# stan_version_major = 2
# stan_version_minor = 36
# stan_version_patch = 0
# model = tmpdfdlzp2m_model
# start_datetime = 2025-06-08 19:30:39 UTC
# method = sample (Default)
#   sample
#     num_samples = 1000 (Default)
#     num_warmup = 1000 (Default)
#     save_warmup = false (Default)
#     thin = 1 (Default)
#     adapt
#       engaged = true (Default)
#       gamma = 0.05 (Default)
#       delta = 0.8 (Default)
#       kappa = 0.75 (Default)
#       t0 = 10 (Default)
#       init_buffer = 75 (Default)
#       term_buffer = 50 (Default)
#       window = 25 (Default)
#       save_metric = false (Default)
#     algorithm = hmc (Default)
#       hmc
#         engine = nuts (Default)
#           nuts
#             max_depth = 10 (Default)
#         metric = diag_e (Default)
#         metric_file =  (Default)
#         stepsize = 1 (Default)
#         stepsize_jitter = 0 (Default)
#     num_chains = 1 (Default)
# id = 3
# data
#   file = /tmp/tmplbyginkk/py0v76xz.json
# init = 2 (Default)
# random
#   seed = 0
# output
#   file = /tmp/tmplbyginkk/multcezcopy0/mult-20250608213039_3.csv
#   diagnostic_file =  (Default)
#   refresh = 100 (Default)
#   sig_figs = -1 (Default)
#   profile_file = profile.csv (Default)
#   save_cmdstan_config = false (Default)
# num_threads = 1 (Default)
# stanc_version = stanc3 v2.36.0
# stancflags = --filename-in-msg=mult.stan
lp__,accept_stat__,stepsize__,treedepth__,n_leapfrog__,divergent__,energy__,beta.1,beta.2,beta.3,sigma.1,sigma.2,sigma.3,gamma.1,gamma.2,gamma.3,phi_inv,y.1.1.1,y.2.1.1,y.3.1.1,y.1.2.1,y.2.2.1,y.3.2.1,y.1.3.1,y.2.3.1,y.3.3.1,y.1.4.1,y.2.4.1,y.3.4.1,y.1.5.1,y.2.5.1,y.3.5.1,y.1.6.1,y.2.6.1,y.3.6.1,y.1.7.1,y.2.7.1,y.3.7.1,y.1.8.1,y.2.8.1,y.3.8.1,y.1.9.1,y.2.9.1,y.3.9.1,y.1.10.1,y.2.10.1,y.3.10.1,y.1.11.1,y.2.11.1,y.3.11.1,y.1.12.1,y.2.12.1,y.3.12.1,y.1.13.1,y.2.13.1,y.3.13.1,y.1.14.1,y.2.14.1,y.3.14.1,y.1.15.1,y.2.15.1,y.3.15.1,y.1.16.1,y.2.16.1,y.3.16.1,y.1.17.1,y.2.17.1,y.3.17.1,y.1.18.1,y.2.18.1,y.3.18.1,y.1.19.1,y.2.19.1,y.3.19.1,y.1.20.1,y.2.20.1,y.3.20.1,y.1.21.1,y.2.21.1,y.3.21.1,y.1.22.1,y.2.22.1,y.3.22.1,y.1.23.1,y.2.23.1,y.3.23.1,y.1.24.1,y.2.24.1,y.3.24.1,y.1.25.1,y.2.25.1,y.3.25.1,y.1.26.1,y.2.26.1,y.3.26.1,y.1.27.1,y.2.27.1,y.3.27.1,y.1.28.1,y.2.28.1,y.3.28.1,y.1.29.1,y.2.29.1,y.3.29.1,y.1.30.1,y.2.30.1,y.3.30.1,y.1.31.1,y.2.31.1,y.3.31.1,y.1.32.1,y.2.32.1,y.3.32.1,y.1.33.1,y.2.33.1,y.3.33.1,y.1.34.1,y.2.34.1,y.3.34.1,y.1.35.1,y.2.35.1,y.3.35.1,y.1.36.1,y.2.36.1,y.3.36.1,y.1.37.1,y.2.37.1,y.3.37.1,y.1.38.1,y.2.38.1,y.3.38.1,y.1.39.1,y.2.39.1,y.3.39.1,y.1.40.1,y.2.40.1,y.3.40.1,y.1.41.1,y.2.41.1,y.3.41.1,y.1.42.1,y.2.42.1,y.3.42.1,y.1.43.1,y.2.43.1,y.3.43.1,y.1.44.1,y.2.44.1,y.3.44.1,y.1.45.1,y.2.45.1,y.3.45.1,y.1.46.1,y.2.46.1,y.3.46.1,y.1.47.1,y.2.47.1,y.3.47.1,y.1.48.1,y.2.48.1,y.3.48.1,y.1.49.1,y.2.49.1,y.3.49.1,y.1.50.1,y.2.50.1,y.3.50.1,y.1.51.1,y.2.51.1,y.3.51.1,y.1.52.1,y.2.52.1,y.3.52.1,y.1.53.1,y.2.53.1,y.3.53.1,y.1.1.2,y.2.1.2,y.3.1.2,y.1.2.2,y.2.2.2,y.3.2.2,y.1.3.2,y.2.3.2,y.3.3.2,y.1.4.2,y.2.4.2,y.3.4.2,y.1.5.2,y.2.5.2,y.3.5.2,y.1.6.2,y.2.6.2,y.3.6.2,y.1.7.2,y.2.7.2,y.3.7.2,y.1.8.2,y.2.8.2,y.3.8.2,y.1.9.2,y.2.9.2,y.3.9.2,y.1.10.2,y.2.10.2,y.3.10.2,y.1.11.2,y.2.11.2,y.3.11.2,y.1.12.2,y.2.12.2,y.3.12.2,y.1.13.2,y.2.13.2,y.3.13.2,y.1.14.2,y.2.14.2,y.3.14.2,y.1.15.2,y.2.15.2,y.3.15.2,y.1.16.2,y.2.16.2,y.3.16.2,y.1.17.2,y.2.17.2,y.3.17.2,y.1.18.2,y.2.18.2,y.3.18.2,y.1.19.2,y.2.19.2,y.3.19.2,y.1.20.2,y.2.20.2,y.3.20.2,y.1.21.2,y.2.21.2,y.3.21.2,y.1.22.2,y.2.22.2,y.3.22.2,y.1.23.2,y.2.23.2,y.3.23.2,y.1.24.2,y.2.24.2,y.3.24.2,y.1.25.2,y.2.25.2,y.3.25.2,y.1.26.2,y.2.26.2,y.3.26.2,y.1.27.2,y.2.27.2,y.3.27.2,y.1.28.2,y.2.28.2,y.3.28.2,y.1.29.2,y.2.29.2,y.3.29.2,y.1.30.2,y.2.30.2,y.3.30.2,y.1.31.2,y.2.31.2,y.3.31.2,y.1.32.2,y.2.32.2,y.3.32.2,y.1.33.2,y.2.33.2,y.3.33.2,y.1.34.2,y.2.34.2,y.3.34.2,y.1.35.2,y.2.35.2,y.3.35.2,y.1.36.2,y.2.36.2,y.3.36.2,y.1.37.2,y.2.37.2,y.3.37.2,y.1.38.2,y.2.38.2,y.3.38.2,y.1.39.2,y.2.39.2,y.3.39.2,y.1.40.2,y.2.40.2,y.3.40.2,y.1.41.2,y.2.41.2,y.3.41.2,y.1.42.2,y.2.42.2,y.3.42.2,y.1.43.2,y.2.43.2,y.3.43.2,y.1.44.2,y.2.44.2,y.3.44.2,y.1.45.2,y.2.45.2,y.3.45.2,y.1.46.2,y.2.46.2,y.3.46.2,y.1.47.2,y.2.47.2,y.3.47.2,y.1.48.2,y.2.48.2,y.3.48.2,y.1.49.2,y.2.49.2,y.3.49.2,y.1.50.2,y.2.50.2,y.3.50.2,y.1.51.2,y.2.51.2,y.3.51.2,y.1.52.2,y.2.52.2,y.3.52.2,y.1.53.2,y.2.53.2,y.3.53.2,y.1.1.3,y.2.1.3,y.3.1.3,y.1.2.3,y.2.2.3,y.3.2.3,y.1.3.3,y.2.3.3,y.3.3.3,y.1.4.3,y.2.4.3,y.3.4.3,y.1.5.3,y.2.5.3,y.3.5.3,y.1.6.3,y.2.6.3,y.3.6.3,y.1.7.3,y.2.7.3,y.3.7.3,y.1.8.3,y.2.8.3,y.3.8.3,y.1.9.3,y.2.9.3,y.3.9.3,y.1.10.3,y.2.10.3,y.3.10.3,y.1.11.3,y.2.11.3,y.3.11.3,y.1.12.3,y.2.12.3,y.3.12.3,y.1.13.3,y.2.13.3,y.3.13.3,y.1.14.3,y.2.14.3,y.3.14.3,y.1.15.3,y.2.15.3,y.3.15.3,y.1.16.3,y.2.16.3,y.3.16.3,y.1.17.3,y.2.17.3,y.3.17.3,y.1.18.3,y.2.18.3,y.3.18.3,y.1.19.3,y.2.19.3,y.3.19.3,y.1.20.3,y.2.20.3,y.3.20.3,y.1.21.3,y.2.21.3,y.3.21.3,y.1.22.3,y.2.22.3,y.3.22.3,y.1.23.3,y.2.23.3,y.3.23.3,y.1.24.3,y.2.24.3,y.3.24.3,y.1.25.3,y.2.25.3,y.3.25.3,y.1.26.3,y.2.26.3,y.3.26.3,y.1.27.3,y.2.27.3,y.3.27.3,y.1.28.3,y.2.28.3,y.3.28.3,y.1.29.3,y.2.29.3,y.3.29.3,y.1.30.3,y.2.30.3,y.3.30.3,y.1.31.3,y.2.31.3,y.3.31.3,y.1.32.3,y.2.32.3,y.3.32.3,y.1.33.3,y.2.33.3,y.3.33.3,y.1.34.3,y.2.34.3,y.3.34.3,y.1.35.3,y.2.35.3,y.3.35.3,y.1.36.3,y.2.36.3,y.3.36.3,y.1.37.3,y.2.37.3,y.3.37.3,y.1.38.3,y.2.38.3,y.3.38.3,y.1.39.3,y.2.39.3,y.3.39.3,y.1.40.3,y.2.40.3,y.3.40.3,y.1.41.3,y.2.41.3,y.3.41.3,y.1.42.3,y.2.42.3,y.3.42.3,y.1.43.3,y.2.43.3,y.3.43.3,y.1.44.3,y.2.44.3,y.3.44.3,y.1.45.3,y.2.45.3,y.3.45.3,y.1.46.3,y.2.46.3,y.3.46.3,y.1.47.3,y.2.47.3,y.3.47.3,y.1.48.3,y.2.48.3,y.3.48.3,y.1.49.3,y.2.49.3,y.3.49.3,y.1.50.3,y.2.50.3,y.3.50.3,y.1.51.3,y.2.51.3,y.3.51.3,y.1.52.3,y.2.52.3,y.3.52.3,y.1.53.3,y.2.53.3,y.3.53.3,y.1.1.4,y.2.1.4,y.3.1.4,y.1.2.4,y.2.2.4,y.3.2.4,y.1.3.4,y.2.3.4,y.3.3.4,y.1.4.4,y.2.4.4,y.3.4.4,y.1.5.4,y.2.5.4,y.3.5.4,y.1.6.4,y.2.6.4,y.3.6.4,y.1.7.4,y.2.7.4,y.3.7.4,y.1.8.4,y.2.8.4,y.3.8.4,y.1.9.4,y.2.9.4,y.3.9.4,y.1.10.4,y.2.10.4,y.3.10.4,y.1.11.4,y.2.11.4,y.3.11.4,y.1.12.4,y.2.12.4,y.3.12.4,y.1.13.4,y.2.13.4,y.3.13.4,y.1.14.4,y.2.14.4,y.3.14.4,y.1.15.4,y.2.15.4,y.3.15.4,y.1.16.4,y.2.16.4,y.3.16.4,y.1.17.4,y.2.17.4,y.3.17.4,y.1.18.4,y.2.18.4,y.3.18.4,y.1.19.4,y.2.19.4,y.3.19.4,y.1.20.4,y.2.20.4,y.3.20.4,y.1.21.4,y.2.21.4,y.3.21.4,y.1.22.4,y.2.22.4,y.3.22.4,y.1.23.4,y.2.23.4,y.3.23.4,y.1.24.4,y.2.24.4,y.3.24.4,y.1.25.4,y.2.25.4,y.3.25.4,y.1.26.4,y.2.26.4,y.3.26.4,y.1.27.4,y.2.27.4,y.3.27.4,y.1.28.4,y.2.28.4,y.3.28.4,y.1.29.4,y.2.29.4,y.3.29.4,y.1.30.4,y.2.30.4,y.3.30.4,y.1.31.4,y.2.31.4,y.3.31.4,y.1.32.4,y.2.32.4,y.3.32.4,y.1.33.4,y.2.33.4,y.3.33.4,y.1.34.4,y.2.34.4,y.3.34.4,y.1.35.4,y.2.35.4,y.3.35.4,y.1.36.4,y.2.36.4,y.3.36.4,y.1.37.4,y.2.37.4,y.3.37.4,y.1.38.4,y.2.38.4,y.3.38.4,y.1.39.4,y.2.39.4,y.3.39.4,y.1.40.4,y.2.40.4,y.3.40.4,y.1.41.4,y.2.41.4,y.3.41.4,y.1.42.4,y.2.42.4,y.3.42.4,y.1.43.4,y.2.43.4,y.3.43.4,y.1.44.4,y.2.44.4,y.3.44.4,y.1.45.4,y.2.45.4,y.3.45.4,y.1.46.4,y.2.46.4,y.3.46.4,y.1.47.4,y.2.47.4,y.3.47.4,y.1.48.4,y.2.48.4,y.3.48.4,y.1.49.4,y.2.49.4,y.3.49.4,y.1.50.4,y.2.50.4,y.3.50.4,y.1.51.4,y.2.51.4,y.3.51.4,y.1.52.4,y.2.52.4,y.3.52.4,y.1.53.4,y.2.53.4,y.3.53.4,y.1.1.5,y.2.1.5,y.3.1.5,y.1.2.5,y.2.2.5,y.3.2.5,y.1.3.5,y.2.3.5,y.3.3.5,y.1.4.5,y.2.4.5,y.3.4.5,y.1.5.5,y.2.5.5,y.3.5.5,y.1.6.5,y.2.6.5,y.3.6.5,y.1.7.5,y.2.7.5,y.3.7.5,y.1.8.5,y.2.8.5,y.3.8.5,y.1.9.5,y.2.9.5,y.3.9.5,y.1.10.5,y.2.10.5,y.3.10.5,y.1.11.5,y.2.11.5,y.3.11.5,y.1.12.5,y.2.12.5,y.3.12.5,y.1.13.5,y.2.13.5,y.3.13.5,y.1.14.5,y.2.14.5,y.3.14.5,y.1.15.5,y.2.15.5,y.3.15.5,y.1.16.5,y.2.16.5,y.3.16.5,y.1.17.5,y.2.17.5,y.3.17.5,y.1.18.5,y.2.18.5,y.3.18.5,y.1.19.5,y.2.19.5,y.3.19.5,y.1.20.5,y.2.20.5,y.3.20.5,y.1.21.5,y.2.21.5,y.3.21.5,y.1.22.5,y.2.22.5,y.3.22.5,y.1.23.5,y.2.23.5,y.3.23.5,y.1.24.5,y.2.24.5,y.3.24.5,y.1.25.5,y.2.25.5,y.3.25.5,y.1.26.5,y.2.26.5,y.3.26.5,y.1.27.5,y.2.27.5,y.3.27.5,y.1.28.5,y.2.28.5,y.3.28.5,y.1.29.5,y.2.29.5,y.3.29.5,y.1.30.5,y.2.30.5,y.3.30.5,y.1.31.5,y.2.31.5,y.3.31.5,y.1.32.5,y.2.32.5,y.3.32.5,y.1.33.5,y.2.33.5,y.3.33.5,y.1.34.5,y.2.34.5,y.3.34.5,y.1.35.5,y.2.35.5,y.3.35.5,y.1.36.5,y.2.36.5,y.3.36.5,y.1.37.5,y.2.37.5,y.3.37.5,y.1.38.5,y.2.38.5,y.3.38.5,y.1.39.5,y.2.39.5,y.3.39.5,y.1.40.5,y.2.40.5,y.3.40.5,y.1.41.5,y.2.41.5,y.3.41.5,y.1.42.5,y.2.42.5,y.3.42.5,y.1.43.5,y.2.43.5,y.3.43.5,y.1.44.5,y.2.44.5,y.3.44.5,y.1.45.5,y.2.45.5,y.3.45.5,y.1.46.5,y.2.46.5,y.3.46.5,y.1.47.5,y.2.47.5,y.3.47.5,y.1.48.5,y.2.48.5,y.3.48.5,y.1.49.5,y.2.49.5,y.3.49.5,y.1.50.5,y.2.50.5,y.3.50.5,y.1.51.5,y.2.51.5,y.3.51.5,y.1.52.5,y.2.52.5,y.3.52.5,y.1.53.5,y.2.53.5,y.3.53.5,weekly_incidence.1.1,weekly_incidence.2.1,weekly_incidence.3.1,weekly_incidence.1.2,weekly_incidence.2.2,weekly_incidence.3.2,weekly_incidence.1.3,weekly_incidence.2.3,weekly_incidence.3.3,weekly_incidence.1.4,weekly_incidence.2.4,weekly_incidence.3.4,weekly_incidence.1.5,weekly_incidence.2.5,weekly_incidence.3.5,weekly_incidence.1.6,weekly_incidence.2.6,weekly_incidence.3.6,weekly_incidence.1.7,weekly_incidence.2.7,weekly_incidence.3.7,weekly_incidence.1.8,weekly_incidence.2.8,weekly_incidence.3.8,weekly_incidence.1.9,weekly_incidence.2.9,weekly_incidence.3.9,weekly_incidence.1.10,weekly_incidence.2.10,weekly_incidence.3.10,weekly_incidence.1.11,weekly_incidence.2.11,weekly_incidence.3.11,weekly_incidence.1.12,weekly_incidence.2.12,weekly_incidence.3.12,weekly_incidence.1.13,weekly_incidence.2.13,weekly_incidence.3.13,weekly_incidence.1.14,weekly_incidence.2.14,weekly_incidence.3.14,weekly_incidence.1.15,weekly_incidence.2.15,weekly_incidence.3.15,weekly_incidence.1.16,weekly_incidence.2.16,weekly_incidence.3.16,weekly_incidence.1.17,weekly_incidence.2.17,weekly_incidence.3.17,weekly_incidence.1.18,weekly_incidence.2.18,weekly_incidence.3.18,weekly_incidence.1.19,weekly_incidence.2.19,weekly_incidence.3.19,weekly_incidence.1.20,weekly_incidence.2.20,weekly_incidence.3.20,weekly_incidence.1.21,weekly_incidence.2.21,weekly_incidence.3.21,weekly_incidence.1.22,weekly_incidence.2.22,weekly_incidence.3.22,weekly_incidence.1.23,weekly_incidence.2.23,weekly_incidence.3.23,weekly_incidence.1.24,weekly_incidence.2.24,weekly_incidence.3.24,weekly_incidence.1.25,weekly_incidence.2.25,weekly_incidence.3.25,weekly_incidence.1.26,weekly_incidence.2.26,weekly_incidence.3.26,weekly_incidence.1.27,weekly_incidence.2.27,weekly_incidence.3.27,weekly_incidence.1.28,weekly_incidence.2.28,weekly_incidence.3.28,weekly_incidence.1.29,weekly_incidence.2.29,weekly_incidence.3.29,weekly_incidence.1.30,weekly_incidence.2.30,weekly_incidence.3.30,weekly_incidence.1.31,weekly_incidence.2.31,weekly_incidence.3.31,weekly_incidence.1.32,weekly_incidence.2.32,weekly_incidence.3.32,weekly_incidence.1.33,weekly_incidence.2.33,weekly_incidence.3.33,weekly_incidence.1.34,weekly_incidence.2.34,weekly_incidence.3.34,weekly_incidence.1.35,weekly_incidence.2.35,weekly_incidence.3.35,weekly_incidence.1.36,weekly_incidence.2.36,weekly_incidence.3.36,weekly_incidence.1.37,weekly_incidence.2.37,weekly_incidence.3.37,weekly_incidence.1.38,weekly_incidence.2.38,weekly_incidence.3.38,weekly_incidence.1.39,weekly_incidence.2.39,weekly_incidence.3.39,weekly_incidence.1.40,weekly_incidence.2.40,weekly_incidence.3.40,weekly_incidence.1.41,weekly_incidence.2.41,weekly_incidence.3.41,weekly_incidence.1.42,weekly_incidence.2.42,weekly_incidence.3.42,weekly_incidence.1.43,weekly_incidence.2.43,weekly_incidence.3.43,weekly_incidence.1.44,weekly_incidence.2.44,weekly_incidence.3.44,weekly_incidence.1.45,weekly_incidence.2.45,weekly_incidence.3.45,weekly_incidence.1.46,weekly_incidence.2.46,weekly_incidence.3.46,weekly_incidence.1.47,weekly_incidence.2.47,weekly_incidence.3.47,weekly_incidence.1.48,weekly_incidence.2.48,weekly_incidence.3.48,weekly_incidence.1.49,weekly_incidence.2.49,weekly_incidence.3.49,weekly_incidence.1.50,weekly_incidence.2.50,weekly_incidence.3.50,weekly_incidence.1.51,weekly_incidence.2.51,weekly_incidence.3.51,weekly_incidence.1.52,weekly_incidence.2.52,weekly_incidence.3.52,weekly_incidence.1.53,weekly_incidence.2.53,weekly_incidence.3.53,adjusted_incidence.1.1,adjusted_incidence.2.1,adjusted_incidence.3.1,adjusted_incidence.1.2,adjusted_incidence.2.2,adjusted_incidence.3.2,adjusted_incidence.1.3,adjusted_incidence.2.3,adjusted_incidence.3.3,adjusted_incidence.1.4,adjusted_incidence.2.4,adjusted_incidence.3.4,adjusted_incidence.1.5,adjusted_incidence.2.5,adjusted_incidence.3.5,adjusted_incidence.1.6,adjusted_incidence.2.6,adjusted_incidence.3.6,adjusted_incidence.1.7,adjusted_incidence.2.7,adjusted_incidence.3.7,adjusted_incidence.1.8,adjusted_incidence.2.8,adjusted_incidence.3.8,adjusted_incidence.1.9,adjusted_incidence.2.9,adjusted_incidence.3.9,adjusted_incidence.1.10,adjusted_incidence.2.10,adjusted_incidence.3.10,adjusted_incidence.1.11,adjusted_incidence.2.11,adjusted_incidence.3.11,adjusted_incidence.1.12,adjusted_incidence.2.12,adjusted_incidence.3.12,adjusted_incidence.1.13,adjusted_incidence.2.13,adjusted_incidence.3.13,adjusted_incidence.1.14,adjusted_incidence.2.14,adjusted_incidence.3.14,adjusted_incidence.1.15,adjusted_incidence.2.15,adjusted_incidence.3.15,adjusted_incidence.1.16,adjusted_incidence.2.16,adjusted_incidence.3.16,adjusted_incidence.1.17,adjusted_incidence.2.17,adjusted_incidence.3.17,adjusted_incidence.1.18,adjusted_incidence.2.18,adjusted_incidence.3.18,adjusted_incidence.1.19,adjusted_incidence.2.19,adjusted_incidence.3.19,adjusted_incidence.1.20,adjusted_incidence.2.20,adjusted_incidence.3.20,adjusted_incidence.1.21,adjusted_incidence.2.21,adjusted_incidence.3.21,adjusted_incidence.1.22,adjusted_incidence.2.22,adjusted_incidence.3.22,adjusted_incidence.1.23,adjusted_incidence.2.23,adjusted_incidence.3.23,adjusted_incidence.1.24,adjusted_incidence.2.24,adjusted_incidence.3.24,adjusted_incidence.1.25,adjusted_incidence.2.25,adjusted_incidence.3.25,adjusted_incidence.1.26,adjusted_incidence.2.26,adjusted_incidence.3.26,adjusted_incidence.1.27,adjusted_incidence.2.27,adjusted_incidence.3.27,adjusted_incidence.1.28,adjusted_incidence.2.28,adjusted_incidence.3.28,adjusted_incidence.1.29,adjusted_incidence.2.29,adjusted_incidence.3.29,adjusted_incidence.1.30,adjusted_incidence.2.30,adjusted_incidence.3.30,adjusted_incidence.1.31,adjusted_incidence.2.31,adjusted_incidence.3.31,adjusted_incidence.1.32,adjusted_incidence.2.32,adjusted_incidence.3.32,adjusted_incidence.1.33,adjusted_incidence.2.33,adjusted_incidence.3.33,adjusted_incidence.1.34,adjusted_incidence.2.34,adjusted_incidence.3.34,adjusted_incidence.1.35,adjusted_incidence.2.35,adjusted_incidence.3.35,adjusted_incidence.1.36,adjusted_incidence.2.36,adjusted_incidence.3.36,adjusted_incidence.1.37,adjusted_incidence.2.37,adjusted_incidence.3.37,adjusted_incidence.1.38,adjusted_incidence.2.38,adjusted_incidence.3.38,adjusted_incidence.1.39,adjusted_incidence.2.39,adjusted_incidence.3.39,adjusted_incidence.1.40,adjusted_incidence.2.40,adjusted_incidence.3.40,adjusted_incidence.1.41,adjusted_incidence.2.41,adjusted_incidence.3.41,adjusted_incidence.1.42,adjusted_incidence.2.42,adjusted_incidence.3.42,adjusted_incidence.1.43,adjusted_incidence.2.43,adjusted_incidence.3.43,adjusted_incidence.1.44,adjusted_incidence.2.44,adjusted_incidence.3.44,adjusted_incidence.1.45,adjusted_incidence.2.45,adjusted_incidence.3.45,adjusted_incidence.1.46,adjusted_incidence.2.46,adjusted_incidence.3.46,adjusted_incidence.1.47,adjusted_incidence.2.47,adjusted_incidence.3.47,adjusted_incidence.1.48,adjusted_incidence.2.48,adjusted_incidence.3.48,adjusted_incidence.1.49,adjusted_incidence.2.49,adjusted_incidence.3.49,adjusted_incidence.1.50,adjusted_incidence.2.50,adjusted_incidence.3.50,adjusted_incidence.1.51,adjusted_incidence.2.51,adjusted_incidence.3.51,adjusted_incidence.1.52,adjusted_incidence.2.52,adjusted_incidence.3.52,adjusted_incidence.1.53,adjusted_incidence.2.53,adjusted_incidence.3.53,phi,R0.1,R0.2,R0.3,recovery_time.1,recovery_time.2,recovery_time.3,incubation_period.1,incubation_period.2,incubation_period.3,pred_incidence.1.1,pred_incidence.2.1,pred_incidence.3.1,pred_incidence.1.2,pred_incidence.2.2,pred_incidence.3.2,pred_incidence.1.3,pred_incidence.2.3,pred_incidence.3.3,pred_incidence.1.4,pred_incidence.2.4,pred_incidence.3.4,pred_incidence.1.5,pred_incidence.2.5,pred_incidence.3.5,pred_incidence.1.6,pred_incidence.2.6,pred_incidence.3.6,pred_incidence.1.7,pred_incidence.2.7,pred_incidence.3.7,pred_incidence.1.8,pred_incidence.2.8,pred_incidence.3.8,pred_incidence.1.9,pred_incidence.2.9,pred_incidence.3.9,pred_incidence.1.10,pred_incidence.2.10,pred_incidence.3.10,pred_incidence.1.11,pred_incidence.2.11,pred_incidence.3.11,pred_incidence.1.12,pred_incidence.2.12,pred_incidence.3.12,pred_incidence.1.13,pred_incidence.2.13,pred_incidence.3.13,pred_incidence.1.14,pred_incidence.2.14,pred_incidence.3.14,pred_incidence.1.15,pred_incidence.2.15,pred_incidence.3.15,pred_incidence.1.16,pred_incidence.2.16,pred_incidence.3.16,pred_incidence.1.17,pred_incidence.2.17,pred_incidence.3.17,pred_incidence.1.18,pred_incidence.2.18,pred_incidence.3.18,pred_incidence.1.19,pred_incidence.2.19,pred_incidence.3.19,pred_incidence.1.20,pred_incidence.2.20,pred_incidence.3.20,pred_incidence.1.21,pred_incidence.2.21,pred_incidence.3.21,pred_incidence.1.22,pred_incidence.2.22,pred_incidence.3.22,pred_incidence.1.23,pred_incidence.2.23,pred_incidence.3.23,pred_incidence.1.24,pred_incidence.2.24,pred_incidence.3.24,pred_incidence.1.25,pred_incidence.2.25,pred_incidence.3.25,pred_incidence.1.26,pred_incidence.2.26,pred_incidence.3.26,pred_incidence.1.27,pred_incidence.2.27,pred_incidence.3.27,pred_incidence.1.28,pred_incidence.2.28,pred_incidence.3.28,pred_incidence.1.29,pred_incidence.2.29,pred_incidence.3.29,pred_incidence.1.30,pred_incidence.2.30,pred_incidence.3.30,pred_incidence.1.31,pred_incidence.2.31,pred_incidence.3.31,pred_incidence.1.32,pred_incidence.2.32,pred_incidence.3.32,pred_incidence.1.33,pred_incidence.2.33,pred_incidence.3.33,pred_incidence.1.34,pred_incidence.2.34,pred_incidence.3.34,pred_incidence.1.35,pred_incidence.2.35,pred_incidence.3.35,pred_incidence.1.36,pred_incidence.2.36,pred_incidence.3.36,pred_incidence.1.37,pred_incidence.2.37,pred_incidence.3.37,pred_incidence.1.38,pred_incidence.2.38,pred_incidence.3.38,pred_incidence.1.39,pred_incidence.2.39,pred_incidence.3.39,pred_incidence.1.40,pred_incidence.2.40,pred_incidence.3.40,pred_incidence.1.41,pred_incidence.2.41,pred_incidence.3.41,pred_incidence.1.42,pred_incidence.2.42,pred_incidence.3.42,pred_incidence.1.43,pred_incidence.2.43,pred_incidence.3.43,pred_incidence.1.44,pred_incidence.2.44,pred_incidence.3.44,pred_incidence.1.45,pred_incidence.2.45,pred_incidence.3.45,pred_incidence.1.46,pred_incidence.2.46,pred_incidence.3.46,pred_incidence.1.47,pred_incidence.2.47,pred_incidence.3.47,pred_incidence.1.48,pred_incidence.2.48,pred_incidence.3.48,pred_incidence.1.49,pred_incidence.2.49,pred_incidence.3.49,pred_incidence.1.50,pred_incidence.2.50,pred_incidence.3.50,pred_incidence.1.51,pred_incidence.2.51,pred_incidence.3.51,pred_incidence.1.52,pred_incidence.2.52,pred_incidence.3.52,pred_incidence.1.53,pred_incidence.2.53,pred_incidence.3.53
# Adaptation terminated
# Step size = 8.88811e-15
# Diagonal elements of inverse mass matrix:
# 9.90099e-06, 9.90099e-06, 9.90099e-06, 9.90099e-06, 9.90099e-06, 9.90099e-06, 9.90099e-06, 9.90099e-06, 9.90099e-06, 9.90099e-06
-1.05176e+08,1.48641e-52,8.88811e-15,10,1023,0,1.05176e+08,0.528882,1.08665,0.389689,0.145397,0.379329,3.24381,0.161596,0.446195,1.77396,0.159177,1.15e+07,4.49998e+06,6.79999e+06,1.15e+07,4.49997e+06,6.79999e+06,1.15e+07,4.49996e+06,6.79999e+06,1.15e+07,4.49995e+06,6.79999e+06,1.14999e+07,4.49993e+06,6.79999e+06,1.14999e+07,4.49991e+06,6.79999e+06,1.14999e+07,4.49989e+06,6.79999e+06,1.14999e+07,4.49986e+06,6.79999e+06,1.14999e+07,4.49982e+06,6.79999e+06,1.14999e+07,4.49977e+06,6.79999e+06,1.14999e+07,4.49971e+06,6.79999e+06,1.14999e+07,4.49963e+06,6.79999e+06,1.14998e+07,4.49953e+06,6.79999e+06,1.14998e+07,4.49941e+06,6.79999e+06,1.14998e+07,4.49926e+06,6.79999e+06,1.14998e+07,4.49906e+06,6.79999e+06,1.14997e+07,4.49882e+06,6.79999e+06,1.14997e+07,4.49851e+06,6.79999e+06,1.14997e+07,4.49812e+06,6.79999e+06,1.14996e+07,4.49764e+06,6.79999e+06,1.14996e+07,4.49702e+06,6.79999e+06,1.14995e+07,4.49625e+06,6.79999e+06,1.14995e+07,4.49528e+06,6.79999e+06,1.14994e+07,4.49406e+06,6.79999e+06,1.14993e+07,4.49253e+06,6.79999e+06,1.14992e+07,4.49059e+06,6.79999e+06,1.14991e+07,4.48817e+06,6.79999e+06,1.1499e+07,4.48511e+06,6.79999e+06,1.14988e+07,4.48128e+06,6.79999e+06,1.14987e+07,4.47646e+06,6.79999e+06,1.14985e+07,4.47041e+06,6.79999e+06,1.14983e+07,4.46281e+06,6.79999e+06,1.14981e+07,4.4533e+06,6.79999e+06,1.14979e+07,4.44138e+06,6.79999e+06,1.14976e+07,4.42649e+06,6.79999e+06,1.14972e+07,4.40789e+06,6.79999e+06,1.14969e+07,4.38471e+06,6.79999e+06,1.14965e+07,4.35592e+06,6.79999e+06,1.1496e+07,4.32027e+06,6.79999e+06,1.14955e+07,4.27629e+06,6.79999e+06,1.14949e+07,4.22231e+06,6.79999e+06,1.14942e+07,4.15647e+06,6.79999e+06,1.14934e+07,4.07676e+06,6.79999e+06,1.14926e+07,3.98112e+06,6.79999e+06,1.14916e+07,3.86765e+06,6.79999e+06,1.14905e+07,3.73474e+06,6.79999e+06,1.14892e+07,3.58148e+06,6.79999e+06,1.14878e+07,3.40785e+06,6.79999e+06,1.14862e+07,3.21513e+06,6.79999e+06,1.14844e+07,3.00605e+06,6.79999e+06,1.14823e+07,2.7848e+06,6.79999e+06,1.148e+07,2.5568e+06,6.79999e+06,1.14773e+07,2.32825e+06,6.79999e+06,13.5742,8.52444,0.508366,16.8306,13.2585,0.162638,20.0035,17.569,0.0507846,23.2616,22.4214,0.0158319,26.7328,28.3297,0.00493498,30.5212,35.6974,0.00153831,34.7178,44.9473,0.000479527,39.4086,56.5822,0.000149456,44.6796,71.2245,4.66214e-05,50.6209,89.6543,1.45419e-05,57.3297,112.852,4.54748e-06,64.9129,142.051,1.43857e-06,73.4897,178.803,4.36618e-07,83.1934,225.062,1.40153e-07,94.1745,283.286,4.96378e-08,106.602,356.568,1.05434e-07,120.669,448.799,-6.49244e-08,136.59,564.873,1.70148e-07,154.611,710.948,-5.34594e-08,175.008,894.767,1.63407e-07,198.097,1126.06,8.04804e-08,224.231,1417.07,1.14667e-07,253.813,1783.15,-1.71227e-07,287.297,2243.62,-2.88466e-07,325.198,2822.67,-4.33651e-07,368.098,3550.67,7.9318e-08,416.657,4465.65,3.13319e-07,471.621,5615.16,3.4613e-07,533.835,7058.61,-1.19199e-07,604.255,8870.02,-2.79964e-07,683.962,11141.4,-2.30521e-07,774.182,13986.7,-2.55099e-07,876.299,17546.4,1.23585e-07,991.883,21993.1,1.41192e-07,1122.71,27536.7,-9.71886e-08,1270.78,34430.7,-3.68368e-07,1438.38,42977.7,-3.45379e-07,1628.07,53532.7,-3.25328e-09,1842.77,66504.6,2.6362e-07,2085.77,82350.2,2.53445e-07,2360.79,101560,-2.47407e-08,2672.05,124632,-3.80602e-07,3024.31,152018,-4.79005e-07,3422.98,184060,-1.14379e-07,3874.15,220884,2.64297e-07,4384.72,262283,3.44131e-07,4962.49,307576,7.5349e-08,5616.29,355497,-3.63097e-07,6356.1,404126,-6.05442e-07,7193.18,450932,-2.72333e-07,8140.28,492963,2.29675e-07,9211.79,527178,4.3387e-07,10424,550893,-1.0711e-07,10.102,8.06553,2.81012,10.6436,8.57909,0.869423,11.5336,10.2515,0.270869,12.7211,12.7138,0.0844293,14.1823,15.9373,0.0263173,15.9122,20.0383,0.0082035,17.9198,25.2154,0.00255722,20.2244,31.7373,0.000797017,22.8539,39.9486,0.000248622,25.8438,50.2851,7.75492e-05,29.237,63.2963,2.42508e-05,33.0837,79.6738,7.67162e-06,37.4415,100.288,2.32837e-06,42.3767,126.236,7.33e-07,47.9646,158.896,2.79256e-07,54.2906,200.003,9.87351e-09,61.452,251.741,1.61085e-07,69.5585,316.859,-2.47141e-07,78.7347,398.812,8.93552e-08,89.1218,501.948,-2.53231e-07,100.879,631.736,-1.25047e-07,114.188,795.049,-1.78808e-07,129.252,1000.53,2.6733e-07,146.304,1259.03,4.50292e-07,165.605,1584.19,6.76904e-07,187.452,1993.12,-1.23808e-07,212.181,2507.27,-4.89068e-07,240.173,3153.54,-5.40284e-07,271.856,3965.56,1.86061e-07,307.719,4985.38,4.37004e-07,348.313,6265.4,3.59828e-07,394.26,7870.83,3.98192e-07,446.268,9882.51,-1.92908e-07,505.135,12400.3,-2.20392e-07,571.766,15546.9,1.51705e-07,647.184,19472.2,5.74996e-07,732.547,24357.4,5.39112e-07,829.167,30420,5.07815e-09,938.526,37916.3,-4.11492e-07,1062.3,47143.9,-3.9561e-07,1202.4,58439.2,3.86185e-08,1360.96,72169.3,5.94093e-07,1540.42,88715.8,7.47693e-07,1743.53,108445,1.78537e-07,1973.41,131665,-4.12549e-07,2233.57,158557,-5.37164e-07,2528,189103,-1.17615e-07,2861.2,222986,5.66769e-07,3238.27,259510,9.45053e-07,3664.97,297540,4.25093e-07,4147.81,335497,-3.58506e-07,4694.17,371444,-6.7724e-07,5312.37,403256,1.67192e-07,1.61744,3.89446,9.84394,3.28846,7.5504,12.774,5.07607,11.7187,13.6844,7.03202,16.8147,13.9681,9.20215,23.1769,14.0566,11.6301,31.1672,14.0841,14.3598,41.2186,14.0927,17.4376,53.8688,14.0954,20.9137,69.7915,14.0962,24.8432,89.8341,14.0965,29.2879,115.063,14.0966,34.3168,146.819,14.0966,40.0078,186.792,14.0966,46.4487,237.107,14.0966,53.7388,300.44,14.0966,61.9903,380.158,14.0966,71.3301,480.499,14.0966,81.902,606.796,14.0966,93.8685,765.761,14.0966,107.414,965.837,14.0966,122.746,1217.65,14.0966,140.101,1534.57,14.0966,159.745,1933.41,14.0966,181.981,2435.3,14.0966,207.15,3066.85,14.0966,235.64,3861.46,14.0966,267.889,4861.11,14.0966,304.391,6118.54,14.0966,345.709,7699.91,14.0966,392.478,9688.22,14.0966,445.417,12187.5,14.0966,505.339,15327.7,14.0966,573.165,19271.6,14.0966,649.938,24222,14.0966,736.839,30430.9,14.0966,835.202,38211.5,14.0966,946.539,47950.3,14.0966,1072.56,60122.8,14.0966,1215.21,75309.9,14.0966,1376.66,94216.2,14.0966,1559.41,117688,14.0966,1766.26,146729,14.0966,2000.39,182510,14.0966,2265.39,226372,14.0966,2565.33,279806,14.0966,2904.81,344416,14.0966,3289.05,421845,14.0966,3723.93,513667,14.0966,4216.13,621231,14.0966,4773.18,745478,14.0966,5403.64,886744,14.0966,6117.15,1.04457e+06,14.0966,6924.63,1.2176e+06,14.0966,11.7194,11.96,12.6541,13.9321,16.1295,13.6434,16.6097,21.9702,13.9553,19.7532,29.5285,14.0526,23.3844,39.1143,14.0829,27.5423,51.2054,14.0923,32.2796,66.434,14.0953,37.662,85.6061,14.0962,43.7675,109.74,14.0965,50.687,140.119,14.0966,58.5249,178.359,14.0966,67.4005,226.493,14.0966,77.4493,287.08,14.0966,88.8254,363.343,14.0966,101.703,459.336,14.0966,116.281,580.161,14.0966,132.782,732.241,14.0966,151.46,923.655,14.0966,172.603,1164.57,14.0966,196.535,1467.79,14.0966,223.625,1849.39,14.0966,254.288,2329.62,14.0966,288.997,2933.93,14.0966,328.285,3694.33,14.0966,372.755,4651.04,14.0966,423.092,5854.57,14.0966,480.07,7368.38,14.0966,544.564,9272.08,14.0966,617.566,11665.5,14.0966,700.197,14673.6,14.0966,793.729,18452.9,14.0966,899.599,23198.6,14.0966,1019.43,29154.1,14.0966,1155.07,36622.3,14.0966,1308.6,45977.9,14.0966,1482.39,57683.7,14.0966,1679.09,72307.8,14.0966,1901.73,90542.8,14.0966,2153.73,113226,14.0966,2438.97,141360,14.0966,2761.81,176127,14.0966,3127.22,218898,14.0966,3540.81,271226,14.0966,4008.92,334817,14.0966,4538.74,411470,14.0966,5138.38,502973,14.0966,5817.04,610948,14.0966,6585.12,736653,14.0966,7454.39,880741,14.0966,8438.15,1.04302e+06,14.0966,9551.45,1.22224e+06,14.0966,10811.3,1.41602e+06,14.0966,12237,1.62086e+06,14.0966,11.7194,11.96,12.6541,2.21263,4.16949,0.989383,2.67766,5.84076,0.311842,3.14343,7.55825,0.0972771,3.63127,9.58578,0.0303237,4.15787,12.0912,0.00945211,4.73731,15.2286,0.00294633,5.38238,19.1721,0.000918508,6.10553,24.134,0.000286163,6.91951,30.3791,8.92692e-05,7.83792,38.2397,2.78121e-05,8.87555,48.1338,8.65134e-06,10.0489,60.5876,2.7882e-06,11.3761,76.2629,8.29036e-07,12.8779,95.9927,2.4373e-07,14.5775,120.825,4.33068e-09,16.5012,152.08,1.75749e-07,18.6784,191.415,-1.86328e-07,21.1428,240.917,1.91829e-07,23.9322,303.213,-1.81475e-07,27.0895,381.602,7.0186e-08,30.6634,480.231,-2.86769e-08,34.7087,604.316,2.40784e-07,39.2876,760.401,9.87368e-08,44.4705,956.705,1.22263e-07,50.3371,1203.54,-4.31966e-07,56.9776,1513.81,-1.9705e-07,64.494,1903.69,-2.763e-08,73.0018,2393.4,3.9185e-07,82.6317,3008.13,1.35379e-07,93.5318,3779.25,-4.16351e-08,105.869,4745.7,2.06965e-08,119.834,5955.6,-3.18887e-07,135.641,7468.12,-1.48271e-08,153.531,9355.62,2.00739e-07,173.781,11705.8,2.28358e-07,196.701,14624.1,-1.93587e-08,222.642,18235,-2.88101e-07,252.003,22683.4,-2.24732e-07,285.234,28134,8.56806e-09,322.845,34767,2.34258e-07,365.413,42770.9,2.99668e-07,413.588,52327.9,8.28644e-08,468.111,63591.2,-3.07049e-07,529.814,76653.2,-3.1888e-07,599.642,91502.5,-6.72276e-08,678.662,107975,2.26339e-07,768.083,125705,3.69212e-07,869.267,144088,2.04077e-07,983.76,162277,-2.80509e-07,1113.3,179223,-4.22737e-07,1259.87,193777,-1.71951e-07,1425.68,204839,4.55555e-07,11.7194,11.96,12.6541,2.21263,4.16949,0.989383,2.67766,5.84076,0.311842,3.14343,7.55825,0.0972771,3.63127,9.58578,0.0303237,4.15787,12.0912,0.00945211,4.73731,15.2286,0.00294633,5.38238,19.1721,0.000918508,6.10553,24.134,0.000286163,6.91951,30.3791,8.92692e-05,7.83792,38.2397,2.78121e-05,8.87555,48.1338,8.65134e-06,10.0489,60.5876,2.7882e-06,11.3761,76.2629,8.29036e-07,12.8779,95.9927,2.4373e-07,14.5775,120.825,1e-08,16.5012,152.08,1.75749e-07,18.6784,191.415,1e-08,21.1428,240.917,1.91829e-07,23.9322,303.213,1e-08,27.0895,381.602,7.0186e-08,30.6634,480.231,1e-08,34.7087,604.316,2.40784e-07,39.2876,760.401,9.87368e-08,44.4705,956.705,1.22263e-07,50.3371,1203.54,1e-08,56.9776,1513.81,1e-08,64.494,1903.69,1e-08,73.0018,2393.4,3.9185e-07,82.6317,3008.13,1.35379e-07,93.5318,3779.25,1e-08,105.869,4745.7,2.06965e-08,119.834,5955.6,1e-08,135.641,7468.12,1e-08,153.531,9355.62,2.00739e-07,173.781,11705.8,2.28358e-07,196.701,14624.1,1e-08,222.642,18235,1e-08,252.003,22683.4,1e-08,285.234,28134,1e-08,322.845,34767,2.34258e-07,365.413,42770.9,2.99668e-07,413.588,52327.9,8.28644e-08,468.111,63591.2,1e-08,529.814,76653.2,1e-08,599.642,91502.5,1e-08,678.662,107975,2.26339e-07,768.083,125705,3.69212e-07,869.267,144088,2.04077e-07,983.76,162277,1e-08,1113.3,179223,1e-08,1259.87,193777,1e-08,1425.68,204839,4.55555e-07,6.2823,3.27286,2.43537,0.219672,6.18826,2.24117,0.56371,6.87772,2.63624,0.308279,6,20,14,1,3,2,2,8,0,2,7,0,3,12,0,3,4,0,1,10,0,6,39,0,8,15,0,8,48,0,11,76,0,6,33,0,16,31,0,2,82,0,11,53,0,20,55,0,9,170,0,19,268,0,38,357,0,50,253,0,32,218,0,21,595,0,44,202,0,47,655,0,56,1827,0,19,956,0,77,1612,0,20,2058,0,47,1474,0,122,3253,0,73,3566,0,92,5955,0,98,2777,0,153,7805,0,63,6348,0,191,5975,0,311,6196,0,231,17176,0,228,34539,0,269,28795,0,411,32142,0,484,48117,0,293,27276,0,631,28443,0,625,26572,0,295,127100,0,503,78943,0,868,50364,0,726,133942,0,1256,169242,0,982,132029,0,2258,77449,0,1552,154524,0
-1.05176e+08,3.03692e-61,8.88811e-15,10,1023,0,1.05176e+08,0.528882,1.08665,0.389689,0.145397,0.379329,3.24381,0.161596,0.446195,1.77396,0.159177,1.15e+07,4.49998e+06,6.79999e+06,1.15e+07,4.49997e+06,6.79999e+06,1.15e+07,4.49996e+06,6.79999e+06,1.15e+07,4.49995e+06,6.79999e+06,1.14999e+07,4.49993e+06,6.79999e+06,1.14999e+07,4.49991e+06,6.79999e+06,1.14999e+07,4.49989e+06,6.79999e+06,1.14999e+07,4.49986e+06,6.79999e+06,1.14999e+07,4.49982e+06,6.79999e+06,1.14999e+07,4.49977e+06,6.79999e+06,1.14999e+07,4.49971e+06,6.79999e+06,1.14999e+07,4.49963e+06,6.79999e+06,1.14998e+07,4.49953e+06,6.79999e+06,1.14998e+07,4.49941e+06,6.79999e+06,1.14998e+07,4.49926e+06,6.79999e+06,1.14998e+07,4.49906e+06,6.79999e+06,1.14997e+07,4.49882e+06,6.79999e+06,1.14997e+07,4.49851e+06,6.79999e+06,1.14997e+07,4.49812e+06,6.79999e+06,1.14996e+07,4.49764e+06,6.79999e+06,1.14996e+07,4.49702e+06,6.79999e+06,1.14995e+07,4.49625e+06,6.79999e+06,1.14995e+07,4.49528e+06,6.79999e+06,1.14994e+07,4.49406e+06,6.79999e+06,1.14993e+07,4.49253e+06,6.79999e+06,1.14992e+07,4.49059e+06,6.79999e+06,1.14991e+07,4.48817e+06,6.79999e+06,1.1499e+07,4.48511e+06,6.79999e+06,1.14988e+07,4.48128e+06,6.79999e+06,1.14987e+07,4.47646e+06,6.79999e+06,1.14985e+07,4.47041e+06,6.79999e+06,1.14983e+07,4.46281e+06,6.79999e+06,1.14981e+07,4.4533e+06,6.79999e+06,1.14979e+07,4.44138e+06,6.79999e+06,1.14976e+07,4.42649e+06,6.79999e+06,1.14972e+07,4.40789e+06,6.79999e+06,1.14969e+07,4.38471e+06,6.79999e+06,1.14965e+07,4.35592e+06,6.79999e+06,1.1496e+07,4.32027e+06,6.79999e+06,1.14955e+07,4.27629e+06,6.79999e+06,1.14949e+07,4.22231e+06,6.79999e+06,1.14942e+07,4.15647e+06,6.79999e+06,1.14934e+07,4.07676e+06,6.79999e+06,1.14926e+07,3.98112e+06,6.79999e+06,1.14916e+07,3.86765e+06,6.79999e+06,1.14905e+07,3.73474e+06,6.79999e+06,1.14892e+07,3.58148e+06,6.79999e+06,1.14878e+07,3.40785e+06,6.79999e+06,1.14862e+07,3.21513e+06,6.79999e+06,1.14844e+07,3.00605e+06,6.79999e+06,1.14823e+07,2.7848e+06,6.79999e+06,1.148e+07,2.5568e+06,6.79999e+06,1.14773e+07,2.32825e+06,6.79999e+06,13.5742,8.52444,0.508366,16.8306,13.2585,0.162638,20.0035,17.569,0.0507846,23.2616,22.4214,0.0158319,26.7328,28.3297,0.00493498,30.5212,35.6974,0.00153831,34.7178,44.9473,0.000479527,39.4086,56.5822,0.000149456,44.6796,71.2245,4.66214e-05,50.6209,89.6543,1.45419e-05,57.3297,112.852,4.54748e-06,64.9129,142.051,1.43857e-06,73.4897,178.803,4.36618e-07,83.1934,225.062,1.40153e-07,94.1745,283.286,4.96378e-08,106.602,356.568,1.05434e-07,120.669,448.799,-6.49244e-08,136.59,564.873,1.70148e-07,154.611,710.948,-5.34594e-08,175.008,894.767,1.63407e-07,198.097,1126.06,8.04804e-08,224.231,1417.07,1.14667e-07,253.813,1783.15,-1.71227e-07,287.297,2243.62,-2.88466e-07,325.198,2822.67,-4.33651e-07,368.098,3550.67,7.9318e-08,416.657,4465.65,3.13319e-07,471.621,5615.16,3.4613e-07,533.835,7058.61,-1.19199e-07,604.255,8870.02,-2.79964e-07,683.962,11141.4,-2.30521e-07,774.182,13986.7,-2.55099e-07,876.299,17546.4,1.23585e-07,991.883,21993.1,1.41192e-07,1122.71,27536.7,-9.71886e-08,1270.78,34430.7,-3.68368e-07,1438.38,42977.7,-3.45379e-07,1628.07,53532.7,-3.25328e-09,1842.77,66504.6,2.6362e-07,2085.77,82350.2,2.53445e-07,2360.79,101560,-2.47407e-08,2672.05,124632,-3.80602e-07,3024.31,152018,-4.79005e-07,3422.98,184060,-1.14379e-07,3874.15,220884,2.64297e-07,4384.72,262283,3.44131e-07,4962.49,307576,7.5349e-08,5616.29,355497,-3.63097e-07,6356.1,404126,-6.05442e-07,7193.18,450932,-2.72333e-07,8140.28,492963,2.29675e-07,9211.79,527178,4.3387e-07,10424,550893,-1.0711e-07,10.102,8.06553,2.81012,10.6436,8.57909,0.869423,11.5336,10.2515,0.270869,12.7211,12.7138,0.0844293,14.1823,15.9373,0.0263173,15.9122,20.0383,0.0082035,17.9198,25.2154,0.00255722,20.2244,31.7373,0.000797017,22.8539,39.9486,0.000248622,25.8438,50.2851,7.75492e-05,29.237,63.2963,2.42508e-05,33.0837,79.6738,7.67162e-06,37.4415,100.288,2.32837e-06,42.3767,126.236,7.33e-07,47.9646,158.896,2.79256e-07,54.2906,200.003,9.87351e-09,61.452,251.741,1.61085e-07,69.5585,316.859,-2.47141e-07,78.7347,398.812,8.93552e-08,89.1218,501.948,-2.53231e-07,100.879,631.736,-1.25047e-07,114.188,795.049,-1.78808e-07,129.252,1000.53,2.6733e-07,146.304,1259.03,4.50292e-07,165.605,1584.19,6.76904e-07,187.452,1993.12,-1.23808e-07,212.181,2507.27,-4.89068e-07,240.173,3153.54,-5.40284e-07,271.856,3965.56,1.86061e-07,307.719,4985.38,4.37004e-07,348.313,6265.4,3.59828e-07,394.26,7870.83,3.98192e-07,446.268,9882.51,-1.92908e-07,505.135,12400.3,-2.20392e-07,571.766,15546.9,1.51705e-07,647.184,19472.2,5.74996e-07,732.547,24357.4,5.39112e-07,829.167,30420,5.07815e-09,938.526,37916.3,-4.11492e-07,1062.3,47143.9,-3.9561e-07,1202.4,58439.2,3.86185e-08,1360.96,72169.3,5.94093e-07,1540.42,88715.8,7.47693e-07,1743.53,108445,1.78537e-07,1973.41,131665,-4.12549e-07,2233.57,158557,-5.37164e-07,2528,189103,-1.17615e-07,2861.2,222986,5.66769e-07,3238.27,259510,9.45053e-07,3664.97,297540,4.25093e-07,4147.81,335497,-3.58506e-07,4694.17,371444,-6.7724e-07,5312.37,403256,1.67192e-07,1.61744,3.89446,9.84394,3.28846,7.5504,12.774,5.07607,11.7187,13.6844,7.03202,16.8147,13.9681,9.20215,23.1769,14.0566,11.6301,31.1672,14.0841,14.3598,41.2186,14.0927,17.4376,53.8688,14.0954,20.9137,69.7915,14.0962,24.8432,89.8341,14.0965,29.2879,115.063,14.0966,34.3168,146.819,14.0966,40.0078,186.792,14.0966,46.4487,237.107,14.0966,53.7388,300.44,14.0966,61.9903,380.158,14.0966,71.3301,480.499,14.0966,81.902,606.796,14.0966,93.8685,765.761,14.0966,107.414,965.837,14.0966,122.746,1217.65,14.0966,140.101,1534.57,14.0966,159.745,1933.41,14.0966,181.981,2435.3,14.0966,207.15,3066.85,14.0966,235.64,3861.46,14.0966,267.889,4861.11,14.0966,304.391,6118.54,14.0966,345.709,7699.91,14.0966,392.478,9688.22,14.0966,445.417,12187.5,14.0966,505.339,15327.7,14.0966,573.165,19271.6,14.0966,649.938,24222,14.0966,736.839,30430.9,14.0966,835.202,38211.5,14.0966,946.539,47950.3,14.0966,1072.56,60122.8,14.0966,1215.21,75309.9,14.0966,1376.66,94216.2,14.0966,1559.41,117688,14.0966,1766.26,146729,14.0966,2000.39,182510,14.0966,2265.39,226372,14.0966,2565.33,279806,14.0966,2904.81,344416,14.0966,3289.05,421845,14.0966,3723.93,513667,14.0966,4216.13,621231,14.0966,4773.18,745478,14.0966,5403.64,886744,14.0966,6117.15,1.04457e+06,14.0966,6924.63,1.2176e+06,14.0966,11.7194,11.96,12.6541,13.9321,16.1295,13.6434,16.6097,21.9702,13.9553,19.7532,29.5285,14.0526,23.3844,39.1143,14.0829,27.5423,51.2054,14.0923,32.2796,66.434,14.0953,37.662,85.6061,14.0962,43.7675,109.74,14.0965,50.687,140.119,14.0966,58.5249,178.359,14.0966,67.4005,226.493,14.0966,77.4493,287.08,14.0966,88.8254,363.343,14.0966,101.703,459.336,14.0966,116.281,580.161,14.0966,132.782,732.241,14.0966,151.46,923.655,14.0966,172.603,1164.57,14.0966,196.535,1467.79,14.0966,223.625,1849.39,14.0966,254.288,2329.62,14.0966,288.997,2933.93,14.0966,328.285,3694.33,14.0966,372.755,4651.04,14.0966,423.092,5854.57,14.0966,480.07,7368.38,14.0966,544.564,9272.08,14.0966,617.566,11665.5,14.0966,700.197,14673.6,14.0966,793.729,18452.9,14.0966,899.599,23198.6,14.0966,1019.43,29154.1,14.0966,1155.07,36622.3,14.0966,1308.6,45977.9,14.0966,1482.39,57683.7,14.0966,1679.09,72307.8,14.0966,1901.73,90542.8,14.0966,2153.73,113226,14.0966,2438.97,141360,14.0966,2761.81,176127,14.0966,3127.22,218898,14.0966,3540.81,271226,14.0966,4008.92,334817,14.0966,4538.74,411470,14.0966,5138.38,502973,14.0966,5817.04,610948,14.0966,6585.12,736653,14.0966,7454.39,880741,14.0966,8438.15,1.04302e+06,14.0966,9551.45,1.22224e+06,14.0966,10811.3,1.41602e+06,14.0966,12237,1.62086e+06,14.0966,11.7194,11.96,12.6541,2.21263,4.16949,0.989383,2.67766,5.84076,0.311842,3.14343,7.55825,0.0972771,3.63127,9.58578,0.0303237,4.15787,12.0912,0.00945211,4.73731,15.2286,0.00294633,5.38238,19.1721,0.000918508,6.10553,24.134,0.000286163,6.91951,30.3791,8.92692e-05,7.83792,38.2397,2.78121e-05,8.87555,48.1338,8.65134e-06,10.0489,60.5876,2.7882e-06,11.3761,76.2629,8.29036e-07,12.8779,95.9927,2.4373e-07,14.5775,120.825,4.33068e-09,16.5012,152.08,1.75749e-07,18.6784,191.415,-1.86328e-07,21.1428,240.917,1.91829e-07,23.9322,303.213,-1.81475e-07,27.0895,381.602,7.0186e-08,30.6634,480.231,-2.86769e-08,34.7087,604.316,2.40784e-07,39.2876,760.401,9.87368e-08,44.4705,956.705,1.22263e-07,50.3371,1203.54,-4.31966e-07,56.9776,1513.81,-1.9705e-07,64.494,1903.69,-2.763e-08,73.0018,2393.4,3.9185e-07,82.6317,3008.13,1.35379e-07,93.5318,3779.25,-4.16351e-08,105.869,4745.7,2.06965e-08,119.834,5955.6,-3.18887e-07,135.641,7468.12,-1.48271e-08,153.531,9355.62,2.00739e-07,173.781,11705.8,2.28358e-07,196.701,14624.1,-1.93587e-08,222.642,18235,-2.88101e-07,252.003,22683.4,-2.24732e-07,285.234,28134,8.56806e-09,322.845,34767,2.34258e-07,365.413,42770.9,2.99668e-07,413.588,52327.9,8.28644e-08,468.111,63591.2,-3.07049e-07,529.814,76653.2,-3.1888e-07,599.642,91502.5,-6.72276e-08,678.662,107975,2.26339e-07,768.083,125705,3.69212e-07,869.267,144088,2.04077e-07,983.76,162277,-2.80509e-07,1113.3,179223,-4.22737e-07,1259.87,193777,-1.71951e-07,1425.68,204839,4.55555e-07,11.7194,11.96,12.6541,2.21263,4.16949,0.989383,2.67766,5.84076,0.311842,3.14343,7.55825,0.0972771,3.63127,9.58578,0.0303237,4.15787,12.0912,0.00945211,4.73731,15.2286,0.00294633,5.38238,19.1721,0.000918508,6.10553,24.134,0.000286163,6.91951,30.3791,8.92692e-05,7.83792,38.2397,2.78121e-05,8.87555,48.1338,8.65134e-06,10.0489,60.5876,2.7882e-06,11.3761,76.2629,8.29036e-07,12.8779,95.9927,2.4373e-07,14.5775,120.825,1e-08,16.5012,152.08,1.75749e-07,18.6784,191.415,1e-08,21.1428,240.917,1.91829e-07,23.9322,303.213,1e-08,27.0895,381.602,7.0186e-08,30.6634,480.231,1e-08,34.7087,604.316,2.40784e-07,39.2876,760.401,9.87368e-08,44.4705,956.705,1.22263e-07,50.3371,1203.54,1e-08,56.9776,1513.81,1e-08,64.494,1903.69,1e-08,73.0018,2393.4,3.9185e-07,82.6317,3008.13,1.35379e-07,93.5318,3779.25,1e-08,105.869,4745.7,2.06965e-08,119.834,5955.6,1e-08,135.641,7468.12,1e-08,153.531,9355.62,2.00739e-07,173.781,11705.8,2.28358e-07,196.701,14624.1,1e-08,222.642,18235,1e-08,252.003,22683.4,1e-08,285.234,28134,1e-08,322.845,34767,2.34258e-07,365.413,42770.9,2.99668e-07,413.588,52327.9,8.28644e-08,468.111,63591.2,1e-08,529.814,76653.2,1e-08,599.642,91502.5,1e-08,678.662,107975,2.26339e-07,768.083,125705,3.69212e-07,869.267,144088,2.04077e-07,983.76,162277,1e-08,1113.3,179223,1e-08,1259.87,193777,1e-08,1425.68,204839,4.55555e-07,6.2823,3.27286,2.43537,0.219672,6.18826,2.24117,0.56371,6.87772,2.63624,0.308279,11,11,3,4,9,0,4,4,0,6,5,0,2,14,0,3,14,0,3,15,0,4,34,0,7,35,0,8,23,0,16,47,0,2,34,0,4,69,0,10,71,0,8,42,0,10,88,0,14,80,0,12,131,0,11,193,0,9,513,0,6,319,0,43,397,0,46,823,0,36,695,0,33,1273,0,39,867,0,25,1733,0,81,2265,0,53,2323,0,181,4125,0,167,1706,0,167,3878,0,106,15817,0,124,4030,0,174,7023,0,174,12161,0,39,10981,0,370,20249,0,168,13841,0,320,22121,0,444,56378,0,258,81254,0,485,59714,0,573,29002,0,317,57253,0,426,59384,0,714,120436,0,529,158782,0,403,101541,0,784,190738,0,1017,219584,0,764,273183,0,1634,188366,0
-1.05176e+08,1,8.88811e-15,10,1023,0,1.05176e+08,0.528882,1.08665,0.389689,0.145397,0.379329,3.24381,0.161596,0.446195,1.77396,0.159177,1.15e+07,4.49998e+06,6.79999e+06,1.15e+07,4.49997e+06,6.79999e+06,1.15e+07,4.49996e+06,6.79999e+06,1.15e+07,4.49995e+06,6.79999e+06,1.14999e+07,4.49993e+06,6.79999e+06,1.14999e+07,4.49991e+06,6.79999e+06,1.14999e+07,4.49989e+06,6.79999e+06,1.14999e+07,4.49986e+06,6.79999e+06,1.14999e+07,4.49982e+06,6.79999e+06,1.14999e+07,4.49977e+06,6.79999e+06,1.14999e+07,4.49971e+06,6.79999e+06,1.14999e+07,4.49963e+06,6.79999e+06,1.14998e+07,4.49953e+06,6.79999e+06,1.14998e+07,4.49941e+06,6.79999e+06,1.14998e+07,4.49926e+06,6.79999e+06,1.14998e+07,4.49906e+06,6.79999e+06,1.14997e+07,4.49882e+06,6.79999e+06,1.14997e+07,4.49851e+06,6.79999e+06,1.14997e+07,4.49812e+06,6.79999e+06,1.14996e+07,4.49764e+06,6.79999e+06,1.14996e+07,4.49702e+06,6.79999e+06,1.14995e+07,4.49625e+06,6.79999e+06,1.14995e+07,4.49528e+06,6.79999e+06,1.14994e+07,4.49406e+06,6.79999e+06,1.14993e+07,4.49253e+06,6.79999e+06,1.14992e+07,4.49059e+06,6.79999e+06,1.14991e+07,4.48817e+06,6.79999e+06,1.1499e+07,4.48511e+06,6.79999e+06,1.14988e+07,4.48128e+06,6.79999e+06,1.14987e+07,4.47646e+06,6.79999e+06,1.14985e+07,4.47041e+06,6.79999e+06,1.14983e+07,4.46281e+06,6.79999e+06,1.14981e+07,4.4533e+06,6.79999e+06,1.14979e+07,4.44138e+06,6.79999e+06,1.14976e+07,4.42649e+06,6.79999e+06,1.14972e+07,4.40789e+06,6.79999e+06,1.14969e+07,4.38471e+06,6.79999e+06,1.14965e+07,4.35592e+06,6.79999e+06,1.1496e+07,4.32027e+06,6.79999e+06,1.14955e+07,4.27629e+06,6.79999e+06,1.14949e+07,4.22231e+06,6.79999e+06,1.14942e+07,4.15647e+06,6.79999e+06,1.14934e+07,4.07676e+06,6.79999e+06,1.14926e+07,3.98112e+06,6.79999e+06,1.14916e+07,3.86765e+06,6.79999e+06,1.14905e+07,3.73474e+06,6.79999e+06,1.14892e+07,3.58148e+06,6.79999e+06,1.14878e+07,3.40785e+06,6.79999e+06,1.14862e+07,3.21513e+06,6.79999e+06,1.14844e+07,3.00605e+06,6.79999e+06,1.14823e+07,2.7848e+06,6.79999e+06,1.148e+07,2.5568e+06,6.79999e+06,1.14773e+07,2.32825e+06,6.79999e+06,13.5742,8.52444,0.508366,16.8306,13.2585,0.162638,20.0035,17.569,0.0507846,23.2616,22.4214,0.0158319,26.7328,28.3297,0.00493498,30.5212,35.6974,0.00153831,34.7178,44.9473,0.000479527,39.4086,56.5822,0.000149456,44.6796,71.2245,4.66214e-05,50.6209,89.6543,1.45419e-05,57.3297,112.852,4.54748e-06,64.9129,142.051,1.43857e-06,73.4897,178.803,4.36618e-07,83.1934,225.062,1.40153e-07,94.1745,283.286,4.96378e-08,106.602,356.568,1.05434e-07,120.669,448.799,-6.49244e-08,136.59,564.873,1.70148e-07,154.611,710.948,-5.34594e-08,175.008,894.767,1.63407e-07,198.097,1126.06,8.04804e-08,224.231,1417.07,1.14667e-07,253.813,1783.15,-1.71227e-07,287.297,2243.62,-2.88466e-07,325.198,2822.67,-4.33651e-07,368.098,3550.67,7.9318e-08,416.657,4465.65,3.13319e-07,471.621,5615.16,3.4613e-07,533.835,7058.61,-1.19199e-07,604.255,8870.02,-2.79964e-07,683.962,11141.4,-2.30521e-07,774.182,13986.7,-2.55099e-07,876.299,17546.4,1.23585e-07,991.883,21993.1,1.41192e-07,1122.71,27536.7,-9.71886e-08,1270.78,34430.7,-3.68368e-07,1438.38,42977.7,-3.45379e-07,1628.07,53532.7,-3.25328e-09,1842.77,66504.6,2.6362e-07,2085.77,82350.2,2.53445e-07,2360.79,101560,-2.47407e-08,2672.05,124632,-3.80602e-07,3024.31,152018,-4.79005e-07,3422.98,184060,-1.14379e-07,3874.15,220884,2.64297e-07,4384.72,262283,3.44131e-07,4962.49,307576,7.5349e-08,5616.29,355497,-3.63097e-07,6356.1,404126,-6.05442e-07,7193.18,450932,-2.72333e-07,8140.28,492963,2.29675e-07,9211.79,527178,4.3387e-07,10424,550893,-1.0711e-07,10.102,8.06553,2.81012,10.6436,8.57909,0.869423,11.5336,10.2515,0.270869,12.7211,12.7138,0.0844293,14.1823,15.9373,0.0263173,15.9122,20.0383,0.0082035,17.9198,25.2154,0.00255722,20.2244,31.7373,0.000797017,22.8539,39.9486,0.000248622,25.8438,50.2851,7.75492e-05,29.237,63.2963,2.42508e-05,33.0837,79.6738,7.67162e-06,37.4415,100.288,2.32837e-06,42.3767,126.236,7.33e-07,47.9646,158.896,2.79256e-07,54.2906,200.003,9.87351e-09,61.452,251.741,1.61085e-07,69.5585,316.859,-2.47141e-07,78.7347,398.812,8.93552e-08,89.1218,501.948,-2.53231e-07,100.879,631.736,-1.25047e-07,114.188,795.049,-1.78808e-07,129.252,1000.53,2.6733e-07,146.304,1259.03,4.50292e-07,165.605,1584.19,6.76904e-07,187.452,1993.12,-1.23808e-07,212.181,2507.27,-4.89068e-07,240.173,3153.54,-5.40284e-07,271.856,3965.56,1.86061e-07,307.719,4985.38,4.37004e-07,348.313,6265.4,3.59828e-07,394.26,7870.83,3.98192e-07,446.268,9882.51,-1.92908e-07,505.135,12400.3,-2.20392e-07,571.766,15546.9,1.51705e-07,647.184,19472.2,5.74996e-07,732.547,24357.4,5.39112e-07,829.167,30420,5.07815e-09,938.526,37916.3,-4.11492e-07,1062.3,47143.9,-3.9561e-07,1202.4,58439.2,3.86185e-08,1360.96,72169.3,5.94093e-07,1540.42,88715.8,7.47693e-07,1743.53,108445,1.78537e-07,1973.41,131665,-4.12549e-07,2233.57,158557,-5.37164e-07,2528,189103,-1.17615e-07,2861.2,222986,5.66769e-07,3238.27,259510,9.45053e-07,3664.97,297540,4.25093e-07,4147.81,335497,-3.58506e-07,4694.17,371444,-6.7724e-07,5312.37,403256,1.67192e-07,1.61744,3.89446,9.84394,3.28846,7.5504,12.774,5.07607,11.7187,13.6844,7.03202,16.8147,13.9681,9.20215,23.1769,14.0566,11.6301,31.1672,14.0841,14.3598,41.2186,14.0927,17.4376,53.8688,14.0954,20.9137,69.7915,14.0962,24.8432,89.8341,14.0965,29.2879,115.063,14.0966,34.3168,146.819,14.0966,40.0078,186.792,14.0966,46.4487,237.107,14.0966,53.7388,300.44,14.0966,61.9903,380.158,14.0966,71.3301,480.499,14.0966,81.902,606.796,14.0966,93.8685,765.761,14.0966,107.414,965.837,14.0966,122.746,1217.65,14.0966,140.101,1534.57,14.0966,159.745,1933.41,14.0966,181.981,2435.3,14.0966,207.15,3066.85,14.0966,235.64,3861.46,14.0966,267.889,4861.11,14.0966,304.391,6118.54,14.0966,345.709,7699.91,14.0966,392.478,9688.22,14.0966,445.417,12187.5,14.0966,505.339,15327.7,14.0966,573.165,19271.6,14.0966,649.938,24222,14.0966,736.839,30430.9,14.0966,835.202,38211.5,14.0966,946.539,47950.3,14.0966,1072.56,60122.8,14.0966,1215.21,75309.9,14.0966,1376.66,94216.2,14.0966,1559.41,117688,14.0966,1766.26,146729,14.0966,2000.39,182510,14.0966,2265.39,226372,14.0966,2565.33,279806,14.0966,2904.81,344416,14.0966,3289.05,421845,14.0966,3723.93,513667,14.0966,4216.13,621231,14.0966,4773.18,745478,14.0966,5403.64,886744,14.0966,6117.15,1.04457e+06,14.0966,6924.63,1.2176e+06,14.0966,11.7194,11.96,12.6541,13.9321,16.1295,13.6434,16.6097,21.9702,13.9553,19.7532,29.5285,14.0526,23.3844,39.1143,14.0829,27.5423,51.2054,14.0923,32.2796,66.434,14.0953,37.662,85.6061,14.0962,43.7675,109.74,14.0965,50.687,140.119,14.0966,58.5249,178.359,14.0966,67.4005,226.493,14.0966,77.4493,287.08,14.0966,88.8254,363.343,14.0966,101.703,459.336,14.0966,116.281,580.161,14.0966,132.782,732.241,14.0966,151.46,923.655,14.0966,172.603,1164.57,14.0966,196.535,1467.79,14.0966,223.625,1849.39,14.0966,254.288,2329.62,14.0966,288.997,2933.93,14.0966,328.285,3694.33,14.0966,372.755,4651.04,14.0966,423.092,5854.57,14.0966,480.07,7368.38,14.0966,544.564,9272.08,14.0966,617.566,11665.5,14.0966,700.197,14673.6,14.0966,793.729,18452.9,14.0966,899.599,23198.6,14.0966,1019.43,29154.1,14.0966,1155.07,36622.3,14.0966,1308.6,45977.9,14.0966,1482.39,57683.7,14.0966,1679.09,72307.8,14.0966,1901.73,90542.8,14.0966,2153.73,113226,14.0966,2438.97,141360,14.0966,2761.81,176127,14.0966,3127.22,218898,14.0966,3540.81,271226,14.0966,4008.92,334817,14.0966,4538.74,411470,14.0966,5138.38,502973,14.0966,5817.04,610948,14.0966,6585.12,736653,14.0966,7454.39,880741,14.0966,8438.15,1.04302e+06,14.0966,9551.45,1.22224e+06,14.0966,10811.3,1.41602e+06,14.0966,12237,1.62086e+06,14.0966,11.7194,11.96,12.6541,2.21263,4.16949,0.989383,2.67766,5.84076,0.311842,3.14343,7.55825,0.0972771,3.63127,9.58578,0.0303237,4.15787,12.0912,0.00945211,4.73731,15.2286,0.00294633,5.38238,19.1721,0.000918508,6.10553,24.134,0.000286163,6.91951,30.3791,8.92692e-05,7.83792,38.2397,2.78121e-05,8.87555,48.1338,8.65134e-06,10.0489,60.5876,2.7882e-06,11.3761,76.2629,8.29036e-07,12.8779,95.9927,2.4373e-07,14.5775,120.825,4.33068e-09,16.5012,152.08,1.75749e-07,18.6784,191.415,-1.86328e-07,21.1428,240.917,1.91829e-07,23.9322,303.213,-1.81475e-07,27.0895,381.602,7.0186e-08,30.6634,480.231,-2.86769e-08,34.7087,604.316,2.40784e-07,39.2876,760.401,9.87368e-08,44.4705,956.705,1.22263e-07,50.3371,1203.54,-4.31966e-07,56.9776,1513.81,-1.9705e-07,64.494,1903.69,-2.763e-08,73.0018,2393.4,3.9185e-07,82.6317,3008.13,1.35379e-07,93.5318,3779.25,-4.16351e-08,105.869,4745.7,2.06965e-08,119.834,5955.6,-3.18887e-07,135.641,7468.12,-1.48271e-08,153.531,9355.62,2.00739e-07,173.781,11705.8,2.28358e-07,196.701,14624.1,-1.93587e-08,222.642,18235,-2.88101e-07,252.003,22683.4,-2.24732e-07,285.234,28134,8.56806e-09,322.845,34767,2.34258e-07,365.413,42770.9,2.99668e-07,413.588,52327.9,8.28644e-08,468.111,63591.2,-3.07049e-07,529.814,76653.2,-3.1888e-07,599.642,91502.5,-6.72276e-08,678.662,107975,2.26339e-07,768.083,125705,3.69212e-07,869.267,144088,2.04077e-07,983.76,162277,-2.80509e-07,1113.3,179223,-4.22737e-07,1259.87,193777,-1.71951e-07,1425.68,204839,4.55555e-07,11.7194,11.96,12.6541,2.21263,4.16949,0.989383,2.67766,5.84076,0.311842,3.14343,7.55825,0.0972771,3.63127,9.58578,0.0303237,4.15787,12.0912,0.00945211,4.73731,15.2286,0.00294633,5.38238,19.1721,0.000918508,6.10553,24.134,0.000286163,6.91951,30.3791,8.92692e-05,7.83792,38.2397,2.78121e-05,8.87555,48.1338,8.65134e-06,10.0489,60.5876,2.7882e-06,11.3761,76.2629,8.29036e-07,12.8779,95.9927,2.4373e-07,14.5775,120.825,1e-08,16.5012,152.08,1.75749e-07,18.6784,191.415,1e-08,21.1428,240.917,1.91829e-07,23.9322,303.213,1e-08,27.0895,381.602,7.0186e-08,30.6634,480.231,1e-08,34.7087,604.316,2.40784e-07,39.2876,760.401,9.87368e-08,44.4705,956.705,1.22263e-07,50.3371,1203.54,1e-08,56.9776,1513.81,1e-08,64.494,1903.69,1e-08,73.0018,2393.4,3.9185e-07,82.6317,3008.13,1.35379e-07,93.5318,3779.25,1e-08,105.869,4745.7,2.06965e-08,119.834,5955.6,1e-08,135.641,7468.12,1e-08,153.531,9355.62,2.00739e-07,173.781,11705.8,2.28358e-07,196.701,14624.1,1e-08,222.642,18235,1e-08,252.003,22683.4,1e-08,285.234,28134,1e-08,322.845,34767,2.34258e-07,365.413,42770.9,2.99668e-07,413.588,52327.9,8.28644e-08,468.111,63591.2,1e-08,529.814,76653.2,1e-08,599.642,91502.5,1e-08,678.662,107975,2.26339e-07,768.083,125705,3.69212e-07,869.267,144088,2.04077e-07,983.76,162277,1e-08,1113.3,179223,1e-08,1259.87,193777,1e-08,1425.68,204839,4.55555e-07,6.2823,3.27286,2.43537,0.219672,6.18826,2.24117,0.56371,6.87772,2.63624,0.308279,17,19,19,1,2,1,7,7,0,3,15,0,5,17,0,1,18,0,4,9,0,6,9,0,10,12,0,5,21,0,7,24,0,13,56,0,8,47,0,8,49,0,21,52,0,15,119,0,22,132,0,17,67,0,13,103,0,31,344,0,20,398,0,37,601,0,30,545,0,12,617,0,16,360,0,26,556,0,89,1139,0,65,2464,0,55,2201,0,78,4803,0,29,2383,0,102,7323,0,124,7994,0,102,6990,0,68,8750,0,237,7612,0,238,16885,0,151,21332,0,231,18009,0,89,26219,0,188,63573,0,197,59552,0,345,48053,0,432,51820,0,876,88332,0,332,83807,0,894,172235,0,1072,189090,0,1434,106573,0,627,130546,0,1254,434941,0,789,265058,0,825,355602,0
-1.05176e+08,1,8.88811e-15,10,1023,0,1.05176e+08,0.528882,1.08665,0.389689,0.145397,0.379329,3.24381,0.161596,0.446195,1.77396,0.159177,1.15e+07,4.49998e+06,6.79999e+06,1.15e+07,4.49997e+06,6.79999e+06,1.15e+07,4.49996e+06,6.79999e+06,1.15e+07,4.49995e+06,6.79999e+06,1.14999e+07,4.49993e+06,6.79999e+06,1.14999e+07,4.49991e+06,6.79999e+06,1.14999e+07,4.49989e+06,6.79999e+06,1.14999e+07,4.49986e+06,6.79999e+06,1.14999e+07,4.49982e+06,6.79999e+06,1.14999e+07,4.49977e+06,6.79999e+06,1.14999e+07,4.49971e+06,6.79999e+06,1.14999e+07,4.49963e+06,6.79999e+06,1.14998e+07,4.49953e+06,6.79999e+06,1.14998e+07,4.49941e+06,6.79999e+06,1.14998e+07,4.49926e+06,6.79999e+06,1.14998e+07,4.49906e+06,6.79999e+06,1.14997e+07,4.49882e+06,6.79999e+06,1.14997e+07,4.49851e+06,6.79999e+06,1.14997e+07,4.49812e+06,6.79999e+06,1.14996e+07,4.49764e+06,6.79999e+06,1.14996e+07,4.49702e+06,6.79999e+06,1.14995e+07,4.49625e+06,6.79999e+06,1.14995e+07,4.49528e+06,6.79999e+06,1.14994e+07,4.49406e+06,6.79999e+06,1.14993e+07,4.49253e+06,6.79999e+06,1.14992e+07,4.49059e+06,6.79999e+06,1.14991e+07,4.48817e+06,6.79999e+06,1.1499e+07,4.48511e+06,6.79999e+06,1.14988e+07,4.48128e+06,6.79999e+06,1.14987e+07,4.47646e+06,6.79999e+06,1.14985e+07,4.47041e+06,6.79999e+06,1.14983e+07,4.46281e+06,6.79999e+06,1.14981e+07,4.4533e+06,6.79999e+06,1.14979e+07,4.44138e+06,6.79999e+06,1.14976e+07,4.42649e+06,6.79999e+06,1.14972e+07,4.40789e+06,6.79999e+06,1.14969e+07,4.38471e+06,6.79999e+06,1.14965e+07,4.35592e+06,6.79999e+06,1.1496e+07,4.32027e+06,6.79999e+06,1.14955e+07,4.27629e+06,6.79999e+06,1.14949e+07,4.22231e+06,6.79999e+06,1.14942e+07,4.15647e+06,6.79999e+06,1.14934e+07,4.07676e+06,6.79999e+06,1.14926e+07,3.98112e+06,6.79999e+06,1.14916e+07,3.86765e+06,6.79999e+06,1.14905e+07,3.73474e+06,6.79999e+06,1.14892e+07,3.58148e+06,6.79999e+06,1.14878e+07,3.40785e+06,6.79999e+06,1.14862e+07,3.21513e+06,6.79999e+06,1.14844e+07,3.00605e+06,6.79999e+06,1.14823e+07,2.7848e+06,6.79999e+06,1.148e+07,2.5568e+06,6.79999e+06,1.14773e+07,2.32825e+06,6.79999e+06,13.5742,8.52444,0.508366,16.8306,13.2585,0.162638,20.0035,17.569,0.0507846,23.2616,22.4214,0.0158319,26.7328,28.3297,0.00493498,30.5212,35.6974,0.00153831,34.7178,44.9473,0.000479527,39.4086,56.5822,0.000149456,44.6796,71.2245,4.66214e-05,50.6209,89.6543,1.45419e-05,57.3297,112.852,4.54748e-06,64.9129,142.051,1.43857e-06,73.4897,178.803,4.36618e-07,83.1934,225.062,1.40153e-07,94.1745,283.286,4.96378e-08,106.602,356.568,1.05434e-07,120.669,448.799,-6.49244e-08,136.59,564.873,1.70148e-07,154.611,710.948,-5.34594e-08,175.008,894.767,1.63407e-07,198.097,1126.06,8.04804e-08,224.231,1417.07,1.14667e-07,253.813,1783.15,-1.71227e-07,287.297,2243.62,-2.88466e-07,325.198,2822.67,-4.33651e-07,368.098,3550.67,7.9318e-08,416.657,4465.65,3.13319e-07,471.621,5615.16,3.4613e-07,533.835,7058.61,-1.19199e-07,604.255,8870.02,-2.79964e-07,683.962,11141.4,-2.30521e-07,774.182,13986.7,-2.55099e-07,876.299,17546.4,1.23585e-07,991.883,21993.1,1.41192e-07,1122.71,27536.7,-9.71886e-08,1270.78,34430.7,-3.68368e-07,1438.38,42977.7,-3.45379e-07,1628.07,53532.7,-3.25328e-09,1842.77,66504.6,2.6362e-07,2085.77,82350.2,2.53445e-07,2360.79,101560,-2.47407e-08,2672.05,124632,-3.80602e-07,3024.31,152018,-4.79005e-07,3422.98,184060,-1.14379e-07,3874.15,220884,2.64297e-07,4384.72,262283,3.44131e-07,4962.49,307576,7.5349e-08,5616.29,355497,-3.63097e-07,6356.1,404126,-6.05442e-07,7193.18,450932,-2.72333e-07,8140.28,492963,2.29675e-07,9211.79,527178,4.3387e-07,10424,550893,-1.0711e-07,10.102,8.06553,2.81012,10.6436,8.57909,0.869423,11.5336,10.2515,0.270869,12.7211,12.7138,0.0844293,14.1823,15.9373,0.0263173,15.9122,20.0383,0.0082035,17.9198,25.2154,0.00255722,20.2244,31.7373,0.000797017,22.8539,39.9486,0.000248622,25.8438,50.2851,7.75492e-05,29.237,63.2963,2.42508e-05,33.0837,79.6738,7.67162e-06,37.4415,100.288,2.32837e-06,42.3767,126.236,7.33e-07,47.9646,158.896,2.79256e-07,54.2906,200.003,9.87351e-09,61.452,251.741,1.61085e-07,69.5585,316.859,-2.47141e-07,78.7347,398.812,8.93552e-08,89.1218,501.948,-2.53231e-07,100.879,631.736,-1.25047e-07,114.188,795.049,-1.78808e-07,129.252,1000.53,2.6733e-07,146.304,1259.03,4.50292e-07,165.605,1584.19,6.76904e-07,187.452,1993.12,-1.23808e-07,212.181,2507.27,-4.89068e-07,240.173,3153.54,-5.40284e-07,271.856,3965.56,1.86061e-07,307.719,4985.38,4.37004e-07,348.313,6265.4,3.59828e-07,394.26,7870.83,3.98192e-07,446.268,9882.51,-1.92908e-07,505.135,12400.3,-2.20392e-07,571.766,15546.9,1.51705e-07,647.184,19472.2,5.74996e-07,732.547,24357.4,5.39112e-07,829.167,30420,5.07815e-09,938.526,37916.3,-4.11492e-07,1062.3,47143.9,-3.9561e-07,1202.4,58439.2,3.86185e-08,1360.96,72169.3,5.94093e-07,1540.42,88715.8,7.47693e-07,1743.53,108445,1.78537e-07,1973.41,131665,-4.12549e-07,2233.57,158557,-5.37164e-07,2528,189103,-1.17615e-07,2861.2,222986,5.66769e-07,3238.27,259510,9.45053e-07,3664.97,297540,4.25093e-07,4147.81,335497,-3.58506e-07,4694.17,371444,-6.7724e-07,5312.37,403256,1.67192e-07,1.61744,3.89446,9.84394,3.28846,7.5504,12.774,5.07607,11.7187,13.6844,7.03202,16.8147,13.9681,9.20215,23.1769,14.0566,11.6301,31.1672,14.0841,14.3598,41.2186,14.0927,17.4376,53.8688,14.0954,20.9137,69.7915,14.0962,24.8432,89.8341,14.0965,29.2879,115.063,14.0966,34.3168,146.819,14.0966,40.0078,186.792,14.0966,46.4487,237.107,14.0966,53.7388,300.44,14.0966,61.9903,380.158,14.0966,71.3301,480.499,14.0966,81.902,606.796,14.0966,93.8685,765.761,14.0966,107.414,965.837,14.0966,122.746,1217.65,14.0966,140.101,1534.57,14.0966,159.745,1933.41,14.0966,181.981,2435.3,14.0966,207.15,3066.85,14.0966,235.64,3861.46,14.0966,267.889,4861.11,14.0966,304.391,6118.54,14.0966,345.709,7699.91,14.0966,392.478,9688.22,14.0966,445.417,12187.5,14.0966,505.339,15327.7,14.0966,573.165,19271.6,14.0966,649.938,24222,14.0966,736.839,30430.9,14.0966,835.202,38211.5,14.0966,946.539,47950.3,14.0966,1072.56,60122.8,14.0966,1215.21,75309.9,14.0966,1376.66,94216.2,14.0966,1559.41,117688,14.0966,1766.26,146729,14.0966,2000.39,182510,14.0966,2265.39,226372,14.0966,2565.33,279806,14.0966,2904.81,344416,14.0966,3289.05,421845,14.0966,3723.93,513667,14.0966,4216.13,621231,14.0966,4773.18,745478,14.0966,5403.64,886744,14.0966,6117.15,1.04457e+06,14.0966,6924.63,1.2176e+06,14.0966,11.7194,11.96,12.6541,13.9321,16.1295,13.6434,16.6097,21.9702,13.9553,19.7532,29.5285,14.0526,23.3844,39.1143,14.0829,27.5423,51.2054,14.0923,32.2796,66.434,14.0953,37.662,85.6061,14.0962,43.7675,109.74,14.0965,50.687,140.119,14.0966,58.5249,178.359,14.0966,67.4005,226.493,14.0966,77.4493,287.08,14.0966,88.8254,363.343,14.0966,101.703,459.336,14.0966,116.281,580.161,14.0966,132.782,732.241,14.0966,151.46,923.655,14.0966,172.603,1164.57,14.0966,196.535,1467.79,14.0966,223.625,1849.39,14.0966,254.288,2329.62,14.0966,288.997,2933.93,14.0966,328.285,3694.33,14.0966,372.755,4651.04,14.0966,423.092,5854.57,14.0966,480.07,7368.38,14.0966,544.564,9272.08,14.0966,617.566,11665.5,14.0966,700.197,14673.6,14.0966,793.729,18452.9,14.0966,899.599,23198.6,14.0966,1019.43,29154.1,14.0966,1155.07,36622.3,14.0966,1308.6,45977.9,14.0966,1482.39,57683.7,14.0966,1679.09,72307.8,14.0966,1901.73,90542.8,14.0966,2153.73,113226,14.0966,2438.97,141360,14.0966,2761.81,176127,14.0966,3127.22,218898,14.0966,3540.81,271226,14.0966,4008.92,334817,14.0966,4538.74,411470,14.0966,5138.38,502973,14.0966,5817.04,610948,14.0966,6585.12,736653,14.0966,7454.39,880741,14.0966,8438.15,1.04302e+06,14.0966,9551.45,1.22224e+06,14.0966,10811.3,1.41602e+06,14.0966,12237,1.62086e+06,14.0966,11.7194,11.96,12.6541,2.21263,4.16949,0.989383,2.67766,5.84076,0.311842,3.14343,7.55825,0.0972771,3.63127,9.58578,0.0303237,4.15787,12.0912,0.00945211,4.73731,15.2286,0.00294633,5.38238,19.1721,0.000918508,6.10553,24.134,0.000286163,6.91951,30.3791,8.92692e-05,7.83792,38.2397,2.78121e-05,8.87555,48.1338,8.65134e-06,10.0489,60.5876,2.7882e-06,11.3761,76.2629,8.29036e-07,12.8779,95.9927,2.4373e-07,14.5775,120.825,4.33068e-09,16.5012,152.08,1.75749e-07,18.6784,191.415,-1.86328e-07,21.1428,240.917,1.91829e-07,23.9322,303.213,-1.81475e-07,27.0895,381.602,7.0186e-08,30.6634,480.231,-2.86769e-08,34.7087,604.316,2.40784e-07,39.2876,760.401,9.87368e-08,44.4705,956.705,1.22263e-07,50.3371,1203.54,-4.31966e-07,56.9776,1513.81,-1.9705e-07,64.494,1903.69,-2.763e-08,73.0018,2393.4,3.9185e-07,82.6317,3008.13,1.35379e-07,93.5318,3779.25,-4.16351e-08,105.869,4745.7,2.06965e-08,119.834,5955.6,-3.18887e-07,135.641,7468.12,-1.48271e-08,153.531,9355.62,2.00739e-07,173.781,11705.8,2.28358e-07,196.701,14624.1,-1.93587e-08,222.642,18235,-2.88101e-07,252.003,22683.4,-2.24732e-07,285.234,28134,8.56806e-09,322.845,34767,2.34258e-07,365.413,42770.9,2.99668e-07,413.588,52327.9,8.28644e-08,468.111,63591.2,-3.07049e-07,529.814,76653.2,-3.1888e-07,599.642,91502.5,-6.72276e-08,678.662,107975,2.26339e-07,768.083,125705,3.69212e-07,869.267,144088,2.04077e-07,983.76,162277,-2.80509e-07,1113.3,179223,-4.22737e-07,1259.87,193777,-1.71951e-07,1425.68,204839,4.55555e-07,11.7194,11.96,12.6541,2.21263,4.16949,0.989383,2.67766,5.84076,0.311842,3.14343,7.55825,0.0972771,3.63127,9.58578,0.0303237,4.15787,12.0912,0.00945211,4.73731,15.2286,0.00294633,5.38238,19.1721,0.000918508,6.10553,24.134,0.000286163,6.91951,30.3791,8.92692e-05,7.83792,38.2397,2.78121e-05,8.87555,48.1338,8.65134e-06,10.0489,60.5876,2.7882e-06,11.3761,76.2629,8.29036e-07,12.8779,95.9927,2.4373e-07,14.5775,120.825,1e-08,16.5012,152.08,1.75749e-07,18.6784,191.415,1e-08,21.1428,240.917,1.91829e-07,23.9322,303.213,1e-08,27.0895,381.602,7.0186e-08,30.6634,480.231,1e-08,34.7087,604.316,2.40784e-07,39.2876,760.401,9.87368e-08,44.4705,956.705,1.22263e-07,50.3371,1203.54,1e-08,56.9776,1513.81,1e-08,64.494,1903.69,1e-08,73.0018,2393.4,3.9185e-07,82.6317,3008.13,1.35379e-07,93.5318,3779.25,1e-08,105.869,4745.7,2.06965e-08,119.834,5955.6,1e-08,135.641,7468.12,1e-08,153.531,9355.62,2.00739e-07,173.781,11705.8,2.28358e-07,196.701,14624.1,1e-08,222.642,18235,1e-08,252.003,22683.4,1e-08,285.234,28134,1e-08,322.845,34767,2.34258e-07,365.413,42770.9,2.99668e-07,413.588,52327.9,8.28644e-08,468.111,63591.2,1e-08,529.814,76653.2,1e-08,599.642,91502.5,1e-08,678.662,107975,2.26339e-07,768.083,125705,3.69212e-07,869.267,144088,2.04077e-07,983.76,162277,1e-08,1113.3,179223,1e-08,1259.87,193777,1e-08,1425.68,204839,4.55555e-07,6.2823,3.27286,2.43537,0.219672,6.18826,2.24117,0.56371,6.87772,2.63624,0.308279,8,17,8,2,7,1,0,5,2,3,12,0,5,5,0,5,12,0,7,9,0,4,13,0,3,11,0,6,40,0,2,71,0,7,53,0,9,40,0,7,123,0,5,114,0,9,125,0,19,300,0,24,106,0,14,215,0,21,227,0,14,657,0,37,292,0,38,585,0,35,1037,0,74,834,0,32,986,0,55,1932,0,59,1554,0,104,1540,0,43,3428,0,60,7704,0,105,3417,0,72,9817,0,117,18111,0,115,10680,0,86,8149,0,178,13120,0,178,20719,0,340,23144,0,339,24203,0,306,34413,0,250,21543,0,802,110074,0,405,94470,0,939,97288,0,913,96082,0,1234,99656,0,1391,61097,0,890,114042,0,570,175831,0,1346,323021,0,1492,210406,0,1516,213316,0
-1.05176e+08,1,8.88811e-15,10,1023,0,1.05176e+08,0.528882,1.08665,0.389689,0.145397,0.379329,3.24381,0.161596,0.446195,1.77396,0.159177,1.15e+07,4.49998e+06,6.79999e+06,1.15e+07,4.49997e+06,6.79999e+06,1.15e+07,4.49996e+06,6.79999e+06,1.15e+07,4.49995e+06,6.79999e+06,1.14999e+07,4.49993e+06,6.79999e+06,1.14999e+07,4.49991e+06,6.79999e+06,1.14999e+07,4.49989e+06,6.79999e+06,1.14999e+07,4.49986e+06,6.79999e+06,1.14999e+07,4.49982e+06,6.79999e+06,1.14999e+07,4.49977e+06,6.79999e+06,1.14999e+07,4.49971e+06,6.79999e+06,1.14999e+07,4.49963e+06,6.79999e+06,1.14998e+07,4.49953e+06,6.79999e+06,1.14998e+07,4.49941e+06,6.79999e+06,1.14998e+07,4.49926e+06,6.79999e+06,1.14998e+07,4.49906e+06,6.79999e+06,1.14997e+07,4.49882e+06,6.79999e+06,1.14997e+07,4.49851e+06,6.79999e+06,1.14997e+07,4.49812e+06,6.79999e+06,1.14996e+07,4.49764e+06,6.79999e+06,1.14996e+07,4.49702e+06,6.79999e+06,1.14995e+07,4.49625e+06,6.79999e+06,1.14995e+07,4.49528e+06,6.79999e+06,1.14994e+07,4.49406e+06,6.79999e+06,1.14993e+07,4.49253e+06,6.79999e+06,1.14992e+07,4.49059e+06,6.79999e+06,1.14991e+07,4.48817e+06,6.79999e+06,1.1499e+07,4.48511e+06,6.79999e+06,1.14988e+07,4.48128e+06,6.79999e+06,1.14987e+07,4.47646e+06,6.79999e+06,1.14985e+07,4.47041e+06,6.79999e+06,1.14983e+07,4.46281e+06,6.79999e+06,1.14981e+07,4.4533e+06,6.79999e+06,1.14979e+07,4.44138e+06,6.79999e+06,1.14976e+07,4.42649e+06,6.79999e+06,1.14972e+07,4.40789e+06,6.79999e+06,1.14969e+07,4.38471e+06,6.79999e+06,1.14965e+07,4.35592e+06,6.79999e+06,1.1496e+07,4.32027e+06,6.79999e+06,1.14955e+07,4.27629e+06,6.79999e+06,1.14949e+07,4.22231e+06,6.79999e+06,1.14942e+07,4.15647e+06,6.79999e+06,1.14934e+07,4.07676e+06,6.79999e+06,1.14926e+07,3.98112e+06,6.79999e+06,1.14916e+07,3.86765e+06,6.79999e+06,1.14905e+07,3.73474e+06,6.79999e+06,1.14892e+07,3.58148e+06,6.79999e+06,1.14878e+07,3.40785e+06,6.79999e+06,1.14862e+07,3.21513e+06,6.79999e+06,1.14844e+07,3.00605e+06,6.79999e+06,1.14823e+07,2.7848e+06,6.79999e+06,1.148e+07,2.5568e+06,6.79999e+06,1.14773e+07,2.32825e+06,6.79999e+06,13.5742,8.52444,0.508366,16.8306,13.2585,0.162638,20.0035,17.569,0.0507846,23.2616,22.4214,0.0158319,26.7328,28.3297,0.00493498,30.5212,35.6974,0.00153831,34.7178,44.9473,0.000479527,39.4086,56.5822,0.000149456,44.6796,71.2245,4.66214e-05,50.6209,89.6543,1.45419e-05,57.3297,112.852,4.54748e-06,64.9129,142.051,1.43857e-06,73.4897,178.803,4.36618e-07,83.1934,225.062,1.40153e-07,94.1745,283.286,4.96378e-08,106.602,356.568,1.05434e-07,120.669,448.799,-6.49244e-08,136.59,564.873,1.70148e-07,154.611,710.948,-5.34594e-08,175.008,894.767,1.63407e-07,198.097,1126.06,8.04804e-08,224.231,1417.07,1.14667e-07,253.813,1783.15,-1.71227e-07,287.297,2243.62,-2.88466e-07,325.198,2822.67,-4.33651e-07,368.098,3550.67,7.9318e-08,416.657,4465.65,3.13319e-07,471.621,5615.16,3.4613e-07,533.835,7058.61,-1.19199e-07,604.255,8870.02,-2.79964e-07,683.962,11141.4,-2.30521e-07,774.182,13986.7,-2.55099e-07,876.299,17546.4,1.23585e-07,991.883,21993.1,1.41192e-07,1122.71,27536.7,-9.71886e-08,1270.78,34430.7,-3.68368e-07,1438.38,42977.7,-3.45379e-07,1628.07,53532.7,-3.25328e-09,1842.77,66504.6,2.6362e-07,2085.77,82350.2,2.53445e-07,2360.79,101560,-2.47407e-08,2672.05,124632,-3.80602e-07,3024.31,152018,-4.79005e-07,3422.98,184060,-1.14379e-07,3874.15,220884,2.64297e-07,4384.72,262283,3.44131e-07,4962.49,307576,7.5349e-08,5616.29,355497,-3.63097e-07,6356.1,404126,-6.05442e-07,7193.18,450932,-2.72333e-07,8140.28,492963,2.29675e-07,9211.79,527178,4.3387e-07,10424,550893,-1.0711e-07,10.102,8.06553,2.81012,10.6436,8.57909,0.869423,11.5336,10.2515,0.270869,12.7211,12.7138,0.0844293,14.1823,15.9373,0.0263173,15.9122,20.0383,0.0082035,17.9198,25.2154,0.00255722,20.2244,31.7373,0.000797017,22.8539,39.9486,0.000248622,25.8438,50.2851,7.75492e-05,29.237,63.2963,2.42508e-05,33.0837,79.6738,7.67162e-06,37.4415,100.288,2.32837e-06,42.3767,126.236,7.33e-07,47.9646,158.896,2.79256e-07,54.2906,200.003,9.87351e-09,61.452,251.741,1.61085e-07,69.5585,316.859,-2.47141e-07,78.7347,398.812,8.93552e-08,89.1218,501.948,-2.53231e-07,100.879,631.736,-1.25047e-07,114.188,795.049,-1.78808e-07,129.252,1000.53,2.6733e-07,146.304,1259.03,4.50292e-07,165.605,1584.19,6.76904e-07,187.452,1993.12,-1.23808e-07,212.181,2507.27,-4.89068e-07,240.173,3153.54,-5.40284e-07,271.856,3965.56,1.86061e-07,307.719,4985.38,4.37004e-07,348.313,6265.4,3.59828e-07,394.26,7870.83,3.98192e-07,446.268,9882.51,-1.92908e-07,505.135,12400.3,-2.20392e-07,571.766,15546.9,1.51705e-07,647.184,19472.2,5.74996e-07,732.547,24357.4,5.39112e-07,829.167,30420,5.07815e-09,938.526,37916.3,-4.11492e-07,1062.3,47143.9,-3.9561e-07,1202.4,58439.2,3.86185e-08,1360.96,72169.3,5.94093e-07,1540.42,88715.8,7.47693e-07,1743.53,108445,1.78537e-07,1973.41,131665,-4.12549e-07,2233.57,158557,-5.37164e-07,2528,189103,-1.17615e-07,2861.2,222986,5.66769e-07,3238.27,259510,9.45053e-07,3664.97,297540,4.25093e-07,4147.81,335497,-3.58506e-07,4694.17,371444,-6.7724e-07,5312.37,403256,1.67192e-07,1.61744,3.89446,9.84394,3.28846,7.5504,12.774,5.07607,11.7187,13.6844,7.03202,16.8147,13.9681,9.20215,23.1769,14.0566,11.6301,31.1672,14.0841,14.3598,41.2186,14.0927,17.4376,53.8688,14.0954,20.9137,69.7915,14.0962,24.8432,89.8341,14.0965,29.2879,115.063,14.0966,34.3168,146.819,14.0966,40.0078,186.792,14.0966,46.4487,237.107,14.0966,53.7388,300.44,14.0966,61.9903,380.158,14.0966,71.3301,480.499,14.0966,81.902,606.796,14.0966,93.8685,765.761,14.0966,107.414,965.837,14.0966,122.746,1217.65,14.0966,140.101,1534.57,14.0966,159.745,1933.41,14.0966,181.981,2435.3,14.0966,207.15,3066.85,14.0966,235.64,3861.46,14.0966,267.889,4861.11,14.0966,304.391,6118.54,14.0966,345.709,7699.91,14.0966,392.478,9688.22,14.0966,445.417,12187.5,14.0966,505.339,15327.7,14.0966,573.165,19271.6,14.0966,649.938,24222,14.0966,736.839,30430.9,14.0966,835.202,38211.5,14.0966,946.539,47950.3,14.0966,1072.56,60122.8,14.0966,1215.21,75309.9,14.0966,1376.66,94216.2,14.0966,1559.41,117688,14.0966,1766.26,146729,14.0966,2000.39,182510,14.0966,2265.39,226372,14.0966,2565.33,279806,14.0966,2904.81,344416,14.0966,3289.05,421845,14.0966,3723.93,513667,14.0966,4216.13,621231,14.0966,4773.18,745478,14.0966,5403.64,886744,14.0966,6117.15,1.04457e+06,14.0966,6924.63,1.2176e+06,14.0966,11.7194,11.96,12.6541,13.9321,16.1295,13.6434,16.6097,21.9702,13.9553,19.7532,29.5285,14.0526,23.3844,39.1143,14.0829,27.5423,51.2054,14.0923,32.2796,66.434,14.0953,37.662,85.6061,14.0962,43.7675,109.74,14.0965,50.687,140.119,14.0966,58.5249,178.359,14.0966,67.4005,226.493,14.0966,77.4493,287.08,14.0966,88.8254,363.343,14.0966,101.703,459.336,14.0966,116.281,580.161,14.0966,132.782,732.241,14.0966,151.46,923.655,14.0966,172.603,1164.57,14.0966,196.535,1467.79,14.0966,223.625,1849.39,14.0966,254.288,2329.62,14.0966,288.997,2933.93,14.0966,328.285,3694.33,14.0966,372.755,4651.04,14.0966,423.092,5854.57,14.0966,480.07,7368.38,14.0966,544.564,9272.08,14.0966,617.566,11665.5,14.0966,700.197,14673.6,14.0966,793.729,18452.9,14.0966,899.599,23198.6,14.0966,1019.43,29154.1,14.0966,1155.07,36622.3,14.0966,1308.6,45977.9,14.0966,1482.39,57683.7,14.0966,1679.09,72307.8,14.0966,1901.73,90542.8,14.0966,2153.73,113226,14.0966,2438.97,141360,14.0966,2761.81,176127,14.0966,3127.22,218898,14.0966,3540.81,271226,14.0966,4008.92,334817,14.0966,4538.74,411470,14.0966,5138.38,502973,14.0966,5817.04,610948,14.0966,6585.12,736653,14.0966,7454.39,880741,14.0966,8438.15,1.04302e+06,14.0966,9551.45,1.22224e+06,14.0966,10811.3,1.41602e+06,14.0966,12237,1.62086e+06,14.0966,11.7194,11.96,12.6541,2.21263,4.16949,0.989383,2.67766,5.84076,0.311842,3.14343,7.55825,0.0972771,3.63127,9.58578,0.0303237,4.15787,12.0912,0.00945211,4.73731,15.2286,0.00294633,5.38238,19.1721,0.000918508,6.10553,24.134,0.000286163,6.91951,30.3791,8.92692e-05,7.83792,38.2397,2.78121e-05,8.87555,48.1338,8.65134e-06,10.0489,60.5876,2.7882e-06,11.3761,76.2629,8.29036e-07,12.8779,95.9927,2.4373e-07,14.5775,120.825,4.33068e-09,16.5012,152.08,1.75749e-07,18.6784,191.415,-1.86328e-07,21.1428,240.917,1.91829e-07,23.9322,303.213,-1.81475e-07,27.0895,381.602,7.0186e-08,30.6634,480.231,-2.86769e-08,34.7087,604.316,2.40784e-07,39.2876,760.401,9.87368e-08,44.4705,956.705,1.22263e-07,50.3371,1203.54,-4.31966e-07,56.9776,1513.81,-1.9705e-07,64.494,1903.69,-2.763e-08,73.0018,2393.4,3.9185e-07,82.6317,3008.13,1.35379e-07,93.5318,3779.25,-4.16351e-08,105.869,4745.7,2.06965e-08,119.834,5955.6,-3.18887e-07,135.641,7468.12,-1.48271e-08,153.531,9355.62,2.00739e-07,173.781,11705.8,2.28358e-07,196.701,14624.1,-1.93587e-08,222.642,18235,-2.88101e-07,252.003,22683.4,-2.24732e-07,285.234,28134,8.56806e-09,322.845,34767,2.34258e-07,365.413,42770.9,2.99668e-07,413.588,52327.9,8.28644e-08,468.111,63591.2,-3.07049e-07,529.814,76653.2,-3.1888e-07,599.642,91502.5,-6.72276e-08,678.662,107975,2.26339e-07,768.083,125705,3.69212e-07,869.267,144088,2.04077e-07,983.76,162277,-2.80509e-07,1113.3,179223,-4.22737e-07,1259.87,193777,-1.71951e-07,1425.68,204839,4.55555e-07,11.7194,11.96,12.6541,2.21263,4.16949,0.989383,2.67766,5.84076,0.311842,3.14343,7.55825,0.0972771,3.63127,9.58578,0.0303237,4.15787,12.0912,0.00945211,4.73731,15.2286,0.00294633,5.38238,19.1721,0.000918508,6.10553,24.134,0.000286163,6.91951,30.3791,8.92692e-05,7.83792,38.2397,2.78121e-05,8.87555,48.1338,8.65134e-06,10.0489,60.5876,2.7882e-06,11.3761,76.2629,8.29036e-07,12.8779,95.9927,2.4373e-07,14.5775,120.825,1e-08,16.5012,152.08,1.75749e-07,18.6784,191.415,1e-08,21.1428,240.917,1.91829e-07,23.9322,303.213,1e-08,27.0895,381.602,7.0186e-08,30.6634,480.231,1e-08,34.7087,604.316,2.40784e-07,39.2876,760.401,9.87368e-08,44.4705,956.705,1.22263e-07,50.3371,1203.54,1e-08,56.9776,1513.81,1e-08,64.494,1903.69,1e-08,73.0018,2393.4,3.9185e-07,82.6317,3008.13,1.35379e-07,93.5318,3779.25,1e-08,105.869,4745.7,2.06965e-08,119.834,5955.6,1e-08,135.641,7468.12,1e-08,153.531,9355.62,2.00739e-07,173.781,11705.8,2.28358e-07,196.701,14624.1,1e-08,222.642,18235,1e-08,252.003,22683.4,1e-08,285.234,28134,1e-08,322.845,34767,2.34258e-07,365.413,42770.9,2.99668e-07,413.588,52327.9,8.28644e-08,468.111,63591.2,1e-08,529.814,76653.2,1e-08,599.642,91502.5,1e-08,678.662,107975,2.26339e-07,768.083,125705,3.69212e-07,869.267,144088,2.04077e-07,983.76,162277,1e-08,1113.3,179223,1e-08,1259.87,193777,1e-08,1425.68,204839,4.55555e-07,6.2823,3.27286,2.43537,0.219672,6.18826,2.24117,0.56371,6.87772,2.63624,0.308279,4,3,10,2,4,0,2,3,1,8,8,0,8,6,0,3,24,0,1,17,0,4,21,0,6,12,0,13,34,0,9,61,0,7,45,0,10,42,0,12,23,0,6,63,0,16,288,0,3,105,0,24,242,0,16,288,0,9,352,0,20,363,0,63,662,0,16,370,0,23,963,0,43,677,0,56,1544,0,36,1376,0,80,1193,0,95,2468,0,86,3460,0,169,3460,0,87,2357,0,108,11696,0,169,11825,0,183,11109,0,193,9684,0,199,14901,0,163,13125,0,597,38688,0,425,42839,0,298,32200,0,591,36189,0,266,86955,0,702,71140,0,339,46969,0,609,59423,0,400,91469,0,281,82368,0,606,157100,0,936,263648,0,1498,196424,0,596,137487,0,793,96031,0
-1.05176e+08,0.999999,8.88811e-15,10,1023,0,1.05176e+08,0.528882,1.08665,0.389689,0.145397,0.379329,3.24381,0.161596,0.446195,1.77396,0.159177,1.15e+07,4.49998e+06,6.79999e+06,1.15e+07,4.49997e+06,6.79999e+06,1.15e+07,4.49996e+06,6.79999e+06,1.15e+07,4.49995e+06,6.79999e+06,1.14999e+07,4.49993e+06,6.79999e+06,1.14999e+07,4.49991e+06,6.79999e+06,1.14999e+07,4.49989e+06,6.79999e+06,1.14999e+07,4.49986e+06,6.79999e+06,1.14999e+07,4.49982e+06,6.79999e+06,1.14999e+07,4.49977e+06,6.79999e+06,1.14999e+07,4.49971e+06,6.79999e+06,1.14999e+07,4.49963e+06,6.79999e+06,1.14998e+07,4.49953e+06,6.79999e+06,1.14998e+07,4.49941e+06,6.79999e+06,1.14998e+07,4.49926e+06,6.79999e+06,1.14998e+07,4.49906e+06,6.79999e+06,1.14997e+07,4.49882e+06,6.79999e+06,1.14997e+07,4.49851e+06,6.79999e+06,1.14997e+07,4.49812e+06,6.79999e+06,1.14996e+07,4.49764e+06,6.79999e+06,1.14996e+07,4.49702e+06,6.79999e+06,1.14995e+07,4.49625e+06,6.79999e+06,1.14995e+07,4.49528e+06,6.79999e+06,1.14994e+07,4.49406e+06,6.79999e+06,1.14993e+07,4.49253e+06,6.79999e+06,1.14992e+07,4.49059e+06,6.79999e+06,1.14991e+07,4.48817e+06,6.79999e+06,1.1499e+07,4.48511e+06,6.79999e+06,1.14988e+07,4.48128e+06,6.79999e+06,1.14987e+07,4.47646e+06,6.79999e+06,1.14985e+07,4.47041e+06,6.79999e+06,1.14983e+07,4.46281e+06,6.79999e+06,1.14981e+07,4.4533e+06,6.79999e+06,1.14979e+07,4.44138e+06,6.79999e+06,1.14976e+07,4.42649e+06,6.79999e+06,1.14972e+07,4.40789e+06,6.79999e+06,1.14969e+07,4.38471e+06,6.79999e+06,1.14965e+07,4.35592e+06,6.79999e+06,1.1496e+07,4.32027e+06,6.79999e+06,1.14955e+07,4.27629e+06,6.79999e+06,1.14949e+07,4.22231e+06,6.79999e+06,1.14942e+07,4.15647e+06,6.79999e+06,1.14934e+07,4.07676e+06,6.79999e+06,1.14926e+07,3.98112e+06,6.79999e+06,1.14916e+07,3.86765e+06,6.79999e+06,1.14905e+07,3.73474e+06,6.79999e+06,1.14892e+07,3.58148e+06,6.79999e+06,1.14878e+07,3.40785e+06,6.79999e+06,1.14862e+07,3.21513e+06,6.79999e+06,1.14844e+07,3.00605e+06,6.79999e+06,1.14823e+07,2.7848e+06,6.79999e+06,1.148e+07,2.5568e+06,6.79999e+06,1.14773e+07,2.32825e+06,6.79999e+06,13.5742,8.52444,0.508366,16.8306,13.2585,0.162638,20.0035,17.569,0.0507846,23.2616,22.4214,0.0158319,26.7328,28.3297,0.00493498,30.5212,35.6974,0.00153831,34.7178,44.9473,0.000479527,39.4086,56.5822,0.000149456,44.6796,71.2245,4.66214e-05,50.6209,89.6543,1.45419e-05,57.3297,112.852,4.54748e-06,64.9129,142.051,1.43857e-06,73.4897,178.803,4.36618e-07,83.1934,225.062,1.40153e-07,94.1745,283.286,4.96378e-08,106.602,356.568,1.05434e-07,120.669,448.799,-6.49244e-08,136.59,564.873,1.70148e-07,154.611,710.948,-5.34594e-08,175.008,894.767,1.63407e-07,198.097,1126.06,8.04804e-08,224.231,1417.07,1.14667e-07,253.813,1783.15,-1.71227e-07,287.297,2243.62,-2.88466e-07,325.198,2822.67,-4.33651e-07,368.098,3550.67,7.9318e-08,416.657,4465.65,3.13319e-07,471.621,5615.16,3.4613e-07,533.835,7058.61,-1.19199e-07,604.255,8870.02,-2.79964e-07,683.962,11141.4,-2.30521e-07,774.182,13986.7,-2.55099e-07,876.299,17546.4,1.23585e-07,991.883,21993.1,1.41192e-07,1122.71,27536.7,-9.71886e-08,1270.78,34430.7,-3.68368e-07,1438.38,42977.7,-3.45379e-07,1628.07,53532.7,-3.25328e-09,1842.77,66504.6,2.6362e-07,2085.77,82350.2,2.53445e-07,2360.79,101560,-2.47407e-08,2672.05,124632,-3.80602e-07,3024.31,152018,-4.79005e-07,3422.98,184060,-1.14379e-07,3874.15,220884,2.64297e-07,4384.72,262283,3.44131e-07,4962.49,307576,7.5349e-08,5616.29,355497,-3.63097e-07,6356.1,404126,-6.05442e-07,7193.18,450932,-2.72333e-07,8140.28,492963,2.29675e-07,9211.79,527178,4.3387e-07,10424,550893,-1.0711e-07,10.102,8.06553,2.81012,10.6436,8.57909,0.869423,11.5336,10.2515,0.270869,12.7211,12.7138,0.0844293,14.1823,15.9373,0.0263173,15.9122,20.0383,0.0082035,17.9198,25.2154,0.00255722,20.2244,31.7373,0.000797017,22.8539,39.9486,0.000248622,25.8438,50.2851,7.75492e-05,29.237,63.2963,2.42508e-05,33.0837,79.6738,7.67162e-06,37.4415,100.288,2.32837e-06,42.3767,126.236,7.33e-07,47.9646,158.896,2.79256e-07,54.2906,200.003,9.87351e-09,61.452,251.741,1.61085e-07,69.5585,316.859,-2.47141e-07,78.7347,398.812,8.93552e-08,89.1218,501.948,-2.53231e-07,100.879,631.736,-1.25047e-07,114.188,795.049,-1.78808e-07,129.252,1000.53,2.6733e-07,146.304,1259.03,4.50292e-07,165.605,1584.19,6.76904e-07,187.452,1993.12,-1.23808e-07,212.181,2507.27,-4.89068e-07,240.173,3153.54,-5.40284e-07,271.856,3965.56,1.86061e-07,307.719,4985.38,4.37004e-07,348.313,6265.4,3.59828e-07,394.26,7870.83,3.98192e-07,446.268,9882.51,-1.92908e-07,505.135,12400.3,-2.20392e-07,571.766,15546.9,1.51705e-07,647.184,19472.2,5.74996e-07,732.547,24357.4,5.39112e-07,829.167,30420,5.07815e-09,938.526,37916.3,-4.11492e-07,1062.3,47143.9,-3.9561e-07,1202.4,58439.2,3.86185e-08,1360.96,72169.3,5.94093e-07,1540.42,88715.8,7.47693e-07,1743.53,108445,1.78537e-07,1973.41,131665,-4.12549e-07,2233.57,158557,-5.37164e-07,2528,189103,-1.17615e-07,2861.2,222986,5.66769e-07,3238.27,259510,9.45053e-07,3664.97,297540,4.25093e-07,4147.81,335497,-3.58506e-07,4694.17,371444,-6.7724e-07,5312.37,403256,1.67192e-07,1.61744,3.89446,9.84394,3.28846,7.5504,12.774,5.07607,11.7187,13.6844,7.03202,16.8147,13.9681,9.20215,23.1769,14.0566,11.6301,31.1672,14.0841,14.3598,41.2186,14.0927,17.4376,53.8688,14.0954,20.9137,69.7915,14.0962,24.8432,89.8341,14.0965,29.2879,115.063,14.0966,34.3168,146.819,14.0966,40.0078,186.792,14.0966,46.4487,237.107,14.0966,53.7388,300.44,14.0966,61.9903,380.158,14.0966,71.3301,480.499,14.0966,81.902,606.796,14.0966,93.8685,765.761,14.0966,107.414,965.837,14.0966,122.746,1217.65,14.0966,140.101,1534.57,14.0966,159.745,1933.41,14.0966,181.981,2435.3,14.0966,207.15,3066.85,14.0966,235.64,3861.46,14.0966,267.889,4861.11,14.0966,304.391,6118.54,14.0966,345.709,7699.91,14.0966,392.478,9688.22,14.0966,445.417,12187.5,14.0966,505.339,15327.7,14.0966,573.165,19271.6,14.0966,649.938,24222,14.0966,736.839,30430.9,14.0966,835.202,38211.5,14.0966,946.539,47950.3,14.0966,1072.56,60122.8,14.0966,1215.21,75309.9,14.0966,1376.66,94216.2,14.0966,1559.41,117688,14.0966,1766.26,146729,14.0966,2000.39,182510,14.0966,2265.39,226372,14.0966,2565.33,279806,14.0966,2904.81,344416,14.0966,3289.05,421845,14.0966,3723.93,513667,14.0966,4216.13,621231,14.0966,4773.18,745478,14.0966,5403.64,886744,14.0966,6117.15,1.04457e+06,14.0966,6924.63,1.2176e+06,14.0966,11.7194,11.96,12.6541,13.9321,16.1295,13.6434,16.6097,21.9702,13.9553,19.7532,29.5285,14.0526,23.3844,39.1143,14.0829,27.5423,51.2054,14.0923,32.2796,66.434,14.0953,37.662,85.6061,14.0962,43.7675,109.74,14.0965,50.687,140.119,14.0966,58.5249,178.359,14.0966,67.4005,226.493,14.0966,77.4493,287.08,14.0966,88.8254,363.343,14.0966,101.703,459.336,14.0966,116.281,580.161,14.0966,132.782,732.241,14.0966,151.46,923.655,14.0966,172.603,1164.57,14.0966,196.535,1467.79,14.0966,223.625,1849.39,14.0966,254.288,2329.62,14.0966,288.997,2933.93,14.0966,328.285,3694.33,14.0966,372.755,4651.04,14.0966,423.092,5854.57,14.0966,480.07,7368.38,14.0966,544.564,9272.08,14.0966,617.566,11665.5,14.0966,700.197,14673.6,14.0966,793.729,18452.9,14.0966,899.599,23198.6,14.0966,1019.43,29154.1,14.0966,1155.07,36622.3,14.0966,1308.6,45977.9,14.0966,1482.39,57683.7,14.0966,1679.09,72307.8,14.0966,1901.73,90542.8,14.0966,2153.73,113226,14.0966,2438.97,141360,14.0966,2761.81,176127,14.0966,3127.22,218898,14.0966,3540.81,271226,14.0966,4008.92,334817,14.0966,4538.74,411470,14.0966,5138.38,502973,14.0966,5817.04,610948,14.0966,6585.12,736653,14.0966,7454.39,880741,14.0966,8438.15,1.04302e+06,14.0966,9551.45,1.22224e+06,14.0966,10811.3,1.41602e+06,14.0966,12237,1.62086e+06,14.0966,11.7194,11.96,12.6541,2.21263,4.16949,0.989383,2.67766,5.84076,0.311842,3.14343,7.55825,0.0972771,3.63127,9.58578,0.0303237,4.15787,12.0912,0.00945211,4.73731,15.2286,0.00294633,5.38238,19.1721,0.000918508,6.10553,24.134,0.000286163,6.91951,30.3791,8.92692e-05,7.83792,38.2397,2.78121e-05,8.87555,48.1338,8.65134e-06,10.0489,60.5876,2.7882e-06,11.3761,76.2629,8.29036e-07,12.8779,95.9927,2.4373e-07,14.5775,120.825,4.33068e-09,16.5012,152.08,1.75749e-07,18.6784,191.415,-1.86328e-07,21.1428,240.917,1.91829e-07,23.9322,303.213,-1.81475e-07,27.0895,381.602,7.0186e-08,30.6634,480.231,-2.86769e-08,34.7087,604.316,2.40784e-07,39.2876,760.401,9.87368e-08,44.4705,956.705,1.22263e-07,50.3371,1203.54,-4.31966e-07,56.9776,1513.81,-1.9705e-07,64.494,1903.69,-2.763e-08,73.0018,2393.4,3.9185e-07,82.6317,3008.13,1.35379e-07,93.5318,3779.25,-4.16351e-08,105.869,4745.7,2.06965e-08,119.834,5955.6,-3.18887e-07,135.641,7468.12,-1.48271e-08,153.531,9355.62,2.00739e-07,173.781,11705.8,2.28358e-07,196.701,14624.1,-1.93587e-08,222.642,18235,-2.88101e-07,252.003,22683.4,-2.24732e-07,285.234,28134,8.56806e-09,322.845,34767,2.34258e-07,365.413,42770.9,2.99668e-07,413.588,52327.9,8.28644e-08,468.111,63591.2,-3.07049e-07,529.814,76653.2,-3.1888e-07,599.642,91502.5,-6.72276e-08,678.662,107975,2.26339e-07,768.083,125705,3.69212e-07,869.267,144088,2.04077e-07,983.76,162277,-2.80509e-07,1113.3,179223,-4.22737e-07,1259.87,193777,-1.71951e-07,1425.68,204839,4.55555e-07,11.7194,11.96,12.6541,2.21263,4.16949,0.989383,2.67766,5.84076,0.311842,3.14343,7.55825,0.0972771,3.63127,9.58578,0.0303237,4.15787,12.0912,0.00945211,4.73731,15.2286,0.00294633,5.38238,19.1721,0.000918508,6.10553,24.134,0.000286163,6.91951,30.3791,8.92692e-05,7.83792,38.2397,2.78121e-05,8.87555,48.1338,8.65134e-06,10.0489,60.5876,2.7882e-06,11.3761,76.2629,8.29036e-07,12.8779,95.9927,2.4373e-07,14.5775,120.825,1e-08,16.5012,152.08,1.75749e-07,18.6784,191.415,1e-08,21.1428,240.917,1.91829e-07,23.9322,303.213,1e-08,27.0895,381.602,7.0186e-08,30.6634,480.231,1e-08,34.7087,604.316,2.40784e-07,39.2876,760.401,9.87368e-08,44.4705,956.705,1.22263e-07,50.3371,1203.54,1e-08,56.9776,1513.81,1e-08,64.494,1903.69,1e-08,73.0018,2393.4,3.9185e-07,82.6317,3008.13,1.35379e-07,93.5318,3779.25,1e-08,105.869,4745.7,2.06965e-08,119.834,5955.6,1e-08,135.641,7468.12,1e-08,153.531,9355.62,2.00739e-07,173.781,11705.8,2.28358e-07,196.701,14624.1,1e-08,222.642,18235,1e-08,252.003,22683.4,1e-08,285.234,28134,1e-08,322.845,34767,2.34258e-07,365.413,42770.9,2.99668e-07,413.588,52327.9,8.28644e-08,468.111,63591.2,1e-08,529.814,76653.2,1e-08,599.642,91502.5,1e-08,678.662,107975,2.26339e-07,768.083,125705,3.69212e-07,869.267,144088,2.04077e-07,983.76,162277,1e-08,1113.3,179223,1e-08,1259.87,193777,1e-08,1425.68,204839,4.55555e-07,6.2823,3.27286,2.43537,0.219672,6.18826,2.24117,0.56371,6.87772,2.63624,0.308279,5,11,15,2,8,1,2,7,0,0,4,0,5,6,0,4,4,0,1,41,0,3,48,0,1,13,0,4,20,0,9,24,0,6,45,0,19,90,0,6,88,0,14,94,0,10,131,0,11,141,0,13,123,0,13,174,0,25,239,0,16,257,0,33,396,0,51,572,0,69,655,0,95,826,0,52,782,0,59,2139,0,106,2966,0,55,2542,0,88,2651,0,100,5770,0,170,3315,0,120,6492,0,140,5517,0,129,6141,0,118,7160,0,225,5521,0,187,17122,0,124,12613,0,208,45387,0,587,25789,0,394,62676,0,378,41920,0,290,66892,0,569,63296,0,1283,100520,0,548,226584,0,444,102059,0,1424,207098,0,617,185535,0,678,316431,0,762,200393,0,1248,329740,0
-1.05176e+08,1,8.88811e-15,10,1023,0,1.05176e+08,0.528882,1.08665,0.389689,0.145397,0.379329,3.24381,0.161596,0.446195,1.77396,0.159177,1.15e+07,4.49998e+06,6.79999e+06,1.15e+07,4.49997e+06,6.79999e+06,1.15e+07,4.49996e+06,6.79999e+06,1.15e+07,4.49995e+06,6.79999e+06,1.14999e+07,4.49993e+06,6.79999e+06,1.14999e+07,4.49991e+06,6.79999e+06,1.14999e+07,4.49989e+06,6.79999e+06,1.14999e+07,4.49986e+06,6.79999e+06,1.14999e+07,4.49982e+06,6.79999e+06,1.14999e+07,4.49977e+06,6.79999e+06,1.14999e+07,4.49971e+06,6.79999e+06,1.14999e+07,4.49963e+06,6.79999e+06,1.14998e+07,4.49953e+06,6.79999e+06,1.14998e+07,4.49941e+06,6.79999e+06,1.14998e+07,4.49926e+06,6.79999e+06,1.14998e+07,4.49906e+06,6.79999e+06,1.14997e+07,4.49882e+06,6.79999e+06,1.14997e+07,4.49851e+06,6.79999e+06,1.14997e+07,4.49812e+06,6.79999e+06,1.14996e+07,4.49764e+06,6.79999e+06,1.14996e+07,4.49702e+06,6.79999e+06,1.14995e+07,4.49625e+06,6.79999e+06,1.14995e+07,4.49528e+06,6.79999e+06,1.14994e+07,4.49406e+06,6.79999e+06,1.14993e+07,4.49253e+06,6.79999e+06,1.14992e+07,4.49059e+06,6.79999e+06,1.14991e+07,4.48817e+06,6.79999e+06,1.1499e+07,4.48511e+06,6.79999e+06,1.14988e+07,4.48128e+06,6.79999e+06,1.14987e+07,4.47646e+06,6.79999e+06,1.14985e+07,4.47041e+06,6.79999e+06,1.14983e+07,4.46281e+06,6.79999e+06,1.14981e+07,4.4533e+06,6.79999e+06,1.14979e+07,4.44138e+06,6.79999e+06,1.14976e+07,4.42649e+06,6.79999e+06,1.14972e+07,4.40789e+06,6.79999e+06,1.14969e+07,4.38471e+06,6.79999e+06,1.14965e+07,4.35592e+06,6.79999e+06,1.1496e+07,4.32027e+06,6.79999e+06,1.14955e+07,4.27629e+06,6.79999e+06,1.14949e+07,4.22231e+06,6.79999e+06,1.14942e+07,4.15647e+06,6.79999e+06,1.14934e+07,4.07676e+06,6.79999e+06,1.14926e+07,3.98112e+06,6.79999e+06,1.14916e+07,3.86765e+06,6.79999e+06,1.14905e+07,3.73474e+06,6.79999e+06,1.14892e+07,3.58148e+06,6.79999e+06,1.14878e+07,3.40785e+06,6.79999e+06,1.14862e+07,3.21513e+06,6.79999e+06,1.14844e+07,3.00605e+06,6.79999e+06,1.14823e+07,2.7848e+06,6.79999e+06,1.148e+07,2.5568e+06,6.79999e+06,1.14773e+07,2.32825e+06,6.79999e+06,13.5742,8.52444,0.508366,16.8306,13.2585,0.162638,20.0035,17.569,0.0507846,23.2616,22.4214,0.0158319,26.7328,28.3297,0.00493498,30.5212,35.6974,0.00153831,34.7178,44.9473,0.000479527,39.4086,56.5822,0.000149456,44.6796,71.2245,4.66214e-05,50.6209,89.6543,1.45419e-05,57.3297,112.852,4.54748e-06,64.9129,142.051,1.43857e-06,73.4897,178.803,4.36618e-07,83.1934,225.062,1.40153e-07,94.1745,283.286,4.96378e-08,106.602,356.568,1.05434e-07,120.669,448.799,-6.49244e-08,136.59,564.873,1.70148e-07,154.611,710.948,-5.34594e-08,175.008,894.767,1.63407e-07,198.097,1126.06,8.04804e-08,224.231,1417.07,1.14667e-07,253.813,1783.15,-1.71227e-07,287.297,2243.62,-2.88466e-07,325.198,2822.67,-4.33651e-07,368.098,3550.67,7.9318e-08,416.657,4465.65,3.13319e-07,471.621,5615.16,3.4613e-07,533.835,7058.61,-1.19199e-07,604.255,8870.02,-2.79964e-07,683.962,11141.4,-2.30521e-07,774.182,13986.7,-2.55099e-07,876.299,17546.4,1.23585e-07,991.883,21993.1,1.41192e-07,1122.71,27536.7,-9.71886e-08,1270.78,34430.7,-3.68368e-07,1438.38,42977.7,-3.45379e-07,1628.07,53532.7,-3.25328e-09,1842.77,66504.6,2.6362e-07,2085.77,82350.2,2.53445e-07,2360.79,101560,-2.47407e-08,2672.05,124632,-3.80602e-07,3024.31,152018,-4.79005e-07,3422.98,184060,-1.14379e-07,3874.15,220884,2.64297e-07,4384.72,262283,3.44131e-07,4962.49,307576,7.5349e-08,5616.29,355497,-3.63097e-07,6356.1,404126,-6.05442e-07,7193.18,450932,-2.72333e-07,8140.28,492963,2.29675e-07,9211.79,527178,4.3387e-07,10424,550893,-1.0711e-07,10.102,8.06553,2.81012,10.6436,8.57909,0.869423,11.5336,10.2515,0.270869,12.7211,12.7138,0.0844293,14.1823,15.9373,0.0263173,15.9122,20.0383,0.0082035,17.9198,25.2154,0.00255722,20.2244,31.7373,0.000797017,22.8539,39.9486,0.000248622,25.8438,50.2851,7.75492e-05,29.237,63.2963,2.42508e-05,33.0837,79.6738,7.67162e-06,37.4415,100.288,2.32837e-06,42.3767,126.236,7.33e-07,47.9646,158.896,2.79256e-07,54.2906,200.003,9.87351e-09,61.452,251.741,1.61085e-07,69.5585,316.859,-2.47141e-07,78.7347,398.812,8.93552e-08,89.1218,501.948,-2.53231e-07,100.879,631.736,-1.25047e-07,114.188,795.049,-1.78808e-07,129.252,1000.53,2.6733e-07,146.304,1259.03,4.50292e-07,165.605,1584.19,6.76904e-07,187.452,1993.12,-1.23808e-07,212.181,2507.27,-4.89068e-07,240.173,3153.54,-5.40284e-07,271.856,3965.56,1.86061e-07,307.719,4985.38,4.37004e-07,348.313,6265.4,3.59828e-07,394.26,7870.83,3.98192e-07,446.268,9882.51,-1.92908e-07,505.135,12400.3,-2.20392e-07,571.766,15546.9,1.51705e-07,647.184,19472.2,5.74996e-07,732.547,24357.4,5.39112e-07,829.167,30420,5.07815e-09,938.526,37916.3,-4.11492e-07,1062.3,47143.9,-3.9561e-07,1202.4,58439.2,3.86185e-08,1360.96,72169.3,5.94093e-07,1540.42,88715.8,7.47693e-07,1743.53,108445,1.78537e-07,1973.41,131665,-4.12549e-07,2233.57,158557,-5.37164e-07,2528,189103,-1.17615e-07,2861.2,222986,5.66769e-07,3238.27,259510,9.45053e-07,3664.97,297540,4.25093e-07,4147.81,335497,-3.58506e-07,4694.17,371444,-6.7724e-07,5312.37,403256,1.67192e-07,1.61744,3.89446,9.84394,3.28846,7.5504,12.774,5.07607,11.7187,13.6844,7.03202,16.8147,13.9681,9.20215,23.1769,14.0566,11.6301,31.1672,14.0841,14.3598,41.2186,14.0927,17.4376,53.8688,14.0954,20.9137,69.7915,14.0962,24.8432,89.8341,14.0965,29.2879,115.063,14.0966,34.3168,146.819,14.0966,40.0078,186.792,14.0966,46.4487,237.107,14.0966,53.7388,300.44,14.0966,61.9903,380.158,14.0966,71.3301,480.499,14.0966,81.902,606.796,14.0966,93.8685,765.761,14.0966,107.414,965.837,14.0966,122.746,1217.65,14.0966,140.101,1534.57,14.0966,159.745,1933.41,14.0966,181.981,2435.3,14.0966,207.15,3066.85,14.0966,235.64,3861.46,14.0966,267.889,4861.11,14.0966,304.391,6118.54,14.0966,345.709,7699.91,14.0966,392.478,9688.22,14.0966,445.417,12187.5,14.0966,505.339,15327.7,14.0966,573.165,19271.6,14.0966,649.938,24222,14.0966,736.839,30430.9,14.0966,835.202,38211.5,14.0966,946.539,47950.3,14.0966,1072.56,60122.8,14.0966,1215.21,75309.9,14.0966,1376.66,94216.2,14.0966,1559.41,117688,14.0966,1766.26,146729,14.0966,2000.39,182510,14.0966,2265.39,226372,14.0966,2565.33,279806,14.0966,2904.81,344416,14.0966,3289.05,421845,14.0966,3723.93,513667,14.0966,4216.13,621231,14.0966,4773.18,745478,14.0966,5403.64,886744,14.0966,6117.15,1.04457e+06,14.0966,6924.63,1.2176e+06,14.0966,11.7194,11.96,12.6541,13.9321,16.1295,13.6434,16.6097,21.9702,13.9553,19.7532,29.5285,14.0526,23.3844,39.1143,14.0829,27.5423,51.2054,14.0923,32.2796,66.434,14.0953,37.662,85.6061,14.0962,43.7675,109.74,14.0965,50.687,140.119,14.0966,58.5249,178.359,14.0966,67.4005,226.493,14.0966,77.4493,287.08,14.0966,88.8254,363.343,14.0966,101.703,459.336,14.0966,116.281,580.161,14.0966,132.782,732.241,14.0966,151.46,923.655,14.0966,172.603,1164.57,14.0966,196.535,1467.79,14.0966,223.625,1849.39,14.0966,254.288,2329.62,14.0966,288.997,2933.93,14.0966,328.285,3694.33,14.0966,372.755,4651.04,14.0966,423.092,5854.57,14.0966,480.07,7368.38,14.0966,544.564,9272.08,14.0966,617.566,11665.5,14.0966,700.197,14673.6,14.0966,793.729,18452.9,14.0966,899.599,23198.6,14.0966,1019.43,29154.1,14.0966,1155.07,36622.3,14.0966,1308.6,45977.9,14.0966,1482.39,57683.7,14.0966,1679.09,72307.8,14.0966,1901.73,90542.8,14.0966,2153.73,113226,14.0966,2438.97,141360,14.0966,2761.81,176127,14.0966,3127.22,218898,14.0966,3540.81,271226,14.0966,4008.92,334817,14.0966,4538.74,411470,14.0966,5138.38,502973,14.0966,5817.04,610948,14.0966,6585.12,736653,14.0966,7454.39,880741,14.0966,8438.15,1.04302e+06,14.0966,9551.45,1.22224e+06,14.0966,10811.3,1.41602e+06,14.0966,12237,1.62086e+06,14.0966,11.7194,11.96,12.6541,2.21263,4.16949,0.989383,2.67766,5.84076,0.311842,3.14343,7.55825,0.0972771,3.63127,9.58578,0.0303237,4.15787,12.0912,0.00945211,4.73731,15.2286,0.00294633,5.38238,19.1721,0.000918508,6.10553,24.134,0.000286163,6.91951,30.3791,8.92692e-05,7.83792,38.2397,2.78121e-05,8.87555,48.1338,8.65134e-06,10.0489,60.5876,2.7882e-06,11.3761,76.2629,8.29036e-07,12.8779,95.9927,2.4373e-07,14.5775,120.825,4.33068e-09,16.5012,152.08,1.75749e-07,18.6784,191.415,-1.86328e-07,21.1428,240.917,1.91829e-07,23.9322,303.213,-1.81475e-07,27.0895,381.602,7.0186e-08,30.6634,480.231,-2.86769e-08,34.7087,604.316,2.40784e-07,39.2876,760.401,9.87368e-08,44.4705,956.705,1.22263e-07,50.3371,1203.54,-4.31966e-07,56.9776,1513.81,-1.9705e-07,64.494,1903.69,-2.763e-08,73.0018,2393.4,3.9185e-07,82.6317,3008.13,1.35379e-07,93.5318,3779.25,-4.16351e-08,105.869,4745.7,2.06965e-08,119.834,5955.6,-3.18887e-07,135.641,7468.12,-1.48271e-08,153.531,9355.62,2.00739e-07,173.781,11705.8,2.28358e-07,196.701,14624.1,-1.93587e-08,222.642,18235,-2.88101e-07,252.003,22683.4,-2.24732e-07,285.234,28134,8.56806e-09,322.845,34767,2.34258e-07,365.413,42770.9,2.99668e-07,413.588,52327.9,8.28644e-08,468.111,63591.2,-3.07049e-07,529.814,76653.2,-3.1888e-07,599.642,91502.5,-6.72276e-08,678.662,107975,2.26339e-07,768.083,125705,3.69212e-07,869.267,144088,2.04077e-07,983.76,162277,-2.80509e-07,1113.3,179223,-4.22737e-07,1259.87,193777,-1.71951e-07,1425.68,204839,4.55555e-07,11.7194,11.96,12.6541,2.21263,4.16949,0.989383,2.67766,5.84076,0.311842,3.14343,7.55825,0.0972771,3.63127,9.58578,0.0303237,4.15787,12.0912,0.00945211,4.73731,15.2286,0.00294633,5.38238,19.1721,0.000918508,6.10553,24.134,0.000286163,6.91951,30.3791,8.92692e-05,7.83792,38.2397,2.78121e-05,8.87555,48.1338,8.65134e-06,10.0489,60.5876,2.7882e-06,11.3761,76.2629,8.29036e-07,12.8779,95.9927,2.4373e-07,14.5775,120.825,1e-08,16.5012,152.08,1.75749e-07,18.6784,191.415,1e-08,21.1428,240.917,1.91829e-07,23.9322,303.213,1e-08,27.0895,381.602,7.0186e-08,30.6634,480.231,1e-08,34.7087,604.316,2.40784e-07,39.2876,760.401,9.87368e-08,44.4705,956.705,1.22263e-07,50.3371,1203.54,1e-08,56.9776,1513.81,1e-08,64.494,1903.69,1e-08,73.0018,2393.4,3.9185e-07,82.6317,3008.13,1.35379e-07,93.5318,3779.25,1e-08,105.869,4745.7,2.06965e-08,119.834,5955.6,1e-08,135.641,7468.12,1e-08,153.531,9355.62,2.00739e-07,173.781,11705.8,2.28358e-07,196.701,14624.1,1e-08,222.642,18235,1e-08,252.003,22683.4,1e-08,285.234,28134,1e-08,322.845,34767,2.34258e-07,365.413,42770.9,2.99668e-07,413.588,52327.9,8.28644e-08,468.111,63591.2,1e-08,529.814,76653.2,1e-08,599.642,91502.5,1e-08,678.662,107975,2.26339e-07,768.083,125705,3.69212e-07,869.267,144088,2.04077e-07,983.76,162277,1e-08,1113.3,179223,1e-08,1259.87,193777,1e-08,1425.68,204839,4.55555e-07,6.2823,3.27286,2.43537,0.219672,6.18826,2.24117,0.56371,6.87772,2.63624,0.308279,15,17,23,2,2,0,1,1,0,6,8,0,2,6,0,4,15,0,13,20,0,7,14,0,14,21,0,1,50,0,4,27,0,8,37,0,10,101,0,4,53,0,14,112,0,19,84,0,13,75,0,30,211,0,26,207,0,11,197,0,19,773,0,23,350,0,38,506,0,44,1877,0,47,661,0,41,1596,0,21,1097,0,59,2134,0,58,2192,0,56,4524,0,65,3747,0,148,5237,0,125,5135,0,130,6388,0,239,7949,0,52,12947,0,169,5188,0,235,14643,0,156,16557,0,251,17816,0,133,35801,0,410,21847,0,921,35813,0,427,96443,0,940,56459,0,405,38299,0,600,132068,0,599,200013,0,544,58411,0,939,123114,0,1014,120324,0,1016,92613,0,2251,437782,0
-1.05176e+08,1,8.88811e-15,10,1023,0,1.05176e+08,0.528882,1.08665,0.389689,0.145397,0.379329,3.24381,0.161596,0.446195,1.77396,0.159177,1.15e+07,4.49998e+06,6.79999e+06,1.15e+07,4.49997e+06,6.79999e+06,1.15e+07,4.49996e+06,6.79999e+06,1.15e+07,4.49995e+06,6.79999e+06,1.14999e+07,4.49993e+06,6.79999e+06,1.14999e+07,4.49991e+06,6.79999e+06,1.14999e+07,4.49989e+06,6.79999e+06,1.14999e+07,4.49986e+06,6.79999e+06,1.14999e+07,4.49982e+06,6.79999e+06,1.14999e+07,4.49977e+06,6.79999e+06,1.14999e+07,4.49971e+06,6.79999e+06,1.14999e+07,4.49963e+06,6.79999e+06,1.14998e+07,4.49953e+06,6.79999e+06,1.14998e+07,4.49941e+06,6.79999e+06,1.14998e+07,4.49926e+06,6.79999e+06,1.14998e+07,4.49906e+06,6.79999e+06,1.14997e+07,4.49882e+06,6.79999e+06,1.14997e+07,4.49851e+06,6.79999e+06,1.14997e+07,4.49812e+06,6.79999e+06,1.14996e+07,4.49764e+06,6.79999e+06,1.14996e+07,4.49702e+06,6.79999e+06,1.14995e+07,4.49625e+06,6.79999e+06,1.14995e+07,4.49528e+06,6.79999e+06,1.14994e+07,4.49406e+06,6.79999e+06,1.14993e+07,4.49253e+06,6.79999e+06,1.14992e+07,4.49059e+06,6.79999e+06,1.14991e+07,4.48817e+06,6.79999e+06,1.1499e+07,4.48511e+06,6.79999e+06,1.14988e+07,4.48128e+06,6.79999e+06,1.14987e+07,4.47646e+06,6.79999e+06,1.14985e+07,4.47041e+06,6.79999e+06,1.14983e+07,4.46281e+06,6.79999e+06,1.14981e+07,4.4533e+06,6.79999e+06,1.14979e+07,4.44138e+06,6.79999e+06,1.14976e+07,4.42649e+06,6.79999e+06,1.14972e+07,4.40789e+06,6.79999e+06,1.14969e+07,4.38471e+06,6.79999e+06,1.14965e+07,4.35592e+06,6.79999e+06,1.1496e+07,4.32027e+06,6.79999e+06,1.14955e+07,4.27629e+06,6.79999e+06,1.14949e+07,4.22231e+06,6.79999e+06,1.14942e+07,4.15647e+06,6.79999e+06,1.14934e+07,4.07676e+06,6.79999e+06,1.14926e+07,3.98112e+06,6.79999e+06,1.14916e+07,3.86765e+06,6.79999e+06,1.14905e+07,3.73474e+06,6.79999e+06,1.14892e+07,3.58148e+06,6.79999e+06,1.14878e+07,3.40785e+06,6.79999e+06,1.14862e+07,3.21513e+06,6.79999e+06,1.14844e+07,3.00605e+06,6.79999e+06,1.14823e+07,2.7848e+06,6.79999e+06,1.148e+07,2.5568e+06,6.79999e+06,1.14773e+07,2.32825e+06,6.79999e+06,13.5742,8.52444,0.508366,16.8306,13.2585,0.162638,20.0035,17.569,0.0507846,23.2616,22.4214,0.0158319,26.7328,28.3297,0.00493498,30.5212,35.6974,0.00153831,34.7178,44.9473,0.000479527,39.4086,56.5822,0.000149456,44.6796,71.2245,4.66214e-05,50.6209,89.6543,1.45419e-05,57.3297,112.852,4.54748e-06,64.9129,142.051,1.43857e-06,73.4897,178.803,4.36618e-07,83.1934,225.062,1.40153e-07,94.1745,283.286,4.96378e-08,106.602,356.568,1.05434e-07,120.669,448.799,-6.49244e-08,136.59,564.873,1.70148e-07,154.611,710.948,-5.34594e-08,175.008,894.767,1.63407e-07,198.097,1126.06,8.04804e-08,224.231,1417.07,1.14667e-07,253.813,1783.15,-1.71227e-07,287.297,2243.62,-2.88466e-07,325.198,2822.67,-4.33651e-07,368.098,3550.67,7.9318e-08,416.657,4465.65,3.13319e-07,471.621,5615.16,3.4613e-07,533.835,7058.61,-1.19199e-07,604.255,8870.02,-2.79964e-07,683.962,11141.4,-2.30521e-07,774.182,13986.7,-2.55099e-07,876.299,17546.4,1.23585e-07,991.883,21993.1,1.41192e-07,1122.71,27536.7,-9.71886e-08,1270.78,34430.7,-3.68368e-07,1438.38,42977.7,-3.45379e-07,1628.07,53532.7,-3.25328e-09,1842.77,66504.6,2.6362e-07,2085.77,82350.2,2.53445e-07,2360.79,101560,-2.47407e-08,2672.05,124632,-3.80602e-07,3024.31,152018,-4.79005e-07,3422.98,184060,-1.14379e-07,3874.15,220884,2.64297e-07,4384.72,262283,3.44131e-07,4962.49,307576,7.5349e-08,5616.29,355497,-3.63097e-07,6356.1,404126,-6.05442e-07,7193.18,450932,-2.72333e-07,8140.28,492963,2.29675e-07,9211.79,527178,4.3387e-07,10424,550893,-1.0711e-07,10.102,8.06553,2.81012,10.6436,8.57909,0.869423,11.5336,10.2515,0.270869,12.7211,12.7138,0.0844293,14.1823,15.9373,0.0263173,15.9122,20.0383,0.0082035,17.9198,25.2154,0.00255722,20.2244,31.7373,0.000797017,22.8539,39.9486,0.000248622,25.8438,50.2851,7.75492e-05,29.237,63.2963,2.42508e-05,33.0837,79.6738,7.67162e-06,37.4415,100.288,2.32837e-06,42.3767,126.236,7.33e-07,47.9646,158.896,2.79256e-07,54.2906,200.003,9.87351e-09,61.452,251.741,1.61085e-07,69.5585,316.859,-2.47141e-07,78.7347,398.812,8.93552e-08,89.1218,501.948,-2.53231e-07,100.879,631.736,-1.25047e-07,114.188,795.049,-1.78808e-07,129.252,1000.53,2.6733e-07,146.304,1259.03,4.50292e-07,165.605,1584.19,6.76904e-07,187.452,1993.12,-1.23808e-07,212.181,2507.27,-4.89068e-07,240.173,3153.54,-5.40284e-07,271.856,3965.56,1.86061e-07,307.719,4985.38,4.37004e-07,348.313,6265.4,3.59828e-07,394.26,7870.83,3.98192e-07,446.268,9882.51,-1.92908e-07,505.135,12400.3,-2.20392e-07,571.766,15546.9,1.51705e-07,647.184,19472.2,5.74996e-07,732.547,24357.4,5.39112e-07,829.167,30420,5.07815e-09,938.526,37916.3,-4.11492e-07,1062.3,47143.9,-3.9561e-07,1202.4,58439.2,3.86185e-08,1360.96,72169.3,5.94093e-07,1540.42,88715.8,7.47693e-07,1743.53,108445,1.78537e-07,1973.41,131665,-4.12549e-07,2233.57,158557,-5.37164e-07,2528,189103,-1.17615e-07,2861.2,222986,5.66769e-07,3238.27,259510,9.45053e-07,3664.97,297540,4.25093e-07,4147.81,335497,-3.58506e-07,4694.17,371444,-6.7724e-07,5312.37,403256,1.67192e-07,1.61744,3.89446,9.84394,3.28846,7.5504,12.774,5.07607,11.7187,13.6844,7.03202,16.8147,13.9681,9.20215,23.1769,14.0566,11.6301,31.1672,14.0841,14.3598,41.2186,14.0927,17.4376,53.8688,14.0954,20.9137,69.7915,14.0962,24.8432,89.8341,14.0965,29.2879,115.063,14.0966,34.3168,146.819,14.0966,40.0078,186.792,14.0966,46.4487,237.107,14.0966,53.7388,300.44,14.0966,61.9903,380.158,14.0966,71.3301,480.499,14.0966,81.902,606.796,14.0966,93.8685,765.761,14.0966,107.414,965.837,14.0966,122.746,1217.65,14.0966,140.101,1534.57,14.0966,159.745,1933.41,14.0966,181.981,2435.3,14.0966,207.15,3066.85,14.0966,235.64,3861.46,14.0966,267.889,4861.11,14.0966,304.391,6118.54,14.0966,345.709,7699.91,14.0966,392.478,9688.22,14.0966,445.417,12187.5,14.0966,505.339,15327.7,14.0966,573.165,19271.6,14.0966,649.938,24222,14.0966,736.839,30430.9,14.0966,835.202,38211.5,14.0966,946.539,47950.3,14.0966,1072.56,60122.8,14.0966,1215.21,75309.9,14.0966,1376.66,94216.2,14.0966,1559.41,117688,14.0966,1766.26,146729,14.0966,2000.39,182510,14.0966,2265.39,226372,14.0966,2565.33,279806,14.0966,2904.81,344416,14.0966,3289.05,421845,14.0966,3723.93,513667,14.0966,4216.13,621231,14.0966,4773.18,745478,14.0966,5403.64,886744,14.0966,6117.15,1.04457e+06,14.0966,6924.63,1.2176e+06,14.0966,11.7194,11.96,12.6541,13.9321,16.1295,13.6434,16.6097,21.9702,13.9553,19.7532,29.5285,14.0526,23.3844,39.1143,14.0829,27.5423,51.2054,14.0923,32.2796,66.434,14.0953,37.662,85.6061,14.0962,43.7675,109.74,14.0965,50.687,140.119,14.0966,58.5249,178.359,14.0966,67.4005,226.493,14.0966,77.4493,287.08,14.0966,88.8254,363.343,14.0966,101.703,459.336,14.0966,116.281,580.161,14.0966,132.782,732.241,14.0966,151.46,923.655,14.0966,172.603,1164.57,14.0966,196.535,1467.79,14.0966,223.625,1849.39,14.0966,254.288,2329.62,14.0966,288.997,2933.93,14.0966,328.285,3694.33,14.0966,372.755,4651.04,14.0966,423.092,5854.57,14.0966,480.07,7368.38,14.0966,544.564,9272.08,14.0966,617.566,11665.5,14.0966,700.197,14673.6,14.0966,793.729,18452.9,14.0966,899.599,23198.6,14.0966,1019.43,29154.1,14.0966,1155.07,36622.3,14.0966,1308.6,45977.9,14.0966,1482.39,57683.7,14.0966,1679.09,72307.8,14.0966,1901.73,90542.8,14.0966,2153.73,113226,14.0966,2438.97,141360,14.0966,2761.81,176127,14.0966,3127.22,218898,14.0966,3540.81,271226,14.0966,4008.92,334817,14.0966,4538.74,411470,14.0966,5138.38,502973,14.0966,5817.04,610948,14.0966,6585.12,736653,14.0966,7454.39,880741,14.0966,8438.15,1.04302e+06,14.0966,9551.45,1.22224e+06,14.0966,10811.3,1.41602e+06,14.0966,12237,1.62086e+06,14.0966,11.7194,11.96,12.6541,2.21263,4.16949,0.989383,2.67766,5.84076,0.311842,3.14343,7.55825,0.0972771,3.63127,9.58578,0.0303237,4.15787,12.0912,0.00945211,4.73731,15.2286,0.00294633,5.38238,19.1721,0.000918508,6.10553,24.134,0.000286163,6.91951,30.3791,8.92692e-05,7.83792,38.2397,2.78121e-05,8.87555,48.1338,8.65134e-06,10.0489,60.5876,2.7882e-06,11.3761,76.2629,8.29036e-07,12.8779,95.9927,2.4373e-07,14.5775,120.825,4.33068e-09,16.5012,152.08,1.75749e-07,18.6784,191.415,-1.86328e-07,21.1428,240.917,1.91829e-07,23.9322,303.213,-1.81475e-07,27.0895,381.602,7.0186e-08,30.6634,480.231,-2.86769e-08,34.7087,604.316,2.40784e-07,39.2876,760.401,9.87368e-08,44.4705,956.705,1.22263e-07,50.3371,1203.54,-4.31966e-07,56.9776,1513.81,-1.9705e-07,64.494,1903.69,-2.763e-08,73.0018,2393.4,3.9185e-07,82.6317,3008.13,1.35379e-07,93.5318,3779.25,-4.16351e-08,105.869,4745.7,2.06965e-08,119.834,5955.6,-3.18887e-07,135.641,7468.12,-1.48271e-08,153.531,9355.62,2.00739e-07,173.781,11705.8,2.28358e-07,196.701,14624.1,-1.93587e-08,222.642,18235,-2.88101e-07,252.003,22683.4,-2.24732e-07,285.234,28134,8.56806e-09,322.845,34767,2.34258e-07,365.413,42770.9,2.99668e-07,413.588,52327.9,8.28644e-08,468.111,63591.2,-3.07049e-07,529.814,76653.2,-3.1888e-07,599.642,91502.5,-6.72276e-08,678.662,107975,2.26339e-07,768.083,125705,3.69212e-07,869.267,144088,2.04077e-07,983.76,162277,-2.80509e-07,1113.3,179223,-4.22737e-07,1259.87,193777,-1.71951e-07,1425.68,204839,4.55555e-07,11.7194,11.96,12.6541,2.21263,4.16949,0.989383,2.67766,5.84076,0.311842,3.14343,7.55825,0.0972771,3.63127,9.58578,0.0303237,4.15787,12.0912,0.00945211,4.73731,15.2286,0.00294633,5.38238,19.1721,0.000918508,6.10553,24.134,0.000286163,6.91951,30.3791,8.92692e-05,7.83792,38.2397,2.78121e-05,8.87555,48.1338,8.65134e-06,10.0489,60.5876,2.7882e-06,11.3761,76.2629,8.29036e-07,12.8779,95.9927,2.4373e-07,14.5775,120.825,1e-08,16.5012,152.08,1.75749e-07,18.6784,191.415,1e-08,21.1428,240.917,1.91829e-07,23.9322,303.213,1e-08,27.0895,381.602,7.0186e-08,30.6634,480.231,1e-08,34.7087,604.316,2.40784e-07,39.2876,760.401,9.87368e-08,44.4705,956.705,1.22263e-07,50.3371,1203.54,1e-08,56.9776,1513.81,1e-08,64.494,1903.69,1e-08,73.0018,2393.4,3.9185e-07,82.6317,3008.13,1.35379e-07,93.5318,3779.25,1e-08,105.869,4745.7,2.06965e-08,119.834,5955.6,1e-08,135.641,7468.12,1e-08,153.531,9355.62,2.00739e-07,173.781,11705.8,2.28358e-07,196.701,14624.1,1e-08,222.642,18235,1e-08,252.003,22683.4,1e-08,285.234,28134,1e-08,322.845,34767,2.34258e-07,365.413,42770.9,2.99668e-07,413.588,52327.9,8.28644e-08,468.111,63591.2,1e-08,529.814,76653.2,1e-08,599.642,91502.5,1e-08,678.662,107975,2.26339e-07,768.083,125705,3.69212e-07,869.267,144088,2.04077e-07,983.76,162277,1e-08,1113.3,179223,1e-08,1259.87,193777,1e-08,1425.68,204839,4.55555e-07,6.2823,3.27286,2.43537,0.219672,6.18826,2.24117,0.56371,6.87772,2.63624,0.308279,8,11,18,4,4,2,2,3,0,0,7,0,3,2,0,5,7,0,1,12,0,2,6,0,5,30,0,8,60,0,15,30,0,10,53,0,10,60,0,6,70,0,2,32,0,8,76,0,22,155,0,27,150,0,23,387,0,11,331,0,13,112,0,40,411,0,29,487,0,22,927,0,40,1162,0,73,1742,0,51,2276,0,40,2626,0,61,1826,0,66,3093,0,23,4081,0,185,4758,0,220,5654,0,91,3194,0,158,4176,0,123,12177,0,157,26433,0,380,10966,0,425,25580,0,500,35772,0,779,36748,0,311,15352,0,230,61594,0,793,82984,0,253,25747,0,461,130863,0,536,119224,0,417,85805,0,490,96619,0,1342,215652,0,1072,302159,0,1637,379376,0,1082,64070,0
-1.05176e+08,2.19006e-49,8.88811e-15,10,1023,0,1.05176e+08,0.528882,1.08665,0.389689,0.145397,0.379329,3.24381,0.161596,0.446195,1.77396,0.159177,1.15e+07,4.49998e+06,6.79999e+06,1.15e+07,4.49997e+06,6.79999e+06,1.15e+07,4.49996e+06,6.79999e+06,1.15e+07,4.49995e+06,6.79999e+06,1.14999e+07,4.49993e+06,6.79999e+06,1.14999e+07,4.49991e+06,6.79999e+06,1.14999e+07,4.49989e+06,6.79999e+06,1.14999e+07,4.49986e+06,6.79999e+06,1.14999e+07,4.49982e+06,6.79999e+06,1.14999e+07,4.49977e+06,6.79999e+06,1.14999e+07,4.49971e+06,6.79999e+06,1.14999e+07,4.49963e+06,6.79999e+06,1.14998e+07,4.49953e+06,6.79999e+06,1.14998e+07,4.49941e+06,6.79999e+06,1.14998e+07,4.49926e+06,6.79999e+06,1.14998e+07,4.49906e+06,6.79999e+06,1.14997e+07,4.49882e+06,6.79999e+06,1.14997e+07,4.49851e+06,6.79999e+06,1.14997e+07,4.49812e+06,6.79999e+06,1.14996e+07,4.49764e+06,6.79999e+06,1.14996e+07,4.49702e+06,6.79999e+06,1.14995e+07,4.49625e+06,6.79999e+06,1.14995e+07,4.49528e+06,6.79999e+06,1.14994e+07,4.49406e+06,6.79999e+06,1.14993e+07,4.49253e+06,6.79999e+06,1.14992e+07,4.49059e+06,6.79999e+06,1.14991e+07,4.48817e+06,6.79999e+06,1.1499e+07,4.48511e+06,6.79999e+06,1.14988e+07,4.48128e+06,6.79999e+06,1.14987e+07,4.47646e+06,6.79999e+06,1.14985e+07,4.47041e+06,6.79999e+06,1.14983e+07,4.46281e+06,6.79999e+06,1.14981e+07,4.4533e+06,6.79999e+06,1.14979e+07,4.44138e+06,6.79999e+06,1.14976e+07,4.42649e+06,6.79999e+06,1.14972e+07,4.40789e+06,6.79999e+06,1.14969e+07,4.38471e+06,6.79999e+06,1.14965e+07,4.35592e+06,6.79999e+06,1.1496e+07,4.32027e+06,6.79999e+06,1.14955e+07,4.27629e+06,6.79999e+06,1.14949e+07,4.22231e+06,6.79999e+06,1.14942e+07,4.15647e+06,6.79999e+06,1.14934e+07,4.07676e+06,6.79999e+06,1.14926e+07,3.98112e+06,6.79999e+06,1.14916e+07,3.86765e+06,6.79999e+06,1.14905e+07,3.73474e+06,6.79999e+06,1.14892e+07,3.58148e+06,6.79999e+06,1.14878e+07,3.40785e+06,6.79999e+06,1.14862e+07,3.21513e+06,6.79999e+06,1.14844e+07,3.00605e+06,6.79999e+06,1.14823e+07,2.7848e+06,6.79999e+06,1.148e+07,2.5568e+06,6.79999e+06,1.14773e+07,2.32825e+06,6.79999e+06,13.5742,8.52444,0.508366,16.8306,13.2585,0.162638,20.0035,17.569,0.0507846,23.2616,22.4214,0.0158319,26.7328,28.3297,0.00493498,30.5212,35.6974,0.00153831,34.7178,44.9473,0.000479527,39.4086,56.5822,0.000149456,44.6796,71.2245,4.66214e-05,50.6209,89.6543,1.45419e-05,57.3297,112.852,4.54748e-06,64.9129,142.051,1.43857e-06,73.4897,178.803,4.36618e-07,83.1934,225.062,1.40153e-07,94.1745,283.286,4.96378e-08,106.602,356.568,1.05434e-07,120.669,448.799,-6.49244e-08,136.59,564.873,1.70148e-07,154.611,710.948,-5.34594e-08,175.008,894.767,1.63407e-07,198.097,1126.06,8.04804e-08,224.231,1417.07,1.14667e-07,253.813,1783.15,-1.71227e-07,287.297,2243.62,-2.88466e-07,325.198,2822.67,-4.33651e-07,368.098,3550.67,7.9318e-08,416.657,4465.65,3.13319e-07,471.621,5615.16,3.4613e-07,533.835,7058.61,-1.19199e-07,604.255,8870.02,-2.79964e-07,683.962,11141.4,-2.30521e-07,774.182,13986.7,-2.55099e-07,876.299,17546.4,1.23585e-07,991.883,21993.1,1.41192e-07,1122.71,27536.7,-9.71886e-08,1270.78,34430.7,-3.68368e-07,1438.38,42977.7,-3.45379e-07,1628.07,53532.7,-3.25328e-09,1842.77,66504.6,2.6362e-07,2085.77,82350.2,2.53445e-07,2360.79,101560,-2.47407e-08,2672.05,124632,-3.80602e-07,3024.31,152018,-4.79005e-07,3422.98,184060,-1.14379e-07,3874.15,220884,2.64297e-07,4384.72,262283,3.44131e-07,4962.49,307576,7.5349e-08,5616.29,355497,-3.63097e-07,6356.1,404126,-6.05442e-07,7193.18,450932,-2.72333e-07,8140.28,492963,2.29675e-07,9211.79,527178,4.3387e-07,10424,550893,-1.0711e-07,10.102,8.06553,2.81012,10.6436,8.57909,0.869423,11.5336,10.2515,0.270869,12.7211,12.7138,0.0844293,14.1823,15.9373,0.0263173,15.9122,20.0383,0.0082035,17.9198,25.2154,0.00255722,20.2244,31.7373,0.000797017,22.8539,39.9486,0.000248622,25.8438,50.2851,7.75492e-05,29.237,63.2963,2.42508e-05,33.0837,79.6738,7.67162e-06,37.4415,100.288,2.32837e-06,42.3767,126.236,7.33e-07,47.9646,158.896,2.79256e-07,54.2906,200.003,9.87351e-09,61.452,251.741,1.61085e-07,69.5585,316.859,-2.47141e-07,78.7347,398.812,8.93552e-08,89.1218,501.948,-2.53231e-07,100.879,631.736,-1.25047e-07,114.188,795.049,-1.78808e-07,129.252,1000.53,2.6733e-07,146.304,1259.03,4.50292e-07,165.605,1584.19,6.76904e-07,187.452,1993.12,-1.23808e-07,212.181,2507.27,-4.89068e-07,240.173,3153.54,-5.40284e-07,271.856,3965.56,1.86061e-07,307.719,4985.38,4.37004e-07,348.313,6265.4,3.59828e-07,394.26,7870.83,3.98192e-07,446.268,9882.51,-1.92908e-07,505.135,12400.3,-2.20392e-07,571.766,15546.9,1.51705e-07,647.184,19472.2,5.74996e-07,732.547,24357.4,5.39112e-07,829.167,30420,5.07815e-09,938.526,37916.3,-4.11492e-07,1062.3,47143.9,-3.9561e-07,1202.4,58439.2,3.86185e-08,1360.96,72169.3,5.94093e-07,1540.42,88715.8,7.47693e-07,1743.53,108445,1.78537e-07,1973.41,131665,-4.12549e-07,2233.57,158557,-5.37164e-07,2528,189103,-1.17615e-07,2861.2,222986,5.66769e-07,3238.27,259510,9.45053e-07,3664.97,297540,4.25093e-07,4147.81,335497,-3.58506e-07,4694.17,371444,-6.7724e-07,5312.37,403256,1.67192e-07,1.61744,3.89446,9.84394,3.28846,7.5504,12.774,5.07607,11.7187,13.6844,7.03202,16.8147,13.9681,9.20215,23.1769,14.0566,11.6301,31.1672,14.0841,14.3598,41.2186,14.0927,17.4376,53.8688,14.0954,20.9137,69.7915,14.0962,24.8432,89.8341,14.0965,29.2879,115.063,14.0966,34.3168,146.819,14.0966,40.0078,186.792,14.0966,46.4487,237.107,14.0966,53.7388,300.44,14.0966,61.9903,380.158,14.0966,71.3301,480.499,14.0966,81.902,606.796,14.0966,93.8685,765.761,14.0966,107.414,965.837,14.0966,122.746,1217.65,14.0966,140.101,1534.57,14.0966,159.745,1933.41,14.0966,181.981,2435.3,14.0966,207.15,3066.85,14.0966,235.64,3861.46,14.0966,267.889,4861.11,14.0966,304.391,6118.54,14.0966,345.709,7699.91,14.0966,392.478,9688.22,14.0966,445.417,12187.5,14.0966,505.339,15327.7,14.0966,573.165,19271.6,14.0966,649.938,24222,14.0966,736.839,30430.9,14.0966,835.202,38211.5,14.0966,946.539,47950.3,14.0966,1072.56,60122.8,14.0966,1215.21,75309.9,14.0966,1376.66,94216.2,14.0966,1559.41,117688,14.0966,1766.26,146729,14.0966,2000.39,182510,14.0966,2265.39,226372,14.0966,2565.33,279806,14.0966,2904.81,344416,14.0966,3289.05,421845,14.0966,3723.93,513667,14.0966,4216.13,621231,14.0966,4773.18,745478,14.0966,5403.64,886744,14.0966,6117.15,1.04457e+06,14.0966,6924.63,1.2176e+06,14.0966,11.7194,11.96,12.6541,13.9321,16.1295,13.6434,16.6097,21.9702,13.9553,19.7532,29.5285,14.0526,23.3844,39.1143,14.0829,27.5423,51.2054,14.0923,32.2796,66.434,14.0953,37.662,85.6061,14.0962,43.7675,109.74,14.0965,50.687,140.119,14.0966,58.5249,178.359,14.0966,67.4005,226.493,14.0966,77.4493,287.08,14.0966,88.8254,363.343,14.0966,101.703,459.336,14.0966,116.281,580.161,14.0966,132.782,732.241,14.0966,151.46,923.655,14.0966,172.603,1164.57,14.0966,196.535,1467.79,14.0966,223.625,1849.39,14.0966,254.288,2329.62,14.0966,288.997,2933.93,14.0966,328.285,3694.33,14.0966,372.755,4651.04,14.0966,423.092,5854.57,14.0966,480.07,7368.38,14.0966,544.564,9272.08,14.0966,617.566,11665.5,14.0966,700.197,14673.6,14.0966,793.729,18452.9,14.0966,899.599,23198.6,14.0966,1019.43,29154.1,14.0966,1155.07,36622.3,14.0966,1308.6,45977.9,14.0966,1482.39,57683.7,14.0966,1679.09,72307.8,14.0966,1901.73,90542.8,14.0966,2153.73,113226,14.0966,2438.97,141360,14.0966,2761.81,176127,14.0966,3127.22,218898,14.0966,3540.81,271226,14.0966,4008.92,334817,14.0966,4538.74,411470,14.0966,5138.38,502973,14.0966,5817.04,610948,14.0966,6585.12,736653,14.0966,7454.39,880741,14.0966,8438.15,1.04302e+06,14.0966,9551.45,1.22224e+06,14.0966,10811.3,1.41602e+06,14.0966,12237,1.62086e+06,14.0966,11.7194,11.96,12.6541,2.21263,4.16949,0.989383,2.67766,5.84076,0.311842,3.14343,7.55825,0.0972771,3.63127,9.58578,0.0303237,4.15787,12.0912,0.00945211,4.73731,15.2286,0.00294633,5.38238,19.1721,0.000918508,6.10553,24.134,0.000286163,6.91951,30.3791,8.92692e-05,7.83792,38.2397,2.78121e-05,8.87555,48.1338,8.65134e-06,10.0489,60.5876,2.7882e-06,11.3761,76.2629,8.29036e-07,12.8779,95.9927,2.4373e-07,14.5775,120.825,4.33068e-09,16.5012,152.08,1.75749e-07,18.6784,191.415,-1.86328e-07,21.1428,240.917,1.91829e-07,23.9322,303.213,-1.81475e-07,27.0895,381.602,7.0186e-08,30.6634,480.231,-2.86769e-08,34.7087,604.316,2.40784e-07,39.2876,760.401,9.87368e-08,44.4705,956.705,1.22263e-07,50.3371,1203.54,-4.31966e-07,56.9776,1513.81,-1.9705e-07,64.494,1903.69,-2.763e-08,73.0018,2393.4,3.9185e-07,82.6317,3008.13,1.35379e-07,93.5318,3779.25,-4.16351e-08,105.869,4745.7,2.06965e-08,119.834,5955.6,-3.18887e-07,135.641,7468.12,-1.48271e-08,153.531,9355.62,2.00739e-07,173.781,11705.8,2.28358e-07,196.701,14624.1,-1.93587e-08,222.642,18235,-2.88101e-07,252.003,22683.4,-2.24732e-07,285.234,28134,8.56806e-09,322.845,34767,2.34258e-07,365.413,42770.9,2.99668e-07,413.588,52327.9,8.28644e-08,468.111,63591.2,-3.07049e-07,529.814,76653.2,-3.1888e-07,599.642,91502.5,-6.72276e-08,678.662,107975,2.26339e-07,768.083,125705,3.69212e-07,869.267,144088,2.04077e-07,983.76,162277,-2.80509e-07,1113.3,179223,-4.22737e-07,1259.87,193777,-1.71951e-07,1425.68,204839,4.55555e-07,11.7194,11.96,12.6541,2.21263,4.16949,0.989383,2.67766,5.84076,0.311842,3.14343,7.55825,0.0972771,3.63127,9.58578,0.0303237,4.15787,12.0912,0.00945211,4.73731,15.2286,0.00294633,5.38238,19.1721,0.000918508,6.10553,24.134,0.000286163,6.91951,30.3791,8.92692e-05,7.83792,38.2397,2.78121e-05,8.87555,48.1338,8.65134e-06,10.0489,60.5876,2.7882e-06,11.3761,76.2629,8.29036e-07,12.8779,95.9927,2.4373e-07,14.5775,120.825,1e-08,16.5012,152.08,1.75749e-07,18.6784,191.415,1e-08,21.1428,240.917,1.91829e-07,23.9322,303.213,1e-08,27.0895,381.602,7.0186e-08,30.6634,480.231,1e-08,34.7087,604.316,2.40784e-07,39.2876,760.401,9.87368e-08,44.4705,956.705,1.22263e-07,50.3371,1203.54,1e-08,56.9776,1513.81,1e-08,64.494,1903.69,1e-08,73.0018,2393.4,3.9185e-07,82.6317,3008.13,1.35379e-07,93.5318,3779.25,1e-08,105.869,4745.7,2.06965e-08,119.834,5955.6,1e-08,135.641,7468.12,1e-08,153.531,9355.62,2.00739e-07,173.781,11705.8,2.28358e-07,196.701,14624.1,1e-08,222.642,18235,1e-08,252.003,22683.4,1e-08,285.234,28134,1e-08,322.845,34767,2.34258e-07,365.413,42770.9,2.99668e-07,413.588,52327.9,8.28644e-08,468.111,63591.2,1e-08,529.814,76653.2,1e-08,599.642,91502.5,1e-08,678.662,107975,2.26339e-07,768.083,125705,3.69212e-07,869.267,144088,2.04077e-07,983.76,162277,1e-08,1113.3,179223,1e-08,1259.87,193777,1e-08,1425.68,204839,4.55555e-07,6.2823,3.27286,2.43537,0.219672,6.18826,2.24117,0.56371,6.87772,2.63624,0.308279,6,5,4,2,2,2,5,9,0,1,15,0,4,18,0,5,12,0,12,9,0,13,11,0,1,36,0,9,20,0,5,25,0,7,103,0,7,63,0,14,58,0,26,115,0,11,161,0,15,129,0,15,241,0,8,263,0,8,124,0,48,199,0,55,372,0,26,648,0,34,1012,0,49,903,0,29,1496,0,114,1382,0,65,3318,0,57,3422,0,88,3763,0,101,2964,0,70,3946,0,160,2735,0,194,10032,0,96,8232,0,125,5411,0,212,12305,0,136,30169,0,184,9480,0,260,9924,0,358,25885,0,165,65304,0,325,11597,0,399,51221,0,557,48312,0,882,126640,0,1413,39863,0,777,119556,0,1012,164920,0,1187,199124,0,1315,243060,0,997,143757,0,1937,155087,0
-1.05176e+08,1.88554e-64,8.88811e-15,10,1023,0,1.05176e+08,0.528882,1.08665,0.389689,0.145397,0.379329,3.24381,0.161596,0.446195,1.77396,0.159177,1.15e+07,4.49998e+06,6.79999e+06,1.15e+07,4.49997e+06,6.79999e+06,1.15e+07,4.49996e+06,6.79999e+06,1.15e+07,4.49995e+06,6.79999e+06,1.14999e+07,4.49993e+06,6.79999e+06,1.14999e+07,4.49991e+06,6.79999e+06,1.14999e+07,4.49989e+06,6.79999e+06,1.14999e+07,4.49986e+06,6.79999e+06,1.14999e+07,4.49982e+06,6.79999e+06,1.14999e+07,4.49977e+06,6.79999e+06,1.14999e+07,4.49971e+06,6.79999e+06,1.14999e+07,4.49963e+06,6.79999e+06,1.14998e+07,4.49953e+06,6.79999e+06,1.14998e+07,4.49941e+06,6.79999e+06,1.14998e+07,4.49926e+06,6.79999e+06,1.14998e+07,4.49906e+06,6.79999e+06,1.14997e+07,4.49882e+06,6.79999e+06,1.14997e+07,4.49851e+06,6.79999e+06,1.14997e+07,4.49812e+06,6.79999e+06,1.14996e+07,4.49764e+06,6.79999e+06,1.14996e+07,4.49702e+06,6.79999e+06,1.14995e+07,4.49625e+06,6.79999e+06,1.14995e+07,4.49528e+06,6.79999e+06,1.14994e+07,4.49406e+06,6.79999e+06,1.14993e+07,4.49253e+06,6.79999e+06,1.14992e+07,4.49059e+06,6.79999e+06,1.14991e+07,4.48817e+06,6.79999e+06,1.1499e+07,4.48511e+06,6.79999e+06,1.14988e+07,4.48128e+06,6.79999e+06,1.14987e+07,4.47646e+06,6.79999e+06,1.14985e+07,4.47041e+06,6.79999e+06,1.14983e+07,4.46281e+06,6.79999e+06,1.14981e+07,4.4533e+06,6.79999e+06,1.14979e+07,4.44138e+06,6.79999e+06,1.14976e+07,4.42649e+06,6.79999e+06,1.14972e+07,4.40789e+06,6.79999e+06,1.14969e+07,4.38471e+06,6.79999e+06,1.14965e+07,4.35592e+06,6.79999e+06,1.1496e+07,4.32027e+06,6.79999e+06,1.14955e+07,4.27629e+06,6.79999e+06,1.14949e+07,4.22231e+06,6.79999e+06,1.14942e+07,4.15647e+06,6.79999e+06,1.14934e+07,4.07676e+06,6.79999e+06,1.14926e+07,3.98112e+06,6.79999e+06,1.14916e+07,3.86765e+06,6.79999e+06,1.14905e+07,3.73474e+06,6.79999e+06,1.14892e+07,3.58148e+06,6.79999e+06,1.14878e+07,3.40785e+06,6.79999e+06,1.14862e+07,3.21513e+06,6.79999e+06,1.14844e+07,3.00605e+06,6.79999e+06,1.14823e+07,2.7848e+06,6.79999e+06,1.148e+07,2.5568e+06,6.79999e+06,1.14773e+07,2.32825e+06,6.79999e+06,13.5742,8.52444,0.508366,16.8306,13.2585,0.162638,20.0035,17.569,0.0507846,23.2616,22.4214,0.0158319,26.7328,28.3297,0.00493498,30.5212,35.6974,0.00153831,34.7178,44.9473,0.000479527,39.4086,56.5822,0.000149456,44.6796,71.2245,4.66214e-05,50.6209,89.6543,1.45419e-05,57.3297,112.852,4.54748e-06,64.9129,142.051,1.43857e-06,73.4897,178.803,4.36618e-07,83.1934,225.062,1.40153e-07,94.1745,283.286,4.96378e-08,106.602,356.568,1.05434e-07,120.669,448.799,-6.49244e-08,136.59,564.873,1.70148e-07,154.611,710.948,-5.34594e-08,175.008,894.767,1.63407e-07,198.097,1126.06,8.04804e-08,224.231,1417.07,1.14667e-07,253.813,1783.15,-1.71227e-07,287.297,2243.62,-2.88466e-07,325.198,2822.67,-4.33651e-07,368.098,3550.67,7.9318e-08,416.657,4465.65,3.13319e-07,471.621,5615.16,3.4613e-07,533.835,7058.61,-1.19199e-07,604.255,8870.02,-2.79964e-07,683.962,11141.4,-2.30521e-07,774.182,13986.7,-2.55099e-07,876.299,17546.4,1.23585e-07,991.883,21993.1,1.41192e-07,1122.71,27536.7,-9.71886e-08,1270.78,34430.7,-3.68368e-07,1438.38,42977.7,-3.45379e-07,1628.07,53532.7,-3.25328e-09,1842.77,66504.6,2.6362e-07,2085.77,82350.2,2.53445e-07,2360.79,101560,-2.47407e-08,2672.05,124632,-3.80602e-07,3024.31,152018,-4.79005e-07,3422.98,184060,-1.14379e-07,3874.15,220884,2.64297e-07,4384.72,262283,3.44131e-07,4962.49,307576,7.5349e-08,5616.29,355497,-3.63097e-07,6356.1,404126,-6.05442e-07,7193.18,450932,-2.72333e-07,8140.28,492963,2.29675e-07,9211.79,527178,4.3387e-07,10424,550893,-1.0711e-07,10.102,8.06553,2.81012,10.6436,8.57909,0.869423,11.5336,10.2515,0.270869,12.7211,12.7138,0.0844293,14.1823,15.9373,0.0263173,15.9122,20.0383,0.0082035,17.9198,25.2154,0.00255722,20.2244,31.7373,0.000797017,22.8539,39.9486,0.000248622,25.8438,50.2851,7.75492e-05,29.237,63.2963,2.42508e-05,33.0837,79.6738,7.67162e-06,37.4415,100.288,2.32837e-06,42.3767,126.236,7.33e-07,47.9646,158.896,2.79256e-07,54.2906,200.003,9.87351e-09,61.452,251.741,1.61085e-07,69.5585,316.859,-2.47141e-07,78.7347,398.812,8.93552e-08,89.1218,501.948,-2.53231e-07,100.879,631.736,-1.25047e-07,114.188,795.049,-1.78808e-07,129.252,1000.53,2.6733e-07,146.304,1259.03,4.50292e-07,165.605,1584.19,6.76904e-07,187.452,1993.12,-1.23808e-07,212.181,2507.27,-4.89068e-07,240.173,3153.54,-5.40284e-07,271.856,3965.56,1.86061e-07,307.719,4985.38,4.37004e-07,348.313,6265.4,3.59828e-07,394.26,7870.83,3.98192e-07,446.268,9882.51,-1.92908e-07,505.135,12400.3,-2.20392e-07,571.766,15546.9,1.51705e-07,647.184,19472.2,5.74996e-07,732.547,24357.4,5.39112e-07,829.167,30420,5.07815e-09,938.526,37916.3,-4.11492e-07,1062.3,47143.9,-3.9561e-07,1202.4,58439.2,3.86185e-08,1360.96,72169.3,5.94093e-07,1540.42,88715.8,7.47693e-07,1743.53,108445,1.78537e-07,1973.41,131665,-4.12549e-07,2233.57,158557,-5.37164e-07,2528,189103,-1.17615e-07,2861.2,222986,5.66769e-07,3238.27,259510,9.45053e-07,3664.97,297540,4.25093e-07,4147.81,335497,-3.58506e-07,4694.17,371444,-6.7724e-07,5312.37,403256,1.67192e-07,1.61744,3.89446,9.84394,3.28846,7.5504,12.774,5.07607,11.7187,13.6844,7.03202,16.8147,13.9681,9.20215,23.1769,14.0566,11.6301,31.1672,14.0841,14.3598,41.2186,14.0927,17.4376,53.8688,14.0954,20.9137,69.7915,14.0962,24.8432,89.8341,14.0965,29.2879,115.063,14.0966,34.3168,146.819,14.0966,40.0078,186.792,14.0966,46.4487,237.107,14.0966,53.7388,300.44,14.0966,61.9903,380.158,14.0966,71.3301,480.499,14.0966,81.902,606.796,14.0966,93.8685,765.761,14.0966,107.414,965.837,14.0966,122.746,1217.65,14.0966,140.101,1534.57,14.0966,159.745,1933.41,14.0966,181.981,2435.3,14.0966,207.15,3066.85,14.0966,235.64,3861.46,14.0966,267.889,4861.11,14.0966,304.391,6118.54,14.0966,345.709,7699.91,14.0966,392.478,9688.22,14.0966,445.417,12187.5,14.0966,505.339,15327.7,14.0966,573.165,19271.6,14.0966,649.938,24222,14.0966,736.839,30430.9,14.0966,835.202,38211.5,14.0966,946.539,47950.3,14.0966,1072.56,60122.8,14.0966,1215.21,75309.9,14.0966,1376.66,94216.2,14.0966,1559.41,117688,14.0966,1766.26,146729,14.0966,2000.39,182510,14.0966,2265.39,226372,14.0966,2565.33,279806,14.0966,2904.81,344416,14.0966,3289.05,421845,14.0966,3723.93,513667,14.0966,4216.13,621231,14.0966,4773.18,745478,14.0966,5403.64,886744,14.0966,6117.15,1.04457e+06,14.0966,6924.63,1.2176e+06,14.0966,11.7194,11.96,12.6541,13.9321,16.1295,13.6434,16.6097,21.9702,13.9553,19.7532,29.5285,14.0526,23.3844,39.1143,14.0829,27.5423,51.2054,14.0923,32.2796,66.434,14.0953,37.662,85.6061,14.0962,43.7675,109.74,14.0965,50.687,140.119,14.0966,58.5249,178.359,14.0966,67.4005,226.493,14.0966,77.4493,287.08,14.0966,88.8254,363.343,14.0966,101.703,459.336,14.0966,116.281,580.161,14.0966,132.782,732.241,14.0966,151.46,923.655,14.0966,172.603,1164.57,14.0966,196.535,1467.79,14.0966,223.625,1849.39,14.0966,254.288,2329.62,14.0966,288.997,2933.93,14.0966,328.285,3694.33,14.0966,372.755,4651.04,14.0966,423.092,5854.57,14.0966,480.07,7368.38,14.0966,544.564,9272.08,14.0966,617.566,11665.5,14.0966,700.197,14673.6,14.0966,793.729,18452.9,14.0966,899.599,23198.6,14.0966,1019.43,29154.1,14.0966,1155.07,36622.3,14.0966,1308.6,45977.9,14.0966,1482.39,57683.7,14.0966,1679.09,72307.8,14.0966,1901.73,90542.8,14.0966,2153.73,113226,14.0966,2438.97,141360,14.0966,2761.81,176127,14.0966,3127.22,218898,14.0966,3540.81,271226,14.0966,4008.92,334817,14.0966,4538.74,411470,14.0966,5138.38,502973,14.0966,5817.04,610948,14.0966,6585.12,736653,14.0966,7454.39,880741,14.0966,8438.15,1.04302e+06,14.0966,9551.45,1.22224e+06,14.0966,10811.3,1.41602e+06,14.0966,12237,1.62086e+06,14.0966,11.7194,11.96,12.6541,2.21263,4.16949,0.989383,2.67766,5.84076,0.311842,3.14343,7.55825,0.0972771,3.63127,9.58578,0.0303237,4.15787,12.0912,0.00945211,4.73731,15.2286,0.00294633,5.38238,19.1721,0.000918508,6.10553,24.134,0.000286163,6.91951,30.3791,8.92692e-05,7.83792,38.2397,2.78121e-05,8.87555,48.1338,8.65134e-06,10.0489,60.5876,2.7882e-06,11.3761,76.2629,8.29036e-07,12.8779,95.9927,2.4373e-07,14.5775,120.825,4.33068e-09,16.5012,152.08,1.75749e-07,18.6784,191.415,-1.86328e-07,21.1428,240.917,1.91829e-07,23.9322,303.213,-1.81475e-07,27.0895,381.602,7.0186e-08,30.6634,480.231,-2.86769e-08,34.7087,604.316,2.40784e-07,39.2876,760.401,9.87368e-08,44.4705,956.705,1.22263e-07,50.3371,1203.54,-4.31966e-07,56.9776,1513.81,-1.9705e-07,64.494,1903.69,-2.763e-08,73.0018,2393.4,3.9185e-07,82.6317,3008.13,1.35379e-07,93.5318,3779.25,-4.16351e-08,105.869,4745.7,2.06965e-08,119.834,5955.6,-3.18887e-07,135.641,7468.12,-1.48271e-08,153.531,9355.62,2.00739e-07,173.781,11705.8,2.28358e-07,196.701,14624.1,-1.93587e-08,222.642,18235,-2.88101e-07,252.003,22683.4,-2.24732e-07,285.234,28134,8.56806e-09,322.845,34767,2.34258e-07,365.413,42770.9,2.99668e-07,413.588,52327.9,8.28644e-08,468.111,63591.2,-3.07049e-07,529.814,76653.2,-3.1888e-07,599.642,91502.5,-6.72276e-08,678.662,107975,2.26339e-07,768.083,125705,3.69212e-07,869.267,144088,2.04077e-07,983.76,162277,-2.80509e-07,1113.3,179223,-4.22737e-07,1259.87,193777,-1.71951e-07,1425.68,204839,4.55555e-07,11.7194,11.96,12.6541,2.21263,4.16949,0.989383,2.67766,5.84076,0.311842,3.14343,7.55825,0.0972771,3.63127,9.58578,0.0303237,4.15787,12.0912,0.00945211,4.73731,15.2286,0.00294633,5.38238,19.1721,0.000918508,6.10553,24.134,0.000286163,6.91951,30.3791,8.92692e-05,7.83792,38.2397,2.78121e-05,8.87555,48.1338,8.65134e-06,10.0489,60.5876,2.7882e-06,11.3761,76.2629,8.29036e-07,12.8779,95.9927,2.4373e-07,14.5775,120.825,1e-08,16.5012,152.08,1.75749e-07,18.6784,191.415,1e-08,21.1428,240.917,1.91829e-07,23.9322,303.213,1e-08,27.0895,381.602,7.0186e-08,30.6634,480.231,1e-08,34.7087,604.316,2.40784e-07,39.2876,760.401,9.87368e-08,44.4705,956.705,1.22263e-07,50.3371,1203.54,1e-08,56.9776,1513.81,1e-08,64.494,1903.69,1e-08,73.0018,2393.4,3.9185e-07,82.6317,3008.13,1.35379e-07,93.5318,3779.25,1e-08,105.869,4745.7,2.06965e-08,119.834,5955.6,1e-08,135.641,7468.12,1e-08,153.531,9355.62,2.00739e-07,173.781,11705.8,2.28358e-07,196.701,14624.1,1e-08,222.642,18235,1e-08,252.003,22683.4,1e-08,285.234,28134,1e-08,322.845,34767,2.34258e-07,365.413,42770.9,2.99668e-07,413.588,52327.9,8.28644e-08,468.111,63591.2,1e-08,529.814,76653.2,1e-08,599.642,91502.5,1e-08,678.662,107975,2.26339e-07,768.083,125705,3.69212e-07,869.267,144088,2.04077e-07,983.76,162277,1e-08,1113.3,179223,1e-08,1259.87,193777,1e-08,1425.68,204839,4.55555e-07,6.2823,3.27286,2.43537,0.219672,6.18826,2.24117,0.56371,6.87772,2.63624,0.308279,3,3,8,1,8,1,2,2,0,1,7,0,2,19,0,1,13,0,3,15,0,8,15,0,6,23,0,8,18,0,6,18,0,12,17,0,13,79,0,17,25,0,13,100,0,21,85,0,12,76,0,16,188,0,25,122,0,13,250,0,18,889,0,24,823,0,50,459,0,53,293,0,27,1311,0,46,1065,0,93,3044,0,86,835,0,116,1874,0,63,2029,0,56,5063,0,103,3585,0,203,4514,0,149,10891,0,177,8390,0,139,12277,0,81,14482,0,329,26576,0,337,27759,0,204,40644,0,158,44604,0,471,44985,0,521,48027,0,592,19802,0,546,159857,0,504,144248,0,760,144127,0,1037,70277,0,756,231872,0,321,201108,0,988,342151,0,1343,135672,0,1164,250188,0
-1.05176e+08,1,8.88811e-15,10,1023,0,1.05176e+08,0.528882,1.08665,0.389689,0.145397,0.379329,3.24381,0.161596,0.446195,1.77396,0.159177,1.15e+07,4.49998e+06,6.79999e+06,1.15e+07,4.49997e+06,6.79999e+06,1.15e+07,4.49996e+06,6.79999e+06,1.15e+07,4.49995e+06,6.79999e+06,1.14999e+07,4.49993e+06,6.79999e+06,1.14999e+07,4.49991e+06,6.79999e+06,1.14999e+07,4.49989e+06,6.79999e+06,1.14999e+07,4.49986e+06,6.79999e+06,1.14999e+07,4.49982e+06,6.79999e+06,1.14999e+07,4.49977e+06,6.79999e+06,1.14999e+07,4.49971e+06,6.79999e+06,1.14999e+07,4.49963e+06,6.79999e+06,1.14998e+07,4.49953e+06,6.79999e+06,1.14998e+07,4.49941e+06,6.79999e+06,1.14998e+07,4.49926e+06,6.79999e+06,1.14998e+07,4.49906e+06,6.79999e+06,1.14997e+07,4.49882e+06,6.79999e+06,1.14997e+07,4.49851e+06,6.79999e+06,1.14997e+07,4.49812e+06,6.79999e+06,1.14996e+07,4.49764e+06,6.79999e+06,1.14996e+07,4.49702e+06,6.79999e+06,1.14995e+07,4.49625e+06,6.79999e+06,1.14995e+07,4.49528e+06,6.79999e+06,1.14994e+07,4.49406e+06,6.79999e+06,1.14993e+07,4.49253e+06,6.79999e+06,1.14992e+07,4.49059e+06,6.79999e+06,1.14991e+07,4.48817e+06,6.79999e+06,1.1499e+07,4.48511e+06,6.79999e+06,1.14988e+07,4.48128e+06,6.79999e+06,1.14987e+07,4.47646e+06,6.79999e+06,1.14985e+07,4.47041e+06,6.79999e+06,1.14983e+07,4.46281e+06,6.79999e+06,1.14981e+07,4.4533e+06,6.79999e+06,1.14979e+07,4.44138e+06,6.79999e+06,1.14976e+07,4.42649e+06,6.79999e+06,1.14972e+07,4.40789e+06,6.79999e+06,1.14969e+07,4.38471e+06,6.79999e+06,1.14965e+07,4.35592e+06,6.79999e+06,1.1496e+07,4.32027e+06,6.79999e+06,1.14955e+07,4.27629e+06,6.79999e+06,1.14949e+07,4.22231e+06,6.79999e+06,1.14942e+07,4.15647e+06,6.79999e+06,1.14934e+07,4.07676e+06,6.79999e+06,1.14926e+07,3.98112e+06,6.79999e+06,1.14916e+07,3.86765e+06,6.79999e+06,1.14905e+07,3.73474e+06,6.79999e+06,1.14892e+07,3.58148e+06,6.79999e+06,1.14878e+07,3.40785e+06,6.79999e+06,1.14862e+07,3.21513e+06,6.79999e+06,1.14844e+07,3.00605e+06,6.79999e+06,1.14823e+07,2.7848e+06,6.79999e+06,1.148e+07,2.5568e+06,6.79999e+06,1.14773e+07,2.32825e+06,6.79999e+06,13.5742,8.52444,0.508366,16.8306,13.2585,0.162638,20.0035,17.569,0.0507846,23.2616,22.4214,0.0158319,26.7328,28.3297,0.00493498,30.5212,35.6974,0.00153831,34.7178,44.9473,0.000479527,39.4086,56.5822,0.000149456,44.6796,71.2245,4.66214e-05,50.6209,89.6543,1.45419e-05,57.3297,112.852,4.54748e-06,64.9129,142.051,1.43857e-06,73.4897,178.803,4.36618e-07,83.1934,225.062,1.40153e-07,94.1745,283.286,4.96378e-08,106.602,356.568,1.05434e-07,120.669,448.799,-6.49244e-08,136.59,564.873,1.70148e-07,154.611,710.948,-5.34594e-08,175.008,894.767,1.63407e-07,198.097,1126.06,8.04804e-08,224.231,1417.07,1.14667e-07,253.813,1783.15,-1.71227e-07,287.297,2243.62,-2.88466e-07,325.198,2822.67,-4.33651e-07,368.098,3550.67,7.9318e-08,416.657,4465.65,3.13319e-07,471.621,5615.16,3.4613e-07,533.835,7058.61,-1.19199e-07,604.255,8870.02,-2.79964e-07,683.962,11141.4,-2.30521e-07,774.182,13986.7,-2.55099e-07,876.299,17546.4,1.23585e-07,991.883,21993.1,1.41192e-07,1122.71,27536.7,-9.71886e-08,1270.78,34430.7,-3.68368e-07,1438.38,42977.7,-3.45379e-07,1628.07,53532.7,-3.25328e-09,1842.77,66504.6,2.6362e-07,2085.77,82350.2,2.53445e-07,2360.79,101560,-2.47407e-08,2672.05,124632,-3.80602e-07,3024.31,152018,-4.79005e-07,3422.98,184060,-1.14379e-07,3874.15,220884,2.64297e-07,4384.72,262283,3.44131e-07,4962.49,307576,7.5349e-08,5616.29,355497,-3.63097e-07,6356.1,404126,-6.05442e-07,7193.18,450932,-2.72333e-07,8140.28,492963,2.29675e-07,9211.79,527178,4.3387e-07,10424,550893,-1.0711e-07,10.102,8.06553,2.81012,10.6436,8.57909,0.869423,11.5336,10.2515,0.270869,12.7211,12.7138,0.0844293,14.1823,15.9373,0.0263173,15.9122,20.0383,0.0082035,17.9198,25.2154,0.00255722,20.2244,31.7373,0.000797017,22.8539,39.9486,0.000248622,25.8438,50.2851,7.75492e-05,29.237,63.2963,2.42508e-05,33.0837,79.6738,7.67162e-06,37.4415,100.288,2.32837e-06,42.3767,126.236,7.33e-07,47.9646,158.896,2.79256e-07,54.2906,200.003,9.87351e-09,61.452,251.741,1.61085e-07,69.5585,316.859,-2.47141e-07,78.7347,398.812,8.93552e-08,89.1218,501.948,-2.53231e-07,100.879,631.736,-1.25047e-07,114.188,795.049,-1.78808e-07,129.252,1000.53,2.6733e-07,146.304,1259.03,4.50292e-07,165.605,1584.19,6.76904e-07,187.452,1993.12,-1.23808e-07,212.181,2507.27,-4.89068e-07,240.173,3153.54,-5.40284e-07,271.856,3965.56,1.86061e-07,307.719,4985.38,4.37004e-07,348.313,6265.4,3.59828e-07,394.26,7870.83,3.98192e-07,446.268,9882.51,-1.92908e-07,505.135,12400.3,-2.20392e-07,571.766,15546.9,1.51705e-07,647.184,19472.2,5.74996e-07,732.547,24357.4,5.39112e-07,829.167,30420,5.07815e-09,938.526,37916.3,-4.11492e-07,1062.3,47143.9,-3.9561e-07,1202.4,58439.2,3.86185e-08,1360.96,72169.3,5.94093e-07,1540.42,88715.8,7.47693e-07,1743.53,108445,1.78537e-07,1973.41,131665,-4.12549e-07,2233.57,158557,-5.37164e-07,2528,189103,-1.17615e-07,2861.2,222986,5.66769e-07,3238.27,259510,9.45053e-07,3664.97,297540,4.25093e-07,4147.81,335497,-3.58506e-07,4694.17,371444,-6.7724e-07,5312.37,403256,1.67192e-07,1.61744,3.89446,9.84394,3.28846,7.5504,12.774,5.07607,11.7187,13.6844,7.03202,16.8147,13.9681,9.20215,23.1769,14.0566,11.6301,31.1672,14.0841,14.3598,41.2186,14.0927,17.4376,53.8688,14.0954,20.9137,69.7915,14.0962,24.8432,89.8341,14.0965,29.2879,115.063,14.0966,34.3168,146.819,14.0966,40.0078,186.792,14.0966,46.4487,237.107,14.0966,53.7388,300.44,14.0966,61.9903,380.158,14.0966,71.3301,480.499,14.0966,81.902,606.796,14.0966,93.8685,765.761,14.0966,107.414,965.837,14.0966,122.746,1217.65,14.0966,140.101,1534.57,14.0966,159.745,1933.41,14.0966,181.981,2435.3,14.0966,207.15,3066.85,14.0966,235.64,3861.46,14.0966,267.889,4861.11,14.0966,304.391,6118.54,14.0966,345.709,7699.91,14.0966,392.478,9688.22,14.0966,445.417,12187.5,14.0966,505.339,15327.7,14.0966,573.165,19271.6,14.0966,649.938,24222,14.0966,736.839,30430.9,14.0966,835.202,38211.5,14.0966,946.539,47950.3,14.0966,1072.56,60122.8,14.0966,1215.21,75309.9,14.0966,1376.66,94216.2,14.0966,1559.41,117688,14.0966,1766.26,146729,14.0966,2000.39,182510,14.0966,2265.39,226372,14.0966,2565.33,279806,14.0966,2904.81,344416,14.0966,3289.05,421845,14.0966,3723.93,513667,14.0966,4216.13,621231,14.0966,4773.18,745478,14.0966,5403.64,886744,14.0966,6117.15,1.04457e+06,14.0966,6924.63,1.2176e+06,14.0966,11.7194,11.96,12.6541,13.9321,16.1295,13.6434,16.6097,21.9702,13.9553,19.7532,29.5285,14.0526,23.3844,39.1143,14.0829,27.5423,51.2054,14.0923,32.2796,66.434,14.0953,37.662,85.6061,14.0962,43.7675,109.74,14.0965,50.687,140.119,14.0966,58.5249,178.359,14.0966,67.4005,226.493,14.0966,77.4493,287.08,14.0966,88.8254,363.343,14.0966,101.703,459.336,14.0966,116.281,580.161,14.0966,132.782,732.241,14.0966,151.46,923.655,14.0966,172.603,1164.57,14.0966,196.535,1467.79,14.0966,223.625,1849.39,14.0966,254.288,2329.62,14.0966,288.997,2933.93,14.0966,328.285,3694.33,14.0966,372.755,4651.04,14.0966,423.092,5854.57,14.0966,480.07,7368.38,14.0966,544.564,9272.08,14.0966,617.566,11665.5,14.0966,700.197,14673.6,14.0966,793.729,18452.9,14.0966,899.599,23198.6,14.0966,1019.43,29154.1,14.0966,1155.07,36622.3,14.0966,1308.6,45977.9,14.0966,1482.39,57683.7,14.0966,1679.09,72307.8,14.0966,1901.73,90542.8,14.0966,2153.73,113226,14.0966,2438.97,141360,14.0966,2761.81,176127,14.0966,3127.22,218898,14.0966,3540.81,271226,14.0966,4008.92,334817,14.0966,4538.74,411470,14.0966,5138.38,502973,14.0966,5817.04,610948,14.0966,6585.12,736653,14.0966,7454.39,880741,14.0966,8438.15,1.04302e+06,14.0966,9551.45,1.22224e+06,14.0966,10811.3,1.41602e+06,14.0966,12237,1.62086e+06,14.0966,11.7194,11.96,12.6541,2.21263,4.16949,0.989383,2.67766,5.84076,0.311842,3.14343,7.55825,0.0972771,3.63127,9.58578,0.0303237,4.15787,12.0912,0.00945211,4.73731,15.2286,0.00294633,5.38238,19.1721,0.000918508,6.10553,24.134,0.000286163,6.91951,30.3791,8.92692e-05,7.83792,38.2397,2.78121e-05,8.87555,48.1338,8.65134e-06,10.0489,60.5876,2.7882e-06,11.3761,76.2629,8.29036e-07,12.8779,95.9927,2.4373e-07,14.5775,120.825,4.33068e-09,16.5012,152.08,1.75749e-07,18.6784,191.415,-1.86328e-07,21.1428,240.917,1.91829e-07,23.9322,303.213,-1.81475e-07,27.0895,381.602,7.0186e-08,30.6634,480.231,-2.86769e-08,34.7087,604.316,2.40784e-07,39.2876,760.401,9.87368e-08,44.4705,956.705,1.22263e-07,50.3371,1203.54,-4.31966e-07,56.9776,1513.81,-1.9705e-07,64.494,1903.69,-2.763e-08,73.0018,2393.4,3.9185e-07,82.6317,3008.13,1.35379e-07,93.5318,3779.25,-4.16351e-08,105.869,4745.7,2.06965e-08,119.834,5955.6,-3.18887e-07,135.641,7468.12,-1.48271e-08,153.531,9355.62,2.00739e-07,173.781,11705.8,2.28358e-07,196.701,14624.1,-1.93587e-08,222.642,18235,-2.88101e-07,252.003,22683.4,-2.24732e-07,285.234,28134,8.56806e-09,322.845,34767,2.34258e-07,365.413,42770.9,2.99668e-07,413.588,52327.9,8.28644e-08,468.111,63591.2,-3.07049e-07,529.814,76653.2,-3.1888e-07,599.642,91502.5,-6.72276e-08,678.662,107975,2.26339e-07,768.083,125705,3.69212e-07,869.267,144088,2.04077e-07,983.76,162277,-2.80509e-07,1113.3,179223,-4.22737e-07,1259.87,193777,-1.71951e-07,1425.68,204839,4.55555e-07,11.7194,11.96,12.6541,2.21263,4.16949,0.989383,2.67766,5.84076,0.311842,3.14343,7.55825,0.0972771,3.63127,9.58578,0.0303237,4.15787,12.0912,0.00945211,4.73731,15.2286,0.00294633,5.38238,19.1721,0.000918508,6.10553,24.134,0.000286163,6.91951,30.3791,8.92692e-05,7.83792,38.2397,2.78121e-05,8.87555,48.1338,8.65134e-06,10.0489,60.5876,2.7882e-06,11.3761,76.2629,8.29036e-07,12.8779,95.9927,2.4373e-07,14.5775,120.825,1e-08,16.5012,152.08,1.75749e-07,18.6784,191.415,1e-08,21.1428,240.917,1.91829e-07,23.9322,303.213,1e-08,27.0895,381.602,7.0186e-08,30.6634,480.231,1e-08,34.7087,604.316,2.40784e-07,39.2876,760.401,9.87368e-08,44.4705,956.705,1.22263e-07,50.3371,1203.54,1e-08,56.9776,1513.81,1e-08,64.494,1903.69,1e-08,73.0018,2393.4,3.9185e-07,82.6317,3008.13,1.35379e-07,93.5318,3779.25,1e-08,105.869,4745.7,2.06965e-08,119.834,5955.6,1e-08,135.641,7468.12,1e-08,153.531,9355.62,2.00739e-07,173.781,11705.8,2.28358e-07,196.701,14624.1,1e-08,222.642,18235,1e-08,252.003,22683.4,1e-08,285.234,28134,1e-08,322.845,34767,2.34258e-07,365.413,42770.9,2.99668e-07,413.588,52327.9,8.28644e-08,468.111,63591.2,1e-08,529.814,76653.2,1e-08,599.642,91502.5,1e-08,678.662,107975,2.26339e-07,768.083,125705,3.69212e-07,869.267,144088,2.04077e-07,983.76,162277,1e-08,1113.3,179223,1e-08,1259.87,193777,1e-08,1425.68,204839,4.55555e-07,6.2823,3.27286,2.43537,0.219672,6.18826,2.24117,0.56371,6.87772,2.63624,0.308279,11,13,12,0,4,0,3,7,0,1,9,0,1,14,0,5,9,0,8,12,0,0,18,0,9,3,0,6,22,0,2,34,0,5,41,0,18,48,0,4,126,0,4,65,0,12,82,0,14,135,0,19,274,0,40,265,0,16,366,0,32,233,0,22,694,0,21,448,0,49,955,0,42,528,0,28,1259,0,81,2325,0,36,1804,0,33,1573,0,106,2503,0,104,5522,0,190,9093,0,69,4712,0,78,9498,0,164,9036,0,146,10704,0,141,13515,0,319,19615,0,304,13227,0,196,26490,0,392,48424,0,135,29378,0,540,42657,0,339,34490,0,398,86759,0,465,53000,0,561,85684,0,295,80792,0,330,117009,0,571,197597,0,1154,217106,0,1382,176901,0,709,77028,0
-1.05176e+08,1,8.88811e-15,10,1023,0,1.05176e+08,0.528882,1.08665,0.389689,0.145397,0.379329,3.24381,0.161596,0.446195,1.77396,0.159177,1.15e+07,4.49998e+06,6.79999e+06,1.15e+07,4.49997e+06,6.79999e+06,1.15e+07,4.49996e+06,6.79999e+06,1.15e+07,4.49995e+06,6.79999e+06,1.14999e+07,4.49993e+06,6.79999e+06,1.14999e+07,4.49991e+06,6.79999e+06,1.14999e+07,4.49989e+06,6.79999e+06,1.14999e+07,4.49986e+06,6.79999e+06,1.14999e+07,4.49982e+06,6.79999e+06,1.14999e+07,4.49977e+06,6.79999e+06,1.14999e+07,4.49971e+06,6.79999e+06,1.14999e+07,4.49963e+06,6.79999e+06,1.14998e+07,4.49953e+06,6.79999e+06,1.14998e+07,4.49941e+06,6.79999e+06,1.14998e+07,4.49926e+06,6.79999e+06,1.14998e+07,4.49906e+06,6.79999e+06,1.14997e+07,4.49882e+06,6.79999e+06,1.14997e+07,4.49851e+06,6.79999e+06,1.14997e+07,4.49812e+06,6.79999e+06,1.14996e+07,4.49764e+06,6.79999e+06,1.14996e+07,4.49702e+06,6.79999e+06,1.14995e+07,4.49625e+06,6.79999e+06,1.14995e+07,4.49528e+06,6.79999e+06,1.14994e+07,4.49406e+06,6.79999e+06,1.14993e+07,4.49253e+06,6.79999e+06,1.14992e+07,4.49059e+06,6.79999e+06,1.14991e+07,4.48817e+06,6.79999e+06,1.1499e+07,4.48511e+06,6.79999e+06,1.14988e+07,4.48128e+06,6.79999e+06,1.14987e+07,4.47646e+06,6.79999e+06,1.14985e+07,4.47041e+06,6.79999e+06,1.14983e+07,4.46281e+06,6.79999e+06,1.14981e+07,4.4533e+06,6.79999e+06,1.14979e+07,4.44138e+06,6.79999e+06,1.14976e+07,4.42649e+06,6.79999e+06,1.14972e+07,4.40789e+06,6.79999e+06,1.14969e+07,4.38471e+06,6.79999e+06,1.14965e+07,4.35592e+06,6.79999e+06,1.1496e+07,4.32027e+06,6.79999e+06,1.14955e+07,4.27629e+06,6.79999e+06,1.14949e+07,4.22231e+06,6.79999e+06,1.14942e+07,4.15647e+06,6.79999e+06,1.14934e+07,4.07676e+06,6.79999e+06,1.14926e+07,3.98112e+06,6.79999e+06,1.14916e+07,3.86765e+06,6.79999e+06,1.14905e+07,3.73474e+06,6.79999e+06,1.14892e+07,3.58148e+06,6.79999e+06,1.14878e+07,3.40785e+06,6.79999e+06,1.14862e+07,3.21513e+06,6.79999e+06,1.14844e+07,3.00605e+06,6.79999e+06,1.14823e+07,2.7848e+06,6.79999e+06,1.148e+07,2.5568e+06,6.79999e+06,1.14773e+07,2.32825e+06,6.79999e+06,13.5742,8.52444,0.508366,16.8306,13.2585,0.162638,20.0035,17.569,0.0507846,23.2616,22.4214,0.0158319,26.7328,28.3297,0.00493498,30.5212,35.6974,0.00153831,34.7178,44.9473,0.000479527,39.4086,56.5822,0.000149456,44.6796,71.2245,4.66214e-05,50.6209,89.6543,1.45419e-05,57.3297,112.852,4.54748e-06,64.9129,142.051,1.43857e-06,73.4897,178.803,4.36618e-07,83.1934,225.062,1.40153e-07,94.1745,283.286,4.96378e-08,106.602,356.568,1.05434e-07,120.669,448.799,-6.49244e-08,136.59,564.873,1.70148e-07,154.611,710.948,-5.34594e-08,175.008,894.767,1.63407e-07,198.097,1126.06,8.04804e-08,224.231,1417.07,1.14667e-07,253.813,1783.15,-1.71227e-07,287.297,2243.62,-2.88466e-07,325.198,2822.67,-4.33651e-07,368.098,3550.67,7.9318e-08,416.657,4465.65,3.13319e-07,471.621,5615.16,3.4613e-07,533.835,7058.61,-1.19199e-07,604.255,8870.02,-2.79964e-07,683.962,11141.4,-2.30521e-07,774.182,13986.7,-2.55099e-07,876.299,17546.4,1.23585e-07,991.883,21993.1,1.41192e-07,1122.71,27536.7,-9.71886e-08,1270.78,34430.7,-3.68368e-07,1438.38,42977.7,-3.45379e-07,1628.07,53532.7,-3.25328e-09,1842.77,66504.6,2.6362e-07,2085.77,82350.2,2.53445e-07,2360.79,101560,-2.47407e-08,2672.05,124632,-3.80602e-07,3024.31,152018,-4.79005e-07,3422.98,184060,-1.14379e-07,3874.15,220884,2.64297e-07,4384.72,262283,3.44131e-07,4962.49,307576,7.5349e-08,5616.29,355497,-3.63097e-07,6356.1,404126,-6.05442e-07,7193.18,450932,-2.72333e-07,8140.28,492963,2.29675e-07,9211.79,527178,4.3387e-07,10424,550893,-1.0711e-07,10.102,8.06553,2.81012,10.6436,8.57909,0.869423,11.5336,10.2515,0.270869,12.7211,12.7138,0.0844293,14.1823,15.9373,0.0263173,15.9122,20.0383,0.0082035,17.9198,25.2154,0.00255722,20.2244,31.7373,0.000797017,22.8539,39.9486,0.000248622,25.8438,50.2851,7.75492e-05,29.237,63.2963,2.42508e-05,33.0837,79.6738,7.67162e-06,37.4415,100.288,2.32837e-06,42.3767,126.236,7.33e-07,47.9646,158.896,2.79256e-07,54.2906,200.003,9.87351e-09,61.452,251.741,1.61085e-07,69.5585,316.859,-2.47141e-07,78.7347,398.812,8.93552e-08,89.1218,501.948,-2.53231e-07,100.879,631.736,-1.25047e-07,114.188,795.049,-1.78808e-07,129.252,1000.53,2.6733e-07,146.304,1259.03,4.50292e-07,165.605,1584.19,6.76904e-07,187.452,1993.12,-1.23808e-07,212.181,2507.27,-4.89068e-07,240.173,3153.54,-5.40284e-07,271.856,3965.56,1.86061e-07,307.719,4985.38,4.37004e-07,348.313,6265.4,3.59828e-07,394.26,7870.83,3.98192e-07,446.268,9882.51,-1.92908e-07,505.135,12400.3,-2.20392e-07,571.766,15546.9,1.51705e-07,647.184,19472.2,5.74996e-07,732.547,24357.4,5.39112e-07,829.167,30420,5.07815e-09,938.526,37916.3,-4.11492e-07,1062.3,47143.9,-3.9561e-07,1202.4,58439.2,3.86185e-08,1360.96,72169.3,5.94093e-07,1540.42,88715.8,7.47693e-07,1743.53,108445,1.78537e-07,1973.41,131665,-4.12549e-07,2233.57,158557,-5.37164e-07,2528,189103,-1.17615e-07,2861.2,222986,5.66769e-07,3238.27,259510,9.45053e-07,3664.97,297540,4.25093e-07,4147.81,335497,-3.58506e-07,4694.17,371444,-6.7724e-07,5312.37,403256,1.67192e-07,1.61744,3.89446,9.84394,3.28846,7.5504,12.774,5.07607,11.7187,13.6844,7.03202,16.8147,13.9681,9.20215,23.1769,14.0566,11.6301,31.1672,14.0841,14.3598,41.2186,14.0927,17.4376,53.8688,14.0954,20.9137,69.7915,14.0962,24.8432,89.8341,14.0965,29.2879,115.063,14.0966,34.3168,146.819,14.0966,40.0078,186.792,14.0966,46.4487,237.107,14.0966,53.7388,300.44,14.0966,61.9903,380.158,14.0966,71.3301,480.499,14.0966,81.902,606.796,14.0966,93.8685,765.761,14.0966,107.414,965.837,14.0966,122.746,1217.65,14.0966,140.101,1534.57,14.0966,159.745,1933.41,14.0966,181.981,2435.3,14.0966,207.15,3066.85,14.0966,235.64,3861.46,14.0966,267.889,4861.11,14.0966,304.391,6118.54,14.0966,345.709,7699.91,14.0966,392.478,9688.22,14.0966,445.417,12187.5,14.0966,505.339,15327.7,14.0966,573.165,19271.6,14.0966,649.938,24222,14.0966,736.839,30430.9,14.0966,835.202,38211.5,14.0966,946.539,47950.3,14.0966,1072.56,60122.8,14.0966,1215.21,75309.9,14.0966,1376.66,94216.2,14.0966,1559.41,117688,14.0966,1766.26,146729,14.0966,2000.39,182510,14.0966,2265.39,226372,14.0966,2565.33,279806,14.0966,2904.81,344416,14.0966,3289.05,421845,14.0966,3723.93,513667,14.0966,4216.13,621231,14.0966,4773.18,745478,14.0966,5403.64,886744,14.0966,6117.15,1.04457e+06,14.0966,6924.63,1.2176e+06,14.0966,11.7194,11.96,12.6541,13.9321,16.1295,13.6434,16.6097,21.9702,13.9553,19.7532,29.5285,14.0526,23.3844,39.1143,14.0829,27.5423,51.2054,14.0923,32.2796,66.434,14.0953,37.662,85.6061,14.0962,43.7675,109.74,14.0965,50.687,140.119,14.0966,58.5249,178.359,14.0966,67.4005,226.493,14.0966,77.4493,287.08,14.0966,88.8254,363.343,14.0966,101.703,459.336,14.0966,116.281,580.161,14.0966,132.782,732.241,14.0966,151.46,923.655,14.0966,172.603,1164.57,14.0966,196.535,1467.79,14.0966,223.625,1849.39,14.0966,254.288,2329.62,14.0966,288.997,2933.93,14.0966,328.285,3694.33,14.0966,372.755,4651.04,14.0966,423.092,5854.57,14.0966,480.07,7368.38,14.0966,544.564,9272.08,14.0966,617.566,11665.5,14.0966,700.197,14673.6,14.0966,793.729,18452.9,14.0966,899.599,23198.6,14.0966,1019.43,29154.1,14.0966,1155.07,36622.3,14.0966,1308.6,45977.9,14.0966,1482.39,57683.7,14.0966,1679.09,72307.8,14.0966,1901.73,90542.8,14.0966,2153.73,113226,14.0966,2438.97,141360,14.0966,2761.81,176127,14.0966,3127.22,218898,14.0966,3540.81,271226,14.0966,4008.92,334817,14.0966,4538.74,411470,14.0966,5138.38,502973,14.0966,5817.04,610948,14.0966,6585.12,736653,14.0966,7454.39,880741,14.0966,8438.15,1.04302e+06,14.0966,9551.45,1.22224e+06,14.0966,10811.3,1.41602e+06,14.0966,12237,1.62086e+06,14.0966,11.7194,11.96,12.6541,2.21263,4.16949,0.989383,2.67766,5.84076,0.311842,3.14343,7.55825,0.0972771,3.63127,9.58578,0.0303237,4.15787,12.0912,0.00945211,4.73731,15.2286,0.00294633,5.38238,19.1721,0.000918508,6.10553,24.134,0.000286163,6.91951,30.3791,8.92692e-05,7.83792,38.2397,2.78121e-05,8.87555,48.1338,8.65134e-06,10.0489,60.5876,2.7882e-06,11.3761,76.2629,8.29036e-07,12.8779,95.9927,2.4373e-07,14.5775,120.825,4.33068e-09,16.5012,152.08,1.75749e-07,18.6784,191.415,-1.86328e-07,21.1428,240.917,1.91829e-07,23.9322,303.213,-1.81475e-07,27.0895,381.602,7.0186e-08,30.6634,480.231,-2.86769e-08,34.7087,604.316,2.40784e-07,39.2876,760.401,9.87368e-08,44.4705,956.705,1.22263e-07,50.3371,1203.54,-4.31966e-07,56.9776,1513.81,-1.9705e-07,64.494,1903.69,-2.763e-08,73.0018,2393.4,3.9185e-07,82.6317,3008.13,1.35379e-07,93.5318,3779.25,-4.16351e-08,105.869,4745.7,2.06965e-08,119.834,5955.6,-3.18887e-07,135.641,7468.12,-1.48271e-08,153.531,9355.62,2.00739e-07,173.781,11705.8,2.28358e-07,196.701,14624.1,-1.93587e-08,222.642,18235,-2.88101e-07,252.003,22683.4,-2.24732e-07,285.234,28134,8.56806e-09,322.845,34767,2.34258e-07,365.413,42770.9,2.99668e-07,413.588,52327.9,8.28644e-08,468.111,63591.2,-3.07049e-07,529.814,76653.2,-3.1888e-07,599.642,91502.5,-6.72276e-08,678.662,107975,2.26339e-07,768.083,125705,3.69212e-07,869.267,144088,2.04077e-07,983.76,162277,-2.80509e-07,1113.3,179223,-4.22737e-07,1259.87,193777,-1.71951e-07,1425.68,204839,4.55555e-07,11.7194,11.96,12.6541,2.21263,4.16949,0.989383,2.67766,5.84076,0.311842,3.14343,7.55825,0.0972771,3.63127,9.58578,0.0303237,4.15787,12.0912,0.00945211,4.73731,15.2286,0.00294633,5.38238,19.1721,0.000918508,6.10553,24.134,0.000286163,6.91951,30.3791,8.92692e-05,7.83792,38.2397,2.78121e-05,8.87555,48.1338,8.65134e-06,10.0489,60.5876,2.7882e-06,11.3761,76.2629,8.29036e-07,12.8779,95.9927,2.4373e-07,14.5775,120.825,1e-08,16.5012,152.08,1.75749e-07,18.6784,191.415,1e-08,21.1428,240.917,1.91829e-07,23.9322,303.213,1e-08,27.0895,381.602,7.0186e-08,30.6634,480.231,1e-08,34.7087,604.316,2.40784e-07,39.2876,760.401,9.87368e-08,44.4705,956.705,1.22263e-07,50.3371,1203.54,1e-08,56.9776,1513.81,1e-08,64.494,1903.69,1e-08,73.0018,2393.4,3.9185e-07,82.6317,3008.13,1.35379e-07,93.5318,3779.25,1e-08,105.869,4745.7,2.06965e-08,119.834,5955.6,1e-08,135.641,7468.12,1e-08,153.531,9355.62,2.00739e-07,173.781,11705.8,2.28358e-07,196.701,14624.1,1e-08,222.642,18235,1e-08,252.003,22683.4,1e-08,285.234,28134,1e-08,322.845,34767,2.34258e-07,365.413,42770.9,2.99668e-07,413.588,52327.9,8.28644e-08,468.111,63591.2,1e-08,529.814,76653.2,1e-08,599.642,91502.5,1e-08,678.662,107975,2.26339e-07,768.083,125705,3.69212e-07,869.267,144088,2.04077e-07,983.76,162277,1e-08,1113.3,179223,1e-08,1259.87,193777,1e-08,1425.68,204839,4.55555e-07,6.2823,3.27286,2.43537,0.219672,6.18826,2.24117,0.56371,6.87772,2.63624,0.308279,15,9,9,2,3,1,3,5,0,2,19,0,1,7,0,3,11,0,1,19,0,12,26,0,1,27,0,2,13,0,7,51,0,5,47,0,4,121,0,8,44,0,10,91,0,9,133,0,16,195,0,32,140,0,9,208,0,7,538,0,28,260,0,16,466,0,29,410,0,56,799,0,50,608,0,43,1150,0,52,1986,0,87,1353,0,75,2415,0,50,2295,0,49,2226,0,154,4166,0,82,4952,0,97,6227,0,240,11831,0,164,14523,0,178,27922,0,204,21352,0,308,13122,0,274,29517,0,357,40719,0,285,31013,0,768,26501,0,479,54671,0,609,33297,0,731,77514,0,775,117713,0,1079,45021,0,771,195976,0,1768,224292,0,668,90459,0,1578,163052,0,2502,301809,0
-1.05176e+08,1,8.88811e-15,10,1023,0,1.05176e+08,0.528882,1.08665,0.389689,0.145397,0.379329,3.24381,0.161596,0.446195,1.77396,0.159177,1.15e+07,4.49998e+06,6.79999e+06,1.15e+07,4.49997e+06,6.79999e+06,1.15e+07,4.49996e+06,6.79999e+06,1.15e+07,4.49995e+06,6.79999e+06,1.14999e+07,4.49993e+06,6.79999e+06,1.14999e+07,4.49991e+06,6.79999e+06,1.14999e+07,4.49989e+06,6.79999e+06,1.14999e+07,4.49986e+06,6.79999e+06,1.14999e+07,4.49982e+06,6.79999e+06,1.14999e+07,4.49977e+06,6.79999e+06,1.14999e+07,4.49971e+06,6.79999e+06,1.14999e+07,4.49963e+06,6.79999e+06,1.14998e+07,4.49953e+06,6.79999e+06,1.14998e+07,4.49941e+06,6.79999e+06,1.14998e+07,4.49926e+06,6.79999e+06,1.14998e+07,4.49906e+06,6.79999e+06,1.14997e+07,4.49882e+06,6.79999e+06,1.14997e+07,4.49851e+06,6.79999e+06,1.14997e+07,4.49812e+06,6.79999e+06,1.14996e+07,4.49764e+06,6.79999e+06,1.14996e+07,4.49702e+06,6.79999e+06,1.14995e+07,4.49625e+06,6.79999e+06,1.14995e+07,4.49528e+06,6.79999e+06,1.14994e+07,4.49406e+06,6.79999e+06,1.14993e+07,4.49253e+06,6.79999e+06,1.14992e+07,4.49059e+06,6.79999e+06,1.14991e+07,4.48817e+06,6.79999e+06,1.1499e+07,4.48511e+06,6.79999e+06,1.14988e+07,4.48128e+06,6.79999e+06,1.14987e+07,4.47646e+06,6.79999e+06,1.14985e+07,4.47041e+06,6.79999e+06,1.14983e+07,4.46281e+06,6.79999e+06,1.14981e+07,4.4533e+06,6.79999e+06,1.14979e+07,4.44138e+06,6.79999e+06,1.14976e+07,4.42649e+06,6.79999e+06,1.14972e+07,4.40789e+06,6.79999e+06,1.14969e+07,4.38471e+06,6.79999e+06,1.14965e+07,4.35592e+06,6.79999e+06,1.1496e+07,4.32027e+06,6.79999e+06,1.14955e+07,4.27629e+06,6.79999e+06,1.14949e+07,4.22231e+06,6.79999e+06,1.14942e+07,4.15647e+06,6.79999e+06,1.14934e+07,4.07676e+06,6.79999e+06,1.14926e+07,3.98112e+06,6.79999e+06,1.14916e+07,3.86765e+06,6.79999e+06,1.14905e+07,3.73474e+06,6.79999e+06,1.14892e+07,3.58148e+06,6.79999e+06,1.14878e+07,3.40785e+06,6.79999e+06,1.14862e+07,3.21513e+06,6.79999e+06,1.14844e+07,3.00605e+06,6.79999e+06,1.14823e+07,2.7848e+06,6.79999e+06,1.148e+07,2.5568e+06,6.79999e+06,1.14773e+07,2.32825e+06,6.79999e+06,13.5742,8.52444,0.508366,16.8306,13.2585,0.162638,20.0035,17.569,0.0507846,23.2616,22.4214,0.0158319,26.7328,28.3297,0.00493498,30.5212,35.6974,0.00153831,34.7178,44.9473,0.000479527,39.4086,56.5822,0.000149456,44.6796,71.2245,4.66214e-05,50.6209,89.6543,1.45419e-05,57.3297,112.852,4.54748e-06,64.9129,142.051,1.43857e-06,73.4897,178.803,4.36618e-07,83.1934,225.062,1.40153e-07,94.1745,283.286,4.96378e-08,106.602,356.568,1.05434e-07,120.669,448.799,-6.49244e-08,136.59,564.873,1.70148e-07,154.611,710.948,-5.34594e-08,175.008,894.767,1.63407e-07,198.097,1126.06,8.04804e-08,224.231,1417.07,1.14667e-07,253.813,1783.15,-1.71227e-07,287.297,2243.62,-2.88466e-07,325.198,2822.67,-4.33651e-07,368.098,3550.67,7.9318e-08,416.657,4465.65,3.13319e-07,471.621,5615.16,3.4613e-07,533.835,7058.61,-1.19199e-07,604.255,8870.02,-2.79964e-07,683.962,11141.4,-2.30521e-07,774.182,13986.7,-2.55099e-07,876.299,17546.4,1.23585e-07,991.883,21993.1,1.41192e-07,1122.71,27536.7,-9.71886e-08,1270.78,34430.7,-3.68368e-07,1438.38,42977.7,-3.45379e-07,1628.07,53532.7,-3.25328e-09,1842.77,66504.6,2.6362e-07,2085.77,82350.2,2.53445e-07,2360.79,101560,-2.47407e-08,2672.05,124632,-3.80602e-07,3024.31,152018,-4.79005e-07,3422.98,184060,-1.14379e-07,3874.15,220884,2.64297e-07,4384.72,262283,3.44131e-07,4962.49,307576,7.5349e-08,5616.29,355497,-3.63097e-07,6356.1,404126,-6.05442e-07,7193.18,450932,-2.72333e-07,8140.28,492963,2.29675e-07,9211.79,527178,4.3387e-07,10424,550893,-1.0711e-07,10.102,8.06553,2.81012,10.6436,8.57909,0.869423,11.5336,10.2515,0.270869,12.7211,12.7138,0.0844293,14.1823,15.9373,0.0263173,15.9122,20.0383,0.0082035,17.9198,25.2154,0.00255722,20.2244,31.7373,0.000797017,22.8539,39.9486,0.000248622,25.8438,50.2851,7.75492e-05,29.237,63.2963,2.42508e-05,33.0837,79.6738,7.67162e-06,37.4415,100.288,2.32837e-06,42.3767,126.236,7.33e-07,47.9646,158.896,2.79256e-07,54.2906,200.003,9.87351e-09,61.452,251.741,1.61085e-07,69.5585,316.859,-2.47141e-07,78.7347,398.812,8.93552e-08,89.1218,501.948,-2.53231e-07,100.879,631.736,-1.25047e-07,114.188,795.049,-1.78808e-07,129.252,1000.53,2.6733e-07,146.304,1259.03,4.50292e-07,165.605,1584.19,6.76904e-07,187.452,1993.12,-1.23808e-07,212.181,2507.27,-4.89068e-07,240.173,3153.54,-5.40284e-07,271.856,3965.56,1.86061e-07,307.719,4985.38,4.37004e-07,348.313,6265.4,3.59828e-07,394.26,7870.83,3.98192e-07,446.268,9882.51,-1.92908e-07,505.135,12400.3,-2.20392e-07,571.766,15546.9,1.51705e-07,647.184,19472.2,5.74996e-07,732.547,24357.4,5.39112e-07,829.167,30420,5.07815e-09,938.526,37916.3,-4.11492e-07,1062.3,47143.9,-3.9561e-07,1202.4,58439.2,3.86185e-08,1360.96,72169.3,5.94093e-07,1540.42,88715.8,7.47693e-07,1743.53,108445,1.78537e-07,1973.41,131665,-4.12549e-07,2233.57,158557,-5.37164e-07,2528,189103,-1.17615e-07,2861.2,222986,5.66769e-07,3238.27,259510,9.45053e-07,3664.97,297540,4.25093e-07,4147.81,335497,-3.58506e-07,4694.17,371444,-6.7724e-07,5312.37,403256,1.67192e-07,1.61744,3.89446,9.84394,3.28846,7.5504,12.774,5.07607,11.7187,13.6844,7.03202,16.8147,13.9681,9.20215,23.1769,14.0566,11.6301,31.1672,14.0841,14.3598,41.2186,14.0927,17.4376,53.8688,14.0954,20.9137,69.7915,14.0962,24.8432,89.8341,14.0965,29.2879,115.063,14.0966,34.3168,146.819,14.0966,40.0078,186.792,14.0966,46.4487,237.107,14.0966,53.7388,300.44,14.0966,61.9903,380.158,14.0966,71.3301,480.499,14.0966,81.902,606.796,14.0966,93.8685,765.761,14.0966,107.414,965.837,14.0966,122.746,1217.65,14.0966,140.101,1534.57,14.0966,159.745,1933.41,14.0966,181.981,2435.3,14.0966,207.15,3066.85,14.0966,235.64,3861.46,14.0966,267.889,4861.11,14.0966,304.391,6118.54,14.0966,345.709,7699.91,14.0966,392.478,9688.22,14.0966,445.417,12187.5,14.0966,505.339,15327.7,14.0966,573.165,19271.6,14.0966,649.938,24222,14.0966,736.839,30430.9,14.0966,835.202,38211.5,14.0966,946.539,47950.3,14.0966,1072.56,60122.8,14.0966,1215.21,75309.9,14.0966,1376.66,94216.2,14.0966,1559.41,117688,14.0966,1766.26,146729,14.0966,2000.39,182510,14.0966,2265.39,226372,14.0966,2565.33,279806,14.0966,2904.81,344416,14.0966,3289.05,421845,14.0966,3723.93,513667,14.0966,4216.13,621231,14.0966,4773.18,745478,14.0966,5403.64,886744,14.0966,6117.15,1.04457e+06,14.0966,6924.63,1.2176e+06,14.0966,11.7194,11.96,12.6541,13.9321,16.1295,13.6434,16.6097,21.9702,13.9553,19.7532,29.5285,14.0526,23.3844,39.1143,14.0829,27.5423,51.2054,14.0923,32.2796,66.434,14.0953,37.662,85.6061,14.0962,43.7675,109.74,14.0965,50.687,140.119,14.0966,58.5249,178.359,14.0966,67.4005,226.493,14.0966,77.4493,287.08,14.0966,88.8254,363.343,14.0966,101.703,459.336,14.0966,116.281,580.161,14.0966,132.782,732.241,14.0966,151.46,923.655,14.0966,172.603,1164.57,14.0966,196.535,1467.79,14.0966,223.625,1849.39,14.0966,254.288,2329.62,14.0966,288.997,2933.93,14.0966,328.285,3694.33,14.0966,372.755,4651.04,14.0966,423.092,5854.57,14.0966,480.07,7368.38,14.0966,544.564,9272.08,14.0966,617.566,11665.5,14.0966,700.197,14673.6,14.0966,793.729,18452.9,14.0966,899.599,23198.6,14.0966,1019.43,29154.1,14.0966,1155.07,36622.3,14.0966,1308.6,45977.9,14.0966,1482.39,57683.7,14.0966,1679.09,72307.8,14.0966,1901.73,90542.8,14.0966,2153.73,113226,14.0966,2438.97,141360,14.0966,2761.81,176127,14.0966,3127.22,218898,14.0966,3540.81,271226,14.0966,4008.92,334817,14.0966,4538.74,411470,14.0966,5138.38,502973,14.0966,5817.04,610948,14.0966,6585.12,736653,14.0966,7454.39,880741,14.0966,8438.15,1.04302e+06,14.0966,9551.45,1.22224e+06,14.0966,10811.3,1.41602e+06,14.0966,12237,1.62086e+06,14.0966,11.7194,11.96,12.6541,2.21263,4.16949,0.989383,2.67766,5.84076,0.311842,3.14343,7.55825,0.0972771,3.63127,9.58578,0.0303237,4.15787,12.0912,0.00945211,4.73731,15.2286,0.00294633,5.38238,19.1721,0.000918508,6.10553,24.134,0.000286163,6.91951,30.3791,8.92692e-05,7.83792,38.2397,2.78121e-05,8.87555,48.1338,8.65134e-06,10.0489,60.5876,2.7882e-06,11.3761,76.2629,8.29036e-07,12.8779,95.9927,2.4373e-07,14.5775,120.825,4.33068e-09,16.5012,152.08,1.75749e-07,18.6784,191.415,-1.86328e-07,21.1428,240.917,1.91829e-07,23.9322,303.213,-1.81475e-07,27.0895,381.602,7.0186e-08,30.6634,480.231,-2.86769e-08,34.7087,604.316,2.40784e-07,39.2876,760.401,9.87368e-08,44.4705,956.705,1.22263e-07,50.3371,1203.54,-4.31966e-07,56.9776,1513.81,-1.9705e-07,64.494,1903.69,-2.763e-08,73.0018,2393.4,3.9185e-07,82.6317,3008.13,1.35379e-07,93.5318,3779.25,-4.16351e-08,105.869,4745.7,2.06965e-08,119.834,5955.6,-3.18887e-07,135.641,7468.12,-1.48271e-08,153.531,9355.62,2.00739e-07,173.781,11705.8,2.28358e-07,196.701,14624.1,-1.93587e-08,222.642,18235,-2.88101e-07,252.003,22683.4,-2.24732e-07,285.234,28134,8.56806e-09,322.845,34767,2.34258e-07,365.413,42770.9,2.99668e-07,413.588,52327.9,8.28644e-08,468.111,63591.2,-3.07049e-07,529.814,76653.2,-3.1888e-07,599.642,91502.5,-6.72276e-08,678.662,107975,2.26339e-07,768.083,125705,3.69212e-07,869.267,144088,2.04077e-07,983.76,162277,-2.80509e-07,1113.3,179223,-4.22737e-07,1259.87,193777,-1.71951e-07,1425.68,204839,4.55555e-07,11.7194,11.96,12.6541,2.21263,4.16949,0.989383,2.67766,5.84076,0.311842,3.14343,7.55825,0.0972771,3.63127,9.58578,0.0303237,4.15787,12.0912,0.00945211,4.73731,15.2286,0.00294633,5.38238,19.1721,0.000918508,6.10553,24.134,0.000286163,6.91951,30.3791,8.92692e-05,7.83792,38.2397,2.78121e-05,8.87555,48.1338,8.65134e-06,10.0489,60.5876,2.7882e-06,11.3761,76.2629,8.29036e-07,12.8779,95.9927,2.4373e-07,14.5775,120.825,1e-08,16.5012,152.08,1.75749e-07,18.6784,191.415,1e-08,21.1428,240.917,1.91829e-07,23.9322,303.213,1e-08,27.0895,381.602,7.0186e-08,30.6634,480.231,1e-08,34.7087,604.316,2.40784e-07,39.2876,760.401,9.87368e-08,44.4705,956.705,1.22263e-07,50.3371,1203.54,1e-08,56.9776,1513.81,1e-08,64.494,1903.69,1e-08,73.0018,2393.4,3.9185e-07,82.6317,3008.13,1.35379e-07,93.5318,3779.25,1e-08,105.869,4745.7,2.06965e-08,119.834,5955.6,1e-08,135.641,7468.12,1e-08,153.531,9355.62,2.00739e-07,173.781,11705.8,2.28358e-07,196.701,14624.1,1e-08,222.642,18235,1e-08,252.003,22683.4,1e-08,285.234,28134,1e-08,322.845,34767,2.34258e-07,365.413,42770.9,2.99668e-07,413.588,52327.9,8.28644e-08,468.111,63591.2,1e-08,529.814,76653.2,1e-08,599.642,91502.5,1e-08,678.662,107975,2.26339e-07,768.083,125705,3.69212e-07,869.267,144088,2.04077e-07,983.76,162277,1e-08,1113.3,179223,1e-08,1259.87,193777,1e-08,1425.68,204839,4.55555e-07,6.2823,3.27286,2.43537,0.219672,6.18826,2.24117,0.56371,6.87772,2.63624,0.308279,19,5,7,1,9,2,1,5,0,2,6,0,13,13,0,7,6,0,3,13,0,8,39,0,15,17,0,5,54,0,5,36,0,10,37,0,12,68,0,13,96,0,19,64,0,19,64,0,20,84,0,31,248,0,32,280,0,25,170,0,10,355,0,16,662,0,36,548,0,62,936,0,43,904,0,44,1035,0,51,738,0,105,1502,0,57,2742,0,51,4097,0,117,5752,0,109,5450,0,167,8375,0,133,7084,0,179,7679,0,244,5596,0,123,6158,0,154,16147,0,264,16917,0,335,29974,0,287,23440,0,329,58267,0,428,59954,0,265,50894,0,286,135241,0,1002,88608,0,374,115570,0,605,190702,0,801,89697,0,1149,182399,0,549,274224,0,1062,141752,0,1064,273859,0
-1.05176e+08,1,8.88811e-15,10,1023,0,1.05176e+08,0.528882,1.08665,0.389689,0.145397,0.379329,3.24381,0.161596,0.446195,1.77396,0.159177,1.15e+07,4.49998e+06,6.79999e+06,1.15e+07,4.49997e+06,6.79999e+06,1.15e+07,4.49996e+06,6.79999e+06,1.15e+07,4.49995e+06,6.79999e+06,1.14999e+07,4.49993e+06,6.79999e+06,1.14999e+07,4.49991e+06,6.79999e+06,1.14999e+07,4.49989e+06,6.79999e+06,1.14999e+07,4.49986e+06,6.79999e+06,1.14999e+07,4.49982e+06,6.79999e+06,1.14999e+07,4.49977e+06,6.79999e+06,1.14999e+07,4.49971e+06,6.79999e+06,1.14999e+07,4.49963e+06,6.79999e+06,1.14998e+07,4.49953e+06,6.79999e+06,1.14998e+07,4.49941e+06,6.79999e+06,1.14998e+07,4.49926e+06,6.79999e+06,1.14998e+07,4.49906e+06,6.79999e+06,1.14997e+07,4.49882e+06,6.79999e+06,1.14997e+07,4.49851e+06,6.79999e+06,1.14997e+07,4.49812e+06,6.79999e+06,1.14996e+07,4.49764e+06,6.79999e+06,1.14996e+07,4.49702e+06,6.79999e+06,1.14995e+07,4.49625e+06,6.79999e+06,1.14995e+07,4.49528e+06,6.79999e+06,1.14994e+07,4.49406e+06,6.79999e+06,1.14993e+07,4.49253e+06,6.79999e+06,1.14992e+07,4.49059e+06,6.79999e+06,1.14991e+07,4.48817e+06,6.79999e+06,1.1499e+07,4.48511e+06,6.79999e+06,1.14988e+07,4.48128e+06,6.79999e+06,1.14987e+07,4.47646e+06,6.79999e+06,1.14985e+07,4.47041e+06,6.79999e+06,1.14983e+07,4.46281e+06,6.79999e+06,1.14981e+07,4.4533e+06,6.79999e+06,1.14979e+07,4.44138e+06,6.79999e+06,1.14976e+07,4.42649e+06,6.79999e+06,1.14972e+07,4.40789e+06,6.79999e+06,1.14969e+07,4.38471e+06,6.79999e+06,1.14965e+07,4.35592e+06,6.79999e+06,1.1496e+07,4.32027e+06,6.79999e+06,1.14955e+07,4.27629e+06,6.79999e+06,1.14949e+07,4.22231e+06,6.79999e+06,1.14942e+07,4.15647e+06,6.79999e+06,1.14934e+07,4.07676e+06,6.79999e+06,1.14926e+07,3.98112e+06,6.79999e+06,1.14916e+07,3.86765e+06,6.79999e+06,1.14905e+07,3.73474e+06,6.79999e+06,1.14892e+07,3.58148e+06,6.79999e+06,1.14878e+07,3.40785e+06,6.79999e+06,1.14862e+07,3.21513e+06,6.79999e+06,1.14844e+07,3.00605e+06,6.79999e+06,1.14823e+07,2.7848e+06,6.79999e+06,1.148e+07,2.5568e+06,6.79999e+06,1.14773e+07,2.32825e+06,6.79999e+06,13.5742,8.52444,0.508366,16.8306,13.2585,0.162638,20.0035,17.569,0.0507846,23.2616,22.4214,0.0158319,26.7328,28.3297,0.00493498,30.5212,35.6974,0.00153831,34.7178,44.9473,0.000479527,39.4086,56.5822,0.000149456,44.6796,71.2245,4.66214e-05,50.6209,89.6543,1.45419e-05,57.3297,112.852,4.54748e-06,64.9129,142.051,1.43857e-06,73.4897,178.803,4.36618e-07,83.1934,225.062,1.40153e-07,94.1745,283.286,4.96378e-08,106.602,356.568,1.05434e-07,120.669,448.799,-6.49244e-08,136.59,564.873,1.70148e-07,154.611,710.948,-5.34594e-08,175.008,894.767,1.63407e-07,198.097,1126.06,8.04804e-08,224.231,1417.07,1.14667e-07,253.813,1783.15,-1.71227e-07,287.297,2243.62,-2.88466e-07,325.198,2822.67,-4.33651e-07,368.098,3550.67,7.9318e-08,416.657,4465.65,3.13319e-07,471.621,5615.16,3.4613e-07,533.835,7058.61,-1.19199e-07,604.255,8870.02,-2.79964e-07,683.962,11141.4,-2.30521e-07,774.182,13986.7,-2.55099e-07,876.299,17546.4,1.23585e-07,991.883,21993.1,1.41192e-07,1122.71,27536.7,-9.71886e-08,1270.78,34430.7,-3.68368e-07,1438.38,42977.7,-3.45379e-07,1628.07,53532.7,-3.25328e-09,1842.77,66504.6,2.6362e-07,2085.77,82350.2,2.53445e-07,2360.79,101560,-2.47407e-08,2672.05,124632,-3.80602e-07,3024.31,152018,-4.79005e-07,3422.98,184060,-1.14379e-07,3874.15,220884,2.64297e-07,4384.72,262283,3.44131e-07,4962.49,307576,7.5349e-08,5616.29,355497,-3.63097e-07,6356.1,404126,-6.05442e-07,7193.18,450932,-2.72333e-07,8140.28,492963,2.29675e-07,9211.79,527178,4.3387e-07,10424,550893,-1.0711e-07,10.102,8.06553,2.81012,10.6436,8.57909,0.869423,11.5336,10.2515,0.270869,12.7211,12.7138,0.0844293,14.1823,15.9373,0.0263173,15.9122,20.0383,0.0082035,17.9198,25.2154,0.00255722,20.2244,31.7373,0.000797017,22.8539,39.9486,0.000248622,25.8438,50.2851,7.75492e-05,29.237,63.2963,2.42508e-05,33.0837,79.6738,7.67162e-06,37.4415,100.288,2.32837e-06,42.3767,126.236,7.33e-07,47.9646,158.896,2.79256e-07,54.2906,200.003,9.87351e-09,61.452,251.741,1.61085e-07,69.5585,316.859,-2.47141e-07,78.7347,398.812,8.93552e-08,89.1218,501.948,-2.53231e-07,100.879,631.736,-1.25047e-07,114.188,795.049,-1.78808e-07,129.252,1000.53,2.6733e-07,146.304,1259.03,4.50292e-07,165.605,1584.19,6.76904e-07,187.452,1993.12,-1.23808e-07,212.181,2507.27,-4.89068e-07,240.173,3153.54,-5.40284e-07,271.856,3965.56,1.86061e-07,307.719,4985.38,4.37004e-07,348.313,6265.4,3.59828e-07,394.26,7870.83,3.98192e-07,446.268,9882.51,-1.92908e-07,505.135,12400.3,-2.20392e-07,571.766,15546.9,1.51705e-07,647.184,19472.2,5.74996e-07,732.547,24357.4,5.39112e-07,829.167,30420,5.07815e-09,938.526,37916.3,-4.11492e-07,1062.3,47143.9,-3.9561e-07,1202.4,58439.2,3.86185e-08,1360.96,72169.3,5.94093e-07,1540.42,88715.8,7.47693e-07,1743.53,108445,1.78537e-07,1973.41,131665,-4.12549e-07,2233.57,158557,-5.37164e-07,2528,189103,-1.17615e-07,2861.2,222986,5.66769e-07,3238.27,259510,9.45053e-07,3664.97,297540,4.25093e-07,4147.81,335497,-3.58506e-07,4694.17,371444,-6.7724e-07,5312.37,403256,1.67192e-07,1.61744,3.89446,9.84394,3.28846,7.5504,12.774,5.07607,11.7187,13.6844,7.03202,16.8147,13.9681,9.20215,23.1769,14.0566,11.6301,31.1672,14.0841,14.3598,41.2186,14.0927,17.4376,53.8688,14.0954,20.9137,69.7915,14.0962,24.8432,89.8341,14.0965,29.2879,115.063,14.0966,34.3168,146.819,14.0966,40.0078,186.792,14.0966,46.4487,237.107,14.0966,53.7388,300.44,14.0966,61.9903,380.158,14.0966,71.3301,480.499,14.0966,81.902,606.796,14.0966,93.8685,765.761,14.0966,107.414,965.837,14.0966,122.746,1217.65,14.0966,140.101,1534.57,14.0966,159.745,1933.41,14.0966,181.981,2435.3,14.0966,207.15,3066.85,14.0966,235.64,3861.46,14.0966,267.889,4861.11,14.0966,304.391,6118.54,14.0966,345.709,7699.91,14.0966,392.478,9688.22,14.0966,445.417,12187.5,14.0966,505.339,15327.7,14.0966,573.165,19271.6,14.0966,649.938,24222,14.0966,736.839,30430.9,14.0966,835.202,38211.5,14.0966,946.539,47950.3,14.0966,1072.56,60122.8,14.0966,1215.21,75309.9,14.0966,1376.66,94216.2,14.0966,1559.41,117688,14.0966,1766.26,146729,14.0966,2000.39,182510,14.0966,2265.39,226372,14.0966,2565.33,279806,14.0966,2904.81,344416,14.0966,3289.05,421845,14.0966,3723.93,513667,14.0966,4216.13,621231,14.0966,4773.18,745478,14.0966,5403.64,886744,14.0966,6117.15,1.04457e+06,14.0966,6924.63,1.2176e+06,14.0966,11.7194,11.96,12.6541,13.9321,16.1295,13.6434,16.6097,21.9702,13.9553,19.7532,29.5285,14.0526,23.3844,39.1143,14.0829,27.5423,51.2054,14.0923,32.2796,66.434,14.0953,37.662,85.6061,14.0962,43.7675,109.74,14.0965,50.687,140.119,14.0966,58.5249,178.359,14.0966,67.4005,226.493,14.0966,77.4493,287.08,14.0966,88.8254,363.343,14.0966,101.703,459.336,14.0966,116.281,580.161,14.0966,132.782,732.241,14.0966,151.46,923.655,14.0966,172.603,1164.57,14.0966,196.535,1467.79,14.0966,223.625,1849.39,14.0966,254.288,2329.62,14.0966,288.997,2933.93,14.0966,328.285,3694.33,14.0966,372.755,4651.04,14.0966,423.092,5854.57,14.0966,480.07,7368.38,14.0966,544.564,9272.08,14.0966,617.566,11665.5,14.0966,700.197,14673.6,14.0966,793.729,18452.9,14.0966,899.599,23198.6,14.0966,1019.43,29154.1,14.0966,1155.07,36622.3,14.0966,1308.6,45977.9,14.0966,1482.39,57683.7,14.0966,1679.09,72307.8,14.0966,1901.73,90542.8,14.0966,2153.73,113226,14.0966,2438.97,141360,14.0966,2761.81,176127,14.0966,3127.22,218898,14.0966,3540.81,271226,14.0966,4008.92,334817,14.0966,4538.74,411470,14.0966,5138.38,502973,14.0966,5817.04,610948,14.0966,6585.12,736653,14.0966,7454.39,880741,14.0966,8438.15,1.04302e+06,14.0966,9551.45,1.22224e+06,14.0966,10811.3,1.41602e+06,14.0966,12237,1.62086e+06,14.0966,11.7194,11.96,12.6541,2.21263,4.16949,0.989383,2.67766,5.84076,0.311842,3.14343,7.55825,0.0972771,3.63127,9.58578,0.0303237,4.15787,12.0912,0.00945211,4.73731,15.2286,0.00294633,5.38238,19.1721,0.000918508,6.10553,24.134,0.000286163,6.91951,30.3791,8.92692e-05,7.83792,38.2397,2.78121e-05,8.87555,48.1338,8.65134e-06,10.0489,60.5876,2.7882e-06,11.3761,76.2629,8.29036e-07,12.8779,95.9927,2.4373e-07,14.5775,120.825,4.33068e-09,16.5012,152.08,1.75749e-07,18.6784,191.415,-1.86328e-07,21.1428,240.917,1.91829e-07,23.9322,303.213,-1.81475e-07,27.0895,381.602,7.0186e-08,30.6634,480.231,-2.86769e-08,34.7087,604.316,2.40784e-07,39.2876,760.401,9.87368e-08,44.4705,956.705,1.22263e-07,50.3371,1203.54,-4.31966e-07,56.9776,1513.81,-1.9705e-07,64.494,1903.69,-2.763e-08,73.0018,2393.4,3.9185e-07,82.6317,3008.13,1.35379e-07,93.5318,3779.25,-4.16351e-08,105.869,4745.7,2.06965e-08,119.834,5955.6,-3.18887e-07,135.641,7468.12,-1.48271e-08,153.531,9355.62,2.00739e-07,173.781,11705.8,2.28358e-07,196.701,14624.1,-1.93587e-08,222.642,18235,-2.88101e-07,252.003,22683.4,-2.24732e-07,285.234,28134,8.56806e-09,322.845,34767,2.34258e-07,365.413,42770.9,2.99668e-07,413.588,52327.9,8.28644e-08,468.111,63591.2,-3.07049e-07,529.814,76653.2,-3.1888e-07,599.642,91502.5,-6.72276e-08,678.662,107975,2.26339e-07,768.083,125705,3.69212e-07,869.267,144088,2.04077e-07,983.76,162277,-2.80509e-07,1113.3,179223,-4.22737e-07,1259.87,193777,-1.71951e-07,1425.68,204839,4.55555e-07,11.7194,11.96,12.6541,2.21263,4.16949,0.989383,2.67766,5.84076,0.311842,3.14343,7.55825,0.0972771,3.63127,9.58578,0.0303237,4.15787,12.0912,0.00945211,4.73731,15.2286,0.00294633,5.38238,19.1721,0.000918508,6.10553,24.134,0.000286163,6.91951,30.3791,8.92692e-05,7.83792,38.2397,2.78121e-05,8.87555,48.1338,8.65134e-06,10.0489,60.5876,2.7882e-06,11.3761,76.2629,8.29036e-07,12.8779,95.9927,2.4373e-07,14.5775,120.825,1e-08,16.5012,152.08,1.75749e-07,18.6784,191.415,1e-08,21.1428,240.917,1.91829e-07,23.9322,303.213,1e-08,27.0895,381.602,7.0186e-08,30.6634,480.231,1e-08,34.7087,604.316,2.40784e-07,39.2876,760.401,9.87368e-08,44.4705,956.705,1.22263e-07,50.3371,1203.54,1e-08,56.9776,1513.81,1e-08,64.494,1903.69,1e-08,73.0018,2393.4,3.9185e-07,82.6317,3008.13,1.35379e-07,93.5318,3779.25,1e-08,105.869,4745.7,2.06965e-08,119.834,5955.6,1e-08,135.641,7468.12,1e-08,153.531,9355.62,2.00739e-07,173.781,11705.8,2.28358e-07,196.701,14624.1,1e-08,222.642,18235,1e-08,252.003,22683.4,1e-08,285.234,28134,1e-08,322.845,34767,2.34258e-07,365.413,42770.9,2.99668e-07,413.588,52327.9,8.28644e-08,468.111,63591.2,1e-08,529.814,76653.2,1e-08,599.642,91502.5,1e-08,678.662,107975,2.26339e-07,768.083,125705,3.69212e-07,869.267,144088,2.04077e-07,983.76,162277,1e-08,1113.3,179223,1e-08,1259.87,193777,1e-08,1425.68,204839,4.55555e-07,6.2823,3.27286,2.43537,0.219672,6.18826,2.24117,0.56371,6.87772,2.63624,0.308279,7,17,17,2,4,0,3,3,0,1,9,0,4,11,0,5,12,0,4,16,0,3,23,0,6,30,0,3,14,0,8,23,0,7,31,0,8,46,0,4,79,0,16,20,0,13,70,0,16,56,0,14,191,0,24,191,0,9,211,0,12,264,0,24,515,0,81,383,0,53,900,0,47,336,0,37,2353,0,40,1618,0,94,1284,0,54,1198,0,69,3533,0,35,2922,0,96,5323,0,157,3257,0,111,9333,0,130,9877,0,92,14686,0,183,9758,0,155,20840,0,177,19414,0,398,58943,0,219,22298,0,412,14211,0,535,31060,0,366,44624,0,528,28081,0,424,171986,0,572,172103,0,355,128053,0,897,62137,0,568,234226,0,861,96202,0,1018,146232,0,1409,129265,0
-1.05176e+08,1,8.88811e-15,10,1023,0,1.05176e+08,0.528882,1.08665,0.389689,0.145397,0.379329,3.24381,0.161596,0.446195,1.77396,0.159177,1.15e+07,4.49998e+06,6.79999e+06,1.15e+07,4.49997e+06,6.79999e+06,1.15e+07,4.49996e+06,6.79999e+06,1.15e+07,4.49995e+06,6.79999e+06,1.14999e+07,4.49993e+06,6.79999e+06,1.14999e+07,4.49991e+06,6.79999e+06,1.14999e+07,4.49989e+06,6.79999e+06,1.14999e+07,4.49986e+06,6.79999e+06,1.14999e+07,4.49982e+06,6.79999e+06,1.14999e+07,4.49977e+06,6.79999e+06,1.14999e+07,4.49971e+06,6.79999e+06,1.14999e+07,4.49963e+06,6.79999e+06,1.14998e+07,4.49953e+06,6.79999e+06,1.14998e+07,4.49941e+06,6.79999e+06,1.14998e+07,4.49926e+06,6.79999e+06,1.14998e+07,4.49906e+06,6.79999e+06,1.14997e+07,4.49882e+06,6.79999e+06,1.14997e+07,4.49851e+06,6.79999e+06,1.14997e+07,4.49812e+06,6.79999e+06,1.14996e+07,4.49764e+06,6.79999e+06,1.14996e+07,4.49702e+06,6.79999e+06,1.14995e+07,4.49625e+06,6.79999e+06,1.14995e+07,4.49528e+06,6.79999e+06,1.14994e+07,4.49406e+06,6.79999e+06,1.14993e+07,4.49253e+06,6.79999e+06,1.14992e+07,4.49059e+06,6.79999e+06,1.14991e+07,4.48817e+06,6.79999e+06,1.1499e+07,4.48511e+06,6.79999e+06,1.14988e+07,4.48128e+06,6.79999e+06,1.14987e+07,4.47646e+06,6.79999e+06,1.14985e+07,4.47041e+06,6.79999e+06,1.14983e+07,4.46281e+06,6.79999e+06,1.14981e+07,4.4533e+06,6.79999e+06,1.14979e+07,4.44138e+06,6.79999e+06,1.14976e+07,4.42649e+06,6.79999e+06,1.14972e+07,4.40789e+06,6.79999e+06,1.14969e+07,4.38471e+06,6.79999e+06,1.14965e+07,4.35592e+06,6.79999e+06,1.1496e+07,4.32027e+06,6.79999e+06,1.14955e+07,4.27629e+06,6.79999e+06,1.14949e+07,4.22231e+06,6.79999e+06,1.14942e+07,4.15647e+06,6.79999e+06,1.14934e+07,4.07676e+06,6.79999e+06,1.14926e+07,3.98112e+06,6.79999e+06,1.14916e+07,3.86765e+06,6.79999e+06,1.14905e+07,3.73474e+06,6.79999e+06,1.14892e+07,3.58148e+06,6.79999e+06,1.14878e+07,3.40785e+06,6.79999e+06,1.14862e+07,3.21513e+06,6.79999e+06,1.14844e+07,3.00605e+06,6.79999e+06,1.14823e+07,2.7848e+06,6.79999e+06,1.148e+07,2.5568e+06,6.79999e+06,1.14773e+07,2.32825e+06,6.79999e+06,13.5742,8.52444,0.508366,16.8306,13.2585,0.162638,20.0035,17.569,0.0507846,23.2616,22.4214,0.0158319,26.7328,28.3297,0.00493498,30.5212,35.6974,0.00153831,34.7178,44.9473,0.000479527,39.4086,56.5822,0.000149456,44.6796,71.2245,4.66214e-05,50.6209,89.6543,1.45419e-05,57.3297,112.852,4.54748e-06,64.9129,142.051,1.43857e-06,73.4897,178.803,4.36618e-07,83.1934,225.062,1.40153e-07,94.1745,283.286,4.96378e-08,106.602,356.568,1.05434e-07,120.669,448.799,-6.49244e-08,136.59,564.873,1.70148e-07,154.611,710.948,-5.34594e-08,175.008,894.767,1.63407e-07,198.097,1126.06,8.04804e-08,224.231,1417.07,1.14667e-07,253.813,1783.15,-1.71227e-07,287.297,2243.62,-2.88466e-07,325.198,2822.67,-4.33651e-07,368.098,3550.67,7.9318e-08,416.657,4465.65,3.13319e-07,471.621,5615.16,3.4613e-07,533.835,7058.61,-1.19199e-07,604.255,8870.02,-2.79964e-07,683.962,11141.4,-2.30521e-07,774.182,13986.7,-2.55099e-07,876.299,17546.4,1.23585e-07,991.883,21993.1,1.41192e-07,1122.71,27536.7,-9.71886e-08,1270.78,34430.7,-3.68368e-07,1438.38,42977.7,-3.45379e-07,1628.07,53532.7,-3.25328e-09,1842.77,66504.6,2.6362e-07,2085.77,82350.2,2.53445e-07,2360.79,101560,-2.47407e-08,2672.05,124632,-3.80602e-07,3024.31,152018,-4.79005e-07,3422.98,184060,-1.14379e-07,3874.15,220884,2.64297e-07,4384.72,262283,3.44131e-07,4962.49,307576,7.5349e-08,5616.29,355497,-3.63097e-07,6356.1,404126,-6.05442e-07,7193.18,450932,-2.72333e-07,8140.28,492963,2.29675e-07,9211.79,527178,4.3387e-07,10424,550893,-1.0711e-07,10.102,8.06553,2.81012,10.6436,8.57909,0.869423,11.5336,10.2515,0.270869,12.7211,12.7138,0.0844293,14.1823,15.9373,0.0263173,15.9122,20.0383,0.0082035,17.9198,25.2154,0.00255722,20.2244,31.7373,0.000797017,22.8539,39.9486,0.000248622,25.8438,50.2851,7.75492e-05,29.237,63.2963,2.42508e-05,33.0837,79.6738,7.67162e-06,37.4415,100.288,2.32837e-06,42.3767,126.236,7.33e-07,47.9646,158.896,2.79256e-07,54.2906,200.003,9.87351e-09,61.452,251.741,1.61085e-07,69.5585,316.859,-2.47141e-07,78.7347,398.812,8.93552e-08,89.1218,501.948,-2.53231e-07,100.879,631.736,-1.25047e-07,114.188,795.049,-1.78808e-07,129.252,1000.53,2.6733e-07,146.304,1259.03,4.50292e-07,165.605,1584.19,6.76904e-07,187.452,1993.12,-1.23808e-07,212.181,2507.27,-4.89068e-07,240.173,3153.54,-5.40284e-07,271.856,3965.56,1.86061e-07,307.719,4985.38,4.37004e-07,348.313,6265.4,3.59828e-07,394.26,7870.83,3.98192e-07,446.268,9882.51,-1.92908e-07,505.135,12400.3,-2.20392e-07,571.766,15546.9,1.51705e-07,647.184,19472.2,5.74996e-07,732.547,24357.4,5.39112e-07,829.167,30420,5.07815e-09,938.526,37916.3,-4.11492e-07,1062.3,47143.9,-3.9561e-07,1202.4,58439.2,3.86185e-08,1360.96,72169.3,5.94093e-07,1540.42,88715.8,7.47693e-07,1743.53,108445,1.78537e-07,1973.41,131665,-4.12549e-07,2233.57,158557,-5.37164e-07,2528,189103,-1.17615e-07,2861.2,222986,5.66769e-07,3238.27,259510,9.45053e-07,3664.97,297540,4.25093e-07,4147.81,335497,-3.58506e-07,4694.17,371444,-6.7724e-07,5312.37,403256,1.67192e-07,1.61744,3.89446,9.84394,3.28846,7.5504,12.774,5.07607,11.7187,13.6844,7.03202,16.8147,13.9681,9.20215,23.1769,14.0566,11.6301,31.1672,14.0841,14.3598,41.2186,14.0927,17.4376,53.8688,14.0954,20.9137,69.7915,14.0962,24.8432,89.8341,14.0965,29.2879,115.063,14.0966,34.3168,146.819,14.0966,40.0078,186.792,14.0966,46.4487,237.107,14.0966,53.7388,300.44,14.0966,61.9903,380.158,14.0966,71.3301,480.499,14.0966,81.902,606.796,14.0966,93.8685,765.761,14.0966,107.414,965.837,14.0966,122.746,1217.65,14.0966,140.101,1534.57,14.0966,159.745,1933.41,14.0966,181.981,2435.3,14.0966,207.15,3066.85,14.0966,235.64,3861.46,14.0966,267.889,4861.11,14.0966,304.391,6118.54,14.0966,345.709,7699.91,14.0966,392.478,9688.22,14.0966,445.417,12187.5,14.0966,505.339,15327.7,14.0966,573.165,19271.6,14.0966,649.938,24222,14.0966,736.839,30430.9,14.0966,835.202,38211.5,14.0966,946.539,47950.3,14.0966,1072.56,60122.8,14.0966,1215.21,75309.9,14.0966,1376.66,94216.2,14.0966,1559.41,117688,14.0966,1766.26,146729,14.0966,2000.39,182510,14.0966,2265.39,226372,14.0966,2565.33,279806,14.0966,2904.81,344416,14.0966,3289.05,421845,14.0966,3723.93,513667,14.0966,4216.13,621231,14.0966,4773.18,745478,14.0966,5403.64,886744,14.0966,6117.15,1.04457e+06,14.0966,6924.63,1.2176e+06,14.0966,11.7194,11.96,12.6541,13.9321,16.1295,13.6434,16.6097,21.9702,13.9553,19.7532,29.5285,14.0526,23.3844,39.1143,14.0829,27.5423,51.2054,14.0923,32.2796,66.434,14.0953,37.662,85.6061,14.0962,43.7675,109.74,14.0965,50.687,140.119,14.0966,58.5249,178.359,14.0966,67.4005,226.493,14.0966,77.4493,287.08,14.0966,88.8254,363.343,14.0966,101.703,459.336,14.0966,116.281,580.161,14.0966,132.782,732.241,14.0966,151.46,923.655,14.0966,172.603,1164.57,14.0966,196.535,1467.79,14.0966,223.625,1849.39,14.0966,254.288,2329.62,14.0966,288.997,2933.93,14.0966,328.285,3694.33,14.0966,372.755,4651.04,14.0966,423.092,5854.57,14.0966,480.07,7368.38,14.0966,544.564,9272.08,14.0966,617.566,11665.5,14.0966,700.197,14673.6,14.0966,793.729,18452.9,14.0966,899.599,23198.6,14.0966,1019.43,29154.1,14.0966,1155.07,36622.3,14.0966,1308.6,45977.9,14.0966,1482.39,57683.7,14.0966,1679.09,72307.8,14.0966,1901.73,90542.8,14.0966,2153.73,113226,14.0966,2438.97,141360,14.0966,2761.81,176127,14.0966,3127.22,218898,14.0966,3540.81,271226,14.0966,4008.92,334817,14.0966,4538.74,411470,14.0966,5138.38,502973,14.0966,5817.04,610948,14.0966,6585.12,736653,14.0966,7454.39,880741,14.0966,8438.15,1.04302e+06,14.0966,9551.45,1.22224e+06,14.0966,10811.3,1.41602e+06,14.0966,12237,1.62086e+06,14.0966,11.7194,11.96,12.6541,2.21263,4.16949,0.989383,2.67766,5.84076,0.311842,3.14343,7.55825,0.0972771,3.63127,9.58578,0.0303237,4.15787,12.0912,0.00945211,4.73731,15.2286,0.00294633,5.38238,19.1721,0.000918508,6.10553,24.134,0.000286163,6.91951,30.3791,8.92692e-05,7.83792,38.2397,2.78121e-05,8.87555,48.1338,8.65134e-06,10.0489,60.5876,2.7882e-06,11.3761,76.2629,8.29036e-07,12.8779,95.9927,2.4373e-07,14.5775,120.825,4.33068e-09,16.5012,152.08,1.75749e-07,18.6784,191.415,-1.86328e-07,21.1428,240.917,1.91829e-07,23.9322,303.213,-1.81475e-07,27.0895,381.602,7.0186e-08,30.6634,480.231,-2.86769e-08,34.7087,604.316,2.40784e-07,39.2876,760.401,9.87368e-08,44.4705,956.705,1.22263e-07,50.3371,1203.54,-4.31966e-07,56.9776,1513.81,-1.9705e-07,64.494,1903.69,-2.763e-08,73.0018,2393.4,3.9185e-07,82.6317,3008.13,1.35379e-07,93.5318,3779.25,-4.16351e-08,105.869,4745.7,2.06965e-08,119.834,5955.6,-3.18887e-07,135.641,7468.12,-1.48271e-08,153.531,9355.62,2.00739e-07,173.781,11705.8,2.28358e-07,196.701,14624.1,-1.93587e-08,222.642,18235,-2.88101e-07,252.003,22683.4,-2.24732e-07,285.234,28134,8.56806e-09,322.845,34767,2.34258e-07,365.413,42770.9,2.99668e-07,413.588,52327.9,8.28644e-08,468.111,63591.2,-3.07049e-07,529.814,76653.2,-3.1888e-07,599.642,91502.5,-6.72276e-08,678.662,107975,2.26339e-07,768.083,125705,3.69212e-07,869.267,144088,2.04077e-07,983.76,162277,-2.80509e-07,1113.3,179223,-4.22737e-07,1259.87,193777,-1.71951e-07,1425.68,204839,4.55555e-07,11.7194,11.96,12.6541,2.21263,4.16949,0.989383,2.67766,5.84076,0.311842,3.14343,7.55825,0.0972771,3.63127,9.58578,0.0303237,4.15787,12.0912,0.00945211,4.73731,15.2286,0.00294633,5.38238,19.1721,0.000918508,6.10553,24.134,0.000286163,6.91951,30.3791,8.92692e-05,7.83792,38.2397,2.78121e-05,8.87555,48.1338,8.65134e-06,10.0489,60.5876,2.7882e-06,11.3761,76.2629,8.29036e-07,12.8779,95.9927,2.4373e-07,14.5775,120.825,1e-08,16.5012,152.08,1.75749e-07,18.6784,191.415,1e-08,21.1428,240.917,1.91829e-07,23.9322,303.213,1e-08,27.0895,381.602,7.0186e-08,30.6634,480.231,1e-08,34.7087,604.316,2.40784e-07,39.2876,760.401,9.87368e-08,44.4705,956.705,1.22263e-07,50.3371,1203.54,1e-08,56.9776,1513.81,1e-08,64.494,1903.69,1e-08,73.0018,2393.4,3.9185e-07,82.6317,3008.13,1.35379e-07,93.5318,3779.25,1e-08,105.869,4745.7,2.06965e-08,119.834,5955.6,1e-08,135.641,7468.12,1e-08,153.531,9355.62,2.00739e-07,173.781,11705.8,2.28358e-07,196.701,14624.1,1e-08,222.642,18235,1e-08,252.003,22683.4,1e-08,285.234,28134,1e-08,322.845,34767,2.34258e-07,365.413,42770.9,2.99668e-07,413.588,52327.9,8.28644e-08,468.111,63591.2,1e-08,529.814,76653.2,1e-08,599.642,91502.5,1e-08,678.662,107975,2.26339e-07,768.083,125705,3.69212e-07,869.267,144088,2.04077e-07,983.76,162277,1e-08,1113.3,179223,1e-08,1259.87,193777,1e-08,1425.68,204839,4.55555e-07,6.2823,3.27286,2.43537,0.219672,6.18826,2.24117,0.56371,6.87772,2.63624,0.308279,12,15,12,4,6,0,2,9,1,4,10,0,3,3,0,3,11,0,11,12,0,3,21,0,4,48,0,6,14,0,8,30,0,11,70,0,5,73,0,19,151,0,9,94,0,37,151,0,27,92,0,16,279,0,14,338,0,28,406,0,20,591,0,39,423,0,39,847,0,35,225,0,27,323,0,29,2268,0,65,1822,0,19,1552,0,58,1892,0,69,1674,0,72,1375,0,76,5162,0,75,6625,0,130,11693,0,150,6430,0,205,16107,0,166,15305,0,274,21865,0,249,31757,0,249,31424,0,276,21106,0,198,39370,0,346,13006,0,651,77320,0,793,67706,0,694,119408,0,368,192539,0,814,159893,0,1313,172335,0,1233,108032,0,1531,186610,0,1303,188298,0,1158,362334,0
-1.05176e+08,1,8.88811e-15,10,1023,0,1.05176e+08,0.528882,1.08665,0.389689,0.145397,0.379329,3.24381,0.161596,0.446195,1.77396,0.159177,1.15e+07,4.49998e+06,6.79999e+06,1.15e+07,4.49997e+06,6.79999e+06,1.15e+07,4.49996e+06,6.79999e+06,1.15e+07,4.49995e+06,6.79999e+06,1.14999e+07,4.49993e+06,6.79999e+06,1.14999e+07,4.49991e+06,6.79999e+06,1.14999e+07,4.49989e+06,6.79999e+06,1.14999e+07,4.49986e+06,6.79999e+06,1.14999e+07,4.49982e+06,6.79999e+06,1.14999e+07,4.49977e+06,6.79999e+06,1.14999e+07,4.49971e+06,6.79999e+06,1.14999e+07,4.49963e+06,6.79999e+06,1.14998e+07,4.49953e+06,6.79999e+06,1.14998e+07,4.49941e+06,6.79999e+06,1.14998e+07,4.49926e+06,6.79999e+06,1.14998e+07,4.49906e+06,6.79999e+06,1.14997e+07,4.49882e+06,6.79999e+06,1.14997e+07,4.49851e+06,6.79999e+06,1.14997e+07,4.49812e+06,6.79999e+06,1.14996e+07,4.49764e+06,6.79999e+06,1.14996e+07,4.49702e+06,6.79999e+06,1.14995e+07,4.49625e+06,6.79999e+06,1.14995e+07,4.49528e+06,6.79999e+06,1.14994e+07,4.49406e+06,6.79999e+06,1.14993e+07,4.49253e+06,6.79999e+06,1.14992e+07,4.49059e+06,6.79999e+06,1.14991e+07,4.48817e+06,6.79999e+06,1.1499e+07,4.48511e+06,6.79999e+06,1.14988e+07,4.48128e+06,6.79999e+06,1.14987e+07,4.47646e+06,6.79999e+06,1.14985e+07,4.47041e+06,6.79999e+06,1.14983e+07,4.46281e+06,6.79999e+06,1.14981e+07,4.4533e+06,6.79999e+06,1.14979e+07,4.44138e+06,6.79999e+06,1.14976e+07,4.42649e+06,6.79999e+06,1.14972e+07,4.40789e+06,6.79999e+06,1.14969e+07,4.38471e+06,6.79999e+06,1.14965e+07,4.35592e+06,6.79999e+06,1.1496e+07,4.32027e+06,6.79999e+06,1.14955e+07,4.27629e+06,6.79999e+06,1.14949e+07,4.22231e+06,6.79999e+06,1.14942e+07,4.15647e+06,6.79999e+06,1.14934e+07,4.07676e+06,6.79999e+06,1.14926e+07,3.98112e+06,6.79999e+06,1.14916e+07,3.86765e+06,6.79999e+06,1.14905e+07,3.73474e+06,6.79999e+06,1.14892e+07,3.58148e+06,6.79999e+06,1.14878e+07,3.40785e+06,6.79999e+06,1.14862e+07,3.21513e+06,6.79999e+06,1.14844e+07,3.00605e+06,6.79999e+06,1.14823e+07,2.7848e+06,6.79999e+06,1.148e+07,2.5568e+06,6.79999e+06,1.14773e+07,2.32825e+06,6.79999e+06,13.5742,8.52444,0.508366,16.8306,13.2585,0.162638,20.0035,17.569,0.0507846,23.2616,22.4214,0.0158319,26.7328,28.3297,0.00493498,30.5212,35.6974,0.00153831,34.7178,44.9473,0.000479527,39.4086,56.5822,0.000149456,44.6796,71.2245,4.66214e-05,50.6209,89.6543,1.45419e-05,57.3297,112.852,4.54748e-06,64.9129,142.051,1.43857e-06,73.4897,178.803,4.36618e-07,83.1934,225.062,1.40153e-07,94.1745,283.286,4.96378e-08,106.602,356.568,1.05434e-07,120.669,448.799,-6.49244e-08,136.59,564.873,1.70148e-07,154.611,710.948,-5.34594e-08,175.008,894.767,1.63407e-07,198.097,1126.06,8.04804e-08,224.231,1417.07,1.14667e-07,253.813,1783.15,-1.71227e-07,287.297,2243.62,-2.88466e-07,325.198,2822.67,-4.33651e-07,368.098,3550.67,7.9318e-08,416.657,4465.65,3.13319e-07,471.621,5615.16,3.4613e-07,533.835,7058.61,-1.19199e-07,604.255,8870.02,-2.79964e-07,683.962,11141.4,-2.30521e-07,774.182,13986.7,-2.55099e-07,876.299,17546.4,1.23585e-07,991.883,21993.1,1.41192e-07,1122.71,27536.7,-9.71886e-08,1270.78,34430.7,-3.68368e-07,1438.38,42977.7,-3.45379e-07,1628.07,53532.7,-3.25328e-09,1842.77,66504.6,2.6362e-07,2085.77,82350.2,2.53445e-07,2360.79,101560,-2.47407e-08,2672.05,124632,-3.80602e-07,3024.31,152018,-4.79005e-07,3422.98,184060,-1.14379e-07,3874.15,220884,2.64297e-07,4384.72,262283,3.44131e-07,4962.49,307576,7.5349e-08,5616.29,355497,-3.63097e-07,6356.1,404126,-6.05442e-07,7193.18,450932,-2.72333e-07,8140.28,492963,2.29675e-07,9211.79,527178,4.3387e-07,10424,550893,-1.0711e-07,10.102,8.06553,2.81012,10.6436,8.57909,0.869423,11.5336,10.2515,0.270869,12.7211,12.7138,0.0844293,14.1823,15.9373,0.0263173,15.9122,20.0383,0.0082035,17.9198,25.2154,0.00255722,20.2244,31.7373,0.000797017,22.8539,39.9486,0.000248622,25.8438,50.2851,7.75492e-05,29.237,63.2963,2.42508e-05,33.0837,79.6738,7.67162e-06,37.4415,100.288,2.32837e-06,42.3767,126.236,7.33e-07,47.9646,158.896,2.79256e-07,54.2906,200.003,9.87351e-09,61.452,251.741,1.61085e-07,69.5585,316.859,-2.47141e-07,78.7347,398.812,8.93552e-08,89.1218,501.948,-2.53231e-07,100.879,631.736,-1.25047e-07,114.188,795.049,-1.78808e-07,129.252,1000.53,2.6733e-07,146.304,1259.03,4.50292e-07,165.605,1584.19,6.76904e-07,187.452,1993.12,-1.23808e-07,212.181,2507.27,-4.89068e-07,240.173,3153.54,-5.40284e-07,271.856,3965.56,1.86061e-07,307.719,4985.38,4.37004e-07,348.313,6265.4,3.59828e-07,394.26,7870.83,3.98192e-07,446.268,9882.51,-1.92908e-07,505.135,12400.3,-2.20392e-07,571.766,15546.9,1.51705e-07,647.184,19472.2,5.74996e-07,732.547,24357.4,5.39112e-07,829.167,30420,5.07815e-09,938.526,37916.3,-4.11492e-07,1062.3,47143.9,-3.9561e-07,1202.4,58439.2,3.86185e-08,1360.96,72169.3,5.94093e-07,1540.42,88715.8,7.47693e-07,1743.53,108445,1.78537e-07,1973.41,131665,-4.12549e-07,2233.57,158557,-5.37164e-07,2528,189103,-1.17615e-07,2861.2,222986,5.66769e-07,3238.27,259510,9.45053e-07,3664.97,297540,4.25093e-07,4147.81,335497,-3.58506e-07,4694.17,371444,-6.7724e-07,5312.37,403256,1.67192e-07,1.61744,3.89446,9.84394,3.28846,7.5504,12.774,5.07607,11.7187,13.6844,7.03202,16.8147,13.9681,9.20215,23.1769,14.0566,11.6301,31.1672,14.0841,14.3598,41.2186,14.0927,17.4376,53.8688,14.0954,20.9137,69.7915,14.0962,24.8432,89.8341,14.0965,29.2879,115.063,14.0966,34.3168,146.819,14.0966,40.0078,186.792,14.0966,46.4487,237.107,14.0966,53.7388,300.44,14.0966,61.9903,380.158,14.0966,71.3301,480.499,14.0966,81.902,606.796,14.0966,93.8685,765.761,14.0966,107.414,965.837,14.0966,122.746,1217.65,14.0966,140.101,1534.57,14.0966,159.745,1933.41,14.0966,181.981,2435.3,14.0966,207.15,3066.85,14.0966,235.64,3861.46,14.0966,267.889,4861.11,14.0966,304.391,6118.54,14.0966,345.709,7699.91,14.0966,392.478,9688.22,14.0966,445.417,12187.5,14.0966,505.339,15327.7,14.0966,573.165,19271.6,14.0966,649.938,24222,14.0966,736.839,30430.9,14.0966,835.202,38211.5,14.0966,946.539,47950.3,14.0966,1072.56,60122.8,14.0966,1215.21,75309.9,14.0966,1376.66,94216.2,14.0966,1559.41,117688,14.0966,1766.26,146729,14.0966,2000.39,182510,14.0966,2265.39,226372,14.0966,2565.33,279806,14.0966,2904.81,344416,14.0966,3289.05,421845,14.0966,3723.93,513667,14.0966,4216.13,621231,14.0966,4773.18,745478,14.0966,5403.64,886744,14.0966,6117.15,1.04457e+06,14.0966,6924.63,1.2176e+06,14.0966,11.7194,11.96,12.6541,13.9321,16.1295,13.6434,16.6097,21.9702,13.9553,19.7532,29.5285,14.0526,23.3844,39.1143,14.0829,27.5423,51.2054,14.0923,32.2796,66.434,14.0953,37.662,85.6061,14.0962,43.7675,109.74,14.0965,50.687,140.119,14.0966,58.5249,178.359,14.0966,67.4005,226.493,14.0966,77.4493,287.08,14.0966,88.8254,363.343,14.0966,101.703,459.336,14.0966,116.281,580.161,14.0966,132.782,732.241,14.0966,151.46,923.655,14.0966,172.603,1164.57,14.0966,196.535,1467.79,14.0966,223.625,1849.39,14.0966,254.288,2329.62,14.0966,288.997,2933.93,14.0966,328.285,3694.33,14.0966,372.755,4651.04,14.0966,423.092,5854.57,14.0966,480.07,7368.38,14.0966,544.564,9272.08,14.0966,617.566,11665.5,14.0966,700.197,14673.6,14.0966,793.729,18452.9,14.0966,899.599,23198.6,14.0966,1019.43,29154.1,14.0966,1155.07,36622.3,14.0966,1308.6,45977.9,14.0966,1482.39,57683.7,14.0966,1679.09,72307.8,14.0966,1901.73,90542.8,14.0966,2153.73,113226,14.0966,2438.97,141360,14.0966,2761.81,176127,14.0966,3127.22,218898,14.0966,3540.81,271226,14.0966,4008.92,334817,14.0966,4538.74,411470,14.0966,5138.38,502973,14.0966,5817.04,610948,14.0966,6585.12,736653,14.0966,7454.39,880741,14.0966,8438.15,1.04302e+06,14.0966,9551.45,1.22224e+06,14.0966,10811.3,1.41602e+06,14.0966,12237,1.62086e+06,14.0966,11.7194,11.96,12.6541,2.21263,4.16949,0.989383,2.67766,5.84076,0.311842,3.14343,7.55825,0.0972771,3.63127,9.58578,0.0303237,4.15787,12.0912,0.00945211,4.73731,15.2286,0.00294633,5.38238,19.1721,0.000918508,6.10553,24.134,0.000286163,6.91951,30.3791,8.92692e-05,7.83792,38.2397,2.78121e-05,8.87555,48.1338,8.65134e-06,10.0489,60.5876,2.7882e-06,11.3761,76.2629,8.29036e-07,12.8779,95.9927,2.4373e-07,14.5775,120.825,4.33068e-09,16.5012,152.08,1.75749e-07,18.6784,191.415,-1.86328e-07,21.1428,240.917,1.91829e-07,23.9322,303.213,-1.81475e-07,27.0895,381.602,7.0186e-08,30.6634,480.231,-2.86769e-08,34.7087,604.316,2.40784e-07,39.2876,760.401,9.87368e-08,44.4705,956.705,1.22263e-07,50.3371,1203.54,-4.31966e-07,56.9776,1513.81,-1.9705e-07,64.494,1903.69,-2.763e-08,73.0018,2393.4,3.9185e-07,82.6317,3008.13,1.35379e-07,93.5318,3779.25,-4.16351e-08,105.869,4745.7,2.06965e-08,119.834,5955.6,-3.18887e-07,135.641,7468.12,-1.48271e-08,153.531,9355.62,2.00739e-07,173.781,11705.8,2.28358e-07,196.701,14624.1,-1.93587e-08,222.642,18235,-2.88101e-07,252.003,22683.4,-2.24732e-07,285.234,28134,8.56806e-09,322.845,34767,2.34258e-07,365.413,42770.9,2.99668e-07,413.588,52327.9,8.28644e-08,468.111,63591.2,-3.07049e-07,529.814,76653.2,-3.1888e-07,599.642,91502.5,-6.72276e-08,678.662,107975,2.26339e-07,768.083,125705,3.69212e-07,869.267,144088,2.04077e-07,983.76,162277,-2.80509e-07,1113.3,179223,-4.22737e-07,1259.87,193777,-1.71951e-07,1425.68,204839,4.55555e-07,11.7194,11.96,12.6541,2.21263,4.16949,0.989383,2.67766,5.84076,0.311842,3.14343,7.55825,0.0972771,3.63127,9.58578,0.0303237,4.15787,12.0912,0.00945211,4.73731,15.2286,0.00294633,5.38238,19.1721,0.000918508,6.10553,24.134,0.000286163,6.91951,30.3791,8.92692e-05,7.83792,38.2397,2.78121e-05,8.87555,48.1338,8.65134e-06,10.0489,60.5876,2.7882e-06,11.3761,76.2629,8.29036e-07,12.8779,95.9927,2.4373e-07,14.5775,120.825,1e-08,16.5012,152.08,1.75749e-07,18.6784,191.415,1e-08,21.1428,240.917,1.91829e-07,23.9322,303.213,1e-08,27.0895,381.602,7.0186e-08,30.6634,480.231,1e-08,34.7087,604.316,2.40784e-07,39.2876,760.401,9.87368e-08,44.4705,956.705,1.22263e-07,50.3371,1203.54,1e-08,56.9776,1513.81,1e-08,64.494,1903.69,1e-08,73.0018,2393.4,3.9185e-07,82.6317,3008.13,1.35379e-07,93.5318,3779.25,1e-08,105.869,4745.7,2.06965e-08,119.834,5955.6,1e-08,135.641,7468.12,1e-08,153.531,9355.62,2.00739e-07,173.781,11705.8,2.28358e-07,196.701,14624.1,1e-08,222.642,18235,1e-08,252.003,22683.4,1e-08,285.234,28134,1e-08,322.845,34767,2.34258e-07,365.413,42770.9,2.99668e-07,413.588,52327.9,8.28644e-08,468.111,63591.2,1e-08,529.814,76653.2,1e-08,599.642,91502.5,1e-08,678.662,107975,2.26339e-07,768.083,125705,3.69212e-07,869.267,144088,2.04077e-07,983.76,162277,1e-08,1113.3,179223,1e-08,1259.87,193777,1e-08,1425.68,204839,4.55555e-07,6.2823,3.27286,2.43537,0.219672,6.18826,2.24117,0.56371,6.87772,2.63624,0.308279,6,9,3,1,3,0,5,7,0,1,6,0,0,7,0,8,6,0,7,5,0,4,14,0,3,15,0,4,38,0,8,33,0,9,43,0,5,53,0,21,97,0,10,70,0,26,110,0,9,121,0,11,157,0,16,303,0,39,472,0,15,321,0,25,192,0,49,1097,0,59,1044,0,50,1162,0,46,973,0,60,2216,0,56,1430,0,94,836,0,100,4210,0,78,3649,0,111,6095,0,94,5369,0,61,6449,0,163,14676,0,149,7136,0,427,27584,0,201,12998,0,537,20819,0,189,48345,0,232,49112,0,460,60432,0,532,46724,0,517,80979,0,529,79683,0,375,59885,0,658,126127,0,751,95645,0,733,325272,0,1236,200707,0,1438,369717,0,1676,74169,0,1110,226291,0
-1.05176e+08,1,8.88811e-15,10,1023,0,1.05176e+08,0.528882,1.08665,0.389689,0.145397,0.379329,3.24381,0.161596,0.446195,1.77396,0.159177,1.15e+07,4.49998e+06,6.79999e+06,1.15e+07,4.49997e+06,6.79999e+06,1.15e+07,4.49996e+06,6.79999e+06,1.15e+07,4.49995e+06,6.79999e+06,1.14999e+07,4.49993e+06,6.79999e+06,1.14999e+07,4.49991e+06,6.79999e+06,1.14999e+07,4.49989e+06,6.79999e+06,1.14999e+07,4.49986e+06,6.79999e+06,1.14999e+07,4.49982e+06,6.79999e+06,1.14999e+07,4.49977e+06,6.79999e+06,1.14999e+07,4.49971e+06,6.79999e+06,1.14999e+07,4.49963e+06,6.79999e+06,1.14998e+07,4.49953e+06,6.79999e+06,1.14998e+07,4.49941e+06,6.79999e+06,1.14998e+07,4.49926e+06,6.79999e+06,1.14998e+07,4.49906e+06,6.79999e+06,1.14997e+07,4.49882e+06,6.79999e+06,1.14997e+07,4.49851e+06,6.79999e+06,1.14997e+07,4.49812e+06,6.79999e+06,1.14996e+07,4.49764e+06,6.79999e+06,1.14996e+07,4.49702e+06,6.79999e+06,1.14995e+07,4.49625e+06,6.79999e+06,1.14995e+07,4.49528e+06,6.79999e+06,1.14994e+07,4.49406e+06,6.79999e+06,1.14993e+07,4.49253e+06,6.79999e+06,1.14992e+07,4.49059e+06,6.79999e+06,1.14991e+07,4.48817e+06,6.79999e+06,1.1499e+07,4.48511e+06,6.79999e+06,1.14988e+07,4.48128e+06,6.79999e+06,1.14987e+07,4.47646e+06,6.79999e+06,1.14985e+07,4.47041e+06,6.79999e+06,1.14983e+07,4.46281e+06,6.79999e+06,1.14981e+07,4.4533e+06,6.79999e+06,1.14979e+07,4.44138e+06,6.79999e+06,1.14976e+07,4.42649e+06,6.79999e+06,1.14972e+07,4.40789e+06,6.79999e+06,1.14969e+07,4.38471e+06,6.79999e+06,1.14965e+07,4.35592e+06,6.79999e+06,1.1496e+07,4.32027e+06,6.79999e+06,1.14955e+07,4.27629e+06,6.79999e+06,1.14949e+07,4.22231e+06,6.79999e+06,1.14942e+07,4.15647e+06,6.79999e+06,1.14934e+07,4.07676e+06,6.79999e+06,1.14926e+07,3.98112e+06,6.79999e+06,1.14916e+07,3.86765e+06,6.79999e+06,1.14905e+07,3.73474e+06,6.79999e+06,1.14892e+07,3.58148e+06,6.79999e+06,1.14878e+07,3.40785e+06,6.79999e+06,1.14862e+07,3.21513e+06,6.79999e+06,1.14844e+07,3.00605e+06,6.79999e+06,1.14823e+07,2.7848e+06,6.79999e+06,1.148e+07,2.5568e+06,6.79999e+06,1.14773e+07,2.32825e+06,6.79999e+06,13.5742,8.52444,0.508366,16.8306,13.2585,0.162638,20.0035,17.569,0.0507846,23.2616,22.4214,0.0158319,26.7328,28.3297,0.00493498,30.5212,35.6974,0.00153831,34.7178,44.9473,0.000479527,39.4086,56.5822,0.000149456,44.6796,71.2245,4.66214e-05,50.6209,89.6543,1.45419e-05,57.3297,112.852,4.54748e-06,64.9129,142.051,1.43857e-06,73.4897,178.803,4.36618e-07,83.1934,225.062,1.40153e-07,94.1745,283.286,4.96378e-08,106.602,356.568,1.05434e-07,120.669,448.799,-6.49244e-08,136.59,564.873,1.70148e-07,154.611,710.948,-5.34594e-08,175.008,894.767,1.63407e-07,198.097,1126.06,8.04804e-08,224.231,1417.07,1.14667e-07,253.813,1783.15,-1.71227e-07,287.297,2243.62,-2.88466e-07,325.198,2822.67,-4.33651e-07,368.098,3550.67,7.9318e-08,416.657,4465.65,3.13319e-07,471.621,5615.16,3.4613e-07,533.835,7058.61,-1.19199e-07,604.255,8870.02,-2.79964e-07,683.962,11141.4,-2.30521e-07,774.182,13986.7,-2.55099e-07,876.299,17546.4,1.23585e-07,991.883,21993.1,1.41192e-07,1122.71,27536.7,-9.71886e-08,1270.78,34430.7,-3.68368e-07,1438.38,42977.7,-3.45379e-07,1628.07,53532.7,-3.25328e-09,1842.77,66504.6,2.6362e-07,2085.77,82350.2,2.53445e-07,2360.79,101560,-2.47407e-08,2672.05,124632,-3.80602e-07,3024.31,152018,-4.79005e-07,3422.98,184060,-1.14379e-07,3874.15,220884,2.64297e-07,4384.72,262283,3.44131e-07,4962.49,307576,7.5349e-08,5616.29,355497,-3.63097e-07,6356.1,404126,-6.05442e-07,7193.18,450932,-2.72333e-07,8140.28,492963,2.29675e-07,9211.79,527178,4.3387e-07,10424,550893,-1.0711e-07,10.102,8.06553,2.81012,10.6436,8.57909,0.869423,11.5336,10.2515,0.270869,12.7211,12.7138,0.0844293,14.1823,15.9373,0.0263173,15.9122,20.0383,0.0082035,17.9198,25.2154,0.00255722,20.2244,31.7373,0.000797017,22.8539,39.9486,0.000248622,25.8438,50.2851,7.75492e-05,29.237,63.2963,2.42508e-05,33.0837,79.6738,7.67162e-06,37.4415,100.288,2.32837e-06,42.3767,126.236,7.33e-07,47.9646,158.896,2.79256e-07,54.2906,200.003,9.87351e-09,61.452,251.741,1.61085e-07,69.5585,316.859,-2.47141e-07,78.7347,398.812,8.93552e-08,89.1218,501.948,-2.53231e-07,100.879,631.736,-1.25047e-07,114.188,795.049,-1.78808e-07,129.252,1000.53,2.6733e-07,146.304,1259.03,4.50292e-07,165.605,1584.19,6.76904e-07,187.452,1993.12,-1.23808e-07,212.181,2507.27,-4.89068e-07,240.173,3153.54,-5.40284e-07,271.856,3965.56,1.86061e-07,307.719,4985.38,4.37004e-07,348.313,6265.4,3.59828e-07,394.26,7870.83,3.98192e-07,446.268,9882.51,-1.92908e-07,505.135,12400.3,-2.20392e-07,571.766,15546.9,1.51705e-07,647.184,19472.2,5.74996e-07,732.547,24357.4,5.39112e-07,829.167,30420,5.07815e-09,938.526,37916.3,-4.11492e-07,1062.3,47143.9,-3.9561e-07,1202.4,58439.2,3.86185e-08,1360.96,72169.3,5.94093e-07,1540.42,88715.8,7.47693e-07,1743.53,108445,1.78537e-07,1973.41,131665,-4.12549e-07,2233.57,158557,-5.37164e-07,2528,189103,-1.17615e-07,2861.2,222986,5.66769e-07,3238.27,259510,9.45053e-07,3664.97,297540,4.25093e-07,4147.81,335497,-3.58506e-07,4694.17,371444,-6.7724e-07,5312.37,403256,1.67192e-07,1.61744,3.89446,9.84394,3.28846,7.5504,12.774,5.07607,11.7187,13.6844,7.03202,16.8147,13.9681,9.20215,23.1769,14.0566,11.6301,31.1672,14.0841,14.3598,41.2186,14.0927,17.4376,53.8688,14.0954,20.9137,69.7915,14.0962,24.8432,89.8341,14.0965,29.2879,115.063,14.0966,34.3168,146.819,14.0966,40.0078,186.792,14.0966,46.4487,237.107,14.0966,53.7388,300.44,14.0966,61.9903,380.158,14.0966,71.3301,480.499,14.0966,81.902,606.796,14.0966,93.8685,765.761,14.0966,107.414,965.837,14.0966,122.746,1217.65,14.0966,140.101,1534.57,14.0966,159.745,1933.41,14.0966,181.981,2435.3,14.0966,207.15,3066.85,14.0966,235.64,3861.46,14.0966,267.889,4861.11,14.0966,304.391,6118.54,14.0966,345.709,7699.91,14.0966,392.478,9688.22,14.0966,445.417,12187.5,14.0966,505.339,15327.7,14.0966,573.165,19271.6,14.0966,649.938,24222,14.0966,736.839,30430.9,14.0966,835.202,38211.5,14.0966,946.539,47950.3,14.0966,1072.56,60122.8,14.0966,1215.21,75309.9,14.0966,1376.66,94216.2,14.0966,1559.41,117688,14.0966,1766.26,146729,14.0966,2000.39,182510,14.0966,2265.39,226372,14.0966,2565.33,279806,14.0966,2904.81,344416,14.0966,3289.05,421845,14.0966,3723.93,513667,14.0966,4216.13,621231,14.0966,4773.18,745478,14.0966,5403.64,886744,14.0966,6117.15,1.04457e+06,14.0966,6924.63,1.2176e+06,14.0966,11.7194,11.96,12.6541,13.9321,16.1295,13.6434,16.6097,21.9702,13.9553,19.7532,29.5285,14.0526,23.3844,39.1143,14.0829,27.5423,51.2054,14.0923,32.2796,66.434,14.0953,37.662,85.6061,14.0962,43.7675,109.74,14.0965,50.687,140.119,14.0966,58.5249,178.359,14.0966,67.4005,226.493,14.0966,77.4493,287.08,14.0966,88.8254,363.343,14.0966,101.703,459.336,14.0966,116.281,580.161,14.0966,132.782,732.241,14.0966,151.46,923.655,14.0966,172.603,1164.57,14.0966,196.535,1467.79,14.0966,223.625,1849.39,14.0966,254.288,2329.62,14.0966,288.997,2933.93,14.0966,328.285,3694.33,14.0966,372.755,4651.04,14.0966,423.092,5854.57,14.0966,480.07,7368.38,14.0966,544.564,9272.08,14.0966,617.566,11665.5,14.0966,700.197,14673.6,14.0966,793.729,18452.9,14.0966,899.599,23198.6,14.0966,1019.43,29154.1,14.0966,1155.07,36622.3,14.0966,1308.6,45977.9,14.0966,1482.39,57683.7,14.0966,1679.09,72307.8,14.0966,1901.73,90542.8,14.0966,2153.73,113226,14.0966,2438.97,141360,14.0966,2761.81,176127,14.0966,3127.22,218898,14.0966,3540.81,271226,14.0966,4008.92,334817,14.0966,4538.74,411470,14.0966,5138.38,502973,14.0966,5817.04,610948,14.0966,6585.12,736653,14.0966,7454.39,880741,14.0966,8438.15,1.04302e+06,14.0966,9551.45,1.22224e+06,14.0966,10811.3,1.41602e+06,14.0966,12237,1.62086e+06,14.0966,11.7194,11.96,12.6541,2.21263,4.16949,0.989383,2.67766,5.84076,0.311842,3.14343,7.55825,0.0972771,3.63127,9.58578,0.0303237,4.15787,12.0912,0.00945211,4.73731,15.2286,0.00294633,5.38238,19.1721,0.000918508,6.10553,24.134,0.000286163,6.91951,30.3791,8.92692e-05,7.83792,38.2397,2.78121e-05,8.87555,48.1338,8.65134e-06,10.0489,60.5876,2.7882e-06,11.3761,76.2629,8.29036e-07,12.8779,95.9927,2.4373e-07,14.5775,120.825,4.33068e-09,16.5012,152.08,1.75749e-07,18.6784,191.415,-1.86328e-07,21.1428,240.917,1.91829e-07,23.9322,303.213,-1.81475e-07,27.0895,381.602,7.0186e-08,30.6634,480.231,-2.86769e-08,34.7087,604.316,2.40784e-07,39.2876,760.401,9.87368e-08,44.4705,956.705,1.22263e-07,50.3371,1203.54,-4.31966e-07,56.9776,1513.81,-1.9705e-07,64.494,1903.69,-2.763e-08,73.0018,2393.4,3.9185e-07,82.6317,3008.13,1.35379e-07,93.5318,3779.25,-4.16351e-08,105.869,4745.7,2.06965e-08,119.834,5955.6,-3.18887e-07,135.641,7468.12,-1.48271e-08,153.531,9355.62,2.00739e-07,173.781,11705.8,2.28358e-07,196.701,14624.1,-1.93587e-08,222.642,18235,-2.88101e-07,252.003,22683.4,-2.24732e-07,285.234,28134,8.56806e-09,322.845,34767,2.34258e-07,365.413,42770.9,2.99668e-07,413.588,52327.9,8.28644e-08,468.111,63591.2,-3.07049e-07,529.814,76653.2,-3.1888e-07,599.642,91502.5,-6.72276e-08,678.662,107975,2.26339e-07,768.083,125705,3.69212e-07,869.267,144088,2.04077e-07,983.76,162277,-2.80509e-07,1113.3,179223,-4.22737e-07,1259.87,193777,-1.71951e-07,1425.68,204839,4.55555e-07,11.7194,11.96,12.6541,2.21263,4.16949,0.989383,2.67766,5.84076,0.311842,3.14343,7.55825,0.0972771,3.63127,9.58578,0.0303237,4.15787,12.0912,0.00945211,4.73731,15.2286,0.00294633,5.38238,19.1721,0.000918508,6.10553,24.134,0.000286163,6.91951,30.3791,8.92692e-05,7.83792,38.2397,2.78121e-05,8.87555,48.1338,8.65134e-06,10.0489,60.5876,2.7882e-06,11.3761,76.2629,8.29036e-07,12.8779,95.9927,2.4373e-07,14.5775,120.825,1e-08,16.5012,152.08,1.75749e-07,18.6784,191.415,1e-08,21.1428,240.917,1.91829e-07,23.9322,303.213,1e-08,27.0895,381.602,7.0186e-08,30.6634,480.231,1e-08,34.7087,604.316,2.40784e-07,39.2876,760.401,9.87368e-08,44.4705,956.705,1.22263e-07,50.3371,1203.54,1e-08,56.9776,1513.81,1e-08,64.494,1903.69,1e-08,73.0018,2393.4,3.9185e-07,82.6317,3008.13,1.35379e-07,93.5318,3779.25,1e-08,105.869,4745.7,2.06965e-08,119.834,5955.6,1e-08,135.641,7468.12,1e-08,153.531,9355.62,2.00739e-07,173.781,11705.8,2.28358e-07,196.701,14624.1,1e-08,222.642,18235,1e-08,252.003,22683.4,1e-08,285.234,28134,1e-08,322.845,34767,2.34258e-07,365.413,42770.9,2.99668e-07,413.588,52327.9,8.28644e-08,468.111,63591.2,1e-08,529.814,76653.2,1e-08,599.642,91502.5,1e-08,678.662,107975,2.26339e-07,768.083,125705,3.69212e-07,869.267,144088,2.04077e-07,983.76,162277,1e-08,1113.3,179223,1e-08,1259.87,193777,1e-08,1425.68,204839,4.55555e-07,6.2823,3.27286,2.43537,0.219672,6.18826,2.24117,0.56371,6.87772,2.63624,0.308279,3,16,13,4,8,0,3,8,0,2,15,0,5,6,0,6,4,0,4,15,0,1,25,0,8,1,0,3,33,0,5,44,0,13,40,0,4,41,0,13,95,0,2,86,0,32,118,0,15,74,0,28,106,0,10,125,0,24,280,0,22,291,0,42,622,0,55,243,0,28,514,0,35,846,0,35,449,0,34,1136,0,65,2127,0,91,2839,0,148,1051,0,60,2313,0,53,4991,0,135,4120,0,115,2455,0,51,12003,0,138,7817,0,268,9006,0,355,22760,0,262,26268,0,100,16896,0,303,25674,0,242,11026,0,288,54064,0,362,58446,0,572,86568,0,900,94581,0,833,90438,0,976,108968,0,1288,146147,0,1167,229781,0,1251,183004,0,2475,254837,0,2955,204891,0
-1.05176e+08,1,8.88811e-15,10,1023,0,1.05176e+08,0.528882,1.08665,0.389689,0.145397,0.379329,3.24381,0.161596,0.446195,1.77396,0.159177,1.15e+07,4.49998e+06,6.79999e+06,1.15e+07,4.49997e+06,6.79999e+06,1.15e+07,4.49996e+06,6.79999e+06,1.15e+07,4.49995e+06,6.79999e+06,1.14999e+07,4.49993e+06,6.79999e+06,1.14999e+07,4.49991e+06,6.79999e+06,1.14999e+07,4.49989e+06,6.79999e+06,1.14999e+07,4.49986e+06,6.79999e+06,1.14999e+07,4.49982e+06,6.79999e+06,1.14999e+07,4.49977e+06,6.79999e+06,1.14999e+07,4.49971e+06,6.79999e+06,1.14999e+07,4.49963e+06,6.79999e+06,1.14998e+07,4.49953e+06,6.79999e+06,1.14998e+07,4.49941e+06,6.79999e+06,1.14998e+07,4.49926e+06,6.79999e+06,1.14998e+07,4.49906e+06,6.79999e+06,1.14997e+07,4.49882e+06,6.79999e+06,1.14997e+07,4.49851e+06,6.79999e+06,1.14997e+07,4.49812e+06,6.79999e+06,1.14996e+07,4.49764e+06,6.79999e+06,1.14996e+07,4.49702e+06,6.79999e+06,1.14995e+07,4.49625e+06,6.79999e+06,1.14995e+07,4.49528e+06,6.79999e+06,1.14994e+07,4.49406e+06,6.79999e+06,1.14993e+07,4.49253e+06,6.79999e+06,1.14992e+07,4.49059e+06,6.79999e+06,1.14991e+07,4.48817e+06,6.79999e+06,1.1499e+07,4.48511e+06,6.79999e+06,1.14988e+07,4.48128e+06,6.79999e+06,1.14987e+07,4.47646e+06,6.79999e+06,1.14985e+07,4.47041e+06,6.79999e+06,1.14983e+07,4.46281e+06,6.79999e+06,1.14981e+07,4.4533e+06,6.79999e+06,1.14979e+07,4.44138e+06,6.79999e+06,1.14976e+07,4.42649e+06,6.79999e+06,1.14972e+07,4.40789e+06,6.79999e+06,1.14969e+07,4.38471e+06,6.79999e+06,1.14965e+07,4.35592e+06,6.79999e+06,1.1496e+07,4.32027e+06,6.79999e+06,1.14955e+07,4.27629e+06,6.79999e+06,1.14949e+07,4.22231e+06,6.79999e+06,1.14942e+07,4.15647e+06,6.79999e+06,1.14934e+07,4.07676e+06,6.79999e+06,1.14926e+07,3.98112e+06,6.79999e+06,1.14916e+07,3.86765e+06,6.79999e+06,1.14905e+07,3.73474e+06,6.79999e+06,1.14892e+07,3.58148e+06,6.79999e+06,1.14878e+07,3.40785e+06,6.79999e+06,1.14862e+07,3.21513e+06,6.79999e+06,1.14844e+07,3.00605e+06,6.79999e+06,1.14823e+07,2.7848e+06,6.79999e+06,1.148e+07,2.5568e+06,6.79999e+06,1.14773e+07,2.32825e+06,6.79999e+06,13.5742,8.52444,0.508366,16.8306,13.2585,0.162638,20.0035,17.569,0.0507846,23.2616,22.4214,0.0158319,26.7328,28.3297,0.00493498,30.5212,35.6974,0.00153831,34.7178,44.9473,0.000479527,39.4086,56.5822,0.000149456,44.6796,71.2245,4.66214e-05,50.6209,89.6543,1.45419e-05,57.3297,112.852,4.54748e-06,64.9129,142.051,1.43857e-06,73.4897,178.803,4.36618e-07,83.1934,225.062,1.40153e-07,94.1745,283.286,4.96378e-08,106.602,356.568,1.05434e-07,120.669,448.799,-6.49244e-08,136.59,564.873,1.70148e-07,154.611,710.948,-5.34594e-08,175.008,894.767,1.63407e-07,198.097,1126.06,8.04804e-08,224.231,1417.07,1.14667e-07,253.813,1783.15,-1.71227e-07,287.297,2243.62,-2.88466e-07,325.198,2822.67,-4.33651e-07,368.098,3550.67,7.9318e-08,416.657,4465.65,3.13319e-07,471.621,5615.16,3.4613e-07,533.835,7058.61,-1.19199e-07,604.255,8870.02,-2.79964e-07,683.962,11141.4,-2.30521e-07,774.182,13986.7,-2.55099e-07,876.299,17546.4,1.23585e-07,991.883,21993.1,1.41192e-07,1122.71,27536.7,-9.71886e-08,1270.78,34430.7,-3.68368e-07,1438.38,42977.7,-3.45379e-07,1628.07,53532.7,-3.25328e-09,1842.77,66504.6,2.6362e-07,2085.77,82350.2,2.53445e-07,2360.79,101560,-2.47407e-08,2672.05,124632,-3.80602e-07,3024.31,152018,-4.79005e-07,3422.98,184060,-1.14379e-07,3874.15,220884,2.64297e-07,4384.72,262283,3.44131e-07,4962.49,307576,7.5349e-08,5616.29,355497,-3.63097e-07,6356.1,404126,-6.05442e-07,7193.18,450932,-2.72333e-07,8140.28,492963,2.29675e-07,9211.79,527178,4.3387e-07,10424,550893,-1.0711e-07,10.102,8.06553,2.81012,10.6436,8.57909,0.869423,11.5336,10.2515,0.270869,12.7211,12.7138,0.0844293,14.1823,15.9373,0.0263173,15.9122,20.0383,0.0082035,17.9198,25.2154,0.00255722,20.2244,31.7373,0.000797017,22.8539,39.9486,0.000248622,25.8438,50.2851,7.75492e-05,29.237,63.2963,2.42508e-05,33.0837,79.6738,7.67162e-06,37.4415,100.288,2.32837e-06,42.3767,126.236,7.33e-07,47.9646,158.896,2.79256e-07,54.2906,200.003,9.87351e-09,61.452,251.741,1.61085e-07,69.5585,316.859,-2.47141e-07,78.7347,398.812,8.93552e-08,89.1218,501.948,-2.53231e-07,100.879,631.736,-1.25047e-07,114.188,795.049,-1.78808e-07,129.252,1000.53,2.6733e-07,146.304,1259.03,4.50292e-07,165.605,1584.19,6.76904e-07,187.452,1993.12,-1.23808e-07,212.181,2507.27,-4.89068e-07,240.173,3153.54,-5.40284e-07,271.856,3965.56,1.86061e-07,307.719,4985.38,4.37004e-07,348.313,6265.4,3.59828e-07,394.26,7870.83,3.98192e-07,446.268,9882.51,-1.92908e-07,505.135,12400.3,-2.20392e-07,571.766,15546.9,1.51705e-07,647.184,19472.2,5.74996e-07,732.547,24357.4,5.39112e-07,829.167,30420,5.07815e-09,938.526,37916.3,-4.11492e-07,1062.3,47143.9,-3.9561e-07,1202.4,58439.2,3.86185e-08,1360.96,72169.3,5.94093e-07,1540.42,88715.8,7.47693e-07,1743.53,108445,1.78537e-07,1973.41,131665,-4.12549e-07,2233.57,158557,-5.37164e-07,2528,189103,-1.17615e-07,2861.2,222986,5.66769e-07,3238.27,259510,9.45053e-07,3664.97,297540,4.25093e-07,4147.81,335497,-3.58506e-07,4694.17,371444,-6.7724e-07,5312.37,403256,1.67192e-07,1.61744,3.89446,9.84394,3.28846,7.5504,12.774,5.07607,11.7187,13.6844,7.03202,16.8147,13.9681,9.20215,23.1769,14.0566,11.6301,31.1672,14.0841,14.3598,41.2186,14.0927,17.4376,53.8688,14.0954,20.9137,69.7915,14.0962,24.8432,89.8341,14.0965,29.2879,115.063,14.0966,34.3168,146.819,14.0966,40.0078,186.792,14.0966,46.4487,237.107,14.0966,53.7388,300.44,14.0966,61.9903,380.158,14.0966,71.3301,480.499,14.0966,81.902,606.796,14.0966,93.8685,765.761,14.0966,107.414,965.837,14.0966,122.746,1217.65,14.0966,140.101,1534.57,14.0966,159.745,1933.41,14.0966,181.981,2435.3,14.0966,207.15,3066.85,14.0966,235.64,3861.46,14.0966,267.889,4861.11,14.0966,304.391,6118.54,14.0966,345.709,7699.91,14.0966,392.478,9688.22,14.0966,445.417,12187.5,14.0966,505.339,15327.7,14.0966,573.165,19271.6,14.0966,649.938,24222,14.0966,736.839,30430.9,14.0966,835.202,38211.5,14.0966,946.539,47950.3,14.0966,1072.56,60122.8,14.0966,1215.21,75309.9,14.0966,1376.66,94216.2,14.0966,1559.41,117688,14.0966,1766.26,146729,14.0966,2000.39,182510,14.0966,2265.39,226372,14.0966,2565.33,279806,14.0966,2904.81,344416,14.0966,3289.05,421845,14.0966,3723.93,513667,14.0966,4216.13,621231,14.0966,4773.18,745478,14.0966,5403.64,886744,14.0966,6117.15,1.04457e+06,14.0966,6924.63,1.2176e+06,14.0966,11.7194,11.96,12.6541,13.9321,16.1295,13.6434,16.6097,21.9702,13.9553,19.7532,29.5285,14.0526,23.3844,39.1143,14.0829,27.5423,51.2054,14.0923,32.2796,66.434,14.0953,37.662,85.6061,14.0962,43.7675,109.74,14.0965,50.687,140.119,14.0966,58.5249,178.359,14.0966,67.4005,226.493,14.0966,77.4493,287.08,14.0966,88.8254,363.343,14.0966,101.703,459.336,14.0966,116.281,580.161,14.0966,132.782,732.241,14.0966,151.46,923.655,14.0966,172.603,1164.57,14.0966,196.535,1467.79,14.0966,223.625,1849.39,14.0966,254.288,2329.62,14.0966,288.997,2933.93,14.0966,328.285,3694.33,14.0966,372.755,4651.04,14.0966,423.092,5854.57,14.0966,480.07,7368.38,14.0966,544.564,9272.08,14.0966,617.566,11665.5,14.0966,700.197,14673.6,14.0966,793.729,18452.9,14.0966,899.599,23198.6,14.0966,1019.43,29154.1,14.0966,1155.07,36622.3,14.0966,1308.6,45977.9,14.0966,1482.39,57683.7,14.0966,1679.09,72307.8,14.0966,1901.73,90542.8,14.0966,2153.73,113226,14.0966,2438.97,141360,14.0966,2761.81,176127,14.0966,3127.22,218898,14.0966,3540.81,271226,14.0966,4008.92,334817,14.0966,4538.74,411470,14.0966,5138.38,502973,14.0966,5817.04,610948,14.0966,6585.12,736653,14.0966,7454.39,880741,14.0966,8438.15,1.04302e+06,14.0966,9551.45,1.22224e+06,14.0966,10811.3,1.41602e+06,14.0966,12237,1.62086e+06,14.0966,11.7194,11.96,12.6541,2.21263,4.16949,0.989383,2.67766,5.84076,0.311842,3.14343,7.55825,0.0972771,3.63127,9.58578,0.0303237,4.15787,12.0912,0.00945211,4.73731,15.2286,0.00294633,5.38238,19.1721,0.000918508,6.10553,24.134,0.000286163,6.91951,30.3791,8.92692e-05,7.83792,38.2397,2.78121e-05,8.87555,48.1338,8.65134e-06,10.0489,60.5876,2.7882e-06,11.3761,76.2629,8.29036e-07,12.8779,95.9927,2.4373e-07,14.5775,120.825,4.33068e-09,16.5012,152.08,1.75749e-07,18.6784,191.415,-1.86328e-07,21.1428,240.917,1.91829e-07,23.9322,303.213,-1.81475e-07,27.0895,381.602,7.0186e-08,30.6634,480.231,-2.86769e-08,34.7087,604.316,2.40784e-07,39.2876,760.401,9.87368e-08,44.4705,956.705,1.22263e-07,50.3371,1203.54,-4.31966e-07,56.9776,1513.81,-1.9705e-07,64.494,1903.69,-2.763e-08,73.0018,2393.4,3.9185e-07,82.6317,3008.13,1.35379e-07,93.5318,3779.25,-4.16351e-08,105.869,4745.7,2.06965e-08,119.834,5955.6,-3.18887e-07,135.641,7468.12,-1.48271e-08,153.531,9355.62,2.00739e-07,173.781,11705.8,2.28358e-07,196.701,14624.1,-1.93587e-08,222.642,18235,-2.88101e-07,252.003,22683.4,-2.24732e-07,285.234,28134,8.56806e-09,322.845,34767,2.34258e-07,365.413,42770.9,2.99668e-07,413.588,52327.9,8.28644e-08,468.111,63591.2,-3.07049e-07,529.814,76653.2,-3.1888e-07,599.642,91502.5,-6.72276e-08,678.662,107975,2.26339e-07,768.083,125705,3.69212e-07,869.267,144088,2.04077e-07,983.76,162277,-2.80509e-07,1113.3,179223,-4.22737e-07,1259.87,193777,-1.71951e-07,1425.68,204839,4.55555e-07,11.7194,11.96,12.6541,2.21263,4.16949,0.989383,2.67766,5.84076,0.311842,3.14343,7.55825,0.0972771,3.63127,9.58578,0.0303237,4.15787,12.0912,0.00945211,4.73731,15.2286,0.00294633,5.38238,19.1721,0.000918508,6.10553,24.134,0.000286163,6.91951,30.3791,8.92692e-05,7.83792,38.2397,2.78121e-05,8.87555,48.1338,8.65134e-06,10.0489,60.5876,2.7882e-06,11.3761,76.2629,8.29036e-07,12.8779,95.9927,2.4373e-07,14.5775,120.825,1e-08,16.5012,152.08,1.75749e-07,18.6784,191.415,1e-08,21.1428,240.917,1.91829e-07,23.9322,303.213,1e-08,27.0895,381.602,7.0186e-08,30.6634,480.231,1e-08,34.7087,604.316,2.40784e-07,39.2876,760.401,9.87368e-08,44.4705,956.705,1.22263e-07,50.3371,1203.54,1e-08,56.9776,1513.81,1e-08,64.494,1903.69,1e-08,73.0018,2393.4,3.9185e-07,82.6317,3008.13,1.35379e-07,93.5318,3779.25,1e-08,105.869,4745.7,2.06965e-08,119.834,5955.6,1e-08,135.641,7468.12,1e-08,153.531,9355.62,2.00739e-07,173.781,11705.8,2.28358e-07,196.701,14624.1,1e-08,222.642,18235,1e-08,252.003,22683.4,1e-08,285.234,28134,1e-08,322.845,34767,2.34258e-07,365.413,42770.9,2.99668e-07,413.588,52327.9,8.28644e-08,468.111,63591.2,1e-08,529.814,76653.2,1e-08,599.642,91502.5,1e-08,678.662,107975,2.26339e-07,768.083,125705,3.69212e-07,869.267,144088,2.04077e-07,983.76,162277,1e-08,1113.3,179223,1e-08,1259.87,193777,1e-08,1425.68,204839,4.55555e-07,6.2823,3.27286,2.43537,0.219672,6.18826,2.24117,0.56371,6.87772,2.63624,0.308279,1,12,10,5,3,3,0,4,1,3,6,0,6,8,1,1,3,0,5,9,0,9,4,0,3,27,0,2,26,0,7,46,0,5,20,0,14,28,0,17,59,0,25,131,0,28,102,0,11,222,0,14,168,0,20,128,0,34,371,0,24,321,0,22,246,0,36,949,0,56,1186,0,21,830,0,52,881,0,51,1471,0,64,1749,0,67,2047,0,57,4258,0,150,1986,0,82,4448,0,165,5858,0,106,6585,0,133,12907,0,205,15736,0,176,11503,0,152,24031,0,426,21100,0,318,33710,0,361,58947,0,125,33055,0,273,37201,0,260,92789,0,677,83303,0,331,23543,0,254,107508,0,434,106731,0,937,210227,0,1780,226665,0,807,227817,0,1200,124694,0,2831,225170,0
-1.05176e+08,1,8.88811e-15,10,1023,0,1.05176e+08,0.528882,1.08665,0.389689,0.145397,0.379329,3.24381,0.161596,0.446195,1.77396,0.159177,1.15e+07,4.49998e+06,6.79999e+06,1.15e+07,4.49997e+06,6.79999e+06,1.15e+07,4.49996e+06,6.79999e+06,1.15e+07,4.49995e+06,6.79999e+06,1.14999e+07,4.49993e+06,6.79999e+06,1.14999e+07,4.49991e+06,6.79999e+06,1.14999e+07,4.49989e+06,6.79999e+06,1.14999e+07,4.49986e+06,6.79999e+06,1.14999e+07,4.49982e+06,6.79999e+06,1.14999e+07,4.49977e+06,6.79999e+06,1.14999e+07,4.49971e+06,6.79999e+06,1.14999e+07,4.49963e+06,6.79999e+06,1.14998e+07,4.49953e+06,6.79999e+06,1.14998e+07,4.49941e+06,6.79999e+06,1.14998e+07,4.49926e+06,6.79999e+06,1.14998e+07,4.49906e+06,6.79999e+06,1.14997e+07,4.49882e+06,6.79999e+06,1.14997e+07,4.49851e+06,6.79999e+06,1.14997e+07,4.49812e+06,6.79999e+06,1.14996e+07,4.49764e+06,6.79999e+06,1.14996e+07,4.49702e+06,6.79999e+06,1.14995e+07,4.49625e+06,6.79999e+06,1.14995e+07,4.49528e+06,6.79999e+06,1.14994e+07,4.49406e+06,6.79999e+06,1.14993e+07,4.49253e+06,6.79999e+06,1.14992e+07,4.49059e+06,6.79999e+06,1.14991e+07,4.48817e+06,6.79999e+06,1.1499e+07,4.48511e+06,6.79999e+06,1.14988e+07,4.48128e+06,6.79999e+06,1.14987e+07,4.47646e+06,6.79999e+06,1.14985e+07,4.47041e+06,6.79999e+06,1.14983e+07,4.46281e+06,6.79999e+06,1.14981e+07,4.4533e+06,6.79999e+06,1.14979e+07,4.44138e+06,6.79999e+06,1.14976e+07,4.42649e+06,6.79999e+06,1.14972e+07,4.40789e+06,6.79999e+06,1.14969e+07,4.38471e+06,6.79999e+06,1.14965e+07,4.35592e+06,6.79999e+06,1.1496e+07,4.32027e+06,6.79999e+06,1.14955e+07,4.27629e+06,6.79999e+06,1.14949e+07,4.22231e+06,6.79999e+06,1.14942e+07,4.15647e+06,6.79999e+06,1.14934e+07,4.07676e+06,6.79999e+06,1.14926e+07,3.98112e+06,6.79999e+06,1.14916e+07,3.86765e+06,6.79999e+06,1.14905e+07,3.73474e+06,6.79999e+06,1.14892e+07,3.58148e+06,6.79999e+06,1.14878e+07,3.40785e+06,6.79999e+06,1.14862e+07,3.21513e+06,6.79999e+06,1.14844e+07,3.00605e+06,6.79999e+06,1.14823e+07,2.7848e+06,6.79999e+06,1.148e+07,2.5568e+06,6.79999e+06,1.14773e+07,2.32825e+06,6.79999e+06,13.5742,8.52444,0.508366,16.8306,13.2585,0.162638,20.0035,17.569,0.0507846,23.2616,22.4214,0.0158319,26.7328,28.3297,0.00493498,30.5212,35.6974,0.00153831,34.7178,44.9473,0.000479527,39.4086,56.5822,0.000149456,44.6796,71.2245,4.66214e-05,50.6209,89.6543,1.45419e-05,57.3297,112.852,4.54748e-06,64.9129,142.051,1.43857e-06,73.4897,178.803,4.36618e-07,83.1934,225.062,1.40153e-07,94.1745,283.286,4.96378e-08,106.602,356.568,1.05434e-07,120.669,448.799,-6.49244e-08,136.59,564.873,1.70148e-07,154.611,710.948,-5.34594e-08,175.008,894.767,1.63407e-07,198.097,1126.06,8.04804e-08,224.231,1417.07,1.14667e-07,253.813,1783.15,-1.71227e-07,287.297,2243.62,-2.88466e-07,325.198,2822.67,-4.33651e-07,368.098,3550.67,7.9318e-08,416.657,4465.65,3.13319e-07,471.621,5615.16,3.4613e-07,533.835,7058.61,-1.19199e-07,604.255,8870.02,-2.79964e-07,683.962,11141.4,-2.30521e-07,774.182,13986.7,-2.55099e-07,876.299,17546.4,1.23585e-07,991.883,21993.1,1.41192e-07,1122.71,27536.7,-9.71886e-08,1270.78,34430.7,-3.68368e-07,1438.38,42977.7,-3.45379e-07,1628.07,53532.7,-3.25328e-09,1842.77,66504.6,2.6362e-07,2085.77,82350.2,2.53445e-07,2360.79,101560,-2.47407e-08,2672.05,124632,-3.80602e-07,3024.31,152018,-4.79005e-07,3422.98,184060,-1.14379e-07,3874.15,220884,2.64297e-07,4384.72,262283,3.44131e-07,4962.49,307576,7.5349e-08,5616.29,355497,-3.63097e-07,6356.1,404126,-6.05442e-07,7193.18,450932,-2.72333e-07,8140.28,492963,2.29675e-07,9211.79,527178,4.3387e-07,10424,550893,-1.0711e-07,10.102,8.06553,2.81012,10.6436,8.57909,0.869423,11.5336,10.2515,0.270869,12.7211,12.7138,0.0844293,14.1823,15.9373,0.0263173,15.9122,20.0383,0.0082035,17.9198,25.2154,0.00255722,20.2244,31.7373,0.000797017,22.8539,39.9486,0.000248622,25.8438,50.2851,7.75492e-05,29.237,63.2963,2.42508e-05,33.0837,79.6738,7.67162e-06,37.4415,100.288,2.32837e-06,42.3767,126.236,7.33e-07,47.9646,158.896,2.79256e-07,54.2906,200.003,9.87351e-09,61.452,251.741,1.61085e-07,69.5585,316.859,-2.47141e-07,78.7347,398.812,8.93552e-08,89.1218,501.948,-2.53231e-07,100.879,631.736,-1.25047e-07,114.188,795.049,-1.78808e-07,129.252,1000.53,2.6733e-07,146.304,1259.03,4.50292e-07,165.605,1584.19,6.76904e-07,187.452,1993.12,-1.23808e-07,212.181,2507.27,-4.89068e-07,240.173,3153.54,-5.40284e-07,271.856,3965.56,1.86061e-07,307.719,4985.38,4.37004e-07,348.313,6265.4,3.59828e-07,394.26,7870.83,3.98192e-07,446.268,9882.51,-1.92908e-07,505.135,12400.3,-2.20392e-07,571.766,15546.9,1.51705e-07,647.184,19472.2,5.74996e-07,732.547,24357.4,5.39112e-07,829.167,30420,5.07815e-09,938.526,37916.3,-4.11492e-07,1062.3,47143.9,-3.9561e-07,1202.4,58439.2,3.86185e-08,1360.96,72169.3,5.94093e-07,1540.42,88715.8,7.47693e-07,1743.53,108445,1.78537e-07,1973.41,131665,-4.12549e-07,2233.57,158557,-5.37164e-07,2528,189103,-1.17615e-07,2861.2,222986,5.66769e-07,3238.27,259510,9.45053e-07,3664.97,297540,4.25093e-07,4147.81,335497,-3.58506e-07,4694.17,371444,-6.7724e-07,5312.37,403256,1.67192e-07,1.61744,3.89446,9.84394,3.28846,7.5504,12.774,5.07607,11.7187,13.6844,7.03202,16.8147,13.9681,9.20215,23.1769,14.0566,11.6301,31.1672,14.0841,14.3598,41.2186,14.0927,17.4376,53.8688,14.0954,20.9137,69.7915,14.0962,24.8432,89.8341,14.0965,29.2879,115.063,14.0966,34.3168,146.819,14.0966,40.0078,186.792,14.0966,46.4487,237.107,14.0966,53.7388,300.44,14.0966,61.9903,380.158,14.0966,71.3301,480.499,14.0966,81.902,606.796,14.0966,93.8685,765.761,14.0966,107.414,965.837,14.0966,122.746,1217.65,14.0966,140.101,1534.57,14.0966,159.745,1933.41,14.0966,181.981,2435.3,14.0966,207.15,3066.85,14.0966,235.64,3861.46,14.0966,267.889,4861.11,14.0966,304.391,6118.54,14.0966,345.709,7699.91,14.0966,392.478,9688.22,14.0966,445.417,12187.5,14.0966,505.339,15327.7,14.0966,573.165,19271.6,14.0966,649.938,24222,14.0966,736.839,30430.9,14.0966,835.202,38211.5,14.0966,946.539,47950.3,14.0966,1072.56,60122.8,14.0966,1215.21,75309.9,14.0966,1376.66,94216.2,14.0966,1559.41,117688,14.0966,1766.26,146729,14.0966,2000.39,182510,14.0966,2265.39,226372,14.0966,2565.33,279806,14.0966,2904.81,344416,14.0966,3289.05,421845,14.0966,3723.93,513667,14.0966,4216.13,621231,14.0966,4773.18,745478,14.0966,5403.64,886744,14.0966,6117.15,1.04457e+06,14.0966,6924.63,1.2176e+06,14.0966,11.7194,11.96,12.6541,13.9321,16.1295,13.6434,16.6097,21.9702,13.9553,19.7532,29.5285,14.0526,23.3844,39.1143,14.0829,27.5423,51.2054,14.0923,32.2796,66.434,14.0953,37.662,85.6061,14.0962,43.7675,109.74,14.0965,50.687,140.119,14.0966,58.5249,178.359,14.0966,67.4005,226.493,14.0966,77.4493,287.08,14.0966,88.8254,363.343,14.0966,101.703,459.336,14.0966,116.281,580.161,14.0966,132.782,732.241,14.0966,151.46,923.655,14.0966,172.603,1164.57,14.0966,196.535,1467.79,14.0966,223.625,1849.39,14.0966,254.288,2329.62,14.0966,288.997,2933.93,14.0966,328.285,3694.33,14.0966,372.755,4651.04,14.0966,423.092,5854.57,14.0966,480.07,7368.38,14.0966,544.564,9272.08,14.0966,617.566,11665.5,14.0966,700.197,14673.6,14.0966,793.729,18452.9,14.0966,899.599,23198.6,14.0966,1019.43,29154.1,14.0966,1155.07,36622.3,14.0966,1308.6,45977.9,14.0966,1482.39,57683.7,14.0966,1679.09,72307.8,14.0966,1901.73,90542.8,14.0966,2153.73,113226,14.0966,2438.97,141360,14.0966,2761.81,176127,14.0966,3127.22,218898,14.0966,3540.81,271226,14.0966,4008.92,334817,14.0966,4538.74,411470,14.0966,5138.38,502973,14.0966,5817.04,610948,14.0966,6585.12,736653,14.0966,7454.39,880741,14.0966,8438.15,1.04302e+06,14.0966,9551.45,1.22224e+06,14.0966,10811.3,1.41602e+06,14.0966,12237,1.62086e+06,14.0966,11.7194,11.96,12.6541,2.21263,4.16949,0.989383,2.67766,5.84076,0.311842,3.14343,7.55825,0.0972771,3.63127,9.58578,0.0303237,4.15787,12.0912,0.00945211,4.73731,15.2286,0.00294633,5.38238,19.1721,0.000918508,6.10553,24.134,0.000286163,6.91951,30.3791,8.92692e-05,7.83792,38.2397,2.78121e-05,8.87555,48.1338,8.65134e-06,10.0489,60.5876,2.7882e-06,11.3761,76.2629,8.29036e-07,12.8779,95.9927,2.4373e-07,14.5775,120.825,4.33068e-09,16.5012,152.08,1.75749e-07,18.6784,191.415,-1.86328e-07,21.1428,240.917,1.91829e-07,23.9322,303.213,-1.81475e-07,27.0895,381.602,7.0186e-08,30.6634,480.231,-2.86769e-08,34.7087,604.316,2.40784e-07,39.2876,760.401,9.87368e-08,44.4705,956.705,1.22263e-07,50.3371,1203.54,-4.31966e-07,56.9776,1513.81,-1.9705e-07,64.494,1903.69,-2.763e-08,73.0018,2393.4,3.9185e-07,82.6317,3008.13,1.35379e-07,93.5318,3779.25,-4.16351e-08,105.869,4745.7,2.06965e-08,119.834,5955.6,-3.18887e-07,135.641,7468.12,-1.48271e-08,153.531,9355.62,2.00739e-07,173.781,11705.8,2.28358e-07,196.701,14624.1,-1.93587e-08,222.642,18235,-2.88101e-07,252.003,22683.4,-2.24732e-07,285.234,28134,8.56806e-09,322.845,34767,2.34258e-07,365.413,42770.9,2.99668e-07,413.588,52327.9,8.28644e-08,468.111,63591.2,-3.07049e-07,529.814,76653.2,-3.1888e-07,599.642,91502.5,-6.72276e-08,678.662,107975,2.26339e-07,768.083,125705,3.69212e-07,869.267,144088,2.04077e-07,983.76,162277,-2.80509e-07,1113.3,179223,-4.22737e-07,1259.87,193777,-1.71951e-07,1425.68,204839,4.55555e-07,11.7194,11.96,12.6541,2.21263,4.16949,0.989383,2.67766,5.84076,0.311842,3.14343,7.55825,0.0972771,3.63127,9.58578,0.0303237,4.15787,12.0912,0.00945211,4.73731,15.2286,0.00294633,5.38238,19.1721,0.000918508,6.10553,24.134,0.000286163,6.91951,30.3791,8.92692e-05,7.83792,38.2397,2.78121e-05,8.87555,48.1338,8.65134e-06,10.0489,60.5876,2.7882e-06,11.3761,76.2629,8.29036e-07,12.8779,95.9927,2.4373e-07,14.5775,120.825,1e-08,16.5012,152.08,1.75749e-07,18.6784,191.415,1e-08,21.1428,240.917,1.91829e-07,23.9322,303.213,1e-08,27.0895,381.602,7.0186e-08,30.6634,480.231,1e-08,34.7087,604.316,2.40784e-07,39.2876,760.401,9.87368e-08,44.4705,956.705,1.22263e-07,50.3371,1203.54,1e-08,56.9776,1513.81,1e-08,64.494,1903.69,1e-08,73.0018,2393.4,3.9185e-07,82.6317,3008.13,1.35379e-07,93.5318,3779.25,1e-08,105.869,4745.7,2.06965e-08,119.834,5955.6,1e-08,135.641,7468.12,1e-08,153.531,9355.62,2.00739e-07,173.781,11705.8,2.28358e-07,196.701,14624.1,1e-08,222.642,18235,1e-08,252.003,22683.4,1e-08,285.234,28134,1e-08,322.845,34767,2.34258e-07,365.413,42770.9,2.99668e-07,413.588,52327.9,8.28644e-08,468.111,63591.2,1e-08,529.814,76653.2,1e-08,599.642,91502.5,1e-08,678.662,107975,2.26339e-07,768.083,125705,3.69212e-07,869.267,144088,2.04077e-07,983.76,162277,1e-08,1113.3,179223,1e-08,1259.87,193777,1e-08,1425.68,204839,4.55555e-07,6.2823,3.27286,2.43537,0.219672,6.18826,2.24117,0.56371,6.87772,2.63624,0.308279,6,18,10,11,4,0,6,3,1,6,10,0,11,7,0,3,9,0,2,17,0,1,12,0,5,9,0,6,18,0,4,52,0,10,49,0,14,54,0,4,81,0,4,41,0,24,187,0,15,64,0,33,203,0,13,66,0,38,562,0,10,385,0,19,438,0,44,553,0,41,510,0,48,737,0,36,384,0,79,1262,0,99,1418,0,110,1489,0,57,2592,0,174,3043,0,123,2476,0,203,6688,0,176,702,0,227,14974,0,75,11996,0,274,10241,0,303,19887,0,116,26709,0,154,26141,0,151,50164,0,246,34100,0,333,103842,0,490,38147,0,391,85868,0,405,104056,0,478,35347,0,681,208969,0,732,128128,0,448,233166,0,561,183917,0,1146,182788,0,1078,227053,0
-1.05176e+08,1,8.88811e-15,10,1023,0,1.05176e+08,0.528882,1.08665,0.389689,0.145397,0.379329,3.24381,0.161596,0.446195,1.77396,0.159177,1.15e+07,4.49998e+06,6.79999e+06,1.15e+07,4.49997e+06,6.79999e+06,1.15e+07,4.49996e+06,6.79999e+06,1.15e+07,4.49995e+06,6.79999e+06,1.14999e+07,4.49993e+06,6.79999e+06,1.14999e+07,4.49991e+06,6.79999e+06,1.14999e+07,4.49989e+06,6.79999e+06,1.14999e+07,4.49986e+06,6.79999e+06,1.14999e+07,4.49982e+06,6.79999e+06,1.14999e+07,4.49977e+06,6.79999e+06,1.14999e+07,4.49971e+06,6.79999e+06,1.14999e+07,4.49963e+06,6.79999e+06,1.14998e+07,4.49953e+06,6.79999e+06,1.14998e+07,4.49941e+06,6.79999e+06,1.14998e+07,4.49926e+06,6.79999e+06,1.14998e+07,4.49906e+06,6.79999e+06,1.14997e+07,4.49882e+06,6.79999e+06,1.14997e+07,4.49851e+06,6.79999e+06,1.14997e+07,4.49812e+06,6.79999e+06,1.14996e+07,4.49764e+06,6.79999e+06,1.14996e+07,4.49702e+06,6.79999e+06,1.14995e+07,4.49625e+06,6.79999e+06,1.14995e+07,4.49528e+06,6.79999e+06,1.14994e+07,4.49406e+06,6.79999e+06,1.14993e+07,4.49253e+06,6.79999e+06,1.14992e+07,4.49059e+06,6.79999e+06,1.14991e+07,4.48817e+06,6.79999e+06,1.1499e+07,4.48511e+06,6.79999e+06,1.14988e+07,4.48128e+06,6.79999e+06,1.14987e+07,4.47646e+06,6.79999e+06,1.14985e+07,4.47041e+06,6.79999e+06,1.14983e+07,4.46281e+06,6.79999e+06,1.14981e+07,4.4533e+06,6.79999e+06,1.14979e+07,4.44138e+06,6.79999e+06,1.14976e+07,4.42649e+06,6.79999e+06,1.14972e+07,4.40789e+06,6.79999e+06,1.14969e+07,4.38471e+06,6.79999e+06,1.14965e+07,4.35592e+06,6.79999e+06,1.1496e+07,4.32027e+06,6.79999e+06,1.14955e+07,4.27629e+06,6.79999e+06,1.14949e+07,4.22231e+06,6.79999e+06,1.14942e+07,4.15647e+06,6.79999e+06,1.14934e+07,4.07676e+06,6.79999e+06,1.14926e+07,3.98112e+06,6.79999e+06,1.14916e+07,3.86765e+06,6.79999e+06,1.14905e+07,3.73474e+06,6.79999e+06,1.14892e+07,3.58148e+06,6.79999e+06,1.14878e+07,3.40785e+06,6.79999e+06,1.14862e+07,3.21513e+06,6.79999e+06,1.14844e+07,3.00605e+06,6.79999e+06,1.14823e+07,2.7848e+06,6.79999e+06,1.148e+07,2.5568e+06,6.79999e+06,1.14773e+07,2.32825e+06,6.79999e+06,13.5742,8.52444,0.508366,16.8306,13.2585,0.162638,20.0035,17.569,0.0507846,23.2616,22.4214,0.0158319,26.7328,28.3297,0.00493498,30.5212,35.6974,0.00153831,34.7178,44.9473,0.000479527,39.4086,56.5822,0.000149456,44.6796,71.2245,4.66214e-05,50.6209,89.6543,1.45419e-05,57.3297,112.852,4.54748e-06,64.9129,142.051,1.43857e-06,73.4897,178.803,4.36618e-07,83.1934,225.062,1.40153e-07,94.1745,283.286,4.96378e-08,106.602,356.568,1.05434e-07,120.669,448.799,-6.49244e-08,136.59,564.873,1.70148e-07,154.611,710.948,-5.34594e-08,175.008,894.767,1.63407e-07,198.097,1126.06,8.04804e-08,224.231,1417.07,1.14667e-07,253.813,1783.15,-1.71227e-07,287.297,2243.62,-2.88466e-07,325.198,2822.67,-4.33651e-07,368.098,3550.67,7.9318e-08,416.657,4465.65,3.13319e-07,471.621,5615.16,3.4613e-07,533.835,7058.61,-1.19199e-07,604.255,8870.02,-2.79964e-07,683.962,11141.4,-2.30521e-07,774.182,13986.7,-2.55099e-07,876.299,17546.4,1.23585e-07,991.883,21993.1,1.41192e-07,1122.71,27536.7,-9.71886e-08,1270.78,34430.7,-3.68368e-07,1438.38,42977.7,-3.45379e-07,1628.07,53532.7,-3.25328e-09,1842.77,66504.6,2.6362e-07,2085.77,82350.2,2.53445e-07,2360.79,101560,-2.47407e-08,2672.05,124632,-3.80602e-07,3024.31,152018,-4.79005e-07,3422.98,184060,-1.14379e-07,3874.15,220884,2.64297e-07,4384.72,262283,3.44131e-07,4962.49,307576,7.5349e-08,5616.29,355497,-3.63097e-07,6356.1,404126,-6.05442e-07,7193.18,450932,-2.72333e-07,8140.28,492963,2.29675e-07,9211.79,527178,4.3387e-07,10424,550893,-1.0711e-07,10.102,8.06553,2.81012,10.6436,8.57909,0.869423,11.5336,10.2515,0.270869,12.7211,12.7138,0.0844293,14.1823,15.9373,0.0263173,15.9122,20.0383,0.0082035,17.9198,25.2154,0.00255722,20.2244,31.7373,0.000797017,22.8539,39.9486,0.000248622,25.8438,50.2851,7.75492e-05,29.237,63.2963,2.42508e-05,33.0837,79.6738,7.67162e-06,37.4415,100.288,2.32837e-06,42.3767,126.236,7.33e-07,47.9646,158.896,2.79256e-07,54.2906,200.003,9.87351e-09,61.452,251.741,1.61085e-07,69.5585,316.859,-2.47141e-07,78.7347,398.812,8.93552e-08,89.1218,501.948,-2.53231e-07,100.879,631.736,-1.25047e-07,114.188,795.049,-1.78808e-07,129.252,1000.53,2.6733e-07,146.304,1259.03,4.50292e-07,165.605,1584.19,6.76904e-07,187.452,1993.12,-1.23808e-07,212.181,2507.27,-4.89068e-07,240.173,3153.54,-5.40284e-07,271.856,3965.56,1.86061e-07,307.719,4985.38,4.37004e-07,348.313,6265.4,3.59828e-07,394.26,7870.83,3.98192e-07,446.268,9882.51,-1.92908e-07,505.135,12400.3,-2.20392e-07,571.766,15546.9,1.51705e-07,647.184,19472.2,5.74996e-07,732.547,24357.4,5.39112e-07,829.167,30420,5.07815e-09,938.526,37916.3,-4.11492e-07,1062.3,47143.9,-3.9561e-07,1202.4,58439.2,3.86185e-08,1360.96,72169.3,5.94093e-07,1540.42,88715.8,7.47693e-07,1743.53,108445,1.78537e-07,1973.41,131665,-4.12549e-07,2233.57,158557,-5.37164e-07,2528,189103,-1.17615e-07,2861.2,222986,5.66769e-07,3238.27,259510,9.45053e-07,3664.97,297540,4.25093e-07,4147.81,335497,-3.58506e-07,4694.17,371444,-6.7724e-07,5312.37,403256,1.67192e-07,1.61744,3.89446,9.84394,3.28846,7.5504,12.774,5.07607,11.7187,13.6844,7.03202,16.8147,13.9681,9.20215,23.1769,14.0566,11.6301,31.1672,14.0841,14.3598,41.2186,14.0927,17.4376,53.8688,14.0954,20.9137,69.7915,14.0962,24.8432,89.8341,14.0965,29.2879,115.063,14.0966,34.3168,146.819,14.0966,40.0078,186.792,14.0966,46.4487,237.107,14.0966,53.7388,300.44,14.0966,61.9903,380.158,14.0966,71.3301,480.499,14.0966,81.902,606.796,14.0966,93.8685,765.761,14.0966,107.414,965.837,14.0966,122.746,1217.65,14.0966,140.101,1534.57,14.0966,159.745,1933.41,14.0966,181.981,2435.3,14.0966,207.15,3066.85,14.0966,235.64,3861.46,14.0966,267.889,4861.11,14.0966,304.391,6118.54,14.0966,345.709,7699.91,14.0966,392.478,9688.22,14.0966,445.417,12187.5,14.0966,505.339,15327.7,14.0966,573.165,19271.6,14.0966,649.938,24222,14.0966,736.839,30430.9,14.0966,835.202,38211.5,14.0966,946.539,47950.3,14.0966,1072.56,60122.8,14.0966,1215.21,75309.9,14.0966,1376.66,94216.2,14.0966,1559.41,117688,14.0966,1766.26,146729,14.0966,2000.39,182510,14.0966,2265.39,226372,14.0966,2565.33,279806,14.0966,2904.81,344416,14.0966,3289.05,421845,14.0966,3723.93,513667,14.0966,4216.13,621231,14.0966,4773.18,745478,14.0966,5403.64,886744,14.0966,6117.15,1.04457e+06,14.0966,6924.63,1.2176e+06,14.0966,11.7194,11.96,12.6541,13.9321,16.1295,13.6434,16.6097,21.9702,13.9553,19.7532,29.5285,14.0526,23.3844,39.1143,14.0829,27.5423,51.2054,14.0923,32.2796,66.434,14.0953,37.662,85.6061,14.0962,43.7675,109.74,14.0965,50.687,140.119,14.0966,58.5249,178.359,14.0966,67.4005,226.493,14.0966,77.4493,287.08,14.0966,88.8254,363.343,14.0966,101.703,459.336,14.0966,116.281,580.161,14.0966,132.782,732.241,14.0966,151.46,923.655,14.0966,172.603,1164.57,14.0966,196.535,1467.79,14.0966,223.625,1849.39,14.0966,254.288,2329.62,14.0966,288.997,2933.93,14.0966,328.285,3694.33,14.0966,372.755,4651.04,14.0966,423.092,5854.57,14.0966,480.07,7368.38,14.0966,544.564,9272.08,14.0966,617.566,11665.5,14.0966,700.197,14673.6,14.0966,793.729,18452.9,14.0966,899.599,23198.6,14.0966,1019.43,29154.1,14.0966,1155.07,36622.3,14.0966,1308.6,45977.9,14.0966,1482.39,57683.7,14.0966,1679.09,72307.8,14.0966,1901.73,90542.8,14.0966,2153.73,113226,14.0966,2438.97,141360,14.0966,2761.81,176127,14.0966,3127.22,218898,14.0966,3540.81,271226,14.0966,4008.92,334817,14.0966,4538.74,411470,14.0966,5138.38,502973,14.0966,5817.04,610948,14.0966,6585.12,736653,14.0966,7454.39,880741,14.0966,8438.15,1.04302e+06,14.0966,9551.45,1.22224e+06,14.0966,10811.3,1.41602e+06,14.0966,12237,1.62086e+06,14.0966,11.7194,11.96,12.6541,2.21263,4.16949,0.989383,2.67766,5.84076,0.311842,3.14343,7.55825,0.0972771,3.63127,9.58578,0.0303237,4.15787,12.0912,0.00945211,4.73731,15.2286,0.00294633,5.38238,19.1721,0.000918508,6.10553,24.134,0.000286163,6.91951,30.3791,8.92692e-05,7.83792,38.2397,2.78121e-05,8.87555,48.1338,8.65134e-06,10.0489,60.5876,2.7882e-06,11.3761,76.2629,8.29036e-07,12.8779,95.9927,2.4373e-07,14.5775,120.825,4.33068e-09,16.5012,152.08,1.75749e-07,18.6784,191.415,-1.86328e-07,21.1428,240.917,1.91829e-07,23.9322,303.213,-1.81475e-07,27.0895,381.602,7.0186e-08,30.6634,480.231,-2.86769e-08,34.7087,604.316,2.40784e-07,39.2876,760.401,9.87368e-08,44.4705,956.705,1.22263e-07,50.3371,1203.54,-4.31966e-07,56.9776,1513.81,-1.9705e-07,64.494,1903.69,-2.763e-08,73.0018,2393.4,3.9185e-07,82.6317,3008.13,1.35379e-07,93.5318,3779.25,-4.16351e-08,105.869,4745.7,2.06965e-08,119.834,5955.6,-3.18887e-07,135.641,7468.12,-1.48271e-08,153.531,9355.62,2.00739e-07,173.781,11705.8,2.28358e-07,196.701,14624.1,-1.93587e-08,222.642,18235,-2.88101e-07,252.003,22683.4,-2.24732e-07,285.234,28134,8.56806e-09,322.845,34767,2.34258e-07,365.413,42770.9,2.99668e-07,413.588,52327.9,8.28644e-08,468.111,63591.2,-3.07049e-07,529.814,76653.2,-3.1888e-07,599.642,91502.5,-6.72276e-08,678.662,107975,2.26339e-07,768.083,125705,3.69212e-07,869.267,144088,2.04077e-07,983.76,162277,-2.80509e-07,1113.3,179223,-4.22737e-07,1259.87,193777,-1.71951e-07,1425.68,204839,4.55555e-07,11.7194,11.96,12.6541,2.21263,4.16949,0.989383,2.67766,5.84076,0.311842,3.14343,7.55825,0.0972771,3.63127,9.58578,0.0303237,4.15787,12.0912,0.00945211,4.73731,15.2286,0.00294633,5.38238,19.1721,0.000918508,6.10553,24.134,0.000286163,6.91951,30.3791,8.92692e-05,7.83792,38.2397,2.78121e-05,8.87555,48.1338,8.65134e-06,10.0489,60.5876,2.7882e-06,11.3761,76.2629,8.29036e-07,12.8779,95.9927,2.4373e-07,14.5775,120.825,1e-08,16.5012,152.08,1.75749e-07,18.6784,191.415,1e-08,21.1428,240.917,1.91829e-07,23.9322,303.213,1e-08,27.0895,381.602,7.0186e-08,30.6634,480.231,1e-08,34.7087,604.316,2.40784e-07,39.2876,760.401,9.87368e-08,44.4705,956.705,1.22263e-07,50.3371,1203.54,1e-08,56.9776,1513.81,1e-08,64.494,1903.69,1e-08,73.0018,2393.4,3.9185e-07,82.6317,3008.13,1.35379e-07,93.5318,3779.25,1e-08,105.869,4745.7,2.06965e-08,119.834,5955.6,1e-08,135.641,7468.12,1e-08,153.531,9355.62,2.00739e-07,173.781,11705.8,2.28358e-07,196.701,14624.1,1e-08,222.642,18235,1e-08,252.003,22683.4,1e-08,285.234,28134,1e-08,322.845,34767,2.34258e-07,365.413,42770.9,2.99668e-07,413.588,52327.9,8.28644e-08,468.111,63591.2,1e-08,529.814,76653.2,1e-08,599.642,91502.5,1e-08,678.662,107975,2.26339e-07,768.083,125705,3.69212e-07,869.267,144088,2.04077e-07,983.76,162277,1e-08,1113.3,179223,1e-08,1259.87,193777,1e-08,1425.68,204839,4.55555e-07,6.2823,3.27286,2.43537,0.219672,6.18826,2.24117,0.56371,6.87772,2.63624,0.308279,6,11,18,3,4,1,2,6,0,1,5,1,3,11,0,4,23,0,1,18,0,8,26,0,3,14,0,3,44,0,4,60,0,8,13,0,3,9,0,8,63,0,24,48,0,9,81,0,4,85,0,15,178,0,18,282,0,29,243,0,19,350,0,38,334,0,23,1036,0,33,1112,0,47,1235,0,22,1722,0,52,563,0,61,1761,0,139,1890,0,25,1860,0,72,4789,0,117,3592,0,149,4586,0,124,7325,0,56,12930,0,178,5760,0,230,7943,0,159,13369,0,201,21832,0,443,33920,0,226,44360,0,296,64866,0,736,51105,0,366,54072,0,548,42552,0,720,94727,0,941,126265,0,316,209211,0,770,148831,0,1153,196484,0,1227,198300,0,1073,144516,0,2051,123055,0
-1.05176e+08,1,8.88811e-15,10,1023,0,1.05176e+08,0.528882,1.08665,0.389689,0.145397,0.379329,3.24381,0.161596,0.446195,1.77396,0.159177,1.15e+07,4.49998e+06,6.79999e+06,1.15e+07,4.49997e+06,6.79999e+06,1.15e+07,4.49996e+06,6.79999e+06,1.15e+07,4.49995e+06,6.79999e+06,1.14999e+07,4.49993e+06,6.79999e+06,1.14999e+07,4.49991e+06,6.79999e+06,1.14999e+07,4.49989e+06,6.79999e+06,1.14999e+07,4.49986e+06,6.79999e+06,1.14999e+07,4.49982e+06,6.79999e+06,1.14999e+07,4.49977e+06,6.79999e+06,1.14999e+07,4.49971e+06,6.79999e+06,1.14999e+07,4.49963e+06,6.79999e+06,1.14998e+07,4.49953e+06,6.79999e+06,1.14998e+07,4.49941e+06,6.79999e+06,1.14998e+07,4.49926e+06,6.79999e+06,1.14998e+07,4.49906e+06,6.79999e+06,1.14997e+07,4.49882e+06,6.79999e+06,1.14997e+07,4.49851e+06,6.79999e+06,1.14997e+07,4.49812e+06,6.79999e+06,1.14996e+07,4.49764e+06,6.79999e+06,1.14996e+07,4.49702e+06,6.79999e+06,1.14995e+07,4.49625e+06,6.79999e+06,1.14995e+07,4.49528e+06,6.79999e+06,1.14994e+07,4.49406e+06,6.79999e+06,1.14993e+07,4.49253e+06,6.79999e+06,1.14992e+07,4.49059e+06,6.79999e+06,1.14991e+07,4.48817e+06,6.79999e+06,1.1499e+07,4.48511e+06,6.79999e+06,1.14988e+07,4.48128e+06,6.79999e+06,1.14987e+07,4.47646e+06,6.79999e+06,1.14985e+07,4.47041e+06,6.79999e+06,1.14983e+07,4.46281e+06,6.79999e+06,1.14981e+07,4.4533e+06,6.79999e+06,1.14979e+07,4.44138e+06,6.79999e+06,1.14976e+07,4.42649e+06,6.79999e+06,1.14972e+07,4.40789e+06,6.79999e+06,1.14969e+07,4.38471e+06,6.79999e+06,1.14965e+07,4.35592e+06,6.79999e+06,1.1496e+07,4.32027e+06,6.79999e+06,1.14955e+07,4.27629e+06,6.79999e+06,1.14949e+07,4.22231e+06,6.79999e+06,1.14942e+07,4.15647e+06,6.79999e+06,1.14934e+07,4.07676e+06,6.79999e+06,1.14926e+07,3.98112e+06,6.79999e+06,1.14916e+07,3.86765e+06,6.79999e+06,1.14905e+07,3.73474e+06,6.79999e+06,1.14892e+07,3.58148e+06,6.79999e+06,1.14878e+07,3.40785e+06,6.79999e+06,1.14862e+07,3.21513e+06,6.79999e+06,1.14844e+07,3.00605e+06,6.79999e+06,1.14823e+07,2.7848e+06,6.79999e+06,1.148e+07,2.5568e+06,6.79999e+06,1.14773e+07,2.32825e+06,6.79999e+06,13.5742,8.52444,0.508366,16.8306,13.2585,0.162638,20.0035,17.569,0.0507846,23.2616,22.4214,0.0158319,26.7328,28.3297,0.00493498,30.5212,35.6974,0.00153831,34.7178,44.9473,0.000479527,39.4086,56.5822,0.000149456,44.6796,71.2245,4.66214e-05,50.6209,89.6543,1.45419e-05,57.3297,112.852,4.54748e-06,64.9129,142.051,1.43857e-06,73.4897,178.803,4.36618e-07,83.1934,225.062,1.40153e-07,94.1745,283.286,4.96378e-08,106.602,356.568,1.05434e-07,120.669,448.799,-6.49244e-08,136.59,564.873,1.70148e-07,154.611,710.948,-5.34594e-08,175.008,894.767,1.63407e-07,198.097,1126.06,8.04804e-08,224.231,1417.07,1.14667e-07,253.813,1783.15,-1.71227e-07,287.297,2243.62,-2.88466e-07,325.198,2822.67,-4.33651e-07,368.098,3550.67,7.9318e-08,416.657,4465.65,3.13319e-07,471.621,5615.16,3.4613e-07,533.835,7058.61,-1.19199e-07,604.255,8870.02,-2.79964e-07,683.962,11141.4,-2.30521e-07,774.182,13986.7,-2.55099e-07,876.299,17546.4,1.23585e-07,991.883,21993.1,1.41192e-07,1122.71,27536.7,-9.71886e-08,1270.78,34430.7,-3.68368e-07,1438.38,42977.7,-3.45379e-07,1628.07,53532.7,-3.25328e-09,1842.77,66504.6,2.6362e-07,2085.77,82350.2,2.53445e-07,2360.79,101560,-2.47407e-08,2672.05,124632,-3.80602e-07,3024.31,152018,-4.79005e-07,3422.98,184060,-1.14379e-07,3874.15,220884,2.64297e-07,4384.72,262283,3.44131e-07,4962.49,307576,7.5349e-08,5616.29,355497,-3.63097e-07,6356.1,404126,-6.05442e-07,7193.18,450932,-2.72333e-07,8140.28,492963,2.29675e-07,9211.79,527178,4.3387e-07,10424,550893,-1.0711e-07,10.102,8.06553,2.81012,10.6436,8.57909,0.869423,11.5336,10.2515,0.270869,12.7211,12.7138,0.0844293,14.1823,15.9373,0.0263173,15.9122,20.0383,0.0082035,17.9198,25.2154,0.00255722,20.2244,31.7373,0.000797017,22.8539,39.9486,0.000248622,25.8438,50.2851,7.75492e-05,29.237,63.2963,2.42508e-05,33.0837,79.6738,7.67162e-06,37.4415,100.288,2.32837e-06,42.3767,126.236,7.33e-07,47.9646,158.896,2.79256e-07,54.2906,200.003,9.87351e-09,61.452,251.741,1.61085e-07,69.5585,316.859,-2.47141e-07,78.7347,398.812,8.93552e-08,89.1218,501.948,-2.53231e-07,100.879,631.736,-1.25047e-07,114.188,795.049,-1.78808e-07,129.252,1000.53,2.6733e-07,146.304,1259.03,4.50292e-07,165.605,1584.19,6.76904e-07,187.452,1993.12,-1.23808e-07,212.181,2507.27,-4.89068e-07,240.173,3153.54,-5.40284e-07,271.856,3965.56,1.86061e-07,307.719,4985.38,4.37004e-07,348.313,6265.4,3.59828e-07,394.26,7870.83,3.98192e-07,446.268,9882.51,-1.92908e-07,505.135,12400.3,-2.20392e-07,571.766,15546.9,1.51705e-07,647.184,19472.2,5.74996e-07,732.547,24357.4,5.39112e-07,829.167,30420,5.07815e-09,938.526,37916.3,-4.11492e-07,1062.3,47143.9,-3.9561e-07,1202.4,58439.2,3.86185e-08,1360.96,72169.3,5.94093e-07,1540.42,88715.8,7.47693e-07,1743.53,108445,1.78537e-07,1973.41,131665,-4.12549e-07,2233.57,158557,-5.37164e-07,2528,189103,-1.17615e-07,2861.2,222986,5.66769e-07,3238.27,259510,9.45053e-07,3664.97,297540,4.25093e-07,4147.81,335497,-3.58506e-07,4694.17,371444,-6.7724e-07,5312.37,403256,1.67192e-07,1.61744,3.89446,9.84394,3.28846,7.5504,12.774,5.07607,11.7187,13.6844,7.03202,16.8147,13.9681,9.20215,23.1769,14.0566,11.6301,31.1672,14.0841,14.3598,41.2186,14.0927,17.4376,53.8688,14.0954,20.9137,69.7915,14.0962,24.8432,89.8341,14.0965,29.2879,115.063,14.0966,34.3168,146.819,14.0966,40.0078,186.792,14.0966,46.4487,237.107,14.0966,53.7388,300.44,14.0966,61.9903,380.158,14.0966,71.3301,480.499,14.0966,81.902,606.796,14.0966,93.8685,765.761,14.0966,107.414,965.837,14.0966,122.746,1217.65,14.0966,140.101,1534.57,14.0966,159.745,1933.41,14.0966,181.981,2435.3,14.0966,207.15,3066.85,14.0966,235.64,3861.46,14.0966,267.889,4861.11,14.0966,304.391,6118.54,14.0966,345.709,7699.91,14.0966,392.478,9688.22,14.0966,445.417,12187.5,14.0966,505.339,15327.7,14.0966,573.165,19271.6,14.0966,649.938,24222,14.0966,736.839,30430.9,14.0966,835.202,38211.5,14.0966,946.539,47950.3,14.0966,1072.56,60122.8,14.0966,1215.21,75309.9,14.0966,1376.66,94216.2,14.0966,1559.41,117688,14.0966,1766.26,146729,14.0966,2000.39,182510,14.0966,2265.39,226372,14.0966,2565.33,279806,14.0966,2904.81,344416,14.0966,3289.05,421845,14.0966,3723.93,513667,14.0966,4216.13,621231,14.0966,4773.18,745478,14.0966,5403.64,886744,14.0966,6117.15,1.04457e+06,14.0966,6924.63,1.2176e+06,14.0966,11.7194,11.96,12.6541,13.9321,16.1295,13.6434,16.6097,21.9702,13.9553,19.7532,29.5285,14.0526,23.3844,39.1143,14.0829,27.5423,51.2054,14.0923,32.2796,66.434,14.0953,37.662,85.6061,14.0962,43.7675,109.74,14.0965,50.687,140.119,14.0966,58.5249,178.359,14.0966,67.4005,226.493,14.0966,77.4493,287.08,14.0966,88.8254,363.343,14.0966,101.703,459.336,14.0966,116.281,580.161,14.0966,132.782,732.241,14.0966,151.46,923.655,14.0966,172.603,1164.57,14.0966,196.535,1467.79,14.0966,223.625,1849.39,14.0966,254.288,2329.62,14.0966,288.997,2933.93,14.0966,328.285,3694.33,14.0966,372.755,4651.04,14.0966,423.092,5854.57,14.0966,480.07,7368.38,14.0966,544.564,9272.08,14.0966,617.566,11665.5,14.0966,700.197,14673.6,14.0966,793.729,18452.9,14.0966,899.599,23198.6,14.0966,1019.43,29154.1,14.0966,1155.07,36622.3,14.0966,1308.6,45977.9,14.0966,1482.39,57683.7,14.0966,1679.09,72307.8,14.0966,1901.73,90542.8,14.0966,2153.73,113226,14.0966,2438.97,141360,14.0966,2761.81,176127,14.0966,3127.22,218898,14.0966,3540.81,271226,14.0966,4008.92,334817,14.0966,4538.74,411470,14.0966,5138.38,502973,14.0966,5817.04,610948,14.0966,6585.12,736653,14.0966,7454.39,880741,14.0966,8438.15,1.04302e+06,14.0966,9551.45,1.22224e+06,14.0966,10811.3,1.41602e+06,14.0966,12237,1.62086e+06,14.0966,11.7194,11.96,12.6541,2.21263,4.16949,0.989383,2.67766,5.84076,0.311842,3.14343,7.55825,0.0972771,3.63127,9.58578,0.0303237,4.15787,12.0912,0.00945211,4.73731,15.2286,0.00294633,5.38238,19.1721,0.000918508,6.10553,24.134,0.000286163,6.91951,30.3791,8.92692e-05,7.83792,38.2397,2.78121e-05,8.87555,48.1338,8.65134e-06,10.0489,60.5876,2.7882e-06,11.3761,76.2629,8.29036e-07,12.8779,95.9927,2.4373e-07,14.5775,120.825,4.33068e-09,16.5012,152.08,1.75749e-07,18.6784,191.415,-1.86328e-07,21.1428,240.917,1.91829e-07,23.9322,303.213,-1.81475e-07,27.0895,381.602,7.0186e-08,30.6634,480.231,-2.86769e-08,34.7087,604.316,2.40784e-07,39.2876,760.401,9.87368e-08,44.4705,956.705,1.22263e-07,50.3371,1203.54,-4.31966e-07,56.9776,1513.81,-1.9705e-07,64.494,1903.69,-2.763e-08,73.0018,2393.4,3.9185e-07,82.6317,3008.13,1.35379e-07,93.5318,3779.25,-4.16351e-08,105.869,4745.7,2.06965e-08,119.834,5955.6,-3.18887e-07,135.641,7468.12,-1.48271e-08,153.531,9355.62,2.00739e-07,173.781,11705.8,2.28358e-07,196.701,14624.1,-1.93587e-08,222.642,18235,-2.88101e-07,252.003,22683.4,-2.24732e-07,285.234,28134,8.56806e-09,322.845,34767,2.34258e-07,365.413,42770.9,2.99668e-07,413.588,52327.9,8.28644e-08,468.111,63591.2,-3.07049e-07,529.814,76653.2,-3.1888e-07,599.642,91502.5,-6.72276e-08,678.662,107975,2.26339e-07,768.083,125705,3.69212e-07,869.267,144088,2.04077e-07,983.76,162277,-2.80509e-07,1113.3,179223,-4.22737e-07,1259.87,193777,-1.71951e-07,1425.68,204839,4.55555e-07,11.7194,11.96,12.6541,2.21263,4.16949,0.989383,2.67766,5.84076,0.311842,3.14343,7.55825,0.0972771,3.63127,9.58578,0.0303237,4.15787,12.0912,0.00945211,4.73731,15.2286,0.00294633,5.38238,19.1721,0.000918508,6.10553,24.134,0.000286163,6.91951,30.3791,8.92692e-05,7.83792,38.2397,2.78121e-05,8.87555,48.1338,8.65134e-06,10.0489,60.5876,2.7882e-06,11.3761,76.2629,8.29036e-07,12.8779,95.9927,2.4373e-07,14.5775,120.825,1e-08,16.5012,152.08,1.75749e-07,18.6784,191.415,1e-08,21.1428,240.917,1.91829e-07,23.9322,303.213,1e-08,27.0895,381.602,7.0186e-08,30.6634,480.231,1e-08,34.7087,604.316,2.40784e-07,39.2876,760.401,9.87368e-08,44.4705,956.705,1.22263e-07,50.3371,1203.54,1e-08,56.9776,1513.81,1e-08,64.494,1903.69,1e-08,73.0018,2393.4,3.9185e-07,82.6317,3008.13,1.35379e-07,93.5318,3779.25,1e-08,105.869,4745.7,2.06965e-08,119.834,5955.6,1e-08,135.641,7468.12,1e-08,153.531,9355.62,2.00739e-07,173.781,11705.8,2.28358e-07,196.701,14624.1,1e-08,222.642,18235,1e-08,252.003,22683.4,1e-08,285.234,28134,1e-08,322.845,34767,2.34258e-07,365.413,42770.9,2.99668e-07,413.588,52327.9,8.28644e-08,468.111,63591.2,1e-08,529.814,76653.2,1e-08,599.642,91502.5,1e-08,678.662,107975,2.26339e-07,768.083,125705,3.69212e-07,869.267,144088,2.04077e-07,983.76,162277,1e-08,1113.3,179223,1e-08,1259.87,193777,1e-08,1425.68,204839,4.55555e-07,6.2823,3.27286,2.43537,0.219672,6.18826,2.24117,0.56371,6.87772,2.63624,0.308279,13,13,21,1,2,0,1,4,0,3,5,0,3,18,0,2,9,0,0,16,0,2,13,0,8,15,0,8,20,0,9,28,0,5,32,0,11,63,0,4,24,0,11,94,0,15,139,0,20,276,0,18,173,0,18,328,0,36,193,0,37,260,0,28,464,0,38,881,0,73,476,0,34,1143,0,47,432,0,57,1498,0,85,3260,0,53,2714,0,114,2883,0,140,4670,0,93,3525,0,181,5032,0,158,7342,0,70,7679,0,429,20490,0,146,14946,0,245,35069,0,210,30176,0,536,28415,0,617,16824,0,253,32831,0,326,65013,0,392,45194,0,414,51760,0,896,65161,0,783,92779,0,974,155354,0,1533,130015,0,589,72636,0,612,201014,0,971,193235,0,720,133888,0
-1.05176e+08,7.86401e-46,8.88811e-15,10,1023,0,1.05176e+08,0.528882,1.08665,0.389689,0.145397,0.379329,3.24381,0.161596,0.446195,1.77396,0.159177,1.15e+07,4.49998e+06,6.79999e+06,1.15e+07,4.49997e+06,6.79999e+06,1.15e+07,4.49996e+06,6.79999e+06,1.15e+07,4.49995e+06,6.79999e+06,1.14999e+07,4.49993e+06,6.79999e+06,1.14999e+07,4.49991e+06,6.79999e+06,1.14999e+07,4.49989e+06,6.79999e+06,1.14999e+07,4.49986e+06,6.79999e+06,1.14999e+07,4.49982e+06,6.79999e+06,1.14999e+07,4.49977e+06,6.79999e+06,1.14999e+07,4.49971e+06,6.79999e+06,1.14999e+07,4.49963e+06,6.79999e+06,1.14998e+07,4.49953e+06,6.79999e+06,1.14998e+07,4.49941e+06,6.79999e+06,1.14998e+07,4.49926e+06,6.79999e+06,1.14998e+07,4.49906e+06,6.79999e+06,1.14997e+07,4.49882e+06,6.79999e+06,1.14997e+07,4.49851e+06,6.79999e+06,1.14997e+07,4.49812e+06,6.79999e+06,1.14996e+07,4.49764e+06,6.79999e+06,1.14996e+07,4.49702e+06,6.79999e+06,1.14995e+07,4.49625e+06,6.79999e+06,1.14995e+07,4.49528e+06,6.79999e+06,1.14994e+07,4.49406e+06,6.79999e+06,1.14993e+07,4.49253e+06,6.79999e+06,1.14992e+07,4.49059e+06,6.79999e+06,1.14991e+07,4.48817e+06,6.79999e+06,1.1499e+07,4.48511e+06,6.79999e+06,1.14988e+07,4.48128e+06,6.79999e+06,1.14987e+07,4.47646e+06,6.79999e+06,1.14985e+07,4.47041e+06,6.79999e+06,1.14983e+07,4.46281e+06,6.79999e+06,1.14981e+07,4.4533e+06,6.79999e+06,1.14979e+07,4.44138e+06,6.79999e+06,1.14976e+07,4.42649e+06,6.79999e+06,1.14972e+07,4.40789e+06,6.79999e+06,1.14969e+07,4.38471e+06,6.79999e+06,1.14965e+07,4.35592e+06,6.79999e+06,1.1496e+07,4.32027e+06,6.79999e+06,1.14955e+07,4.27629e+06,6.79999e+06,1.14949e+07,4.22231e+06,6.79999e+06,1.14942e+07,4.15647e+06,6.79999e+06,1.14934e+07,4.07676e+06,6.79999e+06,1.14926e+07,3.98112e+06,6.79999e+06,1.14916e+07,3.86765e+06,6.79999e+06,1.14905e+07,3.73474e+06,6.79999e+06,1.14892e+07,3.58148e+06,6.79999e+06,1.14878e+07,3.40785e+06,6.79999e+06,1.14862e+07,3.21513e+06,6.79999e+06,1.14844e+07,3.00605e+06,6.79999e+06,1.14823e+07,2.7848e+06,6.79999e+06,1.148e+07,2.5568e+06,6.79999e+06,1.14773e+07,2.32825e+06,6.79999e+06,13.5742,8.52444,0.508366,16.8306,13.2585,0.162638,20.0035,17.569,0.0507846,23.2616,22.4214,0.0158319,26.7328,28.3297,0.00493498,30.5212,35.6974,0.00153831,34.7178,44.9473,0.000479527,39.4086,56.5822,0.000149456,44.6796,71.2245,4.66214e-05,50.6209,89.6543,1.45419e-05,57.3297,112.852,4.54748e-06,64.9129,142.051,1.43857e-06,73.4897,178.803,4.36618e-07,83.1934,225.062,1.40153e-07,94.1745,283.286,4.96378e-08,106.602,356.568,1.05434e-07,120.669,448.799,-6.49244e-08,136.59,564.873,1.70148e-07,154.611,710.948,-5.34594e-08,175.008,894.767,1.63407e-07,198.097,1126.06,8.04804e-08,224.231,1417.07,1.14667e-07,253.813,1783.15,-1.71227e-07,287.297,2243.62,-2.88466e-07,325.198,2822.67,-4.33651e-07,368.098,3550.67,7.9318e-08,416.657,4465.65,3.13319e-07,471.621,5615.16,3.4613e-07,533.835,7058.61,-1.19199e-07,604.255,8870.02,-2.79964e-07,683.962,11141.4,-2.30521e-07,774.182,13986.7,-2.55099e-07,876.299,17546.4,1.23585e-07,991.883,21993.1,1.41192e-07,1122.71,27536.7,-9.71886e-08,1270.78,34430.7,-3.68368e-07,1438.38,42977.7,-3.45379e-07,1628.07,53532.7,-3.25328e-09,1842.77,66504.6,2.6362e-07,2085.77,82350.2,2.53445e-07,2360.79,101560,-2.47407e-08,2672.05,124632,-3.80602e-07,3024.31,152018,-4.79005e-07,3422.98,184060,-1.14379e-07,3874.15,220884,2.64297e-07,4384.72,262283,3.44131e-07,4962.49,307576,7.5349e-08,5616.29,355497,-3.63097e-07,6356.1,404126,-6.05442e-07,7193.18,450932,-2.72333e-07,8140.28,492963,2.29675e-07,9211.79,527178,4.3387e-07,10424,550893,-1.0711e-07,10.102,8.06553,2.81012,10.6436,8.57909,0.869423,11.5336,10.2515,0.270869,12.7211,12.7138,0.0844293,14.1823,15.9373,0.0263173,15.9122,20.0383,0.0082035,17.9198,25.2154,0.00255722,20.2244,31.7373,0.000797017,22.8539,39.9486,0.000248622,25.8438,50.2851,7.75492e-05,29.237,63.2963,2.42508e-05,33.0837,79.6738,7.67162e-06,37.4415,100.288,2.32837e-06,42.3767,126.236,7.33e-07,47.9646,158.896,2.79256e-07,54.2906,200.003,9.87351e-09,61.452,251.741,1.61085e-07,69.5585,316.859,-2.47141e-07,78.7347,398.812,8.93552e-08,89.1218,501.948,-2.53231e-07,100.879,631.736,-1.25047e-07,114.188,795.049,-1.78808e-07,129.252,1000.53,2.6733e-07,146.304,1259.03,4.50292e-07,165.605,1584.19,6.76904e-07,187.452,1993.12,-1.23808e-07,212.181,2507.27,-4.89068e-07,240.173,3153.54,-5.40284e-07,271.856,3965.56,1.86061e-07,307.719,4985.38,4.37004e-07,348.313,6265.4,3.59828e-07,394.26,7870.83,3.98192e-07,446.268,9882.51,-1.92908e-07,505.135,12400.3,-2.20392e-07,571.766,15546.9,1.51705e-07,647.184,19472.2,5.74996e-07,732.547,24357.4,5.39112e-07,829.167,30420,5.07815e-09,938.526,37916.3,-4.11492e-07,1062.3,47143.9,-3.9561e-07,1202.4,58439.2,3.86185e-08,1360.96,72169.3,5.94093e-07,1540.42,88715.8,7.47693e-07,1743.53,108445,1.78537e-07,1973.41,131665,-4.12549e-07,2233.57,158557,-5.37164e-07,2528,189103,-1.17615e-07,2861.2,222986,5.66769e-07,3238.27,259510,9.45053e-07,3664.97,297540,4.25093e-07,4147.81,335497,-3.58506e-07,4694.17,371444,-6.7724e-07,5312.37,403256,1.67192e-07,1.61744,3.89446,9.84394,3.28846,7.5504,12.774,5.07607,11.7187,13.6844,7.03202,16.8147,13.9681,9.20215,23.1769,14.0566,11.6301,31.1672,14.0841,14.3598,41.2186,14.0927,17.4376,53.8688,14.0954,20.9137,69.7915,14.0962,24.8432,89.8341,14.0965,29.2879,115.063,14.0966,34.3168,146.819,14.0966,40.0078,186.792,14.0966,46.4487,237.107,14.0966,53.7388,300.44,14.0966,61.9903,380.158,14.0966,71.3301,480.499,14.0966,81.902,606.796,14.0966,93.8685,765.761,14.0966,107.414,965.837,14.0966,122.746,1217.65,14.0966,140.101,1534.57,14.0966,159.745,1933.41,14.0966,181.981,2435.3,14.0966,207.15,3066.85,14.0966,235.64,3861.46,14.0966,267.889,4861.11,14.0966,304.391,6118.54,14.0966,345.709,7699.91,14.0966,392.478,9688.22,14.0966,445.417,12187.5,14.0966,505.339,15327.7,14.0966,573.165,19271.6,14.0966,649.938,24222,14.0966,736.839,30430.9,14.0966,835.202,38211.5,14.0966,946.539,47950.3,14.0966,1072.56,60122.8,14.0966,1215.21,75309.9,14.0966,1376.66,94216.2,14.0966,1559.41,117688,14.0966,1766.26,146729,14.0966,2000.39,182510,14.0966,2265.39,226372,14.0966,2565.33,279806,14.0966,2904.81,344416,14.0966,3289.05,421845,14.0966,3723.93,513667,14.0966,4216.13,621231,14.0966,4773.18,745478,14.0966,5403.64,886744,14.0966,6117.15,1.04457e+06,14.0966,6924.63,1.2176e+06,14.0966,11.7194,11.96,12.6541,13.9321,16.1295,13.6434,16.6097,21.9702,13.9553,19.7532,29.5285,14.0526,23.3844,39.1143,14.0829,27.5423,51.2054,14.0923,32.2796,66.434,14.0953,37.662,85.6061,14.0962,43.7675,109.74,14.0965,50.687,140.119,14.0966,58.5249,178.359,14.0966,67.4005,226.493,14.0966,77.4493,287.08,14.0966,88.8254,363.343,14.0966,101.703,459.336,14.0966,116.281,580.161,14.0966,132.782,732.241,14.0966,151.46,923.655,14.0966,172.603,1164.57,14.0966,196.535,1467.79,14.0966,223.625,1849.39,14.0966,254.288,2329.62,14.0966,288.997,2933.93,14.0966,328.285,3694.33,14.0966,372.755,4651.04,14.0966,423.092,5854.57,14.0966,480.07,7368.38,14.0966,544.564,9272.08,14.0966,617.566,11665.5,14.0966,700.197,14673.6,14.0966,793.729,18452.9,14.0966,899.599,23198.6,14.0966,1019.43,29154.1,14.0966,1155.07,36622.3,14.0966,1308.6,45977.9,14.0966,1482.39,57683.7,14.0966,1679.09,72307.8,14.0966,1901.73,90542.8,14.0966,2153.73,113226,14.0966,2438.97,141360,14.0966,2761.81,176127,14.0966,3127.22,218898,14.0966,3540.81,271226,14.0966,4008.92,334817,14.0966,4538.74,411470,14.0966,5138.38,502973,14.0966,5817.04,610948,14.0966,6585.12,736653,14.0966,7454.39,880741,14.0966,8438.15,1.04302e+06,14.0966,9551.45,1.22224e+06,14.0966,10811.3,1.41602e+06,14.0966,12237,1.62086e+06,14.0966,11.7194,11.96,12.6541,2.21263,4.16949,0.989383,2.67766,5.84076,0.311842,3.14343,7.55825,0.0972771,3.63127,9.58578,0.0303237,4.15787,12.0912,0.00945211,4.73731,15.2286,0.00294633,5.38238,19.1721,0.000918508,6.10553,24.134,0.000286163,6.91951,30.3791,8.92692e-05,7.83792,38.2397,2.78121e-05,8.87555,48.1338,8.65134e-06,10.0489,60.5876,2.7882e-06,11.3761,76.2629,8.29036e-07,12.8779,95.9927,2.4373e-07,14.5775,120.825,4.33068e-09,16.5012,152.08,1.75749e-07,18.6784,191.415,-1.86328e-07,21.1428,240.917,1.91829e-07,23.9322,303.213,-1.81475e-07,27.0895,381.602,7.0186e-08,30.6634,480.231,-2.86769e-08,34.7087,604.316,2.40784e-07,39.2876,760.401,9.87368e-08,44.4705,956.705,1.22263e-07,50.3371,1203.54,-4.31966e-07,56.9776,1513.81,-1.9705e-07,64.494,1903.69,-2.763e-08,73.0018,2393.4,3.9185e-07,82.6317,3008.13,1.35379e-07,93.5318,3779.25,-4.16351e-08,105.869,4745.7,2.06965e-08,119.834,5955.6,-3.18887e-07,135.641,7468.12,-1.48271e-08,153.531,9355.62,2.00739e-07,173.781,11705.8,2.28358e-07,196.701,14624.1,-1.93587e-08,222.642,18235,-2.88101e-07,252.003,22683.4,-2.24732e-07,285.234,28134,8.56806e-09,322.845,34767,2.34258e-07,365.413,42770.9,2.99668e-07,413.588,52327.9,8.28644e-08,468.111,63591.2,-3.07049e-07,529.814,76653.2,-3.1888e-07,599.642,91502.5,-6.72276e-08,678.662,107975,2.26339e-07,768.083,125705,3.69212e-07,869.267,144088,2.04077e-07,983.76,162277,-2.80509e-07,1113.3,179223,-4.22737e-07,1259.87,193777,-1.71951e-07,1425.68,204839,4.55555e-07,11.7194,11.96,12.6541,2.21263,4.16949,0.989383,2.67766,5.84076,0.311842,3.14343,7.55825,0.0972771,3.63127,9.58578,0.0303237,4.15787,12.0912,0.00945211,4.73731,15.2286,0.00294633,5.38238,19.1721,0.000918508,6.10553,24.134,0.000286163,6.91951,30.3791,8.92692e-05,7.83792,38.2397,2.78121e-05,8.87555,48.1338,8.65134e-06,10.0489,60.5876,2.7882e-06,11.3761,76.2629,8.29036e-07,12.8779,95.9927,2.4373e-07,14.5775,120.825,1e-08,16.5012,152.08,1.75749e-07,18.6784,191.415,1e-08,21.1428,240.917,1.91829e-07,23.9322,303.213,1e-08,27.0895,381.602,7.0186e-08,30.6634,480.231,1e-08,34.7087,604.316,2.40784e-07,39.2876,760.401,9.87368e-08,44.4705,956.705,1.22263e-07,50.3371,1203.54,1e-08,56.9776,1513.81,1e-08,64.494,1903.69,1e-08,73.0018,2393.4,3.9185e-07,82.6317,3008.13,1.35379e-07,93.5318,3779.25,1e-08,105.869,4745.7,2.06965e-08,119.834,5955.6,1e-08,135.641,7468.12,1e-08,153.531,9355.62,2.00739e-07,173.781,11705.8,2.28358e-07,196.701,14624.1,1e-08,222.642,18235,1e-08,252.003,22683.4,1e-08,285.234,28134,1e-08,322.845,34767,2.34258e-07,365.413,42770.9,2.99668e-07,413.588,52327.9,8.28644e-08,468.111,63591.2,1e-08,529.814,76653.2,1e-08,599.642,91502.5,1e-08,678.662,107975,2.26339e-07,768.083,125705,3.69212e-07,869.267,144088,2.04077e-07,983.76,162277,1e-08,1113.3,179223,1e-08,1259.87,193777,1e-08,1425.68,204839,4.55555e-07,6.2823,3.27286,2.43537,0.219672,6.18826,2.24117,0.56371,6.87772,2.63624,0.308279,8,15,22,0,8,1,0,6,0,4,10,0,7,5,0,2,14,0,5,10,0,1,22,0,9,17,0,9,9,0,7,39,0,10,49,0,6,57,0,6,50,0,15,137,0,12,100,0,17,196,0,18,78,0,17,161,0,28,228,0,33,592,0,30,173,0,23,669,0,52,1343,0,66,1280,0,40,1435,0,90,2373,0,70,1687,0,45,2380,0,66,2634,0,144,3105,0,124,3752,0,100,5738,0,97,9349,0,130,7096,0,89,9371,0,116,13287,0,140,12706,0,346,33860,0,300,43339,0,411,39334,0,371,37545,0,585,41530,0,833,33069,0,391,105489,0,645,65758,0,689,98576,0,1093,196444,0,590,118683,0,476,274197,0,1541,75449,0,1156,135957,0,1957,249565,0
-1.05176e+08,1,8.88811e-15,10,1023,0,1.05176e+08,0.528882,1.08665,0.389689,0.145397,0.379329,3.24381,0.161596,0.446195,1.77396,0.159177,1.15e+07,4.49998e+06,6.79999e+06,1.15e+07,4.49997e+06,6.79999e+06,1.15e+07,4.49996e+06,6.79999e+06,1.15e+07,4.49995e+06,6.79999e+06,1.14999e+07,4.49993e+06,6.79999e+06,1.14999e+07,4.49991e+06,6.79999e+06,1.14999e+07,4.49989e+06,6.79999e+06,1.14999e+07,4.49986e+06,6.79999e+06,1.14999e+07,4.49982e+06,6.79999e+06,1.14999e+07,4.49977e+06,6.79999e+06,1.14999e+07,4.49971e+06,6.79999e+06,1.14999e+07,4.49963e+06,6.79999e+06,1.14998e+07,4.49953e+06,6.79999e+06,1.14998e+07,4.49941e+06,6.79999e+06,1.14998e+07,4.49926e+06,6.79999e+06,1.14998e+07,4.49906e+06,6.79999e+06,1.14997e+07,4.49882e+06,6.79999e+06,1.14997e+07,4.49851e+06,6.79999e+06,1.14997e+07,4.49812e+06,6.79999e+06,1.14996e+07,4.49764e+06,6.79999e+06,1.14996e+07,4.49702e+06,6.79999e+06,1.14995e+07,4.49625e+06,6.79999e+06,1.14995e+07,4.49528e+06,6.79999e+06,1.14994e+07,4.49406e+06,6.79999e+06,1.14993e+07,4.49253e+06,6.79999e+06,1.14992e+07,4.49059e+06,6.79999e+06,1.14991e+07,4.48817e+06,6.79999e+06,1.1499e+07,4.48511e+06,6.79999e+06,1.14988e+07,4.48128e+06,6.79999e+06,1.14987e+07,4.47646e+06,6.79999e+06,1.14985e+07,4.47041e+06,6.79999e+06,1.14983e+07,4.46281e+06,6.79999e+06,1.14981e+07,4.4533e+06,6.79999e+06,1.14979e+07,4.44138e+06,6.79999e+06,1.14976e+07,4.42649e+06,6.79999e+06,1.14972e+07,4.40789e+06,6.79999e+06,1.14969e+07,4.38471e+06,6.79999e+06,1.14965e+07,4.35592e+06,6.79999e+06,1.1496e+07,4.32027e+06,6.79999e+06,1.14955e+07,4.27629e+06,6.79999e+06,1.14949e+07,4.22231e+06,6.79999e+06,1.14942e+07,4.15647e+06,6.79999e+06,1.14934e+07,4.07676e+06,6.79999e+06,1.14926e+07,3.98112e+06,6.79999e+06,1.14916e+07,3.86765e+06,6.79999e+06,1.14905e+07,3.73474e+06,6.79999e+06,1.14892e+07,3.58148e+06,6.79999e+06,1.14878e+07,3.40785e+06,6.79999e+06,1.14862e+07,3.21513e+06,6.79999e+06,1.14844e+07,3.00605e+06,6.79999e+06,1.14823e+07,2.7848e+06,6.79999e+06,1.148e+07,2.5568e+06,6.79999e+06,1.14773e+07,2.32825e+06,6.79999e+06,13.5742,8.52444,0.508366,16.8306,13.2585,0.162638,20.0035,17.569,0.0507846,23.2616,22.4214,0.0158319,26.7328,28.3297,0.00493498,30.5212,35.6974,0.00153831,34.7178,44.9473,0.000479527,39.4086,56.5822,0.000149456,44.6796,71.2245,4.66214e-05,50.6209,89.6543,1.45419e-05,57.3297,112.852,4.54748e-06,64.9129,142.051,1.43857e-06,73.4897,178.803,4.36618e-07,83.1934,225.062,1.40153e-07,94.1745,283.286,4.96378e-08,106.602,356.568,1.05434e-07,120.669,448.799,-6.49244e-08,136.59,564.873,1.70148e-07,154.611,710.948,-5.34594e-08,175.008,894.767,1.63407e-07,198.097,1126.06,8.04804e-08,224.231,1417.07,1.14667e-07,253.813,1783.15,-1.71227e-07,287.297,2243.62,-2.88466e-07,325.198,2822.67,-4.33651e-07,368.098,3550.67,7.9318e-08,416.657,4465.65,3.13319e-07,471.621,5615.16,3.4613e-07,533.835,7058.61,-1.19199e-07,604.255,8870.02,-2.79964e-07,683.962,11141.4,-2.30521e-07,774.182,13986.7,-2.55099e-07,876.299,17546.4,1.23585e-07,991.883,21993.1,1.41192e-07,1122.71,27536.7,-9.71886e-08,1270.78,34430.7,-3.68368e-07,1438.38,42977.7,-3.45379e-07,1628.07,53532.7,-3.25328e-09,1842.77,66504.6,2.6362e-07,2085.77,82350.2,2.53445e-07,2360.79,101560,-2.47407e-08,2672.05,124632,-3.80602e-07,3024.31,152018,-4.79005e-07,3422.98,184060,-1.14379e-07,3874.15,220884,2.64297e-07,4384.72,262283,3.44131e-07,4962.49,307576,7.5349e-08,5616.29,355497,-3.63097e-07,6356.1,404126,-6.05442e-07,7193.18,450932,-2.72333e-07,8140.28,492963,2.29675e-07,9211.79,527178,4.3387e-07,10424,550893,-1.0711e-07,10.102,8.06553,2.81012,10.6436,8.57909,0.869423,11.5336,10.2515,0.270869,12.7211,12.7138,0.0844293,14.1823,15.9373,0.0263173,15.9122,20.0383,0.0082035,17.9198,25.2154,0.00255722,20.2244,31.7373,0.000797017,22.8539,39.9486,0.000248622,25.8438,50.2851,7.75492e-05,29.237,63.2963,2.42508e-05,33.0837,79.6738,7.67162e-06,37.4415,100.288,2.32837e-06,42.3767,126.236,7.33e-07,47.9646,158.896,2.79256e-07,54.2906,200.003,9.87351e-09,61.452,251.741,1.61085e-07,69.5585,316.859,-2.47141e-07,78.7347,398.812,8.93552e-08,89.1218,501.948,-2.53231e-07,100.879,631.736,-1.25047e-07,114.188,795.049,-1.78808e-07,129.252,1000.53,2.6733e-07,146.304,1259.03,4.50292e-07,165.605,1584.19,6.76904e-07,187.452,1993.12,-1.23808e-07,212.181,2507.27,-4.89068e-07,240.173,3153.54,-5.40284e-07,271.856,3965.56,1.86061e-07,307.719,4985.38,4.37004e-07,348.313,6265.4,3.59828e-07,394.26,7870.83,3.98192e-07,446.268,9882.51,-1.92908e-07,505.135,12400.3,-2.20392e-07,571.766,15546.9,1.51705e-07,647.184,19472.2,5.74996e-07,732.547,24357.4,5.39112e-07,829.167,30420,5.07815e-09,938.526,37916.3,-4.11492e-07,1062.3,47143.9,-3.9561e-07,1202.4,58439.2,3.86185e-08,1360.96,72169.3,5.94093e-07,1540.42,88715.8,7.47693e-07,1743.53,108445,1.78537e-07,1973.41,131665,-4.12549e-07,2233.57,158557,-5.37164e-07,2528,189103,-1.17615e-07,2861.2,222986,5.66769e-07,3238.27,259510,9.45053e-07,3664.97,297540,4.25093e-07,4147.81,335497,-3.58506e-07,4694.17,371444,-6.7724e-07,5312.37,403256,1.67192e-07,1.61744,3.89446,9.84394,3.28846,7.5504,12.774,5.07607,11.7187,13.6844,7.03202,16.8147,13.9681,9.20215,23.1769,14.0566,11.6301,31.1672,14.0841,14.3598,41.2186,14.0927,17.4376,53.8688,14.0954,20.9137,69.7915,14.0962,24.8432,89.8341,14.0965,29.2879,115.063,14.0966,34.3168,146.819,14.0966,40.0078,186.792,14.0966,46.4487,237.107,14.0966,53.7388,300.44,14.0966,61.9903,380.158,14.0966,71.3301,480.499,14.0966,81.902,606.796,14.0966,93.8685,765.761,14.0966,107.414,965.837,14.0966,122.746,1217.65,14.0966,140.101,1534.57,14.0966,159.745,1933.41,14.0966,181.981,2435.3,14.0966,207.15,3066.85,14.0966,235.64,3861.46,14.0966,267.889,4861.11,14.0966,304.391,6118.54,14.0966,345.709,7699.91,14.0966,392.478,9688.22,14.0966,445.417,12187.5,14.0966,505.339,15327.7,14.0966,573.165,19271.6,14.0966,649.938,24222,14.0966,736.839,30430.9,14.0966,835.202,38211.5,14.0966,946.539,47950.3,14.0966,1072.56,60122.8,14.0966,1215.21,75309.9,14.0966,1376.66,94216.2,14.0966,1559.41,117688,14.0966,1766.26,146729,14.0966,2000.39,182510,14.0966,2265.39,226372,14.0966,2565.33,279806,14.0966,2904.81,344416,14.0966,3289.05,421845,14.0966,3723.93,513667,14.0966,4216.13,621231,14.0966,4773.18,745478,14.0966,5403.64,886744,14.0966,6117.15,1.04457e+06,14.0966,6924.63,1.2176e+06,14.0966,11.7194,11.96,12.6541,13.9321,16.1295,13.6434,16.6097,21.9702,13.9553,19.7532,29.5285,14.0526,23.3844,39.1143,14.0829,27.5423,51.2054,14.0923,32.2796,66.434,14.0953,37.662,85.6061,14.0962,43.7675,109.74,14.0965,50.687,140.119,14.0966,58.5249,178.359,14.0966,67.4005,226.493,14.0966,77.4493,287.08,14.0966,88.8254,363.343,14.0966,101.703,459.336,14.0966,116.281,580.161,14.0966,132.782,732.241,14.0966,151.46,923.655,14.0966,172.603,1164.57,14.0966,196.535,1467.79,14.0966,223.625,1849.39,14.0966,254.288,2329.62,14.0966,288.997,2933.93,14.0966,328.285,3694.33,14.0966,372.755,4651.04,14.0966,423.092,5854.57,14.0966,480.07,7368.38,14.0966,544.564,9272.08,14.0966,617.566,11665.5,14.0966,700.197,14673.6,14.0966,793.729,18452.9,14.0966,899.599,23198.6,14.0966,1019.43,29154.1,14.0966,1155.07,36622.3,14.0966,1308.6,45977.9,14.0966,1482.39,57683.7,14.0966,1679.09,72307.8,14.0966,1901.73,90542.8,14.0966,2153.73,113226,14.0966,2438.97,141360,14.0966,2761.81,176127,14.0966,3127.22,218898,14.0966,3540.81,271226,14.0966,4008.92,334817,14.0966,4538.74,411470,14.0966,5138.38,502973,14.0966,5817.04,610948,14.0966,6585.12,736653,14.0966,7454.39,880741,14.0966,8438.15,1.04302e+06,14.0966,9551.45,1.22224e+06,14.0966,10811.3,1.41602e+06,14.0966,12237,1.62086e+06,14.0966,11.7194,11.96,12.6541,2.21263,4.16949,0.989383,2.67766,5.84076,0.311842,3.14343,7.55825,0.0972771,3.63127,9.58578,0.0303237,4.15787,12.0912,0.00945211,4.73731,15.2286,0.00294633,5.38238,19.1721,0.000918508,6.10553,24.134,0.000286163,6.91951,30.3791,8.92692e-05,7.83792,38.2397,2.78121e-05,8.87555,48.1338,8.65134e-06,10.0489,60.5876,2.7882e-06,11.3761,76.2629,8.29036e-07,12.8779,95.9927,2.4373e-07,14.5775,120.825,4.33068e-09,16.5012,152.08,1.75749e-07,18.6784,191.415,-1.86328e-07,21.1428,240.917,1.91829e-07,23.9322,303.213,-1.81475e-07,27.0895,381.602,7.0186e-08,30.6634,480.231,-2.86769e-08,34.7087,604.316,2.40784e-07,39.2876,760.401,9.87368e-08,44.4705,956.705,1.22263e-07,50.3371,1203.54,-4.31966e-07,56.9776,1513.81,-1.9705e-07,64.494,1903.69,-2.763e-08,73.0018,2393.4,3.9185e-07,82.6317,3008.13,1.35379e-07,93.5318,3779.25,-4.16351e-08,105.869,4745.7,2.06965e-08,119.834,5955.6,-3.18887e-07,135.641,7468.12,-1.48271e-08,153.531,9355.62,2.00739e-07,173.781,11705.8,2.28358e-07,196.701,14624.1,-1.93587e-08,222.642,18235,-2.88101e-07,252.003,22683.4,-2.24732e-07,285.234,28134,8.56806e-09,322.845,34767,2.34258e-07,365.413,42770.9,2.99668e-07,413.588,52327.9,8.28644e-08,468.111,63591.2,-3.07049e-07,529.814,76653.2,-3.1888e-07,599.642,91502.5,-6.72276e-08,678.662,107975,2.26339e-07,768.083,125705,3.69212e-07,869.267,144088,2.04077e-07,983.76,162277,-2.80509e-07,1113.3,179223,-4.22737e-07,1259.87,193777,-1.71951e-07,1425.68,204839,4.55555e-07,11.7194,11.96,12.6541,2.21263,4.16949,0.989383,2.67766,5.84076,0.311842,3.14343,7.55825,0.0972771,3.63127,9.58578,0.0303237,4.15787,12.0912,0.00945211,4.73731,15.2286,0.00294633,5.38238,19.1721,0.000918508,6.10553,24.134,0.000286163,6.91951,30.3791,8.92692e-05,7.83792,38.2397,2.78121e-05,8.87555,48.1338,8.65134e-06,10.0489,60.5876,2.7882e-06,11.3761,76.2629,8.29036e-07,12.8779,95.9927,2.4373e-07,14.5775,120.825,1e-08,16.5012,152.08,1.75749e-07,18.6784,191.415,1e-08,21.1428,240.917,1.91829e-07,23.9322,303.213,1e-08,27.0895,381.602,7.0186e-08,30.6634,480.231,1e-08,34.7087,604.316,2.40784e-07,39.2876,760.401,9.87368e-08,44.4705,956.705,1.22263e-07,50.3371,1203.54,1e-08,56.9776,1513.81,1e-08,64.494,1903.69,1e-08,73.0018,2393.4,3.9185e-07,82.6317,3008.13,1.35379e-07,93.5318,3779.25,1e-08,105.869,4745.7,2.06965e-08,119.834,5955.6,1e-08,135.641,7468.12,1e-08,153.531,9355.62,2.00739e-07,173.781,11705.8,2.28358e-07,196.701,14624.1,1e-08,222.642,18235,1e-08,252.003,22683.4,1e-08,285.234,28134,1e-08,322.845,34767,2.34258e-07,365.413,42770.9,2.99668e-07,413.588,52327.9,8.28644e-08,468.111,63591.2,1e-08,529.814,76653.2,1e-08,599.642,91502.5,1e-08,678.662,107975,2.26339e-07,768.083,125705,3.69212e-07,869.267,144088,2.04077e-07,983.76,162277,1e-08,1113.3,179223,1e-08,1259.87,193777,1e-08,1425.68,204839,4.55555e-07,6.2823,3.27286,2.43537,0.219672,6.18826,2.24117,0.56371,6.87772,2.63624,0.308279,8,15,14,3,2,1,3,13,0,1,2,0,2,22,0,1,9,0,5,7,0,5,25,0,5,15,0,8,19,0,12,22,0,2,93,0,12,74,0,8,160,0,18,129,0,15,121,0,24,225,0,11,149,0,45,144,0,23,199,0,6,189,0,26,592,0,23,381,0,33,765,0,119,1597,0,39,1125,0,71,1221,0,92,1935,0,124,1614,0,63,2095,0,73,3361,0,242,4015,0,145,6274,0,74,2924,0,105,7742,0,198,7629,0,129,15121,0,178,29020,0,295,20614,0,602,10270,0,173,41601,0,345,48397,0,249,108451,0,385,34248,0,379,104992,0,516,111517,0,870,137155,0,698,94824,0,404,193128,0,1053,127767,0,1111,247180,0,1438,244967,0,2228,170712,0
-1.05176e+08,1,8.88811e-15,10,1023,0,1.05176e+08,0.528882,1.08665,0.389689,0.145397,0.379329,3.24381,0.161596,0.446195,1.77396,0.159177,1.15e+07,4.49998e+06,6.79999e+06,1.15e+07,4.49997e+06,6.79999e+06,1.15e+07,4.49996e+06,6.79999e+06,1.15e+07,4.49995e+06,6.79999e+06,1.14999e+07,4.49993e+06,6.79999e+06,1.14999e+07,4.49991e+06,6.79999e+06,1.14999e+07,4.49989e+06,6.79999e+06,1.14999e+07,4.49986e+06,6.79999e+06,1.14999e+07,4.49982e+06,6.79999e+06,1.14999e+07,4.49977e+06,6.79999e+06,1.14999e+07,4.49971e+06,6.79999e+06,1.14999e+07,4.49963e+06,6.79999e+06,1.14998e+07,4.49953e+06,6.79999e+06,1.14998e+07,4.49941e+06,6.79999e+06,1.14998e+07,4.49926e+06,6.79999e+06,1.14998e+07,4.49906e+06,6.79999e+06,1.14997e+07,4.49882e+06,6.79999e+06,1.14997e+07,4.49851e+06,6.79999e+06,1.14997e+07,4.49812e+06,6.79999e+06,1.14996e+07,4.49764e+06,6.79999e+06,1.14996e+07,4.49702e+06,6.79999e+06,1.14995e+07,4.49625e+06,6.79999e+06,1.14995e+07,4.49528e+06,6.79999e+06,1.14994e+07,4.49406e+06,6.79999e+06,1.14993e+07,4.49253e+06,6.79999e+06,1.14992e+07,4.49059e+06,6.79999e+06,1.14991e+07,4.48817e+06,6.79999e+06,1.1499e+07,4.48511e+06,6.79999e+06,1.14988e+07,4.48128e+06,6.79999e+06,1.14987e+07,4.47646e+06,6.79999e+06,1.14985e+07,4.47041e+06,6.79999e+06,1.14983e+07,4.46281e+06,6.79999e+06,1.14981e+07,4.4533e+06,6.79999e+06,1.14979e+07,4.44138e+06,6.79999e+06,1.14976e+07,4.42649e+06,6.79999e+06,1.14972e+07,4.40789e+06,6.79999e+06,1.14969e+07,4.38471e+06,6.79999e+06,1.14965e+07,4.35592e+06,6.79999e+06,1.1496e+07,4.32027e+06,6.79999e+06,1.14955e+07,4.27629e+06,6.79999e+06,1.14949e+07,4.22231e+06,6.79999e+06,1.14942e+07,4.15647e+06,6.79999e+06,1.14934e+07,4.07676e+06,6.79999e+06,1.14926e+07,3.98112e+06,6.79999e+06,1.14916e+07,3.86765e+06,6.79999e+06,1.14905e+07,3.73474e+06,6.79999e+06,1.14892e+07,3.58148e+06,6.79999e+06,1.14878e+07,3.40785e+06,6.79999e+06,1.14862e+07,3.21513e+06,6.79999e+06,1.14844e+07,3.00605e+06,6.79999e+06,1.14823e+07,2.7848e+06,6.79999e+06,1.148e+07,2.5568e+06,6.79999e+06,1.14773e+07,2.32825e+06,6.79999e+06,13.5742,8.52444,0.508366,16.8306,13.2585,0.162638,20.0035,17.569,0.0507846,23.2616,22.4214,0.0158319,26.7328,28.3297,0.00493498,30.5212,35.6974,0.00153831,34.7178,44.9473,0.000479527,39.4086,56.5822,0.000149456,44.6796,71.2245,4.66214e-05,50.6209,89.6543,1.45419e-05,57.3297,112.852,4.54748e-06,64.9129,142.051,1.43857e-06,73.4897,178.803,4.36618e-07,83.1934,225.062,1.40153e-07,94.1745,283.286,4.96378e-08,106.602,356.568,1.05434e-07,120.669,448.799,-6.49244e-08,136.59,564.873,1.70148e-07,154.611,710.948,-5.34594e-08,175.008,894.767,1.63407e-07,198.097,1126.06,8.04804e-08,224.231,1417.07,1.14667e-07,253.813,1783.15,-1.71227e-07,287.297,2243.62,-2.88466e-07,325.198,2822.67,-4.33651e-07,368.098,3550.67,7.9318e-08,416.657,4465.65,3.13319e-07,471.621,5615.16,3.4613e-07,533.835,7058.61,-1.19199e-07,604.255,8870.02,-2.79964e-07,683.962,11141.4,-2.30521e-07,774.182,13986.7,-2.55099e-07,876.299,17546.4,1.23585e-07,991.883,21993.1,1.41192e-07,1122.71,27536.7,-9.71886e-08,1270.78,34430.7,-3.68368e-07,1438.38,42977.7,-3.45379e-07,1628.07,53532.7,-3.25328e-09,1842.77,66504.6,2.6362e-07,2085.77,82350.2,2.53445e-07,2360.79,101560,-2.47407e-08,2672.05,124632,-3.80602e-07,3024.31,152018,-4.79005e-07,3422.98,184060,-1.14379e-07,3874.15,220884,2.64297e-07,4384.72,262283,3.44131e-07,4962.49,307576,7.5349e-08,5616.29,355497,-3.63097e-07,6356.1,404126,-6.05442e-07,7193.18,450932,-2.72333e-07,8140.28,492963,2.29675e-07,9211.79,527178,4.3387e-07,10424,550893,-1.0711e-07,10.102,8.06553,2.81012,10.6436,8.57909,0.869423,11.5336,10.2515,0.270869,12.7211,12.7138,0.0844293,14.1823,15.9373,0.0263173,15.9122,20.0383,0.0082035,17.9198,25.2154,0.00255722,20.2244,31.7373,0.000797017,22.8539,39.9486,0.000248622,25.8438,50.2851,7.75492e-05,29.237,63.2963,2.42508e-05,33.0837,79.6738,7.67162e-06,37.4415,100.288,2.32837e-06,42.3767,126.236,7.33e-07,47.9646,158.896,2.79256e-07,54.2906,200.003,9.87351e-09,61.452,251.741,1.61085e-07,69.5585,316.859,-2.47141e-07,78.7347,398.812,8.93552e-08,89.1218,501.948,-2.53231e-07,100.879,631.736,-1.25047e-07,114.188,795.049,-1.78808e-07,129.252,1000.53,2.6733e-07,146.304,1259.03,4.50292e-07,165.605,1584.19,6.76904e-07,187.452,1993.12,-1.23808e-07,212.181,2507.27,-4.89068e-07,240.173,3153.54,-5.40284e-07,271.856,3965.56,1.86061e-07,307.719,4985.38,4.37004e-07,348.313,6265.4,3.59828e-07,394.26,7870.83,3.98192e-07,446.268,9882.51,-1.92908e-07,505.135,12400.3,-2.20392e-07,571.766,15546.9,1.51705e-07,647.184,19472.2,5.74996e-07,732.547,24357.4,5.39112e-07,829.167,30420,5.07815e-09,938.526,37916.3,-4.11492e-07,1062.3,47143.9,-3.9561e-07,1202.4,58439.2,3.86185e-08,1360.96,72169.3,5.94093e-07,1540.42,88715.8,7.47693e-07,1743.53,108445,1.78537e-07,1973.41,131665,-4.12549e-07,2233.57,158557,-5.37164e-07,2528,189103,-1.17615e-07,2861.2,222986,5.66769e-07,3238.27,259510,9.45053e-07,3664.97,297540,4.25093e-07,4147.81,335497,-3.58506e-07,4694.17,371444,-6.7724e-07,5312.37,403256,1.67192e-07,1.61744,3.89446,9.84394,3.28846,7.5504,12.774,5.07607,11.7187,13.6844,7.03202,16.8147,13.9681,9.20215,23.1769,14.0566,11.6301,31.1672,14.0841,14.3598,41.2186,14.0927,17.4376,53.8688,14.0954,20.9137,69.7915,14.0962,24.8432,89.8341,14.0965,29.2879,115.063,14.0966,34.3168,146.819,14.0966,40.0078,186.792,14.0966,46.4487,237.107,14.0966,53.7388,300.44,14.0966,61.9903,380.158,14.0966,71.3301,480.499,14.0966,81.902,606.796,14.0966,93.8685,765.761,14.0966,107.414,965.837,14.0966,122.746,1217.65,14.0966,140.101,1534.57,14.0966,159.745,1933.41,14.0966,181.981,2435.3,14.0966,207.15,3066.85,14.0966,235.64,3861.46,14.0966,267.889,4861.11,14.0966,304.391,6118.54,14.0966,345.709,7699.91,14.0966,392.478,9688.22,14.0966,445.417,12187.5,14.0966,505.339,15327.7,14.0966,573.165,19271.6,14.0966,649.938,24222,14.0966,736.839,30430.9,14.0966,835.202,38211.5,14.0966,946.539,47950.3,14.0966,1072.56,60122.8,14.0966,1215.21,75309.9,14.0966,1376.66,94216.2,14.0966,1559.41,117688,14.0966,1766.26,146729,14.0966,2000.39,182510,14.0966,2265.39,226372,14.0966,2565.33,279806,14.0966,2904.81,344416,14.0966,3289.05,421845,14.0966,3723.93,513667,14.0966,4216.13,621231,14.0966,4773.18,745478,14.0966,5403.64,886744,14.0966,6117.15,1.04457e+06,14.0966,6924.63,1.2176e+06,14.0966,11.7194,11.96,12.6541,13.9321,16.1295,13.6434,16.6097,21.9702,13.9553,19.7532,29.5285,14.0526,23.3844,39.1143,14.0829,27.5423,51.2054,14.0923,32.2796,66.434,14.0953,37.662,85.6061,14.0962,43.7675,109.74,14.0965,50.687,140.119,14.0966,58.5249,178.359,14.0966,67.4005,226.493,14.0966,77.4493,287.08,14.0966,88.8254,363.343,14.0966,101.703,459.336,14.0966,116.281,580.161,14.0966,132.782,732.241,14.0966,151.46,923.655,14.0966,172.603,1164.57,14.0966,196.535,1467.79,14.0966,223.625,1849.39,14.0966,254.288,2329.62,14.0966,288.997,2933.93,14.0966,328.285,3694.33,14.0966,372.755,4651.04,14.0966,423.092,5854.57,14.0966,480.07,7368.38,14.0966,544.564,9272.08,14.0966,617.566,11665.5,14.0966,700.197,14673.6,14.0966,793.729,18452.9,14.0966,899.599,23198.6,14.0966,1019.43,29154.1,14.0966,1155.07,36622.3,14.0966,1308.6,45977.9,14.0966,1482.39,57683.7,14.0966,1679.09,72307.8,14.0966,1901.73,90542.8,14.0966,2153.73,113226,14.0966,2438.97,141360,14.0966,2761.81,176127,14.0966,3127.22,218898,14.0966,3540.81,271226,14.0966,4008.92,334817,14.0966,4538.74,411470,14.0966,5138.38,502973,14.0966,5817.04,610948,14.0966,6585.12,736653,14.0966,7454.39,880741,14.0966,8438.15,1.04302e+06,14.0966,9551.45,1.22224e+06,14.0966,10811.3,1.41602e+06,14.0966,12237,1.62086e+06,14.0966,11.7194,11.96,12.6541,2.21263,4.16949,0.989383,2.67766,5.84076,0.311842,3.14343,7.55825,0.0972771,3.63127,9.58578,0.0303237,4.15787,12.0912,0.00945211,4.73731,15.2286,0.00294633,5.38238,19.1721,0.000918508,6.10553,24.134,0.000286163,6.91951,30.3791,8.92692e-05,7.83792,38.2397,2.78121e-05,8.87555,48.1338,8.65134e-06,10.0489,60.5876,2.7882e-06,11.3761,76.2629,8.29036e-07,12.8779,95.9927,2.4373e-07,14.5775,120.825,4.33068e-09,16.5012,152.08,1.75749e-07,18.6784,191.415,-1.86328e-07,21.1428,240.917,1.91829e-07,23.9322,303.213,-1.81475e-07,27.0895,381.602,7.0186e-08,30.6634,480.231,-2.86769e-08,34.7087,604.316,2.40784e-07,39.2876,760.401,9.87368e-08,44.4705,956.705,1.22263e-07,50.3371,1203.54,-4.31966e-07,56.9776,1513.81,-1.9705e-07,64.494,1903.69,-2.763e-08,73.0018,2393.4,3.9185e-07,82.6317,3008.13,1.35379e-07,93.5318,3779.25,-4.16351e-08,105.869,4745.7,2.06965e-08,119.834,5955.6,-3.18887e-07,135.641,7468.12,-1.48271e-08,153.531,9355.62,2.00739e-07,173.781,11705.8,2.28358e-07,196.701,14624.1,-1.93587e-08,222.642,18235,-2.88101e-07,252.003,22683.4,-2.24732e-07,285.234,28134,8.56806e-09,322.845,34767,2.34258e-07,365.413,42770.9,2.99668e-07,413.588,52327.9,8.28644e-08,468.111,63591.2,-3.07049e-07,529.814,76653.2,-3.1888e-07,599.642,91502.5,-6.72276e-08,678.662,107975,2.26339e-07,768.083,125705,3.69212e-07,869.267,144088,2.04077e-07,983.76,162277,-2.80509e-07,1113.3,179223,-4.22737e-07,1259.87,193777,-1.71951e-07,1425.68,204839,4.55555e-07,11.7194,11.96,12.6541,2.21263,4.16949,0.989383,2.67766,5.84076,0.311842,3.14343,7.55825,0.0972771,3.63127,9.58578,0.0303237,4.15787,12.0912,0.00945211,4.73731,15.2286,0.00294633,5.38238,19.1721,0.000918508,6.10553,24.134,0.000286163,6.91951,30.3791,8.92692e-05,7.83792,38.2397,2.78121e-05,8.87555,48.1338,8.65134e-06,10.0489,60.5876,2.7882e-06,11.3761,76.2629,8.29036e-07,12.8779,95.9927,2.4373e-07,14.5775,120.825,1e-08,16.5012,152.08,1.75749e-07,18.6784,191.415,1e-08,21.1428,240.917,1.91829e-07,23.9322,303.213,1e-08,27.0895,381.602,7.0186e-08,30.6634,480.231,1e-08,34.7087,604.316,2.40784e-07,39.2876,760.401,9.87368e-08,44.4705,956.705,1.22263e-07,50.3371,1203.54,1e-08,56.9776,1513.81,1e-08,64.494,1903.69,1e-08,73.0018,2393.4,3.9185e-07,82.6317,3008.13,1.35379e-07,93.5318,3779.25,1e-08,105.869,4745.7,2.06965e-08,119.834,5955.6,1e-08,135.641,7468.12,1e-08,153.531,9355.62,2.00739e-07,173.781,11705.8,2.28358e-07,196.701,14624.1,1e-08,222.642,18235,1e-08,252.003,22683.4,1e-08,285.234,28134,1e-08,322.845,34767,2.34258e-07,365.413,42770.9,2.99668e-07,413.588,52327.9,8.28644e-08,468.111,63591.2,1e-08,529.814,76653.2,1e-08,599.642,91502.5,1e-08,678.662,107975,2.26339e-07,768.083,125705,3.69212e-07,869.267,144088,2.04077e-07,983.76,162277,1e-08,1113.3,179223,1e-08,1259.87,193777,1e-08,1425.68,204839,4.55555e-07,6.2823,3.27286,2.43537,0.219672,6.18826,2.24117,0.56371,6.87772,2.63624,0.308279,32,18,8,2,11,1,1,5,1,2,3,0,4,13,0,3,29,0,1,14,0,7,14,0,3,30,0,7,45,0,6,45,0,11,41,0,16,59,0,17,37,0,19,103,0,8,102,0,16,132,0,17,139,0,10,380,0,37,254,0,12,179,0,31,572,0,55,389,0,45,545,0,27,1843,0,95,818,0,80,1126,0,70,1140,0,64,2157,0,60,3253,0,94,2868,0,84,6470,0,129,5289,0,97,7184,0,168,11196,0,205,18285,0,248,6037,0,431,13623,0,210,12921,0,193,20538,0,218,46030,0,497,55166,0,542,42667,0,341,116254,0,281,94166,0,514,31460,0,682,103091,0,746,192750,0,629,232794,0,1106,228661,0,707,247040,0,1095,269677,0,1088,319739,0
-1.05176e+08,1,8.88811e-15,10,1023,0,1.05176e+08,0.528882,1.08665,0.389689,0.145397,0.379329,3.24381,0.161596,0.446195,1.77396,0.159177,1.15e+07,4.49998e+06,6.79999e+06,1.15e+07,4.49997e+06,6.79999e+06,1.15e+07,4.49996e+06,6.79999e+06,1.15e+07,4.49995e+06,6.79999e+06,1.14999e+07,4.49993e+06,6.79999e+06,1.14999e+07,4.49991e+06,6.79999e+06,1.14999e+07,4.49989e+06,6.79999e+06,1.14999e+07,4.49986e+06,6.79999e+06,1.14999e+07,4.49982e+06,6.79999e+06,1.14999e+07,4.49977e+06,6.79999e+06,1.14999e+07,4.49971e+06,6.79999e+06,1.14999e+07,4.49963e+06,6.79999e+06,1.14998e+07,4.49953e+06,6.79999e+06,1.14998e+07,4.49941e+06,6.79999e+06,1.14998e+07,4.49926e+06,6.79999e+06,1.14998e+07,4.49906e+06,6.79999e+06,1.14997e+07,4.49882e+06,6.79999e+06,1.14997e+07,4.49851e+06,6.79999e+06,1.14997e+07,4.49812e+06,6.79999e+06,1.14996e+07,4.49764e+06,6.79999e+06,1.14996e+07,4.49702e+06,6.79999e+06,1.14995e+07,4.49625e+06,6.79999e+06,1.14995e+07,4.49528e+06,6.79999e+06,1.14994e+07,4.49406e+06,6.79999e+06,1.14993e+07,4.49253e+06,6.79999e+06,1.14992e+07,4.49059e+06,6.79999e+06,1.14991e+07,4.48817e+06,6.79999e+06,1.1499e+07,4.48511e+06,6.79999e+06,1.14988e+07,4.48128e+06,6.79999e+06,1.14987e+07,4.47646e+06,6.79999e+06,1.14985e+07,4.47041e+06,6.79999e+06,1.14983e+07,4.46281e+06,6.79999e+06,1.14981e+07,4.4533e+06,6.79999e+06,1.14979e+07,4.44138e+06,6.79999e+06,1.14976e+07,4.42649e+06,6.79999e+06,1.14972e+07,4.40789e+06,6.79999e+06,1.14969e+07,4.38471e+06,6.79999e+06,1.14965e+07,4.35592e+06,6.79999e+06,1.1496e+07,4.32027e+06,6.79999e+06,1.14955e+07,4.27629e+06,6.79999e+06,1.14949e+07,4.22231e+06,6.79999e+06,1.14942e+07,4.15647e+06,6.79999e+06,1.14934e+07,4.07676e+06,6.79999e+06,1.14926e+07,3.98112e+06,6.79999e+06,1.14916e+07,3.86765e+06,6.79999e+06,1.14905e+07,3.73474e+06,6.79999e+06,1.14892e+07,3.58148e+06,6.79999e+06,1.14878e+07,3.40785e+06,6.79999e+06,1.14862e+07,3.21513e+06,6.79999e+06,1.14844e+07,3.00605e+06,6.79999e+06,1.14823e+07,2.7848e+06,6.79999e+06,1.148e+07,2.5568e+06,6.79999e+06,1.14773e+07,2.32825e+06,6.79999e+06,13.5742,8.52444,0.508366,16.8306,13.2585,0.162638,20.0035,17.569,0.0507846,23.2616,22.4214,0.0158319,26.7328,28.3297,0.00493498,30.5212,35.6974,0.00153831,34.7178,44.9473,0.000479527,39.4086,56.5822,0.000149456,44.6796,71.2245,4.66214e-05,50.6209,89.6543,1.45419e-05,57.3297,112.852,4.54748e-06,64.9129,142.051,1.43857e-06,73.4897,178.803,4.36618e-07,83.1934,225.062,1.40153e-07,94.1745,283.286,4.96378e-08,106.602,356.568,1.05434e-07,120.669,448.799,-6.49244e-08,136.59,564.873,1.70148e-07,154.611,710.948,-5.34594e-08,175.008,894.767,1.63407e-07,198.097,1126.06,8.04804e-08,224.231,1417.07,1.14667e-07,253.813,1783.15,-1.71227e-07,287.297,2243.62,-2.88466e-07,325.198,2822.67,-4.33651e-07,368.098,3550.67,7.9318e-08,416.657,4465.65,3.13319e-07,471.621,5615.16,3.4613e-07,533.835,7058.61,-1.19199e-07,604.255,8870.02,-2.79964e-07,683.962,11141.4,-2.30521e-07,774.182,13986.7,-2.55099e-07,876.299,17546.4,1.23585e-07,991.883,21993.1,1.41192e-07,1122.71,27536.7,-9.71886e-08,1270.78,34430.7,-3.68368e-07,1438.38,42977.7,-3.45379e-07,1628.07,53532.7,-3.25328e-09,1842.77,66504.6,2.6362e-07,2085.77,82350.2,2.53445e-07,2360.79,101560,-2.47407e-08,2672.05,124632,-3.80602e-07,3024.31,152018,-4.79005e-07,3422.98,184060,-1.14379e-07,3874.15,220884,2.64297e-07,4384.72,262283,3.44131e-07,4962.49,307576,7.5349e-08,5616.29,355497,-3.63097e-07,6356.1,404126,-6.05442e-07,7193.18,450932,-2.72333e-07,8140.28,492963,2.29675e-07,9211.79,527178,4.3387e-07,10424,550893,-1.0711e-07,10.102,8.06553,2.81012,10.6436,8.57909,0.869423,11.5336,10.2515,0.270869,12.7211,12.7138,0.0844293,14.1823,15.9373,0.0263173,15.9122,20.0383,0.0082035,17.9198,25.2154,0.00255722,20.2244,31.7373,0.000797017,22.8539,39.9486,0.000248622,25.8438,50.2851,7.75492e-05,29.237,63.2963,2.42508e-05,33.0837,79.6738,7.67162e-06,37.4415,100.288,2.32837e-06,42.3767,126.236,7.33e-07,47.9646,158.896,2.79256e-07,54.2906,200.003,9.87351e-09,61.452,251.741,1.61085e-07,69.5585,316.859,-2.47141e-07,78.7347,398.812,8.93552e-08,89.1218,501.948,-2.53231e-07,100.879,631.736,-1.25047e-07,114.188,795.049,-1.78808e-07,129.252,1000.53,2.6733e-07,146.304,1259.03,4.50292e-07,165.605,1584.19,6.76904e-07,187.452,1993.12,-1.23808e-07,212.181,2507.27,-4.89068e-07,240.173,3153.54,-5.40284e-07,271.856,3965.56,1.86061e-07,307.719,4985.38,4.37004e-07,348.313,6265.4,3.59828e-07,394.26,7870.83,3.98192e-07,446.268,9882.51,-1.92908e-07,505.135,12400.3,-2.20392e-07,571.766,15546.9,1.51705e-07,647.184,19472.2,5.74996e-07,732.547,24357.4,5.39112e-07,829.167,30420,5.07815e-09,938.526,37916.3,-4.11492e-07,1062.3,47143.9,-3.9561e-07,1202.4,58439.2,3.86185e-08,1360.96,72169.3,5.94093e-07,1540.42,88715.8,7.47693e-07,1743.53,108445,1.78537e-07,1973.41,131665,-4.12549e-07,2233.57,158557,-5.37164e-07,2528,189103,-1.17615e-07,2861.2,222986,5.66769e-07,3238.27,259510,9.45053e-07,3664.97,297540,4.25093e-07,4147.81,335497,-3.58506e-07,4694.17,371444,-6.7724e-07,5312.37,403256,1.67192e-07,1.61744,3.89446,9.84394,3.28846,7.5504,12.774,5.07607,11.7187,13.6844,7.03202,16.8147,13.9681,9.20215,23.1769,14.0566,11.6301,31.1672,14.0841,14.3598,41.2186,14.0927,17.4376,53.8688,14.0954,20.9137,69.7915,14.0962,24.8432,89.8341,14.0965,29.2879,115.063,14.0966,34.3168,146.819,14.0966,40.0078,186.792,14.0966,46.4487,237.107,14.0966,53.7388,300.44,14.0966,61.9903,380.158,14.0966,71.3301,480.499,14.0966,81.902,606.796,14.0966,93.8685,765.761,14.0966,107.414,965.837,14.0966,122.746,1217.65,14.0966,140.101,1534.57,14.0966,159.745,1933.41,14.0966,181.981,2435.3,14.0966,207.15,3066.85,14.0966,235.64,3861.46,14.0966,267.889,4861.11,14.0966,304.391,6118.54,14.0966,345.709,7699.91,14.0966,392.478,9688.22,14.0966,445.417,12187.5,14.0966,505.339,15327.7,14.0966,573.165,19271.6,14.0966,649.938,24222,14.0966,736.839,30430.9,14.0966,835.202,38211.5,14.0966,946.539,47950.3,14.0966,1072.56,60122.8,14.0966,1215.21,75309.9,14.0966,1376.66,94216.2,14.0966,1559.41,117688,14.0966,1766.26,146729,14.0966,2000.39,182510,14.0966,2265.39,226372,14.0966,2565.33,279806,14.0966,2904.81,344416,14.0966,3289.05,421845,14.0966,3723.93,513667,14.0966,4216.13,621231,14.0966,4773.18,745478,14.0966,5403.64,886744,14.0966,6117.15,1.04457e+06,14.0966,6924.63,1.2176e+06,14.0966,11.7194,11.96,12.6541,13.9321,16.1295,13.6434,16.6097,21.9702,13.9553,19.7532,29.5285,14.0526,23.3844,39.1143,14.0829,27.5423,51.2054,14.0923,32.2796,66.434,14.0953,37.662,85.6061,14.0962,43.7675,109.74,14.0965,50.687,140.119,14.0966,58.5249,178.359,14.0966,67.4005,226.493,14.0966,77.4493,287.08,14.0966,88.8254,363.343,14.0966,101.703,459.336,14.0966,116.281,580.161,14.0966,132.782,732.241,14.0966,151.46,923.655,14.0966,172.603,1164.57,14.0966,196.535,1467.79,14.0966,223.625,1849.39,14.0966,254.288,2329.62,14.0966,288.997,2933.93,14.0966,328.285,3694.33,14.0966,372.755,4651.04,14.0966,423.092,5854.57,14.0966,480.07,7368.38,14.0966,544.564,9272.08,14.0966,617.566,11665.5,14.0966,700.197,14673.6,14.0966,793.729,18452.9,14.0966,899.599,23198.6,14.0966,1019.43,29154.1,14.0966,1155.07,36622.3,14.0966,1308.6,45977.9,14.0966,1482.39,57683.7,14.0966,1679.09,72307.8,14.0966,1901.73,90542.8,14.0966,2153.73,113226,14.0966,2438.97,141360,14.0966,2761.81,176127,14.0966,3127.22,218898,14.0966,3540.81,271226,14.0966,4008.92,334817,14.0966,4538.74,411470,14.0966,5138.38,502973,14.0966,5817.04,610948,14.0966,6585.12,736653,14.0966,7454.39,880741,14.0966,8438.15,1.04302e+06,14.0966,9551.45,1.22224e+06,14.0966,10811.3,1.41602e+06,14.0966,12237,1.62086e+06,14.0966,11.7194,11.96,12.6541,2.21263,4.16949,0.989383,2.67766,5.84076,0.311842,3.14343,7.55825,0.0972771,3.63127,9.58578,0.0303237,4.15787,12.0912,0.00945211,4.73731,15.2286,0.00294633,5.38238,19.1721,0.000918508,6.10553,24.134,0.000286163,6.91951,30.3791,8.92692e-05,7.83792,38.2397,2.78121e-05,8.87555,48.1338,8.65134e-06,10.0489,60.5876,2.7882e-06,11.3761,76.2629,8.29036e-07,12.8779,95.9927,2.4373e-07,14.5775,120.825,4.33068e-09,16.5012,152.08,1.75749e-07,18.6784,191.415,-1.86328e-07,21.1428,240.917,1.91829e-07,23.9322,303.213,-1.81475e-07,27.0895,381.602,7.0186e-08,30.6634,480.231,-2.86769e-08,34.7087,604.316,2.40784e-07,39.2876,760.401,9.87368e-08,44.4705,956.705,1.22263e-07,50.3371,1203.54,-4.31966e-07,56.9776,1513.81,-1.9705e-07,64.494,1903.69,-2.763e-08,73.0018,2393.4,3.9185e-07,82.6317,3008.13,1.35379e-07,93.5318,3779.25,-4.16351e-08,105.869,4745.7,2.06965e-08,119.834,5955.6,-3.18887e-07,135.641,7468.12,-1.48271e-08,153.531,9355.62,2.00739e-07,173.781,11705.8,2.28358e-07,196.701,14624.1,-1.93587e-08,222.642,18235,-2.88101e-07,252.003,22683.4,-2.24732e-07,285.234,28134,8.56806e-09,322.845,34767,2.34258e-07,365.413,42770.9,2.99668e-07,413.588,52327.9,8.28644e-08,468.111,63591.2,-3.07049e-07,529.814,76653.2,-3.1888e-07,599.642,91502.5,-6.72276e-08,678.662,107975,2.26339e-07,768.083,125705,3.69212e-07,869.267,144088,2.04077e-07,983.76,162277,-2.80509e-07,1113.3,179223,-4.22737e-07,1259.87,193777,-1.71951e-07,1425.68,204839,4.55555e-07,11.7194,11.96,12.6541,2.21263,4.16949,0.989383,2.67766,5.84076,0.311842,3.14343,7.55825,0.0972771,3.63127,9.58578,0.0303237,4.15787,12.0912,0.00945211,4.73731,15.2286,0.00294633,5.38238,19.1721,0.000918508,6.10553,24.134,0.000286163,6.91951,30.3791,8.92692e-05,7.83792,38.2397,2.78121e-05,8.87555,48.1338,8.65134e-06,10.0489,60.5876,2.7882e-06,11.3761,76.2629,8.29036e-07,12.8779,95.9927,2.4373e-07,14.5775,120.825,1e-08,16.5012,152.08,1.75749e-07,18.6784,191.415,1e-08,21.1428,240.917,1.91829e-07,23.9322,303.213,1e-08,27.0895,381.602,7.0186e-08,30.6634,480.231,1e-08,34.7087,604.316,2.40784e-07,39.2876,760.401,9.87368e-08,44.4705,956.705,1.22263e-07,50.3371,1203.54,1e-08,56.9776,1513.81,1e-08,64.494,1903.69,1e-08,73.0018,2393.4,3.9185e-07,82.6317,3008.13,1.35379e-07,93.5318,3779.25,1e-08,105.869,4745.7,2.06965e-08,119.834,5955.6,1e-08,135.641,7468.12,1e-08,153.531,9355.62,2.00739e-07,173.781,11705.8,2.28358e-07,196.701,14624.1,1e-08,222.642,18235,1e-08,252.003,22683.4,1e-08,285.234,28134,1e-08,322.845,34767,2.34258e-07,365.413,42770.9,2.99668e-07,413.588,52327.9,8.28644e-08,468.111,63591.2,1e-08,529.814,76653.2,1e-08,599.642,91502.5,1e-08,678.662,107975,2.26339e-07,768.083,125705,3.69212e-07,869.267,144088,2.04077e-07,983.76,162277,1e-08,1113.3,179223,1e-08,1259.87,193777,1e-08,1425.68,204839,4.55555e-07,6.2823,3.27286,2.43537,0.219672,6.18826,2.24117,0.56371,6.87772,2.63624,0.308279,2,1,21,2,4,2,3,3,1,0,2,0,4,15,0,7,18,0,7,13,0,4,4,0,7,25,0,5,23,0,14,43,0,12,64,0,8,47,0,21,94,0,4,70,0,16,93,0,18,137,0,19,178,0,30,378,0,8,222,0,7,629,0,31,187,0,12,621,0,36,442,0,52,705,0,32,1383,0,39,1717,0,45,1646,0,61,1670,0,62,2666,0,100,4137,0,80,4119,0,55,5049,0,240,9549,0,53,30020,0,288,6083,0,113,7670,0,581,32510,0,651,30357,0,279,25759,0,236,16106,0,227,68129,0,343,46181,0,577,156981,0,371,122240,0,404,79364,0,1720,107101,0,977,81600,0,765,81932,0,351,211470,0,1426,158130,0,994,241062,0,1073,99889,0
-1.05176e+08,1,8.88811e-15,10,1023,0,1.05176e+08,0.528882,1.08665,0.389689,0.145397,0.379329,3.24381,0.161596,0.446195,1.77396,0.159177,1.15e+07,4.49998e+06,6.79999e+06,1.15e+07,4.49997e+06,6.79999e+06,1.15e+07,4.49996e+06,6.79999e+06,1.15e+07,4.49995e+06,6.79999e+06,1.14999e+07,4.49993e+06,6.79999e+06,1.14999e+07,4.49991e+06,6.79999e+06,1.14999e+07,4.49989e+06,6.79999e+06,1.14999e+07,4.49986e+06,6.79999e+06,1.14999e+07,4.49982e+06,6.79999e+06,1.14999e+07,4.49977e+06,6.79999e+06,1.14999e+07,4.49971e+06,6.79999e+06,1.14999e+07,4.49963e+06,6.79999e+06,1.14998e+07,4.49953e+06,6.79999e+06,1.14998e+07,4.49941e+06,6.79999e+06,1.14998e+07,4.49926e+06,6.79999e+06,1.14998e+07,4.49906e+06,6.79999e+06,1.14997e+07,4.49882e+06,6.79999e+06,1.14997e+07,4.49851e+06,6.79999e+06,1.14997e+07,4.49812e+06,6.79999e+06,1.14996e+07,4.49764e+06,6.79999e+06,1.14996e+07,4.49702e+06,6.79999e+06,1.14995e+07,4.49625e+06,6.79999e+06,1.14995e+07,4.49528e+06,6.79999e+06,1.14994e+07,4.49406e+06,6.79999e+06,1.14993e+07,4.49253e+06,6.79999e+06,1.14992e+07,4.49059e+06,6.79999e+06,1.14991e+07,4.48817e+06,6.79999e+06,1.1499e+07,4.48511e+06,6.79999e+06,1.14988e+07,4.48128e+06,6.79999e+06,1.14987e+07,4.47646e+06,6.79999e+06,1.14985e+07,4.47041e+06,6.79999e+06,1.14983e+07,4.46281e+06,6.79999e+06,1.14981e+07,4.4533e+06,6.79999e+06,1.14979e+07,4.44138e+06,6.79999e+06,1.14976e+07,4.42649e+06,6.79999e+06,1.14972e+07,4.40789e+06,6.79999e+06,1.14969e+07,4.38471e+06,6.79999e+06,1.14965e+07,4.35592e+06,6.79999e+06,1.1496e+07,4.32027e+06,6.79999e+06,1.14955e+07,4.27629e+06,6.79999e+06,1.14949e+07,4.22231e+06,6.79999e+06,1.14942e+07,4.15647e+06,6.79999e+06,1.14934e+07,4.07676e+06,6.79999e+06,1.14926e+07,3.98112e+06,6.79999e+06,1.14916e+07,3.86765e+06,6.79999e+06,1.14905e+07,3.73474e+06,6.79999e+06,1.14892e+07,3.58148e+06,6.79999e+06,1.14878e+07,3.40785e+06,6.79999e+06,1.14862e+07,3.21513e+06,6.79999e+06,1.14844e+07,3.00605e+06,6.79999e+06,1.14823e+07,2.7848e+06,6.79999e+06,1.148e+07,2.5568e+06,6.79999e+06,1.14773e+07,2.32825e+06,6.79999e+06,13.5742,8.52444,0.508366,16.8306,13.2585,0.162638,20.0035,17.569,0.0507846,23.2616,22.4214,0.0158319,26.7328,28.3297,0.00493498,30.5212,35.6974,0.00153831,34.7178,44.9473,0.000479527,39.4086,56.5822,0.000149456,44.6796,71.2245,4.66214e-05,50.6209,89.6543,1.45419e-05,57.3297,112.852,4.54748e-06,64.9129,142.051,1.43857e-06,73.4897,178.803,4.36618e-07,83.1934,225.062,1.40153e-07,94.1745,283.286,4.96378e-08,106.602,356.568,1.05434e-07,120.669,448.799,-6.49244e-08,136.59,564.873,1.70148e-07,154.611,710.948,-5.34594e-08,175.008,894.767,1.63407e-07,198.097,1126.06,8.04804e-08,224.231,1417.07,1.14667e-07,253.813,1783.15,-1.71227e-07,287.297,2243.62,-2.88466e-07,325.198,2822.67,-4.33651e-07,368.098,3550.67,7.9318e-08,416.657,4465.65,3.13319e-07,471.621,5615.16,3.4613e-07,533.835,7058.61,-1.19199e-07,604.255,8870.02,-2.79964e-07,683.962,11141.4,-2.30521e-07,774.182,13986.7,-2.55099e-07,876.299,17546.4,1.23585e-07,991.883,21993.1,1.41192e-07,1122.71,27536.7,-9.71886e-08,1270.78,34430.7,-3.68368e-07,1438.38,42977.7,-3.45379e-07,1628.07,53532.7,-3.25328e-09,1842.77,66504.6,2.6362e-07,2085.77,82350.2,2.53445e-07,2360.79,101560,-2.47407e-08,2672.05,124632,-3.80602e-07,3024.31,152018,-4.79005e-07,3422.98,184060,-1.14379e-07,3874.15,220884,2.64297e-07,4384.72,262283,3.44131e-07,4962.49,307576,7.5349e-08,5616.29,355497,-3.63097e-07,6356.1,404126,-6.05442e-07,7193.18,450932,-2.72333e-07,8140.28,492963,2.29675e-07,9211.79,527178,4.3387e-07,10424,550893,-1.0711e-07,10.102,8.06553,2.81012,10.6436,8.57909,0.869423,11.5336,10.2515,0.270869,12.7211,12.7138,0.0844293,14.1823,15.9373,0.0263173,15.9122,20.0383,0.0082035,17.9198,25.2154,0.00255722,20.2244,31.7373,0.000797017,22.8539,39.9486,0.000248622,25.8438,50.2851,7.75492e-05,29.237,63.2963,2.42508e-05,33.0837,79.6738,7.67162e-06,37.4415,100.288,2.32837e-06,42.3767,126.236,7.33e-07,47.9646,158.896,2.79256e-07,54.2906,200.003,9.87351e-09,61.452,251.741,1.61085e-07,69.5585,316.859,-2.47141e-07,78.7347,398.812,8.93552e-08,89.1218,501.948,-2.53231e-07,100.879,631.736,-1.25047e-07,114.188,795.049,-1.78808e-07,129.252,1000.53,2.6733e-07,146.304,1259.03,4.50292e-07,165.605,1584.19,6.76904e-07,187.452,1993.12,-1.23808e-07,212.181,2507.27,-4.89068e-07,240.173,3153.54,-5.40284e-07,271.856,3965.56,1.86061e-07,307.719,4985.38,4.37004e-07,348.313,6265.4,3.59828e-07,394.26,7870.83,3.98192e-07,446.268,9882.51,-1.92908e-07,505.135,12400.3,-2.20392e-07,571.766,15546.9,1.51705e-07,647.184,19472.2,5.74996e-07,732.547,24357.4,5.39112e-07,829.167,30420,5.07815e-09,938.526,37916.3,-4.11492e-07,1062.3,47143.9,-3.9561e-07,1202.4,58439.2,3.86185e-08,1360.96,72169.3,5.94093e-07,1540.42,88715.8,7.47693e-07,1743.53,108445,1.78537e-07,1973.41,131665,-4.12549e-07,2233.57,158557,-5.37164e-07,2528,189103,-1.17615e-07,2861.2,222986,5.66769e-07,3238.27,259510,9.45053e-07,3664.97,297540,4.25093e-07,4147.81,335497,-3.58506e-07,4694.17,371444,-6.7724e-07,5312.37,403256,1.67192e-07,1.61744,3.89446,9.84394,3.28846,7.5504,12.774,5.07607,11.7187,13.6844,7.03202,16.8147,13.9681,9.20215,23.1769,14.0566,11.6301,31.1672,14.0841,14.3598,41.2186,14.0927,17.4376,53.8688,14.0954,20.9137,69.7915,14.0962,24.8432,89.8341,14.0965,29.2879,115.063,14.0966,34.3168,146.819,14.0966,40.0078,186.792,14.0966,46.4487,237.107,14.0966,53.7388,300.44,14.0966,61.9903,380.158,14.0966,71.3301,480.499,14.0966,81.902,606.796,14.0966,93.8685,765.761,14.0966,107.414,965.837,14.0966,122.746,1217.65,14.0966,140.101,1534.57,14.0966,159.745,1933.41,14.0966,181.981,2435.3,14.0966,207.15,3066.85,14.0966,235.64,3861.46,14.0966,267.889,4861.11,14.0966,304.391,6118.54,14.0966,345.709,7699.91,14.0966,392.478,9688.22,14.0966,445.417,12187.5,14.0966,505.339,15327.7,14.0966,573.165,19271.6,14.0966,649.938,24222,14.0966,736.839,30430.9,14.0966,835.202,38211.5,14.0966,946.539,47950.3,14.0966,1072.56,60122.8,14.0966,1215.21,75309.9,14.0966,1376.66,94216.2,14.0966,1559.41,117688,14.0966,1766.26,146729,14.0966,2000.39,182510,14.0966,2265.39,226372,14.0966,2565.33,279806,14.0966,2904.81,344416,14.0966,3289.05,421845,14.0966,3723.93,513667,14.0966,4216.13,621231,14.0966,4773.18,745478,14.0966,5403.64,886744,14.0966,6117.15,1.04457e+06,14.0966,6924.63,1.2176e+06,14.0966,11.7194,11.96,12.6541,13.9321,16.1295,13.6434,16.6097,21.9702,13.9553,19.7532,29.5285,14.0526,23.3844,39.1143,14.0829,27.5423,51.2054,14.0923,32.2796,66.434,14.0953,37.662,85.6061,14.0962,43.7675,109.74,14.0965,50.687,140.119,14.0966,58.5249,178.359,14.0966,67.4005,226.493,14.0966,77.4493,287.08,14.0966,88.8254,363.343,14.0966,101.703,459.336,14.0966,116.281,580.161,14.0966,132.782,732.241,14.0966,151.46,923.655,14.0966,172.603,1164.57,14.0966,196.535,1467.79,14.0966,223.625,1849.39,14.0966,254.288,2329.62,14.0966,288.997,2933.93,14.0966,328.285,3694.33,14.0966,372.755,4651.04,14.0966,423.092,5854.57,14.0966,480.07,7368.38,14.0966,544.564,9272.08,14.0966,617.566,11665.5,14.0966,700.197,14673.6,14.0966,793.729,18452.9,14.0966,899.599,23198.6,14.0966,1019.43,29154.1,14.0966,1155.07,36622.3,14.0966,1308.6,45977.9,14.0966,1482.39,57683.7,14.0966,1679.09,72307.8,14.0966,1901.73,90542.8,14.0966,2153.73,113226,14.0966,2438.97,141360,14.0966,2761.81,176127,14.0966,3127.22,218898,14.0966,3540.81,271226,14.0966,4008.92,334817,14.0966,4538.74,411470,14.0966,5138.38,502973,14.0966,5817.04,610948,14.0966,6585.12,736653,14.0966,7454.39,880741,14.0966,8438.15,1.04302e+06,14.0966,9551.45,1.22224e+06,14.0966,10811.3,1.41602e+06,14.0966,12237,1.62086e+06,14.0966,11.7194,11.96,12.6541,2.21263,4.16949,0.989383,2.67766,5.84076,0.311842,3.14343,7.55825,0.0972771,3.63127,9.58578,0.0303237,4.15787,12.0912,0.00945211,4.73731,15.2286,0.00294633,5.38238,19.1721,0.000918508,6.10553,24.134,0.000286163,6.91951,30.3791,8.92692e-05,7.83792,38.2397,2.78121e-05,8.87555,48.1338,8.65134e-06,10.0489,60.5876,2.7882e-06,11.3761,76.2629,8.29036e-07,12.8779,95.9927,2.4373e-07,14.5775,120.825,4.33068e-09,16.5012,152.08,1.75749e-07,18.6784,191.415,-1.86328e-07,21.1428,240.917,1.91829e-07,23.9322,303.213,-1.81475e-07,27.0895,381.602,7.0186e-08,30.6634,480.231,-2.86769e-08,34.7087,604.316,2.40784e-07,39.2876,760.401,9.87368e-08,44.4705,956.705,1.22263e-07,50.3371,1203.54,-4.31966e-07,56.9776,1513.81,-1.9705e-07,64.494,1903.69,-2.763e-08,73.0018,2393.4,3.9185e-07,82.6317,3008.13,1.35379e-07,93.5318,3779.25,-4.16351e-08,105.869,4745.7,2.06965e-08,119.834,5955.6,-3.18887e-07,135.641,7468.12,-1.48271e-08,153.531,9355.62,2.00739e-07,173.781,11705.8,2.28358e-07,196.701,14624.1,-1.93587e-08,222.642,18235,-2.88101e-07,252.003,22683.4,-2.24732e-07,285.234,28134,8.56806e-09,322.845,34767,2.34258e-07,365.413,42770.9,2.99668e-07,413.588,52327.9,8.28644e-08,468.111,63591.2,-3.07049e-07,529.814,76653.2,-3.1888e-07,599.642,91502.5,-6.72276e-08,678.662,107975,2.26339e-07,768.083,125705,3.69212e-07,869.267,144088,2.04077e-07,983.76,162277,-2.80509e-07,1113.3,179223,-4.22737e-07,1259.87,193777,-1.71951e-07,1425.68,204839,4.55555e-07,11.7194,11.96,12.6541,2.21263,4.16949,0.989383,2.67766,5.84076,0.311842,3.14343,7.55825,0.0972771,3.63127,9.58578,0.0303237,4.15787,12.0912,0.00945211,4.73731,15.2286,0.00294633,5.38238,19.1721,0.000918508,6.10553,24.134,0.000286163,6.91951,30.3791,8.92692e-05,7.83792,38.2397,2.78121e-05,8.87555,48.1338,8.65134e-06,10.0489,60.5876,2.7882e-06,11.3761,76.2629,8.29036e-07,12.8779,95.9927,2.4373e-07,14.5775,120.825,1e-08,16.5012,152.08,1.75749e-07,18.6784,191.415,1e-08,21.1428,240.917,1.91829e-07,23.9322,303.213,1e-08,27.0895,381.602,7.0186e-08,30.6634,480.231,1e-08,34.7087,604.316,2.40784e-07,39.2876,760.401,9.87368e-08,44.4705,956.705,1.22263e-07,50.3371,1203.54,1e-08,56.9776,1513.81,1e-08,64.494,1903.69,1e-08,73.0018,2393.4,3.9185e-07,82.6317,3008.13,1.35379e-07,93.5318,3779.25,1e-08,105.869,4745.7,2.06965e-08,119.834,5955.6,1e-08,135.641,7468.12,1e-08,153.531,9355.62,2.00739e-07,173.781,11705.8,2.28358e-07,196.701,14624.1,1e-08,222.642,18235,1e-08,252.003,22683.4,1e-08,285.234,28134,1e-08,322.845,34767,2.34258e-07,365.413,42770.9,2.99668e-07,413.588,52327.9,8.28644e-08,468.111,63591.2,1e-08,529.814,76653.2,1e-08,599.642,91502.5,1e-08,678.662,107975,2.26339e-07,768.083,125705,3.69212e-07,869.267,144088,2.04077e-07,983.76,162277,1e-08,1113.3,179223,1e-08,1259.87,193777,1e-08,1425.68,204839,4.55555e-07,6.2823,3.27286,2.43537,0.219672,6.18826,2.24117,0.56371,6.87772,2.63624,0.308279,7,13,4,2,5,0,1,8,0,6,1,0,7,5,0,6,3,0,5,21,0,19,29,0,0,33,0,5,13,0,9,27,0,9,44,0,6,38,0,8,61,0,14,115,0,8,123,0,11,82,0,8,117,0,33,156,0,34,566,0,47,416,0,27,356,0,33,575,0,46,336,0,27,511,0,60,1904,0,62,1406,0,81,1180,0,56,2641,0,66,1215,0,84,1752,0,53,2869,0,225,5782,0,150,4932,0,163,6055,0,369,9119,0,182,26374,0,181,27002,0,220,24319,0,317,34298,0,435,40867,0,330,27385,0,463,28883,0,454,16659,0,526,20309,0,466,49614,0,835,152231,0,778,123817,0,994,129955,0,995,108542,0,1520,86907,0,974,256173,0,1525,213311,0
-1.05176e+08,1.36919e-11,8.88811e-15,10,1023,0,1.05176e+08,0.528882,1.08665,0.389689,0.145397,0.379329,3.24381,0.161596,0.446195,1.77396,0.159177,1.15e+07,4.49998e+06,6.79999e+06,1.15e+07,4.49997e+06,6.79999e+06,1.15e+07,4.49996e+06,6.79999e+06,1.15e+07,4.49995e+06,6.79999e+06,1.14999e+07,4.49993e+06,6.79999e+06,1.14999e+07,4.49991e+06,6.79999e+06,1.14999e+07,4.49989e+06,6.79999e+06,1.14999e+07,4.49986e+06,6.79999e+06,1.14999e+07,4.49982e+06,6.79999e+06,1.14999e+07,4.49977e+06,6.79999e+06,1.14999e+07,4.49971e+06,6.79999e+06,1.14999e+07,4.49963e+06,6.79999e+06,1.14998e+07,4.49953e+06,6.79999e+06,1.14998e+07,4.49941e+06,6.79999e+06,1.14998e+07,4.49926e+06,6.79999e+06,1.14998e+07,4.49906e+06,6.79999e+06,1.14997e+07,4.49882e+06,6.79999e+06,1.14997e+07,4.49851e+06,6.79999e+06,1.14997e+07,4.49812e+06,6.79999e+06,1.14996e+07,4.49764e+06,6.79999e+06,1.14996e+07,4.49702e+06,6.79999e+06,1.14995e+07,4.49625e+06,6.79999e+06,1.14995e+07,4.49528e+06,6.79999e+06,1.14994e+07,4.49406e+06,6.79999e+06,1.14993e+07,4.49253e+06,6.79999e+06,1.14992e+07,4.49059e+06,6.79999e+06,1.14991e+07,4.48817e+06,6.79999e+06,1.1499e+07,4.48511e+06,6.79999e+06,1.14988e+07,4.48128e+06,6.79999e+06,1.14987e+07,4.47646e+06,6.79999e+06,1.14985e+07,4.47041e+06,6.79999e+06,1.14983e+07,4.46281e+06,6.79999e+06,1.14981e+07,4.4533e+06,6.79999e+06,1.14979e+07,4.44138e+06,6.79999e+06,1.14976e+07,4.42649e+06,6.79999e+06,1.14972e+07,4.40789e+06,6.79999e+06,1.14969e+07,4.38471e+06,6.79999e+06,1.14965e+07,4.35592e+06,6.79999e+06,1.1496e+07,4.32027e+06,6.79999e+06,1.14955e+07,4.27629e+06,6.79999e+06,1.14949e+07,4.22231e+06,6.79999e+06,1.14942e+07,4.15647e+06,6.79999e+06,1.14934e+07,4.07676e+06,6.79999e+06,1.14926e+07,3.98112e+06,6.79999e+06,1.14916e+07,3.86765e+06,6.79999e+06,1.14905e+07,3.73474e+06,6.79999e+06,1.14892e+07,3.58148e+06,6.79999e+06,1.14878e+07,3.40785e+06,6.79999e+06,1.14862e+07,3.21513e+06,6.79999e+06,1.14844e+07,3.00605e+06,6.79999e+06,1.14823e+07,2.7848e+06,6.79999e+06,1.148e+07,2.5568e+06,6.79999e+06,1.14773e+07,2.32825e+06,6.79999e+06,13.5742,8.52444,0.508366,16.8306,13.2585,0.162638,20.0035,17.569,0.0507846,23.2616,22.4214,0.0158319,26.7328,28.3297,0.00493498,30.5212,35.6974,0.00153831,34.7178,44.9473,0.000479527,39.4086,56.5822,0.000149456,44.6796,71.2245,4.66214e-05,50.6209,89.6543,1.45419e-05,57.3297,112.852,4.54748e-06,64.9129,142.051,1.43857e-06,73.4897,178.803,4.36618e-07,83.1934,225.062,1.40153e-07,94.1745,283.286,4.96378e-08,106.602,356.568,1.05434e-07,120.669,448.799,-6.49244e-08,136.59,564.873,1.70148e-07,154.611,710.948,-5.34594e-08,175.008,894.767,1.63407e-07,198.097,1126.06,8.04804e-08,224.231,1417.07,1.14667e-07,253.813,1783.15,-1.71227e-07,287.297,2243.62,-2.88466e-07,325.198,2822.67,-4.33651e-07,368.098,3550.67,7.9318e-08,416.657,4465.65,3.13319e-07,471.621,5615.16,3.4613e-07,533.835,7058.61,-1.19199e-07,604.255,8870.02,-2.79964e-07,683.962,11141.4,-2.30521e-07,774.182,13986.7,-2.55099e-07,876.299,17546.4,1.23585e-07,991.883,21993.1,1.41192e-07,1122.71,27536.7,-9.71886e-08,1270.78,34430.7,-3.68368e-07,1438.38,42977.7,-3.45379e-07,1628.07,53532.7,-3.25328e-09,1842.77,66504.6,2.6362e-07,2085.77,82350.2,2.53445e-07,2360.79,101560,-2.47407e-08,2672.05,124632,-3.80602e-07,3024.31,152018,-4.79005e-07,3422.98,184060,-1.14379e-07,3874.15,220884,2.64297e-07,4384.72,262283,3.44131e-07,4962.49,307576,7.5349e-08,5616.29,355497,-3.63097e-07,6356.1,404126,-6.05442e-07,7193.18,450932,-2.72333e-07,8140.28,492963,2.29675e-07,9211.79,527178,4.3387e-07,10424,550893,-1.0711e-07,10.102,8.06553,2.81012,10.6436,8.57909,0.869423,11.5336,10.2515,0.270869,12.7211,12.7138,0.0844293,14.1823,15.9373,0.0263173,15.9122,20.0383,0.0082035,17.9198,25.2154,0.00255722,20.2244,31.7373,0.000797017,22.8539,39.9486,0.000248622,25.8438,50.2851,7.75492e-05,29.237,63.2963,2.42508e-05,33.0837,79.6738,7.67162e-06,37.4415,100.288,2.32837e-06,42.3767,126.236,7.33e-07,47.9646,158.896,2.79256e-07,54.2906,200.003,9.87351e-09,61.452,251.741,1.61085e-07,69.5585,316.859,-2.47141e-07,78.7347,398.812,8.93552e-08,89.1218,501.948,-2.53231e-07,100.879,631.736,-1.25047e-07,114.188,795.049,-1.78808e-07,129.252,1000.53,2.6733e-07,146.304,1259.03,4.50292e-07,165.605,1584.19,6.76904e-07,187.452,1993.12,-1.23808e-07,212.181,2507.27,-4.89068e-07,240.173,3153.54,-5.40284e-07,271.856,3965.56,1.86061e-07,307.719,4985.38,4.37004e-07,348.313,6265.4,3.59828e-07,394.26,7870.83,3.98192e-07,446.268,9882.51,-1.92908e-07,505.135,12400.3,-2.20392e-07,571.766,15546.9,1.51705e-07,647.184,19472.2,5.74996e-07,732.547,24357.4,5.39112e-07,829.167,30420,5.07815e-09,938.526,37916.3,-4.11492e-07,1062.3,47143.9,-3.9561e-07,1202.4,58439.2,3.86185e-08,1360.96,72169.3,5.94093e-07,1540.42,88715.8,7.47693e-07,1743.53,108445,1.78537e-07,1973.41,131665,-4.12549e-07,2233.57,158557,-5.37164e-07,2528,189103,-1.17615e-07,2861.2,222986,5.66769e-07,3238.27,259510,9.45053e-07,3664.97,297540,4.25093e-07,4147.81,335497,-3.58506e-07,4694.17,371444,-6.7724e-07,5312.37,403256,1.67192e-07,1.61744,3.89446,9.84394,3.28846,7.5504,12.774,5.07607,11.7187,13.6844,7.03202,16.8147,13.9681,9.20215,23.1769,14.0566,11.6301,31.1672,14.0841,14.3598,41.2186,14.0927,17.4376,53.8688,14.0954,20.9137,69.7915,14.0962,24.8432,89.8341,14.0965,29.2879,115.063,14.0966,34.3168,146.819,14.0966,40.0078,186.792,14.0966,46.4487,237.107,14.0966,53.7388,300.44,14.0966,61.9903,380.158,14.0966,71.3301,480.499,14.0966,81.902,606.796,14.0966,93.8685,765.761,14.0966,107.414,965.837,14.0966,122.746,1217.65,14.0966,140.101,1534.57,14.0966,159.745,1933.41,14.0966,181.981,2435.3,14.0966,207.15,3066.85,14.0966,235.64,3861.46,14.0966,267.889,4861.11,14.0966,304.391,6118.54,14.0966,345.709,7699.91,14.0966,392.478,9688.22,14.0966,445.417,12187.5,14.0966,505.339,15327.7,14.0966,573.165,19271.6,14.0966,649.938,24222,14.0966,736.839,30430.9,14.0966,835.202,38211.5,14.0966,946.539,47950.3,14.0966,1072.56,60122.8,14.0966,1215.21,75309.9,14.0966,1376.66,94216.2,14.0966,1559.41,117688,14.0966,1766.26,146729,14.0966,2000.39,182510,14.0966,2265.39,226372,14.0966,2565.33,279806,14.0966,2904.81,344416,14.0966,3289.05,421845,14.0966,3723.93,513667,14.0966,4216.13,621231,14.0966,4773.18,745478,14.0966,5403.64,886744,14.0966,6117.15,1.04457e+06,14.0966,6924.63,1.2176e+06,14.0966,11.7194,11.96,12.6541,13.9321,16.1295,13.6434,16.6097,21.9702,13.9553,19.7532,29.5285,14.0526,23.3844,39.1143,14.0829,27.5423,51.2054,14.0923,32.2796,66.434,14.0953,37.662,85.6061,14.0962,43.7675,109.74,14.0965,50.687,140.119,14.0966,58.5249,178.359,14.0966,67.4005,226.493,14.0966,77.4493,287.08,14.0966,88.8254,363.343,14.0966,101.703,459.336,14.0966,116.281,580.161,14.0966,132.782,732.241,14.0966,151.46,923.655,14.0966,172.603,1164.57,14.0966,196.535,1467.79,14.0966,223.625,1849.39,14.0966,254.288,2329.62,14.0966,288.997,2933.93,14.0966,328.285,3694.33,14.0966,372.755,4651.04,14.0966,423.092,5854.57,14.0966,480.07,7368.38,14.0966,544.564,9272.08,14.0966,617.566,11665.5,14.0966,700.197,14673.6,14.0966,793.729,18452.9,14.0966,899.599,23198.6,14.0966,1019.43,29154.1,14.0966,1155.07,36622.3,14.0966,1308.6,45977.9,14.0966,1482.39,57683.7,14.0966,1679.09,72307.8,14.0966,1901.73,90542.8,14.0966,2153.73,113226,14.0966,2438.97,141360,14.0966,2761.81,176127,14.0966,3127.22,218898,14.0966,3540.81,271226,14.0966,4008.92,334817,14.0966,4538.74,411470,14.0966,5138.38,502973,14.0966,5817.04,610948,14.0966,6585.12,736653,14.0966,7454.39,880741,14.0966,8438.15,1.04302e+06,14.0966,9551.45,1.22224e+06,14.0966,10811.3,1.41602e+06,14.0966,12237,1.62086e+06,14.0966,11.7194,11.96,12.6541,2.21263,4.16949,0.989383,2.67766,5.84076,0.311842,3.14343,7.55825,0.0972771,3.63127,9.58578,0.0303237,4.15787,12.0912,0.00945211,4.73731,15.2286,0.00294633,5.38238,19.1721,0.000918508,6.10553,24.134,0.000286163,6.91951,30.3791,8.92692e-05,7.83792,38.2397,2.78121e-05,8.87555,48.1338,8.65134e-06,10.0489,60.5876,2.7882e-06,11.3761,76.2629,8.29036e-07,12.8779,95.9927,2.4373e-07,14.5775,120.825,4.33068e-09,16.5012,152.08,1.75749e-07,18.6784,191.415,-1.86328e-07,21.1428,240.917,1.91829e-07,23.9322,303.213,-1.81475e-07,27.0895,381.602,7.0186e-08,30.6634,480.231,-2.86769e-08,34.7087,604.316,2.40784e-07,39.2876,760.401,9.87368e-08,44.4705,956.705,1.22263e-07,50.3371,1203.54,-4.31966e-07,56.9776,1513.81,-1.9705e-07,64.494,1903.69,-2.763e-08,73.0018,2393.4,3.9185e-07,82.6317,3008.13,1.35379e-07,93.5318,3779.25,-4.16351e-08,105.869,4745.7,2.06965e-08,119.834,5955.6,-3.18887e-07,135.641,7468.12,-1.48271e-08,153.531,9355.62,2.00739e-07,173.781,11705.8,2.28358e-07,196.701,14624.1,-1.93587e-08,222.642,18235,-2.88101e-07,252.003,22683.4,-2.24732e-07,285.234,28134,8.56806e-09,322.845,34767,2.34258e-07,365.413,42770.9,2.99668e-07,413.588,52327.9,8.28644e-08,468.111,63591.2,-3.07049e-07,529.814,76653.2,-3.1888e-07,599.642,91502.5,-6.72276e-08,678.662,107975,2.26339e-07,768.083,125705,3.69212e-07,869.267,144088,2.04077e-07,983.76,162277,-2.80509e-07,1113.3,179223,-4.22737e-07,1259.87,193777,-1.71951e-07,1425.68,204839,4.55555e-07,11.7194,11.96,12.6541,2.21263,4.16949,0.989383,2.67766,5.84076,0.311842,3.14343,7.55825,0.0972771,3.63127,9.58578,0.0303237,4.15787,12.0912,0.00945211,4.73731,15.2286,0.00294633,5.38238,19.1721,0.000918508,6.10553,24.134,0.000286163,6.91951,30.3791,8.92692e-05,7.83792,38.2397,2.78121e-05,8.87555,48.1338,8.65134e-06,10.0489,60.5876,2.7882e-06,11.3761,76.2629,8.29036e-07,12.8779,95.9927,2.4373e-07,14.5775,120.825,1e-08,16.5012,152.08,1.75749e-07,18.6784,191.415,1e-08,21.1428,240.917,1.91829e-07,23.9322,303.213,1e-08,27.0895,381.602,7.0186e-08,30.6634,480.231,1e-08,34.7087,604.316,2.40784e-07,39.2876,760.401,9.87368e-08,44.4705,956.705,1.22263e-07,50.3371,1203.54,1e-08,56.9776,1513.81,1e-08,64.494,1903.69,1e-08,73.0018,2393.4,3.9185e-07,82.6317,3008.13,1.35379e-07,93.5318,3779.25,1e-08,105.869,4745.7,2.06965e-08,119.834,5955.6,1e-08,135.641,7468.12,1e-08,153.531,9355.62,2.00739e-07,173.781,11705.8,2.28358e-07,196.701,14624.1,1e-08,222.642,18235,1e-08,252.003,22683.4,1e-08,285.234,28134,1e-08,322.845,34767,2.34258e-07,365.413,42770.9,2.99668e-07,413.588,52327.9,8.28644e-08,468.111,63591.2,1e-08,529.814,76653.2,1e-08,599.642,91502.5,1e-08,678.662,107975,2.26339e-07,768.083,125705,3.69212e-07,869.267,144088,2.04077e-07,983.76,162277,1e-08,1113.3,179223,1e-08,1259.87,193777,1e-08,1425.68,204839,4.55555e-07,6.2823,3.27286,2.43537,0.219672,6.18826,2.24117,0.56371,6.87772,2.63624,0.308279,5,16,9,1,2,2,6,7,1,6,17,0,1,5,0,2,17,0,8,4,0,7,43,0,2,31,0,6,35,0,11,13,0,5,45,0,12,7,0,10,94,0,17,29,0,14,84,0,22,174,0,24,158,0,17,248,0,14,108,0,23,162,0,33,353,0,28,1008,0,41,681,0,50,483,0,66,1160,0,33,1614,0,60,1405,0,104,3374,0,51,3081,0,106,2734,0,95,3135,0,200,5039,0,100,11667,0,104,5756,0,135,11963,0,158,4863,0,118,10244,0,343,9593,0,369,8163,0,220,16542,0,363,54419,0,275,29549,0,748,97339,0,467,69032,0,785,78215,0,663,154827,0,759,63658,0,270,53614,0,966,267761,0,1413,280060,0,2118,298276,0,1329,82270,0
-1.05176e+08,1,8.88811e-15,10,1023,0,1.05176e+08,0.528882,1.08665,0.389689,0.145397,0.379329,3.24381,0.161596,0.446195,1.77396,0.159177,1.15e+07,4.49998e+06,6.79999e+06,1.15e+07,4.49997e+06,6.79999e+06,1.15e+07,4.49996e+06,6.79999e+06,1.15e+07,4.49995e+06,6.79999e+06,1.14999e+07,4.49993e+06,6.79999e+06,1.14999e+07,4.49991e+06,6.79999e+06,1.14999e+07,4.49989e+06,6.79999e+06,1.14999e+07,4.49986e+06,6.79999e+06,1.14999e+07,4.49982e+06,6.79999e+06,1.14999e+07,4.49977e+06,6.79999e+06,1.14999e+07,4.49971e+06,6.79999e+06,1.14999e+07,4.49963e+06,6.79999e+06,1.14998e+07,4.49953e+06,6.79999e+06,1.14998e+07,4.49941e+06,6.79999e+06,1.14998e+07,4.49926e+06,6.79999e+06,1.14998e+07,4.49906e+06,6.79999e+06,1.14997e+07,4.49882e+06,6.79999e+06,1.14997e+07,4.49851e+06,6.79999e+06,1.14997e+07,4.49812e+06,6.79999e+06,1.14996e+07,4.49764e+06,6.79999e+06,1.14996e+07,4.49702e+06,6.79999e+06,1.14995e+07,4.49625e+06,6.79999e+06,1.14995e+07,4.49528e+06,6.79999e+06,1.14994e+07,4.49406e+06,6.79999e+06,1.14993e+07,4.49253e+06,6.79999e+06,1.14992e+07,4.49059e+06,6.79999e+06,1.14991e+07,4.48817e+06,6.79999e+06,1.1499e+07,4.48511e+06,6.79999e+06,1.14988e+07,4.48128e+06,6.79999e+06,1.14987e+07,4.47646e+06,6.79999e+06,1.14985e+07,4.47041e+06,6.79999e+06,1.14983e+07,4.46281e+06,6.79999e+06,1.14981e+07,4.4533e+06,6.79999e+06,1.14979e+07,4.44138e+06,6.79999e+06,1.14976e+07,4.42649e+06,6.79999e+06,1.14972e+07,4.40789e+06,6.79999e+06,1.14969e+07,4.38471e+06,6.79999e+06,1.14965e+07,4.35592e+06,6.79999e+06,1.1496e+07,4.32027e+06,6.79999e+06,1.14955e+07,4.27629e+06,6.79999e+06,1.14949e+07,4.22231e+06,6.79999e+06,1.14942e+07,4.15647e+06,6.79999e+06,1.14934e+07,4.07676e+06,6.79999e+06,1.14926e+07,3.98112e+06,6.79999e+06,1.14916e+07,3.86765e+06,6.79999e+06,1.14905e+07,3.73474e+06,6.79999e+06,1.14892e+07,3.58148e+06,6.79999e+06,1.14878e+07,3.40785e+06,6.79999e+06,1.14862e+07,3.21513e+06,6.79999e+06,1.14844e+07,3.00605e+06,6.79999e+06,1.14823e+07,2.7848e+06,6.79999e+06,1.148e+07,2.5568e+06,6.79999e+06,1.14773e+07,2.32825e+06,6.79999e+06,13.5742,8.52444,0.508366,16.8306,13.2585,0.162638,20.0035,17.569,0.0507846,23.2616,22.4214,0.0158319,26.7328,28.3297,0.00493498,30.5212,35.6974,0.00153831,34.7178,44.9473,0.000479527,39.4086,56.5822,0.000149456,44.6796,71.2245,4.66214e-05,50.6209,89.6543,1.45419e-05,57.3297,112.852,4.54748e-06,64.9129,142.051,1.43857e-06,73.4897,178.803,4.36618e-07,83.1934,225.062,1.40153e-07,94.1745,283.286,4.96378e-08,106.602,356.568,1.05434e-07,120.669,448.799,-6.49244e-08,136.59,564.873,1.70148e-07,154.611,710.948,-5.34594e-08,175.008,894.767,1.63407e-07,198.097,1126.06,8.04804e-08,224.231,1417.07,1.14667e-07,253.813,1783.15,-1.71227e-07,287.297,2243.62,-2.88466e-07,325.198,2822.67,-4.33651e-07,368.098,3550.67,7.9318e-08,416.657,4465.65,3.13319e-07,471.621,5615.16,3.4613e-07,533.835,7058.61,-1.19199e-07,604.255,8870.02,-2.79964e-07,683.962,11141.4,-2.30521e-07,774.182,13986.7,-2.55099e-07,876.299,17546.4,1.23585e-07,991.883,21993.1,1.41192e-07,1122.71,27536.7,-9.71886e-08,1270.78,34430.7,-3.68368e-07,1438.38,42977.7,-3.45379e-07,1628.07,53532.7,-3.25328e-09,1842.77,66504.6,2.6362e-07,2085.77,82350.2,2.53445e-07,2360.79,101560,-2.47407e-08,2672.05,124632,-3.80602e-07,3024.31,152018,-4.79005e-07,3422.98,184060,-1.14379e-07,3874.15,220884,2.64297e-07,4384.72,262283,3.44131e-07,4962.49,307576,7.5349e-08,5616.29,355497,-3.63097e-07,6356.1,404126,-6.05442e-07,7193.18,450932,-2.72333e-07,8140.28,492963,2.29675e-07,9211.79,527178,4.3387e-07,10424,550893,-1.0711e-07,10.102,8.06553,2.81012,10.6436,8.57909,0.869423,11.5336,10.2515,0.270869,12.7211,12.7138,0.0844293,14.1823,15.9373,0.0263173,15.9122,20.0383,0.0082035,17.9198,25.2154,0.00255722,20.2244,31.7373,0.000797017,22.8539,39.9486,0.000248622,25.8438,50.2851,7.75492e-05,29.237,63.2963,2.42508e-05,33.0837,79.6738,7.67162e-06,37.4415,100.288,2.32837e-06,42.3767,126.236,7.33e-07,47.9646,158.896,2.79256e-07,54.2906,200.003,9.87351e-09,61.452,251.741,1.61085e-07,69.5585,316.859,-2.47141e-07,78.7347,398.812,8.93552e-08,89.1218,501.948,-2.53231e-07,100.879,631.736,-1.25047e-07,114.188,795.049,-1.78808e-07,129.252,1000.53,2.6733e-07,146.304,1259.03,4.50292e-07,165.605,1584.19,6.76904e-07,187.452,1993.12,-1.23808e-07,212.181,2507.27,-4.89068e-07,240.173,3153.54,-5.40284e-07,271.856,3965.56,1.86061e-07,307.719,4985.38,4.37004e-07,348.313,6265.4,3.59828e-07,394.26,7870.83,3.98192e-07,446.268,9882.51,-1.92908e-07,505.135,12400.3,-2.20392e-07,571.766,15546.9,1.51705e-07,647.184,19472.2,5.74996e-07,732.547,24357.4,5.39112e-07,829.167,30420,5.07815e-09,938.526,37916.3,-4.11492e-07,1062.3,47143.9,-3.9561e-07,1202.4,58439.2,3.86185e-08,1360.96,72169.3,5.94093e-07,1540.42,88715.8,7.47693e-07,1743.53,108445,1.78537e-07,1973.41,131665,-4.12549e-07,2233.57,158557,-5.37164e-07,2528,189103,-1.17615e-07,2861.2,222986,5.66769e-07,3238.27,259510,9.45053e-07,3664.97,297540,4.25093e-07,4147.81,335497,-3.58506e-07,4694.17,371444,-6.7724e-07,5312.37,403256,1.67192e-07,1.61744,3.89446,9.84394,3.28846,7.5504,12.774,5.07607,11.7187,13.6844,7.03202,16.8147,13.9681,9.20215,23.1769,14.0566,11.6301,31.1672,14.0841,14.3598,41.2186,14.0927,17.4376,53.8688,14.0954,20.9137,69.7915,14.0962,24.8432,89.8341,14.0965,29.2879,115.063,14.0966,34.3168,146.819,14.0966,40.0078,186.792,14.0966,46.4487,237.107,14.0966,53.7388,300.44,14.0966,61.9903,380.158,14.0966,71.3301,480.499,14.0966,81.902,606.796,14.0966,93.8685,765.761,14.0966,107.414,965.837,14.0966,122.746,1217.65,14.0966,140.101,1534.57,14.0966,159.745,1933.41,14.0966,181.981,2435.3,14.0966,207.15,3066.85,14.0966,235.64,3861.46,14.0966,267.889,4861.11,14.0966,304.391,6118.54,14.0966,345.709,7699.91,14.0966,392.478,9688.22,14.0966,445.417,12187.5,14.0966,505.339,15327.7,14.0966,573.165,19271.6,14.0966,649.938,24222,14.0966,736.839,30430.9,14.0966,835.202,38211.5,14.0966,946.539,47950.3,14.0966,1072.56,60122.8,14.0966,1215.21,75309.9,14.0966,1376.66,94216.2,14.0966,1559.41,117688,14.0966,1766.26,146729,14.0966,2000.39,182510,14.0966,2265.39,226372,14.0966,2565.33,279806,14.0966,2904.81,344416,14.0966,3289.05,421845,14.0966,3723.93,513667,14.0966,4216.13,621231,14.0966,4773.18,745478,14.0966,5403.64,886744,14.0966,6117.15,1.04457e+06,14.0966,6924.63,1.2176e+06,14.0966,11.7194,11.96,12.6541,13.9321,16.1295,13.6434,16.6097,21.9702,13.9553,19.7532,29.5285,14.0526,23.3844,39.1143,14.0829,27.5423,51.2054,14.0923,32.2796,66.434,14.0953,37.662,85.6061,14.0962,43.7675,109.74,14.0965,50.687,140.119,14.0966,58.5249,178.359,14.0966,67.4005,226.493,14.0966,77.4493,287.08,14.0966,88.8254,363.343,14.0966,101.703,459.336,14.0966,116.281,580.161,14.0966,132.782,732.241,14.0966,151.46,923.655,14.0966,172.603,1164.57,14.0966,196.535,1467.79,14.0966,223.625,1849.39,14.0966,254.288,2329.62,14.0966,288.997,2933.93,14.0966,328.285,3694.33,14.0966,372.755,4651.04,14.0966,423.092,5854.57,14.0966,480.07,7368.38,14.0966,544.564,9272.08,14.0966,617.566,11665.5,14.0966,700.197,14673.6,14.0966,793.729,18452.9,14.0966,899.599,23198.6,14.0966,1019.43,29154.1,14.0966,1155.07,36622.3,14.0966,1308.6,45977.9,14.0966,1482.39,57683.7,14.0966,1679.09,72307.8,14.0966,1901.73,90542.8,14.0966,2153.73,113226,14.0966,2438.97,141360,14.0966,2761.81,176127,14.0966,3127.22,218898,14.0966,3540.81,271226,14.0966,4008.92,334817,14.0966,4538.74,411470,14.0966,5138.38,502973,14.0966,5817.04,610948,14.0966,6585.12,736653,14.0966,7454.39,880741,14.0966,8438.15,1.04302e+06,14.0966,9551.45,1.22224e+06,14.0966,10811.3,1.41602e+06,14.0966,12237,1.62086e+06,14.0966,11.7194,11.96,12.6541,2.21263,4.16949,0.989383,2.67766,5.84076,0.311842,3.14343,7.55825,0.0972771,3.63127,9.58578,0.0303237,4.15787,12.0912,0.00945211,4.73731,15.2286,0.00294633,5.38238,19.1721,0.000918508,6.10553,24.134,0.000286163,6.91951,30.3791,8.92692e-05,7.83792,38.2397,2.78121e-05,8.87555,48.1338,8.65134e-06,10.0489,60.5876,2.7882e-06,11.3761,76.2629,8.29036e-07,12.8779,95.9927,2.4373e-07,14.5775,120.825,4.33068e-09,16.5012,152.08,1.75749e-07,18.6784,191.415,-1.86328e-07,21.1428,240.917,1.91829e-07,23.9322,303.213,-1.81475e-07,27.0895,381.602,7.0186e-08,30.6634,480.231,-2.86769e-08,34.7087,604.316,2.40784e-07,39.2876,760.401,9.87368e-08,44.4705,956.705,1.22263e-07,50.3371,1203.54,-4.31966e-07,56.9776,1513.81,-1.9705e-07,64.494,1903.69,-2.763e-08,73.0018,2393.4,3.9185e-07,82.6317,3008.13,1.35379e-07,93.5318,3779.25,-4.16351e-08,105.869,4745.7,2.06965e-08,119.834,5955.6,-3.18887e-07,135.641,7468.12,-1.48271e-08,153.531,9355.62,2.00739e-07,173.781,11705.8,2.28358e-07,196.701,14624.1,-1.93587e-08,222.642,18235,-2.88101e-07,252.003,22683.4,-2.24732e-07,285.234,28134,8.56806e-09,322.845,34767,2.34258e-07,365.413,42770.9,2.99668e-07,413.588,52327.9,8.28644e-08,468.111,63591.2,-3.07049e-07,529.814,76653.2,-3.1888e-07,599.642,91502.5,-6.72276e-08,678.662,107975,2.26339e-07,768.083,125705,3.69212e-07,869.267,144088,2.04077e-07,983.76,162277,-2.80509e-07,1113.3,179223,-4.22737e-07,1259.87,193777,-1.71951e-07,1425.68,204839,4.55555e-07,11.7194,11.96,12.6541,2.21263,4.16949,0.989383,2.67766,5.84076,0.311842,3.14343,7.55825,0.0972771,3.63127,9.58578,0.0303237,4.15787,12.0912,0.00945211,4.73731,15.2286,0.00294633,5.38238,19.1721,0.000918508,6.10553,24.134,0.000286163,6.91951,30.3791,8.92692e-05,7.83792,38.2397,2.78121e-05,8.87555,48.1338,8.65134e-06,10.0489,60.5876,2.7882e-06,11.3761,76.2629,8.29036e-07,12.8779,95.9927,2.4373e-07,14.5775,120.825,1e-08,16.5012,152.08,1.75749e-07,18.6784,191.415,1e-08,21.1428,240.917,1.91829e-07,23.9322,303.213,1e-08,27.0895,381.602,7.0186e-08,30.6634,480.231,1e-08,34.7087,604.316,2.40784e-07,39.2876,760.401,9.87368e-08,44.4705,956.705,1.22263e-07,50.3371,1203.54,1e-08,56.9776,1513.81,1e-08,64.494,1903.69,1e-08,73.0018,2393.4,3.9185e-07,82.6317,3008.13,1.35379e-07,93.5318,3779.25,1e-08,105.869,4745.7,2.06965e-08,119.834,5955.6,1e-08,135.641,7468.12,1e-08,153.531,9355.62,2.00739e-07,173.781,11705.8,2.28358e-07,196.701,14624.1,1e-08,222.642,18235,1e-08,252.003,22683.4,1e-08,285.234,28134,1e-08,322.845,34767,2.34258e-07,365.413,42770.9,2.99668e-07,413.588,52327.9,8.28644e-08,468.111,63591.2,1e-08,529.814,76653.2,1e-08,599.642,91502.5,1e-08,678.662,107975,2.26339e-07,768.083,125705,3.69212e-07,869.267,144088,2.04077e-07,983.76,162277,1e-08,1113.3,179223,1e-08,1259.87,193777,1e-08,1425.68,204839,4.55555e-07,6.2823,3.27286,2.43537,0.219672,6.18826,2.24117,0.56371,6.87772,2.63624,0.308279,15,6,13,1,8,1,5,11,0,5,2,0,0,10,0,0,15,0,4,16,0,4,21,0,2,20,0,9,33,0,15,42,0,13,41,0,6,53,0,14,78,0,7,189,0,13,176,0,7,107,0,13,123,0,21,164,0,29,436,0,65,520,0,15,561,0,31,386,0,57,647,0,33,719,0,48,1958,0,65,1609,0,108,2412,0,64,1820,0,82,2024,0,95,3181,0,86,3668,0,142,4866,0,220,4504,0,129,11717,0,218,10378,0,156,14869,0,129,16399,0,224,43231,0,235,36647,0,207,34079,0,197,75664,0,200,54591,0,579,101355,0,857,55830,0,567,24620,0,459,129590,0,682,92863,0,505,177329,0,360,257998,0,824,178835,0,1366,279301,0,1693,238836,0
-1.05176e+08,1,8.88811e-15,10,1023,0,1.05176e+08,0.528882,1.08665,0.389689,0.145397,0.379329,3.24381,0.161596,0.446195,1.77396,0.159177,1.15e+07,4.49998e+06,6.79999e+06,1.15e+07,4.49997e+06,6.79999e+06,1.15e+07,4.49996e+06,6.79999e+06,1.15e+07,4.49995e+06,6.79999e+06,1.14999e+07,4.49993e+06,6.79999e+06,1.14999e+07,4.49991e+06,6.79999e+06,1.14999e+07,4.49989e+06,6.79999e+06,1.14999e+07,4.49986e+06,6.79999e+06,1.14999e+07,4.49982e+06,6.79999e+06,1.14999e+07,4.49977e+06,6.79999e+06,1.14999e+07,4.49971e+06,6.79999e+06,1.14999e+07,4.49963e+06,6.79999e+06,1.14998e+07,4.49953e+06,6.79999e+06,1.14998e+07,4.49941e+06,6.79999e+06,1.14998e+07,4.49926e+06,6.79999e+06,1.14998e+07,4.49906e+06,6.79999e+06,1.14997e+07,4.49882e+06,6.79999e+06,1.14997e+07,4.49851e+06,6.79999e+06,1.14997e+07,4.49812e+06,6.79999e+06,1.14996e+07,4.49764e+06,6.79999e+06,1.14996e+07,4.49702e+06,6.79999e+06,1.14995e+07,4.49625e+06,6.79999e+06,1.14995e+07,4.49528e+06,6.79999e+06,1.14994e+07,4.49406e+06,6.79999e+06,1.14993e+07,4.49253e+06,6.79999e+06,1.14992e+07,4.49059e+06,6.79999e+06,1.14991e+07,4.48817e+06,6.79999e+06,1.1499e+07,4.48511e+06,6.79999e+06,1.14988e+07,4.48128e+06,6.79999e+06,1.14987e+07,4.47646e+06,6.79999e+06,1.14985e+07,4.47041e+06,6.79999e+06,1.14983e+07,4.46281e+06,6.79999e+06,1.14981e+07,4.4533e+06,6.79999e+06,1.14979e+07,4.44138e+06,6.79999e+06,1.14976e+07,4.42649e+06,6.79999e+06,1.14972e+07,4.40789e+06,6.79999e+06,1.14969e+07,4.38471e+06,6.79999e+06,1.14965e+07,4.35592e+06,6.79999e+06,1.1496e+07,4.32027e+06,6.79999e+06,1.14955e+07,4.27629e+06,6.79999e+06,1.14949e+07,4.22231e+06,6.79999e+06,1.14942e+07,4.15647e+06,6.79999e+06,1.14934e+07,4.07676e+06,6.79999e+06,1.14926e+07,3.98112e+06,6.79999e+06,1.14916e+07,3.86765e+06,6.79999e+06,1.14905e+07,3.73474e+06,6.79999e+06,1.14892e+07,3.58148e+06,6.79999e+06,1.14878e+07,3.40785e+06,6.79999e+06,1.14862e+07,3.21513e+06,6.79999e+06,1.14844e+07,3.00605e+06,6.79999e+06,1.14823e+07,2.7848e+06,6.79999e+06,1.148e+07,2.5568e+06,6.79999e+06,1.14773e+07,2.32825e+06,6.79999e+06,13.5742,8.52444,0.508366,16.8306,13.2585,0.162638,20.0035,17.569,0.0507846,23.2616,22.4214,0.0158319,26.7328,28.3297,0.00493498,30.5212,35.6974,0.00153831,34.7178,44.9473,0.000479527,39.4086,56.5822,0.000149456,44.6796,71.2245,4.66214e-05,50.6209,89.6543,1.45419e-05,57.3297,112.852,4.54748e-06,64.9129,142.051,1.43857e-06,73.4897,178.803,4.36618e-07,83.1934,225.062,1.40153e-07,94.1745,283.286,4.96378e-08,106.602,356.568,1.05434e-07,120.669,448.799,-6.49244e-08,136.59,564.873,1.70148e-07,154.611,710.948,-5.34594e-08,175.008,894.767,1.63407e-07,198.097,1126.06,8.04804e-08,224.231,1417.07,1.14667e-07,253.813,1783.15,-1.71227e-07,287.297,2243.62,-2.88466e-07,325.198,2822.67,-4.33651e-07,368.098,3550.67,7.9318e-08,416.657,4465.65,3.13319e-07,471.621,5615.16,3.4613e-07,533.835,7058.61,-1.19199e-07,604.255,8870.02,-2.79964e-07,683.962,11141.4,-2.30521e-07,774.182,13986.7,-2.55099e-07,876.299,17546.4,1.23585e-07,991.883,21993.1,1.41192e-07,1122.71,27536.7,-9.71886e-08,1270.78,34430.7,-3.68368e-07,1438.38,42977.7,-3.45379e-07,1628.07,53532.7,-3.25328e-09,1842.77,66504.6,2.6362e-07,2085.77,82350.2,2.53445e-07,2360.79,101560,-2.47407e-08,2672.05,124632,-3.80602e-07,3024.31,152018,-4.79005e-07,3422.98,184060,-1.14379e-07,3874.15,220884,2.64297e-07,4384.72,262283,3.44131e-07,4962.49,307576,7.5349e-08,5616.29,355497,-3.63097e-07,6356.1,404126,-6.05442e-07,7193.18,450932,-2.72333e-07,8140.28,492963,2.29675e-07,9211.79,527178,4.3387e-07,10424,550893,-1.0711e-07,10.102,8.06553,2.81012,10.6436,8.57909,0.869423,11.5336,10.2515,0.270869,12.7211,12.7138,0.0844293,14.1823,15.9373,0.0263173,15.9122,20.0383,0.0082035,17.9198,25.2154,0.00255722,20.2244,31.7373,0.000797017,22.8539,39.9486,0.000248622,25.8438,50.2851,7.75492e-05,29.237,63.2963,2.42508e-05,33.0837,79.6738,7.67162e-06,37.4415,100.288,2.32837e-06,42.3767,126.236,7.33e-07,47.9646,158.896,2.79256e-07,54.2906,200.003,9.87351e-09,61.452,251.741,1.61085e-07,69.5585,316.859,-2.47141e-07,78.7347,398.812,8.93552e-08,89.1218,501.948,-2.53231e-07,100.879,631.736,-1.25047e-07,114.188,795.049,-1.78808e-07,129.252,1000.53,2.6733e-07,146.304,1259.03,4.50292e-07,165.605,1584.19,6.76904e-07,187.452,1993.12,-1.23808e-07,212.181,2507.27,-4.89068e-07,240.173,3153.54,-5.40284e-07,271.856,3965.56,1.86061e-07,307.719,4985.38,4.37004e-07,348.313,6265.4,3.59828e-07,394.26,7870.83,3.98192e-07,446.268,9882.51,-1.92908e-07,505.135,12400.3,-2.20392e-07,571.766,15546.9,1.51705e-07,647.184,19472.2,5.74996e-07,732.547,24357.4,5.39112e-07,829.167,30420,5.07815e-09,938.526,37916.3,-4.11492e-07,1062.3,47143.9,-3.9561e-07,1202.4,58439.2,3.86185e-08,1360.96,72169.3,5.94093e-07,1540.42,88715.8,7.47693e-07,1743.53,108445,1.78537e-07,1973.41,131665,-4.12549e-07,2233.57,158557,-5.37164e-07,2528,189103,-1.17615e-07,2861.2,222986,5.66769e-07,3238.27,259510,9.45053e-07,3664.97,297540,4.25093e-07,4147.81,335497,-3.58506e-07,4694.17,371444,-6.7724e-07,5312.37,403256,1.67192e-07,1.61744,3.89446,9.84394,3.28846,7.5504,12.774,5.07607,11.7187,13.6844,7.03202,16.8147,13.9681,9.20215,23.1769,14.0566,11.6301,31.1672,14.0841,14.3598,41.2186,14.0927,17.4376,53.8688,14.0954,20.9137,69.7915,14.0962,24.8432,89.8341,14.0965,29.2879,115.063,14.0966,34.3168,146.819,14.0966,40.0078,186.792,14.0966,46.4487,237.107,14.0966,53.7388,300.44,14.0966,61.9903,380.158,14.0966,71.3301,480.499,14.0966,81.902,606.796,14.0966,93.8685,765.761,14.0966,107.414,965.837,14.0966,122.746,1217.65,14.0966,140.101,1534.57,14.0966,159.745,1933.41,14.0966,181.981,2435.3,14.0966,207.15,3066.85,14.0966,235.64,3861.46,14.0966,267.889,4861.11,14.0966,304.391,6118.54,14.0966,345.709,7699.91,14.0966,392.478,9688.22,14.0966,445.417,12187.5,14.0966,505.339,15327.7,14.0966,573.165,19271.6,14.0966,649.938,24222,14.0966,736.839,30430.9,14.0966,835.202,38211.5,14.0966,946.539,47950.3,14.0966,1072.56,60122.8,14.0966,1215.21,75309.9,14.0966,1376.66,94216.2,14.0966,1559.41,117688,14.0966,1766.26,146729,14.0966,2000.39,182510,14.0966,2265.39,226372,14.0966,2565.33,279806,14.0966,2904.81,344416,14.0966,3289.05,421845,14.0966,3723.93,513667,14.0966,4216.13,621231,14.0966,4773.18,745478,14.0966,5403.64,886744,14.0966,6117.15,1.04457e+06,14.0966,6924.63,1.2176e+06,14.0966,11.7194,11.96,12.6541,13.9321,16.1295,13.6434,16.6097,21.9702,13.9553,19.7532,29.5285,14.0526,23.3844,39.1143,14.0829,27.5423,51.2054,14.0923,32.2796,66.434,14.0953,37.662,85.6061,14.0962,43.7675,109.74,14.0965,50.687,140.119,14.0966,58.5249,178.359,14.0966,67.4005,226.493,14.0966,77.4493,287.08,14.0966,88.8254,363.343,14.0966,101.703,459.336,14.0966,116.281,580.161,14.0966,132.782,732.241,14.0966,151.46,923.655,14.0966,172.603,1164.57,14.0966,196.535,1467.79,14.0966,223.625,1849.39,14.0966,254.288,2329.62,14.0966,288.997,2933.93,14.0966,328.285,3694.33,14.0966,372.755,4651.04,14.0966,423.092,5854.57,14.0966,480.07,7368.38,14.0966,544.564,9272.08,14.0966,617.566,11665.5,14.0966,700.197,14673.6,14.0966,793.729,18452.9,14.0966,899.599,23198.6,14.0966,1019.43,29154.1,14.0966,1155.07,36622.3,14.0966,1308.6,45977.9,14.0966,1482.39,57683.7,14.0966,1679.09,72307.8,14.0966,1901.73,90542.8,14.0966,2153.73,113226,14.0966,2438.97,141360,14.0966,2761.81,176127,14.0966,3127.22,218898,14.0966,3540.81,271226,14.0966,4008.92,334817,14.0966,4538.74,411470,14.0966,5138.38,502973,14.0966,5817.04,610948,14.0966,6585.12,736653,14.0966,7454.39,880741,14.0966,8438.15,1.04302e+06,14.0966,9551.45,1.22224e+06,14.0966,10811.3,1.41602e+06,14.0966,12237,1.62086e+06,14.0966,11.7194,11.96,12.6541,2.21263,4.16949,0.989383,2.67766,5.84076,0.311842,3.14343,7.55825,0.0972771,3.63127,9.58578,0.0303237,4.15787,12.0912,0.00945211,4.73731,15.2286,0.00294633,5.38238,19.1721,0.000918508,6.10553,24.134,0.000286163,6.91951,30.3791,8.92692e-05,7.83792,38.2397,2.78121e-05,8.87555,48.1338,8.65134e-06,10.0489,60.5876,2.7882e-06,11.3761,76.2629,8.29036e-07,12.8779,95.9927,2.4373e-07,14.5775,120.825,4.33068e-09,16.5012,152.08,1.75749e-07,18.6784,191.415,-1.86328e-07,21.1428,240.917,1.91829e-07,23.9322,303.213,-1.81475e-07,27.0895,381.602,7.0186e-08,30.6634,480.231,-2.86769e-08,34.7087,604.316,2.40784e-07,39.2876,760.401,9.87368e-08,44.4705,956.705,1.22263e-07,50.3371,1203.54,-4.31966e-07,56.9776,1513.81,-1.9705e-07,64.494,1903.69,-2.763e-08,73.0018,2393.4,3.9185e-07,82.6317,3008.13,1.35379e-07,93.5318,3779.25,-4.16351e-08,105.869,4745.7,2.06965e-08,119.834,5955.6,-3.18887e-07,135.641,7468.12,-1.48271e-08,153.531,9355.62,2.00739e-07,173.781,11705.8,2.28358e-07,196.701,14624.1,-1.93587e-08,222.642,18235,-2.88101e-07,252.003,22683.4,-2.24732e-07,285.234,28134,8.56806e-09,322.845,34767,2.34258e-07,365.413,42770.9,2.99668e-07,413.588,52327.9,8.28644e-08,468.111,63591.2,-3.07049e-07,529.814,76653.2,-3.1888e-07,599.642,91502.5,-6.72276e-08,678.662,107975,2.26339e-07,768.083,125705,3.69212e-07,869.267,144088,2.04077e-07,983.76,162277,-2.80509e-07,1113.3,179223,-4.22737e-07,1259.87,193777,-1.71951e-07,1425.68,204839,4.55555e-07,11.7194,11.96,12.6541,2.21263,4.16949,0.989383,2.67766,5.84076,0.311842,3.14343,7.55825,0.0972771,3.63127,9.58578,0.0303237,4.15787,12.0912,0.00945211,4.73731,15.2286,0.00294633,5.38238,19.1721,0.000918508,6.10553,24.134,0.000286163,6.91951,30.3791,8.92692e-05,7.83792,38.2397,2.78121e-05,8.87555,48.1338,8.65134e-06,10.0489,60.5876,2.7882e-06,11.3761,76.2629,8.29036e-07,12.8779,95.9927,2.4373e-07,14.5775,120.825,1e-08,16.5012,152.08,1.75749e-07,18.6784,191.415,1e-08,21.1428,240.917,1.91829e-07,23.9322,303.213,1e-08,27.0895,381.602,7.0186e-08,30.6634,480.231,1e-08,34.7087,604.316,2.40784e-07,39.2876,760.401,9.87368e-08,44.4705,956.705,1.22263e-07,50.3371,1203.54,1e-08,56.9776,1513.81,1e-08,64.494,1903.69,1e-08,73.0018,2393.4,3.9185e-07,82.6317,3008.13,1.35379e-07,93.5318,3779.25,1e-08,105.869,4745.7,2.06965e-08,119.834,5955.6,1e-08,135.641,7468.12,1e-08,153.531,9355.62,2.00739e-07,173.781,11705.8,2.28358e-07,196.701,14624.1,1e-08,222.642,18235,1e-08,252.003,22683.4,1e-08,285.234,28134,1e-08,322.845,34767,2.34258e-07,365.413,42770.9,2.99668e-07,413.588,52327.9,8.28644e-08,468.111,63591.2,1e-08,529.814,76653.2,1e-08,599.642,91502.5,1e-08,678.662,107975,2.26339e-07,768.083,125705,3.69212e-07,869.267,144088,2.04077e-07,983.76,162277,1e-08,1113.3,179223,1e-08,1259.87,193777,1e-08,1425.68,204839,4.55555e-07,6.2823,3.27286,2.43537,0.219672,6.18826,2.24117,0.56371,6.87772,2.63624,0.308279,9,13,13,1,0,2,1,10,0,2,8,0,3,15,0,5,9,0,4,24,0,4,27,0,6,21,0,8,20,0,8,54,0,6,69,0,17,50,0,12,47,0,18,55,0,14,135,0,21,117,0,13,199,0,16,306,0,20,247,0,32,261,0,49,466,0,10,521,0,20,1101,0,33,755,0,58,379,0,68,1624,0,65,1448,0,62,2198,0,123,2211,0,33,2766,0,56,2140,0,215,5958,0,101,5152,0,105,4843,0,145,13613,0,141,10040,0,105,19569,0,238,32905,0,390,33818,0,257,42789,0,418,47073,0,484,33749,0,267,38280,0,576,58300,0,387,57440,0,1007,182356,0,636,115965,0,1155,210554,0,711,125847,0,595,296289,0,1364,91425,0,1491,354610,0
-1.05176e+08,1,8.88811e-15,10,1023,0,1.05176e+08,0.528882,1.08665,0.389689,0.145397,0.379329,3.24381,0.161596,0.446195,1.77396,0.159177,1.15e+07,4.49998e+06,6.79999e+06,1.15e+07,4.49997e+06,6.79999e+06,1.15e+07,4.49996e+06,6.79999e+06,1.15e+07,4.49995e+06,6.79999e+06,1.14999e+07,4.49993e+06,6.79999e+06,1.14999e+07,4.49991e+06,6.79999e+06,1.14999e+07,4.49989e+06,6.79999e+06,1.14999e+07,4.49986e+06,6.79999e+06,1.14999e+07,4.49982e+06,6.79999e+06,1.14999e+07,4.49977e+06,6.79999e+06,1.14999e+07,4.49971e+06,6.79999e+06,1.14999e+07,4.49963e+06,6.79999e+06,1.14998e+07,4.49953e+06,6.79999e+06,1.14998e+07,4.49941e+06,6.79999e+06,1.14998e+07,4.49926e+06,6.79999e+06,1.14998e+07,4.49906e+06,6.79999e+06,1.14997e+07,4.49882e+06,6.79999e+06,1.14997e+07,4.49851e+06,6.79999e+06,1.14997e+07,4.49812e+06,6.79999e+06,1.14996e+07,4.49764e+06,6.79999e+06,1.14996e+07,4.49702e+06,6.79999e+06,1.14995e+07,4.49625e+06,6.79999e+06,1.14995e+07,4.49528e+06,6.79999e+06,1.14994e+07,4.49406e+06,6.79999e+06,1.14993e+07,4.49253e+06,6.79999e+06,1.14992e+07,4.49059e+06,6.79999e+06,1.14991e+07,4.48817e+06,6.79999e+06,1.1499e+07,4.48511e+06,6.79999e+06,1.14988e+07,4.48128e+06,6.79999e+06,1.14987e+07,4.47646e+06,6.79999e+06,1.14985e+07,4.47041e+06,6.79999e+06,1.14983e+07,4.46281e+06,6.79999e+06,1.14981e+07,4.4533e+06,6.79999e+06,1.14979e+07,4.44138e+06,6.79999e+06,1.14976e+07,4.42649e+06,6.79999e+06,1.14972e+07,4.40789e+06,6.79999e+06,1.14969e+07,4.38471e+06,6.79999e+06,1.14965e+07,4.35592e+06,6.79999e+06,1.1496e+07,4.32027e+06,6.79999e+06,1.14955e+07,4.27629e+06,6.79999e+06,1.14949e+07,4.22231e+06,6.79999e+06,1.14942e+07,4.15647e+06,6.79999e+06,1.14934e+07,4.07676e+06,6.79999e+06,1.14926e+07,3.98112e+06,6.79999e+06,1.14916e+07,3.86765e+06,6.79999e+06,1.14905e+07,3.73474e+06,6.79999e+06,1.14892e+07,3.58148e+06,6.79999e+06,1.14878e+07,3.40785e+06,6.79999e+06,1.14862e+07,3.21513e+06,6.79999e+06,1.14844e+07,3.00605e+06,6.79999e+06,1.14823e+07,2.7848e+06,6.79999e+06,1.148e+07,2.5568e+06,6.79999e+06,1.14773e+07,2.32825e+06,6.79999e+06,13.5742,8.52444,0.508366,16.8306,13.2585,0.162638,20.0035,17.569,0.0507846,23.2616,22.4214,0.0158319,26.7328,28.3297,0.00493498,30.5212,35.6974,0.00153831,34.7178,44.9473,0.000479527,39.4086,56.5822,0.000149456,44.6796,71.2245,4.66214e-05,50.6209,89.6543,1.45419e-05,57.3297,112.852,4.54748e-06,64.9129,142.051,1.43857e-06,73.4897,178.803,4.36618e-07,83.1934,225.062,1.40153e-07,94.1745,283.286,4.96378e-08,106.602,356.568,1.05434e-07,120.669,448.799,-6.49244e-08,136.59,564.873,1.70148e-07,154.611,710.948,-5.34594e-08,175.008,894.767,1.63407e-07,198.097,1126.06,8.04804e-08,224.231,1417.07,1.14667e-07,253.813,1783.15,-1.71227e-07,287.297,2243.62,-2.88466e-07,325.198,2822.67,-4.33651e-07,368.098,3550.67,7.9318e-08,416.657,4465.65,3.13319e-07,471.621,5615.16,3.4613e-07,533.835,7058.61,-1.19199e-07,604.255,8870.02,-2.79964e-07,683.962,11141.4,-2.30521e-07,774.182,13986.7,-2.55099e-07,876.299,17546.4,1.23585e-07,991.883,21993.1,1.41192e-07,1122.71,27536.7,-9.71886e-08,1270.78,34430.7,-3.68368e-07,1438.38,42977.7,-3.45379e-07,1628.07,53532.7,-3.25328e-09,1842.77,66504.6,2.6362e-07,2085.77,82350.2,2.53445e-07,2360.79,101560,-2.47407e-08,2672.05,124632,-3.80602e-07,3024.31,152018,-4.79005e-07,3422.98,184060,-1.14379e-07,3874.15,220884,2.64297e-07,4384.72,262283,3.44131e-07,4962.49,307576,7.5349e-08,5616.29,355497,-3.63097e-07,6356.1,404126,-6.05442e-07,7193.18,450932,-2.72333e-07,8140.28,492963,2.29675e-07,9211.79,527178,4.3387e-07,10424,550893,-1.0711e-07,10.102,8.06553,2.81012,10.6436,8.57909,0.869423,11.5336,10.2515,0.270869,12.7211,12.7138,0.0844293,14.1823,15.9373,0.0263173,15.9122,20.0383,0.0082035,17.9198,25.2154,0.00255722,20.2244,31.7373,0.000797017,22.8539,39.9486,0.000248622,25.8438,50.2851,7.75492e-05,29.237,63.2963,2.42508e-05,33.0837,79.6738,7.67162e-06,37.4415,100.288,2.32837e-06,42.3767,126.236,7.33e-07,47.9646,158.896,2.79256e-07,54.2906,200.003,9.87351e-09,61.452,251.741,1.61085e-07,69.5585,316.859,-2.47141e-07,78.7347,398.812,8.93552e-08,89.1218,501.948,-2.53231e-07,100.879,631.736,-1.25047e-07,114.188,795.049,-1.78808e-07,129.252,1000.53,2.6733e-07,146.304,1259.03,4.50292e-07,165.605,1584.19,6.76904e-07,187.452,1993.12,-1.23808e-07,212.181,2507.27,-4.89068e-07,240.173,3153.54,-5.40284e-07,271.856,3965.56,1.86061e-07,307.719,4985.38,4.37004e-07,348.313,6265.4,3.59828e-07,394.26,7870.83,3.98192e-07,446.268,9882.51,-1.92908e-07,505.135,12400.3,-2.20392e-07,571.766,15546.9,1.51705e-07,647.184,19472.2,5.74996e-07,732.547,24357.4,5.39112e-07,829.167,30420,5.07815e-09,938.526,37916.3,-4.11492e-07,1062.3,47143.9,-3.9561e-07,1202.4,58439.2,3.86185e-08,1360.96,72169.3,5.94093e-07,1540.42,88715.8,7.47693e-07,1743.53,108445,1.78537e-07,1973.41,131665,-4.12549e-07,2233.57,158557,-5.37164e-07,2528,189103,-1.17615e-07,2861.2,222986,5.66769e-07,3238.27,259510,9.45053e-07,3664.97,297540,4.25093e-07,4147.81,335497,-3.58506e-07,4694.17,371444,-6.7724e-07,5312.37,403256,1.67192e-07,1.61744,3.89446,9.84394,3.28846,7.5504,12.774,5.07607,11.7187,13.6844,7.03202,16.8147,13.9681,9.20215,23.1769,14.0566,11.6301,31.1672,14.0841,14.3598,41.2186,14.0927,17.4376,53.8688,14.0954,20.9137,69.7915,14.0962,24.8432,89.8341,14.0965,29.2879,115.063,14.0966,34.3168,146.819,14.0966,40.0078,186.792,14.0966,46.4487,237.107,14.0966,53.7388,300.44,14.0966,61.9903,380.158,14.0966,71.3301,480.499,14.0966,81.902,606.796,14.0966,93.8685,765.761,14.0966,107.414,965.837,14.0966,122.746,1217.65,14.0966,140.101,1534.57,14.0966,159.745,1933.41,14.0966,181.981,2435.3,14.0966,207.15,3066.85,14.0966,235.64,3861.46,14.0966,267.889,4861.11,14.0966,304.391,6118.54,14.0966,345.709,7699.91,14.0966,392.478,9688.22,14.0966,445.417,12187.5,14.0966,505.339,15327.7,14.0966,573.165,19271.6,14.0966,649.938,24222,14.0966,736.839,30430.9,14.0966,835.202,38211.5,14.0966,946.539,47950.3,14.0966,1072.56,60122.8,14.0966,1215.21,75309.9,14.0966,1376.66,94216.2,14.0966,1559.41,117688,14.0966,1766.26,146729,14.0966,2000.39,182510,14.0966,2265.39,226372,14.0966,2565.33,279806,14.0966,2904.81,344416,14.0966,3289.05,421845,14.0966,3723.93,513667,14.0966,4216.13,621231,14.0966,4773.18,745478,14.0966,5403.64,886744,14.0966,6117.15,1.04457e+06,14.0966,6924.63,1.2176e+06,14.0966,11.7194,11.96,12.6541,13.9321,16.1295,13.6434,16.6097,21.9702,13.9553,19.7532,29.5285,14.0526,23.3844,39.1143,14.0829,27.5423,51.2054,14.0923,32.2796,66.434,14.0953,37.662,85.6061,14.0962,43.7675,109.74,14.0965,50.687,140.119,14.0966,58.5249,178.359,14.0966,67.4005,226.493,14.0966,77.4493,287.08,14.0966,88.8254,363.343,14.0966,101.703,459.336,14.0966,116.281,580.161,14.0966,132.782,732.241,14.0966,151.46,923.655,14.0966,172.603,1164.57,14.0966,196.535,1467.79,14.0966,223.625,1849.39,14.0966,254.288,2329.62,14.0966,288.997,2933.93,14.0966,328.285,3694.33,14.0966,372.755,4651.04,14.0966,423.092,5854.57,14.0966,480.07,7368.38,14.0966,544.564,9272.08,14.0966,617.566,11665.5,14.0966,700.197,14673.6,14.0966,793.729,18452.9,14.0966,899.599,23198.6,14.0966,1019.43,29154.1,14.0966,1155.07,36622.3,14.0966,1308.6,45977.9,14.0966,1482.39,57683.7,14.0966,1679.09,72307.8,14.0966,1901.73,90542.8,14.0966,2153.73,113226,14.0966,2438.97,141360,14.0966,2761.81,176127,14.0966,3127.22,218898,14.0966,3540.81,271226,14.0966,4008.92,334817,14.0966,4538.74,411470,14.0966,5138.38,502973,14.0966,5817.04,610948,14.0966,6585.12,736653,14.0966,7454.39,880741,14.0966,8438.15,1.04302e+06,14.0966,9551.45,1.22224e+06,14.0966,10811.3,1.41602e+06,14.0966,12237,1.62086e+06,14.0966,11.7194,11.96,12.6541,2.21263,4.16949,0.989383,2.67766,5.84076,0.311842,3.14343,7.55825,0.0972771,3.63127,9.58578,0.0303237,4.15787,12.0912,0.00945211,4.73731,15.2286,0.00294633,5.38238,19.1721,0.000918508,6.10553,24.134,0.000286163,6.91951,30.3791,8.92692e-05,7.83792,38.2397,2.78121e-05,8.87555,48.1338,8.65134e-06,10.0489,60.5876,2.7882e-06,11.3761,76.2629,8.29036e-07,12.8779,95.9927,2.4373e-07,14.5775,120.825,4.33068e-09,16.5012,152.08,1.75749e-07,18.6784,191.415,-1.86328e-07,21.1428,240.917,1.91829e-07,23.9322,303.213,-1.81475e-07,27.0895,381.602,7.0186e-08,30.6634,480.231,-2.86769e-08,34.7087,604.316,2.40784e-07,39.2876,760.401,9.87368e-08,44.4705,956.705,1.22263e-07,50.3371,1203.54,-4.31966e-07,56.9776,1513.81,-1.9705e-07,64.494,1903.69,-2.763e-08,73.0018,2393.4,3.9185e-07,82.6317,3008.13,1.35379e-07,93.5318,3779.25,-4.16351e-08,105.869,4745.7,2.06965e-08,119.834,5955.6,-3.18887e-07,135.641,7468.12,-1.48271e-08,153.531,9355.62,2.00739e-07,173.781,11705.8,2.28358e-07,196.701,14624.1,-1.93587e-08,222.642,18235,-2.88101e-07,252.003,22683.4,-2.24732e-07,285.234,28134,8.56806e-09,322.845,34767,2.34258e-07,365.413,42770.9,2.99668e-07,413.588,52327.9,8.28644e-08,468.111,63591.2,-3.07049e-07,529.814,76653.2,-3.1888e-07,599.642,91502.5,-6.72276e-08,678.662,107975,2.26339e-07,768.083,125705,3.69212e-07,869.267,144088,2.04077e-07,983.76,162277,-2.80509e-07,1113.3,179223,-4.22737e-07,1259.87,193777,-1.71951e-07,1425.68,204839,4.55555e-07,11.7194,11.96,12.6541,2.21263,4.16949,0.989383,2.67766,5.84076,0.311842,3.14343,7.55825,0.0972771,3.63127,9.58578,0.0303237,4.15787,12.0912,0.00945211,4.73731,15.2286,0.00294633,5.38238,19.1721,0.000918508,6.10553,24.134,0.000286163,6.91951,30.3791,8.92692e-05,7.83792,38.2397,2.78121e-05,8.87555,48.1338,8.65134e-06,10.0489,60.5876,2.7882e-06,11.3761,76.2629,8.29036e-07,12.8779,95.9927,2.4373e-07,14.5775,120.825,1e-08,16.5012,152.08,1.75749e-07,18.6784,191.415,1e-08,21.1428,240.917,1.91829e-07,23.9322,303.213,1e-08,27.0895,381.602,7.0186e-08,30.6634,480.231,1e-08,34.7087,604.316,2.40784e-07,39.2876,760.401,9.87368e-08,44.4705,956.705,1.22263e-07,50.3371,1203.54,1e-08,56.9776,1513.81,1e-08,64.494,1903.69,1e-08,73.0018,2393.4,3.9185e-07,82.6317,3008.13,1.35379e-07,93.5318,3779.25,1e-08,105.869,4745.7,2.06965e-08,119.834,5955.6,1e-08,135.641,7468.12,1e-08,153.531,9355.62,2.00739e-07,173.781,11705.8,2.28358e-07,196.701,14624.1,1e-08,222.642,18235,1e-08,252.003,22683.4,1e-08,285.234,28134,1e-08,322.845,34767,2.34258e-07,365.413,42770.9,2.99668e-07,413.588,52327.9,8.28644e-08,468.111,63591.2,1e-08,529.814,76653.2,1e-08,599.642,91502.5,1e-08,678.662,107975,2.26339e-07,768.083,125705,3.69212e-07,869.267,144088,2.04077e-07,983.76,162277,1e-08,1113.3,179223,1e-08,1259.87,193777,1e-08,1425.68,204839,4.55555e-07,6.2823,3.27286,2.43537,0.219672,6.18826,2.24117,0.56371,6.87772,2.63624,0.308279,9,3,10,3,3,0,3,5,0,4,5,0,4,11,0,4,7,0,7,7,0,2,22,0,1,24,0,13,28,0,10,30,0,7,50,0,15,108,0,7,31,0,8,106,0,17,69,0,6,155,0,9,105,0,24,393,0,14,532,0,37,219,0,62,232,0,21,506,0,29,483,0,39,489,0,45,1252,0,87,1418,0,60,3607,0,85,2408,0,71,845,0,103,3140,0,84,2905,0,62,4575,0,156,5368,0,114,9492,0,236,11670,0,345,11939,0,225,10985,0,318,16044,0,266,25699,0,429,32650,0,271,60892,0,378,57477,0,854,35336,0,760,110175,0,493,141496,0,522,95057,0,588,232619,0,748,127277,0,878,113783,0,933,165216,0,1477,257072,0,877,391892,0
-1.05176e+08,1,8.88811e-15,10,1023,0,1.05176e+08,0.528882,1.08665,0.389689,0.145397,0.379329,3.24381,0.161596,0.446195,1.77396,0.159177,1.15e+07,4.49998e+06,6.79999e+06,1.15e+07,4.49997e+06,6.79999e+06,1.15e+07,4.49996e+06,6.79999e+06,1.15e+07,4.49995e+06,6.79999e+06,1.14999e+07,4.49993e+06,6.79999e+06,1.14999e+07,4.49991e+06,6.79999e+06,1.14999e+07,4.49989e+06,6.79999e+06,1.14999e+07,4.49986e+06,6.79999e+06,1.14999e+07,4.49982e+06,6.79999e+06,1.14999e+07,4.49977e+06,6.79999e+06,1.14999e+07,4.49971e+06,6.79999e+06,1.14999e+07,4.49963e+06,6.79999e+06,1.14998e+07,4.49953e+06,6.79999e+06,1.14998e+07,4.49941e+06,6.79999e+06,1.14998e+07,4.49926e+06,6.79999e+06,1.14998e+07,4.49906e+06,6.79999e+06,1.14997e+07,4.49882e+06,6.79999e+06,1.14997e+07,4.49851e+06,6.79999e+06,1.14997e+07,4.49812e+06,6.79999e+06,1.14996e+07,4.49764e+06,6.79999e+06,1.14996e+07,4.49702e+06,6.79999e+06,1.14995e+07,4.49625e+06,6.79999e+06,1.14995e+07,4.49528e+06,6.79999e+06,1.14994e+07,4.49406e+06,6.79999e+06,1.14993e+07,4.49253e+06,6.79999e+06,1.14992e+07,4.49059e+06,6.79999e+06,1.14991e+07,4.48817e+06,6.79999e+06,1.1499e+07,4.48511e+06,6.79999e+06,1.14988e+07,4.48128e+06,6.79999e+06,1.14987e+07,4.47646e+06,6.79999e+06,1.14985e+07,4.47041e+06,6.79999e+06,1.14983e+07,4.46281e+06,6.79999e+06,1.14981e+07,4.4533e+06,6.79999e+06,1.14979e+07,4.44138e+06,6.79999e+06,1.14976e+07,4.42649e+06,6.79999e+06,1.14972e+07,4.40789e+06,6.79999e+06,1.14969e+07,4.38471e+06,6.79999e+06,1.14965e+07,4.35592e+06,6.79999e+06,1.1496e+07,4.32027e+06,6.79999e+06,1.14955e+07,4.27629e+06,6.79999e+06,1.14949e+07,4.22231e+06,6.79999e+06,1.14942e+07,4.15647e+06,6.79999e+06,1.14934e+07,4.07676e+06,6.79999e+06,1.14926e+07,3.98112e+06,6.79999e+06,1.14916e+07,3.86765e+06,6.79999e+06,1.14905e+07,3.73474e+06,6.79999e+06,1.14892e+07,3.58148e+06,6.79999e+06,1.14878e+07,3.40785e+06,6.79999e+06,1.14862e+07,3.21513e+06,6.79999e+06,1.14844e+07,3.00605e+06,6.79999e+06,1.14823e+07,2.7848e+06,6.79999e+06,1.148e+07,2.5568e+06,6.79999e+06,1.14773e+07,2.32825e+06,6.79999e+06,13.5742,8.52444,0.508366,16.8306,13.2585,0.162638,20.0035,17.569,0.0507846,23.2616,22.4214,0.0158319,26.7328,28.3297,0.00493498,30.5212,35.6974,0.00153831,34.7178,44.9473,0.000479527,39.4086,56.5822,0.000149456,44.6796,71.2245,4.66214e-05,50.6209,89.6543,1.45419e-05,57.3297,112.852,4.54748e-06,64.9129,142.051,1.43857e-06,73.4897,178.803,4.36618e-07,83.1934,225.062,1.40153e-07,94.1745,283.286,4.96378e-08,106.602,356.568,1.05434e-07,120.669,448.799,-6.49244e-08,136.59,564.873,1.70148e-07,154.611,710.948,-5.34594e-08,175.008,894.767,1.63407e-07,198.097,1126.06,8.04804e-08,224.231,1417.07,1.14667e-07,253.813,1783.15,-1.71227e-07,287.297,2243.62,-2.88466e-07,325.198,2822.67,-4.33651e-07,368.098,3550.67,7.9318e-08,416.657,4465.65,3.13319e-07,471.621,5615.16,3.4613e-07,533.835,7058.61,-1.19199e-07,604.255,8870.02,-2.79964e-07,683.962,11141.4,-2.30521e-07,774.182,13986.7,-2.55099e-07,876.299,17546.4,1.23585e-07,991.883,21993.1,1.41192e-07,1122.71,27536.7,-9.71886e-08,1270.78,34430.7,-3.68368e-07,1438.38,42977.7,-3.45379e-07,1628.07,53532.7,-3.25328e-09,1842.77,66504.6,2.6362e-07,2085.77,82350.2,2.53445e-07,2360.79,101560,-2.47407e-08,2672.05,124632,-3.80602e-07,3024.31,152018,-4.79005e-07,3422.98,184060,-1.14379e-07,3874.15,220884,2.64297e-07,4384.72,262283,3.44131e-07,4962.49,307576,7.5349e-08,5616.29,355497,-3.63097e-07,6356.1,404126,-6.05442e-07,7193.18,450932,-2.72333e-07,8140.28,492963,2.29675e-07,9211.79,527178,4.3387e-07,10424,550893,-1.0711e-07,10.102,8.06553,2.81012,10.6436,8.57909,0.869423,11.5336,10.2515,0.270869,12.7211,12.7138,0.0844293,14.1823,15.9373,0.0263173,15.9122,20.0383,0.0082035,17.9198,25.2154,0.00255722,20.2244,31.7373,0.000797017,22.8539,39.9486,0.000248622,25.8438,50.2851,7.75492e-05,29.237,63.2963,2.42508e-05,33.0837,79.6738,7.67162e-06,37.4415,100.288,2.32837e-06,42.3767,126.236,7.33e-07,47.9646,158.896,2.79256e-07,54.2906,200.003,9.87351e-09,61.452,251.741,1.61085e-07,69.5585,316.859,-2.47141e-07,78.7347,398.812,8.93552e-08,89.1218,501.948,-2.53231e-07,100.879,631.736,-1.25047e-07,114.188,795.049,-1.78808e-07,129.252,1000.53,2.6733e-07,146.304,1259.03,4.50292e-07,165.605,1584.19,6.76904e-07,187.452,1993.12,-1.23808e-07,212.181,2507.27,-4.89068e-07,240.173,3153.54,-5.40284e-07,271.856,3965.56,1.86061e-07,307.719,4985.38,4.37004e-07,348.313,6265.4,3.59828e-07,394.26,7870.83,3.98192e-07,446.268,9882.51,-1.92908e-07,505.135,12400.3,-2.20392e-07,571.766,15546.9,1.51705e-07,647.184,19472.2,5.74996e-07,732.547,24357.4,5.39112e-07,829.167,30420,5.07815e-09,938.526,37916.3,-4.11492e-07,1062.3,47143.9,-3.9561e-07,1202.4,58439.2,3.86185e-08,1360.96,72169.3,5.94093e-07,1540.42,88715.8,7.47693e-07,1743.53,108445,1.78537e-07,1973.41,131665,-4.12549e-07,2233.57,158557,-5.37164e-07,2528,189103,-1.17615e-07,2861.2,222986,5.66769e-07,3238.27,259510,9.45053e-07,3664.97,297540,4.25093e-07,4147.81,335497,-3.58506e-07,4694.17,371444,-6.7724e-07,5312.37,403256,1.67192e-07,1.61744,3.89446,9.84394,3.28846,7.5504,12.774,5.07607,11.7187,13.6844,7.03202,16.8147,13.9681,9.20215,23.1769,14.0566,11.6301,31.1672,14.0841,14.3598,41.2186,14.0927,17.4376,53.8688,14.0954,20.9137,69.7915,14.0962,24.8432,89.8341,14.0965,29.2879,115.063,14.0966,34.3168,146.819,14.0966,40.0078,186.792,14.0966,46.4487,237.107,14.0966,53.7388,300.44,14.0966,61.9903,380.158,14.0966,71.3301,480.499,14.0966,81.902,606.796,14.0966,93.8685,765.761,14.0966,107.414,965.837,14.0966,122.746,1217.65,14.0966,140.101,1534.57,14.0966,159.745,1933.41,14.0966,181.981,2435.3,14.0966,207.15,3066.85,14.0966,235.64,3861.46,14.0966,267.889,4861.11,14.0966,304.391,6118.54,14.0966,345.709,7699.91,14.0966,392.478,9688.22,14.0966,445.417,12187.5,14.0966,505.339,15327.7,14.0966,573.165,19271.6,14.0966,649.938,24222,14.0966,736.839,30430.9,14.0966,835.202,38211.5,14.0966,946.539,47950.3,14.0966,1072.56,60122.8,14.0966,1215.21,75309.9,14.0966,1376.66,94216.2,14.0966,1559.41,117688,14.0966,1766.26,146729,14.0966,2000.39,182510,14.0966,2265.39,226372,14.0966,2565.33,279806,14.0966,2904.81,344416,14.0966,3289.05,421845,14.0966,3723.93,513667,14.0966,4216.13,621231,14.0966,4773.18,745478,14.0966,5403.64,886744,14.0966,6117.15,1.04457e+06,14.0966,6924.63,1.2176e+06,14.0966,11.7194,11.96,12.6541,13.9321,16.1295,13.6434,16.6097,21.9702,13.9553,19.7532,29.5285,14.0526,23.3844,39.1143,14.0829,27.5423,51.2054,14.0923,32.2796,66.434,14.0953,37.662,85.6061,14.0962,43.7675,109.74,14.0965,50.687,140.119,14.0966,58.5249,178.359,14.0966,67.4005,226.493,14.0966,77.4493,287.08,14.0966,88.8254,363.343,14.0966,101.703,459.336,14.0966,116.281,580.161,14.0966,132.782,732.241,14.0966,151.46,923.655,14.0966,172.603,1164.57,14.0966,196.535,1467.79,14.0966,223.625,1849.39,14.0966,254.288,2329.62,14.0966,288.997,2933.93,14.0966,328.285,3694.33,14.0966,372.755,4651.04,14.0966,423.092,5854.57,14.0966,480.07,7368.38,14.0966,544.564,9272.08,14.0966,617.566,11665.5,14.0966,700.197,14673.6,14.0966,793.729,18452.9,14.0966,899.599,23198.6,14.0966,1019.43,29154.1,14.0966,1155.07,36622.3,14.0966,1308.6,45977.9,14.0966,1482.39,57683.7,14.0966,1679.09,72307.8,14.0966,1901.73,90542.8,14.0966,2153.73,113226,14.0966,2438.97,141360,14.0966,2761.81,176127,14.0966,3127.22,218898,14.0966,3540.81,271226,14.0966,4008.92,334817,14.0966,4538.74,411470,14.0966,5138.38,502973,14.0966,5817.04,610948,14.0966,6585.12,736653,14.0966,7454.39,880741,14.0966,8438.15,1.04302e+06,14.0966,9551.45,1.22224e+06,14.0966,10811.3,1.41602e+06,14.0966,12237,1.62086e+06,14.0966,11.7194,11.96,12.6541,2.21263,4.16949,0.989383,2.67766,5.84076,0.311842,3.14343,7.55825,0.0972771,3.63127,9.58578,0.0303237,4.15787,12.0912,0.00945211,4.73731,15.2286,0.00294633,5.38238,19.1721,0.000918508,6.10553,24.134,0.000286163,6.91951,30.3791,8.92692e-05,7.83792,38.2397,2.78121e-05,8.87555,48.1338,8.65134e-06,10.0489,60.5876,2.7882e-06,11.3761,76.2629,8.29036e-07,12.8779,95.9927,2.4373e-07,14.5775,120.825,4.33068e-09,16.5012,152.08,1.75749e-07,18.6784,191.415,-1.86328e-07,21.1428,240.917,1.91829e-07,23.9322,303.213,-1.81475e-07,27.0895,381.602,7.0186e-08,30.6634,480.231,-2.86769e-08,34.7087,604.316,2.40784e-07,39.2876,760.401,9.87368e-08,44.4705,956.705,1.22263e-07,50.3371,1203.54,-4.31966e-07,56.9776,1513.81,-1.9705e-07,64.494,1903.69,-2.763e-08,73.0018,2393.4,3.9185e-07,82.6317,3008.13,1.35379e-07,93.5318,3779.25,-4.16351e-08,105.869,4745.7,2.06965e-08,119.834,5955.6,-3.18887e-07,135.641,7468.12,-1.48271e-08,153.531,9355.62,2.00739e-07,173.781,11705.8,2.28358e-07,196.701,14624.1,-1.93587e-08,222.642,18235,-2.88101e-07,252.003,22683.4,-2.24732e-07,285.234,28134,8.56806e-09,322.845,34767,2.34258e-07,365.413,42770.9,2.99668e-07,413.588,52327.9,8.28644e-08,468.111,63591.2,-3.07049e-07,529.814,76653.2,-3.1888e-07,599.642,91502.5,-6.72276e-08,678.662,107975,2.26339e-07,768.083,125705,3.69212e-07,869.267,144088,2.04077e-07,983.76,162277,-2.80509e-07,1113.3,179223,-4.22737e-07,1259.87,193777,-1.71951e-07,1425.68,204839,4.55555e-07,11.7194,11.96,12.6541,2.21263,4.16949,0.989383,2.67766,5.84076,0.311842,3.14343,7.55825,0.0972771,3.63127,9.58578,0.0303237,4.15787,12.0912,0.00945211,4.73731,15.2286,0.00294633,5.38238,19.1721,0.000918508,6.10553,24.134,0.000286163,6.91951,30.3791,8.92692e-05,7.83792,38.2397,2.78121e-05,8.87555,48.1338,8.65134e-06,10.0489,60.5876,2.7882e-06,11.3761,76.2629,8.29036e-07,12.8779,95.9927,2.4373e-07,14.5775,120.825,1e-08,16.5012,152.08,1.75749e-07,18.6784,191.415,1e-08,21.1428,240.917,1.91829e-07,23.9322,303.213,1e-08,27.0895,381.602,7.0186e-08,30.6634,480.231,1e-08,34.7087,604.316,2.40784e-07,39.2876,760.401,9.87368e-08,44.4705,956.705,1.22263e-07,50.3371,1203.54,1e-08,56.9776,1513.81,1e-08,64.494,1903.69,1e-08,73.0018,2393.4,3.9185e-07,82.6317,3008.13,1.35379e-07,93.5318,3779.25,1e-08,105.869,4745.7,2.06965e-08,119.834,5955.6,1e-08,135.641,7468.12,1e-08,153.531,9355.62,2.00739e-07,173.781,11705.8,2.28358e-07,196.701,14624.1,1e-08,222.642,18235,1e-08,252.003,22683.4,1e-08,285.234,28134,1e-08,322.845,34767,2.34258e-07,365.413,42770.9,2.99668e-07,413.588,52327.9,8.28644e-08,468.111,63591.2,1e-08,529.814,76653.2,1e-08,599.642,91502.5,1e-08,678.662,107975,2.26339e-07,768.083,125705,3.69212e-07,869.267,144088,2.04077e-07,983.76,162277,1e-08,1113.3,179223,1e-08,1259.87,193777,1e-08,1425.68,204839,4.55555e-07,6.2823,3.27286,2.43537,0.219672,6.18826,2.24117,0.56371,6.87772,2.63624,0.308279,10,12,4,0,4,0,2,5,0,5,1,0,5,9,0,4,11,0,6,13,0,11,27,0,1,39,0,3,14,0,10,34,0,11,38,0,14,52,0,22,59,0,4,84,0,26,56,0,6,142,0,18,180,0,30,134,0,12,400,0,25,393,0,24,281,0,30,798,0,86,853,0,37,867,0,38,1579,0,42,765,0,53,2673,0,82,2138,0,30,2598,0,92,2500,0,27,6473,0,40,8991,0,78,5976,0,86,6015,0,114,15550,0,142,12031,0,128,23176,0,175,25676,0,363,25571,0,203,26789,0,750,72891,0,888,75451,0,454,53458,0,275,43717,0,1147,74268,0,522,118993,0,919,35242,0,770,173841,0,675,154160,0,2248,154746,0,1101,227405,0,2001,132424,0
-1.05176e+08,1,8.88811e-15,10,1023,0,1.05176e+08,0.528882,1.08665,0.389689,0.145397,0.379329,3.24381,0.161596,0.446195,1.77396,0.159177,1.15e+07,4.49998e+06,6.79999e+06,1.15e+07,4.49997e+06,6.79999e+06,1.15e+07,4.49996e+06,6.79999e+06,1.15e+07,4.49995e+06,6.79999e+06,1.14999e+07,4.49993e+06,6.79999e+06,1.14999e+07,4.49991e+06,6.79999e+06,1.14999e+07,4.49989e+06,6.79999e+06,1.14999e+07,4.49986e+06,6.79999e+06,1.14999e+07,4.49982e+06,6.79999e+06,1.14999e+07,4.49977e+06,6.79999e+06,1.14999e+07,4.49971e+06,6.79999e+06,1.14999e+07,4.49963e+06,6.79999e+06,1.14998e+07,4.49953e+06,6.79999e+06,1.14998e+07,4.49941e+06,6.79999e+06,1.14998e+07,4.49926e+06,6.79999e+06,1.14998e+07,4.49906e+06,6.79999e+06,1.14997e+07,4.49882e+06,6.79999e+06,1.14997e+07,4.49851e+06,6.79999e+06,1.14997e+07,4.49812e+06,6.79999e+06,1.14996e+07,4.49764e+06,6.79999e+06,1.14996e+07,4.49702e+06,6.79999e+06,1.14995e+07,4.49625e+06,6.79999e+06,1.14995e+07,4.49528e+06,6.79999e+06,1.14994e+07,4.49406e+06,6.79999e+06,1.14993e+07,4.49253e+06,6.79999e+06,1.14992e+07,4.49059e+06,6.79999e+06,1.14991e+07,4.48817e+06,6.79999e+06,1.1499e+07,4.48511e+06,6.79999e+06,1.14988e+07,4.48128e+06,6.79999e+06,1.14987e+07,4.47646e+06,6.79999e+06,1.14985e+07,4.47041e+06,6.79999e+06,1.14983e+07,4.46281e+06,6.79999e+06,1.14981e+07,4.4533e+06,6.79999e+06,1.14979e+07,4.44138e+06,6.79999e+06,1.14976e+07,4.42649e+06,6.79999e+06,1.14972e+07,4.40789e+06,6.79999e+06,1.14969e+07,4.38471e+06,6.79999e+06,1.14965e+07,4.35592e+06,6.79999e+06,1.1496e+07,4.32027e+06,6.79999e+06,1.14955e+07,4.27629e+06,6.79999e+06,1.14949e+07,4.22231e+06,6.79999e+06,1.14942e+07,4.15647e+06,6.79999e+06,1.14934e+07,4.07676e+06,6.79999e+06,1.14926e+07,3.98112e+06,6.79999e+06,1.14916e+07,3.86765e+06,6.79999e+06,1.14905e+07,3.73474e+06,6.79999e+06,1.14892e+07,3.58148e+06,6.79999e+06,1.14878e+07,3.40785e+06,6.79999e+06,1.14862e+07,3.21513e+06,6.79999e+06,1.14844e+07,3.00605e+06,6.79999e+06,1.14823e+07,2.7848e+06,6.79999e+06,1.148e+07,2.5568e+06,6.79999e+06,1.14773e+07,2.32825e+06,6.79999e+06,13.5742,8.52444,0.508366,16.8306,13.2585,0.162638,20.0035,17.569,0.0507846,23.2616,22.4214,0.0158319,26.7328,28.3297,0.00493498,30.5212,35.6974,0.00153831,34.7178,44.9473,0.000479527,39.4086,56.5822,0.000149456,44.6796,71.2245,4.66214e-05,50.6209,89.6543,1.45419e-05,57.3297,112.852,4.54748e-06,64.9129,142.051,1.43857e-06,73.4897,178.803,4.36618e-07,83.1934,225.062,1.40153e-07,94.1745,283.286,4.96378e-08,106.602,356.568,1.05434e-07,120.669,448.799,-6.49244e-08,136.59,564.873,1.70148e-07,154.611,710.948,-5.34594e-08,175.008,894.767,1.63407e-07,198.097,1126.06,8.04804e-08,224.231,1417.07,1.14667e-07,253.813,1783.15,-1.71227e-07,287.297,2243.62,-2.88466e-07,325.198,2822.67,-4.33651e-07,368.098,3550.67,7.9318e-08,416.657,4465.65,3.13319e-07,471.621,5615.16,3.4613e-07,533.835,7058.61,-1.19199e-07,604.255,8870.02,-2.79964e-07,683.962,11141.4,-2.30521e-07,774.182,13986.7,-2.55099e-07,876.299,17546.4,1.23585e-07,991.883,21993.1,1.41192e-07,1122.71,27536.7,-9.71886e-08,1270.78,34430.7,-3.68368e-07,1438.38,42977.7,-3.45379e-07,1628.07,53532.7,-3.25328e-09,1842.77,66504.6,2.6362e-07,2085.77,82350.2,2.53445e-07,2360.79,101560,-2.47407e-08,2672.05,124632,-3.80602e-07,3024.31,152018,-4.79005e-07,3422.98,184060,-1.14379e-07,3874.15,220884,2.64297e-07,4384.72,262283,3.44131e-07,4962.49,307576,7.5349e-08,5616.29,355497,-3.63097e-07,6356.1,404126,-6.05442e-07,7193.18,450932,-2.72333e-07,8140.28,492963,2.29675e-07,9211.79,527178,4.3387e-07,10424,550893,-1.0711e-07,10.102,8.06553,2.81012,10.6436,8.57909,0.869423,11.5336,10.2515,0.270869,12.7211,12.7138,0.0844293,14.1823,15.9373,0.0263173,15.9122,20.0383,0.0082035,17.9198,25.2154,0.00255722,20.2244,31.7373,0.000797017,22.8539,39.9486,0.000248622,25.8438,50.2851,7.75492e-05,29.237,63.2963,2.42508e-05,33.0837,79.6738,7.67162e-06,37.4415,100.288,2.32837e-06,42.3767,126.236,7.33e-07,47.9646,158.896,2.79256e-07,54.2906,200.003,9.87351e-09,61.452,251.741,1.61085e-07,69.5585,316.859,-2.47141e-07,78.7347,398.812,8.93552e-08,89.1218,501.948,-2.53231e-07,100.879,631.736,-1.25047e-07,114.188,795.049,-1.78808e-07,129.252,1000.53,2.6733e-07,146.304,1259.03,4.50292e-07,165.605,1584.19,6.76904e-07,187.452,1993.12,-1.23808e-07,212.181,2507.27,-4.89068e-07,240.173,3153.54,-5.40284e-07,271.856,3965.56,1.86061e-07,307.719,4985.38,4.37004e-07,348.313,6265.4,3.59828e-07,394.26,7870.83,3.98192e-07,446.268,9882.51,-1.92908e-07,505.135,12400.3,-2.20392e-07,571.766,15546.9,1.51705e-07,647.184,19472.2,5.74996e-07,732.547,24357.4,5.39112e-07,829.167,30420,5.07815e-09,938.526,37916.3,-4.11492e-07,1062.3,47143.9,-3.9561e-07,1202.4,58439.2,3.86185e-08,1360.96,72169.3,5.94093e-07,1540.42,88715.8,7.47693e-07,1743.53,108445,1.78537e-07,1973.41,131665,-4.12549e-07,2233.57,158557,-5.37164e-07,2528,189103,-1.17615e-07,2861.2,222986,5.66769e-07,3238.27,259510,9.45053e-07,3664.97,297540,4.25093e-07,4147.81,335497,-3.58506e-07,4694.17,371444,-6.7724e-07,5312.37,403256,1.67192e-07,1.61744,3.89446,9.84394,3.28846,7.5504,12.774,5.07607,11.7187,13.6844,7.03202,16.8147,13.9681,9.20215,23.1769,14.0566,11.6301,31.1672,14.0841,14.3598,41.2186,14.0927,17.4376,53.8688,14.0954,20.9137,69.7915,14.0962,24.8432,89.8341,14.0965,29.2879,115.063,14.0966,34.3168,146.819,14.0966,40.0078,186.792,14.0966,46.4487,237.107,14.0966,53.7388,300.44,14.0966,61.9903,380.158,14.0966,71.3301,480.499,14.0966,81.902,606.796,14.0966,93.8685,765.761,14.0966,107.414,965.837,14.0966,122.746,1217.65,14.0966,140.101,1534.57,14.0966,159.745,1933.41,14.0966,181.981,2435.3,14.0966,207.15,3066.85,14.0966,235.64,3861.46,14.0966,267.889,4861.11,14.0966,304.391,6118.54,14.0966,345.709,7699.91,14.0966,392.478,9688.22,14.0966,445.417,12187.5,14.0966,505.339,15327.7,14.0966,573.165,19271.6,14.0966,649.938,24222,14.0966,736.839,30430.9,14.0966,835.202,38211.5,14.0966,946.539,47950.3,14.0966,1072.56,60122.8,14.0966,1215.21,75309.9,14.0966,1376.66,94216.2,14.0966,1559.41,117688,14.0966,1766.26,146729,14.0966,2000.39,182510,14.0966,2265.39,226372,14.0966,2565.33,279806,14.0966,2904.81,344416,14.0966,3289.05,421845,14.0966,3723.93,513667,14.0966,4216.13,621231,14.0966,4773.18,745478,14.0966,5403.64,886744,14.0966,6117.15,1.04457e+06,14.0966,6924.63,1.2176e+06,14.0966,11.7194,11.96,12.6541,13.9321,16.1295,13.6434,16.6097,21.9702,13.9553,19.7532,29.5285,14.0526,23.3844,39.1143,14.0829,27.5423,51.2054,14.0923,32.2796,66.434,14.0953,37.662,85.6061,14.0962,43.7675,109.74,14.0965,50.687,140.119,14.0966,58.5249,178.359,14.0966,67.4005,226.493,14.0966,77.4493,287.08,14.0966,88.8254,363.343,14.0966,101.703,459.336,14.0966,116.281,580.161,14.0966,132.782,732.241,14.0966,151.46,923.655,14.0966,172.603,1164.57,14.0966,196.535,1467.79,14.0966,223.625,1849.39,14.0966,254.288,2329.62,14.0966,288.997,2933.93,14.0966,328.285,3694.33,14.0966,372.755,4651.04,14.0966,423.092,5854.57,14.0966,480.07,7368.38,14.0966,544.564,9272.08,14.0966,617.566,11665.5,14.0966,700.197,14673.6,14.0966,793.729,18452.9,14.0966,899.599,23198.6,14.0966,1019.43,29154.1,14.0966,1155.07,36622.3,14.0966,1308.6,45977.9,14.0966,1482.39,57683.7,14.0966,1679.09,72307.8,14.0966,1901.73,90542.8,14.0966,2153.73,113226,14.0966,2438.97,141360,14.0966,2761.81,176127,14.0966,3127.22,218898,14.0966,3540.81,271226,14.0966,4008.92,334817,14.0966,4538.74,411470,14.0966,5138.38,502973,14.0966,5817.04,610948,14.0966,6585.12,736653,14.0966,7454.39,880741,14.0966,8438.15,1.04302e+06,14.0966,9551.45,1.22224e+06,14.0966,10811.3,1.41602e+06,14.0966,12237,1.62086e+06,14.0966,11.7194,11.96,12.6541,2.21263,4.16949,0.989383,2.67766,5.84076,0.311842,3.14343,7.55825,0.0972771,3.63127,9.58578,0.0303237,4.15787,12.0912,0.00945211,4.73731,15.2286,0.00294633,5.38238,19.1721,0.000918508,6.10553,24.134,0.000286163,6.91951,30.3791,8.92692e-05,7.83792,38.2397,2.78121e-05,8.87555,48.1338,8.65134e-06,10.0489,60.5876,2.7882e-06,11.3761,76.2629,8.29036e-07,12.8779,95.9927,2.4373e-07,14.5775,120.825,4.33068e-09,16.5012,152.08,1.75749e-07,18.6784,191.415,-1.86328e-07,21.1428,240.917,1.91829e-07,23.9322,303.213,-1.81475e-07,27.0895,381.602,7.0186e-08,30.6634,480.231,-2.86769e-08,34.7087,604.316,2.40784e-07,39.2876,760.401,9.87368e-08,44.4705,956.705,1.22263e-07,50.3371,1203.54,-4.31966e-07,56.9776,1513.81,-1.9705e-07,64.494,1903.69,-2.763e-08,73.0018,2393.4,3.9185e-07,82.6317,3008.13,1.35379e-07,93.5318,3779.25,-4.16351e-08,105.869,4745.7,2.06965e-08,119.834,5955.6,-3.18887e-07,135.641,7468.12,-1.48271e-08,153.531,9355.62,2.00739e-07,173.781,11705.8,2.28358e-07,196.701,14624.1,-1.93587e-08,222.642,18235,-2.88101e-07,252.003,22683.4,-2.24732e-07,285.234,28134,8.56806e-09,322.845,34767,2.34258e-07,365.413,42770.9,2.99668e-07,413.588,52327.9,8.28644e-08,468.111,63591.2,-3.07049e-07,529.814,76653.2,-3.1888e-07,599.642,91502.5,-6.72276e-08,678.662,107975,2.26339e-07,768.083,125705,3.69212e-07,869.267,144088,2.04077e-07,983.76,162277,-2.80509e-07,1113.3,179223,-4.22737e-07,1259.87,193777,-1.71951e-07,1425.68,204839,4.55555e-07,11.7194,11.96,12.6541,2.21263,4.16949,0.989383,2.67766,5.84076,0.311842,3.14343,7.55825,0.0972771,3.63127,9.58578,0.0303237,4.15787,12.0912,0.00945211,4.73731,15.2286,0.00294633,5.38238,19.1721,0.000918508,6.10553,24.134,0.000286163,6.91951,30.3791,8.92692e-05,7.83792,38.2397,2.78121e-05,8.87555,48.1338,8.65134e-06,10.0489,60.5876,2.7882e-06,11.3761,76.2629,8.29036e-07,12.8779,95.9927,2.4373e-07,14.5775,120.825,1e-08,16.5012,152.08,1.75749e-07,18.6784,191.415,1e-08,21.1428,240.917,1.91829e-07,23.9322,303.213,1e-08,27.0895,381.602,7.0186e-08,30.6634,480.231,1e-08,34.7087,604.316,2.40784e-07,39.2876,760.401,9.87368e-08,44.4705,956.705,1.22263e-07,50.3371,1203.54,1e-08,56.9776,1513.81,1e-08,64.494,1903.69,1e-08,73.0018,2393.4,3.9185e-07,82.6317,3008.13,1.35379e-07,93.5318,3779.25,1e-08,105.869,4745.7,2.06965e-08,119.834,5955.6,1e-08,135.641,7468.12,1e-08,153.531,9355.62,2.00739e-07,173.781,11705.8,2.28358e-07,196.701,14624.1,1e-08,222.642,18235,1e-08,252.003,22683.4,1e-08,285.234,28134,1e-08,322.845,34767,2.34258e-07,365.413,42770.9,2.99668e-07,413.588,52327.9,8.28644e-08,468.111,63591.2,1e-08,529.814,76653.2,1e-08,599.642,91502.5,1e-08,678.662,107975,2.26339e-07,768.083,125705,3.69212e-07,869.267,144088,2.04077e-07,983.76,162277,1e-08,1113.3,179223,1e-08,1259.87,193777,1e-08,1425.68,204839,4.55555e-07,6.2823,3.27286,2.43537,0.219672,6.18826,2.24117,0.56371,6.87772,2.63624,0.308279,4,20,18,1,8,1,1,6,0,2,11,0,0,7,0,3,17,0,1,21,0,6,24,0,11,17,0,10,21,0,2,31,0,13,71,0,7,69,0,4,77,0,4,99,0,11,214,0,21,70,0,21,336,0,19,298,0,18,559,0,20,468,0,21,442,0,15,459,0,31,673,0,90,1147,0,37,985,0,50,1004,0,78,2131,0,93,2121,0,117,3001,0,97,2719,0,60,5340,0,196,7940,0,114,5953,0,53,12710,0,111,12431,0,245,17827,0,278,21959,0,391,25897,0,88,48645,0,294,28871,0,276,81428,0,715,45021,0,667,132339,0,853,97137,0,953,121153,0,487,95126,0,357,180261,0,309,137015,0,1415,101341,0,753,197568,0,892,181814,0,1446,223968,0
-1.05176e+08,1,8.88811e-15,10,1023,0,1.05176e+08,0.528882,1.08665,0.389689,0.145397,0.379329,3.24381,0.161596,0.446195,1.77396,0.159177,1.15e+07,4.49998e+06,6.79999e+06,1.15e+07,4.49997e+06,6.79999e+06,1.15e+07,4.49996e+06,6.79999e+06,1.15e+07,4.49995e+06,6.79999e+06,1.14999e+07,4.49993e+06,6.79999e+06,1.14999e+07,4.49991e+06,6.79999e+06,1.14999e+07,4.49989e+06,6.79999e+06,1.14999e+07,4.49986e+06,6.79999e+06,1.14999e+07,4.49982e+06,6.79999e+06,1.14999e+07,4.49977e+06,6.79999e+06,1.14999e+07,4.49971e+06,6.79999e+06,1.14999e+07,4.49963e+06,6.79999e+06,1.14998e+07,4.49953e+06,6.79999e+06,1.14998e+07,4.49941e+06,6.79999e+06,1.14998e+07,4.49926e+06,6.79999e+06,1.14998e+07,4.49906e+06,6.79999e+06,1.14997e+07,4.49882e+06,6.79999e+06,1.14997e+07,4.49851e+06,6.79999e+06,1.14997e+07,4.49812e+06,6.79999e+06,1.14996e+07,4.49764e+06,6.79999e+06,1.14996e+07,4.49702e+06,6.79999e+06,1.14995e+07,4.49625e+06,6.79999e+06,1.14995e+07,4.49528e+06,6.79999e+06,1.14994e+07,4.49406e+06,6.79999e+06,1.14993e+07,4.49253e+06,6.79999e+06,1.14992e+07,4.49059e+06,6.79999e+06,1.14991e+07,4.48817e+06,6.79999e+06,1.1499e+07,4.48511e+06,6.79999e+06,1.14988e+07,4.48128e+06,6.79999e+06,1.14987e+07,4.47646e+06,6.79999e+06,1.14985e+07,4.47041e+06,6.79999e+06,1.14983e+07,4.46281e+06,6.79999e+06,1.14981e+07,4.4533e+06,6.79999e+06,1.14979e+07,4.44138e+06,6.79999e+06,1.14976e+07,4.42649e+06,6.79999e+06,1.14972e+07,4.40789e+06,6.79999e+06,1.14969e+07,4.38471e+06,6.79999e+06,1.14965e+07,4.35592e+06,6.79999e+06,1.1496e+07,4.32027e+06,6.79999e+06,1.14955e+07,4.27629e+06,6.79999e+06,1.14949e+07,4.22231e+06,6.79999e+06,1.14942e+07,4.15647e+06,6.79999e+06,1.14934e+07,4.07676e+06,6.79999e+06,1.14926e+07,3.98112e+06,6.79999e+06,1.14916e+07,3.86765e+06,6.79999e+06,1.14905e+07,3.73474e+06,6.79999e+06,1.14892e+07,3.58148e+06,6.79999e+06,1.14878e+07,3.40785e+06,6.79999e+06,1.14862e+07,3.21513e+06,6.79999e+06,1.14844e+07,3.00605e+06,6.79999e+06,1.14823e+07,2.7848e+06,6.79999e+06,1.148e+07,2.5568e+06,6.79999e+06,1.14773e+07,2.32825e+06,6.79999e+06,13.5742,8.52444,0.508366,16.8306,13.2585,0.162638,20.0035,17.569,0.0507846,23.2616,22.4214,0.0158319,26.7328,28.3297,0.00493498,30.5212,35.6974,0.00153831,34.7178,44.9473,0.000479527,39.4086,56.5822,0.000149456,44.6796,71.2245,4.66214e-05,50.6209,89.6543,1.45419e-05,57.3297,112.852,4.54748e-06,64.9129,142.051,1.43857e-06,73.4897,178.803,4.36618e-07,83.1934,225.062,1.40153e-07,94.1745,283.286,4.96378e-08,106.602,356.568,1.05434e-07,120.669,448.799,-6.49244e-08,136.59,564.873,1.70148e-07,154.611,710.948,-5.34594e-08,175.008,894.767,1.63407e-07,198.097,1126.06,8.04804e-08,224.231,1417.07,1.14667e-07,253.813,1783.15,-1.71227e-07,287.297,2243.62,-2.88466e-07,325.198,2822.67,-4.33651e-07,368.098,3550.67,7.9318e-08,416.657,4465.65,3.13319e-07,471.621,5615.16,3.4613e-07,533.835,7058.61,-1.19199e-07,604.255,8870.02,-2.79964e-07,683.962,11141.4,-2.30521e-07,774.182,13986.7,-2.55099e-07,876.299,17546.4,1.23585e-07,991.883,21993.1,1.41192e-07,1122.71,27536.7,-9.71886e-08,1270.78,34430.7,-3.68368e-07,1438.38,42977.7,-3.45379e-07,1628.07,53532.7,-3.25328e-09,1842.77,66504.6,2.6362e-07,2085.77,82350.2,2.53445e-07,2360.79,101560,-2.47407e-08,2672.05,124632,-3.80602e-07,3024.31,152018,-4.79005e-07,3422.98,184060,-1.14379e-07,3874.15,220884,2.64297e-07,4384.72,262283,3.44131e-07,4962.49,307576,7.5349e-08,5616.29,355497,-3.63097e-07,6356.1,404126,-6.05442e-07,7193.18,450932,-2.72333e-07,8140.28,492963,2.29675e-07,9211.79,527178,4.3387e-07,10424,550893,-1.0711e-07,10.102,8.06553,2.81012,10.6436,8.57909,0.869423,11.5336,10.2515,0.270869,12.7211,12.7138,0.0844293,14.1823,15.9373,0.0263173,15.9122,20.0383,0.0082035,17.9198,25.2154,0.00255722,20.2244,31.7373,0.000797017,22.8539,39.9486,0.000248622,25.8438,50.2851,7.75492e-05,29.237,63.2963,2.42508e-05,33.0837,79.6738,7.67162e-06,37.4415,100.288,2.32837e-06,42.3767,126.236,7.33e-07,47.9646,158.896,2.79256e-07,54.2906,200.003,9.87351e-09,61.452,251.741,1.61085e-07,69.5585,316.859,-2.47141e-07,78.7347,398.812,8.93552e-08,89.1218,501.948,-2.53231e-07,100.879,631.736,-1.25047e-07,114.188,795.049,-1.78808e-07,129.252,1000.53,2.6733e-07,146.304,1259.03,4.50292e-07,165.605,1584.19,6.76904e-07,187.452,1993.12,-1.23808e-07,212.181,2507.27,-4.89068e-07,240.173,3153.54,-5.40284e-07,271.856,3965.56,1.86061e-07,307.719,4985.38,4.37004e-07,348.313,6265.4,3.59828e-07,394.26,7870.83,3.98192e-07,446.268,9882.51,-1.92908e-07,505.135,12400.3,-2.20392e-07,571.766,15546.9,1.51705e-07,647.184,19472.2,5.74996e-07,732.547,24357.4,5.39112e-07,829.167,30420,5.07815e-09,938.526,37916.3,-4.11492e-07,1062.3,47143.9,-3.9561e-07,1202.4,58439.2,3.86185e-08,1360.96,72169.3,5.94093e-07,1540.42,88715.8,7.47693e-07,1743.53,108445,1.78537e-07,1973.41,131665,-4.12549e-07,2233.57,158557,-5.37164e-07,2528,189103,-1.17615e-07,2861.2,222986,5.66769e-07,3238.27,259510,9.45053e-07,3664.97,297540,4.25093e-07,4147.81,335497,-3.58506e-07,4694.17,371444,-6.7724e-07,5312.37,403256,1.67192e-07,1.61744,3.89446,9.84394,3.28846,7.5504,12.774,5.07607,11.7187,13.6844,7.03202,16.8147,13.9681,9.20215,23.1769,14.0566,11.6301,31.1672,14.0841,14.3598,41.2186,14.0927,17.4376,53.8688,14.0954,20.9137,69.7915,14.0962,24.8432,89.8341,14.0965,29.2879,115.063,14.0966,34.3168,146.819,14.0966,40.0078,186.792,14.0966,46.4487,237.107,14.0966,53.7388,300.44,14.0966,61.9903,380.158,14.0966,71.3301,480.499,14.0966,81.902,606.796,14.0966,93.8685,765.761,14.0966,107.414,965.837,14.0966,122.746,1217.65,14.0966,140.101,1534.57,14.0966,159.745,1933.41,14.0966,181.981,2435.3,14.0966,207.15,3066.85,14.0966,235.64,3861.46,14.0966,267.889,4861.11,14.0966,304.391,6118.54,14.0966,345.709,7699.91,14.0966,392.478,9688.22,14.0966,445.417,12187.5,14.0966,505.339,15327.7,14.0966,573.165,19271.6,14.0966,649.938,24222,14.0966,736.839,30430.9,14.0966,835.202,38211.5,14.0966,946.539,47950.3,14.0966,1072.56,60122.8,14.0966,1215.21,75309.9,14.0966,1376.66,94216.2,14.0966,1559.41,117688,14.0966,1766.26,146729,14.0966,2000.39,182510,14.0966,2265.39,226372,14.0966,2565.33,279806,14.0966,2904.81,344416,14.0966,3289.05,421845,14.0966,3723.93,513667,14.0966,4216.13,621231,14.0966,4773.18,745478,14.0966,5403.64,886744,14.0966,6117.15,1.04457e+06,14.0966,6924.63,1.2176e+06,14.0966,11.7194,11.96,12.6541,13.9321,16.1295,13.6434,16.6097,21.9702,13.9553,19.7532,29.5285,14.0526,23.3844,39.1143,14.0829,27.5423,51.2054,14.0923,32.2796,66.434,14.0953,37.662,85.6061,14.0962,43.7675,109.74,14.0965,50.687,140.119,14.0966,58.5249,178.359,14.0966,67.4005,226.493,14.0966,77.4493,287.08,14.0966,88.8254,363.343,14.0966,101.703,459.336,14.0966,116.281,580.161,14.0966,132.782,732.241,14.0966,151.46,923.655,14.0966,172.603,1164.57,14.0966,196.535,1467.79,14.0966,223.625,1849.39,14.0966,254.288,2329.62,14.0966,288.997,2933.93,14.0966,328.285,3694.33,14.0966,372.755,4651.04,14.0966,423.092,5854.57,14.0966,480.07,7368.38,14.0966,544.564,9272.08,14.0966,617.566,11665.5,14.0966,700.197,14673.6,14.0966,793.729,18452.9,14.0966,899.599,23198.6,14.0966,1019.43,29154.1,14.0966,1155.07,36622.3,14.0966,1308.6,45977.9,14.0966,1482.39,57683.7,14.0966,1679.09,72307.8,14.0966,1901.73,90542.8,14.0966,2153.73,113226,14.0966,2438.97,141360,14.0966,2761.81,176127,14.0966,3127.22,218898,14.0966,3540.81,271226,14.0966,4008.92,334817,14.0966,4538.74,411470,14.0966,5138.38,502973,14.0966,5817.04,610948,14.0966,6585.12,736653,14.0966,7454.39,880741,14.0966,8438.15,1.04302e+06,14.0966,9551.45,1.22224e+06,14.0966,10811.3,1.41602e+06,14.0966,12237,1.62086e+06,14.0966,11.7194,11.96,12.6541,2.21263,4.16949,0.989383,2.67766,5.84076,0.311842,3.14343,7.55825,0.0972771,3.63127,9.58578,0.0303237,4.15787,12.0912,0.00945211,4.73731,15.2286,0.00294633,5.38238,19.1721,0.000918508,6.10553,24.134,0.000286163,6.91951,30.3791,8.92692e-05,7.83792,38.2397,2.78121e-05,8.87555,48.1338,8.65134e-06,10.0489,60.5876,2.7882e-06,11.3761,76.2629,8.29036e-07,12.8779,95.9927,2.4373e-07,14.5775,120.825,4.33068e-09,16.5012,152.08,1.75749e-07,18.6784,191.415,-1.86328e-07,21.1428,240.917,1.91829e-07,23.9322,303.213,-1.81475e-07,27.0895,381.602,7.0186e-08,30.6634,480.231,-2.86769e-08,34.7087,604.316,2.40784e-07,39.2876,760.401,9.87368e-08,44.4705,956.705,1.22263e-07,50.3371,1203.54,-4.31966e-07,56.9776,1513.81,-1.9705e-07,64.494,1903.69,-2.763e-08,73.0018,2393.4,3.9185e-07,82.6317,3008.13,1.35379e-07,93.5318,3779.25,-4.16351e-08,105.869,4745.7,2.06965e-08,119.834,5955.6,-3.18887e-07,135.641,7468.12,-1.48271e-08,153.531,9355.62,2.00739e-07,173.781,11705.8,2.28358e-07,196.701,14624.1,-1.93587e-08,222.642,18235,-2.88101e-07,252.003,22683.4,-2.24732e-07,285.234,28134,8.56806e-09,322.845,34767,2.34258e-07,365.413,42770.9,2.99668e-07,413.588,52327.9,8.28644e-08,468.111,63591.2,-3.07049e-07,529.814,76653.2,-3.1888e-07,599.642,91502.5,-6.72276e-08,678.662,107975,2.26339e-07,768.083,125705,3.69212e-07,869.267,144088,2.04077e-07,983.76,162277,-2.80509e-07,1113.3,179223,-4.22737e-07,1259.87,193777,-1.71951e-07,1425.68,204839,4.55555e-07,11.7194,11.96,12.6541,2.21263,4.16949,0.989383,2.67766,5.84076,0.311842,3.14343,7.55825,0.0972771,3.63127,9.58578,0.0303237,4.15787,12.0912,0.00945211,4.73731,15.2286,0.00294633,5.38238,19.1721,0.000918508,6.10553,24.134,0.000286163,6.91951,30.3791,8.92692e-05,7.83792,38.2397,2.78121e-05,8.87555,48.1338,8.65134e-06,10.0489,60.5876,2.7882e-06,11.3761,76.2629,8.29036e-07,12.8779,95.9927,2.4373e-07,14.5775,120.825,1e-08,16.5012,152.08,1.75749e-07,18.6784,191.415,1e-08,21.1428,240.917,1.91829e-07,23.9322,303.213,1e-08,27.0895,381.602,7.0186e-08,30.6634,480.231,1e-08,34.7087,604.316,2.40784e-07,39.2876,760.401,9.87368e-08,44.4705,956.705,1.22263e-07,50.3371,1203.54,1e-08,56.9776,1513.81,1e-08,64.494,1903.69,1e-08,73.0018,2393.4,3.9185e-07,82.6317,3008.13,1.35379e-07,93.5318,3779.25,1e-08,105.869,4745.7,2.06965e-08,119.834,5955.6,1e-08,135.641,7468.12,1e-08,153.531,9355.62,2.00739e-07,173.781,11705.8,2.28358e-07,196.701,14624.1,1e-08,222.642,18235,1e-08,252.003,22683.4,1e-08,285.234,28134,1e-08,322.845,34767,2.34258e-07,365.413,42770.9,2.99668e-07,413.588,52327.9,8.28644e-08,468.111,63591.2,1e-08,529.814,76653.2,1e-08,599.642,91502.5,1e-08,678.662,107975,2.26339e-07,768.083,125705,3.69212e-07,869.267,144088,2.04077e-07,983.76,162277,1e-08,1113.3,179223,1e-08,1259.87,193777,1e-08,1425.68,204839,4.55555e-07,6.2823,3.27286,2.43537,0.219672,6.18826,2.24117,0.56371,6.87772,2.63624,0.308279,7,8,14,1,4,1,1,1,0,9,10,0,4,10,0,7,13,0,4,6,0,3,22,0,8,23,0,6,34,0,12,46,0,4,52,0,19,66,0,18,111,0,7,42,0,8,140,0,23,182,0,14,247,0,13,237,0,15,421,0,21,384,0,28,248,0,20,734,0,46,1069,0,20,579,0,65,1451,0,73,1959,0,94,3187,0,119,2343,0,68,1994,0,85,2567,0,80,3907,0,93,1961,0,174,13818,0,129,8589,0,228,6020,0,163,5338,0,281,15764,0,312,11841,0,372,38445,0,302,28232,0,240,50151,0,863,50485,0,263,49398,0,540,99670,0,559,49629,0,438,169333,0,820,154918,0,472,249475,0,778,123659,0,2253,142806,0,2948,208655,0,1227,258798,0
-1.05176e+08,1,8.88811e-15,10,1023,0,1.05176e+08,0.528882,1.08665,0.389689,0.145397,0.379329,3.24381,0.161596,0.446195,1.77396,0.159177,1.15e+07,4.49998e+06,6.79999e+06,1.15e+07,4.49997e+06,6.79999e+06,1.15e+07,4.49996e+06,6.79999e+06,1.15e+07,4.49995e+06,6.79999e+06,1.14999e+07,4.49993e+06,6.79999e+06,1.14999e+07,4.49991e+06,6.79999e+06,1.14999e+07,4.49989e+06,6.79999e+06,1.14999e+07,4.49986e+06,6.79999e+06,1.14999e+07,4.49982e+06,6.79999e+06,1.14999e+07,4.49977e+06,6.79999e+06,1.14999e+07,4.49971e+06,6.79999e+06,1.14999e+07,4.49963e+06,6.79999e+06,1.14998e+07,4.49953e+06,6.79999e+06,1.14998e+07,4.49941e+06,6.79999e+06,1.14998e+07,4.49926e+06,6.79999e+06,1.14998e+07,4.49906e+06,6.79999e+06,1.14997e+07,4.49882e+06,6.79999e+06,1.14997e+07,4.49851e+06,6.79999e+06,1.14997e+07,4.49812e+06,6.79999e+06,1.14996e+07,4.49764e+06,6.79999e+06,1.14996e+07,4.49702e+06,6.79999e+06,1.14995e+07,4.49625e+06,6.79999e+06,1.14995e+07,4.49528e+06,6.79999e+06,1.14994e+07,4.49406e+06,6.79999e+06,1.14993e+07,4.49253e+06,6.79999e+06,1.14992e+07,4.49059e+06,6.79999e+06,1.14991e+07,4.48817e+06,6.79999e+06,1.1499e+07,4.48511e+06,6.79999e+06,1.14988e+07,4.48128e+06,6.79999e+06,1.14987e+07,4.47646e+06,6.79999e+06,1.14985e+07,4.47041e+06,6.79999e+06,1.14983e+07,4.46281e+06,6.79999e+06,1.14981e+07,4.4533e+06,6.79999e+06,1.14979e+07,4.44138e+06,6.79999e+06,1.14976e+07,4.42649e+06,6.79999e+06,1.14972e+07,4.40789e+06,6.79999e+06,1.14969e+07,4.38471e+06,6.79999e+06,1.14965e+07,4.35592e+06,6.79999e+06,1.1496e+07,4.32027e+06,6.79999e+06,1.14955e+07,4.27629e+06,6.79999e+06,1.14949e+07,4.22231e+06,6.79999e+06,1.14942e+07,4.15647e+06,6.79999e+06,1.14934e+07,4.07676e+06,6.79999e+06,1.14926e+07,3.98112e+06,6.79999e+06,1.14916e+07,3.86765e+06,6.79999e+06,1.14905e+07,3.73474e+06,6.79999e+06,1.14892e+07,3.58148e+06,6.79999e+06,1.14878e+07,3.40785e+06,6.79999e+06,1.14862e+07,3.21513e+06,6.79999e+06,1.14844e+07,3.00605e+06,6.79999e+06,1.14823e+07,2.7848e+06,6.79999e+06,1.148e+07,2.5568e+06,6.79999e+06,1.14773e+07,2.32825e+06,6.79999e+06,13.5742,8.52444,0.508366,16.8306,13.2585,0.162638,20.0035,17.569,0.0507846,23.2616,22.4214,0.0158319,26.7328,28.3297,0.00493498,30.5212,35.6974,0.00153831,34.7178,44.9473,0.000479527,39.4086,56.5822,0.000149456,44.6796,71.2245,4.66214e-05,50.6209,89.6543,1.45419e-05,57.3297,112.852,4.54748e-06,64.9129,142.051,1.43857e-06,73.4897,178.803,4.36618e-07,83.1934,225.062,1.40153e-07,94.1745,283.286,4.96378e-08,106.602,356.568,1.05434e-07,120.669,448.799,-6.49244e-08,136.59,564.873,1.70148e-07,154.611,710.948,-5.34594e-08,175.008,894.767,1.63407e-07,198.097,1126.06,8.04804e-08,224.231,1417.07,1.14667e-07,253.813,1783.15,-1.71227e-07,287.297,2243.62,-2.88466e-07,325.198,2822.67,-4.33651e-07,368.098,3550.67,7.9318e-08,416.657,4465.65,3.13319e-07,471.621,5615.16,3.4613e-07,533.835,7058.61,-1.19199e-07,604.255,8870.02,-2.79964e-07,683.962,11141.4,-2.30521e-07,774.182,13986.7,-2.55099e-07,876.299,17546.4,1.23585e-07,991.883,21993.1,1.41192e-07,1122.71,27536.7,-9.71886e-08,1270.78,34430.7,-3.68368e-07,1438.38,42977.7,-3.45379e-07,1628.07,53532.7,-3.25328e-09,1842.77,66504.6,2.6362e-07,2085.77,82350.2,2.53445e-07,2360.79,101560,-2.47407e-08,2672.05,124632,-3.80602e-07,3024.31,152018,-4.79005e-07,3422.98,184060,-1.14379e-07,3874.15,220884,2.64297e-07,4384.72,262283,3.44131e-07,4962.49,307576,7.5349e-08,5616.29,355497,-3.63097e-07,6356.1,404126,-6.05442e-07,7193.18,450932,-2.72333e-07,8140.28,492963,2.29675e-07,9211.79,527178,4.3387e-07,10424,550893,-1.0711e-07,10.102,8.06553,2.81012,10.6436,8.57909,0.869423,11.5336,10.2515,0.270869,12.7211,12.7138,0.0844293,14.1823,15.9373,0.0263173,15.9122,20.0383,0.0082035,17.9198,25.2154,0.00255722,20.2244,31.7373,0.000797017,22.8539,39.9486,0.000248622,25.8438,50.2851,7.75492e-05,29.237,63.2963,2.42508e-05,33.0837,79.6738,7.67162e-06,37.4415,100.288,2.32837e-06,42.3767,126.236,7.33e-07,47.9646,158.896,2.79256e-07,54.2906,200.003,9.87351e-09,61.452,251.741,1.61085e-07,69.5585,316.859,-2.47141e-07,78.7347,398.812,8.93552e-08,89.1218,501.948,-2.53231e-07,100.879,631.736,-1.25047e-07,114.188,795.049,-1.78808e-07,129.252,1000.53,2.6733e-07,146.304,1259.03,4.50292e-07,165.605,1584.19,6.76904e-07,187.452,1993.12,-1.23808e-07,212.181,2507.27,-4.89068e-07,240.173,3153.54,-5.40284e-07,271.856,3965.56,1.86061e-07,307.719,4985.38,4.37004e-07,348.313,6265.4,3.59828e-07,394.26,7870.83,3.98192e-07,446.268,9882.51,-1.92908e-07,505.135,12400.3,-2.20392e-07,571.766,15546.9,1.51705e-07,647.184,19472.2,5.74996e-07,732.547,24357.4,5.39112e-07,829.167,30420,5.07815e-09,938.526,37916.3,-4.11492e-07,1062.3,47143.9,-3.9561e-07,1202.4,58439.2,3.86185e-08,1360.96,72169.3,5.94093e-07,1540.42,88715.8,7.47693e-07,1743.53,108445,1.78537e-07,1973.41,131665,-4.12549e-07,2233.57,158557,-5.37164e-07,2528,189103,-1.17615e-07,2861.2,222986,5.66769e-07,3238.27,259510,9.45053e-07,3664.97,297540,4.25093e-07,4147.81,335497,-3.58506e-07,4694.17,371444,-6.7724e-07,5312.37,403256,1.67192e-07,1.61744,3.89446,9.84394,3.28846,7.5504,12.774,5.07607,11.7187,13.6844,7.03202,16.8147,13.9681,9.20215,23.1769,14.0566,11.6301,31.1672,14.0841,14.3598,41.2186,14.0927,17.4376,53.8688,14.0954,20.9137,69.7915,14.0962,24.8432,89.8341,14.0965,29.2879,115.063,14.0966,34.3168,146.819,14.0966,40.0078,186.792,14.0966,46.4487,237.107,14.0966,53.7388,300.44,14.0966,61.9903,380.158,14.0966,71.3301,480.499,14.0966,81.902,606.796,14.0966,93.8685,765.761,14.0966,107.414,965.837,14.0966,122.746,1217.65,14.0966,140.101,1534.57,14.0966,159.745,1933.41,14.0966,181.981,2435.3,14.0966,207.15,3066.85,14.0966,235.64,3861.46,14.0966,267.889,4861.11,14.0966,304.391,6118.54,14.0966,345.709,7699.91,14.0966,392.478,9688.22,14.0966,445.417,12187.5,14.0966,505.339,15327.7,14.0966,573.165,19271.6,14.0966,649.938,24222,14.0966,736.839,30430.9,14.0966,835.202,38211.5,14.0966,946.539,47950.3,14.0966,1072.56,60122.8,14.0966,1215.21,75309.9,14.0966,1376.66,94216.2,14.0966,1559.41,117688,14.0966,1766.26,146729,14.0966,2000.39,182510,14.0966,2265.39,226372,14.0966,2565.33,279806,14.0966,2904.81,344416,14.0966,3289.05,421845,14.0966,3723.93,513667,14.0966,4216.13,621231,14.0966,4773.18,745478,14.0966,5403.64,886744,14.0966,6117.15,1.04457e+06,14.0966,6924.63,1.2176e+06,14.0966,11.7194,11.96,12.6541,13.9321,16.1295,13.6434,16.6097,21.9702,13.9553,19.7532,29.5285,14.0526,23.3844,39.1143,14.0829,27.5423,51.2054,14.0923,32.2796,66.434,14.0953,37.662,85.6061,14.0962,43.7675,109.74,14.0965,50.687,140.119,14.0966,58.5249,178.359,14.0966,67.4005,226.493,14.0966,77.4493,287.08,14.0966,88.8254,363.343,14.0966,101.703,459.336,14.0966,116.281,580.161,14.0966,132.782,732.241,14.0966,151.46,923.655,14.0966,172.603,1164.57,14.0966,196.535,1467.79,14.0966,223.625,1849.39,14.0966,254.288,2329.62,14.0966,288.997,2933.93,14.0966,328.285,3694.33,14.0966,372.755,4651.04,14.0966,423.092,5854.57,14.0966,480.07,7368.38,14.0966,544.564,9272.08,14.0966,617.566,11665.5,14.0966,700.197,14673.6,14.0966,793.729,18452.9,14.0966,899.599,23198.6,14.0966,1019.43,29154.1,14.0966,1155.07,36622.3,14.0966,1308.6,45977.9,14.0966,1482.39,57683.7,14.0966,1679.09,72307.8,14.0966,1901.73,90542.8,14.0966,2153.73,113226,14.0966,2438.97,141360,14.0966,2761.81,176127,14.0966,3127.22,218898,14.0966,3540.81,271226,14.0966,4008.92,334817,14.0966,4538.74,411470,14.0966,5138.38,502973,14.0966,5817.04,610948,14.0966,6585.12,736653,14.0966,7454.39,880741,14.0966,8438.15,1.04302e+06,14.0966,9551.45,1.22224e+06,14.0966,10811.3,1.41602e+06,14.0966,12237,1.62086e+06,14.0966,11.7194,11.96,12.6541,2.21263,4.16949,0.989383,2.67766,5.84076,0.311842,3.14343,7.55825,0.0972771,3.63127,9.58578,0.0303237,4.15787,12.0912,0.00945211,4.73731,15.2286,0.00294633,5.38238,19.1721,0.000918508,6.10553,24.134,0.000286163,6.91951,30.3791,8.92692e-05,7.83792,38.2397,2.78121e-05,8.87555,48.1338,8.65134e-06,10.0489,60.5876,2.7882e-06,11.3761,76.2629,8.29036e-07,12.8779,95.9927,2.4373e-07,14.5775,120.825,4.33068e-09,16.5012,152.08,1.75749e-07,18.6784,191.415,-1.86328e-07,21.1428,240.917,1.91829e-07,23.9322,303.213,-1.81475e-07,27.0895,381.602,7.0186e-08,30.6634,480.231,-2.86769e-08,34.7087,604.316,2.40784e-07,39.2876,760.401,9.87368e-08,44.4705,956.705,1.22263e-07,50.3371,1203.54,-4.31966e-07,56.9776,1513.81,-1.9705e-07,64.494,1903.69,-2.763e-08,73.0018,2393.4,3.9185e-07,82.6317,3008.13,1.35379e-07,93.5318,3779.25,-4.16351e-08,105.869,4745.7,2.06965e-08,119.834,5955.6,-3.18887e-07,135.641,7468.12,-1.48271e-08,153.531,9355.62,2.00739e-07,173.781,11705.8,2.28358e-07,196.701,14624.1,-1.93587e-08,222.642,18235,-2.88101e-07,252.003,22683.4,-2.24732e-07,285.234,28134,8.56806e-09,322.845,34767,2.34258e-07,365.413,42770.9,2.99668e-07,413.588,52327.9,8.28644e-08,468.111,63591.2,-3.07049e-07,529.814,76653.2,-3.1888e-07,599.642,91502.5,-6.72276e-08,678.662,107975,2.26339e-07,768.083,125705,3.69212e-07,869.267,144088,2.04077e-07,983.76,162277,-2.80509e-07,1113.3,179223,-4.22737e-07,1259.87,193777,-1.71951e-07,1425.68,204839,4.55555e-07,11.7194,11.96,12.6541,2.21263,4.16949,0.989383,2.67766,5.84076,0.311842,3.14343,7.55825,0.0972771,3.63127,9.58578,0.0303237,4.15787,12.0912,0.00945211,4.73731,15.2286,0.00294633,5.38238,19.1721,0.000918508,6.10553,24.134,0.000286163,6.91951,30.3791,8.92692e-05,7.83792,38.2397,2.78121e-05,8.87555,48.1338,8.65134e-06,10.0489,60.5876,2.7882e-06,11.3761,76.2629,8.29036e-07,12.8779,95.9927,2.4373e-07,14.5775,120.825,1e-08,16.5012,152.08,1.75749e-07,18.6784,191.415,1e-08,21.1428,240.917,1.91829e-07,23.9322,303.213,1e-08,27.0895,381.602,7.0186e-08,30.6634,480.231,1e-08,34.7087,604.316,2.40784e-07,39.2876,760.401,9.87368e-08,44.4705,956.705,1.22263e-07,50.3371,1203.54,1e-08,56.9776,1513.81,1e-08,64.494,1903.69,1e-08,73.0018,2393.4,3.9185e-07,82.6317,3008.13,1.35379e-07,93.5318,3779.25,1e-08,105.869,4745.7,2.06965e-08,119.834,5955.6,1e-08,135.641,7468.12,1e-08,153.531,9355.62,2.00739e-07,173.781,11705.8,2.28358e-07,196.701,14624.1,1e-08,222.642,18235,1e-08,252.003,22683.4,1e-08,285.234,28134,1e-08,322.845,34767,2.34258e-07,365.413,42770.9,2.99668e-07,413.588,52327.9,8.28644e-08,468.111,63591.2,1e-08,529.814,76653.2,1e-08,599.642,91502.5,1e-08,678.662,107975,2.26339e-07,768.083,125705,3.69212e-07,869.267,144088,2.04077e-07,983.76,162277,1e-08,1113.3,179223,1e-08,1259.87,193777,1e-08,1425.68,204839,4.55555e-07,6.2823,3.27286,2.43537,0.219672,6.18826,2.24117,0.56371,6.87772,2.63624,0.308279,18,4,26,2,1,2,5,5,1,9,8,0,2,1,0,4,15,0,1,11,0,2,22,0,4,31,0,2,16,0,5,38,0,3,36,0,7,57,0,10,74,0,2,52,0,15,100,0,15,177,0,15,116,0,30,271,0,34,340,0,52,747,0,34,395,0,14,233,0,25,638,0,56,527,0,100,940,0,26,1661,0,34,2756,0,96,2030,0,72,1194,0,65,2533,0,126,9737,0,92,4856,0,62,13089,0,154,13293,0,91,13571,0,190,8311,0,197,17088,0,386,27461,0,240,45945,0,476,43122,0,188,53150,0,279,100995,0,864,58839,0,666,66105,0,1200,95758,0,849,99555,0,524,120239,0,1355,89245,0,812,116021,0,1297,143674,0,1671,273616,0,780,146381,0
-1.05176e+08,1,8.88811e-15,10,1023,0,1.05176e+08,0.528882,1.08665,0.389689,0.145397,0.379329,3.24381,0.161596,0.446195,1.77396,0.159177,1.15e+07,4.49998e+06,6.79999e+06,1.15e+07,4.49997e+06,6.79999e+06,1.15e+07,4.49996e+06,6.79999e+06,1.15e+07,4.49995e+06,6.79999e+06,1.14999e+07,4.49993e+06,6.79999e+06,1.14999e+07,4.49991e+06,6.79999e+06,1.14999e+07,4.49989e+06,6.79999e+06,1.14999e+07,4.49986e+06,6.79999e+06,1.14999e+07,4.49982e+06,6.79999e+06,1.14999e+07,4.49977e+06,6.79999e+06,1.14999e+07,4.49971e+06,6.79999e+06,1.14999e+07,4.49963e+06,6.79999e+06,1.14998e+07,4.49953e+06,6.79999e+06,1.14998e+07,4.49941e+06,6.79999e+06,1.14998e+07,4.49926e+06,6.79999e+06,1.14998e+07,4.49906e+06,6.79999e+06,1.14997e+07,4.49882e+06,6.79999e+06,1.14997e+07,4.49851e+06,6.79999e+06,1.14997e+07,4.49812e+06,6.79999e+06,1.14996e+07,4.49764e+06,6.79999e+06,1.14996e+07,4.49702e+06,6.79999e+06,1.14995e+07,4.49625e+06,6.79999e+06,1.14995e+07,4.49528e+06,6.79999e+06,1.14994e+07,4.49406e+06,6.79999e+06,1.14993e+07,4.49253e+06,6.79999e+06,1.14992e+07,4.49059e+06,6.79999e+06,1.14991e+07,4.48817e+06,6.79999e+06,1.1499e+07,4.48511e+06,6.79999e+06,1.14988e+07,4.48128e+06,6.79999e+06,1.14987e+07,4.47646e+06,6.79999e+06,1.14985e+07,4.47041e+06,6.79999e+06,1.14983e+07,4.46281e+06,6.79999e+06,1.14981e+07,4.4533e+06,6.79999e+06,1.14979e+07,4.44138e+06,6.79999e+06,1.14976e+07,4.42649e+06,6.79999e+06,1.14972e+07,4.40789e+06,6.79999e+06,1.14969e+07,4.38471e+06,6.79999e+06,1.14965e+07,4.35592e+06,6.79999e+06,1.1496e+07,4.32027e+06,6.79999e+06,1.14955e+07,4.27629e+06,6.79999e+06,1.14949e+07,4.22231e+06,6.79999e+06,1.14942e+07,4.15647e+06,6.79999e+06,1.14934e+07,4.07676e+06,6.79999e+06,1.14926e+07,3.98112e+06,6.79999e+06,1.14916e+07,3.86765e+06,6.79999e+06,1.14905e+07,3.73474e+06,6.79999e+06,1.14892e+07,3.58148e+06,6.79999e+06,1.14878e+07,3.40785e+06,6.79999e+06,1.14862e+07,3.21513e+06,6.79999e+06,1.14844e+07,3.00605e+06,6.79999e+06,1.14823e+07,2.7848e+06,6.79999e+06,1.148e+07,2.5568e+06,6.79999e+06,1.14773e+07,2.32825e+06,6.79999e+06,13.5742,8.52444,0.508366,16.8306,13.2585,0.162638,20.0035,17.569,0.0507846,23.2616,22.4214,0.0158319,26.7328,28.3297,0.00493498,30.5212,35.6974,0.00153831,34.7178,44.9473,0.000479527,39.4086,56.5822,0.000149456,44.6796,71.2245,4.66214e-05,50.6209,89.6543,1.45419e-05,57.3297,112.852,4.54748e-06,64.9129,142.051,1.43857e-06,73.4897,178.803,4.36618e-07,83.1934,225.062,1.40153e-07,94.1745,283.286,4.96378e-08,106.602,356.568,1.05434e-07,120.669,448.799,-6.49244e-08,136.59,564.873,1.70148e-07,154.611,710.948,-5.34594e-08,175.008,894.767,1.63407e-07,198.097,1126.06,8.04804e-08,224.231,1417.07,1.14667e-07,253.813,1783.15,-1.71227e-07,287.297,2243.62,-2.88466e-07,325.198,2822.67,-4.33651e-07,368.098,3550.67,7.9318e-08,416.657,4465.65,3.13319e-07,471.621,5615.16,3.4613e-07,533.835,7058.61,-1.19199e-07,604.255,8870.02,-2.79964e-07,683.962,11141.4,-2.30521e-07,774.182,13986.7,-2.55099e-07,876.299,17546.4,1.23585e-07,991.883,21993.1,1.41192e-07,1122.71,27536.7,-9.71886e-08,1270.78,34430.7,-3.68368e-07,1438.38,42977.7,-3.45379e-07,1628.07,53532.7,-3.25328e-09,1842.77,66504.6,2.6362e-07,2085.77,82350.2,2.53445e-07,2360.79,101560,-2.47407e-08,2672.05,124632,-3.80602e-07,3024.31,152018,-4.79005e-07,3422.98,184060,-1.14379e-07,3874.15,220884,2.64297e-07,4384.72,262283,3.44131e-07,4962.49,307576,7.5349e-08,5616.29,355497,-3.63097e-07,6356.1,404126,-6.05442e-07,7193.18,450932,-2.72333e-07,8140.28,492963,2.29675e-07,9211.79,527178,4.3387e-07,10424,550893,-1.0711e-07,10.102,8.06553,2.81012,10.6436,8.57909,0.869423,11.5336,10.2515,0.270869,12.7211,12.7138,0.0844293,14.1823,15.9373,0.0263173,15.9122,20.0383,0.0082035,17.9198,25.2154,0.00255722,20.2244,31.7373,0.000797017,22.8539,39.9486,0.000248622,25.8438,50.2851,7.75492e-05,29.237,63.2963,2.42508e-05,33.0837,79.6738,7.67162e-06,37.4415,100.288,2.32837e-06,42.3767,126.236,7.33e-07,47.9646,158.896,2.79256e-07,54.2906,200.003,9.87351e-09,61.452,251.741,1.61085e-07,69.5585,316.859,-2.47141e-07,78.7347,398.812,8.93552e-08,89.1218,501.948,-2.53231e-07,100.879,631.736,-1.25047e-07,114.188,795.049,-1.78808e-07,129.252,1000.53,2.6733e-07,146.304,1259.03,4.50292e-07,165.605,1584.19,6.76904e-07,187.452,1993.12,-1.23808e-07,212.181,2507.27,-4.89068e-07,240.173,3153.54,-5.40284e-07,271.856,3965.56,1.86061e-07,307.719,4985.38,4.37004e-07,348.313,6265.4,3.59828e-07,394.26,7870.83,3.98192e-07,446.268,9882.51,-1.92908e-07,505.135,12400.3,-2.20392e-07,571.766,15546.9,1.51705e-07,647.184,19472.2,5.74996e-07,732.547,24357.4,5.39112e-07,829.167,30420,5.07815e-09,938.526,37916.3,-4.11492e-07,1062.3,47143.9,-3.9561e-07,1202.4,58439.2,3.86185e-08,1360.96,72169.3,5.94093e-07,1540.42,88715.8,7.47693e-07,1743.53,108445,1.78537e-07,1973.41,131665,-4.12549e-07,2233.57,158557,-5.37164e-07,2528,189103,-1.17615e-07,2861.2,222986,5.66769e-07,3238.27,259510,9.45053e-07,3664.97,297540,4.25093e-07,4147.81,335497,-3.58506e-07,4694.17,371444,-6.7724e-07,5312.37,403256,1.67192e-07,1.61744,3.89446,9.84394,3.28846,7.5504,12.774,5.07607,11.7187,13.6844,7.03202,16.8147,13.9681,9.20215,23.1769,14.0566,11.6301,31.1672,14.0841,14.3598,41.2186,14.0927,17.4376,53.8688,14.0954,20.9137,69.7915,14.0962,24.8432,89.8341,14.0965,29.2879,115.063,14.0966,34.3168,146.819,14.0966,40.0078,186.792,14.0966,46.4487,237.107,14.0966,53.7388,300.44,14.0966,61.9903,380.158,14.0966,71.3301,480.499,14.0966,81.902,606.796,14.0966,93.8685,765.761,14.0966,107.414,965.837,14.0966,122.746,1217.65,14.0966,140.101,1534.57,14.0966,159.745,1933.41,14.0966,181.981,2435.3,14.0966,207.15,3066.85,14.0966,235.64,3861.46,14.0966,267.889,4861.11,14.0966,304.391,6118.54,14.0966,345.709,7699.91,14.0966,392.478,9688.22,14.0966,445.417,12187.5,14.0966,505.339,15327.7,14.0966,573.165,19271.6,14.0966,649.938,24222,14.0966,736.839,30430.9,14.0966,835.202,38211.5,14.0966,946.539,47950.3,14.0966,1072.56,60122.8,14.0966,1215.21,75309.9,14.0966,1376.66,94216.2,14.0966,1559.41,117688,14.0966,1766.26,146729,14.0966,2000.39,182510,14.0966,2265.39,226372,14.0966,2565.33,279806,14.0966,2904.81,344416,14.0966,3289.05,421845,14.0966,3723.93,513667,14.0966,4216.13,621231,14.0966,4773.18,745478,14.0966,5403.64,886744,14.0966,6117.15,1.04457e+06,14.0966,6924.63,1.2176e+06,14.0966,11.7194,11.96,12.6541,13.9321,16.1295,13.6434,16.6097,21.9702,13.9553,19.7532,29.5285,14.0526,23.3844,39.1143,14.0829,27.5423,51.2054,14.0923,32.2796,66.434,14.0953,37.662,85.6061,14.0962,43.7675,109.74,14.0965,50.687,140.119,14.0966,58.5249,178.359,14.0966,67.4005,226.493,14.0966,77.4493,287.08,14.0966,88.8254,363.343,14.0966,101.703,459.336,14.0966,116.281,580.161,14.0966,132.782,732.241,14.0966,151.46,923.655,14.0966,172.603,1164.57,14.0966,196.535,1467.79,14.0966,223.625,1849.39,14.0966,254.288,2329.62,14.0966,288.997,2933.93,14.0966,328.285,3694.33,14.0966,372.755,4651.04,14.0966,423.092,5854.57,14.0966,480.07,7368.38,14.0966,544.564,9272.08,14.0966,617.566,11665.5,14.0966,700.197,14673.6,14.0966,793.729,18452.9,14.0966,899.599,23198.6,14.0966,1019.43,29154.1,14.0966,1155.07,36622.3,14.0966,1308.6,45977.9,14.0966,1482.39,57683.7,14.0966,1679.09,72307.8,14.0966,1901.73,90542.8,14.0966,2153.73,113226,14.0966,2438.97,141360,14.0966,2761.81,176127,14.0966,3127.22,218898,14.0966,3540.81,271226,14.0966,4008.92,334817,14.0966,4538.74,411470,14.0966,5138.38,502973,14.0966,5817.04,610948,14.0966,6585.12,736653,14.0966,7454.39,880741,14.0966,8438.15,1.04302e+06,14.0966,9551.45,1.22224e+06,14.0966,10811.3,1.41602e+06,14.0966,12237,1.62086e+06,14.0966,11.7194,11.96,12.6541,2.21263,4.16949,0.989383,2.67766,5.84076,0.311842,3.14343,7.55825,0.0972771,3.63127,9.58578,0.0303237,4.15787,12.0912,0.00945211,4.73731,15.2286,0.00294633,5.38238,19.1721,0.000918508,6.10553,24.134,0.000286163,6.91951,30.3791,8.92692e-05,7.83792,38.2397,2.78121e-05,8.87555,48.1338,8.65134e-06,10.0489,60.5876,2.7882e-06,11.3761,76.2629,8.29036e-07,12.8779,95.9927,2.4373e-07,14.5775,120.825,4.33068e-09,16.5012,152.08,1.75749e-07,18.6784,191.415,-1.86328e-07,21.1428,240.917,1.91829e-07,23.9322,303.213,-1.81475e-07,27.0895,381.602,7.0186e-08,30.6634,480.231,-2.86769e-08,34.7087,604.316,2.40784e-07,39.2876,760.401,9.87368e-08,44.4705,956.705,1.22263e-07,50.3371,1203.54,-4.31966e-07,56.9776,1513.81,-1.9705e-07,64.494,1903.69,-2.763e-08,73.0018,2393.4,3.9185e-07,82.6317,3008.13,1.35379e-07,93.5318,3779.25,-4.16351e-08,105.869,4745.7,2.06965e-08,119.834,5955.6,-3.18887e-07,135.641,7468.12,-1.48271e-08,153.531,9355.62,2.00739e-07,173.781,11705.8,2.28358e-07,196.701,14624.1,-1.93587e-08,222.642,18235,-2.88101e-07,252.003,22683.4,-2.24732e-07,285.234,28134,8.56806e-09,322.845,34767,2.34258e-07,365.413,42770.9,2.99668e-07,413.588,52327.9,8.28644e-08,468.111,63591.2,-3.07049e-07,529.814,76653.2,-3.1888e-07,599.642,91502.5,-6.72276e-08,678.662,107975,2.26339e-07,768.083,125705,3.69212e-07,869.267,144088,2.04077e-07,983.76,162277,-2.80509e-07,1113.3,179223,-4.22737e-07,1259.87,193777,-1.71951e-07,1425.68,204839,4.55555e-07,11.7194,11.96,12.6541,2.21263,4.16949,0.989383,2.67766,5.84076,0.311842,3.14343,7.55825,0.0972771,3.63127,9.58578,0.0303237,4.15787,12.0912,0.00945211,4.73731,15.2286,0.00294633,5.38238,19.1721,0.000918508,6.10553,24.134,0.000286163,6.91951,30.3791,8.92692e-05,7.83792,38.2397,2.78121e-05,8.87555,48.1338,8.65134e-06,10.0489,60.5876,2.7882e-06,11.3761,76.2629,8.29036e-07,12.8779,95.9927,2.4373e-07,14.5775,120.825,1e-08,16.5012,152.08,1.75749e-07,18.6784,191.415,1e-08,21.1428,240.917,1.91829e-07,23.9322,303.213,1e-08,27.0895,381.602,7.0186e-08,30.6634,480.231,1e-08,34.7087,604.316,2.40784e-07,39.2876,760.401,9.87368e-08,44.4705,956.705,1.22263e-07,50.3371,1203.54,1e-08,56.9776,1513.81,1e-08,64.494,1903.69,1e-08,73.0018,2393.4,3.9185e-07,82.6317,3008.13,1.35379e-07,93.5318,3779.25,1e-08,105.869,4745.7,2.06965e-08,119.834,5955.6,1e-08,135.641,7468.12,1e-08,153.531,9355.62,2.00739e-07,173.781,11705.8,2.28358e-07,196.701,14624.1,1e-08,222.642,18235,1e-08,252.003,22683.4,1e-08,285.234,28134,1e-08,322.845,34767,2.34258e-07,365.413,42770.9,2.99668e-07,413.588,52327.9,8.28644e-08,468.111,63591.2,1e-08,529.814,76653.2,1e-08,599.642,91502.5,1e-08,678.662,107975,2.26339e-07,768.083,125705,3.69212e-07,869.267,144088,2.04077e-07,983.76,162277,1e-08,1113.3,179223,1e-08,1259.87,193777,1e-08,1425.68,204839,4.55555e-07,6.2823,3.27286,2.43537,0.219672,6.18826,2.24117,0.56371,6.87772,2.63624,0.308279,9,13,12,6,5,0,1,4,0,1,8,0,4,16,0,2,6,0,10,9,0,6,8,0,4,15,0,8,53,0,4,36,0,4,40,0,7,40,0,3,57,0,18,112,0,15,105,0,7,70,0,21,156,0,15,147,0,13,268,0,44,381,0,17,395,0,22,351,0,68,435,0,38,553,0,14,480,0,46,850,0,84,1161,0,77,2618,0,61,2343,0,63,2142,0,89,3960,0,111,5002,0,119,8566,0,252,7444,0,167,4979,0,254,12720,0,183,10331,0,213,31349,0,475,41373,0,481,32360,0,267,24229,0,428,65155,0,839,64956,0,988,51511,0,451,106753,0,720,94051,0,509,149860,0,906,120437,0,1222,198293,0,270,141383,0,1826,204334,0,1771,138553,0
-1.05176e+08,1,8.88811e-15,10,1023,0,1.05176e+08,0.528882,1.08665,0.389689,0.145397,0.379329,3.24381,0.161596,0.446195,1.77396,0.159177,1.15e+07,4.49998e+06,6.79999e+06,1.15e+07,4.49997e+06,6.79999e+06,1.15e+07,4.49996e+06,6.79999e+06,1.15e+07,4.49995e+06,6.79999e+06,1.14999e+07,4.49993e+06,6.79999e+06,1.14999e+07,4.49991e+06,6.79999e+06,1.14999e+07,4.49989e+06,6.79999e+06,1.14999e+07,4.49986e+06,6.79999e+06,1.14999e+07,4.49982e+06,6.79999e+06,1.14999e+07,4.49977e+06,6.79999e+06,1.14999e+07,4.49971e+06,6.79999e+06,1.14999e+07,4.49963e+06,6.79999e+06,1.14998e+07,4.49953e+06,6.79999e+06,1.14998e+07,4.49941e+06,6.79999e+06,1.14998e+07,4.49926e+06,6.79999e+06,1.14998e+07,4.49906e+06,6.79999e+06,1.14997e+07,4.49882e+06,6.79999e+06,1.14997e+07,4.49851e+06,6.79999e+06,1.14997e+07,4.49812e+06,6.79999e+06,1.14996e+07,4.49764e+06,6.79999e+06,1.14996e+07,4.49702e+06,6.79999e+06,1.14995e+07,4.49625e+06,6.79999e+06,1.14995e+07,4.49528e+06,6.79999e+06,1.14994e+07,4.49406e+06,6.79999e+06,1.14993e+07,4.49253e+06,6.79999e+06,1.14992e+07,4.49059e+06,6.79999e+06,1.14991e+07,4.48817e+06,6.79999e+06,1.1499e+07,4.48511e+06,6.79999e+06,1.14988e+07,4.48128e+06,6.79999e+06,1.14987e+07,4.47646e+06,6.79999e+06,1.14985e+07,4.47041e+06,6.79999e+06,1.14983e+07,4.46281e+06,6.79999e+06,1.14981e+07,4.4533e+06,6.79999e+06,1.14979e+07,4.44138e+06,6.79999e+06,1.14976e+07,4.42649e+06,6.79999e+06,1.14972e+07,4.40789e+06,6.79999e+06,1.14969e+07,4.38471e+06,6.79999e+06,1.14965e+07,4.35592e+06,6.79999e+06,1.1496e+07,4.32027e+06,6.79999e+06,1.14955e+07,4.27629e+06,6.79999e+06,1.14949e+07,4.22231e+06,6.79999e+06,1.14942e+07,4.15647e+06,6.79999e+06,1.14934e+07,4.07676e+06,6.79999e+06,1.14926e+07,3.98112e+06,6.79999e+06,1.14916e+07,3.86765e+06,6.79999e+06,1.14905e+07,3.73474e+06,6.79999e+06,1.14892e+07,3.58148e+06,6.79999e+06,1.14878e+07,3.40785e+06,6.79999e+06,1.14862e+07,3.21513e+06,6.79999e+06,1.14844e+07,3.00605e+06,6.79999e+06,1.14823e+07,2.7848e+06,6.79999e+06,1.148e+07,2.5568e+06,6.79999e+06,1.14773e+07,2.32825e+06,6.79999e+06,13.5742,8.52444,0.508366,16.8306,13.2585,0.162638,20.0035,17.569,0.0507846,23.2616,22.4214,0.0158319,26.7328,28.3297,0.00493498,30.5212,35.6974,0.00153831,34.7178,44.9473,0.000479527,39.4086,56.5822,0.000149456,44.6796,71.2245,4.66214e-05,50.6209,89.6543,1.45419e-05,57.3297,112.852,4.54748e-06,64.9129,142.051,1.43857e-06,73.4897,178.803,4.36618e-07,83.1934,225.062,1.40153e-07,94.1745,283.286,4.96378e-08,106.602,356.568,1.05434e-07,120.669,448.799,-6.49244e-08,136.59,564.873,1.70148e-07,154.611,710.948,-5.34594e-08,175.008,894.767,1.63407e-07,198.097,1126.06,8.04804e-08,224.231,1417.07,1.14667e-07,253.813,1783.15,-1.71227e-07,287.297,2243.62,-2.88466e-07,325.198,2822.67,-4.33651e-07,368.098,3550.67,7.9318e-08,416.657,4465.65,3.13319e-07,471.621,5615.16,3.4613e-07,533.835,7058.61,-1.19199e-07,604.255,8870.02,-2.79964e-07,683.962,11141.4,-2.30521e-07,774.182,13986.7,-2.55099e-07,876.299,17546.4,1.23585e-07,991.883,21993.1,1.41192e-07,1122.71,27536.7,-9.71886e-08,1270.78,34430.7,-3.68368e-07,1438.38,42977.7,-3.45379e-07,1628.07,53532.7,-3.25328e-09,1842.77,66504.6,2.6362e-07,2085.77,82350.2,2.53445e-07,2360.79,101560,-2.47407e-08,2672.05,124632,-3.80602e-07,3024.31,152018,-4.79005e-07,3422.98,184060,-1.14379e-07,3874.15,220884,2.64297e-07,4384.72,262283,3.44131e-07,4962.49,307576,7.5349e-08,5616.29,355497,-3.63097e-07,6356.1,404126,-6.05442e-07,7193.18,450932,-2.72333e-07,8140.28,492963,2.29675e-07,9211.79,527178,4.3387e-07,10424,550893,-1.0711e-07,10.102,8.06553,2.81012,10.6436,8.57909,0.869423,11.5336,10.2515,0.270869,12.7211,12.7138,0.0844293,14.1823,15.9373,0.0263173,15.9122,20.0383,0.0082035,17.9198,25.2154,0.00255722,20.2244,31.7373,0.000797017,22.8539,39.9486,0.000248622,25.8438,50.2851,7.75492e-05,29.237,63.2963,2.42508e-05,33.0837,79.6738,7.67162e-06,37.4415,100.288,2.32837e-06,42.3767,126.236,7.33e-07,47.9646,158.896,2.79256e-07,54.2906,200.003,9.87351e-09,61.452,251.741,1.61085e-07,69.5585,316.859,-2.47141e-07,78.7347,398.812,8.93552e-08,89.1218,501.948,-2.53231e-07,100.879,631.736,-1.25047e-07,114.188,795.049,-1.78808e-07,129.252,1000.53,2.6733e-07,146.304,1259.03,4.50292e-07,165.605,1584.19,6.76904e-07,187.452,1993.12,-1.23808e-07,212.181,2507.27,-4.89068e-07,240.173,3153.54,-5.40284e-07,271.856,3965.56,1.86061e-07,307.719,4985.38,4.37004e-07,348.313,6265.4,3.59828e-07,394.26,7870.83,3.98192e-07,446.268,9882.51,-1.92908e-07,505.135,12400.3,-2.20392e-07,571.766,15546.9,1.51705e-07,647.184,19472.2,5.74996e-07,732.547,24357.4,5.39112e-07,829.167,30420,5.07815e-09,938.526,37916.3,-4.11492e-07,1062.3,47143.9,-3.9561e-07,1202.4,58439.2,3.86185e-08,1360.96,72169.3,5.94093e-07,1540.42,88715.8,7.47693e-07,1743.53,108445,1.78537e-07,1973.41,131665,-4.12549e-07,2233.57,158557,-5.37164e-07,2528,189103,-1.17615e-07,2861.2,222986,5.66769e-07,3238.27,259510,9.45053e-07,3664.97,297540,4.25093e-07,4147.81,335497,-3.58506e-07,4694.17,371444,-6.7724e-07,5312.37,403256,1.67192e-07,1.61744,3.89446,9.84394,3.28846,7.5504,12.774,5.07607,11.7187,13.6844,7.03202,16.8147,13.9681,9.20215,23.1769,14.0566,11.6301,31.1672,14.0841,14.3598,41.2186,14.0927,17.4376,53.8688,14.0954,20.9137,69.7915,14.0962,24.8432,89.8341,14.0965,29.2879,115.063,14.0966,34.3168,146.819,14.0966,40.0078,186.792,14.0966,46.4487,237.107,14.0966,53.7388,300.44,14.0966,61.9903,380.158,14.0966,71.3301,480.499,14.0966,81.902,606.796,14.0966,93.8685,765.761,14.0966,107.414,965.837,14.0966,122.746,1217.65,14.0966,140.101,1534.57,14.0966,159.745,1933.41,14.0966,181.981,2435.3,14.0966,207.15,3066.85,14.0966,235.64,3861.46,14.0966,267.889,4861.11,14.0966,304.391,6118.54,14.0966,345.709,7699.91,14.0966,392.478,9688.22,14.0966,445.417,12187.5,14.0966,505.339,15327.7,14.0966,573.165,19271.6,14.0966,649.938,24222,14.0966,736.839,30430.9,14.0966,835.202,38211.5,14.0966,946.539,47950.3,14.0966,1072.56,60122.8,14.0966,1215.21,75309.9,14.0966,1376.66,94216.2,14.0966,1559.41,117688,14.0966,1766.26,146729,14.0966,2000.39,182510,14.0966,2265.39,226372,14.0966,2565.33,279806,14.0966,2904.81,344416,14.0966,3289.05,421845,14.0966,3723.93,513667,14.0966,4216.13,621231,14.0966,4773.18,745478,14.0966,5403.64,886744,14.0966,6117.15,1.04457e+06,14.0966,6924.63,1.2176e+06,14.0966,11.7194,11.96,12.6541,13.9321,16.1295,13.6434,16.6097,21.9702,13.9553,19.7532,29.5285,14.0526,23.3844,39.1143,14.0829,27.5423,51.2054,14.0923,32.2796,66.434,14.0953,37.662,85.6061,14.0962,43.7675,109.74,14.0965,50.687,140.119,14.0966,58.5249,178.359,14.0966,67.4005,226.493,14.0966,77.4493,287.08,14.0966,88.8254,363.343,14.0966,101.703,459.336,14.0966,116.281,580.161,14.0966,132.782,732.241,14.0966,151.46,923.655,14.0966,172.603,1164.57,14.0966,196.535,1467.79,14.0966,223.625,1849.39,14.0966,254.288,2329.62,14.0966,288.997,2933.93,14.0966,328.285,3694.33,14.0966,372.755,4651.04,14.0966,423.092,5854.57,14.0966,480.07,7368.38,14.0966,544.564,9272.08,14.0966,617.566,11665.5,14.0966,700.197,14673.6,14.0966,793.729,18452.9,14.0966,899.599,23198.6,14.0966,1019.43,29154.1,14.0966,1155.07,36622.3,14.0966,1308.6,45977.9,14.0966,1482.39,57683.7,14.0966,1679.09,72307.8,14.0966,1901.73,90542.8,14.0966,2153.73,113226,14.0966,2438.97,141360,14.0966,2761.81,176127,14.0966,3127.22,218898,14.0966,3540.81,271226,14.0966,4008.92,334817,14.0966,4538.74,411470,14.0966,5138.38,502973,14.0966,5817.04,610948,14.0966,6585.12,736653,14.0966,7454.39,880741,14.0966,8438.15,1.04302e+06,14.0966,9551.45,1.22224e+06,14.0966,10811.3,1.41602e+06,14.0966,12237,1.62086e+06,14.0966,11.7194,11.96,12.6541,2.21263,4.16949,0.989383,2.67766,5.84076,0.311842,3.14343,7.55825,0.0972771,3.63127,9.58578,0.0303237,4.15787,12.0912,0.00945211,4.73731,15.2286,0.00294633,5.38238,19.1721,0.000918508,6.10553,24.134,0.000286163,6.91951,30.3791,8.92692e-05,7.83792,38.2397,2.78121e-05,8.87555,48.1338,8.65134e-06,10.0489,60.5876,2.7882e-06,11.3761,76.2629,8.29036e-07,12.8779,95.9927,2.4373e-07,14.5775,120.825,4.33068e-09,16.5012,152.08,1.75749e-07,18.6784,191.415,-1.86328e-07,21.1428,240.917,1.91829e-07,23.9322,303.213,-1.81475e-07,27.0895,381.602,7.0186e-08,30.6634,480.231,-2.86769e-08,34.7087,604.316,2.40784e-07,39.2876,760.401,9.87368e-08,44.4705,956.705,1.22263e-07,50.3371,1203.54,-4.31966e-07,56.9776,1513.81,-1.9705e-07,64.494,1903.69,-2.763e-08,73.0018,2393.4,3.9185e-07,82.6317,3008.13,1.35379e-07,93.5318,3779.25,-4.16351e-08,105.869,4745.7,2.06965e-08,119.834,5955.6,-3.18887e-07,135.641,7468.12,-1.48271e-08,153.531,9355.62,2.00739e-07,173.781,11705.8,2.28358e-07,196.701,14624.1,-1.93587e-08,222.642,18235,-2.88101e-07,252.003,22683.4,-2.24732e-07,285.234,28134,8.56806e-09,322.845,34767,2.34258e-07,365.413,42770.9,2.99668e-07,413.588,52327.9,8.28644e-08,468.111,63591.2,-3.07049e-07,529.814,76653.2,-3.1888e-07,599.642,91502.5,-6.72276e-08,678.662,107975,2.26339e-07,768.083,125705,3.69212e-07,869.267,144088,2.04077e-07,983.76,162277,-2.80509e-07,1113.3,179223,-4.22737e-07,1259.87,193777,-1.71951e-07,1425.68,204839,4.55555e-07,11.7194,11.96,12.6541,2.21263,4.16949,0.989383,2.67766,5.84076,0.311842,3.14343,7.55825,0.0972771,3.63127,9.58578,0.0303237,4.15787,12.0912,0.00945211,4.73731,15.2286,0.00294633,5.38238,19.1721,0.000918508,6.10553,24.134,0.000286163,6.91951,30.3791,8.92692e-05,7.83792,38.2397,2.78121e-05,8.87555,48.1338,8.65134e-06,10.0489,60.5876,2.7882e-06,11.3761,76.2629,8.29036e-07,12.8779,95.9927,2.4373e-07,14.5775,120.825,1e-08,16.5012,152.08,1.75749e-07,18.6784,191.415,1e-08,21.1428,240.917,1.91829e-07,23.9322,303.213,1e-08,27.0895,381.602,7.0186e-08,30.6634,480.231,1e-08,34.7087,604.316,2.40784e-07,39.2876,760.401,9.87368e-08,44.4705,956.705,1.22263e-07,50.3371,1203.54,1e-08,56.9776,1513.81,1e-08,64.494,1903.69,1e-08,73.0018,2393.4,3.9185e-07,82.6317,3008.13,1.35379e-07,93.5318,3779.25,1e-08,105.869,4745.7,2.06965e-08,119.834,5955.6,1e-08,135.641,7468.12,1e-08,153.531,9355.62,2.00739e-07,173.781,11705.8,2.28358e-07,196.701,14624.1,1e-08,222.642,18235,1e-08,252.003,22683.4,1e-08,285.234,28134,1e-08,322.845,34767,2.34258e-07,365.413,42770.9,2.99668e-07,413.588,52327.9,8.28644e-08,468.111,63591.2,1e-08,529.814,76653.2,1e-08,599.642,91502.5,1e-08,678.662,107975,2.26339e-07,768.083,125705,3.69212e-07,869.267,144088,2.04077e-07,983.76,162277,1e-08,1113.3,179223,1e-08,1259.87,193777,1e-08,1425.68,204839,4.55555e-07,6.2823,3.27286,2.43537,0.219672,6.18826,2.24117,0.56371,6.87772,2.63624,0.308279,5,11,7,3,5,1,0,3,1,4,6,0,8,12,0,6,7,0,6,11,0,10,28,0,9,22,0,9,13,0,12,18,0,1,28,0,8,60,0,12,96,0,8,167,0,17,118,0,4,123,0,22,160,0,39,313,0,16,507,0,67,476,0,32,715,0,37,355,0,43,366,0,26,1224,0,64,1800,0,17,1167,0,56,2217,0,82,2478,0,24,1854,0,95,5599,0,76,5995,0,205,7276,0,178,3305,0,149,5767,0,51,8098,0,244,15534,0,220,24005,0,172,15772,0,226,55908,0,262,50314,0,252,53673,0,501,47283,0,251,51241,0,327,73044,0,707,75704,0,544,48871,0,672,156122,0,979,140451,0,1347,113395,0,952,166487,0,2417,210926,0,1377,167432,0
-1.05176e+08,1,8.88811e-15,10,1023,0,1.05176e+08,0.528882,1.08665,0.389689,0.145397,0.379329,3.24381,0.161596,0.446195,1.77396,0.159177,1.15e+07,4.49998e+06,6.79999e+06,1.15e+07,4.49997e+06,6.79999e+06,1.15e+07,4.49996e+06,6.79999e+06,1.15e+07,4.49995e+06,6.79999e+06,1.14999e+07,4.49993e+06,6.79999e+06,1.14999e+07,4.49991e+06,6.79999e+06,1.14999e+07,4.49989e+06,6.79999e+06,1.14999e+07,4.49986e+06,6.79999e+06,1.14999e+07,4.49982e+06,6.79999e+06,1.14999e+07,4.49977e+06,6.79999e+06,1.14999e+07,4.49971e+06,6.79999e+06,1.14999e+07,4.49963e+06,6.79999e+06,1.14998e+07,4.49953e+06,6.79999e+06,1.14998e+07,4.49941e+06,6.79999e+06,1.14998e+07,4.49926e+06,6.79999e+06,1.14998e+07,4.49906e+06,6.79999e+06,1.14997e+07,4.49882e+06,6.79999e+06,1.14997e+07,4.49851e+06,6.79999e+06,1.14997e+07,4.49812e+06,6.79999e+06,1.14996e+07,4.49764e+06,6.79999e+06,1.14996e+07,4.49702e+06,6.79999e+06,1.14995e+07,4.49625e+06,6.79999e+06,1.14995e+07,4.49528e+06,6.79999e+06,1.14994e+07,4.49406e+06,6.79999e+06,1.14993e+07,4.49253e+06,6.79999e+06,1.14992e+07,4.49059e+06,6.79999e+06,1.14991e+07,4.48817e+06,6.79999e+06,1.1499e+07,4.48511e+06,6.79999e+06,1.14988e+07,4.48128e+06,6.79999e+06,1.14987e+07,4.47646e+06,6.79999e+06,1.14985e+07,4.47041e+06,6.79999e+06,1.14983e+07,4.46281e+06,6.79999e+06,1.14981e+07,4.4533e+06,6.79999e+06,1.14979e+07,4.44138e+06,6.79999e+06,1.14976e+07,4.42649e+06,6.79999e+06,1.14972e+07,4.40789e+06,6.79999e+06,1.14969e+07,4.38471e+06,6.79999e+06,1.14965e+07,4.35592e+06,6.79999e+06,1.1496e+07,4.32027e+06,6.79999e+06,1.14955e+07,4.27629e+06,6.79999e+06,1.14949e+07,4.22231e+06,6.79999e+06,1.14942e+07,4.15647e+06,6.79999e+06,1.14934e+07,4.07676e+06,6.79999e+06,1.14926e+07,3.98112e+06,6.79999e+06,1.14916e+07,3.86765e+06,6.79999e+06,1.14905e+07,3.73474e+06,6.79999e+06,1.14892e+07,3.58148e+06,6.79999e+06,1.14878e+07,3.40785e+06,6.79999e+06,1.14862e+07,3.21513e+06,6.79999e+06,1.14844e+07,3.00605e+06,6.79999e+06,1.14823e+07,2.7848e+06,6.79999e+06,1.148e+07,2.5568e+06,6.79999e+06,1.14773e+07,2.32825e+06,6.79999e+06,13.5742,8.52444,0.508366,16.8306,13.2585,0.162638,20.0035,17.569,0.0507846,23.2616,22.4214,0.0158319,26.7328,28.3297,0.00493498,30.5212,35.6974,0.00153831,34.7178,44.9473,0.000479527,39.4086,56.5822,0.000149456,44.6796,71.2245,4.66214e-05,50.6209,89.6543,1.45419e-05,57.3297,112.852,4.54748e-06,64.9129,142.051,1.43857e-06,73.4897,178.803,4.36618e-07,83.1934,225.062,1.40153e-07,94.1745,283.286,4.96378e-08,106.602,356.568,1.05434e-07,120.669,448.799,-6.49244e-08,136.59,564.873,1.70148e-07,154.611,710.948,-5.34594e-08,175.008,894.767,1.63407e-07,198.097,1126.06,8.04804e-08,224.231,1417.07,1.14667e-07,253.813,1783.15,-1.71227e-07,287.297,2243.62,-2.88466e-07,325.198,2822.67,-4.33651e-07,368.098,3550.67,7.9318e-08,416.657,4465.65,3.13319e-07,471.621,5615.16,3.4613e-07,533.835,7058.61,-1.19199e-07,604.255,8870.02,-2.79964e-07,683.962,11141.4,-2.30521e-07,774.182,13986.7,-2.55099e-07,876.299,17546.4,1.23585e-07,991.883,21993.1,1.41192e-07,1122.71,27536.7,-9.71886e-08,1270.78,34430.7,-3.68368e-07,1438.38,42977.7,-3.45379e-07,1628.07,53532.7,-3.25328e-09,1842.77,66504.6,2.6362e-07,2085.77,82350.2,2.53445e-07,2360.79,101560,-2.47407e-08,2672.05,124632,-3.80602e-07,3024.31,152018,-4.79005e-07,3422.98,184060,-1.14379e-07,3874.15,220884,2.64297e-07,4384.72,262283,3.44131e-07,4962.49,307576,7.5349e-08,5616.29,355497,-3.63097e-07,6356.1,404126,-6.05442e-07,7193.18,450932,-2.72333e-07,8140.28,492963,2.29675e-07,9211.79,527178,4.3387e-07,10424,550893,-1.0711e-07,10.102,8.06553,2.81012,10.6436,8.57909,0.869423,11.5336,10.2515,0.270869,12.7211,12.7138,0.0844293,14.1823,15.9373,0.0263173,15.9122,20.0383,0.0082035,17.9198,25.2154,0.00255722,20.2244,31.7373,0.000797017,22.8539,39.9486,0.000248622,25.8438,50.2851,7.75492e-05,29.237,63.2963,2.42508e-05,33.0837,79.6738,7.67162e-06,37.4415,100.288,2.32837e-06,42.3767,126.236,7.33e-07,47.9646,158.896,2.79256e-07,54.2906,200.003,9.87351e-09,61.452,251.741,1.61085e-07,69.5585,316.859,-2.47141e-07,78.7347,398.812,8.93552e-08,89.1218,501.948,-2.53231e-07,100.879,631.736,-1.25047e-07,114.188,795.049,-1.78808e-07,129.252,1000.53,2.6733e-07,146.304,1259.03,4.50292e-07,165.605,1584.19,6.76904e-07,187.452,1993.12,-1.23808e-07,212.181,2507.27,-4.89068e-07,240.173,3153.54,-5.40284e-07,271.856,3965.56,1.86061e-07,307.719,4985.38,4.37004e-07,348.313,6265.4,3.59828e-07,394.26,7870.83,3.98192e-07,446.268,9882.51,-1.92908e-07,505.135,12400.3,-2.20392e-07,571.766,15546.9,1.51705e-07,647.184,19472.2,5.74996e-07,732.547,24357.4,5.39112e-07,829.167,30420,5.07815e-09,938.526,37916.3,-4.11492e-07,1062.3,47143.9,-3.9561e-07,1202.4,58439.2,3.86185e-08,1360.96,72169.3,5.94093e-07,1540.42,88715.8,7.47693e-07,1743.53,108445,1.78537e-07,1973.41,131665,-4.12549e-07,2233.57,158557,-5.37164e-07,2528,189103,-1.17615e-07,2861.2,222986,5.66769e-07,3238.27,259510,9.45053e-07,3664.97,297540,4.25093e-07,4147.81,335497,-3.58506e-07,4694.17,371444,-6.7724e-07,5312.37,403256,1.67192e-07,1.61744,3.89446,9.84394,3.28846,7.5504,12.774,5.07607,11.7187,13.6844,7.03202,16.8147,13.9681,9.20215,23.1769,14.0566,11.6301,31.1672,14.0841,14.3598,41.2186,14.0927,17.4376,53.8688,14.0954,20.9137,69.7915,14.0962,24.8432,89.8341,14.0965,29.2879,115.063,14.0966,34.3168,146.819,14.0966,40.0078,186.792,14.0966,46.4487,237.107,14.0966,53.7388,300.44,14.0966,61.9903,380.158,14.0966,71.3301,480.499,14.0966,81.902,606.796,14.0966,93.8685,765.761,14.0966,107.414,965.837,14.0966,122.746,1217.65,14.0966,140.101,1534.57,14.0966,159.745,1933.41,14.0966,181.981,2435.3,14.0966,207.15,3066.85,14.0966,235.64,3861.46,14.0966,267.889,4861.11,14.0966,304.391,6118.54,14.0966,345.709,7699.91,14.0966,392.478,9688.22,14.0966,445.417,12187.5,14.0966,505.339,15327.7,14.0966,573.165,19271.6,14.0966,649.938,24222,14.0966,736.839,30430.9,14.0966,835.202,38211.5,14.0966,946.539,47950.3,14.0966,1072.56,60122.8,14.0966,1215.21,75309.9,14.0966,1376.66,94216.2,14.0966,1559.41,117688,14.0966,1766.26,146729,14.0966,2000.39,182510,14.0966,2265.39,226372,14.0966,2565.33,279806,14.0966,2904.81,344416,14.0966,3289.05,421845,14.0966,3723.93,513667,14.0966,4216.13,621231,14.0966,4773.18,745478,14.0966,5403.64,886744,14.0966,6117.15,1.04457e+06,14.0966,6924.63,1.2176e+06,14.0966,11.7194,11.96,12.6541,13.9321,16.1295,13.6434,16.6097,21.9702,13.9553,19.7532,29.5285,14.0526,23.3844,39.1143,14.0829,27.5423,51.2054,14.0923,32.2796,66.434,14.0953,37.662,85.6061,14.0962,43.7675,109.74,14.0965,50.687,140.119,14.0966,58.5249,178.359,14.0966,67.4005,226.493,14.0966,77.4493,287.08,14.0966,88.8254,363.343,14.0966,101.703,459.336,14.0966,116.281,580.161,14.0966,132.782,732.241,14.0966,151.46,923.655,14.0966,172.603,1164.57,14.0966,196.535,1467.79,14.0966,223.625,1849.39,14.0966,254.288,2329.62,14.0966,288.997,2933.93,14.0966,328.285,3694.33,14.0966,372.755,4651.04,14.0966,423.092,5854.57,14.0966,480.07,7368.38,14.0966,544.564,9272.08,14.0966,617.566,11665.5,14.0966,700.197,14673.6,14.0966,793.729,18452.9,14.0966,899.599,23198.6,14.0966,1019.43,29154.1,14.0966,1155.07,36622.3,14.0966,1308.6,45977.9,14.0966,1482.39,57683.7,14.0966,1679.09,72307.8,14.0966,1901.73,90542.8,14.0966,2153.73,113226,14.0966,2438.97,141360,14.0966,2761.81,176127,14.0966,3127.22,218898,14.0966,3540.81,271226,14.0966,4008.92,334817,14.0966,4538.74,411470,14.0966,5138.38,502973,14.0966,5817.04,610948,14.0966,6585.12,736653,14.0966,7454.39,880741,14.0966,8438.15,1.04302e+06,14.0966,9551.45,1.22224e+06,14.0966,10811.3,1.41602e+06,14.0966,12237,1.62086e+06,14.0966,11.7194,11.96,12.6541,2.21263,4.16949,0.989383,2.67766,5.84076,0.311842,3.14343,7.55825,0.0972771,3.63127,9.58578,0.0303237,4.15787,12.0912,0.00945211,4.73731,15.2286,0.00294633,5.38238,19.1721,0.000918508,6.10553,24.134,0.000286163,6.91951,30.3791,8.92692e-05,7.83792,38.2397,2.78121e-05,8.87555,48.1338,8.65134e-06,10.0489,60.5876,2.7882e-06,11.3761,76.2629,8.29036e-07,12.8779,95.9927,2.4373e-07,14.5775,120.825,4.33068e-09,16.5012,152.08,1.75749e-07,18.6784,191.415,-1.86328e-07,21.1428,240.917,1.91829e-07,23.9322,303.213,-1.81475e-07,27.0895,381.602,7.0186e-08,30.6634,480.231,-2.86769e-08,34.7087,604.316,2.40784e-07,39.2876,760.401,9.87368e-08,44.4705,956.705,1.22263e-07,50.3371,1203.54,-4.31966e-07,56.9776,1513.81,-1.9705e-07,64.494,1903.69,-2.763e-08,73.0018,2393.4,3.9185e-07,82.6317,3008.13,1.35379e-07,93.5318,3779.25,-4.16351e-08,105.869,4745.7,2.06965e-08,119.834,5955.6,-3.18887e-07,135.641,7468.12,-1.48271e-08,153.531,9355.62,2.00739e-07,173.781,11705.8,2.28358e-07,196.701,14624.1,-1.93587e-08,222.642,18235,-2.88101e-07,252.003,22683.4,-2.24732e-07,285.234,28134,8.56806e-09,322.845,34767,2.34258e-07,365.413,42770.9,2.99668e-07,413.588,52327.9,8.28644e-08,468.111,63591.2,-3.07049e-07,529.814,76653.2,-3.1888e-07,599.642,91502.5,-6.72276e-08,678.662,107975,2.26339e-07,768.083,125705,3.69212e-07,869.267,144088,2.04077e-07,983.76,162277,-2.80509e-07,1113.3,179223,-4.22737e-07,1259.87,193777,-1.71951e-07,1425.68,204839,4.55555e-07,11.7194,11.96,12.6541,2.21263,4.16949,0.989383,2.67766,5.84076,0.311842,3.14343,7.55825,0.0972771,3.63127,9.58578,0.0303237,4.15787,12.0912,0.00945211,4.73731,15.2286,0.00294633,5.38238,19.1721,0.000918508,6.10553,24.134,0.000286163,6.91951,30.3791,8.92692e-05,7.83792,38.2397,2.78121e-05,8.87555,48.1338,8.65134e-06,10.0489,60.5876,2.7882e-06,11.3761,76.2629,8.29036e-07,12.8779,95.9927,2.4373e-07,14.5775,120.825,1e-08,16.5012,152.08,1.75749e-07,18.6784,191.415,1e-08,21.1428,240.917,1.91829e-07,23.9322,303.213,1e-08,27.0895,381.602,7.0186e-08,30.6634,480.231,1e-08,34.7087,604.316,2.40784e-07,39.2876,760.401,9.87368e-08,44.4705,956.705,1.22263e-07,50.3371,1203.54,1e-08,56.9776,1513.81,1e-08,64.494,1903.69,1e-08,73.0018,2393.4,3.9185e-07,82.6317,3008.13,1.35379e-07,93.5318,3779.25,1e-08,105.869,4745.7,2.06965e-08,119.834,5955.6,1e-08,135.641,7468.12,1e-08,153.531,9355.62,2.00739e-07,173.781,11705.8,2.28358e-07,196.701,14624.1,1e-08,222.642,18235,1e-08,252.003,22683.4,1e-08,285.234,28134,1e-08,322.845,34767,2.34258e-07,365.413,42770.9,2.99668e-07,413.588,52327.9,8.28644e-08,468.111,63591.2,1e-08,529.814,76653.2,1e-08,599.642,91502.5,1e-08,678.662,107975,2.26339e-07,768.083,125705,3.69212e-07,869.267,144088,2.04077e-07,983.76,162277,1e-08,1113.3,179223,1e-08,1259.87,193777,1e-08,1425.68,204839,4.55555e-07,6.2823,3.27286,2.43537,0.219672,6.18826,2.24117,0.56371,6.87772,2.63624,0.308279,7,21,13,4,5,1,3,12,0,3,17,0,6,15,0,5,14,0,9,14,0,4,26,0,5,28,0,0,97,0,9,37,0,14,82,0,5,103,0,18,117,0,22,104,0,24,94,0,3,237,0,16,167,0,10,139,0,22,163,0,11,416,0,21,346,0,10,226,0,42,821,0,29,1985,0,76,627,0,53,3158,0,36,3053,0,85,3036,0,43,2746,0,69,4317,0,68,6747,0,56,3930,0,291,7190,0,254,5623,0,138,6142,0,136,10067,0,211,19434,0,416,18775,0,438,26267,0,376,36486,0,313,35836,0,486,77589,0,210,70102,0,443,70851,0,639,101869,0,693,64140,0,1229,129957,0,831,117743,0,1248,294411,0,1088,233614,0,688,203238,0,2654,171166,0
-1.05176e+08,1,8.88811e-15,10,1023,0,1.05176e+08,0.528882,1.08665,0.389689,0.145397,0.379329,3.24381,0.161596,0.446195,1.77396,0.159177,1.15e+07,4.49998e+06,6.79999e+06,1.15e+07,4.49997e+06,6.79999e+06,1.15e+07,4.49996e+06,6.79999e+06,1.15e+07,4.49995e+06,6.79999e+06,1.14999e+07,4.49993e+06,6.79999e+06,1.14999e+07,4.49991e+06,6.79999e+06,1.14999e+07,4.49989e+06,6.79999e+06,1.14999e+07,4.49986e+06,6.79999e+06,1.14999e+07,4.49982e+06,6.79999e+06,1.14999e+07,4.49977e+06,6.79999e+06,1.14999e+07,4.49971e+06,6.79999e+06,1.14999e+07,4.49963e+06,6.79999e+06,1.14998e+07,4.49953e+06,6.79999e+06,1.14998e+07,4.49941e+06,6.79999e+06,1.14998e+07,4.49926e+06,6.79999e+06,1.14998e+07,4.49906e+06,6.79999e+06,1.14997e+07,4.49882e+06,6.79999e+06,1.14997e+07,4.49851e+06,6.79999e+06,1.14997e+07,4.49812e+06,6.79999e+06,1.14996e+07,4.49764e+06,6.79999e+06,1.14996e+07,4.49702e+06,6.79999e+06,1.14995e+07,4.49625e+06,6.79999e+06,1.14995e+07,4.49528e+06,6.79999e+06,1.14994e+07,4.49406e+06,6.79999e+06,1.14993e+07,4.49253e+06,6.79999e+06,1.14992e+07,4.49059e+06,6.79999e+06,1.14991e+07,4.48817e+06,6.79999e+06,1.1499e+07,4.48511e+06,6.79999e+06,1.14988e+07,4.48128e+06,6.79999e+06,1.14987e+07,4.47646e+06,6.79999e+06,1.14985e+07,4.47041e+06,6.79999e+06,1.14983e+07,4.46281e+06,6.79999e+06,1.14981e+07,4.4533e+06,6.79999e+06,1.14979e+07,4.44138e+06,6.79999e+06,1.14976e+07,4.42649e+06,6.79999e+06,1.14972e+07,4.40789e+06,6.79999e+06,1.14969e+07,4.38471e+06,6.79999e+06,1.14965e+07,4.35592e+06,6.79999e+06,1.1496e+07,4.32027e+06,6.79999e+06,1.14955e+07,4.27629e+06,6.79999e+06,1.14949e+07,4.22231e+06,6.79999e+06,1.14942e+07,4.15647e+06,6.79999e+06,1.14934e+07,4.07676e+06,6.79999e+06,1.14926e+07,3.98112e+06,6.79999e+06,1.14916e+07,3.86765e+06,6.79999e+06,1.14905e+07,3.73474e+06,6.79999e+06,1.14892e+07,3.58148e+06,6.79999e+06,1.14878e+07,3.40785e+06,6.79999e+06,1.14862e+07,3.21513e+06,6.79999e+06,1.14844e+07,3.00605e+06,6.79999e+06,1.14823e+07,2.7848e+06,6.79999e+06,1.148e+07,2.5568e+06,6.79999e+06,1.14773e+07,2.32825e+06,6.79999e+06,13.5742,8.52444,0.508366,16.8306,13.2585,0.162638,20.0035,17.569,0.0507846,23.2616,22.4214,0.0158319,26.7328,28.3297,0.00493498,30.5212,35.6974,0.00153831,34.7178,44.9473,0.000479527,39.4086,56.5822,0.000149456,44.6796,71.2245,4.66214e-05,50.6209,89.6543,1.45419e-05,57.3297,112.852,4.54748e-06,64.9129,142.051,1.43857e-06,73.4897,178.803,4.36618e-07,83.1934,225.062,1.40153e-07,94.1745,283.286,4.96378e-08,106.602,356.568,1.05434e-07,120.669,448.799,-6.49244e-08,136.59,564.873,1.70148e-07,154.611,710.948,-5.34594e-08,175.008,894.767,1.63407e-07,198.097,1126.06,8.04804e-08,224.231,1417.07,1.14667e-07,253.813,1783.15,-1.71227e-07,287.297,2243.62,-2.88466e-07,325.198,2822.67,-4.33651e-07,368.098,3550.67,7.9318e-08,416.657,4465.65,3.13319e-07,471.621,5615.16,3.4613e-07,533.835,7058.61,-1.19199e-07,604.255,8870.02,-2.79964e-07,683.962,11141.4,-2.30521e-07,774.182,13986.7,-2.55099e-07,876.299,17546.4,1.23585e-07,991.883,21993.1,1.41192e-07,1122.71,27536.7,-9.71886e-08,1270.78,34430.7,-3.68368e-07,1438.38,42977.7,-3.45379e-07,1628.07,53532.7,-3.25328e-09,1842.77,66504.6,2.6362e-07,2085.77,82350.2,2.53445e-07,2360.79,101560,-2.47407e-08,2672.05,124632,-3.80602e-07,3024.31,152018,-4.79005e-07,3422.98,184060,-1.14379e-07,3874.15,220884,2.64297e-07,4384.72,262283,3.44131e-07,4962.49,307576,7.5349e-08,5616.29,355497,-3.63097e-07,6356.1,404126,-6.05442e-07,7193.18,450932,-2.72333e-07,8140.28,492963,2.29675e-07,9211.79,527178,4.3387e-07,10424,550893,-1.0711e-07,10.102,8.06553,2.81012,10.6436,8.57909,0.869423,11.5336,10.2515,0.270869,12.7211,12.7138,0.0844293,14.1823,15.9373,0.0263173,15.9122,20.0383,0.0082035,17.9198,25.2154,0.00255722,20.2244,31.7373,0.000797017,22.8539,39.9486,0.000248622,25.8438,50.2851,7.75492e-05,29.237,63.2963,2.42508e-05,33.0837,79.6738,7.67162e-06,37.4415,100.288,2.32837e-06,42.3767,126.236,7.33e-07,47.9646,158.896,2.79256e-07,54.2906,200.003,9.87351e-09,61.452,251.741,1.61085e-07,69.5585,316.859,-2.47141e-07,78.7347,398.812,8.93552e-08,89.1218,501.948,-2.53231e-07,100.879,631.736,-1.25047e-07,114.188,795.049,-1.78808e-07,129.252,1000.53,2.6733e-07,146.304,1259.03,4.50292e-07,165.605,1584.19,6.76904e-07,187.452,1993.12,-1.23808e-07,212.181,2507.27,-4.89068e-07,240.173,3153.54,-5.40284e-07,271.856,3965.56,1.86061e-07,307.719,4985.38,4.37004e-07,348.313,6265.4,3.59828e-07,394.26,7870.83,3.98192e-07,446.268,9882.51,-1.92908e-07,505.135,12400.3,-2.20392e-07,571.766,15546.9,1.51705e-07,647.184,19472.2,5.74996e-07,732.547,24357.4,5.39112e-07,829.167,30420,5.07815e-09,938.526,37916.3,-4.11492e-07,1062.3,47143.9,-3.9561e-07,1202.4,58439.2,3.86185e-08,1360.96,72169.3,5.94093e-07,1540.42,88715.8,7.47693e-07,1743.53,108445,1.78537e-07,1973.41,131665,-4.12549e-07,2233.57,158557,-5.37164e-07,2528,189103,-1.17615e-07,2861.2,222986,5.66769e-07,3238.27,259510,9.45053e-07,3664.97,297540,4.25093e-07,4147.81,335497,-3.58506e-07,4694.17,371444,-6.7724e-07,5312.37,403256,1.67192e-07,1.61744,3.89446,9.84394,3.28846,7.5504,12.774,5.07607,11.7187,13.6844,7.03202,16.8147,13.9681,9.20215,23.1769,14.0566,11.6301,31.1672,14.0841,14.3598,41.2186,14.0927,17.4376,53.8688,14.0954,20.9137,69.7915,14.0962,24.8432,89.8341,14.0965,29.2879,115.063,14.0966,34.3168,146.819,14.0966,40.0078,186.792,14.0966,46.4487,237.107,14.0966,53.7388,300.44,14.0966,61.9903,380.158,14.0966,71.3301,480.499,14.0966,81.902,606.796,14.0966,93.8685,765.761,14.0966,107.414,965.837,14.0966,122.746,1217.65,14.0966,140.101,1534.57,14.0966,159.745,1933.41,14.0966,181.981,2435.3,14.0966,207.15,3066.85,14.0966,235.64,3861.46,14.0966,267.889,4861.11,14.0966,304.391,6118.54,14.0966,345.709,7699.91,14.0966,392.478,9688.22,14.0966,445.417,12187.5,14.0966,505.339,15327.7,14.0966,573.165,19271.6,14.0966,649.938,24222,14.0966,736.839,30430.9,14.0966,835.202,38211.5,14.0966,946.539,47950.3,14.0966,1072.56,60122.8,14.0966,1215.21,75309.9,14.0966,1376.66,94216.2,14.0966,1559.41,117688,14.0966,1766.26,146729,14.0966,2000.39,182510,14.0966,2265.39,226372,14.0966,2565.33,279806,14.0966,2904.81,344416,14.0966,3289.05,421845,14.0966,3723.93,513667,14.0966,4216.13,621231,14.0966,4773.18,745478,14.0966,5403.64,886744,14.0966,6117.15,1.04457e+06,14.0966,6924.63,1.2176e+06,14.0966,11.7194,11.96,12.6541,13.9321,16.1295,13.6434,16.6097,21.9702,13.9553,19.7532,29.5285,14.0526,23.3844,39.1143,14.0829,27.5423,51.2054,14.0923,32.2796,66.434,14.0953,37.662,85.6061,14.0962,43.7675,109.74,14.0965,50.687,140.119,14.0966,58.5249,178.359,14.0966,67.4005,226.493,14.0966,77.4493,287.08,14.0966,88.8254,363.343,14.0966,101.703,459.336,14.0966,116.281,580.161,14.0966,132.782,732.241,14.0966,151.46,923.655,14.0966,172.603,1164.57,14.0966,196.535,1467.79,14.0966,223.625,1849.39,14.0966,254.288,2329.62,14.0966,288.997,2933.93,14.0966,328.285,3694.33,14.0966,372.755,4651.04,14.0966,423.092,5854.57,14.0966,480.07,7368.38,14.0966,544.564,9272.08,14.0966,617.566,11665.5,14.0966,700.197,14673.6,14.0966,793.729,18452.9,14.0966,899.599,23198.6,14.0966,1019.43,29154.1,14.0966,1155.07,36622.3,14.0966,1308.6,45977.9,14.0966,1482.39,57683.7,14.0966,1679.09,72307.8,14.0966,1901.73,90542.8,14.0966,2153.73,113226,14.0966,2438.97,141360,14.0966,2761.81,176127,14.0966,3127.22,218898,14.0966,3540.81,271226,14.0966,4008.92,334817,14.0966,4538.74,411470,14.0966,5138.38,502973,14.0966,5817.04,610948,14.0966,6585.12,736653,14.0966,7454.39,880741,14.0966,8438.15,1.04302e+06,14.0966,9551.45,1.22224e+06,14.0966,10811.3,1.41602e+06,14.0966,12237,1.62086e+06,14.0966,11.7194,11.96,12.6541,2.21263,4.16949,0.989383,2.67766,5.84076,0.311842,3.14343,7.55825,0.0972771,3.63127,9.58578,0.0303237,4.15787,12.0912,0.00945211,4.73731,15.2286,0.00294633,5.38238,19.1721,0.000918508,6.10553,24.134,0.000286163,6.91951,30.3791,8.92692e-05,7.83792,38.2397,2.78121e-05,8.87555,48.1338,8.65134e-06,10.0489,60.5876,2.7882e-06,11.3761,76.2629,8.29036e-07,12.8779,95.9927,2.4373e-07,14.5775,120.825,4.33068e-09,16.5012,152.08,1.75749e-07,18.6784,191.415,-1.86328e-07,21.1428,240.917,1.91829e-07,23.9322,303.213,-1.81475e-07,27.0895,381.602,7.0186e-08,30.6634,480.231,-2.86769e-08,34.7087,604.316,2.40784e-07,39.2876,760.401,9.87368e-08,44.4705,956.705,1.22263e-07,50.3371,1203.54,-4.31966e-07,56.9776,1513.81,-1.9705e-07,64.494,1903.69,-2.763e-08,73.0018,2393.4,3.9185e-07,82.6317,3008.13,1.35379e-07,93.5318,3779.25,-4.16351e-08,105.869,4745.7,2.06965e-08,119.834,5955.6,-3.18887e-07,135.641,7468.12,-1.48271e-08,153.531,9355.62,2.00739e-07,173.781,11705.8,2.28358e-07,196.701,14624.1,-1.93587e-08,222.642,18235,-2.88101e-07,252.003,22683.4,-2.24732e-07,285.234,28134,8.56806e-09,322.845,34767,2.34258e-07,365.413,42770.9,2.99668e-07,413.588,52327.9,8.28644e-08,468.111,63591.2,-3.07049e-07,529.814,76653.2,-3.1888e-07,599.642,91502.5,-6.72276e-08,678.662,107975,2.26339e-07,768.083,125705,3.69212e-07,869.267,144088,2.04077e-07,983.76,162277,-2.80509e-07,1113.3,179223,-4.22737e-07,1259.87,193777,-1.71951e-07,1425.68,204839,4.55555e-07,11.7194,11.96,12.6541,2.21263,4.16949,0.989383,2.67766,5.84076,0.311842,3.14343,7.55825,0.0972771,3.63127,9.58578,0.0303237,4.15787,12.0912,0.00945211,4.73731,15.2286,0.00294633,5.38238,19.1721,0.000918508,6.10553,24.134,0.000286163,6.91951,30.3791,8.92692e-05,7.83792,38.2397,2.78121e-05,8.87555,48.1338,8.65134e-06,10.0489,60.5876,2.7882e-06,11.3761,76.2629,8.29036e-07,12.8779,95.9927,2.4373e-07,14.5775,120.825,1e-08,16.5012,152.08,1.75749e-07,18.6784,191.415,1e-08,21.1428,240.917,1.91829e-07,23.9322,303.213,1e-08,27.0895,381.602,7.0186e-08,30.6634,480.231,1e-08,34.7087,604.316,2.40784e-07,39.2876,760.401,9.87368e-08,44.4705,956.705,1.22263e-07,50.3371,1203.54,1e-08,56.9776,1513.81,1e-08,64.494,1903.69,1e-08,73.0018,2393.4,3.9185e-07,82.6317,3008.13,1.35379e-07,93.5318,3779.25,1e-08,105.869,4745.7,2.06965e-08,119.834,5955.6,1e-08,135.641,7468.12,1e-08,153.531,9355.62,2.00739e-07,173.781,11705.8,2.28358e-07,196.701,14624.1,1e-08,222.642,18235,1e-08,252.003,22683.4,1e-08,285.234,28134,1e-08,322.845,34767,2.34258e-07,365.413,42770.9,2.99668e-07,413.588,52327.9,8.28644e-08,468.111,63591.2,1e-08,529.814,76653.2,1e-08,599.642,91502.5,1e-08,678.662,107975,2.26339e-07,768.083,125705,3.69212e-07,869.267,144088,2.04077e-07,983.76,162277,1e-08,1113.3,179223,1e-08,1259.87,193777,1e-08,1425.68,204839,4.55555e-07,6.2823,3.27286,2.43537,0.219672,6.18826,2.24117,0.56371,6.87772,2.63624,0.308279,8,17,6,5,6,1,2,3,0,0,10,0,5,7,0,3,3,0,1,17,0,2,18,0,3,35,0,9,64,0,10,39,0,2,51,0,7,67,0,9,109,0,5,58,0,24,89,0,24,111,0,13,157,0,32,185,0,32,502,0,27,389,0,56,453,0,40,438,0,18,764,0,53,650,0,54,1389,0,25,685,0,113,1725,0,94,1592,0,47,9581,0,161,2838,0,55,6103,0,250,2983,0,107,5275,0,229,6648,0,281,6924,0,143,13415,0,256,31070,0,161,24607,0,424,21897,0,351,24008,0,199,42337,0,523,68307,0,492,46338,0,354,62746,0,504,87746,0,350,57809,0,868,146833,0,769,185286,0,1241,186246,0,573,100555,0,1160,136107,0,1220,162956,0
-1.05176e+08,1,8.88811e-15,10,1023,0,1.05176e+08,0.528882,1.08665,0.389689,0.145397,0.379329,3.24381,0.161596,0.446195,1.77396,0.159177,1.15e+07,4.49998e+06,6.79999e+06,1.15e+07,4.49997e+06,6.79999e+06,1.15e+07,4.49996e+06,6.79999e+06,1.15e+07,4.49995e+06,6.79999e+06,1.14999e+07,4.49993e+06,6.79999e+06,1.14999e+07,4.49991e+06,6.79999e+06,1.14999e+07,4.49989e+06,6.79999e+06,1.14999e+07,4.49986e+06,6.79999e+06,1.14999e+07,4.49982e+06,6.79999e+06,1.14999e+07,4.49977e+06,6.79999e+06,1.14999e+07,4.49971e+06,6.79999e+06,1.14999e+07,4.49963e+06,6.79999e+06,1.14998e+07,4.49953e+06,6.79999e+06,1.14998e+07,4.49941e+06,6.79999e+06,1.14998e+07,4.49926e+06,6.79999e+06,1.14998e+07,4.49906e+06,6.79999e+06,1.14997e+07,4.49882e+06,6.79999e+06,1.14997e+07,4.49851e+06,6.79999e+06,1.14997e+07,4.49812e+06,6.79999e+06,1.14996e+07,4.49764e+06,6.79999e+06,1.14996e+07,4.49702e+06,6.79999e+06,1.14995e+07,4.49625e+06,6.79999e+06,1.14995e+07,4.49528e+06,6.79999e+06,1.14994e+07,4.49406e+06,6.79999e+06,1.14993e+07,4.49253e+06,6.79999e+06,1.14992e+07,4.49059e+06,6.79999e+06,1.14991e+07,4.48817e+06,6.79999e+06,1.1499e+07,4.48511e+06,6.79999e+06,1.14988e+07,4.48128e+06,6.79999e+06,1.14987e+07,4.47646e+06,6.79999e+06,1.14985e+07,4.47041e+06,6.79999e+06,1.14983e+07,4.46281e+06,6.79999e+06,1.14981e+07,4.4533e+06,6.79999e+06,1.14979e+07,4.44138e+06,6.79999e+06,1.14976e+07,4.42649e+06,6.79999e+06,1.14972e+07,4.40789e+06,6.79999e+06,1.14969e+07,4.38471e+06,6.79999e+06,1.14965e+07,4.35592e+06,6.79999e+06,1.1496e+07,4.32027e+06,6.79999e+06,1.14955e+07,4.27629e+06,6.79999e+06,1.14949e+07,4.22231e+06,6.79999e+06,1.14942e+07,4.15647e+06,6.79999e+06,1.14934e+07,4.07676e+06,6.79999e+06,1.14926e+07,3.98112e+06,6.79999e+06,1.14916e+07,3.86765e+06,6.79999e+06,1.14905e+07,3.73474e+06,6.79999e+06,1.14892e+07,3.58148e+06,6.79999e+06,1.14878e+07,3.40785e+06,6.79999e+06,1.14862e+07,3.21513e+06,6.79999e+06,1.14844e+07,3.00605e+06,6.79999e+06,1.14823e+07,2.7848e+06,6.79999e+06,1.148e+07,2.5568e+06,6.79999e+06,1.14773e+07,2.32825e+06,6.79999e+06,13.5742,8.52444,0.508366,16.8306,13.2585,0.162638,20.0035,17.569,0.0507846,23.2616,22.4214,0.0158319,26.7328,28.3297,0.00493498,30.5212,35.6974,0.00153831,34.7178,44.9473,0.000479527,39.4086,56.5822,0.000149456,44.6796,71.2245,4.66214e-05,50.6209,89.6543,1.45419e-05,57.3297,112.852,4.54748e-06,64.9129,142.051,1.43857e-06,73.4897,178.803,4.36618e-07,83.1934,225.062,1.40153e-07,94.1745,283.286,4.96378e-08,106.602,356.568,1.05434e-07,120.669,448.799,-6.49244e-08,136.59,564.873,1.70148e-07,154.611,710.948,-5.34594e-08,175.008,894.767,1.63407e-07,198.097,1126.06,8.04804e-08,224.231,1417.07,1.14667e-07,253.813,1783.15,-1.71227e-07,287.297,2243.62,-2.88466e-07,325.198,2822.67,-4.33651e-07,368.098,3550.67,7.9318e-08,416.657,4465.65,3.13319e-07,471.621,5615.16,3.4613e-07,533.835,7058.61,-1.19199e-07,604.255,8870.02,-2.79964e-07,683.962,11141.4,-2.30521e-07,774.182,13986.7,-2.55099e-07,876.299,17546.4,1.23585e-07,991.883,21993.1,1.41192e-07,1122.71,27536.7,-9.71886e-08,1270.78,34430.7,-3.68368e-07,1438.38,42977.7,-3.45379e-07,1628.07,53532.7,-3.25328e-09,1842.77,66504.6,2.6362e-07,2085.77,82350.2,2.53445e-07,2360.79,101560,-2.47407e-08,2672.05,124632,-3.80602e-07,3024.31,152018,-4.79005e-07,3422.98,184060,-1.14379e-07,3874.15,220884,2.64297e-07,4384.72,262283,3.44131e-07,4962.49,307576,7.5349e-08,5616.29,355497,-3.63097e-07,6356.1,404126,-6.05442e-07,7193.18,450932,-2.72333e-07,8140.28,492963,2.29675e-07,9211.79,527178,4.3387e-07,10424,550893,-1.0711e-07,10.102,8.06553,2.81012,10.6436,8.57909,0.869423,11.5336,10.2515,0.270869,12.7211,12.7138,0.0844293,14.1823,15.9373,0.0263173,15.9122,20.0383,0.0082035,17.9198,25.2154,0.00255722,20.2244,31.7373,0.000797017,22.8539,39.9486,0.000248622,25.8438,50.2851,7.75492e-05,29.237,63.2963,2.42508e-05,33.0837,79.6738,7.67162e-06,37.4415,100.288,2.32837e-06,42.3767,126.236,7.33e-07,47.9646,158.896,2.79256e-07,54.2906,200.003,9.87351e-09,61.452,251.741,1.61085e-07,69.5585,316.859,-2.47141e-07,78.7347,398.812,8.93552e-08,89.1218,501.948,-2.53231e-07,100.879,631.736,-1.25047e-07,114.188,795.049,-1.78808e-07,129.252,1000.53,2.6733e-07,146.304,1259.03,4.50292e-07,165.605,1584.19,6.76904e-07,187.452,1993.12,-1.23808e-07,212.181,2507.27,-4.89068e-07,240.173,3153.54,-5.40284e-07,271.856,3965.56,1.86061e-07,307.719,4985.38,4.37004e-07,348.313,6265.4,3.59828e-07,394.26,7870.83,3.98192e-07,446.268,9882.51,-1.92908e-07,505.135,12400.3,-2.20392e-07,571.766,15546.9,1.51705e-07,647.184,19472.2,5.74996e-07,732.547,24357.4,5.39112e-07,829.167,30420,5.07815e-09,938.526,37916.3,-4.11492e-07,1062.3,47143.9,-3.9561e-07,1202.4,58439.2,3.86185e-08,1360.96,72169.3,5.94093e-07,1540.42,88715.8,7.47693e-07,1743.53,108445,1.78537e-07,1973.41,131665,-4.12549e-07,2233.57,158557,-5.37164e-07,2528,189103,-1.17615e-07,2861.2,222986,5.66769e-07,3238.27,259510,9.45053e-07,3664.97,297540,4.25093e-07,4147.81,335497,-3.58506e-07,4694.17,371444,-6.7724e-07,5312.37,403256,1.67192e-07,1.61744,3.89446,9.84394,3.28846,7.5504,12.774,5.07607,11.7187,13.6844,7.03202,16.8147,13.9681,9.20215,23.1769,14.0566,11.6301,31.1672,14.0841,14.3598,41.2186,14.0927,17.4376,53.8688,14.0954,20.9137,69.7915,14.0962,24.8432,89.8341,14.0965,29.2879,115.063,14.0966,34.3168,146.819,14.0966,40.0078,186.792,14.0966,46.4487,237.107,14.0966,53.7388,300.44,14.0966,61.9903,380.158,14.0966,71.3301,480.499,14.0966,81.902,606.796,14.0966,93.8685,765.761,14.0966,107.414,965.837,14.0966,122.746,1217.65,14.0966,140.101,1534.57,14.0966,159.745,1933.41,14.0966,181.981,2435.3,14.0966,207.15,3066.85,14.0966,235.64,3861.46,14.0966,267.889,4861.11,14.0966,304.391,6118.54,14.0966,345.709,7699.91,14.0966,392.478,9688.22,14.0966,445.417,12187.5,14.0966,505.339,15327.7,14.0966,573.165,19271.6,14.0966,649.938,24222,14.0966,736.839,30430.9,14.0966,835.202,38211.5,14.0966,946.539,47950.3,14.0966,1072.56,60122.8,14.0966,1215.21,75309.9,14.0966,1376.66,94216.2,14.0966,1559.41,117688,14.0966,1766.26,146729,14.0966,2000.39,182510,14.0966,2265.39,226372,14.0966,2565.33,279806,14.0966,2904.81,344416,14.0966,3289.05,421845,14.0966,3723.93,513667,14.0966,4216.13,621231,14.0966,4773.18,745478,14.0966,5403.64,886744,14.0966,6117.15,1.04457e+06,14.0966,6924.63,1.2176e+06,14.0966,11.7194,11.96,12.6541,13.9321,16.1295,13.6434,16.6097,21.9702,13.9553,19.7532,29.5285,14.0526,23.3844,39.1143,14.0829,27.5423,51.2054,14.0923,32.2796,66.434,14.0953,37.662,85.6061,14.0962,43.7675,109.74,14.0965,50.687,140.119,14.0966,58.5249,178.359,14.0966,67.4005,226.493,14.0966,77.4493,287.08,14.0966,88.8254,363.343,14.0966,101.703,459.336,14.0966,116.281,580.161,14.0966,132.782,732.241,14.0966,151.46,923.655,14.0966,172.603,1164.57,14.0966,196.535,1467.79,14.0966,223.625,1849.39,14.0966,254.288,2329.62,14.0966,288.997,2933.93,14.0966,328.285,3694.33,14.0966,372.755,4651.04,14.0966,423.092,5854.57,14.0966,480.07,7368.38,14.0966,544.564,9272.08,14.0966,617.566,11665.5,14.0966,700.197,14673.6,14.0966,793.729,18452.9,14.0966,899.599,23198.6,14.0966,1019.43,29154.1,14.0966,1155.07,36622.3,14.0966,1308.6,45977.9,14.0966,1482.39,57683.7,14.0966,1679.09,72307.8,14.0966,1901.73,90542.8,14.0966,2153.73,113226,14.0966,2438.97,141360,14.0966,2761.81,176127,14.0966,3127.22,218898,14.0966,3540.81,271226,14.0966,4008.92,334817,14.0966,4538.74,411470,14.0966,5138.38,502973,14.0966,5817.04,610948,14.0966,6585.12,736653,14.0966,7454.39,880741,14.0966,8438.15,1.04302e+06,14.0966,9551.45,1.22224e+06,14.0966,10811.3,1.41602e+06,14.0966,12237,1.62086e+06,14.0966,11.7194,11.96,12.6541,2.21263,4.16949,0.989383,2.67766,5.84076,0.311842,3.14343,7.55825,0.0972771,3.63127,9.58578,0.0303237,4.15787,12.0912,0.00945211,4.73731,15.2286,0.00294633,5.38238,19.1721,0.000918508,6.10553,24.134,0.000286163,6.91951,30.3791,8.92692e-05,7.83792,38.2397,2.78121e-05,8.87555,48.1338,8.65134e-06,10.0489,60.5876,2.7882e-06,11.3761,76.2629,8.29036e-07,12.8779,95.9927,2.4373e-07,14.5775,120.825,4.33068e-09,16.5012,152.08,1.75749e-07,18.6784,191.415,-1.86328e-07,21.1428,240.917,1.91829e-07,23.9322,303.213,-1.81475e-07,27.0895,381.602,7.0186e-08,30.6634,480.231,-2.86769e-08,34.7087,604.316,2.40784e-07,39.2876,760.401,9.87368e-08,44.4705,956.705,1.22263e-07,50.3371,1203.54,-4.31966e-07,56.9776,1513.81,-1.9705e-07,64.494,1903.69,-2.763e-08,73.0018,2393.4,3.9185e-07,82.6317,3008.13,1.35379e-07,93.5318,3779.25,-4.16351e-08,105.869,4745.7,2.06965e-08,119.834,5955.6,-3.18887e-07,135.641,7468.12,-1.48271e-08,153.531,9355.62,2.00739e-07,173.781,11705.8,2.28358e-07,196.701,14624.1,-1.93587e-08,222.642,18235,-2.88101e-07,252.003,22683.4,-2.24732e-07,285.234,28134,8.56806e-09,322.845,34767,2.34258e-07,365.413,42770.9,2.99668e-07,413.588,52327.9,8.28644e-08,468.111,63591.2,-3.07049e-07,529.814,76653.2,-3.1888e-07,599.642,91502.5,-6.72276e-08,678.662,107975,2.26339e-07,768.083,125705,3.69212e-07,869.267,144088,2.04077e-07,983.76,162277,-2.80509e-07,1113.3,179223,-4.22737e-07,1259.87,193777,-1.71951e-07,1425.68,204839,4.55555e-07,11.7194,11.96,12.6541,2.21263,4.16949,0.989383,2.67766,5.84076,0.311842,3.14343,7.55825,0.0972771,3.63127,9.58578,0.0303237,4.15787,12.0912,0.00945211,4.73731,15.2286,0.00294633,5.38238,19.1721,0.000918508,6.10553,24.134,0.000286163,6.91951,30.3791,8.92692e-05,7.83792,38.2397,2.78121e-05,8.87555,48.1338,8.65134e-06,10.0489,60.5876,2.7882e-06,11.3761,76.2629,8.29036e-07,12.8779,95.9927,2.4373e-07,14.5775,120.825,1e-08,16.5012,152.08,1.75749e-07,18.6784,191.415,1e-08,21.1428,240.917,1.91829e-07,23.9322,303.213,1e-08,27.0895,381.602,7.0186e-08,30.6634,480.231,1e-08,34.7087,604.316,2.40784e-07,39.2876,760.401,9.87368e-08,44.4705,956.705,1.22263e-07,50.3371,1203.54,1e-08,56.9776,1513.81,1e-08,64.494,1903.69,1e-08,73.0018,2393.4,3.9185e-07,82.6317,3008.13,1.35379e-07,93.5318,3779.25,1e-08,105.869,4745.7,2.06965e-08,119.834,5955.6,1e-08,135.641,7468.12,1e-08,153.531,9355.62,2.00739e-07,173.781,11705.8,2.28358e-07,196.701,14624.1,1e-08,222.642,18235,1e-08,252.003,22683.4,1e-08,285.234,28134,1e-08,322.845,34767,2.34258e-07,365.413,42770.9,2.99668e-07,413.588,52327.9,8.28644e-08,468.111,63591.2,1e-08,529.814,76653.2,1e-08,599.642,91502.5,1e-08,678.662,107975,2.26339e-07,768.083,125705,3.69212e-07,869.267,144088,2.04077e-07,983.76,162277,1e-08,1113.3,179223,1e-08,1259.87,193777,1e-08,1425.68,204839,4.55555e-07,6.2823,3.27286,2.43537,0.219672,6.18826,2.24117,0.56371,6.87772,2.63624,0.308279,7,7,8,1,3,1,3,6,0,5,9,0,6,7,0,1,17,0,7,7,0,3,38,0,3,27,0,5,30,0,14,26,0,20,77,0,11,39,0,8,174,0,11,153,0,11,142,0,16,202,0,19,117,0,20,186,0,16,164,0,14,242,0,19,563,0,34,653,0,32,481,0,15,1196,0,46,775,0,47,1764,0,68,1708,0,49,3029,0,90,3503,0,98,1466,0,165,7200,0,202,7314,0,122,14226,0,173,8251,0,144,7623,0,165,6828,0,295,9149,0,168,24377,0,172,41658,0,240,29607,0,424,29539,0,257,68517,0,801,24193,0,570,66266,0,541,139591,0,790,140908,0,544,303774,0,869,98879,0,780,89432,0,1243,301274,0,1257,182925,0,1443,230560,0
-1.05176e+08,1,8.88811e-15,10,1023,0,1.05176e+08,0.528882,1.08665,0.389689,0.145397,0.379329,3.24381,0.161596,0.446195,1.77396,0.159177,1.15e+07,4.49998e+06,6.79999e+06,1.15e+07,4.49997e+06,6.79999e+06,1.15e+07,4.49996e+06,6.79999e+06,1.15e+07,4.49995e+06,6.79999e+06,1.14999e+07,4.49993e+06,6.79999e+06,1.14999e+07,4.49991e+06,6.79999e+06,1.14999e+07,4.49989e+06,6.79999e+06,1.14999e+07,4.49986e+06,6.79999e+06,1.14999e+07,4.49982e+06,6.79999e+06,1.14999e+07,4.49977e+06,6.79999e+06,1.14999e+07,4.49971e+06,6.79999e+06,1.14999e+07,4.49963e+06,6.79999e+06,1.14998e+07,4.49953e+06,6.79999e+06,1.14998e+07,4.49941e+06,6.79999e+06,1.14998e+07,4.49926e+06,6.79999e+06,1.14998e+07,4.49906e+06,6.79999e+06,1.14997e+07,4.49882e+06,6.79999e+06,1.14997e+07,4.49851e+06,6.79999e+06,1.14997e+07,4.49812e+06,6.79999e+06,1.14996e+07,4.49764e+06,6.79999e+06,1.14996e+07,4.49702e+06,6.79999e+06,1.14995e+07,4.49625e+06,6.79999e+06,1.14995e+07,4.49528e+06,6.79999e+06,1.14994e+07,4.49406e+06,6.79999e+06,1.14993e+07,4.49253e+06,6.79999e+06,1.14992e+07,4.49059e+06,6.79999e+06,1.14991e+07,4.48817e+06,6.79999e+06,1.1499e+07,4.48511e+06,6.79999e+06,1.14988e+07,4.48128e+06,6.79999e+06,1.14987e+07,4.47646e+06,6.79999e+06,1.14985e+07,4.47041e+06,6.79999e+06,1.14983e+07,4.46281e+06,6.79999e+06,1.14981e+07,4.4533e+06,6.79999e+06,1.14979e+07,4.44138e+06,6.79999e+06,1.14976e+07,4.42649e+06,6.79999e+06,1.14972e+07,4.40789e+06,6.79999e+06,1.14969e+07,4.38471e+06,6.79999e+06,1.14965e+07,4.35592e+06,6.79999e+06,1.1496e+07,4.32027e+06,6.79999e+06,1.14955e+07,4.27629e+06,6.79999e+06,1.14949e+07,4.22231e+06,6.79999e+06,1.14942e+07,4.15647e+06,6.79999e+06,1.14934e+07,4.07676e+06,6.79999e+06,1.14926e+07,3.98112e+06,6.79999e+06,1.14916e+07,3.86765e+06,6.79999e+06,1.14905e+07,3.73474e+06,6.79999e+06,1.14892e+07,3.58148e+06,6.79999e+06,1.14878e+07,3.40785e+06,6.79999e+06,1.14862e+07,3.21513e+06,6.79999e+06,1.14844e+07,3.00605e+06,6.79999e+06,1.14823e+07,2.7848e+06,6.79999e+06,1.148e+07,2.5568e+06,6.79999e+06,1.14773e+07,2.32825e+06,6.79999e+06,13.5742,8.52444,0.508366,16.8306,13.2585,0.162638,20.0035,17.569,0.0507846,23.2616,22.4214,0.0158319,26.7328,28.3297,0.00493498,30.5212,35.6974,0.00153831,34.7178,44.9473,0.000479527,39.4086,56.5822,0.000149456,44.6796,71.2245,4.66214e-05,50.6209,89.6543,1.45419e-05,57.3297,112.852,4.54748e-06,64.9129,142.051,1.43857e-06,73.4897,178.803,4.36618e-07,83.1934,225.062,1.40153e-07,94.1745,283.286,4.96378e-08,106.602,356.568,1.05434e-07,120.669,448.799,-6.49244e-08,136.59,564.873,1.70148e-07,154.611,710.948,-5.34594e-08,175.008,894.767,1.63407e-07,198.097,1126.06,8.04804e-08,224.231,1417.07,1.14667e-07,253.813,1783.15,-1.71227e-07,287.297,2243.62,-2.88466e-07,325.198,2822.67,-4.33651e-07,368.098,3550.67,7.9318e-08,416.657,4465.65,3.13319e-07,471.621,5615.16,3.4613e-07,533.835,7058.61,-1.19199e-07,604.255,8870.02,-2.79964e-07,683.962,11141.4,-2.30521e-07,774.182,13986.7,-2.55099e-07,876.299,17546.4,1.23585e-07,991.883,21993.1,1.41192e-07,1122.71,27536.7,-9.71886e-08,1270.78,34430.7,-3.68368e-07,1438.38,42977.7,-3.45379e-07,1628.07,53532.7,-3.25328e-09,1842.77,66504.6,2.6362e-07,2085.77,82350.2,2.53445e-07,2360.79,101560,-2.47407e-08,2672.05,124632,-3.80602e-07,3024.31,152018,-4.79005e-07,3422.98,184060,-1.14379e-07,3874.15,220884,2.64297e-07,4384.72,262283,3.44131e-07,4962.49,307576,7.5349e-08,5616.29,355497,-3.63097e-07,6356.1,404126,-6.05442e-07,7193.18,450932,-2.72333e-07,8140.28,492963,2.29675e-07,9211.79,527178,4.3387e-07,10424,550893,-1.0711e-07,10.102,8.06553,2.81012,10.6436,8.57909,0.869423,11.5336,10.2515,0.270869,12.7211,12.7138,0.0844293,14.1823,15.9373,0.0263173,15.9122,20.0383,0.0082035,17.9198,25.2154,0.00255722,20.2244,31.7373,0.000797017,22.8539,39.9486,0.000248622,25.8438,50.2851,7.75492e-05,29.237,63.2963,2.42508e-05,33.0837,79.6738,7.67162e-06,37.4415,100.288,2.32837e-06,42.3767,126.236,7.33e-07,47.9646,158.896,2.79256e-07,54.2906,200.003,9.87351e-09,61.452,251.741,1.61085e-07,69.5585,316.859,-2.47141e-07,78.7347,398.812,8.93552e-08,89.1218,501.948,-2.53231e-07,100.879,631.736,-1.25047e-07,114.188,795.049,-1.78808e-07,129.252,1000.53,2.6733e-07,146.304,1259.03,4.50292e-07,165.605,1584.19,6.76904e-07,187.452,1993.12,-1.23808e-07,212.181,2507.27,-4.89068e-07,240.173,3153.54,-5.40284e-07,271.856,3965.56,1.86061e-07,307.719,4985.38,4.37004e-07,348.313,6265.4,3.59828e-07,394.26,7870.83,3.98192e-07,446.268,9882.51,-1.92908e-07,505.135,12400.3,-2.20392e-07,571.766,15546.9,1.51705e-07,647.184,19472.2,5.74996e-07,732.547,24357.4,5.39112e-07,829.167,30420,5.07815e-09,938.526,37916.3,-4.11492e-07,1062.3,47143.9,-3.9561e-07,1202.4,58439.2,3.86185e-08,1360.96,72169.3,5.94093e-07,1540.42,88715.8,7.47693e-07,1743.53,108445,1.78537e-07,1973.41,131665,-4.12549e-07,2233.57,158557,-5.37164e-07,2528,189103,-1.17615e-07,2861.2,222986,5.66769e-07,3238.27,259510,9.45053e-07,3664.97,297540,4.25093e-07,4147.81,335497,-3.58506e-07,4694.17,371444,-6.7724e-07,5312.37,403256,1.67192e-07,1.61744,3.89446,9.84394,3.28846,7.5504,12.774,5.07607,11.7187,13.6844,7.03202,16.8147,13.9681,9.20215,23.1769,14.0566,11.6301,31.1672,14.0841,14.3598,41.2186,14.0927,17.4376,53.8688,14.0954,20.9137,69.7915,14.0962,24.8432,89.8341,14.0965,29.2879,115.063,14.0966,34.3168,146.819,14.0966,40.0078,186.792,14.0966,46.4487,237.107,14.0966,53.7388,300.44,14.0966,61.9903,380.158,14.0966,71.3301,480.499,14.0966,81.902,606.796,14.0966,93.8685,765.761,14.0966,107.414,965.837,14.0966,122.746,1217.65,14.0966,140.101,1534.57,14.0966,159.745,1933.41,14.0966,181.981,2435.3,14.0966,207.15,3066.85,14.0966,235.64,3861.46,14.0966,267.889,4861.11,14.0966,304.391,6118.54,14.0966,345.709,7699.91,14.0966,392.478,9688.22,14.0966,445.417,12187.5,14.0966,505.339,15327.7,14.0966,573.165,19271.6,14.0966,649.938,24222,14.0966,736.839,30430.9,14.0966,835.202,38211.5,14.0966,946.539,47950.3,14.0966,1072.56,60122.8,14.0966,1215.21,75309.9,14.0966,1376.66,94216.2,14.0966,1559.41,117688,14.0966,1766.26,146729,14.0966,2000.39,182510,14.0966,2265.39,226372,14.0966,2565.33,279806,14.0966,2904.81,344416,14.0966,3289.05,421845,14.0966,3723.93,513667,14.0966,4216.13,621231,14.0966,4773.18,745478,14.0966,5403.64,886744,14.0966,6117.15,1.04457e+06,14.0966,6924.63,1.2176e+06,14.0966,11.7194,11.96,12.6541,13.9321,16.1295,13.6434,16.6097,21.9702,13.9553,19.7532,29.5285,14.0526,23.3844,39.1143,14.0829,27.5423,51.2054,14.0923,32.2796,66.434,14.0953,37.662,85.6061,14.0962,43.7675,109.74,14.0965,50.687,140.119,14.0966,58.5249,178.359,14.0966,67.4005,226.493,14.0966,77.4493,287.08,14.0966,88.8254,363.343,14.0966,101.703,459.336,14.0966,116.281,580.161,14.0966,132.782,732.241,14.0966,151.46,923.655,14.0966,172.603,1164.57,14.0966,196.535,1467.79,14.0966,223.625,1849.39,14.0966,254.288,2329.62,14.0966,288.997,2933.93,14.0966,328.285,3694.33,14.0966,372.755,4651.04,14.0966,423.092,5854.57,14.0966,480.07,7368.38,14.0966,544.564,9272.08,14.0966,617.566,11665.5,14.0966,700.197,14673.6,14.0966,793.729,18452.9,14.0966,899.599,23198.6,14.0966,1019.43,29154.1,14.0966,1155.07,36622.3,14.0966,1308.6,45977.9,14.0966,1482.39,57683.7,14.0966,1679.09,72307.8,14.0966,1901.73,90542.8,14.0966,2153.73,113226,14.0966,2438.97,141360,14.0966,2761.81,176127,14.0966,3127.22,218898,14.0966,3540.81,271226,14.0966,4008.92,334817,14.0966,4538.74,411470,14.0966,5138.38,502973,14.0966,5817.04,610948,14.0966,6585.12,736653,14.0966,7454.39,880741,14.0966,8438.15,1.04302e+06,14.0966,9551.45,1.22224e+06,14.0966,10811.3,1.41602e+06,14.0966,12237,1.62086e+06,14.0966,11.7194,11.96,12.6541,2.21263,4.16949,0.989383,2.67766,5.84076,0.311842,3.14343,7.55825,0.0972771,3.63127,9.58578,0.0303237,4.15787,12.0912,0.00945211,4.73731,15.2286,0.00294633,5.38238,19.1721,0.000918508,6.10553,24.134,0.000286163,6.91951,30.3791,8.92692e-05,7.83792,38.2397,2.78121e-05,8.87555,48.1338,8.65134e-06,10.0489,60.5876,2.7882e-06,11.3761,76.2629,8.29036e-07,12.8779,95.9927,2.4373e-07,14.5775,120.825,4.33068e-09,16.5012,152.08,1.75749e-07,18.6784,191.415,-1.86328e-07,21.1428,240.917,1.91829e-07,23.9322,303.213,-1.81475e-07,27.0895,381.602,7.0186e-08,30.6634,480.231,-2.86769e-08,34.7087,604.316,2.40784e-07,39.2876,760.401,9.87368e-08,44.4705,956.705,1.22263e-07,50.3371,1203.54,-4.31966e-07,56.9776,1513.81,-1.9705e-07,64.494,1903.69,-2.763e-08,73.0018,2393.4,3.9185e-07,82.6317,3008.13,1.35379e-07,93.5318,3779.25,-4.16351e-08,105.869,4745.7,2.06965e-08,119.834,5955.6,-3.18887e-07,135.641,7468.12,-1.48271e-08,153.531,9355.62,2.00739e-07,173.781,11705.8,2.28358e-07,196.701,14624.1,-1.93587e-08,222.642,18235,-2.88101e-07,252.003,22683.4,-2.24732e-07,285.234,28134,8.56806e-09,322.845,34767,2.34258e-07,365.413,42770.9,2.99668e-07,413.588,52327.9,8.28644e-08,468.111,63591.2,-3.07049e-07,529.814,76653.2,-3.1888e-07,599.642,91502.5,-6.72276e-08,678.662,107975,2.26339e-07,768.083,125705,3.69212e-07,869.267,144088,2.04077e-07,983.76,162277,-2.80509e-07,1113.3,179223,-4.22737e-07,1259.87,193777,-1.71951e-07,1425.68,204839,4.55555e-07,11.7194,11.96,12.6541,2.21263,4.16949,0.989383,2.67766,5.84076,0.311842,3.14343,7.55825,0.0972771,3.63127,9.58578,0.0303237,4.15787,12.0912,0.00945211,4.73731,15.2286,0.00294633,5.38238,19.1721,0.000918508,6.10553,24.134,0.000286163,6.91951,30.3791,8.92692e-05,7.83792,38.2397,2.78121e-05,8.87555,48.1338,8.65134e-06,10.0489,60.5876,2.7882e-06,11.3761,76.2629,8.29036e-07,12.8779,95.9927,2.4373e-07,14.5775,120.825,1e-08,16.5012,152.08,1.75749e-07,18.6784,191.415,1e-08,21.1428,240.917,1.91829e-07,23.9322,303.213,1e-08,27.0895,381.602,7.0186e-08,30.6634,480.231,1e-08,34.7087,604.316,2.40784e-07,39.2876,760.401,9.87368e-08,44.4705,956.705,1.22263e-07,50.3371,1203.54,1e-08,56.9776,1513.81,1e-08,64.494,1903.69,1e-08,73.0018,2393.4,3.9185e-07,82.6317,3008.13,1.35379e-07,93.5318,3779.25,1e-08,105.869,4745.7,2.06965e-08,119.834,5955.6,1e-08,135.641,7468.12,1e-08,153.531,9355.62,2.00739e-07,173.781,11705.8,2.28358e-07,196.701,14624.1,1e-08,222.642,18235,1e-08,252.003,22683.4,1e-08,285.234,28134,1e-08,322.845,34767,2.34258e-07,365.413,42770.9,2.99668e-07,413.588,52327.9,8.28644e-08,468.111,63591.2,1e-08,529.814,76653.2,1e-08,599.642,91502.5,1e-08,678.662,107975,2.26339e-07,768.083,125705,3.69212e-07,869.267,144088,2.04077e-07,983.76,162277,1e-08,1113.3,179223,1e-08,1259.87,193777,1e-08,1425.68,204839,4.55555e-07,6.2823,3.27286,2.43537,0.219672,6.18826,2.24117,0.56371,6.87772,2.63624,0.308279,16,3,12,2,2,0,4,7,0,3,9,0,2,15,0,3,9,0,5,5,0,14,12,0,4,18,0,9,11,0,7,46,0,15,32,0,10,114,0,10,56,0,10,273,0,12,86,0,16,95,0,13,167,0,18,238,0,10,453,0,39,417,0,37,382,0,33,564,0,29,317,0,21,999,0,50,1343,0,69,1184,0,111,2571,0,59,1674,0,67,1744,0,39,3712,0,55,3725,0,117,3647,0,140,7427,0,91,14798,0,243,8792,0,132,14083,0,190,26473,0,201,23851,0,251,23689,0,328,39073,0,584,35248,0,321,65816,0,560,67518,0,493,77991,0,573,69587,0,613,97361,0,715,114152,0,668,235829,0,486,119973,0,682,121505,0,2049,289589,0,1081,141807,0
-1.05176e+08,1,8.88811e-15,10,1023,0,1.05176e+08,0.528882,1.08665,0.389689,0.145397,0.379329,3.24381,0.161596,0.446195,1.77396,0.159177,1.15e+07,4.49998e+06,6.79999e+06,1.15e+07,4.49997e+06,6.79999e+06,1.15e+07,4.49996e+06,6.79999e+06,1.15e+07,4.49995e+06,6.79999e+06,1.14999e+07,4.49993e+06,6.79999e+06,1.14999e+07,4.49991e+06,6.79999e+06,1.14999e+07,4.49989e+06,6.79999e+06,1.14999e+07,4.49986e+06,6.79999e+06,1.14999e+07,4.49982e+06,6.79999e+06,1.14999e+07,4.49977e+06,6.79999e+06,1.14999e+07,4.49971e+06,6.79999e+06,1.14999e+07,4.49963e+06,6.79999e+06,1.14998e+07,4.49953e+06,6.79999e+06,1.14998e+07,4.49941e+06,6.79999e+06,1.14998e+07,4.49926e+06,6.79999e+06,1.14998e+07,4.49906e+06,6.79999e+06,1.14997e+07,4.49882e+06,6.79999e+06,1.14997e+07,4.49851e+06,6.79999e+06,1.14997e+07,4.49812e+06,6.79999e+06,1.14996e+07,4.49764e+06,6.79999e+06,1.14996e+07,4.49702e+06,6.79999e+06,1.14995e+07,4.49625e+06,6.79999e+06,1.14995e+07,4.49528e+06,6.79999e+06,1.14994e+07,4.49406e+06,6.79999e+06,1.14993e+07,4.49253e+06,6.79999e+06,1.14992e+07,4.49059e+06,6.79999e+06,1.14991e+07,4.48817e+06,6.79999e+06,1.1499e+07,4.48511e+06,6.79999e+06,1.14988e+07,4.48128e+06,6.79999e+06,1.14987e+07,4.47646e+06,6.79999e+06,1.14985e+07,4.47041e+06,6.79999e+06,1.14983e+07,4.46281e+06,6.79999e+06,1.14981e+07,4.4533e+06,6.79999e+06,1.14979e+07,4.44138e+06,6.79999e+06,1.14976e+07,4.42649e+06,6.79999e+06,1.14972e+07,4.40789e+06,6.79999e+06,1.14969e+07,4.38471e+06,6.79999e+06,1.14965e+07,4.35592e+06,6.79999e+06,1.1496e+07,4.32027e+06,6.79999e+06,1.14955e+07,4.27629e+06,6.79999e+06,1.14949e+07,4.22231e+06,6.79999e+06,1.14942e+07,4.15647e+06,6.79999e+06,1.14934e+07,4.07676e+06,6.79999e+06,1.14926e+07,3.98112e+06,6.79999e+06,1.14916e+07,3.86765e+06,6.79999e+06,1.14905e+07,3.73474e+06,6.79999e+06,1.14892e+07,3.58148e+06,6.79999e+06,1.14878e+07,3.40785e+06,6.79999e+06,1.14862e+07,3.21513e+06,6.79999e+06,1.14844e+07,3.00605e+06,6.79999e+06,1.14823e+07,2.7848e+06,6.79999e+06,1.148e+07,2.5568e+06,6.79999e+06,1.14773e+07,2.32825e+06,6.79999e+06,13.5742,8.52444,0.508366,16.8306,13.2585,0.162638,20.0035,17.569,0.0507846,23.2616,22.4214,0.0158319,26.7328,28.3297,0.00493498,30.5212,35.6974,0.00153831,34.7178,44.9473,0.000479527,39.4086,56.5822,0.000149456,44.6796,71.2245,4.66214e-05,50.6209,89.6543,1.45419e-05,57.3297,112.852,4.54748e-06,64.9129,142.051,1.43857e-06,73.4897,178.803,4.36618e-07,83.1934,225.062,1.40153e-07,94.1745,283.286,4.96378e-08,106.602,356.568,1.05434e-07,120.669,448.799,-6.49244e-08,136.59,564.873,1.70148e-07,154.611,710.948,-5.34594e-08,175.008,894.767,1.63407e-07,198.097,1126.06,8.04804e-08,224.231,1417.07,1.14667e-07,253.813,1783.15,-1.71227e-07,287.297,2243.62,-2.88466e-07,325.198,2822.67,-4.33651e-07,368.098,3550.67,7.9318e-08,416.657,4465.65,3.13319e-07,471.621,5615.16,3.4613e-07,533.835,7058.61,-1.19199e-07,604.255,8870.02,-2.79964e-07,683.962,11141.4,-2.30521e-07,774.182,13986.7,-2.55099e-07,876.299,17546.4,1.23585e-07,991.883,21993.1,1.41192e-07,1122.71,27536.7,-9.71886e-08,1270.78,34430.7,-3.68368e-07,1438.38,42977.7,-3.45379e-07,1628.07,53532.7,-3.25328e-09,1842.77,66504.6,2.6362e-07,2085.77,82350.2,2.53445e-07,2360.79,101560,-2.47407e-08,2672.05,124632,-3.80602e-07,3024.31,152018,-4.79005e-07,3422.98,184060,-1.14379e-07,3874.15,220884,2.64297e-07,4384.72,262283,3.44131e-07,4962.49,307576,7.5349e-08,5616.29,355497,-3.63097e-07,6356.1,404126,-6.05442e-07,7193.18,450932,-2.72333e-07,8140.28,492963,2.29675e-07,9211.79,527178,4.3387e-07,10424,550893,-1.0711e-07,10.102,8.06553,2.81012,10.6436,8.57909,0.869423,11.5336,10.2515,0.270869,12.7211,12.7138,0.0844293,14.1823,15.9373,0.0263173,15.9122,20.0383,0.0082035,17.9198,25.2154,0.00255722,20.2244,31.7373,0.000797017,22.8539,39.9486,0.000248622,25.8438,50.2851,7.75492e-05,29.237,63.2963,2.42508e-05,33.0837,79.6738,7.67162e-06,37.4415,100.288,2.32837e-06,42.3767,126.236,7.33e-07,47.9646,158.896,2.79256e-07,54.2906,200.003,9.87351e-09,61.452,251.741,1.61085e-07,69.5585,316.859,-2.47141e-07,78.7347,398.812,8.93552e-08,89.1218,501.948,-2.53231e-07,100.879,631.736,-1.25047e-07,114.188,795.049,-1.78808e-07,129.252,1000.53,2.6733e-07,146.304,1259.03,4.50292e-07,165.605,1584.19,6.76904e-07,187.452,1993.12,-1.23808e-07,212.181,2507.27,-4.89068e-07,240.173,3153.54,-5.40284e-07,271.856,3965.56,1.86061e-07,307.719,4985.38,4.37004e-07,348.313,6265.4,3.59828e-07,394.26,7870.83,3.98192e-07,446.268,9882.51,-1.92908e-07,505.135,12400.3,-2.20392e-07,571.766,15546.9,1.51705e-07,647.184,19472.2,5.74996e-07,732.547,24357.4,5.39112e-07,829.167,30420,5.07815e-09,938.526,37916.3,-4.11492e-07,1062.3,47143.9,-3.9561e-07,1202.4,58439.2,3.86185e-08,1360.96,72169.3,5.94093e-07,1540.42,88715.8,7.47693e-07,1743.53,108445,1.78537e-07,1973.41,131665,-4.12549e-07,2233.57,158557,-5.37164e-07,2528,189103,-1.17615e-07,2861.2,222986,5.66769e-07,3238.27,259510,9.45053e-07,3664.97,297540,4.25093e-07,4147.81,335497,-3.58506e-07,4694.17,371444,-6.7724e-07,5312.37,403256,1.67192e-07,1.61744,3.89446,9.84394,3.28846,7.5504,12.774,5.07607,11.7187,13.6844,7.03202,16.8147,13.9681,9.20215,23.1769,14.0566,11.6301,31.1672,14.0841,14.3598,41.2186,14.0927,17.4376,53.8688,14.0954,20.9137,69.7915,14.0962,24.8432,89.8341,14.0965,29.2879,115.063,14.0966,34.3168,146.819,14.0966,40.0078,186.792,14.0966,46.4487,237.107,14.0966,53.7388,300.44,14.0966,61.9903,380.158,14.0966,71.3301,480.499,14.0966,81.902,606.796,14.0966,93.8685,765.761,14.0966,107.414,965.837,14.0966,122.746,1217.65,14.0966,140.101,1534.57,14.0966,159.745,1933.41,14.0966,181.981,2435.3,14.0966,207.15,3066.85,14.0966,235.64,3861.46,14.0966,267.889,4861.11,14.0966,304.391,6118.54,14.0966,345.709,7699.91,14.0966,392.478,9688.22,14.0966,445.417,12187.5,14.0966,505.339,15327.7,14.0966,573.165,19271.6,14.0966,649.938,24222,14.0966,736.839,30430.9,14.0966,835.202,38211.5,14.0966,946.539,47950.3,14.0966,1072.56,60122.8,14.0966,1215.21,75309.9,14.0966,1376.66,94216.2,14.0966,1559.41,117688,14.0966,1766.26,146729,14.0966,2000.39,182510,14.0966,2265.39,226372,14.0966,2565.33,279806,14.0966,2904.81,344416,14.0966,3289.05,421845,14.0966,3723.93,513667,14.0966,4216.13,621231,14.0966,4773.18,745478,14.0966,5403.64,886744,14.0966,6117.15,1.04457e+06,14.0966,6924.63,1.2176e+06,14.0966,11.7194,11.96,12.6541,13.9321,16.1295,13.6434,16.6097,21.9702,13.9553,19.7532,29.5285,14.0526,23.3844,39.1143,14.0829,27.5423,51.2054,14.0923,32.2796,66.434,14.0953,37.662,85.6061,14.0962,43.7675,109.74,14.0965,50.687,140.119,14.0966,58.5249,178.359,14.0966,67.4005,226.493,14.0966,77.4493,287.08,14.0966,88.8254,363.343,14.0966,101.703,459.336,14.0966,116.281,580.161,14.0966,132.782,732.241,14.0966,151.46,923.655,14.0966,172.603,1164.57,14.0966,196.535,1467.79,14.0966,223.625,1849.39,14.0966,254.288,2329.62,14.0966,288.997,2933.93,14.0966,328.285,3694.33,14.0966,372.755,4651.04,14.0966,423.092,5854.57,14.0966,480.07,7368.38,14.0966,544.564,9272.08,14.0966,617.566,11665.5,14.0966,700.197,14673.6,14.0966,793.729,18452.9,14.0966,899.599,23198.6,14.0966,1019.43,29154.1,14.0966,1155.07,36622.3,14.0966,1308.6,45977.9,14.0966,1482.39,57683.7,14.0966,1679.09,72307.8,14.0966,1901.73,90542.8,14.0966,2153.73,113226,14.0966,2438.97,141360,14.0966,2761.81,176127,14.0966,3127.22,218898,14.0966,3540.81,271226,14.0966,4008.92,334817,14.0966,4538.74,411470,14.0966,5138.38,502973,14.0966,5817.04,610948,14.0966,6585.12,736653,14.0966,7454.39,880741,14.0966,8438.15,1.04302e+06,14.0966,9551.45,1.22224e+06,14.0966,10811.3,1.41602e+06,14.0966,12237,1.62086e+06,14.0966,11.7194,11.96,12.6541,2.21263,4.16949,0.989383,2.67766,5.84076,0.311842,3.14343,7.55825,0.0972771,3.63127,9.58578,0.0303237,4.15787,12.0912,0.00945211,4.73731,15.2286,0.00294633,5.38238,19.1721,0.000918508,6.10553,24.134,0.000286163,6.91951,30.3791,8.92692e-05,7.83792,38.2397,2.78121e-05,8.87555,48.1338,8.65134e-06,10.0489,60.5876,2.7882e-06,11.3761,76.2629,8.29036e-07,12.8779,95.9927,2.4373e-07,14.5775,120.825,4.33068e-09,16.5012,152.08,1.75749e-07,18.6784,191.415,-1.86328e-07,21.1428,240.917,1.91829e-07,23.9322,303.213,-1.81475e-07,27.0895,381.602,7.0186e-08,30.6634,480.231,-2.86769e-08,34.7087,604.316,2.40784e-07,39.2876,760.401,9.87368e-08,44.4705,956.705,1.22263e-07,50.3371,1203.54,-4.31966e-07,56.9776,1513.81,-1.9705e-07,64.494,1903.69,-2.763e-08,73.0018,2393.4,3.9185e-07,82.6317,3008.13,1.35379e-07,93.5318,3779.25,-4.16351e-08,105.869,4745.7,2.06965e-08,119.834,5955.6,-3.18887e-07,135.641,7468.12,-1.48271e-08,153.531,9355.62,2.00739e-07,173.781,11705.8,2.28358e-07,196.701,14624.1,-1.93587e-08,222.642,18235,-2.88101e-07,252.003,22683.4,-2.24732e-07,285.234,28134,8.56806e-09,322.845,34767,2.34258e-07,365.413,42770.9,2.99668e-07,413.588,52327.9,8.28644e-08,468.111,63591.2,-3.07049e-07,529.814,76653.2,-3.1888e-07,599.642,91502.5,-6.72276e-08,678.662,107975,2.26339e-07,768.083,125705,3.69212e-07,869.267,144088,2.04077e-07,983.76,162277,-2.80509e-07,1113.3,179223,-4.22737e-07,1259.87,193777,-1.71951e-07,1425.68,204839,4.55555e-07,11.7194,11.96,12.6541,2.21263,4.16949,0.989383,2.67766,5.84076,0.311842,3.14343,7.55825,0.0972771,3.63127,9.58578,0.0303237,4.15787,12.0912,0.00945211,4.73731,15.2286,0.00294633,5.38238,19.1721,0.000918508,6.10553,24.134,0.000286163,6.91951,30.3791,8.92692e-05,7.83792,38.2397,2.78121e-05,8.87555,48.1338,8.65134e-06,10.0489,60.5876,2.7882e-06,11.3761,76.2629,8.29036e-07,12.8779,95.9927,2.4373e-07,14.5775,120.825,1e-08,16.5012,152.08,1.75749e-07,18.6784,191.415,1e-08,21.1428,240.917,1.91829e-07,23.9322,303.213,1e-08,27.0895,381.602,7.0186e-08,30.6634,480.231,1e-08,34.7087,604.316,2.40784e-07,39.2876,760.401,9.87368e-08,44.4705,956.705,1.22263e-07,50.3371,1203.54,1e-08,56.9776,1513.81,1e-08,64.494,1903.69,1e-08,73.0018,2393.4,3.9185e-07,82.6317,3008.13,1.35379e-07,93.5318,3779.25,1e-08,105.869,4745.7,2.06965e-08,119.834,5955.6,1e-08,135.641,7468.12,1e-08,153.531,9355.62,2.00739e-07,173.781,11705.8,2.28358e-07,196.701,14624.1,1e-08,222.642,18235,1e-08,252.003,22683.4,1e-08,285.234,28134,1e-08,322.845,34767,2.34258e-07,365.413,42770.9,2.99668e-07,413.588,52327.9,8.28644e-08,468.111,63591.2,1e-08,529.814,76653.2,1e-08,599.642,91502.5,1e-08,678.662,107975,2.26339e-07,768.083,125705,3.69212e-07,869.267,144088,2.04077e-07,983.76,162277,1e-08,1113.3,179223,1e-08,1259.87,193777,1e-08,1425.68,204839,4.55555e-07,6.2823,3.27286,2.43537,0.219672,6.18826,2.24117,0.56371,6.87772,2.63624,0.308279,11,6,13,0,5,2,1,11,2,2,14,0,4,13,0,5,17,0,4,17,0,4,30,0,16,32,0,3,14,0,14,55,0,5,79,0,8,81,0,8,67,0,7,97,0,14,138,0,11,158,0,27,185,0,28,217,0,22,215,0,22,273,0,16,232,0,50,605,0,59,594,0,27,937,0,58,809,0,69,1794,0,58,2083,0,76,2424,0,52,1837,0,129,3384,0,59,2448,0,125,5728,0,208,3233,0,218,11422,0,84,9777,0,171,7764,0,174,32038,0,200,18324,0,139,16409,0,220,23943,0,314,60257,0,193,92644,0,971,33365,0,476,88759,0,502,71384,0,727,182534,0,415,89659,0,659,142328,0,936,143993,0,207,102791,0,869,363947,0,1492,39864,0
-1.05176e+08,9.49891e-51,8.88811e-15,10,1023,0,1.05176e+08,0.528882,1.08665,0.389689,0.145397,0.379329,3.24381,0.161596,0.446195,1.77396,0.159177,1.15e+07,4.49998e+06,6.79999e+06,1.15e+07,4.49997e+06,6.79999e+06,1.15e+07,4.49996e+06,6.79999e+06,1.15e+07,4.49995e+06,6.79999e+06,1.14999e+07,4.49993e+06,6.79999e+06,1.14999e+07,4.49991e+06,6.79999e+06,1.14999e+07,4.49989e+06,6.79999e+06,1.14999e+07,4.49986e+06,6.79999e+06,1.14999e+07,4.49982e+06,6.79999e+06,1.14999e+07,4.49977e+06,6.79999e+06,1.14999e+07,4.49971e+06,6.79999e+06,1.14999e+07,4.49963e+06,6.79999e+06,1.14998e+07,4.49953e+06,6.79999e+06,1.14998e+07,4.49941e+06,6.79999e+06,1.14998e+07,4.49926e+06,6.79999e+06,1.14998e+07,4.49906e+06,6.79999e+06,1.14997e+07,4.49882e+06,6.79999e+06,1.14997e+07,4.49851e+06,6.79999e+06,1.14997e+07,4.49812e+06,6.79999e+06,1.14996e+07,4.49764e+06,6.79999e+06,1.14996e+07,4.49702e+06,6.79999e+06,1.14995e+07,4.49625e+06,6.79999e+06,1.14995e+07,4.49528e+06,6.79999e+06,1.14994e+07,4.49406e+06,6.79999e+06,1.14993e+07,4.49253e+06,6.79999e+06,1.14992e+07,4.49059e+06,6.79999e+06,1.14991e+07,4.48817e+06,6.79999e+06,1.1499e+07,4.48511e+06,6.79999e+06,1.14988e+07,4.48128e+06,6.79999e+06,1.14987e+07,4.47646e+06,6.79999e+06,1.14985e+07,4.47041e+06,6.79999e+06,1.14983e+07,4.46281e+06,6.79999e+06,1.14981e+07,4.4533e+06,6.79999e+06,1.14979e+07,4.44138e+06,6.79999e+06,1.14976e+07,4.42649e+06,6.79999e+06,1.14972e+07,4.40789e+06,6.79999e+06,1.14969e+07,4.38471e+06,6.79999e+06,1.14965e+07,4.35592e+06,6.79999e+06,1.1496e+07,4.32027e+06,6.79999e+06,1.14955e+07,4.27629e+06,6.79999e+06,1.14949e+07,4.22231e+06,6.79999e+06,1.14942e+07,4.15647e+06,6.79999e+06,1.14934e+07,4.07676e+06,6.79999e+06,1.14926e+07,3.98112e+06,6.79999e+06,1.14916e+07,3.86765e+06,6.79999e+06,1.14905e+07,3.73474e+06,6.79999e+06,1.14892e+07,3.58148e+06,6.79999e+06,1.14878e+07,3.40785e+06,6.79999e+06,1.14862e+07,3.21513e+06,6.79999e+06,1.14844e+07,3.00605e+06,6.79999e+06,1.14823e+07,2.7848e+06,6.79999e+06,1.148e+07,2.5568e+06,6.79999e+06,1.14773e+07,2.32825e+06,6.79999e+06,13.5742,8.52444,0.508366,16.8306,13.2585,0.162638,20.0035,17.569,0.0507846,23.2616,22.4214,0.0158319,26.7328,28.3297,0.00493498,30.5212,35.6974,0.00153831,34.7178,44.9473,0.000479527,39.4086,56.5822,0.000149456,44.6796,71.2245,4.66214e-05,50.6209,89.6543,1.45419e-05,57.3297,112.852,4.54748e-06,64.9129,142.051,1.43857e-06,73.4897,178.803,4.36618e-07,83.1934,225.062,1.40153e-07,94.1745,283.286,4.96378e-08,106.602,356.568,1.05434e-07,120.669,448.799,-6.49244e-08,136.59,564.873,1.70148e-07,154.611,710.948,-5.34594e-08,175.008,894.767,1.63407e-07,198.097,1126.06,8.04804e-08,224.231,1417.07,1.14667e-07,253.813,1783.15,-1.71227e-07,287.297,2243.62,-2.88466e-07,325.198,2822.67,-4.33651e-07,368.098,3550.67,7.9318e-08,416.657,4465.65,3.13319e-07,471.621,5615.16,3.4613e-07,533.835,7058.61,-1.19199e-07,604.255,8870.02,-2.79964e-07,683.962,11141.4,-2.30521e-07,774.182,13986.7,-2.55099e-07,876.299,17546.4,1.23585e-07,991.883,21993.1,1.41192e-07,1122.71,27536.7,-9.71886e-08,1270.78,34430.7,-3.68368e-07,1438.38,42977.7,-3.45379e-07,1628.07,53532.7,-3.25328e-09,1842.77,66504.6,2.6362e-07,2085.77,82350.2,2.53445e-07,2360.79,101560,-2.47407e-08,2672.05,124632,-3.80602e-07,3024.31,152018,-4.79005e-07,3422.98,184060,-1.14379e-07,3874.15,220884,2.64297e-07,4384.72,262283,3.44131e-07,4962.49,307576,7.5349e-08,5616.29,355497,-3.63097e-07,6356.1,404126,-6.05442e-07,7193.18,450932,-2.72333e-07,8140.28,492963,2.29675e-07,9211.79,527178,4.3387e-07,10424,550893,-1.0711e-07,10.102,8.06553,2.81012,10.6436,8.57909,0.869423,11.5336,10.2515,0.270869,12.7211,12.7138,0.0844293,14.1823,15.9373,0.0263173,15.9122,20.0383,0.0082035,17.9198,25.2154,0.00255722,20.2244,31.7373,0.000797017,22.8539,39.9486,0.000248622,25.8438,50.2851,7.75492e-05,29.237,63.2963,2.42508e-05,33.0837,79.6738,7.67162e-06,37.4415,100.288,2.32837e-06,42.3767,126.236,7.33e-07,47.9646,158.896,2.79256e-07,54.2906,200.003,9.87351e-09,61.452,251.741,1.61085e-07,69.5585,316.859,-2.47141e-07,78.7347,398.812,8.93552e-08,89.1218,501.948,-2.53231e-07,100.879,631.736,-1.25047e-07,114.188,795.049,-1.78808e-07,129.252,1000.53,2.6733e-07,146.304,1259.03,4.50292e-07,165.605,1584.19,6.76904e-07,187.452,1993.12,-1.23808e-07,212.181,2507.27,-4.89068e-07,240.173,3153.54,-5.40284e-07,271.856,3965.56,1.86061e-07,307.719,4985.38,4.37004e-07,348.313,6265.4,3.59828e-07,394.26,7870.83,3.98192e-07,446.268,9882.51,-1.92908e-07,505.135,12400.3,-2.20392e-07,571.766,15546.9,1.51705e-07,647.184,19472.2,5.74996e-07,732.547,24357.4,5.39112e-07,829.167,30420,5.07815e-09,938.526,37916.3,-4.11492e-07,1062.3,47143.9,-3.9561e-07,1202.4,58439.2,3.86185e-08,1360.96,72169.3,5.94093e-07,1540.42,88715.8,7.47693e-07,1743.53,108445,1.78537e-07,1973.41,131665,-4.12549e-07,2233.57,158557,-5.37164e-07,2528,189103,-1.17615e-07,2861.2,222986,5.66769e-07,3238.27,259510,9.45053e-07,3664.97,297540,4.25093e-07,4147.81,335497,-3.58506e-07,4694.17,371444,-6.7724e-07,5312.37,403256,1.67192e-07,1.61744,3.89446,9.84394,3.28846,7.5504,12.774,5.07607,11.7187,13.6844,7.03202,16.8147,13.9681,9.20215,23.1769,14.0566,11.6301,31.1672,14.0841,14.3598,41.2186,14.0927,17.4376,53.8688,14.0954,20.9137,69.7915,14.0962,24.8432,89.8341,14.0965,29.2879,115.063,14.0966,34.3168,146.819,14.0966,40.0078,186.792,14.0966,46.4487,237.107,14.0966,53.7388,300.44,14.0966,61.9903,380.158,14.0966,71.3301,480.499,14.0966,81.902,606.796,14.0966,93.8685,765.761,14.0966,107.414,965.837,14.0966,122.746,1217.65,14.0966,140.101,1534.57,14.0966,159.745,1933.41,14.0966,181.981,2435.3,14.0966,207.15,3066.85,14.0966,235.64,3861.46,14.0966,267.889,4861.11,14.0966,304.391,6118.54,14.0966,345.709,7699.91,14.0966,392.478,9688.22,14.0966,445.417,12187.5,14.0966,505.339,15327.7,14.0966,573.165,19271.6,14.0966,649.938,24222,14.0966,736.839,30430.9,14.0966,835.202,38211.5,14.0966,946.539,47950.3,14.0966,1072.56,60122.8,14.0966,1215.21,75309.9,14.0966,1376.66,94216.2,14.0966,1559.41,117688,14.0966,1766.26,146729,14.0966,2000.39,182510,14.0966,2265.39,226372,14.0966,2565.33,279806,14.0966,2904.81,344416,14.0966,3289.05,421845,14.0966,3723.93,513667,14.0966,4216.13,621231,14.0966,4773.18,745478,14.0966,5403.64,886744,14.0966,6117.15,1.04457e+06,14.0966,6924.63,1.2176e+06,14.0966,11.7194,11.96,12.6541,13.9321,16.1295,13.6434,16.6097,21.9702,13.9553,19.7532,29.5285,14.0526,23.3844,39.1143,14.0829,27.5423,51.2054,14.0923,32.2796,66.434,14.0953,37.662,85.6061,14.0962,43.7675,109.74,14.0965,50.687,140.119,14.0966,58.5249,178.359,14.0966,67.4005,226.493,14.0966,77.4493,287.08,14.0966,88.8254,363.343,14.0966,101.703,459.336,14.0966,116.281,580.161,14.0966,132.782,732.241,14.0966,151.46,923.655,14.0966,172.603,1164.57,14.0966,196.535,1467.79,14.0966,223.625,1849.39,14.0966,254.288,2329.62,14.0966,288.997,2933.93,14.0966,328.285,3694.33,14.0966,372.755,4651.04,14.0966,423.092,5854.57,14.0966,480.07,7368.38,14.0966,544.564,9272.08,14.0966,617.566,11665.5,14.0966,700.197,14673.6,14.0966,793.729,18452.9,14.0966,899.599,23198.6,14.0966,1019.43,29154.1,14.0966,1155.07,36622.3,14.0966,1308.6,45977.9,14.0966,1482.39,57683.7,14.0966,1679.09,72307.8,14.0966,1901.73,90542.8,14.0966,2153.73,113226,14.0966,2438.97,141360,14.0966,2761.81,176127,14.0966,3127.22,218898,14.0966,3540.81,271226,14.0966,4008.92,334817,14.0966,4538.74,411470,14.0966,5138.38,502973,14.0966,5817.04,610948,14.0966,6585.12,736653,14.0966,7454.39,880741,14.0966,8438.15,1.04302e+06,14.0966,9551.45,1.22224e+06,14.0966,10811.3,1.41602e+06,14.0966,12237,1.62086e+06,14.0966,11.7194,11.96,12.6541,2.21263,4.16949,0.989383,2.67766,5.84076,0.311842,3.14343,7.55825,0.0972771,3.63127,9.58578,0.0303237,4.15787,12.0912,0.00945211,4.73731,15.2286,0.00294633,5.38238,19.1721,0.000918508,6.10553,24.134,0.000286163,6.91951,30.3791,8.92692e-05,7.83792,38.2397,2.78121e-05,8.87555,48.1338,8.65134e-06,10.0489,60.5876,2.7882e-06,11.3761,76.2629,8.29036e-07,12.8779,95.9927,2.4373e-07,14.5775,120.825,4.33068e-09,16.5012,152.08,1.75749e-07,18.6784,191.415,-1.86328e-07,21.1428,240.917,1.91829e-07,23.9322,303.213,-1.81475e-07,27.0895,381.602,7.0186e-08,30.6634,480.231,-2.86769e-08,34.7087,604.316,2.40784e-07,39.2876,760.401,9.87368e-08,44.4705,956.705,1.22263e-07,50.3371,1203.54,-4.31966e-07,56.9776,1513.81,-1.9705e-07,64.494,1903.69,-2.763e-08,73.0018,2393.4,3.9185e-07,82.6317,3008.13,1.35379e-07,93.5318,3779.25,-4.16351e-08,105.869,4745.7,2.06965e-08,119.834,5955.6,-3.18887e-07,135.641,7468.12,-1.48271e-08,153.531,9355.62,2.00739e-07,173.781,11705.8,2.28358e-07,196.701,14624.1,-1.93587e-08,222.642,18235,-2.88101e-07,252.003,22683.4,-2.24732e-07,285.234,28134,8.56806e-09,322.845,34767,2.34258e-07,365.413,42770.9,2.99668e-07,413.588,52327.9,8.28644e-08,468.111,63591.2,-3.07049e-07,529.814,76653.2,-3.1888e-07,599.642,91502.5,-6.72276e-08,678.662,107975,2.26339e-07,768.083,125705,3.69212e-07,869.267,144088,2.04077e-07,983.76,162277,-2.80509e-07,1113.3,179223,-4.22737e-07,1259.87,193777,-1.71951e-07,1425.68,204839,4.55555e-07,11.7194,11.96,12.6541,2.21263,4.16949,0.989383,2.67766,5.84076,0.311842,3.14343,7.55825,0.0972771,3.63127,9.58578,0.0303237,4.15787,12.0912,0.00945211,4.73731,15.2286,0.00294633,5.38238,19.1721,0.000918508,6.10553,24.134,0.000286163,6.91951,30.3791,8.92692e-05,7.83792,38.2397,2.78121e-05,8.87555,48.1338,8.65134e-06,10.0489,60.5876,2.7882e-06,11.3761,76.2629,8.29036e-07,12.8779,95.9927,2.4373e-07,14.5775,120.825,1e-08,16.5012,152.08,1.75749e-07,18.6784,191.415,1e-08,21.1428,240.917,1.91829e-07,23.9322,303.213,1e-08,27.0895,381.602,7.0186e-08,30.6634,480.231,1e-08,34.7087,604.316,2.40784e-07,39.2876,760.401,9.87368e-08,44.4705,956.705,1.22263e-07,50.3371,1203.54,1e-08,56.9776,1513.81,1e-08,64.494,1903.69,1e-08,73.0018,2393.4,3.9185e-07,82.6317,3008.13,1.35379e-07,93.5318,3779.25,1e-08,105.869,4745.7,2.06965e-08,119.834,5955.6,1e-08,135.641,7468.12,1e-08,153.531,9355.62,2.00739e-07,173.781,11705.8,2.28358e-07,196.701,14624.1,1e-08,222.642,18235,1e-08,252.003,22683.4,1e-08,285.234,28134,1e-08,322.845,34767,2.34258e-07,365.413,42770.9,2.99668e-07,413.588,52327.9,8.28644e-08,468.111,63591.2,1e-08,529.814,76653.2,1e-08,599.642,91502.5,1e-08,678.662,107975,2.26339e-07,768.083,125705,3.69212e-07,869.267,144088,2.04077e-07,983.76,162277,1e-08,1113.3,179223,1e-08,1259.87,193777,1e-08,1425.68,204839,4.55555e-07,6.2823,3.27286,2.43537,0.219672,6.18826,2.24117,0.56371,6.87772,2.63624,0.308279,6,6,18,2,1,2,2,14,0,4,16,1,3,18,0,3,13,0,1,24,0,5,30,0,2,29,0,2,28,0,12,45,0,2,50,0,5,75,0,5,68,0,4,126,0,13,199,0,25,149,0,8,421,0,19,232,0,28,202,0,11,255,0,28,464,0,54,1296,0,72,971,0,64,903,0,80,772,0,80,1754,0,75,1852,0,43,2709,0,96,2659,0,84,3547,0,44,2264,0,95,6993,0,152,3617,0,98,10828,0,173,10921,0,129,21804,0,295,30423,0,457,20629,0,55,29994,0,392,58270,0,133,28488,0,151,22889,0,546,32614,0,336,110668,0,753,50038,0,395,68783,0,537,72753,0,1266,86213,0,594,199327,0,2669,167182,0,1382,457864,0,1247,164183,0
-1.05176e+08,1,8.88811e-15,10,1023,0,1.05176e+08,0.528882,1.08665,0.389689,0.145397,0.379329,3.24381,0.161596,0.446195,1.77396,0.159177,1.15e+07,4.49998e+06,6.79999e+06,1.15e+07,4.49997e+06,6.79999e+06,1.15e+07,4.49996e+06,6.79999e+06,1.15e+07,4.49995e+06,6.79999e+06,1.14999e+07,4.49993e+06,6.79999e+06,1.14999e+07,4.49991e+06,6.79999e+06,1.14999e+07,4.49989e+06,6.79999e+06,1.14999e+07,4.49986e+06,6.79999e+06,1.14999e+07,4.49982e+06,6.79999e+06,1.14999e+07,4.49977e+06,6.79999e+06,1.14999e+07,4.49971e+06,6.79999e+06,1.14999e+07,4.49963e+06,6.79999e+06,1.14998e+07,4.49953e+06,6.79999e+06,1.14998e+07,4.49941e+06,6.79999e+06,1.14998e+07,4.49926e+06,6.79999e+06,1.14998e+07,4.49906e+06,6.79999e+06,1.14997e+07,4.49882e+06,6.79999e+06,1.14997e+07,4.49851e+06,6.79999e+06,1.14997e+07,4.49812e+06,6.79999e+06,1.14996e+07,4.49764e+06,6.79999e+06,1.14996e+07,4.49702e+06,6.79999e+06,1.14995e+07,4.49625e+06,6.79999e+06,1.14995e+07,4.49528e+06,6.79999e+06,1.14994e+07,4.49406e+06,6.79999e+06,1.14993e+07,4.49253e+06,6.79999e+06,1.14992e+07,4.49059e+06,6.79999e+06,1.14991e+07,4.48817e+06,6.79999e+06,1.1499e+07,4.48511e+06,6.79999e+06,1.14988e+07,4.48128e+06,6.79999e+06,1.14987e+07,4.47646e+06,6.79999e+06,1.14985e+07,4.47041e+06,6.79999e+06,1.14983e+07,4.46281e+06,6.79999e+06,1.14981e+07,4.4533e+06,6.79999e+06,1.14979e+07,4.44138e+06,6.79999e+06,1.14976e+07,4.42649e+06,6.79999e+06,1.14972e+07,4.40789e+06,6.79999e+06,1.14969e+07,4.38471e+06,6.79999e+06,1.14965e+07,4.35592e+06,6.79999e+06,1.1496e+07,4.32027e+06,6.79999e+06,1.14955e+07,4.27629e+06,6.79999e+06,1.14949e+07,4.22231e+06,6.79999e+06,1.14942e+07,4.15647e+06,6.79999e+06,1.14934e+07,4.07676e+06,6.79999e+06,1.14926e+07,3.98112e+06,6.79999e+06,1.14916e+07,3.86765e+06,6.79999e+06,1.14905e+07,3.73474e+06,6.79999e+06,1.14892e+07,3.58148e+06,6.79999e+06,1.14878e+07,3.40785e+06,6.79999e+06,1.14862e+07,3.21513e+06,6.79999e+06,1.14844e+07,3.00605e+06,6.79999e+06,1.14823e+07,2.7848e+06,6.79999e+06,1.148e+07,2.5568e+06,6.79999e+06,1.14773e+07,2.32825e+06,6.79999e+06,13.5742,8.52444,0.508366,16.8306,13.2585,0.162638,20.0035,17.569,0.0507846,23.2616,22.4214,0.0158319,26.7328,28.3297,0.00493498,30.5212,35.6974,0.00153831,34.7178,44.9473,0.000479527,39.4086,56.5822,0.000149456,44.6796,71.2245,4.66214e-05,50.6209,89.6543,1.45419e-05,57.3297,112.852,4.54748e-06,64.9129,142.051,1.43857e-06,73.4897,178.803,4.36618e-07,83.1934,225.062,1.40153e-07,94.1745,283.286,4.96378e-08,106.602,356.568,1.05434e-07,120.669,448.799,-6.49244e-08,136.59,564.873,1.70148e-07,154.611,710.948,-5.34594e-08,175.008,894.767,1.63407e-07,198.097,1126.06,8.04804e-08,224.231,1417.07,1.14667e-07,253.813,1783.15,-1.71227e-07,287.297,2243.62,-2.88466e-07,325.198,2822.67,-4.33651e-07,368.098,3550.67,7.9318e-08,416.657,4465.65,3.13319e-07,471.621,5615.16,3.4613e-07,533.835,7058.61,-1.19199e-07,604.255,8870.02,-2.79964e-07,683.962,11141.4,-2.30521e-07,774.182,13986.7,-2.55099e-07,876.299,17546.4,1.23585e-07,991.883,21993.1,1.41192e-07,1122.71,27536.7,-9.71886e-08,1270.78,34430.7,-3.68368e-07,1438.38,42977.7,-3.45379e-07,1628.07,53532.7,-3.25328e-09,1842.77,66504.6,2.6362e-07,2085.77,82350.2,2.53445e-07,2360.79,101560,-2.47407e-08,2672.05,124632,-3.80602e-07,3024.31,152018,-4.79005e-07,3422.98,184060,-1.14379e-07,3874.15,220884,2.64297e-07,4384.72,262283,3.44131e-07,4962.49,307576,7.5349e-08,5616.29,355497,-3.63097e-07,6356.1,404126,-6.05442e-07,7193.18,450932,-2.72333e-07,8140.28,492963,2.29675e-07,9211.79,527178,4.3387e-07,10424,550893,-1.0711e-07,10.102,8.06553,2.81012,10.6436,8.57909,0.869423,11.5336,10.2515,0.270869,12.7211,12.7138,0.0844293,14.1823,15.9373,0.0263173,15.9122,20.0383,0.0082035,17.9198,25.2154,0.00255722,20.2244,31.7373,0.000797017,22.8539,39.9486,0.000248622,25.8438,50.2851,7.75492e-05,29.237,63.2963,2.42508e-05,33.0837,79.6738,7.67162e-06,37.4415,100.288,2.32837e-06,42.3767,126.236,7.33e-07,47.9646,158.896,2.79256e-07,54.2906,200.003,9.87351e-09,61.452,251.741,1.61085e-07,69.5585,316.859,-2.47141e-07,78.7347,398.812,8.93552e-08,89.1218,501.948,-2.53231e-07,100.879,631.736,-1.25047e-07,114.188,795.049,-1.78808e-07,129.252,1000.53,2.6733e-07,146.304,1259.03,4.50292e-07,165.605,1584.19,6.76904e-07,187.452,1993.12,-1.23808e-07,212.181,2507.27,-4.89068e-07,240.173,3153.54,-5.40284e-07,271.856,3965.56,1.86061e-07,307.719,4985.38,4.37004e-07,348.313,6265.4,3.59828e-07,394.26,7870.83,3.98192e-07,446.268,9882.51,-1.92908e-07,505.135,12400.3,-2.20392e-07,571.766,15546.9,1.51705e-07,647.184,19472.2,5.74996e-07,732.547,24357.4,5.39112e-07,829.167,30420,5.07815e-09,938.526,37916.3,-4.11492e-07,1062.3,47143.9,-3.9561e-07,1202.4,58439.2,3.86185e-08,1360.96,72169.3,5.94093e-07,1540.42,88715.8,7.47693e-07,1743.53,108445,1.78537e-07,1973.41,131665,-4.12549e-07,2233.57,158557,-5.37164e-07,2528,189103,-1.17615e-07,2861.2,222986,5.66769e-07,3238.27,259510,9.45053e-07,3664.97,297540,4.25093e-07,4147.81,335497,-3.58506e-07,4694.17,371444,-6.7724e-07,5312.37,403256,1.67192e-07,1.61744,3.89446,9.84394,3.28846,7.5504,12.774,5.07607,11.7187,13.6844,7.03202,16.8147,13.9681,9.20215,23.1769,14.0566,11.6301,31.1672,14.0841,14.3598,41.2186,14.0927,17.4376,53.8688,14.0954,20.9137,69.7915,14.0962,24.8432,89.8341,14.0965,29.2879,115.063,14.0966,34.3168,146.819,14.0966,40.0078,186.792,14.0966,46.4487,237.107,14.0966,53.7388,300.44,14.0966,61.9903,380.158,14.0966,71.3301,480.499,14.0966,81.902,606.796,14.0966,93.8685,765.761,14.0966,107.414,965.837,14.0966,122.746,1217.65,14.0966,140.101,1534.57,14.0966,159.745,1933.41,14.0966,181.981,2435.3,14.0966,207.15,3066.85,14.0966,235.64,3861.46,14.0966,267.889,4861.11,14.0966,304.391,6118.54,14.0966,345.709,7699.91,14.0966,392.478,9688.22,14.0966,445.417,12187.5,14.0966,505.339,15327.7,14.0966,573.165,19271.6,14.0966,649.938,24222,14.0966,736.839,30430.9,14.0966,835.202,38211.5,14.0966,946.539,47950.3,14.0966,1072.56,60122.8,14.0966,1215.21,75309.9,14.0966,1376.66,94216.2,14.0966,1559.41,117688,14.0966,1766.26,146729,14.0966,2000.39,182510,14.0966,2265.39,226372,14.0966,2565.33,279806,14.0966,2904.81,344416,14.0966,3289.05,421845,14.0966,3723.93,513667,14.0966,4216.13,621231,14.0966,4773.18,745478,14.0966,5403.64,886744,14.0966,6117.15,1.04457e+06,14.0966,6924.63,1.2176e+06,14.0966,11.7194,11.96,12.6541,13.9321,16.1295,13.6434,16.6097,21.9702,13.9553,19.7532,29.5285,14.0526,23.3844,39.1143,14.0829,27.5423,51.2054,14.0923,32.2796,66.434,14.0953,37.662,85.6061,14.0962,43.7675,109.74,14.0965,50.687,140.119,14.0966,58.5249,178.359,14.0966,67.4005,226.493,14.0966,77.4493,287.08,14.0966,88.8254,363.343,14.0966,101.703,459.336,14.0966,116.281,580.161,14.0966,132.782,732.241,14.0966,151.46,923.655,14.0966,172.603,1164.57,14.0966,196.535,1467.79,14.0966,223.625,1849.39,14.0966,254.288,2329.62,14.0966,288.997,2933.93,14.0966,328.285,3694.33,14.0966,372.755,4651.04,14.0966,423.092,5854.57,14.0966,480.07,7368.38,14.0966,544.564,9272.08,14.0966,617.566,11665.5,14.0966,700.197,14673.6,14.0966,793.729,18452.9,14.0966,899.599,23198.6,14.0966,1019.43,29154.1,14.0966,1155.07,36622.3,14.0966,1308.6,45977.9,14.0966,1482.39,57683.7,14.0966,1679.09,72307.8,14.0966,1901.73,90542.8,14.0966,2153.73,113226,14.0966,2438.97,141360,14.0966,2761.81,176127,14.0966,3127.22,218898,14.0966,3540.81,271226,14.0966,4008.92,334817,14.0966,4538.74,411470,14.0966,5138.38,502973,14.0966,5817.04,610948,14.0966,6585.12,736653,14.0966,7454.39,880741,14.0966,8438.15,1.04302e+06,14.0966,9551.45,1.22224e+06,14.0966,10811.3,1.41602e+06,14.0966,12237,1.62086e+06,14.0966,11.7194,11.96,12.6541,2.21263,4.16949,0.989383,2.67766,5.84076,0.311842,3.14343,7.55825,0.0972771,3.63127,9.58578,0.0303237,4.15787,12.0912,0.00945211,4.73731,15.2286,0.00294633,5.38238,19.1721,0.000918508,6.10553,24.134,0.000286163,6.91951,30.3791,8.92692e-05,7.83792,38.2397,2.78121e-05,8.87555,48.1338,8.65134e-06,10.0489,60.5876,2.7882e-06,11.3761,76.2629,8.29036e-07,12.8779,95.9927,2.4373e-07,14.5775,120.825,4.33068e-09,16.5012,152.08,1.75749e-07,18.6784,191.415,-1.86328e-07,21.1428,240.917,1.91829e-07,23.9322,303.213,-1.81475e-07,27.0895,381.602,7.0186e-08,30.6634,480.231,-2.86769e-08,34.7087,604.316,2.40784e-07,39.2876,760.401,9.87368e-08,44.4705,956.705,1.22263e-07,50.3371,1203.54,-4.31966e-07,56.9776,1513.81,-1.9705e-07,64.494,1903.69,-2.763e-08,73.0018,2393.4,3.9185e-07,82.6317,3008.13,1.35379e-07,93.5318,3779.25,-4.16351e-08,105.869,4745.7,2.06965e-08,119.834,5955.6,-3.18887e-07,135.641,7468.12,-1.48271e-08,153.531,9355.62,2.00739e-07,173.781,11705.8,2.28358e-07,196.701,14624.1,-1.93587e-08,222.642,18235,-2.88101e-07,252.003,22683.4,-2.24732e-07,285.234,28134,8.56806e-09,322.845,34767,2.34258e-07,365.413,42770.9,2.99668e-07,413.588,52327.9,8.28644e-08,468.111,63591.2,-3.07049e-07,529.814,76653.2,-3.1888e-07,599.642,91502.5,-6.72276e-08,678.662,107975,2.26339e-07,768.083,125705,3.69212e-07,869.267,144088,2.04077e-07,983.76,162277,-2.80509e-07,1113.3,179223,-4.22737e-07,1259.87,193777,-1.71951e-07,1425.68,204839,4.55555e-07,11.7194,11.96,12.6541,2.21263,4.16949,0.989383,2.67766,5.84076,0.311842,3.14343,7.55825,0.0972771,3.63127,9.58578,0.0303237,4.15787,12.0912,0.00945211,4.73731,15.2286,0.00294633,5.38238,19.1721,0.000918508,6.10553,24.134,0.000286163,6.91951,30.3791,8.92692e-05,7.83792,38.2397,2.78121e-05,8.87555,48.1338,8.65134e-06,10.0489,60.5876,2.7882e-06,11.3761,76.2629,8.29036e-07,12.8779,95.9927,2.4373e-07,14.5775,120.825,1e-08,16.5012,152.08,1.75749e-07,18.6784,191.415,1e-08,21.1428,240.917,1.91829e-07,23.9322,303.213,1e-08,27.0895,381.602,7.0186e-08,30.6634,480.231,1e-08,34.7087,604.316,2.40784e-07,39.2876,760.401,9.87368e-08,44.4705,956.705,1.22263e-07,50.3371,1203.54,1e-08,56.9776,1513.81,1e-08,64.494,1903.69,1e-08,73.0018,2393.4,3.9185e-07,82.6317,3008.13,1.35379e-07,93.5318,3779.25,1e-08,105.869,4745.7,2.06965e-08,119.834,5955.6,1e-08,135.641,7468.12,1e-08,153.531,9355.62,2.00739e-07,173.781,11705.8,2.28358e-07,196.701,14624.1,1e-08,222.642,18235,1e-08,252.003,22683.4,1e-08,285.234,28134,1e-08,322.845,34767,2.34258e-07,365.413,42770.9,2.99668e-07,413.588,52327.9,8.28644e-08,468.111,63591.2,1e-08,529.814,76653.2,1e-08,599.642,91502.5,1e-08,678.662,107975,2.26339e-07,768.083,125705,3.69212e-07,869.267,144088,2.04077e-07,983.76,162277,1e-08,1113.3,179223,1e-08,1259.87,193777,1e-08,1425.68,204839,4.55555e-07,6.2823,3.27286,2.43537,0.219672,6.18826,2.24117,0.56371,6.87772,2.63624,0.308279,19,4,13,2,3,1,2,4,0,3,6,0,1,9,0,4,5,0,4,17,0,5,15,0,10,29,0,13,27,0,11,29,0,7,55,0,10,69,0,6,77,0,11,68,0,24,167,0,8,195,0,14,112,0,56,191,0,26,207,0,23,355,0,54,794,0,15,665,0,20,1312,0,39,1709,0,20,1392,0,54,2458,0,54,2454,0,11,2175,0,192,3007,0,105,7200,0,52,3743,0,90,4208,0,81,7106,0,69,10699,0,345,8588,0,172,9677,0,259,12017,0,400,35604,0,162,32594,0,229,41773,0,96,61697,0,384,51819,0,464,55548,0,408,134264,0,772,24853,0,619,119129,0,628,111110,0,688,191419,0,1021,168146,0,1521,220119,0,1245,166714,0,1008,227770,0
-1.05176e+08,1,8.88811e-15,10,1023,0,1.05176e+08,0.528882,1.08665,0.389689,0.145397,0.379329,3.24381,0.161596,0.446195,1.77396,0.159177,1.15e+07,4.49998e+06,6.79999e+06,1.15e+07,4.49997e+06,6.79999e+06,1.15e+07,4.49996e+06,6.79999e+06,1.15e+07,4.49995e+06,6.79999e+06,1.14999e+07,4.49993e+06,6.79999e+06,1.14999e+07,4.49991e+06,6.79999e+06,1.14999e+07,4.49989e+06,6.79999e+06,1.14999e+07,4.49986e+06,6.79999e+06,1.14999e+07,4.49982e+06,6.79999e+06,1.14999e+07,4.49977e+06,6.79999e+06,1.14999e+07,4.49971e+06,6.79999e+06,1.14999e+07,4.49963e+06,6.79999e+06,1.14998e+07,4.49953e+06,6.79999e+06,1.14998e+07,4.49941e+06,6.79999e+06,1.14998e+07,4.49926e+06,6.79999e+06,1.14998e+07,4.49906e+06,6.79999e+06,1.14997e+07,4.49882e+06,6.79999e+06,1.14997e+07,4.49851e+06,6.79999e+06,1.14997e+07,4.49812e+06,6.79999e+06,1.14996e+07,4.49764e+06,6.79999e+06,1.14996e+07,4.49702e+06,6.79999e+06,1.14995e+07,4.49625e+06,6.79999e+06,1.14995e+07,4.49528e+06,6.79999e+06,1.14994e+07,4.49406e+06,6.79999e+06,1.14993e+07,4.49253e+06,6.79999e+06,1.14992e+07,4.49059e+06,6.79999e+06,1.14991e+07,4.48817e+06,6.79999e+06,1.1499e+07,4.48511e+06,6.79999e+06,1.14988e+07,4.48128e+06,6.79999e+06,1.14987e+07,4.47646e+06,6.79999e+06,1.14985e+07,4.47041e+06,6.79999e+06,1.14983e+07,4.46281e+06,6.79999e+06,1.14981e+07,4.4533e+06,6.79999e+06,1.14979e+07,4.44138e+06,6.79999e+06,1.14976e+07,4.42649e+06,6.79999e+06,1.14972e+07,4.40789e+06,6.79999e+06,1.14969e+07,4.38471e+06,6.79999e+06,1.14965e+07,4.35592e+06,6.79999e+06,1.1496e+07,4.32027e+06,6.79999e+06,1.14955e+07,4.27629e+06,6.79999e+06,1.14949e+07,4.22231e+06,6.79999e+06,1.14942e+07,4.15647e+06,6.79999e+06,1.14934e+07,4.07676e+06,6.79999e+06,1.14926e+07,3.98112e+06,6.79999e+06,1.14916e+07,3.86765e+06,6.79999e+06,1.14905e+07,3.73474e+06,6.79999e+06,1.14892e+07,3.58148e+06,6.79999e+06,1.14878e+07,3.40785e+06,6.79999e+06,1.14862e+07,3.21513e+06,6.79999e+06,1.14844e+07,3.00605e+06,6.79999e+06,1.14823e+07,2.7848e+06,6.79999e+06,1.148e+07,2.5568e+06,6.79999e+06,1.14773e+07,2.32825e+06,6.79999e+06,13.5742,8.52444,0.508366,16.8306,13.2585,0.162638,20.0035,17.569,0.0507846,23.2616,22.4214,0.0158319,26.7328,28.3297,0.00493498,30.5212,35.6974,0.00153831,34.7178,44.9473,0.000479527,39.4086,56.5822,0.000149456,44.6796,71.2245,4.66214e-05,50.6209,89.6543,1.45419e-05,57.3297,112.852,4.54748e-06,64.9129,142.051,1.43857e-06,73.4897,178.803,4.36618e-07,83.1934,225.062,1.40153e-07,94.1745,283.286,4.96378e-08,106.602,356.568,1.05434e-07,120.669,448.799,-6.49244e-08,136.59,564.873,1.70148e-07,154.611,710.948,-5.34594e-08,175.008,894.767,1.63407e-07,198.097,1126.06,8.04804e-08,224.231,1417.07,1.14667e-07,253.813,1783.15,-1.71227e-07,287.297,2243.62,-2.88466e-07,325.198,2822.67,-4.33651e-07,368.098,3550.67,7.9318e-08,416.657,4465.65,3.13319e-07,471.621,5615.16,3.4613e-07,533.835,7058.61,-1.19199e-07,604.255,8870.02,-2.79964e-07,683.962,11141.4,-2.30521e-07,774.182,13986.7,-2.55099e-07,876.299,17546.4,1.23585e-07,991.883,21993.1,1.41192e-07,1122.71,27536.7,-9.71886e-08,1270.78,34430.7,-3.68368e-07,1438.38,42977.7,-3.45379e-07,1628.07,53532.7,-3.25328e-09,1842.77,66504.6,2.6362e-07,2085.77,82350.2,2.53445e-07,2360.79,101560,-2.47407e-08,2672.05,124632,-3.80602e-07,3024.31,152018,-4.79005e-07,3422.98,184060,-1.14379e-07,3874.15,220884,2.64297e-07,4384.72,262283,3.44131e-07,4962.49,307576,7.5349e-08,5616.29,355497,-3.63097e-07,6356.1,404126,-6.05442e-07,7193.18,450932,-2.72333e-07,8140.28,492963,2.29675e-07,9211.79,527178,4.3387e-07,10424,550893,-1.0711e-07,10.102,8.06553,2.81012,10.6436,8.57909,0.869423,11.5336,10.2515,0.270869,12.7211,12.7138,0.0844293,14.1823,15.9373,0.0263173,15.9122,20.0383,0.0082035,17.9198,25.2154,0.00255722,20.2244,31.7373,0.000797017,22.8539,39.9486,0.000248622,25.8438,50.2851,7.75492e-05,29.237,63.2963,2.42508e-05,33.0837,79.6738,7.67162e-06,37.4415,100.288,2.32837e-06,42.3767,126.236,7.33e-07,47.9646,158.896,2.79256e-07,54.2906,200.003,9.87351e-09,61.452,251.741,1.61085e-07,69.5585,316.859,-2.47141e-07,78.7347,398.812,8.93552e-08,89.1218,501.948,-2.53231e-07,100.879,631.736,-1.25047e-07,114.188,795.049,-1.78808e-07,129.252,1000.53,2.6733e-07,146.304,1259.03,4.50292e-07,165.605,1584.19,6.76904e-07,187.452,1993.12,-1.23808e-07,212.181,2507.27,-4.89068e-07,240.173,3153.54,-5.40284e-07,271.856,3965.56,1.86061e-07,307.719,4985.38,4.37004e-07,348.313,6265.4,3.59828e-07,394.26,7870.83,3.98192e-07,446.268,9882.51,-1.92908e-07,505.135,12400.3,-2.20392e-07,571.766,15546.9,1.51705e-07,647.184,19472.2,5.74996e-07,732.547,24357.4,5.39112e-07,829.167,30420,5.07815e-09,938.526,37916.3,-4.11492e-07,1062.3,47143.9,-3.9561e-07,1202.4,58439.2,3.86185e-08,1360.96,72169.3,5.94093e-07,1540.42,88715.8,7.47693e-07,1743.53,108445,1.78537e-07,1973.41,131665,-4.12549e-07,2233.57,158557,-5.37164e-07,2528,189103,-1.17615e-07,2861.2,222986,5.66769e-07,3238.27,259510,9.45053e-07,3664.97,297540,4.25093e-07,4147.81,335497,-3.58506e-07,4694.17,371444,-6.7724e-07,5312.37,403256,1.67192e-07,1.61744,3.89446,9.84394,3.28846,7.5504,12.774,5.07607,11.7187,13.6844,7.03202,16.8147,13.9681,9.20215,23.1769,14.0566,11.6301,31.1672,14.0841,14.3598,41.2186,14.0927,17.4376,53.8688,14.0954,20.9137,69.7915,14.0962,24.8432,89.8341,14.0965,29.2879,115.063,14.0966,34.3168,146.819,14.0966,40.0078,186.792,14.0966,46.4487,237.107,14.0966,53.7388,300.44,14.0966,61.9903,380.158,14.0966,71.3301,480.499,14.0966,81.902,606.796,14.0966,93.8685,765.761,14.0966,107.414,965.837,14.0966,122.746,1217.65,14.0966,140.101,1534.57,14.0966,159.745,1933.41,14.0966,181.981,2435.3,14.0966,207.15,3066.85,14.0966,235.64,3861.46,14.0966,267.889,4861.11,14.0966,304.391,6118.54,14.0966,345.709,7699.91,14.0966,392.478,9688.22,14.0966,445.417,12187.5,14.0966,505.339,15327.7,14.0966,573.165,19271.6,14.0966,649.938,24222,14.0966,736.839,30430.9,14.0966,835.202,38211.5,14.0966,946.539,47950.3,14.0966,1072.56,60122.8,14.0966,1215.21,75309.9,14.0966,1376.66,94216.2,14.0966,1559.41,117688,14.0966,1766.26,146729,14.0966,2000.39,182510,14.0966,2265.39,226372,14.0966,2565.33,279806,14.0966,2904.81,344416,14.0966,3289.05,421845,14.0966,3723.93,513667,14.0966,4216.13,621231,14.0966,4773.18,745478,14.0966,5403.64,886744,14.0966,6117.15,1.04457e+06,14.0966,6924.63,1.2176e+06,14.0966,11.7194,11.96,12.6541,13.9321,16.1295,13.6434,16.6097,21.9702,13.9553,19.7532,29.5285,14.0526,23.3844,39.1143,14.0829,27.5423,51.2054,14.0923,32.2796,66.434,14.0953,37.662,85.6061,14.0962,43.7675,109.74,14.0965,50.687,140.119,14.0966,58.5249,178.359,14.0966,67.4005,226.493,14.0966,77.4493,287.08,14.0966,88.8254,363.343,14.0966,101.703,459.336,14.0966,116.281,580.161,14.0966,132.782,732.241,14.0966,151.46,923.655,14.0966,172.603,1164.57,14.0966,196.535,1467.79,14.0966,223.625,1849.39,14.0966,254.288,2329.62,14.0966,288.997,2933.93,14.0966,328.285,3694.33,14.0966,372.755,4651.04,14.0966,423.092,5854.57,14.0966,480.07,7368.38,14.0966,544.564,9272.08,14.0966,617.566,11665.5,14.0966,700.197,14673.6,14.0966,793.729,18452.9,14.0966,899.599,23198.6,14.0966,1019.43,29154.1,14.0966,1155.07,36622.3,14.0966,1308.6,45977.9,14.0966,1482.39,57683.7,14.0966,1679.09,72307.8,14.0966,1901.73,90542.8,14.0966,2153.73,113226,14.0966,2438.97,141360,14.0966,2761.81,176127,14.0966,3127.22,218898,14.0966,3540.81,271226,14.0966,4008.92,334817,14.0966,4538.74,411470,14.0966,5138.38,502973,14.0966,5817.04,610948,14.0966,6585.12,736653,14.0966,7454.39,880741,14.0966,8438.15,1.04302e+06,14.0966,9551.45,1.22224e+06,14.0966,10811.3,1.41602e+06,14.0966,12237,1.62086e+06,14.0966,11.7194,11.96,12.6541,2.21263,4.16949,0.989383,2.67766,5.84076,0.311842,3.14343,7.55825,0.0972771,3.63127,9.58578,0.0303237,4.15787,12.0912,0.00945211,4.73731,15.2286,0.00294633,5.38238,19.1721,0.000918508,6.10553,24.134,0.000286163,6.91951,30.3791,8.92692e-05,7.83792,38.2397,2.78121e-05,8.87555,48.1338,8.65134e-06,10.0489,60.5876,2.7882e-06,11.3761,76.2629,8.29036e-07,12.8779,95.9927,2.4373e-07,14.5775,120.825,4.33068e-09,16.5012,152.08,1.75749e-07,18.6784,191.415,-1.86328e-07,21.1428,240.917,1.91829e-07,23.9322,303.213,-1.81475e-07,27.0895,381.602,7.0186e-08,30.6634,480.231,-2.86769e-08,34.7087,604.316,2.40784e-07,39.2876,760.401,9.87368e-08,44.4705,956.705,1.22263e-07,50.3371,1203.54,-4.31966e-07,56.9776,1513.81,-1.9705e-07,64.494,1903.69,-2.763e-08,73.0018,2393.4,3.9185e-07,82.6317,3008.13,1.35379e-07,93.5318,3779.25,-4.16351e-08,105.869,4745.7,2.06965e-08,119.834,5955.6,-3.18887e-07,135.641,7468.12,-1.48271e-08,153.531,9355.62,2.00739e-07,173.781,11705.8,2.28358e-07,196.701,14624.1,-1.93587e-08,222.642,18235,-2.88101e-07,252.003,22683.4,-2.24732e-07,285.234,28134,8.56806e-09,322.845,34767,2.34258e-07,365.413,42770.9,2.99668e-07,413.588,52327.9,8.28644e-08,468.111,63591.2,-3.07049e-07,529.814,76653.2,-3.1888e-07,599.642,91502.5,-6.72276e-08,678.662,107975,2.26339e-07,768.083,125705,3.69212e-07,869.267,144088,2.04077e-07,983.76,162277,-2.80509e-07,1113.3,179223,-4.22737e-07,1259.87,193777,-1.71951e-07,1425.68,204839,4.55555e-07,11.7194,11.96,12.6541,2.21263,4.16949,0.989383,2.67766,5.84076,0.311842,3.14343,7.55825,0.0972771,3.63127,9.58578,0.0303237,4.15787,12.0912,0.00945211,4.73731,15.2286,0.00294633,5.38238,19.1721,0.000918508,6.10553,24.134,0.000286163,6.91951,30.3791,8.92692e-05,7.83792,38.2397,2.78121e-05,8.87555,48.1338,8.65134e-06,10.0489,60.5876,2.7882e-06,11.3761,76.2629,8.29036e-07,12.8779,95.9927,2.4373e-07,14.5775,120.825,1e-08,16.5012,152.08,1.75749e-07,18.6784,191.415,1e-08,21.1428,240.917,1.91829e-07,23.9322,303.213,1e-08,27.0895,381.602,7.0186e-08,30.6634,480.231,1e-08,34.7087,604.316,2.40784e-07,39.2876,760.401,9.87368e-08,44.4705,956.705,1.22263e-07,50.3371,1203.54,1e-08,56.9776,1513.81,1e-08,64.494,1903.69,1e-08,73.0018,2393.4,3.9185e-07,82.6317,3008.13,1.35379e-07,93.5318,3779.25,1e-08,105.869,4745.7,2.06965e-08,119.834,5955.6,1e-08,135.641,7468.12,1e-08,153.531,9355.62,2.00739e-07,173.781,11705.8,2.28358e-07,196.701,14624.1,1e-08,222.642,18235,1e-08,252.003,22683.4,1e-08,285.234,28134,1e-08,322.845,34767,2.34258e-07,365.413,42770.9,2.99668e-07,413.588,52327.9,8.28644e-08,468.111,63591.2,1e-08,529.814,76653.2,1e-08,599.642,91502.5,1e-08,678.662,107975,2.26339e-07,768.083,125705,3.69212e-07,869.267,144088,2.04077e-07,983.76,162277,1e-08,1113.3,179223,1e-08,1259.87,193777,1e-08,1425.68,204839,4.55555e-07,6.2823,3.27286,2.43537,0.219672,6.18826,2.24117,0.56371,6.87772,2.63624,0.308279,7,10,7,2,2,0,4,2,2,6,3,0,6,6,0,5,15,0,3,26,0,4,8,0,10,29,0,9,18,0,4,35,0,13,48,0,15,101,0,8,72,0,7,110,0,15,197,0,21,142,0,14,187,0,28,298,0,35,483,0,29,124,0,34,188,0,21,961,0,34,402,0,31,1072,0,76,1585,0,54,1987,0,89,1839,0,41,2432,0,151,1185,0,45,2679,0,71,6308,0,91,3717,0,136,3364,0,143,3510,0,205,13125,0,161,29733,0,73,29569,0,188,13756,0,313,11048,0,209,33752,0,528,46156,0,293,123842,0,418,70443,0,332,133397,0,749,80991,0,524,57843,0,451,103796,0,628,115082,0,1467,118291,0,1142,161288,0,1579,186776,0,1807,208234,0
-1.05176e+08,1,8.88811e-15,10,1023,0,1.05176e+08,0.528882,1.08665,0.389689,0.145397,0.379329,3.24381,0.161596,0.446195,1.77396,0.159177,1.15e+07,4.49998e+06,6.79999e+06,1.15e+07,4.49997e+06,6.79999e+06,1.15e+07,4.49996e+06,6.79999e+06,1.15e+07,4.49995e+06,6.79999e+06,1.14999e+07,4.49993e+06,6.79999e+06,1.14999e+07,4.49991e+06,6.79999e+06,1.14999e+07,4.49989e+06,6.79999e+06,1.14999e+07,4.49986e+06,6.79999e+06,1.14999e+07,4.49982e+06,6.79999e+06,1.14999e+07,4.49977e+06,6.79999e+06,1.14999e+07,4.49971e+06,6.79999e+06,1.14999e+07,4.49963e+06,6.79999e+06,1.14998e+07,4.49953e+06,6.79999e+06,1.14998e+07,4.49941e+06,6.79999e+06,1.14998e+07,4.49926e+06,6.79999e+06,1.14998e+07,4.49906e+06,6.79999e+06,1.14997e+07,4.49882e+06,6.79999e+06,1.14997e+07,4.49851e+06,6.79999e+06,1.14997e+07,4.49812e+06,6.79999e+06,1.14996e+07,4.49764e+06,6.79999e+06,1.14996e+07,4.49702e+06,6.79999e+06,1.14995e+07,4.49625e+06,6.79999e+06,1.14995e+07,4.49528e+06,6.79999e+06,1.14994e+07,4.49406e+06,6.79999e+06,1.14993e+07,4.49253e+06,6.79999e+06,1.14992e+07,4.49059e+06,6.79999e+06,1.14991e+07,4.48817e+06,6.79999e+06,1.1499e+07,4.48511e+06,6.79999e+06,1.14988e+07,4.48128e+06,6.79999e+06,1.14987e+07,4.47646e+06,6.79999e+06,1.14985e+07,4.47041e+06,6.79999e+06,1.14983e+07,4.46281e+06,6.79999e+06,1.14981e+07,4.4533e+06,6.79999e+06,1.14979e+07,4.44138e+06,6.79999e+06,1.14976e+07,4.42649e+06,6.79999e+06,1.14972e+07,4.40789e+06,6.79999e+06,1.14969e+07,4.38471e+06,6.79999e+06,1.14965e+07,4.35592e+06,6.79999e+06,1.1496e+07,4.32027e+06,6.79999e+06,1.14955e+07,4.27629e+06,6.79999e+06,1.14949e+07,4.22231e+06,6.79999e+06,1.14942e+07,4.15647e+06,6.79999e+06,1.14934e+07,4.07676e+06,6.79999e+06,1.14926e+07,3.98112e+06,6.79999e+06,1.14916e+07,3.86765e+06,6.79999e+06,1.14905e+07,3.73474e+06,6.79999e+06,1.14892e+07,3.58148e+06,6.79999e+06,1.14878e+07,3.40785e+06,6.79999e+06,1.14862e+07,3.21513e+06,6.79999e+06,1.14844e+07,3.00605e+06,6.79999e+06,1.14823e+07,2.7848e+06,6.79999e+06,1.148e+07,2.5568e+06,6.79999e+06,1.14773e+07,2.32825e+06,6.79999e+06,13.5742,8.52444,0.508366,16.8306,13.2585,0.162638,20.0035,17.569,0.0507846,23.2616,22.4214,0.0158319,26.7328,28.3297,0.00493498,30.5212,35.6974,0.00153831,34.7178,44.9473,0.000479527,39.4086,56.5822,0.000149456,44.6796,71.2245,4.66214e-05,50.6209,89.6543,1.45419e-05,57.3297,112.852,4.54748e-06,64.9129,142.051,1.43857e-06,73.4897,178.803,4.36618e-07,83.1934,225.062,1.40153e-07,94.1745,283.286,4.96378e-08,106.602,356.568,1.05434e-07,120.669,448.799,-6.49244e-08,136.59,564.873,1.70148e-07,154.611,710.948,-5.34594e-08,175.008,894.767,1.63407e-07,198.097,1126.06,8.04804e-08,224.231,1417.07,1.14667e-07,253.813,1783.15,-1.71227e-07,287.297,2243.62,-2.88466e-07,325.198,2822.67,-4.33651e-07,368.098,3550.67,7.9318e-08,416.657,4465.65,3.13319e-07,471.621,5615.16,3.4613e-07,533.835,7058.61,-1.19199e-07,604.255,8870.02,-2.79964e-07,683.962,11141.4,-2.30521e-07,774.182,13986.7,-2.55099e-07,876.299,17546.4,1.23585e-07,991.883,21993.1,1.41192e-07,1122.71,27536.7,-9.71886e-08,1270.78,34430.7,-3.68368e-07,1438.38,42977.7,-3.45379e-07,1628.07,53532.7,-3.25328e-09,1842.77,66504.6,2.6362e-07,2085.77,82350.2,2.53445e-07,2360.79,101560,-2.47407e-08,2672.05,124632,-3.80602e-07,3024.31,152018,-4.79005e-07,3422.98,184060,-1.14379e-07,3874.15,220884,2.64297e-07,4384.72,262283,3.44131e-07,4962.49,307576,7.5349e-08,5616.29,355497,-3.63097e-07,6356.1,404126,-6.05442e-07,7193.18,450932,-2.72333e-07,8140.28,492963,2.29675e-07,9211.79,527178,4.3387e-07,10424,550893,-1.0711e-07,10.102,8.06553,2.81012,10.6436,8.57909,0.869423,11.5336,10.2515,0.270869,12.7211,12.7138,0.0844293,14.1823,15.9373,0.0263173,15.9122,20.0383,0.0082035,17.9198,25.2154,0.00255722,20.2244,31.7373,0.000797017,22.8539,39.9486,0.000248622,25.8438,50.2851,7.75492e-05,29.237,63.2963,2.42508e-05,33.0837,79.6738,7.67162e-06,37.4415,100.288,2.32837e-06,42.3767,126.236,7.33e-07,47.9646,158.896,2.79256e-07,54.2906,200.003,9.87351e-09,61.452,251.741,1.61085e-07,69.5585,316.859,-2.47141e-07,78.7347,398.812,8.93552e-08,89.1218,501.948,-2.53231e-07,100.879,631.736,-1.25047e-07,114.188,795.049,-1.78808e-07,129.252,1000.53,2.6733e-07,146.304,1259.03,4.50292e-07,165.605,1584.19,6.76904e-07,187.452,1993.12,-1.23808e-07,212.181,2507.27,-4.89068e-07,240.173,3153.54,-5.40284e-07,271.856,3965.56,1.86061e-07,307.719,4985.38,4.37004e-07,348.313,6265.4,3.59828e-07,394.26,7870.83,3.98192e-07,446.268,9882.51,-1.92908e-07,505.135,12400.3,-2.20392e-07,571.766,15546.9,1.51705e-07,647.184,19472.2,5.74996e-07,732.547,24357.4,5.39112e-07,829.167,30420,5.07815e-09,938.526,37916.3,-4.11492e-07,1062.3,47143.9,-3.9561e-07,1202.4,58439.2,3.86185e-08,1360.96,72169.3,5.94093e-07,1540.42,88715.8,7.47693e-07,1743.53,108445,1.78537e-07,1973.41,131665,-4.12549e-07,2233.57,158557,-5.37164e-07,2528,189103,-1.17615e-07,2861.2,222986,5.66769e-07,3238.27,259510,9.45053e-07,3664.97,297540,4.25093e-07,4147.81,335497,-3.58506e-07,4694.17,371444,-6.7724e-07,5312.37,403256,1.67192e-07,1.61744,3.89446,9.84394,3.28846,7.5504,12.774,5.07607,11.7187,13.6844,7.03202,16.8147,13.9681,9.20215,23.1769,14.0566,11.6301,31.1672,14.0841,14.3598,41.2186,14.0927,17.4376,53.8688,14.0954,20.9137,69.7915,14.0962,24.8432,89.8341,14.0965,29.2879,115.063,14.0966,34.3168,146.819,14.0966,40.0078,186.792,14.0966,46.4487,237.107,14.0966,53.7388,300.44,14.0966,61.9903,380.158,14.0966,71.3301,480.499,14.0966,81.902,606.796,14.0966,93.8685,765.761,14.0966,107.414,965.837,14.0966,122.746,1217.65,14.0966,140.101,1534.57,14.0966,159.745,1933.41,14.0966,181.981,2435.3,14.0966,207.15,3066.85,14.0966,235.64,3861.46,14.0966,267.889,4861.11,14.0966,304.391,6118.54,14.0966,345.709,7699.91,14.0966,392.478,9688.22,14.0966,445.417,12187.5,14.0966,505.339,15327.7,14.0966,573.165,19271.6,14.0966,649.938,24222,14.0966,736.839,30430.9,14.0966,835.202,38211.5,14.0966,946.539,47950.3,14.0966,1072.56,60122.8,14.0966,1215.21,75309.9,14.0966,1376.66,94216.2,14.0966,1559.41,117688,14.0966,1766.26,146729,14.0966,2000.39,182510,14.0966,2265.39,226372,14.0966,2565.33,279806,14.0966,2904.81,344416,14.0966,3289.05,421845,14.0966,3723.93,513667,14.0966,4216.13,621231,14.0966,4773.18,745478,14.0966,5403.64,886744,14.0966,6117.15,1.04457e+06,14.0966,6924.63,1.2176e+06,14.0966,11.7194,11.96,12.6541,13.9321,16.1295,13.6434,16.6097,21.9702,13.9553,19.7532,29.5285,14.0526,23.3844,39.1143,14.0829,27.5423,51.2054,14.0923,32.2796,66.434,14.0953,37.662,85.6061,14.0962,43.7675,109.74,14.0965,50.687,140.119,14.0966,58.5249,178.359,14.0966,67.4005,226.493,14.0966,77.4493,287.08,14.0966,88.8254,363.343,14.0966,101.703,459.336,14.0966,116.281,580.161,14.0966,132.782,732.241,14.0966,151.46,923.655,14.0966,172.603,1164.57,14.0966,196.535,1467.79,14.0966,223.625,1849.39,14.0966,254.288,2329.62,14.0966,288.997,2933.93,14.0966,328.285,3694.33,14.0966,372.755,4651.04,14.0966,423.092,5854.57,14.0966,480.07,7368.38,14.0966,544.564,9272.08,14.0966,617.566,11665.5,14.0966,700.197,14673.6,14.0966,793.729,18452.9,14.0966,899.599,23198.6,14.0966,1019.43,29154.1,14.0966,1155.07,36622.3,14.0966,1308.6,45977.9,14.0966,1482.39,57683.7,14.0966,1679.09,72307.8,14.0966,1901.73,90542.8,14.0966,2153.73,113226,14.0966,2438.97,141360,14.0966,2761.81,176127,14.0966,3127.22,218898,14.0966,3540.81,271226,14.0966,4008.92,334817,14.0966,4538.74,411470,14.0966,5138.38,502973,14.0966,5817.04,610948,14.0966,6585.12,736653,14.0966,7454.39,880741,14.0966,8438.15,1.04302e+06,14.0966,9551.45,1.22224e+06,14.0966,10811.3,1.41602e+06,14.0966,12237,1.62086e+06,14.0966,11.7194,11.96,12.6541,2.21263,4.16949,0.989383,2.67766,5.84076,0.311842,3.14343,7.55825,0.0972771,3.63127,9.58578,0.0303237,4.15787,12.0912,0.00945211,4.73731,15.2286,0.00294633,5.38238,19.1721,0.000918508,6.10553,24.134,0.000286163,6.91951,30.3791,8.92692e-05,7.83792,38.2397,2.78121e-05,8.87555,48.1338,8.65134e-06,10.0489,60.5876,2.7882e-06,11.3761,76.2629,8.29036e-07,12.8779,95.9927,2.4373e-07,14.5775,120.825,4.33068e-09,16.5012,152.08,1.75749e-07,18.6784,191.415,-1.86328e-07,21.1428,240.917,1.91829e-07,23.9322,303.213,-1.81475e-07,27.0895,381.602,7.0186e-08,30.6634,480.231,-2.86769e-08,34.7087,604.316,2.40784e-07,39.2876,760.401,9.87368e-08,44.4705,956.705,1.22263e-07,50.3371,1203.54,-4.31966e-07,56.9776,1513.81,-1.9705e-07,64.494,1903.69,-2.763e-08,73.0018,2393.4,3.9185e-07,82.6317,3008.13,1.35379e-07,93.5318,3779.25,-4.16351e-08,105.869,4745.7,2.06965e-08,119.834,5955.6,-3.18887e-07,135.641,7468.12,-1.48271e-08,153.531,9355.62,2.00739e-07,173.781,11705.8,2.28358e-07,196.701,14624.1,-1.93587e-08,222.642,18235,-2.88101e-07,252.003,22683.4,-2.24732e-07,285.234,28134,8.56806e-09,322.845,34767,2.34258e-07,365.413,42770.9,2.99668e-07,413.588,52327.9,8.28644e-08,468.111,63591.2,-3.07049e-07,529.814,76653.2,-3.1888e-07,599.642,91502.5,-6.72276e-08,678.662,107975,2.26339e-07,768.083,125705,3.69212e-07,869.267,144088,2.04077e-07,983.76,162277,-2.80509e-07,1113.3,179223,-4.22737e-07,1259.87,193777,-1.71951e-07,1425.68,204839,4.55555e-07,11.7194,11.96,12.6541,2.21263,4.16949,0.989383,2.67766,5.84076,0.311842,3.14343,7.55825,0.0972771,3.63127,9.58578,0.0303237,4.15787,12.0912,0.00945211,4.73731,15.2286,0.00294633,5.38238,19.1721,0.000918508,6.10553,24.134,0.000286163,6.91951,30.3791,8.92692e-05,7.83792,38.2397,2.78121e-05,8.87555,48.1338,8.65134e-06,10.0489,60.5876,2.7882e-06,11.3761,76.2629,8.29036e-07,12.8779,95.9927,2.4373e-07,14.5775,120.825,1e-08,16.5012,152.08,1.75749e-07,18.6784,191.415,1e-08,21.1428,240.917,1.91829e-07,23.9322,303.213,1e-08,27.0895,381.602,7.0186e-08,30.6634,480.231,1e-08,34.7087,604.316,2.40784e-07,39.2876,760.401,9.87368e-08,44.4705,956.705,1.22263e-07,50.3371,1203.54,1e-08,56.9776,1513.81,1e-08,64.494,1903.69,1e-08,73.0018,2393.4,3.9185e-07,82.6317,3008.13,1.35379e-07,93.5318,3779.25,1e-08,105.869,4745.7,2.06965e-08,119.834,5955.6,1e-08,135.641,7468.12,1e-08,153.531,9355.62,2.00739e-07,173.781,11705.8,2.28358e-07,196.701,14624.1,1e-08,222.642,18235,1e-08,252.003,22683.4,1e-08,285.234,28134,1e-08,322.845,34767,2.34258e-07,365.413,42770.9,2.99668e-07,413.588,52327.9,8.28644e-08,468.111,63591.2,1e-08,529.814,76653.2,1e-08,599.642,91502.5,1e-08,678.662,107975,2.26339e-07,768.083,125705,3.69212e-07,869.267,144088,2.04077e-07,983.76,162277,1e-08,1113.3,179223,1e-08,1259.87,193777,1e-08,1425.68,204839,4.55555e-07,6.2823,3.27286,2.43537,0.219672,6.18826,2.24117,0.56371,6.87772,2.63624,0.308279,13,17,10,1,6,1,1,10,0,11,5,1,2,4,0,3,8,0,4,22,0,7,17,0,4,19,0,5,23,0,4,39,0,11,44,0,14,96,0,10,97,0,14,117,0,32,36,0,10,211,0,40,294,0,13,363,0,23,178,0,24,526,0,18,208,0,47,683,0,28,830,0,41,466,0,39,1178,0,41,1006,0,65,2809,0,100,2577,0,50,3192,0,175,5437,0,113,3344,0,134,5804,0,179,8173,0,169,11361,0,184,7179,0,186,14140,0,322,28043,0,112,23249,0,138,47780,0,527,43636,0,337,57263,0,380,40381,0,344,45740,0,296,110043,0,935,123870,0,1183,50884,0,562,146206,0,870,67164,0,322,138311,0,1080,122093,0,637,90522,0,888,173729,0
-1.05176e+08,1,8.88811e-15,10,1023,0,1.05176e+08,0.528882,1.08665,0.389689,0.145397,0.379329,3.24381,0.161596,0.446195,1.77396,0.159177,1.15e+07,4.49998e+06,6.79999e+06,1.15e+07,4.49997e+06,6.79999e+06,1.15e+07,4.49996e+06,6.79999e+06,1.15e+07,4.49995e+06,6.79999e+06,1.14999e+07,4.49993e+06,6.79999e+06,1.14999e+07,4.49991e+06,6.79999e+06,1.14999e+07,4.49989e+06,6.79999e+06,1.14999e+07,4.49986e+06,6.79999e+06,1.14999e+07,4.49982e+06,6.79999e+06,1.14999e+07,4.49977e+06,6.79999e+06,1.14999e+07,4.49971e+06,6.79999e+06,1.14999e+07,4.49963e+06,6.79999e+06,1.14998e+07,4.49953e+06,6.79999e+06,1.14998e+07,4.49941e+06,6.79999e+06,1.14998e+07,4.49926e+06,6.79999e+06,1.14998e+07,4.49906e+06,6.79999e+06,1.14997e+07,4.49882e+06,6.79999e+06,1.14997e+07,4.49851e+06,6.79999e+06,1.14997e+07,4.49812e+06,6.79999e+06,1.14996e+07,4.49764e+06,6.79999e+06,1.14996e+07,4.49702e+06,6.79999e+06,1.14995e+07,4.49625e+06,6.79999e+06,1.14995e+07,4.49528e+06,6.79999e+06,1.14994e+07,4.49406e+06,6.79999e+06,1.14993e+07,4.49253e+06,6.79999e+06,1.14992e+07,4.49059e+06,6.79999e+06,1.14991e+07,4.48817e+06,6.79999e+06,1.1499e+07,4.48511e+06,6.79999e+06,1.14988e+07,4.48128e+06,6.79999e+06,1.14987e+07,4.47646e+06,6.79999e+06,1.14985e+07,4.47041e+06,6.79999e+06,1.14983e+07,4.46281e+06,6.79999e+06,1.14981e+07,4.4533e+06,6.79999e+06,1.14979e+07,4.44138e+06,6.79999e+06,1.14976e+07,4.42649e+06,6.79999e+06,1.14972e+07,4.40789e+06,6.79999e+06,1.14969e+07,4.38471e+06,6.79999e+06,1.14965e+07,4.35592e+06,6.79999e+06,1.1496e+07,4.32027e+06,6.79999e+06,1.14955e+07,4.27629e+06,6.79999e+06,1.14949e+07,4.22231e+06,6.79999e+06,1.14942e+07,4.15647e+06,6.79999e+06,1.14934e+07,4.07676e+06,6.79999e+06,1.14926e+07,3.98112e+06,6.79999e+06,1.14916e+07,3.86765e+06,6.79999e+06,1.14905e+07,3.73474e+06,6.79999e+06,1.14892e+07,3.58148e+06,6.79999e+06,1.14878e+07,3.40785e+06,6.79999e+06,1.14862e+07,3.21513e+06,6.79999e+06,1.14844e+07,3.00605e+06,6.79999e+06,1.14823e+07,2.7848e+06,6.79999e+06,1.148e+07,2.5568e+06,6.79999e+06,1.14773e+07,2.32825e+06,6.79999e+06,13.5742,8.52444,0.508366,16.8306,13.2585,0.162638,20.0035,17.569,0.0507846,23.2616,22.4214,0.0158319,26.7328,28.3297,0.00493498,30.5212,35.6974,0.00153831,34.7178,44.9473,0.000479527,39.4086,56.5822,0.000149456,44.6796,71.2245,4.66214e-05,50.6209,89.6543,1.45419e-05,57.3297,112.852,4.54748e-06,64.9129,142.051,1.43857e-06,73.4897,178.803,4.36618e-07,83.1934,225.062,1.40153e-07,94.1745,283.286,4.96378e-08,106.602,356.568,1.05434e-07,120.669,448.799,-6.49244e-08,136.59,564.873,1.70148e-07,154.611,710.948,-5.34594e-08,175.008,894.767,1.63407e-07,198.097,1126.06,8.04804e-08,224.231,1417.07,1.14667e-07,253.813,1783.15,-1.71227e-07,287.297,2243.62,-2.88466e-07,325.198,2822.67,-4.33651e-07,368.098,3550.67,7.9318e-08,416.657,4465.65,3.13319e-07,471.621,5615.16,3.4613e-07,533.835,7058.61,-1.19199e-07,604.255,8870.02,-2.79964e-07,683.962,11141.4,-2.30521e-07,774.182,13986.7,-2.55099e-07,876.299,17546.4,1.23585e-07,991.883,21993.1,1.41192e-07,1122.71,27536.7,-9.71886e-08,1270.78,34430.7,-3.68368e-07,1438.38,42977.7,-3.45379e-07,1628.07,53532.7,-3.25328e-09,1842.77,66504.6,2.6362e-07,2085.77,82350.2,2.53445e-07,2360.79,101560,-2.47407e-08,2672.05,124632,-3.80602e-07,3024.31,152018,-4.79005e-07,3422.98,184060,-1.14379e-07,3874.15,220884,2.64297e-07,4384.72,262283,3.44131e-07,4962.49,307576,7.5349e-08,5616.29,355497,-3.63097e-07,6356.1,404126,-6.05442e-07,7193.18,450932,-2.72333e-07,8140.28,492963,2.29675e-07,9211.79,527178,4.3387e-07,10424,550893,-1.0711e-07,10.102,8.06553,2.81012,10.6436,8.57909,0.869423,11.5336,10.2515,0.270869,12.7211,12.7138,0.0844293,14.1823,15.9373,0.0263173,15.9122,20.0383,0.0082035,17.9198,25.2154,0.00255722,20.2244,31.7373,0.000797017,22.8539,39.9486,0.000248622,25.8438,50.2851,7.75492e-05,29.237,63.2963,2.42508e-05,33.0837,79.6738,7.67162e-06,37.4415,100.288,2.32837e-06,42.3767,126.236,7.33e-07,47.9646,158.896,2.79256e-07,54.2906,200.003,9.87351e-09,61.452,251.741,1.61085e-07,69.5585,316.859,-2.47141e-07,78.7347,398.812,8.93552e-08,89.1218,501.948,-2.53231e-07,100.879,631.736,-1.25047e-07,114.188,795.049,-1.78808e-07,129.252,1000.53,2.6733e-07,146.304,1259.03,4.50292e-07,165.605,1584.19,6.76904e-07,187.452,1993.12,-1.23808e-07,212.181,2507.27,-4.89068e-07,240.173,3153.54,-5.40284e-07,271.856,3965.56,1.86061e-07,307.719,4985.38,4.37004e-07,348.313,6265.4,3.59828e-07,394.26,7870.83,3.98192e-07,446.268,9882.51,-1.92908e-07,505.135,12400.3,-2.20392e-07,571.766,15546.9,1.51705e-07,647.184,19472.2,5.74996e-07,732.547,24357.4,5.39112e-07,829.167,30420,5.07815e-09,938.526,37916.3,-4.11492e-07,1062.3,47143.9,-3.9561e-07,1202.4,58439.2,3.86185e-08,1360.96,72169.3,5.94093e-07,1540.42,88715.8,7.47693e-07,1743.53,108445,1.78537e-07,1973.41,131665,-4.12549e-07,2233.57,158557,-5.37164e-07,2528,189103,-1.17615e-07,2861.2,222986,5.66769e-07,3238.27,259510,9.45053e-07,3664.97,297540,4.25093e-07,4147.81,335497,-3.58506e-07,4694.17,371444,-6.7724e-07,5312.37,403256,1.67192e-07,1.61744,3.89446,9.84394,3.28846,7.5504,12.774,5.07607,11.7187,13.6844,7.03202,16.8147,13.9681,9.20215,23.1769,14.0566,11.6301,31.1672,14.0841,14.3598,41.2186,14.0927,17.4376,53.8688,14.0954,20.9137,69.7915,14.0962,24.8432,89.8341,14.0965,29.2879,115.063,14.0966,34.3168,146.819,14.0966,40.0078,186.792,14.0966,46.4487,237.107,14.0966,53.7388,300.44,14.0966,61.9903,380.158,14.0966,71.3301,480.499,14.0966,81.902,606.796,14.0966,93.8685,765.761,14.0966,107.414,965.837,14.0966,122.746,1217.65,14.0966,140.101,1534.57,14.0966,159.745,1933.41,14.0966,181.981,2435.3,14.0966,207.15,3066.85,14.0966,235.64,3861.46,14.0966,267.889,4861.11,14.0966,304.391,6118.54,14.0966,345.709,7699.91,14.0966,392.478,9688.22,14.0966,445.417,12187.5,14.0966,505.339,15327.7,14.0966,573.165,19271.6,14.0966,649.938,24222,14.0966,736.839,30430.9,14.0966,835.202,38211.5,14.0966,946.539,47950.3,14.0966,1072.56,60122.8,14.0966,1215.21,75309.9,14.0966,1376.66,94216.2,14.0966,1559.41,117688,14.0966,1766.26,146729,14.0966,2000.39,182510,14.0966,2265.39,226372,14.0966,2565.33,279806,14.0966,2904.81,344416,14.0966,3289.05,421845,14.0966,3723.93,513667,14.0966,4216.13,621231,14.0966,4773.18,745478,14.0966,5403.64,886744,14.0966,6117.15,1.04457e+06,14.0966,6924.63,1.2176e+06,14.0966,11.7194,11.96,12.6541,13.9321,16.1295,13.6434,16.6097,21.9702,13.9553,19.7532,29.5285,14.0526,23.3844,39.1143,14.0829,27.5423,51.2054,14.0923,32.2796,66.434,14.0953,37.662,85.6061,14.0962,43.7675,109.74,14.0965,50.687,140.119,14.0966,58.5249,178.359,14.0966,67.4005,226.493,14.0966,77.4493,287.08,14.0966,88.8254,363.343,14.0966,101.703,459.336,14.0966,116.281,580.161,14.0966,132.782,732.241,14.0966,151.46,923.655,14.0966,172.603,1164.57,14.0966,196.535,1467.79,14.0966,223.625,1849.39,14.0966,254.288,2329.62,14.0966,288.997,2933.93,14.0966,328.285,3694.33,14.0966,372.755,4651.04,14.0966,423.092,5854.57,14.0966,480.07,7368.38,14.0966,544.564,9272.08,14.0966,617.566,11665.5,14.0966,700.197,14673.6,14.0966,793.729,18452.9,14.0966,899.599,23198.6,14.0966,1019.43,29154.1,14.0966,1155.07,36622.3,14.0966,1308.6,45977.9,14.0966,1482.39,57683.7,14.0966,1679.09,72307.8,14.0966,1901.73,90542.8,14.0966,2153.73,113226,14.0966,2438.97,141360,14.0966,2761.81,176127,14.0966,3127.22,218898,14.0966,3540.81,271226,14.0966,4008.92,334817,14.0966,4538.74,411470,14.0966,5138.38,502973,14.0966,5817.04,610948,14.0966,6585.12,736653,14.0966,7454.39,880741,14.0966,8438.15,1.04302e+06,14.0966,9551.45,1.22224e+06,14.0966,10811.3,1.41602e+06,14.0966,12237,1.62086e+06,14.0966,11.7194,11.96,12.6541,2.21263,4.16949,0.989383,2.67766,5.84076,0.311842,3.14343,7.55825,0.0972771,3.63127,9.58578,0.0303237,4.15787,12.0912,0.00945211,4.73731,15.2286,0.00294633,5.38238,19.1721,0.000918508,6.10553,24.134,0.000286163,6.91951,30.3791,8.92692e-05,7.83792,38.2397,2.78121e-05,8.87555,48.1338,8.65134e-06,10.0489,60.5876,2.7882e-06,11.3761,76.2629,8.29036e-07,12.8779,95.9927,2.4373e-07,14.5775,120.825,4.33068e-09,16.5012,152.08,1.75749e-07,18.6784,191.415,-1.86328e-07,21.1428,240.917,1.91829e-07,23.9322,303.213,-1.81475e-07,27.0895,381.602,7.0186e-08,30.6634,480.231,-2.86769e-08,34.7087,604.316,2.40784e-07,39.2876,760.401,9.87368e-08,44.4705,956.705,1.22263e-07,50.3371,1203.54,-4.31966e-07,56.9776,1513.81,-1.9705e-07,64.494,1903.69,-2.763e-08,73.0018,2393.4,3.9185e-07,82.6317,3008.13,1.35379e-07,93.5318,3779.25,-4.16351e-08,105.869,4745.7,2.06965e-08,119.834,5955.6,-3.18887e-07,135.641,7468.12,-1.48271e-08,153.531,9355.62,2.00739e-07,173.781,11705.8,2.28358e-07,196.701,14624.1,-1.93587e-08,222.642,18235,-2.88101e-07,252.003,22683.4,-2.24732e-07,285.234,28134,8.56806e-09,322.845,34767,2.34258e-07,365.413,42770.9,2.99668e-07,413.588,52327.9,8.28644e-08,468.111,63591.2,-3.07049e-07,529.814,76653.2,-3.1888e-07,599.642,91502.5,-6.72276e-08,678.662,107975,2.26339e-07,768.083,125705,3.69212e-07,869.267,144088,2.04077e-07,983.76,162277,-2.80509e-07,1113.3,179223,-4.22737e-07,1259.87,193777,-1.71951e-07,1425.68,204839,4.55555e-07,11.7194,11.96,12.6541,2.21263,4.16949,0.989383,2.67766,5.84076,0.311842,3.14343,7.55825,0.0972771,3.63127,9.58578,0.0303237,4.15787,12.0912,0.00945211,4.73731,15.2286,0.00294633,5.38238,19.1721,0.000918508,6.10553,24.134,0.000286163,6.91951,30.3791,8.92692e-05,7.83792,38.2397,2.78121e-05,8.87555,48.1338,8.65134e-06,10.0489,60.5876,2.7882e-06,11.3761,76.2629,8.29036e-07,12.8779,95.9927,2.4373e-07,14.5775,120.825,1e-08,16.5012,152.08,1.75749e-07,18.6784,191.415,1e-08,21.1428,240.917,1.91829e-07,23.9322,303.213,1e-08,27.0895,381.602,7.0186e-08,30.6634,480.231,1e-08,34.7087,604.316,2.40784e-07,39.2876,760.401,9.87368e-08,44.4705,956.705,1.22263e-07,50.3371,1203.54,1e-08,56.9776,1513.81,1e-08,64.494,1903.69,1e-08,73.0018,2393.4,3.9185e-07,82.6317,3008.13,1.35379e-07,93.5318,3779.25,1e-08,105.869,4745.7,2.06965e-08,119.834,5955.6,1e-08,135.641,7468.12,1e-08,153.531,9355.62,2.00739e-07,173.781,11705.8,2.28358e-07,196.701,14624.1,1e-08,222.642,18235,1e-08,252.003,22683.4,1e-08,285.234,28134,1e-08,322.845,34767,2.34258e-07,365.413,42770.9,2.99668e-07,413.588,52327.9,8.28644e-08,468.111,63591.2,1e-08,529.814,76653.2,1e-08,599.642,91502.5,1e-08,678.662,107975,2.26339e-07,768.083,125705,3.69212e-07,869.267,144088,2.04077e-07,983.76,162277,1e-08,1113.3,179223,1e-08,1259.87,193777,1e-08,1425.68,204839,4.55555e-07,6.2823,3.27286,2.43537,0.219672,6.18826,2.24117,0.56371,6.87772,2.63624,0.308279,10,9,13,2,7,1,2,12,0,6,7,0,2,4,0,1,20,0,6,17,0,1,24,0,15,21,0,11,35,0,13,50,0,2,30,0,15,26,0,28,53,0,11,90,0,21,99,0,27,172,0,12,137,0,34,352,0,45,360,0,29,282,0,24,483,0,39,471,0,20,1250,0,22,521,0,39,577,0,67,1601,0,48,1641,0,27,2004,0,61,1627,0,72,3836,0,47,3765,0,126,5852,0,115,2334,0,179,12267,0,208,9945,0,408,17076,0,197,14773,0,488,24579,0,271,25214,0,176,21541,0,394,71824,0,537,36866,0,870,52916,0,417,64257,0,373,72086,0,768,64602,0,1219,125208,0,816,76573,0,890,253411,0,1259,253927,0,1162,129504,0,1696,246390,0
-1.05176e+08,1,8.88811e-15,10,1023,0,1.05176e+08,0.528882,1.08665,0.389689,0.145397,0.379329,3.24381,0.161596,0.446195,1.77396,0.159177,1.15e+07,4.49998e+06,6.79999e+06,1.15e+07,4.49997e+06,6.79999e+06,1.15e+07,4.49996e+06,6.79999e+06,1.15e+07,4.49995e+06,6.79999e+06,1.14999e+07,4.49993e+06,6.79999e+06,1.14999e+07,4.49991e+06,6.79999e+06,1.14999e+07,4.49989e+06,6.79999e+06,1.14999e+07,4.49986e+06,6.79999e+06,1.14999e+07,4.49982e+06,6.79999e+06,1.14999e+07,4.49977e+06,6.79999e+06,1.14999e+07,4.49971e+06,6.79999e+06,1.14999e+07,4.49963e+06,6.79999e+06,1.14998e+07,4.49953e+06,6.79999e+06,1.14998e+07,4.49941e+06,6.79999e+06,1.14998e+07,4.49926e+06,6.79999e+06,1.14998e+07,4.49906e+06,6.79999e+06,1.14997e+07,4.49882e+06,6.79999e+06,1.14997e+07,4.49851e+06,6.79999e+06,1.14997e+07,4.49812e+06,6.79999e+06,1.14996e+07,4.49764e+06,6.79999e+06,1.14996e+07,4.49702e+06,6.79999e+06,1.14995e+07,4.49625e+06,6.79999e+06,1.14995e+07,4.49528e+06,6.79999e+06,1.14994e+07,4.49406e+06,6.79999e+06,1.14993e+07,4.49253e+06,6.79999e+06,1.14992e+07,4.49059e+06,6.79999e+06,1.14991e+07,4.48817e+06,6.79999e+06,1.1499e+07,4.48511e+06,6.79999e+06,1.14988e+07,4.48128e+06,6.79999e+06,1.14987e+07,4.47646e+06,6.79999e+06,1.14985e+07,4.47041e+06,6.79999e+06,1.14983e+07,4.46281e+06,6.79999e+06,1.14981e+07,4.4533e+06,6.79999e+06,1.14979e+07,4.44138e+06,6.79999e+06,1.14976e+07,4.42649e+06,6.79999e+06,1.14972e+07,4.40789e+06,6.79999e+06,1.14969e+07,4.38471e+06,6.79999e+06,1.14965e+07,4.35592e+06,6.79999e+06,1.1496e+07,4.32027e+06,6.79999e+06,1.14955e+07,4.27629e+06,6.79999e+06,1.14949e+07,4.22231e+06,6.79999e+06,1.14942e+07,4.15647e+06,6.79999e+06,1.14934e+07,4.07676e+06,6.79999e+06,1.14926e+07,3.98112e+06,6.79999e+06,1.14916e+07,3.86765e+06,6.79999e+06,1.14905e+07,3.73474e+06,6.79999e+06,1.14892e+07,3.58148e+06,6.79999e+06,1.14878e+07,3.40785e+06,6.79999e+06,1.14862e+07,3.21513e+06,6.79999e+06,1.14844e+07,3.00605e+06,6.79999e+06,1.14823e+07,2.7848e+06,6.79999e+06,1.148e+07,2.5568e+06,6.79999e+06,1.14773e+07,2.32825e+06,6.79999e+06,13.5742,8.52444,0.508366,16.8306,13.2585,0.162638,20.0035,17.569,0.0507846,23.2616,22.4214,0.0158319,26.7328,28.3297,0.00493498,30.5212,35.6974,0.00153831,34.7178,44.9473,0.000479527,39.4086,56.5822,0.000149456,44.6796,71.2245,4.66214e-05,50.6209,89.6543,1.45419e-05,57.3297,112.852,4.54748e-06,64.9129,142.051,1.43857e-06,73.4897,178.803,4.36618e-07,83.1934,225.062,1.40153e-07,94.1745,283.286,4.96378e-08,106.602,356.568,1.05434e-07,120.669,448.799,-6.49244e-08,136.59,564.873,1.70148e-07,154.611,710.948,-5.34594e-08,175.008,894.767,1.63407e-07,198.097,1126.06,8.04804e-08,224.231,1417.07,1.14667e-07,253.813,1783.15,-1.71227e-07,287.297,2243.62,-2.88466e-07,325.198,2822.67,-4.33651e-07,368.098,3550.67,7.9318e-08,416.657,4465.65,3.13319e-07,471.621,5615.16,3.4613e-07,533.835,7058.61,-1.19199e-07,604.255,8870.02,-2.79964e-07,683.962,11141.4,-2.30521e-07,774.182,13986.7,-2.55099e-07,876.299,17546.4,1.23585e-07,991.883,21993.1,1.41192e-07,1122.71,27536.7,-9.71886e-08,1270.78,34430.7,-3.68368e-07,1438.38,42977.7,-3.45379e-07,1628.07,53532.7,-3.25328e-09,1842.77,66504.6,2.6362e-07,2085.77,82350.2,2.53445e-07,2360.79,101560,-2.47407e-08,2672.05,124632,-3.80602e-07,3024.31,152018,-4.79005e-07,3422.98,184060,-1.14379e-07,3874.15,220884,2.64297e-07,4384.72,262283,3.44131e-07,4962.49,307576,7.5349e-08,5616.29,355497,-3.63097e-07,6356.1,404126,-6.05442e-07,7193.18,450932,-2.72333e-07,8140.28,492963,2.29675e-07,9211.79,527178,4.3387e-07,10424,550893,-1.0711e-07,10.102,8.06553,2.81012,10.6436,8.57909,0.869423,11.5336,10.2515,0.270869,12.7211,12.7138,0.0844293,14.1823,15.9373,0.0263173,15.9122,20.0383,0.0082035,17.9198,25.2154,0.00255722,20.2244,31.7373,0.000797017,22.8539,39.9486,0.000248622,25.8438,50.2851,7.75492e-05,29.237,63.2963,2.42508e-05,33.0837,79.6738,7.67162e-06,37.4415,100.288,2.32837e-06,42.3767,126.236,7.33e-07,47.9646,158.896,2.79256e-07,54.2906,200.003,9.87351e-09,61.452,251.741,1.61085e-07,69.5585,316.859,-2.47141e-07,78.7347,398.812,8.93552e-08,89.1218,501.948,-2.53231e-07,100.879,631.736,-1.25047e-07,114.188,795.049,-1.78808e-07,129.252,1000.53,2.6733e-07,146.304,1259.03,4.50292e-07,165.605,1584.19,6.76904e-07,187.452,1993.12,-1.23808e-07,212.181,2507.27,-4.89068e-07,240.173,3153.54,-5.40284e-07,271.856,3965.56,1.86061e-07,307.719,4985.38,4.37004e-07,348.313,6265.4,3.59828e-07,394.26,7870.83,3.98192e-07,446.268,9882.51,-1.92908e-07,505.135,12400.3,-2.20392e-07,571.766,15546.9,1.51705e-07,647.184,19472.2,5.74996e-07,732.547,24357.4,5.39112e-07,829.167,30420,5.07815e-09,938.526,37916.3,-4.11492e-07,1062.3,47143.9,-3.9561e-07,1202.4,58439.2,3.86185e-08,1360.96,72169.3,5.94093e-07,1540.42,88715.8,7.47693e-07,1743.53,108445,1.78537e-07,1973.41,131665,-4.12549e-07,2233.57,158557,-5.37164e-07,2528,189103,-1.17615e-07,2861.2,222986,5.66769e-07,3238.27,259510,9.45053e-07,3664.97,297540,4.25093e-07,4147.81,335497,-3.58506e-07,4694.17,371444,-6.7724e-07,5312.37,403256,1.67192e-07,1.61744,3.89446,9.84394,3.28846,7.5504,12.774,5.07607,11.7187,13.6844,7.03202,16.8147,13.9681,9.20215,23.1769,14.0566,11.6301,31.1672,14.0841,14.3598,41.2186,14.0927,17.4376,53.8688,14.0954,20.9137,69.7915,14.0962,24.8432,89.8341,14.0965,29.2879,115.063,14.0966,34.3168,146.819,14.0966,40.0078,186.792,14.0966,46.4487,237.107,14.0966,53.7388,300.44,14.0966,61.9903,380.158,14.0966,71.3301,480.499,14.0966,81.902,606.796,14.0966,93.8685,765.761,14.0966,107.414,965.837,14.0966,122.746,1217.65,14.0966,140.101,1534.57,14.0966,159.745,1933.41,14.0966,181.981,2435.3,14.0966,207.15,3066.85,14.0966,235.64,3861.46,14.0966,267.889,4861.11,14.0966,304.391,6118.54,14.0966,345.709,7699.91,14.0966,392.478,9688.22,14.0966,445.417,12187.5,14.0966,505.339,15327.7,14.0966,573.165,19271.6,14.0966,649.938,24222,14.0966,736.839,30430.9,14.0966,835.202,38211.5,14.0966,946.539,47950.3,14.0966,1072.56,60122.8,14.0966,1215.21,75309.9,14.0966,1376.66,94216.2,14.0966,1559.41,117688,14.0966,1766.26,146729,14.0966,2000.39,182510,14.0966,2265.39,226372,14.0966,2565.33,279806,14.0966,2904.81,344416,14.0966,3289.05,421845,14.0966,3723.93,513667,14.0966,4216.13,621231,14.0966,4773.18,745478,14.0966,5403.64,886744,14.0966,6117.15,1.04457e+06,14.0966,6924.63,1.2176e+06,14.0966,11.7194,11.96,12.6541,13.9321,16.1295,13.6434,16.6097,21.9702,13.9553,19.7532,29.5285,14.0526,23.3844,39.1143,14.0829,27.5423,51.2054,14.0923,32.2796,66.434,14.0953,37.662,85.6061,14.0962,43.7675,109.74,14.0965,50.687,140.119,14.0966,58.5249,178.359,14.0966,67.4005,226.493,14.0966,77.4493,287.08,14.0966,88.8254,363.343,14.0966,101.703,459.336,14.0966,116.281,580.161,14.0966,132.782,732.241,14.0966,151.46,923.655,14.0966,172.603,1164.57,14.0966,196.535,1467.79,14.0966,223.625,1849.39,14.0966,254.288,2329.62,14.0966,288.997,2933.93,14.0966,328.285,3694.33,14.0966,372.755,4651.04,14.0966,423.092,5854.57,14.0966,480.07,7368.38,14.0966,544.564,9272.08,14.0966,617.566,11665.5,14.0966,700.197,14673.6,14.0966,793.729,18452.9,14.0966,899.599,23198.6,14.0966,1019.43,29154.1,14.0966,1155.07,36622.3,14.0966,1308.6,45977.9,14.0966,1482.39,57683.7,14.0966,1679.09,72307.8,14.0966,1901.73,90542.8,14.0966,2153.73,113226,14.0966,2438.97,141360,14.0966,2761.81,176127,14.0966,3127.22,218898,14.0966,3540.81,271226,14.0966,4008.92,334817,14.0966,4538.74,411470,14.0966,5138.38,502973,14.0966,5817.04,610948,14.0966,6585.12,736653,14.0966,7454.39,880741,14.0966,8438.15,1.04302e+06,14.0966,9551.45,1.22224e+06,14.0966,10811.3,1.41602e+06,14.0966,12237,1.62086e+06,14.0966,11.7194,11.96,12.6541,2.21263,4.16949,0.989383,2.67766,5.84076,0.311842,3.14343,7.55825,0.0972771,3.63127,9.58578,0.0303237,4.15787,12.0912,0.00945211,4.73731,15.2286,0.00294633,5.38238,19.1721,0.000918508,6.10553,24.134,0.000286163,6.91951,30.3791,8.92692e-05,7.83792,38.2397,2.78121e-05,8.87555,48.1338,8.65134e-06,10.0489,60.5876,2.7882e-06,11.3761,76.2629,8.29036e-07,12.8779,95.9927,2.4373e-07,14.5775,120.825,4.33068e-09,16.5012,152.08,1.75749e-07,18.6784,191.415,-1.86328e-07,21.1428,240.917,1.91829e-07,23.9322,303.213,-1.81475e-07,27.0895,381.602,7.0186e-08,30.6634,480.231,-2.86769e-08,34.7087,604.316,2.40784e-07,39.2876,760.401,9.87368e-08,44.4705,956.705,1.22263e-07,50.3371,1203.54,-4.31966e-07,56.9776,1513.81,-1.9705e-07,64.494,1903.69,-2.763e-08,73.0018,2393.4,3.9185e-07,82.6317,3008.13,1.35379e-07,93.5318,3779.25,-4.16351e-08,105.869,4745.7,2.06965e-08,119.834,5955.6,-3.18887e-07,135.641,7468.12,-1.48271e-08,153.531,9355.62,2.00739e-07,173.781,11705.8,2.28358e-07,196.701,14624.1,-1.93587e-08,222.642,18235,-2.88101e-07,252.003,22683.4,-2.24732e-07,285.234,28134,8.56806e-09,322.845,34767,2.34258e-07,365.413,42770.9,2.99668e-07,413.588,52327.9,8.28644e-08,468.111,63591.2,-3.07049e-07,529.814,76653.2,-3.1888e-07,599.642,91502.5,-6.72276e-08,678.662,107975,2.26339e-07,768.083,125705,3.69212e-07,869.267,144088,2.04077e-07,983.76,162277,-2.80509e-07,1113.3,179223,-4.22737e-07,1259.87,193777,-1.71951e-07,1425.68,204839,4.55555e-07,11.7194,11.96,12.6541,2.21263,4.16949,0.989383,2.67766,5.84076,0.311842,3.14343,7.55825,0.0972771,3.63127,9.58578,0.0303237,4.15787,12.0912,0.00945211,4.73731,15.2286,0.00294633,5.38238,19.1721,0.000918508,6.10553,24.134,0.000286163,6.91951,30.3791,8.92692e-05,7.83792,38.2397,2.78121e-05,8.87555,48.1338,8.65134e-06,10.0489,60.5876,2.7882e-06,11.3761,76.2629,8.29036e-07,12.8779,95.9927,2.4373e-07,14.5775,120.825,1e-08,16.5012,152.08,1.75749e-07,18.6784,191.415,1e-08,21.1428,240.917,1.91829e-07,23.9322,303.213,1e-08,27.0895,381.602,7.0186e-08,30.6634,480.231,1e-08,34.7087,604.316,2.40784e-07,39.2876,760.401,9.87368e-08,44.4705,956.705,1.22263e-07,50.3371,1203.54,1e-08,56.9776,1513.81,1e-08,64.494,1903.69,1e-08,73.0018,2393.4,3.9185e-07,82.6317,3008.13,1.35379e-07,93.5318,3779.25,1e-08,105.869,4745.7,2.06965e-08,119.834,5955.6,1e-08,135.641,7468.12,1e-08,153.531,9355.62,2.00739e-07,173.781,11705.8,2.28358e-07,196.701,14624.1,1e-08,222.642,18235,1e-08,252.003,22683.4,1e-08,285.234,28134,1e-08,322.845,34767,2.34258e-07,365.413,42770.9,2.99668e-07,413.588,52327.9,8.28644e-08,468.111,63591.2,1e-08,529.814,76653.2,1e-08,599.642,91502.5,1e-08,678.662,107975,2.26339e-07,768.083,125705,3.69212e-07,869.267,144088,2.04077e-07,983.76,162277,1e-08,1113.3,179223,1e-08,1259.87,193777,1e-08,1425.68,204839,4.55555e-07,6.2823,3.27286,2.43537,0.219672,6.18826,2.24117,0.56371,6.87772,2.63624,0.308279,15,18,17,3,3,1,2,9,0,4,7,0,11,14,0,0,7,0,5,13,0,7,8,0,2,27,0,6,32,0,8,13,0,7,37,0,7,75,0,21,58,0,6,71,0,10,66,0,4,123,0,11,231,0,38,325,0,15,317,0,28,378,0,35,885,0,21,484,0,26,277,0,34,483,0,49,1319,0,37,1043,0,69,1443,0,48,2365,0,128,4279,0,84,3166,0,66,1126,0,156,8456,0,249,4649,0,264,3067,0,173,12283,0,322,18651,0,128,8064,0,125,32415,0,377,32480,0,209,48973,0,491,24557,0,484,25271,0,408,48610,0,506,18144,0,760,94374,0,429,137199,0,458,148279,0,920,75255,0,1209,187083,0,1702,199091,0,1589,197109,0,2013,227791,0
-1.05176e+08,1,8.88811e-15,10,1023,0,1.05176e+08,0.528882,1.08665,0.389689,0.145397,0.379329,3.24381,0.161596,0.446195,1.77396,0.159177,1.15e+07,4.49998e+06,6.79999e+06,1.15e+07,4.49997e+06,6.79999e+06,1.15e+07,4.49996e+06,6.79999e+06,1.15e+07,4.49995e+06,6.79999e+06,1.14999e+07,4.49993e+06,6.79999e+06,1.14999e+07,4.49991e+06,6.79999e+06,1.14999e+07,4.49989e+06,6.79999e+06,1.14999e+07,4.49986e+06,6.79999e+06,1.14999e+07,4.49982e+06,6.79999e+06,1.14999e+07,4.49977e+06,6.79999e+06,1.14999e+07,4.49971e+06,6.79999e+06,1.14999e+07,4.49963e+06,6.79999e+06,1.14998e+07,4.49953e+06,6.79999e+06,1.14998e+07,4.49941e+06,6.79999e+06,1.14998e+07,4.49926e+06,6.79999e+06,1.14998e+07,4.49906e+06,6.79999e+06,1.14997e+07,4.49882e+06,6.79999e+06,1.14997e+07,4.49851e+06,6.79999e+06,1.14997e+07,4.49812e+06,6.79999e+06,1.14996e+07,4.49764e+06,6.79999e+06,1.14996e+07,4.49702e+06,6.79999e+06,1.14995e+07,4.49625e+06,6.79999e+06,1.14995e+07,4.49528e+06,6.79999e+06,1.14994e+07,4.49406e+06,6.79999e+06,1.14993e+07,4.49253e+06,6.79999e+06,1.14992e+07,4.49059e+06,6.79999e+06,1.14991e+07,4.48817e+06,6.79999e+06,1.1499e+07,4.48511e+06,6.79999e+06,1.14988e+07,4.48128e+06,6.79999e+06,1.14987e+07,4.47646e+06,6.79999e+06,1.14985e+07,4.47041e+06,6.79999e+06,1.14983e+07,4.46281e+06,6.79999e+06,1.14981e+07,4.4533e+06,6.79999e+06,1.14979e+07,4.44138e+06,6.79999e+06,1.14976e+07,4.42649e+06,6.79999e+06,1.14972e+07,4.40789e+06,6.79999e+06,1.14969e+07,4.38471e+06,6.79999e+06,1.14965e+07,4.35592e+06,6.79999e+06,1.1496e+07,4.32027e+06,6.79999e+06,1.14955e+07,4.27629e+06,6.79999e+06,1.14949e+07,4.22231e+06,6.79999e+06,1.14942e+07,4.15647e+06,6.79999e+06,1.14934e+07,4.07676e+06,6.79999e+06,1.14926e+07,3.98112e+06,6.79999e+06,1.14916e+07,3.86765e+06,6.79999e+06,1.14905e+07,3.73474e+06,6.79999e+06,1.14892e+07,3.58148e+06,6.79999e+06,1.14878e+07,3.40785e+06,6.79999e+06,1.14862e+07,3.21513e+06,6.79999e+06,1.14844e+07,3.00605e+06,6.79999e+06,1.14823e+07,2.7848e+06,6.79999e+06,1.148e+07,2.5568e+06,6.79999e+06,1.14773e+07,2.32825e+06,6.79999e+06,13.5742,8.52444,0.508366,16.8306,13.2585,0.162638,20.0035,17.569,0.0507846,23.2616,22.4214,0.0158319,26.7328,28.3297,0.00493498,30.5212,35.6974,0.00153831,34.7178,44.9473,0.000479527,39.4086,56.5822,0.000149456,44.6796,71.2245,4.66214e-05,50.6209,89.6543,1.45419e-05,57.3297,112.852,4.54748e-06,64.9129,142.051,1.43857e-06,73.4897,178.803,4.36618e-07,83.1934,225.062,1.40153e-07,94.1745,283.286,4.96378e-08,106.602,356.568,1.05434e-07,120.669,448.799,-6.49244e-08,136.59,564.873,1.70148e-07,154.611,710.948,-5.34594e-08,175.008,894.767,1.63407e-07,198.097,1126.06,8.04804e-08,224.231,1417.07,1.14667e-07,253.813,1783.15,-1.71227e-07,287.297,2243.62,-2.88466e-07,325.198,2822.67,-4.33651e-07,368.098,3550.67,7.9318e-08,416.657,4465.65,3.13319e-07,471.621,5615.16,3.4613e-07,533.835,7058.61,-1.19199e-07,604.255,8870.02,-2.79964e-07,683.962,11141.4,-2.30521e-07,774.182,13986.7,-2.55099e-07,876.299,17546.4,1.23585e-07,991.883,21993.1,1.41192e-07,1122.71,27536.7,-9.71886e-08,1270.78,34430.7,-3.68368e-07,1438.38,42977.7,-3.45379e-07,1628.07,53532.7,-3.25328e-09,1842.77,66504.6,2.6362e-07,2085.77,82350.2,2.53445e-07,2360.79,101560,-2.47407e-08,2672.05,124632,-3.80602e-07,3024.31,152018,-4.79005e-07,3422.98,184060,-1.14379e-07,3874.15,220884,2.64297e-07,4384.72,262283,3.44131e-07,4962.49,307576,7.5349e-08,5616.29,355497,-3.63097e-07,6356.1,404126,-6.05442e-07,7193.18,450932,-2.72333e-07,8140.28,492963,2.29675e-07,9211.79,527178,4.3387e-07,10424,550893,-1.0711e-07,10.102,8.06553,2.81012,10.6436,8.57909,0.869423,11.5336,10.2515,0.270869,12.7211,12.7138,0.0844293,14.1823,15.9373,0.0263173,15.9122,20.0383,0.0082035,17.9198,25.2154,0.00255722,20.2244,31.7373,0.000797017,22.8539,39.9486,0.000248622,25.8438,50.2851,7.75492e-05,29.237,63.2963,2.42508e-05,33.0837,79.6738,7.67162e-06,37.4415,100.288,2.32837e-06,42.3767,126.236,7.33e-07,47.9646,158.896,2.79256e-07,54.2906,200.003,9.87351e-09,61.452,251.741,1.61085e-07,69.5585,316.859,-2.47141e-07,78.7347,398.812,8.93552e-08,89.1218,501.948,-2.53231e-07,100.879,631.736,-1.25047e-07,114.188,795.049,-1.78808e-07,129.252,1000.53,2.6733e-07,146.304,1259.03,4.50292e-07,165.605,1584.19,6.76904e-07,187.452,1993.12,-1.23808e-07,212.181,2507.27,-4.89068e-07,240.173,3153.54,-5.40284e-07,271.856,3965.56,1.86061e-07,307.719,4985.38,4.37004e-07,348.313,6265.4,3.59828e-07,394.26,7870.83,3.98192e-07,446.268,9882.51,-1.92908e-07,505.135,12400.3,-2.20392e-07,571.766,15546.9,1.51705e-07,647.184,19472.2,5.74996e-07,732.547,24357.4,5.39112e-07,829.167,30420,5.07815e-09,938.526,37916.3,-4.11492e-07,1062.3,47143.9,-3.9561e-07,1202.4,58439.2,3.86185e-08,1360.96,72169.3,5.94093e-07,1540.42,88715.8,7.47693e-07,1743.53,108445,1.78537e-07,1973.41,131665,-4.12549e-07,2233.57,158557,-5.37164e-07,2528,189103,-1.17615e-07,2861.2,222986,5.66769e-07,3238.27,259510,9.45053e-07,3664.97,297540,4.25093e-07,4147.81,335497,-3.58506e-07,4694.17,371444,-6.7724e-07,5312.37,403256,1.67192e-07,1.61744,3.89446,9.84394,3.28846,7.5504,12.774,5.07607,11.7187,13.6844,7.03202,16.8147,13.9681,9.20215,23.1769,14.0566,11.6301,31.1672,14.0841,14.3598,41.2186,14.0927,17.4376,53.8688,14.0954,20.9137,69.7915,14.0962,24.8432,89.8341,14.0965,29.2879,115.063,14.0966,34.3168,146.819,14.0966,40.0078,186.792,14.0966,46.4487,237.107,14.0966,53.7388,300.44,14.0966,61.9903,380.158,14.0966,71.3301,480.499,14.0966,81.902,606.796,14.0966,93.8685,765.761,14.0966,107.414,965.837,14.0966,122.746,1217.65,14.0966,140.101,1534.57,14.0966,159.745,1933.41,14.0966,181.981,2435.3,14.0966,207.15,3066.85,14.0966,235.64,3861.46,14.0966,267.889,4861.11,14.0966,304.391,6118.54,14.0966,345.709,7699.91,14.0966,392.478,9688.22,14.0966,445.417,12187.5,14.0966,505.339,15327.7,14.0966,573.165,19271.6,14.0966,649.938,24222,14.0966,736.839,30430.9,14.0966,835.202,38211.5,14.0966,946.539,47950.3,14.0966,1072.56,60122.8,14.0966,1215.21,75309.9,14.0966,1376.66,94216.2,14.0966,1559.41,117688,14.0966,1766.26,146729,14.0966,2000.39,182510,14.0966,2265.39,226372,14.0966,2565.33,279806,14.0966,2904.81,344416,14.0966,3289.05,421845,14.0966,3723.93,513667,14.0966,4216.13,621231,14.0966,4773.18,745478,14.0966,5403.64,886744,14.0966,6117.15,1.04457e+06,14.0966,6924.63,1.2176e+06,14.0966,11.7194,11.96,12.6541,13.9321,16.1295,13.6434,16.6097,21.9702,13.9553,19.7532,29.5285,14.0526,23.3844,39.1143,14.0829,27.5423,51.2054,14.0923,32.2796,66.434,14.0953,37.662,85.6061,14.0962,43.7675,109.74,14.0965,50.687,140.119,14.0966,58.5249,178.359,14.0966,67.4005,226.493,14.0966,77.4493,287.08,14.0966,88.8254,363.343,14.0966,101.703,459.336,14.0966,116.281,580.161,14.0966,132.782,732.241,14.0966,151.46,923.655,14.0966,172.603,1164.57,14.0966,196.535,1467.79,14.0966,223.625,1849.39,14.0966,254.288,2329.62,14.0966,288.997,2933.93,14.0966,328.285,3694.33,14.0966,372.755,4651.04,14.0966,423.092,5854.57,14.0966,480.07,7368.38,14.0966,544.564,9272.08,14.0966,617.566,11665.5,14.0966,700.197,14673.6,14.0966,793.729,18452.9,14.0966,899.599,23198.6,14.0966,1019.43,29154.1,14.0966,1155.07,36622.3,14.0966,1308.6,45977.9,14.0966,1482.39,57683.7,14.0966,1679.09,72307.8,14.0966,1901.73,90542.8,14.0966,2153.73,113226,14.0966,2438.97,141360,14.0966,2761.81,176127,14.0966,3127.22,218898,14.0966,3540.81,271226,14.0966,4008.92,334817,14.0966,4538.74,411470,14.0966,5138.38,502973,14.0966,5817.04,610948,14.0966,6585.12,736653,14.0966,7454.39,880741,14.0966,8438.15,1.04302e+06,14.0966,9551.45,1.22224e+06,14.0966,10811.3,1.41602e+06,14.0966,12237,1.62086e+06,14.0966,11.7194,11.96,12.6541,2.21263,4.16949,0.989383,2.67766,5.84076,0.311842,3.14343,7.55825,0.0972771,3.63127,9.58578,0.0303237,4.15787,12.0912,0.00945211,4.73731,15.2286,0.00294633,5.38238,19.1721,0.000918508,6.10553,24.134,0.000286163,6.91951,30.3791,8.92692e-05,7.83792,38.2397,2.78121e-05,8.87555,48.1338,8.65134e-06,10.0489,60.5876,2.7882e-06,11.3761,76.2629,8.29036e-07,12.8779,95.9927,2.4373e-07,14.5775,120.825,4.33068e-09,16.5012,152.08,1.75749e-07,18.6784,191.415,-1.86328e-07,21.1428,240.917,1.91829e-07,23.9322,303.213,-1.81475e-07,27.0895,381.602,7.0186e-08,30.6634,480.231,-2.86769e-08,34.7087,604.316,2.40784e-07,39.2876,760.401,9.87368e-08,44.4705,956.705,1.22263e-07,50.3371,1203.54,-4.31966e-07,56.9776,1513.81,-1.9705e-07,64.494,1903.69,-2.763e-08,73.0018,2393.4,3.9185e-07,82.6317,3008.13,1.35379e-07,93.5318,3779.25,-4.16351e-08,105.869,4745.7,2.06965e-08,119.834,5955.6,-3.18887e-07,135.641,7468.12,-1.48271e-08,153.531,9355.62,2.00739e-07,173.781,11705.8,2.28358e-07,196.701,14624.1,-1.93587e-08,222.642,18235,-2.88101e-07,252.003,22683.4,-2.24732e-07,285.234,28134,8.56806e-09,322.845,34767,2.34258e-07,365.413,42770.9,2.99668e-07,413.588,52327.9,8.28644e-08,468.111,63591.2,-3.07049e-07,529.814,76653.2,-3.1888e-07,599.642,91502.5,-6.72276e-08,678.662,107975,2.26339e-07,768.083,125705,3.69212e-07,869.267,144088,2.04077e-07,983.76,162277,-2.80509e-07,1113.3,179223,-4.22737e-07,1259.87,193777,-1.71951e-07,1425.68,204839,4.55555e-07,11.7194,11.96,12.6541,2.21263,4.16949,0.989383,2.67766,5.84076,0.311842,3.14343,7.55825,0.0972771,3.63127,9.58578,0.0303237,4.15787,12.0912,0.00945211,4.73731,15.2286,0.00294633,5.38238,19.1721,0.000918508,6.10553,24.134,0.000286163,6.91951,30.3791,8.92692e-05,7.83792,38.2397,2.78121e-05,8.87555,48.1338,8.65134e-06,10.0489,60.5876,2.7882e-06,11.3761,76.2629,8.29036e-07,12.8779,95.9927,2.4373e-07,14.5775,120.825,1e-08,16.5012,152.08,1.75749e-07,18.6784,191.415,1e-08,21.1428,240.917,1.91829e-07,23.9322,303.213,1e-08,27.0895,381.602,7.0186e-08,30.6634,480.231,1e-08,34.7087,604.316,2.40784e-07,39.2876,760.401,9.87368e-08,44.4705,956.705,1.22263e-07,50.3371,1203.54,1e-08,56.9776,1513.81,1e-08,64.494,1903.69,1e-08,73.0018,2393.4,3.9185e-07,82.6317,3008.13,1.35379e-07,93.5318,3779.25,1e-08,105.869,4745.7,2.06965e-08,119.834,5955.6,1e-08,135.641,7468.12,1e-08,153.531,9355.62,2.00739e-07,173.781,11705.8,2.28358e-07,196.701,14624.1,1e-08,222.642,18235,1e-08,252.003,22683.4,1e-08,285.234,28134,1e-08,322.845,34767,2.34258e-07,365.413,42770.9,2.99668e-07,413.588,52327.9,8.28644e-08,468.111,63591.2,1e-08,529.814,76653.2,1e-08,599.642,91502.5,1e-08,678.662,107975,2.26339e-07,768.083,125705,3.69212e-07,869.267,144088,2.04077e-07,983.76,162277,1e-08,1113.3,179223,1e-08,1259.87,193777,1e-08,1425.68,204839,4.55555e-07,6.2823,3.27286,2.43537,0.219672,6.18826,2.24117,0.56371,6.87772,2.63624,0.308279,23,6,9,5,1,0,4,4,0,2,8,0,3,12,0,4,14,0,5,8,0,4,19,0,14,20,0,14,22,0,14,70,0,8,57,0,8,109,0,14,52,0,15,61,0,19,84,0,20,197,0,16,164,0,26,115,0,23,356,0,36,297,0,27,718,0,23,418,0,33,675,0,41,760,0,70,1463,0,65,1414,0,35,1640,0,91,2487,0,92,2903,0,49,3338,0,61,4441,0,84,9641,0,64,8993,0,141,10412,0,266,14217,0,170,14436,0,183,19966,0,206,19225,0,350,17143,0,326,44518,0,391,66939,0,226,107054,0,514,79022,0,259,74696,0,255,150870,0,230,57455,0,656,132967,0,1199,132249,0,1493,103972,0,1053,350080,0,1303,258441,0,2218,227685,0
-1.05176e+08,1,8.88811e-15,10,1023,0,1.05176e+08,0.528882,1.08665,0.389689,0.145397,0.379329,3.24381,0.161596,0.446195,1.77396,0.159177,1.15e+07,4.49998e+06,6.79999e+06,1.15e+07,4.49997e+06,6.79999e+06,1.15e+07,4.49996e+06,6.79999e+06,1.15e+07,4.49995e+06,6.79999e+06,1.14999e+07,4.49993e+06,6.79999e+06,1.14999e+07,4.49991e+06,6.79999e+06,1.14999e+07,4.49989e+06,6.79999e+06,1.14999e+07,4.49986e+06,6.79999e+06,1.14999e+07,4.49982e+06,6.79999e+06,1.14999e+07,4.49977e+06,6.79999e+06,1.14999e+07,4.49971e+06,6.79999e+06,1.14999e+07,4.49963e+06,6.79999e+06,1.14998e+07,4.49953e+06,6.79999e+06,1.14998e+07,4.49941e+06,6.79999e+06,1.14998e+07,4.49926e+06,6.79999e+06,1.14998e+07,4.49906e+06,6.79999e+06,1.14997e+07,4.49882e+06,6.79999e+06,1.14997e+07,4.49851e+06,6.79999e+06,1.14997e+07,4.49812e+06,6.79999e+06,1.14996e+07,4.49764e+06,6.79999e+06,1.14996e+07,4.49702e+06,6.79999e+06,1.14995e+07,4.49625e+06,6.79999e+06,1.14995e+07,4.49528e+06,6.79999e+06,1.14994e+07,4.49406e+06,6.79999e+06,1.14993e+07,4.49253e+06,6.79999e+06,1.14992e+07,4.49059e+06,6.79999e+06,1.14991e+07,4.48817e+06,6.79999e+06,1.1499e+07,4.48511e+06,6.79999e+06,1.14988e+07,4.48128e+06,6.79999e+06,1.14987e+07,4.47646e+06,6.79999e+06,1.14985e+07,4.47041e+06,6.79999e+06,1.14983e+07,4.46281e+06,6.79999e+06,1.14981e+07,4.4533e+06,6.79999e+06,1.14979e+07,4.44138e+06,6.79999e+06,1.14976e+07,4.42649e+06,6.79999e+06,1.14972e+07,4.40789e+06,6.79999e+06,1.14969e+07,4.38471e+06,6.79999e+06,1.14965e+07,4.35592e+06,6.79999e+06,1.1496e+07,4.32027e+06,6.79999e+06,1.14955e+07,4.27629e+06,6.79999e+06,1.14949e+07,4.22231e+06,6.79999e+06,1.14942e+07,4.15647e+06,6.79999e+06,1.14934e+07,4.07676e+06,6.79999e+06,1.14926e+07,3.98112e+06,6.79999e+06,1.14916e+07,3.86765e+06,6.79999e+06,1.14905e+07,3.73474e+06,6.79999e+06,1.14892e+07,3.58148e+06,6.79999e+06,1.14878e+07,3.40785e+06,6.79999e+06,1.14862e+07,3.21513e+06,6.79999e+06,1.14844e+07,3.00605e+06,6.79999e+06,1.14823e+07,2.7848e+06,6.79999e+06,1.148e+07,2.5568e+06,6.79999e+06,1.14773e+07,2.32825e+06,6.79999e+06,13.5742,8.52444,0.508366,16.8306,13.2585,0.162638,20.0035,17.569,0.0507846,23.2616,22.4214,0.0158319,26.7328,28.3297,0.00493498,30.5212,35.6974,0.00153831,34.7178,44.9473,0.000479527,39.4086,56.5822,0.000149456,44.6796,71.2245,4.66214e-05,50.6209,89.6543,1.45419e-05,57.3297,112.852,4.54748e-06,64.9129,142.051,1.43857e-06,73.4897,178.803,4.36618e-07,83.1934,225.062,1.40153e-07,94.1745,283.286,4.96378e-08,106.602,356.568,1.05434e-07,120.669,448.799,-6.49244e-08,136.59,564.873,1.70148e-07,154.611,710.948,-5.34594e-08,175.008,894.767,1.63407e-07,198.097,1126.06,8.04804e-08,224.231,1417.07,1.14667e-07,253.813,1783.15,-1.71227e-07,287.297,2243.62,-2.88466e-07,325.198,2822.67,-4.33651e-07,368.098,3550.67,7.9318e-08,416.657,4465.65,3.13319e-07,471.621,5615.16,3.4613e-07,533.835,7058.61,-1.19199e-07,604.255,8870.02,-2.79964e-07,683.962,11141.4,-2.30521e-07,774.182,13986.7,-2.55099e-07,876.299,17546.4,1.23585e-07,991.883,21993.1,1.41192e-07,1122.71,27536.7,-9.71886e-08,1270.78,34430.7,-3.68368e-07,1438.38,42977.7,-3.45379e-07,1628.07,53532.7,-3.25328e-09,1842.77,66504.6,2.6362e-07,2085.77,82350.2,2.53445e-07,2360.79,101560,-2.47407e-08,2672.05,124632,-3.80602e-07,3024.31,152018,-4.79005e-07,3422.98,184060,-1.14379e-07,3874.15,220884,2.64297e-07,4384.72,262283,3.44131e-07,4962.49,307576,7.5349e-08,5616.29,355497,-3.63097e-07,6356.1,404126,-6.05442e-07,7193.18,450932,-2.72333e-07,8140.28,492963,2.29675e-07,9211.79,527178,4.3387e-07,10424,550893,-1.0711e-07,10.102,8.06553,2.81012,10.6436,8.57909,0.869423,11.5336,10.2515,0.270869,12.7211,12.7138,0.0844293,14.1823,15.9373,0.0263173,15.9122,20.0383,0.0082035,17.9198,25.2154,0.00255722,20.2244,31.7373,0.000797017,22.8539,39.9486,0.000248622,25.8438,50.2851,7.75492e-05,29.237,63.2963,2.42508e-05,33.0837,79.6738,7.67162e-06,37.4415,100.288,2.32837e-06,42.3767,126.236,7.33e-07,47.9646,158.896,2.79256e-07,54.2906,200.003,9.87351e-09,61.452,251.741,1.61085e-07,69.5585,316.859,-2.47141e-07,78.7347,398.812,8.93552e-08,89.1218,501.948,-2.53231e-07,100.879,631.736,-1.25047e-07,114.188,795.049,-1.78808e-07,129.252,1000.53,2.6733e-07,146.304,1259.03,4.50292e-07,165.605,1584.19,6.76904e-07,187.452,1993.12,-1.23808e-07,212.181,2507.27,-4.89068e-07,240.173,3153.54,-5.40284e-07,271.856,3965.56,1.86061e-07,307.719,4985.38,4.37004e-07,348.313,6265.4,3.59828e-07,394.26,7870.83,3.98192e-07,446.268,9882.51,-1.92908e-07,505.135,12400.3,-2.20392e-07,571.766,15546.9,1.51705e-07,647.184,19472.2,5.74996e-07,732.547,24357.4,5.39112e-07,829.167,30420,5.07815e-09,938.526,37916.3,-4.11492e-07,1062.3,47143.9,-3.9561e-07,1202.4,58439.2,3.86185e-08,1360.96,72169.3,5.94093e-07,1540.42,88715.8,7.47693e-07,1743.53,108445,1.78537e-07,1973.41,131665,-4.12549e-07,2233.57,158557,-5.37164e-07,2528,189103,-1.17615e-07,2861.2,222986,5.66769e-07,3238.27,259510,9.45053e-07,3664.97,297540,4.25093e-07,4147.81,335497,-3.58506e-07,4694.17,371444,-6.7724e-07,5312.37,403256,1.67192e-07,1.61744,3.89446,9.84394,3.28846,7.5504,12.774,5.07607,11.7187,13.6844,7.03202,16.8147,13.9681,9.20215,23.1769,14.0566,11.6301,31.1672,14.0841,14.3598,41.2186,14.0927,17.4376,53.8688,14.0954,20.9137,69.7915,14.0962,24.8432,89.8341,14.0965,29.2879,115.063,14.0966,34.3168,146.819,14.0966,40.0078,186.792,14.0966,46.4487,237.107,14.0966,53.7388,300.44,14.0966,61.9903,380.158,14.0966,71.3301,480.499,14.0966,81.902,606.796,14.0966,93.8685,765.761,14.0966,107.414,965.837,14.0966,122.746,1217.65,14.0966,140.101,1534.57,14.0966,159.745,1933.41,14.0966,181.981,2435.3,14.0966,207.15,3066.85,14.0966,235.64,3861.46,14.0966,267.889,4861.11,14.0966,304.391,6118.54,14.0966,345.709,7699.91,14.0966,392.478,9688.22,14.0966,445.417,12187.5,14.0966,505.339,15327.7,14.0966,573.165,19271.6,14.0966,649.938,24222,14.0966,736.839,30430.9,14.0966,835.202,38211.5,14.0966,946.539,47950.3,14.0966,1072.56,60122.8,14.0966,1215.21,75309.9,14.0966,1376.66,94216.2,14.0966,1559.41,117688,14.0966,1766.26,146729,14.0966,2000.39,182510,14.0966,2265.39,226372,14.0966,2565.33,279806,14.0966,2904.81,344416,14.0966,3289.05,421845,14.0966,3723.93,513667,14.0966,4216.13,621231,14.0966,4773.18,745478,14.0966,5403.64,886744,14.0966,6117.15,1.04457e+06,14.0966,6924.63,1.2176e+06,14.0966,11.7194,11.96,12.6541,13.9321,16.1295,13.6434,16.6097,21.9702,13.9553,19.7532,29.5285,14.0526,23.3844,39.1143,14.0829,27.5423,51.2054,14.0923,32.2796,66.434,14.0953,37.662,85.6061,14.0962,43.7675,109.74,14.0965,50.687,140.119,14.0966,58.5249,178.359,14.0966,67.4005,226.493,14.0966,77.4493,287.08,14.0966,88.8254,363.343,14.0966,101.703,459.336,14.0966,116.281,580.161,14.0966,132.782,732.241,14.0966,151.46,923.655,14.0966,172.603,1164.57,14.0966,196.535,1467.79,14.0966,223.625,1849.39,14.0966,254.288,2329.62,14.0966,288.997,2933.93,14.0966,328.285,3694.33,14.0966,372.755,4651.04,14.0966,423.092,5854.57,14.0966,480.07,7368.38,14.0966,544.564,9272.08,14.0966,617.566,11665.5,14.0966,700.197,14673.6,14.0966,793.729,18452.9,14.0966,899.599,23198.6,14.0966,1019.43,29154.1,14.0966,1155.07,36622.3,14.0966,1308.6,45977.9,14.0966,1482.39,57683.7,14.0966,1679.09,72307.8,14.0966,1901.73,90542.8,14.0966,2153.73,113226,14.0966,2438.97,141360,14.0966,2761.81,176127,14.0966,3127.22,218898,14.0966,3540.81,271226,14.0966,4008.92,334817,14.0966,4538.74,411470,14.0966,5138.38,502973,14.0966,5817.04,610948,14.0966,6585.12,736653,14.0966,7454.39,880741,14.0966,8438.15,1.04302e+06,14.0966,9551.45,1.22224e+06,14.0966,10811.3,1.41602e+06,14.0966,12237,1.62086e+06,14.0966,11.7194,11.96,12.6541,2.21263,4.16949,0.989383,2.67766,5.84076,0.311842,3.14343,7.55825,0.0972771,3.63127,9.58578,0.0303237,4.15787,12.0912,0.00945211,4.73731,15.2286,0.00294633,5.38238,19.1721,0.000918508,6.10553,24.134,0.000286163,6.91951,30.3791,8.92692e-05,7.83792,38.2397,2.78121e-05,8.87555,48.1338,8.65134e-06,10.0489,60.5876,2.7882e-06,11.3761,76.2629,8.29036e-07,12.8779,95.9927,2.4373e-07,14.5775,120.825,4.33068e-09,16.5012,152.08,1.75749e-07,18.6784,191.415,-1.86328e-07,21.1428,240.917,1.91829e-07,23.9322,303.213,-1.81475e-07,27.0895,381.602,7.0186e-08,30.6634,480.231,-2.86769e-08,34.7087,604.316,2.40784e-07,39.2876,760.401,9.87368e-08,44.4705,956.705,1.22263e-07,50.3371,1203.54,-4.31966e-07,56.9776,1513.81,-1.9705e-07,64.494,1903.69,-2.763e-08,73.0018,2393.4,3.9185e-07,82.6317,3008.13,1.35379e-07,93.5318,3779.25,-4.16351e-08,105.869,4745.7,2.06965e-08,119.834,5955.6,-3.18887e-07,135.641,7468.12,-1.48271e-08,153.531,9355.62,2.00739e-07,173.781,11705.8,2.28358e-07,196.701,14624.1,-1.93587e-08,222.642,18235,-2.88101e-07,252.003,22683.4,-2.24732e-07,285.234,28134,8.56806e-09,322.845,34767,2.34258e-07,365.413,42770.9,2.99668e-07,413.588,52327.9,8.28644e-08,468.111,63591.2,-3.07049e-07,529.814,76653.2,-3.1888e-07,599.642,91502.5,-6.72276e-08,678.662,107975,2.26339e-07,768.083,125705,3.69212e-07,869.267,144088,2.04077e-07,983.76,162277,-2.80509e-07,1113.3,179223,-4.22737e-07,1259.87,193777,-1.71951e-07,1425.68,204839,4.55555e-07,11.7194,11.96,12.6541,2.21263,4.16949,0.989383,2.67766,5.84076,0.311842,3.14343,7.55825,0.0972771,3.63127,9.58578,0.0303237,4.15787,12.0912,0.00945211,4.73731,15.2286,0.00294633,5.38238,19.1721,0.000918508,6.10553,24.134,0.000286163,6.91951,30.3791,8.92692e-05,7.83792,38.2397,2.78121e-05,8.87555,48.1338,8.65134e-06,10.0489,60.5876,2.7882e-06,11.3761,76.2629,8.29036e-07,12.8779,95.9927,2.4373e-07,14.5775,120.825,1e-08,16.5012,152.08,1.75749e-07,18.6784,191.415,1e-08,21.1428,240.917,1.91829e-07,23.9322,303.213,1e-08,27.0895,381.602,7.0186e-08,30.6634,480.231,1e-08,34.7087,604.316,2.40784e-07,39.2876,760.401,9.87368e-08,44.4705,956.705,1.22263e-07,50.3371,1203.54,1e-08,56.9776,1513.81,1e-08,64.494,1903.69,1e-08,73.0018,2393.4,3.9185e-07,82.6317,3008.13,1.35379e-07,93.5318,3779.25,1e-08,105.869,4745.7,2.06965e-08,119.834,5955.6,1e-08,135.641,7468.12,1e-08,153.531,9355.62,2.00739e-07,173.781,11705.8,2.28358e-07,196.701,14624.1,1e-08,222.642,18235,1e-08,252.003,22683.4,1e-08,285.234,28134,1e-08,322.845,34767,2.34258e-07,365.413,42770.9,2.99668e-07,413.588,52327.9,8.28644e-08,468.111,63591.2,1e-08,529.814,76653.2,1e-08,599.642,91502.5,1e-08,678.662,107975,2.26339e-07,768.083,125705,3.69212e-07,869.267,144088,2.04077e-07,983.76,162277,1e-08,1113.3,179223,1e-08,1259.87,193777,1e-08,1425.68,204839,4.55555e-07,6.2823,3.27286,2.43537,0.219672,6.18826,2.24117,0.56371,6.87772,2.63624,0.308279,6,28,11,1,1,1,2,9,1,1,10,0,0,12,0,5,19,0,4,7,0,7,7,0,7,20,0,5,38,0,5,104,0,6,47,0,18,70,0,10,73,0,6,74,0,16,121,0,25,100,0,20,180,0,15,177,0,10,233,0,28,454,0,16,937,0,36,531,0,15,1117,0,22,726,0,26,1766,0,108,1118,0,31,1767,0,75,3102,0,76,2080,0,98,4407,0,167,2980,0,86,6653,0,122,6426,0,146,8888,0,74,15815,0,181,8836,0,116,12177,0,172,14574,0,319,30247,0,116,45600,0,216,49077,0,729,39946,0,746,69333,0,234,103847,0,429,90110,0,451,176869,0,876,72192,0,1120,268717,0,1181,237836,0,1191,163193,0,1159,126450,0,1180,188660,0
-1.05176e+08,1,8.88811e-15,10,1023,0,1.05176e+08,0.528882,1.08665,0.389689,0.145397,0.379329,3.24381,0.161596,0.446195,1.77396,0.159177,1.15e+07,4.49998e+06,6.79999e+06,1.15e+07,4.49997e+06,6.79999e+06,1.15e+07,4.49996e+06,6.79999e+06,1.15e+07,4.49995e+06,6.79999e+06,1.14999e+07,4.49993e+06,6.79999e+06,1.14999e+07,4.49991e+06,6.79999e+06,1.14999e+07,4.49989e+06,6.79999e+06,1.14999e+07,4.49986e+06,6.79999e+06,1.14999e+07,4.49982e+06,6.79999e+06,1.14999e+07,4.49977e+06,6.79999e+06,1.14999e+07,4.49971e+06,6.79999e+06,1.14999e+07,4.49963e+06,6.79999e+06,1.14998e+07,4.49953e+06,6.79999e+06,1.14998e+07,4.49941e+06,6.79999e+06,1.14998e+07,4.49926e+06,6.79999e+06,1.14998e+07,4.49906e+06,6.79999e+06,1.14997e+07,4.49882e+06,6.79999e+06,1.14997e+07,4.49851e+06,6.79999e+06,1.14997e+07,4.49812e+06,6.79999e+06,1.14996e+07,4.49764e+06,6.79999e+06,1.14996e+07,4.49702e+06,6.79999e+06,1.14995e+07,4.49625e+06,6.79999e+06,1.14995e+07,4.49528e+06,6.79999e+06,1.14994e+07,4.49406e+06,6.79999e+06,1.14993e+07,4.49253e+06,6.79999e+06,1.14992e+07,4.49059e+06,6.79999e+06,1.14991e+07,4.48817e+06,6.79999e+06,1.1499e+07,4.48511e+06,6.79999e+06,1.14988e+07,4.48128e+06,6.79999e+06,1.14987e+07,4.47646e+06,6.79999e+06,1.14985e+07,4.47041e+06,6.79999e+06,1.14983e+07,4.46281e+06,6.79999e+06,1.14981e+07,4.4533e+06,6.79999e+06,1.14979e+07,4.44138e+06,6.79999e+06,1.14976e+07,4.42649e+06,6.79999e+06,1.14972e+07,4.40789e+06,6.79999e+06,1.14969e+07,4.38471e+06,6.79999e+06,1.14965e+07,4.35592e+06,6.79999e+06,1.1496e+07,4.32027e+06,6.79999e+06,1.14955e+07,4.27629e+06,6.79999e+06,1.14949e+07,4.22231e+06,6.79999e+06,1.14942e+07,4.15647e+06,6.79999e+06,1.14934e+07,4.07676e+06,6.79999e+06,1.14926e+07,3.98112e+06,6.79999e+06,1.14916e+07,3.86765e+06,6.79999e+06,1.14905e+07,3.73474e+06,6.79999e+06,1.14892e+07,3.58148e+06,6.79999e+06,1.14878e+07,3.40785e+06,6.79999e+06,1.14862e+07,3.21513e+06,6.79999e+06,1.14844e+07,3.00605e+06,6.79999e+06,1.14823e+07,2.7848e+06,6.79999e+06,1.148e+07,2.5568e+06,6.79999e+06,1.14773e+07,2.32825e+06,6.79999e+06,13.5742,8.52444,0.508366,16.8306,13.2585,0.162638,20.0035,17.569,0.0507846,23.2616,22.4214,0.0158319,26.7328,28.3297,0.00493498,30.5212,35.6974,0.00153831,34.7178,44.9473,0.000479527,39.4086,56.5822,0.000149456,44.6796,71.2245,4.66214e-05,50.6209,89.6543,1.45419e-05,57.3297,112.852,4.54748e-06,64.9129,142.051,1.43857e-06,73.4897,178.803,4.36618e-07,83.1934,225.062,1.40153e-07,94.1745,283.286,4.96378e-08,106.602,356.568,1.05434e-07,120.669,448.799,-6.49244e-08,136.59,564.873,1.70148e-07,154.611,710.948,-5.34594e-08,175.008,894.767,1.63407e-07,198.097,1126.06,8.04804e-08,224.231,1417.07,1.14667e-07,253.813,1783.15,-1.71227e-07,287.297,2243.62,-2.88466e-07,325.198,2822.67,-4.33651e-07,368.098,3550.67,7.9318e-08,416.657,4465.65,3.13319e-07,471.621,5615.16,3.4613e-07,533.835,7058.61,-1.19199e-07,604.255,8870.02,-2.79964e-07,683.962,11141.4,-2.30521e-07,774.182,13986.7,-2.55099e-07,876.299,17546.4,1.23585e-07,991.883,21993.1,1.41192e-07,1122.71,27536.7,-9.71886e-08,1270.78,34430.7,-3.68368e-07,1438.38,42977.7,-3.45379e-07,1628.07,53532.7,-3.25328e-09,1842.77,66504.6,2.6362e-07,2085.77,82350.2,2.53445e-07,2360.79,101560,-2.47407e-08,2672.05,124632,-3.80602e-07,3024.31,152018,-4.79005e-07,3422.98,184060,-1.14379e-07,3874.15,220884,2.64297e-07,4384.72,262283,3.44131e-07,4962.49,307576,7.5349e-08,5616.29,355497,-3.63097e-07,6356.1,404126,-6.05442e-07,7193.18,450932,-2.72333e-07,8140.28,492963,2.29675e-07,9211.79,527178,4.3387e-07,10424,550893,-1.0711e-07,10.102,8.06553,2.81012,10.6436,8.57909,0.869423,11.5336,10.2515,0.270869,12.7211,12.7138,0.0844293,14.1823,15.9373,0.0263173,15.9122,20.0383,0.0082035,17.9198,25.2154,0.00255722,20.2244,31.7373,0.000797017,22.8539,39.9486,0.000248622,25.8438,50.2851,7.75492e-05,29.237,63.2963,2.42508e-05,33.0837,79.6738,7.67162e-06,37.4415,100.288,2.32837e-06,42.3767,126.236,7.33e-07,47.9646,158.896,2.79256e-07,54.2906,200.003,9.87351e-09,61.452,251.741,1.61085e-07,69.5585,316.859,-2.47141e-07,78.7347,398.812,8.93552e-08,89.1218,501.948,-2.53231e-07,100.879,631.736,-1.25047e-07,114.188,795.049,-1.78808e-07,129.252,1000.53,2.6733e-07,146.304,1259.03,4.50292e-07,165.605,1584.19,6.76904e-07,187.452,1993.12,-1.23808e-07,212.181,2507.27,-4.89068e-07,240.173,3153.54,-5.40284e-07,271.856,3965.56,1.86061e-07,307.719,4985.38,4.37004e-07,348.313,6265.4,3.59828e-07,394.26,7870.83,3.98192e-07,446.268,9882.51,-1.92908e-07,505.135,12400.3,-2.20392e-07,571.766,15546.9,1.51705e-07,647.184,19472.2,5.74996e-07,732.547,24357.4,5.39112e-07,829.167,30420,5.07815e-09,938.526,37916.3,-4.11492e-07,1062.3,47143.9,-3.9561e-07,1202.4,58439.2,3.86185e-08,1360.96,72169.3,5.94093e-07,1540.42,88715.8,7.47693e-07,1743.53,108445,1.78537e-07,1973.41,131665,-4.12549e-07,2233.57,158557,-5.37164e-07,2528,189103,-1.17615e-07,2861.2,222986,5.66769e-07,3238.27,259510,9.45053e-07,3664.97,297540,4.25093e-07,4147.81,335497,-3.58506e-07,4694.17,371444,-6.7724e-07,5312.37,403256,1.67192e-07,1.61744,3.89446,9.84394,3.28846,7.5504,12.774,5.07607,11.7187,13.6844,7.03202,16.8147,13.9681,9.20215,23.1769,14.0566,11.6301,31.1672,14.0841,14.3598,41.2186,14.0927,17.4376,53.8688,14.0954,20.9137,69.7915,14.0962,24.8432,89.8341,14.0965,29.2879,115.063,14.0966,34.3168,146.819,14.0966,40.0078,186.792,14.0966,46.4487,237.107,14.0966,53.7388,300.44,14.0966,61.9903,380.158,14.0966,71.3301,480.499,14.0966,81.902,606.796,14.0966,93.8685,765.761,14.0966,107.414,965.837,14.0966,122.746,1217.65,14.0966,140.101,1534.57,14.0966,159.745,1933.41,14.0966,181.981,2435.3,14.0966,207.15,3066.85,14.0966,235.64,3861.46,14.0966,267.889,4861.11,14.0966,304.391,6118.54,14.0966,345.709,7699.91,14.0966,392.478,9688.22,14.0966,445.417,12187.5,14.0966,505.339,15327.7,14.0966,573.165,19271.6,14.0966,649.938,24222,14.0966,736.839,30430.9,14.0966,835.202,38211.5,14.0966,946.539,47950.3,14.0966,1072.56,60122.8,14.0966,1215.21,75309.9,14.0966,1376.66,94216.2,14.0966,1559.41,117688,14.0966,1766.26,146729,14.0966,2000.39,182510,14.0966,2265.39,226372,14.0966,2565.33,279806,14.0966,2904.81,344416,14.0966,3289.05,421845,14.0966,3723.93,513667,14.0966,4216.13,621231,14.0966,4773.18,745478,14.0966,5403.64,886744,14.0966,6117.15,1.04457e+06,14.0966,6924.63,1.2176e+06,14.0966,11.7194,11.96,12.6541,13.9321,16.1295,13.6434,16.6097,21.9702,13.9553,19.7532,29.5285,14.0526,23.3844,39.1143,14.0829,27.5423,51.2054,14.0923,32.2796,66.434,14.0953,37.662,85.6061,14.0962,43.7675,109.74,14.0965,50.687,140.119,14.0966,58.5249,178.359,14.0966,67.4005,226.493,14.0966,77.4493,287.08,14.0966,88.8254,363.343,14.0966,101.703,459.336,14.0966,116.281,580.161,14.0966,132.782,732.241,14.0966,151.46,923.655,14.0966,172.603,1164.57,14.0966,196.535,1467.79,14.0966,223.625,1849.39,14.0966,254.288,2329.62,14.0966,288.997,2933.93,14.0966,328.285,3694.33,14.0966,372.755,4651.04,14.0966,423.092,5854.57,14.0966,480.07,7368.38,14.0966,544.564,9272.08,14.0966,617.566,11665.5,14.0966,700.197,14673.6,14.0966,793.729,18452.9,14.0966,899.599,23198.6,14.0966,1019.43,29154.1,14.0966,1155.07,36622.3,14.0966,1308.6,45977.9,14.0966,1482.39,57683.7,14.0966,1679.09,72307.8,14.0966,1901.73,90542.8,14.0966,2153.73,113226,14.0966,2438.97,141360,14.0966,2761.81,176127,14.0966,3127.22,218898,14.0966,3540.81,271226,14.0966,4008.92,334817,14.0966,4538.74,411470,14.0966,5138.38,502973,14.0966,5817.04,610948,14.0966,6585.12,736653,14.0966,7454.39,880741,14.0966,8438.15,1.04302e+06,14.0966,9551.45,1.22224e+06,14.0966,10811.3,1.41602e+06,14.0966,12237,1.62086e+06,14.0966,11.7194,11.96,12.6541,2.21263,4.16949,0.989383,2.67766,5.84076,0.311842,3.14343,7.55825,0.0972771,3.63127,9.58578,0.0303237,4.15787,12.0912,0.00945211,4.73731,15.2286,0.00294633,5.38238,19.1721,0.000918508,6.10553,24.134,0.000286163,6.91951,30.3791,8.92692e-05,7.83792,38.2397,2.78121e-05,8.87555,48.1338,8.65134e-06,10.0489,60.5876,2.7882e-06,11.3761,76.2629,8.29036e-07,12.8779,95.9927,2.4373e-07,14.5775,120.825,4.33068e-09,16.5012,152.08,1.75749e-07,18.6784,191.415,-1.86328e-07,21.1428,240.917,1.91829e-07,23.9322,303.213,-1.81475e-07,27.0895,381.602,7.0186e-08,30.6634,480.231,-2.86769e-08,34.7087,604.316,2.40784e-07,39.2876,760.401,9.87368e-08,44.4705,956.705,1.22263e-07,50.3371,1203.54,-4.31966e-07,56.9776,1513.81,-1.9705e-07,64.494,1903.69,-2.763e-08,73.0018,2393.4,3.9185e-07,82.6317,3008.13,1.35379e-07,93.5318,3779.25,-4.16351e-08,105.869,4745.7,2.06965e-08,119.834,5955.6,-3.18887e-07,135.641,7468.12,-1.48271e-08,153.531,9355.62,2.00739e-07,173.781,11705.8,2.28358e-07,196.701,14624.1,-1.93587e-08,222.642,18235,-2.88101e-07,252.003,22683.4,-2.24732e-07,285.234,28134,8.56806e-09,322.845,34767,2.34258e-07,365.413,42770.9,2.99668e-07,413.588,52327.9,8.28644e-08,468.111,63591.2,-3.07049e-07,529.814,76653.2,-3.1888e-07,599.642,91502.5,-6.72276e-08,678.662,107975,2.26339e-07,768.083,125705,3.69212e-07,869.267,144088,2.04077e-07,983.76,162277,-2.80509e-07,1113.3,179223,-4.22737e-07,1259.87,193777,-1.71951e-07,1425.68,204839,4.55555e-07,11.7194,11.96,12.6541,2.21263,4.16949,0.989383,2.67766,5.84076,0.311842,3.14343,7.55825,0.0972771,3.63127,9.58578,0.0303237,4.15787,12.0912,0.00945211,4.73731,15.2286,0.00294633,5.38238,19.1721,0.000918508,6.10553,24.134,0.000286163,6.91951,30.3791,8.92692e-05,7.83792,38.2397,2.78121e-05,8.87555,48.1338,8.65134e-06,10.0489,60.5876,2.7882e-06,11.3761,76.2629,8.29036e-07,12.8779,95.9927,2.4373e-07,14.5775,120.825,1e-08,16.5012,152.08,1.75749e-07,18.6784,191.415,1e-08,21.1428,240.917,1.91829e-07,23.9322,303.213,1e-08,27.0895,381.602,7.0186e-08,30.6634,480.231,1e-08,34.7087,604.316,2.40784e-07,39.2876,760.401,9.87368e-08,44.4705,956.705,1.22263e-07,50.3371,1203.54,1e-08,56.9776,1513.81,1e-08,64.494,1903.69,1e-08,73.0018,2393.4,3.9185e-07,82.6317,3008.13,1.35379e-07,93.5318,3779.25,1e-08,105.869,4745.7,2.06965e-08,119.834,5955.6,1e-08,135.641,7468.12,1e-08,153.531,9355.62,2.00739e-07,173.781,11705.8,2.28358e-07,196.701,14624.1,1e-08,222.642,18235,1e-08,252.003,22683.4,1e-08,285.234,28134,1e-08,322.845,34767,2.34258e-07,365.413,42770.9,2.99668e-07,413.588,52327.9,8.28644e-08,468.111,63591.2,1e-08,529.814,76653.2,1e-08,599.642,91502.5,1e-08,678.662,107975,2.26339e-07,768.083,125705,3.69212e-07,869.267,144088,2.04077e-07,983.76,162277,1e-08,1113.3,179223,1e-08,1259.87,193777,1e-08,1425.68,204839,4.55555e-07,6.2823,3.27286,2.43537,0.219672,6.18826,2.24117,0.56371,6.87772,2.63624,0.308279,14,11,20,3,1,1,1,8,3,3,5,0,3,6,0,2,12,0,4,18,0,6,5,0,1,15,0,8,28,0,10,42,0,11,79,0,14,42,0,12,49,0,13,56,0,18,189,0,14,277,0,31,105,0,14,268,0,23,474,0,39,406,0,52,653,0,31,635,0,17,1048,0,26,1443,0,90,1528,0,61,2099,0,58,1490,0,95,1364,0,68,4507,0,73,2561,0,25,4869,0,62,8759,0,174,5358,0,188,3340,0,288,10275,0,258,12188,0,100,8801,0,582,20457,0,278,50441,0,238,23862,0,509,55822,0,793,80728,0,358,83155,0,477,82367,0,754,99659,0,393,109576,0,1090,130550,0,686,142589,0,1052,63281,0,712,121876,0,1801,198465,0,620,130639,0
-1.05176e+08,1,8.88811e-15,10,1023,0,1.05176e+08,0.528882,1.08665,0.389689,0.145397,0.379329,3.24381,0.161596,0.446195,1.77396,0.159177,1.15e+07,4.49998e+06,6.79999e+06,1.15e+07,4.49997e+06,6.79999e+06,1.15e+07,4.49996e+06,6.79999e+06,1.15e+07,4.49995e+06,6.79999e+06,1.14999e+07,4.49993e+06,6.79999e+06,1.14999e+07,4.49991e+06,6.79999e+06,1.14999e+07,4.49989e+06,6.79999e+06,1.14999e+07,4.49986e+06,6.79999e+06,1.14999e+07,4.49982e+06,6.79999e+06,1.14999e+07,4.49977e+06,6.79999e+06,1.14999e+07,4.49971e+06,6.79999e+06,1.14999e+07,4.49963e+06,6.79999e+06,1.14998e+07,4.49953e+06,6.79999e+06,1.14998e+07,4.49941e+06,6.79999e+06,1.14998e+07,4.49926e+06,6.79999e+06,1.14998e+07,4.49906e+06,6.79999e+06,1.14997e+07,4.49882e+06,6.79999e+06,1.14997e+07,4.49851e+06,6.79999e+06,1.14997e+07,4.49812e+06,6.79999e+06,1.14996e+07,4.49764e+06,6.79999e+06,1.14996e+07,4.49702e+06,6.79999e+06,1.14995e+07,4.49625e+06,6.79999e+06,1.14995e+07,4.49528e+06,6.79999e+06,1.14994e+07,4.49406e+06,6.79999e+06,1.14993e+07,4.49253e+06,6.79999e+06,1.14992e+07,4.49059e+06,6.79999e+06,1.14991e+07,4.48817e+06,6.79999e+06,1.1499e+07,4.48511e+06,6.79999e+06,1.14988e+07,4.48128e+06,6.79999e+06,1.14987e+07,4.47646e+06,6.79999e+06,1.14985e+07,4.47041e+06,6.79999e+06,1.14983e+07,4.46281e+06,6.79999e+06,1.14981e+07,4.4533e+06,6.79999e+06,1.14979e+07,4.44138e+06,6.79999e+06,1.14976e+07,4.42649e+06,6.79999e+06,1.14972e+07,4.40789e+06,6.79999e+06,1.14969e+07,4.38471e+06,6.79999e+06,1.14965e+07,4.35592e+06,6.79999e+06,1.1496e+07,4.32027e+06,6.79999e+06,1.14955e+07,4.27629e+06,6.79999e+06,1.14949e+07,4.22231e+06,6.79999e+06,1.14942e+07,4.15647e+06,6.79999e+06,1.14934e+07,4.07676e+06,6.79999e+06,1.14926e+07,3.98112e+06,6.79999e+06,1.14916e+07,3.86765e+06,6.79999e+06,1.14905e+07,3.73474e+06,6.79999e+06,1.14892e+07,3.58148e+06,6.79999e+06,1.14878e+07,3.40785e+06,6.79999e+06,1.14862e+07,3.21513e+06,6.79999e+06,1.14844e+07,3.00605e+06,6.79999e+06,1.14823e+07,2.7848e+06,6.79999e+06,1.148e+07,2.5568e+06,6.79999e+06,1.14773e+07,2.32825e+06,6.79999e+06,13.5742,8.52444,0.508366,16.8306,13.2585,0.162638,20.0035,17.569,0.0507846,23.2616,22.4214,0.0158319,26.7328,28.3297,0.00493498,30.5212,35.6974,0.00153831,34.7178,44.9473,0.000479527,39.4086,56.5822,0.000149456,44.6796,71.2245,4.66214e-05,50.6209,89.6543,1.45419e-05,57.3297,112.852,4.54748e-06,64.9129,142.051,1.43857e-06,73.4897,178.803,4.36618e-07,83.1934,225.062,1.40153e-07,94.1745,283.286,4.96378e-08,106.602,356.568,1.05434e-07,120.669,448.799,-6.49244e-08,136.59,564.873,1.70148e-07,154.611,710.948,-5.34594e-08,175.008,894.767,1.63407e-07,198.097,1126.06,8.04804e-08,224.231,1417.07,1.14667e-07,253.813,1783.15,-1.71227e-07,287.297,2243.62,-2.88466e-07,325.198,2822.67,-4.33651e-07,368.098,3550.67,7.9318e-08,416.657,4465.65,3.13319e-07,471.621,5615.16,3.4613e-07,533.835,7058.61,-1.19199e-07,604.255,8870.02,-2.79964e-07,683.962,11141.4,-2.30521e-07,774.182,13986.7,-2.55099e-07,876.299,17546.4,1.23585e-07,991.883,21993.1,1.41192e-07,1122.71,27536.7,-9.71886e-08,1270.78,34430.7,-3.68368e-07,1438.38,42977.7,-3.45379e-07,1628.07,53532.7,-3.25328e-09,1842.77,66504.6,2.6362e-07,2085.77,82350.2,2.53445e-07,2360.79,101560,-2.47407e-08,2672.05,124632,-3.80602e-07,3024.31,152018,-4.79005e-07,3422.98,184060,-1.14379e-07,3874.15,220884,2.64297e-07,4384.72,262283,3.44131e-07,4962.49,307576,7.5349e-08,5616.29,355497,-3.63097e-07,6356.1,404126,-6.05442e-07,7193.18,450932,-2.72333e-07,8140.28,492963,2.29675e-07,9211.79,527178,4.3387e-07,10424,550893,-1.0711e-07,10.102,8.06553,2.81012,10.6436,8.57909,0.869423,11.5336,10.2515,0.270869,12.7211,12.7138,0.0844293,14.1823,15.9373,0.0263173,15.9122,20.0383,0.0082035,17.9198,25.2154,0.00255722,20.2244,31.7373,0.000797017,22.8539,39.9486,0.000248622,25.8438,50.2851,7.75492e-05,29.237,63.2963,2.42508e-05,33.0837,79.6738,7.67162e-06,37.4415,100.288,2.32837e-06,42.3767,126.236,7.33e-07,47.9646,158.896,2.79256e-07,54.2906,200.003,9.87351e-09,61.452,251.741,1.61085e-07,69.5585,316.859,-2.47141e-07,78.7347,398.812,8.93552e-08,89.1218,501.948,-2.53231e-07,100.879,631.736,-1.25047e-07,114.188,795.049,-1.78808e-07,129.252,1000.53,2.6733e-07,146.304,1259.03,4.50292e-07,165.605,1584.19,6.76904e-07,187.452,1993.12,-1.23808e-07,212.181,2507.27,-4.89068e-07,240.173,3153.54,-5.40284e-07,271.856,3965.56,1.86061e-07,307.719,4985.38,4.37004e-07,348.313,6265.4,3.59828e-07,394.26,7870.83,3.98192e-07,446.268,9882.51,-1.92908e-07,505.135,12400.3,-2.20392e-07,571.766,15546.9,1.51705e-07,647.184,19472.2,5.74996e-07,732.547,24357.4,5.39112e-07,829.167,30420,5.07815e-09,938.526,37916.3,-4.11492e-07,1062.3,47143.9,-3.9561e-07,1202.4,58439.2,3.86185e-08,1360.96,72169.3,5.94093e-07,1540.42,88715.8,7.47693e-07,1743.53,108445,1.78537e-07,1973.41,131665,-4.12549e-07,2233.57,158557,-5.37164e-07,2528,189103,-1.17615e-07,2861.2,222986,5.66769e-07,3238.27,259510,9.45053e-07,3664.97,297540,4.25093e-07,4147.81,335497,-3.58506e-07,4694.17,371444,-6.7724e-07,5312.37,403256,1.67192e-07,1.61744,3.89446,9.84394,3.28846,7.5504,12.774,5.07607,11.7187,13.6844,7.03202,16.8147,13.9681,9.20215,23.1769,14.0566,11.6301,31.1672,14.0841,14.3598,41.2186,14.0927,17.4376,53.8688,14.0954,20.9137,69.7915,14.0962,24.8432,89.8341,14.0965,29.2879,115.063,14.0966,34.3168,146.819,14.0966,40.0078,186.792,14.0966,46.4487,237.107,14.0966,53.7388,300.44,14.0966,61.9903,380.158,14.0966,71.3301,480.499,14.0966,81.902,606.796,14.0966,93.8685,765.761,14.0966,107.414,965.837,14.0966,122.746,1217.65,14.0966,140.101,1534.57,14.0966,159.745,1933.41,14.0966,181.981,2435.3,14.0966,207.15,3066.85,14.0966,235.64,3861.46,14.0966,267.889,4861.11,14.0966,304.391,6118.54,14.0966,345.709,7699.91,14.0966,392.478,9688.22,14.0966,445.417,12187.5,14.0966,505.339,15327.7,14.0966,573.165,19271.6,14.0966,649.938,24222,14.0966,736.839,30430.9,14.0966,835.202,38211.5,14.0966,946.539,47950.3,14.0966,1072.56,60122.8,14.0966,1215.21,75309.9,14.0966,1376.66,94216.2,14.0966,1559.41,117688,14.0966,1766.26,146729,14.0966,2000.39,182510,14.0966,2265.39,226372,14.0966,2565.33,279806,14.0966,2904.81,344416,14.0966,3289.05,421845,14.0966,3723.93,513667,14.0966,4216.13,621231,14.0966,4773.18,745478,14.0966,5403.64,886744,14.0966,6117.15,1.04457e+06,14.0966,6924.63,1.2176e+06,14.0966,11.7194,11.96,12.6541,13.9321,16.1295,13.6434,16.6097,21.9702,13.9553,19.7532,29.5285,14.0526,23.3844,39.1143,14.0829,27.5423,51.2054,14.0923,32.2796,66.434,14.0953,37.662,85.6061,14.0962,43.7675,109.74,14.0965,50.687,140.119,14.0966,58.5249,178.359,14.0966,67.4005,226.493,14.0966,77.4493,287.08,14.0966,88.8254,363.343,14.0966,101.703,459.336,14.0966,116.281,580.161,14.0966,132.782,732.241,14.0966,151.46,923.655,14.0966,172.603,1164.57,14.0966,196.535,1467.79,14.0966,223.625,1849.39,14.0966,254.288,2329.62,14.0966,288.997,2933.93,14.0966,328.285,3694.33,14.0966,372.755,4651.04,14.0966,423.092,5854.57,14.0966,480.07,7368.38,14.0966,544.564,9272.08,14.0966,617.566,11665.5,14.0966,700.197,14673.6,14.0966,793.729,18452.9,14.0966,899.599,23198.6,14.0966,1019.43,29154.1,14.0966,1155.07,36622.3,14.0966,1308.6,45977.9,14.0966,1482.39,57683.7,14.0966,1679.09,72307.8,14.0966,1901.73,90542.8,14.0966,2153.73,113226,14.0966,2438.97,141360,14.0966,2761.81,176127,14.0966,3127.22,218898,14.0966,3540.81,271226,14.0966,4008.92,334817,14.0966,4538.74,411470,14.0966,5138.38,502973,14.0966,5817.04,610948,14.0966,6585.12,736653,14.0966,7454.39,880741,14.0966,8438.15,1.04302e+06,14.0966,9551.45,1.22224e+06,14.0966,10811.3,1.41602e+06,14.0966,12237,1.62086e+06,14.0966,11.7194,11.96,12.6541,2.21263,4.16949,0.989383,2.67766,5.84076,0.311842,3.14343,7.55825,0.0972771,3.63127,9.58578,0.0303237,4.15787,12.0912,0.00945211,4.73731,15.2286,0.00294633,5.38238,19.1721,0.000918508,6.10553,24.134,0.000286163,6.91951,30.3791,8.92692e-05,7.83792,38.2397,2.78121e-05,8.87555,48.1338,8.65134e-06,10.0489,60.5876,2.7882e-06,11.3761,76.2629,8.29036e-07,12.8779,95.9927,2.4373e-07,14.5775,120.825,4.33068e-09,16.5012,152.08,1.75749e-07,18.6784,191.415,-1.86328e-07,21.1428,240.917,1.91829e-07,23.9322,303.213,-1.81475e-07,27.0895,381.602,7.0186e-08,30.6634,480.231,-2.86769e-08,34.7087,604.316,2.40784e-07,39.2876,760.401,9.87368e-08,44.4705,956.705,1.22263e-07,50.3371,1203.54,-4.31966e-07,56.9776,1513.81,-1.9705e-07,64.494,1903.69,-2.763e-08,73.0018,2393.4,3.9185e-07,82.6317,3008.13,1.35379e-07,93.5318,3779.25,-4.16351e-08,105.869,4745.7,2.06965e-08,119.834,5955.6,-3.18887e-07,135.641,7468.12,-1.48271e-08,153.531,9355.62,2.00739e-07,173.781,11705.8,2.28358e-07,196.701,14624.1,-1.93587e-08,222.642,18235,-2.88101e-07,252.003,22683.4,-2.24732e-07,285.234,28134,8.56806e-09,322.845,34767,2.34258e-07,365.413,42770.9,2.99668e-07,413.588,52327.9,8.28644e-08,468.111,63591.2,-3.07049e-07,529.814,76653.2,-3.1888e-07,599.642,91502.5,-6.72276e-08,678.662,107975,2.26339e-07,768.083,125705,3.69212e-07,869.267,144088,2.04077e-07,983.76,162277,-2.80509e-07,1113.3,179223,-4.22737e-07,1259.87,193777,-1.71951e-07,1425.68,204839,4.55555e-07,11.7194,11.96,12.6541,2.21263,4.16949,0.989383,2.67766,5.84076,0.311842,3.14343,7.55825,0.0972771,3.63127,9.58578,0.0303237,4.15787,12.0912,0.00945211,4.73731,15.2286,0.00294633,5.38238,19.1721,0.000918508,6.10553,24.134,0.000286163,6.91951,30.3791,8.92692e-05,7.83792,38.2397,2.78121e-05,8.87555,48.1338,8.65134e-06,10.0489,60.5876,2.7882e-06,11.3761,76.2629,8.29036e-07,12.8779,95.9927,2.4373e-07,14.5775,120.825,1e-08,16.5012,152.08,1.75749e-07,18.6784,191.415,1e-08,21.1428,240.917,1.91829e-07,23.9322,303.213,1e-08,27.0895,381.602,7.0186e-08,30.6634,480.231,1e-08,34.7087,604.316,2.40784e-07,39.2876,760.401,9.87368e-08,44.4705,956.705,1.22263e-07,50.3371,1203.54,1e-08,56.9776,1513.81,1e-08,64.494,1903.69,1e-08,73.0018,2393.4,3.9185e-07,82.6317,3008.13,1.35379e-07,93.5318,3779.25,1e-08,105.869,4745.7,2.06965e-08,119.834,5955.6,1e-08,135.641,7468.12,1e-08,153.531,9355.62,2.00739e-07,173.781,11705.8,2.28358e-07,196.701,14624.1,1e-08,222.642,18235,1e-08,252.003,22683.4,1e-08,285.234,28134,1e-08,322.845,34767,2.34258e-07,365.413,42770.9,2.99668e-07,413.588,52327.9,8.28644e-08,468.111,63591.2,1e-08,529.814,76653.2,1e-08,599.642,91502.5,1e-08,678.662,107975,2.26339e-07,768.083,125705,3.69212e-07,869.267,144088,2.04077e-07,983.76,162277,1e-08,1113.3,179223,1e-08,1259.87,193777,1e-08,1425.68,204839,4.55555e-07,6.2823,3.27286,2.43537,0.219672,6.18826,2.24117,0.56371,6.87772,2.63624,0.308279,5,15,4,6,2,2,2,7,0,5,8,0,5,6,0,0,5,0,6,17,0,4,18,0,2,18,0,16,41,0,6,43,0,3,35,0,10,64,0,10,90,0,6,37,0,12,145,0,9,57,0,20,194,0,10,227,0,13,379,0,19,332,0,41,729,0,40,462,0,17,689,0,44,384,0,18,838,0,41,1269,0,75,3289,0,112,1815,0,87,3168,0,123,1995,0,80,4926,0,78,2641,0,272,10209,0,253,9573,0,118,12174,0,265,20815,0,246,42376,0,313,23752,0,273,28305,0,158,14631,0,225,61503,0,349,50474,0,640,85409,0,342,93348,0,1359,34214,0,462,149980,0,246,35849,0,867,85888,0,1314,201290,0,2420,158376,0,1704,144540,0,1778,195810,0
-1.05176e+08,1,8.88811e-15,10,1023,0,1.05176e+08,0.528882,1.08665,0.389689,0.145397,0.379329,3.24381,0.161596,0.446195,1.77396,0.159177,1.15e+07,4.49998e+06,6.79999e+06,1.15e+07,4.49997e+06,6.79999e+06,1.15e+07,4.49996e+06,6.79999e+06,1.15e+07,4.49995e+06,6.79999e+06,1.14999e+07,4.49993e+06,6.79999e+06,1.14999e+07,4.49991e+06,6.79999e+06,1.14999e+07,4.49989e+06,6.79999e+06,1.14999e+07,4.49986e+06,6.79999e+06,1.14999e+07,4.49982e+06,6.79999e+06,1.14999e+07,4.49977e+06,6.79999e+06,1.14999e+07,4.49971e+06,6.79999e+06,1.14999e+07,4.49963e+06,6.79999e+06,1.14998e+07,4.49953e+06,6.79999e+06,1.14998e+07,4.49941e+06,6.79999e+06,1.14998e+07,4.49926e+06,6.79999e+06,1.14998e+07,4.49906e+06,6.79999e+06,1.14997e+07,4.49882e+06,6.79999e+06,1.14997e+07,4.49851e+06,6.79999e+06,1.14997e+07,4.49812e+06,6.79999e+06,1.14996e+07,4.49764e+06,6.79999e+06,1.14996e+07,4.49702e+06,6.79999e+06,1.14995e+07,4.49625e+06,6.79999e+06,1.14995e+07,4.49528e+06,6.79999e+06,1.14994e+07,4.49406e+06,6.79999e+06,1.14993e+07,4.49253e+06,6.79999e+06,1.14992e+07,4.49059e+06,6.79999e+06,1.14991e+07,4.48817e+06,6.79999e+06,1.1499e+07,4.48511e+06,6.79999e+06,1.14988e+07,4.48128e+06,6.79999e+06,1.14987e+07,4.47646e+06,6.79999e+06,1.14985e+07,4.47041e+06,6.79999e+06,1.14983e+07,4.46281e+06,6.79999e+06,1.14981e+07,4.4533e+06,6.79999e+06,1.14979e+07,4.44138e+06,6.79999e+06,1.14976e+07,4.42649e+06,6.79999e+06,1.14972e+07,4.40789e+06,6.79999e+06,1.14969e+07,4.38471e+06,6.79999e+06,1.14965e+07,4.35592e+06,6.79999e+06,1.1496e+07,4.32027e+06,6.79999e+06,1.14955e+07,4.27629e+06,6.79999e+06,1.14949e+07,4.22231e+06,6.79999e+06,1.14942e+07,4.15647e+06,6.79999e+06,1.14934e+07,4.07676e+06,6.79999e+06,1.14926e+07,3.98112e+06,6.79999e+06,1.14916e+07,3.86765e+06,6.79999e+06,1.14905e+07,3.73474e+06,6.79999e+06,1.14892e+07,3.58148e+06,6.79999e+06,1.14878e+07,3.40785e+06,6.79999e+06,1.14862e+07,3.21513e+06,6.79999e+06,1.14844e+07,3.00605e+06,6.79999e+06,1.14823e+07,2.7848e+06,6.79999e+06,1.148e+07,2.5568e+06,6.79999e+06,1.14773e+07,2.32825e+06,6.79999e+06,13.5742,8.52444,0.508366,16.8306,13.2585,0.162638,20.0035,17.569,0.0507846,23.2616,22.4214,0.0158319,26.7328,28.3297,0.00493498,30.5212,35.6974,0.00153831,34.7178,44.9473,0.000479527,39.4086,56.5822,0.000149456,44.6796,71.2245,4.66214e-05,50.6209,89.6543,1.45419e-05,57.3297,112.852,4.54748e-06,64.9129,142.051,1.43857e-06,73.4897,178.803,4.36618e-07,83.1934,225.062,1.40153e-07,94.1745,283.286,4.96378e-08,106.602,356.568,1.05434e-07,120.669,448.799,-6.49244e-08,136.59,564.873,1.70148e-07,154.611,710.948,-5.34594e-08,175.008,894.767,1.63407e-07,198.097,1126.06,8.04804e-08,224.231,1417.07,1.14667e-07,253.813,1783.15,-1.71227e-07,287.297,2243.62,-2.88466e-07,325.198,2822.67,-4.33651e-07,368.098,3550.67,7.9318e-08,416.657,4465.65,3.13319e-07,471.621,5615.16,3.4613e-07,533.835,7058.61,-1.19199e-07,604.255,8870.02,-2.79964e-07,683.962,11141.4,-2.30521e-07,774.182,13986.7,-2.55099e-07,876.299,17546.4,1.23585e-07,991.883,21993.1,1.41192e-07,1122.71,27536.7,-9.71886e-08,1270.78,34430.7,-3.68368e-07,1438.38,42977.7,-3.45379e-07,1628.07,53532.7,-3.25328e-09,1842.77,66504.6,2.6362e-07,2085.77,82350.2,2.53445e-07,2360.79,101560,-2.47407e-08,2672.05,124632,-3.80602e-07,3024.31,152018,-4.79005e-07,3422.98,184060,-1.14379e-07,3874.15,220884,2.64297e-07,4384.72,262283,3.44131e-07,4962.49,307576,7.5349e-08,5616.29,355497,-3.63097e-07,6356.1,404126,-6.05442e-07,7193.18,450932,-2.72333e-07,8140.28,492963,2.29675e-07,9211.79,527178,4.3387e-07,10424,550893,-1.0711e-07,10.102,8.06553,2.81012,10.6436,8.57909,0.869423,11.5336,10.2515,0.270869,12.7211,12.7138,0.0844293,14.1823,15.9373,0.0263173,15.9122,20.0383,0.0082035,17.9198,25.2154,0.00255722,20.2244,31.7373,0.000797017,22.8539,39.9486,0.000248622,25.8438,50.2851,7.75492e-05,29.237,63.2963,2.42508e-05,33.0837,79.6738,7.67162e-06,37.4415,100.288,2.32837e-06,42.3767,126.236,7.33e-07,47.9646,158.896,2.79256e-07,54.2906,200.003,9.87351e-09,61.452,251.741,1.61085e-07,69.5585,316.859,-2.47141e-07,78.7347,398.812,8.93552e-08,89.1218,501.948,-2.53231e-07,100.879,631.736,-1.25047e-07,114.188,795.049,-1.78808e-07,129.252,1000.53,2.6733e-07,146.304,1259.03,4.50292e-07,165.605,1584.19,6.76904e-07,187.452,1993.12,-1.23808e-07,212.181,2507.27,-4.89068e-07,240.173,3153.54,-5.40284e-07,271.856,3965.56,1.86061e-07,307.719,4985.38,4.37004e-07,348.313,6265.4,3.59828e-07,394.26,7870.83,3.98192e-07,446.268,9882.51,-1.92908e-07,505.135,12400.3,-2.20392e-07,571.766,15546.9,1.51705e-07,647.184,19472.2,5.74996e-07,732.547,24357.4,5.39112e-07,829.167,30420,5.07815e-09,938.526,37916.3,-4.11492e-07,1062.3,47143.9,-3.9561e-07,1202.4,58439.2,3.86185e-08,1360.96,72169.3,5.94093e-07,1540.42,88715.8,7.47693e-07,1743.53,108445,1.78537e-07,1973.41,131665,-4.12549e-07,2233.57,158557,-5.37164e-07,2528,189103,-1.17615e-07,2861.2,222986,5.66769e-07,3238.27,259510,9.45053e-07,3664.97,297540,4.25093e-07,4147.81,335497,-3.58506e-07,4694.17,371444,-6.7724e-07,5312.37,403256,1.67192e-07,1.61744,3.89446,9.84394,3.28846,7.5504,12.774,5.07607,11.7187,13.6844,7.03202,16.8147,13.9681,9.20215,23.1769,14.0566,11.6301,31.1672,14.0841,14.3598,41.2186,14.0927,17.4376,53.8688,14.0954,20.9137,69.7915,14.0962,24.8432,89.8341,14.0965,29.2879,115.063,14.0966,34.3168,146.819,14.0966,40.0078,186.792,14.0966,46.4487,237.107,14.0966,53.7388,300.44,14.0966,61.9903,380.158,14.0966,71.3301,480.499,14.0966,81.902,606.796,14.0966,93.8685,765.761,14.0966,107.414,965.837,14.0966,122.746,1217.65,14.0966,140.101,1534.57,14.0966,159.745,1933.41,14.0966,181.981,2435.3,14.0966,207.15,3066.85,14.0966,235.64,3861.46,14.0966,267.889,4861.11,14.0966,304.391,6118.54,14.0966,345.709,7699.91,14.0966,392.478,9688.22,14.0966,445.417,12187.5,14.0966,505.339,15327.7,14.0966,573.165,19271.6,14.0966,649.938,24222,14.0966,736.839,30430.9,14.0966,835.202,38211.5,14.0966,946.539,47950.3,14.0966,1072.56,60122.8,14.0966,1215.21,75309.9,14.0966,1376.66,94216.2,14.0966,1559.41,117688,14.0966,1766.26,146729,14.0966,2000.39,182510,14.0966,2265.39,226372,14.0966,2565.33,279806,14.0966,2904.81,344416,14.0966,3289.05,421845,14.0966,3723.93,513667,14.0966,4216.13,621231,14.0966,4773.18,745478,14.0966,5403.64,886744,14.0966,6117.15,1.04457e+06,14.0966,6924.63,1.2176e+06,14.0966,11.7194,11.96,12.6541,13.9321,16.1295,13.6434,16.6097,21.9702,13.9553,19.7532,29.5285,14.0526,23.3844,39.1143,14.0829,27.5423,51.2054,14.0923,32.2796,66.434,14.0953,37.662,85.6061,14.0962,43.7675,109.74,14.0965,50.687,140.119,14.0966,58.5249,178.359,14.0966,67.4005,226.493,14.0966,77.4493,287.08,14.0966,88.8254,363.343,14.0966,101.703,459.336,14.0966,116.281,580.161,14.0966,132.782,732.241,14.0966,151.46,923.655,14.0966,172.603,1164.57,14.0966,196.535,1467.79,14.0966,223.625,1849.39,14.0966,254.288,2329.62,14.0966,288.997,2933.93,14.0966,328.285,3694.33,14.0966,372.755,4651.04,14.0966,423.092,5854.57,14.0966,480.07,7368.38,14.0966,544.564,9272.08,14.0966,617.566,11665.5,14.0966,700.197,14673.6,14.0966,793.729,18452.9,14.0966,899.599,23198.6,14.0966,1019.43,29154.1,14.0966,1155.07,36622.3,14.0966,1308.6,45977.9,14.0966,1482.39,57683.7,14.0966,1679.09,72307.8,14.0966,1901.73,90542.8,14.0966,2153.73,113226,14.0966,2438.97,141360,14.0966,2761.81,176127,14.0966,3127.22,218898,14.0966,3540.81,271226,14.0966,4008.92,334817,14.0966,4538.74,411470,14.0966,5138.38,502973,14.0966,5817.04,610948,14.0966,6585.12,736653,14.0966,7454.39,880741,14.0966,8438.15,1.04302e+06,14.0966,9551.45,1.22224e+06,14.0966,10811.3,1.41602e+06,14.0966,12237,1.62086e+06,14.0966,11.7194,11.96,12.6541,2.21263,4.16949,0.989383,2.67766,5.84076,0.311842,3.14343,7.55825,0.0972771,3.63127,9.58578,0.0303237,4.15787,12.0912,0.00945211,4.73731,15.2286,0.00294633,5.38238,19.1721,0.000918508,6.10553,24.134,0.000286163,6.91951,30.3791,8.92692e-05,7.83792,38.2397,2.78121e-05,8.87555,48.1338,8.65134e-06,10.0489,60.5876,2.7882e-06,11.3761,76.2629,8.29036e-07,12.8779,95.9927,2.4373e-07,14.5775,120.825,4.33068e-09,16.5012,152.08,1.75749e-07,18.6784,191.415,-1.86328e-07,21.1428,240.917,1.91829e-07,23.9322,303.213,-1.81475e-07,27.0895,381.602,7.0186e-08,30.6634,480.231,-2.86769e-08,34.7087,604.316,2.40784e-07,39.2876,760.401,9.87368e-08,44.4705,956.705,1.22263e-07,50.3371,1203.54,-4.31966e-07,56.9776,1513.81,-1.9705e-07,64.494,1903.69,-2.763e-08,73.0018,2393.4,3.9185e-07,82.6317,3008.13,1.35379e-07,93.5318,3779.25,-4.16351e-08,105.869,4745.7,2.06965e-08,119.834,5955.6,-3.18887e-07,135.641,7468.12,-1.48271e-08,153.531,9355.62,2.00739e-07,173.781,11705.8,2.28358e-07,196.701,14624.1,-1.93587e-08,222.642,18235,-2.88101e-07,252.003,22683.4,-2.24732e-07,285.234,28134,8.56806e-09,322.845,34767,2.34258e-07,365.413,42770.9,2.99668e-07,413.588,52327.9,8.28644e-08,468.111,63591.2,-3.07049e-07,529.814,76653.2,-3.1888e-07,599.642,91502.5,-6.72276e-08,678.662,107975,2.26339e-07,768.083,125705,3.69212e-07,869.267,144088,2.04077e-07,983.76,162277,-2.80509e-07,1113.3,179223,-4.22737e-07,1259.87,193777,-1.71951e-07,1425.68,204839,4.55555e-07,11.7194,11.96,12.6541,2.21263,4.16949,0.989383,2.67766,5.84076,0.311842,3.14343,7.55825,0.0972771,3.63127,9.58578,0.0303237,4.15787,12.0912,0.00945211,4.73731,15.2286,0.00294633,5.38238,19.1721,0.000918508,6.10553,24.134,0.000286163,6.91951,30.3791,8.92692e-05,7.83792,38.2397,2.78121e-05,8.87555,48.1338,8.65134e-06,10.0489,60.5876,2.7882e-06,11.3761,76.2629,8.29036e-07,12.8779,95.9927,2.4373e-07,14.5775,120.825,1e-08,16.5012,152.08,1.75749e-07,18.6784,191.415,1e-08,21.1428,240.917,1.91829e-07,23.9322,303.213,1e-08,27.0895,381.602,7.0186e-08,30.6634,480.231,1e-08,34.7087,604.316,2.40784e-07,39.2876,760.401,9.87368e-08,44.4705,956.705,1.22263e-07,50.3371,1203.54,1e-08,56.9776,1513.81,1e-08,64.494,1903.69,1e-08,73.0018,2393.4,3.9185e-07,82.6317,3008.13,1.35379e-07,93.5318,3779.25,1e-08,105.869,4745.7,2.06965e-08,119.834,5955.6,1e-08,135.641,7468.12,1e-08,153.531,9355.62,2.00739e-07,173.781,11705.8,2.28358e-07,196.701,14624.1,1e-08,222.642,18235,1e-08,252.003,22683.4,1e-08,285.234,28134,1e-08,322.845,34767,2.34258e-07,365.413,42770.9,2.99668e-07,413.588,52327.9,8.28644e-08,468.111,63591.2,1e-08,529.814,76653.2,1e-08,599.642,91502.5,1e-08,678.662,107975,2.26339e-07,768.083,125705,3.69212e-07,869.267,144088,2.04077e-07,983.76,162277,1e-08,1113.3,179223,1e-08,1259.87,193777,1e-08,1425.68,204839,4.55555e-07,6.2823,3.27286,2.43537,0.219672,6.18826,2.24117,0.56371,6.87772,2.63624,0.308279,8,11,22,3,2,1,0,3,1,4,10,0,3,9,0,3,8,0,7,1,0,10,11,0,4,17,0,10,38,0,2,57,0,7,43,0,10,32,0,6,46,0,6,71,0,15,57,0,10,148,0,9,82,0,35,192,0,23,316,0,40,520,0,14,470,0,73,396,0,33,355,0,55,999,0,51,1790,0,132,1677,0,70,2190,0,55,2630,0,86,2512,0,114,5920,0,115,2472,0,83,9509,0,74,4381,0,154,5942,0,219,16888,0,281,16412,0,285,19237,0,174,24000,0,181,22529,0,112,40086,0,406,47705,0,171,27226,0,445,63903,0,373,68468,0,557,98683,0,568,140014,0,416,150647,0,748,84607,0,1074,226388,0,898,69796,0,1549,306169,0,1130,185334,0
-1.05176e+08,1,8.88811e-15,10,1023,0,1.05176e+08,0.528882,1.08665,0.389689,0.145397,0.379329,3.24381,0.161596,0.446195,1.77396,0.159177,1.15e+07,4.49998e+06,6.79999e+06,1.15e+07,4.49997e+06,6.79999e+06,1.15e+07,4.49996e+06,6.79999e+06,1.15e+07,4.49995e+06,6.79999e+06,1.14999e+07,4.49993e+06,6.79999e+06,1.14999e+07,4.49991e+06,6.79999e+06,1.14999e+07,4.49989e+06,6.79999e+06,1.14999e+07,4.49986e+06,6.79999e+06,1.14999e+07,4.49982e+06,6.79999e+06,1.14999e+07,4.49977e+06,6.79999e+06,1.14999e+07,4.49971e+06,6.79999e+06,1.14999e+07,4.49963e+06,6.79999e+06,1.14998e+07,4.49953e+06,6.79999e+06,1.14998e+07,4.49941e+06,6.79999e+06,1.14998e+07,4.49926e+06,6.79999e+06,1.14998e+07,4.49906e+06,6.79999e+06,1.14997e+07,4.49882e+06,6.79999e+06,1.14997e+07,4.49851e+06,6.79999e+06,1.14997e+07,4.49812e+06,6.79999e+06,1.14996e+07,4.49764e+06,6.79999e+06,1.14996e+07,4.49702e+06,6.79999e+06,1.14995e+07,4.49625e+06,6.79999e+06,1.14995e+07,4.49528e+06,6.79999e+06,1.14994e+07,4.49406e+06,6.79999e+06,1.14993e+07,4.49253e+06,6.79999e+06,1.14992e+07,4.49059e+06,6.79999e+06,1.14991e+07,4.48817e+06,6.79999e+06,1.1499e+07,4.48511e+06,6.79999e+06,1.14988e+07,4.48128e+06,6.79999e+06,1.14987e+07,4.47646e+06,6.79999e+06,1.14985e+07,4.47041e+06,6.79999e+06,1.14983e+07,4.46281e+06,6.79999e+06,1.14981e+07,4.4533e+06,6.79999e+06,1.14979e+07,4.44138e+06,6.79999e+06,1.14976e+07,4.42649e+06,6.79999e+06,1.14972e+07,4.40789e+06,6.79999e+06,1.14969e+07,4.38471e+06,6.79999e+06,1.14965e+07,4.35592e+06,6.79999e+06,1.1496e+07,4.32027e+06,6.79999e+06,1.14955e+07,4.27629e+06,6.79999e+06,1.14949e+07,4.22231e+06,6.79999e+06,1.14942e+07,4.15647e+06,6.79999e+06,1.14934e+07,4.07676e+06,6.79999e+06,1.14926e+07,3.98112e+06,6.79999e+06,1.14916e+07,3.86765e+06,6.79999e+06,1.14905e+07,3.73474e+06,6.79999e+06,1.14892e+07,3.58148e+06,6.79999e+06,1.14878e+07,3.40785e+06,6.79999e+06,1.14862e+07,3.21513e+06,6.79999e+06,1.14844e+07,3.00605e+06,6.79999e+06,1.14823e+07,2.7848e+06,6.79999e+06,1.148e+07,2.5568e+06,6.79999e+06,1.14773e+07,2.32825e+06,6.79999e+06,13.5742,8.52444,0.508366,16.8306,13.2585,0.162638,20.0035,17.569,0.0507846,23.2616,22.4214,0.0158319,26.7328,28.3297,0.00493498,30.5212,35.6974,0.00153831,34.7178,44.9473,0.000479527,39.4086,56.5822,0.000149456,44.6796,71.2245,4.66214e-05,50.6209,89.6543,1.45419e-05,57.3297,112.852,4.54748e-06,64.9129,142.051,1.43857e-06,73.4897,178.803,4.36618e-07,83.1934,225.062,1.40153e-07,94.1745,283.286,4.96378e-08,106.602,356.568,1.05434e-07,120.669,448.799,-6.49244e-08,136.59,564.873,1.70148e-07,154.611,710.948,-5.34594e-08,175.008,894.767,1.63407e-07,198.097,1126.06,8.04804e-08,224.231,1417.07,1.14667e-07,253.813,1783.15,-1.71227e-07,287.297,2243.62,-2.88466e-07,325.198,2822.67,-4.33651e-07,368.098,3550.67,7.9318e-08,416.657,4465.65,3.13319e-07,471.621,5615.16,3.4613e-07,533.835,7058.61,-1.19199e-07,604.255,8870.02,-2.79964e-07,683.962,11141.4,-2.30521e-07,774.182,13986.7,-2.55099e-07,876.299,17546.4,1.23585e-07,991.883,21993.1,1.41192e-07,1122.71,27536.7,-9.71886e-08,1270.78,34430.7,-3.68368e-07,1438.38,42977.7,-3.45379e-07,1628.07,53532.7,-3.25328e-09,1842.77,66504.6,2.6362e-07,2085.77,82350.2,2.53445e-07,2360.79,101560,-2.47407e-08,2672.05,124632,-3.80602e-07,3024.31,152018,-4.79005e-07,3422.98,184060,-1.14379e-07,3874.15,220884,2.64297e-07,4384.72,262283,3.44131e-07,4962.49,307576,7.5349e-08,5616.29,355497,-3.63097e-07,6356.1,404126,-6.05442e-07,7193.18,450932,-2.72333e-07,8140.28,492963,2.29675e-07,9211.79,527178,4.3387e-07,10424,550893,-1.0711e-07,10.102,8.06553,2.81012,10.6436,8.57909,0.869423,11.5336,10.2515,0.270869,12.7211,12.7138,0.0844293,14.1823,15.9373,0.0263173,15.9122,20.0383,0.0082035,17.9198,25.2154,0.00255722,20.2244,31.7373,0.000797017,22.8539,39.9486,0.000248622,25.8438,50.2851,7.75492e-05,29.237,63.2963,2.42508e-05,33.0837,79.6738,7.67162e-06,37.4415,100.288,2.32837e-06,42.3767,126.236,7.33e-07,47.9646,158.896,2.79256e-07,54.2906,200.003,9.87351e-09,61.452,251.741,1.61085e-07,69.5585,316.859,-2.47141e-07,78.7347,398.812,8.93552e-08,89.1218,501.948,-2.53231e-07,100.879,631.736,-1.25047e-07,114.188,795.049,-1.78808e-07,129.252,1000.53,2.6733e-07,146.304,1259.03,4.50292e-07,165.605,1584.19,6.76904e-07,187.452,1993.12,-1.23808e-07,212.181,2507.27,-4.89068e-07,240.173,3153.54,-5.40284e-07,271.856,3965.56,1.86061e-07,307.719,4985.38,4.37004e-07,348.313,6265.4,3.59828e-07,394.26,7870.83,3.98192e-07,446.268,9882.51,-1.92908e-07,505.135,12400.3,-2.20392e-07,571.766,15546.9,1.51705e-07,647.184,19472.2,5.74996e-07,732.547,24357.4,5.39112e-07,829.167,30420,5.07815e-09,938.526,37916.3,-4.11492e-07,1062.3,47143.9,-3.9561e-07,1202.4,58439.2,3.86185e-08,1360.96,72169.3,5.94093e-07,1540.42,88715.8,7.47693e-07,1743.53,108445,1.78537e-07,1973.41,131665,-4.12549e-07,2233.57,158557,-5.37164e-07,2528,189103,-1.17615e-07,2861.2,222986,5.66769e-07,3238.27,259510,9.45053e-07,3664.97,297540,4.25093e-07,4147.81,335497,-3.58506e-07,4694.17,371444,-6.7724e-07,5312.37,403256,1.67192e-07,1.61744,3.89446,9.84394,3.28846,7.5504,12.774,5.07607,11.7187,13.6844,7.03202,16.8147,13.9681,9.20215,23.1769,14.0566,11.6301,31.1672,14.0841,14.3598,41.2186,14.0927,17.4376,53.8688,14.0954,20.9137,69.7915,14.0962,24.8432,89.8341,14.0965,29.2879,115.063,14.0966,34.3168,146.819,14.0966,40.0078,186.792,14.0966,46.4487,237.107,14.0966,53.7388,300.44,14.0966,61.9903,380.158,14.0966,71.3301,480.499,14.0966,81.902,606.796,14.0966,93.8685,765.761,14.0966,107.414,965.837,14.0966,122.746,1217.65,14.0966,140.101,1534.57,14.0966,159.745,1933.41,14.0966,181.981,2435.3,14.0966,207.15,3066.85,14.0966,235.64,3861.46,14.0966,267.889,4861.11,14.0966,304.391,6118.54,14.0966,345.709,7699.91,14.0966,392.478,9688.22,14.0966,445.417,12187.5,14.0966,505.339,15327.7,14.0966,573.165,19271.6,14.0966,649.938,24222,14.0966,736.839,30430.9,14.0966,835.202,38211.5,14.0966,946.539,47950.3,14.0966,1072.56,60122.8,14.0966,1215.21,75309.9,14.0966,1376.66,94216.2,14.0966,1559.41,117688,14.0966,1766.26,146729,14.0966,2000.39,182510,14.0966,2265.39,226372,14.0966,2565.33,279806,14.0966,2904.81,344416,14.0966,3289.05,421845,14.0966,3723.93,513667,14.0966,4216.13,621231,14.0966,4773.18,745478,14.0966,5403.64,886744,14.0966,6117.15,1.04457e+06,14.0966,6924.63,1.2176e+06,14.0966,11.7194,11.96,12.6541,13.9321,16.1295,13.6434,16.6097,21.9702,13.9553,19.7532,29.5285,14.0526,23.3844,39.1143,14.0829,27.5423,51.2054,14.0923,32.2796,66.434,14.0953,37.662,85.6061,14.0962,43.7675,109.74,14.0965,50.687,140.119,14.0966,58.5249,178.359,14.0966,67.4005,226.493,14.0966,77.4493,287.08,14.0966,88.8254,363.343,14.0966,101.703,459.336,14.0966,116.281,580.161,14.0966,132.782,732.241,14.0966,151.46,923.655,14.0966,172.603,1164.57,14.0966,196.535,1467.79,14.0966,223.625,1849.39,14.0966,254.288,2329.62,14.0966,288.997,2933.93,14.0966,328.285,3694.33,14.0966,372.755,4651.04,14.0966,423.092,5854.57,14.0966,480.07,7368.38,14.0966,544.564,9272.08,14.0966,617.566,11665.5,14.0966,700.197,14673.6,14.0966,793.729,18452.9,14.0966,899.599,23198.6,14.0966,1019.43,29154.1,14.0966,1155.07,36622.3,14.0966,1308.6,45977.9,14.0966,1482.39,57683.7,14.0966,1679.09,72307.8,14.0966,1901.73,90542.8,14.0966,2153.73,113226,14.0966,2438.97,141360,14.0966,2761.81,176127,14.0966,3127.22,218898,14.0966,3540.81,271226,14.0966,4008.92,334817,14.0966,4538.74,411470,14.0966,5138.38,502973,14.0966,5817.04,610948,14.0966,6585.12,736653,14.0966,7454.39,880741,14.0966,8438.15,1.04302e+06,14.0966,9551.45,1.22224e+06,14.0966,10811.3,1.41602e+06,14.0966,12237,1.62086e+06,14.0966,11.7194,11.96,12.6541,2.21263,4.16949,0.989383,2.67766,5.84076,0.311842,3.14343,7.55825,0.0972771,3.63127,9.58578,0.0303237,4.15787,12.0912,0.00945211,4.73731,15.2286,0.00294633,5.38238,19.1721,0.000918508,6.10553,24.134,0.000286163,6.91951,30.3791,8.92692e-05,7.83792,38.2397,2.78121e-05,8.87555,48.1338,8.65134e-06,10.0489,60.5876,2.7882e-06,11.3761,76.2629,8.29036e-07,12.8779,95.9927,2.4373e-07,14.5775,120.825,4.33068e-09,16.5012,152.08,1.75749e-07,18.6784,191.415,-1.86328e-07,21.1428,240.917,1.91829e-07,23.9322,303.213,-1.81475e-07,27.0895,381.602,7.0186e-08,30.6634,480.231,-2.86769e-08,34.7087,604.316,2.40784e-07,39.2876,760.401,9.87368e-08,44.4705,956.705,1.22263e-07,50.3371,1203.54,-4.31966e-07,56.9776,1513.81,-1.9705e-07,64.494,1903.69,-2.763e-08,73.0018,2393.4,3.9185e-07,82.6317,3008.13,1.35379e-07,93.5318,3779.25,-4.16351e-08,105.869,4745.7,2.06965e-08,119.834,5955.6,-3.18887e-07,135.641,7468.12,-1.48271e-08,153.531,9355.62,2.00739e-07,173.781,11705.8,2.28358e-07,196.701,14624.1,-1.93587e-08,222.642,18235,-2.88101e-07,252.003,22683.4,-2.24732e-07,285.234,28134,8.56806e-09,322.845,34767,2.34258e-07,365.413,42770.9,2.99668e-07,413.588,52327.9,8.28644e-08,468.111,63591.2,-3.07049e-07,529.814,76653.2,-3.1888e-07,599.642,91502.5,-6.72276e-08,678.662,107975,2.26339e-07,768.083,125705,3.69212e-07,869.267,144088,2.04077e-07,983.76,162277,-2.80509e-07,1113.3,179223,-4.22737e-07,1259.87,193777,-1.71951e-07,1425.68,204839,4.55555e-07,11.7194,11.96,12.6541,2.21263,4.16949,0.989383,2.67766,5.84076,0.311842,3.14343,7.55825,0.0972771,3.63127,9.58578,0.0303237,4.15787,12.0912,0.00945211,4.73731,15.2286,0.00294633,5.38238,19.1721,0.000918508,6.10553,24.134,0.000286163,6.91951,30.3791,8.92692e-05,7.83792,38.2397,2.78121e-05,8.87555,48.1338,8.65134e-06,10.0489,60.5876,2.7882e-06,11.3761,76.2629,8.29036e-07,12.8779,95.9927,2.4373e-07,14.5775,120.825,1e-08,16.5012,152.08,1.75749e-07,18.6784,191.415,1e-08,21.1428,240.917,1.91829e-07,23.9322,303.213,1e-08,27.0895,381.602,7.0186e-08,30.6634,480.231,1e-08,34.7087,604.316,2.40784e-07,39.2876,760.401,9.87368e-08,44.4705,956.705,1.22263e-07,50.3371,1203.54,1e-08,56.9776,1513.81,1e-08,64.494,1903.69,1e-08,73.0018,2393.4,3.9185e-07,82.6317,3008.13,1.35379e-07,93.5318,3779.25,1e-08,105.869,4745.7,2.06965e-08,119.834,5955.6,1e-08,135.641,7468.12,1e-08,153.531,9355.62,2.00739e-07,173.781,11705.8,2.28358e-07,196.701,14624.1,1e-08,222.642,18235,1e-08,252.003,22683.4,1e-08,285.234,28134,1e-08,322.845,34767,2.34258e-07,365.413,42770.9,2.99668e-07,413.588,52327.9,8.28644e-08,468.111,63591.2,1e-08,529.814,76653.2,1e-08,599.642,91502.5,1e-08,678.662,107975,2.26339e-07,768.083,125705,3.69212e-07,869.267,144088,2.04077e-07,983.76,162277,1e-08,1113.3,179223,1e-08,1259.87,193777,1e-08,1425.68,204839,4.55555e-07,6.2823,3.27286,2.43537,0.219672,6.18826,2.24117,0.56371,6.87772,2.63624,0.308279,11,21,16,1,5,1,1,3,0,1,5,0,8,5,0,7,7,0,9,25,0,5,18,0,5,35,0,11,30,0,6,23,0,4,61,0,11,89,0,5,149,0,12,48,0,33,88,0,9,195,0,6,125,0,18,222,0,5,474,0,31,310,0,51,951,0,35,827,0,53,460,0,45,761,0,19,855,0,72,3183,0,72,1982,0,29,3554,0,87,2233,0,183,1611,0,59,4352,0,118,5095,0,186,7964,0,110,6435,0,92,12473,0,212,17342,0,356,9323,0,172,8185,0,310,14177,0,132,29728,0,390,59932,0,205,27169,0,218,36970,0,532,165622,0,1332,77612,0,306,76073,0,793,95199,0,1176,107896,0,905,136589,0,615,220908,0,625,314025,0,3647,195453,0
-1.05176e+08,1,8.88811e-15,10,1023,0,1.05176e+08,0.528882,1.08665,0.389689,0.145397,0.379329,3.24381,0.161596,0.446195,1.77396,0.159177,1.15e+07,4.49998e+06,6.79999e+06,1.15e+07,4.49997e+06,6.79999e+06,1.15e+07,4.49996e+06,6.79999e+06,1.15e+07,4.49995e+06,6.79999e+06,1.14999e+07,4.49993e+06,6.79999e+06,1.14999e+07,4.49991e+06,6.79999e+06,1.14999e+07,4.49989e+06,6.79999e+06,1.14999e+07,4.49986e+06,6.79999e+06,1.14999e+07,4.49982e+06,6.79999e+06,1.14999e+07,4.49977e+06,6.79999e+06,1.14999e+07,4.49971e+06,6.79999e+06,1.14999e+07,4.49963e+06,6.79999e+06,1.14998e+07,4.49953e+06,6.79999e+06,1.14998e+07,4.49941e+06,6.79999e+06,1.14998e+07,4.49926e+06,6.79999e+06,1.14998e+07,4.49906e+06,6.79999e+06,1.14997e+07,4.49882e+06,6.79999e+06,1.14997e+07,4.49851e+06,6.79999e+06,1.14997e+07,4.49812e+06,6.79999e+06,1.14996e+07,4.49764e+06,6.79999e+06,1.14996e+07,4.49702e+06,6.79999e+06,1.14995e+07,4.49625e+06,6.79999e+06,1.14995e+07,4.49528e+06,6.79999e+06,1.14994e+07,4.49406e+06,6.79999e+06,1.14993e+07,4.49253e+06,6.79999e+06,1.14992e+07,4.49059e+06,6.79999e+06,1.14991e+07,4.48817e+06,6.79999e+06,1.1499e+07,4.48511e+06,6.79999e+06,1.14988e+07,4.48128e+06,6.79999e+06,1.14987e+07,4.47646e+06,6.79999e+06,1.14985e+07,4.47041e+06,6.79999e+06,1.14983e+07,4.46281e+06,6.79999e+06,1.14981e+07,4.4533e+06,6.79999e+06,1.14979e+07,4.44138e+06,6.79999e+06,1.14976e+07,4.42649e+06,6.79999e+06,1.14972e+07,4.40789e+06,6.79999e+06,1.14969e+07,4.38471e+06,6.79999e+06,1.14965e+07,4.35592e+06,6.79999e+06,1.1496e+07,4.32027e+06,6.79999e+06,1.14955e+07,4.27629e+06,6.79999e+06,1.14949e+07,4.22231e+06,6.79999e+06,1.14942e+07,4.15647e+06,6.79999e+06,1.14934e+07,4.07676e+06,6.79999e+06,1.14926e+07,3.98112e+06,6.79999e+06,1.14916e+07,3.86765e+06,6.79999e+06,1.14905e+07,3.73474e+06,6.79999e+06,1.14892e+07,3.58148e+06,6.79999e+06,1.14878e+07,3.40785e+06,6.79999e+06,1.14862e+07,3.21513e+06,6.79999e+06,1.14844e+07,3.00605e+06,6.79999e+06,1.14823e+07,2.7848e+06,6.79999e+06,1.148e+07,2.5568e+06,6.79999e+06,1.14773e+07,2.32825e+06,6.79999e+06,13.5742,8.52444,0.508366,16.8306,13.2585,0.162638,20.0035,17.569,0.0507846,23.2616,22.4214,0.0158319,26.7328,28.3297,0.00493498,30.5212,35.6974,0.00153831,34.7178,44.9473,0.000479527,39.4086,56.5822,0.000149456,44.6796,71.2245,4.66214e-05,50.6209,89.6543,1.45419e-05,57.3297,112.852,4.54748e-06,64.9129,142.051,1.43857e-06,73.4897,178.803,4.36618e-07,83.1934,225.062,1.40153e-07,94.1745,283.286,4.96378e-08,106.602,356.568,1.05434e-07,120.669,448.799,-6.49244e-08,136.59,564.873,1.70148e-07,154.611,710.948,-5.34594e-08,175.008,894.767,1.63407e-07,198.097,1126.06,8.04804e-08,224.231,1417.07,1.14667e-07,253.813,1783.15,-1.71227e-07,287.297,2243.62,-2.88466e-07,325.198,2822.67,-4.33651e-07,368.098,3550.67,7.9318e-08,416.657,4465.65,3.13319e-07,471.621,5615.16,3.4613e-07,533.835,7058.61,-1.19199e-07,604.255,8870.02,-2.79964e-07,683.962,11141.4,-2.30521e-07,774.182,13986.7,-2.55099e-07,876.299,17546.4,1.23585e-07,991.883,21993.1,1.41192e-07,1122.71,27536.7,-9.71886e-08,1270.78,34430.7,-3.68368e-07,1438.38,42977.7,-3.45379e-07,1628.07,53532.7,-3.25328e-09,1842.77,66504.6,2.6362e-07,2085.77,82350.2,2.53445e-07,2360.79,101560,-2.47407e-08,2672.05,124632,-3.80602e-07,3024.31,152018,-4.79005e-07,3422.98,184060,-1.14379e-07,3874.15,220884,2.64297e-07,4384.72,262283,3.44131e-07,4962.49,307576,7.5349e-08,5616.29,355497,-3.63097e-07,6356.1,404126,-6.05442e-07,7193.18,450932,-2.72333e-07,8140.28,492963,2.29675e-07,9211.79,527178,4.3387e-07,10424,550893,-1.0711e-07,10.102,8.06553,2.81012,10.6436,8.57909,0.869423,11.5336,10.2515,0.270869,12.7211,12.7138,0.0844293,14.1823,15.9373,0.0263173,15.9122,20.0383,0.0082035,17.9198,25.2154,0.00255722,20.2244,31.7373,0.000797017,22.8539,39.9486,0.000248622,25.8438,50.2851,7.75492e-05,29.237,63.2963,2.42508e-05,33.0837,79.6738,7.67162e-06,37.4415,100.288,2.32837e-06,42.3767,126.236,7.33e-07,47.9646,158.896,2.79256e-07,54.2906,200.003,9.87351e-09,61.452,251.741,1.61085e-07,69.5585,316.859,-2.47141e-07,78.7347,398.812,8.93552e-08,89.1218,501.948,-2.53231e-07,100.879,631.736,-1.25047e-07,114.188,795.049,-1.78808e-07,129.252,1000.53,2.6733e-07,146.304,1259.03,4.50292e-07,165.605,1584.19,6.76904e-07,187.452,1993.12,-1.23808e-07,212.181,2507.27,-4.89068e-07,240.173,3153.54,-5.40284e-07,271.856,3965.56,1.86061e-07,307.719,4985.38,4.37004e-07,348.313,6265.4,3.59828e-07,394.26,7870.83,3.98192e-07,446.268,9882.51,-1.92908e-07,505.135,12400.3,-2.20392e-07,571.766,15546.9,1.51705e-07,647.184,19472.2,5.74996e-07,732.547,24357.4,5.39112e-07,829.167,30420,5.07815e-09,938.526,37916.3,-4.11492e-07,1062.3,47143.9,-3.9561e-07,1202.4,58439.2,3.86185e-08,1360.96,72169.3,5.94093e-07,1540.42,88715.8,7.47693e-07,1743.53,108445,1.78537e-07,1973.41,131665,-4.12549e-07,2233.57,158557,-5.37164e-07,2528,189103,-1.17615e-07,2861.2,222986,5.66769e-07,3238.27,259510,9.45053e-07,3664.97,297540,4.25093e-07,4147.81,335497,-3.58506e-07,4694.17,371444,-6.7724e-07,5312.37,403256,1.67192e-07,1.61744,3.89446,9.84394,3.28846,7.5504,12.774,5.07607,11.7187,13.6844,7.03202,16.8147,13.9681,9.20215,23.1769,14.0566,11.6301,31.1672,14.0841,14.3598,41.2186,14.0927,17.4376,53.8688,14.0954,20.9137,69.7915,14.0962,24.8432,89.8341,14.0965,29.2879,115.063,14.0966,34.3168,146.819,14.0966,40.0078,186.792,14.0966,46.4487,237.107,14.0966,53.7388,300.44,14.0966,61.9903,380.158,14.0966,71.3301,480.499,14.0966,81.902,606.796,14.0966,93.8685,765.761,14.0966,107.414,965.837,14.0966,122.746,1217.65,14.0966,140.101,1534.57,14.0966,159.745,1933.41,14.0966,181.981,2435.3,14.0966,207.15,3066.85,14.0966,235.64,3861.46,14.0966,267.889,4861.11,14.0966,304.391,6118.54,14.0966,345.709,7699.91,14.0966,392.478,9688.22,14.0966,445.417,12187.5,14.0966,505.339,15327.7,14.0966,573.165,19271.6,14.0966,649.938,24222,14.0966,736.839,30430.9,14.0966,835.202,38211.5,14.0966,946.539,47950.3,14.0966,1072.56,60122.8,14.0966,1215.21,75309.9,14.0966,1376.66,94216.2,14.0966,1559.41,117688,14.0966,1766.26,146729,14.0966,2000.39,182510,14.0966,2265.39,226372,14.0966,2565.33,279806,14.0966,2904.81,344416,14.0966,3289.05,421845,14.0966,3723.93,513667,14.0966,4216.13,621231,14.0966,4773.18,745478,14.0966,5403.64,886744,14.0966,6117.15,1.04457e+06,14.0966,6924.63,1.2176e+06,14.0966,11.7194,11.96,12.6541,13.9321,16.1295,13.6434,16.6097,21.9702,13.9553,19.7532,29.5285,14.0526,23.3844,39.1143,14.0829,27.5423,51.2054,14.0923,32.2796,66.434,14.0953,37.662,85.6061,14.0962,43.7675,109.74,14.0965,50.687,140.119,14.0966,58.5249,178.359,14.0966,67.4005,226.493,14.0966,77.4493,287.08,14.0966,88.8254,363.343,14.0966,101.703,459.336,14.0966,116.281,580.161,14.0966,132.782,732.241,14.0966,151.46,923.655,14.0966,172.603,1164.57,14.0966,196.535,1467.79,14.0966,223.625,1849.39,14.0966,254.288,2329.62,14.0966,288.997,2933.93,14.0966,328.285,3694.33,14.0966,372.755,4651.04,14.0966,423.092,5854.57,14.0966,480.07,7368.38,14.0966,544.564,9272.08,14.0966,617.566,11665.5,14.0966,700.197,14673.6,14.0966,793.729,18452.9,14.0966,899.599,23198.6,14.0966,1019.43,29154.1,14.0966,1155.07,36622.3,14.0966,1308.6,45977.9,14.0966,1482.39,57683.7,14.0966,1679.09,72307.8,14.0966,1901.73,90542.8,14.0966,2153.73,113226,14.0966,2438.97,141360,14.0966,2761.81,176127,14.0966,3127.22,218898,14.0966,3540.81,271226,14.0966,4008.92,334817,14.0966,4538.74,411470,14.0966,5138.38,502973,14.0966,5817.04,610948,14.0966,6585.12,736653,14.0966,7454.39,880741,14.0966,8438.15,1.04302e+06,14.0966,9551.45,1.22224e+06,14.0966,10811.3,1.41602e+06,14.0966,12237,1.62086e+06,14.0966,11.7194,11.96,12.6541,2.21263,4.16949,0.989383,2.67766,5.84076,0.311842,3.14343,7.55825,0.0972771,3.63127,9.58578,0.0303237,4.15787,12.0912,0.00945211,4.73731,15.2286,0.00294633,5.38238,19.1721,0.000918508,6.10553,24.134,0.000286163,6.91951,30.3791,8.92692e-05,7.83792,38.2397,2.78121e-05,8.87555,48.1338,8.65134e-06,10.0489,60.5876,2.7882e-06,11.3761,76.2629,8.29036e-07,12.8779,95.9927,2.4373e-07,14.5775,120.825,4.33068e-09,16.5012,152.08,1.75749e-07,18.6784,191.415,-1.86328e-07,21.1428,240.917,1.91829e-07,23.9322,303.213,-1.81475e-07,27.0895,381.602,7.0186e-08,30.6634,480.231,-2.86769e-08,34.7087,604.316,2.40784e-07,39.2876,760.401,9.87368e-08,44.4705,956.705,1.22263e-07,50.3371,1203.54,-4.31966e-07,56.9776,1513.81,-1.9705e-07,64.494,1903.69,-2.763e-08,73.0018,2393.4,3.9185e-07,82.6317,3008.13,1.35379e-07,93.5318,3779.25,-4.16351e-08,105.869,4745.7,2.06965e-08,119.834,5955.6,-3.18887e-07,135.641,7468.12,-1.48271e-08,153.531,9355.62,2.00739e-07,173.781,11705.8,2.28358e-07,196.701,14624.1,-1.93587e-08,222.642,18235,-2.88101e-07,252.003,22683.4,-2.24732e-07,285.234,28134,8.56806e-09,322.845,34767,2.34258e-07,365.413,42770.9,2.99668e-07,413.588,52327.9,8.28644e-08,468.111,63591.2,-3.07049e-07,529.814,76653.2,-3.1888e-07,599.642,91502.5,-6.72276e-08,678.662,107975,2.26339e-07,768.083,125705,3.69212e-07,869.267,144088,2.04077e-07,983.76,162277,-2.80509e-07,1113.3,179223,-4.22737e-07,1259.87,193777,-1.71951e-07,1425.68,204839,4.55555e-07,11.7194,11.96,12.6541,2.21263,4.16949,0.989383,2.67766,5.84076,0.311842,3.14343,7.55825,0.0972771,3.63127,9.58578,0.0303237,4.15787,12.0912,0.00945211,4.73731,15.2286,0.00294633,5.38238,19.1721,0.000918508,6.10553,24.134,0.000286163,6.91951,30.3791,8.92692e-05,7.83792,38.2397,2.78121e-05,8.87555,48.1338,8.65134e-06,10.0489,60.5876,2.7882e-06,11.3761,76.2629,8.29036e-07,12.8779,95.9927,2.4373e-07,14.5775,120.825,1e-08,16.5012,152.08,1.75749e-07,18.6784,191.415,1e-08,21.1428,240.917,1.91829e-07,23.9322,303.213,1e-08,27.0895,381.602,7.0186e-08,30.6634,480.231,1e-08,34.7087,604.316,2.40784e-07,39.2876,760.401,9.87368e-08,44.4705,956.705,1.22263e-07,50.3371,1203.54,1e-08,56.9776,1513.81,1e-08,64.494,1903.69,1e-08,73.0018,2393.4,3.9185e-07,82.6317,3008.13,1.35379e-07,93.5318,3779.25,1e-08,105.869,4745.7,2.06965e-08,119.834,5955.6,1e-08,135.641,7468.12,1e-08,153.531,9355.62,2.00739e-07,173.781,11705.8,2.28358e-07,196.701,14624.1,1e-08,222.642,18235,1e-08,252.003,22683.4,1e-08,285.234,28134,1e-08,322.845,34767,2.34258e-07,365.413,42770.9,2.99668e-07,413.588,52327.9,8.28644e-08,468.111,63591.2,1e-08,529.814,76653.2,1e-08,599.642,91502.5,1e-08,678.662,107975,2.26339e-07,768.083,125705,3.69212e-07,869.267,144088,2.04077e-07,983.76,162277,1e-08,1113.3,179223,1e-08,1259.87,193777,1e-08,1425.68,204839,4.55555e-07,6.2823,3.27286,2.43537,0.219672,6.18826,2.24117,0.56371,6.87772,2.63624,0.308279,14,4,9,2,5,2,3,9,0,3,10,0,2,8,0,8,5,0,2,16,0,5,23,0,3,16,0,5,40,0,18,35,0,11,63,0,17,32,0,20,39,0,9,55,0,18,90,0,24,75,0,16,170,0,38,191,0,14,162,0,45,488,0,16,490,0,48,366,0,18,780,0,38,356,0,111,957,0,48,1837,0,94,1531,0,50,1944,0,63,3451,0,124,2631,0,103,1890,0,126,11985,0,153,7728,0,184,8378,0,134,18877,0,205,15235,0,116,25746,0,155,25513,0,173,13965,0,211,36662,0,796,15696,0,357,34569,0,510,71426,0,576,86742,0,685,64693,0,395,192727,0,698,63772,0,364,142550,0,1492,90524,0,1418,135196,0,446,235638,0,1694,248943,0
-1.05176e+08,1,8.88811e-15,10,1023,0,1.05176e+08,0.528882,1.08665,0.389689,0.145397,0.379329,3.24381,0.161596,0.446195,1.77396,0.159177,1.15e+07,4.49998e+06,6.79999e+06,1.15e+07,4.49997e+06,6.79999e+06,1.15e+07,4.49996e+06,6.79999e+06,1.15e+07,4.49995e+06,6.79999e+06,1.14999e+07,4.49993e+06,6.79999e+06,1.14999e+07,4.49991e+06,6.79999e+06,1.14999e+07,4.49989e+06,6.79999e+06,1.14999e+07,4.49986e+06,6.79999e+06,1.14999e+07,4.49982e+06,6.79999e+06,1.14999e+07,4.49977e+06,6.79999e+06,1.14999e+07,4.49971e+06,6.79999e+06,1.14999e+07,4.49963e+06,6.79999e+06,1.14998e+07,4.49953e+06,6.79999e+06,1.14998e+07,4.49941e+06,6.79999e+06,1.14998e+07,4.49926e+06,6.79999e+06,1.14998e+07,4.49906e+06,6.79999e+06,1.14997e+07,4.49882e+06,6.79999e+06,1.14997e+07,4.49851e+06,6.79999e+06,1.14997e+07,4.49812e+06,6.79999e+06,1.14996e+07,4.49764e+06,6.79999e+06,1.14996e+07,4.49702e+06,6.79999e+06,1.14995e+07,4.49625e+06,6.79999e+06,1.14995e+07,4.49528e+06,6.79999e+06,1.14994e+07,4.49406e+06,6.79999e+06,1.14993e+07,4.49253e+06,6.79999e+06,1.14992e+07,4.49059e+06,6.79999e+06,1.14991e+07,4.48817e+06,6.79999e+06,1.1499e+07,4.48511e+06,6.79999e+06,1.14988e+07,4.48128e+06,6.79999e+06,1.14987e+07,4.47646e+06,6.79999e+06,1.14985e+07,4.47041e+06,6.79999e+06,1.14983e+07,4.46281e+06,6.79999e+06,1.14981e+07,4.4533e+06,6.79999e+06,1.14979e+07,4.44138e+06,6.79999e+06,1.14976e+07,4.42649e+06,6.79999e+06,1.14972e+07,4.40789e+06,6.79999e+06,1.14969e+07,4.38471e+06,6.79999e+06,1.14965e+07,4.35592e+06,6.79999e+06,1.1496e+07,4.32027e+06,6.79999e+06,1.14955e+07,4.27629e+06,6.79999e+06,1.14949e+07,4.22231e+06,6.79999e+06,1.14942e+07,4.15647e+06,6.79999e+06,1.14934e+07,4.07676e+06,6.79999e+06,1.14926e+07,3.98112e+06,6.79999e+06,1.14916e+07,3.86765e+06,6.79999e+06,1.14905e+07,3.73474e+06,6.79999e+06,1.14892e+07,3.58148e+06,6.79999e+06,1.14878e+07,3.40785e+06,6.79999e+06,1.14862e+07,3.21513e+06,6.79999e+06,1.14844e+07,3.00605e+06,6.79999e+06,1.14823e+07,2.7848e+06,6.79999e+06,1.148e+07,2.5568e+06,6.79999e+06,1.14773e+07,2.32825e+06,6.79999e+06,13.5742,8.52444,0.508366,16.8306,13.2585,0.162638,20.0035,17.569,0.0507846,23.2616,22.4214,0.0158319,26.7328,28.3297,0.00493498,30.5212,35.6974,0.00153831,34.7178,44.9473,0.000479527,39.4086,56.5822,0.000149456,44.6796,71.2245,4.66214e-05,50.6209,89.6543,1.45419e-05,57.3297,112.852,4.54748e-06,64.9129,142.051,1.43857e-06,73.4897,178.803,4.36618e-07,83.1934,225.062,1.40153e-07,94.1745,283.286,4.96378e-08,106.602,356.568,1.05434e-07,120.669,448.799,-6.49244e-08,136.59,564.873,1.70148e-07,154.611,710.948,-5.34594e-08,175.008,894.767,1.63407e-07,198.097,1126.06,8.04804e-08,224.231,1417.07,1.14667e-07,253.813,1783.15,-1.71227e-07,287.297,2243.62,-2.88466e-07,325.198,2822.67,-4.33651e-07,368.098,3550.67,7.9318e-08,416.657,4465.65,3.13319e-07,471.621,5615.16,3.4613e-07,533.835,7058.61,-1.19199e-07,604.255,8870.02,-2.79964e-07,683.962,11141.4,-2.30521e-07,774.182,13986.7,-2.55099e-07,876.299,17546.4,1.23585e-07,991.883,21993.1,1.41192e-07,1122.71,27536.7,-9.71886e-08,1270.78,34430.7,-3.68368e-07,1438.38,42977.7,-3.45379e-07,1628.07,53532.7,-3.25328e-09,1842.77,66504.6,2.6362e-07,2085.77,82350.2,2.53445e-07,2360.79,101560,-2.47407e-08,2672.05,124632,-3.80602e-07,3024.31,152018,-4.79005e-07,3422.98,184060,-1.14379e-07,3874.15,220884,2.64297e-07,4384.72,262283,3.44131e-07,4962.49,307576,7.5349e-08,5616.29,355497,-3.63097e-07,6356.1,404126,-6.05442e-07,7193.18,450932,-2.72333e-07,8140.28,492963,2.29675e-07,9211.79,527178,4.3387e-07,10424,550893,-1.0711e-07,10.102,8.06553,2.81012,10.6436,8.57909,0.869423,11.5336,10.2515,0.270869,12.7211,12.7138,0.0844293,14.1823,15.9373,0.0263173,15.9122,20.0383,0.0082035,17.9198,25.2154,0.00255722,20.2244,31.7373,0.000797017,22.8539,39.9486,0.000248622,25.8438,50.2851,7.75492e-05,29.237,63.2963,2.42508e-05,33.0837,79.6738,7.67162e-06,37.4415,100.288,2.32837e-06,42.3767,126.236,7.33e-07,47.9646,158.896,2.79256e-07,54.2906,200.003,9.87351e-09,61.452,251.741,1.61085e-07,69.5585,316.859,-2.47141e-07,78.7347,398.812,8.93552e-08,89.1218,501.948,-2.53231e-07,100.879,631.736,-1.25047e-07,114.188,795.049,-1.78808e-07,129.252,1000.53,2.6733e-07,146.304,1259.03,4.50292e-07,165.605,1584.19,6.76904e-07,187.452,1993.12,-1.23808e-07,212.181,2507.27,-4.89068e-07,240.173,3153.54,-5.40284e-07,271.856,3965.56,1.86061e-07,307.719,4985.38,4.37004e-07,348.313,6265.4,3.59828e-07,394.26,7870.83,3.98192e-07,446.268,9882.51,-1.92908e-07,505.135,12400.3,-2.20392e-07,571.766,15546.9,1.51705e-07,647.184,19472.2,5.74996e-07,732.547,24357.4,5.39112e-07,829.167,30420,5.07815e-09,938.526,37916.3,-4.11492e-07,1062.3,47143.9,-3.9561e-07,1202.4,58439.2,3.86185e-08,1360.96,72169.3,5.94093e-07,1540.42,88715.8,7.47693e-07,1743.53,108445,1.78537e-07,1973.41,131665,-4.12549e-07,2233.57,158557,-5.37164e-07,2528,189103,-1.17615e-07,2861.2,222986,5.66769e-07,3238.27,259510,9.45053e-07,3664.97,297540,4.25093e-07,4147.81,335497,-3.58506e-07,4694.17,371444,-6.7724e-07,5312.37,403256,1.67192e-07,1.61744,3.89446,9.84394,3.28846,7.5504,12.774,5.07607,11.7187,13.6844,7.03202,16.8147,13.9681,9.20215,23.1769,14.0566,11.6301,31.1672,14.0841,14.3598,41.2186,14.0927,17.4376,53.8688,14.0954,20.9137,69.7915,14.0962,24.8432,89.8341,14.0965,29.2879,115.063,14.0966,34.3168,146.819,14.0966,40.0078,186.792,14.0966,46.4487,237.107,14.0966,53.7388,300.44,14.0966,61.9903,380.158,14.0966,71.3301,480.499,14.0966,81.902,606.796,14.0966,93.8685,765.761,14.0966,107.414,965.837,14.0966,122.746,1217.65,14.0966,140.101,1534.57,14.0966,159.745,1933.41,14.0966,181.981,2435.3,14.0966,207.15,3066.85,14.0966,235.64,3861.46,14.0966,267.889,4861.11,14.0966,304.391,6118.54,14.0966,345.709,7699.91,14.0966,392.478,9688.22,14.0966,445.417,12187.5,14.0966,505.339,15327.7,14.0966,573.165,19271.6,14.0966,649.938,24222,14.0966,736.839,30430.9,14.0966,835.202,38211.5,14.0966,946.539,47950.3,14.0966,1072.56,60122.8,14.0966,1215.21,75309.9,14.0966,1376.66,94216.2,14.0966,1559.41,117688,14.0966,1766.26,146729,14.0966,2000.39,182510,14.0966,2265.39,226372,14.0966,2565.33,279806,14.0966,2904.81,344416,14.0966,3289.05,421845,14.0966,3723.93,513667,14.0966,4216.13,621231,14.0966,4773.18,745478,14.0966,5403.64,886744,14.0966,6117.15,1.04457e+06,14.0966,6924.63,1.2176e+06,14.0966,11.7194,11.96,12.6541,13.9321,16.1295,13.6434,16.6097,21.9702,13.9553,19.7532,29.5285,14.0526,23.3844,39.1143,14.0829,27.5423,51.2054,14.0923,32.2796,66.434,14.0953,37.662,85.6061,14.0962,43.7675,109.74,14.0965,50.687,140.119,14.0966,58.5249,178.359,14.0966,67.4005,226.493,14.0966,77.4493,287.08,14.0966,88.8254,363.343,14.0966,101.703,459.336,14.0966,116.281,580.161,14.0966,132.782,732.241,14.0966,151.46,923.655,14.0966,172.603,1164.57,14.0966,196.535,1467.79,14.0966,223.625,1849.39,14.0966,254.288,2329.62,14.0966,288.997,2933.93,14.0966,328.285,3694.33,14.0966,372.755,4651.04,14.0966,423.092,5854.57,14.0966,480.07,7368.38,14.0966,544.564,9272.08,14.0966,617.566,11665.5,14.0966,700.197,14673.6,14.0966,793.729,18452.9,14.0966,899.599,23198.6,14.0966,1019.43,29154.1,14.0966,1155.07,36622.3,14.0966,1308.6,45977.9,14.0966,1482.39,57683.7,14.0966,1679.09,72307.8,14.0966,1901.73,90542.8,14.0966,2153.73,113226,14.0966,2438.97,141360,14.0966,2761.81,176127,14.0966,3127.22,218898,14.0966,3540.81,271226,14.0966,4008.92,334817,14.0966,4538.74,411470,14.0966,5138.38,502973,14.0966,5817.04,610948,14.0966,6585.12,736653,14.0966,7454.39,880741,14.0966,8438.15,1.04302e+06,14.0966,9551.45,1.22224e+06,14.0966,10811.3,1.41602e+06,14.0966,12237,1.62086e+06,14.0966,11.7194,11.96,12.6541,2.21263,4.16949,0.989383,2.67766,5.84076,0.311842,3.14343,7.55825,0.0972771,3.63127,9.58578,0.0303237,4.15787,12.0912,0.00945211,4.73731,15.2286,0.00294633,5.38238,19.1721,0.000918508,6.10553,24.134,0.000286163,6.91951,30.3791,8.92692e-05,7.83792,38.2397,2.78121e-05,8.87555,48.1338,8.65134e-06,10.0489,60.5876,2.7882e-06,11.3761,76.2629,8.29036e-07,12.8779,95.9927,2.4373e-07,14.5775,120.825,4.33068e-09,16.5012,152.08,1.75749e-07,18.6784,191.415,-1.86328e-07,21.1428,240.917,1.91829e-07,23.9322,303.213,-1.81475e-07,27.0895,381.602,7.0186e-08,30.6634,480.231,-2.86769e-08,34.7087,604.316,2.40784e-07,39.2876,760.401,9.87368e-08,44.4705,956.705,1.22263e-07,50.3371,1203.54,-4.31966e-07,56.9776,1513.81,-1.9705e-07,64.494,1903.69,-2.763e-08,73.0018,2393.4,3.9185e-07,82.6317,3008.13,1.35379e-07,93.5318,3779.25,-4.16351e-08,105.869,4745.7,2.06965e-08,119.834,5955.6,-3.18887e-07,135.641,7468.12,-1.48271e-08,153.531,9355.62,2.00739e-07,173.781,11705.8,2.28358e-07,196.701,14624.1,-1.93587e-08,222.642,18235,-2.88101e-07,252.003,22683.4,-2.24732e-07,285.234,28134,8.56806e-09,322.845,34767,2.34258e-07,365.413,42770.9,2.99668e-07,413.588,52327.9,8.28644e-08,468.111,63591.2,-3.07049e-07,529.814,76653.2,-3.1888e-07,599.642,91502.5,-6.72276e-08,678.662,107975,2.26339e-07,768.083,125705,3.69212e-07,869.267,144088,2.04077e-07,983.76,162277,-2.80509e-07,1113.3,179223,-4.22737e-07,1259.87,193777,-1.71951e-07,1425.68,204839,4.55555e-07,11.7194,11.96,12.6541,2.21263,4.16949,0.989383,2.67766,5.84076,0.311842,3.14343,7.55825,0.0972771,3.63127,9.58578,0.0303237,4.15787,12.0912,0.00945211,4.73731,15.2286,0.00294633,5.38238,19.1721,0.000918508,6.10553,24.134,0.000286163,6.91951,30.3791,8.92692e-05,7.83792,38.2397,2.78121e-05,8.87555,48.1338,8.65134e-06,10.0489,60.5876,2.7882e-06,11.3761,76.2629,8.29036e-07,12.8779,95.9927,2.4373e-07,14.5775,120.825,1e-08,16.5012,152.08,1.75749e-07,18.6784,191.415,1e-08,21.1428,240.917,1.91829e-07,23.9322,303.213,1e-08,27.0895,381.602,7.0186e-08,30.6634,480.231,1e-08,34.7087,604.316,2.40784e-07,39.2876,760.401,9.87368e-08,44.4705,956.705,1.22263e-07,50.3371,1203.54,1e-08,56.9776,1513.81,1e-08,64.494,1903.69,1e-08,73.0018,2393.4,3.9185e-07,82.6317,3008.13,1.35379e-07,93.5318,3779.25,1e-08,105.869,4745.7,2.06965e-08,119.834,5955.6,1e-08,135.641,7468.12,1e-08,153.531,9355.62,2.00739e-07,173.781,11705.8,2.28358e-07,196.701,14624.1,1e-08,222.642,18235,1e-08,252.003,22683.4,1e-08,285.234,28134,1e-08,322.845,34767,2.34258e-07,365.413,42770.9,2.99668e-07,413.588,52327.9,8.28644e-08,468.111,63591.2,1e-08,529.814,76653.2,1e-08,599.642,91502.5,1e-08,678.662,107975,2.26339e-07,768.083,125705,3.69212e-07,869.267,144088,2.04077e-07,983.76,162277,1e-08,1113.3,179223,1e-08,1259.87,193777,1e-08,1425.68,204839,4.55555e-07,6.2823,3.27286,2.43537,0.219672,6.18826,2.24117,0.56371,6.87772,2.63624,0.308279,6,32,9,3,9,0,6,13,0,4,2,0,3,18,0,6,6,0,3,17,0,8,38,0,12,34,0,7,21,0,9,45,0,7,45,0,4,119,0,8,125,0,15,92,0,7,181,0,13,210,0,39,217,0,13,425,0,27,257,0,10,300,0,32,536,0,29,779,0,29,916,0,30,1620,0,33,2725,0,47,1079,0,39,1402,0,61,1774,0,100,2213,0,89,4661,0,44,7795,0,93,2611,0,103,3831,0,83,12609,0,187,11413,0,264,10242,0,166,28929,0,145,17655,0,314,18390,0,359,15006,0,183,36163,0,368,35818,0,358,79114,0,515,71113,0,932,157387,0,648,153956,0,727,142892,0,237,74181,0,1934,101099,0,883,165980,0,1326,331181,0,1968,168405,0
-1.05176e+08,1,8.88811e-15,10,1023,0,1.05176e+08,0.528882,1.08665,0.389689,0.145397,0.379329,3.24381,0.161596,0.446195,1.77396,0.159177,1.15e+07,4.49998e+06,6.79999e+06,1.15e+07,4.49997e+06,6.79999e+06,1.15e+07,4.49996e+06,6.79999e+06,1.15e+07,4.49995e+06,6.79999e+06,1.14999e+07,4.49993e+06,6.79999e+06,1.14999e+07,4.49991e+06,6.79999e+06,1.14999e+07,4.49989e+06,6.79999e+06,1.14999e+07,4.49986e+06,6.79999e+06,1.14999e+07,4.49982e+06,6.79999e+06,1.14999e+07,4.49977e+06,6.79999e+06,1.14999e+07,4.49971e+06,6.79999e+06,1.14999e+07,4.49963e+06,6.79999e+06,1.14998e+07,4.49953e+06,6.79999e+06,1.14998e+07,4.49941e+06,6.79999e+06,1.14998e+07,4.49926e+06,6.79999e+06,1.14998e+07,4.49906e+06,6.79999e+06,1.14997e+07,4.49882e+06,6.79999e+06,1.14997e+07,4.49851e+06,6.79999e+06,1.14997e+07,4.49812e+06,6.79999e+06,1.14996e+07,4.49764e+06,6.79999e+06,1.14996e+07,4.49702e+06,6.79999e+06,1.14995e+07,4.49625e+06,6.79999e+06,1.14995e+07,4.49528e+06,6.79999e+06,1.14994e+07,4.49406e+06,6.79999e+06,1.14993e+07,4.49253e+06,6.79999e+06,1.14992e+07,4.49059e+06,6.79999e+06,1.14991e+07,4.48817e+06,6.79999e+06,1.1499e+07,4.48511e+06,6.79999e+06,1.14988e+07,4.48128e+06,6.79999e+06,1.14987e+07,4.47646e+06,6.79999e+06,1.14985e+07,4.47041e+06,6.79999e+06,1.14983e+07,4.46281e+06,6.79999e+06,1.14981e+07,4.4533e+06,6.79999e+06,1.14979e+07,4.44138e+06,6.79999e+06,1.14976e+07,4.42649e+06,6.79999e+06,1.14972e+07,4.40789e+06,6.79999e+06,1.14969e+07,4.38471e+06,6.79999e+06,1.14965e+07,4.35592e+06,6.79999e+06,1.1496e+07,4.32027e+06,6.79999e+06,1.14955e+07,4.27629e+06,6.79999e+06,1.14949e+07,4.22231e+06,6.79999e+06,1.14942e+07,4.15647e+06,6.79999e+06,1.14934e+07,4.07676e+06,6.79999e+06,1.14926e+07,3.98112e+06,6.79999e+06,1.14916e+07,3.86765e+06,6.79999e+06,1.14905e+07,3.73474e+06,6.79999e+06,1.14892e+07,3.58148e+06,6.79999e+06,1.14878e+07,3.40785e+06,6.79999e+06,1.14862e+07,3.21513e+06,6.79999e+06,1.14844e+07,3.00605e+06,6.79999e+06,1.14823e+07,2.7848e+06,6.79999e+06,1.148e+07,2.5568e+06,6.79999e+06,1.14773e+07,2.32825e+06,6.79999e+06,13.5742,8.52444,0.508366,16.8306,13.2585,0.162638,20.0035,17.569,0.0507846,23.2616,22.4214,0.0158319,26.7328,28.3297,0.00493498,30.5212,35.6974,0.00153831,34.7178,44.9473,0.000479527,39.4086,56.5822,0.000149456,44.6796,71.2245,4.66214e-05,50.6209,89.6543,1.45419e-05,57.3297,112.852,4.54748e-06,64.9129,142.051,1.43857e-06,73.4897,178.803,4.36618e-07,83.1934,225.062,1.40153e-07,94.1745,283.286,4.96378e-08,106.602,356.568,1.05434e-07,120.669,448.799,-6.49244e-08,136.59,564.873,1.70148e-07,154.611,710.948,-5.34594e-08,175.008,894.767,1.63407e-07,198.097,1126.06,8.04804e-08,224.231,1417.07,1.14667e-07,253.813,1783.15,-1.71227e-07,287.297,2243.62,-2.88466e-07,325.198,2822.67,-4.33651e-07,368.098,3550.67,7.9318e-08,416.657,4465.65,3.13319e-07,471.621,5615.16,3.4613e-07,533.835,7058.61,-1.19199e-07,604.255,8870.02,-2.79964e-07,683.962,11141.4,-2.30521e-07,774.182,13986.7,-2.55099e-07,876.299,17546.4,1.23585e-07,991.883,21993.1,1.41192e-07,1122.71,27536.7,-9.71886e-08,1270.78,34430.7,-3.68368e-07,1438.38,42977.7,-3.45379e-07,1628.07,53532.7,-3.25328e-09,1842.77,66504.6,2.6362e-07,2085.77,82350.2,2.53445e-07,2360.79,101560,-2.47407e-08,2672.05,124632,-3.80602e-07,3024.31,152018,-4.79005e-07,3422.98,184060,-1.14379e-07,3874.15,220884,2.64297e-07,4384.72,262283,3.44131e-07,4962.49,307576,7.5349e-08,5616.29,355497,-3.63097e-07,6356.1,404126,-6.05442e-07,7193.18,450932,-2.72333e-07,8140.28,492963,2.29675e-07,9211.79,527178,4.3387e-07,10424,550893,-1.0711e-07,10.102,8.06553,2.81012,10.6436,8.57909,0.869423,11.5336,10.2515,0.270869,12.7211,12.7138,0.0844293,14.1823,15.9373,0.0263173,15.9122,20.0383,0.0082035,17.9198,25.2154,0.00255722,20.2244,31.7373,0.000797017,22.8539,39.9486,0.000248622,25.8438,50.2851,7.75492e-05,29.237,63.2963,2.42508e-05,33.0837,79.6738,7.67162e-06,37.4415,100.288,2.32837e-06,42.3767,126.236,7.33e-07,47.9646,158.896,2.79256e-07,54.2906,200.003,9.87351e-09,61.452,251.741,1.61085e-07,69.5585,316.859,-2.47141e-07,78.7347,398.812,8.93552e-08,89.1218,501.948,-2.53231e-07,100.879,631.736,-1.25047e-07,114.188,795.049,-1.78808e-07,129.252,1000.53,2.6733e-07,146.304,1259.03,4.50292e-07,165.605,1584.19,6.76904e-07,187.452,1993.12,-1.23808e-07,212.181,2507.27,-4.89068e-07,240.173,3153.54,-5.40284e-07,271.856,3965.56,1.86061e-07,307.719,4985.38,4.37004e-07,348.313,6265.4,3.59828e-07,394.26,7870.83,3.98192e-07,446.268,9882.51,-1.92908e-07,505.135,12400.3,-2.20392e-07,571.766,15546.9,1.51705e-07,647.184,19472.2,5.74996e-07,732.547,24357.4,5.39112e-07,829.167,30420,5.07815e-09,938.526,37916.3,-4.11492e-07,1062.3,47143.9,-3.9561e-07,1202.4,58439.2,3.86185e-08,1360.96,72169.3,5.94093e-07,1540.42,88715.8,7.47693e-07,1743.53,108445,1.78537e-07,1973.41,131665,-4.12549e-07,2233.57,158557,-5.37164e-07,2528,189103,-1.17615e-07,2861.2,222986,5.66769e-07,3238.27,259510,9.45053e-07,3664.97,297540,4.25093e-07,4147.81,335497,-3.58506e-07,4694.17,371444,-6.7724e-07,5312.37,403256,1.67192e-07,1.61744,3.89446,9.84394,3.28846,7.5504,12.774,5.07607,11.7187,13.6844,7.03202,16.8147,13.9681,9.20215,23.1769,14.0566,11.6301,31.1672,14.0841,14.3598,41.2186,14.0927,17.4376,53.8688,14.0954,20.9137,69.7915,14.0962,24.8432,89.8341,14.0965,29.2879,115.063,14.0966,34.3168,146.819,14.0966,40.0078,186.792,14.0966,46.4487,237.107,14.0966,53.7388,300.44,14.0966,61.9903,380.158,14.0966,71.3301,480.499,14.0966,81.902,606.796,14.0966,93.8685,765.761,14.0966,107.414,965.837,14.0966,122.746,1217.65,14.0966,140.101,1534.57,14.0966,159.745,1933.41,14.0966,181.981,2435.3,14.0966,207.15,3066.85,14.0966,235.64,3861.46,14.0966,267.889,4861.11,14.0966,304.391,6118.54,14.0966,345.709,7699.91,14.0966,392.478,9688.22,14.0966,445.417,12187.5,14.0966,505.339,15327.7,14.0966,573.165,19271.6,14.0966,649.938,24222,14.0966,736.839,30430.9,14.0966,835.202,38211.5,14.0966,946.539,47950.3,14.0966,1072.56,60122.8,14.0966,1215.21,75309.9,14.0966,1376.66,94216.2,14.0966,1559.41,117688,14.0966,1766.26,146729,14.0966,2000.39,182510,14.0966,2265.39,226372,14.0966,2565.33,279806,14.0966,2904.81,344416,14.0966,3289.05,421845,14.0966,3723.93,513667,14.0966,4216.13,621231,14.0966,4773.18,745478,14.0966,5403.64,886744,14.0966,6117.15,1.04457e+06,14.0966,6924.63,1.2176e+06,14.0966,11.7194,11.96,12.6541,13.9321,16.1295,13.6434,16.6097,21.9702,13.9553,19.7532,29.5285,14.0526,23.3844,39.1143,14.0829,27.5423,51.2054,14.0923,32.2796,66.434,14.0953,37.662,85.6061,14.0962,43.7675,109.74,14.0965,50.687,140.119,14.0966,58.5249,178.359,14.0966,67.4005,226.493,14.0966,77.4493,287.08,14.0966,88.8254,363.343,14.0966,101.703,459.336,14.0966,116.281,580.161,14.0966,132.782,732.241,14.0966,151.46,923.655,14.0966,172.603,1164.57,14.0966,196.535,1467.79,14.0966,223.625,1849.39,14.0966,254.288,2329.62,14.0966,288.997,2933.93,14.0966,328.285,3694.33,14.0966,372.755,4651.04,14.0966,423.092,5854.57,14.0966,480.07,7368.38,14.0966,544.564,9272.08,14.0966,617.566,11665.5,14.0966,700.197,14673.6,14.0966,793.729,18452.9,14.0966,899.599,23198.6,14.0966,1019.43,29154.1,14.0966,1155.07,36622.3,14.0966,1308.6,45977.9,14.0966,1482.39,57683.7,14.0966,1679.09,72307.8,14.0966,1901.73,90542.8,14.0966,2153.73,113226,14.0966,2438.97,141360,14.0966,2761.81,176127,14.0966,3127.22,218898,14.0966,3540.81,271226,14.0966,4008.92,334817,14.0966,4538.74,411470,14.0966,5138.38,502973,14.0966,5817.04,610948,14.0966,6585.12,736653,14.0966,7454.39,880741,14.0966,8438.15,1.04302e+06,14.0966,9551.45,1.22224e+06,14.0966,10811.3,1.41602e+06,14.0966,12237,1.62086e+06,14.0966,11.7194,11.96,12.6541,2.21263,4.16949,0.989383,2.67766,5.84076,0.311842,3.14343,7.55825,0.0972771,3.63127,9.58578,0.0303237,4.15787,12.0912,0.00945211,4.73731,15.2286,0.00294633,5.38238,19.1721,0.000918508,6.10553,24.134,0.000286163,6.91951,30.3791,8.92692e-05,7.83792,38.2397,2.78121e-05,8.87555,48.1338,8.65134e-06,10.0489,60.5876,2.7882e-06,11.3761,76.2629,8.29036e-07,12.8779,95.9927,2.4373e-07,14.5775,120.825,4.33068e-09,16.5012,152.08,1.75749e-07,18.6784,191.415,-1.86328e-07,21.1428,240.917,1.91829e-07,23.9322,303.213,-1.81475e-07,27.0895,381.602,7.0186e-08,30.6634,480.231,-2.86769e-08,34.7087,604.316,2.40784e-07,39.2876,760.401,9.87368e-08,44.4705,956.705,1.22263e-07,50.3371,1203.54,-4.31966e-07,56.9776,1513.81,-1.9705e-07,64.494,1903.69,-2.763e-08,73.0018,2393.4,3.9185e-07,82.6317,3008.13,1.35379e-07,93.5318,3779.25,-4.16351e-08,105.869,4745.7,2.06965e-08,119.834,5955.6,-3.18887e-07,135.641,7468.12,-1.48271e-08,153.531,9355.62,2.00739e-07,173.781,11705.8,2.28358e-07,196.701,14624.1,-1.93587e-08,222.642,18235,-2.88101e-07,252.003,22683.4,-2.24732e-07,285.234,28134,8.56806e-09,322.845,34767,2.34258e-07,365.413,42770.9,2.99668e-07,413.588,52327.9,8.28644e-08,468.111,63591.2,-3.07049e-07,529.814,76653.2,-3.1888e-07,599.642,91502.5,-6.72276e-08,678.662,107975,2.26339e-07,768.083,125705,3.69212e-07,869.267,144088,2.04077e-07,983.76,162277,-2.80509e-07,1113.3,179223,-4.22737e-07,1259.87,193777,-1.71951e-07,1425.68,204839,4.55555e-07,11.7194,11.96,12.6541,2.21263,4.16949,0.989383,2.67766,5.84076,0.311842,3.14343,7.55825,0.0972771,3.63127,9.58578,0.0303237,4.15787,12.0912,0.00945211,4.73731,15.2286,0.00294633,5.38238,19.1721,0.000918508,6.10553,24.134,0.000286163,6.91951,30.3791,8.92692e-05,7.83792,38.2397,2.78121e-05,8.87555,48.1338,8.65134e-06,10.0489,60.5876,2.7882e-06,11.3761,76.2629,8.29036e-07,12.8779,95.9927,2.4373e-07,14.5775,120.825,1e-08,16.5012,152.08,1.75749e-07,18.6784,191.415,1e-08,21.1428,240.917,1.91829e-07,23.9322,303.213,1e-08,27.0895,381.602,7.0186e-08,30.6634,480.231,1e-08,34.7087,604.316,2.40784e-07,39.2876,760.401,9.87368e-08,44.4705,956.705,1.22263e-07,50.3371,1203.54,1e-08,56.9776,1513.81,1e-08,64.494,1903.69,1e-08,73.0018,2393.4,3.9185e-07,82.6317,3008.13,1.35379e-07,93.5318,3779.25,1e-08,105.869,4745.7,2.06965e-08,119.834,5955.6,1e-08,135.641,7468.12,1e-08,153.531,9355.62,2.00739e-07,173.781,11705.8,2.28358e-07,196.701,14624.1,1e-08,222.642,18235,1e-08,252.003,22683.4,1e-08,285.234,28134,1e-08,322.845,34767,2.34258e-07,365.413,42770.9,2.99668e-07,413.588,52327.9,8.28644e-08,468.111,63591.2,1e-08,529.814,76653.2,1e-08,599.642,91502.5,1e-08,678.662,107975,2.26339e-07,768.083,125705,3.69212e-07,869.267,144088,2.04077e-07,983.76,162277,1e-08,1113.3,179223,1e-08,1259.87,193777,1e-08,1425.68,204839,4.55555e-07,6.2823,3.27286,2.43537,0.219672,6.18826,2.24117,0.56371,6.87772,2.63624,0.308279,17,18,8,1,2,1,4,12,1,0,2,0,2,18,0,5,16,0,6,10,0,5,26,0,6,7,0,4,28,0,7,35,0,7,62,0,10,63,0,14,63,0,15,167,0,11,178,0,33,179,0,32,121,0,20,225,0,31,507,0,18,347,0,28,911,0,31,492,0,60,595,0,51,433,0,84,1153,0,51,475,0,61,1452,0,65,1276,0,207,2503,0,146,3362,0,145,5201,0,62,6630,0,110,6191,0,213,5497,0,144,6632,0,246,9634,0,169,34960,0,445,22508,0,324,22871,0,278,52408,0,392,35099,0,555,93543,0,479,68280,0,470,126721,0,607,95192,0,788,138187,0,467,99700,0,1213,183972,0,605,345274,0,2247,147593,0,823,262584,0,2205,291034,0
-1.05176e+08,1,8.88811e-15,10,1023,0,1.05176e+08,0.528882,1.08665,0.389689,0.145397,0.379329,3.24381,0.161596,0.446195,1.77396,0.159177,1.15e+07,4.49998e+06,6.79999e+06,1.15e+07,4.49997e+06,6.79999e+06,1.15e+07,4.49996e+06,6.79999e+06,1.15e+07,4.49995e+06,6.79999e+06,1.14999e+07,4.49993e+06,6.79999e+06,1.14999e+07,4.49991e+06,6.79999e+06,1.14999e+07,4.49989e+06,6.79999e+06,1.14999e+07,4.49986e+06,6.79999e+06,1.14999e+07,4.49982e+06,6.79999e+06,1.14999e+07,4.49977e+06,6.79999e+06,1.14999e+07,4.49971e+06,6.79999e+06,1.14999e+07,4.49963e+06,6.79999e+06,1.14998e+07,4.49953e+06,6.79999e+06,1.14998e+07,4.49941e+06,6.79999e+06,1.14998e+07,4.49926e+06,6.79999e+06,1.14998e+07,4.49906e+06,6.79999e+06,1.14997e+07,4.49882e+06,6.79999e+06,1.14997e+07,4.49851e+06,6.79999e+06,1.14997e+07,4.49812e+06,6.79999e+06,1.14996e+07,4.49764e+06,6.79999e+06,1.14996e+07,4.49702e+06,6.79999e+06,1.14995e+07,4.49625e+06,6.79999e+06,1.14995e+07,4.49528e+06,6.79999e+06,1.14994e+07,4.49406e+06,6.79999e+06,1.14993e+07,4.49253e+06,6.79999e+06,1.14992e+07,4.49059e+06,6.79999e+06,1.14991e+07,4.48817e+06,6.79999e+06,1.1499e+07,4.48511e+06,6.79999e+06,1.14988e+07,4.48128e+06,6.79999e+06,1.14987e+07,4.47646e+06,6.79999e+06,1.14985e+07,4.47041e+06,6.79999e+06,1.14983e+07,4.46281e+06,6.79999e+06,1.14981e+07,4.4533e+06,6.79999e+06,1.14979e+07,4.44138e+06,6.79999e+06,1.14976e+07,4.42649e+06,6.79999e+06,1.14972e+07,4.40789e+06,6.79999e+06,1.14969e+07,4.38471e+06,6.79999e+06,1.14965e+07,4.35592e+06,6.79999e+06,1.1496e+07,4.32027e+06,6.79999e+06,1.14955e+07,4.27629e+06,6.79999e+06,1.14949e+07,4.22231e+06,6.79999e+06,1.14942e+07,4.15647e+06,6.79999e+06,1.14934e+07,4.07676e+06,6.79999e+06,1.14926e+07,3.98112e+06,6.79999e+06,1.14916e+07,3.86765e+06,6.79999e+06,1.14905e+07,3.73474e+06,6.79999e+06,1.14892e+07,3.58148e+06,6.79999e+06,1.14878e+07,3.40785e+06,6.79999e+06,1.14862e+07,3.21513e+06,6.79999e+06,1.14844e+07,3.00605e+06,6.79999e+06,1.14823e+07,2.7848e+06,6.79999e+06,1.148e+07,2.5568e+06,6.79999e+06,1.14773e+07,2.32825e+06,6.79999e+06,13.5742,8.52444,0.508366,16.8306,13.2585,0.162638,20.0035,17.569,0.0507846,23.2616,22.4214,0.0158319,26.7328,28.3297,0.00493498,30.5212,35.6974,0.00153831,34.7178,44.9473,0.000479527,39.4086,56.5822,0.000149456,44.6796,71.2245,4.66214e-05,50.6209,89.6543,1.45419e-05,57.3297,112.852,4.54748e-06,64.9129,142.051,1.43857e-06,73.4897,178.803,4.36618e-07,83.1934,225.062,1.40153e-07,94.1745,283.286,4.96378e-08,106.602,356.568,1.05434e-07,120.669,448.799,-6.49244e-08,136.59,564.873,1.70148e-07,154.611,710.948,-5.34594e-08,175.008,894.767,1.63407e-07,198.097,1126.06,8.04804e-08,224.231,1417.07,1.14667e-07,253.813,1783.15,-1.71227e-07,287.297,2243.62,-2.88466e-07,325.198,2822.67,-4.33651e-07,368.098,3550.67,7.9318e-08,416.657,4465.65,3.13319e-07,471.621,5615.16,3.4613e-07,533.835,7058.61,-1.19199e-07,604.255,8870.02,-2.79964e-07,683.962,11141.4,-2.30521e-07,774.182,13986.7,-2.55099e-07,876.299,17546.4,1.23585e-07,991.883,21993.1,1.41192e-07,1122.71,27536.7,-9.71886e-08,1270.78,34430.7,-3.68368e-07,1438.38,42977.7,-3.45379e-07,1628.07,53532.7,-3.25328e-09,1842.77,66504.6,2.6362e-07,2085.77,82350.2,2.53445e-07,2360.79,101560,-2.47407e-08,2672.05,124632,-3.80602e-07,3024.31,152018,-4.79005e-07,3422.98,184060,-1.14379e-07,3874.15,220884,2.64297e-07,4384.72,262283,3.44131e-07,4962.49,307576,7.5349e-08,5616.29,355497,-3.63097e-07,6356.1,404126,-6.05442e-07,7193.18,450932,-2.72333e-07,8140.28,492963,2.29675e-07,9211.79,527178,4.3387e-07,10424,550893,-1.0711e-07,10.102,8.06553,2.81012,10.6436,8.57909,0.869423,11.5336,10.2515,0.270869,12.7211,12.7138,0.0844293,14.1823,15.9373,0.0263173,15.9122,20.0383,0.0082035,17.9198,25.2154,0.00255722,20.2244,31.7373,0.000797017,22.8539,39.9486,0.000248622,25.8438,50.2851,7.75492e-05,29.237,63.2963,2.42508e-05,33.0837,79.6738,7.67162e-06,37.4415,100.288,2.32837e-06,42.3767,126.236,7.33e-07,47.9646,158.896,2.79256e-07,54.2906,200.003,9.87351e-09,61.452,251.741,1.61085e-07,69.5585,316.859,-2.47141e-07,78.7347,398.812,8.93552e-08,89.1218,501.948,-2.53231e-07,100.879,631.736,-1.25047e-07,114.188,795.049,-1.78808e-07,129.252,1000.53,2.6733e-07,146.304,1259.03,4.50292e-07,165.605,1584.19,6.76904e-07,187.452,1993.12,-1.23808e-07,212.181,2507.27,-4.89068e-07,240.173,3153.54,-5.40284e-07,271.856,3965.56,1.86061e-07,307.719,4985.38,4.37004e-07,348.313,6265.4,3.59828e-07,394.26,7870.83,3.98192e-07,446.268,9882.51,-1.92908e-07,505.135,12400.3,-2.20392e-07,571.766,15546.9,1.51705e-07,647.184,19472.2,5.74996e-07,732.547,24357.4,5.39112e-07,829.167,30420,5.07815e-09,938.526,37916.3,-4.11492e-07,1062.3,47143.9,-3.9561e-07,1202.4,58439.2,3.86185e-08,1360.96,72169.3,5.94093e-07,1540.42,88715.8,7.47693e-07,1743.53,108445,1.78537e-07,1973.41,131665,-4.12549e-07,2233.57,158557,-5.37164e-07,2528,189103,-1.17615e-07,2861.2,222986,5.66769e-07,3238.27,259510,9.45053e-07,3664.97,297540,4.25093e-07,4147.81,335497,-3.58506e-07,4694.17,371444,-6.7724e-07,5312.37,403256,1.67192e-07,1.61744,3.89446,9.84394,3.28846,7.5504,12.774,5.07607,11.7187,13.6844,7.03202,16.8147,13.9681,9.20215,23.1769,14.0566,11.6301,31.1672,14.0841,14.3598,41.2186,14.0927,17.4376,53.8688,14.0954,20.9137,69.7915,14.0962,24.8432,89.8341,14.0965,29.2879,115.063,14.0966,34.3168,146.819,14.0966,40.0078,186.792,14.0966,46.4487,237.107,14.0966,53.7388,300.44,14.0966,61.9903,380.158,14.0966,71.3301,480.499,14.0966,81.902,606.796,14.0966,93.8685,765.761,14.0966,107.414,965.837,14.0966,122.746,1217.65,14.0966,140.101,1534.57,14.0966,159.745,1933.41,14.0966,181.981,2435.3,14.0966,207.15,3066.85,14.0966,235.64,3861.46,14.0966,267.889,4861.11,14.0966,304.391,6118.54,14.0966,345.709,7699.91,14.0966,392.478,9688.22,14.0966,445.417,12187.5,14.0966,505.339,15327.7,14.0966,573.165,19271.6,14.0966,649.938,24222,14.0966,736.839,30430.9,14.0966,835.202,38211.5,14.0966,946.539,47950.3,14.0966,1072.56,60122.8,14.0966,1215.21,75309.9,14.0966,1376.66,94216.2,14.0966,1559.41,117688,14.0966,1766.26,146729,14.0966,2000.39,182510,14.0966,2265.39,226372,14.0966,2565.33,279806,14.0966,2904.81,344416,14.0966,3289.05,421845,14.0966,3723.93,513667,14.0966,4216.13,621231,14.0966,4773.18,745478,14.0966,5403.64,886744,14.0966,6117.15,1.04457e+06,14.0966,6924.63,1.2176e+06,14.0966,11.7194,11.96,12.6541,13.9321,16.1295,13.6434,16.6097,21.9702,13.9553,19.7532,29.5285,14.0526,23.3844,39.1143,14.0829,27.5423,51.2054,14.0923,32.2796,66.434,14.0953,37.662,85.6061,14.0962,43.7675,109.74,14.0965,50.687,140.119,14.0966,58.5249,178.359,14.0966,67.4005,226.493,14.0966,77.4493,287.08,14.0966,88.8254,363.343,14.0966,101.703,459.336,14.0966,116.281,580.161,14.0966,132.782,732.241,14.0966,151.46,923.655,14.0966,172.603,1164.57,14.0966,196.535,1467.79,14.0966,223.625,1849.39,14.0966,254.288,2329.62,14.0966,288.997,2933.93,14.0966,328.285,3694.33,14.0966,372.755,4651.04,14.0966,423.092,5854.57,14.0966,480.07,7368.38,14.0966,544.564,9272.08,14.0966,617.566,11665.5,14.0966,700.197,14673.6,14.0966,793.729,18452.9,14.0966,899.599,23198.6,14.0966,1019.43,29154.1,14.0966,1155.07,36622.3,14.0966,1308.6,45977.9,14.0966,1482.39,57683.7,14.0966,1679.09,72307.8,14.0966,1901.73,90542.8,14.0966,2153.73,113226,14.0966,2438.97,141360,14.0966,2761.81,176127,14.0966,3127.22,218898,14.0966,3540.81,271226,14.0966,4008.92,334817,14.0966,4538.74,411470,14.0966,5138.38,502973,14.0966,5817.04,610948,14.0966,6585.12,736653,14.0966,7454.39,880741,14.0966,8438.15,1.04302e+06,14.0966,9551.45,1.22224e+06,14.0966,10811.3,1.41602e+06,14.0966,12237,1.62086e+06,14.0966,11.7194,11.96,12.6541,2.21263,4.16949,0.989383,2.67766,5.84076,0.311842,3.14343,7.55825,0.0972771,3.63127,9.58578,0.0303237,4.15787,12.0912,0.00945211,4.73731,15.2286,0.00294633,5.38238,19.1721,0.000918508,6.10553,24.134,0.000286163,6.91951,30.3791,8.92692e-05,7.83792,38.2397,2.78121e-05,8.87555,48.1338,8.65134e-06,10.0489,60.5876,2.7882e-06,11.3761,76.2629,8.29036e-07,12.8779,95.9927,2.4373e-07,14.5775,120.825,4.33068e-09,16.5012,152.08,1.75749e-07,18.6784,191.415,-1.86328e-07,21.1428,240.917,1.91829e-07,23.9322,303.213,-1.81475e-07,27.0895,381.602,7.0186e-08,30.6634,480.231,-2.86769e-08,34.7087,604.316,2.40784e-07,39.2876,760.401,9.87368e-08,44.4705,956.705,1.22263e-07,50.3371,1203.54,-4.31966e-07,56.9776,1513.81,-1.9705e-07,64.494,1903.69,-2.763e-08,73.0018,2393.4,3.9185e-07,82.6317,3008.13,1.35379e-07,93.5318,3779.25,-4.16351e-08,105.869,4745.7,2.06965e-08,119.834,5955.6,-3.18887e-07,135.641,7468.12,-1.48271e-08,153.531,9355.62,2.00739e-07,173.781,11705.8,2.28358e-07,196.701,14624.1,-1.93587e-08,222.642,18235,-2.88101e-07,252.003,22683.4,-2.24732e-07,285.234,28134,8.56806e-09,322.845,34767,2.34258e-07,365.413,42770.9,2.99668e-07,413.588,52327.9,8.28644e-08,468.111,63591.2,-3.07049e-07,529.814,76653.2,-3.1888e-07,599.642,91502.5,-6.72276e-08,678.662,107975,2.26339e-07,768.083,125705,3.69212e-07,869.267,144088,2.04077e-07,983.76,162277,-2.80509e-07,1113.3,179223,-4.22737e-07,1259.87,193777,-1.71951e-07,1425.68,204839,4.55555e-07,11.7194,11.96,12.6541,2.21263,4.16949,0.989383,2.67766,5.84076,0.311842,3.14343,7.55825,0.0972771,3.63127,9.58578,0.0303237,4.15787,12.0912,0.00945211,4.73731,15.2286,0.00294633,5.38238,19.1721,0.000918508,6.10553,24.134,0.000286163,6.91951,30.3791,8.92692e-05,7.83792,38.2397,2.78121e-05,8.87555,48.1338,8.65134e-06,10.0489,60.5876,2.7882e-06,11.3761,76.2629,8.29036e-07,12.8779,95.9927,2.4373e-07,14.5775,120.825,1e-08,16.5012,152.08,1.75749e-07,18.6784,191.415,1e-08,21.1428,240.917,1.91829e-07,23.9322,303.213,1e-08,27.0895,381.602,7.0186e-08,30.6634,480.231,1e-08,34.7087,604.316,2.40784e-07,39.2876,760.401,9.87368e-08,44.4705,956.705,1.22263e-07,50.3371,1203.54,1e-08,56.9776,1513.81,1e-08,64.494,1903.69,1e-08,73.0018,2393.4,3.9185e-07,82.6317,3008.13,1.35379e-07,93.5318,3779.25,1e-08,105.869,4745.7,2.06965e-08,119.834,5955.6,1e-08,135.641,7468.12,1e-08,153.531,9355.62,2.00739e-07,173.781,11705.8,2.28358e-07,196.701,14624.1,1e-08,222.642,18235,1e-08,252.003,22683.4,1e-08,285.234,28134,1e-08,322.845,34767,2.34258e-07,365.413,42770.9,2.99668e-07,413.588,52327.9,8.28644e-08,468.111,63591.2,1e-08,529.814,76653.2,1e-08,599.642,91502.5,1e-08,678.662,107975,2.26339e-07,768.083,125705,3.69212e-07,869.267,144088,2.04077e-07,983.76,162277,1e-08,1113.3,179223,1e-08,1259.87,193777,1e-08,1425.68,204839,4.55555e-07,6.2823,3.27286,2.43537,0.219672,6.18826,2.24117,0.56371,6.87772,2.63624,0.308279,22,3,14,4,0,0,2,3,1,3,13,1,5,5,0,7,9,0,2,28,0,6,15,0,9,32,0,6,26,0,4,14,0,9,36,0,8,47,0,3,53,0,15,104,0,6,103,0,14,113,0,15,70,0,27,112,0,30,384,0,28,429,0,21,602,0,24,404,0,51,1196,0,36,1069,0,47,1325,0,26,896,0,99,1900,0,126,2450,0,55,3738,0,100,3426,0,65,9544,0,243,14226,0,264,13353,0,105,10408,0,210,19451,0,141,4328,0,52,16086,0,338,24692,0,201,28771,0,164,32018,0,556,27464,0,415,32395,0,1084,32793,0,548,54578,0,926,42572,0,651,33413,0,945,115299,0,828,173993,0,286,197837,0,1378,90868,0,765,82537,0,921,204273,0
-1.05176e+08,1,8.88811e-15,10,1023,0,1.05176e+08,0.528882,1.08665,0.389689,0.145397,0.379329,3.24381,0.161596,0.446195,1.77396,0.159177,1.15e+07,4.49998e+06,6.79999e+06,1.15e+07,4.49997e+06,6.79999e+06,1.15e+07,4.49996e+06,6.79999e+06,1.15e+07,4.49995e+06,6.79999e+06,1.14999e+07,4.49993e+06,6.79999e+06,1.14999e+07,4.49991e+06,6.79999e+06,1.14999e+07,4.49989e+06,6.79999e+06,1.14999e+07,4.49986e+06,6.79999e+06,1.14999e+07,4.49982e+06,6.79999e+06,1.14999e+07,4.49977e+06,6.79999e+06,1.14999e+07,4.49971e+06,6.79999e+06,1.14999e+07,4.49963e+06,6.79999e+06,1.14998e+07,4.49953e+06,6.79999e+06,1.14998e+07,4.49941e+06,6.79999e+06,1.14998e+07,4.49926e+06,6.79999e+06,1.14998e+07,4.49906e+06,6.79999e+06,1.14997e+07,4.49882e+06,6.79999e+06,1.14997e+07,4.49851e+06,6.79999e+06,1.14997e+07,4.49812e+06,6.79999e+06,1.14996e+07,4.49764e+06,6.79999e+06,1.14996e+07,4.49702e+06,6.79999e+06,1.14995e+07,4.49625e+06,6.79999e+06,1.14995e+07,4.49528e+06,6.79999e+06,1.14994e+07,4.49406e+06,6.79999e+06,1.14993e+07,4.49253e+06,6.79999e+06,1.14992e+07,4.49059e+06,6.79999e+06,1.14991e+07,4.48817e+06,6.79999e+06,1.1499e+07,4.48511e+06,6.79999e+06,1.14988e+07,4.48128e+06,6.79999e+06,1.14987e+07,4.47646e+06,6.79999e+06,1.14985e+07,4.47041e+06,6.79999e+06,1.14983e+07,4.46281e+06,6.79999e+06,1.14981e+07,4.4533e+06,6.79999e+06,1.14979e+07,4.44138e+06,6.79999e+06,1.14976e+07,4.42649e+06,6.79999e+06,1.14972e+07,4.40789e+06,6.79999e+06,1.14969e+07,4.38471e+06,6.79999e+06,1.14965e+07,4.35592e+06,6.79999e+06,1.1496e+07,4.32027e+06,6.79999e+06,1.14955e+07,4.27629e+06,6.79999e+06,1.14949e+07,4.22231e+06,6.79999e+06,1.14942e+07,4.15647e+06,6.79999e+06,1.14934e+07,4.07676e+06,6.79999e+06,1.14926e+07,3.98112e+06,6.79999e+06,1.14916e+07,3.86765e+06,6.79999e+06,1.14905e+07,3.73474e+06,6.79999e+06,1.14892e+07,3.58148e+06,6.79999e+06,1.14878e+07,3.40785e+06,6.79999e+06,1.14862e+07,3.21513e+06,6.79999e+06,1.14844e+07,3.00605e+06,6.79999e+06,1.14823e+07,2.7848e+06,6.79999e+06,1.148e+07,2.5568e+06,6.79999e+06,1.14773e+07,2.32825e+06,6.79999e+06,13.5742,8.52444,0.508366,16.8306,13.2585,0.162638,20.0035,17.569,0.0507846,23.2616,22.4214,0.0158319,26.7328,28.3297,0.00493498,30.5212,35.6974,0.00153831,34.7178,44.9473,0.000479527,39.4086,56.5822,0.000149456,44.6796,71.2245,4.66214e-05,50.6209,89.6543,1.45419e-05,57.3297,112.852,4.54748e-06,64.9129,142.051,1.43857e-06,73.4897,178.803,4.36618e-07,83.1934,225.062,1.40153e-07,94.1745,283.286,4.96378e-08,106.602,356.568,1.05434e-07,120.669,448.799,-6.49244e-08,136.59,564.873,1.70148e-07,154.611,710.948,-5.34594e-08,175.008,894.767,1.63407e-07,198.097,1126.06,8.04804e-08,224.231,1417.07,1.14667e-07,253.813,1783.15,-1.71227e-07,287.297,2243.62,-2.88466e-07,325.198,2822.67,-4.33651e-07,368.098,3550.67,7.9318e-08,416.657,4465.65,3.13319e-07,471.621,5615.16,3.4613e-07,533.835,7058.61,-1.19199e-07,604.255,8870.02,-2.79964e-07,683.962,11141.4,-2.30521e-07,774.182,13986.7,-2.55099e-07,876.299,17546.4,1.23585e-07,991.883,21993.1,1.41192e-07,1122.71,27536.7,-9.71886e-08,1270.78,34430.7,-3.68368e-07,1438.38,42977.7,-3.45379e-07,1628.07,53532.7,-3.25328e-09,1842.77,66504.6,2.6362e-07,2085.77,82350.2,2.53445e-07,2360.79,101560,-2.47407e-08,2672.05,124632,-3.80602e-07,3024.31,152018,-4.79005e-07,3422.98,184060,-1.14379e-07,3874.15,220884,2.64297e-07,4384.72,262283,3.44131e-07,4962.49,307576,7.5349e-08,5616.29,355497,-3.63097e-07,6356.1,404126,-6.05442e-07,7193.18,450932,-2.72333e-07,8140.28,492963,2.29675e-07,9211.79,527178,4.3387e-07,10424,550893,-1.0711e-07,10.102,8.06553,2.81012,10.6436,8.57909,0.869423,11.5336,10.2515,0.270869,12.7211,12.7138,0.0844293,14.1823,15.9373,0.0263173,15.9122,20.0383,0.0082035,17.9198,25.2154,0.00255722,20.2244,31.7373,0.000797017,22.8539,39.9486,0.000248622,25.8438,50.2851,7.75492e-05,29.237,63.2963,2.42508e-05,33.0837,79.6738,7.67162e-06,37.4415,100.288,2.32837e-06,42.3767,126.236,7.33e-07,47.9646,158.896,2.79256e-07,54.2906,200.003,9.87351e-09,61.452,251.741,1.61085e-07,69.5585,316.859,-2.47141e-07,78.7347,398.812,8.93552e-08,89.1218,501.948,-2.53231e-07,100.879,631.736,-1.25047e-07,114.188,795.049,-1.78808e-07,129.252,1000.53,2.6733e-07,146.304,1259.03,4.50292e-07,165.605,1584.19,6.76904e-07,187.452,1993.12,-1.23808e-07,212.181,2507.27,-4.89068e-07,240.173,3153.54,-5.40284e-07,271.856,3965.56,1.86061e-07,307.719,4985.38,4.37004e-07,348.313,6265.4,3.59828e-07,394.26,7870.83,3.98192e-07,446.268,9882.51,-1.92908e-07,505.135,12400.3,-2.20392e-07,571.766,15546.9,1.51705e-07,647.184,19472.2,5.74996e-07,732.547,24357.4,5.39112e-07,829.167,30420,5.07815e-09,938.526,37916.3,-4.11492e-07,1062.3,47143.9,-3.9561e-07,1202.4,58439.2,3.86185e-08,1360.96,72169.3,5.94093e-07,1540.42,88715.8,7.47693e-07,1743.53,108445,1.78537e-07,1973.41,131665,-4.12549e-07,2233.57,158557,-5.37164e-07,2528,189103,-1.17615e-07,2861.2,222986,5.66769e-07,3238.27,259510,9.45053e-07,3664.97,297540,4.25093e-07,4147.81,335497,-3.58506e-07,4694.17,371444,-6.7724e-07,5312.37,403256,1.67192e-07,1.61744,3.89446,9.84394,3.28846,7.5504,12.774,5.07607,11.7187,13.6844,7.03202,16.8147,13.9681,9.20215,23.1769,14.0566,11.6301,31.1672,14.0841,14.3598,41.2186,14.0927,17.4376,53.8688,14.0954,20.9137,69.7915,14.0962,24.8432,89.8341,14.0965,29.2879,115.063,14.0966,34.3168,146.819,14.0966,40.0078,186.792,14.0966,46.4487,237.107,14.0966,53.7388,300.44,14.0966,61.9903,380.158,14.0966,71.3301,480.499,14.0966,81.902,606.796,14.0966,93.8685,765.761,14.0966,107.414,965.837,14.0966,122.746,1217.65,14.0966,140.101,1534.57,14.0966,159.745,1933.41,14.0966,181.981,2435.3,14.0966,207.15,3066.85,14.0966,235.64,3861.46,14.0966,267.889,4861.11,14.0966,304.391,6118.54,14.0966,345.709,7699.91,14.0966,392.478,9688.22,14.0966,445.417,12187.5,14.0966,505.339,15327.7,14.0966,573.165,19271.6,14.0966,649.938,24222,14.0966,736.839,30430.9,14.0966,835.202,38211.5,14.0966,946.539,47950.3,14.0966,1072.56,60122.8,14.0966,1215.21,75309.9,14.0966,1376.66,94216.2,14.0966,1559.41,117688,14.0966,1766.26,146729,14.0966,2000.39,182510,14.0966,2265.39,226372,14.0966,2565.33,279806,14.0966,2904.81,344416,14.0966,3289.05,421845,14.0966,3723.93,513667,14.0966,4216.13,621231,14.0966,4773.18,745478,14.0966,5403.64,886744,14.0966,6117.15,1.04457e+06,14.0966,6924.63,1.2176e+06,14.0966,11.7194,11.96,12.6541,13.9321,16.1295,13.6434,16.6097,21.9702,13.9553,19.7532,29.5285,14.0526,23.3844,39.1143,14.0829,27.5423,51.2054,14.0923,32.2796,66.434,14.0953,37.662,85.6061,14.0962,43.7675,109.74,14.0965,50.687,140.119,14.0966,58.5249,178.359,14.0966,67.4005,226.493,14.0966,77.4493,287.08,14.0966,88.8254,363.343,14.0966,101.703,459.336,14.0966,116.281,580.161,14.0966,132.782,732.241,14.0966,151.46,923.655,14.0966,172.603,1164.57,14.0966,196.535,1467.79,14.0966,223.625,1849.39,14.0966,254.288,2329.62,14.0966,288.997,2933.93,14.0966,328.285,3694.33,14.0966,372.755,4651.04,14.0966,423.092,5854.57,14.0966,480.07,7368.38,14.0966,544.564,9272.08,14.0966,617.566,11665.5,14.0966,700.197,14673.6,14.0966,793.729,18452.9,14.0966,899.599,23198.6,14.0966,1019.43,29154.1,14.0966,1155.07,36622.3,14.0966,1308.6,45977.9,14.0966,1482.39,57683.7,14.0966,1679.09,72307.8,14.0966,1901.73,90542.8,14.0966,2153.73,113226,14.0966,2438.97,141360,14.0966,2761.81,176127,14.0966,3127.22,218898,14.0966,3540.81,271226,14.0966,4008.92,334817,14.0966,4538.74,411470,14.0966,5138.38,502973,14.0966,5817.04,610948,14.0966,6585.12,736653,14.0966,7454.39,880741,14.0966,8438.15,1.04302e+06,14.0966,9551.45,1.22224e+06,14.0966,10811.3,1.41602e+06,14.0966,12237,1.62086e+06,14.0966,11.7194,11.96,12.6541,2.21263,4.16949,0.989383,2.67766,5.84076,0.311842,3.14343,7.55825,0.0972771,3.63127,9.58578,0.0303237,4.15787,12.0912,0.00945211,4.73731,15.2286,0.00294633,5.38238,19.1721,0.000918508,6.10553,24.134,0.000286163,6.91951,30.3791,8.92692e-05,7.83792,38.2397,2.78121e-05,8.87555,48.1338,8.65134e-06,10.0489,60.5876,2.7882e-06,11.3761,76.2629,8.29036e-07,12.8779,95.9927,2.4373e-07,14.5775,120.825,4.33068e-09,16.5012,152.08,1.75749e-07,18.6784,191.415,-1.86328e-07,21.1428,240.917,1.91829e-07,23.9322,303.213,-1.81475e-07,27.0895,381.602,7.0186e-08,30.6634,480.231,-2.86769e-08,34.7087,604.316,2.40784e-07,39.2876,760.401,9.87368e-08,44.4705,956.705,1.22263e-07,50.3371,1203.54,-4.31966e-07,56.9776,1513.81,-1.9705e-07,64.494,1903.69,-2.763e-08,73.0018,2393.4,3.9185e-07,82.6317,3008.13,1.35379e-07,93.5318,3779.25,-4.16351e-08,105.869,4745.7,2.06965e-08,119.834,5955.6,-3.18887e-07,135.641,7468.12,-1.48271e-08,153.531,9355.62,2.00739e-07,173.781,11705.8,2.28358e-07,196.701,14624.1,-1.93587e-08,222.642,18235,-2.88101e-07,252.003,22683.4,-2.24732e-07,285.234,28134,8.56806e-09,322.845,34767,2.34258e-07,365.413,42770.9,2.99668e-07,413.588,52327.9,8.28644e-08,468.111,63591.2,-3.07049e-07,529.814,76653.2,-3.1888e-07,599.642,91502.5,-6.72276e-08,678.662,107975,2.26339e-07,768.083,125705,3.69212e-07,869.267,144088,2.04077e-07,983.76,162277,-2.80509e-07,1113.3,179223,-4.22737e-07,1259.87,193777,-1.71951e-07,1425.68,204839,4.55555e-07,11.7194,11.96,12.6541,2.21263,4.16949,0.989383,2.67766,5.84076,0.311842,3.14343,7.55825,0.0972771,3.63127,9.58578,0.0303237,4.15787,12.0912,0.00945211,4.73731,15.2286,0.00294633,5.38238,19.1721,0.000918508,6.10553,24.134,0.000286163,6.91951,30.3791,8.92692e-05,7.83792,38.2397,2.78121e-05,8.87555,48.1338,8.65134e-06,10.0489,60.5876,2.7882e-06,11.3761,76.2629,8.29036e-07,12.8779,95.9927,2.4373e-07,14.5775,120.825,1e-08,16.5012,152.08,1.75749e-07,18.6784,191.415,1e-08,21.1428,240.917,1.91829e-07,23.9322,303.213,1e-08,27.0895,381.602,7.0186e-08,30.6634,480.231,1e-08,34.7087,604.316,2.40784e-07,39.2876,760.401,9.87368e-08,44.4705,956.705,1.22263e-07,50.3371,1203.54,1e-08,56.9776,1513.81,1e-08,64.494,1903.69,1e-08,73.0018,2393.4,3.9185e-07,82.6317,3008.13,1.35379e-07,93.5318,3779.25,1e-08,105.869,4745.7,2.06965e-08,119.834,5955.6,1e-08,135.641,7468.12,1e-08,153.531,9355.62,2.00739e-07,173.781,11705.8,2.28358e-07,196.701,14624.1,1e-08,222.642,18235,1e-08,252.003,22683.4,1e-08,285.234,28134,1e-08,322.845,34767,2.34258e-07,365.413,42770.9,2.99668e-07,413.588,52327.9,8.28644e-08,468.111,63591.2,1e-08,529.814,76653.2,1e-08,599.642,91502.5,1e-08,678.662,107975,2.26339e-07,768.083,125705,3.69212e-07,869.267,144088,2.04077e-07,983.76,162277,1e-08,1113.3,179223,1e-08,1259.87,193777,1e-08,1425.68,204839,4.55555e-07,6.2823,3.27286,2.43537,0.219672,6.18826,2.24117,0.56371,6.87772,2.63624,0.308279,13,13,5,1,2,5,7,6,0,9,9,0,10,9,0,4,12,0,2,25,0,1,14,0,5,14,0,4,17,0,8,19,0,4,83,0,5,44,0,11,167,0,12,117,0,2,78,0,15,174,0,37,73,0,46,120,0,15,252,0,38,255,0,24,714,0,18,354,0,31,701,0,38,1042,0,62,2278,0,103,1732,0,49,2977,0,57,1472,0,52,2692,0,170,1689,0,62,5472,0,85,3817,0,57,9138,0,162,15811,0,214,12026,0,247,5462,0,250,17157,0,182,24231,0,398,26537,0,296,41473,0,692,19067,0,245,106136,0,687,62464,0,260,42198,0,548,104525,0,608,38802,0,500,77261,0,665,83370,0,911,127233,0,905,139845,0,1937,250375,0,1520,223606,0
-1.05176e+08,1,8.88811e-15,10,1023,0,1.05176e+08,0.528882,1.08665,0.389689,0.145397,0.379329,3.24381,0.161596,0.446195,1.77396,0.159177,1.15e+07,4.49998e+06,6.79999e+06,1.15e+07,4.49997e+06,6.79999e+06,1.15e+07,4.49996e+06,6.79999e+06,1.15e+07,4.49995e+06,6.79999e+06,1.14999e+07,4.49993e+06,6.79999e+06,1.14999e+07,4.49991e+06,6.79999e+06,1.14999e+07,4.49989e+06,6.79999e+06,1.14999e+07,4.49986e+06,6.79999e+06,1.14999e+07,4.49982e+06,6.79999e+06,1.14999e+07,4.49977e+06,6.79999e+06,1.14999e+07,4.49971e+06,6.79999e+06,1.14999e+07,4.49963e+06,6.79999e+06,1.14998e+07,4.49953e+06,6.79999e+06,1.14998e+07,4.49941e+06,6.79999e+06,1.14998e+07,4.49926e+06,6.79999e+06,1.14998e+07,4.49906e+06,6.79999e+06,1.14997e+07,4.49882e+06,6.79999e+06,1.14997e+07,4.49851e+06,6.79999e+06,1.14997e+07,4.49812e+06,6.79999e+06,1.14996e+07,4.49764e+06,6.79999e+06,1.14996e+07,4.49702e+06,6.79999e+06,1.14995e+07,4.49625e+06,6.79999e+06,1.14995e+07,4.49528e+06,6.79999e+06,1.14994e+07,4.49406e+06,6.79999e+06,1.14993e+07,4.49253e+06,6.79999e+06,1.14992e+07,4.49059e+06,6.79999e+06,1.14991e+07,4.48817e+06,6.79999e+06,1.1499e+07,4.48511e+06,6.79999e+06,1.14988e+07,4.48128e+06,6.79999e+06,1.14987e+07,4.47646e+06,6.79999e+06,1.14985e+07,4.47041e+06,6.79999e+06,1.14983e+07,4.46281e+06,6.79999e+06,1.14981e+07,4.4533e+06,6.79999e+06,1.14979e+07,4.44138e+06,6.79999e+06,1.14976e+07,4.42649e+06,6.79999e+06,1.14972e+07,4.40789e+06,6.79999e+06,1.14969e+07,4.38471e+06,6.79999e+06,1.14965e+07,4.35592e+06,6.79999e+06,1.1496e+07,4.32027e+06,6.79999e+06,1.14955e+07,4.27629e+06,6.79999e+06,1.14949e+07,4.22231e+06,6.79999e+06,1.14942e+07,4.15647e+06,6.79999e+06,1.14934e+07,4.07676e+06,6.79999e+06,1.14926e+07,3.98112e+06,6.79999e+06,1.14916e+07,3.86765e+06,6.79999e+06,1.14905e+07,3.73474e+06,6.79999e+06,1.14892e+07,3.58148e+06,6.79999e+06,1.14878e+07,3.40785e+06,6.79999e+06,1.14862e+07,3.21513e+06,6.79999e+06,1.14844e+07,3.00605e+06,6.79999e+06,1.14823e+07,2.7848e+06,6.79999e+06,1.148e+07,2.5568e+06,6.79999e+06,1.14773e+07,2.32825e+06,6.79999e+06,13.5742,8.52444,0.508366,16.8306,13.2585,0.162638,20.0035,17.569,0.0507846,23.2616,22.4214,0.0158319,26.7328,28.3297,0.00493498,30.5212,35.6974,0.00153831,34.7178,44.9473,0.000479527,39.4086,56.5822,0.000149456,44.6796,71.2245,4.66214e-05,50.6209,89.6543,1.45419e-05,57.3297,112.852,4.54748e-06,64.9129,142.051,1.43857e-06,73.4897,178.803,4.36618e-07,83.1934,225.062,1.40153e-07,94.1745,283.286,4.96378e-08,106.602,356.568,1.05434e-07,120.669,448.799,-6.49244e-08,136.59,564.873,1.70148e-07,154.611,710.948,-5.34594e-08,175.008,894.767,1.63407e-07,198.097,1126.06,8.04804e-08,224.231,1417.07,1.14667e-07,253.813,1783.15,-1.71227e-07,287.297,2243.62,-2.88466e-07,325.198,2822.67,-4.33651e-07,368.098,3550.67,7.9318e-08,416.657,4465.65,3.13319e-07,471.621,5615.16,3.4613e-07,533.835,7058.61,-1.19199e-07,604.255,8870.02,-2.79964e-07,683.962,11141.4,-2.30521e-07,774.182,13986.7,-2.55099e-07,876.299,17546.4,1.23585e-07,991.883,21993.1,1.41192e-07,1122.71,27536.7,-9.71886e-08,1270.78,34430.7,-3.68368e-07,1438.38,42977.7,-3.45379e-07,1628.07,53532.7,-3.25328e-09,1842.77,66504.6,2.6362e-07,2085.77,82350.2,2.53445e-07,2360.79,101560,-2.47407e-08,2672.05,124632,-3.80602e-07,3024.31,152018,-4.79005e-07,3422.98,184060,-1.14379e-07,3874.15,220884,2.64297e-07,4384.72,262283,3.44131e-07,4962.49,307576,7.5349e-08,5616.29,355497,-3.63097e-07,6356.1,404126,-6.05442e-07,7193.18,450932,-2.72333e-07,8140.28,492963,2.29675e-07,9211.79,527178,4.3387e-07,10424,550893,-1.0711e-07,10.102,8.06553,2.81012,10.6436,8.57909,0.869423,11.5336,10.2515,0.270869,12.7211,12.7138,0.0844293,14.1823,15.9373,0.0263173,15.9122,20.0383,0.0082035,17.9198,25.2154,0.00255722,20.2244,31.7373,0.000797017,22.8539,39.9486,0.000248622,25.8438,50.2851,7.75492e-05,29.237,63.2963,2.42508e-05,33.0837,79.6738,7.67162e-06,37.4415,100.288,2.32837e-06,42.3767,126.236,7.33e-07,47.9646,158.896,2.79256e-07,54.2906,200.003,9.87351e-09,61.452,251.741,1.61085e-07,69.5585,316.859,-2.47141e-07,78.7347,398.812,8.93552e-08,89.1218,501.948,-2.53231e-07,100.879,631.736,-1.25047e-07,114.188,795.049,-1.78808e-07,129.252,1000.53,2.6733e-07,146.304,1259.03,4.50292e-07,165.605,1584.19,6.76904e-07,187.452,1993.12,-1.23808e-07,212.181,2507.27,-4.89068e-07,240.173,3153.54,-5.40284e-07,271.856,3965.56,1.86061e-07,307.719,4985.38,4.37004e-07,348.313,6265.4,3.59828e-07,394.26,7870.83,3.98192e-07,446.268,9882.51,-1.92908e-07,505.135,12400.3,-2.20392e-07,571.766,15546.9,1.51705e-07,647.184,19472.2,5.74996e-07,732.547,24357.4,5.39112e-07,829.167,30420,5.07815e-09,938.526,37916.3,-4.11492e-07,1062.3,47143.9,-3.9561e-07,1202.4,58439.2,3.86185e-08,1360.96,72169.3,5.94093e-07,1540.42,88715.8,7.47693e-07,1743.53,108445,1.78537e-07,1973.41,131665,-4.12549e-07,2233.57,158557,-5.37164e-07,2528,189103,-1.17615e-07,2861.2,222986,5.66769e-07,3238.27,259510,9.45053e-07,3664.97,297540,4.25093e-07,4147.81,335497,-3.58506e-07,4694.17,371444,-6.7724e-07,5312.37,403256,1.67192e-07,1.61744,3.89446,9.84394,3.28846,7.5504,12.774,5.07607,11.7187,13.6844,7.03202,16.8147,13.9681,9.20215,23.1769,14.0566,11.6301,31.1672,14.0841,14.3598,41.2186,14.0927,17.4376,53.8688,14.0954,20.9137,69.7915,14.0962,24.8432,89.8341,14.0965,29.2879,115.063,14.0966,34.3168,146.819,14.0966,40.0078,186.792,14.0966,46.4487,237.107,14.0966,53.7388,300.44,14.0966,61.9903,380.158,14.0966,71.3301,480.499,14.0966,81.902,606.796,14.0966,93.8685,765.761,14.0966,107.414,965.837,14.0966,122.746,1217.65,14.0966,140.101,1534.57,14.0966,159.745,1933.41,14.0966,181.981,2435.3,14.0966,207.15,3066.85,14.0966,235.64,3861.46,14.0966,267.889,4861.11,14.0966,304.391,6118.54,14.0966,345.709,7699.91,14.0966,392.478,9688.22,14.0966,445.417,12187.5,14.0966,505.339,15327.7,14.0966,573.165,19271.6,14.0966,649.938,24222,14.0966,736.839,30430.9,14.0966,835.202,38211.5,14.0966,946.539,47950.3,14.0966,1072.56,60122.8,14.0966,1215.21,75309.9,14.0966,1376.66,94216.2,14.0966,1559.41,117688,14.0966,1766.26,146729,14.0966,2000.39,182510,14.0966,2265.39,226372,14.0966,2565.33,279806,14.0966,2904.81,344416,14.0966,3289.05,421845,14.0966,3723.93,513667,14.0966,4216.13,621231,14.0966,4773.18,745478,14.0966,5403.64,886744,14.0966,6117.15,1.04457e+06,14.0966,6924.63,1.2176e+06,14.0966,11.7194,11.96,12.6541,13.9321,16.1295,13.6434,16.6097,21.9702,13.9553,19.7532,29.5285,14.0526,23.3844,39.1143,14.0829,27.5423,51.2054,14.0923,32.2796,66.434,14.0953,37.662,85.6061,14.0962,43.7675,109.74,14.0965,50.687,140.119,14.0966,58.5249,178.359,14.0966,67.4005,226.493,14.0966,77.4493,287.08,14.0966,88.8254,363.343,14.0966,101.703,459.336,14.0966,116.281,580.161,14.0966,132.782,732.241,14.0966,151.46,923.655,14.0966,172.603,1164.57,14.0966,196.535,1467.79,14.0966,223.625,1849.39,14.0966,254.288,2329.62,14.0966,288.997,2933.93,14.0966,328.285,3694.33,14.0966,372.755,4651.04,14.0966,423.092,5854.57,14.0966,480.07,7368.38,14.0966,544.564,9272.08,14.0966,617.566,11665.5,14.0966,700.197,14673.6,14.0966,793.729,18452.9,14.0966,899.599,23198.6,14.0966,1019.43,29154.1,14.0966,1155.07,36622.3,14.0966,1308.6,45977.9,14.0966,1482.39,57683.7,14.0966,1679.09,72307.8,14.0966,1901.73,90542.8,14.0966,2153.73,113226,14.0966,2438.97,141360,14.0966,2761.81,176127,14.0966,3127.22,218898,14.0966,3540.81,271226,14.0966,4008.92,334817,14.0966,4538.74,411470,14.0966,5138.38,502973,14.0966,5817.04,610948,14.0966,6585.12,736653,14.0966,7454.39,880741,14.0966,8438.15,1.04302e+06,14.0966,9551.45,1.22224e+06,14.0966,10811.3,1.41602e+06,14.0966,12237,1.62086e+06,14.0966,11.7194,11.96,12.6541,2.21263,4.16949,0.989383,2.67766,5.84076,0.311842,3.14343,7.55825,0.0972771,3.63127,9.58578,0.0303237,4.15787,12.0912,0.00945211,4.73731,15.2286,0.00294633,5.38238,19.1721,0.000918508,6.10553,24.134,0.000286163,6.91951,30.3791,8.92692e-05,7.83792,38.2397,2.78121e-05,8.87555,48.1338,8.65134e-06,10.0489,60.5876,2.7882e-06,11.3761,76.2629,8.29036e-07,12.8779,95.9927,2.4373e-07,14.5775,120.825,4.33068e-09,16.5012,152.08,1.75749e-07,18.6784,191.415,-1.86328e-07,21.1428,240.917,1.91829e-07,23.9322,303.213,-1.81475e-07,27.0895,381.602,7.0186e-08,30.6634,480.231,-2.86769e-08,34.7087,604.316,2.40784e-07,39.2876,760.401,9.87368e-08,44.4705,956.705,1.22263e-07,50.3371,1203.54,-4.31966e-07,56.9776,1513.81,-1.9705e-07,64.494,1903.69,-2.763e-08,73.0018,2393.4,3.9185e-07,82.6317,3008.13,1.35379e-07,93.5318,3779.25,-4.16351e-08,105.869,4745.7,2.06965e-08,119.834,5955.6,-3.18887e-07,135.641,7468.12,-1.48271e-08,153.531,9355.62,2.00739e-07,173.781,11705.8,2.28358e-07,196.701,14624.1,-1.93587e-08,222.642,18235,-2.88101e-07,252.003,22683.4,-2.24732e-07,285.234,28134,8.56806e-09,322.845,34767,2.34258e-07,365.413,42770.9,2.99668e-07,413.588,52327.9,8.28644e-08,468.111,63591.2,-3.07049e-07,529.814,76653.2,-3.1888e-07,599.642,91502.5,-6.72276e-08,678.662,107975,2.26339e-07,768.083,125705,3.69212e-07,869.267,144088,2.04077e-07,983.76,162277,-2.80509e-07,1113.3,179223,-4.22737e-07,1259.87,193777,-1.71951e-07,1425.68,204839,4.55555e-07,11.7194,11.96,12.6541,2.21263,4.16949,0.989383,2.67766,5.84076,0.311842,3.14343,7.55825,0.0972771,3.63127,9.58578,0.0303237,4.15787,12.0912,0.00945211,4.73731,15.2286,0.00294633,5.38238,19.1721,0.000918508,6.10553,24.134,0.000286163,6.91951,30.3791,8.92692e-05,7.83792,38.2397,2.78121e-05,8.87555,48.1338,8.65134e-06,10.0489,60.5876,2.7882e-06,11.3761,76.2629,8.29036e-07,12.8779,95.9927,2.4373e-07,14.5775,120.825,1e-08,16.5012,152.08,1.75749e-07,18.6784,191.415,1e-08,21.1428,240.917,1.91829e-07,23.9322,303.213,1e-08,27.0895,381.602,7.0186e-08,30.6634,480.231,1e-08,34.7087,604.316,2.40784e-07,39.2876,760.401,9.87368e-08,44.4705,956.705,1.22263e-07,50.3371,1203.54,1e-08,56.9776,1513.81,1e-08,64.494,1903.69,1e-08,73.0018,2393.4,3.9185e-07,82.6317,3008.13,1.35379e-07,93.5318,3779.25,1e-08,105.869,4745.7,2.06965e-08,119.834,5955.6,1e-08,135.641,7468.12,1e-08,153.531,9355.62,2.00739e-07,173.781,11705.8,2.28358e-07,196.701,14624.1,1e-08,222.642,18235,1e-08,252.003,22683.4,1e-08,285.234,28134,1e-08,322.845,34767,2.34258e-07,365.413,42770.9,2.99668e-07,413.588,52327.9,8.28644e-08,468.111,63591.2,1e-08,529.814,76653.2,1e-08,599.642,91502.5,1e-08,678.662,107975,2.26339e-07,768.083,125705,3.69212e-07,869.267,144088,2.04077e-07,983.76,162277,1e-08,1113.3,179223,1e-08,1259.87,193777,1e-08,1425.68,204839,4.55555e-07,6.2823,3.27286,2.43537,0.219672,6.18826,2.24117,0.56371,6.87772,2.63624,0.308279,6,3,20,3,5,3,0,7,1,7,7,0,1,7,0,12,21,0,8,13,0,6,37,0,4,7,0,13,45,0,7,46,0,11,12,0,2,54,0,2,109,0,10,108,0,15,198,0,13,157,0,19,359,0,39,333,0,12,463,0,17,297,0,46,368,0,22,806,0,50,964,0,41,453,0,43,1023,0,45,1796,0,37,1266,0,43,2437,0,101,3304,0,38,2740,0,88,4181,0,97,8059,0,206,7307,0,99,7214,0,117,16363,0,91,16043,0,191,13660,0,188,23638,0,173,36586,0,281,24437,0,608,56221,0,630,66042,0,568,90058,0,584,50108,0,1279,86509,0,703,58484,0,776,137594,0,514,150888,0,1872,213861,0,815,193239,0,960,80397,0,1185,116808,0
-1.05176e+08,8.09535e-47,8.88811e-15,10,1023,0,1.05176e+08,0.528882,1.08665,0.389689,0.145397,0.379329,3.24381,0.161596,0.446195,1.77396,0.159177,1.15e+07,4.49998e+06,6.79999e+06,1.15e+07,4.49997e+06,6.79999e+06,1.15e+07,4.49996e+06,6.79999e+06,1.15e+07,4.49995e+06,6.79999e+06,1.14999e+07,4.49993e+06,6.79999e+06,1.14999e+07,4.49991e+06,6.79999e+06,1.14999e+07,4.49989e+06,6.79999e+06,1.14999e+07,4.49986e+06,6.79999e+06,1.14999e+07,4.49982e+06,6.79999e+06,1.14999e+07,4.49977e+06,6.79999e+06,1.14999e+07,4.49971e+06,6.79999e+06,1.14999e+07,4.49963e+06,6.79999e+06,1.14998e+07,4.49953e+06,6.79999e+06,1.14998e+07,4.49941e+06,6.79999e+06,1.14998e+07,4.49926e+06,6.79999e+06,1.14998e+07,4.49906e+06,6.79999e+06,1.14997e+07,4.49882e+06,6.79999e+06,1.14997e+07,4.49851e+06,6.79999e+06,1.14997e+07,4.49812e+06,6.79999e+06,1.14996e+07,4.49764e+06,6.79999e+06,1.14996e+07,4.49702e+06,6.79999e+06,1.14995e+07,4.49625e+06,6.79999e+06,1.14995e+07,4.49528e+06,6.79999e+06,1.14994e+07,4.49406e+06,6.79999e+06,1.14993e+07,4.49253e+06,6.79999e+06,1.14992e+07,4.49059e+06,6.79999e+06,1.14991e+07,4.48817e+06,6.79999e+06,1.1499e+07,4.48511e+06,6.79999e+06,1.14988e+07,4.48128e+06,6.79999e+06,1.14987e+07,4.47646e+06,6.79999e+06,1.14985e+07,4.47041e+06,6.79999e+06,1.14983e+07,4.46281e+06,6.79999e+06,1.14981e+07,4.4533e+06,6.79999e+06,1.14979e+07,4.44138e+06,6.79999e+06,1.14976e+07,4.42649e+06,6.79999e+06,1.14972e+07,4.40789e+06,6.79999e+06,1.14969e+07,4.38471e+06,6.79999e+06,1.14965e+07,4.35592e+06,6.79999e+06,1.1496e+07,4.32027e+06,6.79999e+06,1.14955e+07,4.27629e+06,6.79999e+06,1.14949e+07,4.22231e+06,6.79999e+06,1.14942e+07,4.15647e+06,6.79999e+06,1.14934e+07,4.07676e+06,6.79999e+06,1.14926e+07,3.98112e+06,6.79999e+06,1.14916e+07,3.86765e+06,6.79999e+06,1.14905e+07,3.73474e+06,6.79999e+06,1.14892e+07,3.58148e+06,6.79999e+06,1.14878e+07,3.40785e+06,6.79999e+06,1.14862e+07,3.21513e+06,6.79999e+06,1.14844e+07,3.00605e+06,6.79999e+06,1.14823e+07,2.7848e+06,6.79999e+06,1.148e+07,2.5568e+06,6.79999e+06,1.14773e+07,2.32825e+06,6.79999e+06,13.5742,8.52444,0.508366,16.8306,13.2585,0.162638,20.0035,17.569,0.0507846,23.2616,22.4214,0.0158319,26.7328,28.3297,0.00493498,30.5212,35.6974,0.00153831,34.7178,44.9473,0.000479527,39.4086,56.5822,0.000149456,44.6796,71.2245,4.66214e-05,50.6209,89.6543,1.45419e-05,57.3297,112.852,4.54748e-06,64.9129,142.051,1.43857e-06,73.4897,178.803,4.36618e-07,83.1934,225.062,1.40153e-07,94.1745,283.286,4.96378e-08,106.602,356.568,1.05434e-07,120.669,448.799,-6.49244e-08,136.59,564.873,1.70148e-07,154.611,710.948,-5.34594e-08,175.008,894.767,1.63407e-07,198.097,1126.06,8.04804e-08,224.231,1417.07,1.14667e-07,253.813,1783.15,-1.71227e-07,287.297,2243.62,-2.88466e-07,325.198,2822.67,-4.33651e-07,368.098,3550.67,7.9318e-08,416.657,4465.65,3.13319e-07,471.621,5615.16,3.4613e-07,533.835,7058.61,-1.19199e-07,604.255,8870.02,-2.79964e-07,683.962,11141.4,-2.30521e-07,774.182,13986.7,-2.55099e-07,876.299,17546.4,1.23585e-07,991.883,21993.1,1.41192e-07,1122.71,27536.7,-9.71886e-08,1270.78,34430.7,-3.68368e-07,1438.38,42977.7,-3.45379e-07,1628.07,53532.7,-3.25328e-09,1842.77,66504.6,2.6362e-07,2085.77,82350.2,2.53445e-07,2360.79,101560,-2.47407e-08,2672.05,124632,-3.80602e-07,3024.31,152018,-4.79005e-07,3422.98,184060,-1.14379e-07,3874.15,220884,2.64297e-07,4384.72,262283,3.44131e-07,4962.49,307576,7.5349e-08,5616.29,355497,-3.63097e-07,6356.1,404126,-6.05442e-07,7193.18,450932,-2.72333e-07,8140.28,492963,2.29675e-07,9211.79,527178,4.3387e-07,10424,550893,-1.0711e-07,10.102,8.06553,2.81012,10.6436,8.57909,0.869423,11.5336,10.2515,0.270869,12.7211,12.7138,0.0844293,14.1823,15.9373,0.0263173,15.9122,20.0383,0.0082035,17.9198,25.2154,0.00255722,20.2244,31.7373,0.000797017,22.8539,39.9486,0.000248622,25.8438,50.2851,7.75492e-05,29.237,63.2963,2.42508e-05,33.0837,79.6738,7.67162e-06,37.4415,100.288,2.32837e-06,42.3767,126.236,7.33e-07,47.9646,158.896,2.79256e-07,54.2906,200.003,9.87351e-09,61.452,251.741,1.61085e-07,69.5585,316.859,-2.47141e-07,78.7347,398.812,8.93552e-08,89.1218,501.948,-2.53231e-07,100.879,631.736,-1.25047e-07,114.188,795.049,-1.78808e-07,129.252,1000.53,2.6733e-07,146.304,1259.03,4.50292e-07,165.605,1584.19,6.76904e-07,187.452,1993.12,-1.23808e-07,212.181,2507.27,-4.89068e-07,240.173,3153.54,-5.40284e-07,271.856,3965.56,1.86061e-07,307.719,4985.38,4.37004e-07,348.313,6265.4,3.59828e-07,394.26,7870.83,3.98192e-07,446.268,9882.51,-1.92908e-07,505.135,12400.3,-2.20392e-07,571.766,15546.9,1.51705e-07,647.184,19472.2,5.74996e-07,732.547,24357.4,5.39112e-07,829.167,30420,5.07815e-09,938.526,37916.3,-4.11492e-07,1062.3,47143.9,-3.9561e-07,1202.4,58439.2,3.86185e-08,1360.96,72169.3,5.94093e-07,1540.42,88715.8,7.47693e-07,1743.53,108445,1.78537e-07,1973.41,131665,-4.12549e-07,2233.57,158557,-5.37164e-07,2528,189103,-1.17615e-07,2861.2,222986,5.66769e-07,3238.27,259510,9.45053e-07,3664.97,297540,4.25093e-07,4147.81,335497,-3.58506e-07,4694.17,371444,-6.7724e-07,5312.37,403256,1.67192e-07,1.61744,3.89446,9.84394,3.28846,7.5504,12.774,5.07607,11.7187,13.6844,7.03202,16.8147,13.9681,9.20215,23.1769,14.0566,11.6301,31.1672,14.0841,14.3598,41.2186,14.0927,17.4376,53.8688,14.0954,20.9137,69.7915,14.0962,24.8432,89.8341,14.0965,29.2879,115.063,14.0966,34.3168,146.819,14.0966,40.0078,186.792,14.0966,46.4487,237.107,14.0966,53.7388,300.44,14.0966,61.9903,380.158,14.0966,71.3301,480.499,14.0966,81.902,606.796,14.0966,93.8685,765.761,14.0966,107.414,965.837,14.0966,122.746,1217.65,14.0966,140.101,1534.57,14.0966,159.745,1933.41,14.0966,181.981,2435.3,14.0966,207.15,3066.85,14.0966,235.64,3861.46,14.0966,267.889,4861.11,14.0966,304.391,6118.54,14.0966,345.709,7699.91,14.0966,392.478,9688.22,14.0966,445.417,12187.5,14.0966,505.339,15327.7,14.0966,573.165,19271.6,14.0966,649.938,24222,14.0966,736.839,30430.9,14.0966,835.202,38211.5,14.0966,946.539,47950.3,14.0966,1072.56,60122.8,14.0966,1215.21,75309.9,14.0966,1376.66,94216.2,14.0966,1559.41,117688,14.0966,1766.26,146729,14.0966,2000.39,182510,14.0966,2265.39,226372,14.0966,2565.33,279806,14.0966,2904.81,344416,14.0966,3289.05,421845,14.0966,3723.93,513667,14.0966,4216.13,621231,14.0966,4773.18,745478,14.0966,5403.64,886744,14.0966,6117.15,1.04457e+06,14.0966,6924.63,1.2176e+06,14.0966,11.7194,11.96,12.6541,13.9321,16.1295,13.6434,16.6097,21.9702,13.9553,19.7532,29.5285,14.0526,23.3844,39.1143,14.0829,27.5423,51.2054,14.0923,32.2796,66.434,14.0953,37.662,85.6061,14.0962,43.7675,109.74,14.0965,50.687,140.119,14.0966,58.5249,178.359,14.0966,67.4005,226.493,14.0966,77.4493,287.08,14.0966,88.8254,363.343,14.0966,101.703,459.336,14.0966,116.281,580.161,14.0966,132.782,732.241,14.0966,151.46,923.655,14.0966,172.603,1164.57,14.0966,196.535,1467.79,14.0966,223.625,1849.39,14.0966,254.288,2329.62,14.0966,288.997,2933.93,14.0966,328.285,3694.33,14.0966,372.755,4651.04,14.0966,423.092,5854.57,14.0966,480.07,7368.38,14.0966,544.564,9272.08,14.0966,617.566,11665.5,14.0966,700.197,14673.6,14.0966,793.729,18452.9,14.0966,899.599,23198.6,14.0966,1019.43,29154.1,14.0966,1155.07,36622.3,14.0966,1308.6,45977.9,14.0966,1482.39,57683.7,14.0966,1679.09,72307.8,14.0966,1901.73,90542.8,14.0966,2153.73,113226,14.0966,2438.97,141360,14.0966,2761.81,176127,14.0966,3127.22,218898,14.0966,3540.81,271226,14.0966,4008.92,334817,14.0966,4538.74,411470,14.0966,5138.38,502973,14.0966,5817.04,610948,14.0966,6585.12,736653,14.0966,7454.39,880741,14.0966,8438.15,1.04302e+06,14.0966,9551.45,1.22224e+06,14.0966,10811.3,1.41602e+06,14.0966,12237,1.62086e+06,14.0966,11.7194,11.96,12.6541,2.21263,4.16949,0.989383,2.67766,5.84076,0.311842,3.14343,7.55825,0.0972771,3.63127,9.58578,0.0303237,4.15787,12.0912,0.00945211,4.73731,15.2286,0.00294633,5.38238,19.1721,0.000918508,6.10553,24.134,0.000286163,6.91951,30.3791,8.92692e-05,7.83792,38.2397,2.78121e-05,8.87555,48.1338,8.65134e-06,10.0489,60.5876,2.7882e-06,11.3761,76.2629,8.29036e-07,12.8779,95.9927,2.4373e-07,14.5775,120.825,4.33068e-09,16.5012,152.08,1.75749e-07,18.6784,191.415,-1.86328e-07,21.1428,240.917,1.91829e-07,23.9322,303.213,-1.81475e-07,27.0895,381.602,7.0186e-08,30.6634,480.231,-2.86769e-08,34.7087,604.316,2.40784e-07,39.2876,760.401,9.87368e-08,44.4705,956.705,1.22263e-07,50.3371,1203.54,-4.31966e-07,56.9776,1513.81,-1.9705e-07,64.494,1903.69,-2.763e-08,73.0018,2393.4,3.9185e-07,82.6317,3008.13,1.35379e-07,93.5318,3779.25,-4.16351e-08,105.869,4745.7,2.06965e-08,119.834,5955.6,-3.18887e-07,135.641,7468.12,-1.48271e-08,153.531,9355.62,2.00739e-07,173.781,11705.8,2.28358e-07,196.701,14624.1,-1.93587e-08,222.642,18235,-2.88101e-07,252.003,22683.4,-2.24732e-07,285.234,28134,8.56806e-09,322.845,34767,2.34258e-07,365.413,42770.9,2.99668e-07,413.588,52327.9,8.28644e-08,468.111,63591.2,-3.07049e-07,529.814,76653.2,-3.1888e-07,599.642,91502.5,-6.72276e-08,678.662,107975,2.26339e-07,768.083,125705,3.69212e-07,869.267,144088,2.04077e-07,983.76,162277,-2.80509e-07,1113.3,179223,-4.22737e-07,1259.87,193777,-1.71951e-07,1425.68,204839,4.55555e-07,11.7194,11.96,12.6541,2.21263,4.16949,0.989383,2.67766,5.84076,0.311842,3.14343,7.55825,0.0972771,3.63127,9.58578,0.0303237,4.15787,12.0912,0.00945211,4.73731,15.2286,0.00294633,5.38238,19.1721,0.000918508,6.10553,24.134,0.000286163,6.91951,30.3791,8.92692e-05,7.83792,38.2397,2.78121e-05,8.87555,48.1338,8.65134e-06,10.0489,60.5876,2.7882e-06,11.3761,76.2629,8.29036e-07,12.8779,95.9927,2.4373e-07,14.5775,120.825,1e-08,16.5012,152.08,1.75749e-07,18.6784,191.415,1e-08,21.1428,240.917,1.91829e-07,23.9322,303.213,1e-08,27.0895,381.602,7.0186e-08,30.6634,480.231,1e-08,34.7087,604.316,2.40784e-07,39.2876,760.401,9.87368e-08,44.4705,956.705,1.22263e-07,50.3371,1203.54,1e-08,56.9776,1513.81,1e-08,64.494,1903.69,1e-08,73.0018,2393.4,3.9185e-07,82.6317,3008.13,1.35379e-07,93.5318,3779.25,1e-08,105.869,4745.7,2.06965e-08,119.834,5955.6,1e-08,135.641,7468.12,1e-08,153.531,9355.62,2.00739e-07,173.781,11705.8,2.28358e-07,196.701,14624.1,1e-08,222.642,18235,1e-08,252.003,22683.4,1e-08,285.234,28134,1e-08,322.845,34767,2.34258e-07,365.413,42770.9,2.99668e-07,413.588,52327.9,8.28644e-08,468.111,63591.2,1e-08,529.814,76653.2,1e-08,599.642,91502.5,1e-08,678.662,107975,2.26339e-07,768.083,125705,3.69212e-07,869.267,144088,2.04077e-07,983.76,162277,1e-08,1113.3,179223,1e-08,1259.87,193777,1e-08,1425.68,204839,4.55555e-07,6.2823,3.27286,2.43537,0.219672,6.18826,2.24117,0.56371,6.87772,2.63624,0.308279,4,6,8,1,4,1,2,6,0,4,9,0,2,10,0,4,10,0,5,11,0,3,9,0,8,19,0,11,22,0,10,27,0,6,137,0,7,42,0,10,33,0,9,94,0,28,238,0,46,127,0,20,80,0,29,272,0,41,171,0,56,239,0,44,464,0,12,715,0,24,508,0,53,793,0,32,1255,0,28,816,0,89,1463,0,24,3025,0,118,2284,0,31,3054,0,81,5568,0,112,3381,0,141,4768,0,144,6706,0,190,10322,0,123,13323,0,221,19575,0,219,27386,0,166,13743,0,223,27000,0,151,29236,0,431,14465,0,298,106715,0,429,42256,0,244,93475,0,611,114639,0,463,96905,0,1358,273525,0,855,140414,0,1304,106550,0,1414,154432,0,1244,141190,0
-1.05176e+08,1.48641e-52,8.88811e-15,10,1023,0,1.05176e+08,0.528882,1.08665,0.389689,0.145397,0.379329,3.24381,0.161596,0.446195,1.77396,0.159177,1.15e+07,4.49998e+06,6.79999e+06,1.15e+07,4.49997e+06,6.79999e+06,1.15e+07,4.49996e+06,6.79999e+06,1.15e+07,4.49995e+06,6.79999e+06,1.14999e+07,4.49993e+06,6.79999e+06,1.14999e+07,4.49991e+06,6.79999e+06,1.14999e+07,4.49989e+06,6.79999e+06,1.14999e+07,4.49986e+06,6.79999e+06,1.14999e+07,4.49982e+06,6.79999e+06,1.14999e+07,4.49977e+06,6.79999e+06,1.14999e+07,4.49971e+06,6.79999e+06,1.14999e+07,4.49963e+06,6.79999e+06,1.14998e+07,4.49953e+06,6.79999e+06,1.14998e+07,4.49941e+06,6.79999e+06,1.14998e+07,4.49926e+06,6.79999e+06,1.14998e+07,4.49906e+06,6.79999e+06,1.14997e+07,4.49882e+06,6.79999e+06,1.14997e+07,4.49851e+06,6.79999e+06,1.14997e+07,4.49812e+06,6.79999e+06,1.14996e+07,4.49764e+06,6.79999e+06,1.14996e+07,4.49702e+06,6.79999e+06,1.14995e+07,4.49625e+06,6.79999e+06,1.14995e+07,4.49528e+06,6.79999e+06,1.14994e+07,4.49406e+06,6.79999e+06,1.14993e+07,4.49253e+06,6.79999e+06,1.14992e+07,4.49059e+06,6.79999e+06,1.14991e+07,4.48817e+06,6.79999e+06,1.1499e+07,4.48511e+06,6.79999e+06,1.14988e+07,4.48128e+06,6.79999e+06,1.14987e+07,4.47646e+06,6.79999e+06,1.14985e+07,4.47041e+06,6.79999e+06,1.14983e+07,4.46281e+06,6.79999e+06,1.14981e+07,4.4533e+06,6.79999e+06,1.14979e+07,4.44138e+06,6.79999e+06,1.14976e+07,4.42649e+06,6.79999e+06,1.14972e+07,4.40789e+06,6.79999e+06,1.14969e+07,4.38471e+06,6.79999e+06,1.14965e+07,4.35592e+06,6.79999e+06,1.1496e+07,4.32027e+06,6.79999e+06,1.14955e+07,4.27629e+06,6.79999e+06,1.14949e+07,4.22231e+06,6.79999e+06,1.14942e+07,4.15647e+06,6.79999e+06,1.14934e+07,4.07676e+06,6.79999e+06,1.14926e+07,3.98112e+06,6.79999e+06,1.14916e+07,3.86765e+06,6.79999e+06,1.14905e+07,3.73474e+06,6.79999e+06,1.14892e+07,3.58148e+06,6.79999e+06,1.14878e+07,3.40785e+06,6.79999e+06,1.14862e+07,3.21513e+06,6.79999e+06,1.14844e+07,3.00605e+06,6.79999e+06,1.14823e+07,2.7848e+06,6.79999e+06,1.148e+07,2.5568e+06,6.79999e+06,1.14773e+07,2.32825e+06,6.79999e+06,13.5742,8.52444,0.508366,16.8306,13.2585,0.162638,20.0035,17.569,0.0507846,23.2616,22.4214,0.0158319,26.7328,28.3297,0.00493498,30.5212,35.6974,0.00153831,34.7178,44.9473,0.000479527,39.4086,56.5822,0.000149456,44.6796,71.2245,4.66214e-05,50.6209,89.6543,1.45419e-05,57.3297,112.852,4.54748e-06,64.9129,142.051,1.43857e-06,73.4897,178.803,4.36618e-07,83.1934,225.062,1.40153e-07,94.1745,283.286,4.96378e-08,106.602,356.568,1.05434e-07,120.669,448.799,-6.49244e-08,136.59,564.873,1.70148e-07,154.611,710.948,-5.34594e-08,175.008,894.767,1.63407e-07,198.097,1126.06,8.04804e-08,224.231,1417.07,1.14667e-07,253.813,1783.15,-1.71227e-07,287.297,2243.62,-2.88466e-07,325.198,2822.67,-4.33651e-07,368.098,3550.67,7.9318e-08,416.657,4465.65,3.13319e-07,471.621,5615.16,3.4613e-07,533.835,7058.61,-1.19199e-07,604.255,8870.02,-2.79964e-07,683.962,11141.4,-2.30521e-07,774.182,13986.7,-2.55099e-07,876.299,17546.4,1.23585e-07,991.883,21993.1,1.41192e-07,1122.71,27536.7,-9.71886e-08,1270.78,34430.7,-3.68368e-07,1438.38,42977.7,-3.45379e-07,1628.07,53532.7,-3.25328e-09,1842.77,66504.6,2.6362e-07,2085.77,82350.2,2.53445e-07,2360.79,101560,-2.47407e-08,2672.05,124632,-3.80602e-07,3024.31,152018,-4.79005e-07,3422.98,184060,-1.14379e-07,3874.15,220884,2.64297e-07,4384.72,262283,3.44131e-07,4962.49,307576,7.5349e-08,5616.29,355497,-3.63097e-07,6356.1,404126,-6.05442e-07,7193.18,450932,-2.72333e-07,8140.28,492963,2.29675e-07,9211.79,527178,4.3387e-07,10424,550893,-1.0711e-07,10.102,8.06553,2.81012,10.6436,8.57909,0.869423,11.5336,10.2515,0.270869,12.7211,12.7138,0.0844293,14.1823,15.9373,0.0263173,15.9122,20.0383,0.0082035,17.9198,25.2154,0.00255722,20.2244,31.7373,0.000797017,22.8539,39.9486,0.000248622,25.8438,50.2851,7.75492e-05,29.237,63.2963,2.42508e-05,33.0837,79.6738,7.67162e-06,37.4415,100.288,2.32837e-06,42.3767,126.236,7.33e-07,47.9646,158.896,2.79256e-07,54.2906,200.003,9.87351e-09,61.452,251.741,1.61085e-07,69.5585,316.859,-2.47141e-07,78.7347,398.812,8.93552e-08,89.1218,501.948,-2.53231e-07,100.879,631.736,-1.25047e-07,114.188,795.049,-1.78808e-07,129.252,1000.53,2.6733e-07,146.304,1259.03,4.50292e-07,165.605,1584.19,6.76904e-07,187.452,1993.12,-1.23808e-07,212.181,2507.27,-4.89068e-07,240.173,3153.54,-5.40284e-07,271.856,3965.56,1.86061e-07,307.719,4985.38,4.37004e-07,348.313,6265.4,3.59828e-07,394.26,7870.83,3.98192e-07,446.268,9882.51,-1.92908e-07,505.135,12400.3,-2.20392e-07,571.766,15546.9,1.51705e-07,647.184,19472.2,5.74996e-07,732.547,24357.4,5.39112e-07,829.167,30420,5.07815e-09,938.526,37916.3,-4.11492e-07,1062.3,47143.9,-3.9561e-07,1202.4,58439.2,3.86185e-08,1360.96,72169.3,5.94093e-07,1540.42,88715.8,7.47693e-07,1743.53,108445,1.78537e-07,1973.41,131665,-4.12549e-07,2233.57,158557,-5.37164e-07,2528,189103,-1.17615e-07,2861.2,222986,5.66769e-07,3238.27,259510,9.45053e-07,3664.97,297540,4.25093e-07,4147.81,335497,-3.58506e-07,4694.17,371444,-6.7724e-07,5312.37,403256,1.67192e-07,1.61744,3.89446,9.84394,3.28846,7.5504,12.774,5.07607,11.7187,13.6844,7.03202,16.8147,13.9681,9.20215,23.1769,14.0566,11.6301,31.1672,14.0841,14.3598,41.2186,14.0927,17.4376,53.8688,14.0954,20.9137,69.7915,14.0962,24.8432,89.8341,14.0965,29.2879,115.063,14.0966,34.3168,146.819,14.0966,40.0078,186.792,14.0966,46.4487,237.107,14.0966,53.7388,300.44,14.0966,61.9903,380.158,14.0966,71.3301,480.499,14.0966,81.902,606.796,14.0966,93.8685,765.761,14.0966,107.414,965.837,14.0966,122.746,1217.65,14.0966,140.101,1534.57,14.0966,159.745,1933.41,14.0966,181.981,2435.3,14.0966,207.15,3066.85,14.0966,235.64,3861.46,14.0966,267.889,4861.11,14.0966,304.391,6118.54,14.0966,345.709,7699.91,14.0966,392.478,9688.22,14.0966,445.417,12187.5,14.0966,505.339,15327.7,14.0966,573.165,19271.6,14.0966,649.938,24222,14.0966,736.839,30430.9,14.0966,835.202,38211.5,14.0966,946.539,47950.3,14.0966,1072.56,60122.8,14.0966,1215.21,75309.9,14.0966,1376.66,94216.2,14.0966,1559.41,117688,14.0966,1766.26,146729,14.0966,2000.39,182510,14.0966,2265.39,226372,14.0966,2565.33,279806,14.0966,2904.81,344416,14.0966,3289.05,421845,14.0966,3723.93,513667,14.0966,4216.13,621231,14.0966,4773.18,745478,14.0966,5403.64,886744,14.0966,6117.15,1.04457e+06,14.0966,6924.63,1.2176e+06,14.0966,11.7194,11.96,12.6541,13.9321,16.1295,13.6434,16.6097,21.9702,13.9553,19.7532,29.5285,14.0526,23.3844,39.1143,14.0829,27.5423,51.2054,14.0923,32.2796,66.434,14.0953,37.662,85.6061,14.0962,43.7675,109.74,14.0965,50.687,140.119,14.0966,58.5249,178.359,14.0966,67.4005,226.493,14.0966,77.4493,287.08,14.0966,88.8254,363.343,14.0966,101.703,459.336,14.0966,116.281,580.161,14.0966,132.782,732.241,14.0966,151.46,923.655,14.0966,172.603,1164.57,14.0966,196.535,1467.79,14.0966,223.625,1849.39,14.0966,254.288,2329.62,14.0966,288.997,2933.93,14.0966,328.285,3694.33,14.0966,372.755,4651.04,14.0966,423.092,5854.57,14.0966,480.07,7368.38,14.0966,544.564,9272.08,14.0966,617.566,11665.5,14.0966,700.197,14673.6,14.0966,793.729,18452.9,14.0966,899.599,23198.6,14.0966,1019.43,29154.1,14.0966,1155.07,36622.3,14.0966,1308.6,45977.9,14.0966,1482.39,57683.7,14.0966,1679.09,72307.8,14.0966,1901.73,90542.8,14.0966,2153.73,113226,14.0966,2438.97,141360,14.0966,2761.81,176127,14.0966,3127.22,218898,14.0966,3540.81,271226,14.0966,4008.92,334817,14.0966,4538.74,411470,14.0966,5138.38,502973,14.0966,5817.04,610948,14.0966,6585.12,736653,14.0966,7454.39,880741,14.0966,8438.15,1.04302e+06,14.0966,9551.45,1.22224e+06,14.0966,10811.3,1.41602e+06,14.0966,12237,1.62086e+06,14.0966,11.7194,11.96,12.6541,2.21263,4.16949,0.989383,2.67766,5.84076,0.311842,3.14343,7.55825,0.0972771,3.63127,9.58578,0.0303237,4.15787,12.0912,0.00945211,4.73731,15.2286,0.00294633,5.38238,19.1721,0.000918508,6.10553,24.134,0.000286163,6.91951,30.3791,8.92692e-05,7.83792,38.2397,2.78121e-05,8.87555,48.1338,8.65134e-06,10.0489,60.5876,2.7882e-06,11.3761,76.2629,8.29036e-07,12.8779,95.9927,2.4373e-07,14.5775,120.825,4.33068e-09,16.5012,152.08,1.75749e-07,18.6784,191.415,-1.86328e-07,21.1428,240.917,1.91829e-07,23.9322,303.213,-1.81475e-07,27.0895,381.602,7.0186e-08,30.6634,480.231,-2.86769e-08,34.7087,604.316,2.40784e-07,39.2876,760.401,9.87368e-08,44.4705,956.705,1.22263e-07,50.3371,1203.54,-4.31966e-07,56.9776,1513.81,-1.9705e-07,64.494,1903.69,-2.763e-08,73.0018,2393.4,3.9185e-07,82.6317,3008.13,1.35379e-07,93.5318,3779.25,-4.16351e-08,105.869,4745.7,2.06965e-08,119.834,5955.6,-3.18887e-07,135.641,7468.12,-1.48271e-08,153.531,9355.62,2.00739e-07,173.781,11705.8,2.28358e-07,196.701,14624.1,-1.93587e-08,222.642,18235,-2.88101e-07,252.003,22683.4,-2.24732e-07,285.234,28134,8.56806e-09,322.845,34767,2.34258e-07,365.413,42770.9,2.99668e-07,413.588,52327.9,8.28644e-08,468.111,63591.2,-3.07049e-07,529.814,76653.2,-3.1888e-07,599.642,91502.5,-6.72276e-08,678.662,107975,2.26339e-07,768.083,125705,3.69212e-07,869.267,144088,2.04077e-07,983.76,162277,-2.80509e-07,1113.3,179223,-4.22737e-07,1259.87,193777,-1.71951e-07,1425.68,204839,4.55555e-07,11.7194,11.96,12.6541,2.21263,4.16949,0.989383,2.67766,5.84076,0.311842,3.14343,7.55825,0.0972771,3.63127,9.58578,0.0303237,4.15787,12.0912,0.00945211,4.73731,15.2286,0.00294633,5.38238,19.1721,0.000918508,6.10553,24.134,0.000286163,6.91951,30.3791,8.92692e-05,7.83792,38.2397,2.78121e-05,8.87555,48.1338,8.65134e-06,10.0489,60.5876,2.7882e-06,11.3761,76.2629,8.29036e-07,12.8779,95.9927,2.4373e-07,14.5775,120.825,1e-08,16.5012,152.08,1.75749e-07,18.6784,191.415,1e-08,21.1428,240.917,1.91829e-07,23.9322,303.213,1e-08,27.0895,381.602,7.0186e-08,30.6634,480.231,1e-08,34.7087,604.316,2.40784e-07,39.2876,760.401,9.87368e-08,44.4705,956.705,1.22263e-07,50.3371,1203.54,1e-08,56.9776,1513.81,1e-08,64.494,1903.69,1e-08,73.0018,2393.4,3.9185e-07,82.6317,3008.13,1.35379e-07,93.5318,3779.25,1e-08,105.869,4745.7,2.06965e-08,119.834,5955.6,1e-08,135.641,7468.12,1e-08,153.531,9355.62,2.00739e-07,173.781,11705.8,2.28358e-07,196.701,14624.1,1e-08,222.642,18235,1e-08,252.003,22683.4,1e-08,285.234,28134,1e-08,322.845,34767,2.34258e-07,365.413,42770.9,2.99668e-07,413.588,52327.9,8.28644e-08,468.111,63591.2,1e-08,529.814,76653.2,1e-08,599.642,91502.5,1e-08,678.662,107975,2.26339e-07,768.083,125705,3.69212e-07,869.267,144088,2.04077e-07,983.76,162277,1e-08,1113.3,179223,1e-08,1259.87,193777,1e-08,1425.68,204839,4.55555e-07,6.2823,3.27286,2.43537,0.219672,6.18826,2.24117,0.56371,6.87772,2.63624,0.308279,10,9,10,2,10,1,9,3,0,3,5,0,5,18,0,4,5,0,4,22,0,1,27,0,8,21,0,11,58,0,14,63,0,5,50,0,8,51,0,8,113,0,27,100,0,12,82,0,14,190,0,26,138,0,13,231,0,14,174,0,41,365,0,23,472,0,19,362,0,26,586,0,25,426,0,34,1089,0,79,1241,0,115,2166,0,25,2945,0,99,1863,0,63,2022,0,79,4857,0,95,4692,0,122,4012,0,153,7744,0,123,12174,0,128,11120,0,97,19393,0,190,31600,0,229,56751,0,359,38317,0,490,24918,0,362,105899,0,479,38313,0,490,49527,0,580,148650,0,690,80642,0,285,124639,0,926,53948,0,800,253175,0,1072,190380,0,2509,75624,0,1248,158111,0
-1.05176e+08,1,8.88811e-15,10,1023,0,1.05176e+08,0.528882,1.08665,0.389689,0.145397,0.379329,3.24381,0.161596,0.446195,1.77396,0.159177,1.15e+07,4.49998e+06,6.79999e+06,1.15e+07,4.49997e+06,6.79999e+06,1.15e+07,4.49996e+06,6.79999e+06,1.15e+07,4.49995e+06,6.79999e+06,1.14999e+07,4.49993e+06,6.79999e+06,1.14999e+07,4.49991e+06,6.79999e+06,1.14999e+07,4.49989e+06,6.79999e+06,1.14999e+07,4.49986e+06,6.79999e+06,1.14999e+07,4.49982e+06,6.79999e+06,1.14999e+07,4.49977e+06,6.79999e+06,1.14999e+07,4.49971e+06,6.79999e+06,1.14999e+07,4.49963e+06,6.79999e+06,1.14998e+07,4.49953e+06,6.79999e+06,1.14998e+07,4.49941e+06,6.79999e+06,1.14998e+07,4.49926e+06,6.79999e+06,1.14998e+07,4.49906e+06,6.79999e+06,1.14997e+07,4.49882e+06,6.79999e+06,1.14997e+07,4.49851e+06,6.79999e+06,1.14997e+07,4.49812e+06,6.79999e+06,1.14996e+07,4.49764e+06,6.79999e+06,1.14996e+07,4.49702e+06,6.79999e+06,1.14995e+07,4.49625e+06,6.79999e+06,1.14995e+07,4.49528e+06,6.79999e+06,1.14994e+07,4.49406e+06,6.79999e+06,1.14993e+07,4.49253e+06,6.79999e+06,1.14992e+07,4.49059e+06,6.79999e+06,1.14991e+07,4.48817e+06,6.79999e+06,1.1499e+07,4.48511e+06,6.79999e+06,1.14988e+07,4.48128e+06,6.79999e+06,1.14987e+07,4.47646e+06,6.79999e+06,1.14985e+07,4.47041e+06,6.79999e+06,1.14983e+07,4.46281e+06,6.79999e+06,1.14981e+07,4.4533e+06,6.79999e+06,1.14979e+07,4.44138e+06,6.79999e+06,1.14976e+07,4.42649e+06,6.79999e+06,1.14972e+07,4.40789e+06,6.79999e+06,1.14969e+07,4.38471e+06,6.79999e+06,1.14965e+07,4.35592e+06,6.79999e+06,1.1496e+07,4.32027e+06,6.79999e+06,1.14955e+07,4.27629e+06,6.79999e+06,1.14949e+07,4.22231e+06,6.79999e+06,1.14942e+07,4.15647e+06,6.79999e+06,1.14934e+07,4.07676e+06,6.79999e+06,1.14926e+07,3.98112e+06,6.79999e+06,1.14916e+07,3.86765e+06,6.79999e+06,1.14905e+07,3.73474e+06,6.79999e+06,1.14892e+07,3.58148e+06,6.79999e+06,1.14878e+07,3.40785e+06,6.79999e+06,1.14862e+07,3.21513e+06,6.79999e+06,1.14844e+07,3.00605e+06,6.79999e+06,1.14823e+07,2.7848e+06,6.79999e+06,1.148e+07,2.5568e+06,6.79999e+06,1.14773e+07,2.32825e+06,6.79999e+06,13.5742,8.52444,0.508366,16.8306,13.2585,0.162638,20.0035,17.569,0.0507846,23.2616,22.4214,0.0158319,26.7328,28.3297,0.00493498,30.5212,35.6974,0.00153831,34.7178,44.9473,0.000479527,39.4086,56.5822,0.000149456,44.6796,71.2245,4.66214e-05,50.6209,89.6543,1.45419e-05,57.3297,112.852,4.54748e-06,64.9129,142.051,1.43857e-06,73.4897,178.803,4.36618e-07,83.1934,225.062,1.40153e-07,94.1745,283.286,4.96378e-08,106.602,356.568,1.05434e-07,120.669,448.799,-6.49244e-08,136.59,564.873,1.70148e-07,154.611,710.948,-5.34594e-08,175.008,894.767,1.63407e-07,198.097,1126.06,8.04804e-08,224.231,1417.07,1.14667e-07,253.813,1783.15,-1.71227e-07,287.297,2243.62,-2.88466e-07,325.198,2822.67,-4.33651e-07,368.098,3550.67,7.9318e-08,416.657,4465.65,3.13319e-07,471.621,5615.16,3.4613e-07,533.835,7058.61,-1.19199e-07,604.255,8870.02,-2.79964e-07,683.962,11141.4,-2.30521e-07,774.182,13986.7,-2.55099e-07,876.299,17546.4,1.23585e-07,991.883,21993.1,1.41192e-07,1122.71,27536.7,-9.71886e-08,1270.78,34430.7,-3.68368e-07,1438.38,42977.7,-3.45379e-07,1628.07,53532.7,-3.25328e-09,1842.77,66504.6,2.6362e-07,2085.77,82350.2,2.53445e-07,2360.79,101560,-2.47407e-08,2672.05,124632,-3.80602e-07,3024.31,152018,-4.79005e-07,3422.98,184060,-1.14379e-07,3874.15,220884,2.64297e-07,4384.72,262283,3.44131e-07,4962.49,307576,7.5349e-08,5616.29,355497,-3.63097e-07,6356.1,404126,-6.05442e-07,7193.18,450932,-2.72333e-07,8140.28,492963,2.29675e-07,9211.79,527178,4.3387e-07,10424,550893,-1.0711e-07,10.102,8.06553,2.81012,10.6436,8.57909,0.869423,11.5336,10.2515,0.270869,12.7211,12.7138,0.0844293,14.1823,15.9373,0.0263173,15.9122,20.0383,0.0082035,17.9198,25.2154,0.00255722,20.2244,31.7373,0.000797017,22.8539,39.9486,0.000248622,25.8438,50.2851,7.75492e-05,29.237,63.2963,2.42508e-05,33.0837,79.6738,7.67162e-06,37.4415,100.288,2.32837e-06,42.3767,126.236,7.33e-07,47.9646,158.896,2.79256e-07,54.2906,200.003,9.87351e-09,61.452,251.741,1.61085e-07,69.5585,316.859,-2.47141e-07,78.7347,398.812,8.93552e-08,89.1218,501.948,-2.53231e-07,100.879,631.736,-1.25047e-07,114.188,795.049,-1.78808e-07,129.252,1000.53,2.6733e-07,146.304,1259.03,4.50292e-07,165.605,1584.19,6.76904e-07,187.452,1993.12,-1.23808e-07,212.181,2507.27,-4.89068e-07,240.173,3153.54,-5.40284e-07,271.856,3965.56,1.86061e-07,307.719,4985.38,4.37004e-07,348.313,6265.4,3.59828e-07,394.26,7870.83,3.98192e-07,446.268,9882.51,-1.92908e-07,505.135,12400.3,-2.20392e-07,571.766,15546.9,1.51705e-07,647.184,19472.2,5.74996e-07,732.547,24357.4,5.39112e-07,829.167,30420,5.07815e-09,938.526,37916.3,-4.11492e-07,1062.3,47143.9,-3.9561e-07,1202.4,58439.2,3.86185e-08,1360.96,72169.3,5.94093e-07,1540.42,88715.8,7.47693e-07,1743.53,108445,1.78537e-07,1973.41,131665,-4.12549e-07,2233.57,158557,-5.37164e-07,2528,189103,-1.17615e-07,2861.2,222986,5.66769e-07,3238.27,259510,9.45053e-07,3664.97,297540,4.25093e-07,4147.81,335497,-3.58506e-07,4694.17,371444,-6.7724e-07,5312.37,403256,1.67192e-07,1.61744,3.89446,9.84394,3.28846,7.5504,12.774,5.07607,11.7187,13.6844,7.03202,16.8147,13.9681,9.20215,23.1769,14.0566,11.6301,31.1672,14.0841,14.3598,41.2186,14.0927,17.4376,53.8688,14.0954,20.9137,69.7915,14.0962,24.8432,89.8341,14.0965,29.2879,115.063,14.0966,34.3168,146.819,14.0966,40.0078,186.792,14.0966,46.4487,237.107,14.0966,53.7388,300.44,14.0966,61.9903,380.158,14.0966,71.3301,480.499,14.0966,81.902,606.796,14.0966,93.8685,765.761,14.0966,107.414,965.837,14.0966,122.746,1217.65,14.0966,140.101,1534.57,14.0966,159.745,1933.41,14.0966,181.981,2435.3,14.0966,207.15,3066.85,14.0966,235.64,3861.46,14.0966,267.889,4861.11,14.0966,304.391,6118.54,14.0966,345.709,7699.91,14.0966,392.478,9688.22,14.0966,445.417,12187.5,14.0966,505.339,15327.7,14.0966,573.165,19271.6,14.0966,649.938,24222,14.0966,736.839,30430.9,14.0966,835.202,38211.5,14.0966,946.539,47950.3,14.0966,1072.56,60122.8,14.0966,1215.21,75309.9,14.0966,1376.66,94216.2,14.0966,1559.41,117688,14.0966,1766.26,146729,14.0966,2000.39,182510,14.0966,2265.39,226372,14.0966,2565.33,279806,14.0966,2904.81,344416,14.0966,3289.05,421845,14.0966,3723.93,513667,14.0966,4216.13,621231,14.0966,4773.18,745478,14.0966,5403.64,886744,14.0966,6117.15,1.04457e+06,14.0966,6924.63,1.2176e+06,14.0966,11.7194,11.96,12.6541,13.9321,16.1295,13.6434,16.6097,21.9702,13.9553,19.7532,29.5285,14.0526,23.3844,39.1143,14.0829,27.5423,51.2054,14.0923,32.2796,66.434,14.0953,37.662,85.6061,14.0962,43.7675,109.74,14.0965,50.687,140.119,14.0966,58.5249,178.359,14.0966,67.4005,226.493,14.0966,77.4493,287.08,14.0966,88.8254,363.343,14.0966,101.703,459.336,14.0966,116.281,580.161,14.0966,132.782,732.241,14.0966,151.46,923.655,14.0966,172.603,1164.57,14.0966,196.535,1467.79,14.0966,223.625,1849.39,14.0966,254.288,2329.62,14.0966,288.997,2933.93,14.0966,328.285,3694.33,14.0966,372.755,4651.04,14.0966,423.092,5854.57,14.0966,480.07,7368.38,14.0966,544.564,9272.08,14.0966,617.566,11665.5,14.0966,700.197,14673.6,14.0966,793.729,18452.9,14.0966,899.599,23198.6,14.0966,1019.43,29154.1,14.0966,1155.07,36622.3,14.0966,1308.6,45977.9,14.0966,1482.39,57683.7,14.0966,1679.09,72307.8,14.0966,1901.73,90542.8,14.0966,2153.73,113226,14.0966,2438.97,141360,14.0966,2761.81,176127,14.0966,3127.22,218898,14.0966,3540.81,271226,14.0966,4008.92,334817,14.0966,4538.74,411470,14.0966,5138.38,502973,14.0966,5817.04,610948,14.0966,6585.12,736653,14.0966,7454.39,880741,14.0966,8438.15,1.04302e+06,14.0966,9551.45,1.22224e+06,14.0966,10811.3,1.41602e+06,14.0966,12237,1.62086e+06,14.0966,11.7194,11.96,12.6541,2.21263,4.16949,0.989383,2.67766,5.84076,0.311842,3.14343,7.55825,0.0972771,3.63127,9.58578,0.0303237,4.15787,12.0912,0.00945211,4.73731,15.2286,0.00294633,5.38238,19.1721,0.000918508,6.10553,24.134,0.000286163,6.91951,30.3791,8.92692e-05,7.83792,38.2397,2.78121e-05,8.87555,48.1338,8.65134e-06,10.0489,60.5876,2.7882e-06,11.3761,76.2629,8.29036e-07,12.8779,95.9927,2.4373e-07,14.5775,120.825,4.33068e-09,16.5012,152.08,1.75749e-07,18.6784,191.415,-1.86328e-07,21.1428,240.917,1.91829e-07,23.9322,303.213,-1.81475e-07,27.0895,381.602,7.0186e-08,30.6634,480.231,-2.86769e-08,34.7087,604.316,2.40784e-07,39.2876,760.401,9.87368e-08,44.4705,956.705,1.22263e-07,50.3371,1203.54,-4.31966e-07,56.9776,1513.81,-1.9705e-07,64.494,1903.69,-2.763e-08,73.0018,2393.4,3.9185e-07,82.6317,3008.13,1.35379e-07,93.5318,3779.25,-4.16351e-08,105.869,4745.7,2.06965e-08,119.834,5955.6,-3.18887e-07,135.641,7468.12,-1.48271e-08,153.531,9355.62,2.00739e-07,173.781,11705.8,2.28358e-07,196.701,14624.1,-1.93587e-08,222.642,18235,-2.88101e-07,252.003,22683.4,-2.24732e-07,285.234,28134,8.56806e-09,322.845,34767,2.34258e-07,365.413,42770.9,2.99668e-07,413.588,52327.9,8.28644e-08,468.111,63591.2,-3.07049e-07,529.814,76653.2,-3.1888e-07,599.642,91502.5,-6.72276e-08,678.662,107975,2.26339e-07,768.083,125705,3.69212e-07,869.267,144088,2.04077e-07,983.76,162277,-2.80509e-07,1113.3,179223,-4.22737e-07,1259.87,193777,-1.71951e-07,1425.68,204839,4.55555e-07,11.7194,11.96,12.6541,2.21263,4.16949,0.989383,2.67766,5.84076,0.311842,3.14343,7.55825,0.0972771,3.63127,9.58578,0.0303237,4.15787,12.0912,0.00945211,4.73731,15.2286,0.00294633,5.38238,19.1721,0.000918508,6.10553,24.134,0.000286163,6.91951,30.3791,8.92692e-05,7.83792,38.2397,2.78121e-05,8.87555,48.1338,8.65134e-06,10.0489,60.5876,2.7882e-06,11.3761,76.2629,8.29036e-07,12.8779,95.9927,2.4373e-07,14.5775,120.825,1e-08,16.5012,152.08,1.75749e-07,18.6784,191.415,1e-08,21.1428,240.917,1.91829e-07,23.9322,303.213,1e-08,27.0895,381.602,7.0186e-08,30.6634,480.231,1e-08,34.7087,604.316,2.40784e-07,39.2876,760.401,9.87368e-08,44.4705,956.705,1.22263e-07,50.3371,1203.54,1e-08,56.9776,1513.81,1e-08,64.494,1903.69,1e-08,73.0018,2393.4,3.9185e-07,82.6317,3008.13,1.35379e-07,93.5318,3779.25,1e-08,105.869,4745.7,2.06965e-08,119.834,5955.6,1e-08,135.641,7468.12,1e-08,153.531,9355.62,2.00739e-07,173.781,11705.8,2.28358e-07,196.701,14624.1,1e-08,222.642,18235,1e-08,252.003,22683.4,1e-08,285.234,28134,1e-08,322.845,34767,2.34258e-07,365.413,42770.9,2.99668e-07,413.588,52327.9,8.28644e-08,468.111,63591.2,1e-08,529.814,76653.2,1e-08,599.642,91502.5,1e-08,678.662,107975,2.26339e-07,768.083,125705,3.69212e-07,869.267,144088,2.04077e-07,983.76,162277,1e-08,1113.3,179223,1e-08,1259.87,193777,1e-08,1425.68,204839,4.55555e-07,6.2823,3.27286,2.43537,0.219672,6.18826,2.24117,0.56371,6.87772,2.63624,0.308279,7,2,6,0,4,4,5,5,0,4,6,0,5,9,0,2,8,0,0,32,0,1,15,0,8,30,0,4,30,0,9,33,0,7,40,0,7,21,0,11,41,0,25,125,0,17,223,0,13,85,0,15,189,0,11,184,0,36,181,0,30,500,0,18,313,0,23,409,0,44,160,0,32,408,0,70,1706,0,43,2153,0,67,1372,0,43,1252,0,64,3705,0,104,3711,0,51,3252,0,143,6249,0,146,6954,0,196,7114,0,261,17464,0,150,6277,0,124,13606,0,198,14844,0,217,12902,0,242,39957,0,283,49161,0,381,55855,0,468,109275,0,590,107980,0,645,117803,0,500,135112,0,347,104392,0,825,123823,0,659,130887,0,795,215406,0,2547,148401,0,1692,153955,0
-1.05176e+08,1,8.88811e-15,10,1023,0,1.05176e+08,0.528882,1.08665,0.389689,0.145397,0.379329,3.24381,0.161596,0.446195,1.77396,0.159177,1.15e+07,4.49998e+06,6.79999e+06,1.15e+07,4.49997e+06,6.79999e+06,1.15e+07,4.49996e+06,6.79999e+06,1.15e+07,4.49995e+06,6.79999e+06,1.14999e+07,4.49993e+06,6.79999e+06,1.14999e+07,4.49991e+06,6.79999e+06,1.14999e+07,4.49989e+06,6.79999e+06,1.14999e+07,4.49986e+06,6.79999e+06,1.14999e+07,4.49982e+06,6.79999e+06,1.14999e+07,4.49977e+06,6.79999e+06,1.14999e+07,4.49971e+06,6.79999e+06,1.14999e+07,4.49963e+06,6.79999e+06,1.14998e+07,4.49953e+06,6.79999e+06,1.14998e+07,4.49941e+06,6.79999e+06,1.14998e+07,4.49926e+06,6.79999e+06,1.14998e+07,4.49906e+06,6.79999e+06,1.14997e+07,4.49882e+06,6.79999e+06,1.14997e+07,4.49851e+06,6.79999e+06,1.14997e+07,4.49812e+06,6.79999e+06,1.14996e+07,4.49764e+06,6.79999e+06,1.14996e+07,4.49702e+06,6.79999e+06,1.14995e+07,4.49625e+06,6.79999e+06,1.14995e+07,4.49528e+06,6.79999e+06,1.14994e+07,4.49406e+06,6.79999e+06,1.14993e+07,4.49253e+06,6.79999e+06,1.14992e+07,4.49059e+06,6.79999e+06,1.14991e+07,4.48817e+06,6.79999e+06,1.1499e+07,4.48511e+06,6.79999e+06,1.14988e+07,4.48128e+06,6.79999e+06,1.14987e+07,4.47646e+06,6.79999e+06,1.14985e+07,4.47041e+06,6.79999e+06,1.14983e+07,4.46281e+06,6.79999e+06,1.14981e+07,4.4533e+06,6.79999e+06,1.14979e+07,4.44138e+06,6.79999e+06,1.14976e+07,4.42649e+06,6.79999e+06,1.14972e+07,4.40789e+06,6.79999e+06,1.14969e+07,4.38471e+06,6.79999e+06,1.14965e+07,4.35592e+06,6.79999e+06,1.1496e+07,4.32027e+06,6.79999e+06,1.14955e+07,4.27629e+06,6.79999e+06,1.14949e+07,4.22231e+06,6.79999e+06,1.14942e+07,4.15647e+06,6.79999e+06,1.14934e+07,4.07676e+06,6.79999e+06,1.14926e+07,3.98112e+06,6.79999e+06,1.14916e+07,3.86765e+06,6.79999e+06,1.14905e+07,3.73474e+06,6.79999e+06,1.14892e+07,3.58148e+06,6.79999e+06,1.14878e+07,3.40785e+06,6.79999e+06,1.14862e+07,3.21513e+06,6.79999e+06,1.14844e+07,3.00605e+06,6.79999e+06,1.14823e+07,2.7848e+06,6.79999e+06,1.148e+07,2.5568e+06,6.79999e+06,1.14773e+07,2.32825e+06,6.79999e+06,13.5742,8.52444,0.508366,16.8306,13.2585,0.162638,20.0035,17.569,0.0507846,23.2616,22.4214,0.0158319,26.7328,28.3297,0.00493498,30.5212,35.6974,0.00153831,34.7178,44.9473,0.000479527,39.4086,56.5822,0.000149456,44.6796,71.2245,4.66214e-05,50.6209,89.6543,1.45419e-05,57.3297,112.852,4.54748e-06,64.9129,142.051,1.43857e-06,73.4897,178.803,4.36618e-07,83.1934,225.062,1.40153e-07,94.1745,283.286,4.96378e-08,106.602,356.568,1.05434e-07,120.669,448.799,-6.49244e-08,136.59,564.873,1.70148e-07,154.611,710.948,-5.34594e-08,175.008,894.767,1.63407e-07,198.097,1126.06,8.04804e-08,224.231,1417.07,1.14667e-07,253.813,1783.15,-1.71227e-07,287.297,2243.62,-2.88466e-07,325.198,2822.67,-4.33651e-07,368.098,3550.67,7.9318e-08,416.657,4465.65,3.13319e-07,471.621,5615.16,3.4613e-07,533.835,7058.61,-1.19199e-07,604.255,8870.02,-2.79964e-07,683.962,11141.4,-2.30521e-07,774.182,13986.7,-2.55099e-07,876.299,17546.4,1.23585e-07,991.883,21993.1,1.41192e-07,1122.71,27536.7,-9.71886e-08,1270.78,34430.7,-3.68368e-07,1438.38,42977.7,-3.45379e-07,1628.07,53532.7,-3.25328e-09,1842.77,66504.6,2.6362e-07,2085.77,82350.2,2.53445e-07,2360.79,101560,-2.47407e-08,2672.05,124632,-3.80602e-07,3024.31,152018,-4.79005e-07,3422.98,184060,-1.14379e-07,3874.15,220884,2.64297e-07,4384.72,262283,3.44131e-07,4962.49,307576,7.5349e-08,5616.29,355497,-3.63097e-07,6356.1,404126,-6.05442e-07,7193.18,450932,-2.72333e-07,8140.28,492963,2.29675e-07,9211.79,527178,4.3387e-07,10424,550893,-1.0711e-07,10.102,8.06553,2.81012,10.6436,8.57909,0.869423,11.5336,10.2515,0.270869,12.7211,12.7138,0.0844293,14.1823,15.9373,0.0263173,15.9122,20.0383,0.0082035,17.9198,25.2154,0.00255722,20.2244,31.7373,0.000797017,22.8539,39.9486,0.000248622,25.8438,50.2851,7.75492e-05,29.237,63.2963,2.42508e-05,33.0837,79.6738,7.67162e-06,37.4415,100.288,2.32837e-06,42.3767,126.236,7.33e-07,47.9646,158.896,2.79256e-07,54.2906,200.003,9.87351e-09,61.452,251.741,1.61085e-07,69.5585,316.859,-2.47141e-07,78.7347,398.812,8.93552e-08,89.1218,501.948,-2.53231e-07,100.879,631.736,-1.25047e-07,114.188,795.049,-1.78808e-07,129.252,1000.53,2.6733e-07,146.304,1259.03,4.50292e-07,165.605,1584.19,6.76904e-07,187.452,1993.12,-1.23808e-07,212.181,2507.27,-4.89068e-07,240.173,3153.54,-5.40284e-07,271.856,3965.56,1.86061e-07,307.719,4985.38,4.37004e-07,348.313,6265.4,3.59828e-07,394.26,7870.83,3.98192e-07,446.268,9882.51,-1.92908e-07,505.135,12400.3,-2.20392e-07,571.766,15546.9,1.51705e-07,647.184,19472.2,5.74996e-07,732.547,24357.4,5.39112e-07,829.167,30420,5.07815e-09,938.526,37916.3,-4.11492e-07,1062.3,47143.9,-3.9561e-07,1202.4,58439.2,3.86185e-08,1360.96,72169.3,5.94093e-07,1540.42,88715.8,7.47693e-07,1743.53,108445,1.78537e-07,1973.41,131665,-4.12549e-07,2233.57,158557,-5.37164e-07,2528,189103,-1.17615e-07,2861.2,222986,5.66769e-07,3238.27,259510,9.45053e-07,3664.97,297540,4.25093e-07,4147.81,335497,-3.58506e-07,4694.17,371444,-6.7724e-07,5312.37,403256,1.67192e-07,1.61744,3.89446,9.84394,3.28846,7.5504,12.774,5.07607,11.7187,13.6844,7.03202,16.8147,13.9681,9.20215,23.1769,14.0566,11.6301,31.1672,14.0841,14.3598,41.2186,14.0927,17.4376,53.8688,14.0954,20.9137,69.7915,14.0962,24.8432,89.8341,14.0965,29.2879,115.063,14.0966,34.3168,146.819,14.0966,40.0078,186.792,14.0966,46.4487,237.107,14.0966,53.7388,300.44,14.0966,61.9903,380.158,14.0966,71.3301,480.499,14.0966,81.902,606.796,14.0966,93.8685,765.761,14.0966,107.414,965.837,14.0966,122.746,1217.65,14.0966,140.101,1534.57,14.0966,159.745,1933.41,14.0966,181.981,2435.3,14.0966,207.15,3066.85,14.0966,235.64,3861.46,14.0966,267.889,4861.11,14.0966,304.391,6118.54,14.0966,345.709,7699.91,14.0966,392.478,9688.22,14.0966,445.417,12187.5,14.0966,505.339,15327.7,14.0966,573.165,19271.6,14.0966,649.938,24222,14.0966,736.839,30430.9,14.0966,835.202,38211.5,14.0966,946.539,47950.3,14.0966,1072.56,60122.8,14.0966,1215.21,75309.9,14.0966,1376.66,94216.2,14.0966,1559.41,117688,14.0966,1766.26,146729,14.0966,2000.39,182510,14.0966,2265.39,226372,14.0966,2565.33,279806,14.0966,2904.81,344416,14.0966,3289.05,421845,14.0966,3723.93,513667,14.0966,4216.13,621231,14.0966,4773.18,745478,14.0966,5403.64,886744,14.0966,6117.15,1.04457e+06,14.0966,6924.63,1.2176e+06,14.0966,11.7194,11.96,12.6541,13.9321,16.1295,13.6434,16.6097,21.9702,13.9553,19.7532,29.5285,14.0526,23.3844,39.1143,14.0829,27.5423,51.2054,14.0923,32.2796,66.434,14.0953,37.662,85.6061,14.0962,43.7675,109.74,14.0965,50.687,140.119,14.0966,58.5249,178.359,14.0966,67.4005,226.493,14.0966,77.4493,287.08,14.0966,88.8254,363.343,14.0966,101.703,459.336,14.0966,116.281,580.161,14.0966,132.782,732.241,14.0966,151.46,923.655,14.0966,172.603,1164.57,14.0966,196.535,1467.79,14.0966,223.625,1849.39,14.0966,254.288,2329.62,14.0966,288.997,2933.93,14.0966,328.285,3694.33,14.0966,372.755,4651.04,14.0966,423.092,5854.57,14.0966,480.07,7368.38,14.0966,544.564,9272.08,14.0966,617.566,11665.5,14.0966,700.197,14673.6,14.0966,793.729,18452.9,14.0966,899.599,23198.6,14.0966,1019.43,29154.1,14.0966,1155.07,36622.3,14.0966,1308.6,45977.9,14.0966,1482.39,57683.7,14.0966,1679.09,72307.8,14.0966,1901.73,90542.8,14.0966,2153.73,113226,14.0966,2438.97,141360,14.0966,2761.81,176127,14.0966,3127.22,218898,14.0966,3540.81,271226,14.0966,4008.92,334817,14.0966,4538.74,411470,14.0966,5138.38,502973,14.0966,5817.04,610948,14.0966,6585.12,736653,14.0966,7454.39,880741,14.0966,8438.15,1.04302e+06,14.0966,9551.45,1.22224e+06,14.0966,10811.3,1.41602e+06,14.0966,12237,1.62086e+06,14.0966,11.7194,11.96,12.6541,2.21263,4.16949,0.989383,2.67766,5.84076,0.311842,3.14343,7.55825,0.0972771,3.63127,9.58578,0.0303237,4.15787,12.0912,0.00945211,4.73731,15.2286,0.00294633,5.38238,19.1721,0.000918508,6.10553,24.134,0.000286163,6.91951,30.3791,8.92692e-05,7.83792,38.2397,2.78121e-05,8.87555,48.1338,8.65134e-06,10.0489,60.5876,2.7882e-06,11.3761,76.2629,8.29036e-07,12.8779,95.9927,2.4373e-07,14.5775,120.825,4.33068e-09,16.5012,152.08,1.75749e-07,18.6784,191.415,-1.86328e-07,21.1428,240.917,1.91829e-07,23.9322,303.213,-1.81475e-07,27.0895,381.602,7.0186e-08,30.6634,480.231,-2.86769e-08,34.7087,604.316,2.40784e-07,39.2876,760.401,9.87368e-08,44.4705,956.705,1.22263e-07,50.3371,1203.54,-4.31966e-07,56.9776,1513.81,-1.9705e-07,64.494,1903.69,-2.763e-08,73.0018,2393.4,3.9185e-07,82.6317,3008.13,1.35379e-07,93.5318,3779.25,-4.16351e-08,105.869,4745.7,2.06965e-08,119.834,5955.6,-3.18887e-07,135.641,7468.12,-1.48271e-08,153.531,9355.62,2.00739e-07,173.781,11705.8,2.28358e-07,196.701,14624.1,-1.93587e-08,222.642,18235,-2.88101e-07,252.003,22683.4,-2.24732e-07,285.234,28134,8.56806e-09,322.845,34767,2.34258e-07,365.413,42770.9,2.99668e-07,413.588,52327.9,8.28644e-08,468.111,63591.2,-3.07049e-07,529.814,76653.2,-3.1888e-07,599.642,91502.5,-6.72276e-08,678.662,107975,2.26339e-07,768.083,125705,3.69212e-07,869.267,144088,2.04077e-07,983.76,162277,-2.80509e-07,1113.3,179223,-4.22737e-07,1259.87,193777,-1.71951e-07,1425.68,204839,4.55555e-07,11.7194,11.96,12.6541,2.21263,4.16949,0.989383,2.67766,5.84076,0.311842,3.14343,7.55825,0.0972771,3.63127,9.58578,0.0303237,4.15787,12.0912,0.00945211,4.73731,15.2286,0.00294633,5.38238,19.1721,0.000918508,6.10553,24.134,0.000286163,6.91951,30.3791,8.92692e-05,7.83792,38.2397,2.78121e-05,8.87555,48.1338,8.65134e-06,10.0489,60.5876,2.7882e-06,11.3761,76.2629,8.29036e-07,12.8779,95.9927,2.4373e-07,14.5775,120.825,1e-08,16.5012,152.08,1.75749e-07,18.6784,191.415,1e-08,21.1428,240.917,1.91829e-07,23.9322,303.213,1e-08,27.0895,381.602,7.0186e-08,30.6634,480.231,1e-08,34.7087,604.316,2.40784e-07,39.2876,760.401,9.87368e-08,44.4705,956.705,1.22263e-07,50.3371,1203.54,1e-08,56.9776,1513.81,1e-08,64.494,1903.69,1e-08,73.0018,2393.4,3.9185e-07,82.6317,3008.13,1.35379e-07,93.5318,3779.25,1e-08,105.869,4745.7,2.06965e-08,119.834,5955.6,1e-08,135.641,7468.12,1e-08,153.531,9355.62,2.00739e-07,173.781,11705.8,2.28358e-07,196.701,14624.1,1e-08,222.642,18235,1e-08,252.003,22683.4,1e-08,285.234,28134,1e-08,322.845,34767,2.34258e-07,365.413,42770.9,2.99668e-07,413.588,52327.9,8.28644e-08,468.111,63591.2,1e-08,529.814,76653.2,1e-08,599.642,91502.5,1e-08,678.662,107975,2.26339e-07,768.083,125705,3.69212e-07,869.267,144088,2.04077e-07,983.76,162277,1e-08,1113.3,179223,1e-08,1259.87,193777,1e-08,1425.68,204839,4.55555e-07,6.2823,3.27286,2.43537,0.219672,6.18826,2.24117,0.56371,6.87772,2.63624,0.308279,7,6,19,1,4,0,3,9,0,3,3,0,5,11,0,4,3,0,1,14,0,5,5,0,4,12,0,3,16,0,18,4,0,13,35,0,4,35,0,6,57,0,15,92,0,8,96,0,17,110,0,8,150,0,18,202,0,15,725,0,24,182,0,18,329,0,45,825,0,58,476,0,26,1398,0,62,969,0,53,1677,0,62,1939,0,64,3044,0,55,3109,0,93,3188,0,44,3520,0,97,8738,0,119,8660,0,113,16937,0,273,10927,0,231,9538,0,239,29744,0,501,20014,0,234,13568,0,220,48246,0,323,50252,0,345,59504,0,260,58189,0,333,107959,0,783,136712,0,632,164064,0,1332,54167,0,495,211690,0,1153,34393,0,859,266822,0,879,111089,0,1630,78235,0
-1.05176e+08,1,8.88811e-15,10,1023,0,1.05176e+08,0.528882,1.08665,0.389689,0.145397,0.379329,3.24381,0.161596,0.446195,1.77396,0.159177,1.15e+07,4.49998e+06,6.79999e+06,1.15e+07,4.49997e+06,6.79999e+06,1.15e+07,4.49996e+06,6.79999e+06,1.15e+07,4.49995e+06,6.79999e+06,1.14999e+07,4.49993e+06,6.79999e+06,1.14999e+07,4.49991e+06,6.79999e+06,1.14999e+07,4.49989e+06,6.79999e+06,1.14999e+07,4.49986e+06,6.79999e+06,1.14999e+07,4.49982e+06,6.79999e+06,1.14999e+07,4.49977e+06,6.79999e+06,1.14999e+07,4.49971e+06,6.79999e+06,1.14999e+07,4.49963e+06,6.79999e+06,1.14998e+07,4.49953e+06,6.79999e+06,1.14998e+07,4.49941e+06,6.79999e+06,1.14998e+07,4.49926e+06,6.79999e+06,1.14998e+07,4.49906e+06,6.79999e+06,1.14997e+07,4.49882e+06,6.79999e+06,1.14997e+07,4.49851e+06,6.79999e+06,1.14997e+07,4.49812e+06,6.79999e+06,1.14996e+07,4.49764e+06,6.79999e+06,1.14996e+07,4.49702e+06,6.79999e+06,1.14995e+07,4.49625e+06,6.79999e+06,1.14995e+07,4.49528e+06,6.79999e+06,1.14994e+07,4.49406e+06,6.79999e+06,1.14993e+07,4.49253e+06,6.79999e+06,1.14992e+07,4.49059e+06,6.79999e+06,1.14991e+07,4.48817e+06,6.79999e+06,1.1499e+07,4.48511e+06,6.79999e+06,1.14988e+07,4.48128e+06,6.79999e+06,1.14987e+07,4.47646e+06,6.79999e+06,1.14985e+07,4.47041e+06,6.79999e+06,1.14983e+07,4.46281e+06,6.79999e+06,1.14981e+07,4.4533e+06,6.79999e+06,1.14979e+07,4.44138e+06,6.79999e+06,1.14976e+07,4.42649e+06,6.79999e+06,1.14972e+07,4.40789e+06,6.79999e+06,1.14969e+07,4.38471e+06,6.79999e+06,1.14965e+07,4.35592e+06,6.79999e+06,1.1496e+07,4.32027e+06,6.79999e+06,1.14955e+07,4.27629e+06,6.79999e+06,1.14949e+07,4.22231e+06,6.79999e+06,1.14942e+07,4.15647e+06,6.79999e+06,1.14934e+07,4.07676e+06,6.79999e+06,1.14926e+07,3.98112e+06,6.79999e+06,1.14916e+07,3.86765e+06,6.79999e+06,1.14905e+07,3.73474e+06,6.79999e+06,1.14892e+07,3.58148e+06,6.79999e+06,1.14878e+07,3.40785e+06,6.79999e+06,1.14862e+07,3.21513e+06,6.79999e+06,1.14844e+07,3.00605e+06,6.79999e+06,1.14823e+07,2.7848e+06,6.79999e+06,1.148e+07,2.5568e+06,6.79999e+06,1.14773e+07,2.32825e+06,6.79999e+06,13.5742,8.52444,0.508366,16.8306,13.2585,0.162638,20.0035,17.569,0.0507846,23.2616,22.4214,0.0158319,26.7328,28.3297,0.00493498,30.5212,35.6974,0.00153831,34.7178,44.9473,0.000479527,39.4086,56.5822,0.000149456,44.6796,71.2245,4.66214e-05,50.6209,89.6543,1.45419e-05,57.3297,112.852,4.54748e-06,64.9129,142.051,1.43857e-06,73.4897,178.803,4.36618e-07,83.1934,225.062,1.40153e-07,94.1745,283.286,4.96378e-08,106.602,356.568,1.05434e-07,120.669,448.799,-6.49244e-08,136.59,564.873,1.70148e-07,154.611,710.948,-5.34594e-08,175.008,894.767,1.63407e-07,198.097,1126.06,8.04804e-08,224.231,1417.07,1.14667e-07,253.813,1783.15,-1.71227e-07,287.297,2243.62,-2.88466e-07,325.198,2822.67,-4.33651e-07,368.098,3550.67,7.9318e-08,416.657,4465.65,3.13319e-07,471.621,5615.16,3.4613e-07,533.835,7058.61,-1.19199e-07,604.255,8870.02,-2.79964e-07,683.962,11141.4,-2.30521e-07,774.182,13986.7,-2.55099e-07,876.299,17546.4,1.23585e-07,991.883,21993.1,1.41192e-07,1122.71,27536.7,-9.71886e-08,1270.78,34430.7,-3.68368e-07,1438.38,42977.7,-3.45379e-07,1628.07,53532.7,-3.25328e-09,1842.77,66504.6,2.6362e-07,2085.77,82350.2,2.53445e-07,2360.79,101560,-2.47407e-08,2672.05,124632,-3.80602e-07,3024.31,152018,-4.79005e-07,3422.98,184060,-1.14379e-07,3874.15,220884,2.64297e-07,4384.72,262283,3.44131e-07,4962.49,307576,7.5349e-08,5616.29,355497,-3.63097e-07,6356.1,404126,-6.05442e-07,7193.18,450932,-2.72333e-07,8140.28,492963,2.29675e-07,9211.79,527178,4.3387e-07,10424,550893,-1.0711e-07,10.102,8.06553,2.81012,10.6436,8.57909,0.869423,11.5336,10.2515,0.270869,12.7211,12.7138,0.0844293,14.1823,15.9373,0.0263173,15.9122,20.0383,0.0082035,17.9198,25.2154,0.00255722,20.2244,31.7373,0.000797017,22.8539,39.9486,0.000248622,25.8438,50.2851,7.75492e-05,29.237,63.2963,2.42508e-05,33.0837,79.6738,7.67162e-06,37.4415,100.288,2.32837e-06,42.3767,126.236,7.33e-07,47.9646,158.896,2.79256e-07,54.2906,200.003,9.87351e-09,61.452,251.741,1.61085e-07,69.5585,316.859,-2.47141e-07,78.7347,398.812,8.93552e-08,89.1218,501.948,-2.53231e-07,100.879,631.736,-1.25047e-07,114.188,795.049,-1.78808e-07,129.252,1000.53,2.6733e-07,146.304,1259.03,4.50292e-07,165.605,1584.19,6.76904e-07,187.452,1993.12,-1.23808e-07,212.181,2507.27,-4.89068e-07,240.173,3153.54,-5.40284e-07,271.856,3965.56,1.86061e-07,307.719,4985.38,4.37004e-07,348.313,6265.4,3.59828e-07,394.26,7870.83,3.98192e-07,446.268,9882.51,-1.92908e-07,505.135,12400.3,-2.20392e-07,571.766,15546.9,1.51705e-07,647.184,19472.2,5.74996e-07,732.547,24357.4,5.39112e-07,829.167,30420,5.07815e-09,938.526,37916.3,-4.11492e-07,1062.3,47143.9,-3.9561e-07,1202.4,58439.2,3.86185e-08,1360.96,72169.3,5.94093e-07,1540.42,88715.8,7.47693e-07,1743.53,108445,1.78537e-07,1973.41,131665,-4.12549e-07,2233.57,158557,-5.37164e-07,2528,189103,-1.17615e-07,2861.2,222986,5.66769e-07,3238.27,259510,9.45053e-07,3664.97,297540,4.25093e-07,4147.81,335497,-3.58506e-07,4694.17,371444,-6.7724e-07,5312.37,403256,1.67192e-07,1.61744,3.89446,9.84394,3.28846,7.5504,12.774,5.07607,11.7187,13.6844,7.03202,16.8147,13.9681,9.20215,23.1769,14.0566,11.6301,31.1672,14.0841,14.3598,41.2186,14.0927,17.4376,53.8688,14.0954,20.9137,69.7915,14.0962,24.8432,89.8341,14.0965,29.2879,115.063,14.0966,34.3168,146.819,14.0966,40.0078,186.792,14.0966,46.4487,237.107,14.0966,53.7388,300.44,14.0966,61.9903,380.158,14.0966,71.3301,480.499,14.0966,81.902,606.796,14.0966,93.8685,765.761,14.0966,107.414,965.837,14.0966,122.746,1217.65,14.0966,140.101,1534.57,14.0966,159.745,1933.41,14.0966,181.981,2435.3,14.0966,207.15,3066.85,14.0966,235.64,3861.46,14.0966,267.889,4861.11,14.0966,304.391,6118.54,14.0966,345.709,7699.91,14.0966,392.478,9688.22,14.0966,445.417,12187.5,14.0966,505.339,15327.7,14.0966,573.165,19271.6,14.0966,649.938,24222,14.0966,736.839,30430.9,14.0966,835.202,38211.5,14.0966,946.539,47950.3,14.0966,1072.56,60122.8,14.0966,1215.21,75309.9,14.0966,1376.66,94216.2,14.0966,1559.41,117688,14.0966,1766.26,146729,14.0966,2000.39,182510,14.0966,2265.39,226372,14.0966,2565.33,279806,14.0966,2904.81,344416,14.0966,3289.05,421845,14.0966,3723.93,513667,14.0966,4216.13,621231,14.0966,4773.18,745478,14.0966,5403.64,886744,14.0966,6117.15,1.04457e+06,14.0966,6924.63,1.2176e+06,14.0966,11.7194,11.96,12.6541,13.9321,16.1295,13.6434,16.6097,21.9702,13.9553,19.7532,29.5285,14.0526,23.3844,39.1143,14.0829,27.5423,51.2054,14.0923,32.2796,66.434,14.0953,37.662,85.6061,14.0962,43.7675,109.74,14.0965,50.687,140.119,14.0966,58.5249,178.359,14.0966,67.4005,226.493,14.0966,77.4493,287.08,14.0966,88.8254,363.343,14.0966,101.703,459.336,14.0966,116.281,580.161,14.0966,132.782,732.241,14.0966,151.46,923.655,14.0966,172.603,1164.57,14.0966,196.535,1467.79,14.0966,223.625,1849.39,14.0966,254.288,2329.62,14.0966,288.997,2933.93,14.0966,328.285,3694.33,14.0966,372.755,4651.04,14.0966,423.092,5854.57,14.0966,480.07,7368.38,14.0966,544.564,9272.08,14.0966,617.566,11665.5,14.0966,700.197,14673.6,14.0966,793.729,18452.9,14.0966,899.599,23198.6,14.0966,1019.43,29154.1,14.0966,1155.07,36622.3,14.0966,1308.6,45977.9,14.0966,1482.39,57683.7,14.0966,1679.09,72307.8,14.0966,1901.73,90542.8,14.0966,2153.73,113226,14.0966,2438.97,141360,14.0966,2761.81,176127,14.0966,3127.22,218898,14.0966,3540.81,271226,14.0966,4008.92,334817,14.0966,4538.74,411470,14.0966,5138.38,502973,14.0966,5817.04,610948,14.0966,6585.12,736653,14.0966,7454.39,880741,14.0966,8438.15,1.04302e+06,14.0966,9551.45,1.22224e+06,14.0966,10811.3,1.41602e+06,14.0966,12237,1.62086e+06,14.0966,11.7194,11.96,12.6541,2.21263,4.16949,0.989383,2.67766,5.84076,0.311842,3.14343,7.55825,0.0972771,3.63127,9.58578,0.0303237,4.15787,12.0912,0.00945211,4.73731,15.2286,0.00294633,5.38238,19.1721,0.000918508,6.10553,24.134,0.000286163,6.91951,30.3791,8.92692e-05,7.83792,38.2397,2.78121e-05,8.87555,48.1338,8.65134e-06,10.0489,60.5876,2.7882e-06,11.3761,76.2629,8.29036e-07,12.8779,95.9927,2.4373e-07,14.5775,120.825,4.33068e-09,16.5012,152.08,1.75749e-07,18.6784,191.415,-1.86328e-07,21.1428,240.917,1.91829e-07,23.9322,303.213,-1.81475e-07,27.0895,381.602,7.0186e-08,30.6634,480.231,-2.86769e-08,34.7087,604.316,2.40784e-07,39.2876,760.401,9.87368e-08,44.4705,956.705,1.22263e-07,50.3371,1203.54,-4.31966e-07,56.9776,1513.81,-1.9705e-07,64.494,1903.69,-2.763e-08,73.0018,2393.4,3.9185e-07,82.6317,3008.13,1.35379e-07,93.5318,3779.25,-4.16351e-08,105.869,4745.7,2.06965e-08,119.834,5955.6,-3.18887e-07,135.641,7468.12,-1.48271e-08,153.531,9355.62,2.00739e-07,173.781,11705.8,2.28358e-07,196.701,14624.1,-1.93587e-08,222.642,18235,-2.88101e-07,252.003,22683.4,-2.24732e-07,285.234,28134,8.56806e-09,322.845,34767,2.34258e-07,365.413,42770.9,2.99668e-07,413.588,52327.9,8.28644e-08,468.111,63591.2,-3.07049e-07,529.814,76653.2,-3.1888e-07,599.642,91502.5,-6.72276e-08,678.662,107975,2.26339e-07,768.083,125705,3.69212e-07,869.267,144088,2.04077e-07,983.76,162277,-2.80509e-07,1113.3,179223,-4.22737e-07,1259.87,193777,-1.71951e-07,1425.68,204839,4.55555e-07,11.7194,11.96,12.6541,2.21263,4.16949,0.989383,2.67766,5.84076,0.311842,3.14343,7.55825,0.0972771,3.63127,9.58578,0.0303237,4.15787,12.0912,0.00945211,4.73731,15.2286,0.00294633,5.38238,19.1721,0.000918508,6.10553,24.134,0.000286163,6.91951,30.3791,8.92692e-05,7.83792,38.2397,2.78121e-05,8.87555,48.1338,8.65134e-06,10.0489,60.5876,2.7882e-06,11.3761,76.2629,8.29036e-07,12.8779,95.9927,2.4373e-07,14.5775,120.825,1e-08,16.5012,152.08,1.75749e-07,18.6784,191.415,1e-08,21.1428,240.917,1.91829e-07,23.9322,303.213,1e-08,27.0895,381.602,7.0186e-08,30.6634,480.231,1e-08,34.7087,604.316,2.40784e-07,39.2876,760.401,9.87368e-08,44.4705,956.705,1.22263e-07,50.3371,1203.54,1e-08,56.9776,1513.81,1e-08,64.494,1903.69,1e-08,73.0018,2393.4,3.9185e-07,82.6317,3008.13,1.35379e-07,93.5318,3779.25,1e-08,105.869,4745.7,2.06965e-08,119.834,5955.6,1e-08,135.641,7468.12,1e-08,153.531,9355.62,2.00739e-07,173.781,11705.8,2.28358e-07,196.701,14624.1,1e-08,222.642,18235,1e-08,252.003,22683.4,1e-08,285.234,28134,1e-08,322.845,34767,2.34258e-07,365.413,42770.9,2.99668e-07,413.588,52327.9,8.28644e-08,468.111,63591.2,1e-08,529.814,76653.2,1e-08,599.642,91502.5,1e-08,678.662,107975,2.26339e-07,768.083,125705,3.69212e-07,869.267,144088,2.04077e-07,983.76,162277,1e-08,1113.3,179223,1e-08,1259.87,193777,1e-08,1425.68,204839,4.55555e-07,6.2823,3.27286,2.43537,0.219672,6.18826,2.24117,0.56371,6.87772,2.63624,0.308279,8,38,17,2,8,0,5,6,0,3,12,0,4,5,0,2,11,0,3,6,0,5,29,0,3,31,0,6,29,0,5,45,0,7,71,0,10,84,0,15,92,0,19,119,0,16,106,0,19,326,0,11,180,0,40,266,0,43,169,0,12,121,0,66,529,0,46,360,0,51,542,0,48,979,0,44,2265,0,59,1536,0,38,2789,0,50,2622,0,129,2299,0,54,2233,0,113,4612,0,167,11140,0,73,11098,0,108,18525,0,144,2705,0,74,21370,0,177,10458,0,292,16093,0,150,20691,0,219,18152,0,707,46837,0,207,33900,0,435,25399,0,811,63295,0,447,82965,0,588,75150,0,1402,91813,0,1515,94464,0,988,66387,0,1040,233119,0,1482,178195,0,1792,106875,0
-1.05176e+08,1,8.88811e-15,10,1023,0,1.05176e+08,0.528882,1.08665,0.389689,0.145397,0.379329,3.24381,0.161596,0.446195,1.77396,0.159177,1.15e+07,4.49998e+06,6.79999e+06,1.15e+07,4.49997e+06,6.79999e+06,1.15e+07,4.49996e+06,6.79999e+06,1.15e+07,4.49995e+06,6.79999e+06,1.14999e+07,4.49993e+06,6.79999e+06,1.14999e+07,4.49991e+06,6.79999e+06,1.14999e+07,4.49989e+06,6.79999e+06,1.14999e+07,4.49986e+06,6.79999e+06,1.14999e+07,4.49982e+06,6.79999e+06,1.14999e+07,4.49977e+06,6.79999e+06,1.14999e+07,4.49971e+06,6.79999e+06,1.14999e+07,4.49963e+06,6.79999e+06,1.14998e+07,4.49953e+06,6.79999e+06,1.14998e+07,4.49941e+06,6.79999e+06,1.14998e+07,4.49926e+06,6.79999e+06,1.14998e+07,4.49906e+06,6.79999e+06,1.14997e+07,4.49882e+06,6.79999e+06,1.14997e+07,4.49851e+06,6.79999e+06,1.14997e+07,4.49812e+06,6.79999e+06,1.14996e+07,4.49764e+06,6.79999e+06,1.14996e+07,4.49702e+06,6.79999e+06,1.14995e+07,4.49625e+06,6.79999e+06,1.14995e+07,4.49528e+06,6.79999e+06,1.14994e+07,4.49406e+06,6.79999e+06,1.14993e+07,4.49253e+06,6.79999e+06,1.14992e+07,4.49059e+06,6.79999e+06,1.14991e+07,4.48817e+06,6.79999e+06,1.1499e+07,4.48511e+06,6.79999e+06,1.14988e+07,4.48128e+06,6.79999e+06,1.14987e+07,4.47646e+06,6.79999e+06,1.14985e+07,4.47041e+06,6.79999e+06,1.14983e+07,4.46281e+06,6.79999e+06,1.14981e+07,4.4533e+06,6.79999e+06,1.14979e+07,4.44138e+06,6.79999e+06,1.14976e+07,4.42649e+06,6.79999e+06,1.14972e+07,4.40789e+06,6.79999e+06,1.14969e+07,4.38471e+06,6.79999e+06,1.14965e+07,4.35592e+06,6.79999e+06,1.1496e+07,4.32027e+06,6.79999e+06,1.14955e+07,4.27629e+06,6.79999e+06,1.14949e+07,4.22231e+06,6.79999e+06,1.14942e+07,4.15647e+06,6.79999e+06,1.14934e+07,4.07676e+06,6.79999e+06,1.14926e+07,3.98112e+06,6.79999e+06,1.14916e+07,3.86765e+06,6.79999e+06,1.14905e+07,3.73474e+06,6.79999e+06,1.14892e+07,3.58148e+06,6.79999e+06,1.14878e+07,3.40785e+06,6.79999e+06,1.14862e+07,3.21513e+06,6.79999e+06,1.14844e+07,3.00605e+06,6.79999e+06,1.14823e+07,2.7848e+06,6.79999e+06,1.148e+07,2.5568e+06,6.79999e+06,1.14773e+07,2.32825e+06,6.79999e+06,13.5742,8.52444,0.508366,16.8306,13.2585,0.162638,20.0035,17.569,0.0507846,23.2616,22.4214,0.0158319,26.7328,28.3297,0.00493498,30.5212,35.6974,0.00153831,34.7178,44.9473,0.000479527,39.4086,56.5822,0.000149456,44.6796,71.2245,4.66214e-05,50.6209,89.6543,1.45419e-05,57.3297,112.852,4.54748e-06,64.9129,142.051,1.43857e-06,73.4897,178.803,4.36618e-07,83.1934,225.062,1.40153e-07,94.1745,283.286,4.96378e-08,106.602,356.568,1.05434e-07,120.669,448.799,-6.49244e-08,136.59,564.873,1.70148e-07,154.611,710.948,-5.34594e-08,175.008,894.767,1.63407e-07,198.097,1126.06,8.04804e-08,224.231,1417.07,1.14667e-07,253.813,1783.15,-1.71227e-07,287.297,2243.62,-2.88466e-07,325.198,2822.67,-4.33651e-07,368.098,3550.67,7.9318e-08,416.657,4465.65,3.13319e-07,471.621,5615.16,3.4613e-07,533.835,7058.61,-1.19199e-07,604.255,8870.02,-2.79964e-07,683.962,11141.4,-2.30521e-07,774.182,13986.7,-2.55099e-07,876.299,17546.4,1.23585e-07,991.883,21993.1,1.41192e-07,1122.71,27536.7,-9.71886e-08,1270.78,34430.7,-3.68368e-07,1438.38,42977.7,-3.45379e-07,1628.07,53532.7,-3.25328e-09,1842.77,66504.6,2.6362e-07,2085.77,82350.2,2.53445e-07,2360.79,101560,-2.47407e-08,2672.05,124632,-3.80602e-07,3024.31,152018,-4.79005e-07,3422.98,184060,-1.14379e-07,3874.15,220884,2.64297e-07,4384.72,262283,3.44131e-07,4962.49,307576,7.5349e-08,5616.29,355497,-3.63097e-07,6356.1,404126,-6.05442e-07,7193.18,450932,-2.72333e-07,8140.28,492963,2.29675e-07,9211.79,527178,4.3387e-07,10424,550893,-1.0711e-07,10.102,8.06553,2.81012,10.6436,8.57909,0.869423,11.5336,10.2515,0.270869,12.7211,12.7138,0.0844293,14.1823,15.9373,0.0263173,15.9122,20.0383,0.0082035,17.9198,25.2154,0.00255722,20.2244,31.7373,0.000797017,22.8539,39.9486,0.000248622,25.8438,50.2851,7.75492e-05,29.237,63.2963,2.42508e-05,33.0837,79.6738,7.67162e-06,37.4415,100.288,2.32837e-06,42.3767,126.236,7.33e-07,47.9646,158.896,2.79256e-07,54.2906,200.003,9.87351e-09,61.452,251.741,1.61085e-07,69.5585,316.859,-2.47141e-07,78.7347,398.812,8.93552e-08,89.1218,501.948,-2.53231e-07,100.879,631.736,-1.25047e-07,114.188,795.049,-1.78808e-07,129.252,1000.53,2.6733e-07,146.304,1259.03,4.50292e-07,165.605,1584.19,6.76904e-07,187.452,1993.12,-1.23808e-07,212.181,2507.27,-4.89068e-07,240.173,3153.54,-5.40284e-07,271.856,3965.56,1.86061e-07,307.719,4985.38,4.37004e-07,348.313,6265.4,3.59828e-07,394.26,7870.83,3.98192e-07,446.268,9882.51,-1.92908e-07,505.135,12400.3,-2.20392e-07,571.766,15546.9,1.51705e-07,647.184,19472.2,5.74996e-07,732.547,24357.4,5.39112e-07,829.167,30420,5.07815e-09,938.526,37916.3,-4.11492e-07,1062.3,47143.9,-3.9561e-07,1202.4,58439.2,3.86185e-08,1360.96,72169.3,5.94093e-07,1540.42,88715.8,7.47693e-07,1743.53,108445,1.78537e-07,1973.41,131665,-4.12549e-07,2233.57,158557,-5.37164e-07,2528,189103,-1.17615e-07,2861.2,222986,5.66769e-07,3238.27,259510,9.45053e-07,3664.97,297540,4.25093e-07,4147.81,335497,-3.58506e-07,4694.17,371444,-6.7724e-07,5312.37,403256,1.67192e-07,1.61744,3.89446,9.84394,3.28846,7.5504,12.774,5.07607,11.7187,13.6844,7.03202,16.8147,13.9681,9.20215,23.1769,14.0566,11.6301,31.1672,14.0841,14.3598,41.2186,14.0927,17.4376,53.8688,14.0954,20.9137,69.7915,14.0962,24.8432,89.8341,14.0965,29.2879,115.063,14.0966,34.3168,146.819,14.0966,40.0078,186.792,14.0966,46.4487,237.107,14.0966,53.7388,300.44,14.0966,61.9903,380.158,14.0966,71.3301,480.499,14.0966,81.902,606.796,14.0966,93.8685,765.761,14.0966,107.414,965.837,14.0966,122.746,1217.65,14.0966,140.101,1534.57,14.0966,159.745,1933.41,14.0966,181.981,2435.3,14.0966,207.15,3066.85,14.0966,235.64,3861.46,14.0966,267.889,4861.11,14.0966,304.391,6118.54,14.0966,345.709,7699.91,14.0966,392.478,9688.22,14.0966,445.417,12187.5,14.0966,505.339,15327.7,14.0966,573.165,19271.6,14.0966,649.938,24222,14.0966,736.839,30430.9,14.0966,835.202,38211.5,14.0966,946.539,47950.3,14.0966,1072.56,60122.8,14.0966,1215.21,75309.9,14.0966,1376.66,94216.2,14.0966,1559.41,117688,14.0966,1766.26,146729,14.0966,2000.39,182510,14.0966,2265.39,226372,14.0966,2565.33,279806,14.0966,2904.81,344416,14.0966,3289.05,421845,14.0966,3723.93,513667,14.0966,4216.13,621231,14.0966,4773.18,745478,14.0966,5403.64,886744,14.0966,6117.15,1.04457e+06,14.0966,6924.63,1.2176e+06,14.0966,11.7194,11.96,12.6541,13.9321,16.1295,13.6434,16.6097,21.9702,13.9553,19.7532,29.5285,14.0526,23.3844,39.1143,14.0829,27.5423,51.2054,14.0923,32.2796,66.434,14.0953,37.662,85.6061,14.0962,43.7675,109.74,14.0965,50.687,140.119,14.0966,58.5249,178.359,14.0966,67.4005,226.493,14.0966,77.4493,287.08,14.0966,88.8254,363.343,14.0966,101.703,459.336,14.0966,116.281,580.161,14.0966,132.782,732.241,14.0966,151.46,923.655,14.0966,172.603,1164.57,14.0966,196.535,1467.79,14.0966,223.625,1849.39,14.0966,254.288,2329.62,14.0966,288.997,2933.93,14.0966,328.285,3694.33,14.0966,372.755,4651.04,14.0966,423.092,5854.57,14.0966,480.07,7368.38,14.0966,544.564,9272.08,14.0966,617.566,11665.5,14.0966,700.197,14673.6,14.0966,793.729,18452.9,14.0966,899.599,23198.6,14.0966,1019.43,29154.1,14.0966,1155.07,36622.3,14.0966,1308.6,45977.9,14.0966,1482.39,57683.7,14.0966,1679.09,72307.8,14.0966,1901.73,90542.8,14.0966,2153.73,113226,14.0966,2438.97,141360,14.0966,2761.81,176127,14.0966,3127.22,218898,14.0966,3540.81,271226,14.0966,4008.92,334817,14.0966,4538.74,411470,14.0966,5138.38,502973,14.0966,5817.04,610948,14.0966,6585.12,736653,14.0966,7454.39,880741,14.0966,8438.15,1.04302e+06,14.0966,9551.45,1.22224e+06,14.0966,10811.3,1.41602e+06,14.0966,12237,1.62086e+06,14.0966,11.7194,11.96,12.6541,2.21263,4.16949,0.989383,2.67766,5.84076,0.311842,3.14343,7.55825,0.0972771,3.63127,9.58578,0.0303237,4.15787,12.0912,0.00945211,4.73731,15.2286,0.00294633,5.38238,19.1721,0.000918508,6.10553,24.134,0.000286163,6.91951,30.3791,8.92692e-05,7.83792,38.2397,2.78121e-05,8.87555,48.1338,8.65134e-06,10.0489,60.5876,2.7882e-06,11.3761,76.2629,8.29036e-07,12.8779,95.9927,2.4373e-07,14.5775,120.825,4.33068e-09,16.5012,152.08,1.75749e-07,18.6784,191.415,-1.86328e-07,21.1428,240.917,1.91829e-07,23.9322,303.213,-1.81475e-07,27.0895,381.602,7.0186e-08,30.6634,480.231,-2.86769e-08,34.7087,604.316,2.40784e-07,39.2876,760.401,9.87368e-08,44.4705,956.705,1.22263e-07,50.3371,1203.54,-4.31966e-07,56.9776,1513.81,-1.9705e-07,64.494,1903.69,-2.763e-08,73.0018,2393.4,3.9185e-07,82.6317,3008.13,1.35379e-07,93.5318,3779.25,-4.16351e-08,105.869,4745.7,2.06965e-08,119.834,5955.6,-3.18887e-07,135.641,7468.12,-1.48271e-08,153.531,9355.62,2.00739e-07,173.781,11705.8,2.28358e-07,196.701,14624.1,-1.93587e-08,222.642,18235,-2.88101e-07,252.003,22683.4,-2.24732e-07,285.234,28134,8.56806e-09,322.845,34767,2.34258e-07,365.413,42770.9,2.99668e-07,413.588,52327.9,8.28644e-08,468.111,63591.2,-3.07049e-07,529.814,76653.2,-3.1888e-07,599.642,91502.5,-6.72276e-08,678.662,107975,2.26339e-07,768.083,125705,3.69212e-07,869.267,144088,2.04077e-07,983.76,162277,-2.80509e-07,1113.3,179223,-4.22737e-07,1259.87,193777,-1.71951e-07,1425.68,204839,4.55555e-07,11.7194,11.96,12.6541,2.21263,4.16949,0.989383,2.67766,5.84076,0.311842,3.14343,7.55825,0.0972771,3.63127,9.58578,0.0303237,4.15787,12.0912,0.00945211,4.73731,15.2286,0.00294633,5.38238,19.1721,0.000918508,6.10553,24.134,0.000286163,6.91951,30.3791,8.92692e-05,7.83792,38.2397,2.78121e-05,8.87555,48.1338,8.65134e-06,10.0489,60.5876,2.7882e-06,11.3761,76.2629,8.29036e-07,12.8779,95.9927,2.4373e-07,14.5775,120.825,1e-08,16.5012,152.08,1.75749e-07,18.6784,191.415,1e-08,21.1428,240.917,1.91829e-07,23.9322,303.213,1e-08,27.0895,381.602,7.0186e-08,30.6634,480.231,1e-08,34.7087,604.316,2.40784e-07,39.2876,760.401,9.87368e-08,44.4705,956.705,1.22263e-07,50.3371,1203.54,1e-08,56.9776,1513.81,1e-08,64.494,1903.69,1e-08,73.0018,2393.4,3.9185e-07,82.6317,3008.13,1.35379e-07,93.5318,3779.25,1e-08,105.869,4745.7,2.06965e-08,119.834,5955.6,1e-08,135.641,7468.12,1e-08,153.531,9355.62,2.00739e-07,173.781,11705.8,2.28358e-07,196.701,14624.1,1e-08,222.642,18235,1e-08,252.003,22683.4,1e-08,285.234,28134,1e-08,322.845,34767,2.34258e-07,365.413,42770.9,2.99668e-07,413.588,52327.9,8.28644e-08,468.111,63591.2,1e-08,529.814,76653.2,1e-08,599.642,91502.5,1e-08,678.662,107975,2.26339e-07,768.083,125705,3.69212e-07,869.267,144088,2.04077e-07,983.76,162277,1e-08,1113.3,179223,1e-08,1259.87,193777,1e-08,1425.68,204839,4.55555e-07,6.2823,3.27286,2.43537,0.219672,6.18826,2.24117,0.56371,6.87772,2.63624,0.308279,17,8,23,0,6,4,7,12,0,2,13,0,4,5,0,3,8,0,7,12,0,1,16,0,10,44,0,6,33,0,10,104,0,7,75,0,12,51,0,11,108,0,10,70,0,19,91,0,12,124,0,13,165,0,30,125,0,25,319,0,15,553,0,37,294,0,33,337,0,71,553,0,35,982,0,111,569,0,72,940,0,54,670,0,107,1878,0,50,1997,0,72,4931,0,93,4842,0,141,5070,0,137,11197,0,163,12319,0,216,22168,0,98,10764,0,279,9961,0,402,35412,0,421,48580,0,230,22314,0,378,40945,0,494,39642,0,329,47120,0,685,76316,0,567,133248,0,618,112170,0,381,103762,0,526,70028,0,826,111628,0,1558,179329,0,1535,319336,0,1768,70744,0
-1.05176e+08,1,8.88811e-15,10,1023,0,1.05176e+08,0.528882,1.08665,0.389689,0.145397,0.379329,3.24381,0.161596,0.446195,1.77396,0.159177,1.15e+07,4.49998e+06,6.79999e+06,1.15e+07,4.49997e+06,6.79999e+06,1.15e+07,4.49996e+06,6.79999e+06,1.15e+07,4.49995e+06,6.79999e+06,1.14999e+07,4.49993e+06,6.79999e+06,1.14999e+07,4.49991e+06,6.79999e+06,1.14999e+07,4.49989e+06,6.79999e+06,1.14999e+07,4.49986e+06,6.79999e+06,1.14999e+07,4.49982e+06,6.79999e+06,1.14999e+07,4.49977e+06,6.79999e+06,1.14999e+07,4.49971e+06,6.79999e+06,1.14999e+07,4.49963e+06,6.79999e+06,1.14998e+07,4.49953e+06,6.79999e+06,1.14998e+07,4.49941e+06,6.79999e+06,1.14998e+07,4.49926e+06,6.79999e+06,1.14998e+07,4.49906e+06,6.79999e+06,1.14997e+07,4.49882e+06,6.79999e+06,1.14997e+07,4.49851e+06,6.79999e+06,1.14997e+07,4.49812e+06,6.79999e+06,1.14996e+07,4.49764e+06,6.79999e+06,1.14996e+07,4.49702e+06,6.79999e+06,1.14995e+07,4.49625e+06,6.79999e+06,1.14995e+07,4.49528e+06,6.79999e+06,1.14994e+07,4.49406e+06,6.79999e+06,1.14993e+07,4.49253e+06,6.79999e+06,1.14992e+07,4.49059e+06,6.79999e+06,1.14991e+07,4.48817e+06,6.79999e+06,1.1499e+07,4.48511e+06,6.79999e+06,1.14988e+07,4.48128e+06,6.79999e+06,1.14987e+07,4.47646e+06,6.79999e+06,1.14985e+07,4.47041e+06,6.79999e+06,1.14983e+07,4.46281e+06,6.79999e+06,1.14981e+07,4.4533e+06,6.79999e+06,1.14979e+07,4.44138e+06,6.79999e+06,1.14976e+07,4.42649e+06,6.79999e+06,1.14972e+07,4.40789e+06,6.79999e+06,1.14969e+07,4.38471e+06,6.79999e+06,1.14965e+07,4.35592e+06,6.79999e+06,1.1496e+07,4.32027e+06,6.79999e+06,1.14955e+07,4.27629e+06,6.79999e+06,1.14949e+07,4.22231e+06,6.79999e+06,1.14942e+07,4.15647e+06,6.79999e+06,1.14934e+07,4.07676e+06,6.79999e+06,1.14926e+07,3.98112e+06,6.79999e+06,1.14916e+07,3.86765e+06,6.79999e+06,1.14905e+07,3.73474e+06,6.79999e+06,1.14892e+07,3.58148e+06,6.79999e+06,1.14878e+07,3.40785e+06,6.79999e+06,1.14862e+07,3.21513e+06,6.79999e+06,1.14844e+07,3.00605e+06,6.79999e+06,1.14823e+07,2.7848e+06,6.79999e+06,1.148e+07,2.5568e+06,6.79999e+06,1.14773e+07,2.32825e+06,6.79999e+06,13.5742,8.52444,0.508366,16.8306,13.2585,0.162638,20.0035,17.569,0.0507846,23.2616,22.4214,0.0158319,26.7328,28.3297,0.00493498,30.5212,35.6974,0.00153831,34.7178,44.9473,0.000479527,39.4086,56.5822,0.000149456,44.6796,71.2245,4.66214e-05,50.6209,89.6543,1.45419e-05,57.3297,112.852,4.54748e-06,64.9129,142.051,1.43857e-06,73.4897,178.803,4.36618e-07,83.1934,225.062,1.40153e-07,94.1745,283.286,4.96378e-08,106.602,356.568,1.05434e-07,120.669,448.799,-6.49244e-08,136.59,564.873,1.70148e-07,154.611,710.948,-5.34594e-08,175.008,894.767,1.63407e-07,198.097,1126.06,8.04804e-08,224.231,1417.07,1.14667e-07,253.813,1783.15,-1.71227e-07,287.297,2243.62,-2.88466e-07,325.198,2822.67,-4.33651e-07,368.098,3550.67,7.9318e-08,416.657,4465.65,3.13319e-07,471.621,5615.16,3.4613e-07,533.835,7058.61,-1.19199e-07,604.255,8870.02,-2.79964e-07,683.962,11141.4,-2.30521e-07,774.182,13986.7,-2.55099e-07,876.299,17546.4,1.23585e-07,991.883,21993.1,1.41192e-07,1122.71,27536.7,-9.71886e-08,1270.78,34430.7,-3.68368e-07,1438.38,42977.7,-3.45379e-07,1628.07,53532.7,-3.25328e-09,1842.77,66504.6,2.6362e-07,2085.77,82350.2,2.53445e-07,2360.79,101560,-2.47407e-08,2672.05,124632,-3.80602e-07,3024.31,152018,-4.79005e-07,3422.98,184060,-1.14379e-07,3874.15,220884,2.64297e-07,4384.72,262283,3.44131e-07,4962.49,307576,7.5349e-08,5616.29,355497,-3.63097e-07,6356.1,404126,-6.05442e-07,7193.18,450932,-2.72333e-07,8140.28,492963,2.29675e-07,9211.79,527178,4.3387e-07,10424,550893,-1.0711e-07,10.102,8.06553,2.81012,10.6436,8.57909,0.869423,11.5336,10.2515,0.270869,12.7211,12.7138,0.0844293,14.1823,15.9373,0.0263173,15.9122,20.0383,0.0082035,17.9198,25.2154,0.00255722,20.2244,31.7373,0.000797017,22.8539,39.9486,0.000248622,25.8438,50.2851,7.75492e-05,29.237,63.2963,2.42508e-05,33.0837,79.6738,7.67162e-06,37.4415,100.288,2.32837e-06,42.3767,126.236,7.33e-07,47.9646,158.896,2.79256e-07,54.2906,200.003,9.87351e-09,61.452,251.741,1.61085e-07,69.5585,316.859,-2.47141e-07,78.7347,398.812,8.93552e-08,89.1218,501.948,-2.53231e-07,100.879,631.736,-1.25047e-07,114.188,795.049,-1.78808e-07,129.252,1000.53,2.6733e-07,146.304,1259.03,4.50292e-07,165.605,1584.19,6.76904e-07,187.452,1993.12,-1.23808e-07,212.181,2507.27,-4.89068e-07,240.173,3153.54,-5.40284e-07,271.856,3965.56,1.86061e-07,307.719,4985.38,4.37004e-07,348.313,6265.4,3.59828e-07,394.26,7870.83,3.98192e-07,446.268,9882.51,-1.92908e-07,505.135,12400.3,-2.20392e-07,571.766,15546.9,1.51705e-07,647.184,19472.2,5.74996e-07,732.547,24357.4,5.39112e-07,829.167,30420,5.07815e-09,938.526,37916.3,-4.11492e-07,1062.3,47143.9,-3.9561e-07,1202.4,58439.2,3.86185e-08,1360.96,72169.3,5.94093e-07,1540.42,88715.8,7.47693e-07,1743.53,108445,1.78537e-07,1973.41,131665,-4.12549e-07,2233.57,158557,-5.37164e-07,2528,189103,-1.17615e-07,2861.2,222986,5.66769e-07,3238.27,259510,9.45053e-07,3664.97,297540,4.25093e-07,4147.81,335497,-3.58506e-07,4694.17,371444,-6.7724e-07,5312.37,403256,1.67192e-07,1.61744,3.89446,9.84394,3.28846,7.5504,12.774,5.07607,11.7187,13.6844,7.03202,16.8147,13.9681,9.20215,23.1769,14.0566,11.6301,31.1672,14.0841,14.3598,41.2186,14.0927,17.4376,53.8688,14.0954,20.9137,69.7915,14.0962,24.8432,89.8341,14.0965,29.2879,115.063,14.0966,34.3168,146.819,14.0966,40.0078,186.792,14.0966,46.4487,237.107,14.0966,53.7388,300.44,14.0966,61.9903,380.158,14.0966,71.3301,480.499,14.0966,81.902,606.796,14.0966,93.8685,765.761,14.0966,107.414,965.837,14.0966,122.746,1217.65,14.0966,140.101,1534.57,14.0966,159.745,1933.41,14.0966,181.981,2435.3,14.0966,207.15,3066.85,14.0966,235.64,3861.46,14.0966,267.889,4861.11,14.0966,304.391,6118.54,14.0966,345.709,7699.91,14.0966,392.478,9688.22,14.0966,445.417,12187.5,14.0966,505.339,15327.7,14.0966,573.165,19271.6,14.0966,649.938,24222,14.0966,736.839,30430.9,14.0966,835.202,38211.5,14.0966,946.539,47950.3,14.0966,1072.56,60122.8,14.0966,1215.21,75309.9,14.0966,1376.66,94216.2,14.0966,1559.41,117688,14.0966,1766.26,146729,14.0966,2000.39,182510,14.0966,2265.39,226372,14.0966,2565.33,279806,14.0966,2904.81,344416,14.0966,3289.05,421845,14.0966,3723.93,513667,14.0966,4216.13,621231,14.0966,4773.18,745478,14.0966,5403.64,886744,14.0966,6117.15,1.04457e+06,14.0966,6924.63,1.2176e+06,14.0966,11.7194,11.96,12.6541,13.9321,16.1295,13.6434,16.6097,21.9702,13.9553,19.7532,29.5285,14.0526,23.3844,39.1143,14.0829,27.5423,51.2054,14.0923,32.2796,66.434,14.0953,37.662,85.6061,14.0962,43.7675,109.74,14.0965,50.687,140.119,14.0966,58.5249,178.359,14.0966,67.4005,226.493,14.0966,77.4493,287.08,14.0966,88.8254,363.343,14.0966,101.703,459.336,14.0966,116.281,580.161,14.0966,132.782,732.241,14.0966,151.46,923.655,14.0966,172.603,1164.57,14.0966,196.535,1467.79,14.0966,223.625,1849.39,14.0966,254.288,2329.62,14.0966,288.997,2933.93,14.0966,328.285,3694.33,14.0966,372.755,4651.04,14.0966,423.092,5854.57,14.0966,480.07,7368.38,14.0966,544.564,9272.08,14.0966,617.566,11665.5,14.0966,700.197,14673.6,14.0966,793.729,18452.9,14.0966,899.599,23198.6,14.0966,1019.43,29154.1,14.0966,1155.07,36622.3,14.0966,1308.6,45977.9,14.0966,1482.39,57683.7,14.0966,1679.09,72307.8,14.0966,1901.73,90542.8,14.0966,2153.73,113226,14.0966,2438.97,141360,14.0966,2761.81,176127,14.0966,3127.22,218898,14.0966,3540.81,271226,14.0966,4008.92,334817,14.0966,4538.74,411470,14.0966,5138.38,502973,14.0966,5817.04,610948,14.0966,6585.12,736653,14.0966,7454.39,880741,14.0966,8438.15,1.04302e+06,14.0966,9551.45,1.22224e+06,14.0966,10811.3,1.41602e+06,14.0966,12237,1.62086e+06,14.0966,11.7194,11.96,12.6541,2.21263,4.16949,0.989383,2.67766,5.84076,0.311842,3.14343,7.55825,0.0972771,3.63127,9.58578,0.0303237,4.15787,12.0912,0.00945211,4.73731,15.2286,0.00294633,5.38238,19.1721,0.000918508,6.10553,24.134,0.000286163,6.91951,30.3791,8.92692e-05,7.83792,38.2397,2.78121e-05,8.87555,48.1338,8.65134e-06,10.0489,60.5876,2.7882e-06,11.3761,76.2629,8.29036e-07,12.8779,95.9927,2.4373e-07,14.5775,120.825,4.33068e-09,16.5012,152.08,1.75749e-07,18.6784,191.415,-1.86328e-07,21.1428,240.917,1.91829e-07,23.9322,303.213,-1.81475e-07,27.0895,381.602,7.0186e-08,30.6634,480.231,-2.86769e-08,34.7087,604.316,2.40784e-07,39.2876,760.401,9.87368e-08,44.4705,956.705,1.22263e-07,50.3371,1203.54,-4.31966e-07,56.9776,1513.81,-1.9705e-07,64.494,1903.69,-2.763e-08,73.0018,2393.4,3.9185e-07,82.6317,3008.13,1.35379e-07,93.5318,3779.25,-4.16351e-08,105.869,4745.7,2.06965e-08,119.834,5955.6,-3.18887e-07,135.641,7468.12,-1.48271e-08,153.531,9355.62,2.00739e-07,173.781,11705.8,2.28358e-07,196.701,14624.1,-1.93587e-08,222.642,18235,-2.88101e-07,252.003,22683.4,-2.24732e-07,285.234,28134,8.56806e-09,322.845,34767,2.34258e-07,365.413,42770.9,2.99668e-07,413.588,52327.9,8.28644e-08,468.111,63591.2,-3.07049e-07,529.814,76653.2,-3.1888e-07,599.642,91502.5,-6.72276e-08,678.662,107975,2.26339e-07,768.083,125705,3.69212e-07,869.267,144088,2.04077e-07,983.76,162277,-2.80509e-07,1113.3,179223,-4.22737e-07,1259.87,193777,-1.71951e-07,1425.68,204839,4.55555e-07,11.7194,11.96,12.6541,2.21263,4.16949,0.989383,2.67766,5.84076,0.311842,3.14343,7.55825,0.0972771,3.63127,9.58578,0.0303237,4.15787,12.0912,0.00945211,4.73731,15.2286,0.00294633,5.38238,19.1721,0.000918508,6.10553,24.134,0.000286163,6.91951,30.3791,8.92692e-05,7.83792,38.2397,2.78121e-05,8.87555,48.1338,8.65134e-06,10.0489,60.5876,2.7882e-06,11.3761,76.2629,8.29036e-07,12.8779,95.9927,2.4373e-07,14.5775,120.825,1e-08,16.5012,152.08,1.75749e-07,18.6784,191.415,1e-08,21.1428,240.917,1.91829e-07,23.9322,303.213,1e-08,27.0895,381.602,7.0186e-08,30.6634,480.231,1e-08,34.7087,604.316,2.40784e-07,39.2876,760.401,9.87368e-08,44.4705,956.705,1.22263e-07,50.3371,1203.54,1e-08,56.9776,1513.81,1e-08,64.494,1903.69,1e-08,73.0018,2393.4,3.9185e-07,82.6317,3008.13,1.35379e-07,93.5318,3779.25,1e-08,105.869,4745.7,2.06965e-08,119.834,5955.6,1e-08,135.641,7468.12,1e-08,153.531,9355.62,2.00739e-07,173.781,11705.8,2.28358e-07,196.701,14624.1,1e-08,222.642,18235,1e-08,252.003,22683.4,1e-08,285.234,28134,1e-08,322.845,34767,2.34258e-07,365.413,42770.9,2.99668e-07,413.588,52327.9,8.28644e-08,468.111,63591.2,1e-08,529.814,76653.2,1e-08,599.642,91502.5,1e-08,678.662,107975,2.26339e-07,768.083,125705,3.69212e-07,869.267,144088,2.04077e-07,983.76,162277,1e-08,1113.3,179223,1e-08,1259.87,193777,1e-08,1425.68,204839,4.55555e-07,6.2823,3.27286,2.43537,0.219672,6.18826,2.24117,0.56371,6.87772,2.63624,0.308279,13,7,8,4,6,1,1,6,1,3,12,0,2,14,0,4,8,0,1,5,0,2,37,0,3,28,0,4,31,0,8,36,0,13,43,0,10,87,0,13,66,0,19,102,0,13,113,0,23,135,0,37,58,0,15,311,0,29,440,0,43,172,0,18,452,0,21,481,0,13,984,0,60,1061,0,37,1073,0,81,1546,0,108,2586,0,22,1128,0,82,3516,0,47,5383,0,75,4115,0,88,3649,0,186,7360,0,156,14129,0,84,11673,0,83,9140,0,187,14288,0,149,18861,0,331,37504,0,246,35482,0,278,79010,0,315,49706,0,372,69016,0,754,130554,0,782,138101,0,668,98470,0,334,39284,0,503,155871,0,679,107984,0,1292,137091,0,1021,165114,0,881,146075,0
-1.05176e+08,1,8.88811e-15,10,1023,0,1.05176e+08,0.528882,1.08665,0.389689,0.145397,0.379329,3.24381,0.161596,0.446195,1.77396,0.159177,1.15e+07,4.49998e+06,6.79999e+06,1.15e+07,4.49997e+06,6.79999e+06,1.15e+07,4.49996e+06,6.79999e+06,1.15e+07,4.49995e+06,6.79999e+06,1.14999e+07,4.49993e+06,6.79999e+06,1.14999e+07,4.49991e+06,6.79999e+06,1.14999e+07,4.49989e+06,6.79999e+06,1.14999e+07,4.49986e+06,6.79999e+06,1.14999e+07,4.49982e+06,6.79999e+06,1.14999e+07,4.49977e+06,6.79999e+06,1.14999e+07,4.49971e+06,6.79999e+06,1.14999e+07,4.49963e+06,6.79999e+06,1.14998e+07,4.49953e+06,6.79999e+06,1.14998e+07,4.49941e+06,6.79999e+06,1.14998e+07,4.49926e+06,6.79999e+06,1.14998e+07,4.49906e+06,6.79999e+06,1.14997e+07,4.49882e+06,6.79999e+06,1.14997e+07,4.49851e+06,6.79999e+06,1.14997e+07,4.49812e+06,6.79999e+06,1.14996e+07,4.49764e+06,6.79999e+06,1.14996e+07,4.49702e+06,6.79999e+06,1.14995e+07,4.49625e+06,6.79999e+06,1.14995e+07,4.49528e+06,6.79999e+06,1.14994e+07,4.49406e+06,6.79999e+06,1.14993e+07,4.49253e+06,6.79999e+06,1.14992e+07,4.49059e+06,6.79999e+06,1.14991e+07,4.48817e+06,6.79999e+06,1.1499e+07,4.48511e+06,6.79999e+06,1.14988e+07,4.48128e+06,6.79999e+06,1.14987e+07,4.47646e+06,6.79999e+06,1.14985e+07,4.47041e+06,6.79999e+06,1.14983e+07,4.46281e+06,6.79999e+06,1.14981e+07,4.4533e+06,6.79999e+06,1.14979e+07,4.44138e+06,6.79999e+06,1.14976e+07,4.42649e+06,6.79999e+06,1.14972e+07,4.40789e+06,6.79999e+06,1.14969e+07,4.38471e+06,6.79999e+06,1.14965e+07,4.35592e+06,6.79999e+06,1.1496e+07,4.32027e+06,6.79999e+06,1.14955e+07,4.27629e+06,6.79999e+06,1.14949e+07,4.22231e+06,6.79999e+06,1.14942e+07,4.15647e+06,6.79999e+06,1.14934e+07,4.07676e+06,6.79999e+06,1.14926e+07,3.98112e+06,6.79999e+06,1.14916e+07,3.86765e+06,6.79999e+06,1.14905e+07,3.73474e+06,6.79999e+06,1.14892e+07,3.58148e+06,6.79999e+06,1.14878e+07,3.40785e+06,6.79999e+06,1.14862e+07,3.21513e+06,6.79999e+06,1.14844e+07,3.00605e+06,6.79999e+06,1.14823e+07,2.7848e+06,6.79999e+06,1.148e+07,2.5568e+06,6.79999e+06,1.14773e+07,2.32825e+06,6.79999e+06,13.5742,8.52444,0.508366,16.8306,13.2585,0.162638,20.0035,17.569,0.0507846,23.2616,22.4214,0.0158319,26.7328,28.3297,0.00493498,30.5212,35.6974,0.00153831,34.7178,44.9473,0.000479527,39.4086,56.5822,0.000149456,44.6796,71.2245,4.66214e-05,50.6209,89.6543,1.45419e-05,57.3297,112.852,4.54748e-06,64.9129,142.051,1.43857e-06,73.4897,178.803,4.36618e-07,83.1934,225.062,1.40153e-07,94.1745,283.286,4.96378e-08,106.602,356.568,1.05434e-07,120.669,448.799,-6.49244e-08,136.59,564.873,1.70148e-07,154.611,710.948,-5.34594e-08,175.008,894.767,1.63407e-07,198.097,1126.06,8.04804e-08,224.231,1417.07,1.14667e-07,253.813,1783.15,-1.71227e-07,287.297,2243.62,-2.88466e-07,325.198,2822.67,-4.33651e-07,368.098,3550.67,7.9318e-08,416.657,4465.65,3.13319e-07,471.621,5615.16,3.4613e-07,533.835,7058.61,-1.19199e-07,604.255,8870.02,-2.79964e-07,683.962,11141.4,-2.30521e-07,774.182,13986.7,-2.55099e-07,876.299,17546.4,1.23585e-07,991.883,21993.1,1.41192e-07,1122.71,27536.7,-9.71886e-08,1270.78,34430.7,-3.68368e-07,1438.38,42977.7,-3.45379e-07,1628.07,53532.7,-3.25328e-09,1842.77,66504.6,2.6362e-07,2085.77,82350.2,2.53445e-07,2360.79,101560,-2.47407e-08,2672.05,124632,-3.80602e-07,3024.31,152018,-4.79005e-07,3422.98,184060,-1.14379e-07,3874.15,220884,2.64297e-07,4384.72,262283,3.44131e-07,4962.49,307576,7.5349e-08,5616.29,355497,-3.63097e-07,6356.1,404126,-6.05442e-07,7193.18,450932,-2.72333e-07,8140.28,492963,2.29675e-07,9211.79,527178,4.3387e-07,10424,550893,-1.0711e-07,10.102,8.06553,2.81012,10.6436,8.57909,0.869423,11.5336,10.2515,0.270869,12.7211,12.7138,0.0844293,14.1823,15.9373,0.0263173,15.9122,20.0383,0.0082035,17.9198,25.2154,0.00255722,20.2244,31.7373,0.000797017,22.8539,39.9486,0.000248622,25.8438,50.2851,7.75492e-05,29.237,63.2963,2.42508e-05,33.0837,79.6738,7.67162e-06,37.4415,100.288,2.32837e-06,42.3767,126.236,7.33e-07,47.9646,158.896,2.79256e-07,54.2906,200.003,9.87351e-09,61.452,251.741,1.61085e-07,69.5585,316.859,-2.47141e-07,78.7347,398.812,8.93552e-08,89.1218,501.948,-2.53231e-07,100.879,631.736,-1.25047e-07,114.188,795.049,-1.78808e-07,129.252,1000.53,2.6733e-07,146.304,1259.03,4.50292e-07,165.605,1584.19,6.76904e-07,187.452,1993.12,-1.23808e-07,212.181,2507.27,-4.89068e-07,240.173,3153.54,-5.40284e-07,271.856,3965.56,1.86061e-07,307.719,4985.38,4.37004e-07,348.313,6265.4,3.59828e-07,394.26,7870.83,3.98192e-07,446.268,9882.51,-1.92908e-07,505.135,12400.3,-2.20392e-07,571.766,15546.9,1.51705e-07,647.184,19472.2,5.74996e-07,732.547,24357.4,5.39112e-07,829.167,30420,5.07815e-09,938.526,37916.3,-4.11492e-07,1062.3,47143.9,-3.9561e-07,1202.4,58439.2,3.86185e-08,1360.96,72169.3,5.94093e-07,1540.42,88715.8,7.47693e-07,1743.53,108445,1.78537e-07,1973.41,131665,-4.12549e-07,2233.57,158557,-5.37164e-07,2528,189103,-1.17615e-07,2861.2,222986,5.66769e-07,3238.27,259510,9.45053e-07,3664.97,297540,4.25093e-07,4147.81,335497,-3.58506e-07,4694.17,371444,-6.7724e-07,5312.37,403256,1.67192e-07,1.61744,3.89446,9.84394,3.28846,7.5504,12.774,5.07607,11.7187,13.6844,7.03202,16.8147,13.9681,9.20215,23.1769,14.0566,11.6301,31.1672,14.0841,14.3598,41.2186,14.0927,17.4376,53.8688,14.0954,20.9137,69.7915,14.0962,24.8432,89.8341,14.0965,29.2879,115.063,14.0966,34.3168,146.819,14.0966,40.0078,186.792,14.0966,46.4487,237.107,14.0966,53.7388,300.44,14.0966,61.9903,380.158,14.0966,71.3301,480.499,14.0966,81.902,606.796,14.0966,93.8685,765.761,14.0966,107.414,965.837,14.0966,122.746,1217.65,14.0966,140.101,1534.57,14.0966,159.745,1933.41,14.0966,181.981,2435.3,14.0966,207.15,3066.85,14.0966,235.64,3861.46,14.0966,267.889,4861.11,14.0966,304.391,6118.54,14.0966,345.709,7699.91,14.0966,392.478,9688.22,14.0966,445.417,12187.5,14.0966,505.339,15327.7,14.0966,573.165,19271.6,14.0966,649.938,24222,14.0966,736.839,30430.9,14.0966,835.202,38211.5,14.0966,946.539,47950.3,14.0966,1072.56,60122.8,14.0966,1215.21,75309.9,14.0966,1376.66,94216.2,14.0966,1559.41,117688,14.0966,1766.26,146729,14.0966,2000.39,182510,14.0966,2265.39,226372,14.0966,2565.33,279806,14.0966,2904.81,344416,14.0966,3289.05,421845,14.0966,3723.93,513667,14.0966,4216.13,621231,14.0966,4773.18,745478,14.0966,5403.64,886744,14.0966,6117.15,1.04457e+06,14.0966,6924.63,1.2176e+06,14.0966,11.7194,11.96,12.6541,13.9321,16.1295,13.6434,16.6097,21.9702,13.9553,19.7532,29.5285,14.0526,23.3844,39.1143,14.0829,27.5423,51.2054,14.0923,32.2796,66.434,14.0953,37.662,85.6061,14.0962,43.7675,109.74,14.0965,50.687,140.119,14.0966,58.5249,178.359,14.0966,67.4005,226.493,14.0966,77.4493,287.08,14.0966,88.8254,363.343,14.0966,101.703,459.336,14.0966,116.281,580.161,14.0966,132.782,732.241,14.0966,151.46,923.655,14.0966,172.603,1164.57,14.0966,196.535,1467.79,14.0966,223.625,1849.39,14.0966,254.288,2329.62,14.0966,288.997,2933.93,14.0966,328.285,3694.33,14.0966,372.755,4651.04,14.0966,423.092,5854.57,14.0966,480.07,7368.38,14.0966,544.564,9272.08,14.0966,617.566,11665.5,14.0966,700.197,14673.6,14.0966,793.729,18452.9,14.0966,899.599,23198.6,14.0966,1019.43,29154.1,14.0966,1155.07,36622.3,14.0966,1308.6,45977.9,14.0966,1482.39,57683.7,14.0966,1679.09,72307.8,14.0966,1901.73,90542.8,14.0966,2153.73,113226,14.0966,2438.97,141360,14.0966,2761.81,176127,14.0966,3127.22,218898,14.0966,3540.81,271226,14.0966,4008.92,334817,14.0966,4538.74,411470,14.0966,5138.38,502973,14.0966,5817.04,610948,14.0966,6585.12,736653,14.0966,7454.39,880741,14.0966,8438.15,1.04302e+06,14.0966,9551.45,1.22224e+06,14.0966,10811.3,1.41602e+06,14.0966,12237,1.62086e+06,14.0966,11.7194,11.96,12.6541,2.21263,4.16949,0.989383,2.67766,5.84076,0.311842,3.14343,7.55825,0.0972771,3.63127,9.58578,0.0303237,4.15787,12.0912,0.00945211,4.73731,15.2286,0.00294633,5.38238,19.1721,0.000918508,6.10553,24.134,0.000286163,6.91951,30.3791,8.92692e-05,7.83792,38.2397,2.78121e-05,8.87555,48.1338,8.65134e-06,10.0489,60.5876,2.7882e-06,11.3761,76.2629,8.29036e-07,12.8779,95.9927,2.4373e-07,14.5775,120.825,4.33068e-09,16.5012,152.08,1.75749e-07,18.6784,191.415,-1.86328e-07,21.1428,240.917,1.91829e-07,23.9322,303.213,-1.81475e-07,27.0895,381.602,7.0186e-08,30.6634,480.231,-2.86769e-08,34.7087,604.316,2.40784e-07,39.2876,760.401,9.87368e-08,44.4705,956.705,1.22263e-07,50.3371,1203.54,-4.31966e-07,56.9776,1513.81,-1.9705e-07,64.494,1903.69,-2.763e-08,73.0018,2393.4,3.9185e-07,82.6317,3008.13,1.35379e-07,93.5318,3779.25,-4.16351e-08,105.869,4745.7,2.06965e-08,119.834,5955.6,-3.18887e-07,135.641,7468.12,-1.48271e-08,153.531,9355.62,2.00739e-07,173.781,11705.8,2.28358e-07,196.701,14624.1,-1.93587e-08,222.642,18235,-2.88101e-07,252.003,22683.4,-2.24732e-07,285.234,28134,8.56806e-09,322.845,34767,2.34258e-07,365.413,42770.9,2.99668e-07,413.588,52327.9,8.28644e-08,468.111,63591.2,-3.07049e-07,529.814,76653.2,-3.1888e-07,599.642,91502.5,-6.72276e-08,678.662,107975,2.26339e-07,768.083,125705,3.69212e-07,869.267,144088,2.04077e-07,983.76,162277,-2.80509e-07,1113.3,179223,-4.22737e-07,1259.87,193777,-1.71951e-07,1425.68,204839,4.55555e-07,11.7194,11.96,12.6541,2.21263,4.16949,0.989383,2.67766,5.84076,0.311842,3.14343,7.55825,0.0972771,3.63127,9.58578,0.0303237,4.15787,12.0912,0.00945211,4.73731,15.2286,0.00294633,5.38238,19.1721,0.000918508,6.10553,24.134,0.000286163,6.91951,30.3791,8.92692e-05,7.83792,38.2397,2.78121e-05,8.87555,48.1338,8.65134e-06,10.0489,60.5876,2.7882e-06,11.3761,76.2629,8.29036e-07,12.8779,95.9927,2.4373e-07,14.5775,120.825,1e-08,16.5012,152.08,1.75749e-07,18.6784,191.415,1e-08,21.1428,240.917,1.91829e-07,23.9322,303.213,1e-08,27.0895,381.602,7.0186e-08,30.6634,480.231,1e-08,34.7087,604.316,2.40784e-07,39.2876,760.401,9.87368e-08,44.4705,956.705,1.22263e-07,50.3371,1203.54,1e-08,56.9776,1513.81,1e-08,64.494,1903.69,1e-08,73.0018,2393.4,3.9185e-07,82.6317,3008.13,1.35379e-07,93.5318,3779.25,1e-08,105.869,4745.7,2.06965e-08,119.834,5955.6,1e-08,135.641,7468.12,1e-08,153.531,9355.62,2.00739e-07,173.781,11705.8,2.28358e-07,196.701,14624.1,1e-08,222.642,18235,1e-08,252.003,22683.4,1e-08,285.234,28134,1e-08,322.845,34767,2.34258e-07,365.413,42770.9,2.99668e-07,413.588,52327.9,8.28644e-08,468.111,63591.2,1e-08,529.814,76653.2,1e-08,599.642,91502.5,1e-08,678.662,107975,2.26339e-07,768.083,125705,3.69212e-07,869.267,144088,2.04077e-07,983.76,162277,1e-08,1113.3,179223,1e-08,1259.87,193777,1e-08,1425.68,204839,4.55555e-07,6.2823,3.27286,2.43537,0.219672,6.18826,2.24117,0.56371,6.87772,2.63624,0.308279,15,9,9,2,6,1,4,3,1,0,0,0,4,12,0,5,15,0,11,15,0,6,23,0,9,18,0,7,19,0,9,24,0,12,38,0,16,48,0,9,85,0,21,126,0,12,232,0,10,103,0,15,225,0,29,243,0,18,434,0,28,168,0,44,529,0,37,1423,0,66,603,0,40,1208,0,41,752,0,97,556,0,40,2270,0,41,4590,0,138,4364,0,80,5939,0,101,5222,0,116,6307,0,96,7003,0,42,6999,0,110,12273,0,351,27566,0,205,14952,0,439,18783,0,348,47358,0,559,31335,0,372,52610,0,413,47106,0,274,53117,0,530,65282,0,731,124382,0,790,116604,0,562,152356,0,1030,96582,0,1752,134330,0,1211,101794,0,660,196727,0,1263,201713,0
-1.05176e+08,1,8.88811e-15,10,1023,0,1.05176e+08,0.528882,1.08665,0.389689,0.145397,0.379329,3.24381,0.161596,0.446195,1.77396,0.159177,1.15e+07,4.49998e+06,6.79999e+06,1.15e+07,4.49997e+06,6.79999e+06,1.15e+07,4.49996e+06,6.79999e+06,1.15e+07,4.49995e+06,6.79999e+06,1.14999e+07,4.49993e+06,6.79999e+06,1.14999e+07,4.49991e+06,6.79999e+06,1.14999e+07,4.49989e+06,6.79999e+06,1.14999e+07,4.49986e+06,6.79999e+06,1.14999e+07,4.49982e+06,6.79999e+06,1.14999e+07,4.49977e+06,6.79999e+06,1.14999e+07,4.49971e+06,6.79999e+06,1.14999e+07,4.49963e+06,6.79999e+06,1.14998e+07,4.49953e+06,6.79999e+06,1.14998e+07,4.49941e+06,6.79999e+06,1.14998e+07,4.49926e+06,6.79999e+06,1.14998e+07,4.49906e+06,6.79999e+06,1.14997e+07,4.49882e+06,6.79999e+06,1.14997e+07,4.49851e+06,6.79999e+06,1.14997e+07,4.49812e+06,6.79999e+06,1.14996e+07,4.49764e+06,6.79999e+06,1.14996e+07,4.49702e+06,6.79999e+06,1.14995e+07,4.49625e+06,6.79999e+06,1.14995e+07,4.49528e+06,6.79999e+06,1.14994e+07,4.49406e+06,6.79999e+06,1.14993e+07,4.49253e+06,6.79999e+06,1.14992e+07,4.49059e+06,6.79999e+06,1.14991e+07,4.48817e+06,6.79999e+06,1.1499e+07,4.48511e+06,6.79999e+06,1.14988e+07,4.48128e+06,6.79999e+06,1.14987e+07,4.47646e+06,6.79999e+06,1.14985e+07,4.47041e+06,6.79999e+06,1.14983e+07,4.46281e+06,6.79999e+06,1.14981e+07,4.4533e+06,6.79999e+06,1.14979e+07,4.44138e+06,6.79999e+06,1.14976e+07,4.42649e+06,6.79999e+06,1.14972e+07,4.40789e+06,6.79999e+06,1.14969e+07,4.38471e+06,6.79999e+06,1.14965e+07,4.35592e+06,6.79999e+06,1.1496e+07,4.32027e+06,6.79999e+06,1.14955e+07,4.27629e+06,6.79999e+06,1.14949e+07,4.22231e+06,6.79999e+06,1.14942e+07,4.15647e+06,6.79999e+06,1.14934e+07,4.07676e+06,6.79999e+06,1.14926e+07,3.98112e+06,6.79999e+06,1.14916e+07,3.86765e+06,6.79999e+06,1.14905e+07,3.73474e+06,6.79999e+06,1.14892e+07,3.58148e+06,6.79999e+06,1.14878e+07,3.40785e+06,6.79999e+06,1.14862e+07,3.21513e+06,6.79999e+06,1.14844e+07,3.00605e+06,6.79999e+06,1.14823e+07,2.7848e+06,6.79999e+06,1.148e+07,2.5568e+06,6.79999e+06,1.14773e+07,2.32825e+06,6.79999e+06,13.5742,8.52444,0.508366,16.8306,13.2585,0.162638,20.0035,17.569,0.0507846,23.2616,22.4214,0.0158319,26.7328,28.3297,0.00493498,30.5212,35.6974,0.00153831,34.7178,44.9473,0.000479527,39.4086,56.5822,0.000149456,44.6796,71.2245,4.66214e-05,50.6209,89.6543,1.45419e-05,57.3297,112.852,4.54748e-06,64.9129,142.051,1.43857e-06,73.4897,178.803,4.36618e-07,83.1934,225.062,1.40153e-07,94.1745,283.286,4.96378e-08,106.602,356.568,1.05434e-07,120.669,448.799,-6.49244e-08,136.59,564.873,1.70148e-07,154.611,710.948,-5.34594e-08,175.008,894.767,1.63407e-07,198.097,1126.06,8.04804e-08,224.231,1417.07,1.14667e-07,253.813,1783.15,-1.71227e-07,287.297,2243.62,-2.88466e-07,325.198,2822.67,-4.33651e-07,368.098,3550.67,7.9318e-08,416.657,4465.65,3.13319e-07,471.621,5615.16,3.4613e-07,533.835,7058.61,-1.19199e-07,604.255,8870.02,-2.79964e-07,683.962,11141.4,-2.30521e-07,774.182,13986.7,-2.55099e-07,876.299,17546.4,1.23585e-07,991.883,21993.1,1.41192e-07,1122.71,27536.7,-9.71886e-08,1270.78,34430.7,-3.68368e-07,1438.38,42977.7,-3.45379e-07,1628.07,53532.7,-3.25328e-09,1842.77,66504.6,2.6362e-07,2085.77,82350.2,2.53445e-07,2360.79,101560,-2.47407e-08,2672.05,124632,-3.80602e-07,3024.31,152018,-4.79005e-07,3422.98,184060,-1.14379e-07,3874.15,220884,2.64297e-07,4384.72,262283,3.44131e-07,4962.49,307576,7.5349e-08,5616.29,355497,-3.63097e-07,6356.1,404126,-6.05442e-07,7193.18,450932,-2.72333e-07,8140.28,492963,2.29675e-07,9211.79,527178,4.3387e-07,10424,550893,-1.0711e-07,10.102,8.06553,2.81012,10.6436,8.57909,0.869423,11.5336,10.2515,0.270869,12.7211,12.7138,0.0844293,14.1823,15.9373,0.0263173,15.9122,20.0383,0.0082035,17.9198,25.2154,0.00255722,20.2244,31.7373,0.000797017,22.8539,39.9486,0.000248622,25.8438,50.2851,7.75492e-05,29.237,63.2963,2.42508e-05,33.0837,79.6738,7.67162e-06,37.4415,100.288,2.32837e-06,42.3767,126.236,7.33e-07,47.9646,158.896,2.79256e-07,54.2906,200.003,9.87351e-09,61.452,251.741,1.61085e-07,69.5585,316.859,-2.47141e-07,78.7347,398.812,8.93552e-08,89.1218,501.948,-2.53231e-07,100.879,631.736,-1.25047e-07,114.188,795.049,-1.78808e-07,129.252,1000.53,2.6733e-07,146.304,1259.03,4.50292e-07,165.605,1584.19,6.76904e-07,187.452,1993.12,-1.23808e-07,212.181,2507.27,-4.89068e-07,240.173,3153.54,-5.40284e-07,271.856,3965.56,1.86061e-07,307.719,4985.38,4.37004e-07,348.313,6265.4,3.59828e-07,394.26,7870.83,3.98192e-07,446.268,9882.51,-1.92908e-07,505.135,12400.3,-2.20392e-07,571.766,15546.9,1.51705e-07,647.184,19472.2,5.74996e-07,732.547,24357.4,5.39112e-07,829.167,30420,5.07815e-09,938.526,37916.3,-4.11492e-07,1062.3,47143.9,-3.9561e-07,1202.4,58439.2,3.86185e-08,1360.96,72169.3,5.94093e-07,1540.42,88715.8,7.47693e-07,1743.53,108445,1.78537e-07,1973.41,131665,-4.12549e-07,2233.57,158557,-5.37164e-07,2528,189103,-1.17615e-07,2861.2,222986,5.66769e-07,3238.27,259510,9.45053e-07,3664.97,297540,4.25093e-07,4147.81,335497,-3.58506e-07,4694.17,371444,-6.7724e-07,5312.37,403256,1.67192e-07,1.61744,3.89446,9.84394,3.28846,7.5504,12.774,5.07607,11.7187,13.6844,7.03202,16.8147,13.9681,9.20215,23.1769,14.0566,11.6301,31.1672,14.0841,14.3598,41.2186,14.0927,17.4376,53.8688,14.0954,20.9137,69.7915,14.0962,24.8432,89.8341,14.0965,29.2879,115.063,14.0966,34.3168,146.819,14.0966,40.0078,186.792,14.0966,46.4487,237.107,14.0966,53.7388,300.44,14.0966,61.9903,380.158,14.0966,71.3301,480.499,14.0966,81.902,606.796,14.0966,93.8685,765.761,14.0966,107.414,965.837,14.0966,122.746,1217.65,14.0966,140.101,1534.57,14.0966,159.745,1933.41,14.0966,181.981,2435.3,14.0966,207.15,3066.85,14.0966,235.64,3861.46,14.0966,267.889,4861.11,14.0966,304.391,6118.54,14.0966,345.709,7699.91,14.0966,392.478,9688.22,14.0966,445.417,12187.5,14.0966,505.339,15327.7,14.0966,573.165,19271.6,14.0966,649.938,24222,14.0966,736.839,30430.9,14.0966,835.202,38211.5,14.0966,946.539,47950.3,14.0966,1072.56,60122.8,14.0966,1215.21,75309.9,14.0966,1376.66,94216.2,14.0966,1559.41,117688,14.0966,1766.26,146729,14.0966,2000.39,182510,14.0966,2265.39,226372,14.0966,2565.33,279806,14.0966,2904.81,344416,14.0966,3289.05,421845,14.0966,3723.93,513667,14.0966,4216.13,621231,14.0966,4773.18,745478,14.0966,5403.64,886744,14.0966,6117.15,1.04457e+06,14.0966,6924.63,1.2176e+06,14.0966,11.7194,11.96,12.6541,13.9321,16.1295,13.6434,16.6097,21.9702,13.9553,19.7532,29.5285,14.0526,23.3844,39.1143,14.0829,27.5423,51.2054,14.0923,32.2796,66.434,14.0953,37.662,85.6061,14.0962,43.7675,109.74,14.0965,50.687,140.119,14.0966,58.5249,178.359,14.0966,67.4005,226.493,14.0966,77.4493,287.08,14.0966,88.8254,363.343,14.0966,101.703,459.336,14.0966,116.281,580.161,14.0966,132.782,732.241,14.0966,151.46,923.655,14.0966,172.603,1164.57,14.0966,196.535,1467.79,14.0966,223.625,1849.39,14.0966,254.288,2329.62,14.0966,288.997,2933.93,14.0966,328.285,3694.33,14.0966,372.755,4651.04,14.0966,423.092,5854.57,14.0966,480.07,7368.38,14.0966,544.564,9272.08,14.0966,617.566,11665.5,14.0966,700.197,14673.6,14.0966,793.729,18452.9,14.0966,899.599,23198.6,14.0966,1019.43,29154.1,14.0966,1155.07,36622.3,14.0966,1308.6,45977.9,14.0966,1482.39,57683.7,14.0966,1679.09,72307.8,14.0966,1901.73,90542.8,14.0966,2153.73,113226,14.0966,2438.97,141360,14.0966,2761.81,176127,14.0966,3127.22,218898,14.0966,3540.81,271226,14.0966,4008.92,334817,14.0966,4538.74,411470,14.0966,5138.38,502973,14.0966,5817.04,610948,14.0966,6585.12,736653,14.0966,7454.39,880741,14.0966,8438.15,1.04302e+06,14.0966,9551.45,1.22224e+06,14.0966,10811.3,1.41602e+06,14.0966,12237,1.62086e+06,14.0966,11.7194,11.96,12.6541,2.21263,4.16949,0.989383,2.67766,5.84076,0.311842,3.14343,7.55825,0.0972771,3.63127,9.58578,0.0303237,4.15787,12.0912,0.00945211,4.73731,15.2286,0.00294633,5.38238,19.1721,0.000918508,6.10553,24.134,0.000286163,6.91951,30.3791,8.92692e-05,7.83792,38.2397,2.78121e-05,8.87555,48.1338,8.65134e-06,10.0489,60.5876,2.7882e-06,11.3761,76.2629,8.29036e-07,12.8779,95.9927,2.4373e-07,14.5775,120.825,4.33068e-09,16.5012,152.08,1.75749e-07,18.6784,191.415,-1.86328e-07,21.1428,240.917,1.91829e-07,23.9322,303.213,-1.81475e-07,27.0895,381.602,7.0186e-08,30.6634,480.231,-2.86769e-08,34.7087,604.316,2.40784e-07,39.2876,760.401,9.87368e-08,44.4705,956.705,1.22263e-07,50.3371,1203.54,-4.31966e-07,56.9776,1513.81,-1.9705e-07,64.494,1903.69,-2.763e-08,73.0018,2393.4,3.9185e-07,82.6317,3008.13,1.35379e-07,93.5318,3779.25,-4.16351e-08,105.869,4745.7,2.06965e-08,119.834,5955.6,-3.18887e-07,135.641,7468.12,-1.48271e-08,153.531,9355.62,2.00739e-07,173.781,11705.8,2.28358e-07,196.701,14624.1,-1.93587e-08,222.642,18235,-2.88101e-07,252.003,22683.4,-2.24732e-07,285.234,28134,8.56806e-09,322.845,34767,2.34258e-07,365.413,42770.9,2.99668e-07,413.588,52327.9,8.28644e-08,468.111,63591.2,-3.07049e-07,529.814,76653.2,-3.1888e-07,599.642,91502.5,-6.72276e-08,678.662,107975,2.26339e-07,768.083,125705,3.69212e-07,869.267,144088,2.04077e-07,983.76,162277,-2.80509e-07,1113.3,179223,-4.22737e-07,1259.87,193777,-1.71951e-07,1425.68,204839,4.55555e-07,11.7194,11.96,12.6541,2.21263,4.16949,0.989383,2.67766,5.84076,0.311842,3.14343,7.55825,0.0972771,3.63127,9.58578,0.0303237,4.15787,12.0912,0.00945211,4.73731,15.2286,0.00294633,5.38238,19.1721,0.000918508,6.10553,24.134,0.000286163,6.91951,30.3791,8.92692e-05,7.83792,38.2397,2.78121e-05,8.87555,48.1338,8.65134e-06,10.0489,60.5876,2.7882e-06,11.3761,76.2629,8.29036e-07,12.8779,95.9927,2.4373e-07,14.5775,120.825,1e-08,16.5012,152.08,1.75749e-07,18.6784,191.415,1e-08,21.1428,240.917,1.91829e-07,23.9322,303.213,1e-08,27.0895,381.602,7.0186e-08,30.6634,480.231,1e-08,34.7087,604.316,2.40784e-07,39.2876,760.401,9.87368e-08,44.4705,956.705,1.22263e-07,50.3371,1203.54,1e-08,56.9776,1513.81,1e-08,64.494,1903.69,1e-08,73.0018,2393.4,3.9185e-07,82.6317,3008.13,1.35379e-07,93.5318,3779.25,1e-08,105.869,4745.7,2.06965e-08,119.834,5955.6,1e-08,135.641,7468.12,1e-08,153.531,9355.62,2.00739e-07,173.781,11705.8,2.28358e-07,196.701,14624.1,1e-08,222.642,18235,1e-08,252.003,22683.4,1e-08,285.234,28134,1e-08,322.845,34767,2.34258e-07,365.413,42770.9,2.99668e-07,413.588,52327.9,8.28644e-08,468.111,63591.2,1e-08,529.814,76653.2,1e-08,599.642,91502.5,1e-08,678.662,107975,2.26339e-07,768.083,125705,3.69212e-07,869.267,144088,2.04077e-07,983.76,162277,1e-08,1113.3,179223,1e-08,1259.87,193777,1e-08,1425.68,204839,4.55555e-07,6.2823,3.27286,2.43537,0.219672,6.18826,2.24117,0.56371,6.87772,2.63624,0.308279,7,18,9,0,5,1,0,3,0,4,19,0,3,11,0,3,17,0,1,16,0,2,32,0,3,42,0,1,26,0,2,45,0,10,41,0,9,35,0,10,95,0,5,65,0,5,171,0,21,102,0,24,94,0,21,306,0,24,402,0,8,113,0,26,538,0,18,270,0,66,741,0,27,983,0,47,1960,0,40,1600,0,72,1564,0,116,753,0,69,2380,0,64,4259,0,76,6628,0,181,1283,0,232,7014,0,171,10755,0,251,20112,0,224,19049,0,211,27948,0,175,27379,0,211,15585,0,226,10181,0,586,33204,0,375,46657,0,434,147466,0,285,57852,0,580,80932,0,357,250309,0,1563,231811,0,1369,85007,0,554,126784,0,971,320780,0,1016,237900,0,843,297373,0
-1.05176e+08,1,8.88811e-15,10,1023,0,1.05176e+08,0.528882,1.08665,0.389689,0.145397,0.379329,3.24381,0.161596,0.446195,1.77396,0.159177,1.15e+07,4.49998e+06,6.79999e+06,1.15e+07,4.49997e+06,6.79999e+06,1.15e+07,4.49996e+06,6.79999e+06,1.15e+07,4.49995e+06,6.79999e+06,1.14999e+07,4.49993e+06,6.79999e+06,1.14999e+07,4.49991e+06,6.79999e+06,1.14999e+07,4.49989e+06,6.79999e+06,1.14999e+07,4.49986e+06,6.79999e+06,1.14999e+07,4.49982e+06,6.79999e+06,1.14999e+07,4.49977e+06,6.79999e+06,1.14999e+07,4.49971e+06,6.79999e+06,1.14999e+07,4.49963e+06,6.79999e+06,1.14998e+07,4.49953e+06,6.79999e+06,1.14998e+07,4.49941e+06,6.79999e+06,1.14998e+07,4.49926e+06,6.79999e+06,1.14998e+07,4.49906e+06,6.79999e+06,1.14997e+07,4.49882e+06,6.79999e+06,1.14997e+07,4.49851e+06,6.79999e+06,1.14997e+07,4.49812e+06,6.79999e+06,1.14996e+07,4.49764e+06,6.79999e+06,1.14996e+07,4.49702e+06,6.79999e+06,1.14995e+07,4.49625e+06,6.79999e+06,1.14995e+07,4.49528e+06,6.79999e+06,1.14994e+07,4.49406e+06,6.79999e+06,1.14993e+07,4.49253e+06,6.79999e+06,1.14992e+07,4.49059e+06,6.79999e+06,1.14991e+07,4.48817e+06,6.79999e+06,1.1499e+07,4.48511e+06,6.79999e+06,1.14988e+07,4.48128e+06,6.79999e+06,1.14987e+07,4.47646e+06,6.79999e+06,1.14985e+07,4.47041e+06,6.79999e+06,1.14983e+07,4.46281e+06,6.79999e+06,1.14981e+07,4.4533e+06,6.79999e+06,1.14979e+07,4.44138e+06,6.79999e+06,1.14976e+07,4.42649e+06,6.79999e+06,1.14972e+07,4.40789e+06,6.79999e+06,1.14969e+07,4.38471e+06,6.79999e+06,1.14965e+07,4.35592e+06,6.79999e+06,1.1496e+07,4.32027e+06,6.79999e+06,1.14955e+07,4.27629e+06,6.79999e+06,1.14949e+07,4.22231e+06,6.79999e+06,1.14942e+07,4.15647e+06,6.79999e+06,1.14934e+07,4.07676e+06,6.79999e+06,1.14926e+07,3.98112e+06,6.79999e+06,1.14916e+07,3.86765e+06,6.79999e+06,1.14905e+07,3.73474e+06,6.79999e+06,1.14892e+07,3.58148e+06,6.79999e+06,1.14878e+07,3.40785e+06,6.79999e+06,1.14862e+07,3.21513e+06,6.79999e+06,1.14844e+07,3.00605e+06,6.79999e+06,1.14823e+07,2.7848e+06,6.79999e+06,1.148e+07,2.5568e+06,6.79999e+06,1.14773e+07,2.32825e+06,6.79999e+06,13.5742,8.52444,0.508366,16.8306,13.2585,0.162638,20.0035,17.569,0.0507846,23.2616,22.4214,0.0158319,26.7328,28.3297,0.00493498,30.5212,35.6974,0.00153831,34.7178,44.9473,0.000479527,39.4086,56.5822,0.000149456,44.6796,71.2245,4.66214e-05,50.6209,89.6543,1.45419e-05,57.3297,112.852,4.54748e-06,64.9129,142.051,1.43857e-06,73.4897,178.803,4.36618e-07,83.1934,225.062,1.40153e-07,94.1745,283.286,4.96378e-08,106.602,356.568,1.05434e-07,120.669,448.799,-6.49244e-08,136.59,564.873,1.70148e-07,154.611,710.948,-5.34594e-08,175.008,894.767,1.63407e-07,198.097,1126.06,8.04804e-08,224.231,1417.07,1.14667e-07,253.813,1783.15,-1.71227e-07,287.297,2243.62,-2.88466e-07,325.198,2822.67,-4.33651e-07,368.098,3550.67,7.9318e-08,416.657,4465.65,3.13319e-07,471.621,5615.16,3.4613e-07,533.835,7058.61,-1.19199e-07,604.255,8870.02,-2.79964e-07,683.962,11141.4,-2.30521e-07,774.182,13986.7,-2.55099e-07,876.299,17546.4,1.23585e-07,991.883,21993.1,1.41192e-07,1122.71,27536.7,-9.71886e-08,1270.78,34430.7,-3.68368e-07,1438.38,42977.7,-3.45379e-07,1628.07,53532.7,-3.25328e-09,1842.77,66504.6,2.6362e-07,2085.77,82350.2,2.53445e-07,2360.79,101560,-2.47407e-08,2672.05,124632,-3.80602e-07,3024.31,152018,-4.79005e-07,3422.98,184060,-1.14379e-07,3874.15,220884,2.64297e-07,4384.72,262283,3.44131e-07,4962.49,307576,7.5349e-08,5616.29,355497,-3.63097e-07,6356.1,404126,-6.05442e-07,7193.18,450932,-2.72333e-07,8140.28,492963,2.29675e-07,9211.79,527178,4.3387e-07,10424,550893,-1.0711e-07,10.102,8.06553,2.81012,10.6436,8.57909,0.869423,11.5336,10.2515,0.270869,12.7211,12.7138,0.0844293,14.1823,15.9373,0.0263173,15.9122,20.0383,0.0082035,17.9198,25.2154,0.00255722,20.2244,31.7373,0.000797017,22.8539,39.9486,0.000248622,25.8438,50.2851,7.75492e-05,29.237,63.2963,2.42508e-05,33.0837,79.6738,7.67162e-06,37.4415,100.288,2.32837e-06,42.3767,126.236,7.33e-07,47.9646,158.896,2.79256e-07,54.2906,200.003,9.87351e-09,61.452,251.741,1.61085e-07,69.5585,316.859,-2.47141e-07,78.7347,398.812,8.93552e-08,89.1218,501.948,-2.53231e-07,100.879,631.736,-1.25047e-07,114.188,795.049,-1.78808e-07,129.252,1000.53,2.6733e-07,146.304,1259.03,4.50292e-07,165.605,1584.19,6.76904e-07,187.452,1993.12,-1.23808e-07,212.181,2507.27,-4.89068e-07,240.173,3153.54,-5.40284e-07,271.856,3965.56,1.86061e-07,307.719,4985.38,4.37004e-07,348.313,6265.4,3.59828e-07,394.26,7870.83,3.98192e-07,446.268,9882.51,-1.92908e-07,505.135,12400.3,-2.20392e-07,571.766,15546.9,1.51705e-07,647.184,19472.2,5.74996e-07,732.547,24357.4,5.39112e-07,829.167,30420,5.07815e-09,938.526,37916.3,-4.11492e-07,1062.3,47143.9,-3.9561e-07,1202.4,58439.2,3.86185e-08,1360.96,72169.3,5.94093e-07,1540.42,88715.8,7.47693e-07,1743.53,108445,1.78537e-07,1973.41,131665,-4.12549e-07,2233.57,158557,-5.37164e-07,2528,189103,-1.17615e-07,2861.2,222986,5.66769e-07,3238.27,259510,9.45053e-07,3664.97,297540,4.25093e-07,4147.81,335497,-3.58506e-07,4694.17,371444,-6.7724e-07,5312.37,403256,1.67192e-07,1.61744,3.89446,9.84394,3.28846,7.5504,12.774,5.07607,11.7187,13.6844,7.03202,16.8147,13.9681,9.20215,23.1769,14.0566,11.6301,31.1672,14.0841,14.3598,41.2186,14.0927,17.4376,53.8688,14.0954,20.9137,69.7915,14.0962,24.8432,89.8341,14.0965,29.2879,115.063,14.0966,34.3168,146.819,14.0966,40.0078,186.792,14.0966,46.4487,237.107,14.0966,53.7388,300.44,14.0966,61.9903,380.158,14.0966,71.3301,480.499,14.0966,81.902,606.796,14.0966,93.8685,765.761,14.0966,107.414,965.837,14.0966,122.746,1217.65,14.0966,140.101,1534.57,14.0966,159.745,1933.41,14.0966,181.981,2435.3,14.0966,207.15,3066.85,14.0966,235.64,3861.46,14.0966,267.889,4861.11,14.0966,304.391,6118.54,14.0966,345.709,7699.91,14.0966,392.478,9688.22,14.0966,445.417,12187.5,14.0966,505.339,15327.7,14.0966,573.165,19271.6,14.0966,649.938,24222,14.0966,736.839,30430.9,14.0966,835.202,38211.5,14.0966,946.539,47950.3,14.0966,1072.56,60122.8,14.0966,1215.21,75309.9,14.0966,1376.66,94216.2,14.0966,1559.41,117688,14.0966,1766.26,146729,14.0966,2000.39,182510,14.0966,2265.39,226372,14.0966,2565.33,279806,14.0966,2904.81,344416,14.0966,3289.05,421845,14.0966,3723.93,513667,14.0966,4216.13,621231,14.0966,4773.18,745478,14.0966,5403.64,886744,14.0966,6117.15,1.04457e+06,14.0966,6924.63,1.2176e+06,14.0966,11.7194,11.96,12.6541,13.9321,16.1295,13.6434,16.6097,21.9702,13.9553,19.7532,29.5285,14.0526,23.3844,39.1143,14.0829,27.5423,51.2054,14.0923,32.2796,66.434,14.0953,37.662,85.6061,14.0962,43.7675,109.74,14.0965,50.687,140.119,14.0966,58.5249,178.359,14.0966,67.4005,226.493,14.0966,77.4493,287.08,14.0966,88.8254,363.343,14.0966,101.703,459.336,14.0966,116.281,580.161,14.0966,132.782,732.241,14.0966,151.46,923.655,14.0966,172.603,1164.57,14.0966,196.535,1467.79,14.0966,223.625,1849.39,14.0966,254.288,2329.62,14.0966,288.997,2933.93,14.0966,328.285,3694.33,14.0966,372.755,4651.04,14.0966,423.092,5854.57,14.0966,480.07,7368.38,14.0966,544.564,9272.08,14.0966,617.566,11665.5,14.0966,700.197,14673.6,14.0966,793.729,18452.9,14.0966,899.599,23198.6,14.0966,1019.43,29154.1,14.0966,1155.07,36622.3,14.0966,1308.6,45977.9,14.0966,1482.39,57683.7,14.0966,1679.09,72307.8,14.0966,1901.73,90542.8,14.0966,2153.73,113226,14.0966,2438.97,141360,14.0966,2761.81,176127,14.0966,3127.22,218898,14.0966,3540.81,271226,14.0966,4008.92,334817,14.0966,4538.74,411470,14.0966,5138.38,502973,14.0966,5817.04,610948,14.0966,6585.12,736653,14.0966,7454.39,880741,14.0966,8438.15,1.04302e+06,14.0966,9551.45,1.22224e+06,14.0966,10811.3,1.41602e+06,14.0966,12237,1.62086e+06,14.0966,11.7194,11.96,12.6541,2.21263,4.16949,0.989383,2.67766,5.84076,0.311842,3.14343,7.55825,0.0972771,3.63127,9.58578,0.0303237,4.15787,12.0912,0.00945211,4.73731,15.2286,0.00294633,5.38238,19.1721,0.000918508,6.10553,24.134,0.000286163,6.91951,30.3791,8.92692e-05,7.83792,38.2397,2.78121e-05,8.87555,48.1338,8.65134e-06,10.0489,60.5876,2.7882e-06,11.3761,76.2629,8.29036e-07,12.8779,95.9927,2.4373e-07,14.5775,120.825,4.33068e-09,16.5012,152.08,1.75749e-07,18.6784,191.415,-1.86328e-07,21.1428,240.917,1.91829e-07,23.9322,303.213,-1.81475e-07,27.0895,381.602,7.0186e-08,30.6634,480.231,-2.86769e-08,34.7087,604.316,2.40784e-07,39.2876,760.401,9.87368e-08,44.4705,956.705,1.22263e-07,50.3371,1203.54,-4.31966e-07,56.9776,1513.81,-1.9705e-07,64.494,1903.69,-2.763e-08,73.0018,2393.4,3.9185e-07,82.6317,3008.13,1.35379e-07,93.5318,3779.25,-4.16351e-08,105.869,4745.7,2.06965e-08,119.834,5955.6,-3.18887e-07,135.641,7468.12,-1.48271e-08,153.531,9355.62,2.00739e-07,173.781,11705.8,2.28358e-07,196.701,14624.1,-1.93587e-08,222.642,18235,-2.88101e-07,252.003,22683.4,-2.24732e-07,285.234,28134,8.56806e-09,322.845,34767,2.34258e-07,365.413,42770.9,2.99668e-07,413.588,52327.9,8.28644e-08,468.111,63591.2,-3.07049e-07,529.814,76653.2,-3.1888e-07,599.642,91502.5,-6.72276e-08,678.662,107975,2.26339e-07,768.083,125705,3.69212e-07,869.267,144088,2.04077e-07,983.76,162277,-2.80509e-07,1113.3,179223,-4.22737e-07,1259.87,193777,-1.71951e-07,1425.68,204839,4.55555e-07,11.7194,11.96,12.6541,2.21263,4.16949,0.989383,2.67766,5.84076,0.311842,3.14343,7.55825,0.0972771,3.63127,9.58578,0.0303237,4.15787,12.0912,0.00945211,4.73731,15.2286,0.00294633,5.38238,19.1721,0.000918508,6.10553,24.134,0.000286163,6.91951,30.3791,8.92692e-05,7.83792,38.2397,2.78121e-05,8.87555,48.1338,8.65134e-06,10.0489,60.5876,2.7882e-06,11.3761,76.2629,8.29036e-07,12.8779,95.9927,2.4373e-07,14.5775,120.825,1e-08,16.5012,152.08,1.75749e-07,18.6784,191.415,1e-08,21.1428,240.917,1.91829e-07,23.9322,303.213,1e-08,27.0895,381.602,7.0186e-08,30.6634,480.231,1e-08,34.7087,604.316,2.40784e-07,39.2876,760.401,9.87368e-08,44.4705,956.705,1.22263e-07,50.3371,1203.54,1e-08,56.9776,1513.81,1e-08,64.494,1903.69,1e-08,73.0018,2393.4,3.9185e-07,82.6317,3008.13,1.35379e-07,93.5318,3779.25,1e-08,105.869,4745.7,2.06965e-08,119.834,5955.6,1e-08,135.641,7468.12,1e-08,153.531,9355.62,2.00739e-07,173.781,11705.8,2.28358e-07,196.701,14624.1,1e-08,222.642,18235,1e-08,252.003,22683.4,1e-08,285.234,28134,1e-08,322.845,34767,2.34258e-07,365.413,42770.9,2.99668e-07,413.588,52327.9,8.28644e-08,468.111,63591.2,1e-08,529.814,76653.2,1e-08,599.642,91502.5,1e-08,678.662,107975,2.26339e-07,768.083,125705,3.69212e-07,869.267,144088,2.04077e-07,983.76,162277,1e-08,1113.3,179223,1e-08,1259.87,193777,1e-08,1425.68,204839,4.55555e-07,6.2823,3.27286,2.43537,0.219672,6.18826,2.24117,0.56371,6.87772,2.63624,0.308279,7,18,16,3,1,1,1,15,0,4,9,0,3,7,0,1,15,0,5,12,0,6,29,0,9,20,0,7,19,0,7,22,0,9,25,0,11,86,0,7,75,0,6,46,0,23,145,0,18,143,0,18,174,0,18,186,0,12,383,0,27,442,0,37,575,0,68,537,0,41,440,0,31,1139,0,69,1544,0,79,895,0,44,2129,0,55,2850,0,116,2923,0,76,7448,0,38,1969,0,162,5470,0,128,6874,0,122,5947,0,150,12877,0,138,32846,0,325,19833,0,187,27950,0,267,46346,0,537,80642,0,280,51935,0,490,65062,0,190,63443,0,438,113410,0,257,83327,0,970,106330,0,527,68370,0,784,175552,0,743,93634,0,1595,132304,0,2409,150523,0,768,81977,0
-1.05176e+08,1,8.88811e-15,10,1023,0,1.05176e+08,0.528882,1.08665,0.389689,0.145397,0.379329,3.24381,0.161596,0.446195,1.77396,0.159177,1.15e+07,4.49998e+06,6.79999e+06,1.15e+07,4.49997e+06,6.79999e+06,1.15e+07,4.49996e+06,6.79999e+06,1.15e+07,4.49995e+06,6.79999e+06,1.14999e+07,4.49993e+06,6.79999e+06,1.14999e+07,4.49991e+06,6.79999e+06,1.14999e+07,4.49989e+06,6.79999e+06,1.14999e+07,4.49986e+06,6.79999e+06,1.14999e+07,4.49982e+06,6.79999e+06,1.14999e+07,4.49977e+06,6.79999e+06,1.14999e+07,4.49971e+06,6.79999e+06,1.14999e+07,4.49963e+06,6.79999e+06,1.14998e+07,4.49953e+06,6.79999e+06,1.14998e+07,4.49941e+06,6.79999e+06,1.14998e+07,4.49926e+06,6.79999e+06,1.14998e+07,4.49906e+06,6.79999e+06,1.14997e+07,4.49882e+06,6.79999e+06,1.14997e+07,4.49851e+06,6.79999e+06,1.14997e+07,4.49812e+06,6.79999e+06,1.14996e+07,4.49764e+06,6.79999e+06,1.14996e+07,4.49702e+06,6.79999e+06,1.14995e+07,4.49625e+06,6.79999e+06,1.14995e+07,4.49528e+06,6.79999e+06,1.14994e+07,4.49406e+06,6.79999e+06,1.14993e+07,4.49253e+06,6.79999e+06,1.14992e+07,4.49059e+06,6.79999e+06,1.14991e+07,4.48817e+06,6.79999e+06,1.1499e+07,4.48511e+06,6.79999e+06,1.14988e+07,4.48128e+06,6.79999e+06,1.14987e+07,4.47646e+06,6.79999e+06,1.14985e+07,4.47041e+06,6.79999e+06,1.14983e+07,4.46281e+06,6.79999e+06,1.14981e+07,4.4533e+06,6.79999e+06,1.14979e+07,4.44138e+06,6.79999e+06,1.14976e+07,4.42649e+06,6.79999e+06,1.14972e+07,4.40789e+06,6.79999e+06,1.14969e+07,4.38471e+06,6.79999e+06,1.14965e+07,4.35592e+06,6.79999e+06,1.1496e+07,4.32027e+06,6.79999e+06,1.14955e+07,4.27629e+06,6.79999e+06,1.14949e+07,4.22231e+06,6.79999e+06,1.14942e+07,4.15647e+06,6.79999e+06,1.14934e+07,4.07676e+06,6.79999e+06,1.14926e+07,3.98112e+06,6.79999e+06,1.14916e+07,3.86765e+06,6.79999e+06,1.14905e+07,3.73474e+06,6.79999e+06,1.14892e+07,3.58148e+06,6.79999e+06,1.14878e+07,3.40785e+06,6.79999e+06,1.14862e+07,3.21513e+06,6.79999e+06,1.14844e+07,3.00605e+06,6.79999e+06,1.14823e+07,2.7848e+06,6.79999e+06,1.148e+07,2.5568e+06,6.79999e+06,1.14773e+07,2.32825e+06,6.79999e+06,13.5742,8.52444,0.508366,16.8306,13.2585,0.162638,20.0035,17.569,0.0507846,23.2616,22.4214,0.0158319,26.7328,28.3297,0.00493498,30.5212,35.6974,0.00153831,34.7178,44.9473,0.000479527,39.4086,56.5822,0.000149456,44.6796,71.2245,4.66214e-05,50.6209,89.6543,1.45419e-05,57.3297,112.852,4.54748e-06,64.9129,142.051,1.43857e-06,73.4897,178.803,4.36618e-07,83.1934,225.062,1.40153e-07,94.1745,283.286,4.96378e-08,106.602,356.568,1.05434e-07,120.669,448.799,-6.49244e-08,136.59,564.873,1.70148e-07,154.611,710.948,-5.34594e-08,175.008,894.767,1.63407e-07,198.097,1126.06,8.04804e-08,224.231,1417.07,1.14667e-07,253.813,1783.15,-1.71227e-07,287.297,2243.62,-2.88466e-07,325.198,2822.67,-4.33651e-07,368.098,3550.67,7.9318e-08,416.657,4465.65,3.13319e-07,471.621,5615.16,3.4613e-07,533.835,7058.61,-1.19199e-07,604.255,8870.02,-2.79964e-07,683.962,11141.4,-2.30521e-07,774.182,13986.7,-2.55099e-07,876.299,17546.4,1.23585e-07,991.883,21993.1,1.41192e-07,1122.71,27536.7,-9.71886e-08,1270.78,34430.7,-3.68368e-07,1438.38,42977.7,-3.45379e-07,1628.07,53532.7,-3.25328e-09,1842.77,66504.6,2.6362e-07,2085.77,82350.2,2.53445e-07,2360.79,101560,-2.47407e-08,2672.05,124632,-3.80602e-07,3024.31,152018,-4.79005e-07,3422.98,184060,-1.14379e-07,3874.15,220884,2.64297e-07,4384.72,262283,3.44131e-07,4962.49,307576,7.5349e-08,5616.29,355497,-3.63097e-07,6356.1,404126,-6.05442e-07,7193.18,450932,-2.72333e-07,8140.28,492963,2.29675e-07,9211.79,527178,4.3387e-07,10424,550893,-1.0711e-07,10.102,8.06553,2.81012,10.6436,8.57909,0.869423,11.5336,10.2515,0.270869,12.7211,12.7138,0.0844293,14.1823,15.9373,0.0263173,15.9122,20.0383,0.0082035,17.9198,25.2154,0.00255722,20.2244,31.7373,0.000797017,22.8539,39.9486,0.000248622,25.8438,50.2851,7.75492e-05,29.237,63.2963,2.42508e-05,33.0837,79.6738,7.67162e-06,37.4415,100.288,2.32837e-06,42.3767,126.236,7.33e-07,47.9646,158.896,2.79256e-07,54.2906,200.003,9.87351e-09,61.452,251.741,1.61085e-07,69.5585,316.859,-2.47141e-07,78.7347,398.812,8.93552e-08,89.1218,501.948,-2.53231e-07,100.879,631.736,-1.25047e-07,114.188,795.049,-1.78808e-07,129.252,1000.53,2.6733e-07,146.304,1259.03,4.50292e-07,165.605,1584.19,6.76904e-07,187.452,1993.12,-1.23808e-07,212.181,2507.27,-4.89068e-07,240.173,3153.54,-5.40284e-07,271.856,3965.56,1.86061e-07,307.719,4985.38,4.37004e-07,348.313,6265.4,3.59828e-07,394.26,7870.83,3.98192e-07,446.268,9882.51,-1.92908e-07,505.135,12400.3,-2.20392e-07,571.766,15546.9,1.51705e-07,647.184,19472.2,5.74996e-07,732.547,24357.4,5.39112e-07,829.167,30420,5.07815e-09,938.526,37916.3,-4.11492e-07,1062.3,47143.9,-3.9561e-07,1202.4,58439.2,3.86185e-08,1360.96,72169.3,5.94093e-07,1540.42,88715.8,7.47693e-07,1743.53,108445,1.78537e-07,1973.41,131665,-4.12549e-07,2233.57,158557,-5.37164e-07,2528,189103,-1.17615e-07,2861.2,222986,5.66769e-07,3238.27,259510,9.45053e-07,3664.97,297540,4.25093e-07,4147.81,335497,-3.58506e-07,4694.17,371444,-6.7724e-07,5312.37,403256,1.67192e-07,1.61744,3.89446,9.84394,3.28846,7.5504,12.774,5.07607,11.7187,13.6844,7.03202,16.8147,13.9681,9.20215,23.1769,14.0566,11.6301,31.1672,14.0841,14.3598,41.2186,14.0927,17.4376,53.8688,14.0954,20.9137,69.7915,14.0962,24.8432,89.8341,14.0965,29.2879,115.063,14.0966,34.3168,146.819,14.0966,40.0078,186.792,14.0966,46.4487,237.107,14.0966,53.7388,300.44,14.0966,61.9903,380.158,14.0966,71.3301,480.499,14.0966,81.902,606.796,14.0966,93.8685,765.761,14.0966,107.414,965.837,14.0966,122.746,1217.65,14.0966,140.101,1534.57,14.0966,159.745,1933.41,14.0966,181.981,2435.3,14.0966,207.15,3066.85,14.0966,235.64,3861.46,14.0966,267.889,4861.11,14.0966,304.391,6118.54,14.0966,345.709,7699.91,14.0966,392.478,9688.22,14.0966,445.417,12187.5,14.0966,505.339,15327.7,14.0966,573.165,19271.6,14.0966,649.938,24222,14.0966,736.839,30430.9,14.0966,835.202,38211.5,14.0966,946.539,47950.3,14.0966,1072.56,60122.8,14.0966,1215.21,75309.9,14.0966,1376.66,94216.2,14.0966,1559.41,117688,14.0966,1766.26,146729,14.0966,2000.39,182510,14.0966,2265.39,226372,14.0966,2565.33,279806,14.0966,2904.81,344416,14.0966,3289.05,421845,14.0966,3723.93,513667,14.0966,4216.13,621231,14.0966,4773.18,745478,14.0966,5403.64,886744,14.0966,6117.15,1.04457e+06,14.0966,6924.63,1.2176e+06,14.0966,11.7194,11.96,12.6541,13.9321,16.1295,13.6434,16.6097,21.9702,13.9553,19.7532,29.5285,14.0526,23.3844,39.1143,14.0829,27.5423,51.2054,14.0923,32.2796,66.434,14.0953,37.662,85.6061,14.0962,43.7675,109.74,14.0965,50.687,140.119,14.0966,58.5249,178.359,14.0966,67.4005,226.493,14.0966,77.4493,287.08,14.0966,88.8254,363.343,14.0966,101.703,459.336,14.0966,116.281,580.161,14.0966,132.782,732.241,14.0966,151.46,923.655,14.0966,172.603,1164.57,14.0966,196.535,1467.79,14.0966,223.625,1849.39,14.0966,254.288,2329.62,14.0966,288.997,2933.93,14.0966,328.285,3694.33,14.0966,372.755,4651.04,14.0966,423.092,5854.57,14.0966,480.07,7368.38,14.0966,544.564,9272.08,14.0966,617.566,11665.5,14.0966,700.197,14673.6,14.0966,793.729,18452.9,14.0966,899.599,23198.6,14.0966,1019.43,29154.1,14.0966,1155.07,36622.3,14.0966,1308.6,45977.9,14.0966,1482.39,57683.7,14.0966,1679.09,72307.8,14.0966,1901.73,90542.8,14.0966,2153.73,113226,14.0966,2438.97,141360,14.0966,2761.81,176127,14.0966,3127.22,218898,14.0966,3540.81,271226,14.0966,4008.92,334817,14.0966,4538.74,411470,14.0966,5138.38,502973,14.0966,5817.04,610948,14.0966,6585.12,736653,14.0966,7454.39,880741,14.0966,8438.15,1.04302e+06,14.0966,9551.45,1.22224e+06,14.0966,10811.3,1.41602e+06,14.0966,12237,1.62086e+06,14.0966,11.7194,11.96,12.6541,2.21263,4.16949,0.989383,2.67766,5.84076,0.311842,3.14343,7.55825,0.0972771,3.63127,9.58578,0.0303237,4.15787,12.0912,0.00945211,4.73731,15.2286,0.00294633,5.38238,19.1721,0.000918508,6.10553,24.134,0.000286163,6.91951,30.3791,8.92692e-05,7.83792,38.2397,2.78121e-05,8.87555,48.1338,8.65134e-06,10.0489,60.5876,2.7882e-06,11.3761,76.2629,8.29036e-07,12.8779,95.9927,2.4373e-07,14.5775,120.825,4.33068e-09,16.5012,152.08,1.75749e-07,18.6784,191.415,-1.86328e-07,21.1428,240.917,1.91829e-07,23.9322,303.213,-1.81475e-07,27.0895,381.602,7.0186e-08,30.6634,480.231,-2.86769e-08,34.7087,604.316,2.40784e-07,39.2876,760.401,9.87368e-08,44.4705,956.705,1.22263e-07,50.3371,1203.54,-4.31966e-07,56.9776,1513.81,-1.9705e-07,64.494,1903.69,-2.763e-08,73.0018,2393.4,3.9185e-07,82.6317,3008.13,1.35379e-07,93.5318,3779.25,-4.16351e-08,105.869,4745.7,2.06965e-08,119.834,5955.6,-3.18887e-07,135.641,7468.12,-1.48271e-08,153.531,9355.62,2.00739e-07,173.781,11705.8,2.28358e-07,196.701,14624.1,-1.93587e-08,222.642,18235,-2.88101e-07,252.003,22683.4,-2.24732e-07,285.234,28134,8.56806e-09,322.845,34767,2.34258e-07,365.413,42770.9,2.99668e-07,413.588,52327.9,8.28644e-08,468.111,63591.2,-3.07049e-07,529.814,76653.2,-3.1888e-07,599.642,91502.5,-6.72276e-08,678.662,107975,2.26339e-07,768.083,125705,3.69212e-07,869.267,144088,2.04077e-07,983.76,162277,-2.80509e-07,1113.3,179223,-4.22737e-07,1259.87,193777,-1.71951e-07,1425.68,204839,4.55555e-07,11.7194,11.96,12.6541,2.21263,4.16949,0.989383,2.67766,5.84076,0.311842,3.14343,7.55825,0.0972771,3.63127,9.58578,0.0303237,4.15787,12.0912,0.00945211,4.73731,15.2286,0.00294633,5.38238,19.1721,0.000918508,6.10553,24.134,0.000286163,6.91951,30.3791,8.92692e-05,7.83792,38.2397,2.78121e-05,8.87555,48.1338,8.65134e-06,10.0489,60.5876,2.7882e-06,11.3761,76.2629,8.29036e-07,12.8779,95.9927,2.4373e-07,14.5775,120.825,1e-08,16.5012,152.08,1.75749e-07,18.6784,191.415,1e-08,21.1428,240.917,1.91829e-07,23.9322,303.213,1e-08,27.0895,381.602,7.0186e-08,30.6634,480.231,1e-08,34.7087,604.316,2.40784e-07,39.2876,760.401,9.87368e-08,44.4705,956.705,1.22263e-07,50.3371,1203.54,1e-08,56.9776,1513.81,1e-08,64.494,1903.69,1e-08,73.0018,2393.4,3.9185e-07,82.6317,3008.13,1.35379e-07,93.5318,3779.25,1e-08,105.869,4745.7,2.06965e-08,119.834,5955.6,1e-08,135.641,7468.12,1e-08,153.531,9355.62,2.00739e-07,173.781,11705.8,2.28358e-07,196.701,14624.1,1e-08,222.642,18235,1e-08,252.003,22683.4,1e-08,285.234,28134,1e-08,322.845,34767,2.34258e-07,365.413,42770.9,2.99668e-07,413.588,52327.9,8.28644e-08,468.111,63591.2,1e-08,529.814,76653.2,1e-08,599.642,91502.5,1e-08,678.662,107975,2.26339e-07,768.083,125705,3.69212e-07,869.267,144088,2.04077e-07,983.76,162277,1e-08,1113.3,179223,1e-08,1259.87,193777,1e-08,1425.68,204839,4.55555e-07,6.2823,3.27286,2.43537,0.219672,6.18826,2.24117,0.56371,6.87772,2.63624,0.308279,12,11,5,2,3,1,5,2,0,0,8,0,5,10,0,2,15,0,6,5,0,6,11,0,7,12,0,11,34,0,3,52,0,11,49,0,13,35,0,9,48,0,15,58,0,15,77,0,14,89,0,38,214,0,5,161,0,15,144,0,38,187,0,54,507,0,34,722,0,38,1054,0,55,1179,0,53,738,0,64,1848,0,76,3172,0,91,2254,0,68,2698,0,96,4817,0,80,7001,0,91,4821,0,113,3955,0,140,12301,0,208,13052,0,204,20394,0,197,35456,0,255,18379,0,320,19677,0,225,28689,0,479,72182,0,352,59599,0,463,28632,0,422,82372,0,976,83923,0,451,128248,0,312,82564,0,1553,217508,0,703,214310,0,509,87160,0,676,229121,0,2348,141685,0
-1.05176e+08,1,8.88811e-15,10,1023,0,1.05176e+08,0.528882,1.08665,0.389689,0.145397,0.379329,3.24381,0.161596,0.446195,1.77396,0.159177,1.15e+07,4.49998e+06,6.79999e+06,1.15e+07,4.49997e+06,6.79999e+06,1.15e+07,4.49996e+06,6.79999e+06,1.15e+07,4.49995e+06,6.79999e+06,1.14999e+07,4.49993e+06,6.79999e+06,1.14999e+07,4.49991e+06,6.79999e+06,1.14999e+07,4.49989e+06,6.79999e+06,1.14999e+07,4.49986e+06,6.79999e+06,1.14999e+07,4.49982e+06,6.79999e+06,1.14999e+07,4.49977e+06,6.79999e+06,1.14999e+07,4.49971e+06,6.79999e+06,1.14999e+07,4.49963e+06,6.79999e+06,1.14998e+07,4.49953e+06,6.79999e+06,1.14998e+07,4.49941e+06,6.79999e+06,1.14998e+07,4.49926e+06,6.79999e+06,1.14998e+07,4.49906e+06,6.79999e+06,1.14997e+07,4.49882e+06,6.79999e+06,1.14997e+07,4.49851e+06,6.79999e+06,1.14997e+07,4.49812e+06,6.79999e+06,1.14996e+07,4.49764e+06,6.79999e+06,1.14996e+07,4.49702e+06,6.79999e+06,1.14995e+07,4.49625e+06,6.79999e+06,1.14995e+07,4.49528e+06,6.79999e+06,1.14994e+07,4.49406e+06,6.79999e+06,1.14993e+07,4.49253e+06,6.79999e+06,1.14992e+07,4.49059e+06,6.79999e+06,1.14991e+07,4.48817e+06,6.79999e+06,1.1499e+07,4.48511e+06,6.79999e+06,1.14988e+07,4.48128e+06,6.79999e+06,1.14987e+07,4.47646e+06,6.79999e+06,1.14985e+07,4.47041e+06,6.79999e+06,1.14983e+07,4.46281e+06,6.79999e+06,1.14981e+07,4.4533e+06,6.79999e+06,1.14979e+07,4.44138e+06,6.79999e+06,1.14976e+07,4.42649e+06,6.79999e+06,1.14972e+07,4.40789e+06,6.79999e+06,1.14969e+07,4.38471e+06,6.79999e+06,1.14965e+07,4.35592e+06,6.79999e+06,1.1496e+07,4.32027e+06,6.79999e+06,1.14955e+07,4.27629e+06,6.79999e+06,1.14949e+07,4.22231e+06,6.79999e+06,1.14942e+07,4.15647e+06,6.79999e+06,1.14934e+07,4.07676e+06,6.79999e+06,1.14926e+07,3.98112e+06,6.79999e+06,1.14916e+07,3.86765e+06,6.79999e+06,1.14905e+07,3.73474e+06,6.79999e+06,1.14892e+07,3.58148e+06,6.79999e+06,1.14878e+07,3.40785e+06,6.79999e+06,1.14862e+07,3.21513e+06,6.79999e+06,1.14844e+07,3.00605e+06,6.79999e+06,1.14823e+07,2.7848e+06,6.79999e+06,1.148e+07,2.5568e+06,6.79999e+06,1.14773e+07,2.32825e+06,6.79999e+06,13.5742,8.52444,0.508366,16.8306,13.2585,0.162638,20.0035,17.569,0.0507846,23.2616,22.4214,0.0158319,26.7328,28.3297,0.00493498,30.5212,35.6974,0.00153831,34.7178,44.9473,0.000479527,39.4086,56.5822,0.000149456,44.6796,71.2245,4.66214e-05,50.6209,89.6543,1.45419e-05,57.3297,112.852,4.54748e-06,64.9129,142.051,1.43857e-06,73.4897,178.803,4.36618e-07,83.1934,225.062,1.40153e-07,94.1745,283.286,4.96378e-08,106.602,356.568,1.05434e-07,120.669,448.799,-6.49244e-08,136.59,564.873,1.70148e-07,154.611,710.948,-5.34594e-08,175.008,894.767,1.63407e-07,198.097,1126.06,8.04804e-08,224.231,1417.07,1.14667e-07,253.813,1783.15,-1.71227e-07,287.297,2243.62,-2.88466e-07,325.198,2822.67,-4.33651e-07,368.098,3550.67,7.9318e-08,416.657,4465.65,3.13319e-07,471.621,5615.16,3.4613e-07,533.835,7058.61,-1.19199e-07,604.255,8870.02,-2.79964e-07,683.962,11141.4,-2.30521e-07,774.182,13986.7,-2.55099e-07,876.299,17546.4,1.23585e-07,991.883,21993.1,1.41192e-07,1122.71,27536.7,-9.71886e-08,1270.78,34430.7,-3.68368e-07,1438.38,42977.7,-3.45379e-07,1628.07,53532.7,-3.25328e-09,1842.77,66504.6,2.6362e-07,2085.77,82350.2,2.53445e-07,2360.79,101560,-2.47407e-08,2672.05,124632,-3.80602e-07,3024.31,152018,-4.79005e-07,3422.98,184060,-1.14379e-07,3874.15,220884,2.64297e-07,4384.72,262283,3.44131e-07,4962.49,307576,7.5349e-08,5616.29,355497,-3.63097e-07,6356.1,404126,-6.05442e-07,7193.18,450932,-2.72333e-07,8140.28,492963,2.29675e-07,9211.79,527178,4.3387e-07,10424,550893,-1.0711e-07,10.102,8.06553,2.81012,10.6436,8.57909,0.869423,11.5336,10.2515,0.270869,12.7211,12.7138,0.0844293,14.1823,15.9373,0.0263173,15.9122,20.0383,0.0082035,17.9198,25.2154,0.00255722,20.2244,31.7373,0.000797017,22.8539,39.9486,0.000248622,25.8438,50.2851,7.75492e-05,29.237,63.2963,2.42508e-05,33.0837,79.6738,7.67162e-06,37.4415,100.288,2.32837e-06,42.3767,126.236,7.33e-07,47.9646,158.896,2.79256e-07,54.2906,200.003,9.87351e-09,61.452,251.741,1.61085e-07,69.5585,316.859,-2.47141e-07,78.7347,398.812,8.93552e-08,89.1218,501.948,-2.53231e-07,100.879,631.736,-1.25047e-07,114.188,795.049,-1.78808e-07,129.252,1000.53,2.6733e-07,146.304,1259.03,4.50292e-07,165.605,1584.19,6.76904e-07,187.452,1993.12,-1.23808e-07,212.181,2507.27,-4.89068e-07,240.173,3153.54,-5.40284e-07,271.856,3965.56,1.86061e-07,307.719,4985.38,4.37004e-07,348.313,6265.4,3.59828e-07,394.26,7870.83,3.98192e-07,446.268,9882.51,-1.92908e-07,505.135,12400.3,-2.20392e-07,571.766,15546.9,1.51705e-07,647.184,19472.2,5.74996e-07,732.547,24357.4,5.39112e-07,829.167,30420,5.07815e-09,938.526,37916.3,-4.11492e-07,1062.3,47143.9,-3.9561e-07,1202.4,58439.2,3.86185e-08,1360.96,72169.3,5.94093e-07,1540.42,88715.8,7.47693e-07,1743.53,108445,1.78537e-07,1973.41,131665,-4.12549e-07,2233.57,158557,-5.37164e-07,2528,189103,-1.17615e-07,2861.2,222986,5.66769e-07,3238.27,259510,9.45053e-07,3664.97,297540,4.25093e-07,4147.81,335497,-3.58506e-07,4694.17,371444,-6.7724e-07,5312.37,403256,1.67192e-07,1.61744,3.89446,9.84394,3.28846,7.5504,12.774,5.07607,11.7187,13.6844,7.03202,16.8147,13.9681,9.20215,23.1769,14.0566,11.6301,31.1672,14.0841,14.3598,41.2186,14.0927,17.4376,53.8688,14.0954,20.9137,69.7915,14.0962,24.8432,89.8341,14.0965,29.2879,115.063,14.0966,34.3168,146.819,14.0966,40.0078,186.792,14.0966,46.4487,237.107,14.0966,53.7388,300.44,14.0966,61.9903,380.158,14.0966,71.3301,480.499,14.0966,81.902,606.796,14.0966,93.8685,765.761,14.0966,107.414,965.837,14.0966,122.746,1217.65,14.0966,140.101,1534.57,14.0966,159.745,1933.41,14.0966,181.981,2435.3,14.0966,207.15,3066.85,14.0966,235.64,3861.46,14.0966,267.889,4861.11,14.0966,304.391,6118.54,14.0966,345.709,7699.91,14.0966,392.478,9688.22,14.0966,445.417,12187.5,14.0966,505.339,15327.7,14.0966,573.165,19271.6,14.0966,649.938,24222,14.0966,736.839,30430.9,14.0966,835.202,38211.5,14.0966,946.539,47950.3,14.0966,1072.56,60122.8,14.0966,1215.21,75309.9,14.0966,1376.66,94216.2,14.0966,1559.41,117688,14.0966,1766.26,146729,14.0966,2000.39,182510,14.0966,2265.39,226372,14.0966,2565.33,279806,14.0966,2904.81,344416,14.0966,3289.05,421845,14.0966,3723.93,513667,14.0966,4216.13,621231,14.0966,4773.18,745478,14.0966,5403.64,886744,14.0966,6117.15,1.04457e+06,14.0966,6924.63,1.2176e+06,14.0966,11.7194,11.96,12.6541,13.9321,16.1295,13.6434,16.6097,21.9702,13.9553,19.7532,29.5285,14.0526,23.3844,39.1143,14.0829,27.5423,51.2054,14.0923,32.2796,66.434,14.0953,37.662,85.6061,14.0962,43.7675,109.74,14.0965,50.687,140.119,14.0966,58.5249,178.359,14.0966,67.4005,226.493,14.0966,77.4493,287.08,14.0966,88.8254,363.343,14.0966,101.703,459.336,14.0966,116.281,580.161,14.0966,132.782,732.241,14.0966,151.46,923.655,14.0966,172.603,1164.57,14.0966,196.535,1467.79,14.0966,223.625,1849.39,14.0966,254.288,2329.62,14.0966,288.997,2933.93,14.0966,328.285,3694.33,14.0966,372.755,4651.04,14.0966,423.092,5854.57,14.0966,480.07,7368.38,14.0966,544.564,9272.08,14.0966,617.566,11665.5,14.0966,700.197,14673.6,14.0966,793.729,18452.9,14.0966,899.599,23198.6,14.0966,1019.43,29154.1,14.0966,1155.07,36622.3,14.0966,1308.6,45977.9,14.0966,1482.39,57683.7,14.0966,1679.09,72307.8,14.0966,1901.73,90542.8,14.0966,2153.73,113226,14.0966,2438.97,141360,14.0966,2761.81,176127,14.0966,3127.22,218898,14.0966,3540.81,271226,14.0966,4008.92,334817,14.0966,4538.74,411470,14.0966,5138.38,502973,14.0966,5817.04,610948,14.0966,6585.12,736653,14.0966,7454.39,880741,14.0966,8438.15,1.04302e+06,14.0966,9551.45,1.22224e+06,14.0966,10811.3,1.41602e+06,14.0966,12237,1.62086e+06,14.0966,11.7194,11.96,12.6541,2.21263,4.16949,0.989383,2.67766,5.84076,0.311842,3.14343,7.55825,0.0972771,3.63127,9.58578,0.0303237,4.15787,12.0912,0.00945211,4.73731,15.2286,0.00294633,5.38238,19.1721,0.000918508,6.10553,24.134,0.000286163,6.91951,30.3791,8.92692e-05,7.83792,38.2397,2.78121e-05,8.87555,48.1338,8.65134e-06,10.0489,60.5876,2.7882e-06,11.3761,76.2629,8.29036e-07,12.8779,95.9927,2.4373e-07,14.5775,120.825,4.33068e-09,16.5012,152.08,1.75749e-07,18.6784,191.415,-1.86328e-07,21.1428,240.917,1.91829e-07,23.9322,303.213,-1.81475e-07,27.0895,381.602,7.0186e-08,30.6634,480.231,-2.86769e-08,34.7087,604.316,2.40784e-07,39.2876,760.401,9.87368e-08,44.4705,956.705,1.22263e-07,50.3371,1203.54,-4.31966e-07,56.9776,1513.81,-1.9705e-07,64.494,1903.69,-2.763e-08,73.0018,2393.4,3.9185e-07,82.6317,3008.13,1.35379e-07,93.5318,3779.25,-4.16351e-08,105.869,4745.7,2.06965e-08,119.834,5955.6,-3.18887e-07,135.641,7468.12,-1.48271e-08,153.531,9355.62,2.00739e-07,173.781,11705.8,2.28358e-07,196.701,14624.1,-1.93587e-08,222.642,18235,-2.88101e-07,252.003,22683.4,-2.24732e-07,285.234,28134,8.56806e-09,322.845,34767,2.34258e-07,365.413,42770.9,2.99668e-07,413.588,52327.9,8.28644e-08,468.111,63591.2,-3.07049e-07,529.814,76653.2,-3.1888e-07,599.642,91502.5,-6.72276e-08,678.662,107975,2.26339e-07,768.083,125705,3.69212e-07,869.267,144088,2.04077e-07,983.76,162277,-2.80509e-07,1113.3,179223,-4.22737e-07,1259.87,193777,-1.71951e-07,1425.68,204839,4.55555e-07,11.7194,11.96,12.6541,2.21263,4.16949,0.989383,2.67766,5.84076,0.311842,3.14343,7.55825,0.0972771,3.63127,9.58578,0.0303237,4.15787,12.0912,0.00945211,4.73731,15.2286,0.00294633,5.38238,19.1721,0.000918508,6.10553,24.134,0.000286163,6.91951,30.3791,8.92692e-05,7.83792,38.2397,2.78121e-05,8.87555,48.1338,8.65134e-06,10.0489,60.5876,2.7882e-06,11.3761,76.2629,8.29036e-07,12.8779,95.9927,2.4373e-07,14.5775,120.825,1e-08,16.5012,152.08,1.75749e-07,18.6784,191.415,1e-08,21.1428,240.917,1.91829e-07,23.9322,303.213,1e-08,27.0895,381.602,7.0186e-08,30.6634,480.231,1e-08,34.7087,604.316,2.40784e-07,39.2876,760.401,9.87368e-08,44.4705,956.705,1.22263e-07,50.3371,1203.54,1e-08,56.9776,1513.81,1e-08,64.494,1903.69,1e-08,73.0018,2393.4,3.9185e-07,82.6317,3008.13,1.35379e-07,93.5318,3779.25,1e-08,105.869,4745.7,2.06965e-08,119.834,5955.6,1e-08,135.641,7468.12,1e-08,153.531,9355.62,2.00739e-07,173.781,11705.8,2.28358e-07,196.701,14624.1,1e-08,222.642,18235,1e-08,252.003,22683.4,1e-08,285.234,28134,1e-08,322.845,34767,2.34258e-07,365.413,42770.9,2.99668e-07,413.588,52327.9,8.28644e-08,468.111,63591.2,1e-08,529.814,76653.2,1e-08,599.642,91502.5,1e-08,678.662,107975,2.26339e-07,768.083,125705,3.69212e-07,869.267,144088,2.04077e-07,983.76,162277,1e-08,1113.3,179223,1e-08,1259.87,193777,1e-08,1425.68,204839,4.55555e-07,6.2823,3.27286,2.43537,0.219672,6.18826,2.24117,0.56371,6.87772,2.63624,0.308279,19,11,7,0,12,1,2,8,0,0,13,0,1,10,0,1,11,0,1,22,0,5,25,0,5,18,0,4,33,0,9,24,0,3,44,0,9,62,0,14,116,0,5,91,0,20,94,0,9,133,0,19,133,0,20,243,0,29,303,0,22,530,0,21,345,0,35,1021,0,10,837,0,34,379,0,65,723,0,37,1667,0,75,1827,0,101,2757,0,54,1617,0,101,4474,0,89,4829,0,137,5339,0,93,8327,0,248,15000,0,309,6036,0,209,9920,0,277,22068,0,384,11255,0,160,19101,0,315,38909,0,387,30342,0,395,31231,0,509,44520,0,866,167231,0,492,60287,0,433,105403,0,589,189940,0,1215,96921,0,1359,227210,0,1405,78704,0,578,131755,0,2103,122490,0
-1.05176e+08,1,8.88811e-15,10,1023,0,1.05176e+08,0.528882,1.08665,0.389689,0.145397,0.379329,3.24381,0.161596,0.446195,1.77396,0.159177,1.15e+07,4.49998e+06,6.79999e+06,1.15e+07,4.49997e+06,6.79999e+06,1.15e+07,4.49996e+06,6.79999e+06,1.15e+07,4.49995e+06,6.79999e+06,1.14999e+07,4.49993e+06,6.79999e+06,1.14999e+07,4.49991e+06,6.79999e+06,1.14999e+07,4.49989e+06,6.79999e+06,1.14999e+07,4.49986e+06,6.79999e+06,1.14999e+07,4.49982e+06,6.79999e+06,1.14999e+07,4.49977e+06,6.79999e+06,1.14999e+07,4.49971e+06,6.79999e+06,1.14999e+07,4.49963e+06,6.79999e+06,1.14998e+07,4.49953e+06,6.79999e+06,1.14998e+07,4.49941e+06,6.79999e+06,1.14998e+07,4.49926e+06,6.79999e+06,1.14998e+07,4.49906e+06,6.79999e+06,1.14997e+07,4.49882e+06,6.79999e+06,1.14997e+07,4.49851e+06,6.79999e+06,1.14997e+07,4.49812e+06,6.79999e+06,1.14996e+07,4.49764e+06,6.79999e+06,1.14996e+07,4.49702e+06,6.79999e+06,1.14995e+07,4.49625e+06,6.79999e+06,1.14995e+07,4.49528e+06,6.79999e+06,1.14994e+07,4.49406e+06,6.79999e+06,1.14993e+07,4.49253e+06,6.79999e+06,1.14992e+07,4.49059e+06,6.79999e+06,1.14991e+07,4.48817e+06,6.79999e+06,1.1499e+07,4.48511e+06,6.79999e+06,1.14988e+07,4.48128e+06,6.79999e+06,1.14987e+07,4.47646e+06,6.79999e+06,1.14985e+07,4.47041e+06,6.79999e+06,1.14983e+07,4.46281e+06,6.79999e+06,1.14981e+07,4.4533e+06,6.79999e+06,1.14979e+07,4.44138e+06,6.79999e+06,1.14976e+07,4.42649e+06,6.79999e+06,1.14972e+07,4.40789e+06,6.79999e+06,1.14969e+07,4.38471e+06,6.79999e+06,1.14965e+07,4.35592e+06,6.79999e+06,1.1496e+07,4.32027e+06,6.79999e+06,1.14955e+07,4.27629e+06,6.79999e+06,1.14949e+07,4.22231e+06,6.79999e+06,1.14942e+07,4.15647e+06,6.79999e+06,1.14934e+07,4.07676e+06,6.79999e+06,1.14926e+07,3.98112e+06,6.79999e+06,1.14916e+07,3.86765e+06,6.79999e+06,1.14905e+07,3.73474e+06,6.79999e+06,1.14892e+07,3.58148e+06,6.79999e+06,1.14878e+07,3.40785e+06,6.79999e+06,1.14862e+07,3.21513e+06,6.79999e+06,1.14844e+07,3.00605e+06,6.79999e+06,1.14823e+07,2.7848e+06,6.79999e+06,1.148e+07,2.5568e+06,6.79999e+06,1.14773e+07,2.32825e+06,6.79999e+06,13.5742,8.52444,0.508366,16.8306,13.2585,0.162638,20.0035,17.569,0.0507846,23.2616,22.4214,0.0158319,26.7328,28.3297,0.00493498,30.5212,35.6974,0.00153831,34.7178,44.9473,0.000479527,39.4086,56.5822,0.000149456,44.6796,71.2245,4.66214e-05,50.6209,89.6543,1.45419e-05,57.3297,112.852,4.54748e-06,64.9129,142.051,1.43857e-06,73.4897,178.803,4.36618e-07,83.1934,225.062,1.40153e-07,94.1745,283.286,4.96378e-08,106.602,356.568,1.05434e-07,120.669,448.799,-6.49244e-08,136.59,564.873,1.70148e-07,154.611,710.948,-5.34594e-08,175.008,894.767,1.63407e-07,198.097,1126.06,8.04804e-08,224.231,1417.07,1.14667e-07,253.813,1783.15,-1.71227e-07,287.297,2243.62,-2.88466e-07,325.198,2822.67,-4.33651e-07,368.098,3550.67,7.9318e-08,416.657,4465.65,3.13319e-07,471.621,5615.16,3.4613e-07,533.835,7058.61,-1.19199e-07,604.255,8870.02,-2.79964e-07,683.962,11141.4,-2.30521e-07,774.182,13986.7,-2.55099e-07,876.299,17546.4,1.23585e-07,991.883,21993.1,1.41192e-07,1122.71,27536.7,-9.71886e-08,1270.78,34430.7,-3.68368e-07,1438.38,42977.7,-3.45379e-07,1628.07,53532.7,-3.25328e-09,1842.77,66504.6,2.6362e-07,2085.77,82350.2,2.53445e-07,2360.79,101560,-2.47407e-08,2672.05,124632,-3.80602e-07,3024.31,152018,-4.79005e-07,3422.98,184060,-1.14379e-07,3874.15,220884,2.64297e-07,4384.72,262283,3.44131e-07,4962.49,307576,7.5349e-08,5616.29,355497,-3.63097e-07,6356.1,404126,-6.05442e-07,7193.18,450932,-2.72333e-07,8140.28,492963,2.29675e-07,9211.79,527178,4.3387e-07,10424,550893,-1.0711e-07,10.102,8.06553,2.81012,10.6436,8.57909,0.869423,11.5336,10.2515,0.270869,12.7211,12.7138,0.0844293,14.1823,15.9373,0.0263173,15.9122,20.0383,0.0082035,17.9198,25.2154,0.00255722,20.2244,31.7373,0.000797017,22.8539,39.9486,0.000248622,25.8438,50.2851,7.75492e-05,29.237,63.2963,2.42508e-05,33.0837,79.6738,7.67162e-06,37.4415,100.288,2.32837e-06,42.3767,126.236,7.33e-07,47.9646,158.896,2.79256e-07,54.2906,200.003,9.87351e-09,61.452,251.741,1.61085e-07,69.5585,316.859,-2.47141e-07,78.7347,398.812,8.93552e-08,89.1218,501.948,-2.53231e-07,100.879,631.736,-1.25047e-07,114.188,795.049,-1.78808e-07,129.252,1000.53,2.6733e-07,146.304,1259.03,4.50292e-07,165.605,1584.19,6.76904e-07,187.452,1993.12,-1.23808e-07,212.181,2507.27,-4.89068e-07,240.173,3153.54,-5.40284e-07,271.856,3965.56,1.86061e-07,307.719,4985.38,4.37004e-07,348.313,6265.4,3.59828e-07,394.26,7870.83,3.98192e-07,446.268,9882.51,-1.92908e-07,505.135,12400.3,-2.20392e-07,571.766,15546.9,1.51705e-07,647.184,19472.2,5.74996e-07,732.547,24357.4,5.39112e-07,829.167,30420,5.07815e-09,938.526,37916.3,-4.11492e-07,1062.3,47143.9,-3.9561e-07,1202.4,58439.2,3.86185e-08,1360.96,72169.3,5.94093e-07,1540.42,88715.8,7.47693e-07,1743.53,108445,1.78537e-07,1973.41,131665,-4.12549e-07,2233.57,158557,-5.37164e-07,2528,189103,-1.17615e-07,2861.2,222986,5.66769e-07,3238.27,259510,9.45053e-07,3664.97,297540,4.25093e-07,4147.81,335497,-3.58506e-07,4694.17,371444,-6.7724e-07,5312.37,403256,1.67192e-07,1.61744,3.89446,9.84394,3.28846,7.5504,12.774,5.07607,11.7187,13.6844,7.03202,16.8147,13.9681,9.20215,23.1769,14.0566,11.6301,31.1672,14.0841,14.3598,41.2186,14.0927,17.4376,53.8688,14.0954,20.9137,69.7915,14.0962,24.8432,89.8341,14.0965,29.2879,115.063,14.0966,34.3168,146.819,14.0966,40.0078,186.792,14.0966,46.4487,237.107,14.0966,53.7388,300.44,14.0966,61.9903,380.158,14.0966,71.3301,480.499,14.0966,81.902,606.796,14.0966,93.8685,765.761,14.0966,107.414,965.837,14.0966,122.746,1217.65,14.0966,140.101,1534.57,14.0966,159.745,1933.41,14.0966,181.981,2435.3,14.0966,207.15,3066.85,14.0966,235.64,3861.46,14.0966,267.889,4861.11,14.0966,304.391,6118.54,14.0966,345.709,7699.91,14.0966,392.478,9688.22,14.0966,445.417,12187.5,14.0966,505.339,15327.7,14.0966,573.165,19271.6,14.0966,649.938,24222,14.0966,736.839,30430.9,14.0966,835.202,38211.5,14.0966,946.539,47950.3,14.0966,1072.56,60122.8,14.0966,1215.21,75309.9,14.0966,1376.66,94216.2,14.0966,1559.41,117688,14.0966,1766.26,146729,14.0966,2000.39,182510,14.0966,2265.39,226372,14.0966,2565.33,279806,14.0966,2904.81,344416,14.0966,3289.05,421845,14.0966,3723.93,513667,14.0966,4216.13,621231,14.0966,4773.18,745478,14.0966,5403.64,886744,14.0966,6117.15,1.04457e+06,14.0966,6924.63,1.2176e+06,14.0966,11.7194,11.96,12.6541,13.9321,16.1295,13.6434,16.6097,21.9702,13.9553,19.7532,29.5285,14.0526,23.3844,39.1143,14.0829,27.5423,51.2054,14.0923,32.2796,66.434,14.0953,37.662,85.6061,14.0962,43.7675,109.74,14.0965,50.687,140.119,14.0966,58.5249,178.359,14.0966,67.4005,226.493,14.0966,77.4493,287.08,14.0966,88.8254,363.343,14.0966,101.703,459.336,14.0966,116.281,580.161,14.0966,132.782,732.241,14.0966,151.46,923.655,14.0966,172.603,1164.57,14.0966,196.535,1467.79,14.0966,223.625,1849.39,14.0966,254.288,2329.62,14.0966,288.997,2933.93,14.0966,328.285,3694.33,14.0966,372.755,4651.04,14.0966,423.092,5854.57,14.0966,480.07,7368.38,14.0966,544.564,9272.08,14.0966,617.566,11665.5,14.0966,700.197,14673.6,14.0966,793.729,18452.9,14.0966,899.599,23198.6,14.0966,1019.43,29154.1,14.0966,1155.07,36622.3,14.0966,1308.6,45977.9,14.0966,1482.39,57683.7,14.0966,1679.09,72307.8,14.0966,1901.73,90542.8,14.0966,2153.73,113226,14.0966,2438.97,141360,14.0966,2761.81,176127,14.0966,3127.22,218898,14.0966,3540.81,271226,14.0966,4008.92,334817,14.0966,4538.74,411470,14.0966,5138.38,502973,14.0966,5817.04,610948,14.0966,6585.12,736653,14.0966,7454.39,880741,14.0966,8438.15,1.04302e+06,14.0966,9551.45,1.22224e+06,14.0966,10811.3,1.41602e+06,14.0966,12237,1.62086e+06,14.0966,11.7194,11.96,12.6541,2.21263,4.16949,0.989383,2.67766,5.84076,0.311842,3.14343,7.55825,0.0972771,3.63127,9.58578,0.0303237,4.15787,12.0912,0.00945211,4.73731,15.2286,0.00294633,5.38238,19.1721,0.000918508,6.10553,24.134,0.000286163,6.91951,30.3791,8.92692e-05,7.83792,38.2397,2.78121e-05,8.87555,48.1338,8.65134e-06,10.0489,60.5876,2.7882e-06,11.3761,76.2629,8.29036e-07,12.8779,95.9927,2.4373e-07,14.5775,120.825,4.33068e-09,16.5012,152.08,1.75749e-07,18.6784,191.415,-1.86328e-07,21.1428,240.917,1.91829e-07,23.9322,303.213,-1.81475e-07,27.0895,381.602,7.0186e-08,30.6634,480.231,-2.86769e-08,34.7087,604.316,2.40784e-07,39.2876,760.401,9.87368e-08,44.4705,956.705,1.22263e-07,50.3371,1203.54,-4.31966e-07,56.9776,1513.81,-1.9705e-07,64.494,1903.69,-2.763e-08,73.0018,2393.4,3.9185e-07,82.6317,3008.13,1.35379e-07,93.5318,3779.25,-4.16351e-08,105.869,4745.7,2.06965e-08,119.834,5955.6,-3.18887e-07,135.641,7468.12,-1.48271e-08,153.531,9355.62,2.00739e-07,173.781,11705.8,2.28358e-07,196.701,14624.1,-1.93587e-08,222.642,18235,-2.88101e-07,252.003,22683.4,-2.24732e-07,285.234,28134,8.56806e-09,322.845,34767,2.34258e-07,365.413,42770.9,2.99668e-07,413.588,52327.9,8.28644e-08,468.111,63591.2,-3.07049e-07,529.814,76653.2,-3.1888e-07,599.642,91502.5,-6.72276e-08,678.662,107975,2.26339e-07,768.083,125705,3.69212e-07,869.267,144088,2.04077e-07,983.76,162277,-2.80509e-07,1113.3,179223,-4.22737e-07,1259.87,193777,-1.71951e-07,1425.68,204839,4.55555e-07,11.7194,11.96,12.6541,2.21263,4.16949,0.989383,2.67766,5.84076,0.311842,3.14343,7.55825,0.0972771,3.63127,9.58578,0.0303237,4.15787,12.0912,0.00945211,4.73731,15.2286,0.00294633,5.38238,19.1721,0.000918508,6.10553,24.134,0.000286163,6.91951,30.3791,8.92692e-05,7.83792,38.2397,2.78121e-05,8.87555,48.1338,8.65134e-06,10.0489,60.5876,2.7882e-06,11.3761,76.2629,8.29036e-07,12.8779,95.9927,2.4373e-07,14.5775,120.825,1e-08,16.5012,152.08,1.75749e-07,18.6784,191.415,1e-08,21.1428,240.917,1.91829e-07,23.9322,303.213,1e-08,27.0895,381.602,7.0186e-08,30.6634,480.231,1e-08,34.7087,604.316,2.40784e-07,39.2876,760.401,9.87368e-08,44.4705,956.705,1.22263e-07,50.3371,1203.54,1e-08,56.9776,1513.81,1e-08,64.494,1903.69,1e-08,73.0018,2393.4,3.9185e-07,82.6317,3008.13,1.35379e-07,93.5318,3779.25,1e-08,105.869,4745.7,2.06965e-08,119.834,5955.6,1e-08,135.641,7468.12,1e-08,153.531,9355.62,2.00739e-07,173.781,11705.8,2.28358e-07,196.701,14624.1,1e-08,222.642,18235,1e-08,252.003,22683.4,1e-08,285.234,28134,1e-08,322.845,34767,2.34258e-07,365.413,42770.9,2.99668e-07,413.588,52327.9,8.28644e-08,468.111,63591.2,1e-08,529.814,76653.2,1e-08,599.642,91502.5,1e-08,678.662,107975,2.26339e-07,768.083,125705,3.69212e-07,869.267,144088,2.04077e-07,983.76,162277,1e-08,1113.3,179223,1e-08,1259.87,193777,1e-08,1425.68,204839,4.55555e-07,6.2823,3.27286,2.43537,0.219672,6.18826,2.24117,0.56371,6.87772,2.63624,0.308279,7,18,18,2,10,2,1,13,0,2,6,0,3,3,0,3,11,0,6,16,0,4,19,0,4,18,0,6,30,0,9,27,0,1,32,0,6,93,0,8,46,0,28,128,0,21,111,0,9,88,0,17,242,0,22,189,0,31,306,0,28,150,0,56,876,0,23,843,0,20,1581,0,49,2144,0,61,1347,0,29,1002,0,119,1913,0,64,4546,0,71,3307,0,123,2981,0,65,5083,0,100,8450,0,194,7231,0,172,10365,0,180,12597,0,146,17004,0,204,19921,0,196,11052,0,160,27400,0,373,25542,0,315,32570,0,313,45777,0,371,131543,0,462,92976,0,623,100626,0,931,64343,0,501,157925,0,1018,183369,0,628,184503,0,1013,201192,0,1499,153975,0,1524,253467,0
-1.05176e+08,1,8.88811e-15,10,1023,0,1.05176e+08,0.528882,1.08665,0.389689,0.145397,0.379329,3.24381,0.161596,0.446195,1.77396,0.159177,1.15e+07,4.49998e+06,6.79999e+06,1.15e+07,4.49997e+06,6.79999e+06,1.15e+07,4.49996e+06,6.79999e+06,1.15e+07,4.49995e+06,6.79999e+06,1.14999e+07,4.49993e+06,6.79999e+06,1.14999e+07,4.49991e+06,6.79999e+06,1.14999e+07,4.49989e+06,6.79999e+06,1.14999e+07,4.49986e+06,6.79999e+06,1.14999e+07,4.49982e+06,6.79999e+06,1.14999e+07,4.49977e+06,6.79999e+06,1.14999e+07,4.49971e+06,6.79999e+06,1.14999e+07,4.49963e+06,6.79999e+06,1.14998e+07,4.49953e+06,6.79999e+06,1.14998e+07,4.49941e+06,6.79999e+06,1.14998e+07,4.49926e+06,6.79999e+06,1.14998e+07,4.49906e+06,6.79999e+06,1.14997e+07,4.49882e+06,6.79999e+06,1.14997e+07,4.49851e+06,6.79999e+06,1.14997e+07,4.49812e+06,6.79999e+06,1.14996e+07,4.49764e+06,6.79999e+06,1.14996e+07,4.49702e+06,6.79999e+06,1.14995e+07,4.49625e+06,6.79999e+06,1.14995e+07,4.49528e+06,6.79999e+06,1.14994e+07,4.49406e+06,6.79999e+06,1.14993e+07,4.49253e+06,6.79999e+06,1.14992e+07,4.49059e+06,6.79999e+06,1.14991e+07,4.48817e+06,6.79999e+06,1.1499e+07,4.48511e+06,6.79999e+06,1.14988e+07,4.48128e+06,6.79999e+06,1.14987e+07,4.47646e+06,6.79999e+06,1.14985e+07,4.47041e+06,6.79999e+06,1.14983e+07,4.46281e+06,6.79999e+06,1.14981e+07,4.4533e+06,6.79999e+06,1.14979e+07,4.44138e+06,6.79999e+06,1.14976e+07,4.42649e+06,6.79999e+06,1.14972e+07,4.40789e+06,6.79999e+06,1.14969e+07,4.38471e+06,6.79999e+06,1.14965e+07,4.35592e+06,6.79999e+06,1.1496e+07,4.32027e+06,6.79999e+06,1.14955e+07,4.27629e+06,6.79999e+06,1.14949e+07,4.22231e+06,6.79999e+06,1.14942e+07,4.15647e+06,6.79999e+06,1.14934e+07,4.07676e+06,6.79999e+06,1.14926e+07,3.98112e+06,6.79999e+06,1.14916e+07,3.86765e+06,6.79999e+06,1.14905e+07,3.73474e+06,6.79999e+06,1.14892e+07,3.58148e+06,6.79999e+06,1.14878e+07,3.40785e+06,6.79999e+06,1.14862e+07,3.21513e+06,6.79999e+06,1.14844e+07,3.00605e+06,6.79999e+06,1.14823e+07,2.7848e+06,6.79999e+06,1.148e+07,2.5568e+06,6.79999e+06,1.14773e+07,2.32825e+06,6.79999e+06,13.5742,8.52444,0.508366,16.8306,13.2585,0.162638,20.0035,17.569,0.0507846,23.2616,22.4214,0.0158319,26.7328,28.3297,0.00493498,30.5212,35.6974,0.00153831,34.7178,44.9473,0.000479527,39.4086,56.5822,0.000149456,44.6796,71.2245,4.66214e-05,50.6209,89.6543,1.45419e-05,57.3297,112.852,4.54748e-06,64.9129,142.051,1.43857e-06,73.4897,178.803,4.36618e-07,83.1934,225.062,1.40153e-07,94.1745,283.286,4.96378e-08,106.602,356.568,1.05434e-07,120.669,448.799,-6.49244e-08,136.59,564.873,1.70148e-07,154.611,710.948,-5.34594e-08,175.008,894.767,1.63407e-07,198.097,1126.06,8.04804e-08,224.231,1417.07,1.14667e-07,253.813,1783.15,-1.71227e-07,287.297,2243.62,-2.88466e-07,325.198,2822.67,-4.33651e-07,368.098,3550.67,7.9318e-08,416.657,4465.65,3.13319e-07,471.621,5615.16,3.4613e-07,533.835,7058.61,-1.19199e-07,604.255,8870.02,-2.79964e-07,683.962,11141.4,-2.30521e-07,774.182,13986.7,-2.55099e-07,876.299,17546.4,1.23585e-07,991.883,21993.1,1.41192e-07,1122.71,27536.7,-9.71886e-08,1270.78,34430.7,-3.68368e-07,1438.38,42977.7,-3.45379e-07,1628.07,53532.7,-3.25328e-09,1842.77,66504.6,2.6362e-07,2085.77,82350.2,2.53445e-07,2360.79,101560,-2.47407e-08,2672.05,124632,-3.80602e-07,3024.31,152018,-4.79005e-07,3422.98,184060,-1.14379e-07,3874.15,220884,2.64297e-07,4384.72,262283,3.44131e-07,4962.49,307576,7.5349e-08,5616.29,355497,-3.63097e-07,6356.1,404126,-6.05442e-07,7193.18,450932,-2.72333e-07,8140.28,492963,2.29675e-07,9211.79,527178,4.3387e-07,10424,550893,-1.0711e-07,10.102,8.06553,2.81012,10.6436,8.57909,0.869423,11.5336,10.2515,0.270869,12.7211,12.7138,0.0844293,14.1823,15.9373,0.0263173,15.9122,20.0383,0.0082035,17.9198,25.2154,0.00255722,20.2244,31.7373,0.000797017,22.8539,39.9486,0.000248622,25.8438,50.2851,7.75492e-05,29.237,63.2963,2.42508e-05,33.0837,79.6738,7.67162e-06,37.4415,100.288,2.32837e-06,42.3767,126.236,7.33e-07,47.9646,158.896,2.79256e-07,54.2906,200.003,9.87351e-09,61.452,251.741,1.61085e-07,69.5585,316.859,-2.47141e-07,78.7347,398.812,8.93552e-08,89.1218,501.948,-2.53231e-07,100.879,631.736,-1.25047e-07,114.188,795.049,-1.78808e-07,129.252,1000.53,2.6733e-07,146.304,1259.03,4.50292e-07,165.605,1584.19,6.76904e-07,187.452,1993.12,-1.23808e-07,212.181,2507.27,-4.89068e-07,240.173,3153.54,-5.40284e-07,271.856,3965.56,1.86061e-07,307.719,4985.38,4.37004e-07,348.313,6265.4,3.59828e-07,394.26,7870.83,3.98192e-07,446.268,9882.51,-1.92908e-07,505.135,12400.3,-2.20392e-07,571.766,15546.9,1.51705e-07,647.184,19472.2,5.74996e-07,732.547,24357.4,5.39112e-07,829.167,30420,5.07815e-09,938.526,37916.3,-4.11492e-07,1062.3,47143.9,-3.9561e-07,1202.4,58439.2,3.86185e-08,1360.96,72169.3,5.94093e-07,1540.42,88715.8,7.47693e-07,1743.53,108445,1.78537e-07,1973.41,131665,-4.12549e-07,2233.57,158557,-5.37164e-07,2528,189103,-1.17615e-07,2861.2,222986,5.66769e-07,3238.27,259510,9.45053e-07,3664.97,297540,4.25093e-07,4147.81,335497,-3.58506e-07,4694.17,371444,-6.7724e-07,5312.37,403256,1.67192e-07,1.61744,3.89446,9.84394,3.28846,7.5504,12.774,5.07607,11.7187,13.6844,7.03202,16.8147,13.9681,9.20215,23.1769,14.0566,11.6301,31.1672,14.0841,14.3598,41.2186,14.0927,17.4376,53.8688,14.0954,20.9137,69.7915,14.0962,24.8432,89.8341,14.0965,29.2879,115.063,14.0966,34.3168,146.819,14.0966,40.0078,186.792,14.0966,46.4487,237.107,14.0966,53.7388,300.44,14.0966,61.9903,380.158,14.0966,71.3301,480.499,14.0966,81.902,606.796,14.0966,93.8685,765.761,14.0966,107.414,965.837,14.0966,122.746,1217.65,14.0966,140.101,1534.57,14.0966,159.745,1933.41,14.0966,181.981,2435.3,14.0966,207.15,3066.85,14.0966,235.64,3861.46,14.0966,267.889,4861.11,14.0966,304.391,6118.54,14.0966,345.709,7699.91,14.0966,392.478,9688.22,14.0966,445.417,12187.5,14.0966,505.339,15327.7,14.0966,573.165,19271.6,14.0966,649.938,24222,14.0966,736.839,30430.9,14.0966,835.202,38211.5,14.0966,946.539,47950.3,14.0966,1072.56,60122.8,14.0966,1215.21,75309.9,14.0966,1376.66,94216.2,14.0966,1559.41,117688,14.0966,1766.26,146729,14.0966,2000.39,182510,14.0966,2265.39,226372,14.0966,2565.33,279806,14.0966,2904.81,344416,14.0966,3289.05,421845,14.0966,3723.93,513667,14.0966,4216.13,621231,14.0966,4773.18,745478,14.0966,5403.64,886744,14.0966,6117.15,1.04457e+06,14.0966,6924.63,1.2176e+06,14.0966,11.7194,11.96,12.6541,13.9321,16.1295,13.6434,16.6097,21.9702,13.9553,19.7532,29.5285,14.0526,23.3844,39.1143,14.0829,27.5423,51.2054,14.0923,32.2796,66.434,14.0953,37.662,85.6061,14.0962,43.7675,109.74,14.0965,50.687,140.119,14.0966,58.5249,178.359,14.0966,67.4005,226.493,14.0966,77.4493,287.08,14.0966,88.8254,363.343,14.0966,101.703,459.336,14.0966,116.281,580.161,14.0966,132.782,732.241,14.0966,151.46,923.655,14.0966,172.603,1164.57,14.0966,196.535,1467.79,14.0966,223.625,1849.39,14.0966,254.288,2329.62,14.0966,288.997,2933.93,14.0966,328.285,3694.33,14.0966,372.755,4651.04,14.0966,423.092,5854.57,14.0966,480.07,7368.38,14.0966,544.564,9272.08,14.0966,617.566,11665.5,14.0966,700.197,14673.6,14.0966,793.729,18452.9,14.0966,899.599,23198.6,14.0966,1019.43,29154.1,14.0966,1155.07,36622.3,14.0966,1308.6,45977.9,14.0966,1482.39,57683.7,14.0966,1679.09,72307.8,14.0966,1901.73,90542.8,14.0966,2153.73,113226,14.0966,2438.97,141360,14.0966,2761.81,176127,14.0966,3127.22,218898,14.0966,3540.81,271226,14.0966,4008.92,334817,14.0966,4538.74,411470,14.0966,5138.38,502973,14.0966,5817.04,610948,14.0966,6585.12,736653,14.0966,7454.39,880741,14.0966,8438.15,1.04302e+06,14.0966,9551.45,1.22224e+06,14.0966,10811.3,1.41602e+06,14.0966,12237,1.62086e+06,14.0966,11.7194,11.96,12.6541,2.21263,4.16949,0.989383,2.67766,5.84076,0.311842,3.14343,7.55825,0.0972771,3.63127,9.58578,0.0303237,4.15787,12.0912,0.00945211,4.73731,15.2286,0.00294633,5.38238,19.1721,0.000918508,6.10553,24.134,0.000286163,6.91951,30.3791,8.92692e-05,7.83792,38.2397,2.78121e-05,8.87555,48.1338,8.65134e-06,10.0489,60.5876,2.7882e-06,11.3761,76.2629,8.29036e-07,12.8779,95.9927,2.4373e-07,14.5775,120.825,4.33068e-09,16.5012,152.08,1.75749e-07,18.6784,191.415,-1.86328e-07,21.1428,240.917,1.91829e-07,23.9322,303.213,-1.81475e-07,27.0895,381.602,7.0186e-08,30.6634,480.231,-2.86769e-08,34.7087,604.316,2.40784e-07,39.2876,760.401,9.87368e-08,44.4705,956.705,1.22263e-07,50.3371,1203.54,-4.31966e-07,56.9776,1513.81,-1.9705e-07,64.494,1903.69,-2.763e-08,73.0018,2393.4,3.9185e-07,82.6317,3008.13,1.35379e-07,93.5318,3779.25,-4.16351e-08,105.869,4745.7,2.06965e-08,119.834,5955.6,-3.18887e-07,135.641,7468.12,-1.48271e-08,153.531,9355.62,2.00739e-07,173.781,11705.8,2.28358e-07,196.701,14624.1,-1.93587e-08,222.642,18235,-2.88101e-07,252.003,22683.4,-2.24732e-07,285.234,28134,8.56806e-09,322.845,34767,2.34258e-07,365.413,42770.9,2.99668e-07,413.588,52327.9,8.28644e-08,468.111,63591.2,-3.07049e-07,529.814,76653.2,-3.1888e-07,599.642,91502.5,-6.72276e-08,678.662,107975,2.26339e-07,768.083,125705,3.69212e-07,869.267,144088,2.04077e-07,983.76,162277,-2.80509e-07,1113.3,179223,-4.22737e-07,1259.87,193777,-1.71951e-07,1425.68,204839,4.55555e-07,11.7194,11.96,12.6541,2.21263,4.16949,0.989383,2.67766,5.84076,0.311842,3.14343,7.55825,0.0972771,3.63127,9.58578,0.0303237,4.15787,12.0912,0.00945211,4.73731,15.2286,0.00294633,5.38238,19.1721,0.000918508,6.10553,24.134,0.000286163,6.91951,30.3791,8.92692e-05,7.83792,38.2397,2.78121e-05,8.87555,48.1338,8.65134e-06,10.0489,60.5876,2.7882e-06,11.3761,76.2629,8.29036e-07,12.8779,95.9927,2.4373e-07,14.5775,120.825,1e-08,16.5012,152.08,1.75749e-07,18.6784,191.415,1e-08,21.1428,240.917,1.91829e-07,23.9322,303.213,1e-08,27.0895,381.602,7.0186e-08,30.6634,480.231,1e-08,34.7087,604.316,2.40784e-07,39.2876,760.401,9.87368e-08,44.4705,956.705,1.22263e-07,50.3371,1203.54,1e-08,56.9776,1513.81,1e-08,64.494,1903.69,1e-08,73.0018,2393.4,3.9185e-07,82.6317,3008.13,1.35379e-07,93.5318,3779.25,1e-08,105.869,4745.7,2.06965e-08,119.834,5955.6,1e-08,135.641,7468.12,1e-08,153.531,9355.62,2.00739e-07,173.781,11705.8,2.28358e-07,196.701,14624.1,1e-08,222.642,18235,1e-08,252.003,22683.4,1e-08,285.234,28134,1e-08,322.845,34767,2.34258e-07,365.413,42770.9,2.99668e-07,413.588,52327.9,8.28644e-08,468.111,63591.2,1e-08,529.814,76653.2,1e-08,599.642,91502.5,1e-08,678.662,107975,2.26339e-07,768.083,125705,3.69212e-07,869.267,144088,2.04077e-07,983.76,162277,1e-08,1113.3,179223,1e-08,1259.87,193777,1e-08,1425.68,204839,4.55555e-07,6.2823,3.27286,2.43537,0.219672,6.18826,2.24117,0.56371,6.87772,2.63624,0.308279,12,10,10,2,5,0,0,9,0,2,8,1,3,2,0,4,5,0,1,21,0,9,18,0,0,15,0,11,56,0,9,55,0,9,86,0,11,58,0,13,124,0,21,70,0,20,100,0,15,72,0,21,107,0,12,226,0,17,384,0,14,416,0,21,456,0,21,675,0,40,697,0,43,630,0,25,875,0,67,1159,0,34,1501,0,17,2637,0,40,4023,0,86,3013,0,112,7463,0,73,5073,0,124,9077,0,144,8082,0,177,14755,0,175,6833,0,256,16553,0,333,10373,0,153,21106,0,253,34764,0,466,30996,0,244,23277,0,533,96169,0,658,57074,0,409,130346,0,469,103272,0,990,171721,0,299,170796,0,937,189337,0,1121,366902,0,1497,330305,0,1714,151458,0
-1.05176e+08,1,8.88811e-15,10,1023,0,1.05176e+08,0.528882,1.08665,0.389689,0.145397,0.379329,3.24381,0.161596,0.446195,1.77396,0.159177,1.15e+07,4.49998e+06,6.79999e+06,1.15e+07,4.49997e+06,6.79999e+06,1.15e+07,4.49996e+06,6.79999e+06,1.15e+07,4.49995e+06,6.79999e+06,1.14999e+07,4.49993e+06,6.79999e+06,1.14999e+07,4.49991e+06,6.79999e+06,1.14999e+07,4.49989e+06,6.79999e+06,1.14999e+07,4.49986e+06,6.79999e+06,1.14999e+07,4.49982e+06,6.79999e+06,1.14999e+07,4.49977e+06,6.79999e+06,1.14999e+07,4.49971e+06,6.79999e+06,1.14999e+07,4.49963e+06,6.79999e+06,1.14998e+07,4.49953e+06,6.79999e+06,1.14998e+07,4.49941e+06,6.79999e+06,1.14998e+07,4.49926e+06,6.79999e+06,1.14998e+07,4.49906e+06,6.79999e+06,1.14997e+07,4.49882e+06,6.79999e+06,1.14997e+07,4.49851e+06,6.79999e+06,1.14997e+07,4.49812e+06,6.79999e+06,1.14996e+07,4.49764e+06,6.79999e+06,1.14996e+07,4.49702e+06,6.79999e+06,1.14995e+07,4.49625e+06,6.79999e+06,1.14995e+07,4.49528e+06,6.79999e+06,1.14994e+07,4.49406e+06,6.79999e+06,1.14993e+07,4.49253e+06,6.79999e+06,1.14992e+07,4.49059e+06,6.79999e+06,1.14991e+07,4.48817e+06,6.79999e+06,1.1499e+07,4.48511e+06,6.79999e+06,1.14988e+07,4.48128e+06,6.79999e+06,1.14987e+07,4.47646e+06,6.79999e+06,1.14985e+07,4.47041e+06,6.79999e+06,1.14983e+07,4.46281e+06,6.79999e+06,1.14981e+07,4.4533e+06,6.79999e+06,1.14979e+07,4.44138e+06,6.79999e+06,1.14976e+07,4.42649e+06,6.79999e+06,1.14972e+07,4.40789e+06,6.79999e+06,1.14969e+07,4.38471e+06,6.79999e+06,1.14965e+07,4.35592e+06,6.79999e+06,1.1496e+07,4.32027e+06,6.79999e+06,1.14955e+07,4.27629e+06,6.79999e+06,1.14949e+07,4.22231e+06,6.79999e+06,1.14942e+07,4.15647e+06,6.79999e+06,1.14934e+07,4.07676e+06,6.79999e+06,1.14926e+07,3.98112e+06,6.79999e+06,1.14916e+07,3.86765e+06,6.79999e+06,1.14905e+07,3.73474e+06,6.79999e+06,1.14892e+07,3.58148e+06,6.79999e+06,1.14878e+07,3.40785e+06,6.79999e+06,1.14862e+07,3.21513e+06,6.79999e+06,1.14844e+07,3.00605e+06,6.79999e+06,1.14823e+07,2.7848e+06,6.79999e+06,1.148e+07,2.5568e+06,6.79999e+06,1.14773e+07,2.32825e+06,6.79999e+06,13.5742,8.52444,0.508366,16.8306,13.2585,0.162638,20.0035,17.569,0.0507846,23.2616,22.4214,0.0158319,26.7328,28.3297,0.00493498,30.5212,35.6974,0.00153831,34.7178,44.9473,0.000479527,39.4086,56.5822,0.000149456,44.6796,71.2245,4.66214e-05,50.6209,89.6543,1.45419e-05,57.3297,112.852,4.54748e-06,64.9129,142.051,1.43857e-06,73.4897,178.803,4.36618e-07,83.1934,225.062,1.40153e-07,94.1745,283.286,4.96378e-08,106.602,356.568,1.05434e-07,120.669,448.799,-6.49244e-08,136.59,564.873,1.70148e-07,154.611,710.948,-5.34594e-08,175.008,894.767,1.63407e-07,198.097,1126.06,8.04804e-08,224.231,1417.07,1.14667e-07,253.813,1783.15,-1.71227e-07,287.297,2243.62,-2.88466e-07,325.198,2822.67,-4.33651e-07,368.098,3550.67,7.9318e-08,416.657,4465.65,3.13319e-07,471.621,5615.16,3.4613e-07,533.835,7058.61,-1.19199e-07,604.255,8870.02,-2.79964e-07,683.962,11141.4,-2.30521e-07,774.182,13986.7,-2.55099e-07,876.299,17546.4,1.23585e-07,991.883,21993.1,1.41192e-07,1122.71,27536.7,-9.71886e-08,1270.78,34430.7,-3.68368e-07,1438.38,42977.7,-3.45379e-07,1628.07,53532.7,-3.25328e-09,1842.77,66504.6,2.6362e-07,2085.77,82350.2,2.53445e-07,2360.79,101560,-2.47407e-08,2672.05,124632,-3.80602e-07,3024.31,152018,-4.79005e-07,3422.98,184060,-1.14379e-07,3874.15,220884,2.64297e-07,4384.72,262283,3.44131e-07,4962.49,307576,7.5349e-08,5616.29,355497,-3.63097e-07,6356.1,404126,-6.05442e-07,7193.18,450932,-2.72333e-07,8140.28,492963,2.29675e-07,9211.79,527178,4.3387e-07,10424,550893,-1.0711e-07,10.102,8.06553,2.81012,10.6436,8.57909,0.869423,11.5336,10.2515,0.270869,12.7211,12.7138,0.0844293,14.1823,15.9373,0.0263173,15.9122,20.0383,0.0082035,17.9198,25.2154,0.00255722,20.2244,31.7373,0.000797017,22.8539,39.9486,0.000248622,25.8438,50.2851,7.75492e-05,29.237,63.2963,2.42508e-05,33.0837,79.6738,7.67162e-06,37.4415,100.288,2.32837e-06,42.3767,126.236,7.33e-07,47.9646,158.896,2.79256e-07,54.2906,200.003,9.87351e-09,61.452,251.741,1.61085e-07,69.5585,316.859,-2.47141e-07,78.7347,398.812,8.93552e-08,89.1218,501.948,-2.53231e-07,100.879,631.736,-1.25047e-07,114.188,795.049,-1.78808e-07,129.252,1000.53,2.6733e-07,146.304,1259.03,4.50292e-07,165.605,1584.19,6.76904e-07,187.452,1993.12,-1.23808e-07,212.181,2507.27,-4.89068e-07,240.173,3153.54,-5.40284e-07,271.856,3965.56,1.86061e-07,307.719,4985.38,4.37004e-07,348.313,6265.4,3.59828e-07,394.26,7870.83,3.98192e-07,446.268,9882.51,-1.92908e-07,505.135,12400.3,-2.20392e-07,571.766,15546.9,1.51705e-07,647.184,19472.2,5.74996e-07,732.547,24357.4,5.39112e-07,829.167,30420,5.07815e-09,938.526,37916.3,-4.11492e-07,1062.3,47143.9,-3.9561e-07,1202.4,58439.2,3.86185e-08,1360.96,72169.3,5.94093e-07,1540.42,88715.8,7.47693e-07,1743.53,108445,1.78537e-07,1973.41,131665,-4.12549e-07,2233.57,158557,-5.37164e-07,2528,189103,-1.17615e-07,2861.2,222986,5.66769e-07,3238.27,259510,9.45053e-07,3664.97,297540,4.25093e-07,4147.81,335497,-3.58506e-07,4694.17,371444,-6.7724e-07,5312.37,403256,1.67192e-07,1.61744,3.89446,9.84394,3.28846,7.5504,12.774,5.07607,11.7187,13.6844,7.03202,16.8147,13.9681,9.20215,23.1769,14.0566,11.6301,31.1672,14.0841,14.3598,41.2186,14.0927,17.4376,53.8688,14.0954,20.9137,69.7915,14.0962,24.8432,89.8341,14.0965,29.2879,115.063,14.0966,34.3168,146.819,14.0966,40.0078,186.792,14.0966,46.4487,237.107,14.0966,53.7388,300.44,14.0966,61.9903,380.158,14.0966,71.3301,480.499,14.0966,81.902,606.796,14.0966,93.8685,765.761,14.0966,107.414,965.837,14.0966,122.746,1217.65,14.0966,140.101,1534.57,14.0966,159.745,1933.41,14.0966,181.981,2435.3,14.0966,207.15,3066.85,14.0966,235.64,3861.46,14.0966,267.889,4861.11,14.0966,304.391,6118.54,14.0966,345.709,7699.91,14.0966,392.478,9688.22,14.0966,445.417,12187.5,14.0966,505.339,15327.7,14.0966,573.165,19271.6,14.0966,649.938,24222,14.0966,736.839,30430.9,14.0966,835.202,38211.5,14.0966,946.539,47950.3,14.0966,1072.56,60122.8,14.0966,1215.21,75309.9,14.0966,1376.66,94216.2,14.0966,1559.41,117688,14.0966,1766.26,146729,14.0966,2000.39,182510,14.0966,2265.39,226372,14.0966,2565.33,279806,14.0966,2904.81,344416,14.0966,3289.05,421845,14.0966,3723.93,513667,14.0966,4216.13,621231,14.0966,4773.18,745478,14.0966,5403.64,886744,14.0966,6117.15,1.04457e+06,14.0966,6924.63,1.2176e+06,14.0966,11.7194,11.96,12.6541,13.9321,16.1295,13.6434,16.6097,21.9702,13.9553,19.7532,29.5285,14.0526,23.3844,39.1143,14.0829,27.5423,51.2054,14.0923,32.2796,66.434,14.0953,37.662,85.6061,14.0962,43.7675,109.74,14.0965,50.687,140.119,14.0966,58.5249,178.359,14.0966,67.4005,226.493,14.0966,77.4493,287.08,14.0966,88.8254,363.343,14.0966,101.703,459.336,14.0966,116.281,580.161,14.0966,132.782,732.241,14.0966,151.46,923.655,14.0966,172.603,1164.57,14.0966,196.535,1467.79,14.0966,223.625,1849.39,14.0966,254.288,2329.62,14.0966,288.997,2933.93,14.0966,328.285,3694.33,14.0966,372.755,4651.04,14.0966,423.092,5854.57,14.0966,480.07,7368.38,14.0966,544.564,9272.08,14.0966,617.566,11665.5,14.0966,700.197,14673.6,14.0966,793.729,18452.9,14.0966,899.599,23198.6,14.0966,1019.43,29154.1,14.0966,1155.07,36622.3,14.0966,1308.6,45977.9,14.0966,1482.39,57683.7,14.0966,1679.09,72307.8,14.0966,1901.73,90542.8,14.0966,2153.73,113226,14.0966,2438.97,141360,14.0966,2761.81,176127,14.0966,3127.22,218898,14.0966,3540.81,271226,14.0966,4008.92,334817,14.0966,4538.74,411470,14.0966,5138.38,502973,14.0966,5817.04,610948,14.0966,6585.12,736653,14.0966,7454.39,880741,14.0966,8438.15,1.04302e+06,14.0966,9551.45,1.22224e+06,14.0966,10811.3,1.41602e+06,14.0966,12237,1.62086e+06,14.0966,11.7194,11.96,12.6541,2.21263,4.16949,0.989383,2.67766,5.84076,0.311842,3.14343,7.55825,0.0972771,3.63127,9.58578,0.0303237,4.15787,12.0912,0.00945211,4.73731,15.2286,0.00294633,5.38238,19.1721,0.000918508,6.10553,24.134,0.000286163,6.91951,30.3791,8.92692e-05,7.83792,38.2397,2.78121e-05,8.87555,48.1338,8.65134e-06,10.0489,60.5876,2.7882e-06,11.3761,76.2629,8.29036e-07,12.8779,95.9927,2.4373e-07,14.5775,120.825,4.33068e-09,16.5012,152.08,1.75749e-07,18.6784,191.415,-1.86328e-07,21.1428,240.917,1.91829e-07,23.9322,303.213,-1.81475e-07,27.0895,381.602,7.0186e-08,30.6634,480.231,-2.86769e-08,34.7087,604.316,2.40784e-07,39.2876,760.401,9.87368e-08,44.4705,956.705,1.22263e-07,50.3371,1203.54,-4.31966e-07,56.9776,1513.81,-1.9705e-07,64.494,1903.69,-2.763e-08,73.0018,2393.4,3.9185e-07,82.6317,3008.13,1.35379e-07,93.5318,3779.25,-4.16351e-08,105.869,4745.7,2.06965e-08,119.834,5955.6,-3.18887e-07,135.641,7468.12,-1.48271e-08,153.531,9355.62,2.00739e-07,173.781,11705.8,2.28358e-07,196.701,14624.1,-1.93587e-08,222.642,18235,-2.88101e-07,252.003,22683.4,-2.24732e-07,285.234,28134,8.56806e-09,322.845,34767,2.34258e-07,365.413,42770.9,2.99668e-07,413.588,52327.9,8.28644e-08,468.111,63591.2,-3.07049e-07,529.814,76653.2,-3.1888e-07,599.642,91502.5,-6.72276e-08,678.662,107975,2.26339e-07,768.083,125705,3.69212e-07,869.267,144088,2.04077e-07,983.76,162277,-2.80509e-07,1113.3,179223,-4.22737e-07,1259.87,193777,-1.71951e-07,1425.68,204839,4.55555e-07,11.7194,11.96,12.6541,2.21263,4.16949,0.989383,2.67766,5.84076,0.311842,3.14343,7.55825,0.0972771,3.63127,9.58578,0.0303237,4.15787,12.0912,0.00945211,4.73731,15.2286,0.00294633,5.38238,19.1721,0.000918508,6.10553,24.134,0.000286163,6.91951,30.3791,8.92692e-05,7.83792,38.2397,2.78121e-05,8.87555,48.1338,8.65134e-06,10.0489,60.5876,2.7882e-06,11.3761,76.2629,8.29036e-07,12.8779,95.9927,2.4373e-07,14.5775,120.825,1e-08,16.5012,152.08,1.75749e-07,18.6784,191.415,1e-08,21.1428,240.917,1.91829e-07,23.9322,303.213,1e-08,27.0895,381.602,7.0186e-08,30.6634,480.231,1e-08,34.7087,604.316,2.40784e-07,39.2876,760.401,9.87368e-08,44.4705,956.705,1.22263e-07,50.3371,1203.54,1e-08,56.9776,1513.81,1e-08,64.494,1903.69,1e-08,73.0018,2393.4,3.9185e-07,82.6317,3008.13,1.35379e-07,93.5318,3779.25,1e-08,105.869,4745.7,2.06965e-08,119.834,5955.6,1e-08,135.641,7468.12,1e-08,153.531,9355.62,2.00739e-07,173.781,11705.8,2.28358e-07,196.701,14624.1,1e-08,222.642,18235,1e-08,252.003,22683.4,1e-08,285.234,28134,1e-08,322.845,34767,2.34258e-07,365.413,42770.9,2.99668e-07,413.588,52327.9,8.28644e-08,468.111,63591.2,1e-08,529.814,76653.2,1e-08,599.642,91502.5,1e-08,678.662,107975,2.26339e-07,768.083,125705,3.69212e-07,869.267,144088,2.04077e-07,983.76,162277,1e-08,1113.3,179223,1e-08,1259.87,193777,1e-08,1425.68,204839,4.55555e-07,6.2823,3.27286,2.43537,0.219672,6.18826,2.24117,0.56371,6.87772,2.63624,0.308279,13,4,13,7,6,1,0,2,1,2,4,0,3,17,0,5,15,0,1,9,0,5,26,0,3,34,0,5,40,0,4,25,0,21,60,0,6,52,0,7,101,0,14,100,0,15,131,0,22,73,0,22,284,0,11,347,0,43,309,0,26,337,0,33,626,0,60,835,0,46,287,0,31,1444,0,26,828,0,30,1639,0,69,2191,0,41,3044,0,80,3142,0,81,5306,0,122,4319,0,72,6704,0,139,3556,0,150,12539,0,196,13126,0,181,17038,0,103,22217,0,176,21945,0,322,10646,0,260,13876,0,284,68099,0,255,125415,0,523,53614,0,281,40387,0,623,92471,0,646,157552,0,486,158585,0,559,232667,0,859,83462,0,1236,48062,0,1409,370729,0,1054,194668,0
-1.05176e+08,1,8.88811e-15,10,1023,0,1.05176e+08,0.528882,1.08665,0.389689,0.145397,0.379329,3.24381,0.161596,0.446195,1.77396,0.159177,1.15e+07,4.49998e+06,6.79999e+06,1.15e+07,4.49997e+06,6.79999e+06,1.15e+07,4.49996e+06,6.79999e+06,1.15e+07,4.49995e+06,6.79999e+06,1.14999e+07,4.49993e+06,6.79999e+06,1.14999e+07,4.49991e+06,6.79999e+06,1.14999e+07,4.49989e+06,6.79999e+06,1.14999e+07,4.49986e+06,6.79999e+06,1.14999e+07,4.49982e+06,6.79999e+06,1.14999e+07,4.49977e+06,6.79999e+06,1.14999e+07,4.49971e+06,6.79999e+06,1.14999e+07,4.49963e+06,6.79999e+06,1.14998e+07,4.49953e+06,6.79999e+06,1.14998e+07,4.49941e+06,6.79999e+06,1.14998e+07,4.49926e+06,6.79999e+06,1.14998e+07,4.49906e+06,6.79999e+06,1.14997e+07,4.49882e+06,6.79999e+06,1.14997e+07,4.49851e+06,6.79999e+06,1.14997e+07,4.49812e+06,6.79999e+06,1.14996e+07,4.49764e+06,6.79999e+06,1.14996e+07,4.49702e+06,6.79999e+06,1.14995e+07,4.49625e+06,6.79999e+06,1.14995e+07,4.49528e+06,6.79999e+06,1.14994e+07,4.49406e+06,6.79999e+06,1.14993e+07,4.49253e+06,6.79999e+06,1.14992e+07,4.49059e+06,6.79999e+06,1.14991e+07,4.48817e+06,6.79999e+06,1.1499e+07,4.48511e+06,6.79999e+06,1.14988e+07,4.48128e+06,6.79999e+06,1.14987e+07,4.47646e+06,6.79999e+06,1.14985e+07,4.47041e+06,6.79999e+06,1.14983e+07,4.46281e+06,6.79999e+06,1.14981e+07,4.4533e+06,6.79999e+06,1.14979e+07,4.44138e+06,6.79999e+06,1.14976e+07,4.42649e+06,6.79999e+06,1.14972e+07,4.40789e+06,6.79999e+06,1.14969e+07,4.38471e+06,6.79999e+06,1.14965e+07,4.35592e+06,6.79999e+06,1.1496e+07,4.32027e+06,6.79999e+06,1.14955e+07,4.27629e+06,6.79999e+06,1.14949e+07,4.22231e+06,6.79999e+06,1.14942e+07,4.15647e+06,6.79999e+06,1.14934e+07,4.07676e+06,6.79999e+06,1.14926e+07,3.98112e+06,6.79999e+06,1.14916e+07,3.86765e+06,6.79999e+06,1.14905e+07,3.73474e+06,6.79999e+06,1.14892e+07,3.58148e+06,6.79999e+06,1.14878e+07,3.40785e+06,6.79999e+06,1.14862e+07,3.21513e+06,6.79999e+06,1.14844e+07,3.00605e+06,6.79999e+06,1.14823e+07,2.7848e+06,6.79999e+06,1.148e+07,2.5568e+06,6.79999e+06,1.14773e+07,2.32825e+06,6.79999e+06,13.5742,8.52444,0.508366,16.8306,13.2585,0.162638,20.0035,17.569,0.0507846,23.2616,22.4214,0.0158319,26.7328,28.3297,0.00493498,30.5212,35.6974,0.00153831,34.7178,44.9473,0.000479527,39.4086,56.5822,0.000149456,44.6796,71.2245,4.66214e-05,50.6209,89.6543,1.45419e-05,57.3297,112.852,4.54748e-06,64.9129,142.051,1.43857e-06,73.4897,178.803,4.36618e-07,83.1934,225.062,1.40153e-07,94.1745,283.286,4.96378e-08,106.602,356.568,1.05434e-07,120.669,448.799,-6.49244e-08,136.59,564.873,1.70148e-07,154.611,710.948,-5.34594e-08,175.008,894.767,1.63407e-07,198.097,1126.06,8.04804e-08,224.231,1417.07,1.14667e-07,253.813,1783.15,-1.71227e-07,287.297,2243.62,-2.88466e-07,325.198,2822.67,-4.33651e-07,368.098,3550.67,7.9318e-08,416.657,4465.65,3.13319e-07,471.621,5615.16,3.4613e-07,533.835,7058.61,-1.19199e-07,604.255,8870.02,-2.79964e-07,683.962,11141.4,-2.30521e-07,774.182,13986.7,-2.55099e-07,876.299,17546.4,1.23585e-07,991.883,21993.1,1.41192e-07,1122.71,27536.7,-9.71886e-08,1270.78,34430.7,-3.68368e-07,1438.38,42977.7,-3.45379e-07,1628.07,53532.7,-3.25328e-09,1842.77,66504.6,2.6362e-07,2085.77,82350.2,2.53445e-07,2360.79,101560,-2.47407e-08,2672.05,124632,-3.80602e-07,3024.31,152018,-4.79005e-07,3422.98,184060,-1.14379e-07,3874.15,220884,2.64297e-07,4384.72,262283,3.44131e-07,4962.49,307576,7.5349e-08,5616.29,355497,-3.63097e-07,6356.1,404126,-6.05442e-07,7193.18,450932,-2.72333e-07,8140.28,492963,2.29675e-07,9211.79,527178,4.3387e-07,10424,550893,-1.0711e-07,10.102,8.06553,2.81012,10.6436,8.57909,0.869423,11.5336,10.2515,0.270869,12.7211,12.7138,0.0844293,14.1823,15.9373,0.0263173,15.9122,20.0383,0.0082035,17.9198,25.2154,0.00255722,20.2244,31.7373,0.000797017,22.8539,39.9486,0.000248622,25.8438,50.2851,7.75492e-05,29.237,63.2963,2.42508e-05,33.0837,79.6738,7.67162e-06,37.4415,100.288,2.32837e-06,42.3767,126.236,7.33e-07,47.9646,158.896,2.79256e-07,54.2906,200.003,9.87351e-09,61.452,251.741,1.61085e-07,69.5585,316.859,-2.47141e-07,78.7347,398.812,8.93552e-08,89.1218,501.948,-2.53231e-07,100.879,631.736,-1.25047e-07,114.188,795.049,-1.78808e-07,129.252,1000.53,2.6733e-07,146.304,1259.03,4.50292e-07,165.605,1584.19,6.76904e-07,187.452,1993.12,-1.23808e-07,212.181,2507.27,-4.89068e-07,240.173,3153.54,-5.40284e-07,271.856,3965.56,1.86061e-07,307.719,4985.38,4.37004e-07,348.313,6265.4,3.59828e-07,394.26,7870.83,3.98192e-07,446.268,9882.51,-1.92908e-07,505.135,12400.3,-2.20392e-07,571.766,15546.9,1.51705e-07,647.184,19472.2,5.74996e-07,732.547,24357.4,5.39112e-07,829.167,30420,5.07815e-09,938.526,37916.3,-4.11492e-07,1062.3,47143.9,-3.9561e-07,1202.4,58439.2,3.86185e-08,1360.96,72169.3,5.94093e-07,1540.42,88715.8,7.47693e-07,1743.53,108445,1.78537e-07,1973.41,131665,-4.12549e-07,2233.57,158557,-5.37164e-07,2528,189103,-1.17615e-07,2861.2,222986,5.66769e-07,3238.27,259510,9.45053e-07,3664.97,297540,4.25093e-07,4147.81,335497,-3.58506e-07,4694.17,371444,-6.7724e-07,5312.37,403256,1.67192e-07,1.61744,3.89446,9.84394,3.28846,7.5504,12.774,5.07607,11.7187,13.6844,7.03202,16.8147,13.9681,9.20215,23.1769,14.0566,11.6301,31.1672,14.0841,14.3598,41.2186,14.0927,17.4376,53.8688,14.0954,20.9137,69.7915,14.0962,24.8432,89.8341,14.0965,29.2879,115.063,14.0966,34.3168,146.819,14.0966,40.0078,186.792,14.0966,46.4487,237.107,14.0966,53.7388,300.44,14.0966,61.9903,380.158,14.0966,71.3301,480.499,14.0966,81.902,606.796,14.0966,93.8685,765.761,14.0966,107.414,965.837,14.0966,122.746,1217.65,14.0966,140.101,1534.57,14.0966,159.745,1933.41,14.0966,181.981,2435.3,14.0966,207.15,3066.85,14.0966,235.64,3861.46,14.0966,267.889,4861.11,14.0966,304.391,6118.54,14.0966,345.709,7699.91,14.0966,392.478,9688.22,14.0966,445.417,12187.5,14.0966,505.339,15327.7,14.0966,573.165,19271.6,14.0966,649.938,24222,14.0966,736.839,30430.9,14.0966,835.202,38211.5,14.0966,946.539,47950.3,14.0966,1072.56,60122.8,14.0966,1215.21,75309.9,14.0966,1376.66,94216.2,14.0966,1559.41,117688,14.0966,1766.26,146729,14.0966,2000.39,182510,14.0966,2265.39,226372,14.0966,2565.33,279806,14.0966,2904.81,344416,14.0966,3289.05,421845,14.0966,3723.93,513667,14.0966,4216.13,621231,14.0966,4773.18,745478,14.0966,5403.64,886744,14.0966,6117.15,1.04457e+06,14.0966,6924.63,1.2176e+06,14.0966,11.7194,11.96,12.6541,13.9321,16.1295,13.6434,16.6097,21.9702,13.9553,19.7532,29.5285,14.0526,23.3844,39.1143,14.0829,27.5423,51.2054,14.0923,32.2796,66.434,14.0953,37.662,85.6061,14.0962,43.7675,109.74,14.0965,50.687,140.119,14.0966,58.5249,178.359,14.0966,67.4005,226.493,14.0966,77.4493,287.08,14.0966,88.8254,363.343,14.0966,101.703,459.336,14.0966,116.281,580.161,14.0966,132.782,732.241,14.0966,151.46,923.655,14.0966,172.603,1164.57,14.0966,196.535,1467.79,14.0966,223.625,1849.39,14.0966,254.288,2329.62,14.0966,288.997,2933.93,14.0966,328.285,3694.33,14.0966,372.755,4651.04,14.0966,423.092,5854.57,14.0966,480.07,7368.38,14.0966,544.564,9272.08,14.0966,617.566,11665.5,14.0966,700.197,14673.6,14.0966,793.729,18452.9,14.0966,899.599,23198.6,14.0966,1019.43,29154.1,14.0966,1155.07,36622.3,14.0966,1308.6,45977.9,14.0966,1482.39,57683.7,14.0966,1679.09,72307.8,14.0966,1901.73,90542.8,14.0966,2153.73,113226,14.0966,2438.97,141360,14.0966,2761.81,176127,14.0966,3127.22,218898,14.0966,3540.81,271226,14.0966,4008.92,334817,14.0966,4538.74,411470,14.0966,5138.38,502973,14.0966,5817.04,610948,14.0966,6585.12,736653,14.0966,7454.39,880741,14.0966,8438.15,1.04302e+06,14.0966,9551.45,1.22224e+06,14.0966,10811.3,1.41602e+06,14.0966,12237,1.62086e+06,14.0966,11.7194,11.96,12.6541,2.21263,4.16949,0.989383,2.67766,5.84076,0.311842,3.14343,7.55825,0.0972771,3.63127,9.58578,0.0303237,4.15787,12.0912,0.00945211,4.73731,15.2286,0.00294633,5.38238,19.1721,0.000918508,6.10553,24.134,0.000286163,6.91951,30.3791,8.92692e-05,7.83792,38.2397,2.78121e-05,8.87555,48.1338,8.65134e-06,10.0489,60.5876,2.7882e-06,11.3761,76.2629,8.29036e-07,12.8779,95.9927,2.4373e-07,14.5775,120.825,4.33068e-09,16.5012,152.08,1.75749e-07,18.6784,191.415,-1.86328e-07,21.1428,240.917,1.91829e-07,23.9322,303.213,-1.81475e-07,27.0895,381.602,7.0186e-08,30.6634,480.231,-2.86769e-08,34.7087,604.316,2.40784e-07,39.2876,760.401,9.87368e-08,44.4705,956.705,1.22263e-07,50.3371,1203.54,-4.31966e-07,56.9776,1513.81,-1.9705e-07,64.494,1903.69,-2.763e-08,73.0018,2393.4,3.9185e-07,82.6317,3008.13,1.35379e-07,93.5318,3779.25,-4.16351e-08,105.869,4745.7,2.06965e-08,119.834,5955.6,-3.18887e-07,135.641,7468.12,-1.48271e-08,153.531,9355.62,2.00739e-07,173.781,11705.8,2.28358e-07,196.701,14624.1,-1.93587e-08,222.642,18235,-2.88101e-07,252.003,22683.4,-2.24732e-07,285.234,28134,8.56806e-09,322.845,34767,2.34258e-07,365.413,42770.9,2.99668e-07,413.588,52327.9,8.28644e-08,468.111,63591.2,-3.07049e-07,529.814,76653.2,-3.1888e-07,599.642,91502.5,-6.72276e-08,678.662,107975,2.26339e-07,768.083,125705,3.69212e-07,869.267,144088,2.04077e-07,983.76,162277,-2.80509e-07,1113.3,179223,-4.22737e-07,1259.87,193777,-1.71951e-07,1425.68,204839,4.55555e-07,11.7194,11.96,12.6541,2.21263,4.16949,0.989383,2.67766,5.84076,0.311842,3.14343,7.55825,0.0972771,3.63127,9.58578,0.0303237,4.15787,12.0912,0.00945211,4.73731,15.2286,0.00294633,5.38238,19.1721,0.000918508,6.10553,24.134,0.000286163,6.91951,30.3791,8.92692e-05,7.83792,38.2397,2.78121e-05,8.87555,48.1338,8.65134e-06,10.0489,60.5876,2.7882e-06,11.3761,76.2629,8.29036e-07,12.8779,95.9927,2.4373e-07,14.5775,120.825,1e-08,16.5012,152.08,1.75749e-07,18.6784,191.415,1e-08,21.1428,240.917,1.91829e-07,23.9322,303.213,1e-08,27.0895,381.602,7.0186e-08,30.6634,480.231,1e-08,34.7087,604.316,2.40784e-07,39.2876,760.401,9.87368e-08,44.4705,956.705,1.22263e-07,50.3371,1203.54,1e-08,56.9776,1513.81,1e-08,64.494,1903.69,1e-08,73.0018,2393.4,3.9185e-07,82.6317,3008.13,1.35379e-07,93.5318,3779.25,1e-08,105.869,4745.7,2.06965e-08,119.834,5955.6,1e-08,135.641,7468.12,1e-08,153.531,9355.62,2.00739e-07,173.781,11705.8,2.28358e-07,196.701,14624.1,1e-08,222.642,18235,1e-08,252.003,22683.4,1e-08,285.234,28134,1e-08,322.845,34767,2.34258e-07,365.413,42770.9,2.99668e-07,413.588,52327.9,8.28644e-08,468.111,63591.2,1e-08,529.814,76653.2,1e-08,599.642,91502.5,1e-08,678.662,107975,2.26339e-07,768.083,125705,3.69212e-07,869.267,144088,2.04077e-07,983.76,162277,1e-08,1113.3,179223,1e-08,1259.87,193777,1e-08,1425.68,204839,4.55555e-07,6.2823,3.27286,2.43537,0.219672,6.18826,2.24117,0.56371,6.87772,2.63624,0.308279,14,20,12,2,5,2,2,6,0,3,4,0,0,8,0,4,17,0,0,19,0,11,35,0,3,23,0,10,25,0,9,31,0,11,41,0,10,66,0,12,139,0,13,72,0,15,103,0,33,77,0,29,156,0,7,195,0,32,227,0,22,467,0,26,617,0,25,801,0,37,589,0,76,1450,0,94,770,0,53,1638,0,97,1716,0,40,3133,0,167,2903,0,107,2886,0,121,2701,0,100,4498,0,86,12947,0,137,14574,0,135,12025,0,143,12497,0,180,17262,0,333,26941,0,195,24280,0,184,38650,0,132,28709,0,355,60088,0,646,67580,0,239,55068,0,495,42862,0,837,114315,0,1122,191444,0,1928,126302,0,951,233511,0,1118,158688,0,1535,270638,0,1045,164034,0
-1.05176e+08,1,8.88811e-15,10,1023,0,1.05176e+08,0.528882,1.08665,0.389689,0.145397,0.379329,3.24381,0.161596,0.446195,1.77396,0.159177,1.15e+07,4.49998e+06,6.79999e+06,1.15e+07,4.49997e+06,6.79999e+06,1.15e+07,4.49996e+06,6.79999e+06,1.15e+07,4.49995e+06,6.79999e+06,1.14999e+07,4.49993e+06,6.79999e+06,1.14999e+07,4.49991e+06,6.79999e+06,1.14999e+07,4.49989e+06,6.79999e+06,1.14999e+07,4.49986e+06,6.79999e+06,1.14999e+07,4.49982e+06,6.79999e+06,1.14999e+07,4.49977e+06,6.79999e+06,1.14999e+07,4.49971e+06,6.79999e+06,1.14999e+07,4.49963e+06,6.79999e+06,1.14998e+07,4.49953e+06,6.79999e+06,1.14998e+07,4.49941e+06,6.79999e+06,1.14998e+07,4.49926e+06,6.79999e+06,1.14998e+07,4.49906e+06,6.79999e+06,1.14997e+07,4.49882e+06,6.79999e+06,1.14997e+07,4.49851e+06,6.79999e+06,1.14997e+07,4.49812e+06,6.79999e+06,1.14996e+07,4.49764e+06,6.79999e+06,1.14996e+07,4.49702e+06,6.79999e+06,1.14995e+07,4.49625e+06,6.79999e+06,1.14995e+07,4.49528e+06,6.79999e+06,1.14994e+07,4.49406e+06,6.79999e+06,1.14993e+07,4.49253e+06,6.79999e+06,1.14992e+07,4.49059e+06,6.79999e+06,1.14991e+07,4.48817e+06,6.79999e+06,1.1499e+07,4.48511e+06,6.79999e+06,1.14988e+07,4.48128e+06,6.79999e+06,1.14987e+07,4.47646e+06,6.79999e+06,1.14985e+07,4.47041e+06,6.79999e+06,1.14983e+07,4.46281e+06,6.79999e+06,1.14981e+07,4.4533e+06,6.79999e+06,1.14979e+07,4.44138e+06,6.79999e+06,1.14976e+07,4.42649e+06,6.79999e+06,1.14972e+07,4.40789e+06,6.79999e+06,1.14969e+07,4.38471e+06,6.79999e+06,1.14965e+07,4.35592e+06,6.79999e+06,1.1496e+07,4.32027e+06,6.79999e+06,1.14955e+07,4.27629e+06,6.79999e+06,1.14949e+07,4.22231e+06,6.79999e+06,1.14942e+07,4.15647e+06,6.79999e+06,1.14934e+07,4.07676e+06,6.79999e+06,1.14926e+07,3.98112e+06,6.79999e+06,1.14916e+07,3.86765e+06,6.79999e+06,1.14905e+07,3.73474e+06,6.79999e+06,1.14892e+07,3.58148e+06,6.79999e+06,1.14878e+07,3.40785e+06,6.79999e+06,1.14862e+07,3.21513e+06,6.79999e+06,1.14844e+07,3.00605e+06,6.79999e+06,1.14823e+07,2.7848e+06,6.79999e+06,1.148e+07,2.5568e+06,6.79999e+06,1.14773e+07,2.32825e+06,6.79999e+06,13.5742,8.52444,0.508366,16.8306,13.2585,0.162638,20.0035,17.569,0.0507846,23.2616,22.4214,0.0158319,26.7328,28.3297,0.00493498,30.5212,35.6974,0.00153831,34.7178,44.9473,0.000479527,39.4086,56.5822,0.000149456,44.6796,71.2245,4.66214e-05,50.6209,89.6543,1.45419e-05,57.3297,112.852,4.54748e-06,64.9129,142.051,1.43857e-06,73.4897,178.803,4.36618e-07,83.1934,225.062,1.40153e-07,94.1745,283.286,4.96378e-08,106.602,356.568,1.05434e-07,120.669,448.799,-6.49244e-08,136.59,564.873,1.70148e-07,154.611,710.948,-5.34594e-08,175.008,894.767,1.63407e-07,198.097,1126.06,8.04804e-08,224.231,1417.07,1.14667e-07,253.813,1783.15,-1.71227e-07,287.297,2243.62,-2.88466e-07,325.198,2822.67,-4.33651e-07,368.098,3550.67,7.9318e-08,416.657,4465.65,3.13319e-07,471.621,5615.16,3.4613e-07,533.835,7058.61,-1.19199e-07,604.255,8870.02,-2.79964e-07,683.962,11141.4,-2.30521e-07,774.182,13986.7,-2.55099e-07,876.299,17546.4,1.23585e-07,991.883,21993.1,1.41192e-07,1122.71,27536.7,-9.71886e-08,1270.78,34430.7,-3.68368e-07,1438.38,42977.7,-3.45379e-07,1628.07,53532.7,-3.25328e-09,1842.77,66504.6,2.6362e-07,2085.77,82350.2,2.53445e-07,2360.79,101560,-2.47407e-08,2672.05,124632,-3.80602e-07,3024.31,152018,-4.79005e-07,3422.98,184060,-1.14379e-07,3874.15,220884,2.64297e-07,4384.72,262283,3.44131e-07,4962.49,307576,7.5349e-08,5616.29,355497,-3.63097e-07,6356.1,404126,-6.05442e-07,7193.18,450932,-2.72333e-07,8140.28,492963,2.29675e-07,9211.79,527178,4.3387e-07,10424,550893,-1.0711e-07,10.102,8.06553,2.81012,10.6436,8.57909,0.869423,11.5336,10.2515,0.270869,12.7211,12.7138,0.0844293,14.1823,15.9373,0.0263173,15.9122,20.0383,0.0082035,17.9198,25.2154,0.00255722,20.2244,31.7373,0.000797017,22.8539,39.9486,0.000248622,25.8438,50.2851,7.75492e-05,29.237,63.2963,2.42508e-05,33.0837,79.6738,7.67162e-06,37.4415,100.288,2.32837e-06,42.3767,126.236,7.33e-07,47.9646,158.896,2.79256e-07,54.2906,200.003,9.87351e-09,61.452,251.741,1.61085e-07,69.5585,316.859,-2.47141e-07,78.7347,398.812,8.93552e-08,89.1218,501.948,-2.53231e-07,100.879,631.736,-1.25047e-07,114.188,795.049,-1.78808e-07,129.252,1000.53,2.6733e-07,146.304,1259.03,4.50292e-07,165.605,1584.19,6.76904e-07,187.452,1993.12,-1.23808e-07,212.181,2507.27,-4.89068e-07,240.173,3153.54,-5.40284e-07,271.856,3965.56,1.86061e-07,307.719,4985.38,4.37004e-07,348.313,6265.4,3.59828e-07,394.26,7870.83,3.98192e-07,446.268,9882.51,-1.92908e-07,505.135,12400.3,-2.20392e-07,571.766,15546.9,1.51705e-07,647.184,19472.2,5.74996e-07,732.547,24357.4,5.39112e-07,829.167,30420,5.07815e-09,938.526,37916.3,-4.11492e-07,1062.3,47143.9,-3.9561e-07,1202.4,58439.2,3.86185e-08,1360.96,72169.3,5.94093e-07,1540.42,88715.8,7.47693e-07,1743.53,108445,1.78537e-07,1973.41,131665,-4.12549e-07,2233.57,158557,-5.37164e-07,2528,189103,-1.17615e-07,2861.2,222986,5.66769e-07,3238.27,259510,9.45053e-07,3664.97,297540,4.25093e-07,4147.81,335497,-3.58506e-07,4694.17,371444,-6.7724e-07,5312.37,403256,1.67192e-07,1.61744,3.89446,9.84394,3.28846,7.5504,12.774,5.07607,11.7187,13.6844,7.03202,16.8147,13.9681,9.20215,23.1769,14.0566,11.6301,31.1672,14.0841,14.3598,41.2186,14.0927,17.4376,53.8688,14.0954,20.9137,69.7915,14.0962,24.8432,89.8341,14.0965,29.2879,115.063,14.0966,34.3168,146.819,14.0966,40.0078,186.792,14.0966,46.4487,237.107,14.0966,53.7388,300.44,14.0966,61.9903,380.158,14.0966,71.3301,480.499,14.0966,81.902,606.796,14.0966,93.8685,765.761,14.0966,107.414,965.837,14.0966,122.746,1217.65,14.0966,140.101,1534.57,14.0966,159.745,1933.41,14.0966,181.981,2435.3,14.0966,207.15,3066.85,14.0966,235.64,3861.46,14.0966,267.889,4861.11,14.0966,304.391,6118.54,14.0966,345.709,7699.91,14.0966,392.478,9688.22,14.0966,445.417,12187.5,14.0966,505.339,15327.7,14.0966,573.165,19271.6,14.0966,649.938,24222,14.0966,736.839,30430.9,14.0966,835.202,38211.5,14.0966,946.539,47950.3,14.0966,1072.56,60122.8,14.0966,1215.21,75309.9,14.0966,1376.66,94216.2,14.0966,1559.41,117688,14.0966,1766.26,146729,14.0966,2000.39,182510,14.0966,2265.39,226372,14.0966,2565.33,279806,14.0966,2904.81,344416,14.0966,3289.05,421845,14.0966,3723.93,513667,14.0966,4216.13,621231,14.0966,4773.18,745478,14.0966,5403.64,886744,14.0966,6117.15,1.04457e+06,14.0966,6924.63,1.2176e+06,14.0966,11.7194,11.96,12.6541,13.9321,16.1295,13.6434,16.6097,21.9702,13.9553,19.7532,29.5285,14.0526,23.3844,39.1143,14.0829,27.5423,51.2054,14.0923,32.2796,66.434,14.0953,37.662,85.6061,14.0962,43.7675,109.74,14.0965,50.687,140.119,14.0966,58.5249,178.359,14.0966,67.4005,226.493,14.0966,77.4493,287.08,14.0966,88.8254,363.343,14.0966,101.703,459.336,14.0966,116.281,580.161,14.0966,132.782,732.241,14.0966,151.46,923.655,14.0966,172.603,1164.57,14.0966,196.535,1467.79,14.0966,223.625,1849.39,14.0966,254.288,2329.62,14.0966,288.997,2933.93,14.0966,328.285,3694.33,14.0966,372.755,4651.04,14.0966,423.092,5854.57,14.0966,480.07,7368.38,14.0966,544.564,9272.08,14.0966,617.566,11665.5,14.0966,700.197,14673.6,14.0966,793.729,18452.9,14.0966,899.599,23198.6,14.0966,1019.43,29154.1,14.0966,1155.07,36622.3,14.0966,1308.6,45977.9,14.0966,1482.39,57683.7,14.0966,1679.09,72307.8,14.0966,1901.73,90542.8,14.0966,2153.73,113226,14.0966,2438.97,141360,14.0966,2761.81,176127,14.0966,3127.22,218898,14.0966,3540.81,271226,14.0966,4008.92,334817,14.0966,4538.74,411470,14.0966,5138.38,502973,14.0966,5817.04,610948,14.0966,6585.12,736653,14.0966,7454.39,880741,14.0966,8438.15,1.04302e+06,14.0966,9551.45,1.22224e+06,14.0966,10811.3,1.41602e+06,14.0966,12237,1.62086e+06,14.0966,11.7194,11.96,12.6541,2.21263,4.16949,0.989383,2.67766,5.84076,0.311842,3.14343,7.55825,0.0972771,3.63127,9.58578,0.0303237,4.15787,12.0912,0.00945211,4.73731,15.2286,0.00294633,5.38238,19.1721,0.000918508,6.10553,24.134,0.000286163,6.91951,30.3791,8.92692e-05,7.83792,38.2397,2.78121e-05,8.87555,48.1338,8.65134e-06,10.0489,60.5876,2.7882e-06,11.3761,76.2629,8.29036e-07,12.8779,95.9927,2.4373e-07,14.5775,120.825,4.33068e-09,16.5012,152.08,1.75749e-07,18.6784,191.415,-1.86328e-07,21.1428,240.917,1.91829e-07,23.9322,303.213,-1.81475e-07,27.0895,381.602,7.0186e-08,30.6634,480.231,-2.86769e-08,34.7087,604.316,2.40784e-07,39.2876,760.401,9.87368e-08,44.4705,956.705,1.22263e-07,50.3371,1203.54,-4.31966e-07,56.9776,1513.81,-1.9705e-07,64.494,1903.69,-2.763e-08,73.0018,2393.4,3.9185e-07,82.6317,3008.13,1.35379e-07,93.5318,3779.25,-4.16351e-08,105.869,4745.7,2.06965e-08,119.834,5955.6,-3.18887e-07,135.641,7468.12,-1.48271e-08,153.531,9355.62,2.00739e-07,173.781,11705.8,2.28358e-07,196.701,14624.1,-1.93587e-08,222.642,18235,-2.88101e-07,252.003,22683.4,-2.24732e-07,285.234,28134,8.56806e-09,322.845,34767,2.34258e-07,365.413,42770.9,2.99668e-07,413.588,52327.9,8.28644e-08,468.111,63591.2,-3.07049e-07,529.814,76653.2,-3.1888e-07,599.642,91502.5,-6.72276e-08,678.662,107975,2.26339e-07,768.083,125705,3.69212e-07,869.267,144088,2.04077e-07,983.76,162277,-2.80509e-07,1113.3,179223,-4.22737e-07,1259.87,193777,-1.71951e-07,1425.68,204839,4.55555e-07,11.7194,11.96,12.6541,2.21263,4.16949,0.989383,2.67766,5.84076,0.311842,3.14343,7.55825,0.0972771,3.63127,9.58578,0.0303237,4.15787,12.0912,0.00945211,4.73731,15.2286,0.00294633,5.38238,19.1721,0.000918508,6.10553,24.134,0.000286163,6.91951,30.3791,8.92692e-05,7.83792,38.2397,2.78121e-05,8.87555,48.1338,8.65134e-06,10.0489,60.5876,2.7882e-06,11.3761,76.2629,8.29036e-07,12.8779,95.9927,2.4373e-07,14.5775,120.825,1e-08,16.5012,152.08,1.75749e-07,18.6784,191.415,1e-08,21.1428,240.917,1.91829e-07,23.9322,303.213,1e-08,27.0895,381.602,7.0186e-08,30.6634,480.231,1e-08,34.7087,604.316,2.40784e-07,39.2876,760.401,9.87368e-08,44.4705,956.705,1.22263e-07,50.3371,1203.54,1e-08,56.9776,1513.81,1e-08,64.494,1903.69,1e-08,73.0018,2393.4,3.9185e-07,82.6317,3008.13,1.35379e-07,93.5318,3779.25,1e-08,105.869,4745.7,2.06965e-08,119.834,5955.6,1e-08,135.641,7468.12,1e-08,153.531,9355.62,2.00739e-07,173.781,11705.8,2.28358e-07,196.701,14624.1,1e-08,222.642,18235,1e-08,252.003,22683.4,1e-08,285.234,28134,1e-08,322.845,34767,2.34258e-07,365.413,42770.9,2.99668e-07,413.588,52327.9,8.28644e-08,468.111,63591.2,1e-08,529.814,76653.2,1e-08,599.642,91502.5,1e-08,678.662,107975,2.26339e-07,768.083,125705,3.69212e-07,869.267,144088,2.04077e-07,983.76,162277,1e-08,1113.3,179223,1e-08,1259.87,193777,1e-08,1425.68,204839,4.55555e-07,6.2823,3.27286,2.43537,0.219672,6.18826,2.24117,0.56371,6.87772,2.63624,0.308279,17,10,17,3,7,1,1,10,0,2,12,0,4,12,0,3,13,0,9,20,0,4,22,0,9,15,0,2,43,0,6,39,0,10,124,0,31,54,0,6,53,0,18,89,0,23,148,0,22,166,0,21,159,0,30,213,0,9,516,0,33,538,0,17,763,0,19,374,0,66,847,0,68,968,0,60,1372,0,49,1477,0,36,1696,0,141,2469,0,70,2700,0,121,2498,0,214,6122,0,140,6539,0,157,6442,0,179,9661,0,110,9150,0,146,29069,0,228,21400,0,276,30199,0,216,34482,0,382,29058,0,406,26228,0,383,54727,0,482,23456,0,768,68010,0,404,91196,0,896,136746,0,719,149743,0,1294,187117,0,1739,106830,0,1110,290719,0,1506,186396,0,779,165379,0
-1.05176e+08,1,8.88811e-15,10,1023,0,1.05176e+08,0.528882,1.08665,0.389689,0.145397,0.379329,3.24381,0.161596,0.446195,1.77396,0.159177,1.15e+07,4.49998e+06,6.79999e+06,1.15e+07,4.49997e+06,6.79999e+06,1.15e+07,4.49996e+06,6.79999e+06,1.15e+07,4.49995e+06,6.79999e+06,1.14999e+07,4.49993e+06,6.79999e+06,1.14999e+07,4.49991e+06,6.79999e+06,1.14999e+07,4.49989e+06,6.79999e+06,1.14999e+07,4.49986e+06,6.79999e+06,1.14999e+07,4.49982e+06,6.79999e+06,1.14999e+07,4.49977e+06,6.79999e+06,1.14999e+07,4.49971e+06,6.79999e+06,1.14999e+07,4.49963e+06,6.79999e+06,1.14998e+07,4.49953e+06,6.79999e+06,1.14998e+07,4.49941e+06,6.79999e+06,1.14998e+07,4.49926e+06,6.79999e+06,1.14998e+07,4.49906e+06,6.79999e+06,1.14997e+07,4.49882e+06,6.79999e+06,1.14997e+07,4.49851e+06,6.79999e+06,1.14997e+07,4.49812e+06,6.79999e+06,1.14996e+07,4.49764e+06,6.79999e+06,1.14996e+07,4.49702e+06,6.79999e+06,1.14995e+07,4.49625e+06,6.79999e+06,1.14995e+07,4.49528e+06,6.79999e+06,1.14994e+07,4.49406e+06,6.79999e+06,1.14993e+07,4.49253e+06,6.79999e+06,1.14992e+07,4.49059e+06,6.79999e+06,1.14991e+07,4.48817e+06,6.79999e+06,1.1499e+07,4.48511e+06,6.79999e+06,1.14988e+07,4.48128e+06,6.79999e+06,1.14987e+07,4.47646e+06,6.79999e+06,1.14985e+07,4.47041e+06,6.79999e+06,1.14983e+07,4.46281e+06,6.79999e+06,1.14981e+07,4.4533e+06,6.79999e+06,1.14979e+07,4.44138e+06,6.79999e+06,1.14976e+07,4.42649e+06,6.79999e+06,1.14972e+07,4.40789e+06,6.79999e+06,1.14969e+07,4.38471e+06,6.79999e+06,1.14965e+07,4.35592e+06,6.79999e+06,1.1496e+07,4.32027e+06,6.79999e+06,1.14955e+07,4.27629e+06,6.79999e+06,1.14949e+07,4.22231e+06,6.79999e+06,1.14942e+07,4.15647e+06,6.79999e+06,1.14934e+07,4.07676e+06,6.79999e+06,1.14926e+07,3.98112e+06,6.79999e+06,1.14916e+07,3.86765e+06,6.79999e+06,1.14905e+07,3.73474e+06,6.79999e+06,1.14892e+07,3.58148e+06,6.79999e+06,1.14878e+07,3.40785e+06,6.79999e+06,1.14862e+07,3.21513e+06,6.79999e+06,1.14844e+07,3.00605e+06,6.79999e+06,1.14823e+07,2.7848e+06,6.79999e+06,1.148e+07,2.5568e+06,6.79999e+06,1.14773e+07,2.32825e+06,6.79999e+06,13.5742,8.52444,0.508366,16.8306,13.2585,0.162638,20.0035,17.569,0.0507846,23.2616,22.4214,0.0158319,26.7328,28.3297,0.00493498,30.5212,35.6974,0.00153831,34.7178,44.9473,0.000479527,39.4086,56.5822,0.000149456,44.6796,71.2245,4.66214e-05,50.6209,89.6543,1.45419e-05,57.3297,112.852,4.54748e-06,64.9129,142.051,1.43857e-06,73.4897,178.803,4.36618e-07,83.1934,225.062,1.40153e-07,94.1745,283.286,4.96378e-08,106.602,356.568,1.05434e-07,120.669,448.799,-6.49244e-08,136.59,564.873,1.70148e-07,154.611,710.948,-5.34594e-08,175.008,894.767,1.63407e-07,198.097,1126.06,8.04804e-08,224.231,1417.07,1.14667e-07,253.813,1783.15,-1.71227e-07,287.297,2243.62,-2.88466e-07,325.198,2822.67,-4.33651e-07,368.098,3550.67,7.9318e-08,416.657,4465.65,3.13319e-07,471.621,5615.16,3.4613e-07,533.835,7058.61,-1.19199e-07,604.255,8870.02,-2.79964e-07,683.962,11141.4,-2.30521e-07,774.182,13986.7,-2.55099e-07,876.299,17546.4,1.23585e-07,991.883,21993.1,1.41192e-07,1122.71,27536.7,-9.71886e-08,1270.78,34430.7,-3.68368e-07,1438.38,42977.7,-3.45379e-07,1628.07,53532.7,-3.25328e-09,1842.77,66504.6,2.6362e-07,2085.77,82350.2,2.53445e-07,2360.79,101560,-2.47407e-08,2672.05,124632,-3.80602e-07,3024.31,152018,-4.79005e-07,3422.98,184060,-1.14379e-07,3874.15,220884,2.64297e-07,4384.72,262283,3.44131e-07,4962.49,307576,7.5349e-08,5616.29,355497,-3.63097e-07,6356.1,404126,-6.05442e-07,7193.18,450932,-2.72333e-07,8140.28,492963,2.29675e-07,9211.79,527178,4.3387e-07,10424,550893,-1.0711e-07,10.102,8.06553,2.81012,10.6436,8.57909,0.869423,11.5336,10.2515,0.270869,12.7211,12.7138,0.0844293,14.1823,15.9373,0.0263173,15.9122,20.0383,0.0082035,17.9198,25.2154,0.00255722,20.2244,31.7373,0.000797017,22.8539,39.9486,0.000248622,25.8438,50.2851,7.75492e-05,29.237,63.2963,2.42508e-05,33.0837,79.6738,7.67162e-06,37.4415,100.288,2.32837e-06,42.3767,126.236,7.33e-07,47.9646,158.896,2.79256e-07,54.2906,200.003,9.87351e-09,61.452,251.741,1.61085e-07,69.5585,316.859,-2.47141e-07,78.7347,398.812,8.93552e-08,89.1218,501.948,-2.53231e-07,100.879,631.736,-1.25047e-07,114.188,795.049,-1.78808e-07,129.252,1000.53,2.6733e-07,146.304,1259.03,4.50292e-07,165.605,1584.19,6.76904e-07,187.452,1993.12,-1.23808e-07,212.181,2507.27,-4.89068e-07,240.173,3153.54,-5.40284e-07,271.856,3965.56,1.86061e-07,307.719,4985.38,4.37004e-07,348.313,6265.4,3.59828e-07,394.26,7870.83,3.98192e-07,446.268,9882.51,-1.92908e-07,505.135,12400.3,-2.20392e-07,571.766,15546.9,1.51705e-07,647.184,19472.2,5.74996e-07,732.547,24357.4,5.39112e-07,829.167,30420,5.07815e-09,938.526,37916.3,-4.11492e-07,1062.3,47143.9,-3.9561e-07,1202.4,58439.2,3.86185e-08,1360.96,72169.3,5.94093e-07,1540.42,88715.8,7.47693e-07,1743.53,108445,1.78537e-07,1973.41,131665,-4.12549e-07,2233.57,158557,-5.37164e-07,2528,189103,-1.17615e-07,2861.2,222986,5.66769e-07,3238.27,259510,9.45053e-07,3664.97,297540,4.25093e-07,4147.81,335497,-3.58506e-07,4694.17,371444,-6.7724e-07,5312.37,403256,1.67192e-07,1.61744,3.89446,9.84394,3.28846,7.5504,12.774,5.07607,11.7187,13.6844,7.03202,16.8147,13.9681,9.20215,23.1769,14.0566,11.6301,31.1672,14.0841,14.3598,41.2186,14.0927,17.4376,53.8688,14.0954,20.9137,69.7915,14.0962,24.8432,89.8341,14.0965,29.2879,115.063,14.0966,34.3168,146.819,14.0966,40.0078,186.792,14.0966,46.4487,237.107,14.0966,53.7388,300.44,14.0966,61.9903,380.158,14.0966,71.3301,480.499,14.0966,81.902,606.796,14.0966,93.8685,765.761,14.0966,107.414,965.837,14.0966,122.746,1217.65,14.0966,140.101,1534.57,14.0966,159.745,1933.41,14.0966,181.981,2435.3,14.0966,207.15,3066.85,14.0966,235.64,3861.46,14.0966,267.889,4861.11,14.0966,304.391,6118.54,14.0966,345.709,7699.91,14.0966,392.478,9688.22,14.0966,445.417,12187.5,14.0966,505.339,15327.7,14.0966,573.165,19271.6,14.0966,649.938,24222,14.0966,736.839,30430.9,14.0966,835.202,38211.5,14.0966,946.539,47950.3,14.0966,1072.56,60122.8,14.0966,1215.21,75309.9,14.0966,1376.66,94216.2,14.0966,1559.41,117688,14.0966,1766.26,146729,14.0966,2000.39,182510,14.0966,2265.39,226372,14.0966,2565.33,279806,14.0966,2904.81,344416,14.0966,3289.05,421845,14.0966,3723.93,513667,14.0966,4216.13,621231,14.0966,4773.18,745478,14.0966,5403.64,886744,14.0966,6117.15,1.04457e+06,14.0966,6924.63,1.2176e+06,14.0966,11.7194,11.96,12.6541,13.9321,16.1295,13.6434,16.6097,21.9702,13.9553,19.7532,29.5285,14.0526,23.3844,39.1143,14.0829,27.5423,51.2054,14.0923,32.2796,66.434,14.0953,37.662,85.6061,14.0962,43.7675,109.74,14.0965,50.687,140.119,14.0966,58.5249,178.359,14.0966,67.4005,226.493,14.0966,77.4493,287.08,14.0966,88.8254,363.343,14.0966,101.703,459.336,14.0966,116.281,580.161,14.0966,132.782,732.241,14.0966,151.46,923.655,14.0966,172.603,1164.57,14.0966,196.535,1467.79,14.0966,223.625,1849.39,14.0966,254.288,2329.62,14.0966,288.997,2933.93,14.0966,328.285,3694.33,14.0966,372.755,4651.04,14.0966,423.092,5854.57,14.0966,480.07,7368.38,14.0966,544.564,9272.08,14.0966,617.566,11665.5,14.0966,700.197,14673.6,14.0966,793.729,18452.9,14.0966,899.599,23198.6,14.0966,1019.43,29154.1,14.0966,1155.07,36622.3,14.0966,1308.6,45977.9,14.0966,1482.39,57683.7,14.0966,1679.09,72307.8,14.0966,1901.73,90542.8,14.0966,2153.73,113226,14.0966,2438.97,141360,14.0966,2761.81,176127,14.0966,3127.22,218898,14.0966,3540.81,271226,14.0966,4008.92,334817,14.0966,4538.74,411470,14.0966,5138.38,502973,14.0966,5817.04,610948,14.0966,6585.12,736653,14.0966,7454.39,880741,14.0966,8438.15,1.04302e+06,14.0966,9551.45,1.22224e+06,14.0966,10811.3,1.41602e+06,14.0966,12237,1.62086e+06,14.0966,11.7194,11.96,12.6541,2.21263,4.16949,0.989383,2.67766,5.84076,0.311842,3.14343,7.55825,0.0972771,3.63127,9.58578,0.0303237,4.15787,12.0912,0.00945211,4.73731,15.2286,0.00294633,5.38238,19.1721,0.000918508,6.10553,24.134,0.000286163,6.91951,30.3791,8.92692e-05,7.83792,38.2397,2.78121e-05,8.87555,48.1338,8.65134e-06,10.0489,60.5876,2.7882e-06,11.3761,76.2629,8.29036e-07,12.8779,95.9927,2.4373e-07,14.5775,120.825,4.33068e-09,16.5012,152.08,1.75749e-07,18.6784,191.415,-1.86328e-07,21.1428,240.917,1.91829e-07,23.9322,303.213,-1.81475e-07,27.0895,381.602,7.0186e-08,30.6634,480.231,-2.86769e-08,34.7087,604.316,2.40784e-07,39.2876,760.401,9.87368e-08,44.4705,956.705,1.22263e-07,50.3371,1203.54,-4.31966e-07,56.9776,1513.81,-1.9705e-07,64.494,1903.69,-2.763e-08,73.0018,2393.4,3.9185e-07,82.6317,3008.13,1.35379e-07,93.5318,3779.25,-4.16351e-08,105.869,4745.7,2.06965e-08,119.834,5955.6,-3.18887e-07,135.641,7468.12,-1.48271e-08,153.531,9355.62,2.00739e-07,173.781,11705.8,2.28358e-07,196.701,14624.1,-1.93587e-08,222.642,18235,-2.88101e-07,252.003,22683.4,-2.24732e-07,285.234,28134,8.56806e-09,322.845,34767,2.34258e-07,365.413,42770.9,2.99668e-07,413.588,52327.9,8.28644e-08,468.111,63591.2,-3.07049e-07,529.814,76653.2,-3.1888e-07,599.642,91502.5,-6.72276e-08,678.662,107975,2.26339e-07,768.083,125705,3.69212e-07,869.267,144088,2.04077e-07,983.76,162277,-2.80509e-07,1113.3,179223,-4.22737e-07,1259.87,193777,-1.71951e-07,1425.68,204839,4.55555e-07,11.7194,11.96,12.6541,2.21263,4.16949,0.989383,2.67766,5.84076,0.311842,3.14343,7.55825,0.0972771,3.63127,9.58578,0.0303237,4.15787,12.0912,0.00945211,4.73731,15.2286,0.00294633,5.38238,19.1721,0.000918508,6.10553,24.134,0.000286163,6.91951,30.3791,8.92692e-05,7.83792,38.2397,2.78121e-05,8.87555,48.1338,8.65134e-06,10.0489,60.5876,2.7882e-06,11.3761,76.2629,8.29036e-07,12.8779,95.9927,2.4373e-07,14.5775,120.825,1e-08,16.5012,152.08,1.75749e-07,18.6784,191.415,1e-08,21.1428,240.917,1.91829e-07,23.9322,303.213,1e-08,27.0895,381.602,7.0186e-08,30.6634,480.231,1e-08,34.7087,604.316,2.40784e-07,39.2876,760.401,9.87368e-08,44.4705,956.705,1.22263e-07,50.3371,1203.54,1e-08,56.9776,1513.81,1e-08,64.494,1903.69,1e-08,73.0018,2393.4,3.9185e-07,82.6317,3008.13,1.35379e-07,93.5318,3779.25,1e-08,105.869,4745.7,2.06965e-08,119.834,5955.6,1e-08,135.641,7468.12,1e-08,153.531,9355.62,2.00739e-07,173.781,11705.8,2.28358e-07,196.701,14624.1,1e-08,222.642,18235,1e-08,252.003,22683.4,1e-08,285.234,28134,1e-08,322.845,34767,2.34258e-07,365.413,42770.9,2.99668e-07,413.588,52327.9,8.28644e-08,468.111,63591.2,1e-08,529.814,76653.2,1e-08,599.642,91502.5,1e-08,678.662,107975,2.26339e-07,768.083,125705,3.69212e-07,869.267,144088,2.04077e-07,983.76,162277,1e-08,1113.3,179223,1e-08,1259.87,193777,1e-08,1425.68,204839,4.55555e-07,6.2823,3.27286,2.43537,0.219672,6.18826,2.24117,0.56371,6.87772,2.63624,0.308279,19,6,5,0,4,0,4,16,1,10,9,0,2,10,0,4,8,0,5,15,0,5,14,0,6,13,0,5,41,0,6,37,0,12,44,0,13,34,0,21,95,0,15,72,0,21,87,0,11,142,0,7,102,0,12,235,0,34,292,0,36,519,0,41,751,0,49,353,0,39,361,0,27,1022,0,54,1087,0,32,1586,0,52,2116,0,58,3052,0,69,2468,0,113,4846,0,123,3829,0,79,9859,0,239,4725,0,189,7745,0,205,7224,0,310,23585,0,227,13964,0,375,32645,0,272,29331,0,415,51056,0,433,39167,0,153,30435,0,353,84347,0,690,83705,0,418,64075,0,663,73318,0,846,192270,0,707,84304,0,2073,144460,0,738,198114,0,1116,240372,0,2152,273908,0
-1.05176e+08,1,8.88811e-15,10,1023,0,1.05176e+08,0.528882,1.08665,0.389689,0.145397,0.379329,3.24381,0.161596,0.446195,1.77396,0.159177,1.15e+07,4.49998e+06,6.79999e+06,1.15e+07,4.49997e+06,6.79999e+06,1.15e+07,4.49996e+06,6.79999e+06,1.15e+07,4.49995e+06,6.79999e+06,1.14999e+07,4.49993e+06,6.79999e+06,1.14999e+07,4.49991e+06,6.79999e+06,1.14999e+07,4.49989e+06,6.79999e+06,1.14999e+07,4.49986e+06,6.79999e+06,1.14999e+07,4.49982e+06,6.79999e+06,1.14999e+07,4.49977e+06,6.79999e+06,1.14999e+07,4.49971e+06,6.79999e+06,1.14999e+07,4.49963e+06,6.79999e+06,1.14998e+07,4.49953e+06,6.79999e+06,1.14998e+07,4.49941e+06,6.79999e+06,1.14998e+07,4.49926e+06,6.79999e+06,1.14998e+07,4.49906e+06,6.79999e+06,1.14997e+07,4.49882e+06,6.79999e+06,1.14997e+07,4.49851e+06,6.79999e+06,1.14997e+07,4.49812e+06,6.79999e+06,1.14996e+07,4.49764e+06,6.79999e+06,1.14996e+07,4.49702e+06,6.79999e+06,1.14995e+07,4.49625e+06,6.79999e+06,1.14995e+07,4.49528e+06,6.79999e+06,1.14994e+07,4.49406e+06,6.79999e+06,1.14993e+07,4.49253e+06,6.79999e+06,1.14992e+07,4.49059e+06,6.79999e+06,1.14991e+07,4.48817e+06,6.79999e+06,1.1499e+07,4.48511e+06,6.79999e+06,1.14988e+07,4.48128e+06,6.79999e+06,1.14987e+07,4.47646e+06,6.79999e+06,1.14985e+07,4.47041e+06,6.79999e+06,1.14983e+07,4.46281e+06,6.79999e+06,1.14981e+07,4.4533e+06,6.79999e+06,1.14979e+07,4.44138e+06,6.79999e+06,1.14976e+07,4.42649e+06,6.79999e+06,1.14972e+07,4.40789e+06,6.79999e+06,1.14969e+07,4.38471e+06,6.79999e+06,1.14965e+07,4.35592e+06,6.79999e+06,1.1496e+07,4.32027e+06,6.79999e+06,1.14955e+07,4.27629e+06,6.79999e+06,1.14949e+07,4.22231e+06,6.79999e+06,1.14942e+07,4.15647e+06,6.79999e+06,1.14934e+07,4.07676e+06,6.79999e+06,1.14926e+07,3.98112e+06,6.79999e+06,1.14916e+07,3.86765e+06,6.79999e+06,1.14905e+07,3.73474e+06,6.79999e+06,1.14892e+07,3.58148e+06,6.79999e+06,1.14878e+07,3.40785e+06,6.79999e+06,1.14862e+07,3.21513e+06,6.79999e+06,1.14844e+07,3.00605e+06,6.79999e+06,1.14823e+07,2.7848e+06,6.79999e+06,1.148e+07,2.5568e+06,6.79999e+06,1.14773e+07,2.32825e+06,6.79999e+06,13.5742,8.52444,0.508366,16.8306,13.2585,0.162638,20.0035,17.569,0.0507846,23.2616,22.4214,0.0158319,26.7328,28.3297,0.00493498,30.5212,35.6974,0.00153831,34.7178,44.9473,0.000479527,39.4086,56.5822,0.000149456,44.6796,71.2245,4.66214e-05,50.6209,89.6543,1.45419e-05,57.3297,112.852,4.54748e-06,64.9129,142.051,1.43857e-06,73.4897,178.803,4.36618e-07,83.1934,225.062,1.40153e-07,94.1745,283.286,4.96378e-08,106.602,356.568,1.05434e-07,120.669,448.799,-6.49244e-08,136.59,564.873,1.70148e-07,154.611,710.948,-5.34594e-08,175.008,894.767,1.63407e-07,198.097,1126.06,8.04804e-08,224.231,1417.07,1.14667e-07,253.813,1783.15,-1.71227e-07,287.297,2243.62,-2.88466e-07,325.198,2822.67,-4.33651e-07,368.098,3550.67,7.9318e-08,416.657,4465.65,3.13319e-07,471.621,5615.16,3.4613e-07,533.835,7058.61,-1.19199e-07,604.255,8870.02,-2.79964e-07,683.962,11141.4,-2.30521e-07,774.182,13986.7,-2.55099e-07,876.299,17546.4,1.23585e-07,991.883,21993.1,1.41192e-07,1122.71,27536.7,-9.71886e-08,1270.78,34430.7,-3.68368e-07,1438.38,42977.7,-3.45379e-07,1628.07,53532.7,-3.25328e-09,1842.77,66504.6,2.6362e-07,2085.77,82350.2,2.53445e-07,2360.79,101560,-2.47407e-08,2672.05,124632,-3.80602e-07,3024.31,152018,-4.79005e-07,3422.98,184060,-1.14379e-07,3874.15,220884,2.64297e-07,4384.72,262283,3.44131e-07,4962.49,307576,7.5349e-08,5616.29,355497,-3.63097e-07,6356.1,404126,-6.05442e-07,7193.18,450932,-2.72333e-07,8140.28,492963,2.29675e-07,9211.79,527178,4.3387e-07,10424,550893,-1.0711e-07,10.102,8.06553,2.81012,10.6436,8.57909,0.869423,11.5336,10.2515,0.270869,12.7211,12.7138,0.0844293,14.1823,15.9373,0.0263173,15.9122,20.0383,0.0082035,17.9198,25.2154,0.00255722,20.2244,31.7373,0.000797017,22.8539,39.9486,0.000248622,25.8438,50.2851,7.75492e-05,29.237,63.2963,2.42508e-05,33.0837,79.6738,7.67162e-06,37.4415,100.288,2.32837e-06,42.3767,126.236,7.33e-07,47.9646,158.896,2.79256e-07,54.2906,200.003,9.87351e-09,61.452,251.741,1.61085e-07,69.5585,316.859,-2.47141e-07,78.7347,398.812,8.93552e-08,89.1218,501.948,-2.53231e-07,100.879,631.736,-1.25047e-07,114.188,795.049,-1.78808e-07,129.252,1000.53,2.6733e-07,146.304,1259.03,4.50292e-07,165.605,1584.19,6.76904e-07,187.452,1993.12,-1.23808e-07,212.181,2507.27,-4.89068e-07,240.173,3153.54,-5.40284e-07,271.856,3965.56,1.86061e-07,307.719,4985.38,4.37004e-07,348.313,6265.4,3.59828e-07,394.26,7870.83,3.98192e-07,446.268,9882.51,-1.92908e-07,505.135,12400.3,-2.20392e-07,571.766,15546.9,1.51705e-07,647.184,19472.2,5.74996e-07,732.547,24357.4,5.39112e-07,829.167,30420,5.07815e-09,938.526,37916.3,-4.11492e-07,1062.3,47143.9,-3.9561e-07,1202.4,58439.2,3.86185e-08,1360.96,72169.3,5.94093e-07,1540.42,88715.8,7.47693e-07,1743.53,108445,1.78537e-07,1973.41,131665,-4.12549e-07,2233.57,158557,-5.37164e-07,2528,189103,-1.17615e-07,2861.2,222986,5.66769e-07,3238.27,259510,9.45053e-07,3664.97,297540,4.25093e-07,4147.81,335497,-3.58506e-07,4694.17,371444,-6.7724e-07,5312.37,403256,1.67192e-07,1.61744,3.89446,9.84394,3.28846,7.5504,12.774,5.07607,11.7187,13.6844,7.03202,16.8147,13.9681,9.20215,23.1769,14.0566,11.6301,31.1672,14.0841,14.3598,41.2186,14.0927,17.4376,53.8688,14.0954,20.9137,69.7915,14.0962,24.8432,89.8341,14.0965,29.2879,115.063,14.0966,34.3168,146.819,14.0966,40.0078,186.792,14.0966,46.4487,237.107,14.0966,53.7388,300.44,14.0966,61.9903,380.158,14.0966,71.3301,480.499,14.0966,81.902,606.796,14.0966,93.8685,765.761,14.0966,107.414,965.837,14.0966,122.746,1217.65,14.0966,140.101,1534.57,14.0966,159.745,1933.41,14.0966,181.981,2435.3,14.0966,207.15,3066.85,14.0966,235.64,3861.46,14.0966,267.889,4861.11,14.0966,304.391,6118.54,14.0966,345.709,7699.91,14.0966,392.478,9688.22,14.0966,445.417,12187.5,14.0966,505.339,15327.7,14.0966,573.165,19271.6,14.0966,649.938,24222,14.0966,736.839,30430.9,14.0966,835.202,38211.5,14.0966,946.539,47950.3,14.0966,1072.56,60122.8,14.0966,1215.21,75309.9,14.0966,1376.66,94216.2,14.0966,1559.41,117688,14.0966,1766.26,146729,14.0966,2000.39,182510,14.0966,2265.39,226372,14.0966,2565.33,279806,14.0966,2904.81,344416,14.0966,3289.05,421845,14.0966,3723.93,513667,14.0966,4216.13,621231,14.0966,4773.18,745478,14.0966,5403.64,886744,14.0966,6117.15,1.04457e+06,14.0966,6924.63,1.2176e+06,14.0966,11.7194,11.96,12.6541,13.9321,16.1295,13.6434,16.6097,21.9702,13.9553,19.7532,29.5285,14.0526,23.3844,39.1143,14.0829,27.5423,51.2054,14.0923,32.2796,66.434,14.0953,37.662,85.6061,14.0962,43.7675,109.74,14.0965,50.687,140.119,14.0966,58.5249,178.359,14.0966,67.4005,226.493,14.0966,77.4493,287.08,14.0966,88.8254,363.343,14.0966,101.703,459.336,14.0966,116.281,580.161,14.0966,132.782,732.241,14.0966,151.46,923.655,14.0966,172.603,1164.57,14.0966,196.535,1467.79,14.0966,223.625,1849.39,14.0966,254.288,2329.62,14.0966,288.997,2933.93,14.0966,328.285,3694.33,14.0966,372.755,4651.04,14.0966,423.092,5854.57,14.0966,480.07,7368.38,14.0966,544.564,9272.08,14.0966,617.566,11665.5,14.0966,700.197,14673.6,14.0966,793.729,18452.9,14.0966,899.599,23198.6,14.0966,1019.43,29154.1,14.0966,1155.07,36622.3,14.0966,1308.6,45977.9,14.0966,1482.39,57683.7,14.0966,1679.09,72307.8,14.0966,1901.73,90542.8,14.0966,2153.73,113226,14.0966,2438.97,141360,14.0966,2761.81,176127,14.0966,3127.22,218898,14.0966,3540.81,271226,14.0966,4008.92,334817,14.0966,4538.74,411470,14.0966,5138.38,502973,14.0966,5817.04,610948,14.0966,6585.12,736653,14.0966,7454.39,880741,14.0966,8438.15,1.04302e+06,14.0966,9551.45,1.22224e+06,14.0966,10811.3,1.41602e+06,14.0966,12237,1.62086e+06,14.0966,11.7194,11.96,12.6541,2.21263,4.16949,0.989383,2.67766,5.84076,0.311842,3.14343,7.55825,0.0972771,3.63127,9.58578,0.0303237,4.15787,12.0912,0.00945211,4.73731,15.2286,0.00294633,5.38238,19.1721,0.000918508,6.10553,24.134,0.000286163,6.91951,30.3791,8.92692e-05,7.83792,38.2397,2.78121e-05,8.87555,48.1338,8.65134e-06,10.0489,60.5876,2.7882e-06,11.3761,76.2629,8.29036e-07,12.8779,95.9927,2.4373e-07,14.5775,120.825,4.33068e-09,16.5012,152.08,1.75749e-07,18.6784,191.415,-1.86328e-07,21.1428,240.917,1.91829e-07,23.9322,303.213,-1.81475e-07,27.0895,381.602,7.0186e-08,30.6634,480.231,-2.86769e-08,34.7087,604.316,2.40784e-07,39.2876,760.401,9.87368e-08,44.4705,956.705,1.22263e-07,50.3371,1203.54,-4.31966e-07,56.9776,1513.81,-1.9705e-07,64.494,1903.69,-2.763e-08,73.0018,2393.4,3.9185e-07,82.6317,3008.13,1.35379e-07,93.5318,3779.25,-4.16351e-08,105.869,4745.7,2.06965e-08,119.834,5955.6,-3.18887e-07,135.641,7468.12,-1.48271e-08,153.531,9355.62,2.00739e-07,173.781,11705.8,2.28358e-07,196.701,14624.1,-1.93587e-08,222.642,18235,-2.88101e-07,252.003,22683.4,-2.24732e-07,285.234,28134,8.56806e-09,322.845,34767,2.34258e-07,365.413,42770.9,2.99668e-07,413.588,52327.9,8.28644e-08,468.111,63591.2,-3.07049e-07,529.814,76653.2,-3.1888e-07,599.642,91502.5,-6.72276e-08,678.662,107975,2.26339e-07,768.083,125705,3.69212e-07,869.267,144088,2.04077e-07,983.76,162277,-2.80509e-07,1113.3,179223,-4.22737e-07,1259.87,193777,-1.71951e-07,1425.68,204839,4.55555e-07,11.7194,11.96,12.6541,2.21263,4.16949,0.989383,2.67766,5.84076,0.311842,3.14343,7.55825,0.0972771,3.63127,9.58578,0.0303237,4.15787,12.0912,0.00945211,4.73731,15.2286,0.00294633,5.38238,19.1721,0.000918508,6.10553,24.134,0.000286163,6.91951,30.3791,8.92692e-05,7.83792,38.2397,2.78121e-05,8.87555,48.1338,8.65134e-06,10.0489,60.5876,2.7882e-06,11.3761,76.2629,8.29036e-07,12.8779,95.9927,2.4373e-07,14.5775,120.825,1e-08,16.5012,152.08,1.75749e-07,18.6784,191.415,1e-08,21.1428,240.917,1.91829e-07,23.9322,303.213,1e-08,27.0895,381.602,7.0186e-08,30.6634,480.231,1e-08,34.7087,604.316,2.40784e-07,39.2876,760.401,9.87368e-08,44.4705,956.705,1.22263e-07,50.3371,1203.54,1e-08,56.9776,1513.81,1e-08,64.494,1903.69,1e-08,73.0018,2393.4,3.9185e-07,82.6317,3008.13,1.35379e-07,93.5318,3779.25,1e-08,105.869,4745.7,2.06965e-08,119.834,5955.6,1e-08,135.641,7468.12,1e-08,153.531,9355.62,2.00739e-07,173.781,11705.8,2.28358e-07,196.701,14624.1,1e-08,222.642,18235,1e-08,252.003,22683.4,1e-08,285.234,28134,1e-08,322.845,34767,2.34258e-07,365.413,42770.9,2.99668e-07,413.588,52327.9,8.28644e-08,468.111,63591.2,1e-08,529.814,76653.2,1e-08,599.642,91502.5,1e-08,678.662,107975,2.26339e-07,768.083,125705,3.69212e-07,869.267,144088,2.04077e-07,983.76,162277,1e-08,1113.3,179223,1e-08,1259.87,193777,1e-08,1425.68,204839,4.55555e-07,6.2823,3.27286,2.43537,0.219672,6.18826,2.24117,0.56371,6.87772,2.63624,0.308279,13,7,10,3,2,1,4,5,1,1,0,0,1,2,0,5,18,0,4,4,0,5,18,0,3,29,0,14,19,0,2,17,0,2,20,0,13,30,0,2,90,0,11,105,0,20,112,0,36,130,0,18,155,0,13,98,0,22,252,0,14,500,0,34,309,0,54,298,0,45,709,0,34,624,0,26,386,0,43,319,0,72,842,0,79,1479,0,87,4505,0,54,7722,0,134,6543,0,128,9123,0,204,10656,0,244,13520,0,249,13618,0,70,24556,0,114,18311,0,181,12686,0,238,29677,0,294,22677,0,418,24137,0,375,63985,0,154,70580,0,357,110877,0,363,36200,0,551,107473,0,716,161401,0,560,90146,0,240,141534,0,763,137487,0,946,326100,0,1133,261240,0
-1.05176e+08,1,8.88811e-15,10,1023,0,1.05176e+08,0.528882,1.08665,0.389689,0.145397,0.379329,3.24381,0.161596,0.446195,1.77396,0.159177,1.15e+07,4.49998e+06,6.79999e+06,1.15e+07,4.49997e+06,6.79999e+06,1.15e+07,4.49996e+06,6.79999e+06,1.15e+07,4.49995e+06,6.79999e+06,1.14999e+07,4.49993e+06,6.79999e+06,1.14999e+07,4.49991e+06,6.79999e+06,1.14999e+07,4.49989e+06,6.79999e+06,1.14999e+07,4.49986e+06,6.79999e+06,1.14999e+07,4.49982e+06,6.79999e+06,1.14999e+07,4.49977e+06,6.79999e+06,1.14999e+07,4.49971e+06,6.79999e+06,1.14999e+07,4.49963e+06,6.79999e+06,1.14998e+07,4.49953e+06,6.79999e+06,1.14998e+07,4.49941e+06,6.79999e+06,1.14998e+07,4.49926e+06,6.79999e+06,1.14998e+07,4.49906e+06,6.79999e+06,1.14997e+07,4.49882e+06,6.79999e+06,1.14997e+07,4.49851e+06,6.79999e+06,1.14997e+07,4.49812e+06,6.79999e+06,1.14996e+07,4.49764e+06,6.79999e+06,1.14996e+07,4.49702e+06,6.79999e+06,1.14995e+07,4.49625e+06,6.79999e+06,1.14995e+07,4.49528e+06,6.79999e+06,1.14994e+07,4.49406e+06,6.79999e+06,1.14993e+07,4.49253e+06,6.79999e+06,1.14992e+07,4.49059e+06,6.79999e+06,1.14991e+07,4.48817e+06,6.79999e+06,1.1499e+07,4.48511e+06,6.79999e+06,1.14988e+07,4.48128e+06,6.79999e+06,1.14987e+07,4.47646e+06,6.79999e+06,1.14985e+07,4.47041e+06,6.79999e+06,1.14983e+07,4.46281e+06,6.79999e+06,1.14981e+07,4.4533e+06,6.79999e+06,1.14979e+07,4.44138e+06,6.79999e+06,1.14976e+07,4.42649e+06,6.79999e+06,1.14972e+07,4.40789e+06,6.79999e+06,1.14969e+07,4.38471e+06,6.79999e+06,1.14965e+07,4.35592e+06,6.79999e+06,1.1496e+07,4.32027e+06,6.79999e+06,1.14955e+07,4.27629e+06,6.79999e+06,1.14949e+07,4.22231e+06,6.79999e+06,1.14942e+07,4.15647e+06,6.79999e+06,1.14934e+07,4.07676e+06,6.79999e+06,1.14926e+07,3.98112e+06,6.79999e+06,1.14916e+07,3.86765e+06,6.79999e+06,1.14905e+07,3.73474e+06,6.79999e+06,1.14892e+07,3.58148e+06,6.79999e+06,1.14878e+07,3.40785e+06,6.79999e+06,1.14862e+07,3.21513e+06,6.79999e+06,1.14844e+07,3.00605e+06,6.79999e+06,1.14823e+07,2.7848e+06,6.79999e+06,1.148e+07,2.5568e+06,6.79999e+06,1.14773e+07,2.32825e+06,6.79999e+06,13.5742,8.52444,0.508366,16.8306,13.2585,0.162638,20.0035,17.569,0.0507846,23.2616,22.4214,0.0158319,26.7328,28.3297,0.00493498,30.5212,35.6974,0.00153831,34.7178,44.9473,0.000479527,39.4086,56.5822,0.000149456,44.6796,71.2245,4.66214e-05,50.6209,89.6543,1.45419e-05,57.3297,112.852,4.54748e-06,64.9129,142.051,1.43857e-06,73.4897,178.803,4.36618e-07,83.1934,225.062,1.40153e-07,94.1745,283.286,4.96378e-08,106.602,356.568,1.05434e-07,120.669,448.799,-6.49244e-08,136.59,564.873,1.70148e-07,154.611,710.948,-5.34594e-08,175.008,894.767,1.63407e-07,198.097,1126.06,8.04804e-08,224.231,1417.07,1.14667e-07,253.813,1783.15,-1.71227e-07,287.297,2243.62,-2.88466e-07,325.198,2822.67,-4.33651e-07,368.098,3550.67,7.9318e-08,416.657,4465.65,3.13319e-07,471.621,5615.16,3.4613e-07,533.835,7058.61,-1.19199e-07,604.255,8870.02,-2.79964e-07,683.962,11141.4,-2.30521e-07,774.182,13986.7,-2.55099e-07,876.299,17546.4,1.23585e-07,991.883,21993.1,1.41192e-07,1122.71,27536.7,-9.71886e-08,1270.78,34430.7,-3.68368e-07,1438.38,42977.7,-3.45379e-07,1628.07,53532.7,-3.25328e-09,1842.77,66504.6,2.6362e-07,2085.77,82350.2,2.53445e-07,2360.79,101560,-2.47407e-08,2672.05,124632,-3.80602e-07,3024.31,152018,-4.79005e-07,3422.98,184060,-1.14379e-07,3874.15,220884,2.64297e-07,4384.72,262283,3.44131e-07,4962.49,307576,7.5349e-08,5616.29,355497,-3.63097e-07,6356.1,404126,-6.05442e-07,7193.18,450932,-2.72333e-07,8140.28,492963,2.29675e-07,9211.79,527178,4.3387e-07,10424,550893,-1.0711e-07,10.102,8.06553,2.81012,10.6436,8.57909,0.869423,11.5336,10.2515,0.270869,12.7211,12.7138,0.0844293,14.1823,15.9373,0.0263173,15.9122,20.0383,0.0082035,17.9198,25.2154,0.00255722,20.2244,31.7373,0.000797017,22.8539,39.9486,0.000248622,25.8438,50.2851,7.75492e-05,29.237,63.2963,2.42508e-05,33.0837,79.6738,7.67162e-06,37.4415,100.288,2.32837e-06,42.3767,126.236,7.33e-07,47.9646,158.896,2.79256e-07,54.2906,200.003,9.87351e-09,61.452,251.741,1.61085e-07,69.5585,316.859,-2.47141e-07,78.7347,398.812,8.93552e-08,89.1218,501.948,-2.53231e-07,100.879,631.736,-1.25047e-07,114.188,795.049,-1.78808e-07,129.252,1000.53,2.6733e-07,146.304,1259.03,4.50292e-07,165.605,1584.19,6.76904e-07,187.452,1993.12,-1.23808e-07,212.181,2507.27,-4.89068e-07,240.173,3153.54,-5.40284e-07,271.856,3965.56,1.86061e-07,307.719,4985.38,4.37004e-07,348.313,6265.4,3.59828e-07,394.26,7870.83,3.98192e-07,446.268,9882.51,-1.92908e-07,505.135,12400.3,-2.20392e-07,571.766,15546.9,1.51705e-07,647.184,19472.2,5.74996e-07,732.547,24357.4,5.39112e-07,829.167,30420,5.07815e-09,938.526,37916.3,-4.11492e-07,1062.3,47143.9,-3.9561e-07,1202.4,58439.2,3.86185e-08,1360.96,72169.3,5.94093e-07,1540.42,88715.8,7.47693e-07,1743.53,108445,1.78537e-07,1973.41,131665,-4.12549e-07,2233.57,158557,-5.37164e-07,2528,189103,-1.17615e-07,2861.2,222986,5.66769e-07,3238.27,259510,9.45053e-07,3664.97,297540,4.25093e-07,4147.81,335497,-3.58506e-07,4694.17,371444,-6.7724e-07,5312.37,403256,1.67192e-07,1.61744,3.89446,9.84394,3.28846,7.5504,12.774,5.07607,11.7187,13.6844,7.03202,16.8147,13.9681,9.20215,23.1769,14.0566,11.6301,31.1672,14.0841,14.3598,41.2186,14.0927,17.4376,53.8688,14.0954,20.9137,69.7915,14.0962,24.8432,89.8341,14.0965,29.2879,115.063,14.0966,34.3168,146.819,14.0966,40.0078,186.792,14.0966,46.4487,237.107,14.0966,53.7388,300.44,14.0966,61.9903,380.158,14.0966,71.3301,480.499,14.0966,81.902,606.796,14.0966,93.8685,765.761,14.0966,107.414,965.837,14.0966,122.746,1217.65,14.0966,140.101,1534.57,14.0966,159.745,1933.41,14.0966,181.981,2435.3,14.0966,207.15,3066.85,14.0966,235.64,3861.46,14.0966,267.889,4861.11,14.0966,304.391,6118.54,14.0966,345.709,7699.91,14.0966,392.478,9688.22,14.0966,445.417,12187.5,14.0966,505.339,15327.7,14.0966,573.165,19271.6,14.0966,649.938,24222,14.0966,736.839,30430.9,14.0966,835.202,38211.5,14.0966,946.539,47950.3,14.0966,1072.56,60122.8,14.0966,1215.21,75309.9,14.0966,1376.66,94216.2,14.0966,1559.41,117688,14.0966,1766.26,146729,14.0966,2000.39,182510,14.0966,2265.39,226372,14.0966,2565.33,279806,14.0966,2904.81,344416,14.0966,3289.05,421845,14.0966,3723.93,513667,14.0966,4216.13,621231,14.0966,4773.18,745478,14.0966,5403.64,886744,14.0966,6117.15,1.04457e+06,14.0966,6924.63,1.2176e+06,14.0966,11.7194,11.96,12.6541,13.9321,16.1295,13.6434,16.6097,21.9702,13.9553,19.7532,29.5285,14.0526,23.3844,39.1143,14.0829,27.5423,51.2054,14.0923,32.2796,66.434,14.0953,37.662,85.6061,14.0962,43.7675,109.74,14.0965,50.687,140.119,14.0966,58.5249,178.359,14.0966,67.4005,226.493,14.0966,77.4493,287.08,14.0966,88.8254,363.343,14.0966,101.703,459.336,14.0966,116.281,580.161,14.0966,132.782,732.241,14.0966,151.46,923.655,14.0966,172.603,1164.57,14.0966,196.535,1467.79,14.0966,223.625,1849.39,14.0966,254.288,2329.62,14.0966,288.997,2933.93,14.0966,328.285,3694.33,14.0966,372.755,4651.04,14.0966,423.092,5854.57,14.0966,480.07,7368.38,14.0966,544.564,9272.08,14.0966,617.566,11665.5,14.0966,700.197,14673.6,14.0966,793.729,18452.9,14.0966,899.599,23198.6,14.0966,1019.43,29154.1,14.0966,1155.07,36622.3,14.0966,1308.6,45977.9,14.0966,1482.39,57683.7,14.0966,1679.09,72307.8,14.0966,1901.73,90542.8,14.0966,2153.73,113226,14.0966,2438.97,141360,14.0966,2761.81,176127,14.0966,3127.22,218898,14.0966,3540.81,271226,14.0966,4008.92,334817,14.0966,4538.74,411470,14.0966,5138.38,502973,14.0966,5817.04,610948,14.0966,6585.12,736653,14.0966,7454.39,880741,14.0966,8438.15,1.04302e+06,14.0966,9551.45,1.22224e+06,14.0966,10811.3,1.41602e+06,14.0966,12237,1.62086e+06,14.0966,11.7194,11.96,12.6541,2.21263,4.16949,0.989383,2.67766,5.84076,0.311842,3.14343,7.55825,0.0972771,3.63127,9.58578,0.0303237,4.15787,12.0912,0.00945211,4.73731,15.2286,0.00294633,5.38238,19.1721,0.000918508,6.10553,24.134,0.000286163,6.91951,30.3791,8.92692e-05,7.83792,38.2397,2.78121e-05,8.87555,48.1338,8.65134e-06,10.0489,60.5876,2.7882e-06,11.3761,76.2629,8.29036e-07,12.8779,95.9927,2.4373e-07,14.5775,120.825,4.33068e-09,16.5012,152.08,1.75749e-07,18.6784,191.415,-1.86328e-07,21.1428,240.917,1.91829e-07,23.9322,303.213,-1.81475e-07,27.0895,381.602,7.0186e-08,30.6634,480.231,-2.86769e-08,34.7087,604.316,2.40784e-07,39.2876,760.401,9.87368e-08,44.4705,956.705,1.22263e-07,50.3371,1203.54,-4.31966e-07,56.9776,1513.81,-1.9705e-07,64.494,1903.69,-2.763e-08,73.0018,2393.4,3.9185e-07,82.6317,3008.13,1.35379e-07,93.5318,3779.25,-4.16351e-08,105.869,4745.7,2.06965e-08,119.834,5955.6,-3.18887e-07,135.641,7468.12,-1.48271e-08,153.531,9355.62,2.00739e-07,173.781,11705.8,2.28358e-07,196.701,14624.1,-1.93587e-08,222.642,18235,-2.88101e-07,252.003,22683.4,-2.24732e-07,285.234,28134,8.56806e-09,322.845,34767,2.34258e-07,365.413,42770.9,2.99668e-07,413.588,52327.9,8.28644e-08,468.111,63591.2,-3.07049e-07,529.814,76653.2,-3.1888e-07,599.642,91502.5,-6.72276e-08,678.662,107975,2.26339e-07,768.083,125705,3.69212e-07,869.267,144088,2.04077e-07,983.76,162277,-2.80509e-07,1113.3,179223,-4.22737e-07,1259.87,193777,-1.71951e-07,1425.68,204839,4.55555e-07,11.7194,11.96,12.6541,2.21263,4.16949,0.989383,2.67766,5.84076,0.311842,3.14343,7.55825,0.0972771,3.63127,9.58578,0.0303237,4.15787,12.0912,0.00945211,4.73731,15.2286,0.00294633,5.38238,19.1721,0.000918508,6.10553,24.134,0.000286163,6.91951,30.3791,8.92692e-05,7.83792,38.2397,2.78121e-05,8.87555,48.1338,8.65134e-06,10.0489,60.5876,2.7882e-06,11.3761,76.2629,8.29036e-07,12.8779,95.9927,2.4373e-07,14.5775,120.825,1e-08,16.5012,152.08,1.75749e-07,18.6784,191.415,1e-08,21.1428,240.917,1.91829e-07,23.9322,303.213,1e-08,27.0895,381.602,7.0186e-08,30.6634,480.231,1e-08,34.7087,604.316,2.40784e-07,39.2876,760.401,9.87368e-08,44.4705,956.705,1.22263e-07,50.3371,1203.54,1e-08,56.9776,1513.81,1e-08,64.494,1903.69,1e-08,73.0018,2393.4,3.9185e-07,82.6317,3008.13,1.35379e-07,93.5318,3779.25,1e-08,105.869,4745.7,2.06965e-08,119.834,5955.6,1e-08,135.641,7468.12,1e-08,153.531,9355.62,2.00739e-07,173.781,11705.8,2.28358e-07,196.701,14624.1,1e-08,222.642,18235,1e-08,252.003,22683.4,1e-08,285.234,28134,1e-08,322.845,34767,2.34258e-07,365.413,42770.9,2.99668e-07,413.588,52327.9,8.28644e-08,468.111,63591.2,1e-08,529.814,76653.2,1e-08,599.642,91502.5,1e-08,678.662,107975,2.26339e-07,768.083,125705,3.69212e-07,869.267,144088,2.04077e-07,983.76,162277,1e-08,1113.3,179223,1e-08,1259.87,193777,1e-08,1425.68,204839,4.55555e-07,6.2823,3.27286,2.43537,0.219672,6.18826,2.24117,0.56371,6.87772,2.63624,0.308279,23,18,10,3,3,0,3,9,0,3,5,0,3,22,0,2,11,0,0,14,0,4,9,0,2,22,0,15,48,0,8,11,0,3,91,0,12,51,0,2,121,0,11,80,0,18,129,0,10,206,0,14,231,0,16,112,0,27,175,0,36,302,0,17,722,0,33,655,0,26,549,0,43,890,0,50,1127,0,60,1149,0,46,1964,0,49,3603,0,69,4228,0,106,3517,0,47,3609,0,151,3857,0,131,5512,0,48,6725,0,43,18810,0,148,10175,0,170,33196,0,161,19922,0,349,19866,0,448,24536,0,191,60575,0,436,52661,0,481,65163,0,596,128032,0,597,68331,0,578,192003,0,1154,64280,0,1052,148458,0,580,104820,0,1212,341234,0,885,151751,0,1453,217151,0
-1.05176e+08,1,8.88811e-15,10,1023,0,1.05176e+08,0.528882,1.08665,0.389689,0.145397,0.379329,3.24381,0.161596,0.446195,1.77396,0.159177,1.15e+07,4.49998e+06,6.79999e+06,1.15e+07,4.49997e+06,6.79999e+06,1.15e+07,4.49996e+06,6.79999e+06,1.15e+07,4.49995e+06,6.79999e+06,1.14999e+07,4.49993e+06,6.79999e+06,1.14999e+07,4.49991e+06,6.79999e+06,1.14999e+07,4.49989e+06,6.79999e+06,1.14999e+07,4.49986e+06,6.79999e+06,1.14999e+07,4.49982e+06,6.79999e+06,1.14999e+07,4.49977e+06,6.79999e+06,1.14999e+07,4.49971e+06,6.79999e+06,1.14999e+07,4.49963e+06,6.79999e+06,1.14998e+07,4.49953e+06,6.79999e+06,1.14998e+07,4.49941e+06,6.79999e+06,1.14998e+07,4.49926e+06,6.79999e+06,1.14998e+07,4.49906e+06,6.79999e+06,1.14997e+07,4.49882e+06,6.79999e+06,1.14997e+07,4.49851e+06,6.79999e+06,1.14997e+07,4.49812e+06,6.79999e+06,1.14996e+07,4.49764e+06,6.79999e+06,1.14996e+07,4.49702e+06,6.79999e+06,1.14995e+07,4.49625e+06,6.79999e+06,1.14995e+07,4.49528e+06,6.79999e+06,1.14994e+07,4.49406e+06,6.79999e+06,1.14993e+07,4.49253e+06,6.79999e+06,1.14992e+07,4.49059e+06,6.79999e+06,1.14991e+07,4.48817e+06,6.79999e+06,1.1499e+07,4.48511e+06,6.79999e+06,1.14988e+07,4.48128e+06,6.79999e+06,1.14987e+07,4.47646e+06,6.79999e+06,1.14985e+07,4.47041e+06,6.79999e+06,1.14983e+07,4.46281e+06,6.79999e+06,1.14981e+07,4.4533e+06,6.79999e+06,1.14979e+07,4.44138e+06,6.79999e+06,1.14976e+07,4.42649e+06,6.79999e+06,1.14972e+07,4.40789e+06,6.79999e+06,1.14969e+07,4.38471e+06,6.79999e+06,1.14965e+07,4.35592e+06,6.79999e+06,1.1496e+07,4.32027e+06,6.79999e+06,1.14955e+07,4.27629e+06,6.79999e+06,1.14949e+07,4.22231e+06,6.79999e+06,1.14942e+07,4.15647e+06,6.79999e+06,1.14934e+07,4.07676e+06,6.79999e+06,1.14926e+07,3.98112e+06,6.79999e+06,1.14916e+07,3.86765e+06,6.79999e+06,1.14905e+07,3.73474e+06,6.79999e+06,1.14892e+07,3.58148e+06,6.79999e+06,1.14878e+07,3.40785e+06,6.79999e+06,1.14862e+07,3.21513e+06,6.79999e+06,1.14844e+07,3.00605e+06,6.79999e+06,1.14823e+07,2.7848e+06,6.79999e+06,1.148e+07,2.5568e+06,6.79999e+06,1.14773e+07,2.32825e+06,6.79999e+06,13.5742,8.52444,0.508366,16.8306,13.2585,0.162638,20.0035,17.569,0.0507846,23.2616,22.4214,0.0158319,26.7328,28.3297,0.00493498,30.5212,35.6974,0.00153831,34.7178,44.9473,0.000479527,39.4086,56.5822,0.000149456,44.6796,71.2245,4.66214e-05,50.6209,89.6543,1.45419e-05,57.3297,112.852,4.54748e-06,64.9129,142.051,1.43857e-06,73.4897,178.803,4.36618e-07,83.1934,225.062,1.40153e-07,94.1745,283.286,4.96378e-08,106.602,356.568,1.05434e-07,120.669,448.799,-6.49244e-08,136.59,564.873,1.70148e-07,154.611,710.948,-5.34594e-08,175.008,894.767,1.63407e-07,198.097,1126.06,8.04804e-08,224.231,1417.07,1.14667e-07,253.813,1783.15,-1.71227e-07,287.297,2243.62,-2.88466e-07,325.198,2822.67,-4.33651e-07,368.098,3550.67,7.9318e-08,416.657,4465.65,3.13319e-07,471.621,5615.16,3.4613e-07,533.835,7058.61,-1.19199e-07,604.255,8870.02,-2.79964e-07,683.962,11141.4,-2.30521e-07,774.182,13986.7,-2.55099e-07,876.299,17546.4,1.23585e-07,991.883,21993.1,1.41192e-07,1122.71,27536.7,-9.71886e-08,1270.78,34430.7,-3.68368e-07,1438.38,42977.7,-3.45379e-07,1628.07,53532.7,-3.25328e-09,1842.77,66504.6,2.6362e-07,2085.77,82350.2,2.53445e-07,2360.79,101560,-2.47407e-08,2672.05,124632,-3.80602e-07,3024.31,152018,-4.79005e-07,3422.98,184060,-1.14379e-07,3874.15,220884,2.64297e-07,4384.72,262283,3.44131e-07,4962.49,307576,7.5349e-08,5616.29,355497,-3.63097e-07,6356.1,404126,-6.05442e-07,7193.18,450932,-2.72333e-07,8140.28,492963,2.29675e-07,9211.79,527178,4.3387e-07,10424,550893,-1.0711e-07,10.102,8.06553,2.81012,10.6436,8.57909,0.869423,11.5336,10.2515,0.270869,12.7211,12.7138,0.0844293,14.1823,15.9373,0.0263173,15.9122,20.0383,0.0082035,17.9198,25.2154,0.00255722,20.2244,31.7373,0.000797017,22.8539,39.9486,0.000248622,25.8438,50.2851,7.75492e-05,29.237,63.2963,2.42508e-05,33.0837,79.6738,7.67162e-06,37.4415,100.288,2.32837e-06,42.3767,126.236,7.33e-07,47.9646,158.896,2.79256e-07,54.2906,200.003,9.87351e-09,61.452,251.741,1.61085e-07,69.5585,316.859,-2.47141e-07,78.7347,398.812,8.93552e-08,89.1218,501.948,-2.53231e-07,100.879,631.736,-1.25047e-07,114.188,795.049,-1.78808e-07,129.252,1000.53,2.6733e-07,146.304,1259.03,4.50292e-07,165.605,1584.19,6.76904e-07,187.452,1993.12,-1.23808e-07,212.181,2507.27,-4.89068e-07,240.173,3153.54,-5.40284e-07,271.856,3965.56,1.86061e-07,307.719,4985.38,4.37004e-07,348.313,6265.4,3.59828e-07,394.26,7870.83,3.98192e-07,446.268,9882.51,-1.92908e-07,505.135,12400.3,-2.20392e-07,571.766,15546.9,1.51705e-07,647.184,19472.2,5.74996e-07,732.547,24357.4,5.39112e-07,829.167,30420,5.07815e-09,938.526,37916.3,-4.11492e-07,1062.3,47143.9,-3.9561e-07,1202.4,58439.2,3.86185e-08,1360.96,72169.3,5.94093e-07,1540.42,88715.8,7.47693e-07,1743.53,108445,1.78537e-07,1973.41,131665,-4.12549e-07,2233.57,158557,-5.37164e-07,2528,189103,-1.17615e-07,2861.2,222986,5.66769e-07,3238.27,259510,9.45053e-07,3664.97,297540,4.25093e-07,4147.81,335497,-3.58506e-07,4694.17,371444,-6.7724e-07,5312.37,403256,1.67192e-07,1.61744,3.89446,9.84394,3.28846,7.5504,12.774,5.07607,11.7187,13.6844,7.03202,16.8147,13.9681,9.20215,23.1769,14.0566,11.6301,31.1672,14.0841,14.3598,41.2186,14.0927,17.4376,53.8688,14.0954,20.9137,69.7915,14.0962,24.8432,89.8341,14.0965,29.2879,115.063,14.0966,34.3168,146.819,14.0966,40.0078,186.792,14.0966,46.4487,237.107,14.0966,53.7388,300.44,14.0966,61.9903,380.158,14.0966,71.3301,480.499,14.0966,81.902,606.796,14.0966,93.8685,765.761,14.0966,107.414,965.837,14.0966,122.746,1217.65,14.0966,140.101,1534.57,14.0966,159.745,1933.41,14.0966,181.981,2435.3,14.0966,207.15,3066.85,14.0966,235.64,3861.46,14.0966,267.889,4861.11,14.0966,304.391,6118.54,14.0966,345.709,7699.91,14.0966,392.478,9688.22,14.0966,445.417,12187.5,14.0966,505.339,15327.7,14.0966,573.165,19271.6,14.0966,649.938,24222,14.0966,736.839,30430.9,14.0966,835.202,38211.5,14.0966,946.539,47950.3,14.0966,1072.56,60122.8,14.0966,1215.21,75309.9,14.0966,1376.66,94216.2,14.0966,1559.41,117688,14.0966,1766.26,146729,14.0966,2000.39,182510,14.0966,2265.39,226372,14.0966,2565.33,279806,14.0966,2904.81,344416,14.0966,3289.05,421845,14.0966,3723.93,513667,14.0966,4216.13,621231,14.0966,4773.18,745478,14.0966,5403.64,886744,14.0966,6117.15,1.04457e+06,14.0966,6924.63,1.2176e+06,14.0966,11.7194,11.96,12.6541,13.9321,16.1295,13.6434,16.6097,21.9702,13.9553,19.7532,29.5285,14.0526,23.3844,39.1143,14.0829,27.5423,51.2054,14.0923,32.2796,66.434,14.0953,37.662,85.6061,14.0962,43.7675,109.74,14.0965,50.687,140.119,14.0966,58.5249,178.359,14.0966,67.4005,226.493,14.0966,77.4493,287.08,14.0966,88.8254,363.343,14.0966,101.703,459.336,14.0966,116.281,580.161,14.0966,132.782,732.241,14.0966,151.46,923.655,14.0966,172.603,1164.57,14.0966,196.535,1467.79,14.0966,223.625,1849.39,14.0966,254.288,2329.62,14.0966,288.997,2933.93,14.0966,328.285,3694.33,14.0966,372.755,4651.04,14.0966,423.092,5854.57,14.0966,480.07,7368.38,14.0966,544.564,9272.08,14.0966,617.566,11665.5,14.0966,700.197,14673.6,14.0966,793.729,18452.9,14.0966,899.599,23198.6,14.0966,1019.43,29154.1,14.0966,1155.07,36622.3,14.0966,1308.6,45977.9,14.0966,1482.39,57683.7,14.0966,1679.09,72307.8,14.0966,1901.73,90542.8,14.0966,2153.73,113226,14.0966,2438.97,141360,14.0966,2761.81,176127,14.0966,3127.22,218898,14.0966,3540.81,271226,14.0966,4008.92,334817,14.0966,4538.74,411470,14.0966,5138.38,502973,14.0966,5817.04,610948,14.0966,6585.12,736653,14.0966,7454.39,880741,14.0966,8438.15,1.04302e+06,14.0966,9551.45,1.22224e+06,14.0966,10811.3,1.41602e+06,14.0966,12237,1.62086e+06,14.0966,11.7194,11.96,12.6541,2.21263,4.16949,0.989383,2.67766,5.84076,0.311842,3.14343,7.55825,0.0972771,3.63127,9.58578,0.0303237,4.15787,12.0912,0.00945211,4.73731,15.2286,0.00294633,5.38238,19.1721,0.000918508,6.10553,24.134,0.000286163,6.91951,30.3791,8.92692e-05,7.83792,38.2397,2.78121e-05,8.87555,48.1338,8.65134e-06,10.0489,60.5876,2.7882e-06,11.3761,76.2629,8.29036e-07,12.8779,95.9927,2.4373e-07,14.5775,120.825,4.33068e-09,16.5012,152.08,1.75749e-07,18.6784,191.415,-1.86328e-07,21.1428,240.917,1.91829e-07,23.9322,303.213,-1.81475e-07,27.0895,381.602,7.0186e-08,30.6634,480.231,-2.86769e-08,34.7087,604.316,2.40784e-07,39.2876,760.401,9.87368e-08,44.4705,956.705,1.22263e-07,50.3371,1203.54,-4.31966e-07,56.9776,1513.81,-1.9705e-07,64.494,1903.69,-2.763e-08,73.0018,2393.4,3.9185e-07,82.6317,3008.13,1.35379e-07,93.5318,3779.25,-4.16351e-08,105.869,4745.7,2.06965e-08,119.834,5955.6,-3.18887e-07,135.641,7468.12,-1.48271e-08,153.531,9355.62,2.00739e-07,173.781,11705.8,2.28358e-07,196.701,14624.1,-1.93587e-08,222.642,18235,-2.88101e-07,252.003,22683.4,-2.24732e-07,285.234,28134,8.56806e-09,322.845,34767,2.34258e-07,365.413,42770.9,2.99668e-07,413.588,52327.9,8.28644e-08,468.111,63591.2,-3.07049e-07,529.814,76653.2,-3.1888e-07,599.642,91502.5,-6.72276e-08,678.662,107975,2.26339e-07,768.083,125705,3.69212e-07,869.267,144088,2.04077e-07,983.76,162277,-2.80509e-07,1113.3,179223,-4.22737e-07,1259.87,193777,-1.71951e-07,1425.68,204839,4.55555e-07,11.7194,11.96,12.6541,2.21263,4.16949,0.989383,2.67766,5.84076,0.311842,3.14343,7.55825,0.0972771,3.63127,9.58578,0.0303237,4.15787,12.0912,0.00945211,4.73731,15.2286,0.00294633,5.38238,19.1721,0.000918508,6.10553,24.134,0.000286163,6.91951,30.3791,8.92692e-05,7.83792,38.2397,2.78121e-05,8.87555,48.1338,8.65134e-06,10.0489,60.5876,2.7882e-06,11.3761,76.2629,8.29036e-07,12.8779,95.9927,2.4373e-07,14.5775,120.825,1e-08,16.5012,152.08,1.75749e-07,18.6784,191.415,1e-08,21.1428,240.917,1.91829e-07,23.9322,303.213,1e-08,27.0895,381.602,7.0186e-08,30.6634,480.231,1e-08,34.7087,604.316,2.40784e-07,39.2876,760.401,9.87368e-08,44.4705,956.705,1.22263e-07,50.3371,1203.54,1e-08,56.9776,1513.81,1e-08,64.494,1903.69,1e-08,73.0018,2393.4,3.9185e-07,82.6317,3008.13,1.35379e-07,93.5318,3779.25,1e-08,105.869,4745.7,2.06965e-08,119.834,5955.6,1e-08,135.641,7468.12,1e-08,153.531,9355.62,2.00739e-07,173.781,11705.8,2.28358e-07,196.701,14624.1,1e-08,222.642,18235,1e-08,252.003,22683.4,1e-08,285.234,28134,1e-08,322.845,34767,2.34258e-07,365.413,42770.9,2.99668e-07,413.588,52327.9,8.28644e-08,468.111,63591.2,1e-08,529.814,76653.2,1e-08,599.642,91502.5,1e-08,678.662,107975,2.26339e-07,768.083,125705,3.69212e-07,869.267,144088,2.04077e-07,983.76,162277,1e-08,1113.3,179223,1e-08,1259.87,193777,1e-08,1425.68,204839,4.55555e-07,6.2823,3.27286,2.43537,0.219672,6.18826,2.24117,0.56371,6.87772,2.63624,0.308279,8,9,16,3,6,2,3,3,0,6,10,0,4,8,0,3,10,0,2,6,0,8,22,0,22,33,0,10,27,0,3,43,0,8,21,0,16,38,0,12,115,0,4,161,0,18,66,0,6,63,0,24,101,0,37,378,0,12,249,0,24,452,0,45,228,0,20,313,0,67,827,0,45,1009,0,85,1636,0,34,847,0,80,3190,0,96,3532,0,49,1922,0,78,2454,0,120,4412,0,123,5220,0,74,7514,0,165,8682,0,201,8297,0,71,12416,0,103,12762,0,129,38058,0,217,18543,0,102,23423,0,329,70392,0,608,36348,0,281,101551,0,450,79936,0,332,96484,0,1118,74163,0,727,200255,0,415,202608,0,1115,189906,0,677,301470,0,1710,235355,0,1643,221751,0
-1.05176e+08,1,8.88811e-15,10,1023,0,1.05176e+08,0.528882,1.08665,0.389689,0.145397,0.379329,3.24381,0.161596,0.446195,1.77396,0.159177,1.15e+07,4.49998e+06,6.79999e+06,1.15e+07,4.49997e+06,6.79999e+06,1.15e+07,4.49996e+06,6.79999e+06,1.15e+07,4.49995e+06,6.79999e+06,1.14999e+07,4.49993e+06,6.79999e+06,1.14999e+07,4.49991e+06,6.79999e+06,1.14999e+07,4.49989e+06,6.79999e+06,1.14999e+07,4.49986e+06,6.79999e+06,1.14999e+07,4.49982e+06,6.79999e+06,1.14999e+07,4.49977e+06,6.79999e+06,1.14999e+07,4.49971e+06,6.79999e+06,1.14999e+07,4.49963e+06,6.79999e+06,1.14998e+07,4.49953e+06,6.79999e+06,1.14998e+07,4.49941e+06,6.79999e+06,1.14998e+07,4.49926e+06,6.79999e+06,1.14998e+07,4.49906e+06,6.79999e+06,1.14997e+07,4.49882e+06,6.79999e+06,1.14997e+07,4.49851e+06,6.79999e+06,1.14997e+07,4.49812e+06,6.79999e+06,1.14996e+07,4.49764e+06,6.79999e+06,1.14996e+07,4.49702e+06,6.79999e+06,1.14995e+07,4.49625e+06,6.79999e+06,1.14995e+07,4.49528e+06,6.79999e+06,1.14994e+07,4.49406e+06,6.79999e+06,1.14993e+07,4.49253e+06,6.79999e+06,1.14992e+07,4.49059e+06,6.79999e+06,1.14991e+07,4.48817e+06,6.79999e+06,1.1499e+07,4.48511e+06,6.79999e+06,1.14988e+07,4.48128e+06,6.79999e+06,1.14987e+07,4.47646e+06,6.79999e+06,1.14985e+07,4.47041e+06,6.79999e+06,1.14983e+07,4.46281e+06,6.79999e+06,1.14981e+07,4.4533e+06,6.79999e+06,1.14979e+07,4.44138e+06,6.79999e+06,1.14976e+07,4.42649e+06,6.79999e+06,1.14972e+07,4.40789e+06,6.79999e+06,1.14969e+07,4.38471e+06,6.79999e+06,1.14965e+07,4.35592e+06,6.79999e+06,1.1496e+07,4.32027e+06,6.79999e+06,1.14955e+07,4.27629e+06,6.79999e+06,1.14949e+07,4.22231e+06,6.79999e+06,1.14942e+07,4.15647e+06,6.79999e+06,1.14934e+07,4.07676e+06,6.79999e+06,1.14926e+07,3.98112e+06,6.79999e+06,1.14916e+07,3.86765e+06,6.79999e+06,1.14905e+07,3.73474e+06,6.79999e+06,1.14892e+07,3.58148e+06,6.79999e+06,1.14878e+07,3.40785e+06,6.79999e+06,1.14862e+07,3.21513e+06,6.79999e+06,1.14844e+07,3.00605e+06,6.79999e+06,1.14823e+07,2.7848e+06,6.79999e+06,1.148e+07,2.5568e+06,6.79999e+06,1.14773e+07,2.32825e+06,6.79999e+06,13.5742,8.52444,0.508366,16.8306,13.2585,0.162638,20.0035,17.569,0.0507846,23.2616,22.4214,0.0158319,26.7328,28.3297,0.00493498,30.5212,35.6974,0.00153831,34.7178,44.9473,0.000479527,39.4086,56.5822,0.000149456,44.6796,71.2245,4.66214e-05,50.6209,89.6543,1.45419e-05,57.3297,112.852,4.54748e-06,64.9129,142.051,1.43857e-06,73.4897,178.803,4.36618e-07,83.1934,225.062,1.40153e-07,94.1745,283.286,4.96378e-08,106.602,356.568,1.05434e-07,120.669,448.799,-6.49244e-08,136.59,564.873,1.70148e-07,154.611,710.948,-5.34594e-08,175.008,894.767,1.63407e-07,198.097,1126.06,8.04804e-08,224.231,1417.07,1.14667e-07,253.813,1783.15,-1.71227e-07,287.297,2243.62,-2.88466e-07,325.198,2822.67,-4.33651e-07,368.098,3550.67,7.9318e-08,416.657,4465.65,3.13319e-07,471.621,5615.16,3.4613e-07,533.835,7058.61,-1.19199e-07,604.255,8870.02,-2.79964e-07,683.962,11141.4,-2.30521e-07,774.182,13986.7,-2.55099e-07,876.299,17546.4,1.23585e-07,991.883,21993.1,1.41192e-07,1122.71,27536.7,-9.71886e-08,1270.78,34430.7,-3.68368e-07,1438.38,42977.7,-3.45379e-07,1628.07,53532.7,-3.25328e-09,1842.77,66504.6,2.6362e-07,2085.77,82350.2,2.53445e-07,2360.79,101560,-2.47407e-08,2672.05,124632,-3.80602e-07,3024.31,152018,-4.79005e-07,3422.98,184060,-1.14379e-07,3874.15,220884,2.64297e-07,4384.72,262283,3.44131e-07,4962.49,307576,7.5349e-08,5616.29,355497,-3.63097e-07,6356.1,404126,-6.05442e-07,7193.18,450932,-2.72333e-07,8140.28,492963,2.29675e-07,9211.79,527178,4.3387e-07,10424,550893,-1.0711e-07,10.102,8.06553,2.81012,10.6436,8.57909,0.869423,11.5336,10.2515,0.270869,12.7211,12.7138,0.0844293,14.1823,15.9373,0.0263173,15.9122,20.0383,0.0082035,17.9198,25.2154,0.00255722,20.2244,31.7373,0.000797017,22.8539,39.9486,0.000248622,25.8438,50.2851,7.75492e-05,29.237,63.2963,2.42508e-05,33.0837,79.6738,7.67162e-06,37.4415,100.288,2.32837e-06,42.3767,126.236,7.33e-07,47.9646,158.896,2.79256e-07,54.2906,200.003,9.87351e-09,61.452,251.741,1.61085e-07,69.5585,316.859,-2.47141e-07,78.7347,398.812,8.93552e-08,89.1218,501.948,-2.53231e-07,100.879,631.736,-1.25047e-07,114.188,795.049,-1.78808e-07,129.252,1000.53,2.6733e-07,146.304,1259.03,4.50292e-07,165.605,1584.19,6.76904e-07,187.452,1993.12,-1.23808e-07,212.181,2507.27,-4.89068e-07,240.173,3153.54,-5.40284e-07,271.856,3965.56,1.86061e-07,307.719,4985.38,4.37004e-07,348.313,6265.4,3.59828e-07,394.26,7870.83,3.98192e-07,446.268,9882.51,-1.92908e-07,505.135,12400.3,-2.20392e-07,571.766,15546.9,1.51705e-07,647.184,19472.2,5.74996e-07,732.547,24357.4,5.39112e-07,829.167,30420,5.07815e-09,938.526,37916.3,-4.11492e-07,1062.3,47143.9,-3.9561e-07,1202.4,58439.2,3.86185e-08,1360.96,72169.3,5.94093e-07,1540.42,88715.8,7.47693e-07,1743.53,108445,1.78537e-07,1973.41,131665,-4.12549e-07,2233.57,158557,-5.37164e-07,2528,189103,-1.17615e-07,2861.2,222986,5.66769e-07,3238.27,259510,9.45053e-07,3664.97,297540,4.25093e-07,4147.81,335497,-3.58506e-07,4694.17,371444,-6.7724e-07,5312.37,403256,1.67192e-07,1.61744,3.89446,9.84394,3.28846,7.5504,12.774,5.07607,11.7187,13.6844,7.03202,16.8147,13.9681,9.20215,23.1769,14.0566,11.6301,31.1672,14.0841,14.3598,41.2186,14.0927,17.4376,53.8688,14.0954,20.9137,69.7915,14.0962,24.8432,89.8341,14.0965,29.2879,115.063,14.0966,34.3168,146.819,14.0966,40.0078,186.792,14.0966,46.4487,237.107,14.0966,53.7388,300.44,14.0966,61.9903,380.158,14.0966,71.3301,480.499,14.0966,81.902,606.796,14.0966,93.8685,765.761,14.0966,107.414,965.837,14.0966,122.746,1217.65,14.0966,140.101,1534.57,14.0966,159.745,1933.41,14.0966,181.981,2435.3,14.0966,207.15,3066.85,14.0966,235.64,3861.46,14.0966,267.889,4861.11,14.0966,304.391,6118.54,14.0966,345.709,7699.91,14.0966,392.478,9688.22,14.0966,445.417,12187.5,14.0966,505.339,15327.7,14.0966,573.165,19271.6,14.0966,649.938,24222,14.0966,736.839,30430.9,14.0966,835.202,38211.5,14.0966,946.539,47950.3,14.0966,1072.56,60122.8,14.0966,1215.21,75309.9,14.0966,1376.66,94216.2,14.0966,1559.41,117688,14.0966,1766.26,146729,14.0966,2000.39,182510,14.0966,2265.39,226372,14.0966,2565.33,279806,14.0966,2904.81,344416,14.0966,3289.05,421845,14.0966,3723.93,513667,14.0966,4216.13,621231,14.0966,4773.18,745478,14.0966,5403.64,886744,14.0966,6117.15,1.04457e+06,14.0966,6924.63,1.2176e+06,14.0966,11.7194,11.96,12.6541,13.9321,16.1295,13.6434,16.6097,21.9702,13.9553,19.7532,29.5285,14.0526,23.3844,39.1143,14.0829,27.5423,51.2054,14.0923,32.2796,66.434,14.0953,37.662,85.6061,14.0962,43.7675,109.74,14.0965,50.687,140.119,14.0966,58.5249,178.359,14.0966,67.4005,226.493,14.0966,77.4493,287.08,14.0966,88.8254,363.343,14.0966,101.703,459.336,14.0966,116.281,580.161,14.0966,132.782,732.241,14.0966,151.46,923.655,14.0966,172.603,1164.57,14.0966,196.535,1467.79,14.0966,223.625,1849.39,14.0966,254.288,2329.62,14.0966,288.997,2933.93,14.0966,328.285,3694.33,14.0966,372.755,4651.04,14.0966,423.092,5854.57,14.0966,480.07,7368.38,14.0966,544.564,9272.08,14.0966,617.566,11665.5,14.0966,700.197,14673.6,14.0966,793.729,18452.9,14.0966,899.599,23198.6,14.0966,1019.43,29154.1,14.0966,1155.07,36622.3,14.0966,1308.6,45977.9,14.0966,1482.39,57683.7,14.0966,1679.09,72307.8,14.0966,1901.73,90542.8,14.0966,2153.73,113226,14.0966,2438.97,141360,14.0966,2761.81,176127,14.0966,3127.22,218898,14.0966,3540.81,271226,14.0966,4008.92,334817,14.0966,4538.74,411470,14.0966,5138.38,502973,14.0966,5817.04,610948,14.0966,6585.12,736653,14.0966,7454.39,880741,14.0966,8438.15,1.04302e+06,14.0966,9551.45,1.22224e+06,14.0966,10811.3,1.41602e+06,14.0966,12237,1.62086e+06,14.0966,11.7194,11.96,12.6541,2.21263,4.16949,0.989383,2.67766,5.84076,0.311842,3.14343,7.55825,0.0972771,3.63127,9.58578,0.0303237,4.15787,12.0912,0.00945211,4.73731,15.2286,0.00294633,5.38238,19.1721,0.000918508,6.10553,24.134,0.000286163,6.91951,30.3791,8.92692e-05,7.83792,38.2397,2.78121e-05,8.87555,48.1338,8.65134e-06,10.0489,60.5876,2.7882e-06,11.3761,76.2629,8.29036e-07,12.8779,95.9927,2.4373e-07,14.5775,120.825,4.33068e-09,16.5012,152.08,1.75749e-07,18.6784,191.415,-1.86328e-07,21.1428,240.917,1.91829e-07,23.9322,303.213,-1.81475e-07,27.0895,381.602,7.0186e-08,30.6634,480.231,-2.86769e-08,34.7087,604.316,2.40784e-07,39.2876,760.401,9.87368e-08,44.4705,956.705,1.22263e-07,50.3371,1203.54,-4.31966e-07,56.9776,1513.81,-1.9705e-07,64.494,1903.69,-2.763e-08,73.0018,2393.4,3.9185e-07,82.6317,3008.13,1.35379e-07,93.5318,3779.25,-4.16351e-08,105.869,4745.7,2.06965e-08,119.834,5955.6,-3.18887e-07,135.641,7468.12,-1.48271e-08,153.531,9355.62,2.00739e-07,173.781,11705.8,2.28358e-07,196.701,14624.1,-1.93587e-08,222.642,18235,-2.88101e-07,252.003,22683.4,-2.24732e-07,285.234,28134,8.56806e-09,322.845,34767,2.34258e-07,365.413,42770.9,2.99668e-07,413.588,52327.9,8.28644e-08,468.111,63591.2,-3.07049e-07,529.814,76653.2,-3.1888e-07,599.642,91502.5,-6.72276e-08,678.662,107975,2.26339e-07,768.083,125705,3.69212e-07,869.267,144088,2.04077e-07,983.76,162277,-2.80509e-07,1113.3,179223,-4.22737e-07,1259.87,193777,-1.71951e-07,1425.68,204839,4.55555e-07,11.7194,11.96,12.6541,2.21263,4.16949,0.989383,2.67766,5.84076,0.311842,3.14343,7.55825,0.0972771,3.63127,9.58578,0.0303237,4.15787,12.0912,0.00945211,4.73731,15.2286,0.00294633,5.38238,19.1721,0.000918508,6.10553,24.134,0.000286163,6.91951,30.3791,8.92692e-05,7.83792,38.2397,2.78121e-05,8.87555,48.1338,8.65134e-06,10.0489,60.5876,2.7882e-06,11.3761,76.2629,8.29036e-07,12.8779,95.9927,2.4373e-07,14.5775,120.825,1e-08,16.5012,152.08,1.75749e-07,18.6784,191.415,1e-08,21.1428,240.917,1.91829e-07,23.9322,303.213,1e-08,27.0895,381.602,7.0186e-08,30.6634,480.231,1e-08,34.7087,604.316,2.40784e-07,39.2876,760.401,9.87368e-08,44.4705,956.705,1.22263e-07,50.3371,1203.54,1e-08,56.9776,1513.81,1e-08,64.494,1903.69,1e-08,73.0018,2393.4,3.9185e-07,82.6317,3008.13,1.35379e-07,93.5318,3779.25,1e-08,105.869,4745.7,2.06965e-08,119.834,5955.6,1e-08,135.641,7468.12,1e-08,153.531,9355.62,2.00739e-07,173.781,11705.8,2.28358e-07,196.701,14624.1,1e-08,222.642,18235,1e-08,252.003,22683.4,1e-08,285.234,28134,1e-08,322.845,34767,2.34258e-07,365.413,42770.9,2.99668e-07,413.588,52327.9,8.28644e-08,468.111,63591.2,1e-08,529.814,76653.2,1e-08,599.642,91502.5,1e-08,678.662,107975,2.26339e-07,768.083,125705,3.69212e-07,869.267,144088,2.04077e-07,983.76,162277,1e-08,1113.3,179223,1e-08,1259.87,193777,1e-08,1425.68,204839,4.55555e-07,6.2823,3.27286,2.43537,0.219672,6.18826,2.24117,0.56371,6.87772,2.63624,0.308279,24,11,4,5,2,0,2,7,0,3,4,0,2,4,0,3,4,0,2,12,0,13,26,0,9,29,0,4,42,0,12,22,0,9,64,0,8,44,0,24,60,0,22,66,0,6,54,0,13,122,0,5,149,0,18,105,0,9,154,0,39,517,0,32,352,0,10,712,0,35,653,0,19,1510,0,48,1225,0,59,1285,0,52,4153,0,28,1616,0,55,2637,0,62,3331,0,77,4350,0,136,5050,0,243,5215,0,283,4372,0,177,6136,0,92,16281,0,296,11812,0,413,27357,0,289,24250,0,209,56311,0,249,32500,0,459,36680,0,616,43831,0,366,108291,0,833,109054,0,626,104469,0,738,150856,0,1150,94781,0,1484,127646,0,1184,347557,0,2899,271221,0,1109,277547,0
-1.05176e+08,1,8.88811e-15,10,1023,0,1.05176e+08,0.528882,1.08665,0.389689,0.145397,0.379329,3.24381,0.161596,0.446195,1.77396,0.159177,1.15e+07,4.49998e+06,6.79999e+06,1.15e+07,4.49997e+06,6.79999e+06,1.15e+07,4.49996e+06,6.79999e+06,1.15e+07,4.49995e+06,6.79999e+06,1.14999e+07,4.49993e+06,6.79999e+06,1.14999e+07,4.49991e+06,6.79999e+06,1.14999e+07,4.49989e+06,6.79999e+06,1.14999e+07,4.49986e+06,6.79999e+06,1.14999e+07,4.49982e+06,6.79999e+06,1.14999e+07,4.49977e+06,6.79999e+06,1.14999e+07,4.49971e+06,6.79999e+06,1.14999e+07,4.49963e+06,6.79999e+06,1.14998e+07,4.49953e+06,6.79999e+06,1.14998e+07,4.49941e+06,6.79999e+06,1.14998e+07,4.49926e+06,6.79999e+06,1.14998e+07,4.49906e+06,6.79999e+06,1.14997e+07,4.49882e+06,6.79999e+06,1.14997e+07,4.49851e+06,6.79999e+06,1.14997e+07,4.49812e+06,6.79999e+06,1.14996e+07,4.49764e+06,6.79999e+06,1.14996e+07,4.49702e+06,6.79999e+06,1.14995e+07,4.49625e+06,6.79999e+06,1.14995e+07,4.49528e+06,6.79999e+06,1.14994e+07,4.49406e+06,6.79999e+06,1.14993e+07,4.49253e+06,6.79999e+06,1.14992e+07,4.49059e+06,6.79999e+06,1.14991e+07,4.48817e+06,6.79999e+06,1.1499e+07,4.48511e+06,6.79999e+06,1.14988e+07,4.48128e+06,6.79999e+06,1.14987e+07,4.47646e+06,6.79999e+06,1.14985e+07,4.47041e+06,6.79999e+06,1.14983e+07,4.46281e+06,6.79999e+06,1.14981e+07,4.4533e+06,6.79999e+06,1.14979e+07,4.44138e+06,6.79999e+06,1.14976e+07,4.42649e+06,6.79999e+06,1.14972e+07,4.40789e+06,6.79999e+06,1.14969e+07,4.38471e+06,6.79999e+06,1.14965e+07,4.35592e+06,6.79999e+06,1.1496e+07,4.32027e+06,6.79999e+06,1.14955e+07,4.27629e+06,6.79999e+06,1.14949e+07,4.22231e+06,6.79999e+06,1.14942e+07,4.15647e+06,6.79999e+06,1.14934e+07,4.07676e+06,6.79999e+06,1.14926e+07,3.98112e+06,6.79999e+06,1.14916e+07,3.86765e+06,6.79999e+06,1.14905e+07,3.73474e+06,6.79999e+06,1.14892e+07,3.58148e+06,6.79999e+06,1.14878e+07,3.40785e+06,6.79999e+06,1.14862e+07,3.21513e+06,6.79999e+06,1.14844e+07,3.00605e+06,6.79999e+06,1.14823e+07,2.7848e+06,6.79999e+06,1.148e+07,2.5568e+06,6.79999e+06,1.14773e+07,2.32825e+06,6.79999e+06,13.5742,8.52444,0.508366,16.8306,13.2585,0.162638,20.0035,17.569,0.0507846,23.2616,22.4214,0.0158319,26.7328,28.3297,0.00493498,30.5212,35.6974,0.00153831,34.7178,44.9473,0.000479527,39.4086,56.5822,0.000149456,44.6796,71.2245,4.66214e-05,50.6209,89.6543,1.45419e-05,57.3297,112.852,4.54748e-06,64.9129,142.051,1.43857e-06,73.4897,178.803,4.36618e-07,83.1934,225.062,1.40153e-07,94.1745,283.286,4.96378e-08,106.602,356.568,1.05434e-07,120.669,448.799,-6.49244e-08,136.59,564.873,1.70148e-07,154.611,710.948,-5.34594e-08,175.008,894.767,1.63407e-07,198.097,1126.06,8.04804e-08,224.231,1417.07,1.14667e-07,253.813,1783.15,-1.71227e-07,287.297,2243.62,-2.88466e-07,325.198,2822.67,-4.33651e-07,368.098,3550.67,7.9318e-08,416.657,4465.65,3.13319e-07,471.621,5615.16,3.4613e-07,533.835,7058.61,-1.19199e-07,604.255,8870.02,-2.79964e-07,683.962,11141.4,-2.30521e-07,774.182,13986.7,-2.55099e-07,876.299,17546.4,1.23585e-07,991.883,21993.1,1.41192e-07,1122.71,27536.7,-9.71886e-08,1270.78,34430.7,-3.68368e-07,1438.38,42977.7,-3.45379e-07,1628.07,53532.7,-3.25328e-09,1842.77,66504.6,2.6362e-07,2085.77,82350.2,2.53445e-07,2360.79,101560,-2.47407e-08,2672.05,124632,-3.80602e-07,3024.31,152018,-4.79005e-07,3422.98,184060,-1.14379e-07,3874.15,220884,2.64297e-07,4384.72,262283,3.44131e-07,4962.49,307576,7.5349e-08,5616.29,355497,-3.63097e-07,6356.1,404126,-6.05442e-07,7193.18,450932,-2.72333e-07,8140.28,492963,2.29675e-07,9211.79,527178,4.3387e-07,10424,550893,-1.0711e-07,10.102,8.06553,2.81012,10.6436,8.57909,0.869423,11.5336,10.2515,0.270869,12.7211,12.7138,0.0844293,14.1823,15.9373,0.0263173,15.9122,20.0383,0.0082035,17.9198,25.2154,0.00255722,20.2244,31.7373,0.000797017,22.8539,39.9486,0.000248622,25.8438,50.2851,7.75492e-05,29.237,63.2963,2.42508e-05,33.0837,79.6738,7.67162e-06,37.4415,100.288,2.32837e-06,42.3767,126.236,7.33e-07,47.9646,158.896,2.79256e-07,54.2906,200.003,9.87351e-09,61.452,251.741,1.61085e-07,69.5585,316.859,-2.47141e-07,78.7347,398.812,8.93552e-08,89.1218,501.948,-2.53231e-07,100.879,631.736,-1.25047e-07,114.188,795.049,-1.78808e-07,129.252,1000.53,2.6733e-07,146.304,1259.03,4.50292e-07,165.605,1584.19,6.76904e-07,187.452,1993.12,-1.23808e-07,212.181,2507.27,-4.89068e-07,240.173,3153.54,-5.40284e-07,271.856,3965.56,1.86061e-07,307.719,4985.38,4.37004e-07,348.313,6265.4,3.59828e-07,394.26,7870.83,3.98192e-07,446.268,9882.51,-1.92908e-07,505.135,12400.3,-2.20392e-07,571.766,15546.9,1.51705e-07,647.184,19472.2,5.74996e-07,732.547,24357.4,5.39112e-07,829.167,30420,5.07815e-09,938.526,37916.3,-4.11492e-07,1062.3,47143.9,-3.9561e-07,1202.4,58439.2,3.86185e-08,1360.96,72169.3,5.94093e-07,1540.42,88715.8,7.47693e-07,1743.53,108445,1.78537e-07,1973.41,131665,-4.12549e-07,2233.57,158557,-5.37164e-07,2528,189103,-1.17615e-07,2861.2,222986,5.66769e-07,3238.27,259510,9.45053e-07,3664.97,297540,4.25093e-07,4147.81,335497,-3.58506e-07,4694.17,371444,-6.7724e-07,5312.37,403256,1.67192e-07,1.61744,3.89446,9.84394,3.28846,7.5504,12.774,5.07607,11.7187,13.6844,7.03202,16.8147,13.9681,9.20215,23.1769,14.0566,11.6301,31.1672,14.0841,14.3598,41.2186,14.0927,17.4376,53.8688,14.0954,20.9137,69.7915,14.0962,24.8432,89.8341,14.0965,29.2879,115.063,14.0966,34.3168,146.819,14.0966,40.0078,186.792,14.0966,46.4487,237.107,14.0966,53.7388,300.44,14.0966,61.9903,380.158,14.0966,71.3301,480.499,14.0966,81.902,606.796,14.0966,93.8685,765.761,14.0966,107.414,965.837,14.0966,122.746,1217.65,14.0966,140.101,1534.57,14.0966,159.745,1933.41,14.0966,181.981,2435.3,14.0966,207.15,3066.85,14.0966,235.64,3861.46,14.0966,267.889,4861.11,14.0966,304.391,6118.54,14.0966,345.709,7699.91,14.0966,392.478,9688.22,14.0966,445.417,12187.5,14.0966,505.339,15327.7,14.0966,573.165,19271.6,14.0966,649.938,24222,14.0966,736.839,30430.9,14.0966,835.202,38211.5,14.0966,946.539,47950.3,14.0966,1072.56,60122.8,14.0966,1215.21,75309.9,14.0966,1376.66,94216.2,14.0966,1559.41,117688,14.0966,1766.26,146729,14.0966,2000.39,182510,14.0966,2265.39,226372,14.0966,2565.33,279806,14.0966,2904.81,344416,14.0966,3289.05,421845,14.0966,3723.93,513667,14.0966,4216.13,621231,14.0966,4773.18,745478,14.0966,5403.64,886744,14.0966,6117.15,1.04457e+06,14.0966,6924.63,1.2176e+06,14.0966,11.7194,11.96,12.6541,13.9321,16.1295,13.6434,16.6097,21.9702,13.9553,19.7532,29.5285,14.0526,23.3844,39.1143,14.0829,27.5423,51.2054,14.0923,32.2796,66.434,14.0953,37.662,85.6061,14.0962,43.7675,109.74,14.0965,50.687,140.119,14.0966,58.5249,178.359,14.0966,67.4005,226.493,14.0966,77.4493,287.08,14.0966,88.8254,363.343,14.0966,101.703,459.336,14.0966,116.281,580.161,14.0966,132.782,732.241,14.0966,151.46,923.655,14.0966,172.603,1164.57,14.0966,196.535,1467.79,14.0966,223.625,1849.39,14.0966,254.288,2329.62,14.0966,288.997,2933.93,14.0966,328.285,3694.33,14.0966,372.755,4651.04,14.0966,423.092,5854.57,14.0966,480.07,7368.38,14.0966,544.564,9272.08,14.0966,617.566,11665.5,14.0966,700.197,14673.6,14.0966,793.729,18452.9,14.0966,899.599,23198.6,14.0966,1019.43,29154.1,14.0966,1155.07,36622.3,14.0966,1308.6,45977.9,14.0966,1482.39,57683.7,14.0966,1679.09,72307.8,14.0966,1901.73,90542.8,14.0966,2153.73,113226,14.0966,2438.97,141360,14.0966,2761.81,176127,14.0966,3127.22,218898,14.0966,3540.81,271226,14.0966,4008.92,334817,14.0966,4538.74,411470,14.0966,5138.38,502973,14.0966,5817.04,610948,14.0966,6585.12,736653,14.0966,7454.39,880741,14.0966,8438.15,1.04302e+06,14.0966,9551.45,1.22224e+06,14.0966,10811.3,1.41602e+06,14.0966,12237,1.62086e+06,14.0966,11.7194,11.96,12.6541,2.21263,4.16949,0.989383,2.67766,5.84076,0.311842,3.14343,7.55825,0.0972771,3.63127,9.58578,0.0303237,4.15787,12.0912,0.00945211,4.73731,15.2286,0.00294633,5.38238,19.1721,0.000918508,6.10553,24.134,0.000286163,6.91951,30.3791,8.92692e-05,7.83792,38.2397,2.78121e-05,8.87555,48.1338,8.65134e-06,10.0489,60.5876,2.7882e-06,11.3761,76.2629,8.29036e-07,12.8779,95.9927,2.4373e-07,14.5775,120.825,4.33068e-09,16.5012,152.08,1.75749e-07,18.6784,191.415,-1.86328e-07,21.1428,240.917,1.91829e-07,23.9322,303.213,-1.81475e-07,27.0895,381.602,7.0186e-08,30.6634,480.231,-2.86769e-08,34.7087,604.316,2.40784e-07,39.2876,760.401,9.87368e-08,44.4705,956.705,1.22263e-07,50.3371,1203.54,-4.31966e-07,56.9776,1513.81,-1.9705e-07,64.494,1903.69,-2.763e-08,73.0018,2393.4,3.9185e-07,82.6317,3008.13,1.35379e-07,93.5318,3779.25,-4.16351e-08,105.869,4745.7,2.06965e-08,119.834,5955.6,-3.18887e-07,135.641,7468.12,-1.48271e-08,153.531,9355.62,2.00739e-07,173.781,11705.8,2.28358e-07,196.701,14624.1,-1.93587e-08,222.642,18235,-2.88101e-07,252.003,22683.4,-2.24732e-07,285.234,28134,8.56806e-09,322.845,34767,2.34258e-07,365.413,42770.9,2.99668e-07,413.588,52327.9,8.28644e-08,468.111,63591.2,-3.07049e-07,529.814,76653.2,-3.1888e-07,599.642,91502.5,-6.72276e-08,678.662,107975,2.26339e-07,768.083,125705,3.69212e-07,869.267,144088,2.04077e-07,983.76,162277,-2.80509e-07,1113.3,179223,-4.22737e-07,1259.87,193777,-1.71951e-07,1425.68,204839,4.55555e-07,11.7194,11.96,12.6541,2.21263,4.16949,0.989383,2.67766,5.84076,0.311842,3.14343,7.55825,0.0972771,3.63127,9.58578,0.0303237,4.15787,12.0912,0.00945211,4.73731,15.2286,0.00294633,5.38238,19.1721,0.000918508,6.10553,24.134,0.000286163,6.91951,30.3791,8.92692e-05,7.83792,38.2397,2.78121e-05,8.87555,48.1338,8.65134e-06,10.0489,60.5876,2.7882e-06,11.3761,76.2629,8.29036e-07,12.8779,95.9927,2.4373e-07,14.5775,120.825,1e-08,16.5012,152.08,1.75749e-07,18.6784,191.415,1e-08,21.1428,240.917,1.91829e-07,23.9322,303.213,1e-08,27.0895,381.602,7.0186e-08,30.6634,480.231,1e-08,34.7087,604.316,2.40784e-07,39.2876,760.401,9.87368e-08,44.4705,956.705,1.22263e-07,50.3371,1203.54,1e-08,56.9776,1513.81,1e-08,64.494,1903.69,1e-08,73.0018,2393.4,3.9185e-07,82.6317,3008.13,1.35379e-07,93.5318,3779.25,1e-08,105.869,4745.7,2.06965e-08,119.834,5955.6,1e-08,135.641,7468.12,1e-08,153.531,9355.62,2.00739e-07,173.781,11705.8,2.28358e-07,196.701,14624.1,1e-08,222.642,18235,1e-08,252.003,22683.4,1e-08,285.234,28134,1e-08,322.845,34767,2.34258e-07,365.413,42770.9,2.99668e-07,413.588,52327.9,8.28644e-08,468.111,63591.2,1e-08,529.814,76653.2,1e-08,599.642,91502.5,1e-08,678.662,107975,2.26339e-07,768.083,125705,3.69212e-07,869.267,144088,2.04077e-07,983.76,162277,1e-08,1113.3,179223,1e-08,1259.87,193777,1e-08,1425.68,204839,4.55555e-07,6.2823,3.27286,2.43537,0.219672,6.18826,2.24117,0.56371,6.87772,2.63624,0.308279,10,21,13,1,1,0,0,10,0,0,2,0,4,4,1,3,4,0,8,18,0,1,16,0,10,26,0,6,53,0,10,12,0,7,42,0,14,116,0,9,80,0,12,49,0,17,178,0,6,202,0,32,184,0,26,168,0,17,114,0,34,577,0,45,409,0,29,269,0,82,1385,0,22,1118,0,31,2256,0,38,2262,0,51,1445,0,44,1410,0,26,2419,0,46,4604,0,118,3455,0,83,3971,0,152,11038,0,184,2242,0,100,16422,0,259,20435,0,274,31670,0,354,11462,0,319,5459,0,262,35398,0,377,20406,0,408,70577,0,484,106334,0,392,92396,0,977,90701,0,658,50591,0,675,131584,0,776,221724,0,903,216554,0,833,171763,0,1142,124081,0,1749,81779,0
-1.05176e+08,1,8.88811e-15,10,1023,0,1.05176e+08,0.528882,1.08665,0.389689,0.145397,0.379329,3.24381,0.161596,0.446195,1.77396,0.159177,1.15e+07,4.49998e+06,6.79999e+06,1.15e+07,4.49997e+06,6.79999e+06,1.15e+07,4.49996e+06,6.79999e+06,1.15e+07,4.49995e+06,6.79999e+06,1.14999e+07,4.49993e+06,6.79999e+06,1.14999e+07,4.49991e+06,6.79999e+06,1.14999e+07,4.49989e+06,6.79999e+06,1.14999e+07,4.49986e+06,6.79999e+06,1.14999e+07,4.49982e+06,6.79999e+06,1.14999e+07,4.49977e+06,6.79999e+06,1.14999e+07,4.49971e+06,6.79999e+06,1.14999e+07,4.49963e+06,6.79999e+06,1.14998e+07,4.49953e+06,6.79999e+06,1.14998e+07,4.49941e+06,6.79999e+06,1.14998e+07,4.49926e+06,6.79999e+06,1.14998e+07,4.49906e+06,6.79999e+06,1.14997e+07,4.49882e+06,6.79999e+06,1.14997e+07,4.49851e+06,6.79999e+06,1.14997e+07,4.49812e+06,6.79999e+06,1.14996e+07,4.49764e+06,6.79999e+06,1.14996e+07,4.49702e+06,6.79999e+06,1.14995e+07,4.49625e+06,6.79999e+06,1.14995e+07,4.49528e+06,6.79999e+06,1.14994e+07,4.49406e+06,6.79999e+06,1.14993e+07,4.49253e+06,6.79999e+06,1.14992e+07,4.49059e+06,6.79999e+06,1.14991e+07,4.48817e+06,6.79999e+06,1.1499e+07,4.48511e+06,6.79999e+06,1.14988e+07,4.48128e+06,6.79999e+06,1.14987e+07,4.47646e+06,6.79999e+06,1.14985e+07,4.47041e+06,6.79999e+06,1.14983e+07,4.46281e+06,6.79999e+06,1.14981e+07,4.4533e+06,6.79999e+06,1.14979e+07,4.44138e+06,6.79999e+06,1.14976e+07,4.42649e+06,6.79999e+06,1.14972e+07,4.40789e+06,6.79999e+06,1.14969e+07,4.38471e+06,6.79999e+06,1.14965e+07,4.35592e+06,6.79999e+06,1.1496e+07,4.32027e+06,6.79999e+06,1.14955e+07,4.27629e+06,6.79999e+06,1.14949e+07,4.22231e+06,6.79999e+06,1.14942e+07,4.15647e+06,6.79999e+06,1.14934e+07,4.07676e+06,6.79999e+06,1.14926e+07,3.98112e+06,6.79999e+06,1.14916e+07,3.86765e+06,6.79999e+06,1.14905e+07,3.73474e+06,6.79999e+06,1.14892e+07,3.58148e+06,6.79999e+06,1.14878e+07,3.40785e+06,6.79999e+06,1.14862e+07,3.21513e+06,6.79999e+06,1.14844e+07,3.00605e+06,6.79999e+06,1.14823e+07,2.7848e+06,6.79999e+06,1.148e+07,2.5568e+06,6.79999e+06,1.14773e+07,2.32825e+06,6.79999e+06,13.5742,8.52444,0.508366,16.8306,13.2585,0.162638,20.0035,17.569,0.0507846,23.2616,22.4214,0.0158319,26.7328,28.3297,0.00493498,30.5212,35.6974,0.00153831,34.7178,44.9473,0.000479527,39.4086,56.5822,0.000149456,44.6796,71.2245,4.66214e-05,50.6209,89.6543,1.45419e-05,57.3297,112.852,4.54748e-06,64.9129,142.051,1.43857e-06,73.4897,178.803,4.36618e-07,83.1934,225.062,1.40153e-07,94.1745,283.286,4.96378e-08,106.602,356.568,1.05434e-07,120.669,448.799,-6.49244e-08,136.59,564.873,1.70148e-07,154.611,710.948,-5.34594e-08,175.008,894.767,1.63407e-07,198.097,1126.06,8.04804e-08,224.231,1417.07,1.14667e-07,253.813,1783.15,-1.71227e-07,287.297,2243.62,-2.88466e-07,325.198,2822.67,-4.33651e-07,368.098,3550.67,7.9318e-08,416.657,4465.65,3.13319e-07,471.621,5615.16,3.4613e-07,533.835,7058.61,-1.19199e-07,604.255,8870.02,-2.79964e-07,683.962,11141.4,-2.30521e-07,774.182,13986.7,-2.55099e-07,876.299,17546.4,1.23585e-07,991.883,21993.1,1.41192e-07,1122.71,27536.7,-9.71886e-08,1270.78,34430.7,-3.68368e-07,1438.38,42977.7,-3.45379e-07,1628.07,53532.7,-3.25328e-09,1842.77,66504.6,2.6362e-07,2085.77,82350.2,2.53445e-07,2360.79,101560,-2.47407e-08,2672.05,124632,-3.80602e-07,3024.31,152018,-4.79005e-07,3422.98,184060,-1.14379e-07,3874.15,220884,2.64297e-07,4384.72,262283,3.44131e-07,4962.49,307576,7.5349e-08,5616.29,355497,-3.63097e-07,6356.1,404126,-6.05442e-07,7193.18,450932,-2.72333e-07,8140.28,492963,2.29675e-07,9211.79,527178,4.3387e-07,10424,550893,-1.0711e-07,10.102,8.06553,2.81012,10.6436,8.57909,0.869423,11.5336,10.2515,0.270869,12.7211,12.7138,0.0844293,14.1823,15.9373,0.0263173,15.9122,20.0383,0.0082035,17.9198,25.2154,0.00255722,20.2244,31.7373,0.000797017,22.8539,39.9486,0.000248622,25.8438,50.2851,7.75492e-05,29.237,63.2963,2.42508e-05,33.0837,79.6738,7.67162e-06,37.4415,100.288,2.32837e-06,42.3767,126.236,7.33e-07,47.9646,158.896,2.79256e-07,54.2906,200.003,9.87351e-09,61.452,251.741,1.61085e-07,69.5585,316.859,-2.47141e-07,78.7347,398.812,8.93552e-08,89.1218,501.948,-2.53231e-07,100.879,631.736,-1.25047e-07,114.188,795.049,-1.78808e-07,129.252,1000.53,2.6733e-07,146.304,1259.03,4.50292e-07,165.605,1584.19,6.76904e-07,187.452,1993.12,-1.23808e-07,212.181,2507.27,-4.89068e-07,240.173,3153.54,-5.40284e-07,271.856,3965.56,1.86061e-07,307.719,4985.38,4.37004e-07,348.313,6265.4,3.59828e-07,394.26,7870.83,3.98192e-07,446.268,9882.51,-1.92908e-07,505.135,12400.3,-2.20392e-07,571.766,15546.9,1.51705e-07,647.184,19472.2,5.74996e-07,732.547,24357.4,5.39112e-07,829.167,30420,5.07815e-09,938.526,37916.3,-4.11492e-07,1062.3,47143.9,-3.9561e-07,1202.4,58439.2,3.86185e-08,1360.96,72169.3,5.94093e-07,1540.42,88715.8,7.47693e-07,1743.53,108445,1.78537e-07,1973.41,131665,-4.12549e-07,2233.57,158557,-5.37164e-07,2528,189103,-1.17615e-07,2861.2,222986,5.66769e-07,3238.27,259510,9.45053e-07,3664.97,297540,4.25093e-07,4147.81,335497,-3.58506e-07,4694.17,371444,-6.7724e-07,5312.37,403256,1.67192e-07,1.61744,3.89446,9.84394,3.28846,7.5504,12.774,5.07607,11.7187,13.6844,7.03202,16.8147,13.9681,9.20215,23.1769,14.0566,11.6301,31.1672,14.0841,14.3598,41.2186,14.0927,17.4376,53.8688,14.0954,20.9137,69.7915,14.0962,24.8432,89.8341,14.0965,29.2879,115.063,14.0966,34.3168,146.819,14.0966,40.0078,186.792,14.0966,46.4487,237.107,14.0966,53.7388,300.44,14.0966,61.9903,380.158,14.0966,71.3301,480.499,14.0966,81.902,606.796,14.0966,93.8685,765.761,14.0966,107.414,965.837,14.0966,122.746,1217.65,14.0966,140.101,1534.57,14.0966,159.745,1933.41,14.0966,181.981,2435.3,14.0966,207.15,3066.85,14.0966,235.64,3861.46,14.0966,267.889,4861.11,14.0966,304.391,6118.54,14.0966,345.709,7699.91,14.0966,392.478,9688.22,14.0966,445.417,12187.5,14.0966,505.339,15327.7,14.0966,573.165,19271.6,14.0966,649.938,24222,14.0966,736.839,30430.9,14.0966,835.202,38211.5,14.0966,946.539,47950.3,14.0966,1072.56,60122.8,14.0966,1215.21,75309.9,14.0966,1376.66,94216.2,14.0966,1559.41,117688,14.0966,1766.26,146729,14.0966,2000.39,182510,14.0966,2265.39,226372,14.0966,2565.33,279806,14.0966,2904.81,344416,14.0966,3289.05,421845,14.0966,3723.93,513667,14.0966,4216.13,621231,14.0966,4773.18,745478,14.0966,5403.64,886744,14.0966,6117.15,1.04457e+06,14.0966,6924.63,1.2176e+06,14.0966,11.7194,11.96,12.6541,13.9321,16.1295,13.6434,16.6097,21.9702,13.9553,19.7532,29.5285,14.0526,23.3844,39.1143,14.0829,27.5423,51.2054,14.0923,32.2796,66.434,14.0953,37.662,85.6061,14.0962,43.7675,109.74,14.0965,50.687,140.119,14.0966,58.5249,178.359,14.0966,67.4005,226.493,14.0966,77.4493,287.08,14.0966,88.8254,363.343,14.0966,101.703,459.336,14.0966,116.281,580.161,14.0966,132.782,732.241,14.0966,151.46,923.655,14.0966,172.603,1164.57,14.0966,196.535,1467.79,14.0966,223.625,1849.39,14.0966,254.288,2329.62,14.0966,288.997,2933.93,14.0966,328.285,3694.33,14.0966,372.755,4651.04,14.0966,423.092,5854.57,14.0966,480.07,7368.38,14.0966,544.564,9272.08,14.0966,617.566,11665.5,14.0966,700.197,14673.6,14.0966,793.729,18452.9,14.0966,899.599,23198.6,14.0966,1019.43,29154.1,14.0966,1155.07,36622.3,14.0966,1308.6,45977.9,14.0966,1482.39,57683.7,14.0966,1679.09,72307.8,14.0966,1901.73,90542.8,14.0966,2153.73,113226,14.0966,2438.97,141360,14.0966,2761.81,176127,14.0966,3127.22,218898,14.0966,3540.81,271226,14.0966,4008.92,334817,14.0966,4538.74,411470,14.0966,5138.38,502973,14.0966,5817.04,610948,14.0966,6585.12,736653,14.0966,7454.39,880741,14.0966,8438.15,1.04302e+06,14.0966,9551.45,1.22224e+06,14.0966,10811.3,1.41602e+06,14.0966,12237,1.62086e+06,14.0966,11.7194,11.96,12.6541,2.21263,4.16949,0.989383,2.67766,5.84076,0.311842,3.14343,7.55825,0.0972771,3.63127,9.58578,0.0303237,4.15787,12.0912,0.00945211,4.73731,15.2286,0.00294633,5.38238,19.1721,0.000918508,6.10553,24.134,0.000286163,6.91951,30.3791,8.92692e-05,7.83792,38.2397,2.78121e-05,8.87555,48.1338,8.65134e-06,10.0489,60.5876,2.7882e-06,11.3761,76.2629,8.29036e-07,12.8779,95.9927,2.4373e-07,14.5775,120.825,4.33068e-09,16.5012,152.08,1.75749e-07,18.6784,191.415,-1.86328e-07,21.1428,240.917,1.91829e-07,23.9322,303.213,-1.81475e-07,27.0895,381.602,7.0186e-08,30.6634,480.231,-2.86769e-08,34.7087,604.316,2.40784e-07,39.2876,760.401,9.87368e-08,44.4705,956.705,1.22263e-07,50.3371,1203.54,-4.31966e-07,56.9776,1513.81,-1.9705e-07,64.494,1903.69,-2.763e-08,73.0018,2393.4,3.9185e-07,82.6317,3008.13,1.35379e-07,93.5318,3779.25,-4.16351e-08,105.869,4745.7,2.06965e-08,119.834,5955.6,-3.18887e-07,135.641,7468.12,-1.48271e-08,153.531,9355.62,2.00739e-07,173.781,11705.8,2.28358e-07,196.701,14624.1,-1.93587e-08,222.642,18235,-2.88101e-07,252.003,22683.4,-2.24732e-07,285.234,28134,8.56806e-09,322.845,34767,2.34258e-07,365.413,42770.9,2.99668e-07,413.588,52327.9,8.28644e-08,468.111,63591.2,-3.07049e-07,529.814,76653.2,-3.1888e-07,599.642,91502.5,-6.72276e-08,678.662,107975,2.26339e-07,768.083,125705,3.69212e-07,869.267,144088,2.04077e-07,983.76,162277,-2.80509e-07,1113.3,179223,-4.22737e-07,1259.87,193777,-1.71951e-07,1425.68,204839,4.55555e-07,11.7194,11.96,12.6541,2.21263,4.16949,0.989383,2.67766,5.84076,0.311842,3.14343,7.55825,0.0972771,3.63127,9.58578,0.0303237,4.15787,12.0912,0.00945211,4.73731,15.2286,0.00294633,5.38238,19.1721,0.000918508,6.10553,24.134,0.000286163,6.91951,30.3791,8.92692e-05,7.83792,38.2397,2.78121e-05,8.87555,48.1338,8.65134e-06,10.0489,60.5876,2.7882e-06,11.3761,76.2629,8.29036e-07,12.8779,95.9927,2.4373e-07,14.5775,120.825,1e-08,16.5012,152.08,1.75749e-07,18.6784,191.415,1e-08,21.1428,240.917,1.91829e-07,23.9322,303.213,1e-08,27.0895,381.602,7.0186e-08,30.6634,480.231,1e-08,34.7087,604.316,2.40784e-07,39.2876,760.401,9.87368e-08,44.4705,956.705,1.22263e-07,50.3371,1203.54,1e-08,56.9776,1513.81,1e-08,64.494,1903.69,1e-08,73.0018,2393.4,3.9185e-07,82.6317,3008.13,1.35379e-07,93.5318,3779.25,1e-08,105.869,4745.7,2.06965e-08,119.834,5955.6,1e-08,135.641,7468.12,1e-08,153.531,9355.62,2.00739e-07,173.781,11705.8,2.28358e-07,196.701,14624.1,1e-08,222.642,18235,1e-08,252.003,22683.4,1e-08,285.234,28134,1e-08,322.845,34767,2.34258e-07,365.413,42770.9,2.99668e-07,413.588,52327.9,8.28644e-08,468.111,63591.2,1e-08,529.814,76653.2,1e-08,599.642,91502.5,1e-08,678.662,107975,2.26339e-07,768.083,125705,3.69212e-07,869.267,144088,2.04077e-07,983.76,162277,1e-08,1113.3,179223,1e-08,1259.87,193777,1e-08,1425.68,204839,4.55555e-07,6.2823,3.27286,2.43537,0.219672,6.18826,2.24117,0.56371,6.87772,2.63624,0.308279,11,23,16,3,2,0,2,7,1,4,11,0,1,15,0,1,16,0,0,17,0,3,10,0,3,35,0,6,17,0,17,55,0,1,31,0,5,124,0,8,61,0,15,45,0,17,109,0,28,79,0,12,271,0,17,183,0,35,285,0,12,238,0,19,281,0,21,407,0,30,525,0,35,752,0,31,375,0,57,2954,0,32,2755,0,88,1917,0,68,2138,0,66,3428,0,65,4196,0,92,5147,0,135,10510,0,147,17920,0,164,7546,0,334,14396,0,282,11690,0,326,11246,0,89,17581,0,173,35124,0,721,50783,0,229,56216,0,575,41358,0,496,170248,0,626,169037,0,746,238077,0,857,82052,0,699,130662,0,528,60065,0,997,321563,0,1680,234608,0,1113,190363,0
-1.05176e+08,1,8.88811e-15,10,1023,0,1.05176e+08,0.528882,1.08665,0.389689,0.145397,0.379329,3.24381,0.161596,0.446195,1.77396,0.159177,1.15e+07,4.49998e+06,6.79999e+06,1.15e+07,4.49997e+06,6.79999e+06,1.15e+07,4.49996e+06,6.79999e+06,1.15e+07,4.49995e+06,6.79999e+06,1.14999e+07,4.49993e+06,6.79999e+06,1.14999e+07,4.49991e+06,6.79999e+06,1.14999e+07,4.49989e+06,6.79999e+06,1.14999e+07,4.49986e+06,6.79999e+06,1.14999e+07,4.49982e+06,6.79999e+06,1.14999e+07,4.49977e+06,6.79999e+06,1.14999e+07,4.49971e+06,6.79999e+06,1.14999e+07,4.49963e+06,6.79999e+06,1.14998e+07,4.49953e+06,6.79999e+06,1.14998e+07,4.49941e+06,6.79999e+06,1.14998e+07,4.49926e+06,6.79999e+06,1.14998e+07,4.49906e+06,6.79999e+06,1.14997e+07,4.49882e+06,6.79999e+06,1.14997e+07,4.49851e+06,6.79999e+06,1.14997e+07,4.49812e+06,6.79999e+06,1.14996e+07,4.49764e+06,6.79999e+06,1.14996e+07,4.49702e+06,6.79999e+06,1.14995e+07,4.49625e+06,6.79999e+06,1.14995e+07,4.49528e+06,6.79999e+06,1.14994e+07,4.49406e+06,6.79999e+06,1.14993e+07,4.49253e+06,6.79999e+06,1.14992e+07,4.49059e+06,6.79999e+06,1.14991e+07,4.48817e+06,6.79999e+06,1.1499e+07,4.48511e+06,6.79999e+06,1.14988e+07,4.48128e+06,6.79999e+06,1.14987e+07,4.47646e+06,6.79999e+06,1.14985e+07,4.47041e+06,6.79999e+06,1.14983e+07,4.46281e+06,6.79999e+06,1.14981e+07,4.4533e+06,6.79999e+06,1.14979e+07,4.44138e+06,6.79999e+06,1.14976e+07,4.42649e+06,6.79999e+06,1.14972e+07,4.40789e+06,6.79999e+06,1.14969e+07,4.38471e+06,6.79999e+06,1.14965e+07,4.35592e+06,6.79999e+06,1.1496e+07,4.32027e+06,6.79999e+06,1.14955e+07,4.27629e+06,6.79999e+06,1.14949e+07,4.22231e+06,6.79999e+06,1.14942e+07,4.15647e+06,6.79999e+06,1.14934e+07,4.07676e+06,6.79999e+06,1.14926e+07,3.98112e+06,6.79999e+06,1.14916e+07,3.86765e+06,6.79999e+06,1.14905e+07,3.73474e+06,6.79999e+06,1.14892e+07,3.58148e+06,6.79999e+06,1.14878e+07,3.40785e+06,6.79999e+06,1.14862e+07,3.21513e+06,6.79999e+06,1.14844e+07,3.00605e+06,6.79999e+06,1.14823e+07,2.7848e+06,6.79999e+06,1.148e+07,2.5568e+06,6.79999e+06,1.14773e+07,2.32825e+06,6.79999e+06,13.5742,8.52444,0.508366,16.8306,13.2585,0.162638,20.0035,17.569,0.0507846,23.2616,22.4214,0.0158319,26.7328,28.3297,0.00493498,30.5212,35.6974,0.00153831,34.7178,44.9473,0.000479527,39.4086,56.5822,0.000149456,44.6796,71.2245,4.66214e-05,50.6209,89.6543,1.45419e-05,57.3297,112.852,4.54748e-06,64.9129,142.051,1.43857e-06,73.4897,178.803,4.36618e-07,83.1934,225.062,1.40153e-07,94.1745,283.286,4.96378e-08,106.602,356.568,1.05434e-07,120.669,448.799,-6.49244e-08,136.59,564.873,1.70148e-07,154.611,710.948,-5.34594e-08,175.008,894.767,1.63407e-07,198.097,1126.06,8.04804e-08,224.231,1417.07,1.14667e-07,253.813,1783.15,-1.71227e-07,287.297,2243.62,-2.88466e-07,325.198,2822.67,-4.33651e-07,368.098,3550.67,7.9318e-08,416.657,4465.65,3.13319e-07,471.621,5615.16,3.4613e-07,533.835,7058.61,-1.19199e-07,604.255,8870.02,-2.79964e-07,683.962,11141.4,-2.30521e-07,774.182,13986.7,-2.55099e-07,876.299,17546.4,1.23585e-07,991.883,21993.1,1.41192e-07,1122.71,27536.7,-9.71886e-08,1270.78,34430.7,-3.68368e-07,1438.38,42977.7,-3.45379e-07,1628.07,53532.7,-3.25328e-09,1842.77,66504.6,2.6362e-07,2085.77,82350.2,2.53445e-07,2360.79,101560,-2.47407e-08,2672.05,124632,-3.80602e-07,3024.31,152018,-4.79005e-07,3422.98,184060,-1.14379e-07,3874.15,220884,2.64297e-07,4384.72,262283,3.44131e-07,4962.49,307576,7.5349e-08,5616.29,355497,-3.63097e-07,6356.1,404126,-6.05442e-07,7193.18,450932,-2.72333e-07,8140.28,492963,2.29675e-07,9211.79,527178,4.3387e-07,10424,550893,-1.0711e-07,10.102,8.06553,2.81012,10.6436,8.57909,0.869423,11.5336,10.2515,0.270869,12.7211,12.7138,0.0844293,14.1823,15.9373,0.0263173,15.9122,20.0383,0.0082035,17.9198,25.2154,0.00255722,20.2244,31.7373,0.000797017,22.8539,39.9486,0.000248622,25.8438,50.2851,7.75492e-05,29.237,63.2963,2.42508e-05,33.0837,79.6738,7.67162e-06,37.4415,100.288,2.32837e-06,42.3767,126.236,7.33e-07,47.9646,158.896,2.79256e-07,54.2906,200.003,9.87351e-09,61.452,251.741,1.61085e-07,69.5585,316.859,-2.47141e-07,78.7347,398.812,8.93552e-08,89.1218,501.948,-2.53231e-07,100.879,631.736,-1.25047e-07,114.188,795.049,-1.78808e-07,129.252,1000.53,2.6733e-07,146.304,1259.03,4.50292e-07,165.605,1584.19,6.76904e-07,187.452,1993.12,-1.23808e-07,212.181,2507.27,-4.89068e-07,240.173,3153.54,-5.40284e-07,271.856,3965.56,1.86061e-07,307.719,4985.38,4.37004e-07,348.313,6265.4,3.59828e-07,394.26,7870.83,3.98192e-07,446.268,9882.51,-1.92908e-07,505.135,12400.3,-2.20392e-07,571.766,15546.9,1.51705e-07,647.184,19472.2,5.74996e-07,732.547,24357.4,5.39112e-07,829.167,30420,5.07815e-09,938.526,37916.3,-4.11492e-07,1062.3,47143.9,-3.9561e-07,1202.4,58439.2,3.86185e-08,1360.96,72169.3,5.94093e-07,1540.42,88715.8,7.47693e-07,1743.53,108445,1.78537e-07,1973.41,131665,-4.12549e-07,2233.57,158557,-5.37164e-07,2528,189103,-1.17615e-07,2861.2,222986,5.66769e-07,3238.27,259510,9.45053e-07,3664.97,297540,4.25093e-07,4147.81,335497,-3.58506e-07,4694.17,371444,-6.7724e-07,5312.37,403256,1.67192e-07,1.61744,3.89446,9.84394,3.28846,7.5504,12.774,5.07607,11.7187,13.6844,7.03202,16.8147,13.9681,9.20215,23.1769,14.0566,11.6301,31.1672,14.0841,14.3598,41.2186,14.0927,17.4376,53.8688,14.0954,20.9137,69.7915,14.0962,24.8432,89.8341,14.0965,29.2879,115.063,14.0966,34.3168,146.819,14.0966,40.0078,186.792,14.0966,46.4487,237.107,14.0966,53.7388,300.44,14.0966,61.9903,380.158,14.0966,71.3301,480.499,14.0966,81.902,606.796,14.0966,93.8685,765.761,14.0966,107.414,965.837,14.0966,122.746,1217.65,14.0966,140.101,1534.57,14.0966,159.745,1933.41,14.0966,181.981,2435.3,14.0966,207.15,3066.85,14.0966,235.64,3861.46,14.0966,267.889,4861.11,14.0966,304.391,6118.54,14.0966,345.709,7699.91,14.0966,392.478,9688.22,14.0966,445.417,12187.5,14.0966,505.339,15327.7,14.0966,573.165,19271.6,14.0966,649.938,24222,14.0966,736.839,30430.9,14.0966,835.202,38211.5,14.0966,946.539,47950.3,14.0966,1072.56,60122.8,14.0966,1215.21,75309.9,14.0966,1376.66,94216.2,14.0966,1559.41,117688,14.0966,1766.26,146729,14.0966,2000.39,182510,14.0966,2265.39,226372,14.0966,2565.33,279806,14.0966,2904.81,344416,14.0966,3289.05,421845,14.0966,3723.93,513667,14.0966,4216.13,621231,14.0966,4773.18,745478,14.0966,5403.64,886744,14.0966,6117.15,1.04457e+06,14.0966,6924.63,1.2176e+06,14.0966,11.7194,11.96,12.6541,13.9321,16.1295,13.6434,16.6097,21.9702,13.9553,19.7532,29.5285,14.0526,23.3844,39.1143,14.0829,27.5423,51.2054,14.0923,32.2796,66.434,14.0953,37.662,85.6061,14.0962,43.7675,109.74,14.0965,50.687,140.119,14.0966,58.5249,178.359,14.0966,67.4005,226.493,14.0966,77.4493,287.08,14.0966,88.8254,363.343,14.0966,101.703,459.336,14.0966,116.281,580.161,14.0966,132.782,732.241,14.0966,151.46,923.655,14.0966,172.603,1164.57,14.0966,196.535,1467.79,14.0966,223.625,1849.39,14.0966,254.288,2329.62,14.0966,288.997,2933.93,14.0966,328.285,3694.33,14.0966,372.755,4651.04,14.0966,423.092,5854.57,14.0966,480.07,7368.38,14.0966,544.564,9272.08,14.0966,617.566,11665.5,14.0966,700.197,14673.6,14.0966,793.729,18452.9,14.0966,899.599,23198.6,14.0966,1019.43,29154.1,14.0966,1155.07,36622.3,14.0966,1308.6,45977.9,14.0966,1482.39,57683.7,14.0966,1679.09,72307.8,14.0966,1901.73,90542.8,14.0966,2153.73,113226,14.0966,2438.97,141360,14.0966,2761.81,176127,14.0966,3127.22,218898,14.0966,3540.81,271226,14.0966,4008.92,334817,14.0966,4538.74,411470,14.0966,5138.38,502973,14.0966,5817.04,610948,14.0966,6585.12,736653,14.0966,7454.39,880741,14.0966,8438.15,1.04302e+06,14.0966,9551.45,1.22224e+06,14.0966,10811.3,1.41602e+06,14.0966,12237,1.62086e+06,14.0966,11.7194,11.96,12.6541,2.21263,4.16949,0.989383,2.67766,5.84076,0.311842,3.14343,7.55825,0.0972771,3.63127,9.58578,0.0303237,4.15787,12.0912,0.00945211,4.73731,15.2286,0.00294633,5.38238,19.1721,0.000918508,6.10553,24.134,0.000286163,6.91951,30.3791,8.92692e-05,7.83792,38.2397,2.78121e-05,8.87555,48.1338,8.65134e-06,10.0489,60.5876,2.7882e-06,11.3761,76.2629,8.29036e-07,12.8779,95.9927,2.4373e-07,14.5775,120.825,4.33068e-09,16.5012,152.08,1.75749e-07,18.6784,191.415,-1.86328e-07,21.1428,240.917,1.91829e-07,23.9322,303.213,-1.81475e-07,27.0895,381.602,7.0186e-08,30.6634,480.231,-2.86769e-08,34.7087,604.316,2.40784e-07,39.2876,760.401,9.87368e-08,44.4705,956.705,1.22263e-07,50.3371,1203.54,-4.31966e-07,56.9776,1513.81,-1.9705e-07,64.494,1903.69,-2.763e-08,73.0018,2393.4,3.9185e-07,82.6317,3008.13,1.35379e-07,93.5318,3779.25,-4.16351e-08,105.869,4745.7,2.06965e-08,119.834,5955.6,-3.18887e-07,135.641,7468.12,-1.48271e-08,153.531,9355.62,2.00739e-07,173.781,11705.8,2.28358e-07,196.701,14624.1,-1.93587e-08,222.642,18235,-2.88101e-07,252.003,22683.4,-2.24732e-07,285.234,28134,8.56806e-09,322.845,34767,2.34258e-07,365.413,42770.9,2.99668e-07,413.588,52327.9,8.28644e-08,468.111,63591.2,-3.07049e-07,529.814,76653.2,-3.1888e-07,599.642,91502.5,-6.72276e-08,678.662,107975,2.26339e-07,768.083,125705,3.69212e-07,869.267,144088,2.04077e-07,983.76,162277,-2.80509e-07,1113.3,179223,-4.22737e-07,1259.87,193777,-1.71951e-07,1425.68,204839,4.55555e-07,11.7194,11.96,12.6541,2.21263,4.16949,0.989383,2.67766,5.84076,0.311842,3.14343,7.55825,0.0972771,3.63127,9.58578,0.0303237,4.15787,12.0912,0.00945211,4.73731,15.2286,0.00294633,5.38238,19.1721,0.000918508,6.10553,24.134,0.000286163,6.91951,30.3791,8.92692e-05,7.83792,38.2397,2.78121e-05,8.87555,48.1338,8.65134e-06,10.0489,60.5876,2.7882e-06,11.3761,76.2629,8.29036e-07,12.8779,95.9927,2.4373e-07,14.5775,120.825,1e-08,16.5012,152.08,1.75749e-07,18.6784,191.415,1e-08,21.1428,240.917,1.91829e-07,23.9322,303.213,1e-08,27.0895,381.602,7.0186e-08,30.6634,480.231,1e-08,34.7087,604.316,2.40784e-07,39.2876,760.401,9.87368e-08,44.4705,956.705,1.22263e-07,50.3371,1203.54,1e-08,56.9776,1513.81,1e-08,64.494,1903.69,1e-08,73.0018,2393.4,3.9185e-07,82.6317,3008.13,1.35379e-07,93.5318,3779.25,1e-08,105.869,4745.7,2.06965e-08,119.834,5955.6,1e-08,135.641,7468.12,1e-08,153.531,9355.62,2.00739e-07,173.781,11705.8,2.28358e-07,196.701,14624.1,1e-08,222.642,18235,1e-08,252.003,22683.4,1e-08,285.234,28134,1e-08,322.845,34767,2.34258e-07,365.413,42770.9,2.99668e-07,413.588,52327.9,8.28644e-08,468.111,63591.2,1e-08,529.814,76653.2,1e-08,599.642,91502.5,1e-08,678.662,107975,2.26339e-07,768.083,125705,3.69212e-07,869.267,144088,2.04077e-07,983.76,162277,1e-08,1113.3,179223,1e-08,1259.87,193777,1e-08,1425.68,204839,4.55555e-07,6.2823,3.27286,2.43537,0.219672,6.18826,2.24117,0.56371,6.87772,2.63624,0.308279,22,11,12,0,3,1,0,3,0,1,17,0,1,11,0,3,23,0,3,25,0,7,10,0,5,12,0,2,11,0,10,29,0,8,31,0,12,38,0,6,93,0,12,106,0,7,111,0,18,115,0,20,178,0,23,132,0,10,610,0,14,341,0,45,463,0,23,483,0,40,319,0,43,1204,0,82,1181,0,72,1767,0,90,3041,0,150,4670,0,77,3889,0,51,1840,0,137,3104,0,71,4392,0,91,7664,0,49,8786,0,159,8702,0,225,11820,0,154,15887,0,240,14944,0,313,25170,0,246,30269,0,172,23928,0,547,43560,0,827,63459,0,267,72547,0,588,84019,0,476,129626,0,379,142044,0,687,193359,0,1243,130369,0,2099,299070,0,2298,99587,0,1336,182211,0
-1.05176e+08,1,8.88811e-15,10,1023,0,1.05176e+08,0.528882,1.08665,0.389689,0.145397,0.379329,3.24381,0.161596,0.446195,1.77396,0.159177,1.15e+07,4.49998e+06,6.79999e+06,1.15e+07,4.49997e+06,6.79999e+06,1.15e+07,4.49996e+06,6.79999e+06,1.15e+07,4.49995e+06,6.79999e+06,1.14999e+07,4.49993e+06,6.79999e+06,1.14999e+07,4.49991e+06,6.79999e+06,1.14999e+07,4.49989e+06,6.79999e+06,1.14999e+07,4.49986e+06,6.79999e+06,1.14999e+07,4.49982e+06,6.79999e+06,1.14999e+07,4.49977e+06,6.79999e+06,1.14999e+07,4.49971e+06,6.79999e+06,1.14999e+07,4.49963e+06,6.79999e+06,1.14998e+07,4.49953e+06,6.79999e+06,1.14998e+07,4.49941e+06,6.79999e+06,1.14998e+07,4.49926e+06,6.79999e+06,1.14998e+07,4.49906e+06,6.79999e+06,1.14997e+07,4.49882e+06,6.79999e+06,1.14997e+07,4.49851e+06,6.79999e+06,1.14997e+07,4.49812e+06,6.79999e+06,1.14996e+07,4.49764e+06,6.79999e+06,1.14996e+07,4.49702e+06,6.79999e+06,1.14995e+07,4.49625e+06,6.79999e+06,1.14995e+07,4.49528e+06,6.79999e+06,1.14994e+07,4.49406e+06,6.79999e+06,1.14993e+07,4.49253e+06,6.79999e+06,1.14992e+07,4.49059e+06,6.79999e+06,1.14991e+07,4.48817e+06,6.79999e+06,1.1499e+07,4.48511e+06,6.79999e+06,1.14988e+07,4.48128e+06,6.79999e+06,1.14987e+07,4.47646e+06,6.79999e+06,1.14985e+07,4.47041e+06,6.79999e+06,1.14983e+07,4.46281e+06,6.79999e+06,1.14981e+07,4.4533e+06,6.79999e+06,1.14979e+07,4.44138e+06,6.79999e+06,1.14976e+07,4.42649e+06,6.79999e+06,1.14972e+07,4.40789e+06,6.79999e+06,1.14969e+07,4.38471e+06,6.79999e+06,1.14965e+07,4.35592e+06,6.79999e+06,1.1496e+07,4.32027e+06,6.79999e+06,1.14955e+07,4.27629e+06,6.79999e+06,1.14949e+07,4.22231e+06,6.79999e+06,1.14942e+07,4.15647e+06,6.79999e+06,1.14934e+07,4.07676e+06,6.79999e+06,1.14926e+07,3.98112e+06,6.79999e+06,1.14916e+07,3.86765e+06,6.79999e+06,1.14905e+07,3.73474e+06,6.79999e+06,1.14892e+07,3.58148e+06,6.79999e+06,1.14878e+07,3.40785e+06,6.79999e+06,1.14862e+07,3.21513e+06,6.79999e+06,1.14844e+07,3.00605e+06,6.79999e+06,1.14823e+07,2.7848e+06,6.79999e+06,1.148e+07,2.5568e+06,6.79999e+06,1.14773e+07,2.32825e+06,6.79999e+06,13.5742,8.52444,0.508366,16.8306,13.2585,0.162638,20.0035,17.569,0.0507846,23.2616,22.4214,0.0158319,26.7328,28.3297,0.00493498,30.5212,35.6974,0.00153831,34.7178,44.9473,0.000479527,39.4086,56.5822,0.000149456,44.6796,71.2245,4.66214e-05,50.6209,89.6543,1.45419e-05,57.3297,112.852,4.54748e-06,64.9129,142.051,1.43857e-06,73.4897,178.803,4.36618e-07,83.1934,225.062,1.40153e-07,94.1745,283.286,4.96378e-08,106.602,356.568,1.05434e-07,120.669,448.799,-6.49244e-08,136.59,564.873,1.70148e-07,154.611,710.948,-5.34594e-08,175.008,894.767,1.63407e-07,198.097,1126.06,8.04804e-08,224.231,1417.07,1.14667e-07,253.813,1783.15,-1.71227e-07,287.297,2243.62,-2.88466e-07,325.198,2822.67,-4.33651e-07,368.098,3550.67,7.9318e-08,416.657,4465.65,3.13319e-07,471.621,5615.16,3.4613e-07,533.835,7058.61,-1.19199e-07,604.255,8870.02,-2.79964e-07,683.962,11141.4,-2.30521e-07,774.182,13986.7,-2.55099e-07,876.299,17546.4,1.23585e-07,991.883,21993.1,1.41192e-07,1122.71,27536.7,-9.71886e-08,1270.78,34430.7,-3.68368e-07,1438.38,42977.7,-3.45379e-07,1628.07,53532.7,-3.25328e-09,1842.77,66504.6,2.6362e-07,2085.77,82350.2,2.53445e-07,2360.79,101560,-2.47407e-08,2672.05,124632,-3.80602e-07,3024.31,152018,-4.79005e-07,3422.98,184060,-1.14379e-07,3874.15,220884,2.64297e-07,4384.72,262283,3.44131e-07,4962.49,307576,7.5349e-08,5616.29,355497,-3.63097e-07,6356.1,404126,-6.05442e-07,7193.18,450932,-2.72333e-07,8140.28,492963,2.29675e-07,9211.79,527178,4.3387e-07,10424,550893,-1.0711e-07,10.102,8.06553,2.81012,10.6436,8.57909,0.869423,11.5336,10.2515,0.270869,12.7211,12.7138,0.0844293,14.1823,15.9373,0.0263173,15.9122,20.0383,0.0082035,17.9198,25.2154,0.00255722,20.2244,31.7373,0.000797017,22.8539,39.9486,0.000248622,25.8438,50.2851,7.75492e-05,29.237,63.2963,2.42508e-05,33.0837,79.6738,7.67162e-06,37.4415,100.288,2.32837e-06,42.3767,126.236,7.33e-07,47.9646,158.896,2.79256e-07,54.2906,200.003,9.87351e-09,61.452,251.741,1.61085e-07,69.5585,316.859,-2.47141e-07,78.7347,398.812,8.93552e-08,89.1218,501.948,-2.53231e-07,100.879,631.736,-1.25047e-07,114.188,795.049,-1.78808e-07,129.252,1000.53,2.6733e-07,146.304,1259.03,4.50292e-07,165.605,1584.19,6.76904e-07,187.452,1993.12,-1.23808e-07,212.181,2507.27,-4.89068e-07,240.173,3153.54,-5.40284e-07,271.856,3965.56,1.86061e-07,307.719,4985.38,4.37004e-07,348.313,6265.4,3.59828e-07,394.26,7870.83,3.98192e-07,446.268,9882.51,-1.92908e-07,505.135,12400.3,-2.20392e-07,571.766,15546.9,1.51705e-07,647.184,19472.2,5.74996e-07,732.547,24357.4,5.39112e-07,829.167,30420,5.07815e-09,938.526,37916.3,-4.11492e-07,1062.3,47143.9,-3.9561e-07,1202.4,58439.2,3.86185e-08,1360.96,72169.3,5.94093e-07,1540.42,88715.8,7.47693e-07,1743.53,108445,1.78537e-07,1973.41,131665,-4.12549e-07,2233.57,158557,-5.37164e-07,2528,189103,-1.17615e-07,2861.2,222986,5.66769e-07,3238.27,259510,9.45053e-07,3664.97,297540,4.25093e-07,4147.81,335497,-3.58506e-07,4694.17,371444,-6.7724e-07,5312.37,403256,1.67192e-07,1.61744,3.89446,9.84394,3.28846,7.5504,12.774,5.07607,11.7187,13.6844,7.03202,16.8147,13.9681,9.20215,23.1769,14.0566,11.6301,31.1672,14.0841,14.3598,41.2186,14.0927,17.4376,53.8688,14.0954,20.9137,69.7915,14.0962,24.8432,89.8341,14.0965,29.2879,115.063,14.0966,34.3168,146.819,14.0966,40.0078,186.792,14.0966,46.4487,237.107,14.0966,53.7388,300.44,14.0966,61.9903,380.158,14.0966,71.3301,480.499,14.0966,81.902,606.796,14.0966,93.8685,765.761,14.0966,107.414,965.837,14.0966,122.746,1217.65,14.0966,140.101,1534.57,14.0966,159.745,1933.41,14.0966,181.981,2435.3,14.0966,207.15,3066.85,14.0966,235.64,3861.46,14.0966,267.889,4861.11,14.0966,304.391,6118.54,14.0966,345.709,7699.91,14.0966,392.478,9688.22,14.0966,445.417,12187.5,14.0966,505.339,15327.7,14.0966,573.165,19271.6,14.0966,649.938,24222,14.0966,736.839,30430.9,14.0966,835.202,38211.5,14.0966,946.539,47950.3,14.0966,1072.56,60122.8,14.0966,1215.21,75309.9,14.0966,1376.66,94216.2,14.0966,1559.41,117688,14.0966,1766.26,146729,14.0966,2000.39,182510,14.0966,2265.39,226372,14.0966,2565.33,279806,14.0966,2904.81,344416,14.0966,3289.05,421845,14.0966,3723.93,513667,14.0966,4216.13,621231,14.0966,4773.18,745478,14.0966,5403.64,886744,14.0966,6117.15,1.04457e+06,14.0966,6924.63,1.2176e+06,14.0966,11.7194,11.96,12.6541,13.9321,16.1295,13.6434,16.6097,21.9702,13.9553,19.7532,29.5285,14.0526,23.3844,39.1143,14.0829,27.5423,51.2054,14.0923,32.2796,66.434,14.0953,37.662,85.6061,14.0962,43.7675,109.74,14.0965,50.687,140.119,14.0966,58.5249,178.359,14.0966,67.4005,226.493,14.0966,77.4493,287.08,14.0966,88.8254,363.343,14.0966,101.703,459.336,14.0966,116.281,580.161,14.0966,132.782,732.241,14.0966,151.46,923.655,14.0966,172.603,1164.57,14.0966,196.535,1467.79,14.0966,223.625,1849.39,14.0966,254.288,2329.62,14.0966,288.997,2933.93,14.0966,328.285,3694.33,14.0966,372.755,4651.04,14.0966,423.092,5854.57,14.0966,480.07,7368.38,14.0966,544.564,9272.08,14.0966,617.566,11665.5,14.0966,700.197,14673.6,14.0966,793.729,18452.9,14.0966,899.599,23198.6,14.0966,1019.43,29154.1,14.0966,1155.07,36622.3,14.0966,1308.6,45977.9,14.0966,1482.39,57683.7,14.0966,1679.09,72307.8,14.0966,1901.73,90542.8,14.0966,2153.73,113226,14.0966,2438.97,141360,14.0966,2761.81,176127,14.0966,3127.22,218898,14.0966,3540.81,271226,14.0966,4008.92,334817,14.0966,4538.74,411470,14.0966,5138.38,502973,14.0966,5817.04,610948,14.0966,6585.12,736653,14.0966,7454.39,880741,14.0966,8438.15,1.04302e+06,14.0966,9551.45,1.22224e+06,14.0966,10811.3,1.41602e+06,14.0966,12237,1.62086e+06,14.0966,11.7194,11.96,12.6541,2.21263,4.16949,0.989383,2.67766,5.84076,0.311842,3.14343,7.55825,0.0972771,3.63127,9.58578,0.0303237,4.15787,12.0912,0.00945211,4.73731,15.2286,0.00294633,5.38238,19.1721,0.000918508,6.10553,24.134,0.000286163,6.91951,30.3791,8.92692e-05,7.83792,38.2397,2.78121e-05,8.87555,48.1338,8.65134e-06,10.0489,60.5876,2.7882e-06,11.3761,76.2629,8.29036e-07,12.8779,95.9927,2.4373e-07,14.5775,120.825,4.33068e-09,16.5012,152.08,1.75749e-07,18.6784,191.415,-1.86328e-07,21.1428,240.917,1.91829e-07,23.9322,303.213,-1.81475e-07,27.0895,381.602,7.0186e-08,30.6634,480.231,-2.86769e-08,34.7087,604.316,2.40784e-07,39.2876,760.401,9.87368e-08,44.4705,956.705,1.22263e-07,50.3371,1203.54,-4.31966e-07,56.9776,1513.81,-1.9705e-07,64.494,1903.69,-2.763e-08,73.0018,2393.4,3.9185e-07,82.6317,3008.13,1.35379e-07,93.5318,3779.25,-4.16351e-08,105.869,4745.7,2.06965e-08,119.834,5955.6,-3.18887e-07,135.641,7468.12,-1.48271e-08,153.531,9355.62,2.00739e-07,173.781,11705.8,2.28358e-07,196.701,14624.1,-1.93587e-08,222.642,18235,-2.88101e-07,252.003,22683.4,-2.24732e-07,285.234,28134,8.56806e-09,322.845,34767,2.34258e-07,365.413,42770.9,2.99668e-07,413.588,52327.9,8.28644e-08,468.111,63591.2,-3.07049e-07,529.814,76653.2,-3.1888e-07,599.642,91502.5,-6.72276e-08,678.662,107975,2.26339e-07,768.083,125705,3.69212e-07,869.267,144088,2.04077e-07,983.76,162277,-2.80509e-07,1113.3,179223,-4.22737e-07,1259.87,193777,-1.71951e-07,1425.68,204839,4.55555e-07,11.7194,11.96,12.6541,2.21263,4.16949,0.989383,2.67766,5.84076,0.311842,3.14343,7.55825,0.0972771,3.63127,9.58578,0.0303237,4.15787,12.0912,0.00945211,4.73731,15.2286,0.00294633,5.38238,19.1721,0.000918508,6.10553,24.134,0.000286163,6.91951,30.3791,8.92692e-05,7.83792,38.2397,2.78121e-05,8.87555,48.1338,8.65134e-06,10.0489,60.5876,2.7882e-06,11.3761,76.2629,8.29036e-07,12.8779,95.9927,2.4373e-07,14.5775,120.825,1e-08,16.5012,152.08,1.75749e-07,18.6784,191.415,1e-08,21.1428,240.917,1.91829e-07,23.9322,303.213,1e-08,27.0895,381.602,7.0186e-08,30.6634,480.231,1e-08,34.7087,604.316,2.40784e-07,39.2876,760.401,9.87368e-08,44.4705,956.705,1.22263e-07,50.3371,1203.54,1e-08,56.9776,1513.81,1e-08,64.494,1903.69,1e-08,73.0018,2393.4,3.9185e-07,82.6317,3008.13,1.35379e-07,93.5318,3779.25,1e-08,105.869,4745.7,2.06965e-08,119.834,5955.6,1e-08,135.641,7468.12,1e-08,153.531,9355.62,2.00739e-07,173.781,11705.8,2.28358e-07,196.701,14624.1,1e-08,222.642,18235,1e-08,252.003,22683.4,1e-08,285.234,28134,1e-08,322.845,34767,2.34258e-07,365.413,42770.9,2.99668e-07,413.588,52327.9,8.28644e-08,468.111,63591.2,1e-08,529.814,76653.2,1e-08,599.642,91502.5,1e-08,678.662,107975,2.26339e-07,768.083,125705,3.69212e-07,869.267,144088,2.04077e-07,983.76,162277,1e-08,1113.3,179223,1e-08,1259.87,193777,1e-08,1425.68,204839,4.55555e-07,6.2823,3.27286,2.43537,0.219672,6.18826,2.24117,0.56371,6.87772,2.63624,0.308279,4,8,9,6,4,2,1,9,0,4,2,0,7,6,0,5,15,0,6,4,0,6,24,0,9,23,0,8,30,0,13,16,0,5,40,0,22,54,0,10,62,0,7,103,0,23,86,0,24,217,0,14,177,0,50,486,0,28,315,0,39,362,0,62,200,0,42,565,0,31,840,0,42,1344,0,125,1372,0,62,1878,0,25,1345,0,116,1878,0,92,2099,0,176,4145,0,109,3373,0,94,3979,0,68,7442,0,208,11793,0,309,11113,0,176,22178,0,126,6831,0,208,23308,0,207,54762,0,347,22049,0,399,32508,0,726,84763,0,158,81886,0,771,150218,0,329,53944,0,684,136713,0,368,122445,0,953,138009,0,965,153880,0,811,185237,0,1514,81654,0,953,296972,0
-1.05176e+08,1,8.88811e-15,10,1023,0,1.05176e+08,0.528882,1.08665,0.389689,0.145397,0.379329,3.24381,0.161596,0.446195,1.77396,0.159177,1.15e+07,4.49998e+06,6.79999e+06,1.15e+07,4.49997e+06,6.79999e+06,1.15e+07,4.49996e+06,6.79999e+06,1.15e+07,4.49995e+06,6.79999e+06,1.14999e+07,4.49993e+06,6.79999e+06,1.14999e+07,4.49991e+06,6.79999e+06,1.14999e+07,4.49989e+06,6.79999e+06,1.14999e+07,4.49986e+06,6.79999e+06,1.14999e+07,4.49982e+06,6.79999e+06,1.14999e+07,4.49977e+06,6.79999e+06,1.14999e+07,4.49971e+06,6.79999e+06,1.14999e+07,4.49963e+06,6.79999e+06,1.14998e+07,4.49953e+06,6.79999e+06,1.14998e+07,4.49941e+06,6.79999e+06,1.14998e+07,4.49926e+06,6.79999e+06,1.14998e+07,4.49906e+06,6.79999e+06,1.14997e+07,4.49882e+06,6.79999e+06,1.14997e+07,4.49851e+06,6.79999e+06,1.14997e+07,4.49812e+06,6.79999e+06,1.14996e+07,4.49764e+06,6.79999e+06,1.14996e+07,4.49702e+06,6.79999e+06,1.14995e+07,4.49625e+06,6.79999e+06,1.14995e+07,4.49528e+06,6.79999e+06,1.14994e+07,4.49406e+06,6.79999e+06,1.14993e+07,4.49253e+06,6.79999e+06,1.14992e+07,4.49059e+06,6.79999e+06,1.14991e+07,4.48817e+06,6.79999e+06,1.1499e+07,4.48511e+06,6.79999e+06,1.14988e+07,4.48128e+06,6.79999e+06,1.14987e+07,4.47646e+06,6.79999e+06,1.14985e+07,4.47041e+06,6.79999e+06,1.14983e+07,4.46281e+06,6.79999e+06,1.14981e+07,4.4533e+06,6.79999e+06,1.14979e+07,4.44138e+06,6.79999e+06,1.14976e+07,4.42649e+06,6.79999e+06,1.14972e+07,4.40789e+06,6.79999e+06,1.14969e+07,4.38471e+06,6.79999e+06,1.14965e+07,4.35592e+06,6.79999e+06,1.1496e+07,4.32027e+06,6.79999e+06,1.14955e+07,4.27629e+06,6.79999e+06,1.14949e+07,4.22231e+06,6.79999e+06,1.14942e+07,4.15647e+06,6.79999e+06,1.14934e+07,4.07676e+06,6.79999e+06,1.14926e+07,3.98112e+06,6.79999e+06,1.14916e+07,3.86765e+06,6.79999e+06,1.14905e+07,3.73474e+06,6.79999e+06,1.14892e+07,3.58148e+06,6.79999e+06,1.14878e+07,3.40785e+06,6.79999e+06,1.14862e+07,3.21513e+06,6.79999e+06,1.14844e+07,3.00605e+06,6.79999e+06,1.14823e+07,2.7848e+06,6.79999e+06,1.148e+07,2.5568e+06,6.79999e+06,1.14773e+07,2.32825e+06,6.79999e+06,13.5742,8.52444,0.508366,16.8306,13.2585,0.162638,20.0035,17.569,0.0507846,23.2616,22.4214,0.0158319,26.7328,28.3297,0.00493498,30.5212,35.6974,0.00153831,34.7178,44.9473,0.000479527,39.4086,56.5822,0.000149456,44.6796,71.2245,4.66214e-05,50.6209,89.6543,1.45419e-05,57.3297,112.852,4.54748e-06,64.9129,142.051,1.43857e-06,73.4897,178.803,4.36618e-07,83.1934,225.062,1.40153e-07,94.1745,283.286,4.96378e-08,106.602,356.568,1.05434e-07,120.669,448.799,-6.49244e-08,136.59,564.873,1.70148e-07,154.611,710.948,-5.34594e-08,175.008,894.767,1.63407e-07,198.097,1126.06,8.04804e-08,224.231,1417.07,1.14667e-07,253.813,1783.15,-1.71227e-07,287.297,2243.62,-2.88466e-07,325.198,2822.67,-4.33651e-07,368.098,3550.67,7.9318e-08,416.657,4465.65,3.13319e-07,471.621,5615.16,3.4613e-07,533.835,7058.61,-1.19199e-07,604.255,8870.02,-2.79964e-07,683.962,11141.4,-2.30521e-07,774.182,13986.7,-2.55099e-07,876.299,17546.4,1.23585e-07,991.883,21993.1,1.41192e-07,1122.71,27536.7,-9.71886e-08,1270.78,34430.7,-3.68368e-07,1438.38,42977.7,-3.45379e-07,1628.07,53532.7,-3.25328e-09,1842.77,66504.6,2.6362e-07,2085.77,82350.2,2.53445e-07,2360.79,101560,-2.47407e-08,2672.05,124632,-3.80602e-07,3024.31,152018,-4.79005e-07,3422.98,184060,-1.14379e-07,3874.15,220884,2.64297e-07,4384.72,262283,3.44131e-07,4962.49,307576,7.5349e-08,5616.29,355497,-3.63097e-07,6356.1,404126,-6.05442e-07,7193.18,450932,-2.72333e-07,8140.28,492963,2.29675e-07,9211.79,527178,4.3387e-07,10424,550893,-1.0711e-07,10.102,8.06553,2.81012,10.6436,8.57909,0.869423,11.5336,10.2515,0.270869,12.7211,12.7138,0.0844293,14.1823,15.9373,0.0263173,15.9122,20.0383,0.0082035,17.9198,25.2154,0.00255722,20.2244,31.7373,0.000797017,22.8539,39.9486,0.000248622,25.8438,50.2851,7.75492e-05,29.237,63.2963,2.42508e-05,33.0837,79.6738,7.67162e-06,37.4415,100.288,2.32837e-06,42.3767,126.236,7.33e-07,47.9646,158.896,2.79256e-07,54.2906,200.003,9.87351e-09,61.452,251.741,1.61085e-07,69.5585,316.859,-2.47141e-07,78.7347,398.812,8.93552e-08,89.1218,501.948,-2.53231e-07,100.879,631.736,-1.25047e-07,114.188,795.049,-1.78808e-07,129.252,1000.53,2.6733e-07,146.304,1259.03,4.50292e-07,165.605,1584.19,6.76904e-07,187.452,1993.12,-1.23808e-07,212.181,2507.27,-4.89068e-07,240.173,3153.54,-5.40284e-07,271.856,3965.56,1.86061e-07,307.719,4985.38,4.37004e-07,348.313,6265.4,3.59828e-07,394.26,7870.83,3.98192e-07,446.268,9882.51,-1.92908e-07,505.135,12400.3,-2.20392e-07,571.766,15546.9,1.51705e-07,647.184,19472.2,5.74996e-07,732.547,24357.4,5.39112e-07,829.167,30420,5.07815e-09,938.526,37916.3,-4.11492e-07,1062.3,47143.9,-3.9561e-07,1202.4,58439.2,3.86185e-08,1360.96,72169.3,5.94093e-07,1540.42,88715.8,7.47693e-07,1743.53,108445,1.78537e-07,1973.41,131665,-4.12549e-07,2233.57,158557,-5.37164e-07,2528,189103,-1.17615e-07,2861.2,222986,5.66769e-07,3238.27,259510,9.45053e-07,3664.97,297540,4.25093e-07,4147.81,335497,-3.58506e-07,4694.17,371444,-6.7724e-07,5312.37,403256,1.67192e-07,1.61744,3.89446,9.84394,3.28846,7.5504,12.774,5.07607,11.7187,13.6844,7.03202,16.8147,13.9681,9.20215,23.1769,14.0566,11.6301,31.1672,14.0841,14.3598,41.2186,14.0927,17.4376,53.8688,14.0954,20.9137,69.7915,14.0962,24.8432,89.8341,14.0965,29.2879,115.063,14.0966,34.3168,146.819,14.0966,40.0078,186.792,14.0966,46.4487,237.107,14.0966,53.7388,300.44,14.0966,61.9903,380.158,14.0966,71.3301,480.499,14.0966,81.902,606.796,14.0966,93.8685,765.761,14.0966,107.414,965.837,14.0966,122.746,1217.65,14.0966,140.101,1534.57,14.0966,159.745,1933.41,14.0966,181.981,2435.3,14.0966,207.15,3066.85,14.0966,235.64,3861.46,14.0966,267.889,4861.11,14.0966,304.391,6118.54,14.0966,345.709,7699.91,14.0966,392.478,9688.22,14.0966,445.417,12187.5,14.0966,505.339,15327.7,14.0966,573.165,19271.6,14.0966,649.938,24222,14.0966,736.839,30430.9,14.0966,835.202,38211.5,14.0966,946.539,47950.3,14.0966,1072.56,60122.8,14.0966,1215.21,75309.9,14.0966,1376.66,94216.2,14.0966,1559.41,117688,14.0966,1766.26,146729,14.0966,2000.39,182510,14.0966,2265.39,226372,14.0966,2565.33,279806,14.0966,2904.81,344416,14.0966,3289.05,421845,14.0966,3723.93,513667,14.0966,4216.13,621231,14.0966,4773.18,745478,14.0966,5403.64,886744,14.0966,6117.15,1.04457e+06,14.0966,6924.63,1.2176e+06,14.0966,11.7194,11.96,12.6541,13.9321,16.1295,13.6434,16.6097,21.9702,13.9553,19.7532,29.5285,14.0526,23.3844,39.1143,14.0829,27.5423,51.2054,14.0923,32.2796,66.434,14.0953,37.662,85.6061,14.0962,43.7675,109.74,14.0965,50.687,140.119,14.0966,58.5249,178.359,14.0966,67.4005,226.493,14.0966,77.4493,287.08,14.0966,88.8254,363.343,14.0966,101.703,459.336,14.0966,116.281,580.161,14.0966,132.782,732.241,14.0966,151.46,923.655,14.0966,172.603,1164.57,14.0966,196.535,1467.79,14.0966,223.625,1849.39,14.0966,254.288,2329.62,14.0966,288.997,2933.93,14.0966,328.285,3694.33,14.0966,372.755,4651.04,14.0966,423.092,5854.57,14.0966,480.07,7368.38,14.0966,544.564,9272.08,14.0966,617.566,11665.5,14.0966,700.197,14673.6,14.0966,793.729,18452.9,14.0966,899.599,23198.6,14.0966,1019.43,29154.1,14.0966,1155.07,36622.3,14.0966,1308.6,45977.9,14.0966,1482.39,57683.7,14.0966,1679.09,72307.8,14.0966,1901.73,90542.8,14.0966,2153.73,113226,14.0966,2438.97,141360,14.0966,2761.81,176127,14.0966,3127.22,218898,14.0966,3540.81,271226,14.0966,4008.92,334817,14.0966,4538.74,411470,14.0966,5138.38,502973,14.0966,5817.04,610948,14.0966,6585.12,736653,14.0966,7454.39,880741,14.0966,8438.15,1.04302e+06,14.0966,9551.45,1.22224e+06,14.0966,10811.3,1.41602e+06,14.0966,12237,1.62086e+06,14.0966,11.7194,11.96,12.6541,2.21263,4.16949,0.989383,2.67766,5.84076,0.311842,3.14343,7.55825,0.0972771,3.63127,9.58578,0.0303237,4.15787,12.0912,0.00945211,4.73731,15.2286,0.00294633,5.38238,19.1721,0.000918508,6.10553,24.134,0.000286163,6.91951,30.3791,8.92692e-05,7.83792,38.2397,2.78121e-05,8.87555,48.1338,8.65134e-06,10.0489,60.5876,2.7882e-06,11.3761,76.2629,8.29036e-07,12.8779,95.9927,2.4373e-07,14.5775,120.825,4.33068e-09,16.5012,152.08,1.75749e-07,18.6784,191.415,-1.86328e-07,21.1428,240.917,1.91829e-07,23.9322,303.213,-1.81475e-07,27.0895,381.602,7.0186e-08,30.6634,480.231,-2.86769e-08,34.7087,604.316,2.40784e-07,39.2876,760.401,9.87368e-08,44.4705,956.705,1.22263e-07,50.3371,1203.54,-4.31966e-07,56.9776,1513.81,-1.9705e-07,64.494,1903.69,-2.763e-08,73.0018,2393.4,3.9185e-07,82.6317,3008.13,1.35379e-07,93.5318,3779.25,-4.16351e-08,105.869,4745.7,2.06965e-08,119.834,5955.6,-3.18887e-07,135.641,7468.12,-1.48271e-08,153.531,9355.62,2.00739e-07,173.781,11705.8,2.28358e-07,196.701,14624.1,-1.93587e-08,222.642,18235,-2.88101e-07,252.003,22683.4,-2.24732e-07,285.234,28134,8.56806e-09,322.845,34767,2.34258e-07,365.413,42770.9,2.99668e-07,413.588,52327.9,8.28644e-08,468.111,63591.2,-3.07049e-07,529.814,76653.2,-3.1888e-07,599.642,91502.5,-6.72276e-08,678.662,107975,2.26339e-07,768.083,125705,3.69212e-07,869.267,144088,2.04077e-07,983.76,162277,-2.80509e-07,1113.3,179223,-4.22737e-07,1259.87,193777,-1.71951e-07,1425.68,204839,4.55555e-07,11.7194,11.96,12.6541,2.21263,4.16949,0.989383,2.67766,5.84076,0.311842,3.14343,7.55825,0.0972771,3.63127,9.58578,0.0303237,4.15787,12.0912,0.00945211,4.73731,15.2286,0.00294633,5.38238,19.1721,0.000918508,6.10553,24.134,0.000286163,6.91951,30.3791,8.92692e-05,7.83792,38.2397,2.78121e-05,8.87555,48.1338,8.65134e-06,10.0489,60.5876,2.7882e-06,11.3761,76.2629,8.29036e-07,12.8779,95.9927,2.4373e-07,14.5775,120.825,1e-08,16.5012,152.08,1.75749e-07,18.6784,191.415,1e-08,21.1428,240.917,1.91829e-07,23.9322,303.213,1e-08,27.0895,381.602,7.0186e-08,30.6634,480.231,1e-08,34.7087,604.316,2.40784e-07,39.2876,760.401,9.87368e-08,44.4705,956.705,1.22263e-07,50.3371,1203.54,1e-08,56.9776,1513.81,1e-08,64.494,1903.69,1e-08,73.0018,2393.4,3.9185e-07,82.6317,3008.13,1.35379e-07,93.5318,3779.25,1e-08,105.869,4745.7,2.06965e-08,119.834,5955.6,1e-08,135.641,7468.12,1e-08,153.531,9355.62,2.00739e-07,173.781,11705.8,2.28358e-07,196.701,14624.1,1e-08,222.642,18235,1e-08,252.003,22683.4,1e-08,285.234,28134,1e-08,322.845,34767,2.34258e-07,365.413,42770.9,2.99668e-07,413.588,52327.9,8.28644e-08,468.111,63591.2,1e-08,529.814,76653.2,1e-08,599.642,91502.5,1e-08,678.662,107975,2.26339e-07,768.083,125705,3.69212e-07,869.267,144088,2.04077e-07,983.76,162277,1e-08,1113.3,179223,1e-08,1259.87,193777,1e-08,1425.68,204839,4.55555e-07,6.2823,3.27286,2.43537,0.219672,6.18826,2.24117,0.56371,6.87772,2.63624,0.308279,7,12,15,2,1,2,2,8,0,2,13,0,7,17,0,3,14,0,3,3,0,3,20,0,10,18,0,6,32,0,16,34,0,3,30,0,14,69,0,16,121,0,9,53,0,29,118,0,27,66,0,25,197,0,17,168,0,26,403,0,30,299,0,27,393,0,101,603,0,71,263,0,38,1108,0,51,825,0,55,1670,0,36,2138,0,34,2037,0,71,2649,0,66,1535,0,89,4091,0,191,7337,0,157,7891,0,104,16072,0,102,11471,0,246,23743,0,170,5442,0,264,22102,0,106,24664,0,240,23525,0,590,8867,0,243,54094,0,290,56768,0,722,103123,0,334,93568,0,1080,56381,0,1304,68937,0,568,128880,0,1372,229150,0,2024,226838,0,1463,95379,0,763,143449,0
-1.05176e+08,1,8.88811e-15,10,1023,0,1.05176e+08,0.528882,1.08665,0.389689,0.145397,0.379329,3.24381,0.161596,0.446195,1.77396,0.159177,1.15e+07,4.49998e+06,6.79999e+06,1.15e+07,4.49997e+06,6.79999e+06,1.15e+07,4.49996e+06,6.79999e+06,1.15e+07,4.49995e+06,6.79999e+06,1.14999e+07,4.49993e+06,6.79999e+06,1.14999e+07,4.49991e+06,6.79999e+06,1.14999e+07,4.49989e+06,6.79999e+06,1.14999e+07,4.49986e+06,6.79999e+06,1.14999e+07,4.49982e+06,6.79999e+06,1.14999e+07,4.49977e+06,6.79999e+06,1.14999e+07,4.49971e+06,6.79999e+06,1.14999e+07,4.49963e+06,6.79999e+06,1.14998e+07,4.49953e+06,6.79999e+06,1.14998e+07,4.49941e+06,6.79999e+06,1.14998e+07,4.49926e+06,6.79999e+06,1.14998e+07,4.49906e+06,6.79999e+06,1.14997e+07,4.49882e+06,6.79999e+06,1.14997e+07,4.49851e+06,6.79999e+06,1.14997e+07,4.49812e+06,6.79999e+06,1.14996e+07,4.49764e+06,6.79999e+06,1.14996e+07,4.49702e+06,6.79999e+06,1.14995e+07,4.49625e+06,6.79999e+06,1.14995e+07,4.49528e+06,6.79999e+06,1.14994e+07,4.49406e+06,6.79999e+06,1.14993e+07,4.49253e+06,6.79999e+06,1.14992e+07,4.49059e+06,6.79999e+06,1.14991e+07,4.48817e+06,6.79999e+06,1.1499e+07,4.48511e+06,6.79999e+06,1.14988e+07,4.48128e+06,6.79999e+06,1.14987e+07,4.47646e+06,6.79999e+06,1.14985e+07,4.47041e+06,6.79999e+06,1.14983e+07,4.46281e+06,6.79999e+06,1.14981e+07,4.4533e+06,6.79999e+06,1.14979e+07,4.44138e+06,6.79999e+06,1.14976e+07,4.42649e+06,6.79999e+06,1.14972e+07,4.40789e+06,6.79999e+06,1.14969e+07,4.38471e+06,6.79999e+06,1.14965e+07,4.35592e+06,6.79999e+06,1.1496e+07,4.32027e+06,6.79999e+06,1.14955e+07,4.27629e+06,6.79999e+06,1.14949e+07,4.22231e+06,6.79999e+06,1.14942e+07,4.15647e+06,6.79999e+06,1.14934e+07,4.07676e+06,6.79999e+06,1.14926e+07,3.98112e+06,6.79999e+06,1.14916e+07,3.86765e+06,6.79999e+06,1.14905e+07,3.73474e+06,6.79999e+06,1.14892e+07,3.58148e+06,6.79999e+06,1.14878e+07,3.40785e+06,6.79999e+06,1.14862e+07,3.21513e+06,6.79999e+06,1.14844e+07,3.00605e+06,6.79999e+06,1.14823e+07,2.7848e+06,6.79999e+06,1.148e+07,2.5568e+06,6.79999e+06,1.14773e+07,2.32825e+06,6.79999e+06,13.5742,8.52444,0.508366,16.8306,13.2585,0.162638,20.0035,17.569,0.0507846,23.2616,22.4214,0.0158319,26.7328,28.3297,0.00493498,30.5212,35.6974,0.00153831,34.7178,44.9473,0.000479527,39.4086,56.5822,0.000149456,44.6796,71.2245,4.66214e-05,50.6209,89.6543,1.45419e-05,57.3297,112.852,4.54748e-06,64.9129,142.051,1.43857e-06,73.4897,178.803,4.36618e-07,83.1934,225.062,1.40153e-07,94.1745,283.286,4.96378e-08,106.602,356.568,1.05434e-07,120.669,448.799,-6.49244e-08,136.59,564.873,1.70148e-07,154.611,710.948,-5.34594e-08,175.008,894.767,1.63407e-07,198.097,1126.06,8.04804e-08,224.231,1417.07,1.14667e-07,253.813,1783.15,-1.71227e-07,287.297,2243.62,-2.88466e-07,325.198,2822.67,-4.33651e-07,368.098,3550.67,7.9318e-08,416.657,4465.65,3.13319e-07,471.621,5615.16,3.4613e-07,533.835,7058.61,-1.19199e-07,604.255,8870.02,-2.79964e-07,683.962,11141.4,-2.30521e-07,774.182,13986.7,-2.55099e-07,876.299,17546.4,1.23585e-07,991.883,21993.1,1.41192e-07,1122.71,27536.7,-9.71886e-08,1270.78,34430.7,-3.68368e-07,1438.38,42977.7,-3.45379e-07,1628.07,53532.7,-3.25328e-09,1842.77,66504.6,2.6362e-07,2085.77,82350.2,2.53445e-07,2360.79,101560,-2.47407e-08,2672.05,124632,-3.80602e-07,3024.31,152018,-4.79005e-07,3422.98,184060,-1.14379e-07,3874.15,220884,2.64297e-07,4384.72,262283,3.44131e-07,4962.49,307576,7.5349e-08,5616.29,355497,-3.63097e-07,6356.1,404126,-6.05442e-07,7193.18,450932,-2.72333e-07,8140.28,492963,2.29675e-07,9211.79,527178,4.3387e-07,10424,550893,-1.0711e-07,10.102,8.06553,2.81012,10.6436,8.57909,0.869423,11.5336,10.2515,0.270869,12.7211,12.7138,0.0844293,14.1823,15.9373,0.0263173,15.9122,20.0383,0.0082035,17.9198,25.2154,0.00255722,20.2244,31.7373,0.000797017,22.8539,39.9486,0.000248622,25.8438,50.2851,7.75492e-05,29.237,63.2963,2.42508e-05,33.0837,79.6738,7.67162e-06,37.4415,100.288,2.32837e-06,42.3767,126.236,7.33e-07,47.9646,158.896,2.79256e-07,54.2906,200.003,9.87351e-09,61.452,251.741,1.61085e-07,69.5585,316.859,-2.47141e-07,78.7347,398.812,8.93552e-08,89.1218,501.948,-2.53231e-07,100.879,631.736,-1.25047e-07,114.188,795.049,-1.78808e-07,129.252,1000.53,2.6733e-07,146.304,1259.03,4.50292e-07,165.605,1584.19,6.76904e-07,187.452,1993.12,-1.23808e-07,212.181,2507.27,-4.89068e-07,240.173,3153.54,-5.40284e-07,271.856,3965.56,1.86061e-07,307.719,4985.38,4.37004e-07,348.313,6265.4,3.59828e-07,394.26,7870.83,3.98192e-07,446.268,9882.51,-1.92908e-07,505.135,12400.3,-2.20392e-07,571.766,15546.9,1.51705e-07,647.184,19472.2,5.74996e-07,732.547,24357.4,5.39112e-07,829.167,30420,5.07815e-09,938.526,37916.3,-4.11492e-07,1062.3,47143.9,-3.9561e-07,1202.4,58439.2,3.86185e-08,1360.96,72169.3,5.94093e-07,1540.42,88715.8,7.47693e-07,1743.53,108445,1.78537e-07,1973.41,131665,-4.12549e-07,2233.57,158557,-5.37164e-07,2528,189103,-1.17615e-07,2861.2,222986,5.66769e-07,3238.27,259510,9.45053e-07,3664.97,297540,4.25093e-07,4147.81,335497,-3.58506e-07,4694.17,371444,-6.7724e-07,5312.37,403256,1.67192e-07,1.61744,3.89446,9.84394,3.28846,7.5504,12.774,5.07607,11.7187,13.6844,7.03202,16.8147,13.9681,9.20215,23.1769,14.0566,11.6301,31.1672,14.0841,14.3598,41.2186,14.0927,17.4376,53.8688,14.0954,20.9137,69.7915,14.0962,24.8432,89.8341,14.0965,29.2879,115.063,14.0966,34.3168,146.819,14.0966,40.0078,186.792,14.0966,46.4487,237.107,14.0966,53.7388,300.44,14.0966,61.9903,380.158,14.0966,71.3301,480.499,14.0966,81.902,606.796,14.0966,93.8685,765.761,14.0966,107.414,965.837,14.0966,122.746,1217.65,14.0966,140.101,1534.57,14.0966,159.745,1933.41,14.0966,181.981,2435.3,14.0966,207.15,3066.85,14.0966,235.64,3861.46,14.0966,267.889,4861.11,14.0966,304.391,6118.54,14.0966,345.709,7699.91,14.0966,392.478,9688.22,14.0966,445.417,12187.5,14.0966,505.339,15327.7,14.0966,573.165,19271.6,14.0966,649.938,24222,14.0966,736.839,30430.9,14.0966,835.202,38211.5,14.0966,946.539,47950.3,14.0966,1072.56,60122.8,14.0966,1215.21,75309.9,14.0966,1376.66,94216.2,14.0966,1559.41,117688,14.0966,1766.26,146729,14.0966,2000.39,182510,14.0966,2265.39,226372,14.0966,2565.33,279806,14.0966,2904.81,344416,14.0966,3289.05,421845,14.0966,3723.93,513667,14.0966,4216.13,621231,14.0966,4773.18,745478,14.0966,5403.64,886744,14.0966,6117.15,1.04457e+06,14.0966,6924.63,1.2176e+06,14.0966,11.7194,11.96,12.6541,13.9321,16.1295,13.6434,16.6097,21.9702,13.9553,19.7532,29.5285,14.0526,23.3844,39.1143,14.0829,27.5423,51.2054,14.0923,32.2796,66.434,14.0953,37.662,85.6061,14.0962,43.7675,109.74,14.0965,50.687,140.119,14.0966,58.5249,178.359,14.0966,67.4005,226.493,14.0966,77.4493,287.08,14.0966,88.8254,363.343,14.0966,101.703,459.336,14.0966,116.281,580.161,14.0966,132.782,732.241,14.0966,151.46,923.655,14.0966,172.603,1164.57,14.0966,196.535,1467.79,14.0966,223.625,1849.39,14.0966,254.288,2329.62,14.0966,288.997,2933.93,14.0966,328.285,3694.33,14.0966,372.755,4651.04,14.0966,423.092,5854.57,14.0966,480.07,7368.38,14.0966,544.564,9272.08,14.0966,617.566,11665.5,14.0966,700.197,14673.6,14.0966,793.729,18452.9,14.0966,899.599,23198.6,14.0966,1019.43,29154.1,14.0966,1155.07,36622.3,14.0966,1308.6,45977.9,14.0966,1482.39,57683.7,14.0966,1679.09,72307.8,14.0966,1901.73,90542.8,14.0966,2153.73,113226,14.0966,2438.97,141360,14.0966,2761.81,176127,14.0966,3127.22,218898,14.0966,3540.81,271226,14.0966,4008.92,334817,14.0966,4538.74,411470,14.0966,5138.38,502973,14.0966,5817.04,610948,14.0966,6585.12,736653,14.0966,7454.39,880741,14.0966,8438.15,1.04302e+06,14.0966,9551.45,1.22224e+06,14.0966,10811.3,1.41602e+06,14.0966,12237,1.62086e+06,14.0966,11.7194,11.96,12.6541,2.21263,4.16949,0.989383,2.67766,5.84076,0.311842,3.14343,7.55825,0.0972771,3.63127,9.58578,0.0303237,4.15787,12.0912,0.00945211,4.73731,15.2286,0.00294633,5.38238,19.1721,0.000918508,6.10553,24.134,0.000286163,6.91951,30.3791,8.92692e-05,7.83792,38.2397,2.78121e-05,8.87555,48.1338,8.65134e-06,10.0489,60.5876,2.7882e-06,11.3761,76.2629,8.29036e-07,12.8779,95.9927,2.4373e-07,14.5775,120.825,4.33068e-09,16.5012,152.08,1.75749e-07,18.6784,191.415,-1.86328e-07,21.1428,240.917,1.91829e-07,23.9322,303.213,-1.81475e-07,27.0895,381.602,7.0186e-08,30.6634,480.231,-2.86769e-08,34.7087,604.316,2.40784e-07,39.2876,760.401,9.87368e-08,44.4705,956.705,1.22263e-07,50.3371,1203.54,-4.31966e-07,56.9776,1513.81,-1.9705e-07,64.494,1903.69,-2.763e-08,73.0018,2393.4,3.9185e-07,82.6317,3008.13,1.35379e-07,93.5318,3779.25,-4.16351e-08,105.869,4745.7,2.06965e-08,119.834,5955.6,-3.18887e-07,135.641,7468.12,-1.48271e-08,153.531,9355.62,2.00739e-07,173.781,11705.8,2.28358e-07,196.701,14624.1,-1.93587e-08,222.642,18235,-2.88101e-07,252.003,22683.4,-2.24732e-07,285.234,28134,8.56806e-09,322.845,34767,2.34258e-07,365.413,42770.9,2.99668e-07,413.588,52327.9,8.28644e-08,468.111,63591.2,-3.07049e-07,529.814,76653.2,-3.1888e-07,599.642,91502.5,-6.72276e-08,678.662,107975,2.26339e-07,768.083,125705,3.69212e-07,869.267,144088,2.04077e-07,983.76,162277,-2.80509e-07,1113.3,179223,-4.22737e-07,1259.87,193777,-1.71951e-07,1425.68,204839,4.55555e-07,11.7194,11.96,12.6541,2.21263,4.16949,0.989383,2.67766,5.84076,0.311842,3.14343,7.55825,0.0972771,3.63127,9.58578,0.0303237,4.15787,12.0912,0.00945211,4.73731,15.2286,0.00294633,5.38238,19.1721,0.000918508,6.10553,24.134,0.000286163,6.91951,30.3791,8.92692e-05,7.83792,38.2397,2.78121e-05,8.87555,48.1338,8.65134e-06,10.0489,60.5876,2.7882e-06,11.3761,76.2629,8.29036e-07,12.8779,95.9927,2.4373e-07,14.5775,120.825,1e-08,16.5012,152.08,1.75749e-07,18.6784,191.415,1e-08,21.1428,240.917,1.91829e-07,23.9322,303.213,1e-08,27.0895,381.602,7.0186e-08,30.6634,480.231,1e-08,34.7087,604.316,2.40784e-07,39.2876,760.401,9.87368e-08,44.4705,956.705,1.22263e-07,50.3371,1203.54,1e-08,56.9776,1513.81,1e-08,64.494,1903.69,1e-08,73.0018,2393.4,3.9185e-07,82.6317,3008.13,1.35379e-07,93.5318,3779.25,1e-08,105.869,4745.7,2.06965e-08,119.834,5955.6,1e-08,135.641,7468.12,1e-08,153.531,9355.62,2.00739e-07,173.781,11705.8,2.28358e-07,196.701,14624.1,1e-08,222.642,18235,1e-08,252.003,22683.4,1e-08,285.234,28134,1e-08,322.845,34767,2.34258e-07,365.413,42770.9,2.99668e-07,413.588,52327.9,8.28644e-08,468.111,63591.2,1e-08,529.814,76653.2,1e-08,599.642,91502.5,1e-08,678.662,107975,2.26339e-07,768.083,125705,3.69212e-07,869.267,144088,2.04077e-07,983.76,162277,1e-08,1113.3,179223,1e-08,1259.87,193777,1e-08,1425.68,204839,4.55555e-07,6.2823,3.27286,2.43537,0.219672,6.18826,2.24117,0.56371,6.87772,2.63624,0.308279,9,14,34,6,5,0,4,2,0,2,10,0,5,9,0,6,13,0,7,7,0,6,21,0,10,14,0,13,21,0,6,66,0,4,58,0,20,76,0,15,46,0,9,89,0,16,157,0,6,115,0,17,189,0,19,206,0,20,381,0,18,566,0,38,886,0,21,341,0,46,601,0,77,675,0,108,1441,0,69,1348,0,60,1095,0,110,2209,0,45,3270,0,82,4006,0,73,6680,0,91,3477,0,140,7587,0,170,6798,0,112,10610,0,87,12886,0,98,18063,0,163,19695,0,232,15865,0,419,38058,0,438,41831,0,295,65746,0,546,65817,0,692,27407,0,513,49182,0,1310,114882,0,248,157877,0,1036,63701,0,653,144442,0,1320,250162,0,1298,80582,0,1423,122980,0
-1.05176e+08,1,8.88811e-15,10,1023,0,1.05176e+08,0.528882,1.08665,0.389689,0.145397,0.379329,3.24381,0.161596,0.446195,1.77396,0.159177,1.15e+07,4.49998e+06,6.79999e+06,1.15e+07,4.49997e+06,6.79999e+06,1.15e+07,4.49996e+06,6.79999e+06,1.15e+07,4.49995e+06,6.79999e+06,1.14999e+07,4.49993e+06,6.79999e+06,1.14999e+07,4.49991e+06,6.79999e+06,1.14999e+07,4.49989e+06,6.79999e+06,1.14999e+07,4.49986e+06,6.79999e+06,1.14999e+07,4.49982e+06,6.79999e+06,1.14999e+07,4.49977e+06,6.79999e+06,1.14999e+07,4.49971e+06,6.79999e+06,1.14999e+07,4.49963e+06,6.79999e+06,1.14998e+07,4.49953e+06,6.79999e+06,1.14998e+07,4.49941e+06,6.79999e+06,1.14998e+07,4.49926e+06,6.79999e+06,1.14998e+07,4.49906e+06,6.79999e+06,1.14997e+07,4.49882e+06,6.79999e+06,1.14997e+07,4.49851e+06,6.79999e+06,1.14997e+07,4.49812e+06,6.79999e+06,1.14996e+07,4.49764e+06,6.79999e+06,1.14996e+07,4.49702e+06,6.79999e+06,1.14995e+07,4.49625e+06,6.79999e+06,1.14995e+07,4.49528e+06,6.79999e+06,1.14994e+07,4.49406e+06,6.79999e+06,1.14993e+07,4.49253e+06,6.79999e+06,1.14992e+07,4.49059e+06,6.79999e+06,1.14991e+07,4.48817e+06,6.79999e+06,1.1499e+07,4.48511e+06,6.79999e+06,1.14988e+07,4.48128e+06,6.79999e+06,1.14987e+07,4.47646e+06,6.79999e+06,1.14985e+07,4.47041e+06,6.79999e+06,1.14983e+07,4.46281e+06,6.79999e+06,1.14981e+07,4.4533e+06,6.79999e+06,1.14979e+07,4.44138e+06,6.79999e+06,1.14976e+07,4.42649e+06,6.79999e+06,1.14972e+07,4.40789e+06,6.79999e+06,1.14969e+07,4.38471e+06,6.79999e+06,1.14965e+07,4.35592e+06,6.79999e+06,1.1496e+07,4.32027e+06,6.79999e+06,1.14955e+07,4.27629e+06,6.79999e+06,1.14949e+07,4.22231e+06,6.79999e+06,1.14942e+07,4.15647e+06,6.79999e+06,1.14934e+07,4.07676e+06,6.79999e+06,1.14926e+07,3.98112e+06,6.79999e+06,1.14916e+07,3.86765e+06,6.79999e+06,1.14905e+07,3.73474e+06,6.79999e+06,1.14892e+07,3.58148e+06,6.79999e+06,1.14878e+07,3.40785e+06,6.79999e+06,1.14862e+07,3.21513e+06,6.79999e+06,1.14844e+07,3.00605e+06,6.79999e+06,1.14823e+07,2.7848e+06,6.79999e+06,1.148e+07,2.5568e+06,6.79999e+06,1.14773e+07,2.32825e+06,6.79999e+06,13.5742,8.52444,0.508366,16.8306,13.2585,0.162638,20.0035,17.569,0.0507846,23.2616,22.4214,0.0158319,26.7328,28.3297,0.00493498,30.5212,35.6974,0.00153831,34.7178,44.9473,0.000479527,39.4086,56.5822,0.000149456,44.6796,71.2245,4.66214e-05,50.6209,89.6543,1.45419e-05,57.3297,112.852,4.54748e-06,64.9129,142.051,1.43857e-06,73.4897,178.803,4.36618e-07,83.1934,225.062,1.40153e-07,94.1745,283.286,4.96378e-08,106.602,356.568,1.05434e-07,120.669,448.799,-6.49244e-08,136.59,564.873,1.70148e-07,154.611,710.948,-5.34594e-08,175.008,894.767,1.63407e-07,198.097,1126.06,8.04804e-08,224.231,1417.07,1.14667e-07,253.813,1783.15,-1.71227e-07,287.297,2243.62,-2.88466e-07,325.198,2822.67,-4.33651e-07,368.098,3550.67,7.9318e-08,416.657,4465.65,3.13319e-07,471.621,5615.16,3.4613e-07,533.835,7058.61,-1.19199e-07,604.255,8870.02,-2.79964e-07,683.962,11141.4,-2.30521e-07,774.182,13986.7,-2.55099e-07,876.299,17546.4,1.23585e-07,991.883,21993.1,1.41192e-07,1122.71,27536.7,-9.71886e-08,1270.78,34430.7,-3.68368e-07,1438.38,42977.7,-3.45379e-07,1628.07,53532.7,-3.25328e-09,1842.77,66504.6,2.6362e-07,2085.77,82350.2,2.53445e-07,2360.79,101560,-2.47407e-08,2672.05,124632,-3.80602e-07,3024.31,152018,-4.79005e-07,3422.98,184060,-1.14379e-07,3874.15,220884,2.64297e-07,4384.72,262283,3.44131e-07,4962.49,307576,7.5349e-08,5616.29,355497,-3.63097e-07,6356.1,404126,-6.05442e-07,7193.18,450932,-2.72333e-07,8140.28,492963,2.29675e-07,9211.79,527178,4.3387e-07,10424,550893,-1.0711e-07,10.102,8.06553,2.81012,10.6436,8.57909,0.869423,11.5336,10.2515,0.270869,12.7211,12.7138,0.0844293,14.1823,15.9373,0.0263173,15.9122,20.0383,0.0082035,17.9198,25.2154,0.00255722,20.2244,31.7373,0.000797017,22.8539,39.9486,0.000248622,25.8438,50.2851,7.75492e-05,29.237,63.2963,2.42508e-05,33.0837,79.6738,7.67162e-06,37.4415,100.288,2.32837e-06,42.3767,126.236,7.33e-07,47.9646,158.896,2.79256e-07,54.2906,200.003,9.87351e-09,61.452,251.741,1.61085e-07,69.5585,316.859,-2.47141e-07,78.7347,398.812,8.93552e-08,89.1218,501.948,-2.53231e-07,100.879,631.736,-1.25047e-07,114.188,795.049,-1.78808e-07,129.252,1000.53,2.6733e-07,146.304,1259.03,4.50292e-07,165.605,1584.19,6.76904e-07,187.452,1993.12,-1.23808e-07,212.181,2507.27,-4.89068e-07,240.173,3153.54,-5.40284e-07,271.856,3965.56,1.86061e-07,307.719,4985.38,4.37004e-07,348.313,6265.4,3.59828e-07,394.26,7870.83,3.98192e-07,446.268,9882.51,-1.92908e-07,505.135,12400.3,-2.20392e-07,571.766,15546.9,1.51705e-07,647.184,19472.2,5.74996e-07,732.547,24357.4,5.39112e-07,829.167,30420,5.07815e-09,938.526,37916.3,-4.11492e-07,1062.3,47143.9,-3.9561e-07,1202.4,58439.2,3.86185e-08,1360.96,72169.3,5.94093e-07,1540.42,88715.8,7.47693e-07,1743.53,108445,1.78537e-07,1973.41,131665,-4.12549e-07,2233.57,158557,-5.37164e-07,2528,189103,-1.17615e-07,2861.2,222986,5.66769e-07,3238.27,259510,9.45053e-07,3664.97,297540,4.25093e-07,4147.81,335497,-3.58506e-07,4694.17,371444,-6.7724e-07,5312.37,403256,1.67192e-07,1.61744,3.89446,9.84394,3.28846,7.5504,12.774,5.07607,11.7187,13.6844,7.03202,16.8147,13.9681,9.20215,23.1769,14.0566,11.6301,31.1672,14.0841,14.3598,41.2186,14.0927,17.4376,53.8688,14.0954,20.9137,69.7915,14.0962,24.8432,89.8341,14.0965,29.2879,115.063,14.0966,34.3168,146.819,14.0966,40.0078,186.792,14.0966,46.4487,237.107,14.0966,53.7388,300.44,14.0966,61.9903,380.158,14.0966,71.3301,480.499,14.0966,81.902,606.796,14.0966,93.8685,765.761,14.0966,107.414,965.837,14.0966,122.746,1217.65,14.0966,140.101,1534.57,14.0966,159.745,1933.41,14.0966,181.981,2435.3,14.0966,207.15,3066.85,14.0966,235.64,3861.46,14.0966,267.889,4861.11,14.0966,304.391,6118.54,14.0966,345.709,7699.91,14.0966,392.478,9688.22,14.0966,445.417,12187.5,14.0966,505.339,15327.7,14.0966,573.165,19271.6,14.0966,649.938,24222,14.0966,736.839,30430.9,14.0966,835.202,38211.5,14.0966,946.539,47950.3,14.0966,1072.56,60122.8,14.0966,1215.21,75309.9,14.0966,1376.66,94216.2,14.0966,1559.41,117688,14.0966,1766.26,146729,14.0966,2000.39,182510,14.0966,2265.39,226372,14.0966,2565.33,279806,14.0966,2904.81,344416,14.0966,3289.05,421845,14.0966,3723.93,513667,14.0966,4216.13,621231,14.0966,4773.18,745478,14.0966,5403.64,886744,14.0966,6117.15,1.04457e+06,14.0966,6924.63,1.2176e+06,14.0966,11.7194,11.96,12.6541,13.9321,16.1295,13.6434,16.6097,21.9702,13.9553,19.7532,29.5285,14.0526,23.3844,39.1143,14.0829,27.5423,51.2054,14.0923,32.2796,66.434,14.0953,37.662,85.6061,14.0962,43.7675,109.74,14.0965,50.687,140.119,14.0966,58.5249,178.359,14.0966,67.4005,226.493,14.0966,77.4493,287.08,14.0966,88.8254,363.343,14.0966,101.703,459.336,14.0966,116.281,580.161,14.0966,132.782,732.241,14.0966,151.46,923.655,14.0966,172.603,1164.57,14.0966,196.535,1467.79,14.0966,223.625,1849.39,14.0966,254.288,2329.62,14.0966,288.997,2933.93,14.0966,328.285,3694.33,14.0966,372.755,4651.04,14.0966,423.092,5854.57,14.0966,480.07,7368.38,14.0966,544.564,9272.08,14.0966,617.566,11665.5,14.0966,700.197,14673.6,14.0966,793.729,18452.9,14.0966,899.599,23198.6,14.0966,1019.43,29154.1,14.0966,1155.07,36622.3,14.0966,1308.6,45977.9,14.0966,1482.39,57683.7,14.0966,1679.09,72307.8,14.0966,1901.73,90542.8,14.0966,2153.73,113226,14.0966,2438.97,141360,14.0966,2761.81,176127,14.0966,3127.22,218898,14.0966,3540.81,271226,14.0966,4008.92,334817,14.0966,4538.74,411470,14.0966,5138.38,502973,14.0966,5817.04,610948,14.0966,6585.12,736653,14.0966,7454.39,880741,14.0966,8438.15,1.04302e+06,14.0966,9551.45,1.22224e+06,14.0966,10811.3,1.41602e+06,14.0966,12237,1.62086e+06,14.0966,11.7194,11.96,12.6541,2.21263,4.16949,0.989383,2.67766,5.84076,0.311842,3.14343,7.55825,0.0972771,3.63127,9.58578,0.0303237,4.15787,12.0912,0.00945211,4.73731,15.2286,0.00294633,5.38238,19.1721,0.000918508,6.10553,24.134,0.000286163,6.91951,30.3791,8.92692e-05,7.83792,38.2397,2.78121e-05,8.87555,48.1338,8.65134e-06,10.0489,60.5876,2.7882e-06,11.3761,76.2629,8.29036e-07,12.8779,95.9927,2.4373e-07,14.5775,120.825,4.33068e-09,16.5012,152.08,1.75749e-07,18.6784,191.415,-1.86328e-07,21.1428,240.917,1.91829e-07,23.9322,303.213,-1.81475e-07,27.0895,381.602,7.0186e-08,30.6634,480.231,-2.86769e-08,34.7087,604.316,2.40784e-07,39.2876,760.401,9.87368e-08,44.4705,956.705,1.22263e-07,50.3371,1203.54,-4.31966e-07,56.9776,1513.81,-1.9705e-07,64.494,1903.69,-2.763e-08,73.0018,2393.4,3.9185e-07,82.6317,3008.13,1.35379e-07,93.5318,3779.25,-4.16351e-08,105.869,4745.7,2.06965e-08,119.834,5955.6,-3.18887e-07,135.641,7468.12,-1.48271e-08,153.531,9355.62,2.00739e-07,173.781,11705.8,2.28358e-07,196.701,14624.1,-1.93587e-08,222.642,18235,-2.88101e-07,252.003,22683.4,-2.24732e-07,285.234,28134,8.56806e-09,322.845,34767,2.34258e-07,365.413,42770.9,2.99668e-07,413.588,52327.9,8.28644e-08,468.111,63591.2,-3.07049e-07,529.814,76653.2,-3.1888e-07,599.642,91502.5,-6.72276e-08,678.662,107975,2.26339e-07,768.083,125705,3.69212e-07,869.267,144088,2.04077e-07,983.76,162277,-2.80509e-07,1113.3,179223,-4.22737e-07,1259.87,193777,-1.71951e-07,1425.68,204839,4.55555e-07,11.7194,11.96,12.6541,2.21263,4.16949,0.989383,2.67766,5.84076,0.311842,3.14343,7.55825,0.0972771,3.63127,9.58578,0.0303237,4.15787,12.0912,0.00945211,4.73731,15.2286,0.00294633,5.38238,19.1721,0.000918508,6.10553,24.134,0.000286163,6.91951,30.3791,8.92692e-05,7.83792,38.2397,2.78121e-05,8.87555,48.1338,8.65134e-06,10.0489,60.5876,2.7882e-06,11.3761,76.2629,8.29036e-07,12.8779,95.9927,2.4373e-07,14.5775,120.825,1e-08,16.5012,152.08,1.75749e-07,18.6784,191.415,1e-08,21.1428,240.917,1.91829e-07,23.9322,303.213,1e-08,27.0895,381.602,7.0186e-08,30.6634,480.231,1e-08,34.7087,604.316,2.40784e-07,39.2876,760.401,9.87368e-08,44.4705,956.705,1.22263e-07,50.3371,1203.54,1e-08,56.9776,1513.81,1e-08,64.494,1903.69,1e-08,73.0018,2393.4,3.9185e-07,82.6317,3008.13,1.35379e-07,93.5318,3779.25,1e-08,105.869,4745.7,2.06965e-08,119.834,5955.6,1e-08,135.641,7468.12,1e-08,153.531,9355.62,2.00739e-07,173.781,11705.8,2.28358e-07,196.701,14624.1,1e-08,222.642,18235,1e-08,252.003,22683.4,1e-08,285.234,28134,1e-08,322.845,34767,2.34258e-07,365.413,42770.9,2.99668e-07,413.588,52327.9,8.28644e-08,468.111,63591.2,1e-08,529.814,76653.2,1e-08,599.642,91502.5,1e-08,678.662,107975,2.26339e-07,768.083,125705,3.69212e-07,869.267,144088,2.04077e-07,983.76,162277,1e-08,1113.3,179223,1e-08,1259.87,193777,1e-08,1425.68,204839,4.55555e-07,6.2823,3.27286,2.43537,0.219672,6.18826,2.24117,0.56371,6.87772,2.63624,0.308279,11,12,10,0,7,2,7,4,1,2,9,0,9,4,0,6,14,1,5,24,0,1,24,0,8,28,0,10,29,0,8,35,0,10,37,0,14,105,0,2,47,0,18,41,0,14,93,0,15,53,0,21,261,0,21,320,0,25,495,0,25,712,0,18,813,0,52,742,0,23,586,0,18,1262,0,56,1121,0,51,2076,0,93,290,0,136,2985,0,29,1872,0,115,5659,0,84,9522,0,177,9358,0,137,5654,0,129,12200,0,113,6440,0,144,25317,0,225,19142,0,174,18763,0,402,25276,0,151,33766,0,251,54965,0,199,76036,0,426,64827,0,522,79028,0,798,57941,0,785,170948,0,425,91654,0,705,88614,0,927,109182,0,539,218349,0,933,152784,0,1113,279626,0
-1.05176e+08,1,8.88811e-15,10,1023,0,1.05176e+08,0.528882,1.08665,0.389689,0.145397,0.379329,3.24381,0.161596,0.446195,1.77396,0.159177,1.15e+07,4.49998e+06,6.79999e+06,1.15e+07,4.49997e+06,6.79999e+06,1.15e+07,4.49996e+06,6.79999e+06,1.15e+07,4.49995e+06,6.79999e+06,1.14999e+07,4.49993e+06,6.79999e+06,1.14999e+07,4.49991e+06,6.79999e+06,1.14999e+07,4.49989e+06,6.79999e+06,1.14999e+07,4.49986e+06,6.79999e+06,1.14999e+07,4.49982e+06,6.79999e+06,1.14999e+07,4.49977e+06,6.79999e+06,1.14999e+07,4.49971e+06,6.79999e+06,1.14999e+07,4.49963e+06,6.79999e+06,1.14998e+07,4.49953e+06,6.79999e+06,1.14998e+07,4.49941e+06,6.79999e+06,1.14998e+07,4.49926e+06,6.79999e+06,1.14998e+07,4.49906e+06,6.79999e+06,1.14997e+07,4.49882e+06,6.79999e+06,1.14997e+07,4.49851e+06,6.79999e+06,1.14997e+07,4.49812e+06,6.79999e+06,1.14996e+07,4.49764e+06,6.79999e+06,1.14996e+07,4.49702e+06,6.79999e+06,1.14995e+07,4.49625e+06,6.79999e+06,1.14995e+07,4.49528e+06,6.79999e+06,1.14994e+07,4.49406e+06,6.79999e+06,1.14993e+07,4.49253e+06,6.79999e+06,1.14992e+07,4.49059e+06,6.79999e+06,1.14991e+07,4.48817e+06,6.79999e+06,1.1499e+07,4.48511e+06,6.79999e+06,1.14988e+07,4.48128e+06,6.79999e+06,1.14987e+07,4.47646e+06,6.79999e+06,1.14985e+07,4.47041e+06,6.79999e+06,1.14983e+07,4.46281e+06,6.79999e+06,1.14981e+07,4.4533e+06,6.79999e+06,1.14979e+07,4.44138e+06,6.79999e+06,1.14976e+07,4.42649e+06,6.79999e+06,1.14972e+07,4.40789e+06,6.79999e+06,1.14969e+07,4.38471e+06,6.79999e+06,1.14965e+07,4.35592e+06,6.79999e+06,1.1496e+07,4.32027e+06,6.79999e+06,1.14955e+07,4.27629e+06,6.79999e+06,1.14949e+07,4.22231e+06,6.79999e+06,1.14942e+07,4.15647e+06,6.79999e+06,1.14934e+07,4.07676e+06,6.79999e+06,1.14926e+07,3.98112e+06,6.79999e+06,1.14916e+07,3.86765e+06,6.79999e+06,1.14905e+07,3.73474e+06,6.79999e+06,1.14892e+07,3.58148e+06,6.79999e+06,1.14878e+07,3.40785e+06,6.79999e+06,1.14862e+07,3.21513e+06,6.79999e+06,1.14844e+07,3.00605e+06,6.79999e+06,1.14823e+07,2.7848e+06,6.79999e+06,1.148e+07,2.5568e+06,6.79999e+06,1.14773e+07,2.32825e+06,6.79999e+06,13.5742,8.52444,0.508366,16.8306,13.2585,0.162638,20.0035,17.569,0.0507846,23.2616,22.4214,0.0158319,26.7328,28.3297,0.00493498,30.5212,35.6974,0.00153831,34.7178,44.9473,0.000479527,39.4086,56.5822,0.000149456,44.6796,71.2245,4.66214e-05,50.6209,89.6543,1.45419e-05,57.3297,112.852,4.54748e-06,64.9129,142.051,1.43857e-06,73.4897,178.803,4.36618e-07,83.1934,225.062,1.40153e-07,94.1745,283.286,4.96378e-08,106.602,356.568,1.05434e-07,120.669,448.799,-6.49244e-08,136.59,564.873,1.70148e-07,154.611,710.948,-5.34594e-08,175.008,894.767,1.63407e-07,198.097,1126.06,8.04804e-08,224.231,1417.07,1.14667e-07,253.813,1783.15,-1.71227e-07,287.297,2243.62,-2.88466e-07,325.198,2822.67,-4.33651e-07,368.098,3550.67,7.9318e-08,416.657,4465.65,3.13319e-07,471.621,5615.16,3.4613e-07,533.835,7058.61,-1.19199e-07,604.255,8870.02,-2.79964e-07,683.962,11141.4,-2.30521e-07,774.182,13986.7,-2.55099e-07,876.299,17546.4,1.23585e-07,991.883,21993.1,1.41192e-07,1122.71,27536.7,-9.71886e-08,1270.78,34430.7,-3.68368e-07,1438.38,42977.7,-3.45379e-07,1628.07,53532.7,-3.25328e-09,1842.77,66504.6,2.6362e-07,2085.77,82350.2,2.53445e-07,2360.79,101560,-2.47407e-08,2672.05,124632,-3.80602e-07,3024.31,152018,-4.79005e-07,3422.98,184060,-1.14379e-07,3874.15,220884,2.64297e-07,4384.72,262283,3.44131e-07,4962.49,307576,7.5349e-08,5616.29,355497,-3.63097e-07,6356.1,404126,-6.05442e-07,7193.18,450932,-2.72333e-07,8140.28,492963,2.29675e-07,9211.79,527178,4.3387e-07,10424,550893,-1.0711e-07,10.102,8.06553,2.81012,10.6436,8.57909,0.869423,11.5336,10.2515,0.270869,12.7211,12.7138,0.0844293,14.1823,15.9373,0.0263173,15.9122,20.0383,0.0082035,17.9198,25.2154,0.00255722,20.2244,31.7373,0.000797017,22.8539,39.9486,0.000248622,25.8438,50.2851,7.75492e-05,29.237,63.2963,2.42508e-05,33.0837,79.6738,7.67162e-06,37.4415,100.288,2.32837e-06,42.3767,126.236,7.33e-07,47.9646,158.896,2.79256e-07,54.2906,200.003,9.87351e-09,61.452,251.741,1.61085e-07,69.5585,316.859,-2.47141e-07,78.7347,398.812,8.93552e-08,89.1218,501.948,-2.53231e-07,100.879,631.736,-1.25047e-07,114.188,795.049,-1.78808e-07,129.252,1000.53,2.6733e-07,146.304,1259.03,4.50292e-07,165.605,1584.19,6.76904e-07,187.452,1993.12,-1.23808e-07,212.181,2507.27,-4.89068e-07,240.173,3153.54,-5.40284e-07,271.856,3965.56,1.86061e-07,307.719,4985.38,4.37004e-07,348.313,6265.4,3.59828e-07,394.26,7870.83,3.98192e-07,446.268,9882.51,-1.92908e-07,505.135,12400.3,-2.20392e-07,571.766,15546.9,1.51705e-07,647.184,19472.2,5.74996e-07,732.547,24357.4,5.39112e-07,829.167,30420,5.07815e-09,938.526,37916.3,-4.11492e-07,1062.3,47143.9,-3.9561e-07,1202.4,58439.2,3.86185e-08,1360.96,72169.3,5.94093e-07,1540.42,88715.8,7.47693e-07,1743.53,108445,1.78537e-07,1973.41,131665,-4.12549e-07,2233.57,158557,-5.37164e-07,2528,189103,-1.17615e-07,2861.2,222986,5.66769e-07,3238.27,259510,9.45053e-07,3664.97,297540,4.25093e-07,4147.81,335497,-3.58506e-07,4694.17,371444,-6.7724e-07,5312.37,403256,1.67192e-07,1.61744,3.89446,9.84394,3.28846,7.5504,12.774,5.07607,11.7187,13.6844,7.03202,16.8147,13.9681,9.20215,23.1769,14.0566,11.6301,31.1672,14.0841,14.3598,41.2186,14.0927,17.4376,53.8688,14.0954,20.9137,69.7915,14.0962,24.8432,89.8341,14.0965,29.2879,115.063,14.0966,34.3168,146.819,14.0966,40.0078,186.792,14.0966,46.4487,237.107,14.0966,53.7388,300.44,14.0966,61.9903,380.158,14.0966,71.3301,480.499,14.0966,81.902,606.796,14.0966,93.8685,765.761,14.0966,107.414,965.837,14.0966,122.746,1217.65,14.0966,140.101,1534.57,14.0966,159.745,1933.41,14.0966,181.981,2435.3,14.0966,207.15,3066.85,14.0966,235.64,3861.46,14.0966,267.889,4861.11,14.0966,304.391,6118.54,14.0966,345.709,7699.91,14.0966,392.478,9688.22,14.0966,445.417,12187.5,14.0966,505.339,15327.7,14.0966,573.165,19271.6,14.0966,649.938,24222,14.0966,736.839,30430.9,14.0966,835.202,38211.5,14.0966,946.539,47950.3,14.0966,1072.56,60122.8,14.0966,1215.21,75309.9,14.0966,1376.66,94216.2,14.0966,1559.41,117688,14.0966,1766.26,146729,14.0966,2000.39,182510,14.0966,2265.39,226372,14.0966,2565.33,279806,14.0966,2904.81,344416,14.0966,3289.05,421845,14.0966,3723.93,513667,14.0966,4216.13,621231,14.0966,4773.18,745478,14.0966,5403.64,886744,14.0966,6117.15,1.04457e+06,14.0966,6924.63,1.2176e+06,14.0966,11.7194,11.96,12.6541,13.9321,16.1295,13.6434,16.6097,21.9702,13.9553,19.7532,29.5285,14.0526,23.3844,39.1143,14.0829,27.5423,51.2054,14.0923,32.2796,66.434,14.0953,37.662,85.6061,14.0962,43.7675,109.74,14.0965,50.687,140.119,14.0966,58.5249,178.359,14.0966,67.4005,226.493,14.0966,77.4493,287.08,14.0966,88.8254,363.343,14.0966,101.703,459.336,14.0966,116.281,580.161,14.0966,132.782,732.241,14.0966,151.46,923.655,14.0966,172.603,1164.57,14.0966,196.535,1467.79,14.0966,223.625,1849.39,14.0966,254.288,2329.62,14.0966,288.997,2933.93,14.0966,328.285,3694.33,14.0966,372.755,4651.04,14.0966,423.092,5854.57,14.0966,480.07,7368.38,14.0966,544.564,9272.08,14.0966,617.566,11665.5,14.0966,700.197,14673.6,14.0966,793.729,18452.9,14.0966,899.599,23198.6,14.0966,1019.43,29154.1,14.0966,1155.07,36622.3,14.0966,1308.6,45977.9,14.0966,1482.39,57683.7,14.0966,1679.09,72307.8,14.0966,1901.73,90542.8,14.0966,2153.73,113226,14.0966,2438.97,141360,14.0966,2761.81,176127,14.0966,3127.22,218898,14.0966,3540.81,271226,14.0966,4008.92,334817,14.0966,4538.74,411470,14.0966,5138.38,502973,14.0966,5817.04,610948,14.0966,6585.12,736653,14.0966,7454.39,880741,14.0966,8438.15,1.04302e+06,14.0966,9551.45,1.22224e+06,14.0966,10811.3,1.41602e+06,14.0966,12237,1.62086e+06,14.0966,11.7194,11.96,12.6541,2.21263,4.16949,0.989383,2.67766,5.84076,0.311842,3.14343,7.55825,0.0972771,3.63127,9.58578,0.0303237,4.15787,12.0912,0.00945211,4.73731,15.2286,0.00294633,5.38238,19.1721,0.000918508,6.10553,24.134,0.000286163,6.91951,30.3791,8.92692e-05,7.83792,38.2397,2.78121e-05,8.87555,48.1338,8.65134e-06,10.0489,60.5876,2.7882e-06,11.3761,76.2629,8.29036e-07,12.8779,95.9927,2.4373e-07,14.5775,120.825,4.33068e-09,16.5012,152.08,1.75749e-07,18.6784,191.415,-1.86328e-07,21.1428,240.917,1.91829e-07,23.9322,303.213,-1.81475e-07,27.0895,381.602,7.0186e-08,30.6634,480.231,-2.86769e-08,34.7087,604.316,2.40784e-07,39.2876,760.401,9.87368e-08,44.4705,956.705,1.22263e-07,50.3371,1203.54,-4.31966e-07,56.9776,1513.81,-1.9705e-07,64.494,1903.69,-2.763e-08,73.0018,2393.4,3.9185e-07,82.6317,3008.13,1.35379e-07,93.5318,3779.25,-4.16351e-08,105.869,4745.7,2.06965e-08,119.834,5955.6,-3.18887e-07,135.641,7468.12,-1.48271e-08,153.531,9355.62,2.00739e-07,173.781,11705.8,2.28358e-07,196.701,14624.1,-1.93587e-08,222.642,18235,-2.88101e-07,252.003,22683.4,-2.24732e-07,285.234,28134,8.56806e-09,322.845,34767,2.34258e-07,365.413,42770.9,2.99668e-07,413.588,52327.9,8.28644e-08,468.111,63591.2,-3.07049e-07,529.814,76653.2,-3.1888e-07,599.642,91502.5,-6.72276e-08,678.662,107975,2.26339e-07,768.083,125705,3.69212e-07,869.267,144088,2.04077e-07,983.76,162277,-2.80509e-07,1113.3,179223,-4.22737e-07,1259.87,193777,-1.71951e-07,1425.68,204839,4.55555e-07,11.7194,11.96,12.6541,2.21263,4.16949,0.989383,2.67766,5.84076,0.311842,3.14343,7.55825,0.0972771,3.63127,9.58578,0.0303237,4.15787,12.0912,0.00945211,4.73731,15.2286,0.00294633,5.38238,19.1721,0.000918508,6.10553,24.134,0.000286163,6.91951,30.3791,8.92692e-05,7.83792,38.2397,2.78121e-05,8.87555,48.1338,8.65134e-06,10.0489,60.5876,2.7882e-06,11.3761,76.2629,8.29036e-07,12.8779,95.9927,2.4373e-07,14.5775,120.825,1e-08,16.5012,152.08,1.75749e-07,18.6784,191.415,1e-08,21.1428,240.917,1.91829e-07,23.9322,303.213,1e-08,27.0895,381.602,7.0186e-08,30.6634,480.231,1e-08,34.7087,604.316,2.40784e-07,39.2876,760.401,9.87368e-08,44.4705,956.705,1.22263e-07,50.3371,1203.54,1e-08,56.9776,1513.81,1e-08,64.494,1903.69,1e-08,73.0018,2393.4,3.9185e-07,82.6317,3008.13,1.35379e-07,93.5318,3779.25,1e-08,105.869,4745.7,2.06965e-08,119.834,5955.6,1e-08,135.641,7468.12,1e-08,153.531,9355.62,2.00739e-07,173.781,11705.8,2.28358e-07,196.701,14624.1,1e-08,222.642,18235,1e-08,252.003,22683.4,1e-08,285.234,28134,1e-08,322.845,34767,2.34258e-07,365.413,42770.9,2.99668e-07,413.588,52327.9,8.28644e-08,468.111,63591.2,1e-08,529.814,76653.2,1e-08,599.642,91502.5,1e-08,678.662,107975,2.26339e-07,768.083,125705,3.69212e-07,869.267,144088,2.04077e-07,983.76,162277,1e-08,1113.3,179223,1e-08,1259.87,193777,1e-08,1425.68,204839,4.55555e-07,6.2823,3.27286,2.43537,0.219672,6.18826,2.24117,0.56371,6.87772,2.63624,0.308279,17,20,8,5,6,0,3,3,0,1,6,0,9,9,1,4,8,0,5,14,0,9,10,0,11,23,0,17,41,0,3,50,0,15,70,0,10,52,0,12,106,0,12,155,0,14,134,0,15,132,0,31,128,0,24,187,0,7,272,0,16,314,0,42,670,0,59,834,0,29,887,0,37,687,0,58,584,0,55,829,0,65,3044,0,129,1888,0,78,1799,0,115,1507,0,17,3130,0,159,4173,0,119,4756,0,71,8848,0,261,12442,0,55,11245,0,274,35495,0,360,15403,0,168,27818,0,339,22569,0,351,88238,0,206,89925,0,342,112186,0,490,82527,0,424,52069,0,887,161418,0,439,67640,0,1434,153275,0,653,269618,0,1135,124851,0,1989,107902,0,1455,283549,0
-1.05176e+08,1,8.88811e-15,10,1023,0,1.05176e+08,0.528882,1.08665,0.389689,0.145397,0.379329,3.24381,0.161596,0.446195,1.77396,0.159177,1.15e+07,4.49998e+06,6.79999e+06,1.15e+07,4.49997e+06,6.79999e+06,1.15e+07,4.49996e+06,6.79999e+06,1.15e+07,4.49995e+06,6.79999e+06,1.14999e+07,4.49993e+06,6.79999e+06,1.14999e+07,4.49991e+06,6.79999e+06,1.14999e+07,4.49989e+06,6.79999e+06,1.14999e+07,4.49986e+06,6.79999e+06,1.14999e+07,4.49982e+06,6.79999e+06,1.14999e+07,4.49977e+06,6.79999e+06,1.14999e+07,4.49971e+06,6.79999e+06,1.14999e+07,4.49963e+06,6.79999e+06,1.14998e+07,4.49953e+06,6.79999e+06,1.14998e+07,4.49941e+06,6.79999e+06,1.14998e+07,4.49926e+06,6.79999e+06,1.14998e+07,4.49906e+06,6.79999e+06,1.14997e+07,4.49882e+06,6.79999e+06,1.14997e+07,4.49851e+06,6.79999e+06,1.14997e+07,4.49812e+06,6.79999e+06,1.14996e+07,4.49764e+06,6.79999e+06,1.14996e+07,4.49702e+06,6.79999e+06,1.14995e+07,4.49625e+06,6.79999e+06,1.14995e+07,4.49528e+06,6.79999e+06,1.14994e+07,4.49406e+06,6.79999e+06,1.14993e+07,4.49253e+06,6.79999e+06,1.14992e+07,4.49059e+06,6.79999e+06,1.14991e+07,4.48817e+06,6.79999e+06,1.1499e+07,4.48511e+06,6.79999e+06,1.14988e+07,4.48128e+06,6.79999e+06,1.14987e+07,4.47646e+06,6.79999e+06,1.14985e+07,4.47041e+06,6.79999e+06,1.14983e+07,4.46281e+06,6.79999e+06,1.14981e+07,4.4533e+06,6.79999e+06,1.14979e+07,4.44138e+06,6.79999e+06,1.14976e+07,4.42649e+06,6.79999e+06,1.14972e+07,4.40789e+06,6.79999e+06,1.14969e+07,4.38471e+06,6.79999e+06,1.14965e+07,4.35592e+06,6.79999e+06,1.1496e+07,4.32027e+06,6.79999e+06,1.14955e+07,4.27629e+06,6.79999e+06,1.14949e+07,4.22231e+06,6.79999e+06,1.14942e+07,4.15647e+06,6.79999e+06,1.14934e+07,4.07676e+06,6.79999e+06,1.14926e+07,3.98112e+06,6.79999e+06,1.14916e+07,3.86765e+06,6.79999e+06,1.14905e+07,3.73474e+06,6.79999e+06,1.14892e+07,3.58148e+06,6.79999e+06,1.14878e+07,3.40785e+06,6.79999e+06,1.14862e+07,3.21513e+06,6.79999e+06,1.14844e+07,3.00605e+06,6.79999e+06,1.14823e+07,2.7848e+06,6.79999e+06,1.148e+07,2.5568e+06,6.79999e+06,1.14773e+07,2.32825e+06,6.79999e+06,13.5742,8.52444,0.508366,16.8306,13.2585,0.162638,20.0035,17.569,0.0507846,23.2616,22.4214,0.0158319,26.7328,28.3297,0.00493498,30.5212,35.6974,0.00153831,34.7178,44.9473,0.000479527,39.4086,56.5822,0.000149456,44.6796,71.2245,4.66214e-05,50.6209,89.6543,1.45419e-05,57.3297,112.852,4.54748e-06,64.9129,142.051,1.43857e-06,73.4897,178.803,4.36618e-07,83.1934,225.062,1.40153e-07,94.1745,283.286,4.96378e-08,106.602,356.568,1.05434e-07,120.669,448.799,-6.49244e-08,136.59,564.873,1.70148e-07,154.611,710.948,-5.34594e-08,175.008,894.767,1.63407e-07,198.097,1126.06,8.04804e-08,224.231,1417.07,1.14667e-07,253.813,1783.15,-1.71227e-07,287.297,2243.62,-2.88466e-07,325.198,2822.67,-4.33651e-07,368.098,3550.67,7.9318e-08,416.657,4465.65,3.13319e-07,471.621,5615.16,3.4613e-07,533.835,7058.61,-1.19199e-07,604.255,8870.02,-2.79964e-07,683.962,11141.4,-2.30521e-07,774.182,13986.7,-2.55099e-07,876.299,17546.4,1.23585e-07,991.883,21993.1,1.41192e-07,1122.71,27536.7,-9.71886e-08,1270.78,34430.7,-3.68368e-07,1438.38,42977.7,-3.45379e-07,1628.07,53532.7,-3.25328e-09,1842.77,66504.6,2.6362e-07,2085.77,82350.2,2.53445e-07,2360.79,101560,-2.47407e-08,2672.05,124632,-3.80602e-07,3024.31,152018,-4.79005e-07,3422.98,184060,-1.14379e-07,3874.15,220884,2.64297e-07,4384.72,262283,3.44131e-07,4962.49,307576,7.5349e-08,5616.29,355497,-3.63097e-07,6356.1,404126,-6.05442e-07,7193.18,450932,-2.72333e-07,8140.28,492963,2.29675e-07,9211.79,527178,4.3387e-07,10424,550893,-1.0711e-07,10.102,8.06553,2.81012,10.6436,8.57909,0.869423,11.5336,10.2515,0.270869,12.7211,12.7138,0.0844293,14.1823,15.9373,0.0263173,15.9122,20.0383,0.0082035,17.9198,25.2154,0.00255722,20.2244,31.7373,0.000797017,22.8539,39.9486,0.000248622,25.8438,50.2851,7.75492e-05,29.237,63.2963,2.42508e-05,33.0837,79.6738,7.67162e-06,37.4415,100.288,2.32837e-06,42.3767,126.236,7.33e-07,47.9646,158.896,2.79256e-07,54.2906,200.003,9.87351e-09,61.452,251.741,1.61085e-07,69.5585,316.859,-2.47141e-07,78.7347,398.812,8.93552e-08,89.1218,501.948,-2.53231e-07,100.879,631.736,-1.25047e-07,114.188,795.049,-1.78808e-07,129.252,1000.53,2.6733e-07,146.304,1259.03,4.50292e-07,165.605,1584.19,6.76904e-07,187.452,1993.12,-1.23808e-07,212.181,2507.27,-4.89068e-07,240.173,3153.54,-5.40284e-07,271.856,3965.56,1.86061e-07,307.719,4985.38,4.37004e-07,348.313,6265.4,3.59828e-07,394.26,7870.83,3.98192e-07,446.268,9882.51,-1.92908e-07,505.135,12400.3,-2.20392e-07,571.766,15546.9,1.51705e-07,647.184,19472.2,5.74996e-07,732.547,24357.4,5.39112e-07,829.167,30420,5.07815e-09,938.526,37916.3,-4.11492e-07,1062.3,47143.9,-3.9561e-07,1202.4,58439.2,3.86185e-08,1360.96,72169.3,5.94093e-07,1540.42,88715.8,7.47693e-07,1743.53,108445,1.78537e-07,1973.41,131665,-4.12549e-07,2233.57,158557,-5.37164e-07,2528,189103,-1.17615e-07,2861.2,222986,5.66769e-07,3238.27,259510,9.45053e-07,3664.97,297540,4.25093e-07,4147.81,335497,-3.58506e-07,4694.17,371444,-6.7724e-07,5312.37,403256,1.67192e-07,1.61744,3.89446,9.84394,3.28846,7.5504,12.774,5.07607,11.7187,13.6844,7.03202,16.8147,13.9681,9.20215,23.1769,14.0566,11.6301,31.1672,14.0841,14.3598,41.2186,14.0927,17.4376,53.8688,14.0954,20.9137,69.7915,14.0962,24.8432,89.8341,14.0965,29.2879,115.063,14.0966,34.3168,146.819,14.0966,40.0078,186.792,14.0966,46.4487,237.107,14.0966,53.7388,300.44,14.0966,61.9903,380.158,14.0966,71.3301,480.499,14.0966,81.902,606.796,14.0966,93.8685,765.761,14.0966,107.414,965.837,14.0966,122.746,1217.65,14.0966,140.101,1534.57,14.0966,159.745,1933.41,14.0966,181.981,2435.3,14.0966,207.15,3066.85,14.0966,235.64,3861.46,14.0966,267.889,4861.11,14.0966,304.391,6118.54,14.0966,345.709,7699.91,14.0966,392.478,9688.22,14.0966,445.417,12187.5,14.0966,505.339,15327.7,14.0966,573.165,19271.6,14.0966,649.938,24222,14.0966,736.839,30430.9,14.0966,835.202,38211.5,14.0966,946.539,47950.3,14.0966,1072.56,60122.8,14.0966,1215.21,75309.9,14.0966,1376.66,94216.2,14.0966,1559.41,117688,14.0966,1766.26,146729,14.0966,2000.39,182510,14.0966,2265.39,226372,14.0966,2565.33,279806,14.0966,2904.81,344416,14.0966,3289.05,421845,14.0966,3723.93,513667,14.0966,4216.13,621231,14.0966,4773.18,745478,14.0966,5403.64,886744,14.0966,6117.15,1.04457e+06,14.0966,6924.63,1.2176e+06,14.0966,11.7194,11.96,12.6541,13.9321,16.1295,13.6434,16.6097,21.9702,13.9553,19.7532,29.5285,14.0526,23.3844,39.1143,14.0829,27.5423,51.2054,14.0923,32.2796,66.434,14.0953,37.662,85.6061,14.0962,43.7675,109.74,14.0965,50.687,140.119,14.0966,58.5249,178.359,14.0966,67.4005,226.493,14.0966,77.4493,287.08,14.0966,88.8254,363.343,14.0966,101.703,459.336,14.0966,116.281,580.161,14.0966,132.782,732.241,14.0966,151.46,923.655,14.0966,172.603,1164.57,14.0966,196.535,1467.79,14.0966,223.625,1849.39,14.0966,254.288,2329.62,14.0966,288.997,2933.93,14.0966,328.285,3694.33,14.0966,372.755,4651.04,14.0966,423.092,5854.57,14.0966,480.07,7368.38,14.0966,544.564,9272.08,14.0966,617.566,11665.5,14.0966,700.197,14673.6,14.0966,793.729,18452.9,14.0966,899.599,23198.6,14.0966,1019.43,29154.1,14.0966,1155.07,36622.3,14.0966,1308.6,45977.9,14.0966,1482.39,57683.7,14.0966,1679.09,72307.8,14.0966,1901.73,90542.8,14.0966,2153.73,113226,14.0966,2438.97,141360,14.0966,2761.81,176127,14.0966,3127.22,218898,14.0966,3540.81,271226,14.0966,4008.92,334817,14.0966,4538.74,411470,14.0966,5138.38,502973,14.0966,5817.04,610948,14.0966,6585.12,736653,14.0966,7454.39,880741,14.0966,8438.15,1.04302e+06,14.0966,9551.45,1.22224e+06,14.0966,10811.3,1.41602e+06,14.0966,12237,1.62086e+06,14.0966,11.7194,11.96,12.6541,2.21263,4.16949,0.989383,2.67766,5.84076,0.311842,3.14343,7.55825,0.0972771,3.63127,9.58578,0.0303237,4.15787,12.0912,0.00945211,4.73731,15.2286,0.00294633,5.38238,19.1721,0.000918508,6.10553,24.134,0.000286163,6.91951,30.3791,8.92692e-05,7.83792,38.2397,2.78121e-05,8.87555,48.1338,8.65134e-06,10.0489,60.5876,2.7882e-06,11.3761,76.2629,8.29036e-07,12.8779,95.9927,2.4373e-07,14.5775,120.825,4.33068e-09,16.5012,152.08,1.75749e-07,18.6784,191.415,-1.86328e-07,21.1428,240.917,1.91829e-07,23.9322,303.213,-1.81475e-07,27.0895,381.602,7.0186e-08,30.6634,480.231,-2.86769e-08,34.7087,604.316,2.40784e-07,39.2876,760.401,9.87368e-08,44.4705,956.705,1.22263e-07,50.3371,1203.54,-4.31966e-07,56.9776,1513.81,-1.9705e-07,64.494,1903.69,-2.763e-08,73.0018,2393.4,3.9185e-07,82.6317,3008.13,1.35379e-07,93.5318,3779.25,-4.16351e-08,105.869,4745.7,2.06965e-08,119.834,5955.6,-3.18887e-07,135.641,7468.12,-1.48271e-08,153.531,9355.62,2.00739e-07,173.781,11705.8,2.28358e-07,196.701,14624.1,-1.93587e-08,222.642,18235,-2.88101e-07,252.003,22683.4,-2.24732e-07,285.234,28134,8.56806e-09,322.845,34767,2.34258e-07,365.413,42770.9,2.99668e-07,413.588,52327.9,8.28644e-08,468.111,63591.2,-3.07049e-07,529.814,76653.2,-3.1888e-07,599.642,91502.5,-6.72276e-08,678.662,107975,2.26339e-07,768.083,125705,3.69212e-07,869.267,144088,2.04077e-07,983.76,162277,-2.80509e-07,1113.3,179223,-4.22737e-07,1259.87,193777,-1.71951e-07,1425.68,204839,4.55555e-07,11.7194,11.96,12.6541,2.21263,4.16949,0.989383,2.67766,5.84076,0.311842,3.14343,7.55825,0.0972771,3.63127,9.58578,0.0303237,4.15787,12.0912,0.00945211,4.73731,15.2286,0.00294633,5.38238,19.1721,0.000918508,6.10553,24.134,0.000286163,6.91951,30.3791,8.92692e-05,7.83792,38.2397,2.78121e-05,8.87555,48.1338,8.65134e-06,10.0489,60.5876,2.7882e-06,11.3761,76.2629,8.29036e-07,12.8779,95.9927,2.4373e-07,14.5775,120.825,1e-08,16.5012,152.08,1.75749e-07,18.6784,191.415,1e-08,21.1428,240.917,1.91829e-07,23.9322,303.213,1e-08,27.0895,381.602,7.0186e-08,30.6634,480.231,1e-08,34.7087,604.316,2.40784e-07,39.2876,760.401,9.87368e-08,44.4705,956.705,1.22263e-07,50.3371,1203.54,1e-08,56.9776,1513.81,1e-08,64.494,1903.69,1e-08,73.0018,2393.4,3.9185e-07,82.6317,3008.13,1.35379e-07,93.5318,3779.25,1e-08,105.869,4745.7,2.06965e-08,119.834,5955.6,1e-08,135.641,7468.12,1e-08,153.531,9355.62,2.00739e-07,173.781,11705.8,2.28358e-07,196.701,14624.1,1e-08,222.642,18235,1e-08,252.003,22683.4,1e-08,285.234,28134,1e-08,322.845,34767,2.34258e-07,365.413,42770.9,2.99668e-07,413.588,52327.9,8.28644e-08,468.111,63591.2,1e-08,529.814,76653.2,1e-08,599.642,91502.5,1e-08,678.662,107975,2.26339e-07,768.083,125705,3.69212e-07,869.267,144088,2.04077e-07,983.76,162277,1e-08,1113.3,179223,1e-08,1259.87,193777,1e-08,1425.68,204839,4.55555e-07,6.2823,3.27286,2.43537,0.219672,6.18826,2.24117,0.56371,6.87772,2.63624,0.308279,22,2,7,2,4,0,2,10,0,4,4,0,5,7,0,9,5,0,11,15,0,5,15,0,10,17,0,10,11,0,8,53,0,7,64,0,13,31,0,11,44,0,18,95,0,7,59,0,17,108,0,25,75,0,25,226,0,13,310,0,16,429,0,19,432,0,18,528,0,35,762,0,55,803,0,97,2243,0,52,2789,0,57,1565,0,58,2965,0,62,3048,0,109,5368,0,60,5166,0,74,9983,0,73,5754,0,221,4085,0,227,9544,0,219,8407,0,250,15327,0,256,19265,0,233,34531,0,494,28555,0,325,30389,0,474,36747,0,561,49513,0,214,40841,0,488,32845,0,1257,173342,0,898,144296,0,1444,81712,0,528,151568,0,1296,128455,0,744,292568,0,1125,220036,0
-1.05176e+08,1,8.88811e-15,10,1023,0,1.05176e+08,0.528882,1.08665,0.389689,0.145397,0.379329,3.24381,0.161596,0.446195,1.77396,0.159177,1.15e+07,4.49998e+06,6.79999e+06,1.15e+07,4.49997e+06,6.79999e+06,1.15e+07,4.49996e+06,6.79999e+06,1.15e+07,4.49995e+06,6.79999e+06,1.14999e+07,4.49993e+06,6.79999e+06,1.14999e+07,4.49991e+06,6.79999e+06,1.14999e+07,4.49989e+06,6.79999e+06,1.14999e+07,4.49986e+06,6.79999e+06,1.14999e+07,4.49982e+06,6.79999e+06,1.14999e+07,4.49977e+06,6.79999e+06,1.14999e+07,4.49971e+06,6.79999e+06,1.14999e+07,4.49963e+06,6.79999e+06,1.14998e+07,4.49953e+06,6.79999e+06,1.14998e+07,4.49941e+06,6.79999e+06,1.14998e+07,4.49926e+06,6.79999e+06,1.14998e+07,4.49906e+06,6.79999e+06,1.14997e+07,4.49882e+06,6.79999e+06,1.14997e+07,4.49851e+06,6.79999e+06,1.14997e+07,4.49812e+06,6.79999e+06,1.14996e+07,4.49764e+06,6.79999e+06,1.14996e+07,4.49702e+06,6.79999e+06,1.14995e+07,4.49625e+06,6.79999e+06,1.14995e+07,4.49528e+06,6.79999e+06,1.14994e+07,4.49406e+06,6.79999e+06,1.14993e+07,4.49253e+06,6.79999e+06,1.14992e+07,4.49059e+06,6.79999e+06,1.14991e+07,4.48817e+06,6.79999e+06,1.1499e+07,4.48511e+06,6.79999e+06,1.14988e+07,4.48128e+06,6.79999e+06,1.14987e+07,4.47646e+06,6.79999e+06,1.14985e+07,4.47041e+06,6.79999e+06,1.14983e+07,4.46281e+06,6.79999e+06,1.14981e+07,4.4533e+06,6.79999e+06,1.14979e+07,4.44138e+06,6.79999e+06,1.14976e+07,4.42649e+06,6.79999e+06,1.14972e+07,4.40789e+06,6.79999e+06,1.14969e+07,4.38471e+06,6.79999e+06,1.14965e+07,4.35592e+06,6.79999e+06,1.1496e+07,4.32027e+06,6.79999e+06,1.14955e+07,4.27629e+06,6.79999e+06,1.14949e+07,4.22231e+06,6.79999e+06,1.14942e+07,4.15647e+06,6.79999e+06,1.14934e+07,4.07676e+06,6.79999e+06,1.14926e+07,3.98112e+06,6.79999e+06,1.14916e+07,3.86765e+06,6.79999e+06,1.14905e+07,3.73474e+06,6.79999e+06,1.14892e+07,3.58148e+06,6.79999e+06,1.14878e+07,3.40785e+06,6.79999e+06,1.14862e+07,3.21513e+06,6.79999e+06,1.14844e+07,3.00605e+06,6.79999e+06,1.14823e+07,2.7848e+06,6.79999e+06,1.148e+07,2.5568e+06,6.79999e+06,1.14773e+07,2.32825e+06,6.79999e+06,13.5742,8.52444,0.508366,16.8306,13.2585,0.162638,20.0035,17.569,0.0507846,23.2616,22.4214,0.0158319,26.7328,28.3297,0.00493498,30.5212,35.6974,0.00153831,34.7178,44.9473,0.000479527,39.4086,56.5822,0.000149456,44.6796,71.2245,4.66214e-05,50.6209,89.6543,1.45419e-05,57.3297,112.852,4.54748e-06,64.9129,142.051,1.43857e-06,73.4897,178.803,4.36618e-07,83.1934,225.062,1.40153e-07,94.1745,283.286,4.96378e-08,106.602,356.568,1.05434e-07,120.669,448.799,-6.49244e-08,136.59,564.873,1.70148e-07,154.611,710.948,-5.34594e-08,175.008,894.767,1.63407e-07,198.097,1126.06,8.04804e-08,224.231,1417.07,1.14667e-07,253.813,1783.15,-1.71227e-07,287.297,2243.62,-2.88466e-07,325.198,2822.67,-4.33651e-07,368.098,3550.67,7.9318e-08,416.657,4465.65,3.13319e-07,471.621,5615.16,3.4613e-07,533.835,7058.61,-1.19199e-07,604.255,8870.02,-2.79964e-07,683.962,11141.4,-2.30521e-07,774.182,13986.7,-2.55099e-07,876.299,17546.4,1.23585e-07,991.883,21993.1,1.41192e-07,1122.71,27536.7,-9.71886e-08,1270.78,34430.7,-3.68368e-07,1438.38,42977.7,-3.45379e-07,1628.07,53532.7,-3.25328e-09,1842.77,66504.6,2.6362e-07,2085.77,82350.2,2.53445e-07,2360.79,101560,-2.47407e-08,2672.05,124632,-3.80602e-07,3024.31,152018,-4.79005e-07,3422.98,184060,-1.14379e-07,3874.15,220884,2.64297e-07,4384.72,262283,3.44131e-07,4962.49,307576,7.5349e-08,5616.29,355497,-3.63097e-07,6356.1,404126,-6.05442e-07,7193.18,450932,-2.72333e-07,8140.28,492963,2.29675e-07,9211.79,527178,4.3387e-07,10424,550893,-1.0711e-07,10.102,8.06553,2.81012,10.6436,8.57909,0.869423,11.5336,10.2515,0.270869,12.7211,12.7138,0.0844293,14.1823,15.9373,0.0263173,15.9122,20.0383,0.0082035,17.9198,25.2154,0.00255722,20.2244,31.7373,0.000797017,22.8539,39.9486,0.000248622,25.8438,50.2851,7.75492e-05,29.237,63.2963,2.42508e-05,33.0837,79.6738,7.67162e-06,37.4415,100.288,2.32837e-06,42.3767,126.236,7.33e-07,47.9646,158.896,2.79256e-07,54.2906,200.003,9.87351e-09,61.452,251.741,1.61085e-07,69.5585,316.859,-2.47141e-07,78.7347,398.812,8.93552e-08,89.1218,501.948,-2.53231e-07,100.879,631.736,-1.25047e-07,114.188,795.049,-1.78808e-07,129.252,1000.53,2.6733e-07,146.304,1259.03,4.50292e-07,165.605,1584.19,6.76904e-07,187.452,1993.12,-1.23808e-07,212.181,2507.27,-4.89068e-07,240.173,3153.54,-5.40284e-07,271.856,3965.56,1.86061e-07,307.719,4985.38,4.37004e-07,348.313,6265.4,3.59828e-07,394.26,7870.83,3.98192e-07,446.268,9882.51,-1.92908e-07,505.135,12400.3,-2.20392e-07,571.766,15546.9,1.51705e-07,647.184,19472.2,5.74996e-07,732.547,24357.4,5.39112e-07,829.167,30420,5.07815e-09,938.526,37916.3,-4.11492e-07,1062.3,47143.9,-3.9561e-07,1202.4,58439.2,3.86185e-08,1360.96,72169.3,5.94093e-07,1540.42,88715.8,7.47693e-07,1743.53,108445,1.78537e-07,1973.41,131665,-4.12549e-07,2233.57,158557,-5.37164e-07,2528,189103,-1.17615e-07,2861.2,222986,5.66769e-07,3238.27,259510,9.45053e-07,3664.97,297540,4.25093e-07,4147.81,335497,-3.58506e-07,4694.17,371444,-6.7724e-07,5312.37,403256,1.67192e-07,1.61744,3.89446,9.84394,3.28846,7.5504,12.774,5.07607,11.7187,13.6844,7.03202,16.8147,13.9681,9.20215,23.1769,14.0566,11.6301,31.1672,14.0841,14.3598,41.2186,14.0927,17.4376,53.8688,14.0954,20.9137,69.7915,14.0962,24.8432,89.8341,14.0965,29.2879,115.063,14.0966,34.3168,146.819,14.0966,40.0078,186.792,14.0966,46.4487,237.107,14.0966,53.7388,300.44,14.0966,61.9903,380.158,14.0966,71.3301,480.499,14.0966,81.902,606.796,14.0966,93.8685,765.761,14.0966,107.414,965.837,14.0966,122.746,1217.65,14.0966,140.101,1534.57,14.0966,159.745,1933.41,14.0966,181.981,2435.3,14.0966,207.15,3066.85,14.0966,235.64,3861.46,14.0966,267.889,4861.11,14.0966,304.391,6118.54,14.0966,345.709,7699.91,14.0966,392.478,9688.22,14.0966,445.417,12187.5,14.0966,505.339,15327.7,14.0966,573.165,19271.6,14.0966,649.938,24222,14.0966,736.839,30430.9,14.0966,835.202,38211.5,14.0966,946.539,47950.3,14.0966,1072.56,60122.8,14.0966,1215.21,75309.9,14.0966,1376.66,94216.2,14.0966,1559.41,117688,14.0966,1766.26,146729,14.0966,2000.39,182510,14.0966,2265.39,226372,14.0966,2565.33,279806,14.0966,2904.81,344416,14.0966,3289.05,421845,14.0966,3723.93,513667,14.0966,4216.13,621231,14.0966,4773.18,745478,14.0966,5403.64,886744,14.0966,6117.15,1.04457e+06,14.0966,6924.63,1.2176e+06,14.0966,11.7194,11.96,12.6541,13.9321,16.1295,13.6434,16.6097,21.9702,13.9553,19.7532,29.5285,14.0526,23.3844,39.1143,14.0829,27.5423,51.2054,14.0923,32.2796,66.434,14.0953,37.662,85.6061,14.0962,43.7675,109.74,14.0965,50.687,140.119,14.0966,58.5249,178.359,14.0966,67.4005,226.493,14.0966,77.4493,287.08,14.0966,88.8254,363.343,14.0966,101.703,459.336,14.0966,116.281,580.161,14.0966,132.782,732.241,14.0966,151.46,923.655,14.0966,172.603,1164.57,14.0966,196.535,1467.79,14.0966,223.625,1849.39,14.0966,254.288,2329.62,14.0966,288.997,2933.93,14.0966,328.285,3694.33,14.0966,372.755,4651.04,14.0966,423.092,5854.57,14.0966,480.07,7368.38,14.0966,544.564,9272.08,14.0966,617.566,11665.5,14.0966,700.197,14673.6,14.0966,793.729,18452.9,14.0966,899.599,23198.6,14.0966,1019.43,29154.1,14.0966,1155.07,36622.3,14.0966,1308.6,45977.9,14.0966,1482.39,57683.7,14.0966,1679.09,72307.8,14.0966,1901.73,90542.8,14.0966,2153.73,113226,14.0966,2438.97,141360,14.0966,2761.81,176127,14.0966,3127.22,218898,14.0966,3540.81,271226,14.0966,4008.92,334817,14.0966,4538.74,411470,14.0966,5138.38,502973,14.0966,5817.04,610948,14.0966,6585.12,736653,14.0966,7454.39,880741,14.0966,8438.15,1.04302e+06,14.0966,9551.45,1.22224e+06,14.0966,10811.3,1.41602e+06,14.0966,12237,1.62086e+06,14.0966,11.7194,11.96,12.6541,2.21263,4.16949,0.989383,2.67766,5.84076,0.311842,3.14343,7.55825,0.0972771,3.63127,9.58578,0.0303237,4.15787,12.0912,0.00945211,4.73731,15.2286,0.00294633,5.38238,19.1721,0.000918508,6.10553,24.134,0.000286163,6.91951,30.3791,8.92692e-05,7.83792,38.2397,2.78121e-05,8.87555,48.1338,8.65134e-06,10.0489,60.5876,2.7882e-06,11.3761,76.2629,8.29036e-07,12.8779,95.9927,2.4373e-07,14.5775,120.825,4.33068e-09,16.5012,152.08,1.75749e-07,18.6784,191.415,-1.86328e-07,21.1428,240.917,1.91829e-07,23.9322,303.213,-1.81475e-07,27.0895,381.602,7.0186e-08,30.6634,480.231,-2.86769e-08,34.7087,604.316,2.40784e-07,39.2876,760.401,9.87368e-08,44.4705,956.705,1.22263e-07,50.3371,1203.54,-4.31966e-07,56.9776,1513.81,-1.9705e-07,64.494,1903.69,-2.763e-08,73.0018,2393.4,3.9185e-07,82.6317,3008.13,1.35379e-07,93.5318,3779.25,-4.16351e-08,105.869,4745.7,2.06965e-08,119.834,5955.6,-3.18887e-07,135.641,7468.12,-1.48271e-08,153.531,9355.62,2.00739e-07,173.781,11705.8,2.28358e-07,196.701,14624.1,-1.93587e-08,222.642,18235,-2.88101e-07,252.003,22683.4,-2.24732e-07,285.234,28134,8.56806e-09,322.845,34767,2.34258e-07,365.413,42770.9,2.99668e-07,413.588,52327.9,8.28644e-08,468.111,63591.2,-3.07049e-07,529.814,76653.2,-3.1888e-07,599.642,91502.5,-6.72276e-08,678.662,107975,2.26339e-07,768.083,125705,3.69212e-07,869.267,144088,2.04077e-07,983.76,162277,-2.80509e-07,1113.3,179223,-4.22737e-07,1259.87,193777,-1.71951e-07,1425.68,204839,4.55555e-07,11.7194,11.96,12.6541,2.21263,4.16949,0.989383,2.67766,5.84076,0.311842,3.14343,7.55825,0.0972771,3.63127,9.58578,0.0303237,4.15787,12.0912,0.00945211,4.73731,15.2286,0.00294633,5.38238,19.1721,0.000918508,6.10553,24.134,0.000286163,6.91951,30.3791,8.92692e-05,7.83792,38.2397,2.78121e-05,8.87555,48.1338,8.65134e-06,10.0489,60.5876,2.7882e-06,11.3761,76.2629,8.29036e-07,12.8779,95.9927,2.4373e-07,14.5775,120.825,1e-08,16.5012,152.08,1.75749e-07,18.6784,191.415,1e-08,21.1428,240.917,1.91829e-07,23.9322,303.213,1e-08,27.0895,381.602,7.0186e-08,30.6634,480.231,1e-08,34.7087,604.316,2.40784e-07,39.2876,760.401,9.87368e-08,44.4705,956.705,1.22263e-07,50.3371,1203.54,1e-08,56.9776,1513.81,1e-08,64.494,1903.69,1e-08,73.0018,2393.4,3.9185e-07,82.6317,3008.13,1.35379e-07,93.5318,3779.25,1e-08,105.869,4745.7,2.06965e-08,119.834,5955.6,1e-08,135.641,7468.12,1e-08,153.531,9355.62,2.00739e-07,173.781,11705.8,2.28358e-07,196.701,14624.1,1e-08,222.642,18235,1e-08,252.003,22683.4,1e-08,285.234,28134,1e-08,322.845,34767,2.34258e-07,365.413,42770.9,2.99668e-07,413.588,52327.9,8.28644e-08,468.111,63591.2,1e-08,529.814,76653.2,1e-08,599.642,91502.5,1e-08,678.662,107975,2.26339e-07,768.083,125705,3.69212e-07,869.267,144088,2.04077e-07,983.76,162277,1e-08,1113.3,179223,1e-08,1259.87,193777,1e-08,1425.68,204839,4.55555e-07,6.2823,3.27286,2.43537,0.219672,6.18826,2.24117,0.56371,6.87772,2.63624,0.308279,14,17,23,0,7,0,1,8,1,3,8,0,2,12,0,8,4,0,6,19,0,2,28,0,3,17,0,9,23,0,10,58,0,6,64,0,20,49,0,12,37,0,16,20,0,17,84,0,35,234,0,12,298,0,26,131,0,51,244,0,30,505,0,21,728,0,23,306,0,55,432,0,24,537,0,21,851,0,50,1916,0,86,2037,0,83,2166,0,108,2234,0,84,3634,0,88,4145,0,208,9786,0,160,10076,0,78,13329,0,197,8430,0,175,16894,0,358,15056,0,164,22425,0,129,24132,0,255,41305,0,221,27987,0,195,49679,0,331,115803,0,671,94569,0,501,63303,0,851,164763,0,813,191068,0,503,131456,0,901,151740,0,1172,210327,0,1175,95791,0,2120,195735,0
-1.05176e+08,1,8.88811e-15,10,1023,0,1.05176e+08,0.528882,1.08665,0.389689,0.145397,0.379329,3.24381,0.161596,0.446195,1.77396,0.159177,1.15e+07,4.49998e+06,6.79999e+06,1.15e+07,4.49997e+06,6.79999e+06,1.15e+07,4.49996e+06,6.79999e+06,1.15e+07,4.49995e+06,6.79999e+06,1.14999e+07,4.49993e+06,6.79999e+06,1.14999e+07,4.49991e+06,6.79999e+06,1.14999e+07,4.49989e+06,6.79999e+06,1.14999e+07,4.49986e+06,6.79999e+06,1.14999e+07,4.49982e+06,6.79999e+06,1.14999e+07,4.49977e+06,6.79999e+06,1.14999e+07,4.49971e+06,6.79999e+06,1.14999e+07,4.49963e+06,6.79999e+06,1.14998e+07,4.49953e+06,6.79999e+06,1.14998e+07,4.49941e+06,6.79999e+06,1.14998e+07,4.49926e+06,6.79999e+06,1.14998e+07,4.49906e+06,6.79999e+06,1.14997e+07,4.49882e+06,6.79999e+06,1.14997e+07,4.49851e+06,6.79999e+06,1.14997e+07,4.49812e+06,6.79999e+06,1.14996e+07,4.49764e+06,6.79999e+06,1.14996e+07,4.49702e+06,6.79999e+06,1.14995e+07,4.49625e+06,6.79999e+06,1.14995e+07,4.49528e+06,6.79999e+06,1.14994e+07,4.49406e+06,6.79999e+06,1.14993e+07,4.49253e+06,6.79999e+06,1.14992e+07,4.49059e+06,6.79999e+06,1.14991e+07,4.48817e+06,6.79999e+06,1.1499e+07,4.48511e+06,6.79999e+06,1.14988e+07,4.48128e+06,6.79999e+06,1.14987e+07,4.47646e+06,6.79999e+06,1.14985e+07,4.47041e+06,6.79999e+06,1.14983e+07,4.46281e+06,6.79999e+06,1.14981e+07,4.4533e+06,6.79999e+06,1.14979e+07,4.44138e+06,6.79999e+06,1.14976e+07,4.42649e+06,6.79999e+06,1.14972e+07,4.40789e+06,6.79999e+06,1.14969e+07,4.38471e+06,6.79999e+06,1.14965e+07,4.35592e+06,6.79999e+06,1.1496e+07,4.32027e+06,6.79999e+06,1.14955e+07,4.27629e+06,6.79999e+06,1.14949e+07,4.22231e+06,6.79999e+06,1.14942e+07,4.15647e+06,6.79999e+06,1.14934e+07,4.07676e+06,6.79999e+06,1.14926e+07,3.98112e+06,6.79999e+06,1.14916e+07,3.86765e+06,6.79999e+06,1.14905e+07,3.73474e+06,6.79999e+06,1.14892e+07,3.58148e+06,6.79999e+06,1.14878e+07,3.40785e+06,6.79999e+06,1.14862e+07,3.21513e+06,6.79999e+06,1.14844e+07,3.00605e+06,6.79999e+06,1.14823e+07,2.7848e+06,6.79999e+06,1.148e+07,2.5568e+06,6.79999e+06,1.14773e+07,2.32825e+06,6.79999e+06,13.5742,8.52444,0.508366,16.8306,13.2585,0.162638,20.0035,17.569,0.0507846,23.2616,22.4214,0.0158319,26.7328,28.3297,0.00493498,30.5212,35.6974,0.00153831,34.7178,44.9473,0.000479527,39.4086,56.5822,0.000149456,44.6796,71.2245,4.66214e-05,50.6209,89.6543,1.45419e-05,57.3297,112.852,4.54748e-06,64.9129,142.051,1.43857e-06,73.4897,178.803,4.36618e-07,83.1934,225.062,1.40153e-07,94.1745,283.286,4.96378e-08,106.602,356.568,1.05434e-07,120.669,448.799,-6.49244e-08,136.59,564.873,1.70148e-07,154.611,710.948,-5.34594e-08,175.008,894.767,1.63407e-07,198.097,1126.06,8.04804e-08,224.231,1417.07,1.14667e-07,253.813,1783.15,-1.71227e-07,287.297,2243.62,-2.88466e-07,325.198,2822.67,-4.33651e-07,368.098,3550.67,7.9318e-08,416.657,4465.65,3.13319e-07,471.621,5615.16,3.4613e-07,533.835,7058.61,-1.19199e-07,604.255,8870.02,-2.79964e-07,683.962,11141.4,-2.30521e-07,774.182,13986.7,-2.55099e-07,876.299,17546.4,1.23585e-07,991.883,21993.1,1.41192e-07,1122.71,27536.7,-9.71886e-08,1270.78,34430.7,-3.68368e-07,1438.38,42977.7,-3.45379e-07,1628.07,53532.7,-3.25328e-09,1842.77,66504.6,2.6362e-07,2085.77,82350.2,2.53445e-07,2360.79,101560,-2.47407e-08,2672.05,124632,-3.80602e-07,3024.31,152018,-4.79005e-07,3422.98,184060,-1.14379e-07,3874.15,220884,2.64297e-07,4384.72,262283,3.44131e-07,4962.49,307576,7.5349e-08,5616.29,355497,-3.63097e-07,6356.1,404126,-6.05442e-07,7193.18,450932,-2.72333e-07,8140.28,492963,2.29675e-07,9211.79,527178,4.3387e-07,10424,550893,-1.0711e-07,10.102,8.06553,2.81012,10.6436,8.57909,0.869423,11.5336,10.2515,0.270869,12.7211,12.7138,0.0844293,14.1823,15.9373,0.0263173,15.9122,20.0383,0.0082035,17.9198,25.2154,0.00255722,20.2244,31.7373,0.000797017,22.8539,39.9486,0.000248622,25.8438,50.2851,7.75492e-05,29.237,63.2963,2.42508e-05,33.0837,79.6738,7.67162e-06,37.4415,100.288,2.32837e-06,42.3767,126.236,7.33e-07,47.9646,158.896,2.79256e-07,54.2906,200.003,9.87351e-09,61.452,251.741,1.61085e-07,69.5585,316.859,-2.47141e-07,78.7347,398.812,8.93552e-08,89.1218,501.948,-2.53231e-07,100.879,631.736,-1.25047e-07,114.188,795.049,-1.78808e-07,129.252,1000.53,2.6733e-07,146.304,1259.03,4.50292e-07,165.605,1584.19,6.76904e-07,187.452,1993.12,-1.23808e-07,212.181,2507.27,-4.89068e-07,240.173,3153.54,-5.40284e-07,271.856,3965.56,1.86061e-07,307.719,4985.38,4.37004e-07,348.313,6265.4,3.59828e-07,394.26,7870.83,3.98192e-07,446.268,9882.51,-1.92908e-07,505.135,12400.3,-2.20392e-07,571.766,15546.9,1.51705e-07,647.184,19472.2,5.74996e-07,732.547,24357.4,5.39112e-07,829.167,30420,5.07815e-09,938.526,37916.3,-4.11492e-07,1062.3,47143.9,-3.9561e-07,1202.4,58439.2,3.86185e-08,1360.96,72169.3,5.94093e-07,1540.42,88715.8,7.47693e-07,1743.53,108445,1.78537e-07,1973.41,131665,-4.12549e-07,2233.57,158557,-5.37164e-07,2528,189103,-1.17615e-07,2861.2,222986,5.66769e-07,3238.27,259510,9.45053e-07,3664.97,297540,4.25093e-07,4147.81,335497,-3.58506e-07,4694.17,371444,-6.7724e-07,5312.37,403256,1.67192e-07,1.61744,3.89446,9.84394,3.28846,7.5504,12.774,5.07607,11.7187,13.6844,7.03202,16.8147,13.9681,9.20215,23.1769,14.0566,11.6301,31.1672,14.0841,14.3598,41.2186,14.0927,17.4376,53.8688,14.0954,20.9137,69.7915,14.0962,24.8432,89.8341,14.0965,29.2879,115.063,14.0966,34.3168,146.819,14.0966,40.0078,186.792,14.0966,46.4487,237.107,14.0966,53.7388,300.44,14.0966,61.9903,380.158,14.0966,71.3301,480.499,14.0966,81.902,606.796,14.0966,93.8685,765.761,14.0966,107.414,965.837,14.0966,122.746,1217.65,14.0966,140.101,1534.57,14.0966,159.745,1933.41,14.0966,181.981,2435.3,14.0966,207.15,3066.85,14.0966,235.64,3861.46,14.0966,267.889,4861.11,14.0966,304.391,6118.54,14.0966,345.709,7699.91,14.0966,392.478,9688.22,14.0966,445.417,12187.5,14.0966,505.339,15327.7,14.0966,573.165,19271.6,14.0966,649.938,24222,14.0966,736.839,30430.9,14.0966,835.202,38211.5,14.0966,946.539,47950.3,14.0966,1072.56,60122.8,14.0966,1215.21,75309.9,14.0966,1376.66,94216.2,14.0966,1559.41,117688,14.0966,1766.26,146729,14.0966,2000.39,182510,14.0966,2265.39,226372,14.0966,2565.33,279806,14.0966,2904.81,344416,14.0966,3289.05,421845,14.0966,3723.93,513667,14.0966,4216.13,621231,14.0966,4773.18,745478,14.0966,5403.64,886744,14.0966,6117.15,1.04457e+06,14.0966,6924.63,1.2176e+06,14.0966,11.7194,11.96,12.6541,13.9321,16.1295,13.6434,16.6097,21.9702,13.9553,19.7532,29.5285,14.0526,23.3844,39.1143,14.0829,27.5423,51.2054,14.0923,32.2796,66.434,14.0953,37.662,85.6061,14.0962,43.7675,109.74,14.0965,50.687,140.119,14.0966,58.5249,178.359,14.0966,67.4005,226.493,14.0966,77.4493,287.08,14.0966,88.8254,363.343,14.0966,101.703,459.336,14.0966,116.281,580.161,14.0966,132.782,732.241,14.0966,151.46,923.655,14.0966,172.603,1164.57,14.0966,196.535,1467.79,14.0966,223.625,1849.39,14.0966,254.288,2329.62,14.0966,288.997,2933.93,14.0966,328.285,3694.33,14.0966,372.755,4651.04,14.0966,423.092,5854.57,14.0966,480.07,7368.38,14.0966,544.564,9272.08,14.0966,617.566,11665.5,14.0966,700.197,14673.6,14.0966,793.729,18452.9,14.0966,899.599,23198.6,14.0966,1019.43,29154.1,14.0966,1155.07,36622.3,14.0966,1308.6,45977.9,14.0966,1482.39,57683.7,14.0966,1679.09,72307.8,14.0966,1901.73,90542.8,14.0966,2153.73,113226,14.0966,2438.97,141360,14.0966,2761.81,176127,14.0966,3127.22,218898,14.0966,3540.81,271226,14.0966,4008.92,334817,14.0966,4538.74,411470,14.0966,5138.38,502973,14.0966,5817.04,610948,14.0966,6585.12,736653,14.0966,7454.39,880741,14.0966,8438.15,1.04302e+06,14.0966,9551.45,1.22224e+06,14.0966,10811.3,1.41602e+06,14.0966,12237,1.62086e+06,14.0966,11.7194,11.96,12.6541,2.21263,4.16949,0.989383,2.67766,5.84076,0.311842,3.14343,7.55825,0.0972771,3.63127,9.58578,0.0303237,4.15787,12.0912,0.00945211,4.73731,15.2286,0.00294633,5.38238,19.1721,0.000918508,6.10553,24.134,0.000286163,6.91951,30.3791,8.92692e-05,7.83792,38.2397,2.78121e-05,8.87555,48.1338,8.65134e-06,10.0489,60.5876,2.7882e-06,11.3761,76.2629,8.29036e-07,12.8779,95.9927,2.4373e-07,14.5775,120.825,4.33068e-09,16.5012,152.08,1.75749e-07,18.6784,191.415,-1.86328e-07,21.1428,240.917,1.91829e-07,23.9322,303.213,-1.81475e-07,27.0895,381.602,7.0186e-08,30.6634,480.231,-2.86769e-08,34.7087,604.316,2.40784e-07,39.2876,760.401,9.87368e-08,44.4705,956.705,1.22263e-07,50.3371,1203.54,-4.31966e-07,56.9776,1513.81,-1.9705e-07,64.494,1903.69,-2.763e-08,73.0018,2393.4,3.9185e-07,82.6317,3008.13,1.35379e-07,93.5318,3779.25,-4.16351e-08,105.869,4745.7,2.06965e-08,119.834,5955.6,-3.18887e-07,135.641,7468.12,-1.48271e-08,153.531,9355.62,2.00739e-07,173.781,11705.8,2.28358e-07,196.701,14624.1,-1.93587e-08,222.642,18235,-2.88101e-07,252.003,22683.4,-2.24732e-07,285.234,28134,8.56806e-09,322.845,34767,2.34258e-07,365.413,42770.9,2.99668e-07,413.588,52327.9,8.28644e-08,468.111,63591.2,-3.07049e-07,529.814,76653.2,-3.1888e-07,599.642,91502.5,-6.72276e-08,678.662,107975,2.26339e-07,768.083,125705,3.69212e-07,869.267,144088,2.04077e-07,983.76,162277,-2.80509e-07,1113.3,179223,-4.22737e-07,1259.87,193777,-1.71951e-07,1425.68,204839,4.55555e-07,11.7194,11.96,12.6541,2.21263,4.16949,0.989383,2.67766,5.84076,0.311842,3.14343,7.55825,0.0972771,3.63127,9.58578,0.0303237,4.15787,12.0912,0.00945211,4.73731,15.2286,0.00294633,5.38238,19.1721,0.000918508,6.10553,24.134,0.000286163,6.91951,30.3791,8.92692e-05,7.83792,38.2397,2.78121e-05,8.87555,48.1338,8.65134e-06,10.0489,60.5876,2.7882e-06,11.3761,76.2629,8.29036e-07,12.8779,95.9927,2.4373e-07,14.5775,120.825,1e-08,16.5012,152.08,1.75749e-07,18.6784,191.415,1e-08,21.1428,240.917,1.91829e-07,23.9322,303.213,1e-08,27.0895,381.602,7.0186e-08,30.6634,480.231,1e-08,34.7087,604.316,2.40784e-07,39.2876,760.401,9.87368e-08,44.4705,956.705,1.22263e-07,50.3371,1203.54,1e-08,56.9776,1513.81,1e-08,64.494,1903.69,1e-08,73.0018,2393.4,3.9185e-07,82.6317,3008.13,1.35379e-07,93.5318,3779.25,1e-08,105.869,4745.7,2.06965e-08,119.834,5955.6,1e-08,135.641,7468.12,1e-08,153.531,9355.62,2.00739e-07,173.781,11705.8,2.28358e-07,196.701,14624.1,1e-08,222.642,18235,1e-08,252.003,22683.4,1e-08,285.234,28134,1e-08,322.845,34767,2.34258e-07,365.413,42770.9,2.99668e-07,413.588,52327.9,8.28644e-08,468.111,63591.2,1e-08,529.814,76653.2,1e-08,599.642,91502.5,1e-08,678.662,107975,2.26339e-07,768.083,125705,3.69212e-07,869.267,144088,2.04077e-07,983.76,162277,1e-08,1113.3,179223,1e-08,1259.87,193777,1e-08,1425.68,204839,4.55555e-07,6.2823,3.27286,2.43537,0.219672,6.18826,2.24117,0.56371,6.87772,2.63624,0.308279,9,16,6,4,1,0,4,7,1,6,15,0,6,14,0,3,19,0,4,15,0,10,15,0,8,23,0,10,31,0,1,26,0,16,19,0,5,31,0,17,40,0,13,42,0,12,147,0,28,209,0,18,322,0,35,257,0,17,253,0,31,416,0,17,821,0,29,370,0,43,1130,0,15,1399,0,64,1119,0,42,1422,0,47,2063,0,50,2400,0,106,2382,0,117,5560,0,122,5079,0,105,5791,0,220,4926,0,66,6864,0,213,13486,0,153,20028,0,183,10131,0,294,9505,0,380,15771,0,223,25463,0,253,59782,0,273,46370,0,642,97146,0,598,101639,0,927,42258,0,819,184719,0,1411,145006,0,323,111754,0,1144,145566,0,1250,402767,0,1314,188545,0,2528,297328,0
-1.05176e+08,1,8.88811e-15,10,1023,0,1.05176e+08,0.528882,1.08665,0.389689,0.145397,0.379329,3.24381,0.161596,0.446195,1.77396,0.159177,1.15e+07,4.49998e+06,6.79999e+06,1.15e+07,4.49997e+06,6.79999e+06,1.15e+07,4.49996e+06,6.79999e+06,1.15e+07,4.49995e+06,6.79999e+06,1.14999e+07,4.49993e+06,6.79999e+06,1.14999e+07,4.49991e+06,6.79999e+06,1.14999e+07,4.49989e+06,6.79999e+06,1.14999e+07,4.49986e+06,6.79999e+06,1.14999e+07,4.49982e+06,6.79999e+06,1.14999e+07,4.49977e+06,6.79999e+06,1.14999e+07,4.49971e+06,6.79999e+06,1.14999e+07,4.49963e+06,6.79999e+06,1.14998e+07,4.49953e+06,6.79999e+06,1.14998e+07,4.49941e+06,6.79999e+06,1.14998e+07,4.49926e+06,6.79999e+06,1.14998e+07,4.49906e+06,6.79999e+06,1.14997e+07,4.49882e+06,6.79999e+06,1.14997e+07,4.49851e+06,6.79999e+06,1.14997e+07,4.49812e+06,6.79999e+06,1.14996e+07,4.49764e+06,6.79999e+06,1.14996e+07,4.49702e+06,6.79999e+06,1.14995e+07,4.49625e+06,6.79999e+06,1.14995e+07,4.49528e+06,6.79999e+06,1.14994e+07,4.49406e+06,6.79999e+06,1.14993e+07,4.49253e+06,6.79999e+06,1.14992e+07,4.49059e+06,6.79999e+06,1.14991e+07,4.48817e+06,6.79999e+06,1.1499e+07,4.48511e+06,6.79999e+06,1.14988e+07,4.48128e+06,6.79999e+06,1.14987e+07,4.47646e+06,6.79999e+06,1.14985e+07,4.47041e+06,6.79999e+06,1.14983e+07,4.46281e+06,6.79999e+06,1.14981e+07,4.4533e+06,6.79999e+06,1.14979e+07,4.44138e+06,6.79999e+06,1.14976e+07,4.42649e+06,6.79999e+06,1.14972e+07,4.40789e+06,6.79999e+06,1.14969e+07,4.38471e+06,6.79999e+06,1.14965e+07,4.35592e+06,6.79999e+06,1.1496e+07,4.32027e+06,6.79999e+06,1.14955e+07,4.27629e+06,6.79999e+06,1.14949e+07,4.22231e+06,6.79999e+06,1.14942e+07,4.15647e+06,6.79999e+06,1.14934e+07,4.07676e+06,6.79999e+06,1.14926e+07,3.98112e+06,6.79999e+06,1.14916e+07,3.86765e+06,6.79999e+06,1.14905e+07,3.73474e+06,6.79999e+06,1.14892e+07,3.58148e+06,6.79999e+06,1.14878e+07,3.40785e+06,6.79999e+06,1.14862e+07,3.21513e+06,6.79999e+06,1.14844e+07,3.00605e+06,6.79999e+06,1.14823e+07,2.7848e+06,6.79999e+06,1.148e+07,2.5568e+06,6.79999e+06,1.14773e+07,2.32825e+06,6.79999e+06,13.5742,8.52444,0.508366,16.8306,13.2585,0.162638,20.0035,17.569,0.0507846,23.2616,22.4214,0.0158319,26.7328,28.3297,0.00493498,30.5212,35.6974,0.00153831,34.7178,44.9473,0.000479527,39.4086,56.5822,0.000149456,44.6796,71.2245,4.66214e-05,50.6209,89.6543,1.45419e-05,57.3297,112.852,4.54748e-06,64.9129,142.051,1.43857e-06,73.4897,178.803,4.36618e-07,83.1934,225.062,1.40153e-07,94.1745,283.286,4.96378e-08,106.602,356.568,1.05434e-07,120.669,448.799,-6.49244e-08,136.59,564.873,1.70148e-07,154.611,710.948,-5.34594e-08,175.008,894.767,1.63407e-07,198.097,1126.06,8.04804e-08,224.231,1417.07,1.14667e-07,253.813,1783.15,-1.71227e-07,287.297,2243.62,-2.88466e-07,325.198,2822.67,-4.33651e-07,368.098,3550.67,7.9318e-08,416.657,4465.65,3.13319e-07,471.621,5615.16,3.4613e-07,533.835,7058.61,-1.19199e-07,604.255,8870.02,-2.79964e-07,683.962,11141.4,-2.30521e-07,774.182,13986.7,-2.55099e-07,876.299,17546.4,1.23585e-07,991.883,21993.1,1.41192e-07,1122.71,27536.7,-9.71886e-08,1270.78,34430.7,-3.68368e-07,1438.38,42977.7,-3.45379e-07,1628.07,53532.7,-3.25328e-09,1842.77,66504.6,2.6362e-07,2085.77,82350.2,2.53445e-07,2360.79,101560,-2.47407e-08,2672.05,124632,-3.80602e-07,3024.31,152018,-4.79005e-07,3422.98,184060,-1.14379e-07,3874.15,220884,2.64297e-07,4384.72,262283,3.44131e-07,4962.49,307576,7.5349e-08,5616.29,355497,-3.63097e-07,6356.1,404126,-6.05442e-07,7193.18,450932,-2.72333e-07,8140.28,492963,2.29675e-07,9211.79,527178,4.3387e-07,10424,550893,-1.0711e-07,10.102,8.06553,2.81012,10.6436,8.57909,0.869423,11.5336,10.2515,0.270869,12.7211,12.7138,0.0844293,14.1823,15.9373,0.0263173,15.9122,20.0383,0.0082035,17.9198,25.2154,0.00255722,20.2244,31.7373,0.000797017,22.8539,39.9486,0.000248622,25.8438,50.2851,7.75492e-05,29.237,63.2963,2.42508e-05,33.0837,79.6738,7.67162e-06,37.4415,100.288,2.32837e-06,42.3767,126.236,7.33e-07,47.9646,158.896,2.79256e-07,54.2906,200.003,9.87351e-09,61.452,251.741,1.61085e-07,69.5585,316.859,-2.47141e-07,78.7347,398.812,8.93552e-08,89.1218,501.948,-2.53231e-07,100.879,631.736,-1.25047e-07,114.188,795.049,-1.78808e-07,129.252,1000.53,2.6733e-07,146.304,1259.03,4.50292e-07,165.605,1584.19,6.76904e-07,187.452,1993.12,-1.23808e-07,212.181,2507.27,-4.89068e-07,240.173,3153.54,-5.40284e-07,271.856,3965.56,1.86061e-07,307.719,4985.38,4.37004e-07,348.313,6265.4,3.59828e-07,394.26,7870.83,3.98192e-07,446.268,9882.51,-1.92908e-07,505.135,12400.3,-2.20392e-07,571.766,15546.9,1.51705e-07,647.184,19472.2,5.74996e-07,732.547,24357.4,5.39112e-07,829.167,30420,5.07815e-09,938.526,37916.3,-4.11492e-07,1062.3,47143.9,-3.9561e-07,1202.4,58439.2,3.86185e-08,1360.96,72169.3,5.94093e-07,1540.42,88715.8,7.47693e-07,1743.53,108445,1.78537e-07,1973.41,131665,-4.12549e-07,2233.57,158557,-5.37164e-07,2528,189103,-1.17615e-07,2861.2,222986,5.66769e-07,3238.27,259510,9.45053e-07,3664.97,297540,4.25093e-07,4147.81,335497,-3.58506e-07,4694.17,371444,-6.7724e-07,5312.37,403256,1.67192e-07,1.61744,3.89446,9.84394,3.28846,7.5504,12.774,5.07607,11.7187,13.6844,7.03202,16.8147,13.9681,9.20215,23.1769,14.0566,11.6301,31.1672,14.0841,14.3598,41.2186,14.0927,17.4376,53.8688,14.0954,20.9137,69.7915,14.0962,24.8432,89.8341,14.0965,29.2879,115.063,14.0966,34.3168,146.819,14.0966,40.0078,186.792,14.0966,46.4487,237.107,14.0966,53.7388,300.44,14.0966,61.9903,380.158,14.0966,71.3301,480.499,14.0966,81.902,606.796,14.0966,93.8685,765.761,14.0966,107.414,965.837,14.0966,122.746,1217.65,14.0966,140.101,1534.57,14.0966,159.745,1933.41,14.0966,181.981,2435.3,14.0966,207.15,3066.85,14.0966,235.64,3861.46,14.0966,267.889,4861.11,14.0966,304.391,6118.54,14.0966,345.709,7699.91,14.0966,392.478,9688.22,14.0966,445.417,12187.5,14.0966,505.339,15327.7,14.0966,573.165,19271.6,14.0966,649.938,24222,14.0966,736.839,30430.9,14.0966,835.202,38211.5,14.0966,946.539,47950.3,14.0966,1072.56,60122.8,14.0966,1215.21,75309.9,14.0966,1376.66,94216.2,14.0966,1559.41,117688,14.0966,1766.26,146729,14.0966,2000.39,182510,14.0966,2265.39,226372,14.0966,2565.33,279806,14.0966,2904.81,344416,14.0966,3289.05,421845,14.0966,3723.93,513667,14.0966,4216.13,621231,14.0966,4773.18,745478,14.0966,5403.64,886744,14.0966,6117.15,1.04457e+06,14.0966,6924.63,1.2176e+06,14.0966,11.7194,11.96,12.6541,13.9321,16.1295,13.6434,16.6097,21.9702,13.9553,19.7532,29.5285,14.0526,23.3844,39.1143,14.0829,27.5423,51.2054,14.0923,32.2796,66.434,14.0953,37.662,85.6061,14.0962,43.7675,109.74,14.0965,50.687,140.119,14.0966,58.5249,178.359,14.0966,67.4005,226.493,14.0966,77.4493,287.08,14.0966,88.8254,363.343,14.0966,101.703,459.336,14.0966,116.281,580.161,14.0966,132.782,732.241,14.0966,151.46,923.655,14.0966,172.603,1164.57,14.0966,196.535,1467.79,14.0966,223.625,1849.39,14.0966,254.288,2329.62,14.0966,288.997,2933.93,14.0966,328.285,3694.33,14.0966,372.755,4651.04,14.0966,423.092,5854.57,14.0966,480.07,7368.38,14.0966,544.564,9272.08,14.0966,617.566,11665.5,14.0966,700.197,14673.6,14.0966,793.729,18452.9,14.0966,899.599,23198.6,14.0966,1019.43,29154.1,14.0966,1155.07,36622.3,14.0966,1308.6,45977.9,14.0966,1482.39,57683.7,14.0966,1679.09,72307.8,14.0966,1901.73,90542.8,14.0966,2153.73,113226,14.0966,2438.97,141360,14.0966,2761.81,176127,14.0966,3127.22,218898,14.0966,3540.81,271226,14.0966,4008.92,334817,14.0966,4538.74,411470,14.0966,5138.38,502973,14.0966,5817.04,610948,14.0966,6585.12,736653,14.0966,7454.39,880741,14.0966,8438.15,1.04302e+06,14.0966,9551.45,1.22224e+06,14.0966,10811.3,1.41602e+06,14.0966,12237,1.62086e+06,14.0966,11.7194,11.96,12.6541,2.21263,4.16949,0.989383,2.67766,5.84076,0.311842,3.14343,7.55825,0.0972771,3.63127,9.58578,0.0303237,4.15787,12.0912,0.00945211,4.73731,15.2286,0.00294633,5.38238,19.1721,0.000918508,6.10553,24.134,0.000286163,6.91951,30.3791,8.92692e-05,7.83792,38.2397,2.78121e-05,8.87555,48.1338,8.65134e-06,10.0489,60.5876,2.7882e-06,11.3761,76.2629,8.29036e-07,12.8779,95.9927,2.4373e-07,14.5775,120.825,4.33068e-09,16.5012,152.08,1.75749e-07,18.6784,191.415,-1.86328e-07,21.1428,240.917,1.91829e-07,23.9322,303.213,-1.81475e-07,27.0895,381.602,7.0186e-08,30.6634,480.231,-2.86769e-08,34.7087,604.316,2.40784e-07,39.2876,760.401,9.87368e-08,44.4705,956.705,1.22263e-07,50.3371,1203.54,-4.31966e-07,56.9776,1513.81,-1.9705e-07,64.494,1903.69,-2.763e-08,73.0018,2393.4,3.9185e-07,82.6317,3008.13,1.35379e-07,93.5318,3779.25,-4.16351e-08,105.869,4745.7,2.06965e-08,119.834,5955.6,-3.18887e-07,135.641,7468.12,-1.48271e-08,153.531,9355.62,2.00739e-07,173.781,11705.8,2.28358e-07,196.701,14624.1,-1.93587e-08,222.642,18235,-2.88101e-07,252.003,22683.4,-2.24732e-07,285.234,28134,8.56806e-09,322.845,34767,2.34258e-07,365.413,42770.9,2.99668e-07,413.588,52327.9,8.28644e-08,468.111,63591.2,-3.07049e-07,529.814,76653.2,-3.1888e-07,599.642,91502.5,-6.72276e-08,678.662,107975,2.26339e-07,768.083,125705,3.69212e-07,869.267,144088,2.04077e-07,983.76,162277,-2.80509e-07,1113.3,179223,-4.22737e-07,1259.87,193777,-1.71951e-07,1425.68,204839,4.55555e-07,11.7194,11.96,12.6541,2.21263,4.16949,0.989383,2.67766,5.84076,0.311842,3.14343,7.55825,0.0972771,3.63127,9.58578,0.0303237,4.15787,12.0912,0.00945211,4.73731,15.2286,0.00294633,5.38238,19.1721,0.000918508,6.10553,24.134,0.000286163,6.91951,30.3791,8.92692e-05,7.83792,38.2397,2.78121e-05,8.87555,48.1338,8.65134e-06,10.0489,60.5876,2.7882e-06,11.3761,76.2629,8.29036e-07,12.8779,95.9927,2.4373e-07,14.5775,120.825,1e-08,16.5012,152.08,1.75749e-07,18.6784,191.415,1e-08,21.1428,240.917,1.91829e-07,23.9322,303.213,1e-08,27.0895,381.602,7.0186e-08,30.6634,480.231,1e-08,34.7087,604.316,2.40784e-07,39.2876,760.401,9.87368e-08,44.4705,956.705,1.22263e-07,50.3371,1203.54,1e-08,56.9776,1513.81,1e-08,64.494,1903.69,1e-08,73.0018,2393.4,3.9185e-07,82.6317,3008.13,1.35379e-07,93.5318,3779.25,1e-08,105.869,4745.7,2.06965e-08,119.834,5955.6,1e-08,135.641,7468.12,1e-08,153.531,9355.62,2.00739e-07,173.781,11705.8,2.28358e-07,196.701,14624.1,1e-08,222.642,18235,1e-08,252.003,22683.4,1e-08,285.234,28134,1e-08,322.845,34767,2.34258e-07,365.413,42770.9,2.99668e-07,413.588,52327.9,8.28644e-08,468.111,63591.2,1e-08,529.814,76653.2,1e-08,599.642,91502.5,1e-08,678.662,107975,2.26339e-07,768.083,125705,3.69212e-07,869.267,144088,2.04077e-07,983.76,162277,1e-08,1113.3,179223,1e-08,1259.87,193777,1e-08,1425.68,204839,4.55555e-07,6.2823,3.27286,2.43537,0.219672,6.18826,2.24117,0.56371,6.87772,2.63624,0.308279,5,6,21,1,1,1,3,15,1,2,5,0,5,14,0,5,11,0,9,14,0,9,21,0,6,25,0,11,19,0,8,37,0,10,64,0,12,76,0,23,124,0,9,80,0,17,182,0,22,153,0,33,419,0,20,375,0,16,188,0,17,189,0,18,413,0,30,522,0,29,505,0,41,479,0,37,1514,0,72,489,0,106,1530,0,72,1679,0,52,3026,0,92,1320,0,56,6538,0,251,5897,0,149,8675,0,137,10547,0,163,5551,0,230,15227,0,158,23542,0,204,19728,0,398,33494,0,296,22987,0,403,67498,0,148,40719,0,276,45167,0,642,51656,0,342,62518,0,849,148437,0,805,96953,0,602,96793,0,1796,132230,0,373,161876,0,878,273260,0,2106,109116,0
-1.05176e+08,1,8.88811e-15,10,1023,0,1.05176e+08,0.528882,1.08665,0.389689,0.145397,0.379329,3.24381,0.161596,0.446195,1.77396,0.159177,1.15e+07,4.49998e+06,6.79999e+06,1.15e+07,4.49997e+06,6.79999e+06,1.15e+07,4.49996e+06,6.79999e+06,1.15e+07,4.49995e+06,6.79999e+06,1.14999e+07,4.49993e+06,6.79999e+06,1.14999e+07,4.49991e+06,6.79999e+06,1.14999e+07,4.49989e+06,6.79999e+06,1.14999e+07,4.49986e+06,6.79999e+06,1.14999e+07,4.49982e+06,6.79999e+06,1.14999e+07,4.49977e+06,6.79999e+06,1.14999e+07,4.49971e+06,6.79999e+06,1.14999e+07,4.49963e+06,6.79999e+06,1.14998e+07,4.49953e+06,6.79999e+06,1.14998e+07,4.49941e+06,6.79999e+06,1.14998e+07,4.49926e+06,6.79999e+06,1.14998e+07,4.49906e+06,6.79999e+06,1.14997e+07,4.49882e+06,6.79999e+06,1.14997e+07,4.49851e+06,6.79999e+06,1.14997e+07,4.49812e+06,6.79999e+06,1.14996e+07,4.49764e+06,6.79999e+06,1.14996e+07,4.49702e+06,6.79999e+06,1.14995e+07,4.49625e+06,6.79999e+06,1.14995e+07,4.49528e+06,6.79999e+06,1.14994e+07,4.49406e+06,6.79999e+06,1.14993e+07,4.49253e+06,6.79999e+06,1.14992e+07,4.49059e+06,6.79999e+06,1.14991e+07,4.48817e+06,6.79999e+06,1.1499e+07,4.48511e+06,6.79999e+06,1.14988e+07,4.48128e+06,6.79999e+06,1.14987e+07,4.47646e+06,6.79999e+06,1.14985e+07,4.47041e+06,6.79999e+06,1.14983e+07,4.46281e+06,6.79999e+06,1.14981e+07,4.4533e+06,6.79999e+06,1.14979e+07,4.44138e+06,6.79999e+06,1.14976e+07,4.42649e+06,6.79999e+06,1.14972e+07,4.40789e+06,6.79999e+06,1.14969e+07,4.38471e+06,6.79999e+06,1.14965e+07,4.35592e+06,6.79999e+06,1.1496e+07,4.32027e+06,6.79999e+06,1.14955e+07,4.27629e+06,6.79999e+06,1.14949e+07,4.22231e+06,6.79999e+06,1.14942e+07,4.15647e+06,6.79999e+06,1.14934e+07,4.07676e+06,6.79999e+06,1.14926e+07,3.98112e+06,6.79999e+06,1.14916e+07,3.86765e+06,6.79999e+06,1.14905e+07,3.73474e+06,6.79999e+06,1.14892e+07,3.58148e+06,6.79999e+06,1.14878e+07,3.40785e+06,6.79999e+06,1.14862e+07,3.21513e+06,6.79999e+06,1.14844e+07,3.00605e+06,6.79999e+06,1.14823e+07,2.7848e+06,6.79999e+06,1.148e+07,2.5568e+06,6.79999e+06,1.14773e+07,2.32825e+06,6.79999e+06,13.5742,8.52444,0.508366,16.8306,13.2585,0.162638,20.0035,17.569,0.0507846,23.2616,22.4214,0.0158319,26.7328,28.3297,0.00493498,30.5212,35.6974,0.00153831,34.7178,44.9473,0.000479527,39.4086,56.5822,0.000149456,44.6796,71.2245,4.66214e-05,50.6209,89.6543,1.45419e-05,57.3297,112.852,4.54748e-06,64.9129,142.051,1.43857e-06,73.4897,178.803,4.36618e-07,83.1934,225.062,1.40153e-07,94.1745,283.286,4.96378e-08,106.602,356.568,1.05434e-07,120.669,448.799,-6.49244e-08,136.59,564.873,1.70148e-07,154.611,710.948,-5.34594e-08,175.008,894.767,1.63407e-07,198.097,1126.06,8.04804e-08,224.231,1417.07,1.14667e-07,253.813,1783.15,-1.71227e-07,287.297,2243.62,-2.88466e-07,325.198,2822.67,-4.33651e-07,368.098,3550.67,7.9318e-08,416.657,4465.65,3.13319e-07,471.621,5615.16,3.4613e-07,533.835,7058.61,-1.19199e-07,604.255,8870.02,-2.79964e-07,683.962,11141.4,-2.30521e-07,774.182,13986.7,-2.55099e-07,876.299,17546.4,1.23585e-07,991.883,21993.1,1.41192e-07,1122.71,27536.7,-9.71886e-08,1270.78,34430.7,-3.68368e-07,1438.38,42977.7,-3.45379e-07,1628.07,53532.7,-3.25328e-09,1842.77,66504.6,2.6362e-07,2085.77,82350.2,2.53445e-07,2360.79,101560,-2.47407e-08,2672.05,124632,-3.80602e-07,3024.31,152018,-4.79005e-07,3422.98,184060,-1.14379e-07,3874.15,220884,2.64297e-07,4384.72,262283,3.44131e-07,4962.49,307576,7.5349e-08,5616.29,355497,-3.63097e-07,6356.1,404126,-6.05442e-07,7193.18,450932,-2.72333e-07,8140.28,492963,2.29675e-07,9211.79,527178,4.3387e-07,10424,550893,-1.0711e-07,10.102,8.06553,2.81012,10.6436,8.57909,0.869423,11.5336,10.2515,0.270869,12.7211,12.7138,0.0844293,14.1823,15.9373,0.0263173,15.9122,20.0383,0.0082035,17.9198,25.2154,0.00255722,20.2244,31.7373,0.000797017,22.8539,39.9486,0.000248622,25.8438,50.2851,7.75492e-05,29.237,63.2963,2.42508e-05,33.0837,79.6738,7.67162e-06,37.4415,100.288,2.32837e-06,42.3767,126.236,7.33e-07,47.9646,158.896,2.79256e-07,54.2906,200.003,9.87351e-09,61.452,251.741,1.61085e-07,69.5585,316.859,-2.47141e-07,78.7347,398.812,8.93552e-08,89.1218,501.948,-2.53231e-07,100.879,631.736,-1.25047e-07,114.188,795.049,-1.78808e-07,129.252,1000.53,2.6733e-07,146.304,1259.03,4.50292e-07,165.605,1584.19,6.76904e-07,187.452,1993.12,-1.23808e-07,212.181,2507.27,-4.89068e-07,240.173,3153.54,-5.40284e-07,271.856,3965.56,1.86061e-07,307.719,4985.38,4.37004e-07,348.313,6265.4,3.59828e-07,394.26,7870.83,3.98192e-07,446.268,9882.51,-1.92908e-07,505.135,12400.3,-2.20392e-07,571.766,15546.9,1.51705e-07,647.184,19472.2,5.74996e-07,732.547,24357.4,5.39112e-07,829.167,30420,5.07815e-09,938.526,37916.3,-4.11492e-07,1062.3,47143.9,-3.9561e-07,1202.4,58439.2,3.86185e-08,1360.96,72169.3,5.94093e-07,1540.42,88715.8,7.47693e-07,1743.53,108445,1.78537e-07,1973.41,131665,-4.12549e-07,2233.57,158557,-5.37164e-07,2528,189103,-1.17615e-07,2861.2,222986,5.66769e-07,3238.27,259510,9.45053e-07,3664.97,297540,4.25093e-07,4147.81,335497,-3.58506e-07,4694.17,371444,-6.7724e-07,5312.37,403256,1.67192e-07,1.61744,3.89446,9.84394,3.28846,7.5504,12.774,5.07607,11.7187,13.6844,7.03202,16.8147,13.9681,9.20215,23.1769,14.0566,11.6301,31.1672,14.0841,14.3598,41.2186,14.0927,17.4376,53.8688,14.0954,20.9137,69.7915,14.0962,24.8432,89.8341,14.0965,29.2879,115.063,14.0966,34.3168,146.819,14.0966,40.0078,186.792,14.0966,46.4487,237.107,14.0966,53.7388,300.44,14.0966,61.9903,380.158,14.0966,71.3301,480.499,14.0966,81.902,606.796,14.0966,93.8685,765.761,14.0966,107.414,965.837,14.0966,122.746,1217.65,14.0966,140.101,1534.57,14.0966,159.745,1933.41,14.0966,181.981,2435.3,14.0966,207.15,3066.85,14.0966,235.64,3861.46,14.0966,267.889,4861.11,14.0966,304.391,6118.54,14.0966,345.709,7699.91,14.0966,392.478,9688.22,14.0966,445.417,12187.5,14.0966,505.339,15327.7,14.0966,573.165,19271.6,14.0966,649.938,24222,14.0966,736.839,30430.9,14.0966,835.202,38211.5,14.0966,946.539,47950.3,14.0966,1072.56,60122.8,14.0966,1215.21,75309.9,14.0966,1376.66,94216.2,14.0966,1559.41,117688,14.0966,1766.26,146729,14.0966,2000.39,182510,14.0966,2265.39,226372,14.0966,2565.33,279806,14.0966,2904.81,344416,14.0966,3289.05,421845,14.0966,3723.93,513667,14.0966,4216.13,621231,14.0966,4773.18,745478,14.0966,5403.64,886744,14.0966,6117.15,1.04457e+06,14.0966,6924.63,1.2176e+06,14.0966,11.7194,11.96,12.6541,13.9321,16.1295,13.6434,16.6097,21.9702,13.9553,19.7532,29.5285,14.0526,23.3844,39.1143,14.0829,27.5423,51.2054,14.0923,32.2796,66.434,14.0953,37.662,85.6061,14.0962,43.7675,109.74,14.0965,50.687,140.119,14.0966,58.5249,178.359,14.0966,67.4005,226.493,14.0966,77.4493,287.08,14.0966,88.8254,363.343,14.0966,101.703,459.336,14.0966,116.281,580.161,14.0966,132.782,732.241,14.0966,151.46,923.655,14.0966,172.603,1164.57,14.0966,196.535,1467.79,14.0966,223.625,1849.39,14.0966,254.288,2329.62,14.0966,288.997,2933.93,14.0966,328.285,3694.33,14.0966,372.755,4651.04,14.0966,423.092,5854.57,14.0966,480.07,7368.38,14.0966,544.564,9272.08,14.0966,617.566,11665.5,14.0966,700.197,14673.6,14.0966,793.729,18452.9,14.0966,899.599,23198.6,14.0966,1019.43,29154.1,14.0966,1155.07,36622.3,14.0966,1308.6,45977.9,14.0966,1482.39,57683.7,14.0966,1679.09,72307.8,14.0966,1901.73,90542.8,14.0966,2153.73,113226,14.0966,2438.97,141360,14.0966,2761.81,176127,14.0966,3127.22,218898,14.0966,3540.81,271226,14.0966,4008.92,334817,14.0966,4538.74,411470,14.0966,5138.38,502973,14.0966,5817.04,610948,14.0966,6585.12,736653,14.0966,7454.39,880741,14.0966,8438.15,1.04302e+06,14.0966,9551.45,1.22224e+06,14.0966,10811.3,1.41602e+06,14.0966,12237,1.62086e+06,14.0966,11.7194,11.96,12.6541,2.21263,4.16949,0.989383,2.67766,5.84076,0.311842,3.14343,7.55825,0.0972771,3.63127,9.58578,0.0303237,4.15787,12.0912,0.00945211,4.73731,15.2286,0.00294633,5.38238,19.1721,0.000918508,6.10553,24.134,0.000286163,6.91951,30.3791,8.92692e-05,7.83792,38.2397,2.78121e-05,8.87555,48.1338,8.65134e-06,10.0489,60.5876,2.7882e-06,11.3761,76.2629,8.29036e-07,12.8779,95.9927,2.4373e-07,14.5775,120.825,4.33068e-09,16.5012,152.08,1.75749e-07,18.6784,191.415,-1.86328e-07,21.1428,240.917,1.91829e-07,23.9322,303.213,-1.81475e-07,27.0895,381.602,7.0186e-08,30.6634,480.231,-2.86769e-08,34.7087,604.316,2.40784e-07,39.2876,760.401,9.87368e-08,44.4705,956.705,1.22263e-07,50.3371,1203.54,-4.31966e-07,56.9776,1513.81,-1.9705e-07,64.494,1903.69,-2.763e-08,73.0018,2393.4,3.9185e-07,82.6317,3008.13,1.35379e-07,93.5318,3779.25,-4.16351e-08,105.869,4745.7,2.06965e-08,119.834,5955.6,-3.18887e-07,135.641,7468.12,-1.48271e-08,153.531,9355.62,2.00739e-07,173.781,11705.8,2.28358e-07,196.701,14624.1,-1.93587e-08,222.642,18235,-2.88101e-07,252.003,22683.4,-2.24732e-07,285.234,28134,8.56806e-09,322.845,34767,2.34258e-07,365.413,42770.9,2.99668e-07,413.588,52327.9,8.28644e-08,468.111,63591.2,-3.07049e-07,529.814,76653.2,-3.1888e-07,599.642,91502.5,-6.72276e-08,678.662,107975,2.26339e-07,768.083,125705,3.69212e-07,869.267,144088,2.04077e-07,983.76,162277,-2.80509e-07,1113.3,179223,-4.22737e-07,1259.87,193777,-1.71951e-07,1425.68,204839,4.55555e-07,11.7194,11.96,12.6541,2.21263,4.16949,0.989383,2.67766,5.84076,0.311842,3.14343,7.55825,0.0972771,3.63127,9.58578,0.0303237,4.15787,12.0912,0.00945211,4.73731,15.2286,0.00294633,5.38238,19.1721,0.000918508,6.10553,24.134,0.000286163,6.91951,30.3791,8.92692e-05,7.83792,38.2397,2.78121e-05,8.87555,48.1338,8.65134e-06,10.0489,60.5876,2.7882e-06,11.3761,76.2629,8.29036e-07,12.8779,95.9927,2.4373e-07,14.5775,120.825,1e-08,16.5012,152.08,1.75749e-07,18.6784,191.415,1e-08,21.1428,240.917,1.91829e-07,23.9322,303.213,1e-08,27.0895,381.602,7.0186e-08,30.6634,480.231,1e-08,34.7087,604.316,2.40784e-07,39.2876,760.401,9.87368e-08,44.4705,956.705,1.22263e-07,50.3371,1203.54,1e-08,56.9776,1513.81,1e-08,64.494,1903.69,1e-08,73.0018,2393.4,3.9185e-07,82.6317,3008.13,1.35379e-07,93.5318,3779.25,1e-08,105.869,4745.7,2.06965e-08,119.834,5955.6,1e-08,135.641,7468.12,1e-08,153.531,9355.62,2.00739e-07,173.781,11705.8,2.28358e-07,196.701,14624.1,1e-08,222.642,18235,1e-08,252.003,22683.4,1e-08,285.234,28134,1e-08,322.845,34767,2.34258e-07,365.413,42770.9,2.99668e-07,413.588,52327.9,8.28644e-08,468.111,63591.2,1e-08,529.814,76653.2,1e-08,599.642,91502.5,1e-08,678.662,107975,2.26339e-07,768.083,125705,3.69212e-07,869.267,144088,2.04077e-07,983.76,162277,1e-08,1113.3,179223,1e-08,1259.87,193777,1e-08,1425.68,204839,4.55555e-07,6.2823,3.27286,2.43537,0.219672,6.18826,2.24117,0.56371,6.87772,2.63624,0.308279,18,8,12,0,2,0,2,7,0,2,5,0,4,10,0,2,15,0,8,11,0,10,20,0,10,29,0,5,36,0,11,29,0,9,56,0,14,57,0,13,75,0,37,95,0,14,86,0,1,329,0,31,133,0,21,261,0,20,167,0,23,384,0,28,337,0,41,450,0,33,746,0,38,1184,0,53,1116,0,52,2751,0,91,1644,0,28,4716,0,77,1640,0,65,3779,0,42,8964,0,76,5756,0,70,11290,0,74,6155,0,179,6554,0,158,12823,0,215,9219,0,179,20599,0,150,30868,0,346,48092,0,449,76942,0,397,61772,0,329,51930,0,62,88940,0,695,97406,0,847,61781,0,668,276442,0,656,83626,0,599,167545,0,978,55737,0,1428,371921,0,745,320731,0
-1.05176e+08,1,8.88811e-15,10,1023,0,1.05176e+08,0.528882,1.08665,0.389689,0.145397,0.379329,3.24381,0.161596,0.446195,1.77396,0.159177,1.15e+07,4.49998e+06,6.79999e+06,1.15e+07,4.49997e+06,6.79999e+06,1.15e+07,4.49996e+06,6.79999e+06,1.15e+07,4.49995e+06,6.79999e+06,1.14999e+07,4.49993e+06,6.79999e+06,1.14999e+07,4.49991e+06,6.79999e+06,1.14999e+07,4.49989e+06,6.79999e+06,1.14999e+07,4.49986e+06,6.79999e+06,1.14999e+07,4.49982e+06,6.79999e+06,1.14999e+07,4.49977e+06,6.79999e+06,1.14999e+07,4.49971e+06,6.79999e+06,1.14999e+07,4.49963e+06,6.79999e+06,1.14998e+07,4.49953e+06,6.79999e+06,1.14998e+07,4.49941e+06,6.79999e+06,1.14998e+07,4.49926e+06,6.79999e+06,1.14998e+07,4.49906e+06,6.79999e+06,1.14997e+07,4.49882e+06,6.79999e+06,1.14997e+07,4.49851e+06,6.79999e+06,1.14997e+07,4.49812e+06,6.79999e+06,1.14996e+07,4.49764e+06,6.79999e+06,1.14996e+07,4.49702e+06,6.79999e+06,1.14995e+07,4.49625e+06,6.79999e+06,1.14995e+07,4.49528e+06,6.79999e+06,1.14994e+07,4.49406e+06,6.79999e+06,1.14993e+07,4.49253e+06,6.79999e+06,1.14992e+07,4.49059e+06,6.79999e+06,1.14991e+07,4.48817e+06,6.79999e+06,1.1499e+07,4.48511e+06,6.79999e+06,1.14988e+07,4.48128e+06,6.79999e+06,1.14987e+07,4.47646e+06,6.79999e+06,1.14985e+07,4.47041e+06,6.79999e+06,1.14983e+07,4.46281e+06,6.79999e+06,1.14981e+07,4.4533e+06,6.79999e+06,1.14979e+07,4.44138e+06,6.79999e+06,1.14976e+07,4.42649e+06,6.79999e+06,1.14972e+07,4.40789e+06,6.79999e+06,1.14969e+07,4.38471e+06,6.79999e+06,1.14965e+07,4.35592e+06,6.79999e+06,1.1496e+07,4.32027e+06,6.79999e+06,1.14955e+07,4.27629e+06,6.79999e+06,1.14949e+07,4.22231e+06,6.79999e+06,1.14942e+07,4.15647e+06,6.79999e+06,1.14934e+07,4.07676e+06,6.79999e+06,1.14926e+07,3.98112e+06,6.79999e+06,1.14916e+07,3.86765e+06,6.79999e+06,1.14905e+07,3.73474e+06,6.79999e+06,1.14892e+07,3.58148e+06,6.79999e+06,1.14878e+07,3.40785e+06,6.79999e+06,1.14862e+07,3.21513e+06,6.79999e+06,1.14844e+07,3.00605e+06,6.79999e+06,1.14823e+07,2.7848e+06,6.79999e+06,1.148e+07,2.5568e+06,6.79999e+06,1.14773e+07,2.32825e+06,6.79999e+06,13.5742,8.52444,0.508366,16.8306,13.2585,0.162638,20.0035,17.569,0.0507846,23.2616,22.4214,0.0158319,26.7328,28.3297,0.00493498,30.5212,35.6974,0.00153831,34.7178,44.9473,0.000479527,39.4086,56.5822,0.000149456,44.6796,71.2245,4.66214e-05,50.6209,89.6543,1.45419e-05,57.3297,112.852,4.54748e-06,64.9129,142.051,1.43857e-06,73.4897,178.803,4.36618e-07,83.1934,225.062,1.40153e-07,94.1745,283.286,4.96378e-08,106.602,356.568,1.05434e-07,120.669,448.799,-6.49244e-08,136.59,564.873,1.70148e-07,154.611,710.948,-5.34594e-08,175.008,894.767,1.63407e-07,198.097,1126.06,8.04804e-08,224.231,1417.07,1.14667e-07,253.813,1783.15,-1.71227e-07,287.297,2243.62,-2.88466e-07,325.198,2822.67,-4.33651e-07,368.098,3550.67,7.9318e-08,416.657,4465.65,3.13319e-07,471.621,5615.16,3.4613e-07,533.835,7058.61,-1.19199e-07,604.255,8870.02,-2.79964e-07,683.962,11141.4,-2.30521e-07,774.182,13986.7,-2.55099e-07,876.299,17546.4,1.23585e-07,991.883,21993.1,1.41192e-07,1122.71,27536.7,-9.71886e-08,1270.78,34430.7,-3.68368e-07,1438.38,42977.7,-3.45379e-07,1628.07,53532.7,-3.25328e-09,1842.77,66504.6,2.6362e-07,2085.77,82350.2,2.53445e-07,2360.79,101560,-2.47407e-08,2672.05,124632,-3.80602e-07,3024.31,152018,-4.79005e-07,3422.98,184060,-1.14379e-07,3874.15,220884,2.64297e-07,4384.72,262283,3.44131e-07,4962.49,307576,7.5349e-08,5616.29,355497,-3.63097e-07,6356.1,404126,-6.05442e-07,7193.18,450932,-2.72333e-07,8140.28,492963,2.29675e-07,9211.79,527178,4.3387e-07,10424,550893,-1.0711e-07,10.102,8.06553,2.81012,10.6436,8.57909,0.869423,11.5336,10.2515,0.270869,12.7211,12.7138,0.0844293,14.1823,15.9373,0.0263173,15.9122,20.0383,0.0082035,17.9198,25.2154,0.00255722,20.2244,31.7373,0.000797017,22.8539,39.9486,0.000248622,25.8438,50.2851,7.75492e-05,29.237,63.2963,2.42508e-05,33.0837,79.6738,7.67162e-06,37.4415,100.288,2.32837e-06,42.3767,126.236,7.33e-07,47.9646,158.896,2.79256e-07,54.2906,200.003,9.87351e-09,61.452,251.741,1.61085e-07,69.5585,316.859,-2.47141e-07,78.7347,398.812,8.93552e-08,89.1218,501.948,-2.53231e-07,100.879,631.736,-1.25047e-07,114.188,795.049,-1.78808e-07,129.252,1000.53,2.6733e-07,146.304,1259.03,4.50292e-07,165.605,1584.19,6.76904e-07,187.452,1993.12,-1.23808e-07,212.181,2507.27,-4.89068e-07,240.173,3153.54,-5.40284e-07,271.856,3965.56,1.86061e-07,307.719,4985.38,4.37004e-07,348.313,6265.4,3.59828e-07,394.26,7870.83,3.98192e-07,446.268,9882.51,-1.92908e-07,505.135,12400.3,-2.20392e-07,571.766,15546.9,1.51705e-07,647.184,19472.2,5.74996e-07,732.547,24357.4,5.39112e-07,829.167,30420,5.07815e-09,938.526,37916.3,-4.11492e-07,1062.3,47143.9,-3.9561e-07,1202.4,58439.2,3.86185e-08,1360.96,72169.3,5.94093e-07,1540.42,88715.8,7.47693e-07,1743.53,108445,1.78537e-07,1973.41,131665,-4.12549e-07,2233.57,158557,-5.37164e-07,2528,189103,-1.17615e-07,2861.2,222986,5.66769e-07,3238.27,259510,9.45053e-07,3664.97,297540,4.25093e-07,4147.81,335497,-3.58506e-07,4694.17,371444,-6.7724e-07,5312.37,403256,1.67192e-07,1.61744,3.89446,9.84394,3.28846,7.5504,12.774,5.07607,11.7187,13.6844,7.03202,16.8147,13.9681,9.20215,23.1769,14.0566,11.6301,31.1672,14.0841,14.3598,41.2186,14.0927,17.4376,53.8688,14.0954,20.9137,69.7915,14.0962,24.8432,89.8341,14.0965,29.2879,115.063,14.0966,34.3168,146.819,14.0966,40.0078,186.792,14.0966,46.4487,237.107,14.0966,53.7388,300.44,14.0966,61.9903,380.158,14.0966,71.3301,480.499,14.0966,81.902,606.796,14.0966,93.8685,765.761,14.0966,107.414,965.837,14.0966,122.746,1217.65,14.0966,140.101,1534.57,14.0966,159.745,1933.41,14.0966,181.981,2435.3,14.0966,207.15,3066.85,14.0966,235.64,3861.46,14.0966,267.889,4861.11,14.0966,304.391,6118.54,14.0966,345.709,7699.91,14.0966,392.478,9688.22,14.0966,445.417,12187.5,14.0966,505.339,15327.7,14.0966,573.165,19271.6,14.0966,649.938,24222,14.0966,736.839,30430.9,14.0966,835.202,38211.5,14.0966,946.539,47950.3,14.0966,1072.56,60122.8,14.0966,1215.21,75309.9,14.0966,1376.66,94216.2,14.0966,1559.41,117688,14.0966,1766.26,146729,14.0966,2000.39,182510,14.0966,2265.39,226372,14.0966,2565.33,279806,14.0966,2904.81,344416,14.0966,3289.05,421845,14.0966,3723.93,513667,14.0966,4216.13,621231,14.0966,4773.18,745478,14.0966,5403.64,886744,14.0966,6117.15,1.04457e+06,14.0966,6924.63,1.2176e+06,14.0966,11.7194,11.96,12.6541,13.9321,16.1295,13.6434,16.6097,21.9702,13.9553,19.7532,29.5285,14.0526,23.3844,39.1143,14.0829,27.5423,51.2054,14.0923,32.2796,66.434,14.0953,37.662,85.6061,14.0962,43.7675,109.74,14.0965,50.687,140.119,14.0966,58.5249,178.359,14.0966,67.4005,226.493,14.0966,77.4493,287.08,14.0966,88.8254,363.343,14.0966,101.703,459.336,14.0966,116.281,580.161,14.0966,132.782,732.241,14.0966,151.46,923.655,14.0966,172.603,1164.57,14.0966,196.535,1467.79,14.0966,223.625,1849.39,14.0966,254.288,2329.62,14.0966,288.997,2933.93,14.0966,328.285,3694.33,14.0966,372.755,4651.04,14.0966,423.092,5854.57,14.0966,480.07,7368.38,14.0966,544.564,9272.08,14.0966,617.566,11665.5,14.0966,700.197,14673.6,14.0966,793.729,18452.9,14.0966,899.599,23198.6,14.0966,1019.43,29154.1,14.0966,1155.07,36622.3,14.0966,1308.6,45977.9,14.0966,1482.39,57683.7,14.0966,1679.09,72307.8,14.0966,1901.73,90542.8,14.0966,2153.73,113226,14.0966,2438.97,141360,14.0966,2761.81,176127,14.0966,3127.22,218898,14.0966,3540.81,271226,14.0966,4008.92,334817,14.0966,4538.74,411470,14.0966,5138.38,502973,14.0966,5817.04,610948,14.0966,6585.12,736653,14.0966,7454.39,880741,14.0966,8438.15,1.04302e+06,14.0966,9551.45,1.22224e+06,14.0966,10811.3,1.41602e+06,14.0966,12237,1.62086e+06,14.0966,11.7194,11.96,12.6541,2.21263,4.16949,0.989383,2.67766,5.84076,0.311842,3.14343,7.55825,0.0972771,3.63127,9.58578,0.0303237,4.15787,12.0912,0.00945211,4.73731,15.2286,0.00294633,5.38238,19.1721,0.000918508,6.10553,24.134,0.000286163,6.91951,30.3791,8.92692e-05,7.83792,38.2397,2.78121e-05,8.87555,48.1338,8.65134e-06,10.0489,60.5876,2.7882e-06,11.3761,76.2629,8.29036e-07,12.8779,95.9927,2.4373e-07,14.5775,120.825,4.33068e-09,16.5012,152.08,1.75749e-07,18.6784,191.415,-1.86328e-07,21.1428,240.917,1.91829e-07,23.9322,303.213,-1.81475e-07,27.0895,381.602,7.0186e-08,30.6634,480.231,-2.86769e-08,34.7087,604.316,2.40784e-07,39.2876,760.401,9.87368e-08,44.4705,956.705,1.22263e-07,50.3371,1203.54,-4.31966e-07,56.9776,1513.81,-1.9705e-07,64.494,1903.69,-2.763e-08,73.0018,2393.4,3.9185e-07,82.6317,3008.13,1.35379e-07,93.5318,3779.25,-4.16351e-08,105.869,4745.7,2.06965e-08,119.834,5955.6,-3.18887e-07,135.641,7468.12,-1.48271e-08,153.531,9355.62,2.00739e-07,173.781,11705.8,2.28358e-07,196.701,14624.1,-1.93587e-08,222.642,18235,-2.88101e-07,252.003,22683.4,-2.24732e-07,285.234,28134,8.56806e-09,322.845,34767,2.34258e-07,365.413,42770.9,2.99668e-07,413.588,52327.9,8.28644e-08,468.111,63591.2,-3.07049e-07,529.814,76653.2,-3.1888e-07,599.642,91502.5,-6.72276e-08,678.662,107975,2.26339e-07,768.083,125705,3.69212e-07,869.267,144088,2.04077e-07,983.76,162277,-2.80509e-07,1113.3,179223,-4.22737e-07,1259.87,193777,-1.71951e-07,1425.68,204839,4.55555e-07,11.7194,11.96,12.6541,2.21263,4.16949,0.989383,2.67766,5.84076,0.311842,3.14343,7.55825,0.0972771,3.63127,9.58578,0.0303237,4.15787,12.0912,0.00945211,4.73731,15.2286,0.00294633,5.38238,19.1721,0.000918508,6.10553,24.134,0.000286163,6.91951,30.3791,8.92692e-05,7.83792,38.2397,2.78121e-05,8.87555,48.1338,8.65134e-06,10.0489,60.5876,2.7882e-06,11.3761,76.2629,8.29036e-07,12.8779,95.9927,2.4373e-07,14.5775,120.825,1e-08,16.5012,152.08,1.75749e-07,18.6784,191.415,1e-08,21.1428,240.917,1.91829e-07,23.9322,303.213,1e-08,27.0895,381.602,7.0186e-08,30.6634,480.231,1e-08,34.7087,604.316,2.40784e-07,39.2876,760.401,9.87368e-08,44.4705,956.705,1.22263e-07,50.3371,1203.54,1e-08,56.9776,1513.81,1e-08,64.494,1903.69,1e-08,73.0018,2393.4,3.9185e-07,82.6317,3008.13,1.35379e-07,93.5318,3779.25,1e-08,105.869,4745.7,2.06965e-08,119.834,5955.6,1e-08,135.641,7468.12,1e-08,153.531,9355.62,2.00739e-07,173.781,11705.8,2.28358e-07,196.701,14624.1,1e-08,222.642,18235,1e-08,252.003,22683.4,1e-08,285.234,28134,1e-08,322.845,34767,2.34258e-07,365.413,42770.9,2.99668e-07,413.588,52327.9,8.28644e-08,468.111,63591.2,1e-08,529.814,76653.2,1e-08,599.642,91502.5,1e-08,678.662,107975,2.26339e-07,768.083,125705,3.69212e-07,869.267,144088,2.04077e-07,983.76,162277,1e-08,1113.3,179223,1e-08,1259.87,193777,1e-08,1425.68,204839,4.55555e-07,6.2823,3.27286,2.43537,0.219672,6.18826,2.24117,0.56371,6.87772,2.63624,0.308279,5,14,13,3,1,1,7,2,0,4,9,0,4,5,0,5,10,0,2,26,0,1,9,0,6,18,0,5,18,0,9,42,0,10,42,0,12,61,0,13,52,0,10,147,0,8,122,0,2,58,0,14,274,0,7,183,0,19,128,0,44,828,0,31,454,0,30,326,0,53,668,0,35,1382,0,51,1103,0,76,1299,0,84,1337,0,50,2711,0,34,2126,0,93,2824,0,78,2674,0,137,3247,0,110,8892,0,190,7892,0,90,8844,0,184,10841,0,212,35934,0,347,35117,0,332,39524,0,430,42271,0,445,63281,0,424,45954,0,569,40809,0,426,140380,0,639,55942,0,1088,105235,0,1432,111844,0,431,176168,0,1849,141766,0,654,216622,0,2858,80933,0,1377,215078,0
-1.05176e+08,1,8.88811e-15,10,1023,0,1.05176e+08,0.528882,1.08665,0.389689,0.145397,0.379329,3.24381,0.161596,0.446195,1.77396,0.159177,1.15e+07,4.49998e+06,6.79999e+06,1.15e+07,4.49997e+06,6.79999e+06,1.15e+07,4.49996e+06,6.79999e+06,1.15e+07,4.49995e+06,6.79999e+06,1.14999e+07,4.49993e+06,6.79999e+06,1.14999e+07,4.49991e+06,6.79999e+06,1.14999e+07,4.49989e+06,6.79999e+06,1.14999e+07,4.49986e+06,6.79999e+06,1.14999e+07,4.49982e+06,6.79999e+06,1.14999e+07,4.49977e+06,6.79999e+06,1.14999e+07,4.49971e+06,6.79999e+06,1.14999e+07,4.49963e+06,6.79999e+06,1.14998e+07,4.49953e+06,6.79999e+06,1.14998e+07,4.49941e+06,6.79999e+06,1.14998e+07,4.49926e+06,6.79999e+06,1.14998e+07,4.49906e+06,6.79999e+06,1.14997e+07,4.49882e+06,6.79999e+06,1.14997e+07,4.49851e+06,6.79999e+06,1.14997e+07,4.49812e+06,6.79999e+06,1.14996e+07,4.49764e+06,6.79999e+06,1.14996e+07,4.49702e+06,6.79999e+06,1.14995e+07,4.49625e+06,6.79999e+06,1.14995e+07,4.49528e+06,6.79999e+06,1.14994e+07,4.49406e+06,6.79999e+06,1.14993e+07,4.49253e+06,6.79999e+06,1.14992e+07,4.49059e+06,6.79999e+06,1.14991e+07,4.48817e+06,6.79999e+06,1.1499e+07,4.48511e+06,6.79999e+06,1.14988e+07,4.48128e+06,6.79999e+06,1.14987e+07,4.47646e+06,6.79999e+06,1.14985e+07,4.47041e+06,6.79999e+06,1.14983e+07,4.46281e+06,6.79999e+06,1.14981e+07,4.4533e+06,6.79999e+06,1.14979e+07,4.44138e+06,6.79999e+06,1.14976e+07,4.42649e+06,6.79999e+06,1.14972e+07,4.40789e+06,6.79999e+06,1.14969e+07,4.38471e+06,6.79999e+06,1.14965e+07,4.35592e+06,6.79999e+06,1.1496e+07,4.32027e+06,6.79999e+06,1.14955e+07,4.27629e+06,6.79999e+06,1.14949e+07,4.22231e+06,6.79999e+06,1.14942e+07,4.15647e+06,6.79999e+06,1.14934e+07,4.07676e+06,6.79999e+06,1.14926e+07,3.98112e+06,6.79999e+06,1.14916e+07,3.86765e+06,6.79999e+06,1.14905e+07,3.73474e+06,6.79999e+06,1.14892e+07,3.58148e+06,6.79999e+06,1.14878e+07,3.40785e+06,6.79999e+06,1.14862e+07,3.21513e+06,6.79999e+06,1.14844e+07,3.00605e+06,6.79999e+06,1.14823e+07,2.7848e+06,6.79999e+06,1.148e+07,2.5568e+06,6.79999e+06,1.14773e+07,2.32825e+06,6.79999e+06,13.5742,8.52444,0.508366,16.8306,13.2585,0.162638,20.0035,17.569,0.0507846,23.2616,22.4214,0.0158319,26.7328,28.3297,0.00493498,30.5212,35.6974,0.00153831,34.7178,44.9473,0.000479527,39.4086,56.5822,0.000149456,44.6796,71.2245,4.66214e-05,50.6209,89.6543,1.45419e-05,57.3297,112.852,4.54748e-06,64.9129,142.051,1.43857e-06,73.4897,178.803,4.36618e-07,83.1934,225.062,1.40153e-07,94.1745,283.286,4.96378e-08,106.602,356.568,1.05434e-07,120.669,448.799,-6.49244e-08,136.59,564.873,1.70148e-07,154.611,710.948,-5.34594e-08,175.008,894.767,1.63407e-07,198.097,1126.06,8.04804e-08,224.231,1417.07,1.14667e-07,253.813,1783.15,-1.71227e-07,287.297,2243.62,-2.88466e-07,325.198,2822.67,-4.33651e-07,368.098,3550.67,7.9318e-08,416.657,4465.65,3.13319e-07,471.621,5615.16,3.4613e-07,533.835,7058.61,-1.19199e-07,604.255,8870.02,-2.79964e-07,683.962,11141.4,-2.30521e-07,774.182,13986.7,-2.55099e-07,876.299,17546.4,1.23585e-07,991.883,21993.1,1.41192e-07,1122.71,27536.7,-9.71886e-08,1270.78,34430.7,-3.68368e-07,1438.38,42977.7,-3.45379e-07,1628.07,53532.7,-3.25328e-09,1842.77,66504.6,2.6362e-07,2085.77,82350.2,2.53445e-07,2360.79,101560,-2.47407e-08,2672.05,124632,-3.80602e-07,3024.31,152018,-4.79005e-07,3422.98,184060,-1.14379e-07,3874.15,220884,2.64297e-07,4384.72,262283,3.44131e-07,4962.49,307576,7.5349e-08,5616.29,355497,-3.63097e-07,6356.1,404126,-6.05442e-07,7193.18,450932,-2.72333e-07,8140.28,492963,2.29675e-07,9211.79,527178,4.3387e-07,10424,550893,-1.0711e-07,10.102,8.06553,2.81012,10.6436,8.57909,0.869423,11.5336,10.2515,0.270869,12.7211,12.7138,0.0844293,14.1823,15.9373,0.0263173,15.9122,20.0383,0.0082035,17.9198,25.2154,0.00255722,20.2244,31.7373,0.000797017,22.8539,39.9486,0.000248622,25.8438,50.2851,7.75492e-05,29.237,63.2963,2.42508e-05,33.0837,79.6738,7.67162e-06,37.4415,100.288,2.32837e-06,42.3767,126.236,7.33e-07,47.9646,158.896,2.79256e-07,54.2906,200.003,9.87351e-09,61.452,251.741,1.61085e-07,69.5585,316.859,-2.47141e-07,78.7347,398.812,8.93552e-08,89.1218,501.948,-2.53231e-07,100.879,631.736,-1.25047e-07,114.188,795.049,-1.78808e-07,129.252,1000.53,2.6733e-07,146.304,1259.03,4.50292e-07,165.605,1584.19,6.76904e-07,187.452,1993.12,-1.23808e-07,212.181,2507.27,-4.89068e-07,240.173,3153.54,-5.40284e-07,271.856,3965.56,1.86061e-07,307.719,4985.38,4.37004e-07,348.313,6265.4,3.59828e-07,394.26,7870.83,3.98192e-07,446.268,9882.51,-1.92908e-07,505.135,12400.3,-2.20392e-07,571.766,15546.9,1.51705e-07,647.184,19472.2,5.74996e-07,732.547,24357.4,5.39112e-07,829.167,30420,5.07815e-09,938.526,37916.3,-4.11492e-07,1062.3,47143.9,-3.9561e-07,1202.4,58439.2,3.86185e-08,1360.96,72169.3,5.94093e-07,1540.42,88715.8,7.47693e-07,1743.53,108445,1.78537e-07,1973.41,131665,-4.12549e-07,2233.57,158557,-5.37164e-07,2528,189103,-1.17615e-07,2861.2,222986,5.66769e-07,3238.27,259510,9.45053e-07,3664.97,297540,4.25093e-07,4147.81,335497,-3.58506e-07,4694.17,371444,-6.7724e-07,5312.37,403256,1.67192e-07,1.61744,3.89446,9.84394,3.28846,7.5504,12.774,5.07607,11.7187,13.6844,7.03202,16.8147,13.9681,9.20215,23.1769,14.0566,11.6301,31.1672,14.0841,14.3598,41.2186,14.0927,17.4376,53.8688,14.0954,20.9137,69.7915,14.0962,24.8432,89.8341,14.0965,29.2879,115.063,14.0966,34.3168,146.819,14.0966,40.0078,186.792,14.0966,46.4487,237.107,14.0966,53.7388,300.44,14.0966,61.9903,380.158,14.0966,71.3301,480.499,14.0966,81.902,606.796,14.0966,93.8685,765.761,14.0966,107.414,965.837,14.0966,122.746,1217.65,14.0966,140.101,1534.57,14.0966,159.745,1933.41,14.0966,181.981,2435.3,14.0966,207.15,3066.85,14.0966,235.64,3861.46,14.0966,267.889,4861.11,14.0966,304.391,6118.54,14.0966,345.709,7699.91,14.0966,392.478,9688.22,14.0966,445.417,12187.5,14.0966,505.339,15327.7,14.0966,573.165,19271.6,14.0966,649.938,24222,14.0966,736.839,30430.9,14.0966,835.202,38211.5,14.0966,946.539,47950.3,14.0966,1072.56,60122.8,14.0966,1215.21,75309.9,14.0966,1376.66,94216.2,14.0966,1559.41,117688,14.0966,1766.26,146729,14.0966,2000.39,182510,14.0966,2265.39,226372,14.0966,2565.33,279806,14.0966,2904.81,344416,14.0966,3289.05,421845,14.0966,3723.93,513667,14.0966,4216.13,621231,14.0966,4773.18,745478,14.0966,5403.64,886744,14.0966,6117.15,1.04457e+06,14.0966,6924.63,1.2176e+06,14.0966,11.7194,11.96,12.6541,13.9321,16.1295,13.6434,16.6097,21.9702,13.9553,19.7532,29.5285,14.0526,23.3844,39.1143,14.0829,27.5423,51.2054,14.0923,32.2796,66.434,14.0953,37.662,85.6061,14.0962,43.7675,109.74,14.0965,50.687,140.119,14.0966,58.5249,178.359,14.0966,67.4005,226.493,14.0966,77.4493,287.08,14.0966,88.8254,363.343,14.0966,101.703,459.336,14.0966,116.281,580.161,14.0966,132.782,732.241,14.0966,151.46,923.655,14.0966,172.603,1164.57,14.0966,196.535,1467.79,14.0966,223.625,1849.39,14.0966,254.288,2329.62,14.0966,288.997,2933.93,14.0966,328.285,3694.33,14.0966,372.755,4651.04,14.0966,423.092,5854.57,14.0966,480.07,7368.38,14.0966,544.564,9272.08,14.0966,617.566,11665.5,14.0966,700.197,14673.6,14.0966,793.729,18452.9,14.0966,899.599,23198.6,14.0966,1019.43,29154.1,14.0966,1155.07,36622.3,14.0966,1308.6,45977.9,14.0966,1482.39,57683.7,14.0966,1679.09,72307.8,14.0966,1901.73,90542.8,14.0966,2153.73,113226,14.0966,2438.97,141360,14.0966,2761.81,176127,14.0966,3127.22,218898,14.0966,3540.81,271226,14.0966,4008.92,334817,14.0966,4538.74,411470,14.0966,5138.38,502973,14.0966,5817.04,610948,14.0966,6585.12,736653,14.0966,7454.39,880741,14.0966,8438.15,1.04302e+06,14.0966,9551.45,1.22224e+06,14.0966,10811.3,1.41602e+06,14.0966,12237,1.62086e+06,14.0966,11.7194,11.96,12.6541,2.21263,4.16949,0.989383,2.67766,5.84076,0.311842,3.14343,7.55825,0.0972771,3.63127,9.58578,0.0303237,4.15787,12.0912,0.00945211,4.73731,15.2286,0.00294633,5.38238,19.1721,0.000918508,6.10553,24.134,0.000286163,6.91951,30.3791,8.92692e-05,7.83792,38.2397,2.78121e-05,8.87555,48.1338,8.65134e-06,10.0489,60.5876,2.7882e-06,11.3761,76.2629,8.29036e-07,12.8779,95.9927,2.4373e-07,14.5775,120.825,4.33068e-09,16.5012,152.08,1.75749e-07,18.6784,191.415,-1.86328e-07,21.1428,240.917,1.91829e-07,23.9322,303.213,-1.81475e-07,27.0895,381.602,7.0186e-08,30.6634,480.231,-2.86769e-08,34.7087,604.316,2.40784e-07,39.2876,760.401,9.87368e-08,44.4705,956.705,1.22263e-07,50.3371,1203.54,-4.31966e-07,56.9776,1513.81,-1.9705e-07,64.494,1903.69,-2.763e-08,73.0018,2393.4,3.9185e-07,82.6317,3008.13,1.35379e-07,93.5318,3779.25,-4.16351e-08,105.869,4745.7,2.06965e-08,119.834,5955.6,-3.18887e-07,135.641,7468.12,-1.48271e-08,153.531,9355.62,2.00739e-07,173.781,11705.8,2.28358e-07,196.701,14624.1,-1.93587e-08,222.642,18235,-2.88101e-07,252.003,22683.4,-2.24732e-07,285.234,28134,8.56806e-09,322.845,34767,2.34258e-07,365.413,42770.9,2.99668e-07,413.588,52327.9,8.28644e-08,468.111,63591.2,-3.07049e-07,529.814,76653.2,-3.1888e-07,599.642,91502.5,-6.72276e-08,678.662,107975,2.26339e-07,768.083,125705,3.69212e-07,869.267,144088,2.04077e-07,983.76,162277,-2.80509e-07,1113.3,179223,-4.22737e-07,1259.87,193777,-1.71951e-07,1425.68,204839,4.55555e-07,11.7194,11.96,12.6541,2.21263,4.16949,0.989383,2.67766,5.84076,0.311842,3.14343,7.55825,0.0972771,3.63127,9.58578,0.0303237,4.15787,12.0912,0.00945211,4.73731,15.2286,0.00294633,5.38238,19.1721,0.000918508,6.10553,24.134,0.000286163,6.91951,30.3791,8.92692e-05,7.83792,38.2397,2.78121e-05,8.87555,48.1338,8.65134e-06,10.0489,60.5876,2.7882e-06,11.3761,76.2629,8.29036e-07,12.8779,95.9927,2.4373e-07,14.5775,120.825,1e-08,16.5012,152.08,1.75749e-07,18.6784,191.415,1e-08,21.1428,240.917,1.91829e-07,23.9322,303.213,1e-08,27.0895,381.602,7.0186e-08,30.6634,480.231,1e-08,34.7087,604.316,2.40784e-07,39.2876,760.401,9.87368e-08,44.4705,956.705,1.22263e-07,50.3371,1203.54,1e-08,56.9776,1513.81,1e-08,64.494,1903.69,1e-08,73.0018,2393.4,3.9185e-07,82.6317,3008.13,1.35379e-07,93.5318,3779.25,1e-08,105.869,4745.7,2.06965e-08,119.834,5955.6,1e-08,135.641,7468.12,1e-08,153.531,9355.62,2.00739e-07,173.781,11705.8,2.28358e-07,196.701,14624.1,1e-08,222.642,18235,1e-08,252.003,22683.4,1e-08,285.234,28134,1e-08,322.845,34767,2.34258e-07,365.413,42770.9,2.99668e-07,413.588,52327.9,8.28644e-08,468.111,63591.2,1e-08,529.814,76653.2,1e-08,599.642,91502.5,1e-08,678.662,107975,2.26339e-07,768.083,125705,3.69212e-07,869.267,144088,2.04077e-07,983.76,162277,1e-08,1113.3,179223,1e-08,1259.87,193777,1e-08,1425.68,204839,4.55555e-07,6.2823,3.27286,2.43537,0.219672,6.18826,2.24117,0.56371,6.87772,2.63624,0.308279,6,24,21,4,4,1,2,4,0,10,3,0,5,11,0,0,12,0,1,24,0,3,13,0,10,16,0,8,45,0,3,14,0,14,59,0,30,65,0,22,58,0,20,84,0,12,108,0,13,150,0,17,110,0,13,582,0,9,603,0,11,338,0,48,372,0,27,538,0,34,509,0,28,1122,0,37,559,0,43,1041,0,42,728,0,49,2148,0,55,4162,0,127,1647,0,102,5532,0,125,8385,0,77,7778,0,91,8157,0,128,7433,0,187,16243,0,121,10788,0,335,46691,0,259,20008,0,279,28341,0,454,44456,0,235,50075,0,578,54379,0,249,64344,0,487,131833,0,678,149452,0,931,140385,0,1758,153739,0,662,159045,0,1212,174914,0,1369,162482,0,2373,97535,0
-1.05176e+08,0.999999,8.88811e-15,10,1023,0,1.05176e+08,0.528882,1.08665,0.389689,0.145397,0.379329,3.24381,0.161596,0.446195,1.77396,0.159177,1.15e+07,4.49998e+06,6.79999e+06,1.15e+07,4.49997e+06,6.79999e+06,1.15e+07,4.49996e+06,6.79999e+06,1.15e+07,4.49995e+06,6.79999e+06,1.14999e+07,4.49993e+06,6.79999e+06,1.14999e+07,4.49991e+06,6.79999e+06,1.14999e+07,4.49989e+06,6.79999e+06,1.14999e+07,4.49986e+06,6.79999e+06,1.14999e+07,4.49982e+06,6.79999e+06,1.14999e+07,4.49977e+06,6.79999e+06,1.14999e+07,4.49971e+06,6.79999e+06,1.14999e+07,4.49963e+06,6.79999e+06,1.14998e+07,4.49953e+06,6.79999e+06,1.14998e+07,4.49941e+06,6.79999e+06,1.14998e+07,4.49926e+06,6.79999e+06,1.14998e+07,4.49906e+06,6.79999e+06,1.14997e+07,4.49882e+06,6.79999e+06,1.14997e+07,4.49851e+06,6.79999e+06,1.14997e+07,4.49812e+06,6.79999e+06,1.14996e+07,4.49764e+06,6.79999e+06,1.14996e+07,4.49702e+06,6.79999e+06,1.14995e+07,4.49625e+06,6.79999e+06,1.14995e+07,4.49528e+06,6.79999e+06,1.14994e+07,4.49406e+06,6.79999e+06,1.14993e+07,4.49253e+06,6.79999e+06,1.14992e+07,4.49059e+06,6.79999e+06,1.14991e+07,4.48817e+06,6.79999e+06,1.1499e+07,4.48511e+06,6.79999e+06,1.14988e+07,4.48128e+06,6.79999e+06,1.14987e+07,4.47646e+06,6.79999e+06,1.14985e+07,4.47041e+06,6.79999e+06,1.14983e+07,4.46281e+06,6.79999e+06,1.14981e+07,4.4533e+06,6.79999e+06,1.14979e+07,4.44138e+06,6.79999e+06,1.14976e+07,4.42649e+06,6.79999e+06,1.14972e+07,4.40789e+06,6.79999e+06,1.14969e+07,4.38471e+06,6.79999e+06,1.14965e+07,4.35592e+06,6.79999e+06,1.1496e+07,4.32027e+06,6.79999e+06,1.14955e+07,4.27629e+06,6.79999e+06,1.14949e+07,4.22231e+06,6.79999e+06,1.14942e+07,4.15647e+06,6.79999e+06,1.14934e+07,4.07676e+06,6.79999e+06,1.14926e+07,3.98112e+06,6.79999e+06,1.14916e+07,3.86765e+06,6.79999e+06,1.14905e+07,3.73474e+06,6.79999e+06,1.14892e+07,3.58148e+06,6.79999e+06,1.14878e+07,3.40785e+06,6.79999e+06,1.14862e+07,3.21513e+06,6.79999e+06,1.14844e+07,3.00605e+06,6.79999e+06,1.14823e+07,2.7848e+06,6.79999e+06,1.148e+07,2.5568e+06,6.79999e+06,1.14773e+07,2.32825e+06,6.79999e+06,13.5742,8.52444,0.508366,16.8306,13.2585,0.162638,20.0035,17.569,0.0507846,23.2616,22.4214,0.0158319,26.7328,28.3297,0.00493498,30.5212,35.6974,0.00153831,34.7178,44.9473,0.000479527,39.4086,56.5822,0.000149456,44.6796,71.2245,4.66214e-05,50.6209,89.6543,1.45419e-05,57.3297,112.852,4.54748e-06,64.9129,142.051,1.43857e-06,73.4897,178.803,4.36618e-07,83.1934,225.062,1.40153e-07,94.1745,283.286,4.96378e-08,106.602,356.568,1.05434e-07,120.669,448.799,-6.49244e-08,136.59,564.873,1.70148e-07,154.611,710.948,-5.34594e-08,175.008,894.767,1.63407e-07,198.097,1126.06,8.04804e-08,224.231,1417.07,1.14667e-07,253.813,1783.15,-1.71227e-07,287.297,2243.62,-2.88466e-07,325.198,2822.67,-4.33651e-07,368.098,3550.67,7.9318e-08,416.657,4465.65,3.13319e-07,471.621,5615.16,3.4613e-07,533.835,7058.61,-1.19199e-07,604.255,8870.02,-2.79964e-07,683.962,11141.4,-2.30521e-07,774.182,13986.7,-2.55099e-07,876.299,17546.4,1.23585e-07,991.883,21993.1,1.41192e-07,1122.71,27536.7,-9.71886e-08,1270.78,34430.7,-3.68368e-07,1438.38,42977.7,-3.45379e-07,1628.07,53532.7,-3.25328e-09,1842.77,66504.6,2.6362e-07,2085.77,82350.2,2.53445e-07,2360.79,101560,-2.47407e-08,2672.05,124632,-3.80602e-07,3024.31,152018,-4.79005e-07,3422.98,184060,-1.14379e-07,3874.15,220884,2.64297e-07,4384.72,262283,3.44131e-07,4962.49,307576,7.5349e-08,5616.29,355497,-3.63097e-07,6356.1,404126,-6.05442e-07,7193.18,450932,-2.72333e-07,8140.28,492963,2.29675e-07,9211.79,527178,4.3387e-07,10424,550893,-1.0711e-07,10.102,8.06553,2.81012,10.6436,8.57909,0.869423,11.5336,10.2515,0.270869,12.7211,12.7138,0.0844293,14.1823,15.9373,0.0263173,15.9122,20.0383,0.0082035,17.9198,25.2154,0.00255722,20.2244,31.7373,0.000797017,22.8539,39.9486,0.000248622,25.8438,50.2851,7.75492e-05,29.237,63.2963,2.42508e-05,33.0837,79.6738,7.67162e-06,37.4415,100.288,2.32837e-06,42.3767,126.236,7.33e-07,47.9646,158.896,2.79256e-07,54.2906,200.003,9.87351e-09,61.452,251.741,1.61085e-07,69.5585,316.859,-2.47141e-07,78.7347,398.812,8.93552e-08,89.1218,501.948,-2.53231e-07,100.879,631.736,-1.25047e-07,114.188,795.049,-1.78808e-07,129.252,1000.53,2.6733e-07,146.304,1259.03,4.50292e-07,165.605,1584.19,6.76904e-07,187.452,1993.12,-1.23808e-07,212.181,2507.27,-4.89068e-07,240.173,3153.54,-5.40284e-07,271.856,3965.56,1.86061e-07,307.719,4985.38,4.37004e-07,348.313,6265.4,3.59828e-07,394.26,7870.83,3.98192e-07,446.268,9882.51,-1.92908e-07,505.135,12400.3,-2.20392e-07,571.766,15546.9,1.51705e-07,647.184,19472.2,5.74996e-07,732.547,24357.4,5.39112e-07,829.167,30420,5.07815e-09,938.526,37916.3,-4.11492e-07,1062.3,47143.9,-3.9561e-07,1202.4,58439.2,3.86185e-08,1360.96,72169.3,5.94093e-07,1540.42,88715.8,7.47693e-07,1743.53,108445,1.78537e-07,1973.41,131665,-4.12549e-07,2233.57,158557,-5.37164e-07,2528,189103,-1.17615e-07,2861.2,222986,5.66769e-07,3238.27,259510,9.45053e-07,3664.97,297540,4.25093e-07,4147.81,335497,-3.58506e-07,4694.17,371444,-6.7724e-07,5312.37,403256,1.67192e-07,1.61744,3.89446,9.84394,3.28846,7.5504,12.774,5.07607,11.7187,13.6844,7.03202,16.8147,13.9681,9.20215,23.1769,14.0566,11.6301,31.1672,14.0841,14.3598,41.2186,14.0927,17.4376,53.8688,14.0954,20.9137,69.7915,14.0962,24.8432,89.8341,14.0965,29.2879,115.063,14.0966,34.3168,146.819,14.0966,40.0078,186.792,14.0966,46.4487,237.107,14.0966,53.7388,300.44,14.0966,61.9903,380.158,14.0966,71.3301,480.499,14.0966,81.902,606.796,14.0966,93.8685,765.761,14.0966,107.414,965.837,14.0966,122.746,1217.65,14.0966,140.101,1534.57,14.0966,159.745,1933.41,14.0966,181.981,2435.3,14.0966,207.15,3066.85,14.0966,235.64,3861.46,14.0966,267.889,4861.11,14.0966,304.391,6118.54,14.0966,345.709,7699.91,14.0966,392.478,9688.22,14.0966,445.417,12187.5,14.0966,505.339,15327.7,14.0966,573.165,19271.6,14.0966,649.938,24222,14.0966,736.839,30430.9,14.0966,835.202,38211.5,14.0966,946.539,47950.3,14.0966,1072.56,60122.8,14.0966,1215.21,75309.9,14.0966,1376.66,94216.2,14.0966,1559.41,117688,14.0966,1766.26,146729,14.0966,2000.39,182510,14.0966,2265.39,226372,14.0966,2565.33,279806,14.0966,2904.81,344416,14.0966,3289.05,421845,14.0966,3723.93,513667,14.0966,4216.13,621231,14.0966,4773.18,745478,14.0966,5403.64,886744,14.0966,6117.15,1.04457e+06,14.0966,6924.63,1.2176e+06,14.0966,11.7194,11.96,12.6541,13.9321,16.1295,13.6434,16.6097,21.9702,13.9553,19.7532,29.5285,14.0526,23.3844,39.1143,14.0829,27.5423,51.2054,14.0923,32.2796,66.434,14.0953,37.662,85.6061,14.0962,43.7675,109.74,14.0965,50.687,140.119,14.0966,58.5249,178.359,14.0966,67.4005,226.493,14.0966,77.4493,287.08,14.0966,88.8254,363.343,14.0966,101.703,459.336,14.0966,116.281,580.161,14.0966,132.782,732.241,14.0966,151.46,923.655,14.0966,172.603,1164.57,14.0966,196.535,1467.79,14.0966,223.625,1849.39,14.0966,254.288,2329.62,14.0966,288.997,2933.93,14.0966,328.285,3694.33,14.0966,372.755,4651.04,14.0966,423.092,5854.57,14.0966,480.07,7368.38,14.0966,544.564,9272.08,14.0966,617.566,11665.5,14.0966,700.197,14673.6,14.0966,793.729,18452.9,14.0966,899.599,23198.6,14.0966,1019.43,29154.1,14.0966,1155.07,36622.3,14.0966,1308.6,45977.9,14.0966,1482.39,57683.7,14.0966,1679.09,72307.8,14.0966,1901.73,90542.8,14.0966,2153.73,113226,14.0966,2438.97,141360,14.0966,2761.81,176127,14.0966,3127.22,218898,14.0966,3540.81,271226,14.0966,4008.92,334817,14.0966,4538.74,411470,14.0966,5138.38,502973,14.0966,5817.04,610948,14.0966,6585.12,736653,14.0966,7454.39,880741,14.0966,8438.15,1.04302e+06,14.0966,9551.45,1.22224e+06,14.0966,10811.3,1.41602e+06,14.0966,12237,1.62086e+06,14.0966,11.7194,11.96,12.6541,2.21263,4.16949,0.989383,2.67766,5.84076,0.311842,3.14343,7.55825,0.0972771,3.63127,9.58578,0.0303237,4.15787,12.0912,0.00945211,4.73731,15.2286,0.00294633,5.38238,19.1721,0.000918508,6.10553,24.134,0.000286163,6.91951,30.3791,8.92692e-05,7.83792,38.2397,2.78121e-05,8.87555,48.1338,8.65134e-06,10.0489,60.5876,2.7882e-06,11.3761,76.2629,8.29036e-07,12.8779,95.9927,2.4373e-07,14.5775,120.825,4.33068e-09,16.5012,152.08,1.75749e-07,18.6784,191.415,-1.86328e-07,21.1428,240.917,1.91829e-07,23.9322,303.213,-1.81475e-07,27.0895,381.602,7.0186e-08,30.6634,480.231,-2.86769e-08,34.7087,604.316,2.40784e-07,39.2876,760.401,9.87368e-08,44.4705,956.705,1.22263e-07,50.3371,1203.54,-4.31966e-07,56.9776,1513.81,-1.9705e-07,64.494,1903.69,-2.763e-08,73.0018,2393.4,3.9185e-07,82.6317,3008.13,1.35379e-07,93.5318,3779.25,-4.16351e-08,105.869,4745.7,2.06965e-08,119.834,5955.6,-3.18887e-07,135.641,7468.12,-1.48271e-08,153.531,9355.62,2.00739e-07,173.781,11705.8,2.28358e-07,196.701,14624.1,-1.93587e-08,222.642,18235,-2.88101e-07,252.003,22683.4,-2.24732e-07,285.234,28134,8.56806e-09,322.845,34767,2.34258e-07,365.413,42770.9,2.99668e-07,413.588,52327.9,8.28644e-08,468.111,63591.2,-3.07049e-07,529.814,76653.2,-3.1888e-07,599.642,91502.5,-6.72276e-08,678.662,107975,2.26339e-07,768.083,125705,3.69212e-07,869.267,144088,2.04077e-07,983.76,162277,-2.80509e-07,1113.3,179223,-4.22737e-07,1259.87,193777,-1.71951e-07,1425.68,204839,4.55555e-07,11.7194,11.96,12.6541,2.21263,4.16949,0.989383,2.67766,5.84076,0.311842,3.14343,7.55825,0.0972771,3.63127,9.58578,0.0303237,4.15787,12.0912,0.00945211,4.73731,15.2286,0.00294633,5.38238,19.1721,0.000918508,6.10553,24.134,0.000286163,6.91951,30.3791,8.92692e-05,7.83792,38.2397,2.78121e-05,8.87555,48.1338,8.65134e-06,10.0489,60.5876,2.7882e-06,11.3761,76.2629,8.29036e-07,12.8779,95.9927,2.4373e-07,14.5775,120.825,1e-08,16.5012,152.08,1.75749e-07,18.6784,191.415,1e-08,21.1428,240.917,1.91829e-07,23.9322,303.213,1e-08,27.0895,381.602,7.0186e-08,30.6634,480.231,1e-08,34.7087,604.316,2.40784e-07,39.2876,760.401,9.87368e-08,44.4705,956.705,1.22263e-07,50.3371,1203.54,1e-08,56.9776,1513.81,1e-08,64.494,1903.69,1e-08,73.0018,2393.4,3.9185e-07,82.6317,3008.13,1.35379e-07,93.5318,3779.25,1e-08,105.869,4745.7,2.06965e-08,119.834,5955.6,1e-08,135.641,7468.12,1e-08,153.531,9355.62,2.00739e-07,173.781,11705.8,2.28358e-07,196.701,14624.1,1e-08,222.642,18235,1e-08,252.003,22683.4,1e-08,285.234,28134,1e-08,322.845,34767,2.34258e-07,365.413,42770.9,2.99668e-07,413.588,52327.9,8.28644e-08,468.111,63591.2,1e-08,529.814,76653.2,1e-08,599.642,91502.5,1e-08,678.662,107975,2.26339e-07,768.083,125705,3.69212e-07,869.267,144088,2.04077e-07,983.76,162277,1e-08,1113.3,179223,1e-08,1259.87,193777,1e-08,1425.68,204839,4.55555e-07,6.2823,3.27286,2.43537,0.219672,6.18826,2.24117,0.56371,6.87772,2.63624,0.308279,18,11,21,4,6,1,2,6,1,3,9,0,5,6,0,13,16,0,1,6,0,1,16,0,5,37,0,8,15,0,4,75,0,8,85,0,9,100,0,14,64,0,16,84,0,7,191,0,12,270,0,23,98,0,4,420,0,29,240,0,36,281,0,28,455,0,52,661,0,32,1025,0,49,1004,0,36,1510,0,75,1571,0,129,1126,0,55,3123,0,33,4926,0,46,3433,0,110,5286,0,93,5695,0,124,5117,0,307,12398,0,181,10815,0,69,9272,0,164,9967,0,147,7046,0,186,20457,0,143,37846,0,323,75870,0,275,35022,0,287,43769,0,453,79381,0,444,105589,0,1220,63472,0,1469,140280,0,443,126503,0,809,112803,0,646,147958,0,513,94627,0,1321,221938,0
-1.05176e+08,1,8.88811e-15,10,1023,0,1.05176e+08,0.528882,1.08665,0.389689,0.145397,0.379329,3.24381,0.161596,0.446195,1.77396,0.159177,1.15e+07,4.49998e+06,6.79999e+06,1.15e+07,4.49997e+06,6.79999e+06,1.15e+07,4.49996e+06,6.79999e+06,1.15e+07,4.49995e+06,6.79999e+06,1.14999e+07,4.49993e+06,6.79999e+06,1.14999e+07,4.49991e+06,6.79999e+06,1.14999e+07,4.49989e+06,6.79999e+06,1.14999e+07,4.49986e+06,6.79999e+06,1.14999e+07,4.49982e+06,6.79999e+06,1.14999e+07,4.49977e+06,6.79999e+06,1.14999e+07,4.49971e+06,6.79999e+06,1.14999e+07,4.49963e+06,6.79999e+06,1.14998e+07,4.49953e+06,6.79999e+06,1.14998e+07,4.49941e+06,6.79999e+06,1.14998e+07,4.49926e+06,6.79999e+06,1.14998e+07,4.49906e+06,6.79999e+06,1.14997e+07,4.49882e+06,6.79999e+06,1.14997e+07,4.49851e+06,6.79999e+06,1.14997e+07,4.49812e+06,6.79999e+06,1.14996e+07,4.49764e+06,6.79999e+06,1.14996e+07,4.49702e+06,6.79999e+06,1.14995e+07,4.49625e+06,6.79999e+06,1.14995e+07,4.49528e+06,6.79999e+06,1.14994e+07,4.49406e+06,6.79999e+06,1.14993e+07,4.49253e+06,6.79999e+06,1.14992e+07,4.49059e+06,6.79999e+06,1.14991e+07,4.48817e+06,6.79999e+06,1.1499e+07,4.48511e+06,6.79999e+06,1.14988e+07,4.48128e+06,6.79999e+06,1.14987e+07,4.47646e+06,6.79999e+06,1.14985e+07,4.47041e+06,6.79999e+06,1.14983e+07,4.46281e+06,6.79999e+06,1.14981e+07,4.4533e+06,6.79999e+06,1.14979e+07,4.44138e+06,6.79999e+06,1.14976e+07,4.42649e+06,6.79999e+06,1.14972e+07,4.40789e+06,6.79999e+06,1.14969e+07,4.38471e+06,6.79999e+06,1.14965e+07,4.35592e+06,6.79999e+06,1.1496e+07,4.32027e+06,6.79999e+06,1.14955e+07,4.27629e+06,6.79999e+06,1.14949e+07,4.22231e+06,6.79999e+06,1.14942e+07,4.15647e+06,6.79999e+06,1.14934e+07,4.07676e+06,6.79999e+06,1.14926e+07,3.98112e+06,6.79999e+06,1.14916e+07,3.86765e+06,6.79999e+06,1.14905e+07,3.73474e+06,6.79999e+06,1.14892e+07,3.58148e+06,6.79999e+06,1.14878e+07,3.40785e+06,6.79999e+06,1.14862e+07,3.21513e+06,6.79999e+06,1.14844e+07,3.00605e+06,6.79999e+06,1.14823e+07,2.7848e+06,6.79999e+06,1.148e+07,2.5568e+06,6.79999e+06,1.14773e+07,2.32825e+06,6.79999e+06,13.5742,8.52444,0.508366,16.8306,13.2585,0.162638,20.0035,17.569,0.0507846,23.2616,22.4214,0.0158319,26.7328,28.3297,0.00493498,30.5212,35.6974,0.00153831,34.7178,44.9473,0.000479527,39.4086,56.5822,0.000149456,44.6796,71.2245,4.66214e-05,50.6209,89.6543,1.45419e-05,57.3297,112.852,4.54748e-06,64.9129,142.051,1.43857e-06,73.4897,178.803,4.36618e-07,83.1934,225.062,1.40153e-07,94.1745,283.286,4.96378e-08,106.602,356.568,1.05434e-07,120.669,448.799,-6.49244e-08,136.59,564.873,1.70148e-07,154.611,710.948,-5.34594e-08,175.008,894.767,1.63407e-07,198.097,1126.06,8.04804e-08,224.231,1417.07,1.14667e-07,253.813,1783.15,-1.71227e-07,287.297,2243.62,-2.88466e-07,325.198,2822.67,-4.33651e-07,368.098,3550.67,7.9318e-08,416.657,4465.65,3.13319e-07,471.621,5615.16,3.4613e-07,533.835,7058.61,-1.19199e-07,604.255,8870.02,-2.79964e-07,683.962,11141.4,-2.30521e-07,774.182,13986.7,-2.55099e-07,876.299,17546.4,1.23585e-07,991.883,21993.1,1.41192e-07,1122.71,27536.7,-9.71886e-08,1270.78,34430.7,-3.68368e-07,1438.38,42977.7,-3.45379e-07,1628.07,53532.7,-3.25328e-09,1842.77,66504.6,2.6362e-07,2085.77,82350.2,2.53445e-07,2360.79,101560,-2.47407e-08,2672.05,124632,-3.80602e-07,3024.31,152018,-4.79005e-07,3422.98,184060,-1.14379e-07,3874.15,220884,2.64297e-07,4384.72,262283,3.44131e-07,4962.49,307576,7.5349e-08,5616.29,355497,-3.63097e-07,6356.1,404126,-6.05442e-07,7193.18,450932,-2.72333e-07,8140.28,492963,2.29675e-07,9211.79,527178,4.3387e-07,10424,550893,-1.0711e-07,10.102,8.06553,2.81012,10.6436,8.57909,0.869423,11.5336,10.2515,0.270869,12.7211,12.7138,0.0844293,14.1823,15.9373,0.0263173,15.9122,20.0383,0.0082035,17.9198,25.2154,0.00255722,20.2244,31.7373,0.000797017,22.8539,39.9486,0.000248622,25.8438,50.2851,7.75492e-05,29.237,63.2963,2.42508e-05,33.0837,79.6738,7.67162e-06,37.4415,100.288,2.32837e-06,42.3767,126.236,7.33e-07,47.9646,158.896,2.79256e-07,54.2906,200.003,9.87351e-09,61.452,251.741,1.61085e-07,69.5585,316.859,-2.47141e-07,78.7347,398.812,8.93552e-08,89.1218,501.948,-2.53231e-07,100.879,631.736,-1.25047e-07,114.188,795.049,-1.78808e-07,129.252,1000.53,2.6733e-07,146.304,1259.03,4.50292e-07,165.605,1584.19,6.76904e-07,187.452,1993.12,-1.23808e-07,212.181,2507.27,-4.89068e-07,240.173,3153.54,-5.40284e-07,271.856,3965.56,1.86061e-07,307.719,4985.38,4.37004e-07,348.313,6265.4,3.59828e-07,394.26,7870.83,3.98192e-07,446.268,9882.51,-1.92908e-07,505.135,12400.3,-2.20392e-07,571.766,15546.9,1.51705e-07,647.184,19472.2,5.74996e-07,732.547,24357.4,5.39112e-07,829.167,30420,5.07815e-09,938.526,37916.3,-4.11492e-07,1062.3,47143.9,-3.9561e-07,1202.4,58439.2,3.86185e-08,1360.96,72169.3,5.94093e-07,1540.42,88715.8,7.47693e-07,1743.53,108445,1.78537e-07,1973.41,131665,-4.12549e-07,2233.57,158557,-5.37164e-07,2528,189103,-1.17615e-07,2861.2,222986,5.66769e-07,3238.27,259510,9.45053e-07,3664.97,297540,4.25093e-07,4147.81,335497,-3.58506e-07,4694.17,371444,-6.7724e-07,5312.37,403256,1.67192e-07,1.61744,3.89446,9.84394,3.28846,7.5504,12.774,5.07607,11.7187,13.6844,7.03202,16.8147,13.9681,9.20215,23.1769,14.0566,11.6301,31.1672,14.0841,14.3598,41.2186,14.0927,17.4376,53.8688,14.0954,20.9137,69.7915,14.0962,24.8432,89.8341,14.0965,29.2879,115.063,14.0966,34.3168,146.819,14.0966,40.0078,186.792,14.0966,46.4487,237.107,14.0966,53.7388,300.44,14.0966,61.9903,380.158,14.0966,71.3301,480.499,14.0966,81.902,606.796,14.0966,93.8685,765.761,14.0966,107.414,965.837,14.0966,122.746,1217.65,14.0966,140.101,1534.57,14.0966,159.745,1933.41,14.0966,181.981,2435.3,14.0966,207.15,3066.85,14.0966,235.64,3861.46,14.0966,267.889,4861.11,14.0966,304.391,6118.54,14.0966,345.709,7699.91,14.0966,392.478,9688.22,14.0966,445.417,12187.5,14.0966,505.339,15327.7,14.0966,573.165,19271.6,14.0966,649.938,24222,14.0966,736.839,30430.9,14.0966,835.202,38211.5,14.0966,946.539,47950.3,14.0966,1072.56,60122.8,14.0966,1215.21,75309.9,14.0966,1376.66,94216.2,14.0966,1559.41,117688,14.0966,1766.26,146729,14.0966,2000.39,182510,14.0966,2265.39,226372,14.0966,2565.33,279806,14.0966,2904.81,344416,14.0966,3289.05,421845,14.0966,3723.93,513667,14.0966,4216.13,621231,14.0966,4773.18,745478,14.0966,5403.64,886744,14.0966,6117.15,1.04457e+06,14.0966,6924.63,1.2176e+06,14.0966,11.7194,11.96,12.6541,13.9321,16.1295,13.6434,16.6097,21.9702,13.9553,19.7532,29.5285,14.0526,23.3844,39.1143,14.0829,27.5423,51.2054,14.0923,32.2796,66.434,14.0953,37.662,85.6061,14.0962,43.7675,109.74,14.0965,50.687,140.119,14.0966,58.5249,178.359,14.0966,67.4005,226.493,14.0966,77.4493,287.08,14.0966,88.8254,363.343,14.0966,101.703,459.336,14.0966,116.281,580.161,14.0966,132.782,732.241,14.0966,151.46,923.655,14.0966,172.603,1164.57,14.0966,196.535,1467.79,14.0966,223.625,1849.39,14.0966,254.288,2329.62,14.0966,288.997,2933.93,14.0966,328.285,3694.33,14.0966,372.755,4651.04,14.0966,423.092,5854.57,14.0966,480.07,7368.38,14.0966,544.564,9272.08,14.0966,617.566,11665.5,14.0966,700.197,14673.6,14.0966,793.729,18452.9,14.0966,899.599,23198.6,14.0966,1019.43,29154.1,14.0966,1155.07,36622.3,14.0966,1308.6,45977.9,14.0966,1482.39,57683.7,14.0966,1679.09,72307.8,14.0966,1901.73,90542.8,14.0966,2153.73,113226,14.0966,2438.97,141360,14.0966,2761.81,176127,14.0966,3127.22,218898,14.0966,3540.81,271226,14.0966,4008.92,334817,14.0966,4538.74,411470,14.0966,5138.38,502973,14.0966,5817.04,610948,14.0966,6585.12,736653,14.0966,7454.39,880741,14.0966,8438.15,1.04302e+06,14.0966,9551.45,1.22224e+06,14.0966,10811.3,1.41602e+06,14.0966,12237,1.62086e+06,14.0966,11.7194,11.96,12.6541,2.21263,4.16949,0.989383,2.67766,5.84076,0.311842,3.14343,7.55825,0.0972771,3.63127,9.58578,0.0303237,4.15787,12.0912,0.00945211,4.73731,15.2286,0.00294633,5.38238,19.1721,0.000918508,6.10553,24.134,0.000286163,6.91951,30.3791,8.92692e-05,7.83792,38.2397,2.78121e-05,8.87555,48.1338,8.65134e-06,10.0489,60.5876,2.7882e-06,11.3761,76.2629,8.29036e-07,12.8779,95.9927,2.4373e-07,14.5775,120.825,4.33068e-09,16.5012,152.08,1.75749e-07,18.6784,191.415,-1.86328e-07,21.1428,240.917,1.91829e-07,23.9322,303.213,-1.81475e-07,27.0895,381.602,7.0186e-08,30.6634,480.231,-2.86769e-08,34.7087,604.316,2.40784e-07,39.2876,760.401,9.87368e-08,44.4705,956.705,1.22263e-07,50.3371,1203.54,-4.31966e-07,56.9776,1513.81,-1.9705e-07,64.494,1903.69,-2.763e-08,73.0018,2393.4,3.9185e-07,82.6317,3008.13,1.35379e-07,93.5318,3779.25,-4.16351e-08,105.869,4745.7,2.06965e-08,119.834,5955.6,-3.18887e-07,135.641,7468.12,-1.48271e-08,153.531,9355.62,2.00739e-07,173.781,11705.8,2.28358e-07,196.701,14624.1,-1.93587e-08,222.642,18235,-2.88101e-07,252.003,22683.4,-2.24732e-07,285.234,28134,8.56806e-09,322.845,34767,2.34258e-07,365.413,42770.9,2.99668e-07,413.588,52327.9,8.28644e-08,468.111,63591.2,-3.07049e-07,529.814,76653.2,-3.1888e-07,599.642,91502.5,-6.72276e-08,678.662,107975,2.26339e-07,768.083,125705,3.69212e-07,869.267,144088,2.04077e-07,983.76,162277,-2.80509e-07,1113.3,179223,-4.22737e-07,1259.87,193777,-1.71951e-07,1425.68,204839,4.55555e-07,11.7194,11.96,12.6541,2.21263,4.16949,0.989383,2.67766,5.84076,0.311842,3.14343,7.55825,0.0972771,3.63127,9.58578,0.0303237,4.15787,12.0912,0.00945211,4.73731,15.2286,0.00294633,5.38238,19.1721,0.000918508,6.10553,24.134,0.000286163,6.91951,30.3791,8.92692e-05,7.83792,38.2397,2.78121e-05,8.87555,48.1338,8.65134e-06,10.0489,60.5876,2.7882e-06,11.3761,76.2629,8.29036e-07,12.8779,95.9927,2.4373e-07,14.5775,120.825,1e-08,16.5012,152.08,1.75749e-07,18.6784,191.415,1e-08,21.1428,240.917,1.91829e-07,23.9322,303.213,1e-08,27.0895,381.602,7.0186e-08,30.6634,480.231,1e-08,34.7087,604.316,2.40784e-07,39.2876,760.401,9.87368e-08,44.4705,956.705,1.22263e-07,50.3371,1203.54,1e-08,56.9776,1513.81,1e-08,64.494,1903.69,1e-08,73.0018,2393.4,3.9185e-07,82.6317,3008.13,1.35379e-07,93.5318,3779.25,1e-08,105.869,4745.7,2.06965e-08,119.834,5955.6,1e-08,135.641,7468.12,1e-08,153.531,9355.62,2.00739e-07,173.781,11705.8,2.28358e-07,196.701,14624.1,1e-08,222.642,18235,1e-08,252.003,22683.4,1e-08,285.234,28134,1e-08,322.845,34767,2.34258e-07,365.413,42770.9,2.99668e-07,413.588,52327.9,8.28644e-08,468.111,63591.2,1e-08,529.814,76653.2,1e-08,599.642,91502.5,1e-08,678.662,107975,2.26339e-07,768.083,125705,3.69212e-07,869.267,144088,2.04077e-07,983.76,162277,1e-08,1113.3,179223,1e-08,1259.87,193777,1e-08,1425.68,204839,4.55555e-07,6.2823,3.27286,2.43537,0.219672,6.18826,2.24117,0.56371,6.87772,2.63624,0.308279,16,14,13,1,4,3,6,6,0,3,4,0,2,9,0,8,14,0,4,15,0,1,13,0,4,41,0,5,28,0,4,56,0,3,25,0,2,108,0,9,76,0,21,141,0,16,96,0,9,202,0,26,104,0,40,345,0,37,229,0,13,229,0,33,249,0,19,804,0,21,670,0,38,1180,0,33,508,0,58,966,0,67,1399,0,143,2721,0,93,1780,0,60,2769,0,260,2308,0,33,10621,0,210,6405,0,109,3372,0,142,16323,0,220,17663,0,223,13847,0,213,11360,0,418,27299,0,439,32997,0,343,18739,0,432,27696,0,178,90310,0,303,81822,0,581,128226,0,1102,88148,0,914,123499,0,781,110648,0,809,99688,0,571,76402,0,1801,147326,0,1888,257404,0
-1.05176e+08,1,8.88811e-15,10,1023,0,1.05176e+08,0.528882,1.08665,0.389689,0.145397,0.379329,3.24381,0.161596,0.446195,1.77396,0.159177,1.15e+07,4.49998e+06,6.79999e+06,1.15e+07,4.49997e+06,6.79999e+06,1.15e+07,4.49996e+06,6.79999e+06,1.15e+07,4.49995e+06,6.79999e+06,1.14999e+07,4.49993e+06,6.79999e+06,1.14999e+07,4.49991e+06,6.79999e+06,1.14999e+07,4.49989e+06,6.79999e+06,1.14999e+07,4.49986e+06,6.79999e+06,1.14999e+07,4.49982e+06,6.79999e+06,1.14999e+07,4.49977e+06,6.79999e+06,1.14999e+07,4.49971e+06,6.79999e+06,1.14999e+07,4.49963e+06,6.79999e+06,1.14998e+07,4.49953e+06,6.79999e+06,1.14998e+07,4.49941e+06,6.79999e+06,1.14998e+07,4.49926e+06,6.79999e+06,1.14998e+07,4.49906e+06,6.79999e+06,1.14997e+07,4.49882e+06,6.79999e+06,1.14997e+07,4.49851e+06,6.79999e+06,1.14997e+07,4.49812e+06,6.79999e+06,1.14996e+07,4.49764e+06,6.79999e+06,1.14996e+07,4.49702e+06,6.79999e+06,1.14995e+07,4.49625e+06,6.79999e+06,1.14995e+07,4.49528e+06,6.79999e+06,1.14994e+07,4.49406e+06,6.79999e+06,1.14993e+07,4.49253e+06,6.79999e+06,1.14992e+07,4.49059e+06,6.79999e+06,1.14991e+07,4.48817e+06,6.79999e+06,1.1499e+07,4.48511e+06,6.79999e+06,1.14988e+07,4.48128e+06,6.79999e+06,1.14987e+07,4.47646e+06,6.79999e+06,1.14985e+07,4.47041e+06,6.79999e+06,1.14983e+07,4.46281e+06,6.79999e+06,1.14981e+07,4.4533e+06,6.79999e+06,1.14979e+07,4.44138e+06,6.79999e+06,1.14976e+07,4.42649e+06,6.79999e+06,1.14972e+07,4.40789e+06,6.79999e+06,1.14969e+07,4.38471e+06,6.79999e+06,1.14965e+07,4.35592e+06,6.79999e+06,1.1496e+07,4.32027e+06,6.79999e+06,1.14955e+07,4.27629e+06,6.79999e+06,1.14949e+07,4.22231e+06,6.79999e+06,1.14942e+07,4.15647e+06,6.79999e+06,1.14934e+07,4.07676e+06,6.79999e+06,1.14926e+07,3.98112e+06,6.79999e+06,1.14916e+07,3.86765e+06,6.79999e+06,1.14905e+07,3.73474e+06,6.79999e+06,1.14892e+07,3.58148e+06,6.79999e+06,1.14878e+07,3.40785e+06,6.79999e+06,1.14862e+07,3.21513e+06,6.79999e+06,1.14844e+07,3.00605e+06,6.79999e+06,1.14823e+07,2.7848e+06,6.79999e+06,1.148e+07,2.5568e+06,6.79999e+06,1.14773e+07,2.32825e+06,6.79999e+06,13.5742,8.52444,0.508366,16.8306,13.2585,0.162638,20.0035,17.569,0.0507846,23.2616,22.4214,0.0158319,26.7328,28.3297,0.00493498,30.5212,35.6974,0.00153831,34.7178,44.9473,0.000479527,39.4086,56.5822,0.000149456,44.6796,71.2245,4.66214e-05,50.6209,89.6543,1.45419e-05,57.3297,112.852,4.54748e-06,64.9129,142.051,1.43857e-06,73.4897,178.803,4.36618e-07,83.1934,225.062,1.40153e-07,94.1745,283.286,4.96378e-08,106.602,356.568,1.05434e-07,120.669,448.799,-6.49244e-08,136.59,564.873,1.70148e-07,154.611,710.948,-5.34594e-08,175.008,894.767,1.63407e-07,198.097,1126.06,8.04804e-08,224.231,1417.07,1.14667e-07,253.813,1783.15,-1.71227e-07,287.297,2243.62,-2.88466e-07,325.198,2822.67,-4.33651e-07,368.098,3550.67,7.9318e-08,416.657,4465.65,3.13319e-07,471.621,5615.16,3.4613e-07,533.835,7058.61,-1.19199e-07,604.255,8870.02,-2.79964e-07,683.962,11141.4,-2.30521e-07,774.182,13986.7,-2.55099e-07,876.299,17546.4,1.23585e-07,991.883,21993.1,1.41192e-07,1122.71,27536.7,-9.71886e-08,1270.78,34430.7,-3.68368e-07,1438.38,42977.7,-3.45379e-07,1628.07,53532.7,-3.25328e-09,1842.77,66504.6,2.6362e-07,2085.77,82350.2,2.53445e-07,2360.79,101560,-2.47407e-08,2672.05,124632,-3.80602e-07,3024.31,152018,-4.79005e-07,3422.98,184060,-1.14379e-07,3874.15,220884,2.64297e-07,4384.72,262283,3.44131e-07,4962.49,307576,7.5349e-08,5616.29,355497,-3.63097e-07,6356.1,404126,-6.05442e-07,7193.18,450932,-2.72333e-07,8140.28,492963,2.29675e-07,9211.79,527178,4.3387e-07,10424,550893,-1.0711e-07,10.102,8.06553,2.81012,10.6436,8.57909,0.869423,11.5336,10.2515,0.270869,12.7211,12.7138,0.0844293,14.1823,15.9373,0.0263173,15.9122,20.0383,0.0082035,17.9198,25.2154,0.00255722,20.2244,31.7373,0.000797017,22.8539,39.9486,0.000248622,25.8438,50.2851,7.75492e-05,29.237,63.2963,2.42508e-05,33.0837,79.6738,7.67162e-06,37.4415,100.288,2.32837e-06,42.3767,126.236,7.33e-07,47.9646,158.896,2.79256e-07,54.2906,200.003,9.87351e-09,61.452,251.741,1.61085e-07,69.5585,316.859,-2.47141e-07,78.7347,398.812,8.93552e-08,89.1218,501.948,-2.53231e-07,100.879,631.736,-1.25047e-07,114.188,795.049,-1.78808e-07,129.252,1000.53,2.6733e-07,146.304,1259.03,4.50292e-07,165.605,1584.19,6.76904e-07,187.452,1993.12,-1.23808e-07,212.181,2507.27,-4.89068e-07,240.173,3153.54,-5.40284e-07,271.856,3965.56,1.86061e-07,307.719,4985.38,4.37004e-07,348.313,6265.4,3.59828e-07,394.26,7870.83,3.98192e-07,446.268,9882.51,-1.92908e-07,505.135,12400.3,-2.20392e-07,571.766,15546.9,1.51705e-07,647.184,19472.2,5.74996e-07,732.547,24357.4,5.39112e-07,829.167,30420,5.07815e-09,938.526,37916.3,-4.11492e-07,1062.3,47143.9,-3.9561e-07,1202.4,58439.2,3.86185e-08,1360.96,72169.3,5.94093e-07,1540.42,88715.8,7.47693e-07,1743.53,108445,1.78537e-07,1973.41,131665,-4.12549e-07,2233.57,158557,-5.37164e-07,2528,189103,-1.17615e-07,2861.2,222986,5.66769e-07,3238.27,259510,9.45053e-07,3664.97,297540,4.25093e-07,4147.81,335497,-3.58506e-07,4694.17,371444,-6.7724e-07,5312.37,403256,1.67192e-07,1.61744,3.89446,9.84394,3.28846,7.5504,12.774,5.07607,11.7187,13.6844,7.03202,16.8147,13.9681,9.20215,23.1769,14.0566,11.6301,31.1672,14.0841,14.3598,41.2186,14.0927,17.4376,53.8688,14.0954,20.9137,69.7915,14.0962,24.8432,89.8341,14.0965,29.2879,115.063,14.0966,34.3168,146.819,14.0966,40.0078,186.792,14.0966,46.4487,237.107,14.0966,53.7388,300.44,14.0966,61.9903,380.158,14.0966,71.3301,480.499,14.0966,81.902,606.796,14.0966,93.8685,765.761,14.0966,107.414,965.837,14.0966,122.746,1217.65,14.0966,140.101,1534.57,14.0966,159.745,1933.41,14.0966,181.981,2435.3,14.0966,207.15,3066.85,14.0966,235.64,3861.46,14.0966,267.889,4861.11,14.0966,304.391,6118.54,14.0966,345.709,7699.91,14.0966,392.478,9688.22,14.0966,445.417,12187.5,14.0966,505.339,15327.7,14.0966,573.165,19271.6,14.0966,649.938,24222,14.0966,736.839,30430.9,14.0966,835.202,38211.5,14.0966,946.539,47950.3,14.0966,1072.56,60122.8,14.0966,1215.21,75309.9,14.0966,1376.66,94216.2,14.0966,1559.41,117688,14.0966,1766.26,146729,14.0966,2000.39,182510,14.0966,2265.39,226372,14.0966,2565.33,279806,14.0966,2904.81,344416,14.0966,3289.05,421845,14.0966,3723.93,513667,14.0966,4216.13,621231,14.0966,4773.18,745478,14.0966,5403.64,886744,14.0966,6117.15,1.04457e+06,14.0966,6924.63,1.2176e+06,14.0966,11.7194,11.96,12.6541,13.9321,16.1295,13.6434,16.6097,21.9702,13.9553,19.7532,29.5285,14.0526,23.3844,39.1143,14.0829,27.5423,51.2054,14.0923,32.2796,66.434,14.0953,37.662,85.6061,14.0962,43.7675,109.74,14.0965,50.687,140.119,14.0966,58.5249,178.359,14.0966,67.4005,226.493,14.0966,77.4493,287.08,14.0966,88.8254,363.343,14.0966,101.703,459.336,14.0966,116.281,580.161,14.0966,132.782,732.241,14.0966,151.46,923.655,14.0966,172.603,1164.57,14.0966,196.535,1467.79,14.0966,223.625,1849.39,14.0966,254.288,2329.62,14.0966,288.997,2933.93,14.0966,328.285,3694.33,14.0966,372.755,4651.04,14.0966,423.092,5854.57,14.0966,480.07,7368.38,14.0966,544.564,9272.08,14.0966,617.566,11665.5,14.0966,700.197,14673.6,14.0966,793.729,18452.9,14.0966,899.599,23198.6,14.0966,1019.43,29154.1,14.0966,1155.07,36622.3,14.0966,1308.6,45977.9,14.0966,1482.39,57683.7,14.0966,1679.09,72307.8,14.0966,1901.73,90542.8,14.0966,2153.73,113226,14.0966,2438.97,141360,14.0966,2761.81,176127,14.0966,3127.22,218898,14.0966,3540.81,271226,14.0966,4008.92,334817,14.0966,4538.74,411470,14.0966,5138.38,502973,14.0966,5817.04,610948,14.0966,6585.12,736653,14.0966,7454.39,880741,14.0966,8438.15,1.04302e+06,14.0966,9551.45,1.22224e+06,14.0966,10811.3,1.41602e+06,14.0966,12237,1.62086e+06,14.0966,11.7194,11.96,12.6541,2.21263,4.16949,0.989383,2.67766,5.84076,0.311842,3.14343,7.55825,0.0972771,3.63127,9.58578,0.0303237,4.15787,12.0912,0.00945211,4.73731,15.2286,0.00294633,5.38238,19.1721,0.000918508,6.10553,24.134,0.000286163,6.91951,30.3791,8.92692e-05,7.83792,38.2397,2.78121e-05,8.87555,48.1338,8.65134e-06,10.0489,60.5876,2.7882e-06,11.3761,76.2629,8.29036e-07,12.8779,95.9927,2.4373e-07,14.5775,120.825,4.33068e-09,16.5012,152.08,1.75749e-07,18.6784,191.415,-1.86328e-07,21.1428,240.917,1.91829e-07,23.9322,303.213,-1.81475e-07,27.0895,381.602,7.0186e-08,30.6634,480.231,-2.86769e-08,34.7087,604.316,2.40784e-07,39.2876,760.401,9.87368e-08,44.4705,956.705,1.22263e-07,50.3371,1203.54,-4.31966e-07,56.9776,1513.81,-1.9705e-07,64.494,1903.69,-2.763e-08,73.0018,2393.4,3.9185e-07,82.6317,3008.13,1.35379e-07,93.5318,3779.25,-4.16351e-08,105.869,4745.7,2.06965e-08,119.834,5955.6,-3.18887e-07,135.641,7468.12,-1.48271e-08,153.531,9355.62,2.00739e-07,173.781,11705.8,2.28358e-07,196.701,14624.1,-1.93587e-08,222.642,18235,-2.88101e-07,252.003,22683.4,-2.24732e-07,285.234,28134,8.56806e-09,322.845,34767,2.34258e-07,365.413,42770.9,2.99668e-07,413.588,52327.9,8.28644e-08,468.111,63591.2,-3.07049e-07,529.814,76653.2,-3.1888e-07,599.642,91502.5,-6.72276e-08,678.662,107975,2.26339e-07,768.083,125705,3.69212e-07,869.267,144088,2.04077e-07,983.76,162277,-2.80509e-07,1113.3,179223,-4.22737e-07,1259.87,193777,-1.71951e-07,1425.68,204839,4.55555e-07,11.7194,11.96,12.6541,2.21263,4.16949,0.989383,2.67766,5.84076,0.311842,3.14343,7.55825,0.0972771,3.63127,9.58578,0.0303237,4.15787,12.0912,0.00945211,4.73731,15.2286,0.00294633,5.38238,19.1721,0.000918508,6.10553,24.134,0.000286163,6.91951,30.3791,8.92692e-05,7.83792,38.2397,2.78121e-05,8.87555,48.1338,8.65134e-06,10.0489,60.5876,2.7882e-06,11.3761,76.2629,8.29036e-07,12.8779,95.9927,2.4373e-07,14.5775,120.825,1e-08,16.5012,152.08,1.75749e-07,18.6784,191.415,1e-08,21.1428,240.917,1.91829e-07,23.9322,303.213,1e-08,27.0895,381.602,7.0186e-08,30.6634,480.231,1e-08,34.7087,604.316,2.40784e-07,39.2876,760.401,9.87368e-08,44.4705,956.705,1.22263e-07,50.3371,1203.54,1e-08,56.9776,1513.81,1e-08,64.494,1903.69,1e-08,73.0018,2393.4,3.9185e-07,82.6317,3008.13,1.35379e-07,93.5318,3779.25,1e-08,105.869,4745.7,2.06965e-08,119.834,5955.6,1e-08,135.641,7468.12,1e-08,153.531,9355.62,2.00739e-07,173.781,11705.8,2.28358e-07,196.701,14624.1,1e-08,222.642,18235,1e-08,252.003,22683.4,1e-08,285.234,28134,1e-08,322.845,34767,2.34258e-07,365.413,42770.9,2.99668e-07,413.588,52327.9,8.28644e-08,468.111,63591.2,1e-08,529.814,76653.2,1e-08,599.642,91502.5,1e-08,678.662,107975,2.26339e-07,768.083,125705,3.69212e-07,869.267,144088,2.04077e-07,983.76,162277,1e-08,1113.3,179223,1e-08,1259.87,193777,1e-08,1425.68,204839,4.55555e-07,6.2823,3.27286,2.43537,0.219672,6.18826,2.24117,0.56371,6.87772,2.63624,0.308279,3,13,11,0,3,2,2,9,0,6,4,0,4,10,0,5,9,0,3,28,0,5,18,0,7,20,0,1,36,0,6,74,0,9,49,0,10,42,0,8,89,0,6,127,0,9,112,0,7,189,0,25,203,0,46,208,0,17,202,0,27,409,0,20,551,0,18,441,0,88,569,0,38,741,0,21,3416,0,61,2002,0,56,972,0,50,1501,0,55,3826,0,120,4248,0,64,2952,0,98,12673,0,182,5375,0,190,4054,0,167,6594,0,233,21757,0,241,16923,0,152,19698,0,222,39059,0,214,28989,0,537,42176,0,401,31693,0,224,103732,0,1060,37918,0,361,66360,0,938,112468,0,929,149877,0,1010,58272,0,879,132325,0,1339,177074,0,1822,365314,0,1010,405141,0
-1.05176e+08,1,8.88811e-15,10,1023,0,1.05176e+08,0.528882,1.08665,0.389689,0.145397,0.379329,3.24381,0.161596,0.446195,1.77396,0.159177,1.15e+07,4.49998e+06,6.79999e+06,1.15e+07,4.49997e+06,6.79999e+06,1.15e+07,4.49996e+06,6.79999e+06,1.15e+07,4.49995e+06,6.79999e+06,1.14999e+07,4.49993e+06,6.79999e+06,1.14999e+07,4.49991e+06,6.79999e+06,1.14999e+07,4.49989e+06,6.79999e+06,1.14999e+07,4.49986e+06,6.79999e+06,1.14999e+07,4.49982e+06,6.79999e+06,1.14999e+07,4.49977e+06,6.79999e+06,1.14999e+07,4.49971e+06,6.79999e+06,1.14999e+07,4.49963e+06,6.79999e+06,1.14998e+07,4.49953e+06,6.79999e+06,1.14998e+07,4.49941e+06,6.79999e+06,1.14998e+07,4.49926e+06,6.79999e+06,1.14998e+07,4.49906e+06,6.79999e+06,1.14997e+07,4.49882e+06,6.79999e+06,1.14997e+07,4.49851e+06,6.79999e+06,1.14997e+07,4.49812e+06,6.79999e+06,1.14996e+07,4.49764e+06,6.79999e+06,1.14996e+07,4.49702e+06,6.79999e+06,1.14995e+07,4.49625e+06,6.79999e+06,1.14995e+07,4.49528e+06,6.79999e+06,1.14994e+07,4.49406e+06,6.79999e+06,1.14993e+07,4.49253e+06,6.79999e+06,1.14992e+07,4.49059e+06,6.79999e+06,1.14991e+07,4.48817e+06,6.79999e+06,1.1499e+07,4.48511e+06,6.79999e+06,1.14988e+07,4.48128e+06,6.79999e+06,1.14987e+07,4.47646e+06,6.79999e+06,1.14985e+07,4.47041e+06,6.79999e+06,1.14983e+07,4.46281e+06,6.79999e+06,1.14981e+07,4.4533e+06,6.79999e+06,1.14979e+07,4.44138e+06,6.79999e+06,1.14976e+07,4.42649e+06,6.79999e+06,1.14972e+07,4.40789e+06,6.79999e+06,1.14969e+07,4.38471e+06,6.79999e+06,1.14965e+07,4.35592e+06,6.79999e+06,1.1496e+07,4.32027e+06,6.79999e+06,1.14955e+07,4.27629e+06,6.79999e+06,1.14949e+07,4.22231e+06,6.79999e+06,1.14942e+07,4.15647e+06,6.79999e+06,1.14934e+07,4.07676e+06,6.79999e+06,1.14926e+07,3.98112e+06,6.79999e+06,1.14916e+07,3.86765e+06,6.79999e+06,1.14905e+07,3.73474e+06,6.79999e+06,1.14892e+07,3.58148e+06,6.79999e+06,1.14878e+07,3.40785e+06,6.79999e+06,1.14862e+07,3.21513e+06,6.79999e+06,1.14844e+07,3.00605e+06,6.79999e+06,1.14823e+07,2.7848e+06,6.79999e+06,1.148e+07,2.5568e+06,6.79999e+06,1.14773e+07,2.32825e+06,6.79999e+06,13.5742,8.52444,0.508366,16.8306,13.2585,0.162638,20.0035,17.569,0.0507846,23.2616,22.4214,0.0158319,26.7328,28.3297,0.00493498,30.5212,35.6974,0.00153831,34.7178,44.9473,0.000479527,39.4086,56.5822,0.000149456,44.6796,71.2245,4.66214e-05,50.6209,89.6543,1.45419e-05,57.3297,112.852,4.54748e-06,64.9129,142.051,1.43857e-06,73.4897,178.803,4.36618e-07,83.1934,225.062,1.40153e-07,94.1745,283.286,4.96378e-08,106.602,356.568,1.05434e-07,120.669,448.799,-6.49244e-08,136.59,564.873,1.70148e-07,154.611,710.948,-5.34594e-08,175.008,894.767,1.63407e-07,198.097,1126.06,8.04804e-08,224.231,1417.07,1.14667e-07,253.813,1783.15,-1.71227e-07,287.297,2243.62,-2.88466e-07,325.198,2822.67,-4.33651e-07,368.098,3550.67,7.9318e-08,416.657,4465.65,3.13319e-07,471.621,5615.16,3.4613e-07,533.835,7058.61,-1.19199e-07,604.255,8870.02,-2.79964e-07,683.962,11141.4,-2.30521e-07,774.182,13986.7,-2.55099e-07,876.299,17546.4,1.23585e-07,991.883,21993.1,1.41192e-07,1122.71,27536.7,-9.71886e-08,1270.78,34430.7,-3.68368e-07,1438.38,42977.7,-3.45379e-07,1628.07,53532.7,-3.25328e-09,1842.77,66504.6,2.6362e-07,2085.77,82350.2,2.53445e-07,2360.79,101560,-2.47407e-08,2672.05,124632,-3.80602e-07,3024.31,152018,-4.79005e-07,3422.98,184060,-1.14379e-07,3874.15,220884,2.64297e-07,4384.72,262283,3.44131e-07,4962.49,307576,7.5349e-08,5616.29,355497,-3.63097e-07,6356.1,404126,-6.05442e-07,7193.18,450932,-2.72333e-07,8140.28,492963,2.29675e-07,9211.79,527178,4.3387e-07,10424,550893,-1.0711e-07,10.102,8.06553,2.81012,10.6436,8.57909,0.869423,11.5336,10.2515,0.270869,12.7211,12.7138,0.0844293,14.1823,15.9373,0.0263173,15.9122,20.0383,0.0082035,17.9198,25.2154,0.00255722,20.2244,31.7373,0.000797017,22.8539,39.9486,0.000248622,25.8438,50.2851,7.75492e-05,29.237,63.2963,2.42508e-05,33.0837,79.6738,7.67162e-06,37.4415,100.288,2.32837e-06,42.3767,126.236,7.33e-07,47.9646,158.896,2.79256e-07,54.2906,200.003,9.87351e-09,61.452,251.741,1.61085e-07,69.5585,316.859,-2.47141e-07,78.7347,398.812,8.93552e-08,89.1218,501.948,-2.53231e-07,100.879,631.736,-1.25047e-07,114.188,795.049,-1.78808e-07,129.252,1000.53,2.6733e-07,146.304,1259.03,4.50292e-07,165.605,1584.19,6.76904e-07,187.452,1993.12,-1.23808e-07,212.181,2507.27,-4.89068e-07,240.173,3153.54,-5.40284e-07,271.856,3965.56,1.86061e-07,307.719,4985.38,4.37004e-07,348.313,6265.4,3.59828e-07,394.26,7870.83,3.98192e-07,446.268,9882.51,-1.92908e-07,505.135,12400.3,-2.20392e-07,571.766,15546.9,1.51705e-07,647.184,19472.2,5.74996e-07,732.547,24357.4,5.39112e-07,829.167,30420,5.07815e-09,938.526,37916.3,-4.11492e-07,1062.3,47143.9,-3.9561e-07,1202.4,58439.2,3.86185e-08,1360.96,72169.3,5.94093e-07,1540.42,88715.8,7.47693e-07,1743.53,108445,1.78537e-07,1973.41,131665,-4.12549e-07,2233.57,158557,-5.37164e-07,2528,189103,-1.17615e-07,2861.2,222986,5.66769e-07,3238.27,259510,9.45053e-07,3664.97,297540,4.25093e-07,4147.81,335497,-3.58506e-07,4694.17,371444,-6.7724e-07,5312.37,403256,1.67192e-07,1.61744,3.89446,9.84394,3.28846,7.5504,12.774,5.07607,11.7187,13.6844,7.03202,16.8147,13.9681,9.20215,23.1769,14.0566,11.6301,31.1672,14.0841,14.3598,41.2186,14.0927,17.4376,53.8688,14.0954,20.9137,69.7915,14.0962,24.8432,89.8341,14.0965,29.2879,115.063,14.0966,34.3168,146.819,14.0966,40.0078,186.792,14.0966,46.4487,237.107,14.0966,53.7388,300.44,14.0966,61.9903,380.158,14.0966,71.3301,480.499,14.0966,81.902,606.796,14.0966,93.8685,765.761,14.0966,107.414,965.837,14.0966,122.746,1217.65,14.0966,140.101,1534.57,14.0966,159.745,1933.41,14.0966,181.981,2435.3,14.0966,207.15,3066.85,14.0966,235.64,3861.46,14.0966,267.889,4861.11,14.0966,304.391,6118.54,14.0966,345.709,7699.91,14.0966,392.478,9688.22,14.0966,445.417,12187.5,14.0966,505.339,15327.7,14.0966,573.165,19271.6,14.0966,649.938,24222,14.0966,736.839,30430.9,14.0966,835.202,38211.5,14.0966,946.539,47950.3,14.0966,1072.56,60122.8,14.0966,1215.21,75309.9,14.0966,1376.66,94216.2,14.0966,1559.41,117688,14.0966,1766.26,146729,14.0966,2000.39,182510,14.0966,2265.39,226372,14.0966,2565.33,279806,14.0966,2904.81,344416,14.0966,3289.05,421845,14.0966,3723.93,513667,14.0966,4216.13,621231,14.0966,4773.18,745478,14.0966,5403.64,886744,14.0966,6117.15,1.04457e+06,14.0966,6924.63,1.2176e+06,14.0966,11.7194,11.96,12.6541,13.9321,16.1295,13.6434,16.6097,21.9702,13.9553,19.7532,29.5285,14.0526,23.3844,39.1143,14.0829,27.5423,51.2054,14.0923,32.2796,66.434,14.0953,37.662,85.6061,14.0962,43.7675,109.74,14.0965,50.687,140.119,14.0966,58.5249,178.359,14.0966,67.4005,226.493,14.0966,77.4493,287.08,14.0966,88.8254,363.343,14.0966,101.703,459.336,14.0966,116.281,580.161,14.0966,132.782,732.241,14.0966,151.46,923.655,14.0966,172.603,1164.57,14.0966,196.535,1467.79,14.0966,223.625,1849.39,14.0966,254.288,2329.62,14.0966,288.997,2933.93,14.0966,328.285,3694.33,14.0966,372.755,4651.04,14.0966,423.092,5854.57,14.0966,480.07,7368.38,14.0966,544.564,9272.08,14.0966,617.566,11665.5,14.0966,700.197,14673.6,14.0966,793.729,18452.9,14.0966,899.599,23198.6,14.0966,1019.43,29154.1,14.0966,1155.07,36622.3,14.0966,1308.6,45977.9,14.0966,1482.39,57683.7,14.0966,1679.09,72307.8,14.0966,1901.73,90542.8,14.0966,2153.73,113226,14.0966,2438.97,141360,14.0966,2761.81,176127,14.0966,3127.22,218898,14.0966,3540.81,271226,14.0966,4008.92,334817,14.0966,4538.74,411470,14.0966,5138.38,502973,14.0966,5817.04,610948,14.0966,6585.12,736653,14.0966,7454.39,880741,14.0966,8438.15,1.04302e+06,14.0966,9551.45,1.22224e+06,14.0966,10811.3,1.41602e+06,14.0966,12237,1.62086e+06,14.0966,11.7194,11.96,12.6541,2.21263,4.16949,0.989383,2.67766,5.84076,0.311842,3.14343,7.55825,0.0972771,3.63127,9.58578,0.0303237,4.15787,12.0912,0.00945211,4.73731,15.2286,0.00294633,5.38238,19.1721,0.000918508,6.10553,24.134,0.000286163,6.91951,30.3791,8.92692e-05,7.83792,38.2397,2.78121e-05,8.87555,48.1338,8.65134e-06,10.0489,60.5876,2.7882e-06,11.3761,76.2629,8.29036e-07,12.8779,95.9927,2.4373e-07,14.5775,120.825,4.33068e-09,16.5012,152.08,1.75749e-07,18.6784,191.415,-1.86328e-07,21.1428,240.917,1.91829e-07,23.9322,303.213,-1.81475e-07,27.0895,381.602,7.0186e-08,30.6634,480.231,-2.86769e-08,34.7087,604.316,2.40784e-07,39.2876,760.401,9.87368e-08,44.4705,956.705,1.22263e-07,50.3371,1203.54,-4.31966e-07,56.9776,1513.81,-1.9705e-07,64.494,1903.69,-2.763e-08,73.0018,2393.4,3.9185e-07,82.6317,3008.13,1.35379e-07,93.5318,3779.25,-4.16351e-08,105.869,4745.7,2.06965e-08,119.834,5955.6,-3.18887e-07,135.641,7468.12,-1.48271e-08,153.531,9355.62,2.00739e-07,173.781,11705.8,2.28358e-07,196.701,14624.1,-1.93587e-08,222.642,18235,-2.88101e-07,252.003,22683.4,-2.24732e-07,285.234,28134,8.56806e-09,322.845,34767,2.34258e-07,365.413,42770.9,2.99668e-07,413.588,52327.9,8.28644e-08,468.111,63591.2,-3.07049e-07,529.814,76653.2,-3.1888e-07,599.642,91502.5,-6.72276e-08,678.662,107975,2.26339e-07,768.083,125705,3.69212e-07,869.267,144088,2.04077e-07,983.76,162277,-2.80509e-07,1113.3,179223,-4.22737e-07,1259.87,193777,-1.71951e-07,1425.68,204839,4.55555e-07,11.7194,11.96,12.6541,2.21263,4.16949,0.989383,2.67766,5.84076,0.311842,3.14343,7.55825,0.0972771,3.63127,9.58578,0.0303237,4.15787,12.0912,0.00945211,4.73731,15.2286,0.00294633,5.38238,19.1721,0.000918508,6.10553,24.134,0.000286163,6.91951,30.3791,8.92692e-05,7.83792,38.2397,2.78121e-05,8.87555,48.1338,8.65134e-06,10.0489,60.5876,2.7882e-06,11.3761,76.2629,8.29036e-07,12.8779,95.9927,2.4373e-07,14.5775,120.825,1e-08,16.5012,152.08,1.75749e-07,18.6784,191.415,1e-08,21.1428,240.917,1.91829e-07,23.9322,303.213,1e-08,27.0895,381.602,7.0186e-08,30.6634,480.231,1e-08,34.7087,604.316,2.40784e-07,39.2876,760.401,9.87368e-08,44.4705,956.705,1.22263e-07,50.3371,1203.54,1e-08,56.9776,1513.81,1e-08,64.494,1903.69,1e-08,73.0018,2393.4,3.9185e-07,82.6317,3008.13,1.35379e-07,93.5318,3779.25,1e-08,105.869,4745.7,2.06965e-08,119.834,5955.6,1e-08,135.641,7468.12,1e-08,153.531,9355.62,2.00739e-07,173.781,11705.8,2.28358e-07,196.701,14624.1,1e-08,222.642,18235,1e-08,252.003,22683.4,1e-08,285.234,28134,1e-08,322.845,34767,2.34258e-07,365.413,42770.9,2.99668e-07,413.588,52327.9,8.28644e-08,468.111,63591.2,1e-08,529.814,76653.2,1e-08,599.642,91502.5,1e-08,678.662,107975,2.26339e-07,768.083,125705,3.69212e-07,869.267,144088,2.04077e-07,983.76,162277,1e-08,1113.3,179223,1e-08,1259.87,193777,1e-08,1425.68,204839,4.55555e-07,6.2823,3.27286,2.43537,0.219672,6.18826,2.24117,0.56371,6.87772,2.63624,0.308279,5,20,13,2,3,1,3,1,1,2,8,0,4,2,0,5,8,0,4,12,0,9,18,0,6,11,0,12,9,0,13,62,0,7,48,0,21,38,0,9,81,0,13,47,0,13,109,0,22,152,0,13,185,0,24,156,0,39,532,0,21,236,0,18,313,0,35,632,0,36,836,0,42,954,0,52,934,0,87,704,0,83,1176,0,67,2423,0,73,2683,0,123,3636,0,110,7119,0,54,4368,0,188,5184,0,162,3967,0,330,14559,0,69,14620,0,156,15699,0,143,24406,0,259,30274,0,407,31679,0,384,43896,0,169,60058,0,287,132312,0,758,89349,0,566,36215,0,595,81484,0,424,187343,0,477,83167,0,1072,204587,0,707,321927,0,1039,228581,0,1438,274556,0
-1.05176e+08,1,8.88811e-15,10,1023,0,1.05176e+08,0.528882,1.08665,0.389689,0.145397,0.379329,3.24381,0.161596,0.446195,1.77396,0.159177,1.15e+07,4.49998e+06,6.79999e+06,1.15e+07,4.49997e+06,6.79999e+06,1.15e+07,4.49996e+06,6.79999e+06,1.15e+07,4.49995e+06,6.79999e+06,1.14999e+07,4.49993e+06,6.79999e+06,1.14999e+07,4.49991e+06,6.79999e+06,1.14999e+07,4.49989e+06,6.79999e+06,1.14999e+07,4.49986e+06,6.79999e+06,1.14999e+07,4.49982e+06,6.79999e+06,1.14999e+07,4.49977e+06,6.79999e+06,1.14999e+07,4.49971e+06,6.79999e+06,1.14999e+07,4.49963e+06,6.79999e+06,1.14998e+07,4.49953e+06,6.79999e+06,1.14998e+07,4.49941e+06,6.79999e+06,1.14998e+07,4.49926e+06,6.79999e+06,1.14998e+07,4.49906e+06,6.79999e+06,1.14997e+07,4.49882e+06,6.79999e+06,1.14997e+07,4.49851e+06,6.79999e+06,1.14997e+07,4.49812e+06,6.79999e+06,1.14996e+07,4.49764e+06,6.79999e+06,1.14996e+07,4.49702e+06,6.79999e+06,1.14995e+07,4.49625e+06,6.79999e+06,1.14995e+07,4.49528e+06,6.79999e+06,1.14994e+07,4.49406e+06,6.79999e+06,1.14993e+07,4.49253e+06,6.79999e+06,1.14992e+07,4.49059e+06,6.79999e+06,1.14991e+07,4.48817e+06,6.79999e+06,1.1499e+07,4.48511e+06,6.79999e+06,1.14988e+07,4.48128e+06,6.79999e+06,1.14987e+07,4.47646e+06,6.79999e+06,1.14985e+07,4.47041e+06,6.79999e+06,1.14983e+07,4.46281e+06,6.79999e+06,1.14981e+07,4.4533e+06,6.79999e+06,1.14979e+07,4.44138e+06,6.79999e+06,1.14976e+07,4.42649e+06,6.79999e+06,1.14972e+07,4.40789e+06,6.79999e+06,1.14969e+07,4.38471e+06,6.79999e+06,1.14965e+07,4.35592e+06,6.79999e+06,1.1496e+07,4.32027e+06,6.79999e+06,1.14955e+07,4.27629e+06,6.79999e+06,1.14949e+07,4.22231e+06,6.79999e+06,1.14942e+07,4.15647e+06,6.79999e+06,1.14934e+07,4.07676e+06,6.79999e+06,1.14926e+07,3.98112e+06,6.79999e+06,1.14916e+07,3.86765e+06,6.79999e+06,1.14905e+07,3.73474e+06,6.79999e+06,1.14892e+07,3.58148e+06,6.79999e+06,1.14878e+07,3.40785e+06,6.79999e+06,1.14862e+07,3.21513e+06,6.79999e+06,1.14844e+07,3.00605e+06,6.79999e+06,1.14823e+07,2.7848e+06,6.79999e+06,1.148e+07,2.5568e+06,6.79999e+06,1.14773e+07,2.32825e+06,6.79999e+06,13.5742,8.52444,0.508366,16.8306,13.2585,0.162638,20.0035,17.569,0.0507846,23.2616,22.4214,0.0158319,26.7328,28.3297,0.00493498,30.5212,35.6974,0.00153831,34.7178,44.9473,0.000479527,39.4086,56.5822,0.000149456,44.6796,71.2245,4.66214e-05,50.6209,89.6543,1.45419e-05,57.3297,112.852,4.54748e-06,64.9129,142.051,1.43857e-06,73.4897,178.803,4.36618e-07,83.1934,225.062,1.40153e-07,94.1745,283.286,4.96378e-08,106.602,356.568,1.05434e-07,120.669,448.799,-6.49244e-08,136.59,564.873,1.70148e-07,154.611,710.948,-5.34594e-08,175.008,894.767,1.63407e-07,198.097,1126.06,8.04804e-08,224.231,1417.07,1.14667e-07,253.813,1783.15,-1.71227e-07,287.297,2243.62,-2.88466e-07,325.198,2822.67,-4.33651e-07,368.098,3550.67,7.9318e-08,416.657,4465.65,3.13319e-07,471.621,5615.16,3.4613e-07,533.835,7058.61,-1.19199e-07,604.255,8870.02,-2.79964e-07,683.962,11141.4,-2.30521e-07,774.182,13986.7,-2.55099e-07,876.299,17546.4,1.23585e-07,991.883,21993.1,1.41192e-07,1122.71,27536.7,-9.71886e-08,1270.78,34430.7,-3.68368e-07,1438.38,42977.7,-3.45379e-07,1628.07,53532.7,-3.25328e-09,1842.77,66504.6,2.6362e-07,2085.77,82350.2,2.53445e-07,2360.79,101560,-2.47407e-08,2672.05,124632,-3.80602e-07,3024.31,152018,-4.79005e-07,3422.98,184060,-1.14379e-07,3874.15,220884,2.64297e-07,4384.72,262283,3.44131e-07,4962.49,307576,7.5349e-08,5616.29,355497,-3.63097e-07,6356.1,404126,-6.05442e-07,7193.18,450932,-2.72333e-07,8140.28,492963,2.29675e-07,9211.79,527178,4.3387e-07,10424,550893,-1.0711e-07,10.102,8.06553,2.81012,10.6436,8.57909,0.869423,11.5336,10.2515,0.270869,12.7211,12.7138,0.0844293,14.1823,15.9373,0.0263173,15.9122,20.0383,0.0082035,17.9198,25.2154,0.00255722,20.2244,31.7373,0.000797017,22.8539,39.9486,0.000248622,25.8438,50.2851,7.75492e-05,29.237,63.2963,2.42508e-05,33.0837,79.6738,7.67162e-06,37.4415,100.288,2.32837e-06,42.3767,126.236,7.33e-07,47.9646,158.896,2.79256e-07,54.2906,200.003,9.87351e-09,61.452,251.741,1.61085e-07,69.5585,316.859,-2.47141e-07,78.7347,398.812,8.93552e-08,89.1218,501.948,-2.53231e-07,100.879,631.736,-1.25047e-07,114.188,795.049,-1.78808e-07,129.252,1000.53,2.6733e-07,146.304,1259.03,4.50292e-07,165.605,1584.19,6.76904e-07,187.452,1993.12,-1.23808e-07,212.181,2507.27,-4.89068e-07,240.173,3153.54,-5.40284e-07,271.856,3965.56,1.86061e-07,307.719,4985.38,4.37004e-07,348.313,6265.4,3.59828e-07,394.26,7870.83,3.98192e-07,446.268,9882.51,-1.92908e-07,505.135,12400.3,-2.20392e-07,571.766,15546.9,1.51705e-07,647.184,19472.2,5.74996e-07,732.547,24357.4,5.39112e-07,829.167,30420,5.07815e-09,938.526,37916.3,-4.11492e-07,1062.3,47143.9,-3.9561e-07,1202.4,58439.2,3.86185e-08,1360.96,72169.3,5.94093e-07,1540.42,88715.8,7.47693e-07,1743.53,108445,1.78537e-07,1973.41,131665,-4.12549e-07,2233.57,158557,-5.37164e-07,2528,189103,-1.17615e-07,2861.2,222986,5.66769e-07,3238.27,259510,9.45053e-07,3664.97,297540,4.25093e-07,4147.81,335497,-3.58506e-07,4694.17,371444,-6.7724e-07,5312.37,403256,1.67192e-07,1.61744,3.89446,9.84394,3.28846,7.5504,12.774,5.07607,11.7187,13.6844,7.03202,16.8147,13.9681,9.20215,23.1769,14.0566,11.6301,31.1672,14.0841,14.3598,41.2186,14.0927,17.4376,53.8688,14.0954,20.9137,69.7915,14.0962,24.8432,89.8341,14.0965,29.2879,115.063,14.0966,34.3168,146.819,14.0966,40.0078,186.792,14.0966,46.4487,237.107,14.0966,53.7388,300.44,14.0966,61.9903,380.158,14.0966,71.3301,480.499,14.0966,81.902,606.796,14.0966,93.8685,765.761,14.0966,107.414,965.837,14.0966,122.746,1217.65,14.0966,140.101,1534.57,14.0966,159.745,1933.41,14.0966,181.981,2435.3,14.0966,207.15,3066.85,14.0966,235.64,3861.46,14.0966,267.889,4861.11,14.0966,304.391,6118.54,14.0966,345.709,7699.91,14.0966,392.478,9688.22,14.0966,445.417,12187.5,14.0966,505.339,15327.7,14.0966,573.165,19271.6,14.0966,649.938,24222,14.0966,736.839,30430.9,14.0966,835.202,38211.5,14.0966,946.539,47950.3,14.0966,1072.56,60122.8,14.0966,1215.21,75309.9,14.0966,1376.66,94216.2,14.0966,1559.41,117688,14.0966,1766.26,146729,14.0966,2000.39,182510,14.0966,2265.39,226372,14.0966,2565.33,279806,14.0966,2904.81,344416,14.0966,3289.05,421845,14.0966,3723.93,513667,14.0966,4216.13,621231,14.0966,4773.18,745478,14.0966,5403.64,886744,14.0966,6117.15,1.04457e+06,14.0966,6924.63,1.2176e+06,14.0966,11.7194,11.96,12.6541,13.9321,16.1295,13.6434,16.6097,21.9702,13.9553,19.7532,29.5285,14.0526,23.3844,39.1143,14.0829,27.5423,51.2054,14.0923,32.2796,66.434,14.0953,37.662,85.6061,14.0962,43.7675,109.74,14.0965,50.687,140.119,14.0966,58.5249,178.359,14.0966,67.4005,226.493,14.0966,77.4493,287.08,14.0966,88.8254,363.343,14.0966,101.703,459.336,14.0966,116.281,580.161,14.0966,132.782,732.241,14.0966,151.46,923.655,14.0966,172.603,1164.57,14.0966,196.535,1467.79,14.0966,223.625,1849.39,14.0966,254.288,2329.62,14.0966,288.997,2933.93,14.0966,328.285,3694.33,14.0966,372.755,4651.04,14.0966,423.092,5854.57,14.0966,480.07,7368.38,14.0966,544.564,9272.08,14.0966,617.566,11665.5,14.0966,700.197,14673.6,14.0966,793.729,18452.9,14.0966,899.599,23198.6,14.0966,1019.43,29154.1,14.0966,1155.07,36622.3,14.0966,1308.6,45977.9,14.0966,1482.39,57683.7,14.0966,1679.09,72307.8,14.0966,1901.73,90542.8,14.0966,2153.73,113226,14.0966,2438.97,141360,14.0966,2761.81,176127,14.0966,3127.22,218898,14.0966,3540.81,271226,14.0966,4008.92,334817,14.0966,4538.74,411470,14.0966,5138.38,502973,14.0966,5817.04,610948,14.0966,6585.12,736653,14.0966,7454.39,880741,14.0966,8438.15,1.04302e+06,14.0966,9551.45,1.22224e+06,14.0966,10811.3,1.41602e+06,14.0966,12237,1.62086e+06,14.0966,11.7194,11.96,12.6541,2.21263,4.16949,0.989383,2.67766,5.84076,0.311842,3.14343,7.55825,0.0972771,3.63127,9.58578,0.0303237,4.15787,12.0912,0.00945211,4.73731,15.2286,0.00294633,5.38238,19.1721,0.000918508,6.10553,24.134,0.000286163,6.91951,30.3791,8.92692e-05,7.83792,38.2397,2.78121e-05,8.87555,48.1338,8.65134e-06,10.0489,60.5876,2.7882e-06,11.3761,76.2629,8.29036e-07,12.8779,95.9927,2.4373e-07,14.5775,120.825,4.33068e-09,16.5012,152.08,1.75749e-07,18.6784,191.415,-1.86328e-07,21.1428,240.917,1.91829e-07,23.9322,303.213,-1.81475e-07,27.0895,381.602,7.0186e-08,30.6634,480.231,-2.86769e-08,34.7087,604.316,2.40784e-07,39.2876,760.401,9.87368e-08,44.4705,956.705,1.22263e-07,50.3371,1203.54,-4.31966e-07,56.9776,1513.81,-1.9705e-07,64.494,1903.69,-2.763e-08,73.0018,2393.4,3.9185e-07,82.6317,3008.13,1.35379e-07,93.5318,3779.25,-4.16351e-08,105.869,4745.7,2.06965e-08,119.834,5955.6,-3.18887e-07,135.641,7468.12,-1.48271e-08,153.531,9355.62,2.00739e-07,173.781,11705.8,2.28358e-07,196.701,14624.1,-1.93587e-08,222.642,18235,-2.88101e-07,252.003,22683.4,-2.24732e-07,285.234,28134,8.56806e-09,322.845,34767,2.34258e-07,365.413,42770.9,2.99668e-07,413.588,52327.9,8.28644e-08,468.111,63591.2,-3.07049e-07,529.814,76653.2,-3.1888e-07,599.642,91502.5,-6.72276e-08,678.662,107975,2.26339e-07,768.083,125705,3.69212e-07,869.267,144088,2.04077e-07,983.76,162277,-2.80509e-07,1113.3,179223,-4.22737e-07,1259.87,193777,-1.71951e-07,1425.68,204839,4.55555e-07,11.7194,11.96,12.6541,2.21263,4.16949,0.989383,2.67766,5.84076,0.311842,3.14343,7.55825,0.0972771,3.63127,9.58578,0.0303237,4.15787,12.0912,0.00945211,4.73731,15.2286,0.00294633,5.38238,19.1721,0.000918508,6.10553,24.134,0.000286163,6.91951,30.3791,8.92692e-05,7.83792,38.2397,2.78121e-05,8.87555,48.1338,8.65134e-06,10.0489,60.5876,2.7882e-06,11.3761,76.2629,8.29036e-07,12.8779,95.9927,2.4373e-07,14.5775,120.825,1e-08,16.5012,152.08,1.75749e-07,18.6784,191.415,1e-08,21.1428,240.917,1.91829e-07,23.9322,303.213,1e-08,27.0895,381.602,7.0186e-08,30.6634,480.231,1e-08,34.7087,604.316,2.40784e-07,39.2876,760.401,9.87368e-08,44.4705,956.705,1.22263e-07,50.3371,1203.54,1e-08,56.9776,1513.81,1e-08,64.494,1903.69,1e-08,73.0018,2393.4,3.9185e-07,82.6317,3008.13,1.35379e-07,93.5318,3779.25,1e-08,105.869,4745.7,2.06965e-08,119.834,5955.6,1e-08,135.641,7468.12,1e-08,153.531,9355.62,2.00739e-07,173.781,11705.8,2.28358e-07,196.701,14624.1,1e-08,222.642,18235,1e-08,252.003,22683.4,1e-08,285.234,28134,1e-08,322.845,34767,2.34258e-07,365.413,42770.9,2.99668e-07,413.588,52327.9,8.28644e-08,468.111,63591.2,1e-08,529.814,76653.2,1e-08,599.642,91502.5,1e-08,678.662,107975,2.26339e-07,768.083,125705,3.69212e-07,869.267,144088,2.04077e-07,983.76,162277,1e-08,1113.3,179223,1e-08,1259.87,193777,1e-08,1425.68,204839,4.55555e-07,6.2823,3.27286,2.43537,0.219672,6.18826,2.24117,0.56371,6.87772,2.63624,0.308279,7,17,23,2,9,0,6,10,0,3,2,1,0,5,0,1,7,0,5,21,0,6,15,0,9,22,0,5,25,0,10,38,0,5,33,0,6,94,0,11,45,0,6,59,0,12,162,0,23,87,0,19,103,0,13,207,0,4,648,0,11,182,0,30,445,0,44,322,0,42,425,0,44,1557,0,54,1346,0,39,1205,0,28,1738,0,30,1845,0,203,2203,0,50,3657,0,97,4062,0,99,6849,0,154,8988,0,215,10326,0,166,14225,0,305,12912,0,345,17556,0,203,16605,0,228,27403,0,231,23947,0,441,21935,0,475,84602,0,384,38198,0,574,58492,0,408,105497,0,877,105795,0,715,116838,0,744,210908,0,888,169933,0,912,216299,0,947,136507,0,689,182071,0
-1.05176e+08,1,8.88811e-15,10,1023,0,1.05176e+08,0.528882,1.08665,0.389689,0.145397,0.379329,3.24381,0.161596,0.446195,1.77396,0.159177,1.15e+07,4.49998e+06,6.79999e+06,1.15e+07,4.49997e+06,6.79999e+06,1.15e+07,4.49996e+06,6.79999e+06,1.15e+07,4.49995e+06,6.79999e+06,1.14999e+07,4.49993e+06,6.79999e+06,1.14999e+07,4.49991e+06,6.79999e+06,1.14999e+07,4.49989e+06,6.79999e+06,1.14999e+07,4.49986e+06,6.79999e+06,1.14999e+07,4.49982e+06,6.79999e+06,1.14999e+07,4.49977e+06,6.79999e+06,1.14999e+07,4.49971e+06,6.79999e+06,1.14999e+07,4.49963e+06,6.79999e+06,1.14998e+07,4.49953e+06,6.79999e+06,1.14998e+07,4.49941e+06,6.79999e+06,1.14998e+07,4.49926e+06,6.79999e+06,1.14998e+07,4.49906e+06,6.79999e+06,1.14997e+07,4.49882e+06,6.79999e+06,1.14997e+07,4.49851e+06,6.79999e+06,1.14997e+07,4.49812e+06,6.79999e+06,1.14996e+07,4.49764e+06,6.79999e+06,1.14996e+07,4.49702e+06,6.79999e+06,1.14995e+07,4.49625e+06,6.79999e+06,1.14995e+07,4.49528e+06,6.79999e+06,1.14994e+07,4.49406e+06,6.79999e+06,1.14993e+07,4.49253e+06,6.79999e+06,1.14992e+07,4.49059e+06,6.79999e+06,1.14991e+07,4.48817e+06,6.79999e+06,1.1499e+07,4.48511e+06,6.79999e+06,1.14988e+07,4.48128e+06,6.79999e+06,1.14987e+07,4.47646e+06,6.79999e+06,1.14985e+07,4.47041e+06,6.79999e+06,1.14983e+07,4.46281e+06,6.79999e+06,1.14981e+07,4.4533e+06,6.79999e+06,1.14979e+07,4.44138e+06,6.79999e+06,1.14976e+07,4.42649e+06,6.79999e+06,1.14972e+07,4.40789e+06,6.79999e+06,1.14969e+07,4.38471e+06,6.79999e+06,1.14965e+07,4.35592e+06,6.79999e+06,1.1496e+07,4.32027e+06,6.79999e+06,1.14955e+07,4.27629e+06,6.79999e+06,1.14949e+07,4.22231e+06,6.79999e+06,1.14942e+07,4.15647e+06,6.79999e+06,1.14934e+07,4.07676e+06,6.79999e+06,1.14926e+07,3.98112e+06,6.79999e+06,1.14916e+07,3.86765e+06,6.79999e+06,1.14905e+07,3.73474e+06,6.79999e+06,1.14892e+07,3.58148e+06,6.79999e+06,1.14878e+07,3.40785e+06,6.79999e+06,1.14862e+07,3.21513e+06,6.79999e+06,1.14844e+07,3.00605e+06,6.79999e+06,1.14823e+07,2.7848e+06,6.79999e+06,1.148e+07,2.5568e+06,6.79999e+06,1.14773e+07,2.32825e+06,6.79999e+06,13.5742,8.52444,0.508366,16.8306,13.2585,0.162638,20.0035,17.569,0.0507846,23.2616,22.4214,0.0158319,26.7328,28.3297,0.00493498,30.5212,35.6974,0.00153831,34.7178,44.9473,0.000479527,39.4086,56.5822,0.000149456,44.6796,71.2245,4.66214e-05,50.6209,89.6543,1.45419e-05,57.3297,112.852,4.54748e-06,64.9129,142.051,1.43857e-06,73.4897,178.803,4.36618e-07,83.1934,225.062,1.40153e-07,94.1745,283.286,4.96378e-08,106.602,356.568,1.05434e-07,120.669,448.799,-6.49244e-08,136.59,564.873,1.70148e-07,154.611,710.948,-5.34594e-08,175.008,894.767,1.63407e-07,198.097,1126.06,8.04804e-08,224.231,1417.07,1.14667e-07,253.813,1783.15,-1.71227e-07,287.297,2243.62,-2.88466e-07,325.198,2822.67,-4.33651e-07,368.098,3550.67,7.9318e-08,416.657,4465.65,3.13319e-07,471.621,5615.16,3.4613e-07,533.835,7058.61,-1.19199e-07,604.255,8870.02,-2.79964e-07,683.962,11141.4,-2.30521e-07,774.182,13986.7,-2.55099e-07,876.299,17546.4,1.23585e-07,991.883,21993.1,1.41192e-07,1122.71,27536.7,-9.71886e-08,1270.78,34430.7,-3.68368e-07,1438.38,42977.7,-3.45379e-07,1628.07,53532.7,-3.25328e-09,1842.77,66504.6,2.6362e-07,2085.77,82350.2,2.53445e-07,2360.79,101560,-2.47407e-08,2672.05,124632,-3.80602e-07,3024.31,152018,-4.79005e-07,3422.98,184060,-1.14379e-07,3874.15,220884,2.64297e-07,4384.72,262283,3.44131e-07,4962.49,307576,7.5349e-08,5616.29,355497,-3.63097e-07,6356.1,404126,-6.05442e-07,7193.18,450932,-2.72333e-07,8140.28,492963,2.29675e-07,9211.79,527178,4.3387e-07,10424,550893,-1.0711e-07,10.102,8.06553,2.81012,10.6436,8.57909,0.869423,11.5336,10.2515,0.270869,12.7211,12.7138,0.0844293,14.1823,15.9373,0.0263173,15.9122,20.0383,0.0082035,17.9198,25.2154,0.00255722,20.2244,31.7373,0.000797017,22.8539,39.9486,0.000248622,25.8438,50.2851,7.75492e-05,29.237,63.2963,2.42508e-05,33.0837,79.6738,7.67162e-06,37.4415,100.288,2.32837e-06,42.3767,126.236,7.33e-07,47.9646,158.896,2.79256e-07,54.2906,200.003,9.87351e-09,61.452,251.741,1.61085e-07,69.5585,316.859,-2.47141e-07,78.7347,398.812,8.93552e-08,89.1218,501.948,-2.53231e-07,100.879,631.736,-1.25047e-07,114.188,795.049,-1.78808e-07,129.252,1000.53,2.6733e-07,146.304,1259.03,4.50292e-07,165.605,1584.19,6.76904e-07,187.452,1993.12,-1.23808e-07,212.181,2507.27,-4.89068e-07,240.173,3153.54,-5.40284e-07,271.856,3965.56,1.86061e-07,307.719,4985.38,4.37004e-07,348.313,6265.4,3.59828e-07,394.26,7870.83,3.98192e-07,446.268,9882.51,-1.92908e-07,505.135,12400.3,-2.20392e-07,571.766,15546.9,1.51705e-07,647.184,19472.2,5.74996e-07,732.547,24357.4,5.39112e-07,829.167,30420,5.07815e-09,938.526,37916.3,-4.11492e-07,1062.3,47143.9,-3.9561e-07,1202.4,58439.2,3.86185e-08,1360.96,72169.3,5.94093e-07,1540.42,88715.8,7.47693e-07,1743.53,108445,1.78537e-07,1973.41,131665,-4.12549e-07,2233.57,158557,-5.37164e-07,2528,189103,-1.17615e-07,2861.2,222986,5.66769e-07,3238.27,259510,9.45053e-07,3664.97,297540,4.25093e-07,4147.81,335497,-3.58506e-07,4694.17,371444,-6.7724e-07,5312.37,403256,1.67192e-07,1.61744,3.89446,9.84394,3.28846,7.5504,12.774,5.07607,11.7187,13.6844,7.03202,16.8147,13.9681,9.20215,23.1769,14.0566,11.6301,31.1672,14.0841,14.3598,41.2186,14.0927,17.4376,53.8688,14.0954,20.9137,69.7915,14.0962,24.8432,89.8341,14.0965,29.2879,115.063,14.0966,34.3168,146.819,14.0966,40.0078,186.792,14.0966,46.4487,237.107,14.0966,53.7388,300.44,14.0966,61.9903,380.158,14.0966,71.3301,480.499,14.0966,81.902,606.796,14.0966,93.8685,765.761,14.0966,107.414,965.837,14.0966,122.746,1217.65,14.0966,140.101,1534.57,14.0966,159.745,1933.41,14.0966,181.981,2435.3,14.0966,207.15,3066.85,14.0966,235.64,3861.46,14.0966,267.889,4861.11,14.0966,304.391,6118.54,14.0966,345.709,7699.91,14.0966,392.478,9688.22,14.0966,445.417,12187.5,14.0966,505.339,15327.7,14.0966,573.165,19271.6,14.0966,649.938,24222,14.0966,736.839,30430.9,14.0966,835.202,38211.5,14.0966,946.539,47950.3,14.0966,1072.56,60122.8,14.0966,1215.21,75309.9,14.0966,1376.66,94216.2,14.0966,1559.41,117688,14.0966,1766.26,146729,14.0966,2000.39,182510,14.0966,2265.39,226372,14.0966,2565.33,279806,14.0966,2904.81,344416,14.0966,3289.05,421845,14.0966,3723.93,513667,14.0966,4216.13,621231,14.0966,4773.18,745478,14.0966,5403.64,886744,14.0966,6117.15,1.04457e+06,14.0966,6924.63,1.2176e+06,14.0966,11.7194,11.96,12.6541,13.9321,16.1295,13.6434,16.6097,21.9702,13.9553,19.7532,29.5285,14.0526,23.3844,39.1143,14.0829,27.5423,51.2054,14.0923,32.2796,66.434,14.0953,37.662,85.6061,14.0962,43.7675,109.74,14.0965,50.687,140.119,14.0966,58.5249,178.359,14.0966,67.4005,226.493,14.0966,77.4493,287.08,14.0966,88.8254,363.343,14.0966,101.703,459.336,14.0966,116.281,580.161,14.0966,132.782,732.241,14.0966,151.46,923.655,14.0966,172.603,1164.57,14.0966,196.535,1467.79,14.0966,223.625,1849.39,14.0966,254.288,2329.62,14.0966,288.997,2933.93,14.0966,328.285,3694.33,14.0966,372.755,4651.04,14.0966,423.092,5854.57,14.0966,480.07,7368.38,14.0966,544.564,9272.08,14.0966,617.566,11665.5,14.0966,700.197,14673.6,14.0966,793.729,18452.9,14.0966,899.599,23198.6,14.0966,1019.43,29154.1,14.0966,1155.07,36622.3,14.0966,1308.6,45977.9,14.0966,1482.39,57683.7,14.0966,1679.09,72307.8,14.0966,1901.73,90542.8,14.0966,2153.73,113226,14.0966,2438.97,141360,14.0966,2761.81,176127,14.0966,3127.22,218898,14.0966,3540.81,271226,14.0966,4008.92,334817,14.0966,4538.74,411470,14.0966,5138.38,502973,14.0966,5817.04,610948,14.0966,6585.12,736653,14.0966,7454.39,880741,14.0966,8438.15,1.04302e+06,14.0966,9551.45,1.22224e+06,14.0966,10811.3,1.41602e+06,14.0966,12237,1.62086e+06,14.0966,11.7194,11.96,12.6541,2.21263,4.16949,0.989383,2.67766,5.84076,0.311842,3.14343,7.55825,0.0972771,3.63127,9.58578,0.0303237,4.15787,12.0912,0.00945211,4.73731,15.2286,0.00294633,5.38238,19.1721,0.000918508,6.10553,24.134,0.000286163,6.91951,30.3791,8.92692e-05,7.83792,38.2397,2.78121e-05,8.87555,48.1338,8.65134e-06,10.0489,60.5876,2.7882e-06,11.3761,76.2629,8.29036e-07,12.8779,95.9927,2.4373e-07,14.5775,120.825,4.33068e-09,16.5012,152.08,1.75749e-07,18.6784,191.415,-1.86328e-07,21.1428,240.917,1.91829e-07,23.9322,303.213,-1.81475e-07,27.0895,381.602,7.0186e-08,30.6634,480.231,-2.86769e-08,34.7087,604.316,2.40784e-07,39.2876,760.401,9.87368e-08,44.4705,956.705,1.22263e-07,50.3371,1203.54,-4.31966e-07,56.9776,1513.81,-1.9705e-07,64.494,1903.69,-2.763e-08,73.0018,2393.4,3.9185e-07,82.6317,3008.13,1.35379e-07,93.5318,3779.25,-4.16351e-08,105.869,4745.7,2.06965e-08,119.834,5955.6,-3.18887e-07,135.641,7468.12,-1.48271e-08,153.531,9355.62,2.00739e-07,173.781,11705.8,2.28358e-07,196.701,14624.1,-1.93587e-08,222.642,18235,-2.88101e-07,252.003,22683.4,-2.24732e-07,285.234,28134,8.56806e-09,322.845,34767,2.34258e-07,365.413,42770.9,2.99668e-07,413.588,52327.9,8.28644e-08,468.111,63591.2,-3.07049e-07,529.814,76653.2,-3.1888e-07,599.642,91502.5,-6.72276e-08,678.662,107975,2.26339e-07,768.083,125705,3.69212e-07,869.267,144088,2.04077e-07,983.76,162277,-2.80509e-07,1113.3,179223,-4.22737e-07,1259.87,193777,-1.71951e-07,1425.68,204839,4.55555e-07,11.7194,11.96,12.6541,2.21263,4.16949,0.989383,2.67766,5.84076,0.311842,3.14343,7.55825,0.0972771,3.63127,9.58578,0.0303237,4.15787,12.0912,0.00945211,4.73731,15.2286,0.00294633,5.38238,19.1721,0.000918508,6.10553,24.134,0.000286163,6.91951,30.3791,8.92692e-05,7.83792,38.2397,2.78121e-05,8.87555,48.1338,8.65134e-06,10.0489,60.5876,2.7882e-06,11.3761,76.2629,8.29036e-07,12.8779,95.9927,2.4373e-07,14.5775,120.825,1e-08,16.5012,152.08,1.75749e-07,18.6784,191.415,1e-08,21.1428,240.917,1.91829e-07,23.9322,303.213,1e-08,27.0895,381.602,7.0186e-08,30.6634,480.231,1e-08,34.7087,604.316,2.40784e-07,39.2876,760.401,9.87368e-08,44.4705,956.705,1.22263e-07,50.3371,1203.54,1e-08,56.9776,1513.81,1e-08,64.494,1903.69,1e-08,73.0018,2393.4,3.9185e-07,82.6317,3008.13,1.35379e-07,93.5318,3779.25,1e-08,105.869,4745.7,2.06965e-08,119.834,5955.6,1e-08,135.641,7468.12,1e-08,153.531,9355.62,2.00739e-07,173.781,11705.8,2.28358e-07,196.701,14624.1,1e-08,222.642,18235,1e-08,252.003,22683.4,1e-08,285.234,28134,1e-08,322.845,34767,2.34258e-07,365.413,42770.9,2.99668e-07,413.588,52327.9,8.28644e-08,468.111,63591.2,1e-08,529.814,76653.2,1e-08,599.642,91502.5,1e-08,678.662,107975,2.26339e-07,768.083,125705,3.69212e-07,869.267,144088,2.04077e-07,983.76,162277,1e-08,1113.3,179223,1e-08,1259.87,193777,1e-08,1425.68,204839,4.55555e-07,6.2823,3.27286,2.43537,0.219672,6.18826,2.24117,0.56371,6.87772,2.63624,0.308279,9,18,20,4,1,1,1,5,0,4,6,0,4,4,0,9,7,0,4,17,0,11,11,0,8,23,0,5,29,0,7,41,0,10,131,0,10,43,0,16,30,0,12,45,0,15,154,0,7,339,0,46,201,0,20,241,0,18,259,0,22,493,0,28,609,0,68,611,0,43,1075,0,41,753,0,89,928,0,57,1420,0,70,2227,0,36,4865,0,55,3163,0,142,2037,0,175,3474,0,129,8988,0,257,10485,0,179,5144,0,133,7304,0,298,11929,0,244,18073,0,215,16484,0,454,18301,0,305,43984,0,376,47626,0,460,81563,0,670,75781,0,661,81354,0,734,104476,0,604,159250,0,922,120483,0,1003,192225,0,1493,118266,0,1107,204976,0,1020,239962,0,1115,138746,0
-1.05176e+08,1,8.88811e-15,10,1023,0,1.05176e+08,0.528882,1.08665,0.389689,0.145397,0.379329,3.24381,0.161596,0.446195,1.77396,0.159177,1.15e+07,4.49998e+06,6.79999e+06,1.15e+07,4.49997e+06,6.79999e+06,1.15e+07,4.49996e+06,6.79999e+06,1.15e+07,4.49995e+06,6.79999e+06,1.14999e+07,4.49993e+06,6.79999e+06,1.14999e+07,4.49991e+06,6.79999e+06,1.14999e+07,4.49989e+06,6.79999e+06,1.14999e+07,4.49986e+06,6.79999e+06,1.14999e+07,4.49982e+06,6.79999e+06,1.14999e+07,4.49977e+06,6.79999e+06,1.14999e+07,4.49971e+06,6.79999e+06,1.14999e+07,4.49963e+06,6.79999e+06,1.14998e+07,4.49953e+06,6.79999e+06,1.14998e+07,4.49941e+06,6.79999e+06,1.14998e+07,4.49926e+06,6.79999e+06,1.14998e+07,4.49906e+06,6.79999e+06,1.14997e+07,4.49882e+06,6.79999e+06,1.14997e+07,4.49851e+06,6.79999e+06,1.14997e+07,4.49812e+06,6.79999e+06,1.14996e+07,4.49764e+06,6.79999e+06,1.14996e+07,4.49702e+06,6.79999e+06,1.14995e+07,4.49625e+06,6.79999e+06,1.14995e+07,4.49528e+06,6.79999e+06,1.14994e+07,4.49406e+06,6.79999e+06,1.14993e+07,4.49253e+06,6.79999e+06,1.14992e+07,4.49059e+06,6.79999e+06,1.14991e+07,4.48817e+06,6.79999e+06,1.1499e+07,4.48511e+06,6.79999e+06,1.14988e+07,4.48128e+06,6.79999e+06,1.14987e+07,4.47646e+06,6.79999e+06,1.14985e+07,4.47041e+06,6.79999e+06,1.14983e+07,4.46281e+06,6.79999e+06,1.14981e+07,4.4533e+06,6.79999e+06,1.14979e+07,4.44138e+06,6.79999e+06,1.14976e+07,4.42649e+06,6.79999e+06,1.14972e+07,4.40789e+06,6.79999e+06,1.14969e+07,4.38471e+06,6.79999e+06,1.14965e+07,4.35592e+06,6.79999e+06,1.1496e+07,4.32027e+06,6.79999e+06,1.14955e+07,4.27629e+06,6.79999e+06,1.14949e+07,4.22231e+06,6.79999e+06,1.14942e+07,4.15647e+06,6.79999e+06,1.14934e+07,4.07676e+06,6.79999e+06,1.14926e+07,3.98112e+06,6.79999e+06,1.14916e+07,3.86765e+06,6.79999e+06,1.14905e+07,3.73474e+06,6.79999e+06,1.14892e+07,3.58148e+06,6.79999e+06,1.14878e+07,3.40785e+06,6.79999e+06,1.14862e+07,3.21513e+06,6.79999e+06,1.14844e+07,3.00605e+06,6.79999e+06,1.14823e+07,2.7848e+06,6.79999e+06,1.148e+07,2.5568e+06,6.79999e+06,1.14773e+07,2.32825e+06,6.79999e+06,13.5742,8.52444,0.508366,16.8306,13.2585,0.162638,20.0035,17.569,0.0507846,23.2616,22.4214,0.0158319,26.7328,28.3297,0.00493498,30.5212,35.6974,0.00153831,34.7178,44.9473,0.000479527,39.4086,56.5822,0.000149456,44.6796,71.2245,4.66214e-05,50.6209,89.6543,1.45419e-05,57.3297,112.852,4.54748e-06,64.9129,142.051,1.43857e-06,73.4897,178.803,4.36618e-07,83.1934,225.062,1.40153e-07,94.1745,283.286,4.96378e-08,106.602,356.568,1.05434e-07,120.669,448.799,-6.49244e-08,136.59,564.873,1.70148e-07,154.611,710.948,-5.34594e-08,175.008,894.767,1.63407e-07,198.097,1126.06,8.04804e-08,224.231,1417.07,1.14667e-07,253.813,1783.15,-1.71227e-07,287.297,2243.62,-2.88466e-07,325.198,2822.67,-4.33651e-07,368.098,3550.67,7.9318e-08,416.657,4465.65,3.13319e-07,471.621,5615.16,3.4613e-07,533.835,7058.61,-1.19199e-07,604.255,8870.02,-2.79964e-07,683.962,11141.4,-2.30521e-07,774.182,13986.7,-2.55099e-07,876.299,17546.4,1.23585e-07,991.883,21993.1,1.41192e-07,1122.71,27536.7,-9.71886e-08,1270.78,34430.7,-3.68368e-07,1438.38,42977.7,-3.45379e-07,1628.07,53532.7,-3.25328e-09,1842.77,66504.6,2.6362e-07,2085.77,82350.2,2.53445e-07,2360.79,101560,-2.47407e-08,2672.05,124632,-3.80602e-07,3024.31,152018,-4.79005e-07,3422.98,184060,-1.14379e-07,3874.15,220884,2.64297e-07,4384.72,262283,3.44131e-07,4962.49,307576,7.5349e-08,5616.29,355497,-3.63097e-07,6356.1,404126,-6.05442e-07,7193.18,450932,-2.72333e-07,8140.28,492963,2.29675e-07,9211.79,527178,4.3387e-07,10424,550893,-1.0711e-07,10.102,8.06553,2.81012,10.6436,8.57909,0.869423,11.5336,10.2515,0.270869,12.7211,12.7138,0.0844293,14.1823,15.9373,0.0263173,15.9122,20.0383,0.0082035,17.9198,25.2154,0.00255722,20.2244,31.7373,0.000797017,22.8539,39.9486,0.000248622,25.8438,50.2851,7.75492e-05,29.237,63.2963,2.42508e-05,33.0837,79.6738,7.67162e-06,37.4415,100.288,2.32837e-06,42.3767,126.236,7.33e-07,47.9646,158.896,2.79256e-07,54.2906,200.003,9.87351e-09,61.452,251.741,1.61085e-07,69.5585,316.859,-2.47141e-07,78.7347,398.812,8.93552e-08,89.1218,501.948,-2.53231e-07,100.879,631.736,-1.25047e-07,114.188,795.049,-1.78808e-07,129.252,1000.53,2.6733e-07,146.304,1259.03,4.50292e-07,165.605,1584.19,6.76904e-07,187.452,1993.12,-1.23808e-07,212.181,2507.27,-4.89068e-07,240.173,3153.54,-5.40284e-07,271.856,3965.56,1.86061e-07,307.719,4985.38,4.37004e-07,348.313,6265.4,3.59828e-07,394.26,7870.83,3.98192e-07,446.268,9882.51,-1.92908e-07,505.135,12400.3,-2.20392e-07,571.766,15546.9,1.51705e-07,647.184,19472.2,5.74996e-07,732.547,24357.4,5.39112e-07,829.167,30420,5.07815e-09,938.526,37916.3,-4.11492e-07,1062.3,47143.9,-3.9561e-07,1202.4,58439.2,3.86185e-08,1360.96,72169.3,5.94093e-07,1540.42,88715.8,7.47693e-07,1743.53,108445,1.78537e-07,1973.41,131665,-4.12549e-07,2233.57,158557,-5.37164e-07,2528,189103,-1.17615e-07,2861.2,222986,5.66769e-07,3238.27,259510,9.45053e-07,3664.97,297540,4.25093e-07,4147.81,335497,-3.58506e-07,4694.17,371444,-6.7724e-07,5312.37,403256,1.67192e-07,1.61744,3.89446,9.84394,3.28846,7.5504,12.774,5.07607,11.7187,13.6844,7.03202,16.8147,13.9681,9.20215,23.1769,14.0566,11.6301,31.1672,14.0841,14.3598,41.2186,14.0927,17.4376,53.8688,14.0954,20.9137,69.7915,14.0962,24.8432,89.8341,14.0965,29.2879,115.063,14.0966,34.3168,146.819,14.0966,40.0078,186.792,14.0966,46.4487,237.107,14.0966,53.7388,300.44,14.0966,61.9903,380.158,14.0966,71.3301,480.499,14.0966,81.902,606.796,14.0966,93.8685,765.761,14.0966,107.414,965.837,14.0966,122.746,1217.65,14.0966,140.101,1534.57,14.0966,159.745,1933.41,14.0966,181.981,2435.3,14.0966,207.15,3066.85,14.0966,235.64,3861.46,14.0966,267.889,4861.11,14.0966,304.391,6118.54,14.0966,345.709,7699.91,14.0966,392.478,9688.22,14.0966,445.417,12187.5,14.0966,505.339,15327.7,14.0966,573.165,19271.6,14.0966,649.938,24222,14.0966,736.839,30430.9,14.0966,835.202,38211.5,14.0966,946.539,47950.3,14.0966,1072.56,60122.8,14.0966,1215.21,75309.9,14.0966,1376.66,94216.2,14.0966,1559.41,117688,14.0966,1766.26,146729,14.0966,2000.39,182510,14.0966,2265.39,226372,14.0966,2565.33,279806,14.0966,2904.81,344416,14.0966,3289.05,421845,14.0966,3723.93,513667,14.0966,4216.13,621231,14.0966,4773.18,745478,14.0966,5403.64,886744,14.0966,6117.15,1.04457e+06,14.0966,6924.63,1.2176e+06,14.0966,11.7194,11.96,12.6541,13.9321,16.1295,13.6434,16.6097,21.9702,13.9553,19.7532,29.5285,14.0526,23.3844,39.1143,14.0829,27.5423,51.2054,14.0923,32.2796,66.434,14.0953,37.662,85.6061,14.0962,43.7675,109.74,14.0965,50.687,140.119,14.0966,58.5249,178.359,14.0966,67.4005,226.493,14.0966,77.4493,287.08,14.0966,88.8254,363.343,14.0966,101.703,459.336,14.0966,116.281,580.161,14.0966,132.782,732.241,14.0966,151.46,923.655,14.0966,172.603,1164.57,14.0966,196.535,1467.79,14.0966,223.625,1849.39,14.0966,254.288,2329.62,14.0966,288.997,2933.93,14.0966,328.285,3694.33,14.0966,372.755,4651.04,14.0966,423.092,5854.57,14.0966,480.07,7368.38,14.0966,544.564,9272.08,14.0966,617.566,11665.5,14.0966,700.197,14673.6,14.0966,793.729,18452.9,14.0966,899.599,23198.6,14.0966,1019.43,29154.1,14.0966,1155.07,36622.3,14.0966,1308.6,45977.9,14.0966,1482.39,57683.7,14.0966,1679.09,72307.8,14.0966,1901.73,90542.8,14.0966,2153.73,113226,14.0966,2438.97,141360,14.0966,2761.81,176127,14.0966,3127.22,218898,14.0966,3540.81,271226,14.0966,4008.92,334817,14.0966,4538.74,411470,14.0966,5138.38,502973,14.0966,5817.04,610948,14.0966,6585.12,736653,14.0966,7454.39,880741,14.0966,8438.15,1.04302e+06,14.0966,9551.45,1.22224e+06,14.0966,10811.3,1.41602e+06,14.0966,12237,1.62086e+06,14.0966,11.7194,11.96,12.6541,2.21263,4.16949,0.989383,2.67766,5.84076,0.311842,3.14343,7.55825,0.0972771,3.63127,9.58578,0.0303237,4.15787,12.0912,0.00945211,4.73731,15.2286,0.00294633,5.38238,19.1721,0.000918508,6.10553,24.134,0.000286163,6.91951,30.3791,8.92692e-05,7.83792,38.2397,2.78121e-05,8.87555,48.1338,8.65134e-06,10.0489,60.5876,2.7882e-06,11.3761,76.2629,8.29036e-07,12.8779,95.9927,2.4373e-07,14.5775,120.825,4.33068e-09,16.5012,152.08,1.75749e-07,18.6784,191.415,-1.86328e-07,21.1428,240.917,1.91829e-07,23.9322,303.213,-1.81475e-07,27.0895,381.602,7.0186e-08,30.6634,480.231,-2.86769e-08,34.7087,604.316,2.40784e-07,39.2876,760.401,9.87368e-08,44.4705,956.705,1.22263e-07,50.3371,1203.54,-4.31966e-07,56.9776,1513.81,-1.9705e-07,64.494,1903.69,-2.763e-08,73.0018,2393.4,3.9185e-07,82.6317,3008.13,1.35379e-07,93.5318,3779.25,-4.16351e-08,105.869,4745.7,2.06965e-08,119.834,5955.6,-3.18887e-07,135.641,7468.12,-1.48271e-08,153.531,9355.62,2.00739e-07,173.781,11705.8,2.28358e-07,196.701,14624.1,-1.93587e-08,222.642,18235,-2.88101e-07,252.003,22683.4,-2.24732e-07,285.234,28134,8.56806e-09,322.845,34767,2.34258e-07,365.413,42770.9,2.99668e-07,413.588,52327.9,8.28644e-08,468.111,63591.2,-3.07049e-07,529.814,76653.2,-3.1888e-07,599.642,91502.5,-6.72276e-08,678.662,107975,2.26339e-07,768.083,125705,3.69212e-07,869.267,144088,2.04077e-07,983.76,162277,-2.80509e-07,1113.3,179223,-4.22737e-07,1259.87,193777,-1.71951e-07,1425.68,204839,4.55555e-07,11.7194,11.96,12.6541,2.21263,4.16949,0.989383,2.67766,5.84076,0.311842,3.14343,7.55825,0.0972771,3.63127,9.58578,0.0303237,4.15787,12.0912,0.00945211,4.73731,15.2286,0.00294633,5.38238,19.1721,0.000918508,6.10553,24.134,0.000286163,6.91951,30.3791,8.92692e-05,7.83792,38.2397,2.78121e-05,8.87555,48.1338,8.65134e-06,10.0489,60.5876,2.7882e-06,11.3761,76.2629,8.29036e-07,12.8779,95.9927,2.4373e-07,14.5775,120.825,1e-08,16.5012,152.08,1.75749e-07,18.6784,191.415,1e-08,21.1428,240.917,1.91829e-07,23.9322,303.213,1e-08,27.0895,381.602,7.0186e-08,30.6634,480.231,1e-08,34.7087,604.316,2.40784e-07,39.2876,760.401,9.87368e-08,44.4705,956.705,1.22263e-07,50.3371,1203.54,1e-08,56.9776,1513.81,1e-08,64.494,1903.69,1e-08,73.0018,2393.4,3.9185e-07,82.6317,3008.13,1.35379e-07,93.5318,3779.25,1e-08,105.869,4745.7,2.06965e-08,119.834,5955.6,1e-08,135.641,7468.12,1e-08,153.531,9355.62,2.00739e-07,173.781,11705.8,2.28358e-07,196.701,14624.1,1e-08,222.642,18235,1e-08,252.003,22683.4,1e-08,285.234,28134,1e-08,322.845,34767,2.34258e-07,365.413,42770.9,2.99668e-07,413.588,52327.9,8.28644e-08,468.111,63591.2,1e-08,529.814,76653.2,1e-08,599.642,91502.5,1e-08,678.662,107975,2.26339e-07,768.083,125705,3.69212e-07,869.267,144088,2.04077e-07,983.76,162277,1e-08,1113.3,179223,1e-08,1259.87,193777,1e-08,1425.68,204839,4.55555e-07,6.2823,3.27286,2.43537,0.219672,6.18826,2.24117,0.56371,6.87772,2.63624,0.308279,12,4,10,2,6,0,3,3,1,8,6,1,3,5,0,2,15,0,2,6,0,3,10,0,2,16,0,3,22,0,9,55,0,5,23,0,10,30,0,3,41,0,9,92,0,30,94,0,11,98,0,8,161,0,19,131,0,18,403,0,31,361,0,47,343,0,34,331,0,62,582,0,38,885,0,74,1064,0,48,2774,0,81,1464,0,53,2369,0,114,4045,0,106,4433,0,106,4847,0,118,4477,0,120,6995,0,119,8881,0,213,10994,0,206,6524,0,207,16890,0,355,24427,0,370,27373,0,253,12977,0,122,78574,0,553,35303,0,562,62569,0,801,89637,0,600,84522,0,488,143941,0,523,44343,0,867,86813,0,1916,232003,0,661,323741,0,1021,132443,0,908,443796,0
-1.05176e+08,1,8.88811e-15,10,1023,0,1.05176e+08,0.528882,1.08665,0.389689,0.145397,0.379329,3.24381,0.161596,0.446195,1.77396,0.159177,1.15e+07,4.49998e+06,6.79999e+06,1.15e+07,4.49997e+06,6.79999e+06,1.15e+07,4.49996e+06,6.79999e+06,1.15e+07,4.49995e+06,6.79999e+06,1.14999e+07,4.49993e+06,6.79999e+06,1.14999e+07,4.49991e+06,6.79999e+06,1.14999e+07,4.49989e+06,6.79999e+06,1.14999e+07,4.49986e+06,6.79999e+06,1.14999e+07,4.49982e+06,6.79999e+06,1.14999e+07,4.49977e+06,6.79999e+06,1.14999e+07,4.49971e+06,6.79999e+06,1.14999e+07,4.49963e+06,6.79999e+06,1.14998e+07,4.49953e+06,6.79999e+06,1.14998e+07,4.49941e+06,6.79999e+06,1.14998e+07,4.49926e+06,6.79999e+06,1.14998e+07,4.49906e+06,6.79999e+06,1.14997e+07,4.49882e+06,6.79999e+06,1.14997e+07,4.49851e+06,6.79999e+06,1.14997e+07,4.49812e+06,6.79999e+06,1.14996e+07,4.49764e+06,6.79999e+06,1.14996e+07,4.49702e+06,6.79999e+06,1.14995e+07,4.49625e+06,6.79999e+06,1.14995e+07,4.49528e+06,6.79999e+06,1.14994e+07,4.49406e+06,6.79999e+06,1.14993e+07,4.49253e+06,6.79999e+06,1.14992e+07,4.49059e+06,6.79999e+06,1.14991e+07,4.48817e+06,6.79999e+06,1.1499e+07,4.48511e+06,6.79999e+06,1.14988e+07,4.48128e+06,6.79999e+06,1.14987e+07,4.47646e+06,6.79999e+06,1.14985e+07,4.47041e+06,6.79999e+06,1.14983e+07,4.46281e+06,6.79999e+06,1.14981e+07,4.4533e+06,6.79999e+06,1.14979e+07,4.44138e+06,6.79999e+06,1.14976e+07,4.42649e+06,6.79999e+06,1.14972e+07,4.40789e+06,6.79999e+06,1.14969e+07,4.38471e+06,6.79999e+06,1.14965e+07,4.35592e+06,6.79999e+06,1.1496e+07,4.32027e+06,6.79999e+06,1.14955e+07,4.27629e+06,6.79999e+06,1.14949e+07,4.22231e+06,6.79999e+06,1.14942e+07,4.15647e+06,6.79999e+06,1.14934e+07,4.07676e+06,6.79999e+06,1.14926e+07,3.98112e+06,6.79999e+06,1.14916e+07,3.86765e+06,6.79999e+06,1.14905e+07,3.73474e+06,6.79999e+06,1.14892e+07,3.58148e+06,6.79999e+06,1.14878e+07,3.40785e+06,6.79999e+06,1.14862e+07,3.21513e+06,6.79999e+06,1.14844e+07,3.00605e+06,6.79999e+06,1.14823e+07,2.7848e+06,6.79999e+06,1.148e+07,2.5568e+06,6.79999e+06,1.14773e+07,2.32825e+06,6.79999e+06,13.5742,8.52444,0.508366,16.8306,13.2585,0.162638,20.0035,17.569,0.0507846,23.2616,22.4214,0.0158319,26.7328,28.3297,0.00493498,30.5212,35.6974,0.00153831,34.7178,44.9473,0.000479527,39.4086,56.5822,0.000149456,44.6796,71.2245,4.66214e-05,50.6209,89.6543,1.45419e-05,57.3297,112.852,4.54748e-06,64.9129,142.051,1.43857e-06,73.4897,178.803,4.36618e-07,83.1934,225.062,1.40153e-07,94.1745,283.286,4.96378e-08,106.602,356.568,1.05434e-07,120.669,448.799,-6.49244e-08,136.59,564.873,1.70148e-07,154.611,710.948,-5.34594e-08,175.008,894.767,1.63407e-07,198.097,1126.06,8.04804e-08,224.231,1417.07,1.14667e-07,253.813,1783.15,-1.71227e-07,287.297,2243.62,-2.88466e-07,325.198,2822.67,-4.33651e-07,368.098,3550.67,7.9318e-08,416.657,4465.65,3.13319e-07,471.621,5615.16,3.4613e-07,533.835,7058.61,-1.19199e-07,604.255,8870.02,-2.79964e-07,683.962,11141.4,-2.30521e-07,774.182,13986.7,-2.55099e-07,876.299,17546.4,1.23585e-07,991.883,21993.1,1.41192e-07,1122.71,27536.7,-9.71886e-08,1270.78,34430.7,-3.68368e-07,1438.38,42977.7,-3.45379e-07,1628.07,53532.7,-3.25328e-09,1842.77,66504.6,2.6362e-07,2085.77,82350.2,2.53445e-07,2360.79,101560,-2.47407e-08,2672.05,124632,-3.80602e-07,3024.31,152018,-4.79005e-07,3422.98,184060,-1.14379e-07,3874.15,220884,2.64297e-07,4384.72,262283,3.44131e-07,4962.49,307576,7.5349e-08,5616.29,355497,-3.63097e-07,6356.1,404126,-6.05442e-07,7193.18,450932,-2.72333e-07,8140.28,492963,2.29675e-07,9211.79,527178,4.3387e-07,10424,550893,-1.0711e-07,10.102,8.06553,2.81012,10.6436,8.57909,0.869423,11.5336,10.2515,0.270869,12.7211,12.7138,0.0844293,14.1823,15.9373,0.0263173,15.9122,20.0383,0.0082035,17.9198,25.2154,0.00255722,20.2244,31.7373,0.000797017,22.8539,39.9486,0.000248622,25.8438,50.2851,7.75492e-05,29.237,63.2963,2.42508e-05,33.0837,79.6738,7.67162e-06,37.4415,100.288,2.32837e-06,42.3767,126.236,7.33e-07,47.9646,158.896,2.79256e-07,54.2906,200.003,9.87351e-09,61.452,251.741,1.61085e-07,69.5585,316.859,-2.47141e-07,78.7347,398.812,8.93552e-08,89.1218,501.948,-2.53231e-07,100.879,631.736,-1.25047e-07,114.188,795.049,-1.78808e-07,129.252,1000.53,2.6733e-07,146.304,1259.03,4.50292e-07,165.605,1584.19,6.76904e-07,187.452,1993.12,-1.23808e-07,212.181,2507.27,-4.89068e-07,240.173,3153.54,-5.40284e-07,271.856,3965.56,1.86061e-07,307.719,4985.38,4.37004e-07,348.313,6265.4,3.59828e-07,394.26,7870.83,3.98192e-07,446.268,9882.51,-1.92908e-07,505.135,12400.3,-2.20392e-07,571.766,15546.9,1.51705e-07,647.184,19472.2,5.74996e-07,732.547,24357.4,5.39112e-07,829.167,30420,5.07815e-09,938.526,37916.3,-4.11492e-07,1062.3,47143.9,-3.9561e-07,1202.4,58439.2,3.86185e-08,1360.96,72169.3,5.94093e-07,1540.42,88715.8,7.47693e-07,1743.53,108445,1.78537e-07,1973.41,131665,-4.12549e-07,2233.57,158557,-5.37164e-07,2528,189103,-1.17615e-07,2861.2,222986,5.66769e-07,3238.27,259510,9.45053e-07,3664.97,297540,4.25093e-07,4147.81,335497,-3.58506e-07,4694.17,371444,-6.7724e-07,5312.37,403256,1.67192e-07,1.61744,3.89446,9.84394,3.28846,7.5504,12.774,5.07607,11.7187,13.6844,7.03202,16.8147,13.9681,9.20215,23.1769,14.0566,11.6301,31.1672,14.0841,14.3598,41.2186,14.0927,17.4376,53.8688,14.0954,20.9137,69.7915,14.0962,24.8432,89.8341,14.0965,29.2879,115.063,14.0966,34.3168,146.819,14.0966,40.0078,186.792,14.0966,46.4487,237.107,14.0966,53.7388,300.44,14.0966,61.9903,380.158,14.0966,71.3301,480.499,14.0966,81.902,606.796,14.0966,93.8685,765.761,14.0966,107.414,965.837,14.0966,122.746,1217.65,14.0966,140.101,1534.57,14.0966,159.745,1933.41,14.0966,181.981,2435.3,14.0966,207.15,3066.85,14.0966,235.64,3861.46,14.0966,267.889,4861.11,14.0966,304.391,6118.54,14.0966,345.709,7699.91,14.0966,392.478,9688.22,14.0966,445.417,12187.5,14.0966,505.339,15327.7,14.0966,573.165,19271.6,14.0966,649.938,24222,14.0966,736.839,30430.9,14.0966,835.202,38211.5,14.0966,946.539,47950.3,14.0966,1072.56,60122.8,14.0966,1215.21,75309.9,14.0966,1376.66,94216.2,14.0966,1559.41,117688,14.0966,1766.26,146729,14.0966,2000.39,182510,14.0966,2265.39,226372,14.0966,2565.33,279806,14.0966,2904.81,344416,14.0966,3289.05,421845,14.0966,3723.93,513667,14.0966,4216.13,621231,14.0966,4773.18,745478,14.0966,5403.64,886744,14.0966,6117.15,1.04457e+06,14.0966,6924.63,1.2176e+06,14.0966,11.7194,11.96,12.6541,13.9321,16.1295,13.6434,16.6097,21.9702,13.9553,19.7532,29.5285,14.0526,23.3844,39.1143,14.0829,27.5423,51.2054,14.0923,32.2796,66.434,14.0953,37.662,85.6061,14.0962,43.7675,109.74,14.0965,50.687,140.119,14.0966,58.5249,178.359,14.0966,67.4005,226.493,14.0966,77.4493,287.08,14.0966,88.8254,363.343,14.0966,101.703,459.336,14.0966,116.281,580.161,14.0966,132.782,732.241,14.0966,151.46,923.655,14.0966,172.603,1164.57,14.0966,196.535,1467.79,14.0966,223.625,1849.39,14.0966,254.288,2329.62,14.0966,288.997,2933.93,14.0966,328.285,3694.33,14.0966,372.755,4651.04,14.0966,423.092,5854.57,14.0966,480.07,7368.38,14.0966,544.564,9272.08,14.0966,617.566,11665.5,14.0966,700.197,14673.6,14.0966,793.729,18452.9,14.0966,899.599,23198.6,14.0966,1019.43,29154.1,14.0966,1155.07,36622.3,14.0966,1308.6,45977.9,14.0966,1482.39,57683.7,14.0966,1679.09,72307.8,14.0966,1901.73,90542.8,14.0966,2153.73,113226,14.0966,2438.97,141360,14.0966,2761.81,176127,14.0966,3127.22,218898,14.0966,3540.81,271226,14.0966,4008.92,334817,14.0966,4538.74,411470,14.0966,5138.38,502973,14.0966,5817.04,610948,14.0966,6585.12,736653,14.0966,7454.39,880741,14.0966,8438.15,1.04302e+06,14.0966,9551.45,1.22224e+06,14.0966,10811.3,1.41602e+06,14.0966,12237,1.62086e+06,14.0966,11.7194,11.96,12.6541,2.21263,4.16949,0.989383,2.67766,5.84076,0.311842,3.14343,7.55825,0.0972771,3.63127,9.58578,0.0303237,4.15787,12.0912,0.00945211,4.73731,15.2286,0.00294633,5.38238,19.1721,0.000918508,6.10553,24.134,0.000286163,6.91951,30.3791,8.92692e-05,7.83792,38.2397,2.78121e-05,8.87555,48.1338,8.65134e-06,10.0489,60.5876,2.7882e-06,11.3761,76.2629,8.29036e-07,12.8779,95.9927,2.4373e-07,14.5775,120.825,4.33068e-09,16.5012,152.08,1.75749e-07,18.6784,191.415,-1.86328e-07,21.1428,240.917,1.91829e-07,23.9322,303.213,-1.81475e-07,27.0895,381.602,7.0186e-08,30.6634,480.231,-2.86769e-08,34.7087,604.316,2.40784e-07,39.2876,760.401,9.87368e-08,44.4705,956.705,1.22263e-07,50.3371,1203.54,-4.31966e-07,56.9776,1513.81,-1.9705e-07,64.494,1903.69,-2.763e-08,73.0018,2393.4,3.9185e-07,82.6317,3008.13,1.35379e-07,93.5318,3779.25,-4.16351e-08,105.869,4745.7,2.06965e-08,119.834,5955.6,-3.18887e-07,135.641,7468.12,-1.48271e-08,153.531,9355.62,2.00739e-07,173.781,11705.8,2.28358e-07,196.701,14624.1,-1.93587e-08,222.642,18235,-2.88101e-07,252.003,22683.4,-2.24732e-07,285.234,28134,8.56806e-09,322.845,34767,2.34258e-07,365.413,42770.9,2.99668e-07,413.588,52327.9,8.28644e-08,468.111,63591.2,-3.07049e-07,529.814,76653.2,-3.1888e-07,599.642,91502.5,-6.72276e-08,678.662,107975,2.26339e-07,768.083,125705,3.69212e-07,869.267,144088,2.04077e-07,983.76,162277,-2.80509e-07,1113.3,179223,-4.22737e-07,1259.87,193777,-1.71951e-07,1425.68,204839,4.55555e-07,11.7194,11.96,12.6541,2.21263,4.16949,0.989383,2.67766,5.84076,0.311842,3.14343,7.55825,0.0972771,3.63127,9.58578,0.0303237,4.15787,12.0912,0.00945211,4.73731,15.2286,0.00294633,5.38238,19.1721,0.000918508,6.10553,24.134,0.000286163,6.91951,30.3791,8.92692e-05,7.83792,38.2397,2.78121e-05,8.87555,48.1338,8.65134e-06,10.0489,60.5876,2.7882e-06,11.3761,76.2629,8.29036e-07,12.8779,95.9927,2.4373e-07,14.5775,120.825,1e-08,16.5012,152.08,1.75749e-07,18.6784,191.415,1e-08,21.1428,240.917,1.91829e-07,23.9322,303.213,1e-08,27.0895,381.602,7.0186e-08,30.6634,480.231,1e-08,34.7087,604.316,2.40784e-07,39.2876,760.401,9.87368e-08,44.4705,956.705,1.22263e-07,50.3371,1203.54,1e-08,56.9776,1513.81,1e-08,64.494,1903.69,1e-08,73.0018,2393.4,3.9185e-07,82.6317,3008.13,1.35379e-07,93.5318,3779.25,1e-08,105.869,4745.7,2.06965e-08,119.834,5955.6,1e-08,135.641,7468.12,1e-08,153.531,9355.62,2.00739e-07,173.781,11705.8,2.28358e-07,196.701,14624.1,1e-08,222.642,18235,1e-08,252.003,22683.4,1e-08,285.234,28134,1e-08,322.845,34767,2.34258e-07,365.413,42770.9,2.99668e-07,413.588,52327.9,8.28644e-08,468.111,63591.2,1e-08,529.814,76653.2,1e-08,599.642,91502.5,1e-08,678.662,107975,2.26339e-07,768.083,125705,3.69212e-07,869.267,144088,2.04077e-07,983.76,162277,1e-08,1113.3,179223,1e-08,1259.87,193777,1e-08,1425.68,204839,4.55555e-07,6.2823,3.27286,2.43537,0.219672,6.18826,2.24117,0.56371,6.87772,2.63624,0.308279,15,11,17,1,8,1,0,3,1,2,8,1,3,12,0,5,14,0,4,8,0,3,5,0,6,39,0,5,46,0,14,19,0,11,13,0,6,57,0,19,161,0,15,90,0,14,61,0,9,173,0,16,150,0,23,202,0,51,209,0,22,535,0,93,880,0,27,867,0,47,912,0,52,558,0,49,936,0,63,1517,0,77,1396,0,54,4065,0,58,2473,0,100,4018,0,175,5055,0,77,4298,0,166,5880,0,80,6411,0,171,14900,0,209,18056,0,221,20823,0,138,15031,0,125,22681,0,542,31128,0,331,48534,0,264,82950,0,342,52196,0,972,64178,0,928,66030,0,1044,93137,0,1758,147020,0,533,243104,0,1499,244375,0,1024,150189,0,1543,172076,0,1241,216837,0
-1.05176e+08,1,8.88811e-15,10,1023,0,1.05176e+08,0.528882,1.08665,0.389689,0.145397,0.379329,3.24381,0.161596,0.446195,1.77396,0.159177,1.15e+07,4.49998e+06,6.79999e+06,1.15e+07,4.49997e+06,6.79999e+06,1.15e+07,4.49996e+06,6.79999e+06,1.15e+07,4.49995e+06,6.79999e+06,1.14999e+07,4.49993e+06,6.79999e+06,1.14999e+07,4.49991e+06,6.79999e+06,1.14999e+07,4.49989e+06,6.79999e+06,1.14999e+07,4.49986e+06,6.79999e+06,1.14999e+07,4.49982e+06,6.79999e+06,1.14999e+07,4.49977e+06,6.79999e+06,1.14999e+07,4.49971e+06,6.79999e+06,1.14999e+07,4.49963e+06,6.79999e+06,1.14998e+07,4.49953e+06,6.79999e+06,1.14998e+07,4.49941e+06,6.79999e+06,1.14998e+07,4.49926e+06,6.79999e+06,1.14998e+07,4.49906e+06,6.79999e+06,1.14997e+07,4.49882e+06,6.79999e+06,1.14997e+07,4.49851e+06,6.79999e+06,1.14997e+07,4.49812e+06,6.79999e+06,1.14996e+07,4.49764e+06,6.79999e+06,1.14996e+07,4.49702e+06,6.79999e+06,1.14995e+07,4.49625e+06,6.79999e+06,1.14995e+07,4.49528e+06,6.79999e+06,1.14994e+07,4.49406e+06,6.79999e+06,1.14993e+07,4.49253e+06,6.79999e+06,1.14992e+07,4.49059e+06,6.79999e+06,1.14991e+07,4.48817e+06,6.79999e+06,1.1499e+07,4.48511e+06,6.79999e+06,1.14988e+07,4.48128e+06,6.79999e+06,1.14987e+07,4.47646e+06,6.79999e+06,1.14985e+07,4.47041e+06,6.79999e+06,1.14983e+07,4.46281e+06,6.79999e+06,1.14981e+07,4.4533e+06,6.79999e+06,1.14979e+07,4.44138e+06,6.79999e+06,1.14976e+07,4.42649e+06,6.79999e+06,1.14972e+07,4.40789e+06,6.79999e+06,1.14969e+07,4.38471e+06,6.79999e+06,1.14965e+07,4.35592e+06,6.79999e+06,1.1496e+07,4.32027e+06,6.79999e+06,1.14955e+07,4.27629e+06,6.79999e+06,1.14949e+07,4.22231e+06,6.79999e+06,1.14942e+07,4.15647e+06,6.79999e+06,1.14934e+07,4.07676e+06,6.79999e+06,1.14926e+07,3.98112e+06,6.79999e+06,1.14916e+07,3.86765e+06,6.79999e+06,1.14905e+07,3.73474e+06,6.79999e+06,1.14892e+07,3.58148e+06,6.79999e+06,1.14878e+07,3.40785e+06,6.79999e+06,1.14862e+07,3.21513e+06,6.79999e+06,1.14844e+07,3.00605e+06,6.79999e+06,1.14823e+07,2.7848e+06,6.79999e+06,1.148e+07,2.5568e+06,6.79999e+06,1.14773e+07,2.32825e+06,6.79999e+06,13.5742,8.52444,0.508366,16.8306,13.2585,0.162638,20.0035,17.569,0.0507846,23.2616,22.4214,0.0158319,26.7328,28.3297,0.00493498,30.5212,35.6974,0.00153831,34.7178,44.9473,0.000479527,39.4086,56.5822,0.000149456,44.6796,71.2245,4.66214e-05,50.6209,89.6543,1.45419e-05,57.3297,112.852,4.54748e-06,64.9129,142.051,1.43857e-06,73.4897,178.803,4.36618e-07,83.1934,225.062,1.40153e-07,94.1745,283.286,4.96378e-08,106.602,356.568,1.05434e-07,120.669,448.799,-6.49244e-08,136.59,564.873,1.70148e-07,154.611,710.948,-5.34594e-08,175.008,894.767,1.63407e-07,198.097,1126.06,8.04804e-08,224.231,1417.07,1.14667e-07,253.813,1783.15,-1.71227e-07,287.297,2243.62,-2.88466e-07,325.198,2822.67,-4.33651e-07,368.098,3550.67,7.9318e-08,416.657,4465.65,3.13319e-07,471.621,5615.16,3.4613e-07,533.835,7058.61,-1.19199e-07,604.255,8870.02,-2.79964e-07,683.962,11141.4,-2.30521e-07,774.182,13986.7,-2.55099e-07,876.299,17546.4,1.23585e-07,991.883,21993.1,1.41192e-07,1122.71,27536.7,-9.71886e-08,1270.78,34430.7,-3.68368e-07,1438.38,42977.7,-3.45379e-07,1628.07,53532.7,-3.25328e-09,1842.77,66504.6,2.6362e-07,2085.77,82350.2,2.53445e-07,2360.79,101560,-2.47407e-08,2672.05,124632,-3.80602e-07,3024.31,152018,-4.79005e-07,3422.98,184060,-1.14379e-07,3874.15,220884,2.64297e-07,4384.72,262283,3.44131e-07,4962.49,307576,7.5349e-08,5616.29,355497,-3.63097e-07,6356.1,404126,-6.05442e-07,7193.18,450932,-2.72333e-07,8140.28,492963,2.29675e-07,9211.79,527178,4.3387e-07,10424,550893,-1.0711e-07,10.102,8.06553,2.81012,10.6436,8.57909,0.869423,11.5336,10.2515,0.270869,12.7211,12.7138,0.0844293,14.1823,15.9373,0.0263173,15.9122,20.0383,0.0082035,17.9198,25.2154,0.00255722,20.2244,31.7373,0.000797017,22.8539,39.9486,0.000248622,25.8438,50.2851,7.75492e-05,29.237,63.2963,2.42508e-05,33.0837,79.6738,7.67162e-06,37.4415,100.288,2.32837e-06,42.3767,126.236,7.33e-07,47.9646,158.896,2.79256e-07,54.2906,200.003,9.87351e-09,61.452,251.741,1.61085e-07,69.5585,316.859,-2.47141e-07,78.7347,398.812,8.93552e-08,89.1218,501.948,-2.53231e-07,100.879,631.736,-1.25047e-07,114.188,795.049,-1.78808e-07,129.252,1000.53,2.6733e-07,146.304,1259.03,4.50292e-07,165.605,1584.19,6.76904e-07,187.452,1993.12,-1.23808e-07,212.181,2507.27,-4.89068e-07,240.173,3153.54,-5.40284e-07,271.856,3965.56,1.86061e-07,307.719,4985.38,4.37004e-07,348.313,6265.4,3.59828e-07,394.26,7870.83,3.98192e-07,446.268,9882.51,-1.92908e-07,505.135,12400.3,-2.20392e-07,571.766,15546.9,1.51705e-07,647.184,19472.2,5.74996e-07,732.547,24357.4,5.39112e-07,829.167,30420,5.07815e-09,938.526,37916.3,-4.11492e-07,1062.3,47143.9,-3.9561e-07,1202.4,58439.2,3.86185e-08,1360.96,72169.3,5.94093e-07,1540.42,88715.8,7.47693e-07,1743.53,108445,1.78537e-07,1973.41,131665,-4.12549e-07,2233.57,158557,-5.37164e-07,2528,189103,-1.17615e-07,2861.2,222986,5.66769e-07,3238.27,259510,9.45053e-07,3664.97,297540,4.25093e-07,4147.81,335497,-3.58506e-07,4694.17,371444,-6.7724e-07,5312.37,403256,1.67192e-07,1.61744,3.89446,9.84394,3.28846,7.5504,12.774,5.07607,11.7187,13.6844,7.03202,16.8147,13.9681,9.20215,23.1769,14.0566,11.6301,31.1672,14.0841,14.3598,41.2186,14.0927,17.4376,53.8688,14.0954,20.9137,69.7915,14.0962,24.8432,89.8341,14.0965,29.2879,115.063,14.0966,34.3168,146.819,14.0966,40.0078,186.792,14.0966,46.4487,237.107,14.0966,53.7388,300.44,14.0966,61.9903,380.158,14.0966,71.3301,480.499,14.0966,81.902,606.796,14.0966,93.8685,765.761,14.0966,107.414,965.837,14.0966,122.746,1217.65,14.0966,140.101,1534.57,14.0966,159.745,1933.41,14.0966,181.981,2435.3,14.0966,207.15,3066.85,14.0966,235.64,3861.46,14.0966,267.889,4861.11,14.0966,304.391,6118.54,14.0966,345.709,7699.91,14.0966,392.478,9688.22,14.0966,445.417,12187.5,14.0966,505.339,15327.7,14.0966,573.165,19271.6,14.0966,649.938,24222,14.0966,736.839,30430.9,14.0966,835.202,38211.5,14.0966,946.539,47950.3,14.0966,1072.56,60122.8,14.0966,1215.21,75309.9,14.0966,1376.66,94216.2,14.0966,1559.41,117688,14.0966,1766.26,146729,14.0966,2000.39,182510,14.0966,2265.39,226372,14.0966,2565.33,279806,14.0966,2904.81,344416,14.0966,3289.05,421845,14.0966,3723.93,513667,14.0966,4216.13,621231,14.0966,4773.18,745478,14.0966,5403.64,886744,14.0966,6117.15,1.04457e+06,14.0966,6924.63,1.2176e+06,14.0966,11.7194,11.96,12.6541,13.9321,16.1295,13.6434,16.6097,21.9702,13.9553,19.7532,29.5285,14.0526,23.3844,39.1143,14.0829,27.5423,51.2054,14.0923,32.2796,66.434,14.0953,37.662,85.6061,14.0962,43.7675,109.74,14.0965,50.687,140.119,14.0966,58.5249,178.359,14.0966,67.4005,226.493,14.0966,77.4493,287.08,14.0966,88.8254,363.343,14.0966,101.703,459.336,14.0966,116.281,580.161,14.0966,132.782,732.241,14.0966,151.46,923.655,14.0966,172.603,1164.57,14.0966,196.535,1467.79,14.0966,223.625,1849.39,14.0966,254.288,2329.62,14.0966,288.997,2933.93,14.0966,328.285,3694.33,14.0966,372.755,4651.04,14.0966,423.092,5854.57,14.0966,480.07,7368.38,14.0966,544.564,9272.08,14.0966,617.566,11665.5,14.0966,700.197,14673.6,14.0966,793.729,18452.9,14.0966,899.599,23198.6,14.0966,1019.43,29154.1,14.0966,1155.07,36622.3,14.0966,1308.6,45977.9,14.0966,1482.39,57683.7,14.0966,1679.09,72307.8,14.0966,1901.73,90542.8,14.0966,2153.73,113226,14.0966,2438.97,141360,14.0966,2761.81,176127,14.0966,3127.22,218898,14.0966,3540.81,271226,14.0966,4008.92,334817,14.0966,4538.74,411470,14.0966,5138.38,502973,14.0966,5817.04,610948,14.0966,6585.12,736653,14.0966,7454.39,880741,14.0966,8438.15,1.04302e+06,14.0966,9551.45,1.22224e+06,14.0966,10811.3,1.41602e+06,14.0966,12237,1.62086e+06,14.0966,11.7194,11.96,12.6541,2.21263,4.16949,0.989383,2.67766,5.84076,0.311842,3.14343,7.55825,0.0972771,3.63127,9.58578,0.0303237,4.15787,12.0912,0.00945211,4.73731,15.2286,0.00294633,5.38238,19.1721,0.000918508,6.10553,24.134,0.000286163,6.91951,30.3791,8.92692e-05,7.83792,38.2397,2.78121e-05,8.87555,48.1338,8.65134e-06,10.0489,60.5876,2.7882e-06,11.3761,76.2629,8.29036e-07,12.8779,95.9927,2.4373e-07,14.5775,120.825,4.33068e-09,16.5012,152.08,1.75749e-07,18.6784,191.415,-1.86328e-07,21.1428,240.917,1.91829e-07,23.9322,303.213,-1.81475e-07,27.0895,381.602,7.0186e-08,30.6634,480.231,-2.86769e-08,34.7087,604.316,2.40784e-07,39.2876,760.401,9.87368e-08,44.4705,956.705,1.22263e-07,50.3371,1203.54,-4.31966e-07,56.9776,1513.81,-1.9705e-07,64.494,1903.69,-2.763e-08,73.0018,2393.4,3.9185e-07,82.6317,3008.13,1.35379e-07,93.5318,3779.25,-4.16351e-08,105.869,4745.7,2.06965e-08,119.834,5955.6,-3.18887e-07,135.641,7468.12,-1.48271e-08,153.531,9355.62,2.00739e-07,173.781,11705.8,2.28358e-07,196.701,14624.1,-1.93587e-08,222.642,18235,-2.88101e-07,252.003,22683.4,-2.24732e-07,285.234,28134,8.56806e-09,322.845,34767,2.34258e-07,365.413,42770.9,2.99668e-07,413.588,52327.9,8.28644e-08,468.111,63591.2,-3.07049e-07,529.814,76653.2,-3.1888e-07,599.642,91502.5,-6.72276e-08,678.662,107975,2.26339e-07,768.083,125705,3.69212e-07,869.267,144088,2.04077e-07,983.76,162277,-2.80509e-07,1113.3,179223,-4.22737e-07,1259.87,193777,-1.71951e-07,1425.68,204839,4.55555e-07,11.7194,11.96,12.6541,2.21263,4.16949,0.989383,2.67766,5.84076,0.311842,3.14343,7.55825,0.0972771,3.63127,9.58578,0.0303237,4.15787,12.0912,0.00945211,4.73731,15.2286,0.00294633,5.38238,19.1721,0.000918508,6.10553,24.134,0.000286163,6.91951,30.3791,8.92692e-05,7.83792,38.2397,2.78121e-05,8.87555,48.1338,8.65134e-06,10.0489,60.5876,2.7882e-06,11.3761,76.2629,8.29036e-07,12.8779,95.9927,2.4373e-07,14.5775,120.825,1e-08,16.5012,152.08,1.75749e-07,18.6784,191.415,1e-08,21.1428,240.917,1.91829e-07,23.9322,303.213,1e-08,27.0895,381.602,7.0186e-08,30.6634,480.231,1e-08,34.7087,604.316,2.40784e-07,39.2876,760.401,9.87368e-08,44.4705,956.705,1.22263e-07,50.3371,1203.54,1e-08,56.9776,1513.81,1e-08,64.494,1903.69,1e-08,73.0018,2393.4,3.9185e-07,82.6317,3008.13,1.35379e-07,93.5318,3779.25,1e-08,105.869,4745.7,2.06965e-08,119.834,5955.6,1e-08,135.641,7468.12,1e-08,153.531,9355.62,2.00739e-07,173.781,11705.8,2.28358e-07,196.701,14624.1,1e-08,222.642,18235,1e-08,252.003,22683.4,1e-08,285.234,28134,1e-08,322.845,34767,2.34258e-07,365.413,42770.9,2.99668e-07,413.588,52327.9,8.28644e-08,468.111,63591.2,1e-08,529.814,76653.2,1e-08,599.642,91502.5,1e-08,678.662,107975,2.26339e-07,768.083,125705,3.69212e-07,869.267,144088,2.04077e-07,983.76,162277,1e-08,1113.3,179223,1e-08,1259.87,193777,1e-08,1425.68,204839,4.55555e-07,6.2823,3.27286,2.43537,0.219672,6.18826,2.24117,0.56371,6.87772,2.63624,0.308279,6,14,14,2,2,0,3,4,1,3,9,0,4,3,1,6,18,0,7,30,0,3,35,0,5,14,0,6,29,0,6,52,0,14,11,0,10,45,0,8,109,0,14,71,0,12,79,0,10,169,0,18,152,0,33,269,0,14,207,0,37,236,0,61,326,0,49,1191,0,61,523,0,38,908,0,32,985,0,45,1086,0,55,1782,0,56,3612,0,53,2951,0,90,3010,0,55,3740,0,164,9806,0,308,12012,0,146,12293,0,132,10389,0,185,22001,0,252,6201,0,395,23519,0,303,29914,0,362,33286,0,461,58558,0,929,28493,0,879,80227,0,360,122440,0,473,123105,0,215,143773,0,802,91010,0,715,119422,0,887,118934,0,1164,330083,0,1501,110632,0,1134,207061,0
-1.05176e+08,1,8.88811e-15,10,1023,0,1.05176e+08,0.528882,1.08665,0.389689,0.145397,0.379329,3.24381,0.161596,0.446195,1.77396,0.159177,1.15e+07,4.49998e+06,6.79999e+06,1.15e+07,4.49997e+06,6.79999e+06,1.15e+07,4.49996e+06,6.79999e+06,1.15e+07,4.49995e+06,6.79999e+06,1.14999e+07,4.49993e+06,6.79999e+06,1.14999e+07,4.49991e+06,6.79999e+06,1.14999e+07,4.49989e+06,6.79999e+06,1.14999e+07,4.49986e+06,6.79999e+06,1.14999e+07,4.49982e+06,6.79999e+06,1.14999e+07,4.49977e+06,6.79999e+06,1.14999e+07,4.49971e+06,6.79999e+06,1.14999e+07,4.49963e+06,6.79999e+06,1.14998e+07,4.49953e+06,6.79999e+06,1.14998e+07,4.49941e+06,6.79999e+06,1.14998e+07,4.49926e+06,6.79999e+06,1.14998e+07,4.49906e+06,6.79999e+06,1.14997e+07,4.49882e+06,6.79999e+06,1.14997e+07,4.49851e+06,6.79999e+06,1.14997e+07,4.49812e+06,6.79999e+06,1.14996e+07,4.49764e+06,6.79999e+06,1.14996e+07,4.49702e+06,6.79999e+06,1.14995e+07,4.49625e+06,6.79999e+06,1.14995e+07,4.49528e+06,6.79999e+06,1.14994e+07,4.49406e+06,6.79999e+06,1.14993e+07,4.49253e+06,6.79999e+06,1.14992e+07,4.49059e+06,6.79999e+06,1.14991e+07,4.48817e+06,6.79999e+06,1.1499e+07,4.48511e+06,6.79999e+06,1.14988e+07,4.48128e+06,6.79999e+06,1.14987e+07,4.47646e+06,6.79999e+06,1.14985e+07,4.47041e+06,6.79999e+06,1.14983e+07,4.46281e+06,6.79999e+06,1.14981e+07,4.4533e+06,6.79999e+06,1.14979e+07,4.44138e+06,6.79999e+06,1.14976e+07,4.42649e+06,6.79999e+06,1.14972e+07,4.40789e+06,6.79999e+06,1.14969e+07,4.38471e+06,6.79999e+06,1.14965e+07,4.35592e+06,6.79999e+06,1.1496e+07,4.32027e+06,6.79999e+06,1.14955e+07,4.27629e+06,6.79999e+06,1.14949e+07,4.22231e+06,6.79999e+06,1.14942e+07,4.15647e+06,6.79999e+06,1.14934e+07,4.07676e+06,6.79999e+06,1.14926e+07,3.98112e+06,6.79999e+06,1.14916e+07,3.86765e+06,6.79999e+06,1.14905e+07,3.73474e+06,6.79999e+06,1.14892e+07,3.58148e+06,6.79999e+06,1.14878e+07,3.40785e+06,6.79999e+06,1.14862e+07,3.21513e+06,6.79999e+06,1.14844e+07,3.00605e+06,6.79999e+06,1.14823e+07,2.7848e+06,6.79999e+06,1.148e+07,2.5568e+06,6.79999e+06,1.14773e+07,2.32825e+06,6.79999e+06,13.5742,8.52444,0.508366,16.8306,13.2585,0.162638,20.0035,17.569,0.0507846,23.2616,22.4214,0.0158319,26.7328,28.3297,0.00493498,30.5212,35.6974,0.00153831,34.7178,44.9473,0.000479527,39.4086,56.5822,0.000149456,44.6796,71.2245,4.66214e-05,50.6209,89.6543,1.45419e-05,57.3297,112.852,4.54748e-06,64.9129,142.051,1.43857e-06,73.4897,178.803,4.36618e-07,83.1934,225.062,1.40153e-07,94.1745,283.286,4.96378e-08,106.602,356.568,1.05434e-07,120.669,448.799,-6.49244e-08,136.59,564.873,1.70148e-07,154.611,710.948,-5.34594e-08,175.008,894.767,1.63407e-07,198.097,1126.06,8.04804e-08,224.231,1417.07,1.14667e-07,253.813,1783.15,-1.71227e-07,287.297,2243.62,-2.88466e-07,325.198,2822.67,-4.33651e-07,368.098,3550.67,7.9318e-08,416.657,4465.65,3.13319e-07,471.621,5615.16,3.4613e-07,533.835,7058.61,-1.19199e-07,604.255,8870.02,-2.79964e-07,683.962,11141.4,-2.30521e-07,774.182,13986.7,-2.55099e-07,876.299,17546.4,1.23585e-07,991.883,21993.1,1.41192e-07,1122.71,27536.7,-9.71886e-08,1270.78,34430.7,-3.68368e-07,1438.38,42977.7,-3.45379e-07,1628.07,53532.7,-3.25328e-09,1842.77,66504.6,2.6362e-07,2085.77,82350.2,2.53445e-07,2360.79,101560,-2.47407e-08,2672.05,124632,-3.80602e-07,3024.31,152018,-4.79005e-07,3422.98,184060,-1.14379e-07,3874.15,220884,2.64297e-07,4384.72,262283,3.44131e-07,4962.49,307576,7.5349e-08,5616.29,355497,-3.63097e-07,6356.1,404126,-6.05442e-07,7193.18,450932,-2.72333e-07,8140.28,492963,2.29675e-07,9211.79,527178,4.3387e-07,10424,550893,-1.0711e-07,10.102,8.06553,2.81012,10.6436,8.57909,0.869423,11.5336,10.2515,0.270869,12.7211,12.7138,0.0844293,14.1823,15.9373,0.0263173,15.9122,20.0383,0.0082035,17.9198,25.2154,0.00255722,20.2244,31.7373,0.000797017,22.8539,39.9486,0.000248622,25.8438,50.2851,7.75492e-05,29.237,63.2963,2.42508e-05,33.0837,79.6738,7.67162e-06,37.4415,100.288,2.32837e-06,42.3767,126.236,7.33e-07,47.9646,158.896,2.79256e-07,54.2906,200.003,9.87351e-09,61.452,251.741,1.61085e-07,69.5585,316.859,-2.47141e-07,78.7347,398.812,8.93552e-08,89.1218,501.948,-2.53231e-07,100.879,631.736,-1.25047e-07,114.188,795.049,-1.78808e-07,129.252,1000.53,2.6733e-07,146.304,1259.03,4.50292e-07,165.605,1584.19,6.76904e-07,187.452,1993.12,-1.23808e-07,212.181,2507.27,-4.89068e-07,240.173,3153.54,-5.40284e-07,271.856,3965.56,1.86061e-07,307.719,4985.38,4.37004e-07,348.313,6265.4,3.59828e-07,394.26,7870.83,3.98192e-07,446.268,9882.51,-1.92908e-07,505.135,12400.3,-2.20392e-07,571.766,15546.9,1.51705e-07,647.184,19472.2,5.74996e-07,732.547,24357.4,5.39112e-07,829.167,30420,5.07815e-09,938.526,37916.3,-4.11492e-07,1062.3,47143.9,-3.9561e-07,1202.4,58439.2,3.86185e-08,1360.96,72169.3,5.94093e-07,1540.42,88715.8,7.47693e-07,1743.53,108445,1.78537e-07,1973.41,131665,-4.12549e-07,2233.57,158557,-5.37164e-07,2528,189103,-1.17615e-07,2861.2,222986,5.66769e-07,3238.27,259510,9.45053e-07,3664.97,297540,4.25093e-07,4147.81,335497,-3.58506e-07,4694.17,371444,-6.7724e-07,5312.37,403256,1.67192e-07,1.61744,3.89446,9.84394,3.28846,7.5504,12.774,5.07607,11.7187,13.6844,7.03202,16.8147,13.9681,9.20215,23.1769,14.0566,11.6301,31.1672,14.0841,14.3598,41.2186,14.0927,17.4376,53.8688,14.0954,20.9137,69.7915,14.0962,24.8432,89.8341,14.0965,29.2879,115.063,14.0966,34.3168,146.819,14.0966,40.0078,186.792,14.0966,46.4487,237.107,14.0966,53.7388,300.44,14.0966,61.9903,380.158,14.0966,71.3301,480.499,14.0966,81.902,606.796,14.0966,93.8685,765.761,14.0966,107.414,965.837,14.0966,122.746,1217.65,14.0966,140.101,1534.57,14.0966,159.745,1933.41,14.0966,181.981,2435.3,14.0966,207.15,3066.85,14.0966,235.64,3861.46,14.0966,267.889,4861.11,14.0966,304.391,6118.54,14.0966,345.709,7699.91,14.0966,392.478,9688.22,14.0966,445.417,12187.5,14.0966,505.339,15327.7,14.0966,573.165,19271.6,14.0966,649.938,24222,14.0966,736.839,30430.9,14.0966,835.202,38211.5,14.0966,946.539,47950.3,14.0966,1072.56,60122.8,14.0966,1215.21,75309.9,14.0966,1376.66,94216.2,14.0966,1559.41,117688,14.0966,1766.26,146729,14.0966,2000.39,182510,14.0966,2265.39,226372,14.0966,2565.33,279806,14.0966,2904.81,344416,14.0966,3289.05,421845,14.0966,3723.93,513667,14.0966,4216.13,621231,14.0966,4773.18,745478,14.0966,5403.64,886744,14.0966,6117.15,1.04457e+06,14.0966,6924.63,1.2176e+06,14.0966,11.7194,11.96,12.6541,13.9321,16.1295,13.6434,16.6097,21.9702,13.9553,19.7532,29.5285,14.0526,23.3844,39.1143,14.0829,27.5423,51.2054,14.0923,32.2796,66.434,14.0953,37.662,85.6061,14.0962,43.7675,109.74,14.0965,50.687,140.119,14.0966,58.5249,178.359,14.0966,67.4005,226.493,14.0966,77.4493,287.08,14.0966,88.8254,363.343,14.0966,101.703,459.336,14.0966,116.281,580.161,14.0966,132.782,732.241,14.0966,151.46,923.655,14.0966,172.603,1164.57,14.0966,196.535,1467.79,14.0966,223.625,1849.39,14.0966,254.288,2329.62,14.0966,288.997,2933.93,14.0966,328.285,3694.33,14.0966,372.755,4651.04,14.0966,423.092,5854.57,14.0966,480.07,7368.38,14.0966,544.564,9272.08,14.0966,617.566,11665.5,14.0966,700.197,14673.6,14.0966,793.729,18452.9,14.0966,899.599,23198.6,14.0966,1019.43,29154.1,14.0966,1155.07,36622.3,14.0966,1308.6,45977.9,14.0966,1482.39,57683.7,14.0966,1679.09,72307.8,14.0966,1901.73,90542.8,14.0966,2153.73,113226,14.0966,2438.97,141360,14.0966,2761.81,176127,14.0966,3127.22,218898,14.0966,3540.81,271226,14.0966,4008.92,334817,14.0966,4538.74,411470,14.0966,5138.38,502973,14.0966,5817.04,610948,14.0966,6585.12,736653,14.0966,7454.39,880741,14.0966,8438.15,1.04302e+06,14.0966,9551.45,1.22224e+06,14.0966,10811.3,1.41602e+06,14.0966,12237,1.62086e+06,14.0966,11.7194,11.96,12.6541,2.21263,4.16949,0.989383,2.67766,5.84076,0.311842,3.14343,7.55825,0.0972771,3.63127,9.58578,0.0303237,4.15787,12.0912,0.00945211,4.73731,15.2286,0.00294633,5.38238,19.1721,0.000918508,6.10553,24.134,0.000286163,6.91951,30.3791,8.92692e-05,7.83792,38.2397,2.78121e-05,8.87555,48.1338,8.65134e-06,10.0489,60.5876,2.7882e-06,11.3761,76.2629,8.29036e-07,12.8779,95.9927,2.4373e-07,14.5775,120.825,4.33068e-09,16.5012,152.08,1.75749e-07,18.6784,191.415,-1.86328e-07,21.1428,240.917,1.91829e-07,23.9322,303.213,-1.81475e-07,27.0895,381.602,7.0186e-08,30.6634,480.231,-2.86769e-08,34.7087,604.316,2.40784e-07,39.2876,760.401,9.87368e-08,44.4705,956.705,1.22263e-07,50.3371,1203.54,-4.31966e-07,56.9776,1513.81,-1.9705e-07,64.494,1903.69,-2.763e-08,73.0018,2393.4,3.9185e-07,82.6317,3008.13,1.35379e-07,93.5318,3779.25,-4.16351e-08,105.869,4745.7,2.06965e-08,119.834,5955.6,-3.18887e-07,135.641,7468.12,-1.48271e-08,153.531,9355.62,2.00739e-07,173.781,11705.8,2.28358e-07,196.701,14624.1,-1.93587e-08,222.642,18235,-2.88101e-07,252.003,22683.4,-2.24732e-07,285.234,28134,8.56806e-09,322.845,34767,2.34258e-07,365.413,42770.9,2.99668e-07,413.588,52327.9,8.28644e-08,468.111,63591.2,-3.07049e-07,529.814,76653.2,-3.1888e-07,599.642,91502.5,-6.72276e-08,678.662,107975,2.26339e-07,768.083,125705,3.69212e-07,869.267,144088,2.04077e-07,983.76,162277,-2.80509e-07,1113.3,179223,-4.22737e-07,1259.87,193777,-1.71951e-07,1425.68,204839,4.55555e-07,11.7194,11.96,12.6541,2.21263,4.16949,0.989383,2.67766,5.84076,0.311842,3.14343,7.55825,0.0972771,3.63127,9.58578,0.0303237,4.15787,12.0912,0.00945211,4.73731,15.2286,0.00294633,5.38238,19.1721,0.000918508,6.10553,24.134,0.000286163,6.91951,30.3791,8.92692e-05,7.83792,38.2397,2.78121e-05,8.87555,48.1338,8.65134e-06,10.0489,60.5876,2.7882e-06,11.3761,76.2629,8.29036e-07,12.8779,95.9927,2.4373e-07,14.5775,120.825,1e-08,16.5012,152.08,1.75749e-07,18.6784,191.415,1e-08,21.1428,240.917,1.91829e-07,23.9322,303.213,1e-08,27.0895,381.602,7.0186e-08,30.6634,480.231,1e-08,34.7087,604.316,2.40784e-07,39.2876,760.401,9.87368e-08,44.4705,956.705,1.22263e-07,50.3371,1203.54,1e-08,56.9776,1513.81,1e-08,64.494,1903.69,1e-08,73.0018,2393.4,3.9185e-07,82.6317,3008.13,1.35379e-07,93.5318,3779.25,1e-08,105.869,4745.7,2.06965e-08,119.834,5955.6,1e-08,135.641,7468.12,1e-08,153.531,9355.62,2.00739e-07,173.781,11705.8,2.28358e-07,196.701,14624.1,1e-08,222.642,18235,1e-08,252.003,22683.4,1e-08,285.234,28134,1e-08,322.845,34767,2.34258e-07,365.413,42770.9,2.99668e-07,413.588,52327.9,8.28644e-08,468.111,63591.2,1e-08,529.814,76653.2,1e-08,599.642,91502.5,1e-08,678.662,107975,2.26339e-07,768.083,125705,3.69212e-07,869.267,144088,2.04077e-07,983.76,162277,1e-08,1113.3,179223,1e-08,1259.87,193777,1e-08,1425.68,204839,4.55555e-07,6.2823,3.27286,2.43537,0.219672,6.18826,2.24117,0.56371,6.87772,2.63624,0.308279,11,8,13,4,6,5,3,8,0,3,3,0,4,24,0,10,8,0,4,1,0,4,13,0,8,28,0,4,50,0,8,17,0,12,47,0,12,54,0,10,68,0,20,109,0,4,155,0,19,146,0,19,189,0,15,288,0,27,293,0,40,333,0,44,366,0,48,447,0,39,1672,0,34,1766,0,62,1821,0,42,1154,0,27,1614,0,84,2983,0,114,2824,0,159,3743,0,201,7498,0,58,6682,0,140,5635,0,124,8071,0,185,14140,0,167,10088,0,298,20522,0,375,13778,0,256,31954,0,406,27053,0,576,23512,0,635,27944,0,678,76776,0,284,72937,0,254,60555,0,1062,88375,0,600,229192,0,461,232101,0,1127,190806,0,1625,106276,0,1518,117547,0,1720,317790,0
-1.05176e+08,1,8.88811e-15,10,1023,0,1.05176e+08,0.528882,1.08665,0.389689,0.145397,0.379329,3.24381,0.161596,0.446195,1.77396,0.159177,1.15e+07,4.49998e+06,6.79999e+06,1.15e+07,4.49997e+06,6.79999e+06,1.15e+07,4.49996e+06,6.79999e+06,1.15e+07,4.49995e+06,6.79999e+06,1.14999e+07,4.49993e+06,6.79999e+06,1.14999e+07,4.49991e+06,6.79999e+06,1.14999e+07,4.49989e+06,6.79999e+06,1.14999e+07,4.49986e+06,6.79999e+06,1.14999e+07,4.49982e+06,6.79999e+06,1.14999e+07,4.49977e+06,6.79999e+06,1.14999e+07,4.49971e+06,6.79999e+06,1.14999e+07,4.49963e+06,6.79999e+06,1.14998e+07,4.49953e+06,6.79999e+06,1.14998e+07,4.49941e+06,6.79999e+06,1.14998e+07,4.49926e+06,6.79999e+06,1.14998e+07,4.49906e+06,6.79999e+06,1.14997e+07,4.49882e+06,6.79999e+06,1.14997e+07,4.49851e+06,6.79999e+06,1.14997e+07,4.49812e+06,6.79999e+06,1.14996e+07,4.49764e+06,6.79999e+06,1.14996e+07,4.49702e+06,6.79999e+06,1.14995e+07,4.49625e+06,6.79999e+06,1.14995e+07,4.49528e+06,6.79999e+06,1.14994e+07,4.49406e+06,6.79999e+06,1.14993e+07,4.49253e+06,6.79999e+06,1.14992e+07,4.49059e+06,6.79999e+06,1.14991e+07,4.48817e+06,6.79999e+06,1.1499e+07,4.48511e+06,6.79999e+06,1.14988e+07,4.48128e+06,6.79999e+06,1.14987e+07,4.47646e+06,6.79999e+06,1.14985e+07,4.47041e+06,6.79999e+06,1.14983e+07,4.46281e+06,6.79999e+06,1.14981e+07,4.4533e+06,6.79999e+06,1.14979e+07,4.44138e+06,6.79999e+06,1.14976e+07,4.42649e+06,6.79999e+06,1.14972e+07,4.40789e+06,6.79999e+06,1.14969e+07,4.38471e+06,6.79999e+06,1.14965e+07,4.35592e+06,6.79999e+06,1.1496e+07,4.32027e+06,6.79999e+06,1.14955e+07,4.27629e+06,6.79999e+06,1.14949e+07,4.22231e+06,6.79999e+06,1.14942e+07,4.15647e+06,6.79999e+06,1.14934e+07,4.07676e+06,6.79999e+06,1.14926e+07,3.98112e+06,6.79999e+06,1.14916e+07,3.86765e+06,6.79999e+06,1.14905e+07,3.73474e+06,6.79999e+06,1.14892e+07,3.58148e+06,6.79999e+06,1.14878e+07,3.40785e+06,6.79999e+06,1.14862e+07,3.21513e+06,6.79999e+06,1.14844e+07,3.00605e+06,6.79999e+06,1.14823e+07,2.7848e+06,6.79999e+06,1.148e+07,2.5568e+06,6.79999e+06,1.14773e+07,2.32825e+06,6.79999e+06,13.5742,8.52444,0.508366,16.8306,13.2585,0.162638,20.0035,17.569,0.0507846,23.2616,22.4214,0.0158319,26.7328,28.3297,0.00493498,30.5212,35.6974,0.00153831,34.7178,44.9473,0.000479527,39.4086,56.5822,0.000149456,44.6796,71.2245,4.66214e-05,50.6209,89.6543,1.45419e-05,57.3297,112.852,4.54748e-06,64.9129,142.051,1.43857e-06,73.4897,178.803,4.36618e-07,83.1934,225.062,1.40153e-07,94.1745,283.286,4.96378e-08,106.602,356.568,1.05434e-07,120.669,448.799,-6.49244e-08,136.59,564.873,1.70148e-07,154.611,710.948,-5.34594e-08,175.008,894.767,1.63407e-07,198.097,1126.06,8.04804e-08,224.231,1417.07,1.14667e-07,253.813,1783.15,-1.71227e-07,287.297,2243.62,-2.88466e-07,325.198,2822.67,-4.33651e-07,368.098,3550.67,7.9318e-08,416.657,4465.65,3.13319e-07,471.621,5615.16,3.4613e-07,533.835,7058.61,-1.19199e-07,604.255,8870.02,-2.79964e-07,683.962,11141.4,-2.30521e-07,774.182,13986.7,-2.55099e-07,876.299,17546.4,1.23585e-07,991.883,21993.1,1.41192e-07,1122.71,27536.7,-9.71886e-08,1270.78,34430.7,-3.68368e-07,1438.38,42977.7,-3.45379e-07,1628.07,53532.7,-3.25328e-09,1842.77,66504.6,2.6362e-07,2085.77,82350.2,2.53445e-07,2360.79,101560,-2.47407e-08,2672.05,124632,-3.80602e-07,3024.31,152018,-4.79005e-07,3422.98,184060,-1.14379e-07,3874.15,220884,2.64297e-07,4384.72,262283,3.44131e-07,4962.49,307576,7.5349e-08,5616.29,355497,-3.63097e-07,6356.1,404126,-6.05442e-07,7193.18,450932,-2.72333e-07,8140.28,492963,2.29675e-07,9211.79,527178,4.3387e-07,10424,550893,-1.0711e-07,10.102,8.06553,2.81012,10.6436,8.57909,0.869423,11.5336,10.2515,0.270869,12.7211,12.7138,0.0844293,14.1823,15.9373,0.0263173,15.9122,20.0383,0.0082035,17.9198,25.2154,0.00255722,20.2244,31.7373,0.000797017,22.8539,39.9486,0.000248622,25.8438,50.2851,7.75492e-05,29.237,63.2963,2.42508e-05,33.0837,79.6738,7.67162e-06,37.4415,100.288,2.32837e-06,42.3767,126.236,7.33e-07,47.9646,158.896,2.79256e-07,54.2906,200.003,9.87351e-09,61.452,251.741,1.61085e-07,69.5585,316.859,-2.47141e-07,78.7347,398.812,8.93552e-08,89.1218,501.948,-2.53231e-07,100.879,631.736,-1.25047e-07,114.188,795.049,-1.78808e-07,129.252,1000.53,2.6733e-07,146.304,1259.03,4.50292e-07,165.605,1584.19,6.76904e-07,187.452,1993.12,-1.23808e-07,212.181,2507.27,-4.89068e-07,240.173,3153.54,-5.40284e-07,271.856,3965.56,1.86061e-07,307.719,4985.38,4.37004e-07,348.313,6265.4,3.59828e-07,394.26,7870.83,3.98192e-07,446.268,9882.51,-1.92908e-07,505.135,12400.3,-2.20392e-07,571.766,15546.9,1.51705e-07,647.184,19472.2,5.74996e-07,732.547,24357.4,5.39112e-07,829.167,30420,5.07815e-09,938.526,37916.3,-4.11492e-07,1062.3,47143.9,-3.9561e-07,1202.4,58439.2,3.86185e-08,1360.96,72169.3,5.94093e-07,1540.42,88715.8,7.47693e-07,1743.53,108445,1.78537e-07,1973.41,131665,-4.12549e-07,2233.57,158557,-5.37164e-07,2528,189103,-1.17615e-07,2861.2,222986,5.66769e-07,3238.27,259510,9.45053e-07,3664.97,297540,4.25093e-07,4147.81,335497,-3.58506e-07,4694.17,371444,-6.7724e-07,5312.37,403256,1.67192e-07,1.61744,3.89446,9.84394,3.28846,7.5504,12.774,5.07607,11.7187,13.6844,7.03202,16.8147,13.9681,9.20215,23.1769,14.0566,11.6301,31.1672,14.0841,14.3598,41.2186,14.0927,17.4376,53.8688,14.0954,20.9137,69.7915,14.0962,24.8432,89.8341,14.0965,29.2879,115.063,14.0966,34.3168,146.819,14.0966,40.0078,186.792,14.0966,46.4487,237.107,14.0966,53.7388,300.44,14.0966,61.9903,380.158,14.0966,71.3301,480.499,14.0966,81.902,606.796,14.0966,93.8685,765.761,14.0966,107.414,965.837,14.0966,122.746,1217.65,14.0966,140.101,1534.57,14.0966,159.745,1933.41,14.0966,181.981,2435.3,14.0966,207.15,3066.85,14.0966,235.64,3861.46,14.0966,267.889,4861.11,14.0966,304.391,6118.54,14.0966,345.709,7699.91,14.0966,392.478,9688.22,14.0966,445.417,12187.5,14.0966,505.339,15327.7,14.0966,573.165,19271.6,14.0966,649.938,24222,14.0966,736.839,30430.9,14.0966,835.202,38211.5,14.0966,946.539,47950.3,14.0966,1072.56,60122.8,14.0966,1215.21,75309.9,14.0966,1376.66,94216.2,14.0966,1559.41,117688,14.0966,1766.26,146729,14.0966,2000.39,182510,14.0966,2265.39,226372,14.0966,2565.33,279806,14.0966,2904.81,344416,14.0966,3289.05,421845,14.0966,3723.93,513667,14.0966,4216.13,621231,14.0966,4773.18,745478,14.0966,5403.64,886744,14.0966,6117.15,1.04457e+06,14.0966,6924.63,1.2176e+06,14.0966,11.7194,11.96,12.6541,13.9321,16.1295,13.6434,16.6097,21.9702,13.9553,19.7532,29.5285,14.0526,23.3844,39.1143,14.0829,27.5423,51.2054,14.0923,32.2796,66.434,14.0953,37.662,85.6061,14.0962,43.7675,109.74,14.0965,50.687,140.119,14.0966,58.5249,178.359,14.0966,67.4005,226.493,14.0966,77.4493,287.08,14.0966,88.8254,363.343,14.0966,101.703,459.336,14.0966,116.281,580.161,14.0966,132.782,732.241,14.0966,151.46,923.655,14.0966,172.603,1164.57,14.0966,196.535,1467.79,14.0966,223.625,1849.39,14.0966,254.288,2329.62,14.0966,288.997,2933.93,14.0966,328.285,3694.33,14.0966,372.755,4651.04,14.0966,423.092,5854.57,14.0966,480.07,7368.38,14.0966,544.564,9272.08,14.0966,617.566,11665.5,14.0966,700.197,14673.6,14.0966,793.729,18452.9,14.0966,899.599,23198.6,14.0966,1019.43,29154.1,14.0966,1155.07,36622.3,14.0966,1308.6,45977.9,14.0966,1482.39,57683.7,14.0966,1679.09,72307.8,14.0966,1901.73,90542.8,14.0966,2153.73,113226,14.0966,2438.97,141360,14.0966,2761.81,176127,14.0966,3127.22,218898,14.0966,3540.81,271226,14.0966,4008.92,334817,14.0966,4538.74,411470,14.0966,5138.38,502973,14.0966,5817.04,610948,14.0966,6585.12,736653,14.0966,7454.39,880741,14.0966,8438.15,1.04302e+06,14.0966,9551.45,1.22224e+06,14.0966,10811.3,1.41602e+06,14.0966,12237,1.62086e+06,14.0966,11.7194,11.96,12.6541,2.21263,4.16949,0.989383,2.67766,5.84076,0.311842,3.14343,7.55825,0.0972771,3.63127,9.58578,0.0303237,4.15787,12.0912,0.00945211,4.73731,15.2286,0.00294633,5.38238,19.1721,0.000918508,6.10553,24.134,0.000286163,6.91951,30.3791,8.92692e-05,7.83792,38.2397,2.78121e-05,8.87555,48.1338,8.65134e-06,10.0489,60.5876,2.7882e-06,11.3761,76.2629,8.29036e-07,12.8779,95.9927,2.4373e-07,14.5775,120.825,4.33068e-09,16.5012,152.08,1.75749e-07,18.6784,191.415,-1.86328e-07,21.1428,240.917,1.91829e-07,23.9322,303.213,-1.81475e-07,27.0895,381.602,7.0186e-08,30.6634,480.231,-2.86769e-08,34.7087,604.316,2.40784e-07,39.2876,760.401,9.87368e-08,44.4705,956.705,1.22263e-07,50.3371,1203.54,-4.31966e-07,56.9776,1513.81,-1.9705e-07,64.494,1903.69,-2.763e-08,73.0018,2393.4,3.9185e-07,82.6317,3008.13,1.35379e-07,93.5318,3779.25,-4.16351e-08,105.869,4745.7,2.06965e-08,119.834,5955.6,-3.18887e-07,135.641,7468.12,-1.48271e-08,153.531,9355.62,2.00739e-07,173.781,11705.8,2.28358e-07,196.701,14624.1,-1.93587e-08,222.642,18235,-2.88101e-07,252.003,22683.4,-2.24732e-07,285.234,28134,8.56806e-09,322.845,34767,2.34258e-07,365.413,42770.9,2.99668e-07,413.588,52327.9,8.28644e-08,468.111,63591.2,-3.07049e-07,529.814,76653.2,-3.1888e-07,599.642,91502.5,-6.72276e-08,678.662,107975,2.26339e-07,768.083,125705,3.69212e-07,869.267,144088,2.04077e-07,983.76,162277,-2.80509e-07,1113.3,179223,-4.22737e-07,1259.87,193777,-1.71951e-07,1425.68,204839,4.55555e-07,11.7194,11.96,12.6541,2.21263,4.16949,0.989383,2.67766,5.84076,0.311842,3.14343,7.55825,0.0972771,3.63127,9.58578,0.0303237,4.15787,12.0912,0.00945211,4.73731,15.2286,0.00294633,5.38238,19.1721,0.000918508,6.10553,24.134,0.000286163,6.91951,30.3791,8.92692e-05,7.83792,38.2397,2.78121e-05,8.87555,48.1338,8.65134e-06,10.0489,60.5876,2.7882e-06,11.3761,76.2629,8.29036e-07,12.8779,95.9927,2.4373e-07,14.5775,120.825,1e-08,16.5012,152.08,1.75749e-07,18.6784,191.415,1e-08,21.1428,240.917,1.91829e-07,23.9322,303.213,1e-08,27.0895,381.602,7.0186e-08,30.6634,480.231,1e-08,34.7087,604.316,2.40784e-07,39.2876,760.401,9.87368e-08,44.4705,956.705,1.22263e-07,50.3371,1203.54,1e-08,56.9776,1513.81,1e-08,64.494,1903.69,1e-08,73.0018,2393.4,3.9185e-07,82.6317,3008.13,1.35379e-07,93.5318,3779.25,1e-08,105.869,4745.7,2.06965e-08,119.834,5955.6,1e-08,135.641,7468.12,1e-08,153.531,9355.62,2.00739e-07,173.781,11705.8,2.28358e-07,196.701,14624.1,1e-08,222.642,18235,1e-08,252.003,22683.4,1e-08,285.234,28134,1e-08,322.845,34767,2.34258e-07,365.413,42770.9,2.99668e-07,413.588,52327.9,8.28644e-08,468.111,63591.2,1e-08,529.814,76653.2,1e-08,599.642,91502.5,1e-08,678.662,107975,2.26339e-07,768.083,125705,3.69212e-07,869.267,144088,2.04077e-07,983.76,162277,1e-08,1113.3,179223,1e-08,1259.87,193777,1e-08,1425.68,204839,4.55555e-07,6.2823,3.27286,2.43537,0.219672,6.18826,2.24117,0.56371,6.87772,2.63624,0.308279,15,9,9,3,3,1,0,7,0,4,8,0,2,5,0,0,9,0,5,6,0,6,38,0,13,16,0,4,10,0,7,46,0,6,43,0,18,53,0,14,65,0,11,108,0,6,93,0,2,224,0,21,182,0,15,385,0,33,361,0,16,318,0,8,412,0,48,1369,0,56,131,0,61,958,0,92,1338,0,67,916,0,48,2275,0,82,1968,0,54,2906,0,60,5047,0,153,4233,0,77,4987,0,129,3626,0,127,9799,0,147,8532,0,161,15876,0,267,14868,0,510,21629,0,429,31779,0,208,21404,0,215,42624,0,367,32922,0,516,43484,0,358,56974,0,454,156116,0,559,61970,0,457,70919,0,866,187231,0,762,114025,0,1260,88022,0,672,136261,0,687,140048,0
-1.05176e+08,1,8.88811e-15,10,1023,0,1.05176e+08,0.528882,1.08665,0.389689,0.145397,0.379329,3.24381,0.161596,0.446195,1.77396,0.159177,1.15e+07,4.49998e+06,6.79999e+06,1.15e+07,4.49997e+06,6.79999e+06,1.15e+07,4.49996e+06,6.79999e+06,1.15e+07,4.49995e+06,6.79999e+06,1.14999e+07,4.49993e+06,6.79999e+06,1.14999e+07,4.49991e+06,6.79999e+06,1.14999e+07,4.49989e+06,6.79999e+06,1.14999e+07,4.49986e+06,6.79999e+06,1.14999e+07,4.49982e+06,6.79999e+06,1.14999e+07,4.49977e+06,6.79999e+06,1.14999e+07,4.49971e+06,6.79999e+06,1.14999e+07,4.49963e+06,6.79999e+06,1.14998e+07,4.49953e+06,6.79999e+06,1.14998e+07,4.49941e+06,6.79999e+06,1.14998e+07,4.49926e+06,6.79999e+06,1.14998e+07,4.49906e+06,6.79999e+06,1.14997e+07,4.49882e+06,6.79999e+06,1.14997e+07,4.49851e+06,6.79999e+06,1.14997e+07,4.49812e+06,6.79999e+06,1.14996e+07,4.49764e+06,6.79999e+06,1.14996e+07,4.49702e+06,6.79999e+06,1.14995e+07,4.49625e+06,6.79999e+06,1.14995e+07,4.49528e+06,6.79999e+06,1.14994e+07,4.49406e+06,6.79999e+06,1.14993e+07,4.49253e+06,6.79999e+06,1.14992e+07,4.49059e+06,6.79999e+06,1.14991e+07,4.48817e+06,6.79999e+06,1.1499e+07,4.48511e+06,6.79999e+06,1.14988e+07,4.48128e+06,6.79999e+06,1.14987e+07,4.47646e+06,6.79999e+06,1.14985e+07,4.47041e+06,6.79999e+06,1.14983e+07,4.46281e+06,6.79999e+06,1.14981e+07,4.4533e+06,6.79999e+06,1.14979e+07,4.44138e+06,6.79999e+06,1.14976e+07,4.42649e+06,6.79999e+06,1.14972e+07,4.40789e+06,6.79999e+06,1.14969e+07,4.38471e+06,6.79999e+06,1.14965e+07,4.35592e+06,6.79999e+06,1.1496e+07,4.32027e+06,6.79999e+06,1.14955e+07,4.27629e+06,6.79999e+06,1.14949e+07,4.22231e+06,6.79999e+06,1.14942e+07,4.15647e+06,6.79999e+06,1.14934e+07,4.07676e+06,6.79999e+06,1.14926e+07,3.98112e+06,6.79999e+06,1.14916e+07,3.86765e+06,6.79999e+06,1.14905e+07,3.73474e+06,6.79999e+06,1.14892e+07,3.58148e+06,6.79999e+06,1.14878e+07,3.40785e+06,6.79999e+06,1.14862e+07,3.21513e+06,6.79999e+06,1.14844e+07,3.00605e+06,6.79999e+06,1.14823e+07,2.7848e+06,6.79999e+06,1.148e+07,2.5568e+06,6.79999e+06,1.14773e+07,2.32825e+06,6.79999e+06,13.5742,8.52444,0.508366,16.8306,13.2585,0.162638,20.0035,17.569,0.0507846,23.2616,22.4214,0.0158319,26.7328,28.3297,0.00493498,30.5212,35.6974,0.00153831,34.7178,44.9473,0.000479527,39.4086,56.5822,0.000149456,44.6796,71.2245,4.66214e-05,50.6209,89.6543,1.45419e-05,57.3297,112.852,4.54748e-06,64.9129,142.051,1.43857e-06,73.4897,178.803,4.36618e-07,83.1934,225.062,1.40153e-07,94.1745,283.286,4.96378e-08,106.602,356.568,1.05434e-07,120.669,448.799,-6.49244e-08,136.59,564.873,1.70148e-07,154.611,710.948,-5.34594e-08,175.008,894.767,1.63407e-07,198.097,1126.06,8.04804e-08,224.231,1417.07,1.14667e-07,253.813,1783.15,-1.71227e-07,287.297,2243.62,-2.88466e-07,325.198,2822.67,-4.33651e-07,368.098,3550.67,7.9318e-08,416.657,4465.65,3.13319e-07,471.621,5615.16,3.4613e-07,533.835,7058.61,-1.19199e-07,604.255,8870.02,-2.79964e-07,683.962,11141.4,-2.30521e-07,774.182,13986.7,-2.55099e-07,876.299,17546.4,1.23585e-07,991.883,21993.1,1.41192e-07,1122.71,27536.7,-9.71886e-08,1270.78,34430.7,-3.68368e-07,1438.38,42977.7,-3.45379e-07,1628.07,53532.7,-3.25328e-09,1842.77,66504.6,2.6362e-07,2085.77,82350.2,2.53445e-07,2360.79,101560,-2.47407e-08,2672.05,124632,-3.80602e-07,3024.31,152018,-4.79005e-07,3422.98,184060,-1.14379e-07,3874.15,220884,2.64297e-07,4384.72,262283,3.44131e-07,4962.49,307576,7.5349e-08,5616.29,355497,-3.63097e-07,6356.1,404126,-6.05442e-07,7193.18,450932,-2.72333e-07,8140.28,492963,2.29675e-07,9211.79,527178,4.3387e-07,10424,550893,-1.0711e-07,10.102,8.06553,2.81012,10.6436,8.57909,0.869423,11.5336,10.2515,0.270869,12.7211,12.7138,0.0844293,14.1823,15.9373,0.0263173,15.9122,20.0383,0.0082035,17.9198,25.2154,0.00255722,20.2244,31.7373,0.000797017,22.8539,39.9486,0.000248622,25.8438,50.2851,7.75492e-05,29.237,63.2963,2.42508e-05,33.0837,79.6738,7.67162e-06,37.4415,100.288,2.32837e-06,42.3767,126.236,7.33e-07,47.9646,158.896,2.79256e-07,54.2906,200.003,9.87351e-09,61.452,251.741,1.61085e-07,69.5585,316.859,-2.47141e-07,78.7347,398.812,8.93552e-08,89.1218,501.948,-2.53231e-07,100.879,631.736,-1.25047e-07,114.188,795.049,-1.78808e-07,129.252,1000.53,2.6733e-07,146.304,1259.03,4.50292e-07,165.605,1584.19,6.76904e-07,187.452,1993.12,-1.23808e-07,212.181,2507.27,-4.89068e-07,240.173,3153.54,-5.40284e-07,271.856,3965.56,1.86061e-07,307.719,4985.38,4.37004e-07,348.313,6265.4,3.59828e-07,394.26,7870.83,3.98192e-07,446.268,9882.51,-1.92908e-07,505.135,12400.3,-2.20392e-07,571.766,15546.9,1.51705e-07,647.184,19472.2,5.74996e-07,732.547,24357.4,5.39112e-07,829.167,30420,5.07815e-09,938.526,37916.3,-4.11492e-07,1062.3,47143.9,-3.9561e-07,1202.4,58439.2,3.86185e-08,1360.96,72169.3,5.94093e-07,1540.42,88715.8,7.47693e-07,1743.53,108445,1.78537e-07,1973.41,131665,-4.12549e-07,2233.57,158557,-5.37164e-07,2528,189103,-1.17615e-07,2861.2,222986,5.66769e-07,3238.27,259510,9.45053e-07,3664.97,297540,4.25093e-07,4147.81,335497,-3.58506e-07,4694.17,371444,-6.7724e-07,5312.37,403256,1.67192e-07,1.61744,3.89446,9.84394,3.28846,7.5504,12.774,5.07607,11.7187,13.6844,7.03202,16.8147,13.9681,9.20215,23.1769,14.0566,11.6301,31.1672,14.0841,14.3598,41.2186,14.0927,17.4376,53.8688,14.0954,20.9137,69.7915,14.0962,24.8432,89.8341,14.0965,29.2879,115.063,14.0966,34.3168,146.819,14.0966,40.0078,186.792,14.0966,46.4487,237.107,14.0966,53.7388,300.44,14.0966,61.9903,380.158,14.0966,71.3301,480.499,14.0966,81.902,606.796,14.0966,93.8685,765.761,14.0966,107.414,965.837,14.0966,122.746,1217.65,14.0966,140.101,1534.57,14.0966,159.745,1933.41,14.0966,181.981,2435.3,14.0966,207.15,3066.85,14.0966,235.64,3861.46,14.0966,267.889,4861.11,14.0966,304.391,6118.54,14.0966,345.709,7699.91,14.0966,392.478,9688.22,14.0966,445.417,12187.5,14.0966,505.339,15327.7,14.0966,573.165,19271.6,14.0966,649.938,24222,14.0966,736.839,30430.9,14.0966,835.202,38211.5,14.0966,946.539,47950.3,14.0966,1072.56,60122.8,14.0966,1215.21,75309.9,14.0966,1376.66,94216.2,14.0966,1559.41,117688,14.0966,1766.26,146729,14.0966,2000.39,182510,14.0966,2265.39,226372,14.0966,2565.33,279806,14.0966,2904.81,344416,14.0966,3289.05,421845,14.0966,3723.93,513667,14.0966,4216.13,621231,14.0966,4773.18,745478,14.0966,5403.64,886744,14.0966,6117.15,1.04457e+06,14.0966,6924.63,1.2176e+06,14.0966,11.7194,11.96,12.6541,13.9321,16.1295,13.6434,16.6097,21.9702,13.9553,19.7532,29.5285,14.0526,23.3844,39.1143,14.0829,27.5423,51.2054,14.0923,32.2796,66.434,14.0953,37.662,85.6061,14.0962,43.7675,109.74,14.0965,50.687,140.119,14.0966,58.5249,178.359,14.0966,67.4005,226.493,14.0966,77.4493,287.08,14.0966,88.8254,363.343,14.0966,101.703,459.336,14.0966,116.281,580.161,14.0966,132.782,732.241,14.0966,151.46,923.655,14.0966,172.603,1164.57,14.0966,196.535,1467.79,14.0966,223.625,1849.39,14.0966,254.288,2329.62,14.0966,288.997,2933.93,14.0966,328.285,3694.33,14.0966,372.755,4651.04,14.0966,423.092,5854.57,14.0966,480.07,7368.38,14.0966,544.564,9272.08,14.0966,617.566,11665.5,14.0966,700.197,14673.6,14.0966,793.729,18452.9,14.0966,899.599,23198.6,14.0966,1019.43,29154.1,14.0966,1155.07,36622.3,14.0966,1308.6,45977.9,14.0966,1482.39,57683.7,14.0966,1679.09,72307.8,14.0966,1901.73,90542.8,14.0966,2153.73,113226,14.0966,2438.97,141360,14.0966,2761.81,176127,14.0966,3127.22,218898,14.0966,3540.81,271226,14.0966,4008.92,334817,14.0966,4538.74,411470,14.0966,5138.38,502973,14.0966,5817.04,610948,14.0966,6585.12,736653,14.0966,7454.39,880741,14.0966,8438.15,1.04302e+06,14.0966,9551.45,1.22224e+06,14.0966,10811.3,1.41602e+06,14.0966,12237,1.62086e+06,14.0966,11.7194,11.96,12.6541,2.21263,4.16949,0.989383,2.67766,5.84076,0.311842,3.14343,7.55825,0.0972771,3.63127,9.58578,0.0303237,4.15787,12.0912,0.00945211,4.73731,15.2286,0.00294633,5.38238,19.1721,0.000918508,6.10553,24.134,0.000286163,6.91951,30.3791,8.92692e-05,7.83792,38.2397,2.78121e-05,8.87555,48.1338,8.65134e-06,10.0489,60.5876,2.7882e-06,11.3761,76.2629,8.29036e-07,12.8779,95.9927,2.4373e-07,14.5775,120.825,4.33068e-09,16.5012,152.08,1.75749e-07,18.6784,191.415,-1.86328e-07,21.1428,240.917,1.91829e-07,23.9322,303.213,-1.81475e-07,27.0895,381.602,7.0186e-08,30.6634,480.231,-2.86769e-08,34.7087,604.316,2.40784e-07,39.2876,760.401,9.87368e-08,44.4705,956.705,1.22263e-07,50.3371,1203.54,-4.31966e-07,56.9776,1513.81,-1.9705e-07,64.494,1903.69,-2.763e-08,73.0018,2393.4,3.9185e-07,82.6317,3008.13,1.35379e-07,93.5318,3779.25,-4.16351e-08,105.869,4745.7,2.06965e-08,119.834,5955.6,-3.18887e-07,135.641,7468.12,-1.48271e-08,153.531,9355.62,2.00739e-07,173.781,11705.8,2.28358e-07,196.701,14624.1,-1.93587e-08,222.642,18235,-2.88101e-07,252.003,22683.4,-2.24732e-07,285.234,28134,8.56806e-09,322.845,34767,2.34258e-07,365.413,42770.9,2.99668e-07,413.588,52327.9,8.28644e-08,468.111,63591.2,-3.07049e-07,529.814,76653.2,-3.1888e-07,599.642,91502.5,-6.72276e-08,678.662,107975,2.26339e-07,768.083,125705,3.69212e-07,869.267,144088,2.04077e-07,983.76,162277,-2.80509e-07,1113.3,179223,-4.22737e-07,1259.87,193777,-1.71951e-07,1425.68,204839,4.55555e-07,11.7194,11.96,12.6541,2.21263,4.16949,0.989383,2.67766,5.84076,0.311842,3.14343,7.55825,0.0972771,3.63127,9.58578,0.0303237,4.15787,12.0912,0.00945211,4.73731,15.2286,0.00294633,5.38238,19.1721,0.000918508,6.10553,24.134,0.000286163,6.91951,30.3791,8.92692e-05,7.83792,38.2397,2.78121e-05,8.87555,48.1338,8.65134e-06,10.0489,60.5876,2.7882e-06,11.3761,76.2629,8.29036e-07,12.8779,95.9927,2.4373e-07,14.5775,120.825,1e-08,16.5012,152.08,1.75749e-07,18.6784,191.415,1e-08,21.1428,240.917,1.91829e-07,23.9322,303.213,1e-08,27.0895,381.602,7.0186e-08,30.6634,480.231,1e-08,34.7087,604.316,2.40784e-07,39.2876,760.401,9.87368e-08,44.4705,956.705,1.22263e-07,50.3371,1203.54,1e-08,56.9776,1513.81,1e-08,64.494,1903.69,1e-08,73.0018,2393.4,3.9185e-07,82.6317,3008.13,1.35379e-07,93.5318,3779.25,1e-08,105.869,4745.7,2.06965e-08,119.834,5955.6,1e-08,135.641,7468.12,1e-08,153.531,9355.62,2.00739e-07,173.781,11705.8,2.28358e-07,196.701,14624.1,1e-08,222.642,18235,1e-08,252.003,22683.4,1e-08,285.234,28134,1e-08,322.845,34767,2.34258e-07,365.413,42770.9,2.99668e-07,413.588,52327.9,8.28644e-08,468.111,63591.2,1e-08,529.814,76653.2,1e-08,599.642,91502.5,1e-08,678.662,107975,2.26339e-07,768.083,125705,3.69212e-07,869.267,144088,2.04077e-07,983.76,162277,1e-08,1113.3,179223,1e-08,1259.87,193777,1e-08,1425.68,204839,4.55555e-07,6.2823,3.27286,2.43537,0.219672,6.18826,2.24117,0.56371,6.87772,2.63624,0.308279,9,25,8,1,5,0,2,2,0,5,6,0,4,10,0,5,14,0,2,12,0,7,11,0,6,18,0,15,23,0,5,15,0,13,50,0,14,100,0,7,124,0,15,112,0,6,136,0,17,163,0,11,171,0,21,196,0,19,550,0,10,480,0,18,688,0,36,601,0,45,551,0,60,904,0,61,413,0,73,1569,0,42,1037,0,110,3384,0,104,2877,0,89,2069,0,116,7081,0,105,4938,0,87,12189,0,103,8020,0,187,5115,0,121,19279,0,229,18103,0,234,15688,0,335,26227,0,238,36758,0,239,28414,0,697,40098,0,598,51539,0,471,38517,0,336,95376,0,607,71489,0,1050,87232,0,753,121381,0,818,226809,0,1158,150744,0,1743,125712,0,1372,255954,0
-1.05176e+08,1,8.88811e-15,10,1023,0,1.05176e+08,0.528882,1.08665,0.389689,0.145397,0.379329,3.24381,0.161596,0.446195,1.77396,0.159177,1.15e+07,4.49998e+06,6.79999e+06,1.15e+07,4.49997e+06,6.79999e+06,1.15e+07,4.49996e+06,6.79999e+06,1.15e+07,4.49995e+06,6.79999e+06,1.14999e+07,4.49993e+06,6.79999e+06,1.14999e+07,4.49991e+06,6.79999e+06,1.14999e+07,4.49989e+06,6.79999e+06,1.14999e+07,4.49986e+06,6.79999e+06,1.14999e+07,4.49982e+06,6.79999e+06,1.14999e+07,4.49977e+06,6.79999e+06,1.14999e+07,4.49971e+06,6.79999e+06,1.14999e+07,4.49963e+06,6.79999e+06,1.14998e+07,4.49953e+06,6.79999e+06,1.14998e+07,4.49941e+06,6.79999e+06,1.14998e+07,4.49926e+06,6.79999e+06,1.14998e+07,4.49906e+06,6.79999e+06,1.14997e+07,4.49882e+06,6.79999e+06,1.14997e+07,4.49851e+06,6.79999e+06,1.14997e+07,4.49812e+06,6.79999e+06,1.14996e+07,4.49764e+06,6.79999e+06,1.14996e+07,4.49702e+06,6.79999e+06,1.14995e+07,4.49625e+06,6.79999e+06,1.14995e+07,4.49528e+06,6.79999e+06,1.14994e+07,4.49406e+06,6.79999e+06,1.14993e+07,4.49253e+06,6.79999e+06,1.14992e+07,4.49059e+06,6.79999e+06,1.14991e+07,4.48817e+06,6.79999e+06,1.1499e+07,4.48511e+06,6.79999e+06,1.14988e+07,4.48128e+06,6.79999e+06,1.14987e+07,4.47646e+06,6.79999e+06,1.14985e+07,4.47041e+06,6.79999e+06,1.14983e+07,4.46281e+06,6.79999e+06,1.14981e+07,4.4533e+06,6.79999e+06,1.14979e+07,4.44138e+06,6.79999e+06,1.14976e+07,4.42649e+06,6.79999e+06,1.14972e+07,4.40789e+06,6.79999e+06,1.14969e+07,4.38471e+06,6.79999e+06,1.14965e+07,4.35592e+06,6.79999e+06,1.1496e+07,4.32027e+06,6.79999e+06,1.14955e+07,4.27629e+06,6.79999e+06,1.14949e+07,4.22231e+06,6.79999e+06,1.14942e+07,4.15647e+06,6.79999e+06,1.14934e+07,4.07676e+06,6.79999e+06,1.14926e+07,3.98112e+06,6.79999e+06,1.14916e+07,3.86765e+06,6.79999e+06,1.14905e+07,3.73474e+06,6.79999e+06,1.14892e+07,3.58148e+06,6.79999e+06,1.14878e+07,3.40785e+06,6.79999e+06,1.14862e+07,3.21513e+06,6.79999e+06,1.14844e+07,3.00605e+06,6.79999e+06,1.14823e+07,2.7848e+06,6.79999e+06,1.148e+07,2.5568e+06,6.79999e+06,1.14773e+07,2.32825e+06,6.79999e+06,13.5742,8.52444,0.508366,16.8306,13.2585,0.162638,20.0035,17.569,0.0507846,23.2616,22.4214,0.0158319,26.7328,28.3297,0.00493498,30.5212,35.6974,0.00153831,34.7178,44.9473,0.000479527,39.4086,56.5822,0.000149456,44.6796,71.2245,4.66214e-05,50.6209,89.6543,1.45419e-05,57.3297,112.852,4.54748e-06,64.9129,142.051,1.43857e-06,73.4897,178.803,4.36618e-07,83.1934,225.062,1.40153e-07,94.1745,283.286,4.96378e-08,106.602,356.568,1.05434e-07,120.669,448.799,-6.49244e-08,136.59,564.873,1.70148e-07,154.611,710.948,-5.34594e-08,175.008,894.767,1.63407e-07,198.097,1126.06,8.04804e-08,224.231,1417.07,1.14667e-07,253.813,1783.15,-1.71227e-07,287.297,2243.62,-2.88466e-07,325.198,2822.67,-4.33651e-07,368.098,3550.67,7.9318e-08,416.657,4465.65,3.13319e-07,471.621,5615.16,3.4613e-07,533.835,7058.61,-1.19199e-07,604.255,8870.02,-2.79964e-07,683.962,11141.4,-2.30521e-07,774.182,13986.7,-2.55099e-07,876.299,17546.4,1.23585e-07,991.883,21993.1,1.41192e-07,1122.71,27536.7,-9.71886e-08,1270.78,34430.7,-3.68368e-07,1438.38,42977.7,-3.45379e-07,1628.07,53532.7,-3.25328e-09,1842.77,66504.6,2.6362e-07,2085.77,82350.2,2.53445e-07,2360.79,101560,-2.47407e-08,2672.05,124632,-3.80602e-07,3024.31,152018,-4.79005e-07,3422.98,184060,-1.14379e-07,3874.15,220884,2.64297e-07,4384.72,262283,3.44131e-07,4962.49,307576,7.5349e-08,5616.29,355497,-3.63097e-07,6356.1,404126,-6.05442e-07,7193.18,450932,-2.72333e-07,8140.28,492963,2.29675e-07,9211.79,527178,4.3387e-07,10424,550893,-1.0711e-07,10.102,8.06553,2.81012,10.6436,8.57909,0.869423,11.5336,10.2515,0.270869,12.7211,12.7138,0.0844293,14.1823,15.9373,0.0263173,15.9122,20.0383,0.0082035,17.9198,25.2154,0.00255722,20.2244,31.7373,0.000797017,22.8539,39.9486,0.000248622,25.8438,50.2851,7.75492e-05,29.237,63.2963,2.42508e-05,33.0837,79.6738,7.67162e-06,37.4415,100.288,2.32837e-06,42.3767,126.236,7.33e-07,47.9646,158.896,2.79256e-07,54.2906,200.003,9.87351e-09,61.452,251.741,1.61085e-07,69.5585,316.859,-2.47141e-07,78.7347,398.812,8.93552e-08,89.1218,501.948,-2.53231e-07,100.879,631.736,-1.25047e-07,114.188,795.049,-1.78808e-07,129.252,1000.53,2.6733e-07,146.304,1259.03,4.50292e-07,165.605,1584.19,6.76904e-07,187.452,1993.12,-1.23808e-07,212.181,2507.27,-4.89068e-07,240.173,3153.54,-5.40284e-07,271.856,3965.56,1.86061e-07,307.719,4985.38,4.37004e-07,348.313,6265.4,3.59828e-07,394.26,7870.83,3.98192e-07,446.268,9882.51,-1.92908e-07,505.135,12400.3,-2.20392e-07,571.766,15546.9,1.51705e-07,647.184,19472.2,5.74996e-07,732.547,24357.4,5.39112e-07,829.167,30420,5.07815e-09,938.526,37916.3,-4.11492e-07,1062.3,47143.9,-3.9561e-07,1202.4,58439.2,3.86185e-08,1360.96,72169.3,5.94093e-07,1540.42,88715.8,7.47693e-07,1743.53,108445,1.78537e-07,1973.41,131665,-4.12549e-07,2233.57,158557,-5.37164e-07,2528,189103,-1.17615e-07,2861.2,222986,5.66769e-07,3238.27,259510,9.45053e-07,3664.97,297540,4.25093e-07,4147.81,335497,-3.58506e-07,4694.17,371444,-6.7724e-07,5312.37,403256,1.67192e-07,1.61744,3.89446,9.84394,3.28846,7.5504,12.774,5.07607,11.7187,13.6844,7.03202,16.8147,13.9681,9.20215,23.1769,14.0566,11.6301,31.1672,14.0841,14.3598,41.2186,14.0927,17.4376,53.8688,14.0954,20.9137,69.7915,14.0962,24.8432,89.8341,14.0965,29.2879,115.063,14.0966,34.3168,146.819,14.0966,40.0078,186.792,14.0966,46.4487,237.107,14.0966,53.7388,300.44,14.0966,61.9903,380.158,14.0966,71.3301,480.499,14.0966,81.902,606.796,14.0966,93.8685,765.761,14.0966,107.414,965.837,14.0966,122.746,1217.65,14.0966,140.101,1534.57,14.0966,159.745,1933.41,14.0966,181.981,2435.3,14.0966,207.15,3066.85,14.0966,235.64,3861.46,14.0966,267.889,4861.11,14.0966,304.391,6118.54,14.0966,345.709,7699.91,14.0966,392.478,9688.22,14.0966,445.417,12187.5,14.0966,505.339,15327.7,14.0966,573.165,19271.6,14.0966,649.938,24222,14.0966,736.839,30430.9,14.0966,835.202,38211.5,14.0966,946.539,47950.3,14.0966,1072.56,60122.8,14.0966,1215.21,75309.9,14.0966,1376.66,94216.2,14.0966,1559.41,117688,14.0966,1766.26,146729,14.0966,2000.39,182510,14.0966,2265.39,226372,14.0966,2565.33,279806,14.0966,2904.81,344416,14.0966,3289.05,421845,14.0966,3723.93,513667,14.0966,4216.13,621231,14.0966,4773.18,745478,14.0966,5403.64,886744,14.0966,6117.15,1.04457e+06,14.0966,6924.63,1.2176e+06,14.0966,11.7194,11.96,12.6541,13.9321,16.1295,13.6434,16.6097,21.9702,13.9553,19.7532,29.5285,14.0526,23.3844,39.1143,14.0829,27.5423,51.2054,14.0923,32.2796,66.434,14.0953,37.662,85.6061,14.0962,43.7675,109.74,14.0965,50.687,140.119,14.0966,58.5249,178.359,14.0966,67.4005,226.493,14.0966,77.4493,287.08,14.0966,88.8254,363.343,14.0966,101.703,459.336,14.0966,116.281,580.161,14.0966,132.782,732.241,14.0966,151.46,923.655,14.0966,172.603,1164.57,14.0966,196.535,1467.79,14.0966,223.625,1849.39,14.0966,254.288,2329.62,14.0966,288.997,2933.93,14.0966,328.285,3694.33,14.0966,372.755,4651.04,14.0966,423.092,5854.57,14.0966,480.07,7368.38,14.0966,544.564,9272.08,14.0966,617.566,11665.5,14.0966,700.197,14673.6,14.0966,793.729,18452.9,14.0966,899.599,23198.6,14.0966,1019.43,29154.1,14.0966,1155.07,36622.3,14.0966,1308.6,45977.9,14.0966,1482.39,57683.7,14.0966,1679.09,72307.8,14.0966,1901.73,90542.8,14.0966,2153.73,113226,14.0966,2438.97,141360,14.0966,2761.81,176127,14.0966,3127.22,218898,14.0966,3540.81,271226,14.0966,4008.92,334817,14.0966,4538.74,411470,14.0966,5138.38,502973,14.0966,5817.04,610948,14.0966,6585.12,736653,14.0966,7454.39,880741,14.0966,8438.15,1.04302e+06,14.0966,9551.45,1.22224e+06,14.0966,10811.3,1.41602e+06,14.0966,12237,1.62086e+06,14.0966,11.7194,11.96,12.6541,2.21263,4.16949,0.989383,2.67766,5.84076,0.311842,3.14343,7.55825,0.0972771,3.63127,9.58578,0.0303237,4.15787,12.0912,0.00945211,4.73731,15.2286,0.00294633,5.38238,19.1721,0.000918508,6.10553,24.134,0.000286163,6.91951,30.3791,8.92692e-05,7.83792,38.2397,2.78121e-05,8.87555,48.1338,8.65134e-06,10.0489,60.5876,2.7882e-06,11.3761,76.2629,8.29036e-07,12.8779,95.9927,2.4373e-07,14.5775,120.825,4.33068e-09,16.5012,152.08,1.75749e-07,18.6784,191.415,-1.86328e-07,21.1428,240.917,1.91829e-07,23.9322,303.213,-1.81475e-07,27.0895,381.602,7.0186e-08,30.6634,480.231,-2.86769e-08,34.7087,604.316,2.40784e-07,39.2876,760.401,9.87368e-08,44.4705,956.705,1.22263e-07,50.3371,1203.54,-4.31966e-07,56.9776,1513.81,-1.9705e-07,64.494,1903.69,-2.763e-08,73.0018,2393.4,3.9185e-07,82.6317,3008.13,1.35379e-07,93.5318,3779.25,-4.16351e-08,105.869,4745.7,2.06965e-08,119.834,5955.6,-3.18887e-07,135.641,7468.12,-1.48271e-08,153.531,9355.62,2.00739e-07,173.781,11705.8,2.28358e-07,196.701,14624.1,-1.93587e-08,222.642,18235,-2.88101e-07,252.003,22683.4,-2.24732e-07,285.234,28134,8.56806e-09,322.845,34767,2.34258e-07,365.413,42770.9,2.99668e-07,413.588,52327.9,8.28644e-08,468.111,63591.2,-3.07049e-07,529.814,76653.2,-3.1888e-07,599.642,91502.5,-6.72276e-08,678.662,107975,2.26339e-07,768.083,125705,3.69212e-07,869.267,144088,2.04077e-07,983.76,162277,-2.80509e-07,1113.3,179223,-4.22737e-07,1259.87,193777,-1.71951e-07,1425.68,204839,4.55555e-07,11.7194,11.96,12.6541,2.21263,4.16949,0.989383,2.67766,5.84076,0.311842,3.14343,7.55825,0.0972771,3.63127,9.58578,0.0303237,4.15787,12.0912,0.00945211,4.73731,15.2286,0.00294633,5.38238,19.1721,0.000918508,6.10553,24.134,0.000286163,6.91951,30.3791,8.92692e-05,7.83792,38.2397,2.78121e-05,8.87555,48.1338,8.65134e-06,10.0489,60.5876,2.7882e-06,11.3761,76.2629,8.29036e-07,12.8779,95.9927,2.4373e-07,14.5775,120.825,1e-08,16.5012,152.08,1.75749e-07,18.6784,191.415,1e-08,21.1428,240.917,1.91829e-07,23.9322,303.213,1e-08,27.0895,381.602,7.0186e-08,30.6634,480.231,1e-08,34.7087,604.316,2.40784e-07,39.2876,760.401,9.87368e-08,44.4705,956.705,1.22263e-07,50.3371,1203.54,1e-08,56.9776,1513.81,1e-08,64.494,1903.69,1e-08,73.0018,2393.4,3.9185e-07,82.6317,3008.13,1.35379e-07,93.5318,3779.25,1e-08,105.869,4745.7,2.06965e-08,119.834,5955.6,1e-08,135.641,7468.12,1e-08,153.531,9355.62,2.00739e-07,173.781,11705.8,2.28358e-07,196.701,14624.1,1e-08,222.642,18235,1e-08,252.003,22683.4,1e-08,285.234,28134,1e-08,322.845,34767,2.34258e-07,365.413,42770.9,2.99668e-07,413.588,52327.9,8.28644e-08,468.111,63591.2,1e-08,529.814,76653.2,1e-08,599.642,91502.5,1e-08,678.662,107975,2.26339e-07,768.083,125705,3.69212e-07,869.267,144088,2.04077e-07,983.76,162277,1e-08,1113.3,179223,1e-08,1259.87,193777,1e-08,1425.68,204839,4.55555e-07,6.2823,3.27286,2.43537,0.219672,6.18826,2.24117,0.56371,6.87772,2.63624,0.308279,8,16,8,2,4,1,3,3,1,0,12,0,3,22,0,5,28,0,6,15,0,12,30,0,1,37,0,5,23,0,17,24,0,5,28,0,8,124,0,13,118,0,3,83,0,18,82,0,27,105,0,24,337,0,10,321,0,34,229,0,25,426,0,44,504,0,38,434,0,32,585,0,33,463,0,85,1285,0,27,1236,0,52,4927,0,50,3557,0,118,1923,0,155,2883,0,110,3077,0,70,9892,0,99,3753,0,166,7006,0,226,7471,0,85,14762,0,360,15016,0,257,10848,0,286,23366,0,133,27538,0,217,48803,0,621,66387,0,443,29792,0,444,88860,0,1154,140534,0,780,206896,0,1225,152414,0,1084,158041,0,1138,197479,0,1836,145712,0,808,135292,0,1744,420100,0
-1.05176e+08,1,8.88811e-15,10,1023,0,1.05176e+08,0.528882,1.08665,0.389689,0.145397,0.379329,3.24381,0.161596,0.446195,1.77396,0.159177,1.15e+07,4.49998e+06,6.79999e+06,1.15e+07,4.49997e+06,6.79999e+06,1.15e+07,4.49996e+06,6.79999e+06,1.15e+07,4.49995e+06,6.79999e+06,1.14999e+07,4.49993e+06,6.79999e+06,1.14999e+07,4.49991e+06,6.79999e+06,1.14999e+07,4.49989e+06,6.79999e+06,1.14999e+07,4.49986e+06,6.79999e+06,1.14999e+07,4.49982e+06,6.79999e+06,1.14999e+07,4.49977e+06,6.79999e+06,1.14999e+07,4.49971e+06,6.79999e+06,1.14999e+07,4.49963e+06,6.79999e+06,1.14998e+07,4.49953e+06,6.79999e+06,1.14998e+07,4.49941e+06,6.79999e+06,1.14998e+07,4.49926e+06,6.79999e+06,1.14998e+07,4.49906e+06,6.79999e+06,1.14997e+07,4.49882e+06,6.79999e+06,1.14997e+07,4.49851e+06,6.79999e+06,1.14997e+07,4.49812e+06,6.79999e+06,1.14996e+07,4.49764e+06,6.79999e+06,1.14996e+07,4.49702e+06,6.79999e+06,1.14995e+07,4.49625e+06,6.79999e+06,1.14995e+07,4.49528e+06,6.79999e+06,1.14994e+07,4.49406e+06,6.79999e+06,1.14993e+07,4.49253e+06,6.79999e+06,1.14992e+07,4.49059e+06,6.79999e+06,1.14991e+07,4.48817e+06,6.79999e+06,1.1499e+07,4.48511e+06,6.79999e+06,1.14988e+07,4.48128e+06,6.79999e+06,1.14987e+07,4.47646e+06,6.79999e+06,1.14985e+07,4.47041e+06,6.79999e+06,1.14983e+07,4.46281e+06,6.79999e+06,1.14981e+07,4.4533e+06,6.79999e+06,1.14979e+07,4.44138e+06,6.79999e+06,1.14976e+07,4.42649e+06,6.79999e+06,1.14972e+07,4.40789e+06,6.79999e+06,1.14969e+07,4.38471e+06,6.79999e+06,1.14965e+07,4.35592e+06,6.79999e+06,1.1496e+07,4.32027e+06,6.79999e+06,1.14955e+07,4.27629e+06,6.79999e+06,1.14949e+07,4.22231e+06,6.79999e+06,1.14942e+07,4.15647e+06,6.79999e+06,1.14934e+07,4.07676e+06,6.79999e+06,1.14926e+07,3.98112e+06,6.79999e+06,1.14916e+07,3.86765e+06,6.79999e+06,1.14905e+07,3.73474e+06,6.79999e+06,1.14892e+07,3.58148e+06,6.79999e+06,1.14878e+07,3.40785e+06,6.79999e+06,1.14862e+07,3.21513e+06,6.79999e+06,1.14844e+07,3.00605e+06,6.79999e+06,1.14823e+07,2.7848e+06,6.79999e+06,1.148e+07,2.5568e+06,6.79999e+06,1.14773e+07,2.32825e+06,6.79999e+06,13.5742,8.52444,0.508366,16.8306,13.2585,0.162638,20.0035,17.569,0.0507846,23.2616,22.4214,0.0158319,26.7328,28.3297,0.00493498,30.5212,35.6974,0.00153831,34.7178,44.9473,0.000479527,39.4086,56.5822,0.000149456,44.6796,71.2245,4.66214e-05,50.6209,89.6543,1.45419e-05,57.3297,112.852,4.54748e-06,64.9129,142.051,1.43857e-06,73.4897,178.803,4.36618e-07,83.1934,225.062,1.40153e-07,94.1745,283.286,4.96378e-08,106.602,356.568,1.05434e-07,120.669,448.799,-6.49244e-08,136.59,564.873,1.70148e-07,154.611,710.948,-5.34594e-08,175.008,894.767,1.63407e-07,198.097,1126.06,8.04804e-08,224.231,1417.07,1.14667e-07,253.813,1783.15,-1.71227e-07,287.297,2243.62,-2.88466e-07,325.198,2822.67,-4.33651e-07,368.098,3550.67,7.9318e-08,416.657,4465.65,3.13319e-07,471.621,5615.16,3.4613e-07,533.835,7058.61,-1.19199e-07,604.255,8870.02,-2.79964e-07,683.962,11141.4,-2.30521e-07,774.182,13986.7,-2.55099e-07,876.299,17546.4,1.23585e-07,991.883,21993.1,1.41192e-07,1122.71,27536.7,-9.71886e-08,1270.78,34430.7,-3.68368e-07,1438.38,42977.7,-3.45379e-07,1628.07,53532.7,-3.25328e-09,1842.77,66504.6,2.6362e-07,2085.77,82350.2,2.53445e-07,2360.79,101560,-2.47407e-08,2672.05,124632,-3.80602e-07,3024.31,152018,-4.79005e-07,3422.98,184060,-1.14379e-07,3874.15,220884,2.64297e-07,4384.72,262283,3.44131e-07,4962.49,307576,7.5349e-08,5616.29,355497,-3.63097e-07,6356.1,404126,-6.05442e-07,7193.18,450932,-2.72333e-07,8140.28,492963,2.29675e-07,9211.79,527178,4.3387e-07,10424,550893,-1.0711e-07,10.102,8.06553,2.81012,10.6436,8.57909,0.869423,11.5336,10.2515,0.270869,12.7211,12.7138,0.0844293,14.1823,15.9373,0.0263173,15.9122,20.0383,0.0082035,17.9198,25.2154,0.00255722,20.2244,31.7373,0.000797017,22.8539,39.9486,0.000248622,25.8438,50.2851,7.75492e-05,29.237,63.2963,2.42508e-05,33.0837,79.6738,7.67162e-06,37.4415,100.288,2.32837e-06,42.3767,126.236,7.33e-07,47.9646,158.896,2.79256e-07,54.2906,200.003,9.87351e-09,61.452,251.741,1.61085e-07,69.5585,316.859,-2.47141e-07,78.7347,398.812,8.93552e-08,89.1218,501.948,-2.53231e-07,100.879,631.736,-1.25047e-07,114.188,795.049,-1.78808e-07,129.252,1000.53,2.6733e-07,146.304,1259.03,4.50292e-07,165.605,1584.19,6.76904e-07,187.452,1993.12,-1.23808e-07,212.181,2507.27,-4.89068e-07,240.173,3153.54,-5.40284e-07,271.856,3965.56,1.86061e-07,307.719,4985.38,4.37004e-07,348.313,6265.4,3.59828e-07,394.26,7870.83,3.98192e-07,446.268,9882.51,-1.92908e-07,505.135,12400.3,-2.20392e-07,571.766,15546.9,1.51705e-07,647.184,19472.2,5.74996e-07,732.547,24357.4,5.39112e-07,829.167,30420,5.07815e-09,938.526,37916.3,-4.11492e-07,1062.3,47143.9,-3.9561e-07,1202.4,58439.2,3.86185e-08,1360.96,72169.3,5.94093e-07,1540.42,88715.8,7.47693e-07,1743.53,108445,1.78537e-07,1973.41,131665,-4.12549e-07,2233.57,158557,-5.37164e-07,2528,189103,-1.17615e-07,2861.2,222986,5.66769e-07,3238.27,259510,9.45053e-07,3664.97,297540,4.25093e-07,4147.81,335497,-3.58506e-07,4694.17,371444,-6.7724e-07,5312.37,403256,1.67192e-07,1.61744,3.89446,9.84394,3.28846,7.5504,12.774,5.07607,11.7187,13.6844,7.03202,16.8147,13.9681,9.20215,23.1769,14.0566,11.6301,31.1672,14.0841,14.3598,41.2186,14.0927,17.4376,53.8688,14.0954,20.9137,69.7915,14.0962,24.8432,89.8341,14.0965,29.2879,115.063,14.0966,34.3168,146.819,14.0966,40.0078,186.792,14.0966,46.4487,237.107,14.0966,53.7388,300.44,14.0966,61.9903,380.158,14.0966,71.3301,480.499,14.0966,81.902,606.796,14.0966,93.8685,765.761,14.0966,107.414,965.837,14.0966,122.746,1217.65,14.0966,140.101,1534.57,14.0966,159.745,1933.41,14.0966,181.981,2435.3,14.0966,207.15,3066.85,14.0966,235.64,3861.46,14.0966,267.889,4861.11,14.0966,304.391,6118.54,14.0966,345.709,7699.91,14.0966,392.478,9688.22,14.0966,445.417,12187.5,14.0966,505.339,15327.7,14.0966,573.165,19271.6,14.0966,649.938,24222,14.0966,736.839,30430.9,14.0966,835.202,38211.5,14.0966,946.539,47950.3,14.0966,1072.56,60122.8,14.0966,1215.21,75309.9,14.0966,1376.66,94216.2,14.0966,1559.41,117688,14.0966,1766.26,146729,14.0966,2000.39,182510,14.0966,2265.39,226372,14.0966,2565.33,279806,14.0966,2904.81,344416,14.0966,3289.05,421845,14.0966,3723.93,513667,14.0966,4216.13,621231,14.0966,4773.18,745478,14.0966,5403.64,886744,14.0966,6117.15,1.04457e+06,14.0966,6924.63,1.2176e+06,14.0966,11.7194,11.96,12.6541,13.9321,16.1295,13.6434,16.6097,21.9702,13.9553,19.7532,29.5285,14.0526,23.3844,39.1143,14.0829,27.5423,51.2054,14.0923,32.2796,66.434,14.0953,37.662,85.6061,14.0962,43.7675,109.74,14.0965,50.687,140.119,14.0966,58.5249,178.359,14.0966,67.4005,226.493,14.0966,77.4493,287.08,14.0966,88.8254,363.343,14.0966,101.703,459.336,14.0966,116.281,580.161,14.0966,132.782,732.241,14.0966,151.46,923.655,14.0966,172.603,1164.57,14.0966,196.535,1467.79,14.0966,223.625,1849.39,14.0966,254.288,2329.62,14.0966,288.997,2933.93,14.0966,328.285,3694.33,14.0966,372.755,4651.04,14.0966,423.092,5854.57,14.0966,480.07,7368.38,14.0966,544.564,9272.08,14.0966,617.566,11665.5,14.0966,700.197,14673.6,14.0966,793.729,18452.9,14.0966,899.599,23198.6,14.0966,1019.43,29154.1,14.0966,1155.07,36622.3,14.0966,1308.6,45977.9,14.0966,1482.39,57683.7,14.0966,1679.09,72307.8,14.0966,1901.73,90542.8,14.0966,2153.73,113226,14.0966,2438.97,141360,14.0966,2761.81,176127,14.0966,3127.22,218898,14.0966,3540.81,271226,14.0966,4008.92,334817,14.0966,4538.74,411470,14.0966,5138.38,502973,14.0966,5817.04,610948,14.0966,6585.12,736653,14.0966,7454.39,880741,14.0966,8438.15,1.04302e+06,14.0966,9551.45,1.22224e+06,14.0966,10811.3,1.41602e+06,14.0966,12237,1.62086e+06,14.0966,11.7194,11.96,12.6541,2.21263,4.16949,0.989383,2.67766,5.84076,0.311842,3.14343,7.55825,0.0972771,3.63127,9.58578,0.0303237,4.15787,12.0912,0.00945211,4.73731,15.2286,0.00294633,5.38238,19.1721,0.000918508,6.10553,24.134,0.000286163,6.91951,30.3791,8.92692e-05,7.83792,38.2397,2.78121e-05,8.87555,48.1338,8.65134e-06,10.0489,60.5876,2.7882e-06,11.3761,76.2629,8.29036e-07,12.8779,95.9927,2.4373e-07,14.5775,120.825,4.33068e-09,16.5012,152.08,1.75749e-07,18.6784,191.415,-1.86328e-07,21.1428,240.917,1.91829e-07,23.9322,303.213,-1.81475e-07,27.0895,381.602,7.0186e-08,30.6634,480.231,-2.86769e-08,34.7087,604.316,2.40784e-07,39.2876,760.401,9.87368e-08,44.4705,956.705,1.22263e-07,50.3371,1203.54,-4.31966e-07,56.9776,1513.81,-1.9705e-07,64.494,1903.69,-2.763e-08,73.0018,2393.4,3.9185e-07,82.6317,3008.13,1.35379e-07,93.5318,3779.25,-4.16351e-08,105.869,4745.7,2.06965e-08,119.834,5955.6,-3.18887e-07,135.641,7468.12,-1.48271e-08,153.531,9355.62,2.00739e-07,173.781,11705.8,2.28358e-07,196.701,14624.1,-1.93587e-08,222.642,18235,-2.88101e-07,252.003,22683.4,-2.24732e-07,285.234,28134,8.56806e-09,322.845,34767,2.34258e-07,365.413,42770.9,2.99668e-07,413.588,52327.9,8.28644e-08,468.111,63591.2,-3.07049e-07,529.814,76653.2,-3.1888e-07,599.642,91502.5,-6.72276e-08,678.662,107975,2.26339e-07,768.083,125705,3.69212e-07,869.267,144088,2.04077e-07,983.76,162277,-2.80509e-07,1113.3,179223,-4.22737e-07,1259.87,193777,-1.71951e-07,1425.68,204839,4.55555e-07,11.7194,11.96,12.6541,2.21263,4.16949,0.989383,2.67766,5.84076,0.311842,3.14343,7.55825,0.0972771,3.63127,9.58578,0.0303237,4.15787,12.0912,0.00945211,4.73731,15.2286,0.00294633,5.38238,19.1721,0.000918508,6.10553,24.134,0.000286163,6.91951,30.3791,8.92692e-05,7.83792,38.2397,2.78121e-05,8.87555,48.1338,8.65134e-06,10.0489,60.5876,2.7882e-06,11.3761,76.2629,8.29036e-07,12.8779,95.9927,2.4373e-07,14.5775,120.825,1e-08,16.5012,152.08,1.75749e-07,18.6784,191.415,1e-08,21.1428,240.917,1.91829e-07,23.9322,303.213,1e-08,27.0895,381.602,7.0186e-08,30.6634,480.231,1e-08,34.7087,604.316,2.40784e-07,39.2876,760.401,9.87368e-08,44.4705,956.705,1.22263e-07,50.3371,1203.54,1e-08,56.9776,1513.81,1e-08,64.494,1903.69,1e-08,73.0018,2393.4,3.9185e-07,82.6317,3008.13,1.35379e-07,93.5318,3779.25,1e-08,105.869,4745.7,2.06965e-08,119.834,5955.6,1e-08,135.641,7468.12,1e-08,153.531,9355.62,2.00739e-07,173.781,11705.8,2.28358e-07,196.701,14624.1,1e-08,222.642,18235,1e-08,252.003,22683.4,1e-08,285.234,28134,1e-08,322.845,34767,2.34258e-07,365.413,42770.9,2.99668e-07,413.588,52327.9,8.28644e-08,468.111,63591.2,1e-08,529.814,76653.2,1e-08,599.642,91502.5,1e-08,678.662,107975,2.26339e-07,768.083,125705,3.69212e-07,869.267,144088,2.04077e-07,983.76,162277,1e-08,1113.3,179223,1e-08,1259.87,193777,1e-08,1425.68,204839,4.55555e-07,6.2823,3.27286,2.43537,0.219672,6.18826,2.24117,0.56371,6.87772,2.63624,0.308279,11,4,14,3,3,2,3,5,2,3,8,0,3,14,0,3,14,0,9,7,0,3,29,0,4,35,0,8,24,0,3,38,0,5,56,0,4,62,0,5,123,0,4,133,0,19,54,0,12,240,0,28,155,0,20,344,0,25,164,0,14,383,0,33,226,0,62,894,0,25,755,0,23,1085,0,53,2034,0,57,1233,0,57,1539,0,71,2584,0,48,1612,0,60,4308,0,148,5010,0,192,3669,0,119,10083,0,159,9033,0,244,18321,0,145,16757,0,269,12539,0,200,15126,0,180,35466,0,370,21648,0,224,32289,0,337,52727,0,615,70415,0,524,113932,0,568,68294,0,194,81285,0,387,197253,0,588,106106,0,838,247506,0,923,72303,0,955,219045,0,1271,95351,0
-1.05176e+08,1,8.88811e-15,10,1023,0,1.05176e+08,0.528882,1.08665,0.389689,0.145397,0.379329,3.24381,0.161596,0.446195,1.77396,0.159177,1.15e+07,4.49998e+06,6.79999e+06,1.15e+07,4.49997e+06,6.79999e+06,1.15e+07,4.49996e+06,6.79999e+06,1.15e+07,4.49995e+06,6.79999e+06,1.14999e+07,4.49993e+06,6.79999e+06,1.14999e+07,4.49991e+06,6.79999e+06,1.14999e+07,4.49989e+06,6.79999e+06,1.14999e+07,4.49986e+06,6.79999e+06,1.14999e+07,4.49982e+06,6.79999e+06,1.14999e+07,4.49977e+06,6.79999e+06,1.14999e+07,4.49971e+06,6.79999e+06,1.14999e+07,4.49963e+06,6.79999e+06,1.14998e+07,4.49953e+06,6.79999e+06,1.14998e+07,4.49941e+06,6.79999e+06,1.14998e+07,4.49926e+06,6.79999e+06,1.14998e+07,4.49906e+06,6.79999e+06,1.14997e+07,4.49882e+06,6.79999e+06,1.14997e+07,4.49851e+06,6.79999e+06,1.14997e+07,4.49812e+06,6.79999e+06,1.14996e+07,4.49764e+06,6.79999e+06,1.14996e+07,4.49702e+06,6.79999e+06,1.14995e+07,4.49625e+06,6.79999e+06,1.14995e+07,4.49528e+06,6.79999e+06,1.14994e+07,4.49406e+06,6.79999e+06,1.14993e+07,4.49253e+06,6.79999e+06,1.14992e+07,4.49059e+06,6.79999e+06,1.14991e+07,4.48817e+06,6.79999e+06,1.1499e+07,4.48511e+06,6.79999e+06,1.14988e+07,4.48128e+06,6.79999e+06,1.14987e+07,4.47646e+06,6.79999e+06,1.14985e+07,4.47041e+06,6.79999e+06,1.14983e+07,4.46281e+06,6.79999e+06,1.14981e+07,4.4533e+06,6.79999e+06,1.14979e+07,4.44138e+06,6.79999e+06,1.14976e+07,4.42649e+06,6.79999e+06,1.14972e+07,4.40789e+06,6.79999e+06,1.14969e+07,4.38471e+06,6.79999e+06,1.14965e+07,4.35592e+06,6.79999e+06,1.1496e+07,4.32027e+06,6.79999e+06,1.14955e+07,4.27629e+06,6.79999e+06,1.14949e+07,4.22231e+06,6.79999e+06,1.14942e+07,4.15647e+06,6.79999e+06,1.14934e+07,4.07676e+06,6.79999e+06,1.14926e+07,3.98112e+06,6.79999e+06,1.14916e+07,3.86765e+06,6.79999e+06,1.14905e+07,3.73474e+06,6.79999e+06,1.14892e+07,3.58148e+06,6.79999e+06,1.14878e+07,3.40785e+06,6.79999e+06,1.14862e+07,3.21513e+06,6.79999e+06,1.14844e+07,3.00605e+06,6.79999e+06,1.14823e+07,2.7848e+06,6.79999e+06,1.148e+07,2.5568e+06,6.79999e+06,1.14773e+07,2.32825e+06,6.79999e+06,13.5742,8.52444,0.508366,16.8306,13.2585,0.162638,20.0035,17.569,0.0507846,23.2616,22.4214,0.0158319,26.7328,28.3297,0.00493498,30.5212,35.6974,0.00153831,34.7178,44.9473,0.000479527,39.4086,56.5822,0.000149456,44.6796,71.2245,4.66214e-05,50.6209,89.6543,1.45419e-05,57.3297,112.852,4.54748e-06,64.9129,142.051,1.43857e-06,73.4897,178.803,4.36618e-07,83.1934,225.062,1.40153e-07,94.1745,283.286,4.96378e-08,106.602,356.568,1.05434e-07,120.669,448.799,-6.49244e-08,136.59,564.873,1.70148e-07,154.611,710.948,-5.34594e-08,175.008,894.767,1.63407e-07,198.097,1126.06,8.04804e-08,224.231,1417.07,1.14667e-07,253.813,1783.15,-1.71227e-07,287.297,2243.62,-2.88466e-07,325.198,2822.67,-4.33651e-07,368.098,3550.67,7.9318e-08,416.657,4465.65,3.13319e-07,471.621,5615.16,3.4613e-07,533.835,7058.61,-1.19199e-07,604.255,8870.02,-2.79964e-07,683.962,11141.4,-2.30521e-07,774.182,13986.7,-2.55099e-07,876.299,17546.4,1.23585e-07,991.883,21993.1,1.41192e-07,1122.71,27536.7,-9.71886e-08,1270.78,34430.7,-3.68368e-07,1438.38,42977.7,-3.45379e-07,1628.07,53532.7,-3.25328e-09,1842.77,66504.6,2.6362e-07,2085.77,82350.2,2.53445e-07,2360.79,101560,-2.47407e-08,2672.05,124632,-3.80602e-07,3024.31,152018,-4.79005e-07,3422.98,184060,-1.14379e-07,3874.15,220884,2.64297e-07,4384.72,262283,3.44131e-07,4962.49,307576,7.5349e-08,5616.29,355497,-3.63097e-07,6356.1,404126,-6.05442e-07,7193.18,450932,-2.72333e-07,8140.28,492963,2.29675e-07,9211.79,527178,4.3387e-07,10424,550893,-1.0711e-07,10.102,8.06553,2.81012,10.6436,8.57909,0.869423,11.5336,10.2515,0.270869,12.7211,12.7138,0.0844293,14.1823,15.9373,0.0263173,15.9122,20.0383,0.0082035,17.9198,25.2154,0.00255722,20.2244,31.7373,0.000797017,22.8539,39.9486,0.000248622,25.8438,50.2851,7.75492e-05,29.237,63.2963,2.42508e-05,33.0837,79.6738,7.67162e-06,37.4415,100.288,2.32837e-06,42.3767,126.236,7.33e-07,47.9646,158.896,2.79256e-07,54.2906,200.003,9.87351e-09,61.452,251.741,1.61085e-07,69.5585,316.859,-2.47141e-07,78.7347,398.812,8.93552e-08,89.1218,501.948,-2.53231e-07,100.879,631.736,-1.25047e-07,114.188,795.049,-1.78808e-07,129.252,1000.53,2.6733e-07,146.304,1259.03,4.50292e-07,165.605,1584.19,6.76904e-07,187.452,1993.12,-1.23808e-07,212.181,2507.27,-4.89068e-07,240.173,3153.54,-5.40284e-07,271.856,3965.56,1.86061e-07,307.719,4985.38,4.37004e-07,348.313,6265.4,3.59828e-07,394.26,7870.83,3.98192e-07,446.268,9882.51,-1.92908e-07,505.135,12400.3,-2.20392e-07,571.766,15546.9,1.51705e-07,647.184,19472.2,5.74996e-07,732.547,24357.4,5.39112e-07,829.167,30420,5.07815e-09,938.526,37916.3,-4.11492e-07,1062.3,47143.9,-3.9561e-07,1202.4,58439.2,3.86185e-08,1360.96,72169.3,5.94093e-07,1540.42,88715.8,7.47693e-07,1743.53,108445,1.78537e-07,1973.41,131665,-4.12549e-07,2233.57,158557,-5.37164e-07,2528,189103,-1.17615e-07,2861.2,222986,5.66769e-07,3238.27,259510,9.45053e-07,3664.97,297540,4.25093e-07,4147.81,335497,-3.58506e-07,4694.17,371444,-6.7724e-07,5312.37,403256,1.67192e-07,1.61744,3.89446,9.84394,3.28846,7.5504,12.774,5.07607,11.7187,13.6844,7.03202,16.8147,13.9681,9.20215,23.1769,14.0566,11.6301,31.1672,14.0841,14.3598,41.2186,14.0927,17.4376,53.8688,14.0954,20.9137,69.7915,14.0962,24.8432,89.8341,14.0965,29.2879,115.063,14.0966,34.3168,146.819,14.0966,40.0078,186.792,14.0966,46.4487,237.107,14.0966,53.7388,300.44,14.0966,61.9903,380.158,14.0966,71.3301,480.499,14.0966,81.902,606.796,14.0966,93.8685,765.761,14.0966,107.414,965.837,14.0966,122.746,1217.65,14.0966,140.101,1534.57,14.0966,159.745,1933.41,14.0966,181.981,2435.3,14.0966,207.15,3066.85,14.0966,235.64,3861.46,14.0966,267.889,4861.11,14.0966,304.391,6118.54,14.0966,345.709,7699.91,14.0966,392.478,9688.22,14.0966,445.417,12187.5,14.0966,505.339,15327.7,14.0966,573.165,19271.6,14.0966,649.938,24222,14.0966,736.839,30430.9,14.0966,835.202,38211.5,14.0966,946.539,47950.3,14.0966,1072.56,60122.8,14.0966,1215.21,75309.9,14.0966,1376.66,94216.2,14.0966,1559.41,117688,14.0966,1766.26,146729,14.0966,2000.39,182510,14.0966,2265.39,226372,14.0966,2565.33,279806,14.0966,2904.81,344416,14.0966,3289.05,421845,14.0966,3723.93,513667,14.0966,4216.13,621231,14.0966,4773.18,745478,14.0966,5403.64,886744,14.0966,6117.15,1.04457e+06,14.0966,6924.63,1.2176e+06,14.0966,11.7194,11.96,12.6541,13.9321,16.1295,13.6434,16.6097,21.9702,13.9553,19.7532,29.5285,14.0526,23.3844,39.1143,14.0829,27.5423,51.2054,14.0923,32.2796,66.434,14.0953,37.662,85.6061,14.0962,43.7675,109.74,14.0965,50.687,140.119,14.0966,58.5249,178.359,14.0966,67.4005,226.493,14.0966,77.4493,287.08,14.0966,88.8254,363.343,14.0966,101.703,459.336,14.0966,116.281,580.161,14.0966,132.782,732.241,14.0966,151.46,923.655,14.0966,172.603,1164.57,14.0966,196.535,1467.79,14.0966,223.625,1849.39,14.0966,254.288,2329.62,14.0966,288.997,2933.93,14.0966,328.285,3694.33,14.0966,372.755,4651.04,14.0966,423.092,5854.57,14.0966,480.07,7368.38,14.0966,544.564,9272.08,14.0966,617.566,11665.5,14.0966,700.197,14673.6,14.0966,793.729,18452.9,14.0966,899.599,23198.6,14.0966,1019.43,29154.1,14.0966,1155.07,36622.3,14.0966,1308.6,45977.9,14.0966,1482.39,57683.7,14.0966,1679.09,72307.8,14.0966,1901.73,90542.8,14.0966,2153.73,113226,14.0966,2438.97,141360,14.0966,2761.81,176127,14.0966,3127.22,218898,14.0966,3540.81,271226,14.0966,4008.92,334817,14.0966,4538.74,411470,14.0966,5138.38,502973,14.0966,5817.04,610948,14.0966,6585.12,736653,14.0966,7454.39,880741,14.0966,8438.15,1.04302e+06,14.0966,9551.45,1.22224e+06,14.0966,10811.3,1.41602e+06,14.0966,12237,1.62086e+06,14.0966,11.7194,11.96,12.6541,2.21263,4.16949,0.989383,2.67766,5.84076,0.311842,3.14343,7.55825,0.0972771,3.63127,9.58578,0.0303237,4.15787,12.0912,0.00945211,4.73731,15.2286,0.00294633,5.38238,19.1721,0.000918508,6.10553,24.134,0.000286163,6.91951,30.3791,8.92692e-05,7.83792,38.2397,2.78121e-05,8.87555,48.1338,8.65134e-06,10.0489,60.5876,2.7882e-06,11.3761,76.2629,8.29036e-07,12.8779,95.9927,2.4373e-07,14.5775,120.825,4.33068e-09,16.5012,152.08,1.75749e-07,18.6784,191.415,-1.86328e-07,21.1428,240.917,1.91829e-07,23.9322,303.213,-1.81475e-07,27.0895,381.602,7.0186e-08,30.6634,480.231,-2.86769e-08,34.7087,604.316,2.40784e-07,39.2876,760.401,9.87368e-08,44.4705,956.705,1.22263e-07,50.3371,1203.54,-4.31966e-07,56.9776,1513.81,-1.9705e-07,64.494,1903.69,-2.763e-08,73.0018,2393.4,3.9185e-07,82.6317,3008.13,1.35379e-07,93.5318,3779.25,-4.16351e-08,105.869,4745.7,2.06965e-08,119.834,5955.6,-3.18887e-07,135.641,7468.12,-1.48271e-08,153.531,9355.62,2.00739e-07,173.781,11705.8,2.28358e-07,196.701,14624.1,-1.93587e-08,222.642,18235,-2.88101e-07,252.003,22683.4,-2.24732e-07,285.234,28134,8.56806e-09,322.845,34767,2.34258e-07,365.413,42770.9,2.99668e-07,413.588,52327.9,8.28644e-08,468.111,63591.2,-3.07049e-07,529.814,76653.2,-3.1888e-07,599.642,91502.5,-6.72276e-08,678.662,107975,2.26339e-07,768.083,125705,3.69212e-07,869.267,144088,2.04077e-07,983.76,162277,-2.80509e-07,1113.3,179223,-4.22737e-07,1259.87,193777,-1.71951e-07,1425.68,204839,4.55555e-07,11.7194,11.96,12.6541,2.21263,4.16949,0.989383,2.67766,5.84076,0.311842,3.14343,7.55825,0.0972771,3.63127,9.58578,0.0303237,4.15787,12.0912,0.00945211,4.73731,15.2286,0.00294633,5.38238,19.1721,0.000918508,6.10553,24.134,0.000286163,6.91951,30.3791,8.92692e-05,7.83792,38.2397,2.78121e-05,8.87555,48.1338,8.65134e-06,10.0489,60.5876,2.7882e-06,11.3761,76.2629,8.29036e-07,12.8779,95.9927,2.4373e-07,14.5775,120.825,1e-08,16.5012,152.08,1.75749e-07,18.6784,191.415,1e-08,21.1428,240.917,1.91829e-07,23.9322,303.213,1e-08,27.0895,381.602,7.0186e-08,30.6634,480.231,1e-08,34.7087,604.316,2.40784e-07,39.2876,760.401,9.87368e-08,44.4705,956.705,1.22263e-07,50.3371,1203.54,1e-08,56.9776,1513.81,1e-08,64.494,1903.69,1e-08,73.0018,2393.4,3.9185e-07,82.6317,3008.13,1.35379e-07,93.5318,3779.25,1e-08,105.869,4745.7,2.06965e-08,119.834,5955.6,1e-08,135.641,7468.12,1e-08,153.531,9355.62,2.00739e-07,173.781,11705.8,2.28358e-07,196.701,14624.1,1e-08,222.642,18235,1e-08,252.003,22683.4,1e-08,285.234,28134,1e-08,322.845,34767,2.34258e-07,365.413,42770.9,2.99668e-07,413.588,52327.9,8.28644e-08,468.111,63591.2,1e-08,529.814,76653.2,1e-08,599.642,91502.5,1e-08,678.662,107975,2.26339e-07,768.083,125705,3.69212e-07,869.267,144088,2.04077e-07,983.76,162277,1e-08,1113.3,179223,1e-08,1259.87,193777,1e-08,1425.68,204839,4.55555e-07,6.2823,3.27286,2.43537,0.219672,6.18826,2.24117,0.56371,6.87772,2.63624,0.308279,10,26,9,1,5,0,1,11,1,4,4,1,8,4,0,4,36,0,3,20,0,4,9,0,6,38,0,6,33,0,8,14,0,14,36,0,4,51,0,11,55,0,3,187,0,11,46,0,12,74,0,24,232,0,17,374,0,20,146,0,33,472,0,18,466,0,58,695,0,27,1140,0,21,555,0,48,624,0,41,1279,0,47,1767,0,52,3189,0,104,1519,0,83,4663,0,104,4287,0,110,1989,0,153,3254,0,324,5939,0,100,11183,0,428,28136,0,342,15223,0,193,11281,0,293,27715,0,487,30886,0,502,66686,0,183,60141,0,437,69122,0,479,66223,0,780,108679,0,492,51475,0,1421,93029,0,760,101136,0,647,294915,0,1002,277984,0,810,247790,0,1555,101315,0
-1.05176e+08,1,8.88811e-15,10,1023,0,1.05176e+08,0.528882,1.08665,0.389689,0.145397,0.379329,3.24381,0.161596,0.446195,1.77396,0.159177,1.15e+07,4.49998e+06,6.79999e+06,1.15e+07,4.49997e+06,6.79999e+06,1.15e+07,4.49996e+06,6.79999e+06,1.15e+07,4.49995e+06,6.79999e+06,1.14999e+07,4.49993e+06,6.79999e+06,1.14999e+07,4.49991e+06,6.79999e+06,1.14999e+07,4.49989e+06,6.79999e+06,1.14999e+07,4.49986e+06,6.79999e+06,1.14999e+07,4.49982e+06,6.79999e+06,1.14999e+07,4.49977e+06,6.79999e+06,1.14999e+07,4.49971e+06,6.79999e+06,1.14999e+07,4.49963e+06,6.79999e+06,1.14998e+07,4.49953e+06,6.79999e+06,1.14998e+07,4.49941e+06,6.79999e+06,1.14998e+07,4.49926e+06,6.79999e+06,1.14998e+07,4.49906e+06,6.79999e+06,1.14997e+07,4.49882e+06,6.79999e+06,1.14997e+07,4.49851e+06,6.79999e+06,1.14997e+07,4.49812e+06,6.79999e+06,1.14996e+07,4.49764e+06,6.79999e+06,1.14996e+07,4.49702e+06,6.79999e+06,1.14995e+07,4.49625e+06,6.79999e+06,1.14995e+07,4.49528e+06,6.79999e+06,1.14994e+07,4.49406e+06,6.79999e+06,1.14993e+07,4.49253e+06,6.79999e+06,1.14992e+07,4.49059e+06,6.79999e+06,1.14991e+07,4.48817e+06,6.79999e+06,1.1499e+07,4.48511e+06,6.79999e+06,1.14988e+07,4.48128e+06,6.79999e+06,1.14987e+07,4.47646e+06,6.79999e+06,1.14985e+07,4.47041e+06,6.79999e+06,1.14983e+07,4.46281e+06,6.79999e+06,1.14981e+07,4.4533e+06,6.79999e+06,1.14979e+07,4.44138e+06,6.79999e+06,1.14976e+07,4.42649e+06,6.79999e+06,1.14972e+07,4.40789e+06,6.79999e+06,1.14969e+07,4.38471e+06,6.79999e+06,1.14965e+07,4.35592e+06,6.79999e+06,1.1496e+07,4.32027e+06,6.79999e+06,1.14955e+07,4.27629e+06,6.79999e+06,1.14949e+07,4.22231e+06,6.79999e+06,1.14942e+07,4.15647e+06,6.79999e+06,1.14934e+07,4.07676e+06,6.79999e+06,1.14926e+07,3.98112e+06,6.79999e+06,1.14916e+07,3.86765e+06,6.79999e+06,1.14905e+07,3.73474e+06,6.79999e+06,1.14892e+07,3.58148e+06,6.79999e+06,1.14878e+07,3.40785e+06,6.79999e+06,1.14862e+07,3.21513e+06,6.79999e+06,1.14844e+07,3.00605e+06,6.79999e+06,1.14823e+07,2.7848e+06,6.79999e+06,1.148e+07,2.5568e+06,6.79999e+06,1.14773e+07,2.32825e+06,6.79999e+06,13.5742,8.52444,0.508366,16.8306,13.2585,0.162638,20.0035,17.569,0.0507846,23.2616,22.4214,0.0158319,26.7328,28.3297,0.00493498,30.5212,35.6974,0.00153831,34.7178,44.9473,0.000479527,39.4086,56.5822,0.000149456,44.6796,71.2245,4.66214e-05,50.6209,89.6543,1.45419e-05,57.3297,112.852,4.54748e-06,64.9129,142.051,1.43857e-06,73.4897,178.803,4.36618e-07,83.1934,225.062,1.40153e-07,94.1745,283.286,4.96378e-08,106.602,356.568,1.05434e-07,120.669,448.799,-6.49244e-08,136.59,564.873,1.70148e-07,154.611,710.948,-5.34594e-08,175.008,894.767,1.63407e-07,198.097,1126.06,8.04804e-08,224.231,1417.07,1.14667e-07,253.813,1783.15,-1.71227e-07,287.297,2243.62,-2.88466e-07,325.198,2822.67,-4.33651e-07,368.098,3550.67,7.9318e-08,416.657,4465.65,3.13319e-07,471.621,5615.16,3.4613e-07,533.835,7058.61,-1.19199e-07,604.255,8870.02,-2.79964e-07,683.962,11141.4,-2.30521e-07,774.182,13986.7,-2.55099e-07,876.299,17546.4,1.23585e-07,991.883,21993.1,1.41192e-07,1122.71,27536.7,-9.71886e-08,1270.78,34430.7,-3.68368e-07,1438.38,42977.7,-3.45379e-07,1628.07,53532.7,-3.25328e-09,1842.77,66504.6,2.6362e-07,2085.77,82350.2,2.53445e-07,2360.79,101560,-2.47407e-08,2672.05,124632,-3.80602e-07,3024.31,152018,-4.79005e-07,3422.98,184060,-1.14379e-07,3874.15,220884,2.64297e-07,4384.72,262283,3.44131e-07,4962.49,307576,7.5349e-08,5616.29,355497,-3.63097e-07,6356.1,404126,-6.05442e-07,7193.18,450932,-2.72333e-07,8140.28,492963,2.29675e-07,9211.79,527178,4.3387e-07,10424,550893,-1.0711e-07,10.102,8.06553,2.81012,10.6436,8.57909,0.869423,11.5336,10.2515,0.270869,12.7211,12.7138,0.0844293,14.1823,15.9373,0.0263173,15.9122,20.0383,0.0082035,17.9198,25.2154,0.00255722,20.2244,31.7373,0.000797017,22.8539,39.9486,0.000248622,25.8438,50.2851,7.75492e-05,29.237,63.2963,2.42508e-05,33.0837,79.6738,7.67162e-06,37.4415,100.288,2.32837e-06,42.3767,126.236,7.33e-07,47.9646,158.896,2.79256e-07,54.2906,200.003,9.87351e-09,61.452,251.741,1.61085e-07,69.5585,316.859,-2.47141e-07,78.7347,398.812,8.93552e-08,89.1218,501.948,-2.53231e-07,100.879,631.736,-1.25047e-07,114.188,795.049,-1.78808e-07,129.252,1000.53,2.6733e-07,146.304,1259.03,4.50292e-07,165.605,1584.19,6.76904e-07,187.452,1993.12,-1.23808e-07,212.181,2507.27,-4.89068e-07,240.173,3153.54,-5.40284e-07,271.856,3965.56,1.86061e-07,307.719,4985.38,4.37004e-07,348.313,6265.4,3.59828e-07,394.26,7870.83,3.98192e-07,446.268,9882.51,-1.92908e-07,505.135,12400.3,-2.20392e-07,571.766,15546.9,1.51705e-07,647.184,19472.2,5.74996e-07,732.547,24357.4,5.39112e-07,829.167,30420,5.07815e-09,938.526,37916.3,-4.11492e-07,1062.3,47143.9,-3.9561e-07,1202.4,58439.2,3.86185e-08,1360.96,72169.3,5.94093e-07,1540.42,88715.8,7.47693e-07,1743.53,108445,1.78537e-07,1973.41,131665,-4.12549e-07,2233.57,158557,-5.37164e-07,2528,189103,-1.17615e-07,2861.2,222986,5.66769e-07,3238.27,259510,9.45053e-07,3664.97,297540,4.25093e-07,4147.81,335497,-3.58506e-07,4694.17,371444,-6.7724e-07,5312.37,403256,1.67192e-07,1.61744,3.89446,9.84394,3.28846,7.5504,12.774,5.07607,11.7187,13.6844,7.03202,16.8147,13.9681,9.20215,23.1769,14.0566,11.6301,31.1672,14.0841,14.3598,41.2186,14.0927,17.4376,53.8688,14.0954,20.9137,69.7915,14.0962,24.8432,89.8341,14.0965,29.2879,115.063,14.0966,34.3168,146.819,14.0966,40.0078,186.792,14.0966,46.4487,237.107,14.0966,53.7388,300.44,14.0966,61.9903,380.158,14.0966,71.3301,480.499,14.0966,81.902,606.796,14.0966,93.8685,765.761,14.0966,107.414,965.837,14.0966,122.746,1217.65,14.0966,140.101,1534.57,14.0966,159.745,1933.41,14.0966,181.981,2435.3,14.0966,207.15,3066.85,14.0966,235.64,3861.46,14.0966,267.889,4861.11,14.0966,304.391,6118.54,14.0966,345.709,7699.91,14.0966,392.478,9688.22,14.0966,445.417,12187.5,14.0966,505.339,15327.7,14.0966,573.165,19271.6,14.0966,649.938,24222,14.0966,736.839,30430.9,14.0966,835.202,38211.5,14.0966,946.539,47950.3,14.0966,1072.56,60122.8,14.0966,1215.21,75309.9,14.0966,1376.66,94216.2,14.0966,1559.41,117688,14.0966,1766.26,146729,14.0966,2000.39,182510,14.0966,2265.39,226372,14.0966,2565.33,279806,14.0966,2904.81,344416,14.0966,3289.05,421845,14.0966,3723.93,513667,14.0966,4216.13,621231,14.0966,4773.18,745478,14.0966,5403.64,886744,14.0966,6117.15,1.04457e+06,14.0966,6924.63,1.2176e+06,14.0966,11.7194,11.96,12.6541,13.9321,16.1295,13.6434,16.6097,21.9702,13.9553,19.7532,29.5285,14.0526,23.3844,39.1143,14.0829,27.5423,51.2054,14.0923,32.2796,66.434,14.0953,37.662,85.6061,14.0962,43.7675,109.74,14.0965,50.687,140.119,14.0966,58.5249,178.359,14.0966,67.4005,226.493,14.0966,77.4493,287.08,14.0966,88.8254,363.343,14.0966,101.703,459.336,14.0966,116.281,580.161,14.0966,132.782,732.241,14.0966,151.46,923.655,14.0966,172.603,1164.57,14.0966,196.535,1467.79,14.0966,223.625,1849.39,14.0966,254.288,2329.62,14.0966,288.997,2933.93,14.0966,328.285,3694.33,14.0966,372.755,4651.04,14.0966,423.092,5854.57,14.0966,480.07,7368.38,14.0966,544.564,9272.08,14.0966,617.566,11665.5,14.0966,700.197,14673.6,14.0966,793.729,18452.9,14.0966,899.599,23198.6,14.0966,1019.43,29154.1,14.0966,1155.07,36622.3,14.0966,1308.6,45977.9,14.0966,1482.39,57683.7,14.0966,1679.09,72307.8,14.0966,1901.73,90542.8,14.0966,2153.73,113226,14.0966,2438.97,141360,14.0966,2761.81,176127,14.0966,3127.22,218898,14.0966,3540.81,271226,14.0966,4008.92,334817,14.0966,4538.74,411470,14.0966,5138.38,502973,14.0966,5817.04,610948,14.0966,6585.12,736653,14.0966,7454.39,880741,14.0966,8438.15,1.04302e+06,14.0966,9551.45,1.22224e+06,14.0966,10811.3,1.41602e+06,14.0966,12237,1.62086e+06,14.0966,11.7194,11.96,12.6541,2.21263,4.16949,0.989383,2.67766,5.84076,0.311842,3.14343,7.55825,0.0972771,3.63127,9.58578,0.0303237,4.15787,12.0912,0.00945211,4.73731,15.2286,0.00294633,5.38238,19.1721,0.000918508,6.10553,24.134,0.000286163,6.91951,30.3791,8.92692e-05,7.83792,38.2397,2.78121e-05,8.87555,48.1338,8.65134e-06,10.0489,60.5876,2.7882e-06,11.3761,76.2629,8.29036e-07,12.8779,95.9927,2.4373e-07,14.5775,120.825,4.33068e-09,16.5012,152.08,1.75749e-07,18.6784,191.415,-1.86328e-07,21.1428,240.917,1.91829e-07,23.9322,303.213,-1.81475e-07,27.0895,381.602,7.0186e-08,30.6634,480.231,-2.86769e-08,34.7087,604.316,2.40784e-07,39.2876,760.401,9.87368e-08,44.4705,956.705,1.22263e-07,50.3371,1203.54,-4.31966e-07,56.9776,1513.81,-1.9705e-07,64.494,1903.69,-2.763e-08,73.0018,2393.4,3.9185e-07,82.6317,3008.13,1.35379e-07,93.5318,3779.25,-4.16351e-08,105.869,4745.7,2.06965e-08,119.834,5955.6,-3.18887e-07,135.641,7468.12,-1.48271e-08,153.531,9355.62,2.00739e-07,173.781,11705.8,2.28358e-07,196.701,14624.1,-1.93587e-08,222.642,18235,-2.88101e-07,252.003,22683.4,-2.24732e-07,285.234,28134,8.56806e-09,322.845,34767,2.34258e-07,365.413,42770.9,2.99668e-07,413.588,52327.9,8.28644e-08,468.111,63591.2,-3.07049e-07,529.814,76653.2,-3.1888e-07,599.642,91502.5,-6.72276e-08,678.662,107975,2.26339e-07,768.083,125705,3.69212e-07,869.267,144088,2.04077e-07,983.76,162277,-2.80509e-07,1113.3,179223,-4.22737e-07,1259.87,193777,-1.71951e-07,1425.68,204839,4.55555e-07,11.7194,11.96,12.6541,2.21263,4.16949,0.989383,2.67766,5.84076,0.311842,3.14343,7.55825,0.0972771,3.63127,9.58578,0.0303237,4.15787,12.0912,0.00945211,4.73731,15.2286,0.00294633,5.38238,19.1721,0.000918508,6.10553,24.134,0.000286163,6.91951,30.3791,8.92692e-05,7.83792,38.2397,2.78121e-05,8.87555,48.1338,8.65134e-06,10.0489,60.5876,2.7882e-06,11.3761,76.2629,8.29036e-07,12.8779,95.9927,2.4373e-07,14.5775,120.825,1e-08,16.5012,152.08,1.75749e-07,18.6784,191.415,1e-08,21.1428,240.917,1.91829e-07,23.9322,303.213,1e-08,27.0895,381.602,7.0186e-08,30.6634,480.231,1e-08,34.7087,604.316,2.40784e-07,39.2876,760.401,9.87368e-08,44.4705,956.705,1.22263e-07,50.3371,1203.54,1e-08,56.9776,1513.81,1e-08,64.494,1903.69,1e-08,73.0018,2393.4,3.9185e-07,82.6317,3008.13,1.35379e-07,93.5318,3779.25,1e-08,105.869,4745.7,2.06965e-08,119.834,5955.6,1e-08,135.641,7468.12,1e-08,153.531,9355.62,2.00739e-07,173.781,11705.8,2.28358e-07,196.701,14624.1,1e-08,222.642,18235,1e-08,252.003,22683.4,1e-08,285.234,28134,1e-08,322.845,34767,2.34258e-07,365.413,42770.9,2.99668e-07,413.588,52327.9,8.28644e-08,468.111,63591.2,1e-08,529.814,76653.2,1e-08,599.642,91502.5,1e-08,678.662,107975,2.26339e-07,768.083,125705,3.69212e-07,869.267,144088,2.04077e-07,983.76,162277,1e-08,1113.3,179223,1e-08,1259.87,193777,1e-08,1425.68,204839,4.55555e-07,6.2823,3.27286,2.43537,0.219672,6.18826,2.24117,0.56371,6.87772,2.63624,0.308279,18,2,16,1,7,1,7,8,0,8,7,0,2,7,0,2,6,0,8,12,0,6,26,0,12,8,0,3,43,0,9,16,0,7,22,0,6,62,0,3,46,0,21,51,0,5,33,0,21,154,0,20,379,0,14,149,0,6,532,0,11,228,0,18,625,0,25,1021,0,63,566,0,44,1128,0,54,1805,0,80,2095,0,34,1819,0,62,3569,0,86,4051,0,98,2217,0,154,5336,0,65,1815,0,112,10719,0,106,3217,0,145,7987,0,266,4713,0,190,16500,0,219,17453,0,235,13496,0,232,33333,0,530,45880,0,331,46686,0,765,37287,0,542,97469,0,760,74659,0,738,215385,0,577,75492,0,1222,262810,0,607,103629,0,909,124792,0,1130,97919,0,318,116457,0
-1.05176e+08,9.4989e-51,8.88811e-15,10,1023,0,1.05176e+08,0.528882,1.08665,0.389689,0.145397,0.379329,3.24381,0.161596,0.446195,1.77396,0.159177,1.15e+07,4.49998e+06,6.79999e+06,1.15e+07,4.49997e+06,6.79999e+06,1.15e+07,4.49996e+06,6.79999e+06,1.15e+07,4.49995e+06,6.79999e+06,1.14999e+07,4.49993e+06,6.79999e+06,1.14999e+07,4.49991e+06,6.79999e+06,1.14999e+07,4.49989e+06,6.79999e+06,1.14999e+07,4.49986e+06,6.79999e+06,1.14999e+07,4.49982e+06,6.79999e+06,1.14999e+07,4.49977e+06,6.79999e+06,1.14999e+07,4.49971e+06,6.79999e+06,1.14999e+07,4.49963e+06,6.79999e+06,1.14998e+07,4.49953e+06,6.79999e+06,1.14998e+07,4.49941e+06,6.79999e+06,1.14998e+07,4.49926e+06,6.79999e+06,1.14998e+07,4.49906e+06,6.79999e+06,1.14997e+07,4.49882e+06,6.79999e+06,1.14997e+07,4.49851e+06,6.79999e+06,1.14997e+07,4.49812e+06,6.79999e+06,1.14996e+07,4.49764e+06,6.79999e+06,1.14996e+07,4.49702e+06,6.79999e+06,1.14995e+07,4.49625e+06,6.79999e+06,1.14995e+07,4.49528e+06,6.79999e+06,1.14994e+07,4.49406e+06,6.79999e+06,1.14993e+07,4.49253e+06,6.79999e+06,1.14992e+07,4.49059e+06,6.79999e+06,1.14991e+07,4.48817e+06,6.79999e+06,1.1499e+07,4.48511e+06,6.79999e+06,1.14988e+07,4.48128e+06,6.79999e+06,1.14987e+07,4.47646e+06,6.79999e+06,1.14985e+07,4.47041e+06,6.79999e+06,1.14983e+07,4.46281e+06,6.79999e+06,1.14981e+07,4.4533e+06,6.79999e+06,1.14979e+07,4.44138e+06,6.79999e+06,1.14976e+07,4.42649e+06,6.79999e+06,1.14972e+07,4.40789e+06,6.79999e+06,1.14969e+07,4.38471e+06,6.79999e+06,1.14965e+07,4.35592e+06,6.79999e+06,1.1496e+07,4.32027e+06,6.79999e+06,1.14955e+07,4.27629e+06,6.79999e+06,1.14949e+07,4.22231e+06,6.79999e+06,1.14942e+07,4.15647e+06,6.79999e+06,1.14934e+07,4.07676e+06,6.79999e+06,1.14926e+07,3.98112e+06,6.79999e+06,1.14916e+07,3.86765e+06,6.79999e+06,1.14905e+07,3.73474e+06,6.79999e+06,1.14892e+07,3.58148e+06,6.79999e+06,1.14878e+07,3.40785e+06,6.79999e+06,1.14862e+07,3.21513e+06,6.79999e+06,1.14844e+07,3.00605e+06,6.79999e+06,1.14823e+07,2.7848e+06,6.79999e+06,1.148e+07,2.5568e+06,6.79999e+06,1.14773e+07,2.32825e+06,6.79999e+06,13.5742,8.52444,0.508366,16.8306,13.2585,0.162638,20.0035,17.569,0.0507846,23.2616,22.4214,0.0158319,26.7328,28.3297,0.00493498,30.5212,35.6974,0.00153831,34.7178,44.9473,0.000479527,39.4086,56.5822,0.000149456,44.6796,71.2245,4.66214e-05,50.6209,89.6543,1.45419e-05,57.3297,112.852,4.54748e-06,64.9129,142.051,1.43857e-06,73.4897,178.803,4.36618e-07,83.1934,225.062,1.40153e-07,94.1745,283.286,4.96378e-08,106.602,356.568,1.05434e-07,120.669,448.799,-6.49244e-08,136.59,564.873,1.70148e-07,154.611,710.948,-5.34594e-08,175.008,894.767,1.63407e-07,198.097,1126.06,8.04804e-08,224.231,1417.07,1.14667e-07,253.813,1783.15,-1.71227e-07,287.297,2243.62,-2.88466e-07,325.198,2822.67,-4.33651e-07,368.098,3550.67,7.9318e-08,416.657,4465.65,3.13319e-07,471.621,5615.16,3.4613e-07,533.835,7058.61,-1.19199e-07,604.255,8870.02,-2.79964e-07,683.962,11141.4,-2.30521e-07,774.182,13986.7,-2.55099e-07,876.299,17546.4,1.23585e-07,991.883,21993.1,1.41192e-07,1122.71,27536.7,-9.71886e-08,1270.78,34430.7,-3.68368e-07,1438.38,42977.7,-3.45379e-07,1628.07,53532.7,-3.25328e-09,1842.77,66504.6,2.6362e-07,2085.77,82350.2,2.53445e-07,2360.79,101560,-2.47407e-08,2672.05,124632,-3.80602e-07,3024.31,152018,-4.79005e-07,3422.98,184060,-1.14379e-07,3874.15,220884,2.64297e-07,4384.72,262283,3.44131e-07,4962.49,307576,7.5349e-08,5616.29,355497,-3.63097e-07,6356.1,404126,-6.05442e-07,7193.18,450932,-2.72333e-07,8140.28,492963,2.29675e-07,9211.79,527178,4.3387e-07,10424,550893,-1.0711e-07,10.102,8.06553,2.81012,10.6436,8.57909,0.869423,11.5336,10.2515,0.270869,12.7211,12.7138,0.0844293,14.1823,15.9373,0.0263173,15.9122,20.0383,0.0082035,17.9198,25.2154,0.00255722,20.2244,31.7373,0.000797017,22.8539,39.9486,0.000248622,25.8438,50.2851,7.75492e-05,29.237,63.2963,2.42508e-05,33.0837,79.6738,7.67162e-06,37.4415,100.288,2.32837e-06,42.3767,126.236,7.33e-07,47.9646,158.896,2.79256e-07,54.2906,200.003,9.87351e-09,61.452,251.741,1.61085e-07,69.5585,316.859,-2.47141e-07,78.7347,398.812,8.93552e-08,89.1218,501.948,-2.53231e-07,100.879,631.736,-1.25047e-07,114.188,795.049,-1.78808e-07,129.252,1000.53,2.6733e-07,146.304,1259.03,4.50292e-07,165.605,1584.19,6.76904e-07,187.452,1993.12,-1.23808e-07,212.181,2507.27,-4.89068e-07,240.173,3153.54,-5.40284e-07,271.856,3965.56,1.86061e-07,307.719,4985.38,4.37004e-07,348.313,6265.4,3.59828e-07,394.26,7870.83,3.98192e-07,446.268,9882.51,-1.92908e-07,505.135,12400.3,-2.20392e-07,571.766,15546.9,1.51705e-07,647.184,19472.2,5.74996e-07,732.547,24357.4,5.39112e-07,829.167,30420,5.07815e-09,938.526,37916.3,-4.11492e-07,1062.3,47143.9,-3.9561e-07,1202.4,58439.2,3.86185e-08,1360.96,72169.3,5.94093e-07,1540.42,88715.8,7.47693e-07,1743.53,108445,1.78537e-07,1973.41,131665,-4.12549e-07,2233.57,158557,-5.37164e-07,2528,189103,-1.17615e-07,2861.2,222986,5.66769e-07,3238.27,259510,9.45053e-07,3664.97,297540,4.25093e-07,4147.81,335497,-3.58506e-07,4694.17,371444,-6.7724e-07,5312.37,403256,1.67192e-07,1.61744,3.89446,9.84394,3.28846,7.5504,12.774,5.07607,11.7187,13.6844,7.03202,16.8147,13.9681,9.20215,23.1769,14.0566,11.6301,31.1672,14.0841,14.3598,41.2186,14.0927,17.4376,53.8688,14.0954,20.9137,69.7915,14.0962,24.8432,89.8341,14.0965,29.2879,115.063,14.0966,34.3168,146.819,14.0966,40.0078,186.792,14.0966,46.4487,237.107,14.0966,53.7388,300.44,14.0966,61.9903,380.158,14.0966,71.3301,480.499,14.0966,81.902,606.796,14.0966,93.8685,765.761,14.0966,107.414,965.837,14.0966,122.746,1217.65,14.0966,140.101,1534.57,14.0966,159.745,1933.41,14.0966,181.981,2435.3,14.0966,207.15,3066.85,14.0966,235.64,3861.46,14.0966,267.889,4861.11,14.0966,304.391,6118.54,14.0966,345.709,7699.91,14.0966,392.478,9688.22,14.0966,445.417,12187.5,14.0966,505.339,15327.7,14.0966,573.165,19271.6,14.0966,649.938,24222,14.0966,736.839,30430.9,14.0966,835.202,38211.5,14.0966,946.539,47950.3,14.0966,1072.56,60122.8,14.0966,1215.21,75309.9,14.0966,1376.66,94216.2,14.0966,1559.41,117688,14.0966,1766.26,146729,14.0966,2000.39,182510,14.0966,2265.39,226372,14.0966,2565.33,279806,14.0966,2904.81,344416,14.0966,3289.05,421845,14.0966,3723.93,513667,14.0966,4216.13,621231,14.0966,4773.18,745478,14.0966,5403.64,886744,14.0966,6117.15,1.04457e+06,14.0966,6924.63,1.2176e+06,14.0966,11.7194,11.96,12.6541,13.9321,16.1295,13.6434,16.6097,21.9702,13.9553,19.7532,29.5285,14.0526,23.3844,39.1143,14.0829,27.5423,51.2054,14.0923,32.2796,66.434,14.0953,37.662,85.6061,14.0962,43.7675,109.74,14.0965,50.687,140.119,14.0966,58.5249,178.359,14.0966,67.4005,226.493,14.0966,77.4493,287.08,14.0966,88.8254,363.343,14.0966,101.703,459.336,14.0966,116.281,580.161,14.0966,132.782,732.241,14.0966,151.46,923.655,14.0966,172.603,1164.57,14.0966,196.535,1467.79,14.0966,223.625,1849.39,14.0966,254.288,2329.62,14.0966,288.997,2933.93,14.0966,328.285,3694.33,14.0966,372.755,4651.04,14.0966,423.092,5854.57,14.0966,480.07,7368.38,14.0966,544.564,9272.08,14.0966,617.566,11665.5,14.0966,700.197,14673.6,14.0966,793.729,18452.9,14.0966,899.599,23198.6,14.0966,1019.43,29154.1,14.0966,1155.07,36622.3,14.0966,1308.6,45977.9,14.0966,1482.39,57683.7,14.0966,1679.09,72307.8,14.0966,1901.73,90542.8,14.0966,2153.73,113226,14.0966,2438.97,141360,14.0966,2761.81,176127,14.0966,3127.22,218898,14.0966,3540.81,271226,14.0966,4008.92,334817,14.0966,4538.74,411470,14.0966,5138.38,502973,14.0966,5817.04,610948,14.0966,6585.12,736653,14.0966,7454.39,880741,14.0966,8438.15,1.04302e+06,14.0966,9551.45,1.22224e+06,14.0966,10811.3,1.41602e+06,14.0966,12237,1.62086e+06,14.0966,11.7194,11.96,12.6541,2.21263,4.16949,0.989383,2.67766,5.84076,0.311842,3.14343,7.55825,0.0972771,3.63127,9.58578,0.0303237,4.15787,12.0912,0.00945211,4.73731,15.2286,0.00294633,5.38238,19.1721,0.000918508,6.10553,24.134,0.000286163,6.91951,30.3791,8.92692e-05,7.83792,38.2397,2.78121e-05,8.87555,48.1338,8.65134e-06,10.0489,60.5876,2.7882e-06,11.3761,76.2629,8.29036e-07,12.8779,95.9927,2.4373e-07,14.5775,120.825,4.33068e-09,16.5012,152.08,1.75749e-07,18.6784,191.415,-1.86328e-07,21.1428,240.917,1.91829e-07,23.9322,303.213,-1.81475e-07,27.0895,381.602,7.0186e-08,30.6634,480.231,-2.86769e-08,34.7087,604.316,2.40784e-07,39.2876,760.401,9.87368e-08,44.4705,956.705,1.22263e-07,50.3371,1203.54,-4.31966e-07,56.9776,1513.81,-1.9705e-07,64.494,1903.69,-2.763e-08,73.0018,2393.4,3.9185e-07,82.6317,3008.13,1.35379e-07,93.5318,3779.25,-4.16351e-08,105.869,4745.7,2.06965e-08,119.834,5955.6,-3.18887e-07,135.641,7468.12,-1.48271e-08,153.531,9355.62,2.00739e-07,173.781,11705.8,2.28358e-07,196.701,14624.1,-1.93587e-08,222.642,18235,-2.88101e-07,252.003,22683.4,-2.24732e-07,285.234,28134,8.56806e-09,322.845,34767,2.34258e-07,365.413,42770.9,2.99668e-07,413.588,52327.9,8.28644e-08,468.111,63591.2,-3.07049e-07,529.814,76653.2,-3.1888e-07,599.642,91502.5,-6.72276e-08,678.662,107975,2.26339e-07,768.083,125705,3.69212e-07,869.267,144088,2.04077e-07,983.76,162277,-2.80509e-07,1113.3,179223,-4.22737e-07,1259.87,193777,-1.71951e-07,1425.68,204839,4.55555e-07,11.7194,11.96,12.6541,2.21263,4.16949,0.989383,2.67766,5.84076,0.311842,3.14343,7.55825,0.0972771,3.63127,9.58578,0.0303237,4.15787,12.0912,0.00945211,4.73731,15.2286,0.00294633,5.38238,19.1721,0.000918508,6.10553,24.134,0.000286163,6.91951,30.3791,8.92692e-05,7.83792,38.2397,2.78121e-05,8.87555,48.1338,8.65134e-06,10.0489,60.5876,2.7882e-06,11.3761,76.2629,8.29036e-07,12.8779,95.9927,2.4373e-07,14.5775,120.825,1e-08,16.5012,152.08,1.75749e-07,18.6784,191.415,1e-08,21.1428,240.917,1.91829e-07,23.9322,303.213,1e-08,27.0895,381.602,7.0186e-08,30.6634,480.231,1e-08,34.7087,604.316,2.40784e-07,39.2876,760.401,9.87368e-08,44.4705,956.705,1.22263e-07,50.3371,1203.54,1e-08,56.9776,1513.81,1e-08,64.494,1903.69,1e-08,73.0018,2393.4,3.9185e-07,82.6317,3008.13,1.35379e-07,93.5318,3779.25,1e-08,105.869,4745.7,2.06965e-08,119.834,5955.6,1e-08,135.641,7468.12,1e-08,153.531,9355.62,2.00739e-07,173.781,11705.8,2.28358e-07,196.701,14624.1,1e-08,222.642,18235,1e-08,252.003,22683.4,1e-08,285.234,28134,1e-08,322.845,34767,2.34258e-07,365.413,42770.9,2.99668e-07,413.588,52327.9,8.28644e-08,468.111,63591.2,1e-08,529.814,76653.2,1e-08,599.642,91502.5,1e-08,678.662,107975,2.26339e-07,768.083,125705,3.69212e-07,869.267,144088,2.04077e-07,983.76,162277,1e-08,1113.3,179223,1e-08,1259.87,193777,1e-08,1425.68,204839,4.55555e-07,6.2823,3.27286,2.43537,0.219672,6.18826,2.24117,0.56371,6.87772,2.63624,0.308279,9,9,0,6,3,0,6,4,0,8,8,0,8,6,0,4,6,0,8,22,0,1,12,0,11,10,0,7,20,0,1,35,0,6,70,0,11,86,0,19,96,0,24,73,0,5,149,0,12,105,0,23,93,0,25,563,0,18,311,0,25,525,0,23,458,0,42,527,0,19,557,0,60,839,0,55,1770,0,38,1698,0,23,2100,0,67,1698,0,73,2686,0,111,3293,0,142,3524,0,155,6652,0,119,4708,0,93,7344,0,167,4373,0,139,4998,0,330,11407,0,187,20314,0,192,4021,0,260,26003,0,530,49873,0,398,34152,0,170,81277,0,411,60020,0,734,61488,0,870,124905,0,979,44962,0,762,196950,0,760,152474,0,1053,98048,0,1322,202424,0,1162,178383,0
-1.05176e+08,1,8.88811e-15,10,1023,0,1.05176e+08,0.528882,1.08665,0.389689,0.145397,0.379329,3.24381,0.161596,0.446195,1.77396,0.159177,1.15e+07,4.49998e+06,6.79999e+06,1.15e+07,4.49997e+06,6.79999e+06,1.15e+07,4.49996e+06,6.79999e+06,1.15e+07,4.49995e+06,6.79999e+06,1.14999e+07,4.49993e+06,6.79999e+06,1.14999e+07,4.49991e+06,6.79999e+06,1.14999e+07,4.49989e+06,6.79999e+06,1.14999e+07,4.49986e+06,6.79999e+06,1.14999e+07,4.49982e+06,6.79999e+06,1.14999e+07,4.49977e+06,6.79999e+06,1.14999e+07,4.49971e+06,6.79999e+06,1.14999e+07,4.49963e+06,6.79999e+06,1.14998e+07,4.49953e+06,6.79999e+06,1.14998e+07,4.49941e+06,6.79999e+06,1.14998e+07,4.49926e+06,6.79999e+06,1.14998e+07,4.49906e+06,6.79999e+06,1.14997e+07,4.49882e+06,6.79999e+06,1.14997e+07,4.49851e+06,6.79999e+06,1.14997e+07,4.49812e+06,6.79999e+06,1.14996e+07,4.49764e+06,6.79999e+06,1.14996e+07,4.49702e+06,6.79999e+06,1.14995e+07,4.49625e+06,6.79999e+06,1.14995e+07,4.49528e+06,6.79999e+06,1.14994e+07,4.49406e+06,6.79999e+06,1.14993e+07,4.49253e+06,6.79999e+06,1.14992e+07,4.49059e+06,6.79999e+06,1.14991e+07,4.48817e+06,6.79999e+06,1.1499e+07,4.48511e+06,6.79999e+06,1.14988e+07,4.48128e+06,6.79999e+06,1.14987e+07,4.47646e+06,6.79999e+06,1.14985e+07,4.47041e+06,6.79999e+06,1.14983e+07,4.46281e+06,6.79999e+06,1.14981e+07,4.4533e+06,6.79999e+06,1.14979e+07,4.44138e+06,6.79999e+06,1.14976e+07,4.42649e+06,6.79999e+06,1.14972e+07,4.40789e+06,6.79999e+06,1.14969e+07,4.38471e+06,6.79999e+06,1.14965e+07,4.35592e+06,6.79999e+06,1.1496e+07,4.32027e+06,6.79999e+06,1.14955e+07,4.27629e+06,6.79999e+06,1.14949e+07,4.22231e+06,6.79999e+06,1.14942e+07,4.15647e+06,6.79999e+06,1.14934e+07,4.07676e+06,6.79999e+06,1.14926e+07,3.98112e+06,6.79999e+06,1.14916e+07,3.86765e+06,6.79999e+06,1.14905e+07,3.73474e+06,6.79999e+06,1.14892e+07,3.58148e+06,6.79999e+06,1.14878e+07,3.40785e+06,6.79999e+06,1.14862e+07,3.21513e+06,6.79999e+06,1.14844e+07,3.00605e+06,6.79999e+06,1.14823e+07,2.7848e+06,6.79999e+06,1.148e+07,2.5568e+06,6.79999e+06,1.14773e+07,2.32825e+06,6.79999e+06,13.5742,8.52444,0.508366,16.8306,13.2585,0.162638,20.0035,17.569,0.0507846,23.2616,22.4214,0.0158319,26.7328,28.3297,0.00493498,30.5212,35.6974,0.00153831,34.7178,44.9473,0.000479527,39.4086,56.5822,0.000149456,44.6796,71.2245,4.66214e-05,50.6209,89.6543,1.45419e-05,57.3297,112.852,4.54748e-06,64.9129,142.051,1.43857e-06,73.4897,178.803,4.36618e-07,83.1934,225.062,1.40153e-07,94.1745,283.286,4.96378e-08,106.602,356.568,1.05434e-07,120.669,448.799,-6.49244e-08,136.59,564.873,1.70148e-07,154.611,710.948,-5.34594e-08,175.008,894.767,1.63407e-07,198.097,1126.06,8.04804e-08,224.231,1417.07,1.14667e-07,253.813,1783.15,-1.71227e-07,287.297,2243.62,-2.88466e-07,325.198,2822.67,-4.33651e-07,368.098,3550.67,7.9318e-08,416.657,4465.65,3.13319e-07,471.621,5615.16,3.4613e-07,533.835,7058.61,-1.19199e-07,604.255,8870.02,-2.79964e-07,683.962,11141.4,-2.30521e-07,774.182,13986.7,-2.55099e-07,876.299,17546.4,1.23585e-07,991.883,21993.1,1.41192e-07,1122.71,27536.7,-9.71886e-08,1270.78,34430.7,-3.68368e-07,1438.38,42977.7,-3.45379e-07,1628.07,53532.7,-3.25328e-09,1842.77,66504.6,2.6362e-07,2085.77,82350.2,2.53445e-07,2360.79,101560,-2.47407e-08,2672.05,124632,-3.80602e-07,3024.31,152018,-4.79005e-07,3422.98,184060,-1.14379e-07,3874.15,220884,2.64297e-07,4384.72,262283,3.44131e-07,4962.49,307576,7.5349e-08,5616.29,355497,-3.63097e-07,6356.1,404126,-6.05442e-07,7193.18,450932,-2.72333e-07,8140.28,492963,2.29675e-07,9211.79,527178,4.3387e-07,10424,550893,-1.0711e-07,10.102,8.06553,2.81012,10.6436,8.57909,0.869423,11.5336,10.2515,0.270869,12.7211,12.7138,0.0844293,14.1823,15.9373,0.0263173,15.9122,20.0383,0.0082035,17.9198,25.2154,0.00255722,20.2244,31.7373,0.000797017,22.8539,39.9486,0.000248622,25.8438,50.2851,7.75492e-05,29.237,63.2963,2.42508e-05,33.0837,79.6738,7.67162e-06,37.4415,100.288,2.32837e-06,42.3767,126.236,7.33e-07,47.9646,158.896,2.79256e-07,54.2906,200.003,9.87351e-09,61.452,251.741,1.61085e-07,69.5585,316.859,-2.47141e-07,78.7347,398.812,8.93552e-08,89.1218,501.948,-2.53231e-07,100.879,631.736,-1.25047e-07,114.188,795.049,-1.78808e-07,129.252,1000.53,2.6733e-07,146.304,1259.03,4.50292e-07,165.605,1584.19,6.76904e-07,187.452,1993.12,-1.23808e-07,212.181,2507.27,-4.89068e-07,240.173,3153.54,-5.40284e-07,271.856,3965.56,1.86061e-07,307.719,4985.38,4.37004e-07,348.313,6265.4,3.59828e-07,394.26,7870.83,3.98192e-07,446.268,9882.51,-1.92908e-07,505.135,12400.3,-2.20392e-07,571.766,15546.9,1.51705e-07,647.184,19472.2,5.74996e-07,732.547,24357.4,5.39112e-07,829.167,30420,5.07815e-09,938.526,37916.3,-4.11492e-07,1062.3,47143.9,-3.9561e-07,1202.4,58439.2,3.86185e-08,1360.96,72169.3,5.94093e-07,1540.42,88715.8,7.47693e-07,1743.53,108445,1.78537e-07,1973.41,131665,-4.12549e-07,2233.57,158557,-5.37164e-07,2528,189103,-1.17615e-07,2861.2,222986,5.66769e-07,3238.27,259510,9.45053e-07,3664.97,297540,4.25093e-07,4147.81,335497,-3.58506e-07,4694.17,371444,-6.7724e-07,5312.37,403256,1.67192e-07,1.61744,3.89446,9.84394,3.28846,7.5504,12.774,5.07607,11.7187,13.6844,7.03202,16.8147,13.9681,9.20215,23.1769,14.0566,11.6301,31.1672,14.0841,14.3598,41.2186,14.0927,17.4376,53.8688,14.0954,20.9137,69.7915,14.0962,24.8432,89.8341,14.0965,29.2879,115.063,14.0966,34.3168,146.819,14.0966,40.0078,186.792,14.0966,46.4487,237.107,14.0966,53.7388,300.44,14.0966,61.9903,380.158,14.0966,71.3301,480.499,14.0966,81.902,606.796,14.0966,93.8685,765.761,14.0966,107.414,965.837,14.0966,122.746,1217.65,14.0966,140.101,1534.57,14.0966,159.745,1933.41,14.0966,181.981,2435.3,14.0966,207.15,3066.85,14.0966,235.64,3861.46,14.0966,267.889,4861.11,14.0966,304.391,6118.54,14.0966,345.709,7699.91,14.0966,392.478,9688.22,14.0966,445.417,12187.5,14.0966,505.339,15327.7,14.0966,573.165,19271.6,14.0966,649.938,24222,14.0966,736.839,30430.9,14.0966,835.202,38211.5,14.0966,946.539,47950.3,14.0966,1072.56,60122.8,14.0966,1215.21,75309.9,14.0966,1376.66,94216.2,14.0966,1559.41,117688,14.0966,1766.26,146729,14.0966,2000.39,182510,14.0966,2265.39,226372,14.0966,2565.33,279806,14.0966,2904.81,344416,14.0966,3289.05,421845,14.0966,3723.93,513667,14.0966,4216.13,621231,14.0966,4773.18,745478,14.0966,5403.64,886744,14.0966,6117.15,1.04457e+06,14.0966,6924.63,1.2176e+06,14.0966,11.7194,11.96,12.6541,13.9321,16.1295,13.6434,16.6097,21.9702,13.9553,19.7532,29.5285,14.0526,23.3844,39.1143,14.0829,27.5423,51.2054,14.0923,32.2796,66.434,14.0953,37.662,85.6061,14.0962,43.7675,109.74,14.0965,50.687,140.119,14.0966,58.5249,178.359,14.0966,67.4005,226.493,14.0966,77.4493,287.08,14.0966,88.8254,363.343,14.0966,101.703,459.336,14.0966,116.281,580.161,14.0966,132.782,732.241,14.0966,151.46,923.655,14.0966,172.603,1164.57,14.0966,196.535,1467.79,14.0966,223.625,1849.39,14.0966,254.288,2329.62,14.0966,288.997,2933.93,14.0966,328.285,3694.33,14.0966,372.755,4651.04,14.0966,423.092,5854.57,14.0966,480.07,7368.38,14.0966,544.564,9272.08,14.0966,617.566,11665.5,14.0966,700.197,14673.6,14.0966,793.729,18452.9,14.0966,899.599,23198.6,14.0966,1019.43,29154.1,14.0966,1155.07,36622.3,14.0966,1308.6,45977.9,14.0966,1482.39,57683.7,14.0966,1679.09,72307.8,14.0966,1901.73,90542.8,14.0966,2153.73,113226,14.0966,2438.97,141360,14.0966,2761.81,176127,14.0966,3127.22,218898,14.0966,3540.81,271226,14.0966,4008.92,334817,14.0966,4538.74,411470,14.0966,5138.38,502973,14.0966,5817.04,610948,14.0966,6585.12,736653,14.0966,7454.39,880741,14.0966,8438.15,1.04302e+06,14.0966,9551.45,1.22224e+06,14.0966,10811.3,1.41602e+06,14.0966,12237,1.62086e+06,14.0966,11.7194,11.96,12.6541,2.21263,4.16949,0.989383,2.67766,5.84076,0.311842,3.14343,7.55825,0.0972771,3.63127,9.58578,0.0303237,4.15787,12.0912,0.00945211,4.73731,15.2286,0.00294633,5.38238,19.1721,0.000918508,6.10553,24.134,0.000286163,6.91951,30.3791,8.92692e-05,7.83792,38.2397,2.78121e-05,8.87555,48.1338,8.65134e-06,10.0489,60.5876,2.7882e-06,11.3761,76.2629,8.29036e-07,12.8779,95.9927,2.4373e-07,14.5775,120.825,4.33068e-09,16.5012,152.08,1.75749e-07,18.6784,191.415,-1.86328e-07,21.1428,240.917,1.91829e-07,23.9322,303.213,-1.81475e-07,27.0895,381.602,7.0186e-08,30.6634,480.231,-2.86769e-08,34.7087,604.316,2.40784e-07,39.2876,760.401,9.87368e-08,44.4705,956.705,1.22263e-07,50.3371,1203.54,-4.31966e-07,56.9776,1513.81,-1.9705e-07,64.494,1903.69,-2.763e-08,73.0018,2393.4,3.9185e-07,82.6317,3008.13,1.35379e-07,93.5318,3779.25,-4.16351e-08,105.869,4745.7,2.06965e-08,119.834,5955.6,-3.18887e-07,135.641,7468.12,-1.48271e-08,153.531,9355.62,2.00739e-07,173.781,11705.8,2.28358e-07,196.701,14624.1,-1.93587e-08,222.642,18235,-2.88101e-07,252.003,22683.4,-2.24732e-07,285.234,28134,8.56806e-09,322.845,34767,2.34258e-07,365.413,42770.9,2.99668e-07,413.588,52327.9,8.28644e-08,468.111,63591.2,-3.07049e-07,529.814,76653.2,-3.1888e-07,599.642,91502.5,-6.72276e-08,678.662,107975,2.26339e-07,768.083,125705,3.69212e-07,869.267,144088,2.04077e-07,983.76,162277,-2.80509e-07,1113.3,179223,-4.22737e-07,1259.87,193777,-1.71951e-07,1425.68,204839,4.55555e-07,11.7194,11.96,12.6541,2.21263,4.16949,0.989383,2.67766,5.84076,0.311842,3.14343,7.55825,0.0972771,3.63127,9.58578,0.0303237,4.15787,12.0912,0.00945211,4.73731,15.2286,0.00294633,5.38238,19.1721,0.000918508,6.10553,24.134,0.000286163,6.91951,30.3791,8.92692e-05,7.83792,38.2397,2.78121e-05,8.87555,48.1338,8.65134e-06,10.0489,60.5876,2.7882e-06,11.3761,76.2629,8.29036e-07,12.8779,95.9927,2.4373e-07,14.5775,120.825,1e-08,16.5012,152.08,1.75749e-07,18.6784,191.415,1e-08,21.1428,240.917,1.91829e-07,23.9322,303.213,1e-08,27.0895,381.602,7.0186e-08,30.6634,480.231,1e-08,34.7087,604.316,2.40784e-07,39.2876,760.401,9.87368e-08,44.4705,956.705,1.22263e-07,50.3371,1203.54,1e-08,56.9776,1513.81,1e-08,64.494,1903.69,1e-08,73.0018,2393.4,3.9185e-07,82.6317,3008.13,1.35379e-07,93.5318,3779.25,1e-08,105.869,4745.7,2.06965e-08,119.834,5955.6,1e-08,135.641,7468.12,1e-08,153.531,9355.62,2.00739e-07,173.781,11705.8,2.28358e-07,196.701,14624.1,1e-08,222.642,18235,1e-08,252.003,22683.4,1e-08,285.234,28134,1e-08,322.845,34767,2.34258e-07,365.413,42770.9,2.99668e-07,413.588,52327.9,8.28644e-08,468.111,63591.2,1e-08,529.814,76653.2,1e-08,599.642,91502.5,1e-08,678.662,107975,2.26339e-07,768.083,125705,3.69212e-07,869.267,144088,2.04077e-07,983.76,162277,1e-08,1113.3,179223,1e-08,1259.87,193777,1e-08,1425.68,204839,4.55555e-07,6.2823,3.27286,2.43537,0.219672,6.18826,2.24117,0.56371,6.87772,2.63624,0.308279,13,13,28,3,14,1,1,16,0,5,1,0,7,20,0,8,18,0,4,7,0,4,30,0,8,19,0,8,17,0,11,15,0,11,81,0,7,72,0,12,72,0,7,63,0,13,90,0,31,146,0,29,241,0,20,373,0,49,369,0,30,200,0,45,664,0,20,959,0,66,567,0,40,1434,0,61,1128,0,61,851,0,87,2033,0,46,2875,0,118,1802,0,110,5150,0,69,3584,0,72,6606,0,140,6541,0,84,9717,0,272,8168,0,302,18475,0,276,14429,0,348,28045,0,261,28075,0,302,12964,0,300,39631,0,426,30762,0,403,66737,0,329,123295,0,161,65412,0,1211,139028,0,734,78530,0,733,94555,0,678,91683,0,1155,325489,0,266,216012,0,589,201265,0
-1.05176e+08,1,8.88811e-15,10,1023,0,1.05176e+08,0.528882,1.08665,0.389689,0.145397,0.379329,3.24381,0.161596,0.446195,1.77396,0.159177,1.15e+07,4.49998e+06,6.79999e+06,1.15e+07,4.49997e+06,6.79999e+06,1.15e+07,4.49996e+06,6.79999e+06,1.15e+07,4.49995e+06,6.79999e+06,1.14999e+07,4.49993e+06,6.79999e+06,1.14999e+07,4.49991e+06,6.79999e+06,1.14999e+07,4.49989e+06,6.79999e+06,1.14999e+07,4.49986e+06,6.79999e+06,1.14999e+07,4.49982e+06,6.79999e+06,1.14999e+07,4.49977e+06,6.79999e+06,1.14999e+07,4.49971e+06,6.79999e+06,1.14999e+07,4.49963e+06,6.79999e+06,1.14998e+07,4.49953e+06,6.79999e+06,1.14998e+07,4.49941e+06,6.79999e+06,1.14998e+07,4.49926e+06,6.79999e+06,1.14998e+07,4.49906e+06,6.79999e+06,1.14997e+07,4.49882e+06,6.79999e+06,1.14997e+07,4.49851e+06,6.79999e+06,1.14997e+07,4.49812e+06,6.79999e+06,1.14996e+07,4.49764e+06,6.79999e+06,1.14996e+07,4.49702e+06,6.79999e+06,1.14995e+07,4.49625e+06,6.79999e+06,1.14995e+07,4.49528e+06,6.79999e+06,1.14994e+07,4.49406e+06,6.79999e+06,1.14993e+07,4.49253e+06,6.79999e+06,1.14992e+07,4.49059e+06,6.79999e+06,1.14991e+07,4.48817e+06,6.79999e+06,1.1499e+07,4.48511e+06,6.79999e+06,1.14988e+07,4.48128e+06,6.79999e+06,1.14987e+07,4.47646e+06,6.79999e+06,1.14985e+07,4.47041e+06,6.79999e+06,1.14983e+07,4.46281e+06,6.79999e+06,1.14981e+07,4.4533e+06,6.79999e+06,1.14979e+07,4.44138e+06,6.79999e+06,1.14976e+07,4.42649e+06,6.79999e+06,1.14972e+07,4.40789e+06,6.79999e+06,1.14969e+07,4.38471e+06,6.79999e+06,1.14965e+07,4.35592e+06,6.79999e+06,1.1496e+07,4.32027e+06,6.79999e+06,1.14955e+07,4.27629e+06,6.79999e+06,1.14949e+07,4.22231e+06,6.79999e+06,1.14942e+07,4.15647e+06,6.79999e+06,1.14934e+07,4.07676e+06,6.79999e+06,1.14926e+07,3.98112e+06,6.79999e+06,1.14916e+07,3.86765e+06,6.79999e+06,1.14905e+07,3.73474e+06,6.79999e+06,1.14892e+07,3.58148e+06,6.79999e+06,1.14878e+07,3.40785e+06,6.79999e+06,1.14862e+07,3.21513e+06,6.79999e+06,1.14844e+07,3.00605e+06,6.79999e+06,1.14823e+07,2.7848e+06,6.79999e+06,1.148e+07,2.5568e+06,6.79999e+06,1.14773e+07,2.32825e+06,6.79999e+06,13.5742,8.52444,0.508366,16.8306,13.2585,0.162638,20.0035,17.569,0.0507846,23.2616,22.4214,0.0158319,26.7328,28.3297,0.00493498,30.5212,35.6974,0.00153831,34.7178,44.9473,0.000479527,39.4086,56.5822,0.000149456,44.6796,71.2245,4.66214e-05,50.6209,89.6543,1.45419e-05,57.3297,112.852,4.54748e-06,64.9129,142.051,1.43857e-06,73.4897,178.803,4.36618e-07,83.1934,225.062,1.40153e-07,94.1745,283.286,4.96378e-08,106.602,356.568,1.05434e-07,120.669,448.799,-6.49244e-08,136.59,564.873,1.70148e-07,154.611,710.948,-5.34594e-08,175.008,894.767,1.63407e-07,198.097,1126.06,8.04804e-08,224.231,1417.07,1.14667e-07,253.813,1783.15,-1.71227e-07,287.297,2243.62,-2.88466e-07,325.198,2822.67,-4.33651e-07,368.098,3550.67,7.9318e-08,416.657,4465.65,3.13319e-07,471.621,5615.16,3.4613e-07,533.835,7058.61,-1.19199e-07,604.255,8870.02,-2.79964e-07,683.962,11141.4,-2.30521e-07,774.182,13986.7,-2.55099e-07,876.299,17546.4,1.23585e-07,991.883,21993.1,1.41192e-07,1122.71,27536.7,-9.71886e-08,1270.78,34430.7,-3.68368e-07,1438.38,42977.7,-3.45379e-07,1628.07,53532.7,-3.25328e-09,1842.77,66504.6,2.6362e-07,2085.77,82350.2,2.53445e-07,2360.79,101560,-2.47407e-08,2672.05,124632,-3.80602e-07,3024.31,152018,-4.79005e-07,3422.98,184060,-1.14379e-07,3874.15,220884,2.64297e-07,4384.72,262283,3.44131e-07,4962.49,307576,7.5349e-08,5616.29,355497,-3.63097e-07,6356.1,404126,-6.05442e-07,7193.18,450932,-2.72333e-07,8140.28,492963,2.29675e-07,9211.79,527178,4.3387e-07,10424,550893,-1.0711e-07,10.102,8.06553,2.81012,10.6436,8.57909,0.869423,11.5336,10.2515,0.270869,12.7211,12.7138,0.0844293,14.1823,15.9373,0.0263173,15.9122,20.0383,0.0082035,17.9198,25.2154,0.00255722,20.2244,31.7373,0.000797017,22.8539,39.9486,0.000248622,25.8438,50.2851,7.75492e-05,29.237,63.2963,2.42508e-05,33.0837,79.6738,7.67162e-06,37.4415,100.288,2.32837e-06,42.3767,126.236,7.33e-07,47.9646,158.896,2.79256e-07,54.2906,200.003,9.87351e-09,61.452,251.741,1.61085e-07,69.5585,316.859,-2.47141e-07,78.7347,398.812,8.93552e-08,89.1218,501.948,-2.53231e-07,100.879,631.736,-1.25047e-07,114.188,795.049,-1.78808e-07,129.252,1000.53,2.6733e-07,146.304,1259.03,4.50292e-07,165.605,1584.19,6.76904e-07,187.452,1993.12,-1.23808e-07,212.181,2507.27,-4.89068e-07,240.173,3153.54,-5.40284e-07,271.856,3965.56,1.86061e-07,307.719,4985.38,4.37004e-07,348.313,6265.4,3.59828e-07,394.26,7870.83,3.98192e-07,446.268,9882.51,-1.92908e-07,505.135,12400.3,-2.20392e-07,571.766,15546.9,1.51705e-07,647.184,19472.2,5.74996e-07,732.547,24357.4,5.39112e-07,829.167,30420,5.07815e-09,938.526,37916.3,-4.11492e-07,1062.3,47143.9,-3.9561e-07,1202.4,58439.2,3.86185e-08,1360.96,72169.3,5.94093e-07,1540.42,88715.8,7.47693e-07,1743.53,108445,1.78537e-07,1973.41,131665,-4.12549e-07,2233.57,158557,-5.37164e-07,2528,189103,-1.17615e-07,2861.2,222986,5.66769e-07,3238.27,259510,9.45053e-07,3664.97,297540,4.25093e-07,4147.81,335497,-3.58506e-07,4694.17,371444,-6.7724e-07,5312.37,403256,1.67192e-07,1.61744,3.89446,9.84394,3.28846,7.5504,12.774,5.07607,11.7187,13.6844,7.03202,16.8147,13.9681,9.20215,23.1769,14.0566,11.6301,31.1672,14.0841,14.3598,41.2186,14.0927,17.4376,53.8688,14.0954,20.9137,69.7915,14.0962,24.8432,89.8341,14.0965,29.2879,115.063,14.0966,34.3168,146.819,14.0966,40.0078,186.792,14.0966,46.4487,237.107,14.0966,53.7388,300.44,14.0966,61.9903,380.158,14.0966,71.3301,480.499,14.0966,81.902,606.796,14.0966,93.8685,765.761,14.0966,107.414,965.837,14.0966,122.746,1217.65,14.0966,140.101,1534.57,14.0966,159.745,1933.41,14.0966,181.981,2435.3,14.0966,207.15,3066.85,14.0966,235.64,3861.46,14.0966,267.889,4861.11,14.0966,304.391,6118.54,14.0966,345.709,7699.91,14.0966,392.478,9688.22,14.0966,445.417,12187.5,14.0966,505.339,15327.7,14.0966,573.165,19271.6,14.0966,649.938,24222,14.0966,736.839,30430.9,14.0966,835.202,38211.5,14.0966,946.539,47950.3,14.0966,1072.56,60122.8,14.0966,1215.21,75309.9,14.0966,1376.66,94216.2,14.0966,1559.41,117688,14.0966,1766.26,146729,14.0966,2000.39,182510,14.0966,2265.39,226372,14.0966,2565.33,279806,14.0966,2904.81,344416,14.0966,3289.05,421845,14.0966,3723.93,513667,14.0966,4216.13,621231,14.0966,4773.18,745478,14.0966,5403.64,886744,14.0966,6117.15,1.04457e+06,14.0966,6924.63,1.2176e+06,14.0966,11.7194,11.96,12.6541,13.9321,16.1295,13.6434,16.6097,21.9702,13.9553,19.7532,29.5285,14.0526,23.3844,39.1143,14.0829,27.5423,51.2054,14.0923,32.2796,66.434,14.0953,37.662,85.6061,14.0962,43.7675,109.74,14.0965,50.687,140.119,14.0966,58.5249,178.359,14.0966,67.4005,226.493,14.0966,77.4493,287.08,14.0966,88.8254,363.343,14.0966,101.703,459.336,14.0966,116.281,580.161,14.0966,132.782,732.241,14.0966,151.46,923.655,14.0966,172.603,1164.57,14.0966,196.535,1467.79,14.0966,223.625,1849.39,14.0966,254.288,2329.62,14.0966,288.997,2933.93,14.0966,328.285,3694.33,14.0966,372.755,4651.04,14.0966,423.092,5854.57,14.0966,480.07,7368.38,14.0966,544.564,9272.08,14.0966,617.566,11665.5,14.0966,700.197,14673.6,14.0966,793.729,18452.9,14.0966,899.599,23198.6,14.0966,1019.43,29154.1,14.0966,1155.07,36622.3,14.0966,1308.6,45977.9,14.0966,1482.39,57683.7,14.0966,1679.09,72307.8,14.0966,1901.73,90542.8,14.0966,2153.73,113226,14.0966,2438.97,141360,14.0966,2761.81,176127,14.0966,3127.22,218898,14.0966,3540.81,271226,14.0966,4008.92,334817,14.0966,4538.74,411470,14.0966,5138.38,502973,14.0966,5817.04,610948,14.0966,6585.12,736653,14.0966,7454.39,880741,14.0966,8438.15,1.04302e+06,14.0966,9551.45,1.22224e+06,14.0966,10811.3,1.41602e+06,14.0966,12237,1.62086e+06,14.0966,11.7194,11.96,12.6541,2.21263,4.16949,0.989383,2.67766,5.84076,0.311842,3.14343,7.55825,0.0972771,3.63127,9.58578,0.0303237,4.15787,12.0912,0.00945211,4.73731,15.2286,0.00294633,5.38238,19.1721,0.000918508,6.10553,24.134,0.000286163,6.91951,30.3791,8.92692e-05,7.83792,38.2397,2.78121e-05,8.87555,48.1338,8.65134e-06,10.0489,60.5876,2.7882e-06,11.3761,76.2629,8.29036e-07,12.8779,95.9927,2.4373e-07,14.5775,120.825,4.33068e-09,16.5012,152.08,1.75749e-07,18.6784,191.415,-1.86328e-07,21.1428,240.917,1.91829e-07,23.9322,303.213,-1.81475e-07,27.0895,381.602,7.0186e-08,30.6634,480.231,-2.86769e-08,34.7087,604.316,2.40784e-07,39.2876,760.401,9.87368e-08,44.4705,956.705,1.22263e-07,50.3371,1203.54,-4.31966e-07,56.9776,1513.81,-1.9705e-07,64.494,1903.69,-2.763e-08,73.0018,2393.4,3.9185e-07,82.6317,3008.13,1.35379e-07,93.5318,3779.25,-4.16351e-08,105.869,4745.7,2.06965e-08,119.834,5955.6,-3.18887e-07,135.641,7468.12,-1.48271e-08,153.531,9355.62,2.00739e-07,173.781,11705.8,2.28358e-07,196.701,14624.1,-1.93587e-08,222.642,18235,-2.88101e-07,252.003,22683.4,-2.24732e-07,285.234,28134,8.56806e-09,322.845,34767,2.34258e-07,365.413,42770.9,2.99668e-07,413.588,52327.9,8.28644e-08,468.111,63591.2,-3.07049e-07,529.814,76653.2,-3.1888e-07,599.642,91502.5,-6.72276e-08,678.662,107975,2.26339e-07,768.083,125705,3.69212e-07,869.267,144088,2.04077e-07,983.76,162277,-2.80509e-07,1113.3,179223,-4.22737e-07,1259.87,193777,-1.71951e-07,1425.68,204839,4.55555e-07,11.7194,11.96,12.6541,2.21263,4.16949,0.989383,2.67766,5.84076,0.311842,3.14343,7.55825,0.0972771,3.63127,9.58578,0.0303237,4.15787,12.0912,0.00945211,4.73731,15.2286,0.00294633,5.38238,19.1721,0.000918508,6.10553,24.134,0.000286163,6.91951,30.3791,8.92692e-05,7.83792,38.2397,2.78121e-05,8.87555,48.1338,8.65134e-06,10.0489,60.5876,2.7882e-06,11.3761,76.2629,8.29036e-07,12.8779,95.9927,2.4373e-07,14.5775,120.825,1e-08,16.5012,152.08,1.75749e-07,18.6784,191.415,1e-08,21.1428,240.917,1.91829e-07,23.9322,303.213,1e-08,27.0895,381.602,7.0186e-08,30.6634,480.231,1e-08,34.7087,604.316,2.40784e-07,39.2876,760.401,9.87368e-08,44.4705,956.705,1.22263e-07,50.3371,1203.54,1e-08,56.9776,1513.81,1e-08,64.494,1903.69,1e-08,73.0018,2393.4,3.9185e-07,82.6317,3008.13,1.35379e-07,93.5318,3779.25,1e-08,105.869,4745.7,2.06965e-08,119.834,5955.6,1e-08,135.641,7468.12,1e-08,153.531,9355.62,2.00739e-07,173.781,11705.8,2.28358e-07,196.701,14624.1,1e-08,222.642,18235,1e-08,252.003,22683.4,1e-08,285.234,28134,1e-08,322.845,34767,2.34258e-07,365.413,42770.9,2.99668e-07,413.588,52327.9,8.28644e-08,468.111,63591.2,1e-08,529.814,76653.2,1e-08,599.642,91502.5,1e-08,678.662,107975,2.26339e-07,768.083,125705,3.69212e-07,869.267,144088,2.04077e-07,983.76,162277,1e-08,1113.3,179223,1e-08,1259.87,193777,1e-08,1425.68,204839,4.55555e-07,6.2823,3.27286,2.43537,0.219672,6.18826,2.24117,0.56371,6.87772,2.63624,0.308279,11,23,5,3,6,2,2,1,0,0,12,0,2,10,0,2,12,0,2,5,0,3,23,0,5,10,0,1,21,0,3,19,0,8,46,0,8,37,0,12,121,0,9,77,0,20,74,0,17,65,0,13,173,0,23,118,0,26,345,0,18,406,0,50,1030,0,16,328,0,23,337,0,49,391,0,38,1425,0,46,1048,0,107,2260,0,50,2856,0,120,1175,0,81,4974,0,145,4613,0,138,5767,0,124,7505,0,136,12782,0,159,9536,0,244,13700,0,145,12280,0,310,20278,0,156,25250,0,766,14196,0,175,43772,0,233,32904,0,230,53268,0,654,132668,0,667,68611,0,748,77660,0,474,112875,0,777,30157,0,1427,188572,0,552,222876,0,1060,234558,0,833,231621,0
-1.05176e+08,1,8.88811e-15,10,1023,0,1.05176e+08,0.528882,1.08665,0.389689,0.145397,0.379329,3.24381,0.161596,0.446195,1.77396,0.159177,1.15e+07,4.49998e+06,6.79999e+06,1.15e+07,4.49997e+06,6.79999e+06,1.15e+07,4.49996e+06,6.79999e+06,1.15e+07,4.49995e+06,6.79999e+06,1.14999e+07,4.49993e+06,6.79999e+06,1.14999e+07,4.49991e+06,6.79999e+06,1.14999e+07,4.49989e+06,6.79999e+06,1.14999e+07,4.49986e+06,6.79999e+06,1.14999e+07,4.49982e+06,6.79999e+06,1.14999e+07,4.49977e+06,6.79999e+06,1.14999e+07,4.49971e+06,6.79999e+06,1.14999e+07,4.49963e+06,6.79999e+06,1.14998e+07,4.49953e+06,6.79999e+06,1.14998e+07,4.49941e+06,6.79999e+06,1.14998e+07,4.49926e+06,6.79999e+06,1.14998e+07,4.49906e+06,6.79999e+06,1.14997e+07,4.49882e+06,6.79999e+06,1.14997e+07,4.49851e+06,6.79999e+06,1.14997e+07,4.49812e+06,6.79999e+06,1.14996e+07,4.49764e+06,6.79999e+06,1.14996e+07,4.49702e+06,6.79999e+06,1.14995e+07,4.49625e+06,6.79999e+06,1.14995e+07,4.49528e+06,6.79999e+06,1.14994e+07,4.49406e+06,6.79999e+06,1.14993e+07,4.49253e+06,6.79999e+06,1.14992e+07,4.49059e+06,6.79999e+06,1.14991e+07,4.48817e+06,6.79999e+06,1.1499e+07,4.48511e+06,6.79999e+06,1.14988e+07,4.48128e+06,6.79999e+06,1.14987e+07,4.47646e+06,6.79999e+06,1.14985e+07,4.47041e+06,6.79999e+06,1.14983e+07,4.46281e+06,6.79999e+06,1.14981e+07,4.4533e+06,6.79999e+06,1.14979e+07,4.44138e+06,6.79999e+06,1.14976e+07,4.42649e+06,6.79999e+06,1.14972e+07,4.40789e+06,6.79999e+06,1.14969e+07,4.38471e+06,6.79999e+06,1.14965e+07,4.35592e+06,6.79999e+06,1.1496e+07,4.32027e+06,6.79999e+06,1.14955e+07,4.27629e+06,6.79999e+06,1.14949e+07,4.22231e+06,6.79999e+06,1.14942e+07,4.15647e+06,6.79999e+06,1.14934e+07,4.07676e+06,6.79999e+06,1.14926e+07,3.98112e+06,6.79999e+06,1.14916e+07,3.86765e+06,6.79999e+06,1.14905e+07,3.73474e+06,6.79999e+06,1.14892e+07,3.58148e+06,6.79999e+06,1.14878e+07,3.40785e+06,6.79999e+06,1.14862e+07,3.21513e+06,6.79999e+06,1.14844e+07,3.00605e+06,6.79999e+06,1.14823e+07,2.7848e+06,6.79999e+06,1.148e+07,2.5568e+06,6.79999e+06,1.14773e+07,2.32825e+06,6.79999e+06,13.5742,8.52444,0.508366,16.8306,13.2585,0.162638,20.0035,17.569,0.0507846,23.2616,22.4214,0.0158319,26.7328,28.3297,0.00493498,30.5212,35.6974,0.00153831,34.7178,44.9473,0.000479527,39.4086,56.5822,0.000149456,44.6796,71.2245,4.66214e-05,50.6209,89.6543,1.45419e-05,57.3297,112.852,4.54748e-06,64.9129,142.051,1.43857e-06,73.4897,178.803,4.36618e-07,83.1934,225.062,1.40153e-07,94.1745,283.286,4.96378e-08,106.602,356.568,1.05434e-07,120.669,448.799,-6.49244e-08,136.59,564.873,1.70148e-07,154.611,710.948,-5.34594e-08,175.008,894.767,1.63407e-07,198.097,1126.06,8.04804e-08,224.231,1417.07,1.14667e-07,253.813,1783.15,-1.71227e-07,287.297,2243.62,-2.88466e-07,325.198,2822.67,-4.33651e-07,368.098,3550.67,7.9318e-08,416.657,4465.65,3.13319e-07,471.621,5615.16,3.4613e-07,533.835,7058.61,-1.19199e-07,604.255,8870.02,-2.79964e-07,683.962,11141.4,-2.30521e-07,774.182,13986.7,-2.55099e-07,876.299,17546.4,1.23585e-07,991.883,21993.1,1.41192e-07,1122.71,27536.7,-9.71886e-08,1270.78,34430.7,-3.68368e-07,1438.38,42977.7,-3.45379e-07,1628.07,53532.7,-3.25328e-09,1842.77,66504.6,2.6362e-07,2085.77,82350.2,2.53445e-07,2360.79,101560,-2.47407e-08,2672.05,124632,-3.80602e-07,3024.31,152018,-4.79005e-07,3422.98,184060,-1.14379e-07,3874.15,220884,2.64297e-07,4384.72,262283,3.44131e-07,4962.49,307576,7.5349e-08,5616.29,355497,-3.63097e-07,6356.1,404126,-6.05442e-07,7193.18,450932,-2.72333e-07,8140.28,492963,2.29675e-07,9211.79,527178,4.3387e-07,10424,550893,-1.0711e-07,10.102,8.06553,2.81012,10.6436,8.57909,0.869423,11.5336,10.2515,0.270869,12.7211,12.7138,0.0844293,14.1823,15.9373,0.0263173,15.9122,20.0383,0.0082035,17.9198,25.2154,0.00255722,20.2244,31.7373,0.000797017,22.8539,39.9486,0.000248622,25.8438,50.2851,7.75492e-05,29.237,63.2963,2.42508e-05,33.0837,79.6738,7.67162e-06,37.4415,100.288,2.32837e-06,42.3767,126.236,7.33e-07,47.9646,158.896,2.79256e-07,54.2906,200.003,9.87351e-09,61.452,251.741,1.61085e-07,69.5585,316.859,-2.47141e-07,78.7347,398.812,8.93552e-08,89.1218,501.948,-2.53231e-07,100.879,631.736,-1.25047e-07,114.188,795.049,-1.78808e-07,129.252,1000.53,2.6733e-07,146.304,1259.03,4.50292e-07,165.605,1584.19,6.76904e-07,187.452,1993.12,-1.23808e-07,212.181,2507.27,-4.89068e-07,240.173,3153.54,-5.40284e-07,271.856,3965.56,1.86061e-07,307.719,4985.38,4.37004e-07,348.313,6265.4,3.59828e-07,394.26,7870.83,3.98192e-07,446.268,9882.51,-1.92908e-07,505.135,12400.3,-2.20392e-07,571.766,15546.9,1.51705e-07,647.184,19472.2,5.74996e-07,732.547,24357.4,5.39112e-07,829.167,30420,5.07815e-09,938.526,37916.3,-4.11492e-07,1062.3,47143.9,-3.9561e-07,1202.4,58439.2,3.86185e-08,1360.96,72169.3,5.94093e-07,1540.42,88715.8,7.47693e-07,1743.53,108445,1.78537e-07,1973.41,131665,-4.12549e-07,2233.57,158557,-5.37164e-07,2528,189103,-1.17615e-07,2861.2,222986,5.66769e-07,3238.27,259510,9.45053e-07,3664.97,297540,4.25093e-07,4147.81,335497,-3.58506e-07,4694.17,371444,-6.7724e-07,5312.37,403256,1.67192e-07,1.61744,3.89446,9.84394,3.28846,7.5504,12.774,5.07607,11.7187,13.6844,7.03202,16.8147,13.9681,9.20215,23.1769,14.0566,11.6301,31.1672,14.0841,14.3598,41.2186,14.0927,17.4376,53.8688,14.0954,20.9137,69.7915,14.0962,24.8432,89.8341,14.0965,29.2879,115.063,14.0966,34.3168,146.819,14.0966,40.0078,186.792,14.0966,46.4487,237.107,14.0966,53.7388,300.44,14.0966,61.9903,380.158,14.0966,71.3301,480.499,14.0966,81.902,606.796,14.0966,93.8685,765.761,14.0966,107.414,965.837,14.0966,122.746,1217.65,14.0966,140.101,1534.57,14.0966,159.745,1933.41,14.0966,181.981,2435.3,14.0966,207.15,3066.85,14.0966,235.64,3861.46,14.0966,267.889,4861.11,14.0966,304.391,6118.54,14.0966,345.709,7699.91,14.0966,392.478,9688.22,14.0966,445.417,12187.5,14.0966,505.339,15327.7,14.0966,573.165,19271.6,14.0966,649.938,24222,14.0966,736.839,30430.9,14.0966,835.202,38211.5,14.0966,946.539,47950.3,14.0966,1072.56,60122.8,14.0966,1215.21,75309.9,14.0966,1376.66,94216.2,14.0966,1559.41,117688,14.0966,1766.26,146729,14.0966,2000.39,182510,14.0966,2265.39,226372,14.0966,2565.33,279806,14.0966,2904.81,344416,14.0966,3289.05,421845,14.0966,3723.93,513667,14.0966,4216.13,621231,14.0966,4773.18,745478,14.0966,5403.64,886744,14.0966,6117.15,1.04457e+06,14.0966,6924.63,1.2176e+06,14.0966,11.7194,11.96,12.6541,13.9321,16.1295,13.6434,16.6097,21.9702,13.9553,19.7532,29.5285,14.0526,23.3844,39.1143,14.0829,27.5423,51.2054,14.0923,32.2796,66.434,14.0953,37.662,85.6061,14.0962,43.7675,109.74,14.0965,50.687,140.119,14.0966,58.5249,178.359,14.0966,67.4005,226.493,14.0966,77.4493,287.08,14.0966,88.8254,363.343,14.0966,101.703,459.336,14.0966,116.281,580.161,14.0966,132.782,732.241,14.0966,151.46,923.655,14.0966,172.603,1164.57,14.0966,196.535,1467.79,14.0966,223.625,1849.39,14.0966,254.288,2329.62,14.0966,288.997,2933.93,14.0966,328.285,3694.33,14.0966,372.755,4651.04,14.0966,423.092,5854.57,14.0966,480.07,7368.38,14.0966,544.564,9272.08,14.0966,617.566,11665.5,14.0966,700.197,14673.6,14.0966,793.729,18452.9,14.0966,899.599,23198.6,14.0966,1019.43,29154.1,14.0966,1155.07,36622.3,14.0966,1308.6,45977.9,14.0966,1482.39,57683.7,14.0966,1679.09,72307.8,14.0966,1901.73,90542.8,14.0966,2153.73,113226,14.0966,2438.97,141360,14.0966,2761.81,176127,14.0966,3127.22,218898,14.0966,3540.81,271226,14.0966,4008.92,334817,14.0966,4538.74,411470,14.0966,5138.38,502973,14.0966,5817.04,610948,14.0966,6585.12,736653,14.0966,7454.39,880741,14.0966,8438.15,1.04302e+06,14.0966,9551.45,1.22224e+06,14.0966,10811.3,1.41602e+06,14.0966,12237,1.62086e+06,14.0966,11.7194,11.96,12.6541,2.21263,4.16949,0.989383,2.67766,5.84076,0.311842,3.14343,7.55825,0.0972771,3.63127,9.58578,0.0303237,4.15787,12.0912,0.00945211,4.73731,15.2286,0.00294633,5.38238,19.1721,0.000918508,6.10553,24.134,0.000286163,6.91951,30.3791,8.92692e-05,7.83792,38.2397,2.78121e-05,8.87555,48.1338,8.65134e-06,10.0489,60.5876,2.7882e-06,11.3761,76.2629,8.29036e-07,12.8779,95.9927,2.4373e-07,14.5775,120.825,4.33068e-09,16.5012,152.08,1.75749e-07,18.6784,191.415,-1.86328e-07,21.1428,240.917,1.91829e-07,23.9322,303.213,-1.81475e-07,27.0895,381.602,7.0186e-08,30.6634,480.231,-2.86769e-08,34.7087,604.316,2.40784e-07,39.2876,760.401,9.87368e-08,44.4705,956.705,1.22263e-07,50.3371,1203.54,-4.31966e-07,56.9776,1513.81,-1.9705e-07,64.494,1903.69,-2.763e-08,73.0018,2393.4,3.9185e-07,82.6317,3008.13,1.35379e-07,93.5318,3779.25,-4.16351e-08,105.869,4745.7,2.06965e-08,119.834,5955.6,-3.18887e-07,135.641,7468.12,-1.48271e-08,153.531,9355.62,2.00739e-07,173.781,11705.8,2.28358e-07,196.701,14624.1,-1.93587e-08,222.642,18235,-2.88101e-07,252.003,22683.4,-2.24732e-07,285.234,28134,8.56806e-09,322.845,34767,2.34258e-07,365.413,42770.9,2.99668e-07,413.588,52327.9,8.28644e-08,468.111,63591.2,-3.07049e-07,529.814,76653.2,-3.1888e-07,599.642,91502.5,-6.72276e-08,678.662,107975,2.26339e-07,768.083,125705,3.69212e-07,869.267,144088,2.04077e-07,983.76,162277,-2.80509e-07,1113.3,179223,-4.22737e-07,1259.87,193777,-1.71951e-07,1425.68,204839,4.55555e-07,11.7194,11.96,12.6541,2.21263,4.16949,0.989383,2.67766,5.84076,0.311842,3.14343,7.55825,0.0972771,3.63127,9.58578,0.0303237,4.15787,12.0912,0.00945211,4.73731,15.2286,0.00294633,5.38238,19.1721,0.000918508,6.10553,24.134,0.000286163,6.91951,30.3791,8.92692e-05,7.83792,38.2397,2.78121e-05,8.87555,48.1338,8.65134e-06,10.0489,60.5876,2.7882e-06,11.3761,76.2629,8.29036e-07,12.8779,95.9927,2.4373e-07,14.5775,120.825,1e-08,16.5012,152.08,1.75749e-07,18.6784,191.415,1e-08,21.1428,240.917,1.91829e-07,23.9322,303.213,1e-08,27.0895,381.602,7.0186e-08,30.6634,480.231,1e-08,34.7087,604.316,2.40784e-07,39.2876,760.401,9.87368e-08,44.4705,956.705,1.22263e-07,50.3371,1203.54,1e-08,56.9776,1513.81,1e-08,64.494,1903.69,1e-08,73.0018,2393.4,3.9185e-07,82.6317,3008.13,1.35379e-07,93.5318,3779.25,1e-08,105.869,4745.7,2.06965e-08,119.834,5955.6,1e-08,135.641,7468.12,1e-08,153.531,9355.62,2.00739e-07,173.781,11705.8,2.28358e-07,196.701,14624.1,1e-08,222.642,18235,1e-08,252.003,22683.4,1e-08,285.234,28134,1e-08,322.845,34767,2.34258e-07,365.413,42770.9,2.99668e-07,413.588,52327.9,8.28644e-08,468.111,63591.2,1e-08,529.814,76653.2,1e-08,599.642,91502.5,1e-08,678.662,107975,2.26339e-07,768.083,125705,3.69212e-07,869.267,144088,2.04077e-07,983.76,162277,1e-08,1113.3,179223,1e-08,1259.87,193777,1e-08,1425.68,204839,4.55555e-07,6.2823,3.27286,2.43537,0.219672,6.18826,2.24117,0.56371,6.87772,2.63624,0.308279,5,11,8,1,7,4,0,7,1,4,13,0,2,21,0,8,5,0,4,19,0,14,23,0,3,28,0,15,17,0,12,33,0,26,6,0,14,56,0,13,62,0,7,68,0,12,193,0,17,144,0,32,200,0,15,166,0,29,232,0,32,638,0,16,1128,0,31,316,0,16,797,0,27,570,0,41,1827,0,121,1271,0,115,2219,0,61,4011,0,59,2889,0,93,3803,0,45,5664,0,128,3829,0,77,4542,0,127,6993,0,166,5687,0,125,18282,0,200,8143,0,217,17484,0,419,12653,0,389,17433,0,238,26050,0,593,43514,0,333,10035,0,289,95775,0,448,71606,0,341,113053,0,404,77330,0,556,126920,0,1318,145184,0,1135,118415,0,923,172723,0,877,214073,0
-1.05176e+08,1,8.88811e-15,10,1023,0,1.05176e+08,0.528882,1.08665,0.389689,0.145397,0.379329,3.24381,0.161596,0.446195,1.77396,0.159177,1.15e+07,4.49998e+06,6.79999e+06,1.15e+07,4.49997e+06,6.79999e+06,1.15e+07,4.49996e+06,6.79999e+06,1.15e+07,4.49995e+06,6.79999e+06,1.14999e+07,4.49993e+06,6.79999e+06,1.14999e+07,4.49991e+06,6.79999e+06,1.14999e+07,4.49989e+06,6.79999e+06,1.14999e+07,4.49986e+06,6.79999e+06,1.14999e+07,4.49982e+06,6.79999e+06,1.14999e+07,4.49977e+06,6.79999e+06,1.14999e+07,4.49971e+06,6.79999e+06,1.14999e+07,4.49963e+06,6.79999e+06,1.14998e+07,4.49953e+06,6.79999e+06,1.14998e+07,4.49941e+06,6.79999e+06,1.14998e+07,4.49926e+06,6.79999e+06,1.14998e+07,4.49906e+06,6.79999e+06,1.14997e+07,4.49882e+06,6.79999e+06,1.14997e+07,4.49851e+06,6.79999e+06,1.14997e+07,4.49812e+06,6.79999e+06,1.14996e+07,4.49764e+06,6.79999e+06,1.14996e+07,4.49702e+06,6.79999e+06,1.14995e+07,4.49625e+06,6.79999e+06,1.14995e+07,4.49528e+06,6.79999e+06,1.14994e+07,4.49406e+06,6.79999e+06,1.14993e+07,4.49253e+06,6.79999e+06,1.14992e+07,4.49059e+06,6.79999e+06,1.14991e+07,4.48817e+06,6.79999e+06,1.1499e+07,4.48511e+06,6.79999e+06,1.14988e+07,4.48128e+06,6.79999e+06,1.14987e+07,4.47646e+06,6.79999e+06,1.14985e+07,4.47041e+06,6.79999e+06,1.14983e+07,4.46281e+06,6.79999e+06,1.14981e+07,4.4533e+06,6.79999e+06,1.14979e+07,4.44138e+06,6.79999e+06,1.14976e+07,4.42649e+06,6.79999e+06,1.14972e+07,4.40789e+06,6.79999e+06,1.14969e+07,4.38471e+06,6.79999e+06,1.14965e+07,4.35592e+06,6.79999e+06,1.1496e+07,4.32027e+06,6.79999e+06,1.14955e+07,4.27629e+06,6.79999e+06,1.14949e+07,4.22231e+06,6.79999e+06,1.14942e+07,4.15647e+06,6.79999e+06,1.14934e+07,4.07676e+06,6.79999e+06,1.14926e+07,3.98112e+06,6.79999e+06,1.14916e+07,3.86765e+06,6.79999e+06,1.14905e+07,3.73474e+06,6.79999e+06,1.14892e+07,3.58148e+06,6.79999e+06,1.14878e+07,3.40785e+06,6.79999e+06,1.14862e+07,3.21513e+06,6.79999e+06,1.14844e+07,3.00605e+06,6.79999e+06,1.14823e+07,2.7848e+06,6.79999e+06,1.148e+07,2.5568e+06,6.79999e+06,1.14773e+07,2.32825e+06,6.79999e+06,13.5742,8.52444,0.508366,16.8306,13.2585,0.162638,20.0035,17.569,0.0507846,23.2616,22.4214,0.0158319,26.7328,28.3297,0.00493498,30.5212,35.6974,0.00153831,34.7178,44.9473,0.000479527,39.4086,56.5822,0.000149456,44.6796,71.2245,4.66214e-05,50.6209,89.6543,1.45419e-05,57.3297,112.852,4.54748e-06,64.9129,142.051,1.43857e-06,73.4897,178.803,4.36618e-07,83.1934,225.062,1.40153e-07,94.1745,283.286,4.96378e-08,106.602,356.568,1.05434e-07,120.669,448.799,-6.49244e-08,136.59,564.873,1.70148e-07,154.611,710.948,-5.34594e-08,175.008,894.767,1.63407e-07,198.097,1126.06,8.04804e-08,224.231,1417.07,1.14667e-07,253.813,1783.15,-1.71227e-07,287.297,2243.62,-2.88466e-07,325.198,2822.67,-4.33651e-07,368.098,3550.67,7.9318e-08,416.657,4465.65,3.13319e-07,471.621,5615.16,3.4613e-07,533.835,7058.61,-1.19199e-07,604.255,8870.02,-2.79964e-07,683.962,11141.4,-2.30521e-07,774.182,13986.7,-2.55099e-07,876.299,17546.4,1.23585e-07,991.883,21993.1,1.41192e-07,1122.71,27536.7,-9.71886e-08,1270.78,34430.7,-3.68368e-07,1438.38,42977.7,-3.45379e-07,1628.07,53532.7,-3.25328e-09,1842.77,66504.6,2.6362e-07,2085.77,82350.2,2.53445e-07,2360.79,101560,-2.47407e-08,2672.05,124632,-3.80602e-07,3024.31,152018,-4.79005e-07,3422.98,184060,-1.14379e-07,3874.15,220884,2.64297e-07,4384.72,262283,3.44131e-07,4962.49,307576,7.5349e-08,5616.29,355497,-3.63097e-07,6356.1,404126,-6.05442e-07,7193.18,450932,-2.72333e-07,8140.28,492963,2.29675e-07,9211.79,527178,4.3387e-07,10424,550893,-1.0711e-07,10.102,8.06553,2.81012,10.6436,8.57909,0.869423,11.5336,10.2515,0.270869,12.7211,12.7138,0.0844293,14.1823,15.9373,0.0263173,15.9122,20.0383,0.0082035,17.9198,25.2154,0.00255722,20.2244,31.7373,0.000797017,22.8539,39.9486,0.000248622,25.8438,50.2851,7.75492e-05,29.237,63.2963,2.42508e-05,33.0837,79.6738,7.67162e-06,37.4415,100.288,2.32837e-06,42.3767,126.236,7.33e-07,47.9646,158.896,2.79256e-07,54.2906,200.003,9.87351e-09,61.452,251.741,1.61085e-07,69.5585,316.859,-2.47141e-07,78.7347,398.812,8.93552e-08,89.1218,501.948,-2.53231e-07,100.879,631.736,-1.25047e-07,114.188,795.049,-1.78808e-07,129.252,1000.53,2.6733e-07,146.304,1259.03,4.50292e-07,165.605,1584.19,6.76904e-07,187.452,1993.12,-1.23808e-07,212.181,2507.27,-4.89068e-07,240.173,3153.54,-5.40284e-07,271.856,3965.56,1.86061e-07,307.719,4985.38,4.37004e-07,348.313,6265.4,3.59828e-07,394.26,7870.83,3.98192e-07,446.268,9882.51,-1.92908e-07,505.135,12400.3,-2.20392e-07,571.766,15546.9,1.51705e-07,647.184,19472.2,5.74996e-07,732.547,24357.4,5.39112e-07,829.167,30420,5.07815e-09,938.526,37916.3,-4.11492e-07,1062.3,47143.9,-3.9561e-07,1202.4,58439.2,3.86185e-08,1360.96,72169.3,5.94093e-07,1540.42,88715.8,7.47693e-07,1743.53,108445,1.78537e-07,1973.41,131665,-4.12549e-07,2233.57,158557,-5.37164e-07,2528,189103,-1.17615e-07,2861.2,222986,5.66769e-07,3238.27,259510,9.45053e-07,3664.97,297540,4.25093e-07,4147.81,335497,-3.58506e-07,4694.17,371444,-6.7724e-07,5312.37,403256,1.67192e-07,1.61744,3.89446,9.84394,3.28846,7.5504,12.774,5.07607,11.7187,13.6844,7.03202,16.8147,13.9681,9.20215,23.1769,14.0566,11.6301,31.1672,14.0841,14.3598,41.2186,14.0927,17.4376,53.8688,14.0954,20.9137,69.7915,14.0962,24.8432,89.8341,14.0965,29.2879,115.063,14.0966,34.3168,146.819,14.0966,40.0078,186.792,14.0966,46.4487,237.107,14.0966,53.7388,300.44,14.0966,61.9903,380.158,14.0966,71.3301,480.499,14.0966,81.902,606.796,14.0966,93.8685,765.761,14.0966,107.414,965.837,14.0966,122.746,1217.65,14.0966,140.101,1534.57,14.0966,159.745,1933.41,14.0966,181.981,2435.3,14.0966,207.15,3066.85,14.0966,235.64,3861.46,14.0966,267.889,4861.11,14.0966,304.391,6118.54,14.0966,345.709,7699.91,14.0966,392.478,9688.22,14.0966,445.417,12187.5,14.0966,505.339,15327.7,14.0966,573.165,19271.6,14.0966,649.938,24222,14.0966,736.839,30430.9,14.0966,835.202,38211.5,14.0966,946.539,47950.3,14.0966,1072.56,60122.8,14.0966,1215.21,75309.9,14.0966,1376.66,94216.2,14.0966,1559.41,117688,14.0966,1766.26,146729,14.0966,2000.39,182510,14.0966,2265.39,226372,14.0966,2565.33,279806,14.0966,2904.81,344416,14.0966,3289.05,421845,14.0966,3723.93,513667,14.0966,4216.13,621231,14.0966,4773.18,745478,14.0966,5403.64,886744,14.0966,6117.15,1.04457e+06,14.0966,6924.63,1.2176e+06,14.0966,11.7194,11.96,12.6541,13.9321,16.1295,13.6434,16.6097,21.9702,13.9553,19.7532,29.5285,14.0526,23.3844,39.1143,14.0829,27.5423,51.2054,14.0923,32.2796,66.434,14.0953,37.662,85.6061,14.0962,43.7675,109.74,14.0965,50.687,140.119,14.0966,58.5249,178.359,14.0966,67.4005,226.493,14.0966,77.4493,287.08,14.0966,88.8254,363.343,14.0966,101.703,459.336,14.0966,116.281,580.161,14.0966,132.782,732.241,14.0966,151.46,923.655,14.0966,172.603,1164.57,14.0966,196.535,1467.79,14.0966,223.625,1849.39,14.0966,254.288,2329.62,14.0966,288.997,2933.93,14.0966,328.285,3694.33,14.0966,372.755,4651.04,14.0966,423.092,5854.57,14.0966,480.07,7368.38,14.0966,544.564,9272.08,14.0966,617.566,11665.5,14.0966,700.197,14673.6,14.0966,793.729,18452.9,14.0966,899.599,23198.6,14.0966,1019.43,29154.1,14.0966,1155.07,36622.3,14.0966,1308.6,45977.9,14.0966,1482.39,57683.7,14.0966,1679.09,72307.8,14.0966,1901.73,90542.8,14.0966,2153.73,113226,14.0966,2438.97,141360,14.0966,2761.81,176127,14.0966,3127.22,218898,14.0966,3540.81,271226,14.0966,4008.92,334817,14.0966,4538.74,411470,14.0966,5138.38,502973,14.0966,5817.04,610948,14.0966,6585.12,736653,14.0966,7454.39,880741,14.0966,8438.15,1.04302e+06,14.0966,9551.45,1.22224e+06,14.0966,10811.3,1.41602e+06,14.0966,12237,1.62086e+06,14.0966,11.7194,11.96,12.6541,2.21263,4.16949,0.989383,2.67766,5.84076,0.311842,3.14343,7.55825,0.0972771,3.63127,9.58578,0.0303237,4.15787,12.0912,0.00945211,4.73731,15.2286,0.00294633,5.38238,19.1721,0.000918508,6.10553,24.134,0.000286163,6.91951,30.3791,8.92692e-05,7.83792,38.2397,2.78121e-05,8.87555,48.1338,8.65134e-06,10.0489,60.5876,2.7882e-06,11.3761,76.2629,8.29036e-07,12.8779,95.9927,2.4373e-07,14.5775,120.825,4.33068e-09,16.5012,152.08,1.75749e-07,18.6784,191.415,-1.86328e-07,21.1428,240.917,1.91829e-07,23.9322,303.213,-1.81475e-07,27.0895,381.602,7.0186e-08,30.6634,480.231,-2.86769e-08,34.7087,604.316,2.40784e-07,39.2876,760.401,9.87368e-08,44.4705,956.705,1.22263e-07,50.3371,1203.54,-4.31966e-07,56.9776,1513.81,-1.9705e-07,64.494,1903.69,-2.763e-08,73.0018,2393.4,3.9185e-07,82.6317,3008.13,1.35379e-07,93.5318,3779.25,-4.16351e-08,105.869,4745.7,2.06965e-08,119.834,5955.6,-3.18887e-07,135.641,7468.12,-1.48271e-08,153.531,9355.62,2.00739e-07,173.781,11705.8,2.28358e-07,196.701,14624.1,-1.93587e-08,222.642,18235,-2.88101e-07,252.003,22683.4,-2.24732e-07,285.234,28134,8.56806e-09,322.845,34767,2.34258e-07,365.413,42770.9,2.99668e-07,413.588,52327.9,8.28644e-08,468.111,63591.2,-3.07049e-07,529.814,76653.2,-3.1888e-07,599.642,91502.5,-6.72276e-08,678.662,107975,2.26339e-07,768.083,125705,3.69212e-07,869.267,144088,2.04077e-07,983.76,162277,-2.80509e-07,1113.3,179223,-4.22737e-07,1259.87,193777,-1.71951e-07,1425.68,204839,4.55555e-07,11.7194,11.96,12.6541,2.21263,4.16949,0.989383,2.67766,5.84076,0.311842,3.14343,7.55825,0.0972771,3.63127,9.58578,0.0303237,4.15787,12.0912,0.00945211,4.73731,15.2286,0.00294633,5.38238,19.1721,0.000918508,6.10553,24.134,0.000286163,6.91951,30.3791,8.92692e-05,7.83792,38.2397,2.78121e-05,8.87555,48.1338,8.65134e-06,10.0489,60.5876,2.7882e-06,11.3761,76.2629,8.29036e-07,12.8779,95.9927,2.4373e-07,14.5775,120.825,1e-08,16.5012,152.08,1.75749e-07,18.6784,191.415,1e-08,21.1428,240.917,1.91829e-07,23.9322,303.213,1e-08,27.0895,381.602,7.0186e-08,30.6634,480.231,1e-08,34.7087,604.316,2.40784e-07,39.2876,760.401,9.87368e-08,44.4705,956.705,1.22263e-07,50.3371,1203.54,1e-08,56.9776,1513.81,1e-08,64.494,1903.69,1e-08,73.0018,2393.4,3.9185e-07,82.6317,3008.13,1.35379e-07,93.5318,3779.25,1e-08,105.869,4745.7,2.06965e-08,119.834,5955.6,1e-08,135.641,7468.12,1e-08,153.531,9355.62,2.00739e-07,173.781,11705.8,2.28358e-07,196.701,14624.1,1e-08,222.642,18235,1e-08,252.003,22683.4,1e-08,285.234,28134,1e-08,322.845,34767,2.34258e-07,365.413,42770.9,2.99668e-07,413.588,52327.9,8.28644e-08,468.111,63591.2,1e-08,529.814,76653.2,1e-08,599.642,91502.5,1e-08,678.662,107975,2.26339e-07,768.083,125705,3.69212e-07,869.267,144088,2.04077e-07,983.76,162277,1e-08,1113.3,179223,1e-08,1259.87,193777,1e-08,1425.68,204839,4.55555e-07,6.2823,3.27286,2.43537,0.219672,6.18826,2.24117,0.56371,6.87772,2.63624,0.308279,7,13,10,2,5,1,3,11,1,4,9,0,2,15,0,4,16,0,8,12,0,13,20,0,6,32,0,7,28,0,7,17,0,4,65,0,4,96,0,9,56,0,7,105,0,15,89,0,5,87,0,21,200,0,19,192,0,17,323,0,28,266,0,42,365,0,29,345,0,24,439,0,41,253,0,61,1035,0,23,1260,0,82,2399,0,160,1694,0,115,4707,0,82,5386,0,166,3435,0,102,10099,0,96,9971,0,119,8789,0,148,9781,0,159,12132,0,367,37252,0,299,23711,0,203,20924,0,448,48294,0,629,14727,0,309,40462,0,406,62362,0,721,41821,0,564,65139,0,513,105332,0,1343,149242,0,1291,147181,0,1587,308765,0,1068,114068,0,1371,89987,0,1040,314967,0
-1.05176e+08,1,8.88811e-15,10,1023,0,1.05176e+08,0.528882,1.08665,0.389689,0.145397,0.379329,3.24381,0.161596,0.446195,1.77396,0.159177,1.15e+07,4.49998e+06,6.79999e+06,1.15e+07,4.49997e+06,6.79999e+06,1.15e+07,4.49996e+06,6.79999e+06,1.15e+07,4.49995e+06,6.79999e+06,1.14999e+07,4.49993e+06,6.79999e+06,1.14999e+07,4.49991e+06,6.79999e+06,1.14999e+07,4.49989e+06,6.79999e+06,1.14999e+07,4.49986e+06,6.79999e+06,1.14999e+07,4.49982e+06,6.79999e+06,1.14999e+07,4.49977e+06,6.79999e+06,1.14999e+07,4.49971e+06,6.79999e+06,1.14999e+07,4.49963e+06,6.79999e+06,1.14998e+07,4.49953e+06,6.79999e+06,1.14998e+07,4.49941e+06,6.79999e+06,1.14998e+07,4.49926e+06,6.79999e+06,1.14998e+07,4.49906e+06,6.79999e+06,1.14997e+07,4.49882e+06,6.79999e+06,1.14997e+07,4.49851e+06,6.79999e+06,1.14997e+07,4.49812e+06,6.79999e+06,1.14996e+07,4.49764e+06,6.79999e+06,1.14996e+07,4.49702e+06,6.79999e+06,1.14995e+07,4.49625e+06,6.79999e+06,1.14995e+07,4.49528e+06,6.79999e+06,1.14994e+07,4.49406e+06,6.79999e+06,1.14993e+07,4.49253e+06,6.79999e+06,1.14992e+07,4.49059e+06,6.79999e+06,1.14991e+07,4.48817e+06,6.79999e+06,1.1499e+07,4.48511e+06,6.79999e+06,1.14988e+07,4.48128e+06,6.79999e+06,1.14987e+07,4.47646e+06,6.79999e+06,1.14985e+07,4.47041e+06,6.79999e+06,1.14983e+07,4.46281e+06,6.79999e+06,1.14981e+07,4.4533e+06,6.79999e+06,1.14979e+07,4.44138e+06,6.79999e+06,1.14976e+07,4.42649e+06,6.79999e+06,1.14972e+07,4.40789e+06,6.79999e+06,1.14969e+07,4.38471e+06,6.79999e+06,1.14965e+07,4.35592e+06,6.79999e+06,1.1496e+07,4.32027e+06,6.79999e+06,1.14955e+07,4.27629e+06,6.79999e+06,1.14949e+07,4.22231e+06,6.79999e+06,1.14942e+07,4.15647e+06,6.79999e+06,1.14934e+07,4.07676e+06,6.79999e+06,1.14926e+07,3.98112e+06,6.79999e+06,1.14916e+07,3.86765e+06,6.79999e+06,1.14905e+07,3.73474e+06,6.79999e+06,1.14892e+07,3.58148e+06,6.79999e+06,1.14878e+07,3.40785e+06,6.79999e+06,1.14862e+07,3.21513e+06,6.79999e+06,1.14844e+07,3.00605e+06,6.79999e+06,1.14823e+07,2.7848e+06,6.79999e+06,1.148e+07,2.5568e+06,6.79999e+06,1.14773e+07,2.32825e+06,6.79999e+06,13.5742,8.52444,0.508366,16.8306,13.2585,0.162638,20.0035,17.569,0.0507846,23.2616,22.4214,0.0158319,26.7328,28.3297,0.00493498,30.5212,35.6974,0.00153831,34.7178,44.9473,0.000479527,39.4086,56.5822,0.000149456,44.6796,71.2245,4.66214e-05,50.6209,89.6543,1.45419e-05,57.3297,112.852,4.54748e-06,64.9129,142.051,1.43857e-06,73.4897,178.803,4.36618e-07,83.1934,225.062,1.40153e-07,94.1745,283.286,4.96378e-08,106.602,356.568,1.05434e-07,120.669,448.799,-6.49244e-08,136.59,564.873,1.70148e-07,154.611,710.948,-5.34594e-08,175.008,894.767,1.63407e-07,198.097,1126.06,8.04804e-08,224.231,1417.07,1.14667e-07,253.813,1783.15,-1.71227e-07,287.297,2243.62,-2.88466e-07,325.198,2822.67,-4.33651e-07,368.098,3550.67,7.9318e-08,416.657,4465.65,3.13319e-07,471.621,5615.16,3.4613e-07,533.835,7058.61,-1.19199e-07,604.255,8870.02,-2.79964e-07,683.962,11141.4,-2.30521e-07,774.182,13986.7,-2.55099e-07,876.299,17546.4,1.23585e-07,991.883,21993.1,1.41192e-07,1122.71,27536.7,-9.71886e-08,1270.78,34430.7,-3.68368e-07,1438.38,42977.7,-3.45379e-07,1628.07,53532.7,-3.25328e-09,1842.77,66504.6,2.6362e-07,2085.77,82350.2,2.53445e-07,2360.79,101560,-2.47407e-08,2672.05,124632,-3.80602e-07,3024.31,152018,-4.79005e-07,3422.98,184060,-1.14379e-07,3874.15,220884,2.64297e-07,4384.72,262283,3.44131e-07,4962.49,307576,7.5349e-08,5616.29,355497,-3.63097e-07,6356.1,404126,-6.05442e-07,7193.18,450932,-2.72333e-07,8140.28,492963,2.29675e-07,9211.79,527178,4.3387e-07,10424,550893,-1.0711e-07,10.102,8.06553,2.81012,10.6436,8.57909,0.869423,11.5336,10.2515,0.270869,12.7211,12.7138,0.0844293,14.1823,15.9373,0.0263173,15.9122,20.0383,0.0082035,17.9198,25.2154,0.00255722,20.2244,31.7373,0.000797017,22.8539,39.9486,0.000248622,25.8438,50.2851,7.75492e-05,29.237,63.2963,2.42508e-05,33.0837,79.6738,7.67162e-06,37.4415,100.288,2.32837e-06,42.3767,126.236,7.33e-07,47.9646,158.896,2.79256e-07,54.2906,200.003,9.87351e-09,61.452,251.741,1.61085e-07,69.5585,316.859,-2.47141e-07,78.7347,398.812,8.93552e-08,89.1218,501.948,-2.53231e-07,100.879,631.736,-1.25047e-07,114.188,795.049,-1.78808e-07,129.252,1000.53,2.6733e-07,146.304,1259.03,4.50292e-07,165.605,1584.19,6.76904e-07,187.452,1993.12,-1.23808e-07,212.181,2507.27,-4.89068e-07,240.173,3153.54,-5.40284e-07,271.856,3965.56,1.86061e-07,307.719,4985.38,4.37004e-07,348.313,6265.4,3.59828e-07,394.26,7870.83,3.98192e-07,446.268,9882.51,-1.92908e-07,505.135,12400.3,-2.20392e-07,571.766,15546.9,1.51705e-07,647.184,19472.2,5.74996e-07,732.547,24357.4,5.39112e-07,829.167,30420,5.07815e-09,938.526,37916.3,-4.11492e-07,1062.3,47143.9,-3.9561e-07,1202.4,58439.2,3.86185e-08,1360.96,72169.3,5.94093e-07,1540.42,88715.8,7.47693e-07,1743.53,108445,1.78537e-07,1973.41,131665,-4.12549e-07,2233.57,158557,-5.37164e-07,2528,189103,-1.17615e-07,2861.2,222986,5.66769e-07,3238.27,259510,9.45053e-07,3664.97,297540,4.25093e-07,4147.81,335497,-3.58506e-07,4694.17,371444,-6.7724e-07,5312.37,403256,1.67192e-07,1.61744,3.89446,9.84394,3.28846,7.5504,12.774,5.07607,11.7187,13.6844,7.03202,16.8147,13.9681,9.20215,23.1769,14.0566,11.6301,31.1672,14.0841,14.3598,41.2186,14.0927,17.4376,53.8688,14.0954,20.9137,69.7915,14.0962,24.8432,89.8341,14.0965,29.2879,115.063,14.0966,34.3168,146.819,14.0966,40.0078,186.792,14.0966,46.4487,237.107,14.0966,53.7388,300.44,14.0966,61.9903,380.158,14.0966,71.3301,480.499,14.0966,81.902,606.796,14.0966,93.8685,765.761,14.0966,107.414,965.837,14.0966,122.746,1217.65,14.0966,140.101,1534.57,14.0966,159.745,1933.41,14.0966,181.981,2435.3,14.0966,207.15,3066.85,14.0966,235.64,3861.46,14.0966,267.889,4861.11,14.0966,304.391,6118.54,14.0966,345.709,7699.91,14.0966,392.478,9688.22,14.0966,445.417,12187.5,14.0966,505.339,15327.7,14.0966,573.165,19271.6,14.0966,649.938,24222,14.0966,736.839,30430.9,14.0966,835.202,38211.5,14.0966,946.539,47950.3,14.0966,1072.56,60122.8,14.0966,1215.21,75309.9,14.0966,1376.66,94216.2,14.0966,1559.41,117688,14.0966,1766.26,146729,14.0966,2000.39,182510,14.0966,2265.39,226372,14.0966,2565.33,279806,14.0966,2904.81,344416,14.0966,3289.05,421845,14.0966,3723.93,513667,14.0966,4216.13,621231,14.0966,4773.18,745478,14.0966,5403.64,886744,14.0966,6117.15,1.04457e+06,14.0966,6924.63,1.2176e+06,14.0966,11.7194,11.96,12.6541,13.9321,16.1295,13.6434,16.6097,21.9702,13.9553,19.7532,29.5285,14.0526,23.3844,39.1143,14.0829,27.5423,51.2054,14.0923,32.2796,66.434,14.0953,37.662,85.6061,14.0962,43.7675,109.74,14.0965,50.687,140.119,14.0966,58.5249,178.359,14.0966,67.4005,226.493,14.0966,77.4493,287.08,14.0966,88.8254,363.343,14.0966,101.703,459.336,14.0966,116.281,580.161,14.0966,132.782,732.241,14.0966,151.46,923.655,14.0966,172.603,1164.57,14.0966,196.535,1467.79,14.0966,223.625,1849.39,14.0966,254.288,2329.62,14.0966,288.997,2933.93,14.0966,328.285,3694.33,14.0966,372.755,4651.04,14.0966,423.092,5854.57,14.0966,480.07,7368.38,14.0966,544.564,9272.08,14.0966,617.566,11665.5,14.0966,700.197,14673.6,14.0966,793.729,18452.9,14.0966,899.599,23198.6,14.0966,1019.43,29154.1,14.0966,1155.07,36622.3,14.0966,1308.6,45977.9,14.0966,1482.39,57683.7,14.0966,1679.09,72307.8,14.0966,1901.73,90542.8,14.0966,2153.73,113226,14.0966,2438.97,141360,14.0966,2761.81,176127,14.0966,3127.22,218898,14.0966,3540.81,271226,14.0966,4008.92,334817,14.0966,4538.74,411470,14.0966,5138.38,502973,14.0966,5817.04,610948,14.0966,6585.12,736653,14.0966,7454.39,880741,14.0966,8438.15,1.04302e+06,14.0966,9551.45,1.22224e+06,14.0966,10811.3,1.41602e+06,14.0966,12237,1.62086e+06,14.0966,11.7194,11.96,12.6541,2.21263,4.16949,0.989383,2.67766,5.84076,0.311842,3.14343,7.55825,0.0972771,3.63127,9.58578,0.0303237,4.15787,12.0912,0.00945211,4.73731,15.2286,0.00294633,5.38238,19.1721,0.000918508,6.10553,24.134,0.000286163,6.91951,30.3791,8.92692e-05,7.83792,38.2397,2.78121e-05,8.87555,48.1338,8.65134e-06,10.0489,60.5876,2.7882e-06,11.3761,76.2629,8.29036e-07,12.8779,95.9927,2.4373e-07,14.5775,120.825,4.33068e-09,16.5012,152.08,1.75749e-07,18.6784,191.415,-1.86328e-07,21.1428,240.917,1.91829e-07,23.9322,303.213,-1.81475e-07,27.0895,381.602,7.0186e-08,30.6634,480.231,-2.86769e-08,34.7087,604.316,2.40784e-07,39.2876,760.401,9.87368e-08,44.4705,956.705,1.22263e-07,50.3371,1203.54,-4.31966e-07,56.9776,1513.81,-1.9705e-07,64.494,1903.69,-2.763e-08,73.0018,2393.4,3.9185e-07,82.6317,3008.13,1.35379e-07,93.5318,3779.25,-4.16351e-08,105.869,4745.7,2.06965e-08,119.834,5955.6,-3.18887e-07,135.641,7468.12,-1.48271e-08,153.531,9355.62,2.00739e-07,173.781,11705.8,2.28358e-07,196.701,14624.1,-1.93587e-08,222.642,18235,-2.88101e-07,252.003,22683.4,-2.24732e-07,285.234,28134,8.56806e-09,322.845,34767,2.34258e-07,365.413,42770.9,2.99668e-07,413.588,52327.9,8.28644e-08,468.111,63591.2,-3.07049e-07,529.814,76653.2,-3.1888e-07,599.642,91502.5,-6.72276e-08,678.662,107975,2.26339e-07,768.083,125705,3.69212e-07,869.267,144088,2.04077e-07,983.76,162277,-2.80509e-07,1113.3,179223,-4.22737e-07,1259.87,193777,-1.71951e-07,1425.68,204839,4.55555e-07,11.7194,11.96,12.6541,2.21263,4.16949,0.989383,2.67766,5.84076,0.311842,3.14343,7.55825,0.0972771,3.63127,9.58578,0.0303237,4.15787,12.0912,0.00945211,4.73731,15.2286,0.00294633,5.38238,19.1721,0.000918508,6.10553,24.134,0.000286163,6.91951,30.3791,8.92692e-05,7.83792,38.2397,2.78121e-05,8.87555,48.1338,8.65134e-06,10.0489,60.5876,2.7882e-06,11.3761,76.2629,8.29036e-07,12.8779,95.9927,2.4373e-07,14.5775,120.825,1e-08,16.5012,152.08,1.75749e-07,18.6784,191.415,1e-08,21.1428,240.917,1.91829e-07,23.9322,303.213,1e-08,27.0895,381.602,7.0186e-08,30.6634,480.231,1e-08,34.7087,604.316,2.40784e-07,39.2876,760.401,9.87368e-08,44.4705,956.705,1.22263e-07,50.3371,1203.54,1e-08,56.9776,1513.81,1e-08,64.494,1903.69,1e-08,73.0018,2393.4,3.9185e-07,82.6317,3008.13,1.35379e-07,93.5318,3779.25,1e-08,105.869,4745.7,2.06965e-08,119.834,5955.6,1e-08,135.641,7468.12,1e-08,153.531,9355.62,2.00739e-07,173.781,11705.8,2.28358e-07,196.701,14624.1,1e-08,222.642,18235,1e-08,252.003,22683.4,1e-08,285.234,28134,1e-08,322.845,34767,2.34258e-07,365.413,42770.9,2.99668e-07,413.588,52327.9,8.28644e-08,468.111,63591.2,1e-08,529.814,76653.2,1e-08,599.642,91502.5,1e-08,678.662,107975,2.26339e-07,768.083,125705,3.69212e-07,869.267,144088,2.04077e-07,983.76,162277,1e-08,1113.3,179223,1e-08,1259.87,193777,1e-08,1425.68,204839,4.55555e-07,6.2823,3.27286,2.43537,0.219672,6.18826,2.24117,0.56371,6.87772,2.63624,0.308279,10,7,16,0,5,0,3,7,1,3,11,0,5,10,0,3,13,0,7,14,0,2,31,0,9,32,0,6,34,0,8,98,0,8,34,0,16,70,0,19,40,0,18,87,0,20,101,0,13,110,0,21,121,0,11,331,0,25,338,0,27,201,0,34,590,0,36,524,0,37,583,0,40,869,0,29,1562,0,70,697,0,57,2117,0,48,1959,0,57,1233,0,59,1500,0,96,6360,0,94,7863,0,199,2463,0,168,21773,0,185,14951,0,135,19832,0,322,24981,0,204,17035,0,229,41421,0,208,49613,0,243,35284,0,190,48569,0,426,73280,0,589,89957,0,613,54445,0,559,157839,0,721,137921,0,1720,141967,0,541,143008,0,1469,181124,0,1099,270591,0,1169,254342,0
-1.05176e+08,1,8.88811e-15,10,1023,0,1.05176e+08,0.528882,1.08665,0.389689,0.145397,0.379329,3.24381,0.161596,0.446195,1.77396,0.159177,1.15e+07,4.49998e+06,6.79999e+06,1.15e+07,4.49997e+06,6.79999e+06,1.15e+07,4.49996e+06,6.79999e+06,1.15e+07,4.49995e+06,6.79999e+06,1.14999e+07,4.49993e+06,6.79999e+06,1.14999e+07,4.49991e+06,6.79999e+06,1.14999e+07,4.49989e+06,6.79999e+06,1.14999e+07,4.49986e+06,6.79999e+06,1.14999e+07,4.49982e+06,6.79999e+06,1.14999e+07,4.49977e+06,6.79999e+06,1.14999e+07,4.49971e+06,6.79999e+06,1.14999e+07,4.49963e+06,6.79999e+06,1.14998e+07,4.49953e+06,6.79999e+06,1.14998e+07,4.49941e+06,6.79999e+06,1.14998e+07,4.49926e+06,6.79999e+06,1.14998e+07,4.49906e+06,6.79999e+06,1.14997e+07,4.49882e+06,6.79999e+06,1.14997e+07,4.49851e+06,6.79999e+06,1.14997e+07,4.49812e+06,6.79999e+06,1.14996e+07,4.49764e+06,6.79999e+06,1.14996e+07,4.49702e+06,6.79999e+06,1.14995e+07,4.49625e+06,6.79999e+06,1.14995e+07,4.49528e+06,6.79999e+06,1.14994e+07,4.49406e+06,6.79999e+06,1.14993e+07,4.49253e+06,6.79999e+06,1.14992e+07,4.49059e+06,6.79999e+06,1.14991e+07,4.48817e+06,6.79999e+06,1.1499e+07,4.48511e+06,6.79999e+06,1.14988e+07,4.48128e+06,6.79999e+06,1.14987e+07,4.47646e+06,6.79999e+06,1.14985e+07,4.47041e+06,6.79999e+06,1.14983e+07,4.46281e+06,6.79999e+06,1.14981e+07,4.4533e+06,6.79999e+06,1.14979e+07,4.44138e+06,6.79999e+06,1.14976e+07,4.42649e+06,6.79999e+06,1.14972e+07,4.40789e+06,6.79999e+06,1.14969e+07,4.38471e+06,6.79999e+06,1.14965e+07,4.35592e+06,6.79999e+06,1.1496e+07,4.32027e+06,6.79999e+06,1.14955e+07,4.27629e+06,6.79999e+06,1.14949e+07,4.22231e+06,6.79999e+06,1.14942e+07,4.15647e+06,6.79999e+06,1.14934e+07,4.07676e+06,6.79999e+06,1.14926e+07,3.98112e+06,6.79999e+06,1.14916e+07,3.86765e+06,6.79999e+06,1.14905e+07,3.73474e+06,6.79999e+06,1.14892e+07,3.58148e+06,6.79999e+06,1.14878e+07,3.40785e+06,6.79999e+06,1.14862e+07,3.21513e+06,6.79999e+06,1.14844e+07,3.00605e+06,6.79999e+06,1.14823e+07,2.7848e+06,6.79999e+06,1.148e+07,2.5568e+06,6.79999e+06,1.14773e+07,2.32825e+06,6.79999e+06,13.5742,8.52444,0.508366,16.8306,13.2585,0.162638,20.0035,17.569,0.0507846,23.2616,22.4214,0.0158319,26.7328,28.3297,0.00493498,30.5212,35.6974,0.00153831,34.7178,44.9473,0.000479527,39.4086,56.5822,0.000149456,44.6796,71.2245,4.66214e-05,50.6209,89.6543,1.45419e-05,57.3297,112.852,4.54748e-06,64.9129,142.051,1.43857e-06,73.4897,178.803,4.36618e-07,83.1934,225.062,1.40153e-07,94.1745,283.286,4.96378e-08,106.602,356.568,1.05434e-07,120.669,448.799,-6.49244e-08,136.59,564.873,1.70148e-07,154.611,710.948,-5.34594e-08,175.008,894.767,1.63407e-07,198.097,1126.06,8.04804e-08,224.231,1417.07,1.14667e-07,253.813,1783.15,-1.71227e-07,287.297,2243.62,-2.88466e-07,325.198,2822.67,-4.33651e-07,368.098,3550.67,7.9318e-08,416.657,4465.65,3.13319e-07,471.621,5615.16,3.4613e-07,533.835,7058.61,-1.19199e-07,604.255,8870.02,-2.79964e-07,683.962,11141.4,-2.30521e-07,774.182,13986.7,-2.55099e-07,876.299,17546.4,1.23585e-07,991.883,21993.1,1.41192e-07,1122.71,27536.7,-9.71886e-08,1270.78,34430.7,-3.68368e-07,1438.38,42977.7,-3.45379e-07,1628.07,53532.7,-3.25328e-09,1842.77,66504.6,2.6362e-07,2085.77,82350.2,2.53445e-07,2360.79,101560,-2.47407e-08,2672.05,124632,-3.80602e-07,3024.31,152018,-4.79005e-07,3422.98,184060,-1.14379e-07,3874.15,220884,2.64297e-07,4384.72,262283,3.44131e-07,4962.49,307576,7.5349e-08,5616.29,355497,-3.63097e-07,6356.1,404126,-6.05442e-07,7193.18,450932,-2.72333e-07,8140.28,492963,2.29675e-07,9211.79,527178,4.3387e-07,10424,550893,-1.0711e-07,10.102,8.06553,2.81012,10.6436,8.57909,0.869423,11.5336,10.2515,0.270869,12.7211,12.7138,0.0844293,14.1823,15.9373,0.0263173,15.9122,20.0383,0.0082035,17.9198,25.2154,0.00255722,20.2244,31.7373,0.000797017,22.8539,39.9486,0.000248622,25.8438,50.2851,7.75492e-05,29.237,63.2963,2.42508e-05,33.0837,79.6738,7.67162e-06,37.4415,100.288,2.32837e-06,42.3767,126.236,7.33e-07,47.9646,158.896,2.79256e-07,54.2906,200.003,9.87351e-09,61.452,251.741,1.61085e-07,69.5585,316.859,-2.47141e-07,78.7347,398.812,8.93552e-08,89.1218,501.948,-2.53231e-07,100.879,631.736,-1.25047e-07,114.188,795.049,-1.78808e-07,129.252,1000.53,2.6733e-07,146.304,1259.03,4.50292e-07,165.605,1584.19,6.76904e-07,187.452,1993.12,-1.23808e-07,212.181,2507.27,-4.89068e-07,240.173,3153.54,-5.40284e-07,271.856,3965.56,1.86061e-07,307.719,4985.38,4.37004e-07,348.313,6265.4,3.59828e-07,394.26,7870.83,3.98192e-07,446.268,9882.51,-1.92908e-07,505.135,12400.3,-2.20392e-07,571.766,15546.9,1.51705e-07,647.184,19472.2,5.74996e-07,732.547,24357.4,5.39112e-07,829.167,30420,5.07815e-09,938.526,37916.3,-4.11492e-07,1062.3,47143.9,-3.9561e-07,1202.4,58439.2,3.86185e-08,1360.96,72169.3,5.94093e-07,1540.42,88715.8,7.47693e-07,1743.53,108445,1.78537e-07,1973.41,131665,-4.12549e-07,2233.57,158557,-5.37164e-07,2528,189103,-1.17615e-07,2861.2,222986,5.66769e-07,3238.27,259510,9.45053e-07,3664.97,297540,4.25093e-07,4147.81,335497,-3.58506e-07,4694.17,371444,-6.7724e-07,5312.37,403256,1.67192e-07,1.61744,3.89446,9.84394,3.28846,7.5504,12.774,5.07607,11.7187,13.6844,7.03202,16.8147,13.9681,9.20215,23.1769,14.0566,11.6301,31.1672,14.0841,14.3598,41.2186,14.0927,17.4376,53.8688,14.0954,20.9137,69.7915,14.0962,24.8432,89.8341,14.0965,29.2879,115.063,14.0966,34.3168,146.819,14.0966,40.0078,186.792,14.0966,46.4487,237.107,14.0966,53.7388,300.44,14.0966,61.9903,380.158,14.0966,71.3301,480.499,14.0966,81.902,606.796,14.0966,93.8685,765.761,14.0966,107.414,965.837,14.0966,122.746,1217.65,14.0966,140.101,1534.57,14.0966,159.745,1933.41,14.0966,181.981,2435.3,14.0966,207.15,3066.85,14.0966,235.64,3861.46,14.0966,267.889,4861.11,14.0966,304.391,6118.54,14.0966,345.709,7699.91,14.0966,392.478,9688.22,14.0966,445.417,12187.5,14.0966,505.339,15327.7,14.0966,573.165,19271.6,14.0966,649.938,24222,14.0966,736.839,30430.9,14.0966,835.202,38211.5,14.0966,946.539,47950.3,14.0966,1072.56,60122.8,14.0966,1215.21,75309.9,14.0966,1376.66,94216.2,14.0966,1559.41,117688,14.0966,1766.26,146729,14.0966,2000.39,182510,14.0966,2265.39,226372,14.0966,2565.33,279806,14.0966,2904.81,344416,14.0966,3289.05,421845,14.0966,3723.93,513667,14.0966,4216.13,621231,14.0966,4773.18,745478,14.0966,5403.64,886744,14.0966,6117.15,1.04457e+06,14.0966,6924.63,1.2176e+06,14.0966,11.7194,11.96,12.6541,13.9321,16.1295,13.6434,16.6097,21.9702,13.9553,19.7532,29.5285,14.0526,23.3844,39.1143,14.0829,27.5423,51.2054,14.0923,32.2796,66.434,14.0953,37.662,85.6061,14.0962,43.7675,109.74,14.0965,50.687,140.119,14.0966,58.5249,178.359,14.0966,67.4005,226.493,14.0966,77.4493,287.08,14.0966,88.8254,363.343,14.0966,101.703,459.336,14.0966,116.281,580.161,14.0966,132.782,732.241,14.0966,151.46,923.655,14.0966,172.603,1164.57,14.0966,196.535,1467.79,14.0966,223.625,1849.39,14.0966,254.288,2329.62,14.0966,288.997,2933.93,14.0966,328.285,3694.33,14.0966,372.755,4651.04,14.0966,423.092,5854.57,14.0966,480.07,7368.38,14.0966,544.564,9272.08,14.0966,617.566,11665.5,14.0966,700.197,14673.6,14.0966,793.729,18452.9,14.0966,899.599,23198.6,14.0966,1019.43,29154.1,14.0966,1155.07,36622.3,14.0966,1308.6,45977.9,14.0966,1482.39,57683.7,14.0966,1679.09,72307.8,14.0966,1901.73,90542.8,14.0966,2153.73,113226,14.0966,2438.97,141360,14.0966,2761.81,176127,14.0966,3127.22,218898,14.0966,3540.81,271226,14.0966,4008.92,334817,14.0966,4538.74,411470,14.0966,5138.38,502973,14.0966,5817.04,610948,14.0966,6585.12,736653,14.0966,7454.39,880741,14.0966,8438.15,1.04302e+06,14.0966,9551.45,1.22224e+06,14.0966,10811.3,1.41602e+06,14.0966,12237,1.62086e+06,14.0966,11.7194,11.96,12.6541,2.21263,4.16949,0.989383,2.67766,5.84076,0.311842,3.14343,7.55825,0.0972771,3.63127,9.58578,0.0303237,4.15787,12.0912,0.00945211,4.73731,15.2286,0.00294633,5.38238,19.1721,0.000918508,6.10553,24.134,0.000286163,6.91951,30.3791,8.92692e-05,7.83792,38.2397,2.78121e-05,8.87555,48.1338,8.65134e-06,10.0489,60.5876,2.7882e-06,11.3761,76.2629,8.29036e-07,12.8779,95.9927,2.4373e-07,14.5775,120.825,4.33068e-09,16.5012,152.08,1.75749e-07,18.6784,191.415,-1.86328e-07,21.1428,240.917,1.91829e-07,23.9322,303.213,-1.81475e-07,27.0895,381.602,7.0186e-08,30.6634,480.231,-2.86769e-08,34.7087,604.316,2.40784e-07,39.2876,760.401,9.87368e-08,44.4705,956.705,1.22263e-07,50.3371,1203.54,-4.31966e-07,56.9776,1513.81,-1.9705e-07,64.494,1903.69,-2.763e-08,73.0018,2393.4,3.9185e-07,82.6317,3008.13,1.35379e-07,93.5318,3779.25,-4.16351e-08,105.869,4745.7,2.06965e-08,119.834,5955.6,-3.18887e-07,135.641,7468.12,-1.48271e-08,153.531,9355.62,2.00739e-07,173.781,11705.8,2.28358e-07,196.701,14624.1,-1.93587e-08,222.642,18235,-2.88101e-07,252.003,22683.4,-2.24732e-07,285.234,28134,8.56806e-09,322.845,34767,2.34258e-07,365.413,42770.9,2.99668e-07,413.588,52327.9,8.28644e-08,468.111,63591.2,-3.07049e-07,529.814,76653.2,-3.1888e-07,599.642,91502.5,-6.72276e-08,678.662,107975,2.26339e-07,768.083,125705,3.69212e-07,869.267,144088,2.04077e-07,983.76,162277,-2.80509e-07,1113.3,179223,-4.22737e-07,1259.87,193777,-1.71951e-07,1425.68,204839,4.55555e-07,11.7194,11.96,12.6541,2.21263,4.16949,0.989383,2.67766,5.84076,0.311842,3.14343,7.55825,0.0972771,3.63127,9.58578,0.0303237,4.15787,12.0912,0.00945211,4.73731,15.2286,0.00294633,5.38238,19.1721,0.000918508,6.10553,24.134,0.000286163,6.91951,30.3791,8.92692e-05,7.83792,38.2397,2.78121e-05,8.87555,48.1338,8.65134e-06,10.0489,60.5876,2.7882e-06,11.3761,76.2629,8.29036e-07,12.8779,95.9927,2.4373e-07,14.5775,120.825,1e-08,16.5012,152.08,1.75749e-07,18.6784,191.415,1e-08,21.1428,240.917,1.91829e-07,23.9322,303.213,1e-08,27.0895,381.602,7.0186e-08,30.6634,480.231,1e-08,34.7087,604.316,2.40784e-07,39.2876,760.401,9.87368e-08,44.4705,956.705,1.22263e-07,50.3371,1203.54,1e-08,56.9776,1513.81,1e-08,64.494,1903.69,1e-08,73.0018,2393.4,3.9185e-07,82.6317,3008.13,1.35379e-07,93.5318,3779.25,1e-08,105.869,4745.7,2.06965e-08,119.834,5955.6,1e-08,135.641,7468.12,1e-08,153.531,9355.62,2.00739e-07,173.781,11705.8,2.28358e-07,196.701,14624.1,1e-08,222.642,18235,1e-08,252.003,22683.4,1e-08,285.234,28134,1e-08,322.845,34767,2.34258e-07,365.413,42770.9,2.99668e-07,413.588,52327.9,8.28644e-08,468.111,63591.2,1e-08,529.814,76653.2,1e-08,599.642,91502.5,1e-08,678.662,107975,2.26339e-07,768.083,125705,3.69212e-07,869.267,144088,2.04077e-07,983.76,162277,1e-08,1113.3,179223,1e-08,1259.87,193777,1e-08,1425.68,204839,4.55555e-07,6.2823,3.27286,2.43537,0.219672,6.18826,2.24117,0.56371,6.87772,2.63624,0.308279,3,15,14,1,4,0,3,6,0,1,8,0,2,26,0,2,13,0,3,14,0,4,24,0,10,47,0,4,57,0,6,21,0,18,45,0,6,22,0,18,57,0,5,128,0,11,88,0,17,266,0,17,126,0,17,332,0,13,296,0,20,292,0,19,223,0,23,852,0,39,687,0,52,553,0,22,1552,0,23,2099,0,63,2033,0,54,2741,0,170,5159,0,84,2453,0,88,5730,0,107,6360,0,38,6183,0,83,6701,0,264,16108,0,163,20596,0,91,13546,0,339,25837,0,380,19404,0,502,46408,0,378,50554,0,373,30396,0,899,85503,0,1116,88170,0,570,52880,0,623,143132,0,907,143072,0,813,110780,0,1181,171891,0,964,202920,0,811,114884,0,913,222697,0
-1.05176e+08,1,8.88811e-15,10,1023,0,1.05176e+08,0.528882,1.08665,0.389689,0.145397,0.379329,3.24381,0.161596,0.446195,1.77396,0.159177,1.15e+07,4.49998e+06,6.79999e+06,1.15e+07,4.49997e+06,6.79999e+06,1.15e+07,4.49996e+06,6.79999e+06,1.15e+07,4.49995e+06,6.79999e+06,1.14999e+07,4.49993e+06,6.79999e+06,1.14999e+07,4.49991e+06,6.79999e+06,1.14999e+07,4.49989e+06,6.79999e+06,1.14999e+07,4.49986e+06,6.79999e+06,1.14999e+07,4.49982e+06,6.79999e+06,1.14999e+07,4.49977e+06,6.79999e+06,1.14999e+07,4.49971e+06,6.79999e+06,1.14999e+07,4.49963e+06,6.79999e+06,1.14998e+07,4.49953e+06,6.79999e+06,1.14998e+07,4.49941e+06,6.79999e+06,1.14998e+07,4.49926e+06,6.79999e+06,1.14998e+07,4.49906e+06,6.79999e+06,1.14997e+07,4.49882e+06,6.79999e+06,1.14997e+07,4.49851e+06,6.79999e+06,1.14997e+07,4.49812e+06,6.79999e+06,1.14996e+07,4.49764e+06,6.79999e+06,1.14996e+07,4.49702e+06,6.79999e+06,1.14995e+07,4.49625e+06,6.79999e+06,1.14995e+07,4.49528e+06,6.79999e+06,1.14994e+07,4.49406e+06,6.79999e+06,1.14993e+07,4.49253e+06,6.79999e+06,1.14992e+07,4.49059e+06,6.79999e+06,1.14991e+07,4.48817e+06,6.79999e+06,1.1499e+07,4.48511e+06,6.79999e+06,1.14988e+07,4.48128e+06,6.79999e+06,1.14987e+07,4.47646e+06,6.79999e+06,1.14985e+07,4.47041e+06,6.79999e+06,1.14983e+07,4.46281e+06,6.79999e+06,1.14981e+07,4.4533e+06,6.79999e+06,1.14979e+07,4.44138e+06,6.79999e+06,1.14976e+07,4.42649e+06,6.79999e+06,1.14972e+07,4.40789e+06,6.79999e+06,1.14969e+07,4.38471e+06,6.79999e+06,1.14965e+07,4.35592e+06,6.79999e+06,1.1496e+07,4.32027e+06,6.79999e+06,1.14955e+07,4.27629e+06,6.79999e+06,1.14949e+07,4.22231e+06,6.79999e+06,1.14942e+07,4.15647e+06,6.79999e+06,1.14934e+07,4.07676e+06,6.79999e+06,1.14926e+07,3.98112e+06,6.79999e+06,1.14916e+07,3.86765e+06,6.79999e+06,1.14905e+07,3.73474e+06,6.79999e+06,1.14892e+07,3.58148e+06,6.79999e+06,1.14878e+07,3.40785e+06,6.79999e+06,1.14862e+07,3.21513e+06,6.79999e+06,1.14844e+07,3.00605e+06,6.79999e+06,1.14823e+07,2.7848e+06,6.79999e+06,1.148e+07,2.5568e+06,6.79999e+06,1.14773e+07,2.32825e+06,6.79999e+06,13.5742,8.52444,0.508366,16.8306,13.2585,0.162638,20.0035,17.569,0.0507846,23.2616,22.4214,0.0158319,26.7328,28.3297,0.00493498,30.5212,35.6974,0.00153831,34.7178,44.9473,0.000479527,39.4086,56.5822,0.000149456,44.6796,71.2245,4.66214e-05,50.6209,89.6543,1.45419e-05,57.3297,112.852,4.54748e-06,64.9129,142.051,1.43857e-06,73.4897,178.803,4.36618e-07,83.1934,225.062,1.40153e-07,94.1745,283.286,4.96378e-08,106.602,356.568,1.05434e-07,120.669,448.799,-6.49244e-08,136.59,564.873,1.70148e-07,154.611,710.948,-5.34594e-08,175.008,894.767,1.63407e-07,198.097,1126.06,8.04804e-08,224.231,1417.07,1.14667e-07,253.813,1783.15,-1.71227e-07,287.297,2243.62,-2.88466e-07,325.198,2822.67,-4.33651e-07,368.098,3550.67,7.9318e-08,416.657,4465.65,3.13319e-07,471.621,5615.16,3.4613e-07,533.835,7058.61,-1.19199e-07,604.255,8870.02,-2.79964e-07,683.962,11141.4,-2.30521e-07,774.182,13986.7,-2.55099e-07,876.299,17546.4,1.23585e-07,991.883,21993.1,1.41192e-07,1122.71,27536.7,-9.71886e-08,1270.78,34430.7,-3.68368e-07,1438.38,42977.7,-3.45379e-07,1628.07,53532.7,-3.25328e-09,1842.77,66504.6,2.6362e-07,2085.77,82350.2,2.53445e-07,2360.79,101560,-2.47407e-08,2672.05,124632,-3.80602e-07,3024.31,152018,-4.79005e-07,3422.98,184060,-1.14379e-07,3874.15,220884,2.64297e-07,4384.72,262283,3.44131e-07,4962.49,307576,7.5349e-08,5616.29,355497,-3.63097e-07,6356.1,404126,-6.05442e-07,7193.18,450932,-2.72333e-07,8140.28,492963,2.29675e-07,9211.79,527178,4.3387e-07,10424,550893,-1.0711e-07,10.102,8.06553,2.81012,10.6436,8.57909,0.869423,11.5336,10.2515,0.270869,12.7211,12.7138,0.0844293,14.1823,15.9373,0.0263173,15.9122,20.0383,0.0082035,17.9198,25.2154,0.00255722,20.2244,31.7373,0.000797017,22.8539,39.9486,0.000248622,25.8438,50.2851,7.75492e-05,29.237,63.2963,2.42508e-05,33.0837,79.6738,7.67162e-06,37.4415,100.288,2.32837e-06,42.3767,126.236,7.33e-07,47.9646,158.896,2.79256e-07,54.2906,200.003,9.87351e-09,61.452,251.741,1.61085e-07,69.5585,316.859,-2.47141e-07,78.7347,398.812,8.93552e-08,89.1218,501.948,-2.53231e-07,100.879,631.736,-1.25047e-07,114.188,795.049,-1.78808e-07,129.252,1000.53,2.6733e-07,146.304,1259.03,4.50292e-07,165.605,1584.19,6.76904e-07,187.452,1993.12,-1.23808e-07,212.181,2507.27,-4.89068e-07,240.173,3153.54,-5.40284e-07,271.856,3965.56,1.86061e-07,307.719,4985.38,4.37004e-07,348.313,6265.4,3.59828e-07,394.26,7870.83,3.98192e-07,446.268,9882.51,-1.92908e-07,505.135,12400.3,-2.20392e-07,571.766,15546.9,1.51705e-07,647.184,19472.2,5.74996e-07,732.547,24357.4,5.39112e-07,829.167,30420,5.07815e-09,938.526,37916.3,-4.11492e-07,1062.3,47143.9,-3.9561e-07,1202.4,58439.2,3.86185e-08,1360.96,72169.3,5.94093e-07,1540.42,88715.8,7.47693e-07,1743.53,108445,1.78537e-07,1973.41,131665,-4.12549e-07,2233.57,158557,-5.37164e-07,2528,189103,-1.17615e-07,2861.2,222986,5.66769e-07,3238.27,259510,9.45053e-07,3664.97,297540,4.25093e-07,4147.81,335497,-3.58506e-07,4694.17,371444,-6.7724e-07,5312.37,403256,1.67192e-07,1.61744,3.89446,9.84394,3.28846,7.5504,12.774,5.07607,11.7187,13.6844,7.03202,16.8147,13.9681,9.20215,23.1769,14.0566,11.6301,31.1672,14.0841,14.3598,41.2186,14.0927,17.4376,53.8688,14.0954,20.9137,69.7915,14.0962,24.8432,89.8341,14.0965,29.2879,115.063,14.0966,34.3168,146.819,14.0966,40.0078,186.792,14.0966,46.4487,237.107,14.0966,53.7388,300.44,14.0966,61.9903,380.158,14.0966,71.3301,480.499,14.0966,81.902,606.796,14.0966,93.8685,765.761,14.0966,107.414,965.837,14.0966,122.746,1217.65,14.0966,140.101,1534.57,14.0966,159.745,1933.41,14.0966,181.981,2435.3,14.0966,207.15,3066.85,14.0966,235.64,3861.46,14.0966,267.889,4861.11,14.0966,304.391,6118.54,14.0966,345.709,7699.91,14.0966,392.478,9688.22,14.0966,445.417,12187.5,14.0966,505.339,15327.7,14.0966,573.165,19271.6,14.0966,649.938,24222,14.0966,736.839,30430.9,14.0966,835.202,38211.5,14.0966,946.539,47950.3,14.0966,1072.56,60122.8,14.0966,1215.21,75309.9,14.0966,1376.66,94216.2,14.0966,1559.41,117688,14.0966,1766.26,146729,14.0966,2000.39,182510,14.0966,2265.39,226372,14.0966,2565.33,279806,14.0966,2904.81,344416,14.0966,3289.05,421845,14.0966,3723.93,513667,14.0966,4216.13,621231,14.0966,4773.18,745478,14.0966,5403.64,886744,14.0966,6117.15,1.04457e+06,14.0966,6924.63,1.2176e+06,14.0966,11.7194,11.96,12.6541,13.9321,16.1295,13.6434,16.6097,21.9702,13.9553,19.7532,29.5285,14.0526,23.3844,39.1143,14.0829,27.5423,51.2054,14.0923,32.2796,66.434,14.0953,37.662,85.6061,14.0962,43.7675,109.74,14.0965,50.687,140.119,14.0966,58.5249,178.359,14.0966,67.4005,226.493,14.0966,77.4493,287.08,14.0966,88.8254,363.343,14.0966,101.703,459.336,14.0966,116.281,580.161,14.0966,132.782,732.241,14.0966,151.46,923.655,14.0966,172.603,1164.57,14.0966,196.535,1467.79,14.0966,223.625,1849.39,14.0966,254.288,2329.62,14.0966,288.997,2933.93,14.0966,328.285,3694.33,14.0966,372.755,4651.04,14.0966,423.092,5854.57,14.0966,480.07,7368.38,14.0966,544.564,9272.08,14.0966,617.566,11665.5,14.0966,700.197,14673.6,14.0966,793.729,18452.9,14.0966,899.599,23198.6,14.0966,1019.43,29154.1,14.0966,1155.07,36622.3,14.0966,1308.6,45977.9,14.0966,1482.39,57683.7,14.0966,1679.09,72307.8,14.0966,1901.73,90542.8,14.0966,2153.73,113226,14.0966,2438.97,141360,14.0966,2761.81,176127,14.0966,3127.22,218898,14.0966,3540.81,271226,14.0966,4008.92,334817,14.0966,4538.74,411470,14.0966,5138.38,502973,14.0966,5817.04,610948,14.0966,6585.12,736653,14.0966,7454.39,880741,14.0966,8438.15,1.04302e+06,14.0966,9551.45,1.22224e+06,14.0966,10811.3,1.41602e+06,14.0966,12237,1.62086e+06,14.0966,11.7194,11.96,12.6541,2.21263,4.16949,0.989383,2.67766,5.84076,0.311842,3.14343,7.55825,0.0972771,3.63127,9.58578,0.0303237,4.15787,12.0912,0.00945211,4.73731,15.2286,0.00294633,5.38238,19.1721,0.000918508,6.10553,24.134,0.000286163,6.91951,30.3791,8.92692e-05,7.83792,38.2397,2.78121e-05,8.87555,48.1338,8.65134e-06,10.0489,60.5876,2.7882e-06,11.3761,76.2629,8.29036e-07,12.8779,95.9927,2.4373e-07,14.5775,120.825,4.33068e-09,16.5012,152.08,1.75749e-07,18.6784,191.415,-1.86328e-07,21.1428,240.917,1.91829e-07,23.9322,303.213,-1.81475e-07,27.0895,381.602,7.0186e-08,30.6634,480.231,-2.86769e-08,34.7087,604.316,2.40784e-07,39.2876,760.401,9.87368e-08,44.4705,956.705,1.22263e-07,50.3371,1203.54,-4.31966e-07,56.9776,1513.81,-1.9705e-07,64.494,1903.69,-2.763e-08,73.0018,2393.4,3.9185e-07,82.6317,3008.13,1.35379e-07,93.5318,3779.25,-4.16351e-08,105.869,4745.7,2.06965e-08,119.834,5955.6,-3.18887e-07,135.641,7468.12,-1.48271e-08,153.531,9355.62,2.00739e-07,173.781,11705.8,2.28358e-07,196.701,14624.1,-1.93587e-08,222.642,18235,-2.88101e-07,252.003,22683.4,-2.24732e-07,285.234,28134,8.56806e-09,322.845,34767,2.34258e-07,365.413,42770.9,2.99668e-07,413.588,52327.9,8.28644e-08,468.111,63591.2,-3.07049e-07,529.814,76653.2,-3.1888e-07,599.642,91502.5,-6.72276e-08,678.662,107975,2.26339e-07,768.083,125705,3.69212e-07,869.267,144088,2.04077e-07,983.76,162277,-2.80509e-07,1113.3,179223,-4.22737e-07,1259.87,193777,-1.71951e-07,1425.68,204839,4.55555e-07,11.7194,11.96,12.6541,2.21263,4.16949,0.989383,2.67766,5.84076,0.311842,3.14343,7.55825,0.0972771,3.63127,9.58578,0.0303237,4.15787,12.0912,0.00945211,4.73731,15.2286,0.00294633,5.38238,19.1721,0.000918508,6.10553,24.134,0.000286163,6.91951,30.3791,8.92692e-05,7.83792,38.2397,2.78121e-05,8.87555,48.1338,8.65134e-06,10.0489,60.5876,2.7882e-06,11.3761,76.2629,8.29036e-07,12.8779,95.9927,2.4373e-07,14.5775,120.825,1e-08,16.5012,152.08,1.75749e-07,18.6784,191.415,1e-08,21.1428,240.917,1.91829e-07,23.9322,303.213,1e-08,27.0895,381.602,7.0186e-08,30.6634,480.231,1e-08,34.7087,604.316,2.40784e-07,39.2876,760.401,9.87368e-08,44.4705,956.705,1.22263e-07,50.3371,1203.54,1e-08,56.9776,1513.81,1e-08,64.494,1903.69,1e-08,73.0018,2393.4,3.9185e-07,82.6317,3008.13,1.35379e-07,93.5318,3779.25,1e-08,105.869,4745.7,2.06965e-08,119.834,5955.6,1e-08,135.641,7468.12,1e-08,153.531,9355.62,2.00739e-07,173.781,11705.8,2.28358e-07,196.701,14624.1,1e-08,222.642,18235,1e-08,252.003,22683.4,1e-08,285.234,28134,1e-08,322.845,34767,2.34258e-07,365.413,42770.9,2.99668e-07,413.588,52327.9,8.28644e-08,468.111,63591.2,1e-08,529.814,76653.2,1e-08,599.642,91502.5,1e-08,678.662,107975,2.26339e-07,768.083,125705,3.69212e-07,869.267,144088,2.04077e-07,983.76,162277,1e-08,1113.3,179223,1e-08,1259.87,193777,1e-08,1425.68,204839,4.55555e-07,6.2823,3.27286,2.43537,0.219672,6.18826,2.24117,0.56371,6.87772,2.63624,0.308279,5,18,3,4,2,2,1,6,0,4,4,0,1,9,0,4,5,0,6,14,0,1,25,0,2,40,0,11,18,0,13,36,0,6,34,0,5,47,0,23,109,0,14,196,0,21,52,0,40,65,0,24,152,0,15,165,0,37,306,0,24,211,0,17,569,0,29,239,0,42,842,0,29,928,0,29,3010,0,47,2248,0,80,1608,0,106,1503,0,109,3322,0,130,3317,0,124,3347,0,134,5221,0,127,9608,0,247,11444,0,252,18275,0,114,15775,0,237,11562,0,138,23814,0,199,20011,0,236,39264,0,223,86858,0,792,54793,0,587,67473,0,704,51367,0,1010,80868,0,274,47999,0,581,115995,0,770,207068,0,1212,103473,0,1441,155724,0,1544,120643,0,291,99005,0
-1.05176e+08,1,8.88811e-15,10,1023,0,1.05176e+08,0.528882,1.08665,0.389689,0.145397,0.379329,3.24381,0.161596,0.446195,1.77396,0.159177,1.15e+07,4.49998e+06,6.79999e+06,1.15e+07,4.49997e+06,6.79999e+06,1.15e+07,4.49996e+06,6.79999e+06,1.15e+07,4.49995e+06,6.79999e+06,1.14999e+07,4.49993e+06,6.79999e+06,1.14999e+07,4.49991e+06,6.79999e+06,1.14999e+07,4.49989e+06,6.79999e+06,1.14999e+07,4.49986e+06,6.79999e+06,1.14999e+07,4.49982e+06,6.79999e+06,1.14999e+07,4.49977e+06,6.79999e+06,1.14999e+07,4.49971e+06,6.79999e+06,1.14999e+07,4.49963e+06,6.79999e+06,1.14998e+07,4.49953e+06,6.79999e+06,1.14998e+07,4.49941e+06,6.79999e+06,1.14998e+07,4.49926e+06,6.79999e+06,1.14998e+07,4.49906e+06,6.79999e+06,1.14997e+07,4.49882e+06,6.79999e+06,1.14997e+07,4.49851e+06,6.79999e+06,1.14997e+07,4.49812e+06,6.79999e+06,1.14996e+07,4.49764e+06,6.79999e+06,1.14996e+07,4.49702e+06,6.79999e+06,1.14995e+07,4.49625e+06,6.79999e+06,1.14995e+07,4.49528e+06,6.79999e+06,1.14994e+07,4.49406e+06,6.79999e+06,1.14993e+07,4.49253e+06,6.79999e+06,1.14992e+07,4.49059e+06,6.79999e+06,1.14991e+07,4.48817e+06,6.79999e+06,1.1499e+07,4.48511e+06,6.79999e+06,1.14988e+07,4.48128e+06,6.79999e+06,1.14987e+07,4.47646e+06,6.79999e+06,1.14985e+07,4.47041e+06,6.79999e+06,1.14983e+07,4.46281e+06,6.79999e+06,1.14981e+07,4.4533e+06,6.79999e+06,1.14979e+07,4.44138e+06,6.79999e+06,1.14976e+07,4.42649e+06,6.79999e+06,1.14972e+07,4.40789e+06,6.79999e+06,1.14969e+07,4.38471e+06,6.79999e+06,1.14965e+07,4.35592e+06,6.79999e+06,1.1496e+07,4.32027e+06,6.79999e+06,1.14955e+07,4.27629e+06,6.79999e+06,1.14949e+07,4.22231e+06,6.79999e+06,1.14942e+07,4.15647e+06,6.79999e+06,1.14934e+07,4.07676e+06,6.79999e+06,1.14926e+07,3.98112e+06,6.79999e+06,1.14916e+07,3.86765e+06,6.79999e+06,1.14905e+07,3.73474e+06,6.79999e+06,1.14892e+07,3.58148e+06,6.79999e+06,1.14878e+07,3.40785e+06,6.79999e+06,1.14862e+07,3.21513e+06,6.79999e+06,1.14844e+07,3.00605e+06,6.79999e+06,1.14823e+07,2.7848e+06,6.79999e+06,1.148e+07,2.5568e+06,6.79999e+06,1.14773e+07,2.32825e+06,6.79999e+06,13.5742,8.52444,0.508366,16.8306,13.2585,0.162638,20.0035,17.569,0.0507846,23.2616,22.4214,0.0158319,26.7328,28.3297,0.00493498,30.5212,35.6974,0.00153831,34.7178,44.9473,0.000479527,39.4086,56.5822,0.000149456,44.6796,71.2245,4.66214e-05,50.6209,89.6543,1.45419e-05,57.3297,112.852,4.54748e-06,64.9129,142.051,1.43857e-06,73.4897,178.803,4.36618e-07,83.1934,225.062,1.40153e-07,94.1745,283.286,4.96378e-08,106.602,356.568,1.05434e-07,120.669,448.799,-6.49244e-08,136.59,564.873,1.70148e-07,154.611,710.948,-5.34594e-08,175.008,894.767,1.63407e-07,198.097,1126.06,8.04804e-08,224.231,1417.07,1.14667e-07,253.813,1783.15,-1.71227e-07,287.297,2243.62,-2.88466e-07,325.198,2822.67,-4.33651e-07,368.098,3550.67,7.9318e-08,416.657,4465.65,3.13319e-07,471.621,5615.16,3.4613e-07,533.835,7058.61,-1.19199e-07,604.255,8870.02,-2.79964e-07,683.962,11141.4,-2.30521e-07,774.182,13986.7,-2.55099e-07,876.299,17546.4,1.23585e-07,991.883,21993.1,1.41192e-07,1122.71,27536.7,-9.71886e-08,1270.78,34430.7,-3.68368e-07,1438.38,42977.7,-3.45379e-07,1628.07,53532.7,-3.25328e-09,1842.77,66504.6,2.6362e-07,2085.77,82350.2,2.53445e-07,2360.79,101560,-2.47407e-08,2672.05,124632,-3.80602e-07,3024.31,152018,-4.79005e-07,3422.98,184060,-1.14379e-07,3874.15,220884,2.64297e-07,4384.72,262283,3.44131e-07,4962.49,307576,7.5349e-08,5616.29,355497,-3.63097e-07,6356.1,404126,-6.05442e-07,7193.18,450932,-2.72333e-07,8140.28,492963,2.29675e-07,9211.79,527178,4.3387e-07,10424,550893,-1.0711e-07,10.102,8.06553,2.81012,10.6436,8.57909,0.869423,11.5336,10.2515,0.270869,12.7211,12.7138,0.0844293,14.1823,15.9373,0.0263173,15.9122,20.0383,0.0082035,17.9198,25.2154,0.00255722,20.2244,31.7373,0.000797017,22.8539,39.9486,0.000248622,25.8438,50.2851,7.75492e-05,29.237,63.2963,2.42508e-05,33.0837,79.6738,7.67162e-06,37.4415,100.288,2.32837e-06,42.3767,126.236,7.33e-07,47.9646,158.896,2.79256e-07,54.2906,200.003,9.87351e-09,61.452,251.741,1.61085e-07,69.5585,316.859,-2.47141e-07,78.7347,398.812,8.93552e-08,89.1218,501.948,-2.53231e-07,100.879,631.736,-1.25047e-07,114.188,795.049,-1.78808e-07,129.252,1000.53,2.6733e-07,146.304,1259.03,4.50292e-07,165.605,1584.19,6.76904e-07,187.452,1993.12,-1.23808e-07,212.181,2507.27,-4.89068e-07,240.173,3153.54,-5.40284e-07,271.856,3965.56,1.86061e-07,307.719,4985.38,4.37004e-07,348.313,6265.4,3.59828e-07,394.26,7870.83,3.98192e-07,446.268,9882.51,-1.92908e-07,505.135,12400.3,-2.20392e-07,571.766,15546.9,1.51705e-07,647.184,19472.2,5.74996e-07,732.547,24357.4,5.39112e-07,829.167,30420,5.07815e-09,938.526,37916.3,-4.11492e-07,1062.3,47143.9,-3.9561e-07,1202.4,58439.2,3.86185e-08,1360.96,72169.3,5.94093e-07,1540.42,88715.8,7.47693e-07,1743.53,108445,1.78537e-07,1973.41,131665,-4.12549e-07,2233.57,158557,-5.37164e-07,2528,189103,-1.17615e-07,2861.2,222986,5.66769e-07,3238.27,259510,9.45053e-07,3664.97,297540,4.25093e-07,4147.81,335497,-3.58506e-07,4694.17,371444,-6.7724e-07,5312.37,403256,1.67192e-07,1.61744,3.89446,9.84394,3.28846,7.5504,12.774,5.07607,11.7187,13.6844,7.03202,16.8147,13.9681,9.20215,23.1769,14.0566,11.6301,31.1672,14.0841,14.3598,41.2186,14.0927,17.4376,53.8688,14.0954,20.9137,69.7915,14.0962,24.8432,89.8341,14.0965,29.2879,115.063,14.0966,34.3168,146.819,14.0966,40.0078,186.792,14.0966,46.4487,237.107,14.0966,53.7388,300.44,14.0966,61.9903,380.158,14.0966,71.3301,480.499,14.0966,81.902,606.796,14.0966,93.8685,765.761,14.0966,107.414,965.837,14.0966,122.746,1217.65,14.0966,140.101,1534.57,14.0966,159.745,1933.41,14.0966,181.981,2435.3,14.0966,207.15,3066.85,14.0966,235.64,3861.46,14.0966,267.889,4861.11,14.0966,304.391,6118.54,14.0966,345.709,7699.91,14.0966,392.478,9688.22,14.0966,445.417,12187.5,14.0966,505.339,15327.7,14.0966,573.165,19271.6,14.0966,649.938,24222,14.0966,736.839,30430.9,14.0966,835.202,38211.5,14.0966,946.539,47950.3,14.0966,1072.56,60122.8,14.0966,1215.21,75309.9,14.0966,1376.66,94216.2,14.0966,1559.41,117688,14.0966,1766.26,146729,14.0966,2000.39,182510,14.0966,2265.39,226372,14.0966,2565.33,279806,14.0966,2904.81,344416,14.0966,3289.05,421845,14.0966,3723.93,513667,14.0966,4216.13,621231,14.0966,4773.18,745478,14.0966,5403.64,886744,14.0966,6117.15,1.04457e+06,14.0966,6924.63,1.2176e+06,14.0966,11.7194,11.96,12.6541,13.9321,16.1295,13.6434,16.6097,21.9702,13.9553,19.7532,29.5285,14.0526,23.3844,39.1143,14.0829,27.5423,51.2054,14.0923,32.2796,66.434,14.0953,37.662,85.6061,14.0962,43.7675,109.74,14.0965,50.687,140.119,14.0966,58.5249,178.359,14.0966,67.4005,226.493,14.0966,77.4493,287.08,14.0966,88.8254,363.343,14.0966,101.703,459.336,14.0966,116.281,580.161,14.0966,132.782,732.241,14.0966,151.46,923.655,14.0966,172.603,1164.57,14.0966,196.535,1467.79,14.0966,223.625,1849.39,14.0966,254.288,2329.62,14.0966,288.997,2933.93,14.0966,328.285,3694.33,14.0966,372.755,4651.04,14.0966,423.092,5854.57,14.0966,480.07,7368.38,14.0966,544.564,9272.08,14.0966,617.566,11665.5,14.0966,700.197,14673.6,14.0966,793.729,18452.9,14.0966,899.599,23198.6,14.0966,1019.43,29154.1,14.0966,1155.07,36622.3,14.0966,1308.6,45977.9,14.0966,1482.39,57683.7,14.0966,1679.09,72307.8,14.0966,1901.73,90542.8,14.0966,2153.73,113226,14.0966,2438.97,141360,14.0966,2761.81,176127,14.0966,3127.22,218898,14.0966,3540.81,271226,14.0966,4008.92,334817,14.0966,4538.74,411470,14.0966,5138.38,502973,14.0966,5817.04,610948,14.0966,6585.12,736653,14.0966,7454.39,880741,14.0966,8438.15,1.04302e+06,14.0966,9551.45,1.22224e+06,14.0966,10811.3,1.41602e+06,14.0966,12237,1.62086e+06,14.0966,11.7194,11.96,12.6541,2.21263,4.16949,0.989383,2.67766,5.84076,0.311842,3.14343,7.55825,0.0972771,3.63127,9.58578,0.0303237,4.15787,12.0912,0.00945211,4.73731,15.2286,0.00294633,5.38238,19.1721,0.000918508,6.10553,24.134,0.000286163,6.91951,30.3791,8.92692e-05,7.83792,38.2397,2.78121e-05,8.87555,48.1338,8.65134e-06,10.0489,60.5876,2.7882e-06,11.3761,76.2629,8.29036e-07,12.8779,95.9927,2.4373e-07,14.5775,120.825,4.33068e-09,16.5012,152.08,1.75749e-07,18.6784,191.415,-1.86328e-07,21.1428,240.917,1.91829e-07,23.9322,303.213,-1.81475e-07,27.0895,381.602,7.0186e-08,30.6634,480.231,-2.86769e-08,34.7087,604.316,2.40784e-07,39.2876,760.401,9.87368e-08,44.4705,956.705,1.22263e-07,50.3371,1203.54,-4.31966e-07,56.9776,1513.81,-1.9705e-07,64.494,1903.69,-2.763e-08,73.0018,2393.4,3.9185e-07,82.6317,3008.13,1.35379e-07,93.5318,3779.25,-4.16351e-08,105.869,4745.7,2.06965e-08,119.834,5955.6,-3.18887e-07,135.641,7468.12,-1.48271e-08,153.531,9355.62,2.00739e-07,173.781,11705.8,2.28358e-07,196.701,14624.1,-1.93587e-08,222.642,18235,-2.88101e-07,252.003,22683.4,-2.24732e-07,285.234,28134,8.56806e-09,322.845,34767,2.34258e-07,365.413,42770.9,2.99668e-07,413.588,52327.9,8.28644e-08,468.111,63591.2,-3.07049e-07,529.814,76653.2,-3.1888e-07,599.642,91502.5,-6.72276e-08,678.662,107975,2.26339e-07,768.083,125705,3.69212e-07,869.267,144088,2.04077e-07,983.76,162277,-2.80509e-07,1113.3,179223,-4.22737e-07,1259.87,193777,-1.71951e-07,1425.68,204839,4.55555e-07,11.7194,11.96,12.6541,2.21263,4.16949,0.989383,2.67766,5.84076,0.311842,3.14343,7.55825,0.0972771,3.63127,9.58578,0.0303237,4.15787,12.0912,0.00945211,4.73731,15.2286,0.00294633,5.38238,19.1721,0.000918508,6.10553,24.134,0.000286163,6.91951,30.3791,8.92692e-05,7.83792,38.2397,2.78121e-05,8.87555,48.1338,8.65134e-06,10.0489,60.5876,2.7882e-06,11.3761,76.2629,8.29036e-07,12.8779,95.9927,2.4373e-07,14.5775,120.825,1e-08,16.5012,152.08,1.75749e-07,18.6784,191.415,1e-08,21.1428,240.917,1.91829e-07,23.9322,303.213,1e-08,27.0895,381.602,7.0186e-08,30.6634,480.231,1e-08,34.7087,604.316,2.40784e-07,39.2876,760.401,9.87368e-08,44.4705,956.705,1.22263e-07,50.3371,1203.54,1e-08,56.9776,1513.81,1e-08,64.494,1903.69,1e-08,73.0018,2393.4,3.9185e-07,82.6317,3008.13,1.35379e-07,93.5318,3779.25,1e-08,105.869,4745.7,2.06965e-08,119.834,5955.6,1e-08,135.641,7468.12,1e-08,153.531,9355.62,2.00739e-07,173.781,11705.8,2.28358e-07,196.701,14624.1,1e-08,222.642,18235,1e-08,252.003,22683.4,1e-08,285.234,28134,1e-08,322.845,34767,2.34258e-07,365.413,42770.9,2.99668e-07,413.588,52327.9,8.28644e-08,468.111,63591.2,1e-08,529.814,76653.2,1e-08,599.642,91502.5,1e-08,678.662,107975,2.26339e-07,768.083,125705,3.69212e-07,869.267,144088,2.04077e-07,983.76,162277,1e-08,1113.3,179223,1e-08,1259.87,193777,1e-08,1425.68,204839,4.55555e-07,6.2823,3.27286,2.43537,0.219672,6.18826,2.24117,0.56371,6.87772,2.63624,0.308279,16,9,8,1,6,1,4,5,0,1,15,0,4,11,0,4,10,0,6,15,0,7,18,0,5,41,0,10,24,0,11,23,0,1,30,0,9,84,0,9,53,0,9,127,0,20,110,0,6,283,0,22,125,0,12,313,0,24,273,0,30,700,0,17,517,0,34,520,0,34,312,0,34,875,0,52,1802,0,18,2347,0,31,1299,0,46,3649,0,119,1735,0,77,6445,0,138,7926,0,146,3381,0,145,9583,0,180,11162,0,200,6106,0,308,16562,0,344,9463,0,321,19623,0,273,59692,0,397,43164,0,191,30153,0,277,75515,0,421,63821,0,306,46543,0,718,69743,0,1134,89682,0,1182,183033,0,563,141920,0,1068,198089,0,828,153392,0,1130,110426,0,1024,251456,0
-1.05176e+08,1,8.88811e-15,10,1023,0,1.05176e+08,0.528882,1.08665,0.389689,0.145397,0.379329,3.24381,0.161596,0.446195,1.77396,0.159177,1.15e+07,4.49998e+06,6.79999e+06,1.15e+07,4.49997e+06,6.79999e+06,1.15e+07,4.49996e+06,6.79999e+06,1.15e+07,4.49995e+06,6.79999e+06,1.14999e+07,4.49993e+06,6.79999e+06,1.14999e+07,4.49991e+06,6.79999e+06,1.14999e+07,4.49989e+06,6.79999e+06,1.14999e+07,4.49986e+06,6.79999e+06,1.14999e+07,4.49982e+06,6.79999e+06,1.14999e+07,4.49977e+06,6.79999e+06,1.14999e+07,4.49971e+06,6.79999e+06,1.14999e+07,4.49963e+06,6.79999e+06,1.14998e+07,4.49953e+06,6.79999e+06,1.14998e+07,4.49941e+06,6.79999e+06,1.14998e+07,4.49926e+06,6.79999e+06,1.14998e+07,4.49906e+06,6.79999e+06,1.14997e+07,4.49882e+06,6.79999e+06,1.14997e+07,4.49851e+06,6.79999e+06,1.14997e+07,4.49812e+06,6.79999e+06,1.14996e+07,4.49764e+06,6.79999e+06,1.14996e+07,4.49702e+06,6.79999e+06,1.14995e+07,4.49625e+06,6.79999e+06,1.14995e+07,4.49528e+06,6.79999e+06,1.14994e+07,4.49406e+06,6.79999e+06,1.14993e+07,4.49253e+06,6.79999e+06,1.14992e+07,4.49059e+06,6.79999e+06,1.14991e+07,4.48817e+06,6.79999e+06,1.1499e+07,4.48511e+06,6.79999e+06,1.14988e+07,4.48128e+06,6.79999e+06,1.14987e+07,4.47646e+06,6.79999e+06,1.14985e+07,4.47041e+06,6.79999e+06,1.14983e+07,4.46281e+06,6.79999e+06,1.14981e+07,4.4533e+06,6.79999e+06,1.14979e+07,4.44138e+06,6.79999e+06,1.14976e+07,4.42649e+06,6.79999e+06,1.14972e+07,4.40789e+06,6.79999e+06,1.14969e+07,4.38471e+06,6.79999e+06,1.14965e+07,4.35592e+06,6.79999e+06,1.1496e+07,4.32027e+06,6.79999e+06,1.14955e+07,4.27629e+06,6.79999e+06,1.14949e+07,4.22231e+06,6.79999e+06,1.14942e+07,4.15647e+06,6.79999e+06,1.14934e+07,4.07676e+06,6.79999e+06,1.14926e+07,3.98112e+06,6.79999e+06,1.14916e+07,3.86765e+06,6.79999e+06,1.14905e+07,3.73474e+06,6.79999e+06,1.14892e+07,3.58148e+06,6.79999e+06,1.14878e+07,3.40785e+06,6.79999e+06,1.14862e+07,3.21513e+06,6.79999e+06,1.14844e+07,3.00605e+06,6.79999e+06,1.14823e+07,2.7848e+06,6.79999e+06,1.148e+07,2.5568e+06,6.79999e+06,1.14773e+07,2.32825e+06,6.79999e+06,13.5742,8.52444,0.508366,16.8306,13.2585,0.162638,20.0035,17.569,0.0507846,23.2616,22.4214,0.0158319,26.7328,28.3297,0.00493498,30.5212,35.6974,0.00153831,34.7178,44.9473,0.000479527,39.4086,56.5822,0.000149456,44.6796,71.2245,4.66214e-05,50.6209,89.6543,1.45419e-05,57.3297,112.852,4.54748e-06,64.9129,142.051,1.43857e-06,73.4897,178.803,4.36618e-07,83.1934,225.062,1.40153e-07,94.1745,283.286,4.96378e-08,106.602,356.568,1.05434e-07,120.669,448.799,-6.49244e-08,136.59,564.873,1.70148e-07,154.611,710.948,-5.34594e-08,175.008,894.767,1.63407e-07,198.097,1126.06,8.04804e-08,224.231,1417.07,1.14667e-07,253.813,1783.15,-1.71227e-07,287.297,2243.62,-2.88466e-07,325.198,2822.67,-4.33651e-07,368.098,3550.67,7.9318e-08,416.657,4465.65,3.13319e-07,471.621,5615.16,3.4613e-07,533.835,7058.61,-1.19199e-07,604.255,8870.02,-2.79964e-07,683.962,11141.4,-2.30521e-07,774.182,13986.7,-2.55099e-07,876.299,17546.4,1.23585e-07,991.883,21993.1,1.41192e-07,1122.71,27536.7,-9.71886e-08,1270.78,34430.7,-3.68368e-07,1438.38,42977.7,-3.45379e-07,1628.07,53532.7,-3.25328e-09,1842.77,66504.6,2.6362e-07,2085.77,82350.2,2.53445e-07,2360.79,101560,-2.47407e-08,2672.05,124632,-3.80602e-07,3024.31,152018,-4.79005e-07,3422.98,184060,-1.14379e-07,3874.15,220884,2.64297e-07,4384.72,262283,3.44131e-07,4962.49,307576,7.5349e-08,5616.29,355497,-3.63097e-07,6356.1,404126,-6.05442e-07,7193.18,450932,-2.72333e-07,8140.28,492963,2.29675e-07,9211.79,527178,4.3387e-07,10424,550893,-1.0711e-07,10.102,8.06553,2.81012,10.6436,8.57909,0.869423,11.5336,10.2515,0.270869,12.7211,12.7138,0.0844293,14.1823,15.9373,0.0263173,15.9122,20.0383,0.0082035,17.9198,25.2154,0.00255722,20.2244,31.7373,0.000797017,22.8539,39.9486,0.000248622,25.8438,50.2851,7.75492e-05,29.237,63.2963,2.42508e-05,33.0837,79.6738,7.67162e-06,37.4415,100.288,2.32837e-06,42.3767,126.236,7.33e-07,47.9646,158.896,2.79256e-07,54.2906,200.003,9.87351e-09,61.452,251.741,1.61085e-07,69.5585,316.859,-2.47141e-07,78.7347,398.812,8.93552e-08,89.1218,501.948,-2.53231e-07,100.879,631.736,-1.25047e-07,114.188,795.049,-1.78808e-07,129.252,1000.53,2.6733e-07,146.304,1259.03,4.50292e-07,165.605,1584.19,6.76904e-07,187.452,1993.12,-1.23808e-07,212.181,2507.27,-4.89068e-07,240.173,3153.54,-5.40284e-07,271.856,3965.56,1.86061e-07,307.719,4985.38,4.37004e-07,348.313,6265.4,3.59828e-07,394.26,7870.83,3.98192e-07,446.268,9882.51,-1.92908e-07,505.135,12400.3,-2.20392e-07,571.766,15546.9,1.51705e-07,647.184,19472.2,5.74996e-07,732.547,24357.4,5.39112e-07,829.167,30420,5.07815e-09,938.526,37916.3,-4.11492e-07,1062.3,47143.9,-3.9561e-07,1202.4,58439.2,3.86185e-08,1360.96,72169.3,5.94093e-07,1540.42,88715.8,7.47693e-07,1743.53,108445,1.78537e-07,1973.41,131665,-4.12549e-07,2233.57,158557,-5.37164e-07,2528,189103,-1.17615e-07,2861.2,222986,5.66769e-07,3238.27,259510,9.45053e-07,3664.97,297540,4.25093e-07,4147.81,335497,-3.58506e-07,4694.17,371444,-6.7724e-07,5312.37,403256,1.67192e-07,1.61744,3.89446,9.84394,3.28846,7.5504,12.774,5.07607,11.7187,13.6844,7.03202,16.8147,13.9681,9.20215,23.1769,14.0566,11.6301,31.1672,14.0841,14.3598,41.2186,14.0927,17.4376,53.8688,14.0954,20.9137,69.7915,14.0962,24.8432,89.8341,14.0965,29.2879,115.063,14.0966,34.3168,146.819,14.0966,40.0078,186.792,14.0966,46.4487,237.107,14.0966,53.7388,300.44,14.0966,61.9903,380.158,14.0966,71.3301,480.499,14.0966,81.902,606.796,14.0966,93.8685,765.761,14.0966,107.414,965.837,14.0966,122.746,1217.65,14.0966,140.101,1534.57,14.0966,159.745,1933.41,14.0966,181.981,2435.3,14.0966,207.15,3066.85,14.0966,235.64,3861.46,14.0966,267.889,4861.11,14.0966,304.391,6118.54,14.0966,345.709,7699.91,14.0966,392.478,9688.22,14.0966,445.417,12187.5,14.0966,505.339,15327.7,14.0966,573.165,19271.6,14.0966,649.938,24222,14.0966,736.839,30430.9,14.0966,835.202,38211.5,14.0966,946.539,47950.3,14.0966,1072.56,60122.8,14.0966,1215.21,75309.9,14.0966,1376.66,94216.2,14.0966,1559.41,117688,14.0966,1766.26,146729,14.0966,2000.39,182510,14.0966,2265.39,226372,14.0966,2565.33,279806,14.0966,2904.81,344416,14.0966,3289.05,421845,14.0966,3723.93,513667,14.0966,4216.13,621231,14.0966,4773.18,745478,14.0966,5403.64,886744,14.0966,6117.15,1.04457e+06,14.0966,6924.63,1.2176e+06,14.0966,11.7194,11.96,12.6541,13.9321,16.1295,13.6434,16.6097,21.9702,13.9553,19.7532,29.5285,14.0526,23.3844,39.1143,14.0829,27.5423,51.2054,14.0923,32.2796,66.434,14.0953,37.662,85.6061,14.0962,43.7675,109.74,14.0965,50.687,140.119,14.0966,58.5249,178.359,14.0966,67.4005,226.493,14.0966,77.4493,287.08,14.0966,88.8254,363.343,14.0966,101.703,459.336,14.0966,116.281,580.161,14.0966,132.782,732.241,14.0966,151.46,923.655,14.0966,172.603,1164.57,14.0966,196.535,1467.79,14.0966,223.625,1849.39,14.0966,254.288,2329.62,14.0966,288.997,2933.93,14.0966,328.285,3694.33,14.0966,372.755,4651.04,14.0966,423.092,5854.57,14.0966,480.07,7368.38,14.0966,544.564,9272.08,14.0966,617.566,11665.5,14.0966,700.197,14673.6,14.0966,793.729,18452.9,14.0966,899.599,23198.6,14.0966,1019.43,29154.1,14.0966,1155.07,36622.3,14.0966,1308.6,45977.9,14.0966,1482.39,57683.7,14.0966,1679.09,72307.8,14.0966,1901.73,90542.8,14.0966,2153.73,113226,14.0966,2438.97,141360,14.0966,2761.81,176127,14.0966,3127.22,218898,14.0966,3540.81,271226,14.0966,4008.92,334817,14.0966,4538.74,411470,14.0966,5138.38,502973,14.0966,5817.04,610948,14.0966,6585.12,736653,14.0966,7454.39,880741,14.0966,8438.15,1.04302e+06,14.0966,9551.45,1.22224e+06,14.0966,10811.3,1.41602e+06,14.0966,12237,1.62086e+06,14.0966,11.7194,11.96,12.6541,2.21263,4.16949,0.989383,2.67766,5.84076,0.311842,3.14343,7.55825,0.0972771,3.63127,9.58578,0.0303237,4.15787,12.0912,0.00945211,4.73731,15.2286,0.00294633,5.38238,19.1721,0.000918508,6.10553,24.134,0.000286163,6.91951,30.3791,8.92692e-05,7.83792,38.2397,2.78121e-05,8.87555,48.1338,8.65134e-06,10.0489,60.5876,2.7882e-06,11.3761,76.2629,8.29036e-07,12.8779,95.9927,2.4373e-07,14.5775,120.825,4.33068e-09,16.5012,152.08,1.75749e-07,18.6784,191.415,-1.86328e-07,21.1428,240.917,1.91829e-07,23.9322,303.213,-1.81475e-07,27.0895,381.602,7.0186e-08,30.6634,480.231,-2.86769e-08,34.7087,604.316,2.40784e-07,39.2876,760.401,9.87368e-08,44.4705,956.705,1.22263e-07,50.3371,1203.54,-4.31966e-07,56.9776,1513.81,-1.9705e-07,64.494,1903.69,-2.763e-08,73.0018,2393.4,3.9185e-07,82.6317,3008.13,1.35379e-07,93.5318,3779.25,-4.16351e-08,105.869,4745.7,2.06965e-08,119.834,5955.6,-3.18887e-07,135.641,7468.12,-1.48271e-08,153.531,9355.62,2.00739e-07,173.781,11705.8,2.28358e-07,196.701,14624.1,-1.93587e-08,222.642,18235,-2.88101e-07,252.003,22683.4,-2.24732e-07,285.234,28134,8.56806e-09,322.845,34767,2.34258e-07,365.413,42770.9,2.99668e-07,413.588,52327.9,8.28644e-08,468.111,63591.2,-3.07049e-07,529.814,76653.2,-3.1888e-07,599.642,91502.5,-6.72276e-08,678.662,107975,2.26339e-07,768.083,125705,3.69212e-07,869.267,144088,2.04077e-07,983.76,162277,-2.80509e-07,1113.3,179223,-4.22737e-07,1259.87,193777,-1.71951e-07,1425.68,204839,4.55555e-07,11.7194,11.96,12.6541,2.21263,4.16949,0.989383,2.67766,5.84076,0.311842,3.14343,7.55825,0.0972771,3.63127,9.58578,0.0303237,4.15787,12.0912,0.00945211,4.73731,15.2286,0.00294633,5.38238,19.1721,0.000918508,6.10553,24.134,0.000286163,6.91951,30.3791,8.92692e-05,7.83792,38.2397,2.78121e-05,8.87555,48.1338,8.65134e-06,10.0489,60.5876,2.7882e-06,11.3761,76.2629,8.29036e-07,12.8779,95.9927,2.4373e-07,14.5775,120.825,1e-08,16.5012,152.08,1.75749e-07,18.6784,191.415,1e-08,21.1428,240.917,1.91829e-07,23.9322,303.213,1e-08,27.0895,381.602,7.0186e-08,30.6634,480.231,1e-08,34.7087,604.316,2.40784e-07,39.2876,760.401,9.87368e-08,44.4705,956.705,1.22263e-07,50.3371,1203.54,1e-08,56.9776,1513.81,1e-08,64.494,1903.69,1e-08,73.0018,2393.4,3.9185e-07,82.6317,3008.13,1.35379e-07,93.5318,3779.25,1e-08,105.869,4745.7,2.06965e-08,119.834,5955.6,1e-08,135.641,7468.12,1e-08,153.531,9355.62,2.00739e-07,173.781,11705.8,2.28358e-07,196.701,14624.1,1e-08,222.642,18235,1e-08,252.003,22683.4,1e-08,285.234,28134,1e-08,322.845,34767,2.34258e-07,365.413,42770.9,2.99668e-07,413.588,52327.9,8.28644e-08,468.111,63591.2,1e-08,529.814,76653.2,1e-08,599.642,91502.5,1e-08,678.662,107975,2.26339e-07,768.083,125705,3.69212e-07,869.267,144088,2.04077e-07,983.76,162277,1e-08,1113.3,179223,1e-08,1259.87,193777,1e-08,1425.68,204839,4.55555e-07,6.2823,3.27286,2.43537,0.219672,6.18826,2.24117,0.56371,6.87772,2.63624,0.308279,12,15,14,4,4,0,3,9,1,4,3,0,5,16,0,8,12,0,8,16,0,2,22,0,8,37,0,7,9,0,1,26,0,8,24,0,11,43,0,5,81,0,13,107,0,24,118,0,23,322,0,13,149,0,8,185,0,31,319,0,24,367,0,37,562,0,39,506,0,41,802,0,36,1326,0,74,1139,0,83,1067,0,81,2852,0,20,2280,0,94,2087,0,84,1319,0,69,6744,0,168,8760,0,103,4922,0,89,6664,0,52,11353,0,204,22653,0,134,19242,0,294,31156,0,286,23005,0,489,61445,0,496,48657,0,346,62644,0,348,50954,0,785,105367,0,802,95141,0,725,40533,0,1417,75169,0,1020,84999,0,462,216391,0,1511,154078,0,1294,147992,0,1199,401804,0
-1.05176e+08,1,8.88811e-15,10,1023,0,1.05176e+08,0.528882,1.08665,0.389689,0.145397,0.379329,3.24381,0.161596,0.446195,1.77396,0.159177,1.15e+07,4.49998e+06,6.79999e+06,1.15e+07,4.49997e+06,6.79999e+06,1.15e+07,4.49996e+06,6.79999e+06,1.15e+07,4.49995e+06,6.79999e+06,1.14999e+07,4.49993e+06,6.79999e+06,1.14999e+07,4.49991e+06,6.79999e+06,1.14999e+07,4.49989e+06,6.79999e+06,1.14999e+07,4.49986e+06,6.79999e+06,1.14999e+07,4.49982e+06,6.79999e+06,1.14999e+07,4.49977e+06,6.79999e+06,1.14999e+07,4.49971e+06,6.79999e+06,1.14999e+07,4.49963e+06,6.79999e+06,1.14998e+07,4.49953e+06,6.79999e+06,1.14998e+07,4.49941e+06,6.79999e+06,1.14998e+07,4.49926e+06,6.79999e+06,1.14998e+07,4.49906e+06,6.79999e+06,1.14997e+07,4.49882e+06,6.79999e+06,1.14997e+07,4.49851e+06,6.79999e+06,1.14997e+07,4.49812e+06,6.79999e+06,1.14996e+07,4.49764e+06,6.79999e+06,1.14996e+07,4.49702e+06,6.79999e+06,1.14995e+07,4.49625e+06,6.79999e+06,1.14995e+07,4.49528e+06,6.79999e+06,1.14994e+07,4.49406e+06,6.79999e+06,1.14993e+07,4.49253e+06,6.79999e+06,1.14992e+07,4.49059e+06,6.79999e+06,1.14991e+07,4.48817e+06,6.79999e+06,1.1499e+07,4.48511e+06,6.79999e+06,1.14988e+07,4.48128e+06,6.79999e+06,1.14987e+07,4.47646e+06,6.79999e+06,1.14985e+07,4.47041e+06,6.79999e+06,1.14983e+07,4.46281e+06,6.79999e+06,1.14981e+07,4.4533e+06,6.79999e+06,1.14979e+07,4.44138e+06,6.79999e+06,1.14976e+07,4.42649e+06,6.79999e+06,1.14972e+07,4.40789e+06,6.79999e+06,1.14969e+07,4.38471e+06,6.79999e+06,1.14965e+07,4.35592e+06,6.79999e+06,1.1496e+07,4.32027e+06,6.79999e+06,1.14955e+07,4.27629e+06,6.79999e+06,1.14949e+07,4.22231e+06,6.79999e+06,1.14942e+07,4.15647e+06,6.79999e+06,1.14934e+07,4.07676e+06,6.79999e+06,1.14926e+07,3.98112e+06,6.79999e+06,1.14916e+07,3.86765e+06,6.79999e+06,1.14905e+07,3.73474e+06,6.79999e+06,1.14892e+07,3.58148e+06,6.79999e+06,1.14878e+07,3.40785e+06,6.79999e+06,1.14862e+07,3.21513e+06,6.79999e+06,1.14844e+07,3.00605e+06,6.79999e+06,1.14823e+07,2.7848e+06,6.79999e+06,1.148e+07,2.5568e+06,6.79999e+06,1.14773e+07,2.32825e+06,6.79999e+06,13.5742,8.52444,0.508366,16.8306,13.2585,0.162638,20.0035,17.569,0.0507846,23.2616,22.4214,0.0158319,26.7328,28.3297,0.00493498,30.5212,35.6974,0.00153831,34.7178,44.9473,0.000479527,39.4086,56.5822,0.000149456,44.6796,71.2245,4.66214e-05,50.6209,89.6543,1.45419e-05,57.3297,112.852,4.54748e-06,64.9129,142.051,1.43857e-06,73.4897,178.803,4.36618e-07,83.1934,225.062,1.40153e-07,94.1745,283.286,4.96378e-08,106.602,356.568,1.05434e-07,120.669,448.799,-6.49244e-08,136.59,564.873,1.70148e-07,154.611,710.948,-5.34594e-08,175.008,894.767,1.63407e-07,198.097,1126.06,8.04804e-08,224.231,1417.07,1.14667e-07,253.813,1783.15,-1.71227e-07,287.297,2243.62,-2.88466e-07,325.198,2822.67,-4.33651e-07,368.098,3550.67,7.9318e-08,416.657,4465.65,3.13319e-07,471.621,5615.16,3.4613e-07,533.835,7058.61,-1.19199e-07,604.255,8870.02,-2.79964e-07,683.962,11141.4,-2.30521e-07,774.182,13986.7,-2.55099e-07,876.299,17546.4,1.23585e-07,991.883,21993.1,1.41192e-07,1122.71,27536.7,-9.71886e-08,1270.78,34430.7,-3.68368e-07,1438.38,42977.7,-3.45379e-07,1628.07,53532.7,-3.25328e-09,1842.77,66504.6,2.6362e-07,2085.77,82350.2,2.53445e-07,2360.79,101560,-2.47407e-08,2672.05,124632,-3.80602e-07,3024.31,152018,-4.79005e-07,3422.98,184060,-1.14379e-07,3874.15,220884,2.64297e-07,4384.72,262283,3.44131e-07,4962.49,307576,7.5349e-08,5616.29,355497,-3.63097e-07,6356.1,404126,-6.05442e-07,7193.18,450932,-2.72333e-07,8140.28,492963,2.29675e-07,9211.79,527178,4.3387e-07,10424,550893,-1.0711e-07,10.102,8.06553,2.81012,10.6436,8.57909,0.869423,11.5336,10.2515,0.270869,12.7211,12.7138,0.0844293,14.1823,15.9373,0.0263173,15.9122,20.0383,0.0082035,17.9198,25.2154,0.00255722,20.2244,31.7373,0.000797017,22.8539,39.9486,0.000248622,25.8438,50.2851,7.75492e-05,29.237,63.2963,2.42508e-05,33.0837,79.6738,7.67162e-06,37.4415,100.288,2.32837e-06,42.3767,126.236,7.33e-07,47.9646,158.896,2.79256e-07,54.2906,200.003,9.87351e-09,61.452,251.741,1.61085e-07,69.5585,316.859,-2.47141e-07,78.7347,398.812,8.93552e-08,89.1218,501.948,-2.53231e-07,100.879,631.736,-1.25047e-07,114.188,795.049,-1.78808e-07,129.252,1000.53,2.6733e-07,146.304,1259.03,4.50292e-07,165.605,1584.19,6.76904e-07,187.452,1993.12,-1.23808e-07,212.181,2507.27,-4.89068e-07,240.173,3153.54,-5.40284e-07,271.856,3965.56,1.86061e-07,307.719,4985.38,4.37004e-07,348.313,6265.4,3.59828e-07,394.26,7870.83,3.98192e-07,446.268,9882.51,-1.92908e-07,505.135,12400.3,-2.20392e-07,571.766,15546.9,1.51705e-07,647.184,19472.2,5.74996e-07,732.547,24357.4,5.39112e-07,829.167,30420,5.07815e-09,938.526,37916.3,-4.11492e-07,1062.3,47143.9,-3.9561e-07,1202.4,58439.2,3.86185e-08,1360.96,72169.3,5.94093e-07,1540.42,88715.8,7.47693e-07,1743.53,108445,1.78537e-07,1973.41,131665,-4.12549e-07,2233.57,158557,-5.37164e-07,2528,189103,-1.17615e-07,2861.2,222986,5.66769e-07,3238.27,259510,9.45053e-07,3664.97,297540,4.25093e-07,4147.81,335497,-3.58506e-07,4694.17,371444,-6.7724e-07,5312.37,403256,1.67192e-07,1.61744,3.89446,9.84394,3.28846,7.5504,12.774,5.07607,11.7187,13.6844,7.03202,16.8147,13.9681,9.20215,23.1769,14.0566,11.6301,31.1672,14.0841,14.3598,41.2186,14.0927,17.4376,53.8688,14.0954,20.9137,69.7915,14.0962,24.8432,89.8341,14.0965,29.2879,115.063,14.0966,34.3168,146.819,14.0966,40.0078,186.792,14.0966,46.4487,237.107,14.0966,53.7388,300.44,14.0966,61.9903,380.158,14.0966,71.3301,480.499,14.0966,81.902,606.796,14.0966,93.8685,765.761,14.0966,107.414,965.837,14.0966,122.746,1217.65,14.0966,140.101,1534.57,14.0966,159.745,1933.41,14.0966,181.981,2435.3,14.0966,207.15,3066.85,14.0966,235.64,3861.46,14.0966,267.889,4861.11,14.0966,304.391,6118.54,14.0966,345.709,7699.91,14.0966,392.478,9688.22,14.0966,445.417,12187.5,14.0966,505.339,15327.7,14.0966,573.165,19271.6,14.0966,649.938,24222,14.0966,736.839,30430.9,14.0966,835.202,38211.5,14.0966,946.539,47950.3,14.0966,1072.56,60122.8,14.0966,1215.21,75309.9,14.0966,1376.66,94216.2,14.0966,1559.41,117688,14.0966,1766.26,146729,14.0966,2000.39,182510,14.0966,2265.39,226372,14.0966,2565.33,279806,14.0966,2904.81,344416,14.0966,3289.05,421845,14.0966,3723.93,513667,14.0966,4216.13,621231,14.0966,4773.18,745478,14.0966,5403.64,886744,14.0966,6117.15,1.04457e+06,14.0966,6924.63,1.2176e+06,14.0966,11.7194,11.96,12.6541,13.9321,16.1295,13.6434,16.6097,21.9702,13.9553,19.7532,29.5285,14.0526,23.3844,39.1143,14.0829,27.5423,51.2054,14.0923,32.2796,66.434,14.0953,37.662,85.6061,14.0962,43.7675,109.74,14.0965,50.687,140.119,14.0966,58.5249,178.359,14.0966,67.4005,226.493,14.0966,77.4493,287.08,14.0966,88.8254,363.343,14.0966,101.703,459.336,14.0966,116.281,580.161,14.0966,132.782,732.241,14.0966,151.46,923.655,14.0966,172.603,1164.57,14.0966,196.535,1467.79,14.0966,223.625,1849.39,14.0966,254.288,2329.62,14.0966,288.997,2933.93,14.0966,328.285,3694.33,14.0966,372.755,4651.04,14.0966,423.092,5854.57,14.0966,480.07,7368.38,14.0966,544.564,9272.08,14.0966,617.566,11665.5,14.0966,700.197,14673.6,14.0966,793.729,18452.9,14.0966,899.599,23198.6,14.0966,1019.43,29154.1,14.0966,1155.07,36622.3,14.0966,1308.6,45977.9,14.0966,1482.39,57683.7,14.0966,1679.09,72307.8,14.0966,1901.73,90542.8,14.0966,2153.73,113226,14.0966,2438.97,141360,14.0966,2761.81,176127,14.0966,3127.22,218898,14.0966,3540.81,271226,14.0966,4008.92,334817,14.0966,4538.74,411470,14.0966,5138.38,502973,14.0966,5817.04,610948,14.0966,6585.12,736653,14.0966,7454.39,880741,14.0966,8438.15,1.04302e+06,14.0966,9551.45,1.22224e+06,14.0966,10811.3,1.41602e+06,14.0966,12237,1.62086e+06,14.0966,11.7194,11.96,12.6541,2.21263,4.16949,0.989383,2.67766,5.84076,0.311842,3.14343,7.55825,0.0972771,3.63127,9.58578,0.0303237,4.15787,12.0912,0.00945211,4.73731,15.2286,0.00294633,5.38238,19.1721,0.000918508,6.10553,24.134,0.000286163,6.91951,30.3791,8.92692e-05,7.83792,38.2397,2.78121e-05,8.87555,48.1338,8.65134e-06,10.0489,60.5876,2.7882e-06,11.3761,76.2629,8.29036e-07,12.8779,95.9927,2.4373e-07,14.5775,120.825,4.33068e-09,16.5012,152.08,1.75749e-07,18.6784,191.415,-1.86328e-07,21.1428,240.917,1.91829e-07,23.9322,303.213,-1.81475e-07,27.0895,381.602,7.0186e-08,30.6634,480.231,-2.86769e-08,34.7087,604.316,2.40784e-07,39.2876,760.401,9.87368e-08,44.4705,956.705,1.22263e-07,50.3371,1203.54,-4.31966e-07,56.9776,1513.81,-1.9705e-07,64.494,1903.69,-2.763e-08,73.0018,2393.4,3.9185e-07,82.6317,3008.13,1.35379e-07,93.5318,3779.25,-4.16351e-08,105.869,4745.7,2.06965e-08,119.834,5955.6,-3.18887e-07,135.641,7468.12,-1.48271e-08,153.531,9355.62,2.00739e-07,173.781,11705.8,2.28358e-07,196.701,14624.1,-1.93587e-08,222.642,18235,-2.88101e-07,252.003,22683.4,-2.24732e-07,285.234,28134,8.56806e-09,322.845,34767,2.34258e-07,365.413,42770.9,2.99668e-07,413.588,52327.9,8.28644e-08,468.111,63591.2,-3.07049e-07,529.814,76653.2,-3.1888e-07,599.642,91502.5,-6.72276e-08,678.662,107975,2.26339e-07,768.083,125705,3.69212e-07,869.267,144088,2.04077e-07,983.76,162277,-2.80509e-07,1113.3,179223,-4.22737e-07,1259.87,193777,-1.71951e-07,1425.68,204839,4.55555e-07,11.7194,11.96,12.6541,2.21263,4.16949,0.989383,2.67766,5.84076,0.311842,3.14343,7.55825,0.0972771,3.63127,9.58578,0.0303237,4.15787,12.0912,0.00945211,4.73731,15.2286,0.00294633,5.38238,19.1721,0.000918508,6.10553,24.134,0.000286163,6.91951,30.3791,8.92692e-05,7.83792,38.2397,2.78121e-05,8.87555,48.1338,8.65134e-06,10.0489,60.5876,2.7882e-06,11.3761,76.2629,8.29036e-07,12.8779,95.9927,2.4373e-07,14.5775,120.825,1e-08,16.5012,152.08,1.75749e-07,18.6784,191.415,1e-08,21.1428,240.917,1.91829e-07,23.9322,303.213,1e-08,27.0895,381.602,7.0186e-08,30.6634,480.231,1e-08,34.7087,604.316,2.40784e-07,39.2876,760.401,9.87368e-08,44.4705,956.705,1.22263e-07,50.3371,1203.54,1e-08,56.9776,1513.81,1e-08,64.494,1903.69,1e-08,73.0018,2393.4,3.9185e-07,82.6317,3008.13,1.35379e-07,93.5318,3779.25,1e-08,105.869,4745.7,2.06965e-08,119.834,5955.6,1e-08,135.641,7468.12,1e-08,153.531,9355.62,2.00739e-07,173.781,11705.8,2.28358e-07,196.701,14624.1,1e-08,222.642,18235,1e-08,252.003,22683.4,1e-08,285.234,28134,1e-08,322.845,34767,2.34258e-07,365.413,42770.9,2.99668e-07,413.588,52327.9,8.28644e-08,468.111,63591.2,1e-08,529.814,76653.2,1e-08,599.642,91502.5,1e-08,678.662,107975,2.26339e-07,768.083,125705,3.69212e-07,869.267,144088,2.04077e-07,983.76,162277,1e-08,1113.3,179223,1e-08,1259.87,193777,1e-08,1425.68,204839,4.55555e-07,6.2823,3.27286,2.43537,0.219672,6.18826,2.24117,0.56371,6.87772,2.63624,0.308279,10,12,6,0,2,0,5,6,0,7,10,0,6,8,0,7,8,0,5,24,0,2,17,0,12,18,0,6,28,0,3,24,0,18,35,0,5,45,0,3,34,0,11,100,0,15,125,0,4,173,0,17,196,0,35,101,0,23,519,0,25,138,0,31,455,0,14,1056,0,45,552,0,12,860,0,46,1284,0,37,1099,0,52,745,0,117,1776,0,58,2724,0,24,2409,0,119,4539,0,93,2789,0,69,6385,0,93,11540,0,251,12198,0,138,10062,0,243,27039,0,199,18665,0,291,22741,0,217,24210,0,271,54688,0,444,63884,0,357,50315,0,686,72116,0,606,71635,0,721,126398,0,529,82797,0,756,111199,0,1060,223508,0,1999,290583,0,1485,187905,0,1113,238727,0
-1.05176e+08,1,8.88811e-15,10,1023,0,1.05176e+08,0.528882,1.08665,0.389689,0.145397,0.379329,3.24381,0.161596,0.446195,1.77396,0.159177,1.15e+07,4.49998e+06,6.79999e+06,1.15e+07,4.49997e+06,6.79999e+06,1.15e+07,4.49996e+06,6.79999e+06,1.15e+07,4.49995e+06,6.79999e+06,1.14999e+07,4.49993e+06,6.79999e+06,1.14999e+07,4.49991e+06,6.79999e+06,1.14999e+07,4.49989e+06,6.79999e+06,1.14999e+07,4.49986e+06,6.79999e+06,1.14999e+07,4.49982e+06,6.79999e+06,1.14999e+07,4.49977e+06,6.79999e+06,1.14999e+07,4.49971e+06,6.79999e+06,1.14999e+07,4.49963e+06,6.79999e+06,1.14998e+07,4.49953e+06,6.79999e+06,1.14998e+07,4.49941e+06,6.79999e+06,1.14998e+07,4.49926e+06,6.79999e+06,1.14998e+07,4.49906e+06,6.79999e+06,1.14997e+07,4.49882e+06,6.79999e+06,1.14997e+07,4.49851e+06,6.79999e+06,1.14997e+07,4.49812e+06,6.79999e+06,1.14996e+07,4.49764e+06,6.79999e+06,1.14996e+07,4.49702e+06,6.79999e+06,1.14995e+07,4.49625e+06,6.79999e+06,1.14995e+07,4.49528e+06,6.79999e+06,1.14994e+07,4.49406e+06,6.79999e+06,1.14993e+07,4.49253e+06,6.79999e+06,1.14992e+07,4.49059e+06,6.79999e+06,1.14991e+07,4.48817e+06,6.79999e+06,1.1499e+07,4.48511e+06,6.79999e+06,1.14988e+07,4.48128e+06,6.79999e+06,1.14987e+07,4.47646e+06,6.79999e+06,1.14985e+07,4.47041e+06,6.79999e+06,1.14983e+07,4.46281e+06,6.79999e+06,1.14981e+07,4.4533e+06,6.79999e+06,1.14979e+07,4.44138e+06,6.79999e+06,1.14976e+07,4.42649e+06,6.79999e+06,1.14972e+07,4.40789e+06,6.79999e+06,1.14969e+07,4.38471e+06,6.79999e+06,1.14965e+07,4.35592e+06,6.79999e+06,1.1496e+07,4.32027e+06,6.79999e+06,1.14955e+07,4.27629e+06,6.79999e+06,1.14949e+07,4.22231e+06,6.79999e+06,1.14942e+07,4.15647e+06,6.79999e+06,1.14934e+07,4.07676e+06,6.79999e+06,1.14926e+07,3.98112e+06,6.79999e+06,1.14916e+07,3.86765e+06,6.79999e+06,1.14905e+07,3.73474e+06,6.79999e+06,1.14892e+07,3.58148e+06,6.79999e+06,1.14878e+07,3.40785e+06,6.79999e+06,1.14862e+07,3.21513e+06,6.79999e+06,1.14844e+07,3.00605e+06,6.79999e+06,1.14823e+07,2.7848e+06,6.79999e+06,1.148e+07,2.5568e+06,6.79999e+06,1.14773e+07,2.32825e+06,6.79999e+06,13.5742,8.52444,0.508366,16.8306,13.2585,0.162638,20.0035,17.569,0.0507846,23.2616,22.4214,0.0158319,26.7328,28.3297,0.00493498,30.5212,35.6974,0.00153831,34.7178,44.9473,0.000479527,39.4086,56.5822,0.000149456,44.6796,71.2245,4.66214e-05,50.6209,89.6543,1.45419e-05,57.3297,112.852,4.54748e-06,64.9129,142.051,1.43857e-06,73.4897,178.803,4.36618e-07,83.1934,225.062,1.40153e-07,94.1745,283.286,4.96378e-08,106.602,356.568,1.05434e-07,120.669,448.799,-6.49244e-08,136.59,564.873,1.70148e-07,154.611,710.948,-5.34594e-08,175.008,894.767,1.63407e-07,198.097,1126.06,8.04804e-08,224.231,1417.07,1.14667e-07,253.813,1783.15,-1.71227e-07,287.297,2243.62,-2.88466e-07,325.198,2822.67,-4.33651e-07,368.098,3550.67,7.9318e-08,416.657,4465.65,3.13319e-07,471.621,5615.16,3.4613e-07,533.835,7058.61,-1.19199e-07,604.255,8870.02,-2.79964e-07,683.962,11141.4,-2.30521e-07,774.182,13986.7,-2.55099e-07,876.299,17546.4,1.23585e-07,991.883,21993.1,1.41192e-07,1122.71,27536.7,-9.71886e-08,1270.78,34430.7,-3.68368e-07,1438.38,42977.7,-3.45379e-07,1628.07,53532.7,-3.25328e-09,1842.77,66504.6,2.6362e-07,2085.77,82350.2,2.53445e-07,2360.79,101560,-2.47407e-08,2672.05,124632,-3.80602e-07,3024.31,152018,-4.79005e-07,3422.98,184060,-1.14379e-07,3874.15,220884,2.64297e-07,4384.72,262283,3.44131e-07,4962.49,307576,7.5349e-08,5616.29,355497,-3.63097e-07,6356.1,404126,-6.05442e-07,7193.18,450932,-2.72333e-07,8140.28,492963,2.29675e-07,9211.79,527178,4.3387e-07,10424,550893,-1.0711e-07,10.102,8.06553,2.81012,10.6436,8.57909,0.869423,11.5336,10.2515,0.270869,12.7211,12.7138,0.0844293,14.1823,15.9373,0.0263173,15.9122,20.0383,0.0082035,17.9198,25.2154,0.00255722,20.2244,31.7373,0.000797017,22.8539,39.9486,0.000248622,25.8438,50.2851,7.75492e-05,29.237,63.2963,2.42508e-05,33.0837,79.6738,7.67162e-06,37.4415,100.288,2.32837e-06,42.3767,126.236,7.33e-07,47.9646,158.896,2.79256e-07,54.2906,200.003,9.87351e-09,61.452,251.741,1.61085e-07,69.5585,316.859,-2.47141e-07,78.7347,398.812,8.93552e-08,89.1218,501.948,-2.53231e-07,100.879,631.736,-1.25047e-07,114.188,795.049,-1.78808e-07,129.252,1000.53,2.6733e-07,146.304,1259.03,4.50292e-07,165.605,1584.19,6.76904e-07,187.452,1993.12,-1.23808e-07,212.181,2507.27,-4.89068e-07,240.173,3153.54,-5.40284e-07,271.856,3965.56,1.86061e-07,307.719,4985.38,4.37004e-07,348.313,6265.4,3.59828e-07,394.26,7870.83,3.98192e-07,446.268,9882.51,-1.92908e-07,505.135,12400.3,-2.20392e-07,571.766,15546.9,1.51705e-07,647.184,19472.2,5.74996e-07,732.547,24357.4,5.39112e-07,829.167,30420,5.07815e-09,938.526,37916.3,-4.11492e-07,1062.3,47143.9,-3.9561e-07,1202.4,58439.2,3.86185e-08,1360.96,72169.3,5.94093e-07,1540.42,88715.8,7.47693e-07,1743.53,108445,1.78537e-07,1973.41,131665,-4.12549e-07,2233.57,158557,-5.37164e-07,2528,189103,-1.17615e-07,2861.2,222986,5.66769e-07,3238.27,259510,9.45053e-07,3664.97,297540,4.25093e-07,4147.81,335497,-3.58506e-07,4694.17,371444,-6.7724e-07,5312.37,403256,1.67192e-07,1.61744,3.89446,9.84394,3.28846,7.5504,12.774,5.07607,11.7187,13.6844,7.03202,16.8147,13.9681,9.20215,23.1769,14.0566,11.6301,31.1672,14.0841,14.3598,41.2186,14.0927,17.4376,53.8688,14.0954,20.9137,69.7915,14.0962,24.8432,89.8341,14.0965,29.2879,115.063,14.0966,34.3168,146.819,14.0966,40.0078,186.792,14.0966,46.4487,237.107,14.0966,53.7388,300.44,14.0966,61.9903,380.158,14.0966,71.3301,480.499,14.0966,81.902,606.796,14.0966,93.8685,765.761,14.0966,107.414,965.837,14.0966,122.746,1217.65,14.0966,140.101,1534.57,14.0966,159.745,1933.41,14.0966,181.981,2435.3,14.0966,207.15,3066.85,14.0966,235.64,3861.46,14.0966,267.889,4861.11,14.0966,304.391,6118.54,14.0966,345.709,7699.91,14.0966,392.478,9688.22,14.0966,445.417,12187.5,14.0966,505.339,15327.7,14.0966,573.165,19271.6,14.0966,649.938,24222,14.0966,736.839,30430.9,14.0966,835.202,38211.5,14.0966,946.539,47950.3,14.0966,1072.56,60122.8,14.0966,1215.21,75309.9,14.0966,1376.66,94216.2,14.0966,1559.41,117688,14.0966,1766.26,146729,14.0966,2000.39,182510,14.0966,2265.39,226372,14.0966,2565.33,279806,14.0966,2904.81,344416,14.0966,3289.05,421845,14.0966,3723.93,513667,14.0966,4216.13,621231,14.0966,4773.18,745478,14.0966,5403.64,886744,14.0966,6117.15,1.04457e+06,14.0966,6924.63,1.2176e+06,14.0966,11.7194,11.96,12.6541,13.9321,16.1295,13.6434,16.6097,21.9702,13.9553,19.7532,29.5285,14.0526,23.3844,39.1143,14.0829,27.5423,51.2054,14.0923,32.2796,66.434,14.0953,37.662,85.6061,14.0962,43.7675,109.74,14.0965,50.687,140.119,14.0966,58.5249,178.359,14.0966,67.4005,226.493,14.0966,77.4493,287.08,14.0966,88.8254,363.343,14.0966,101.703,459.336,14.0966,116.281,580.161,14.0966,132.782,732.241,14.0966,151.46,923.655,14.0966,172.603,1164.57,14.0966,196.535,1467.79,14.0966,223.625,1849.39,14.0966,254.288,2329.62,14.0966,288.997,2933.93,14.0966,328.285,3694.33,14.0966,372.755,4651.04,14.0966,423.092,5854.57,14.0966,480.07,7368.38,14.0966,544.564,9272.08,14.0966,617.566,11665.5,14.0966,700.197,14673.6,14.0966,793.729,18452.9,14.0966,899.599,23198.6,14.0966,1019.43,29154.1,14.0966,1155.07,36622.3,14.0966,1308.6,45977.9,14.0966,1482.39,57683.7,14.0966,1679.09,72307.8,14.0966,1901.73,90542.8,14.0966,2153.73,113226,14.0966,2438.97,141360,14.0966,2761.81,176127,14.0966,3127.22,218898,14.0966,3540.81,271226,14.0966,4008.92,334817,14.0966,4538.74,411470,14.0966,5138.38,502973,14.0966,5817.04,610948,14.0966,6585.12,736653,14.0966,7454.39,880741,14.0966,8438.15,1.04302e+06,14.0966,9551.45,1.22224e+06,14.0966,10811.3,1.41602e+06,14.0966,12237,1.62086e+06,14.0966,11.7194,11.96,12.6541,2.21263,4.16949,0.989383,2.67766,5.84076,0.311842,3.14343,7.55825,0.0972771,3.63127,9.58578,0.0303237,4.15787,12.0912,0.00945211,4.73731,15.2286,0.00294633,5.38238,19.1721,0.000918508,6.10553,24.134,0.000286163,6.91951,30.3791,8.92692e-05,7.83792,38.2397,2.78121e-05,8.87555,48.1338,8.65134e-06,10.0489,60.5876,2.7882e-06,11.3761,76.2629,8.29036e-07,12.8779,95.9927,2.4373e-07,14.5775,120.825,4.33068e-09,16.5012,152.08,1.75749e-07,18.6784,191.415,-1.86328e-07,21.1428,240.917,1.91829e-07,23.9322,303.213,-1.81475e-07,27.0895,381.602,7.0186e-08,30.6634,480.231,-2.86769e-08,34.7087,604.316,2.40784e-07,39.2876,760.401,9.87368e-08,44.4705,956.705,1.22263e-07,50.3371,1203.54,-4.31966e-07,56.9776,1513.81,-1.9705e-07,64.494,1903.69,-2.763e-08,73.0018,2393.4,3.9185e-07,82.6317,3008.13,1.35379e-07,93.5318,3779.25,-4.16351e-08,105.869,4745.7,2.06965e-08,119.834,5955.6,-3.18887e-07,135.641,7468.12,-1.48271e-08,153.531,9355.62,2.00739e-07,173.781,11705.8,2.28358e-07,196.701,14624.1,-1.93587e-08,222.642,18235,-2.88101e-07,252.003,22683.4,-2.24732e-07,285.234,28134,8.56806e-09,322.845,34767,2.34258e-07,365.413,42770.9,2.99668e-07,413.588,52327.9,8.28644e-08,468.111,63591.2,-3.07049e-07,529.814,76653.2,-3.1888e-07,599.642,91502.5,-6.72276e-08,678.662,107975,2.26339e-07,768.083,125705,3.69212e-07,869.267,144088,2.04077e-07,983.76,162277,-2.80509e-07,1113.3,179223,-4.22737e-07,1259.87,193777,-1.71951e-07,1425.68,204839,4.55555e-07,11.7194,11.96,12.6541,2.21263,4.16949,0.989383,2.67766,5.84076,0.311842,3.14343,7.55825,0.0972771,3.63127,9.58578,0.0303237,4.15787,12.0912,0.00945211,4.73731,15.2286,0.00294633,5.38238,19.1721,0.000918508,6.10553,24.134,0.000286163,6.91951,30.3791,8.92692e-05,7.83792,38.2397,2.78121e-05,8.87555,48.1338,8.65134e-06,10.0489,60.5876,2.7882e-06,11.3761,76.2629,8.29036e-07,12.8779,95.9927,2.4373e-07,14.5775,120.825,1e-08,16.5012,152.08,1.75749e-07,18.6784,191.415,1e-08,21.1428,240.917,1.91829e-07,23.9322,303.213,1e-08,27.0895,381.602,7.0186e-08,30.6634,480.231,1e-08,34.7087,604.316,2.40784e-07,39.2876,760.401,9.87368e-08,44.4705,956.705,1.22263e-07,50.3371,1203.54,1e-08,56.9776,1513.81,1e-08,64.494,1903.69,1e-08,73.0018,2393.4,3.9185e-07,82.6317,3008.13,1.35379e-07,93.5318,3779.25,1e-08,105.869,4745.7,2.06965e-08,119.834,5955.6,1e-08,135.641,7468.12,1e-08,153.531,9355.62,2.00739e-07,173.781,11705.8,2.28358e-07,196.701,14624.1,1e-08,222.642,18235,1e-08,252.003,22683.4,1e-08,285.234,28134,1e-08,322.845,34767,2.34258e-07,365.413,42770.9,2.99668e-07,413.588,52327.9,8.28644e-08,468.111,63591.2,1e-08,529.814,76653.2,1e-08,599.642,91502.5,1e-08,678.662,107975,2.26339e-07,768.083,125705,3.69212e-07,869.267,144088,2.04077e-07,983.76,162277,1e-08,1113.3,179223,1e-08,1259.87,193777,1e-08,1425.68,204839,4.55555e-07,6.2823,3.27286,2.43537,0.219672,6.18826,2.24117,0.56371,6.87772,2.63624,0.308279,15,17,10,4,1,1,4,6,0,2,5,0,1,13,0,6,23,0,3,14,0,3,35,0,8,43,0,6,23,0,7,43,0,4,38,0,16,39,0,11,93,0,9,44,0,15,169,0,20,113,0,22,191,0,14,155,0,14,396,0,30,127,0,64,314,0,43,1236,0,37,680,0,25,551,0,66,1556,0,69,2379,0,119,2458,0,64,1374,0,102,2569,0,99,4057,0,111,2597,0,135,3662,0,202,6676,0,94,7637,0,238,17922,0,178,8224,0,309,22970,0,274,24931,0,292,32725,0,311,26436,0,136,30250,0,286,59601,0,476,131292,0,476,91915,0,663,61976,0,545,124470,0,642,75721,0,1181,159941,0,809,174392,0,1313,156236,0,1721,145055,0,508,266828,0
-1.05176e+08,1,8.88811e-15,10,1023,0,1.05176e+08,0.528882,1.08665,0.389689,0.145397,0.379329,3.24381,0.161596,0.446195,1.77396,0.159177,1.15e+07,4.49998e+06,6.79999e+06,1.15e+07,4.49997e+06,6.79999e+06,1.15e+07,4.49996e+06,6.79999e+06,1.15e+07,4.49995e+06,6.79999e+06,1.14999e+07,4.49993e+06,6.79999e+06,1.14999e+07,4.49991e+06,6.79999e+06,1.14999e+07,4.49989e+06,6.79999e+06,1.14999e+07,4.49986e+06,6.79999e+06,1.14999e+07,4.49982e+06,6.79999e+06,1.14999e+07,4.49977e+06,6.79999e+06,1.14999e+07,4.49971e+06,6.79999e+06,1.14999e+07,4.49963e+06,6.79999e+06,1.14998e+07,4.49953e+06,6.79999e+06,1.14998e+07,4.49941e+06,6.79999e+06,1.14998e+07,4.49926e+06,6.79999e+06,1.14998e+07,4.49906e+06,6.79999e+06,1.14997e+07,4.49882e+06,6.79999e+06,1.14997e+07,4.49851e+06,6.79999e+06,1.14997e+07,4.49812e+06,6.79999e+06,1.14996e+07,4.49764e+06,6.79999e+06,1.14996e+07,4.49702e+06,6.79999e+06,1.14995e+07,4.49625e+06,6.79999e+06,1.14995e+07,4.49528e+06,6.79999e+06,1.14994e+07,4.49406e+06,6.79999e+06,1.14993e+07,4.49253e+06,6.79999e+06,1.14992e+07,4.49059e+06,6.79999e+06,1.14991e+07,4.48817e+06,6.79999e+06,1.1499e+07,4.48511e+06,6.79999e+06,1.14988e+07,4.48128e+06,6.79999e+06,1.14987e+07,4.47646e+06,6.79999e+06,1.14985e+07,4.47041e+06,6.79999e+06,1.14983e+07,4.46281e+06,6.79999e+06,1.14981e+07,4.4533e+06,6.79999e+06,1.14979e+07,4.44138e+06,6.79999e+06,1.14976e+07,4.42649e+06,6.79999e+06,1.14972e+07,4.40789e+06,6.79999e+06,1.14969e+07,4.38471e+06,6.79999e+06,1.14965e+07,4.35592e+06,6.79999e+06,1.1496e+07,4.32027e+06,6.79999e+06,1.14955e+07,4.27629e+06,6.79999e+06,1.14949e+07,4.22231e+06,6.79999e+06,1.14942e+07,4.15647e+06,6.79999e+06,1.14934e+07,4.07676e+06,6.79999e+06,1.14926e+07,3.98112e+06,6.79999e+06,1.14916e+07,3.86765e+06,6.79999e+06,1.14905e+07,3.73474e+06,6.79999e+06,1.14892e+07,3.58148e+06,6.79999e+06,1.14878e+07,3.40785e+06,6.79999e+06,1.14862e+07,3.21513e+06,6.79999e+06,1.14844e+07,3.00605e+06,6.79999e+06,1.14823e+07,2.7848e+06,6.79999e+06,1.148e+07,2.5568e+06,6.79999e+06,1.14773e+07,2.32825e+06,6.79999e+06,13.5742,8.52444,0.508366,16.8306,13.2585,0.162638,20.0035,17.569,0.0507846,23.2616,22.4214,0.0158319,26.7328,28.3297,0.00493498,30.5212,35.6974,0.00153831,34.7178,44.9473,0.000479527,39.4086,56.5822,0.000149456,44.6796,71.2245,4.66214e-05,50.6209,89.6543,1.45419e-05,57.3297,112.852,4.54748e-06,64.9129,142.051,1.43857e-06,73.4897,178.803,4.36618e-07,83.1934,225.062,1.40153e-07,94.1745,283.286,4.96378e-08,106.602,356.568,1.05434e-07,120.669,448.799,-6.49244e-08,136.59,564.873,1.70148e-07,154.611,710.948,-5.34594e-08,175.008,894.767,1.63407e-07,198.097,1126.06,8.04804e-08,224.231,1417.07,1.14667e-07,253.813,1783.15,-1.71227e-07,287.297,2243.62,-2.88466e-07,325.198,2822.67,-4.33651e-07,368.098,3550.67,7.9318e-08,416.657,4465.65,3.13319e-07,471.621,5615.16,3.4613e-07,533.835,7058.61,-1.19199e-07,604.255,8870.02,-2.79964e-07,683.962,11141.4,-2.30521e-07,774.182,13986.7,-2.55099e-07,876.299,17546.4,1.23585e-07,991.883,21993.1,1.41192e-07,1122.71,27536.7,-9.71886e-08,1270.78,34430.7,-3.68368e-07,1438.38,42977.7,-3.45379e-07,1628.07,53532.7,-3.25328e-09,1842.77,66504.6,2.6362e-07,2085.77,82350.2,2.53445e-07,2360.79,101560,-2.47407e-08,2672.05,124632,-3.80602e-07,3024.31,152018,-4.79005e-07,3422.98,184060,-1.14379e-07,3874.15,220884,2.64297e-07,4384.72,262283,3.44131e-07,4962.49,307576,7.5349e-08,5616.29,355497,-3.63097e-07,6356.1,404126,-6.05442e-07,7193.18,450932,-2.72333e-07,8140.28,492963,2.29675e-07,9211.79,527178,4.3387e-07,10424,550893,-1.0711e-07,10.102,8.06553,2.81012,10.6436,8.57909,0.869423,11.5336,10.2515,0.270869,12.7211,12.7138,0.0844293,14.1823,15.9373,0.0263173,15.9122,20.0383,0.0082035,17.9198,25.2154,0.00255722,20.2244,31.7373,0.000797017,22.8539,39.9486,0.000248622,25.8438,50.2851,7.75492e-05,29.237,63.2963,2.42508e-05,33.0837,79.6738,7.67162e-06,37.4415,100.288,2.32837e-06,42.3767,126.236,7.33e-07,47.9646,158.896,2.79256e-07,54.2906,200.003,9.87351e-09,61.452,251.741,1.61085e-07,69.5585,316.859,-2.47141e-07,78.7347,398.812,8.93552e-08,89.1218,501.948,-2.53231e-07,100.879,631.736,-1.25047e-07,114.188,795.049,-1.78808e-07,129.252,1000.53,2.6733e-07,146.304,1259.03,4.50292e-07,165.605,1584.19,6.76904e-07,187.452,1993.12,-1.23808e-07,212.181,2507.27,-4.89068e-07,240.173,3153.54,-5.40284e-07,271.856,3965.56,1.86061e-07,307.719,4985.38,4.37004e-07,348.313,6265.4,3.59828e-07,394.26,7870.83,3.98192e-07,446.268,9882.51,-1.92908e-07,505.135,12400.3,-2.20392e-07,571.766,15546.9,1.51705e-07,647.184,19472.2,5.74996e-07,732.547,24357.4,5.39112e-07,829.167,30420,5.07815e-09,938.526,37916.3,-4.11492e-07,1062.3,47143.9,-3.9561e-07,1202.4,58439.2,3.86185e-08,1360.96,72169.3,5.94093e-07,1540.42,88715.8,7.47693e-07,1743.53,108445,1.78537e-07,1973.41,131665,-4.12549e-07,2233.57,158557,-5.37164e-07,2528,189103,-1.17615e-07,2861.2,222986,5.66769e-07,3238.27,259510,9.45053e-07,3664.97,297540,4.25093e-07,4147.81,335497,-3.58506e-07,4694.17,371444,-6.7724e-07,5312.37,403256,1.67192e-07,1.61744,3.89446,9.84394,3.28846,7.5504,12.774,5.07607,11.7187,13.6844,7.03202,16.8147,13.9681,9.20215,23.1769,14.0566,11.6301,31.1672,14.0841,14.3598,41.2186,14.0927,17.4376,53.8688,14.0954,20.9137,69.7915,14.0962,24.8432,89.8341,14.0965,29.2879,115.063,14.0966,34.3168,146.819,14.0966,40.0078,186.792,14.0966,46.4487,237.107,14.0966,53.7388,300.44,14.0966,61.9903,380.158,14.0966,71.3301,480.499,14.0966,81.902,606.796,14.0966,93.8685,765.761,14.0966,107.414,965.837,14.0966,122.746,1217.65,14.0966,140.101,1534.57,14.0966,159.745,1933.41,14.0966,181.981,2435.3,14.0966,207.15,3066.85,14.0966,235.64,3861.46,14.0966,267.889,4861.11,14.0966,304.391,6118.54,14.0966,345.709,7699.91,14.0966,392.478,9688.22,14.0966,445.417,12187.5,14.0966,505.339,15327.7,14.0966,573.165,19271.6,14.0966,649.938,24222,14.0966,736.839,30430.9,14.0966,835.202,38211.5,14.0966,946.539,47950.3,14.0966,1072.56,60122.8,14.0966,1215.21,75309.9,14.0966,1376.66,94216.2,14.0966,1559.41,117688,14.0966,1766.26,146729,14.0966,2000.39,182510,14.0966,2265.39,226372,14.0966,2565.33,279806,14.0966,2904.81,344416,14.0966,3289.05,421845,14.0966,3723.93,513667,14.0966,4216.13,621231,14.0966,4773.18,745478,14.0966,5403.64,886744,14.0966,6117.15,1.04457e+06,14.0966,6924.63,1.2176e+06,14.0966,11.7194,11.96,12.6541,13.9321,16.1295,13.6434,16.6097,21.9702,13.9553,19.7532,29.5285,14.0526,23.3844,39.1143,14.0829,27.5423,51.2054,14.0923,32.2796,66.434,14.0953,37.662,85.6061,14.0962,43.7675,109.74,14.0965,50.687,140.119,14.0966,58.5249,178.359,14.0966,67.4005,226.493,14.0966,77.4493,287.08,14.0966,88.8254,363.343,14.0966,101.703,459.336,14.0966,116.281,580.161,14.0966,132.782,732.241,14.0966,151.46,923.655,14.0966,172.603,1164.57,14.0966,196.535,1467.79,14.0966,223.625,1849.39,14.0966,254.288,2329.62,14.0966,288.997,2933.93,14.0966,328.285,3694.33,14.0966,372.755,4651.04,14.0966,423.092,5854.57,14.0966,480.07,7368.38,14.0966,544.564,9272.08,14.0966,617.566,11665.5,14.0966,700.197,14673.6,14.0966,793.729,18452.9,14.0966,899.599,23198.6,14.0966,1019.43,29154.1,14.0966,1155.07,36622.3,14.0966,1308.6,45977.9,14.0966,1482.39,57683.7,14.0966,1679.09,72307.8,14.0966,1901.73,90542.8,14.0966,2153.73,113226,14.0966,2438.97,141360,14.0966,2761.81,176127,14.0966,3127.22,218898,14.0966,3540.81,271226,14.0966,4008.92,334817,14.0966,4538.74,411470,14.0966,5138.38,502973,14.0966,5817.04,610948,14.0966,6585.12,736653,14.0966,7454.39,880741,14.0966,8438.15,1.04302e+06,14.0966,9551.45,1.22224e+06,14.0966,10811.3,1.41602e+06,14.0966,12237,1.62086e+06,14.0966,11.7194,11.96,12.6541,2.21263,4.16949,0.989383,2.67766,5.84076,0.311842,3.14343,7.55825,0.0972771,3.63127,9.58578,0.0303237,4.15787,12.0912,0.00945211,4.73731,15.2286,0.00294633,5.38238,19.1721,0.000918508,6.10553,24.134,0.000286163,6.91951,30.3791,8.92692e-05,7.83792,38.2397,2.78121e-05,8.87555,48.1338,8.65134e-06,10.0489,60.5876,2.7882e-06,11.3761,76.2629,8.29036e-07,12.8779,95.9927,2.4373e-07,14.5775,120.825,4.33068e-09,16.5012,152.08,1.75749e-07,18.6784,191.415,-1.86328e-07,21.1428,240.917,1.91829e-07,23.9322,303.213,-1.81475e-07,27.0895,381.602,7.0186e-08,30.6634,480.231,-2.86769e-08,34.7087,604.316,2.40784e-07,39.2876,760.401,9.87368e-08,44.4705,956.705,1.22263e-07,50.3371,1203.54,-4.31966e-07,56.9776,1513.81,-1.9705e-07,64.494,1903.69,-2.763e-08,73.0018,2393.4,3.9185e-07,82.6317,3008.13,1.35379e-07,93.5318,3779.25,-4.16351e-08,105.869,4745.7,2.06965e-08,119.834,5955.6,-3.18887e-07,135.641,7468.12,-1.48271e-08,153.531,9355.62,2.00739e-07,173.781,11705.8,2.28358e-07,196.701,14624.1,-1.93587e-08,222.642,18235,-2.88101e-07,252.003,22683.4,-2.24732e-07,285.234,28134,8.56806e-09,322.845,34767,2.34258e-07,365.413,42770.9,2.99668e-07,413.588,52327.9,8.28644e-08,468.111,63591.2,-3.07049e-07,529.814,76653.2,-3.1888e-07,599.642,91502.5,-6.72276e-08,678.662,107975,2.26339e-07,768.083,125705,3.69212e-07,869.267,144088,2.04077e-07,983.76,162277,-2.80509e-07,1113.3,179223,-4.22737e-07,1259.87,193777,-1.71951e-07,1425.68,204839,4.55555e-07,11.7194,11.96,12.6541,2.21263,4.16949,0.989383,2.67766,5.84076,0.311842,3.14343,7.55825,0.0972771,3.63127,9.58578,0.0303237,4.15787,12.0912,0.00945211,4.73731,15.2286,0.00294633,5.38238,19.1721,0.000918508,6.10553,24.134,0.000286163,6.91951,30.3791,8.92692e-05,7.83792,38.2397,2.78121e-05,8.87555,48.1338,8.65134e-06,10.0489,60.5876,2.7882e-06,11.3761,76.2629,8.29036e-07,12.8779,95.9927,2.4373e-07,14.5775,120.825,1e-08,16.5012,152.08,1.75749e-07,18.6784,191.415,1e-08,21.1428,240.917,1.91829e-07,23.9322,303.213,1e-08,27.0895,381.602,7.0186e-08,30.6634,480.231,1e-08,34.7087,604.316,2.40784e-07,39.2876,760.401,9.87368e-08,44.4705,956.705,1.22263e-07,50.3371,1203.54,1e-08,56.9776,1513.81,1e-08,64.494,1903.69,1e-08,73.0018,2393.4,3.9185e-07,82.6317,3008.13,1.35379e-07,93.5318,3779.25,1e-08,105.869,4745.7,2.06965e-08,119.834,5955.6,1e-08,135.641,7468.12,1e-08,153.531,9355.62,2.00739e-07,173.781,11705.8,2.28358e-07,196.701,14624.1,1e-08,222.642,18235,1e-08,252.003,22683.4,1e-08,285.234,28134,1e-08,322.845,34767,2.34258e-07,365.413,42770.9,2.99668e-07,413.588,52327.9,8.28644e-08,468.111,63591.2,1e-08,529.814,76653.2,1e-08,599.642,91502.5,1e-08,678.662,107975,2.26339e-07,768.083,125705,3.69212e-07,869.267,144088,2.04077e-07,983.76,162277,1e-08,1113.3,179223,1e-08,1259.87,193777,1e-08,1425.68,204839,4.55555e-07,6.2823,3.27286,2.43537,0.219672,6.18826,2.24117,0.56371,6.87772,2.63624,0.308279,16,10,13,0,4,0,1,1,0,1,6,1,3,3,0,2,26,0,5,11,0,1,16,0,3,10,0,6,57,0,3,50,0,12,47,0,15,52,0,9,86,0,21,146,0,24,164,0,14,102,0,9,180,0,5,236,0,22,376,0,23,525,0,18,411,0,59,386,0,49,419,0,38,1618,0,38,649,0,26,1479,0,81,2174,0,103,940,0,111,2383,0,18,2906,0,181,4229,0,110,5492,0,82,5928,0,103,6472,0,210,18099,0,262,23523,0,88,12832,0,513,25756,0,257,28383,0,315,16965,0,597,58970,0,578,31194,0,847,39334,0,467,47814,0,363,44658,0,917,68591,0,947,84296,0,893,198854,0,1207,101182,0,822,201842,0,704,183228,0,1987,139002,0
-1.05176e+08,1,8.88811e-15,10,1023,0,1.05176e+08,0.528882,1.08665,0.389689,0.145397,0.379329,3.24381,0.161596,0.446195,1.77396,0.159177,1.15e+07,4.49998e+06,6.79999e+06,1.15e+07,4.49997e+06,6.79999e+06,1.15e+07,4.49996e+06,6.79999e+06,1.15e+07,4.49995e+06,6.79999e+06,1.14999e+07,4.49993e+06,6.79999e+06,1.14999e+07,4.49991e+06,6.79999e+06,1.14999e+07,4.49989e+06,6.79999e+06,1.14999e+07,4.49986e+06,6.79999e+06,1.14999e+07,4.49982e+06,6.79999e+06,1.14999e+07,4.49977e+06,6.79999e+06,1.14999e+07,4.49971e+06,6.79999e+06,1.14999e+07,4.49963e+06,6.79999e+06,1.14998e+07,4.49953e+06,6.79999e+06,1.14998e+07,4.49941e+06,6.79999e+06,1.14998e+07,4.49926e+06,6.79999e+06,1.14998e+07,4.49906e+06,6.79999e+06,1.14997e+07,4.49882e+06,6.79999e+06,1.14997e+07,4.49851e+06,6.79999e+06,1.14997e+07,4.49812e+06,6.79999e+06,1.14996e+07,4.49764e+06,6.79999e+06,1.14996e+07,4.49702e+06,6.79999e+06,1.14995e+07,4.49625e+06,6.79999e+06,1.14995e+07,4.49528e+06,6.79999e+06,1.14994e+07,4.49406e+06,6.79999e+06,1.14993e+07,4.49253e+06,6.79999e+06,1.14992e+07,4.49059e+06,6.79999e+06,1.14991e+07,4.48817e+06,6.79999e+06,1.1499e+07,4.48511e+06,6.79999e+06,1.14988e+07,4.48128e+06,6.79999e+06,1.14987e+07,4.47646e+06,6.79999e+06,1.14985e+07,4.47041e+06,6.79999e+06,1.14983e+07,4.46281e+06,6.79999e+06,1.14981e+07,4.4533e+06,6.79999e+06,1.14979e+07,4.44138e+06,6.79999e+06,1.14976e+07,4.42649e+06,6.79999e+06,1.14972e+07,4.40789e+06,6.79999e+06,1.14969e+07,4.38471e+06,6.79999e+06,1.14965e+07,4.35592e+06,6.79999e+06,1.1496e+07,4.32027e+06,6.79999e+06,1.14955e+07,4.27629e+06,6.79999e+06,1.14949e+07,4.22231e+06,6.79999e+06,1.14942e+07,4.15647e+06,6.79999e+06,1.14934e+07,4.07676e+06,6.79999e+06,1.14926e+07,3.98112e+06,6.79999e+06,1.14916e+07,3.86765e+06,6.79999e+06,1.14905e+07,3.73474e+06,6.79999e+06,1.14892e+07,3.58148e+06,6.79999e+06,1.14878e+07,3.40785e+06,6.79999e+06,1.14862e+07,3.21513e+06,6.79999e+06,1.14844e+07,3.00605e+06,6.79999e+06,1.14823e+07,2.7848e+06,6.79999e+06,1.148e+07,2.5568e+06,6.79999e+06,1.14773e+07,2.32825e+06,6.79999e+06,13.5742,8.52444,0.508366,16.8306,13.2585,0.162638,20.0035,17.569,0.0507846,23.2616,22.4214,0.0158319,26.7328,28.3297,0.00493498,30.5212,35.6974,0.00153831,34.7178,44.9473,0.000479527,39.4086,56.5822,0.000149456,44.6796,71.2245,4.66214e-05,50.6209,89.6543,1.45419e-05,57.3297,112.852,4.54748e-06,64.9129,142.051,1.43857e-06,73.4897,178.803,4.36618e-07,83.1934,225.062,1.40153e-07,94.1745,283.286,4.96378e-08,106.602,356.568,1.05434e-07,120.669,448.799,-6.49244e-08,136.59,564.873,1.70148e-07,154.611,710.948,-5.34594e-08,175.008,894.767,1.63407e-07,198.097,1126.06,8.04804e-08,224.231,1417.07,1.14667e-07,253.813,1783.15,-1.71227e-07,287.297,2243.62,-2.88466e-07,325.198,2822.67,-4.33651e-07,368.098,3550.67,7.9318e-08,416.657,4465.65,3.13319e-07,471.621,5615.16,3.4613e-07,533.835,7058.61,-1.19199e-07,604.255,8870.02,-2.79964e-07,683.962,11141.4,-2.30521e-07,774.182,13986.7,-2.55099e-07,876.299,17546.4,1.23585e-07,991.883,21993.1,1.41192e-07,1122.71,27536.7,-9.71886e-08,1270.78,34430.7,-3.68368e-07,1438.38,42977.7,-3.45379e-07,1628.07,53532.7,-3.25328e-09,1842.77,66504.6,2.6362e-07,2085.77,82350.2,2.53445e-07,2360.79,101560,-2.47407e-08,2672.05,124632,-3.80602e-07,3024.31,152018,-4.79005e-07,3422.98,184060,-1.14379e-07,3874.15,220884,2.64297e-07,4384.72,262283,3.44131e-07,4962.49,307576,7.5349e-08,5616.29,355497,-3.63097e-07,6356.1,404126,-6.05442e-07,7193.18,450932,-2.72333e-07,8140.28,492963,2.29675e-07,9211.79,527178,4.3387e-07,10424,550893,-1.0711e-07,10.102,8.06553,2.81012,10.6436,8.57909,0.869423,11.5336,10.2515,0.270869,12.7211,12.7138,0.0844293,14.1823,15.9373,0.0263173,15.9122,20.0383,0.0082035,17.9198,25.2154,0.00255722,20.2244,31.7373,0.000797017,22.8539,39.9486,0.000248622,25.8438,50.2851,7.75492e-05,29.237,63.2963,2.42508e-05,33.0837,79.6738,7.67162e-06,37.4415,100.288,2.32837e-06,42.3767,126.236,7.33e-07,47.9646,158.896,2.79256e-07,54.2906,200.003,9.87351e-09,61.452,251.741,1.61085e-07,69.5585,316.859,-2.47141e-07,78.7347,398.812,8.93552e-08,89.1218,501.948,-2.53231e-07,100.879,631.736,-1.25047e-07,114.188,795.049,-1.78808e-07,129.252,1000.53,2.6733e-07,146.304,1259.03,4.50292e-07,165.605,1584.19,6.76904e-07,187.452,1993.12,-1.23808e-07,212.181,2507.27,-4.89068e-07,240.173,3153.54,-5.40284e-07,271.856,3965.56,1.86061e-07,307.719,4985.38,4.37004e-07,348.313,6265.4,3.59828e-07,394.26,7870.83,3.98192e-07,446.268,9882.51,-1.92908e-07,505.135,12400.3,-2.20392e-07,571.766,15546.9,1.51705e-07,647.184,19472.2,5.74996e-07,732.547,24357.4,5.39112e-07,829.167,30420,5.07815e-09,938.526,37916.3,-4.11492e-07,1062.3,47143.9,-3.9561e-07,1202.4,58439.2,3.86185e-08,1360.96,72169.3,5.94093e-07,1540.42,88715.8,7.47693e-07,1743.53,108445,1.78537e-07,1973.41,131665,-4.12549e-07,2233.57,158557,-5.37164e-07,2528,189103,-1.17615e-07,2861.2,222986,5.66769e-07,3238.27,259510,9.45053e-07,3664.97,297540,4.25093e-07,4147.81,335497,-3.58506e-07,4694.17,371444,-6.7724e-07,5312.37,403256,1.67192e-07,1.61744,3.89446,9.84394,3.28846,7.5504,12.774,5.07607,11.7187,13.6844,7.03202,16.8147,13.9681,9.20215,23.1769,14.0566,11.6301,31.1672,14.0841,14.3598,41.2186,14.0927,17.4376,53.8688,14.0954,20.9137,69.7915,14.0962,24.8432,89.8341,14.0965,29.2879,115.063,14.0966,34.3168,146.819,14.0966,40.0078,186.792,14.0966,46.4487,237.107,14.0966,53.7388,300.44,14.0966,61.9903,380.158,14.0966,71.3301,480.499,14.0966,81.902,606.796,14.0966,93.8685,765.761,14.0966,107.414,965.837,14.0966,122.746,1217.65,14.0966,140.101,1534.57,14.0966,159.745,1933.41,14.0966,181.981,2435.3,14.0966,207.15,3066.85,14.0966,235.64,3861.46,14.0966,267.889,4861.11,14.0966,304.391,6118.54,14.0966,345.709,7699.91,14.0966,392.478,9688.22,14.0966,445.417,12187.5,14.0966,505.339,15327.7,14.0966,573.165,19271.6,14.0966,649.938,24222,14.0966,736.839,30430.9,14.0966,835.202,38211.5,14.0966,946.539,47950.3,14.0966,1072.56,60122.8,14.0966,1215.21,75309.9,14.0966,1376.66,94216.2,14.0966,1559.41,117688,14.0966,1766.26,146729,14.0966,2000.39,182510,14.0966,2265.39,226372,14.0966,2565.33,279806,14.0966,2904.81,344416,14.0966,3289.05,421845,14.0966,3723.93,513667,14.0966,4216.13,621231,14.0966,4773.18,745478,14.0966,5403.64,886744,14.0966,6117.15,1.04457e+06,14.0966,6924.63,1.2176e+06,14.0966,11.7194,11.96,12.6541,13.9321,16.1295,13.6434,16.6097,21.9702,13.9553,19.7532,29.5285,14.0526,23.3844,39.1143,14.0829,27.5423,51.2054,14.0923,32.2796,66.434,14.0953,37.662,85.6061,14.0962,43.7675,109.74,14.0965,50.687,140.119,14.0966,58.5249,178.359,14.0966,67.4005,226.493,14.0966,77.4493,287.08,14.0966,88.8254,363.343,14.0966,101.703,459.336,14.0966,116.281,580.161,14.0966,132.782,732.241,14.0966,151.46,923.655,14.0966,172.603,1164.57,14.0966,196.535,1467.79,14.0966,223.625,1849.39,14.0966,254.288,2329.62,14.0966,288.997,2933.93,14.0966,328.285,3694.33,14.0966,372.755,4651.04,14.0966,423.092,5854.57,14.0966,480.07,7368.38,14.0966,544.564,9272.08,14.0966,617.566,11665.5,14.0966,700.197,14673.6,14.0966,793.729,18452.9,14.0966,899.599,23198.6,14.0966,1019.43,29154.1,14.0966,1155.07,36622.3,14.0966,1308.6,45977.9,14.0966,1482.39,57683.7,14.0966,1679.09,72307.8,14.0966,1901.73,90542.8,14.0966,2153.73,113226,14.0966,2438.97,141360,14.0966,2761.81,176127,14.0966,3127.22,218898,14.0966,3540.81,271226,14.0966,4008.92,334817,14.0966,4538.74,411470,14.0966,5138.38,502973,14.0966,5817.04,610948,14.0966,6585.12,736653,14.0966,7454.39,880741,14.0966,8438.15,1.04302e+06,14.0966,9551.45,1.22224e+06,14.0966,10811.3,1.41602e+06,14.0966,12237,1.62086e+06,14.0966,11.7194,11.96,12.6541,2.21263,4.16949,0.989383,2.67766,5.84076,0.311842,3.14343,7.55825,0.0972771,3.63127,9.58578,0.0303237,4.15787,12.0912,0.00945211,4.73731,15.2286,0.00294633,5.38238,19.1721,0.000918508,6.10553,24.134,0.000286163,6.91951,30.3791,8.92692e-05,7.83792,38.2397,2.78121e-05,8.87555,48.1338,8.65134e-06,10.0489,60.5876,2.7882e-06,11.3761,76.2629,8.29036e-07,12.8779,95.9927,2.4373e-07,14.5775,120.825,4.33068e-09,16.5012,152.08,1.75749e-07,18.6784,191.415,-1.86328e-07,21.1428,240.917,1.91829e-07,23.9322,303.213,-1.81475e-07,27.0895,381.602,7.0186e-08,30.6634,480.231,-2.86769e-08,34.7087,604.316,2.40784e-07,39.2876,760.401,9.87368e-08,44.4705,956.705,1.22263e-07,50.3371,1203.54,-4.31966e-07,56.9776,1513.81,-1.9705e-07,64.494,1903.69,-2.763e-08,73.0018,2393.4,3.9185e-07,82.6317,3008.13,1.35379e-07,93.5318,3779.25,-4.16351e-08,105.869,4745.7,2.06965e-08,119.834,5955.6,-3.18887e-07,135.641,7468.12,-1.48271e-08,153.531,9355.62,2.00739e-07,173.781,11705.8,2.28358e-07,196.701,14624.1,-1.93587e-08,222.642,18235,-2.88101e-07,252.003,22683.4,-2.24732e-07,285.234,28134,8.56806e-09,322.845,34767,2.34258e-07,365.413,42770.9,2.99668e-07,413.588,52327.9,8.28644e-08,468.111,63591.2,-3.07049e-07,529.814,76653.2,-3.1888e-07,599.642,91502.5,-6.72276e-08,678.662,107975,2.26339e-07,768.083,125705,3.69212e-07,869.267,144088,2.04077e-07,983.76,162277,-2.80509e-07,1113.3,179223,-4.22737e-07,1259.87,193777,-1.71951e-07,1425.68,204839,4.55555e-07,11.7194,11.96,12.6541,2.21263,4.16949,0.989383,2.67766,5.84076,0.311842,3.14343,7.55825,0.0972771,3.63127,9.58578,0.0303237,4.15787,12.0912,0.00945211,4.73731,15.2286,0.00294633,5.38238,19.1721,0.000918508,6.10553,24.134,0.000286163,6.91951,30.3791,8.92692e-05,7.83792,38.2397,2.78121e-05,8.87555,48.1338,8.65134e-06,10.0489,60.5876,2.7882e-06,11.3761,76.2629,8.29036e-07,12.8779,95.9927,2.4373e-07,14.5775,120.825,1e-08,16.5012,152.08,1.75749e-07,18.6784,191.415,1e-08,21.1428,240.917,1.91829e-07,23.9322,303.213,1e-08,27.0895,381.602,7.0186e-08,30.6634,480.231,1e-08,34.7087,604.316,2.40784e-07,39.2876,760.401,9.87368e-08,44.4705,956.705,1.22263e-07,50.3371,1203.54,1e-08,56.9776,1513.81,1e-08,64.494,1903.69,1e-08,73.0018,2393.4,3.9185e-07,82.6317,3008.13,1.35379e-07,93.5318,3779.25,1e-08,105.869,4745.7,2.06965e-08,119.834,5955.6,1e-08,135.641,7468.12,1e-08,153.531,9355.62,2.00739e-07,173.781,11705.8,2.28358e-07,196.701,14624.1,1e-08,222.642,18235,1e-08,252.003,22683.4,1e-08,285.234,28134,1e-08,322.845,34767,2.34258e-07,365.413,42770.9,2.99668e-07,413.588,52327.9,8.28644e-08,468.111,63591.2,1e-08,529.814,76653.2,1e-08,599.642,91502.5,1e-08,678.662,107975,2.26339e-07,768.083,125705,3.69212e-07,869.267,144088,2.04077e-07,983.76,162277,1e-08,1113.3,179223,1e-08,1259.87,193777,1e-08,1425.68,204839,4.55555e-07,6.2823,3.27286,2.43537,0.219672,6.18826,2.24117,0.56371,6.87772,2.63624,0.308279,8,20,11,5,3,2,2,7,0,1,2,0,7,9,0,3,11,0,5,19,0,5,10,0,15,19,0,5,51,0,5,21,0,7,119,0,11,98,0,19,56,0,7,122,0,13,94,0,14,256,0,33,213,0,17,216,0,26,88,0,17,260,0,7,344,0,35,248,0,31,791,0,59,957,0,32,1033,0,51,1527,0,29,2264,0,49,2103,0,79,2250,0,127,5240,0,56,5463,0,87,10490,0,193,3709,0,237,10750,0,504,9507,0,240,22646,0,175,12797,0,282,21036,0,247,16599,0,525,37499,0,235,48278,0,198,46245,0,234,58799,0,504,104915,0,497,49620,0,737,100370,0,636,20347,0,1054,86805,0,850,328672,0,834,41796,0,2181,254238,0,1273,68109,0
-1.05176e+08,1,8.88811e-15,10,1023,0,1.05176e+08,0.528882,1.08665,0.389689,0.145397,0.379329,3.24381,0.161596,0.446195,1.77396,0.159177,1.15e+07,4.49998e+06,6.79999e+06,1.15e+07,4.49997e+06,6.79999e+06,1.15e+07,4.49996e+06,6.79999e+06,1.15e+07,4.49995e+06,6.79999e+06,1.14999e+07,4.49993e+06,6.79999e+06,1.14999e+07,4.49991e+06,6.79999e+06,1.14999e+07,4.49989e+06,6.79999e+06,1.14999e+07,4.49986e+06,6.79999e+06,1.14999e+07,4.49982e+06,6.79999e+06,1.14999e+07,4.49977e+06,6.79999e+06,1.14999e+07,4.49971e+06,6.79999e+06,1.14999e+07,4.49963e+06,6.79999e+06,1.14998e+07,4.49953e+06,6.79999e+06,1.14998e+07,4.49941e+06,6.79999e+06,1.14998e+07,4.49926e+06,6.79999e+06,1.14998e+07,4.49906e+06,6.79999e+06,1.14997e+07,4.49882e+06,6.79999e+06,1.14997e+07,4.49851e+06,6.79999e+06,1.14997e+07,4.49812e+06,6.79999e+06,1.14996e+07,4.49764e+06,6.79999e+06,1.14996e+07,4.49702e+06,6.79999e+06,1.14995e+07,4.49625e+06,6.79999e+06,1.14995e+07,4.49528e+06,6.79999e+06,1.14994e+07,4.49406e+06,6.79999e+06,1.14993e+07,4.49253e+06,6.79999e+06,1.14992e+07,4.49059e+06,6.79999e+06,1.14991e+07,4.48817e+06,6.79999e+06,1.1499e+07,4.48511e+06,6.79999e+06,1.14988e+07,4.48128e+06,6.79999e+06,1.14987e+07,4.47646e+06,6.79999e+06,1.14985e+07,4.47041e+06,6.79999e+06,1.14983e+07,4.46281e+06,6.79999e+06,1.14981e+07,4.4533e+06,6.79999e+06,1.14979e+07,4.44138e+06,6.79999e+06,1.14976e+07,4.42649e+06,6.79999e+06,1.14972e+07,4.40789e+06,6.79999e+06,1.14969e+07,4.38471e+06,6.79999e+06,1.14965e+07,4.35592e+06,6.79999e+06,1.1496e+07,4.32027e+06,6.79999e+06,1.14955e+07,4.27629e+06,6.79999e+06,1.14949e+07,4.22231e+06,6.79999e+06,1.14942e+07,4.15647e+06,6.79999e+06,1.14934e+07,4.07676e+06,6.79999e+06,1.14926e+07,3.98112e+06,6.79999e+06,1.14916e+07,3.86765e+06,6.79999e+06,1.14905e+07,3.73474e+06,6.79999e+06,1.14892e+07,3.58148e+06,6.79999e+06,1.14878e+07,3.40785e+06,6.79999e+06,1.14862e+07,3.21513e+06,6.79999e+06,1.14844e+07,3.00605e+06,6.79999e+06,1.14823e+07,2.7848e+06,6.79999e+06,1.148e+07,2.5568e+06,6.79999e+06,1.14773e+07,2.32825e+06,6.79999e+06,13.5742,8.52444,0.508366,16.8306,13.2585,0.162638,20.0035,17.569,0.0507846,23.2616,22.4214,0.0158319,26.7328,28.3297,0.00493498,30.5212,35.6974,0.00153831,34.7178,44.9473,0.000479527,39.4086,56.5822,0.000149456,44.6796,71.2245,4.66214e-05,50.6209,89.6543,1.45419e-05,57.3297,112.852,4.54748e-06,64.9129,142.051,1.43857e-06,73.4897,178.803,4.36618e-07,83.1934,225.062,1.40153e-07,94.1745,283.286,4.96378e-08,106.602,356.568,1.05434e-07,120.669,448.799,-6.49244e-08,136.59,564.873,1.70148e-07,154.611,710.948,-5.34594e-08,175.008,894.767,1.63407e-07,198.097,1126.06,8.04804e-08,224.231,1417.07,1.14667e-07,253.813,1783.15,-1.71227e-07,287.297,2243.62,-2.88466e-07,325.198,2822.67,-4.33651e-07,368.098,3550.67,7.9318e-08,416.657,4465.65,3.13319e-07,471.621,5615.16,3.4613e-07,533.835,7058.61,-1.19199e-07,604.255,8870.02,-2.79964e-07,683.962,11141.4,-2.30521e-07,774.182,13986.7,-2.55099e-07,876.299,17546.4,1.23585e-07,991.883,21993.1,1.41192e-07,1122.71,27536.7,-9.71886e-08,1270.78,34430.7,-3.68368e-07,1438.38,42977.7,-3.45379e-07,1628.07,53532.7,-3.25328e-09,1842.77,66504.6,2.6362e-07,2085.77,82350.2,2.53445e-07,2360.79,101560,-2.47407e-08,2672.05,124632,-3.80602e-07,3024.31,152018,-4.79005e-07,3422.98,184060,-1.14379e-07,3874.15,220884,2.64297e-07,4384.72,262283,3.44131e-07,4962.49,307576,7.5349e-08,5616.29,355497,-3.63097e-07,6356.1,404126,-6.05442e-07,7193.18,450932,-2.72333e-07,8140.28,492963,2.29675e-07,9211.79,527178,4.3387e-07,10424,550893,-1.0711e-07,10.102,8.06553,2.81012,10.6436,8.57909,0.869423,11.5336,10.2515,0.270869,12.7211,12.7138,0.0844293,14.1823,15.9373,0.0263173,15.9122,20.0383,0.0082035,17.9198,25.2154,0.00255722,20.2244,31.7373,0.000797017,22.8539,39.9486,0.000248622,25.8438,50.2851,7.75492e-05,29.237,63.2963,2.42508e-05,33.0837,79.6738,7.67162e-06,37.4415,100.288,2.32837e-06,42.3767,126.236,7.33e-07,47.9646,158.896,2.79256e-07,54.2906,200.003,9.87351e-09,61.452,251.741,1.61085e-07,69.5585,316.859,-2.47141e-07,78.7347,398.812,8.93552e-08,89.1218,501.948,-2.53231e-07,100.879,631.736,-1.25047e-07,114.188,795.049,-1.78808e-07,129.252,1000.53,2.6733e-07,146.304,1259.03,4.50292e-07,165.605,1584.19,6.76904e-07,187.452,1993.12,-1.23808e-07,212.181,2507.27,-4.89068e-07,240.173,3153.54,-5.40284e-07,271.856,3965.56,1.86061e-07,307.719,4985.38,4.37004e-07,348.313,6265.4,3.59828e-07,394.26,7870.83,3.98192e-07,446.268,9882.51,-1.92908e-07,505.135,12400.3,-2.20392e-07,571.766,15546.9,1.51705e-07,647.184,19472.2,5.74996e-07,732.547,24357.4,5.39112e-07,829.167,30420,5.07815e-09,938.526,37916.3,-4.11492e-07,1062.3,47143.9,-3.9561e-07,1202.4,58439.2,3.86185e-08,1360.96,72169.3,5.94093e-07,1540.42,88715.8,7.47693e-07,1743.53,108445,1.78537e-07,1973.41,131665,-4.12549e-07,2233.57,158557,-5.37164e-07,2528,189103,-1.17615e-07,2861.2,222986,5.66769e-07,3238.27,259510,9.45053e-07,3664.97,297540,4.25093e-07,4147.81,335497,-3.58506e-07,4694.17,371444,-6.7724e-07,5312.37,403256,1.67192e-07,1.61744,3.89446,9.84394,3.28846,7.5504,12.774,5.07607,11.7187,13.6844,7.03202,16.8147,13.9681,9.20215,23.1769,14.0566,11.6301,31.1672,14.0841,14.3598,41.2186,14.0927,17.4376,53.8688,14.0954,20.9137,69.7915,14.0962,24.8432,89.8341,14.0965,29.2879,115.063,14.0966,34.3168,146.819,14.0966,40.0078,186.792,14.0966,46.4487,237.107,14.0966,53.7388,300.44,14.0966,61.9903,380.158,14.0966,71.3301,480.499,14.0966,81.902,606.796,14.0966,93.8685,765.761,14.0966,107.414,965.837,14.0966,122.746,1217.65,14.0966,140.101,1534.57,14.0966,159.745,1933.41,14.0966,181.981,2435.3,14.0966,207.15,3066.85,14.0966,235.64,3861.46,14.0966,267.889,4861.11,14.0966,304.391,6118.54,14.0966,345.709,7699.91,14.0966,392.478,9688.22,14.0966,445.417,12187.5,14.0966,505.339,15327.7,14.0966,573.165,19271.6,14.0966,649.938,24222,14.0966,736.839,30430.9,14.0966,835.202,38211.5,14.0966,946.539,47950.3,14.0966,1072.56,60122.8,14.0966,1215.21,75309.9,14.0966,1376.66,94216.2,14.0966,1559.41,117688,14.0966,1766.26,146729,14.0966,2000.39,182510,14.0966,2265.39,226372,14.0966,2565.33,279806,14.0966,2904.81,344416,14.0966,3289.05,421845,14.0966,3723.93,513667,14.0966,4216.13,621231,14.0966,4773.18,745478,14.0966,5403.64,886744,14.0966,6117.15,1.04457e+06,14.0966,6924.63,1.2176e+06,14.0966,11.7194,11.96,12.6541,13.9321,16.1295,13.6434,16.6097,21.9702,13.9553,19.7532,29.5285,14.0526,23.3844,39.1143,14.0829,27.5423,51.2054,14.0923,32.2796,66.434,14.0953,37.662,85.6061,14.0962,43.7675,109.74,14.0965,50.687,140.119,14.0966,58.5249,178.359,14.0966,67.4005,226.493,14.0966,77.4493,287.08,14.0966,88.8254,363.343,14.0966,101.703,459.336,14.0966,116.281,580.161,14.0966,132.782,732.241,14.0966,151.46,923.655,14.0966,172.603,1164.57,14.0966,196.535,1467.79,14.0966,223.625,1849.39,14.0966,254.288,2329.62,14.0966,288.997,2933.93,14.0966,328.285,3694.33,14.0966,372.755,4651.04,14.0966,423.092,5854.57,14.0966,480.07,7368.38,14.0966,544.564,9272.08,14.0966,617.566,11665.5,14.0966,700.197,14673.6,14.0966,793.729,18452.9,14.0966,899.599,23198.6,14.0966,1019.43,29154.1,14.0966,1155.07,36622.3,14.0966,1308.6,45977.9,14.0966,1482.39,57683.7,14.0966,1679.09,72307.8,14.0966,1901.73,90542.8,14.0966,2153.73,113226,14.0966,2438.97,141360,14.0966,2761.81,176127,14.0966,3127.22,218898,14.0966,3540.81,271226,14.0966,4008.92,334817,14.0966,4538.74,411470,14.0966,5138.38,502973,14.0966,5817.04,610948,14.0966,6585.12,736653,14.0966,7454.39,880741,14.0966,8438.15,1.04302e+06,14.0966,9551.45,1.22224e+06,14.0966,10811.3,1.41602e+06,14.0966,12237,1.62086e+06,14.0966,11.7194,11.96,12.6541,2.21263,4.16949,0.989383,2.67766,5.84076,0.311842,3.14343,7.55825,0.0972771,3.63127,9.58578,0.0303237,4.15787,12.0912,0.00945211,4.73731,15.2286,0.00294633,5.38238,19.1721,0.000918508,6.10553,24.134,0.000286163,6.91951,30.3791,8.92692e-05,7.83792,38.2397,2.78121e-05,8.87555,48.1338,8.65134e-06,10.0489,60.5876,2.7882e-06,11.3761,76.2629,8.29036e-07,12.8779,95.9927,2.4373e-07,14.5775,120.825,4.33068e-09,16.5012,152.08,1.75749e-07,18.6784,191.415,-1.86328e-07,21.1428,240.917,1.91829e-07,23.9322,303.213,-1.81475e-07,27.0895,381.602,7.0186e-08,30.6634,480.231,-2.86769e-08,34.7087,604.316,2.40784e-07,39.2876,760.401,9.87368e-08,44.4705,956.705,1.22263e-07,50.3371,1203.54,-4.31966e-07,56.9776,1513.81,-1.9705e-07,64.494,1903.69,-2.763e-08,73.0018,2393.4,3.9185e-07,82.6317,3008.13,1.35379e-07,93.5318,3779.25,-4.16351e-08,105.869,4745.7,2.06965e-08,119.834,5955.6,-3.18887e-07,135.641,7468.12,-1.48271e-08,153.531,9355.62,2.00739e-07,173.781,11705.8,2.28358e-07,196.701,14624.1,-1.93587e-08,222.642,18235,-2.88101e-07,252.003,22683.4,-2.24732e-07,285.234,28134,8.56806e-09,322.845,34767,2.34258e-07,365.413,42770.9,2.99668e-07,413.588,52327.9,8.28644e-08,468.111,63591.2,-3.07049e-07,529.814,76653.2,-3.1888e-07,599.642,91502.5,-6.72276e-08,678.662,107975,2.26339e-07,768.083,125705,3.69212e-07,869.267,144088,2.04077e-07,983.76,162277,-2.80509e-07,1113.3,179223,-4.22737e-07,1259.87,193777,-1.71951e-07,1425.68,204839,4.55555e-07,11.7194,11.96,12.6541,2.21263,4.16949,0.989383,2.67766,5.84076,0.311842,3.14343,7.55825,0.0972771,3.63127,9.58578,0.0303237,4.15787,12.0912,0.00945211,4.73731,15.2286,0.00294633,5.38238,19.1721,0.000918508,6.10553,24.134,0.000286163,6.91951,30.3791,8.92692e-05,7.83792,38.2397,2.78121e-05,8.87555,48.1338,8.65134e-06,10.0489,60.5876,2.7882e-06,11.3761,76.2629,8.29036e-07,12.8779,95.9927,2.4373e-07,14.5775,120.825,1e-08,16.5012,152.08,1.75749e-07,18.6784,191.415,1e-08,21.1428,240.917,1.91829e-07,23.9322,303.213,1e-08,27.0895,381.602,7.0186e-08,30.6634,480.231,1e-08,34.7087,604.316,2.40784e-07,39.2876,760.401,9.87368e-08,44.4705,956.705,1.22263e-07,50.3371,1203.54,1e-08,56.9776,1513.81,1e-08,64.494,1903.69,1e-08,73.0018,2393.4,3.9185e-07,82.6317,3008.13,1.35379e-07,93.5318,3779.25,1e-08,105.869,4745.7,2.06965e-08,119.834,5955.6,1e-08,135.641,7468.12,1e-08,153.531,9355.62,2.00739e-07,173.781,11705.8,2.28358e-07,196.701,14624.1,1e-08,222.642,18235,1e-08,252.003,22683.4,1e-08,285.234,28134,1e-08,322.845,34767,2.34258e-07,365.413,42770.9,2.99668e-07,413.588,52327.9,8.28644e-08,468.111,63591.2,1e-08,529.814,76653.2,1e-08,599.642,91502.5,1e-08,678.662,107975,2.26339e-07,768.083,125705,3.69212e-07,869.267,144088,2.04077e-07,983.76,162277,1e-08,1113.3,179223,1e-08,1259.87,193777,1e-08,1425.68,204839,4.55555e-07,6.2823,3.27286,2.43537,0.219672,6.18826,2.24117,0.56371,6.87772,2.63624,0.308279,10,19,16,4,5,2,2,2,1,1,12,0,2,8,0,0,6,0,4,12,0,9,16,0,0,12,0,7,39,0,4,33,0,15,43,0,13,28,0,11,102,0,4,93,0,13,144,0,7,186,0,20,147,0,29,284,0,14,367,0,53,332,0,20,203,0,25,744,0,36,671,0,52,757,0,32,601,0,47,3444,0,59,1460,0,112,1804,0,77,3222,0,89,3014,0,95,2434,0,170,8785,0,100,8764,0,220,9910,0,193,8649,0,59,11902,0,134,16873,0,385,13233,0,305,10347,0,588,77050,0,408,26927,0,493,80617,0,226,51941,0,749,97916,0,613,54616,0,811,114131,0,973,124575,0,905,215571,0,684,143338,0,724,316860,0,1302,348219,0,1759,195312,0
-1.05176e+08,1,8.88811e-15,10,1023,0,1.05176e+08,0.528882,1.08665,0.389689,0.145397,0.379329,3.24381,0.161596,0.446195,1.77396,0.159177,1.15e+07,4.49998e+06,6.79999e+06,1.15e+07,4.49997e+06,6.79999e+06,1.15e+07,4.49996e+06,6.79999e+06,1.15e+07,4.49995e+06,6.79999e+06,1.14999e+07,4.49993e+06,6.79999e+06,1.14999e+07,4.49991e+06,6.79999e+06,1.14999e+07,4.49989e+06,6.79999e+06,1.14999e+07,4.49986e+06,6.79999e+06,1.14999e+07,4.49982e+06,6.79999e+06,1.14999e+07,4.49977e+06,6.79999e+06,1.14999e+07,4.49971e+06,6.79999e+06,1.14999e+07,4.49963e+06,6.79999e+06,1.14998e+07,4.49953e+06,6.79999e+06,1.14998e+07,4.49941e+06,6.79999e+06,1.14998e+07,4.49926e+06,6.79999e+06,1.14998e+07,4.49906e+06,6.79999e+06,1.14997e+07,4.49882e+06,6.79999e+06,1.14997e+07,4.49851e+06,6.79999e+06,1.14997e+07,4.49812e+06,6.79999e+06,1.14996e+07,4.49764e+06,6.79999e+06,1.14996e+07,4.49702e+06,6.79999e+06,1.14995e+07,4.49625e+06,6.79999e+06,1.14995e+07,4.49528e+06,6.79999e+06,1.14994e+07,4.49406e+06,6.79999e+06,1.14993e+07,4.49253e+06,6.79999e+06,1.14992e+07,4.49059e+06,6.79999e+06,1.14991e+07,4.48817e+06,6.79999e+06,1.1499e+07,4.48511e+06,6.79999e+06,1.14988e+07,4.48128e+06,6.79999e+06,1.14987e+07,4.47646e+06,6.79999e+06,1.14985e+07,4.47041e+06,6.79999e+06,1.14983e+07,4.46281e+06,6.79999e+06,1.14981e+07,4.4533e+06,6.79999e+06,1.14979e+07,4.44138e+06,6.79999e+06,1.14976e+07,4.42649e+06,6.79999e+06,1.14972e+07,4.40789e+06,6.79999e+06,1.14969e+07,4.38471e+06,6.79999e+06,1.14965e+07,4.35592e+06,6.79999e+06,1.1496e+07,4.32027e+06,6.79999e+06,1.14955e+07,4.27629e+06,6.79999e+06,1.14949e+07,4.22231e+06,6.79999e+06,1.14942e+07,4.15647e+06,6.79999e+06,1.14934e+07,4.07676e+06,6.79999e+06,1.14926e+07,3.98112e+06,6.79999e+06,1.14916e+07,3.86765e+06,6.79999e+06,1.14905e+07,3.73474e+06,6.79999e+06,1.14892e+07,3.58148e+06,6.79999e+06,1.14878e+07,3.40785e+06,6.79999e+06,1.14862e+07,3.21513e+06,6.79999e+06,1.14844e+07,3.00605e+06,6.79999e+06,1.14823e+07,2.7848e+06,6.79999e+06,1.148e+07,2.5568e+06,6.79999e+06,1.14773e+07,2.32825e+06,6.79999e+06,13.5742,8.52444,0.508366,16.8306,13.2585,0.162638,20.0035,17.569,0.0507846,23.2616,22.4214,0.0158319,26.7328,28.3297,0.00493498,30.5212,35.6974,0.00153831,34.7178,44.9473,0.000479527,39.4086,56.5822,0.000149456,44.6796,71.2245,4.66214e-05,50.6209,89.6543,1.45419e-05,57.3297,112.852,4.54748e-06,64.9129,142.051,1.43857e-06,73.4897,178.803,4.36618e-07,83.1934,225.062,1.40153e-07,94.1745,283.286,4.96378e-08,106.602,356.568,1.05434e-07,120.669,448.799,-6.49244e-08,136.59,564.873,1.70148e-07,154.611,710.948,-5.34594e-08,175.008,894.767,1.63407e-07,198.097,1126.06,8.04804e-08,224.231,1417.07,1.14667e-07,253.813,1783.15,-1.71227e-07,287.297,2243.62,-2.88466e-07,325.198,2822.67,-4.33651e-07,368.098,3550.67,7.9318e-08,416.657,4465.65,3.13319e-07,471.621,5615.16,3.4613e-07,533.835,7058.61,-1.19199e-07,604.255,8870.02,-2.79964e-07,683.962,11141.4,-2.30521e-07,774.182,13986.7,-2.55099e-07,876.299,17546.4,1.23585e-07,991.883,21993.1,1.41192e-07,1122.71,27536.7,-9.71886e-08,1270.78,34430.7,-3.68368e-07,1438.38,42977.7,-3.45379e-07,1628.07,53532.7,-3.25328e-09,1842.77,66504.6,2.6362e-07,2085.77,82350.2,2.53445e-07,2360.79,101560,-2.47407e-08,2672.05,124632,-3.80602e-07,3024.31,152018,-4.79005e-07,3422.98,184060,-1.14379e-07,3874.15,220884,2.64297e-07,4384.72,262283,3.44131e-07,4962.49,307576,7.5349e-08,5616.29,355497,-3.63097e-07,6356.1,404126,-6.05442e-07,7193.18,450932,-2.72333e-07,8140.28,492963,2.29675e-07,9211.79,527178,4.3387e-07,10424,550893,-1.0711e-07,10.102,8.06553,2.81012,10.6436,8.57909,0.869423,11.5336,10.2515,0.270869,12.7211,12.7138,0.0844293,14.1823,15.9373,0.0263173,15.9122,20.0383,0.0082035,17.9198,25.2154,0.00255722,20.2244,31.7373,0.000797017,22.8539,39.9486,0.000248622,25.8438,50.2851,7.75492e-05,29.237,63.2963,2.42508e-05,33.0837,79.6738,7.67162e-06,37.4415,100.288,2.32837e-06,42.3767,126.236,7.33e-07,47.9646,158.896,2.79256e-07,54.2906,200.003,9.87351e-09,61.452,251.741,1.61085e-07,69.5585,316.859,-2.47141e-07,78.7347,398.812,8.93552e-08,89.1218,501.948,-2.53231e-07,100.879,631.736,-1.25047e-07,114.188,795.049,-1.78808e-07,129.252,1000.53,2.6733e-07,146.304,1259.03,4.50292e-07,165.605,1584.19,6.76904e-07,187.452,1993.12,-1.23808e-07,212.181,2507.27,-4.89068e-07,240.173,3153.54,-5.40284e-07,271.856,3965.56,1.86061e-07,307.719,4985.38,4.37004e-07,348.313,6265.4,3.59828e-07,394.26,7870.83,3.98192e-07,446.268,9882.51,-1.92908e-07,505.135,12400.3,-2.20392e-07,571.766,15546.9,1.51705e-07,647.184,19472.2,5.74996e-07,732.547,24357.4,5.39112e-07,829.167,30420,5.07815e-09,938.526,37916.3,-4.11492e-07,1062.3,47143.9,-3.9561e-07,1202.4,58439.2,3.86185e-08,1360.96,72169.3,5.94093e-07,1540.42,88715.8,7.47693e-07,1743.53,108445,1.78537e-07,1973.41,131665,-4.12549e-07,2233.57,158557,-5.37164e-07,2528,189103,-1.17615e-07,2861.2,222986,5.66769e-07,3238.27,259510,9.45053e-07,3664.97,297540,4.25093e-07,4147.81,335497,-3.58506e-07,4694.17,371444,-6.7724e-07,5312.37,403256,1.67192e-07,1.61744,3.89446,9.84394,3.28846,7.5504,12.774,5.07607,11.7187,13.6844,7.03202,16.8147,13.9681,9.20215,23.1769,14.0566,11.6301,31.1672,14.0841,14.3598,41.2186,14.0927,17.4376,53.8688,14.0954,20.9137,69.7915,14.0962,24.8432,89.8341,14.0965,29.2879,115.063,14.0966,34.3168,146.819,14.0966,40.0078,186.792,14.0966,46.4487,237.107,14.0966,53.7388,300.44,14.0966,61.9903,380.158,14.0966,71.3301,480.499,14.0966,81.902,606.796,14.0966,93.8685,765.761,14.0966,107.414,965.837,14.0966,122.746,1217.65,14.0966,140.101,1534.57,14.0966,159.745,1933.41,14.0966,181.981,2435.3,14.0966,207.15,3066.85,14.0966,235.64,3861.46,14.0966,267.889,4861.11,14.0966,304.391,6118.54,14.0966,345.709,7699.91,14.0966,392.478,9688.22,14.0966,445.417,12187.5,14.0966,505.339,15327.7,14.0966,573.165,19271.6,14.0966,649.938,24222,14.0966,736.839,30430.9,14.0966,835.202,38211.5,14.0966,946.539,47950.3,14.0966,1072.56,60122.8,14.0966,1215.21,75309.9,14.0966,1376.66,94216.2,14.0966,1559.41,117688,14.0966,1766.26,146729,14.0966,2000.39,182510,14.0966,2265.39,226372,14.0966,2565.33,279806,14.0966,2904.81,344416,14.0966,3289.05,421845,14.0966,3723.93,513667,14.0966,4216.13,621231,14.0966,4773.18,745478,14.0966,5403.64,886744,14.0966,6117.15,1.04457e+06,14.0966,6924.63,1.2176e+06,14.0966,11.7194,11.96,12.6541,13.9321,16.1295,13.6434,16.6097,21.9702,13.9553,19.7532,29.5285,14.0526,23.3844,39.1143,14.0829,27.5423,51.2054,14.0923,32.2796,66.434,14.0953,37.662,85.6061,14.0962,43.7675,109.74,14.0965,50.687,140.119,14.0966,58.5249,178.359,14.0966,67.4005,226.493,14.0966,77.4493,287.08,14.0966,88.8254,363.343,14.0966,101.703,459.336,14.0966,116.281,580.161,14.0966,132.782,732.241,14.0966,151.46,923.655,14.0966,172.603,1164.57,14.0966,196.535,1467.79,14.0966,223.625,1849.39,14.0966,254.288,2329.62,14.0966,288.997,2933.93,14.0966,328.285,3694.33,14.0966,372.755,4651.04,14.0966,423.092,5854.57,14.0966,480.07,7368.38,14.0966,544.564,9272.08,14.0966,617.566,11665.5,14.0966,700.197,14673.6,14.0966,793.729,18452.9,14.0966,899.599,23198.6,14.0966,1019.43,29154.1,14.0966,1155.07,36622.3,14.0966,1308.6,45977.9,14.0966,1482.39,57683.7,14.0966,1679.09,72307.8,14.0966,1901.73,90542.8,14.0966,2153.73,113226,14.0966,2438.97,141360,14.0966,2761.81,176127,14.0966,3127.22,218898,14.0966,3540.81,271226,14.0966,4008.92,334817,14.0966,4538.74,411470,14.0966,5138.38,502973,14.0966,5817.04,610948,14.0966,6585.12,736653,14.0966,7454.39,880741,14.0966,8438.15,1.04302e+06,14.0966,9551.45,1.22224e+06,14.0966,10811.3,1.41602e+06,14.0966,12237,1.62086e+06,14.0966,11.7194,11.96,12.6541,2.21263,4.16949,0.989383,2.67766,5.84076,0.311842,3.14343,7.55825,0.0972771,3.63127,9.58578,0.0303237,4.15787,12.0912,0.00945211,4.73731,15.2286,0.00294633,5.38238,19.1721,0.000918508,6.10553,24.134,0.000286163,6.91951,30.3791,8.92692e-05,7.83792,38.2397,2.78121e-05,8.87555,48.1338,8.65134e-06,10.0489,60.5876,2.7882e-06,11.3761,76.2629,8.29036e-07,12.8779,95.9927,2.4373e-07,14.5775,120.825,4.33068e-09,16.5012,152.08,1.75749e-07,18.6784,191.415,-1.86328e-07,21.1428,240.917,1.91829e-07,23.9322,303.213,-1.81475e-07,27.0895,381.602,7.0186e-08,30.6634,480.231,-2.86769e-08,34.7087,604.316,2.40784e-07,39.2876,760.401,9.87368e-08,44.4705,956.705,1.22263e-07,50.3371,1203.54,-4.31966e-07,56.9776,1513.81,-1.9705e-07,64.494,1903.69,-2.763e-08,73.0018,2393.4,3.9185e-07,82.6317,3008.13,1.35379e-07,93.5318,3779.25,-4.16351e-08,105.869,4745.7,2.06965e-08,119.834,5955.6,-3.18887e-07,135.641,7468.12,-1.48271e-08,153.531,9355.62,2.00739e-07,173.781,11705.8,2.28358e-07,196.701,14624.1,-1.93587e-08,222.642,18235,-2.88101e-07,252.003,22683.4,-2.24732e-07,285.234,28134,8.56806e-09,322.845,34767,2.34258e-07,365.413,42770.9,2.99668e-07,413.588,52327.9,8.28644e-08,468.111,63591.2,-3.07049e-07,529.814,76653.2,-3.1888e-07,599.642,91502.5,-6.72276e-08,678.662,107975,2.26339e-07,768.083,125705,3.69212e-07,869.267,144088,2.04077e-07,983.76,162277,-2.80509e-07,1113.3,179223,-4.22737e-07,1259.87,193777,-1.71951e-07,1425.68,204839,4.55555e-07,11.7194,11.96,12.6541,2.21263,4.16949,0.989383,2.67766,5.84076,0.311842,3.14343,7.55825,0.0972771,3.63127,9.58578,0.0303237,4.15787,12.0912,0.00945211,4.73731,15.2286,0.00294633,5.38238,19.1721,0.000918508,6.10553,24.134,0.000286163,6.91951,30.3791,8.92692e-05,7.83792,38.2397,2.78121e-05,8.87555,48.1338,8.65134e-06,10.0489,60.5876,2.7882e-06,11.3761,76.2629,8.29036e-07,12.8779,95.9927,2.4373e-07,14.5775,120.825,1e-08,16.5012,152.08,1.75749e-07,18.6784,191.415,1e-08,21.1428,240.917,1.91829e-07,23.9322,303.213,1e-08,27.0895,381.602,7.0186e-08,30.6634,480.231,1e-08,34.7087,604.316,2.40784e-07,39.2876,760.401,9.87368e-08,44.4705,956.705,1.22263e-07,50.3371,1203.54,1e-08,56.9776,1513.81,1e-08,64.494,1903.69,1e-08,73.0018,2393.4,3.9185e-07,82.6317,3008.13,1.35379e-07,93.5318,3779.25,1e-08,105.869,4745.7,2.06965e-08,119.834,5955.6,1e-08,135.641,7468.12,1e-08,153.531,9355.62,2.00739e-07,173.781,11705.8,2.28358e-07,196.701,14624.1,1e-08,222.642,18235,1e-08,252.003,22683.4,1e-08,285.234,28134,1e-08,322.845,34767,2.34258e-07,365.413,42770.9,2.99668e-07,413.588,52327.9,8.28644e-08,468.111,63591.2,1e-08,529.814,76653.2,1e-08,599.642,91502.5,1e-08,678.662,107975,2.26339e-07,768.083,125705,3.69212e-07,869.267,144088,2.04077e-07,983.76,162277,1e-08,1113.3,179223,1e-08,1259.87,193777,1e-08,1425.68,204839,4.55555e-07,6.2823,3.27286,2.43537,0.219672,6.18826,2.24117,0.56371,6.87772,2.63624,0.308279,7,22,6,1,5,0,3,6,1,4,7,0,3,2,0,4,15,0,6,31,0,3,17,0,14,40,0,4,29,0,7,27,0,6,82,0,16,43,0,6,62,0,7,37,0,15,145,0,21,102,0,18,178,0,25,388,0,25,226,0,22,435,0,27,370,0,49,479,0,59,589,0,59,770,0,22,295,0,36,1172,0,59,1147,0,105,2151,0,105,2000,0,94,1217,0,186,3648,0,83,3738,0,208,6787,0,76,2774,0,178,12283,0,129,12898,0,126,13405,0,164,28354,0,218,6628,0,236,51391,0,285,32377,0,513,35261,0,882,91606,0,406,101487,0,636,80892,0,286,55257,0,1355,98845,0,1154,232242,0,1494,99312,0,1148,95024,0,1055,255198,0,1881,131656,0
-1.05176e+08,1,8.88811e-15,10,1023,0,1.05176e+08,0.528882,1.08665,0.389689,0.145397,0.379329,3.24381,0.161596,0.446195,1.77396,0.159177,1.15e+07,4.49998e+06,6.79999e+06,1.15e+07,4.49997e+06,6.79999e+06,1.15e+07,4.49996e+06,6.79999e+06,1.15e+07,4.49995e+06,6.79999e+06,1.14999e+07,4.49993e+06,6.79999e+06,1.14999e+07,4.49991e+06,6.79999e+06,1.14999e+07,4.49989e+06,6.79999e+06,1.14999e+07,4.49986e+06,6.79999e+06,1.14999e+07,4.49982e+06,6.79999e+06,1.14999e+07,4.49977e+06,6.79999e+06,1.14999e+07,4.49971e+06,6.79999e+06,1.14999e+07,4.49963e+06,6.79999e+06,1.14998e+07,4.49953e+06,6.79999e+06,1.14998e+07,4.49941e+06,6.79999e+06,1.14998e+07,4.49926e+06,6.79999e+06,1.14998e+07,4.49906e+06,6.79999e+06,1.14997e+07,4.49882e+06,6.79999e+06,1.14997e+07,4.49851e+06,6.79999e+06,1.14997e+07,4.49812e+06,6.79999e+06,1.14996e+07,4.49764e+06,6.79999e+06,1.14996e+07,4.49702e+06,6.79999e+06,1.14995e+07,4.49625e+06,6.79999e+06,1.14995e+07,4.49528e+06,6.79999e+06,1.14994e+07,4.49406e+06,6.79999e+06,1.14993e+07,4.49253e+06,6.79999e+06,1.14992e+07,4.49059e+06,6.79999e+06,1.14991e+07,4.48817e+06,6.79999e+06,1.1499e+07,4.48511e+06,6.79999e+06,1.14988e+07,4.48128e+06,6.79999e+06,1.14987e+07,4.47646e+06,6.79999e+06,1.14985e+07,4.47041e+06,6.79999e+06,1.14983e+07,4.46281e+06,6.79999e+06,1.14981e+07,4.4533e+06,6.79999e+06,1.14979e+07,4.44138e+06,6.79999e+06,1.14976e+07,4.42649e+06,6.79999e+06,1.14972e+07,4.40789e+06,6.79999e+06,1.14969e+07,4.38471e+06,6.79999e+06,1.14965e+07,4.35592e+06,6.79999e+06,1.1496e+07,4.32027e+06,6.79999e+06,1.14955e+07,4.27629e+06,6.79999e+06,1.14949e+07,4.22231e+06,6.79999e+06,1.14942e+07,4.15647e+06,6.79999e+06,1.14934e+07,4.07676e+06,6.79999e+06,1.14926e+07,3.98112e+06,6.79999e+06,1.14916e+07,3.86765e+06,6.79999e+06,1.14905e+07,3.73474e+06,6.79999e+06,1.14892e+07,3.58148e+06,6.79999e+06,1.14878e+07,3.40785e+06,6.79999e+06,1.14862e+07,3.21513e+06,6.79999e+06,1.14844e+07,3.00605e+06,6.79999e+06,1.14823e+07,2.7848e+06,6.79999e+06,1.148e+07,2.5568e+06,6.79999e+06,1.14773e+07,2.32825e+06,6.79999e+06,13.5742,8.52444,0.508366,16.8306,13.2585,0.162638,20.0035,17.569,0.0507846,23.2616,22.4214,0.0158319,26.7328,28.3297,0.00493498,30.5212,35.6974,0.00153831,34.7178,44.9473,0.000479527,39.4086,56.5822,0.000149456,44.6796,71.2245,4.66214e-05,50.6209,89.6543,1.45419e-05,57.3297,112.852,4.54748e-06,64.9129,142.051,1.43857e-06,73.4897,178.803,4.36618e-07,83.1934,225.062,1.40153e-07,94.1745,283.286,4.96378e-08,106.602,356.568,1.05434e-07,120.669,448.799,-6.49244e-08,136.59,564.873,1.70148e-07,154.611,710.948,-5.34594e-08,175.008,894.767,1.63407e-07,198.097,1126.06,8.04804e-08,224.231,1417.07,1.14667e-07,253.813,1783.15,-1.71227e-07,287.297,2243.62,-2.88466e-07,325.198,2822.67,-4.33651e-07,368.098,3550.67,7.9318e-08,416.657,4465.65,3.13319e-07,471.621,5615.16,3.4613e-07,533.835,7058.61,-1.19199e-07,604.255,8870.02,-2.79964e-07,683.962,11141.4,-2.30521e-07,774.182,13986.7,-2.55099e-07,876.299,17546.4,1.23585e-07,991.883,21993.1,1.41192e-07,1122.71,27536.7,-9.71886e-08,1270.78,34430.7,-3.68368e-07,1438.38,42977.7,-3.45379e-07,1628.07,53532.7,-3.25328e-09,1842.77,66504.6,2.6362e-07,2085.77,82350.2,2.53445e-07,2360.79,101560,-2.47407e-08,2672.05,124632,-3.80602e-07,3024.31,152018,-4.79005e-07,3422.98,184060,-1.14379e-07,3874.15,220884,2.64297e-07,4384.72,262283,3.44131e-07,4962.49,307576,7.5349e-08,5616.29,355497,-3.63097e-07,6356.1,404126,-6.05442e-07,7193.18,450932,-2.72333e-07,8140.28,492963,2.29675e-07,9211.79,527178,4.3387e-07,10424,550893,-1.0711e-07,10.102,8.06553,2.81012,10.6436,8.57909,0.869423,11.5336,10.2515,0.270869,12.7211,12.7138,0.0844293,14.1823,15.9373,0.0263173,15.9122,20.0383,0.0082035,17.9198,25.2154,0.00255722,20.2244,31.7373,0.000797017,22.8539,39.9486,0.000248622,25.8438,50.2851,7.75492e-05,29.237,63.2963,2.42508e-05,33.0837,79.6738,7.67162e-06,37.4415,100.288,2.32837e-06,42.3767,126.236,7.33e-07,47.9646,158.896,2.79256e-07,54.2906,200.003,9.87351e-09,61.452,251.741,1.61085e-07,69.5585,316.859,-2.47141e-07,78.7347,398.812,8.93552e-08,89.1218,501.948,-2.53231e-07,100.879,631.736,-1.25047e-07,114.188,795.049,-1.78808e-07,129.252,1000.53,2.6733e-07,146.304,1259.03,4.50292e-07,165.605,1584.19,6.76904e-07,187.452,1993.12,-1.23808e-07,212.181,2507.27,-4.89068e-07,240.173,3153.54,-5.40284e-07,271.856,3965.56,1.86061e-07,307.719,4985.38,4.37004e-07,348.313,6265.4,3.59828e-07,394.26,7870.83,3.98192e-07,446.268,9882.51,-1.92908e-07,505.135,12400.3,-2.20392e-07,571.766,15546.9,1.51705e-07,647.184,19472.2,5.74996e-07,732.547,24357.4,5.39112e-07,829.167,30420,5.07815e-09,938.526,37916.3,-4.11492e-07,1062.3,47143.9,-3.9561e-07,1202.4,58439.2,3.86185e-08,1360.96,72169.3,5.94093e-07,1540.42,88715.8,7.47693e-07,1743.53,108445,1.78537e-07,1973.41,131665,-4.12549e-07,2233.57,158557,-5.37164e-07,2528,189103,-1.17615e-07,2861.2,222986,5.66769e-07,3238.27,259510,9.45053e-07,3664.97,297540,4.25093e-07,4147.81,335497,-3.58506e-07,4694.17,371444,-6.7724e-07,5312.37,403256,1.67192e-07,1.61744,3.89446,9.84394,3.28846,7.5504,12.774,5.07607,11.7187,13.6844,7.03202,16.8147,13.9681,9.20215,23.1769,14.0566,11.6301,31.1672,14.0841,14.3598,41.2186,14.0927,17.4376,53.8688,14.0954,20.9137,69.7915,14.0962,24.8432,89.8341,14.0965,29.2879,115.063,14.0966,34.3168,146.819,14.0966,40.0078,186.792,14.0966,46.4487,237.107,14.0966,53.7388,300.44,14.0966,61.9903,380.158,14.0966,71.3301,480.499,14.0966,81.902,606.796,14.0966,93.8685,765.761,14.0966,107.414,965.837,14.0966,122.746,1217.65,14.0966,140.101,1534.57,14.0966,159.745,1933.41,14.0966,181.981,2435.3,14.0966,207.15,3066.85,14.0966,235.64,3861.46,14.0966,267.889,4861.11,14.0966,304.391,6118.54,14.0966,345.709,7699.91,14.0966,392.478,9688.22,14.0966,445.417,12187.5,14.0966,505.339,15327.7,14.0966,573.165,19271.6,14.0966,649.938,24222,14.0966,736.839,30430.9,14.0966,835.202,38211.5,14.0966,946.539,47950.3,14.0966,1072.56,60122.8,14.0966,1215.21,75309.9,14.0966,1376.66,94216.2,14.0966,1559.41,117688,14.0966,1766.26,146729,14.0966,2000.39,182510,14.0966,2265.39,226372,14.0966,2565.33,279806,14.0966,2904.81,344416,14.0966,3289.05,421845,14.0966,3723.93,513667,14.0966,4216.13,621231,14.0966,4773.18,745478,14.0966,5403.64,886744,14.0966,6117.15,1.04457e+06,14.0966,6924.63,1.2176e+06,14.0966,11.7194,11.96,12.6541,13.9321,16.1295,13.6434,16.6097,21.9702,13.9553,19.7532,29.5285,14.0526,23.3844,39.1143,14.0829,27.5423,51.2054,14.0923,32.2796,66.434,14.0953,37.662,85.6061,14.0962,43.7675,109.74,14.0965,50.687,140.119,14.0966,58.5249,178.359,14.0966,67.4005,226.493,14.0966,77.4493,287.08,14.0966,88.8254,363.343,14.0966,101.703,459.336,14.0966,116.281,580.161,14.0966,132.782,732.241,14.0966,151.46,923.655,14.0966,172.603,1164.57,14.0966,196.535,1467.79,14.0966,223.625,1849.39,14.0966,254.288,2329.62,14.0966,288.997,2933.93,14.0966,328.285,3694.33,14.0966,372.755,4651.04,14.0966,423.092,5854.57,14.0966,480.07,7368.38,14.0966,544.564,9272.08,14.0966,617.566,11665.5,14.0966,700.197,14673.6,14.0966,793.729,18452.9,14.0966,899.599,23198.6,14.0966,1019.43,29154.1,14.0966,1155.07,36622.3,14.0966,1308.6,45977.9,14.0966,1482.39,57683.7,14.0966,1679.09,72307.8,14.0966,1901.73,90542.8,14.0966,2153.73,113226,14.0966,2438.97,141360,14.0966,2761.81,176127,14.0966,3127.22,218898,14.0966,3540.81,271226,14.0966,4008.92,334817,14.0966,4538.74,411470,14.0966,5138.38,502973,14.0966,5817.04,610948,14.0966,6585.12,736653,14.0966,7454.39,880741,14.0966,8438.15,1.04302e+06,14.0966,9551.45,1.22224e+06,14.0966,10811.3,1.41602e+06,14.0966,12237,1.62086e+06,14.0966,11.7194,11.96,12.6541,2.21263,4.16949,0.989383,2.67766,5.84076,0.311842,3.14343,7.55825,0.0972771,3.63127,9.58578,0.0303237,4.15787,12.0912,0.00945211,4.73731,15.2286,0.00294633,5.38238,19.1721,0.000918508,6.10553,24.134,0.000286163,6.91951,30.3791,8.92692e-05,7.83792,38.2397,2.78121e-05,8.87555,48.1338,8.65134e-06,10.0489,60.5876,2.7882e-06,11.3761,76.2629,8.29036e-07,12.8779,95.9927,2.4373e-07,14.5775,120.825,4.33068e-09,16.5012,152.08,1.75749e-07,18.6784,191.415,-1.86328e-07,21.1428,240.917,1.91829e-07,23.9322,303.213,-1.81475e-07,27.0895,381.602,7.0186e-08,30.6634,480.231,-2.86769e-08,34.7087,604.316,2.40784e-07,39.2876,760.401,9.87368e-08,44.4705,956.705,1.22263e-07,50.3371,1203.54,-4.31966e-07,56.9776,1513.81,-1.9705e-07,64.494,1903.69,-2.763e-08,73.0018,2393.4,3.9185e-07,82.6317,3008.13,1.35379e-07,93.5318,3779.25,-4.16351e-08,105.869,4745.7,2.06965e-08,119.834,5955.6,-3.18887e-07,135.641,7468.12,-1.48271e-08,153.531,9355.62,2.00739e-07,173.781,11705.8,2.28358e-07,196.701,14624.1,-1.93587e-08,222.642,18235,-2.88101e-07,252.003,22683.4,-2.24732e-07,285.234,28134,8.56806e-09,322.845,34767,2.34258e-07,365.413,42770.9,2.99668e-07,413.588,52327.9,8.28644e-08,468.111,63591.2,-3.07049e-07,529.814,76653.2,-3.1888e-07,599.642,91502.5,-6.72276e-08,678.662,107975,2.26339e-07,768.083,125705,3.69212e-07,869.267,144088,2.04077e-07,983.76,162277,-2.80509e-07,1113.3,179223,-4.22737e-07,1259.87,193777,-1.71951e-07,1425.68,204839,4.55555e-07,11.7194,11.96,12.6541,2.21263,4.16949,0.989383,2.67766,5.84076,0.311842,3.14343,7.55825,0.0972771,3.63127,9.58578,0.0303237,4.15787,12.0912,0.00945211,4.73731,15.2286,0.00294633,5.38238,19.1721,0.000918508,6.10553,24.134,0.000286163,6.91951,30.3791,8.92692e-05,7.83792,38.2397,2.78121e-05,8.87555,48.1338,8.65134e-06,10.0489,60.5876,2.7882e-06,11.3761,76.2629,8.29036e-07,12.8779,95.9927,2.4373e-07,14.5775,120.825,1e-08,16.5012,152.08,1.75749e-07,18.6784,191.415,1e-08,21.1428,240.917,1.91829e-07,23.9322,303.213,1e-08,27.0895,381.602,7.0186e-08,30.6634,480.231,1e-08,34.7087,604.316,2.40784e-07,39.2876,760.401,9.87368e-08,44.4705,956.705,1.22263e-07,50.3371,1203.54,1e-08,56.9776,1513.81,1e-08,64.494,1903.69,1e-08,73.0018,2393.4,3.9185e-07,82.6317,3008.13,1.35379e-07,93.5318,3779.25,1e-08,105.869,4745.7,2.06965e-08,119.834,5955.6,1e-08,135.641,7468.12,1e-08,153.531,9355.62,2.00739e-07,173.781,11705.8,2.28358e-07,196.701,14624.1,1e-08,222.642,18235,1e-08,252.003,22683.4,1e-08,285.234,28134,1e-08,322.845,34767,2.34258e-07,365.413,42770.9,2.99668e-07,413.588,52327.9,8.28644e-08,468.111,63591.2,1e-08,529.814,76653.2,1e-08,599.642,91502.5,1e-08,678.662,107975,2.26339e-07,768.083,125705,3.69212e-07,869.267,144088,2.04077e-07,983.76,162277,1e-08,1113.3,179223,1e-08,1259.87,193777,1e-08,1425.68,204839,4.55555e-07,6.2823,3.27286,2.43537,0.219672,6.18826,2.24117,0.56371,6.87772,2.63624,0.308279,13,10,4,3,3,0,1,6,1,5,8,0,5,7,0,5,7,0,4,12,0,8,8,0,5,37,0,4,25,0,6,22,0,13,23,0,2,23,0,4,50,0,7,121,0,13,112,0,11,91,0,13,158,0,18,218,0,12,323,0,18,241,0,37,696,0,27,347,0,24,440,0,52,1319,0,58,963,0,44,1174,0,50,1800,0,114,1965,0,64,3513,0,57,2551,0,74,2940,0,94,4424,0,118,7913,0,196,4794,0,233,8551,0,366,14905,0,190,19887,0,296,15924,0,208,25234,0,174,16069,0,394,50720,0,278,49955,0,442,42822,0,529,66486,0,596,100476,0,154,99925,0,497,85054,0,1093,134277,0,587,111737,0,642,102261,0,1803,129454,0,1543,106365,0
-1.05176e+08,1,8.88811e-15,10,1023,0,1.05176e+08,0.528882,1.08665,0.389689,0.145397,0.379329,3.24381,0.161596,0.446195,1.77396,0.159177,1.15e+07,4.49998e+06,6.79999e+06,1.15e+07,4.49997e+06,6.79999e+06,1.15e+07,4.49996e+06,6.79999e+06,1.15e+07,4.49995e+06,6.79999e+06,1.14999e+07,4.49993e+06,6.79999e+06,1.14999e+07,4.49991e+06,6.79999e+06,1.14999e+07,4.49989e+06,6.79999e+06,1.14999e+07,4.49986e+06,6.79999e+06,1.14999e+07,4.49982e+06,6.79999e+06,1.14999e+07,4.49977e+06,6.79999e+06,1.14999e+07,4.49971e+06,6.79999e+06,1.14999e+07,4.49963e+06,6.79999e+06,1.14998e+07,4.49953e+06,6.79999e+06,1.14998e+07,4.49941e+06,6.79999e+06,1.14998e+07,4.49926e+06,6.79999e+06,1.14998e+07,4.49906e+06,6.79999e+06,1.14997e+07,4.49882e+06,6.79999e+06,1.14997e+07,4.49851e+06,6.79999e+06,1.14997e+07,4.49812e+06,6.79999e+06,1.14996e+07,4.49764e+06,6.79999e+06,1.14996e+07,4.49702e+06,6.79999e+06,1.14995e+07,4.49625e+06,6.79999e+06,1.14995e+07,4.49528e+06,6.79999e+06,1.14994e+07,4.49406e+06,6.79999e+06,1.14993e+07,4.49253e+06,6.79999e+06,1.14992e+07,4.49059e+06,6.79999e+06,1.14991e+07,4.48817e+06,6.79999e+06,1.1499e+07,4.48511e+06,6.79999e+06,1.14988e+07,4.48128e+06,6.79999e+06,1.14987e+07,4.47646e+06,6.79999e+06,1.14985e+07,4.47041e+06,6.79999e+06,1.14983e+07,4.46281e+06,6.79999e+06,1.14981e+07,4.4533e+06,6.79999e+06,1.14979e+07,4.44138e+06,6.79999e+06,1.14976e+07,4.42649e+06,6.79999e+06,1.14972e+07,4.40789e+06,6.79999e+06,1.14969e+07,4.38471e+06,6.79999e+06,1.14965e+07,4.35592e+06,6.79999e+06,1.1496e+07,4.32027e+06,6.79999e+06,1.14955e+07,4.27629e+06,6.79999e+06,1.14949e+07,4.22231e+06,6.79999e+06,1.14942e+07,4.15647e+06,6.79999e+06,1.14934e+07,4.07676e+06,6.79999e+06,1.14926e+07,3.98112e+06,6.79999e+06,1.14916e+07,3.86765e+06,6.79999e+06,1.14905e+07,3.73474e+06,6.79999e+06,1.14892e+07,3.58148e+06,6.79999e+06,1.14878e+07,3.40785e+06,6.79999e+06,1.14862e+07,3.21513e+06,6.79999e+06,1.14844e+07,3.00605e+06,6.79999e+06,1.14823e+07,2.7848e+06,6.79999e+06,1.148e+07,2.5568e+06,6.79999e+06,1.14773e+07,2.32825e+06,6.79999e+06,13.5742,8.52444,0.508366,16.8306,13.2585,0.162638,20.0035,17.569,0.0507846,23.2616,22.4214,0.0158319,26.7328,28.3297,0.00493498,30.5212,35.6974,0.00153831,34.7178,44.9473,0.000479527,39.4086,56.5822,0.000149456,44.6796,71.2245,4.66214e-05,50.6209,89.6543,1.45419e-05,57.3297,112.852,4.54748e-06,64.9129,142.051,1.43857e-06,73.4897,178.803,4.36618e-07,83.1934,225.062,1.40153e-07,94.1745,283.286,4.96378e-08,106.602,356.568,1.05434e-07,120.669,448.799,-6.49244e-08,136.59,564.873,1.70148e-07,154.611,710.948,-5.34594e-08,175.008,894.767,1.63407e-07,198.097,1126.06,8.04804e-08,224.231,1417.07,1.14667e-07,253.813,1783.15,-1.71227e-07,287.297,2243.62,-2.88466e-07,325.198,2822.67,-4.33651e-07,368.098,3550.67,7.9318e-08,416.657,4465.65,3.13319e-07,471.621,5615.16,3.4613e-07,533.835,7058.61,-1.19199e-07,604.255,8870.02,-2.79964e-07,683.962,11141.4,-2.30521e-07,774.182,13986.7,-2.55099e-07,876.299,17546.4,1.23585e-07,991.883,21993.1,1.41192e-07,1122.71,27536.7,-9.71886e-08,1270.78,34430.7,-3.68368e-07,1438.38,42977.7,-3.45379e-07,1628.07,53532.7,-3.25328e-09,1842.77,66504.6,2.6362e-07,2085.77,82350.2,2.53445e-07,2360.79,101560,-2.47407e-08,2672.05,124632,-3.80602e-07,3024.31,152018,-4.79005e-07,3422.98,184060,-1.14379e-07,3874.15,220884,2.64297e-07,4384.72,262283,3.44131e-07,4962.49,307576,7.5349e-08,5616.29,355497,-3.63097e-07,6356.1,404126,-6.05442e-07,7193.18,450932,-2.72333e-07,8140.28,492963,2.29675e-07,9211.79,527178,4.3387e-07,10424,550893,-1.0711e-07,10.102,8.06553,2.81012,10.6436,8.57909,0.869423,11.5336,10.2515,0.270869,12.7211,12.7138,0.0844293,14.1823,15.9373,0.0263173,15.9122,20.0383,0.0082035,17.9198,25.2154,0.00255722,20.2244,31.7373,0.000797017,22.8539,39.9486,0.000248622,25.8438,50.2851,7.75492e-05,29.237,63.2963,2.42508e-05,33.0837,79.6738,7.67162e-06,37.4415,100.288,2.32837e-06,42.3767,126.236,7.33e-07,47.9646,158.896,2.79256e-07,54.2906,200.003,9.87351e-09,61.452,251.741,1.61085e-07,69.5585,316.859,-2.47141e-07,78.7347,398.812,8.93552e-08,89.1218,501.948,-2.53231e-07,100.879,631.736,-1.25047e-07,114.188,795.049,-1.78808e-07,129.252,1000.53,2.6733e-07,146.304,1259.03,4.50292e-07,165.605,1584.19,6.76904e-07,187.452,1993.12,-1.23808e-07,212.181,2507.27,-4.89068e-07,240.173,3153.54,-5.40284e-07,271.856,3965.56,1.86061e-07,307.719,4985.38,4.37004e-07,348.313,6265.4,3.59828e-07,394.26,7870.83,3.98192e-07,446.268,9882.51,-1.92908e-07,505.135,12400.3,-2.20392e-07,571.766,15546.9,1.51705e-07,647.184,19472.2,5.74996e-07,732.547,24357.4,5.39112e-07,829.167,30420,5.07815e-09,938.526,37916.3,-4.11492e-07,1062.3,47143.9,-3.9561e-07,1202.4,58439.2,3.86185e-08,1360.96,72169.3,5.94093e-07,1540.42,88715.8,7.47693e-07,1743.53,108445,1.78537e-07,1973.41,131665,-4.12549e-07,2233.57,158557,-5.37164e-07,2528,189103,-1.17615e-07,2861.2,222986,5.66769e-07,3238.27,259510,9.45053e-07,3664.97,297540,4.25093e-07,4147.81,335497,-3.58506e-07,4694.17,371444,-6.7724e-07,5312.37,403256,1.67192e-07,1.61744,3.89446,9.84394,3.28846,7.5504,12.774,5.07607,11.7187,13.6844,7.03202,16.8147,13.9681,9.20215,23.1769,14.0566,11.6301,31.1672,14.0841,14.3598,41.2186,14.0927,17.4376,53.8688,14.0954,20.9137,69.7915,14.0962,24.8432,89.8341,14.0965,29.2879,115.063,14.0966,34.3168,146.819,14.0966,40.0078,186.792,14.0966,46.4487,237.107,14.0966,53.7388,300.44,14.0966,61.9903,380.158,14.0966,71.3301,480.499,14.0966,81.902,606.796,14.0966,93.8685,765.761,14.0966,107.414,965.837,14.0966,122.746,1217.65,14.0966,140.101,1534.57,14.0966,159.745,1933.41,14.0966,181.981,2435.3,14.0966,207.15,3066.85,14.0966,235.64,3861.46,14.0966,267.889,4861.11,14.0966,304.391,6118.54,14.0966,345.709,7699.91,14.0966,392.478,9688.22,14.0966,445.417,12187.5,14.0966,505.339,15327.7,14.0966,573.165,19271.6,14.0966,649.938,24222,14.0966,736.839,30430.9,14.0966,835.202,38211.5,14.0966,946.539,47950.3,14.0966,1072.56,60122.8,14.0966,1215.21,75309.9,14.0966,1376.66,94216.2,14.0966,1559.41,117688,14.0966,1766.26,146729,14.0966,2000.39,182510,14.0966,2265.39,226372,14.0966,2565.33,279806,14.0966,2904.81,344416,14.0966,3289.05,421845,14.0966,3723.93,513667,14.0966,4216.13,621231,14.0966,4773.18,745478,14.0966,5403.64,886744,14.0966,6117.15,1.04457e+06,14.0966,6924.63,1.2176e+06,14.0966,11.7194,11.96,12.6541,13.9321,16.1295,13.6434,16.6097,21.9702,13.9553,19.7532,29.5285,14.0526,23.3844,39.1143,14.0829,27.5423,51.2054,14.0923,32.2796,66.434,14.0953,37.662,85.6061,14.0962,43.7675,109.74,14.0965,50.687,140.119,14.0966,58.5249,178.359,14.0966,67.4005,226.493,14.0966,77.4493,287.08,14.0966,88.8254,363.343,14.0966,101.703,459.336,14.0966,116.281,580.161,14.0966,132.782,732.241,14.0966,151.46,923.655,14.0966,172.603,1164.57,14.0966,196.535,1467.79,14.0966,223.625,1849.39,14.0966,254.288,2329.62,14.0966,288.997,2933.93,14.0966,328.285,3694.33,14.0966,372.755,4651.04,14.0966,423.092,5854.57,14.0966,480.07,7368.38,14.0966,544.564,9272.08,14.0966,617.566,11665.5,14.0966,700.197,14673.6,14.0966,793.729,18452.9,14.0966,899.599,23198.6,14.0966,1019.43,29154.1,14.0966,1155.07,36622.3,14.0966,1308.6,45977.9,14.0966,1482.39,57683.7,14.0966,1679.09,72307.8,14.0966,1901.73,90542.8,14.0966,2153.73,113226,14.0966,2438.97,141360,14.0966,2761.81,176127,14.0966,3127.22,218898,14.0966,3540.81,271226,14.0966,4008.92,334817,14.0966,4538.74,411470,14.0966,5138.38,502973,14.0966,5817.04,610948,14.0966,6585.12,736653,14.0966,7454.39,880741,14.0966,8438.15,1.04302e+06,14.0966,9551.45,1.22224e+06,14.0966,10811.3,1.41602e+06,14.0966,12237,1.62086e+06,14.0966,11.7194,11.96,12.6541,2.21263,4.16949,0.989383,2.67766,5.84076,0.311842,3.14343,7.55825,0.0972771,3.63127,9.58578,0.0303237,4.15787,12.0912,0.00945211,4.73731,15.2286,0.00294633,5.38238,19.1721,0.000918508,6.10553,24.134,0.000286163,6.91951,30.3791,8.92692e-05,7.83792,38.2397,2.78121e-05,8.87555,48.1338,8.65134e-06,10.0489,60.5876,2.7882e-06,11.3761,76.2629,8.29036e-07,12.8779,95.9927,2.4373e-07,14.5775,120.825,4.33068e-09,16.5012,152.08,1.75749e-07,18.6784,191.415,-1.86328e-07,21.1428,240.917,1.91829e-07,23.9322,303.213,-1.81475e-07,27.0895,381.602,7.0186e-08,30.6634,480.231,-2.86769e-08,34.7087,604.316,2.40784e-07,39.2876,760.401,9.87368e-08,44.4705,956.705,1.22263e-07,50.3371,1203.54,-4.31966e-07,56.9776,1513.81,-1.9705e-07,64.494,1903.69,-2.763e-08,73.0018,2393.4,3.9185e-07,82.6317,3008.13,1.35379e-07,93.5318,3779.25,-4.16351e-08,105.869,4745.7,2.06965e-08,119.834,5955.6,-3.18887e-07,135.641,7468.12,-1.48271e-08,153.531,9355.62,2.00739e-07,173.781,11705.8,2.28358e-07,196.701,14624.1,-1.93587e-08,222.642,18235,-2.88101e-07,252.003,22683.4,-2.24732e-07,285.234,28134,8.56806e-09,322.845,34767,2.34258e-07,365.413,42770.9,2.99668e-07,413.588,52327.9,8.28644e-08,468.111,63591.2,-3.07049e-07,529.814,76653.2,-3.1888e-07,599.642,91502.5,-6.72276e-08,678.662,107975,2.26339e-07,768.083,125705,3.69212e-07,869.267,144088,2.04077e-07,983.76,162277,-2.80509e-07,1113.3,179223,-4.22737e-07,1259.87,193777,-1.71951e-07,1425.68,204839,4.55555e-07,11.7194,11.96,12.6541,2.21263,4.16949,0.989383,2.67766,5.84076,0.311842,3.14343,7.55825,0.0972771,3.63127,9.58578,0.0303237,4.15787,12.0912,0.00945211,4.73731,15.2286,0.00294633,5.38238,19.1721,0.000918508,6.10553,24.134,0.000286163,6.91951,30.3791,8.92692e-05,7.83792,38.2397,2.78121e-05,8.87555,48.1338,8.65134e-06,10.0489,60.5876,2.7882e-06,11.3761,76.2629,8.29036e-07,12.8779,95.9927,2.4373e-07,14.5775,120.825,1e-08,16.5012,152.08,1.75749e-07,18.6784,191.415,1e-08,21.1428,240.917,1.91829e-07,23.9322,303.213,1e-08,27.0895,381.602,7.0186e-08,30.6634,480.231,1e-08,34.7087,604.316,2.40784e-07,39.2876,760.401,9.87368e-08,44.4705,956.705,1.22263e-07,50.3371,1203.54,1e-08,56.9776,1513.81,1e-08,64.494,1903.69,1e-08,73.0018,2393.4,3.9185e-07,82.6317,3008.13,1.35379e-07,93.5318,3779.25,1e-08,105.869,4745.7,2.06965e-08,119.834,5955.6,1e-08,135.641,7468.12,1e-08,153.531,9355.62,2.00739e-07,173.781,11705.8,2.28358e-07,196.701,14624.1,1e-08,222.642,18235,1e-08,252.003,22683.4,1e-08,285.234,28134,1e-08,322.845,34767,2.34258e-07,365.413,42770.9,2.99668e-07,413.588,52327.9,8.28644e-08,468.111,63591.2,1e-08,529.814,76653.2,1e-08,599.642,91502.5,1e-08,678.662,107975,2.26339e-07,768.083,125705,3.69212e-07,869.267,144088,2.04077e-07,983.76,162277,1e-08,1113.3,179223,1e-08,1259.87,193777,1e-08,1425.68,204839,4.55555e-07,6.2823,3.27286,2.43537,0.219672,6.18826,2.24117,0.56371,6.87772,2.63624,0.308279,6,13,18,1,8,2,3,7,1,3,2,0,2,9,0,6,11,0,5,32,0,8,21,0,14,40,0,6,70,0,8,31,0,5,81,0,4,36,0,25,47,0,2,38,0,16,88,0,11,91,0,21,97,0,31,344,0,29,451,0,28,473,0,32,587,0,34,560,0,24,565,0,37,1216,0,66,2599,0,43,1348,0,126,860,0,70,1610,0,76,1187,0,87,5103,0,166,6084,0,99,2857,0,120,6807,0,206,12904,0,168,15161,0,393,13029,0,227,14234,0,245,15873,0,271,30483,0,475,34820,0,245,45777,0,277,38837,0,453,87239,0,469,35018,0,282,79522,0,975,88828,0,705,195815,0,534,96446,0,896,276273,0,488,191041,0,1564,358513,0,1746,188069,0
-1.05176e+08,1,8.88811e-15,10,1023,0,1.05176e+08,0.528882,1.08665,0.389689,0.145397,0.379329,3.24381,0.161596,0.446195,1.77396,0.159177,1.15e+07,4.49998e+06,6.79999e+06,1.15e+07,4.49997e+06,6.79999e+06,1.15e+07,4.49996e+06,6.79999e+06,1.15e+07,4.49995e+06,6.79999e+06,1.14999e+07,4.49993e+06,6.79999e+06,1.14999e+07,4.49991e+06,6.79999e+06,1.14999e+07,4.49989e+06,6.79999e+06,1.14999e+07,4.49986e+06,6.79999e+06,1.14999e+07,4.49982e+06,6.79999e+06,1.14999e+07,4.49977e+06,6.79999e+06,1.14999e+07,4.49971e+06,6.79999e+06,1.14999e+07,4.49963e+06,6.79999e+06,1.14998e+07,4.49953e+06,6.79999e+06,1.14998e+07,4.49941e+06,6.79999e+06,1.14998e+07,4.49926e+06,6.79999e+06,1.14998e+07,4.49906e+06,6.79999e+06,1.14997e+07,4.49882e+06,6.79999e+06,1.14997e+07,4.49851e+06,6.79999e+06,1.14997e+07,4.49812e+06,6.79999e+06,1.14996e+07,4.49764e+06,6.79999e+06,1.14996e+07,4.49702e+06,6.79999e+06,1.14995e+07,4.49625e+06,6.79999e+06,1.14995e+07,4.49528e+06,6.79999e+06,1.14994e+07,4.49406e+06,6.79999e+06,1.14993e+07,4.49253e+06,6.79999e+06,1.14992e+07,4.49059e+06,6.79999e+06,1.14991e+07,4.48817e+06,6.79999e+06,1.1499e+07,4.48511e+06,6.79999e+06,1.14988e+07,4.48128e+06,6.79999e+06,1.14987e+07,4.47646e+06,6.79999e+06,1.14985e+07,4.47041e+06,6.79999e+06,1.14983e+07,4.46281e+06,6.79999e+06,1.14981e+07,4.4533e+06,6.79999e+06,1.14979e+07,4.44138e+06,6.79999e+06,1.14976e+07,4.42649e+06,6.79999e+06,1.14972e+07,4.40789e+06,6.79999e+06,1.14969e+07,4.38471e+06,6.79999e+06,1.14965e+07,4.35592e+06,6.79999e+06,1.1496e+07,4.32027e+06,6.79999e+06,1.14955e+07,4.27629e+06,6.79999e+06,1.14949e+07,4.22231e+06,6.79999e+06,1.14942e+07,4.15647e+06,6.79999e+06,1.14934e+07,4.07676e+06,6.79999e+06,1.14926e+07,3.98112e+06,6.79999e+06,1.14916e+07,3.86765e+06,6.79999e+06,1.14905e+07,3.73474e+06,6.79999e+06,1.14892e+07,3.58148e+06,6.79999e+06,1.14878e+07,3.40785e+06,6.79999e+06,1.14862e+07,3.21513e+06,6.79999e+06,1.14844e+07,3.00605e+06,6.79999e+06,1.14823e+07,2.7848e+06,6.79999e+06,1.148e+07,2.5568e+06,6.79999e+06,1.14773e+07,2.32825e+06,6.79999e+06,13.5742,8.52444,0.508366,16.8306,13.2585,0.162638,20.0035,17.569,0.0507846,23.2616,22.4214,0.0158319,26.7328,28.3297,0.00493498,30.5212,35.6974,0.00153831,34.7178,44.9473,0.000479527,39.4086,56.5822,0.000149456,44.6796,71.2245,4.66214e-05,50.6209,89.6543,1.45419e-05,57.3297,112.852,4.54748e-06,64.9129,142.051,1.43857e-06,73.4897,178.803,4.36618e-07,83.1934,225.062,1.40153e-07,94.1745,283.286,4.96378e-08,106.602,356.568,1.05434e-07,120.669,448.799,-6.49244e-08,136.59,564.873,1.70148e-07,154.611,710.948,-5.34594e-08,175.008,894.767,1.63407e-07,198.097,1126.06,8.04804e-08,224.231,1417.07,1.14667e-07,253.813,1783.15,-1.71227e-07,287.297,2243.62,-2.88466e-07,325.198,2822.67,-4.33651e-07,368.098,3550.67,7.9318e-08,416.657,4465.65,3.13319e-07,471.621,5615.16,3.4613e-07,533.835,7058.61,-1.19199e-07,604.255,8870.02,-2.79964e-07,683.962,11141.4,-2.30521e-07,774.182,13986.7,-2.55099e-07,876.299,17546.4,1.23585e-07,991.883,21993.1,1.41192e-07,1122.71,27536.7,-9.71886e-08,1270.78,34430.7,-3.68368e-07,1438.38,42977.7,-3.45379e-07,1628.07,53532.7,-3.25328e-09,1842.77,66504.6,2.6362e-07,2085.77,82350.2,2.53445e-07,2360.79,101560,-2.47407e-08,2672.05,124632,-3.80602e-07,3024.31,152018,-4.79005e-07,3422.98,184060,-1.14379e-07,3874.15,220884,2.64297e-07,4384.72,262283,3.44131e-07,4962.49,307576,7.5349e-08,5616.29,355497,-3.63097e-07,6356.1,404126,-6.05442e-07,7193.18,450932,-2.72333e-07,8140.28,492963,2.29675e-07,9211.79,527178,4.3387e-07,10424,550893,-1.0711e-07,10.102,8.06553,2.81012,10.6436,8.57909,0.869423,11.5336,10.2515,0.270869,12.7211,12.7138,0.0844293,14.1823,15.9373,0.0263173,15.9122,20.0383,0.0082035,17.9198,25.2154,0.00255722,20.2244,31.7373,0.000797017,22.8539,39.9486,0.000248622,25.8438,50.2851,7.75492e-05,29.237,63.2963,2.42508e-05,33.0837,79.6738,7.67162e-06,37.4415,100.288,2.32837e-06,42.3767,126.236,7.33e-07,47.9646,158.896,2.79256e-07,54.2906,200.003,9.87351e-09,61.452,251.741,1.61085e-07,69.5585,316.859,-2.47141e-07,78.7347,398.812,8.93552e-08,89.1218,501.948,-2.53231e-07,100.879,631.736,-1.25047e-07,114.188,795.049,-1.78808e-07,129.252,1000.53,2.6733e-07,146.304,1259.03,4.50292e-07,165.605,1584.19,6.76904e-07,187.452,1993.12,-1.23808e-07,212.181,2507.27,-4.89068e-07,240.173,3153.54,-5.40284e-07,271.856,3965.56,1.86061e-07,307.719,4985.38,4.37004e-07,348.313,6265.4,3.59828e-07,394.26,7870.83,3.98192e-07,446.268,9882.51,-1.92908e-07,505.135,12400.3,-2.20392e-07,571.766,15546.9,1.51705e-07,647.184,19472.2,5.74996e-07,732.547,24357.4,5.39112e-07,829.167,30420,5.07815e-09,938.526,37916.3,-4.11492e-07,1062.3,47143.9,-3.9561e-07,1202.4,58439.2,3.86185e-08,1360.96,72169.3,5.94093e-07,1540.42,88715.8,7.47693e-07,1743.53,108445,1.78537e-07,1973.41,131665,-4.12549e-07,2233.57,158557,-5.37164e-07,2528,189103,-1.17615e-07,2861.2,222986,5.66769e-07,3238.27,259510,9.45053e-07,3664.97,297540,4.25093e-07,4147.81,335497,-3.58506e-07,4694.17,371444,-6.7724e-07,5312.37,403256,1.67192e-07,1.61744,3.89446,9.84394,3.28846,7.5504,12.774,5.07607,11.7187,13.6844,7.03202,16.8147,13.9681,9.20215,23.1769,14.0566,11.6301,31.1672,14.0841,14.3598,41.2186,14.0927,17.4376,53.8688,14.0954,20.9137,69.7915,14.0962,24.8432,89.8341,14.0965,29.2879,115.063,14.0966,34.3168,146.819,14.0966,40.0078,186.792,14.0966,46.4487,237.107,14.0966,53.7388,300.44,14.0966,61.9903,380.158,14.0966,71.3301,480.499,14.0966,81.902,606.796,14.0966,93.8685,765.761,14.0966,107.414,965.837,14.0966,122.746,1217.65,14.0966,140.101,1534.57,14.0966,159.745,1933.41,14.0966,181.981,2435.3,14.0966,207.15,3066.85,14.0966,235.64,3861.46,14.0966,267.889,4861.11,14.0966,304.391,6118.54,14.0966,345.709,7699.91,14.0966,392.478,9688.22,14.0966,445.417,12187.5,14.0966,505.339,15327.7,14.0966,573.165,19271.6,14.0966,649.938,24222,14.0966,736.839,30430.9,14.0966,835.202,38211.5,14.0966,946.539,47950.3,14.0966,1072.56,60122.8,14.0966,1215.21,75309.9,14.0966,1376.66,94216.2,14.0966,1559.41,117688,14.0966,1766.26,146729,14.0966,2000.39,182510,14.0966,2265.39,226372,14.0966,2565.33,279806,14.0966,2904.81,344416,14.0966,3289.05,421845,14.0966,3723.93,513667,14.0966,4216.13,621231,14.0966,4773.18,745478,14.0966,5403.64,886744,14.0966,6117.15,1.04457e+06,14.0966,6924.63,1.2176e+06,14.0966,11.7194,11.96,12.6541,13.9321,16.1295,13.6434,16.6097,21.9702,13.9553,19.7532,29.5285,14.0526,23.3844,39.1143,14.0829,27.5423,51.2054,14.0923,32.2796,66.434,14.0953,37.662,85.6061,14.0962,43.7675,109.74,14.0965,50.687,140.119,14.0966,58.5249,178.359,14.0966,67.4005,226.493,14.0966,77.4493,287.08,14.0966,88.8254,363.343,14.0966,101.703,459.336,14.0966,116.281,580.161,14.0966,132.782,732.241,14.0966,151.46,923.655,14.0966,172.603,1164.57,14.0966,196.535,1467.79,14.0966,223.625,1849.39,14.0966,254.288,2329.62,14.0966,288.997,2933.93,14.0966,328.285,3694.33,14.0966,372.755,4651.04,14.0966,423.092,5854.57,14.0966,480.07,7368.38,14.0966,544.564,9272.08,14.0966,617.566,11665.5,14.0966,700.197,14673.6,14.0966,793.729,18452.9,14.0966,899.599,23198.6,14.0966,1019.43,29154.1,14.0966,1155.07,36622.3,14.0966,1308.6,45977.9,14.0966,1482.39,57683.7,14.0966,1679.09,72307.8,14.0966,1901.73,90542.8,14.0966,2153.73,113226,14.0966,2438.97,141360,14.0966,2761.81,176127,14.0966,3127.22,218898,14.0966,3540.81,271226,14.0966,4008.92,334817,14.0966,4538.74,411470,14.0966,5138.38,502973,14.0966,5817.04,610948,14.0966,6585.12,736653,14.0966,7454.39,880741,14.0966,8438.15,1.04302e+06,14.0966,9551.45,1.22224e+06,14.0966,10811.3,1.41602e+06,14.0966,12237,1.62086e+06,14.0966,11.7194,11.96,12.6541,2.21263,4.16949,0.989383,2.67766,5.84076,0.311842,3.14343,7.55825,0.0972771,3.63127,9.58578,0.0303237,4.15787,12.0912,0.00945211,4.73731,15.2286,0.00294633,5.38238,19.1721,0.000918508,6.10553,24.134,0.000286163,6.91951,30.3791,8.92692e-05,7.83792,38.2397,2.78121e-05,8.87555,48.1338,8.65134e-06,10.0489,60.5876,2.7882e-06,11.3761,76.2629,8.29036e-07,12.8779,95.9927,2.4373e-07,14.5775,120.825,4.33068e-09,16.5012,152.08,1.75749e-07,18.6784,191.415,-1.86328e-07,21.1428,240.917,1.91829e-07,23.9322,303.213,-1.81475e-07,27.0895,381.602,7.0186e-08,30.6634,480.231,-2.86769e-08,34.7087,604.316,2.40784e-07,39.2876,760.401,9.87368e-08,44.4705,956.705,1.22263e-07,50.3371,1203.54,-4.31966e-07,56.9776,1513.81,-1.9705e-07,64.494,1903.69,-2.763e-08,73.0018,2393.4,3.9185e-07,82.6317,3008.13,1.35379e-07,93.5318,3779.25,-4.16351e-08,105.869,4745.7,2.06965e-08,119.834,5955.6,-3.18887e-07,135.641,7468.12,-1.48271e-08,153.531,9355.62,2.00739e-07,173.781,11705.8,2.28358e-07,196.701,14624.1,-1.93587e-08,222.642,18235,-2.88101e-07,252.003,22683.4,-2.24732e-07,285.234,28134,8.56806e-09,322.845,34767,2.34258e-07,365.413,42770.9,2.99668e-07,413.588,52327.9,8.28644e-08,468.111,63591.2,-3.07049e-07,529.814,76653.2,-3.1888e-07,599.642,91502.5,-6.72276e-08,678.662,107975,2.26339e-07,768.083,125705,3.69212e-07,869.267,144088,2.04077e-07,983.76,162277,-2.80509e-07,1113.3,179223,-4.22737e-07,1259.87,193777,-1.71951e-07,1425.68,204839,4.55555e-07,11.7194,11.96,12.6541,2.21263,4.16949,0.989383,2.67766,5.84076,0.311842,3.14343,7.55825,0.0972771,3.63127,9.58578,0.0303237,4.15787,12.0912,0.00945211,4.73731,15.2286,0.00294633,5.38238,19.1721,0.000918508,6.10553,24.134,0.000286163,6.91951,30.3791,8.92692e-05,7.83792,38.2397,2.78121e-05,8.87555,48.1338,8.65134e-06,10.0489,60.5876,2.7882e-06,11.3761,76.2629,8.29036e-07,12.8779,95.9927,2.4373e-07,14.5775,120.825,1e-08,16.5012,152.08,1.75749e-07,18.6784,191.415,1e-08,21.1428,240.917,1.91829e-07,23.9322,303.213,1e-08,27.0895,381.602,7.0186e-08,30.6634,480.231,1e-08,34.7087,604.316,2.40784e-07,39.2876,760.401,9.87368e-08,44.4705,956.705,1.22263e-07,50.3371,1203.54,1e-08,56.9776,1513.81,1e-08,64.494,1903.69,1e-08,73.0018,2393.4,3.9185e-07,82.6317,3008.13,1.35379e-07,93.5318,3779.25,1e-08,105.869,4745.7,2.06965e-08,119.834,5955.6,1e-08,135.641,7468.12,1e-08,153.531,9355.62,2.00739e-07,173.781,11705.8,2.28358e-07,196.701,14624.1,1e-08,222.642,18235,1e-08,252.003,22683.4,1e-08,285.234,28134,1e-08,322.845,34767,2.34258e-07,365.413,42770.9,2.99668e-07,413.588,52327.9,8.28644e-08,468.111,63591.2,1e-08,529.814,76653.2,1e-08,599.642,91502.5,1e-08,678.662,107975,2.26339e-07,768.083,125705,3.69212e-07,869.267,144088,2.04077e-07,983.76,162277,1e-08,1113.3,179223,1e-08,1259.87,193777,1e-08,1425.68,204839,4.55555e-07,6.2823,3.27286,2.43537,0.219672,6.18826,2.24117,0.56371,6.87772,2.63624,0.308279,12,13,23,1,10,0,1,5,0,2,4,0,5,6,0,4,16,0,5,11,0,3,20,0,11,16,0,5,11,0,10,20,0,7,58,0,6,33,0,7,88,0,19,146,0,14,160,0,14,130,0,23,265,0,16,465,0,23,281,0,13,519,0,16,606,0,40,210,0,17,862,0,70,718,0,32,1464,0,92,2167,0,53,2091,0,48,3000,0,172,3294,0,112,3447,0,71,5952,0,144,4217,0,161,9595,0,148,11312,0,141,21322,0,165,15000,0,171,14976,0,215,51022,0,186,35371,0,230,24057,0,262,34068,0,298,41375,0,330,36560,0,425,103203,0,543,118509,0,594,67103,0,414,149983,0,1074,178224,0,693,268735,0,963,95595,0,1402,171529,0,1078,275290,0
-1.05176e+08,1,8.88811e-15,10,1023,0,1.05176e+08,0.528882,1.08665,0.389689,0.145397,0.379329,3.24381,0.161596,0.446195,1.77396,0.159177,1.15e+07,4.49998e+06,6.79999e+06,1.15e+07,4.49997e+06,6.79999e+06,1.15e+07,4.49996e+06,6.79999e+06,1.15e+07,4.49995e+06,6.79999e+06,1.14999e+07,4.49993e+06,6.79999e+06,1.14999e+07,4.49991e+06,6.79999e+06,1.14999e+07,4.49989e+06,6.79999e+06,1.14999e+07,4.49986e+06,6.79999e+06,1.14999e+07,4.49982e+06,6.79999e+06,1.14999e+07,4.49977e+06,6.79999e+06,1.14999e+07,4.49971e+06,6.79999e+06,1.14999e+07,4.49963e+06,6.79999e+06,1.14998e+07,4.49953e+06,6.79999e+06,1.14998e+07,4.49941e+06,6.79999e+06,1.14998e+07,4.49926e+06,6.79999e+06,1.14998e+07,4.49906e+06,6.79999e+06,1.14997e+07,4.49882e+06,6.79999e+06,1.14997e+07,4.49851e+06,6.79999e+06,1.14997e+07,4.49812e+06,6.79999e+06,1.14996e+07,4.49764e+06,6.79999e+06,1.14996e+07,4.49702e+06,6.79999e+06,1.14995e+07,4.49625e+06,6.79999e+06,1.14995e+07,4.49528e+06,6.79999e+06,1.14994e+07,4.49406e+06,6.79999e+06,1.14993e+07,4.49253e+06,6.79999e+06,1.14992e+07,4.49059e+06,6.79999e+06,1.14991e+07,4.48817e+06,6.79999e+06,1.1499e+07,4.48511e+06,6.79999e+06,1.14988e+07,4.48128e+06,6.79999e+06,1.14987e+07,4.47646e+06,6.79999e+06,1.14985e+07,4.47041e+06,6.79999e+06,1.14983e+07,4.46281e+06,6.79999e+06,1.14981e+07,4.4533e+06,6.79999e+06,1.14979e+07,4.44138e+06,6.79999e+06,1.14976e+07,4.42649e+06,6.79999e+06,1.14972e+07,4.40789e+06,6.79999e+06,1.14969e+07,4.38471e+06,6.79999e+06,1.14965e+07,4.35592e+06,6.79999e+06,1.1496e+07,4.32027e+06,6.79999e+06,1.14955e+07,4.27629e+06,6.79999e+06,1.14949e+07,4.22231e+06,6.79999e+06,1.14942e+07,4.15647e+06,6.79999e+06,1.14934e+07,4.07676e+06,6.79999e+06,1.14926e+07,3.98112e+06,6.79999e+06,1.14916e+07,3.86765e+06,6.79999e+06,1.14905e+07,3.73474e+06,6.79999e+06,1.14892e+07,3.58148e+06,6.79999e+06,1.14878e+07,3.40785e+06,6.79999e+06,1.14862e+07,3.21513e+06,6.79999e+06,1.14844e+07,3.00605e+06,6.79999e+06,1.14823e+07,2.7848e+06,6.79999e+06,1.148e+07,2.5568e+06,6.79999e+06,1.14773e+07,2.32825e+06,6.79999e+06,13.5742,8.52444,0.508366,16.8306,13.2585,0.162638,20.0035,17.569,0.0507846,23.2616,22.4214,0.0158319,26.7328,28.3297,0.00493498,30.5212,35.6974,0.00153831,34.7178,44.9473,0.000479527,39.4086,56.5822,0.000149456,44.6796,71.2245,4.66214e-05,50.6209,89.6543,1.45419e-05,57.3297,112.852,4.54748e-06,64.9129,142.051,1.43857e-06,73.4897,178.803,4.36618e-07,83.1934,225.062,1.40153e-07,94.1745,283.286,4.96378e-08,106.602,356.568,1.05434e-07,120.669,448.799,-6.49244e-08,136.59,564.873,1.70148e-07,154.611,710.948,-5.34594e-08,175.008,894.767,1.63407e-07,198.097,1126.06,8.04804e-08,224.231,1417.07,1.14667e-07,253.813,1783.15,-1.71227e-07,287.297,2243.62,-2.88466e-07,325.198,2822.67,-4.33651e-07,368.098,3550.67,7.9318e-08,416.657,4465.65,3.13319e-07,471.621,5615.16,3.4613e-07,533.835,7058.61,-1.19199e-07,604.255,8870.02,-2.79964e-07,683.962,11141.4,-2.30521e-07,774.182,13986.7,-2.55099e-07,876.299,17546.4,1.23585e-07,991.883,21993.1,1.41192e-07,1122.71,27536.7,-9.71886e-08,1270.78,34430.7,-3.68368e-07,1438.38,42977.7,-3.45379e-07,1628.07,53532.7,-3.25328e-09,1842.77,66504.6,2.6362e-07,2085.77,82350.2,2.53445e-07,2360.79,101560,-2.47407e-08,2672.05,124632,-3.80602e-07,3024.31,152018,-4.79005e-07,3422.98,184060,-1.14379e-07,3874.15,220884,2.64297e-07,4384.72,262283,3.44131e-07,4962.49,307576,7.5349e-08,5616.29,355497,-3.63097e-07,6356.1,404126,-6.05442e-07,7193.18,450932,-2.72333e-07,8140.28,492963,2.29675e-07,9211.79,527178,4.3387e-07,10424,550893,-1.0711e-07,10.102,8.06553,2.81012,10.6436,8.57909,0.869423,11.5336,10.2515,0.270869,12.7211,12.7138,0.0844293,14.1823,15.9373,0.0263173,15.9122,20.0383,0.0082035,17.9198,25.2154,0.00255722,20.2244,31.7373,0.000797017,22.8539,39.9486,0.000248622,25.8438,50.2851,7.75492e-05,29.237,63.2963,2.42508e-05,33.0837,79.6738,7.67162e-06,37.4415,100.288,2.32837e-06,42.3767,126.236,7.33e-07,47.9646,158.896,2.79256e-07,54.2906,200.003,9.87351e-09,61.452,251.741,1.61085e-07,69.5585,316.859,-2.47141e-07,78.7347,398.812,8.93552e-08,89.1218,501.948,-2.53231e-07,100.879,631.736,-1.25047e-07,114.188,795.049,-1.78808e-07,129.252,1000.53,2.6733e-07,146.304,1259.03,4.50292e-07,165.605,1584.19,6.76904e-07,187.452,1993.12,-1.23808e-07,212.181,2507.27,-4.89068e-07,240.173,3153.54,-5.40284e-07,271.856,3965.56,1.86061e-07,307.719,4985.38,4.37004e-07,348.313,6265.4,3.59828e-07,394.26,7870.83,3.98192e-07,446.268,9882.51,-1.92908e-07,505.135,12400.3,-2.20392e-07,571.766,15546.9,1.51705e-07,647.184,19472.2,5.74996e-07,732.547,24357.4,5.39112e-07,829.167,30420,5.07815e-09,938.526,37916.3,-4.11492e-07,1062.3,47143.9,-3.9561e-07,1202.4,58439.2,3.86185e-08,1360.96,72169.3,5.94093e-07,1540.42,88715.8,7.47693e-07,1743.53,108445,1.78537e-07,1973.41,131665,-4.12549e-07,2233.57,158557,-5.37164e-07,2528,189103,-1.17615e-07,2861.2,222986,5.66769e-07,3238.27,259510,9.45053e-07,3664.97,297540,4.25093e-07,4147.81,335497,-3.58506e-07,4694.17,371444,-6.7724e-07,5312.37,403256,1.67192e-07,1.61744,3.89446,9.84394,3.28846,7.5504,12.774,5.07607,11.7187,13.6844,7.03202,16.8147,13.9681,9.20215,23.1769,14.0566,11.6301,31.1672,14.0841,14.3598,41.2186,14.0927,17.4376,53.8688,14.0954,20.9137,69.7915,14.0962,24.8432,89.8341,14.0965,29.2879,115.063,14.0966,34.3168,146.819,14.0966,40.0078,186.792,14.0966,46.4487,237.107,14.0966,53.7388,300.44,14.0966,61.9903,380.158,14.0966,71.3301,480.499,14.0966,81.902,606.796,14.0966,93.8685,765.761,14.0966,107.414,965.837,14.0966,122.746,1217.65,14.0966,140.101,1534.57,14.0966,159.745,1933.41,14.0966,181.981,2435.3,14.0966,207.15,3066.85,14.0966,235.64,3861.46,14.0966,267.889,4861.11,14.0966,304.391,6118.54,14.0966,345.709,7699.91,14.0966,392.478,9688.22,14.0966,445.417,12187.5,14.0966,505.339,15327.7,14.0966,573.165,19271.6,14.0966,649.938,24222,14.0966,736.839,30430.9,14.0966,835.202,38211.5,14.0966,946.539,47950.3,14.0966,1072.56,60122.8,14.0966,1215.21,75309.9,14.0966,1376.66,94216.2,14.0966,1559.41,117688,14.0966,1766.26,146729,14.0966,2000.39,182510,14.0966,2265.39,226372,14.0966,2565.33,279806,14.0966,2904.81,344416,14.0966,3289.05,421845,14.0966,3723.93,513667,14.0966,4216.13,621231,14.0966,4773.18,745478,14.0966,5403.64,886744,14.0966,6117.15,1.04457e+06,14.0966,6924.63,1.2176e+06,14.0966,11.7194,11.96,12.6541,13.9321,16.1295,13.6434,16.6097,21.9702,13.9553,19.7532,29.5285,14.0526,23.3844,39.1143,14.0829,27.5423,51.2054,14.0923,32.2796,66.434,14.0953,37.662,85.6061,14.0962,43.7675,109.74,14.0965,50.687,140.119,14.0966,58.5249,178.359,14.0966,67.4005,226.493,14.0966,77.4493,287.08,14.0966,88.8254,363.343,14.0966,101.703,459.336,14.0966,116.281,580.161,14.0966,132.782,732.241,14.0966,151.46,923.655,14.0966,172.603,1164.57,14.0966,196.535,1467.79,14.0966,223.625,1849.39,14.0966,254.288,2329.62,14.0966,288.997,2933.93,14.0966,328.285,3694.33,14.0966,372.755,4651.04,14.0966,423.092,5854.57,14.0966,480.07,7368.38,14.0966,544.564,9272.08,14.0966,617.566,11665.5,14.0966,700.197,14673.6,14.0966,793.729,18452.9,14.0966,899.599,23198.6,14.0966,1019.43,29154.1,14.0966,1155.07,36622.3,14.0966,1308.6,45977.9,14.0966,1482.39,57683.7,14.0966,1679.09,72307.8,14.0966,1901.73,90542.8,14.0966,2153.73,113226,14.0966,2438.97,141360,14.0966,2761.81,176127,14.0966,3127.22,218898,14.0966,3540.81,271226,14.0966,4008.92,334817,14.0966,4538.74,411470,14.0966,5138.38,502973,14.0966,5817.04,610948,14.0966,6585.12,736653,14.0966,7454.39,880741,14.0966,8438.15,1.04302e+06,14.0966,9551.45,1.22224e+06,14.0966,10811.3,1.41602e+06,14.0966,12237,1.62086e+06,14.0966,11.7194,11.96,12.6541,2.21263,4.16949,0.989383,2.67766,5.84076,0.311842,3.14343,7.55825,0.0972771,3.63127,9.58578,0.0303237,4.15787,12.0912,0.00945211,4.73731,15.2286,0.00294633,5.38238,19.1721,0.000918508,6.10553,24.134,0.000286163,6.91951,30.3791,8.92692e-05,7.83792,38.2397,2.78121e-05,8.87555,48.1338,8.65134e-06,10.0489,60.5876,2.7882e-06,11.3761,76.2629,8.29036e-07,12.8779,95.9927,2.4373e-07,14.5775,120.825,4.33068e-09,16.5012,152.08,1.75749e-07,18.6784,191.415,-1.86328e-07,21.1428,240.917,1.91829e-07,23.9322,303.213,-1.81475e-07,27.0895,381.602,7.0186e-08,30.6634,480.231,-2.86769e-08,34.7087,604.316,2.40784e-07,39.2876,760.401,9.87368e-08,44.4705,956.705,1.22263e-07,50.3371,1203.54,-4.31966e-07,56.9776,1513.81,-1.9705e-07,64.494,1903.69,-2.763e-08,73.0018,2393.4,3.9185e-07,82.6317,3008.13,1.35379e-07,93.5318,3779.25,-4.16351e-08,105.869,4745.7,2.06965e-08,119.834,5955.6,-3.18887e-07,135.641,7468.12,-1.48271e-08,153.531,9355.62,2.00739e-07,173.781,11705.8,2.28358e-07,196.701,14624.1,-1.93587e-08,222.642,18235,-2.88101e-07,252.003,22683.4,-2.24732e-07,285.234,28134,8.56806e-09,322.845,34767,2.34258e-07,365.413,42770.9,2.99668e-07,413.588,52327.9,8.28644e-08,468.111,63591.2,-3.07049e-07,529.814,76653.2,-3.1888e-07,599.642,91502.5,-6.72276e-08,678.662,107975,2.26339e-07,768.083,125705,3.69212e-07,869.267,144088,2.04077e-07,983.76,162277,-2.80509e-07,1113.3,179223,-4.22737e-07,1259.87,193777,-1.71951e-07,1425.68,204839,4.55555e-07,11.7194,11.96,12.6541,2.21263,4.16949,0.989383,2.67766,5.84076,0.311842,3.14343,7.55825,0.0972771,3.63127,9.58578,0.0303237,4.15787,12.0912,0.00945211,4.73731,15.2286,0.00294633,5.38238,19.1721,0.000918508,6.10553,24.134,0.000286163,6.91951,30.3791,8.92692e-05,7.83792,38.2397,2.78121e-05,8.87555,48.1338,8.65134e-06,10.0489,60.5876,2.7882e-06,11.3761,76.2629,8.29036e-07,12.8779,95.9927,2.4373e-07,14.5775,120.825,1e-08,16.5012,152.08,1.75749e-07,18.6784,191.415,1e-08,21.1428,240.917,1.91829e-07,23.9322,303.213,1e-08,27.0895,381.602,7.0186e-08,30.6634,480.231,1e-08,34.7087,604.316,2.40784e-07,39.2876,760.401,9.87368e-08,44.4705,956.705,1.22263e-07,50.3371,1203.54,1e-08,56.9776,1513.81,1e-08,64.494,1903.69,1e-08,73.0018,2393.4,3.9185e-07,82.6317,3008.13,1.35379e-07,93.5318,3779.25,1e-08,105.869,4745.7,2.06965e-08,119.834,5955.6,1e-08,135.641,7468.12,1e-08,153.531,9355.62,2.00739e-07,173.781,11705.8,2.28358e-07,196.701,14624.1,1e-08,222.642,18235,1e-08,252.003,22683.4,1e-08,285.234,28134,1e-08,322.845,34767,2.34258e-07,365.413,42770.9,2.99668e-07,413.588,52327.9,8.28644e-08,468.111,63591.2,1e-08,529.814,76653.2,1e-08,599.642,91502.5,1e-08,678.662,107975,2.26339e-07,768.083,125705,3.69212e-07,869.267,144088,2.04077e-07,983.76,162277,1e-08,1113.3,179223,1e-08,1259.87,193777,1e-08,1425.68,204839,4.55555e-07,6.2823,3.27286,2.43537,0.219672,6.18826,2.24117,0.56371,6.87772,2.63624,0.308279,12,21,6,2,3,1,1,6,0,0,9,0,5,6,0,9,10,0,1,17,0,12,16,0,6,33,0,2,35,0,5,25,0,5,39,0,15,49,0,13,80,0,23,126,0,7,191,0,37,104,0,34,314,0,23,242,0,41,563,0,23,333,0,8,555,0,50,409,0,19,986,0,38,1679,0,111,1566,0,38,1064,0,106,1733,0,46,1200,0,65,3633,0,119,2400,0,55,6549,0,151,8109,0,77,7334,0,119,12795,0,77,12213,0,115,12619,0,283,19779,0,135,36847,0,122,35330,0,318,23187,0,492,49291,0,209,34739,0,337,104884,0,433,75026,0,238,85254,0,815,128078,0,1263,164682,0,1035,109415,0,1293,104567,0,994,66201,0,754,53547,0,1172,238008,0
-1.05176e+08,1,8.88811e-15,10,1023,0,1.05176e+08,0.528882,1.08665,0.389689,0.145397,0.379329,3.24381,0.161596,0.446195,1.77396,0.159177,1.15e+07,4.49998e+06,6.79999e+06,1.15e+07,4.49997e+06,6.79999e+06,1.15e+07,4.49996e+06,6.79999e+06,1.15e+07,4.49995e+06,6.79999e+06,1.14999e+07,4.49993e+06,6.79999e+06,1.14999e+07,4.49991e+06,6.79999e+06,1.14999e+07,4.49989e+06,6.79999e+06,1.14999e+07,4.49986e+06,6.79999e+06,1.14999e+07,4.49982e+06,6.79999e+06,1.14999e+07,4.49977e+06,6.79999e+06,1.14999e+07,4.49971e+06,6.79999e+06,1.14999e+07,4.49963e+06,6.79999e+06,1.14998e+07,4.49953e+06,6.79999e+06,1.14998e+07,4.49941e+06,6.79999e+06,1.14998e+07,4.49926e+06,6.79999e+06,1.14998e+07,4.49906e+06,6.79999e+06,1.14997e+07,4.49882e+06,6.79999e+06,1.14997e+07,4.49851e+06,6.79999e+06,1.14997e+07,4.49812e+06,6.79999e+06,1.14996e+07,4.49764e+06,6.79999e+06,1.14996e+07,4.49702e+06,6.79999e+06,1.14995e+07,4.49625e+06,6.79999e+06,1.14995e+07,4.49528e+06,6.79999e+06,1.14994e+07,4.49406e+06,6.79999e+06,1.14993e+07,4.49253e+06,6.79999e+06,1.14992e+07,4.49059e+06,6.79999e+06,1.14991e+07,4.48817e+06,6.79999e+06,1.1499e+07,4.48511e+06,6.79999e+06,1.14988e+07,4.48128e+06,6.79999e+06,1.14987e+07,4.47646e+06,6.79999e+06,1.14985e+07,4.47041e+06,6.79999e+06,1.14983e+07,4.46281e+06,6.79999e+06,1.14981e+07,4.4533e+06,6.79999e+06,1.14979e+07,4.44138e+06,6.79999e+06,1.14976e+07,4.42649e+06,6.79999e+06,1.14972e+07,4.40789e+06,6.79999e+06,1.14969e+07,4.38471e+06,6.79999e+06,1.14965e+07,4.35592e+06,6.79999e+06,1.1496e+07,4.32027e+06,6.79999e+06,1.14955e+07,4.27629e+06,6.79999e+06,1.14949e+07,4.22231e+06,6.79999e+06,1.14942e+07,4.15647e+06,6.79999e+06,1.14934e+07,4.07676e+06,6.79999e+06,1.14926e+07,3.98112e+06,6.79999e+06,1.14916e+07,3.86765e+06,6.79999e+06,1.14905e+07,3.73474e+06,6.79999e+06,1.14892e+07,3.58148e+06,6.79999e+06,1.14878e+07,3.40785e+06,6.79999e+06,1.14862e+07,3.21513e+06,6.79999e+06,1.14844e+07,3.00605e+06,6.79999e+06,1.14823e+07,2.7848e+06,6.79999e+06,1.148e+07,2.5568e+06,6.79999e+06,1.14773e+07,2.32825e+06,6.79999e+06,13.5742,8.52444,0.508366,16.8306,13.2585,0.162638,20.0035,17.569,0.0507846,23.2616,22.4214,0.0158319,26.7328,28.3297,0.00493498,30.5212,35.6974,0.00153831,34.7178,44.9473,0.000479527,39.4086,56.5822,0.000149456,44.6796,71.2245,4.66214e-05,50.6209,89.6543,1.45419e-05,57.3297,112.852,4.54748e-06,64.9129,142.051,1.43857e-06,73.4897,178.803,4.36618e-07,83.1934,225.062,1.40153e-07,94.1745,283.286,4.96378e-08,106.602,356.568,1.05434e-07,120.669,448.799,-6.49244e-08,136.59,564.873,1.70148e-07,154.611,710.948,-5.34594e-08,175.008,894.767,1.63407e-07,198.097,1126.06,8.04804e-08,224.231,1417.07,1.14667e-07,253.813,1783.15,-1.71227e-07,287.297,2243.62,-2.88466e-07,325.198,2822.67,-4.33651e-07,368.098,3550.67,7.9318e-08,416.657,4465.65,3.13319e-07,471.621,5615.16,3.4613e-07,533.835,7058.61,-1.19199e-07,604.255,8870.02,-2.79964e-07,683.962,11141.4,-2.30521e-07,774.182,13986.7,-2.55099e-07,876.299,17546.4,1.23585e-07,991.883,21993.1,1.41192e-07,1122.71,27536.7,-9.71886e-08,1270.78,34430.7,-3.68368e-07,1438.38,42977.7,-3.45379e-07,1628.07,53532.7,-3.25328e-09,1842.77,66504.6,2.6362e-07,2085.77,82350.2,2.53445e-07,2360.79,101560,-2.47407e-08,2672.05,124632,-3.80602e-07,3024.31,152018,-4.79005e-07,3422.98,184060,-1.14379e-07,3874.15,220884,2.64297e-07,4384.72,262283,3.44131e-07,4962.49,307576,7.5349e-08,5616.29,355497,-3.63097e-07,6356.1,404126,-6.05442e-07,7193.18,450932,-2.72333e-07,8140.28,492963,2.29675e-07,9211.79,527178,4.3387e-07,10424,550893,-1.0711e-07,10.102,8.06553,2.81012,10.6436,8.57909,0.869423,11.5336,10.2515,0.270869,12.7211,12.7138,0.0844293,14.1823,15.9373,0.0263173,15.9122,20.0383,0.0082035,17.9198,25.2154,0.00255722,20.2244,31.7373,0.000797017,22.8539,39.9486,0.000248622,25.8438,50.2851,7.75492e-05,29.237,63.2963,2.42508e-05,33.0837,79.6738,7.67162e-06,37.4415,100.288,2.32837e-06,42.3767,126.236,7.33e-07,47.9646,158.896,2.79256e-07,54.2906,200.003,9.87351e-09,61.452,251.741,1.61085e-07,69.5585,316.859,-2.47141e-07,78.7347,398.812,8.93552e-08,89.1218,501.948,-2.53231e-07,100.879,631.736,-1.25047e-07,114.188,795.049,-1.78808e-07,129.252,1000.53,2.6733e-07,146.304,1259.03,4.50292e-07,165.605,1584.19,6.76904e-07,187.452,1993.12,-1.23808e-07,212.181,2507.27,-4.89068e-07,240.173,3153.54,-5.40284e-07,271.856,3965.56,1.86061e-07,307.719,4985.38,4.37004e-07,348.313,6265.4,3.59828e-07,394.26,7870.83,3.98192e-07,446.268,9882.51,-1.92908e-07,505.135,12400.3,-2.20392e-07,571.766,15546.9,1.51705e-07,647.184,19472.2,5.74996e-07,732.547,24357.4,5.39112e-07,829.167,30420,5.07815e-09,938.526,37916.3,-4.11492e-07,1062.3,47143.9,-3.9561e-07,1202.4,58439.2,3.86185e-08,1360.96,72169.3,5.94093e-07,1540.42,88715.8,7.47693e-07,1743.53,108445,1.78537e-07,1973.41,131665,-4.12549e-07,2233.57,158557,-5.37164e-07,2528,189103,-1.17615e-07,2861.2,222986,5.66769e-07,3238.27,259510,9.45053e-07,3664.97,297540,4.25093e-07,4147.81,335497,-3.58506e-07,4694.17,371444,-6.7724e-07,5312.37,403256,1.67192e-07,1.61744,3.89446,9.84394,3.28846,7.5504,12.774,5.07607,11.7187,13.6844,7.03202,16.8147,13.9681,9.20215,23.1769,14.0566,11.6301,31.1672,14.0841,14.3598,41.2186,14.0927,17.4376,53.8688,14.0954,20.9137,69.7915,14.0962,24.8432,89.8341,14.0965,29.2879,115.063,14.0966,34.3168,146.819,14.0966,40.0078,186.792,14.0966,46.4487,237.107,14.0966,53.7388,300.44,14.0966,61.9903,380.158,14.0966,71.3301,480.499,14.0966,81.902,606.796,14.0966,93.8685,765.761,14.0966,107.414,965.837,14.0966,122.746,1217.65,14.0966,140.101,1534.57,14.0966,159.745,1933.41,14.0966,181.981,2435.3,14.0966,207.15,3066.85,14.0966,235.64,3861.46,14.0966,267.889,4861.11,14.0966,304.391,6118.54,14.0966,345.709,7699.91,14.0966,392.478,9688.22,14.0966,445.417,12187.5,14.0966,505.339,15327.7,14.0966,573.165,19271.6,14.0966,649.938,24222,14.0966,736.839,30430.9,14.0966,835.202,38211.5,14.0966,946.539,47950.3,14.0966,1072.56,60122.8,14.0966,1215.21,75309.9,14.0966,1376.66,94216.2,14.0966,1559.41,117688,14.0966,1766.26,146729,14.0966,2000.39,182510,14.0966,2265.39,226372,14.0966,2565.33,279806,14.0966,2904.81,344416,14.0966,3289.05,421845,14.0966,3723.93,513667,14.0966,4216.13,621231,14.0966,4773.18,745478,14.0966,5403.64,886744,14.0966,6117.15,1.04457e+06,14.0966,6924.63,1.2176e+06,14.0966,11.7194,11.96,12.6541,13.9321,16.1295,13.6434,16.6097,21.9702,13.9553,19.7532,29.5285,14.0526,23.3844,39.1143,14.0829,27.5423,51.2054,14.0923,32.2796,66.434,14.0953,37.662,85.6061,14.0962,43.7675,109.74,14.0965,50.687,140.119,14.0966,58.5249,178.359,14.0966,67.4005,226.493,14.0966,77.4493,287.08,14.0966,88.8254,363.343,14.0966,101.703,459.336,14.0966,116.281,580.161,14.0966,132.782,732.241,14.0966,151.46,923.655,14.0966,172.603,1164.57,14.0966,196.535,1467.79,14.0966,223.625,1849.39,14.0966,254.288,2329.62,14.0966,288.997,2933.93,14.0966,328.285,3694.33,14.0966,372.755,4651.04,14.0966,423.092,5854.57,14.0966,480.07,7368.38,14.0966,544.564,9272.08,14.0966,617.566,11665.5,14.0966,700.197,14673.6,14.0966,793.729,18452.9,14.0966,899.599,23198.6,14.0966,1019.43,29154.1,14.0966,1155.07,36622.3,14.0966,1308.6,45977.9,14.0966,1482.39,57683.7,14.0966,1679.09,72307.8,14.0966,1901.73,90542.8,14.0966,2153.73,113226,14.0966,2438.97,141360,14.0966,2761.81,176127,14.0966,3127.22,218898,14.0966,3540.81,271226,14.0966,4008.92,334817,14.0966,4538.74,411470,14.0966,5138.38,502973,14.0966,5817.04,610948,14.0966,6585.12,736653,14.0966,7454.39,880741,14.0966,8438.15,1.04302e+06,14.0966,9551.45,1.22224e+06,14.0966,10811.3,1.41602e+06,14.0966,12237,1.62086e+06,14.0966,11.7194,11.96,12.6541,2.21263,4.16949,0.989383,2.67766,5.84076,0.311842,3.14343,7.55825,0.0972771,3.63127,9.58578,0.0303237,4.15787,12.0912,0.00945211,4.73731,15.2286,0.00294633,5.38238,19.1721,0.000918508,6.10553,24.134,0.000286163,6.91951,30.3791,8.92692e-05,7.83792,38.2397,2.78121e-05,8.87555,48.1338,8.65134e-06,10.0489,60.5876,2.7882e-06,11.3761,76.2629,8.29036e-07,12.8779,95.9927,2.4373e-07,14.5775,120.825,4.33068e-09,16.5012,152.08,1.75749e-07,18.6784,191.415,-1.86328e-07,21.1428,240.917,1.91829e-07,23.9322,303.213,-1.81475e-07,27.0895,381.602,7.0186e-08,30.6634,480.231,-2.86769e-08,34.7087,604.316,2.40784e-07,39.2876,760.401,9.87368e-08,44.4705,956.705,1.22263e-07,50.3371,1203.54,-4.31966e-07,56.9776,1513.81,-1.9705e-07,64.494,1903.69,-2.763e-08,73.0018,2393.4,3.9185e-07,82.6317,3008.13,1.35379e-07,93.5318,3779.25,-4.16351e-08,105.869,4745.7,2.06965e-08,119.834,5955.6,-3.18887e-07,135.641,7468.12,-1.48271e-08,153.531,9355.62,2.00739e-07,173.781,11705.8,2.28358e-07,196.701,14624.1,-1.93587e-08,222.642,18235,-2.88101e-07,252.003,22683.4,-2.24732e-07,285.234,28134,8.56806e-09,322.845,34767,2.34258e-07,365.413,42770.9,2.99668e-07,413.588,52327.9,8.28644e-08,468.111,63591.2,-3.07049e-07,529.814,76653.2,-3.1888e-07,599.642,91502.5,-6.72276e-08,678.662,107975,2.26339e-07,768.083,125705,3.69212e-07,869.267,144088,2.04077e-07,983.76,162277,-2.80509e-07,1113.3,179223,-4.22737e-07,1259.87,193777,-1.71951e-07,1425.68,204839,4.55555e-07,11.7194,11.96,12.6541,2.21263,4.16949,0.989383,2.67766,5.84076,0.311842,3.14343,7.55825,0.0972771,3.63127,9.58578,0.0303237,4.15787,12.0912,0.00945211,4.73731,15.2286,0.00294633,5.38238,19.1721,0.000918508,6.10553,24.134,0.000286163,6.91951,30.3791,8.92692e-05,7.83792,38.2397,2.78121e-05,8.87555,48.1338,8.65134e-06,10.0489,60.5876,2.7882e-06,11.3761,76.2629,8.29036e-07,12.8779,95.9927,2.4373e-07,14.5775,120.825,1e-08,16.5012,152.08,1.75749e-07,18.6784,191.415,1e-08,21.1428,240.917,1.91829e-07,23.9322,303.213,1e-08,27.0895,381.602,7.0186e-08,30.6634,480.231,1e-08,34.7087,604.316,2.40784e-07,39.2876,760.401,9.87368e-08,44.4705,956.705,1.22263e-07,50.3371,1203.54,1e-08,56.9776,1513.81,1e-08,64.494,1903.69,1e-08,73.0018,2393.4,3.9185e-07,82.6317,3008.13,1.35379e-07,93.5318,3779.25,1e-08,105.869,4745.7,2.06965e-08,119.834,5955.6,1e-08,135.641,7468.12,1e-08,153.531,9355.62,2.00739e-07,173.781,11705.8,2.28358e-07,196.701,14624.1,1e-08,222.642,18235,1e-08,252.003,22683.4,1e-08,285.234,28134,1e-08,322.845,34767,2.34258e-07,365.413,42770.9,2.99668e-07,413.588,52327.9,8.28644e-08,468.111,63591.2,1e-08,529.814,76653.2,1e-08,599.642,91502.5,1e-08,678.662,107975,2.26339e-07,768.083,125705,3.69212e-07,869.267,144088,2.04077e-07,983.76,162277,1e-08,1113.3,179223,1e-08,1259.87,193777,1e-08,1425.68,204839,4.55555e-07,6.2823,3.27286,2.43537,0.219672,6.18826,2.24117,0.56371,6.87772,2.63624,0.308279,9,17,11,2,3,0,7,6,0,3,3,0,2,11,0,3,18,0,3,11,0,3,17,0,3,14,0,8,36,0,5,13,0,12,19,0,1,76,0,18,122,0,18,55,0,24,67,0,15,402,0,16,32,0,37,130,0,38,199,0,26,330,0,27,258,0,34,575,0,22,525,0,68,692,0,83,963,0,67,1356,0,49,1190,0,56,6027,0,114,3034,0,87,5105,0,163,5697,0,107,6008,0,152,3709,0,236,16338,0,90,12807,0,95,9738,0,353,12647,0,133,16642,0,241,37730,0,266,48052,0,315,66796,0,746,32070,0,326,83288,0,541,118808,0,508,82605,0,602,47075,0,1188,134649,0,1294,227174,0,1028,195479,0,529,202851,0,575,106827,0,1028,103347,0
-1.05176e+08,1,8.88811e-15,10,1023,0,1.05176e+08,0.528882,1.08665,0.389689,0.145397,0.379329,3.24381,0.161596,0.446195,1.77396,0.159177,1.15e+07,4.49998e+06,6.79999e+06,1.15e+07,4.49997e+06,6.79999e+06,1.15e+07,4.49996e+06,6.79999e+06,1.15e+07,4.49995e+06,6.79999e+06,1.14999e+07,4.49993e+06,6.79999e+06,1.14999e+07,4.49991e+06,6.79999e+06,1.14999e+07,4.49989e+06,6.79999e+06,1.14999e+07,4.49986e+06,6.79999e+06,1.14999e+07,4.49982e+06,6.79999e+06,1.14999e+07,4.49977e+06,6.79999e+06,1.14999e+07,4.49971e+06,6.79999e+06,1.14999e+07,4.49963e+06,6.79999e+06,1.14998e+07,4.49953e+06,6.79999e+06,1.14998e+07,4.49941e+06,6.79999e+06,1.14998e+07,4.49926e+06,6.79999e+06,1.14998e+07,4.49906e+06,6.79999e+06,1.14997e+07,4.49882e+06,6.79999e+06,1.14997e+07,4.49851e+06,6.79999e+06,1.14997e+07,4.49812e+06,6.79999e+06,1.14996e+07,4.49764e+06,6.79999e+06,1.14996e+07,4.49702e+06,6.79999e+06,1.14995e+07,4.49625e+06,6.79999e+06,1.14995e+07,4.49528e+06,6.79999e+06,1.14994e+07,4.49406e+06,6.79999e+06,1.14993e+07,4.49253e+06,6.79999e+06,1.14992e+07,4.49059e+06,6.79999e+06,1.14991e+07,4.48817e+06,6.79999e+06,1.1499e+07,4.48511e+06,6.79999e+06,1.14988e+07,4.48128e+06,6.79999e+06,1.14987e+07,4.47646e+06,6.79999e+06,1.14985e+07,4.47041e+06,6.79999e+06,1.14983e+07,4.46281e+06,6.79999e+06,1.14981e+07,4.4533e+06,6.79999e+06,1.14979e+07,4.44138e+06,6.79999e+06,1.14976e+07,4.42649e+06,6.79999e+06,1.14972e+07,4.40789e+06,6.79999e+06,1.14969e+07,4.38471e+06,6.79999e+06,1.14965e+07,4.35592e+06,6.79999e+06,1.1496e+07,4.32027e+06,6.79999e+06,1.14955e+07,4.27629e+06,6.79999e+06,1.14949e+07,4.22231e+06,6.79999e+06,1.14942e+07,4.15647e+06,6.79999e+06,1.14934e+07,4.07676e+06,6.79999e+06,1.14926e+07,3.98112e+06,6.79999e+06,1.14916e+07,3.86765e+06,6.79999e+06,1.14905e+07,3.73474e+06,6.79999e+06,1.14892e+07,3.58148e+06,6.79999e+06,1.14878e+07,3.40785e+06,6.79999e+06,1.14862e+07,3.21513e+06,6.79999e+06,1.14844e+07,3.00605e+06,6.79999e+06,1.14823e+07,2.7848e+06,6.79999e+06,1.148e+07,2.5568e+06,6.79999e+06,1.14773e+07,2.32825e+06,6.79999e+06,13.5742,8.52444,0.508366,16.8306,13.2585,0.162638,20.0035,17.569,0.0507846,23.2616,22.4214,0.0158319,26.7328,28.3297,0.00493498,30.5212,35.6974,0.00153831,34.7178,44.9473,0.000479527,39.4086,56.5822,0.000149456,44.6796,71.2245,4.66214e-05,50.6209,89.6543,1.45419e-05,57.3297,112.852,4.54748e-06,64.9129,142.051,1.43857e-06,73.4897,178.803,4.36618e-07,83.1934,225.062,1.40153e-07,94.1745,283.286,4.96378e-08,106.602,356.568,1.05434e-07,120.669,448.799,-6.49244e-08,136.59,564.873,1.70148e-07,154.611,710.948,-5.34594e-08,175.008,894.767,1.63407e-07,198.097,1126.06,8.04804e-08,224.231,1417.07,1.14667e-07,253.813,1783.15,-1.71227e-07,287.297,2243.62,-2.88466e-07,325.198,2822.67,-4.33651e-07,368.098,3550.67,7.9318e-08,416.657,4465.65,3.13319e-07,471.621,5615.16,3.4613e-07,533.835,7058.61,-1.19199e-07,604.255,8870.02,-2.79964e-07,683.962,11141.4,-2.30521e-07,774.182,13986.7,-2.55099e-07,876.299,17546.4,1.23585e-07,991.883,21993.1,1.41192e-07,1122.71,27536.7,-9.71886e-08,1270.78,34430.7,-3.68368e-07,1438.38,42977.7,-3.45379e-07,1628.07,53532.7,-3.25328e-09,1842.77,66504.6,2.6362e-07,2085.77,82350.2,2.53445e-07,2360.79,101560,-2.47407e-08,2672.05,124632,-3.80602e-07,3024.31,152018,-4.79005e-07,3422.98,184060,-1.14379e-07,3874.15,220884,2.64297e-07,4384.72,262283,3.44131e-07,4962.49,307576,7.5349e-08,5616.29,355497,-3.63097e-07,6356.1,404126,-6.05442e-07,7193.18,450932,-2.72333e-07,8140.28,492963,2.29675e-07,9211.79,527178,4.3387e-07,10424,550893,-1.0711e-07,10.102,8.06553,2.81012,10.6436,8.57909,0.869423,11.5336,10.2515,0.270869,12.7211,12.7138,0.0844293,14.1823,15.9373,0.0263173,15.9122,20.0383,0.0082035,17.9198,25.2154,0.00255722,20.2244,31.7373,0.000797017,22.8539,39.9486,0.000248622,25.8438,50.2851,7.75492e-05,29.237,63.2963,2.42508e-05,33.0837,79.6738,7.67162e-06,37.4415,100.288,2.32837e-06,42.3767,126.236,7.33e-07,47.9646,158.896,2.79256e-07,54.2906,200.003,9.87351e-09,61.452,251.741,1.61085e-07,69.5585,316.859,-2.47141e-07,78.7347,398.812,8.93552e-08,89.1218,501.948,-2.53231e-07,100.879,631.736,-1.25047e-07,114.188,795.049,-1.78808e-07,129.252,1000.53,2.6733e-07,146.304,1259.03,4.50292e-07,165.605,1584.19,6.76904e-07,187.452,1993.12,-1.23808e-07,212.181,2507.27,-4.89068e-07,240.173,3153.54,-5.40284e-07,271.856,3965.56,1.86061e-07,307.719,4985.38,4.37004e-07,348.313,6265.4,3.59828e-07,394.26,7870.83,3.98192e-07,446.268,9882.51,-1.92908e-07,505.135,12400.3,-2.20392e-07,571.766,15546.9,1.51705e-07,647.184,19472.2,5.74996e-07,732.547,24357.4,5.39112e-07,829.167,30420,5.07815e-09,938.526,37916.3,-4.11492e-07,1062.3,47143.9,-3.9561e-07,1202.4,58439.2,3.86185e-08,1360.96,72169.3,5.94093e-07,1540.42,88715.8,7.47693e-07,1743.53,108445,1.78537e-07,1973.41,131665,-4.12549e-07,2233.57,158557,-5.37164e-07,2528,189103,-1.17615e-07,2861.2,222986,5.66769e-07,3238.27,259510,9.45053e-07,3664.97,297540,4.25093e-07,4147.81,335497,-3.58506e-07,4694.17,371444,-6.7724e-07,5312.37,403256,1.67192e-07,1.61744,3.89446,9.84394,3.28846,7.5504,12.774,5.07607,11.7187,13.6844,7.03202,16.8147,13.9681,9.20215,23.1769,14.0566,11.6301,31.1672,14.0841,14.3598,41.2186,14.0927,17.4376,53.8688,14.0954,20.9137,69.7915,14.0962,24.8432,89.8341,14.0965,29.2879,115.063,14.0966,34.3168,146.819,14.0966,40.0078,186.792,14.0966,46.4487,237.107,14.0966,53.7388,300.44,14.0966,61.9903,380.158,14.0966,71.3301,480.499,14.0966,81.902,606.796,14.0966,93.8685,765.761,14.0966,107.414,965.837,14.0966,122.746,1217.65,14.0966,140.101,1534.57,14.0966,159.745,1933.41,14.0966,181.981,2435.3,14.0966,207.15,3066.85,14.0966,235.64,3861.46,14.0966,267.889,4861.11,14.0966,304.391,6118.54,14.0966,345.709,7699.91,14.0966,392.478,9688.22,14.0966,445.417,12187.5,14.0966,505.339,15327.7,14.0966,573.165,19271.6,14.0966,649.938,24222,14.0966,736.839,30430.9,14.0966,835.202,38211.5,14.0966,946.539,47950.3,14.0966,1072.56,60122.8,14.0966,1215.21,75309.9,14.0966,1376.66,94216.2,14.0966,1559.41,117688,14.0966,1766.26,146729,14.0966,2000.39,182510,14.0966,2265.39,226372,14.0966,2565.33,279806,14.0966,2904.81,344416,14.0966,3289.05,421845,14.0966,3723.93,513667,14.0966,4216.13,621231,14.0966,4773.18,745478,14.0966,5403.64,886744,14.0966,6117.15,1.04457e+06,14.0966,6924.63,1.2176e+06,14.0966,11.7194,11.96,12.6541,13.9321,16.1295,13.6434,16.6097,21.9702,13.9553,19.7532,29.5285,14.0526,23.3844,39.1143,14.0829,27.5423,51.2054,14.0923,32.2796,66.434,14.0953,37.662,85.6061,14.0962,43.7675,109.74,14.0965,50.687,140.119,14.0966,58.5249,178.359,14.0966,67.4005,226.493,14.0966,77.4493,287.08,14.0966,88.8254,363.343,14.0966,101.703,459.336,14.0966,116.281,580.161,14.0966,132.782,732.241,14.0966,151.46,923.655,14.0966,172.603,1164.57,14.0966,196.535,1467.79,14.0966,223.625,1849.39,14.0966,254.288,2329.62,14.0966,288.997,2933.93,14.0966,328.285,3694.33,14.0966,372.755,4651.04,14.0966,423.092,5854.57,14.0966,480.07,7368.38,14.0966,544.564,9272.08,14.0966,617.566,11665.5,14.0966,700.197,14673.6,14.0966,793.729,18452.9,14.0966,899.599,23198.6,14.0966,1019.43,29154.1,14.0966,1155.07,36622.3,14.0966,1308.6,45977.9,14.0966,1482.39,57683.7,14.0966,1679.09,72307.8,14.0966,1901.73,90542.8,14.0966,2153.73,113226,14.0966,2438.97,141360,14.0966,2761.81,176127,14.0966,3127.22,218898,14.0966,3540.81,271226,14.0966,4008.92,334817,14.0966,4538.74,411470,14.0966,5138.38,502973,14.0966,5817.04,610948,14.0966,6585.12,736653,14.0966,7454.39,880741,14.0966,8438.15,1.04302e+06,14.0966,9551.45,1.22224e+06,14.0966,10811.3,1.41602e+06,14.0966,12237,1.62086e+06,14.0966,11.7194,11.96,12.6541,2.21263,4.16949,0.989383,2.67766,5.84076,0.311842,3.14343,7.55825,0.0972771,3.63127,9.58578,0.0303237,4.15787,12.0912,0.00945211,4.73731,15.2286,0.00294633,5.38238,19.1721,0.000918508,6.10553,24.134,0.000286163,6.91951,30.3791,8.92692e-05,7.83792,38.2397,2.78121e-05,8.87555,48.1338,8.65134e-06,10.0489,60.5876,2.7882e-06,11.3761,76.2629,8.29036e-07,12.8779,95.9927,2.4373e-07,14.5775,120.825,4.33068e-09,16.5012,152.08,1.75749e-07,18.6784,191.415,-1.86328e-07,21.1428,240.917,1.91829e-07,23.9322,303.213,-1.81475e-07,27.0895,381.602,7.0186e-08,30.6634,480.231,-2.86769e-08,34.7087,604.316,2.40784e-07,39.2876,760.401,9.87368e-08,44.4705,956.705,1.22263e-07,50.3371,1203.54,-4.31966e-07,56.9776,1513.81,-1.9705e-07,64.494,1903.69,-2.763e-08,73.0018,2393.4,3.9185e-07,82.6317,3008.13,1.35379e-07,93.5318,3779.25,-4.16351e-08,105.869,4745.7,2.06965e-08,119.834,5955.6,-3.18887e-07,135.641,7468.12,-1.48271e-08,153.531,9355.62,2.00739e-07,173.781,11705.8,2.28358e-07,196.701,14624.1,-1.93587e-08,222.642,18235,-2.88101e-07,252.003,22683.4,-2.24732e-07,285.234,28134,8.56806e-09,322.845,34767,2.34258e-07,365.413,42770.9,2.99668e-07,413.588,52327.9,8.28644e-08,468.111,63591.2,-3.07049e-07,529.814,76653.2,-3.1888e-07,599.642,91502.5,-6.72276e-08,678.662,107975,2.26339e-07,768.083,125705,3.69212e-07,869.267,144088,2.04077e-07,983.76,162277,-2.80509e-07,1113.3,179223,-4.22737e-07,1259.87,193777,-1.71951e-07,1425.68,204839,4.55555e-07,11.7194,11.96,12.6541,2.21263,4.16949,0.989383,2.67766,5.84076,0.311842,3.14343,7.55825,0.0972771,3.63127,9.58578,0.0303237,4.15787,12.0912,0.00945211,4.73731,15.2286,0.00294633,5.38238,19.1721,0.000918508,6.10553,24.134,0.000286163,6.91951,30.3791,8.92692e-05,7.83792,38.2397,2.78121e-05,8.87555,48.1338,8.65134e-06,10.0489,60.5876,2.7882e-06,11.3761,76.2629,8.29036e-07,12.8779,95.9927,2.4373e-07,14.5775,120.825,1e-08,16.5012,152.08,1.75749e-07,18.6784,191.415,1e-08,21.1428,240.917,1.91829e-07,23.9322,303.213,1e-08,27.0895,381.602,7.0186e-08,30.6634,480.231,1e-08,34.7087,604.316,2.40784e-07,39.2876,760.401,9.87368e-08,44.4705,956.705,1.22263e-07,50.3371,1203.54,1e-08,56.9776,1513.81,1e-08,64.494,1903.69,1e-08,73.0018,2393.4,3.9185e-07,82.6317,3008.13,1.35379e-07,93.5318,3779.25,1e-08,105.869,4745.7,2.06965e-08,119.834,5955.6,1e-08,135.641,7468.12,1e-08,153.531,9355.62,2.00739e-07,173.781,11705.8,2.28358e-07,196.701,14624.1,1e-08,222.642,18235,1e-08,252.003,22683.4,1e-08,285.234,28134,1e-08,322.845,34767,2.34258e-07,365.413,42770.9,2.99668e-07,413.588,52327.9,8.28644e-08,468.111,63591.2,1e-08,529.814,76653.2,1e-08,599.642,91502.5,1e-08,678.662,107975,2.26339e-07,768.083,125705,3.69212e-07,869.267,144088,2.04077e-07,983.76,162277,1e-08,1113.3,179223,1e-08,1259.87,193777,1e-08,1425.68,204839,4.55555e-07,6.2823,3.27286,2.43537,0.219672,6.18826,2.24117,0.56371,6.87772,2.63624,0.308279,4,11,18,0,1,1,4,6,0,2,2,0,4,4,0,3,12,0,7,10,0,6,12,0,1,21,0,8,18,0,12,20,0,21,41,0,7,168,0,5,34,0,11,51,0,19,165,0,22,101,0,23,154,0,19,122,0,24,193,0,12,395,0,18,619,0,45,608,0,59,880,0,49,1013,0,75,1566,0,54,1153,0,63,2540,0,116,2156,0,98,3478,0,61,2693,0,144,3663,0,161,3647,0,172,8556,0,85,14892,0,240,8364,0,151,10461,0,183,17948,0,107,19680,0,229,22402,0,496,29591,0,324,17235,0,459,23672,0,796,62212,0,910,100021,0,1094,63535,0,514,104139,0,458,125259,0,494,78539,0,1750,224562,0,1157,363694,0,817,248045,0,658,194311,0
-1.05176e+08,1,8.88811e-15,10,1023,0,1.05176e+08,0.528882,1.08665,0.389689,0.145397,0.379329,3.24381,0.161596,0.446195,1.77396,0.159177,1.15e+07,4.49998e+06,6.79999e+06,1.15e+07,4.49997e+06,6.79999e+06,1.15e+07,4.49996e+06,6.79999e+06,1.15e+07,4.49995e+06,6.79999e+06,1.14999e+07,4.49993e+06,6.79999e+06,1.14999e+07,4.49991e+06,6.79999e+06,1.14999e+07,4.49989e+06,6.79999e+06,1.14999e+07,4.49986e+06,6.79999e+06,1.14999e+07,4.49982e+06,6.79999e+06,1.14999e+07,4.49977e+06,6.79999e+06,1.14999e+07,4.49971e+06,6.79999e+06,1.14999e+07,4.49963e+06,6.79999e+06,1.14998e+07,4.49953e+06,6.79999e+06,1.14998e+07,4.49941e+06,6.79999e+06,1.14998e+07,4.49926e+06,6.79999e+06,1.14998e+07,4.49906e+06,6.79999e+06,1.14997e+07,4.49882e+06,6.79999e+06,1.14997e+07,4.49851e+06,6.79999e+06,1.14997e+07,4.49812e+06,6.79999e+06,1.14996e+07,4.49764e+06,6.79999e+06,1.14996e+07,4.49702e+06,6.79999e+06,1.14995e+07,4.49625e+06,6.79999e+06,1.14995e+07,4.49528e+06,6.79999e+06,1.14994e+07,4.49406e+06,6.79999e+06,1.14993e+07,4.49253e+06,6.79999e+06,1.14992e+07,4.49059e+06,6.79999e+06,1.14991e+07,4.48817e+06,6.79999e+06,1.1499e+07,4.48511e+06,6.79999e+06,1.14988e+07,4.48128e+06,6.79999e+06,1.14987e+07,4.47646e+06,6.79999e+06,1.14985e+07,4.47041e+06,6.79999e+06,1.14983e+07,4.46281e+06,6.79999e+06,1.14981e+07,4.4533e+06,6.79999e+06,1.14979e+07,4.44138e+06,6.79999e+06,1.14976e+07,4.42649e+06,6.79999e+06,1.14972e+07,4.40789e+06,6.79999e+06,1.14969e+07,4.38471e+06,6.79999e+06,1.14965e+07,4.35592e+06,6.79999e+06,1.1496e+07,4.32027e+06,6.79999e+06,1.14955e+07,4.27629e+06,6.79999e+06,1.14949e+07,4.22231e+06,6.79999e+06,1.14942e+07,4.15647e+06,6.79999e+06,1.14934e+07,4.07676e+06,6.79999e+06,1.14926e+07,3.98112e+06,6.79999e+06,1.14916e+07,3.86765e+06,6.79999e+06,1.14905e+07,3.73474e+06,6.79999e+06,1.14892e+07,3.58148e+06,6.79999e+06,1.14878e+07,3.40785e+06,6.79999e+06,1.14862e+07,3.21513e+06,6.79999e+06,1.14844e+07,3.00605e+06,6.79999e+06,1.14823e+07,2.7848e+06,6.79999e+06,1.148e+07,2.5568e+06,6.79999e+06,1.14773e+07,2.32825e+06,6.79999e+06,13.5742,8.52444,0.508366,16.8306,13.2585,0.162638,20.0035,17.569,0.0507846,23.2616,22.4214,0.0158319,26.7328,28.3297,0.00493498,30.5212,35.6974,0.00153831,34.7178,44.9473,0.000479527,39.4086,56.5822,0.000149456,44.6796,71.2245,4.66214e-05,50.6209,89.6543,1.45419e-05,57.3297,112.852,4.54748e-06,64.9129,142.051,1.43857e-06,73.4897,178.803,4.36618e-07,83.1934,225.062,1.40153e-07,94.1745,283.286,4.96378e-08,106.602,356.568,1.05434e-07,120.669,448.799,-6.49244e-08,136.59,564.873,1.70148e-07,154.611,710.948,-5.34594e-08,175.008,894.767,1.63407e-07,198.097,1126.06,8.04804e-08,224.231,1417.07,1.14667e-07,253.813,1783.15,-1.71227e-07,287.297,2243.62,-2.88466e-07,325.198,2822.67,-4.33651e-07,368.098,3550.67,7.9318e-08,416.657,4465.65,3.13319e-07,471.621,5615.16,3.4613e-07,533.835,7058.61,-1.19199e-07,604.255,8870.02,-2.79964e-07,683.962,11141.4,-2.30521e-07,774.182,13986.7,-2.55099e-07,876.299,17546.4,1.23585e-07,991.883,21993.1,1.41192e-07,1122.71,27536.7,-9.71886e-08,1270.78,34430.7,-3.68368e-07,1438.38,42977.7,-3.45379e-07,1628.07,53532.7,-3.25328e-09,1842.77,66504.6,2.6362e-07,2085.77,82350.2,2.53445e-07,2360.79,101560,-2.47407e-08,2672.05,124632,-3.80602e-07,3024.31,152018,-4.79005e-07,3422.98,184060,-1.14379e-07,3874.15,220884,2.64297e-07,4384.72,262283,3.44131e-07,4962.49,307576,7.5349e-08,5616.29,355497,-3.63097e-07,6356.1,404126,-6.05442e-07,7193.18,450932,-2.72333e-07,8140.28,492963,2.29675e-07,9211.79,527178,4.3387e-07,10424,550893,-1.0711e-07,10.102,8.06553,2.81012,10.6436,8.57909,0.869423,11.5336,10.2515,0.270869,12.7211,12.7138,0.0844293,14.1823,15.9373,0.0263173,15.9122,20.0383,0.0082035,17.9198,25.2154,0.00255722,20.2244,31.7373,0.000797017,22.8539,39.9486,0.000248622,25.8438,50.2851,7.75492e-05,29.237,63.2963,2.42508e-05,33.0837,79.6738,7.67162e-06,37.4415,100.288,2.32837e-06,42.3767,126.236,7.33e-07,47.9646,158.896,2.79256e-07,54.2906,200.003,9.87351e-09,61.452,251.741,1.61085e-07,69.5585,316.859,-2.47141e-07,78.7347,398.812,8.93552e-08,89.1218,501.948,-2.53231e-07,100.879,631.736,-1.25047e-07,114.188,795.049,-1.78808e-07,129.252,1000.53,2.6733e-07,146.304,1259.03,4.50292e-07,165.605,1584.19,6.76904e-07,187.452,1993.12,-1.23808e-07,212.181,2507.27,-4.89068e-07,240.173,3153.54,-5.40284e-07,271.856,3965.56,1.86061e-07,307.719,4985.38,4.37004e-07,348.313,6265.4,3.59828e-07,394.26,7870.83,3.98192e-07,446.268,9882.51,-1.92908e-07,505.135,12400.3,-2.20392e-07,571.766,15546.9,1.51705e-07,647.184,19472.2,5.74996e-07,732.547,24357.4,5.39112e-07,829.167,30420,5.07815e-09,938.526,37916.3,-4.11492e-07,1062.3,47143.9,-3.9561e-07,1202.4,58439.2,3.86185e-08,1360.96,72169.3,5.94093e-07,1540.42,88715.8,7.47693e-07,1743.53,108445,1.78537e-07,1973.41,131665,-4.12549e-07,2233.57,158557,-5.37164e-07,2528,189103,-1.17615e-07,2861.2,222986,5.66769e-07,3238.27,259510,9.45053e-07,3664.97,297540,4.25093e-07,4147.81,335497,-3.58506e-07,4694.17,371444,-6.7724e-07,5312.37,403256,1.67192e-07,1.61744,3.89446,9.84394,3.28846,7.5504,12.774,5.07607,11.7187,13.6844,7.03202,16.8147,13.9681,9.20215,23.1769,14.0566,11.6301,31.1672,14.0841,14.3598,41.2186,14.0927,17.4376,53.8688,14.0954,20.9137,69.7915,14.0962,24.8432,89.8341,14.0965,29.2879,115.063,14.0966,34.3168,146.819,14.0966,40.0078,186.792,14.0966,46.4487,237.107,14.0966,53.7388,300.44,14.0966,61.9903,380.158,14.0966,71.3301,480.499,14.0966,81.902,606.796,14.0966,93.8685,765.761,14.0966,107.414,965.837,14.0966,122.746,1217.65,14.0966,140.101,1534.57,14.0966,159.745,1933.41,14.0966,181.981,2435.3,14.0966,207.15,3066.85,14.0966,235.64,3861.46,14.0966,267.889,4861.11,14.0966,304.391,6118.54,14.0966,345.709,7699.91,14.0966,392.478,9688.22,14.0966,445.417,12187.5,14.0966,505.339,15327.7,14.0966,573.165,19271.6,14.0966,649.938,24222,14.0966,736.839,30430.9,14.0966,835.202,38211.5,14.0966,946.539,47950.3,14.0966,1072.56,60122.8,14.0966,1215.21,75309.9,14.0966,1376.66,94216.2,14.0966,1559.41,117688,14.0966,1766.26,146729,14.0966,2000.39,182510,14.0966,2265.39,226372,14.0966,2565.33,279806,14.0966,2904.81,344416,14.0966,3289.05,421845,14.0966,3723.93,513667,14.0966,4216.13,621231,14.0966,4773.18,745478,14.0966,5403.64,886744,14.0966,6117.15,1.04457e+06,14.0966,6924.63,1.2176e+06,14.0966,11.7194,11.96,12.6541,13.9321,16.1295,13.6434,16.6097,21.9702,13.9553,19.7532,29.5285,14.0526,23.3844,39.1143,14.0829,27.5423,51.2054,14.0923,32.2796,66.434,14.0953,37.662,85.6061,14.0962,43.7675,109.74,14.0965,50.687,140.119,14.0966,58.5249,178.359,14.0966,67.4005,226.493,14.0966,77.4493,287.08,14.0966,88.8254,363.343,14.0966,101.703,459.336,14.0966,116.281,580.161,14.0966,132.782,732.241,14.0966,151.46,923.655,14.0966,172.603,1164.57,14.0966,196.535,1467.79,14.0966,223.625,1849.39,14.0966,254.288,2329.62,14.0966,288.997,2933.93,14.0966,328.285,3694.33,14.0966,372.755,4651.04,14.0966,423.092,5854.57,14.0966,480.07,7368.38,14.0966,544.564,9272.08,14.0966,617.566,11665.5,14.0966,700.197,14673.6,14.0966,793.729,18452.9,14.0966,899.599,23198.6,14.0966,1019.43,29154.1,14.0966,1155.07,36622.3,14.0966,1308.6,45977.9,14.0966,1482.39,57683.7,14.0966,1679.09,72307.8,14.0966,1901.73,90542.8,14.0966,2153.73,113226,14.0966,2438.97,141360,14.0966,2761.81,176127,14.0966,3127.22,218898,14.0966,3540.81,271226,14.0966,4008.92,334817,14.0966,4538.74,411470,14.0966,5138.38,502973,14.0966,5817.04,610948,14.0966,6585.12,736653,14.0966,7454.39,880741,14.0966,8438.15,1.04302e+06,14.0966,9551.45,1.22224e+06,14.0966,10811.3,1.41602e+06,14.0966,12237,1.62086e+06,14.0966,11.7194,11.96,12.6541,2.21263,4.16949,0.989383,2.67766,5.84076,0.311842,3.14343,7.55825,0.0972771,3.63127,9.58578,0.0303237,4.15787,12.0912,0.00945211,4.73731,15.2286,0.00294633,5.38238,19.1721,0.000918508,6.10553,24.134,0.000286163,6.91951,30.3791,8.92692e-05,7.83792,38.2397,2.78121e-05,8.87555,48.1338,8.65134e-06,10.0489,60.5876,2.7882e-06,11.3761,76.2629,8.29036e-07,12.8779,95.9927,2.4373e-07,14.5775,120.825,4.33068e-09,16.5012,152.08,1.75749e-07,18.6784,191.415,-1.86328e-07,21.1428,240.917,1.91829e-07,23.9322,303.213,-1.81475e-07,27.0895,381.602,7.0186e-08,30.6634,480.231,-2.86769e-08,34.7087,604.316,2.40784e-07,39.2876,760.401,9.87368e-08,44.4705,956.705,1.22263e-07,50.3371,1203.54,-4.31966e-07,56.9776,1513.81,-1.9705e-07,64.494,1903.69,-2.763e-08,73.0018,2393.4,3.9185e-07,82.6317,3008.13,1.35379e-07,93.5318,3779.25,-4.16351e-08,105.869,4745.7,2.06965e-08,119.834,5955.6,-3.18887e-07,135.641,7468.12,-1.48271e-08,153.531,9355.62,2.00739e-07,173.781,11705.8,2.28358e-07,196.701,14624.1,-1.93587e-08,222.642,18235,-2.88101e-07,252.003,22683.4,-2.24732e-07,285.234,28134,8.56806e-09,322.845,34767,2.34258e-07,365.413,42770.9,2.99668e-07,413.588,52327.9,8.28644e-08,468.111,63591.2,-3.07049e-07,529.814,76653.2,-3.1888e-07,599.642,91502.5,-6.72276e-08,678.662,107975,2.26339e-07,768.083,125705,3.69212e-07,869.267,144088,2.04077e-07,983.76,162277,-2.80509e-07,1113.3,179223,-4.22737e-07,1259.87,193777,-1.71951e-07,1425.68,204839,4.55555e-07,11.7194,11.96,12.6541,2.21263,4.16949,0.989383,2.67766,5.84076,0.311842,3.14343,7.55825,0.0972771,3.63127,9.58578,0.0303237,4.15787,12.0912,0.00945211,4.73731,15.2286,0.00294633,5.38238,19.1721,0.000918508,6.10553,24.134,0.000286163,6.91951,30.3791,8.92692e-05,7.83792,38.2397,2.78121e-05,8.87555,48.1338,8.65134e-06,10.0489,60.5876,2.7882e-06,11.3761,76.2629,8.29036e-07,12.8779,95.9927,2.4373e-07,14.5775,120.825,1e-08,16.5012,152.08,1.75749e-07,18.6784,191.415,1e-08,21.1428,240.917,1.91829e-07,23.9322,303.213,1e-08,27.0895,381.602,7.0186e-08,30.6634,480.231,1e-08,34.7087,604.316,2.40784e-07,39.2876,760.401,9.87368e-08,44.4705,956.705,1.22263e-07,50.3371,1203.54,1e-08,56.9776,1513.81,1e-08,64.494,1903.69,1e-08,73.0018,2393.4,3.9185e-07,82.6317,3008.13,1.35379e-07,93.5318,3779.25,1e-08,105.869,4745.7,2.06965e-08,119.834,5955.6,1e-08,135.641,7468.12,1e-08,153.531,9355.62,2.00739e-07,173.781,11705.8,2.28358e-07,196.701,14624.1,1e-08,222.642,18235,1e-08,252.003,22683.4,1e-08,285.234,28134,1e-08,322.845,34767,2.34258e-07,365.413,42770.9,2.99668e-07,413.588,52327.9,8.28644e-08,468.111,63591.2,1e-08,529.814,76653.2,1e-08,599.642,91502.5,1e-08,678.662,107975,2.26339e-07,768.083,125705,3.69212e-07,869.267,144088,2.04077e-07,983.76,162277,1e-08,1113.3,179223,1e-08,1259.87,193777,1e-08,1425.68,204839,4.55555e-07,6.2823,3.27286,2.43537,0.219672,6.18826,2.24117,0.56371,6.87772,2.63624,0.308279,18,13,20,4,3,0,8,5,0,2,12,0,3,6,0,7,11,0,4,22,0,2,17,0,4,30,0,10,32,0,1,41,0,5,31,0,8,108,0,17,109,0,9,109,0,19,61,0,12,189,0,24,147,0,36,315,0,29,410,0,36,332,0,43,878,0,25,532,0,18,702,0,38,911,0,46,1417,0,95,435,0,48,1193,0,75,1995,0,77,1784,0,95,4384,0,101,4928,0,230,5791,0,121,4600,0,23,13025,0,270,9814,0,233,16863,0,211,7843,0,215,47781,0,761,20847,0,453,31814,0,216,42709,0,738,51500,0,237,62913,0,702,63403,0,509,111368,0,900,109114,0,755,158848,0,1176,197856,0,552,168903,0,476,157914,0,704,118399,0,1223,137319,0
-1.05176e+08,1,8.88811e-15,10,1023,0,1.05176e+08,0.528882,1.08665,0.389689,0.145397,0.379329,3.24381,0.161596,0.446195,1.77396,0.159177,1.15e+07,4.49998e+06,6.79999e+06,1.15e+07,4.49997e+06,6.79999e+06,1.15e+07,4.49996e+06,6.79999e+06,1.15e+07,4.49995e+06,6.79999e+06,1.14999e+07,4.49993e+06,6.79999e+06,1.14999e+07,4.49991e+06,6.79999e+06,1.14999e+07,4.49989e+06,6.79999e+06,1.14999e+07,4.49986e+06,6.79999e+06,1.14999e+07,4.49982e+06,6.79999e+06,1.14999e+07,4.49977e+06,6.79999e+06,1.14999e+07,4.49971e+06,6.79999e+06,1.14999e+07,4.49963e+06,6.79999e+06,1.14998e+07,4.49953e+06,6.79999e+06,1.14998e+07,4.49941e+06,6.79999e+06,1.14998e+07,4.49926e+06,6.79999e+06,1.14998e+07,4.49906e+06,6.79999e+06,1.14997e+07,4.49882e+06,6.79999e+06,1.14997e+07,4.49851e+06,6.79999e+06,1.14997e+07,4.49812e+06,6.79999e+06,1.14996e+07,4.49764e+06,6.79999e+06,1.14996e+07,4.49702e+06,6.79999e+06,1.14995e+07,4.49625e+06,6.79999e+06,1.14995e+07,4.49528e+06,6.79999e+06,1.14994e+07,4.49406e+06,6.79999e+06,1.14993e+07,4.49253e+06,6.79999e+06,1.14992e+07,4.49059e+06,6.79999e+06,1.14991e+07,4.48817e+06,6.79999e+06,1.1499e+07,4.48511e+06,6.79999e+06,1.14988e+07,4.48128e+06,6.79999e+06,1.14987e+07,4.47646e+06,6.79999e+06,1.14985e+07,4.47041e+06,6.79999e+06,1.14983e+07,4.46281e+06,6.79999e+06,1.14981e+07,4.4533e+06,6.79999e+06,1.14979e+07,4.44138e+06,6.79999e+06,1.14976e+07,4.42649e+06,6.79999e+06,1.14972e+07,4.40789e+06,6.79999e+06,1.14969e+07,4.38471e+06,6.79999e+06,1.14965e+07,4.35592e+06,6.79999e+06,1.1496e+07,4.32027e+06,6.79999e+06,1.14955e+07,4.27629e+06,6.79999e+06,1.14949e+07,4.22231e+06,6.79999e+06,1.14942e+07,4.15647e+06,6.79999e+06,1.14934e+07,4.07676e+06,6.79999e+06,1.14926e+07,3.98112e+06,6.79999e+06,1.14916e+07,3.86765e+06,6.79999e+06,1.14905e+07,3.73474e+06,6.79999e+06,1.14892e+07,3.58148e+06,6.79999e+06,1.14878e+07,3.40785e+06,6.79999e+06,1.14862e+07,3.21513e+06,6.79999e+06,1.14844e+07,3.00605e+06,6.79999e+06,1.14823e+07,2.7848e+06,6.79999e+06,1.148e+07,2.5568e+06,6.79999e+06,1.14773e+07,2.32825e+06,6.79999e+06,13.5742,8.52444,0.508366,16.8306,13.2585,0.162638,20.0035,17.569,0.0507846,23.2616,22.4214,0.0158319,26.7328,28.3297,0.00493498,30.5212,35.6974,0.00153831,34.7178,44.9473,0.000479527,39.4086,56.5822,0.000149456,44.6796,71.2245,4.66214e-05,50.6209,89.6543,1.45419e-05,57.3297,112.852,4.54748e-06,64.9129,142.051,1.43857e-06,73.4897,178.803,4.36618e-07,83.1934,225.062,1.40153e-07,94.1745,283.286,4.96378e-08,106.602,356.568,1.05434e-07,120.669,448.799,-6.49244e-08,136.59,564.873,1.70148e-07,154.611,710.948,-5.34594e-08,175.008,894.767,1.63407e-07,198.097,1126.06,8.04804e-08,224.231,1417.07,1.14667e-07,253.813,1783.15,-1.71227e-07,287.297,2243.62,-2.88466e-07,325.198,2822.67,-4.33651e-07,368.098,3550.67,7.9318e-08,416.657,4465.65,3.13319e-07,471.621,5615.16,3.4613e-07,533.835,7058.61,-1.19199e-07,604.255,8870.02,-2.79964e-07,683.962,11141.4,-2.30521e-07,774.182,13986.7,-2.55099e-07,876.299,17546.4,1.23585e-07,991.883,21993.1,1.41192e-07,1122.71,27536.7,-9.71886e-08,1270.78,34430.7,-3.68368e-07,1438.38,42977.7,-3.45379e-07,1628.07,53532.7,-3.25328e-09,1842.77,66504.6,2.6362e-07,2085.77,82350.2,2.53445e-07,2360.79,101560,-2.47407e-08,2672.05,124632,-3.80602e-07,3024.31,152018,-4.79005e-07,3422.98,184060,-1.14379e-07,3874.15,220884,2.64297e-07,4384.72,262283,3.44131e-07,4962.49,307576,7.5349e-08,5616.29,355497,-3.63097e-07,6356.1,404126,-6.05442e-07,7193.18,450932,-2.72333e-07,8140.28,492963,2.29675e-07,9211.79,527178,4.3387e-07,10424,550893,-1.0711e-07,10.102,8.06553,2.81012,10.6436,8.57909,0.869423,11.5336,10.2515,0.270869,12.7211,12.7138,0.0844293,14.1823,15.9373,0.0263173,15.9122,20.0383,0.0082035,17.9198,25.2154,0.00255722,20.2244,31.7373,0.000797017,22.8539,39.9486,0.000248622,25.8438,50.2851,7.75492e-05,29.237,63.2963,2.42508e-05,33.0837,79.6738,7.67162e-06,37.4415,100.288,2.32837e-06,42.3767,126.236,7.33e-07,47.9646,158.896,2.79256e-07,54.2906,200.003,9.87351e-09,61.452,251.741,1.61085e-07,69.5585,316.859,-2.47141e-07,78.7347,398.812,8.93552e-08,89.1218,501.948,-2.53231e-07,100.879,631.736,-1.25047e-07,114.188,795.049,-1.78808e-07,129.252,1000.53,2.6733e-07,146.304,1259.03,4.50292e-07,165.605,1584.19,6.76904e-07,187.452,1993.12,-1.23808e-07,212.181,2507.27,-4.89068e-07,240.173,3153.54,-5.40284e-07,271.856,3965.56,1.86061e-07,307.719,4985.38,4.37004e-07,348.313,6265.4,3.59828e-07,394.26,7870.83,3.98192e-07,446.268,9882.51,-1.92908e-07,505.135,12400.3,-2.20392e-07,571.766,15546.9,1.51705e-07,647.184,19472.2,5.74996e-07,732.547,24357.4,5.39112e-07,829.167,30420,5.07815e-09,938.526,37916.3,-4.11492e-07,1062.3,47143.9,-3.9561e-07,1202.4,58439.2,3.86185e-08,1360.96,72169.3,5.94093e-07,1540.42,88715.8,7.47693e-07,1743.53,108445,1.78537e-07,1973.41,131665,-4.12549e-07,2233.57,158557,-5.37164e-07,2528,189103,-1.17615e-07,2861.2,222986,5.66769e-07,3238.27,259510,9.45053e-07,3664.97,297540,4.25093e-07,4147.81,335497,-3.58506e-07,4694.17,371444,-6.7724e-07,5312.37,403256,1.67192e-07,1.61744,3.89446,9.84394,3.28846,7.5504,12.774,5.07607,11.7187,13.6844,7.03202,16.8147,13.9681,9.20215,23.1769,14.0566,11.6301,31.1672,14.0841,14.3598,41.2186,14.0927,17.4376,53.8688,14.0954,20.9137,69.7915,14.0962,24.8432,89.8341,14.0965,29.2879,115.063,14.0966,34.3168,146.819,14.0966,40.0078,186.792,14.0966,46.4487,237.107,14.0966,53.7388,300.44,14.0966,61.9903,380.158,14.0966,71.3301,480.499,14.0966,81.902,606.796,14.0966,93.8685,765.761,14.0966,107.414,965.837,14.0966,122.746,1217.65,14.0966,140.101,1534.57,14.0966,159.745,1933.41,14.0966,181.981,2435.3,14.0966,207.15,3066.85,14.0966,235.64,3861.46,14.0966,267.889,4861.11,14.0966,304.391,6118.54,14.0966,345.709,7699.91,14.0966,392.478,9688.22,14.0966,445.417,12187.5,14.0966,505.339,15327.7,14.0966,573.165,19271.6,14.0966,649.938,24222,14.0966,736.839,30430.9,14.0966,835.202,38211.5,14.0966,946.539,47950.3,14.0966,1072.56,60122.8,14.0966,1215.21,75309.9,14.0966,1376.66,94216.2,14.0966,1559.41,117688,14.0966,1766.26,146729,14.0966,2000.39,182510,14.0966,2265.39,226372,14.0966,2565.33,279806,14.0966,2904.81,344416,14.0966,3289.05,421845,14.0966,3723.93,513667,14.0966,4216.13,621231,14.0966,4773.18,745478,14.0966,5403.64,886744,14.0966,6117.15,1.04457e+06,14.0966,6924.63,1.2176e+06,14.0966,11.7194,11.96,12.6541,13.9321,16.1295,13.6434,16.6097,21.9702,13.9553,19.7532,29.5285,14.0526,23.3844,39.1143,14.0829,27.5423,51.2054,14.0923,32.2796,66.434,14.0953,37.662,85.6061,14.0962,43.7675,109.74,14.0965,50.687,140.119,14.0966,58.5249,178.359,14.0966,67.4005,226.493,14.0966,77.4493,287.08,14.0966,88.8254,363.343,14.0966,101.703,459.336,14.0966,116.281,580.161,14.0966,132.782,732.241,14.0966,151.46,923.655,14.0966,172.603,1164.57,14.0966,196.535,1467.79,14.0966,223.625,1849.39,14.0966,254.288,2329.62,14.0966,288.997,2933.93,14.0966,328.285,3694.33,14.0966,372.755,4651.04,14.0966,423.092,5854.57,14.0966,480.07,7368.38,14.0966,544.564,9272.08,14.0966,617.566,11665.5,14.0966,700.197,14673.6,14.0966,793.729,18452.9,14.0966,899.599,23198.6,14.0966,1019.43,29154.1,14.0966,1155.07,36622.3,14.0966,1308.6,45977.9,14.0966,1482.39,57683.7,14.0966,1679.09,72307.8,14.0966,1901.73,90542.8,14.0966,2153.73,113226,14.0966,2438.97,141360,14.0966,2761.81,176127,14.0966,3127.22,218898,14.0966,3540.81,271226,14.0966,4008.92,334817,14.0966,4538.74,411470,14.0966,5138.38,502973,14.0966,5817.04,610948,14.0966,6585.12,736653,14.0966,7454.39,880741,14.0966,8438.15,1.04302e+06,14.0966,9551.45,1.22224e+06,14.0966,10811.3,1.41602e+06,14.0966,12237,1.62086e+06,14.0966,11.7194,11.96,12.6541,2.21263,4.16949,0.989383,2.67766,5.84076,0.311842,3.14343,7.55825,0.0972771,3.63127,9.58578,0.0303237,4.15787,12.0912,0.00945211,4.73731,15.2286,0.00294633,5.38238,19.1721,0.000918508,6.10553,24.134,0.000286163,6.91951,30.3791,8.92692e-05,7.83792,38.2397,2.78121e-05,8.87555,48.1338,8.65134e-06,10.0489,60.5876,2.7882e-06,11.3761,76.2629,8.29036e-07,12.8779,95.9927,2.4373e-07,14.5775,120.825,4.33068e-09,16.5012,152.08,1.75749e-07,18.6784,191.415,-1.86328e-07,21.1428,240.917,1.91829e-07,23.9322,303.213,-1.81475e-07,27.0895,381.602,7.0186e-08,30.6634,480.231,-2.86769e-08,34.7087,604.316,2.40784e-07,39.2876,760.401,9.87368e-08,44.4705,956.705,1.22263e-07,50.3371,1203.54,-4.31966e-07,56.9776,1513.81,-1.9705e-07,64.494,1903.69,-2.763e-08,73.0018,2393.4,3.9185e-07,82.6317,3008.13,1.35379e-07,93.5318,3779.25,-4.16351e-08,105.869,4745.7,2.06965e-08,119.834,5955.6,-3.18887e-07,135.641,7468.12,-1.48271e-08,153.531,9355.62,2.00739e-07,173.781,11705.8,2.28358e-07,196.701,14624.1,-1.93587e-08,222.642,18235,-2.88101e-07,252.003,22683.4,-2.24732e-07,285.234,28134,8.56806e-09,322.845,34767,2.34258e-07,365.413,42770.9,2.99668e-07,413.588,52327.9,8.28644e-08,468.111,63591.2,-3.07049e-07,529.814,76653.2,-3.1888e-07,599.642,91502.5,-6.72276e-08,678.662,107975,2.26339e-07,768.083,125705,3.69212e-07,869.267,144088,2.04077e-07,983.76,162277,-2.80509e-07,1113.3,179223,-4.22737e-07,1259.87,193777,-1.71951e-07,1425.68,204839,4.55555e-07,11.7194,11.96,12.6541,2.21263,4.16949,0.989383,2.67766,5.84076,0.311842,3.14343,7.55825,0.0972771,3.63127,9.58578,0.0303237,4.15787,12.0912,0.00945211,4.73731,15.2286,0.00294633,5.38238,19.1721,0.000918508,6.10553,24.134,0.000286163,6.91951,30.3791,8.92692e-05,7.83792,38.2397,2.78121e-05,8.87555,48.1338,8.65134e-06,10.0489,60.5876,2.7882e-06,11.3761,76.2629,8.29036e-07,12.8779,95.9927,2.4373e-07,14.5775,120.825,1e-08,16.5012,152.08,1.75749e-07,18.6784,191.415,1e-08,21.1428,240.917,1.91829e-07,23.9322,303.213,1e-08,27.0895,381.602,7.0186e-08,30.6634,480.231,1e-08,34.7087,604.316,2.40784e-07,39.2876,760.401,9.87368e-08,44.4705,956.705,1.22263e-07,50.3371,1203.54,1e-08,56.9776,1513.81,1e-08,64.494,1903.69,1e-08,73.0018,2393.4,3.9185e-07,82.6317,3008.13,1.35379e-07,93.5318,3779.25,1e-08,105.869,4745.7,2.06965e-08,119.834,5955.6,1e-08,135.641,7468.12,1e-08,153.531,9355.62,2.00739e-07,173.781,11705.8,2.28358e-07,196.701,14624.1,1e-08,222.642,18235,1e-08,252.003,22683.4,1e-08,285.234,28134,1e-08,322.845,34767,2.34258e-07,365.413,42770.9,2.99668e-07,413.588,52327.9,8.28644e-08,468.111,63591.2,1e-08,529.814,76653.2,1e-08,599.642,91502.5,1e-08,678.662,107975,2.26339e-07,768.083,125705,3.69212e-07,869.267,144088,2.04077e-07,983.76,162277,1e-08,1113.3,179223,1e-08,1259.87,193777,1e-08,1425.68,204839,4.55555e-07,6.2823,3.27286,2.43537,0.219672,6.18826,2.24117,0.56371,6.87772,2.63624,0.308279,19,13,6,0,1,0,5,11,0,3,17,0,3,12,0,0,11,0,5,13,0,2,37,0,6,13,0,4,36,0,4,40,0,8,59,0,13,48,0,36,17,0,8,85,0,13,153,0,31,90,0,41,233,0,20,308,0,32,226,0,24,164,0,102,546,0,22,265,0,30,617,0,14,723,0,31,1234,0,32,1643,0,25,1963,0,52,1953,0,47,4900,0,126,6541,0,110,3251,0,124,10362,0,112,10093,0,230,6374,0,177,8909,0,110,16178,0,402,7448,0,327,36098,0,178,28354,0,383,40129,0,423,79287,0,247,44646,0,519,67009,0,244,39363,0,347,79807,0,889,123432,0,1307,110913,0,548,201805,0,1227,308398,0,1581,127280,0,731,147651,0,1234,199295,0
-1.05176e+08,1,8.88811e-15,10,1023,0,1.05176e+08,0.528882,1.08665,0.389689,0.145397,0.379329,3.24381,0.161596,0.446195,1.77396,0.159177,1.15e+07,4.49998e+06,6.79999e+06,1.15e+07,4.49997e+06,6.79999e+06,1.15e+07,4.49996e+06,6.79999e+06,1.15e+07,4.49995e+06,6.79999e+06,1.14999e+07,4.49993e+06,6.79999e+06,1.14999e+07,4.49991e+06,6.79999e+06,1.14999e+07,4.49989e+06,6.79999e+06,1.14999e+07,4.49986e+06,6.79999e+06,1.14999e+07,4.49982e+06,6.79999e+06,1.14999e+07,4.49977e+06,6.79999e+06,1.14999e+07,4.49971e+06,6.79999e+06,1.14999e+07,4.49963e+06,6.79999e+06,1.14998e+07,4.49953e+06,6.79999e+06,1.14998e+07,4.49941e+06,6.79999e+06,1.14998e+07,4.49926e+06,6.79999e+06,1.14998e+07,4.49906e+06,6.79999e+06,1.14997e+07,4.49882e+06,6.79999e+06,1.14997e+07,4.49851e+06,6.79999e+06,1.14997e+07,4.49812e+06,6.79999e+06,1.14996e+07,4.49764e+06,6.79999e+06,1.14996e+07,4.49702e+06,6.79999e+06,1.14995e+07,4.49625e+06,6.79999e+06,1.14995e+07,4.49528e+06,6.79999e+06,1.14994e+07,4.49406e+06,6.79999e+06,1.14993e+07,4.49253e+06,6.79999e+06,1.14992e+07,4.49059e+06,6.79999e+06,1.14991e+07,4.48817e+06,6.79999e+06,1.1499e+07,4.48511e+06,6.79999e+06,1.14988e+07,4.48128e+06,6.79999e+06,1.14987e+07,4.47646e+06,6.79999e+06,1.14985e+07,4.47041e+06,6.79999e+06,1.14983e+07,4.46281e+06,6.79999e+06,1.14981e+07,4.4533e+06,6.79999e+06,1.14979e+07,4.44138e+06,6.79999e+06,1.14976e+07,4.42649e+06,6.79999e+06,1.14972e+07,4.40789e+06,6.79999e+06,1.14969e+07,4.38471e+06,6.79999e+06,1.14965e+07,4.35592e+06,6.79999e+06,1.1496e+07,4.32027e+06,6.79999e+06,1.14955e+07,4.27629e+06,6.79999e+06,1.14949e+07,4.22231e+06,6.79999e+06,1.14942e+07,4.15647e+06,6.79999e+06,1.14934e+07,4.07676e+06,6.79999e+06,1.14926e+07,3.98112e+06,6.79999e+06,1.14916e+07,3.86765e+06,6.79999e+06,1.14905e+07,3.73474e+06,6.79999e+06,1.14892e+07,3.58148e+06,6.79999e+06,1.14878e+07,3.40785e+06,6.79999e+06,1.14862e+07,3.21513e+06,6.79999e+06,1.14844e+07,3.00605e+06,6.79999e+06,1.14823e+07,2.7848e+06,6.79999e+06,1.148e+07,2.5568e+06,6.79999e+06,1.14773e+07,2.32825e+06,6.79999e+06,13.5742,8.52444,0.508366,16.8306,13.2585,0.162638,20.0035,17.569,0.0507846,23.2616,22.4214,0.0158319,26.7328,28.3297,0.00493498,30.5212,35.6974,0.00153831,34.7178,44.9473,0.000479527,39.4086,56.5822,0.000149456,44.6796,71.2245,4.66214e-05,50.6209,89.6543,1.45419e-05,57.3297,112.852,4.54748e-06,64.9129,142.051,1.43857e-06,73.4897,178.803,4.36618e-07,83.1934,225.062,1.40153e-07,94.1745,283.286,4.96378e-08,106.602,356.568,1.05434e-07,120.669,448.799,-6.49244e-08,136.59,564.873,1.70148e-07,154.611,710.948,-5.34594e-08,175.008,894.767,1.63407e-07,198.097,1126.06,8.04804e-08,224.231,1417.07,1.14667e-07,253.813,1783.15,-1.71227e-07,287.297,2243.62,-2.88466e-07,325.198,2822.67,-4.33651e-07,368.098,3550.67,7.9318e-08,416.657,4465.65,3.13319e-07,471.621,5615.16,3.4613e-07,533.835,7058.61,-1.19199e-07,604.255,8870.02,-2.79964e-07,683.962,11141.4,-2.30521e-07,774.182,13986.7,-2.55099e-07,876.299,17546.4,1.23585e-07,991.883,21993.1,1.41192e-07,1122.71,27536.7,-9.71886e-08,1270.78,34430.7,-3.68368e-07,1438.38,42977.7,-3.45379e-07,1628.07,53532.7,-3.25328e-09,1842.77,66504.6,2.6362e-07,2085.77,82350.2,2.53445e-07,2360.79,101560,-2.47407e-08,2672.05,124632,-3.80602e-07,3024.31,152018,-4.79005e-07,3422.98,184060,-1.14379e-07,3874.15,220884,2.64297e-07,4384.72,262283,3.44131e-07,4962.49,307576,7.5349e-08,5616.29,355497,-3.63097e-07,6356.1,404126,-6.05442e-07,7193.18,450932,-2.72333e-07,8140.28,492963,2.29675e-07,9211.79,527178,4.3387e-07,10424,550893,-1.0711e-07,10.102,8.06553,2.81012,10.6436,8.57909,0.869423,11.5336,10.2515,0.270869,12.7211,12.7138,0.0844293,14.1823,15.9373,0.0263173,15.9122,20.0383,0.0082035,17.9198,25.2154,0.00255722,20.2244,31.7373,0.000797017,22.8539,39.9486,0.000248622,25.8438,50.2851,7.75492e-05,29.237,63.2963,2.42508e-05,33.0837,79.6738,7.67162e-06,37.4415,100.288,2.32837e-06,42.3767,126.236,7.33e-07,47.9646,158.896,2.79256e-07,54.2906,200.003,9.87351e-09,61.452,251.741,1.61085e-07,69.5585,316.859,-2.47141e-07,78.7347,398.812,8.93552e-08,89.1218,501.948,-2.53231e-07,100.879,631.736,-1.25047e-07,114.188,795.049,-1.78808e-07,129.252,1000.53,2.6733e-07,146.304,1259.03,4.50292e-07,165.605,1584.19,6.76904e-07,187.452,1993.12,-1.23808e-07,212.181,2507.27,-4.89068e-07,240.173,3153.54,-5.40284e-07,271.856,3965.56,1.86061e-07,307.719,4985.38,4.37004e-07,348.313,6265.4,3.59828e-07,394.26,7870.83,3.98192e-07,446.268,9882.51,-1.92908e-07,505.135,12400.3,-2.20392e-07,571.766,15546.9,1.51705e-07,647.184,19472.2,5.74996e-07,732.547,24357.4,5.39112e-07,829.167,30420,5.07815e-09,938.526,37916.3,-4.11492e-07,1062.3,47143.9,-3.9561e-07,1202.4,58439.2,3.86185e-08,1360.96,72169.3,5.94093e-07,1540.42,88715.8,7.47693e-07,1743.53,108445,1.78537e-07,1973.41,131665,-4.12549e-07,2233.57,158557,-5.37164e-07,2528,189103,-1.17615e-07,2861.2,222986,5.66769e-07,3238.27,259510,9.45053e-07,3664.97,297540,4.25093e-07,4147.81,335497,-3.58506e-07,4694.17,371444,-6.7724e-07,5312.37,403256,1.67192e-07,1.61744,3.89446,9.84394,3.28846,7.5504,12.774,5.07607,11.7187,13.6844,7.03202,16.8147,13.9681,9.20215,23.1769,14.0566,11.6301,31.1672,14.0841,14.3598,41.2186,14.0927,17.4376,53.8688,14.0954,20.9137,69.7915,14.0962,24.8432,89.8341,14.0965,29.2879,115.063,14.0966,34.3168,146.819,14.0966,40.0078,186.792,14.0966,46.4487,237.107,14.0966,53.7388,300.44,14.0966,61.9903,380.158,14.0966,71.3301,480.499,14.0966,81.902,606.796,14.0966,93.8685,765.761,14.0966,107.414,965.837,14.0966,122.746,1217.65,14.0966,140.101,1534.57,14.0966,159.745,1933.41,14.0966,181.981,2435.3,14.0966,207.15,3066.85,14.0966,235.64,3861.46,14.0966,267.889,4861.11,14.0966,304.391,6118.54,14.0966,345.709,7699.91,14.0966,392.478,9688.22,14.0966,445.417,12187.5,14.0966,505.339,15327.7,14.0966,573.165,19271.6,14.0966,649.938,24222,14.0966,736.839,30430.9,14.0966,835.202,38211.5,14.0966,946.539,47950.3,14.0966,1072.56,60122.8,14.0966,1215.21,75309.9,14.0966,1376.66,94216.2,14.0966,1559.41,117688,14.0966,1766.26,146729,14.0966,2000.39,182510,14.0966,2265.39,226372,14.0966,2565.33,279806,14.0966,2904.81,344416,14.0966,3289.05,421845,14.0966,3723.93,513667,14.0966,4216.13,621231,14.0966,4773.18,745478,14.0966,5403.64,886744,14.0966,6117.15,1.04457e+06,14.0966,6924.63,1.2176e+06,14.0966,11.7194,11.96,12.6541,13.9321,16.1295,13.6434,16.6097,21.9702,13.9553,19.7532,29.5285,14.0526,23.3844,39.1143,14.0829,27.5423,51.2054,14.0923,32.2796,66.434,14.0953,37.662,85.6061,14.0962,43.7675,109.74,14.0965,50.687,140.119,14.0966,58.5249,178.359,14.0966,67.4005,226.493,14.0966,77.4493,287.08,14.0966,88.8254,363.343,14.0966,101.703,459.336,14.0966,116.281,580.161,14.0966,132.782,732.241,14.0966,151.46,923.655,14.0966,172.603,1164.57,14.0966,196.535,1467.79,14.0966,223.625,1849.39,14.0966,254.288,2329.62,14.0966,288.997,2933.93,14.0966,328.285,3694.33,14.0966,372.755,4651.04,14.0966,423.092,5854.57,14.0966,480.07,7368.38,14.0966,544.564,9272.08,14.0966,617.566,11665.5,14.0966,700.197,14673.6,14.0966,793.729,18452.9,14.0966,899.599,23198.6,14.0966,1019.43,29154.1,14.0966,1155.07,36622.3,14.0966,1308.6,45977.9,14.0966,1482.39,57683.7,14.0966,1679.09,72307.8,14.0966,1901.73,90542.8,14.0966,2153.73,113226,14.0966,2438.97,141360,14.0966,2761.81,176127,14.0966,3127.22,218898,14.0966,3540.81,271226,14.0966,4008.92,334817,14.0966,4538.74,411470,14.0966,5138.38,502973,14.0966,5817.04,610948,14.0966,6585.12,736653,14.0966,7454.39,880741,14.0966,8438.15,1.04302e+06,14.0966,9551.45,1.22224e+06,14.0966,10811.3,1.41602e+06,14.0966,12237,1.62086e+06,14.0966,11.7194,11.96,12.6541,2.21263,4.16949,0.989383,2.67766,5.84076,0.311842,3.14343,7.55825,0.0972771,3.63127,9.58578,0.0303237,4.15787,12.0912,0.00945211,4.73731,15.2286,0.00294633,5.38238,19.1721,0.000918508,6.10553,24.134,0.000286163,6.91951,30.3791,8.92692e-05,7.83792,38.2397,2.78121e-05,8.87555,48.1338,8.65134e-06,10.0489,60.5876,2.7882e-06,11.3761,76.2629,8.29036e-07,12.8779,95.9927,2.4373e-07,14.5775,120.825,4.33068e-09,16.5012,152.08,1.75749e-07,18.6784,191.415,-1.86328e-07,21.1428,240.917,1.91829e-07,23.9322,303.213,-1.81475e-07,27.0895,381.602,7.0186e-08,30.6634,480.231,-2.86769e-08,34.7087,604.316,2.40784e-07,39.2876,760.401,9.87368e-08,44.4705,956.705,1.22263e-07,50.3371,1203.54,-4.31966e-07,56.9776,1513.81,-1.9705e-07,64.494,1903.69,-2.763e-08,73.0018,2393.4,3.9185e-07,82.6317,3008.13,1.35379e-07,93.5318,3779.25,-4.16351e-08,105.869,4745.7,2.06965e-08,119.834,5955.6,-3.18887e-07,135.641,7468.12,-1.48271e-08,153.531,9355.62,2.00739e-07,173.781,11705.8,2.28358e-07,196.701,14624.1,-1.93587e-08,222.642,18235,-2.88101e-07,252.003,22683.4,-2.24732e-07,285.234,28134,8.56806e-09,322.845,34767,2.34258e-07,365.413,42770.9,2.99668e-07,413.588,52327.9,8.28644e-08,468.111,63591.2,-3.07049e-07,529.814,76653.2,-3.1888e-07,599.642,91502.5,-6.72276e-08,678.662,107975,2.26339e-07,768.083,125705,3.69212e-07,869.267,144088,2.04077e-07,983.76,162277,-2.80509e-07,1113.3,179223,-4.22737e-07,1259.87,193777,-1.71951e-07,1425.68,204839,4.55555e-07,11.7194,11.96,12.6541,2.21263,4.16949,0.989383,2.67766,5.84076,0.311842,3.14343,7.55825,0.0972771,3.63127,9.58578,0.0303237,4.15787,12.0912,0.00945211,4.73731,15.2286,0.00294633,5.38238,19.1721,0.000918508,6.10553,24.134,0.000286163,6.91951,30.3791,8.92692e-05,7.83792,38.2397,2.78121e-05,8.87555,48.1338,8.65134e-06,10.0489,60.5876,2.7882e-06,11.3761,76.2629,8.29036e-07,12.8779,95.9927,2.4373e-07,14.5775,120.825,1e-08,16.5012,152.08,1.75749e-07,18.6784,191.415,1e-08,21.1428,240.917,1.91829e-07,23.9322,303.213,1e-08,27.0895,381.602,7.0186e-08,30.6634,480.231,1e-08,34.7087,604.316,2.40784e-07,39.2876,760.401,9.87368e-08,44.4705,956.705,1.22263e-07,50.3371,1203.54,1e-08,56.9776,1513.81,1e-08,64.494,1903.69,1e-08,73.0018,2393.4,3.9185e-07,82.6317,3008.13,1.35379e-07,93.5318,3779.25,1e-08,105.869,4745.7,2.06965e-08,119.834,5955.6,1e-08,135.641,7468.12,1e-08,153.531,9355.62,2.00739e-07,173.781,11705.8,2.28358e-07,196.701,14624.1,1e-08,222.642,18235,1e-08,252.003,22683.4,1e-08,285.234,28134,1e-08,322.845,34767,2.34258e-07,365.413,42770.9,2.99668e-07,413.588,52327.9,8.28644e-08,468.111,63591.2,1e-08,529.814,76653.2,1e-08,599.642,91502.5,1e-08,678.662,107975,2.26339e-07,768.083,125705,3.69212e-07,869.267,144088,2.04077e-07,983.76,162277,1e-08,1113.3,179223,1e-08,1259.87,193777,1e-08,1425.68,204839,4.55555e-07,6.2823,3.27286,2.43537,0.219672,6.18826,2.24117,0.56371,6.87772,2.63624,0.308279,10,20,13,0,3,1,5,5,1,4,5,0,2,7,0,1,18,0,7,7,0,1,12,0,8,28,0,6,32,0,10,65,0,5,55,0,11,80,0,6,120,0,9,82,0,18,140,0,16,135,0,18,51,0,48,247,0,27,301,0,40,556,0,32,407,0,50,503,0,42,869,0,18,739,0,39,1040,0,37,1791,0,81,1341,0,53,1456,0,73,4885,0,54,7507,0,57,5517,0,45,5514,0,51,7419,0,123,11813,0,138,9059,0,246,12683,0,155,16091,0,130,20579,0,337,25798,0,266,34665,0,235,27680,0,314,51063,0,474,58091,0,506,97448,0,155,155366,0,339,110934,0,1284,132751,0,2133,59313,0,908,196206,0,2169,245436,0,1788,164034,0,1525,90060,0
-1.05176e+08,1,8.88811e-15,10,1023,0,1.05176e+08,0.528882,1.08665,0.389689,0.145397,0.379329,3.24381,0.161596,0.446195,1.77396,0.159177,1.15e+07,4.49998e+06,6.79999e+06,1.15e+07,4.49997e+06,6.79999e+06,1.15e+07,4.49996e+06,6.79999e+06,1.15e+07,4.49995e+06,6.79999e+06,1.14999e+07,4.49993e+06,6.79999e+06,1.14999e+07,4.49991e+06,6.79999e+06,1.14999e+07,4.49989e+06,6.79999e+06,1.14999e+07,4.49986e+06,6.79999e+06,1.14999e+07,4.49982e+06,6.79999e+06,1.14999e+07,4.49977e+06,6.79999e+06,1.14999e+07,4.49971e+06,6.79999e+06,1.14999e+07,4.49963e+06,6.79999e+06,1.14998e+07,4.49953e+06,6.79999e+06,1.14998e+07,4.49941e+06,6.79999e+06,1.14998e+07,4.49926e+06,6.79999e+06,1.14998e+07,4.49906e+06,6.79999e+06,1.14997e+07,4.49882e+06,6.79999e+06,1.14997e+07,4.49851e+06,6.79999e+06,1.14997e+07,4.49812e+06,6.79999e+06,1.14996e+07,4.49764e+06,6.79999e+06,1.14996e+07,4.49702e+06,6.79999e+06,1.14995e+07,4.49625e+06,6.79999e+06,1.14995e+07,4.49528e+06,6.79999e+06,1.14994e+07,4.49406e+06,6.79999e+06,1.14993e+07,4.49253e+06,6.79999e+06,1.14992e+07,4.49059e+06,6.79999e+06,1.14991e+07,4.48817e+06,6.79999e+06,1.1499e+07,4.48511e+06,6.79999e+06,1.14988e+07,4.48128e+06,6.79999e+06,1.14987e+07,4.47646e+06,6.79999e+06,1.14985e+07,4.47041e+06,6.79999e+06,1.14983e+07,4.46281e+06,6.79999e+06,1.14981e+07,4.4533e+06,6.79999e+06,1.14979e+07,4.44138e+06,6.79999e+06,1.14976e+07,4.42649e+06,6.79999e+06,1.14972e+07,4.40789e+06,6.79999e+06,1.14969e+07,4.38471e+06,6.79999e+06,1.14965e+07,4.35592e+06,6.79999e+06,1.1496e+07,4.32027e+06,6.79999e+06,1.14955e+07,4.27629e+06,6.79999e+06,1.14949e+07,4.22231e+06,6.79999e+06,1.14942e+07,4.15647e+06,6.79999e+06,1.14934e+07,4.07676e+06,6.79999e+06,1.14926e+07,3.98112e+06,6.79999e+06,1.14916e+07,3.86765e+06,6.79999e+06,1.14905e+07,3.73474e+06,6.79999e+06,1.14892e+07,3.58148e+06,6.79999e+06,1.14878e+07,3.40785e+06,6.79999e+06,1.14862e+07,3.21513e+06,6.79999e+06,1.14844e+07,3.00605e+06,6.79999e+06,1.14823e+07,2.7848e+06,6.79999e+06,1.148e+07,2.5568e+06,6.79999e+06,1.14773e+07,2.32825e+06,6.79999e+06,13.5742,8.52444,0.508366,16.8306,13.2585,0.162638,20.0035,17.569,0.0507846,23.2616,22.4214,0.0158319,26.7328,28.3297,0.00493498,30.5212,35.6974,0.00153831,34.7178,44.9473,0.000479527,39.4086,56.5822,0.000149456,44.6796,71.2245,4.66214e-05,50.6209,89.6543,1.45419e-05,57.3297,112.852,4.54748e-06,64.9129,142.051,1.43857e-06,73.4897,178.803,4.36618e-07,83.1934,225.062,1.40153e-07,94.1745,283.286,4.96378e-08,106.602,356.568,1.05434e-07,120.669,448.799,-6.49244e-08,136.59,564.873,1.70148e-07,154.611,710.948,-5.34594e-08,175.008,894.767,1.63407e-07,198.097,1126.06,8.04804e-08,224.231,1417.07,1.14667e-07,253.813,1783.15,-1.71227e-07,287.297,2243.62,-2.88466e-07,325.198,2822.67,-4.33651e-07,368.098,3550.67,7.9318e-08,416.657,4465.65,3.13319e-07,471.621,5615.16,3.4613e-07,533.835,7058.61,-1.19199e-07,604.255,8870.02,-2.79964e-07,683.962,11141.4,-2.30521e-07,774.182,13986.7,-2.55099e-07,876.299,17546.4,1.23585e-07,991.883,21993.1,1.41192e-07,1122.71,27536.7,-9.71886e-08,1270.78,34430.7,-3.68368e-07,1438.38,42977.7,-3.45379e-07,1628.07,53532.7,-3.25328e-09,1842.77,66504.6,2.6362e-07,2085.77,82350.2,2.53445e-07,2360.79,101560,-2.47407e-08,2672.05,124632,-3.80602e-07,3024.31,152018,-4.79005e-07,3422.98,184060,-1.14379e-07,3874.15,220884,2.64297e-07,4384.72,262283,3.44131e-07,4962.49,307576,7.5349e-08,5616.29,355497,-3.63097e-07,6356.1,404126,-6.05442e-07,7193.18,450932,-2.72333e-07,8140.28,492963,2.29675e-07,9211.79,527178,4.3387e-07,10424,550893,-1.0711e-07,10.102,8.06553,2.81012,10.6436,8.57909,0.869423,11.5336,10.2515,0.270869,12.7211,12.7138,0.0844293,14.1823,15.9373,0.0263173,15.9122,20.0383,0.0082035,17.9198,25.2154,0.00255722,20.2244,31.7373,0.000797017,22.8539,39.9486,0.000248622,25.8438,50.2851,7.75492e-05,29.237,63.2963,2.42508e-05,33.0837,79.6738,7.67162e-06,37.4415,100.288,2.32837e-06,42.3767,126.236,7.33e-07,47.9646,158.896,2.79256e-07,54.2906,200.003,9.87351e-09,61.452,251.741,1.61085e-07,69.5585,316.859,-2.47141e-07,78.7347,398.812,8.93552e-08,89.1218,501.948,-2.53231e-07,100.879,631.736,-1.25047e-07,114.188,795.049,-1.78808e-07,129.252,1000.53,2.6733e-07,146.304,1259.03,4.50292e-07,165.605,1584.19,6.76904e-07,187.452,1993.12,-1.23808e-07,212.181,2507.27,-4.89068e-07,240.173,3153.54,-5.40284e-07,271.856,3965.56,1.86061e-07,307.719,4985.38,4.37004e-07,348.313,6265.4,3.59828e-07,394.26,7870.83,3.98192e-07,446.268,9882.51,-1.92908e-07,505.135,12400.3,-2.20392e-07,571.766,15546.9,1.51705e-07,647.184,19472.2,5.74996e-07,732.547,24357.4,5.39112e-07,829.167,30420,5.07815e-09,938.526,37916.3,-4.11492e-07,1062.3,47143.9,-3.9561e-07,1202.4,58439.2,3.86185e-08,1360.96,72169.3,5.94093e-07,1540.42,88715.8,7.47693e-07,1743.53,108445,1.78537e-07,1973.41,131665,-4.12549e-07,2233.57,158557,-5.37164e-07,2528,189103,-1.17615e-07,2861.2,222986,5.66769e-07,3238.27,259510,9.45053e-07,3664.97,297540,4.25093e-07,4147.81,335497,-3.58506e-07,4694.17,371444,-6.7724e-07,5312.37,403256,1.67192e-07,1.61744,3.89446,9.84394,3.28846,7.5504,12.774,5.07607,11.7187,13.6844,7.03202,16.8147,13.9681,9.20215,23.1769,14.0566,11.6301,31.1672,14.0841,14.3598,41.2186,14.0927,17.4376,53.8688,14.0954,20.9137,69.7915,14.0962,24.8432,89.8341,14.0965,29.2879,115.063,14.0966,34.3168,146.819,14.0966,40.0078,186.792,14.0966,46.4487,237.107,14.0966,53.7388,300.44,14.0966,61.9903,380.158,14.0966,71.3301,480.499,14.0966,81.902,606.796,14.0966,93.8685,765.761,14.0966,107.414,965.837,14.0966,122.746,1217.65,14.0966,140.101,1534.57,14.0966,159.745,1933.41,14.0966,181.981,2435.3,14.0966,207.15,3066.85,14.0966,235.64,3861.46,14.0966,267.889,4861.11,14.0966,304.391,6118.54,14.0966,345.709,7699.91,14.0966,392.478,9688.22,14.0966,445.417,12187.5,14.0966,505.339,15327.7,14.0966,573.165,19271.6,14.0966,649.938,24222,14.0966,736.839,30430.9,14.0966,835.202,38211.5,14.0966,946.539,47950.3,14.0966,1072.56,60122.8,14.0966,1215.21,75309.9,14.0966,1376.66,94216.2,14.0966,1559.41,117688,14.0966,1766.26,146729,14.0966,2000.39,182510,14.0966,2265.39,226372,14.0966,2565.33,279806,14.0966,2904.81,344416,14.0966,3289.05,421845,14.0966,3723.93,513667,14.0966,4216.13,621231,14.0966,4773.18,745478,14.0966,5403.64,886744,14.0966,6117.15,1.04457e+06,14.0966,6924.63,1.2176e+06,14.0966,11.7194,11.96,12.6541,13.9321,16.1295,13.6434,16.6097,21.9702,13.9553,19.7532,29.5285,14.0526,23.3844,39.1143,14.0829,27.5423,51.2054,14.0923,32.2796,66.434,14.0953,37.662,85.6061,14.0962,43.7675,109.74,14.0965,50.687,140.119,14.0966,58.5249,178.359,14.0966,67.4005,226.493,14.0966,77.4493,287.08,14.0966,88.8254,363.343,14.0966,101.703,459.336,14.0966,116.281,580.161,14.0966,132.782,732.241,14.0966,151.46,923.655,14.0966,172.603,1164.57,14.0966,196.535,1467.79,14.0966,223.625,1849.39,14.0966,254.288,2329.62,14.0966,288.997,2933.93,14.0966,328.285,3694.33,14.0966,372.755,4651.04,14.0966,423.092,5854.57,14.0966,480.07,7368.38,14.0966,544.564,9272.08,14.0966,617.566,11665.5,14.0966,700.197,14673.6,14.0966,793.729,18452.9,14.0966,899.599,23198.6,14.0966,1019.43,29154.1,14.0966,1155.07,36622.3,14.0966,1308.6,45977.9,14.0966,1482.39,57683.7,14.0966,1679.09,72307.8,14.0966,1901.73,90542.8,14.0966,2153.73,113226,14.0966,2438.97,141360,14.0966,2761.81,176127,14.0966,3127.22,218898,14.0966,3540.81,271226,14.0966,4008.92,334817,14.0966,4538.74,411470,14.0966,5138.38,502973,14.0966,5817.04,610948,14.0966,6585.12,736653,14.0966,7454.39,880741,14.0966,8438.15,1.04302e+06,14.0966,9551.45,1.22224e+06,14.0966,10811.3,1.41602e+06,14.0966,12237,1.62086e+06,14.0966,11.7194,11.96,12.6541,2.21263,4.16949,0.989383,2.67766,5.84076,0.311842,3.14343,7.55825,0.0972771,3.63127,9.58578,0.0303237,4.15787,12.0912,0.00945211,4.73731,15.2286,0.00294633,5.38238,19.1721,0.000918508,6.10553,24.134,0.000286163,6.91951,30.3791,8.92692e-05,7.83792,38.2397,2.78121e-05,8.87555,48.1338,8.65134e-06,10.0489,60.5876,2.7882e-06,11.3761,76.2629,8.29036e-07,12.8779,95.9927,2.4373e-07,14.5775,120.825,4.33068e-09,16.5012,152.08,1.75749e-07,18.6784,191.415,-1.86328e-07,21.1428,240.917,1.91829e-07,23.9322,303.213,-1.81475e-07,27.0895,381.602,7.0186e-08,30.6634,480.231,-2.86769e-08,34.7087,604.316,2.40784e-07,39.2876,760.401,9.87368e-08,44.4705,956.705,1.22263e-07,50.3371,1203.54,-4.31966e-07,56.9776,1513.81,-1.9705e-07,64.494,1903.69,-2.763e-08,73.0018,2393.4,3.9185e-07,82.6317,3008.13,1.35379e-07,93.5318,3779.25,-4.16351e-08,105.869,4745.7,2.06965e-08,119.834,5955.6,-3.18887e-07,135.641,7468.12,-1.48271e-08,153.531,9355.62,2.00739e-07,173.781,11705.8,2.28358e-07,196.701,14624.1,-1.93587e-08,222.642,18235,-2.88101e-07,252.003,22683.4,-2.24732e-07,285.234,28134,8.56806e-09,322.845,34767,2.34258e-07,365.413,42770.9,2.99668e-07,413.588,52327.9,8.28644e-08,468.111,63591.2,-3.07049e-07,529.814,76653.2,-3.1888e-07,599.642,91502.5,-6.72276e-08,678.662,107975,2.26339e-07,768.083,125705,3.69212e-07,869.267,144088,2.04077e-07,983.76,162277,-2.80509e-07,1113.3,179223,-4.22737e-07,1259.87,193777,-1.71951e-07,1425.68,204839,4.55555e-07,11.7194,11.96,12.6541,2.21263,4.16949,0.989383,2.67766,5.84076,0.311842,3.14343,7.55825,0.0972771,3.63127,9.58578,0.0303237,4.15787,12.0912,0.00945211,4.73731,15.2286,0.00294633,5.38238,19.1721,0.000918508,6.10553,24.134,0.000286163,6.91951,30.3791,8.92692e-05,7.83792,38.2397,2.78121e-05,8.87555,48.1338,8.65134e-06,10.0489,60.5876,2.7882e-06,11.3761,76.2629,8.29036e-07,12.8779,95.9927,2.4373e-07,14.5775,120.825,1e-08,16.5012,152.08,1.75749e-07,18.6784,191.415,1e-08,21.1428,240.917,1.91829e-07,23.9322,303.213,1e-08,27.0895,381.602,7.0186e-08,30.6634,480.231,1e-08,34.7087,604.316,2.40784e-07,39.2876,760.401,9.87368e-08,44.4705,956.705,1.22263e-07,50.3371,1203.54,1e-08,56.9776,1513.81,1e-08,64.494,1903.69,1e-08,73.0018,2393.4,3.9185e-07,82.6317,3008.13,1.35379e-07,93.5318,3779.25,1e-08,105.869,4745.7,2.06965e-08,119.834,5955.6,1e-08,135.641,7468.12,1e-08,153.531,9355.62,2.00739e-07,173.781,11705.8,2.28358e-07,196.701,14624.1,1e-08,222.642,18235,1e-08,252.003,22683.4,1e-08,285.234,28134,1e-08,322.845,34767,2.34258e-07,365.413,42770.9,2.99668e-07,413.588,52327.9,8.28644e-08,468.111,63591.2,1e-08,529.814,76653.2,1e-08,599.642,91502.5,1e-08,678.662,107975,2.26339e-07,768.083,125705,3.69212e-07,869.267,144088,2.04077e-07,983.76,162277,1e-08,1113.3,179223,1e-08,1259.87,193777,1e-08,1425.68,204839,4.55555e-07,6.2823,3.27286,2.43537,0.219672,6.18826,2.24117,0.56371,6.87772,2.63624,0.308279,8,20,11,1,4,0,1,0,0,4,4,0,2,11,0,3,12,0,8,15,0,10,35,0,6,18,0,8,48,0,19,53,0,19,30,0,9,96,0,28,68,0,12,105,0,7,117,0,24,85,0,18,244,0,28,239,0,13,241,0,26,429,0,35,645,0,15,373,0,43,853,0,61,180,0,40,285,0,49,2185,0,44,3335,0,40,1511,0,34,2868,0,108,4175,0,182,4038,0,272,3691,0,247,5009,0,90,10182,0,259,29464,0,145,7241,0,255,14753,0,387,31107,0,331,27138,0,271,36631,0,212,35927,0,269,41351,0,898,59225,0,559,88345,0,455,102694,0,492,134802,0,1007,73381,0,658,120463,0,1492,236091,0,1588,208418,0,2847,173761,0,1481,153549,0
-1.05176e+08,1,8.88811e-15,10,1023,0,1.05176e+08,0.528882,1.08665,0.389689,0.145397,0.379329,3.24381,0.161596,0.446195,1.77396,0.159177,1.15e+07,4.49998e+06,6.79999e+06,1.15e+07,4.49997e+06,6.79999e+06,1.15e+07,4.49996e+06,6.79999e+06,1.15e+07,4.49995e+06,6.79999e+06,1.14999e+07,4.49993e+06,6.79999e+06,1.14999e+07,4.49991e+06,6.79999e+06,1.14999e+07,4.49989e+06,6.79999e+06,1.14999e+07,4.49986e+06,6.79999e+06,1.14999e+07,4.49982e+06,6.79999e+06,1.14999e+07,4.49977e+06,6.79999e+06,1.14999e+07,4.49971e+06,6.79999e+06,1.14999e+07,4.49963e+06,6.79999e+06,1.14998e+07,4.49953e+06,6.79999e+06,1.14998e+07,4.49941e+06,6.79999e+06,1.14998e+07,4.49926e+06,6.79999e+06,1.14998e+07,4.49906e+06,6.79999e+06,1.14997e+07,4.49882e+06,6.79999e+06,1.14997e+07,4.49851e+06,6.79999e+06,1.14997e+07,4.49812e+06,6.79999e+06,1.14996e+07,4.49764e+06,6.79999e+06,1.14996e+07,4.49702e+06,6.79999e+06,1.14995e+07,4.49625e+06,6.79999e+06,1.14995e+07,4.49528e+06,6.79999e+06,1.14994e+07,4.49406e+06,6.79999e+06,1.14993e+07,4.49253e+06,6.79999e+06,1.14992e+07,4.49059e+06,6.79999e+06,1.14991e+07,4.48817e+06,6.79999e+06,1.1499e+07,4.48511e+06,6.79999e+06,1.14988e+07,4.48128e+06,6.79999e+06,1.14987e+07,4.47646e+06,6.79999e+06,1.14985e+07,4.47041e+06,6.79999e+06,1.14983e+07,4.46281e+06,6.79999e+06,1.14981e+07,4.4533e+06,6.79999e+06,1.14979e+07,4.44138e+06,6.79999e+06,1.14976e+07,4.42649e+06,6.79999e+06,1.14972e+07,4.40789e+06,6.79999e+06,1.14969e+07,4.38471e+06,6.79999e+06,1.14965e+07,4.35592e+06,6.79999e+06,1.1496e+07,4.32027e+06,6.79999e+06,1.14955e+07,4.27629e+06,6.79999e+06,1.14949e+07,4.22231e+06,6.79999e+06,1.14942e+07,4.15647e+06,6.79999e+06,1.14934e+07,4.07676e+06,6.79999e+06,1.14926e+07,3.98112e+06,6.79999e+06,1.14916e+07,3.86765e+06,6.79999e+06,1.14905e+07,3.73474e+06,6.79999e+06,1.14892e+07,3.58148e+06,6.79999e+06,1.14878e+07,3.40785e+06,6.79999e+06,1.14862e+07,3.21513e+06,6.79999e+06,1.14844e+07,3.00605e+06,6.79999e+06,1.14823e+07,2.7848e+06,6.79999e+06,1.148e+07,2.5568e+06,6.79999e+06,1.14773e+07,2.32825e+06,6.79999e+06,13.5742,8.52444,0.508366,16.8306,13.2585,0.162638,20.0035,17.569,0.0507846,23.2616,22.4214,0.0158319,26.7328,28.3297,0.00493498,30.5212,35.6974,0.00153831,34.7178,44.9473,0.000479527,39.4086,56.5822,0.000149456,44.6796,71.2245,4.66214e-05,50.6209,89.6543,1.45419e-05,57.3297,112.852,4.54748e-06,64.9129,142.051,1.43857e-06,73.4897,178.803,4.36618e-07,83.1934,225.062,1.40153e-07,94.1745,283.286,4.96378e-08,106.602,356.568,1.05434e-07,120.669,448.799,-6.49244e-08,136.59,564.873,1.70148e-07,154.611,710.948,-5.34594e-08,175.008,894.767,1.63407e-07,198.097,1126.06,8.04804e-08,224.231,1417.07,1.14667e-07,253.813,1783.15,-1.71227e-07,287.297,2243.62,-2.88466e-07,325.198,2822.67,-4.33651e-07,368.098,3550.67,7.9318e-08,416.657,4465.65,3.13319e-07,471.621,5615.16,3.4613e-07,533.835,7058.61,-1.19199e-07,604.255,8870.02,-2.79964e-07,683.962,11141.4,-2.30521e-07,774.182,13986.7,-2.55099e-07,876.299,17546.4,1.23585e-07,991.883,21993.1,1.41192e-07,1122.71,27536.7,-9.71886e-08,1270.78,34430.7,-3.68368e-07,1438.38,42977.7,-3.45379e-07,1628.07,53532.7,-3.25328e-09,1842.77,66504.6,2.6362e-07,2085.77,82350.2,2.53445e-07,2360.79,101560,-2.47407e-08,2672.05,124632,-3.80602e-07,3024.31,152018,-4.79005e-07,3422.98,184060,-1.14379e-07,3874.15,220884,2.64297e-07,4384.72,262283,3.44131e-07,4962.49,307576,7.5349e-08,5616.29,355497,-3.63097e-07,6356.1,404126,-6.05442e-07,7193.18,450932,-2.72333e-07,8140.28,492963,2.29675e-07,9211.79,527178,4.3387e-07,10424,550893,-1.0711e-07,10.102,8.06553,2.81012,10.6436,8.57909,0.869423,11.5336,10.2515,0.270869,12.7211,12.7138,0.0844293,14.1823,15.9373,0.0263173,15.9122,20.0383,0.0082035,17.9198,25.2154,0.00255722,20.2244,31.7373,0.000797017,22.8539,39.9486,0.000248622,25.8438,50.2851,7.75492e-05,29.237,63.2963,2.42508e-05,33.0837,79.6738,7.67162e-06,37.4415,100.288,2.32837e-06,42.3767,126.236,7.33e-07,47.9646,158.896,2.79256e-07,54.2906,200.003,9.87351e-09,61.452,251.741,1.61085e-07,69.5585,316.859,-2.47141e-07,78.7347,398.812,8.93552e-08,89.1218,501.948,-2.53231e-07,100.879,631.736,-1.25047e-07,114.188,795.049,-1.78808e-07,129.252,1000.53,2.6733e-07,146.304,1259.03,4.50292e-07,165.605,1584.19,6.76904e-07,187.452,1993.12,-1.23808e-07,212.181,2507.27,-4.89068e-07,240.173,3153.54,-5.40284e-07,271.856,3965.56,1.86061e-07,307.719,4985.38,4.37004e-07,348.313,6265.4,3.59828e-07,394.26,7870.83,3.98192e-07,446.268,9882.51,-1.92908e-07,505.135,12400.3,-2.20392e-07,571.766,15546.9,1.51705e-07,647.184,19472.2,5.74996e-07,732.547,24357.4,5.39112e-07,829.167,30420,5.07815e-09,938.526,37916.3,-4.11492e-07,1062.3,47143.9,-3.9561e-07,1202.4,58439.2,3.86185e-08,1360.96,72169.3,5.94093e-07,1540.42,88715.8,7.47693e-07,1743.53,108445,1.78537e-07,1973.41,131665,-4.12549e-07,2233.57,158557,-5.37164e-07,2528,189103,-1.17615e-07,2861.2,222986,5.66769e-07,3238.27,259510,9.45053e-07,3664.97,297540,4.25093e-07,4147.81,335497,-3.58506e-07,4694.17,371444,-6.7724e-07,5312.37,403256,1.67192e-07,1.61744,3.89446,9.84394,3.28846,7.5504,12.774,5.07607,11.7187,13.6844,7.03202,16.8147,13.9681,9.20215,23.1769,14.0566,11.6301,31.1672,14.0841,14.3598,41.2186,14.0927,17.4376,53.8688,14.0954,20.9137,69.7915,14.0962,24.8432,89.8341,14.0965,29.2879,115.063,14.0966,34.3168,146.819,14.0966,40.0078,186.792,14.0966,46.4487,237.107,14.0966,53.7388,300.44,14.0966,61.9903,380.158,14.0966,71.3301,480.499,14.0966,81.902,606.796,14.0966,93.8685,765.761,14.0966,107.414,965.837,14.0966,122.746,1217.65,14.0966,140.101,1534.57,14.0966,159.745,1933.41,14.0966,181.981,2435.3,14.0966,207.15,3066.85,14.0966,235.64,3861.46,14.0966,267.889,4861.11,14.0966,304.391,6118.54,14.0966,345.709,7699.91,14.0966,392.478,9688.22,14.0966,445.417,12187.5,14.0966,505.339,15327.7,14.0966,573.165,19271.6,14.0966,649.938,24222,14.0966,736.839,30430.9,14.0966,835.202,38211.5,14.0966,946.539,47950.3,14.0966,1072.56,60122.8,14.0966,1215.21,75309.9,14.0966,1376.66,94216.2,14.0966,1559.41,117688,14.0966,1766.26,146729,14.0966,2000.39,182510,14.0966,2265.39,226372,14.0966,2565.33,279806,14.0966,2904.81,344416,14.0966,3289.05,421845,14.0966,3723.93,513667,14.0966,4216.13,621231,14.0966,4773.18,745478,14.0966,5403.64,886744,14.0966,6117.15,1.04457e+06,14.0966,6924.63,1.2176e+06,14.0966,11.7194,11.96,12.6541,13.9321,16.1295,13.6434,16.6097,21.9702,13.9553,19.7532,29.5285,14.0526,23.3844,39.1143,14.0829,27.5423,51.2054,14.0923,32.2796,66.434,14.0953,37.662,85.6061,14.0962,43.7675,109.74,14.0965,50.687,140.119,14.0966,58.5249,178.359,14.0966,67.4005,226.493,14.0966,77.4493,287.08,14.0966,88.8254,363.343,14.0966,101.703,459.336,14.0966,116.281,580.161,14.0966,132.782,732.241,14.0966,151.46,923.655,14.0966,172.603,1164.57,14.0966,196.535,1467.79,14.0966,223.625,1849.39,14.0966,254.288,2329.62,14.0966,288.997,2933.93,14.0966,328.285,3694.33,14.0966,372.755,4651.04,14.0966,423.092,5854.57,14.0966,480.07,7368.38,14.0966,544.564,9272.08,14.0966,617.566,11665.5,14.0966,700.197,14673.6,14.0966,793.729,18452.9,14.0966,899.599,23198.6,14.0966,1019.43,29154.1,14.0966,1155.07,36622.3,14.0966,1308.6,45977.9,14.0966,1482.39,57683.7,14.0966,1679.09,72307.8,14.0966,1901.73,90542.8,14.0966,2153.73,113226,14.0966,2438.97,141360,14.0966,2761.81,176127,14.0966,3127.22,218898,14.0966,3540.81,271226,14.0966,4008.92,334817,14.0966,4538.74,411470,14.0966,5138.38,502973,14.0966,5817.04,610948,14.0966,6585.12,736653,14.0966,7454.39,880741,14.0966,8438.15,1.04302e+06,14.0966,9551.45,1.22224e+06,14.0966,10811.3,1.41602e+06,14.0966,12237,1.62086e+06,14.0966,11.7194,11.96,12.6541,2.21263,4.16949,0.989383,2.67766,5.84076,0.311842,3.14343,7.55825,0.0972771,3.63127,9.58578,0.0303237,4.15787,12.0912,0.00945211,4.73731,15.2286,0.00294633,5.38238,19.1721,0.000918508,6.10553,24.134,0.000286163,6.91951,30.3791,8.92692e-05,7.83792,38.2397,2.78121e-05,8.87555,48.1338,8.65134e-06,10.0489,60.5876,2.7882e-06,11.3761,76.2629,8.29036e-07,12.8779,95.9927,2.4373e-07,14.5775,120.825,4.33068e-09,16.5012,152.08,1.75749e-07,18.6784,191.415,-1.86328e-07,21.1428,240.917,1.91829e-07,23.9322,303.213,-1.81475e-07,27.0895,381.602,7.0186e-08,30.6634,480.231,-2.86769e-08,34.7087,604.316,2.40784e-07,39.2876,760.401,9.87368e-08,44.4705,956.705,1.22263e-07,50.3371,1203.54,-4.31966e-07,56.9776,1513.81,-1.9705e-07,64.494,1903.69,-2.763e-08,73.0018,2393.4,3.9185e-07,82.6317,3008.13,1.35379e-07,93.5318,3779.25,-4.16351e-08,105.869,4745.7,2.06965e-08,119.834,5955.6,-3.18887e-07,135.641,7468.12,-1.48271e-08,153.531,9355.62,2.00739e-07,173.781,11705.8,2.28358e-07,196.701,14624.1,-1.93587e-08,222.642,18235,-2.88101e-07,252.003,22683.4,-2.24732e-07,285.234,28134,8.56806e-09,322.845,34767,2.34258e-07,365.413,42770.9,2.99668e-07,413.588,52327.9,8.28644e-08,468.111,63591.2,-3.07049e-07,529.814,76653.2,-3.1888e-07,599.642,91502.5,-6.72276e-08,678.662,107975,2.26339e-07,768.083,125705,3.69212e-07,869.267,144088,2.04077e-07,983.76,162277,-2.80509e-07,1113.3,179223,-4.22737e-07,1259.87,193777,-1.71951e-07,1425.68,204839,4.55555e-07,11.7194,11.96,12.6541,2.21263,4.16949,0.989383,2.67766,5.84076,0.311842,3.14343,7.55825,0.0972771,3.63127,9.58578,0.0303237,4.15787,12.0912,0.00945211,4.73731,15.2286,0.00294633,5.38238,19.1721,0.000918508,6.10553,24.134,0.000286163,6.91951,30.3791,8.92692e-05,7.83792,38.2397,2.78121e-05,8.87555,48.1338,8.65134e-06,10.0489,60.5876,2.7882e-06,11.3761,76.2629,8.29036e-07,12.8779,95.9927,2.4373e-07,14.5775,120.825,1e-08,16.5012,152.08,1.75749e-07,18.6784,191.415,1e-08,21.1428,240.917,1.91829e-07,23.9322,303.213,1e-08,27.0895,381.602,7.0186e-08,30.6634,480.231,1e-08,34.7087,604.316,2.40784e-07,39.2876,760.401,9.87368e-08,44.4705,956.705,1.22263e-07,50.3371,1203.54,1e-08,56.9776,1513.81,1e-08,64.494,1903.69,1e-08,73.0018,2393.4,3.9185e-07,82.6317,3008.13,1.35379e-07,93.5318,3779.25,1e-08,105.869,4745.7,2.06965e-08,119.834,5955.6,1e-08,135.641,7468.12,1e-08,153.531,9355.62,2.00739e-07,173.781,11705.8,2.28358e-07,196.701,14624.1,1e-08,222.642,18235,1e-08,252.003,22683.4,1e-08,285.234,28134,1e-08,322.845,34767,2.34258e-07,365.413,42770.9,2.99668e-07,413.588,52327.9,8.28644e-08,468.111,63591.2,1e-08,529.814,76653.2,1e-08,599.642,91502.5,1e-08,678.662,107975,2.26339e-07,768.083,125705,3.69212e-07,869.267,144088,2.04077e-07,983.76,162277,1e-08,1113.3,179223,1e-08,1259.87,193777,1e-08,1425.68,204839,4.55555e-07,6.2823,3.27286,2.43537,0.219672,6.18826,2.24117,0.56371,6.87772,2.63624,0.308279,8,18,7,1,3,0,4,4,1,3,7,0,11,13,0,3,9,0,8,31,0,6,26,0,4,20,0,3,26,0,18,12,0,13,40,0,14,46,0,4,57,0,9,81,0,6,121,0,5,333,0,32,120,0,15,151,0,17,465,0,18,488,0,67,303,0,36,738,0,45,837,0,92,661,0,32,607,0,44,1208,0,51,1737,0,70,3593,0,35,2610,0,89,4063,0,158,2792,0,273,4123,0,171,3724,0,159,9788,0,159,8796,0,207,7862,0,268,27485,0,165,35648,0,66,37220,0,330,42864,0,176,72115,0,307,55028,0,990,86225,0,200,116552,0,431,80078,0,695,70308,0,690,157883,0,1139,162013,0,763,237782,0,1329,201957,0,1022,135700,0,1661,236968,0
-1.05176e+08,1,8.88811e-15,10,1023,0,1.05176e+08,0.528882,1.08665,0.389689,0.145397,0.379329,3.24381,0.161596,0.446195,1.77396,0.159177,1.15e+07,4.49998e+06,6.79999e+06,1.15e+07,4.49997e+06,6.79999e+06,1.15e+07,4.49996e+06,6.79999e+06,1.15e+07,4.49995e+06,6.79999e+06,1.14999e+07,4.49993e+06,6.79999e+06,1.14999e+07,4.49991e+06,6.79999e+06,1.14999e+07,4.49989e+06,6.79999e+06,1.14999e+07,4.49986e+06,6.79999e+06,1.14999e+07,4.49982e+06,6.79999e+06,1.14999e+07,4.49977e+06,6.79999e+06,1.14999e+07,4.49971e+06,6.79999e+06,1.14999e+07,4.49963e+06,6.79999e+06,1.14998e+07,4.49953e+06,6.79999e+06,1.14998e+07,4.49941e+06,6.79999e+06,1.14998e+07,4.49926e+06,6.79999e+06,1.14998e+07,4.49906e+06,6.79999e+06,1.14997e+07,4.49882e+06,6.79999e+06,1.14997e+07,4.49851e+06,6.79999e+06,1.14997e+07,4.49812e+06,6.79999e+06,1.14996e+07,4.49764e+06,6.79999e+06,1.14996e+07,4.49702e+06,6.79999e+06,1.14995e+07,4.49625e+06,6.79999e+06,1.14995e+07,4.49528e+06,6.79999e+06,1.14994e+07,4.49406e+06,6.79999e+06,1.14993e+07,4.49253e+06,6.79999e+06,1.14992e+07,4.49059e+06,6.79999e+06,1.14991e+07,4.48817e+06,6.79999e+06,1.1499e+07,4.48511e+06,6.79999e+06,1.14988e+07,4.48128e+06,6.79999e+06,1.14987e+07,4.47646e+06,6.79999e+06,1.14985e+07,4.47041e+06,6.79999e+06,1.14983e+07,4.46281e+06,6.79999e+06,1.14981e+07,4.4533e+06,6.79999e+06,1.14979e+07,4.44138e+06,6.79999e+06,1.14976e+07,4.42649e+06,6.79999e+06,1.14972e+07,4.40789e+06,6.79999e+06,1.14969e+07,4.38471e+06,6.79999e+06,1.14965e+07,4.35592e+06,6.79999e+06,1.1496e+07,4.32027e+06,6.79999e+06,1.14955e+07,4.27629e+06,6.79999e+06,1.14949e+07,4.22231e+06,6.79999e+06,1.14942e+07,4.15647e+06,6.79999e+06,1.14934e+07,4.07676e+06,6.79999e+06,1.14926e+07,3.98112e+06,6.79999e+06,1.14916e+07,3.86765e+06,6.79999e+06,1.14905e+07,3.73474e+06,6.79999e+06,1.14892e+07,3.58148e+06,6.79999e+06,1.14878e+07,3.40785e+06,6.79999e+06,1.14862e+07,3.21513e+06,6.79999e+06,1.14844e+07,3.00605e+06,6.79999e+06,1.14823e+07,2.7848e+06,6.79999e+06,1.148e+07,2.5568e+06,6.79999e+06,1.14773e+07,2.32825e+06,6.79999e+06,13.5742,8.52444,0.508366,16.8306,13.2585,0.162638,20.0035,17.569,0.0507846,23.2616,22.4214,0.0158319,26.7328,28.3297,0.00493498,30.5212,35.6974,0.00153831,34.7178,44.9473,0.000479527,39.4086,56.5822,0.000149456,44.6796,71.2245,4.66214e-05,50.6209,89.6543,1.45419e-05,57.3297,112.852,4.54748e-06,64.9129,142.051,1.43857e-06,73.4897,178.803,4.36618e-07,83.1934,225.062,1.40153e-07,94.1745,283.286,4.96378e-08,106.602,356.568,1.05434e-07,120.669,448.799,-6.49244e-08,136.59,564.873,1.70148e-07,154.611,710.948,-5.34594e-08,175.008,894.767,1.63407e-07,198.097,1126.06,8.04804e-08,224.231,1417.07,1.14667e-07,253.813,1783.15,-1.71227e-07,287.297,2243.62,-2.88466e-07,325.198,2822.67,-4.33651e-07,368.098,3550.67,7.9318e-08,416.657,4465.65,3.13319e-07,471.621,5615.16,3.4613e-07,533.835,7058.61,-1.19199e-07,604.255,8870.02,-2.79964e-07,683.962,11141.4,-2.30521e-07,774.182,13986.7,-2.55099e-07,876.299,17546.4,1.23585e-07,991.883,21993.1,1.41192e-07,1122.71,27536.7,-9.71886e-08,1270.78,34430.7,-3.68368e-07,1438.38,42977.7,-3.45379e-07,1628.07,53532.7,-3.25328e-09,1842.77,66504.6,2.6362e-07,2085.77,82350.2,2.53445e-07,2360.79,101560,-2.47407e-08,2672.05,124632,-3.80602e-07,3024.31,152018,-4.79005e-07,3422.98,184060,-1.14379e-07,3874.15,220884,2.64297e-07,4384.72,262283,3.44131e-07,4962.49,307576,7.5349e-08,5616.29,355497,-3.63097e-07,6356.1,404126,-6.05442e-07,7193.18,450932,-2.72333e-07,8140.28,492963,2.29675e-07,9211.79,527178,4.3387e-07,10424,550893,-1.0711e-07,10.102,8.06553,2.81012,10.6436,8.57909,0.869423,11.5336,10.2515,0.270869,12.7211,12.7138,0.0844293,14.1823,15.9373,0.0263173,15.9122,20.0383,0.0082035,17.9198,25.2154,0.00255722,20.2244,31.7373,0.000797017,22.8539,39.9486,0.000248622,25.8438,50.2851,7.75492e-05,29.237,63.2963,2.42508e-05,33.0837,79.6738,7.67162e-06,37.4415,100.288,2.32837e-06,42.3767,126.236,7.33e-07,47.9646,158.896,2.79256e-07,54.2906,200.003,9.87351e-09,61.452,251.741,1.61085e-07,69.5585,316.859,-2.47141e-07,78.7347,398.812,8.93552e-08,89.1218,501.948,-2.53231e-07,100.879,631.736,-1.25047e-07,114.188,795.049,-1.78808e-07,129.252,1000.53,2.6733e-07,146.304,1259.03,4.50292e-07,165.605,1584.19,6.76904e-07,187.452,1993.12,-1.23808e-07,212.181,2507.27,-4.89068e-07,240.173,3153.54,-5.40284e-07,271.856,3965.56,1.86061e-07,307.719,4985.38,4.37004e-07,348.313,6265.4,3.59828e-07,394.26,7870.83,3.98192e-07,446.268,9882.51,-1.92908e-07,505.135,12400.3,-2.20392e-07,571.766,15546.9,1.51705e-07,647.184,19472.2,5.74996e-07,732.547,24357.4,5.39112e-07,829.167,30420,5.07815e-09,938.526,37916.3,-4.11492e-07,1062.3,47143.9,-3.9561e-07,1202.4,58439.2,3.86185e-08,1360.96,72169.3,5.94093e-07,1540.42,88715.8,7.47693e-07,1743.53,108445,1.78537e-07,1973.41,131665,-4.12549e-07,2233.57,158557,-5.37164e-07,2528,189103,-1.17615e-07,2861.2,222986,5.66769e-07,3238.27,259510,9.45053e-07,3664.97,297540,4.25093e-07,4147.81,335497,-3.58506e-07,4694.17,371444,-6.7724e-07,5312.37,403256,1.67192e-07,1.61744,3.89446,9.84394,3.28846,7.5504,12.774,5.07607,11.7187,13.6844,7.03202,16.8147,13.9681,9.20215,23.1769,14.0566,11.6301,31.1672,14.0841,14.3598,41.2186,14.0927,17.4376,53.8688,14.0954,20.9137,69.7915,14.0962,24.8432,89.8341,14.0965,29.2879,115.063,14.0966,34.3168,146.819,14.0966,40.0078,186.792,14.0966,46.4487,237.107,14.0966,53.7388,300.44,14.0966,61.9903,380.158,14.0966,71.3301,480.499,14.0966,81.902,606.796,14.0966,93.8685,765.761,14.0966,107.414,965.837,14.0966,122.746,1217.65,14.0966,140.101,1534.57,14.0966,159.745,1933.41,14.0966,181.981,2435.3,14.0966,207.15,3066.85,14.0966,235.64,3861.46,14.0966,267.889,4861.11,14.0966,304.391,6118.54,14.0966,345.709,7699.91,14.0966,392.478,9688.22,14.0966,445.417,12187.5,14.0966,505.339,15327.7,14.0966,573.165,19271.6,14.0966,649.938,24222,14.0966,736.839,30430.9,14.0966,835.202,38211.5,14.0966,946.539,47950.3,14.0966,1072.56,60122.8,14.0966,1215.21,75309.9,14.0966,1376.66,94216.2,14.0966,1559.41,117688,14.0966,1766.26,146729,14.0966,2000.39,182510,14.0966,2265.39,226372,14.0966,2565.33,279806,14.0966,2904.81,344416,14.0966,3289.05,421845,14.0966,3723.93,513667,14.0966,4216.13,621231,14.0966,4773.18,745478,14.0966,5403.64,886744,14.0966,6117.15,1.04457e+06,14.0966,6924.63,1.2176e+06,14.0966,11.7194,11.96,12.6541,13.9321,16.1295,13.6434,16.6097,21.9702,13.9553,19.7532,29.5285,14.0526,23.3844,39.1143,14.0829,27.5423,51.2054,14.0923,32.2796,66.434,14.0953,37.662,85.6061,14.0962,43.7675,109.74,14.0965,50.687,140.119,14.0966,58.5249,178.359,14.0966,67.4005,226.493,14.0966,77.4493,287.08,14.0966,88.8254,363.343,14.0966,101.703,459.336,14.0966,116.281,580.161,14.0966,132.782,732.241,14.0966,151.46,923.655,14.0966,172.603,1164.57,14.0966,196.535,1467.79,14.0966,223.625,1849.39,14.0966,254.288,2329.62,14.0966,288.997,2933.93,14.0966,328.285,3694.33,14.0966,372.755,4651.04,14.0966,423.092,5854.57,14.0966,480.07,7368.38,14.0966,544.564,9272.08,14.0966,617.566,11665.5,14.0966,700.197,14673.6,14.0966,793.729,18452.9,14.0966,899.599,23198.6,14.0966,1019.43,29154.1,14.0966,1155.07,36622.3,14.0966,1308.6,45977.9,14.0966,1482.39,57683.7,14.0966,1679.09,72307.8,14.0966,1901.73,90542.8,14.0966,2153.73,113226,14.0966,2438.97,141360,14.0966,2761.81,176127,14.0966,3127.22,218898,14.0966,3540.81,271226,14.0966,4008.92,334817,14.0966,4538.74,411470,14.0966,5138.38,502973,14.0966,5817.04,610948,14.0966,6585.12,736653,14.0966,7454.39,880741,14.0966,8438.15,1.04302e+06,14.0966,9551.45,1.22224e+06,14.0966,10811.3,1.41602e+06,14.0966,12237,1.62086e+06,14.0966,11.7194,11.96,12.6541,2.21263,4.16949,0.989383,2.67766,5.84076,0.311842,3.14343,7.55825,0.0972771,3.63127,9.58578,0.0303237,4.15787,12.0912,0.00945211,4.73731,15.2286,0.00294633,5.38238,19.1721,0.000918508,6.10553,24.134,0.000286163,6.91951,30.3791,8.92692e-05,7.83792,38.2397,2.78121e-05,8.87555,48.1338,8.65134e-06,10.0489,60.5876,2.7882e-06,11.3761,76.2629,8.29036e-07,12.8779,95.9927,2.4373e-07,14.5775,120.825,4.33068e-09,16.5012,152.08,1.75749e-07,18.6784,191.415,-1.86328e-07,21.1428,240.917,1.91829e-07,23.9322,303.213,-1.81475e-07,27.0895,381.602,7.0186e-08,30.6634,480.231,-2.86769e-08,34.7087,604.316,2.40784e-07,39.2876,760.401,9.87368e-08,44.4705,956.705,1.22263e-07,50.3371,1203.54,-4.31966e-07,56.9776,1513.81,-1.9705e-07,64.494,1903.69,-2.763e-08,73.0018,2393.4,3.9185e-07,82.6317,3008.13,1.35379e-07,93.5318,3779.25,-4.16351e-08,105.869,4745.7,2.06965e-08,119.834,5955.6,-3.18887e-07,135.641,7468.12,-1.48271e-08,153.531,9355.62,2.00739e-07,173.781,11705.8,2.28358e-07,196.701,14624.1,-1.93587e-08,222.642,18235,-2.88101e-07,252.003,22683.4,-2.24732e-07,285.234,28134,8.56806e-09,322.845,34767,2.34258e-07,365.413,42770.9,2.99668e-07,413.588,52327.9,8.28644e-08,468.111,63591.2,-3.07049e-07,529.814,76653.2,-3.1888e-07,599.642,91502.5,-6.72276e-08,678.662,107975,2.26339e-07,768.083,125705,3.69212e-07,869.267,144088,2.04077e-07,983.76,162277,-2.80509e-07,1113.3,179223,-4.22737e-07,1259.87,193777,-1.71951e-07,1425.68,204839,4.55555e-07,11.7194,11.96,12.6541,2.21263,4.16949,0.989383,2.67766,5.84076,0.311842,3.14343,7.55825,0.0972771,3.63127,9.58578,0.0303237,4.15787,12.0912,0.00945211,4.73731,15.2286,0.00294633,5.38238,19.1721,0.000918508,6.10553,24.134,0.000286163,6.91951,30.3791,8.92692e-05,7.83792,38.2397,2.78121e-05,8.87555,48.1338,8.65134e-06,10.0489,60.5876,2.7882e-06,11.3761,76.2629,8.29036e-07,12.8779,95.9927,2.4373e-07,14.5775,120.825,1e-08,16.5012,152.08,1.75749e-07,18.6784,191.415,1e-08,21.1428,240.917,1.91829e-07,23.9322,303.213,1e-08,27.0895,381.602,7.0186e-08,30.6634,480.231,1e-08,34.7087,604.316,2.40784e-07,39.2876,760.401,9.87368e-08,44.4705,956.705,1.22263e-07,50.3371,1203.54,1e-08,56.9776,1513.81,1e-08,64.494,1903.69,1e-08,73.0018,2393.4,3.9185e-07,82.6317,3008.13,1.35379e-07,93.5318,3779.25,1e-08,105.869,4745.7,2.06965e-08,119.834,5955.6,1e-08,135.641,7468.12,1e-08,153.531,9355.62,2.00739e-07,173.781,11705.8,2.28358e-07,196.701,14624.1,1e-08,222.642,18235,1e-08,252.003,22683.4,1e-08,285.234,28134,1e-08,322.845,34767,2.34258e-07,365.413,42770.9,2.99668e-07,413.588,52327.9,8.28644e-08,468.111,63591.2,1e-08,529.814,76653.2,1e-08,599.642,91502.5,1e-08,678.662,107975,2.26339e-07,768.083,125705,3.69212e-07,869.267,144088,2.04077e-07,983.76,162277,1e-08,1113.3,179223,1e-08,1259.87,193777,1e-08,1425.68,204839,4.55555e-07,6.2823,3.27286,2.43537,0.219672,6.18826,2.24117,0.56371,6.87772,2.63624,0.308279,12,11,5,1,6,1,4,6,0,1,8,0,7,6,0,0,30,0,13,15,0,4,34,0,10,19,0,6,32,0,3,27,0,3,66,0,10,60,0,10,46,0,8,114,0,23,108,0,14,153,0,11,185,0,18,292,0,24,401,0,36,770,0,7,907,0,32,788,0,11,539,0,52,233,0,74,961,0,131,1422,0,48,907,0,114,3006,0,51,5026,0,59,6214,0,89,4217,0,97,4602,0,89,10725,0,223,7586,0,169,7776,0,245,21816,0,330,9900,0,454,24854,0,336,17267,0,327,37195,0,494,42718,0,684,36410,0,928,78008,0,887,84269,0,708,87254,0,647,161857,0,613,103275,0,1005,150539,0,1107,125483,0,1482,203729,0,785,153886,0,780,315613,0
-1.05176e+08,1,8.88811e-15,10,1023,0,1.05176e+08,0.528882,1.08665,0.389689,0.145397,0.379329,3.24381,0.161596,0.446195,1.77396,0.159177,1.15e+07,4.49998e+06,6.79999e+06,1.15e+07,4.49997e+06,6.79999e+06,1.15e+07,4.49996e+06,6.79999e+06,1.15e+07,4.49995e+06,6.79999e+06,1.14999e+07,4.49993e+06,6.79999e+06,1.14999e+07,4.49991e+06,6.79999e+06,1.14999e+07,4.49989e+06,6.79999e+06,1.14999e+07,4.49986e+06,6.79999e+06,1.14999e+07,4.49982e+06,6.79999e+06,1.14999e+07,4.49977e+06,6.79999e+06,1.14999e+07,4.49971e+06,6.79999e+06,1.14999e+07,4.49963e+06,6.79999e+06,1.14998e+07,4.49953e+06,6.79999e+06,1.14998e+07,4.49941e+06,6.79999e+06,1.14998e+07,4.49926e+06,6.79999e+06,1.14998e+07,4.49906e+06,6.79999e+06,1.14997e+07,4.49882e+06,6.79999e+06,1.14997e+07,4.49851e+06,6.79999e+06,1.14997e+07,4.49812e+06,6.79999e+06,1.14996e+07,4.49764e+06,6.79999e+06,1.14996e+07,4.49702e+06,6.79999e+06,1.14995e+07,4.49625e+06,6.79999e+06,1.14995e+07,4.49528e+06,6.79999e+06,1.14994e+07,4.49406e+06,6.79999e+06,1.14993e+07,4.49253e+06,6.79999e+06,1.14992e+07,4.49059e+06,6.79999e+06,1.14991e+07,4.48817e+06,6.79999e+06,1.1499e+07,4.48511e+06,6.79999e+06,1.14988e+07,4.48128e+06,6.79999e+06,1.14987e+07,4.47646e+06,6.79999e+06,1.14985e+07,4.47041e+06,6.79999e+06,1.14983e+07,4.46281e+06,6.79999e+06,1.14981e+07,4.4533e+06,6.79999e+06,1.14979e+07,4.44138e+06,6.79999e+06,1.14976e+07,4.42649e+06,6.79999e+06,1.14972e+07,4.40789e+06,6.79999e+06,1.14969e+07,4.38471e+06,6.79999e+06,1.14965e+07,4.35592e+06,6.79999e+06,1.1496e+07,4.32027e+06,6.79999e+06,1.14955e+07,4.27629e+06,6.79999e+06,1.14949e+07,4.22231e+06,6.79999e+06,1.14942e+07,4.15647e+06,6.79999e+06,1.14934e+07,4.07676e+06,6.79999e+06,1.14926e+07,3.98112e+06,6.79999e+06,1.14916e+07,3.86765e+06,6.79999e+06,1.14905e+07,3.73474e+06,6.79999e+06,1.14892e+07,3.58148e+06,6.79999e+06,1.14878e+07,3.40785e+06,6.79999e+06,1.14862e+07,3.21513e+06,6.79999e+06,1.14844e+07,3.00605e+06,6.79999e+06,1.14823e+07,2.7848e+06,6.79999e+06,1.148e+07,2.5568e+06,6.79999e+06,1.14773e+07,2.32825e+06,6.79999e+06,13.5742,8.52444,0.508366,16.8306,13.2585,0.162638,20.0035,17.569,0.0507846,23.2616,22.4214,0.0158319,26.7328,28.3297,0.00493498,30.5212,35.6974,0.00153831,34.7178,44.9473,0.000479527,39.4086,56.5822,0.000149456,44.6796,71.2245,4.66214e-05,50.6209,89.6543,1.45419e-05,57.3297,112.852,4.54748e-06,64.9129,142.051,1.43857e-06,73.4897,178.803,4.36618e-07,83.1934,225.062,1.40153e-07,94.1745,283.286,4.96378e-08,106.602,356.568,1.05434e-07,120.669,448.799,-6.49244e-08,136.59,564.873,1.70148e-07,154.611,710.948,-5.34594e-08,175.008,894.767,1.63407e-07,198.097,1126.06,8.04804e-08,224.231,1417.07,1.14667e-07,253.813,1783.15,-1.71227e-07,287.297,2243.62,-2.88466e-07,325.198,2822.67,-4.33651e-07,368.098,3550.67,7.9318e-08,416.657,4465.65,3.13319e-07,471.621,5615.16,3.4613e-07,533.835,7058.61,-1.19199e-07,604.255,8870.02,-2.79964e-07,683.962,11141.4,-2.30521e-07,774.182,13986.7,-2.55099e-07,876.299,17546.4,1.23585e-07,991.883,21993.1,1.41192e-07,1122.71,27536.7,-9.71886e-08,1270.78,34430.7,-3.68368e-07,1438.38,42977.7,-3.45379e-07,1628.07,53532.7,-3.25328e-09,1842.77,66504.6,2.6362e-07,2085.77,82350.2,2.53445e-07,2360.79,101560,-2.47407e-08,2672.05,124632,-3.80602e-07,3024.31,152018,-4.79005e-07,3422.98,184060,-1.14379e-07,3874.15,220884,2.64297e-07,4384.72,262283,3.44131e-07,4962.49,307576,7.5349e-08,5616.29,355497,-3.63097e-07,6356.1,404126,-6.05442e-07,7193.18,450932,-2.72333e-07,8140.28,492963,2.29675e-07,9211.79,527178,4.3387e-07,10424,550893,-1.0711e-07,10.102,8.06553,2.81012,10.6436,8.57909,0.869423,11.5336,10.2515,0.270869,12.7211,12.7138,0.0844293,14.1823,15.9373,0.0263173,15.9122,20.0383,0.0082035,17.9198,25.2154,0.00255722,20.2244,31.7373,0.000797017,22.8539,39.9486,0.000248622,25.8438,50.2851,7.75492e-05,29.237,63.2963,2.42508e-05,33.0837,79.6738,7.67162e-06,37.4415,100.288,2.32837e-06,42.3767,126.236,7.33e-07,47.9646,158.896,2.79256e-07,54.2906,200.003,9.87351e-09,61.452,251.741,1.61085e-07,69.5585,316.859,-2.47141e-07,78.7347,398.812,8.93552e-08,89.1218,501.948,-2.53231e-07,100.879,631.736,-1.25047e-07,114.188,795.049,-1.78808e-07,129.252,1000.53,2.6733e-07,146.304,1259.03,4.50292e-07,165.605,1584.19,6.76904e-07,187.452,1993.12,-1.23808e-07,212.181,2507.27,-4.89068e-07,240.173,3153.54,-5.40284e-07,271.856,3965.56,1.86061e-07,307.719,4985.38,4.37004e-07,348.313,6265.4,3.59828e-07,394.26,7870.83,3.98192e-07,446.268,9882.51,-1.92908e-07,505.135,12400.3,-2.20392e-07,571.766,15546.9,1.51705e-07,647.184,19472.2,5.74996e-07,732.547,24357.4,5.39112e-07,829.167,30420,5.07815e-09,938.526,37916.3,-4.11492e-07,1062.3,47143.9,-3.9561e-07,1202.4,58439.2,3.86185e-08,1360.96,72169.3,5.94093e-07,1540.42,88715.8,7.47693e-07,1743.53,108445,1.78537e-07,1973.41,131665,-4.12549e-07,2233.57,158557,-5.37164e-07,2528,189103,-1.17615e-07,2861.2,222986,5.66769e-07,3238.27,259510,9.45053e-07,3664.97,297540,4.25093e-07,4147.81,335497,-3.58506e-07,4694.17,371444,-6.7724e-07,5312.37,403256,1.67192e-07,1.61744,3.89446,9.84394,3.28846,7.5504,12.774,5.07607,11.7187,13.6844,7.03202,16.8147,13.9681,9.20215,23.1769,14.0566,11.6301,31.1672,14.0841,14.3598,41.2186,14.0927,17.4376,53.8688,14.0954,20.9137,69.7915,14.0962,24.8432,89.8341,14.0965,29.2879,115.063,14.0966,34.3168,146.819,14.0966,40.0078,186.792,14.0966,46.4487,237.107,14.0966,53.7388,300.44,14.0966,61.9903,380.158,14.0966,71.3301,480.499,14.0966,81.902,606.796,14.0966,93.8685,765.761,14.0966,107.414,965.837,14.0966,122.746,1217.65,14.0966,140.101,1534.57,14.0966,159.745,1933.41,14.0966,181.981,2435.3,14.0966,207.15,3066.85,14.0966,235.64,3861.46,14.0966,267.889,4861.11,14.0966,304.391,6118.54,14.0966,345.709,7699.91,14.0966,392.478,9688.22,14.0966,445.417,12187.5,14.0966,505.339,15327.7,14.0966,573.165,19271.6,14.0966,649.938,24222,14.0966,736.839,30430.9,14.0966,835.202,38211.5,14.0966,946.539,47950.3,14.0966,1072.56,60122.8,14.0966,1215.21,75309.9,14.0966,1376.66,94216.2,14.0966,1559.41,117688,14.0966,1766.26,146729,14.0966,2000.39,182510,14.0966,2265.39,226372,14.0966,2565.33,279806,14.0966,2904.81,344416,14.0966,3289.05,421845,14.0966,3723.93,513667,14.0966,4216.13,621231,14.0966,4773.18,745478,14.0966,5403.64,886744,14.0966,6117.15,1.04457e+06,14.0966,6924.63,1.2176e+06,14.0966,11.7194,11.96,12.6541,13.9321,16.1295,13.6434,16.6097,21.9702,13.9553,19.7532,29.5285,14.0526,23.3844,39.1143,14.0829,27.5423,51.2054,14.0923,32.2796,66.434,14.0953,37.662,85.6061,14.0962,43.7675,109.74,14.0965,50.687,140.119,14.0966,58.5249,178.359,14.0966,67.4005,226.493,14.0966,77.4493,287.08,14.0966,88.8254,363.343,14.0966,101.703,459.336,14.0966,116.281,580.161,14.0966,132.782,732.241,14.0966,151.46,923.655,14.0966,172.603,1164.57,14.0966,196.535,1467.79,14.0966,223.625,1849.39,14.0966,254.288,2329.62,14.0966,288.997,2933.93,14.0966,328.285,3694.33,14.0966,372.755,4651.04,14.0966,423.092,5854.57,14.0966,480.07,7368.38,14.0966,544.564,9272.08,14.0966,617.566,11665.5,14.0966,700.197,14673.6,14.0966,793.729,18452.9,14.0966,899.599,23198.6,14.0966,1019.43,29154.1,14.0966,1155.07,36622.3,14.0966,1308.6,45977.9,14.0966,1482.39,57683.7,14.0966,1679.09,72307.8,14.0966,1901.73,90542.8,14.0966,2153.73,113226,14.0966,2438.97,141360,14.0966,2761.81,176127,14.0966,3127.22,218898,14.0966,3540.81,271226,14.0966,4008.92,334817,14.0966,4538.74,411470,14.0966,5138.38,502973,14.0966,5817.04,610948,14.0966,6585.12,736653,14.0966,7454.39,880741,14.0966,8438.15,1.04302e+06,14.0966,9551.45,1.22224e+06,14.0966,10811.3,1.41602e+06,14.0966,12237,1.62086e+06,14.0966,11.7194,11.96,12.6541,2.21263,4.16949,0.989383,2.67766,5.84076,0.311842,3.14343,7.55825,0.0972771,3.63127,9.58578,0.0303237,4.15787,12.0912,0.00945211,4.73731,15.2286,0.00294633,5.38238,19.1721,0.000918508,6.10553,24.134,0.000286163,6.91951,30.3791,8.92692e-05,7.83792,38.2397,2.78121e-05,8.87555,48.1338,8.65134e-06,10.0489,60.5876,2.7882e-06,11.3761,76.2629,8.29036e-07,12.8779,95.9927,2.4373e-07,14.5775,120.825,4.33068e-09,16.5012,152.08,1.75749e-07,18.6784,191.415,-1.86328e-07,21.1428,240.917,1.91829e-07,23.9322,303.213,-1.81475e-07,27.0895,381.602,7.0186e-08,30.6634,480.231,-2.86769e-08,34.7087,604.316,2.40784e-07,39.2876,760.401,9.87368e-08,44.4705,956.705,1.22263e-07,50.3371,1203.54,-4.31966e-07,56.9776,1513.81,-1.9705e-07,64.494,1903.69,-2.763e-08,73.0018,2393.4,3.9185e-07,82.6317,3008.13,1.35379e-07,93.5318,3779.25,-4.16351e-08,105.869,4745.7,2.06965e-08,119.834,5955.6,-3.18887e-07,135.641,7468.12,-1.48271e-08,153.531,9355.62,2.00739e-07,173.781,11705.8,2.28358e-07,196.701,14624.1,-1.93587e-08,222.642,18235,-2.88101e-07,252.003,22683.4,-2.24732e-07,285.234,28134,8.56806e-09,322.845,34767,2.34258e-07,365.413,42770.9,2.99668e-07,413.588,52327.9,8.28644e-08,468.111,63591.2,-3.07049e-07,529.814,76653.2,-3.1888e-07,599.642,91502.5,-6.72276e-08,678.662,107975,2.26339e-07,768.083,125705,3.69212e-07,869.267,144088,2.04077e-07,983.76,162277,-2.80509e-07,1113.3,179223,-4.22737e-07,1259.87,193777,-1.71951e-07,1425.68,204839,4.55555e-07,11.7194,11.96,12.6541,2.21263,4.16949,0.989383,2.67766,5.84076,0.311842,3.14343,7.55825,0.0972771,3.63127,9.58578,0.0303237,4.15787,12.0912,0.00945211,4.73731,15.2286,0.00294633,5.38238,19.1721,0.000918508,6.10553,24.134,0.000286163,6.91951,30.3791,8.92692e-05,7.83792,38.2397,2.78121e-05,8.87555,48.1338,8.65134e-06,10.0489,60.5876,2.7882e-06,11.3761,76.2629,8.29036e-07,12.8779,95.9927,2.4373e-07,14.5775,120.825,1e-08,16.5012,152.08,1.75749e-07,18.6784,191.415,1e-08,21.1428,240.917,1.91829e-07,23.9322,303.213,1e-08,27.0895,381.602,7.0186e-08,30.6634,480.231,1e-08,34.7087,604.316,2.40784e-07,39.2876,760.401,9.87368e-08,44.4705,956.705,1.22263e-07,50.3371,1203.54,1e-08,56.9776,1513.81,1e-08,64.494,1903.69,1e-08,73.0018,2393.4,3.9185e-07,82.6317,3008.13,1.35379e-07,93.5318,3779.25,1e-08,105.869,4745.7,2.06965e-08,119.834,5955.6,1e-08,135.641,7468.12,1e-08,153.531,9355.62,2.00739e-07,173.781,11705.8,2.28358e-07,196.701,14624.1,1e-08,222.642,18235,1e-08,252.003,22683.4,1e-08,285.234,28134,1e-08,322.845,34767,2.34258e-07,365.413,42770.9,2.99668e-07,413.588,52327.9,8.28644e-08,468.111,63591.2,1e-08,529.814,76653.2,1e-08,599.642,91502.5,1e-08,678.662,107975,2.26339e-07,768.083,125705,3.69212e-07,869.267,144088,2.04077e-07,983.76,162277,1e-08,1113.3,179223,1e-08,1259.87,193777,1e-08,1425.68,204839,4.55555e-07,6.2823,3.27286,2.43537,0.219672,6.18826,2.24117,0.56371,6.87772,2.63624,0.308279,6,3,18,2,5,0,6,6,0,2,3,0,4,10,0,6,14,0,4,6,0,6,21,0,5,20,0,6,56,0,13,84,0,14,33,0,9,72,0,10,44,0,5,95,0,17,106,0,5,106,0,17,223,0,33,163,0,24,272,0,21,703,0,63,1186,0,38,339,0,30,857,0,44,1986,0,45,1635,0,55,868,0,70,2100,0,41,1907,0,56,3332,0,61,1771,0,124,2521,0,110,9807,0,151,6654,0,245,10359,0,114,25926,0,124,30783,0,177,19976,0,236,17378,0,599,43321,0,279,47524,0,338,33743,0,265,42635,0,181,128665,0,653,96716,0,376,114084,0,811,80545,0,814,190775,0,679,180257,0,513,166848,0,1035,184165,0,556,124559,0,2266,316902,0
-1.05176e+08,1,8.88811e-15,10,1023,0,1.05176e+08,0.528882,1.08665,0.389689,0.145397,0.379329,3.24381,0.161596,0.446195,1.77396,0.159177,1.15e+07,4.49998e+06,6.79999e+06,1.15e+07,4.49997e+06,6.79999e+06,1.15e+07,4.49996e+06,6.79999e+06,1.15e+07,4.49995e+06,6.79999e+06,1.14999e+07,4.49993e+06,6.79999e+06,1.14999e+07,4.49991e+06,6.79999e+06,1.14999e+07,4.49989e+06,6.79999e+06,1.14999e+07,4.49986e+06,6.79999e+06,1.14999e+07,4.49982e+06,6.79999e+06,1.14999e+07,4.49977e+06,6.79999e+06,1.14999e+07,4.49971e+06,6.79999e+06,1.14999e+07,4.49963e+06,6.79999e+06,1.14998e+07,4.49953e+06,6.79999e+06,1.14998e+07,4.49941e+06,6.79999e+06,1.14998e+07,4.49926e+06,6.79999e+06,1.14998e+07,4.49906e+06,6.79999e+06,1.14997e+07,4.49882e+06,6.79999e+06,1.14997e+07,4.49851e+06,6.79999e+06,1.14997e+07,4.49812e+06,6.79999e+06,1.14996e+07,4.49764e+06,6.79999e+06,1.14996e+07,4.49702e+06,6.79999e+06,1.14995e+07,4.49625e+06,6.79999e+06,1.14995e+07,4.49528e+06,6.79999e+06,1.14994e+07,4.49406e+06,6.79999e+06,1.14993e+07,4.49253e+06,6.79999e+06,1.14992e+07,4.49059e+06,6.79999e+06,1.14991e+07,4.48817e+06,6.79999e+06,1.1499e+07,4.48511e+06,6.79999e+06,1.14988e+07,4.48128e+06,6.79999e+06,1.14987e+07,4.47646e+06,6.79999e+06,1.14985e+07,4.47041e+06,6.79999e+06,1.14983e+07,4.46281e+06,6.79999e+06,1.14981e+07,4.4533e+06,6.79999e+06,1.14979e+07,4.44138e+06,6.79999e+06,1.14976e+07,4.42649e+06,6.79999e+06,1.14972e+07,4.40789e+06,6.79999e+06,1.14969e+07,4.38471e+06,6.79999e+06,1.14965e+07,4.35592e+06,6.79999e+06,1.1496e+07,4.32027e+06,6.79999e+06,1.14955e+07,4.27629e+06,6.79999e+06,1.14949e+07,4.22231e+06,6.79999e+06,1.14942e+07,4.15647e+06,6.79999e+06,1.14934e+07,4.07676e+06,6.79999e+06,1.14926e+07,3.98112e+06,6.79999e+06,1.14916e+07,3.86765e+06,6.79999e+06,1.14905e+07,3.73474e+06,6.79999e+06,1.14892e+07,3.58148e+06,6.79999e+06,1.14878e+07,3.40785e+06,6.79999e+06,1.14862e+07,3.21513e+06,6.79999e+06,1.14844e+07,3.00605e+06,6.79999e+06,1.14823e+07,2.7848e+06,6.79999e+06,1.148e+07,2.5568e+06,6.79999e+06,1.14773e+07,2.32825e+06,6.79999e+06,13.5742,8.52444,0.508366,16.8306,13.2585,0.162638,20.0035,17.569,0.0507846,23.2616,22.4214,0.0158319,26.7328,28.3297,0.00493498,30.5212,35.6974,0.00153831,34.7178,44.9473,0.000479527,39.4086,56.5822,0.000149456,44.6796,71.2245,4.66214e-05,50.6209,89.6543,1.45419e-05,57.3297,112.852,4.54748e-06,64.9129,142.051,1.43857e-06,73.4897,178.803,4.36618e-07,83.1934,225.062,1.40153e-07,94.1745,283.286,4.96378e-08,106.602,356.568,1.05434e-07,120.669,448.799,-6.49244e-08,136.59,564.873,1.70148e-07,154.611,710.948,-5.34594e-08,175.008,894.767,1.63407e-07,198.097,1126.06,8.04804e-08,224.231,1417.07,1.14667e-07,253.813,1783.15,-1.71227e-07,287.297,2243.62,-2.88466e-07,325.198,2822.67,-4.33651e-07,368.098,3550.67,7.9318e-08,416.657,4465.65,3.13319e-07,471.621,5615.16,3.4613e-07,533.835,7058.61,-1.19199e-07,604.255,8870.02,-2.79964e-07,683.962,11141.4,-2.30521e-07,774.182,13986.7,-2.55099e-07,876.299,17546.4,1.23585e-07,991.883,21993.1,1.41192e-07,1122.71,27536.7,-9.71886e-08,1270.78,34430.7,-3.68368e-07,1438.38,42977.7,-3.45379e-07,1628.07,53532.7,-3.25328e-09,1842.77,66504.6,2.6362e-07,2085.77,82350.2,2.53445e-07,2360.79,101560,-2.47407e-08,2672.05,124632,-3.80602e-07,3024.31,152018,-4.79005e-07,3422.98,184060,-1.14379e-07,3874.15,220884,2.64297e-07,4384.72,262283,3.44131e-07,4962.49,307576,7.5349e-08,5616.29,355497,-3.63097e-07,6356.1,404126,-6.05442e-07,7193.18,450932,-2.72333e-07,8140.28,492963,2.29675e-07,9211.79,527178,4.3387e-07,10424,550893,-1.0711e-07,10.102,8.06553,2.81012,10.6436,8.57909,0.869423,11.5336,10.2515,0.270869,12.7211,12.7138,0.0844293,14.1823,15.9373,0.0263173,15.9122,20.0383,0.0082035,17.9198,25.2154,0.00255722,20.2244,31.7373,0.000797017,22.8539,39.9486,0.000248622,25.8438,50.2851,7.75492e-05,29.237,63.2963,2.42508e-05,33.0837,79.6738,7.67162e-06,37.4415,100.288,2.32837e-06,42.3767,126.236,7.33e-07,47.9646,158.896,2.79256e-07,54.2906,200.003,9.87351e-09,61.452,251.741,1.61085e-07,69.5585,316.859,-2.47141e-07,78.7347,398.812,8.93552e-08,89.1218,501.948,-2.53231e-07,100.879,631.736,-1.25047e-07,114.188,795.049,-1.78808e-07,129.252,1000.53,2.6733e-07,146.304,1259.03,4.50292e-07,165.605,1584.19,6.76904e-07,187.452,1993.12,-1.23808e-07,212.181,2507.27,-4.89068e-07,240.173,3153.54,-5.40284e-07,271.856,3965.56,1.86061e-07,307.719,4985.38,4.37004e-07,348.313,6265.4,3.59828e-07,394.26,7870.83,3.98192e-07,446.268,9882.51,-1.92908e-07,505.135,12400.3,-2.20392e-07,571.766,15546.9,1.51705e-07,647.184,19472.2,5.74996e-07,732.547,24357.4,5.39112e-07,829.167,30420,5.07815e-09,938.526,37916.3,-4.11492e-07,1062.3,47143.9,-3.9561e-07,1202.4,58439.2,3.86185e-08,1360.96,72169.3,5.94093e-07,1540.42,88715.8,7.47693e-07,1743.53,108445,1.78537e-07,1973.41,131665,-4.12549e-07,2233.57,158557,-5.37164e-07,2528,189103,-1.17615e-07,2861.2,222986,5.66769e-07,3238.27,259510,9.45053e-07,3664.97,297540,4.25093e-07,4147.81,335497,-3.58506e-07,4694.17,371444,-6.7724e-07,5312.37,403256,1.67192e-07,1.61744,3.89446,9.84394,3.28846,7.5504,12.774,5.07607,11.7187,13.6844,7.03202,16.8147,13.9681,9.20215,23.1769,14.0566,11.6301,31.1672,14.0841,14.3598,41.2186,14.0927,17.4376,53.8688,14.0954,20.9137,69.7915,14.0962,24.8432,89.8341,14.0965,29.2879,115.063,14.0966,34.3168,146.819,14.0966,40.0078,186.792,14.0966,46.4487,237.107,14.0966,53.7388,300.44,14.0966,61.9903,380.158,14.0966,71.3301,480.499,14.0966,81.902,606.796,14.0966,93.8685,765.761,14.0966,107.414,965.837,14.0966,122.746,1217.65,14.0966,140.101,1534.57,14.0966,159.745,1933.41,14.0966,181.981,2435.3,14.0966,207.15,3066.85,14.0966,235.64,3861.46,14.0966,267.889,4861.11,14.0966,304.391,6118.54,14.0966,345.709,7699.91,14.0966,392.478,9688.22,14.0966,445.417,12187.5,14.0966,505.339,15327.7,14.0966,573.165,19271.6,14.0966,649.938,24222,14.0966,736.839,30430.9,14.0966,835.202,38211.5,14.0966,946.539,47950.3,14.0966,1072.56,60122.8,14.0966,1215.21,75309.9,14.0966,1376.66,94216.2,14.0966,1559.41,117688,14.0966,1766.26,146729,14.0966,2000.39,182510,14.0966,2265.39,226372,14.0966,2565.33,279806,14.0966,2904.81,344416,14.0966,3289.05,421845,14.0966,3723.93,513667,14.0966,4216.13,621231,14.0966,4773.18,745478,14.0966,5403.64,886744,14.0966,6117.15,1.04457e+06,14.0966,6924.63,1.2176e+06,14.0966,11.7194,11.96,12.6541,13.9321,16.1295,13.6434,16.6097,21.9702,13.9553,19.7532,29.5285,14.0526,23.3844,39.1143,14.0829,27.5423,51.2054,14.0923,32.2796,66.434,14.0953,37.662,85.6061,14.0962,43.7675,109.74,14.0965,50.687,140.119,14.0966,58.5249,178.359,14.0966,67.4005,226.493,14.0966,77.4493,287.08,14.0966,88.8254,363.343,14.0966,101.703,459.336,14.0966,116.281,580.161,14.0966,132.782,732.241,14.0966,151.46,923.655,14.0966,172.603,1164.57,14.0966,196.535,1467.79,14.0966,223.625,1849.39,14.0966,254.288,2329.62,14.0966,288.997,2933.93,14.0966,328.285,3694.33,14.0966,372.755,4651.04,14.0966,423.092,5854.57,14.0966,480.07,7368.38,14.0966,544.564,9272.08,14.0966,617.566,11665.5,14.0966,700.197,14673.6,14.0966,793.729,18452.9,14.0966,899.599,23198.6,14.0966,1019.43,29154.1,14.0966,1155.07,36622.3,14.0966,1308.6,45977.9,14.0966,1482.39,57683.7,14.0966,1679.09,72307.8,14.0966,1901.73,90542.8,14.0966,2153.73,113226,14.0966,2438.97,141360,14.0966,2761.81,176127,14.0966,3127.22,218898,14.0966,3540.81,271226,14.0966,4008.92,334817,14.0966,4538.74,411470,14.0966,5138.38,502973,14.0966,5817.04,610948,14.0966,6585.12,736653,14.0966,7454.39,880741,14.0966,8438.15,1.04302e+06,14.0966,9551.45,1.22224e+06,14.0966,10811.3,1.41602e+06,14.0966,12237,1.62086e+06,14.0966,11.7194,11.96,12.6541,2.21263,4.16949,0.989383,2.67766,5.84076,0.311842,3.14343,7.55825,0.0972771,3.63127,9.58578,0.0303237,4.15787,12.0912,0.00945211,4.73731,15.2286,0.00294633,5.38238,19.1721,0.000918508,6.10553,24.134,0.000286163,6.91951,30.3791,8.92692e-05,7.83792,38.2397,2.78121e-05,8.87555,48.1338,8.65134e-06,10.0489,60.5876,2.7882e-06,11.3761,76.2629,8.29036e-07,12.8779,95.9927,2.4373e-07,14.5775,120.825,4.33068e-09,16.5012,152.08,1.75749e-07,18.6784,191.415,-1.86328e-07,21.1428,240.917,1.91829e-07,23.9322,303.213,-1.81475e-07,27.0895,381.602,7.0186e-08,30.6634,480.231,-2.86769e-08,34.7087,604.316,2.40784e-07,39.2876,760.401,9.87368e-08,44.4705,956.705,1.22263e-07,50.3371,1203.54,-4.31966e-07,56.9776,1513.81,-1.9705e-07,64.494,1903.69,-2.763e-08,73.0018,2393.4,3.9185e-07,82.6317,3008.13,1.35379e-07,93.5318,3779.25,-4.16351e-08,105.869,4745.7,2.06965e-08,119.834,5955.6,-3.18887e-07,135.641,7468.12,-1.48271e-08,153.531,9355.62,2.00739e-07,173.781,11705.8,2.28358e-07,196.701,14624.1,-1.93587e-08,222.642,18235,-2.88101e-07,252.003,22683.4,-2.24732e-07,285.234,28134,8.56806e-09,322.845,34767,2.34258e-07,365.413,42770.9,2.99668e-07,413.588,52327.9,8.28644e-08,468.111,63591.2,-3.07049e-07,529.814,76653.2,-3.1888e-07,599.642,91502.5,-6.72276e-08,678.662,107975,2.26339e-07,768.083,125705,3.69212e-07,869.267,144088,2.04077e-07,983.76,162277,-2.80509e-07,1113.3,179223,-4.22737e-07,1259.87,193777,-1.71951e-07,1425.68,204839,4.55555e-07,11.7194,11.96,12.6541,2.21263,4.16949,0.989383,2.67766,5.84076,0.311842,3.14343,7.55825,0.0972771,3.63127,9.58578,0.0303237,4.15787,12.0912,0.00945211,4.73731,15.2286,0.00294633,5.38238,19.1721,0.000918508,6.10553,24.134,0.000286163,6.91951,30.3791,8.92692e-05,7.83792,38.2397,2.78121e-05,8.87555,48.1338,8.65134e-06,10.0489,60.5876,2.7882e-06,11.3761,76.2629,8.29036e-07,12.8779,95.9927,2.4373e-07,14.5775,120.825,1e-08,16.5012,152.08,1.75749e-07,18.6784,191.415,1e-08,21.1428,240.917,1.91829e-07,23.9322,303.213,1e-08,27.0895,381.602,7.0186e-08,30.6634,480.231,1e-08,34.7087,604.316,2.40784e-07,39.2876,760.401,9.87368e-08,44.4705,956.705,1.22263e-07,50.3371,1203.54,1e-08,56.9776,1513.81,1e-08,64.494,1903.69,1e-08,73.0018,2393.4,3.9185e-07,82.6317,3008.13,1.35379e-07,93.5318,3779.25,1e-08,105.869,4745.7,2.06965e-08,119.834,5955.6,1e-08,135.641,7468.12,1e-08,153.531,9355.62,2.00739e-07,173.781,11705.8,2.28358e-07,196.701,14624.1,1e-08,222.642,18235,1e-08,252.003,22683.4,1e-08,285.234,28134,1e-08,322.845,34767,2.34258e-07,365.413,42770.9,2.99668e-07,413.588,52327.9,8.28644e-08,468.111,63591.2,1e-08,529.814,76653.2,1e-08,599.642,91502.5,1e-08,678.662,107975,2.26339e-07,768.083,125705,3.69212e-07,869.267,144088,2.04077e-07,983.76,162277,1e-08,1113.3,179223,1e-08,1259.87,193777,1e-08,1425.68,204839,4.55555e-07,6.2823,3.27286,2.43537,0.219672,6.18826,2.24117,0.56371,6.87772,2.63624,0.308279,18,22,14,4,1,2,2,9,3,1,11,0,7,5,0,7,12,0,8,18,0,5,22,0,14,29,0,5,39,0,13,23,0,15,59,0,11,37,0,34,94,0,20,57,0,10,145,0,15,75,0,11,150,0,25,183,0,12,302,0,36,340,0,43,593,0,41,611,0,39,540,0,75,852,0,35,1696,0,49,2169,0,92,2164,0,114,1979,0,87,4004,0,61,3886,0,132,4284,0,77,6616,0,109,8196,0,171,10911,0,241,19354,0,112,15905,0,325,12902,0,377,33167,0,269,20912,0,240,24694,0,412,40984,0,611,37757,0,400,37485,0,587,66913,0,595,69411,0,619,65518,0,797,115621,0,930,179001,0,1424,78184,0,854,198214,0,606,184494,0,839,127554,0
-1.05176e+08,1,8.88811e-15,10,1023,0,1.05176e+08,0.528882,1.08665,0.389689,0.145397,0.379329,3.24381,0.161596,0.446195,1.77396,0.159177,1.15e+07,4.49998e+06,6.79999e+06,1.15e+07,4.49997e+06,6.79999e+06,1.15e+07,4.49996e+06,6.79999e+06,1.15e+07,4.49995e+06,6.79999e+06,1.14999e+07,4.49993e+06,6.79999e+06,1.14999e+07,4.49991e+06,6.79999e+06,1.14999e+07,4.49989e+06,6.79999e+06,1.14999e+07,4.49986e+06,6.79999e+06,1.14999e+07,4.49982e+06,6.79999e+06,1.14999e+07,4.49977e+06,6.79999e+06,1.14999e+07,4.49971e+06,6.79999e+06,1.14999e+07,4.49963e+06,6.79999e+06,1.14998e+07,4.49953e+06,6.79999e+06,1.14998e+07,4.49941e+06,6.79999e+06,1.14998e+07,4.49926e+06,6.79999e+06,1.14998e+07,4.49906e+06,6.79999e+06,1.14997e+07,4.49882e+06,6.79999e+06,1.14997e+07,4.49851e+06,6.79999e+06,1.14997e+07,4.49812e+06,6.79999e+06,1.14996e+07,4.49764e+06,6.79999e+06,1.14996e+07,4.49702e+06,6.79999e+06,1.14995e+07,4.49625e+06,6.79999e+06,1.14995e+07,4.49528e+06,6.79999e+06,1.14994e+07,4.49406e+06,6.79999e+06,1.14993e+07,4.49253e+06,6.79999e+06,1.14992e+07,4.49059e+06,6.79999e+06,1.14991e+07,4.48817e+06,6.79999e+06,1.1499e+07,4.48511e+06,6.79999e+06,1.14988e+07,4.48128e+06,6.79999e+06,1.14987e+07,4.47646e+06,6.79999e+06,1.14985e+07,4.47041e+06,6.79999e+06,1.14983e+07,4.46281e+06,6.79999e+06,1.14981e+07,4.4533e+06,6.79999e+06,1.14979e+07,4.44138e+06,6.79999e+06,1.14976e+07,4.42649e+06,6.79999e+06,1.14972e+07,4.40789e+06,6.79999e+06,1.14969e+07,4.38471e+06,6.79999e+06,1.14965e+07,4.35592e+06,6.79999e+06,1.1496e+07,4.32027e+06,6.79999e+06,1.14955e+07,4.27629e+06,6.79999e+06,1.14949e+07,4.22231e+06,6.79999e+06,1.14942e+07,4.15647e+06,6.79999e+06,1.14934e+07,4.07676e+06,6.79999e+06,1.14926e+07,3.98112e+06,6.79999e+06,1.14916e+07,3.86765e+06,6.79999e+06,1.14905e+07,3.73474e+06,6.79999e+06,1.14892e+07,3.58148e+06,6.79999e+06,1.14878e+07,3.40785e+06,6.79999e+06,1.14862e+07,3.21513e+06,6.79999e+06,1.14844e+07,3.00605e+06,6.79999e+06,1.14823e+07,2.7848e+06,6.79999e+06,1.148e+07,2.5568e+06,6.79999e+06,1.14773e+07,2.32825e+06,6.79999e+06,13.5742,8.52444,0.508366,16.8306,13.2585,0.162638,20.0035,17.569,0.0507846,23.2616,22.4214,0.0158319,26.7328,28.3297,0.00493498,30.5212,35.6974,0.00153831,34.7178,44.9473,0.000479527,39.4086,56.5822,0.000149456,44.6796,71.2245,4.66214e-05,50.6209,89.6543,1.45419e-05,57.3297,112.852,4.54748e-06,64.9129,142.051,1.43857e-06,73.4897,178.803,4.36618e-07,83.1934,225.062,1.40153e-07,94.1745,283.286,4.96378e-08,106.602,356.568,1.05434e-07,120.669,448.799,-6.49244e-08,136.59,564.873,1.70148e-07,154.611,710.948,-5.34594e-08,175.008,894.767,1.63407e-07,198.097,1126.06,8.04804e-08,224.231,1417.07,1.14667e-07,253.813,1783.15,-1.71227e-07,287.297,2243.62,-2.88466e-07,325.198,2822.67,-4.33651e-07,368.098,3550.67,7.9318e-08,416.657,4465.65,3.13319e-07,471.621,5615.16,3.4613e-07,533.835,7058.61,-1.19199e-07,604.255,8870.02,-2.79964e-07,683.962,11141.4,-2.30521e-07,774.182,13986.7,-2.55099e-07,876.299,17546.4,1.23585e-07,991.883,21993.1,1.41192e-07,1122.71,27536.7,-9.71886e-08,1270.78,34430.7,-3.68368e-07,1438.38,42977.7,-3.45379e-07,1628.07,53532.7,-3.25328e-09,1842.77,66504.6,2.6362e-07,2085.77,82350.2,2.53445e-07,2360.79,101560,-2.47407e-08,2672.05,124632,-3.80602e-07,3024.31,152018,-4.79005e-07,3422.98,184060,-1.14379e-07,3874.15,220884,2.64297e-07,4384.72,262283,3.44131e-07,4962.49,307576,7.5349e-08,5616.29,355497,-3.63097e-07,6356.1,404126,-6.05442e-07,7193.18,450932,-2.72333e-07,8140.28,492963,2.29675e-07,9211.79,527178,4.3387e-07,10424,550893,-1.0711e-07,10.102,8.06553,2.81012,10.6436,8.57909,0.869423,11.5336,10.2515,0.270869,12.7211,12.7138,0.0844293,14.1823,15.9373,0.0263173,15.9122,20.0383,0.0082035,17.9198,25.2154,0.00255722,20.2244,31.7373,0.000797017,22.8539,39.9486,0.000248622,25.8438,50.2851,7.75492e-05,29.237,63.2963,2.42508e-05,33.0837,79.6738,7.67162e-06,37.4415,100.288,2.32837e-06,42.3767,126.236,7.33e-07,47.9646,158.896,2.79256e-07,54.2906,200.003,9.87351e-09,61.452,251.741,1.61085e-07,69.5585,316.859,-2.47141e-07,78.7347,398.812,8.93552e-08,89.1218,501.948,-2.53231e-07,100.879,631.736,-1.25047e-07,114.188,795.049,-1.78808e-07,129.252,1000.53,2.6733e-07,146.304,1259.03,4.50292e-07,165.605,1584.19,6.76904e-07,187.452,1993.12,-1.23808e-07,212.181,2507.27,-4.89068e-07,240.173,3153.54,-5.40284e-07,271.856,3965.56,1.86061e-07,307.719,4985.38,4.37004e-07,348.313,6265.4,3.59828e-07,394.26,7870.83,3.98192e-07,446.268,9882.51,-1.92908e-07,505.135,12400.3,-2.20392e-07,571.766,15546.9,1.51705e-07,647.184,19472.2,5.74996e-07,732.547,24357.4,5.39112e-07,829.167,30420,5.07815e-09,938.526,37916.3,-4.11492e-07,1062.3,47143.9,-3.9561e-07,1202.4,58439.2,3.86185e-08,1360.96,72169.3,5.94093e-07,1540.42,88715.8,7.47693e-07,1743.53,108445,1.78537e-07,1973.41,131665,-4.12549e-07,2233.57,158557,-5.37164e-07,2528,189103,-1.17615e-07,2861.2,222986,5.66769e-07,3238.27,259510,9.45053e-07,3664.97,297540,4.25093e-07,4147.81,335497,-3.58506e-07,4694.17,371444,-6.7724e-07,5312.37,403256,1.67192e-07,1.61744,3.89446,9.84394,3.28846,7.5504,12.774,5.07607,11.7187,13.6844,7.03202,16.8147,13.9681,9.20215,23.1769,14.0566,11.6301,31.1672,14.0841,14.3598,41.2186,14.0927,17.4376,53.8688,14.0954,20.9137,69.7915,14.0962,24.8432,89.8341,14.0965,29.2879,115.063,14.0966,34.3168,146.819,14.0966,40.0078,186.792,14.0966,46.4487,237.107,14.0966,53.7388,300.44,14.0966,61.9903,380.158,14.0966,71.3301,480.499,14.0966,81.902,606.796,14.0966,93.8685,765.761,14.0966,107.414,965.837,14.0966,122.746,1217.65,14.0966,140.101,1534.57,14.0966,159.745,1933.41,14.0966,181.981,2435.3,14.0966,207.15,3066.85,14.0966,235.64,3861.46,14.0966,267.889,4861.11,14.0966,304.391,6118.54,14.0966,345.709,7699.91,14.0966,392.478,9688.22,14.0966,445.417,12187.5,14.0966,505.339,15327.7,14.0966,573.165,19271.6,14.0966,649.938,24222,14.0966,736.839,30430.9,14.0966,835.202,38211.5,14.0966,946.539,47950.3,14.0966,1072.56,60122.8,14.0966,1215.21,75309.9,14.0966,1376.66,94216.2,14.0966,1559.41,117688,14.0966,1766.26,146729,14.0966,2000.39,182510,14.0966,2265.39,226372,14.0966,2565.33,279806,14.0966,2904.81,344416,14.0966,3289.05,421845,14.0966,3723.93,513667,14.0966,4216.13,621231,14.0966,4773.18,745478,14.0966,5403.64,886744,14.0966,6117.15,1.04457e+06,14.0966,6924.63,1.2176e+06,14.0966,11.7194,11.96,12.6541,13.9321,16.1295,13.6434,16.6097,21.9702,13.9553,19.7532,29.5285,14.0526,23.3844,39.1143,14.0829,27.5423,51.2054,14.0923,32.2796,66.434,14.0953,37.662,85.6061,14.0962,43.7675,109.74,14.0965,50.687,140.119,14.0966,58.5249,178.359,14.0966,67.4005,226.493,14.0966,77.4493,287.08,14.0966,88.8254,363.343,14.0966,101.703,459.336,14.0966,116.281,580.161,14.0966,132.782,732.241,14.0966,151.46,923.655,14.0966,172.603,1164.57,14.0966,196.535,1467.79,14.0966,223.625,1849.39,14.0966,254.288,2329.62,14.0966,288.997,2933.93,14.0966,328.285,3694.33,14.0966,372.755,4651.04,14.0966,423.092,5854.57,14.0966,480.07,7368.38,14.0966,544.564,9272.08,14.0966,617.566,11665.5,14.0966,700.197,14673.6,14.0966,793.729,18452.9,14.0966,899.599,23198.6,14.0966,1019.43,29154.1,14.0966,1155.07,36622.3,14.0966,1308.6,45977.9,14.0966,1482.39,57683.7,14.0966,1679.09,72307.8,14.0966,1901.73,90542.8,14.0966,2153.73,113226,14.0966,2438.97,141360,14.0966,2761.81,176127,14.0966,3127.22,218898,14.0966,3540.81,271226,14.0966,4008.92,334817,14.0966,4538.74,411470,14.0966,5138.38,502973,14.0966,5817.04,610948,14.0966,6585.12,736653,14.0966,7454.39,880741,14.0966,8438.15,1.04302e+06,14.0966,9551.45,1.22224e+06,14.0966,10811.3,1.41602e+06,14.0966,12237,1.62086e+06,14.0966,11.7194,11.96,12.6541,2.21263,4.16949,0.989383,2.67766,5.84076,0.311842,3.14343,7.55825,0.0972771,3.63127,9.58578,0.0303237,4.15787,12.0912,0.00945211,4.73731,15.2286,0.00294633,5.38238,19.1721,0.000918508,6.10553,24.134,0.000286163,6.91951,30.3791,8.92692e-05,7.83792,38.2397,2.78121e-05,8.87555,48.1338,8.65134e-06,10.0489,60.5876,2.7882e-06,11.3761,76.2629,8.29036e-07,12.8779,95.9927,2.4373e-07,14.5775,120.825,4.33068e-09,16.5012,152.08,1.75749e-07,18.6784,191.415,-1.86328e-07,21.1428,240.917,1.91829e-07,23.9322,303.213,-1.81475e-07,27.0895,381.602,7.0186e-08,30.6634,480.231,-2.86769e-08,34.7087,604.316,2.40784e-07,39.2876,760.401,9.87368e-08,44.4705,956.705,1.22263e-07,50.3371,1203.54,-4.31966e-07,56.9776,1513.81,-1.9705e-07,64.494,1903.69,-2.763e-08,73.0018,2393.4,3.9185e-07,82.6317,3008.13,1.35379e-07,93.5318,3779.25,-4.16351e-08,105.869,4745.7,2.06965e-08,119.834,5955.6,-3.18887e-07,135.641,7468.12,-1.48271e-08,153.531,9355.62,2.00739e-07,173.781,11705.8,2.28358e-07,196.701,14624.1,-1.93587e-08,222.642,18235,-2.88101e-07,252.003,22683.4,-2.24732e-07,285.234,28134,8.56806e-09,322.845,34767,2.34258e-07,365.413,42770.9,2.99668e-07,413.588,52327.9,8.28644e-08,468.111,63591.2,-3.07049e-07,529.814,76653.2,-3.1888e-07,599.642,91502.5,-6.72276e-08,678.662,107975,2.26339e-07,768.083,125705,3.69212e-07,869.267,144088,2.04077e-07,983.76,162277,-2.80509e-07,1113.3,179223,-4.22737e-07,1259.87,193777,-1.71951e-07,1425.68,204839,4.55555e-07,11.7194,11.96,12.6541,2.21263,4.16949,0.989383,2.67766,5.84076,0.311842,3.14343,7.55825,0.0972771,3.63127,9.58578,0.0303237,4.15787,12.0912,0.00945211,4.73731,15.2286,0.00294633,5.38238,19.1721,0.000918508,6.10553,24.134,0.000286163,6.91951,30.3791,8.92692e-05,7.83792,38.2397,2.78121e-05,8.87555,48.1338,8.65134e-06,10.0489,60.5876,2.7882e-06,11.3761,76.2629,8.29036e-07,12.8779,95.9927,2.4373e-07,14.5775,120.825,1e-08,16.5012,152.08,1.75749e-07,18.6784,191.415,1e-08,21.1428,240.917,1.91829e-07,23.9322,303.213,1e-08,27.0895,381.602,7.0186e-08,30.6634,480.231,1e-08,34.7087,604.316,2.40784e-07,39.2876,760.401,9.87368e-08,44.4705,956.705,1.22263e-07,50.3371,1203.54,1e-08,56.9776,1513.81,1e-08,64.494,1903.69,1e-08,73.0018,2393.4,3.9185e-07,82.6317,3008.13,1.35379e-07,93.5318,3779.25,1e-08,105.869,4745.7,2.06965e-08,119.834,5955.6,1e-08,135.641,7468.12,1e-08,153.531,9355.62,2.00739e-07,173.781,11705.8,2.28358e-07,196.701,14624.1,1e-08,222.642,18235,1e-08,252.003,22683.4,1e-08,285.234,28134,1e-08,322.845,34767,2.34258e-07,365.413,42770.9,2.99668e-07,413.588,52327.9,8.28644e-08,468.111,63591.2,1e-08,529.814,76653.2,1e-08,599.642,91502.5,1e-08,678.662,107975,2.26339e-07,768.083,125705,3.69212e-07,869.267,144088,2.04077e-07,983.76,162277,1e-08,1113.3,179223,1e-08,1259.87,193777,1e-08,1425.68,204839,4.55555e-07,6.2823,3.27286,2.43537,0.219672,6.18826,2.24117,0.56371,6.87772,2.63624,0.308279,11,3,8,3,2,0,6,7,3,3,7,0,5,11,0,3,4,0,4,4,0,6,33,0,10,20,0,5,16,0,11,14,0,11,73,0,9,39,0,11,52,0,7,68,0,9,196,0,5,213,0,32,180,0,28,300,0,24,279,0,18,591,0,33,827,0,57,261,0,25,1583,0,43,784,0,50,2276,0,44,1643,0,32,2102,0,50,2415,0,66,3013,0,58,3056,0,105,10146,0,103,10216,0,137,4255,0,244,11336,0,76,13767,0,88,16990,0,242,16504,0,340,35828,0,247,30786,0,756,26299,0,190,47475,0,259,31121,0,606,44248,0,669,86909,0,463,94016,0,925,73623,0,801,110940,0,1289,100460,0,1018,156877,0,802,116145,0,531,264684,0,814,186478,0
-1.05176e+08,1,8.88811e-15,10,1023,0,1.05176e+08,0.528882,1.08665,0.389689,0.145397,0.379329,3.24381,0.161596,0.446195,1.77396,0.159177,1.15e+07,4.49998e+06,6.79999e+06,1.15e+07,4.49997e+06,6.79999e+06,1.15e+07,4.49996e+06,6.79999e+06,1.15e+07,4.49995e+06,6.79999e+06,1.14999e+07,4.49993e+06,6.79999e+06,1.14999e+07,4.49991e+06,6.79999e+06,1.14999e+07,4.49989e+06,6.79999e+06,1.14999e+07,4.49986e+06,6.79999e+06,1.14999e+07,4.49982e+06,6.79999e+06,1.14999e+07,4.49977e+06,6.79999e+06,1.14999e+07,4.49971e+06,6.79999e+06,1.14999e+07,4.49963e+06,6.79999e+06,1.14998e+07,4.49953e+06,6.79999e+06,1.14998e+07,4.49941e+06,6.79999e+06,1.14998e+07,4.49926e+06,6.79999e+06,1.14998e+07,4.49906e+06,6.79999e+06,1.14997e+07,4.49882e+06,6.79999e+06,1.14997e+07,4.49851e+06,6.79999e+06,1.14997e+07,4.49812e+06,6.79999e+06,1.14996e+07,4.49764e+06,6.79999e+06,1.14996e+07,4.49702e+06,6.79999e+06,1.14995e+07,4.49625e+06,6.79999e+06,1.14995e+07,4.49528e+06,6.79999e+06,1.14994e+07,4.49406e+06,6.79999e+06,1.14993e+07,4.49253e+06,6.79999e+06,1.14992e+07,4.49059e+06,6.79999e+06,1.14991e+07,4.48817e+06,6.79999e+06,1.1499e+07,4.48511e+06,6.79999e+06,1.14988e+07,4.48128e+06,6.79999e+06,1.14987e+07,4.47646e+06,6.79999e+06,1.14985e+07,4.47041e+06,6.79999e+06,1.14983e+07,4.46281e+06,6.79999e+06,1.14981e+07,4.4533e+06,6.79999e+06,1.14979e+07,4.44138e+06,6.79999e+06,1.14976e+07,4.42649e+06,6.79999e+06,1.14972e+07,4.40789e+06,6.79999e+06,1.14969e+07,4.38471e+06,6.79999e+06,1.14965e+07,4.35592e+06,6.79999e+06,1.1496e+07,4.32027e+06,6.79999e+06,1.14955e+07,4.27629e+06,6.79999e+06,1.14949e+07,4.22231e+06,6.79999e+06,1.14942e+07,4.15647e+06,6.79999e+06,1.14934e+07,4.07676e+06,6.79999e+06,1.14926e+07,3.98112e+06,6.79999e+06,1.14916e+07,3.86765e+06,6.79999e+06,1.14905e+07,3.73474e+06,6.79999e+06,1.14892e+07,3.58148e+06,6.79999e+06,1.14878e+07,3.40785e+06,6.79999e+06,1.14862e+07,3.21513e+06,6.79999e+06,1.14844e+07,3.00605e+06,6.79999e+06,1.14823e+07,2.7848e+06,6.79999e+06,1.148e+07,2.5568e+06,6.79999e+06,1.14773e+07,2.32825e+06,6.79999e+06,13.5742,8.52444,0.508366,16.8306,13.2585,0.162638,20.0035,17.569,0.0507846,23.2616,22.4214,0.0158319,26.7328,28.3297,0.00493498,30.5212,35.6974,0.00153831,34.7178,44.9473,0.000479527,39.4086,56.5822,0.000149456,44.6796,71.2245,4.66214e-05,50.6209,89.6543,1.45419e-05,57.3297,112.852,4.54748e-06,64.9129,142.051,1.43857e-06,73.4897,178.803,4.36618e-07,83.1934,225.062,1.40153e-07,94.1745,283.286,4.96378e-08,106.602,356.568,1.05434e-07,120.669,448.799,-6.49244e-08,136.59,564.873,1.70148e-07,154.611,710.948,-5.34594e-08,175.008,894.767,1.63407e-07,198.097,1126.06,8.04804e-08,224.231,1417.07,1.14667e-07,253.813,1783.15,-1.71227e-07,287.297,2243.62,-2.88466e-07,325.198,2822.67,-4.33651e-07,368.098,3550.67,7.9318e-08,416.657,4465.65,3.13319e-07,471.621,5615.16,3.4613e-07,533.835,7058.61,-1.19199e-07,604.255,8870.02,-2.79964e-07,683.962,11141.4,-2.30521e-07,774.182,13986.7,-2.55099e-07,876.299,17546.4,1.23585e-07,991.883,21993.1,1.41192e-07,1122.71,27536.7,-9.71886e-08,1270.78,34430.7,-3.68368e-07,1438.38,42977.7,-3.45379e-07,1628.07,53532.7,-3.25328e-09,1842.77,66504.6,2.6362e-07,2085.77,82350.2,2.53445e-07,2360.79,101560,-2.47407e-08,2672.05,124632,-3.80602e-07,3024.31,152018,-4.79005e-07,3422.98,184060,-1.14379e-07,3874.15,220884,2.64297e-07,4384.72,262283,3.44131e-07,4962.49,307576,7.5349e-08,5616.29,355497,-3.63097e-07,6356.1,404126,-6.05442e-07,7193.18,450932,-2.72333e-07,8140.28,492963,2.29675e-07,9211.79,527178,4.3387e-07,10424,550893,-1.0711e-07,10.102,8.06553,2.81012,10.6436,8.57909,0.869423,11.5336,10.2515,0.270869,12.7211,12.7138,0.0844293,14.1823,15.9373,0.0263173,15.9122,20.0383,0.0082035,17.9198,25.2154,0.00255722,20.2244,31.7373,0.000797017,22.8539,39.9486,0.000248622,25.8438,50.2851,7.75492e-05,29.237,63.2963,2.42508e-05,33.0837,79.6738,7.67162e-06,37.4415,100.288,2.32837e-06,42.3767,126.236,7.33e-07,47.9646,158.896,2.79256e-07,54.2906,200.003,9.87351e-09,61.452,251.741,1.61085e-07,69.5585,316.859,-2.47141e-07,78.7347,398.812,8.93552e-08,89.1218,501.948,-2.53231e-07,100.879,631.736,-1.25047e-07,114.188,795.049,-1.78808e-07,129.252,1000.53,2.6733e-07,146.304,1259.03,4.50292e-07,165.605,1584.19,6.76904e-07,187.452,1993.12,-1.23808e-07,212.181,2507.27,-4.89068e-07,240.173,3153.54,-5.40284e-07,271.856,3965.56,1.86061e-07,307.719,4985.38,4.37004e-07,348.313,6265.4,3.59828e-07,394.26,7870.83,3.98192e-07,446.268,9882.51,-1.92908e-07,505.135,12400.3,-2.20392e-07,571.766,15546.9,1.51705e-07,647.184,19472.2,5.74996e-07,732.547,24357.4,5.39112e-07,829.167,30420,5.07815e-09,938.526,37916.3,-4.11492e-07,1062.3,47143.9,-3.9561e-07,1202.4,58439.2,3.86185e-08,1360.96,72169.3,5.94093e-07,1540.42,88715.8,7.47693e-07,1743.53,108445,1.78537e-07,1973.41,131665,-4.12549e-07,2233.57,158557,-5.37164e-07,2528,189103,-1.17615e-07,2861.2,222986,5.66769e-07,3238.27,259510,9.45053e-07,3664.97,297540,4.25093e-07,4147.81,335497,-3.58506e-07,4694.17,371444,-6.7724e-07,5312.37,403256,1.67192e-07,1.61744,3.89446,9.84394,3.28846,7.5504,12.774,5.07607,11.7187,13.6844,7.03202,16.8147,13.9681,9.20215,23.1769,14.0566,11.6301,31.1672,14.0841,14.3598,41.2186,14.0927,17.4376,53.8688,14.0954,20.9137,69.7915,14.0962,24.8432,89.8341,14.0965,29.2879,115.063,14.0966,34.3168,146.819,14.0966,40.0078,186.792,14.0966,46.4487,237.107,14.0966,53.7388,300.44,14.0966,61.9903,380.158,14.0966,71.3301,480.499,14.0966,81.902,606.796,14.0966,93.8685,765.761,14.0966,107.414,965.837,14.0966,122.746,1217.65,14.0966,140.101,1534.57,14.0966,159.745,1933.41,14.0966,181.981,2435.3,14.0966,207.15,3066.85,14.0966,235.64,3861.46,14.0966,267.889,4861.11,14.0966,304.391,6118.54,14.0966,345.709,7699.91,14.0966,392.478,9688.22,14.0966,445.417,12187.5,14.0966,505.339,15327.7,14.0966,573.165,19271.6,14.0966,649.938,24222,14.0966,736.839,30430.9,14.0966,835.202,38211.5,14.0966,946.539,47950.3,14.0966,1072.56,60122.8,14.0966,1215.21,75309.9,14.0966,1376.66,94216.2,14.0966,1559.41,117688,14.0966,1766.26,146729,14.0966,2000.39,182510,14.0966,2265.39,226372,14.0966,2565.33,279806,14.0966,2904.81,344416,14.0966,3289.05,421845,14.0966,3723.93,513667,14.0966,4216.13,621231,14.0966,4773.18,745478,14.0966,5403.64,886744,14.0966,6117.15,1.04457e+06,14.0966,6924.63,1.2176e+06,14.0966,11.7194,11.96,12.6541,13.9321,16.1295,13.6434,16.6097,21.9702,13.9553,19.7532,29.5285,14.0526,23.3844,39.1143,14.0829,27.5423,51.2054,14.0923,32.2796,66.434,14.0953,37.662,85.6061,14.0962,43.7675,109.74,14.0965,50.687,140.119,14.0966,58.5249,178.359,14.0966,67.4005,226.493,14.0966,77.4493,287.08,14.0966,88.8254,363.343,14.0966,101.703,459.336,14.0966,116.281,580.161,14.0966,132.782,732.241,14.0966,151.46,923.655,14.0966,172.603,1164.57,14.0966,196.535,1467.79,14.0966,223.625,1849.39,14.0966,254.288,2329.62,14.0966,288.997,2933.93,14.0966,328.285,3694.33,14.0966,372.755,4651.04,14.0966,423.092,5854.57,14.0966,480.07,7368.38,14.0966,544.564,9272.08,14.0966,617.566,11665.5,14.0966,700.197,14673.6,14.0966,793.729,18452.9,14.0966,899.599,23198.6,14.0966,1019.43,29154.1,14.0966,1155.07,36622.3,14.0966,1308.6,45977.9,14.0966,1482.39,57683.7,14.0966,1679.09,72307.8,14.0966,1901.73,90542.8,14.0966,2153.73,113226,14.0966,2438.97,141360,14.0966,2761.81,176127,14.0966,3127.22,218898,14.0966,3540.81,271226,14.0966,4008.92,334817,14.0966,4538.74,411470,14.0966,5138.38,502973,14.0966,5817.04,610948,14.0966,6585.12,736653,14.0966,7454.39,880741,14.0966,8438.15,1.04302e+06,14.0966,9551.45,1.22224e+06,14.0966,10811.3,1.41602e+06,14.0966,12237,1.62086e+06,14.0966,11.7194,11.96,12.6541,2.21263,4.16949,0.989383,2.67766,5.84076,0.311842,3.14343,7.55825,0.0972771,3.63127,9.58578,0.0303237,4.15787,12.0912,0.00945211,4.73731,15.2286,0.00294633,5.38238,19.1721,0.000918508,6.10553,24.134,0.000286163,6.91951,30.3791,8.92692e-05,7.83792,38.2397,2.78121e-05,8.87555,48.1338,8.65134e-06,10.0489,60.5876,2.7882e-06,11.3761,76.2629,8.29036e-07,12.8779,95.9927,2.4373e-07,14.5775,120.825,4.33068e-09,16.5012,152.08,1.75749e-07,18.6784,191.415,-1.86328e-07,21.1428,240.917,1.91829e-07,23.9322,303.213,-1.81475e-07,27.0895,381.602,7.0186e-08,30.6634,480.231,-2.86769e-08,34.7087,604.316,2.40784e-07,39.2876,760.401,9.87368e-08,44.4705,956.705,1.22263e-07,50.3371,1203.54,-4.31966e-07,56.9776,1513.81,-1.9705e-07,64.494,1903.69,-2.763e-08,73.0018,2393.4,3.9185e-07,82.6317,3008.13,1.35379e-07,93.5318,3779.25,-4.16351e-08,105.869,4745.7,2.06965e-08,119.834,5955.6,-3.18887e-07,135.641,7468.12,-1.48271e-08,153.531,9355.62,2.00739e-07,173.781,11705.8,2.28358e-07,196.701,14624.1,-1.93587e-08,222.642,18235,-2.88101e-07,252.003,22683.4,-2.24732e-07,285.234,28134,8.56806e-09,322.845,34767,2.34258e-07,365.413,42770.9,2.99668e-07,413.588,52327.9,8.28644e-08,468.111,63591.2,-3.07049e-07,529.814,76653.2,-3.1888e-07,599.642,91502.5,-6.72276e-08,678.662,107975,2.26339e-07,768.083,125705,3.69212e-07,869.267,144088,2.04077e-07,983.76,162277,-2.80509e-07,1113.3,179223,-4.22737e-07,1259.87,193777,-1.71951e-07,1425.68,204839,4.55555e-07,11.7194,11.96,12.6541,2.21263,4.16949,0.989383,2.67766,5.84076,0.311842,3.14343,7.55825,0.0972771,3.63127,9.58578,0.0303237,4.15787,12.0912,0.00945211,4.73731,15.2286,0.00294633,5.38238,19.1721,0.000918508,6.10553,24.134,0.000286163,6.91951,30.3791,8.92692e-05,7.83792,38.2397,2.78121e-05,8.87555,48.1338,8.65134e-06,10.0489,60.5876,2.7882e-06,11.3761,76.2629,8.29036e-07,12.8779,95.9927,2.4373e-07,14.5775,120.825,1e-08,16.5012,152.08,1.75749e-07,18.6784,191.415,1e-08,21.1428,240.917,1.91829e-07,23.9322,303.213,1e-08,27.0895,381.602,7.0186e-08,30.6634,480.231,1e-08,34.7087,604.316,2.40784e-07,39.2876,760.401,9.87368e-08,44.4705,956.705,1.22263e-07,50.3371,1203.54,1e-08,56.9776,1513.81,1e-08,64.494,1903.69,1e-08,73.0018,2393.4,3.9185e-07,82.6317,3008.13,1.35379e-07,93.5318,3779.25,1e-08,105.869,4745.7,2.06965e-08,119.834,5955.6,1e-08,135.641,7468.12,1e-08,153.531,9355.62,2.00739e-07,173.781,11705.8,2.28358e-07,196.701,14624.1,1e-08,222.642,18235,1e-08,252.003,22683.4,1e-08,285.234,28134,1e-08,322.845,34767,2.34258e-07,365.413,42770.9,2.99668e-07,413.588,52327.9,8.28644e-08,468.111,63591.2,1e-08,529.814,76653.2,1e-08,599.642,91502.5,1e-08,678.662,107975,2.26339e-07,768.083,125705,3.69212e-07,869.267,144088,2.04077e-07,983.76,162277,1e-08,1113.3,179223,1e-08,1259.87,193777,1e-08,1425.68,204839,4.55555e-07,6.2823,3.27286,2.43537,0.219672,6.18826,2.24117,0.56371,6.87772,2.63624,0.308279,9,18,24,1,4,0,3,1,0,5,7,0,4,15,0,8,17,0,6,17,0,6,24,0,11,21,0,4,48,0,6,52,0,18,31,0,2,131,0,16,51,0,10,95,0,9,265,0,37,133,0,19,146,0,49,255,0,27,369,0,41,241,0,42,662,0,30,363,0,36,847,0,62,1240,0,61,1235,0,80,1222,0,63,2574,0,91,2113,0,80,1775,0,145,3335,0,145,1809,0,333,3648,0,119,8109,0,94,8299,0,174,4314,0,178,16653,0,349,15531,0,153,15168,0,99,58455,0,604,18171,0,547,37920,0,608,41437,0,341,33747,0,179,84163,0,638,118886,0,623,112323,0,552,162331,0,738,163233,0,738,253957,0,1089,105654,0,827,180503,0,1616,163466,0
-1.05176e+08,1,8.88811e-15,10,1023,0,1.05176e+08,0.528882,1.08665,0.389689,0.145397,0.379329,3.24381,0.161596,0.446195,1.77396,0.159177,1.15e+07,4.49998e+06,6.79999e+06,1.15e+07,4.49997e+06,6.79999e+06,1.15e+07,4.49996e+06,6.79999e+06,1.15e+07,4.49995e+06,6.79999e+06,1.14999e+07,4.49993e+06,6.79999e+06,1.14999e+07,4.49991e+06,6.79999e+06,1.14999e+07,4.49989e+06,6.79999e+06,1.14999e+07,4.49986e+06,6.79999e+06,1.14999e+07,4.49982e+06,6.79999e+06,1.14999e+07,4.49977e+06,6.79999e+06,1.14999e+07,4.49971e+06,6.79999e+06,1.14999e+07,4.49963e+06,6.79999e+06,1.14998e+07,4.49953e+06,6.79999e+06,1.14998e+07,4.49941e+06,6.79999e+06,1.14998e+07,4.49926e+06,6.79999e+06,1.14998e+07,4.49906e+06,6.79999e+06,1.14997e+07,4.49882e+06,6.79999e+06,1.14997e+07,4.49851e+06,6.79999e+06,1.14997e+07,4.49812e+06,6.79999e+06,1.14996e+07,4.49764e+06,6.79999e+06,1.14996e+07,4.49702e+06,6.79999e+06,1.14995e+07,4.49625e+06,6.79999e+06,1.14995e+07,4.49528e+06,6.79999e+06,1.14994e+07,4.49406e+06,6.79999e+06,1.14993e+07,4.49253e+06,6.79999e+06,1.14992e+07,4.49059e+06,6.79999e+06,1.14991e+07,4.48817e+06,6.79999e+06,1.1499e+07,4.48511e+06,6.79999e+06,1.14988e+07,4.48128e+06,6.79999e+06,1.14987e+07,4.47646e+06,6.79999e+06,1.14985e+07,4.47041e+06,6.79999e+06,1.14983e+07,4.46281e+06,6.79999e+06,1.14981e+07,4.4533e+06,6.79999e+06,1.14979e+07,4.44138e+06,6.79999e+06,1.14976e+07,4.42649e+06,6.79999e+06,1.14972e+07,4.40789e+06,6.79999e+06,1.14969e+07,4.38471e+06,6.79999e+06,1.14965e+07,4.35592e+06,6.79999e+06,1.1496e+07,4.32027e+06,6.79999e+06,1.14955e+07,4.27629e+06,6.79999e+06,1.14949e+07,4.22231e+06,6.79999e+06,1.14942e+07,4.15647e+06,6.79999e+06,1.14934e+07,4.07676e+06,6.79999e+06,1.14926e+07,3.98112e+06,6.79999e+06,1.14916e+07,3.86765e+06,6.79999e+06,1.14905e+07,3.73474e+06,6.79999e+06,1.14892e+07,3.58148e+06,6.79999e+06,1.14878e+07,3.40785e+06,6.79999e+06,1.14862e+07,3.21513e+06,6.79999e+06,1.14844e+07,3.00605e+06,6.79999e+06,1.14823e+07,2.7848e+06,6.79999e+06,1.148e+07,2.5568e+06,6.79999e+06,1.14773e+07,2.32825e+06,6.79999e+06,13.5742,8.52444,0.508366,16.8306,13.2585,0.162638,20.0035,17.569,0.0507846,23.2616,22.4214,0.0158319,26.7328,28.3297,0.00493498,30.5212,35.6974,0.00153831,34.7178,44.9473,0.000479527,39.4086,56.5822,0.000149456,44.6796,71.2245,4.66214e-05,50.6209,89.6543,1.45419e-05,57.3297,112.852,4.54748e-06,64.9129,142.051,1.43857e-06,73.4897,178.803,4.36618e-07,83.1934,225.062,1.40153e-07,94.1745,283.286,4.96378e-08,106.602,356.568,1.05434e-07,120.669,448.799,-6.49244e-08,136.59,564.873,1.70148e-07,154.611,710.948,-5.34594e-08,175.008,894.767,1.63407e-07,198.097,1126.06,8.04804e-08,224.231,1417.07,1.14667e-07,253.813,1783.15,-1.71227e-07,287.297,2243.62,-2.88466e-07,325.198,2822.67,-4.33651e-07,368.098,3550.67,7.9318e-08,416.657,4465.65,3.13319e-07,471.621,5615.16,3.4613e-07,533.835,7058.61,-1.19199e-07,604.255,8870.02,-2.79964e-07,683.962,11141.4,-2.30521e-07,774.182,13986.7,-2.55099e-07,876.299,17546.4,1.23585e-07,991.883,21993.1,1.41192e-07,1122.71,27536.7,-9.71886e-08,1270.78,34430.7,-3.68368e-07,1438.38,42977.7,-3.45379e-07,1628.07,53532.7,-3.25328e-09,1842.77,66504.6,2.6362e-07,2085.77,82350.2,2.53445e-07,2360.79,101560,-2.47407e-08,2672.05,124632,-3.80602e-07,3024.31,152018,-4.79005e-07,3422.98,184060,-1.14379e-07,3874.15,220884,2.64297e-07,4384.72,262283,3.44131e-07,4962.49,307576,7.5349e-08,5616.29,355497,-3.63097e-07,6356.1,404126,-6.05442e-07,7193.18,450932,-2.72333e-07,8140.28,492963,2.29675e-07,9211.79,527178,4.3387e-07,10424,550893,-1.0711e-07,10.102,8.06553,2.81012,10.6436,8.57909,0.869423,11.5336,10.2515,0.270869,12.7211,12.7138,0.0844293,14.1823,15.9373,0.0263173,15.9122,20.0383,0.0082035,17.9198,25.2154,0.00255722,20.2244,31.7373,0.000797017,22.8539,39.9486,0.000248622,25.8438,50.2851,7.75492e-05,29.237,63.2963,2.42508e-05,33.0837,79.6738,7.67162e-06,37.4415,100.288,2.32837e-06,42.3767,126.236,7.33e-07,47.9646,158.896,2.79256e-07,54.2906,200.003,9.87351e-09,61.452,251.741,1.61085e-07,69.5585,316.859,-2.47141e-07,78.7347,398.812,8.93552e-08,89.1218,501.948,-2.53231e-07,100.879,631.736,-1.25047e-07,114.188,795.049,-1.78808e-07,129.252,1000.53,2.6733e-07,146.304,1259.03,4.50292e-07,165.605,1584.19,6.76904e-07,187.452,1993.12,-1.23808e-07,212.181,2507.27,-4.89068e-07,240.173,3153.54,-5.40284e-07,271.856,3965.56,1.86061e-07,307.719,4985.38,4.37004e-07,348.313,6265.4,3.59828e-07,394.26,7870.83,3.98192e-07,446.268,9882.51,-1.92908e-07,505.135,12400.3,-2.20392e-07,571.766,15546.9,1.51705e-07,647.184,19472.2,5.74996e-07,732.547,24357.4,5.39112e-07,829.167,30420,5.07815e-09,938.526,37916.3,-4.11492e-07,1062.3,47143.9,-3.9561e-07,1202.4,58439.2,3.86185e-08,1360.96,72169.3,5.94093e-07,1540.42,88715.8,7.47693e-07,1743.53,108445,1.78537e-07,1973.41,131665,-4.12549e-07,2233.57,158557,-5.37164e-07,2528,189103,-1.17615e-07,2861.2,222986,5.66769e-07,3238.27,259510,9.45053e-07,3664.97,297540,4.25093e-07,4147.81,335497,-3.58506e-07,4694.17,371444,-6.7724e-07,5312.37,403256,1.67192e-07,1.61744,3.89446,9.84394,3.28846,7.5504,12.774,5.07607,11.7187,13.6844,7.03202,16.8147,13.9681,9.20215,23.1769,14.0566,11.6301,31.1672,14.0841,14.3598,41.2186,14.0927,17.4376,53.8688,14.0954,20.9137,69.7915,14.0962,24.8432,89.8341,14.0965,29.2879,115.063,14.0966,34.3168,146.819,14.0966,40.0078,186.792,14.0966,46.4487,237.107,14.0966,53.7388,300.44,14.0966,61.9903,380.158,14.0966,71.3301,480.499,14.0966,81.902,606.796,14.0966,93.8685,765.761,14.0966,107.414,965.837,14.0966,122.746,1217.65,14.0966,140.101,1534.57,14.0966,159.745,1933.41,14.0966,181.981,2435.3,14.0966,207.15,3066.85,14.0966,235.64,3861.46,14.0966,267.889,4861.11,14.0966,304.391,6118.54,14.0966,345.709,7699.91,14.0966,392.478,9688.22,14.0966,445.417,12187.5,14.0966,505.339,15327.7,14.0966,573.165,19271.6,14.0966,649.938,24222,14.0966,736.839,30430.9,14.0966,835.202,38211.5,14.0966,946.539,47950.3,14.0966,1072.56,60122.8,14.0966,1215.21,75309.9,14.0966,1376.66,94216.2,14.0966,1559.41,117688,14.0966,1766.26,146729,14.0966,2000.39,182510,14.0966,2265.39,226372,14.0966,2565.33,279806,14.0966,2904.81,344416,14.0966,3289.05,421845,14.0966,3723.93,513667,14.0966,4216.13,621231,14.0966,4773.18,745478,14.0966,5403.64,886744,14.0966,6117.15,1.04457e+06,14.0966,6924.63,1.2176e+06,14.0966,11.7194,11.96,12.6541,13.9321,16.1295,13.6434,16.6097,21.9702,13.9553,19.7532,29.5285,14.0526,23.3844,39.1143,14.0829,27.5423,51.2054,14.0923,32.2796,66.434,14.0953,37.662,85.6061,14.0962,43.7675,109.74,14.0965,50.687,140.119,14.0966,58.5249,178.359,14.0966,67.4005,226.493,14.0966,77.4493,287.08,14.0966,88.8254,363.343,14.0966,101.703,459.336,14.0966,116.281,580.161,14.0966,132.782,732.241,14.0966,151.46,923.655,14.0966,172.603,1164.57,14.0966,196.535,1467.79,14.0966,223.625,1849.39,14.0966,254.288,2329.62,14.0966,288.997,2933.93,14.0966,328.285,3694.33,14.0966,372.755,4651.04,14.0966,423.092,5854.57,14.0966,480.07,7368.38,14.0966,544.564,9272.08,14.0966,617.566,11665.5,14.0966,700.197,14673.6,14.0966,793.729,18452.9,14.0966,899.599,23198.6,14.0966,1019.43,29154.1,14.0966,1155.07,36622.3,14.0966,1308.6,45977.9,14.0966,1482.39,57683.7,14.0966,1679.09,72307.8,14.0966,1901.73,90542.8,14.0966,2153.73,113226,14.0966,2438.97,141360,14.0966,2761.81,176127,14.0966,3127.22,218898,14.0966,3540.81,271226,14.0966,4008.92,334817,14.0966,4538.74,411470,14.0966,5138.38,502973,14.0966,5817.04,610948,14.0966,6585.12,736653,14.0966,7454.39,880741,14.0966,8438.15,1.04302e+06,14.0966,9551.45,1.22224e+06,14.0966,10811.3,1.41602e+06,14.0966,12237,1.62086e+06,14.0966,11.7194,11.96,12.6541,2.21263,4.16949,0.989383,2.67766,5.84076,0.311842,3.14343,7.55825,0.0972771,3.63127,9.58578,0.0303237,4.15787,12.0912,0.00945211,4.73731,15.2286,0.00294633,5.38238,19.1721,0.000918508,6.10553,24.134,0.000286163,6.91951,30.3791,8.92692e-05,7.83792,38.2397,2.78121e-05,8.87555,48.1338,8.65134e-06,10.0489,60.5876,2.7882e-06,11.3761,76.2629,8.29036e-07,12.8779,95.9927,2.4373e-07,14.5775,120.825,4.33068e-09,16.5012,152.08,1.75749e-07,18.6784,191.415,-1.86328e-07,21.1428,240.917,1.91829e-07,23.9322,303.213,-1.81475e-07,27.0895,381.602,7.0186e-08,30.6634,480.231,-2.86769e-08,34.7087,604.316,2.40784e-07,39.2876,760.401,9.87368e-08,44.4705,956.705,1.22263e-07,50.3371,1203.54,-4.31966e-07,56.9776,1513.81,-1.9705e-07,64.494,1903.69,-2.763e-08,73.0018,2393.4,3.9185e-07,82.6317,3008.13,1.35379e-07,93.5318,3779.25,-4.16351e-08,105.869,4745.7,2.06965e-08,119.834,5955.6,-3.18887e-07,135.641,7468.12,-1.48271e-08,153.531,9355.62,2.00739e-07,173.781,11705.8,2.28358e-07,196.701,14624.1,-1.93587e-08,222.642,18235,-2.88101e-07,252.003,22683.4,-2.24732e-07,285.234,28134,8.56806e-09,322.845,34767,2.34258e-07,365.413,42770.9,2.99668e-07,413.588,52327.9,8.28644e-08,468.111,63591.2,-3.07049e-07,529.814,76653.2,-3.1888e-07,599.642,91502.5,-6.72276e-08,678.662,107975,2.26339e-07,768.083,125705,3.69212e-07,869.267,144088,2.04077e-07,983.76,162277,-2.80509e-07,1113.3,179223,-4.22737e-07,1259.87,193777,-1.71951e-07,1425.68,204839,4.55555e-07,11.7194,11.96,12.6541,2.21263,4.16949,0.989383,2.67766,5.84076,0.311842,3.14343,7.55825,0.0972771,3.63127,9.58578,0.0303237,4.15787,12.0912,0.00945211,4.73731,15.2286,0.00294633,5.38238,19.1721,0.000918508,6.10553,24.134,0.000286163,6.91951,30.3791,8.92692e-05,7.83792,38.2397,2.78121e-05,8.87555,48.1338,8.65134e-06,10.0489,60.5876,2.7882e-06,11.3761,76.2629,8.29036e-07,12.8779,95.9927,2.4373e-07,14.5775,120.825,1e-08,16.5012,152.08,1.75749e-07,18.6784,191.415,1e-08,21.1428,240.917,1.91829e-07,23.9322,303.213,1e-08,27.0895,381.602,7.0186e-08,30.6634,480.231,1e-08,34.7087,604.316,2.40784e-07,39.2876,760.401,9.87368e-08,44.4705,956.705,1.22263e-07,50.3371,1203.54,1e-08,56.9776,1513.81,1e-08,64.494,1903.69,1e-08,73.0018,2393.4,3.9185e-07,82.6317,3008.13,1.35379e-07,93.5318,3779.25,1e-08,105.869,4745.7,2.06965e-08,119.834,5955.6,1e-08,135.641,7468.12,1e-08,153.531,9355.62,2.00739e-07,173.781,11705.8,2.28358e-07,196.701,14624.1,1e-08,222.642,18235,1e-08,252.003,22683.4,1e-08,285.234,28134,1e-08,322.845,34767,2.34258e-07,365.413,42770.9,2.99668e-07,413.588,52327.9,8.28644e-08,468.111,63591.2,1e-08,529.814,76653.2,1e-08,599.642,91502.5,1e-08,678.662,107975,2.26339e-07,768.083,125705,3.69212e-07,869.267,144088,2.04077e-07,983.76,162277,1e-08,1113.3,179223,1e-08,1259.87,193777,1e-08,1425.68,204839,4.55555e-07,6.2823,3.27286,2.43537,0.219672,6.18826,2.24117,0.56371,6.87772,2.63624,0.308279,6,11,23,0,1,1,1,11,1,2,4,1,5,4,0,1,16,0,3,11,0,6,7,0,7,2,0,4,12,0,6,36,0,4,30,0,5,93,0,20,120,0,8,103,0,7,143,0,7,125,0,21,74,0,22,102,0,26,112,0,10,265,0,15,374,0,32,594,0,25,1030,0,30,1310,0,50,661,0,58,3460,0,47,661,0,56,2434,0,44,5176,0,113,4869,0,39,2961,0,49,7475,0,107,7937,0,129,9419,0,163,9707,0,129,24211,0,255,10845,0,232,25216,0,469,36559,0,218,51778,0,152,53489,0,368,31961,0,751,140027,0,305,76603,0,369,66713,0,994,129310,0,460,108554,0,795,170456,0,290,142413,0,1061,135691,0,363,179773,0,1384,233972,0
-1.05176e+08,3.9009e-49,8.88811e-15,10,1023,0,1.05176e+08,0.528882,1.08665,0.389689,0.145397,0.379329,3.24381,0.161596,0.446195,1.77396,0.159177,1.15e+07,4.49998e+06,6.79999e+06,1.15e+07,4.49997e+06,6.79999e+06,1.15e+07,4.49996e+06,6.79999e+06,1.15e+07,4.49995e+06,6.79999e+06,1.14999e+07,4.49993e+06,6.79999e+06,1.14999e+07,4.49991e+06,6.79999e+06,1.14999e+07,4.49989e+06,6.79999e+06,1.14999e+07,4.49986e+06,6.79999e+06,1.14999e+07,4.49982e+06,6.79999e+06,1.14999e+07,4.49977e+06,6.79999e+06,1.14999e+07,4.49971e+06,6.79999e+06,1.14999e+07,4.49963e+06,6.79999e+06,1.14998e+07,4.49953e+06,6.79999e+06,1.14998e+07,4.49941e+06,6.79999e+06,1.14998e+07,4.49926e+06,6.79999e+06,1.14998e+07,4.49906e+06,6.79999e+06,1.14997e+07,4.49882e+06,6.79999e+06,1.14997e+07,4.49851e+06,6.79999e+06,1.14997e+07,4.49812e+06,6.79999e+06,1.14996e+07,4.49764e+06,6.79999e+06,1.14996e+07,4.49702e+06,6.79999e+06,1.14995e+07,4.49625e+06,6.79999e+06,1.14995e+07,4.49528e+06,6.79999e+06,1.14994e+07,4.49406e+06,6.79999e+06,1.14993e+07,4.49253e+06,6.79999e+06,1.14992e+07,4.49059e+06,6.79999e+06,1.14991e+07,4.48817e+06,6.79999e+06,1.1499e+07,4.48511e+06,6.79999e+06,1.14988e+07,4.48128e+06,6.79999e+06,1.14987e+07,4.47646e+06,6.79999e+06,1.14985e+07,4.47041e+06,6.79999e+06,1.14983e+07,4.46281e+06,6.79999e+06,1.14981e+07,4.4533e+06,6.79999e+06,1.14979e+07,4.44138e+06,6.79999e+06,1.14976e+07,4.42649e+06,6.79999e+06,1.14972e+07,4.40789e+06,6.79999e+06,1.14969e+07,4.38471e+06,6.79999e+06,1.14965e+07,4.35592e+06,6.79999e+06,1.1496e+07,4.32027e+06,6.79999e+06,1.14955e+07,4.27629e+06,6.79999e+06,1.14949e+07,4.22231e+06,6.79999e+06,1.14942e+07,4.15647e+06,6.79999e+06,1.14934e+07,4.07676e+06,6.79999e+06,1.14926e+07,3.98112e+06,6.79999e+06,1.14916e+07,3.86765e+06,6.79999e+06,1.14905e+07,3.73474e+06,6.79999e+06,1.14892e+07,3.58148e+06,6.79999e+06,1.14878e+07,3.40785e+06,6.79999e+06,1.14862e+07,3.21513e+06,6.79999e+06,1.14844e+07,3.00605e+06,6.79999e+06,1.14823e+07,2.7848e+06,6.79999e+06,1.148e+07,2.5568e+06,6.79999e+06,1.14773e+07,2.32825e+06,6.79999e+06,13.5742,8.52444,0.508366,16.8306,13.2585,0.162638,20.0035,17.569,0.0507846,23.2616,22.4214,0.0158319,26.7328,28.3297,0.00493498,30.5212,35.6974,0.00153831,34.7178,44.9473,0.000479527,39.4086,56.5822,0.000149456,44.6796,71.2245,4.66214e-05,50.6209,89.6543,1.45419e-05,57.3297,112.852,4.54748e-06,64.9129,142.051,1.43857e-06,73.4897,178.803,4.36618e-07,83.1934,225.062,1.40153e-07,94.1745,283.286,4.96378e-08,106.602,356.568,1.05434e-07,120.669,448.799,-6.49244e-08,136.59,564.873,1.70148e-07,154.611,710.948,-5.34594e-08,175.008,894.767,1.63407e-07,198.097,1126.06,8.04804e-08,224.231,1417.07,1.14667e-07,253.813,1783.15,-1.71227e-07,287.297,2243.62,-2.88466e-07,325.198,2822.67,-4.33651e-07,368.098,3550.67,7.9318e-08,416.657,4465.65,3.13319e-07,471.621,5615.16,3.4613e-07,533.835,7058.61,-1.19199e-07,604.255,8870.02,-2.79964e-07,683.962,11141.4,-2.30521e-07,774.182,13986.7,-2.55099e-07,876.299,17546.4,1.23585e-07,991.883,21993.1,1.41192e-07,1122.71,27536.7,-9.71886e-08,1270.78,34430.7,-3.68368e-07,1438.38,42977.7,-3.45379e-07,1628.07,53532.7,-3.25328e-09,1842.77,66504.6,2.6362e-07,2085.77,82350.2,2.53445e-07,2360.79,101560,-2.47407e-08,2672.05,124632,-3.80602e-07,3024.31,152018,-4.79005e-07,3422.98,184060,-1.14379e-07,3874.15,220884,2.64297e-07,4384.72,262283,3.44131e-07,4962.49,307576,7.5349e-08,5616.29,355497,-3.63097e-07,6356.1,404126,-6.05442e-07,7193.18,450932,-2.72333e-07,8140.28,492963,2.29675e-07,9211.79,527178,4.3387e-07,10424,550893,-1.0711e-07,10.102,8.06553,2.81012,10.6436,8.57909,0.869423,11.5336,10.2515,0.270869,12.7211,12.7138,0.0844293,14.1823,15.9373,0.0263173,15.9122,20.0383,0.0082035,17.9198,25.2154,0.00255722,20.2244,31.7373,0.000797017,22.8539,39.9486,0.000248622,25.8438,50.2851,7.75492e-05,29.237,63.2963,2.42508e-05,33.0837,79.6738,7.67162e-06,37.4415,100.288,2.32837e-06,42.3767,126.236,7.33e-07,47.9646,158.896,2.79256e-07,54.2906,200.003,9.87351e-09,61.452,251.741,1.61085e-07,69.5585,316.859,-2.47141e-07,78.7347,398.812,8.93552e-08,89.1218,501.948,-2.53231e-07,100.879,631.736,-1.25047e-07,114.188,795.049,-1.78808e-07,129.252,1000.53,2.6733e-07,146.304,1259.03,4.50292e-07,165.605,1584.19,6.76904e-07,187.452,1993.12,-1.23808e-07,212.181,2507.27,-4.89068e-07,240.173,3153.54,-5.40284e-07,271.856,3965.56,1.86061e-07,307.719,4985.38,4.37004e-07,348.313,6265.4,3.59828e-07,394.26,7870.83,3.98192e-07,446.268,9882.51,-1.92908e-07,505.135,12400.3,-2.20392e-07,571.766,15546.9,1.51705e-07,647.184,19472.2,5.74996e-07,732.547,24357.4,5.39112e-07,829.167,30420,5.07815e-09,938.526,37916.3,-4.11492e-07,1062.3,47143.9,-3.9561e-07,1202.4,58439.2,3.86185e-08,1360.96,72169.3,5.94093e-07,1540.42,88715.8,7.47693e-07,1743.53,108445,1.78537e-07,1973.41,131665,-4.12549e-07,2233.57,158557,-5.37164e-07,2528,189103,-1.17615e-07,2861.2,222986,5.66769e-07,3238.27,259510,9.45053e-07,3664.97,297540,4.25093e-07,4147.81,335497,-3.58506e-07,4694.17,371444,-6.7724e-07,5312.37,403256,1.67192e-07,1.61744,3.89446,9.84394,3.28846,7.5504,12.774,5.07607,11.7187,13.6844,7.03202,16.8147,13.9681,9.20215,23.1769,14.0566,11.6301,31.1672,14.0841,14.3598,41.2186,14.0927,17.4376,53.8688,14.0954,20.9137,69.7915,14.0962,24.8432,89.8341,14.0965,29.2879,115.063,14.0966,34.3168,146.819,14.0966,40.0078,186.792,14.0966,46.4487,237.107,14.0966,53.7388,300.44,14.0966,61.9903,380.158,14.0966,71.3301,480.499,14.0966,81.902,606.796,14.0966,93.8685,765.761,14.0966,107.414,965.837,14.0966,122.746,1217.65,14.0966,140.101,1534.57,14.0966,159.745,1933.41,14.0966,181.981,2435.3,14.0966,207.15,3066.85,14.0966,235.64,3861.46,14.0966,267.889,4861.11,14.0966,304.391,6118.54,14.0966,345.709,7699.91,14.0966,392.478,9688.22,14.0966,445.417,12187.5,14.0966,505.339,15327.7,14.0966,573.165,19271.6,14.0966,649.938,24222,14.0966,736.839,30430.9,14.0966,835.202,38211.5,14.0966,946.539,47950.3,14.0966,1072.56,60122.8,14.0966,1215.21,75309.9,14.0966,1376.66,94216.2,14.0966,1559.41,117688,14.0966,1766.26,146729,14.0966,2000.39,182510,14.0966,2265.39,226372,14.0966,2565.33,279806,14.0966,2904.81,344416,14.0966,3289.05,421845,14.0966,3723.93,513667,14.0966,4216.13,621231,14.0966,4773.18,745478,14.0966,5403.64,886744,14.0966,6117.15,1.04457e+06,14.0966,6924.63,1.2176e+06,14.0966,11.7194,11.96,12.6541,13.9321,16.1295,13.6434,16.6097,21.9702,13.9553,19.7532,29.5285,14.0526,23.3844,39.1143,14.0829,27.5423,51.2054,14.0923,32.2796,66.434,14.0953,37.662,85.6061,14.0962,43.7675,109.74,14.0965,50.687,140.119,14.0966,58.5249,178.359,14.0966,67.4005,226.493,14.0966,77.4493,287.08,14.0966,88.8254,363.343,14.0966,101.703,459.336,14.0966,116.281,580.161,14.0966,132.782,732.241,14.0966,151.46,923.655,14.0966,172.603,1164.57,14.0966,196.535,1467.79,14.0966,223.625,1849.39,14.0966,254.288,2329.62,14.0966,288.997,2933.93,14.0966,328.285,3694.33,14.0966,372.755,4651.04,14.0966,423.092,5854.57,14.0966,480.07,7368.38,14.0966,544.564,9272.08,14.0966,617.566,11665.5,14.0966,700.197,14673.6,14.0966,793.729,18452.9,14.0966,899.599,23198.6,14.0966,1019.43,29154.1,14.0966,1155.07,36622.3,14.0966,1308.6,45977.9,14.0966,1482.39,57683.7,14.0966,1679.09,72307.8,14.0966,1901.73,90542.8,14.0966,2153.73,113226,14.0966,2438.97,141360,14.0966,2761.81,176127,14.0966,3127.22,218898,14.0966,3540.81,271226,14.0966,4008.92,334817,14.0966,4538.74,411470,14.0966,5138.38,502973,14.0966,5817.04,610948,14.0966,6585.12,736653,14.0966,7454.39,880741,14.0966,8438.15,1.04302e+06,14.0966,9551.45,1.22224e+06,14.0966,10811.3,1.41602e+06,14.0966,12237,1.62086e+06,14.0966,11.7194,11.96,12.6541,2.21263,4.16949,0.989383,2.67766,5.84076,0.311842,3.14343,7.55825,0.0972771,3.63127,9.58578,0.0303237,4.15787,12.0912,0.00945211,4.73731,15.2286,0.00294633,5.38238,19.1721,0.000918508,6.10553,24.134,0.000286163,6.91951,30.3791,8.92692e-05,7.83792,38.2397,2.78121e-05,8.87555,48.1338,8.65134e-06,10.0489,60.5876,2.7882e-06,11.3761,76.2629,8.29036e-07,12.8779,95.9927,2.4373e-07,14.5775,120.825,4.33068e-09,16.5012,152.08,1.75749e-07,18.6784,191.415,-1.86328e-07,21.1428,240.917,1.91829e-07,23.9322,303.213,-1.81475e-07,27.0895,381.602,7.0186e-08,30.6634,480.231,-2.86769e-08,34.7087,604.316,2.40784e-07,39.2876,760.401,9.87368e-08,44.4705,956.705,1.22263e-07,50.3371,1203.54,-4.31966e-07,56.9776,1513.81,-1.9705e-07,64.494,1903.69,-2.763e-08,73.0018,2393.4,3.9185e-07,82.6317,3008.13,1.35379e-07,93.5318,3779.25,-4.16351e-08,105.869,4745.7,2.06965e-08,119.834,5955.6,-3.18887e-07,135.641,7468.12,-1.48271e-08,153.531,9355.62,2.00739e-07,173.781,11705.8,2.28358e-07,196.701,14624.1,-1.93587e-08,222.642,18235,-2.88101e-07,252.003,22683.4,-2.24732e-07,285.234,28134,8.56806e-09,322.845,34767,2.34258e-07,365.413,42770.9,2.99668e-07,413.588,52327.9,8.28644e-08,468.111,63591.2,-3.07049e-07,529.814,76653.2,-3.1888e-07,599.642,91502.5,-6.72276e-08,678.662,107975,2.26339e-07,768.083,125705,3.69212e-07,869.267,144088,2.04077e-07,983.76,162277,-2.80509e-07,1113.3,179223,-4.22737e-07,1259.87,193777,-1.71951e-07,1425.68,204839,4.55555e-07,11.7194,11.96,12.6541,2.21263,4.16949,0.989383,2.67766,5.84076,0.311842,3.14343,7.55825,0.0972771,3.63127,9.58578,0.0303237,4.15787,12.0912,0.00945211,4.73731,15.2286,0.00294633,5.38238,19.1721,0.000918508,6.10553,24.134,0.000286163,6.91951,30.3791,8.92692e-05,7.83792,38.2397,2.78121e-05,8.87555,48.1338,8.65134e-06,10.0489,60.5876,2.7882e-06,11.3761,76.2629,8.29036e-07,12.8779,95.9927,2.4373e-07,14.5775,120.825,1e-08,16.5012,152.08,1.75749e-07,18.6784,191.415,1e-08,21.1428,240.917,1.91829e-07,23.9322,303.213,1e-08,27.0895,381.602,7.0186e-08,30.6634,480.231,1e-08,34.7087,604.316,2.40784e-07,39.2876,760.401,9.87368e-08,44.4705,956.705,1.22263e-07,50.3371,1203.54,1e-08,56.9776,1513.81,1e-08,64.494,1903.69,1e-08,73.0018,2393.4,3.9185e-07,82.6317,3008.13,1.35379e-07,93.5318,3779.25,1e-08,105.869,4745.7,2.06965e-08,119.834,5955.6,1e-08,135.641,7468.12,1e-08,153.531,9355.62,2.00739e-07,173.781,11705.8,2.28358e-07,196.701,14624.1,1e-08,222.642,18235,1e-08,252.003,22683.4,1e-08,285.234,28134,1e-08,322.845,34767,2.34258e-07,365.413,42770.9,2.99668e-07,413.588,52327.9,8.28644e-08,468.111,63591.2,1e-08,529.814,76653.2,1e-08,599.642,91502.5,1e-08,678.662,107975,2.26339e-07,768.083,125705,3.69212e-07,869.267,144088,2.04077e-07,983.76,162277,1e-08,1113.3,179223,1e-08,1259.87,193777,1e-08,1425.68,204839,4.55555e-07,6.2823,3.27286,2.43537,0.219672,6.18826,2.24117,0.56371,6.87772,2.63624,0.308279,10,11,13,0,8,0,2,9,2,3,9,0,6,6,0,2,12,0,7,14,0,6,14,0,4,12,0,4,34,0,8,50,0,18,63,0,16,77,0,11,53,0,12,145,0,12,89,0,8,93,0,27,131,0,12,247,0,30,346,0,11,296,0,33,581,0,45,768,0,27,837,0,42,1688,0,66,1391,0,84,3418,0,95,1781,0,40,1089,0,107,3214,0,152,5622,0,93,4000,0,89,6350,0,117,9871,0,194,13645,0,135,17683,0,152,12155,0,224,12694,0,347,32783,0,176,38816,0,159,28025,0,565,74100,0,237,29352,0,346,79458,0,531,73584,0,857,85636,0,1048,223459,0,766,84050,0,747,117331,0,971,267206,0,2576,273862,0,1309,274917,0,909,380459,0
-1.05176e+08,1,8.88811e-15,10,1023,0,1.05176e+08,0.528882,1.08665,0.389689,0.145397,0.379329,3.24381,0.161596,0.446195,1.77396,0.159177,1.15e+07,4.49998e+06,6.79999e+06,1.15e+07,4.49997e+06,6.79999e+06,1.15e+07,4.49996e+06,6.79999e+06,1.15e+07,4.49995e+06,6.79999e+06,1.14999e+07,4.49993e+06,6.79999e+06,1.14999e+07,4.49991e+06,6.79999e+06,1.14999e+07,4.49989e+06,6.79999e+06,1.14999e+07,4.49986e+06,6.79999e+06,1.14999e+07,4.49982e+06,6.79999e+06,1.14999e+07,4.49977e+06,6.79999e+06,1.14999e+07,4.49971e+06,6.79999e+06,1.14999e+07,4.49963e+06,6.79999e+06,1.14998e+07,4.49953e+06,6.79999e+06,1.14998e+07,4.49941e+06,6.79999e+06,1.14998e+07,4.49926e+06,6.79999e+06,1.14998e+07,4.49906e+06,6.79999e+06,1.14997e+07,4.49882e+06,6.79999e+06,1.14997e+07,4.49851e+06,6.79999e+06,1.14997e+07,4.49812e+06,6.79999e+06,1.14996e+07,4.49764e+06,6.79999e+06,1.14996e+07,4.49702e+06,6.79999e+06,1.14995e+07,4.49625e+06,6.79999e+06,1.14995e+07,4.49528e+06,6.79999e+06,1.14994e+07,4.49406e+06,6.79999e+06,1.14993e+07,4.49253e+06,6.79999e+06,1.14992e+07,4.49059e+06,6.79999e+06,1.14991e+07,4.48817e+06,6.79999e+06,1.1499e+07,4.48511e+06,6.79999e+06,1.14988e+07,4.48128e+06,6.79999e+06,1.14987e+07,4.47646e+06,6.79999e+06,1.14985e+07,4.47041e+06,6.79999e+06,1.14983e+07,4.46281e+06,6.79999e+06,1.14981e+07,4.4533e+06,6.79999e+06,1.14979e+07,4.44138e+06,6.79999e+06,1.14976e+07,4.42649e+06,6.79999e+06,1.14972e+07,4.40789e+06,6.79999e+06,1.14969e+07,4.38471e+06,6.79999e+06,1.14965e+07,4.35592e+06,6.79999e+06,1.1496e+07,4.32027e+06,6.79999e+06,1.14955e+07,4.27629e+06,6.79999e+06,1.14949e+07,4.22231e+06,6.79999e+06,1.14942e+07,4.15647e+06,6.79999e+06,1.14934e+07,4.07676e+06,6.79999e+06,1.14926e+07,3.98112e+06,6.79999e+06,1.14916e+07,3.86765e+06,6.79999e+06,1.14905e+07,3.73474e+06,6.79999e+06,1.14892e+07,3.58148e+06,6.79999e+06,1.14878e+07,3.40785e+06,6.79999e+06,1.14862e+07,3.21513e+06,6.79999e+06,1.14844e+07,3.00605e+06,6.79999e+06,1.14823e+07,2.7848e+06,6.79999e+06,1.148e+07,2.5568e+06,6.79999e+06,1.14773e+07,2.32825e+06,6.79999e+06,13.5742,8.52444,0.508366,16.8306,13.2585,0.162638,20.0035,17.569,0.0507846,23.2616,22.4214,0.0158319,26.7328,28.3297,0.00493498,30.5212,35.6974,0.00153831,34.7178,44.9473,0.000479527,39.4086,56.5822,0.000149456,44.6796,71.2245,4.66214e-05,50.6209,89.6543,1.45419e-05,57.3297,112.852,4.54748e-06,64.9129,142.051,1.43857e-06,73.4897,178.803,4.36618e-07,83.1934,225.062,1.40153e-07,94.1745,283.286,4.96378e-08,106.602,356.568,1.05434e-07,120.669,448.799,-6.49244e-08,136.59,564.873,1.70148e-07,154.611,710.948,-5.34594e-08,175.008,894.767,1.63407e-07,198.097,1126.06,8.04804e-08,224.231,1417.07,1.14667e-07,253.813,1783.15,-1.71227e-07,287.297,2243.62,-2.88466e-07,325.198,2822.67,-4.33651e-07,368.098,3550.67,7.9318e-08,416.657,4465.65,3.13319e-07,471.621,5615.16,3.4613e-07,533.835,7058.61,-1.19199e-07,604.255,8870.02,-2.79964e-07,683.962,11141.4,-2.30521e-07,774.182,13986.7,-2.55099e-07,876.299,17546.4,1.23585e-07,991.883,21993.1,1.41192e-07,1122.71,27536.7,-9.71886e-08,1270.78,34430.7,-3.68368e-07,1438.38,42977.7,-3.45379e-07,1628.07,53532.7,-3.25328e-09,1842.77,66504.6,2.6362e-07,2085.77,82350.2,2.53445e-07,2360.79,101560,-2.47407e-08,2672.05,124632,-3.80602e-07,3024.31,152018,-4.79005e-07,3422.98,184060,-1.14379e-07,3874.15,220884,2.64297e-07,4384.72,262283,3.44131e-07,4962.49,307576,7.5349e-08,5616.29,355497,-3.63097e-07,6356.1,404126,-6.05442e-07,7193.18,450932,-2.72333e-07,8140.28,492963,2.29675e-07,9211.79,527178,4.3387e-07,10424,550893,-1.0711e-07,10.102,8.06553,2.81012,10.6436,8.57909,0.869423,11.5336,10.2515,0.270869,12.7211,12.7138,0.0844293,14.1823,15.9373,0.0263173,15.9122,20.0383,0.0082035,17.9198,25.2154,0.00255722,20.2244,31.7373,0.000797017,22.8539,39.9486,0.000248622,25.8438,50.2851,7.75492e-05,29.237,63.2963,2.42508e-05,33.0837,79.6738,7.67162e-06,37.4415,100.288,2.32837e-06,42.3767,126.236,7.33e-07,47.9646,158.896,2.79256e-07,54.2906,200.003,9.87351e-09,61.452,251.741,1.61085e-07,69.5585,316.859,-2.47141e-07,78.7347,398.812,8.93552e-08,89.1218,501.948,-2.53231e-07,100.879,631.736,-1.25047e-07,114.188,795.049,-1.78808e-07,129.252,1000.53,2.6733e-07,146.304,1259.03,4.50292e-07,165.605,1584.19,6.76904e-07,187.452,1993.12,-1.23808e-07,212.181,2507.27,-4.89068e-07,240.173,3153.54,-5.40284e-07,271.856,3965.56,1.86061e-07,307.719,4985.38,4.37004e-07,348.313,6265.4,3.59828e-07,394.26,7870.83,3.98192e-07,446.268,9882.51,-1.92908e-07,505.135,12400.3,-2.20392e-07,571.766,15546.9,1.51705e-07,647.184,19472.2,5.74996e-07,732.547,24357.4,5.39112e-07,829.167,30420,5.07815e-09,938.526,37916.3,-4.11492e-07,1062.3,47143.9,-3.9561e-07,1202.4,58439.2,3.86185e-08,1360.96,72169.3,5.94093e-07,1540.42,88715.8,7.47693e-07,1743.53,108445,1.78537e-07,1973.41,131665,-4.12549e-07,2233.57,158557,-5.37164e-07,2528,189103,-1.17615e-07,2861.2,222986,5.66769e-07,3238.27,259510,9.45053e-07,3664.97,297540,4.25093e-07,4147.81,335497,-3.58506e-07,4694.17,371444,-6.7724e-07,5312.37,403256,1.67192e-07,1.61744,3.89446,9.84394,3.28846,7.5504,12.774,5.07607,11.7187,13.6844,7.03202,16.8147,13.9681,9.20215,23.1769,14.0566,11.6301,31.1672,14.0841,14.3598,41.2186,14.0927,17.4376,53.8688,14.0954,20.9137,69.7915,14.0962,24.8432,89.8341,14.0965,29.2879,115.063,14.0966,34.3168,146.819,14.0966,40.0078,186.792,14.0966,46.4487,237.107,14.0966,53.7388,300.44,14.0966,61.9903,380.158,14.0966,71.3301,480.499,14.0966,81.902,606.796,14.0966,93.8685,765.761,14.0966,107.414,965.837,14.0966,122.746,1217.65,14.0966,140.101,1534.57,14.0966,159.745,1933.41,14.0966,181.981,2435.3,14.0966,207.15,3066.85,14.0966,235.64,3861.46,14.0966,267.889,4861.11,14.0966,304.391,6118.54,14.0966,345.709,7699.91,14.0966,392.478,9688.22,14.0966,445.417,12187.5,14.0966,505.339,15327.7,14.0966,573.165,19271.6,14.0966,649.938,24222,14.0966,736.839,30430.9,14.0966,835.202,38211.5,14.0966,946.539,47950.3,14.0966,1072.56,60122.8,14.0966,1215.21,75309.9,14.0966,1376.66,94216.2,14.0966,1559.41,117688,14.0966,1766.26,146729,14.0966,2000.39,182510,14.0966,2265.39,226372,14.0966,2565.33,279806,14.0966,2904.81,344416,14.0966,3289.05,421845,14.0966,3723.93,513667,14.0966,4216.13,621231,14.0966,4773.18,745478,14.0966,5403.64,886744,14.0966,6117.15,1.04457e+06,14.0966,6924.63,1.2176e+06,14.0966,11.7194,11.96,12.6541,13.9321,16.1295,13.6434,16.6097,21.9702,13.9553,19.7532,29.5285,14.0526,23.3844,39.1143,14.0829,27.5423,51.2054,14.0923,32.2796,66.434,14.0953,37.662,85.6061,14.0962,43.7675,109.74,14.0965,50.687,140.119,14.0966,58.5249,178.359,14.0966,67.4005,226.493,14.0966,77.4493,287.08,14.0966,88.8254,363.343,14.0966,101.703,459.336,14.0966,116.281,580.161,14.0966,132.782,732.241,14.0966,151.46,923.655,14.0966,172.603,1164.57,14.0966,196.535,1467.79,14.0966,223.625,1849.39,14.0966,254.288,2329.62,14.0966,288.997,2933.93,14.0966,328.285,3694.33,14.0966,372.755,4651.04,14.0966,423.092,5854.57,14.0966,480.07,7368.38,14.0966,544.564,9272.08,14.0966,617.566,11665.5,14.0966,700.197,14673.6,14.0966,793.729,18452.9,14.0966,899.599,23198.6,14.0966,1019.43,29154.1,14.0966,1155.07,36622.3,14.0966,1308.6,45977.9,14.0966,1482.39,57683.7,14.0966,1679.09,72307.8,14.0966,1901.73,90542.8,14.0966,2153.73,113226,14.0966,2438.97,141360,14.0966,2761.81,176127,14.0966,3127.22,218898,14.0966,3540.81,271226,14.0966,4008.92,334817,14.0966,4538.74,411470,14.0966,5138.38,502973,14.0966,5817.04,610948,14.0966,6585.12,736653,14.0966,7454.39,880741,14.0966,8438.15,1.04302e+06,14.0966,9551.45,1.22224e+06,14.0966,10811.3,1.41602e+06,14.0966,12237,1.62086e+06,14.0966,11.7194,11.96,12.6541,2.21263,4.16949,0.989383,2.67766,5.84076,0.311842,3.14343,7.55825,0.0972771,3.63127,9.58578,0.0303237,4.15787,12.0912,0.00945211,4.73731,15.2286,0.00294633,5.38238,19.1721,0.000918508,6.10553,24.134,0.000286163,6.91951,30.3791,8.92692e-05,7.83792,38.2397,2.78121e-05,8.87555,48.1338,8.65134e-06,10.0489,60.5876,2.7882e-06,11.3761,76.2629,8.29036e-07,12.8779,95.9927,2.4373e-07,14.5775,120.825,4.33068e-09,16.5012,152.08,1.75749e-07,18.6784,191.415,-1.86328e-07,21.1428,240.917,1.91829e-07,23.9322,303.213,-1.81475e-07,27.0895,381.602,7.0186e-08,30.6634,480.231,-2.86769e-08,34.7087,604.316,2.40784e-07,39.2876,760.401,9.87368e-08,44.4705,956.705,1.22263e-07,50.3371,1203.54,-4.31966e-07,56.9776,1513.81,-1.9705e-07,64.494,1903.69,-2.763e-08,73.0018,2393.4,3.9185e-07,82.6317,3008.13,1.35379e-07,93.5318,3779.25,-4.16351e-08,105.869,4745.7,2.06965e-08,119.834,5955.6,-3.18887e-07,135.641,7468.12,-1.48271e-08,153.531,9355.62,2.00739e-07,173.781,11705.8,2.28358e-07,196.701,14624.1,-1.93587e-08,222.642,18235,-2.88101e-07,252.003,22683.4,-2.24732e-07,285.234,28134,8.56806e-09,322.845,34767,2.34258e-07,365.413,42770.9,2.99668e-07,413.588,52327.9,8.28644e-08,468.111,63591.2,-3.07049e-07,529.814,76653.2,-3.1888e-07,599.642,91502.5,-6.72276e-08,678.662,107975,2.26339e-07,768.083,125705,3.69212e-07,869.267,144088,2.04077e-07,983.76,162277,-2.80509e-07,1113.3,179223,-4.22737e-07,1259.87,193777,-1.71951e-07,1425.68,204839,4.55555e-07,11.7194,11.96,12.6541,2.21263,4.16949,0.989383,2.67766,5.84076,0.311842,3.14343,7.55825,0.0972771,3.63127,9.58578,0.0303237,4.15787,12.0912,0.00945211,4.73731,15.2286,0.00294633,5.38238,19.1721,0.000918508,6.10553,24.134,0.000286163,6.91951,30.3791,8.92692e-05,7.83792,38.2397,2.78121e-05,8.87555,48.1338,8.65134e-06,10.0489,60.5876,2.7882e-06,11.3761,76.2629,8.29036e-07,12.8779,95.9927,2.4373e-07,14.5775,120.825,1e-08,16.5012,152.08,1.75749e-07,18.6784,191.415,1e-08,21.1428,240.917,1.91829e-07,23.9322,303.213,1e-08,27.0895,381.602,7.0186e-08,30.6634,480.231,1e-08,34.7087,604.316,2.40784e-07,39.2876,760.401,9.87368e-08,44.4705,956.705,1.22263e-07,50.3371,1203.54,1e-08,56.9776,1513.81,1e-08,64.494,1903.69,1e-08,73.0018,2393.4,3.9185e-07,82.6317,3008.13,1.35379e-07,93.5318,3779.25,1e-08,105.869,4745.7,2.06965e-08,119.834,5955.6,1e-08,135.641,7468.12,1e-08,153.531,9355.62,2.00739e-07,173.781,11705.8,2.28358e-07,196.701,14624.1,1e-08,222.642,18235,1e-08,252.003,22683.4,1e-08,285.234,28134,1e-08,322.845,34767,2.34258e-07,365.413,42770.9,2.99668e-07,413.588,52327.9,8.28644e-08,468.111,63591.2,1e-08,529.814,76653.2,1e-08,599.642,91502.5,1e-08,678.662,107975,2.26339e-07,768.083,125705,3.69212e-07,869.267,144088,2.04077e-07,983.76,162277,1e-08,1113.3,179223,1e-08,1259.87,193777,1e-08,1425.68,204839,4.55555e-07,6.2823,3.27286,2.43537,0.219672,6.18826,2.24117,0.56371,6.87772,2.63624,0.308279,6,16,11,6,1,2,2,8,0,3,9,0,1,8,0,2,15,0,2,15,0,3,29,0,2,22,0,4,41,0,13,47,0,10,47,0,9,21,0,4,74,0,7,85,0,24,66,0,19,311,0,36,100,0,22,180,0,23,398,0,19,399,0,17,439,0,18,674,0,36,968,0,27,953,0,83,924,0,29,1222,0,52,1807,0,44,1858,0,104,2790,0,94,4277,0,61,5765,0,115,8156,0,92,3306,0,172,11419,0,225,12845,0,175,7061,0,223,23028,0,210,26674,0,148,16528,0,301,18280,0,313,48704,0,316,33562,0,639,123451,0,626,132400,0,712,64594,0,712,80154,0,632,259259,0,919,137416,0,705,166329,0,1452,160553,0,1093,330002,0,825,85561,0
-1.05176e+08,1,8.88811e-15,10,1023,0,1.05176e+08,0.528882,1.08665,0.389689,0.145397,0.379329,3.24381,0.161596,0.446195,1.77396,0.159177,1.15e+07,4.49998e+06,6.79999e+06,1.15e+07,4.49997e+06,6.79999e+06,1.15e+07,4.49996e+06,6.79999e+06,1.15e+07,4.49995e+06,6.79999e+06,1.14999e+07,4.49993e+06,6.79999e+06,1.14999e+07,4.49991e+06,6.79999e+06,1.14999e+07,4.49989e+06,6.79999e+06,1.14999e+07,4.49986e+06,6.79999e+06,1.14999e+07,4.49982e+06,6.79999e+06,1.14999e+07,4.49977e+06,6.79999e+06,1.14999e+07,4.49971e+06,6.79999e+06,1.14999e+07,4.49963e+06,6.79999e+06,1.14998e+07,4.49953e+06,6.79999e+06,1.14998e+07,4.49941e+06,6.79999e+06,1.14998e+07,4.49926e+06,6.79999e+06,1.14998e+07,4.49906e+06,6.79999e+06,1.14997e+07,4.49882e+06,6.79999e+06,1.14997e+07,4.49851e+06,6.79999e+06,1.14997e+07,4.49812e+06,6.79999e+06,1.14996e+07,4.49764e+06,6.79999e+06,1.14996e+07,4.49702e+06,6.79999e+06,1.14995e+07,4.49625e+06,6.79999e+06,1.14995e+07,4.49528e+06,6.79999e+06,1.14994e+07,4.49406e+06,6.79999e+06,1.14993e+07,4.49253e+06,6.79999e+06,1.14992e+07,4.49059e+06,6.79999e+06,1.14991e+07,4.48817e+06,6.79999e+06,1.1499e+07,4.48511e+06,6.79999e+06,1.14988e+07,4.48128e+06,6.79999e+06,1.14987e+07,4.47646e+06,6.79999e+06,1.14985e+07,4.47041e+06,6.79999e+06,1.14983e+07,4.46281e+06,6.79999e+06,1.14981e+07,4.4533e+06,6.79999e+06,1.14979e+07,4.44138e+06,6.79999e+06,1.14976e+07,4.42649e+06,6.79999e+06,1.14972e+07,4.40789e+06,6.79999e+06,1.14969e+07,4.38471e+06,6.79999e+06,1.14965e+07,4.35592e+06,6.79999e+06,1.1496e+07,4.32027e+06,6.79999e+06,1.14955e+07,4.27629e+06,6.79999e+06,1.14949e+07,4.22231e+06,6.79999e+06,1.14942e+07,4.15647e+06,6.79999e+06,1.14934e+07,4.07676e+06,6.79999e+06,1.14926e+07,3.98112e+06,6.79999e+06,1.14916e+07,3.86765e+06,6.79999e+06,1.14905e+07,3.73474e+06,6.79999e+06,1.14892e+07,3.58148e+06,6.79999e+06,1.14878e+07,3.40785e+06,6.79999e+06,1.14862e+07,3.21513e+06,6.79999e+06,1.14844e+07,3.00605e+06,6.79999e+06,1.14823e+07,2.7848e+06,6.79999e+06,1.148e+07,2.5568e+06,6.79999e+06,1.14773e+07,2.32825e+06,6.79999e+06,13.5742,8.52444,0.508366,16.8306,13.2585,0.162638,20.0035,17.569,0.0507846,23.2616,22.4214,0.0158319,26.7328,28.3297,0.00493498,30.5212,35.6974,0.00153831,34.7178,44.9473,0.000479527,39.4086,56.5822,0.000149456,44.6796,71.2245,4.66214e-05,50.6209,89.6543,1.45419e-05,57.3297,112.852,4.54748e-06,64.9129,142.051,1.43857e-06,73.4897,178.803,4.36618e-07,83.1934,225.062,1.40153e-07,94.1745,283.286,4.96378e-08,106.602,356.568,1.05434e-07,120.669,448.799,-6.49244e-08,136.59,564.873,1.70148e-07,154.611,710.948,-5.34594e-08,175.008,894.767,1.63407e-07,198.097,1126.06,8.04804e-08,224.231,1417.07,1.14667e-07,253.813,1783.15,-1.71227e-07,287.297,2243.62,-2.88466e-07,325.198,2822.67,-4.33651e-07,368.098,3550.67,7.9318e-08,416.657,4465.65,3.13319e-07,471.621,5615.16,3.4613e-07,533.835,7058.61,-1.19199e-07,604.255,8870.02,-2.79964e-07,683.962,11141.4,-2.30521e-07,774.182,13986.7,-2.55099e-07,876.299,17546.4,1.23585e-07,991.883,21993.1,1.41192e-07,1122.71,27536.7,-9.71886e-08,1270.78,34430.7,-3.68368e-07,1438.38,42977.7,-3.45379e-07,1628.07,53532.7,-3.25328e-09,1842.77,66504.6,2.6362e-07,2085.77,82350.2,2.53445e-07,2360.79,101560,-2.47407e-08,2672.05,124632,-3.80602e-07,3024.31,152018,-4.79005e-07,3422.98,184060,-1.14379e-07,3874.15,220884,2.64297e-07,4384.72,262283,3.44131e-07,4962.49,307576,7.5349e-08,5616.29,355497,-3.63097e-07,6356.1,404126,-6.05442e-07,7193.18,450932,-2.72333e-07,8140.28,492963,2.29675e-07,9211.79,527178,4.3387e-07,10424,550893,-1.0711e-07,10.102,8.06553,2.81012,10.6436,8.57909,0.869423,11.5336,10.2515,0.270869,12.7211,12.7138,0.0844293,14.1823,15.9373,0.0263173,15.9122,20.0383,0.0082035,17.9198,25.2154,0.00255722,20.2244,31.7373,0.000797017,22.8539,39.9486,0.000248622,25.8438,50.2851,7.75492e-05,29.237,63.2963,2.42508e-05,33.0837,79.6738,7.67162e-06,37.4415,100.288,2.32837e-06,42.3767,126.236,7.33e-07,47.9646,158.896,2.79256e-07,54.2906,200.003,9.87351e-09,61.452,251.741,1.61085e-07,69.5585,316.859,-2.47141e-07,78.7347,398.812,8.93552e-08,89.1218,501.948,-2.53231e-07,100.879,631.736,-1.25047e-07,114.188,795.049,-1.78808e-07,129.252,1000.53,2.6733e-07,146.304,1259.03,4.50292e-07,165.605,1584.19,6.76904e-07,187.452,1993.12,-1.23808e-07,212.181,2507.27,-4.89068e-07,240.173,3153.54,-5.40284e-07,271.856,3965.56,1.86061e-07,307.719,4985.38,4.37004e-07,348.313,6265.4,3.59828e-07,394.26,7870.83,3.98192e-07,446.268,9882.51,-1.92908e-07,505.135,12400.3,-2.20392e-07,571.766,15546.9,1.51705e-07,647.184,19472.2,5.74996e-07,732.547,24357.4,5.39112e-07,829.167,30420,5.07815e-09,938.526,37916.3,-4.11492e-07,1062.3,47143.9,-3.9561e-07,1202.4,58439.2,3.86185e-08,1360.96,72169.3,5.94093e-07,1540.42,88715.8,7.47693e-07,1743.53,108445,1.78537e-07,1973.41,131665,-4.12549e-07,2233.57,158557,-5.37164e-07,2528,189103,-1.17615e-07,2861.2,222986,5.66769e-07,3238.27,259510,9.45053e-07,3664.97,297540,4.25093e-07,4147.81,335497,-3.58506e-07,4694.17,371444,-6.7724e-07,5312.37,403256,1.67192e-07,1.61744,3.89446,9.84394,3.28846,7.5504,12.774,5.07607,11.7187,13.6844,7.03202,16.8147,13.9681,9.20215,23.1769,14.0566,11.6301,31.1672,14.0841,14.3598,41.2186,14.0927,17.4376,53.8688,14.0954,20.9137,69.7915,14.0962,24.8432,89.8341,14.0965,29.2879,115.063,14.0966,34.3168,146.819,14.0966,40.0078,186.792,14.0966,46.4487,237.107,14.0966,53.7388,300.44,14.0966,61.9903,380.158,14.0966,71.3301,480.499,14.0966,81.902,606.796,14.0966,93.8685,765.761,14.0966,107.414,965.837,14.0966,122.746,1217.65,14.0966,140.101,1534.57,14.0966,159.745,1933.41,14.0966,181.981,2435.3,14.0966,207.15,3066.85,14.0966,235.64,3861.46,14.0966,267.889,4861.11,14.0966,304.391,6118.54,14.0966,345.709,7699.91,14.0966,392.478,9688.22,14.0966,445.417,12187.5,14.0966,505.339,15327.7,14.0966,573.165,19271.6,14.0966,649.938,24222,14.0966,736.839,30430.9,14.0966,835.202,38211.5,14.0966,946.539,47950.3,14.0966,1072.56,60122.8,14.0966,1215.21,75309.9,14.0966,1376.66,94216.2,14.0966,1559.41,117688,14.0966,1766.26,146729,14.0966,2000.39,182510,14.0966,2265.39,226372,14.0966,2565.33,279806,14.0966,2904.81,344416,14.0966,3289.05,421845,14.0966,3723.93,513667,14.0966,4216.13,621231,14.0966,4773.18,745478,14.0966,5403.64,886744,14.0966,6117.15,1.04457e+06,14.0966,6924.63,1.2176e+06,14.0966,11.7194,11.96,12.6541,13.9321,16.1295,13.6434,16.6097,21.9702,13.9553,19.7532,29.5285,14.0526,23.3844,39.1143,14.0829,27.5423,51.2054,14.0923,32.2796,66.434,14.0953,37.662,85.6061,14.0962,43.7675,109.74,14.0965,50.687,140.119,14.0966,58.5249,178.359,14.0966,67.4005,226.493,14.0966,77.4493,287.08,14.0966,88.8254,363.343,14.0966,101.703,459.336,14.0966,116.281,580.161,14.0966,132.782,732.241,14.0966,151.46,923.655,14.0966,172.603,1164.57,14.0966,196.535,1467.79,14.0966,223.625,1849.39,14.0966,254.288,2329.62,14.0966,288.997,2933.93,14.0966,328.285,3694.33,14.0966,372.755,4651.04,14.0966,423.092,5854.57,14.0966,480.07,7368.38,14.0966,544.564,9272.08,14.0966,617.566,11665.5,14.0966,700.197,14673.6,14.0966,793.729,18452.9,14.0966,899.599,23198.6,14.0966,1019.43,29154.1,14.0966,1155.07,36622.3,14.0966,1308.6,45977.9,14.0966,1482.39,57683.7,14.0966,1679.09,72307.8,14.0966,1901.73,90542.8,14.0966,2153.73,113226,14.0966,2438.97,141360,14.0966,2761.81,176127,14.0966,3127.22,218898,14.0966,3540.81,271226,14.0966,4008.92,334817,14.0966,4538.74,411470,14.0966,5138.38,502973,14.0966,5817.04,610948,14.0966,6585.12,736653,14.0966,7454.39,880741,14.0966,8438.15,1.04302e+06,14.0966,9551.45,1.22224e+06,14.0966,10811.3,1.41602e+06,14.0966,12237,1.62086e+06,14.0966,11.7194,11.96,12.6541,2.21263,4.16949,0.989383,2.67766,5.84076,0.311842,3.14343,7.55825,0.0972771,3.63127,9.58578,0.0303237,4.15787,12.0912,0.00945211,4.73731,15.2286,0.00294633,5.38238,19.1721,0.000918508,6.10553,24.134,0.000286163,6.91951,30.3791,8.92692e-05,7.83792,38.2397,2.78121e-05,8.87555,48.1338,8.65134e-06,10.0489,60.5876,2.7882e-06,11.3761,76.2629,8.29036e-07,12.8779,95.9927,2.4373e-07,14.5775,120.825,4.33068e-09,16.5012,152.08,1.75749e-07,18.6784,191.415,-1.86328e-07,21.1428,240.917,1.91829e-07,23.9322,303.213,-1.81475e-07,27.0895,381.602,7.0186e-08,30.6634,480.231,-2.86769e-08,34.7087,604.316,2.40784e-07,39.2876,760.401,9.87368e-08,44.4705,956.705,1.22263e-07,50.3371,1203.54,-4.31966e-07,56.9776,1513.81,-1.9705e-07,64.494,1903.69,-2.763e-08,73.0018,2393.4,3.9185e-07,82.6317,3008.13,1.35379e-07,93.5318,3779.25,-4.16351e-08,105.869,4745.7,2.06965e-08,119.834,5955.6,-3.18887e-07,135.641,7468.12,-1.48271e-08,153.531,9355.62,2.00739e-07,173.781,11705.8,2.28358e-07,196.701,14624.1,-1.93587e-08,222.642,18235,-2.88101e-07,252.003,22683.4,-2.24732e-07,285.234,28134,8.56806e-09,322.845,34767,2.34258e-07,365.413,42770.9,2.99668e-07,413.588,52327.9,8.28644e-08,468.111,63591.2,-3.07049e-07,529.814,76653.2,-3.1888e-07,599.642,91502.5,-6.72276e-08,678.662,107975,2.26339e-07,768.083,125705,3.69212e-07,869.267,144088,2.04077e-07,983.76,162277,-2.80509e-07,1113.3,179223,-4.22737e-07,1259.87,193777,-1.71951e-07,1425.68,204839,4.55555e-07,11.7194,11.96,12.6541,2.21263,4.16949,0.989383,2.67766,5.84076,0.311842,3.14343,7.55825,0.0972771,3.63127,9.58578,0.0303237,4.15787,12.0912,0.00945211,4.73731,15.2286,0.00294633,5.38238,19.1721,0.000918508,6.10553,24.134,0.000286163,6.91951,30.3791,8.92692e-05,7.83792,38.2397,2.78121e-05,8.87555,48.1338,8.65134e-06,10.0489,60.5876,2.7882e-06,11.3761,76.2629,8.29036e-07,12.8779,95.9927,2.4373e-07,14.5775,120.825,1e-08,16.5012,152.08,1.75749e-07,18.6784,191.415,1e-08,21.1428,240.917,1.91829e-07,23.9322,303.213,1e-08,27.0895,381.602,7.0186e-08,30.6634,480.231,1e-08,34.7087,604.316,2.40784e-07,39.2876,760.401,9.87368e-08,44.4705,956.705,1.22263e-07,50.3371,1203.54,1e-08,56.9776,1513.81,1e-08,64.494,1903.69,1e-08,73.0018,2393.4,3.9185e-07,82.6317,3008.13,1.35379e-07,93.5318,3779.25,1e-08,105.869,4745.7,2.06965e-08,119.834,5955.6,1e-08,135.641,7468.12,1e-08,153.531,9355.62,2.00739e-07,173.781,11705.8,2.28358e-07,196.701,14624.1,1e-08,222.642,18235,1e-08,252.003,22683.4,1e-08,285.234,28134,1e-08,322.845,34767,2.34258e-07,365.413,42770.9,2.99668e-07,413.588,52327.9,8.28644e-08,468.111,63591.2,1e-08,529.814,76653.2,1e-08,599.642,91502.5,1e-08,678.662,107975,2.26339e-07,768.083,125705,3.69212e-07,869.267,144088,2.04077e-07,983.76,162277,1e-08,1113.3,179223,1e-08,1259.87,193777,1e-08,1425.68,204839,4.55555e-07,6.2823,3.27286,2.43537,0.219672,6.18826,2.24117,0.56371,6.87772,2.63624,0.308279,15,7,23,1,1,2,2,7,0,7,11,0,7,10,0,1,8,0,5,16,0,3,12,0,9,19,0,14,10,0,5,38,0,7,99,0,9,59,0,9,94,0,25,130,0,8,62,0,14,100,0,14,84,0,14,248,0,28,198,0,26,590,0,21,471,0,27,1230,0,55,345,0,60,905,0,38,1041,0,61,1899,0,23,3887,0,88,3146,0,33,5393,0,72,5536,0,99,7416,0,108,4832,0,76,6523,0,110,8962,0,57,11688,0,148,23223,0,133,9923,0,391,29801,0,297,26654,0,243,27289,0,479,64329,0,332,39862,0,216,113732,0,378,41522,0,470,83094,0,858,83918,0,1119,124016,0,871,152669,0,1005,124571,0,718,160040,0,1186,188419,0,1225,136481,0
-1.05176e+08,1,8.88811e-15,10,1023,0,1.05176e+08,0.528882,1.08665,0.389689,0.145397,0.379329,3.24381,0.161596,0.446195,1.77396,0.159177,1.15e+07,4.49998e+06,6.79999e+06,1.15e+07,4.49997e+06,6.79999e+06,1.15e+07,4.49996e+06,6.79999e+06,1.15e+07,4.49995e+06,6.79999e+06,1.14999e+07,4.49993e+06,6.79999e+06,1.14999e+07,4.49991e+06,6.79999e+06,1.14999e+07,4.49989e+06,6.79999e+06,1.14999e+07,4.49986e+06,6.79999e+06,1.14999e+07,4.49982e+06,6.79999e+06,1.14999e+07,4.49977e+06,6.79999e+06,1.14999e+07,4.49971e+06,6.79999e+06,1.14999e+07,4.49963e+06,6.79999e+06,1.14998e+07,4.49953e+06,6.79999e+06,1.14998e+07,4.49941e+06,6.79999e+06,1.14998e+07,4.49926e+06,6.79999e+06,1.14998e+07,4.49906e+06,6.79999e+06,1.14997e+07,4.49882e+06,6.79999e+06,1.14997e+07,4.49851e+06,6.79999e+06,1.14997e+07,4.49812e+06,6.79999e+06,1.14996e+07,4.49764e+06,6.79999e+06,1.14996e+07,4.49702e+06,6.79999e+06,1.14995e+07,4.49625e+06,6.79999e+06,1.14995e+07,4.49528e+06,6.79999e+06,1.14994e+07,4.49406e+06,6.79999e+06,1.14993e+07,4.49253e+06,6.79999e+06,1.14992e+07,4.49059e+06,6.79999e+06,1.14991e+07,4.48817e+06,6.79999e+06,1.1499e+07,4.48511e+06,6.79999e+06,1.14988e+07,4.48128e+06,6.79999e+06,1.14987e+07,4.47646e+06,6.79999e+06,1.14985e+07,4.47041e+06,6.79999e+06,1.14983e+07,4.46281e+06,6.79999e+06,1.14981e+07,4.4533e+06,6.79999e+06,1.14979e+07,4.44138e+06,6.79999e+06,1.14976e+07,4.42649e+06,6.79999e+06,1.14972e+07,4.40789e+06,6.79999e+06,1.14969e+07,4.38471e+06,6.79999e+06,1.14965e+07,4.35592e+06,6.79999e+06,1.1496e+07,4.32027e+06,6.79999e+06,1.14955e+07,4.27629e+06,6.79999e+06,1.14949e+07,4.22231e+06,6.79999e+06,1.14942e+07,4.15647e+06,6.79999e+06,1.14934e+07,4.07676e+06,6.79999e+06,1.14926e+07,3.98112e+06,6.79999e+06,1.14916e+07,3.86765e+06,6.79999e+06,1.14905e+07,3.73474e+06,6.79999e+06,1.14892e+07,3.58148e+06,6.79999e+06,1.14878e+07,3.40785e+06,6.79999e+06,1.14862e+07,3.21513e+06,6.79999e+06,1.14844e+07,3.00605e+06,6.79999e+06,1.14823e+07,2.7848e+06,6.79999e+06,1.148e+07,2.5568e+06,6.79999e+06,1.14773e+07,2.32825e+06,6.79999e+06,13.5742,8.52444,0.508366,16.8306,13.2585,0.162638,20.0035,17.569,0.0507846,23.2616,22.4214,0.0158319,26.7328,28.3297,0.00493498,30.5212,35.6974,0.00153831,34.7178,44.9473,0.000479527,39.4086,56.5822,0.000149456,44.6796,71.2245,4.66214e-05,50.6209,89.6543,1.45419e-05,57.3297,112.852,4.54748e-06,64.9129,142.051,1.43857e-06,73.4897,178.803,4.36618e-07,83.1934,225.062,1.40153e-07,94.1745,283.286,4.96378e-08,106.602,356.568,1.05434e-07,120.669,448.799,-6.49244e-08,136.59,564.873,1.70148e-07,154.611,710.948,-5.34594e-08,175.008,894.767,1.63407e-07,198.097,1126.06,8.04804e-08,224.231,1417.07,1.14667e-07,253.813,1783.15,-1.71227e-07,287.297,2243.62,-2.88466e-07,325.198,2822.67,-4.33651e-07,368.098,3550.67,7.9318e-08,416.657,4465.65,3.13319e-07,471.621,5615.16,3.4613e-07,533.835,7058.61,-1.19199e-07,604.255,8870.02,-2.79964e-07,683.962,11141.4,-2.30521e-07,774.182,13986.7,-2.55099e-07,876.299,17546.4,1.23585e-07,991.883,21993.1,1.41192e-07,1122.71,27536.7,-9.71886e-08,1270.78,34430.7,-3.68368e-07,1438.38,42977.7,-3.45379e-07,1628.07,53532.7,-3.25328e-09,1842.77,66504.6,2.6362e-07,2085.77,82350.2,2.53445e-07,2360.79,101560,-2.47407e-08,2672.05,124632,-3.80602e-07,3024.31,152018,-4.79005e-07,3422.98,184060,-1.14379e-07,3874.15,220884,2.64297e-07,4384.72,262283,3.44131e-07,4962.49,307576,7.5349e-08,5616.29,355497,-3.63097e-07,6356.1,404126,-6.05442e-07,7193.18,450932,-2.72333e-07,8140.28,492963,2.29675e-07,9211.79,527178,4.3387e-07,10424,550893,-1.0711e-07,10.102,8.06553,2.81012,10.6436,8.57909,0.869423,11.5336,10.2515,0.270869,12.7211,12.7138,0.0844293,14.1823,15.9373,0.0263173,15.9122,20.0383,0.0082035,17.9198,25.2154,0.00255722,20.2244,31.7373,0.000797017,22.8539,39.9486,0.000248622,25.8438,50.2851,7.75492e-05,29.237,63.2963,2.42508e-05,33.0837,79.6738,7.67162e-06,37.4415,100.288,2.32837e-06,42.3767,126.236,7.33e-07,47.9646,158.896,2.79256e-07,54.2906,200.003,9.87351e-09,61.452,251.741,1.61085e-07,69.5585,316.859,-2.47141e-07,78.7347,398.812,8.93552e-08,89.1218,501.948,-2.53231e-07,100.879,631.736,-1.25047e-07,114.188,795.049,-1.78808e-07,129.252,1000.53,2.6733e-07,146.304,1259.03,4.50292e-07,165.605,1584.19,6.76904e-07,187.452,1993.12,-1.23808e-07,212.181,2507.27,-4.89068e-07,240.173,3153.54,-5.40284e-07,271.856,3965.56,1.86061e-07,307.719,4985.38,4.37004e-07,348.313,6265.4,3.59828e-07,394.26,7870.83,3.98192e-07,446.268,9882.51,-1.92908e-07,505.135,12400.3,-2.20392e-07,571.766,15546.9,1.51705e-07,647.184,19472.2,5.74996e-07,732.547,24357.4,5.39112e-07,829.167,30420,5.07815e-09,938.526,37916.3,-4.11492e-07,1062.3,47143.9,-3.9561e-07,1202.4,58439.2,3.86185e-08,1360.96,72169.3,5.94093e-07,1540.42,88715.8,7.47693e-07,1743.53,108445,1.78537e-07,1973.41,131665,-4.12549e-07,2233.57,158557,-5.37164e-07,2528,189103,-1.17615e-07,2861.2,222986,5.66769e-07,3238.27,259510,9.45053e-07,3664.97,297540,4.25093e-07,4147.81,335497,-3.58506e-07,4694.17,371444,-6.7724e-07,5312.37,403256,1.67192e-07,1.61744,3.89446,9.84394,3.28846,7.5504,12.774,5.07607,11.7187,13.6844,7.03202,16.8147,13.9681,9.20215,23.1769,14.0566,11.6301,31.1672,14.0841,14.3598,41.2186,14.0927,17.4376,53.8688,14.0954,20.9137,69.7915,14.0962,24.8432,89.8341,14.0965,29.2879,115.063,14.0966,34.3168,146.819,14.0966,40.0078,186.792,14.0966,46.4487,237.107,14.0966,53.7388,300.44,14.0966,61.9903,380.158,14.0966,71.3301,480.499,14.0966,81.902,606.796,14.0966,93.8685,765.761,14.0966,107.414,965.837,14.0966,122.746,1217.65,14.0966,140.101,1534.57,14.0966,159.745,1933.41,14.0966,181.981,2435.3,14.0966,207.15,3066.85,14.0966,235.64,3861.46,14.0966,267.889,4861.11,14.0966,304.391,6118.54,14.0966,345.709,7699.91,14.0966,392.478,9688.22,14.0966,445.417,12187.5,14.0966,505.339,15327.7,14.0966,573.165,19271.6,14.0966,649.938,24222,14.0966,736.839,30430.9,14.0966,835.202,38211.5,14.0966,946.539,47950.3,14.0966,1072.56,60122.8,14.0966,1215.21,75309.9,14.0966,1376.66,94216.2,14.0966,1559.41,117688,14.0966,1766.26,146729,14.0966,2000.39,182510,14.0966,2265.39,226372,14.0966,2565.33,279806,14.0966,2904.81,344416,14.0966,3289.05,421845,14.0966,3723.93,513667,14.0966,4216.13,621231,14.0966,4773.18,745478,14.0966,5403.64,886744,14.0966,6117.15,1.04457e+06,14.0966,6924.63,1.2176e+06,14.0966,11.7194,11.96,12.6541,13.9321,16.1295,13.6434,16.6097,21.9702,13.9553,19.7532,29.5285,14.0526,23.3844,39.1143,14.0829,27.5423,51.2054,14.0923,32.2796,66.434,14.0953,37.662,85.6061,14.0962,43.7675,109.74,14.0965,50.687,140.119,14.0966,58.5249,178.359,14.0966,67.4005,226.493,14.0966,77.4493,287.08,14.0966,88.8254,363.343,14.0966,101.703,459.336,14.0966,116.281,580.161,14.0966,132.782,732.241,14.0966,151.46,923.655,14.0966,172.603,1164.57,14.0966,196.535,1467.79,14.0966,223.625,1849.39,14.0966,254.288,2329.62,14.0966,288.997,2933.93,14.0966,328.285,3694.33,14.0966,372.755,4651.04,14.0966,423.092,5854.57,14.0966,480.07,7368.38,14.0966,544.564,9272.08,14.0966,617.566,11665.5,14.0966,700.197,14673.6,14.0966,793.729,18452.9,14.0966,899.599,23198.6,14.0966,1019.43,29154.1,14.0966,1155.07,36622.3,14.0966,1308.6,45977.9,14.0966,1482.39,57683.7,14.0966,1679.09,72307.8,14.0966,1901.73,90542.8,14.0966,2153.73,113226,14.0966,2438.97,141360,14.0966,2761.81,176127,14.0966,3127.22,218898,14.0966,3540.81,271226,14.0966,4008.92,334817,14.0966,4538.74,411470,14.0966,5138.38,502973,14.0966,5817.04,610948,14.0966,6585.12,736653,14.0966,7454.39,880741,14.0966,8438.15,1.04302e+06,14.0966,9551.45,1.22224e+06,14.0966,10811.3,1.41602e+06,14.0966,12237,1.62086e+06,14.0966,11.7194,11.96,12.6541,2.21263,4.16949,0.989383,2.67766,5.84076,0.311842,3.14343,7.55825,0.0972771,3.63127,9.58578,0.0303237,4.15787,12.0912,0.00945211,4.73731,15.2286,0.00294633,5.38238,19.1721,0.000918508,6.10553,24.134,0.000286163,6.91951,30.3791,8.92692e-05,7.83792,38.2397,2.78121e-05,8.87555,48.1338,8.65134e-06,10.0489,60.5876,2.7882e-06,11.3761,76.2629,8.29036e-07,12.8779,95.9927,2.4373e-07,14.5775,120.825,4.33068e-09,16.5012,152.08,1.75749e-07,18.6784,191.415,-1.86328e-07,21.1428,240.917,1.91829e-07,23.9322,303.213,-1.81475e-07,27.0895,381.602,7.0186e-08,30.6634,480.231,-2.86769e-08,34.7087,604.316,2.40784e-07,39.2876,760.401,9.87368e-08,44.4705,956.705,1.22263e-07,50.3371,1203.54,-4.31966e-07,56.9776,1513.81,-1.9705e-07,64.494,1903.69,-2.763e-08,73.0018,2393.4,3.9185e-07,82.6317,3008.13,1.35379e-07,93.5318,3779.25,-4.16351e-08,105.869,4745.7,2.06965e-08,119.834,5955.6,-3.18887e-07,135.641,7468.12,-1.48271e-08,153.531,9355.62,2.00739e-07,173.781,11705.8,2.28358e-07,196.701,14624.1,-1.93587e-08,222.642,18235,-2.88101e-07,252.003,22683.4,-2.24732e-07,285.234,28134,8.56806e-09,322.845,34767,2.34258e-07,365.413,42770.9,2.99668e-07,413.588,52327.9,8.28644e-08,468.111,63591.2,-3.07049e-07,529.814,76653.2,-3.1888e-07,599.642,91502.5,-6.72276e-08,678.662,107975,2.26339e-07,768.083,125705,3.69212e-07,869.267,144088,2.04077e-07,983.76,162277,-2.80509e-07,1113.3,179223,-4.22737e-07,1259.87,193777,-1.71951e-07,1425.68,204839,4.55555e-07,11.7194,11.96,12.6541,2.21263,4.16949,0.989383,2.67766,5.84076,0.311842,3.14343,7.55825,0.0972771,3.63127,9.58578,0.0303237,4.15787,12.0912,0.00945211,4.73731,15.2286,0.00294633,5.38238,19.1721,0.000918508,6.10553,24.134,0.000286163,6.91951,30.3791,8.92692e-05,7.83792,38.2397,2.78121e-05,8.87555,48.1338,8.65134e-06,10.0489,60.5876,2.7882e-06,11.3761,76.2629,8.29036e-07,12.8779,95.9927,2.4373e-07,14.5775,120.825,1e-08,16.5012,152.08,1.75749e-07,18.6784,191.415,1e-08,21.1428,240.917,1.91829e-07,23.9322,303.213,1e-08,27.0895,381.602,7.0186e-08,30.6634,480.231,1e-08,34.7087,604.316,2.40784e-07,39.2876,760.401,9.87368e-08,44.4705,956.705,1.22263e-07,50.3371,1203.54,1e-08,56.9776,1513.81,1e-08,64.494,1903.69,1e-08,73.0018,2393.4,3.9185e-07,82.6317,3008.13,1.35379e-07,93.5318,3779.25,1e-08,105.869,4745.7,2.06965e-08,119.834,5955.6,1e-08,135.641,7468.12,1e-08,153.531,9355.62,2.00739e-07,173.781,11705.8,2.28358e-07,196.701,14624.1,1e-08,222.642,18235,1e-08,252.003,22683.4,1e-08,285.234,28134,1e-08,322.845,34767,2.34258e-07,365.413,42770.9,2.99668e-07,413.588,52327.9,8.28644e-08,468.111,63591.2,1e-08,529.814,76653.2,1e-08,599.642,91502.5,1e-08,678.662,107975,2.26339e-07,768.083,125705,3.69212e-07,869.267,144088,2.04077e-07,983.76,162277,1e-08,1113.3,179223,1e-08,1259.87,193777,1e-08,1425.68,204839,4.55555e-07,6.2823,3.27286,2.43537,0.219672,6.18826,2.24117,0.56371,6.87772,2.63624,0.308279,9,8,9,2,1,0,5,5,0,2,5,0,0,2,0,1,14,0,3,6,0,3,26,0,3,32,0,8,19,0,8,24,0,9,11,0,14,57,0,6,77,0,10,183,0,21,59,0,24,180,0,35,123,0,2,178,0,28,187,0,28,539,0,40,898,0,60,934,0,25,1211,0,11,794,0,33,879,0,42,1130,0,95,2892,0,73,1642,0,35,1486,0,122,4230,0,119,2351,0,69,10312,0,181,3676,0,59,15703,0,175,2514,0,360,14180,0,147,12536,0,203,23797,0,281,26145,0,354,25180,0,255,48060,0,277,43207,0,443,47411,0,499,128167,0,1118,62698,0,1099,137424,0,420,126921,0,745,95891,0,1566,135592,0,1110,213362,0,1674,155899,0,1306,238333,0
-1.05176e+08,1,8.88811e-15,10,1023,0,1.05176e+08,0.528882,1.08665,0.389689,0.145397,0.379329,3.24381,0.161596,0.446195,1.77396,0.159177,1.15e+07,4.49998e+06,6.79999e+06,1.15e+07,4.49997e+06,6.79999e+06,1.15e+07,4.49996e+06,6.79999e+06,1.15e+07,4.49995e+06,6.79999e+06,1.14999e+07,4.49993e+06,6.79999e+06,1.14999e+07,4.49991e+06,6.79999e+06,1.14999e+07,4.49989e+06,6.79999e+06,1.14999e+07,4.49986e+06,6.79999e+06,1.14999e+07,4.49982e+06,6.79999e+06,1.14999e+07,4.49977e+06,6.79999e+06,1.14999e+07,4.49971e+06,6.79999e+06,1.14999e+07,4.49963e+06,6.79999e+06,1.14998e+07,4.49953e+06,6.79999e+06,1.14998e+07,4.49941e+06,6.79999e+06,1.14998e+07,4.49926e+06,6.79999e+06,1.14998e+07,4.49906e+06,6.79999e+06,1.14997e+07,4.49882e+06,6.79999e+06,1.14997e+07,4.49851e+06,6.79999e+06,1.14997e+07,4.49812e+06,6.79999e+06,1.14996e+07,4.49764e+06,6.79999e+06,1.14996e+07,4.49702e+06,6.79999e+06,1.14995e+07,4.49625e+06,6.79999e+06,1.14995e+07,4.49528e+06,6.79999e+06,1.14994e+07,4.49406e+06,6.79999e+06,1.14993e+07,4.49253e+06,6.79999e+06,1.14992e+07,4.49059e+06,6.79999e+06,1.14991e+07,4.48817e+06,6.79999e+06,1.1499e+07,4.48511e+06,6.79999e+06,1.14988e+07,4.48128e+06,6.79999e+06,1.14987e+07,4.47646e+06,6.79999e+06,1.14985e+07,4.47041e+06,6.79999e+06,1.14983e+07,4.46281e+06,6.79999e+06,1.14981e+07,4.4533e+06,6.79999e+06,1.14979e+07,4.44138e+06,6.79999e+06,1.14976e+07,4.42649e+06,6.79999e+06,1.14972e+07,4.40789e+06,6.79999e+06,1.14969e+07,4.38471e+06,6.79999e+06,1.14965e+07,4.35592e+06,6.79999e+06,1.1496e+07,4.32027e+06,6.79999e+06,1.14955e+07,4.27629e+06,6.79999e+06,1.14949e+07,4.22231e+06,6.79999e+06,1.14942e+07,4.15647e+06,6.79999e+06,1.14934e+07,4.07676e+06,6.79999e+06,1.14926e+07,3.98112e+06,6.79999e+06,1.14916e+07,3.86765e+06,6.79999e+06,1.14905e+07,3.73474e+06,6.79999e+06,1.14892e+07,3.58148e+06,6.79999e+06,1.14878e+07,3.40785e+06,6.79999e+06,1.14862e+07,3.21513e+06,6.79999e+06,1.14844e+07,3.00605e+06,6.79999e+06,1.14823e+07,2.7848e+06,6.79999e+06,1.148e+07,2.5568e+06,6.79999e+06,1.14773e+07,2.32825e+06,6.79999e+06,13.5742,8.52444,0.508366,16.8306,13.2585,0.162638,20.0035,17.569,0.0507846,23.2616,22.4214,0.0158319,26.7328,28.3297,0.00493498,30.5212,35.6974,0.00153831,34.7178,44.9473,0.000479527,39.4086,56.5822,0.000149456,44.6796,71.2245,4.66214e-05,50.6209,89.6543,1.45419e-05,57.3297,112.852,4.54748e-06,64.9129,142.051,1.43857e-06,73.4897,178.803,4.36618e-07,83.1934,225.062,1.40153e-07,94.1745,283.286,4.96378e-08,106.602,356.568,1.05434e-07,120.669,448.799,-6.49244e-08,136.59,564.873,1.70148e-07,154.611,710.948,-5.34594e-08,175.008,894.767,1.63407e-07,198.097,1126.06,8.04804e-08,224.231,1417.07,1.14667e-07,253.813,1783.15,-1.71227e-07,287.297,2243.62,-2.88466e-07,325.198,2822.67,-4.33651e-07,368.098,3550.67,7.9318e-08,416.657,4465.65,3.13319e-07,471.621,5615.16,3.4613e-07,533.835,7058.61,-1.19199e-07,604.255,8870.02,-2.79964e-07,683.962,11141.4,-2.30521e-07,774.182,13986.7,-2.55099e-07,876.299,17546.4,1.23585e-07,991.883,21993.1,1.41192e-07,1122.71,27536.7,-9.71886e-08,1270.78,34430.7,-3.68368e-07,1438.38,42977.7,-3.45379e-07,1628.07,53532.7,-3.25328e-09,1842.77,66504.6,2.6362e-07,2085.77,82350.2,2.53445e-07,2360.79,101560,-2.47407e-08,2672.05,124632,-3.80602e-07,3024.31,152018,-4.79005e-07,3422.98,184060,-1.14379e-07,3874.15,220884,2.64297e-07,4384.72,262283,3.44131e-07,4962.49,307576,7.5349e-08,5616.29,355497,-3.63097e-07,6356.1,404126,-6.05442e-07,7193.18,450932,-2.72333e-07,8140.28,492963,2.29675e-07,9211.79,527178,4.3387e-07,10424,550893,-1.0711e-07,10.102,8.06553,2.81012,10.6436,8.57909,0.869423,11.5336,10.2515,0.270869,12.7211,12.7138,0.0844293,14.1823,15.9373,0.0263173,15.9122,20.0383,0.0082035,17.9198,25.2154,0.00255722,20.2244,31.7373,0.000797017,22.8539,39.9486,0.000248622,25.8438,50.2851,7.75492e-05,29.237,63.2963,2.42508e-05,33.0837,79.6738,7.67162e-06,37.4415,100.288,2.32837e-06,42.3767,126.236,7.33e-07,47.9646,158.896,2.79256e-07,54.2906,200.003,9.87351e-09,61.452,251.741,1.61085e-07,69.5585,316.859,-2.47141e-07,78.7347,398.812,8.93552e-08,89.1218,501.948,-2.53231e-07,100.879,631.736,-1.25047e-07,114.188,795.049,-1.78808e-07,129.252,1000.53,2.6733e-07,146.304,1259.03,4.50292e-07,165.605,1584.19,6.76904e-07,187.452,1993.12,-1.23808e-07,212.181,2507.27,-4.89068e-07,240.173,3153.54,-5.40284e-07,271.856,3965.56,1.86061e-07,307.719,4985.38,4.37004e-07,348.313,6265.4,3.59828e-07,394.26,7870.83,3.98192e-07,446.268,9882.51,-1.92908e-07,505.135,12400.3,-2.20392e-07,571.766,15546.9,1.51705e-07,647.184,19472.2,5.74996e-07,732.547,24357.4,5.39112e-07,829.167,30420,5.07815e-09,938.526,37916.3,-4.11492e-07,1062.3,47143.9,-3.9561e-07,1202.4,58439.2,3.86185e-08,1360.96,72169.3,5.94093e-07,1540.42,88715.8,7.47693e-07,1743.53,108445,1.78537e-07,1973.41,131665,-4.12549e-07,2233.57,158557,-5.37164e-07,2528,189103,-1.17615e-07,2861.2,222986,5.66769e-07,3238.27,259510,9.45053e-07,3664.97,297540,4.25093e-07,4147.81,335497,-3.58506e-07,4694.17,371444,-6.7724e-07,5312.37,403256,1.67192e-07,1.61744,3.89446,9.84394,3.28846,7.5504,12.774,5.07607,11.7187,13.6844,7.03202,16.8147,13.9681,9.20215,23.1769,14.0566,11.6301,31.1672,14.0841,14.3598,41.2186,14.0927,17.4376,53.8688,14.0954,20.9137,69.7915,14.0962,24.8432,89.8341,14.0965,29.2879,115.063,14.0966,34.3168,146.819,14.0966,40.0078,186.792,14.0966,46.4487,237.107,14.0966,53.7388,300.44,14.0966,61.9903,380.158,14.0966,71.3301,480.499,14.0966,81.902,606.796,14.0966,93.8685,765.761,14.0966,107.414,965.837,14.0966,122.746,1217.65,14.0966,140.101,1534.57,14.0966,159.745,1933.41,14.0966,181.981,2435.3,14.0966,207.15,3066.85,14.0966,235.64,3861.46,14.0966,267.889,4861.11,14.0966,304.391,6118.54,14.0966,345.709,7699.91,14.0966,392.478,9688.22,14.0966,445.417,12187.5,14.0966,505.339,15327.7,14.0966,573.165,19271.6,14.0966,649.938,24222,14.0966,736.839,30430.9,14.0966,835.202,38211.5,14.0966,946.539,47950.3,14.0966,1072.56,60122.8,14.0966,1215.21,75309.9,14.0966,1376.66,94216.2,14.0966,1559.41,117688,14.0966,1766.26,146729,14.0966,2000.39,182510,14.0966,2265.39,226372,14.0966,2565.33,279806,14.0966,2904.81,344416,14.0966,3289.05,421845,14.0966,3723.93,513667,14.0966,4216.13,621231,14.0966,4773.18,745478,14.0966,5403.64,886744,14.0966,6117.15,1.04457e+06,14.0966,6924.63,1.2176e+06,14.0966,11.7194,11.96,12.6541,13.9321,16.1295,13.6434,16.6097,21.9702,13.9553,19.7532,29.5285,14.0526,23.3844,39.1143,14.0829,27.5423,51.2054,14.0923,32.2796,66.434,14.0953,37.662,85.6061,14.0962,43.7675,109.74,14.0965,50.687,140.119,14.0966,58.5249,178.359,14.0966,67.4005,226.493,14.0966,77.4493,287.08,14.0966,88.8254,363.343,14.0966,101.703,459.336,14.0966,116.281,580.161,14.0966,132.782,732.241,14.0966,151.46,923.655,14.0966,172.603,1164.57,14.0966,196.535,1467.79,14.0966,223.625,1849.39,14.0966,254.288,2329.62,14.0966,288.997,2933.93,14.0966,328.285,3694.33,14.0966,372.755,4651.04,14.0966,423.092,5854.57,14.0966,480.07,7368.38,14.0966,544.564,9272.08,14.0966,617.566,11665.5,14.0966,700.197,14673.6,14.0966,793.729,18452.9,14.0966,899.599,23198.6,14.0966,1019.43,29154.1,14.0966,1155.07,36622.3,14.0966,1308.6,45977.9,14.0966,1482.39,57683.7,14.0966,1679.09,72307.8,14.0966,1901.73,90542.8,14.0966,2153.73,113226,14.0966,2438.97,141360,14.0966,2761.81,176127,14.0966,3127.22,218898,14.0966,3540.81,271226,14.0966,4008.92,334817,14.0966,4538.74,411470,14.0966,5138.38,502973,14.0966,5817.04,610948,14.0966,6585.12,736653,14.0966,7454.39,880741,14.0966,8438.15,1.04302e+06,14.0966,9551.45,1.22224e+06,14.0966,10811.3,1.41602e+06,14.0966,12237,1.62086e+06,14.0966,11.7194,11.96,12.6541,2.21263,4.16949,0.989383,2.67766,5.84076,0.311842,3.14343,7.55825,0.0972771,3.63127,9.58578,0.0303237,4.15787,12.0912,0.00945211,4.73731,15.2286,0.00294633,5.38238,19.1721,0.000918508,6.10553,24.134,0.000286163,6.91951,30.3791,8.92692e-05,7.83792,38.2397,2.78121e-05,8.87555,48.1338,8.65134e-06,10.0489,60.5876,2.7882e-06,11.3761,76.2629,8.29036e-07,12.8779,95.9927,2.4373e-07,14.5775,120.825,4.33068e-09,16.5012,152.08,1.75749e-07,18.6784,191.415,-1.86328e-07,21.1428,240.917,1.91829e-07,23.9322,303.213,-1.81475e-07,27.0895,381.602,7.0186e-08,30.6634,480.231,-2.86769e-08,34.7087,604.316,2.40784e-07,39.2876,760.401,9.87368e-08,44.4705,956.705,1.22263e-07,50.3371,1203.54,-4.31966e-07,56.9776,1513.81,-1.9705e-07,64.494,1903.69,-2.763e-08,73.0018,2393.4,3.9185e-07,82.6317,3008.13,1.35379e-07,93.5318,3779.25,-4.16351e-08,105.869,4745.7,2.06965e-08,119.834,5955.6,-3.18887e-07,135.641,7468.12,-1.48271e-08,153.531,9355.62,2.00739e-07,173.781,11705.8,2.28358e-07,196.701,14624.1,-1.93587e-08,222.642,18235,-2.88101e-07,252.003,22683.4,-2.24732e-07,285.234,28134,8.56806e-09,322.845,34767,2.34258e-07,365.413,42770.9,2.99668e-07,413.588,52327.9,8.28644e-08,468.111,63591.2,-3.07049e-07,529.814,76653.2,-3.1888e-07,599.642,91502.5,-6.72276e-08,678.662,107975,2.26339e-07,768.083,125705,3.69212e-07,869.267,144088,2.04077e-07,983.76,162277,-2.80509e-07,1113.3,179223,-4.22737e-07,1259.87,193777,-1.71951e-07,1425.68,204839,4.55555e-07,11.7194,11.96,12.6541,2.21263,4.16949,0.989383,2.67766,5.84076,0.311842,3.14343,7.55825,0.0972771,3.63127,9.58578,0.0303237,4.15787,12.0912,0.00945211,4.73731,15.2286,0.00294633,5.38238,19.1721,0.000918508,6.10553,24.134,0.000286163,6.91951,30.3791,8.92692e-05,7.83792,38.2397,2.78121e-05,8.87555,48.1338,8.65134e-06,10.0489,60.5876,2.7882e-06,11.3761,76.2629,8.29036e-07,12.8779,95.9927,2.4373e-07,14.5775,120.825,1e-08,16.5012,152.08,1.75749e-07,18.6784,191.415,1e-08,21.1428,240.917,1.91829e-07,23.9322,303.213,1e-08,27.0895,381.602,7.0186e-08,30.6634,480.231,1e-08,34.7087,604.316,2.40784e-07,39.2876,760.401,9.87368e-08,44.4705,956.705,1.22263e-07,50.3371,1203.54,1e-08,56.9776,1513.81,1e-08,64.494,1903.69,1e-08,73.0018,2393.4,3.9185e-07,82.6317,3008.13,1.35379e-07,93.5318,3779.25,1e-08,105.869,4745.7,2.06965e-08,119.834,5955.6,1e-08,135.641,7468.12,1e-08,153.531,9355.62,2.00739e-07,173.781,11705.8,2.28358e-07,196.701,14624.1,1e-08,222.642,18235,1e-08,252.003,22683.4,1e-08,285.234,28134,1e-08,322.845,34767,2.34258e-07,365.413,42770.9,2.99668e-07,413.588,52327.9,8.28644e-08,468.111,63591.2,1e-08,529.814,76653.2,1e-08,599.642,91502.5,1e-08,678.662,107975,2.26339e-07,768.083,125705,3.69212e-07,869.267,144088,2.04077e-07,983.76,162277,1e-08,1113.3,179223,1e-08,1259.87,193777,1e-08,1425.68,204839,4.55555e-07,6.2823,3.27286,2.43537,0.219672,6.18826,2.24117,0.56371,6.87772,2.63624,0.308279,18,10,3,4,0,2,4,6,0,3,6,0,3,17,0,1,6,0,2,19,0,2,23,0,10,24,0,12,32,0,14,70,0,8,48,0,18,62,0,15,76,0,18,140,0,5,228,0,15,119,0,20,108,0,22,153,0,12,714,0,11,227,0,20,600,0,36,244,0,35,560,0,42,865,0,16,2218,0,40,1747,0,71,2823,0,86,1988,0,140,2032,0,89,1444,0,36,3361,0,175,5204,0,208,7728,0,244,6365,0,163,9899,0,207,7271,0,187,15451,0,145,39051,0,99,32241,0,401,18457,0,284,42925,0,511,36937,0,474,58314,0,574,138311,0,538,81225,0,906,262715,0,797,128315,0,1011,90934,0,1056,243114,0,1148,152564,0,942,35135,0,1064,195138,0
-1.05176e+08,1,8.88811e-15,10,1023,0,1.05176e+08,0.528882,1.08665,0.389689,0.145397,0.379329,3.24381,0.161596,0.446195,1.77396,0.159177,1.15e+07,4.49998e+06,6.79999e+06,1.15e+07,4.49997e+06,6.79999e+06,1.15e+07,4.49996e+06,6.79999e+06,1.15e+07,4.49995e+06,6.79999e+06,1.14999e+07,4.49993e+06,6.79999e+06,1.14999e+07,4.49991e+06,6.79999e+06,1.14999e+07,4.49989e+06,6.79999e+06,1.14999e+07,4.49986e+06,6.79999e+06,1.14999e+07,4.49982e+06,6.79999e+06,1.14999e+07,4.49977e+06,6.79999e+06,1.14999e+07,4.49971e+06,6.79999e+06,1.14999e+07,4.49963e+06,6.79999e+06,1.14998e+07,4.49953e+06,6.79999e+06,1.14998e+07,4.49941e+06,6.79999e+06,1.14998e+07,4.49926e+06,6.79999e+06,1.14998e+07,4.49906e+06,6.79999e+06,1.14997e+07,4.49882e+06,6.79999e+06,1.14997e+07,4.49851e+06,6.79999e+06,1.14997e+07,4.49812e+06,6.79999e+06,1.14996e+07,4.49764e+06,6.79999e+06,1.14996e+07,4.49702e+06,6.79999e+06,1.14995e+07,4.49625e+06,6.79999e+06,1.14995e+07,4.49528e+06,6.79999e+06,1.14994e+07,4.49406e+06,6.79999e+06,1.14993e+07,4.49253e+06,6.79999e+06,1.14992e+07,4.49059e+06,6.79999e+06,1.14991e+07,4.48817e+06,6.79999e+06,1.1499e+07,4.48511e+06,6.79999e+06,1.14988e+07,4.48128e+06,6.79999e+06,1.14987e+07,4.47646e+06,6.79999e+06,1.14985e+07,4.47041e+06,6.79999e+06,1.14983e+07,4.46281e+06,6.79999e+06,1.14981e+07,4.4533e+06,6.79999e+06,1.14979e+07,4.44138e+06,6.79999e+06,1.14976e+07,4.42649e+06,6.79999e+06,1.14972e+07,4.40789e+06,6.79999e+06,1.14969e+07,4.38471e+06,6.79999e+06,1.14965e+07,4.35592e+06,6.79999e+06,1.1496e+07,4.32027e+06,6.79999e+06,1.14955e+07,4.27629e+06,6.79999e+06,1.14949e+07,4.22231e+06,6.79999e+06,1.14942e+07,4.15647e+06,6.79999e+06,1.14934e+07,4.07676e+06,6.79999e+06,1.14926e+07,3.98112e+06,6.79999e+06,1.14916e+07,3.86765e+06,6.79999e+06,1.14905e+07,3.73474e+06,6.79999e+06,1.14892e+07,3.58148e+06,6.79999e+06,1.14878e+07,3.40785e+06,6.79999e+06,1.14862e+07,3.21513e+06,6.79999e+06,1.14844e+07,3.00605e+06,6.79999e+06,1.14823e+07,2.7848e+06,6.79999e+06,1.148e+07,2.5568e+06,6.79999e+06,1.14773e+07,2.32825e+06,6.79999e+06,13.5742,8.52444,0.508366,16.8306,13.2585,0.162638,20.0035,17.569,0.0507846,23.2616,22.4214,0.0158319,26.7328,28.3297,0.00493498,30.5212,35.6974,0.00153831,34.7178,44.9473,0.000479527,39.4086,56.5822,0.000149456,44.6796,71.2245,4.66214e-05,50.6209,89.6543,1.45419e-05,57.3297,112.852,4.54748e-06,64.9129,142.051,1.43857e-06,73.4897,178.803,4.36618e-07,83.1934,225.062,1.40153e-07,94.1745,283.286,4.96378e-08,106.602,356.568,1.05434e-07,120.669,448.799,-6.49244e-08,136.59,564.873,1.70148e-07,154.611,710.948,-5.34594e-08,175.008,894.767,1.63407e-07,198.097,1126.06,8.04804e-08,224.231,1417.07,1.14667e-07,253.813,1783.15,-1.71227e-07,287.297,2243.62,-2.88466e-07,325.198,2822.67,-4.33651e-07,368.098,3550.67,7.9318e-08,416.657,4465.65,3.13319e-07,471.621,5615.16,3.4613e-07,533.835,7058.61,-1.19199e-07,604.255,8870.02,-2.79964e-07,683.962,11141.4,-2.30521e-07,774.182,13986.7,-2.55099e-07,876.299,17546.4,1.23585e-07,991.883,21993.1,1.41192e-07,1122.71,27536.7,-9.71886e-08,1270.78,34430.7,-3.68368e-07,1438.38,42977.7,-3.45379e-07,1628.07,53532.7,-3.25328e-09,1842.77,66504.6,2.6362e-07,2085.77,82350.2,2.53445e-07,2360.79,101560,-2.47407e-08,2672.05,124632,-3.80602e-07,3024.31,152018,-4.79005e-07,3422.98,184060,-1.14379e-07,3874.15,220884,2.64297e-07,4384.72,262283,3.44131e-07,4962.49,307576,7.5349e-08,5616.29,355497,-3.63097e-07,6356.1,404126,-6.05442e-07,7193.18,450932,-2.72333e-07,8140.28,492963,2.29675e-07,9211.79,527178,4.3387e-07,10424,550893,-1.0711e-07,10.102,8.06553,2.81012,10.6436,8.57909,0.869423,11.5336,10.2515,0.270869,12.7211,12.7138,0.0844293,14.1823,15.9373,0.0263173,15.9122,20.0383,0.0082035,17.9198,25.2154,0.00255722,20.2244,31.7373,0.000797017,22.8539,39.9486,0.000248622,25.8438,50.2851,7.75492e-05,29.237,63.2963,2.42508e-05,33.0837,79.6738,7.67162e-06,37.4415,100.288,2.32837e-06,42.3767,126.236,7.33e-07,47.9646,158.896,2.79256e-07,54.2906,200.003,9.87351e-09,61.452,251.741,1.61085e-07,69.5585,316.859,-2.47141e-07,78.7347,398.812,8.93552e-08,89.1218,501.948,-2.53231e-07,100.879,631.736,-1.25047e-07,114.188,795.049,-1.78808e-07,129.252,1000.53,2.6733e-07,146.304,1259.03,4.50292e-07,165.605,1584.19,6.76904e-07,187.452,1993.12,-1.23808e-07,212.181,2507.27,-4.89068e-07,240.173,3153.54,-5.40284e-07,271.856,3965.56,1.86061e-07,307.719,4985.38,4.37004e-07,348.313,6265.4,3.59828e-07,394.26,7870.83,3.98192e-07,446.268,9882.51,-1.92908e-07,505.135,12400.3,-2.20392e-07,571.766,15546.9,1.51705e-07,647.184,19472.2,5.74996e-07,732.547,24357.4,5.39112e-07,829.167,30420,5.07815e-09,938.526,37916.3,-4.11492e-07,1062.3,47143.9,-3.9561e-07,1202.4,58439.2,3.86185e-08,1360.96,72169.3,5.94093e-07,1540.42,88715.8,7.47693e-07,1743.53,108445,1.78537e-07,1973.41,131665,-4.12549e-07,2233.57,158557,-5.37164e-07,2528,189103,-1.17615e-07,2861.2,222986,5.66769e-07,3238.27,259510,9.45053e-07,3664.97,297540,4.25093e-07,4147.81,335497,-3.58506e-07,4694.17,371444,-6.7724e-07,5312.37,403256,1.67192e-07,1.61744,3.89446,9.84394,3.28846,7.5504,12.774,5.07607,11.7187,13.6844,7.03202,16.8147,13.9681,9.20215,23.1769,14.0566,11.6301,31.1672,14.0841,14.3598,41.2186,14.0927,17.4376,53.8688,14.0954,20.9137,69.7915,14.0962,24.8432,89.8341,14.0965,29.2879,115.063,14.0966,34.3168,146.819,14.0966,40.0078,186.792,14.0966,46.4487,237.107,14.0966,53.7388,300.44,14.0966,61.9903,380.158,14.0966,71.3301,480.499,14.0966,81.902,606.796,14.0966,93.8685,765.761,14.0966,107.414,965.837,14.0966,122.746,1217.65,14.0966,140.101,1534.57,14.0966,159.745,1933.41,14.0966,181.981,2435.3,14.0966,207.15,3066.85,14.0966,235.64,3861.46,14.0966,267.889,4861.11,14.0966,304.391,6118.54,14.0966,345.709,7699.91,14.0966,392.478,9688.22,14.0966,445.417,12187.5,14.0966,505.339,15327.7,14.0966,573.165,19271.6,14.0966,649.938,24222,14.0966,736.839,30430.9,14.0966,835.202,38211.5,14.0966,946.539,47950.3,14.0966,1072.56,60122.8,14.0966,1215.21,75309.9,14.0966,1376.66,94216.2,14.0966,1559.41,117688,14.0966,1766.26,146729,14.0966,2000.39,182510,14.0966,2265.39,226372,14.0966,2565.33,279806,14.0966,2904.81,344416,14.0966,3289.05,421845,14.0966,3723.93,513667,14.0966,4216.13,621231,14.0966,4773.18,745478,14.0966,5403.64,886744,14.0966,6117.15,1.04457e+06,14.0966,6924.63,1.2176e+06,14.0966,11.7194,11.96,12.6541,13.9321,16.1295,13.6434,16.6097,21.9702,13.9553,19.7532,29.5285,14.0526,23.3844,39.1143,14.0829,27.5423,51.2054,14.0923,32.2796,66.434,14.0953,37.662,85.6061,14.0962,43.7675,109.74,14.0965,50.687,140.119,14.0966,58.5249,178.359,14.0966,67.4005,226.493,14.0966,77.4493,287.08,14.0966,88.8254,363.343,14.0966,101.703,459.336,14.0966,116.281,580.161,14.0966,132.782,732.241,14.0966,151.46,923.655,14.0966,172.603,1164.57,14.0966,196.535,1467.79,14.0966,223.625,1849.39,14.0966,254.288,2329.62,14.0966,288.997,2933.93,14.0966,328.285,3694.33,14.0966,372.755,4651.04,14.0966,423.092,5854.57,14.0966,480.07,7368.38,14.0966,544.564,9272.08,14.0966,617.566,11665.5,14.0966,700.197,14673.6,14.0966,793.729,18452.9,14.0966,899.599,23198.6,14.0966,1019.43,29154.1,14.0966,1155.07,36622.3,14.0966,1308.6,45977.9,14.0966,1482.39,57683.7,14.0966,1679.09,72307.8,14.0966,1901.73,90542.8,14.0966,2153.73,113226,14.0966,2438.97,141360,14.0966,2761.81,176127,14.0966,3127.22,218898,14.0966,3540.81,271226,14.0966,4008.92,334817,14.0966,4538.74,411470,14.0966,5138.38,502973,14.0966,5817.04,610948,14.0966,6585.12,736653,14.0966,7454.39,880741,14.0966,8438.15,1.04302e+06,14.0966,9551.45,1.22224e+06,14.0966,10811.3,1.41602e+06,14.0966,12237,1.62086e+06,14.0966,11.7194,11.96,12.6541,2.21263,4.16949,0.989383,2.67766,5.84076,0.311842,3.14343,7.55825,0.0972771,3.63127,9.58578,0.0303237,4.15787,12.0912,0.00945211,4.73731,15.2286,0.00294633,5.38238,19.1721,0.000918508,6.10553,24.134,0.000286163,6.91951,30.3791,8.92692e-05,7.83792,38.2397,2.78121e-05,8.87555,48.1338,8.65134e-06,10.0489,60.5876,2.7882e-06,11.3761,76.2629,8.29036e-07,12.8779,95.9927,2.4373e-07,14.5775,120.825,4.33068e-09,16.5012,152.08,1.75749e-07,18.6784,191.415,-1.86328e-07,21.1428,240.917,1.91829e-07,23.9322,303.213,-1.81475e-07,27.0895,381.602,7.0186e-08,30.6634,480.231,-2.86769e-08,34.7087,604.316,2.40784e-07,39.2876,760.401,9.87368e-08,44.4705,956.705,1.22263e-07,50.3371,1203.54,-4.31966e-07,56.9776,1513.81,-1.9705e-07,64.494,1903.69,-2.763e-08,73.0018,2393.4,3.9185e-07,82.6317,3008.13,1.35379e-07,93.5318,3779.25,-4.16351e-08,105.869,4745.7,2.06965e-08,119.834,5955.6,-3.18887e-07,135.641,7468.12,-1.48271e-08,153.531,9355.62,2.00739e-07,173.781,11705.8,2.28358e-07,196.701,14624.1,-1.93587e-08,222.642,18235,-2.88101e-07,252.003,22683.4,-2.24732e-07,285.234,28134,8.56806e-09,322.845,34767,2.34258e-07,365.413,42770.9,2.99668e-07,413.588,52327.9,8.28644e-08,468.111,63591.2,-3.07049e-07,529.814,76653.2,-3.1888e-07,599.642,91502.5,-6.72276e-08,678.662,107975,2.26339e-07,768.083,125705,3.69212e-07,869.267,144088,2.04077e-07,983.76,162277,-2.80509e-07,1113.3,179223,-4.22737e-07,1259.87,193777,-1.71951e-07,1425.68,204839,4.55555e-07,11.7194,11.96,12.6541,2.21263,4.16949,0.989383,2.67766,5.84076,0.311842,3.14343,7.55825,0.0972771,3.63127,9.58578,0.0303237,4.15787,12.0912,0.00945211,4.73731,15.2286,0.00294633,5.38238,19.1721,0.000918508,6.10553,24.134,0.000286163,6.91951,30.3791,8.92692e-05,7.83792,38.2397,2.78121e-05,8.87555,48.1338,8.65134e-06,10.0489,60.5876,2.7882e-06,11.3761,76.2629,8.29036e-07,12.8779,95.9927,2.4373e-07,14.5775,120.825,1e-08,16.5012,152.08,1.75749e-07,18.6784,191.415,1e-08,21.1428,240.917,1.91829e-07,23.9322,303.213,1e-08,27.0895,381.602,7.0186e-08,30.6634,480.231,1e-08,34.7087,604.316,2.40784e-07,39.2876,760.401,9.87368e-08,44.4705,956.705,1.22263e-07,50.3371,1203.54,1e-08,56.9776,1513.81,1e-08,64.494,1903.69,1e-08,73.0018,2393.4,3.9185e-07,82.6317,3008.13,1.35379e-07,93.5318,3779.25,1e-08,105.869,4745.7,2.06965e-08,119.834,5955.6,1e-08,135.641,7468.12,1e-08,153.531,9355.62,2.00739e-07,173.781,11705.8,2.28358e-07,196.701,14624.1,1e-08,222.642,18235,1e-08,252.003,22683.4,1e-08,285.234,28134,1e-08,322.845,34767,2.34258e-07,365.413,42770.9,2.99668e-07,413.588,52327.9,8.28644e-08,468.111,63591.2,1e-08,529.814,76653.2,1e-08,599.642,91502.5,1e-08,678.662,107975,2.26339e-07,768.083,125705,3.69212e-07,869.267,144088,2.04077e-07,983.76,162277,1e-08,1113.3,179223,1e-08,1259.87,193777,1e-08,1425.68,204839,4.55555e-07,6.2823,3.27286,2.43537,0.219672,6.18826,2.24117,0.56371,6.87772,2.63624,0.308279,10,9,4,3,1,1,2,7,0,1,10,0,2,5,0,4,16,0,4,4,0,1,18,0,3,17,0,5,63,0,4,18,0,3,79,0,9,41,0,10,86,0,25,99,0,9,69,0,8,159,0,29,145,0,14,132,0,17,394,0,27,453,0,32,703,0,10,509,0,21,481,0,29,1565,0,41,1573,0,52,2641,0,72,1526,0,129,2343,0,95,1504,0,80,4961,0,163,5675,0,192,4857,0,261,10083,0,148,13214,0,191,10828,0,127,11598,0,319,10601,0,232,39738,0,390,13348,0,181,20023,0,434,103378,0,351,28370,0,419,44793,0,437,66995,0,844,84610,0,747,90267,0,765,119072,0,593,60475,0,1632,269669,0,1531,169824,0,1326,227892,0,2236,239846,0
-1.05176e+08,1,8.88811e-15,10,1023,0,1.05176e+08,0.528882,1.08665,0.389689,0.145397,0.379329,3.24381,0.161596,0.446195,1.77396,0.159177,1.15e+07,4.49998e+06,6.79999e+06,1.15e+07,4.49997e+06,6.79999e+06,1.15e+07,4.49996e+06,6.79999e+06,1.15e+07,4.49995e+06,6.79999e+06,1.14999e+07,4.49993e+06,6.79999e+06,1.14999e+07,4.49991e+06,6.79999e+06,1.14999e+07,4.49989e+06,6.79999e+06,1.14999e+07,4.49986e+06,6.79999e+06,1.14999e+07,4.49982e+06,6.79999e+06,1.14999e+07,4.49977e+06,6.79999e+06,1.14999e+07,4.49971e+06,6.79999e+06,1.14999e+07,4.49963e+06,6.79999e+06,1.14998e+07,4.49953e+06,6.79999e+06,1.14998e+07,4.49941e+06,6.79999e+06,1.14998e+07,4.49926e+06,6.79999e+06,1.14998e+07,4.49906e+06,6.79999e+06,1.14997e+07,4.49882e+06,6.79999e+06,1.14997e+07,4.49851e+06,6.79999e+06,1.14997e+07,4.49812e+06,6.79999e+06,1.14996e+07,4.49764e+06,6.79999e+06,1.14996e+07,4.49702e+06,6.79999e+06,1.14995e+07,4.49625e+06,6.79999e+06,1.14995e+07,4.49528e+06,6.79999e+06,1.14994e+07,4.49406e+06,6.79999e+06,1.14993e+07,4.49253e+06,6.79999e+06,1.14992e+07,4.49059e+06,6.79999e+06,1.14991e+07,4.48817e+06,6.79999e+06,1.1499e+07,4.48511e+06,6.79999e+06,1.14988e+07,4.48128e+06,6.79999e+06,1.14987e+07,4.47646e+06,6.79999e+06,1.14985e+07,4.47041e+06,6.79999e+06,1.14983e+07,4.46281e+06,6.79999e+06,1.14981e+07,4.4533e+06,6.79999e+06,1.14979e+07,4.44138e+06,6.79999e+06,1.14976e+07,4.42649e+06,6.79999e+06,1.14972e+07,4.40789e+06,6.79999e+06,1.14969e+07,4.38471e+06,6.79999e+06,1.14965e+07,4.35592e+06,6.79999e+06,1.1496e+07,4.32027e+06,6.79999e+06,1.14955e+07,4.27629e+06,6.79999e+06,1.14949e+07,4.22231e+06,6.79999e+06,1.14942e+07,4.15647e+06,6.79999e+06,1.14934e+07,4.07676e+06,6.79999e+06,1.14926e+07,3.98112e+06,6.79999e+06,1.14916e+07,3.86765e+06,6.79999e+06,1.14905e+07,3.73474e+06,6.79999e+06,1.14892e+07,3.58148e+06,6.79999e+06,1.14878e+07,3.40785e+06,6.79999e+06,1.14862e+07,3.21513e+06,6.79999e+06,1.14844e+07,3.00605e+06,6.79999e+06,1.14823e+07,2.7848e+06,6.79999e+06,1.148e+07,2.5568e+06,6.79999e+06,1.14773e+07,2.32825e+06,6.79999e+06,13.5742,8.52444,0.508366,16.8306,13.2585,0.162638,20.0035,17.569,0.0507846,23.2616,22.4214,0.0158319,26.7328,28.3297,0.00493498,30.5212,35.6974,0.00153831,34.7178,44.9473,0.000479527,39.4086,56.5822,0.000149456,44.6796,71.2245,4.66214e-05,50.6209,89.6543,1.45419e-05,57.3297,112.852,4.54748e-06,64.9129,142.051,1.43857e-06,73.4897,178.803,4.36618e-07,83.1934,225.062,1.40153e-07,94.1745,283.286,4.96378e-08,106.602,356.568,1.05434e-07,120.669,448.799,-6.49244e-08,136.59,564.873,1.70148e-07,154.611,710.948,-5.34594e-08,175.008,894.767,1.63407e-07,198.097,1126.06,8.04804e-08,224.231,1417.07,1.14667e-07,253.813,1783.15,-1.71227e-07,287.297,2243.62,-2.88466e-07,325.198,2822.67,-4.33651e-07,368.098,3550.67,7.9318e-08,416.657,4465.65,3.13319e-07,471.621,5615.16,3.4613e-07,533.835,7058.61,-1.19199e-07,604.255,8870.02,-2.79964e-07,683.962,11141.4,-2.30521e-07,774.182,13986.7,-2.55099e-07,876.299,17546.4,1.23585e-07,991.883,21993.1,1.41192e-07,1122.71,27536.7,-9.71886e-08,1270.78,34430.7,-3.68368e-07,1438.38,42977.7,-3.45379e-07,1628.07,53532.7,-3.25328e-09,1842.77,66504.6,2.6362e-07,2085.77,82350.2,2.53445e-07,2360.79,101560,-2.47407e-08,2672.05,124632,-3.80602e-07,3024.31,152018,-4.79005e-07,3422.98,184060,-1.14379e-07,3874.15,220884,2.64297e-07,4384.72,262283,3.44131e-07,4962.49,307576,7.5349e-08,5616.29,355497,-3.63097e-07,6356.1,404126,-6.05442e-07,7193.18,450932,-2.72333e-07,8140.28,492963,2.29675e-07,9211.79,527178,4.3387e-07,10424,550893,-1.0711e-07,10.102,8.06553,2.81012,10.6436,8.57909,0.869423,11.5336,10.2515,0.270869,12.7211,12.7138,0.0844293,14.1823,15.9373,0.0263173,15.9122,20.0383,0.0082035,17.9198,25.2154,0.00255722,20.2244,31.7373,0.000797017,22.8539,39.9486,0.000248622,25.8438,50.2851,7.75492e-05,29.237,63.2963,2.42508e-05,33.0837,79.6738,7.67162e-06,37.4415,100.288,2.32837e-06,42.3767,126.236,7.33e-07,47.9646,158.896,2.79256e-07,54.2906,200.003,9.87351e-09,61.452,251.741,1.61085e-07,69.5585,316.859,-2.47141e-07,78.7347,398.812,8.93552e-08,89.1218,501.948,-2.53231e-07,100.879,631.736,-1.25047e-07,114.188,795.049,-1.78808e-07,129.252,1000.53,2.6733e-07,146.304,1259.03,4.50292e-07,165.605,1584.19,6.76904e-07,187.452,1993.12,-1.23808e-07,212.181,2507.27,-4.89068e-07,240.173,3153.54,-5.40284e-07,271.856,3965.56,1.86061e-07,307.719,4985.38,4.37004e-07,348.313,6265.4,3.59828e-07,394.26,7870.83,3.98192e-07,446.268,9882.51,-1.92908e-07,505.135,12400.3,-2.20392e-07,571.766,15546.9,1.51705e-07,647.184,19472.2,5.74996e-07,732.547,24357.4,5.39112e-07,829.167,30420,5.07815e-09,938.526,37916.3,-4.11492e-07,1062.3,47143.9,-3.9561e-07,1202.4,58439.2,3.86185e-08,1360.96,72169.3,5.94093e-07,1540.42,88715.8,7.47693e-07,1743.53,108445,1.78537e-07,1973.41,131665,-4.12549e-07,2233.57,158557,-5.37164e-07,2528,189103,-1.17615e-07,2861.2,222986,5.66769e-07,3238.27,259510,9.45053e-07,3664.97,297540,4.25093e-07,4147.81,335497,-3.58506e-07,4694.17,371444,-6.7724e-07,5312.37,403256,1.67192e-07,1.61744,3.89446,9.84394,3.28846,7.5504,12.774,5.07607,11.7187,13.6844,7.03202,16.8147,13.9681,9.20215,23.1769,14.0566,11.6301,31.1672,14.0841,14.3598,41.2186,14.0927,17.4376,53.8688,14.0954,20.9137,69.7915,14.0962,24.8432,89.8341,14.0965,29.2879,115.063,14.0966,34.3168,146.819,14.0966,40.0078,186.792,14.0966,46.4487,237.107,14.0966,53.7388,300.44,14.0966,61.9903,380.158,14.0966,71.3301,480.499,14.0966,81.902,606.796,14.0966,93.8685,765.761,14.0966,107.414,965.837,14.0966,122.746,1217.65,14.0966,140.101,1534.57,14.0966,159.745,1933.41,14.0966,181.981,2435.3,14.0966,207.15,3066.85,14.0966,235.64,3861.46,14.0966,267.889,4861.11,14.0966,304.391,6118.54,14.0966,345.709,7699.91,14.0966,392.478,9688.22,14.0966,445.417,12187.5,14.0966,505.339,15327.7,14.0966,573.165,19271.6,14.0966,649.938,24222,14.0966,736.839,30430.9,14.0966,835.202,38211.5,14.0966,946.539,47950.3,14.0966,1072.56,60122.8,14.0966,1215.21,75309.9,14.0966,1376.66,94216.2,14.0966,1559.41,117688,14.0966,1766.26,146729,14.0966,2000.39,182510,14.0966,2265.39,226372,14.0966,2565.33,279806,14.0966,2904.81,344416,14.0966,3289.05,421845,14.0966,3723.93,513667,14.0966,4216.13,621231,14.0966,4773.18,745478,14.0966,5403.64,886744,14.0966,6117.15,1.04457e+06,14.0966,6924.63,1.2176e+06,14.0966,11.7194,11.96,12.6541,13.9321,16.1295,13.6434,16.6097,21.9702,13.9553,19.7532,29.5285,14.0526,23.3844,39.1143,14.0829,27.5423,51.2054,14.0923,32.2796,66.434,14.0953,37.662,85.6061,14.0962,43.7675,109.74,14.0965,50.687,140.119,14.0966,58.5249,178.359,14.0966,67.4005,226.493,14.0966,77.4493,287.08,14.0966,88.8254,363.343,14.0966,101.703,459.336,14.0966,116.281,580.161,14.0966,132.782,732.241,14.0966,151.46,923.655,14.0966,172.603,1164.57,14.0966,196.535,1467.79,14.0966,223.625,1849.39,14.0966,254.288,2329.62,14.0966,288.997,2933.93,14.0966,328.285,3694.33,14.0966,372.755,4651.04,14.0966,423.092,5854.57,14.0966,480.07,7368.38,14.0966,544.564,9272.08,14.0966,617.566,11665.5,14.0966,700.197,14673.6,14.0966,793.729,18452.9,14.0966,899.599,23198.6,14.0966,1019.43,29154.1,14.0966,1155.07,36622.3,14.0966,1308.6,45977.9,14.0966,1482.39,57683.7,14.0966,1679.09,72307.8,14.0966,1901.73,90542.8,14.0966,2153.73,113226,14.0966,2438.97,141360,14.0966,2761.81,176127,14.0966,3127.22,218898,14.0966,3540.81,271226,14.0966,4008.92,334817,14.0966,4538.74,411470,14.0966,5138.38,502973,14.0966,5817.04,610948,14.0966,6585.12,736653,14.0966,7454.39,880741,14.0966,8438.15,1.04302e+06,14.0966,9551.45,1.22224e+06,14.0966,10811.3,1.41602e+06,14.0966,12237,1.62086e+06,14.0966,11.7194,11.96,12.6541,2.21263,4.16949,0.989383,2.67766,5.84076,0.311842,3.14343,7.55825,0.0972771,3.63127,9.58578,0.0303237,4.15787,12.0912,0.00945211,4.73731,15.2286,0.00294633,5.38238,19.1721,0.000918508,6.10553,24.134,0.000286163,6.91951,30.3791,8.92692e-05,7.83792,38.2397,2.78121e-05,8.87555,48.1338,8.65134e-06,10.0489,60.5876,2.7882e-06,11.3761,76.2629,8.29036e-07,12.8779,95.9927,2.4373e-07,14.5775,120.825,4.33068e-09,16.5012,152.08,1.75749e-07,18.6784,191.415,-1.86328e-07,21.1428,240.917,1.91829e-07,23.9322,303.213,-1.81475e-07,27.0895,381.602,7.0186e-08,30.6634,480.231,-2.86769e-08,34.7087,604.316,2.40784e-07,39.2876,760.401,9.87368e-08,44.4705,956.705,1.22263e-07,50.3371,1203.54,-4.31966e-07,56.9776,1513.81,-1.9705e-07,64.494,1903.69,-2.763e-08,73.0018,2393.4,3.9185e-07,82.6317,3008.13,1.35379e-07,93.5318,3779.25,-4.16351e-08,105.869,4745.7,2.06965e-08,119.834,5955.6,-3.18887e-07,135.641,7468.12,-1.48271e-08,153.531,9355.62,2.00739e-07,173.781,11705.8,2.28358e-07,196.701,14624.1,-1.93587e-08,222.642,18235,-2.88101e-07,252.003,22683.4,-2.24732e-07,285.234,28134,8.56806e-09,322.845,34767,2.34258e-07,365.413,42770.9,2.99668e-07,413.588,52327.9,8.28644e-08,468.111,63591.2,-3.07049e-07,529.814,76653.2,-3.1888e-07,599.642,91502.5,-6.72276e-08,678.662,107975,2.26339e-07,768.083,125705,3.69212e-07,869.267,144088,2.04077e-07,983.76,162277,-2.80509e-07,1113.3,179223,-4.22737e-07,1259.87,193777,-1.71951e-07,1425.68,204839,4.55555e-07,11.7194,11.96,12.6541,2.21263,4.16949,0.989383,2.67766,5.84076,0.311842,3.14343,7.55825,0.0972771,3.63127,9.58578,0.0303237,4.15787,12.0912,0.00945211,4.73731,15.2286,0.00294633,5.38238,19.1721,0.000918508,6.10553,24.134,0.000286163,6.91951,30.3791,8.92692e-05,7.83792,38.2397,2.78121e-05,8.87555,48.1338,8.65134e-06,10.0489,60.5876,2.7882e-06,11.3761,76.2629,8.29036e-07,12.8779,95.9927,2.4373e-07,14.5775,120.825,1e-08,16.5012,152.08,1.75749e-07,18.6784,191.415,1e-08,21.1428,240.917,1.91829e-07,23.9322,303.213,1e-08,27.0895,381.602,7.0186e-08,30.6634,480.231,1e-08,34.7087,604.316,2.40784e-07,39.2876,760.401,9.87368e-08,44.4705,956.705,1.22263e-07,50.3371,1203.54,1e-08,56.9776,1513.81,1e-08,64.494,1903.69,1e-08,73.0018,2393.4,3.9185e-07,82.6317,3008.13,1.35379e-07,93.5318,3779.25,1e-08,105.869,4745.7,2.06965e-08,119.834,5955.6,1e-08,135.641,7468.12,1e-08,153.531,9355.62,2.00739e-07,173.781,11705.8,2.28358e-07,196.701,14624.1,1e-08,222.642,18235,1e-08,252.003,22683.4,1e-08,285.234,28134,1e-08,322.845,34767,2.34258e-07,365.413,42770.9,2.99668e-07,413.588,52327.9,8.28644e-08,468.111,63591.2,1e-08,529.814,76653.2,1e-08,599.642,91502.5,1e-08,678.662,107975,2.26339e-07,768.083,125705,3.69212e-07,869.267,144088,2.04077e-07,983.76,162277,1e-08,1113.3,179223,1e-08,1259.87,193777,1e-08,1425.68,204839,4.55555e-07,6.2823,3.27286,2.43537,0.219672,6.18826,2.24117,0.56371,6.87772,2.63624,0.308279,6,5,6,1,6,1,1,8,0,7,4,0,6,10,0,5,12,0,6,7,0,4,13,0,5,13,0,7,57,0,18,22,0,4,15,0,4,52,0,18,75,0,8,133,0,24,164,0,13,130,0,10,95,0,45,123,0,23,447,0,25,153,0,33,653,0,84,703,0,52,1233,0,36,1322,0,88,498,0,26,2068,0,64,2274,0,101,3033,0,31,2390,0,93,2633,0,128,1271,0,101,4393,0,210,3224,0,104,7331,0,207,20106,0,163,8037,0,271,18383,0,227,23849,0,195,27879,0,291,29694,0,443,34735,0,530,69129,0,311,37205,0,332,50018,0,516,175058,0,610,87342,0,627,93932,0,239,111802,0,2092,100084,0,1003,134998,0,1961,121203,0,872,213216,0
-1.05176e+08,1,8.88811e-15,10,1023,0,1.05176e+08,0.528882,1.08665,0.389689,0.145397,0.379329,3.24381,0.161596,0.446195,1.77396,0.159177,1.15e+07,4.49998e+06,6.79999e+06,1.15e+07,4.49997e+06,6.79999e+06,1.15e+07,4.49996e+06,6.79999e+06,1.15e+07,4.49995e+06,6.79999e+06,1.14999e+07,4.49993e+06,6.79999e+06,1.14999e+07,4.49991e+06,6.79999e+06,1.14999e+07,4.49989e+06,6.79999e+06,1.14999e+07,4.49986e+06,6.79999e+06,1.14999e+07,4.49982e+06,6.79999e+06,1.14999e+07,4.49977e+06,6.79999e+06,1.14999e+07,4.49971e+06,6.79999e+06,1.14999e+07,4.49963e+06,6.79999e+06,1.14998e+07,4.49953e+06,6.79999e+06,1.14998e+07,4.49941e+06,6.79999e+06,1.14998e+07,4.49926e+06,6.79999e+06,1.14998e+07,4.49906e+06,6.79999e+06,1.14997e+07,4.49882e+06,6.79999e+06,1.14997e+07,4.49851e+06,6.79999e+06,1.14997e+07,4.49812e+06,6.79999e+06,1.14996e+07,4.49764e+06,6.79999e+06,1.14996e+07,4.49702e+06,6.79999e+06,1.14995e+07,4.49625e+06,6.79999e+06,1.14995e+07,4.49528e+06,6.79999e+06,1.14994e+07,4.49406e+06,6.79999e+06,1.14993e+07,4.49253e+06,6.79999e+06,1.14992e+07,4.49059e+06,6.79999e+06,1.14991e+07,4.48817e+06,6.79999e+06,1.1499e+07,4.48511e+06,6.79999e+06,1.14988e+07,4.48128e+06,6.79999e+06,1.14987e+07,4.47646e+06,6.79999e+06,1.14985e+07,4.47041e+06,6.79999e+06,1.14983e+07,4.46281e+06,6.79999e+06,1.14981e+07,4.4533e+06,6.79999e+06,1.14979e+07,4.44138e+06,6.79999e+06,1.14976e+07,4.42649e+06,6.79999e+06,1.14972e+07,4.40789e+06,6.79999e+06,1.14969e+07,4.38471e+06,6.79999e+06,1.14965e+07,4.35592e+06,6.79999e+06,1.1496e+07,4.32027e+06,6.79999e+06,1.14955e+07,4.27629e+06,6.79999e+06,1.14949e+07,4.22231e+06,6.79999e+06,1.14942e+07,4.15647e+06,6.79999e+06,1.14934e+07,4.07676e+06,6.79999e+06,1.14926e+07,3.98112e+06,6.79999e+06,1.14916e+07,3.86765e+06,6.79999e+06,1.14905e+07,3.73474e+06,6.79999e+06,1.14892e+07,3.58148e+06,6.79999e+06,1.14878e+07,3.40785e+06,6.79999e+06,1.14862e+07,3.21513e+06,6.79999e+06,1.14844e+07,3.00605e+06,6.79999e+06,1.14823e+07,2.7848e+06,6.79999e+06,1.148e+07,2.5568e+06,6.79999e+06,1.14773e+07,2.32825e+06,6.79999e+06,13.5742,8.52444,0.508366,16.8306,13.2585,0.162638,20.0035,17.569,0.0507846,23.2616,22.4214,0.0158319,26.7328,28.3297,0.00493498,30.5212,35.6974,0.00153831,34.7178,44.9473,0.000479527,39.4086,56.5822,0.000149456,44.6796,71.2245,4.66214e-05,50.6209,89.6543,1.45419e-05,57.3297,112.852,4.54748e-06,64.9129,142.051,1.43857e-06,73.4897,178.803,4.36618e-07,83.1934,225.062,1.40153e-07,94.1745,283.286,4.96378e-08,106.602,356.568,1.05434e-07,120.669,448.799,-6.49244e-08,136.59,564.873,1.70148e-07,154.611,710.948,-5.34594e-08,175.008,894.767,1.63407e-07,198.097,1126.06,8.04804e-08,224.231,1417.07,1.14667e-07,253.813,1783.15,-1.71227e-07,287.297,2243.62,-2.88466e-07,325.198,2822.67,-4.33651e-07,368.098,3550.67,7.9318e-08,416.657,4465.65,3.13319e-07,471.621,5615.16,3.4613e-07,533.835,7058.61,-1.19199e-07,604.255,8870.02,-2.79964e-07,683.962,11141.4,-2.30521e-07,774.182,13986.7,-2.55099e-07,876.299,17546.4,1.23585e-07,991.883,21993.1,1.41192e-07,1122.71,27536.7,-9.71886e-08,1270.78,34430.7,-3.68368e-07,1438.38,42977.7,-3.45379e-07,1628.07,53532.7,-3.25328e-09,1842.77,66504.6,2.6362e-07,2085.77,82350.2,2.53445e-07,2360.79,101560,-2.47407e-08,2672.05,124632,-3.80602e-07,3024.31,152018,-4.79005e-07,3422.98,184060,-1.14379e-07,3874.15,220884,2.64297e-07,4384.72,262283,3.44131e-07,4962.49,307576,7.5349e-08,5616.29,355497,-3.63097e-07,6356.1,404126,-6.05442e-07,7193.18,450932,-2.72333e-07,8140.28,492963,2.29675e-07,9211.79,527178,4.3387e-07,10424,550893,-1.0711e-07,10.102,8.06553,2.81012,10.6436,8.57909,0.869423,11.5336,10.2515,0.270869,12.7211,12.7138,0.0844293,14.1823,15.9373,0.0263173,15.9122,20.0383,0.0082035,17.9198,25.2154,0.00255722,20.2244,31.7373,0.000797017,22.8539,39.9486,0.000248622,25.8438,50.2851,7.75492e-05,29.237,63.2963,2.42508e-05,33.0837,79.6738,7.67162e-06,37.4415,100.288,2.32837e-06,42.3767,126.236,7.33e-07,47.9646,158.896,2.79256e-07,54.2906,200.003,9.87351e-09,61.452,251.741,1.61085e-07,69.5585,316.859,-2.47141e-07,78.7347,398.812,8.93552e-08,89.1218,501.948,-2.53231e-07,100.879,631.736,-1.25047e-07,114.188,795.049,-1.78808e-07,129.252,1000.53,2.6733e-07,146.304,1259.03,4.50292e-07,165.605,1584.19,6.76904e-07,187.452,1993.12,-1.23808e-07,212.181,2507.27,-4.89068e-07,240.173,3153.54,-5.40284e-07,271.856,3965.56,1.86061e-07,307.719,4985.38,4.37004e-07,348.313,6265.4,3.59828e-07,394.26,7870.83,3.98192e-07,446.268,9882.51,-1.92908e-07,505.135,12400.3,-2.20392e-07,571.766,15546.9,1.51705e-07,647.184,19472.2,5.74996e-07,732.547,24357.4,5.39112e-07,829.167,30420,5.07815e-09,938.526,37916.3,-4.11492e-07,1062.3,47143.9,-3.9561e-07,1202.4,58439.2,3.86185e-08,1360.96,72169.3,5.94093e-07,1540.42,88715.8,7.47693e-07,1743.53,108445,1.78537e-07,1973.41,131665,-4.12549e-07,2233.57,158557,-5.37164e-07,2528,189103,-1.17615e-07,2861.2,222986,5.66769e-07,3238.27,259510,9.45053e-07,3664.97,297540,4.25093e-07,4147.81,335497,-3.58506e-07,4694.17,371444,-6.7724e-07,5312.37,403256,1.67192e-07,1.61744,3.89446,9.84394,3.28846,7.5504,12.774,5.07607,11.7187,13.6844,7.03202,16.8147,13.9681,9.20215,23.1769,14.0566,11.6301,31.1672,14.0841,14.3598,41.2186,14.0927,17.4376,53.8688,14.0954,20.9137,69.7915,14.0962,24.8432,89.8341,14.0965,29.2879,115.063,14.0966,34.3168,146.819,14.0966,40.0078,186.792,14.0966,46.4487,237.107,14.0966,53.7388,300.44,14.0966,61.9903,380.158,14.0966,71.3301,480.499,14.0966,81.902,606.796,14.0966,93.8685,765.761,14.0966,107.414,965.837,14.0966,122.746,1217.65,14.0966,140.101,1534.57,14.0966,159.745,1933.41,14.0966,181.981,2435.3,14.0966,207.15,3066.85,14.0966,235.64,3861.46,14.0966,267.889,4861.11,14.0966,304.391,6118.54,14.0966,345.709,7699.91,14.0966,392.478,9688.22,14.0966,445.417,12187.5,14.0966,505.339,15327.7,14.0966,573.165,19271.6,14.0966,649.938,24222,14.0966,736.839,30430.9,14.0966,835.202,38211.5,14.0966,946.539,47950.3,14.0966,1072.56,60122.8,14.0966,1215.21,75309.9,14.0966,1376.66,94216.2,14.0966,1559.41,117688,14.0966,1766.26,146729,14.0966,2000.39,182510,14.0966,2265.39,226372,14.0966,2565.33,279806,14.0966,2904.81,344416,14.0966,3289.05,421845,14.0966,3723.93,513667,14.0966,4216.13,621231,14.0966,4773.18,745478,14.0966,5403.64,886744,14.0966,6117.15,1.04457e+06,14.0966,6924.63,1.2176e+06,14.0966,11.7194,11.96,12.6541,13.9321,16.1295,13.6434,16.6097,21.9702,13.9553,19.7532,29.5285,14.0526,23.3844,39.1143,14.0829,27.5423,51.2054,14.0923,32.2796,66.434,14.0953,37.662,85.6061,14.0962,43.7675,109.74,14.0965,50.687,140.119,14.0966,58.5249,178.359,14.0966,67.4005,226.493,14.0966,77.4493,287.08,14.0966,88.8254,363.343,14.0966,101.703,459.336,14.0966,116.281,580.161,14.0966,132.782,732.241,14.0966,151.46,923.655,14.0966,172.603,1164.57,14.0966,196.535,1467.79,14.0966,223.625,1849.39,14.0966,254.288,2329.62,14.0966,288.997,2933.93,14.0966,328.285,3694.33,14.0966,372.755,4651.04,14.0966,423.092,5854.57,14.0966,480.07,7368.38,14.0966,544.564,9272.08,14.0966,617.566,11665.5,14.0966,700.197,14673.6,14.0966,793.729,18452.9,14.0966,899.599,23198.6,14.0966,1019.43,29154.1,14.0966,1155.07,36622.3,14.0966,1308.6,45977.9,14.0966,1482.39,57683.7,14.0966,1679.09,72307.8,14.0966,1901.73,90542.8,14.0966,2153.73,113226,14.0966,2438.97,141360,14.0966,2761.81,176127,14.0966,3127.22,218898,14.0966,3540.81,271226,14.0966,4008.92,334817,14.0966,4538.74,411470,14.0966,5138.38,502973,14.0966,5817.04,610948,14.0966,6585.12,736653,14.0966,7454.39,880741,14.0966,8438.15,1.04302e+06,14.0966,9551.45,1.22224e+06,14.0966,10811.3,1.41602e+06,14.0966,12237,1.62086e+06,14.0966,11.7194,11.96,12.6541,2.21263,4.16949,0.989383,2.67766,5.84076,0.311842,3.14343,7.55825,0.0972771,3.63127,9.58578,0.0303237,4.15787,12.0912,0.00945211,4.73731,15.2286,0.00294633,5.38238,19.1721,0.000918508,6.10553,24.134,0.000286163,6.91951,30.3791,8.92692e-05,7.83792,38.2397,2.78121e-05,8.87555,48.1338,8.65134e-06,10.0489,60.5876,2.7882e-06,11.3761,76.2629,8.29036e-07,12.8779,95.9927,2.4373e-07,14.5775,120.825,4.33068e-09,16.5012,152.08,1.75749e-07,18.6784,191.415,-1.86328e-07,21.1428,240.917,1.91829e-07,23.9322,303.213,-1.81475e-07,27.0895,381.602,7.0186e-08,30.6634,480.231,-2.86769e-08,34.7087,604.316,2.40784e-07,39.2876,760.401,9.87368e-08,44.4705,956.705,1.22263e-07,50.3371,1203.54,-4.31966e-07,56.9776,1513.81,-1.9705e-07,64.494,1903.69,-2.763e-08,73.0018,2393.4,3.9185e-07,82.6317,3008.13,1.35379e-07,93.5318,3779.25,-4.16351e-08,105.869,4745.7,2.06965e-08,119.834,5955.6,-3.18887e-07,135.641,7468.12,-1.48271e-08,153.531,9355.62,2.00739e-07,173.781,11705.8,2.28358e-07,196.701,14624.1,-1.93587e-08,222.642,18235,-2.88101e-07,252.003,22683.4,-2.24732e-07,285.234,28134,8.56806e-09,322.845,34767,2.34258e-07,365.413,42770.9,2.99668e-07,413.588,52327.9,8.28644e-08,468.111,63591.2,-3.07049e-07,529.814,76653.2,-3.1888e-07,599.642,91502.5,-6.72276e-08,678.662,107975,2.26339e-07,768.083,125705,3.69212e-07,869.267,144088,2.04077e-07,983.76,162277,-2.80509e-07,1113.3,179223,-4.22737e-07,1259.87,193777,-1.71951e-07,1425.68,204839,4.55555e-07,11.7194,11.96,12.6541,2.21263,4.16949,0.989383,2.67766,5.84076,0.311842,3.14343,7.55825,0.0972771,3.63127,9.58578,0.0303237,4.15787,12.0912,0.00945211,4.73731,15.2286,0.00294633,5.38238,19.1721,0.000918508,6.10553,24.134,0.000286163,6.91951,30.3791,8.92692e-05,7.83792,38.2397,2.78121e-05,8.87555,48.1338,8.65134e-06,10.0489,60.5876,2.7882e-06,11.3761,76.2629,8.29036e-07,12.8779,95.9927,2.4373e-07,14.5775,120.825,1e-08,16.5012,152.08,1.75749e-07,18.6784,191.415,1e-08,21.1428,240.917,1.91829e-07,23.9322,303.213,1e-08,27.0895,381.602,7.0186e-08,30.6634,480.231,1e-08,34.7087,604.316,2.40784e-07,39.2876,760.401,9.87368e-08,44.4705,956.705,1.22263e-07,50.3371,1203.54,1e-08,56.9776,1513.81,1e-08,64.494,1903.69,1e-08,73.0018,2393.4,3.9185e-07,82.6317,3008.13,1.35379e-07,93.5318,3779.25,1e-08,105.869,4745.7,2.06965e-08,119.834,5955.6,1e-08,135.641,7468.12,1e-08,153.531,9355.62,2.00739e-07,173.781,11705.8,2.28358e-07,196.701,14624.1,1e-08,222.642,18235,1e-08,252.003,22683.4,1e-08,285.234,28134,1e-08,322.845,34767,2.34258e-07,365.413,42770.9,2.99668e-07,413.588,52327.9,8.28644e-08,468.111,63591.2,1e-08,529.814,76653.2,1e-08,599.642,91502.5,1e-08,678.662,107975,2.26339e-07,768.083,125705,3.69212e-07,869.267,144088,2.04077e-07,983.76,162277,1e-08,1113.3,179223,1e-08,1259.87,193777,1e-08,1425.68,204839,4.55555e-07,6.2823,3.27286,2.43537,0.219672,6.18826,2.24117,0.56371,6.87772,2.63624,0.308279,11,6,5,0,3,2,3,3,0,2,5,0,6,10,0,5,16,0,2,23,0,12,15,0,2,22,0,1,21,0,4,30,0,1,64,0,8,98,0,11,166,0,8,61,0,7,140,0,1,211,0,16,88,0,20,387,0,9,397,0,28,230,0,24,865,0,38,847,0,27,1462,0,59,1313,0,14,1772,0,47,1373,0,30,1576,0,69,2265,0,119,3008,0,64,3323,0,147,4843,0,89,3441,0,98,10004,0,175,7035,0,249,7204,0,128,19006,0,184,31425,0,256,14171,0,232,15939,0,275,37917,0,616,55514,0,636,46116,0,339,85411,0,252,51150,0,654,50690,0,669,153765,0,424,116584,0,674,145930,0,1711,273251,0,735,84654,0,688,117443,0,1718,98500,0
-1.05176e+08,1,8.88811e-15,10,1023,0,1.05176e+08,0.528882,1.08665,0.389689,0.145397,0.379329,3.24381,0.161596,0.446195,1.77396,0.159177,1.15e+07,4.49998e+06,6.79999e+06,1.15e+07,4.49997e+06,6.79999e+06,1.15e+07,4.49996e+06,6.79999e+06,1.15e+07,4.49995e+06,6.79999e+06,1.14999e+07,4.49993e+06,6.79999e+06,1.14999e+07,4.49991e+06,6.79999e+06,1.14999e+07,4.49989e+06,6.79999e+06,1.14999e+07,4.49986e+06,6.79999e+06,1.14999e+07,4.49982e+06,6.79999e+06,1.14999e+07,4.49977e+06,6.79999e+06,1.14999e+07,4.49971e+06,6.79999e+06,1.14999e+07,4.49963e+06,6.79999e+06,1.14998e+07,4.49953e+06,6.79999e+06,1.14998e+07,4.49941e+06,6.79999e+06,1.14998e+07,4.49926e+06,6.79999e+06,1.14998e+07,4.49906e+06,6.79999e+06,1.14997e+07,4.49882e+06,6.79999e+06,1.14997e+07,4.49851e+06,6.79999e+06,1.14997e+07,4.49812e+06,6.79999e+06,1.14996e+07,4.49764e+06,6.79999e+06,1.14996e+07,4.49702e+06,6.79999e+06,1.14995e+07,4.49625e+06,6.79999e+06,1.14995e+07,4.49528e+06,6.79999e+06,1.14994e+07,4.49406e+06,6.79999e+06,1.14993e+07,4.49253e+06,6.79999e+06,1.14992e+07,4.49059e+06,6.79999e+06,1.14991e+07,4.48817e+06,6.79999e+06,1.1499e+07,4.48511e+06,6.79999e+06,1.14988e+07,4.48128e+06,6.79999e+06,1.14987e+07,4.47646e+06,6.79999e+06,1.14985e+07,4.47041e+06,6.79999e+06,1.14983e+07,4.46281e+06,6.79999e+06,1.14981e+07,4.4533e+06,6.79999e+06,1.14979e+07,4.44138e+06,6.79999e+06,1.14976e+07,4.42649e+06,6.79999e+06,1.14972e+07,4.40789e+06,6.79999e+06,1.14969e+07,4.38471e+06,6.79999e+06,1.14965e+07,4.35592e+06,6.79999e+06,1.1496e+07,4.32027e+06,6.79999e+06,1.14955e+07,4.27629e+06,6.79999e+06,1.14949e+07,4.22231e+06,6.79999e+06,1.14942e+07,4.15647e+06,6.79999e+06,1.14934e+07,4.07676e+06,6.79999e+06,1.14926e+07,3.98112e+06,6.79999e+06,1.14916e+07,3.86765e+06,6.79999e+06,1.14905e+07,3.73474e+06,6.79999e+06,1.14892e+07,3.58148e+06,6.79999e+06,1.14878e+07,3.40785e+06,6.79999e+06,1.14862e+07,3.21513e+06,6.79999e+06,1.14844e+07,3.00605e+06,6.79999e+06,1.14823e+07,2.7848e+06,6.79999e+06,1.148e+07,2.5568e+06,6.79999e+06,1.14773e+07,2.32825e+06,6.79999e+06,13.5742,8.52444,0.508366,16.8306,13.2585,0.162638,20.0035,17.569,0.0507846,23.2616,22.4214,0.0158319,26.7328,28.3297,0.00493498,30.5212,35.6974,0.00153831,34.7178,44.9473,0.000479527,39.4086,56.5822,0.000149456,44.6796,71.2245,4.66214e-05,50.6209,89.6543,1.45419e-05,57.3297,112.852,4.54748e-06,64.9129,142.051,1.43857e-06,73.4897,178.803,4.36618e-07,83.1934,225.062,1.40153e-07,94.1745,283.286,4.96378e-08,106.602,356.568,1.05434e-07,120.669,448.799,-6.49244e-08,136.59,564.873,1.70148e-07,154.611,710.948,-5.34594e-08,175.008,894.767,1.63407e-07,198.097,1126.06,8.04804e-08,224.231,1417.07,1.14667e-07,253.813,1783.15,-1.71227e-07,287.297,2243.62,-2.88466e-07,325.198,2822.67,-4.33651e-07,368.098,3550.67,7.9318e-08,416.657,4465.65,3.13319e-07,471.621,5615.16,3.4613e-07,533.835,7058.61,-1.19199e-07,604.255,8870.02,-2.79964e-07,683.962,11141.4,-2.30521e-07,774.182,13986.7,-2.55099e-07,876.299,17546.4,1.23585e-07,991.883,21993.1,1.41192e-07,1122.71,27536.7,-9.71886e-08,1270.78,34430.7,-3.68368e-07,1438.38,42977.7,-3.45379e-07,1628.07,53532.7,-3.25328e-09,1842.77,66504.6,2.6362e-07,2085.77,82350.2,2.53445e-07,2360.79,101560,-2.47407e-08,2672.05,124632,-3.80602e-07,3024.31,152018,-4.79005e-07,3422.98,184060,-1.14379e-07,3874.15,220884,2.64297e-07,4384.72,262283,3.44131e-07,4962.49,307576,7.5349e-08,5616.29,355497,-3.63097e-07,6356.1,404126,-6.05442e-07,7193.18,450932,-2.72333e-07,8140.28,492963,2.29675e-07,9211.79,527178,4.3387e-07,10424,550893,-1.0711e-07,10.102,8.06553,2.81012,10.6436,8.57909,0.869423,11.5336,10.2515,0.270869,12.7211,12.7138,0.0844293,14.1823,15.9373,0.0263173,15.9122,20.0383,0.0082035,17.9198,25.2154,0.00255722,20.2244,31.7373,0.000797017,22.8539,39.9486,0.000248622,25.8438,50.2851,7.75492e-05,29.237,63.2963,2.42508e-05,33.0837,79.6738,7.67162e-06,37.4415,100.288,2.32837e-06,42.3767,126.236,7.33e-07,47.9646,158.896,2.79256e-07,54.2906,200.003,9.87351e-09,61.452,251.741,1.61085e-07,69.5585,316.859,-2.47141e-07,78.7347,398.812,8.93552e-08,89.1218,501.948,-2.53231e-07,100.879,631.736,-1.25047e-07,114.188,795.049,-1.78808e-07,129.252,1000.53,2.6733e-07,146.304,1259.03,4.50292e-07,165.605,1584.19,6.76904e-07,187.452,1993.12,-1.23808e-07,212.181,2507.27,-4.89068e-07,240.173,3153.54,-5.40284e-07,271.856,3965.56,1.86061e-07,307.719,4985.38,4.37004e-07,348.313,6265.4,3.59828e-07,394.26,7870.83,3.98192e-07,446.268,9882.51,-1.92908e-07,505.135,12400.3,-2.20392e-07,571.766,15546.9,1.51705e-07,647.184,19472.2,5.74996e-07,732.547,24357.4,5.39112e-07,829.167,30420,5.07815e-09,938.526,37916.3,-4.11492e-07,1062.3,47143.9,-3.9561e-07,1202.4,58439.2,3.86185e-08,1360.96,72169.3,5.94093e-07,1540.42,88715.8,7.47693e-07,1743.53,108445,1.78537e-07,1973.41,131665,-4.12549e-07,2233.57,158557,-5.37164e-07,2528,189103,-1.17615e-07,2861.2,222986,5.66769e-07,3238.27,259510,9.45053e-07,3664.97,297540,4.25093e-07,4147.81,335497,-3.58506e-07,4694.17,371444,-6.7724e-07,5312.37,403256,1.67192e-07,1.61744,3.89446,9.84394,3.28846,7.5504,12.774,5.07607,11.7187,13.6844,7.03202,16.8147,13.9681,9.20215,23.1769,14.0566,11.6301,31.1672,14.0841,14.3598,41.2186,14.0927,17.4376,53.8688,14.0954,20.9137,69.7915,14.0962,24.8432,89.8341,14.0965,29.2879,115.063,14.0966,34.3168,146.819,14.0966,40.0078,186.792,14.0966,46.4487,237.107,14.0966,53.7388,300.44,14.0966,61.9903,380.158,14.0966,71.3301,480.499,14.0966,81.902,606.796,14.0966,93.8685,765.761,14.0966,107.414,965.837,14.0966,122.746,1217.65,14.0966,140.101,1534.57,14.0966,159.745,1933.41,14.0966,181.981,2435.3,14.0966,207.15,3066.85,14.0966,235.64,3861.46,14.0966,267.889,4861.11,14.0966,304.391,6118.54,14.0966,345.709,7699.91,14.0966,392.478,9688.22,14.0966,445.417,12187.5,14.0966,505.339,15327.7,14.0966,573.165,19271.6,14.0966,649.938,24222,14.0966,736.839,30430.9,14.0966,835.202,38211.5,14.0966,946.539,47950.3,14.0966,1072.56,60122.8,14.0966,1215.21,75309.9,14.0966,1376.66,94216.2,14.0966,1559.41,117688,14.0966,1766.26,146729,14.0966,2000.39,182510,14.0966,2265.39,226372,14.0966,2565.33,279806,14.0966,2904.81,344416,14.0966,3289.05,421845,14.0966,3723.93,513667,14.0966,4216.13,621231,14.0966,4773.18,745478,14.0966,5403.64,886744,14.0966,6117.15,1.04457e+06,14.0966,6924.63,1.2176e+06,14.0966,11.7194,11.96,12.6541,13.9321,16.1295,13.6434,16.6097,21.9702,13.9553,19.7532,29.5285,14.0526,23.3844,39.1143,14.0829,27.5423,51.2054,14.0923,32.2796,66.434,14.0953,37.662,85.6061,14.0962,43.7675,109.74,14.0965,50.687,140.119,14.0966,58.5249,178.359,14.0966,67.4005,226.493,14.0966,77.4493,287.08,14.0966,88.8254,363.343,14.0966,101.703,459.336,14.0966,116.281,580.161,14.0966,132.782,732.241,14.0966,151.46,923.655,14.0966,172.603,1164.57,14.0966,196.535,1467.79,14.0966,223.625,1849.39,14.0966,254.288,2329.62,14.0966,288.997,2933.93,14.0966,328.285,3694.33,14.0966,372.755,4651.04,14.0966,423.092,5854.57,14.0966,480.07,7368.38,14.0966,544.564,9272.08,14.0966,617.566,11665.5,14.0966,700.197,14673.6,14.0966,793.729,18452.9,14.0966,899.599,23198.6,14.0966,1019.43,29154.1,14.0966,1155.07,36622.3,14.0966,1308.6,45977.9,14.0966,1482.39,57683.7,14.0966,1679.09,72307.8,14.0966,1901.73,90542.8,14.0966,2153.73,113226,14.0966,2438.97,141360,14.0966,2761.81,176127,14.0966,3127.22,218898,14.0966,3540.81,271226,14.0966,4008.92,334817,14.0966,4538.74,411470,14.0966,5138.38,502973,14.0966,5817.04,610948,14.0966,6585.12,736653,14.0966,7454.39,880741,14.0966,8438.15,1.04302e+06,14.0966,9551.45,1.22224e+06,14.0966,10811.3,1.41602e+06,14.0966,12237,1.62086e+06,14.0966,11.7194,11.96,12.6541,2.21263,4.16949,0.989383,2.67766,5.84076,0.311842,3.14343,7.55825,0.0972771,3.63127,9.58578,0.0303237,4.15787,12.0912,0.00945211,4.73731,15.2286,0.00294633,5.38238,19.1721,0.000918508,6.10553,24.134,0.000286163,6.91951,30.3791,8.92692e-05,7.83792,38.2397,2.78121e-05,8.87555,48.1338,8.65134e-06,10.0489,60.5876,2.7882e-06,11.3761,76.2629,8.29036e-07,12.8779,95.9927,2.4373e-07,14.5775,120.825,4.33068e-09,16.5012,152.08,1.75749e-07,18.6784,191.415,-1.86328e-07,21.1428,240.917,1.91829e-07,23.9322,303.213,-1.81475e-07,27.0895,381.602,7.0186e-08,30.6634,480.231,-2.86769e-08,34.7087,604.316,2.40784e-07,39.2876,760.401,9.87368e-08,44.4705,956.705,1.22263e-07,50.3371,1203.54,-4.31966e-07,56.9776,1513.81,-1.9705e-07,64.494,1903.69,-2.763e-08,73.0018,2393.4,3.9185e-07,82.6317,3008.13,1.35379e-07,93.5318,3779.25,-4.16351e-08,105.869,4745.7,2.06965e-08,119.834,5955.6,-3.18887e-07,135.641,7468.12,-1.48271e-08,153.531,9355.62,2.00739e-07,173.781,11705.8,2.28358e-07,196.701,14624.1,-1.93587e-08,222.642,18235,-2.88101e-07,252.003,22683.4,-2.24732e-07,285.234,28134,8.56806e-09,322.845,34767,2.34258e-07,365.413,42770.9,2.99668e-07,413.588,52327.9,8.28644e-08,468.111,63591.2,-3.07049e-07,529.814,76653.2,-3.1888e-07,599.642,91502.5,-6.72276e-08,678.662,107975,2.26339e-07,768.083,125705,3.69212e-07,869.267,144088,2.04077e-07,983.76,162277,-2.80509e-07,1113.3,179223,-4.22737e-07,1259.87,193777,-1.71951e-07,1425.68,204839,4.55555e-07,11.7194,11.96,12.6541,2.21263,4.16949,0.989383,2.67766,5.84076,0.311842,3.14343,7.55825,0.0972771,3.63127,9.58578,0.0303237,4.15787,12.0912,0.00945211,4.73731,15.2286,0.00294633,5.38238,19.1721,0.000918508,6.10553,24.134,0.000286163,6.91951,30.3791,8.92692e-05,7.83792,38.2397,2.78121e-05,8.87555,48.1338,8.65134e-06,10.0489,60.5876,2.7882e-06,11.3761,76.2629,8.29036e-07,12.8779,95.9927,2.4373e-07,14.5775,120.825,1e-08,16.5012,152.08,1.75749e-07,18.6784,191.415,1e-08,21.1428,240.917,1.91829e-07,23.9322,303.213,1e-08,27.0895,381.602,7.0186e-08,30.6634,480.231,1e-08,34.7087,604.316,2.40784e-07,39.2876,760.401,9.87368e-08,44.4705,956.705,1.22263e-07,50.3371,1203.54,1e-08,56.9776,1513.81,1e-08,64.494,1903.69,1e-08,73.0018,2393.4,3.9185e-07,82.6317,3008.13,1.35379e-07,93.5318,3779.25,1e-08,105.869,4745.7,2.06965e-08,119.834,5955.6,1e-08,135.641,7468.12,1e-08,153.531,9355.62,2.00739e-07,173.781,11705.8,2.28358e-07,196.701,14624.1,1e-08,222.642,18235,1e-08,252.003,22683.4,1e-08,285.234,28134,1e-08,322.845,34767,2.34258e-07,365.413,42770.9,2.99668e-07,413.588,52327.9,8.28644e-08,468.111,63591.2,1e-08,529.814,76653.2,1e-08,599.642,91502.5,1e-08,678.662,107975,2.26339e-07,768.083,125705,3.69212e-07,869.267,144088,2.04077e-07,983.76,162277,1e-08,1113.3,179223,1e-08,1259.87,193777,1e-08,1425.68,204839,4.55555e-07,6.2823,3.27286,2.43537,0.219672,6.18826,2.24117,0.56371,6.87772,2.63624,0.308279,12,26,3,4,3,2,5,6,2,2,7,0,5,3,0,6,13,0,5,16,0,9,34,0,9,23,0,5,13,0,9,29,0,10,52,0,20,83,0,9,61,0,15,84,0,4,157,0,30,164,0,5,51,0,13,487,0,28,583,0,40,220,0,22,720,0,31,763,0,28,547,0,85,538,0,29,1581,0,60,977,0,137,1664,0,47,2332,0,30,4472,0,62,2392,0,35,2877,0,104,7216,0,226,10953,0,113,10690,0,174,20530,0,145,9202,0,170,7536,0,212,21936,0,179,43180,0,162,29875,0,261,37446,0,207,42646,0,325,23166,0,772,101954,0,447,42590,0,1181,111133,0,1232,150601,0,1855,140780,0,1107,135489,0,617,165000,0,1200,118780,0,956,184990,0
-1.05176e+08,1,8.88811e-15,10,1023,0,1.05176e+08,0.528882,1.08665,0.389689,0.145397,0.379329,3.24381,0.161596,0.446195,1.77396,0.159177,1.15e+07,4.49998e+06,6.79999e+06,1.15e+07,4.49997e+06,6.79999e+06,1.15e+07,4.49996e+06,6.79999e+06,1.15e+07,4.49995e+06,6.79999e+06,1.14999e+07,4.49993e+06,6.79999e+06,1.14999e+07,4.49991e+06,6.79999e+06,1.14999e+07,4.49989e+06,6.79999e+06,1.14999e+07,4.49986e+06,6.79999e+06,1.14999e+07,4.49982e+06,6.79999e+06,1.14999e+07,4.49977e+06,6.79999e+06,1.14999e+07,4.49971e+06,6.79999e+06,1.14999e+07,4.49963e+06,6.79999e+06,1.14998e+07,4.49953e+06,6.79999e+06,1.14998e+07,4.49941e+06,6.79999e+06,1.14998e+07,4.49926e+06,6.79999e+06,1.14998e+07,4.49906e+06,6.79999e+06,1.14997e+07,4.49882e+06,6.79999e+06,1.14997e+07,4.49851e+06,6.79999e+06,1.14997e+07,4.49812e+06,6.79999e+06,1.14996e+07,4.49764e+06,6.79999e+06,1.14996e+07,4.49702e+06,6.79999e+06,1.14995e+07,4.49625e+06,6.79999e+06,1.14995e+07,4.49528e+06,6.79999e+06,1.14994e+07,4.49406e+06,6.79999e+06,1.14993e+07,4.49253e+06,6.79999e+06,1.14992e+07,4.49059e+06,6.79999e+06,1.14991e+07,4.48817e+06,6.79999e+06,1.1499e+07,4.48511e+06,6.79999e+06,1.14988e+07,4.48128e+06,6.79999e+06,1.14987e+07,4.47646e+06,6.79999e+06,1.14985e+07,4.47041e+06,6.79999e+06,1.14983e+07,4.46281e+06,6.79999e+06,1.14981e+07,4.4533e+06,6.79999e+06,1.14979e+07,4.44138e+06,6.79999e+06,1.14976e+07,4.42649e+06,6.79999e+06,1.14972e+07,4.40789e+06,6.79999e+06,1.14969e+07,4.38471e+06,6.79999e+06,1.14965e+07,4.35592e+06,6.79999e+06,1.1496e+07,4.32027e+06,6.79999e+06,1.14955e+07,4.27629e+06,6.79999e+06,1.14949e+07,4.22231e+06,6.79999e+06,1.14942e+07,4.15647e+06,6.79999e+06,1.14934e+07,4.07676e+06,6.79999e+06,1.14926e+07,3.98112e+06,6.79999e+06,1.14916e+07,3.86765e+06,6.79999e+06,1.14905e+07,3.73474e+06,6.79999e+06,1.14892e+07,3.58148e+06,6.79999e+06,1.14878e+07,3.40785e+06,6.79999e+06,1.14862e+07,3.21513e+06,6.79999e+06,1.14844e+07,3.00605e+06,6.79999e+06,1.14823e+07,2.7848e+06,6.79999e+06,1.148e+07,2.5568e+06,6.79999e+06,1.14773e+07,2.32825e+06,6.79999e+06,13.5742,8.52444,0.508366,16.8306,13.2585,0.162638,20.0035,17.569,0.0507846,23.2616,22.4214,0.0158319,26.7328,28.3297,0.00493498,30.5212,35.6974,0.00153831,34.7178,44.9473,0.000479527,39.4086,56.5822,0.000149456,44.6796,71.2245,4.66214e-05,50.6209,89.6543,1.45419e-05,57.3297,112.852,4.54748e-06,64.9129,142.051,1.43857e-06,73.4897,178.803,4.36618e-07,83.1934,225.062,1.40153e-07,94.1745,283.286,4.96378e-08,106.602,356.568,1.05434e-07,120.669,448.799,-6.49244e-08,136.59,564.873,1.70148e-07,154.611,710.948,-5.34594e-08,175.008,894.767,1.63407e-07,198.097,1126.06,8.04804e-08,224.231,1417.07,1.14667e-07,253.813,1783.15,-1.71227e-07,287.297,2243.62,-2.88466e-07,325.198,2822.67,-4.33651e-07,368.098,3550.67,7.9318e-08,416.657,4465.65,3.13319e-07,471.621,5615.16,3.4613e-07,533.835,7058.61,-1.19199e-07,604.255,8870.02,-2.79964e-07,683.962,11141.4,-2.30521e-07,774.182,13986.7,-2.55099e-07,876.299,17546.4,1.23585e-07,991.883,21993.1,1.41192e-07,1122.71,27536.7,-9.71886e-08,1270.78,34430.7,-3.68368e-07,1438.38,42977.7,-3.45379e-07,1628.07,53532.7,-3.25328e-09,1842.77,66504.6,2.6362e-07,2085.77,82350.2,2.53445e-07,2360.79,101560,-2.47407e-08,2672.05,124632,-3.80602e-07,3024.31,152018,-4.79005e-07,3422.98,184060,-1.14379e-07,3874.15,220884,2.64297e-07,4384.72,262283,3.44131e-07,4962.49,307576,7.5349e-08,5616.29,355497,-3.63097e-07,6356.1,404126,-6.05442e-07,7193.18,450932,-2.72333e-07,8140.28,492963,2.29675e-07,9211.79,527178,4.3387e-07,10424,550893,-1.0711e-07,10.102,8.06553,2.81012,10.6436,8.57909,0.869423,11.5336,10.2515,0.270869,12.7211,12.7138,0.0844293,14.1823,15.9373,0.0263173,15.9122,20.0383,0.0082035,17.9198,25.2154,0.00255722,20.2244,31.7373,0.000797017,22.8539,39.9486,0.000248622,25.8438,50.2851,7.75492e-05,29.237,63.2963,2.42508e-05,33.0837,79.6738,7.67162e-06,37.4415,100.288,2.32837e-06,42.3767,126.236,7.33e-07,47.9646,158.896,2.79256e-07,54.2906,200.003,9.87351e-09,61.452,251.741,1.61085e-07,69.5585,316.859,-2.47141e-07,78.7347,398.812,8.93552e-08,89.1218,501.948,-2.53231e-07,100.879,631.736,-1.25047e-07,114.188,795.049,-1.78808e-07,129.252,1000.53,2.6733e-07,146.304,1259.03,4.50292e-07,165.605,1584.19,6.76904e-07,187.452,1993.12,-1.23808e-07,212.181,2507.27,-4.89068e-07,240.173,3153.54,-5.40284e-07,271.856,3965.56,1.86061e-07,307.719,4985.38,4.37004e-07,348.313,6265.4,3.59828e-07,394.26,7870.83,3.98192e-07,446.268,9882.51,-1.92908e-07,505.135,12400.3,-2.20392e-07,571.766,15546.9,1.51705e-07,647.184,19472.2,5.74996e-07,732.547,24357.4,5.39112e-07,829.167,30420,5.07815e-09,938.526,37916.3,-4.11492e-07,1062.3,47143.9,-3.9561e-07,1202.4,58439.2,3.86185e-08,1360.96,72169.3,5.94093e-07,1540.42,88715.8,7.47693e-07,1743.53,108445,1.78537e-07,1973.41,131665,-4.12549e-07,2233.57,158557,-5.37164e-07,2528,189103,-1.17615e-07,2861.2,222986,5.66769e-07,3238.27,259510,9.45053e-07,3664.97,297540,4.25093e-07,4147.81,335497,-3.58506e-07,4694.17,371444,-6.7724e-07,5312.37,403256,1.67192e-07,1.61744,3.89446,9.84394,3.28846,7.5504,12.774,5.07607,11.7187,13.6844,7.03202,16.8147,13.9681,9.20215,23.1769,14.0566,11.6301,31.1672,14.0841,14.3598,41.2186,14.0927,17.4376,53.8688,14.0954,20.9137,69.7915,14.0962,24.8432,89.8341,14.0965,29.2879,115.063,14.0966,34.3168,146.819,14.0966,40.0078,186.792,14.0966,46.4487,237.107,14.0966,53.7388,300.44,14.0966,61.9903,380.158,14.0966,71.3301,480.499,14.0966,81.902,606.796,14.0966,93.8685,765.761,14.0966,107.414,965.837,14.0966,122.746,1217.65,14.0966,140.101,1534.57,14.0966,159.745,1933.41,14.0966,181.981,2435.3,14.0966,207.15,3066.85,14.0966,235.64,3861.46,14.0966,267.889,4861.11,14.0966,304.391,6118.54,14.0966,345.709,7699.91,14.0966,392.478,9688.22,14.0966,445.417,12187.5,14.0966,505.339,15327.7,14.0966,573.165,19271.6,14.0966,649.938,24222,14.0966,736.839,30430.9,14.0966,835.202,38211.5,14.0966,946.539,47950.3,14.0966,1072.56,60122.8,14.0966,1215.21,75309.9,14.0966,1376.66,94216.2,14.0966,1559.41,117688,14.0966,1766.26,146729,14.0966,2000.39,182510,14.0966,2265.39,226372,14.0966,2565.33,279806,14.0966,2904.81,344416,14.0966,3289.05,421845,14.0966,3723.93,513667,14.0966,4216.13,621231,14.0966,4773.18,745478,14.0966,5403.64,886744,14.0966,6117.15,1.04457e+06,14.0966,6924.63,1.2176e+06,14.0966,11.7194,11.96,12.6541,13.9321,16.1295,13.6434,16.6097,21.9702,13.9553,19.7532,29.5285,14.0526,23.3844,39.1143,14.0829,27.5423,51.2054,14.0923,32.2796,66.434,14.0953,37.662,85.6061,14.0962,43.7675,109.74,14.0965,50.687,140.119,14.0966,58.5249,178.359,14.0966,67.4005,226.493,14.0966,77.4493,287.08,14.0966,88.8254,363.343,14.0966,101.703,459.336,14.0966,116.281,580.161,14.0966,132.782,732.241,14.0966,151.46,923.655,14.0966,172.603,1164.57,14.0966,196.535,1467.79,14.0966,223.625,1849.39,14.0966,254.288,2329.62,14.0966,288.997,2933.93,14.0966,328.285,3694.33,14.0966,372.755,4651.04,14.0966,423.092,5854.57,14.0966,480.07,7368.38,14.0966,544.564,9272.08,14.0966,617.566,11665.5,14.0966,700.197,14673.6,14.0966,793.729,18452.9,14.0966,899.599,23198.6,14.0966,1019.43,29154.1,14.0966,1155.07,36622.3,14.0966,1308.6,45977.9,14.0966,1482.39,57683.7,14.0966,1679.09,72307.8,14.0966,1901.73,90542.8,14.0966,2153.73,113226,14.0966,2438.97,141360,14.0966,2761.81,176127,14.0966,3127.22,218898,14.0966,3540.81,271226,14.0966,4008.92,334817,14.0966,4538.74,411470,14.0966,5138.38,502973,14.0966,5817.04,610948,14.0966,6585.12,736653,14.0966,7454.39,880741,14.0966,8438.15,1.04302e+06,14.0966,9551.45,1.22224e+06,14.0966,10811.3,1.41602e+06,14.0966,12237,1.62086e+06,14.0966,11.7194,11.96,12.6541,2.21263,4.16949,0.989383,2.67766,5.84076,0.311842,3.14343,7.55825,0.0972771,3.63127,9.58578,0.0303237,4.15787,12.0912,0.00945211,4.73731,15.2286,0.00294633,5.38238,19.1721,0.000918508,6.10553,24.134,0.000286163,6.91951,30.3791,8.92692e-05,7.83792,38.2397,2.78121e-05,8.87555,48.1338,8.65134e-06,10.0489,60.5876,2.7882e-06,11.3761,76.2629,8.29036e-07,12.8779,95.9927,2.4373e-07,14.5775,120.825,4.33068e-09,16.5012,152.08,1.75749e-07,18.6784,191.415,-1.86328e-07,21.1428,240.917,1.91829e-07,23.9322,303.213,-1.81475e-07,27.0895,381.602,7.0186e-08,30.6634,480.231,-2.86769e-08,34.7087,604.316,2.40784e-07,39.2876,760.401,9.87368e-08,44.4705,956.705,1.22263e-07,50.3371,1203.54,-4.31966e-07,56.9776,1513.81,-1.9705e-07,64.494,1903.69,-2.763e-08,73.0018,2393.4,3.9185e-07,82.6317,3008.13,1.35379e-07,93.5318,3779.25,-4.16351e-08,105.869,4745.7,2.06965e-08,119.834,5955.6,-3.18887e-07,135.641,7468.12,-1.48271e-08,153.531,9355.62,2.00739e-07,173.781,11705.8,2.28358e-07,196.701,14624.1,-1.93587e-08,222.642,18235,-2.88101e-07,252.003,22683.4,-2.24732e-07,285.234,28134,8.56806e-09,322.845,34767,2.34258e-07,365.413,42770.9,2.99668e-07,413.588,52327.9,8.28644e-08,468.111,63591.2,-3.07049e-07,529.814,76653.2,-3.1888e-07,599.642,91502.5,-6.72276e-08,678.662,107975,2.26339e-07,768.083,125705,3.69212e-07,869.267,144088,2.04077e-07,983.76,162277,-2.80509e-07,1113.3,179223,-4.22737e-07,1259.87,193777,-1.71951e-07,1425.68,204839,4.55555e-07,11.7194,11.96,12.6541,2.21263,4.16949,0.989383,2.67766,5.84076,0.311842,3.14343,7.55825,0.0972771,3.63127,9.58578,0.0303237,4.15787,12.0912,0.00945211,4.73731,15.2286,0.00294633,5.38238,19.1721,0.000918508,6.10553,24.134,0.000286163,6.91951,30.3791,8.92692e-05,7.83792,38.2397,2.78121e-05,8.87555,48.1338,8.65134e-06,10.0489,60.5876,2.7882e-06,11.3761,76.2629,8.29036e-07,12.8779,95.9927,2.4373e-07,14.5775,120.825,1e-08,16.5012,152.08,1.75749e-07,18.6784,191.415,1e-08,21.1428,240.917,1.91829e-07,23.9322,303.213,1e-08,27.0895,381.602,7.0186e-08,30.6634,480.231,1e-08,34.7087,604.316,2.40784e-07,39.2876,760.401,9.87368e-08,44.4705,956.705,1.22263e-07,50.3371,1203.54,1e-08,56.9776,1513.81,1e-08,64.494,1903.69,1e-08,73.0018,2393.4,3.9185e-07,82.6317,3008.13,1.35379e-07,93.5318,3779.25,1e-08,105.869,4745.7,2.06965e-08,119.834,5955.6,1e-08,135.641,7468.12,1e-08,153.531,9355.62,2.00739e-07,173.781,11705.8,2.28358e-07,196.701,14624.1,1e-08,222.642,18235,1e-08,252.003,22683.4,1e-08,285.234,28134,1e-08,322.845,34767,2.34258e-07,365.413,42770.9,2.99668e-07,413.588,52327.9,8.28644e-08,468.111,63591.2,1e-08,529.814,76653.2,1e-08,599.642,91502.5,1e-08,678.662,107975,2.26339e-07,768.083,125705,3.69212e-07,869.267,144088,2.04077e-07,983.76,162277,1e-08,1113.3,179223,1e-08,1259.87,193777,1e-08,1425.68,204839,4.55555e-07,6.2823,3.27286,2.43537,0.219672,6.18826,2.24117,0.56371,6.87772,2.63624,0.308279,4,3,17,2,0,2,4,3,1,0,2,0,3,15,0,5,5,0,14,22,0,10,8,0,7,18,0,12,39,0,12,27,0,11,20,0,10,54,0,19,39,0,7,203,0,10,133,0,16,110,0,30,135,0,16,366,0,27,329,0,55,324,0,21,296,0,20,366,0,40,922,0,56,806,0,33,793,0,60,2059,0,116,2082,0,75,874,0,39,2342,0,72,4509,0,129,4708,0,159,4392,0,146,5369,0,95,6847,0,311,9250,0,234,16223,0,183,5862,0,365,12352,0,269,21260,0,357,39797,0,286,47890,0,337,53102,0,1190,34335,0,327,131207,0,153,80931,0,941,101697,0,458,235835,0,679,86600,0,536,298679,0,813,298238,0,1031,150974,0,1407,167449,0
-1.05176e+08,1,8.88811e-15,10,1023,0,1.05176e+08,0.528882,1.08665,0.389689,0.145397,0.379329,3.24381,0.161596,0.446195,1.77396,0.159177,1.15e+07,4.49998e+06,6.79999e+06,1.15e+07,4.49997e+06,6.79999e+06,1.15e+07,4.49996e+06,6.79999e+06,1.15e+07,4.49995e+06,6.79999e+06,1.14999e+07,4.49993e+06,6.79999e+06,1.14999e+07,4.49991e+06,6.79999e+06,1.14999e+07,4.49989e+06,6.79999e+06,1.14999e+07,4.49986e+06,6.79999e+06,1.14999e+07,4.49982e+06,6.79999e+06,1.14999e+07,4.49977e+06,6.79999e+06,1.14999e+07,4.49971e+06,6.79999e+06,1.14999e+07,4.49963e+06,6.79999e+06,1.14998e+07,4.49953e+06,6.79999e+06,1.14998e+07,4.49941e+06,6.79999e+06,1.14998e+07,4.49926e+06,6.79999e+06,1.14998e+07,4.49906e+06,6.79999e+06,1.14997e+07,4.49882e+06,6.79999e+06,1.14997e+07,4.49851e+06,6.79999e+06,1.14997e+07,4.49812e+06,6.79999e+06,1.14996e+07,4.49764e+06,6.79999e+06,1.14996e+07,4.49702e+06,6.79999e+06,1.14995e+07,4.49625e+06,6.79999e+06,1.14995e+07,4.49528e+06,6.79999e+06,1.14994e+07,4.49406e+06,6.79999e+06,1.14993e+07,4.49253e+06,6.79999e+06,1.14992e+07,4.49059e+06,6.79999e+06,1.14991e+07,4.48817e+06,6.79999e+06,1.1499e+07,4.48511e+06,6.79999e+06,1.14988e+07,4.48128e+06,6.79999e+06,1.14987e+07,4.47646e+06,6.79999e+06,1.14985e+07,4.47041e+06,6.79999e+06,1.14983e+07,4.46281e+06,6.79999e+06,1.14981e+07,4.4533e+06,6.79999e+06,1.14979e+07,4.44138e+06,6.79999e+06,1.14976e+07,4.42649e+06,6.79999e+06,1.14972e+07,4.40789e+06,6.79999e+06,1.14969e+07,4.38471e+06,6.79999e+06,1.14965e+07,4.35592e+06,6.79999e+06,1.1496e+07,4.32027e+06,6.79999e+06,1.14955e+07,4.27629e+06,6.79999e+06,1.14949e+07,4.22231e+06,6.79999e+06,1.14942e+07,4.15647e+06,6.79999e+06,1.14934e+07,4.07676e+06,6.79999e+06,1.14926e+07,3.98112e+06,6.79999e+06,1.14916e+07,3.86765e+06,6.79999e+06,1.14905e+07,3.73474e+06,6.79999e+06,1.14892e+07,3.58148e+06,6.79999e+06,1.14878e+07,3.40785e+06,6.79999e+06,1.14862e+07,3.21513e+06,6.79999e+06,1.14844e+07,3.00605e+06,6.79999e+06,1.14823e+07,2.7848e+06,6.79999e+06,1.148e+07,2.5568e+06,6.79999e+06,1.14773e+07,2.32825e+06,6.79999e+06,13.5742,8.52444,0.508366,16.8306,13.2585,0.162638,20.0035,17.569,0.0507846,23.2616,22.4214,0.0158319,26.7328,28.3297,0.00493498,30.5212,35.6974,0.00153831,34.7178,44.9473,0.000479527,39.4086,56.5822,0.000149456,44.6796,71.2245,4.66214e-05,50.6209,89.6543,1.45419e-05,57.3297,112.852,4.54748e-06,64.9129,142.051,1.43857e-06,73.4897,178.803,4.36618e-07,83.1934,225.062,1.40153e-07,94.1745,283.286,4.96378e-08,106.602,356.568,1.05434e-07,120.669,448.799,-6.49244e-08,136.59,564.873,1.70148e-07,154.611,710.948,-5.34594e-08,175.008,894.767,1.63407e-07,198.097,1126.06,8.04804e-08,224.231,1417.07,1.14667e-07,253.813,1783.15,-1.71227e-07,287.297,2243.62,-2.88466e-07,325.198,2822.67,-4.33651e-07,368.098,3550.67,7.9318e-08,416.657,4465.65,3.13319e-07,471.621,5615.16,3.4613e-07,533.835,7058.61,-1.19199e-07,604.255,8870.02,-2.79964e-07,683.962,11141.4,-2.30521e-07,774.182,13986.7,-2.55099e-07,876.299,17546.4,1.23585e-07,991.883,21993.1,1.41192e-07,1122.71,27536.7,-9.71886e-08,1270.78,34430.7,-3.68368e-07,1438.38,42977.7,-3.45379e-07,1628.07,53532.7,-3.25328e-09,1842.77,66504.6,2.6362e-07,2085.77,82350.2,2.53445e-07,2360.79,101560,-2.47407e-08,2672.05,124632,-3.80602e-07,3024.31,152018,-4.79005e-07,3422.98,184060,-1.14379e-07,3874.15,220884,2.64297e-07,4384.72,262283,3.44131e-07,4962.49,307576,7.5349e-08,5616.29,355497,-3.63097e-07,6356.1,404126,-6.05442e-07,7193.18,450932,-2.72333e-07,8140.28,492963,2.29675e-07,9211.79,527178,4.3387e-07,10424,550893,-1.0711e-07,10.102,8.06553,2.81012,10.6436,8.57909,0.869423,11.5336,10.2515,0.270869,12.7211,12.7138,0.0844293,14.1823,15.9373,0.0263173,15.9122,20.0383,0.0082035,17.9198,25.2154,0.00255722,20.2244,31.7373,0.000797017,22.8539,39.9486,0.000248622,25.8438,50.2851,7.75492e-05,29.237,63.2963,2.42508e-05,33.0837,79.6738,7.67162e-06,37.4415,100.288,2.32837e-06,42.3767,126.236,7.33e-07,47.9646,158.896,2.79256e-07,54.2906,200.003,9.87351e-09,61.452,251.741,1.61085e-07,69.5585,316.859,-2.47141e-07,78.7347,398.812,8.93552e-08,89.1218,501.948,-2.53231e-07,100.879,631.736,-1.25047e-07,114.188,795.049,-1.78808e-07,129.252,1000.53,2.6733e-07,146.304,1259.03,4.50292e-07,165.605,1584.19,6.76904e-07,187.452,1993.12,-1.23808e-07,212.181,2507.27,-4.89068e-07,240.173,3153.54,-5.40284e-07,271.856,3965.56,1.86061e-07,307.719,4985.38,4.37004e-07,348.313,6265.4,3.59828e-07,394.26,7870.83,3.98192e-07,446.268,9882.51,-1.92908e-07,505.135,12400.3,-2.20392e-07,571.766,15546.9,1.51705e-07,647.184,19472.2,5.74996e-07,732.547,24357.4,5.39112e-07,829.167,30420,5.07815e-09,938.526,37916.3,-4.11492e-07,1062.3,47143.9,-3.9561e-07,1202.4,58439.2,3.86185e-08,1360.96,72169.3,5.94093e-07,1540.42,88715.8,7.47693e-07,1743.53,108445,1.78537e-07,1973.41,131665,-4.12549e-07,2233.57,158557,-5.37164e-07,2528,189103,-1.17615e-07,2861.2,222986,5.66769e-07,3238.27,259510,9.45053e-07,3664.97,297540,4.25093e-07,4147.81,335497,-3.58506e-07,4694.17,371444,-6.7724e-07,5312.37,403256,1.67192e-07,1.61744,3.89446,9.84394,3.28846,7.5504,12.774,5.07607,11.7187,13.6844,7.03202,16.8147,13.9681,9.20215,23.1769,14.0566,11.6301,31.1672,14.0841,14.3598,41.2186,14.0927,17.4376,53.8688,14.0954,20.9137,69.7915,14.0962,24.8432,89.8341,14.0965,29.2879,115.063,14.0966,34.3168,146.819,14.0966,40.0078,186.792,14.0966,46.4487,237.107,14.0966,53.7388,300.44,14.0966,61.9903,380.158,14.0966,71.3301,480.499,14.0966,81.902,606.796,14.0966,93.8685,765.761,14.0966,107.414,965.837,14.0966,122.746,1217.65,14.0966,140.101,1534.57,14.0966,159.745,1933.41,14.0966,181.981,2435.3,14.0966,207.15,3066.85,14.0966,235.64,3861.46,14.0966,267.889,4861.11,14.0966,304.391,6118.54,14.0966,345.709,7699.91,14.0966,392.478,9688.22,14.0966,445.417,12187.5,14.0966,505.339,15327.7,14.0966,573.165,19271.6,14.0966,649.938,24222,14.0966,736.839,30430.9,14.0966,835.202,38211.5,14.0966,946.539,47950.3,14.0966,1072.56,60122.8,14.0966,1215.21,75309.9,14.0966,1376.66,94216.2,14.0966,1559.41,117688,14.0966,1766.26,146729,14.0966,2000.39,182510,14.0966,2265.39,226372,14.0966,2565.33,279806,14.0966,2904.81,344416,14.0966,3289.05,421845,14.0966,3723.93,513667,14.0966,4216.13,621231,14.0966,4773.18,745478,14.0966,5403.64,886744,14.0966,6117.15,1.04457e+06,14.0966,6924.63,1.2176e+06,14.0966,11.7194,11.96,12.6541,13.9321,16.1295,13.6434,16.6097,21.9702,13.9553,19.7532,29.5285,14.0526,23.3844,39.1143,14.0829,27.5423,51.2054,14.0923,32.2796,66.434,14.0953,37.662,85.6061,14.0962,43.7675,109.74,14.0965,50.687,140.119,14.0966,58.5249,178.359,14.0966,67.4005,226.493,14.0966,77.4493,287.08,14.0966,88.8254,363.343,14.0966,101.703,459.336,14.0966,116.281,580.161,14.0966,132.782,732.241,14.0966,151.46,923.655,14.0966,172.603,1164.57,14.0966,196.535,1467.79,14.0966,223.625,1849.39,14.0966,254.288,2329.62,14.0966,288.997,2933.93,14.0966,328.285,3694.33,14.0966,372.755,4651.04,14.0966,423.092,5854.57,14.0966,480.07,7368.38,14.0966,544.564,9272.08,14.0966,617.566,11665.5,14.0966,700.197,14673.6,14.0966,793.729,18452.9,14.0966,899.599,23198.6,14.0966,1019.43,29154.1,14.0966,1155.07,36622.3,14.0966,1308.6,45977.9,14.0966,1482.39,57683.7,14.0966,1679.09,72307.8,14.0966,1901.73,90542.8,14.0966,2153.73,113226,14.0966,2438.97,141360,14.0966,2761.81,176127,14.0966,3127.22,218898,14.0966,3540.81,271226,14.0966,4008.92,334817,14.0966,4538.74,411470,14.0966,5138.38,502973,14.0966,5817.04,610948,14.0966,6585.12,736653,14.0966,7454.39,880741,14.0966,8438.15,1.04302e+06,14.0966,9551.45,1.22224e+06,14.0966,10811.3,1.41602e+06,14.0966,12237,1.62086e+06,14.0966,11.7194,11.96,12.6541,2.21263,4.16949,0.989383,2.67766,5.84076,0.311842,3.14343,7.55825,0.0972771,3.63127,9.58578,0.0303237,4.15787,12.0912,0.00945211,4.73731,15.2286,0.00294633,5.38238,19.1721,0.000918508,6.10553,24.134,0.000286163,6.91951,30.3791,8.92692e-05,7.83792,38.2397,2.78121e-05,8.87555,48.1338,8.65134e-06,10.0489,60.5876,2.7882e-06,11.3761,76.2629,8.29036e-07,12.8779,95.9927,2.4373e-07,14.5775,120.825,4.33068e-09,16.5012,152.08,1.75749e-07,18.6784,191.415,-1.86328e-07,21.1428,240.917,1.91829e-07,23.9322,303.213,-1.81475e-07,27.0895,381.602,7.0186e-08,30.6634,480.231,-2.86769e-08,34.7087,604.316,2.40784e-07,39.2876,760.401,9.87368e-08,44.4705,956.705,1.22263e-07,50.3371,1203.54,-4.31966e-07,56.9776,1513.81,-1.9705e-07,64.494,1903.69,-2.763e-08,73.0018,2393.4,3.9185e-07,82.6317,3008.13,1.35379e-07,93.5318,3779.25,-4.16351e-08,105.869,4745.7,2.06965e-08,119.834,5955.6,-3.18887e-07,135.641,7468.12,-1.48271e-08,153.531,9355.62,2.00739e-07,173.781,11705.8,2.28358e-07,196.701,14624.1,-1.93587e-08,222.642,18235,-2.88101e-07,252.003,22683.4,-2.24732e-07,285.234,28134,8.56806e-09,322.845,34767,2.34258e-07,365.413,42770.9,2.99668e-07,413.588,52327.9,8.28644e-08,468.111,63591.2,-3.07049e-07,529.814,76653.2,-3.1888e-07,599.642,91502.5,-6.72276e-08,678.662,107975,2.26339e-07,768.083,125705,3.69212e-07,869.267,144088,2.04077e-07,983.76,162277,-2.80509e-07,1113.3,179223,-4.22737e-07,1259.87,193777,-1.71951e-07,1425.68,204839,4.55555e-07,11.7194,11.96,12.6541,2.21263,4.16949,0.989383,2.67766,5.84076,0.311842,3.14343,7.55825,0.0972771,3.63127,9.58578,0.0303237,4.15787,12.0912,0.00945211,4.73731,15.2286,0.00294633,5.38238,19.1721,0.000918508,6.10553,24.134,0.000286163,6.91951,30.3791,8.92692e-05,7.83792,38.2397,2.78121e-05,8.87555,48.1338,8.65134e-06,10.0489,60.5876,2.7882e-06,11.3761,76.2629,8.29036e-07,12.8779,95.9927,2.4373e-07,14.5775,120.825,1e-08,16.5012,152.08,1.75749e-07,18.6784,191.415,1e-08,21.1428,240.917,1.91829e-07,23.9322,303.213,1e-08,27.0895,381.602,7.0186e-08,30.6634,480.231,1e-08,34.7087,604.316,2.40784e-07,39.2876,760.401,9.87368e-08,44.4705,956.705,1.22263e-07,50.3371,1203.54,1e-08,56.9776,1513.81,1e-08,64.494,1903.69,1e-08,73.0018,2393.4,3.9185e-07,82.6317,3008.13,1.35379e-07,93.5318,3779.25,1e-08,105.869,4745.7,2.06965e-08,119.834,5955.6,1e-08,135.641,7468.12,1e-08,153.531,9355.62,2.00739e-07,173.781,11705.8,2.28358e-07,196.701,14624.1,1e-08,222.642,18235,1e-08,252.003,22683.4,1e-08,285.234,28134,1e-08,322.845,34767,2.34258e-07,365.413,42770.9,2.99668e-07,413.588,52327.9,8.28644e-08,468.111,63591.2,1e-08,529.814,76653.2,1e-08,599.642,91502.5,1e-08,678.662,107975,2.26339e-07,768.083,125705,3.69212e-07,869.267,144088,2.04077e-07,983.76,162277,1e-08,1113.3,179223,1e-08,1259.87,193777,1e-08,1425.68,204839,4.55555e-07,6.2823,3.27286,2.43537,0.219672,6.18826,2.24117,0.56371,6.87772,2.63624,0.308279,15,15,21,0,8,2,1,4,2,2,7,0,6,15,0,4,10,0,5,13,0,11,8,0,13,26,0,10,24,0,5,40,0,14,44,0,4,28,0,20,95,0,14,85,0,10,87,0,3,152,0,24,181,0,28,260,0,41,245,0,38,515,0,21,527,0,46,536,0,21,327,0,45,819,0,58,1838,0,75,2816,0,31,512,0,66,2552,0,142,1774,0,68,3753,0,88,3351,0,210,5074,0,125,3887,0,73,9621,0,94,17000,0,151,22370,0,413,33860,0,230,20462,0,547,20440,0,272,14633,0,360,62836,0,120,26009,0,246,44434,0,500,67643,0,409,103960,0,780,82579,0,378,153288,0,1175,110883,0,657,199996,0,885,201588,0,691,152321,0,1352,210699,0
-1.05176e+08,1,8.88811e-15,10,1023,0,1.05176e+08,0.528882,1.08665,0.389689,0.145397,0.379329,3.24381,0.161596,0.446195,1.77396,0.159177,1.15e+07,4.49998e+06,6.79999e+06,1.15e+07,4.49997e+06,6.79999e+06,1.15e+07,4.49996e+06,6.79999e+06,1.15e+07,4.49995e+06,6.79999e+06,1.14999e+07,4.49993e+06,6.79999e+06,1.14999e+07,4.49991e+06,6.79999e+06,1.14999e+07,4.49989e+06,6.79999e+06,1.14999e+07,4.49986e+06,6.79999e+06,1.14999e+07,4.49982e+06,6.79999e+06,1.14999e+07,4.49977e+06,6.79999e+06,1.14999e+07,4.49971e+06,6.79999e+06,1.14999e+07,4.49963e+06,6.79999e+06,1.14998e+07,4.49953e+06,6.79999e+06,1.14998e+07,4.49941e+06,6.79999e+06,1.14998e+07,4.49926e+06,6.79999e+06,1.14998e+07,4.49906e+06,6.79999e+06,1.14997e+07,4.49882e+06,6.79999e+06,1.14997e+07,4.49851e+06,6.79999e+06,1.14997e+07,4.49812e+06,6.79999e+06,1.14996e+07,4.49764e+06,6.79999e+06,1.14996e+07,4.49702e+06,6.79999e+06,1.14995e+07,4.49625e+06,6.79999e+06,1.14995e+07,4.49528e+06,6.79999e+06,1.14994e+07,4.49406e+06,6.79999e+06,1.14993e+07,4.49253e+06,6.79999e+06,1.14992e+07,4.49059e+06,6.79999e+06,1.14991e+07,4.48817e+06,6.79999e+06,1.1499e+07,4.48511e+06,6.79999e+06,1.14988e+07,4.48128e+06,6.79999e+06,1.14987e+07,4.47646e+06,6.79999e+06,1.14985e+07,4.47041e+06,6.79999e+06,1.14983e+07,4.46281e+06,6.79999e+06,1.14981e+07,4.4533e+06,6.79999e+06,1.14979e+07,4.44138e+06,6.79999e+06,1.14976e+07,4.42649e+06,6.79999e+06,1.14972e+07,4.40789e+06,6.79999e+06,1.14969e+07,4.38471e+06,6.79999e+06,1.14965e+07,4.35592e+06,6.79999e+06,1.1496e+07,4.32027e+06,6.79999e+06,1.14955e+07,4.27629e+06,6.79999e+06,1.14949e+07,4.22231e+06,6.79999e+06,1.14942e+07,4.15647e+06,6.79999e+06,1.14934e+07,4.07676e+06,6.79999e+06,1.14926e+07,3.98112e+06,6.79999e+06,1.14916e+07,3.86765e+06,6.79999e+06,1.14905e+07,3.73474e+06,6.79999e+06,1.14892e+07,3.58148e+06,6.79999e+06,1.14878e+07,3.40785e+06,6.79999e+06,1.14862e+07,3.21513e+06,6.79999e+06,1.14844e+07,3.00605e+06,6.79999e+06,1.14823e+07,2.7848e+06,6.79999e+06,1.148e+07,2.5568e+06,6.79999e+06,1.14773e+07,2.32825e+06,6.79999e+06,13.5742,8.52444,0.508366,16.8306,13.2585,0.162638,20.0035,17.569,0.0507846,23.2616,22.4214,0.0158319,26.7328,28.3297,0.00493498,30.5212,35.6974,0.00153831,34.7178,44.9473,0.000479527,39.4086,56.5822,0.000149456,44.6796,71.2245,4.66214e-05,50.6209,89.6543,1.45419e-05,57.3297,112.852,4.54748e-06,64.9129,142.051,1.43857e-06,73.4897,178.803,4.36618e-07,83.1934,225.062,1.40153e-07,94.1745,283.286,4.96378e-08,106.602,356.568,1.05434e-07,120.669,448.799,-6.49244e-08,136.59,564.873,1.70148e-07,154.611,710.948,-5.34594e-08,175.008,894.767,1.63407e-07,198.097,1126.06,8.04804e-08,224.231,1417.07,1.14667e-07,253.813,1783.15,-1.71227e-07,287.297,2243.62,-2.88466e-07,325.198,2822.67,-4.33651e-07,368.098,3550.67,7.9318e-08,416.657,4465.65,3.13319e-07,471.621,5615.16,3.4613e-07,533.835,7058.61,-1.19199e-07,604.255,8870.02,-2.79964e-07,683.962,11141.4,-2.30521e-07,774.182,13986.7,-2.55099e-07,876.299,17546.4,1.23585e-07,991.883,21993.1,1.41192e-07,1122.71,27536.7,-9.71886e-08,1270.78,34430.7,-3.68368e-07,1438.38,42977.7,-3.45379e-07,1628.07,53532.7,-3.25328e-09,1842.77,66504.6,2.6362e-07,2085.77,82350.2,2.53445e-07,2360.79,101560,-2.47407e-08,2672.05,124632,-3.80602e-07,3024.31,152018,-4.79005e-07,3422.98,184060,-1.14379e-07,3874.15,220884,2.64297e-07,4384.72,262283,3.44131e-07,4962.49,307576,7.5349e-08,5616.29,355497,-3.63097e-07,6356.1,404126,-6.05442e-07,7193.18,450932,-2.72333e-07,8140.28,492963,2.29675e-07,9211.79,527178,4.3387e-07,10424,550893,-1.0711e-07,10.102,8.06553,2.81012,10.6436,8.57909,0.869423,11.5336,10.2515,0.270869,12.7211,12.7138,0.0844293,14.1823,15.9373,0.0263173,15.9122,20.0383,0.0082035,17.9198,25.2154,0.00255722,20.2244,31.7373,0.000797017,22.8539,39.9486,0.000248622,25.8438,50.2851,7.75492e-05,29.237,63.2963,2.42508e-05,33.0837,79.6738,7.67162e-06,37.4415,100.288,2.32837e-06,42.3767,126.236,7.33e-07,47.9646,158.896,2.79256e-07,54.2906,200.003,9.87351e-09,61.452,251.741,1.61085e-07,69.5585,316.859,-2.47141e-07,78.7347,398.812,8.93552e-08,89.1218,501.948,-2.53231e-07,100.879,631.736,-1.25047e-07,114.188,795.049,-1.78808e-07,129.252,1000.53,2.6733e-07,146.304,1259.03,4.50292e-07,165.605,1584.19,6.76904e-07,187.452,1993.12,-1.23808e-07,212.181,2507.27,-4.89068e-07,240.173,3153.54,-5.40284e-07,271.856,3965.56,1.86061e-07,307.719,4985.38,4.37004e-07,348.313,6265.4,3.59828e-07,394.26,7870.83,3.98192e-07,446.268,9882.51,-1.92908e-07,505.135,12400.3,-2.20392e-07,571.766,15546.9,1.51705e-07,647.184,19472.2,5.74996e-07,732.547,24357.4,5.39112e-07,829.167,30420,5.07815e-09,938.526,37916.3,-4.11492e-07,1062.3,47143.9,-3.9561e-07,1202.4,58439.2,3.86185e-08,1360.96,72169.3,5.94093e-07,1540.42,88715.8,7.47693e-07,1743.53,108445,1.78537e-07,1973.41,131665,-4.12549e-07,2233.57,158557,-5.37164e-07,2528,189103,-1.17615e-07,2861.2,222986,5.66769e-07,3238.27,259510,9.45053e-07,3664.97,297540,4.25093e-07,4147.81,335497,-3.58506e-07,4694.17,371444,-6.7724e-07,5312.37,403256,1.67192e-07,1.61744,3.89446,9.84394,3.28846,7.5504,12.774,5.07607,11.7187,13.6844,7.03202,16.8147,13.9681,9.20215,23.1769,14.0566,11.6301,31.1672,14.0841,14.3598,41.2186,14.0927,17.4376,53.8688,14.0954,20.9137,69.7915,14.0962,24.8432,89.8341,14.0965,29.2879,115.063,14.0966,34.3168,146.819,14.0966,40.0078,186.792,14.0966,46.4487,237.107,14.0966,53.7388,300.44,14.0966,61.9903,380.158,14.0966,71.3301,480.499,14.0966,81.902,606.796,14.0966,93.8685,765.761,14.0966,107.414,965.837,14.0966,122.746,1217.65,14.0966,140.101,1534.57,14.0966,159.745,1933.41,14.0966,181.981,2435.3,14.0966,207.15,3066.85,14.0966,235.64,3861.46,14.0966,267.889,4861.11,14.0966,304.391,6118.54,14.0966,345.709,7699.91,14.0966,392.478,9688.22,14.0966,445.417,12187.5,14.0966,505.339,15327.7,14.0966,573.165,19271.6,14.0966,649.938,24222,14.0966,736.839,30430.9,14.0966,835.202,38211.5,14.0966,946.539,47950.3,14.0966,1072.56,60122.8,14.0966,1215.21,75309.9,14.0966,1376.66,94216.2,14.0966,1559.41,117688,14.0966,1766.26,146729,14.0966,2000.39,182510,14.0966,2265.39,226372,14.0966,2565.33,279806,14.0966,2904.81,344416,14.0966,3289.05,421845,14.0966,3723.93,513667,14.0966,4216.13,621231,14.0966,4773.18,745478,14.0966,5403.64,886744,14.0966,6117.15,1.04457e+06,14.0966,6924.63,1.2176e+06,14.0966,11.7194,11.96,12.6541,13.9321,16.1295,13.6434,16.6097,21.9702,13.9553,19.7532,29.5285,14.0526,23.3844,39.1143,14.0829,27.5423,51.2054,14.0923,32.2796,66.434,14.0953,37.662,85.6061,14.0962,43.7675,109.74,14.0965,50.687,140.119,14.0966,58.5249,178.359,14.0966,67.4005,226.493,14.0966,77.4493,287.08,14.0966,88.8254,363.343,14.0966,101.703,459.336,14.0966,116.281,580.161,14.0966,132.782,732.241,14.0966,151.46,923.655,14.0966,172.603,1164.57,14.0966,196.535,1467.79,14.0966,223.625,1849.39,14.0966,254.288,2329.62,14.0966,288.997,2933.93,14.0966,328.285,3694.33,14.0966,372.755,4651.04,14.0966,423.092,5854.57,14.0966,480.07,7368.38,14.0966,544.564,9272.08,14.0966,617.566,11665.5,14.0966,700.197,14673.6,14.0966,793.729,18452.9,14.0966,899.599,23198.6,14.0966,1019.43,29154.1,14.0966,1155.07,36622.3,14.0966,1308.6,45977.9,14.0966,1482.39,57683.7,14.0966,1679.09,72307.8,14.0966,1901.73,90542.8,14.0966,2153.73,113226,14.0966,2438.97,141360,14.0966,2761.81,176127,14.0966,3127.22,218898,14.0966,3540.81,271226,14.0966,4008.92,334817,14.0966,4538.74,411470,14.0966,5138.38,502973,14.0966,5817.04,610948,14.0966,6585.12,736653,14.0966,7454.39,880741,14.0966,8438.15,1.04302e+06,14.0966,9551.45,1.22224e+06,14.0966,10811.3,1.41602e+06,14.0966,12237,1.62086e+06,14.0966,11.7194,11.96,12.6541,2.21263,4.16949,0.989383,2.67766,5.84076,0.311842,3.14343,7.55825,0.0972771,3.63127,9.58578,0.0303237,4.15787,12.0912,0.00945211,4.73731,15.2286,0.00294633,5.38238,19.1721,0.000918508,6.10553,24.134,0.000286163,6.91951,30.3791,8.92692e-05,7.83792,38.2397,2.78121e-05,8.87555,48.1338,8.65134e-06,10.0489,60.5876,2.7882e-06,11.3761,76.2629,8.29036e-07,12.8779,95.9927,2.4373e-07,14.5775,120.825,4.33068e-09,16.5012,152.08,1.75749e-07,18.6784,191.415,-1.86328e-07,21.1428,240.917,1.91829e-07,23.9322,303.213,-1.81475e-07,27.0895,381.602,7.0186e-08,30.6634,480.231,-2.86769e-08,34.7087,604.316,2.40784e-07,39.2876,760.401,9.87368e-08,44.4705,956.705,1.22263e-07,50.3371,1203.54,-4.31966e-07,56.9776,1513.81,-1.9705e-07,64.494,1903.69,-2.763e-08,73.0018,2393.4,3.9185e-07,82.6317,3008.13,1.35379e-07,93.5318,3779.25,-4.16351e-08,105.869,4745.7,2.06965e-08,119.834,5955.6,-3.18887e-07,135.641,7468.12,-1.48271e-08,153.531,9355.62,2.00739e-07,173.781,11705.8,2.28358e-07,196.701,14624.1,-1.93587e-08,222.642,18235,-2.88101e-07,252.003,22683.4,-2.24732e-07,285.234,28134,8.56806e-09,322.845,34767,2.34258e-07,365.413,42770.9,2.99668e-07,413.588,52327.9,8.28644e-08,468.111,63591.2,-3.07049e-07,529.814,76653.2,-3.1888e-07,599.642,91502.5,-6.72276e-08,678.662,107975,2.26339e-07,768.083,125705,3.69212e-07,869.267,144088,2.04077e-07,983.76,162277,-2.80509e-07,1113.3,179223,-4.22737e-07,1259.87,193777,-1.71951e-07,1425.68,204839,4.55555e-07,11.7194,11.96,12.6541,2.21263,4.16949,0.989383,2.67766,5.84076,0.311842,3.14343,7.55825,0.0972771,3.63127,9.58578,0.0303237,4.15787,12.0912,0.00945211,4.73731,15.2286,0.00294633,5.38238,19.1721,0.000918508,6.10553,24.134,0.000286163,6.91951,30.3791,8.92692e-05,7.83792,38.2397,2.78121e-05,8.87555,48.1338,8.65134e-06,10.0489,60.5876,2.7882e-06,11.3761,76.2629,8.29036e-07,12.8779,95.9927,2.4373e-07,14.5775,120.825,1e-08,16.5012,152.08,1.75749e-07,18.6784,191.415,1e-08,21.1428,240.917,1.91829e-07,23.9322,303.213,1e-08,27.0895,381.602,7.0186e-08,30.6634,480.231,1e-08,34.7087,604.316,2.40784e-07,39.2876,760.401,9.87368e-08,44.4705,956.705,1.22263e-07,50.3371,1203.54,1e-08,56.9776,1513.81,1e-08,64.494,1903.69,1e-08,73.0018,2393.4,3.9185e-07,82.6317,3008.13,1.35379e-07,93.5318,3779.25,1e-08,105.869,4745.7,2.06965e-08,119.834,5955.6,1e-08,135.641,7468.12,1e-08,153.531,9355.62,2.00739e-07,173.781,11705.8,2.28358e-07,196.701,14624.1,1e-08,222.642,18235,1e-08,252.003,22683.4,1e-08,285.234,28134,1e-08,322.845,34767,2.34258e-07,365.413,42770.9,2.99668e-07,413.588,52327.9,8.28644e-08,468.111,63591.2,1e-08,529.814,76653.2,1e-08,599.642,91502.5,1e-08,678.662,107975,2.26339e-07,768.083,125705,3.69212e-07,869.267,144088,2.04077e-07,983.76,162277,1e-08,1113.3,179223,1e-08,1259.87,193777,1e-08,1425.68,204839,4.55555e-07,6.2823,3.27286,2.43537,0.219672,6.18826,2.24117,0.56371,6.87772,2.63624,0.308279,7,25,20,2,2,2,4,4,0,3,11,0,7,15,0,11,18,0,3,11,0,2,11,0,5,28,0,10,16,0,4,14,0,10,56,0,8,43,0,13,78,0,10,93,0,6,140,0,9,153,0,5,211,0,22,229,0,23,586,0,37,277,0,21,287,0,51,536,0,23,477,0,22,462,0,40,1594,0,58,1104,0,120,1313,0,76,1764,0,38,2297,0,81,1848,0,58,4197,0,47,4891,0,72,12729,0,121,10008,0,197,11796,0,219,10967,0,251,23763,0,134,45041,0,230,21569,0,692,26930,0,341,37992,0,461,38380,0,259,116865,0,337,63033,0,583,49720,0,775,126387,0,402,141149,0,703,173983,0,1303,240845,0,1603,299502,0,1867,89491,0,1908,245856,0
-1.05176e+08,1,8.88811e-15,10,1023,0,1.05176e+08,0.528882,1.08665,0.389689,0.145397,0.379329,3.24381,0.161596,0.446195,1.77396,0.159177,1.15e+07,4.49998e+06,6.79999e+06,1.15e+07,4.49997e+06,6.79999e+06,1.15e+07,4.49996e+06,6.79999e+06,1.15e+07,4.49995e+06,6.79999e+06,1.14999e+07,4.49993e+06,6.79999e+06,1.14999e+07,4.49991e+06,6.79999e+06,1.14999e+07,4.49989e+06,6.79999e+06,1.14999e+07,4.49986e+06,6.79999e+06,1.14999e+07,4.49982e+06,6.79999e+06,1.14999e+07,4.49977e+06,6.79999e+06,1.14999e+07,4.49971e+06,6.79999e+06,1.14999e+07,4.49963e+06,6.79999e+06,1.14998e+07,4.49953e+06,6.79999e+06,1.14998e+07,4.49941e+06,6.79999e+06,1.14998e+07,4.49926e+06,6.79999e+06,1.14998e+07,4.49906e+06,6.79999e+06,1.14997e+07,4.49882e+06,6.79999e+06,1.14997e+07,4.49851e+06,6.79999e+06,1.14997e+07,4.49812e+06,6.79999e+06,1.14996e+07,4.49764e+06,6.79999e+06,1.14996e+07,4.49702e+06,6.79999e+06,1.14995e+07,4.49625e+06,6.79999e+06,1.14995e+07,4.49528e+06,6.79999e+06,1.14994e+07,4.49406e+06,6.79999e+06,1.14993e+07,4.49253e+06,6.79999e+06,1.14992e+07,4.49059e+06,6.79999e+06,1.14991e+07,4.48817e+06,6.79999e+06,1.1499e+07,4.48511e+06,6.79999e+06,1.14988e+07,4.48128e+06,6.79999e+06,1.14987e+07,4.47646e+06,6.79999e+06,1.14985e+07,4.47041e+06,6.79999e+06,1.14983e+07,4.46281e+06,6.79999e+06,1.14981e+07,4.4533e+06,6.79999e+06,1.14979e+07,4.44138e+06,6.79999e+06,1.14976e+07,4.42649e+06,6.79999e+06,1.14972e+07,4.40789e+06,6.79999e+06,1.14969e+07,4.38471e+06,6.79999e+06,1.14965e+07,4.35592e+06,6.79999e+06,1.1496e+07,4.32027e+06,6.79999e+06,1.14955e+07,4.27629e+06,6.79999e+06,1.14949e+07,4.22231e+06,6.79999e+06,1.14942e+07,4.15647e+06,6.79999e+06,1.14934e+07,4.07676e+06,6.79999e+06,1.14926e+07,3.98112e+06,6.79999e+06,1.14916e+07,3.86765e+06,6.79999e+06,1.14905e+07,3.73474e+06,6.79999e+06,1.14892e+07,3.58148e+06,6.79999e+06,1.14878e+07,3.40785e+06,6.79999e+06,1.14862e+07,3.21513e+06,6.79999e+06,1.14844e+07,3.00605e+06,6.79999e+06,1.14823e+07,2.7848e+06,6.79999e+06,1.148e+07,2.5568e+06,6.79999e+06,1.14773e+07,2.32825e+06,6.79999e+06,13.5742,8.52444,0.508366,16.8306,13.2585,0.162638,20.0035,17.569,0.0507846,23.2616,22.4214,0.0158319,26.7328,28.3297,0.00493498,30.5212,35.6974,0.00153831,34.7178,44.9473,0.000479527,39.4086,56.5822,0.000149456,44.6796,71.2245,4.66214e-05,50.6209,89.6543,1.45419e-05,57.3297,112.852,4.54748e-06,64.9129,142.051,1.43857e-06,73.4897,178.803,4.36618e-07,83.1934,225.062,1.40153e-07,94.1745,283.286,4.96378e-08,106.602,356.568,1.05434e-07,120.669,448.799,-6.49244e-08,136.59,564.873,1.70148e-07,154.611,710.948,-5.34594e-08,175.008,894.767,1.63407e-07,198.097,1126.06,8.04804e-08,224.231,1417.07,1.14667e-07,253.813,1783.15,-1.71227e-07,287.297,2243.62,-2.88466e-07,325.198,2822.67,-4.33651e-07,368.098,3550.67,7.9318e-08,416.657,4465.65,3.13319e-07,471.621,5615.16,3.4613e-07,533.835,7058.61,-1.19199e-07,604.255,8870.02,-2.79964e-07,683.962,11141.4,-2.30521e-07,774.182,13986.7,-2.55099e-07,876.299,17546.4,1.23585e-07,991.883,21993.1,1.41192e-07,1122.71,27536.7,-9.71886e-08,1270.78,34430.7,-3.68368e-07,1438.38,42977.7,-3.45379e-07,1628.07,53532.7,-3.25328e-09,1842.77,66504.6,2.6362e-07,2085.77,82350.2,2.53445e-07,2360.79,101560,-2.47407e-08,2672.05,124632,-3.80602e-07,3024.31,152018,-4.79005e-07,3422.98,184060,-1.14379e-07,3874.15,220884,2.64297e-07,4384.72,262283,3.44131e-07,4962.49,307576,7.5349e-08,5616.29,355497,-3.63097e-07,6356.1,404126,-6.05442e-07,7193.18,450932,-2.72333e-07,8140.28,492963,2.29675e-07,9211.79,527178,4.3387e-07,10424,550893,-1.0711e-07,10.102,8.06553,2.81012,10.6436,8.57909,0.869423,11.5336,10.2515,0.270869,12.7211,12.7138,0.0844293,14.1823,15.9373,0.0263173,15.9122,20.0383,0.0082035,17.9198,25.2154,0.00255722,20.2244,31.7373,0.000797017,22.8539,39.9486,0.000248622,25.8438,50.2851,7.75492e-05,29.237,63.2963,2.42508e-05,33.0837,79.6738,7.67162e-06,37.4415,100.288,2.32837e-06,42.3767,126.236,7.33e-07,47.9646,158.896,2.79256e-07,54.2906,200.003,9.87351e-09,61.452,251.741,1.61085e-07,69.5585,316.859,-2.47141e-07,78.7347,398.812,8.93552e-08,89.1218,501.948,-2.53231e-07,100.879,631.736,-1.25047e-07,114.188,795.049,-1.78808e-07,129.252,1000.53,2.6733e-07,146.304,1259.03,4.50292e-07,165.605,1584.19,6.76904e-07,187.452,1993.12,-1.23808e-07,212.181,2507.27,-4.89068e-07,240.173,3153.54,-5.40284e-07,271.856,3965.56,1.86061e-07,307.719,4985.38,4.37004e-07,348.313,6265.4,3.59828e-07,394.26,7870.83,3.98192e-07,446.268,9882.51,-1.92908e-07,505.135,12400.3,-2.20392e-07,571.766,15546.9,1.51705e-07,647.184,19472.2,5.74996e-07,732.547,24357.4,5.39112e-07,829.167,30420,5.07815e-09,938.526,37916.3,-4.11492e-07,1062.3,47143.9,-3.9561e-07,1202.4,58439.2,3.86185e-08,1360.96,72169.3,5.94093e-07,1540.42,88715.8,7.47693e-07,1743.53,108445,1.78537e-07,1973.41,131665,-4.12549e-07,2233.57,158557,-5.37164e-07,2528,189103,-1.17615e-07,2861.2,222986,5.66769e-07,3238.27,259510,9.45053e-07,3664.97,297540,4.25093e-07,4147.81,335497,-3.58506e-07,4694.17,371444,-6.7724e-07,5312.37,403256,1.67192e-07,1.61744,3.89446,9.84394,3.28846,7.5504,12.774,5.07607,11.7187,13.6844,7.03202,16.8147,13.9681,9.20215,23.1769,14.0566,11.6301,31.1672,14.0841,14.3598,41.2186,14.0927,17.4376,53.8688,14.0954,20.9137,69.7915,14.0962,24.8432,89.8341,14.0965,29.2879,115.063,14.0966,34.3168,146.819,14.0966,40.0078,186.792,14.0966,46.4487,237.107,14.0966,53.7388,300.44,14.0966,61.9903,380.158,14.0966,71.3301,480.499,14.0966,81.902,606.796,14.0966,93.8685,765.761,14.0966,107.414,965.837,14.0966,122.746,1217.65,14.0966,140.101,1534.57,14.0966,159.745,1933.41,14.0966,181.981,2435.3,14.0966,207.15,3066.85,14.0966,235.64,3861.46,14.0966,267.889,4861.11,14.0966,304.391,6118.54,14.0966,345.709,7699.91,14.0966,392.478,9688.22,14.0966,445.417,12187.5,14.0966,505.339,15327.7,14.0966,573.165,19271.6,14.0966,649.938,24222,14.0966,736.839,30430.9,14.0966,835.202,38211.5,14.0966,946.539,47950.3,14.0966,1072.56,60122.8,14.0966,1215.21,75309.9,14.0966,1376.66,94216.2,14.0966,1559.41,117688,14.0966,1766.26,146729,14.0966,2000.39,182510,14.0966,2265.39,226372,14.0966,2565.33,279806,14.0966,2904.81,344416,14.0966,3289.05,421845,14.0966,3723.93,513667,14.0966,4216.13,621231,14.0966,4773.18,745478,14.0966,5403.64,886744,14.0966,6117.15,1.04457e+06,14.0966,6924.63,1.2176e+06,14.0966,11.7194,11.96,12.6541,13.9321,16.1295,13.6434,16.6097,21.9702,13.9553,19.7532,29.5285,14.0526,23.3844,39.1143,14.0829,27.5423,51.2054,14.0923,32.2796,66.434,14.0953,37.662,85.6061,14.0962,43.7675,109.74,14.0965,50.687,140.119,14.0966,58.5249,178.359,14.0966,67.4005,226.493,14.0966,77.4493,287.08,14.0966,88.8254,363.343,14.0966,101.703,459.336,14.0966,116.281,580.161,14.0966,132.782,732.241,14.0966,151.46,923.655,14.0966,172.603,1164.57,14.0966,196.535,1467.79,14.0966,223.625,1849.39,14.0966,254.288,2329.62,14.0966,288.997,2933.93,14.0966,328.285,3694.33,14.0966,372.755,4651.04,14.0966,423.092,5854.57,14.0966,480.07,7368.38,14.0966,544.564,9272.08,14.0966,617.566,11665.5,14.0966,700.197,14673.6,14.0966,793.729,18452.9,14.0966,899.599,23198.6,14.0966,1019.43,29154.1,14.0966,1155.07,36622.3,14.0966,1308.6,45977.9,14.0966,1482.39,57683.7,14.0966,1679.09,72307.8,14.0966,1901.73,90542.8,14.0966,2153.73,113226,14.0966,2438.97,141360,14.0966,2761.81,176127,14.0966,3127.22,218898,14.0966,3540.81,271226,14.0966,4008.92,334817,14.0966,4538.74,411470,14.0966,5138.38,502973,14.0966,5817.04,610948,14.0966,6585.12,736653,14.0966,7454.39,880741,14.0966,8438.15,1.04302e+06,14.0966,9551.45,1.22224e+06,14.0966,10811.3,1.41602e+06,14.0966,12237,1.62086e+06,14.0966,11.7194,11.96,12.6541,2.21263,4.16949,0.989383,2.67766,5.84076,0.311842,3.14343,7.55825,0.0972771,3.63127,9.58578,0.0303237,4.15787,12.0912,0.00945211,4.73731,15.2286,0.00294633,5.38238,19.1721,0.000918508,6.10553,24.134,0.000286163,6.91951,30.3791,8.92692e-05,7.83792,38.2397,2.78121e-05,8.87555,48.1338,8.65134e-06,10.0489,60.5876,2.7882e-06,11.3761,76.2629,8.29036e-07,12.8779,95.9927,2.4373e-07,14.5775,120.825,4.33068e-09,16.5012,152.08,1.75749e-07,18.6784,191.415,-1.86328e-07,21.1428,240.917,1.91829e-07,23.9322,303.213,-1.81475e-07,27.0895,381.602,7.0186e-08,30.6634,480.231,-2.86769e-08,34.7087,604.316,2.40784e-07,39.2876,760.401,9.87368e-08,44.4705,956.705,1.22263e-07,50.3371,1203.54,-4.31966e-07,56.9776,1513.81,-1.9705e-07,64.494,1903.69,-2.763e-08,73.0018,2393.4,3.9185e-07,82.6317,3008.13,1.35379e-07,93.5318,3779.25,-4.16351e-08,105.869,4745.7,2.06965e-08,119.834,5955.6,-3.18887e-07,135.641,7468.12,-1.48271e-08,153.531,9355.62,2.00739e-07,173.781,11705.8,2.28358e-07,196.701,14624.1,-1.93587e-08,222.642,18235,-2.88101e-07,252.003,22683.4,-2.24732e-07,285.234,28134,8.56806e-09,322.845,34767,2.34258e-07,365.413,42770.9,2.99668e-07,413.588,52327.9,8.28644e-08,468.111,63591.2,-3.07049e-07,529.814,76653.2,-3.1888e-07,599.642,91502.5,-6.72276e-08,678.662,107975,2.26339e-07,768.083,125705,3.69212e-07,869.267,144088,2.04077e-07,983.76,162277,-2.80509e-07,1113.3,179223,-4.22737e-07,1259.87,193777,-1.71951e-07,1425.68,204839,4.55555e-07,11.7194,11.96,12.6541,2.21263,4.16949,0.989383,2.67766,5.84076,0.311842,3.14343,7.55825,0.0972771,3.63127,9.58578,0.0303237,4.15787,12.0912,0.00945211,4.73731,15.2286,0.00294633,5.38238,19.1721,0.000918508,6.10553,24.134,0.000286163,6.91951,30.3791,8.92692e-05,7.83792,38.2397,2.78121e-05,8.87555,48.1338,8.65134e-06,10.0489,60.5876,2.7882e-06,11.3761,76.2629,8.29036e-07,12.8779,95.9927,2.4373e-07,14.5775,120.825,1e-08,16.5012,152.08,1.75749e-07,18.6784,191.415,1e-08,21.1428,240.917,1.91829e-07,23.9322,303.213,1e-08,27.0895,381.602,7.0186e-08,30.6634,480.231,1e-08,34.7087,604.316,2.40784e-07,39.2876,760.401,9.87368e-08,44.4705,956.705,1.22263e-07,50.3371,1203.54,1e-08,56.9776,1513.81,1e-08,64.494,1903.69,1e-08,73.0018,2393.4,3.9185e-07,82.6317,3008.13,1.35379e-07,93.5318,3779.25,1e-08,105.869,4745.7,2.06965e-08,119.834,5955.6,1e-08,135.641,7468.12,1e-08,153.531,9355.62,2.00739e-07,173.781,11705.8,2.28358e-07,196.701,14624.1,1e-08,222.642,18235,1e-08,252.003,22683.4,1e-08,285.234,28134,1e-08,322.845,34767,2.34258e-07,365.413,42770.9,2.99668e-07,413.588,52327.9,8.28644e-08,468.111,63591.2,1e-08,529.814,76653.2,1e-08,599.642,91502.5,1e-08,678.662,107975,2.26339e-07,768.083,125705,3.69212e-07,869.267,144088,2.04077e-07,983.76,162277,1e-08,1113.3,179223,1e-08,1259.87,193777,1e-08,1425.68,204839,4.55555e-07,6.2823,3.27286,2.43537,0.219672,6.18826,2.24117,0.56371,6.87772,2.63624,0.308279,3,15,4,1,3,2,0,6,0,7,14,1,6,10,0,6,10,0,4,14,0,3,18,0,5,16,0,8,24,0,7,7,0,10,56,0,14,92,0,9,81,0,6,62,0,16,51,0,12,256,0,24,213,0,10,260,0,24,202,0,31,384,0,52,540,0,33,556,0,67,525,0,26,543,0,30,445,0,42,1855,0,47,2490,0,67,2765,0,57,1161,0,109,3845,0,71,5388,0,98,3567,0,203,6786,0,60,6644,0,182,3765,0,254,16141,0,351,18520,0,664,26957,0,349,59058,0,245,29380,0,254,21961,0,305,28837,0,594,58239,0,776,87306,0,334,29043,0,789,75228,0,455,77480,0,1413,118246,0,1691,248318,0,1265,212406,0,1749,162108,0,1096,250873,0
-1.05176e+08,1,8.88811e-15,10,1023,0,1.05176e+08,0.528882,1.08665,0.389689,0.145397,0.379329,3.24381,0.161596,0.446195,1.77396,0.159177,1.15e+07,4.49998e+06,6.79999e+06,1.15e+07,4.49997e+06,6.79999e+06,1.15e+07,4.49996e+06,6.79999e+06,1.15e+07,4.49995e+06,6.79999e+06,1.14999e+07,4.49993e+06,6.79999e+06,1.14999e+07,4.49991e+06,6.79999e+06,1.14999e+07,4.49989e+06,6.79999e+06,1.14999e+07,4.49986e+06,6.79999e+06,1.14999e+07,4.49982e+06,6.79999e+06,1.14999e+07,4.49977e+06,6.79999e+06,1.14999e+07,4.49971e+06,6.79999e+06,1.14999e+07,4.49963e+06,6.79999e+06,1.14998e+07,4.49953e+06,6.79999e+06,1.14998e+07,4.49941e+06,6.79999e+06,1.14998e+07,4.49926e+06,6.79999e+06,1.14998e+07,4.49906e+06,6.79999e+06,1.14997e+07,4.49882e+06,6.79999e+06,1.14997e+07,4.49851e+06,6.79999e+06,1.14997e+07,4.49812e+06,6.79999e+06,1.14996e+07,4.49764e+06,6.79999e+06,1.14996e+07,4.49702e+06,6.79999e+06,1.14995e+07,4.49625e+06,6.79999e+06,1.14995e+07,4.49528e+06,6.79999e+06,1.14994e+07,4.49406e+06,6.79999e+06,1.14993e+07,4.49253e+06,6.79999e+06,1.14992e+07,4.49059e+06,6.79999e+06,1.14991e+07,4.48817e+06,6.79999e+06,1.1499e+07,4.48511e+06,6.79999e+06,1.14988e+07,4.48128e+06,6.79999e+06,1.14987e+07,4.47646e+06,6.79999e+06,1.14985e+07,4.47041e+06,6.79999e+06,1.14983e+07,4.46281e+06,6.79999e+06,1.14981e+07,4.4533e+06,6.79999e+06,1.14979e+07,4.44138e+06,6.79999e+06,1.14976e+07,4.42649e+06,6.79999e+06,1.14972e+07,4.40789e+06,6.79999e+06,1.14969e+07,4.38471e+06,6.79999e+06,1.14965e+07,4.35592e+06,6.79999e+06,1.1496e+07,4.32027e+06,6.79999e+06,1.14955e+07,4.27629e+06,6.79999e+06,1.14949e+07,4.22231e+06,6.79999e+06,1.14942e+07,4.15647e+06,6.79999e+06,1.14934e+07,4.07676e+06,6.79999e+06,1.14926e+07,3.98112e+06,6.79999e+06,1.14916e+07,3.86765e+06,6.79999e+06,1.14905e+07,3.73474e+06,6.79999e+06,1.14892e+07,3.58148e+06,6.79999e+06,1.14878e+07,3.40785e+06,6.79999e+06,1.14862e+07,3.21513e+06,6.79999e+06,1.14844e+07,3.00605e+06,6.79999e+06,1.14823e+07,2.7848e+06,6.79999e+06,1.148e+07,2.5568e+06,6.79999e+06,1.14773e+07,2.32825e+06,6.79999e+06,13.5742,8.52444,0.508366,16.8306,13.2585,0.162638,20.0035,17.569,0.0507846,23.2616,22.4214,0.0158319,26.7328,28.3297,0.00493498,30.5212,35.6974,0.00153831,34.7178,44.9473,0.000479527,39.4086,56.5822,0.000149456,44.6796,71.2245,4.66214e-05,50.6209,89.6543,1.45419e-05,57.3297,112.852,4.54748e-06,64.9129,142.051,1.43857e-06,73.4897,178.803,4.36618e-07,83.1934,225.062,1.40153e-07,94.1745,283.286,4.96378e-08,106.602,356.568,1.05434e-07,120.669,448.799,-6.49244e-08,136.59,564.873,1.70148e-07,154.611,710.948,-5.34594e-08,175.008,894.767,1.63407e-07,198.097,1126.06,8.04804e-08,224.231,1417.07,1.14667e-07,253.813,1783.15,-1.71227e-07,287.297,2243.62,-2.88466e-07,325.198,2822.67,-4.33651e-07,368.098,3550.67,7.9318e-08,416.657,4465.65,3.13319e-07,471.621,5615.16,3.4613e-07,533.835,7058.61,-1.19199e-07,604.255,8870.02,-2.79964e-07,683.962,11141.4,-2.30521e-07,774.182,13986.7,-2.55099e-07,876.299,17546.4,1.23585e-07,991.883,21993.1,1.41192e-07,1122.71,27536.7,-9.71886e-08,1270.78,34430.7,-3.68368e-07,1438.38,42977.7,-3.45379e-07,1628.07,53532.7,-3.25328e-09,1842.77,66504.6,2.6362e-07,2085.77,82350.2,2.53445e-07,2360.79,101560,-2.47407e-08,2672.05,124632,-3.80602e-07,3024.31,152018,-4.79005e-07,3422.98,184060,-1.14379e-07,3874.15,220884,2.64297e-07,4384.72,262283,3.44131e-07,4962.49,307576,7.5349e-08,5616.29,355497,-3.63097e-07,6356.1,404126,-6.05442e-07,7193.18,450932,-2.72333e-07,8140.28,492963,2.29675e-07,9211.79,527178,4.3387e-07,10424,550893,-1.0711e-07,10.102,8.06553,2.81012,10.6436,8.57909,0.869423,11.5336,10.2515,0.270869,12.7211,12.7138,0.0844293,14.1823,15.9373,0.0263173,15.9122,20.0383,0.0082035,17.9198,25.2154,0.00255722,20.2244,31.7373,0.000797017,22.8539,39.9486,0.000248622,25.8438,50.2851,7.75492e-05,29.237,63.2963,2.42508e-05,33.0837,79.6738,7.67162e-06,37.4415,100.288,2.32837e-06,42.3767,126.236,7.33e-07,47.9646,158.896,2.79256e-07,54.2906,200.003,9.87351e-09,61.452,251.741,1.61085e-07,69.5585,316.859,-2.47141e-07,78.7347,398.812,8.93552e-08,89.1218,501.948,-2.53231e-07,100.879,631.736,-1.25047e-07,114.188,795.049,-1.78808e-07,129.252,1000.53,2.6733e-07,146.304,1259.03,4.50292e-07,165.605,1584.19,6.76904e-07,187.452,1993.12,-1.23808e-07,212.181,2507.27,-4.89068e-07,240.173,3153.54,-5.40284e-07,271.856,3965.56,1.86061e-07,307.719,4985.38,4.37004e-07,348.313,6265.4,3.59828e-07,394.26,7870.83,3.98192e-07,446.268,9882.51,-1.92908e-07,505.135,12400.3,-2.20392e-07,571.766,15546.9,1.51705e-07,647.184,19472.2,5.74996e-07,732.547,24357.4,5.39112e-07,829.167,30420,5.07815e-09,938.526,37916.3,-4.11492e-07,1062.3,47143.9,-3.9561e-07,1202.4,58439.2,3.86185e-08,1360.96,72169.3,5.94093e-07,1540.42,88715.8,7.47693e-07,1743.53,108445,1.78537e-07,1973.41,131665,-4.12549e-07,2233.57,158557,-5.37164e-07,2528,189103,-1.17615e-07,2861.2,222986,5.66769e-07,3238.27,259510,9.45053e-07,3664.97,297540,4.25093e-07,4147.81,335497,-3.58506e-07,4694.17,371444,-6.7724e-07,5312.37,403256,1.67192e-07,1.61744,3.89446,9.84394,3.28846,7.5504,12.774,5.07607,11.7187,13.6844,7.03202,16.8147,13.9681,9.20215,23.1769,14.0566,11.6301,31.1672,14.0841,14.3598,41.2186,14.0927,17.4376,53.8688,14.0954,20.9137,69.7915,14.0962,24.8432,89.8341,14.0965,29.2879,115.063,14.0966,34.3168,146.819,14.0966,40.0078,186.792,14.0966,46.4487,237.107,14.0966,53.7388,300.44,14.0966,61.9903,380.158,14.0966,71.3301,480.499,14.0966,81.902,606.796,14.0966,93.8685,765.761,14.0966,107.414,965.837,14.0966,122.746,1217.65,14.0966,140.101,1534.57,14.0966,159.745,1933.41,14.0966,181.981,2435.3,14.0966,207.15,3066.85,14.0966,235.64,3861.46,14.0966,267.889,4861.11,14.0966,304.391,6118.54,14.0966,345.709,7699.91,14.0966,392.478,9688.22,14.0966,445.417,12187.5,14.0966,505.339,15327.7,14.0966,573.165,19271.6,14.0966,649.938,24222,14.0966,736.839,30430.9,14.0966,835.202,38211.5,14.0966,946.539,47950.3,14.0966,1072.56,60122.8,14.0966,1215.21,75309.9,14.0966,1376.66,94216.2,14.0966,1559.41,117688,14.0966,1766.26,146729,14.0966,2000.39,182510,14.0966,2265.39,226372,14.0966,2565.33,279806,14.0966,2904.81,344416,14.0966,3289.05,421845,14.0966,3723.93,513667,14.0966,4216.13,621231,14.0966,4773.18,745478,14.0966,5403.64,886744,14.0966,6117.15,1.04457e+06,14.0966,6924.63,1.2176e+06,14.0966,11.7194,11.96,12.6541,13.9321,16.1295,13.6434,16.6097,21.9702,13.9553,19.7532,29.5285,14.0526,23.3844,39.1143,14.0829,27.5423,51.2054,14.0923,32.2796,66.434,14.0953,37.662,85.6061,14.0962,43.7675,109.74,14.0965,50.687,140.119,14.0966,58.5249,178.359,14.0966,67.4005,226.493,14.0966,77.4493,287.08,14.0966,88.8254,363.343,14.0966,101.703,459.336,14.0966,116.281,580.161,14.0966,132.782,732.241,14.0966,151.46,923.655,14.0966,172.603,1164.57,14.0966,196.535,1467.79,14.0966,223.625,1849.39,14.0966,254.288,2329.62,14.0966,288.997,2933.93,14.0966,328.285,3694.33,14.0966,372.755,4651.04,14.0966,423.092,5854.57,14.0966,480.07,7368.38,14.0966,544.564,9272.08,14.0966,617.566,11665.5,14.0966,700.197,14673.6,14.0966,793.729,18452.9,14.0966,899.599,23198.6,14.0966,1019.43,29154.1,14.0966,1155.07,36622.3,14.0966,1308.6,45977.9,14.0966,1482.39,57683.7,14.0966,1679.09,72307.8,14.0966,1901.73,90542.8,14.0966,2153.73,113226,14.0966,2438.97,141360,14.0966,2761.81,176127,14.0966,3127.22,218898,14.0966,3540.81,271226,14.0966,4008.92,334817,14.0966,4538.74,411470,14.0966,5138.38,502973,14.0966,5817.04,610948,14.0966,6585.12,736653,14.0966,7454.39,880741,14.0966,8438.15,1.04302e+06,14.0966,9551.45,1.22224e+06,14.0966,10811.3,1.41602e+06,14.0966,12237,1.62086e+06,14.0966,11.7194,11.96,12.6541,2.21263,4.16949,0.989383,2.67766,5.84076,0.311842,3.14343,7.55825,0.0972771,3.63127,9.58578,0.0303237,4.15787,12.0912,0.00945211,4.73731,15.2286,0.00294633,5.38238,19.1721,0.000918508,6.10553,24.134,0.000286163,6.91951,30.3791,8.92692e-05,7.83792,38.2397,2.78121e-05,8.87555,48.1338,8.65134e-06,10.0489,60.5876,2.7882e-06,11.3761,76.2629,8.29036e-07,12.8779,95.9927,2.4373e-07,14.5775,120.825,4.33068e-09,16.5012,152.08,1.75749e-07,18.6784,191.415,-1.86328e-07,21.1428,240.917,1.91829e-07,23.9322,303.213,-1.81475e-07,27.0895,381.602,7.0186e-08,30.6634,480.231,-2.86769e-08,34.7087,604.316,2.40784e-07,39.2876,760.401,9.87368e-08,44.4705,956.705,1.22263e-07,50.3371,1203.54,-4.31966e-07,56.9776,1513.81,-1.9705e-07,64.494,1903.69,-2.763e-08,73.0018,2393.4,3.9185e-07,82.6317,3008.13,1.35379e-07,93.5318,3779.25,-4.16351e-08,105.869,4745.7,2.06965e-08,119.834,5955.6,-3.18887e-07,135.641,7468.12,-1.48271e-08,153.531,9355.62,2.00739e-07,173.781,11705.8,2.28358e-07,196.701,14624.1,-1.93587e-08,222.642,18235,-2.88101e-07,252.003,22683.4,-2.24732e-07,285.234,28134,8.56806e-09,322.845,34767,2.34258e-07,365.413,42770.9,2.99668e-07,413.588,52327.9,8.28644e-08,468.111,63591.2,-3.07049e-07,529.814,76653.2,-3.1888e-07,599.642,91502.5,-6.72276e-08,678.662,107975,2.26339e-07,768.083,125705,3.69212e-07,869.267,144088,2.04077e-07,983.76,162277,-2.80509e-07,1113.3,179223,-4.22737e-07,1259.87,193777,-1.71951e-07,1425.68,204839,4.55555e-07,11.7194,11.96,12.6541,2.21263,4.16949,0.989383,2.67766,5.84076,0.311842,3.14343,7.55825,0.0972771,3.63127,9.58578,0.0303237,4.15787,12.0912,0.00945211,4.73731,15.2286,0.00294633,5.38238,19.1721,0.000918508,6.10553,24.134,0.000286163,6.91951,30.3791,8.92692e-05,7.83792,38.2397,2.78121e-05,8.87555,48.1338,8.65134e-06,10.0489,60.5876,2.7882e-06,11.3761,76.2629,8.29036e-07,12.8779,95.9927,2.4373e-07,14.5775,120.825,1e-08,16.5012,152.08,1.75749e-07,18.6784,191.415,1e-08,21.1428,240.917,1.91829e-07,23.9322,303.213,1e-08,27.0895,381.602,7.0186e-08,30.6634,480.231,1e-08,34.7087,604.316,2.40784e-07,39.2876,760.401,9.87368e-08,44.4705,956.705,1.22263e-07,50.3371,1203.54,1e-08,56.9776,1513.81,1e-08,64.494,1903.69,1e-08,73.0018,2393.4,3.9185e-07,82.6317,3008.13,1.35379e-07,93.5318,3779.25,1e-08,105.869,4745.7,2.06965e-08,119.834,5955.6,1e-08,135.641,7468.12,1e-08,153.531,9355.62,2.00739e-07,173.781,11705.8,2.28358e-07,196.701,14624.1,1e-08,222.642,18235,1e-08,252.003,22683.4,1e-08,285.234,28134,1e-08,322.845,34767,2.34258e-07,365.413,42770.9,2.99668e-07,413.588,52327.9,8.28644e-08,468.111,63591.2,1e-08,529.814,76653.2,1e-08,599.642,91502.5,1e-08,678.662,107975,2.26339e-07,768.083,125705,3.69212e-07,869.267,144088,2.04077e-07,983.76,162277,1e-08,1113.3,179223,1e-08,1259.87,193777,1e-08,1425.68,204839,4.55555e-07,6.2823,3.27286,2.43537,0.219672,6.18826,2.24117,0.56371,6.87772,2.63624,0.308279,8,5,12,1,1,0,13,7,0,0,11,0,0,11,0,6,5,0,5,14,0,7,21,0,10,21,0,10,39,0,13,25,0,7,44,0,10,21,0,13,59,0,5,55,0,19,259,0,25,136,0,20,87,0,37,127,0,54,275,0,17,533,0,54,993,0,35,511,0,47,1395,0,39,472,0,55,672,0,29,665,0,44,2011,0,100,3099,0,30,2681,0,79,1975,0,135,5853,0,116,6203,0,81,8942,0,208,9867,0,218,14544,0,191,19241,0,168,24796,0,430,11676,0,513,29546,0,322,32957,0,234,20259,0,294,48630,0,405,50454,0,409,43752,0,669,65465,0,1346,59270,0,1023,101366,0,860,206119,0,903,163946,0,1014,87133,0,1714,186039,0,1101,209936,0
-1.05176e+08,3.03665e-61,8.88811e-15,10,1023,0,1.05176e+08,0.528882,1.08665,0.389689,0.145397,0.379329,3.24381,0.161596,0.446195,1.77396,0.159177,1.15e+07,4.49998e+06,6.79999e+06,1.15e+07,4.49997e+06,6.79999e+06,1.15e+07,4.49996e+06,6.79999e+06,1.15e+07,4.49995e+06,6.79999e+06,1.14999e+07,4.49993e+06,6.79999e+06,1.14999e+07,4.49991e+06,6.79999e+06,1.14999e+07,4.49989e+06,6.79999e+06,1.14999e+07,4.49986e+06,6.79999e+06,1.14999e+07,4.49982e+06,6.79999e+06,1.14999e+07,4.49977e+06,6.79999e+06,1.14999e+07,4.49971e+06,6.79999e+06,1.14999e+07,4.49963e+06,6.79999e+06,1.14998e+07,4.49953e+06,6.79999e+06,1.14998e+07,4.49941e+06,6.79999e+06,1.14998e+07,4.49926e+06,6.79999e+06,1.14998e+07,4.49906e+06,6.79999e+06,1.14997e+07,4.49882e+06,6.79999e+06,1.14997e+07,4.49851e+06,6.79999e+06,1.14997e+07,4.49812e+06,6.79999e+06,1.14996e+07,4.49764e+06,6.79999e+06,1.14996e+07,4.49702e+06,6.79999e+06,1.14995e+07,4.49625e+06,6.79999e+06,1.14995e+07,4.49528e+06,6.79999e+06,1.14994e+07,4.49406e+06,6.79999e+06,1.14993e+07,4.49253e+06,6.79999e+06,1.14992e+07,4.49059e+06,6.79999e+06,1.14991e+07,4.48817e+06,6.79999e+06,1.1499e+07,4.48511e+06,6.79999e+06,1.14988e+07,4.48128e+06,6.79999e+06,1.14987e+07,4.47646e+06,6.79999e+06,1.14985e+07,4.47041e+06,6.79999e+06,1.14983e+07,4.46281e+06,6.79999e+06,1.14981e+07,4.4533e+06,6.79999e+06,1.14979e+07,4.44138e+06,6.79999e+06,1.14976e+07,4.42649e+06,6.79999e+06,1.14972e+07,4.40789e+06,6.79999e+06,1.14969e+07,4.38471e+06,6.79999e+06,1.14965e+07,4.35592e+06,6.79999e+06,1.1496e+07,4.32027e+06,6.79999e+06,1.14955e+07,4.27629e+06,6.79999e+06,1.14949e+07,4.22231e+06,6.79999e+06,1.14942e+07,4.15647e+06,6.79999e+06,1.14934e+07,4.07676e+06,6.79999e+06,1.14926e+07,3.98112e+06,6.79999e+06,1.14916e+07,3.86765e+06,6.79999e+06,1.14905e+07,3.73474e+06,6.79999e+06,1.14892e+07,3.58148e+06,6.79999e+06,1.14878e+07,3.40785e+06,6.79999e+06,1.14862e+07,3.21513e+06,6.79999e+06,1.14844e+07,3.00605e+06,6.79999e+06,1.14823e+07,2.7848e+06,6.79999e+06,1.148e+07,2.5568e+06,6.79999e+06,1.14773e+07,2.32825e+06,6.79999e+06,13.5742,8.52444,0.508366,16.8306,13.2585,0.162638,20.0035,17.569,0.0507846,23.2616,22.4214,0.0158319,26.7328,28.3297,0.00493498,30.5212,35.6974,0.00153831,34.7178,44.9473,0.000479527,39.4086,56.5822,0.000149456,44.6796,71.2245,4.66214e-05,50.6209,89.6543,1.45419e-05,57.3297,112.852,4.54748e-06,64.9129,142.051,1.43857e-06,73.4897,178.803,4.36618e-07,83.1934,225.062,1.40153e-07,94.1745,283.286,4.96378e-08,106.602,356.568,1.05434e-07,120.669,448.799,-6.49244e-08,136.59,564.873,1.70148e-07,154.611,710.948,-5.34594e-08,175.008,894.767,1.63407e-07,198.097,1126.06,8.04804e-08,224.231,1417.07,1.14667e-07,253.813,1783.15,-1.71227e-07,287.297,2243.62,-2.88466e-07,325.198,2822.67,-4.33651e-07,368.098,3550.67,7.9318e-08,416.657,4465.65,3.13319e-07,471.621,5615.16,3.4613e-07,533.835,7058.61,-1.19199e-07,604.255,8870.02,-2.79964e-07,683.962,11141.4,-2.30521e-07,774.182,13986.7,-2.55099e-07,876.299,17546.4,1.23585e-07,991.883,21993.1,1.41192e-07,1122.71,27536.7,-9.71886e-08,1270.78,34430.7,-3.68368e-07,1438.38,42977.7,-3.45379e-07,1628.07,53532.7,-3.25328e-09,1842.77,66504.6,2.6362e-07,2085.77,82350.2,2.53445e-07,2360.79,101560,-2.47407e-08,2672.05,124632,-3.80602e-07,3024.31,152018,-4.79005e-07,3422.98,184060,-1.14379e-07,3874.15,220884,2.64297e-07,4384.72,262283,3.44131e-07,4962.49,307576,7.5349e-08,5616.29,355497,-3.63097e-07,6356.1,404126,-6.05442e-07,7193.18,450932,-2.72333e-07,8140.28,492963,2.29675e-07,9211.79,527178,4.3387e-07,10424,550893,-1.0711e-07,10.102,8.06553,2.81012,10.6436,8.57909,0.869423,11.5336,10.2515,0.270869,12.7211,12.7138,0.0844293,14.1823,15.9373,0.0263173,15.9122,20.0383,0.0082035,17.9198,25.2154,0.00255722,20.2244,31.7373,0.000797017,22.8539,39.9486,0.000248622,25.8438,50.2851,7.75492e-05,29.237,63.2963,2.42508e-05,33.0837,79.6738,7.67162e-06,37.4415,100.288,2.32837e-06,42.3767,126.236,7.33e-07,47.9646,158.896,2.79256e-07,54.2906,200.003,9.87351e-09,61.452,251.741,1.61085e-07,69.5585,316.859,-2.47141e-07,78.7347,398.812,8.93552e-08,89.1218,501.948,-2.53231e-07,100.879,631.736,-1.25047e-07,114.188,795.049,-1.78808e-07,129.252,1000.53,2.6733e-07,146.304,1259.03,4.50292e-07,165.605,1584.19,6.76904e-07,187.452,1993.12,-1.23808e-07,212.181,2507.27,-4.89068e-07,240.173,3153.54,-5.40284e-07,271.856,3965.56,1.86061e-07,307.719,4985.38,4.37004e-07,348.313,6265.4,3.59828e-07,394.26,7870.83,3.98192e-07,446.268,9882.51,-1.92908e-07,505.135,12400.3,-2.20392e-07,571.766,15546.9,1.51705e-07,647.184,19472.2,5.74996e-07,732.547,24357.4,5.39112e-07,829.167,30420,5.07815e-09,938.526,37916.3,-4.11492e-07,1062.3,47143.9,-3.9561e-07,1202.4,58439.2,3.86185e-08,1360.96,72169.3,5.94093e-07,1540.42,88715.8,7.47693e-07,1743.53,108445,1.78537e-07,1973.41,131665,-4.12549e-07,2233.57,158557,-5.37164e-07,2528,189103,-1.17615e-07,2861.2,222986,5.66769e-07,3238.27,259510,9.45053e-07,3664.97,297540,4.25093e-07,4147.81,335497,-3.58506e-07,4694.17,371444,-6.7724e-07,5312.37,403256,1.67192e-07,1.61744,3.89446,9.84394,3.28846,7.5504,12.774,5.07607,11.7187,13.6844,7.03202,16.8147,13.9681,9.20215,23.1769,14.0566,11.6301,31.1672,14.0841,14.3598,41.2186,14.0927,17.4376,53.8688,14.0954,20.9137,69.7915,14.0962,24.8432,89.8341,14.0965,29.2879,115.063,14.0966,34.3168,146.819,14.0966,40.0078,186.792,14.0966,46.4487,237.107,14.0966,53.7388,300.44,14.0966,61.9903,380.158,14.0966,71.3301,480.499,14.0966,81.902,606.796,14.0966,93.8685,765.761,14.0966,107.414,965.837,14.0966,122.746,1217.65,14.0966,140.101,1534.57,14.0966,159.745,1933.41,14.0966,181.981,2435.3,14.0966,207.15,3066.85,14.0966,235.64,3861.46,14.0966,267.889,4861.11,14.0966,304.391,6118.54,14.0966,345.709,7699.91,14.0966,392.478,9688.22,14.0966,445.417,12187.5,14.0966,505.339,15327.7,14.0966,573.165,19271.6,14.0966,649.938,24222,14.0966,736.839,30430.9,14.0966,835.202,38211.5,14.0966,946.539,47950.3,14.0966,1072.56,60122.8,14.0966,1215.21,75309.9,14.0966,1376.66,94216.2,14.0966,1559.41,117688,14.0966,1766.26,146729,14.0966,2000.39,182510,14.0966,2265.39,226372,14.0966,2565.33,279806,14.0966,2904.81,344416,14.0966,3289.05,421845,14.0966,3723.93,513667,14.0966,4216.13,621231,14.0966,4773.18,745478,14.0966,5403.64,886744,14.0966,6117.15,1.04457e+06,14.0966,6924.63,1.2176e+06,14.0966,11.7194,11.96,12.6541,13.9321,16.1295,13.6434,16.6097,21.9702,13.9553,19.7532,29.5285,14.0526,23.3844,39.1143,14.0829,27.5423,51.2054,14.0923,32.2796,66.434,14.0953,37.662,85.6061,14.0962,43.7675,109.74,14.0965,50.687,140.119,14.0966,58.5249,178.359,14.0966,67.4005,226.493,14.0966,77.4493,287.08,14.0966,88.8254,363.343,14.0966,101.703,459.336,14.0966,116.281,580.161,14.0966,132.782,732.241,14.0966,151.46,923.655,14.0966,172.603,1164.57,14.0966,196.535,1467.79,14.0966,223.625,1849.39,14.0966,254.288,2329.62,14.0966,288.997,2933.93,14.0966,328.285,3694.33,14.0966,372.755,4651.04,14.0966,423.092,5854.57,14.0966,480.07,7368.38,14.0966,544.564,9272.08,14.0966,617.566,11665.5,14.0966,700.197,14673.6,14.0966,793.729,18452.9,14.0966,899.599,23198.6,14.0966,1019.43,29154.1,14.0966,1155.07,36622.3,14.0966,1308.6,45977.9,14.0966,1482.39,57683.7,14.0966,1679.09,72307.8,14.0966,1901.73,90542.8,14.0966,2153.73,113226,14.0966,2438.97,141360,14.0966,2761.81,176127,14.0966,3127.22,218898,14.0966,3540.81,271226,14.0966,4008.92,334817,14.0966,4538.74,411470,14.0966,5138.38,502973,14.0966,5817.04,610948,14.0966,6585.12,736653,14.0966,7454.39,880741,14.0966,8438.15,1.04302e+06,14.0966,9551.45,1.22224e+06,14.0966,10811.3,1.41602e+06,14.0966,12237,1.62086e+06,14.0966,11.7194,11.96,12.6541,2.21263,4.16949,0.989383,2.67766,5.84076,0.311842,3.14343,7.55825,0.0972771,3.63127,9.58578,0.0303237,4.15787,12.0912,0.00945211,4.73731,15.2286,0.00294633,5.38238,19.1721,0.000918508,6.10553,24.134,0.000286163,6.91951,30.3791,8.92692e-05,7.83792,38.2397,2.78121e-05,8.87555,48.1338,8.65134e-06,10.0489,60.5876,2.7882e-06,11.3761,76.2629,8.29036e-07,12.8779,95.9927,2.4373e-07,14.5775,120.825,4.33068e-09,16.5012,152.08,1.75749e-07,18.6784,191.415,-1.86328e-07,21.1428,240.917,1.91829e-07,23.9322,303.213,-1.81475e-07,27.0895,381.602,7.0186e-08,30.6634,480.231,-2.86769e-08,34.7087,604.316,2.40784e-07,39.2876,760.401,9.87368e-08,44.4705,956.705,1.22263e-07,50.3371,1203.54,-4.31966e-07,56.9776,1513.81,-1.9705e-07,64.494,1903.69,-2.763e-08,73.0018,2393.4,3.9185e-07,82.6317,3008.13,1.35379e-07,93.5318,3779.25,-4.16351e-08,105.869,4745.7,2.06965e-08,119.834,5955.6,-3.18887e-07,135.641,7468.12,-1.48271e-08,153.531,9355.62,2.00739e-07,173.781,11705.8,2.28358e-07,196.701,14624.1,-1.93587e-08,222.642,18235,-2.88101e-07,252.003,22683.4,-2.24732e-07,285.234,28134,8.56806e-09,322.845,34767,2.34258e-07,365.413,42770.9,2.99668e-07,413.588,52327.9,8.28644e-08,468.111,63591.2,-3.07049e-07,529.814,76653.2,-3.1888e-07,599.642,91502.5,-6.72276e-08,678.662,107975,2.26339e-07,768.083,125705,3.69212e-07,869.267,144088,2.04077e-07,983.76,162277,-2.80509e-07,1113.3,179223,-4.22737e-07,1259.87,193777,-1.71951e-07,1425.68,204839,4.55555e-07,11.7194,11.96,12.6541,2.21263,4.16949,0.989383,2.67766,5.84076,0.311842,3.14343,7.55825,0.0972771,3.63127,9.58578,0.0303237,4.15787,12.0912,0.00945211,4.73731,15.2286,0.00294633,5.38238,19.1721,0.000918508,6.10553,24.134,0.000286163,6.91951,30.3791,8.92692e-05,7.83792,38.2397,2.78121e-05,8.87555,48.1338,8.65134e-06,10.0489,60.5876,2.7882e-06,11.3761,76.2629,8.29036e-07,12.8779,95.9927,2.4373e-07,14.5775,120.825,1e-08,16.5012,152.08,1.75749e-07,18.6784,191.415,1e-08,21.1428,240.917,1.91829e-07,23.9322,303.213,1e-08,27.0895,381.602,7.0186e-08,30.6634,480.231,1e-08,34.7087,604.316,2.40784e-07,39.2876,760.401,9.87368e-08,44.4705,956.705,1.22263e-07,50.3371,1203.54,1e-08,56.9776,1513.81,1e-08,64.494,1903.69,1e-08,73.0018,2393.4,3.9185e-07,82.6317,3008.13,1.35379e-07,93.5318,3779.25,1e-08,105.869,4745.7,2.06965e-08,119.834,5955.6,1e-08,135.641,7468.12,1e-08,153.531,9355.62,2.00739e-07,173.781,11705.8,2.28358e-07,196.701,14624.1,1e-08,222.642,18235,1e-08,252.003,22683.4,1e-08,285.234,28134,1e-08,322.845,34767,2.34258e-07,365.413,42770.9,2.99668e-07,413.588,52327.9,8.28644e-08,468.111,63591.2,1e-08,529.814,76653.2,1e-08,599.642,91502.5,1e-08,678.662,107975,2.26339e-07,768.083,125705,3.69212e-07,869.267,144088,2.04077e-07,983.76,162277,1e-08,1113.3,179223,1e-08,1259.87,193777,1e-08,1425.68,204839,4.55555e-07,6.2823,3.27286,2.43537,0.219672,6.18826,2.24117,0.56371,6.87772,2.63624,0.308279,15,15,14,4,1,0,0,1,0,3,10,0,5,13,0,4,3,0,4,9,0,6,23,0,2,45,0,9,31,0,10,21,0,12,36,0,5,71,0,13,62,0,3,90,0,6,67,0,9,54,0,8,170,0,20,323,0,21,288,0,21,432,0,34,359,0,30,309,0,31,552,0,18,1337,0,48,993,0,131,648,0,107,2200,0,153,3657,0,60,4553,0,51,2560,0,73,4615,0,94,3777,0,49,9654,0,221,10406,0,58,20747,0,123,34866,0,294,10658,0,194,39281,0,532,18976,0,284,27516,0,419,25571,0,145,62262,0,312,31105,0,239,112042,0,574,64961,0,689,88470,0,1028,51607,0,703,206001,0,1240,115328,0,1465,104591,0,868,159880,0,751,131555,0
-1.05176e+08,1,8.88811e-15,10,1023,0,1.05176e+08,0.528882,1.08665,0.389689,0.145397,0.379329,3.24381,0.161596,0.446195,1.77396,0.159177,1.15e+07,4.49998e+06,6.79999e+06,1.15e+07,4.49997e+06,6.79999e+06,1.15e+07,4.49996e+06,6.79999e+06,1.15e+07,4.49995e+06,6.79999e+06,1.14999e+07,4.49993e+06,6.79999e+06,1.14999e+07,4.49991e+06,6.79999e+06,1.14999e+07,4.49989e+06,6.79999e+06,1.14999e+07,4.49986e+06,6.79999e+06,1.14999e+07,4.49982e+06,6.79999e+06,1.14999e+07,4.49977e+06,6.79999e+06,1.14999e+07,4.49971e+06,6.79999e+06,1.14999e+07,4.49963e+06,6.79999e+06,1.14998e+07,4.49953e+06,6.79999e+06,1.14998e+07,4.49941e+06,6.79999e+06,1.14998e+07,4.49926e+06,6.79999e+06,1.14998e+07,4.49906e+06,6.79999e+06,1.14997e+07,4.49882e+06,6.79999e+06,1.14997e+07,4.49851e+06,6.79999e+06,1.14997e+07,4.49812e+06,6.79999e+06,1.14996e+07,4.49764e+06,6.79999e+06,1.14996e+07,4.49702e+06,6.79999e+06,1.14995e+07,4.49625e+06,6.79999e+06,1.14995e+07,4.49528e+06,6.79999e+06,1.14994e+07,4.49406e+06,6.79999e+06,1.14993e+07,4.49253e+06,6.79999e+06,1.14992e+07,4.49059e+06,6.79999e+06,1.14991e+07,4.48817e+06,6.79999e+06,1.1499e+07,4.48511e+06,6.79999e+06,1.14988e+07,4.48128e+06,6.79999e+06,1.14987e+07,4.47646e+06,6.79999e+06,1.14985e+07,4.47041e+06,6.79999e+06,1.14983e+07,4.46281e+06,6.79999e+06,1.14981e+07,4.4533e+06,6.79999e+06,1.14979e+07,4.44138e+06,6.79999e+06,1.14976e+07,4.42649e+06,6.79999e+06,1.14972e+07,4.40789e+06,6.79999e+06,1.14969e+07,4.38471e+06,6.79999e+06,1.14965e+07,4.35592e+06,6.79999e+06,1.1496e+07,4.32027e+06,6.79999e+06,1.14955e+07,4.27629e+06,6.79999e+06,1.14949e+07,4.22231e+06,6.79999e+06,1.14942e+07,4.15647e+06,6.79999e+06,1.14934e+07,4.07676e+06,6.79999e+06,1.14926e+07,3.98112e+06,6.79999e+06,1.14916e+07,3.86765e+06,6.79999e+06,1.14905e+07,3.73474e+06,6.79999e+06,1.14892e+07,3.58148e+06,6.79999e+06,1.14878e+07,3.40785e+06,6.79999e+06,1.14862e+07,3.21513e+06,6.79999e+06,1.14844e+07,3.00605e+06,6.79999e+06,1.14823e+07,2.7848e+06,6.79999e+06,1.148e+07,2.5568e+06,6.79999e+06,1.14773e+07,2.32825e+06,6.79999e+06,13.5742,8.52444,0.508366,16.8306,13.2585,0.162638,20.0035,17.569,0.0507846,23.2616,22.4214,0.0158319,26.7328,28.3297,0.00493498,30.5212,35.6974,0.00153831,34.7178,44.9473,0.000479527,39.4086,56.5822,0.000149456,44.6796,71.2245,4.66214e-05,50.6209,89.6543,1.45419e-05,57.3297,112.852,4.54748e-06,64.9129,142.051,1.43857e-06,73.4897,178.803,4.36618e-07,83.1934,225.062,1.40153e-07,94.1745,283.286,4.96378e-08,106.602,356.568,1.05434e-07,120.669,448.799,-6.49244e-08,136.59,564.873,1.70148e-07,154.611,710.948,-5.34594e-08,175.008,894.767,1.63407e-07,198.097,1126.06,8.04804e-08,224.231,1417.07,1.14667e-07,253.813,1783.15,-1.71227e-07,287.297,2243.62,-2.88466e-07,325.198,2822.67,-4.33651e-07,368.098,3550.67,7.9318e-08,416.657,4465.65,3.13319e-07,471.621,5615.16,3.4613e-07,533.835,7058.61,-1.19199e-07,604.255,8870.02,-2.79964e-07,683.962,11141.4,-2.30521e-07,774.182,13986.7,-2.55099e-07,876.299,17546.4,1.23585e-07,991.883,21993.1,1.41192e-07,1122.71,27536.7,-9.71886e-08,1270.78,34430.7,-3.68368e-07,1438.38,42977.7,-3.45379e-07,1628.07,53532.7,-3.25328e-09,1842.77,66504.6,2.6362e-07,2085.77,82350.2,2.53445e-07,2360.79,101560,-2.47407e-08,2672.05,124632,-3.80602e-07,3024.31,152018,-4.79005e-07,3422.98,184060,-1.14379e-07,3874.15,220884,2.64297e-07,4384.72,262283,3.44131e-07,4962.49,307576,7.5349e-08,5616.29,355497,-3.63097e-07,6356.1,404126,-6.05442e-07,7193.18,450932,-2.72333e-07,8140.28,492963,2.29675e-07,9211.79,527178,4.3387e-07,10424,550893,-1.0711e-07,10.102,8.06553,2.81012,10.6436,8.57909,0.869423,11.5336,10.2515,0.270869,12.7211,12.7138,0.0844293,14.1823,15.9373,0.0263173,15.9122,20.0383,0.0082035,17.9198,25.2154,0.00255722,20.2244,31.7373,0.000797017,22.8539,39.9486,0.000248622,25.8438,50.2851,7.75492e-05,29.237,63.2963,2.42508e-05,33.0837,79.6738,7.67162e-06,37.4415,100.288,2.32837e-06,42.3767,126.236,7.33e-07,47.9646,158.896,2.79256e-07,54.2906,200.003,9.87351e-09,61.452,251.741,1.61085e-07,69.5585,316.859,-2.47141e-07,78.7347,398.812,8.93552e-08,89.1218,501.948,-2.53231e-07,100.879,631.736,-1.25047e-07,114.188,795.049,-1.78808e-07,129.252,1000.53,2.6733e-07,146.304,1259.03,4.50292e-07,165.605,1584.19,6.76904e-07,187.452,1993.12,-1.23808e-07,212.181,2507.27,-4.89068e-07,240.173,3153.54,-5.40284e-07,271.856,3965.56,1.86061e-07,307.719,4985.38,4.37004e-07,348.313,6265.4,3.59828e-07,394.26,7870.83,3.98192e-07,446.268,9882.51,-1.92908e-07,505.135,12400.3,-2.20392e-07,571.766,15546.9,1.51705e-07,647.184,19472.2,5.74996e-07,732.547,24357.4,5.39112e-07,829.167,30420,5.07815e-09,938.526,37916.3,-4.11492e-07,1062.3,47143.9,-3.9561e-07,1202.4,58439.2,3.86185e-08,1360.96,72169.3,5.94093e-07,1540.42,88715.8,7.47693e-07,1743.53,108445,1.78537e-07,1973.41,131665,-4.12549e-07,2233.57,158557,-5.37164e-07,2528,189103,-1.17615e-07,2861.2,222986,5.66769e-07,3238.27,259510,9.45053e-07,3664.97,297540,4.25093e-07,4147.81,335497,-3.58506e-07,4694.17,371444,-6.7724e-07,5312.37,403256,1.67192e-07,1.61744,3.89446,9.84394,3.28846,7.5504,12.774,5.07607,11.7187,13.6844,7.03202,16.8147,13.9681,9.20215,23.1769,14.0566,11.6301,31.1672,14.0841,14.3598,41.2186,14.0927,17.4376,53.8688,14.0954,20.9137,69.7915,14.0962,24.8432,89.8341,14.0965,29.2879,115.063,14.0966,34.3168,146.819,14.0966,40.0078,186.792,14.0966,46.4487,237.107,14.0966,53.7388,300.44,14.0966,61.9903,380.158,14.0966,71.3301,480.499,14.0966,81.902,606.796,14.0966,93.8685,765.761,14.0966,107.414,965.837,14.0966,122.746,1217.65,14.0966,140.101,1534.57,14.0966,159.745,1933.41,14.0966,181.981,2435.3,14.0966,207.15,3066.85,14.0966,235.64,3861.46,14.0966,267.889,4861.11,14.0966,304.391,6118.54,14.0966,345.709,7699.91,14.0966,392.478,9688.22,14.0966,445.417,12187.5,14.0966,505.339,15327.7,14.0966,573.165,19271.6,14.0966,649.938,24222,14.0966,736.839,30430.9,14.0966,835.202,38211.5,14.0966,946.539,47950.3,14.0966,1072.56,60122.8,14.0966,1215.21,75309.9,14.0966,1376.66,94216.2,14.0966,1559.41,117688,14.0966,1766.26,146729,14.0966,2000.39,182510,14.0966,2265.39,226372,14.0966,2565.33,279806,14.0966,2904.81,344416,14.0966,3289.05,421845,14.0966,3723.93,513667,14.0966,4216.13,621231,14.0966,4773.18,745478,14.0966,5403.64,886744,14.0966,6117.15,1.04457e+06,14.0966,6924.63,1.2176e+06,14.0966,11.7194,11.96,12.6541,13.9321,16.1295,13.6434,16.6097,21.9702,13.9553,19.7532,29.5285,14.0526,23.3844,39.1143,14.0829,27.5423,51.2054,14.0923,32.2796,66.434,14.0953,37.662,85.6061,14.0962,43.7675,109.74,14.0965,50.687,140.119,14.0966,58.5249,178.359,14.0966,67.4005,226.493,14.0966,77.4493,287.08,14.0966,88.8254,363.343,14.0966,101.703,459.336,14.0966,116.281,580.161,14.0966,132.782,732.241,14.0966,151.46,923.655,14.0966,172.603,1164.57,14.0966,196.535,1467.79,14.0966,223.625,1849.39,14.0966,254.288,2329.62,14.0966,288.997,2933.93,14.0966,328.285,3694.33,14.0966,372.755,4651.04,14.0966,423.092,5854.57,14.0966,480.07,7368.38,14.0966,544.564,9272.08,14.0966,617.566,11665.5,14.0966,700.197,14673.6,14.0966,793.729,18452.9,14.0966,899.599,23198.6,14.0966,1019.43,29154.1,14.0966,1155.07,36622.3,14.0966,1308.6,45977.9,14.0966,1482.39,57683.7,14.0966,1679.09,72307.8,14.0966,1901.73,90542.8,14.0966,2153.73,113226,14.0966,2438.97,141360,14.0966,2761.81,176127,14.0966,3127.22,218898,14.0966,3540.81,271226,14.0966,4008.92,334817,14.0966,4538.74,411470,14.0966,5138.38,502973,14.0966,5817.04,610948,14.0966,6585.12,736653,14.0966,7454.39,880741,14.0966,8438.15,1.04302e+06,14.0966,9551.45,1.22224e+06,14.0966,10811.3,1.41602e+06,14.0966,12237,1.62086e+06,14.0966,11.7194,11.96,12.6541,2.21263,4.16949,0.989383,2.67766,5.84076,0.311842,3.14343,7.55825,0.0972771,3.63127,9.58578,0.0303237,4.15787,12.0912,0.00945211,4.73731,15.2286,0.00294633,5.38238,19.1721,0.000918508,6.10553,24.134,0.000286163,6.91951,30.3791,8.92692e-05,7.83792,38.2397,2.78121e-05,8.87555,48.1338,8.65134e-06,10.0489,60.5876,2.7882e-06,11.3761,76.2629,8.29036e-07,12.8779,95.9927,2.4373e-07,14.5775,120.825,4.33068e-09,16.5012,152.08,1.75749e-07,18.6784,191.415,-1.86328e-07,21.1428,240.917,1.91829e-07,23.9322,303.213,-1.81475e-07,27.0895,381.602,7.0186e-08,30.6634,480.231,-2.86769e-08,34.7087,604.316,2.40784e-07,39.2876,760.401,9.87368e-08,44.4705,956.705,1.22263e-07,50.3371,1203.54,-4.31966e-07,56.9776,1513.81,-1.9705e-07,64.494,1903.69,-2.763e-08,73.0018,2393.4,3.9185e-07,82.6317,3008.13,1.35379e-07,93.5318,3779.25,-4.16351e-08,105.869,4745.7,2.06965e-08,119.834,5955.6,-3.18887e-07,135.641,7468.12,-1.48271e-08,153.531,9355.62,2.00739e-07,173.781,11705.8,2.28358e-07,196.701,14624.1,-1.93587e-08,222.642,18235,-2.88101e-07,252.003,22683.4,-2.24732e-07,285.234,28134,8.56806e-09,322.845,34767,2.34258e-07,365.413,42770.9,2.99668e-07,413.588,52327.9,8.28644e-08,468.111,63591.2,-3.07049e-07,529.814,76653.2,-3.1888e-07,599.642,91502.5,-6.72276e-08,678.662,107975,2.26339e-07,768.083,125705,3.69212e-07,869.267,144088,2.04077e-07,983.76,162277,-2.80509e-07,1113.3,179223,-4.22737e-07,1259.87,193777,-1.71951e-07,1425.68,204839,4.55555e-07,11.7194,11.96,12.6541,2.21263,4.16949,0.989383,2.67766,5.84076,0.311842,3.14343,7.55825,0.0972771,3.63127,9.58578,0.0303237,4.15787,12.0912,0.00945211,4.73731,15.2286,0.00294633,5.38238,19.1721,0.000918508,6.10553,24.134,0.000286163,6.91951,30.3791,8.92692e-05,7.83792,38.2397,2.78121e-05,8.87555,48.1338,8.65134e-06,10.0489,60.5876,2.7882e-06,11.3761,76.2629,8.29036e-07,12.8779,95.9927,2.4373e-07,14.5775,120.825,1e-08,16.5012,152.08,1.75749e-07,18.6784,191.415,1e-08,21.1428,240.917,1.91829e-07,23.9322,303.213,1e-08,27.0895,381.602,7.0186e-08,30.6634,480.231,1e-08,34.7087,604.316,2.40784e-07,39.2876,760.401,9.87368e-08,44.4705,956.705,1.22263e-07,50.3371,1203.54,1e-08,56.9776,1513.81,1e-08,64.494,1903.69,1e-08,73.0018,2393.4,3.9185e-07,82.6317,3008.13,1.35379e-07,93.5318,3779.25,1e-08,105.869,4745.7,2.06965e-08,119.834,5955.6,1e-08,135.641,7468.12,1e-08,153.531,9355.62,2.00739e-07,173.781,11705.8,2.28358e-07,196.701,14624.1,1e-08,222.642,18235,1e-08,252.003,22683.4,1e-08,285.234,28134,1e-08,322.845,34767,2.34258e-07,365.413,42770.9,2.99668e-07,413.588,52327.9,8.28644e-08,468.111,63591.2,1e-08,529.814,76653.2,1e-08,599.642,91502.5,1e-08,678.662,107975,2.26339e-07,768.083,125705,3.69212e-07,869.267,144088,2.04077e-07,983.76,162277,1e-08,1113.3,179223,1e-08,1259.87,193777,1e-08,1425.68,204839,4.55555e-07,6.2823,3.27286,2.43537,0.219672,6.18826,2.24117,0.56371,6.87772,2.63624,0.308279,3,24,22,1,2,1,5,3,0,7,5,0,4,4,0,6,6,0,1,15,0,2,16,0,10,28,0,9,29,0,13,21,0,10,42,0,8,92,0,8,105,0,8,77,0,13,138,0,37,117,0,6,177,0,18,181,0,21,262,0,59,324,0,31,205,0,37,506,0,37,256,0,32,971,0,27,873,0,78,1802,0,98,2195,0,39,4483,0,156,1009,0,123,3735,0,106,3098,0,77,9019,0,142,2965,0,201,4046,0,158,15424,0,245,7389,0,362,20552,0,168,30384,0,157,30468,0,188,18673,0,145,35501,0,435,13804,0,579,42997,0,481,34636,0,542,68630,0,708,98886,0,687,174196,0,570,93248,0,448,117801,0,1666,198255,0,1370,294601,0,1396,171209,0
-1.05176e+08,1.48641e-52,8.88811e-15,10,1023,0,1.05176e+08,0.528882,1.08665,0.389689,0.145397,0.379329,3.24381,0.161596,0.446195,1.77396,0.159177,1.15e+07,4.49998e+06,6.79999e+06,1.15e+07,4.49997e+06,6.79999e+06,1.15e+07,4.49996e+06,6.79999e+06,1.15e+07,4.49995e+06,6.79999e+06,1.14999e+07,4.49993e+06,6.79999e+06,1.14999e+07,4.49991e+06,6.79999e+06,1.14999e+07,4.49989e+06,6.79999e+06,1.14999e+07,4.49986e+06,6.79999e+06,1.14999e+07,4.49982e+06,6.79999e+06,1.14999e+07,4.49977e+06,6.79999e+06,1.14999e+07,4.49971e+06,6.79999e+06,1.14999e+07,4.49963e+06,6.79999e+06,1.14998e+07,4.49953e+06,6.79999e+06,1.14998e+07,4.49941e+06,6.79999e+06,1.14998e+07,4.49926e+06,6.79999e+06,1.14998e+07,4.49906e+06,6.79999e+06,1.14997e+07,4.49882e+06,6.79999e+06,1.14997e+07,4.49851e+06,6.79999e+06,1.14997e+07,4.49812e+06,6.79999e+06,1.14996e+07,4.49764e+06,6.79999e+06,1.14996e+07,4.49702e+06,6.79999e+06,1.14995e+07,4.49625e+06,6.79999e+06,1.14995e+07,4.49528e+06,6.79999e+06,1.14994e+07,4.49406e+06,6.79999e+06,1.14993e+07,4.49253e+06,6.79999e+06,1.14992e+07,4.49059e+06,6.79999e+06,1.14991e+07,4.48817e+06,6.79999e+06,1.1499e+07,4.48511e+06,6.79999e+06,1.14988e+07,4.48128e+06,6.79999e+06,1.14987e+07,4.47646e+06,6.79999e+06,1.14985e+07,4.47041e+06,6.79999e+06,1.14983e+07,4.46281e+06,6.79999e+06,1.14981e+07,4.4533e+06,6.79999e+06,1.14979e+07,4.44138e+06,6.79999e+06,1.14976e+07,4.42649e+06,6.79999e+06,1.14972e+07,4.40789e+06,6.79999e+06,1.14969e+07,4.38471e+06,6.79999e+06,1.14965e+07,4.35592e+06,6.79999e+06,1.1496e+07,4.32027e+06,6.79999e+06,1.14955e+07,4.27629e+06,6.79999e+06,1.14949e+07,4.22231e+06,6.79999e+06,1.14942e+07,4.15647e+06,6.79999e+06,1.14934e+07,4.07676e+06,6.79999e+06,1.14926e+07,3.98112e+06,6.79999e+06,1.14916e+07,3.86765e+06,6.79999e+06,1.14905e+07,3.73474e+06,6.79999e+06,1.14892e+07,3.58148e+06,6.79999e+06,1.14878e+07,3.40785e+06,6.79999e+06,1.14862e+07,3.21513e+06,6.79999e+06,1.14844e+07,3.00605e+06,6.79999e+06,1.14823e+07,2.7848e+06,6.79999e+06,1.148e+07,2.5568e+06,6.79999e+06,1.14773e+07,2.32825e+06,6.79999e+06,13.5742,8.52444,0.508366,16.8306,13.2585,0.162638,20.0035,17.569,0.0507846,23.2616,22.4214,0.0158319,26.7328,28.3297,0.00493498,30.5212,35.6974,0.00153831,34.7178,44.9473,0.000479527,39.4086,56.5822,0.000149456,44.6796,71.2245,4.66214e-05,50.6209,89.6543,1.45419e-05,57.3297,112.852,4.54748e-06,64.9129,142.051,1.43857e-06,73.4897,178.803,4.36618e-07,83.1934,225.062,1.40153e-07,94.1745,283.286,4.96378e-08,106.602,356.568,1.05434e-07,120.669,448.799,-6.49244e-08,136.59,564.873,1.70148e-07,154.611,710.948,-5.34594e-08,175.008,894.767,1.63407e-07,198.097,1126.06,8.04804e-08,224.231,1417.07,1.14667e-07,253.813,1783.15,-1.71227e-07,287.297,2243.62,-2.88466e-07,325.198,2822.67,-4.33651e-07,368.098,3550.67,7.9318e-08,416.657,4465.65,3.13319e-07,471.621,5615.16,3.4613e-07,533.835,7058.61,-1.19199e-07,604.255,8870.02,-2.79964e-07,683.962,11141.4,-2.30521e-07,774.182,13986.7,-2.55099e-07,876.299,17546.4,1.23585e-07,991.883,21993.1,1.41192e-07,1122.71,27536.7,-9.71886e-08,1270.78,34430.7,-3.68368e-07,1438.38,42977.7,-3.45379e-07,1628.07,53532.7,-3.25328e-09,1842.77,66504.6,2.6362e-07,2085.77,82350.2,2.53445e-07,2360.79,101560,-2.47407e-08,2672.05,124632,-3.80602e-07,3024.31,152018,-4.79005e-07,3422.98,184060,-1.14379e-07,3874.15,220884,2.64297e-07,4384.72,262283,3.44131e-07,4962.49,307576,7.5349e-08,5616.29,355497,-3.63097e-07,6356.1,404126,-6.05442e-07,7193.18,450932,-2.72333e-07,8140.28,492963,2.29675e-07,9211.79,527178,4.3387e-07,10424,550893,-1.0711e-07,10.102,8.06553,2.81012,10.6436,8.57909,0.869423,11.5336,10.2515,0.270869,12.7211,12.7138,0.0844293,14.1823,15.9373,0.0263173,15.9122,20.0383,0.0082035,17.9198,25.2154,0.00255722,20.2244,31.7373,0.000797017,22.8539,39.9486,0.000248622,25.8438,50.2851,7.75492e-05,29.237,63.2963,2.42508e-05,33.0837,79.6738,7.67162e-06,37.4415,100.288,2.32837e-06,42.3767,126.236,7.33e-07,47.9646,158.896,2.79256e-07,54.2906,200.003,9.87351e-09,61.452,251.741,1.61085e-07,69.5585,316.859,-2.47141e-07,78.7347,398.812,8.93552e-08,89.1218,501.948,-2.53231e-07,100.879,631.736,-1.25047e-07,114.188,795.049,-1.78808e-07,129.252,1000.53,2.6733e-07,146.304,1259.03,4.50292e-07,165.605,1584.19,6.76904e-07,187.452,1993.12,-1.23808e-07,212.181,2507.27,-4.89068e-07,240.173,3153.54,-5.40284e-07,271.856,3965.56,1.86061e-07,307.719,4985.38,4.37004e-07,348.313,6265.4,3.59828e-07,394.26,7870.83,3.98192e-07,446.268,9882.51,-1.92908e-07,505.135,12400.3,-2.20392e-07,571.766,15546.9,1.51705e-07,647.184,19472.2,5.74996e-07,732.547,24357.4,5.39112e-07,829.167,30420,5.07815e-09,938.526,37916.3,-4.11492e-07,1062.3,47143.9,-3.9561e-07,1202.4,58439.2,3.86185e-08,1360.96,72169.3,5.94093e-07,1540.42,88715.8,7.47693e-07,1743.53,108445,1.78537e-07,1973.41,131665,-4.12549e-07,2233.57,158557,-5.37164e-07,2528,189103,-1.17615e-07,2861.2,222986,5.66769e-07,3238.27,259510,9.45053e-07,3664.97,297540,4.25093e-07,4147.81,335497,-3.58506e-07,4694.17,371444,-6.7724e-07,5312.37,403256,1.67192e-07,1.61744,3.89446,9.84394,3.28846,7.5504,12.774,5.07607,11.7187,13.6844,7.03202,16.8147,13.9681,9.20215,23.1769,14.0566,11.6301,31.1672,14.0841,14.3598,41.2186,14.0927,17.4376,53.8688,14.0954,20.9137,69.7915,14.0962,24.8432,89.8341,14.0965,29.2879,115.063,14.0966,34.3168,146.819,14.0966,40.0078,186.792,14.0966,46.4487,237.107,14.0966,53.7388,300.44,14.0966,61.9903,380.158,14.0966,71.3301,480.499,14.0966,81.902,606.796,14.0966,93.8685,765.761,14.0966,107.414,965.837,14.0966,122.746,1217.65,14.0966,140.101,1534.57,14.0966,159.745,1933.41,14.0966,181.981,2435.3,14.0966,207.15,3066.85,14.0966,235.64,3861.46,14.0966,267.889,4861.11,14.0966,304.391,6118.54,14.0966,345.709,7699.91,14.0966,392.478,9688.22,14.0966,445.417,12187.5,14.0966,505.339,15327.7,14.0966,573.165,19271.6,14.0966,649.938,24222,14.0966,736.839,30430.9,14.0966,835.202,38211.5,14.0966,946.539,47950.3,14.0966,1072.56,60122.8,14.0966,1215.21,75309.9,14.0966,1376.66,94216.2,14.0966,1559.41,117688,14.0966,1766.26,146729,14.0966,2000.39,182510,14.0966,2265.39,226372,14.0966,2565.33,279806,14.0966,2904.81,344416,14.0966,3289.05,421845,14.0966,3723.93,513667,14.0966,4216.13,621231,14.0966,4773.18,745478,14.0966,5403.64,886744,14.0966,6117.15,1.04457e+06,14.0966,6924.63,1.2176e+06,14.0966,11.7194,11.96,12.6541,13.9321,16.1295,13.6434,16.6097,21.9702,13.9553,19.7532,29.5285,14.0526,23.3844,39.1143,14.0829,27.5423,51.2054,14.0923,32.2796,66.434,14.0953,37.662,85.6061,14.0962,43.7675,109.74,14.0965,50.687,140.119,14.0966,58.5249,178.359,14.0966,67.4005,226.493,14.0966,77.4493,287.08,14.0966,88.8254,363.343,14.0966,101.703,459.336,14.0966,116.281,580.161,14.0966,132.782,732.241,14.0966,151.46,923.655,14.0966,172.603,1164.57,14.0966,196.535,1467.79,14.0966,223.625,1849.39,14.0966,254.288,2329.62,14.0966,288.997,2933.93,14.0966,328.285,3694.33,14.0966,372.755,4651.04,14.0966,423.092,5854.57,14.0966,480.07,7368.38,14.0966,544.564,9272.08,14.0966,617.566,11665.5,14.0966,700.197,14673.6,14.0966,793.729,18452.9,14.0966,899.599,23198.6,14.0966,1019.43,29154.1,14.0966,1155.07,36622.3,14.0966,1308.6,45977.9,14.0966,1482.39,57683.7,14.0966,1679.09,72307.8,14.0966,1901.73,90542.8,14.0966,2153.73,113226,14.0966,2438.97,141360,14.0966,2761.81,176127,14.0966,3127.22,218898,14.0966,3540.81,271226,14.0966,4008.92,334817,14.0966,4538.74,411470,14.0966,5138.38,502973,14.0966,5817.04,610948,14.0966,6585.12,736653,14.0966,7454.39,880741,14.0966,8438.15,1.04302e+06,14.0966,9551.45,1.22224e+06,14.0966,10811.3,1.41602e+06,14.0966,12237,1.62086e+06,14.0966,11.7194,11.96,12.6541,2.21263,4.16949,0.989383,2.67766,5.84076,0.311842,3.14343,7.55825,0.0972771,3.63127,9.58578,0.0303237,4.15787,12.0912,0.00945211,4.73731,15.2286,0.00294633,5.38238,19.1721,0.000918508,6.10553,24.134,0.000286163,6.91951,30.3791,8.92692e-05,7.83792,38.2397,2.78121e-05,8.87555,48.1338,8.65134e-06,10.0489,60.5876,2.7882e-06,11.3761,76.2629,8.29036e-07,12.8779,95.9927,2.4373e-07,14.5775,120.825,4.33068e-09,16.5012,152.08,1.75749e-07,18.6784,191.415,-1.86328e-07,21.1428,240.917,1.91829e-07,23.9322,303.213,-1.81475e-07,27.0895,381.602,7.0186e-08,30.6634,480.231,-2.86769e-08,34.7087,604.316,2.40784e-07,39.2876,760.401,9.87368e-08,44.4705,956.705,1.22263e-07,50.3371,1203.54,-4.31966e-07,56.9776,1513.81,-1.9705e-07,64.494,1903.69,-2.763e-08,73.0018,2393.4,3.9185e-07,82.6317,3008.13,1.35379e-07,93.5318,3779.25,-4.16351e-08,105.869,4745.7,2.06965e-08,119.834,5955.6,-3.18887e-07,135.641,7468.12,-1.48271e-08,153.531,9355.62,2.00739e-07,173.781,11705.8,2.28358e-07,196.701,14624.1,-1.93587e-08,222.642,18235,-2.88101e-07,252.003,22683.4,-2.24732e-07,285.234,28134,8.56806e-09,322.845,34767,2.34258e-07,365.413,42770.9,2.99668e-07,413.588,52327.9,8.28644e-08,468.111,63591.2,-3.07049e-07,529.814,76653.2,-3.1888e-07,599.642,91502.5,-6.72276e-08,678.662,107975,2.26339e-07,768.083,125705,3.69212e-07,869.267,144088,2.04077e-07,983.76,162277,-2.80509e-07,1113.3,179223,-4.22737e-07,1259.87,193777,-1.71951e-07,1425.68,204839,4.55555e-07,11.7194,11.96,12.6541,2.21263,4.16949,0.989383,2.67766,5.84076,0.311842,3.14343,7.55825,0.0972771,3.63127,9.58578,0.0303237,4.15787,12.0912,0.00945211,4.73731,15.2286,0.00294633,5.38238,19.1721,0.000918508,6.10553,24.134,0.000286163,6.91951,30.3791,8.92692e-05,7.83792,38.2397,2.78121e-05,8.87555,48.1338,8.65134e-06,10.0489,60.5876,2.7882e-06,11.3761,76.2629,8.29036e-07,12.8779,95.9927,2.4373e-07,14.5775,120.825,1e-08,16.5012,152.08,1.75749e-07,18.6784,191.415,1e-08,21.1428,240.917,1.91829e-07,23.9322,303.213,1e-08,27.0895,381.602,7.0186e-08,30.6634,480.231,1e-08,34.7087,604.316,2.40784e-07,39.2876,760.401,9.87368e-08,44.4705,956.705,1.22263e-07,50.3371,1203.54,1e-08,56.9776,1513.81,1e-08,64.494,1903.69,1e-08,73.0018,2393.4,3.9185e-07,82.6317,3008.13,1.35379e-07,93.5318,3779.25,1e-08,105.869,4745.7,2.06965e-08,119.834,5955.6,1e-08,135.641,7468.12,1e-08,153.531,9355.62,2.00739e-07,173.781,11705.8,2.28358e-07,196.701,14624.1,1e-08,222.642,18235,1e-08,252.003,22683.4,1e-08,285.234,28134,1e-08,322.845,34767,2.34258e-07,365.413,42770.9,2.99668e-07,413.588,52327.9,8.28644e-08,468.111,63591.2,1e-08,529.814,76653.2,1e-08,599.642,91502.5,1e-08,678.662,107975,2.26339e-07,768.083,125705,3.69212e-07,869.267,144088,2.04077e-07,983.76,162277,1e-08,1113.3,179223,1e-08,1259.87,193777,1e-08,1425.68,204839,4.55555e-07,6.2823,3.27286,2.43537,0.219672,6.18826,2.24117,0.56371,6.87772,2.63624,0.308279,16,3,11,2,4,0,3,8,2,3,19,0,2,13,0,4,3,0,2,15,0,3,9,0,1,30,0,13,30,0,15,61,0,2,43,0,5,45,0,15,73,0,10,196,0,24,122,0,18,241,0,18,267,0,10,330,0,33,370,0,42,418,0,24,356,0,56,909,0,34,321,0,54,1426,0,20,1707,0,43,970,0,72,1749,0,90,2097,0,89,4832,0,75,1294,0,58,2849,0,109,3466,0,128,5620,0,142,7791,0,157,14966,0,312,17525,0,200,24508,0,256,12052,0,207,55564,0,444,40840,0,472,30290,0,505,33058,0,263,68570,0,336,90568,0,592,61257,0,707,140115,0,747,116549,0,1260,89083,0,1026,125212,0,875,158122,0,1137,232889,0,1257,178013,0
-1.05176e+08,1,8.88811e-15,10,1023,0,1.05176e+08,0.528882,1.08665,0.389689,0.145397,0.379329,3.24381,0.161596,0.446195,1.77396,0.159177,1.15e+07,4.49998e+06,6.79999e+06,1.15e+07,4.49997e+06,6.79999e+06,1.15e+07,4.49996e+06,6.79999e+06,1.15e+07,4.49995e+06,6.79999e+06,1.14999e+07,4.49993e+06,6.79999e+06,1.14999e+07,4.49991e+06,6.79999e+06,1.14999e+07,4.49989e+06,6.79999e+06,1.14999e+07,4.49986e+06,6.79999e+06,1.14999e+07,4.49982e+06,6.79999e+06,1.14999e+07,4.49977e+06,6.79999e+06,1.14999e+07,4.49971e+06,6.79999e+06,1.14999e+07,4.49963e+06,6.79999e+06,1.14998e+07,4.49953e+06,6.79999e+06,1.14998e+07,4.49941e+06,6.79999e+06,1.14998e+07,4.49926e+06,6.79999e+06,1.14998e+07,4.49906e+06,6.79999e+06,1.14997e+07,4.49882e+06,6.79999e+06,1.14997e+07,4.49851e+06,6.79999e+06,1.14997e+07,4.49812e+06,6.79999e+06,1.14996e+07,4.49764e+06,6.79999e+06,1.14996e+07,4.49702e+06,6.79999e+06,1.14995e+07,4.49625e+06,6.79999e+06,1.14995e+07,4.49528e+06,6.79999e+06,1.14994e+07,4.49406e+06,6.79999e+06,1.14993e+07,4.49253e+06,6.79999e+06,1.14992e+07,4.49059e+06,6.79999e+06,1.14991e+07,4.48817e+06,6.79999e+06,1.1499e+07,4.48511e+06,6.79999e+06,1.14988e+07,4.48128e+06,6.79999e+06,1.14987e+07,4.47646e+06,6.79999e+06,1.14985e+07,4.47041e+06,6.79999e+06,1.14983e+07,4.46281e+06,6.79999e+06,1.14981e+07,4.4533e+06,6.79999e+06,1.14979e+07,4.44138e+06,6.79999e+06,1.14976e+07,4.42649e+06,6.79999e+06,1.14972e+07,4.40789e+06,6.79999e+06,1.14969e+07,4.38471e+06,6.79999e+06,1.14965e+07,4.35592e+06,6.79999e+06,1.1496e+07,4.32027e+06,6.79999e+06,1.14955e+07,4.27629e+06,6.79999e+06,1.14949e+07,4.22231e+06,6.79999e+06,1.14942e+07,4.15647e+06,6.79999e+06,1.14934e+07,4.07676e+06,6.79999e+06,1.14926e+07,3.98112e+06,6.79999e+06,1.14916e+07,3.86765e+06,6.79999e+06,1.14905e+07,3.73474e+06,6.79999e+06,1.14892e+07,3.58148e+06,6.79999e+06,1.14878e+07,3.40785e+06,6.79999e+06,1.14862e+07,3.21513e+06,6.79999e+06,1.14844e+07,3.00605e+06,6.79999e+06,1.14823e+07,2.7848e+06,6.79999e+06,1.148e+07,2.5568e+06,6.79999e+06,1.14773e+07,2.32825e+06,6.79999e+06,13.5742,8.52444,0.508366,16.8306,13.2585,0.162638,20.0035,17.569,0.0507846,23.2616,22.4214,0.0158319,26.7328,28.3297,0.00493498,30.5212,35.6974,0.00153831,34.7178,44.9473,0.000479527,39.4086,56.5822,0.000149456,44.6796,71.2245,4.66214e-05,50.6209,89.6543,1.45419e-05,57.3297,112.852,4.54748e-06,64.9129,142.051,1.43857e-06,73.4897,178.803,4.36618e-07,83.1934,225.062,1.40153e-07,94.1745,283.286,4.96378e-08,106.602,356.568,1.05434e-07,120.669,448.799,-6.49244e-08,136.59,564.873,1.70148e-07,154.611,710.948,-5.34594e-08,175.008,894.767,1.63407e-07,198.097,1126.06,8.04804e-08,224.231,1417.07,1.14667e-07,253.813,1783.15,-1.71227e-07,287.297,2243.62,-2.88466e-07,325.198,2822.67,-4.33651e-07,368.098,3550.67,7.9318e-08,416.657,4465.65,3.13319e-07,471.621,5615.16,3.4613e-07,533.835,7058.61,-1.19199e-07,604.255,8870.02,-2.79964e-07,683.962,11141.4,-2.30521e-07,774.182,13986.7,-2.55099e-07,876.299,17546.4,1.23585e-07,991.883,21993.1,1.41192e-07,1122.71,27536.7,-9.71886e-08,1270.78,34430.7,-3.68368e-07,1438.38,42977.7,-3.45379e-07,1628.07,53532.7,-3.25328e-09,1842.77,66504.6,2.6362e-07,2085.77,82350.2,2.53445e-07,2360.79,101560,-2.47407e-08,2672.05,124632,-3.80602e-07,3024.31,152018,-4.79005e-07,3422.98,184060,-1.14379e-07,3874.15,220884,2.64297e-07,4384.72,262283,3.44131e-07,4962.49,307576,7.5349e-08,5616.29,355497,-3.63097e-07,6356.1,404126,-6.05442e-07,7193.18,450932,-2.72333e-07,8140.28,492963,2.29675e-07,9211.79,527178,4.3387e-07,10424,550893,-1.0711e-07,10.102,8.06553,2.81012,10.6436,8.57909,0.869423,11.5336,10.2515,0.270869,12.7211,12.7138,0.0844293,14.1823,15.9373,0.0263173,15.9122,20.0383,0.0082035,17.9198,25.2154,0.00255722,20.2244,31.7373,0.000797017,22.8539,39.9486,0.000248622,25.8438,50.2851,7.75492e-05,29.237,63.2963,2.42508e-05,33.0837,79.6738,7.67162e-06,37.4415,100.288,2.32837e-06,42.3767,126.236,7.33e-07,47.9646,158.896,2.79256e-07,54.2906,200.003,9.87351e-09,61.452,251.741,1.61085e-07,69.5585,316.859,-2.47141e-07,78.7347,398.812,8.93552e-08,89.1218,501.948,-2.53231e-07,100.879,631.736,-1.25047e-07,114.188,795.049,-1.78808e-07,129.252,1000.53,2.6733e-07,146.304,1259.03,4.50292e-07,165.605,1584.19,6.76904e-07,187.452,1993.12,-1.23808e-07,212.181,2507.27,-4.89068e-07,240.173,3153.54,-5.40284e-07,271.856,3965.56,1.86061e-07,307.719,4985.38,4.37004e-07,348.313,6265.4,3.59828e-07,394.26,7870.83,3.98192e-07,446.268,9882.51,-1.92908e-07,505.135,12400.3,-2.20392e-07,571.766,15546.9,1.51705e-07,647.184,19472.2,5.74996e-07,732.547,24357.4,5.39112e-07,829.167,30420,5.07815e-09,938.526,37916.3,-4.11492e-07,1062.3,47143.9,-3.9561e-07,1202.4,58439.2,3.86185e-08,1360.96,72169.3,5.94093e-07,1540.42,88715.8,7.47693e-07,1743.53,108445,1.78537e-07,1973.41,131665,-4.12549e-07,2233.57,158557,-5.37164e-07,2528,189103,-1.17615e-07,2861.2,222986,5.66769e-07,3238.27,259510,9.45053e-07,3664.97,297540,4.25093e-07,4147.81,335497,-3.58506e-07,4694.17,371444,-6.7724e-07,5312.37,403256,1.67192e-07,1.61744,3.89446,9.84394,3.28846,7.5504,12.774,5.07607,11.7187,13.6844,7.03202,16.8147,13.9681,9.20215,23.1769,14.0566,11.6301,31.1672,14.0841,14.3598,41.2186,14.0927,17.4376,53.8688,14.0954,20.9137,69.7915,14.0962,24.8432,89.8341,14.0965,29.2879,115.063,14.0966,34.3168,146.819,14.0966,40.0078,186.792,14.0966,46.4487,237.107,14.0966,53.7388,300.44,14.0966,61.9903,380.158,14.0966,71.3301,480.499,14.0966,81.902,606.796,14.0966,93.8685,765.761,14.0966,107.414,965.837,14.0966,122.746,1217.65,14.0966,140.101,1534.57,14.0966,159.745,1933.41,14.0966,181.981,2435.3,14.0966,207.15,3066.85,14.0966,235.64,3861.46,14.0966,267.889,4861.11,14.0966,304.391,6118.54,14.0966,345.709,7699.91,14.0966,392.478,9688.22,14.0966,445.417,12187.5,14.0966,505.339,15327.7,14.0966,573.165,19271.6,14.0966,649.938,24222,14.0966,736.839,30430.9,14.0966,835.202,38211.5,14.0966,946.539,47950.3,14.0966,1072.56,60122.8,14.0966,1215.21,75309.9,14.0966,1376.66,94216.2,14.0966,1559.41,117688,14.0966,1766.26,146729,14.0966,2000.39,182510,14.0966,2265.39,226372,14.0966,2565.33,279806,14.0966,2904.81,344416,14.0966,3289.05,421845,14.0966,3723.93,513667,14.0966,4216.13,621231,14.0966,4773.18,745478,14.0966,5403.64,886744,14.0966,6117.15,1.04457e+06,14.0966,6924.63,1.2176e+06,14.0966,11.7194,11.96,12.6541,13.9321,16.1295,13.6434,16.6097,21.9702,13.9553,19.7532,29.5285,14.0526,23.3844,39.1143,14.0829,27.5423,51.2054,14.0923,32.2796,66.434,14.0953,37.662,85.6061,14.0962,43.7675,109.74,14.0965,50.687,140.119,14.0966,58.5249,178.359,14.0966,67.4005,226.493,14.0966,77.4493,287.08,14.0966,88.8254,363.343,14.0966,101.703,459.336,14.0966,116.281,580.161,14.0966,132.782,732.241,14.0966,151.46,923.655,14.0966,172.603,1164.57,14.0966,196.535,1467.79,14.0966,223.625,1849.39,14.0966,254.288,2329.62,14.0966,288.997,2933.93,14.0966,328.285,3694.33,14.0966,372.755,4651.04,14.0966,423.092,5854.57,14.0966,480.07,7368.38,14.0966,544.564,9272.08,14.0966,617.566,11665.5,14.0966,700.197,14673.6,14.0966,793.729,18452.9,14.0966,899.599,23198.6,14.0966,1019.43,29154.1,14.0966,1155.07,36622.3,14.0966,1308.6,45977.9,14.0966,1482.39,57683.7,14.0966,1679.09,72307.8,14.0966,1901.73,90542.8,14.0966,2153.73,113226,14.0966,2438.97,141360,14.0966,2761.81,176127,14.0966,3127.22,218898,14.0966,3540.81,271226,14.0966,4008.92,334817,14.0966,4538.74,411470,14.0966,5138.38,502973,14.0966,5817.04,610948,14.0966,6585.12,736653,14.0966,7454.39,880741,14.0966,8438.15,1.04302e+06,14.0966,9551.45,1.22224e+06,14.0966,10811.3,1.41602e+06,14.0966,12237,1.62086e+06,14.0966,11.7194,11.96,12.6541,2.21263,4.16949,0.989383,2.67766,5.84076,0.311842,3.14343,7.55825,0.0972771,3.63127,9.58578,0.0303237,4.15787,12.0912,0.00945211,4.73731,15.2286,0.00294633,5.38238,19.1721,0.000918508,6.10553,24.134,0.000286163,6.91951,30.3791,8.92692e-05,7.83792,38.2397,2.78121e-05,8.87555,48.1338,8.65134e-06,10.0489,60.5876,2.7882e-06,11.3761,76.2629,8.29036e-07,12.8779,95.9927,2.4373e-07,14.5775,120.825,4.33068e-09,16.5012,152.08,1.75749e-07,18.6784,191.415,-1.86328e-07,21.1428,240.917,1.91829e-07,23.9322,303.213,-1.81475e-07,27.0895,381.602,7.0186e-08,30.6634,480.231,-2.86769e-08,34.7087,604.316,2.40784e-07,39.2876,760.401,9.87368e-08,44.4705,956.705,1.22263e-07,50.3371,1203.54,-4.31966e-07,56.9776,1513.81,-1.9705e-07,64.494,1903.69,-2.763e-08,73.0018,2393.4,3.9185e-07,82.6317,3008.13,1.35379e-07,93.5318,3779.25,-4.16351e-08,105.869,4745.7,2.06965e-08,119.834,5955.6,-3.18887e-07,135.641,7468.12,-1.48271e-08,153.531,9355.62,2.00739e-07,173.781,11705.8,2.28358e-07,196.701,14624.1,-1.93587e-08,222.642,18235,-2.88101e-07,252.003,22683.4,-2.24732e-07,285.234,28134,8.56806e-09,322.845,34767,2.34258e-07,365.413,42770.9,2.99668e-07,413.588,52327.9,8.28644e-08,468.111,63591.2,-3.07049e-07,529.814,76653.2,-3.1888e-07,599.642,91502.5,-6.72276e-08,678.662,107975,2.26339e-07,768.083,125705,3.69212e-07,869.267,144088,2.04077e-07,983.76,162277,-2.80509e-07,1113.3,179223,-4.22737e-07,1259.87,193777,-1.71951e-07,1425.68,204839,4.55555e-07,11.7194,11.96,12.6541,2.21263,4.16949,0.989383,2.67766,5.84076,0.311842,3.14343,7.55825,0.0972771,3.63127,9.58578,0.0303237,4.15787,12.0912,0.00945211,4.73731,15.2286,0.00294633,5.38238,19.1721,0.000918508,6.10553,24.134,0.000286163,6.91951,30.3791,8.92692e-05,7.83792,38.2397,2.78121e-05,8.87555,48.1338,8.65134e-06,10.0489,60.5876,2.7882e-06,11.3761,76.2629,8.29036e-07,12.8779,95.9927,2.4373e-07,14.5775,120.825,1e-08,16.5012,152.08,1.75749e-07,18.6784,191.415,1e-08,21.1428,240.917,1.91829e-07,23.9322,303.213,1e-08,27.0895,381.602,7.0186e-08,30.6634,480.231,1e-08,34.7087,604.316,2.40784e-07,39.2876,760.401,9.87368e-08,44.4705,956.705,1.22263e-07,50.3371,1203.54,1e-08,56.9776,1513.81,1e-08,64.494,1903.69,1e-08,73.0018,2393.4,3.9185e-07,82.6317,3008.13,1.35379e-07,93.5318,3779.25,1e-08,105.869,4745.7,2.06965e-08,119.834,5955.6,1e-08,135.641,7468.12,1e-08,153.531,9355.62,2.00739e-07,173.781,11705.8,2.28358e-07,196.701,14624.1,1e-08,222.642,18235,1e-08,252.003,22683.4,1e-08,285.234,28134,1e-08,322.845,34767,2.34258e-07,365.413,42770.9,2.99668e-07,413.588,52327.9,8.28644e-08,468.111,63591.2,1e-08,529.814,76653.2,1e-08,599.642,91502.5,1e-08,678.662,107975,2.26339e-07,768.083,125705,3.69212e-07,869.267,144088,2.04077e-07,983.76,162277,1e-08,1113.3,179223,1e-08,1259.87,193777,1e-08,1425.68,204839,4.55555e-07,6.2823,3.27286,2.43537,0.219672,6.18826,2.24117,0.56371,6.87772,2.63624,0.308279,7,32,16,2,4,2,2,9,0,2,9,0,9,22,0,5,13,0,9,12,0,4,29,0,5,11,0,6,34,0,5,36,0,10,53,0,15,53,0,5,89,0,27,82,0,10,97,0,8,233,0,36,69,0,9,193,0,23,252,0,20,464,0,38,604,0,24,338,0,17,376,0,37,1311,0,51,1828,0,74,2225,0,43,2637,0,35,3496,0,124,3841,0,49,3669,0,82,5819,0,158,5176,0,164,4515,0,151,5776,0,300,19894,0,134,11939,0,181,20127,0,336,21903,0,132,9598,0,165,27616,0,374,33825,0,422,73085,0,392,74187,0,658,79360,0,520,94577,0,556,130334,0,557,61556,0,740,263339,0,558,91518,0,1040,138152,0,701,148340,0,2540,240828,0
-1.05176e+08,1,8.88811e-15,10,1023,0,1.05176e+08,0.528882,1.08665,0.389689,0.145397,0.379329,3.24381,0.161596,0.446195,1.77396,0.159177,1.15e+07,4.49998e+06,6.79999e+06,1.15e+07,4.49997e+06,6.79999e+06,1.15e+07,4.49996e+06,6.79999e+06,1.15e+07,4.49995e+06,6.79999e+06,1.14999e+07,4.49993e+06,6.79999e+06,1.14999e+07,4.49991e+06,6.79999e+06,1.14999e+07,4.49989e+06,6.79999e+06,1.14999e+07,4.49986e+06,6.79999e+06,1.14999e+07,4.49982e+06,6.79999e+06,1.14999e+07,4.49977e+06,6.79999e+06,1.14999e+07,4.49971e+06,6.79999e+06,1.14999e+07,4.49963e+06,6.79999e+06,1.14998e+07,4.49953e+06,6.79999e+06,1.14998e+07,4.49941e+06,6.79999e+06,1.14998e+07,4.49926e+06,6.79999e+06,1.14998e+07,4.49906e+06,6.79999e+06,1.14997e+07,4.49882e+06,6.79999e+06,1.14997e+07,4.49851e+06,6.79999e+06,1.14997e+07,4.49812e+06,6.79999e+06,1.14996e+07,4.49764e+06,6.79999e+06,1.14996e+07,4.49702e+06,6.79999e+06,1.14995e+07,4.49625e+06,6.79999e+06,1.14995e+07,4.49528e+06,6.79999e+06,1.14994e+07,4.49406e+06,6.79999e+06,1.14993e+07,4.49253e+06,6.79999e+06,1.14992e+07,4.49059e+06,6.79999e+06,1.14991e+07,4.48817e+06,6.79999e+06,1.1499e+07,4.48511e+06,6.79999e+06,1.14988e+07,4.48128e+06,6.79999e+06,1.14987e+07,4.47646e+06,6.79999e+06,1.14985e+07,4.47041e+06,6.79999e+06,1.14983e+07,4.46281e+06,6.79999e+06,1.14981e+07,4.4533e+06,6.79999e+06,1.14979e+07,4.44138e+06,6.79999e+06,1.14976e+07,4.42649e+06,6.79999e+06,1.14972e+07,4.40789e+06,6.79999e+06,1.14969e+07,4.38471e+06,6.79999e+06,1.14965e+07,4.35592e+06,6.79999e+06,1.1496e+07,4.32027e+06,6.79999e+06,1.14955e+07,4.27629e+06,6.79999e+06,1.14949e+07,4.22231e+06,6.79999e+06,1.14942e+07,4.15647e+06,6.79999e+06,1.14934e+07,4.07676e+06,6.79999e+06,1.14926e+07,3.98112e+06,6.79999e+06,1.14916e+07,3.86765e+06,6.79999e+06,1.14905e+07,3.73474e+06,6.79999e+06,1.14892e+07,3.58148e+06,6.79999e+06,1.14878e+07,3.40785e+06,6.79999e+06,1.14862e+07,3.21513e+06,6.79999e+06,1.14844e+07,3.00605e+06,6.79999e+06,1.14823e+07,2.7848e+06,6.79999e+06,1.148e+07,2.5568e+06,6.79999e+06,1.14773e+07,2.32825e+06,6.79999e+06,13.5742,8.52444,0.508366,16.8306,13.2585,0.162638,20.0035,17.569,0.0507846,23.2616,22.4214,0.0158319,26.7328,28.3297,0.00493498,30.5212,35.6974,0.00153831,34.7178,44.9473,0.000479527,39.4086,56.5822,0.000149456,44.6796,71.2245,4.66214e-05,50.6209,89.6543,1.45419e-05,57.3297,112.852,4.54748e-06,64.9129,142.051,1.43857e-06,73.4897,178.803,4.36618e-07,83.1934,225.062,1.40153e-07,94.1745,283.286,4.96378e-08,106.602,356.568,1.05434e-07,120.669,448.799,-6.49244e-08,136.59,564.873,1.70148e-07,154.611,710.948,-5.34594e-08,175.008,894.767,1.63407e-07,198.097,1126.06,8.04804e-08,224.231,1417.07,1.14667e-07,253.813,1783.15,-1.71227e-07,287.297,2243.62,-2.88466e-07,325.198,2822.67,-4.33651e-07,368.098,3550.67,7.9318e-08,416.657,4465.65,3.13319e-07,471.621,5615.16,3.4613e-07,533.835,7058.61,-1.19199e-07,604.255,8870.02,-2.79964e-07,683.962,11141.4,-2.30521e-07,774.182,13986.7,-2.55099e-07,876.299,17546.4,1.23585e-07,991.883,21993.1,1.41192e-07,1122.71,27536.7,-9.71886e-08,1270.78,34430.7,-3.68368e-07,1438.38,42977.7,-3.45379e-07,1628.07,53532.7,-3.25328e-09,1842.77,66504.6,2.6362e-07,2085.77,82350.2,2.53445e-07,2360.79,101560,-2.47407e-08,2672.05,124632,-3.80602e-07,3024.31,152018,-4.79005e-07,3422.98,184060,-1.14379e-07,3874.15,220884,2.64297e-07,4384.72,262283,3.44131e-07,4962.49,307576,7.5349e-08,5616.29,355497,-3.63097e-07,6356.1,404126,-6.05442e-07,7193.18,450932,-2.72333e-07,8140.28,492963,2.29675e-07,9211.79,527178,4.3387e-07,10424,550893,-1.0711e-07,10.102,8.06553,2.81012,10.6436,8.57909,0.869423,11.5336,10.2515,0.270869,12.7211,12.7138,0.0844293,14.1823,15.9373,0.0263173,15.9122,20.0383,0.0082035,17.9198,25.2154,0.00255722,20.2244,31.7373,0.000797017,22.8539,39.9486,0.000248622,25.8438,50.2851,7.75492e-05,29.237,63.2963,2.42508e-05,33.0837,79.6738,7.67162e-06,37.4415,100.288,2.32837e-06,42.3767,126.236,7.33e-07,47.9646,158.896,2.79256e-07,54.2906,200.003,9.87351e-09,61.452,251.741,1.61085e-07,69.5585,316.859,-2.47141e-07,78.7347,398.812,8.93552e-08,89.1218,501.948,-2.53231e-07,100.879,631.736,-1.25047e-07,114.188,795.049,-1.78808e-07,129.252,1000.53,2.6733e-07,146.304,1259.03,4.50292e-07,165.605,1584.19,6.76904e-07,187.452,1993.12,-1.23808e-07,212.181,2507.27,-4.89068e-07,240.173,3153.54,-5.40284e-07,271.856,3965.56,1.86061e-07,307.719,4985.38,4.37004e-07,348.313,6265.4,3.59828e-07,394.26,7870.83,3.98192e-07,446.268,9882.51,-1.92908e-07,505.135,12400.3,-2.20392e-07,571.766,15546.9,1.51705e-07,647.184,19472.2,5.74996e-07,732.547,24357.4,5.39112e-07,829.167,30420,5.07815e-09,938.526,37916.3,-4.11492e-07,1062.3,47143.9,-3.9561e-07,1202.4,58439.2,3.86185e-08,1360.96,72169.3,5.94093e-07,1540.42,88715.8,7.47693e-07,1743.53,108445,1.78537e-07,1973.41,131665,-4.12549e-07,2233.57,158557,-5.37164e-07,2528,189103,-1.17615e-07,2861.2,222986,5.66769e-07,3238.27,259510,9.45053e-07,3664.97,297540,4.25093e-07,4147.81,335497,-3.58506e-07,4694.17,371444,-6.7724e-07,5312.37,403256,1.67192e-07,1.61744,3.89446,9.84394,3.28846,7.5504,12.774,5.07607,11.7187,13.6844,7.03202,16.8147,13.9681,9.20215,23.1769,14.0566,11.6301,31.1672,14.0841,14.3598,41.2186,14.0927,17.4376,53.8688,14.0954,20.9137,69.7915,14.0962,24.8432,89.8341,14.0965,29.2879,115.063,14.0966,34.3168,146.819,14.0966,40.0078,186.792,14.0966,46.4487,237.107,14.0966,53.7388,300.44,14.0966,61.9903,380.158,14.0966,71.3301,480.499,14.0966,81.902,606.796,14.0966,93.8685,765.761,14.0966,107.414,965.837,14.0966,122.746,1217.65,14.0966,140.101,1534.57,14.0966,159.745,1933.41,14.0966,181.981,2435.3,14.0966,207.15,3066.85,14.0966,235.64,3861.46,14.0966,267.889,4861.11,14.0966,304.391,6118.54,14.0966,345.709,7699.91,14.0966,392.478,9688.22,14.0966,445.417,12187.5,14.0966,505.339,15327.7,14.0966,573.165,19271.6,14.0966,649.938,24222,14.0966,736.839,30430.9,14.0966,835.202,38211.5,14.0966,946.539,47950.3,14.0966,1072.56,60122.8,14.0966,1215.21,75309.9,14.0966,1376.66,94216.2,14.0966,1559.41,117688,14.0966,1766.26,146729,14.0966,2000.39,182510,14.0966,2265.39,226372,14.0966,2565.33,279806,14.0966,2904.81,344416,14.0966,3289.05,421845,14.0966,3723.93,513667,14.0966,4216.13,621231,14.0966,4773.18,745478,14.0966,5403.64,886744,14.0966,6117.15,1.04457e+06,14.0966,6924.63,1.2176e+06,14.0966,11.7194,11.96,12.6541,13.9321,16.1295,13.6434,16.6097,21.9702,13.9553,19.7532,29.5285,14.0526,23.3844,39.1143,14.0829,27.5423,51.2054,14.0923,32.2796,66.434,14.0953,37.662,85.6061,14.0962,43.7675,109.74,14.0965,50.687,140.119,14.0966,58.5249,178.359,14.0966,67.4005,226.493,14.0966,77.4493,287.08,14.0966,88.8254,363.343,14.0966,101.703,459.336,14.0966,116.281,580.161,14.0966,132.782,732.241,14.0966,151.46,923.655,14.0966,172.603,1164.57,14.0966,196.535,1467.79,14.0966,223.625,1849.39,14.0966,254.288,2329.62,14.0966,288.997,2933.93,14.0966,328.285,3694.33,14.0966,372.755,4651.04,14.0966,423.092,5854.57,14.0966,480.07,7368.38,14.0966,544.564,9272.08,14.0966,617.566,11665.5,14.0966,700.197,14673.6,14.0966,793.729,18452.9,14.0966,899.599,23198.6,14.0966,1019.43,29154.1,14.0966,1155.07,36622.3,14.0966,1308.6,45977.9,14.0966,1482.39,57683.7,14.0966,1679.09,72307.8,14.0966,1901.73,90542.8,14.0966,2153.73,113226,14.0966,2438.97,141360,14.0966,2761.81,176127,14.0966,3127.22,218898,14.0966,3540.81,271226,14.0966,4008.92,334817,14.0966,4538.74,411470,14.0966,5138.38,502973,14.0966,5817.04,610948,14.0966,6585.12,736653,14.0966,7454.39,880741,14.0966,8438.15,1.04302e+06,14.0966,9551.45,1.22224e+06,14.0966,10811.3,1.41602e+06,14.0966,12237,1.62086e+06,14.0966,11.7194,11.96,12.6541,2.21263,4.16949,0.989383,2.67766,5.84076,0.311842,3.14343,7.55825,0.0972771,3.63127,9.58578,0.0303237,4.15787,12.0912,0.00945211,4.73731,15.2286,0.00294633,5.38238,19.1721,0.000918508,6.10553,24.134,0.000286163,6.91951,30.3791,8.92692e-05,7.83792,38.2397,2.78121e-05,8.87555,48.1338,8.65134e-06,10.0489,60.5876,2.7882e-06,11.3761,76.2629,8.29036e-07,12.8779,95.9927,2.4373e-07,14.5775,120.825,4.33068e-09,16.5012,152.08,1.75749e-07,18.6784,191.415,-1.86328e-07,21.1428,240.917,1.91829e-07,23.9322,303.213,-1.81475e-07,27.0895,381.602,7.0186e-08,30.6634,480.231,-2.86769e-08,34.7087,604.316,2.40784e-07,39.2876,760.401,9.87368e-08,44.4705,956.705,1.22263e-07,50.3371,1203.54,-4.31966e-07,56.9776,1513.81,-1.9705e-07,64.494,1903.69,-2.763e-08,73.0018,2393.4,3.9185e-07,82.6317,3008.13,1.35379e-07,93.5318,3779.25,-4.16351e-08,105.869,4745.7,2.06965e-08,119.834,5955.6,-3.18887e-07,135.641,7468.12,-1.48271e-08,153.531,9355.62,2.00739e-07,173.781,11705.8,2.28358e-07,196.701,14624.1,-1.93587e-08,222.642,18235,-2.88101e-07,252.003,22683.4,-2.24732e-07,285.234,28134,8.56806e-09,322.845,34767,2.34258e-07,365.413,42770.9,2.99668e-07,413.588,52327.9,8.28644e-08,468.111,63591.2,-3.07049e-07,529.814,76653.2,-3.1888e-07,599.642,91502.5,-6.72276e-08,678.662,107975,2.26339e-07,768.083,125705,3.69212e-07,869.267,144088,2.04077e-07,983.76,162277,-2.80509e-07,1113.3,179223,-4.22737e-07,1259.87,193777,-1.71951e-07,1425.68,204839,4.55555e-07,11.7194,11.96,12.6541,2.21263,4.16949,0.989383,2.67766,5.84076,0.311842,3.14343,7.55825,0.0972771,3.63127,9.58578,0.0303237,4.15787,12.0912,0.00945211,4.73731,15.2286,0.00294633,5.38238,19.1721,0.000918508,6.10553,24.134,0.000286163,6.91951,30.3791,8.92692e-05,7.83792,38.2397,2.78121e-05,8.87555,48.1338,8.65134e-06,10.0489,60.5876,2.7882e-06,11.3761,76.2629,8.29036e-07,12.8779,95.9927,2.4373e-07,14.5775,120.825,1e-08,16.5012,152.08,1.75749e-07,18.6784,191.415,1e-08,21.1428,240.917,1.91829e-07,23.9322,303.213,1e-08,27.0895,381.602,7.0186e-08,30.6634,480.231,1e-08,34.7087,604.316,2.40784e-07,39.2876,760.401,9.87368e-08,44.4705,956.705,1.22263e-07,50.3371,1203.54,1e-08,56.9776,1513.81,1e-08,64.494,1903.69,1e-08,73.0018,2393.4,3.9185e-07,82.6317,3008.13,1.35379e-07,93.5318,3779.25,1e-08,105.869,4745.7,2.06965e-08,119.834,5955.6,1e-08,135.641,7468.12,1e-08,153.531,9355.62,2.00739e-07,173.781,11705.8,2.28358e-07,196.701,14624.1,1e-08,222.642,18235,1e-08,252.003,22683.4,1e-08,285.234,28134,1e-08,322.845,34767,2.34258e-07,365.413,42770.9,2.99668e-07,413.588,52327.9,8.28644e-08,468.111,63591.2,1e-08,529.814,76653.2,1e-08,599.642,91502.5,1e-08,678.662,107975,2.26339e-07,768.083,125705,3.69212e-07,869.267,144088,2.04077e-07,983.76,162277,1e-08,1113.3,179223,1e-08,1259.87,193777,1e-08,1425.68,204839,4.55555e-07,6.2823,3.27286,2.43537,0.219672,6.18826,2.24117,0.56371,6.87772,2.63624,0.308279,6,14,5,1,3,0,4,2,0,1,5,0,3,14,0,3,16,0,14,26,0,10,18,0,7,19,0,2,33,0,2,23,0,11,48,0,6,63,0,11,84,0,11,83,0,6,105,0,5,213,0,13,342,0,5,234,0,24,400,0,15,390,0,40,473,0,32,679,0,43,874,0,26,897,0,61,1650,0,80,1537,0,76,2062,0,47,2204,0,26,1461,0,124,2360,0,68,3941,0,167,7729,0,67,6785,0,340,12145,0,236,10313,0,223,15482,0,102,10356,0,242,14207,0,279,24066,0,141,31607,0,376,42275,0,333,65703,0,528,37576,0,682,92442,0,912,75316,0,890,94234,0,595,206966,0,774,141433,0,834,130400,0,973,361622,0,975,234863,0,763,185584,0
-1.05176e+08,1,8.88811e-15,10,1023,0,1.05176e+08,0.528882,1.08665,0.389689,0.145397,0.379329,3.24381,0.161596,0.446195,1.77396,0.159177,1.15e+07,4.49998e+06,6.79999e+06,1.15e+07,4.49997e+06,6.79999e+06,1.15e+07,4.49996e+06,6.79999e+06,1.15e+07,4.49995e+06,6.79999e+06,1.14999e+07,4.49993e+06,6.79999e+06,1.14999e+07,4.49991e+06,6.79999e+06,1.14999e+07,4.49989e+06,6.79999e+06,1.14999e+07,4.49986e+06,6.79999e+06,1.14999e+07,4.49982e+06,6.79999e+06,1.14999e+07,4.49977e+06,6.79999e+06,1.14999e+07,4.49971e+06,6.79999e+06,1.14999e+07,4.49963e+06,6.79999e+06,1.14998e+07,4.49953e+06,6.79999e+06,1.14998e+07,4.49941e+06,6.79999e+06,1.14998e+07,4.49926e+06,6.79999e+06,1.14998e+07,4.49906e+06,6.79999e+06,1.14997e+07,4.49882e+06,6.79999e+06,1.14997e+07,4.49851e+06,6.79999e+06,1.14997e+07,4.49812e+06,6.79999e+06,1.14996e+07,4.49764e+06,6.79999e+06,1.14996e+07,4.49702e+06,6.79999e+06,1.14995e+07,4.49625e+06,6.79999e+06,1.14995e+07,4.49528e+06,6.79999e+06,1.14994e+07,4.49406e+06,6.79999e+06,1.14993e+07,4.49253e+06,6.79999e+06,1.14992e+07,4.49059e+06,6.79999e+06,1.14991e+07,4.48817e+06,6.79999e+06,1.1499e+07,4.48511e+06,6.79999e+06,1.14988e+07,4.48128e+06,6.79999e+06,1.14987e+07,4.47646e+06,6.79999e+06,1.14985e+07,4.47041e+06,6.79999e+06,1.14983e+07,4.46281e+06,6.79999e+06,1.14981e+07,4.4533e+06,6.79999e+06,1.14979e+07,4.44138e+06,6.79999e+06,1.14976e+07,4.42649e+06,6.79999e+06,1.14972e+07,4.40789e+06,6.79999e+06,1.14969e+07,4.38471e+06,6.79999e+06,1.14965e+07,4.35592e+06,6.79999e+06,1.1496e+07,4.32027e+06,6.79999e+06,1.14955e+07,4.27629e+06,6.79999e+06,1.14949e+07,4.22231e+06,6.79999e+06,1.14942e+07,4.15647e+06,6.79999e+06,1.14934e+07,4.07676e+06,6.79999e+06,1.14926e+07,3.98112e+06,6.79999e+06,1.14916e+07,3.86765e+06,6.79999e+06,1.14905e+07,3.73474e+06,6.79999e+06,1.14892e+07,3.58148e+06,6.79999e+06,1.14878e+07,3.40785e+06,6.79999e+06,1.14862e+07,3.21513e+06,6.79999e+06,1.14844e+07,3.00605e+06,6.79999e+06,1.14823e+07,2.7848e+06,6.79999e+06,1.148e+07,2.5568e+06,6.79999e+06,1.14773e+07,2.32825e+06,6.79999e+06,13.5742,8.52444,0.508366,16.8306,13.2585,0.162638,20.0035,17.569,0.0507846,23.2616,22.4214,0.0158319,26.7328,28.3297,0.00493498,30.5212,35.6974,0.00153831,34.7178,44.9473,0.000479527,39.4086,56.5822,0.000149456,44.6796,71.2245,4.66214e-05,50.6209,89.6543,1.45419e-05,57.3297,112.852,4.54748e-06,64.9129,142.051,1.43857e-06,73.4897,178.803,4.36618e-07,83.1934,225.062,1.40153e-07,94.1745,283.286,4.96378e-08,106.602,356.568,1.05434e-07,120.669,448.799,-6.49244e-08,136.59,564.873,1.70148e-07,154.611,710.948,-5.34594e-08,175.008,894.767,1.63407e-07,198.097,1126.06,8.04804e-08,224.231,1417.07,1.14667e-07,253.813,1783.15,-1.71227e-07,287.297,2243.62,-2.88466e-07,325.198,2822.67,-4.33651e-07,368.098,3550.67,7.9318e-08,416.657,4465.65,3.13319e-07,471.621,5615.16,3.4613e-07,533.835,7058.61,-1.19199e-07,604.255,8870.02,-2.79964e-07,683.962,11141.4,-2.30521e-07,774.182,13986.7,-2.55099e-07,876.299,17546.4,1.23585e-07,991.883,21993.1,1.41192e-07,1122.71,27536.7,-9.71886e-08,1270.78,34430.7,-3.68368e-07,1438.38,42977.7,-3.45379e-07,1628.07,53532.7,-3.25328e-09,1842.77,66504.6,2.6362e-07,2085.77,82350.2,2.53445e-07,2360.79,101560,-2.47407e-08,2672.05,124632,-3.80602e-07,3024.31,152018,-4.79005e-07,3422.98,184060,-1.14379e-07,3874.15,220884,2.64297e-07,4384.72,262283,3.44131e-07,4962.49,307576,7.5349e-08,5616.29,355497,-3.63097e-07,6356.1,404126,-6.05442e-07,7193.18,450932,-2.72333e-07,8140.28,492963,2.29675e-07,9211.79,527178,4.3387e-07,10424,550893,-1.0711e-07,10.102,8.06553,2.81012,10.6436,8.57909,0.869423,11.5336,10.2515,0.270869,12.7211,12.7138,0.0844293,14.1823,15.9373,0.0263173,15.9122,20.0383,0.0082035,17.9198,25.2154,0.00255722,20.2244,31.7373,0.000797017,22.8539,39.9486,0.000248622,25.8438,50.2851,7.75492e-05,29.237,63.2963,2.42508e-05,33.0837,79.6738,7.67162e-06,37.4415,100.288,2.32837e-06,42.3767,126.236,7.33e-07,47.9646,158.896,2.79256e-07,54.2906,200.003,9.87351e-09,61.452,251.741,1.61085e-07,69.5585,316.859,-2.47141e-07,78.7347,398.812,8.93552e-08,89.1218,501.948,-2.53231e-07,100.879,631.736,-1.25047e-07,114.188,795.049,-1.78808e-07,129.252,1000.53,2.6733e-07,146.304,1259.03,4.50292e-07,165.605,1584.19,6.76904e-07,187.452,1993.12,-1.23808e-07,212.181,2507.27,-4.89068e-07,240.173,3153.54,-5.40284e-07,271.856,3965.56,1.86061e-07,307.719,4985.38,4.37004e-07,348.313,6265.4,3.59828e-07,394.26,7870.83,3.98192e-07,446.268,9882.51,-1.92908e-07,505.135,12400.3,-2.20392e-07,571.766,15546.9,1.51705e-07,647.184,19472.2,5.74996e-07,732.547,24357.4,5.39112e-07,829.167,30420,5.07815e-09,938.526,37916.3,-4.11492e-07,1062.3,47143.9,-3.9561e-07,1202.4,58439.2,3.86185e-08,1360.96,72169.3,5.94093e-07,1540.42,88715.8,7.47693e-07,1743.53,108445,1.78537e-07,1973.41,131665,-4.12549e-07,2233.57,158557,-5.37164e-07,2528,189103,-1.17615e-07,2861.2,222986,5.66769e-07,3238.27,259510,9.45053e-07,3664.97,297540,4.25093e-07,4147.81,335497,-3.58506e-07,4694.17,371444,-6.7724e-07,5312.37,403256,1.67192e-07,1.61744,3.89446,9.84394,3.28846,7.5504,12.774,5.07607,11.7187,13.6844,7.03202,16.8147,13.9681,9.20215,23.1769,14.0566,11.6301,31.1672,14.0841,14.3598,41.2186,14.0927,17.4376,53.8688,14.0954,20.9137,69.7915,14.0962,24.8432,89.8341,14.0965,29.2879,115.063,14.0966,34.3168,146.819,14.0966,40.0078,186.792,14.0966,46.4487,237.107,14.0966,53.7388,300.44,14.0966,61.9903,380.158,14.0966,71.3301,480.499,14.0966,81.902,606.796,14.0966,93.8685,765.761,14.0966,107.414,965.837,14.0966,122.746,1217.65,14.0966,140.101,1534.57,14.0966,159.745,1933.41,14.0966,181.981,2435.3,14.0966,207.15,3066.85,14.0966,235.64,3861.46,14.0966,267.889,4861.11,14.0966,304.391,6118.54,14.0966,345.709,7699.91,14.0966,392.478,9688.22,14.0966,445.417,12187.5,14.0966,505.339,15327.7,14.0966,573.165,19271.6,14.0966,649.938,24222,14.0966,736.839,30430.9,14.0966,835.202,38211.5,14.0966,946.539,47950.3,14.0966,1072.56,60122.8,14.0966,1215.21,75309.9,14.0966,1376.66,94216.2,14.0966,1559.41,117688,14.0966,1766.26,146729,14.0966,2000.39,182510,14.0966,2265.39,226372,14.0966,2565.33,279806,14.0966,2904.81,344416,14.0966,3289.05,421845,14.0966,3723.93,513667,14.0966,4216.13,621231,14.0966,4773.18,745478,14.0966,5403.64,886744,14.0966,6117.15,1.04457e+06,14.0966,6924.63,1.2176e+06,14.0966,11.7194,11.96,12.6541,13.9321,16.1295,13.6434,16.6097,21.9702,13.9553,19.7532,29.5285,14.0526,23.3844,39.1143,14.0829,27.5423,51.2054,14.0923,32.2796,66.434,14.0953,37.662,85.6061,14.0962,43.7675,109.74,14.0965,50.687,140.119,14.0966,58.5249,178.359,14.0966,67.4005,226.493,14.0966,77.4493,287.08,14.0966,88.8254,363.343,14.0966,101.703,459.336,14.0966,116.281,580.161,14.0966,132.782,732.241,14.0966,151.46,923.655,14.0966,172.603,1164.57,14.0966,196.535,1467.79,14.0966,223.625,1849.39,14.0966,254.288,2329.62,14.0966,288.997,2933.93,14.0966,328.285,3694.33,14.0966,372.755,4651.04,14.0966,423.092,5854.57,14.0966,480.07,7368.38,14.0966,544.564,9272.08,14.0966,617.566,11665.5,14.0966,700.197,14673.6,14.0966,793.729,18452.9,14.0966,899.599,23198.6,14.0966,1019.43,29154.1,14.0966,1155.07,36622.3,14.0966,1308.6,45977.9,14.0966,1482.39,57683.7,14.0966,1679.09,72307.8,14.0966,1901.73,90542.8,14.0966,2153.73,113226,14.0966,2438.97,141360,14.0966,2761.81,176127,14.0966,3127.22,218898,14.0966,3540.81,271226,14.0966,4008.92,334817,14.0966,4538.74,411470,14.0966,5138.38,502973,14.0966,5817.04,610948,14.0966,6585.12,736653,14.0966,7454.39,880741,14.0966,8438.15,1.04302e+06,14.0966,9551.45,1.22224e+06,14.0966,10811.3,1.41602e+06,14.0966,12237,1.62086e+06,14.0966,11.7194,11.96,12.6541,2.21263,4.16949,0.989383,2.67766,5.84076,0.311842,3.14343,7.55825,0.0972771,3.63127,9.58578,0.0303237,4.15787,12.0912,0.00945211,4.73731,15.2286,0.00294633,5.38238,19.1721,0.000918508,6.10553,24.134,0.000286163,6.91951,30.3791,8.92692e-05,7.83792,38.2397,2.78121e-05,8.87555,48.1338,8.65134e-06,10.0489,60.5876,2.7882e-06,11.3761,76.2629,8.29036e-07,12.8779,95.9927,2.4373e-07,14.5775,120.825,4.33068e-09,16.5012,152.08,1.75749e-07,18.6784,191.415,-1.86328e-07,21.1428,240.917,1.91829e-07,23.9322,303.213,-1.81475e-07,27.0895,381.602,7.0186e-08,30.6634,480.231,-2.86769e-08,34.7087,604.316,2.40784e-07,39.2876,760.401,9.87368e-08,44.4705,956.705,1.22263e-07,50.3371,1203.54,-4.31966e-07,56.9776,1513.81,-1.9705e-07,64.494,1903.69,-2.763e-08,73.0018,2393.4,3.9185e-07,82.6317,3008.13,1.35379e-07,93.5318,3779.25,-4.16351e-08,105.869,4745.7,2.06965e-08,119.834,5955.6,-3.18887e-07,135.641,7468.12,-1.48271e-08,153.531,9355.62,2.00739e-07,173.781,11705.8,2.28358e-07,196.701,14624.1,-1.93587e-08,222.642,18235,-2.88101e-07,252.003,22683.4,-2.24732e-07,285.234,28134,8.56806e-09,322.845,34767,2.34258e-07,365.413,42770.9,2.99668e-07,413.588,52327.9,8.28644e-08,468.111,63591.2,-3.07049e-07,529.814,76653.2,-3.1888e-07,599.642,91502.5,-6.72276e-08,678.662,107975,2.26339e-07,768.083,125705,3.69212e-07,869.267,144088,2.04077e-07,983.76,162277,-2.80509e-07,1113.3,179223,-4.22737e-07,1259.87,193777,-1.71951e-07,1425.68,204839,4.55555e-07,11.7194,11.96,12.6541,2.21263,4.16949,0.989383,2.67766,5.84076,0.311842,3.14343,7.55825,0.0972771,3.63127,9.58578,0.0303237,4.15787,12.0912,0.00945211,4.73731,15.2286,0.00294633,5.38238,19.1721,0.000918508,6.10553,24.134,0.000286163,6.91951,30.3791,8.92692e-05,7.83792,38.2397,2.78121e-05,8.87555,48.1338,8.65134e-06,10.0489,60.5876,2.7882e-06,11.3761,76.2629,8.29036e-07,12.8779,95.9927,2.4373e-07,14.5775,120.825,1e-08,16.5012,152.08,1.75749e-07,18.6784,191.415,1e-08,21.1428,240.917,1.91829e-07,23.9322,303.213,1e-08,27.0895,381.602,7.0186e-08,30.6634,480.231,1e-08,34.7087,604.316,2.40784e-07,39.2876,760.401,9.87368e-08,44.4705,956.705,1.22263e-07,50.3371,1203.54,1e-08,56.9776,1513.81,1e-08,64.494,1903.69,1e-08,73.0018,2393.4,3.9185e-07,82.6317,3008.13,1.35379e-07,93.5318,3779.25,1e-08,105.869,4745.7,2.06965e-08,119.834,5955.6,1e-08,135.641,7468.12,1e-08,153.531,9355.62,2.00739e-07,173.781,11705.8,2.28358e-07,196.701,14624.1,1e-08,222.642,18235,1e-08,252.003,22683.4,1e-08,285.234,28134,1e-08,322.845,34767,2.34258e-07,365.413,42770.9,2.99668e-07,413.588,52327.9,8.28644e-08,468.111,63591.2,1e-08,529.814,76653.2,1e-08,599.642,91502.5,1e-08,678.662,107975,2.26339e-07,768.083,125705,3.69212e-07,869.267,144088,2.04077e-07,983.76,162277,1e-08,1113.3,179223,1e-08,1259.87,193777,1e-08,1425.68,204839,4.55555e-07,6.2823,3.27286,2.43537,0.219672,6.18826,2.24117,0.56371,6.87772,2.63624,0.308279,12,1,4,2,6,3,2,12,0,3,8,0,9,14,0,6,11,0,1,18,0,5,18,0,3,20,0,3,49,0,2,48,0,11,76,0,27,58,0,15,170,0,20,73,0,11,101,0,29,129,0,10,260,0,20,309,0,48,238,0,26,460,0,41,383,0,55,605,0,19,562,0,50,1012,0,78,1464,0,63,1477,0,53,1698,0,87,1183,0,72,3614,0,51,7975,0,171,4495,0,100,7651,0,127,10508,0,73,14612,0,149,2804,0,202,23388,0,430,7899,0,178,16051,0,443,40523,0,177,34944,0,424,15009,0,456,68445,0,451,59772,0,443,80211,0,607,93117,0,417,61513,0,1060,107722,0,925,204561,0,1015,146710,0,1926,169081,0,694,57496,0,1368,170816,0
-1.05176e+08,1,8.88811e-15,10,1023,0,1.05176e+08,0.528882,1.08665,0.389689,0.145397,0.379329,3.24381,0.161596,0.446195,1.77396,0.159177,1.15e+07,4.49998e+06,6.79999e+06,1.15e+07,4.49997e+06,6.79999e+06,1.15e+07,4.49996e+06,6.79999e+06,1.15e+07,4.49995e+06,6.79999e+06,1.14999e+07,4.49993e+06,6.79999e+06,1.14999e+07,4.49991e+06,6.79999e+06,1.14999e+07,4.49989e+06,6.79999e+06,1.14999e+07,4.49986e+06,6.79999e+06,1.14999e+07,4.49982e+06,6.79999e+06,1.14999e+07,4.49977e+06,6.79999e+06,1.14999e+07,4.49971e+06,6.79999e+06,1.14999e+07,4.49963e+06,6.79999e+06,1.14998e+07,4.49953e+06,6.79999e+06,1.14998e+07,4.49941e+06,6.79999e+06,1.14998e+07,4.49926e+06,6.79999e+06,1.14998e+07,4.49906e+06,6.79999e+06,1.14997e+07,4.49882e+06,6.79999e+06,1.14997e+07,4.49851e+06,6.79999e+06,1.14997e+07,4.49812e+06,6.79999e+06,1.14996e+07,4.49764e+06,6.79999e+06,1.14996e+07,4.49702e+06,6.79999e+06,1.14995e+07,4.49625e+06,6.79999e+06,1.14995e+07,4.49528e+06,6.79999e+06,1.14994e+07,4.49406e+06,6.79999e+06,1.14993e+07,4.49253e+06,6.79999e+06,1.14992e+07,4.49059e+06,6.79999e+06,1.14991e+07,4.48817e+06,6.79999e+06,1.1499e+07,4.48511e+06,6.79999e+06,1.14988e+07,4.48128e+06,6.79999e+06,1.14987e+07,4.47646e+06,6.79999e+06,1.14985e+07,4.47041e+06,6.79999e+06,1.14983e+07,4.46281e+06,6.79999e+06,1.14981e+07,4.4533e+06,6.79999e+06,1.14979e+07,4.44138e+06,6.79999e+06,1.14976e+07,4.42649e+06,6.79999e+06,1.14972e+07,4.40789e+06,6.79999e+06,1.14969e+07,4.38471e+06,6.79999e+06,1.14965e+07,4.35592e+06,6.79999e+06,1.1496e+07,4.32027e+06,6.79999e+06,1.14955e+07,4.27629e+06,6.79999e+06,1.14949e+07,4.22231e+06,6.79999e+06,1.14942e+07,4.15647e+06,6.79999e+06,1.14934e+07,4.07676e+06,6.79999e+06,1.14926e+07,3.98112e+06,6.79999e+06,1.14916e+07,3.86765e+06,6.79999e+06,1.14905e+07,3.73474e+06,6.79999e+06,1.14892e+07,3.58148e+06,6.79999e+06,1.14878e+07,3.40785e+06,6.79999e+06,1.14862e+07,3.21513e+06,6.79999e+06,1.14844e+07,3.00605e+06,6.79999e+06,1.14823e+07,2.7848e+06,6.79999e+06,1.148e+07,2.5568e+06,6.79999e+06,1.14773e+07,2.32825e+06,6.79999e+06,13.5742,8.52444,0.508366,16.8306,13.2585,0.162638,20.0035,17.569,0.0507846,23.2616,22.4214,0.0158319,26.7328,28.3297,0.00493498,30.5212,35.6974,0.00153831,34.7178,44.9473,0.000479527,39.4086,56.5822,0.000149456,44.6796,71.2245,4.66214e-05,50.6209,89.6543,1.45419e-05,57.3297,112.852,4.54748e-06,64.9129,142.051,1.43857e-06,73.4897,178.803,4.36618e-07,83.1934,225.062,1.40153e-07,94.1745,283.286,4.96378e-08,106.602,356.568,1.05434e-07,120.669,448.799,-6.49244e-08,136.59,564.873,1.70148e-07,154.611,710.948,-5.34594e-08,175.008,894.767,1.63407e-07,198.097,1126.06,8.04804e-08,224.231,1417.07,1.14667e-07,253.813,1783.15,-1.71227e-07,287.297,2243.62,-2.88466e-07,325.198,2822.67,-4.33651e-07,368.098,3550.67,7.9318e-08,416.657,4465.65,3.13319e-07,471.621,5615.16,3.4613e-07,533.835,7058.61,-1.19199e-07,604.255,8870.02,-2.79964e-07,683.962,11141.4,-2.30521e-07,774.182,13986.7,-2.55099e-07,876.299,17546.4,1.23585e-07,991.883,21993.1,1.41192e-07,1122.71,27536.7,-9.71886e-08,1270.78,34430.7,-3.68368e-07,1438.38,42977.7,-3.45379e-07,1628.07,53532.7,-3.25328e-09,1842.77,66504.6,2.6362e-07,2085.77,82350.2,2.53445e-07,2360.79,101560,-2.47407e-08,2672.05,124632,-3.80602e-07,3024.31,152018,-4.79005e-07,3422.98,184060,-1.14379e-07,3874.15,220884,2.64297e-07,4384.72,262283,3.44131e-07,4962.49,307576,7.5349e-08,5616.29,355497,-3.63097e-07,6356.1,404126,-6.05442e-07,7193.18,450932,-2.72333e-07,8140.28,492963,2.29675e-07,9211.79,527178,4.3387e-07,10424,550893,-1.0711e-07,10.102,8.06553,2.81012,10.6436,8.57909,0.869423,11.5336,10.2515,0.270869,12.7211,12.7138,0.0844293,14.1823,15.9373,0.0263173,15.9122,20.0383,0.0082035,17.9198,25.2154,0.00255722,20.2244,31.7373,0.000797017,22.8539,39.9486,0.000248622,25.8438,50.2851,7.75492e-05,29.237,63.2963,2.42508e-05,33.0837,79.6738,7.67162e-06,37.4415,100.288,2.32837e-06,42.3767,126.236,7.33e-07,47.9646,158.896,2.79256e-07,54.2906,200.003,9.87351e-09,61.452,251.741,1.61085e-07,69.5585,316.859,-2.47141e-07,78.7347,398.812,8.93552e-08,89.1218,501.948,-2.53231e-07,100.879,631.736,-1.25047e-07,114.188,795.049,-1.78808e-07,129.252,1000.53,2.6733e-07,146.304,1259.03,4.50292e-07,165.605,1584.19,6.76904e-07,187.452,1993.12,-1.23808e-07,212.181,2507.27,-4.89068e-07,240.173,3153.54,-5.40284e-07,271.856,3965.56,1.86061e-07,307.719,4985.38,4.37004e-07,348.313,6265.4,3.59828e-07,394.26,7870.83,3.98192e-07,446.268,9882.51,-1.92908e-07,505.135,12400.3,-2.20392e-07,571.766,15546.9,1.51705e-07,647.184,19472.2,5.74996e-07,732.547,24357.4,5.39112e-07,829.167,30420,5.07815e-09,938.526,37916.3,-4.11492e-07,1062.3,47143.9,-3.9561e-07,1202.4,58439.2,3.86185e-08,1360.96,72169.3,5.94093e-07,1540.42,88715.8,7.47693e-07,1743.53,108445,1.78537e-07,1973.41,131665,-4.12549e-07,2233.57,158557,-5.37164e-07,2528,189103,-1.17615e-07,2861.2,222986,5.66769e-07,3238.27,259510,9.45053e-07,3664.97,297540,4.25093e-07,4147.81,335497,-3.58506e-07,4694.17,371444,-6.7724e-07,5312.37,403256,1.67192e-07,1.61744,3.89446,9.84394,3.28846,7.5504,12.774,5.07607,11.7187,13.6844,7.03202,16.8147,13.9681,9.20215,23.1769,14.0566,11.6301,31.1672,14.0841,14.3598,41.2186,14.0927,17.4376,53.8688,14.0954,20.9137,69.7915,14.0962,24.8432,89.8341,14.0965,29.2879,115.063,14.0966,34.3168,146.819,14.0966,40.0078,186.792,14.0966,46.4487,237.107,14.0966,53.7388,300.44,14.0966,61.9903,380.158,14.0966,71.3301,480.499,14.0966,81.902,606.796,14.0966,93.8685,765.761,14.0966,107.414,965.837,14.0966,122.746,1217.65,14.0966,140.101,1534.57,14.0966,159.745,1933.41,14.0966,181.981,2435.3,14.0966,207.15,3066.85,14.0966,235.64,3861.46,14.0966,267.889,4861.11,14.0966,304.391,6118.54,14.0966,345.709,7699.91,14.0966,392.478,9688.22,14.0966,445.417,12187.5,14.0966,505.339,15327.7,14.0966,573.165,19271.6,14.0966,649.938,24222,14.0966,736.839,30430.9,14.0966,835.202,38211.5,14.0966,946.539,47950.3,14.0966,1072.56,60122.8,14.0966,1215.21,75309.9,14.0966,1376.66,94216.2,14.0966,1559.41,117688,14.0966,1766.26,146729,14.0966,2000.39,182510,14.0966,2265.39,226372,14.0966,2565.33,279806,14.0966,2904.81,344416,14.0966,3289.05,421845,14.0966,3723.93,513667,14.0966,4216.13,621231,14.0966,4773.18,745478,14.0966,5403.64,886744,14.0966,6117.15,1.04457e+06,14.0966,6924.63,1.2176e+06,14.0966,11.7194,11.96,12.6541,13.9321,16.1295,13.6434,16.6097,21.9702,13.9553,19.7532,29.5285,14.0526,23.3844,39.1143,14.0829,27.5423,51.2054,14.0923,32.2796,66.434,14.0953,37.662,85.6061,14.0962,43.7675,109.74,14.0965,50.687,140.119,14.0966,58.5249,178.359,14.0966,67.4005,226.493,14.0966,77.4493,287.08,14.0966,88.8254,363.343,14.0966,101.703,459.336,14.0966,116.281,580.161,14.0966,132.782,732.241,14.0966,151.46,923.655,14.0966,172.603,1164.57,14.0966,196.535,1467.79,14.0966,223.625,1849.39,14.0966,254.288,2329.62,14.0966,288.997,2933.93,14.0966,328.285,3694.33,14.0966,372.755,4651.04,14.0966,423.092,5854.57,14.0966,480.07,7368.38,14.0966,544.564,9272.08,14.0966,617.566,11665.5,14.0966,700.197,14673.6,14.0966,793.729,18452.9,14.0966,899.599,23198.6,14.0966,1019.43,29154.1,14.0966,1155.07,36622.3,14.0966,1308.6,45977.9,14.0966,1482.39,57683.7,14.0966,1679.09,72307.8,14.0966,1901.73,90542.8,14.0966,2153.73,113226,14.0966,2438.97,141360,14.0966,2761.81,176127,14.0966,3127.22,218898,14.0966,3540.81,271226,14.0966,4008.92,334817,14.0966,4538.74,411470,14.0966,5138.38,502973,14.0966,5817.04,610948,14.0966,6585.12,736653,14.0966,7454.39,880741,14.0966,8438.15,1.04302e+06,14.0966,9551.45,1.22224e+06,14.0966,10811.3,1.41602e+06,14.0966,12237,1.62086e+06,14.0966,11.7194,11.96,12.6541,2.21263,4.16949,0.989383,2.67766,5.84076,0.311842,3.14343,7.55825,0.0972771,3.63127,9.58578,0.0303237,4.15787,12.0912,0.00945211,4.73731,15.2286,0.00294633,5.38238,19.1721,0.000918508,6.10553,24.134,0.000286163,6.91951,30.3791,8.92692e-05,7.83792,38.2397,2.78121e-05,8.87555,48.1338,8.65134e-06,10.0489,60.5876,2.7882e-06,11.3761,76.2629,8.29036e-07,12.8779,95.9927,2.4373e-07,14.5775,120.825,4.33068e-09,16.5012,152.08,1.75749e-07,18.6784,191.415,-1.86328e-07,21.1428,240.917,1.91829e-07,23.9322,303.213,-1.81475e-07,27.0895,381.602,7.0186e-08,30.6634,480.231,-2.86769e-08,34.7087,604.316,2.40784e-07,39.2876,760.401,9.87368e-08,44.4705,956.705,1.22263e-07,50.3371,1203.54,-4.31966e-07,56.9776,1513.81,-1.9705e-07,64.494,1903.69,-2.763e-08,73.0018,2393.4,3.9185e-07,82.6317,3008.13,1.35379e-07,93.5318,3779.25,-4.16351e-08,105.869,4745.7,2.06965e-08,119.834,5955.6,-3.18887e-07,135.641,7468.12,-1.48271e-08,153.531,9355.62,2.00739e-07,173.781,11705.8,2.28358e-07,196.701,14624.1,-1.93587e-08,222.642,18235,-2.88101e-07,252.003,22683.4,-2.24732e-07,285.234,28134,8.56806e-09,322.845,34767,2.34258e-07,365.413,42770.9,2.99668e-07,413.588,52327.9,8.28644e-08,468.111,63591.2,-3.07049e-07,529.814,76653.2,-3.1888e-07,599.642,91502.5,-6.72276e-08,678.662,107975,2.26339e-07,768.083,125705,3.69212e-07,869.267,144088,2.04077e-07,983.76,162277,-2.80509e-07,1113.3,179223,-4.22737e-07,1259.87,193777,-1.71951e-07,1425.68,204839,4.55555e-07,11.7194,11.96,12.6541,2.21263,4.16949,0.989383,2.67766,5.84076,0.311842,3.14343,7.55825,0.0972771,3.63127,9.58578,0.0303237,4.15787,12.0912,0.00945211,4.73731,15.2286,0.00294633,5.38238,19.1721,0.000918508,6.10553,24.134,0.000286163,6.91951,30.3791,8.92692e-05,7.83792,38.2397,2.78121e-05,8.87555,48.1338,8.65134e-06,10.0489,60.5876,2.7882e-06,11.3761,76.2629,8.29036e-07,12.8779,95.9927,2.4373e-07,14.5775,120.825,1e-08,16.5012,152.08,1.75749e-07,18.6784,191.415,1e-08,21.1428,240.917,1.91829e-07,23.9322,303.213,1e-08,27.0895,381.602,7.0186e-08,30.6634,480.231,1e-08,34.7087,604.316,2.40784e-07,39.2876,760.401,9.87368e-08,44.4705,956.705,1.22263e-07,50.3371,1203.54,1e-08,56.9776,1513.81,1e-08,64.494,1903.69,1e-08,73.0018,2393.4,3.9185e-07,82.6317,3008.13,1.35379e-07,93.5318,3779.25,1e-08,105.869,4745.7,2.06965e-08,119.834,5955.6,1e-08,135.641,7468.12,1e-08,153.531,9355.62,2.00739e-07,173.781,11705.8,2.28358e-07,196.701,14624.1,1e-08,222.642,18235,1e-08,252.003,22683.4,1e-08,285.234,28134,1e-08,322.845,34767,2.34258e-07,365.413,42770.9,2.99668e-07,413.588,52327.9,8.28644e-08,468.111,63591.2,1e-08,529.814,76653.2,1e-08,599.642,91502.5,1e-08,678.662,107975,2.26339e-07,768.083,125705,3.69212e-07,869.267,144088,2.04077e-07,983.76,162277,1e-08,1113.3,179223,1e-08,1259.87,193777,1e-08,1425.68,204839,4.55555e-07,6.2823,3.27286,2.43537,0.219672,6.18826,2.24117,0.56371,6.87772,2.63624,0.308279,7,18,9,1,2,1,5,10,0,0,0,0,5,5,0,3,19,0,2,3,0,5,22,0,2,15,0,4,35,0,11,58,0,2,43,0,24,43,0,7,38,0,1,130,0,15,125,0,11,288,0,25,222,0,19,223,0,7,269,0,13,642,0,24,368,0,14,755,0,40,867,0,30,398,0,21,1227,0,77,1474,0,127,1687,0,37,1931,0,98,2388,0,54,3386,0,85,4410,0,162,3558,0,150,7521,0,47,7541,0,197,3884,0,89,18971,0,217,25500,0,263,36564,0,201,45697,0,289,29627,0,515,36551,0,562,40854,0,506,89590,0,590,169105,0,581,185310,0,673,163185,0,488,92008,0,801,235183,0,1014,225125,0,753,128834,0,1082,156317,0,1322,126271,0
-1.05176e+08,1,8.88811e-15,10,1023,0,1.05176e+08,0.528882,1.08665,0.389689,0.145397,0.379329,3.24381,0.161596,0.446195,1.77396,0.159177,1.15e+07,4.49998e+06,6.79999e+06,1.15e+07,4.49997e+06,6.79999e+06,1.15e+07,4.49996e+06,6.79999e+06,1.15e+07,4.49995e+06,6.79999e+06,1.14999e+07,4.49993e+06,6.79999e+06,1.14999e+07,4.49991e+06,6.79999e+06,1.14999e+07,4.49989e+06,6.79999e+06,1.14999e+07,4.49986e+06,6.79999e+06,1.14999e+07,4.49982e+06,6.79999e+06,1.14999e+07,4.49977e+06,6.79999e+06,1.14999e+07,4.49971e+06,6.79999e+06,1.14999e+07,4.49963e+06,6.79999e+06,1.14998e+07,4.49953e+06,6.79999e+06,1.14998e+07,4.49941e+06,6.79999e+06,1.14998e+07,4.49926e+06,6.79999e+06,1.14998e+07,4.49906e+06,6.79999e+06,1.14997e+07,4.49882e+06,6.79999e+06,1.14997e+07,4.49851e+06,6.79999e+06,1.14997e+07,4.49812e+06,6.79999e+06,1.14996e+07,4.49764e+06,6.79999e+06,1.14996e+07,4.49702e+06,6.79999e+06,1.14995e+07,4.49625e+06,6.79999e+06,1.14995e+07,4.49528e+06,6.79999e+06,1.14994e+07,4.49406e+06,6.79999e+06,1.14993e+07,4.49253e+06,6.79999e+06,1.14992e+07,4.49059e+06,6.79999e+06,1.14991e+07,4.48817e+06,6.79999e+06,1.1499e+07,4.48511e+06,6.79999e+06,1.14988e+07,4.48128e+06,6.79999e+06,1.14987e+07,4.47646e+06,6.79999e+06,1.14985e+07,4.47041e+06,6.79999e+06,1.14983e+07,4.46281e+06,6.79999e+06,1.14981e+07,4.4533e+06,6.79999e+06,1.14979e+07,4.44138e+06,6.79999e+06,1.14976e+07,4.42649e+06,6.79999e+06,1.14972e+07,4.40789e+06,6.79999e+06,1.14969e+07,4.38471e+06,6.79999e+06,1.14965e+07,4.35592e+06,6.79999e+06,1.1496e+07,4.32027e+06,6.79999e+06,1.14955e+07,4.27629e+06,6.79999e+06,1.14949e+07,4.22231e+06,6.79999e+06,1.14942e+07,4.15647e+06,6.79999e+06,1.14934e+07,4.07676e+06,6.79999e+06,1.14926e+07,3.98112e+06,6.79999e+06,1.14916e+07,3.86765e+06,6.79999e+06,1.14905e+07,3.73474e+06,6.79999e+06,1.14892e+07,3.58148e+06,6.79999e+06,1.14878e+07,3.40785e+06,6.79999e+06,1.14862e+07,3.21513e+06,6.79999e+06,1.14844e+07,3.00605e+06,6.79999e+06,1.14823e+07,2.7848e+06,6.79999e+06,1.148e+07,2.5568e+06,6.79999e+06,1.14773e+07,2.32825e+06,6.79999e+06,13.5742,8.52444,0.508366,16.8306,13.2585,0.162638,20.0035,17.569,0.0507846,23.2616,22.4214,0.0158319,26.7328,28.3297,0.00493498,30.5212,35.6974,0.00153831,34.7178,44.9473,0.000479527,39.4086,56.5822,0.000149456,44.6796,71.2245,4.66214e-05,50.6209,89.6543,1.45419e-05,57.3297,112.852,4.54748e-06,64.9129,142.051,1.43857e-06,73.4897,178.803,4.36618e-07,83.1934,225.062,1.40153e-07,94.1745,283.286,4.96378e-08,106.602,356.568,1.05434e-07,120.669,448.799,-6.49244e-08,136.59,564.873,1.70148e-07,154.611,710.948,-5.34594e-08,175.008,894.767,1.63407e-07,198.097,1126.06,8.04804e-08,224.231,1417.07,1.14667e-07,253.813,1783.15,-1.71227e-07,287.297,2243.62,-2.88466e-07,325.198,2822.67,-4.33651e-07,368.098,3550.67,7.9318e-08,416.657,4465.65,3.13319e-07,471.621,5615.16,3.4613e-07,533.835,7058.61,-1.19199e-07,604.255,8870.02,-2.79964e-07,683.962,11141.4,-2.30521e-07,774.182,13986.7,-2.55099e-07,876.299,17546.4,1.23585e-07,991.883,21993.1,1.41192e-07,1122.71,27536.7,-9.71886e-08,1270.78,34430.7,-3.68368e-07,1438.38,42977.7,-3.45379e-07,1628.07,53532.7,-3.25328e-09,1842.77,66504.6,2.6362e-07,2085.77,82350.2,2.53445e-07,2360.79,101560,-2.47407e-08,2672.05,124632,-3.80602e-07,3024.31,152018,-4.79005e-07,3422.98,184060,-1.14379e-07,3874.15,220884,2.64297e-07,4384.72,262283,3.44131e-07,4962.49,307576,7.5349e-08,5616.29,355497,-3.63097e-07,6356.1,404126,-6.05442e-07,7193.18,450932,-2.72333e-07,8140.28,492963,2.29675e-07,9211.79,527178,4.3387e-07,10424,550893,-1.0711e-07,10.102,8.06553,2.81012,10.6436,8.57909,0.869423,11.5336,10.2515,0.270869,12.7211,12.7138,0.0844293,14.1823,15.9373,0.0263173,15.9122,20.0383,0.0082035,17.9198,25.2154,0.00255722,20.2244,31.7373,0.000797017,22.8539,39.9486,0.000248622,25.8438,50.2851,7.75492e-05,29.237,63.2963,2.42508e-05,33.0837,79.6738,7.67162e-06,37.4415,100.288,2.32837e-06,42.3767,126.236,7.33e-07,47.9646,158.896,2.79256e-07,54.2906,200.003,9.87351e-09,61.452,251.741,1.61085e-07,69.5585,316.859,-2.47141e-07,78.7347,398.812,8.93552e-08,89.1218,501.948,-2.53231e-07,100.879,631.736,-1.25047e-07,114.188,795.049,-1.78808e-07,129.252,1000.53,2.6733e-07,146.304,1259.03,4.50292e-07,165.605,1584.19,6.76904e-07,187.452,1993.12,-1.23808e-07,212.181,2507.27,-4.89068e-07,240.173,3153.54,-5.40284e-07,271.856,3965.56,1.86061e-07,307.719,4985.38,4.37004e-07,348.313,6265.4,3.59828e-07,394.26,7870.83,3.98192e-07,446.268,9882.51,-1.92908e-07,505.135,12400.3,-2.20392e-07,571.766,15546.9,1.51705e-07,647.184,19472.2,5.74996e-07,732.547,24357.4,5.39112e-07,829.167,30420,5.07815e-09,938.526,37916.3,-4.11492e-07,1062.3,47143.9,-3.9561e-07,1202.4,58439.2,3.86185e-08,1360.96,72169.3,5.94093e-07,1540.42,88715.8,7.47693e-07,1743.53,108445,1.78537e-07,1973.41,131665,-4.12549e-07,2233.57,158557,-5.37164e-07,2528,189103,-1.17615e-07,2861.2,222986,5.66769e-07,3238.27,259510,9.45053e-07,3664.97,297540,4.25093e-07,4147.81,335497,-3.58506e-07,4694.17,371444,-6.7724e-07,5312.37,403256,1.67192e-07,1.61744,3.89446,9.84394,3.28846,7.5504,12.774,5.07607,11.7187,13.6844,7.03202,16.8147,13.9681,9.20215,23.1769,14.0566,11.6301,31.1672,14.0841,14.3598,41.2186,14.0927,17.4376,53.8688,14.0954,20.9137,69.7915,14.0962,24.8432,89.8341,14.0965,29.2879,115.063,14.0966,34.3168,146.819,14.0966,40.0078,186.792,14.0966,46.4487,237.107,14.0966,53.7388,300.44,14.0966,61.9903,380.158,14.0966,71.3301,480.499,14.0966,81.902,606.796,14.0966,93.8685,765.761,14.0966,107.414,965.837,14.0966,122.746,1217.65,14.0966,140.101,1534.57,14.0966,159.745,1933.41,14.0966,181.981,2435.3,14.0966,207.15,3066.85,14.0966,235.64,3861.46,14.0966,267.889,4861.11,14.0966,304.391,6118.54,14.0966,345.709,7699.91,14.0966,392.478,9688.22,14.0966,445.417,12187.5,14.0966,505.339,15327.7,14.0966,573.165,19271.6,14.0966,649.938,24222,14.0966,736.839,30430.9,14.0966,835.202,38211.5,14.0966,946.539,47950.3,14.0966,1072.56,60122.8,14.0966,1215.21,75309.9,14.0966,1376.66,94216.2,14.0966,1559.41,117688,14.0966,1766.26,146729,14.0966,2000.39,182510,14.0966,2265.39,226372,14.0966,2565.33,279806,14.0966,2904.81,344416,14.0966,3289.05,421845,14.0966,3723.93,513667,14.0966,4216.13,621231,14.0966,4773.18,745478,14.0966,5403.64,886744,14.0966,6117.15,1.04457e+06,14.0966,6924.63,1.2176e+06,14.0966,11.7194,11.96,12.6541,13.9321,16.1295,13.6434,16.6097,21.9702,13.9553,19.7532,29.5285,14.0526,23.3844,39.1143,14.0829,27.5423,51.2054,14.0923,32.2796,66.434,14.0953,37.662,85.6061,14.0962,43.7675,109.74,14.0965,50.687,140.119,14.0966,58.5249,178.359,14.0966,67.4005,226.493,14.0966,77.4493,287.08,14.0966,88.8254,363.343,14.0966,101.703,459.336,14.0966,116.281,580.161,14.0966,132.782,732.241,14.0966,151.46,923.655,14.0966,172.603,1164.57,14.0966,196.535,1467.79,14.0966,223.625,1849.39,14.0966,254.288,2329.62,14.0966,288.997,2933.93,14.0966,328.285,3694.33,14.0966,372.755,4651.04,14.0966,423.092,5854.57,14.0966,480.07,7368.38,14.0966,544.564,9272.08,14.0966,617.566,11665.5,14.0966,700.197,14673.6,14.0966,793.729,18452.9,14.0966,899.599,23198.6,14.0966,1019.43,29154.1,14.0966,1155.07,36622.3,14.0966,1308.6,45977.9,14.0966,1482.39,57683.7,14.0966,1679.09,72307.8,14.0966,1901.73,90542.8,14.0966,2153.73,113226,14.0966,2438.97,141360,14.0966,2761.81,176127,14.0966,3127.22,218898,14.0966,3540.81,271226,14.0966,4008.92,334817,14.0966,4538.74,411470,14.0966,5138.38,502973,14.0966,5817.04,610948,14.0966,6585.12,736653,14.0966,7454.39,880741,14.0966,8438.15,1.04302e+06,14.0966,9551.45,1.22224e+06,14.0966,10811.3,1.41602e+06,14.0966,12237,1.62086e+06,14.0966,11.7194,11.96,12.6541,2.21263,4.16949,0.989383,2.67766,5.84076,0.311842,3.14343,7.55825,0.0972771,3.63127,9.58578,0.0303237,4.15787,12.0912,0.00945211,4.73731,15.2286,0.00294633,5.38238,19.1721,0.000918508,6.10553,24.134,0.000286163,6.91951,30.3791,8.92692e-05,7.83792,38.2397,2.78121e-05,8.87555,48.1338,8.65134e-06,10.0489,60.5876,2.7882e-06,11.3761,76.2629,8.29036e-07,12.8779,95.9927,2.4373e-07,14.5775,120.825,4.33068e-09,16.5012,152.08,1.75749e-07,18.6784,191.415,-1.86328e-07,21.1428,240.917,1.91829e-07,23.9322,303.213,-1.81475e-07,27.0895,381.602,7.0186e-08,30.6634,480.231,-2.86769e-08,34.7087,604.316,2.40784e-07,39.2876,760.401,9.87368e-08,44.4705,956.705,1.22263e-07,50.3371,1203.54,-4.31966e-07,56.9776,1513.81,-1.9705e-07,64.494,1903.69,-2.763e-08,73.0018,2393.4,3.9185e-07,82.6317,3008.13,1.35379e-07,93.5318,3779.25,-4.16351e-08,105.869,4745.7,2.06965e-08,119.834,5955.6,-3.18887e-07,135.641,7468.12,-1.48271e-08,153.531,9355.62,2.00739e-07,173.781,11705.8,2.28358e-07,196.701,14624.1,-1.93587e-08,222.642,18235,-2.88101e-07,252.003,22683.4,-2.24732e-07,285.234,28134,8.56806e-09,322.845,34767,2.34258e-07,365.413,42770.9,2.99668e-07,413.588,52327.9,8.28644e-08,468.111,63591.2,-3.07049e-07,529.814,76653.2,-3.1888e-07,599.642,91502.5,-6.72276e-08,678.662,107975,2.26339e-07,768.083,125705,3.69212e-07,869.267,144088,2.04077e-07,983.76,162277,-2.80509e-07,1113.3,179223,-4.22737e-07,1259.87,193777,-1.71951e-07,1425.68,204839,4.55555e-07,11.7194,11.96,12.6541,2.21263,4.16949,0.989383,2.67766,5.84076,0.311842,3.14343,7.55825,0.0972771,3.63127,9.58578,0.0303237,4.15787,12.0912,0.00945211,4.73731,15.2286,0.00294633,5.38238,19.1721,0.000918508,6.10553,24.134,0.000286163,6.91951,30.3791,8.92692e-05,7.83792,38.2397,2.78121e-05,8.87555,48.1338,8.65134e-06,10.0489,60.5876,2.7882e-06,11.3761,76.2629,8.29036e-07,12.8779,95.9927,2.4373e-07,14.5775,120.825,1e-08,16.5012,152.08,1.75749e-07,18.6784,191.415,1e-08,21.1428,240.917,1.91829e-07,23.9322,303.213,1e-08,27.0895,381.602,7.0186e-08,30.6634,480.231,1e-08,34.7087,604.316,2.40784e-07,39.2876,760.401,9.87368e-08,44.4705,956.705,1.22263e-07,50.3371,1203.54,1e-08,56.9776,1513.81,1e-08,64.494,1903.69,1e-08,73.0018,2393.4,3.9185e-07,82.6317,3008.13,1.35379e-07,93.5318,3779.25,1e-08,105.869,4745.7,2.06965e-08,119.834,5955.6,1e-08,135.641,7468.12,1e-08,153.531,9355.62,2.00739e-07,173.781,11705.8,2.28358e-07,196.701,14624.1,1e-08,222.642,18235,1e-08,252.003,22683.4,1e-08,285.234,28134,1e-08,322.845,34767,2.34258e-07,365.413,42770.9,2.99668e-07,413.588,52327.9,8.28644e-08,468.111,63591.2,1e-08,529.814,76653.2,1e-08,599.642,91502.5,1e-08,678.662,107975,2.26339e-07,768.083,125705,3.69212e-07,869.267,144088,2.04077e-07,983.76,162277,1e-08,1113.3,179223,1e-08,1259.87,193777,1e-08,1425.68,204839,4.55555e-07,6.2823,3.27286,2.43537,0.219672,6.18826,2.24117,0.56371,6.87772,2.63624,0.308279,20,9,16,5,4,1,1,4,0,4,3,0,8,5,0,1,29,0,7,23,0,2,22,0,8,41,0,6,25,0,10,30,0,12,62,0,12,93,0,21,84,0,6,143,0,14,172,0,12,86,0,13,198,0,12,238,0,32,208,0,42,332,0,34,259,0,53,1299,0,40,1136,0,32,936,0,31,1272,0,60,1590,0,59,1927,0,88,1936,0,69,2142,0,59,6497,0,76,7387,0,125,4446,0,68,6823,0,136,11029,0,223,8971,0,166,14932,0,311,10336,0,229,25777,0,261,33970,0,319,37394,0,661,52938,0,557,66356,0,947,63621,0,259,64286,0,407,88940,0,1194,96336,0,557,106686,0,407,154600,0,1532,236194,0,580,95512,0,1685,105792,0,1567,145042,0
-1.05176e+08,1,8.88811e-15,10,1023,0,1.05176e+08,0.528882,1.08665,0.389689,0.145397,0.379329,3.24381,0.161596,0.446195,1.77396,0.159177,1.15e+07,4.49998e+06,6.79999e+06,1.15e+07,4.49997e+06,6.79999e+06,1.15e+07,4.49996e+06,6.79999e+06,1.15e+07,4.49995e+06,6.79999e+06,1.14999e+07,4.49993e+06,6.79999e+06,1.14999e+07,4.49991e+06,6.79999e+06,1.14999e+07,4.49989e+06,6.79999e+06,1.14999e+07,4.49986e+06,6.79999e+06,1.14999e+07,4.49982e+06,6.79999e+06,1.14999e+07,4.49977e+06,6.79999e+06,1.14999e+07,4.49971e+06,6.79999e+06,1.14999e+07,4.49963e+06,6.79999e+06,1.14998e+07,4.49953e+06,6.79999e+06,1.14998e+07,4.49941e+06,6.79999e+06,1.14998e+07,4.49926e+06,6.79999e+06,1.14998e+07,4.49906e+06,6.79999e+06,1.14997e+07,4.49882e+06,6.79999e+06,1.14997e+07,4.49851e+06,6.79999e+06,1.14997e+07,4.49812e+06,6.79999e+06,1.14996e+07,4.49764e+06,6.79999e+06,1.14996e+07,4.49702e+06,6.79999e+06,1.14995e+07,4.49625e+06,6.79999e+06,1.14995e+07,4.49528e+06,6.79999e+06,1.14994e+07,4.49406e+06,6.79999e+06,1.14993e+07,4.49253e+06,6.79999e+06,1.14992e+07,4.49059e+06,6.79999e+06,1.14991e+07,4.48817e+06,6.79999e+06,1.1499e+07,4.48511e+06,6.79999e+06,1.14988e+07,4.48128e+06,6.79999e+06,1.14987e+07,4.47646e+06,6.79999e+06,1.14985e+07,4.47041e+06,6.79999e+06,1.14983e+07,4.46281e+06,6.79999e+06,1.14981e+07,4.4533e+06,6.79999e+06,1.14979e+07,4.44138e+06,6.79999e+06,1.14976e+07,4.42649e+06,6.79999e+06,1.14972e+07,4.40789e+06,6.79999e+06,1.14969e+07,4.38471e+06,6.79999e+06,1.14965e+07,4.35592e+06,6.79999e+06,1.1496e+07,4.32027e+06,6.79999e+06,1.14955e+07,4.27629e+06,6.79999e+06,1.14949e+07,4.22231e+06,6.79999e+06,1.14942e+07,4.15647e+06,6.79999e+06,1.14934e+07,4.07676e+06,6.79999e+06,1.14926e+07,3.98112e+06,6.79999e+06,1.14916e+07,3.86765e+06,6.79999e+06,1.14905e+07,3.73474e+06,6.79999e+06,1.14892e+07,3.58148e+06,6.79999e+06,1.14878e+07,3.40785e+06,6.79999e+06,1.14862e+07,3.21513e+06,6.79999e+06,1.14844e+07,3.00605e+06,6.79999e+06,1.14823e+07,2.7848e+06,6.79999e+06,1.148e+07,2.5568e+06,6.79999e+06,1.14773e+07,2.32825e+06,6.79999e+06,13.5742,8.52444,0.508366,16.8306,13.2585,0.162638,20.0035,17.569,0.0507846,23.2616,22.4214,0.0158319,26.7328,28.3297,0.00493498,30.5212,35.6974,0.00153831,34.7178,44.9473,0.000479527,39.4086,56.5822,0.000149456,44.6796,71.2245,4.66214e-05,50.6209,89.6543,1.45419e-05,57.3297,112.852,4.54748e-06,64.9129,142.051,1.43857e-06,73.4897,178.803,4.36618e-07,83.1934,225.062,1.40153e-07,94.1745,283.286,4.96378e-08,106.602,356.568,1.05434e-07,120.669,448.799,-6.49244e-08,136.59,564.873,1.70148e-07,154.611,710.948,-5.34594e-08,175.008,894.767,1.63407e-07,198.097,1126.06,8.04804e-08,224.231,1417.07,1.14667e-07,253.813,1783.15,-1.71227e-07,287.297,2243.62,-2.88466e-07,325.198,2822.67,-4.33651e-07,368.098,3550.67,7.9318e-08,416.657,4465.65,3.13319e-07,471.621,5615.16,3.4613e-07,533.835,7058.61,-1.19199e-07,604.255,8870.02,-2.79964e-07,683.962,11141.4,-2.30521e-07,774.182,13986.7,-2.55099e-07,876.299,17546.4,1.23585e-07,991.883,21993.1,1.41192e-07,1122.71,27536.7,-9.71886e-08,1270.78,34430.7,-3.68368e-07,1438.38,42977.7,-3.45379e-07,1628.07,53532.7,-3.25328e-09,1842.77,66504.6,2.6362e-07,2085.77,82350.2,2.53445e-07,2360.79,101560,-2.47407e-08,2672.05,124632,-3.80602e-07,3024.31,152018,-4.79005e-07,3422.98,184060,-1.14379e-07,3874.15,220884,2.64297e-07,4384.72,262283,3.44131e-07,4962.49,307576,7.5349e-08,5616.29,355497,-3.63097e-07,6356.1,404126,-6.05442e-07,7193.18,450932,-2.72333e-07,8140.28,492963,2.29675e-07,9211.79,527178,4.3387e-07,10424,550893,-1.0711e-07,10.102,8.06553,2.81012,10.6436,8.57909,0.869423,11.5336,10.2515,0.270869,12.7211,12.7138,0.0844293,14.1823,15.9373,0.0263173,15.9122,20.0383,0.0082035,17.9198,25.2154,0.00255722,20.2244,31.7373,0.000797017,22.8539,39.9486,0.000248622,25.8438,50.2851,7.75492e-05,29.237,63.2963,2.42508e-05,33.0837,79.6738,7.67162e-06,37.4415,100.288,2.32837e-06,42.3767,126.236,7.33e-07,47.9646,158.896,2.79256e-07,54.2906,200.003,9.87351e-09,61.452,251.741,1.61085e-07,69.5585,316.859,-2.47141e-07,78.7347,398.812,8.93552e-08,89.1218,501.948,-2.53231e-07,100.879,631.736,-1.25047e-07,114.188,795.049,-1.78808e-07,129.252,1000.53,2.6733e-07,146.304,1259.03,4.50292e-07,165.605,1584.19,6.76904e-07,187.452,1993.12,-1.23808e-07,212.181,2507.27,-4.89068e-07,240.173,3153.54,-5.40284e-07,271.856,3965.56,1.86061e-07,307.719,4985.38,4.37004e-07,348.313,6265.4,3.59828e-07,394.26,7870.83,3.98192e-07,446.268,9882.51,-1.92908e-07,505.135,12400.3,-2.20392e-07,571.766,15546.9,1.51705e-07,647.184,19472.2,5.74996e-07,732.547,24357.4,5.39112e-07,829.167,30420,5.07815e-09,938.526,37916.3,-4.11492e-07,1062.3,47143.9,-3.9561e-07,1202.4,58439.2,3.86185e-08,1360.96,72169.3,5.94093e-07,1540.42,88715.8,7.47693e-07,1743.53,108445,1.78537e-07,1973.41,131665,-4.12549e-07,2233.57,158557,-5.37164e-07,2528,189103,-1.17615e-07,2861.2,222986,5.66769e-07,3238.27,259510,9.45053e-07,3664.97,297540,4.25093e-07,4147.81,335497,-3.58506e-07,4694.17,371444,-6.7724e-07,5312.37,403256,1.67192e-07,1.61744,3.89446,9.84394,3.28846,7.5504,12.774,5.07607,11.7187,13.6844,7.03202,16.8147,13.9681,9.20215,23.1769,14.0566,11.6301,31.1672,14.0841,14.3598,41.2186,14.0927,17.4376,53.8688,14.0954,20.9137,69.7915,14.0962,24.8432,89.8341,14.0965,29.2879,115.063,14.0966,34.3168,146.819,14.0966,40.0078,186.792,14.0966,46.4487,237.107,14.0966,53.7388,300.44,14.0966,61.9903,380.158,14.0966,71.3301,480.499,14.0966,81.902,606.796,14.0966,93.8685,765.761,14.0966,107.414,965.837,14.0966,122.746,1217.65,14.0966,140.101,1534.57,14.0966,159.745,1933.41,14.0966,181.981,2435.3,14.0966,207.15,3066.85,14.0966,235.64,3861.46,14.0966,267.889,4861.11,14.0966,304.391,6118.54,14.0966,345.709,7699.91,14.0966,392.478,9688.22,14.0966,445.417,12187.5,14.0966,505.339,15327.7,14.0966,573.165,19271.6,14.0966,649.938,24222,14.0966,736.839,30430.9,14.0966,835.202,38211.5,14.0966,946.539,47950.3,14.0966,1072.56,60122.8,14.0966,1215.21,75309.9,14.0966,1376.66,94216.2,14.0966,1559.41,117688,14.0966,1766.26,146729,14.0966,2000.39,182510,14.0966,2265.39,226372,14.0966,2565.33,279806,14.0966,2904.81,344416,14.0966,3289.05,421845,14.0966,3723.93,513667,14.0966,4216.13,621231,14.0966,4773.18,745478,14.0966,5403.64,886744,14.0966,6117.15,1.04457e+06,14.0966,6924.63,1.2176e+06,14.0966,11.7194,11.96,12.6541,13.9321,16.1295,13.6434,16.6097,21.9702,13.9553,19.7532,29.5285,14.0526,23.3844,39.1143,14.0829,27.5423,51.2054,14.0923,32.2796,66.434,14.0953,37.662,85.6061,14.0962,43.7675,109.74,14.0965,50.687,140.119,14.0966,58.5249,178.359,14.0966,67.4005,226.493,14.0966,77.4493,287.08,14.0966,88.8254,363.343,14.0966,101.703,459.336,14.0966,116.281,580.161,14.0966,132.782,732.241,14.0966,151.46,923.655,14.0966,172.603,1164.57,14.0966,196.535,1467.79,14.0966,223.625,1849.39,14.0966,254.288,2329.62,14.0966,288.997,2933.93,14.0966,328.285,3694.33,14.0966,372.755,4651.04,14.0966,423.092,5854.57,14.0966,480.07,7368.38,14.0966,544.564,9272.08,14.0966,617.566,11665.5,14.0966,700.197,14673.6,14.0966,793.729,18452.9,14.0966,899.599,23198.6,14.0966,1019.43,29154.1,14.0966,1155.07,36622.3,14.0966,1308.6,45977.9,14.0966,1482.39,57683.7,14.0966,1679.09,72307.8,14.0966,1901.73,90542.8,14.0966,2153.73,113226,14.0966,2438.97,141360,14.0966,2761.81,176127,14.0966,3127.22,218898,14.0966,3540.81,271226,14.0966,4008.92,334817,14.0966,4538.74,411470,14.0966,5138.38,502973,14.0966,5817.04,610948,14.0966,6585.12,736653,14.0966,7454.39,880741,14.0966,8438.15,1.04302e+06,14.0966,9551.45,1.22224e+06,14.0966,10811.3,1.41602e+06,14.0966,12237,1.62086e+06,14.0966,11.7194,11.96,12.6541,2.21263,4.16949,0.989383,2.67766,5.84076,0.311842,3.14343,7.55825,0.0972771,3.63127,9.58578,0.0303237,4.15787,12.0912,0.00945211,4.73731,15.2286,0.00294633,5.38238,19.1721,0.000918508,6.10553,24.134,0.000286163,6.91951,30.3791,8.92692e-05,7.83792,38.2397,2.78121e-05,8.87555,48.1338,8.65134e-06,10.0489,60.5876,2.7882e-06,11.3761,76.2629,8.29036e-07,12.8779,95.9927,2.4373e-07,14.5775,120.825,4.33068e-09,16.5012,152.08,1.75749e-07,18.6784,191.415,-1.86328e-07,21.1428,240.917,1.91829e-07,23.9322,303.213,-1.81475e-07,27.0895,381.602,7.0186e-08,30.6634,480.231,-2.86769e-08,34.7087,604.316,2.40784e-07,39.2876,760.401,9.87368e-08,44.4705,956.705,1.22263e-07,50.3371,1203.54,-4.31966e-07,56.9776,1513.81,-1.9705e-07,64.494,1903.69,-2.763e-08,73.0018,2393.4,3.9185e-07,82.6317,3008.13,1.35379e-07,93.5318,3779.25,-4.16351e-08,105.869,4745.7,2.06965e-08,119.834,5955.6,-3.18887e-07,135.641,7468.12,-1.48271e-08,153.531,9355.62,2.00739e-07,173.781,11705.8,2.28358e-07,196.701,14624.1,-1.93587e-08,222.642,18235,-2.88101e-07,252.003,22683.4,-2.24732e-07,285.234,28134,8.56806e-09,322.845,34767,2.34258e-07,365.413,42770.9,2.99668e-07,413.588,52327.9,8.28644e-08,468.111,63591.2,-3.07049e-07,529.814,76653.2,-3.1888e-07,599.642,91502.5,-6.72276e-08,678.662,107975,2.26339e-07,768.083,125705,3.69212e-07,869.267,144088,2.04077e-07,983.76,162277,-2.80509e-07,1113.3,179223,-4.22737e-07,1259.87,193777,-1.71951e-07,1425.68,204839,4.55555e-07,11.7194,11.96,12.6541,2.21263,4.16949,0.989383,2.67766,5.84076,0.311842,3.14343,7.55825,0.0972771,3.63127,9.58578,0.0303237,4.15787,12.0912,0.00945211,4.73731,15.2286,0.00294633,5.38238,19.1721,0.000918508,6.10553,24.134,0.000286163,6.91951,30.3791,8.92692e-05,7.83792,38.2397,2.78121e-05,8.87555,48.1338,8.65134e-06,10.0489,60.5876,2.7882e-06,11.3761,76.2629,8.29036e-07,12.8779,95.9927,2.4373e-07,14.5775,120.825,1e-08,16.5012,152.08,1.75749e-07,18.6784,191.415,1e-08,21.1428,240.917,1.91829e-07,23.9322,303.213,1e-08,27.0895,381.602,7.0186e-08,30.6634,480.231,1e-08,34.7087,604.316,2.40784e-07,39.2876,760.401,9.87368e-08,44.4705,956.705,1.22263e-07,50.3371,1203.54,1e-08,56.9776,1513.81,1e-08,64.494,1903.69,1e-08,73.0018,2393.4,3.9185e-07,82.6317,3008.13,1.35379e-07,93.5318,3779.25,1e-08,105.869,4745.7,2.06965e-08,119.834,5955.6,1e-08,135.641,7468.12,1e-08,153.531,9355.62,2.00739e-07,173.781,11705.8,2.28358e-07,196.701,14624.1,1e-08,222.642,18235,1e-08,252.003,22683.4,1e-08,285.234,28134,1e-08,322.845,34767,2.34258e-07,365.413,42770.9,2.99668e-07,413.588,52327.9,8.28644e-08,468.111,63591.2,1e-08,529.814,76653.2,1e-08,599.642,91502.5,1e-08,678.662,107975,2.26339e-07,768.083,125705,3.69212e-07,869.267,144088,2.04077e-07,983.76,162277,1e-08,1113.3,179223,1e-08,1259.87,193777,1e-08,1425.68,204839,4.55555e-07,6.2823,3.27286,2.43537,0.219672,6.18826,2.24117,0.56371,6.87772,2.63624,0.308279,3,10,17,3,3,1,0,4,0,2,2,0,0,15,0,3,4,0,2,8,0,8,13,0,7,23,0,6,20,0,12,59,0,9,52,0,9,66,0,9,42,0,10,173,0,18,183,0,15,174,0,13,229,0,25,360,0,17,278,0,31,531,0,18,319,0,30,631,0,64,954,0,84,735,0,52,501,0,82,812,0,56,2738,0,88,1659,0,74,2839,0,91,2287,0,136,5518,0,142,3027,0,151,10671,0,140,6331,0,281,6166,0,110,8884,0,286,18866,0,196,10167,0,375,14245,0,459,66356,0,370,31693,0,502,66057,0,843,39283,0,762,37349,0,473,34929,0,279,30102,0,646,81597,0,683,65004,0,704,101240,0,791,76567,0,834,171523,0,2484,198251,0
-1.05176e+08,1,8.88811e-15,10,1023,0,1.05176e+08,0.528882,1.08665,0.389689,0.145397,0.379329,3.24381,0.161596,0.446195,1.77396,0.159177,1.15e+07,4.49998e+06,6.79999e+06,1.15e+07,4.49997e+06,6.79999e+06,1.15e+07,4.49996e+06,6.79999e+06,1.15e+07,4.49995e+06,6.79999e+06,1.14999e+07,4.49993e+06,6.79999e+06,1.14999e+07,4.49991e+06,6.79999e+06,1.14999e+07,4.49989e+06,6.79999e+06,1.14999e+07,4.49986e+06,6.79999e+06,1.14999e+07,4.49982e+06,6.79999e+06,1.14999e+07,4.49977e+06,6.79999e+06,1.14999e+07,4.49971e+06,6.79999e+06,1.14999e+07,4.49963e+06,6.79999e+06,1.14998e+07,4.49953e+06,6.79999e+06,1.14998e+07,4.49941e+06,6.79999e+06,1.14998e+07,4.49926e+06,6.79999e+06,1.14998e+07,4.49906e+06,6.79999e+06,1.14997e+07,4.49882e+06,6.79999e+06,1.14997e+07,4.49851e+06,6.79999e+06,1.14997e+07,4.49812e+06,6.79999e+06,1.14996e+07,4.49764e+06,6.79999e+06,1.14996e+07,4.49702e+06,6.79999e+06,1.14995e+07,4.49625e+06,6.79999e+06,1.14995e+07,4.49528e+06,6.79999e+06,1.14994e+07,4.49406e+06,6.79999e+06,1.14993e+07,4.49253e+06,6.79999e+06,1.14992e+07,4.49059e+06,6.79999e+06,1.14991e+07,4.48817e+06,6.79999e+06,1.1499e+07,4.48511e+06,6.79999e+06,1.14988e+07,4.48128e+06,6.79999e+06,1.14987e+07,4.47646e+06,6.79999e+06,1.14985e+07,4.47041e+06,6.79999e+06,1.14983e+07,4.46281e+06,6.79999e+06,1.14981e+07,4.4533e+06,6.79999e+06,1.14979e+07,4.44138e+06,6.79999e+06,1.14976e+07,4.42649e+06,6.79999e+06,1.14972e+07,4.40789e+06,6.79999e+06,1.14969e+07,4.38471e+06,6.79999e+06,1.14965e+07,4.35592e+06,6.79999e+06,1.1496e+07,4.32027e+06,6.79999e+06,1.14955e+07,4.27629e+06,6.79999e+06,1.14949e+07,4.22231e+06,6.79999e+06,1.14942e+07,4.15647e+06,6.79999e+06,1.14934e+07,4.07676e+06,6.79999e+06,1.14926e+07,3.98112e+06,6.79999e+06,1.14916e+07,3.86765e+06,6.79999e+06,1.14905e+07,3.73474e+06,6.79999e+06,1.14892e+07,3.58148e+06,6.79999e+06,1.14878e+07,3.40785e+06,6.79999e+06,1.14862e+07,3.21513e+06,6.79999e+06,1.14844e+07,3.00605e+06,6.79999e+06,1.14823e+07,2.7848e+06,6.79999e+06,1.148e+07,2.5568e+06,6.79999e+06,1.14773e+07,2.32825e+06,6.79999e+06,13.5742,8.52444,0.508366,16.8306,13.2585,0.162638,20.0035,17.569,0.0507846,23.2616,22.4214,0.0158319,26.7328,28.3297,0.00493498,30.5212,35.6974,0.00153831,34.7178,44.9473,0.000479527,39.4086,56.5822,0.000149456,44.6796,71.2245,4.66214e-05,50.6209,89.6543,1.45419e-05,57.3297,112.852,4.54748e-06,64.9129,142.051,1.43857e-06,73.4897,178.803,4.36618e-07,83.1934,225.062,1.40153e-07,94.1745,283.286,4.96378e-08,106.602,356.568,1.05434e-07,120.669,448.799,-6.49244e-08,136.59,564.873,1.70148e-07,154.611,710.948,-5.34594e-08,175.008,894.767,1.63407e-07,198.097,1126.06,8.04804e-08,224.231,1417.07,1.14667e-07,253.813,1783.15,-1.71227e-07,287.297,2243.62,-2.88466e-07,325.198,2822.67,-4.33651e-07,368.098,3550.67,7.9318e-08,416.657,4465.65,3.13319e-07,471.621,5615.16,3.4613e-07,533.835,7058.61,-1.19199e-07,604.255,8870.02,-2.79964e-07,683.962,11141.4,-2.30521e-07,774.182,13986.7,-2.55099e-07,876.299,17546.4,1.23585e-07,991.883,21993.1,1.41192e-07,1122.71,27536.7,-9.71886e-08,1270.78,34430.7,-3.68368e-07,1438.38,42977.7,-3.45379e-07,1628.07,53532.7,-3.25328e-09,1842.77,66504.6,2.6362e-07,2085.77,82350.2,2.53445e-07,2360.79,101560,-2.47407e-08,2672.05,124632,-3.80602e-07,3024.31,152018,-4.79005e-07,3422.98,184060,-1.14379e-07,3874.15,220884,2.64297e-07,4384.72,262283,3.44131e-07,4962.49,307576,7.5349e-08,5616.29,355497,-3.63097e-07,6356.1,404126,-6.05442e-07,7193.18,450932,-2.72333e-07,8140.28,492963,2.29675e-07,9211.79,527178,4.3387e-07,10424,550893,-1.0711e-07,10.102,8.06553,2.81012,10.6436,8.57909,0.869423,11.5336,10.2515,0.270869,12.7211,12.7138,0.0844293,14.1823,15.9373,0.0263173,15.9122,20.0383,0.0082035,17.9198,25.2154,0.00255722,20.2244,31.7373,0.000797017,22.8539,39.9486,0.000248622,25.8438,50.2851,7.75492e-05,29.237,63.2963,2.42508e-05,33.0837,79.6738,7.67162e-06,37.4415,100.288,2.32837e-06,42.3767,126.236,7.33e-07,47.9646,158.896,2.79256e-07,54.2906,200.003,9.87351e-09,61.452,251.741,1.61085e-07,69.5585,316.859,-2.47141e-07,78.7347,398.812,8.93552e-08,89.1218,501.948,-2.53231e-07,100.879,631.736,-1.25047e-07,114.188,795.049,-1.78808e-07,129.252,1000.53,2.6733e-07,146.304,1259.03,4.50292e-07,165.605,1584.19,6.76904e-07,187.452,1993.12,-1.23808e-07,212.181,2507.27,-4.89068e-07,240.173,3153.54,-5.40284e-07,271.856,3965.56,1.86061e-07,307.719,4985.38,4.37004e-07,348.313,6265.4,3.59828e-07,394.26,7870.83,3.98192e-07,446.268,9882.51,-1.92908e-07,505.135,12400.3,-2.20392e-07,571.766,15546.9,1.51705e-07,647.184,19472.2,5.74996e-07,732.547,24357.4,5.39112e-07,829.167,30420,5.07815e-09,938.526,37916.3,-4.11492e-07,1062.3,47143.9,-3.9561e-07,1202.4,58439.2,3.86185e-08,1360.96,72169.3,5.94093e-07,1540.42,88715.8,7.47693e-07,1743.53,108445,1.78537e-07,1973.41,131665,-4.12549e-07,2233.57,158557,-5.37164e-07,2528,189103,-1.17615e-07,2861.2,222986,5.66769e-07,3238.27,259510,9.45053e-07,3664.97,297540,4.25093e-07,4147.81,335497,-3.58506e-07,4694.17,371444,-6.7724e-07,5312.37,403256,1.67192e-07,1.61744,3.89446,9.84394,3.28846,7.5504,12.774,5.07607,11.7187,13.6844,7.03202,16.8147,13.9681,9.20215,23.1769,14.0566,11.6301,31.1672,14.0841,14.3598,41.2186,14.0927,17.4376,53.8688,14.0954,20.9137,69.7915,14.0962,24.8432,89.8341,14.0965,29.2879,115.063,14.0966,34.3168,146.819,14.0966,40.0078,186.792,14.0966,46.4487,237.107,14.0966,53.7388,300.44,14.0966,61.9903,380.158,14.0966,71.3301,480.499,14.0966,81.902,606.796,14.0966,93.8685,765.761,14.0966,107.414,965.837,14.0966,122.746,1217.65,14.0966,140.101,1534.57,14.0966,159.745,1933.41,14.0966,181.981,2435.3,14.0966,207.15,3066.85,14.0966,235.64,3861.46,14.0966,267.889,4861.11,14.0966,304.391,6118.54,14.0966,345.709,7699.91,14.0966,392.478,9688.22,14.0966,445.417,12187.5,14.0966,505.339,15327.7,14.0966,573.165,19271.6,14.0966,649.938,24222,14.0966,736.839,30430.9,14.0966,835.202,38211.5,14.0966,946.539,47950.3,14.0966,1072.56,60122.8,14.0966,1215.21,75309.9,14.0966,1376.66,94216.2,14.0966,1559.41,117688,14.0966,1766.26,146729,14.0966,2000.39,182510,14.0966,2265.39,226372,14.0966,2565.33,279806,14.0966,2904.81,344416,14.0966,3289.05,421845,14.0966,3723.93,513667,14.0966,4216.13,621231,14.0966,4773.18,745478,14.0966,5403.64,886744,14.0966,6117.15,1.04457e+06,14.0966,6924.63,1.2176e+06,14.0966,11.7194,11.96,12.6541,13.9321,16.1295,13.6434,16.6097,21.9702,13.9553,19.7532,29.5285,14.0526,23.3844,39.1143,14.0829,27.5423,51.2054,14.0923,32.2796,66.434,14.0953,37.662,85.6061,14.0962,43.7675,109.74,14.0965,50.687,140.119,14.0966,58.5249,178.359,14.0966,67.4005,226.493,14.0966,77.4493,287.08,14.0966,88.8254,363.343,14.0966,101.703,459.336,14.0966,116.281,580.161,14.0966,132.782,732.241,14.0966,151.46,923.655,14.0966,172.603,1164.57,14.0966,196.535,1467.79,14.0966,223.625,1849.39,14.0966,254.288,2329.62,14.0966,288.997,2933.93,14.0966,328.285,3694.33,14.0966,372.755,4651.04,14.0966,423.092,5854.57,14.0966,480.07,7368.38,14.0966,544.564,9272.08,14.0966,617.566,11665.5,14.0966,700.197,14673.6,14.0966,793.729,18452.9,14.0966,899.599,23198.6,14.0966,1019.43,29154.1,14.0966,1155.07,36622.3,14.0966,1308.6,45977.9,14.0966,1482.39,57683.7,14.0966,1679.09,72307.8,14.0966,1901.73,90542.8,14.0966,2153.73,113226,14.0966,2438.97,141360,14.0966,2761.81,176127,14.0966,3127.22,218898,14.0966,3540.81,271226,14.0966,4008.92,334817,14.0966,4538.74,411470,14.0966,5138.38,502973,14.0966,5817.04,610948,14.0966,6585.12,736653,14.0966,7454.39,880741,14.0966,8438.15,1.04302e+06,14.0966,9551.45,1.22224e+06,14.0966,10811.3,1.41602e+06,14.0966,12237,1.62086e+06,14.0966,11.7194,11.96,12.6541,2.21263,4.16949,0.989383,2.67766,5.84076,0.311842,3.14343,7.55825,0.0972771,3.63127,9.58578,0.0303237,4.15787,12.0912,0.00945211,4.73731,15.2286,0.00294633,5.38238,19.1721,0.000918508,6.10553,24.134,0.000286163,6.91951,30.3791,8.92692e-05,7.83792,38.2397,2.78121e-05,8.87555,48.1338,8.65134e-06,10.0489,60.5876,2.7882e-06,11.3761,76.2629,8.29036e-07,12.8779,95.9927,2.4373e-07,14.5775,120.825,4.33068e-09,16.5012,152.08,1.75749e-07,18.6784,191.415,-1.86328e-07,21.1428,240.917,1.91829e-07,23.9322,303.213,-1.81475e-07,27.0895,381.602,7.0186e-08,30.6634,480.231,-2.86769e-08,34.7087,604.316,2.40784e-07,39.2876,760.401,9.87368e-08,44.4705,956.705,1.22263e-07,50.3371,1203.54,-4.31966e-07,56.9776,1513.81,-1.9705e-07,64.494,1903.69,-2.763e-08,73.0018,2393.4,3.9185e-07,82.6317,3008.13,1.35379e-07,93.5318,3779.25,-4.16351e-08,105.869,4745.7,2.06965e-08,119.834,5955.6,-3.18887e-07,135.641,7468.12,-1.48271e-08,153.531,9355.62,2.00739e-07,173.781,11705.8,2.28358e-07,196.701,14624.1,-1.93587e-08,222.642,18235,-2.88101e-07,252.003,22683.4,-2.24732e-07,285.234,28134,8.56806e-09,322.845,34767,2.34258e-07,365.413,42770.9,2.99668e-07,413.588,52327.9,8.28644e-08,468.111,63591.2,-3.07049e-07,529.814,76653.2,-3.1888e-07,599.642,91502.5,-6.72276e-08,678.662,107975,2.26339e-07,768.083,125705,3.69212e-07,869.267,144088,2.04077e-07,983.76,162277,-2.80509e-07,1113.3,179223,-4.22737e-07,1259.87,193777,-1.71951e-07,1425.68,204839,4.55555e-07,11.7194,11.96,12.6541,2.21263,4.16949,0.989383,2.67766,5.84076,0.311842,3.14343,7.55825,0.0972771,3.63127,9.58578,0.0303237,4.15787,12.0912,0.00945211,4.73731,15.2286,0.00294633,5.38238,19.1721,0.000918508,6.10553,24.134,0.000286163,6.91951,30.3791,8.92692e-05,7.83792,38.2397,2.78121e-05,8.87555,48.1338,8.65134e-06,10.0489,60.5876,2.7882e-06,11.3761,76.2629,8.29036e-07,12.8779,95.9927,2.4373e-07,14.5775,120.825,1e-08,16.5012,152.08,1.75749e-07,18.6784,191.415,1e-08,21.1428,240.917,1.91829e-07,23.9322,303.213,1e-08,27.0895,381.602,7.0186e-08,30.6634,480.231,1e-08,34.7087,604.316,2.40784e-07,39.2876,760.401,9.87368e-08,44.4705,956.705,1.22263e-07,50.3371,1203.54,1e-08,56.9776,1513.81,1e-08,64.494,1903.69,1e-08,73.0018,2393.4,3.9185e-07,82.6317,3008.13,1.35379e-07,93.5318,3779.25,1e-08,105.869,4745.7,2.06965e-08,119.834,5955.6,1e-08,135.641,7468.12,1e-08,153.531,9355.62,2.00739e-07,173.781,11705.8,2.28358e-07,196.701,14624.1,1e-08,222.642,18235,1e-08,252.003,22683.4,1e-08,285.234,28134,1e-08,322.845,34767,2.34258e-07,365.413,42770.9,2.99668e-07,413.588,52327.9,8.28644e-08,468.111,63591.2,1e-08,529.814,76653.2,1e-08,599.642,91502.5,1e-08,678.662,107975,2.26339e-07,768.083,125705,3.69212e-07,869.267,144088,2.04077e-07,983.76,162277,1e-08,1113.3,179223,1e-08,1259.87,193777,1e-08,1425.68,204839,4.55555e-07,6.2823,3.27286,2.43537,0.219672,6.18826,2.24117,0.56371,6.87772,2.63624,0.308279,9,17,9,2,9,2,0,3,0,3,6,0,5,7,0,9,10,0,4,14,0,0,19,0,5,38,0,6,17,0,16,26,0,4,30,0,14,13,0,7,65,0,12,141,0,22,184,0,12,70,0,24,231,0,50,205,0,11,136,0,21,587,0,41,718,0,58,440,0,65,617,0,21,400,0,38,1690,0,64,1981,0,96,1643,0,37,2095,0,33,2681,0,83,4917,0,42,5176,0,162,8718,0,80,11669,0,176,6700,0,236,9800,0,169,17458,0,243,15205,0,166,42746,0,240,27700,0,260,46533,0,495,13333,0,379,44772,0,396,31297,0,783,96373,0,893,170004,0,770,90660,0,904,134278,0,909,218494,0,751,125432,0,552,111385,0,989,110847,0,748,237419,0
-1.05176e+08,1,8.88811e-15,10,1023,0,1.05176e+08,0.528882,1.08665,0.389689,0.145397,0.379329,3.24381,0.161596,0.446195,1.77396,0.159177,1.15e+07,4.49998e+06,6.79999e+06,1.15e+07,4.49997e+06,6.79999e+06,1.15e+07,4.49996e+06,6.79999e+06,1.15e+07,4.49995e+06,6.79999e+06,1.14999e+07,4.49993e+06,6.79999e+06,1.14999e+07,4.49991e+06,6.79999e+06,1.14999e+07,4.49989e+06,6.79999e+06,1.14999e+07,4.49986e+06,6.79999e+06,1.14999e+07,4.49982e+06,6.79999e+06,1.14999e+07,4.49977e+06,6.79999e+06,1.14999e+07,4.49971e+06,6.79999e+06,1.14999e+07,4.49963e+06,6.79999e+06,1.14998e+07,4.49953e+06,6.79999e+06,1.14998e+07,4.49941e+06,6.79999e+06,1.14998e+07,4.49926e+06,6.79999e+06,1.14998e+07,4.49906e+06,6.79999e+06,1.14997e+07,4.49882e+06,6.79999e+06,1.14997e+07,4.49851e+06,6.79999e+06,1.14997e+07,4.49812e+06,6.79999e+06,1.14996e+07,4.49764e+06,6.79999e+06,1.14996e+07,4.49702e+06,6.79999e+06,1.14995e+07,4.49625e+06,6.79999e+06,1.14995e+07,4.49528e+06,6.79999e+06,1.14994e+07,4.49406e+06,6.79999e+06,1.14993e+07,4.49253e+06,6.79999e+06,1.14992e+07,4.49059e+06,6.79999e+06,1.14991e+07,4.48817e+06,6.79999e+06,1.1499e+07,4.48511e+06,6.79999e+06,1.14988e+07,4.48128e+06,6.79999e+06,1.14987e+07,4.47646e+06,6.79999e+06,1.14985e+07,4.47041e+06,6.79999e+06,1.14983e+07,4.46281e+06,6.79999e+06,1.14981e+07,4.4533e+06,6.79999e+06,1.14979e+07,4.44138e+06,6.79999e+06,1.14976e+07,4.42649e+06,6.79999e+06,1.14972e+07,4.40789e+06,6.79999e+06,1.14969e+07,4.38471e+06,6.79999e+06,1.14965e+07,4.35592e+06,6.79999e+06,1.1496e+07,4.32027e+06,6.79999e+06,1.14955e+07,4.27629e+06,6.79999e+06,1.14949e+07,4.22231e+06,6.79999e+06,1.14942e+07,4.15647e+06,6.79999e+06,1.14934e+07,4.07676e+06,6.79999e+06,1.14926e+07,3.98112e+06,6.79999e+06,1.14916e+07,3.86765e+06,6.79999e+06,1.14905e+07,3.73474e+06,6.79999e+06,1.14892e+07,3.58148e+06,6.79999e+06,1.14878e+07,3.40785e+06,6.79999e+06,1.14862e+07,3.21513e+06,6.79999e+06,1.14844e+07,3.00605e+06,6.79999e+06,1.14823e+07,2.7848e+06,6.79999e+06,1.148e+07,2.5568e+06,6.79999e+06,1.14773e+07,2.32825e+06,6.79999e+06,13.5742,8.52444,0.508366,16.8306,13.2585,0.162638,20.0035,17.569,0.0507846,23.2616,22.4214,0.0158319,26.7328,28.3297,0.00493498,30.5212,35.6974,0.00153831,34.7178,44.9473,0.000479527,39.4086,56.5822,0.000149456,44.6796,71.2245,4.66214e-05,50.6209,89.6543,1.45419e-05,57.3297,112.852,4.54748e-06,64.9129,142.051,1.43857e-06,73.4897,178.803,4.36618e-07,83.1934,225.062,1.40153e-07,94.1745,283.286,4.96378e-08,106.602,356.568,1.05434e-07,120.669,448.799,-6.49244e-08,136.59,564.873,1.70148e-07,154.611,710.948,-5.34594e-08,175.008,894.767,1.63407e-07,198.097,1126.06,8.04804e-08,224.231,1417.07,1.14667e-07,253.813,1783.15,-1.71227e-07,287.297,2243.62,-2.88466e-07,325.198,2822.67,-4.33651e-07,368.098,3550.67,7.9318e-08,416.657,4465.65,3.13319e-07,471.621,5615.16,3.4613e-07,533.835,7058.61,-1.19199e-07,604.255,8870.02,-2.79964e-07,683.962,11141.4,-2.30521e-07,774.182,13986.7,-2.55099e-07,876.299,17546.4,1.23585e-07,991.883,21993.1,1.41192e-07,1122.71,27536.7,-9.71886e-08,1270.78,34430.7,-3.68368e-07,1438.38,42977.7,-3.45379e-07,1628.07,53532.7,-3.25328e-09,1842.77,66504.6,2.6362e-07,2085.77,82350.2,2.53445e-07,2360.79,101560,-2.47407e-08,2672.05,124632,-3.80602e-07,3024.31,152018,-4.79005e-07,3422.98,184060,-1.14379e-07,3874.15,220884,2.64297e-07,4384.72,262283,3.44131e-07,4962.49,307576,7.5349e-08,5616.29,355497,-3.63097e-07,6356.1,404126,-6.05442e-07,7193.18,450932,-2.72333e-07,8140.28,492963,2.29675e-07,9211.79,527178,4.3387e-07,10424,550893,-1.0711e-07,10.102,8.06553,2.81012,10.6436,8.57909,0.869423,11.5336,10.2515,0.270869,12.7211,12.7138,0.0844293,14.1823,15.9373,0.0263173,15.9122,20.0383,0.0082035,17.9198,25.2154,0.00255722,20.2244,31.7373,0.000797017,22.8539,39.9486,0.000248622,25.8438,50.2851,7.75492e-05,29.237,63.2963,2.42508e-05,33.0837,79.6738,7.67162e-06,37.4415,100.288,2.32837e-06,42.3767,126.236,7.33e-07,47.9646,158.896,2.79256e-07,54.2906,200.003,9.87351e-09,61.452,251.741,1.61085e-07,69.5585,316.859,-2.47141e-07,78.7347,398.812,8.93552e-08,89.1218,501.948,-2.53231e-07,100.879,631.736,-1.25047e-07,114.188,795.049,-1.78808e-07,129.252,1000.53,2.6733e-07,146.304,1259.03,4.50292e-07,165.605,1584.19,6.76904e-07,187.452,1993.12,-1.23808e-07,212.181,2507.27,-4.89068e-07,240.173,3153.54,-5.40284e-07,271.856,3965.56,1.86061e-07,307.719,4985.38,4.37004e-07,348.313,6265.4,3.59828e-07,394.26,7870.83,3.98192e-07,446.268,9882.51,-1.92908e-07,505.135,12400.3,-2.20392e-07,571.766,15546.9,1.51705e-07,647.184,19472.2,5.74996e-07,732.547,24357.4,5.39112e-07,829.167,30420,5.07815e-09,938.526,37916.3,-4.11492e-07,1062.3,47143.9,-3.9561e-07,1202.4,58439.2,3.86185e-08,1360.96,72169.3,5.94093e-07,1540.42,88715.8,7.47693e-07,1743.53,108445,1.78537e-07,1973.41,131665,-4.12549e-07,2233.57,158557,-5.37164e-07,2528,189103,-1.17615e-07,2861.2,222986,5.66769e-07,3238.27,259510,9.45053e-07,3664.97,297540,4.25093e-07,4147.81,335497,-3.58506e-07,4694.17,371444,-6.7724e-07,5312.37,403256,1.67192e-07,1.61744,3.89446,9.84394,3.28846,7.5504,12.774,5.07607,11.7187,13.6844,7.03202,16.8147,13.9681,9.20215,23.1769,14.0566,11.6301,31.1672,14.0841,14.3598,41.2186,14.0927,17.4376,53.8688,14.0954,20.9137,69.7915,14.0962,24.8432,89.8341,14.0965,29.2879,115.063,14.0966,34.3168,146.819,14.0966,40.0078,186.792,14.0966,46.4487,237.107,14.0966,53.7388,300.44,14.0966,61.9903,380.158,14.0966,71.3301,480.499,14.0966,81.902,606.796,14.0966,93.8685,765.761,14.0966,107.414,965.837,14.0966,122.746,1217.65,14.0966,140.101,1534.57,14.0966,159.745,1933.41,14.0966,181.981,2435.3,14.0966,207.15,3066.85,14.0966,235.64,3861.46,14.0966,267.889,4861.11,14.0966,304.391,6118.54,14.0966,345.709,7699.91,14.0966,392.478,9688.22,14.0966,445.417,12187.5,14.0966,505.339,15327.7,14.0966,573.165,19271.6,14.0966,649.938,24222,14.0966,736.839,30430.9,14.0966,835.202,38211.5,14.0966,946.539,47950.3,14.0966,1072.56,60122.8,14.0966,1215.21,75309.9,14.0966,1376.66,94216.2,14.0966,1559.41,117688,14.0966,1766.26,146729,14.0966,2000.39,182510,14.0966,2265.39,226372,14.0966,2565.33,279806,14.0966,2904.81,344416,14.0966,3289.05,421845,14.0966,3723.93,513667,14.0966,4216.13,621231,14.0966,4773.18,745478,14.0966,5403.64,886744,14.0966,6117.15,1.04457e+06,14.0966,6924.63,1.2176e+06,14.0966,11.7194,11.96,12.6541,13.9321,16.1295,13.6434,16.6097,21.9702,13.9553,19.7532,29.5285,14.0526,23.3844,39.1143,14.0829,27.5423,51.2054,14.0923,32.2796,66.434,14.0953,37.662,85.6061,14.0962,43.7675,109.74,14.0965,50.687,140.119,14.0966,58.5249,178.359,14.0966,67.4005,226.493,14.0966,77.4493,287.08,14.0966,88.8254,363.343,14.0966,101.703,459.336,14.0966,116.281,580.161,14.0966,132.782,732.241,14.0966,151.46,923.655,14.0966,172.603,1164.57,14.0966,196.535,1467.79,14.0966,223.625,1849.39,14.0966,254.288,2329.62,14.0966,288.997,2933.93,14.0966,328.285,3694.33,14.0966,372.755,4651.04,14.0966,423.092,5854.57,14.0966,480.07,7368.38,14.0966,544.564,9272.08,14.0966,617.566,11665.5,14.0966,700.197,14673.6,14.0966,793.729,18452.9,14.0966,899.599,23198.6,14.0966,1019.43,29154.1,14.0966,1155.07,36622.3,14.0966,1308.6,45977.9,14.0966,1482.39,57683.7,14.0966,1679.09,72307.8,14.0966,1901.73,90542.8,14.0966,2153.73,113226,14.0966,2438.97,141360,14.0966,2761.81,176127,14.0966,3127.22,218898,14.0966,3540.81,271226,14.0966,4008.92,334817,14.0966,4538.74,411470,14.0966,5138.38,502973,14.0966,5817.04,610948,14.0966,6585.12,736653,14.0966,7454.39,880741,14.0966,8438.15,1.04302e+06,14.0966,9551.45,1.22224e+06,14.0966,10811.3,1.41602e+06,14.0966,12237,1.62086e+06,14.0966,11.7194,11.96,12.6541,2.21263,4.16949,0.989383,2.67766,5.84076,0.311842,3.14343,7.55825,0.0972771,3.63127,9.58578,0.0303237,4.15787,12.0912,0.00945211,4.73731,15.2286,0.00294633,5.38238,19.1721,0.000918508,6.10553,24.134,0.000286163,6.91951,30.3791,8.92692e-05,7.83792,38.2397,2.78121e-05,8.87555,48.1338,8.65134e-06,10.0489,60.5876,2.7882e-06,11.3761,76.2629,8.29036e-07,12.8779,95.9927,2.4373e-07,14.5775,120.825,4.33068e-09,16.5012,152.08,1.75749e-07,18.6784,191.415,-1.86328e-07,21.1428,240.917,1.91829e-07,23.9322,303.213,-1.81475e-07,27.0895,381.602,7.0186e-08,30.6634,480.231,-2.86769e-08,34.7087,604.316,2.40784e-07,39.2876,760.401,9.87368e-08,44.4705,956.705,1.22263e-07,50.3371,1203.54,-4.31966e-07,56.9776,1513.81,-1.9705e-07,64.494,1903.69,-2.763e-08,73.0018,2393.4,3.9185e-07,82.6317,3008.13,1.35379e-07,93.5318,3779.25,-4.16351e-08,105.869,4745.7,2.06965e-08,119.834,5955.6,-3.18887e-07,135.641,7468.12,-1.48271e-08,153.531,9355.62,2.00739e-07,173.781,11705.8,2.28358e-07,196.701,14624.1,-1.93587e-08,222.642,18235,-2.88101e-07,252.003,22683.4,-2.24732e-07,285.234,28134,8.56806e-09,322.845,34767,2.34258e-07,365.413,42770.9,2.99668e-07,413.588,52327.9,8.28644e-08,468.111,63591.2,-3.07049e-07,529.814,76653.2,-3.1888e-07,599.642,91502.5,-6.72276e-08,678.662,107975,2.26339e-07,768.083,125705,3.69212e-07,869.267,144088,2.04077e-07,983.76,162277,-2.80509e-07,1113.3,179223,-4.22737e-07,1259.87,193777,-1.71951e-07,1425.68,204839,4.55555e-07,11.7194,11.96,12.6541,2.21263,4.16949,0.989383,2.67766,5.84076,0.311842,3.14343,7.55825,0.0972771,3.63127,9.58578,0.0303237,4.15787,12.0912,0.00945211,4.73731,15.2286,0.00294633,5.38238,19.1721,0.000918508,6.10553,24.134,0.000286163,6.91951,30.3791,8.92692e-05,7.83792,38.2397,2.78121e-05,8.87555,48.1338,8.65134e-06,10.0489,60.5876,2.7882e-06,11.3761,76.2629,8.29036e-07,12.8779,95.9927,2.4373e-07,14.5775,120.825,1e-08,16.5012,152.08,1.75749e-07,18.6784,191.415,1e-08,21.1428,240.917,1.91829e-07,23.9322,303.213,1e-08,27.0895,381.602,7.0186e-08,30.6634,480.231,1e-08,34.7087,604.316,2.40784e-07,39.2876,760.401,9.87368e-08,44.4705,956.705,1.22263e-07,50.3371,1203.54,1e-08,56.9776,1513.81,1e-08,64.494,1903.69,1e-08,73.0018,2393.4,3.9185e-07,82.6317,3008.13,1.35379e-07,93.5318,3779.25,1e-08,105.869,4745.7,2.06965e-08,119.834,5955.6,1e-08,135.641,7468.12,1e-08,153.531,9355.62,2.00739e-07,173.781,11705.8,2.28358e-07,196.701,14624.1,1e-08,222.642,18235,1e-08,252.003,22683.4,1e-08,285.234,28134,1e-08,322.845,34767,2.34258e-07,365.413,42770.9,2.99668e-07,413.588,52327.9,8.28644e-08,468.111,63591.2,1e-08,529.814,76653.2,1e-08,599.642,91502.5,1e-08,678.662,107975,2.26339e-07,768.083,125705,3.69212e-07,869.267,144088,2.04077e-07,983.76,162277,1e-08,1113.3,179223,1e-08,1259.87,193777,1e-08,1425.68,204839,4.55555e-07,6.2823,3.27286,2.43537,0.219672,6.18826,2.24117,0.56371,6.87772,2.63624,0.308279,4,10,19,2,0,1,8,9,0,1,7,1,2,9,0,1,13,0,4,11,0,2,25,0,3,25,0,3,8,0,4,42,0,5,69,0,9,24,0,11,124,0,15,105,0,18,74,0,14,104,0,25,202,0,12,146,0,18,333,0,28,492,0,19,750,0,36,450,0,45,155,0,24,1140,0,51,562,0,39,1678,0,70,1790,0,84,1918,0,56,2682,0,50,1876,0,26,4680,0,47,4084,0,124,10748,0,69,12023,0,256,9878,0,282,23379,0,268,21624,0,131,22974,0,285,22009,0,232,44946,0,261,24755,0,287,37396,0,307,67366,0,656,38352,0,534,104195,0,1559,226341,0,737,125869,0,510,57700,0,752,144116,0,2727,163863,0,859,235578,0,887,170977,0
-1.05176e+08,1,8.88811e-15,10,1023,0,1.05176e+08,0.528882,1.08665,0.389689,0.145397,0.379329,3.24381,0.161596,0.446195,1.77396,0.159177,1.15e+07,4.49998e+06,6.79999e+06,1.15e+07,4.49997e+06,6.79999e+06,1.15e+07,4.49996e+06,6.79999e+06,1.15e+07,4.49995e+06,6.79999e+06,1.14999e+07,4.49993e+06,6.79999e+06,1.14999e+07,4.49991e+06,6.79999e+06,1.14999e+07,4.49989e+06,6.79999e+06,1.14999e+07,4.49986e+06,6.79999e+06,1.14999e+07,4.49982e+06,6.79999e+06,1.14999e+07,4.49977e+06,6.79999e+06,1.14999e+07,4.49971e+06,6.79999e+06,1.14999e+07,4.49963e+06,6.79999e+06,1.14998e+07,4.49953e+06,6.79999e+06,1.14998e+07,4.49941e+06,6.79999e+06,1.14998e+07,4.49926e+06,6.79999e+06,1.14998e+07,4.49906e+06,6.79999e+06,1.14997e+07,4.49882e+06,6.79999e+06,1.14997e+07,4.49851e+06,6.79999e+06,1.14997e+07,4.49812e+06,6.79999e+06,1.14996e+07,4.49764e+06,6.79999e+06,1.14996e+07,4.49702e+06,6.79999e+06,1.14995e+07,4.49625e+06,6.79999e+06,1.14995e+07,4.49528e+06,6.79999e+06,1.14994e+07,4.49406e+06,6.79999e+06,1.14993e+07,4.49253e+06,6.79999e+06,1.14992e+07,4.49059e+06,6.79999e+06,1.14991e+07,4.48817e+06,6.79999e+06,1.1499e+07,4.48511e+06,6.79999e+06,1.14988e+07,4.48128e+06,6.79999e+06,1.14987e+07,4.47646e+06,6.79999e+06,1.14985e+07,4.47041e+06,6.79999e+06,1.14983e+07,4.46281e+06,6.79999e+06,1.14981e+07,4.4533e+06,6.79999e+06,1.14979e+07,4.44138e+06,6.79999e+06,1.14976e+07,4.42649e+06,6.79999e+06,1.14972e+07,4.40789e+06,6.79999e+06,1.14969e+07,4.38471e+06,6.79999e+06,1.14965e+07,4.35592e+06,6.79999e+06,1.1496e+07,4.32027e+06,6.79999e+06,1.14955e+07,4.27629e+06,6.79999e+06,1.14949e+07,4.22231e+06,6.79999e+06,1.14942e+07,4.15647e+06,6.79999e+06,1.14934e+07,4.07676e+06,6.79999e+06,1.14926e+07,3.98112e+06,6.79999e+06,1.14916e+07,3.86765e+06,6.79999e+06,1.14905e+07,3.73474e+06,6.79999e+06,1.14892e+07,3.58148e+06,6.79999e+06,1.14878e+07,3.40785e+06,6.79999e+06,1.14862e+07,3.21513e+06,6.79999e+06,1.14844e+07,3.00605e+06,6.79999e+06,1.14823e+07,2.7848e+06,6.79999e+06,1.148e+07,2.5568e+06,6.79999e+06,1.14773e+07,2.32825e+06,6.79999e+06,13.5742,8.52444,0.508366,16.8306,13.2585,0.162638,20.0035,17.569,0.0507846,23.2616,22.4214,0.0158319,26.7328,28.3297,0.00493498,30.5212,35.6974,0.00153831,34.7178,44.9473,0.000479527,39.4086,56.5822,0.000149456,44.6796,71.2245,4.66214e-05,50.6209,89.6543,1.45419e-05,57.3297,112.852,4.54748e-06,64.9129,142.051,1.43857e-06,73.4897,178.803,4.36618e-07,83.1934,225.062,1.40153e-07,94.1745,283.286,4.96378e-08,106.602,356.568,1.05434e-07,120.669,448.799,-6.49244e-08,136.59,564.873,1.70148e-07,154.611,710.948,-5.34594e-08,175.008,894.767,1.63407e-07,198.097,1126.06,8.04804e-08,224.231,1417.07,1.14667e-07,253.813,1783.15,-1.71227e-07,287.297,2243.62,-2.88466e-07,325.198,2822.67,-4.33651e-07,368.098,3550.67,7.9318e-08,416.657,4465.65,3.13319e-07,471.621,5615.16,3.4613e-07,533.835,7058.61,-1.19199e-07,604.255,8870.02,-2.79964e-07,683.962,11141.4,-2.30521e-07,774.182,13986.7,-2.55099e-07,876.299,17546.4,1.23585e-07,991.883,21993.1,1.41192e-07,1122.71,27536.7,-9.71886e-08,1270.78,34430.7,-3.68368e-07,1438.38,42977.7,-3.45379e-07,1628.07,53532.7,-3.25328e-09,1842.77,66504.6,2.6362e-07,2085.77,82350.2,2.53445e-07,2360.79,101560,-2.47407e-08,2672.05,124632,-3.80602e-07,3024.31,152018,-4.79005e-07,3422.98,184060,-1.14379e-07,3874.15,220884,2.64297e-07,4384.72,262283,3.44131e-07,4962.49,307576,7.5349e-08,5616.29,355497,-3.63097e-07,6356.1,404126,-6.05442e-07,7193.18,450932,-2.72333e-07,8140.28,492963,2.29675e-07,9211.79,527178,4.3387e-07,10424,550893,-1.0711e-07,10.102,8.06553,2.81012,10.6436,8.57909,0.869423,11.5336,10.2515,0.270869,12.7211,12.7138,0.0844293,14.1823,15.9373,0.0263173,15.9122,20.0383,0.0082035,17.9198,25.2154,0.00255722,20.2244,31.7373,0.000797017,22.8539,39.9486,0.000248622,25.8438,50.2851,7.75492e-05,29.237,63.2963,2.42508e-05,33.0837,79.6738,7.67162e-06,37.4415,100.288,2.32837e-06,42.3767,126.236,7.33e-07,47.9646,158.896,2.79256e-07,54.2906,200.003,9.87351e-09,61.452,251.741,1.61085e-07,69.5585,316.859,-2.47141e-07,78.7347,398.812,8.93552e-08,89.1218,501.948,-2.53231e-07,100.879,631.736,-1.25047e-07,114.188,795.049,-1.78808e-07,129.252,1000.53,2.6733e-07,146.304,1259.03,4.50292e-07,165.605,1584.19,6.76904e-07,187.452,1993.12,-1.23808e-07,212.181,2507.27,-4.89068e-07,240.173,3153.54,-5.40284e-07,271.856,3965.56,1.86061e-07,307.719,4985.38,4.37004e-07,348.313,6265.4,3.59828e-07,394.26,7870.83,3.98192e-07,446.268,9882.51,-1.92908e-07,505.135,12400.3,-2.20392e-07,571.766,15546.9,1.51705e-07,647.184,19472.2,5.74996e-07,732.547,24357.4,5.39112e-07,829.167,30420,5.07815e-09,938.526,37916.3,-4.11492e-07,1062.3,47143.9,-3.9561e-07,1202.4,58439.2,3.86185e-08,1360.96,72169.3,5.94093e-07,1540.42,88715.8,7.47693e-07,1743.53,108445,1.78537e-07,1973.41,131665,-4.12549e-07,2233.57,158557,-5.37164e-07,2528,189103,-1.17615e-07,2861.2,222986,5.66769e-07,3238.27,259510,9.45053e-07,3664.97,297540,4.25093e-07,4147.81,335497,-3.58506e-07,4694.17,371444,-6.7724e-07,5312.37,403256,1.67192e-07,1.61744,3.89446,9.84394,3.28846,7.5504,12.774,5.07607,11.7187,13.6844,7.03202,16.8147,13.9681,9.20215,23.1769,14.0566,11.6301,31.1672,14.0841,14.3598,41.2186,14.0927,17.4376,53.8688,14.0954,20.9137,69.7915,14.0962,24.8432,89.8341,14.0965,29.2879,115.063,14.0966,34.3168,146.819,14.0966,40.0078,186.792,14.0966,46.4487,237.107,14.0966,53.7388,300.44,14.0966,61.9903,380.158,14.0966,71.3301,480.499,14.0966,81.902,606.796,14.0966,93.8685,765.761,14.0966,107.414,965.837,14.0966,122.746,1217.65,14.0966,140.101,1534.57,14.0966,159.745,1933.41,14.0966,181.981,2435.3,14.0966,207.15,3066.85,14.0966,235.64,3861.46,14.0966,267.889,4861.11,14.0966,304.391,6118.54,14.0966,345.709,7699.91,14.0966,392.478,9688.22,14.0966,445.417,12187.5,14.0966,505.339,15327.7,14.0966,573.165,19271.6,14.0966,649.938,24222,14.0966,736.839,30430.9,14.0966,835.202,38211.5,14.0966,946.539,47950.3,14.0966,1072.56,60122.8,14.0966,1215.21,75309.9,14.0966,1376.66,94216.2,14.0966,1559.41,117688,14.0966,1766.26,146729,14.0966,2000.39,182510,14.0966,2265.39,226372,14.0966,2565.33,279806,14.0966,2904.81,344416,14.0966,3289.05,421845,14.0966,3723.93,513667,14.0966,4216.13,621231,14.0966,4773.18,745478,14.0966,5403.64,886744,14.0966,6117.15,1.04457e+06,14.0966,6924.63,1.2176e+06,14.0966,11.7194,11.96,12.6541,13.9321,16.1295,13.6434,16.6097,21.9702,13.9553,19.7532,29.5285,14.0526,23.3844,39.1143,14.0829,27.5423,51.2054,14.0923,32.2796,66.434,14.0953,37.662,85.6061,14.0962,43.7675,109.74,14.0965,50.687,140.119,14.0966,58.5249,178.359,14.0966,67.4005,226.493,14.0966,77.4493,287.08,14.0966,88.8254,363.343,14.0966,101.703,459.336,14.0966,116.281,580.161,14.0966,132.782,732.241,14.0966,151.46,923.655,14.0966,172.603,1164.57,14.0966,196.535,1467.79,14.0966,223.625,1849.39,14.0966,254.288,2329.62,14.0966,288.997,2933.93,14.0966,328.285,3694.33,14.0966,372.755,4651.04,14.0966,423.092,5854.57,14.0966,480.07,7368.38,14.0966,544.564,9272.08,14.0966,617.566,11665.5,14.0966,700.197,14673.6,14.0966,793.729,18452.9,14.0966,899.599,23198.6,14.0966,1019.43,29154.1,14.0966,1155.07,36622.3,14.0966,1308.6,45977.9,14.0966,1482.39,57683.7,14.0966,1679.09,72307.8,14.0966,1901.73,90542.8,14.0966,2153.73,113226,14.0966,2438.97,141360,14.0966,2761.81,176127,14.0966,3127.22,218898,14.0966,3540.81,271226,14.0966,4008.92,334817,14.0966,4538.74,411470,14.0966,5138.38,502973,14.0966,5817.04,610948,14.0966,6585.12,736653,14.0966,7454.39,880741,14.0966,8438.15,1.04302e+06,14.0966,9551.45,1.22224e+06,14.0966,10811.3,1.41602e+06,14.0966,12237,1.62086e+06,14.0966,11.7194,11.96,12.6541,2.21263,4.16949,0.989383,2.67766,5.84076,0.311842,3.14343,7.55825,0.0972771,3.63127,9.58578,0.0303237,4.15787,12.0912,0.00945211,4.73731,15.2286,0.00294633,5.38238,19.1721,0.000918508,6.10553,24.134,0.000286163,6.91951,30.3791,8.92692e-05,7.83792,38.2397,2.78121e-05,8.87555,48.1338,8.65134e-06,10.0489,60.5876,2.7882e-06,11.3761,76.2629,8.29036e-07,12.8779,95.9927,2.4373e-07,14.5775,120.825,4.33068e-09,16.5012,152.08,1.75749e-07,18.6784,191.415,-1.86328e-07,21.1428,240.917,1.91829e-07,23.9322,303.213,-1.81475e-07,27.0895,381.602,7.0186e-08,30.6634,480.231,-2.86769e-08,34.7087,604.316,2.40784e-07,39.2876,760.401,9.87368e-08,44.4705,956.705,1.22263e-07,50.3371,1203.54,-4.31966e-07,56.9776,1513.81,-1.9705e-07,64.494,1903.69,-2.763e-08,73.0018,2393.4,3.9185e-07,82.6317,3008.13,1.35379e-07,93.5318,3779.25,-4.16351e-08,105.869,4745.7,2.06965e-08,119.834,5955.6,-3.18887e-07,135.641,7468.12,-1.48271e-08,153.531,9355.62,2.00739e-07,173.781,11705.8,2.28358e-07,196.701,14624.1,-1.93587e-08,222.642,18235,-2.88101e-07,252.003,22683.4,-2.24732e-07,285.234,28134,8.56806e-09,322.845,34767,2.34258e-07,365.413,42770.9,2.99668e-07,413.588,52327.9,8.28644e-08,468.111,63591.2,-3.07049e-07,529.814,76653.2,-3.1888e-07,599.642,91502.5,-6.72276e-08,678.662,107975,2.26339e-07,768.083,125705,3.69212e-07,869.267,144088,2.04077e-07,983.76,162277,-2.80509e-07,1113.3,179223,-4.22737e-07,1259.87,193777,-1.71951e-07,1425.68,204839,4.55555e-07,11.7194,11.96,12.6541,2.21263,4.16949,0.989383,2.67766,5.84076,0.311842,3.14343,7.55825,0.0972771,3.63127,9.58578,0.0303237,4.15787,12.0912,0.00945211,4.73731,15.2286,0.00294633,5.38238,19.1721,0.000918508,6.10553,24.134,0.000286163,6.91951,30.3791,8.92692e-05,7.83792,38.2397,2.78121e-05,8.87555,48.1338,8.65134e-06,10.0489,60.5876,2.7882e-06,11.3761,76.2629,8.29036e-07,12.8779,95.9927,2.4373e-07,14.5775,120.825,1e-08,16.5012,152.08,1.75749e-07,18.6784,191.415,1e-08,21.1428,240.917,1.91829e-07,23.9322,303.213,1e-08,27.0895,381.602,7.0186e-08,30.6634,480.231,1e-08,34.7087,604.316,2.40784e-07,39.2876,760.401,9.87368e-08,44.4705,956.705,1.22263e-07,50.3371,1203.54,1e-08,56.9776,1513.81,1e-08,64.494,1903.69,1e-08,73.0018,2393.4,3.9185e-07,82.6317,3008.13,1.35379e-07,93.5318,3779.25,1e-08,105.869,4745.7,2.06965e-08,119.834,5955.6,1e-08,135.641,7468.12,1e-08,153.531,9355.62,2.00739e-07,173.781,11705.8,2.28358e-07,196.701,14624.1,1e-08,222.642,18235,1e-08,252.003,22683.4,1e-08,285.234,28134,1e-08,322.845,34767,2.34258e-07,365.413,42770.9,2.99668e-07,413.588,52327.9,8.28644e-08,468.111,63591.2,1e-08,529.814,76653.2,1e-08,599.642,91502.5,1e-08,678.662,107975,2.26339e-07,768.083,125705,3.69212e-07,869.267,144088,2.04077e-07,983.76,162277,1e-08,1113.3,179223,1e-08,1259.87,193777,1e-08,1425.68,204839,4.55555e-07,6.2823,3.27286,2.43537,0.219672,6.18826,2.24117,0.56371,6.87772,2.63624,0.308279,8,6,14,3,12,3,2,0,1,1,6,0,2,9,0,3,11,0,8,18,0,0,26,0,10,25,0,10,48,0,4,53,0,17,40,0,12,63,0,9,57,0,4,180,0,5,65,0,17,189,0,22,198,0,14,142,0,28,467,0,11,305,0,39,336,0,27,487,0,36,597,0,56,1220,0,75,1245,0,14,696,0,69,1889,0,48,1373,0,103,2955,0,88,3155,0,63,4661,0,59,3422,0,188,5678,0,134,15088,0,342,4790,0,185,22210,0,429,20785,0,283,20668,0,212,33896,0,329,26052,0,468,20314,0,559,60821,0,468,58790,0,528,80354,0,1072,120657,0,326,107801,0,1045,151692,0,1345,91057,0,891,176738,0,902,260990,0,1993,389423,0,1161,179435,0
-1.05176e+08,1,8.88811e-15,10,1023,0,1.05176e+08,0.528882,1.08665,0.389689,0.145397,0.379329,3.24381,0.161596,0.446195,1.77396,0.159177,1.15e+07,4.49998e+06,6.79999e+06,1.15e+07,4.49997e+06,6.79999e+06,1.15e+07,4.49996e+06,6.79999e+06,1.15e+07,4.49995e+06,6.79999e+06,1.14999e+07,4.49993e+06,6.79999e+06,1.14999e+07,4.49991e+06,6.79999e+06,1.14999e+07,4.49989e+06,6.79999e+06,1.14999e+07,4.49986e+06,6.79999e+06,1.14999e+07,4.49982e+06,6.79999e+06,1.14999e+07,4.49977e+06,6.79999e+06,1.14999e+07,4.49971e+06,6.79999e+06,1.14999e+07,4.49963e+06,6.79999e+06,1.14998e+07,4.49953e+06,6.79999e+06,1.14998e+07,4.49941e+06,6.79999e+06,1.14998e+07,4.49926e+06,6.79999e+06,1.14998e+07,4.49906e+06,6.79999e+06,1.14997e+07,4.49882e+06,6.79999e+06,1.14997e+07,4.49851e+06,6.79999e+06,1.14997e+07,4.49812e+06,6.79999e+06,1.14996e+07,4.49764e+06,6.79999e+06,1.14996e+07,4.49702e+06,6.79999e+06,1.14995e+07,4.49625e+06,6.79999e+06,1.14995e+07,4.49528e+06,6.79999e+06,1.14994e+07,4.49406e+06,6.79999e+06,1.14993e+07,4.49253e+06,6.79999e+06,1.14992e+07,4.49059e+06,6.79999e+06,1.14991e+07,4.48817e+06,6.79999e+06,1.1499e+07,4.48511e+06,6.79999e+06,1.14988e+07,4.48128e+06,6.79999e+06,1.14987e+07,4.47646e+06,6.79999e+06,1.14985e+07,4.47041e+06,6.79999e+06,1.14983e+07,4.46281e+06,6.79999e+06,1.14981e+07,4.4533e+06,6.79999e+06,1.14979e+07,4.44138e+06,6.79999e+06,1.14976e+07,4.42649e+06,6.79999e+06,1.14972e+07,4.40789e+06,6.79999e+06,1.14969e+07,4.38471e+06,6.79999e+06,1.14965e+07,4.35592e+06,6.79999e+06,1.1496e+07,4.32027e+06,6.79999e+06,1.14955e+07,4.27629e+06,6.79999e+06,1.14949e+07,4.22231e+06,6.79999e+06,1.14942e+07,4.15647e+06,6.79999e+06,1.14934e+07,4.07676e+06,6.79999e+06,1.14926e+07,3.98112e+06,6.79999e+06,1.14916e+07,3.86765e+06,6.79999e+06,1.14905e+07,3.73474e+06,6.79999e+06,1.14892e+07,3.58148e+06,6.79999e+06,1.14878e+07,3.40785e+06,6.79999e+06,1.14862e+07,3.21513e+06,6.79999e+06,1.14844e+07,3.00605e+06,6.79999e+06,1.14823e+07,2.7848e+06,6.79999e+06,1.148e+07,2.5568e+06,6.79999e+06,1.14773e+07,2.32825e+06,6.79999e+06,13.5742,8.52444,0.508366,16.8306,13.2585,0.162638,20.0035,17.569,0.0507846,23.2616,22.4214,0.0158319,26.7328,28.3297,0.00493498,30.5212,35.6974,0.00153831,34.7178,44.9473,0.000479527,39.4086,56.5822,0.000149456,44.6796,71.2245,4.66214e-05,50.6209,89.6543,1.45419e-05,57.3297,112.852,4.54748e-06,64.9129,142.051,1.43857e-06,73.4897,178.803,4.36618e-07,83.1934,225.062,1.40153e-07,94.1745,283.286,4.96378e-08,106.602,356.568,1.05434e-07,120.669,448.799,-6.49244e-08,136.59,564.873,1.70148e-07,154.611,710.948,-5.34594e-08,175.008,894.767,1.63407e-07,198.097,1126.06,8.04804e-08,224.231,1417.07,1.14667e-07,253.813,1783.15,-1.71227e-07,287.297,2243.62,-2.88466e-07,325.198,2822.67,-4.33651e-07,368.098,3550.67,7.9318e-08,416.657,4465.65,3.13319e-07,471.621,5615.16,3.4613e-07,533.835,7058.61,-1.19199e-07,604.255,8870.02,-2.79964e-07,683.962,11141.4,-2.30521e-07,774.182,13986.7,-2.55099e-07,876.299,17546.4,1.23585e-07,991.883,21993.1,1.41192e-07,1122.71,27536.7,-9.71886e-08,1270.78,34430.7,-3.68368e-07,1438.38,42977.7,-3.45379e-07,1628.07,53532.7,-3.25328e-09,1842.77,66504.6,2.6362e-07,2085.77,82350.2,2.53445e-07,2360.79,101560,-2.47407e-08,2672.05,124632,-3.80602e-07,3024.31,152018,-4.79005e-07,3422.98,184060,-1.14379e-07,3874.15,220884,2.64297e-07,4384.72,262283,3.44131e-07,4962.49,307576,7.5349e-08,5616.29,355497,-3.63097e-07,6356.1,404126,-6.05442e-07,7193.18,450932,-2.72333e-07,8140.28,492963,2.29675e-07,9211.79,527178,4.3387e-07,10424,550893,-1.0711e-07,10.102,8.06553,2.81012,10.6436,8.57909,0.869423,11.5336,10.2515,0.270869,12.7211,12.7138,0.0844293,14.1823,15.9373,0.0263173,15.9122,20.0383,0.0082035,17.9198,25.2154,0.00255722,20.2244,31.7373,0.000797017,22.8539,39.9486,0.000248622,25.8438,50.2851,7.75492e-05,29.237,63.2963,2.42508e-05,33.0837,79.6738,7.67162e-06,37.4415,100.288,2.32837e-06,42.3767,126.236,7.33e-07,47.9646,158.896,2.79256e-07,54.2906,200.003,9.87351e-09,61.452,251.741,1.61085e-07,69.5585,316.859,-2.47141e-07,78.7347,398.812,8.93552e-08,89.1218,501.948,-2.53231e-07,100.879,631.736,-1.25047e-07,114.188,795.049,-1.78808e-07,129.252,1000.53,2.6733e-07,146.304,1259.03,4.50292e-07,165.605,1584.19,6.76904e-07,187.452,1993.12,-1.23808e-07,212.181,2507.27,-4.89068e-07,240.173,3153.54,-5.40284e-07,271.856,3965.56,1.86061e-07,307.719,4985.38,4.37004e-07,348.313,6265.4,3.59828e-07,394.26,7870.83,3.98192e-07,446.268,9882.51,-1.92908e-07,505.135,12400.3,-2.20392e-07,571.766,15546.9,1.51705e-07,647.184,19472.2,5.74996e-07,732.547,24357.4,5.39112e-07,829.167,30420,5.07815e-09,938.526,37916.3,-4.11492e-07,1062.3,47143.9,-3.9561e-07,1202.4,58439.2,3.86185e-08,1360.96,72169.3,5.94093e-07,1540.42,88715.8,7.47693e-07,1743.53,108445,1.78537e-07,1973.41,131665,-4.12549e-07,2233.57,158557,-5.37164e-07,2528,189103,-1.17615e-07,2861.2,222986,5.66769e-07,3238.27,259510,9.45053e-07,3664.97,297540,4.25093e-07,4147.81,335497,-3.58506e-07,4694.17,371444,-6.7724e-07,5312.37,403256,1.67192e-07,1.61744,3.89446,9.84394,3.28846,7.5504,12.774,5.07607,11.7187,13.6844,7.03202,16.8147,13.9681,9.20215,23.1769,14.0566,11.6301,31.1672,14.0841,14.3598,41.2186,14.0927,17.4376,53.8688,14.0954,20.9137,69.7915,14.0962,24.8432,89.8341,14.0965,29.2879,115.063,14.0966,34.3168,146.819,14.0966,40.0078,186.792,14.0966,46.4487,237.107,14.0966,53.7388,300.44,14.0966,61.9903,380.158,14.0966,71.3301,480.499,14.0966,81.902,606.796,14.0966,93.8685,765.761,14.0966,107.414,965.837,14.0966,122.746,1217.65,14.0966,140.101,1534.57,14.0966,159.745,1933.41,14.0966,181.981,2435.3,14.0966,207.15,3066.85,14.0966,235.64,3861.46,14.0966,267.889,4861.11,14.0966,304.391,6118.54,14.0966,345.709,7699.91,14.0966,392.478,9688.22,14.0966,445.417,12187.5,14.0966,505.339,15327.7,14.0966,573.165,19271.6,14.0966,649.938,24222,14.0966,736.839,30430.9,14.0966,835.202,38211.5,14.0966,946.539,47950.3,14.0966,1072.56,60122.8,14.0966,1215.21,75309.9,14.0966,1376.66,94216.2,14.0966,1559.41,117688,14.0966,1766.26,146729,14.0966,2000.39,182510,14.0966,2265.39,226372,14.0966,2565.33,279806,14.0966,2904.81,344416,14.0966,3289.05,421845,14.0966,3723.93,513667,14.0966,4216.13,621231,14.0966,4773.18,745478,14.0966,5403.64,886744,14.0966,6117.15,1.04457e+06,14.0966,6924.63,1.2176e+06,14.0966,11.7194,11.96,12.6541,13.9321,16.1295,13.6434,16.6097,21.9702,13.9553,19.7532,29.5285,14.0526,23.3844,39.1143,14.0829,27.5423,51.2054,14.0923,32.2796,66.434,14.0953,37.662,85.6061,14.0962,43.7675,109.74,14.0965,50.687,140.119,14.0966,58.5249,178.359,14.0966,67.4005,226.493,14.0966,77.4493,287.08,14.0966,88.8254,363.343,14.0966,101.703,459.336,14.0966,116.281,580.161,14.0966,132.782,732.241,14.0966,151.46,923.655,14.0966,172.603,1164.57,14.0966,196.535,1467.79,14.0966,223.625,1849.39,14.0966,254.288,2329.62,14.0966,288.997,2933.93,14.0966,328.285,3694.33,14.0966,372.755,4651.04,14.0966,423.092,5854.57,14.0966,480.07,7368.38,14.0966,544.564,9272.08,14.0966,617.566,11665.5,14.0966,700.197,14673.6,14.0966,793.729,18452.9,14.0966,899.599,23198.6,14.0966,1019.43,29154.1,14.0966,1155.07,36622.3,14.0966,1308.6,45977.9,14.0966,1482.39,57683.7,14.0966,1679.09,72307.8,14.0966,1901.73,90542.8,14.0966,2153.73,113226,14.0966,2438.97,141360,14.0966,2761.81,176127,14.0966,3127.22,218898,14.0966,3540.81,271226,14.0966,4008.92,334817,14.0966,4538.74,411470,14.0966,5138.38,502973,14.0966,5817.04,610948,14.0966,6585.12,736653,14.0966,7454.39,880741,14.0966,8438.15,1.04302e+06,14.0966,9551.45,1.22224e+06,14.0966,10811.3,1.41602e+06,14.0966,12237,1.62086e+06,14.0966,11.7194,11.96,12.6541,2.21263,4.16949,0.989383,2.67766,5.84076,0.311842,3.14343,7.55825,0.0972771,3.63127,9.58578,0.0303237,4.15787,12.0912,0.00945211,4.73731,15.2286,0.00294633,5.38238,19.1721,0.000918508,6.10553,24.134,0.000286163,6.91951,30.3791,8.92692e-05,7.83792,38.2397,2.78121e-05,8.87555,48.1338,8.65134e-06,10.0489,60.5876,2.7882e-06,11.3761,76.2629,8.29036e-07,12.8779,95.9927,2.4373e-07,14.5775,120.825,4.33068e-09,16.5012,152.08,1.75749e-07,18.6784,191.415,-1.86328e-07,21.1428,240.917,1.91829e-07,23.9322,303.213,-1.81475e-07,27.0895,381.602,7.0186e-08,30.6634,480.231,-2.86769e-08,34.7087,604.316,2.40784e-07,39.2876,760.401,9.87368e-08,44.4705,956.705,1.22263e-07,50.3371,1203.54,-4.31966e-07,56.9776,1513.81,-1.9705e-07,64.494,1903.69,-2.763e-08,73.0018,2393.4,3.9185e-07,82.6317,3008.13,1.35379e-07,93.5318,3779.25,-4.16351e-08,105.869,4745.7,2.06965e-08,119.834,5955.6,-3.18887e-07,135.641,7468.12,-1.48271e-08,153.531,9355.62,2.00739e-07,173.781,11705.8,2.28358e-07,196.701,14624.1,-1.93587e-08,222.642,18235,-2.88101e-07,252.003,22683.4,-2.24732e-07,285.234,28134,8.56806e-09,322.845,34767,2.34258e-07,365.413,42770.9,2.99668e-07,413.588,52327.9,8.28644e-08,468.111,63591.2,-3.07049e-07,529.814,76653.2,-3.1888e-07,599.642,91502.5,-6.72276e-08,678.662,107975,2.26339e-07,768.083,125705,3.69212e-07,869.267,144088,2.04077e-07,983.76,162277,-2.80509e-07,1113.3,179223,-4.22737e-07,1259.87,193777,-1.71951e-07,1425.68,204839,4.55555e-07,11.7194,11.96,12.6541,2.21263,4.16949,0.989383,2.67766,5.84076,0.311842,3.14343,7.55825,0.0972771,3.63127,9.58578,0.0303237,4.15787,12.0912,0.00945211,4.73731,15.2286,0.00294633,5.38238,19.1721,0.000918508,6.10553,24.134,0.000286163,6.91951,30.3791,8.92692e-05,7.83792,38.2397,2.78121e-05,8.87555,48.1338,8.65134e-06,10.0489,60.5876,2.7882e-06,11.3761,76.2629,8.29036e-07,12.8779,95.9927,2.4373e-07,14.5775,120.825,1e-08,16.5012,152.08,1.75749e-07,18.6784,191.415,1e-08,21.1428,240.917,1.91829e-07,23.9322,303.213,1e-08,27.0895,381.602,7.0186e-08,30.6634,480.231,1e-08,34.7087,604.316,2.40784e-07,39.2876,760.401,9.87368e-08,44.4705,956.705,1.22263e-07,50.3371,1203.54,1e-08,56.9776,1513.81,1e-08,64.494,1903.69,1e-08,73.0018,2393.4,3.9185e-07,82.6317,3008.13,1.35379e-07,93.5318,3779.25,1e-08,105.869,4745.7,2.06965e-08,119.834,5955.6,1e-08,135.641,7468.12,1e-08,153.531,9355.62,2.00739e-07,173.781,11705.8,2.28358e-07,196.701,14624.1,1e-08,222.642,18235,1e-08,252.003,22683.4,1e-08,285.234,28134,1e-08,322.845,34767,2.34258e-07,365.413,42770.9,2.99668e-07,413.588,52327.9,8.28644e-08,468.111,63591.2,1e-08,529.814,76653.2,1e-08,599.642,91502.5,1e-08,678.662,107975,2.26339e-07,768.083,125705,3.69212e-07,869.267,144088,2.04077e-07,983.76,162277,1e-08,1113.3,179223,1e-08,1259.87,193777,1e-08,1425.68,204839,4.55555e-07,6.2823,3.27286,2.43537,0.219672,6.18826,2.24117,0.56371,6.87772,2.63624,0.308279,38,4,27,1,9,1,2,3,0,3,9,0,1,8,0,2,4,0,7,22,0,2,15,0,10,13,0,7,32,0,13,38,0,5,51,0,18,60,0,11,38,0,9,51,0,14,68,0,6,166,0,10,152,0,19,177,0,25,296,0,20,299,0,44,622,0,29,828,0,76,549,0,80,862,0,32,831,0,80,2006,0,115,1527,0,76,4107,0,48,3447,0,146,4034,0,143,6605,0,87,4896,0,83,12396,0,139,8110,0,142,8219,0,366,11527,0,206,18107,0,352,24567,0,404,26735,0,338,33612,0,205,72342,0,201,45486,0,310,33068,0,407,152368,0,1099,88795,0,314,102537,0,350,241193,0,712,101978,0,1901,139180,0,1022,197933,0,2208,374674,0,1208,180383,0
-1.05176e+08,1,8.88811e-15,10,1023,0,1.05176e+08,0.528882,1.08665,0.389689,0.145397,0.379329,3.24381,0.161596,0.446195,1.77396,0.159177,1.15e+07,4.49998e+06,6.79999e+06,1.15e+07,4.49997e+06,6.79999e+06,1.15e+07,4.49996e+06,6.79999e+06,1.15e+07,4.49995e+06,6.79999e+06,1.14999e+07,4.49993e+06,6.79999e+06,1.14999e+07,4.49991e+06,6.79999e+06,1.14999e+07,4.49989e+06,6.79999e+06,1.14999e+07,4.49986e+06,6.79999e+06,1.14999e+07,4.49982e+06,6.79999e+06,1.14999e+07,4.49977e+06,6.79999e+06,1.14999e+07,4.49971e+06,6.79999e+06,1.14999e+07,4.49963e+06,6.79999e+06,1.14998e+07,4.49953e+06,6.79999e+06,1.14998e+07,4.49941e+06,6.79999e+06,1.14998e+07,4.49926e+06,6.79999e+06,1.14998e+07,4.49906e+06,6.79999e+06,1.14997e+07,4.49882e+06,6.79999e+06,1.14997e+07,4.49851e+06,6.79999e+06,1.14997e+07,4.49812e+06,6.79999e+06,1.14996e+07,4.49764e+06,6.79999e+06,1.14996e+07,4.49702e+06,6.79999e+06,1.14995e+07,4.49625e+06,6.79999e+06,1.14995e+07,4.49528e+06,6.79999e+06,1.14994e+07,4.49406e+06,6.79999e+06,1.14993e+07,4.49253e+06,6.79999e+06,1.14992e+07,4.49059e+06,6.79999e+06,1.14991e+07,4.48817e+06,6.79999e+06,1.1499e+07,4.48511e+06,6.79999e+06,1.14988e+07,4.48128e+06,6.79999e+06,1.14987e+07,4.47646e+06,6.79999e+06,1.14985e+07,4.47041e+06,6.79999e+06,1.14983e+07,4.46281e+06,6.79999e+06,1.14981e+07,4.4533e+06,6.79999e+06,1.14979e+07,4.44138e+06,6.79999e+06,1.14976e+07,4.42649e+06,6.79999e+06,1.14972e+07,4.40789e+06,6.79999e+06,1.14969e+07,4.38471e+06,6.79999e+06,1.14965e+07,4.35592e+06,6.79999e+06,1.1496e+07,4.32027e+06,6.79999e+06,1.14955e+07,4.27629e+06,6.79999e+06,1.14949e+07,4.22231e+06,6.79999e+06,1.14942e+07,4.15647e+06,6.79999e+06,1.14934e+07,4.07676e+06,6.79999e+06,1.14926e+07,3.98112e+06,6.79999e+06,1.14916e+07,3.86765e+06,6.79999e+06,1.14905e+07,3.73474e+06,6.79999e+06,1.14892e+07,3.58148e+06,6.79999e+06,1.14878e+07,3.40785e+06,6.79999e+06,1.14862e+07,3.21513e+06,6.79999e+06,1.14844e+07,3.00605e+06,6.79999e+06,1.14823e+07,2.7848e+06,6.79999e+06,1.148e+07,2.5568e+06,6.79999e+06,1.14773e+07,2.32825e+06,6.79999e+06,13.5742,8.52444,0.508366,16.8306,13.2585,0.162638,20.0035,17.569,0.0507846,23.2616,22.4214,0.0158319,26.7328,28.3297,0.00493498,30.5212,35.6974,0.00153831,34.7178,44.9473,0.000479527,39.4086,56.5822,0.000149456,44.6796,71.2245,4.66214e-05,50.6209,89.6543,1.45419e-05,57.3297,112.852,4.54748e-06,64.9129,142.051,1.43857e-06,73.4897,178.803,4.36618e-07,83.1934,225.062,1.40153e-07,94.1745,283.286,4.96378e-08,106.602,356.568,1.05434e-07,120.669,448.799,-6.49244e-08,136.59,564.873,1.70148e-07,154.611,710.948,-5.34594e-08,175.008,894.767,1.63407e-07,198.097,1126.06,8.04804e-08,224.231,1417.07,1.14667e-07,253.813,1783.15,-1.71227e-07,287.297,2243.62,-2.88466e-07,325.198,2822.67,-4.33651e-07,368.098,3550.67,7.9318e-08,416.657,4465.65,3.13319e-07,471.621,5615.16,3.4613e-07,533.835,7058.61,-1.19199e-07,604.255,8870.02,-2.79964e-07,683.962,11141.4,-2.30521e-07,774.182,13986.7,-2.55099e-07,876.299,17546.4,1.23585e-07,991.883,21993.1,1.41192e-07,1122.71,27536.7,-9.71886e-08,1270.78,34430.7,-3.68368e-07,1438.38,42977.7,-3.45379e-07,1628.07,53532.7,-3.25328e-09,1842.77,66504.6,2.6362e-07,2085.77,82350.2,2.53445e-07,2360.79,101560,-2.47407e-08,2672.05,124632,-3.80602e-07,3024.31,152018,-4.79005e-07,3422.98,184060,-1.14379e-07,3874.15,220884,2.64297e-07,4384.72,262283,3.44131e-07,4962.49,307576,7.5349e-08,5616.29,355497,-3.63097e-07,6356.1,404126,-6.05442e-07,7193.18,450932,-2.72333e-07,8140.28,492963,2.29675e-07,9211.79,527178,4.3387e-07,10424,550893,-1.0711e-07,10.102,8.06553,2.81012,10.6436,8.57909,0.869423,11.5336,10.2515,0.270869,12.7211,12.7138,0.0844293,14.1823,15.9373,0.0263173,15.9122,20.0383,0.0082035,17.9198,25.2154,0.00255722,20.2244,31.7373,0.000797017,22.8539,39.9486,0.000248622,25.8438,50.2851,7.75492e-05,29.237,63.2963,2.42508e-05,33.0837,79.6738,7.67162e-06,37.4415,100.288,2.32837e-06,42.3767,126.236,7.33e-07,47.9646,158.896,2.79256e-07,54.2906,200.003,9.87351e-09,61.452,251.741,1.61085e-07,69.5585,316.859,-2.47141e-07,78.7347,398.812,8.93552e-08,89.1218,501.948,-2.53231e-07,100.879,631.736,-1.25047e-07,114.188,795.049,-1.78808e-07,129.252,1000.53,2.6733e-07,146.304,1259.03,4.50292e-07,165.605,1584.19,6.76904e-07,187.452,1993.12,-1.23808e-07,212.181,2507.27,-4.89068e-07,240.173,3153.54,-5.40284e-07,271.856,3965.56,1.86061e-07,307.719,4985.38,4.37004e-07,348.313,6265.4,3.59828e-07,394.26,7870.83,3.98192e-07,446.268,9882.51,-1.92908e-07,505.135,12400.3,-2.20392e-07,571.766,15546.9,1.51705e-07,647.184,19472.2,5.74996e-07,732.547,24357.4,5.39112e-07,829.167,30420,5.07815e-09,938.526,37916.3,-4.11492e-07,1062.3,47143.9,-3.9561e-07,1202.4,58439.2,3.86185e-08,1360.96,72169.3,5.94093e-07,1540.42,88715.8,7.47693e-07,1743.53,108445,1.78537e-07,1973.41,131665,-4.12549e-07,2233.57,158557,-5.37164e-07,2528,189103,-1.17615e-07,2861.2,222986,5.66769e-07,3238.27,259510,9.45053e-07,3664.97,297540,4.25093e-07,4147.81,335497,-3.58506e-07,4694.17,371444,-6.7724e-07,5312.37,403256,1.67192e-07,1.61744,3.89446,9.84394,3.28846,7.5504,12.774,5.07607,11.7187,13.6844,7.03202,16.8147,13.9681,9.20215,23.1769,14.0566,11.6301,31.1672,14.0841,14.3598,41.2186,14.0927,17.4376,53.8688,14.0954,20.9137,69.7915,14.0962,24.8432,89.8341,14.0965,29.2879,115.063,14.0966,34.3168,146.819,14.0966,40.0078,186.792,14.0966,46.4487,237.107,14.0966,53.7388,300.44,14.0966,61.9903,380.158,14.0966,71.3301,480.499,14.0966,81.902,606.796,14.0966,93.8685,765.761,14.0966,107.414,965.837,14.0966,122.746,1217.65,14.0966,140.101,1534.57,14.0966,159.745,1933.41,14.0966,181.981,2435.3,14.0966,207.15,3066.85,14.0966,235.64,3861.46,14.0966,267.889,4861.11,14.0966,304.391,6118.54,14.0966,345.709,7699.91,14.0966,392.478,9688.22,14.0966,445.417,12187.5,14.0966,505.339,15327.7,14.0966,573.165,19271.6,14.0966,649.938,24222,14.0966,736.839,30430.9,14.0966,835.202,38211.5,14.0966,946.539,47950.3,14.0966,1072.56,60122.8,14.0966,1215.21,75309.9,14.0966,1376.66,94216.2,14.0966,1559.41,117688,14.0966,1766.26,146729,14.0966,2000.39,182510,14.0966,2265.39,226372,14.0966,2565.33,279806,14.0966,2904.81,344416,14.0966,3289.05,421845,14.0966,3723.93,513667,14.0966,4216.13,621231,14.0966,4773.18,745478,14.0966,5403.64,886744,14.0966,6117.15,1.04457e+06,14.0966,6924.63,1.2176e+06,14.0966,11.7194,11.96,12.6541,13.9321,16.1295,13.6434,16.6097,21.9702,13.9553,19.7532,29.5285,14.0526,23.3844,39.1143,14.0829,27.5423,51.2054,14.0923,32.2796,66.434,14.0953,37.662,85.6061,14.0962,43.7675,109.74,14.0965,50.687,140.119,14.0966,58.5249,178.359,14.0966,67.4005,226.493,14.0966,77.4493,287.08,14.0966,88.8254,363.343,14.0966,101.703,459.336,14.0966,116.281,580.161,14.0966,132.782,732.241,14.0966,151.46,923.655,14.0966,172.603,1164.57,14.0966,196.535,1467.79,14.0966,223.625,1849.39,14.0966,254.288,2329.62,14.0966,288.997,2933.93,14.0966,328.285,3694.33,14.0966,372.755,4651.04,14.0966,423.092,5854.57,14.0966,480.07,7368.38,14.0966,544.564,9272.08,14.0966,617.566,11665.5,14.0966,700.197,14673.6,14.0966,793.729,18452.9,14.0966,899.599,23198.6,14.0966,1019.43,29154.1,14.0966,1155.07,36622.3,14.0966,1308.6,45977.9,14.0966,1482.39,57683.7,14.0966,1679.09,72307.8,14.0966,1901.73,90542.8,14.0966,2153.73,113226,14.0966,2438.97,141360,14.0966,2761.81,176127,14.0966,3127.22,218898,14.0966,3540.81,271226,14.0966,4008.92,334817,14.0966,4538.74,411470,14.0966,5138.38,502973,14.0966,5817.04,610948,14.0966,6585.12,736653,14.0966,7454.39,880741,14.0966,8438.15,1.04302e+06,14.0966,9551.45,1.22224e+06,14.0966,10811.3,1.41602e+06,14.0966,12237,1.62086e+06,14.0966,11.7194,11.96,12.6541,2.21263,4.16949,0.989383,2.67766,5.84076,0.311842,3.14343,7.55825,0.0972771,3.63127,9.58578,0.0303237,4.15787,12.0912,0.00945211,4.73731,15.2286,0.00294633,5.38238,19.1721,0.000918508,6.10553,24.134,0.000286163,6.91951,30.3791,8.92692e-05,7.83792,38.2397,2.78121e-05,8.87555,48.1338,8.65134e-06,10.0489,60.5876,2.7882e-06,11.3761,76.2629,8.29036e-07,12.8779,95.9927,2.4373e-07,14.5775,120.825,4.33068e-09,16.5012,152.08,1.75749e-07,18.6784,191.415,-1.86328e-07,21.1428,240.917,1.91829e-07,23.9322,303.213,-1.81475e-07,27.0895,381.602,7.0186e-08,30.6634,480.231,-2.86769e-08,34.7087,604.316,2.40784e-07,39.2876,760.401,9.87368e-08,44.4705,956.705,1.22263e-07,50.3371,1203.54,-4.31966e-07,56.9776,1513.81,-1.9705e-07,64.494,1903.69,-2.763e-08,73.0018,2393.4,3.9185e-07,82.6317,3008.13,1.35379e-07,93.5318,3779.25,-4.16351e-08,105.869,4745.7,2.06965e-08,119.834,5955.6,-3.18887e-07,135.641,7468.12,-1.48271e-08,153.531,9355.62,2.00739e-07,173.781,11705.8,2.28358e-07,196.701,14624.1,-1.93587e-08,222.642,18235,-2.88101e-07,252.003,22683.4,-2.24732e-07,285.234,28134,8.56806e-09,322.845,34767,2.34258e-07,365.413,42770.9,2.99668e-07,413.588,52327.9,8.28644e-08,468.111,63591.2,-3.07049e-07,529.814,76653.2,-3.1888e-07,599.642,91502.5,-6.72276e-08,678.662,107975,2.26339e-07,768.083,125705,3.69212e-07,869.267,144088,2.04077e-07,983.76,162277,-2.80509e-07,1113.3,179223,-4.22737e-07,1259.87,193777,-1.71951e-07,1425.68,204839,4.55555e-07,11.7194,11.96,12.6541,2.21263,4.16949,0.989383,2.67766,5.84076,0.311842,3.14343,7.55825,0.0972771,3.63127,9.58578,0.0303237,4.15787,12.0912,0.00945211,4.73731,15.2286,0.00294633,5.38238,19.1721,0.000918508,6.10553,24.134,0.000286163,6.91951,30.3791,8.92692e-05,7.83792,38.2397,2.78121e-05,8.87555,48.1338,8.65134e-06,10.0489,60.5876,2.7882e-06,11.3761,76.2629,8.29036e-07,12.8779,95.9927,2.4373e-07,14.5775,120.825,1e-08,16.5012,152.08,1.75749e-07,18.6784,191.415,1e-08,21.1428,240.917,1.91829e-07,23.9322,303.213,1e-08,27.0895,381.602,7.0186e-08,30.6634,480.231,1e-08,34.7087,604.316,2.40784e-07,39.2876,760.401,9.87368e-08,44.4705,956.705,1.22263e-07,50.3371,1203.54,1e-08,56.9776,1513.81,1e-08,64.494,1903.69,1e-08,73.0018,2393.4,3.9185e-07,82.6317,3008.13,1.35379e-07,93.5318,3779.25,1e-08,105.869,4745.7,2.06965e-08,119.834,5955.6,1e-08,135.641,7468.12,1e-08,153.531,9355.62,2.00739e-07,173.781,11705.8,2.28358e-07,196.701,14624.1,1e-08,222.642,18235,1e-08,252.003,22683.4,1e-08,285.234,28134,1e-08,322.845,34767,2.34258e-07,365.413,42770.9,2.99668e-07,413.588,52327.9,8.28644e-08,468.111,63591.2,1e-08,529.814,76653.2,1e-08,599.642,91502.5,1e-08,678.662,107975,2.26339e-07,768.083,125705,3.69212e-07,869.267,144088,2.04077e-07,983.76,162277,1e-08,1113.3,179223,1e-08,1259.87,193777,1e-08,1425.68,204839,4.55555e-07,6.2823,3.27286,2.43537,0.219672,6.18826,2.24117,0.56371,6.87772,2.63624,0.308279,11,9,12,3,3,1,0,6,1,5,3,0,6,5,0,1,2,0,5,22,0,7,17,0,9,9,0,1,23,0,6,36,0,5,69,0,10,40,0,8,50,0,5,93,0,16,119,0,8,207,0,20,332,0,33,292,0,13,623,0,35,266,0,37,567,0,24,424,0,48,848,0,41,1146,0,36,1573,0,44,402,0,73,2373,0,115,3846,0,68,3709,0,53,2370,0,99,5487,0,94,7270,0,187,5332,0,130,8274,0,226,15243,0,74,13560,0,208,9361,0,197,19265,0,228,29564,0,405,23309,0,140,30479,0,331,70806,0,543,62776,0,739,105866,0,357,77134,0,819,167557,0,816,152827,0,517,263595,0,760,117427,0,642,71281,0,2156,155556,0,847,182622,0
-1.05176e+08,1,8.88811e-15,10,1023,0,1.05176e+08,0.528882,1.08665,0.389689,0.145397,0.379329,3.24381,0.161596,0.446195,1.77396,0.159177,1.15e+07,4.49998e+06,6.79999e+06,1.15e+07,4.49997e+06,6.79999e+06,1.15e+07,4.49996e+06,6.79999e+06,1.15e+07,4.49995e+06,6.79999e+06,1.14999e+07,4.49993e+06,6.79999e+06,1.14999e+07,4.49991e+06,6.79999e+06,1.14999e+07,4.49989e+06,6.79999e+06,1.14999e+07,4.49986e+06,6.79999e+06,1.14999e+07,4.49982e+06,6.79999e+06,1.14999e+07,4.49977e+06,6.79999e+06,1.14999e+07,4.49971e+06,6.79999e+06,1.14999e+07,4.49963e+06,6.79999e+06,1.14998e+07,4.49953e+06,6.79999e+06,1.14998e+07,4.49941e+06,6.79999e+06,1.14998e+07,4.49926e+06,6.79999e+06,1.14998e+07,4.49906e+06,6.79999e+06,1.14997e+07,4.49882e+06,6.79999e+06,1.14997e+07,4.49851e+06,6.79999e+06,1.14997e+07,4.49812e+06,6.79999e+06,1.14996e+07,4.49764e+06,6.79999e+06,1.14996e+07,4.49702e+06,6.79999e+06,1.14995e+07,4.49625e+06,6.79999e+06,1.14995e+07,4.49528e+06,6.79999e+06,1.14994e+07,4.49406e+06,6.79999e+06,1.14993e+07,4.49253e+06,6.79999e+06,1.14992e+07,4.49059e+06,6.79999e+06,1.14991e+07,4.48817e+06,6.79999e+06,1.1499e+07,4.48511e+06,6.79999e+06,1.14988e+07,4.48128e+06,6.79999e+06,1.14987e+07,4.47646e+06,6.79999e+06,1.14985e+07,4.47041e+06,6.79999e+06,1.14983e+07,4.46281e+06,6.79999e+06,1.14981e+07,4.4533e+06,6.79999e+06,1.14979e+07,4.44138e+06,6.79999e+06,1.14976e+07,4.42649e+06,6.79999e+06,1.14972e+07,4.40789e+06,6.79999e+06,1.14969e+07,4.38471e+06,6.79999e+06,1.14965e+07,4.35592e+06,6.79999e+06,1.1496e+07,4.32027e+06,6.79999e+06,1.14955e+07,4.27629e+06,6.79999e+06,1.14949e+07,4.22231e+06,6.79999e+06,1.14942e+07,4.15647e+06,6.79999e+06,1.14934e+07,4.07676e+06,6.79999e+06,1.14926e+07,3.98112e+06,6.79999e+06,1.14916e+07,3.86765e+06,6.79999e+06,1.14905e+07,3.73474e+06,6.79999e+06,1.14892e+07,3.58148e+06,6.79999e+06,1.14878e+07,3.40785e+06,6.79999e+06,1.14862e+07,3.21513e+06,6.79999e+06,1.14844e+07,3.00605e+06,6.79999e+06,1.14823e+07,2.7848e+06,6.79999e+06,1.148e+07,2.5568e+06,6.79999e+06,1.14773e+07,2.32825e+06,6.79999e+06,13.5742,8.52444,0.508366,16.8306,13.2585,0.162638,20.0035,17.569,0.0507846,23.2616,22.4214,0.0158319,26.7328,28.3297,0.00493498,30.5212,35.6974,0.00153831,34.7178,44.9473,0.000479527,39.4086,56.5822,0.000149456,44.6796,71.2245,4.66214e-05,50.6209,89.6543,1.45419e-05,57.3297,112.852,4.54748e-06,64.9129,142.051,1.43857e-06,73.4897,178.803,4.36618e-07,83.1934,225.062,1.40153e-07,94.1745,283.286,4.96378e-08,106.602,356.568,1.05434e-07,120.669,448.799,-6.49244e-08,136.59,564.873,1.70148e-07,154.611,710.948,-5.34594e-08,175.008,894.767,1.63407e-07,198.097,1126.06,8.04804e-08,224.231,1417.07,1.14667e-07,253.813,1783.15,-1.71227e-07,287.297,2243.62,-2.88466e-07,325.198,2822.67,-4.33651e-07,368.098,3550.67,7.9318e-08,416.657,4465.65,3.13319e-07,471.621,5615.16,3.4613e-07,533.835,7058.61,-1.19199e-07,604.255,8870.02,-2.79964e-07,683.962,11141.4,-2.30521e-07,774.182,13986.7,-2.55099e-07,876.299,17546.4,1.23585e-07,991.883,21993.1,1.41192e-07,1122.71,27536.7,-9.71886e-08,1270.78,34430.7,-3.68368e-07,1438.38,42977.7,-3.45379e-07,1628.07,53532.7,-3.25328e-09,1842.77,66504.6,2.6362e-07,2085.77,82350.2,2.53445e-07,2360.79,101560,-2.47407e-08,2672.05,124632,-3.80602e-07,3024.31,152018,-4.79005e-07,3422.98,184060,-1.14379e-07,3874.15,220884,2.64297e-07,4384.72,262283,3.44131e-07,4962.49,307576,7.5349e-08,5616.29,355497,-3.63097e-07,6356.1,404126,-6.05442e-07,7193.18,450932,-2.72333e-07,8140.28,492963,2.29675e-07,9211.79,527178,4.3387e-07,10424,550893,-1.0711e-07,10.102,8.06553,2.81012,10.6436,8.57909,0.869423,11.5336,10.2515,0.270869,12.7211,12.7138,0.0844293,14.1823,15.9373,0.0263173,15.9122,20.0383,0.0082035,17.9198,25.2154,0.00255722,20.2244,31.7373,0.000797017,22.8539,39.9486,0.000248622,25.8438,50.2851,7.75492e-05,29.237,63.2963,2.42508e-05,33.0837,79.6738,7.67162e-06,37.4415,100.288,2.32837e-06,42.3767,126.236,7.33e-07,47.9646,158.896,2.79256e-07,54.2906,200.003,9.87351e-09,61.452,251.741,1.61085e-07,69.5585,316.859,-2.47141e-07,78.7347,398.812,8.93552e-08,89.1218,501.948,-2.53231e-07,100.879,631.736,-1.25047e-07,114.188,795.049,-1.78808e-07,129.252,1000.53,2.6733e-07,146.304,1259.03,4.50292e-07,165.605,1584.19,6.76904e-07,187.452,1993.12,-1.23808e-07,212.181,2507.27,-4.89068e-07,240.173,3153.54,-5.40284e-07,271.856,3965.56,1.86061e-07,307.719,4985.38,4.37004e-07,348.313,6265.4,3.59828e-07,394.26,7870.83,3.98192e-07,446.268,9882.51,-1.92908e-07,505.135,12400.3,-2.20392e-07,571.766,15546.9,1.51705e-07,647.184,19472.2,5.74996e-07,732.547,24357.4,5.39112e-07,829.167,30420,5.07815e-09,938.526,37916.3,-4.11492e-07,1062.3,47143.9,-3.9561e-07,1202.4,58439.2,3.86185e-08,1360.96,72169.3,5.94093e-07,1540.42,88715.8,7.47693e-07,1743.53,108445,1.78537e-07,1973.41,131665,-4.12549e-07,2233.57,158557,-5.37164e-07,2528,189103,-1.17615e-07,2861.2,222986,5.66769e-07,3238.27,259510,9.45053e-07,3664.97,297540,4.25093e-07,4147.81,335497,-3.58506e-07,4694.17,371444,-6.7724e-07,5312.37,403256,1.67192e-07,1.61744,3.89446,9.84394,3.28846,7.5504,12.774,5.07607,11.7187,13.6844,7.03202,16.8147,13.9681,9.20215,23.1769,14.0566,11.6301,31.1672,14.0841,14.3598,41.2186,14.0927,17.4376,53.8688,14.0954,20.9137,69.7915,14.0962,24.8432,89.8341,14.0965,29.2879,115.063,14.0966,34.3168,146.819,14.0966,40.0078,186.792,14.0966,46.4487,237.107,14.0966,53.7388,300.44,14.0966,61.9903,380.158,14.0966,71.3301,480.499,14.0966,81.902,606.796,14.0966,93.8685,765.761,14.0966,107.414,965.837,14.0966,122.746,1217.65,14.0966,140.101,1534.57,14.0966,159.745,1933.41,14.0966,181.981,2435.3,14.0966,207.15,3066.85,14.0966,235.64,3861.46,14.0966,267.889,4861.11,14.0966,304.391,6118.54,14.0966,345.709,7699.91,14.0966,392.478,9688.22,14.0966,445.417,12187.5,14.0966,505.339,15327.7,14.0966,573.165,19271.6,14.0966,649.938,24222,14.0966,736.839,30430.9,14.0966,835.202,38211.5,14.0966,946.539,47950.3,14.0966,1072.56,60122.8,14.0966,1215.21,75309.9,14.0966,1376.66,94216.2,14.0966,1559.41,117688,14.0966,1766.26,146729,14.0966,2000.39,182510,14.0966,2265.39,226372,14.0966,2565.33,279806,14.0966,2904.81,344416,14.0966,3289.05,421845,14.0966,3723.93,513667,14.0966,4216.13,621231,14.0966,4773.18,745478,14.0966,5403.64,886744,14.0966,6117.15,1.04457e+06,14.0966,6924.63,1.2176e+06,14.0966,11.7194,11.96,12.6541,13.9321,16.1295,13.6434,16.6097,21.9702,13.9553,19.7532,29.5285,14.0526,23.3844,39.1143,14.0829,27.5423,51.2054,14.0923,32.2796,66.434,14.0953,37.662,85.6061,14.0962,43.7675,109.74,14.0965,50.687,140.119,14.0966,58.5249,178.359,14.0966,67.4005,226.493,14.0966,77.4493,287.08,14.0966,88.8254,363.343,14.0966,101.703,459.336,14.0966,116.281,580.161,14.0966,132.782,732.241,14.0966,151.46,923.655,14.0966,172.603,1164.57,14.0966,196.535,1467.79,14.0966,223.625,1849.39,14.0966,254.288,2329.62,14.0966,288.997,2933.93,14.0966,328.285,3694.33,14.0966,372.755,4651.04,14.0966,423.092,5854.57,14.0966,480.07,7368.38,14.0966,544.564,9272.08,14.0966,617.566,11665.5,14.0966,700.197,14673.6,14.0966,793.729,18452.9,14.0966,899.599,23198.6,14.0966,1019.43,29154.1,14.0966,1155.07,36622.3,14.0966,1308.6,45977.9,14.0966,1482.39,57683.7,14.0966,1679.09,72307.8,14.0966,1901.73,90542.8,14.0966,2153.73,113226,14.0966,2438.97,141360,14.0966,2761.81,176127,14.0966,3127.22,218898,14.0966,3540.81,271226,14.0966,4008.92,334817,14.0966,4538.74,411470,14.0966,5138.38,502973,14.0966,5817.04,610948,14.0966,6585.12,736653,14.0966,7454.39,880741,14.0966,8438.15,1.04302e+06,14.0966,9551.45,1.22224e+06,14.0966,10811.3,1.41602e+06,14.0966,12237,1.62086e+06,14.0966,11.7194,11.96,12.6541,2.21263,4.16949,0.989383,2.67766,5.84076,0.311842,3.14343,7.55825,0.0972771,3.63127,9.58578,0.0303237,4.15787,12.0912,0.00945211,4.73731,15.2286,0.00294633,5.38238,19.1721,0.000918508,6.10553,24.134,0.000286163,6.91951,30.3791,8.92692e-05,7.83792,38.2397,2.78121e-05,8.87555,48.1338,8.65134e-06,10.0489,60.5876,2.7882e-06,11.3761,76.2629,8.29036e-07,12.8779,95.9927,2.4373e-07,14.5775,120.825,4.33068e-09,16.5012,152.08,1.75749e-07,18.6784,191.415,-1.86328e-07,21.1428,240.917,1.91829e-07,23.9322,303.213,-1.81475e-07,27.0895,381.602,7.0186e-08,30.6634,480.231,-2.86769e-08,34.7087,604.316,2.40784e-07,39.2876,760.401,9.87368e-08,44.4705,956.705,1.22263e-07,50.3371,1203.54,-4.31966e-07,56.9776,1513.81,-1.9705e-07,64.494,1903.69,-2.763e-08,73.0018,2393.4,3.9185e-07,82.6317,3008.13,1.35379e-07,93.5318,3779.25,-4.16351e-08,105.869,4745.7,2.06965e-08,119.834,5955.6,-3.18887e-07,135.641,7468.12,-1.48271e-08,153.531,9355.62,2.00739e-07,173.781,11705.8,2.28358e-07,196.701,14624.1,-1.93587e-08,222.642,18235,-2.88101e-07,252.003,22683.4,-2.24732e-07,285.234,28134,8.56806e-09,322.845,34767,2.34258e-07,365.413,42770.9,2.99668e-07,413.588,52327.9,8.28644e-08,468.111,63591.2,-3.07049e-07,529.814,76653.2,-3.1888e-07,599.642,91502.5,-6.72276e-08,678.662,107975,2.26339e-07,768.083,125705,3.69212e-07,869.267,144088,2.04077e-07,983.76,162277,-2.80509e-07,1113.3,179223,-4.22737e-07,1259.87,193777,-1.71951e-07,1425.68,204839,4.55555e-07,11.7194,11.96,12.6541,2.21263,4.16949,0.989383,2.67766,5.84076,0.311842,3.14343,7.55825,0.0972771,3.63127,9.58578,0.0303237,4.15787,12.0912,0.00945211,4.73731,15.2286,0.00294633,5.38238,19.1721,0.000918508,6.10553,24.134,0.000286163,6.91951,30.3791,8.92692e-05,7.83792,38.2397,2.78121e-05,8.87555,48.1338,8.65134e-06,10.0489,60.5876,2.7882e-06,11.3761,76.2629,8.29036e-07,12.8779,95.9927,2.4373e-07,14.5775,120.825,1e-08,16.5012,152.08,1.75749e-07,18.6784,191.415,1e-08,21.1428,240.917,1.91829e-07,23.9322,303.213,1e-08,27.0895,381.602,7.0186e-08,30.6634,480.231,1e-08,34.7087,604.316,2.40784e-07,39.2876,760.401,9.87368e-08,44.4705,956.705,1.22263e-07,50.3371,1203.54,1e-08,56.9776,1513.81,1e-08,64.494,1903.69,1e-08,73.0018,2393.4,3.9185e-07,82.6317,3008.13,1.35379e-07,93.5318,3779.25,1e-08,105.869,4745.7,2.06965e-08,119.834,5955.6,1e-08,135.641,7468.12,1e-08,153.531,9355.62,2.00739e-07,173.781,11705.8,2.28358e-07,196.701,14624.1,1e-08,222.642,18235,1e-08,252.003,22683.4,1e-08,285.234,28134,1e-08,322.845,34767,2.34258e-07,365.413,42770.9,2.99668e-07,413.588,52327.9,8.28644e-08,468.111,63591.2,1e-08,529.814,76653.2,1e-08,599.642,91502.5,1e-08,678.662,107975,2.26339e-07,768.083,125705,3.69212e-07,869.267,144088,2.04077e-07,983.76,162277,1e-08,1113.3,179223,1e-08,1259.87,193777,1e-08,1425.68,204839,4.55555e-07,6.2823,3.27286,2.43537,0.219672,6.18826,2.24117,0.56371,6.87772,2.63624,0.308279,10,1,11,2,1,1,3,4,0,7,18,1,6,14,0,1,12,0,1,9,0,4,6,0,6,19,0,6,31,0,3,14,0,11,32,0,23,61,0,18,99,0,12,89,0,19,59,0,20,235,0,22,133,0,32,406,0,27,214,0,29,238,0,16,788,0,14,251,0,49,632,0,42,1101,0,25,769,0,43,2075,0,82,1771,0,11,3055,0,127,6149,0,77,2984,0,58,4256,0,192,4555,0,129,6934,0,121,9448,0,120,9378,0,334,8361,0,227,24451,0,319,15797,0,213,21029,0,229,53701,0,487,50383,0,438,44865,0,333,108516,0,715,46075,0,370,99874,0,568,77738,0,650,104923,0,798,201387,0,607,93635,0,1416,160957,0,1567,174066,0,771,114988,0
-1.05176e+08,1,8.88811e-15,10,1023,0,1.05176e+08,0.528882,1.08665,0.389689,0.145397,0.379329,3.24381,0.161596,0.446195,1.77396,0.159177,1.15e+07,4.49998e+06,6.79999e+06,1.15e+07,4.49997e+06,6.79999e+06,1.15e+07,4.49996e+06,6.79999e+06,1.15e+07,4.49995e+06,6.79999e+06,1.14999e+07,4.49993e+06,6.79999e+06,1.14999e+07,4.49991e+06,6.79999e+06,1.14999e+07,4.49989e+06,6.79999e+06,1.14999e+07,4.49986e+06,6.79999e+06,1.14999e+07,4.49982e+06,6.79999e+06,1.14999e+07,4.49977e+06,6.79999e+06,1.14999e+07,4.49971e+06,6.79999e+06,1.14999e+07,4.49963e+06,6.79999e+06,1.14998e+07,4.49953e+06,6.79999e+06,1.14998e+07,4.49941e+06,6.79999e+06,1.14998e+07,4.49926e+06,6.79999e+06,1.14998e+07,4.49906e+06,6.79999e+06,1.14997e+07,4.49882e+06,6.79999e+06,1.14997e+07,4.49851e+06,6.79999e+06,1.14997e+07,4.49812e+06,6.79999e+06,1.14996e+07,4.49764e+06,6.79999e+06,1.14996e+07,4.49702e+06,6.79999e+06,1.14995e+07,4.49625e+06,6.79999e+06,1.14995e+07,4.49528e+06,6.79999e+06,1.14994e+07,4.49406e+06,6.79999e+06,1.14993e+07,4.49253e+06,6.79999e+06,1.14992e+07,4.49059e+06,6.79999e+06,1.14991e+07,4.48817e+06,6.79999e+06,1.1499e+07,4.48511e+06,6.79999e+06,1.14988e+07,4.48128e+06,6.79999e+06,1.14987e+07,4.47646e+06,6.79999e+06,1.14985e+07,4.47041e+06,6.79999e+06,1.14983e+07,4.46281e+06,6.79999e+06,1.14981e+07,4.4533e+06,6.79999e+06,1.14979e+07,4.44138e+06,6.79999e+06,1.14976e+07,4.42649e+06,6.79999e+06,1.14972e+07,4.40789e+06,6.79999e+06,1.14969e+07,4.38471e+06,6.79999e+06,1.14965e+07,4.35592e+06,6.79999e+06,1.1496e+07,4.32027e+06,6.79999e+06,1.14955e+07,4.27629e+06,6.79999e+06,1.14949e+07,4.22231e+06,6.79999e+06,1.14942e+07,4.15647e+06,6.79999e+06,1.14934e+07,4.07676e+06,6.79999e+06,1.14926e+07,3.98112e+06,6.79999e+06,1.14916e+07,3.86765e+06,6.79999e+06,1.14905e+07,3.73474e+06,6.79999e+06,1.14892e+07,3.58148e+06,6.79999e+06,1.14878e+07,3.40785e+06,6.79999e+06,1.14862e+07,3.21513e+06,6.79999e+06,1.14844e+07,3.00605e+06,6.79999e+06,1.14823e+07,2.7848e+06,6.79999e+06,1.148e+07,2.5568e+06,6.79999e+06,1.14773e+07,2.32825e+06,6.79999e+06,13.5742,8.52444,0.508366,16.8306,13.2585,0.162638,20.0035,17.569,0.0507846,23.2616,22.4214,0.0158319,26.7328,28.3297,0.00493498,30.5212,35.6974,0.00153831,34.7178,44.9473,0.000479527,39.4086,56.5822,0.000149456,44.6796,71.2245,4.66214e-05,50.6209,89.6543,1.45419e-05,57.3297,112.852,4.54748e-06,64.9129,142.051,1.43857e-06,73.4897,178.803,4.36618e-07,83.1934,225.062,1.40153e-07,94.1745,283.286,4.96378e-08,106.602,356.568,1.05434e-07,120.669,448.799,-6.49244e-08,136.59,564.873,1.70148e-07,154.611,710.948,-5.34594e-08,175.008,894.767,1.63407e-07,198.097,1126.06,8.04804e-08,224.231,1417.07,1.14667e-07,253.813,1783.15,-1.71227e-07,287.297,2243.62,-2.88466e-07,325.198,2822.67,-4.33651e-07,368.098,3550.67,7.9318e-08,416.657,4465.65,3.13319e-07,471.621,5615.16,3.4613e-07,533.835,7058.61,-1.19199e-07,604.255,8870.02,-2.79964e-07,683.962,11141.4,-2.30521e-07,774.182,13986.7,-2.55099e-07,876.299,17546.4,1.23585e-07,991.883,21993.1,1.41192e-07,1122.71,27536.7,-9.71886e-08,1270.78,34430.7,-3.68368e-07,1438.38,42977.7,-3.45379e-07,1628.07,53532.7,-3.25328e-09,1842.77,66504.6,2.6362e-07,2085.77,82350.2,2.53445e-07,2360.79,101560,-2.47407e-08,2672.05,124632,-3.80602e-07,3024.31,152018,-4.79005e-07,3422.98,184060,-1.14379e-07,3874.15,220884,2.64297e-07,4384.72,262283,3.44131e-07,4962.49,307576,7.5349e-08,5616.29,355497,-3.63097e-07,6356.1,404126,-6.05442e-07,7193.18,450932,-2.72333e-07,8140.28,492963,2.29675e-07,9211.79,527178,4.3387e-07,10424,550893,-1.0711e-07,10.102,8.06553,2.81012,10.6436,8.57909,0.869423,11.5336,10.2515,0.270869,12.7211,12.7138,0.0844293,14.1823,15.9373,0.0263173,15.9122,20.0383,0.0082035,17.9198,25.2154,0.00255722,20.2244,31.7373,0.000797017,22.8539,39.9486,0.000248622,25.8438,50.2851,7.75492e-05,29.237,63.2963,2.42508e-05,33.0837,79.6738,7.67162e-06,37.4415,100.288,2.32837e-06,42.3767,126.236,7.33e-07,47.9646,158.896,2.79256e-07,54.2906,200.003,9.87351e-09,61.452,251.741,1.61085e-07,69.5585,316.859,-2.47141e-07,78.7347,398.812,8.93552e-08,89.1218,501.948,-2.53231e-07,100.879,631.736,-1.25047e-07,114.188,795.049,-1.78808e-07,129.252,1000.53,2.6733e-07,146.304,1259.03,4.50292e-07,165.605,1584.19,6.76904e-07,187.452,1993.12,-1.23808e-07,212.181,2507.27,-4.89068e-07,240.173,3153.54,-5.40284e-07,271.856,3965.56,1.86061e-07,307.719,4985.38,4.37004e-07,348.313,6265.4,3.59828e-07,394.26,7870.83,3.98192e-07,446.268,9882.51,-1.92908e-07,505.135,12400.3,-2.20392e-07,571.766,15546.9,1.51705e-07,647.184,19472.2,5.74996e-07,732.547,24357.4,5.39112e-07,829.167,30420,5.07815e-09,938.526,37916.3,-4.11492e-07,1062.3,47143.9,-3.9561e-07,1202.4,58439.2,3.86185e-08,1360.96,72169.3,5.94093e-07,1540.42,88715.8,7.47693e-07,1743.53,108445,1.78537e-07,1973.41,131665,-4.12549e-07,2233.57,158557,-5.37164e-07,2528,189103,-1.17615e-07,2861.2,222986,5.66769e-07,3238.27,259510,9.45053e-07,3664.97,297540,4.25093e-07,4147.81,335497,-3.58506e-07,4694.17,371444,-6.7724e-07,5312.37,403256,1.67192e-07,1.61744,3.89446,9.84394,3.28846,7.5504,12.774,5.07607,11.7187,13.6844,7.03202,16.8147,13.9681,9.20215,23.1769,14.0566,11.6301,31.1672,14.0841,14.3598,41.2186,14.0927,17.4376,53.8688,14.0954,20.9137,69.7915,14.0962,24.8432,89.8341,14.0965,29.2879,115.063,14.0966,34.3168,146.819,14.0966,40.0078,186.792,14.0966,46.4487,237.107,14.0966,53.7388,300.44,14.0966,61.9903,380.158,14.0966,71.3301,480.499,14.0966,81.902,606.796,14.0966,93.8685,765.761,14.0966,107.414,965.837,14.0966,122.746,1217.65,14.0966,140.101,1534.57,14.0966,159.745,1933.41,14.0966,181.981,2435.3,14.0966,207.15,3066.85,14.0966,235.64,3861.46,14.0966,267.889,4861.11,14.0966,304.391,6118.54,14.0966,345.709,7699.91,14.0966,392.478,9688.22,14.0966,445.417,12187.5,14.0966,505.339,15327.7,14.0966,573.165,19271.6,14.0966,649.938,24222,14.0966,736.839,30430.9,14.0966,835.202,38211.5,14.0966,946.539,47950.3,14.0966,1072.56,60122.8,14.0966,1215.21,75309.9,14.0966,1376.66,94216.2,14.0966,1559.41,117688,14.0966,1766.26,146729,14.0966,2000.39,182510,14.0966,2265.39,226372,14.0966,2565.33,279806,14.0966,2904.81,344416,14.0966,3289.05,421845,14.0966,3723.93,513667,14.0966,4216.13,621231,14.0966,4773.18,745478,14.0966,5403.64,886744,14.0966,6117.15,1.04457e+06,14.0966,6924.63,1.2176e+06,14.0966,11.7194,11.96,12.6541,13.9321,16.1295,13.6434,16.6097,21.9702,13.9553,19.7532,29.5285,14.0526,23.3844,39.1143,14.0829,27.5423,51.2054,14.0923,32.2796,66.434,14.0953,37.662,85.6061,14.0962,43.7675,109.74,14.0965,50.687,140.119,14.0966,58.5249,178.359,14.0966,67.4005,226.493,14.0966,77.4493,287.08,14.0966,88.8254,363.343,14.0966,101.703,459.336,14.0966,116.281,580.161,14.0966,132.782,732.241,14.0966,151.46,923.655,14.0966,172.603,1164.57,14.0966,196.535,1467.79,14.0966,223.625,1849.39,14.0966,254.288,2329.62,14.0966,288.997,2933.93,14.0966,328.285,3694.33,14.0966,372.755,4651.04,14.0966,423.092,5854.57,14.0966,480.07,7368.38,14.0966,544.564,9272.08,14.0966,617.566,11665.5,14.0966,700.197,14673.6,14.0966,793.729,18452.9,14.0966,899.599,23198.6,14.0966,1019.43,29154.1,14.0966,1155.07,36622.3,14.0966,1308.6,45977.9,14.0966,1482.39,57683.7,14.0966,1679.09,72307.8,14.0966,1901.73,90542.8,14.0966,2153.73,113226,14.0966,2438.97,141360,14.0966,2761.81,176127,14.0966,3127.22,218898,14.0966,3540.81,271226,14.0966,4008.92,334817,14.0966,4538.74,411470,14.0966,5138.38,502973,14.0966,5817.04,610948,14.0966,6585.12,736653,14.0966,7454.39,880741,14.0966,8438.15,1.04302e+06,14.0966,9551.45,1.22224e+06,14.0966,10811.3,1.41602e+06,14.0966,12237,1.62086e+06,14.0966,11.7194,11.96,12.6541,2.21263,4.16949,0.989383,2.67766,5.84076,0.311842,3.14343,7.55825,0.0972771,3.63127,9.58578,0.0303237,4.15787,12.0912,0.00945211,4.73731,15.2286,0.00294633,5.38238,19.1721,0.000918508,6.10553,24.134,0.000286163,6.91951,30.3791,8.92692e-05,7.83792,38.2397,2.78121e-05,8.87555,48.1338,8.65134e-06,10.0489,60.5876,2.7882e-06,11.3761,76.2629,8.29036e-07,12.8779,95.9927,2.4373e-07,14.5775,120.825,4.33068e-09,16.5012,152.08,1.75749e-07,18.6784,191.415,-1.86328e-07,21.1428,240.917,1.91829e-07,23.9322,303.213,-1.81475e-07,27.0895,381.602,7.0186e-08,30.6634,480.231,-2.86769e-08,34.7087,604.316,2.40784e-07,39.2876,760.401,9.87368e-08,44.4705,956.705,1.22263e-07,50.3371,1203.54,-4.31966e-07,56.9776,1513.81,-1.9705e-07,64.494,1903.69,-2.763e-08,73.0018,2393.4,3.9185e-07,82.6317,3008.13,1.35379e-07,93.5318,3779.25,-4.16351e-08,105.869,4745.7,2.06965e-08,119.834,5955.6,-3.18887e-07,135.641,7468.12,-1.48271e-08,153.531,9355.62,2.00739e-07,173.781,11705.8,2.28358e-07,196.701,14624.1,-1.93587e-08,222.642,18235,-2.88101e-07,252.003,22683.4,-2.24732e-07,285.234,28134,8.56806e-09,322.845,34767,2.34258e-07,365.413,42770.9,2.99668e-07,413.588,52327.9,8.28644e-08,468.111,63591.2,-3.07049e-07,529.814,76653.2,-3.1888e-07,599.642,91502.5,-6.72276e-08,678.662,107975,2.26339e-07,768.083,125705,3.69212e-07,869.267,144088,2.04077e-07,983.76,162277,-2.80509e-07,1113.3,179223,-4.22737e-07,1259.87,193777,-1.71951e-07,1425.68,204839,4.55555e-07,11.7194,11.96,12.6541,2.21263,4.16949,0.989383,2.67766,5.84076,0.311842,3.14343,7.55825,0.0972771,3.63127,9.58578,0.0303237,4.15787,12.0912,0.00945211,4.73731,15.2286,0.00294633,5.38238,19.1721,0.000918508,6.10553,24.134,0.000286163,6.91951,30.3791,8.92692e-05,7.83792,38.2397,2.78121e-05,8.87555,48.1338,8.65134e-06,10.0489,60.5876,2.7882e-06,11.3761,76.2629,8.29036e-07,12.8779,95.9927,2.4373e-07,14.5775,120.825,1e-08,16.5012,152.08,1.75749e-07,18.6784,191.415,1e-08,21.1428,240.917,1.91829e-07,23.9322,303.213,1e-08,27.0895,381.602,7.0186e-08,30.6634,480.231,1e-08,34.7087,604.316,2.40784e-07,39.2876,760.401,9.87368e-08,44.4705,956.705,1.22263e-07,50.3371,1203.54,1e-08,56.9776,1513.81,1e-08,64.494,1903.69,1e-08,73.0018,2393.4,3.9185e-07,82.6317,3008.13,1.35379e-07,93.5318,3779.25,1e-08,105.869,4745.7,2.06965e-08,119.834,5955.6,1e-08,135.641,7468.12,1e-08,153.531,9355.62,2.00739e-07,173.781,11705.8,2.28358e-07,196.701,14624.1,1e-08,222.642,18235,1e-08,252.003,22683.4,1e-08,285.234,28134,1e-08,322.845,34767,2.34258e-07,365.413,42770.9,2.99668e-07,413.588,52327.9,8.28644e-08,468.111,63591.2,1e-08,529.814,76653.2,1e-08,599.642,91502.5,1e-08,678.662,107975,2.26339e-07,768.083,125705,3.69212e-07,869.267,144088,2.04077e-07,983.76,162277,1e-08,1113.3,179223,1e-08,1259.87,193777,1e-08,1425.68,204839,4.55555e-07,6.2823,3.27286,2.43537,0.219672,6.18826,2.24117,0.56371,6.87772,2.63624,0.308279,8,10,5,1,6,1,5,4,0,4,11,0,13,9,0,9,8,0,2,10,0,7,9,0,7,39,0,4,31,0,10,32,0,11,58,0,7,75,0,11,85,0,11,189,0,33,81,0,16,78,0,21,351,0,15,301,0,14,111,0,35,381,0,33,260,0,15,304,0,27,592,0,54,823,0,64,1836,0,60,682,0,98,1471,0,54,1893,0,42,2610,0,114,1559,0,96,2884,0,151,3810,0,205,10642,0,59,8165,0,148,8831,0,132,9780,0,194,16035,0,207,8464,0,362,33312,0,326,30078,0,226,48581,0,204,31403,0,199,44224,0,537,117697,0,860,112740,0,492,179200,0,648,90416,0,704,122123,0,609,290996,0,1102,118531,0,2018,147940,0,1974,315222,0
-1.05176e+08,1,8.88811e-15,10,1023,0,1.05176e+08,0.528882,1.08665,0.389689,0.145397,0.379329,3.24381,0.161596,0.446195,1.77396,0.159177,1.15e+07,4.49998e+06,6.79999e+06,1.15e+07,4.49997e+06,6.79999e+06,1.15e+07,4.49996e+06,6.79999e+06,1.15e+07,4.49995e+06,6.79999e+06,1.14999e+07,4.49993e+06,6.79999e+06,1.14999e+07,4.49991e+06,6.79999e+06,1.14999e+07,4.49989e+06,6.79999e+06,1.14999e+07,4.49986e+06,6.79999e+06,1.14999e+07,4.49982e+06,6.79999e+06,1.14999e+07,4.49977e+06,6.79999e+06,1.14999e+07,4.49971e+06,6.79999e+06,1.14999e+07,4.49963e+06,6.79999e+06,1.14998e+07,4.49953e+06,6.79999e+06,1.14998e+07,4.49941e+06,6.79999e+06,1.14998e+07,4.49926e+06,6.79999e+06,1.14998e+07,4.49906e+06,6.79999e+06,1.14997e+07,4.49882e+06,6.79999e+06,1.14997e+07,4.49851e+06,6.79999e+06,1.14997e+07,4.49812e+06,6.79999e+06,1.14996e+07,4.49764e+06,6.79999e+06,1.14996e+07,4.49702e+06,6.79999e+06,1.14995e+07,4.49625e+06,6.79999e+06,1.14995e+07,4.49528e+06,6.79999e+06,1.14994e+07,4.49406e+06,6.79999e+06,1.14993e+07,4.49253e+06,6.79999e+06,1.14992e+07,4.49059e+06,6.79999e+06,1.14991e+07,4.48817e+06,6.79999e+06,1.1499e+07,4.48511e+06,6.79999e+06,1.14988e+07,4.48128e+06,6.79999e+06,1.14987e+07,4.47646e+06,6.79999e+06,1.14985e+07,4.47041e+06,6.79999e+06,1.14983e+07,4.46281e+06,6.79999e+06,1.14981e+07,4.4533e+06,6.79999e+06,1.14979e+07,4.44138e+06,6.79999e+06,1.14976e+07,4.42649e+06,6.79999e+06,1.14972e+07,4.40789e+06,6.79999e+06,1.14969e+07,4.38471e+06,6.79999e+06,1.14965e+07,4.35592e+06,6.79999e+06,1.1496e+07,4.32027e+06,6.79999e+06,1.14955e+07,4.27629e+06,6.79999e+06,1.14949e+07,4.22231e+06,6.79999e+06,1.14942e+07,4.15647e+06,6.79999e+06,1.14934e+07,4.07676e+06,6.79999e+06,1.14926e+07,3.98112e+06,6.79999e+06,1.14916e+07,3.86765e+06,6.79999e+06,1.14905e+07,3.73474e+06,6.79999e+06,1.14892e+07,3.58148e+06,6.79999e+06,1.14878e+07,3.40785e+06,6.79999e+06,1.14862e+07,3.21513e+06,6.79999e+06,1.14844e+07,3.00605e+06,6.79999e+06,1.14823e+07,2.7848e+06,6.79999e+06,1.148e+07,2.5568e+06,6.79999e+06,1.14773e+07,2.32825e+06,6.79999e+06,13.5742,8.52444,0.508366,16.8306,13.2585,0.162638,20.0035,17.569,0.0507846,23.2616,22.4214,0.0158319,26.7328,28.3297,0.00493498,30.5212,35.6974,0.00153831,34.7178,44.9473,0.000479527,39.4086,56.5822,0.000149456,44.6796,71.2245,4.66214e-05,50.6209,89.6543,1.45419e-05,57.3297,112.852,4.54748e-06,64.9129,142.051,1.43857e-06,73.4897,178.803,4.36618e-07,83.1934,225.062,1.40153e-07,94.1745,283.286,4.96378e-08,106.602,356.568,1.05434e-07,120.669,448.799,-6.49244e-08,136.59,564.873,1.70148e-07,154.611,710.948,-5.34594e-08,175.008,894.767,1.63407e-07,198.097,1126.06,8.04804e-08,224.231,1417.07,1.14667e-07,253.813,1783.15,-1.71227e-07,287.297,2243.62,-2.88466e-07,325.198,2822.67,-4.33651e-07,368.098,3550.67,7.9318e-08,416.657,4465.65,3.13319e-07,471.621,5615.16,3.4613e-07,533.835,7058.61,-1.19199e-07,604.255,8870.02,-2.79964e-07,683.962,11141.4,-2.30521e-07,774.182,13986.7,-2.55099e-07,876.299,17546.4,1.23585e-07,991.883,21993.1,1.41192e-07,1122.71,27536.7,-9.71886e-08,1270.78,34430.7,-3.68368e-07,1438.38,42977.7,-3.45379e-07,1628.07,53532.7,-3.25328e-09,1842.77,66504.6,2.6362e-07,2085.77,82350.2,2.53445e-07,2360.79,101560,-2.47407e-08,2672.05,124632,-3.80602e-07,3024.31,152018,-4.79005e-07,3422.98,184060,-1.14379e-07,3874.15,220884,2.64297e-07,4384.72,262283,3.44131e-07,4962.49,307576,7.5349e-08,5616.29,355497,-3.63097e-07,6356.1,404126,-6.05442e-07,7193.18,450932,-2.72333e-07,8140.28,492963,2.29675e-07,9211.79,527178,4.3387e-07,10424,550893,-1.0711e-07,10.102,8.06553,2.81012,10.6436,8.57909,0.869423,11.5336,10.2515,0.270869,12.7211,12.7138,0.0844293,14.1823,15.9373,0.0263173,15.9122,20.0383,0.0082035,17.9198,25.2154,0.00255722,20.2244,31.7373,0.000797017,22.8539,39.9486,0.000248622,25.8438,50.2851,7.75492e-05,29.237,63.2963,2.42508e-05,33.0837,79.6738,7.67162e-06,37.4415,100.288,2.32837e-06,42.3767,126.236,7.33e-07,47.9646,158.896,2.79256e-07,54.2906,200.003,9.87351e-09,61.452,251.741,1.61085e-07,69.5585,316.859,-2.47141e-07,78.7347,398.812,8.93552e-08,89.1218,501.948,-2.53231e-07,100.879,631.736,-1.25047e-07,114.188,795.049,-1.78808e-07,129.252,1000.53,2.6733e-07,146.304,1259.03,4.50292e-07,165.605,1584.19,6.76904e-07,187.452,1993.12,-1.23808e-07,212.181,2507.27,-4.89068e-07,240.173,3153.54,-5.40284e-07,271.856,3965.56,1.86061e-07,307.719,4985.38,4.37004e-07,348.313,6265.4,3.59828e-07,394.26,7870.83,3.98192e-07,446.268,9882.51,-1.92908e-07,505.135,12400.3,-2.20392e-07,571.766,15546.9,1.51705e-07,647.184,19472.2,5.74996e-07,732.547,24357.4,5.39112e-07,829.167,30420,5.07815e-09,938.526,37916.3,-4.11492e-07,1062.3,47143.9,-3.9561e-07,1202.4,58439.2,3.86185e-08,1360.96,72169.3,5.94093e-07,1540.42,88715.8,7.47693e-07,1743.53,108445,1.78537e-07,1973.41,131665,-4.12549e-07,2233.57,158557,-5.37164e-07,2528,189103,-1.17615e-07,2861.2,222986,5.66769e-07,3238.27,259510,9.45053e-07,3664.97,297540,4.25093e-07,4147.81,335497,-3.58506e-07,4694.17,371444,-6.7724e-07,5312.37,403256,1.67192e-07,1.61744,3.89446,9.84394,3.28846,7.5504,12.774,5.07607,11.7187,13.6844,7.03202,16.8147,13.9681,9.20215,23.1769,14.0566,11.6301,31.1672,14.0841,14.3598,41.2186,14.0927,17.4376,53.8688,14.0954,20.9137,69.7915,14.0962,24.8432,89.8341,14.0965,29.2879,115.063,14.0966,34.3168,146.819,14.0966,40.0078,186.792,14.0966,46.4487,237.107,14.0966,53.7388,300.44,14.0966,61.9903,380.158,14.0966,71.3301,480.499,14.0966,81.902,606.796,14.0966,93.8685,765.761,14.0966,107.414,965.837,14.0966,122.746,1217.65,14.0966,140.101,1534.57,14.0966,159.745,1933.41,14.0966,181.981,2435.3,14.0966,207.15,3066.85,14.0966,235.64,3861.46,14.0966,267.889,4861.11,14.0966,304.391,6118.54,14.0966,345.709,7699.91,14.0966,392.478,9688.22,14.0966,445.417,12187.5,14.0966,505.339,15327.7,14.0966,573.165,19271.6,14.0966,649.938,24222,14.0966,736.839,30430.9,14.0966,835.202,38211.5,14.0966,946.539,47950.3,14.0966,1072.56,60122.8,14.0966,1215.21,75309.9,14.0966,1376.66,94216.2,14.0966,1559.41,117688,14.0966,1766.26,146729,14.0966,2000.39,182510,14.0966,2265.39,226372,14.0966,2565.33,279806,14.0966,2904.81,344416,14.0966,3289.05,421845,14.0966,3723.93,513667,14.0966,4216.13,621231,14.0966,4773.18,745478,14.0966,5403.64,886744,14.0966,6117.15,1.04457e+06,14.0966,6924.63,1.2176e+06,14.0966,11.7194,11.96,12.6541,13.9321,16.1295,13.6434,16.6097,21.9702,13.9553,19.7532,29.5285,14.0526,23.3844,39.1143,14.0829,27.5423,51.2054,14.0923,32.2796,66.434,14.0953,37.662,85.6061,14.0962,43.7675,109.74,14.0965,50.687,140.119,14.0966,58.5249,178.359,14.0966,67.4005,226.493,14.0966,77.4493,287.08,14.0966,88.8254,363.343,14.0966,101.703,459.336,14.0966,116.281,580.161,14.0966,132.782,732.241,14.0966,151.46,923.655,14.0966,172.603,1164.57,14.0966,196.535,1467.79,14.0966,223.625,1849.39,14.0966,254.288,2329.62,14.0966,288.997,2933.93,14.0966,328.285,3694.33,14.0966,372.755,4651.04,14.0966,423.092,5854.57,14.0966,480.07,7368.38,14.0966,544.564,9272.08,14.0966,617.566,11665.5,14.0966,700.197,14673.6,14.0966,793.729,18452.9,14.0966,899.599,23198.6,14.0966,1019.43,29154.1,14.0966,1155.07,36622.3,14.0966,1308.6,45977.9,14.0966,1482.39,57683.7,14.0966,1679.09,72307.8,14.0966,1901.73,90542.8,14.0966,2153.73,113226,14.0966,2438.97,141360,14.0966,2761.81,176127,14.0966,3127.22,218898,14.0966,3540.81,271226,14.0966,4008.92,334817,14.0966,4538.74,411470,14.0966,5138.38,502973,14.0966,5817.04,610948,14.0966,6585.12,736653,14.0966,7454.39,880741,14.0966,8438.15,1.04302e+06,14.0966,9551.45,1.22224e+06,14.0966,10811.3,1.41602e+06,14.0966,12237,1.62086e+06,14.0966,11.7194,11.96,12.6541,2.21263,4.16949,0.989383,2.67766,5.84076,0.311842,3.14343,7.55825,0.0972771,3.63127,9.58578,0.0303237,4.15787,12.0912,0.00945211,4.73731,15.2286,0.00294633,5.38238,19.1721,0.000918508,6.10553,24.134,0.000286163,6.91951,30.3791,8.92692e-05,7.83792,38.2397,2.78121e-05,8.87555,48.1338,8.65134e-06,10.0489,60.5876,2.7882e-06,11.3761,76.2629,8.29036e-07,12.8779,95.9927,2.4373e-07,14.5775,120.825,4.33068e-09,16.5012,152.08,1.75749e-07,18.6784,191.415,-1.86328e-07,21.1428,240.917,1.91829e-07,23.9322,303.213,-1.81475e-07,27.0895,381.602,7.0186e-08,30.6634,480.231,-2.86769e-08,34.7087,604.316,2.40784e-07,39.2876,760.401,9.87368e-08,44.4705,956.705,1.22263e-07,50.3371,1203.54,-4.31966e-07,56.9776,1513.81,-1.9705e-07,64.494,1903.69,-2.763e-08,73.0018,2393.4,3.9185e-07,82.6317,3008.13,1.35379e-07,93.5318,3779.25,-4.16351e-08,105.869,4745.7,2.06965e-08,119.834,5955.6,-3.18887e-07,135.641,7468.12,-1.48271e-08,153.531,9355.62,2.00739e-07,173.781,11705.8,2.28358e-07,196.701,14624.1,-1.93587e-08,222.642,18235,-2.88101e-07,252.003,22683.4,-2.24732e-07,285.234,28134,8.56806e-09,322.845,34767,2.34258e-07,365.413,42770.9,2.99668e-07,413.588,52327.9,8.28644e-08,468.111,63591.2,-3.07049e-07,529.814,76653.2,-3.1888e-07,599.642,91502.5,-6.72276e-08,678.662,107975,2.26339e-07,768.083,125705,3.69212e-07,869.267,144088,2.04077e-07,983.76,162277,-2.80509e-07,1113.3,179223,-4.22737e-07,1259.87,193777,-1.71951e-07,1425.68,204839,4.55555e-07,11.7194,11.96,12.6541,2.21263,4.16949,0.989383,2.67766,5.84076,0.311842,3.14343,7.55825,0.0972771,3.63127,9.58578,0.0303237,4.15787,12.0912,0.00945211,4.73731,15.2286,0.00294633,5.38238,19.1721,0.000918508,6.10553,24.134,0.000286163,6.91951,30.3791,8.92692e-05,7.83792,38.2397,2.78121e-05,8.87555,48.1338,8.65134e-06,10.0489,60.5876,2.7882e-06,11.3761,76.2629,8.29036e-07,12.8779,95.9927,2.4373e-07,14.5775,120.825,1e-08,16.5012,152.08,1.75749e-07,18.6784,191.415,1e-08,21.1428,240.917,1.91829e-07,23.9322,303.213,1e-08,27.0895,381.602,7.0186e-08,30.6634,480.231,1e-08,34.7087,604.316,2.40784e-07,39.2876,760.401,9.87368e-08,44.4705,956.705,1.22263e-07,50.3371,1203.54,1e-08,56.9776,1513.81,1e-08,64.494,1903.69,1e-08,73.0018,2393.4,3.9185e-07,82.6317,3008.13,1.35379e-07,93.5318,3779.25,1e-08,105.869,4745.7,2.06965e-08,119.834,5955.6,1e-08,135.641,7468.12,1e-08,153.531,9355.62,2.00739e-07,173.781,11705.8,2.28358e-07,196.701,14624.1,1e-08,222.642,18235,1e-08,252.003,22683.4,1e-08,285.234,28134,1e-08,322.845,34767,2.34258e-07,365.413,42770.9,2.99668e-07,413.588,52327.9,8.28644e-08,468.111,63591.2,1e-08,529.814,76653.2,1e-08,599.642,91502.5,1e-08,678.662,107975,2.26339e-07,768.083,125705,3.69212e-07,869.267,144088,2.04077e-07,983.76,162277,1e-08,1113.3,179223,1e-08,1259.87,193777,1e-08,1425.68,204839,4.55555e-07,6.2823,3.27286,2.43537,0.219672,6.18826,2.24117,0.56371,6.87772,2.63624,0.308279,13,14,11,3,3,0,6,4,1,1,2,0,6,5,0,3,9,0,2,4,0,11,23,0,5,22,0,5,47,0,6,19,0,9,34,0,12,55,0,7,51,0,13,144,0,4,169,0,12,164,0,25,287,0,20,233,0,20,192,0,23,283,0,34,541,0,35,298,0,46,1001,0,26,1140,0,36,1059,0,41,1632,0,27,1120,0,67,1504,0,82,1746,0,54,3334,0,60,6670,0,126,6665,0,196,7837,0,117,4515,0,187,11809,0,188,13057,0,212,22680,0,298,29856,0,528,27652,0,407,33537,0,333,33454,0,260,41067,0,501,50740,0,428,41066,0,844,43508,0,488,56089,0,420,178810,0,1214,126171,0,1778,119754,0,1204,237845,0,1663,268877,0,836,253555,0
-1.05176e+08,1,8.88811e-15,10,1023,0,1.05176e+08,0.528882,1.08665,0.389689,0.145397,0.379329,3.24381,0.161596,0.446195,1.77396,0.159177,1.15e+07,4.49998e+06,6.79999e+06,1.15e+07,4.49997e+06,6.79999e+06,1.15e+07,4.49996e+06,6.79999e+06,1.15e+07,4.49995e+06,6.79999e+06,1.14999e+07,4.49993e+06,6.79999e+06,1.14999e+07,4.49991e+06,6.79999e+06,1.14999e+07,4.49989e+06,6.79999e+06,1.14999e+07,4.49986e+06,6.79999e+06,1.14999e+07,4.49982e+06,6.79999e+06,1.14999e+07,4.49977e+06,6.79999e+06,1.14999e+07,4.49971e+06,6.79999e+06,1.14999e+07,4.49963e+06,6.79999e+06,1.14998e+07,4.49953e+06,6.79999e+06,1.14998e+07,4.49941e+06,6.79999e+06,1.14998e+07,4.49926e+06,6.79999e+06,1.14998e+07,4.49906e+06,6.79999e+06,1.14997e+07,4.49882e+06,6.79999e+06,1.14997e+07,4.49851e+06,6.79999e+06,1.14997e+07,4.49812e+06,6.79999e+06,1.14996e+07,4.49764e+06,6.79999e+06,1.14996e+07,4.49702e+06,6.79999e+06,1.14995e+07,4.49625e+06,6.79999e+06,1.14995e+07,4.49528e+06,6.79999e+06,1.14994e+07,4.49406e+06,6.79999e+06,1.14993e+07,4.49253e+06,6.79999e+06,1.14992e+07,4.49059e+06,6.79999e+06,1.14991e+07,4.48817e+06,6.79999e+06,1.1499e+07,4.48511e+06,6.79999e+06,1.14988e+07,4.48128e+06,6.79999e+06,1.14987e+07,4.47646e+06,6.79999e+06,1.14985e+07,4.47041e+06,6.79999e+06,1.14983e+07,4.46281e+06,6.79999e+06,1.14981e+07,4.4533e+06,6.79999e+06,1.14979e+07,4.44138e+06,6.79999e+06,1.14976e+07,4.42649e+06,6.79999e+06,1.14972e+07,4.40789e+06,6.79999e+06,1.14969e+07,4.38471e+06,6.79999e+06,1.14965e+07,4.35592e+06,6.79999e+06,1.1496e+07,4.32027e+06,6.79999e+06,1.14955e+07,4.27629e+06,6.79999e+06,1.14949e+07,4.22231e+06,6.79999e+06,1.14942e+07,4.15647e+06,6.79999e+06,1.14934e+07,4.07676e+06,6.79999e+06,1.14926e+07,3.98112e+06,6.79999e+06,1.14916e+07,3.86765e+06,6.79999e+06,1.14905e+07,3.73474e+06,6.79999e+06,1.14892e+07,3.58148e+06,6.79999e+06,1.14878e+07,3.40785e+06,6.79999e+06,1.14862e+07,3.21513e+06,6.79999e+06,1.14844e+07,3.00605e+06,6.79999e+06,1.14823e+07,2.7848e+06,6.79999e+06,1.148e+07,2.5568e+06,6.79999e+06,1.14773e+07,2.32825e+06,6.79999e+06,13.5742,8.52444,0.508366,16.8306,13.2585,0.162638,20.0035,17.569,0.0507846,23.2616,22.4214,0.0158319,26.7328,28.3297,0.00493498,30.5212,35.6974,0.00153831,34.7178,44.9473,0.000479527,39.4086,56.5822,0.000149456,44.6796,71.2245,4.66214e-05,50.6209,89.6543,1.45419e-05,57.3297,112.852,4.54748e-06,64.9129,142.051,1.43857e-06,73.4897,178.803,4.36618e-07,83.1934,225.062,1.40153e-07,94.1745,283.286,4.96378e-08,106.602,356.568,1.05434e-07,120.669,448.799,-6.49244e-08,136.59,564.873,1.70148e-07,154.611,710.948,-5.34594e-08,175.008,894.767,1.63407e-07,198.097,1126.06,8.04804e-08,224.231,1417.07,1.14667e-07,253.813,1783.15,-1.71227e-07,287.297,2243.62,-2.88466e-07,325.198,2822.67,-4.33651e-07,368.098,3550.67,7.9318e-08,416.657,4465.65,3.13319e-07,471.621,5615.16,3.4613e-07,533.835,7058.61,-1.19199e-07,604.255,8870.02,-2.79964e-07,683.962,11141.4,-2.30521e-07,774.182,13986.7,-2.55099e-07,876.299,17546.4,1.23585e-07,991.883,21993.1,1.41192e-07,1122.71,27536.7,-9.71886e-08,1270.78,34430.7,-3.68368e-07,1438.38,42977.7,-3.45379e-07,1628.07,53532.7,-3.25328e-09,1842.77,66504.6,2.6362e-07,2085.77,82350.2,2.53445e-07,2360.79,101560,-2.47407e-08,2672.05,124632,-3.80602e-07,3024.31,152018,-4.79005e-07,3422.98,184060,-1.14379e-07,3874.15,220884,2.64297e-07,4384.72,262283,3.44131e-07,4962.49,307576,7.5349e-08,5616.29,355497,-3.63097e-07,6356.1,404126,-6.05442e-07,7193.18,450932,-2.72333e-07,8140.28,492963,2.29675e-07,9211.79,527178,4.3387e-07,10424,550893,-1.0711e-07,10.102,8.06553,2.81012,10.6436,8.57909,0.869423,11.5336,10.2515,0.270869,12.7211,12.7138,0.0844293,14.1823,15.9373,0.0263173,15.9122,20.0383,0.0082035,17.9198,25.2154,0.00255722,20.2244,31.7373,0.000797017,22.8539,39.9486,0.000248622,25.8438,50.2851,7.75492e-05,29.237,63.2963,2.42508e-05,33.0837,79.6738,7.67162e-06,37.4415,100.288,2.32837e-06,42.3767,126.236,7.33e-07,47.9646,158.896,2.79256e-07,54.2906,200.003,9.87351e-09,61.452,251.741,1.61085e-07,69.5585,316.859,-2.47141e-07,78.7347,398.812,8.93552e-08,89.1218,501.948,-2.53231e-07,100.879,631.736,-1.25047e-07,114.188,795.049,-1.78808e-07,129.252,1000.53,2.6733e-07,146.304,1259.03,4.50292e-07,165.605,1584.19,6.76904e-07,187.452,1993.12,-1.23808e-07,212.181,2507.27,-4.89068e-07,240.173,3153.54,-5.40284e-07,271.856,3965.56,1.86061e-07,307.719,4985.38,4.37004e-07,348.313,6265.4,3.59828e-07,394.26,7870.83,3.98192e-07,446.268,9882.51,-1.92908e-07,505.135,12400.3,-2.20392e-07,571.766,15546.9,1.51705e-07,647.184,19472.2,5.74996e-07,732.547,24357.4,5.39112e-07,829.167,30420,5.07815e-09,938.526,37916.3,-4.11492e-07,1062.3,47143.9,-3.9561e-07,1202.4,58439.2,3.86185e-08,1360.96,72169.3,5.94093e-07,1540.42,88715.8,7.47693e-07,1743.53,108445,1.78537e-07,1973.41,131665,-4.12549e-07,2233.57,158557,-5.37164e-07,2528,189103,-1.17615e-07,2861.2,222986,5.66769e-07,3238.27,259510,9.45053e-07,3664.97,297540,4.25093e-07,4147.81,335497,-3.58506e-07,4694.17,371444,-6.7724e-07,5312.37,403256,1.67192e-07,1.61744,3.89446,9.84394,3.28846,7.5504,12.774,5.07607,11.7187,13.6844,7.03202,16.8147,13.9681,9.20215,23.1769,14.0566,11.6301,31.1672,14.0841,14.3598,41.2186,14.0927,17.4376,53.8688,14.0954,20.9137,69.7915,14.0962,24.8432,89.8341,14.0965,29.2879,115.063,14.0966,34.3168,146.819,14.0966,40.0078,186.792,14.0966,46.4487,237.107,14.0966,53.7388,300.44,14.0966,61.9903,380.158,14.0966,71.3301,480.499,14.0966,81.902,606.796,14.0966,93.8685,765.761,14.0966,107.414,965.837,14.0966,122.746,1217.65,14.0966,140.101,1534.57,14.0966,159.745,1933.41,14.0966,181.981,2435.3,14.0966,207.15,3066.85,14.0966,235.64,3861.46,14.0966,267.889,4861.11,14.0966,304.391,6118.54,14.0966,345.709,7699.91,14.0966,392.478,9688.22,14.0966,445.417,12187.5,14.0966,505.339,15327.7,14.0966,573.165,19271.6,14.0966,649.938,24222,14.0966,736.839,30430.9,14.0966,835.202,38211.5,14.0966,946.539,47950.3,14.0966,1072.56,60122.8,14.0966,1215.21,75309.9,14.0966,1376.66,94216.2,14.0966,1559.41,117688,14.0966,1766.26,146729,14.0966,2000.39,182510,14.0966,2265.39,226372,14.0966,2565.33,279806,14.0966,2904.81,344416,14.0966,3289.05,421845,14.0966,3723.93,513667,14.0966,4216.13,621231,14.0966,4773.18,745478,14.0966,5403.64,886744,14.0966,6117.15,1.04457e+06,14.0966,6924.63,1.2176e+06,14.0966,11.7194,11.96,12.6541,13.9321,16.1295,13.6434,16.6097,21.9702,13.9553,19.7532,29.5285,14.0526,23.3844,39.1143,14.0829,27.5423,51.2054,14.0923,32.2796,66.434,14.0953,37.662,85.6061,14.0962,43.7675,109.74,14.0965,50.687,140.119,14.0966,58.5249,178.359,14.0966,67.4005,226.493,14.0966,77.4493,287.08,14.0966,88.8254,363.343,14.0966,101.703,459.336,14.0966,116.281,580.161,14.0966,132.782,732.241,14.0966,151.46,923.655,14.0966,172.603,1164.57,14.0966,196.535,1467.79,14.0966,223.625,1849.39,14.0966,254.288,2329.62,14.0966,288.997,2933.93,14.0966,328.285,3694.33,14.0966,372.755,4651.04,14.0966,423.092,5854.57,14.0966,480.07,7368.38,14.0966,544.564,9272.08,14.0966,617.566,11665.5,14.0966,700.197,14673.6,14.0966,793.729,18452.9,14.0966,899.599,23198.6,14.0966,1019.43,29154.1,14.0966,1155.07,36622.3,14.0966,1308.6,45977.9,14.0966,1482.39,57683.7,14.0966,1679.09,72307.8,14.0966,1901.73,90542.8,14.0966,2153.73,113226,14.0966,2438.97,141360,14.0966,2761.81,176127,14.0966,3127.22,218898,14.0966,3540.81,271226,14.0966,4008.92,334817,14.0966,4538.74,411470,14.0966,5138.38,502973,14.0966,5817.04,610948,14.0966,6585.12,736653,14.0966,7454.39,880741,14.0966,8438.15,1.04302e+06,14.0966,9551.45,1.22224e+06,14.0966,10811.3,1.41602e+06,14.0966,12237,1.62086e+06,14.0966,11.7194,11.96,12.6541,2.21263,4.16949,0.989383,2.67766,5.84076,0.311842,3.14343,7.55825,0.0972771,3.63127,9.58578,0.0303237,4.15787,12.0912,0.00945211,4.73731,15.2286,0.00294633,5.38238,19.1721,0.000918508,6.10553,24.134,0.000286163,6.91951,30.3791,8.92692e-05,7.83792,38.2397,2.78121e-05,8.87555,48.1338,8.65134e-06,10.0489,60.5876,2.7882e-06,11.3761,76.2629,8.29036e-07,12.8779,95.9927,2.4373e-07,14.5775,120.825,4.33068e-09,16.5012,152.08,1.75749e-07,18.6784,191.415,-1.86328e-07,21.1428,240.917,1.91829e-07,23.9322,303.213,-1.81475e-07,27.0895,381.602,7.0186e-08,30.6634,480.231,-2.86769e-08,34.7087,604.316,2.40784e-07,39.2876,760.401,9.87368e-08,44.4705,956.705,1.22263e-07,50.3371,1203.54,-4.31966e-07,56.9776,1513.81,-1.9705e-07,64.494,1903.69,-2.763e-08,73.0018,2393.4,3.9185e-07,82.6317,3008.13,1.35379e-07,93.5318,3779.25,-4.16351e-08,105.869,4745.7,2.06965e-08,119.834,5955.6,-3.18887e-07,135.641,7468.12,-1.48271e-08,153.531,9355.62,2.00739e-07,173.781,11705.8,2.28358e-07,196.701,14624.1,-1.93587e-08,222.642,18235,-2.88101e-07,252.003,22683.4,-2.24732e-07,285.234,28134,8.56806e-09,322.845,34767,2.34258e-07,365.413,42770.9,2.99668e-07,413.588,52327.9,8.28644e-08,468.111,63591.2,-3.07049e-07,529.814,76653.2,-3.1888e-07,599.642,91502.5,-6.72276e-08,678.662,107975,2.26339e-07,768.083,125705,3.69212e-07,869.267,144088,2.04077e-07,983.76,162277,-2.80509e-07,1113.3,179223,-4.22737e-07,1259.87,193777,-1.71951e-07,1425.68,204839,4.55555e-07,11.7194,11.96,12.6541,2.21263,4.16949,0.989383,2.67766,5.84076,0.311842,3.14343,7.55825,0.0972771,3.63127,9.58578,0.0303237,4.15787,12.0912,0.00945211,4.73731,15.2286,0.00294633,5.38238,19.1721,0.000918508,6.10553,24.134,0.000286163,6.91951,30.3791,8.92692e-05,7.83792,38.2397,2.78121e-05,8.87555,48.1338,8.65134e-06,10.0489,60.5876,2.7882e-06,11.3761,76.2629,8.29036e-07,12.8779,95.9927,2.4373e-07,14.5775,120.825,1e-08,16.5012,152.08,1.75749e-07,18.6784,191.415,1e-08,21.1428,240.917,1.91829e-07,23.9322,303.213,1e-08,27.0895,381.602,7.0186e-08,30.6634,480.231,1e-08,34.7087,604.316,2.40784e-07,39.2876,760.401,9.87368e-08,44.4705,956.705,1.22263e-07,50.3371,1203.54,1e-08,56.9776,1513.81,1e-08,64.494,1903.69,1e-08,73.0018,2393.4,3.9185e-07,82.6317,3008.13,1.35379e-07,93.5318,3779.25,1e-08,105.869,4745.7,2.06965e-08,119.834,5955.6,1e-08,135.641,7468.12,1e-08,153.531,9355.62,2.00739e-07,173.781,11705.8,2.28358e-07,196.701,14624.1,1e-08,222.642,18235,1e-08,252.003,22683.4,1e-08,285.234,28134,1e-08,322.845,34767,2.34258e-07,365.413,42770.9,2.99668e-07,413.588,52327.9,8.28644e-08,468.111,63591.2,1e-08,529.814,76653.2,1e-08,599.642,91502.5,1e-08,678.662,107975,2.26339e-07,768.083,125705,3.69212e-07,869.267,144088,2.04077e-07,983.76,162277,1e-08,1113.3,179223,1e-08,1259.87,193777,1e-08,1425.68,204839,4.55555e-07,6.2823,3.27286,2.43537,0.219672,6.18826,2.24117,0.56371,6.87772,2.63624,0.308279,8,15,6,8,3,2,4,5,0,4,6,0,1,12,0,2,9,0,2,29,0,6,14,0,4,12,0,2,40,0,4,25,0,5,46,0,6,75,0,8,100,0,9,73,0,10,97,0,34,172,0,21,208,0,29,111,0,19,94,0,32,411,0,40,647,0,35,624,0,54,467,0,36,924,0,63,2173,0,38,923,0,26,1096,0,97,1863,0,59,6099,0,116,2059,0,41,7536,0,71,3967,0,131,4689,0,167,8071,0,129,3524,0,127,14384,0,381,21487,0,295,43094,0,342,15899,0,278,14288,0,733,68391,0,352,75128,0,734,66783,0,430,71544,0,341,61426,0,275,50928,0,344,56031,0,850,131281,0,1274,88889,0,1256,136944,0,1285,155602,0,942,120977,0
-1.05176e+08,1,8.88811e-15,10,1023,0,1.05176e+08,0.528882,1.08665,0.389689,0.145397,0.379329,3.24381,0.161596,0.446195,1.77396,0.159177,1.15e+07,4.49998e+06,6.79999e+06,1.15e+07,4.49997e+06,6.79999e+06,1.15e+07,4.49996e+06,6.79999e+06,1.15e+07,4.49995e+06,6.79999e+06,1.14999e+07,4.49993e+06,6.79999e+06,1.14999e+07,4.49991e+06,6.79999e+06,1.14999e+07,4.49989e+06,6.79999e+06,1.14999e+07,4.49986e+06,6.79999e+06,1.14999e+07,4.49982e+06,6.79999e+06,1.14999e+07,4.49977e+06,6.79999e+06,1.14999e+07,4.49971e+06,6.79999e+06,1.14999e+07,4.49963e+06,6.79999e+06,1.14998e+07,4.49953e+06,6.79999e+06,1.14998e+07,4.49941e+06,6.79999e+06,1.14998e+07,4.49926e+06,6.79999e+06,1.14998e+07,4.49906e+06,6.79999e+06,1.14997e+07,4.49882e+06,6.79999e+06,1.14997e+07,4.49851e+06,6.79999e+06,1.14997e+07,4.49812e+06,6.79999e+06,1.14996e+07,4.49764e+06,6.79999e+06,1.14996e+07,4.49702e+06,6.79999e+06,1.14995e+07,4.49625e+06,6.79999e+06,1.14995e+07,4.49528e+06,6.79999e+06,1.14994e+07,4.49406e+06,6.79999e+06,1.14993e+07,4.49253e+06,6.79999e+06,1.14992e+07,4.49059e+06,6.79999e+06,1.14991e+07,4.48817e+06,6.79999e+06,1.1499e+07,4.48511e+06,6.79999e+06,1.14988e+07,4.48128e+06,6.79999e+06,1.14987e+07,4.47646e+06,6.79999e+06,1.14985e+07,4.47041e+06,6.79999e+06,1.14983e+07,4.46281e+06,6.79999e+06,1.14981e+07,4.4533e+06,6.79999e+06,1.14979e+07,4.44138e+06,6.79999e+06,1.14976e+07,4.42649e+06,6.79999e+06,1.14972e+07,4.40789e+06,6.79999e+06,1.14969e+07,4.38471e+06,6.79999e+06,1.14965e+07,4.35592e+06,6.79999e+06,1.1496e+07,4.32027e+06,6.79999e+06,1.14955e+07,4.27629e+06,6.79999e+06,1.14949e+07,4.22231e+06,6.79999e+06,1.14942e+07,4.15647e+06,6.79999e+06,1.14934e+07,4.07676e+06,6.79999e+06,1.14926e+07,3.98112e+06,6.79999e+06,1.14916e+07,3.86765e+06,6.79999e+06,1.14905e+07,3.73474e+06,6.79999e+06,1.14892e+07,3.58148e+06,6.79999e+06,1.14878e+07,3.40785e+06,6.79999e+06,1.14862e+07,3.21513e+06,6.79999e+06,1.14844e+07,3.00605e+06,6.79999e+06,1.14823e+07,2.7848e+06,6.79999e+06,1.148e+07,2.5568e+06,6.79999e+06,1.14773e+07,2.32825e+06,6.79999e+06,13.5742,8.52444,0.508366,16.8306,13.2585,0.162638,20.0035,17.569,0.0507846,23.2616,22.4214,0.0158319,26.7328,28.3297,0.00493498,30.5212,35.6974,0.00153831,34.7178,44.9473,0.000479527,39.4086,56.5822,0.000149456,44.6796,71.2245,4.66214e-05,50.6209,89.6543,1.45419e-05,57.3297,112.852,4.54748e-06,64.9129,142.051,1.43857e-06,73.4897,178.803,4.36618e-07,83.1934,225.062,1.40153e-07,94.1745,283.286,4.96378e-08,106.602,356.568,1.05434e-07,120.669,448.799,-6.49244e-08,136.59,564.873,1.70148e-07,154.611,710.948,-5.34594e-08,175.008,894.767,1.63407e-07,198.097,1126.06,8.04804e-08,224.231,1417.07,1.14667e-07,253.813,1783.15,-1.71227e-07,287.297,2243.62,-2.88466e-07,325.198,2822.67,-4.33651e-07,368.098,3550.67,7.9318e-08,416.657,4465.65,3.13319e-07,471.621,5615.16,3.4613e-07,533.835,7058.61,-1.19199e-07,604.255,8870.02,-2.79964e-07,683.962,11141.4,-2.30521e-07,774.182,13986.7,-2.55099e-07,876.299,17546.4,1.23585e-07,991.883,21993.1,1.41192e-07,1122.71,27536.7,-9.71886e-08,1270.78,34430.7,-3.68368e-07,1438.38,42977.7,-3.45379e-07,1628.07,53532.7,-3.25328e-09,1842.77,66504.6,2.6362e-07,2085.77,82350.2,2.53445e-07,2360.79,101560,-2.47407e-08,2672.05,124632,-3.80602e-07,3024.31,152018,-4.79005e-07,3422.98,184060,-1.14379e-07,3874.15,220884,2.64297e-07,4384.72,262283,3.44131e-07,4962.49,307576,7.5349e-08,5616.29,355497,-3.63097e-07,6356.1,404126,-6.05442e-07,7193.18,450932,-2.72333e-07,8140.28,492963,2.29675e-07,9211.79,527178,4.3387e-07,10424,550893,-1.0711e-07,10.102,8.06553,2.81012,10.6436,8.57909,0.869423,11.5336,10.2515,0.270869,12.7211,12.7138,0.0844293,14.1823,15.9373,0.0263173,15.9122,20.0383,0.0082035,17.9198,25.2154,0.00255722,20.2244,31.7373,0.000797017,22.8539,39.9486,0.000248622,25.8438,50.2851,7.75492e-05,29.237,63.2963,2.42508e-05,33.0837,79.6738,7.67162e-06,37.4415,100.288,2.32837e-06,42.3767,126.236,7.33e-07,47.9646,158.896,2.79256e-07,54.2906,200.003,9.87351e-09,61.452,251.741,1.61085e-07,69.5585,316.859,-2.47141e-07,78.7347,398.812,8.93552e-08,89.1218,501.948,-2.53231e-07,100.879,631.736,-1.25047e-07,114.188,795.049,-1.78808e-07,129.252,1000.53,2.6733e-07,146.304,1259.03,4.50292e-07,165.605,1584.19,6.76904e-07,187.452,1993.12,-1.23808e-07,212.181,2507.27,-4.89068e-07,240.173,3153.54,-5.40284e-07,271.856,3965.56,1.86061e-07,307.719,4985.38,4.37004e-07,348.313,6265.4,3.59828e-07,394.26,7870.83,3.98192e-07,446.268,9882.51,-1.92908e-07,505.135,12400.3,-2.20392e-07,571.766,15546.9,1.51705e-07,647.184,19472.2,5.74996e-07,732.547,24357.4,5.39112e-07,829.167,30420,5.07815e-09,938.526,37916.3,-4.11492e-07,1062.3,47143.9,-3.9561e-07,1202.4,58439.2,3.86185e-08,1360.96,72169.3,5.94093e-07,1540.42,88715.8,7.47693e-07,1743.53,108445,1.78537e-07,1973.41,131665,-4.12549e-07,2233.57,158557,-5.37164e-07,2528,189103,-1.17615e-07,2861.2,222986,5.66769e-07,3238.27,259510,9.45053e-07,3664.97,297540,4.25093e-07,4147.81,335497,-3.58506e-07,4694.17,371444,-6.7724e-07,5312.37,403256,1.67192e-07,1.61744,3.89446,9.84394,3.28846,7.5504,12.774,5.07607,11.7187,13.6844,7.03202,16.8147,13.9681,9.20215,23.1769,14.0566,11.6301,31.1672,14.0841,14.3598,41.2186,14.0927,17.4376,53.8688,14.0954,20.9137,69.7915,14.0962,24.8432,89.8341,14.0965,29.2879,115.063,14.0966,34.3168,146.819,14.0966,40.0078,186.792,14.0966,46.4487,237.107,14.0966,53.7388,300.44,14.0966,61.9903,380.158,14.0966,71.3301,480.499,14.0966,81.902,606.796,14.0966,93.8685,765.761,14.0966,107.414,965.837,14.0966,122.746,1217.65,14.0966,140.101,1534.57,14.0966,159.745,1933.41,14.0966,181.981,2435.3,14.0966,207.15,3066.85,14.0966,235.64,3861.46,14.0966,267.889,4861.11,14.0966,304.391,6118.54,14.0966,345.709,7699.91,14.0966,392.478,9688.22,14.0966,445.417,12187.5,14.0966,505.339,15327.7,14.0966,573.165,19271.6,14.0966,649.938,24222,14.0966,736.839,30430.9,14.0966,835.202,38211.5,14.0966,946.539,47950.3,14.0966,1072.56,60122.8,14.0966,1215.21,75309.9,14.0966,1376.66,94216.2,14.0966,1559.41,117688,14.0966,1766.26,146729,14.0966,2000.39,182510,14.0966,2265.39,226372,14.0966,2565.33,279806,14.0966,2904.81,344416,14.0966,3289.05,421845,14.0966,3723.93,513667,14.0966,4216.13,621231,14.0966,4773.18,745478,14.0966,5403.64,886744,14.0966,6117.15,1.04457e+06,14.0966,6924.63,1.2176e+06,14.0966,11.7194,11.96,12.6541,13.9321,16.1295,13.6434,16.6097,21.9702,13.9553,19.7532,29.5285,14.0526,23.3844,39.1143,14.0829,27.5423,51.2054,14.0923,32.2796,66.434,14.0953,37.662,85.6061,14.0962,43.7675,109.74,14.0965,50.687,140.119,14.0966,58.5249,178.359,14.0966,67.4005,226.493,14.0966,77.4493,287.08,14.0966,88.8254,363.343,14.0966,101.703,459.336,14.0966,116.281,580.161,14.0966,132.782,732.241,14.0966,151.46,923.655,14.0966,172.603,1164.57,14.0966,196.535,1467.79,14.0966,223.625,1849.39,14.0966,254.288,2329.62,14.0966,288.997,2933.93,14.0966,328.285,3694.33,14.0966,372.755,4651.04,14.0966,423.092,5854.57,14.0966,480.07,7368.38,14.0966,544.564,9272.08,14.0966,617.566,11665.5,14.0966,700.197,14673.6,14.0966,793.729,18452.9,14.0966,899.599,23198.6,14.0966,1019.43,29154.1,14.0966,1155.07,36622.3,14.0966,1308.6,45977.9,14.0966,1482.39,57683.7,14.0966,1679.09,72307.8,14.0966,1901.73,90542.8,14.0966,2153.73,113226,14.0966,2438.97,141360,14.0966,2761.81,176127,14.0966,3127.22,218898,14.0966,3540.81,271226,14.0966,4008.92,334817,14.0966,4538.74,411470,14.0966,5138.38,502973,14.0966,5817.04,610948,14.0966,6585.12,736653,14.0966,7454.39,880741,14.0966,8438.15,1.04302e+06,14.0966,9551.45,1.22224e+06,14.0966,10811.3,1.41602e+06,14.0966,12237,1.62086e+06,14.0966,11.7194,11.96,12.6541,2.21263,4.16949,0.989383,2.67766,5.84076,0.311842,3.14343,7.55825,0.0972771,3.63127,9.58578,0.0303237,4.15787,12.0912,0.00945211,4.73731,15.2286,0.00294633,5.38238,19.1721,0.000918508,6.10553,24.134,0.000286163,6.91951,30.3791,8.92692e-05,7.83792,38.2397,2.78121e-05,8.87555,48.1338,8.65134e-06,10.0489,60.5876,2.7882e-06,11.3761,76.2629,8.29036e-07,12.8779,95.9927,2.4373e-07,14.5775,120.825,4.33068e-09,16.5012,152.08,1.75749e-07,18.6784,191.415,-1.86328e-07,21.1428,240.917,1.91829e-07,23.9322,303.213,-1.81475e-07,27.0895,381.602,7.0186e-08,30.6634,480.231,-2.86769e-08,34.7087,604.316,2.40784e-07,39.2876,760.401,9.87368e-08,44.4705,956.705,1.22263e-07,50.3371,1203.54,-4.31966e-07,56.9776,1513.81,-1.9705e-07,64.494,1903.69,-2.763e-08,73.0018,2393.4,3.9185e-07,82.6317,3008.13,1.35379e-07,93.5318,3779.25,-4.16351e-08,105.869,4745.7,2.06965e-08,119.834,5955.6,-3.18887e-07,135.641,7468.12,-1.48271e-08,153.531,9355.62,2.00739e-07,173.781,11705.8,2.28358e-07,196.701,14624.1,-1.93587e-08,222.642,18235,-2.88101e-07,252.003,22683.4,-2.24732e-07,285.234,28134,8.56806e-09,322.845,34767,2.34258e-07,365.413,42770.9,2.99668e-07,413.588,52327.9,8.28644e-08,468.111,63591.2,-3.07049e-07,529.814,76653.2,-3.1888e-07,599.642,91502.5,-6.72276e-08,678.662,107975,2.26339e-07,768.083,125705,3.69212e-07,869.267,144088,2.04077e-07,983.76,162277,-2.80509e-07,1113.3,179223,-4.22737e-07,1259.87,193777,-1.71951e-07,1425.68,204839,4.55555e-07,11.7194,11.96,12.6541,2.21263,4.16949,0.989383,2.67766,5.84076,0.311842,3.14343,7.55825,0.0972771,3.63127,9.58578,0.0303237,4.15787,12.0912,0.00945211,4.73731,15.2286,0.00294633,5.38238,19.1721,0.000918508,6.10553,24.134,0.000286163,6.91951,30.3791,8.92692e-05,7.83792,38.2397,2.78121e-05,8.87555,48.1338,8.65134e-06,10.0489,60.5876,2.7882e-06,11.3761,76.2629,8.29036e-07,12.8779,95.9927,2.4373e-07,14.5775,120.825,1e-08,16.5012,152.08,1.75749e-07,18.6784,191.415,1e-08,21.1428,240.917,1.91829e-07,23.9322,303.213,1e-08,27.0895,381.602,7.0186e-08,30.6634,480.231,1e-08,34.7087,604.316,2.40784e-07,39.2876,760.401,9.87368e-08,44.4705,956.705,1.22263e-07,50.3371,1203.54,1e-08,56.9776,1513.81,1e-08,64.494,1903.69,1e-08,73.0018,2393.4,3.9185e-07,82.6317,3008.13,1.35379e-07,93.5318,3779.25,1e-08,105.869,4745.7,2.06965e-08,119.834,5955.6,1e-08,135.641,7468.12,1e-08,153.531,9355.62,2.00739e-07,173.781,11705.8,2.28358e-07,196.701,14624.1,1e-08,222.642,18235,1e-08,252.003,22683.4,1e-08,285.234,28134,1e-08,322.845,34767,2.34258e-07,365.413,42770.9,2.99668e-07,413.588,52327.9,8.28644e-08,468.111,63591.2,1e-08,529.814,76653.2,1e-08,599.642,91502.5,1e-08,678.662,107975,2.26339e-07,768.083,125705,3.69212e-07,869.267,144088,2.04077e-07,983.76,162277,1e-08,1113.3,179223,1e-08,1259.87,193777,1e-08,1425.68,204839,4.55555e-07,6.2823,3.27286,2.43537,0.219672,6.18826,2.24117,0.56371,6.87772,2.63624,0.308279,14,6,12,0,9,0,2,2,0,4,2,0,2,15,0,1,10,0,16,30,0,3,32,0,6,28,0,5,22,0,8,50,0,10,27,0,6,19,0,10,116,0,22,65,0,13,174,0,10,130,0,14,143,0,32,174,0,28,334,0,28,417,0,18,366,0,25,401,0,30,950,0,58,858,0,78,2587,0,44,3131,0,85,1914,0,82,2232,0,49,2478,0,104,3936,0,49,8638,0,69,6186,0,146,3612,0,288,6663,0,190,6992,0,192,6851,0,216,12420,0,224,22233,0,362,33546,0,147,39690,0,400,25024,0,819,34300,0,563,19509,0,222,63206,0,356,60854,0,539,119041,0,1115,161478,0,404,90288,0,1087,129396,0,2592,194445,0,794,140835,0,1611,200465,0
-1.05176e+08,1,8.88811e-15,10,1023,0,1.05176e+08,0.528882,1.08665,0.389689,0.145397,0.379329,3.24381,0.161596,0.446195,1.77396,0.159177,1.15e+07,4.49998e+06,6.79999e+06,1.15e+07,4.49997e+06,6.79999e+06,1.15e+07,4.49996e+06,6.79999e+06,1.15e+07,4.49995e+06,6.79999e+06,1.14999e+07,4.49993e+06,6.79999e+06,1.14999e+07,4.49991e+06,6.79999e+06,1.14999e+07,4.49989e+06,6.79999e+06,1.14999e+07,4.49986e+06,6.79999e+06,1.14999e+07,4.49982e+06,6.79999e+06,1.14999e+07,4.49977e+06,6.79999e+06,1.14999e+07,4.49971e+06,6.79999e+06,1.14999e+07,4.49963e+06,6.79999e+06,1.14998e+07,4.49953e+06,6.79999e+06,1.14998e+07,4.49941e+06,6.79999e+06,1.14998e+07,4.49926e+06,6.79999e+06,1.14998e+07,4.49906e+06,6.79999e+06,1.14997e+07,4.49882e+06,6.79999e+06,1.14997e+07,4.49851e+06,6.79999e+06,1.14997e+07,4.49812e+06,6.79999e+06,1.14996e+07,4.49764e+06,6.79999e+06,1.14996e+07,4.49702e+06,6.79999e+06,1.14995e+07,4.49625e+06,6.79999e+06,1.14995e+07,4.49528e+06,6.79999e+06,1.14994e+07,4.49406e+06,6.79999e+06,1.14993e+07,4.49253e+06,6.79999e+06,1.14992e+07,4.49059e+06,6.79999e+06,1.14991e+07,4.48817e+06,6.79999e+06,1.1499e+07,4.48511e+06,6.79999e+06,1.14988e+07,4.48128e+06,6.79999e+06,1.14987e+07,4.47646e+06,6.79999e+06,1.14985e+07,4.47041e+06,6.79999e+06,1.14983e+07,4.46281e+06,6.79999e+06,1.14981e+07,4.4533e+06,6.79999e+06,1.14979e+07,4.44138e+06,6.79999e+06,1.14976e+07,4.42649e+06,6.79999e+06,1.14972e+07,4.40789e+06,6.79999e+06,1.14969e+07,4.38471e+06,6.79999e+06,1.14965e+07,4.35592e+06,6.79999e+06,1.1496e+07,4.32027e+06,6.79999e+06,1.14955e+07,4.27629e+06,6.79999e+06,1.14949e+07,4.22231e+06,6.79999e+06,1.14942e+07,4.15647e+06,6.79999e+06,1.14934e+07,4.07676e+06,6.79999e+06,1.14926e+07,3.98112e+06,6.79999e+06,1.14916e+07,3.86765e+06,6.79999e+06,1.14905e+07,3.73474e+06,6.79999e+06,1.14892e+07,3.58148e+06,6.79999e+06,1.14878e+07,3.40785e+06,6.79999e+06,1.14862e+07,3.21513e+06,6.79999e+06,1.14844e+07,3.00605e+06,6.79999e+06,1.14823e+07,2.7848e+06,6.79999e+06,1.148e+07,2.5568e+06,6.79999e+06,1.14773e+07,2.32825e+06,6.79999e+06,13.5742,8.52444,0.508366,16.8306,13.2585,0.162638,20.0035,17.569,0.0507846,23.2616,22.4214,0.0158319,26.7328,28.3297,0.00493498,30.5212,35.6974,0.00153831,34.7178,44.9473,0.000479527,39.4086,56.5822,0.000149456,44.6796,71.2245,4.66214e-05,50.6209,89.6543,1.45419e-05,57.3297,112.852,4.54748e-06,64.9129,142.051,1.43857e-06,73.4897,178.803,4.36618e-07,83.1934,225.062,1.40153e-07,94.1745,283.286,4.96378e-08,106.602,356.568,1.05434e-07,120.669,448.799,-6.49244e-08,136.59,564.873,1.70148e-07,154.611,710.948,-5.34594e-08,175.008,894.767,1.63407e-07,198.097,1126.06,8.04804e-08,224.231,1417.07,1.14667e-07,253.813,1783.15,-1.71227e-07,287.297,2243.62,-2.88466e-07,325.198,2822.67,-4.33651e-07,368.098,3550.67,7.9318e-08,416.657,4465.65,3.13319e-07,471.621,5615.16,3.4613e-07,533.835,7058.61,-1.19199e-07,604.255,8870.02,-2.79964e-07,683.962,11141.4,-2.30521e-07,774.182,13986.7,-2.55099e-07,876.299,17546.4,1.23585e-07,991.883,21993.1,1.41192e-07,1122.71,27536.7,-9.71886e-08,1270.78,34430.7,-3.68368e-07,1438.38,42977.7,-3.45379e-07,1628.07,53532.7,-3.25328e-09,1842.77,66504.6,2.6362e-07,2085.77,82350.2,2.53445e-07,2360.79,101560,-2.47407e-08,2672.05,124632,-3.80602e-07,3024.31,152018,-4.79005e-07,3422.98,184060,-1.14379e-07,3874.15,220884,2.64297e-07,4384.72,262283,3.44131e-07,4962.49,307576,7.5349e-08,5616.29,355497,-3.63097e-07,6356.1,404126,-6.05442e-07,7193.18,450932,-2.72333e-07,8140.28,492963,2.29675e-07,9211.79,527178,4.3387e-07,10424,550893,-1.0711e-07,10.102,8.06553,2.81012,10.6436,8.57909,0.869423,11.5336,10.2515,0.270869,12.7211,12.7138,0.0844293,14.1823,15.9373,0.0263173,15.9122,20.0383,0.0082035,17.9198,25.2154,0.00255722,20.2244,31.7373,0.000797017,22.8539,39.9486,0.000248622,25.8438,50.2851,7.75492e-05,29.237,63.2963,2.42508e-05,33.0837,79.6738,7.67162e-06,37.4415,100.288,2.32837e-06,42.3767,126.236,7.33e-07,47.9646,158.896,2.79256e-07,54.2906,200.003,9.87351e-09,61.452,251.741,1.61085e-07,69.5585,316.859,-2.47141e-07,78.7347,398.812,8.93552e-08,89.1218,501.948,-2.53231e-07,100.879,631.736,-1.25047e-07,114.188,795.049,-1.78808e-07,129.252,1000.53,2.6733e-07,146.304,1259.03,4.50292e-07,165.605,1584.19,6.76904e-07,187.452,1993.12,-1.23808e-07,212.181,2507.27,-4.89068e-07,240.173,3153.54,-5.40284e-07,271.856,3965.56,1.86061e-07,307.719,4985.38,4.37004e-07,348.313,6265.4,3.59828e-07,394.26,7870.83,3.98192e-07,446.268,9882.51,-1.92908e-07,505.135,12400.3,-2.20392e-07,571.766,15546.9,1.51705e-07,647.184,19472.2,5.74996e-07,732.547,24357.4,5.39112e-07,829.167,30420,5.07815e-09,938.526,37916.3,-4.11492e-07,1062.3,47143.9,-3.9561e-07,1202.4,58439.2,3.86185e-08,1360.96,72169.3,5.94093e-07,1540.42,88715.8,7.47693e-07,1743.53,108445,1.78537e-07,1973.41,131665,-4.12549e-07,2233.57,158557,-5.37164e-07,2528,189103,-1.17615e-07,2861.2,222986,5.66769e-07,3238.27,259510,9.45053e-07,3664.97,297540,4.25093e-07,4147.81,335497,-3.58506e-07,4694.17,371444,-6.7724e-07,5312.37,403256,1.67192e-07,1.61744,3.89446,9.84394,3.28846,7.5504,12.774,5.07607,11.7187,13.6844,7.03202,16.8147,13.9681,9.20215,23.1769,14.0566,11.6301,31.1672,14.0841,14.3598,41.2186,14.0927,17.4376,53.8688,14.0954,20.9137,69.7915,14.0962,24.8432,89.8341,14.0965,29.2879,115.063,14.0966,34.3168,146.819,14.0966,40.0078,186.792,14.0966,46.4487,237.107,14.0966,53.7388,300.44,14.0966,61.9903,380.158,14.0966,71.3301,480.499,14.0966,81.902,606.796,14.0966,93.8685,765.761,14.0966,107.414,965.837,14.0966,122.746,1217.65,14.0966,140.101,1534.57,14.0966,159.745,1933.41,14.0966,181.981,2435.3,14.0966,207.15,3066.85,14.0966,235.64,3861.46,14.0966,267.889,4861.11,14.0966,304.391,6118.54,14.0966,345.709,7699.91,14.0966,392.478,9688.22,14.0966,445.417,12187.5,14.0966,505.339,15327.7,14.0966,573.165,19271.6,14.0966,649.938,24222,14.0966,736.839,30430.9,14.0966,835.202,38211.5,14.0966,946.539,47950.3,14.0966,1072.56,60122.8,14.0966,1215.21,75309.9,14.0966,1376.66,94216.2,14.0966,1559.41,117688,14.0966,1766.26,146729,14.0966,2000.39,182510,14.0966,2265.39,226372,14.0966,2565.33,279806,14.0966,2904.81,344416,14.0966,3289.05,421845,14.0966,3723.93,513667,14.0966,4216.13,621231,14.0966,4773.18,745478,14.0966,5403.64,886744,14.0966,6117.15,1.04457e+06,14.0966,6924.63,1.2176e+06,14.0966,11.7194,11.96,12.6541,13.9321,16.1295,13.6434,16.6097,21.9702,13.9553,19.7532,29.5285,14.0526,23.3844,39.1143,14.0829,27.5423,51.2054,14.0923,32.2796,66.434,14.0953,37.662,85.6061,14.0962,43.7675,109.74,14.0965,50.687,140.119,14.0966,58.5249,178.359,14.0966,67.4005,226.493,14.0966,77.4493,287.08,14.0966,88.8254,363.343,14.0966,101.703,459.336,14.0966,116.281,580.161,14.0966,132.782,732.241,14.0966,151.46,923.655,14.0966,172.603,1164.57,14.0966,196.535,1467.79,14.0966,223.625,1849.39,14.0966,254.288,2329.62,14.0966,288.997,2933.93,14.0966,328.285,3694.33,14.0966,372.755,4651.04,14.0966,423.092,5854.57,14.0966,480.07,7368.38,14.0966,544.564,9272.08,14.0966,617.566,11665.5,14.0966,700.197,14673.6,14.0966,793.729,18452.9,14.0966,899.599,23198.6,14.0966,1019.43,29154.1,14.0966,1155.07,36622.3,14.0966,1308.6,45977.9,14.0966,1482.39,57683.7,14.0966,1679.09,72307.8,14.0966,1901.73,90542.8,14.0966,2153.73,113226,14.0966,2438.97,141360,14.0966,2761.81,176127,14.0966,3127.22,218898,14.0966,3540.81,271226,14.0966,4008.92,334817,14.0966,4538.74,411470,14.0966,5138.38,502973,14.0966,5817.04,610948,14.0966,6585.12,736653,14.0966,7454.39,880741,14.0966,8438.15,1.04302e+06,14.0966,9551.45,1.22224e+06,14.0966,10811.3,1.41602e+06,14.0966,12237,1.62086e+06,14.0966,11.7194,11.96,12.6541,2.21263,4.16949,0.989383,2.67766,5.84076,0.311842,3.14343,7.55825,0.0972771,3.63127,9.58578,0.0303237,4.15787,12.0912,0.00945211,4.73731,15.2286,0.00294633,5.38238,19.1721,0.000918508,6.10553,24.134,0.000286163,6.91951,30.3791,8.92692e-05,7.83792,38.2397,2.78121e-05,8.87555,48.1338,8.65134e-06,10.0489,60.5876,2.7882e-06,11.3761,76.2629,8.29036e-07,12.8779,95.9927,2.4373e-07,14.5775,120.825,4.33068e-09,16.5012,152.08,1.75749e-07,18.6784,191.415,-1.86328e-07,21.1428,240.917,1.91829e-07,23.9322,303.213,-1.81475e-07,27.0895,381.602,7.0186e-08,30.6634,480.231,-2.86769e-08,34.7087,604.316,2.40784e-07,39.2876,760.401,9.87368e-08,44.4705,956.705,1.22263e-07,50.3371,1203.54,-4.31966e-07,56.9776,1513.81,-1.9705e-07,64.494,1903.69,-2.763e-08,73.0018,2393.4,3.9185e-07,82.6317,3008.13,1.35379e-07,93.5318,3779.25,-4.16351e-08,105.869,4745.7,2.06965e-08,119.834,5955.6,-3.18887e-07,135.641,7468.12,-1.48271e-08,153.531,9355.62,2.00739e-07,173.781,11705.8,2.28358e-07,196.701,14624.1,-1.93587e-08,222.642,18235,-2.88101e-07,252.003,22683.4,-2.24732e-07,285.234,28134,8.56806e-09,322.845,34767,2.34258e-07,365.413,42770.9,2.99668e-07,413.588,52327.9,8.28644e-08,468.111,63591.2,-3.07049e-07,529.814,76653.2,-3.1888e-07,599.642,91502.5,-6.72276e-08,678.662,107975,2.26339e-07,768.083,125705,3.69212e-07,869.267,144088,2.04077e-07,983.76,162277,-2.80509e-07,1113.3,179223,-4.22737e-07,1259.87,193777,-1.71951e-07,1425.68,204839,4.55555e-07,11.7194,11.96,12.6541,2.21263,4.16949,0.989383,2.67766,5.84076,0.311842,3.14343,7.55825,0.0972771,3.63127,9.58578,0.0303237,4.15787,12.0912,0.00945211,4.73731,15.2286,0.00294633,5.38238,19.1721,0.000918508,6.10553,24.134,0.000286163,6.91951,30.3791,8.92692e-05,7.83792,38.2397,2.78121e-05,8.87555,48.1338,8.65134e-06,10.0489,60.5876,2.7882e-06,11.3761,76.2629,8.29036e-07,12.8779,95.9927,2.4373e-07,14.5775,120.825,1e-08,16.5012,152.08,1.75749e-07,18.6784,191.415,1e-08,21.1428,240.917,1.91829e-07,23.9322,303.213,1e-08,27.0895,381.602,7.0186e-08,30.6634,480.231,1e-08,34.7087,604.316,2.40784e-07,39.2876,760.401,9.87368e-08,44.4705,956.705,1.22263e-07,50.3371,1203.54,1e-08,56.9776,1513.81,1e-08,64.494,1903.69,1e-08,73.0018,2393.4,3.9185e-07,82.6317,3008.13,1.35379e-07,93.5318,3779.25,1e-08,105.869,4745.7,2.06965e-08,119.834,5955.6,1e-08,135.641,7468.12,1e-08,153.531,9355.62,2.00739e-07,173.781,11705.8,2.28358e-07,196.701,14624.1,1e-08,222.642,18235,1e-08,252.003,22683.4,1e-08,285.234,28134,1e-08,322.845,34767,2.34258e-07,365.413,42770.9,2.99668e-07,413.588,52327.9,8.28644e-08,468.111,63591.2,1e-08,529.814,76653.2,1e-08,599.642,91502.5,1e-08,678.662,107975,2.26339e-07,768.083,125705,3.69212e-07,869.267,144088,2.04077e-07,983.76,162277,1e-08,1113.3,179223,1e-08,1259.87,193777,1e-08,1425.68,204839,4.55555e-07,6.2823,3.27286,2.43537,0.219672,6.18826,2.24117,0.56371,6.87772,2.63624,0.308279,11,14,27,2,3,2,1,7,0,2,7,0,2,15,0,6,7,0,7,7,0,1,10,0,8,40,0,8,43,0,4,70,0,9,46,0,12,58,0,13,63,0,10,94,0,5,217,0,17,107,0,16,253,0,35,345,0,40,423,0,20,224,0,47,334,0,14,698,0,41,529,0,13,442,0,56,1122,0,113,1129,0,52,1765,0,75,2646,0,122,2096,0,101,4508,0,51,6888,0,112,7273,0,110,4829,0,165,6127,0,106,9678,0,149,14500,0,360,11770,0,183,20010,0,302,25806,0,325,28213,0,108,48888,0,601,23076,0,531,46251,0,193,87162,0,653,144720,0,378,108373,0,637,74074,0,1489,148145,0,354,169614,0,1885,246628,0,1030,230913,0,784,200248,0
-1.05176e+08,1,8.88811e-15,10,1023,0,1.05176e+08,0.528882,1.08665,0.389689,0.145397,0.379329,3.24381,0.161596,0.446195,1.77396,0.159177,1.15e+07,4.49998e+06,6.79999e+06,1.15e+07,4.49997e+06,6.79999e+06,1.15e+07,4.49996e+06,6.79999e+06,1.15e+07,4.49995e+06,6.79999e+06,1.14999e+07,4.49993e+06,6.79999e+06,1.14999e+07,4.49991e+06,6.79999e+06,1.14999e+07,4.49989e+06,6.79999e+06,1.14999e+07,4.49986e+06,6.79999e+06,1.14999e+07,4.49982e+06,6.79999e+06,1.14999e+07,4.49977e+06,6.79999e+06,1.14999e+07,4.49971e+06,6.79999e+06,1.14999e+07,4.49963e+06,6.79999e+06,1.14998e+07,4.49953e+06,6.79999e+06,1.14998e+07,4.49941e+06,6.79999e+06,1.14998e+07,4.49926e+06,6.79999e+06,1.14998e+07,4.49906e+06,6.79999e+06,1.14997e+07,4.49882e+06,6.79999e+06,1.14997e+07,4.49851e+06,6.79999e+06,1.14997e+07,4.49812e+06,6.79999e+06,1.14996e+07,4.49764e+06,6.79999e+06,1.14996e+07,4.49702e+06,6.79999e+06,1.14995e+07,4.49625e+06,6.79999e+06,1.14995e+07,4.49528e+06,6.79999e+06,1.14994e+07,4.49406e+06,6.79999e+06,1.14993e+07,4.49253e+06,6.79999e+06,1.14992e+07,4.49059e+06,6.79999e+06,1.14991e+07,4.48817e+06,6.79999e+06,1.1499e+07,4.48511e+06,6.79999e+06,1.14988e+07,4.48128e+06,6.79999e+06,1.14987e+07,4.47646e+06,6.79999e+06,1.14985e+07,4.47041e+06,6.79999e+06,1.14983e+07,4.46281e+06,6.79999e+06,1.14981e+07,4.4533e+06,6.79999e+06,1.14979e+07,4.44138e+06,6.79999e+06,1.14976e+07,4.42649e+06,6.79999e+06,1.14972e+07,4.40789e+06,6.79999e+06,1.14969e+07,4.38471e+06,6.79999e+06,1.14965e+07,4.35592e+06,6.79999e+06,1.1496e+07,4.32027e+06,6.79999e+06,1.14955e+07,4.27629e+06,6.79999e+06,1.14949e+07,4.22231e+06,6.79999e+06,1.14942e+07,4.15647e+06,6.79999e+06,1.14934e+07,4.07676e+06,6.79999e+06,1.14926e+07,3.98112e+06,6.79999e+06,1.14916e+07,3.86765e+06,6.79999e+06,1.14905e+07,3.73474e+06,6.79999e+06,1.14892e+07,3.58148e+06,6.79999e+06,1.14878e+07,3.40785e+06,6.79999e+06,1.14862e+07,3.21513e+06,6.79999e+06,1.14844e+07,3.00605e+06,6.79999e+06,1.14823e+07,2.7848e+06,6.79999e+06,1.148e+07,2.5568e+06,6.79999e+06,1.14773e+07,2.32825e+06,6.79999e+06,13.5742,8.52444,0.508366,16.8306,13.2585,0.162638,20.0035,17.569,0.0507846,23.2616,22.4214,0.0158319,26.7328,28.3297,0.00493498,30.5212,35.6974,0.00153831,34.7178,44.9473,0.000479527,39.4086,56.5822,0.000149456,44.6796,71.2245,4.66214e-05,50.6209,89.6543,1.45419e-05,57.3297,112.852,4.54748e-06,64.9129,142.051,1.43857e-06,73.4897,178.803,4.36618e-07,83.1934,225.062,1.40153e-07,94.1745,283.286,4.96378e-08,106.602,356.568,1.05434e-07,120.669,448.799,-6.49244e-08,136.59,564.873,1.70148e-07,154.611,710.948,-5.34594e-08,175.008,894.767,1.63407e-07,198.097,1126.06,8.04804e-08,224.231,1417.07,1.14667e-07,253.813,1783.15,-1.71227e-07,287.297,2243.62,-2.88466e-07,325.198,2822.67,-4.33651e-07,368.098,3550.67,7.9318e-08,416.657,4465.65,3.13319e-07,471.621,5615.16,3.4613e-07,533.835,7058.61,-1.19199e-07,604.255,8870.02,-2.79964e-07,683.962,11141.4,-2.30521e-07,774.182,13986.7,-2.55099e-07,876.299,17546.4,1.23585e-07,991.883,21993.1,1.41192e-07,1122.71,27536.7,-9.71886e-08,1270.78,34430.7,-3.68368e-07,1438.38,42977.7,-3.45379e-07,1628.07,53532.7,-3.25328e-09,1842.77,66504.6,2.6362e-07,2085.77,82350.2,2.53445e-07,2360.79,101560,-2.47407e-08,2672.05,124632,-3.80602e-07,3024.31,152018,-4.79005e-07,3422.98,184060,-1.14379e-07,3874.15,220884,2.64297e-07,4384.72,262283,3.44131e-07,4962.49,307576,7.5349e-08,5616.29,355497,-3.63097e-07,6356.1,404126,-6.05442e-07,7193.18,450932,-2.72333e-07,8140.28,492963,2.29675e-07,9211.79,527178,4.3387e-07,10424,550893,-1.0711e-07,10.102,8.06553,2.81012,10.6436,8.57909,0.869423,11.5336,10.2515,0.270869,12.7211,12.7138,0.0844293,14.1823,15.9373,0.0263173,15.9122,20.0383,0.0082035,17.9198,25.2154,0.00255722,20.2244,31.7373,0.000797017,22.8539,39.9486,0.000248622,25.8438,50.2851,7.75492e-05,29.237,63.2963,2.42508e-05,33.0837,79.6738,7.67162e-06,37.4415,100.288,2.32837e-06,42.3767,126.236,7.33e-07,47.9646,158.896,2.79256e-07,54.2906,200.003,9.87351e-09,61.452,251.741,1.61085e-07,69.5585,316.859,-2.47141e-07,78.7347,398.812,8.93552e-08,89.1218,501.948,-2.53231e-07,100.879,631.736,-1.25047e-07,114.188,795.049,-1.78808e-07,129.252,1000.53,2.6733e-07,146.304,1259.03,4.50292e-07,165.605,1584.19,6.76904e-07,187.452,1993.12,-1.23808e-07,212.181,2507.27,-4.89068e-07,240.173,3153.54,-5.40284e-07,271.856,3965.56,1.86061e-07,307.719,4985.38,4.37004e-07,348.313,6265.4,3.59828e-07,394.26,7870.83,3.98192e-07,446.268,9882.51,-1.92908e-07,505.135,12400.3,-2.20392e-07,571.766,15546.9,1.51705e-07,647.184,19472.2,5.74996e-07,732.547,24357.4,5.39112e-07,829.167,30420,5.07815e-09,938.526,37916.3,-4.11492e-07,1062.3,47143.9,-3.9561e-07,1202.4,58439.2,3.86185e-08,1360.96,72169.3,5.94093e-07,1540.42,88715.8,7.47693e-07,1743.53,108445,1.78537e-07,1973.41,131665,-4.12549e-07,2233.57,158557,-5.37164e-07,2528,189103,-1.17615e-07,2861.2,222986,5.66769e-07,3238.27,259510,9.45053e-07,3664.97,297540,4.25093e-07,4147.81,335497,-3.58506e-07,4694.17,371444,-6.7724e-07,5312.37,403256,1.67192e-07,1.61744,3.89446,9.84394,3.28846,7.5504,12.774,5.07607,11.7187,13.6844,7.03202,16.8147,13.9681,9.20215,23.1769,14.0566,11.6301,31.1672,14.0841,14.3598,41.2186,14.0927,17.4376,53.8688,14.0954,20.9137,69.7915,14.0962,24.8432,89.8341,14.0965,29.2879,115.063,14.0966,34.3168,146.819,14.0966,40.0078,186.792,14.0966,46.4487,237.107,14.0966,53.7388,300.44,14.0966,61.9903,380.158,14.0966,71.3301,480.499,14.0966,81.902,606.796,14.0966,93.8685,765.761,14.0966,107.414,965.837,14.0966,122.746,1217.65,14.0966,140.101,1534.57,14.0966,159.745,1933.41,14.0966,181.981,2435.3,14.0966,207.15,3066.85,14.0966,235.64,3861.46,14.0966,267.889,4861.11,14.0966,304.391,6118.54,14.0966,345.709,7699.91,14.0966,392.478,9688.22,14.0966,445.417,12187.5,14.0966,505.339,15327.7,14.0966,573.165,19271.6,14.0966,649.938,24222,14.0966,736.839,30430.9,14.0966,835.202,38211.5,14.0966,946.539,47950.3,14.0966,1072.56,60122.8,14.0966,1215.21,75309.9,14.0966,1376.66,94216.2,14.0966,1559.41,117688,14.0966,1766.26,146729,14.0966,2000.39,182510,14.0966,2265.39,226372,14.0966,2565.33,279806,14.0966,2904.81,344416,14.0966,3289.05,421845,14.0966,3723.93,513667,14.0966,4216.13,621231,14.0966,4773.18,745478,14.0966,5403.64,886744,14.0966,6117.15,1.04457e+06,14.0966,6924.63,1.2176e+06,14.0966,11.7194,11.96,12.6541,13.9321,16.1295,13.6434,16.6097,21.9702,13.9553,19.7532,29.5285,14.0526,23.3844,39.1143,14.0829,27.5423,51.2054,14.0923,32.2796,66.434,14.0953,37.662,85.6061,14.0962,43.7675,109.74,14.0965,50.687,140.119,14.0966,58.5249,178.359,14.0966,67.4005,226.493,14.0966,77.4493,287.08,14.0966,88.8254,363.343,14.0966,101.703,459.336,14.0966,116.281,580.161,14.0966,132.782,732.241,14.0966,151.46,923.655,14.0966,172.603,1164.57,14.0966,196.535,1467.79,14.0966,223.625,1849.39,14.0966,254.288,2329.62,14.0966,288.997,2933.93,14.0966,328.285,3694.33,14.0966,372.755,4651.04,14.0966,423.092,5854.57,14.0966,480.07,7368.38,14.0966,544.564,9272.08,14.0966,617.566,11665.5,14.0966,700.197,14673.6,14.0966,793.729,18452.9,14.0966,899.599,23198.6,14.0966,1019.43,29154.1,14.0966,1155.07,36622.3,14.0966,1308.6,45977.9,14.0966,1482.39,57683.7,14.0966,1679.09,72307.8,14.0966,1901.73,90542.8,14.0966,2153.73,113226,14.0966,2438.97,141360,14.0966,2761.81,176127,14.0966,3127.22,218898,14.0966,3540.81,271226,14.0966,4008.92,334817,14.0966,4538.74,411470,14.0966,5138.38,502973,14.0966,5817.04,610948,14.0966,6585.12,736653,14.0966,7454.39,880741,14.0966,8438.15,1.04302e+06,14.0966,9551.45,1.22224e+06,14.0966,10811.3,1.41602e+06,14.0966,12237,1.62086e+06,14.0966,11.7194,11.96,12.6541,2.21263,4.16949,0.989383,2.67766,5.84076,0.311842,3.14343,7.55825,0.0972771,3.63127,9.58578,0.0303237,4.15787,12.0912,0.00945211,4.73731,15.2286,0.00294633,5.38238,19.1721,0.000918508,6.10553,24.134,0.000286163,6.91951,30.3791,8.92692e-05,7.83792,38.2397,2.78121e-05,8.87555,48.1338,8.65134e-06,10.0489,60.5876,2.7882e-06,11.3761,76.2629,8.29036e-07,12.8779,95.9927,2.4373e-07,14.5775,120.825,4.33068e-09,16.5012,152.08,1.75749e-07,18.6784,191.415,-1.86328e-07,21.1428,240.917,1.91829e-07,23.9322,303.213,-1.81475e-07,27.0895,381.602,7.0186e-08,30.6634,480.231,-2.86769e-08,34.7087,604.316,2.40784e-07,39.2876,760.401,9.87368e-08,44.4705,956.705,1.22263e-07,50.3371,1203.54,-4.31966e-07,56.9776,1513.81,-1.9705e-07,64.494,1903.69,-2.763e-08,73.0018,2393.4,3.9185e-07,82.6317,3008.13,1.35379e-07,93.5318,3779.25,-4.16351e-08,105.869,4745.7,2.06965e-08,119.834,5955.6,-3.18887e-07,135.641,7468.12,-1.48271e-08,153.531,9355.62,2.00739e-07,173.781,11705.8,2.28358e-07,196.701,14624.1,-1.93587e-08,222.642,18235,-2.88101e-07,252.003,22683.4,-2.24732e-07,285.234,28134,8.56806e-09,322.845,34767,2.34258e-07,365.413,42770.9,2.99668e-07,413.588,52327.9,8.28644e-08,468.111,63591.2,-3.07049e-07,529.814,76653.2,-3.1888e-07,599.642,91502.5,-6.72276e-08,678.662,107975,2.26339e-07,768.083,125705,3.69212e-07,869.267,144088,2.04077e-07,983.76,162277,-2.80509e-07,1113.3,179223,-4.22737e-07,1259.87,193777,-1.71951e-07,1425.68,204839,4.55555e-07,11.7194,11.96,12.6541,2.21263,4.16949,0.989383,2.67766,5.84076,0.311842,3.14343,7.55825,0.0972771,3.63127,9.58578,0.0303237,4.15787,12.0912,0.00945211,4.73731,15.2286,0.00294633,5.38238,19.1721,0.000918508,6.10553,24.134,0.000286163,6.91951,30.3791,8.92692e-05,7.83792,38.2397,2.78121e-05,8.87555,48.1338,8.65134e-06,10.0489,60.5876,2.7882e-06,11.3761,76.2629,8.29036e-07,12.8779,95.9927,2.4373e-07,14.5775,120.825,1e-08,16.5012,152.08,1.75749e-07,18.6784,191.415,1e-08,21.1428,240.917,1.91829e-07,23.9322,303.213,1e-08,27.0895,381.602,7.0186e-08,30.6634,480.231,1e-08,34.7087,604.316,2.40784e-07,39.2876,760.401,9.87368e-08,44.4705,956.705,1.22263e-07,50.3371,1203.54,1e-08,56.9776,1513.81,1e-08,64.494,1903.69,1e-08,73.0018,2393.4,3.9185e-07,82.6317,3008.13,1.35379e-07,93.5318,3779.25,1e-08,105.869,4745.7,2.06965e-08,119.834,5955.6,1e-08,135.641,7468.12,1e-08,153.531,9355.62,2.00739e-07,173.781,11705.8,2.28358e-07,196.701,14624.1,1e-08,222.642,18235,1e-08,252.003,22683.4,1e-08,285.234,28134,1e-08,322.845,34767,2.34258e-07,365.413,42770.9,2.99668e-07,413.588,52327.9,8.28644e-08,468.111,63591.2,1e-08,529.814,76653.2,1e-08,599.642,91502.5,1e-08,678.662,107975,2.26339e-07,768.083,125705,3.69212e-07,869.267,144088,2.04077e-07,983.76,162277,1e-08,1113.3,179223,1e-08,1259.87,193777,1e-08,1425.68,204839,4.55555e-07,6.2823,3.27286,2.43537,0.219672,6.18826,2.24117,0.56371,6.87772,2.63624,0.308279,6,9,1,0,4,1,0,4,0,2,9,0,3,8,0,5,19,0,3,34,0,7,25,0,2,11,0,7,34,0,14,33,0,8,67,0,3,25,0,12,73,0,4,100,0,6,76,0,25,262,0,19,98,0,15,74,0,13,214,0,44,516,0,38,689,0,26,444,0,43,856,0,20,825,0,56,1234,0,78,1184,0,63,2471,0,88,1937,0,76,4349,0,95,2867,0,62,6571,0,258,6603,0,77,3763,0,102,14670,0,253,14581,0,209,16627,0,312,21401,0,278,11206,0,357,27527,0,502,34568,0,387,36862,0,323,48299,0,549,27775,0,389,56741,0,1196,59102,0,844,34274,0,646,79593,0,1342,138378,0,1102,130581,0,1113,186776,0,1148,269880,0,736,168254,0
-1.05176e+08,1,8.88811e-15,10,1023,0,1.05176e+08,0.528882,1.08665,0.389689,0.145397,0.379329,3.24381,0.161596,0.446195,1.77396,0.159177,1.15e+07,4.49998e+06,6.79999e+06,1.15e+07,4.49997e+06,6.79999e+06,1.15e+07,4.49996e+06,6.79999e+06,1.15e+07,4.49995e+06,6.79999e+06,1.14999e+07,4.49993e+06,6.79999e+06,1.14999e+07,4.49991e+06,6.79999e+06,1.14999e+07,4.49989e+06,6.79999e+06,1.14999e+07,4.49986e+06,6.79999e+06,1.14999e+07,4.49982e+06,6.79999e+06,1.14999e+07,4.49977e+06,6.79999e+06,1.14999e+07,4.49971e+06,6.79999e+06,1.14999e+07,4.49963e+06,6.79999e+06,1.14998e+07,4.49953e+06,6.79999e+06,1.14998e+07,4.49941e+06,6.79999e+06,1.14998e+07,4.49926e+06,6.79999e+06,1.14998e+07,4.49906e+06,6.79999e+06,1.14997e+07,4.49882e+06,6.79999e+06,1.14997e+07,4.49851e+06,6.79999e+06,1.14997e+07,4.49812e+06,6.79999e+06,1.14996e+07,4.49764e+06,6.79999e+06,1.14996e+07,4.49702e+06,6.79999e+06,1.14995e+07,4.49625e+06,6.79999e+06,1.14995e+07,4.49528e+06,6.79999e+06,1.14994e+07,4.49406e+06,6.79999e+06,1.14993e+07,4.49253e+06,6.79999e+06,1.14992e+07,4.49059e+06,6.79999e+06,1.14991e+07,4.48817e+06,6.79999e+06,1.1499e+07,4.48511e+06,6.79999e+06,1.14988e+07,4.48128e+06,6.79999e+06,1.14987e+07,4.47646e+06,6.79999e+06,1.14985e+07,4.47041e+06,6.79999e+06,1.14983e+07,4.46281e+06,6.79999e+06,1.14981e+07,4.4533e+06,6.79999e+06,1.14979e+07,4.44138e+06,6.79999e+06,1.14976e+07,4.42649e+06,6.79999e+06,1.14972e+07,4.40789e+06,6.79999e+06,1.14969e+07,4.38471e+06,6.79999e+06,1.14965e+07,4.35592e+06,6.79999e+06,1.1496e+07,4.32027e+06,6.79999e+06,1.14955e+07,4.27629e+06,6.79999e+06,1.14949e+07,4.22231e+06,6.79999e+06,1.14942e+07,4.15647e+06,6.79999e+06,1.14934e+07,4.07676e+06,6.79999e+06,1.14926e+07,3.98112e+06,6.79999e+06,1.14916e+07,3.86765e+06,6.79999e+06,1.14905e+07,3.73474e+06,6.79999e+06,1.14892e+07,3.58148e+06,6.79999e+06,1.14878e+07,3.40785e+06,6.79999e+06,1.14862e+07,3.21513e+06,6.79999e+06,1.14844e+07,3.00605e+06,6.79999e+06,1.14823e+07,2.7848e+06,6.79999e+06,1.148e+07,2.5568e+06,6.79999e+06,1.14773e+07,2.32825e+06,6.79999e+06,13.5742,8.52444,0.508366,16.8306,13.2585,0.162638,20.0035,17.569,0.0507846,23.2616,22.4214,0.0158319,26.7328,28.3297,0.00493498,30.5212,35.6974,0.00153831,34.7178,44.9473,0.000479527,39.4086,56.5822,0.000149456,44.6796,71.2245,4.66214e-05,50.6209,89.6543,1.45419e-05,57.3297,112.852,4.54748e-06,64.9129,142.051,1.43857e-06,73.4897,178.803,4.36618e-07,83.1934,225.062,1.40153e-07,94.1745,283.286,4.96378e-08,106.602,356.568,1.05434e-07,120.669,448.799,-6.49244e-08,136.59,564.873,1.70148e-07,154.611,710.948,-5.34594e-08,175.008,894.767,1.63407e-07,198.097,1126.06,8.04804e-08,224.231,1417.07,1.14667e-07,253.813,1783.15,-1.71227e-07,287.297,2243.62,-2.88466e-07,325.198,2822.67,-4.33651e-07,368.098,3550.67,7.9318e-08,416.657,4465.65,3.13319e-07,471.621,5615.16,3.4613e-07,533.835,7058.61,-1.19199e-07,604.255,8870.02,-2.79964e-07,683.962,11141.4,-2.30521e-07,774.182,13986.7,-2.55099e-07,876.299,17546.4,1.23585e-07,991.883,21993.1,1.41192e-07,1122.71,27536.7,-9.71886e-08,1270.78,34430.7,-3.68368e-07,1438.38,42977.7,-3.45379e-07,1628.07,53532.7,-3.25328e-09,1842.77,66504.6,2.6362e-07,2085.77,82350.2,2.53445e-07,2360.79,101560,-2.47407e-08,2672.05,124632,-3.80602e-07,3024.31,152018,-4.79005e-07,3422.98,184060,-1.14379e-07,3874.15,220884,2.64297e-07,4384.72,262283,3.44131e-07,4962.49,307576,7.5349e-08,5616.29,355497,-3.63097e-07,6356.1,404126,-6.05442e-07,7193.18,450932,-2.72333e-07,8140.28,492963,2.29675e-07,9211.79,527178,4.3387e-07,10424,550893,-1.0711e-07,10.102,8.06553,2.81012,10.6436,8.57909,0.869423,11.5336,10.2515,0.270869,12.7211,12.7138,0.0844293,14.1823,15.9373,0.0263173,15.9122,20.0383,0.0082035,17.9198,25.2154,0.00255722,20.2244,31.7373,0.000797017,22.8539,39.9486,0.000248622,25.8438,50.2851,7.75492e-05,29.237,63.2963,2.42508e-05,33.0837,79.6738,7.67162e-06,37.4415,100.288,2.32837e-06,42.3767,126.236,7.33e-07,47.9646,158.896,2.79256e-07,54.2906,200.003,9.87351e-09,61.452,251.741,1.61085e-07,69.5585,316.859,-2.47141e-07,78.7347,398.812,8.93552e-08,89.1218,501.948,-2.53231e-07,100.879,631.736,-1.25047e-07,114.188,795.049,-1.78808e-07,129.252,1000.53,2.6733e-07,146.304,1259.03,4.50292e-07,165.605,1584.19,6.76904e-07,187.452,1993.12,-1.23808e-07,212.181,2507.27,-4.89068e-07,240.173,3153.54,-5.40284e-07,271.856,3965.56,1.86061e-07,307.719,4985.38,4.37004e-07,348.313,6265.4,3.59828e-07,394.26,7870.83,3.98192e-07,446.268,9882.51,-1.92908e-07,505.135,12400.3,-2.20392e-07,571.766,15546.9,1.51705e-07,647.184,19472.2,5.74996e-07,732.547,24357.4,5.39112e-07,829.167,30420,5.07815e-09,938.526,37916.3,-4.11492e-07,1062.3,47143.9,-3.9561e-07,1202.4,58439.2,3.86185e-08,1360.96,72169.3,5.94093e-07,1540.42,88715.8,7.47693e-07,1743.53,108445,1.78537e-07,1973.41,131665,-4.12549e-07,2233.57,158557,-5.37164e-07,2528,189103,-1.17615e-07,2861.2,222986,5.66769e-07,3238.27,259510,9.45053e-07,3664.97,297540,4.25093e-07,4147.81,335497,-3.58506e-07,4694.17,371444,-6.7724e-07,5312.37,403256,1.67192e-07,1.61744,3.89446,9.84394,3.28846,7.5504,12.774,5.07607,11.7187,13.6844,7.03202,16.8147,13.9681,9.20215,23.1769,14.0566,11.6301,31.1672,14.0841,14.3598,41.2186,14.0927,17.4376,53.8688,14.0954,20.9137,69.7915,14.0962,24.8432,89.8341,14.0965,29.2879,115.063,14.0966,34.3168,146.819,14.0966,40.0078,186.792,14.0966,46.4487,237.107,14.0966,53.7388,300.44,14.0966,61.9903,380.158,14.0966,71.3301,480.499,14.0966,81.902,606.796,14.0966,93.8685,765.761,14.0966,107.414,965.837,14.0966,122.746,1217.65,14.0966,140.101,1534.57,14.0966,159.745,1933.41,14.0966,181.981,2435.3,14.0966,207.15,3066.85,14.0966,235.64,3861.46,14.0966,267.889,4861.11,14.0966,304.391,6118.54,14.0966,345.709,7699.91,14.0966,392.478,9688.22,14.0966,445.417,12187.5,14.0966,505.339,15327.7,14.0966,573.165,19271.6,14.0966,649.938,24222,14.0966,736.839,30430.9,14.0966,835.202,38211.5,14.0966,946.539,47950.3,14.0966,1072.56,60122.8,14.0966,1215.21,75309.9,14.0966,1376.66,94216.2,14.0966,1559.41,117688,14.0966,1766.26,146729,14.0966,2000.39,182510,14.0966,2265.39,226372,14.0966,2565.33,279806,14.0966,2904.81,344416,14.0966,3289.05,421845,14.0966,3723.93,513667,14.0966,4216.13,621231,14.0966,4773.18,745478,14.0966,5403.64,886744,14.0966,6117.15,1.04457e+06,14.0966,6924.63,1.2176e+06,14.0966,11.7194,11.96,12.6541,13.9321,16.1295,13.6434,16.6097,21.9702,13.9553,19.7532,29.5285,14.0526,23.3844,39.1143,14.0829,27.5423,51.2054,14.0923,32.2796,66.434,14.0953,37.662,85.6061,14.0962,43.7675,109.74,14.0965,50.687,140.119,14.0966,58.5249,178.359,14.0966,67.4005,226.493,14.0966,77.4493,287.08,14.0966,88.8254,363.343,14.0966,101.703,459.336,14.0966,116.281,580.161,14.0966,132.782,732.241,14.0966,151.46,923.655,14.0966,172.603,1164.57,14.0966,196.535,1467.79,14.0966,223.625,1849.39,14.0966,254.288,2329.62,14.0966,288.997,2933.93,14.0966,328.285,3694.33,14.0966,372.755,4651.04,14.0966,423.092,5854.57,14.0966,480.07,7368.38,14.0966,544.564,9272.08,14.0966,617.566,11665.5,14.0966,700.197,14673.6,14.0966,793.729,18452.9,14.0966,899.599,23198.6,14.0966,1019.43,29154.1,14.0966,1155.07,36622.3,14.0966,1308.6,45977.9,14.0966,1482.39,57683.7,14.0966,1679.09,72307.8,14.0966,1901.73,90542.8,14.0966,2153.73,113226,14.0966,2438.97,141360,14.0966,2761.81,176127,14.0966,3127.22,218898,14.0966,3540.81,271226,14.0966,4008.92,334817,14.0966,4538.74,411470,14.0966,5138.38,502973,14.0966,5817.04,610948,14.0966,6585.12,736653,14.0966,7454.39,880741,14.0966,8438.15,1.04302e+06,14.0966,9551.45,1.22224e+06,14.0966,10811.3,1.41602e+06,14.0966,12237,1.62086e+06,14.0966,11.7194,11.96,12.6541,2.21263,4.16949,0.989383,2.67766,5.84076,0.311842,3.14343,7.55825,0.0972771,3.63127,9.58578,0.0303237,4.15787,12.0912,0.00945211,4.73731,15.2286,0.00294633,5.38238,19.1721,0.000918508,6.10553,24.134,0.000286163,6.91951,30.3791,8.92692e-05,7.83792,38.2397,2.78121e-05,8.87555,48.1338,8.65134e-06,10.0489,60.5876,2.7882e-06,11.3761,76.2629,8.29036e-07,12.8779,95.9927,2.4373e-07,14.5775,120.825,4.33068e-09,16.5012,152.08,1.75749e-07,18.6784,191.415,-1.86328e-07,21.1428,240.917,1.91829e-07,23.9322,303.213,-1.81475e-07,27.0895,381.602,7.0186e-08,30.6634,480.231,-2.86769e-08,34.7087,604.316,2.40784e-07,39.2876,760.401,9.87368e-08,44.4705,956.705,1.22263e-07,50.3371,1203.54,-4.31966e-07,56.9776,1513.81,-1.9705e-07,64.494,1903.69,-2.763e-08,73.0018,2393.4,3.9185e-07,82.6317,3008.13,1.35379e-07,93.5318,3779.25,-4.16351e-08,105.869,4745.7,2.06965e-08,119.834,5955.6,-3.18887e-07,135.641,7468.12,-1.48271e-08,153.531,9355.62,2.00739e-07,173.781,11705.8,2.28358e-07,196.701,14624.1,-1.93587e-08,222.642,18235,-2.88101e-07,252.003,22683.4,-2.24732e-07,285.234,28134,8.56806e-09,322.845,34767,2.34258e-07,365.413,42770.9,2.99668e-07,413.588,52327.9,8.28644e-08,468.111,63591.2,-3.07049e-07,529.814,76653.2,-3.1888e-07,599.642,91502.5,-6.72276e-08,678.662,107975,2.26339e-07,768.083,125705,3.69212e-07,869.267,144088,2.04077e-07,983.76,162277,-2.80509e-07,1113.3,179223,-4.22737e-07,1259.87,193777,-1.71951e-07,1425.68,204839,4.55555e-07,11.7194,11.96,12.6541,2.21263,4.16949,0.989383,2.67766,5.84076,0.311842,3.14343,7.55825,0.0972771,3.63127,9.58578,0.0303237,4.15787,12.0912,0.00945211,4.73731,15.2286,0.00294633,5.38238,19.1721,0.000918508,6.10553,24.134,0.000286163,6.91951,30.3791,8.92692e-05,7.83792,38.2397,2.78121e-05,8.87555,48.1338,8.65134e-06,10.0489,60.5876,2.7882e-06,11.3761,76.2629,8.29036e-07,12.8779,95.9927,2.4373e-07,14.5775,120.825,1e-08,16.5012,152.08,1.75749e-07,18.6784,191.415,1e-08,21.1428,240.917,1.91829e-07,23.9322,303.213,1e-08,27.0895,381.602,7.0186e-08,30.6634,480.231,1e-08,34.7087,604.316,2.40784e-07,39.2876,760.401,9.87368e-08,44.4705,956.705,1.22263e-07,50.3371,1203.54,1e-08,56.9776,1513.81,1e-08,64.494,1903.69,1e-08,73.0018,2393.4,3.9185e-07,82.6317,3008.13,1.35379e-07,93.5318,3779.25,1e-08,105.869,4745.7,2.06965e-08,119.834,5955.6,1e-08,135.641,7468.12,1e-08,153.531,9355.62,2.00739e-07,173.781,11705.8,2.28358e-07,196.701,14624.1,1e-08,222.642,18235,1e-08,252.003,22683.4,1e-08,285.234,28134,1e-08,322.845,34767,2.34258e-07,365.413,42770.9,2.99668e-07,413.588,52327.9,8.28644e-08,468.111,63591.2,1e-08,529.814,76653.2,1e-08,599.642,91502.5,1e-08,678.662,107975,2.26339e-07,768.083,125705,3.69212e-07,869.267,144088,2.04077e-07,983.76,162277,1e-08,1113.3,179223,1e-08,1259.87,193777,1e-08,1425.68,204839,4.55555e-07,6.2823,3.27286,2.43537,0.219672,6.18826,2.24117,0.56371,6.87772,2.63624,0.308279,8,13,10,3,8,1,2,9,0,3,7,0,4,12,0,0,8,0,1,9,0,8,27,0,4,23,0,11,25,0,5,31,0,4,25,0,8,45,0,6,72,0,16,88,0,6,169,0,30,95,0,21,254,0,11,363,0,26,324,0,27,340,0,17,340,0,23,671,0,23,1259,0,44,639,0,38,1599,0,37,1276,0,42,766,0,111,1635,0,91,2898,0,77,3570,0,74,3938,0,147,3778,0,193,4461,0,126,11952,0,301,13024,0,324,21560,0,246,11640,0,375,13736,0,82,34652,0,304,32817,0,278,33054,0,381,71145,0,508,93447,0,444,75349,0,1048,121056,0,411,99668,0,580,103951,0,1193,190670,0,913,133047,0,1086,275095,0,826,70300,0,1048,151647,0
-1.05176e+08,1,8.88811e-15,10,1023,0,1.05176e+08,0.528882,1.08665,0.389689,0.145397,0.379329,3.24381,0.161596,0.446195,1.77396,0.159177,1.15e+07,4.49998e+06,6.79999e+06,1.15e+07,4.49997e+06,6.79999e+06,1.15e+07,4.49996e+06,6.79999e+06,1.15e+07,4.49995e+06,6.79999e+06,1.14999e+07,4.49993e+06,6.79999e+06,1.14999e+07,4.49991e+06,6.79999e+06,1.14999e+07,4.49989e+06,6.79999e+06,1.14999e+07,4.49986e+06,6.79999e+06,1.14999e+07,4.49982e+06,6.79999e+06,1.14999e+07,4.49977e+06,6.79999e+06,1.14999e+07,4.49971e+06,6.79999e+06,1.14999e+07,4.49963e+06,6.79999e+06,1.14998e+07,4.49953e+06,6.79999e+06,1.14998e+07,4.49941e+06,6.79999e+06,1.14998e+07,4.49926e+06,6.79999e+06,1.14998e+07,4.49906e+06,6.79999e+06,1.14997e+07,4.49882e+06,6.79999e+06,1.14997e+07,4.49851e+06,6.79999e+06,1.14997e+07,4.49812e+06,6.79999e+06,1.14996e+07,4.49764e+06,6.79999e+06,1.14996e+07,4.49702e+06,6.79999e+06,1.14995e+07,4.49625e+06,6.79999e+06,1.14995e+07,4.49528e+06,6.79999e+06,1.14994e+07,4.49406e+06,6.79999e+06,1.14993e+07,4.49253e+06,6.79999e+06,1.14992e+07,4.49059e+06,6.79999e+06,1.14991e+07,4.48817e+06,6.79999e+06,1.1499e+07,4.48511e+06,6.79999e+06,1.14988e+07,4.48128e+06,6.79999e+06,1.14987e+07,4.47646e+06,6.79999e+06,1.14985e+07,4.47041e+06,6.79999e+06,1.14983e+07,4.46281e+06,6.79999e+06,1.14981e+07,4.4533e+06,6.79999e+06,1.14979e+07,4.44138e+06,6.79999e+06,1.14976e+07,4.42649e+06,6.79999e+06,1.14972e+07,4.40789e+06,6.79999e+06,1.14969e+07,4.38471e+06,6.79999e+06,1.14965e+07,4.35592e+06,6.79999e+06,1.1496e+07,4.32027e+06,6.79999e+06,1.14955e+07,4.27629e+06,6.79999e+06,1.14949e+07,4.22231e+06,6.79999e+06,1.14942e+07,4.15647e+06,6.79999e+06,1.14934e+07,4.07676e+06,6.79999e+06,1.14926e+07,3.98112e+06,6.79999e+06,1.14916e+07,3.86765e+06,6.79999e+06,1.14905e+07,3.73474e+06,6.79999e+06,1.14892e+07,3.58148e+06,6.79999e+06,1.14878e+07,3.40785e+06,6.79999e+06,1.14862e+07,3.21513e+06,6.79999e+06,1.14844e+07,3.00605e+06,6.79999e+06,1.14823e+07,2.7848e+06,6.79999e+06,1.148e+07,2.5568e+06,6.79999e+06,1.14773e+07,2.32825e+06,6.79999e+06,13.5742,8.52444,0.508366,16.8306,13.2585,0.162638,20.0035,17.569,0.0507846,23.2616,22.4214,0.0158319,26.7328,28.3297,0.00493498,30.5212,35.6974,0.00153831,34.7178,44.9473,0.000479527,39.4086,56.5822,0.000149456,44.6796,71.2245,4.66214e-05,50.6209,89.6543,1.45419e-05,57.3297,112.852,4.54748e-06,64.9129,142.051,1.43857e-06,73.4897,178.803,4.36618e-07,83.1934,225.062,1.40153e-07,94.1745,283.286,4.96378e-08,106.602,356.568,1.05434e-07,120.669,448.799,-6.49244e-08,136.59,564.873,1.70148e-07,154.611,710.948,-5.34594e-08,175.008,894.767,1.63407e-07,198.097,1126.06,8.04804e-08,224.231,1417.07,1.14667e-07,253.813,1783.15,-1.71227e-07,287.297,2243.62,-2.88466e-07,325.198,2822.67,-4.33651e-07,368.098,3550.67,7.9318e-08,416.657,4465.65,3.13319e-07,471.621,5615.16,3.4613e-07,533.835,7058.61,-1.19199e-07,604.255,8870.02,-2.79964e-07,683.962,11141.4,-2.30521e-07,774.182,13986.7,-2.55099e-07,876.299,17546.4,1.23585e-07,991.883,21993.1,1.41192e-07,1122.71,27536.7,-9.71886e-08,1270.78,34430.7,-3.68368e-07,1438.38,42977.7,-3.45379e-07,1628.07,53532.7,-3.25328e-09,1842.77,66504.6,2.6362e-07,2085.77,82350.2,2.53445e-07,2360.79,101560,-2.47407e-08,2672.05,124632,-3.80602e-07,3024.31,152018,-4.79005e-07,3422.98,184060,-1.14379e-07,3874.15,220884,2.64297e-07,4384.72,262283,3.44131e-07,4962.49,307576,7.5349e-08,5616.29,355497,-3.63097e-07,6356.1,404126,-6.05442e-07,7193.18,450932,-2.72333e-07,8140.28,492963,2.29675e-07,9211.79,527178,4.3387e-07,10424,550893,-1.0711e-07,10.102,8.06553,2.81012,10.6436,8.57909,0.869423,11.5336,10.2515,0.270869,12.7211,12.7138,0.0844293,14.1823,15.9373,0.0263173,15.9122,20.0383,0.0082035,17.9198,25.2154,0.00255722,20.2244,31.7373,0.000797017,22.8539,39.9486,0.000248622,25.8438,50.2851,7.75492e-05,29.237,63.2963,2.42508e-05,33.0837,79.6738,7.67162e-06,37.4415,100.288,2.32837e-06,42.3767,126.236,7.33e-07,47.9646,158.896,2.79256e-07,54.2906,200.003,9.87351e-09,61.452,251.741,1.61085e-07,69.5585,316.859,-2.47141e-07,78.7347,398.812,8.93552e-08,89.1218,501.948,-2.53231e-07,100.879,631.736,-1.25047e-07,114.188,795.049,-1.78808e-07,129.252,1000.53,2.6733e-07,146.304,1259.03,4.50292e-07,165.605,1584.19,6.76904e-07,187.452,1993.12,-1.23808e-07,212.181,2507.27,-4.89068e-07,240.173,3153.54,-5.40284e-07,271.856,3965.56,1.86061e-07,307.719,4985.38,4.37004e-07,348.313,6265.4,3.59828e-07,394.26,7870.83,3.98192e-07,446.268,9882.51,-1.92908e-07,505.135,12400.3,-2.20392e-07,571.766,15546.9,1.51705e-07,647.184,19472.2,5.74996e-07,732.547,24357.4,5.39112e-07,829.167,30420,5.07815e-09,938.526,37916.3,-4.11492e-07,1062.3,47143.9,-3.9561e-07,1202.4,58439.2,3.86185e-08,1360.96,72169.3,5.94093e-07,1540.42,88715.8,7.47693e-07,1743.53,108445,1.78537e-07,1973.41,131665,-4.12549e-07,2233.57,158557,-5.37164e-07,2528,189103,-1.17615e-07,2861.2,222986,5.66769e-07,3238.27,259510,9.45053e-07,3664.97,297540,4.25093e-07,4147.81,335497,-3.58506e-07,4694.17,371444,-6.7724e-07,5312.37,403256,1.67192e-07,1.61744,3.89446,9.84394,3.28846,7.5504,12.774,5.07607,11.7187,13.6844,7.03202,16.8147,13.9681,9.20215,23.1769,14.0566,11.6301,31.1672,14.0841,14.3598,41.2186,14.0927,17.4376,53.8688,14.0954,20.9137,69.7915,14.0962,24.8432,89.8341,14.0965,29.2879,115.063,14.0966,34.3168,146.819,14.0966,40.0078,186.792,14.0966,46.4487,237.107,14.0966,53.7388,300.44,14.0966,61.9903,380.158,14.0966,71.3301,480.499,14.0966,81.902,606.796,14.0966,93.8685,765.761,14.0966,107.414,965.837,14.0966,122.746,1217.65,14.0966,140.101,1534.57,14.0966,159.745,1933.41,14.0966,181.981,2435.3,14.0966,207.15,3066.85,14.0966,235.64,3861.46,14.0966,267.889,4861.11,14.0966,304.391,6118.54,14.0966,345.709,7699.91,14.0966,392.478,9688.22,14.0966,445.417,12187.5,14.0966,505.339,15327.7,14.0966,573.165,19271.6,14.0966,649.938,24222,14.0966,736.839,30430.9,14.0966,835.202,38211.5,14.0966,946.539,47950.3,14.0966,1072.56,60122.8,14.0966,1215.21,75309.9,14.0966,1376.66,94216.2,14.0966,1559.41,117688,14.0966,1766.26,146729,14.0966,2000.39,182510,14.0966,2265.39,226372,14.0966,2565.33,279806,14.0966,2904.81,344416,14.0966,3289.05,421845,14.0966,3723.93,513667,14.0966,4216.13,621231,14.0966,4773.18,745478,14.0966,5403.64,886744,14.0966,6117.15,1.04457e+06,14.0966,6924.63,1.2176e+06,14.0966,11.7194,11.96,12.6541,13.9321,16.1295,13.6434,16.6097,21.9702,13.9553,19.7532,29.5285,14.0526,23.3844,39.1143,14.0829,27.5423,51.2054,14.0923,32.2796,66.434,14.0953,37.662,85.6061,14.0962,43.7675,109.74,14.0965,50.687,140.119,14.0966,58.5249,178.359,14.0966,67.4005,226.493,14.0966,77.4493,287.08,14.0966,88.8254,363.343,14.0966,101.703,459.336,14.0966,116.281,580.161,14.0966,132.782,732.241,14.0966,151.46,923.655,14.0966,172.603,1164.57,14.0966,196.535,1467.79,14.0966,223.625,1849.39,14.0966,254.288,2329.62,14.0966,288.997,2933.93,14.0966,328.285,3694.33,14.0966,372.755,4651.04,14.0966,423.092,5854.57,14.0966,480.07,7368.38,14.0966,544.564,9272.08,14.0966,617.566,11665.5,14.0966,700.197,14673.6,14.0966,793.729,18452.9,14.0966,899.599,23198.6,14.0966,1019.43,29154.1,14.0966,1155.07,36622.3,14.0966,1308.6,45977.9,14.0966,1482.39,57683.7,14.0966,1679.09,72307.8,14.0966,1901.73,90542.8,14.0966,2153.73,113226,14.0966,2438.97,141360,14.0966,2761.81,176127,14.0966,3127.22,218898,14.0966,3540.81,271226,14.0966,4008.92,334817,14.0966,4538.74,411470,14.0966,5138.38,502973,14.0966,5817.04,610948,14.0966,6585.12,736653,14.0966,7454.39,880741,14.0966,8438.15,1.04302e+06,14.0966,9551.45,1.22224e+06,14.0966,10811.3,1.41602e+06,14.0966,12237,1.62086e+06,14.0966,11.7194,11.96,12.6541,2.21263,4.16949,0.989383,2.67766,5.84076,0.311842,3.14343,7.55825,0.0972771,3.63127,9.58578,0.0303237,4.15787,12.0912,0.00945211,4.73731,15.2286,0.00294633,5.38238,19.1721,0.000918508,6.10553,24.134,0.000286163,6.91951,30.3791,8.92692e-05,7.83792,38.2397,2.78121e-05,8.87555,48.1338,8.65134e-06,10.0489,60.5876,2.7882e-06,11.3761,76.2629,8.29036e-07,12.8779,95.9927,2.4373e-07,14.5775,120.825,4.33068e-09,16.5012,152.08,1.75749e-07,18.6784,191.415,-1.86328e-07,21.1428,240.917,1.91829e-07,23.9322,303.213,-1.81475e-07,27.0895,381.602,7.0186e-08,30.6634,480.231,-2.86769e-08,34.7087,604.316,2.40784e-07,39.2876,760.401,9.87368e-08,44.4705,956.705,1.22263e-07,50.3371,1203.54,-4.31966e-07,56.9776,1513.81,-1.9705e-07,64.494,1903.69,-2.763e-08,73.0018,2393.4,3.9185e-07,82.6317,3008.13,1.35379e-07,93.5318,3779.25,-4.16351e-08,105.869,4745.7,2.06965e-08,119.834,5955.6,-3.18887e-07,135.641,7468.12,-1.48271e-08,153.531,9355.62,2.00739e-07,173.781,11705.8,2.28358e-07,196.701,14624.1,-1.93587e-08,222.642,18235,-2.88101e-07,252.003,22683.4,-2.24732e-07,285.234,28134,8.56806e-09,322.845,34767,2.34258e-07,365.413,42770.9,2.99668e-07,413.588,52327.9,8.28644e-08,468.111,63591.2,-3.07049e-07,529.814,76653.2,-3.1888e-07,599.642,91502.5,-6.72276e-08,678.662,107975,2.26339e-07,768.083,125705,3.69212e-07,869.267,144088,2.04077e-07,983.76,162277,-2.80509e-07,1113.3,179223,-4.22737e-07,1259.87,193777,-1.71951e-07,1425.68,204839,4.55555e-07,11.7194,11.96,12.6541,2.21263,4.16949,0.989383,2.67766,5.84076,0.311842,3.14343,7.55825,0.0972771,3.63127,9.58578,0.0303237,4.15787,12.0912,0.00945211,4.73731,15.2286,0.00294633,5.38238,19.1721,0.000918508,6.10553,24.134,0.000286163,6.91951,30.3791,8.92692e-05,7.83792,38.2397,2.78121e-05,8.87555,48.1338,8.65134e-06,10.0489,60.5876,2.7882e-06,11.3761,76.2629,8.29036e-07,12.8779,95.9927,2.4373e-07,14.5775,120.825,1e-08,16.5012,152.08,1.75749e-07,18.6784,191.415,1e-08,21.1428,240.917,1.91829e-07,23.9322,303.213,1e-08,27.0895,381.602,7.0186e-08,30.6634,480.231,1e-08,34.7087,604.316,2.40784e-07,39.2876,760.401,9.87368e-08,44.4705,956.705,1.22263e-07,50.3371,1203.54,1e-08,56.9776,1513.81,1e-08,64.494,1903.69,1e-08,73.0018,2393.4,3.9185e-07,82.6317,3008.13,1.35379e-07,93.5318,3779.25,1e-08,105.869,4745.7,2.06965e-08,119.834,5955.6,1e-08,135.641,7468.12,1e-08,153.531,9355.62,2.00739e-07,173.781,11705.8,2.28358e-07,196.701,14624.1,1e-08,222.642,18235,1e-08,252.003,22683.4,1e-08,285.234,28134,1e-08,322.845,34767,2.34258e-07,365.413,42770.9,2.99668e-07,413.588,52327.9,8.28644e-08,468.111,63591.2,1e-08,529.814,76653.2,1e-08,599.642,91502.5,1e-08,678.662,107975,2.26339e-07,768.083,125705,3.69212e-07,869.267,144088,2.04077e-07,983.76,162277,1e-08,1113.3,179223,1e-08,1259.87,193777,1e-08,1425.68,204839,4.55555e-07,6.2823,3.27286,2.43537,0.219672,6.18826,2.24117,0.56371,6.87772,2.63624,0.308279,26,17,7,1,11,2,2,4,1,3,4,0,3,8,0,5,16,0,3,35,0,1,13,0,10,16,0,3,21,0,8,28,0,7,25,0,15,37,0,22,61,0,15,62,0,8,130,0,18,151,0,43,88,0,13,355,0,48,222,0,33,277,0,38,417,0,33,399,0,18,920,0,53,1135,0,47,686,0,53,755,0,24,1043,0,44,2303,0,118,2889,0,143,2997,0,103,4302,0,97,7146,0,55,4756,0,124,15182,0,198,12263,0,84,17911,0,112,10884,0,140,35274,0,132,7734,0,196,30822,0,629,31948,0,401,33411,0,615,58935,0,264,87121,0,536,54902,0,821,30937,0,878,120567,0,1028,105259,0,1102,81396,0,1001,132738,0,796,260756,0,1434,197632,0
-1.05176e+08,1,8.88811e-15,10,1023,0,1.05176e+08,0.528882,1.08665,0.389689,0.145397,0.379329,3.24381,0.161596,0.446195,1.77396,0.159177,1.15e+07,4.49998e+06,6.79999e+06,1.15e+07,4.49997e+06,6.79999e+06,1.15e+07,4.49996e+06,6.79999e+06,1.15e+07,4.49995e+06,6.79999e+06,1.14999e+07,4.49993e+06,6.79999e+06,1.14999e+07,4.49991e+06,6.79999e+06,1.14999e+07,4.49989e+06,6.79999e+06,1.14999e+07,4.49986e+06,6.79999e+06,1.14999e+07,4.49982e+06,6.79999e+06,1.14999e+07,4.49977e+06,6.79999e+06,1.14999e+07,4.49971e+06,6.79999e+06,1.14999e+07,4.49963e+06,6.79999e+06,1.14998e+07,4.49953e+06,6.79999e+06,1.14998e+07,4.49941e+06,6.79999e+06,1.14998e+07,4.49926e+06,6.79999e+06,1.14998e+07,4.49906e+06,6.79999e+06,1.14997e+07,4.49882e+06,6.79999e+06,1.14997e+07,4.49851e+06,6.79999e+06,1.14997e+07,4.49812e+06,6.79999e+06,1.14996e+07,4.49764e+06,6.79999e+06,1.14996e+07,4.49702e+06,6.79999e+06,1.14995e+07,4.49625e+06,6.79999e+06,1.14995e+07,4.49528e+06,6.79999e+06,1.14994e+07,4.49406e+06,6.79999e+06,1.14993e+07,4.49253e+06,6.79999e+06,1.14992e+07,4.49059e+06,6.79999e+06,1.14991e+07,4.48817e+06,6.79999e+06,1.1499e+07,4.48511e+06,6.79999e+06,1.14988e+07,4.48128e+06,6.79999e+06,1.14987e+07,4.47646e+06,6.79999e+06,1.14985e+07,4.47041e+06,6.79999e+06,1.14983e+07,4.46281e+06,6.79999e+06,1.14981e+07,4.4533e+06,6.79999e+06,1.14979e+07,4.44138e+06,6.79999e+06,1.14976e+07,4.42649e+06,6.79999e+06,1.14972e+07,4.40789e+06,6.79999e+06,1.14969e+07,4.38471e+06,6.79999e+06,1.14965e+07,4.35592e+06,6.79999e+06,1.1496e+07,4.32027e+06,6.79999e+06,1.14955e+07,4.27629e+06,6.79999e+06,1.14949e+07,4.22231e+06,6.79999e+06,1.14942e+07,4.15647e+06,6.79999e+06,1.14934e+07,4.07676e+06,6.79999e+06,1.14926e+07,3.98112e+06,6.79999e+06,1.14916e+07,3.86765e+06,6.79999e+06,1.14905e+07,3.73474e+06,6.79999e+06,1.14892e+07,3.58148e+06,6.79999e+06,1.14878e+07,3.40785e+06,6.79999e+06,1.14862e+07,3.21513e+06,6.79999e+06,1.14844e+07,3.00605e+06,6.79999e+06,1.14823e+07,2.7848e+06,6.79999e+06,1.148e+07,2.5568e+06,6.79999e+06,1.14773e+07,2.32825e+06,6.79999e+06,13.5742,8.52444,0.508366,16.8306,13.2585,0.162638,20.0035,17.569,0.0507846,23.2616,22.4214,0.0158319,26.7328,28.3297,0.00493498,30.5212,35.6974,0.00153831,34.7178,44.9473,0.000479527,39.4086,56.5822,0.000149456,44.6796,71.2245,4.66214e-05,50.6209,89.6543,1.45419e-05,57.3297,112.852,4.54748e-06,64.9129,142.051,1.43857e-06,73.4897,178.803,4.36618e-07,83.1934,225.062,1.40153e-07,94.1745,283.286,4.96378e-08,106.602,356.568,1.05434e-07,120.669,448.799,-6.49244e-08,136.59,564.873,1.70148e-07,154.611,710.948,-5.34594e-08,175.008,894.767,1.63407e-07,198.097,1126.06,8.04804e-08,224.231,1417.07,1.14667e-07,253.813,1783.15,-1.71227e-07,287.297,2243.62,-2.88466e-07,325.198,2822.67,-4.33651e-07,368.098,3550.67,7.9318e-08,416.657,4465.65,3.13319e-07,471.621,5615.16,3.4613e-07,533.835,7058.61,-1.19199e-07,604.255,8870.02,-2.79964e-07,683.962,11141.4,-2.30521e-07,774.182,13986.7,-2.55099e-07,876.299,17546.4,1.23585e-07,991.883,21993.1,1.41192e-07,1122.71,27536.7,-9.71886e-08,1270.78,34430.7,-3.68368e-07,1438.38,42977.7,-3.45379e-07,1628.07,53532.7,-3.25328e-09,1842.77,66504.6,2.6362e-07,2085.77,82350.2,2.53445e-07,2360.79,101560,-2.47407e-08,2672.05,124632,-3.80602e-07,3024.31,152018,-4.79005e-07,3422.98,184060,-1.14379e-07,3874.15,220884,2.64297e-07,4384.72,262283,3.44131e-07,4962.49,307576,7.5349e-08,5616.29,355497,-3.63097e-07,6356.1,404126,-6.05442e-07,7193.18,450932,-2.72333e-07,8140.28,492963,2.29675e-07,9211.79,527178,4.3387e-07,10424,550893,-1.0711e-07,10.102,8.06553,2.81012,10.6436,8.57909,0.869423,11.5336,10.2515,0.270869,12.7211,12.7138,0.0844293,14.1823,15.9373,0.0263173,15.9122,20.0383,0.0082035,17.9198,25.2154,0.00255722,20.2244,31.7373,0.000797017,22.8539,39.9486,0.000248622,25.8438,50.2851,7.75492e-05,29.237,63.2963,2.42508e-05,33.0837,79.6738,7.67162e-06,37.4415,100.288,2.32837e-06,42.3767,126.236,7.33e-07,47.9646,158.896,2.79256e-07,54.2906,200.003,9.87351e-09,61.452,251.741,1.61085e-07,69.5585,316.859,-2.47141e-07,78.7347,398.812,8.93552e-08,89.1218,501.948,-2.53231e-07,100.879,631.736,-1.25047e-07,114.188,795.049,-1.78808e-07,129.252,1000.53,2.6733e-07,146.304,1259.03,4.50292e-07,165.605,1584.19,6.76904e-07,187.452,1993.12,-1.23808e-07,212.181,2507.27,-4.89068e-07,240.173,3153.54,-5.40284e-07,271.856,3965.56,1.86061e-07,307.719,4985.38,4.37004e-07,348.313,6265.4,3.59828e-07,394.26,7870.83,3.98192e-07,446.268,9882.51,-1.92908e-07,505.135,12400.3,-2.20392e-07,571.766,15546.9,1.51705e-07,647.184,19472.2,5.74996e-07,732.547,24357.4,5.39112e-07,829.167,30420,5.07815e-09,938.526,37916.3,-4.11492e-07,1062.3,47143.9,-3.9561e-07,1202.4,58439.2,3.86185e-08,1360.96,72169.3,5.94093e-07,1540.42,88715.8,7.47693e-07,1743.53,108445,1.78537e-07,1973.41,131665,-4.12549e-07,2233.57,158557,-5.37164e-07,2528,189103,-1.17615e-07,2861.2,222986,5.66769e-07,3238.27,259510,9.45053e-07,3664.97,297540,4.25093e-07,4147.81,335497,-3.58506e-07,4694.17,371444,-6.7724e-07,5312.37,403256,1.67192e-07,1.61744,3.89446,9.84394,3.28846,7.5504,12.774,5.07607,11.7187,13.6844,7.03202,16.8147,13.9681,9.20215,23.1769,14.0566,11.6301,31.1672,14.0841,14.3598,41.2186,14.0927,17.4376,53.8688,14.0954,20.9137,69.7915,14.0962,24.8432,89.8341,14.0965,29.2879,115.063,14.0966,34.3168,146.819,14.0966,40.0078,186.792,14.0966,46.4487,237.107,14.0966,53.7388,300.44,14.0966,61.9903,380.158,14.0966,71.3301,480.499,14.0966,81.902,606.796,14.0966,93.8685,765.761,14.0966,107.414,965.837,14.0966,122.746,1217.65,14.0966,140.101,1534.57,14.0966,159.745,1933.41,14.0966,181.981,2435.3,14.0966,207.15,3066.85,14.0966,235.64,3861.46,14.0966,267.889,4861.11,14.0966,304.391,6118.54,14.0966,345.709,7699.91,14.0966,392.478,9688.22,14.0966,445.417,12187.5,14.0966,505.339,15327.7,14.0966,573.165,19271.6,14.0966,649.938,24222,14.0966,736.839,30430.9,14.0966,835.202,38211.5,14.0966,946.539,47950.3,14.0966,1072.56,60122.8,14.0966,1215.21,75309.9,14.0966,1376.66,94216.2,14.0966,1559.41,117688,14.0966,1766.26,146729,14.0966,2000.39,182510,14.0966,2265.39,226372,14.0966,2565.33,279806,14.0966,2904.81,344416,14.0966,3289.05,421845,14.0966,3723.93,513667,14.0966,4216.13,621231,14.0966,4773.18,745478,14.0966,5403.64,886744,14.0966,6117.15,1.04457e+06,14.0966,6924.63,1.2176e+06,14.0966,11.7194,11.96,12.6541,13.9321,16.1295,13.6434,16.6097,21.9702,13.9553,19.7532,29.5285,14.0526,23.3844,39.1143,14.0829,27.5423,51.2054,14.0923,32.2796,66.434,14.0953,37.662,85.6061,14.0962,43.7675,109.74,14.0965,50.687,140.119,14.0966,58.5249,178.359,14.0966,67.4005,226.493,14.0966,77.4493,287.08,14.0966,88.8254,363.343,14.0966,101.703,459.336,14.0966,116.281,580.161,14.0966,132.782,732.241,14.0966,151.46,923.655,14.0966,172.603,1164.57,14.0966,196.535,1467.79,14.0966,223.625,1849.39,14.0966,254.288,2329.62,14.0966,288.997,2933.93,14.0966,328.285,3694.33,14.0966,372.755,4651.04,14.0966,423.092,5854.57,14.0966,480.07,7368.38,14.0966,544.564,9272.08,14.0966,617.566,11665.5,14.0966,700.197,14673.6,14.0966,793.729,18452.9,14.0966,899.599,23198.6,14.0966,1019.43,29154.1,14.0966,1155.07,36622.3,14.0966,1308.6,45977.9,14.0966,1482.39,57683.7,14.0966,1679.09,72307.8,14.0966,1901.73,90542.8,14.0966,2153.73,113226,14.0966,2438.97,141360,14.0966,2761.81,176127,14.0966,3127.22,218898,14.0966,3540.81,271226,14.0966,4008.92,334817,14.0966,4538.74,411470,14.0966,5138.38,502973,14.0966,5817.04,610948,14.0966,6585.12,736653,14.0966,7454.39,880741,14.0966,8438.15,1.04302e+06,14.0966,9551.45,1.22224e+06,14.0966,10811.3,1.41602e+06,14.0966,12237,1.62086e+06,14.0966,11.7194,11.96,12.6541,2.21263,4.16949,0.989383,2.67766,5.84076,0.311842,3.14343,7.55825,0.0972771,3.63127,9.58578,0.0303237,4.15787,12.0912,0.00945211,4.73731,15.2286,0.00294633,5.38238,19.1721,0.000918508,6.10553,24.134,0.000286163,6.91951,30.3791,8.92692e-05,7.83792,38.2397,2.78121e-05,8.87555,48.1338,8.65134e-06,10.0489,60.5876,2.7882e-06,11.3761,76.2629,8.29036e-07,12.8779,95.9927,2.4373e-07,14.5775,120.825,4.33068e-09,16.5012,152.08,1.75749e-07,18.6784,191.415,-1.86328e-07,21.1428,240.917,1.91829e-07,23.9322,303.213,-1.81475e-07,27.0895,381.602,7.0186e-08,30.6634,480.231,-2.86769e-08,34.7087,604.316,2.40784e-07,39.2876,760.401,9.87368e-08,44.4705,956.705,1.22263e-07,50.3371,1203.54,-4.31966e-07,56.9776,1513.81,-1.9705e-07,64.494,1903.69,-2.763e-08,73.0018,2393.4,3.9185e-07,82.6317,3008.13,1.35379e-07,93.5318,3779.25,-4.16351e-08,105.869,4745.7,2.06965e-08,119.834,5955.6,-3.18887e-07,135.641,7468.12,-1.48271e-08,153.531,9355.62,2.00739e-07,173.781,11705.8,2.28358e-07,196.701,14624.1,-1.93587e-08,222.642,18235,-2.88101e-07,252.003,22683.4,-2.24732e-07,285.234,28134,8.56806e-09,322.845,34767,2.34258e-07,365.413,42770.9,2.99668e-07,413.588,52327.9,8.28644e-08,468.111,63591.2,-3.07049e-07,529.814,76653.2,-3.1888e-07,599.642,91502.5,-6.72276e-08,678.662,107975,2.26339e-07,768.083,125705,3.69212e-07,869.267,144088,2.04077e-07,983.76,162277,-2.80509e-07,1113.3,179223,-4.22737e-07,1259.87,193777,-1.71951e-07,1425.68,204839,4.55555e-07,11.7194,11.96,12.6541,2.21263,4.16949,0.989383,2.67766,5.84076,0.311842,3.14343,7.55825,0.0972771,3.63127,9.58578,0.0303237,4.15787,12.0912,0.00945211,4.73731,15.2286,0.00294633,5.38238,19.1721,0.000918508,6.10553,24.134,0.000286163,6.91951,30.3791,8.92692e-05,7.83792,38.2397,2.78121e-05,8.87555,48.1338,8.65134e-06,10.0489,60.5876,2.7882e-06,11.3761,76.2629,8.29036e-07,12.8779,95.9927,2.4373e-07,14.5775,120.825,1e-08,16.5012,152.08,1.75749e-07,18.6784,191.415,1e-08,21.1428,240.917,1.91829e-07,23.9322,303.213,1e-08,27.0895,381.602,7.0186e-08,30.6634,480.231,1e-08,34.7087,604.316,2.40784e-07,39.2876,760.401,9.87368e-08,44.4705,956.705,1.22263e-07,50.3371,1203.54,1e-08,56.9776,1513.81,1e-08,64.494,1903.69,1e-08,73.0018,2393.4,3.9185e-07,82.6317,3008.13,1.35379e-07,93.5318,3779.25,1e-08,105.869,4745.7,2.06965e-08,119.834,5955.6,1e-08,135.641,7468.12,1e-08,153.531,9355.62,2.00739e-07,173.781,11705.8,2.28358e-07,196.701,14624.1,1e-08,222.642,18235,1e-08,252.003,22683.4,1e-08,285.234,28134,1e-08,322.845,34767,2.34258e-07,365.413,42770.9,2.99668e-07,413.588,52327.9,8.28644e-08,468.111,63591.2,1e-08,529.814,76653.2,1e-08,599.642,91502.5,1e-08,678.662,107975,2.26339e-07,768.083,125705,3.69212e-07,869.267,144088,2.04077e-07,983.76,162277,1e-08,1113.3,179223,1e-08,1259.87,193777,1e-08,1425.68,204839,4.55555e-07,6.2823,3.27286,2.43537,0.219672,6.18826,2.24117,0.56371,6.87772,2.63624,0.308279,15,20,3,0,5,2,5,6,0,2,5,0,3,8,0,0,8,0,10,12,0,6,16,0,3,29,0,15,39,0,2,32,0,10,60,0,23,14,0,30,81,0,16,143,0,9,135,0,8,113,0,6,83,0,16,464,0,30,174,0,24,530,0,15,635,0,42,739,0,29,621,0,77,595,0,61,2263,0,42,2345,0,58,1978,0,80,1308,0,106,1989,0,146,6577,0,79,10978,0,247,3062,0,124,6865,0,198,8557,0,96,12819,0,131,11973,0,319,24877,0,293,16870,0,209,19445,0,182,19492,0,278,38390,0,290,47072,0,610,79258,0,579,64920,0,237,47701,0,1079,130206,0,696,126131,0,767,101987,0,548,163358,0,1588,133980,0,1514,130124,0,870,313291,0
-1.05176e+08,1,8.88811e-15,10,1023,0,1.05176e+08,0.528882,1.08665,0.389689,0.145397,0.379329,3.24381,0.161596,0.446195,1.77396,0.159177,1.15e+07,4.49998e+06,6.79999e+06,1.15e+07,4.49997e+06,6.79999e+06,1.15e+07,4.49996e+06,6.79999e+06,1.15e+07,4.49995e+06,6.79999e+06,1.14999e+07,4.49993e+06,6.79999e+06,1.14999e+07,4.49991e+06,6.79999e+06,1.14999e+07,4.49989e+06,6.79999e+06,1.14999e+07,4.49986e+06,6.79999e+06,1.14999e+07,4.49982e+06,6.79999e+06,1.14999e+07,4.49977e+06,6.79999e+06,1.14999e+07,4.49971e+06,6.79999e+06,1.14999e+07,4.49963e+06,6.79999e+06,1.14998e+07,4.49953e+06,6.79999e+06,1.14998e+07,4.49941e+06,6.79999e+06,1.14998e+07,4.49926e+06,6.79999e+06,1.14998e+07,4.49906e+06,6.79999e+06,1.14997e+07,4.49882e+06,6.79999e+06,1.14997e+07,4.49851e+06,6.79999e+06,1.14997e+07,4.49812e+06,6.79999e+06,1.14996e+07,4.49764e+06,6.79999e+06,1.14996e+07,4.49702e+06,6.79999e+06,1.14995e+07,4.49625e+06,6.79999e+06,1.14995e+07,4.49528e+06,6.79999e+06,1.14994e+07,4.49406e+06,6.79999e+06,1.14993e+07,4.49253e+06,6.79999e+06,1.14992e+07,4.49059e+06,6.79999e+06,1.14991e+07,4.48817e+06,6.79999e+06,1.1499e+07,4.48511e+06,6.79999e+06,1.14988e+07,4.48128e+06,6.79999e+06,1.14987e+07,4.47646e+06,6.79999e+06,1.14985e+07,4.47041e+06,6.79999e+06,1.14983e+07,4.46281e+06,6.79999e+06,1.14981e+07,4.4533e+06,6.79999e+06,1.14979e+07,4.44138e+06,6.79999e+06,1.14976e+07,4.42649e+06,6.79999e+06,1.14972e+07,4.40789e+06,6.79999e+06,1.14969e+07,4.38471e+06,6.79999e+06,1.14965e+07,4.35592e+06,6.79999e+06,1.1496e+07,4.32027e+06,6.79999e+06,1.14955e+07,4.27629e+06,6.79999e+06,1.14949e+07,4.22231e+06,6.79999e+06,1.14942e+07,4.15647e+06,6.79999e+06,1.14934e+07,4.07676e+06,6.79999e+06,1.14926e+07,3.98112e+06,6.79999e+06,1.14916e+07,3.86765e+06,6.79999e+06,1.14905e+07,3.73474e+06,6.79999e+06,1.14892e+07,3.58148e+06,6.79999e+06,1.14878e+07,3.40785e+06,6.79999e+06,1.14862e+07,3.21513e+06,6.79999e+06,1.14844e+07,3.00605e+06,6.79999e+06,1.14823e+07,2.7848e+06,6.79999e+06,1.148e+07,2.5568e+06,6.79999e+06,1.14773e+07,2.32825e+06,6.79999e+06,13.5742,8.52444,0.508366,16.8306,13.2585,0.162638,20.0035,17.569,0.0507846,23.2616,22.4214,0.0158319,26.7328,28.3297,0.00493498,30.5212,35.6974,0.00153831,34.7178,44.9473,0.000479527,39.4086,56.5822,0.000149456,44.6796,71.2245,4.66214e-05,50.6209,89.6543,1.45419e-05,57.3297,112.852,4.54748e-06,64.9129,142.051,1.43857e-06,73.4897,178.803,4.36618e-07,83.1934,225.062,1.40153e-07,94.1745,283.286,4.96378e-08,106.602,356.568,1.05434e-07,120.669,448.799,-6.49244e-08,136.59,564.873,1.70148e-07,154.611,710.948,-5.34594e-08,175.008,894.767,1.63407e-07,198.097,1126.06,8.04804e-08,224.231,1417.07,1.14667e-07,253.813,1783.15,-1.71227e-07,287.297,2243.62,-2.88466e-07,325.198,2822.67,-4.33651e-07,368.098,3550.67,7.9318e-08,416.657,4465.65,3.13319e-07,471.621,5615.16,3.4613e-07,533.835,7058.61,-1.19199e-07,604.255,8870.02,-2.79964e-07,683.962,11141.4,-2.30521e-07,774.182,13986.7,-2.55099e-07,876.299,17546.4,1.23585e-07,991.883,21993.1,1.41192e-07,1122.71,27536.7,-9.71886e-08,1270.78,34430.7,-3.68368e-07,1438.38,42977.7,-3.45379e-07,1628.07,53532.7,-3.25328e-09,1842.77,66504.6,2.6362e-07,2085.77,82350.2,2.53445e-07,2360.79,101560,-2.47407e-08,2672.05,124632,-3.80602e-07,3024.31,152018,-4.79005e-07,3422.98,184060,-1.14379e-07,3874.15,220884,2.64297e-07,4384.72,262283,3.44131e-07,4962.49,307576,7.5349e-08,5616.29,355497,-3.63097e-07,6356.1,404126,-6.05442e-07,7193.18,450932,-2.72333e-07,8140.28,492963,2.29675e-07,9211.79,527178,4.3387e-07,10424,550893,-1.0711e-07,10.102,8.06553,2.81012,10.6436,8.57909,0.869423,11.5336,10.2515,0.270869,12.7211,12.7138,0.0844293,14.1823,15.9373,0.0263173,15.9122,20.0383,0.0082035,17.9198,25.2154,0.00255722,20.2244,31.7373,0.000797017,22.8539,39.9486,0.000248622,25.8438,50.2851,7.75492e-05,29.237,63.2963,2.42508e-05,33.0837,79.6738,7.67162e-06,37.4415,100.288,2.32837e-06,42.3767,126.236,7.33e-07,47.9646,158.896,2.79256e-07,54.2906,200.003,9.87351e-09,61.452,251.741,1.61085e-07,69.5585,316.859,-2.47141e-07,78.7347,398.812,8.93552e-08,89.1218,501.948,-2.53231e-07,100.879,631.736,-1.25047e-07,114.188,795.049,-1.78808e-07,129.252,1000.53,2.6733e-07,146.304,1259.03,4.50292e-07,165.605,1584.19,6.76904e-07,187.452,1993.12,-1.23808e-07,212.181,2507.27,-4.89068e-07,240.173,3153.54,-5.40284e-07,271.856,3965.56,1.86061e-07,307.719,4985.38,4.37004e-07,348.313,6265.4,3.59828e-07,394.26,7870.83,3.98192e-07,446.268,9882.51,-1.92908e-07,505.135,12400.3,-2.20392e-07,571.766,15546.9,1.51705e-07,647.184,19472.2,5.74996e-07,732.547,24357.4,5.39112e-07,829.167,30420,5.07815e-09,938.526,37916.3,-4.11492e-07,1062.3,47143.9,-3.9561e-07,1202.4,58439.2,3.86185e-08,1360.96,72169.3,5.94093e-07,1540.42,88715.8,7.47693e-07,1743.53,108445,1.78537e-07,1973.41,131665,-4.12549e-07,2233.57,158557,-5.37164e-07,2528,189103,-1.17615e-07,2861.2,222986,5.66769e-07,3238.27,259510,9.45053e-07,3664.97,297540,4.25093e-07,4147.81,335497,-3.58506e-07,4694.17,371444,-6.7724e-07,5312.37,403256,1.67192e-07,1.61744,3.89446,9.84394,3.28846,7.5504,12.774,5.07607,11.7187,13.6844,7.03202,16.8147,13.9681,9.20215,23.1769,14.0566,11.6301,31.1672,14.0841,14.3598,41.2186,14.0927,17.4376,53.8688,14.0954,20.9137,69.7915,14.0962,24.8432,89.8341,14.0965,29.2879,115.063,14.0966,34.3168,146.819,14.0966,40.0078,186.792,14.0966,46.4487,237.107,14.0966,53.7388,300.44,14.0966,61.9903,380.158,14.0966,71.3301,480.499,14.0966,81.902,606.796,14.0966,93.8685,765.761,14.0966,107.414,965.837,14.0966,122.746,1217.65,14.0966,140.101,1534.57,14.0966,159.745,1933.41,14.0966,181.981,2435.3,14.0966,207.15,3066.85,14.0966,235.64,3861.46,14.0966,267.889,4861.11,14.0966,304.391,6118.54,14.0966,345.709,7699.91,14.0966,392.478,9688.22,14.0966,445.417,12187.5,14.0966,505.339,15327.7,14.0966,573.165,19271.6,14.0966,649.938,24222,14.0966,736.839,30430.9,14.0966,835.202,38211.5,14.0966,946.539,47950.3,14.0966,1072.56,60122.8,14.0966,1215.21,75309.9,14.0966,1376.66,94216.2,14.0966,1559.41,117688,14.0966,1766.26,146729,14.0966,2000.39,182510,14.0966,2265.39,226372,14.0966,2565.33,279806,14.0966,2904.81,344416,14.0966,3289.05,421845,14.0966,3723.93,513667,14.0966,4216.13,621231,14.0966,4773.18,745478,14.0966,5403.64,886744,14.0966,6117.15,1.04457e+06,14.0966,6924.63,1.2176e+06,14.0966,11.7194,11.96,12.6541,13.9321,16.1295,13.6434,16.6097,21.9702,13.9553,19.7532,29.5285,14.0526,23.3844,39.1143,14.0829,27.5423,51.2054,14.0923,32.2796,66.434,14.0953,37.662,85.6061,14.0962,43.7675,109.74,14.0965,50.687,140.119,14.0966,58.5249,178.359,14.0966,67.4005,226.493,14.0966,77.4493,287.08,14.0966,88.8254,363.343,14.0966,101.703,459.336,14.0966,116.281,580.161,14.0966,132.782,732.241,14.0966,151.46,923.655,14.0966,172.603,1164.57,14.0966,196.535,1467.79,14.0966,223.625,1849.39,14.0966,254.288,2329.62,14.0966,288.997,2933.93,14.0966,328.285,3694.33,14.0966,372.755,4651.04,14.0966,423.092,5854.57,14.0966,480.07,7368.38,14.0966,544.564,9272.08,14.0966,617.566,11665.5,14.0966,700.197,14673.6,14.0966,793.729,18452.9,14.0966,899.599,23198.6,14.0966,1019.43,29154.1,14.0966,1155.07,36622.3,14.0966,1308.6,45977.9,14.0966,1482.39,57683.7,14.0966,1679.09,72307.8,14.0966,1901.73,90542.8,14.0966,2153.73,113226,14.0966,2438.97,141360,14.0966,2761.81,176127,14.0966,3127.22,218898,14.0966,3540.81,271226,14.0966,4008.92,334817,14.0966,4538.74,411470,14.0966,5138.38,502973,14.0966,5817.04,610948,14.0966,6585.12,736653,14.0966,7454.39,880741,14.0966,8438.15,1.04302e+06,14.0966,9551.45,1.22224e+06,14.0966,10811.3,1.41602e+06,14.0966,12237,1.62086e+06,14.0966,11.7194,11.96,12.6541,2.21263,4.16949,0.989383,2.67766,5.84076,0.311842,3.14343,7.55825,0.0972771,3.63127,9.58578,0.0303237,4.15787,12.0912,0.00945211,4.73731,15.2286,0.00294633,5.38238,19.1721,0.000918508,6.10553,24.134,0.000286163,6.91951,30.3791,8.92692e-05,7.83792,38.2397,2.78121e-05,8.87555,48.1338,8.65134e-06,10.0489,60.5876,2.7882e-06,11.3761,76.2629,8.29036e-07,12.8779,95.9927,2.4373e-07,14.5775,120.825,4.33068e-09,16.5012,152.08,1.75749e-07,18.6784,191.415,-1.86328e-07,21.1428,240.917,1.91829e-07,23.9322,303.213,-1.81475e-07,27.0895,381.602,7.0186e-08,30.6634,480.231,-2.86769e-08,34.7087,604.316,2.40784e-07,39.2876,760.401,9.87368e-08,44.4705,956.705,1.22263e-07,50.3371,1203.54,-4.31966e-07,56.9776,1513.81,-1.9705e-07,64.494,1903.69,-2.763e-08,73.0018,2393.4,3.9185e-07,82.6317,3008.13,1.35379e-07,93.5318,3779.25,-4.16351e-08,105.869,4745.7,2.06965e-08,119.834,5955.6,-3.18887e-07,135.641,7468.12,-1.48271e-08,153.531,9355.62,2.00739e-07,173.781,11705.8,2.28358e-07,196.701,14624.1,-1.93587e-08,222.642,18235,-2.88101e-07,252.003,22683.4,-2.24732e-07,285.234,28134,8.56806e-09,322.845,34767,2.34258e-07,365.413,42770.9,2.99668e-07,413.588,52327.9,8.28644e-08,468.111,63591.2,-3.07049e-07,529.814,76653.2,-3.1888e-07,599.642,91502.5,-6.72276e-08,678.662,107975,2.26339e-07,768.083,125705,3.69212e-07,869.267,144088,2.04077e-07,983.76,162277,-2.80509e-07,1113.3,179223,-4.22737e-07,1259.87,193777,-1.71951e-07,1425.68,204839,4.55555e-07,11.7194,11.96,12.6541,2.21263,4.16949,0.989383,2.67766,5.84076,0.311842,3.14343,7.55825,0.0972771,3.63127,9.58578,0.0303237,4.15787,12.0912,0.00945211,4.73731,15.2286,0.00294633,5.38238,19.1721,0.000918508,6.10553,24.134,0.000286163,6.91951,30.3791,8.92692e-05,7.83792,38.2397,2.78121e-05,8.87555,48.1338,8.65134e-06,10.0489,60.5876,2.7882e-06,11.3761,76.2629,8.29036e-07,12.8779,95.9927,2.4373e-07,14.5775,120.825,1e-08,16.5012,152.08,1.75749e-07,18.6784,191.415,1e-08,21.1428,240.917,1.91829e-07,23.9322,303.213,1e-08,27.0895,381.602,7.0186e-08,30.6634,480.231,1e-08,34.7087,604.316,2.40784e-07,39.2876,760.401,9.87368e-08,44.4705,956.705,1.22263e-07,50.3371,1203.54,1e-08,56.9776,1513.81,1e-08,64.494,1903.69,1e-08,73.0018,2393.4,3.9185e-07,82.6317,3008.13,1.35379e-07,93.5318,3779.25,1e-08,105.869,4745.7,2.06965e-08,119.834,5955.6,1e-08,135.641,7468.12,1e-08,153.531,9355.62,2.00739e-07,173.781,11705.8,2.28358e-07,196.701,14624.1,1e-08,222.642,18235,1e-08,252.003,22683.4,1e-08,285.234,28134,1e-08,322.845,34767,2.34258e-07,365.413,42770.9,2.99668e-07,413.588,52327.9,8.28644e-08,468.111,63591.2,1e-08,529.814,76653.2,1e-08,599.642,91502.5,1e-08,678.662,107975,2.26339e-07,768.083,125705,3.69212e-07,869.267,144088,2.04077e-07,983.76,162277,1e-08,1113.3,179223,1e-08,1259.87,193777,1e-08,1425.68,204839,4.55555e-07,6.2823,3.27286,2.43537,0.219672,6.18826,2.24117,0.56371,6.87772,2.63624,0.308279,11,7,13,6,2,0,6,5,1,2,11,0,2,2,0,5,10,0,2,36,0,5,20,0,7,17,0,8,22,0,8,25,0,4,24,0,8,25,0,27,32,0,16,187,0,19,129,0,19,128,0,32,148,0,26,333,0,16,357,0,36,316,0,18,387,0,38,615,0,20,503,0,42,539,0,40,1475,0,48,585,0,60,3340,0,57,1410,0,51,4622,0,127,5954,0,64,5235,0,110,5178,0,277,6011,0,149,9667,0,148,8993,0,204,16429,0,311,16484,0,220,37438,0,257,25734,0,251,24435,0,464,23253,0,205,48068,0,531,107458,0,284,40547,0,526,129338,0,578,81620,0,1079,150940,0,611,120153,0,1075,193185,0,764,151785,0,1152,123822,0,1279,185958,0
-1.05176e+08,9.49891e-51,8.88811e-15,10,1023,0,1.05176e+08,0.528882,1.08665,0.389689,0.145397,0.379329,3.24381,0.161596,0.446195,1.77396,0.159177,1.15e+07,4.49998e+06,6.79999e+06,1.15e+07,4.49997e+06,6.79999e+06,1.15e+07,4.49996e+06,6.79999e+06,1.15e+07,4.49995e+06,6.79999e+06,1.14999e+07,4.49993e+06,6.79999e+06,1.14999e+07,4.49991e+06,6.79999e+06,1.14999e+07,4.49989e+06,6.79999e+06,1.14999e+07,4.49986e+06,6.79999e+06,1.14999e+07,4.49982e+06,6.79999e+06,1.14999e+07,4.49977e+06,6.79999e+06,1.14999e+07,4.49971e+06,6.79999e+06,1.14999e+07,4.49963e+06,6.79999e+06,1.14998e+07,4.49953e+06,6.79999e+06,1.14998e+07,4.49941e+06,6.79999e+06,1.14998e+07,4.49926e+06,6.79999e+06,1.14998e+07,4.49906e+06,6.79999e+06,1.14997e+07,4.49882e+06,6.79999e+06,1.14997e+07,4.49851e+06,6.79999e+06,1.14997e+07,4.49812e+06,6.79999e+06,1.14996e+07,4.49764e+06,6.79999e+06,1.14996e+07,4.49702e+06,6.79999e+06,1.14995e+07,4.49625e+06,6.79999e+06,1.14995e+07,4.49528e+06,6.79999e+06,1.14994e+07,4.49406e+06,6.79999e+06,1.14993e+07,4.49253e+06,6.79999e+06,1.14992e+07,4.49059e+06,6.79999e+06,1.14991e+07,4.48817e+06,6.79999e+06,1.1499e+07,4.48511e+06,6.79999e+06,1.14988e+07,4.48128e+06,6.79999e+06,1.14987e+07,4.47646e+06,6.79999e+06,1.14985e+07,4.47041e+06,6.79999e+06,1.14983e+07,4.46281e+06,6.79999e+06,1.14981e+07,4.4533e+06,6.79999e+06,1.14979e+07,4.44138e+06,6.79999e+06,1.14976e+07,4.42649e+06,6.79999e+06,1.14972e+07,4.40789e+06,6.79999e+06,1.14969e+07,4.38471e+06,6.79999e+06,1.14965e+07,4.35592e+06,6.79999e+06,1.1496e+07,4.32027e+06,6.79999e+06,1.14955e+07,4.27629e+06,6.79999e+06,1.14949e+07,4.22231e+06,6.79999e+06,1.14942e+07,4.15647e+06,6.79999e+06,1.14934e+07,4.07676e+06,6.79999e+06,1.14926e+07,3.98112e+06,6.79999e+06,1.14916e+07,3.86765e+06,6.79999e+06,1.14905e+07,3.73474e+06,6.79999e+06,1.14892e+07,3.58148e+06,6.79999e+06,1.14878e+07,3.40785e+06,6.79999e+06,1.14862e+07,3.21513e+06,6.79999e+06,1.14844e+07,3.00605e+06,6.79999e+06,1.14823e+07,2.7848e+06,6.79999e+06,1.148e+07,2.5568e+06,6.79999e+06,1.14773e+07,2.32825e+06,6.79999e+06,13.5742,8.52444,0.508366,16.8306,13.2585,0.162638,20.0035,17.569,0.0507846,23.2616,22.4214,0.0158319,26.7328,28.3297,0.00493498,30.5212,35.6974,0.00153831,34.7178,44.9473,0.000479527,39.4086,56.5822,0.000149456,44.6796,71.2245,4.66214e-05,50.6209,89.6543,1.45419e-05,57.3297,112.852,4.54748e-06,64.9129,142.051,1.43857e-06,73.4897,178.803,4.36618e-07,83.1934,225.062,1.40153e-07,94.1745,283.286,4.96378e-08,106.602,356.568,1.05434e-07,120.669,448.799,-6.49244e-08,136.59,564.873,1.70148e-07,154.611,710.948,-5.34594e-08,175.008,894.767,1.63407e-07,198.097,1126.06,8.04804e-08,224.231,1417.07,1.14667e-07,253.813,1783.15,-1.71227e-07,287.297,2243.62,-2.88466e-07,325.198,2822.67,-4.33651e-07,368.098,3550.67,7.9318e-08,416.657,4465.65,3.13319e-07,471.621,5615.16,3.4613e-07,533.835,7058.61,-1.19199e-07,604.255,8870.02,-2.79964e-07,683.962,11141.4,-2.30521e-07,774.182,13986.7,-2.55099e-07,876.299,17546.4,1.23585e-07,991.883,21993.1,1.41192e-07,1122.71,27536.7,-9.71886e-08,1270.78,34430.7,-3.68368e-07,1438.38,42977.7,-3.45379e-07,1628.07,53532.7,-3.25328e-09,1842.77,66504.6,2.6362e-07,2085.77,82350.2,2.53445e-07,2360.79,101560,-2.47407e-08,2672.05,124632,-3.80602e-07,3024.31,152018,-4.79005e-07,3422.98,184060,-1.14379e-07,3874.15,220884,2.64297e-07,4384.72,262283,3.44131e-07,4962.49,307576,7.5349e-08,5616.29,355497,-3.63097e-07,6356.1,404126,-6.05442e-07,7193.18,450932,-2.72333e-07,8140.28,492963,2.29675e-07,9211.79,527178,4.3387e-07,10424,550893,-1.0711e-07,10.102,8.06553,2.81012,10.6436,8.57909,0.869423,11.5336,10.2515,0.270869,12.7211,12.7138,0.0844293,14.1823,15.9373,0.0263173,15.9122,20.0383,0.0082035,17.9198,25.2154,0.00255722,20.2244,31.7373,0.000797017,22.8539,39.9486,0.000248622,25.8438,50.2851,7.75492e-05,29.237,63.2963,2.42508e-05,33.0837,79.6738,7.67162e-06,37.4415,100.288,2.32837e-06,42.3767,126.236,7.33e-07,47.9646,158.896,2.79256e-07,54.2906,200.003,9.87351e-09,61.452,251.741,1.61085e-07,69.5585,316.859,-2.47141e-07,78.7347,398.812,8.93552e-08,89.1218,501.948,-2.53231e-07,100.879,631.736,-1.25047e-07,114.188,795.049,-1.78808e-07,129.252,1000.53,2.6733e-07,146.304,1259.03,4.50292e-07,165.605,1584.19,6.76904e-07,187.452,1993.12,-1.23808e-07,212.181,2507.27,-4.89068e-07,240.173,3153.54,-5.40284e-07,271.856,3965.56,1.86061e-07,307.719,4985.38,4.37004e-07,348.313,6265.4,3.59828e-07,394.26,7870.83,3.98192e-07,446.268,9882.51,-1.92908e-07,505.135,12400.3,-2.20392e-07,571.766,15546.9,1.51705e-07,647.184,19472.2,5.74996e-07,732.547,24357.4,5.39112e-07,829.167,30420,5.07815e-09,938.526,37916.3,-4.11492e-07,1062.3,47143.9,-3.9561e-07,1202.4,58439.2,3.86185e-08,1360.96,72169.3,5.94093e-07,1540.42,88715.8,7.47693e-07,1743.53,108445,1.78537e-07,1973.41,131665,-4.12549e-07,2233.57,158557,-5.37164e-07,2528,189103,-1.17615e-07,2861.2,222986,5.66769e-07,3238.27,259510,9.45053e-07,3664.97,297540,4.25093e-07,4147.81,335497,-3.58506e-07,4694.17,371444,-6.7724e-07,5312.37,403256,1.67192e-07,1.61744,3.89446,9.84394,3.28846,7.5504,12.774,5.07607,11.7187,13.6844,7.03202,16.8147,13.9681,9.20215,23.1769,14.0566,11.6301,31.1672,14.0841,14.3598,41.2186,14.0927,17.4376,53.8688,14.0954,20.9137,69.7915,14.0962,24.8432,89.8341,14.0965,29.2879,115.063,14.0966,34.3168,146.819,14.0966,40.0078,186.792,14.0966,46.4487,237.107,14.0966,53.7388,300.44,14.0966,61.9903,380.158,14.0966,71.3301,480.499,14.0966,81.902,606.796,14.0966,93.8685,765.761,14.0966,107.414,965.837,14.0966,122.746,1217.65,14.0966,140.101,1534.57,14.0966,159.745,1933.41,14.0966,181.981,2435.3,14.0966,207.15,3066.85,14.0966,235.64,3861.46,14.0966,267.889,4861.11,14.0966,304.391,6118.54,14.0966,345.709,7699.91,14.0966,392.478,9688.22,14.0966,445.417,12187.5,14.0966,505.339,15327.7,14.0966,573.165,19271.6,14.0966,649.938,24222,14.0966,736.839,30430.9,14.0966,835.202,38211.5,14.0966,946.539,47950.3,14.0966,1072.56,60122.8,14.0966,1215.21,75309.9,14.0966,1376.66,94216.2,14.0966,1559.41,117688,14.0966,1766.26,146729,14.0966,2000.39,182510,14.0966,2265.39,226372,14.0966,2565.33,279806,14.0966,2904.81,344416,14.0966,3289.05,421845,14.0966,3723.93,513667,14.0966,4216.13,621231,14.0966,4773.18,745478,14.0966,5403.64,886744,14.0966,6117.15,1.04457e+06,14.0966,6924.63,1.2176e+06,14.0966,11.7194,11.96,12.6541,13.9321,16.1295,13.6434,16.6097,21.9702,13.9553,19.7532,29.5285,14.0526,23.3844,39.1143,14.0829,27.5423,51.2054,14.0923,32.2796,66.434,14.0953,37.662,85.6061,14.0962,43.7675,109.74,14.0965,50.687,140.119,14.0966,58.5249,178.359,14.0966,67.4005,226.493,14.0966,77.4493,287.08,14.0966,88.8254,363.343,14.0966,101.703,459.336,14.0966,116.281,580.161,14.0966,132.782,732.241,14.0966,151.46,923.655,14.0966,172.603,1164.57,14.0966,196.535,1467.79,14.0966,223.625,1849.39,14.0966,254.288,2329.62,14.0966,288.997,2933.93,14.0966,328.285,3694.33,14.0966,372.755,4651.04,14.0966,423.092,5854.57,14.0966,480.07,7368.38,14.0966,544.564,9272.08,14.0966,617.566,11665.5,14.0966,700.197,14673.6,14.0966,793.729,18452.9,14.0966,899.599,23198.6,14.0966,1019.43,29154.1,14.0966,1155.07,36622.3,14.0966,1308.6,45977.9,14.0966,1482.39,57683.7,14.0966,1679.09,72307.8,14.0966,1901.73,90542.8,14.0966,2153.73,113226,14.0966,2438.97,141360,14.0966,2761.81,176127,14.0966,3127.22,218898,14.0966,3540.81,271226,14.0966,4008.92,334817,14.0966,4538.74,411470,14.0966,5138.38,502973,14.0966,5817.04,610948,14.0966,6585.12,736653,14.0966,7454.39,880741,14.0966,8438.15,1.04302e+06,14.0966,9551.45,1.22224e+06,14.0966,10811.3,1.41602e+06,14.0966,12237,1.62086e+06,14.0966,11.7194,11.96,12.6541,2.21263,4.16949,0.989383,2.67766,5.84076,0.311842,3.14343,7.55825,0.0972771,3.63127,9.58578,0.0303237,4.15787,12.0912,0.00945211,4.73731,15.2286,0.00294633,5.38238,19.1721,0.000918508,6.10553,24.134,0.000286163,6.91951,30.3791,8.92692e-05,7.83792,38.2397,2.78121e-05,8.87555,48.1338,8.65134e-06,10.0489,60.5876,2.7882e-06,11.3761,76.2629,8.29036e-07,12.8779,95.9927,2.4373e-07,14.5775,120.825,4.33068e-09,16.5012,152.08,1.75749e-07,18.6784,191.415,-1.86328e-07,21.1428,240.917,1.91829e-07,23.9322,303.213,-1.81475e-07,27.0895,381.602,7.0186e-08,30.6634,480.231,-2.86769e-08,34.7087,604.316,2.40784e-07,39.2876,760.401,9.87368e-08,44.4705,956.705,1.22263e-07,50.3371,1203.54,-4.31966e-07,56.9776,1513.81,-1.9705e-07,64.494,1903.69,-2.763e-08,73.0018,2393.4,3.9185e-07,82.6317,3008.13,1.35379e-07,93.5318,3779.25,-4.16351e-08,105.869,4745.7,2.06965e-08,119.834,5955.6,-3.18887e-07,135.641,7468.12,-1.48271e-08,153.531,9355.62,2.00739e-07,173.781,11705.8,2.28358e-07,196.701,14624.1,-1.93587e-08,222.642,18235,-2.88101e-07,252.003,22683.4,-2.24732e-07,285.234,28134,8.56806e-09,322.845,34767,2.34258e-07,365.413,42770.9,2.99668e-07,413.588,52327.9,8.28644e-08,468.111,63591.2,-3.07049e-07,529.814,76653.2,-3.1888e-07,599.642,91502.5,-6.72276e-08,678.662,107975,2.26339e-07,768.083,125705,3.69212e-07,869.267,144088,2.04077e-07,983.76,162277,-2.80509e-07,1113.3,179223,-4.22737e-07,1259.87,193777,-1.71951e-07,1425.68,204839,4.55555e-07,11.7194,11.96,12.6541,2.21263,4.16949,0.989383,2.67766,5.84076,0.311842,3.14343,7.55825,0.0972771,3.63127,9.58578,0.0303237,4.15787,12.0912,0.00945211,4.73731,15.2286,0.00294633,5.38238,19.1721,0.000918508,6.10553,24.134,0.000286163,6.91951,30.3791,8.92692e-05,7.83792,38.2397,2.78121e-05,8.87555,48.1338,8.65134e-06,10.0489,60.5876,2.7882e-06,11.3761,76.2629,8.29036e-07,12.8779,95.9927,2.4373e-07,14.5775,120.825,1e-08,16.5012,152.08,1.75749e-07,18.6784,191.415,1e-08,21.1428,240.917,1.91829e-07,23.9322,303.213,1e-08,27.0895,381.602,7.0186e-08,30.6634,480.231,1e-08,34.7087,604.316,2.40784e-07,39.2876,760.401,9.87368e-08,44.4705,956.705,1.22263e-07,50.3371,1203.54,1e-08,56.9776,1513.81,1e-08,64.494,1903.69,1e-08,73.0018,2393.4,3.9185e-07,82.6317,3008.13,1.35379e-07,93.5318,3779.25,1e-08,105.869,4745.7,2.06965e-08,119.834,5955.6,1e-08,135.641,7468.12,1e-08,153.531,9355.62,2.00739e-07,173.781,11705.8,2.28358e-07,196.701,14624.1,1e-08,222.642,18235,1e-08,252.003,22683.4,1e-08,285.234,28134,1e-08,322.845,34767,2.34258e-07,365.413,42770.9,2.99668e-07,413.588,52327.9,8.28644e-08,468.111,63591.2,1e-08,529.814,76653.2,1e-08,599.642,91502.5,1e-08,678.662,107975,2.26339e-07,768.083,125705,3.69212e-07,869.267,144088,2.04077e-07,983.76,162277,1e-08,1113.3,179223,1e-08,1259.87,193777,1e-08,1425.68,204839,4.55555e-07,6.2823,3.27286,2.43537,0.219672,6.18826,2.24117,0.56371,6.87772,2.63624,0.308279,10,14,3,1,1,0,1,6,0,3,8,0,7,6,0,5,11,0,8,21,0,0,36,0,6,36,0,7,28,0,5,50,0,6,45,0,23,12,0,5,23,0,19,70,0,11,122,0,9,109,0,11,204,0,10,209,0,24,254,0,29,202,0,25,539,0,27,451,0,43,1223,0,52,248,0,33,887,0,43,2061,0,127,1862,0,70,3758,0,100,2530,0,126,1942,0,130,5016,0,223,10914,0,79,6670,0,222,13211,0,82,11626,0,299,13202,0,158,12108,0,420,20014,0,295,26655,0,456,31302,0,205,38922,0,217,38900,0,663,54443,0,642,97875,0,461,65113,0,320,139837,0,915,98972,0,1287,103503,0,982,152297,0,853,201898,0,1805,167959,0,1977,148171,0
-1.05176e+08,1,8.88811e-15,10,1023,0,1.05176e+08,0.528882,1.08665,0.389689,0.145397,0.379329,3.24381,0.161596,0.446195,1.77396,0.159177,1.15e+07,4.49998e+06,6.79999e+06,1.15e+07,4.49997e+06,6.79999e+06,1.15e+07,4.49996e+06,6.79999e+06,1.15e+07,4.49995e+06,6.79999e+06,1.14999e+07,4.49993e+06,6.79999e+06,1.14999e+07,4.49991e+06,6.79999e+06,1.14999e+07,4.49989e+06,6.79999e+06,1.14999e+07,4.49986e+06,6.79999e+06,1.14999e+07,4.49982e+06,6.79999e+06,1.14999e+07,4.49977e+06,6.79999e+06,1.14999e+07,4.49971e+06,6.79999e+06,1.14999e+07,4.49963e+06,6.79999e+06,1.14998e+07,4.49953e+06,6.79999e+06,1.14998e+07,4.49941e+06,6.79999e+06,1.14998e+07,4.49926e+06,6.79999e+06,1.14998e+07,4.49906e+06,6.79999e+06,1.14997e+07,4.49882e+06,6.79999e+06,1.14997e+07,4.49851e+06,6.79999e+06,1.14997e+07,4.49812e+06,6.79999e+06,1.14996e+07,4.49764e+06,6.79999e+06,1.14996e+07,4.49702e+06,6.79999e+06,1.14995e+07,4.49625e+06,6.79999e+06,1.14995e+07,4.49528e+06,6.79999e+06,1.14994e+07,4.49406e+06,6.79999e+06,1.14993e+07,4.49253e+06,6.79999e+06,1.14992e+07,4.49059e+06,6.79999e+06,1.14991e+07,4.48817e+06,6.79999e+06,1.1499e+07,4.48511e+06,6.79999e+06,1.14988e+07,4.48128e+06,6.79999e+06,1.14987e+07,4.47646e+06,6.79999e+06,1.14985e+07,4.47041e+06,6.79999e+06,1.14983e+07,4.46281e+06,6.79999e+06,1.14981e+07,4.4533e+06,6.79999e+06,1.14979e+07,4.44138e+06,6.79999e+06,1.14976e+07,4.42649e+06,6.79999e+06,1.14972e+07,4.40789e+06,6.79999e+06,1.14969e+07,4.38471e+06,6.79999e+06,1.14965e+07,4.35592e+06,6.79999e+06,1.1496e+07,4.32027e+06,6.79999e+06,1.14955e+07,4.27629e+06,6.79999e+06,1.14949e+07,4.22231e+06,6.79999e+06,1.14942e+07,4.15647e+06,6.79999e+06,1.14934e+07,4.07676e+06,6.79999e+06,1.14926e+07,3.98112e+06,6.79999e+06,1.14916e+07,3.86765e+06,6.79999e+06,1.14905e+07,3.73474e+06,6.79999e+06,1.14892e+07,3.58148e+06,6.79999e+06,1.14878e+07,3.40785e+06,6.79999e+06,1.14862e+07,3.21513e+06,6.79999e+06,1.14844e+07,3.00605e+06,6.79999e+06,1.14823e+07,2.7848e+06,6.79999e+06,1.148e+07,2.5568e+06,6.79999e+06,1.14773e+07,2.32825e+06,6.79999e+06,13.5742,8.52444,0.508366,16.8306,13.2585,0.162638,20.0035,17.569,0.0507846,23.2616,22.4214,0.0158319,26.7328,28.3297,0.00493498,30.5212,35.6974,0.00153831,34.7178,44.9473,0.000479527,39.4086,56.5822,0.000149456,44.6796,71.2245,4.66214e-05,50.6209,89.6543,1.45419e-05,57.3297,112.852,4.54748e-06,64.9129,142.051,1.43857e-06,73.4897,178.803,4.36618e-07,83.1934,225.062,1.40153e-07,94.1745,283.286,4.96378e-08,106.602,356.568,1.05434e-07,120.669,448.799,-6.49244e-08,136.59,564.873,1.70148e-07,154.611,710.948,-5.34594e-08,175.008,894.767,1.63407e-07,198.097,1126.06,8.04804e-08,224.231,1417.07,1.14667e-07,253.813,1783.15,-1.71227e-07,287.297,2243.62,-2.88466e-07,325.198,2822.67,-4.33651e-07,368.098,3550.67,7.9318e-08,416.657,4465.65,3.13319e-07,471.621,5615.16,3.4613e-07,533.835,7058.61,-1.19199e-07,604.255,8870.02,-2.79964e-07,683.962,11141.4,-2.30521e-07,774.182,13986.7,-2.55099e-07,876.299,17546.4,1.23585e-07,991.883,21993.1,1.41192e-07,1122.71,27536.7,-9.71886e-08,1270.78,34430.7,-3.68368e-07,1438.38,42977.7,-3.45379e-07,1628.07,53532.7,-3.25328e-09,1842.77,66504.6,2.6362e-07,2085.77,82350.2,2.53445e-07,2360.79,101560,-2.47407e-08,2672.05,124632,-3.80602e-07,3024.31,152018,-4.79005e-07,3422.98,184060,-1.14379e-07,3874.15,220884,2.64297e-07,4384.72,262283,3.44131e-07,4962.49,307576,7.5349e-08,5616.29,355497,-3.63097e-07,6356.1,404126,-6.05442e-07,7193.18,450932,-2.72333e-07,8140.28,492963,2.29675e-07,9211.79,527178,4.3387e-07,10424,550893,-1.0711e-07,10.102,8.06553,2.81012,10.6436,8.57909,0.869423,11.5336,10.2515,0.270869,12.7211,12.7138,0.0844293,14.1823,15.9373,0.0263173,15.9122,20.0383,0.0082035,17.9198,25.2154,0.00255722,20.2244,31.7373,0.000797017,22.8539,39.9486,0.000248622,25.8438,50.2851,7.75492e-05,29.237,63.2963,2.42508e-05,33.0837,79.6738,7.67162e-06,37.4415,100.288,2.32837e-06,42.3767,126.236,7.33e-07,47.9646,158.896,2.79256e-07,54.2906,200.003,9.87351e-09,61.452,251.741,1.61085e-07,69.5585,316.859,-2.47141e-07,78.7347,398.812,8.93552e-08,89.1218,501.948,-2.53231e-07,100.879,631.736,-1.25047e-07,114.188,795.049,-1.78808e-07,129.252,1000.53,2.6733e-07,146.304,1259.03,4.50292e-07,165.605,1584.19,6.76904e-07,187.452,1993.12,-1.23808e-07,212.181,2507.27,-4.89068e-07,240.173,3153.54,-5.40284e-07,271.856,3965.56,1.86061e-07,307.719,4985.38,4.37004e-07,348.313,6265.4,3.59828e-07,394.26,7870.83,3.98192e-07,446.268,9882.51,-1.92908e-07,505.135,12400.3,-2.20392e-07,571.766,15546.9,1.51705e-07,647.184,19472.2,5.74996e-07,732.547,24357.4,5.39112e-07,829.167,30420,5.07815e-09,938.526,37916.3,-4.11492e-07,1062.3,47143.9,-3.9561e-07,1202.4,58439.2,3.86185e-08,1360.96,72169.3,5.94093e-07,1540.42,88715.8,7.47693e-07,1743.53,108445,1.78537e-07,1973.41,131665,-4.12549e-07,2233.57,158557,-5.37164e-07,2528,189103,-1.17615e-07,2861.2,222986,5.66769e-07,3238.27,259510,9.45053e-07,3664.97,297540,4.25093e-07,4147.81,335497,-3.58506e-07,4694.17,371444,-6.7724e-07,5312.37,403256,1.67192e-07,1.61744,3.89446,9.84394,3.28846,7.5504,12.774,5.07607,11.7187,13.6844,7.03202,16.8147,13.9681,9.20215,23.1769,14.0566,11.6301,31.1672,14.0841,14.3598,41.2186,14.0927,17.4376,53.8688,14.0954,20.9137,69.7915,14.0962,24.8432,89.8341,14.0965,29.2879,115.063,14.0966,34.3168,146.819,14.0966,40.0078,186.792,14.0966,46.4487,237.107,14.0966,53.7388,300.44,14.0966,61.9903,380.158,14.0966,71.3301,480.499,14.0966,81.902,606.796,14.0966,93.8685,765.761,14.0966,107.414,965.837,14.0966,122.746,1217.65,14.0966,140.101,1534.57,14.0966,159.745,1933.41,14.0966,181.981,2435.3,14.0966,207.15,3066.85,14.0966,235.64,3861.46,14.0966,267.889,4861.11,14.0966,304.391,6118.54,14.0966,345.709,7699.91,14.0966,392.478,9688.22,14.0966,445.417,12187.5,14.0966,505.339,15327.7,14.0966,573.165,19271.6,14.0966,649.938,24222,14.0966,736.839,30430.9,14.0966,835.202,38211.5,14.0966,946.539,47950.3,14.0966,1072.56,60122.8,14.0966,1215.21,75309.9,14.0966,1376.66,94216.2,14.0966,1559.41,117688,14.0966,1766.26,146729,14.0966,2000.39,182510,14.0966,2265.39,226372,14.0966,2565.33,279806,14.0966,2904.81,344416,14.0966,3289.05,421845,14.0966,3723.93,513667,14.0966,4216.13,621231,14.0966,4773.18,745478,14.0966,5403.64,886744,14.0966,6117.15,1.04457e+06,14.0966,6924.63,1.2176e+06,14.0966,11.7194,11.96,12.6541,13.9321,16.1295,13.6434,16.6097,21.9702,13.9553,19.7532,29.5285,14.0526,23.3844,39.1143,14.0829,27.5423,51.2054,14.0923,32.2796,66.434,14.0953,37.662,85.6061,14.0962,43.7675,109.74,14.0965,50.687,140.119,14.0966,58.5249,178.359,14.0966,67.4005,226.493,14.0966,77.4493,287.08,14.0966,88.8254,363.343,14.0966,101.703,459.336,14.0966,116.281,580.161,14.0966,132.782,732.241,14.0966,151.46,923.655,14.0966,172.603,1164.57,14.0966,196.535,1467.79,14.0966,223.625,1849.39,14.0966,254.288,2329.62,14.0966,288.997,2933.93,14.0966,328.285,3694.33,14.0966,372.755,4651.04,14.0966,423.092,5854.57,14.0966,480.07,7368.38,14.0966,544.564,9272.08,14.0966,617.566,11665.5,14.0966,700.197,14673.6,14.0966,793.729,18452.9,14.0966,899.599,23198.6,14.0966,1019.43,29154.1,14.0966,1155.07,36622.3,14.0966,1308.6,45977.9,14.0966,1482.39,57683.7,14.0966,1679.09,72307.8,14.0966,1901.73,90542.8,14.0966,2153.73,113226,14.0966,2438.97,141360,14.0966,2761.81,176127,14.0966,3127.22,218898,14.0966,3540.81,271226,14.0966,4008.92,334817,14.0966,4538.74,411470,14.0966,5138.38,502973,14.0966,5817.04,610948,14.0966,6585.12,736653,14.0966,7454.39,880741,14.0966,8438.15,1.04302e+06,14.0966,9551.45,1.22224e+06,14.0966,10811.3,1.41602e+06,14.0966,12237,1.62086e+06,14.0966,11.7194,11.96,12.6541,2.21263,4.16949,0.989383,2.67766,5.84076,0.311842,3.14343,7.55825,0.0972771,3.63127,9.58578,0.0303237,4.15787,12.0912,0.00945211,4.73731,15.2286,0.00294633,5.38238,19.1721,0.000918508,6.10553,24.134,0.000286163,6.91951,30.3791,8.92692e-05,7.83792,38.2397,2.78121e-05,8.87555,48.1338,8.65134e-06,10.0489,60.5876,2.7882e-06,11.3761,76.2629,8.29036e-07,12.8779,95.9927,2.4373e-07,14.5775,120.825,4.33068e-09,16.5012,152.08,1.75749e-07,18.6784,191.415,-1.86328e-07,21.1428,240.917,1.91829e-07,23.9322,303.213,-1.81475e-07,27.0895,381.602,7.0186e-08,30.6634,480.231,-2.86769e-08,34.7087,604.316,2.40784e-07,39.2876,760.401,9.87368e-08,44.4705,956.705,1.22263e-07,50.3371,1203.54,-4.31966e-07,56.9776,1513.81,-1.9705e-07,64.494,1903.69,-2.763e-08,73.0018,2393.4,3.9185e-07,82.6317,3008.13,1.35379e-07,93.5318,3779.25,-4.16351e-08,105.869,4745.7,2.06965e-08,119.834,5955.6,-3.18887e-07,135.641,7468.12,-1.48271e-08,153.531,9355.62,2.00739e-07,173.781,11705.8,2.28358e-07,196.701,14624.1,-1.93587e-08,222.642,18235,-2.88101e-07,252.003,22683.4,-2.24732e-07,285.234,28134,8.56806e-09,322.845,34767,2.34258e-07,365.413,42770.9,2.99668e-07,413.588,52327.9,8.28644e-08,468.111,63591.2,-3.07049e-07,529.814,76653.2,-3.1888e-07,599.642,91502.5,-6.72276e-08,678.662,107975,2.26339e-07,768.083,125705,3.69212e-07,869.267,144088,2.04077e-07,983.76,162277,-2.80509e-07,1113.3,179223,-4.22737e-07,1259.87,193777,-1.71951e-07,1425.68,204839,4.55555e-07,11.7194,11.96,12.6541,2.21263,4.16949,0.989383,2.67766,5.84076,0.311842,3.14343,7.55825,0.0972771,3.63127,9.58578,0.0303237,4.15787,12.0912,0.00945211,4.73731,15.2286,0.00294633,5.38238,19.1721,0.000918508,6.10553,24.134,0.000286163,6.91951,30.3791,8.92692e-05,7.83792,38.2397,2.78121e-05,8.87555,48.1338,8.65134e-06,10.0489,60.5876,2.7882e-06,11.3761,76.2629,8.29036e-07,12.8779,95.9927,2.4373e-07,14.5775,120.825,1e-08,16.5012,152.08,1.75749e-07,18.6784,191.415,1e-08,21.1428,240.917,1.91829e-07,23.9322,303.213,1e-08,27.0895,381.602,7.0186e-08,30.6634,480.231,1e-08,34.7087,604.316,2.40784e-07,39.2876,760.401,9.87368e-08,44.4705,956.705,1.22263e-07,50.3371,1203.54,1e-08,56.9776,1513.81,1e-08,64.494,1903.69,1e-08,73.0018,2393.4,3.9185e-07,82.6317,3008.13,1.35379e-07,93.5318,3779.25,1e-08,105.869,4745.7,2.06965e-08,119.834,5955.6,1e-08,135.641,7468.12,1e-08,153.531,9355.62,2.00739e-07,173.781,11705.8,2.28358e-07,196.701,14624.1,1e-08,222.642,18235,1e-08,252.003,22683.4,1e-08,285.234,28134,1e-08,322.845,34767,2.34258e-07,365.413,42770.9,2.99668e-07,413.588,52327.9,8.28644e-08,468.111,63591.2,1e-08,529.814,76653.2,1e-08,599.642,91502.5,1e-08,678.662,107975,2.26339e-07,768.083,125705,3.69212e-07,869.267,144088,2.04077e-07,983.76,162277,1e-08,1113.3,179223,1e-08,1259.87,193777,1e-08,1425.68,204839,4.55555e-07,6.2823,3.27286,2.43537,0.219672,6.18826,2.24117,0.56371,6.87772,2.63624,0.308279,11,16,16,0,10,4,4,15,0,1,13,0,4,5,0,5,13,0,4,10,0,8,35,0,7,18,0,6,52,0,1,31,0,10,42,0,14,33,0,12,153,0,0,124,0,8,150,0,10,186,0,10,184,0,24,194,0,24,207,0,21,247,0,35,426,0,36,402,0,47,1111,0,37,2249,0,30,1118,0,44,749,0,73,1593,0,105,1553,0,61,3885,0,105,6069,0,148,2546,0,122,9656,0,139,9648,0,158,5446,0,95,11257,0,271,21427,0,352,11042,0,334,19570,0,164,21402,0,222,37908,0,199,57441,0,509,50479,0,986,45459,0,590,39407,0,538,61059,0,505,101290,0,614,167904,0,1299,121373,0,886,135608,0,1230,92195,0,1310,218592,0,1311,79486,0
-1.05176e+08,1,8.88811e-15,10,1023,0,1.05176e+08,0.528882,1.08665,0.389689,0.145397,0.379329,3.24381,0.161596,0.446195,1.77396,0.159177,1.15e+07,4.49998e+06,6.79999e+06,1.15e+07,4.49997e+06,6.79999e+06,1.15e+07,4.49996e+06,6.79999e+06,1.15e+07,4.49995e+06,6.79999e+06,1.14999e+07,4.49993e+06,6.79999e+06,1.14999e+07,4.49991e+06,6.79999e+06,1.14999e+07,4.49989e+06,6.79999e+06,1.14999e+07,4.49986e+06,6.79999e+06,1.14999e+07,4.49982e+06,6.79999e+06,1.14999e+07,4.49977e+06,6.79999e+06,1.14999e+07,4.49971e+06,6.79999e+06,1.14999e+07,4.49963e+06,6.79999e+06,1.14998e+07,4.49953e+06,6.79999e+06,1.14998e+07,4.49941e+06,6.79999e+06,1.14998e+07,4.49926e+06,6.79999e+06,1.14998e+07,4.49906e+06,6.79999e+06,1.14997e+07,4.49882e+06,6.79999e+06,1.14997e+07,4.49851e+06,6.79999e+06,1.14997e+07,4.49812e+06,6.79999e+06,1.14996e+07,4.49764e+06,6.79999e+06,1.14996e+07,4.49702e+06,6.79999e+06,1.14995e+07,4.49625e+06,6.79999e+06,1.14995e+07,4.49528e+06,6.79999e+06,1.14994e+07,4.49406e+06,6.79999e+06,1.14993e+07,4.49253e+06,6.79999e+06,1.14992e+07,4.49059e+06,6.79999e+06,1.14991e+07,4.48817e+06,6.79999e+06,1.1499e+07,4.48511e+06,6.79999e+06,1.14988e+07,4.48128e+06,6.79999e+06,1.14987e+07,4.47646e+06,6.79999e+06,1.14985e+07,4.47041e+06,6.79999e+06,1.14983e+07,4.46281e+06,6.79999e+06,1.14981e+07,4.4533e+06,6.79999e+06,1.14979e+07,4.44138e+06,6.79999e+06,1.14976e+07,4.42649e+06,6.79999e+06,1.14972e+07,4.40789e+06,6.79999e+06,1.14969e+07,4.38471e+06,6.79999e+06,1.14965e+07,4.35592e+06,6.79999e+06,1.1496e+07,4.32027e+06,6.79999e+06,1.14955e+07,4.27629e+06,6.79999e+06,1.14949e+07,4.22231e+06,6.79999e+06,1.14942e+07,4.15647e+06,6.79999e+06,1.14934e+07,4.07676e+06,6.79999e+06,1.14926e+07,3.98112e+06,6.79999e+06,1.14916e+07,3.86765e+06,6.79999e+06,1.14905e+07,3.73474e+06,6.79999e+06,1.14892e+07,3.58148e+06,6.79999e+06,1.14878e+07,3.40785e+06,6.79999e+06,1.14862e+07,3.21513e+06,6.79999e+06,1.14844e+07,3.00605e+06,6.79999e+06,1.14823e+07,2.7848e+06,6.79999e+06,1.148e+07,2.5568e+06,6.79999e+06,1.14773e+07,2.32825e+06,6.79999e+06,13.5742,8.52444,0.508366,16.8306,13.2585,0.162638,20.0035,17.569,0.0507846,23.2616,22.4214,0.0158319,26.7328,28.3297,0.00493498,30.5212,35.6974,0.00153831,34.7178,44.9473,0.000479527,39.4086,56.5822,0.000149456,44.6796,71.2245,4.66214e-05,50.6209,89.6543,1.45419e-05,57.3297,112.852,4.54748e-06,64.9129,142.051,1.43857e-06,73.4897,178.803,4.36618e-07,83.1934,225.062,1.40153e-07,94.1745,283.286,4.96378e-08,106.602,356.568,1.05434e-07,120.669,448.799,-6.49244e-08,136.59,564.873,1.70148e-07,154.611,710.948,-5.34594e-08,175.008,894.767,1.63407e-07,198.097,1126.06,8.04804e-08,224.231,1417.07,1.14667e-07,253.813,1783.15,-1.71227e-07,287.297,2243.62,-2.88466e-07,325.198,2822.67,-4.33651e-07,368.098,3550.67,7.9318e-08,416.657,4465.65,3.13319e-07,471.621,5615.16,3.4613e-07,533.835,7058.61,-1.19199e-07,604.255,8870.02,-2.79964e-07,683.962,11141.4,-2.30521e-07,774.182,13986.7,-2.55099e-07,876.299,17546.4,1.23585e-07,991.883,21993.1,1.41192e-07,1122.71,27536.7,-9.71886e-08,1270.78,34430.7,-3.68368e-07,1438.38,42977.7,-3.45379e-07,1628.07,53532.7,-3.25328e-09,1842.77,66504.6,2.6362e-07,2085.77,82350.2,2.53445e-07,2360.79,101560,-2.47407e-08,2672.05,124632,-3.80602e-07,3024.31,152018,-4.79005e-07,3422.98,184060,-1.14379e-07,3874.15,220884,2.64297e-07,4384.72,262283,3.44131e-07,4962.49,307576,7.5349e-08,5616.29,355497,-3.63097e-07,6356.1,404126,-6.05442e-07,7193.18,450932,-2.72333e-07,8140.28,492963,2.29675e-07,9211.79,527178,4.3387e-07,10424,550893,-1.0711e-07,10.102,8.06553,2.81012,10.6436,8.57909,0.869423,11.5336,10.2515,0.270869,12.7211,12.7138,0.0844293,14.1823,15.9373,0.0263173,15.9122,20.0383,0.0082035,17.9198,25.2154,0.00255722,20.2244,31.7373,0.000797017,22.8539,39.9486,0.000248622,25.8438,50.2851,7.75492e-05,29.237,63.2963,2.42508e-05,33.0837,79.6738,7.67162e-06,37.4415,100.288,2.32837e-06,42.3767,126.236,7.33e-07,47.9646,158.896,2.79256e-07,54.2906,200.003,9.87351e-09,61.452,251.741,1.61085e-07,69.5585,316.859,-2.47141e-07,78.7347,398.812,8.93552e-08,89.1218,501.948,-2.53231e-07,100.879,631.736,-1.25047e-07,114.188,795.049,-1.78808e-07,129.252,1000.53,2.6733e-07,146.304,1259.03,4.50292e-07,165.605,1584.19,6.76904e-07,187.452,1993.12,-1.23808e-07,212.181,2507.27,-4.89068e-07,240.173,3153.54,-5.40284e-07,271.856,3965.56,1.86061e-07,307.719,4985.38,4.37004e-07,348.313,6265.4,3.59828e-07,394.26,7870.83,3.98192e-07,446.268,9882.51,-1.92908e-07,505.135,12400.3,-2.20392e-07,571.766,15546.9,1.51705e-07,647.184,19472.2,5.74996e-07,732.547,24357.4,5.39112e-07,829.167,30420,5.07815e-09,938.526,37916.3,-4.11492e-07,1062.3,47143.9,-3.9561e-07,1202.4,58439.2,3.86185e-08,1360.96,72169.3,5.94093e-07,1540.42,88715.8,7.47693e-07,1743.53,108445,1.78537e-07,1973.41,131665,-4.12549e-07,2233.57,158557,-5.37164e-07,2528,189103,-1.17615e-07,2861.2,222986,5.66769e-07,3238.27,259510,9.45053e-07,3664.97,297540,4.25093e-07,4147.81,335497,-3.58506e-07,4694.17,371444,-6.7724e-07,5312.37,403256,1.67192e-07,1.61744,3.89446,9.84394,3.28846,7.5504,12.774,5.07607,11.7187,13.6844,7.03202,16.8147,13.9681,9.20215,23.1769,14.0566,11.6301,31.1672,14.0841,14.3598,41.2186,14.0927,17.4376,53.8688,14.0954,20.9137,69.7915,14.0962,24.8432,89.8341,14.0965,29.2879,115.063,14.0966,34.3168,146.819,14.0966,40.0078,186.792,14.0966,46.4487,237.107,14.0966,53.7388,300.44,14.0966,61.9903,380.158,14.0966,71.3301,480.499,14.0966,81.902,606.796,14.0966,93.8685,765.761,14.0966,107.414,965.837,14.0966,122.746,1217.65,14.0966,140.101,1534.57,14.0966,159.745,1933.41,14.0966,181.981,2435.3,14.0966,207.15,3066.85,14.0966,235.64,3861.46,14.0966,267.889,4861.11,14.0966,304.391,6118.54,14.0966,345.709,7699.91,14.0966,392.478,9688.22,14.0966,445.417,12187.5,14.0966,505.339,15327.7,14.0966,573.165,19271.6,14.0966,649.938,24222,14.0966,736.839,30430.9,14.0966,835.202,38211.5,14.0966,946.539,47950.3,14.0966,1072.56,60122.8,14.0966,1215.21,75309.9,14.0966,1376.66,94216.2,14.0966,1559.41,117688,14.0966,1766.26,146729,14.0966,2000.39,182510,14.0966,2265.39,226372,14.0966,2565.33,279806,14.0966,2904.81,344416,14.0966,3289.05,421845,14.0966,3723.93,513667,14.0966,4216.13,621231,14.0966,4773.18,745478,14.0966,5403.64,886744,14.0966,6117.15,1.04457e+06,14.0966,6924.63,1.2176e+06,14.0966,11.7194,11.96,12.6541,13.9321,16.1295,13.6434,16.6097,21.9702,13.9553,19.7532,29.5285,14.0526,23.3844,39.1143,14.0829,27.5423,51.2054,14.0923,32.2796,66.434,14.0953,37.662,85.6061,14.0962,43.7675,109.74,14.0965,50.687,140.119,14.0966,58.5249,178.359,14.0966,67.4005,226.493,14.0966,77.4493,287.08,14.0966,88.8254,363.343,14.0966,101.703,459.336,14.0966,116.281,580.161,14.0966,132.782,732.241,14.0966,151.46,923.655,14.0966,172.603,1164.57,14.0966,196.535,1467.79,14.0966,223.625,1849.39,14.0966,254.288,2329.62,14.0966,288.997,2933.93,14.0966,328.285,3694.33,14.0966,372.755,4651.04,14.0966,423.092,5854.57,14.0966,480.07,7368.38,14.0966,544.564,9272.08,14.0966,617.566,11665.5,14.0966,700.197,14673.6,14.0966,793.729,18452.9,14.0966,899.599,23198.6,14.0966,1019.43,29154.1,14.0966,1155.07,36622.3,14.0966,1308.6,45977.9,14.0966,1482.39,57683.7,14.0966,1679.09,72307.8,14.0966,1901.73,90542.8,14.0966,2153.73,113226,14.0966,2438.97,141360,14.0966,2761.81,176127,14.0966,3127.22,218898,14.0966,3540.81,271226,14.0966,4008.92,334817,14.0966,4538.74,411470,14.0966,5138.38,502973,14.0966,5817.04,610948,14.0966,6585.12,736653,14.0966,7454.39,880741,14.0966,8438.15,1.04302e+06,14.0966,9551.45,1.22224e+06,14.0966,10811.3,1.41602e+06,14.0966,12237,1.62086e+06,14.0966,11.7194,11.96,12.6541,2.21263,4.16949,0.989383,2.67766,5.84076,0.311842,3.14343,7.55825,0.0972771,3.63127,9.58578,0.0303237,4.15787,12.0912,0.00945211,4.73731,15.2286,0.00294633,5.38238,19.1721,0.000918508,6.10553,24.134,0.000286163,6.91951,30.3791,8.92692e-05,7.83792,38.2397,2.78121e-05,8.87555,48.1338,8.65134e-06,10.0489,60.5876,2.7882e-06,11.3761,76.2629,8.29036e-07,12.8779,95.9927,2.4373e-07,14.5775,120.825,4.33068e-09,16.5012,152.08,1.75749e-07,18.6784,191.415,-1.86328e-07,21.1428,240.917,1.91829e-07,23.9322,303.213,-1.81475e-07,27.0895,381.602,7.0186e-08,30.6634,480.231,-2.86769e-08,34.7087,604.316,2.40784e-07,39.2876,760.401,9.87368e-08,44.4705,956.705,1.22263e-07,50.3371,1203.54,-4.31966e-07,56.9776,1513.81,-1.9705e-07,64.494,1903.69,-2.763e-08,73.0018,2393.4,3.9185e-07,82.6317,3008.13,1.35379e-07,93.5318,3779.25,-4.16351e-08,105.869,4745.7,2.06965e-08,119.834,5955.6,-3.18887e-07,135.641,7468.12,-1.48271e-08,153.531,9355.62,2.00739e-07,173.781,11705.8,2.28358e-07,196.701,14624.1,-1.93587e-08,222.642,18235,-2.88101e-07,252.003,22683.4,-2.24732e-07,285.234,28134,8.56806e-09,322.845,34767,2.34258e-07,365.413,42770.9,2.99668e-07,413.588,52327.9,8.28644e-08,468.111,63591.2,-3.07049e-07,529.814,76653.2,-3.1888e-07,599.642,91502.5,-6.72276e-08,678.662,107975,2.26339e-07,768.083,125705,3.69212e-07,869.267,144088,2.04077e-07,983.76,162277,-2.80509e-07,1113.3,179223,-4.22737e-07,1259.87,193777,-1.71951e-07,1425.68,204839,4.55555e-07,11.7194,11.96,12.6541,2.21263,4.16949,0.989383,2.67766,5.84076,0.311842,3.14343,7.55825,0.0972771,3.63127,9.58578,0.0303237,4.15787,12.0912,0.00945211,4.73731,15.2286,0.00294633,5.38238,19.1721,0.000918508,6.10553,24.134,0.000286163,6.91951,30.3791,8.92692e-05,7.83792,38.2397,2.78121e-05,8.87555,48.1338,8.65134e-06,10.0489,60.5876,2.7882e-06,11.3761,76.2629,8.29036e-07,12.8779,95.9927,2.4373e-07,14.5775,120.825,1e-08,16.5012,152.08,1.75749e-07,18.6784,191.415,1e-08,21.1428,240.917,1.91829e-07,23.9322,303.213,1e-08,27.0895,381.602,7.0186e-08,30.6634,480.231,1e-08,34.7087,604.316,2.40784e-07,39.2876,760.401,9.87368e-08,44.4705,956.705,1.22263e-07,50.3371,1203.54,1e-08,56.9776,1513.81,1e-08,64.494,1903.69,1e-08,73.0018,2393.4,3.9185e-07,82.6317,3008.13,1.35379e-07,93.5318,3779.25,1e-08,105.869,4745.7,2.06965e-08,119.834,5955.6,1e-08,135.641,7468.12,1e-08,153.531,9355.62,2.00739e-07,173.781,11705.8,2.28358e-07,196.701,14624.1,1e-08,222.642,18235,1e-08,252.003,22683.4,1e-08,285.234,28134,1e-08,322.845,34767,2.34258e-07,365.413,42770.9,2.99668e-07,413.588,52327.9,8.28644e-08,468.111,63591.2,1e-08,529.814,76653.2,1e-08,599.642,91502.5,1e-08,678.662,107975,2.26339e-07,768.083,125705,3.69212e-07,869.267,144088,2.04077e-07,983.76,162277,1e-08,1113.3,179223,1e-08,1259.87,193777,1e-08,1425.68,204839,4.55555e-07,6.2823,3.27286,2.43537,0.219672,6.18826,2.24117,0.56371,6.87772,2.63624,0.308279,25,9,14,3,3,2,0,6,0,2,9,0,2,9,0,3,20,0,6,3,0,1,32,0,6,20,0,5,51,0,8,25,0,5,50,0,5,36,0,14,100,0,26,85,0,14,78,0,43,118,0,12,126,0,31,327,0,28,338,0,14,556,0,51,531,0,13,409,0,38,1063,0,41,706,0,37,1943,0,96,1169,0,49,1540,0,105,5641,0,54,2173,0,138,1623,0,90,8455,0,108,4811,0,100,8595,0,89,10409,0,365,17973,0,49,19355,0,187,9670,0,237,23754,0,175,23266,0,240,54617,0,205,35767,0,791,55925,0,254,69584,0,442,144606,0,735,92178,0,362,79746,0,742,94325,0,1203,100759,0,883,198720,0,676,138439,0,2138,266482,0,1028,396706,0
-1.05176e+08,1,8.88811e-15,10,1023,0,1.05176e+08,0.528882,1.08665,0.389689,0.145397,0.379329,3.24381,0.161596,0.446195,1.77396,0.159177,1.15e+07,4.49998e+06,6.79999e+06,1.15e+07,4.49997e+06,6.79999e+06,1.15e+07,4.49996e+06,6.79999e+06,1.15e+07,4.49995e+06,6.79999e+06,1.14999e+07,4.49993e+06,6.79999e+06,1.14999e+07,4.49991e+06,6.79999e+06,1.14999e+07,4.49989e+06,6.79999e+06,1.14999e+07,4.49986e+06,6.79999e+06,1.14999e+07,4.49982e+06,6.79999e+06,1.14999e+07,4.49977e+06,6.79999e+06,1.14999e+07,4.49971e+06,6.79999e+06,1.14999e+07,4.49963e+06,6.79999e+06,1.14998e+07,4.49953e+06,6.79999e+06,1.14998e+07,4.49941e+06,6.79999e+06,1.14998e+07,4.49926e+06,6.79999e+06,1.14998e+07,4.49906e+06,6.79999e+06,1.14997e+07,4.49882e+06,6.79999e+06,1.14997e+07,4.49851e+06,6.79999e+06,1.14997e+07,4.49812e+06,6.79999e+06,1.14996e+07,4.49764e+06,6.79999e+06,1.14996e+07,4.49702e+06,6.79999e+06,1.14995e+07,4.49625e+06,6.79999e+06,1.14995e+07,4.49528e+06,6.79999e+06,1.14994e+07,4.49406e+06,6.79999e+06,1.14993e+07,4.49253e+06,6.79999e+06,1.14992e+07,4.49059e+06,6.79999e+06,1.14991e+07,4.48817e+06,6.79999e+06,1.1499e+07,4.48511e+06,6.79999e+06,1.14988e+07,4.48128e+06,6.79999e+06,1.14987e+07,4.47646e+06,6.79999e+06,1.14985e+07,4.47041e+06,6.79999e+06,1.14983e+07,4.46281e+06,6.79999e+06,1.14981e+07,4.4533e+06,6.79999e+06,1.14979e+07,4.44138e+06,6.79999e+06,1.14976e+07,4.42649e+06,6.79999e+06,1.14972e+07,4.40789e+06,6.79999e+06,1.14969e+07,4.38471e+06,6.79999e+06,1.14965e+07,4.35592e+06,6.79999e+06,1.1496e+07,4.32027e+06,6.79999e+06,1.14955e+07,4.27629e+06,6.79999e+06,1.14949e+07,4.22231e+06,6.79999e+06,1.14942e+07,4.15647e+06,6.79999e+06,1.14934e+07,4.07676e+06,6.79999e+06,1.14926e+07,3.98112e+06,6.79999e+06,1.14916e+07,3.86765e+06,6.79999e+06,1.14905e+07,3.73474e+06,6.79999e+06,1.14892e+07,3.58148e+06,6.79999e+06,1.14878e+07,3.40785e+06,6.79999e+06,1.14862e+07,3.21513e+06,6.79999e+06,1.14844e+07,3.00605e+06,6.79999e+06,1.14823e+07,2.7848e+06,6.79999e+06,1.148e+07,2.5568e+06,6.79999e+06,1.14773e+07,2.32825e+06,6.79999e+06,13.5742,8.52444,0.508366,16.8306,13.2585,0.162638,20.0035,17.569,0.0507846,23.2616,22.4214,0.0158319,26.7328,28.3297,0.00493498,30.5212,35.6974,0.00153831,34.7178,44.9473,0.000479527,39.4086,56.5822,0.000149456,44.6796,71.2245,4.66214e-05,50.6209,89.6543,1.45419e-05,57.3297,112.852,4.54748e-06,64.9129,142.051,1.43857e-06,73.4897,178.803,4.36618e-07,83.1934,225.062,1.40153e-07,94.1745,283.286,4.96378e-08,106.602,356.568,1.05434e-07,120.669,448.799,-6.49244e-08,136.59,564.873,1.70148e-07,154.611,710.948,-5.34594e-08,175.008,894.767,1.63407e-07,198.097,1126.06,8.04804e-08,224.231,1417.07,1.14667e-07,253.813,1783.15,-1.71227e-07,287.297,2243.62,-2.88466e-07,325.198,2822.67,-4.33651e-07,368.098,3550.67,7.9318e-08,416.657,4465.65,3.13319e-07,471.621,5615.16,3.4613e-07,533.835,7058.61,-1.19199e-07,604.255,8870.02,-2.79964e-07,683.962,11141.4,-2.30521e-07,774.182,13986.7,-2.55099e-07,876.299,17546.4,1.23585e-07,991.883,21993.1,1.41192e-07,1122.71,27536.7,-9.71886e-08,1270.78,34430.7,-3.68368e-07,1438.38,42977.7,-3.45379e-07,1628.07,53532.7,-3.25328e-09,1842.77,66504.6,2.6362e-07,2085.77,82350.2,2.53445e-07,2360.79,101560,-2.47407e-08,2672.05,124632,-3.80602e-07,3024.31,152018,-4.79005e-07,3422.98,184060,-1.14379e-07,3874.15,220884,2.64297e-07,4384.72,262283,3.44131e-07,4962.49,307576,7.5349e-08,5616.29,355497,-3.63097e-07,6356.1,404126,-6.05442e-07,7193.18,450932,-2.72333e-07,8140.28,492963,2.29675e-07,9211.79,527178,4.3387e-07,10424,550893,-1.0711e-07,10.102,8.06553,2.81012,10.6436,8.57909,0.869423,11.5336,10.2515,0.270869,12.7211,12.7138,0.0844293,14.1823,15.9373,0.0263173,15.9122,20.0383,0.0082035,17.9198,25.2154,0.00255722,20.2244,31.7373,0.000797017,22.8539,39.9486,0.000248622,25.8438,50.2851,7.75492e-05,29.237,63.2963,2.42508e-05,33.0837,79.6738,7.67162e-06,37.4415,100.288,2.32837e-06,42.3767,126.236,7.33e-07,47.9646,158.896,2.79256e-07,54.2906,200.003,9.87351e-09,61.452,251.741,1.61085e-07,69.5585,316.859,-2.47141e-07,78.7347,398.812,8.93552e-08,89.1218,501.948,-2.53231e-07,100.879,631.736,-1.25047e-07,114.188,795.049,-1.78808e-07,129.252,1000.53,2.6733e-07,146.304,1259.03,4.50292e-07,165.605,1584.19,6.76904e-07,187.452,1993.12,-1.23808e-07,212.181,2507.27,-4.89068e-07,240.173,3153.54,-5.40284e-07,271.856,3965.56,1.86061e-07,307.719,4985.38,4.37004e-07,348.313,6265.4,3.59828e-07,394.26,7870.83,3.98192e-07,446.268,9882.51,-1.92908e-07,505.135,12400.3,-2.20392e-07,571.766,15546.9,1.51705e-07,647.184,19472.2,5.74996e-07,732.547,24357.4,5.39112e-07,829.167,30420,5.07815e-09,938.526,37916.3,-4.11492e-07,1062.3,47143.9,-3.9561e-07,1202.4,58439.2,3.86185e-08,1360.96,72169.3,5.94093e-07,1540.42,88715.8,7.47693e-07,1743.53,108445,1.78537e-07,1973.41,131665,-4.12549e-07,2233.57,158557,-5.37164e-07,2528,189103,-1.17615e-07,2861.2,222986,5.66769e-07,3238.27,259510,9.45053e-07,3664.97,297540,4.25093e-07,4147.81,335497,-3.58506e-07,4694.17,371444,-6.7724e-07,5312.37,403256,1.67192e-07,1.61744,3.89446,9.84394,3.28846,7.5504,12.774,5.07607,11.7187,13.6844,7.03202,16.8147,13.9681,9.20215,23.1769,14.0566,11.6301,31.1672,14.0841,14.3598,41.2186,14.0927,17.4376,53.8688,14.0954,20.9137,69.7915,14.0962,24.8432,89.8341,14.0965,29.2879,115.063,14.0966,34.3168,146.819,14.0966,40.0078,186.792,14.0966,46.4487,237.107,14.0966,53.7388,300.44,14.0966,61.9903,380.158,14.0966,71.3301,480.499,14.0966,81.902,606.796,14.0966,93.8685,765.761,14.0966,107.414,965.837,14.0966,122.746,1217.65,14.0966,140.101,1534.57,14.0966,159.745,1933.41,14.0966,181.981,2435.3,14.0966,207.15,3066.85,14.0966,235.64,3861.46,14.0966,267.889,4861.11,14.0966,304.391,6118.54,14.0966,345.709,7699.91,14.0966,392.478,9688.22,14.0966,445.417,12187.5,14.0966,505.339,15327.7,14.0966,573.165,19271.6,14.0966,649.938,24222,14.0966,736.839,30430.9,14.0966,835.202,38211.5,14.0966,946.539,47950.3,14.0966,1072.56,60122.8,14.0966,1215.21,75309.9,14.0966,1376.66,94216.2,14.0966,1559.41,117688,14.0966,1766.26,146729,14.0966,2000.39,182510,14.0966,2265.39,226372,14.0966,2565.33,279806,14.0966,2904.81,344416,14.0966,3289.05,421845,14.0966,3723.93,513667,14.0966,4216.13,621231,14.0966,4773.18,745478,14.0966,5403.64,886744,14.0966,6117.15,1.04457e+06,14.0966,6924.63,1.2176e+06,14.0966,11.7194,11.96,12.6541,13.9321,16.1295,13.6434,16.6097,21.9702,13.9553,19.7532,29.5285,14.0526,23.3844,39.1143,14.0829,27.5423,51.2054,14.0923,32.2796,66.434,14.0953,37.662,85.6061,14.0962,43.7675,109.74,14.0965,50.687,140.119,14.0966,58.5249,178.359,14.0966,67.4005,226.493,14.0966,77.4493,287.08,14.0966,88.8254,363.343,14.0966,101.703,459.336,14.0966,116.281,580.161,14.0966,132.782,732.241,14.0966,151.46,923.655,14.0966,172.603,1164.57,14.0966,196.535,1467.79,14.0966,223.625,1849.39,14.0966,254.288,2329.62,14.0966,288.997,2933.93,14.0966,328.285,3694.33,14.0966,372.755,4651.04,14.0966,423.092,5854.57,14.0966,480.07,7368.38,14.0966,544.564,9272.08,14.0966,617.566,11665.5,14.0966,700.197,14673.6,14.0966,793.729,18452.9,14.0966,899.599,23198.6,14.0966,1019.43,29154.1,14.0966,1155.07,36622.3,14.0966,1308.6,45977.9,14.0966,1482.39,57683.7,14.0966,1679.09,72307.8,14.0966,1901.73,90542.8,14.0966,2153.73,113226,14.0966,2438.97,141360,14.0966,2761.81,176127,14.0966,3127.22,218898,14.0966,3540.81,271226,14.0966,4008.92,334817,14.0966,4538.74,411470,14.0966,5138.38,502973,14.0966,5817.04,610948,14.0966,6585.12,736653,14.0966,7454.39,880741,14.0966,8438.15,1.04302e+06,14.0966,9551.45,1.22224e+06,14.0966,10811.3,1.41602e+06,14.0966,12237,1.62086e+06,14.0966,11.7194,11.96,12.6541,2.21263,4.16949,0.989383,2.67766,5.84076,0.311842,3.14343,7.55825,0.0972771,3.63127,9.58578,0.0303237,4.15787,12.0912,0.00945211,4.73731,15.2286,0.00294633,5.38238,19.1721,0.000918508,6.10553,24.134,0.000286163,6.91951,30.3791,8.92692e-05,7.83792,38.2397,2.78121e-05,8.87555,48.1338,8.65134e-06,10.0489,60.5876,2.7882e-06,11.3761,76.2629,8.29036e-07,12.8779,95.9927,2.4373e-07,14.5775,120.825,4.33068e-09,16.5012,152.08,1.75749e-07,18.6784,191.415,-1.86328e-07,21.1428,240.917,1.91829e-07,23.9322,303.213,-1.81475e-07,27.0895,381.602,7.0186e-08,30.6634,480.231,-2.86769e-08,34.7087,604.316,2.40784e-07,39.2876,760.401,9.87368e-08,44.4705,956.705,1.22263e-07,50.3371,1203.54,-4.31966e-07,56.9776,1513.81,-1.9705e-07,64.494,1903.69,-2.763e-08,73.0018,2393.4,3.9185e-07,82.6317,3008.13,1.35379e-07,93.5318,3779.25,-4.16351e-08,105.869,4745.7,2.06965e-08,119.834,5955.6,-3.18887e-07,135.641,7468.12,-1.48271e-08,153.531,9355.62,2.00739e-07,173.781,11705.8,2.28358e-07,196.701,14624.1,-1.93587e-08,222.642,18235,-2.88101e-07,252.003,22683.4,-2.24732e-07,285.234,28134,8.56806e-09,322.845,34767,2.34258e-07,365.413,42770.9,2.99668e-07,413.588,52327.9,8.28644e-08,468.111,63591.2,-3.07049e-07,529.814,76653.2,-3.1888e-07,599.642,91502.5,-6.72276e-08,678.662,107975,2.26339e-07,768.083,125705,3.69212e-07,869.267,144088,2.04077e-07,983.76,162277,-2.80509e-07,1113.3,179223,-4.22737e-07,1259.87,193777,-1.71951e-07,1425.68,204839,4.55555e-07,11.7194,11.96,12.6541,2.21263,4.16949,0.989383,2.67766,5.84076,0.311842,3.14343,7.55825,0.0972771,3.63127,9.58578,0.0303237,4.15787,12.0912,0.00945211,4.73731,15.2286,0.00294633,5.38238,19.1721,0.000918508,6.10553,24.134,0.000286163,6.91951,30.3791,8.92692e-05,7.83792,38.2397,2.78121e-05,8.87555,48.1338,8.65134e-06,10.0489,60.5876,2.7882e-06,11.3761,76.2629,8.29036e-07,12.8779,95.9927,2.4373e-07,14.5775,120.825,1e-08,16.5012,152.08,1.75749e-07,18.6784,191.415,1e-08,21.1428,240.917,1.91829e-07,23.9322,303.213,1e-08,27.0895,381.602,7.0186e-08,30.6634,480.231,1e-08,34.7087,604.316,2.40784e-07,39.2876,760.401,9.87368e-08,44.4705,956.705,1.22263e-07,50.3371,1203.54,1e-08,56.9776,1513.81,1e-08,64.494,1903.69,1e-08,73.0018,2393.4,3.9185e-07,82.6317,3008.13,1.35379e-07,93.5318,3779.25,1e-08,105.869,4745.7,2.06965e-08,119.834,5955.6,1e-08,135.641,7468.12,1e-08,153.531,9355.62,2.00739e-07,173.781,11705.8,2.28358e-07,196.701,14624.1,1e-08,222.642,18235,1e-08,252.003,22683.4,1e-08,285.234,28134,1e-08,322.845,34767,2.34258e-07,365.413,42770.9,2.99668e-07,413.588,52327.9,8.28644e-08,468.111,63591.2,1e-08,529.814,76653.2,1e-08,599.642,91502.5,1e-08,678.662,107975,2.26339e-07,768.083,125705,3.69212e-07,869.267,144088,2.04077e-07,983.76,162277,1e-08,1113.3,179223,1e-08,1259.87,193777,1e-08,1425.68,204839,4.55555e-07,6.2823,3.27286,2.43537,0.219672,6.18826,2.24117,0.56371,6.87772,2.63624,0.308279,8,10,14,4,3,1,0,11,0,2,4,1,3,11,0,5,27,0,2,13,0,8,15,0,6,32,0,5,43,0,5,30,0,17,47,0,6,126,0,5,53,0,12,35,0,21,139,0,19,90,0,23,267,0,20,216,0,13,416,0,9,593,0,23,776,0,57,396,0,37,1467,0,49,620,0,82,1254,0,35,1248,0,108,2025,0,53,1508,0,78,3371,0,80,2829,0,61,3587,0,135,9116,0,180,7008,0,121,5708,0,110,16637,0,172,12946,0,284,30777,0,52,32740,0,262,38517,0,370,30744,0,481,31136,0,243,38287,0,267,149504,0,541,114541,0,637,117751,0,437,81263,0,516,116926,0,1101,118334,0,1212,224198,0,804,184948,0,2026,107362,0,531,241337,0
-1.05176e+08,1,8.88811e-15,10,1023,0,1.05176e+08,0.528882,1.08665,0.389689,0.145397,0.379329,3.24381,0.161596,0.446195,1.77396,0.159177,1.15e+07,4.49998e+06,6.79999e+06,1.15e+07,4.49997e+06,6.79999e+06,1.15e+07,4.49996e+06,6.79999e+06,1.15e+07,4.49995e+06,6.79999e+06,1.14999e+07,4.49993e+06,6.79999e+06,1.14999e+07,4.49991e+06,6.79999e+06,1.14999e+07,4.49989e+06,6.79999e+06,1.14999e+07,4.49986e+06,6.79999e+06,1.14999e+07,4.49982e+06,6.79999e+06,1.14999e+07,4.49977e+06,6.79999e+06,1.14999e+07,4.49971e+06,6.79999e+06,1.14999e+07,4.49963e+06,6.79999e+06,1.14998e+07,4.49953e+06,6.79999e+06,1.14998e+07,4.49941e+06,6.79999e+06,1.14998e+07,4.49926e+06,6.79999e+06,1.14998e+07,4.49906e+06,6.79999e+06,1.14997e+07,4.49882e+06,6.79999e+06,1.14997e+07,4.49851e+06,6.79999e+06,1.14997e+07,4.49812e+06,6.79999e+06,1.14996e+07,4.49764e+06,6.79999e+06,1.14996e+07,4.49702e+06,6.79999e+06,1.14995e+07,4.49625e+06,6.79999e+06,1.14995e+07,4.49528e+06,6.79999e+06,1.14994e+07,4.49406e+06,6.79999e+06,1.14993e+07,4.49253e+06,6.79999e+06,1.14992e+07,4.49059e+06,6.79999e+06,1.14991e+07,4.48817e+06,6.79999e+06,1.1499e+07,4.48511e+06,6.79999e+06,1.14988e+07,4.48128e+06,6.79999e+06,1.14987e+07,4.47646e+06,6.79999e+06,1.14985e+07,4.47041e+06,6.79999e+06,1.14983e+07,4.46281e+06,6.79999e+06,1.14981e+07,4.4533e+06,6.79999e+06,1.14979e+07,4.44138e+06,6.79999e+06,1.14976e+07,4.42649e+06,6.79999e+06,1.14972e+07,4.40789e+06,6.79999e+06,1.14969e+07,4.38471e+06,6.79999e+06,1.14965e+07,4.35592e+06,6.79999e+06,1.1496e+07,4.32027e+06,6.79999e+06,1.14955e+07,4.27629e+06,6.79999e+06,1.14949e+07,4.22231e+06,6.79999e+06,1.14942e+07,4.15647e+06,6.79999e+06,1.14934e+07,4.07676e+06,6.79999e+06,1.14926e+07,3.98112e+06,6.79999e+06,1.14916e+07,3.86765e+06,6.79999e+06,1.14905e+07,3.73474e+06,6.79999e+06,1.14892e+07,3.58148e+06,6.79999e+06,1.14878e+07,3.40785e+06,6.79999e+06,1.14862e+07,3.21513e+06,6.79999e+06,1.14844e+07,3.00605e+06,6.79999e+06,1.14823e+07,2.7848e+06,6.79999e+06,1.148e+07,2.5568e+06,6.79999e+06,1.14773e+07,2.32825e+06,6.79999e+06,13.5742,8.52444,0.508366,16.8306,13.2585,0.162638,20.0035,17.569,0.0507846,23.2616,22.4214,0.0158319,26.7328,28.3297,0.00493498,30.5212,35.6974,0.00153831,34.7178,44.9473,0.000479527,39.4086,56.5822,0.000149456,44.6796,71.2245,4.66214e-05,50.6209,89.6543,1.45419e-05,57.3297,112.852,4.54748e-06,64.9129,142.051,1.43857e-06,73.4897,178.803,4.36618e-07,83.1934,225.062,1.40153e-07,94.1745,283.286,4.96378e-08,106.602,356.568,1.05434e-07,120.669,448.799,-6.49244e-08,136.59,564.873,1.70148e-07,154.611,710.948,-5.34594e-08,175.008,894.767,1.63407e-07,198.097,1126.06,8.04804e-08,224.231,1417.07,1.14667e-07,253.813,1783.15,-1.71227e-07,287.297,2243.62,-2.88466e-07,325.198,2822.67,-4.33651e-07,368.098,3550.67,7.9318e-08,416.657,4465.65,3.13319e-07,471.621,5615.16,3.4613e-07,533.835,7058.61,-1.19199e-07,604.255,8870.02,-2.79964e-07,683.962,11141.4,-2.30521e-07,774.182,13986.7,-2.55099e-07,876.299,17546.4,1.23585e-07,991.883,21993.1,1.41192e-07,1122.71,27536.7,-9.71886e-08,1270.78,34430.7,-3.68368e-07,1438.38,42977.7,-3.45379e-07,1628.07,53532.7,-3.25328e-09,1842.77,66504.6,2.6362e-07,2085.77,82350.2,2.53445e-07,2360.79,101560,-2.47407e-08,2672.05,124632,-3.80602e-07,3024.31,152018,-4.79005e-07,3422.98,184060,-1.14379e-07,3874.15,220884,2.64297e-07,4384.72,262283,3.44131e-07,4962.49,307576,7.5349e-08,5616.29,355497,-3.63097e-07,6356.1,404126,-6.05442e-07,7193.18,450932,-2.72333e-07,8140.28,492963,2.29675e-07,9211.79,527178,4.3387e-07,10424,550893,-1.0711e-07,10.102,8.06553,2.81012,10.6436,8.57909,0.869423,11.5336,10.2515,0.270869,12.7211,12.7138,0.0844293,14.1823,15.9373,0.0263173,15.9122,20.0383,0.0082035,17.9198,25.2154,0.00255722,20.2244,31.7373,0.000797017,22.8539,39.9486,0.000248622,25.8438,50.2851,7.75492e-05,29.237,63.2963,2.42508e-05,33.0837,79.6738,7.67162e-06,37.4415,100.288,2.32837e-06,42.3767,126.236,7.33e-07,47.9646,158.896,2.79256e-07,54.2906,200.003,9.87351e-09,61.452,251.741,1.61085e-07,69.5585,316.859,-2.47141e-07,78.7347,398.812,8.93552e-08,89.1218,501.948,-2.53231e-07,100.879,631.736,-1.25047e-07,114.188,795.049,-1.78808e-07,129.252,1000.53,2.6733e-07,146.304,1259.03,4.50292e-07,165.605,1584.19,6.76904e-07,187.452,1993.12,-1.23808e-07,212.181,2507.27,-4.89068e-07,240.173,3153.54,-5.40284e-07,271.856,3965.56,1.86061e-07,307.719,4985.38,4.37004e-07,348.313,6265.4,3.59828e-07,394.26,7870.83,3.98192e-07,446.268,9882.51,-1.92908e-07,505.135,12400.3,-2.20392e-07,571.766,15546.9,1.51705e-07,647.184,19472.2,5.74996e-07,732.547,24357.4,5.39112e-07,829.167,30420,5.07815e-09,938.526,37916.3,-4.11492e-07,1062.3,47143.9,-3.9561e-07,1202.4,58439.2,3.86185e-08,1360.96,72169.3,5.94093e-07,1540.42,88715.8,7.47693e-07,1743.53,108445,1.78537e-07,1973.41,131665,-4.12549e-07,2233.57,158557,-5.37164e-07,2528,189103,-1.17615e-07,2861.2,222986,5.66769e-07,3238.27,259510,9.45053e-07,3664.97,297540,4.25093e-07,4147.81,335497,-3.58506e-07,4694.17,371444,-6.7724e-07,5312.37,403256,1.67192e-07,1.61744,3.89446,9.84394,3.28846,7.5504,12.774,5.07607,11.7187,13.6844,7.03202,16.8147,13.9681,9.20215,23.1769,14.0566,11.6301,31.1672,14.0841,14.3598,41.2186,14.0927,17.4376,53.8688,14.0954,20.9137,69.7915,14.0962,24.8432,89.8341,14.0965,29.2879,115.063,14.0966,34.3168,146.819,14.0966,40.0078,186.792,14.0966,46.4487,237.107,14.0966,53.7388,300.44,14.0966,61.9903,380.158,14.0966,71.3301,480.499,14.0966,81.902,606.796,14.0966,93.8685,765.761,14.0966,107.414,965.837,14.0966,122.746,1217.65,14.0966,140.101,1534.57,14.0966,159.745,1933.41,14.0966,181.981,2435.3,14.0966,207.15,3066.85,14.0966,235.64,3861.46,14.0966,267.889,4861.11,14.0966,304.391,6118.54,14.0966,345.709,7699.91,14.0966,392.478,9688.22,14.0966,445.417,12187.5,14.0966,505.339,15327.7,14.0966,573.165,19271.6,14.0966,649.938,24222,14.0966,736.839,30430.9,14.0966,835.202,38211.5,14.0966,946.539,47950.3,14.0966,1072.56,60122.8,14.0966,1215.21,75309.9,14.0966,1376.66,94216.2,14.0966,1559.41,117688,14.0966,1766.26,146729,14.0966,2000.39,182510,14.0966,2265.39,226372,14.0966,2565.33,279806,14.0966,2904.81,344416,14.0966,3289.05,421845,14.0966,3723.93,513667,14.0966,4216.13,621231,14.0966,4773.18,745478,14.0966,5403.64,886744,14.0966,6117.15,1.04457e+06,14.0966,6924.63,1.2176e+06,14.0966,11.7194,11.96,12.6541,13.9321,16.1295,13.6434,16.6097,21.9702,13.9553,19.7532,29.5285,14.0526,23.3844,39.1143,14.0829,27.5423,51.2054,14.0923,32.2796,66.434,14.0953,37.662,85.6061,14.0962,43.7675,109.74,14.0965,50.687,140.119,14.0966,58.5249,178.359,14.0966,67.4005,226.493,14.0966,77.4493,287.08,14.0966,88.8254,363.343,14.0966,101.703,459.336,14.0966,116.281,580.161,14.0966,132.782,732.241,14.0966,151.46,923.655,14.0966,172.603,1164.57,14.0966,196.535,1467.79,14.0966,223.625,1849.39,14.0966,254.288,2329.62,14.0966,288.997,2933.93,14.0966,328.285,3694.33,14.0966,372.755,4651.04,14.0966,423.092,5854.57,14.0966,480.07,7368.38,14.0966,544.564,9272.08,14.0966,617.566,11665.5,14.0966,700.197,14673.6,14.0966,793.729,18452.9,14.0966,899.599,23198.6,14.0966,1019.43,29154.1,14.0966,1155.07,36622.3,14.0966,1308.6,45977.9,14.0966,1482.39,57683.7,14.0966,1679.09,72307.8,14.0966,1901.73,90542.8,14.0966,2153.73,113226,14.0966,2438.97,141360,14.0966,2761.81,176127,14.0966,3127.22,218898,14.0966,3540.81,271226,14.0966,4008.92,334817,14.0966,4538.74,411470,14.0966,5138.38,502973,14.0966,5817.04,610948,14.0966,6585.12,736653,14.0966,7454.39,880741,14.0966,8438.15,1.04302e+06,14.0966,9551.45,1.22224e+06,14.0966,10811.3,1.41602e+06,14.0966,12237,1.62086e+06,14.0966,11.7194,11.96,12.6541,2.21263,4.16949,0.989383,2.67766,5.84076,0.311842,3.14343,7.55825,0.0972771,3.63127,9.58578,0.0303237,4.15787,12.0912,0.00945211,4.73731,15.2286,0.00294633,5.38238,19.1721,0.000918508,6.10553,24.134,0.000286163,6.91951,30.3791,8.92692e-05,7.83792,38.2397,2.78121e-05,8.87555,48.1338,8.65134e-06,10.0489,60.5876,2.7882e-06,11.3761,76.2629,8.29036e-07,12.8779,95.9927,2.4373e-07,14.5775,120.825,4.33068e-09,16.5012,152.08,1.75749e-07,18.6784,191.415,-1.86328e-07,21.1428,240.917,1.91829e-07,23.9322,303.213,-1.81475e-07,27.0895,381.602,7.0186e-08,30.6634,480.231,-2.86769e-08,34.7087,604.316,2.40784e-07,39.2876,760.401,9.87368e-08,44.4705,956.705,1.22263e-07,50.3371,1203.54,-4.31966e-07,56.9776,1513.81,-1.9705e-07,64.494,1903.69,-2.763e-08,73.0018,2393.4,3.9185e-07,82.6317,3008.13,1.35379e-07,93.5318,3779.25,-4.16351e-08,105.869,4745.7,2.06965e-08,119.834,5955.6,-3.18887e-07,135.641,7468.12,-1.48271e-08,153.531,9355.62,2.00739e-07,173.781,11705.8,2.28358e-07,196.701,14624.1,-1.93587e-08,222.642,18235,-2.88101e-07,252.003,22683.4,-2.24732e-07,285.234,28134,8.56806e-09,322.845,34767,2.34258e-07,365.413,42770.9,2.99668e-07,413.588,52327.9,8.28644e-08,468.111,63591.2,-3.07049e-07,529.814,76653.2,-3.1888e-07,599.642,91502.5,-6.72276e-08,678.662,107975,2.26339e-07,768.083,125705,3.69212e-07,869.267,144088,2.04077e-07,983.76,162277,-2.80509e-07,1113.3,179223,-4.22737e-07,1259.87,193777,-1.71951e-07,1425.68,204839,4.55555e-07,11.7194,11.96,12.6541,2.21263,4.16949,0.989383,2.67766,5.84076,0.311842,3.14343,7.55825,0.0972771,3.63127,9.58578,0.0303237,4.15787,12.0912,0.00945211,4.73731,15.2286,0.00294633,5.38238,19.1721,0.000918508,6.10553,24.134,0.000286163,6.91951,30.3791,8.92692e-05,7.83792,38.2397,2.78121e-05,8.87555,48.1338,8.65134e-06,10.0489,60.5876,2.7882e-06,11.3761,76.2629,8.29036e-07,12.8779,95.9927,2.4373e-07,14.5775,120.825,1e-08,16.5012,152.08,1.75749e-07,18.6784,191.415,1e-08,21.1428,240.917,1.91829e-07,23.9322,303.213,1e-08,27.0895,381.602,7.0186e-08,30.6634,480.231,1e-08,34.7087,604.316,2.40784e-07,39.2876,760.401,9.87368e-08,44.4705,956.705,1.22263e-07,50.3371,1203.54,1e-08,56.9776,1513.81,1e-08,64.494,1903.69,1e-08,73.0018,2393.4,3.9185e-07,82.6317,3008.13,1.35379e-07,93.5318,3779.25,1e-08,105.869,4745.7,2.06965e-08,119.834,5955.6,1e-08,135.641,7468.12,1e-08,153.531,9355.62,2.00739e-07,173.781,11705.8,2.28358e-07,196.701,14624.1,1e-08,222.642,18235,1e-08,252.003,22683.4,1e-08,285.234,28134,1e-08,322.845,34767,2.34258e-07,365.413,42770.9,2.99668e-07,413.588,52327.9,8.28644e-08,468.111,63591.2,1e-08,529.814,76653.2,1e-08,599.642,91502.5,1e-08,678.662,107975,2.26339e-07,768.083,125705,3.69212e-07,869.267,144088,2.04077e-07,983.76,162277,1e-08,1113.3,179223,1e-08,1259.87,193777,1e-08,1425.68,204839,4.55555e-07,6.2823,3.27286,2.43537,0.219672,6.18826,2.24117,0.56371,6.87772,2.63624,0.308279,10,9,17,1,5,1,3,2,0,5,4,0,4,5,0,2,5,1,8,15,0,6,29,0,2,24,0,3,29,0,6,14,0,19,45,0,4,62,0,6,84,0,19,70,0,15,107,0,7,137,0,25,150,0,13,408,0,29,446,0,14,297,0,44,558,0,26,466,0,38,649,0,23,2013,0,58,1435,0,59,1333,0,87,1403,0,53,2367,0,140,1295,0,77,4028,0,65,3436,0,148,3940,0,137,9901,0,279,17225,0,231,7205,0,294,16450,0,520,20937,0,182,19078,0,192,16148,0,146,51429,0,211,41614,0,404,43525,0,335,71437,0,405,101977,0,661,47848,0,608,68029,0,1136,100476,0,980,116778,0,1149,218831,0,389,128907,0,655,87772,0,1358,191113,0
-1.05176e+08,1,8.88811e-15,10,1023,0,1.05176e+08,0.528882,1.08665,0.389689,0.145397,0.379329,3.24381,0.161596,0.446195,1.77396,0.159177,1.15e+07,4.49998e+06,6.79999e+06,1.15e+07,4.49997e+06,6.79999e+06,1.15e+07,4.49996e+06,6.79999e+06,1.15e+07,4.49995e+06,6.79999e+06,1.14999e+07,4.49993e+06,6.79999e+06,1.14999e+07,4.49991e+06,6.79999e+06,1.14999e+07,4.49989e+06,6.79999e+06,1.14999e+07,4.49986e+06,6.79999e+06,1.14999e+07,4.49982e+06,6.79999e+06,1.14999e+07,4.49977e+06,6.79999e+06,1.14999e+07,4.49971e+06,6.79999e+06,1.14999e+07,4.49963e+06,6.79999e+06,1.14998e+07,4.49953e+06,6.79999e+06,1.14998e+07,4.49941e+06,6.79999e+06,1.14998e+07,4.49926e+06,6.79999e+06,1.14998e+07,4.49906e+06,6.79999e+06,1.14997e+07,4.49882e+06,6.79999e+06,1.14997e+07,4.49851e+06,6.79999e+06,1.14997e+07,4.49812e+06,6.79999e+06,1.14996e+07,4.49764e+06,6.79999e+06,1.14996e+07,4.49702e+06,6.79999e+06,1.14995e+07,4.49625e+06,6.79999e+06,1.14995e+07,4.49528e+06,6.79999e+06,1.14994e+07,4.49406e+06,6.79999e+06,1.14993e+07,4.49253e+06,6.79999e+06,1.14992e+07,4.49059e+06,6.79999e+06,1.14991e+07,4.48817e+06,6.79999e+06,1.1499e+07,4.48511e+06,6.79999e+06,1.14988e+07,4.48128e+06,6.79999e+06,1.14987e+07,4.47646e+06,6.79999e+06,1.14985e+07,4.47041e+06,6.79999e+06,1.14983e+07,4.46281e+06,6.79999e+06,1.14981e+07,4.4533e+06,6.79999e+06,1.14979e+07,4.44138e+06,6.79999e+06,1.14976e+07,4.42649e+06,6.79999e+06,1.14972e+07,4.40789e+06,6.79999e+06,1.14969e+07,4.38471e+06,6.79999e+06,1.14965e+07,4.35592e+06,6.79999e+06,1.1496e+07,4.32027e+06,6.79999e+06,1.14955e+07,4.27629e+06,6.79999e+06,1.14949e+07,4.22231e+06,6.79999e+06,1.14942e+07,4.15647e+06,6.79999e+06,1.14934e+07,4.07676e+06,6.79999e+06,1.14926e+07,3.98112e+06,6.79999e+06,1.14916e+07,3.86765e+06,6.79999e+06,1.14905e+07,3.73474e+06,6.79999e+06,1.14892e+07,3.58148e+06,6.79999e+06,1.14878e+07,3.40785e+06,6.79999e+06,1.14862e+07,3.21513e+06,6.79999e+06,1.14844e+07,3.00605e+06,6.79999e+06,1.14823e+07,2.7848e+06,6.79999e+06,1.148e+07,2.5568e+06,6.79999e+06,1.14773e+07,2.32825e+06,6.79999e+06,13.5742,8.52444,0.508366,16.8306,13.2585,0.162638,20.0035,17.569,0.0507846,23.2616,22.4214,0.0158319,26.7328,28.3297,0.00493498,30.5212,35.6974,0.00153831,34.7178,44.9473,0.000479527,39.4086,56.5822,0.000149456,44.6796,71.2245,4.66214e-05,50.6209,89.6543,1.45419e-05,57.3297,112.852,4.54748e-06,64.9129,142.051,1.43857e-06,73.4897,178.803,4.36618e-07,83.1934,225.062,1.40153e-07,94.1745,283.286,4.96378e-08,106.602,356.568,1.05434e-07,120.669,448.799,-6.49244e-08,136.59,564.873,1.70148e-07,154.611,710.948,-5.34594e-08,175.008,894.767,1.63407e-07,198.097,1126.06,8.04804e-08,224.231,1417.07,1.14667e-07,253.813,1783.15,-1.71227e-07,287.297,2243.62,-2.88466e-07,325.198,2822.67,-4.33651e-07,368.098,3550.67,7.9318e-08,416.657,4465.65,3.13319e-07,471.621,5615.16,3.4613e-07,533.835,7058.61,-1.19199e-07,604.255,8870.02,-2.79964e-07,683.962,11141.4,-2.30521e-07,774.182,13986.7,-2.55099e-07,876.299,17546.4,1.23585e-07,991.883,21993.1,1.41192e-07,1122.71,27536.7,-9.71886e-08,1270.78,34430.7,-3.68368e-07,1438.38,42977.7,-3.45379e-07,1628.07,53532.7,-3.25328e-09,1842.77,66504.6,2.6362e-07,2085.77,82350.2,2.53445e-07,2360.79,101560,-2.47407e-08,2672.05,124632,-3.80602e-07,3024.31,152018,-4.79005e-07,3422.98,184060,-1.14379e-07,3874.15,220884,2.64297e-07,4384.72,262283,3.44131e-07,4962.49,307576,7.5349e-08,5616.29,355497,-3.63097e-07,6356.1,404126,-6.05442e-07,7193.18,450932,-2.72333e-07,8140.28,492963,2.29675e-07,9211.79,527178,4.3387e-07,10424,550893,-1.0711e-07,10.102,8.06553,2.81012,10.6436,8.57909,0.869423,11.5336,10.2515,0.270869,12.7211,12.7138,0.0844293,14.1823,15.9373,0.0263173,15.9122,20.0383,0.0082035,17.9198,25.2154,0.00255722,20.2244,31.7373,0.000797017,22.8539,39.9486,0.000248622,25.8438,50.2851,7.75492e-05,29.237,63.2963,2.42508e-05,33.0837,79.6738,7.67162e-06,37.4415,100.288,2.32837e-06,42.3767,126.236,7.33e-07,47.9646,158.896,2.79256e-07,54.2906,200.003,9.87351e-09,61.452,251.741,1.61085e-07,69.5585,316.859,-2.47141e-07,78.7347,398.812,8.93552e-08,89.1218,501.948,-2.53231e-07,100.879,631.736,-1.25047e-07,114.188,795.049,-1.78808e-07,129.252,1000.53,2.6733e-07,146.304,1259.03,4.50292e-07,165.605,1584.19,6.76904e-07,187.452,1993.12,-1.23808e-07,212.181,2507.27,-4.89068e-07,240.173,3153.54,-5.40284e-07,271.856,3965.56,1.86061e-07,307.719,4985.38,4.37004e-07,348.313,6265.4,3.59828e-07,394.26,7870.83,3.98192e-07,446.268,9882.51,-1.92908e-07,505.135,12400.3,-2.20392e-07,571.766,15546.9,1.51705e-07,647.184,19472.2,5.74996e-07,732.547,24357.4,5.39112e-07,829.167,30420,5.07815e-09,938.526,37916.3,-4.11492e-07,1062.3,47143.9,-3.9561e-07,1202.4,58439.2,3.86185e-08,1360.96,72169.3,5.94093e-07,1540.42,88715.8,7.47693e-07,1743.53,108445,1.78537e-07,1973.41,131665,-4.12549e-07,2233.57,158557,-5.37164e-07,2528,189103,-1.17615e-07,2861.2,222986,5.66769e-07,3238.27,259510,9.45053e-07,3664.97,297540,4.25093e-07,4147.81,335497,-3.58506e-07,4694.17,371444,-6.7724e-07,5312.37,403256,1.67192e-07,1.61744,3.89446,9.84394,3.28846,7.5504,12.774,5.07607,11.7187,13.6844,7.03202,16.8147,13.9681,9.20215,23.1769,14.0566,11.6301,31.1672,14.0841,14.3598,41.2186,14.0927,17.4376,53.8688,14.0954,20.9137,69.7915,14.0962,24.8432,89.8341,14.0965,29.2879,115.063,14.0966,34.3168,146.819,14.0966,40.0078,186.792,14.0966,46.4487,237.107,14.0966,53.7388,300.44,14.0966,61.9903,380.158,14.0966,71.3301,480.499,14.0966,81.902,606.796,14.0966,93.8685,765.761,14.0966,107.414,965.837,14.0966,122.746,1217.65,14.0966,140.101,1534.57,14.0966,159.745,1933.41,14.0966,181.981,2435.3,14.0966,207.15,3066.85,14.0966,235.64,3861.46,14.0966,267.889,4861.11,14.0966,304.391,6118.54,14.0966,345.709,7699.91,14.0966,392.478,9688.22,14.0966,445.417,12187.5,14.0966,505.339,15327.7,14.0966,573.165,19271.6,14.0966,649.938,24222,14.0966,736.839,30430.9,14.0966,835.202,38211.5,14.0966,946.539,47950.3,14.0966,1072.56,60122.8,14.0966,1215.21,75309.9,14.0966,1376.66,94216.2,14.0966,1559.41,117688,14.0966,1766.26,146729,14.0966,2000.39,182510,14.0966,2265.39,226372,14.0966,2565.33,279806,14.0966,2904.81,344416,14.0966,3289.05,421845,14.0966,3723.93,513667,14.0966,4216.13,621231,14.0966,4773.18,745478,14.0966,5403.64,886744,14.0966,6117.15,1.04457e+06,14.0966,6924.63,1.2176e+06,14.0966,11.7194,11.96,12.6541,13.9321,16.1295,13.6434,16.6097,21.9702,13.9553,19.7532,29.5285,14.0526,23.3844,39.1143,14.0829,27.5423,51.2054,14.0923,32.2796,66.434,14.0953,37.662,85.6061,14.0962,43.7675,109.74,14.0965,50.687,140.119,14.0966,58.5249,178.359,14.0966,67.4005,226.493,14.0966,77.4493,287.08,14.0966,88.8254,363.343,14.0966,101.703,459.336,14.0966,116.281,580.161,14.0966,132.782,732.241,14.0966,151.46,923.655,14.0966,172.603,1164.57,14.0966,196.535,1467.79,14.0966,223.625,1849.39,14.0966,254.288,2329.62,14.0966,288.997,2933.93,14.0966,328.285,3694.33,14.0966,372.755,4651.04,14.0966,423.092,5854.57,14.0966,480.07,7368.38,14.0966,544.564,9272.08,14.0966,617.566,11665.5,14.0966,700.197,14673.6,14.0966,793.729,18452.9,14.0966,899.599,23198.6,14.0966,1019.43,29154.1,14.0966,1155.07,36622.3,14.0966,1308.6,45977.9,14.0966,1482.39,57683.7,14.0966,1679.09,72307.8,14.0966,1901.73,90542.8,14.0966,2153.73,113226,14.0966,2438.97,141360,14.0966,2761.81,176127,14.0966,3127.22,218898,14.0966,3540.81,271226,14.0966,4008.92,334817,14.0966,4538.74,411470,14.0966,5138.38,502973,14.0966,5817.04,610948,14.0966,6585.12,736653,14.0966,7454.39,880741,14.0966,8438.15,1.04302e+06,14.0966,9551.45,1.22224e+06,14.0966,10811.3,1.41602e+06,14.0966,12237,1.62086e+06,14.0966,11.7194,11.96,12.6541,2.21263,4.16949,0.989383,2.67766,5.84076,0.311842,3.14343,7.55825,0.0972771,3.63127,9.58578,0.0303237,4.15787,12.0912,0.00945211,4.73731,15.2286,0.00294633,5.38238,19.1721,0.000918508,6.10553,24.134,0.000286163,6.91951,30.3791,8.92692e-05,7.83792,38.2397,2.78121e-05,8.87555,48.1338,8.65134e-06,10.0489,60.5876,2.7882e-06,11.3761,76.2629,8.29036e-07,12.8779,95.9927,2.4373e-07,14.5775,120.825,4.33068e-09,16.5012,152.08,1.75749e-07,18.6784,191.415,-1.86328e-07,21.1428,240.917,1.91829e-07,23.9322,303.213,-1.81475e-07,27.0895,381.602,7.0186e-08,30.6634,480.231,-2.86769e-08,34.7087,604.316,2.40784e-07,39.2876,760.401,9.87368e-08,44.4705,956.705,1.22263e-07,50.3371,1203.54,-4.31966e-07,56.9776,1513.81,-1.9705e-07,64.494,1903.69,-2.763e-08,73.0018,2393.4,3.9185e-07,82.6317,3008.13,1.35379e-07,93.5318,3779.25,-4.16351e-08,105.869,4745.7,2.06965e-08,119.834,5955.6,-3.18887e-07,135.641,7468.12,-1.48271e-08,153.531,9355.62,2.00739e-07,173.781,11705.8,2.28358e-07,196.701,14624.1,-1.93587e-08,222.642,18235,-2.88101e-07,252.003,22683.4,-2.24732e-07,285.234,28134,8.56806e-09,322.845,34767,2.34258e-07,365.413,42770.9,2.99668e-07,413.588,52327.9,8.28644e-08,468.111,63591.2,-3.07049e-07,529.814,76653.2,-3.1888e-07,599.642,91502.5,-6.72276e-08,678.662,107975,2.26339e-07,768.083,125705,3.69212e-07,869.267,144088,2.04077e-07,983.76,162277,-2.80509e-07,1113.3,179223,-4.22737e-07,1259.87,193777,-1.71951e-07,1425.68,204839,4.55555e-07,11.7194,11.96,12.6541,2.21263,4.16949,0.989383,2.67766,5.84076,0.311842,3.14343,7.55825,0.0972771,3.63127,9.58578,0.0303237,4.15787,12.0912,0.00945211,4.73731,15.2286,0.00294633,5.38238,19.1721,0.000918508,6.10553,24.134,0.000286163,6.91951,30.3791,8.92692e-05,7.83792,38.2397,2.78121e-05,8.87555,48.1338,8.65134e-06,10.0489,60.5876,2.7882e-06,11.3761,76.2629,8.29036e-07,12.8779,95.9927,2.4373e-07,14.5775,120.825,1e-08,16.5012,152.08,1.75749e-07,18.6784,191.415,1e-08,21.1428,240.917,1.91829e-07,23.9322,303.213,1e-08,27.0895,381.602,7.0186e-08,30.6634,480.231,1e-08,34.7087,604.316,2.40784e-07,39.2876,760.401,9.87368e-08,44.4705,956.705,1.22263e-07,50.3371,1203.54,1e-08,56.9776,1513.81,1e-08,64.494,1903.69,1e-08,73.0018,2393.4,3.9185e-07,82.6317,3008.13,1.35379e-07,93.5318,3779.25,1e-08,105.869,4745.7,2.06965e-08,119.834,5955.6,1e-08,135.641,7468.12,1e-08,153.531,9355.62,2.00739e-07,173.781,11705.8,2.28358e-07,196.701,14624.1,1e-08,222.642,18235,1e-08,252.003,22683.4,1e-08,285.234,28134,1e-08,322.845,34767,2.34258e-07,365.413,42770.9,2.99668e-07,413.588,52327.9,8.28644e-08,468.111,63591.2,1e-08,529.814,76653.2,1e-08,599.642,91502.5,1e-08,678.662,107975,2.26339e-07,768.083,125705,3.69212e-07,869.267,144088,2.04077e-07,983.76,162277,1e-08,1113.3,179223,1e-08,1259.87,193777,1e-08,1425.68,204839,4.55555e-07,6.2823,3.27286,2.43537,0.219672,6.18826,2.24117,0.56371,6.87772,2.63624,0.308279,13,13,7,2,5,1,1,9,1,1,13,0,5,8,0,8,15,0,7,11,0,1,25,0,3,18,0,3,24,0,10,50,0,8,37,0,14,44,0,8,167,0,6,136,0,30,111,0,7,132,0,35,279,0,49,293,0,22,378,0,19,215,0,26,683,0,41,822,0,51,562,0,29,1473,0,70,681,0,36,1383,0,96,2446,0,89,2327,0,117,2061,0,54,4502,0,84,4576,0,64,9393,0,141,7930,0,233,4913,0,253,16070,0,128,8180,0,264,10061,0,106,24419,0,266,23553,0,409,36066,0,101,53092,0,177,31981,0,535,41534,0,379,90240,0,639,138042,0,699,118503,0,436,223345,0,639,155823,0,845,276547,0,1089,67286,0,1414,198199,0,1778,148215,0
-1.05176e+08,1,8.88811e-15,10,1023,0,1.05176e+08,0.528882,1.08665,0.389689,0.145397,0.379329,3.24381,0.161596,0.446195,1.77396,0.159177,1.15e+07,4.49998e+06,6.79999e+06,1.15e+07,4.49997e+06,6.79999e+06,1.15e+07,4.49996e+06,6.79999e+06,1.15e+07,4.49995e+06,6.79999e+06,1.14999e+07,4.49993e+06,6.79999e+06,1.14999e+07,4.49991e+06,6.79999e+06,1.14999e+07,4.49989e+06,6.79999e+06,1.14999e+07,4.49986e+06,6.79999e+06,1.14999e+07,4.49982e+06,6.79999e+06,1.14999e+07,4.49977e+06,6.79999e+06,1.14999e+07,4.49971e+06,6.79999e+06,1.14999e+07,4.49963e+06,6.79999e+06,1.14998e+07,4.49953e+06,6.79999e+06,1.14998e+07,4.49941e+06,6.79999e+06,1.14998e+07,4.49926e+06,6.79999e+06,1.14998e+07,4.49906e+06,6.79999e+06,1.14997e+07,4.49882e+06,6.79999e+06,1.14997e+07,4.49851e+06,6.79999e+06,1.14997e+07,4.49812e+06,6.79999e+06,1.14996e+07,4.49764e+06,6.79999e+06,1.14996e+07,4.49702e+06,6.79999e+06,1.14995e+07,4.49625e+06,6.79999e+06,1.14995e+07,4.49528e+06,6.79999e+06,1.14994e+07,4.49406e+06,6.79999e+06,1.14993e+07,4.49253e+06,6.79999e+06,1.14992e+07,4.49059e+06,6.79999e+06,1.14991e+07,4.48817e+06,6.79999e+06,1.1499e+07,4.48511e+06,6.79999e+06,1.14988e+07,4.48128e+06,6.79999e+06,1.14987e+07,4.47646e+06,6.79999e+06,1.14985e+07,4.47041e+06,6.79999e+06,1.14983e+07,4.46281e+06,6.79999e+06,1.14981e+07,4.4533e+06,6.79999e+06,1.14979e+07,4.44138e+06,6.79999e+06,1.14976e+07,4.42649e+06,6.79999e+06,1.14972e+07,4.40789e+06,6.79999e+06,1.14969e+07,4.38471e+06,6.79999e+06,1.14965e+07,4.35592e+06,6.79999e+06,1.1496e+07,4.32027e+06,6.79999e+06,1.14955e+07,4.27629e+06,6.79999e+06,1.14949e+07,4.22231e+06,6.79999e+06,1.14942e+07,4.15647e+06,6.79999e+06,1.14934e+07,4.07676e+06,6.79999e+06,1.14926e+07,3.98112e+06,6.79999e+06,1.14916e+07,3.86765e+06,6.79999e+06,1.14905e+07,3.73474e+06,6.79999e+06,1.14892e+07,3.58148e+06,6.79999e+06,1.14878e+07,3.40785e+06,6.79999e+06,1.14862e+07,3.21513e+06,6.79999e+06,1.14844e+07,3.00605e+06,6.79999e+06,1.14823e+07,2.7848e+06,6.79999e+06,1.148e+07,2.5568e+06,6.79999e+06,1.14773e+07,2.32825e+06,6.79999e+06,13.5742,8.52444,0.508366,16.8306,13.2585,0.162638,20.0035,17.569,0.0507846,23.2616,22.4214,0.0158319,26.7328,28.3297,0.00493498,30.5212,35.6974,0.00153831,34.7178,44.9473,0.000479527,39.4086,56.5822,0.000149456,44.6796,71.2245,4.66214e-05,50.6209,89.6543,1.45419e-05,57.3297,112.852,4.54748e-06,64.9129,142.051,1.43857e-06,73.4897,178.803,4.36618e-07,83.1934,225.062,1.40153e-07,94.1745,283.286,4.96378e-08,106.602,356.568,1.05434e-07,120.669,448.799,-6.49244e-08,136.59,564.873,1.70148e-07,154.611,710.948,-5.34594e-08,175.008,894.767,1.63407e-07,198.097,1126.06,8.04804e-08,224.231,1417.07,1.14667e-07,253.813,1783.15,-1.71227e-07,287.297,2243.62,-2.88466e-07,325.198,2822.67,-4.33651e-07,368.098,3550.67,7.9318e-08,416.657,4465.65,3.13319e-07,471.621,5615.16,3.4613e-07,533.835,7058.61,-1.19199e-07,604.255,8870.02,-2.79964e-07,683.962,11141.4,-2.30521e-07,774.182,13986.7,-2.55099e-07,876.299,17546.4,1.23585e-07,991.883,21993.1,1.41192e-07,1122.71,27536.7,-9.71886e-08,1270.78,34430.7,-3.68368e-07,1438.38,42977.7,-3.45379e-07,1628.07,53532.7,-3.25328e-09,1842.77,66504.6,2.6362e-07,2085.77,82350.2,2.53445e-07,2360.79,101560,-2.47407e-08,2672.05,124632,-3.80602e-07,3024.31,152018,-4.79005e-07,3422.98,184060,-1.14379e-07,3874.15,220884,2.64297e-07,4384.72,262283,3.44131e-07,4962.49,307576,7.5349e-08,5616.29,355497,-3.63097e-07,6356.1,404126,-6.05442e-07,7193.18,450932,-2.72333e-07,8140.28,492963,2.29675e-07,9211.79,527178,4.3387e-07,10424,550893,-1.0711e-07,10.102,8.06553,2.81012,10.6436,8.57909,0.869423,11.5336,10.2515,0.270869,12.7211,12.7138,0.0844293,14.1823,15.9373,0.0263173,15.9122,20.0383,0.0082035,17.9198,25.2154,0.00255722,20.2244,31.7373,0.000797017,22.8539,39.9486,0.000248622,25.8438,50.2851,7.75492e-05,29.237,63.2963,2.42508e-05,33.0837,79.6738,7.67162e-06,37.4415,100.288,2.32837e-06,42.3767,126.236,7.33e-07,47.9646,158.896,2.79256e-07,54.2906,200.003,9.87351e-09,61.452,251.741,1.61085e-07,69.5585,316.859,-2.47141e-07,78.7347,398.812,8.93552e-08,89.1218,501.948,-2.53231e-07,100.879,631.736,-1.25047e-07,114.188,795.049,-1.78808e-07,129.252,1000.53,2.6733e-07,146.304,1259.03,4.50292e-07,165.605,1584.19,6.76904e-07,187.452,1993.12,-1.23808e-07,212.181,2507.27,-4.89068e-07,240.173,3153.54,-5.40284e-07,271.856,3965.56,1.86061e-07,307.719,4985.38,4.37004e-07,348.313,6265.4,3.59828e-07,394.26,7870.83,3.98192e-07,446.268,9882.51,-1.92908e-07,505.135,12400.3,-2.20392e-07,571.766,15546.9,1.51705e-07,647.184,19472.2,5.74996e-07,732.547,24357.4,5.39112e-07,829.167,30420,5.07815e-09,938.526,37916.3,-4.11492e-07,1062.3,47143.9,-3.9561e-07,1202.4,58439.2,3.86185e-08,1360.96,72169.3,5.94093e-07,1540.42,88715.8,7.47693e-07,1743.53,108445,1.78537e-07,1973.41,131665,-4.12549e-07,2233.57,158557,-5.37164e-07,2528,189103,-1.17615e-07,2861.2,222986,5.66769e-07,3238.27,259510,9.45053e-07,3664.97,297540,4.25093e-07,4147.81,335497,-3.58506e-07,4694.17,371444,-6.7724e-07,5312.37,403256,1.67192e-07,1.61744,3.89446,9.84394,3.28846,7.5504,12.774,5.07607,11.7187,13.6844,7.03202,16.8147,13.9681,9.20215,23.1769,14.0566,11.6301,31.1672,14.0841,14.3598,41.2186,14.0927,17.4376,53.8688,14.0954,20.9137,69.7915,14.0962,24.8432,89.8341,14.0965,29.2879,115.063,14.0966,34.3168,146.819,14.0966,40.0078,186.792,14.0966,46.4487,237.107,14.0966,53.7388,300.44,14.0966,61.9903,380.158,14.0966,71.3301,480.499,14.0966,81.902,606.796,14.0966,93.8685,765.761,14.0966,107.414,965.837,14.0966,122.746,1217.65,14.0966,140.101,1534.57,14.0966,159.745,1933.41,14.0966,181.981,2435.3,14.0966,207.15,3066.85,14.0966,235.64,3861.46,14.0966,267.889,4861.11,14.0966,304.391,6118.54,14.0966,345.709,7699.91,14.0966,392.478,9688.22,14.0966,445.417,12187.5,14.0966,505.339,15327.7,14.0966,573.165,19271.6,14.0966,649.938,24222,14.0966,736.839,30430.9,14.0966,835.202,38211.5,14.0966,946.539,47950.3,14.0966,1072.56,60122.8,14.0966,1215.21,75309.9,14.0966,1376.66,94216.2,14.0966,1559.41,117688,14.0966,1766.26,146729,14.0966,2000.39,182510,14.0966,2265.39,226372,14.0966,2565.33,279806,14.0966,2904.81,344416,14.0966,3289.05,421845,14.0966,3723.93,513667,14.0966,4216.13,621231,14.0966,4773.18,745478,14.0966,5403.64,886744,14.0966,6117.15,1.04457e+06,14.0966,6924.63,1.2176e+06,14.0966,11.7194,11.96,12.6541,13.9321,16.1295,13.6434,16.6097,21.9702,13.9553,19.7532,29.5285,14.0526,23.3844,39.1143,14.0829,27.5423,51.2054,14.0923,32.2796,66.434,14.0953,37.662,85.6061,14.0962,43.7675,109.74,14.0965,50.687,140.119,14.0966,58.5249,178.359,14.0966,67.4005,226.493,14.0966,77.4493,287.08,14.0966,88.8254,363.343,14.0966,101.703,459.336,14.0966,116.281,580.161,14.0966,132.782,732.241,14.0966,151.46,923.655,14.0966,172.603,1164.57,14.0966,196.535,1467.79,14.0966,223.625,1849.39,14.0966,254.288,2329.62,14.0966,288.997,2933.93,14.0966,328.285,3694.33,14.0966,372.755,4651.04,14.0966,423.092,5854.57,14.0966,480.07,7368.38,14.0966,544.564,9272.08,14.0966,617.566,11665.5,14.0966,700.197,14673.6,14.0966,793.729,18452.9,14.0966,899.599,23198.6,14.0966,1019.43,29154.1,14.0966,1155.07,36622.3,14.0966,1308.6,45977.9,14.0966,1482.39,57683.7,14.0966,1679.09,72307.8,14.0966,1901.73,90542.8,14.0966,2153.73,113226,14.0966,2438.97,141360,14.0966,2761.81,176127,14.0966,3127.22,218898,14.0966,3540.81,271226,14.0966,4008.92,334817,14.0966,4538.74,411470,14.0966,5138.38,502973,14.0966,5817.04,610948,14.0966,6585.12,736653,14.0966,7454.39,880741,14.0966,8438.15,1.04302e+06,14.0966,9551.45,1.22224e+06,14.0966,10811.3,1.41602e+06,14.0966,12237,1.62086e+06,14.0966,11.7194,11.96,12.6541,2.21263,4.16949,0.989383,2.67766,5.84076,0.311842,3.14343,7.55825,0.0972771,3.63127,9.58578,0.0303237,4.15787,12.0912,0.00945211,4.73731,15.2286,0.00294633,5.38238,19.1721,0.000918508,6.10553,24.134,0.000286163,6.91951,30.3791,8.92692e-05,7.83792,38.2397,2.78121e-05,8.87555,48.1338,8.65134e-06,10.0489,60.5876,2.7882e-06,11.3761,76.2629,8.29036e-07,12.8779,95.9927,2.4373e-07,14.5775,120.825,4.33068e-09,16.5012,152.08,1.75749e-07,18.6784,191.415,-1.86328e-07,21.1428,240.917,1.91829e-07,23.9322,303.213,-1.81475e-07,27.0895,381.602,7.0186e-08,30.6634,480.231,-2.86769e-08,34.7087,604.316,2.40784e-07,39.2876,760.401,9.87368e-08,44.4705,956.705,1.22263e-07,50.3371,1203.54,-4.31966e-07,56.9776,1513.81,-1.9705e-07,64.494,1903.69,-2.763e-08,73.0018,2393.4,3.9185e-07,82.6317,3008.13,1.35379e-07,93.5318,3779.25,-4.16351e-08,105.869,4745.7,2.06965e-08,119.834,5955.6,-3.18887e-07,135.641,7468.12,-1.48271e-08,153.531,9355.62,2.00739e-07,173.781,11705.8,2.28358e-07,196.701,14624.1,-1.93587e-08,222.642,18235,-2.88101e-07,252.003,22683.4,-2.24732e-07,285.234,28134,8.56806e-09,322.845,34767,2.34258e-07,365.413,42770.9,2.99668e-07,413.588,52327.9,8.28644e-08,468.111,63591.2,-3.07049e-07,529.814,76653.2,-3.1888e-07,599.642,91502.5,-6.72276e-08,678.662,107975,2.26339e-07,768.083,125705,3.69212e-07,869.267,144088,2.04077e-07,983.76,162277,-2.80509e-07,1113.3,179223,-4.22737e-07,1259.87,193777,-1.71951e-07,1425.68,204839,4.55555e-07,11.7194,11.96,12.6541,2.21263,4.16949,0.989383,2.67766,5.84076,0.311842,3.14343,7.55825,0.0972771,3.63127,9.58578,0.0303237,4.15787,12.0912,0.00945211,4.73731,15.2286,0.00294633,5.38238,19.1721,0.000918508,6.10553,24.134,0.000286163,6.91951,30.3791,8.92692e-05,7.83792,38.2397,2.78121e-05,8.87555,48.1338,8.65134e-06,10.0489,60.5876,2.7882e-06,11.3761,76.2629,8.29036e-07,12.8779,95.9927,2.4373e-07,14.5775,120.825,1e-08,16.5012,152.08,1.75749e-07,18.6784,191.415,1e-08,21.1428,240.917,1.91829e-07,23.9322,303.213,1e-08,27.0895,381.602,7.0186e-08,30.6634,480.231,1e-08,34.7087,604.316,2.40784e-07,39.2876,760.401,9.87368e-08,44.4705,956.705,1.22263e-07,50.3371,1203.54,1e-08,56.9776,1513.81,1e-08,64.494,1903.69,1e-08,73.0018,2393.4,3.9185e-07,82.6317,3008.13,1.35379e-07,93.5318,3779.25,1e-08,105.869,4745.7,2.06965e-08,119.834,5955.6,1e-08,135.641,7468.12,1e-08,153.531,9355.62,2.00739e-07,173.781,11705.8,2.28358e-07,196.701,14624.1,1e-08,222.642,18235,1e-08,252.003,22683.4,1e-08,285.234,28134,1e-08,322.845,34767,2.34258e-07,365.413,42770.9,2.99668e-07,413.588,52327.9,8.28644e-08,468.111,63591.2,1e-08,529.814,76653.2,1e-08,599.642,91502.5,1e-08,678.662,107975,2.26339e-07,768.083,125705,3.69212e-07,869.267,144088,2.04077e-07,983.76,162277,1e-08,1113.3,179223,1e-08,1259.87,193777,1e-08,1425.68,204839,4.55555e-07,6.2823,3.27286,2.43537,0.219672,6.18826,2.24117,0.56371,6.87772,2.63624,0.308279,16,7,21,0,5,0,1,1,1,5,11,0,5,10,0,7,25,0,2,8,0,1,35,0,7,29,0,9,28,0,10,59,0,10,51,0,8,116,0,2,68,0,10,146,0,15,41,0,26,142,0,20,259,0,17,292,0,32,217,0,50,450,0,24,637,0,33,485,0,27,559,0,63,808,0,62,1945,0,107,1099,0,104,2351,0,41,1989,0,39,3326,0,102,1720,0,135,5307,0,84,4451,0,148,8363,0,69,9332,0,278,13957,0,180,14702,0,124,31904,0,214,36002,0,226,28120,0,203,33714,0,189,23562,0,587,53235,0,578,87116,0,376,49768,0,679,93889,0,349,126394,0,693,197564,0,993,173708,0,949,159346,0,1230,69731,0,1292,244397,0,1910,321951,0
-1.05176e+08,1,8.88811e-15,10,1023,0,1.05176e+08,0.528882,1.08665,0.389689,0.145397,0.379329,3.24381,0.161596,0.446195,1.77396,0.159177,1.15e+07,4.49998e+06,6.79999e+06,1.15e+07,4.49997e+06,6.79999e+06,1.15e+07,4.49996e+06,6.79999e+06,1.15e+07,4.49995e+06,6.79999e+06,1.14999e+07,4.49993e+06,6.79999e+06,1.14999e+07,4.49991e+06,6.79999e+06,1.14999e+07,4.49989e+06,6.79999e+06,1.14999e+07,4.49986e+06,6.79999e+06,1.14999e+07,4.49982e+06,6.79999e+06,1.14999e+07,4.49977e+06,6.79999e+06,1.14999e+07,4.49971e+06,6.79999e+06,1.14999e+07,4.49963e+06,6.79999e+06,1.14998e+07,4.49953e+06,6.79999e+06,1.14998e+07,4.49941e+06,6.79999e+06,1.14998e+07,4.49926e+06,6.79999e+06,1.14998e+07,4.49906e+06,6.79999e+06,1.14997e+07,4.49882e+06,6.79999e+06,1.14997e+07,4.49851e+06,6.79999e+06,1.14997e+07,4.49812e+06,6.79999e+06,1.14996e+07,4.49764e+06,6.79999e+06,1.14996e+07,4.49702e+06,6.79999e+06,1.14995e+07,4.49625e+06,6.79999e+06,1.14995e+07,4.49528e+06,6.79999e+06,1.14994e+07,4.49406e+06,6.79999e+06,1.14993e+07,4.49253e+06,6.79999e+06,1.14992e+07,4.49059e+06,6.79999e+06,1.14991e+07,4.48817e+06,6.79999e+06,1.1499e+07,4.48511e+06,6.79999e+06,1.14988e+07,4.48128e+06,6.79999e+06,1.14987e+07,4.47646e+06,6.79999e+06,1.14985e+07,4.47041e+06,6.79999e+06,1.14983e+07,4.46281e+06,6.79999e+06,1.14981e+07,4.4533e+06,6.79999e+06,1.14979e+07,4.44138e+06,6.79999e+06,1.14976e+07,4.42649e+06,6.79999e+06,1.14972e+07,4.40789e+06,6.79999e+06,1.14969e+07,4.38471e+06,6.79999e+06,1.14965e+07,4.35592e+06,6.79999e+06,1.1496e+07,4.32027e+06,6.79999e+06,1.14955e+07,4.27629e+06,6.79999e+06,1.14949e+07,4.22231e+06,6.79999e+06,1.14942e+07,4.15647e+06,6.79999e+06,1.14934e+07,4.07676e+06,6.79999e+06,1.14926e+07,3.98112e+06,6.79999e+06,1.14916e+07,3.86765e+06,6.79999e+06,1.14905e+07,3.73474e+06,6.79999e+06,1.14892e+07,3.58148e+06,6.79999e+06,1.14878e+07,3.40785e+06,6.79999e+06,1.14862e+07,3.21513e+06,6.79999e+06,1.14844e+07,3.00605e+06,6.79999e+06,1.14823e+07,2.7848e+06,6.79999e+06,1.148e+07,2.5568e+06,6.79999e+06,1.14773e+07,2.32825e+06,6.79999e+06,13.5742,8.52444,0.508366,16.8306,13.2585,0.162638,20.0035,17.569,0.0507846,23.2616,22.4214,0.0158319,26.7328,28.3297,0.00493498,30.5212,35.6974,0.00153831,34.7178,44.9473,0.000479527,39.4086,56.5822,0.000149456,44.6796,71.2245,4.66214e-05,50.6209,89.6543,1.45419e-05,57.3297,112.852,4.54748e-06,64.9129,142.051,1.43857e-06,73.4897,178.803,4.36618e-07,83.1934,225.062,1.40153e-07,94.1745,283.286,4.96378e-08,106.602,356.568,1.05434e-07,120.669,448.799,-6.49244e-08,136.59,564.873,1.70148e-07,154.611,710.948,-5.34594e-08,175.008,894.767,1.63407e-07,198.097,1126.06,8.04804e-08,224.231,1417.07,1.14667e-07,253.813,1783.15,-1.71227e-07,287.297,2243.62,-2.88466e-07,325.198,2822.67,-4.33651e-07,368.098,3550.67,7.9318e-08,416.657,4465.65,3.13319e-07,471.621,5615.16,3.4613e-07,533.835,7058.61,-1.19199e-07,604.255,8870.02,-2.79964e-07,683.962,11141.4,-2.30521e-07,774.182,13986.7,-2.55099e-07,876.299,17546.4,1.23585e-07,991.883,21993.1,1.41192e-07,1122.71,27536.7,-9.71886e-08,1270.78,34430.7,-3.68368e-07,1438.38,42977.7,-3.45379e-07,1628.07,53532.7,-3.25328e-09,1842.77,66504.6,2.6362e-07,2085.77,82350.2,2.53445e-07,2360.79,101560,-2.47407e-08,2672.05,124632,-3.80602e-07,3024.31,152018,-4.79005e-07,3422.98,184060,-1.14379e-07,3874.15,220884,2.64297e-07,4384.72,262283,3.44131e-07,4962.49,307576,7.5349e-08,5616.29,355497,-3.63097e-07,6356.1,404126,-6.05442e-07,7193.18,450932,-2.72333e-07,8140.28,492963,2.29675e-07,9211.79,527178,4.3387e-07,10424,550893,-1.0711e-07,10.102,8.06553,2.81012,10.6436,8.57909,0.869423,11.5336,10.2515,0.270869,12.7211,12.7138,0.0844293,14.1823,15.9373,0.0263173,15.9122,20.0383,0.0082035,17.9198,25.2154,0.00255722,20.2244,31.7373,0.000797017,22.8539,39.9486,0.000248622,25.8438,50.2851,7.75492e-05,29.237,63.2963,2.42508e-05,33.0837,79.6738,7.67162e-06,37.4415,100.288,2.32837e-06,42.3767,126.236,7.33e-07,47.9646,158.896,2.79256e-07,54.2906,200.003,9.87351e-09,61.452,251.741,1.61085e-07,69.5585,316.859,-2.47141e-07,78.7347,398.812,8.93552e-08,89.1218,501.948,-2.53231e-07,100.879,631.736,-1.25047e-07,114.188,795.049,-1.78808e-07,129.252,1000.53,2.6733e-07,146.304,1259.03,4.50292e-07,165.605,1584.19,6.76904e-07,187.452,1993.12,-1.23808e-07,212.181,2507.27,-4.89068e-07,240.173,3153.54,-5.40284e-07,271.856,3965.56,1.86061e-07,307.719,4985.38,4.37004e-07,348.313,6265.4,3.59828e-07,394.26,7870.83,3.98192e-07,446.268,9882.51,-1.92908e-07,505.135,12400.3,-2.20392e-07,571.766,15546.9,1.51705e-07,647.184,19472.2,5.74996e-07,732.547,24357.4,5.39112e-07,829.167,30420,5.07815e-09,938.526,37916.3,-4.11492e-07,1062.3,47143.9,-3.9561e-07,1202.4,58439.2,3.86185e-08,1360.96,72169.3,5.94093e-07,1540.42,88715.8,7.47693e-07,1743.53,108445,1.78537e-07,1973.41,131665,-4.12549e-07,2233.57,158557,-5.37164e-07,2528,189103,-1.17615e-07,2861.2,222986,5.66769e-07,3238.27,259510,9.45053e-07,3664.97,297540,4.25093e-07,4147.81,335497,-3.58506e-07,4694.17,371444,-6.7724e-07,5312.37,403256,1.67192e-07,1.61744,3.89446,9.84394,3.28846,7.5504,12.774,5.07607,11.7187,13.6844,7.03202,16.8147,13.9681,9.20215,23.1769,14.0566,11.6301,31.1672,14.0841,14.3598,41.2186,14.0927,17.4376,53.8688,14.0954,20.9137,69.7915,14.0962,24.8432,89.8341,14.0965,29.2879,115.063,14.0966,34.3168,146.819,14.0966,40.0078,186.792,14.0966,46.4487,237.107,14.0966,53.7388,300.44,14.0966,61.9903,380.158,14.0966,71.3301,480.499,14.0966,81.902,606.796,14.0966,93.8685,765.761,14.0966,107.414,965.837,14.0966,122.746,1217.65,14.0966,140.101,1534.57,14.0966,159.745,1933.41,14.0966,181.981,2435.3,14.0966,207.15,3066.85,14.0966,235.64,3861.46,14.0966,267.889,4861.11,14.0966,304.391,6118.54,14.0966,345.709,7699.91,14.0966,392.478,9688.22,14.0966,445.417,12187.5,14.0966,505.339,15327.7,14.0966,573.165,19271.6,14.0966,649.938,24222,14.0966,736.839,30430.9,14.0966,835.202,38211.5,14.0966,946.539,47950.3,14.0966,1072.56,60122.8,14.0966,1215.21,75309.9,14.0966,1376.66,94216.2,14.0966,1559.41,117688,14.0966,1766.26,146729,14.0966,2000.39,182510,14.0966,2265.39,226372,14.0966,2565.33,279806,14.0966,2904.81,344416,14.0966,3289.05,421845,14.0966,3723.93,513667,14.0966,4216.13,621231,14.0966,4773.18,745478,14.0966,5403.64,886744,14.0966,6117.15,1.04457e+06,14.0966,6924.63,1.2176e+06,14.0966,11.7194,11.96,12.6541,13.9321,16.1295,13.6434,16.6097,21.9702,13.9553,19.7532,29.5285,14.0526,23.3844,39.1143,14.0829,27.5423,51.2054,14.0923,32.2796,66.434,14.0953,37.662,85.6061,14.0962,43.7675,109.74,14.0965,50.687,140.119,14.0966,58.5249,178.359,14.0966,67.4005,226.493,14.0966,77.4493,287.08,14.0966,88.8254,363.343,14.0966,101.703,459.336,14.0966,116.281,580.161,14.0966,132.782,732.241,14.0966,151.46,923.655,14.0966,172.603,1164.57,14.0966,196.535,1467.79,14.0966,223.625,1849.39,14.0966,254.288,2329.62,14.0966,288.997,2933.93,14.0966,328.285,3694.33,14.0966,372.755,4651.04,14.0966,423.092,5854.57,14.0966,480.07,7368.38,14.0966,544.564,9272.08,14.0966,617.566,11665.5,14.0966,700.197,14673.6,14.0966,793.729,18452.9,14.0966,899.599,23198.6,14.0966,1019.43,29154.1,14.0966,1155.07,36622.3,14.0966,1308.6,45977.9,14.0966,1482.39,57683.7,14.0966,1679.09,72307.8,14.0966,1901.73,90542.8,14.0966,2153.73,113226,14.0966,2438.97,141360,14.0966,2761.81,176127,14.0966,3127.22,218898,14.0966,3540.81,271226,14.0966,4008.92,334817,14.0966,4538.74,411470,14.0966,5138.38,502973,14.0966,5817.04,610948,14.0966,6585.12,736653,14.0966,7454.39,880741,14.0966,8438.15,1.04302e+06,14.0966,9551.45,1.22224e+06,14.0966,10811.3,1.41602e+06,14.0966,12237,1.62086e+06,14.0966,11.7194,11.96,12.6541,2.21263,4.16949,0.989383,2.67766,5.84076,0.311842,3.14343,7.55825,0.0972771,3.63127,9.58578,0.0303237,4.15787,12.0912,0.00945211,4.73731,15.2286,0.00294633,5.38238,19.1721,0.000918508,6.10553,24.134,0.000286163,6.91951,30.3791,8.92692e-05,7.83792,38.2397,2.78121e-05,8.87555,48.1338,8.65134e-06,10.0489,60.5876,2.7882e-06,11.3761,76.2629,8.29036e-07,12.8779,95.9927,2.4373e-07,14.5775,120.825,4.33068e-09,16.5012,152.08,1.75749e-07,18.6784,191.415,-1.86328e-07,21.1428,240.917,1.91829e-07,23.9322,303.213,-1.81475e-07,27.0895,381.602,7.0186e-08,30.6634,480.231,-2.86769e-08,34.7087,604.316,2.40784e-07,39.2876,760.401,9.87368e-08,44.4705,956.705,1.22263e-07,50.3371,1203.54,-4.31966e-07,56.9776,1513.81,-1.9705e-07,64.494,1903.69,-2.763e-08,73.0018,2393.4,3.9185e-07,82.6317,3008.13,1.35379e-07,93.5318,3779.25,-4.16351e-08,105.869,4745.7,2.06965e-08,119.834,5955.6,-3.18887e-07,135.641,7468.12,-1.48271e-08,153.531,9355.62,2.00739e-07,173.781,11705.8,2.28358e-07,196.701,14624.1,-1.93587e-08,222.642,18235,-2.88101e-07,252.003,22683.4,-2.24732e-07,285.234,28134,8.56806e-09,322.845,34767,2.34258e-07,365.413,42770.9,2.99668e-07,413.588,52327.9,8.28644e-08,468.111,63591.2,-3.07049e-07,529.814,76653.2,-3.1888e-07,599.642,91502.5,-6.72276e-08,678.662,107975,2.26339e-07,768.083,125705,3.69212e-07,869.267,144088,2.04077e-07,983.76,162277,-2.80509e-07,1113.3,179223,-4.22737e-07,1259.87,193777,-1.71951e-07,1425.68,204839,4.55555e-07,11.7194,11.96,12.6541,2.21263,4.16949,0.989383,2.67766,5.84076,0.311842,3.14343,7.55825,0.0972771,3.63127,9.58578,0.0303237,4.15787,12.0912,0.00945211,4.73731,15.2286,0.00294633,5.38238,19.1721,0.000918508,6.10553,24.134,0.000286163,6.91951,30.3791,8.92692e-05,7.83792,38.2397,2.78121e-05,8.87555,48.1338,8.65134e-06,10.0489,60.5876,2.7882e-06,11.3761,76.2629,8.29036e-07,12.8779,95.9927,2.4373e-07,14.5775,120.825,1e-08,16.5012,152.08,1.75749e-07,18.6784,191.415,1e-08,21.1428,240.917,1.91829e-07,23.9322,303.213,1e-08,27.0895,381.602,7.0186e-08,30.6634,480.231,1e-08,34.7087,604.316,2.40784e-07,39.2876,760.401,9.87368e-08,44.4705,956.705,1.22263e-07,50.3371,1203.54,1e-08,56.9776,1513.81,1e-08,64.494,1903.69,1e-08,73.0018,2393.4,3.9185e-07,82.6317,3008.13,1.35379e-07,93.5318,3779.25,1e-08,105.869,4745.7,2.06965e-08,119.834,5955.6,1e-08,135.641,7468.12,1e-08,153.531,9355.62,2.00739e-07,173.781,11705.8,2.28358e-07,196.701,14624.1,1e-08,222.642,18235,1e-08,252.003,22683.4,1e-08,285.234,28134,1e-08,322.845,34767,2.34258e-07,365.413,42770.9,2.99668e-07,413.588,52327.9,8.28644e-08,468.111,63591.2,1e-08,529.814,76653.2,1e-08,599.642,91502.5,1e-08,678.662,107975,2.26339e-07,768.083,125705,3.69212e-07,869.267,144088,2.04077e-07,983.76,162277,1e-08,1113.3,179223,1e-08,1259.87,193777,1e-08,1425.68,204839,4.55555e-07,6.2823,3.27286,2.43537,0.219672,6.18826,2.24117,0.56371,6.87772,2.63624,0.308279,17,14,1,3,5,1,4,6,0,1,7,0,0,9,0,1,9,0,2,19,0,6,27,0,13,35,0,5,57,0,4,30,0,12,37,0,19,30,0,5,65,0,15,36,0,15,81,0,26,87,0,10,128,0,26,247,0,28,373,0,33,205,0,41,567,0,17,936,0,47,1141,0,41,1363,0,37,1445,0,79,1380,0,16,1608,0,48,827,0,129,899,0,90,6168,0,107,6674,0,154,5227,0,134,8076,0,243,13681,0,174,11711,0,147,20198,0,271,24934,0,363,40173,0,269,14990,0,485,24283,0,280,20047,0,432,44914,0,419,47975,0,805,33015,0,513,118171,0,528,83884,0,450,100088,0,613,287244,0,853,242960,0,367,271186,0,1926,236164,0,1254,174720,0
-1.05176e+08,8.09535e-47,8.88811e-15,10,1023,0,1.05176e+08,0.528882,1.08665,0.389689,0.145397,0.379329,3.24381,0.161596,0.446195,1.77396,0.159177,1.15e+07,4.49998e+06,6.79999e+06,1.15e+07,4.49997e+06,6.79999e+06,1.15e+07,4.49996e+06,6.79999e+06,1.15e+07,4.49995e+06,6.79999e+06,1.14999e+07,4.49993e+06,6.79999e+06,1.14999e+07,4.49991e+06,6.79999e+06,1.14999e+07,4.49989e+06,6.79999e+06,1.14999e+07,4.49986e+06,6.79999e+06,1.14999e+07,4.49982e+06,6.79999e+06,1.14999e+07,4.49977e+06,6.79999e+06,1.14999e+07,4.49971e+06,6.79999e+06,1.14999e+07,4.49963e+06,6.79999e+06,1.14998e+07,4.49953e+06,6.79999e+06,1.14998e+07,4.49941e+06,6.79999e+06,1.14998e+07,4.49926e+06,6.79999e+06,1.14998e+07,4.49906e+06,6.79999e+06,1.14997e+07,4.49882e+06,6.79999e+06,1.14997e+07,4.49851e+06,6.79999e+06,1.14997e+07,4.49812e+06,6.79999e+06,1.14996e+07,4.49764e+06,6.79999e+06,1.14996e+07,4.49702e+06,6.79999e+06,1.14995e+07,4.49625e+06,6.79999e+06,1.14995e+07,4.49528e+06,6.79999e+06,1.14994e+07,4.49406e+06,6.79999e+06,1.14993e+07,4.49253e+06,6.79999e+06,1.14992e+07,4.49059e+06,6.79999e+06,1.14991e+07,4.48817e+06,6.79999e+06,1.1499e+07,4.48511e+06,6.79999e+06,1.14988e+07,4.48128e+06,6.79999e+06,1.14987e+07,4.47646e+06,6.79999e+06,1.14985e+07,4.47041e+06,6.79999e+06,1.14983e+07,4.46281e+06,6.79999e+06,1.14981e+07,4.4533e+06,6.79999e+06,1.14979e+07,4.44138e+06,6.79999e+06,1.14976e+07,4.42649e+06,6.79999e+06,1.14972e+07,4.40789e+06,6.79999e+06,1.14969e+07,4.38471e+06,6.79999e+06,1.14965e+07,4.35592e+06,6.79999e+06,1.1496e+07,4.32027e+06,6.79999e+06,1.14955e+07,4.27629e+06,6.79999e+06,1.14949e+07,4.22231e+06,6.79999e+06,1.14942e+07,4.15647e+06,6.79999e+06,1.14934e+07,4.07676e+06,6.79999e+06,1.14926e+07,3.98112e+06,6.79999e+06,1.14916e+07,3.86765e+06,6.79999e+06,1.14905e+07,3.73474e+06,6.79999e+06,1.14892e+07,3.58148e+06,6.79999e+06,1.14878e+07,3.40785e+06,6.79999e+06,1.14862e+07,3.21513e+06,6.79999e+06,1.14844e+07,3.00605e+06,6.79999e+06,1.14823e+07,2.7848e+06,6.79999e+06,1.148e+07,2.5568e+06,6.79999e+06,1.14773e+07,2.32825e+06,6.79999e+06,13.5742,8.52444,0.508366,16.8306,13.2585,0.162638,20.0035,17.569,0.0507846,23.2616,22.4214,0.0158319,26.7328,28.3297,0.00493498,30.5212,35.6974,0.00153831,34.7178,44.9473,0.000479527,39.4086,56.5822,0.000149456,44.6796,71.2245,4.66214e-05,50.6209,89.6543,1.45419e-05,57.3297,112.852,4.54748e-06,64.9129,142.051,1.43857e-06,73.4897,178.803,4.36618e-07,83.1934,225.062,1.40153e-07,94.1745,283.286,4.96378e-08,106.602,356.568,1.05434e-07,120.669,448.799,-6.49244e-08,136.59,564.873,1.70148e-07,154.611,710.948,-5.34594e-08,175.008,894.767,1.63407e-07,198.097,1126.06,8.04804e-08,224.231,1417.07,1.14667e-07,253.813,1783.15,-1.71227e-07,287.297,2243.62,-2.88466e-07,325.198,2822.67,-4.33651e-07,368.098,3550.67,7.9318e-08,416.657,4465.65,3.13319e-07,471.621,5615.16,3.4613e-07,533.835,7058.61,-1.19199e-07,604.255,8870.02,-2.79964e-07,683.962,11141.4,-2.30521e-07,774.182,13986.7,-2.55099e-07,876.299,17546.4,1.23585e-07,991.883,21993.1,1.41192e-07,1122.71,27536.7,-9.71886e-08,1270.78,34430.7,-3.68368e-07,1438.38,42977.7,-3.45379e-07,1628.07,53532.7,-3.25328e-09,1842.77,66504.6,2.6362e-07,2085.77,82350.2,2.53445e-07,2360.79,101560,-2.47407e-08,2672.05,124632,-3.80602e-07,3024.31,152018,-4.79005e-07,3422.98,184060,-1.14379e-07,3874.15,220884,2.64297e-07,4384.72,262283,3.44131e-07,4962.49,307576,7.5349e-08,5616.29,355497,-3.63097e-07,6356.1,404126,-6.05442e-07,7193.18,450932,-2.72333e-07,8140.28,492963,2.29675e-07,9211.79,527178,4.3387e-07,10424,550893,-1.0711e-07,10.102,8.06553,2.81012,10.6436,8.57909,0.869423,11.5336,10.2515,0.270869,12.7211,12.7138,0.0844293,14.1823,15.9373,0.0263173,15.9122,20.0383,0.0082035,17.9198,25.2154,0.00255722,20.2244,31.7373,0.000797017,22.8539,39.9486,0.000248622,25.8438,50.2851,7.75492e-05,29.237,63.2963,2.42508e-05,33.0837,79.6738,7.67162e-06,37.4415,100.288,2.32837e-06,42.3767,126.236,7.33e-07,47.9646,158.896,2.79256e-07,54.2906,200.003,9.87351e-09,61.452,251.741,1.61085e-07,69.5585,316.859,-2.47141e-07,78.7347,398.812,8.93552e-08,89.1218,501.948,-2.53231e-07,100.879,631.736,-1.25047e-07,114.188,795.049,-1.78808e-07,129.252,1000.53,2.6733e-07,146.304,1259.03,4.50292e-07,165.605,1584.19,6.76904e-07,187.452,1993.12,-1.23808e-07,212.181,2507.27,-4.89068e-07,240.173,3153.54,-5.40284e-07,271.856,3965.56,1.86061e-07,307.719,4985.38,4.37004e-07,348.313,6265.4,3.59828e-07,394.26,7870.83,3.98192e-07,446.268,9882.51,-1.92908e-07,505.135,12400.3,-2.20392e-07,571.766,15546.9,1.51705e-07,647.184,19472.2,5.74996e-07,732.547,24357.4,5.39112e-07,829.167,30420,5.07815e-09,938.526,37916.3,-4.11492e-07,1062.3,47143.9,-3.9561e-07,1202.4,58439.2,3.86185e-08,1360.96,72169.3,5.94093e-07,1540.42,88715.8,7.47693e-07,1743.53,108445,1.78537e-07,1973.41,131665,-4.12549e-07,2233.57,158557,-5.37164e-07,2528,189103,-1.17615e-07,2861.2,222986,5.66769e-07,3238.27,259510,9.45053e-07,3664.97,297540,4.25093e-07,4147.81,335497,-3.58506e-07,4694.17,371444,-6.7724e-07,5312.37,403256,1.67192e-07,1.61744,3.89446,9.84394,3.28846,7.5504,12.774,5.07607,11.7187,13.6844,7.03202,16.8147,13.9681,9.20215,23.1769,14.0566,11.6301,31.1672,14.0841,14.3598,41.2186,14.0927,17.4376,53.8688,14.0954,20.9137,69.7915,14.0962,24.8432,89.8341,14.0965,29.2879,115.063,14.0966,34.3168,146.819,14.0966,40.0078,186.792,14.0966,46.4487,237.107,14.0966,53.7388,300.44,14.0966,61.9903,380.158,14.0966,71.3301,480.499,14.0966,81.902,606.796,14.0966,93.8685,765.761,14.0966,107.414,965.837,14.0966,122.746,1217.65,14.0966,140.101,1534.57,14.0966,159.745,1933.41,14.0966,181.981,2435.3,14.0966,207.15,3066.85,14.0966,235.64,3861.46,14.0966,267.889,4861.11,14.0966,304.391,6118.54,14.0966,345.709,7699.91,14.0966,392.478,9688.22,14.0966,445.417,12187.5,14.0966,505.339,15327.7,14.0966,573.165,19271.6,14.0966,649.938,24222,14.0966,736.839,30430.9,14.0966,835.202,38211.5,14.0966,946.539,47950.3,14.0966,1072.56,60122.8,14.0966,1215.21,75309.9,14.0966,1376.66,94216.2,14.0966,1559.41,117688,14.0966,1766.26,146729,14.0966,2000.39,182510,14.0966,2265.39,226372,14.0966,2565.33,279806,14.0966,2904.81,344416,14.0966,3289.05,421845,14.0966,3723.93,513667,14.0966,4216.13,621231,14.0966,4773.18,745478,14.0966,5403.64,886744,14.0966,6117.15,1.04457e+06,14.0966,6924.63,1.2176e+06,14.0966,11.7194,11.96,12.6541,13.9321,16.1295,13.6434,16.6097,21.9702,13.9553,19.7532,29.5285,14.0526,23.3844,39.1143,14.0829,27.5423,51.2054,14.0923,32.2796,66.434,14.0953,37.662,85.6061,14.0962,43.7675,109.74,14.0965,50.687,140.119,14.0966,58.5249,178.359,14.0966,67.4005,226.493,14.0966,77.4493,287.08,14.0966,88.8254,363.343,14.0966,101.703,459.336,14.0966,116.281,580.161,14.0966,132.782,732.241,14.0966,151.46,923.655,14.0966,172.603,1164.57,14.0966,196.535,1467.79,14.0966,223.625,1849.39,14.0966,254.288,2329.62,14.0966,288.997,2933.93,14.0966,328.285,3694.33,14.0966,372.755,4651.04,14.0966,423.092,5854.57,14.0966,480.07,7368.38,14.0966,544.564,9272.08,14.0966,617.566,11665.5,14.0966,700.197,14673.6,14.0966,793.729,18452.9,14.0966,899.599,23198.6,14.0966,1019.43,29154.1,14.0966,1155.07,36622.3,14.0966,1308.6,45977.9,14.0966,1482.39,57683.7,14.0966,1679.09,72307.8,14.0966,1901.73,90542.8,14.0966,2153.73,113226,14.0966,2438.97,141360,14.0966,2761.81,176127,14.0966,3127.22,218898,14.0966,3540.81,271226,14.0966,4008.92,334817,14.0966,4538.74,411470,14.0966,5138.38,502973,14.0966,5817.04,610948,14.0966,6585.12,736653,14.0966,7454.39,880741,14.0966,8438.15,1.04302e+06,14.0966,9551.45,1.22224e+06,14.0966,10811.3,1.41602e+06,14.0966,12237,1.62086e+06,14.0966,11.7194,11.96,12.6541,2.21263,4.16949,0.989383,2.67766,5.84076,0.311842,3.14343,7.55825,0.0972771,3.63127,9.58578,0.0303237,4.15787,12.0912,0.00945211,4.73731,15.2286,0.00294633,5.38238,19.1721,0.000918508,6.10553,24.134,0.000286163,6.91951,30.3791,8.92692e-05,7.83792,38.2397,2.78121e-05,8.87555,48.1338,8.65134e-06,10.0489,60.5876,2.7882e-06,11.3761,76.2629,8.29036e-07,12.8779,95.9927,2.4373e-07,14.5775,120.825,4.33068e-09,16.5012,152.08,1.75749e-07,18.6784,191.415,-1.86328e-07,21.1428,240.917,1.91829e-07,23.9322,303.213,-1.81475e-07,27.0895,381.602,7.0186e-08,30.6634,480.231,-2.86769e-08,34.7087,604.316,2.40784e-07,39.2876,760.401,9.87368e-08,44.4705,956.705,1.22263e-07,50.3371,1203.54,-4.31966e-07,56.9776,1513.81,-1.9705e-07,64.494,1903.69,-2.763e-08,73.0018,2393.4,3.9185e-07,82.6317,3008.13,1.35379e-07,93.5318,3779.25,-4.16351e-08,105.869,4745.7,2.06965e-08,119.834,5955.6,-3.18887e-07,135.641,7468.12,-1.48271e-08,153.531,9355.62,2.00739e-07,173.781,11705.8,2.28358e-07,196.701,14624.1,-1.93587e-08,222.642,18235,-2.88101e-07,252.003,22683.4,-2.24732e-07,285.234,28134,8.56806e-09,322.845,34767,2.34258e-07,365.413,42770.9,2.99668e-07,413.588,52327.9,8.28644e-08,468.111,63591.2,-3.07049e-07,529.814,76653.2,-3.1888e-07,599.642,91502.5,-6.72276e-08,678.662,107975,2.26339e-07,768.083,125705,3.69212e-07,869.267,144088,2.04077e-07,983.76,162277,-2.80509e-07,1113.3,179223,-4.22737e-07,1259.87,193777,-1.71951e-07,1425.68,204839,4.55555e-07,11.7194,11.96,12.6541,2.21263,4.16949,0.989383,2.67766,5.84076,0.311842,3.14343,7.55825,0.0972771,3.63127,9.58578,0.0303237,4.15787,12.0912,0.00945211,4.73731,15.2286,0.00294633,5.38238,19.1721,0.000918508,6.10553,24.134,0.000286163,6.91951,30.3791,8.92692e-05,7.83792,38.2397,2.78121e-05,8.87555,48.1338,8.65134e-06,10.0489,60.5876,2.7882e-06,11.3761,76.2629,8.29036e-07,12.8779,95.9927,2.4373e-07,14.5775,120.825,1e-08,16.5012,152.08,1.75749e-07,18.6784,191.415,1e-08,21.1428,240.917,1.91829e-07,23.9322,303.213,1e-08,27.0895,381.602,7.0186e-08,30.6634,480.231,1e-08,34.7087,604.316,2.40784e-07,39.2876,760.401,9.87368e-08,44.4705,956.705,1.22263e-07,50.3371,1203.54,1e-08,56.9776,1513.81,1e-08,64.494,1903.69,1e-08,73.0018,2393.4,3.9185e-07,82.6317,3008.13,1.35379e-07,93.5318,3779.25,1e-08,105.869,4745.7,2.06965e-08,119.834,5955.6,1e-08,135.641,7468.12,1e-08,153.531,9355.62,2.00739e-07,173.781,11705.8,2.28358e-07,196.701,14624.1,1e-08,222.642,18235,1e-08,252.003,22683.4,1e-08,285.234,28134,1e-08,322.845,34767,2.34258e-07,365.413,42770.9,2.99668e-07,413.588,52327.9,8.28644e-08,468.111,63591.2,1e-08,529.814,76653.2,1e-08,599.642,91502.5,1e-08,678.662,107975,2.26339e-07,768.083,125705,3.69212e-07,869.267,144088,2.04077e-07,983.76,162277,1e-08,1113.3,179223,1e-08,1259.87,193777,1e-08,1425.68,204839,4.55555e-07,6.2823,3.27286,2.43537,0.219672,6.18826,2.24117,0.56371,6.87772,2.63624,0.308279,9,10,16,2,5,5,3,1,0,3,11,1,1,6,0,5,15,0,4,12,0,2,25,0,4,14,0,12,22,0,11,30,0,12,15,0,11,62,0,12,79,0,5,147,0,24,105,0,21,218,0,29,218,0,15,414,0,37,251,0,17,209,0,37,1012,0,23,346,0,15,677,0,67,698,0,48,904,0,69,2226,0,43,1378,0,67,1600,0,64,2968,0,99,2857,0,126,7088,0,89,7915,0,100,7308,0,221,11520,0,118,15758,0,238,7619,0,278,15784,0,356,7864,0,186,24249,0,146,40732,0,482,47909,0,590,55922,0,331,87258,0,559,24422,0,269,33888,0,651,196250,0,467,143811,0,1116,159348,0,766,337535,0,923,190696,0,1337,181168,0,2744,203193,0
-1.05176e+08,1,8.88811e-15,10,1023,0,1.05176e+08,0.528882,1.08665,0.389689,0.145397,0.379329,3.24381,0.161596,0.446195,1.77396,0.159177,1.15e+07,4.49998e+06,6.79999e+06,1.15e+07,4.49997e+06,6.79999e+06,1.15e+07,4.49996e+06,6.79999e+06,1.15e+07,4.49995e+06,6.79999e+06,1.14999e+07,4.49993e+06,6.79999e+06,1.14999e+07,4.49991e+06,6.79999e+06,1.14999e+07,4.49989e+06,6.79999e+06,1.14999e+07,4.49986e+06,6.79999e+06,1.14999e+07,4.49982e+06,6.79999e+06,1.14999e+07,4.49977e+06,6.79999e+06,1.14999e+07,4.49971e+06,6.79999e+06,1.14999e+07,4.49963e+06,6.79999e+06,1.14998e+07,4.49953e+06,6.79999e+06,1.14998e+07,4.49941e+06,6.79999e+06,1.14998e+07,4.49926e+06,6.79999e+06,1.14998e+07,4.49906e+06,6.79999e+06,1.14997e+07,4.49882e+06,6.79999e+06,1.14997e+07,4.49851e+06,6.79999e+06,1.14997e+07,4.49812e+06,6.79999e+06,1.14996e+07,4.49764e+06,6.79999e+06,1.14996e+07,4.49702e+06,6.79999e+06,1.14995e+07,4.49625e+06,6.79999e+06,1.14995e+07,4.49528e+06,6.79999e+06,1.14994e+07,4.49406e+06,6.79999e+06,1.14993e+07,4.49253e+06,6.79999e+06,1.14992e+07,4.49059e+06,6.79999e+06,1.14991e+07,4.48817e+06,6.79999e+06,1.1499e+07,4.48511e+06,6.79999e+06,1.14988e+07,4.48128e+06,6.79999e+06,1.14987e+07,4.47646e+06,6.79999e+06,1.14985e+07,4.47041e+06,6.79999e+06,1.14983e+07,4.46281e+06,6.79999e+06,1.14981e+07,4.4533e+06,6.79999e+06,1.14979e+07,4.44138e+06,6.79999e+06,1.14976e+07,4.42649e+06,6.79999e+06,1.14972e+07,4.40789e+06,6.79999e+06,1.14969e+07,4.38471e+06,6.79999e+06,1.14965e+07,4.35592e+06,6.79999e+06,1.1496e+07,4.32027e+06,6.79999e+06,1.14955e+07,4.27629e+06,6.79999e+06,1.14949e+07,4.22231e+06,6.79999e+06,1.14942e+07,4.15647e+06,6.79999e+06,1.14934e+07,4.07676e+06,6.79999e+06,1.14926e+07,3.98112e+06,6.79999e+06,1.14916e+07,3.86765e+06,6.79999e+06,1.14905e+07,3.73474e+06,6.79999e+06,1.14892e+07,3.58148e+06,6.79999e+06,1.14878e+07,3.40785e+06,6.79999e+06,1.14862e+07,3.21513e+06,6.79999e+06,1.14844e+07,3.00605e+06,6.79999e+06,1.14823e+07,2.7848e+06,6.79999e+06,1.148e+07,2.5568e+06,6.79999e+06,1.14773e+07,2.32825e+06,6.79999e+06,13.5742,8.52444,0.508366,16.8306,13.2585,0.162638,20.0035,17.569,0.0507846,23.2616,22.4214,0.0158319,26.7328,28.3297,0.00493498,30.5212,35.6974,0.00153831,34.7178,44.9473,0.000479527,39.4086,56.5822,0.000149456,44.6796,71.2245,4.66214e-05,50.6209,89.6543,1.45419e-05,57.3297,112.852,4.54748e-06,64.9129,142.051,1.43857e-06,73.4897,178.803,4.36618e-07,83.1934,225.062,1.40153e-07,94.1745,283.286,4.96378e-08,106.602,356.568,1.05434e-07,120.669,448.799,-6.49244e-08,136.59,564.873,1.70148e-07,154.611,710.948,-5.34594e-08,175.008,894.767,1.63407e-07,198.097,1126.06,8.04804e-08,224.231,1417.07,1.14667e-07,253.813,1783.15,-1.71227e-07,287.297,2243.62,-2.88466e-07,325.198,2822.67,-4.33651e-07,368.098,3550.67,7.9318e-08,416.657,4465.65,3.13319e-07,471.621,5615.16,3.4613e-07,533.835,7058.61,-1.19199e-07,604.255,8870.02,-2.79964e-07,683.962,11141.4,-2.30521e-07,774.182,13986.7,-2.55099e-07,876.299,17546.4,1.23585e-07,991.883,21993.1,1.41192e-07,1122.71,27536.7,-9.71886e-08,1270.78,34430.7,-3.68368e-07,1438.38,42977.7,-3.45379e-07,1628.07,53532.7,-3.25328e-09,1842.77,66504.6,2.6362e-07,2085.77,82350.2,2.53445e-07,2360.79,101560,-2.47407e-08,2672.05,124632,-3.80602e-07,3024.31,152018,-4.79005e-07,3422.98,184060,-1.14379e-07,3874.15,220884,2.64297e-07,4384.72,262283,3.44131e-07,4962.49,307576,7.5349e-08,5616.29,355497,-3.63097e-07,6356.1,404126,-6.05442e-07,7193.18,450932,-2.72333e-07,8140.28,492963,2.29675e-07,9211.79,527178,4.3387e-07,10424,550893,-1.0711e-07,10.102,8.06553,2.81012,10.6436,8.57909,0.869423,11.5336,10.2515,0.270869,12.7211,12.7138,0.0844293,14.1823,15.9373,0.0263173,15.9122,20.0383,0.0082035,17.9198,25.2154,0.00255722,20.2244,31.7373,0.000797017,22.8539,39.9486,0.000248622,25.8438,50.2851,7.75492e-05,29.237,63.2963,2.42508e-05,33.0837,79.6738,7.67162e-06,37.4415,100.288,2.32837e-06,42.3767,126.236,7.33e-07,47.9646,158.896,2.79256e-07,54.2906,200.003,9.87351e-09,61.452,251.741,1.61085e-07,69.5585,316.859,-2.47141e-07,78.7347,398.812,8.93552e-08,89.1218,501.948,-2.53231e-07,100.879,631.736,-1.25047e-07,114.188,795.049,-1.78808e-07,129.252,1000.53,2.6733e-07,146.304,1259.03,4.50292e-07,165.605,1584.19,6.76904e-07,187.452,1993.12,-1.23808e-07,212.181,2507.27,-4.89068e-07,240.173,3153.54,-5.40284e-07,271.856,3965.56,1.86061e-07,307.719,4985.38,4.37004e-07,348.313,6265.4,3.59828e-07,394.26,7870.83,3.98192e-07,446.268,9882.51,-1.92908e-07,505.135,12400.3,-2.20392e-07,571.766,15546.9,1.51705e-07,647.184,19472.2,5.74996e-07,732.547,24357.4,5.39112e-07,829.167,30420,5.07815e-09,938.526,37916.3,-4.11492e-07,1062.3,47143.9,-3.9561e-07,1202.4,58439.2,3.86185e-08,1360.96,72169.3,5.94093e-07,1540.42,88715.8,7.47693e-07,1743.53,108445,1.78537e-07,1973.41,131665,-4.12549e-07,2233.57,158557,-5.37164e-07,2528,189103,-1.17615e-07,2861.2,222986,5.66769e-07,3238.27,259510,9.45053e-07,3664.97,297540,4.25093e-07,4147.81,335497,-3.58506e-07,4694.17,371444,-6.7724e-07,5312.37,403256,1.67192e-07,1.61744,3.89446,9.84394,3.28846,7.5504,12.774,5.07607,11.7187,13.6844,7.03202,16.8147,13.9681,9.20215,23.1769,14.0566,11.6301,31.1672,14.0841,14.3598,41.2186,14.0927,17.4376,53.8688,14.0954,20.9137,69.7915,14.0962,24.8432,89.8341,14.0965,29.2879,115.063,14.0966,34.3168,146.819,14.0966,40.0078,186.792,14.0966,46.4487,237.107,14.0966,53.7388,300.44,14.0966,61.9903,380.158,14.0966,71.3301,480.499,14.0966,81.902,606.796,14.0966,93.8685,765.761,14.0966,107.414,965.837,14.0966,122.746,1217.65,14.0966,140.101,1534.57,14.0966,159.745,1933.41,14.0966,181.981,2435.3,14.0966,207.15,3066.85,14.0966,235.64,3861.46,14.0966,267.889,4861.11,14.0966,304.391,6118.54,14.0966,345.709,7699.91,14.0966,392.478,9688.22,14.0966,445.417,12187.5,14.0966,505.339,15327.7,14.0966,573.165,19271.6,14.0966,649.938,24222,14.0966,736.839,30430.9,14.0966,835.202,38211.5,14.0966,946.539,47950.3,14.0966,1072.56,60122.8,14.0966,1215.21,75309.9,14.0966,1376.66,94216.2,14.0966,1559.41,117688,14.0966,1766.26,146729,14.0966,2000.39,182510,14.0966,2265.39,226372,14.0966,2565.33,279806,14.0966,2904.81,344416,14.0966,3289.05,421845,14.0966,3723.93,513667,14.0966,4216.13,621231,14.0966,4773.18,745478,14.0966,5403.64,886744,14.0966,6117.15,1.04457e+06,14.0966,6924.63,1.2176e+06,14.0966,11.7194,11.96,12.6541,13.9321,16.1295,13.6434,16.6097,21.9702,13.9553,19.7532,29.5285,14.0526,23.3844,39.1143,14.0829,27.5423,51.2054,14.0923,32.2796,66.434,14.0953,37.662,85.6061,14.0962,43.7675,109.74,14.0965,50.687,140.119,14.0966,58.5249,178.359,14.0966,67.4005,226.493,14.0966,77.4493,287.08,14.0966,88.8254,363.343,14.0966,101.703,459.336,14.0966,116.281,580.161,14.0966,132.782,732.241,14.0966,151.46,923.655,14.0966,172.603,1164.57,14.0966,196.535,1467.79,14.0966,223.625,1849.39,14.0966,254.288,2329.62,14.0966,288.997,2933.93,14.0966,328.285,3694.33,14.0966,372.755,4651.04,14.0966,423.092,5854.57,14.0966,480.07,7368.38,14.0966,544.564,9272.08,14.0966,617.566,11665.5,14.0966,700.197,14673.6,14.0966,793.729,18452.9,14.0966,899.599,23198.6,14.0966,1019.43,29154.1,14.0966,1155.07,36622.3,14.0966,1308.6,45977.9,14.0966,1482.39,57683.7,14.0966,1679.09,72307.8,14.0966,1901.73,90542.8,14.0966,2153.73,113226,14.0966,2438.97,141360,14.0966,2761.81,176127,14.0966,3127.22,218898,14.0966,3540.81,271226,14.0966,4008.92,334817,14.0966,4538.74,411470,14.0966,5138.38,502973,14.0966,5817.04,610948,14.0966,6585.12,736653,14.0966,7454.39,880741,14.0966,8438.15,1.04302e+06,14.0966,9551.45,1.22224e+06,14.0966,10811.3,1.41602e+06,14.0966,12237,1.62086e+06,14.0966,11.7194,11.96,12.6541,2.21263,4.16949,0.989383,2.67766,5.84076,0.311842,3.14343,7.55825,0.0972771,3.63127,9.58578,0.0303237,4.15787,12.0912,0.00945211,4.73731,15.2286,0.00294633,5.38238,19.1721,0.000918508,6.10553,24.134,0.000286163,6.91951,30.3791,8.92692e-05,7.83792,38.2397,2.78121e-05,8.87555,48.1338,8.65134e-06,10.0489,60.5876,2.7882e-06,11.3761,76.2629,8.29036e-07,12.8779,95.9927,2.4373e-07,14.5775,120.825,4.33068e-09,16.5012,152.08,1.75749e-07,18.6784,191.415,-1.86328e-07,21.1428,240.917,1.91829e-07,23.9322,303.213,-1.81475e-07,27.0895,381.602,7.0186e-08,30.6634,480.231,-2.86769e-08,34.7087,604.316,2.40784e-07,39.2876,760.401,9.87368e-08,44.4705,956.705,1.22263e-07,50.3371,1203.54,-4.31966e-07,56.9776,1513.81,-1.9705e-07,64.494,1903.69,-2.763e-08,73.0018,2393.4,3.9185e-07,82.6317,3008.13,1.35379e-07,93.5318,3779.25,-4.16351e-08,105.869,4745.7,2.06965e-08,119.834,5955.6,-3.18887e-07,135.641,7468.12,-1.48271e-08,153.531,9355.62,2.00739e-07,173.781,11705.8,2.28358e-07,196.701,14624.1,-1.93587e-08,222.642,18235,-2.88101e-07,252.003,22683.4,-2.24732e-07,285.234,28134,8.56806e-09,322.845,34767,2.34258e-07,365.413,42770.9,2.99668e-07,413.588,52327.9,8.28644e-08,468.111,63591.2,-3.07049e-07,529.814,76653.2,-3.1888e-07,599.642,91502.5,-6.72276e-08,678.662,107975,2.26339e-07,768.083,125705,3.69212e-07,869.267,144088,2.04077e-07,983.76,162277,-2.80509e-07,1113.3,179223,-4.22737e-07,1259.87,193777,-1.71951e-07,1425.68,204839,4.55555e-07,11.7194,11.96,12.6541,2.21263,4.16949,0.989383,2.67766,5.84076,0.311842,3.14343,7.55825,0.0972771,3.63127,9.58578,0.0303237,4.15787,12.0912,0.00945211,4.73731,15.2286,0.00294633,5.38238,19.1721,0.000918508,6.10553,24.134,0.000286163,6.91951,30.3791,8.92692e-05,7.83792,38.2397,2.78121e-05,8.87555,48.1338,8.65134e-06,10.0489,60.5876,2.7882e-06,11.3761,76.2629,8.29036e-07,12.8779,95.9927,2.4373e-07,14.5775,120.825,1e-08,16.5012,152.08,1.75749e-07,18.6784,191.415,1e-08,21.1428,240.917,1.91829e-07,23.9322,303.213,1e-08,27.0895,381.602,7.0186e-08,30.6634,480.231,1e-08,34.7087,604.316,2.40784e-07,39.2876,760.401,9.87368e-08,44.4705,956.705,1.22263e-07,50.3371,1203.54,1e-08,56.9776,1513.81,1e-08,64.494,1903.69,1e-08,73.0018,2393.4,3.9185e-07,82.6317,3008.13,1.35379e-07,93.5318,3779.25,1e-08,105.869,4745.7,2.06965e-08,119.834,5955.6,1e-08,135.641,7468.12,1e-08,153.531,9355.62,2.00739e-07,173.781,11705.8,2.28358e-07,196.701,14624.1,1e-08,222.642,18235,1e-08,252.003,22683.4,1e-08,285.234,28134,1e-08,322.845,34767,2.34258e-07,365.413,42770.9,2.99668e-07,413.588,52327.9,8.28644e-08,468.111,63591.2,1e-08,529.814,76653.2,1e-08,599.642,91502.5,1e-08,678.662,107975,2.26339e-07,768.083,125705,3.69212e-07,869.267,144088,2.04077e-07,983.76,162277,1e-08,1113.3,179223,1e-08,1259.87,193777,1e-08,1425.68,204839,4.55555e-07,6.2823,3.27286,2.43537,0.219672,6.18826,2.24117,0.56371,6.87772,2.63624,0.308279,20,18,21,1,1,2,4,2,0,5,6,0,1,4,0,3,8,0,5,8,0,3,22,0,13,12,0,7,38,0,5,24,0,9,27,0,9,64,0,5,51,0,15,90,0,10,129,0,20,128,0,27,206,0,25,250,0,29,267,0,16,245,0,16,625,0,26,753,0,31,553,0,30,974,0,39,609,0,62,1279,0,29,2107,0,151,912,0,98,3239,0,119,2143,0,151,2219,0,164,6581,0,73,2553,0,94,5729,0,105,16686,0,184,23036,0,145,17055,0,391,24002,0,297,27895,0,196,37367,0,114,92489,0,473,56307,0,253,29824,0,624,52133,0,947,87871,0,909,143899,0,1078,162600,0,754,81680,0,525,153086,0,563,230471,0,2055,93264,0,1585,208408,0
-1.05176e+08,1,8.88811e-15,10,1023,0,1.05176e+08,0.528882,1.08665,0.389689,0.145397,0.379329,3.24381,0.161596,0.446195,1.77396,0.159177,1.15e+07,4.49998e+06,6.79999e+06,1.15e+07,4.49997e+06,6.79999e+06,1.15e+07,4.49996e+06,6.79999e+06,1.15e+07,4.49995e+06,6.79999e+06,1.14999e+07,4.49993e+06,6.79999e+06,1.14999e+07,4.49991e+06,6.79999e+06,1.14999e+07,4.49989e+06,6.79999e+06,1.14999e+07,4.49986e+06,6.79999e+06,1.14999e+07,4.49982e+06,6.79999e+06,1.14999e+07,4.49977e+06,6.79999e+06,1.14999e+07,4.49971e+06,6.79999e+06,1.14999e+07,4.49963e+06,6.79999e+06,1.14998e+07,4.49953e+06,6.79999e+06,1.14998e+07,4.49941e+06,6.79999e+06,1.14998e+07,4.49926e+06,6.79999e+06,1.14998e+07,4.49906e+06,6.79999e+06,1.14997e+07,4.49882e+06,6.79999e+06,1.14997e+07,4.49851e+06,6.79999e+06,1.14997e+07,4.49812e+06,6.79999e+06,1.14996e+07,4.49764e+06,6.79999e+06,1.14996e+07,4.49702e+06,6.79999e+06,1.14995e+07,4.49625e+06,6.79999e+06,1.14995e+07,4.49528e+06,6.79999e+06,1.14994e+07,4.49406e+06,6.79999e+06,1.14993e+07,4.49253e+06,6.79999e+06,1.14992e+07,4.49059e+06,6.79999e+06,1.14991e+07,4.48817e+06,6.79999e+06,1.1499e+07,4.48511e+06,6.79999e+06,1.14988e+07,4.48128e+06,6.79999e+06,1.14987e+07,4.47646e+06,6.79999e+06,1.14985e+07,4.47041e+06,6.79999e+06,1.14983e+07,4.46281e+06,6.79999e+06,1.14981e+07,4.4533e+06,6.79999e+06,1.14979e+07,4.44138e+06,6.79999e+06,1.14976e+07,4.42649e+06,6.79999e+06,1.14972e+07,4.40789e+06,6.79999e+06,1.14969e+07,4.38471e+06,6.79999e+06,1.14965e+07,4.35592e+06,6.79999e+06,1.1496e+07,4.32027e+06,6.79999e+06,1.14955e+07,4.27629e+06,6.79999e+06,1.14949e+07,4.22231e+06,6.79999e+06,1.14942e+07,4.15647e+06,6.79999e+06,1.14934e+07,4.07676e+06,6.79999e+06,1.14926e+07,3.98112e+06,6.79999e+06,1.14916e+07,3.86765e+06,6.79999e+06,1.14905e+07,3.73474e+06,6.79999e+06,1.14892e+07,3.58148e+06,6.79999e+06,1.14878e+07,3.40785e+06,6.79999e+06,1.14862e+07,3.21513e+06,6.79999e+06,1.14844e+07,3.00605e+06,6.79999e+06,1.14823e+07,2.7848e+06,6.79999e+06,1.148e+07,2.5568e+06,6.79999e+06,1.14773e+07,2.32825e+06,6.79999e+06,13.5742,8.52444,0.508366,16.8306,13.2585,0.162638,20.0035,17.569,0.0507846,23.2616,22.4214,0.0158319,26.7328,28.3297,0.00493498,30.5212,35.6974,0.00153831,34.7178,44.9473,0.000479527,39.4086,56.5822,0.000149456,44.6796,71.2245,4.66214e-05,50.6209,89.6543,1.45419e-05,57.3297,112.852,4.54748e-06,64.9129,142.051,1.43857e-06,73.4897,178.803,4.36618e-07,83.1934,225.062,1.40153e-07,94.1745,283.286,4.96378e-08,106.602,356.568,1.05434e-07,120.669,448.799,-6.49244e-08,136.59,564.873,1.70148e-07,154.611,710.948,-5.34594e-08,175.008,894.767,1.63407e-07,198.097,1126.06,8.04804e-08,224.231,1417.07,1.14667e-07,253.813,1783.15,-1.71227e-07,287.297,2243.62,-2.88466e-07,325.198,2822.67,-4.33651e-07,368.098,3550.67,7.9318e-08,416.657,4465.65,3.13319e-07,471.621,5615.16,3.4613e-07,533.835,7058.61,-1.19199e-07,604.255,8870.02,-2.79964e-07,683.962,11141.4,-2.30521e-07,774.182,13986.7,-2.55099e-07,876.299,17546.4,1.23585e-07,991.883,21993.1,1.41192e-07,1122.71,27536.7,-9.71886e-08,1270.78,34430.7,-3.68368e-07,1438.38,42977.7,-3.45379e-07,1628.07,53532.7,-3.25328e-09,1842.77,66504.6,2.6362e-07,2085.77,82350.2,2.53445e-07,2360.79,101560,-2.47407e-08,2672.05,124632,-3.80602e-07,3024.31,152018,-4.79005e-07,3422.98,184060,-1.14379e-07,3874.15,220884,2.64297e-07,4384.72,262283,3.44131e-07,4962.49,307576,7.5349e-08,5616.29,355497,-3.63097e-07,6356.1,404126,-6.05442e-07,7193.18,450932,-2.72333e-07,8140.28,492963,2.29675e-07,9211.79,527178,4.3387e-07,10424,550893,-1.0711e-07,10.102,8.06553,2.81012,10.6436,8.57909,0.869423,11.5336,10.2515,0.270869,12.7211,12.7138,0.0844293,14.1823,15.9373,0.0263173,15.9122,20.0383,0.0082035,17.9198,25.2154,0.00255722,20.2244,31.7373,0.000797017,22.8539,39.9486,0.000248622,25.8438,50.2851,7.75492e-05,29.237,63.2963,2.42508e-05,33.0837,79.6738,7.67162e-06,37.4415,100.288,2.32837e-06,42.3767,126.236,7.33e-07,47.9646,158.896,2.79256e-07,54.2906,200.003,9.87351e-09,61.452,251.741,1.61085e-07,69.5585,316.859,-2.47141e-07,78.7347,398.812,8.93552e-08,89.1218,501.948,-2.53231e-07,100.879,631.736,-1.25047e-07,114.188,795.049,-1.78808e-07,129.252,1000.53,2.6733e-07,146.304,1259.03,4.50292e-07,165.605,1584.19,6.76904e-07,187.452,1993.12,-1.23808e-07,212.181,2507.27,-4.89068e-07,240.173,3153.54,-5.40284e-07,271.856,3965.56,1.86061e-07,307.719,4985.38,4.37004e-07,348.313,6265.4,3.59828e-07,394.26,7870.83,3.98192e-07,446.268,9882.51,-1.92908e-07,505.135,12400.3,-2.20392e-07,571.766,15546.9,1.51705e-07,647.184,19472.2,5.74996e-07,732.547,24357.4,5.39112e-07,829.167,30420,5.07815e-09,938.526,37916.3,-4.11492e-07,1062.3,47143.9,-3.9561e-07,1202.4,58439.2,3.86185e-08,1360.96,72169.3,5.94093e-07,1540.42,88715.8,7.47693e-07,1743.53,108445,1.78537e-07,1973.41,131665,-4.12549e-07,2233.57,158557,-5.37164e-07,2528,189103,-1.17615e-07,2861.2,222986,5.66769e-07,3238.27,259510,9.45053e-07,3664.97,297540,4.25093e-07,4147.81,335497,-3.58506e-07,4694.17,371444,-6.7724e-07,5312.37,403256,1.67192e-07,1.61744,3.89446,9.84394,3.28846,7.5504,12.774,5.07607,11.7187,13.6844,7.03202,16.8147,13.9681,9.20215,23.1769,14.0566,11.6301,31.1672,14.0841,14.3598,41.2186,14.0927,17.4376,53.8688,14.0954,20.9137,69.7915,14.0962,24.8432,89.8341,14.0965,29.2879,115.063,14.0966,34.3168,146.819,14.0966,40.0078,186.792,14.0966,46.4487,237.107,14.0966,53.7388,300.44,14.0966,61.9903,380.158,14.0966,71.3301,480.499,14.0966,81.902,606.796,14.0966,93.8685,765.761,14.0966,107.414,965.837,14.0966,122.746,1217.65,14.0966,140.101,1534.57,14.0966,159.745,1933.41,14.0966,181.981,2435.3,14.0966,207.15,3066.85,14.0966,235.64,3861.46,14.0966,267.889,4861.11,14.0966,304.391,6118.54,14.0966,345.709,7699.91,14.0966,392.478,9688.22,14.0966,445.417,12187.5,14.0966,505.339,15327.7,14.0966,573.165,19271.6,14.0966,649.938,24222,14.0966,736.839,30430.9,14.0966,835.202,38211.5,14.0966,946.539,47950.3,14.0966,1072.56,60122.8,14.0966,1215.21,75309.9,14.0966,1376.66,94216.2,14.0966,1559.41,117688,14.0966,1766.26,146729,14.0966,2000.39,182510,14.0966,2265.39,226372,14.0966,2565.33,279806,14.0966,2904.81,344416,14.0966,3289.05,421845,14.0966,3723.93,513667,14.0966,4216.13,621231,14.0966,4773.18,745478,14.0966,5403.64,886744,14.0966,6117.15,1.04457e+06,14.0966,6924.63,1.2176e+06,14.0966,11.7194,11.96,12.6541,13.9321,16.1295,13.6434,16.6097,21.9702,13.9553,19.7532,29.5285,14.0526,23.3844,39.1143,14.0829,27.5423,51.2054,14.0923,32.2796,66.434,14.0953,37.662,85.6061,14.0962,43.7675,109.74,14.0965,50.687,140.119,14.0966,58.5249,178.359,14.0966,67.4005,226.493,14.0966,77.4493,287.08,14.0966,88.8254,363.343,14.0966,101.703,459.336,14.0966,116.281,580.161,14.0966,132.782,732.241,14.0966,151.46,923.655,14.0966,172.603,1164.57,14.0966,196.535,1467.79,14.0966,223.625,1849.39,14.0966,254.288,2329.62,14.0966,288.997,2933.93,14.0966,328.285,3694.33,14.0966,372.755,4651.04,14.0966,423.092,5854.57,14.0966,480.07,7368.38,14.0966,544.564,9272.08,14.0966,617.566,11665.5,14.0966,700.197,14673.6,14.0966,793.729,18452.9,14.0966,899.599,23198.6,14.0966,1019.43,29154.1,14.0966,1155.07,36622.3,14.0966,1308.6,45977.9,14.0966,1482.39,57683.7,14.0966,1679.09,72307.8,14.0966,1901.73,90542.8,14.0966,2153.73,113226,14.0966,2438.97,141360,14.0966,2761.81,176127,14.0966,3127.22,218898,14.0966,3540.81,271226,14.0966,4008.92,334817,14.0966,4538.74,411470,14.0966,5138.38,502973,14.0966,5817.04,610948,14.0966,6585.12,736653,14.0966,7454.39,880741,14.0966,8438.15,1.04302e+06,14.0966,9551.45,1.22224e+06,14.0966,10811.3,1.41602e+06,14.0966,12237,1.62086e+06,14.0966,11.7194,11.96,12.6541,2.21263,4.16949,0.989383,2.67766,5.84076,0.311842,3.14343,7.55825,0.0972771,3.63127,9.58578,0.0303237,4.15787,12.0912,0.00945211,4.73731,15.2286,0.00294633,5.38238,19.1721,0.000918508,6.10553,24.134,0.000286163,6.91951,30.3791,8.92692e-05,7.83792,38.2397,2.78121e-05,8.87555,48.1338,8.65134e-06,10.0489,60.5876,2.7882e-06,11.3761,76.2629,8.29036e-07,12.8779,95.9927,2.4373e-07,14.5775,120.825,4.33068e-09,16.5012,152.08,1.75749e-07,18.6784,191.415,-1.86328e-07,21.1428,240.917,1.91829e-07,23.9322,303.213,-1.81475e-07,27.0895,381.602,7.0186e-08,30.6634,480.231,-2.86769e-08,34.7087,604.316,2.40784e-07,39.2876,760.401,9.87368e-08,44.4705,956.705,1.22263e-07,50.3371,1203.54,-4.31966e-07,56.9776,1513.81,-1.9705e-07,64.494,1903.69,-2.763e-08,73.0018,2393.4,3.9185e-07,82.6317,3008.13,1.35379e-07,93.5318,3779.25,-4.16351e-08,105.869,4745.7,2.06965e-08,119.834,5955.6,-3.18887e-07,135.641,7468.12,-1.48271e-08,153.531,9355.62,2.00739e-07,173.781,11705.8,2.28358e-07,196.701,14624.1,-1.93587e-08,222.642,18235,-2.88101e-07,252.003,22683.4,-2.24732e-07,285.234,28134,8.56806e-09,322.845,34767,2.34258e-07,365.413,42770.9,2.99668e-07,413.588,52327.9,8.28644e-08,468.111,63591.2,-3.07049e-07,529.814,76653.2,-3.1888e-07,599.642,91502.5,-6.72276e-08,678.662,107975,2.26339e-07,768.083,125705,3.69212e-07,869.267,144088,2.04077e-07,983.76,162277,-2.80509e-07,1113.3,179223,-4.22737e-07,1259.87,193777,-1.71951e-07,1425.68,204839,4.55555e-07,11.7194,11.96,12.6541,2.21263,4.16949,0.989383,2.67766,5.84076,0.311842,3.14343,7.55825,0.0972771,3.63127,9.58578,0.0303237,4.15787,12.0912,0.00945211,4.73731,15.2286,0.00294633,5.38238,19.1721,0.000918508,6.10553,24.134,0.000286163,6.91951,30.3791,8.92692e-05,7.83792,38.2397,2.78121e-05,8.87555,48.1338,8.65134e-06,10.0489,60.5876,2.7882e-06,11.3761,76.2629,8.29036e-07,12.8779,95.9927,2.4373e-07,14.5775,120.825,1e-08,16.5012,152.08,1.75749e-07,18.6784,191.415,1e-08,21.1428,240.917,1.91829e-07,23.9322,303.213,1e-08,27.0895,381.602,7.0186e-08,30.6634,480.231,1e-08,34.7087,604.316,2.40784e-07,39.2876,760.401,9.87368e-08,44.4705,956.705,1.22263e-07,50.3371,1203.54,1e-08,56.9776,1513.81,1e-08,64.494,1903.69,1e-08,73.0018,2393.4,3.9185e-07,82.6317,3008.13,1.35379e-07,93.5318,3779.25,1e-08,105.869,4745.7,2.06965e-08,119.834,5955.6,1e-08,135.641,7468.12,1e-08,153.531,9355.62,2.00739e-07,173.781,11705.8,2.28358e-07,196.701,14624.1,1e-08,222.642,18235,1e-08,252.003,22683.4,1e-08,285.234,28134,1e-08,322.845,34767,2.34258e-07,365.413,42770.9,2.99668e-07,413.588,52327.9,8.28644e-08,468.111,63591.2,1e-08,529.814,76653.2,1e-08,599.642,91502.5,1e-08,678.662,107975,2.26339e-07,768.083,125705,3.69212e-07,869.267,144088,2.04077e-07,983.76,162277,1e-08,1113.3,179223,1e-08,1259.87,193777,1e-08,1425.68,204839,4.55555e-07,6.2823,3.27286,2.43537,0.219672,6.18826,2.24117,0.56371,6.87772,2.63624,0.308279,4,4,9,3,5,1,1,5,0,1,7,0,0,15,0,5,16,0,11,10,0,2,15,0,2,30,0,5,31,0,5,40,0,6,31,0,16,62,0,21,52,0,14,96,0,7,134,0,18,191,0,10,209,0,20,389,0,14,174,0,58,359,0,28,410,0,47,870,0,22,606,0,20,1519,0,68,645,0,56,1595,0,103,1659,0,47,3239,0,71,3272,0,173,5292,0,193,7168,0,36,2751,0,62,9402,0,100,1352,0,151,11812,0,233,17078,0,225,27469,0,250,12685,0,342,13806,0,170,25146,0,589,48754,0,363,38131,0,561,44631,0,553,57553,0,460,124757,0,692,161600,0,1035,45442,0,1040,138297,0,968,63180,0,459,271286,0,801,208140,0,1299,214364,0
-1.05176e+08,1,8.88811e-15,10,1023,0,1.05176e+08,0.528882,1.08665,0.389689,0.145397,0.379329,3.24381,0.161596,0.446195,1.77396,0.159177,1.15e+07,4.49998e+06,6.79999e+06,1.15e+07,4.49997e+06,6.79999e+06,1.15e+07,4.49996e+06,6.79999e+06,1.15e+07,4.49995e+06,6.79999e+06,1.14999e+07,4.49993e+06,6.79999e+06,1.14999e+07,4.49991e+06,6.79999e+06,1.14999e+07,4.49989e+06,6.79999e+06,1.14999e+07,4.49986e+06,6.79999e+06,1.14999e+07,4.49982e+06,6.79999e+06,1.14999e+07,4.49977e+06,6.79999e+06,1.14999e+07,4.49971e+06,6.79999e+06,1.14999e+07,4.49963e+06,6.79999e+06,1.14998e+07,4.49953e+06,6.79999e+06,1.14998e+07,4.49941e+06,6.79999e+06,1.14998e+07,4.49926e+06,6.79999e+06,1.14998e+07,4.49906e+06,6.79999e+06,1.14997e+07,4.49882e+06,6.79999e+06,1.14997e+07,4.49851e+06,6.79999e+06,1.14997e+07,4.49812e+06,6.79999e+06,1.14996e+07,4.49764e+06,6.79999e+06,1.14996e+07,4.49702e+06,6.79999e+06,1.14995e+07,4.49625e+06,6.79999e+06,1.14995e+07,4.49528e+06,6.79999e+06,1.14994e+07,4.49406e+06,6.79999e+06,1.14993e+07,4.49253e+06,6.79999e+06,1.14992e+07,4.49059e+06,6.79999e+06,1.14991e+07,4.48817e+06,6.79999e+06,1.1499e+07,4.48511e+06,6.79999e+06,1.14988e+07,4.48128e+06,6.79999e+06,1.14987e+07,4.47646e+06,6.79999e+06,1.14985e+07,4.47041e+06,6.79999e+06,1.14983e+07,4.46281e+06,6.79999e+06,1.14981e+07,4.4533e+06,6.79999e+06,1.14979e+07,4.44138e+06,6.79999e+06,1.14976e+07,4.42649e+06,6.79999e+06,1.14972e+07,4.40789e+06,6.79999e+06,1.14969e+07,4.38471e+06,6.79999e+06,1.14965e+07,4.35592e+06,6.79999e+06,1.1496e+07,4.32027e+06,6.79999e+06,1.14955e+07,4.27629e+06,6.79999e+06,1.14949e+07,4.22231e+06,6.79999e+06,1.14942e+07,4.15647e+06,6.79999e+06,1.14934e+07,4.07676e+06,6.79999e+06,1.14926e+07,3.98112e+06,6.79999e+06,1.14916e+07,3.86765e+06,6.79999e+06,1.14905e+07,3.73474e+06,6.79999e+06,1.14892e+07,3.58148e+06,6.79999e+06,1.14878e+07,3.40785e+06,6.79999e+06,1.14862e+07,3.21513e+06,6.79999e+06,1.14844e+07,3.00605e+06,6.79999e+06,1.14823e+07,2.7848e+06,6.79999e+06,1.148e+07,2.5568e+06,6.79999e+06,1.14773e+07,2.32825e+06,6.79999e+06,13.5742,8.52444,0.508366,16.8306,13.2585,0.162638,20.0035,17.569,0.0507846,23.2616,22.4214,0.0158319,26.7328,28.3297,0.00493498,30.5212,35.6974,0.00153831,34.7178,44.9473,0.000479527,39.4086,56.5822,0.000149456,44.6796,71.2245,4.66214e-05,50.6209,89.6543,1.45419e-05,57.3297,112.852,4.54748e-06,64.9129,142.051,1.43857e-06,73.4897,178.803,4.36618e-07,83.1934,225.062,1.40153e-07,94.1745,283.286,4.96378e-08,106.602,356.568,1.05434e-07,120.669,448.799,-6.49244e-08,136.59,564.873,1.70148e-07,154.611,710.948,-5.34594e-08,175.008,894.767,1.63407e-07,198.097,1126.06,8.04804e-08,224.231,1417.07,1.14667e-07,253.813,1783.15,-1.71227e-07,287.297,2243.62,-2.88466e-07,325.198,2822.67,-4.33651e-07,368.098,3550.67,7.9318e-08,416.657,4465.65,3.13319e-07,471.621,5615.16,3.4613e-07,533.835,7058.61,-1.19199e-07,604.255,8870.02,-2.79964e-07,683.962,11141.4,-2.30521e-07,774.182,13986.7,-2.55099e-07,876.299,17546.4,1.23585e-07,991.883,21993.1,1.41192e-07,1122.71,27536.7,-9.71886e-08,1270.78,34430.7,-3.68368e-07,1438.38,42977.7,-3.45379e-07,1628.07,53532.7,-3.25328e-09,1842.77,66504.6,2.6362e-07,2085.77,82350.2,2.53445e-07,2360.79,101560,-2.47407e-08,2672.05,124632,-3.80602e-07,3024.31,152018,-4.79005e-07,3422.98,184060,-1.14379e-07,3874.15,220884,2.64297e-07,4384.72,262283,3.44131e-07,4962.49,307576,7.5349e-08,5616.29,355497,-3.63097e-07,6356.1,404126,-6.05442e-07,7193.18,450932,-2.72333e-07,8140.28,492963,2.29675e-07,9211.79,527178,4.3387e-07,10424,550893,-1.0711e-07,10.102,8.06553,2.81012,10.6436,8.57909,0.869423,11.5336,10.2515,0.270869,12.7211,12.7138,0.0844293,14.1823,15.9373,0.0263173,15.9122,20.0383,0.0082035,17.9198,25.2154,0.00255722,20.2244,31.7373,0.000797017,22.8539,39.9486,0.000248622,25.8438,50.2851,7.75492e-05,29.237,63.2963,2.42508e-05,33.0837,79.6738,7.67162e-06,37.4415,100.288,2.32837e-06,42.3767,126.236,7.33e-07,47.9646,158.896,2.79256e-07,54.2906,200.003,9.87351e-09,61.452,251.741,1.61085e-07,69.5585,316.859,-2.47141e-07,78.7347,398.812,8.93552e-08,89.1218,501.948,-2.53231e-07,100.879,631.736,-1.25047e-07,114.188,795.049,-1.78808e-07,129.252,1000.53,2.6733e-07,146.304,1259.03,4.50292e-07,165.605,1584.19,6.76904e-07,187.452,1993.12,-1.23808e-07,212.181,2507.27,-4.89068e-07,240.173,3153.54,-5.40284e-07,271.856,3965.56,1.86061e-07,307.719,4985.38,4.37004e-07,348.313,6265.4,3.59828e-07,394.26,7870.83,3.98192e-07,446.268,9882.51,-1.92908e-07,505.135,12400.3,-2.20392e-07,571.766,15546.9,1.51705e-07,647.184,19472.2,5.74996e-07,732.547,24357.4,5.39112e-07,829.167,30420,5.07815e-09,938.526,37916.3,-4.11492e-07,1062.3,47143.9,-3.9561e-07,1202.4,58439.2,3.86185e-08,1360.96,72169.3,5.94093e-07,1540.42,88715.8,7.47693e-07,1743.53,108445,1.78537e-07,1973.41,131665,-4.12549e-07,2233.57,158557,-5.37164e-07,2528,189103,-1.17615e-07,2861.2,222986,5.66769e-07,3238.27,259510,9.45053e-07,3664.97,297540,4.25093e-07,4147.81,335497,-3.58506e-07,4694.17,371444,-6.7724e-07,5312.37,403256,1.67192e-07,1.61744,3.89446,9.84394,3.28846,7.5504,12.774,5.07607,11.7187,13.6844,7.03202,16.8147,13.9681,9.20215,23.1769,14.0566,11.6301,31.1672,14.0841,14.3598,41.2186,14.0927,17.4376,53.8688,14.0954,20.9137,69.7915,14.0962,24.8432,89.8341,14.0965,29.2879,115.063,14.0966,34.3168,146.819,14.0966,40.0078,186.792,14.0966,46.4487,237.107,14.0966,53.7388,300.44,14.0966,61.9903,380.158,14.0966,71.3301,480.499,14.0966,81.902,606.796,14.0966,93.8685,765.761,14.0966,107.414,965.837,14.0966,122.746,1217.65,14.0966,140.101,1534.57,14.0966,159.745,1933.41,14.0966,181.981,2435.3,14.0966,207.15,3066.85,14.0966,235.64,3861.46,14.0966,267.889,4861.11,14.0966,304.391,6118.54,14.0966,345.709,7699.91,14.0966,392.478,9688.22,14.0966,445.417,12187.5,14.0966,505.339,15327.7,14.0966,573.165,19271.6,14.0966,649.938,24222,14.0966,736.839,30430.9,14.0966,835.202,38211.5,14.0966,946.539,47950.3,14.0966,1072.56,60122.8,14.0966,1215.21,75309.9,14.0966,1376.66,94216.2,14.0966,1559.41,117688,14.0966,1766.26,146729,14.0966,2000.39,182510,14.0966,2265.39,226372,14.0966,2565.33,279806,14.0966,2904.81,344416,14.0966,3289.05,421845,14.0966,3723.93,513667,14.0966,4216.13,621231,14.0966,4773.18,745478,14.0966,5403.64,886744,14.0966,6117.15,1.04457e+06,14.0966,6924.63,1.2176e+06,14.0966,11.7194,11.96,12.6541,13.9321,16.1295,13.6434,16.6097,21.9702,13.9553,19.7532,29.5285,14.0526,23.3844,39.1143,14.0829,27.5423,51.2054,14.0923,32.2796,66.434,14.0953,37.662,85.6061,14.0962,43.7675,109.74,14.0965,50.687,140.119,14.0966,58.5249,178.359,14.0966,67.4005,226.493,14.0966,77.4493,287.08,14.0966,88.8254,363.343,14.0966,101.703,459.336,14.0966,116.281,580.161,14.0966,132.782,732.241,14.0966,151.46,923.655,14.0966,172.603,1164.57,14.0966,196.535,1467.79,14.0966,223.625,1849.39,14.0966,254.288,2329.62,14.0966,288.997,2933.93,14.0966,328.285,3694.33,14.0966,372.755,4651.04,14.0966,423.092,5854.57,14.0966,480.07,7368.38,14.0966,544.564,9272.08,14.0966,617.566,11665.5,14.0966,700.197,14673.6,14.0966,793.729,18452.9,14.0966,899.599,23198.6,14.0966,1019.43,29154.1,14.0966,1155.07,36622.3,14.0966,1308.6,45977.9,14.0966,1482.39,57683.7,14.0966,1679.09,72307.8,14.0966,1901.73,90542.8,14.0966,2153.73,113226,14.0966,2438.97,141360,14.0966,2761.81,176127,14.0966,3127.22,218898,14.0966,3540.81,271226,14.0966,4008.92,334817,14.0966,4538.74,411470,14.0966,5138.38,502973,14.0966,5817.04,610948,14.0966,6585.12,736653,14.0966,7454.39,880741,14.0966,8438.15,1.04302e+06,14.0966,9551.45,1.22224e+06,14.0966,10811.3,1.41602e+06,14.0966,12237,1.62086e+06,14.0966,11.7194,11.96,12.6541,2.21263,4.16949,0.989383,2.67766,5.84076,0.311842,3.14343,7.55825,0.0972771,3.63127,9.58578,0.0303237,4.15787,12.0912,0.00945211,4.73731,15.2286,0.00294633,5.38238,19.1721,0.000918508,6.10553,24.134,0.000286163,6.91951,30.3791,8.92692e-05,7.83792,38.2397,2.78121e-05,8.87555,48.1338,8.65134e-06,10.0489,60.5876,2.7882e-06,11.3761,76.2629,8.29036e-07,12.8779,95.9927,2.4373e-07,14.5775,120.825,4.33068e-09,16.5012,152.08,1.75749e-07,18.6784,191.415,-1.86328e-07,21.1428,240.917,1.91829e-07,23.9322,303.213,-1.81475e-07,27.0895,381.602,7.0186e-08,30.6634,480.231,-2.86769e-08,34.7087,604.316,2.40784e-07,39.2876,760.401,9.87368e-08,44.4705,956.705,1.22263e-07,50.3371,1203.54,-4.31966e-07,56.9776,1513.81,-1.9705e-07,64.494,1903.69,-2.763e-08,73.0018,2393.4,3.9185e-07,82.6317,3008.13,1.35379e-07,93.5318,3779.25,-4.16351e-08,105.869,4745.7,2.06965e-08,119.834,5955.6,-3.18887e-07,135.641,7468.12,-1.48271e-08,153.531,9355.62,2.00739e-07,173.781,11705.8,2.28358e-07,196.701,14624.1,-1.93587e-08,222.642,18235,-2.88101e-07,252.003,22683.4,-2.24732e-07,285.234,28134,8.56806e-09,322.845,34767,2.34258e-07,365.413,42770.9,2.99668e-07,413.588,52327.9,8.28644e-08,468.111,63591.2,-3.07049e-07,529.814,76653.2,-3.1888e-07,599.642,91502.5,-6.72276e-08,678.662,107975,2.26339e-07,768.083,125705,3.69212e-07,869.267,144088,2.04077e-07,983.76,162277,-2.80509e-07,1113.3,179223,-4.22737e-07,1259.87,193777,-1.71951e-07,1425.68,204839,4.55555e-07,11.7194,11.96,12.6541,2.21263,4.16949,0.989383,2.67766,5.84076,0.311842,3.14343,7.55825,0.0972771,3.63127,9.58578,0.0303237,4.15787,12.0912,0.00945211,4.73731,15.2286,0.00294633,5.38238,19.1721,0.000918508,6.10553,24.134,0.000286163,6.91951,30.3791,8.92692e-05,7.83792,38.2397,2.78121e-05,8.87555,48.1338,8.65134e-06,10.0489,60.5876,2.7882e-06,11.3761,76.2629,8.29036e-07,12.8779,95.9927,2.4373e-07,14.5775,120.825,1e-08,16.5012,152.08,1.75749e-07,18.6784,191.415,1e-08,21.1428,240.917,1.91829e-07,23.9322,303.213,1e-08,27.0895,381.602,7.0186e-08,30.6634,480.231,1e-08,34.7087,604.316,2.40784e-07,39.2876,760.401,9.87368e-08,44.4705,956.705,1.22263e-07,50.3371,1203.54,1e-08,56.9776,1513.81,1e-08,64.494,1903.69,1e-08,73.0018,2393.4,3.9185e-07,82.6317,3008.13,1.35379e-07,93.5318,3779.25,1e-08,105.869,4745.7,2.06965e-08,119.834,5955.6,1e-08,135.641,7468.12,1e-08,153.531,9355.62,2.00739e-07,173.781,11705.8,2.28358e-07,196.701,14624.1,1e-08,222.642,18235,1e-08,252.003,22683.4,1e-08,285.234,28134,1e-08,322.845,34767,2.34258e-07,365.413,42770.9,2.99668e-07,413.588,52327.9,8.28644e-08,468.111,63591.2,1e-08,529.814,76653.2,1e-08,599.642,91502.5,1e-08,678.662,107975,2.26339e-07,768.083,125705,3.69212e-07,869.267,144088,2.04077e-07,983.76,162277,1e-08,1113.3,179223,1e-08,1259.87,193777,1e-08,1425.68,204839,4.55555e-07,6.2823,3.27286,2.43537,0.219672,6.18826,2.24117,0.56371,6.87772,2.63624,0.308279,8,6,12,1,2,0,2,3,0,3,7,0,1,8,0,2,11,0,6,26,0,2,23,0,11,19,0,3,51,0,13,47,0,4,29,0,15,81,0,10,100,0,24,159,0,15,68,0,22,70,0,20,180,0,11,169,0,33,157,0,60,295,0,21,514,0,28,487,0,51,428,0,22,676,0,18,1601,0,36,1760,0,68,722,0,87,1775,0,51,2940,0,81,3849,0,254,3713,0,114,6579,0,150,4509,0,238,14323,0,248,14528,0,158,22412,0,282,14818,0,187,11311,0,233,50849,0,261,27103,0,562,41192,0,475,75839,0,388,29665,0,488,62755,0,709,133052,0,746,90488,0,1253,229352,0,981,196035,0,1489,215099,0,1371,126995,0,1112,113308,0,1544,190628,0
-1.05176e+08,1,8.88811e-15,10,1023,0,1.05176e+08,0.528882,1.08665,0.389689,0.145397,0.379329,3.24381,0.161596,0.446195,1.77396,0.159177,1.15e+07,4.49998e+06,6.79999e+06,1.15e+07,4.49997e+06,6.79999e+06,1.15e+07,4.49996e+06,6.79999e+06,1.15e+07,4.49995e+06,6.79999e+06,1.14999e+07,4.49993e+06,6.79999e+06,1.14999e+07,4.49991e+06,6.79999e+06,1.14999e+07,4.49989e+06,6.79999e+06,1.14999e+07,4.49986e+06,6.79999e+06,1.14999e+07,4.49982e+06,6.79999e+06,1.14999e+07,4.49977e+06,6.79999e+06,1.14999e+07,4.49971e+06,6.79999e+06,1.14999e+07,4.49963e+06,6.79999e+06,1.14998e+07,4.49953e+06,6.79999e+06,1.14998e+07,4.49941e+06,6.79999e+06,1.14998e+07,4.49926e+06,6.79999e+06,1.14998e+07,4.49906e+06,6.79999e+06,1.14997e+07,4.49882e+06,6.79999e+06,1.14997e+07,4.49851e+06,6.79999e+06,1.14997e+07,4.49812e+06,6.79999e+06,1.14996e+07,4.49764e+06,6.79999e+06,1.14996e+07,4.49702e+06,6.79999e+06,1.14995e+07,4.49625e+06,6.79999e+06,1.14995e+07,4.49528e+06,6.79999e+06,1.14994e+07,4.49406e+06,6.79999e+06,1.14993e+07,4.49253e+06,6.79999e+06,1.14992e+07,4.49059e+06,6.79999e+06,1.14991e+07,4.48817e+06,6.79999e+06,1.1499e+07,4.48511e+06,6.79999e+06,1.14988e+07,4.48128e+06,6.79999e+06,1.14987e+07,4.47646e+06,6.79999e+06,1.14985e+07,4.47041e+06,6.79999e+06,1.14983e+07,4.46281e+06,6.79999e+06,1.14981e+07,4.4533e+06,6.79999e+06,1.14979e+07,4.44138e+06,6.79999e+06,1.14976e+07,4.42649e+06,6.79999e+06,1.14972e+07,4.40789e+06,6.79999e+06,1.14969e+07,4.38471e+06,6.79999e+06,1.14965e+07,4.35592e+06,6.79999e+06,1.1496e+07,4.32027e+06,6.79999e+06,1.14955e+07,4.27629e+06,6.79999e+06,1.14949e+07,4.22231e+06,6.79999e+06,1.14942e+07,4.15647e+06,6.79999e+06,1.14934e+07,4.07676e+06,6.79999e+06,1.14926e+07,3.98112e+06,6.79999e+06,1.14916e+07,3.86765e+06,6.79999e+06,1.14905e+07,3.73474e+06,6.79999e+06,1.14892e+07,3.58148e+06,6.79999e+06,1.14878e+07,3.40785e+06,6.79999e+06,1.14862e+07,3.21513e+06,6.79999e+06,1.14844e+07,3.00605e+06,6.79999e+06,1.14823e+07,2.7848e+06,6.79999e+06,1.148e+07,2.5568e+06,6.79999e+06,1.14773e+07,2.32825e+06,6.79999e+06,13.5742,8.52444,0.508366,16.8306,13.2585,0.162638,20.0035,17.569,0.0507846,23.2616,22.4214,0.0158319,26.7328,28.3297,0.00493498,30.5212,35.6974,0.00153831,34.7178,44.9473,0.000479527,39.4086,56.5822,0.000149456,44.6796,71.2245,4.66214e-05,50.6209,89.6543,1.45419e-05,57.3297,112.852,4.54748e-06,64.9129,142.051,1.43857e-06,73.4897,178.803,4.36618e-07,83.1934,225.062,1.40153e-07,94.1745,283.286,4.96378e-08,106.602,356.568,1.05434e-07,120.669,448.799,-6.49244e-08,136.59,564.873,1.70148e-07,154.611,710.948,-5.34594e-08,175.008,894.767,1.63407e-07,198.097,1126.06,8.04804e-08,224.231,1417.07,1.14667e-07,253.813,1783.15,-1.71227e-07,287.297,2243.62,-2.88466e-07,325.198,2822.67,-4.33651e-07,368.098,3550.67,7.9318e-08,416.657,4465.65,3.13319e-07,471.621,5615.16,3.4613e-07,533.835,7058.61,-1.19199e-07,604.255,8870.02,-2.79964e-07,683.962,11141.4,-2.30521e-07,774.182,13986.7,-2.55099e-07,876.299,17546.4,1.23585e-07,991.883,21993.1,1.41192e-07,1122.71,27536.7,-9.71886e-08,1270.78,34430.7,-3.68368e-07,1438.38,42977.7,-3.45379e-07,1628.07,53532.7,-3.25328e-09,1842.77,66504.6,2.6362e-07,2085.77,82350.2,2.53445e-07,2360.79,101560,-2.47407e-08,2672.05,124632,-3.80602e-07,3024.31,152018,-4.79005e-07,3422.98,184060,-1.14379e-07,3874.15,220884,2.64297e-07,4384.72,262283,3.44131e-07,4962.49,307576,7.5349e-08,5616.29,355497,-3.63097e-07,6356.1,404126,-6.05442e-07,7193.18,450932,-2.72333e-07,8140.28,492963,2.29675e-07,9211.79,527178,4.3387e-07,10424,550893,-1.0711e-07,10.102,8.06553,2.81012,10.6436,8.57909,0.869423,11.5336,10.2515,0.270869,12.7211,12.7138,0.0844293,14.1823,15.9373,0.0263173,15.9122,20.0383,0.0082035,17.9198,25.2154,0.00255722,20.2244,31.7373,0.000797017,22.8539,39.9486,0.000248622,25.8438,50.2851,7.75492e-05,29.237,63.2963,2.42508e-05,33.0837,79.6738,7.67162e-06,37.4415,100.288,2.32837e-06,42.3767,126.236,7.33e-07,47.9646,158.896,2.79256e-07,54.2906,200.003,9.87351e-09,61.452,251.741,1.61085e-07,69.5585,316.859,-2.47141e-07,78.7347,398.812,8.93552e-08,89.1218,501.948,-2.53231e-07,100.879,631.736,-1.25047e-07,114.188,795.049,-1.78808e-07,129.252,1000.53,2.6733e-07,146.304,1259.03,4.50292e-07,165.605,1584.19,6.76904e-07,187.452,1993.12,-1.23808e-07,212.181,2507.27,-4.89068e-07,240.173,3153.54,-5.40284e-07,271.856,3965.56,1.86061e-07,307.719,4985.38,4.37004e-07,348.313,6265.4,3.59828e-07,394.26,7870.83,3.98192e-07,446.268,9882.51,-1.92908e-07,505.135,12400.3,-2.20392e-07,571.766,15546.9,1.51705e-07,647.184,19472.2,5.74996e-07,732.547,24357.4,5.39112e-07,829.167,30420,5.07815e-09,938.526,37916.3,-4.11492e-07,1062.3,47143.9,-3.9561e-07,1202.4,58439.2,3.86185e-08,1360.96,72169.3,5.94093e-07,1540.42,88715.8,7.47693e-07,1743.53,108445,1.78537e-07,1973.41,131665,-4.12549e-07,2233.57,158557,-5.37164e-07,2528,189103,-1.17615e-07,2861.2,222986,5.66769e-07,3238.27,259510,9.45053e-07,3664.97,297540,4.25093e-07,4147.81,335497,-3.58506e-07,4694.17,371444,-6.7724e-07,5312.37,403256,1.67192e-07,1.61744,3.89446,9.84394,3.28846,7.5504,12.774,5.07607,11.7187,13.6844,7.03202,16.8147,13.9681,9.20215,23.1769,14.0566,11.6301,31.1672,14.0841,14.3598,41.2186,14.0927,17.4376,53.8688,14.0954,20.9137,69.7915,14.0962,24.8432,89.8341,14.0965,29.2879,115.063,14.0966,34.3168,146.819,14.0966,40.0078,186.792,14.0966,46.4487,237.107,14.0966,53.7388,300.44,14.0966,61.9903,380.158,14.0966,71.3301,480.499,14.0966,81.902,606.796,14.0966,93.8685,765.761,14.0966,107.414,965.837,14.0966,122.746,1217.65,14.0966,140.101,1534.57,14.0966,159.745,1933.41,14.0966,181.981,2435.3,14.0966,207.15,3066.85,14.0966,235.64,3861.46,14.0966,267.889,4861.11,14.0966,304.391,6118.54,14.0966,345.709,7699.91,14.0966,392.478,9688.22,14.0966,445.417,12187.5,14.0966,505.339,15327.7,14.0966,573.165,19271.6,14.0966,649.938,24222,14.0966,736.839,30430.9,14.0966,835.202,38211.5,14.0966,946.539,47950.3,14.0966,1072.56,60122.8,14.0966,1215.21,75309.9,14.0966,1376.66,94216.2,14.0966,1559.41,117688,14.0966,1766.26,146729,14.0966,2000.39,182510,14.0966,2265.39,226372,14.0966,2565.33,279806,14.0966,2904.81,344416,14.0966,3289.05,421845,14.0966,3723.93,513667,14.0966,4216.13,621231,14.0966,4773.18,745478,14.0966,5403.64,886744,14.0966,6117.15,1.04457e+06,14.0966,6924.63,1.2176e+06,14.0966,11.7194,11.96,12.6541,13.9321,16.1295,13.6434,16.6097,21.9702,13.9553,19.7532,29.5285,14.0526,23.3844,39.1143,14.0829,27.5423,51.2054,14.0923,32.2796,66.434,14.0953,37.662,85.6061,14.0962,43.7675,109.74,14.0965,50.687,140.119,14.0966,58.5249,178.359,14.0966,67.4005,226.493,14.0966,77.4493,287.08,14.0966,88.8254,363.343,14.0966,101.703,459.336,14.0966,116.281,580.161,14.0966,132.782,732.241,14.0966,151.46,923.655,14.0966,172.603,1164.57,14.0966,196.535,1467.79,14.0966,223.625,1849.39,14.0966,254.288,2329.62,14.0966,288.997,2933.93,14.0966,328.285,3694.33,14.0966,372.755,4651.04,14.0966,423.092,5854.57,14.0966,480.07,7368.38,14.0966,544.564,9272.08,14.0966,617.566,11665.5,14.0966,700.197,14673.6,14.0966,793.729,18452.9,14.0966,899.599,23198.6,14.0966,1019.43,29154.1,14.0966,1155.07,36622.3,14.0966,1308.6,45977.9,14.0966,1482.39,57683.7,14.0966,1679.09,72307.8,14.0966,1901.73,90542.8,14.0966,2153.73,113226,14.0966,2438.97,141360,14.0966,2761.81,176127,14.0966,3127.22,218898,14.0966,3540.81,271226,14.0966,4008.92,334817,14.0966,4538.74,411470,14.0966,5138.38,502973,14.0966,5817.04,610948,14.0966,6585.12,736653,14.0966,7454.39,880741,14.0966,8438.15,1.04302e+06,14.0966,9551.45,1.22224e+06,14.0966,10811.3,1.41602e+06,14.0966,12237,1.62086e+06,14.0966,11.7194,11.96,12.6541,2.21263,4.16949,0.989383,2.67766,5.84076,0.311842,3.14343,7.55825,0.0972771,3.63127,9.58578,0.0303237,4.15787,12.0912,0.00945211,4.73731,15.2286,0.00294633,5.38238,19.1721,0.000918508,6.10553,24.134,0.000286163,6.91951,30.3791,8.92692e-05,7.83792,38.2397,2.78121e-05,8.87555,48.1338,8.65134e-06,10.0489,60.5876,2.7882e-06,11.3761,76.2629,8.29036e-07,12.8779,95.9927,2.4373e-07,14.5775,120.825,4.33068e-09,16.5012,152.08,1.75749e-07,18.6784,191.415,-1.86328e-07,21.1428,240.917,1.91829e-07,23.9322,303.213,-1.81475e-07,27.0895,381.602,7.0186e-08,30.6634,480.231,-2.86769e-08,34.7087,604.316,2.40784e-07,39.2876,760.401,9.87368e-08,44.4705,956.705,1.22263e-07,50.3371,1203.54,-4.31966e-07,56.9776,1513.81,-1.9705e-07,64.494,1903.69,-2.763e-08,73.0018,2393.4,3.9185e-07,82.6317,3008.13,1.35379e-07,93.5318,3779.25,-4.16351e-08,105.869,4745.7,2.06965e-08,119.834,5955.6,-3.18887e-07,135.641,7468.12,-1.48271e-08,153.531,9355.62,2.00739e-07,173.781,11705.8,2.28358e-07,196.701,14624.1,-1.93587e-08,222.642,18235,-2.88101e-07,252.003,22683.4,-2.24732e-07,285.234,28134,8.56806e-09,322.845,34767,2.34258e-07,365.413,42770.9,2.99668e-07,413.588,52327.9,8.28644e-08,468.111,63591.2,-3.07049e-07,529.814,76653.2,-3.1888e-07,599.642,91502.5,-6.72276e-08,678.662,107975,2.26339e-07,768.083,125705,3.69212e-07,869.267,144088,2.04077e-07,983.76,162277,-2.80509e-07,1113.3,179223,-4.22737e-07,1259.87,193777,-1.71951e-07,1425.68,204839,4.55555e-07,11.7194,11.96,12.6541,2.21263,4.16949,0.989383,2.67766,5.84076,0.311842,3.14343,7.55825,0.0972771,3.63127,9.58578,0.0303237,4.15787,12.0912,0.00945211,4.73731,15.2286,0.00294633,5.38238,19.1721,0.000918508,6.10553,24.134,0.000286163,6.91951,30.3791,8.92692e-05,7.83792,38.2397,2.78121e-05,8.87555,48.1338,8.65134e-06,10.0489,60.5876,2.7882e-06,11.3761,76.2629,8.29036e-07,12.8779,95.9927,2.4373e-07,14.5775,120.825,1e-08,16.5012,152.08,1.75749e-07,18.6784,191.415,1e-08,21.1428,240.917,1.91829e-07,23.9322,303.213,1e-08,27.0895,381.602,7.0186e-08,30.6634,480.231,1e-08,34.7087,604.316,2.40784e-07,39.2876,760.401,9.87368e-08,44.4705,956.705,1.22263e-07,50.3371,1203.54,1e-08,56.9776,1513.81,1e-08,64.494,1903.69,1e-08,73.0018,2393.4,3.9185e-07,82.6317,3008.13,1.35379e-07,93.5318,3779.25,1e-08,105.869,4745.7,2.06965e-08,119.834,5955.6,1e-08,135.641,7468.12,1e-08,153.531,9355.62,2.00739e-07,173.781,11705.8,2.28358e-07,196.701,14624.1,1e-08,222.642,18235,1e-08,252.003,22683.4,1e-08,285.234,28134,1e-08,322.845,34767,2.34258e-07,365.413,42770.9,2.99668e-07,413.588,52327.9,8.28644e-08,468.111,63591.2,1e-08,529.814,76653.2,1e-08,599.642,91502.5,1e-08,678.662,107975,2.26339e-07,768.083,125705,3.69212e-07,869.267,144088,2.04077e-07,983.76,162277,1e-08,1113.3,179223,1e-08,1259.87,193777,1e-08,1425.68,204839,4.55555e-07,6.2823,3.27286,2.43537,0.219672,6.18826,2.24117,0.56371,6.87772,2.63624,0.308279,3,15,12,1,7,2,2,5,0,1,9,0,6,2,0,7,5,0,5,23,0,4,29,0,2,59,0,7,71,0,14,82,0,10,41,0,14,66,0,10,63,0,11,9,0,13,126,0,16,66,0,19,277,0,20,156,0,32,179,0,12,196,0,35,523,0,36,275,0,22,612,0,18,963,0,58,917,0,36,2229,0,64,1037,0,119,1838,0,35,2981,0,109,5261,0,139,5477,0,82,3484,0,123,3771,0,123,10041,0,240,8758,0,196,21810,0,239,20885,0,104,20162,0,389,15705,0,420,65618,0,466,33902,0,280,47585,0,463,54103,0,514,120892,0,361,117878,0,736,144512,0,611,91078,0,949,69388,0,761,143570,0,1442,128117,0,827,157004,0,1275,157325,0
-1.05176e+08,1,8.88811e-15,10,1023,0,1.05176e+08,0.528882,1.08665,0.389689,0.145397,0.379329,3.24381,0.161596,0.446195,1.77396,0.159177,1.15e+07,4.49998e+06,6.79999e+06,1.15e+07,4.49997e+06,6.79999e+06,1.15e+07,4.49996e+06,6.79999e+06,1.15e+07,4.49995e+06,6.79999e+06,1.14999e+07,4.49993e+06,6.79999e+06,1.14999e+07,4.49991e+06,6.79999e+06,1.14999e+07,4.49989e+06,6.79999e+06,1.14999e+07,4.49986e+06,6.79999e+06,1.14999e+07,4.49982e+06,6.79999e+06,1.14999e+07,4.49977e+06,6.79999e+06,1.14999e+07,4.49971e+06,6.79999e+06,1.14999e+07,4.49963e+06,6.79999e+06,1.14998e+07,4.49953e+06,6.79999e+06,1.14998e+07,4.49941e+06,6.79999e+06,1.14998e+07,4.49926e+06,6.79999e+06,1.14998e+07,4.49906e+06,6.79999e+06,1.14997e+07,4.49882e+06,6.79999e+06,1.14997e+07,4.49851e+06,6.79999e+06,1.14997e+07,4.49812e+06,6.79999e+06,1.14996e+07,4.49764e+06,6.79999e+06,1.14996e+07,4.49702e+06,6.79999e+06,1.14995e+07,4.49625e+06,6.79999e+06,1.14995e+07,4.49528e+06,6.79999e+06,1.14994e+07,4.49406e+06,6.79999e+06,1.14993e+07,4.49253e+06,6.79999e+06,1.14992e+07,4.49059e+06,6.79999e+06,1.14991e+07,4.48817e+06,6.79999e+06,1.1499e+07,4.48511e+06,6.79999e+06,1.14988e+07,4.48128e+06,6.79999e+06,1.14987e+07,4.47646e+06,6.79999e+06,1.14985e+07,4.47041e+06,6.79999e+06,1.14983e+07,4.46281e+06,6.79999e+06,1.14981e+07,4.4533e+06,6.79999e+06,1.14979e+07,4.44138e+06,6.79999e+06,1.14976e+07,4.42649e+06,6.79999e+06,1.14972e+07,4.40789e+06,6.79999e+06,1.14969e+07,4.38471e+06,6.79999e+06,1.14965e+07,4.35592e+06,6.79999e+06,1.1496e+07,4.32027e+06,6.79999e+06,1.14955e+07,4.27629e+06,6.79999e+06,1.14949e+07,4.22231e+06,6.79999e+06,1.14942e+07,4.15647e+06,6.79999e+06,1.14934e+07,4.07676e+06,6.79999e+06,1.14926e+07,3.98112e+06,6.79999e+06,1.14916e+07,3.86765e+06,6.79999e+06,1.14905e+07,3.73474e+06,6.79999e+06,1.14892e+07,3.58148e+06,6.79999e+06,1.14878e+07,3.40785e+06,6.79999e+06,1.14862e+07,3.21513e+06,6.79999e+06,1.14844e+07,3.00605e+06,6.79999e+06,1.14823e+07,2.7848e+06,6.79999e+06,1.148e+07,2.5568e+06,6.79999e+06,1.14773e+07,2.32825e+06,6.79999e+06,13.5742,8.52444,0.508366,16.8306,13.2585,0.162638,20.0035,17.569,0.0507846,23.2616,22.4214,0.0158319,26.7328,28.3297,0.00493498,30.5212,35.6974,0.00153831,34.7178,44.9473,0.000479527,39.4086,56.5822,0.000149456,44.6796,71.2245,4.66214e-05,50.6209,89.6543,1.45419e-05,57.3297,112.852,4.54748e-06,64.9129,142.051,1.43857e-06,73.4897,178.803,4.36618e-07,83.1934,225.062,1.40153e-07,94.1745,283.286,4.96378e-08,106.602,356.568,1.05434e-07,120.669,448.799,-6.49244e-08,136.59,564.873,1.70148e-07,154.611,710.948,-5.34594e-08,175.008,894.767,1.63407e-07,198.097,1126.06,8.04804e-08,224.231,1417.07,1.14667e-07,253.813,1783.15,-1.71227e-07,287.297,2243.62,-2.88466e-07,325.198,2822.67,-4.33651e-07,368.098,3550.67,7.9318e-08,416.657,4465.65,3.13319e-07,471.621,5615.16,3.4613e-07,533.835,7058.61,-1.19199e-07,604.255,8870.02,-2.79964e-07,683.962,11141.4,-2.30521e-07,774.182,13986.7,-2.55099e-07,876.299,17546.4,1.23585e-07,991.883,21993.1,1.41192e-07,1122.71,27536.7,-9.71886e-08,1270.78,34430.7,-3.68368e-07,1438.38,42977.7,-3.45379e-07,1628.07,53532.7,-3.25328e-09,1842.77,66504.6,2.6362e-07,2085.77,82350.2,2.53445e-07,2360.79,101560,-2.47407e-08,2672.05,124632,-3.80602e-07,3024.31,152018,-4.79005e-07,3422.98,184060,-1.14379e-07,3874.15,220884,2.64297e-07,4384.72,262283,3.44131e-07,4962.49,307576,7.5349e-08,5616.29,355497,-3.63097e-07,6356.1,404126,-6.05442e-07,7193.18,450932,-2.72333e-07,8140.28,492963,2.29675e-07,9211.79,527178,4.3387e-07,10424,550893,-1.0711e-07,10.102,8.06553,2.81012,10.6436,8.57909,0.869423,11.5336,10.2515,0.270869,12.7211,12.7138,0.0844293,14.1823,15.9373,0.0263173,15.9122,20.0383,0.0082035,17.9198,25.2154,0.00255722,20.2244,31.7373,0.000797017,22.8539,39.9486,0.000248622,25.8438,50.2851,7.75492e-05,29.237,63.2963,2.42508e-05,33.0837,79.6738,7.67162e-06,37.4415,100.288,2.32837e-06,42.3767,126.236,7.33e-07,47.9646,158.896,2.79256e-07,54.2906,200.003,9.87351e-09,61.452,251.741,1.61085e-07,69.5585,316.859,-2.47141e-07,78.7347,398.812,8.93552e-08,89.1218,501.948,-2.53231e-07,100.879,631.736,-1.25047e-07,114.188,795.049,-1.78808e-07,129.252,1000.53,2.6733e-07,146.304,1259.03,4.50292e-07,165.605,1584.19,6.76904e-07,187.452,1993.12,-1.23808e-07,212.181,2507.27,-4.89068e-07,240.173,3153.54,-5.40284e-07,271.856,3965.56,1.86061e-07,307.719,4985.38,4.37004e-07,348.313,6265.4,3.59828e-07,394.26,7870.83,3.98192e-07,446.268,9882.51,-1.92908e-07,505.135,12400.3,-2.20392e-07,571.766,15546.9,1.51705e-07,647.184,19472.2,5.74996e-07,732.547,24357.4,5.39112e-07,829.167,30420,5.07815e-09,938.526,37916.3,-4.11492e-07,1062.3,47143.9,-3.9561e-07,1202.4,58439.2,3.86185e-08,1360.96,72169.3,5.94093e-07,1540.42,88715.8,7.47693e-07,1743.53,108445,1.78537e-07,1973.41,131665,-4.12549e-07,2233.57,158557,-5.37164e-07,2528,189103,-1.17615e-07,2861.2,222986,5.66769e-07,3238.27,259510,9.45053e-07,3664.97,297540,4.25093e-07,4147.81,335497,-3.58506e-07,4694.17,371444,-6.7724e-07,5312.37,403256,1.67192e-07,1.61744,3.89446,9.84394,3.28846,7.5504,12.774,5.07607,11.7187,13.6844,7.03202,16.8147,13.9681,9.20215,23.1769,14.0566,11.6301,31.1672,14.0841,14.3598,41.2186,14.0927,17.4376,53.8688,14.0954,20.9137,69.7915,14.0962,24.8432,89.8341,14.0965,29.2879,115.063,14.0966,34.3168,146.819,14.0966,40.0078,186.792,14.0966,46.4487,237.107,14.0966,53.7388,300.44,14.0966,61.9903,380.158,14.0966,71.3301,480.499,14.0966,81.902,606.796,14.0966,93.8685,765.761,14.0966,107.414,965.837,14.0966,122.746,1217.65,14.0966,140.101,1534.57,14.0966,159.745,1933.41,14.0966,181.981,2435.3,14.0966,207.15,3066.85,14.0966,235.64,3861.46,14.0966,267.889,4861.11,14.0966,304.391,6118.54,14.0966,345.709,7699.91,14.0966,392.478,9688.22,14.0966,445.417,12187.5,14.0966,505.339,15327.7,14.0966,573.165,19271.6,14.0966,649.938,24222,14.0966,736.839,30430.9,14.0966,835.202,38211.5,14.0966,946.539,47950.3,14.0966,1072.56,60122.8,14.0966,1215.21,75309.9,14.0966,1376.66,94216.2,14.0966,1559.41,117688,14.0966,1766.26,146729,14.0966,2000.39,182510,14.0966,2265.39,226372,14.0966,2565.33,279806,14.0966,2904.81,344416,14.0966,3289.05,421845,14.0966,3723.93,513667,14.0966,4216.13,621231,14.0966,4773.18,745478,14.0966,5403.64,886744,14.0966,6117.15,1.04457e+06,14.0966,6924.63,1.2176e+06,14.0966,11.7194,11.96,12.6541,13.9321,16.1295,13.6434,16.6097,21.9702,13.9553,19.7532,29.5285,14.0526,23.3844,39.1143,14.0829,27.5423,51.2054,14.0923,32.2796,66.434,14.0953,37.662,85.6061,14.0962,43.7675,109.74,14.0965,50.687,140.119,14.0966,58.5249,178.359,14.0966,67.4005,226.493,14.0966,77.4493,287.08,14.0966,88.8254,363.343,14.0966,101.703,459.336,14.0966,116.281,580.161,14.0966,132.782,732.241,14.0966,151.46,923.655,14.0966,172.603,1164.57,14.0966,196.535,1467.79,14.0966,223.625,1849.39,14.0966,254.288,2329.62,14.0966,288.997,2933.93,14.0966,328.285,3694.33,14.0966,372.755,4651.04,14.0966,423.092,5854.57,14.0966,480.07,7368.38,14.0966,544.564,9272.08,14.0966,617.566,11665.5,14.0966,700.197,14673.6,14.0966,793.729,18452.9,14.0966,899.599,23198.6,14.0966,1019.43,29154.1,14.0966,1155.07,36622.3,14.0966,1308.6,45977.9,14.0966,1482.39,57683.7,14.0966,1679.09,72307.8,14.0966,1901.73,90542.8,14.0966,2153.73,113226,14.0966,2438.97,141360,14.0966,2761.81,176127,14.0966,3127.22,218898,14.0966,3540.81,271226,14.0966,4008.92,334817,14.0966,4538.74,411470,14.0966,5138.38,502973,14.0966,5817.04,610948,14.0966,6585.12,736653,14.0966,7454.39,880741,14.0966,8438.15,1.04302e+06,14.0966,9551.45,1.22224e+06,14.0966,10811.3,1.41602e+06,14.0966,12237,1.62086e+06,14.0966,11.7194,11.96,12.6541,2.21263,4.16949,0.989383,2.67766,5.84076,0.311842,3.14343,7.55825,0.0972771,3.63127,9.58578,0.0303237,4.15787,12.0912,0.00945211,4.73731,15.2286,0.00294633,5.38238,19.1721,0.000918508,6.10553,24.134,0.000286163,6.91951,30.3791,8.92692e-05,7.83792,38.2397,2.78121e-05,8.87555,48.1338,8.65134e-06,10.0489,60.5876,2.7882e-06,11.3761,76.2629,8.29036e-07,12.8779,95.9927,2.4373e-07,14.5775,120.825,4.33068e-09,16.5012,152.08,1.75749e-07,18.6784,191.415,-1.86328e-07,21.1428,240.917,1.91829e-07,23.9322,303.213,-1.81475e-07,27.0895,381.602,7.0186e-08,30.6634,480.231,-2.86769e-08,34.7087,604.316,2.40784e-07,39.2876,760.401,9.87368e-08,44.4705,956.705,1.22263e-07,50.3371,1203.54,-4.31966e-07,56.9776,1513.81,-1.9705e-07,64.494,1903.69,-2.763e-08,73.0018,2393.4,3.9185e-07,82.6317,3008.13,1.35379e-07,93.5318,3779.25,-4.16351e-08,105.869,4745.7,2.06965e-08,119.834,5955.6,-3.18887e-07,135.641,7468.12,-1.48271e-08,153.531,9355.62,2.00739e-07,173.781,11705.8,2.28358e-07,196.701,14624.1,-1.93587e-08,222.642,18235,-2.88101e-07,252.003,22683.4,-2.24732e-07,285.234,28134,8.56806e-09,322.845,34767,2.34258e-07,365.413,42770.9,2.99668e-07,413.588,52327.9,8.28644e-08,468.111,63591.2,-3.07049e-07,529.814,76653.2,-3.1888e-07,599.642,91502.5,-6.72276e-08,678.662,107975,2.26339e-07,768.083,125705,3.69212e-07,869.267,144088,2.04077e-07,983.76,162277,-2.80509e-07,1113.3,179223,-4.22737e-07,1259.87,193777,-1.71951e-07,1425.68,204839,4.55555e-07,11.7194,11.96,12.6541,2.21263,4.16949,0.989383,2.67766,5.84076,0.311842,3.14343,7.55825,0.0972771,3.63127,9.58578,0.0303237,4.15787,12.0912,0.00945211,4.73731,15.2286,0.00294633,5.38238,19.1721,0.000918508,6.10553,24.134,0.000286163,6.91951,30.3791,8.92692e-05,7.83792,38.2397,2.78121e-05,8.87555,48.1338,8.65134e-06,10.0489,60.5876,2.7882e-06,11.3761,76.2629,8.29036e-07,12.8779,95.9927,2.4373e-07,14.5775,120.825,1e-08,16.5012,152.08,1.75749e-07,18.6784,191.415,1e-08,21.1428,240.917,1.91829e-07,23.9322,303.213,1e-08,27.0895,381.602,7.0186e-08,30.6634,480.231,1e-08,34.7087,604.316,2.40784e-07,39.2876,760.401,9.87368e-08,44.4705,956.705,1.22263e-07,50.3371,1203.54,1e-08,56.9776,1513.81,1e-08,64.494,1903.69,1e-08,73.0018,2393.4,3.9185e-07,82.6317,3008.13,1.35379e-07,93.5318,3779.25,1e-08,105.869,4745.7,2.06965e-08,119.834,5955.6,1e-08,135.641,7468.12,1e-08,153.531,9355.62,2.00739e-07,173.781,11705.8,2.28358e-07,196.701,14624.1,1e-08,222.642,18235,1e-08,252.003,22683.4,1e-08,285.234,28134,1e-08,322.845,34767,2.34258e-07,365.413,42770.9,2.99668e-07,413.588,52327.9,8.28644e-08,468.111,63591.2,1e-08,529.814,76653.2,1e-08,599.642,91502.5,1e-08,678.662,107975,2.26339e-07,768.083,125705,3.69212e-07,869.267,144088,2.04077e-07,983.76,162277,1e-08,1113.3,179223,1e-08,1259.87,193777,1e-08,1425.68,204839,4.55555e-07,6.2823,3.27286,2.43537,0.219672,6.18826,2.24117,0.56371,6.87772,2.63624,0.308279,33,6,13,4,3,1,1,11,0,2,2,0,3,2,0,1,6,0,3,14,0,6,27,0,12,18,0,8,26,0,10,32,0,13,48,0,12,36,0,2,77,0,8,128,0,22,53,0,22,104,0,23,486,0,11,235,0,21,488,0,16,333,0,30,360,0,20,708,0,30,459,0,65,472,0,54,1045,0,46,1054,0,70,2874,0,56,1400,0,100,4163,0,130,2982,0,102,4146,0,193,3942,0,80,12086,0,254,2015,0,214,10778,0,118,10237,0,177,15578,0,220,32678,0,216,37765,0,328,27218,0,334,37242,0,302,69379,0,706,93462,0,285,62843,0,654,83928,0,613,144673,0,751,134136,0,419,143443,0,1318,90448,0,1880,306065,0,584,294787,0,1597,232431,0
-1.05176e+08,1,8.88811e-15,10,1023,0,1.05176e+08,0.528882,1.08665,0.389689,0.145397,0.379329,3.24381,0.161596,0.446195,1.77396,0.159177,1.15e+07,4.49998e+06,6.79999e+06,1.15e+07,4.49997e+06,6.79999e+06,1.15e+07,4.49996e+06,6.79999e+06,1.15e+07,4.49995e+06,6.79999e+06,1.14999e+07,4.49993e+06,6.79999e+06,1.14999e+07,4.49991e+06,6.79999e+06,1.14999e+07,4.49989e+06,6.79999e+06,1.14999e+07,4.49986e+06,6.79999e+06,1.14999e+07,4.49982e+06,6.79999e+06,1.14999e+07,4.49977e+06,6.79999e+06,1.14999e+07,4.49971e+06,6.79999e+06,1.14999e+07,4.49963e+06,6.79999e+06,1.14998e+07,4.49953e+06,6.79999e+06,1.14998e+07,4.49941e+06,6.79999e+06,1.14998e+07,4.49926e+06,6.79999e+06,1.14998e+07,4.49906e+06,6.79999e+06,1.14997e+07,4.49882e+06,6.79999e+06,1.14997e+07,4.49851e+06,6.79999e+06,1.14997e+07,4.49812e+06,6.79999e+06,1.14996e+07,4.49764e+06,6.79999e+06,1.14996e+07,4.49702e+06,6.79999e+06,1.14995e+07,4.49625e+06,6.79999e+06,1.14995e+07,4.49528e+06,6.79999e+06,1.14994e+07,4.49406e+06,6.79999e+06,1.14993e+07,4.49253e+06,6.79999e+06,1.14992e+07,4.49059e+06,6.79999e+06,1.14991e+07,4.48817e+06,6.79999e+06,1.1499e+07,4.48511e+06,6.79999e+06,1.14988e+07,4.48128e+06,6.79999e+06,1.14987e+07,4.47646e+06,6.79999e+06,1.14985e+07,4.47041e+06,6.79999e+06,1.14983e+07,4.46281e+06,6.79999e+06,1.14981e+07,4.4533e+06,6.79999e+06,1.14979e+07,4.44138e+06,6.79999e+06,1.14976e+07,4.42649e+06,6.79999e+06,1.14972e+07,4.40789e+06,6.79999e+06,1.14969e+07,4.38471e+06,6.79999e+06,1.14965e+07,4.35592e+06,6.79999e+06,1.1496e+07,4.32027e+06,6.79999e+06,1.14955e+07,4.27629e+06,6.79999e+06,1.14949e+07,4.22231e+06,6.79999e+06,1.14942e+07,4.15647e+06,6.79999e+06,1.14934e+07,4.07676e+06,6.79999e+06,1.14926e+07,3.98112e+06,6.79999e+06,1.14916e+07,3.86765e+06,6.79999e+06,1.14905e+07,3.73474e+06,6.79999e+06,1.14892e+07,3.58148e+06,6.79999e+06,1.14878e+07,3.40785e+06,6.79999e+06,1.14862e+07,3.21513e+06,6.79999e+06,1.14844e+07,3.00605e+06,6.79999e+06,1.14823e+07,2.7848e+06,6.79999e+06,1.148e+07,2.5568e+06,6.79999e+06,1.14773e+07,2.32825e+06,6.79999e+06,13.5742,8.52444,0.508366,16.8306,13.2585,0.162638,20.0035,17.569,0.0507846,23.2616,22.4214,0.0158319,26.7328,28.3297,0.00493498,30.5212,35.6974,0.00153831,34.7178,44.9473,0.000479527,39.4086,56.5822,0.000149456,44.6796,71.2245,4.66214e-05,50.6209,89.6543,1.45419e-05,57.3297,112.852,4.54748e-06,64.9129,142.051,1.43857e-06,73.4897,178.803,4.36618e-07,83.1934,225.062,1.40153e-07,94.1745,283.286,4.96378e-08,106.602,356.568,1.05434e-07,120.669,448.799,-6.49244e-08,136.59,564.873,1.70148e-07,154.611,710.948,-5.34594e-08,175.008,894.767,1.63407e-07,198.097,1126.06,8.04804e-08,224.231,1417.07,1.14667e-07,253.813,1783.15,-1.71227e-07,287.297,2243.62,-2.88466e-07,325.198,2822.67,-4.33651e-07,368.098,3550.67,7.9318e-08,416.657,4465.65,3.13319e-07,471.621,5615.16,3.4613e-07,533.835,7058.61,-1.19199e-07,604.255,8870.02,-2.79964e-07,683.962,11141.4,-2.30521e-07,774.182,13986.7,-2.55099e-07,876.299,17546.4,1.23585e-07,991.883,21993.1,1.41192e-07,1122.71,27536.7,-9.71886e-08,1270.78,34430.7,-3.68368e-07,1438.38,42977.7,-3.45379e-07,1628.07,53532.7,-3.25328e-09,1842.77,66504.6,2.6362e-07,2085.77,82350.2,2.53445e-07,2360.79,101560,-2.47407e-08,2672.05,124632,-3.80602e-07,3024.31,152018,-4.79005e-07,3422.98,184060,-1.14379e-07,3874.15,220884,2.64297e-07,4384.72,262283,3.44131e-07,4962.49,307576,7.5349e-08,5616.29,355497,-3.63097e-07,6356.1,404126,-6.05442e-07,7193.18,450932,-2.72333e-07,8140.28,492963,2.29675e-07,9211.79,527178,4.3387e-07,10424,550893,-1.0711e-07,10.102,8.06553,2.81012,10.6436,8.57909,0.869423,11.5336,10.2515,0.270869,12.7211,12.7138,0.0844293,14.1823,15.9373,0.0263173,15.9122,20.0383,0.0082035,17.9198,25.2154,0.00255722,20.2244,31.7373,0.000797017,22.8539,39.9486,0.000248622,25.8438,50.2851,7.75492e-05,29.237,63.2963,2.42508e-05,33.0837,79.6738,7.67162e-06,37.4415,100.288,2.32837e-06,42.3767,126.236,7.33e-07,47.9646,158.896,2.79256e-07,54.2906,200.003,9.87351e-09,61.452,251.741,1.61085e-07,69.5585,316.859,-2.47141e-07,78.7347,398.812,8.93552e-08,89.1218,501.948,-2.53231e-07,100.879,631.736,-1.25047e-07,114.188,795.049,-1.78808e-07,129.252,1000.53,2.6733e-07,146.304,1259.03,4.50292e-07,165.605,1584.19,6.76904e-07,187.452,1993.12,-1.23808e-07,212.181,2507.27,-4.89068e-07,240.173,3153.54,-5.40284e-07,271.856,3965.56,1.86061e-07,307.719,4985.38,4.37004e-07,348.313,6265.4,3.59828e-07,394.26,7870.83,3.98192e-07,446.268,9882.51,-1.92908e-07,505.135,12400.3,-2.20392e-07,571.766,15546.9,1.51705e-07,647.184,19472.2,5.74996e-07,732.547,24357.4,5.39112e-07,829.167,30420,5.07815e-09,938.526,37916.3,-4.11492e-07,1062.3,47143.9,-3.9561e-07,1202.4,58439.2,3.86185e-08,1360.96,72169.3,5.94093e-07,1540.42,88715.8,7.47693e-07,1743.53,108445,1.78537e-07,1973.41,131665,-4.12549e-07,2233.57,158557,-5.37164e-07,2528,189103,-1.17615e-07,2861.2,222986,5.66769e-07,3238.27,259510,9.45053e-07,3664.97,297540,4.25093e-07,4147.81,335497,-3.58506e-07,4694.17,371444,-6.7724e-07,5312.37,403256,1.67192e-07,1.61744,3.89446,9.84394,3.28846,7.5504,12.774,5.07607,11.7187,13.6844,7.03202,16.8147,13.9681,9.20215,23.1769,14.0566,11.6301,31.1672,14.0841,14.3598,41.2186,14.0927,17.4376,53.8688,14.0954,20.9137,69.7915,14.0962,24.8432,89.8341,14.0965,29.2879,115.063,14.0966,34.3168,146.819,14.0966,40.0078,186.792,14.0966,46.4487,237.107,14.0966,53.7388,300.44,14.0966,61.9903,380.158,14.0966,71.3301,480.499,14.0966,81.902,606.796,14.0966,93.8685,765.761,14.0966,107.414,965.837,14.0966,122.746,1217.65,14.0966,140.101,1534.57,14.0966,159.745,1933.41,14.0966,181.981,2435.3,14.0966,207.15,3066.85,14.0966,235.64,3861.46,14.0966,267.889,4861.11,14.0966,304.391,6118.54,14.0966,345.709,7699.91,14.0966,392.478,9688.22,14.0966,445.417,12187.5,14.0966,505.339,15327.7,14.0966,573.165,19271.6,14.0966,649.938,24222,14.0966,736.839,30430.9,14.0966,835.202,38211.5,14.0966,946.539,47950.3,14.0966,1072.56,60122.8,14.0966,1215.21,75309.9,14.0966,1376.66,94216.2,14.0966,1559.41,117688,14.0966,1766.26,146729,14.0966,2000.39,182510,14.0966,2265.39,226372,14.0966,2565.33,279806,14.0966,2904.81,344416,14.0966,3289.05,421845,14.0966,3723.93,513667,14.0966,4216.13,621231,14.0966,4773.18,745478,14.0966,5403.64,886744,14.0966,6117.15,1.04457e+06,14.0966,6924.63,1.2176e+06,14.0966,11.7194,11.96,12.6541,13.9321,16.1295,13.6434,16.6097,21.9702,13.9553,19.7532,29.5285,14.0526,23.3844,39.1143,14.0829,27.5423,51.2054,14.0923,32.2796,66.434,14.0953,37.662,85.6061,14.0962,43.7675,109.74,14.0965,50.687,140.119,14.0966,58.5249,178.359,14.0966,67.4005,226.493,14.0966,77.4493,287.08,14.0966,88.8254,363.343,14.0966,101.703,459.336,14.0966,116.281,580.161,14.0966,132.782,732.241,14.0966,151.46,923.655,14.0966,172.603,1164.57,14.0966,196.535,1467.79,14.0966,223.625,1849.39,14.0966,254.288,2329.62,14.0966,288.997,2933.93,14.0966,328.285,3694.33,14.0966,372.755,4651.04,14.0966,423.092,5854.57,14.0966,480.07,7368.38,14.0966,544.564,9272.08,14.0966,617.566,11665.5,14.0966,700.197,14673.6,14.0966,793.729,18452.9,14.0966,899.599,23198.6,14.0966,1019.43,29154.1,14.0966,1155.07,36622.3,14.0966,1308.6,45977.9,14.0966,1482.39,57683.7,14.0966,1679.09,72307.8,14.0966,1901.73,90542.8,14.0966,2153.73,113226,14.0966,2438.97,141360,14.0966,2761.81,176127,14.0966,3127.22,218898,14.0966,3540.81,271226,14.0966,4008.92,334817,14.0966,4538.74,411470,14.0966,5138.38,502973,14.0966,5817.04,610948,14.0966,6585.12,736653,14.0966,7454.39,880741,14.0966,8438.15,1.04302e+06,14.0966,9551.45,1.22224e+06,14.0966,10811.3,1.41602e+06,14.0966,12237,1.62086e+06,14.0966,11.7194,11.96,12.6541,2.21263,4.16949,0.989383,2.67766,5.84076,0.311842,3.14343,7.55825,0.0972771,3.63127,9.58578,0.0303237,4.15787,12.0912,0.00945211,4.73731,15.2286,0.00294633,5.38238,19.1721,0.000918508,6.10553,24.134,0.000286163,6.91951,30.3791,8.92692e-05,7.83792,38.2397,2.78121e-05,8.87555,48.1338,8.65134e-06,10.0489,60.5876,2.7882e-06,11.3761,76.2629,8.29036e-07,12.8779,95.9927,2.4373e-07,14.5775,120.825,4.33068e-09,16.5012,152.08,1.75749e-07,18.6784,191.415,-1.86328e-07,21.1428,240.917,1.91829e-07,23.9322,303.213,-1.81475e-07,27.0895,381.602,7.0186e-08,30.6634,480.231,-2.86769e-08,34.7087,604.316,2.40784e-07,39.2876,760.401,9.87368e-08,44.4705,956.705,1.22263e-07,50.3371,1203.54,-4.31966e-07,56.9776,1513.81,-1.9705e-07,64.494,1903.69,-2.763e-08,73.0018,2393.4,3.9185e-07,82.6317,3008.13,1.35379e-07,93.5318,3779.25,-4.16351e-08,105.869,4745.7,2.06965e-08,119.834,5955.6,-3.18887e-07,135.641,7468.12,-1.48271e-08,153.531,9355.62,2.00739e-07,173.781,11705.8,2.28358e-07,196.701,14624.1,-1.93587e-08,222.642,18235,-2.88101e-07,252.003,22683.4,-2.24732e-07,285.234,28134,8.56806e-09,322.845,34767,2.34258e-07,365.413,42770.9,2.99668e-07,413.588,52327.9,8.28644e-08,468.111,63591.2,-3.07049e-07,529.814,76653.2,-3.1888e-07,599.642,91502.5,-6.72276e-08,678.662,107975,2.26339e-07,768.083,125705,3.69212e-07,869.267,144088,2.04077e-07,983.76,162277,-2.80509e-07,1113.3,179223,-4.22737e-07,1259.87,193777,-1.71951e-07,1425.68,204839,4.55555e-07,11.7194,11.96,12.6541,2.21263,4.16949,0.989383,2.67766,5.84076,0.311842,3.14343,7.55825,0.0972771,3.63127,9.58578,0.0303237,4.15787,12.0912,0.00945211,4.73731,15.2286,0.00294633,5.38238,19.1721,0.000918508,6.10553,24.134,0.000286163,6.91951,30.3791,8.92692e-05,7.83792,38.2397,2.78121e-05,8.87555,48.1338,8.65134e-06,10.0489,60.5876,2.7882e-06,11.3761,76.2629,8.29036e-07,12.8779,95.9927,2.4373e-07,14.5775,120.825,1e-08,16.5012,152.08,1.75749e-07,18.6784,191.415,1e-08,21.1428,240.917,1.91829e-07,23.9322,303.213,1e-08,27.0895,381.602,7.0186e-08,30.6634,480.231,1e-08,34.7087,604.316,2.40784e-07,39.2876,760.401,9.87368e-08,44.4705,956.705,1.22263e-07,50.3371,1203.54,1e-08,56.9776,1513.81,1e-08,64.494,1903.69,1e-08,73.0018,2393.4,3.9185e-07,82.6317,3008.13,1.35379e-07,93.5318,3779.25,1e-08,105.869,4745.7,2.06965e-08,119.834,5955.6,1e-08,135.641,7468.12,1e-08,153.531,9355.62,2.00739e-07,173.781,11705.8,2.28358e-07,196.701,14624.1,1e-08,222.642,18235,1e-08,252.003,22683.4,1e-08,285.234,28134,1e-08,322.845,34767,2.34258e-07,365.413,42770.9,2.99668e-07,413.588,52327.9,8.28644e-08,468.111,63591.2,1e-08,529.814,76653.2,1e-08,599.642,91502.5,1e-08,678.662,107975,2.26339e-07,768.083,125705,3.69212e-07,869.267,144088,2.04077e-07,983.76,162277,1e-08,1113.3,179223,1e-08,1259.87,193777,1e-08,1425.68,204839,4.55555e-07,6.2823,3.27286,2.43537,0.219672,6.18826,2.24117,0.56371,6.87772,2.63624,0.308279,10,9,12,3,3,1,0,9,0,4,6,0,4,10,0,2,13,0,5,18,0,1,26,0,3,67,0,14,35,0,7,52,0,11,11,0,8,56,0,6,67,0,8,44,0,11,177,0,8,68,0,16,231,0,32,196,0,15,579,0,14,246,0,46,279,0,36,788,0,82,1057,0,52,575,0,62,1808,0,66,741,0,91,1194,0,34,1545,0,61,3130,0,154,2849,0,234,4339,0,89,9297,0,59,12776,0,158,10702,0,167,17867,0,133,20747,0,625,21638,0,344,7113,0,116,45152,0,347,27541,0,724,18900,0,452,53248,0,215,37209,0,335,29838,0,402,50922,0,349,134533,0,658,136010,0,843,90509,0,899,146215,0,538,129186,0,1766,147555,0,1420,225618,0
-1.05176e+08,8.09535e-47,8.88811e-15,10,1023,0,1.05176e+08,0.528882,1.08665,0.389689,0.145397,0.379329,3.24381,0.161596,0.446195,1.77396,0.159177,1.15e+07,4.49998e+06,6.79999e+06,1.15e+07,4.49997e+06,6.79999e+06,1.15e+07,4.49996e+06,6.79999e+06,1.15e+07,4.49995e+06,6.79999e+06,1.14999e+07,4.49993e+06,6.79999e+06,1.14999e+07,4.49991e+06,6.79999e+06,1.14999e+07,4.49989e+06,6.79999e+06,1.14999e+07,4.49986e+06,6.79999e+06,1.14999e+07,4.49982e+06,6.79999e+06,1.14999e+07,4.49977e+06,6.79999e+06,1.14999e+07,4.49971e+06,6.79999e+06,1.14999e+07,4.49963e+06,6.79999e+06,1.14998e+07,4.49953e+06,6.79999e+06,1.14998e+07,4.49941e+06,6.79999e+06,1.14998e+07,4.49926e+06,6.79999e+06,1.14998e+07,4.49906e+06,6.79999e+06,1.14997e+07,4.49882e+06,6.79999e+06,1.14997e+07,4.49851e+06,6.79999e+06,1.14997e+07,4.49812e+06,6.79999e+06,1.14996e+07,4.49764e+06,6.79999e+06,1.14996e+07,4.49702e+06,6.79999e+06,1.14995e+07,4.49625e+06,6.79999e+06,1.14995e+07,4.49528e+06,6.79999e+06,1.14994e+07,4.49406e+06,6.79999e+06,1.14993e+07,4.49253e+06,6.79999e+06,1.14992e+07,4.49059e+06,6.79999e+06,1.14991e+07,4.48817e+06,6.79999e+06,1.1499e+07,4.48511e+06,6.79999e+06,1.14988e+07,4.48128e+06,6.79999e+06,1.14987e+07,4.47646e+06,6.79999e+06,1.14985e+07,4.47041e+06,6.79999e+06,1.14983e+07,4.46281e+06,6.79999e+06,1.14981e+07,4.4533e+06,6.79999e+06,1.14979e+07,4.44138e+06,6.79999e+06,1.14976e+07,4.42649e+06,6.79999e+06,1.14972e+07,4.40789e+06,6.79999e+06,1.14969e+07,4.38471e+06,6.79999e+06,1.14965e+07,4.35592e+06,6.79999e+06,1.1496e+07,4.32027e+06,6.79999e+06,1.14955e+07,4.27629e+06,6.79999e+06,1.14949e+07,4.22231e+06,6.79999e+06,1.14942e+07,4.15647e+06,6.79999e+06,1.14934e+07,4.07676e+06,6.79999e+06,1.14926e+07,3.98112e+06,6.79999e+06,1.14916e+07,3.86765e+06,6.79999e+06,1.14905e+07,3.73474e+06,6.79999e+06,1.14892e+07,3.58148e+06,6.79999e+06,1.14878e+07,3.40785e+06,6.79999e+06,1.14862e+07,3.21513e+06,6.79999e+06,1.14844e+07,3.00605e+06,6.79999e+06,1.14823e+07,2.7848e+06,6.79999e+06,1.148e+07,2.5568e+06,6.79999e+06,1.14773e+07,2.32825e+06,6.79999e+06,13.5742,8.52444,0.508366,16.8306,13.2585,0.162638,20.0035,17.569,0.0507846,23.2616,22.4214,0.0158319,26.7328,28.3297,0.00493498,30.5212,35.6974,0.00153831,34.7178,44.9473,0.000479527,39.4086,56.5822,0.000149456,44.6796,71.2245,4.66214e-05,50.6209,89.6543,1.45419e-05,57.3297,112.852,4.54748e-06,64.9129,142.051,1.43857e-06,73.4897,178.803,4.36618e-07,83.1934,225.062,1.40153e-07,94.1745,283.286,4.96378e-08,106.602,356.568,1.05434e-07,120.669,448.799,-6.49244e-08,136.59,564.873,1.70148e-07,154.611,710.948,-5.34594e-08,175.008,894.767,1.63407e-07,198.097,1126.06,8.04804e-08,224.231,1417.07,1.14667e-07,253.813,1783.15,-1.71227e-07,287.297,2243.62,-2.88466e-07,325.198,2822.67,-4.33651e-07,368.098,3550.67,7.9318e-08,416.657,4465.65,3.13319e-07,471.621,5615.16,3.4613e-07,533.835,7058.61,-1.19199e-07,604.255,8870.02,-2.79964e-07,683.962,11141.4,-2.30521e-07,774.182,13986.7,-2.55099e-07,876.299,17546.4,1.23585e-07,991.883,21993.1,1.41192e-07,1122.71,27536.7,-9.71886e-08,1270.78,34430.7,-3.68368e-07,1438.38,42977.7,-3.45379e-07,1628.07,53532.7,-3.25328e-09,1842.77,66504.6,2.6362e-07,2085.77,82350.2,2.53445e-07,2360.79,101560,-2.47407e-08,2672.05,124632,-3.80602e-07,3024.31,152018,-4.79005e-07,3422.98,184060,-1.14379e-07,3874.15,220884,2.64297e-07,4384.72,262283,3.44131e-07,4962.49,307576,7.5349e-08,5616.29,355497,-3.63097e-07,6356.1,404126,-6.05442e-07,7193.18,450932,-2.72333e-07,8140.28,492963,2.29675e-07,9211.79,527178,4.3387e-07,10424,550893,-1.0711e-07,10.102,8.06553,2.81012,10.6436,8.57909,0.869423,11.5336,10.2515,0.270869,12.7211,12.7138,0.0844293,14.1823,15.9373,0.0263173,15.9122,20.0383,0.0082035,17.9198,25.2154,0.00255722,20.2244,31.7373,0.000797017,22.8539,39.9486,0.000248622,25.8438,50.2851,7.75492e-05,29.237,63.2963,2.42508e-05,33.0837,79.6738,7.67162e-06,37.4415,100.288,2.32837e-06,42.3767,126.236,7.33e-07,47.9646,158.896,2.79256e-07,54.2906,200.003,9.87351e-09,61.452,251.741,1.61085e-07,69.5585,316.859,-2.47141e-07,78.7347,398.812,8.93552e-08,89.1218,501.948,-2.53231e-07,100.879,631.736,-1.25047e-07,114.188,795.049,-1.78808e-07,129.252,1000.53,2.6733e-07,146.304,1259.03,4.50292e-07,165.605,1584.19,6.76904e-07,187.452,1993.12,-1.23808e-07,212.181,2507.27,-4.89068e-07,240.173,3153.54,-5.40284e-07,271.856,3965.56,1.86061e-07,307.719,4985.38,4.37004e-07,348.313,6265.4,3.59828e-07,394.26,7870.83,3.98192e-07,446.268,9882.51,-1.92908e-07,505.135,12400.3,-2.20392e-07,571.766,15546.9,1.51705e-07,647.184,19472.2,5.74996e-07,732.547,24357.4,5.39112e-07,829.167,30420,5.07815e-09,938.526,37916.3,-4.11492e-07,1062.3,47143.9,-3.9561e-07,1202.4,58439.2,3.86185e-08,1360.96,72169.3,5.94093e-07,1540.42,88715.8,7.47693e-07,1743.53,108445,1.78537e-07,1973.41,131665,-4.12549e-07,2233.57,158557,-5.37164e-07,2528,189103,-1.17615e-07,2861.2,222986,5.66769e-07,3238.27,259510,9.45053e-07,3664.97,297540,4.25093e-07,4147.81,335497,-3.58506e-07,4694.17,371444,-6.7724e-07,5312.37,403256,1.67192e-07,1.61744,3.89446,9.84394,3.28846,7.5504,12.774,5.07607,11.7187,13.6844,7.03202,16.8147,13.9681,9.20215,23.1769,14.0566,11.6301,31.1672,14.0841,14.3598,41.2186,14.0927,17.4376,53.8688,14.0954,20.9137,69.7915,14.0962,24.8432,89.8341,14.0965,29.2879,115.063,14.0966,34.3168,146.819,14.0966,40.0078,186.792,14.0966,46.4487,237.107,14.0966,53.7388,300.44,14.0966,61.9903,380.158,14.0966,71.3301,480.499,14.0966,81.902,606.796,14.0966,93.8685,765.761,14.0966,107.414,965.837,14.0966,122.746,1217.65,14.0966,140.101,1534.57,14.0966,159.745,1933.41,14.0966,181.981,2435.3,14.0966,207.15,3066.85,14.0966,235.64,3861.46,14.0966,267.889,4861.11,14.0966,304.391,6118.54,14.0966,345.709,7699.91,14.0966,392.478,9688.22,14.0966,445.417,12187.5,14.0966,505.339,15327.7,14.0966,573.165,19271.6,14.0966,649.938,24222,14.0966,736.839,30430.9,14.0966,835.202,38211.5,14.0966,946.539,47950.3,14.0966,1072.56,60122.8,14.0966,1215.21,75309.9,14.0966,1376.66,94216.2,14.0966,1559.41,117688,14.0966,1766.26,146729,14.0966,2000.39,182510,14.0966,2265.39,226372,14.0966,2565.33,279806,14.0966,2904.81,344416,14.0966,3289.05,421845,14.0966,3723.93,513667,14.0966,4216.13,621231,14.0966,4773.18,745478,14.0966,5403.64,886744,14.0966,6117.15,1.04457e+06,14.0966,6924.63,1.2176e+06,14.0966,11.7194,11.96,12.6541,13.9321,16.1295,13.6434,16.6097,21.9702,13.9553,19.7532,29.5285,14.0526,23.3844,39.1143,14.0829,27.5423,51.2054,14.0923,32.2796,66.434,14.0953,37.662,85.6061,14.0962,43.7675,109.74,14.0965,50.687,140.119,14.0966,58.5249,178.359,14.0966,67.4005,226.493,14.0966,77.4493,287.08,14.0966,88.8254,363.343,14.0966,101.703,459.336,14.0966,116.281,580.161,14.0966,132.782,732.241,14.0966,151.46,923.655,14.0966,172.603,1164.57,14.0966,196.535,1467.79,14.0966,223.625,1849.39,14.0966,254.288,2329.62,14.0966,288.997,2933.93,14.0966,328.285,3694.33,14.0966,372.755,4651.04,14.0966,423.092,5854.57,14.0966,480.07,7368.38,14.0966,544.564,9272.08,14.0966,617.566,11665.5,14.0966,700.197,14673.6,14.0966,793.729,18452.9,14.0966,899.599,23198.6,14.0966,1019.43,29154.1,14.0966,1155.07,36622.3,14.0966,1308.6,45977.9,14.0966,1482.39,57683.7,14.0966,1679.09,72307.8,14.0966,1901.73,90542.8,14.0966,2153.73,113226,14.0966,2438.97,141360,14.0966,2761.81,176127,14.0966,3127.22,218898,14.0966,3540.81,271226,14.0966,4008.92,334817,14.0966,4538.74,411470,14.0966,5138.38,502973,14.0966,5817.04,610948,14.0966,6585.12,736653,14.0966,7454.39,880741,14.0966,8438.15,1.04302e+06,14.0966,9551.45,1.22224e+06,14.0966,10811.3,1.41602e+06,14.0966,12237,1.62086e+06,14.0966,11.7194,11.96,12.6541,2.21263,4.16949,0.989383,2.67766,5.84076,0.311842,3.14343,7.55825,0.0972771,3.63127,9.58578,0.0303237,4.15787,12.0912,0.00945211,4.73731,15.2286,0.00294633,5.38238,19.1721,0.000918508,6.10553,24.134,0.000286163,6.91951,30.3791,8.92692e-05,7.83792,38.2397,2.78121e-05,8.87555,48.1338,8.65134e-06,10.0489,60.5876,2.7882e-06,11.3761,76.2629,8.29036e-07,12.8779,95.9927,2.4373e-07,14.5775,120.825,4.33068e-09,16.5012,152.08,1.75749e-07,18.6784,191.415,-1.86328e-07,21.1428,240.917,1.91829e-07,23.9322,303.213,-1.81475e-07,27.0895,381.602,7.0186e-08,30.6634,480.231,-2.86769e-08,34.7087,604.316,2.40784e-07,39.2876,760.401,9.87368e-08,44.4705,956.705,1.22263e-07,50.3371,1203.54,-4.31966e-07,56.9776,1513.81,-1.9705e-07,64.494,1903.69,-2.763e-08,73.0018,2393.4,3.9185e-07,82.6317,3008.13,1.35379e-07,93.5318,3779.25,-4.16351e-08,105.869,4745.7,2.06965e-08,119.834,5955.6,-3.18887e-07,135.641,7468.12,-1.48271e-08,153.531,9355.62,2.00739e-07,173.781,11705.8,2.28358e-07,196.701,14624.1,-1.93587e-08,222.642,18235,-2.88101e-07,252.003,22683.4,-2.24732e-07,285.234,28134,8.56806e-09,322.845,34767,2.34258e-07,365.413,42770.9,2.99668e-07,413.588,52327.9,8.28644e-08,468.111,63591.2,-3.07049e-07,529.814,76653.2,-3.1888e-07,599.642,91502.5,-6.72276e-08,678.662,107975,2.26339e-07,768.083,125705,3.69212e-07,869.267,144088,2.04077e-07,983.76,162277,-2.80509e-07,1113.3,179223,-4.22737e-07,1259.87,193777,-1.71951e-07,1425.68,204839,4.55555e-07,11.7194,11.96,12.6541,2.21263,4.16949,0.989383,2.67766,5.84076,0.311842,3.14343,7.55825,0.0972771,3.63127,9.58578,0.0303237,4.15787,12.0912,0.00945211,4.73731,15.2286,0.00294633,5.38238,19.1721,0.000918508,6.10553,24.134,0.000286163,6.91951,30.3791,8.92692e-05,7.83792,38.2397,2.78121e-05,8.87555,48.1338,8.65134e-06,10.0489,60.5876,2.7882e-06,11.3761,76.2629,8.29036e-07,12.8779,95.9927,2.4373e-07,14.5775,120.825,1e-08,16.5012,152.08,1.75749e-07,18.6784,191.415,1e-08,21.1428,240.917,1.91829e-07,23.9322,303.213,1e-08,27.0895,381.602,7.0186e-08,30.6634,480.231,1e-08,34.7087,604.316,2.40784e-07,39.2876,760.401,9.87368e-08,44.4705,956.705,1.22263e-07,50.3371,1203.54,1e-08,56.9776,1513.81,1e-08,64.494,1903.69,1e-08,73.0018,2393.4,3.9185e-07,82.6317,3008.13,1.35379e-07,93.5318,3779.25,1e-08,105.869,4745.7,2.06965e-08,119.834,5955.6,1e-08,135.641,7468.12,1e-08,153.531,9355.62,2.00739e-07,173.781,11705.8,2.28358e-07,196.701,14624.1,1e-08,222.642,18235,1e-08,252.003,22683.4,1e-08,285.234,28134,1e-08,322.845,34767,2.34258e-07,365.413,42770.9,2.99668e-07,413.588,52327.9,8.28644e-08,468.111,63591.2,1e-08,529.814,76653.2,1e-08,599.642,91502.5,1e-08,678.662,107975,2.26339e-07,768.083,125705,3.69212e-07,869.267,144088,2.04077e-07,983.76,162277,1e-08,1113.3,179223,1e-08,1259.87,193777,1e-08,1425.68,204839,4.55555e-07,6.2823,3.27286,2.43537,0.219672,6.18826,2.24117,0.56371,6.87772,2.63624,0.308279,10,14,6,0,0,2,4,3,0,3,5,0,7,16,0,4,14,0,2,10,0,6,27,0,4,17,0,3,34,0,6,43,0,5,36,0,9,46,0,11,55,0,13,123,0,17,241,0,12,151,0,19,180,0,41,90,0,10,409,0,28,556,0,24,736,0,22,703,0,31,695,0,19,609,0,29,874,0,37,1533,0,27,1283,0,134,2031,0,69,2632,0,131,5503,0,124,6029,0,120,3390,0,96,8300,0,179,12338,0,155,7382,0,212,9255,0,92,16945,0,158,11137,0,573,39215,0,143,18172,0,224,41048,0,500,43739,0,537,49517,0,541,69568,0,990,85182,0,649,76024,0,803,166991,0,728,225944,0,433,286618,0,678,201958,0,1693,156333,0,1797,181267,0
-1.05176e+08,1,8.88811e-15,10,1023,0,1.05176e+08,0.528882,1.08665,0.389689,0.145397,0.379329,3.24381,0.161596,0.446195,1.77396,0.159177,1.15e+07,4.49998e+06,6.79999e+06,1.15e+07,4.49997e+06,6.79999e+06,1.15e+07,4.49996e+06,6.79999e+06,1.15e+07,4.49995e+06,6.79999e+06,1.14999e+07,4.49993e+06,6.79999e+06,1.14999e+07,4.49991e+06,6.79999e+06,1.14999e+07,4.49989e+06,6.79999e+06,1.14999e+07,4.49986e+06,6.79999e+06,1.14999e+07,4.49982e+06,6.79999e+06,1.14999e+07,4.49977e+06,6.79999e+06,1.14999e+07,4.49971e+06,6.79999e+06,1.14999e+07,4.49963e+06,6.79999e+06,1.14998e+07,4.49953e+06,6.79999e+06,1.14998e+07,4.49941e+06,6.79999e+06,1.14998e+07,4.49926e+06,6.79999e+06,1.14998e+07,4.49906e+06,6.79999e+06,1.14997e+07,4.49882e+06,6.79999e+06,1.14997e+07,4.49851e+06,6.79999e+06,1.14997e+07,4.49812e+06,6.79999e+06,1.14996e+07,4.49764e+06,6.79999e+06,1.14996e+07,4.49702e+06,6.79999e+06,1.14995e+07,4.49625e+06,6.79999e+06,1.14995e+07,4.49528e+06,6.79999e+06,1.14994e+07,4.49406e+06,6.79999e+06,1.14993e+07,4.49253e+06,6.79999e+06,1.14992e+07,4.49059e+06,6.79999e+06,1.14991e+07,4.48817e+06,6.79999e+06,1.1499e+07,4.48511e+06,6.79999e+06,1.14988e+07,4.48128e+06,6.79999e+06,1.14987e+07,4.47646e+06,6.79999e+06,1.14985e+07,4.47041e+06,6.79999e+06,1.14983e+07,4.46281e+06,6.79999e+06,1.14981e+07,4.4533e+06,6.79999e+06,1.14979e+07,4.44138e+06,6.79999e+06,1.14976e+07,4.42649e+06,6.79999e+06,1.14972e+07,4.40789e+06,6.79999e+06,1.14969e+07,4.38471e+06,6.79999e+06,1.14965e+07,4.35592e+06,6.79999e+06,1.1496e+07,4.32027e+06,6.79999e+06,1.14955e+07,4.27629e+06,6.79999e+06,1.14949e+07,4.22231e+06,6.79999e+06,1.14942e+07,4.15647e+06,6.79999e+06,1.14934e+07,4.07676e+06,6.79999e+06,1.14926e+07,3.98112e+06,6.79999e+06,1.14916e+07,3.86765e+06,6.79999e+06,1.14905e+07,3.73474e+06,6.79999e+06,1.14892e+07,3.58148e+06,6.79999e+06,1.14878e+07,3.40785e+06,6.79999e+06,1.14862e+07,3.21513e+06,6.79999e+06,1.14844e+07,3.00605e+06,6.79999e+06,1.14823e+07,2.7848e+06,6.79999e+06,1.148e+07,2.5568e+06,6.79999e+06,1.14773e+07,2.32825e+06,6.79999e+06,13.5742,8.52444,0.508366,16.8306,13.2585,0.162638,20.0035,17.569,0.0507846,23.2616,22.4214,0.0158319,26.7328,28.3297,0.00493498,30.5212,35.6974,0.00153831,34.7178,44.9473,0.000479527,39.4086,56.5822,0.000149456,44.6796,71.2245,4.66214e-05,50.6209,89.6543,1.45419e-05,57.3297,112.852,4.54748e-06,64.9129,142.051,1.43857e-06,73.4897,178.803,4.36618e-07,83.1934,225.062,1.40153e-07,94.1745,283.286,4.96378e-08,106.602,356.568,1.05434e-07,120.669,448.799,-6.49244e-08,136.59,564.873,1.70148e-07,154.611,710.948,-5.34594e-08,175.008,894.767,1.63407e-07,198.097,1126.06,8.04804e-08,224.231,1417.07,1.14667e-07,253.813,1783.15,-1.71227e-07,287.297,2243.62,-2.88466e-07,325.198,2822.67,-4.33651e-07,368.098,3550.67,7.9318e-08,416.657,4465.65,3.13319e-07,471.621,5615.16,3.4613e-07,533.835,7058.61,-1.19199e-07,604.255,8870.02,-2.79964e-07,683.962,11141.4,-2.30521e-07,774.182,13986.7,-2.55099e-07,876.299,17546.4,1.23585e-07,991.883,21993.1,1.41192e-07,1122.71,27536.7,-9.71886e-08,1270.78,34430.7,-3.68368e-07,1438.38,42977.7,-3.45379e-07,1628.07,53532.7,-3.25328e-09,1842.77,66504.6,2.6362e-07,2085.77,82350.2,2.53445e-07,2360.79,101560,-2.47407e-08,2672.05,124632,-3.80602e-07,3024.31,152018,-4.79005e-07,3422.98,184060,-1.14379e-07,3874.15,220884,2.64297e-07,4384.72,262283,3.44131e-07,4962.49,307576,7.5349e-08,5616.29,355497,-3.63097e-07,6356.1,404126,-6.05442e-07,7193.18,450932,-2.72333e-07,8140.28,492963,2.29675e-07,9211.79,527178,4.3387e-07,10424,550893,-1.0711e-07,10.102,8.06553,2.81012,10.6436,8.57909,0.869423,11.5336,10.2515,0.270869,12.7211,12.7138,0.0844293,14.1823,15.9373,0.0263173,15.9122,20.0383,0.0082035,17.9198,25.2154,0.00255722,20.2244,31.7373,0.000797017,22.8539,39.9486,0.000248622,25.8438,50.2851,7.75492e-05,29.237,63.2963,2.42508e-05,33.0837,79.6738,7.67162e-06,37.4415,100.288,2.32837e-06,42.3767,126.236,7.33e-07,47.9646,158.896,2.79256e-07,54.2906,200.003,9.87351e-09,61.452,251.741,1.61085e-07,69.5585,316.859,-2.47141e-07,78.7347,398.812,8.93552e-08,89.1218,501.948,-2.53231e-07,100.879,631.736,-1.25047e-07,114.188,795.049,-1.78808e-07,129.252,1000.53,2.6733e-07,146.304,1259.03,4.50292e-07,165.605,1584.19,6.76904e-07,187.452,1993.12,-1.23808e-07,212.181,2507.27,-4.89068e-07,240.173,3153.54,-5.40284e-07,271.856,3965.56,1.86061e-07,307.719,4985.38,4.37004e-07,348.313,6265.4,3.59828e-07,394.26,7870.83,3.98192e-07,446.268,9882.51,-1.92908e-07,505.135,12400.3,-2.20392e-07,571.766,15546.9,1.51705e-07,647.184,19472.2,5.74996e-07,732.547,24357.4,5.39112e-07,829.167,30420,5.07815e-09,938.526,37916.3,-4.11492e-07,1062.3,47143.9,-3.9561e-07,1202.4,58439.2,3.86185e-08,1360.96,72169.3,5.94093e-07,1540.42,88715.8,7.47693e-07,1743.53,108445,1.78537e-07,1973.41,131665,-4.12549e-07,2233.57,158557,-5.37164e-07,2528,189103,-1.17615e-07,2861.2,222986,5.66769e-07,3238.27,259510,9.45053e-07,3664.97,297540,4.25093e-07,4147.81,335497,-3.58506e-07,4694.17,371444,-6.7724e-07,5312.37,403256,1.67192e-07,1.61744,3.89446,9.84394,3.28846,7.5504,12.774,5.07607,11.7187,13.6844,7.03202,16.8147,13.9681,9.20215,23.1769,14.0566,11.6301,31.1672,14.0841,14.3598,41.2186,14.0927,17.4376,53.8688,14.0954,20.9137,69.7915,14.0962,24.8432,89.8341,14.0965,29.2879,115.063,14.0966,34.3168,146.819,14.0966,40.0078,186.792,14.0966,46.4487,237.107,14.0966,53.7388,300.44,14.0966,61.9903,380.158,14.0966,71.3301,480.499,14.0966,81.902,606.796,14.0966,93.8685,765.761,14.0966,107.414,965.837,14.0966,122.746,1217.65,14.0966,140.101,1534.57,14.0966,159.745,1933.41,14.0966,181.981,2435.3,14.0966,207.15,3066.85,14.0966,235.64,3861.46,14.0966,267.889,4861.11,14.0966,304.391,6118.54,14.0966,345.709,7699.91,14.0966,392.478,9688.22,14.0966,445.417,12187.5,14.0966,505.339,15327.7,14.0966,573.165,19271.6,14.0966,649.938,24222,14.0966,736.839,30430.9,14.0966,835.202,38211.5,14.0966,946.539,47950.3,14.0966,1072.56,60122.8,14.0966,1215.21,75309.9,14.0966,1376.66,94216.2,14.0966,1559.41,117688,14.0966,1766.26,146729,14.0966,2000.39,182510,14.0966,2265.39,226372,14.0966,2565.33,279806,14.0966,2904.81,344416,14.0966,3289.05,421845,14.0966,3723.93,513667,14.0966,4216.13,621231,14.0966,4773.18,745478,14.0966,5403.64,886744,14.0966,6117.15,1.04457e+06,14.0966,6924.63,1.2176e+06,14.0966,11.7194,11.96,12.6541,13.9321,16.1295,13.6434,16.6097,21.9702,13.9553,19.7532,29.5285,14.0526,23.3844,39.1143,14.0829,27.5423,51.2054,14.0923,32.2796,66.434,14.0953,37.662,85.6061,14.0962,43.7675,109.74,14.0965,50.687,140.119,14.0966,58.5249,178.359,14.0966,67.4005,226.493,14.0966,77.4493,287.08,14.0966,88.8254,363.343,14.0966,101.703,459.336,14.0966,116.281,580.161,14.0966,132.782,732.241,14.0966,151.46,923.655,14.0966,172.603,1164.57,14.0966,196.535,1467.79,14.0966,223.625,1849.39,14.0966,254.288,2329.62,14.0966,288.997,2933.93,14.0966,328.285,3694.33,14.0966,372.755,4651.04,14.0966,423.092,5854.57,14.0966,480.07,7368.38,14.0966,544.564,9272.08,14.0966,617.566,11665.5,14.0966,700.197,14673.6,14.0966,793.729,18452.9,14.0966,899.599,23198.6,14.0966,1019.43,29154.1,14.0966,1155.07,36622.3,14.0966,1308.6,45977.9,14.0966,1482.39,57683.7,14.0966,1679.09,72307.8,14.0966,1901.73,90542.8,14.0966,2153.73,113226,14.0966,2438.97,141360,14.0966,2761.81,176127,14.0966,3127.22,218898,14.0966,3540.81,271226,14.0966,4008.92,334817,14.0966,4538.74,411470,14.0966,5138.38,502973,14.0966,5817.04,610948,14.0966,6585.12,736653,14.0966,7454.39,880741,14.0966,8438.15,1.04302e+06,14.0966,9551.45,1.22224e+06,14.0966,10811.3,1.41602e+06,14.0966,12237,1.62086e+06,14.0966,11.7194,11.96,12.6541,2.21263,4.16949,0.989383,2.67766,5.84076,0.311842,3.14343,7.55825,0.0972771,3.63127,9.58578,0.0303237,4.15787,12.0912,0.00945211,4.73731,15.2286,0.00294633,5.38238,19.1721,0.000918508,6.10553,24.134,0.000286163,6.91951,30.3791,8.92692e-05,7.83792,38.2397,2.78121e-05,8.87555,48.1338,8.65134e-06,10.0489,60.5876,2.7882e-06,11.3761,76.2629,8.29036e-07,12.8779,95.9927,2.4373e-07,14.5775,120.825,4.33068e-09,16.5012,152.08,1.75749e-07,18.6784,191.415,-1.86328e-07,21.1428,240.917,1.91829e-07,23.9322,303.213,-1.81475e-07,27.0895,381.602,7.0186e-08,30.6634,480.231,-2.86769e-08,34.7087,604.316,2.40784e-07,39.2876,760.401,9.87368e-08,44.4705,956.705,1.22263e-07,50.3371,1203.54,-4.31966e-07,56.9776,1513.81,-1.9705e-07,64.494,1903.69,-2.763e-08,73.0018,2393.4,3.9185e-07,82.6317,3008.13,1.35379e-07,93.5318,3779.25,-4.16351e-08,105.869,4745.7,2.06965e-08,119.834,5955.6,-3.18887e-07,135.641,7468.12,-1.48271e-08,153.531,9355.62,2.00739e-07,173.781,11705.8,2.28358e-07,196.701,14624.1,-1.93587e-08,222.642,18235,-2.88101e-07,252.003,22683.4,-2.24732e-07,285.234,28134,8.56806e-09,322.845,34767,2.34258e-07,365.413,42770.9,2.99668e-07,413.588,52327.9,8.28644e-08,468.111,63591.2,-3.07049e-07,529.814,76653.2,-3.1888e-07,599.642,91502.5,-6.72276e-08,678.662,107975,2.26339e-07,768.083,125705,3.69212e-07,869.267,144088,2.04077e-07,983.76,162277,-2.80509e-07,1113.3,179223,-4.22737e-07,1259.87,193777,-1.71951e-07,1425.68,204839,4.55555e-07,11.7194,11.96,12.6541,2.21263,4.16949,0.989383,2.67766,5.84076,0.311842,3.14343,7.55825,0.0972771,3.63127,9.58578,0.0303237,4.15787,12.0912,0.00945211,4.73731,15.2286,0.00294633,5.38238,19.1721,0.000918508,6.10553,24.134,0.000286163,6.91951,30.3791,8.92692e-05,7.83792,38.2397,2.78121e-05,8.87555,48.1338,8.65134e-06,10.0489,60.5876,2.7882e-06,11.3761,76.2629,8.29036e-07,12.8779,95.9927,2.4373e-07,14.5775,120.825,1e-08,16.5012,152.08,1.75749e-07,18.6784,191.415,1e-08,21.1428,240.917,1.91829e-07,23.9322,303.213,1e-08,27.0895,381.602,7.0186e-08,30.6634,480.231,1e-08,34.7087,604.316,2.40784e-07,39.2876,760.401,9.87368e-08,44.4705,956.705,1.22263e-07,50.3371,1203.54,1e-08,56.9776,1513.81,1e-08,64.494,1903.69,1e-08,73.0018,2393.4,3.9185e-07,82.6317,3008.13,1.35379e-07,93.5318,3779.25,1e-08,105.869,4745.7,2.06965e-08,119.834,5955.6,1e-08,135.641,7468.12,1e-08,153.531,9355.62,2.00739e-07,173.781,11705.8,2.28358e-07,196.701,14624.1,1e-08,222.642,18235,1e-08,252.003,22683.4,1e-08,285.234,28134,1e-08,322.845,34767,2.34258e-07,365.413,42770.9,2.99668e-07,413.588,52327.9,8.28644e-08,468.111,63591.2,1e-08,529.814,76653.2,1e-08,599.642,91502.5,1e-08,678.662,107975,2.26339e-07,768.083,125705,3.69212e-07,869.267,144088,2.04077e-07,983.76,162277,1e-08,1113.3,179223,1e-08,1259.87,193777,1e-08,1425.68,204839,4.55555e-07,6.2823,3.27286,2.43537,0.219672,6.18826,2.24117,0.56371,6.87772,2.63624,0.308279,8,15,11,2,6,1,4,6,0,0,4,2,2,6,0,5,11,0,1,11,0,2,23,0,6,13,0,9,53,0,4,29,0,10,66,0,12,54,0,2,83,0,4,134,0,10,220,0,8,92,0,24,391,0,7,199,0,24,351,0,53,293,0,37,376,0,27,827,0,64,319,0,72,515,0,104,854,0,41,1110,0,69,1973,0,45,3148,0,58,2759,0,41,2656,0,26,2396,0,222,3723,0,142,9294,0,172,7303,0,109,11881,0,355,7064,0,318,25612,0,90,25086,0,380,30734,0,259,48611,0,451,51670,0,565,69120,0,463,63239,0,157,71206,0,554,59369,0,948,119731,0,358,113007,0,791,152005,0,836,45902,0,1267,248041,0,1004,159594,0,1834,288723,0
-1.05176e+08,1,8.88811e-15,10,1023,0,1.05176e+08,0.528882,1.08665,0.389689,0.145397,0.379329,3.24381,0.161596,0.446195,1.77396,0.159177,1.15e+07,4.49998e+06,6.79999e+06,1.15e+07,4.49997e+06,6.79999e+06,1.15e+07,4.49996e+06,6.79999e+06,1.15e+07,4.49995e+06,6.79999e+06,1.14999e+07,4.49993e+06,6.79999e+06,1.14999e+07,4.49991e+06,6.79999e+06,1.14999e+07,4.49989e+06,6.79999e+06,1.14999e+07,4.49986e+06,6.79999e+06,1.14999e+07,4.49982e+06,6.79999e+06,1.14999e+07,4.49977e+06,6.79999e+06,1.14999e+07,4.49971e+06,6.79999e+06,1.14999e+07,4.49963e+06,6.79999e+06,1.14998e+07,4.49953e+06,6.79999e+06,1.14998e+07,4.49941e+06,6.79999e+06,1.14998e+07,4.49926e+06,6.79999e+06,1.14998e+07,4.49906e+06,6.79999e+06,1.14997e+07,4.49882e+06,6.79999e+06,1.14997e+07,4.49851e+06,6.79999e+06,1.14997e+07,4.49812e+06,6.79999e+06,1.14996e+07,4.49764e+06,6.79999e+06,1.14996e+07,4.49702e+06,6.79999e+06,1.14995e+07,4.49625e+06,6.79999e+06,1.14995e+07,4.49528e+06,6.79999e+06,1.14994e+07,4.49406e+06,6.79999e+06,1.14993e+07,4.49253e+06,6.79999e+06,1.14992e+07,4.49059e+06,6.79999e+06,1.14991e+07,4.48817e+06,6.79999e+06,1.1499e+07,4.48511e+06,6.79999e+06,1.14988e+07,4.48128e+06,6.79999e+06,1.14987e+07,4.47646e+06,6.79999e+06,1.14985e+07,4.47041e+06,6.79999e+06,1.14983e+07,4.46281e+06,6.79999e+06,1.14981e+07,4.4533e+06,6.79999e+06,1.14979e+07,4.44138e+06,6.79999e+06,1.14976e+07,4.42649e+06,6.79999e+06,1.14972e+07,4.40789e+06,6.79999e+06,1.14969e+07,4.38471e+06,6.79999e+06,1.14965e+07,4.35592e+06,6.79999e+06,1.1496e+07,4.32027e+06,6.79999e+06,1.14955e+07,4.27629e+06,6.79999e+06,1.14949e+07,4.22231e+06,6.79999e+06,1.14942e+07,4.15647e+06,6.79999e+06,1.14934e+07,4.07676e+06,6.79999e+06,1.14926e+07,3.98112e+06,6.79999e+06,1.14916e+07,3.86765e+06,6.79999e+06,1.14905e+07,3.73474e+06,6.79999e+06,1.14892e+07,3.58148e+06,6.79999e+06,1.14878e+07,3.40785e+06,6.79999e+06,1.14862e+07,3.21513e+06,6.79999e+06,1.14844e+07,3.00605e+06,6.79999e+06,1.14823e+07,2.7848e+06,6.79999e+06,1.148e+07,2.5568e+06,6.79999e+06,1.14773e+07,2.32825e+06,6.79999e+06,13.5742,8.52444,0.508366,16.8306,13.2585,0.162638,20.0035,17.569,0.0507846,23.2616,22.4214,0.0158319,26.7328,28.3297,0.00493498,30.5212,35.6974,0.00153831,34.7178,44.9473,0.000479527,39.4086,56.5822,0.000149456,44.6796,71.2245,4.66214e-05,50.6209,89.6543,1.45419e-05,57.3297,112.852,4.54748e-06,64.9129,142.051,1.43857e-06,73.4897,178.803,4.36618e-07,83.1934,225.062,1.40153e-07,94.1745,283.286,4.96378e-08,106.602,356.568,1.05434e-07,120.669,448.799,-6.49244e-08,136.59,564.873,1.70148e-07,154.611,710.948,-5.34594e-08,175.008,894.767,1.63407e-07,198.097,1126.06,8.04804e-08,224.231,1417.07,1.14667e-07,253.813,1783.15,-1.71227e-07,287.297,2243.62,-2.88466e-07,325.198,2822.67,-4.33651e-07,368.098,3550.67,7.9318e-08,416.657,4465.65,3.13319e-07,471.621,5615.16,3.4613e-07,533.835,7058.61,-1.19199e-07,604.255,8870.02,-2.79964e-07,683.962,11141.4,-2.30521e-07,774.182,13986.7,-2.55099e-07,876.299,17546.4,1.23585e-07,991.883,21993.1,1.41192e-07,1122.71,27536.7,-9.71886e-08,1270.78,34430.7,-3.68368e-07,1438.38,42977.7,-3.45379e-07,1628.07,53532.7,-3.25328e-09,1842.77,66504.6,2.6362e-07,2085.77,82350.2,2.53445e-07,2360.79,101560,-2.47407e-08,2672.05,124632,-3.80602e-07,3024.31,152018,-4.79005e-07,3422.98,184060,-1.14379e-07,3874.15,220884,2.64297e-07,4384.72,262283,3.44131e-07,4962.49,307576,7.5349e-08,5616.29,355497,-3.63097e-07,6356.1,404126,-6.05442e-07,7193.18,450932,-2.72333e-07,8140.28,492963,2.29675e-07,9211.79,527178,4.3387e-07,10424,550893,-1.0711e-07,10.102,8.06553,2.81012,10.6436,8.57909,0.869423,11.5336,10.2515,0.270869,12.7211,12.7138,0.0844293,14.1823,15.9373,0.0263173,15.9122,20.0383,0.0082035,17.9198,25.2154,0.00255722,20.2244,31.7373,0.000797017,22.8539,39.9486,0.000248622,25.8438,50.2851,7.75492e-05,29.237,63.2963,2.42508e-05,33.0837,79.6738,7.67162e-06,37.4415,100.288,2.32837e-06,42.3767,126.236,7.33e-07,47.9646,158.896,2.79256e-07,54.2906,200.003,9.87351e-09,61.452,251.741,1.61085e-07,69.5585,316.859,-2.47141e-07,78.7347,398.812,8.93552e-08,89.1218,501.948,-2.53231e-07,100.879,631.736,-1.25047e-07,114.188,795.049,-1.78808e-07,129.252,1000.53,2.6733e-07,146.304,1259.03,4.50292e-07,165.605,1584.19,6.76904e-07,187.452,1993.12,-1.23808e-07,212.181,2507.27,-4.89068e-07,240.173,3153.54,-5.40284e-07,271.856,3965.56,1.86061e-07,307.719,4985.38,4.37004e-07,348.313,6265.4,3.59828e-07,394.26,7870.83,3.98192e-07,446.268,9882.51,-1.92908e-07,505.135,12400.3,-2.20392e-07,571.766,15546.9,1.51705e-07,647.184,19472.2,5.74996e-07,732.547,24357.4,5.39112e-07,829.167,30420,5.07815e-09,938.526,37916.3,-4.11492e-07,1062.3,47143.9,-3.9561e-07,1202.4,58439.2,3.86185e-08,1360.96,72169.3,5.94093e-07,1540.42,88715.8,7.47693e-07,1743.53,108445,1.78537e-07,1973.41,131665,-4.12549e-07,2233.57,158557,-5.37164e-07,2528,189103,-1.17615e-07,2861.2,222986,5.66769e-07,3238.27,259510,9.45053e-07,3664.97,297540,4.25093e-07,4147.81,335497,-3.58506e-07,4694.17,371444,-6.7724e-07,5312.37,403256,1.67192e-07,1.61744,3.89446,9.84394,3.28846,7.5504,12.774,5.07607,11.7187,13.6844,7.03202,16.8147,13.9681,9.20215,23.1769,14.0566,11.6301,31.1672,14.0841,14.3598,41.2186,14.0927,17.4376,53.8688,14.0954,20.9137,69.7915,14.0962,24.8432,89.8341,14.0965,29.2879,115.063,14.0966,34.3168,146.819,14.0966,40.0078,186.792,14.0966,46.4487,237.107,14.0966,53.7388,300.44,14.0966,61.9903,380.158,14.0966,71.3301,480.499,14.0966,81.902,606.796,14.0966,93.8685,765.761,14.0966,107.414,965.837,14.0966,122.746,1217.65,14.0966,140.101,1534.57,14.0966,159.745,1933.41,14.0966,181.981,2435.3,14.0966,207.15,3066.85,14.0966,235.64,3861.46,14.0966,267.889,4861.11,14.0966,304.391,6118.54,14.0966,345.709,7699.91,14.0966,392.478,9688.22,14.0966,445.417,12187.5,14.0966,505.339,15327.7,14.0966,573.165,19271.6,14.0966,649.938,24222,14.0966,736.839,30430.9,14.0966,835.202,38211.5,14.0966,946.539,47950.3,14.0966,1072.56,60122.8,14.0966,1215.21,75309.9,14.0966,1376.66,94216.2,14.0966,1559.41,117688,14.0966,1766.26,146729,14.0966,2000.39,182510,14.0966,2265.39,226372,14.0966,2565.33,279806,14.0966,2904.81,344416,14.0966,3289.05,421845,14.0966,3723.93,513667,14.0966,4216.13,621231,14.0966,4773.18,745478,14.0966,5403.64,886744,14.0966,6117.15,1.04457e+06,14.0966,6924.63,1.2176e+06,14.0966,11.7194,11.96,12.6541,13.9321,16.1295,13.6434,16.6097,21.9702,13.9553,19.7532,29.5285,14.0526,23.3844,39.1143,14.0829,27.5423,51.2054,14.0923,32.2796,66.434,14.0953,37.662,85.6061,14.0962,43.7675,109.74,14.0965,50.687,140.119,14.0966,58.5249,178.359,14.0966,67.4005,226.493,14.0966,77.4493,287.08,14.0966,88.8254,363.343,14.0966,101.703,459.336,14.0966,116.281,580.161,14.0966,132.782,732.241,14.0966,151.46,923.655,14.0966,172.603,1164.57,14.0966,196.535,1467.79,14.0966,223.625,1849.39,14.0966,254.288,2329.62,14.0966,288.997,2933.93,14.0966,328.285,3694.33,14.0966,372.755,4651.04,14.0966,423.092,5854.57,14.0966,480.07,7368.38,14.0966,544.564,9272.08,14.0966,617.566,11665.5,14.0966,700.197,14673.6,14.0966,793.729,18452.9,14.0966,899.599,23198.6,14.0966,1019.43,29154.1,14.0966,1155.07,36622.3,14.0966,1308.6,45977.9,14.0966,1482.39,57683.7,14.0966,1679.09,72307.8,14.0966,1901.73,90542.8,14.0966,2153.73,113226,14.0966,2438.97,141360,14.0966,2761.81,176127,14.0966,3127.22,218898,14.0966,3540.81,271226,14.0966,4008.92,334817,14.0966,4538.74,411470,14.0966,5138.38,502973,14.0966,5817.04,610948,14.0966,6585.12,736653,14.0966,7454.39,880741,14.0966,8438.15,1.04302e+06,14.0966,9551.45,1.22224e+06,14.0966,10811.3,1.41602e+06,14.0966,12237,1.62086e+06,14.0966,11.7194,11.96,12.6541,2.21263,4.16949,0.989383,2.67766,5.84076,0.311842,3.14343,7.55825,0.0972771,3.63127,9.58578,0.0303237,4.15787,12.0912,0.00945211,4.73731,15.2286,0.00294633,5.38238,19.1721,0.000918508,6.10553,24.134,0.000286163,6.91951,30.3791,8.92692e-05,7.83792,38.2397,2.78121e-05,8.87555,48.1338,8.65134e-06,10.0489,60.5876,2.7882e-06,11.3761,76.2629,8.29036e-07,12.8779,95.9927,2.4373e-07,14.5775,120.825,4.33068e-09,16.5012,152.08,1.75749e-07,18.6784,191.415,-1.86328e-07,21.1428,240.917,1.91829e-07,23.9322,303.213,-1.81475e-07,27.0895,381.602,7.0186e-08,30.6634,480.231,-2.86769e-08,34.7087,604.316,2.40784e-07,39.2876,760.401,9.87368e-08,44.4705,956.705,1.22263e-07,50.3371,1203.54,-4.31966e-07,56.9776,1513.81,-1.9705e-07,64.494,1903.69,-2.763e-08,73.0018,2393.4,3.9185e-07,82.6317,3008.13,1.35379e-07,93.5318,3779.25,-4.16351e-08,105.869,4745.7,2.06965e-08,119.834,5955.6,-3.18887e-07,135.641,7468.12,-1.48271e-08,153.531,9355.62,2.00739e-07,173.781,11705.8,2.28358e-07,196.701,14624.1,-1.93587e-08,222.642,18235,-2.88101e-07,252.003,22683.4,-2.24732e-07,285.234,28134,8.56806e-09,322.845,34767,2.34258e-07,365.413,42770.9,2.99668e-07,413.588,52327.9,8.28644e-08,468.111,63591.2,-3.07049e-07,529.814,76653.2,-3.1888e-07,599.642,91502.5,-6.72276e-08,678.662,107975,2.26339e-07,768.083,125705,3.69212e-07,869.267,144088,2.04077e-07,983.76,162277,-2.80509e-07,1113.3,179223,-4.22737e-07,1259.87,193777,-1.71951e-07,1425.68,204839,4.55555e-07,11.7194,11.96,12.6541,2.21263,4.16949,0.989383,2.67766,5.84076,0.311842,3.14343,7.55825,0.0972771,3.63127,9.58578,0.0303237,4.15787,12.0912,0.00945211,4.73731,15.2286,0.00294633,5.38238,19.1721,0.000918508,6.10553,24.134,0.000286163,6.91951,30.3791,8.92692e-05,7.83792,38.2397,2.78121e-05,8.87555,48.1338,8.65134e-06,10.0489,60.5876,2.7882e-06,11.3761,76.2629,8.29036e-07,12.8779,95.9927,2.4373e-07,14.5775,120.825,1e-08,16.5012,152.08,1.75749e-07,18.6784,191.415,1e-08,21.1428,240.917,1.91829e-07,23.9322,303.213,1e-08,27.0895,381.602,7.0186e-08,30.6634,480.231,1e-08,34.7087,604.316,2.40784e-07,39.2876,760.401,9.87368e-08,44.4705,956.705,1.22263e-07,50.3371,1203.54,1e-08,56.9776,1513.81,1e-08,64.494,1903.69,1e-08,73.0018,2393.4,3.9185e-07,82.6317,3008.13,1.35379e-07,93.5318,3779.25,1e-08,105.869,4745.7,2.06965e-08,119.834,5955.6,1e-08,135.641,7468.12,1e-08,153.531,9355.62,2.00739e-07,173.781,11705.8,2.28358e-07,196.701,14624.1,1e-08,222.642,18235,1e-08,252.003,22683.4,1e-08,285.234,28134,1e-08,322.845,34767,2.34258e-07,365.413,42770.9,2.99668e-07,413.588,52327.9,8.28644e-08,468.111,63591.2,1e-08,529.814,76653.2,1e-08,599.642,91502.5,1e-08,678.662,107975,2.26339e-07,768.083,125705,3.69212e-07,869.267,144088,2.04077e-07,983.76,162277,1e-08,1113.3,179223,1e-08,1259.87,193777,1e-08,1425.68,204839,4.55555e-07,6.2823,3.27286,2.43537,0.219672,6.18826,2.24117,0.56371,6.87772,2.63624,0.308279,8,10,11,4,5,0,8,9,0,3,4,0,2,12,0,4,11,0,6,15,0,4,15,0,4,24,0,3,43,0,8,68,0,11,53,0,11,48,0,10,129,0,10,87,0,15,149,0,19,216,0,49,177,0,15,213,0,20,130,0,34,315,0,26,390,0,27,765,0,28,776,0,36,392,0,46,1265,0,34,1308,0,84,1853,0,53,1118,0,44,3943,0,81,4862,0,29,4820,0,86,4744,0,176,13903,0,182,13623,0,176,13421,0,120,15235,0,118,25303,0,469,45423,0,132,46682,0,263,55511,0,541,35770,0,500,58425,0,495,36920,0,533,145583,0,288,117686,0,469,86045,0,750,114611,0,561,110087,0,707,153921,0,844,194399,0,1153,154567,0,734,149767,0
-1.05176e+08,1,8.88811e-15,10,1023,0,1.05176e+08,0.528882,1.08665,0.389689,0.145397,0.379329,3.24381,0.161596,0.446195,1.77396,0.159177,1.15e+07,4.49998e+06,6.79999e+06,1.15e+07,4.49997e+06,6.79999e+06,1.15e+07,4.49996e+06,6.79999e+06,1.15e+07,4.49995e+06,6.79999e+06,1.14999e+07,4.49993e+06,6.79999e+06,1.14999e+07,4.49991e+06,6.79999e+06,1.14999e+07,4.49989e+06,6.79999e+06,1.14999e+07,4.49986e+06,6.79999e+06,1.14999e+07,4.49982e+06,6.79999e+06,1.14999e+07,4.49977e+06,6.79999e+06,1.14999e+07,4.49971e+06,6.79999e+06,1.14999e+07,4.49963e+06,6.79999e+06,1.14998e+07,4.49953e+06,6.79999e+06,1.14998e+07,4.49941e+06,6.79999e+06,1.14998e+07,4.49926e+06,6.79999e+06,1.14998e+07,4.49906e+06,6.79999e+06,1.14997e+07,4.49882e+06,6.79999e+06,1.14997e+07,4.49851e+06,6.79999e+06,1.14997e+07,4.49812e+06,6.79999e+06,1.14996e+07,4.49764e+06,6.79999e+06,1.14996e+07,4.49702e+06,6.79999e+06,1.14995e+07,4.49625e+06,6.79999e+06,1.14995e+07,4.49528e+06,6.79999e+06,1.14994e+07,4.49406e+06,6.79999e+06,1.14993e+07,4.49253e+06,6.79999e+06,1.14992e+07,4.49059e+06,6.79999e+06,1.14991e+07,4.48817e+06,6.79999e+06,1.1499e+07,4.48511e+06,6.79999e+06,1.14988e+07,4.48128e+06,6.79999e+06,1.14987e+07,4.47646e+06,6.79999e+06,1.14985e+07,4.47041e+06,6.79999e+06,1.14983e+07,4.46281e+06,6.79999e+06,1.14981e+07,4.4533e+06,6.79999e+06,1.14979e+07,4.44138e+06,6.79999e+06,1.14976e+07,4.42649e+06,6.79999e+06,1.14972e+07,4.40789e+06,6.79999e+06,1.14969e+07,4.38471e+06,6.79999e+06,1.14965e+07,4.35592e+06,6.79999e+06,1.1496e+07,4.32027e+06,6.79999e+06,1.14955e+07,4.27629e+06,6.79999e+06,1.14949e+07,4.22231e+06,6.79999e+06,1.14942e+07,4.15647e+06,6.79999e+06,1.14934e+07,4.07676e+06,6.79999e+06,1.14926e+07,3.98112e+06,6.79999e+06,1.14916e+07,3.86765e+06,6.79999e+06,1.14905e+07,3.73474e+06,6.79999e+06,1.14892e+07,3.58148e+06,6.79999e+06,1.14878e+07,3.40785e+06,6.79999e+06,1.14862e+07,3.21513e+06,6.79999e+06,1.14844e+07,3.00605e+06,6.79999e+06,1.14823e+07,2.7848e+06,6.79999e+06,1.148e+07,2.5568e+06,6.79999e+06,1.14773e+07,2.32825e+06,6.79999e+06,13.5742,8.52444,0.508366,16.8306,13.2585,0.162638,20.0035,17.569,0.0507846,23.2616,22.4214,0.0158319,26.7328,28.3297,0.00493498,30.5212,35.6974,0.00153831,34.7178,44.9473,0.000479527,39.4086,56.5822,0.000149456,44.6796,71.2245,4.66214e-05,50.6209,89.6543,1.45419e-05,57.3297,112.852,4.54748e-06,64.9129,142.051,1.43857e-06,73.4897,178.803,4.36618e-07,83.1934,225.062,1.40153e-07,94.1745,283.286,4.96378e-08,106.602,356.568,1.05434e-07,120.669,448.799,-6.49244e-08,136.59,564.873,1.70148e-07,154.611,710.948,-5.34594e-08,175.008,894.767,1.63407e-07,198.097,1126.06,8.04804e-08,224.231,1417.07,1.14667e-07,253.813,1783.15,-1.71227e-07,287.297,2243.62,-2.88466e-07,325.198,2822.67,-4.33651e-07,368.098,3550.67,7.9318e-08,416.657,4465.65,3.13319e-07,471.621,5615.16,3.4613e-07,533.835,7058.61,-1.19199e-07,604.255,8870.02,-2.79964e-07,683.962,11141.4,-2.30521e-07,774.182,13986.7,-2.55099e-07,876.299,17546.4,1.23585e-07,991.883,21993.1,1.41192e-07,1122.71,27536.7,-9.71886e-08,1270.78,34430.7,-3.68368e-07,1438.38,42977.7,-3.45379e-07,1628.07,53532.7,-3.25328e-09,1842.77,66504.6,2.6362e-07,2085.77,82350.2,2.53445e-07,2360.79,101560,-2.47407e-08,2672.05,124632,-3.80602e-07,3024.31,152018,-4.79005e-07,3422.98,184060,-1.14379e-07,3874.15,220884,2.64297e-07,4384.72,262283,3.44131e-07,4962.49,307576,7.5349e-08,5616.29,355497,-3.63097e-07,6356.1,404126,-6.05442e-07,7193.18,450932,-2.72333e-07,8140.28,492963,2.29675e-07,9211.79,527178,4.3387e-07,10424,550893,-1.0711e-07,10.102,8.06553,2.81012,10.6436,8.57909,0.869423,11.5336,10.2515,0.270869,12.7211,12.7138,0.0844293,14.1823,15.9373,0.0263173,15.9122,20.0383,0.0082035,17.9198,25.2154,0.00255722,20.2244,31.7373,0.000797017,22.8539,39.9486,0.000248622,25.8438,50.2851,7.75492e-05,29.237,63.2963,2.42508e-05,33.0837,79.6738,7.67162e-06,37.4415,100.288,2.32837e-06,42.3767,126.236,7.33e-07,47.9646,158.896,2.79256e-07,54.2906,200.003,9.87351e-09,61.452,251.741,1.61085e-07,69.5585,316.859,-2.47141e-07,78.7347,398.812,8.93552e-08,89.1218,501.948,-2.53231e-07,100.879,631.736,-1.25047e-07,114.188,795.049,-1.78808e-07,129.252,1000.53,2.6733e-07,146.304,1259.03,4.50292e-07,165.605,1584.19,6.76904e-07,187.452,1993.12,-1.23808e-07,212.181,2507.27,-4.89068e-07,240.173,3153.54,-5.40284e-07,271.856,3965.56,1.86061e-07,307.719,4985.38,4.37004e-07,348.313,6265.4,3.59828e-07,394.26,7870.83,3.98192e-07,446.268,9882.51,-1.92908e-07,505.135,12400.3,-2.20392e-07,571.766,15546.9,1.51705e-07,647.184,19472.2,5.74996e-07,732.547,24357.4,5.39112e-07,829.167,30420,5.07815e-09,938.526,37916.3,-4.11492e-07,1062.3,47143.9,-3.9561e-07,1202.4,58439.2,3.86185e-08,1360.96,72169.3,5.94093e-07,1540.42,88715.8,7.47693e-07,1743.53,108445,1.78537e-07,1973.41,131665,-4.12549e-07,2233.57,158557,-5.37164e-07,2528,189103,-1.17615e-07,2861.2,222986,5.66769e-07,3238.27,259510,9.45053e-07,3664.97,297540,4.25093e-07,4147.81,335497,-3.58506e-07,4694.17,371444,-6.7724e-07,5312.37,403256,1.67192e-07,1.61744,3.89446,9.84394,3.28846,7.5504,12.774,5.07607,11.7187,13.6844,7.03202,16.8147,13.9681,9.20215,23.1769,14.0566,11.6301,31.1672,14.0841,14.3598,41.2186,14.0927,17.4376,53.8688,14.0954,20.9137,69.7915,14.0962,24.8432,89.8341,14.0965,29.2879,115.063,14.0966,34.3168,146.819,14.0966,40.0078,186.792,14.0966,46.4487,237.107,14.0966,53.7388,300.44,14.0966,61.9903,380.158,14.0966,71.3301,480.499,14.0966,81.902,606.796,14.0966,93.8685,765.761,14.0966,107.414,965.837,14.0966,122.746,1217.65,14.0966,140.101,1534.57,14.0966,159.745,1933.41,14.0966,181.981,2435.3,14.0966,207.15,3066.85,14.0966,235.64,3861.46,14.0966,267.889,4861.11,14.0966,304.391,6118.54,14.0966,345.709,7699.91,14.0966,392.478,9688.22,14.0966,445.417,12187.5,14.0966,505.339,15327.7,14.0966,573.165,19271.6,14.0966,649.938,24222,14.0966,736.839,30430.9,14.0966,835.202,38211.5,14.0966,946.539,47950.3,14.0966,1072.56,60122.8,14.0966,1215.21,75309.9,14.0966,1376.66,94216.2,14.0966,1559.41,117688,14.0966,1766.26,146729,14.0966,2000.39,182510,14.0966,2265.39,226372,14.0966,2565.33,279806,14.0966,2904.81,344416,14.0966,3289.05,421845,14.0966,3723.93,513667,14.0966,4216.13,621231,14.0966,4773.18,745478,14.0966,5403.64,886744,14.0966,6117.15,1.04457e+06,14.0966,6924.63,1.2176e+06,14.0966,11.7194,11.96,12.6541,13.9321,16.1295,13.6434,16.6097,21.9702,13.9553,19.7532,29.5285,14.0526,23.3844,39.1143,14.0829,27.5423,51.2054,14.0923,32.2796,66.434,14.0953,37.662,85.6061,14.0962,43.7675,109.74,14.0965,50.687,140.119,14.0966,58.5249,178.359,14.0966,67.4005,226.493,14.0966,77.4493,287.08,14.0966,88.8254,363.343,14.0966,101.703,459.336,14.0966,116.281,580.161,14.0966,132.782,732.241,14.0966,151.46,923.655,14.0966,172.603,1164.57,14.0966,196.535,1467.79,14.0966,223.625,1849.39,14.0966,254.288,2329.62,14.0966,288.997,2933.93,14.0966,328.285,3694.33,14.0966,372.755,4651.04,14.0966,423.092,5854.57,14.0966,480.07,7368.38,14.0966,544.564,9272.08,14.0966,617.566,11665.5,14.0966,700.197,14673.6,14.0966,793.729,18452.9,14.0966,899.599,23198.6,14.0966,1019.43,29154.1,14.0966,1155.07,36622.3,14.0966,1308.6,45977.9,14.0966,1482.39,57683.7,14.0966,1679.09,72307.8,14.0966,1901.73,90542.8,14.0966,2153.73,113226,14.0966,2438.97,141360,14.0966,2761.81,176127,14.0966,3127.22,218898,14.0966,3540.81,271226,14.0966,4008.92,334817,14.0966,4538.74,411470,14.0966,5138.38,502973,14.0966,5817.04,610948,14.0966,6585.12,736653,14.0966,7454.39,880741,14.0966,8438.15,1.04302e+06,14.0966,9551.45,1.22224e+06,14.0966,10811.3,1.41602e+06,14.0966,12237,1.62086e+06,14.0966,11.7194,11.96,12.6541,2.21263,4.16949,0.989383,2.67766,5.84076,0.311842,3.14343,7.55825,0.0972771,3.63127,9.58578,0.0303237,4.15787,12.0912,0.00945211,4.73731,15.2286,0.00294633,5.38238,19.1721,0.000918508,6.10553,24.134,0.000286163,6.91951,30.3791,8.92692e-05,7.83792,38.2397,2.78121e-05,8.87555,48.1338,8.65134e-06,10.0489,60.5876,2.7882e-06,11.3761,76.2629,8.29036e-07,12.8779,95.9927,2.4373e-07,14.5775,120.825,4.33068e-09,16.5012,152.08,1.75749e-07,18.6784,191.415,-1.86328e-07,21.1428,240.917,1.91829e-07,23.9322,303.213,-1.81475e-07,27.0895,381.602,7.0186e-08,30.6634,480.231,-2.86769e-08,34.7087,604.316,2.40784e-07,39.2876,760.401,9.87368e-08,44.4705,956.705,1.22263e-07,50.3371,1203.54,-4.31966e-07,56.9776,1513.81,-1.9705e-07,64.494,1903.69,-2.763e-08,73.0018,2393.4,3.9185e-07,82.6317,3008.13,1.35379e-07,93.5318,3779.25,-4.16351e-08,105.869,4745.7,2.06965e-08,119.834,5955.6,-3.18887e-07,135.641,7468.12,-1.48271e-08,153.531,9355.62,2.00739e-07,173.781,11705.8,2.28358e-07,196.701,14624.1,-1.93587e-08,222.642,18235,-2.88101e-07,252.003,22683.4,-2.24732e-07,285.234,28134,8.56806e-09,322.845,34767,2.34258e-07,365.413,42770.9,2.99668e-07,413.588,52327.9,8.28644e-08,468.111,63591.2,-3.07049e-07,529.814,76653.2,-3.1888e-07,599.642,91502.5,-6.72276e-08,678.662,107975,2.26339e-07,768.083,125705,3.69212e-07,869.267,144088,2.04077e-07,983.76,162277,-2.80509e-07,1113.3,179223,-4.22737e-07,1259.87,193777,-1.71951e-07,1425.68,204839,4.55555e-07,11.7194,11.96,12.6541,2.21263,4.16949,0.989383,2.67766,5.84076,0.311842,3.14343,7.55825,0.0972771,3.63127,9.58578,0.0303237,4.15787,12.0912,0.00945211,4.73731,15.2286,0.00294633,5.38238,19.1721,0.000918508,6.10553,24.134,0.000286163,6.91951,30.3791,8.92692e-05,7.83792,38.2397,2.78121e-05,8.87555,48.1338,8.65134e-06,10.0489,60.5876,2.7882e-06,11.3761,76.2629,8.29036e-07,12.8779,95.9927,2.4373e-07,14.5775,120.825,1e-08,16.5012,152.08,1.75749e-07,18.6784,191.415,1e-08,21.1428,240.917,1.91829e-07,23.9322,303.213,1e-08,27.0895,381.602,7.0186e-08,30.6634,480.231,1e-08,34.7087,604.316,2.40784e-07,39.2876,760.401,9.87368e-08,44.4705,956.705,1.22263e-07,50.3371,1203.54,1e-08,56.9776,1513.81,1e-08,64.494,1903.69,1e-08,73.0018,2393.4,3.9185e-07,82.6317,3008.13,1.35379e-07,93.5318,3779.25,1e-08,105.869,4745.7,2.06965e-08,119.834,5955.6,1e-08,135.641,7468.12,1e-08,153.531,9355.62,2.00739e-07,173.781,11705.8,2.28358e-07,196.701,14624.1,1e-08,222.642,18235,1e-08,252.003,22683.4,1e-08,285.234,28134,1e-08,322.845,34767,2.34258e-07,365.413,42770.9,2.99668e-07,413.588,52327.9,8.28644e-08,468.111,63591.2,1e-08,529.814,76653.2,1e-08,599.642,91502.5,1e-08,678.662,107975,2.26339e-07,768.083,125705,3.69212e-07,869.267,144088,2.04077e-07,983.76,162277,1e-08,1113.3,179223,1e-08,1259.87,193777,1e-08,1425.68,204839,4.55555e-07,6.2823,3.27286,2.43537,0.219672,6.18826,2.24117,0.56371,6.87772,2.63624,0.308279,10,8,11,1,2,1,2,7,0,1,11,0,3,11,0,4,7,0,0,4,0,4,17,0,1,14,0,9,16,0,6,39,0,11,23,0,14,66,0,8,95,0,18,64,0,8,186,0,9,137,0,34,314,0,11,202,0,21,402,0,21,328,0,22,451,0,26,269,0,30,1471,0,25,751,0,102,1237,0,13,1255,0,28,2978,0,51,1229,0,125,3145,0,56,5037,0,80,6655,0,49,5022,0,127,7511,0,163,7473,0,90,9384,0,211,24809,0,341,31637,0,215,7281,0,271,46691,0,567,26782,0,639,20367,0,564,38004,0,696,48235,0,354,71349,0,649,93181,0,815,69532,0,572,145363,0,844,144546,0,1127,143014,0,1276,120301,0,2319,410031,0,708,201015,0
-1.05176e+08,1,8.88811e-15,10,1023,0,1.05176e+08,0.528882,1.08665,0.389689,0.145397,0.379329,3.24381,0.161596,0.446195,1.77396,0.159177,1.15e+07,4.49998e+06,6.79999e+06,1.15e+07,4.49997e+06,6.79999e+06,1.15e+07,4.49996e+06,6.79999e+06,1.15e+07,4.49995e+06,6.79999e+06,1.14999e+07,4.49993e+06,6.79999e+06,1.14999e+07,4.49991e+06,6.79999e+06,1.14999e+07,4.49989e+06,6.79999e+06,1.14999e+07,4.49986e+06,6.79999e+06,1.14999e+07,4.49982e+06,6.79999e+06,1.14999e+07,4.49977e+06,6.79999e+06,1.14999e+07,4.49971e+06,6.79999e+06,1.14999e+07,4.49963e+06,6.79999e+06,1.14998e+07,4.49953e+06,6.79999e+06,1.14998e+07,4.49941e+06,6.79999e+06,1.14998e+07,4.49926e+06,6.79999e+06,1.14998e+07,4.49906e+06,6.79999e+06,1.14997e+07,4.49882e+06,6.79999e+06,1.14997e+07,4.49851e+06,6.79999e+06,1.14997e+07,4.49812e+06,6.79999e+06,1.14996e+07,4.49764e+06,6.79999e+06,1.14996e+07,4.49702e+06,6.79999e+06,1.14995e+07,4.49625e+06,6.79999e+06,1.14995e+07,4.49528e+06,6.79999e+06,1.14994e+07,4.49406e+06,6.79999e+06,1.14993e+07,4.49253e+06,6.79999e+06,1.14992e+07,4.49059e+06,6.79999e+06,1.14991e+07,4.48817e+06,6.79999e+06,1.1499e+07,4.48511e+06,6.79999e+06,1.14988e+07,4.48128e+06,6.79999e+06,1.14987e+07,4.47646e+06,6.79999e+06,1.14985e+07,4.47041e+06,6.79999e+06,1.14983e+07,4.46281e+06,6.79999e+06,1.14981e+07,4.4533e+06,6.79999e+06,1.14979e+07,4.44138e+06,6.79999e+06,1.14976e+07,4.42649e+06,6.79999e+06,1.14972e+07,4.40789e+06,6.79999e+06,1.14969e+07,4.38471e+06,6.79999e+06,1.14965e+07,4.35592e+06,6.79999e+06,1.1496e+07,4.32027e+06,6.79999e+06,1.14955e+07,4.27629e+06,6.79999e+06,1.14949e+07,4.22231e+06,6.79999e+06,1.14942e+07,4.15647e+06,6.79999e+06,1.14934e+07,4.07676e+06,6.79999e+06,1.14926e+07,3.98112e+06,6.79999e+06,1.14916e+07,3.86765e+06,6.79999e+06,1.14905e+07,3.73474e+06,6.79999e+06,1.14892e+07,3.58148e+06,6.79999e+06,1.14878e+07,3.40785e+06,6.79999e+06,1.14862e+07,3.21513e+06,6.79999e+06,1.14844e+07,3.00605e+06,6.79999e+06,1.14823e+07,2.7848e+06,6.79999e+06,1.148e+07,2.5568e+06,6.79999e+06,1.14773e+07,2.32825e+06,6.79999e+06,13.5742,8.52444,0.508366,16.8306,13.2585,0.162638,20.0035,17.569,0.0507846,23.2616,22.4214,0.0158319,26.7328,28.3297,0.00493498,30.5212,35.6974,0.00153831,34.7178,44.9473,0.000479527,39.4086,56.5822,0.000149456,44.6796,71.2245,4.66214e-05,50.6209,89.6543,1.45419e-05,57.3297,112.852,4.54748e-06,64.9129,142.051,1.43857e-06,73.4897,178.803,4.36618e-07,83.1934,225.062,1.40153e-07,94.1745,283.286,4.96378e-08,106.602,356.568,1.05434e-07,120.669,448.799,-6.49244e-08,136.59,564.873,1.70148e-07,154.611,710.948,-5.34594e-08,175.008,894.767,1.63407e-07,198.097,1126.06,8.04804e-08,224.231,1417.07,1.14667e-07,253.813,1783.15,-1.71227e-07,287.297,2243.62,-2.88466e-07,325.198,2822.67,-4.33651e-07,368.098,3550.67,7.9318e-08,416.657,4465.65,3.13319e-07,471.621,5615.16,3.4613e-07,533.835,7058.61,-1.19199e-07,604.255,8870.02,-2.79964e-07,683.962,11141.4,-2.30521e-07,774.182,13986.7,-2.55099e-07,876.299,17546.4,1.23585e-07,991.883,21993.1,1.41192e-07,1122.71,27536.7,-9.71886e-08,1270.78,34430.7,-3.68368e-07,1438.38,42977.7,-3.45379e-07,1628.07,53532.7,-3.25328e-09,1842.77,66504.6,2.6362e-07,2085.77,82350.2,2.53445e-07,2360.79,101560,-2.47407e-08,2672.05,124632,-3.80602e-07,3024.31,152018,-4.79005e-07,3422.98,184060,-1.14379e-07,3874.15,220884,2.64297e-07,4384.72,262283,3.44131e-07,4962.49,307576,7.5349e-08,5616.29,355497,-3.63097e-07,6356.1,404126,-6.05442e-07,7193.18,450932,-2.72333e-07,8140.28,492963,2.29675e-07,9211.79,527178,4.3387e-07,10424,550893,-1.0711e-07,10.102,8.06553,2.81012,10.6436,8.57909,0.869423,11.5336,10.2515,0.270869,12.7211,12.7138,0.0844293,14.1823,15.9373,0.0263173,15.9122,20.0383,0.0082035,17.9198,25.2154,0.00255722,20.2244,31.7373,0.000797017,22.8539,39.9486,0.000248622,25.8438,50.2851,7.75492e-05,29.237,63.2963,2.42508e-05,33.0837,79.6738,7.67162e-06,37.4415,100.288,2.32837e-06,42.3767,126.236,7.33e-07,47.9646,158.896,2.79256e-07,54.2906,200.003,9.87351e-09,61.452,251.741,1.61085e-07,69.5585,316.859,-2.47141e-07,78.7347,398.812,8.93552e-08,89.1218,501.948,-2.53231e-07,100.879,631.736,-1.25047e-07,114.188,795.049,-1.78808e-07,129.252,1000.53,2.6733e-07,146.304,1259.03,4.50292e-07,165.605,1584.19,6.76904e-07,187.452,1993.12,-1.23808e-07,212.181,2507.27,-4.89068e-07,240.173,3153.54,-5.40284e-07,271.856,3965.56,1.86061e-07,307.719,4985.38,4.37004e-07,348.313,6265.4,3.59828e-07,394.26,7870.83,3.98192e-07,446.268,9882.51,-1.92908e-07,505.135,12400.3,-2.20392e-07,571.766,15546.9,1.51705e-07,647.184,19472.2,5.74996e-07,732.547,24357.4,5.39112e-07,829.167,30420,5.07815e-09,938.526,37916.3,-4.11492e-07,1062.3,47143.9,-3.9561e-07,1202.4,58439.2,3.86185e-08,1360.96,72169.3,5.94093e-07,1540.42,88715.8,7.47693e-07,1743.53,108445,1.78537e-07,1973.41,131665,-4.12549e-07,2233.57,158557,-5.37164e-07,2528,189103,-1.17615e-07,2861.2,222986,5.66769e-07,3238.27,259510,9.45053e-07,3664.97,297540,4.25093e-07,4147.81,335497,-3.58506e-07,4694.17,371444,-6.7724e-07,5312.37,403256,1.67192e-07,1.61744,3.89446,9.84394,3.28846,7.5504,12.774,5.07607,11.7187,13.6844,7.03202,16.8147,13.9681,9.20215,23.1769,14.0566,11.6301,31.1672,14.0841,14.3598,41.2186,14.0927,17.4376,53.8688,14.0954,20.9137,69.7915,14.0962,24.8432,89.8341,14.0965,29.2879,115.063,14.0966,34.3168,146.819,14.0966,40.0078,186.792,14.0966,46.4487,237.107,14.0966,53.7388,300.44,14.0966,61.9903,380.158,14.0966,71.3301,480.499,14.0966,81.902,606.796,14.0966,93.8685,765.761,14.0966,107.414,965.837,14.0966,122.746,1217.65,14.0966,140.101,1534.57,14.0966,159.745,1933.41,14.0966,181.981,2435.3,14.0966,207.15,3066.85,14.0966,235.64,3861.46,14.0966,267.889,4861.11,14.0966,304.391,6118.54,14.0966,345.709,7699.91,14.0966,392.478,9688.22,14.0966,445.417,12187.5,14.0966,505.339,15327.7,14.0966,573.165,19271.6,14.0966,649.938,24222,14.0966,736.839,30430.9,14.0966,835.202,38211.5,14.0966,946.539,47950.3,14.0966,1072.56,60122.8,14.0966,1215.21,75309.9,14.0966,1376.66,94216.2,14.0966,1559.41,117688,14.0966,1766.26,146729,14.0966,2000.39,182510,14.0966,2265.39,226372,14.0966,2565.33,279806,14.0966,2904.81,344416,14.0966,3289.05,421845,14.0966,3723.93,513667,14.0966,4216.13,621231,14.0966,4773.18,745478,14.0966,5403.64,886744,14.0966,6117.15,1.04457e+06,14.0966,6924.63,1.2176e+06,14.0966,11.7194,11.96,12.6541,13.9321,16.1295,13.6434,16.6097,21.9702,13.9553,19.7532,29.5285,14.0526,23.3844,39.1143,14.0829,27.5423,51.2054,14.0923,32.2796,66.434,14.0953,37.662,85.6061,14.0962,43.7675,109.74,14.0965,50.687,140.119,14.0966,58.5249,178.359,14.0966,67.4005,226.493,14.0966,77.4493,287.08,14.0966,88.8254,363.343,14.0966,101.703,459.336,14.0966,116.281,580.161,14.0966,132.782,732.241,14.0966,151.46,923.655,14.0966,172.603,1164.57,14.0966,196.535,1467.79,14.0966,223.625,1849.39,14.0966,254.288,2329.62,14.0966,288.997,2933.93,14.0966,328.285,3694.33,14.0966,372.755,4651.04,14.0966,423.092,5854.57,14.0966,480.07,7368.38,14.0966,544.564,9272.08,14.0966,617.566,11665.5,14.0966,700.197,14673.6,14.0966,793.729,18452.9,14.0966,899.599,23198.6,14.0966,1019.43,29154.1,14.0966,1155.07,36622.3,14.0966,1308.6,45977.9,14.0966,1482.39,57683.7,14.0966,1679.09,72307.8,14.0966,1901.73,90542.8,14.0966,2153.73,113226,14.0966,2438.97,141360,14.0966,2761.81,176127,14.0966,3127.22,218898,14.0966,3540.81,271226,14.0966,4008.92,334817,14.0966,4538.74,411470,14.0966,5138.38,502973,14.0966,5817.04,610948,14.0966,6585.12,736653,14.0966,7454.39,880741,14.0966,8438.15,1.04302e+06,14.0966,9551.45,1.22224e+06,14.0966,10811.3,1.41602e+06,14.0966,12237,1.62086e+06,14.0966,11.7194,11.96,12.6541,2.21263,4.16949,0.989383,2.67766,5.84076,0.311842,3.14343,7.55825,0.0972771,3.63127,9.58578,0.0303237,4.15787,12.0912,0.00945211,4.73731,15.2286,0.00294633,5.38238,19.1721,0.000918508,6.10553,24.134,0.000286163,6.91951,30.3791,8.92692e-05,7.83792,38.2397,2.78121e-05,8.87555,48.1338,8.65134e-06,10.0489,60.5876,2.7882e-06,11.3761,76.2629,8.29036e-07,12.8779,95.9927,2.4373e-07,14.5775,120.825,4.33068e-09,16.5012,152.08,1.75749e-07,18.6784,191.415,-1.86328e-07,21.1428,240.917,1.91829e-07,23.9322,303.213,-1.81475e-07,27.0895,381.602,7.0186e-08,30.6634,480.231,-2.86769e-08,34.7087,604.316,2.40784e-07,39.2876,760.401,9.87368e-08,44.4705,956.705,1.22263e-07,50.3371,1203.54,-4.31966e-07,56.9776,1513.81,-1.9705e-07,64.494,1903.69,-2.763e-08,73.0018,2393.4,3.9185e-07,82.6317,3008.13,1.35379e-07,93.5318,3779.25,-4.16351e-08,105.869,4745.7,2.06965e-08,119.834,5955.6,-3.18887e-07,135.641,7468.12,-1.48271e-08,153.531,9355.62,2.00739e-07,173.781,11705.8,2.28358e-07,196.701,14624.1,-1.93587e-08,222.642,18235,-2.88101e-07,252.003,22683.4,-2.24732e-07,285.234,28134,8.56806e-09,322.845,34767,2.34258e-07,365.413,42770.9,2.99668e-07,413.588,52327.9,8.28644e-08,468.111,63591.2,-3.07049e-07,529.814,76653.2,-3.1888e-07,599.642,91502.5,-6.72276e-08,678.662,107975,2.26339e-07,768.083,125705,3.69212e-07,869.267,144088,2.04077e-07,983.76,162277,-2.80509e-07,1113.3,179223,-4.22737e-07,1259.87,193777,-1.71951e-07,1425.68,204839,4.55555e-07,11.7194,11.96,12.6541,2.21263,4.16949,0.989383,2.67766,5.84076,0.311842,3.14343,7.55825,0.0972771,3.63127,9.58578,0.0303237,4.15787,12.0912,0.00945211,4.73731,15.2286,0.00294633,5.38238,19.1721,0.000918508,6.10553,24.134,0.000286163,6.91951,30.3791,8.92692e-05,7.83792,38.2397,2.78121e-05,8.87555,48.1338,8.65134e-06,10.0489,60.5876,2.7882e-06,11.3761,76.2629,8.29036e-07,12.8779,95.9927,2.4373e-07,14.5775,120.825,1e-08,16.5012,152.08,1.75749e-07,18.6784,191.415,1e-08,21.1428,240.917,1.91829e-07,23.9322,303.213,1e-08,27.0895,381.602,7.0186e-08,30.6634,480.231,1e-08,34.7087,604.316,2.40784e-07,39.2876,760.401,9.87368e-08,44.4705,956.705,1.22263e-07,50.3371,1203.54,1e-08,56.9776,1513.81,1e-08,64.494,1903.69,1e-08,73.0018,2393.4,3.9185e-07,82.6317,3008.13,1.35379e-07,93.5318,3779.25,1e-08,105.869,4745.7,2.06965e-08,119.834,5955.6,1e-08,135.641,7468.12,1e-08,153.531,9355.62,2.00739e-07,173.781,11705.8,2.28358e-07,196.701,14624.1,1e-08,222.642,18235,1e-08,252.003,22683.4,1e-08,285.234,28134,1e-08,322.845,34767,2.34258e-07,365.413,42770.9,2.99668e-07,413.588,52327.9,8.28644e-08,468.111,63591.2,1e-08,529.814,76653.2,1e-08,599.642,91502.5,1e-08,678.662,107975,2.26339e-07,768.083,125705,3.69212e-07,869.267,144088,2.04077e-07,983.76,162277,1e-08,1113.3,179223,1e-08,1259.87,193777,1e-08,1425.68,204839,4.55555e-07,6.2823,3.27286,2.43537,0.219672,6.18826,2.24117,0.56371,6.87772,2.63624,0.308279,3,7,12,0,3,0,6,1,1,5,8,0,4,9,0,3,12,0,9,16,0,4,16,0,9,18,0,2,31,0,5,9,0,7,20,0,17,119,0,20,60,0,26,134,0,8,87,0,7,180,0,11,247,0,27,253,0,16,391,0,19,363,0,48,474,0,80,543,0,46,526,0,58,997,0,17,1306,0,41,1697,0,46,1619,0,16,3403,0,59,3294,0,56,2731,0,108,4243,0,120,4244,0,130,3351,0,245,7497,0,269,13999,0,146,14836,0,110,7228,0,159,30261,0,307,17752,0,351,40920,0,404,78711,0,328,38375,0,346,30143,0,701,81045,0,471,102223,0,607,35232,0,920,127173,0,713,92809,0,1044,301533,0,1667,155424,0,642,90725,0,1875,205650,0
-1.05176e+08,1,8.88811e-15,10,1023,0,1.05176e+08,0.528882,1.08665,0.389689,0.145397,0.379329,3.24381,0.161596,0.446195,1.77396,0.159177,1.15e+07,4.49998e+06,6.79999e+06,1.15e+07,4.49997e+06,6.79999e+06,1.15e+07,4.49996e+06,6.79999e+06,1.15e+07,4.49995e+06,6.79999e+06,1.14999e+07,4.49993e+06,6.79999e+06,1.14999e+07,4.49991e+06,6.79999e+06,1.14999e+07,4.49989e+06,6.79999e+06,1.14999e+07,4.49986e+06,6.79999e+06,1.14999e+07,4.49982e+06,6.79999e+06,1.14999e+07,4.49977e+06,6.79999e+06,1.14999e+07,4.49971e+06,6.79999e+06,1.14999e+07,4.49963e+06,6.79999e+06,1.14998e+07,4.49953e+06,6.79999e+06,1.14998e+07,4.49941e+06,6.79999e+06,1.14998e+07,4.49926e+06,6.79999e+06,1.14998e+07,4.49906e+06,6.79999e+06,1.14997e+07,4.49882e+06,6.79999e+06,1.14997e+07,4.49851e+06,6.79999e+06,1.14997e+07,4.49812e+06,6.79999e+06,1.14996e+07,4.49764e+06,6.79999e+06,1.14996e+07,4.49702e+06,6.79999e+06,1.14995e+07,4.49625e+06,6.79999e+06,1.14995e+07,4.49528e+06,6.79999e+06,1.14994e+07,4.49406e+06,6.79999e+06,1.14993e+07,4.49253e+06,6.79999e+06,1.14992e+07,4.49059e+06,6.79999e+06,1.14991e+07,4.48817e+06,6.79999e+06,1.1499e+07,4.48511e+06,6.79999e+06,1.14988e+07,4.48128e+06,6.79999e+06,1.14987e+07,4.47646e+06,6.79999e+06,1.14985e+07,4.47041e+06,6.79999e+06,1.14983e+07,4.46281e+06,6.79999e+06,1.14981e+07,4.4533e+06,6.79999e+06,1.14979e+07,4.44138e+06,6.79999e+06,1.14976e+07,4.42649e+06,6.79999e+06,1.14972e+07,4.40789e+06,6.79999e+06,1.14969e+07,4.38471e+06,6.79999e+06,1.14965e+07,4.35592e+06,6.79999e+06,1.1496e+07,4.32027e+06,6.79999e+06,1.14955e+07,4.27629e+06,6.79999e+06,1.14949e+07,4.22231e+06,6.79999e+06,1.14942e+07,4.15647e+06,6.79999e+06,1.14934e+07,4.07676e+06,6.79999e+06,1.14926e+07,3.98112e+06,6.79999e+06,1.14916e+07,3.86765e+06,6.79999e+06,1.14905e+07,3.73474e+06,6.79999e+06,1.14892e+07,3.58148e+06,6.79999e+06,1.14878e+07,3.40785e+06,6.79999e+06,1.14862e+07,3.21513e+06,6.79999e+06,1.14844e+07,3.00605e+06,6.79999e+06,1.14823e+07,2.7848e+06,6.79999e+06,1.148e+07,2.5568e+06,6.79999e+06,1.14773e+07,2.32825e+06,6.79999e+06,13.5742,8.52444,0.508366,16.8306,13.2585,0.162638,20.0035,17.569,0.0507846,23.2616,22.4214,0.0158319,26.7328,28.3297,0.00493498,30.5212,35.6974,0.00153831,34.7178,44.9473,0.000479527,39.4086,56.5822,0.000149456,44.6796,71.2245,4.66214e-05,50.6209,89.6543,1.45419e-05,57.3297,112.852,4.54748e-06,64.9129,142.051,1.43857e-06,73.4897,178.803,4.36618e-07,83.1934,225.062,1.40153e-07,94.1745,283.286,4.96378e-08,106.602,356.568,1.05434e-07,120.669,448.799,-6.49244e-08,136.59,564.873,1.70148e-07,154.611,710.948,-5.34594e-08,175.008,894.767,1.63407e-07,198.097,1126.06,8.04804e-08,224.231,1417.07,1.14667e-07,253.813,1783.15,-1.71227e-07,287.297,2243.62,-2.88466e-07,325.198,2822.67,-4.33651e-07,368.098,3550.67,7.9318e-08,416.657,4465.65,3.13319e-07,471.621,5615.16,3.4613e-07,533.835,7058.61,-1.19199e-07,604.255,8870.02,-2.79964e-07,683.962,11141.4,-2.30521e-07,774.182,13986.7,-2.55099e-07,876.299,17546.4,1.23585e-07,991.883,21993.1,1.41192e-07,1122.71,27536.7,-9.71886e-08,1270.78,34430.7,-3.68368e-07,1438.38,42977.7,-3.45379e-07,1628.07,53532.7,-3.25328e-09,1842.77,66504.6,2.6362e-07,2085.77,82350.2,2.53445e-07,2360.79,101560,-2.47407e-08,2672.05,124632,-3.80602e-07,3024.31,152018,-4.79005e-07,3422.98,184060,-1.14379e-07,3874.15,220884,2.64297e-07,4384.72,262283,3.44131e-07,4962.49,307576,7.5349e-08,5616.29,355497,-3.63097e-07,6356.1,404126,-6.05442e-07,7193.18,450932,-2.72333e-07,8140.28,492963,2.29675e-07,9211.79,527178,4.3387e-07,10424,550893,-1.0711e-07,10.102,8.06553,2.81012,10.6436,8.57909,0.869423,11.5336,10.2515,0.270869,12.7211,12.7138,0.0844293,14.1823,15.9373,0.0263173,15.9122,20.0383,0.0082035,17.9198,25.2154,0.00255722,20.2244,31.7373,0.000797017,22.8539,39.9486,0.000248622,25.8438,50.2851,7.75492e-05,29.237,63.2963,2.42508e-05,33.0837,79.6738,7.67162e-06,37.4415,100.288,2.32837e-06,42.3767,126.236,7.33e-07,47.9646,158.896,2.79256e-07,54.2906,200.003,9.87351e-09,61.452,251.741,1.61085e-07,69.5585,316.859,-2.47141e-07,78.7347,398.812,8.93552e-08,89.1218,501.948,-2.53231e-07,100.879,631.736,-1.25047e-07,114.188,795.049,-1.78808e-07,129.252,1000.53,2.6733e-07,146.304,1259.03,4.50292e-07,165.605,1584.19,6.76904e-07,187.452,1993.12,-1.23808e-07,212.181,2507.27,-4.89068e-07,240.173,3153.54,-5.40284e-07,271.856,3965.56,1.86061e-07,307.719,4985.38,4.37004e-07,348.313,6265.4,3.59828e-07,394.26,7870.83,3.98192e-07,446.268,9882.51,-1.92908e-07,505.135,12400.3,-2.20392e-07,571.766,15546.9,1.51705e-07,647.184,19472.2,5.74996e-07,732.547,24357.4,5.39112e-07,829.167,30420,5.07815e-09,938.526,37916.3,-4.11492e-07,1062.3,47143.9,-3.9561e-07,1202.4,58439.2,3.86185e-08,1360.96,72169.3,5.94093e-07,1540.42,88715.8,7.47693e-07,1743.53,108445,1.78537e-07,1973.41,131665,-4.12549e-07,2233.57,158557,-5.37164e-07,2528,189103,-1.17615e-07,2861.2,222986,5.66769e-07,3238.27,259510,9.45053e-07,3664.97,297540,4.25093e-07,4147.81,335497,-3.58506e-07,4694.17,371444,-6.7724e-07,5312.37,403256,1.67192e-07,1.61744,3.89446,9.84394,3.28846,7.5504,12.774,5.07607,11.7187,13.6844,7.03202,16.8147,13.9681,9.20215,23.1769,14.0566,11.6301,31.1672,14.0841,14.3598,41.2186,14.0927,17.4376,53.8688,14.0954,20.9137,69.7915,14.0962,24.8432,89.8341,14.0965,29.2879,115.063,14.0966,34.3168,146.819,14.0966,40.0078,186.792,14.0966,46.4487,237.107,14.0966,53.7388,300.44,14.0966,61.9903,380.158,14.0966,71.3301,480.499,14.0966,81.902,606.796,14.0966,93.8685,765.761,14.0966,107.414,965.837,14.0966,122.746,1217.65,14.0966,140.101,1534.57,14.0966,159.745,1933.41,14.0966,181.981,2435.3,14.0966,207.15,3066.85,14.0966,235.64,3861.46,14.0966,267.889,4861.11,14.0966,304.391,6118.54,14.0966,345.709,7699.91,14.0966,392.478,9688.22,14.0966,445.417,12187.5,14.0966,505.339,15327.7,14.0966,573.165,19271.6,14.0966,649.938,24222,14.0966,736.839,30430.9,14.0966,835.202,38211.5,14.0966,946.539,47950.3,14.0966,1072.56,60122.8,14.0966,1215.21,75309.9,14.0966,1376.66,94216.2,14.0966,1559.41,117688,14.0966,1766.26,146729,14.0966,2000.39,182510,14.0966,2265.39,226372,14.0966,2565.33,279806,14.0966,2904.81,344416,14.0966,3289.05,421845,14.0966,3723.93,513667,14.0966,4216.13,621231,14.0966,4773.18,745478,14.0966,5403.64,886744,14.0966,6117.15,1.04457e+06,14.0966,6924.63,1.2176e+06,14.0966,11.7194,11.96,12.6541,13.9321,16.1295,13.6434,16.6097,21.9702,13.9553,19.7532,29.5285,14.0526,23.3844,39.1143,14.0829,27.5423,51.2054,14.0923,32.2796,66.434,14.0953,37.662,85.6061,14.0962,43.7675,109.74,14.0965,50.687,140.119,14.0966,58.5249,178.359,14.0966,67.4005,226.493,14.0966,77.4493,287.08,14.0966,88.8254,363.343,14.0966,101.703,459.336,14.0966,116.281,580.161,14.0966,132.782,732.241,14.0966,151.46,923.655,14.0966,172.603,1164.57,14.0966,196.535,1467.79,14.0966,223.625,1849.39,14.0966,254.288,2329.62,14.0966,288.997,2933.93,14.0966,328.285,3694.33,14.0966,372.755,4651.04,14.0966,423.092,5854.57,14.0966,480.07,7368.38,14.0966,544.564,9272.08,14.0966,617.566,11665.5,14.0966,700.197,14673.6,14.0966,793.729,18452.9,14.0966,899.599,23198.6,14.0966,1019.43,29154.1,14.0966,1155.07,36622.3,14.0966,1308.6,45977.9,14.0966,1482.39,57683.7,14.0966,1679.09,72307.8,14.0966,1901.73,90542.8,14.0966,2153.73,113226,14.0966,2438.97,141360,14.0966,2761.81,176127,14.0966,3127.22,218898,14.0966,3540.81,271226,14.0966,4008.92,334817,14.0966,4538.74,411470,14.0966,5138.38,502973,14.0966,5817.04,610948,14.0966,6585.12,736653,14.0966,7454.39,880741,14.0966,8438.15,1.04302e+06,14.0966,9551.45,1.22224e+06,14.0966,10811.3,1.41602e+06,14.0966,12237,1.62086e+06,14.0966,11.7194,11.96,12.6541,2.21263,4.16949,0.989383,2.67766,5.84076,0.311842,3.14343,7.55825,0.0972771,3.63127,9.58578,0.0303237,4.15787,12.0912,0.00945211,4.73731,15.2286,0.00294633,5.38238,19.1721,0.000918508,6.10553,24.134,0.000286163,6.91951,30.3791,8.92692e-05,7.83792,38.2397,2.78121e-05,8.87555,48.1338,8.65134e-06,10.0489,60.5876,2.7882e-06,11.3761,76.2629,8.29036e-07,12.8779,95.9927,2.4373e-07,14.5775,120.825,4.33068e-09,16.5012,152.08,1.75749e-07,18.6784,191.415,-1.86328e-07,21.1428,240.917,1.91829e-07,23.9322,303.213,-1.81475e-07,27.0895,381.602,7.0186e-08,30.6634,480.231,-2.86769e-08,34.7087,604.316,2.40784e-07,39.2876,760.401,9.87368e-08,44.4705,956.705,1.22263e-07,50.3371,1203.54,-4.31966e-07,56.9776,1513.81,-1.9705e-07,64.494,1903.69,-2.763e-08,73.0018,2393.4,3.9185e-07,82.6317,3008.13,1.35379e-07,93.5318,3779.25,-4.16351e-08,105.869,4745.7,2.06965e-08,119.834,5955.6,-3.18887e-07,135.641,7468.12,-1.48271e-08,153.531,9355.62,2.00739e-07,173.781,11705.8,2.28358e-07,196.701,14624.1,-1.93587e-08,222.642,18235,-2.88101e-07,252.003,22683.4,-2.24732e-07,285.234,28134,8.56806e-09,322.845,34767,2.34258e-07,365.413,42770.9,2.99668e-07,413.588,52327.9,8.28644e-08,468.111,63591.2,-3.07049e-07,529.814,76653.2,-3.1888e-07,599.642,91502.5,-6.72276e-08,678.662,107975,2.26339e-07,768.083,125705,3.69212e-07,869.267,144088,2.04077e-07,983.76,162277,-2.80509e-07,1113.3,179223,-4.22737e-07,1259.87,193777,-1.71951e-07,1425.68,204839,4.55555e-07,11.7194,11.96,12.6541,2.21263,4.16949,0.989383,2.67766,5.84076,0.311842,3.14343,7.55825,0.0972771,3.63127,9.58578,0.0303237,4.15787,12.0912,0.00945211,4.73731,15.2286,0.00294633,5.38238,19.1721,0.000918508,6.10553,24.134,0.000286163,6.91951,30.3791,8.92692e-05,7.83792,38.2397,2.78121e-05,8.87555,48.1338,8.65134e-06,10.0489,60.5876,2.7882e-06,11.3761,76.2629,8.29036e-07,12.8779,95.9927,2.4373e-07,14.5775,120.825,1e-08,16.5012,152.08,1.75749e-07,18.6784,191.415,1e-08,21.1428,240.917,1.91829e-07,23.9322,303.213,1e-08,27.0895,381.602,7.0186e-08,30.6634,480.231,1e-08,34.7087,604.316,2.40784e-07,39.2876,760.401,9.87368e-08,44.4705,956.705,1.22263e-07,50.3371,1203.54,1e-08,56.9776,1513.81,1e-08,64.494,1903.69,1e-08,73.0018,2393.4,3.9185e-07,82.6317,3008.13,1.35379e-07,93.5318,3779.25,1e-08,105.869,4745.7,2.06965e-08,119.834,5955.6,1e-08,135.641,7468.12,1e-08,153.531,9355.62,2.00739e-07,173.781,11705.8,2.28358e-07,196.701,14624.1,1e-08,222.642,18235,1e-08,252.003,22683.4,1e-08,285.234,28134,1e-08,322.845,34767,2.34258e-07,365.413,42770.9,2.99668e-07,413.588,52327.9,8.28644e-08,468.111,63591.2,1e-08,529.814,76653.2,1e-08,599.642,91502.5,1e-08,678.662,107975,2.26339e-07,768.083,125705,3.69212e-07,869.267,144088,2.04077e-07,983.76,162277,1e-08,1113.3,179223,1e-08,1259.87,193777,1e-08,1425.68,204839,4.55555e-07,6.2823,3.27286,2.43537,0.219672,6.18826,2.24117,0.56371,6.87772,2.63624,0.308279,15,9,6,1,3,1,4,1,1,0,1,0,6,21,0,2,13,0,5,8,0,4,22,0,7,28,0,12,18,0,8,45,0,9,60,0,10,56,0,13,74,0,19,69,0,21,92,0,16,202,0,14,147,0,15,354,0,31,160,0,20,388,0,20,685,0,37,836,0,56,666,0,93,1432,0,33,956,0,51,961,0,63,1292,0,28,2829,0,60,2125,0,69,2048,0,132,4100,0,68,8582,0,107,3886,0,82,5246,0,122,10508,0,160,7259,0,202,35175,0,250,46394,0,217,27657,0,470,52773,0,221,40362,0,585,83851,0,331,88187,0,395,71816,0,751,29689,0,461,151756,0,1276,148028,0,648,110489,0,584,128926,0,1269,146024,0,1616,151714,0,725,286469,0
-1.05176e+08,1,8.88811e-15,10,1023,0,1.05176e+08,0.528882,1.08665,0.389689,0.145397,0.379329,3.24381,0.161596,0.446195,1.77396,0.159177,1.15e+07,4.49998e+06,6.79999e+06,1.15e+07,4.49997e+06,6.79999e+06,1.15e+07,4.49996e+06,6.79999e+06,1.15e+07,4.49995e+06,6.79999e+06,1.14999e+07,4.49993e+06,6.79999e+06,1.14999e+07,4.49991e+06,6.79999e+06,1.14999e+07,4.49989e+06,6.79999e+06,1.14999e+07,4.49986e+06,6.79999e+06,1.14999e+07,4.49982e+06,6.79999e+06,1.14999e+07,4.49977e+06,6.79999e+06,1.14999e+07,4.49971e+06,6.79999e+06,1.14999e+07,4.49963e+06,6.79999e+06,1.14998e+07,4.49953e+06,6.79999e+06,1.14998e+07,4.49941e+06,6.79999e+06,1.14998e+07,4.49926e+06,6.79999e+06,1.14998e+07,4.49906e+06,6.79999e+06,1.14997e+07,4.49882e+06,6.79999e+06,1.14997e+07,4.49851e+06,6.79999e+06,1.14997e+07,4.49812e+06,6.79999e+06,1.14996e+07,4.49764e+06,6.79999e+06,1.14996e+07,4.49702e+06,6.79999e+06,1.14995e+07,4.49625e+06,6.79999e+06,1.14995e+07,4.49528e+06,6.79999e+06,1.14994e+07,4.49406e+06,6.79999e+06,1.14993e+07,4.49253e+06,6.79999e+06,1.14992e+07,4.49059e+06,6.79999e+06,1.14991e+07,4.48817e+06,6.79999e+06,1.1499e+07,4.48511e+06,6.79999e+06,1.14988e+07,4.48128e+06,6.79999e+06,1.14987e+07,4.47646e+06,6.79999e+06,1.14985e+07,4.47041e+06,6.79999e+06,1.14983e+07,4.46281e+06,6.79999e+06,1.14981e+07,4.4533e+06,6.79999e+06,1.14979e+07,4.44138e+06,6.79999e+06,1.14976e+07,4.42649e+06,6.79999e+06,1.14972e+07,4.40789e+06,6.79999e+06,1.14969e+07,4.38471e+06,6.79999e+06,1.14965e+07,4.35592e+06,6.79999e+06,1.1496e+07,4.32027e+06,6.79999e+06,1.14955e+07,4.27629e+06,6.79999e+06,1.14949e+07,4.22231e+06,6.79999e+06,1.14942e+07,4.15647e+06,6.79999e+06,1.14934e+07,4.07676e+06,6.79999e+06,1.14926e+07,3.98112e+06,6.79999e+06,1.14916e+07,3.86765e+06,6.79999e+06,1.14905e+07,3.73474e+06,6.79999e+06,1.14892e+07,3.58148e+06,6.79999e+06,1.14878e+07,3.40785e+06,6.79999e+06,1.14862e+07,3.21513e+06,6.79999e+06,1.14844e+07,3.00605e+06,6.79999e+06,1.14823e+07,2.7848e+06,6.79999e+06,1.148e+07,2.5568e+06,6.79999e+06,1.14773e+07,2.32825e+06,6.79999e+06,13.5742,8.52444,0.508366,16.8306,13.2585,0.162638,20.0035,17.569,0.0507846,23.2616,22.4214,0.0158319,26.7328,28.3297,0.00493498,30.5212,35.6974,0.00153831,34.7178,44.9473,0.000479527,39.4086,56.5822,0.000149456,44.6796,71.2245,4.66214e-05,50.6209,89.6543,1.45419e-05,57.3297,112.852,4.54748e-06,64.9129,142.051,1.43857e-06,73.4897,178.803,4.36618e-07,83.1934,225.062,1.40153e-07,94.1745,283.286,4.96378e-08,106.602,356.568,1.05434e-07,120.669,448.799,-6.49244e-08,136.59,564.873,1.70148e-07,154.611,710.948,-5.34594e-08,175.008,894.767,1.63407e-07,198.097,1126.06,8.04804e-08,224.231,1417.07,1.14667e-07,253.813,1783.15,-1.71227e-07,287.297,2243.62,-2.88466e-07,325.198,2822.67,-4.33651e-07,368.098,3550.67,7.9318e-08,416.657,4465.65,3.13319e-07,471.621,5615.16,3.4613e-07,533.835,7058.61,-1.19199e-07,604.255,8870.02,-2.79964e-07,683.962,11141.4,-2.30521e-07,774.182,13986.7,-2.55099e-07,876.299,17546.4,1.23585e-07,991.883,21993.1,1.41192e-07,1122.71,27536.7,-9.71886e-08,1270.78,34430.7,-3.68368e-07,1438.38,42977.7,-3.45379e-07,1628.07,53532.7,-3.25328e-09,1842.77,66504.6,2.6362e-07,2085.77,82350.2,2.53445e-07,2360.79,101560,-2.47407e-08,2672.05,124632,-3.80602e-07,3024.31,152018,-4.79005e-07,3422.98,184060,-1.14379e-07,3874.15,220884,2.64297e-07,4384.72,262283,3.44131e-07,4962.49,307576,7.5349e-08,5616.29,355497,-3.63097e-07,6356.1,404126,-6.05442e-07,7193.18,450932,-2.72333e-07,8140.28,492963,2.29675e-07,9211.79,527178,4.3387e-07,10424,550893,-1.0711e-07,10.102,8.06553,2.81012,10.6436,8.57909,0.869423,11.5336,10.2515,0.270869,12.7211,12.7138,0.0844293,14.1823,15.9373,0.0263173,15.9122,20.0383,0.0082035,17.9198,25.2154,0.00255722,20.2244,31.7373,0.000797017,22.8539,39.9486,0.000248622,25.8438,50.2851,7.75492e-05,29.237,63.2963,2.42508e-05,33.0837,79.6738,7.67162e-06,37.4415,100.288,2.32837e-06,42.3767,126.236,7.33e-07,47.9646,158.896,2.79256e-07,54.2906,200.003,9.87351e-09,61.452,251.741,1.61085e-07,69.5585,316.859,-2.47141e-07,78.7347,398.812,8.93552e-08,89.1218,501.948,-2.53231e-07,100.879,631.736,-1.25047e-07,114.188,795.049,-1.78808e-07,129.252,1000.53,2.6733e-07,146.304,1259.03,4.50292e-07,165.605,1584.19,6.76904e-07,187.452,1993.12,-1.23808e-07,212.181,2507.27,-4.89068e-07,240.173,3153.54,-5.40284e-07,271.856,3965.56,1.86061e-07,307.719,4985.38,4.37004e-07,348.313,6265.4,3.59828e-07,394.26,7870.83,3.98192e-07,446.268,9882.51,-1.92908e-07,505.135,12400.3,-2.20392e-07,571.766,15546.9,1.51705e-07,647.184,19472.2,5.74996e-07,732.547,24357.4,5.39112e-07,829.167,30420,5.07815e-09,938.526,37916.3,-4.11492e-07,1062.3,47143.9,-3.9561e-07,1202.4,58439.2,3.86185e-08,1360.96,72169.3,5.94093e-07,1540.42,88715.8,7.47693e-07,1743.53,108445,1.78537e-07,1973.41,131665,-4.12549e-07,2233.57,158557,-5.37164e-07,2528,189103,-1.17615e-07,2861.2,222986,5.66769e-07,3238.27,259510,9.45053e-07,3664.97,297540,4.25093e-07,4147.81,335497,-3.58506e-07,4694.17,371444,-6.7724e-07,5312.37,403256,1.67192e-07,1.61744,3.89446,9.84394,3.28846,7.5504,12.774,5.07607,11.7187,13.6844,7.03202,16.8147,13.9681,9.20215,23.1769,14.0566,11.6301,31.1672,14.0841,14.3598,41.2186,14.0927,17.4376,53.8688,14.0954,20.9137,69.7915,14.0962,24.8432,89.8341,14.0965,29.2879,115.063,14.0966,34.3168,146.819,14.0966,40.0078,186.792,14.0966,46.4487,237.107,14.0966,53.7388,300.44,14.0966,61.9903,380.158,14.0966,71.3301,480.499,14.0966,81.902,606.796,14.0966,93.8685,765.761,14.0966,107.414,965.837,14.0966,122.746,1217.65,14.0966,140.101,1534.57,14.0966,159.745,1933.41,14.0966,181.981,2435.3,14.0966,207.15,3066.85,14.0966,235.64,3861.46,14.0966,267.889,4861.11,14.0966,304.391,6118.54,14.0966,345.709,7699.91,14.0966,392.478,9688.22,14.0966,445.417,12187.5,14.0966,505.339,15327.7,14.0966,573.165,19271.6,14.0966,649.938,24222,14.0966,736.839,30430.9,14.0966,835.202,38211.5,14.0966,946.539,47950.3,14.0966,1072.56,60122.8,14.0966,1215.21,75309.9,14.0966,1376.66,94216.2,14.0966,1559.41,117688,14.0966,1766.26,146729,14.0966,2000.39,182510,14.0966,2265.39,226372,14.0966,2565.33,279806,14.0966,2904.81,344416,14.0966,3289.05,421845,14.0966,3723.93,513667,14.0966,4216.13,621231,14.0966,4773.18,745478,14.0966,5403.64,886744,14.0966,6117.15,1.04457e+06,14.0966,6924.63,1.2176e+06,14.0966,11.7194,11.96,12.6541,13.9321,16.1295,13.6434,16.6097,21.9702,13.9553,19.7532,29.5285,14.0526,23.3844,39.1143,14.0829,27.5423,51.2054,14.0923,32.2796,66.434,14.0953,37.662,85.6061,14.0962,43.7675,109.74,14.0965,50.687,140.119,14.0966,58.5249,178.359,14.0966,67.4005,226.493,14.0966,77.4493,287.08,14.0966,88.8254,363.343,14.0966,101.703,459.336,14.0966,116.281,580.161,14.0966,132.782,732.241,14.0966,151.46,923.655,14.0966,172.603,1164.57,14.0966,196.535,1467.79,14.0966,223.625,1849.39,14.0966,254.288,2329.62,14.0966,288.997,2933.93,14.0966,328.285,3694.33,14.0966,372.755,4651.04,14.0966,423.092,5854.57,14.0966,480.07,7368.38,14.0966,544.564,9272.08,14.0966,617.566,11665.5,14.0966,700.197,14673.6,14.0966,793.729,18452.9,14.0966,899.599,23198.6,14.0966,1019.43,29154.1,14.0966,1155.07,36622.3,14.0966,1308.6,45977.9,14.0966,1482.39,57683.7,14.0966,1679.09,72307.8,14.0966,1901.73,90542.8,14.0966,2153.73,113226,14.0966,2438.97,141360,14.0966,2761.81,176127,14.0966,3127.22,218898,14.0966,3540.81,271226,14.0966,4008.92,334817,14.0966,4538.74,411470,14.0966,5138.38,502973,14.0966,5817.04,610948,14.0966,6585.12,736653,14.0966,7454.39,880741,14.0966,8438.15,1.04302e+06,14.0966,9551.45,1.22224e+06,14.0966,10811.3,1.41602e+06,14.0966,12237,1.62086e+06,14.0966,11.7194,11.96,12.6541,2.21263,4.16949,0.989383,2.67766,5.84076,0.311842,3.14343,7.55825,0.0972771,3.63127,9.58578,0.0303237,4.15787,12.0912,0.00945211,4.73731,15.2286,0.00294633,5.38238,19.1721,0.000918508,6.10553,24.134,0.000286163,6.91951,30.3791,8.92692e-05,7.83792,38.2397,2.78121e-05,8.87555,48.1338,8.65134e-06,10.0489,60.5876,2.7882e-06,11.3761,76.2629,8.29036e-07,12.8779,95.9927,2.4373e-07,14.5775,120.825,4.33068e-09,16.5012,152.08,1.75749e-07,18.6784,191.415,-1.86328e-07,21.1428,240.917,1.91829e-07,23.9322,303.213,-1.81475e-07,27.0895,381.602,7.0186e-08,30.6634,480.231,-2.86769e-08,34.7087,604.316,2.40784e-07,39.2876,760.401,9.87368e-08,44.4705,956.705,1.22263e-07,50.3371,1203.54,-4.31966e-07,56.9776,1513.81,-1.9705e-07,64.494,1903.69,-2.763e-08,73.0018,2393.4,3.9185e-07,82.6317,3008.13,1.35379e-07,93.5318,3779.25,-4.16351e-08,105.869,4745.7,2.06965e-08,119.834,5955.6,-3.18887e-07,135.641,7468.12,-1.48271e-08,153.531,9355.62,2.00739e-07,173.781,11705.8,2.28358e-07,196.701,14624.1,-1.93587e-08,222.642,18235,-2.88101e-07,252.003,22683.4,-2.24732e-07,285.234,28134,8.56806e-09,322.845,34767,2.34258e-07,365.413,42770.9,2.99668e-07,413.588,52327.9,8.28644e-08,468.111,63591.2,-3.07049e-07,529.814,76653.2,-3.1888e-07,599.642,91502.5,-6.72276e-08,678.662,107975,2.26339e-07,768.083,125705,3.69212e-07,869.267,144088,2.04077e-07,983.76,162277,-2.80509e-07,1113.3,179223,-4.22737e-07,1259.87,193777,-1.71951e-07,1425.68,204839,4.55555e-07,11.7194,11.96,12.6541,2.21263,4.16949,0.989383,2.67766,5.84076,0.311842,3.14343,7.55825,0.0972771,3.63127,9.58578,0.0303237,4.15787,12.0912,0.00945211,4.73731,15.2286,0.00294633,5.38238,19.1721,0.000918508,6.10553,24.134,0.000286163,6.91951,30.3791,8.92692e-05,7.83792,38.2397,2.78121e-05,8.87555,48.1338,8.65134e-06,10.0489,60.5876,2.7882e-06,11.3761,76.2629,8.29036e-07,12.8779,95.9927,2.4373e-07,14.5775,120.825,1e-08,16.5012,152.08,1.75749e-07,18.6784,191.415,1e-08,21.1428,240.917,1.91829e-07,23.9322,303.213,1e-08,27.0895,381.602,7.0186e-08,30.6634,480.231,1e-08,34.7087,604.316,2.40784e-07,39.2876,760.401,9.87368e-08,44.4705,956.705,1.22263e-07,50.3371,1203.54,1e-08,56.9776,1513.81,1e-08,64.494,1903.69,1e-08,73.0018,2393.4,3.9185e-07,82.6317,3008.13,1.35379e-07,93.5318,3779.25,1e-08,105.869,4745.7,2.06965e-08,119.834,5955.6,1e-08,135.641,7468.12,1e-08,153.531,9355.62,2.00739e-07,173.781,11705.8,2.28358e-07,196.701,14624.1,1e-08,222.642,18235,1e-08,252.003,22683.4,1e-08,285.234,28134,1e-08,322.845,34767,2.34258e-07,365.413,42770.9,2.99668e-07,413.588,52327.9,8.28644e-08,468.111,63591.2,1e-08,529.814,76653.2,1e-08,599.642,91502.5,1e-08,678.662,107975,2.26339e-07,768.083,125705,3.69212e-07,869.267,144088,2.04077e-07,983.76,162277,1e-08,1113.3,179223,1e-08,1259.87,193777,1e-08,1425.68,204839,4.55555e-07,6.2823,3.27286,2.43537,0.219672,6.18826,2.24117,0.56371,6.87772,2.63624,0.308279,19,16,17,1,1,2,4,8,0,2,9,0,6,6,0,5,22,0,5,13,0,5,18,0,10,20,0,1,17,0,5,48,0,6,21,0,11,73,0,16,72,0,7,220,0,8,125,0,6,132,0,21,254,0,24,90,0,16,247,0,20,443,0,18,343,0,12,441,0,34,960,0,63,456,0,84,1175,0,59,1065,0,167,1471,0,71,1362,0,141,2503,0,91,2544,0,91,6687,0,118,3818,0,102,10003,0,69,11698,0,54,13559,0,117,9999,0,118,15374,0,208,25306,0,410,17475,0,564,34232,0,322,57277,0,301,24200,0,345,44506,0,261,100908,0,587,120210,0,563,67982,0,353,222060,0,659,210682,0,1307,213880,0,818,127316,0,1224,220644,0,1451,197985,0
-1.05176e+08,1,8.88811e-15,10,1023,0,1.05176e+08,0.528882,1.08665,0.389689,0.145397,0.379329,3.24381,0.161596,0.446195,1.77396,0.159177,1.15e+07,4.49998e+06,6.79999e+06,1.15e+07,4.49997e+06,6.79999e+06,1.15e+07,4.49996e+06,6.79999e+06,1.15e+07,4.49995e+06,6.79999e+06,1.14999e+07,4.49993e+06,6.79999e+06,1.14999e+07,4.49991e+06,6.79999e+06,1.14999e+07,4.49989e+06,6.79999e+06,1.14999e+07,4.49986e+06,6.79999e+06,1.14999e+07,4.49982e+06,6.79999e+06,1.14999e+07,4.49977e+06,6.79999e+06,1.14999e+07,4.49971e+06,6.79999e+06,1.14999e+07,4.49963e+06,6.79999e+06,1.14998e+07,4.49953e+06,6.79999e+06,1.14998e+07,4.49941e+06,6.79999e+06,1.14998e+07,4.49926e+06,6.79999e+06,1.14998e+07,4.49906e+06,6.79999e+06,1.14997e+07,4.49882e+06,6.79999e+06,1.14997e+07,4.49851e+06,6.79999e+06,1.14997e+07,4.49812e+06,6.79999e+06,1.14996e+07,4.49764e+06,6.79999e+06,1.14996e+07,4.49702e+06,6.79999e+06,1.14995e+07,4.49625e+06,6.79999e+06,1.14995e+07,4.49528e+06,6.79999e+06,1.14994e+07,4.49406e+06,6.79999e+06,1.14993e+07,4.49253e+06,6.79999e+06,1.14992e+07,4.49059e+06,6.79999e+06,1.14991e+07,4.48817e+06,6.79999e+06,1.1499e+07,4.48511e+06,6.79999e+06,1.14988e+07,4.48128e+06,6.79999e+06,1.14987e+07,4.47646e+06,6.79999e+06,1.14985e+07,4.47041e+06,6.79999e+06,1.14983e+07,4.46281e+06,6.79999e+06,1.14981e+07,4.4533e+06,6.79999e+06,1.14979e+07,4.44138e+06,6.79999e+06,1.14976e+07,4.42649e+06,6.79999e+06,1.14972e+07,4.40789e+06,6.79999e+06,1.14969e+07,4.38471e+06,6.79999e+06,1.14965e+07,4.35592e+06,6.79999e+06,1.1496e+07,4.32027e+06,6.79999e+06,1.14955e+07,4.27629e+06,6.79999e+06,1.14949e+07,4.22231e+06,6.79999e+06,1.14942e+07,4.15647e+06,6.79999e+06,1.14934e+07,4.07676e+06,6.79999e+06,1.14926e+07,3.98112e+06,6.79999e+06,1.14916e+07,3.86765e+06,6.79999e+06,1.14905e+07,3.73474e+06,6.79999e+06,1.14892e+07,3.58148e+06,6.79999e+06,1.14878e+07,3.40785e+06,6.79999e+06,1.14862e+07,3.21513e+06,6.79999e+06,1.14844e+07,3.00605e+06,6.79999e+06,1.14823e+07,2.7848e+06,6.79999e+06,1.148e+07,2.5568e+06,6.79999e+06,1.14773e+07,2.32825e+06,6.79999e+06,13.5742,8.52444,0.508366,16.8306,13.2585,0.162638,20.0035,17.569,0.0507846,23.2616,22.4214,0.0158319,26.7328,28.3297,0.00493498,30.5212,35.6974,0.00153831,34.7178,44.9473,0.000479527,39.4086,56.5822,0.000149456,44.6796,71.2245,4.66214e-05,50.6209,89.6543,1.45419e-05,57.3297,112.852,4.54748e-06,64.9129,142.051,1.43857e-06,73.4897,178.803,4.36618e-07,83.1934,225.062,1.40153e-07,94.1745,283.286,4.96378e-08,106.602,356.568,1.05434e-07,120.669,448.799,-6.49244e-08,136.59,564.873,1.70148e-07,154.611,710.948,-5.34594e-08,175.008,894.767,1.63407e-07,198.097,1126.06,8.04804e-08,224.231,1417.07,1.14667e-07,253.813,1783.15,-1.71227e-07,287.297,2243.62,-2.88466e-07,325.198,2822.67,-4.33651e-07,368.098,3550.67,7.9318e-08,416.657,4465.65,3.13319e-07,471.621,5615.16,3.4613e-07,533.835,7058.61,-1.19199e-07,604.255,8870.02,-2.79964e-07,683.962,11141.4,-2.30521e-07,774.182,13986.7,-2.55099e-07,876.299,17546.4,1.23585e-07,991.883,21993.1,1.41192e-07,1122.71,27536.7,-9.71886e-08,1270.78,34430.7,-3.68368e-07,1438.38,42977.7,-3.45379e-07,1628.07,53532.7,-3.25328e-09,1842.77,66504.6,2.6362e-07,2085.77,82350.2,2.53445e-07,2360.79,101560,-2.47407e-08,2672.05,124632,-3.80602e-07,3024.31,152018,-4.79005e-07,3422.98,184060,-1.14379e-07,3874.15,220884,2.64297e-07,4384.72,262283,3.44131e-07,4962.49,307576,7.5349e-08,5616.29,355497,-3.63097e-07,6356.1,404126,-6.05442e-07,7193.18,450932,-2.72333e-07,8140.28,492963,2.29675e-07,9211.79,527178,4.3387e-07,10424,550893,-1.0711e-07,10.102,8.06553,2.81012,10.6436,8.57909,0.869423,11.5336,10.2515,0.270869,12.7211,12.7138,0.0844293,14.1823,15.9373,0.0263173,15.9122,20.0383,0.0082035,17.9198,25.2154,0.00255722,20.2244,31.7373,0.000797017,22.8539,39.9486,0.000248622,25.8438,50.2851,7.75492e-05,29.237,63.2963,2.42508e-05,33.0837,79.6738,7.67162e-06,37.4415,100.288,2.32837e-06,42.3767,126.236,7.33e-07,47.9646,158.896,2.79256e-07,54.2906,200.003,9.87351e-09,61.452,251.741,1.61085e-07,69.5585,316.859,-2.47141e-07,78.7347,398.812,8.93552e-08,89.1218,501.948,-2.53231e-07,100.879,631.736,-1.25047e-07,114.188,795.049,-1.78808e-07,129.252,1000.53,2.6733e-07,146.304,1259.03,4.50292e-07,165.605,1584.19,6.76904e-07,187.452,1993.12,-1.23808e-07,212.181,2507.27,-4.89068e-07,240.173,3153.54,-5.40284e-07,271.856,3965.56,1.86061e-07,307.719,4985.38,4.37004e-07,348.313,6265.4,3.59828e-07,394.26,7870.83,3.98192e-07,446.268,9882.51,-1.92908e-07,505.135,12400.3,-2.20392e-07,571.766,15546.9,1.51705e-07,647.184,19472.2,5.74996e-07,732.547,24357.4,5.39112e-07,829.167,30420,5.07815e-09,938.526,37916.3,-4.11492e-07,1062.3,47143.9,-3.9561e-07,1202.4,58439.2,3.86185e-08,1360.96,72169.3,5.94093e-07,1540.42,88715.8,7.47693e-07,1743.53,108445,1.78537e-07,1973.41,131665,-4.12549e-07,2233.57,158557,-5.37164e-07,2528,189103,-1.17615e-07,2861.2,222986,5.66769e-07,3238.27,259510,9.45053e-07,3664.97,297540,4.25093e-07,4147.81,335497,-3.58506e-07,4694.17,371444,-6.7724e-07,5312.37,403256,1.67192e-07,1.61744,3.89446,9.84394,3.28846,7.5504,12.774,5.07607,11.7187,13.6844,7.03202,16.8147,13.9681,9.20215,23.1769,14.0566,11.6301,31.1672,14.0841,14.3598,41.2186,14.0927,17.4376,53.8688,14.0954,20.9137,69.7915,14.0962,24.8432,89.8341,14.0965,29.2879,115.063,14.0966,34.3168,146.819,14.0966,40.0078,186.792,14.0966,46.4487,237.107,14.0966,53.7388,300.44,14.0966,61.9903,380.158,14.0966,71.3301,480.499,14.0966,81.902,606.796,14.0966,93.8685,765.761,14.0966,107.414,965.837,14.0966,122.746,1217.65,14.0966,140.101,1534.57,14.0966,159.745,1933.41,14.0966,181.981,2435.3,14.0966,207.15,3066.85,14.0966,235.64,3861.46,14.0966,267.889,4861.11,14.0966,304.391,6118.54,14.0966,345.709,7699.91,14.0966,392.478,9688.22,14.0966,445.417,12187.5,14.0966,505.339,15327.7,14.0966,573.165,19271.6,14.0966,649.938,24222,14.0966,736.839,30430.9,14.0966,835.202,38211.5,14.0966,946.539,47950.3,14.0966,1072.56,60122.8,14.0966,1215.21,75309.9,14.0966,1376.66,94216.2,14.0966,1559.41,117688,14.0966,1766.26,146729,14.0966,2000.39,182510,14.0966,2265.39,226372,14.0966,2565.33,279806,14.0966,2904.81,344416,14.0966,3289.05,421845,14.0966,3723.93,513667,14.0966,4216.13,621231,14.0966,4773.18,745478,14.0966,5403.64,886744,14.0966,6117.15,1.04457e+06,14.0966,6924.63,1.2176e+06,14.0966,11.7194,11.96,12.6541,13.9321,16.1295,13.6434,16.6097,21.9702,13.9553,19.7532,29.5285,14.0526,23.3844,39.1143,14.0829,27.5423,51.2054,14.0923,32.2796,66.434,14.0953,37.662,85.6061,14.0962,43.7675,109.74,14.0965,50.687,140.119,14.0966,58.5249,178.359,14.0966,67.4005,226.493,14.0966,77.4493,287.08,14.0966,88.8254,363.343,14.0966,101.703,459.336,14.0966,116.281,580.161,14.0966,132.782,732.241,14.0966,151.46,923.655,14.0966,172.603,1164.57,14.0966,196.535,1467.79,14.0966,223.625,1849.39,14.0966,254.288,2329.62,14.0966,288.997,2933.93,14.0966,328.285,3694.33,14.0966,372.755,4651.04,14.0966,423.092,5854.57,14.0966,480.07,7368.38,14.0966,544.564,9272.08,14.0966,617.566,11665.5,14.0966,700.197,14673.6,14.0966,793.729,18452.9,14.0966,899.599,23198.6,14.0966,1019.43,29154.1,14.0966,1155.07,36622.3,14.0966,1308.6,45977.9,14.0966,1482.39,57683.7,14.0966,1679.09,72307.8,14.0966,1901.73,90542.8,14.0966,2153.73,113226,14.0966,2438.97,141360,14.0966,2761.81,176127,14.0966,3127.22,218898,14.0966,3540.81,271226,14.0966,4008.92,334817,14.0966,4538.74,411470,14.0966,5138.38,502973,14.0966,5817.04,610948,14.0966,6585.12,736653,14.0966,7454.39,880741,14.0966,8438.15,1.04302e+06,14.0966,9551.45,1.22224e+06,14.0966,10811.3,1.41602e+06,14.0966,12237,1.62086e+06,14.0966,11.7194,11.96,12.6541,2.21263,4.16949,0.989383,2.67766,5.84076,0.311842,3.14343,7.55825,0.0972771,3.63127,9.58578,0.0303237,4.15787,12.0912,0.00945211,4.73731,15.2286,0.00294633,5.38238,19.1721,0.000918508,6.10553,24.134,0.000286163,6.91951,30.3791,8.92692e-05,7.83792,38.2397,2.78121e-05,8.87555,48.1338,8.65134e-06,10.0489,60.5876,2.7882e-06,11.3761,76.2629,8.29036e-07,12.8779,95.9927,2.4373e-07,14.5775,120.825,4.33068e-09,16.5012,152.08,1.75749e-07,18.6784,191.415,-1.86328e-07,21.1428,240.917,1.91829e-07,23.9322,303.213,-1.81475e-07,27.0895,381.602,7.0186e-08,30.6634,480.231,-2.86769e-08,34.7087,604.316,2.40784e-07,39.2876,760.401,9.87368e-08,44.4705,956.705,1.22263e-07,50.3371,1203.54,-4.31966e-07,56.9776,1513.81,-1.9705e-07,64.494,1903.69,-2.763e-08,73.0018,2393.4,3.9185e-07,82.6317,3008.13,1.35379e-07,93.5318,3779.25,-4.16351e-08,105.869,4745.7,2.06965e-08,119.834,5955.6,-3.18887e-07,135.641,7468.12,-1.48271e-08,153.531,9355.62,2.00739e-07,173.781,11705.8,2.28358e-07,196.701,14624.1,-1.93587e-08,222.642,18235,-2.88101e-07,252.003,22683.4,-2.24732e-07,285.234,28134,8.56806e-09,322.845,34767,2.34258e-07,365.413,42770.9,2.99668e-07,413.588,52327.9,8.28644e-08,468.111,63591.2,-3.07049e-07,529.814,76653.2,-3.1888e-07,599.642,91502.5,-6.72276e-08,678.662,107975,2.26339e-07,768.083,125705,3.69212e-07,869.267,144088,2.04077e-07,983.76,162277,-2.80509e-07,1113.3,179223,-4.22737e-07,1259.87,193777,-1.71951e-07,1425.68,204839,4.55555e-07,11.7194,11.96,12.6541,2.21263,4.16949,0.989383,2.67766,5.84076,0.311842,3.14343,7.55825,0.0972771,3.63127,9.58578,0.0303237,4.15787,12.0912,0.00945211,4.73731,15.2286,0.00294633,5.38238,19.1721,0.000918508,6.10553,24.134,0.000286163,6.91951,30.3791,8.92692e-05,7.83792,38.2397,2.78121e-05,8.87555,48.1338,8.65134e-06,10.0489,60.5876,2.7882e-06,11.3761,76.2629,8.29036e-07,12.8779,95.9927,2.4373e-07,14.5775,120.825,1e-08,16.5012,152.08,1.75749e-07,18.6784,191.415,1e-08,21.1428,240.917,1.91829e-07,23.9322,303.213,1e-08,27.0895,381.602,7.0186e-08,30.6634,480.231,1e-08,34.7087,604.316,2.40784e-07,39.2876,760.401,9.87368e-08,44.4705,956.705,1.22263e-07,50.3371,1203.54,1e-08,56.9776,1513.81,1e-08,64.494,1903.69,1e-08,73.0018,2393.4,3.9185e-07,82.6317,3008.13,1.35379e-07,93.5318,3779.25,1e-08,105.869,4745.7,2.06965e-08,119.834,5955.6,1e-08,135.641,7468.12,1e-08,153.531,9355.62,2.00739e-07,173.781,11705.8,2.28358e-07,196.701,14624.1,1e-08,222.642,18235,1e-08,252.003,22683.4,1e-08,285.234,28134,1e-08,322.845,34767,2.34258e-07,365.413,42770.9,2.99668e-07,413.588,52327.9,8.28644e-08,468.111,63591.2,1e-08,529.814,76653.2,1e-08,599.642,91502.5,1e-08,678.662,107975,2.26339e-07,768.083,125705,3.69212e-07,869.267,144088,2.04077e-07,983.76,162277,1e-08,1113.3,179223,1e-08,1259.87,193777,1e-08,1425.68,204839,4.55555e-07,6.2823,3.27286,2.43537,0.219672,6.18826,2.24117,0.56371,6.87772,2.63624,0.308279,10,16,10,3,5,0,2,17,0,3,2,0,4,11,0,4,29,0,6,11,0,1,33,0,7,16,0,6,13,0,10,16,0,17,61,0,18,52,0,9,89,0,19,92,0,19,34,0,21,76,0,25,158,0,15,177,0,21,309,0,26,410,0,33,595,0,57,725,0,44,615,0,58,1179,0,42,1379,0,54,2224,0,57,1682,0,76,2501,0,62,4476,0,115,5561,0,68,8490,0,87,6279,0,186,6369,0,127,14064,0,274,7118,0,198,23109,0,164,7244,0,320,28486,0,346,15660,0,634,52329,0,612,68247,0,137,50722,0,739,104434,0,377,88202,0,796,93444,0,435,75949,0,234,204971,0,1129,142484,0,1568,164133,0,1755,172759,0,2167,227691,0,1402,108103,0
-1.05176e+08,1,8.88811e-15,10,1023,0,1.05176e+08,0.528882,1.08665,0.389689,0.145397,0.379329,3.24381,0.161596,0.446195,1.77396,0.159177,1.15e+07,4.49998e+06,6.79999e+06,1.15e+07,4.49997e+06,6.79999e+06,1.15e+07,4.49996e+06,6.79999e+06,1.15e+07,4.49995e+06,6.79999e+06,1.14999e+07,4.49993e+06,6.79999e+06,1.14999e+07,4.49991e+06,6.79999e+06,1.14999e+07,4.49989e+06,6.79999e+06,1.14999e+07,4.49986e+06,6.79999e+06,1.14999e+07,4.49982e+06,6.79999e+06,1.14999e+07,4.49977e+06,6.79999e+06,1.14999e+07,4.49971e+06,6.79999e+06,1.14999e+07,4.49963e+06,6.79999e+06,1.14998e+07,4.49953e+06,6.79999e+06,1.14998e+07,4.49941e+06,6.79999e+06,1.14998e+07,4.49926e+06,6.79999e+06,1.14998e+07,4.49906e+06,6.79999e+06,1.14997e+07,4.49882e+06,6.79999e+06,1.14997e+07,4.49851e+06,6.79999e+06,1.14997e+07,4.49812e+06,6.79999e+06,1.14996e+07,4.49764e+06,6.79999e+06,1.14996e+07,4.49702e+06,6.79999e+06,1.14995e+07,4.49625e+06,6.79999e+06,1.14995e+07,4.49528e+06,6.79999e+06,1.14994e+07,4.49406e+06,6.79999e+06,1.14993e+07,4.49253e+06,6.79999e+06,1.14992e+07,4.49059e+06,6.79999e+06,1.14991e+07,4.48817e+06,6.79999e+06,1.1499e+07,4.48511e+06,6.79999e+06,1.14988e+07,4.48128e+06,6.79999e+06,1.14987e+07,4.47646e+06,6.79999e+06,1.14985e+07,4.47041e+06,6.79999e+06,1.14983e+07,4.46281e+06,6.79999e+06,1.14981e+07,4.4533e+06,6.79999e+06,1.14979e+07,4.44138e+06,6.79999e+06,1.14976e+07,4.42649e+06,6.79999e+06,1.14972e+07,4.40789e+06,6.79999e+06,1.14969e+07,4.38471e+06,6.79999e+06,1.14965e+07,4.35592e+06,6.79999e+06,1.1496e+07,4.32027e+06,6.79999e+06,1.14955e+07,4.27629e+06,6.79999e+06,1.14949e+07,4.22231e+06,6.79999e+06,1.14942e+07,4.15647e+06,6.79999e+06,1.14934e+07,4.07676e+06,6.79999e+06,1.14926e+07,3.98112e+06,6.79999e+06,1.14916e+07,3.86765e+06,6.79999e+06,1.14905e+07,3.73474e+06,6.79999e+06,1.14892e+07,3.58148e+06,6.79999e+06,1.14878e+07,3.40785e+06,6.79999e+06,1.14862e+07,3.21513e+06,6.79999e+06,1.14844e+07,3.00605e+06,6.79999e+06,1.14823e+07,2.7848e+06,6.79999e+06,1.148e+07,2.5568e+06,6.79999e+06,1.14773e+07,2.32825e+06,6.79999e+06,13.5742,8.52444,0.508366,16.8306,13.2585,0.162638,20.0035,17.569,0.0507846,23.2616,22.4214,0.0158319,26.7328,28.3297,0.00493498,30.5212,35.6974,0.00153831,34.7178,44.9473,0.000479527,39.4086,56.5822,0.000149456,44.6796,71.2245,4.66214e-05,50.6209,89.6543,1.45419e-05,57.3297,112.852,4.54748e-06,64.9129,142.051,1.43857e-06,73.4897,178.803,4.36618e-07,83.1934,225.062,1.40153e-07,94.1745,283.286,4.96378e-08,106.602,356.568,1.05434e-07,120.669,448.799,-6.49244e-08,136.59,564.873,1.70148e-07,154.611,710.948,-5.34594e-08,175.008,894.767,1.63407e-07,198.097,1126.06,8.04804e-08,224.231,1417.07,1.14667e-07,253.813,1783.15,-1.71227e-07,287.297,2243.62,-2.88466e-07,325.198,2822.67,-4.33651e-07,368.098,3550.67,7.9318e-08,416.657,4465.65,3.13319e-07,471.621,5615.16,3.4613e-07,533.835,7058.61,-1.19199e-07,604.255,8870.02,-2.79964e-07,683.962,11141.4,-2.30521e-07,774.182,13986.7,-2.55099e-07,876.299,17546.4,1.23585e-07,991.883,21993.1,1.41192e-07,1122.71,27536.7,-9.71886e-08,1270.78,34430.7,-3.68368e-07,1438.38,42977.7,-3.45379e-07,1628.07,53532.7,-3.25328e-09,1842.77,66504.6,2.6362e-07,2085.77,82350.2,2.53445e-07,2360.79,101560,-2.47407e-08,2672.05,124632,-3.80602e-07,3024.31,152018,-4.79005e-07,3422.98,184060,-1.14379e-07,3874.15,220884,2.64297e-07,4384.72,262283,3.44131e-07,4962.49,307576,7.5349e-08,5616.29,355497,-3.63097e-07,6356.1,404126,-6.05442e-07,7193.18,450932,-2.72333e-07,8140.28,492963,2.29675e-07,9211.79,527178,4.3387e-07,10424,550893,-1.0711e-07,10.102,8.06553,2.81012,10.6436,8.57909,0.869423,11.5336,10.2515,0.270869,12.7211,12.7138,0.0844293,14.1823,15.9373,0.0263173,15.9122,20.0383,0.0082035,17.9198,25.2154,0.00255722,20.2244,31.7373,0.000797017,22.8539,39.9486,0.000248622,25.8438,50.2851,7.75492e-05,29.237,63.2963,2.42508e-05,33.0837,79.6738,7.67162e-06,37.4415,100.288,2.32837e-06,42.3767,126.236,7.33e-07,47.9646,158.896,2.79256e-07,54.2906,200.003,9.87351e-09,61.452,251.741,1.61085e-07,69.5585,316.859,-2.47141e-07,78.7347,398.812,8.93552e-08,89.1218,501.948,-2.53231e-07,100.879,631.736,-1.25047e-07,114.188,795.049,-1.78808e-07,129.252,1000.53,2.6733e-07,146.304,1259.03,4.50292e-07,165.605,1584.19,6.76904e-07,187.452,1993.12,-1.23808e-07,212.181,2507.27,-4.89068e-07,240.173,3153.54,-5.40284e-07,271.856,3965.56,1.86061e-07,307.719,4985.38,4.37004e-07,348.313,6265.4,3.59828e-07,394.26,7870.83,3.98192e-07,446.268,9882.51,-1.92908e-07,505.135,12400.3,-2.20392e-07,571.766,15546.9,1.51705e-07,647.184,19472.2,5.74996e-07,732.547,24357.4,5.39112e-07,829.167,30420,5.07815e-09,938.526,37916.3,-4.11492e-07,1062.3,47143.9,-3.9561e-07,1202.4,58439.2,3.86185e-08,1360.96,72169.3,5.94093e-07,1540.42,88715.8,7.47693e-07,1743.53,108445,1.78537e-07,1973.41,131665,-4.12549e-07,2233.57,158557,-5.37164e-07,2528,189103,-1.17615e-07,2861.2,222986,5.66769e-07,3238.27,259510,9.45053e-07,3664.97,297540,4.25093e-07,4147.81,335497,-3.58506e-07,4694.17,371444,-6.7724e-07,5312.37,403256,1.67192e-07,1.61744,3.89446,9.84394,3.28846,7.5504,12.774,5.07607,11.7187,13.6844,7.03202,16.8147,13.9681,9.20215,23.1769,14.0566,11.6301,31.1672,14.0841,14.3598,41.2186,14.0927,17.4376,53.8688,14.0954,20.9137,69.7915,14.0962,24.8432,89.8341,14.0965,29.2879,115.063,14.0966,34.3168,146.819,14.0966,40.0078,186.792,14.0966,46.4487,237.107,14.0966,53.7388,300.44,14.0966,61.9903,380.158,14.0966,71.3301,480.499,14.0966,81.902,606.796,14.0966,93.8685,765.761,14.0966,107.414,965.837,14.0966,122.746,1217.65,14.0966,140.101,1534.57,14.0966,159.745,1933.41,14.0966,181.981,2435.3,14.0966,207.15,3066.85,14.0966,235.64,3861.46,14.0966,267.889,4861.11,14.0966,304.391,6118.54,14.0966,345.709,7699.91,14.0966,392.478,9688.22,14.0966,445.417,12187.5,14.0966,505.339,15327.7,14.0966,573.165,19271.6,14.0966,649.938,24222,14.0966,736.839,30430.9,14.0966,835.202,38211.5,14.0966,946.539,47950.3,14.0966,1072.56,60122.8,14.0966,1215.21,75309.9,14.0966,1376.66,94216.2,14.0966,1559.41,117688,14.0966,1766.26,146729,14.0966,2000.39,182510,14.0966,2265.39,226372,14.0966,2565.33,279806,14.0966,2904.81,344416,14.0966,3289.05,421845,14.0966,3723.93,513667,14.0966,4216.13,621231,14.0966,4773.18,745478,14.0966,5403.64,886744,14.0966,6117.15,1.04457e+06,14.0966,6924.63,1.2176e+06,14.0966,11.7194,11.96,12.6541,13.9321,16.1295,13.6434,16.6097,21.9702,13.9553,19.7532,29.5285,14.0526,23.3844,39.1143,14.0829,27.5423,51.2054,14.0923,32.2796,66.434,14.0953,37.662,85.6061,14.0962,43.7675,109.74,14.0965,50.687,140.119,14.0966,58.5249,178.359,14.0966,67.4005,226.493,14.0966,77.4493,287.08,14.0966,88.8254,363.343,14.0966,101.703,459.336,14.0966,116.281,580.161,14.0966,132.782,732.241,14.0966,151.46,923.655,14.0966,172.603,1164.57,14.0966,196.535,1467.79,14.0966,223.625,1849.39,14.0966,254.288,2329.62,14.0966,288.997,2933.93,14.0966,328.285,3694.33,14.0966,372.755,4651.04,14.0966,423.092,5854.57,14.0966,480.07,7368.38,14.0966,544.564,9272.08,14.0966,617.566,11665.5,14.0966,700.197,14673.6,14.0966,793.729,18452.9,14.0966,899.599,23198.6,14.0966,1019.43,29154.1,14.0966,1155.07,36622.3,14.0966,1308.6,45977.9,14.0966,1482.39,57683.7,14.0966,1679.09,72307.8,14.0966,1901.73,90542.8,14.0966,2153.73,113226,14.0966,2438.97,141360,14.0966,2761.81,176127,14.0966,3127.22,218898,14.0966,3540.81,271226,14.0966,4008.92,334817,14.0966,4538.74,411470,14.0966,5138.38,502973,14.0966,5817.04,610948,14.0966,6585.12,736653,14.0966,7454.39,880741,14.0966,8438.15,1.04302e+06,14.0966,9551.45,1.22224e+06,14.0966,10811.3,1.41602e+06,14.0966,12237,1.62086e+06,14.0966,11.7194,11.96,12.6541,2.21263,4.16949,0.989383,2.67766,5.84076,0.311842,3.14343,7.55825,0.0972771,3.63127,9.58578,0.0303237,4.15787,12.0912,0.00945211,4.73731,15.2286,0.00294633,5.38238,19.1721,0.000918508,6.10553,24.134,0.000286163,6.91951,30.3791,8.92692e-05,7.83792,38.2397,2.78121e-05,8.87555,48.1338,8.65134e-06,10.0489,60.5876,2.7882e-06,11.3761,76.2629,8.29036e-07,12.8779,95.9927,2.4373e-07,14.5775,120.825,4.33068e-09,16.5012,152.08,1.75749e-07,18.6784,191.415,-1.86328e-07,21.1428,240.917,1.91829e-07,23.9322,303.213,-1.81475e-07,27.0895,381.602,7.0186e-08,30.6634,480.231,-2.86769e-08,34.7087,604.316,2.40784e-07,39.2876,760.401,9.87368e-08,44.4705,956.705,1.22263e-07,50.3371,1203.54,-4.31966e-07,56.9776,1513.81,-1.9705e-07,64.494,1903.69,-2.763e-08,73.0018,2393.4,3.9185e-07,82.6317,3008.13,1.35379e-07,93.5318,3779.25,-4.16351e-08,105.869,4745.7,2.06965e-08,119.834,5955.6,-3.18887e-07,135.641,7468.12,-1.48271e-08,153.531,9355.62,2.00739e-07,173.781,11705.8,2.28358e-07,196.701,14624.1,-1.93587e-08,222.642,18235,-2.88101e-07,252.003,22683.4,-2.24732e-07,285.234,28134,8.56806e-09,322.845,34767,2.34258e-07,365.413,42770.9,2.99668e-07,413.588,52327.9,8.28644e-08,468.111,63591.2,-3.07049e-07,529.814,76653.2,-3.1888e-07,599.642,91502.5,-6.72276e-08,678.662,107975,2.26339e-07,768.083,125705,3.69212e-07,869.267,144088,2.04077e-07,983.76,162277,-2.80509e-07,1113.3,179223,-4.22737e-07,1259.87,193777,-1.71951e-07,1425.68,204839,4.55555e-07,11.7194,11.96,12.6541,2.21263,4.16949,0.989383,2.67766,5.84076,0.311842,3.14343,7.55825,0.0972771,3.63127,9.58578,0.0303237,4.15787,12.0912,0.00945211,4.73731,15.2286,0.00294633,5.38238,19.1721,0.000918508,6.10553,24.134,0.000286163,6.91951,30.3791,8.92692e-05,7.83792,38.2397,2.78121e-05,8.87555,48.1338,8.65134e-06,10.0489,60.5876,2.7882e-06,11.3761,76.2629,8.29036e-07,12.8779,95.9927,2.4373e-07,14.5775,120.825,1e-08,16.5012,152.08,1.75749e-07,18.6784,191.415,1e-08,21.1428,240.917,1.91829e-07,23.9322,303.213,1e-08,27.0895,381.602,7.0186e-08,30.6634,480.231,1e-08,34.7087,604.316,2.40784e-07,39.2876,760.401,9.87368e-08,44.4705,956.705,1.22263e-07,50.3371,1203.54,1e-08,56.9776,1513.81,1e-08,64.494,1903.69,1e-08,73.0018,2393.4,3.9185e-07,82.6317,3008.13,1.35379e-07,93.5318,3779.25,1e-08,105.869,4745.7,2.06965e-08,119.834,5955.6,1e-08,135.641,7468.12,1e-08,153.531,9355.62,2.00739e-07,173.781,11705.8,2.28358e-07,196.701,14624.1,1e-08,222.642,18235,1e-08,252.003,22683.4,1e-08,285.234,28134,1e-08,322.845,34767,2.34258e-07,365.413,42770.9,2.99668e-07,413.588,52327.9,8.28644e-08,468.111,63591.2,1e-08,529.814,76653.2,1e-08,599.642,91502.5,1e-08,678.662,107975,2.26339e-07,768.083,125705,3.69212e-07,869.267,144088,2.04077e-07,983.76,162277,1e-08,1113.3,179223,1e-08,1259.87,193777,1e-08,1425.68,204839,4.55555e-07,6.2823,3.27286,2.43537,0.219672,6.18826,2.24117,0.56371,6.87772,2.63624,0.308279,14,13,15,5,3,0,2,6,0,4,7,0,4,2,0,6,4,0,6,20,0,4,13,0,8,4,0,4,14,0,2,67,0,5,47,0,7,64,0,12,57,0,17,185,0,4,155,0,7,197,0,6,181,0,28,215,0,24,172,0,22,207,0,26,375,0,24,907,0,33,538,0,22,932,0,55,1056,0,78,558,0,77,2140,0,75,3281,0,142,3894,0,125,3850,0,75,8502,0,121,3622,0,113,9840,0,171,8676,0,176,12538,0,68,5041,0,145,10960,0,241,26753,0,233,20312,0,274,25110,0,344,71700,0,438,40235,0,399,39915,0,298,77800,0,742,53146,0,523,92646,0,711,101021,0,584,139751,0,1096,176779,0,1554,118225,0,1016,121010,0,1115,186394,0
-1.05176e+08,1,8.88811e-15,10,1023,0,1.05176e+08,0.528882,1.08665,0.389689,0.145397,0.379329,3.24381,0.161596,0.446195,1.77396,0.159177,1.15e+07,4.49998e+06,6.79999e+06,1.15e+07,4.49997e+06,6.79999e+06,1.15e+07,4.49996e+06,6.79999e+06,1.15e+07,4.49995e+06,6.79999e+06,1.14999e+07,4.49993e+06,6.79999e+06,1.14999e+07,4.49991e+06,6.79999e+06,1.14999e+07,4.49989e+06,6.79999e+06,1.14999e+07,4.49986e+06,6.79999e+06,1.14999e+07,4.49982e+06,6.79999e+06,1.14999e+07,4.49977e+06,6.79999e+06,1.14999e+07,4.49971e+06,6.79999e+06,1.14999e+07,4.49963e+06,6.79999e+06,1.14998e+07,4.49953e+06,6.79999e+06,1.14998e+07,4.49941e+06,6.79999e+06,1.14998e+07,4.49926e+06,6.79999e+06,1.14998e+07,4.49906e+06,6.79999e+06,1.14997e+07,4.49882e+06,6.79999e+06,1.14997e+07,4.49851e+06,6.79999e+06,1.14997e+07,4.49812e+06,6.79999e+06,1.14996e+07,4.49764e+06,6.79999e+06,1.14996e+07,4.49702e+06,6.79999e+06,1.14995e+07,4.49625e+06,6.79999e+06,1.14995e+07,4.49528e+06,6.79999e+06,1.14994e+07,4.49406e+06,6.79999e+06,1.14993e+07,4.49253e+06,6.79999e+06,1.14992e+07,4.49059e+06,6.79999e+06,1.14991e+07,4.48817e+06,6.79999e+06,1.1499e+07,4.48511e+06,6.79999e+06,1.14988e+07,4.48128e+06,6.79999e+06,1.14987e+07,4.47646e+06,6.79999e+06,1.14985e+07,4.47041e+06,6.79999e+06,1.14983e+07,4.46281e+06,6.79999e+06,1.14981e+07,4.4533e+06,6.79999e+06,1.14979e+07,4.44138e+06,6.79999e+06,1.14976e+07,4.42649e+06,6.79999e+06,1.14972e+07,4.40789e+06,6.79999e+06,1.14969e+07,4.38471e+06,6.79999e+06,1.14965e+07,4.35592e+06,6.79999e+06,1.1496e+07,4.32027e+06,6.79999e+06,1.14955e+07,4.27629e+06,6.79999e+06,1.14949e+07,4.22231e+06,6.79999e+06,1.14942e+07,4.15647e+06,6.79999e+06,1.14934e+07,4.07676e+06,6.79999e+06,1.14926e+07,3.98112e+06,6.79999e+06,1.14916e+07,3.86765e+06,6.79999e+06,1.14905e+07,3.73474e+06,6.79999e+06,1.14892e+07,3.58148e+06,6.79999e+06,1.14878e+07,3.40785e+06,6.79999e+06,1.14862e+07,3.21513e+06,6.79999e+06,1.14844e+07,3.00605e+06,6.79999e+06,1.14823e+07,2.7848e+06,6.79999e+06,1.148e+07,2.5568e+06,6.79999e+06,1.14773e+07,2.32825e+06,6.79999e+06,13.5742,8.52444,0.508366,16.8306,13.2585,0.162638,20.0035,17.569,0.0507846,23.2616,22.4214,0.0158319,26.7328,28.3297,0.00493498,30.5212,35.6974,0.00153831,34.7178,44.9473,0.000479527,39.4086,56.5822,0.000149456,44.6796,71.2245,4.66214e-05,50.6209,89.6543,1.45419e-05,57.3297,112.852,4.54748e-06,64.9129,142.051,1.43857e-06,73.4897,178.803,4.36618e-07,83.1934,225.062,1.40153e-07,94.1745,283.286,4.96378e-08,106.602,356.568,1.05434e-07,120.669,448.799,-6.49244e-08,136.59,564.873,1.70148e-07,154.611,710.948,-5.34594e-08,175.008,894.767,1.63407e-07,198.097,1126.06,8.04804e-08,224.231,1417.07,1.14667e-07,253.813,1783.15,-1.71227e-07,287.297,2243.62,-2.88466e-07,325.198,2822.67,-4.33651e-07,368.098,3550.67,7.9318e-08,416.657,4465.65,3.13319e-07,471.621,5615.16,3.4613e-07,533.835,7058.61,-1.19199e-07,604.255,8870.02,-2.79964e-07,683.962,11141.4,-2.30521e-07,774.182,13986.7,-2.55099e-07,876.299,17546.4,1.23585e-07,991.883,21993.1,1.41192e-07,1122.71,27536.7,-9.71886e-08,1270.78,34430.7,-3.68368e-07,1438.38,42977.7,-3.45379e-07,1628.07,53532.7,-3.25328e-09,1842.77,66504.6,2.6362e-07,2085.77,82350.2,2.53445e-07,2360.79,101560,-2.47407e-08,2672.05,124632,-3.80602e-07,3024.31,152018,-4.79005e-07,3422.98,184060,-1.14379e-07,3874.15,220884,2.64297e-07,4384.72,262283,3.44131e-07,4962.49,307576,7.5349e-08,5616.29,355497,-3.63097e-07,6356.1,404126,-6.05442e-07,7193.18,450932,-2.72333e-07,8140.28,492963,2.29675e-07,9211.79,527178,4.3387e-07,10424,550893,-1.0711e-07,10.102,8.06553,2.81012,10.6436,8.57909,0.869423,11.5336,10.2515,0.270869,12.7211,12.7138,0.0844293,14.1823,15.9373,0.0263173,15.9122,20.0383,0.0082035,17.9198,25.2154,0.00255722,20.2244,31.7373,0.000797017,22.8539,39.9486,0.000248622,25.8438,50.2851,7.75492e-05,29.237,63.2963,2.42508e-05,33.0837,79.6738,7.67162e-06,37.4415,100.288,2.32837e-06,42.3767,126.236,7.33e-07,47.9646,158.896,2.79256e-07,54.2906,200.003,9.87351e-09,61.452,251.741,1.61085e-07,69.5585,316.859,-2.47141e-07,78.7347,398.812,8.93552e-08,89.1218,501.948,-2.53231e-07,100.879,631.736,-1.25047e-07,114.188,795.049,-1.78808e-07,129.252,1000.53,2.6733e-07,146.304,1259.03,4.50292e-07,165.605,1584.19,6.76904e-07,187.452,1993.12,-1.23808e-07,212.181,2507.27,-4.89068e-07,240.173,3153.54,-5.40284e-07,271.856,3965.56,1.86061e-07,307.719,4985.38,4.37004e-07,348.313,6265.4,3.59828e-07,394.26,7870.83,3.98192e-07,446.268,9882.51,-1.92908e-07,505.135,12400.3,-2.20392e-07,571.766,15546.9,1.51705e-07,647.184,19472.2,5.74996e-07,732.547,24357.4,5.39112e-07,829.167,30420,5.07815e-09,938.526,37916.3,-4.11492e-07,1062.3,47143.9,-3.9561e-07,1202.4,58439.2,3.86185e-08,1360.96,72169.3,5.94093e-07,1540.42,88715.8,7.47693e-07,1743.53,108445,1.78537e-07,1973.41,131665,-4.12549e-07,2233.57,158557,-5.37164e-07,2528,189103,-1.17615e-07,2861.2,222986,5.66769e-07,3238.27,259510,9.45053e-07,3664.97,297540,4.25093e-07,4147.81,335497,-3.58506e-07,4694.17,371444,-6.7724e-07,5312.37,403256,1.67192e-07,1.61744,3.89446,9.84394,3.28846,7.5504,12.774,5.07607,11.7187,13.6844,7.03202,16.8147,13.9681,9.20215,23.1769,14.0566,11.6301,31.1672,14.0841,14.3598,41.2186,14.0927,17.4376,53.8688,14.0954,20.9137,69.7915,14.0962,24.8432,89.8341,14.0965,29.2879,115.063,14.0966,34.3168,146.819,14.0966,40.0078,186.792,14.0966,46.4487,237.107,14.0966,53.7388,300.44,14.0966,61.9903,380.158,14.0966,71.3301,480.499,14.0966,81.902,606.796,14.0966,93.8685,765.761,14.0966,107.414,965.837,14.0966,122.746,1217.65,14.0966,140.101,1534.57,14.0966,159.745,1933.41,14.0966,181.981,2435.3,14.0966,207.15,3066.85,14.0966,235.64,3861.46,14.0966,267.889,4861.11,14.0966,304.391,6118.54,14.0966,345.709,7699.91,14.0966,392.478,9688.22,14.0966,445.417,12187.5,14.0966,505.339,15327.7,14.0966,573.165,19271.6,14.0966,649.938,24222,14.0966,736.839,30430.9,14.0966,835.202,38211.5,14.0966,946.539,47950.3,14.0966,1072.56,60122.8,14.0966,1215.21,75309.9,14.0966,1376.66,94216.2,14.0966,1559.41,117688,14.0966,1766.26,146729,14.0966,2000.39,182510,14.0966,2265.39,226372,14.0966,2565.33,279806,14.0966,2904.81,344416,14.0966,3289.05,421845,14.0966,3723.93,513667,14.0966,4216.13,621231,14.0966,4773.18,745478,14.0966,5403.64,886744,14.0966,6117.15,1.04457e+06,14.0966,6924.63,1.2176e+06,14.0966,11.7194,11.96,12.6541,13.9321,16.1295,13.6434,16.6097,21.9702,13.9553,19.7532,29.5285,14.0526,23.3844,39.1143,14.0829,27.5423,51.2054,14.0923,32.2796,66.434,14.0953,37.662,85.6061,14.0962,43.7675,109.74,14.0965,50.687,140.119,14.0966,58.5249,178.359,14.0966,67.4005,226.493,14.0966,77.4493,287.08,14.0966,88.8254,363.343,14.0966,101.703,459.336,14.0966,116.281,580.161,14.0966,132.782,732.241,14.0966,151.46,923.655,14.0966,172.603,1164.57,14.0966,196.535,1467.79,14.0966,223.625,1849.39,14.0966,254.288,2329.62,14.0966,288.997,2933.93,14.0966,328.285,3694.33,14.0966,372.755,4651.04,14.0966,423.092,5854.57,14.0966,480.07,7368.38,14.0966,544.564,9272.08,14.0966,617.566,11665.5,14.0966,700.197,14673.6,14.0966,793.729,18452.9,14.0966,899.599,23198.6,14.0966,1019.43,29154.1,14.0966,1155.07,36622.3,14.0966,1308.6,45977.9,14.0966,1482.39,57683.7,14.0966,1679.09,72307.8,14.0966,1901.73,90542.8,14.0966,2153.73,113226,14.0966,2438.97,141360,14.0966,2761.81,176127,14.0966,3127.22,218898,14.0966,3540.81,271226,14.0966,4008.92,334817,14.0966,4538.74,411470,14.0966,5138.38,502973,14.0966,5817.04,610948,14.0966,6585.12,736653,14.0966,7454.39,880741,14.0966,8438.15,1.04302e+06,14.0966,9551.45,1.22224e+06,14.0966,10811.3,1.41602e+06,14.0966,12237,1.62086e+06,14.0966,11.7194,11.96,12.6541,2.21263,4.16949,0.989383,2.67766,5.84076,0.311842,3.14343,7.55825,0.0972771,3.63127,9.58578,0.0303237,4.15787,12.0912,0.00945211,4.73731,15.2286,0.00294633,5.38238,19.1721,0.000918508,6.10553,24.134,0.000286163,6.91951,30.3791,8.92692e-05,7.83792,38.2397,2.78121e-05,8.87555,48.1338,8.65134e-06,10.0489,60.5876,2.7882e-06,11.3761,76.2629,8.29036e-07,12.8779,95.9927,2.4373e-07,14.5775,120.825,4.33068e-09,16.5012,152.08,1.75749e-07,18.6784,191.415,-1.86328e-07,21.1428,240.917,1.91829e-07,23.9322,303.213,-1.81475e-07,27.0895,381.602,7.0186e-08,30.6634,480.231,-2.86769e-08,34.7087,604.316,2.40784e-07,39.2876,760.401,9.87368e-08,44.4705,956.705,1.22263e-07,50.3371,1203.54,-4.31966e-07,56.9776,1513.81,-1.9705e-07,64.494,1903.69,-2.763e-08,73.0018,2393.4,3.9185e-07,82.6317,3008.13,1.35379e-07,93.5318,3779.25,-4.16351e-08,105.869,4745.7,2.06965e-08,119.834,5955.6,-3.18887e-07,135.641,7468.12,-1.48271e-08,153.531,9355.62,2.00739e-07,173.781,11705.8,2.28358e-07,196.701,14624.1,-1.93587e-08,222.642,18235,-2.88101e-07,252.003,22683.4,-2.24732e-07,285.234,28134,8.56806e-09,322.845,34767,2.34258e-07,365.413,42770.9,2.99668e-07,413.588,52327.9,8.28644e-08,468.111,63591.2,-3.07049e-07,529.814,76653.2,-3.1888e-07,599.642,91502.5,-6.72276e-08,678.662,107975,2.26339e-07,768.083,125705,3.69212e-07,869.267,144088,2.04077e-07,983.76,162277,-2.80509e-07,1113.3,179223,-4.22737e-07,1259.87,193777,-1.71951e-07,1425.68,204839,4.55555e-07,11.7194,11.96,12.6541,2.21263,4.16949,0.989383,2.67766,5.84076,0.311842,3.14343,7.55825,0.0972771,3.63127,9.58578,0.0303237,4.15787,12.0912,0.00945211,4.73731,15.2286,0.00294633,5.38238,19.1721,0.000918508,6.10553,24.134,0.000286163,6.91951,30.3791,8.92692e-05,7.83792,38.2397,2.78121e-05,8.87555,48.1338,8.65134e-06,10.0489,60.5876,2.7882e-06,11.3761,76.2629,8.29036e-07,12.8779,95.9927,2.4373e-07,14.5775,120.825,1e-08,16.5012,152.08,1.75749e-07,18.6784,191.415,1e-08,21.1428,240.917,1.91829e-07,23.9322,303.213,1e-08,27.0895,381.602,7.0186e-08,30.6634,480.231,1e-08,34.7087,604.316,2.40784e-07,39.2876,760.401,9.87368e-08,44.4705,956.705,1.22263e-07,50.3371,1203.54,1e-08,56.9776,1513.81,1e-08,64.494,1903.69,1e-08,73.0018,2393.4,3.9185e-07,82.6317,3008.13,1.35379e-07,93.5318,3779.25,1e-08,105.869,4745.7,2.06965e-08,119.834,5955.6,1e-08,135.641,7468.12,1e-08,153.531,9355.62,2.00739e-07,173.781,11705.8,2.28358e-07,196.701,14624.1,1e-08,222.642,18235,1e-08,252.003,22683.4,1e-08,285.234,28134,1e-08,322.845,34767,2.34258e-07,365.413,42770.9,2.99668e-07,413.588,52327.9,8.28644e-08,468.111,63591.2,1e-08,529.814,76653.2,1e-08,599.642,91502.5,1e-08,678.662,107975,2.26339e-07,768.083,125705,3.69212e-07,869.267,144088,2.04077e-07,983.76,162277,1e-08,1113.3,179223,1e-08,1259.87,193777,1e-08,1425.68,204839,4.55555e-07,6.2823,3.27286,2.43537,0.219672,6.18826,2.24117,0.56371,6.87772,2.63624,0.308279,9,6,15,3,2,1,3,2,0,3,8,0,1,7,0,0,5,0,5,11,0,3,4,0,5,5,0,2,33,0,3,70,0,7,31,0,11,77,0,10,115,0,13,192,0,9,87,0,15,54,0,17,330,0,28,227,0,36,241,0,31,275,0,10,189,0,45,783,0,58,570,0,37,1108,0,69,454,0,29,1771,0,38,1099,0,77,1465,0,97,2891,0,21,6593,0,107,2959,0,66,6049,0,81,8036,0,61,4807,0,229,11321,0,225,14637,0,171,25632,0,175,19724,0,333,13961,0,368,17496,0,317,46185,0,394,55435,0,446,78068,0,813,85915,0,534,49194,0,544,110810,0,560,161491,0,375,111539,0,1057,92439,0,752,289489,0,653,215059,0,1551,175416,0
-1.05176e+08,8.09535e-47,8.88811e-15,10,1023,0,1.05176e+08,0.528882,1.08665,0.389689,0.145397,0.379329,3.24381,0.161596,0.446195,1.77396,0.159177,1.15e+07,4.49998e+06,6.79999e+06,1.15e+07,4.49997e+06,6.79999e+06,1.15e+07,4.49996e+06,6.79999e+06,1.15e+07,4.49995e+06,6.79999e+06,1.14999e+07,4.49993e+06,6.79999e+06,1.14999e+07,4.49991e+06,6.79999e+06,1.14999e+07,4.49989e+06,6.79999e+06,1.14999e+07,4.49986e+06,6.79999e+06,1.14999e+07,4.49982e+06,6.79999e+06,1.14999e+07,4.49977e+06,6.79999e+06,1.14999e+07,4.49971e+06,6.79999e+06,1.14999e+07,4.49963e+06,6.79999e+06,1.14998e+07,4.49953e+06,6.79999e+06,1.14998e+07,4.49941e+06,6.79999e+06,1.14998e+07,4.49926e+06,6.79999e+06,1.14998e+07,4.49906e+06,6.79999e+06,1.14997e+07,4.49882e+06,6.79999e+06,1.14997e+07,4.49851e+06,6.79999e+06,1.14997e+07,4.49812e+06,6.79999e+06,1.14996e+07,4.49764e+06,6.79999e+06,1.14996e+07,4.49702e+06,6.79999e+06,1.14995e+07,4.49625e+06,6.79999e+06,1.14995e+07,4.49528e+06,6.79999e+06,1.14994e+07,4.49406e+06,6.79999e+06,1.14993e+07,4.49253e+06,6.79999e+06,1.14992e+07,4.49059e+06,6.79999e+06,1.14991e+07,4.48817e+06,6.79999e+06,1.1499e+07,4.48511e+06,6.79999e+06,1.14988e+07,4.48128e+06,6.79999e+06,1.14987e+07,4.47646e+06,6.79999e+06,1.14985e+07,4.47041e+06,6.79999e+06,1.14983e+07,4.46281e+06,6.79999e+06,1.14981e+07,4.4533e+06,6.79999e+06,1.14979e+07,4.44138e+06,6.79999e+06,1.14976e+07,4.42649e+06,6.79999e+06,1.14972e+07,4.40789e+06,6.79999e+06,1.14969e+07,4.38471e+06,6.79999e+06,1.14965e+07,4.35592e+06,6.79999e+06,1.1496e+07,4.32027e+06,6.79999e+06,1.14955e+07,4.27629e+06,6.79999e+06,1.14949e+07,4.22231e+06,6.79999e+06,1.14942e+07,4.15647e+06,6.79999e+06,1.14934e+07,4.07676e+06,6.79999e+06,1.14926e+07,3.98112e+06,6.79999e+06,1.14916e+07,3.86765e+06,6.79999e+06,1.14905e+07,3.73474e+06,6.79999e+06,1.14892e+07,3.58148e+06,6.79999e+06,1.14878e+07,3.40785e+06,6.79999e+06,1.14862e+07,3.21513e+06,6.79999e+06,1.14844e+07,3.00605e+06,6.79999e+06,1.14823e+07,2.7848e+06,6.79999e+06,1.148e+07,2.5568e+06,6.79999e+06,1.14773e+07,2.32825e+06,6.79999e+06,13.5742,8.52444,0.508366,16.8306,13.2585,0.162638,20.0035,17.569,0.0507846,23.2616,22.4214,0.0158319,26.7328,28.3297,0.00493498,30.5212,35.6974,0.00153831,34.7178,44.9473,0.000479527,39.4086,56.5822,0.000149456,44.6796,71.2245,4.66214e-05,50.6209,89.6543,1.45419e-05,57.3297,112.852,4.54748e-06,64.9129,142.051,1.43857e-06,73.4897,178.803,4.36618e-07,83.1934,225.062,1.40153e-07,94.1745,283.286,4.96378e-08,106.602,356.568,1.05434e-07,120.669,448.799,-6.49244e-08,136.59,564.873,1.70148e-07,154.611,710.948,-5.34594e-08,175.008,894.767,1.63407e-07,198.097,1126.06,8.04804e-08,224.231,1417.07,1.14667e-07,253.813,1783.15,-1.71227e-07,287.297,2243.62,-2.88466e-07,325.198,2822.67,-4.33651e-07,368.098,3550.67,7.9318e-08,416.657,4465.65,3.13319e-07,471.621,5615.16,3.4613e-07,533.835,7058.61,-1.19199e-07,604.255,8870.02,-2.79964e-07,683.962,11141.4,-2.30521e-07,774.182,13986.7,-2.55099e-07,876.299,17546.4,1.23585e-07,991.883,21993.1,1.41192e-07,1122.71,27536.7,-9.71886e-08,1270.78,34430.7,-3.68368e-07,1438.38,42977.7,-3.45379e-07,1628.07,53532.7,-3.25328e-09,1842.77,66504.6,2.6362e-07,2085.77,82350.2,2.53445e-07,2360.79,101560,-2.47407e-08,2672.05,124632,-3.80602e-07,3024.31,152018,-4.79005e-07,3422.98,184060,-1.14379e-07,3874.15,220884,2.64297e-07,4384.72,262283,3.44131e-07,4962.49,307576,7.5349e-08,5616.29,355497,-3.63097e-07,6356.1,404126,-6.05442e-07,7193.18,450932,-2.72333e-07,8140.28,492963,2.29675e-07,9211.79,527178,4.3387e-07,10424,550893,-1.0711e-07,10.102,8.06553,2.81012,10.6436,8.57909,0.869423,11.5336,10.2515,0.270869,12.7211,12.7138,0.0844293,14.1823,15.9373,0.0263173,15.9122,20.0383,0.0082035,17.9198,25.2154,0.00255722,20.2244,31.7373,0.000797017,22.8539,39.9486,0.000248622,25.8438,50.2851,7.75492e-05,29.237,63.2963,2.42508e-05,33.0837,79.6738,7.67162e-06,37.4415,100.288,2.32837e-06,42.3767,126.236,7.33e-07,47.9646,158.896,2.79256e-07,54.2906,200.003,9.87351e-09,61.452,251.741,1.61085e-07,69.5585,316.859,-2.47141e-07,78.7347,398.812,8.93552e-08,89.1218,501.948,-2.53231e-07,100.879,631.736,-1.25047e-07,114.188,795.049,-1.78808e-07,129.252,1000.53,2.6733e-07,146.304,1259.03,4.50292e-07,165.605,1584.19,6.76904e-07,187.452,1993.12,-1.23808e-07,212.181,2507.27,-4.89068e-07,240.173,3153.54,-5.40284e-07,271.856,3965.56,1.86061e-07,307.719,4985.38,4.37004e-07,348.313,6265.4,3.59828e-07,394.26,7870.83,3.98192e-07,446.268,9882.51,-1.92908e-07,505.135,12400.3,-2.20392e-07,571.766,15546.9,1.51705e-07,647.184,19472.2,5.74996e-07,732.547,24357.4,5.39112e-07,829.167,30420,5.07815e-09,938.526,37916.3,-4.11492e-07,1062.3,47143.9,-3.9561e-07,1202.4,58439.2,3.86185e-08,1360.96,72169.3,5.94093e-07,1540.42,88715.8,7.47693e-07,1743.53,108445,1.78537e-07,1973.41,131665,-4.12549e-07,2233.57,158557,-5.37164e-07,2528,189103,-1.17615e-07,2861.2,222986,5.66769e-07,3238.27,259510,9.45053e-07,3664.97,297540,4.25093e-07,4147.81,335497,-3.58506e-07,4694.17,371444,-6.7724e-07,5312.37,403256,1.67192e-07,1.61744,3.89446,9.84394,3.28846,7.5504,12.774,5.07607,11.7187,13.6844,7.03202,16.8147,13.9681,9.20215,23.1769,14.0566,11.6301,31.1672,14.0841,14.3598,41.2186,14.0927,17.4376,53.8688,14.0954,20.9137,69.7915,14.0962,24.8432,89.8341,14.0965,29.2879,115.063,14.0966,34.3168,146.819,14.0966,40.0078,186.792,14.0966,46.4487,237.107,14.0966,53.7388,300.44,14.0966,61.9903,380.158,14.0966,71.3301,480.499,14.0966,81.902,606.796,14.0966,93.8685,765.761,14.0966,107.414,965.837,14.0966,122.746,1217.65,14.0966,140.101,1534.57,14.0966,159.745,1933.41,14.0966,181.981,2435.3,14.0966,207.15,3066.85,14.0966,235.64,3861.46,14.0966,267.889,4861.11,14.0966,304.391,6118.54,14.0966,345.709,7699.91,14.0966,392.478,9688.22,14.0966,445.417,12187.5,14.0966,505.339,15327.7,14.0966,573.165,19271.6,14.0966,649.938,24222,14.0966,736.839,30430.9,14.0966,835.202,38211.5,14.0966,946.539,47950.3,14.0966,1072.56,60122.8,14.0966,1215.21,75309.9,14.0966,1376.66,94216.2,14.0966,1559.41,117688,14.0966,1766.26,146729,14.0966,2000.39,182510,14.0966,2265.39,226372,14.0966,2565.33,279806,14.0966,2904.81,344416,14.0966,3289.05,421845,14.0966,3723.93,513667,14.0966,4216.13,621231,14.0966,4773.18,745478,14.0966,5403.64,886744,14.0966,6117.15,1.04457e+06,14.0966,6924.63,1.2176e+06,14.0966,11.7194,11.96,12.6541,13.9321,16.1295,13.6434,16.6097,21.9702,13.9553,19.7532,29.5285,14.0526,23.3844,39.1143,14.0829,27.5423,51.2054,14.0923,32.2796,66.434,14.0953,37.662,85.6061,14.0962,43.7675,109.74,14.0965,50.687,140.119,14.0966,58.5249,178.359,14.0966,67.4005,226.493,14.0966,77.4493,287.08,14.0966,88.8254,363.343,14.0966,101.703,459.336,14.0966,116.281,580.161,14.0966,132.782,732.241,14.0966,151.46,923.655,14.0966,172.603,1164.57,14.0966,196.535,1467.79,14.0966,223.625,1849.39,14.0966,254.288,2329.62,14.0966,288.997,2933.93,14.0966,328.285,3694.33,14.0966,372.755,4651.04,14.0966,423.092,5854.57,14.0966,480.07,7368.38,14.0966,544.564,9272.08,14.0966,617.566,11665.5,14.0966,700.197,14673.6,14.0966,793.729,18452.9,14.0966,899.599,23198.6,14.0966,1019.43,29154.1,14.0966,1155.07,36622.3,14.0966,1308.6,45977.9,14.0966,1482.39,57683.7,14.0966,1679.09,72307.8,14.0966,1901.73,90542.8,14.0966,2153.73,113226,14.0966,2438.97,141360,14.0966,2761.81,176127,14.0966,3127.22,218898,14.0966,3540.81,271226,14.0966,4008.92,334817,14.0966,4538.74,411470,14.0966,5138.38,502973,14.0966,5817.04,610948,14.0966,6585.12,736653,14.0966,7454.39,880741,14.0966,8438.15,1.04302e+06,14.0966,9551.45,1.22224e+06,14.0966,10811.3,1.41602e+06,14.0966,12237,1.62086e+06,14.0966,11.7194,11.96,12.6541,2.21263,4.16949,0.989383,2.67766,5.84076,0.311842,3.14343,7.55825,0.0972771,3.63127,9.58578,0.0303237,4.15787,12.0912,0.00945211,4.73731,15.2286,0.00294633,5.38238,19.1721,0.000918508,6.10553,24.134,0.000286163,6.91951,30.3791,8.92692e-05,7.83792,38.2397,2.78121e-05,8.87555,48.1338,8.65134e-06,10.0489,60.5876,2.7882e-06,11.3761,76.2629,8.29036e-07,12.8779,95.9927,2.4373e-07,14.5775,120.825,4.33068e-09,16.5012,152.08,1.75749e-07,18.6784,191.415,-1.86328e-07,21.1428,240.917,1.91829e-07,23.9322,303.213,-1.81475e-07,27.0895,381.602,7.0186e-08,30.6634,480.231,-2.86769e-08,34.7087,604.316,2.40784e-07,39.2876,760.401,9.87368e-08,44.4705,956.705,1.22263e-07,50.3371,1203.54,-4.31966e-07,56.9776,1513.81,-1.9705e-07,64.494,1903.69,-2.763e-08,73.0018,2393.4,3.9185e-07,82.6317,3008.13,1.35379e-07,93.5318,3779.25,-4.16351e-08,105.869,4745.7,2.06965e-08,119.834,5955.6,-3.18887e-07,135.641,7468.12,-1.48271e-08,153.531,9355.62,2.00739e-07,173.781,11705.8,2.28358e-07,196.701,14624.1,-1.93587e-08,222.642,18235,-2.88101e-07,252.003,22683.4,-2.24732e-07,285.234,28134,8.56806e-09,322.845,34767,2.34258e-07,365.413,42770.9,2.99668e-07,413.588,52327.9,8.28644e-08,468.111,63591.2,-3.07049e-07,529.814,76653.2,-3.1888e-07,599.642,91502.5,-6.72276e-08,678.662,107975,2.26339e-07,768.083,125705,3.69212e-07,869.267,144088,2.04077e-07,983.76,162277,-2.80509e-07,1113.3,179223,-4.22737e-07,1259.87,193777,-1.71951e-07,1425.68,204839,4.55555e-07,11.7194,11.96,12.6541,2.21263,4.16949,0.989383,2.67766,5.84076,0.311842,3.14343,7.55825,0.0972771,3.63127,9.58578,0.0303237,4.15787,12.0912,0.00945211,4.73731,15.2286,0.00294633,5.38238,19.1721,0.000918508,6.10553,24.134,0.000286163,6.91951,30.3791,8.92692e-05,7.83792,38.2397,2.78121e-05,8.87555,48.1338,8.65134e-06,10.0489,60.5876,2.7882e-06,11.3761,76.2629,8.29036e-07,12.8779,95.9927,2.4373e-07,14.5775,120.825,1e-08,16.5012,152.08,1.75749e-07,18.6784,191.415,1e-08,21.1428,240.917,1.91829e-07,23.9322,303.213,1e-08,27.0895,381.602,7.0186e-08,30.6634,480.231,1e-08,34.7087,604.316,2.40784e-07,39.2876,760.401,9.87368e-08,44.4705,956.705,1.22263e-07,50.3371,1203.54,1e-08,56.9776,1513.81,1e-08,64.494,1903.69,1e-08,73.0018,2393.4,3.9185e-07,82.6317,3008.13,1.35379e-07,93.5318,3779.25,1e-08,105.869,4745.7,2.06965e-08,119.834,5955.6,1e-08,135.641,7468.12,1e-08,153.531,9355.62,2.00739e-07,173.781,11705.8,2.28358e-07,196.701,14624.1,1e-08,222.642,18235,1e-08,252.003,22683.4,1e-08,285.234,28134,1e-08,322.845,34767,2.34258e-07,365.413,42770.9,2.99668e-07,413.588,52327.9,8.28644e-08,468.111,63591.2,1e-08,529.814,76653.2,1e-08,599.642,91502.5,1e-08,678.662,107975,2.26339e-07,768.083,125705,3.69212e-07,869.267,144088,2.04077e-07,983.76,162277,1e-08,1113.3,179223,1e-08,1259.87,193777,1e-08,1425.68,204839,4.55555e-07,6.2823,3.27286,2.43537,0.219672,6.18826,2.24117,0.56371,6.87772,2.63624,0.308279,14,2,13,0,3,0,2,6,0,4,9,0,5,8,0,9,11,0,7,7,0,3,9,0,3,25,0,6,19,0,11,39,0,6,19,0,12,59,0,21,67,0,12,104,0,21,122,0,22,115,0,7,241,0,9,478,0,22,183,0,18,162,0,41,226,0,42,157,0,61,423,0,55,827,0,62,348,0,21,1186,0,66,2944,0,78,2868,0,101,1487,0,117,5372,0,103,4960,0,87,6785,0,108,4231,0,228,12129,0,137,9937,0,321,12794,0,186,12483,0,372,16501,0,112,61917,0,262,30116,0,270,39998,0,343,52354,0,495,49978,0,404,100896,0,754,31058,0,368,132538,0,485,66372,0,1043,180316,0,920,124205,0,1015,192509,0,2881,235612,0,1197,112150,0
-1.05176e+08,1,8.88811e-15,10,1023,0,1.05176e+08,0.528882,1.08665,0.389689,0.145397,0.379329,3.24381,0.161596,0.446195,1.77396,0.159177,1.15e+07,4.49998e+06,6.79999e+06,1.15e+07,4.49997e+06,6.79999e+06,1.15e+07,4.49996e+06,6.79999e+06,1.15e+07,4.49995e+06,6.79999e+06,1.14999e+07,4.49993e+06,6.79999e+06,1.14999e+07,4.49991e+06,6.79999e+06,1.14999e+07,4.49989e+06,6.79999e+06,1.14999e+07,4.49986e+06,6.79999e+06,1.14999e+07,4.49982e+06,6.79999e+06,1.14999e+07,4.49977e+06,6.79999e+06,1.14999e+07,4.49971e+06,6.79999e+06,1.14999e+07,4.49963e+06,6.79999e+06,1.14998e+07,4.49953e+06,6.79999e+06,1.14998e+07,4.49941e+06,6.79999e+06,1.14998e+07,4.49926e+06,6.79999e+06,1.14998e+07,4.49906e+06,6.79999e+06,1.14997e+07,4.49882e+06,6.79999e+06,1.14997e+07,4.49851e+06,6.79999e+06,1.14997e+07,4.49812e+06,6.79999e+06,1.14996e+07,4.49764e+06,6.79999e+06,1.14996e+07,4.49702e+06,6.79999e+06,1.14995e+07,4.49625e+06,6.79999e+06,1.14995e+07,4.49528e+06,6.79999e+06,1.14994e+07,4.49406e+06,6.79999e+06,1.14993e+07,4.49253e+06,6.79999e+06,1.14992e+07,4.49059e+06,6.79999e+06,1.14991e+07,4.48817e+06,6.79999e+06,1.1499e+07,4.48511e+06,6.79999e+06,1.14988e+07,4.48128e+06,6.79999e+06,1.14987e+07,4.47646e+06,6.79999e+06,1.14985e+07,4.47041e+06,6.79999e+06,1.14983e+07,4.46281e+06,6.79999e+06,1.14981e+07,4.4533e+06,6.79999e+06,1.14979e+07,4.44138e+06,6.79999e+06,1.14976e+07,4.42649e+06,6.79999e+06,1.14972e+07,4.40789e+06,6.79999e+06,1.14969e+07,4.38471e+06,6.79999e+06,1.14965e+07,4.35592e+06,6.79999e+06,1.1496e+07,4.32027e+06,6.79999e+06,1.14955e+07,4.27629e+06,6.79999e+06,1.14949e+07,4.22231e+06,6.79999e+06,1.14942e+07,4.15647e+06,6.79999e+06,1.14934e+07,4.07676e+06,6.79999e+06,1.14926e+07,3.98112e+06,6.79999e+06,1.14916e+07,3.86765e+06,6.79999e+06,1.14905e+07,3.73474e+06,6.79999e+06,1.14892e+07,3.58148e+06,6.79999e+06,1.14878e+07,3.40785e+06,6.79999e+06,1.14862e+07,3.21513e+06,6.79999e+06,1.14844e+07,3.00605e+06,6.79999e+06,1.14823e+07,2.7848e+06,6.79999e+06,1.148e+07,2.5568e+06,6.79999e+06,1.14773e+07,2.32825e+06,6.79999e+06,13.5742,8.52444,0.508366,16.8306,13.2585,0.162638,20.0035,17.569,0.0507846,23.2616,22.4214,0.0158319,26.7328,28.3297,0.00493498,30.5212,35.6974,0.00153831,34.7178,44.9473,0.000479527,39.4086,56.5822,0.000149456,44.6796,71.2245,4.66214e-05,50.6209,89.6543,1.45419e-05,57.3297,112.852,4.54748e-06,64.9129,142.051,1.43857e-06,73.4897,178.803,4.36618e-07,83.1934,225.062,1.40153e-07,94.1745,283.286,4.96378e-08,106.602,356.568,1.05434e-07,120.669,448.799,-6.49244e-08,136.59,564.873,1.70148e-07,154.611,710.948,-5.34594e-08,175.008,894.767,1.63407e-07,198.097,1126.06,8.04804e-08,224.231,1417.07,1.14667e-07,253.813,1783.15,-1.71227e-07,287.297,2243.62,-2.88466e-07,325.198,2822.67,-4.33651e-07,368.098,3550.67,7.9318e-08,416.657,4465.65,3.13319e-07,471.621,5615.16,3.4613e-07,533.835,7058.61,-1.19199e-07,604.255,8870.02,-2.79964e-07,683.962,11141.4,-2.30521e-07,774.182,13986.7,-2.55099e-07,876.299,17546.4,1.23585e-07,991.883,21993.1,1.41192e-07,1122.71,27536.7,-9.71886e-08,1270.78,34430.7,-3.68368e-07,1438.38,42977.7,-3.45379e-07,1628.07,53532.7,-3.25328e-09,1842.77,66504.6,2.6362e-07,2085.77,82350.2,2.53445e-07,2360.79,101560,-2.47407e-08,2672.05,124632,-3.80602e-07,3024.31,152018,-4.79005e-07,3422.98,184060,-1.14379e-07,3874.15,220884,2.64297e-07,4384.72,262283,3.44131e-07,4962.49,307576,7.5349e-08,5616.29,355497,-3.63097e-07,6356.1,404126,-6.05442e-07,7193.18,450932,-2.72333e-07,8140.28,492963,2.29675e-07,9211.79,527178,4.3387e-07,10424,550893,-1.0711e-07,10.102,8.06553,2.81012,10.6436,8.57909,0.869423,11.5336,10.2515,0.270869,12.7211,12.7138,0.0844293,14.1823,15.9373,0.0263173,15.9122,20.0383,0.0082035,17.9198,25.2154,0.00255722,20.2244,31.7373,0.000797017,22.8539,39.9486,0.000248622,25.8438,50.2851,7.75492e-05,29.237,63.2963,2.42508e-05,33.0837,79.6738,7.67162e-06,37.4415,100.288,2.32837e-06,42.3767,126.236,7.33e-07,47.9646,158.896,2.79256e-07,54.2906,200.003,9.87351e-09,61.452,251.741,1.61085e-07,69.5585,316.859,-2.47141e-07,78.7347,398.812,8.93552e-08,89.1218,501.948,-2.53231e-07,100.879,631.736,-1.25047e-07,114.188,795.049,-1.78808e-07,129.252,1000.53,2.6733e-07,146.304,1259.03,4.50292e-07,165.605,1584.19,6.76904e-07,187.452,1993.12,-1.23808e-07,212.181,2507.27,-4.89068e-07,240.173,3153.54,-5.40284e-07,271.856,3965.56,1.86061e-07,307.719,4985.38,4.37004e-07,348.313,6265.4,3.59828e-07,394.26,7870.83,3.98192e-07,446.268,9882.51,-1.92908e-07,505.135,12400.3,-2.20392e-07,571.766,15546.9,1.51705e-07,647.184,19472.2,5.74996e-07,732.547,24357.4,5.39112e-07,829.167,30420,5.07815e-09,938.526,37916.3,-4.11492e-07,1062.3,47143.9,-3.9561e-07,1202.4,58439.2,3.86185e-08,1360.96,72169.3,5.94093e-07,1540.42,88715.8,7.47693e-07,1743.53,108445,1.78537e-07,1973.41,131665,-4.12549e-07,2233.57,158557,-5.37164e-07,2528,189103,-1.17615e-07,2861.2,222986,5.66769e-07,3238.27,259510,9.45053e-07,3664.97,297540,4.25093e-07,4147.81,335497,-3.58506e-07,4694.17,371444,-6.7724e-07,5312.37,403256,1.67192e-07,1.61744,3.89446,9.84394,3.28846,7.5504,12.774,5.07607,11.7187,13.6844,7.03202,16.8147,13.9681,9.20215,23.1769,14.0566,11.6301,31.1672,14.0841,14.3598,41.2186,14.0927,17.4376,53.8688,14.0954,20.9137,69.7915,14.0962,24.8432,89.8341,14.0965,29.2879,115.063,14.0966,34.3168,146.819,14.0966,40.0078,186.792,14.0966,46.4487,237.107,14.0966,53.7388,300.44,14.0966,61.9903,380.158,14.0966,71.3301,480.499,14.0966,81.902,606.796,14.0966,93.8685,765.761,14.0966,107.414,965.837,14.0966,122.746,1217.65,14.0966,140.101,1534.57,14.0966,159.745,1933.41,14.0966,181.981,2435.3,14.0966,207.15,3066.85,14.0966,235.64,3861.46,14.0966,267.889,4861.11,14.0966,304.391,6118.54,14.0966,345.709,7699.91,14.0966,392.478,9688.22,14.0966,445.417,12187.5,14.0966,505.339,15327.7,14.0966,573.165,19271.6,14.0966,649.938,24222,14.0966,736.839,30430.9,14.0966,835.202,38211.5,14.0966,946.539,47950.3,14.0966,1072.56,60122.8,14.0966,1215.21,75309.9,14.0966,1376.66,94216.2,14.0966,1559.41,117688,14.0966,1766.26,146729,14.0966,2000.39,182510,14.0966,2265.39,226372,14.0966,2565.33,279806,14.0966,2904.81,344416,14.0966,3289.05,421845,14.0966,3723.93,513667,14.0966,4216.13,621231,14.0966,4773.18,745478,14.0966,5403.64,886744,14.0966,6117.15,1.04457e+06,14.0966,6924.63,1.2176e+06,14.0966,11.7194,11.96,12.6541,13.9321,16.1295,13.6434,16.6097,21.9702,13.9553,19.7532,29.5285,14.0526,23.3844,39.1143,14.0829,27.5423,51.2054,14.0923,32.2796,66.434,14.0953,37.662,85.6061,14.0962,43.7675,109.74,14.0965,50.687,140.119,14.0966,58.5249,178.359,14.0966,67.4005,226.493,14.0966,77.4493,287.08,14.0966,88.8254,363.343,14.0966,101.703,459.336,14.0966,116.281,580.161,14.0966,132.782,732.241,14.0966,151.46,923.655,14.0966,172.603,1164.57,14.0966,196.535,1467.79,14.0966,223.625,1849.39,14.0966,254.288,2329.62,14.0966,288.997,2933.93,14.0966,328.285,3694.33,14.0966,372.755,4651.04,14.0966,423.092,5854.57,14.0966,480.07,7368.38,14.0966,544.564,9272.08,14.0966,617.566,11665.5,14.0966,700.197,14673.6,14.0966,793.729,18452.9,14.0966,899.599,23198.6,14.0966,1019.43,29154.1,14.0966,1155.07,36622.3,14.0966,1308.6,45977.9,14.0966,1482.39,57683.7,14.0966,1679.09,72307.8,14.0966,1901.73,90542.8,14.0966,2153.73,113226,14.0966,2438.97,141360,14.0966,2761.81,176127,14.0966,3127.22,218898,14.0966,3540.81,271226,14.0966,4008.92,334817,14.0966,4538.74,411470,14.0966,5138.38,502973,14.0966,5817.04,610948,14.0966,6585.12,736653,14.0966,7454.39,880741,14.0966,8438.15,1.04302e+06,14.0966,9551.45,1.22224e+06,14.0966,10811.3,1.41602e+06,14.0966,12237,1.62086e+06,14.0966,11.7194,11.96,12.6541,2.21263,4.16949,0.989383,2.67766,5.84076,0.311842,3.14343,7.55825,0.0972771,3.63127,9.58578,0.0303237,4.15787,12.0912,0.00945211,4.73731,15.2286,0.00294633,5.38238,19.1721,0.000918508,6.10553,24.134,0.000286163,6.91951,30.3791,8.92692e-05,7.83792,38.2397,2.78121e-05,8.87555,48.1338,8.65134e-06,10.0489,60.5876,2.7882e-06,11.3761,76.2629,8.29036e-07,12.8779,95.9927,2.4373e-07,14.5775,120.825,4.33068e-09,16.5012,152.08,1.75749e-07,18.6784,191.415,-1.86328e-07,21.1428,240.917,1.91829e-07,23.9322,303.213,-1.81475e-07,27.0895,381.602,7.0186e-08,30.6634,480.231,-2.86769e-08,34.7087,604.316,2.40784e-07,39.2876,760.401,9.87368e-08,44.4705,956.705,1.22263e-07,50.3371,1203.54,-4.31966e-07,56.9776,1513.81,-1.9705e-07,64.494,1903.69,-2.763e-08,73.0018,2393.4,3.9185e-07,82.6317,3008.13,1.35379e-07,93.5318,3779.25,-4.16351e-08,105.869,4745.7,2.06965e-08,119.834,5955.6,-3.18887e-07,135.641,7468.12,-1.48271e-08,153.531,9355.62,2.00739e-07,173.781,11705.8,2.28358e-07,196.701,14624.1,-1.93587e-08,222.642,18235,-2.88101e-07,252.003,22683.4,-2.24732e-07,285.234,28134,8.56806e-09,322.845,34767,2.34258e-07,365.413,42770.9,2.99668e-07,413.588,52327.9,8.28644e-08,468.111,63591.2,-3.07049e-07,529.814,76653.2,-3.1888e-07,599.642,91502.5,-6.72276e-08,678.662,107975,2.26339e-07,768.083,125705,3.69212e-07,869.267,144088,2.04077e-07,983.76,162277,-2.80509e-07,1113.3,179223,-4.22737e-07,1259.87,193777,-1.71951e-07,1425.68,204839,4.55555e-07,11.7194,11.96,12.6541,2.21263,4.16949,0.989383,2.67766,5.84076,0.311842,3.14343,7.55825,0.0972771,3.63127,9.58578,0.0303237,4.15787,12.0912,0.00945211,4.73731,15.2286,0.00294633,5.38238,19.1721,0.000918508,6.10553,24.134,0.000286163,6.91951,30.3791,8.92692e-05,7.83792,38.2397,2.78121e-05,8.87555,48.1338,8.65134e-06,10.0489,60.5876,2.7882e-06,11.3761,76.2629,8.29036e-07,12.8779,95.9927,2.4373e-07,14.5775,120.825,1e-08,16.5012,152.08,1.75749e-07,18.6784,191.415,1e-08,21.1428,240.917,1.91829e-07,23.9322,303.213,1e-08,27.0895,381.602,7.0186e-08,30.6634,480.231,1e-08,34.7087,604.316,2.40784e-07,39.2876,760.401,9.87368e-08,44.4705,956.705,1.22263e-07,50.3371,1203.54,1e-08,56.9776,1513.81,1e-08,64.494,1903.69,1e-08,73.0018,2393.4,3.9185e-07,82.6317,3008.13,1.35379e-07,93.5318,3779.25,1e-08,105.869,4745.7,2.06965e-08,119.834,5955.6,1e-08,135.641,7468.12,1e-08,153.531,9355.62,2.00739e-07,173.781,11705.8,2.28358e-07,196.701,14624.1,1e-08,222.642,18235,1e-08,252.003,22683.4,1e-08,285.234,28134,1e-08,322.845,34767,2.34258e-07,365.413,42770.9,2.99668e-07,413.588,52327.9,8.28644e-08,468.111,63591.2,1e-08,529.814,76653.2,1e-08,599.642,91502.5,1e-08,678.662,107975,2.26339e-07,768.083,125705,3.69212e-07,869.267,144088,2.04077e-07,983.76,162277,1e-08,1113.3,179223,1e-08,1259.87,193777,1e-08,1425.68,204839,4.55555e-07,6.2823,3.27286,2.43537,0.219672,6.18826,2.24117,0.56371,6.87772,2.63624,0.308279,6,9,11,1,6,2,3,10,0,3,28,0,2,14,0,1,12,0,5,13,0,4,14,0,5,41,0,5,21,0,11,51,0,9,88,0,7,73,0,13,103,0,13,94,0,18,190,0,10,358,0,22,113,0,7,203,0,26,164,0,29,585,0,37,341,0,28,443,0,26,1067,0,32,2037,0,47,1318,0,50,2770,0,57,1019,0,61,1102,0,75,1781,0,119,7657,0,90,4223,0,120,6621,0,57,6863,0,154,16907,0,54,7630,0,353,8377,0,220,9354,0,198,32906,0,386,25810,0,418,65843,0,298,30338,0,318,85525,0,767,46924,0,829,49384,0,639,103589,0,641,97698,0,1253,155277,0,1122,169736,0,1691,223180,0,1422,202683,0,1367,113759,0,842,186797,0
-1.05176e+08,8.09535e-47,8.88811e-15,10,1023,0,1.05176e+08,0.528882,1.08665,0.389689,0.145397,0.379329,3.24381,0.161596,0.446195,1.77396,0.159177,1.15e+07,4.49998e+06,6.79999e+06,1.15e+07,4.49997e+06,6.79999e+06,1.15e+07,4.49996e+06,6.79999e+06,1.15e+07,4.49995e+06,6.79999e+06,1.14999e+07,4.49993e+06,6.79999e+06,1.14999e+07,4.49991e+06,6.79999e+06,1.14999e+07,4.49989e+06,6.79999e+06,1.14999e+07,4.49986e+06,6.79999e+06,1.14999e+07,4.49982e+06,6.79999e+06,1.14999e+07,4.49977e+06,6.79999e+06,1.14999e+07,4.49971e+06,6.79999e+06,1.14999e+07,4.49963e+06,6.79999e+06,1.14998e+07,4.49953e+06,6.79999e+06,1.14998e+07,4.49941e+06,6.79999e+06,1.14998e+07,4.49926e+06,6.79999e+06,1.14998e+07,4.49906e+06,6.79999e+06,1.14997e+07,4.49882e+06,6.79999e+06,1.14997e+07,4.49851e+06,6.79999e+06,1.14997e+07,4.49812e+06,6.79999e+06,1.14996e+07,4.49764e+06,6.79999e+06,1.14996e+07,4.49702e+06,6.79999e+06,1.14995e+07,4.49625e+06,6.79999e+06,1.14995e+07,4.49528e+06,6.79999e+06,1.14994e+07,4.49406e+06,6.79999e+06,1.14993e+07,4.49253e+06,6.79999e+06,1.14992e+07,4.49059e+06,6.79999e+06,1.14991e+07,4.48817e+06,6.79999e+06,1.1499e+07,4.48511e+06,6.79999e+06,1.14988e+07,4.48128e+06,6.79999e+06,1.14987e+07,4.47646e+06,6.79999e+06,1.14985e+07,4.47041e+06,6.79999e+06,1.14983e+07,4.46281e+06,6.79999e+06,1.14981e+07,4.4533e+06,6.79999e+06,1.14979e+07,4.44138e+06,6.79999e+06,1.14976e+07,4.42649e+06,6.79999e+06,1.14972e+07,4.40789e+06,6.79999e+06,1.14969e+07,4.38471e+06,6.79999e+06,1.14965e+07,4.35592e+06,6.79999e+06,1.1496e+07,4.32027e+06,6.79999e+06,1.14955e+07,4.27629e+06,6.79999e+06,1.14949e+07,4.22231e+06,6.79999e+06,1.14942e+07,4.15647e+06,6.79999e+06,1.14934e+07,4.07676e+06,6.79999e+06,1.14926e+07,3.98112e+06,6.79999e+06,1.14916e+07,3.86765e+06,6.79999e+06,1.14905e+07,3.73474e+06,6.79999e+06,1.14892e+07,3.58148e+06,6.79999e+06,1.14878e+07,3.40785e+06,6.79999e+06,1.14862e+07,3.21513e+06,6.79999e+06,1.14844e+07,3.00605e+06,6.79999e+06,1.14823e+07,2.7848e+06,6.79999e+06,1.148e+07,2.5568e+06,6.79999e+06,1.14773e+07,2.32825e+06,6.79999e+06,13.5742,8.52444,0.508366,16.8306,13.2585,0.162638,20.0035,17.569,0.0507846,23.2616,22.4214,0.0158319,26.7328,28.3297,0.00493498,30.5212,35.6974,0.00153831,34.7178,44.9473,0.000479527,39.4086,56.5822,0.000149456,44.6796,71.2245,4.66214e-05,50.6209,89.6543,1.45419e-05,57.3297,112.852,4.54748e-06,64.9129,142.051,1.43857e-06,73.4897,178.803,4.36618e-07,83.1934,225.062,1.40153e-07,94.1745,283.286,4.96378e-08,106.602,356.568,1.05434e-07,120.669,448.799,-6.49244e-08,136.59,564.873,1.70148e-07,154.611,710.948,-5.34594e-08,175.008,894.767,1.63407e-07,198.097,1126.06,8.04804e-08,224.231,1417.07,1.14667e-07,253.813,1783.15,-1.71227e-07,287.297,2243.62,-2.88466e-07,325.198,2822.67,-4.33651e-07,368.098,3550.67,7.9318e-08,416.657,4465.65,3.13319e-07,471.621,5615.16,3.4613e-07,533.835,7058.61,-1.19199e-07,604.255,8870.02,-2.79964e-07,683.962,11141.4,-2.30521e-07,774.182,13986.7,-2.55099e-07,876.299,17546.4,1.23585e-07,991.883,21993.1,1.41192e-07,1122.71,27536.7,-9.71886e-08,1270.78,34430.7,-3.68368e-07,1438.38,42977.7,-3.45379e-07,1628.07,53532.7,-3.25328e-09,1842.77,66504.6,2.6362e-07,2085.77,82350.2,2.53445e-07,2360.79,101560,-2.47407e-08,2672.05,124632,-3.80602e-07,3024.31,152018,-4.79005e-07,3422.98,184060,-1.14379e-07,3874.15,220884,2.64297e-07,4384.72,262283,3.44131e-07,4962.49,307576,7.5349e-08,5616.29,355497,-3.63097e-07,6356.1,404126,-6.05442e-07,7193.18,450932,-2.72333e-07,8140.28,492963,2.29675e-07,9211.79,527178,4.3387e-07,10424,550893,-1.0711e-07,10.102,8.06553,2.81012,10.6436,8.57909,0.869423,11.5336,10.2515,0.270869,12.7211,12.7138,0.0844293,14.1823,15.9373,0.0263173,15.9122,20.0383,0.0082035,17.9198,25.2154,0.00255722,20.2244,31.7373,0.000797017,22.8539,39.9486,0.000248622,25.8438,50.2851,7.75492e-05,29.237,63.2963,2.42508e-05,33.0837,79.6738,7.67162e-06,37.4415,100.288,2.32837e-06,42.3767,126.236,7.33e-07,47.9646,158.896,2.79256e-07,54.2906,200.003,9.87351e-09,61.452,251.741,1.61085e-07,69.5585,316.859,-2.47141e-07,78.7347,398.812,8.93552e-08,89.1218,501.948,-2.53231e-07,100.879,631.736,-1.25047e-07,114.188,795.049,-1.78808e-07,129.252,1000.53,2.6733e-07,146.304,1259.03,4.50292e-07,165.605,1584.19,6.76904e-07,187.452,1993.12,-1.23808e-07,212.181,2507.27,-4.89068e-07,240.173,3153.54,-5.40284e-07,271.856,3965.56,1.86061e-07,307.719,4985.38,4.37004e-07,348.313,6265.4,3.59828e-07,394.26,7870.83,3.98192e-07,446.268,9882.51,-1.92908e-07,505.135,12400.3,-2.20392e-07,571.766,15546.9,1.51705e-07,647.184,19472.2,5.74996e-07,732.547,24357.4,5.39112e-07,829.167,30420,5.07815e-09,938.526,37916.3,-4.11492e-07,1062.3,47143.9,-3.9561e-07,1202.4,58439.2,3.86185e-08,1360.96,72169.3,5.94093e-07,1540.42,88715.8,7.47693e-07,1743.53,108445,1.78537e-07,1973.41,131665,-4.12549e-07,2233.57,158557,-5.37164e-07,2528,189103,-1.17615e-07,2861.2,222986,5.66769e-07,3238.27,259510,9.45053e-07,3664.97,297540,4.25093e-07,4147.81,335497,-3.58506e-07,4694.17,371444,-6.7724e-07,5312.37,403256,1.67192e-07,1.61744,3.89446,9.84394,3.28846,7.5504,12.774,5.07607,11.7187,13.6844,7.03202,16.8147,13.9681,9.20215,23.1769,14.0566,11.6301,31.1672,14.0841,14.3598,41.2186,14.0927,17.4376,53.8688,14.0954,20.9137,69.7915,14.0962,24.8432,89.8341,14.0965,29.2879,115.063,14.0966,34.3168,146.819,14.0966,40.0078,186.792,14.0966,46.4487,237.107,14.0966,53.7388,300.44,14.0966,61.9903,380.158,14.0966,71.3301,480.499,14.0966,81.902,606.796,14.0966,93.8685,765.761,14.0966,107.414,965.837,14.0966,122.746,1217.65,14.0966,140.101,1534.57,14.0966,159.745,1933.41,14.0966,181.981,2435.3,14.0966,207.15,3066.85,14.0966,235.64,3861.46,14.0966,267.889,4861.11,14.0966,304.391,6118.54,14.0966,345.709,7699.91,14.0966,392.478,9688.22,14.0966,445.417,12187.5,14.0966,505.339,15327.7,14.0966,573.165,19271.6,14.0966,649.938,24222,14.0966,736.839,30430.9,14.0966,835.202,38211.5,14.0966,946.539,47950.3,14.0966,1072.56,60122.8,14.0966,1215.21,75309.9,14.0966,1376.66,94216.2,14.0966,1559.41,117688,14.0966,1766.26,146729,14.0966,2000.39,182510,14.0966,2265.39,226372,14.0966,2565.33,279806,14.0966,2904.81,344416,14.0966,3289.05,421845,14.0966,3723.93,513667,14.0966,4216.13,621231,14.0966,4773.18,745478,14.0966,5403.64,886744,14.0966,6117.15,1.04457e+06,14.0966,6924.63,1.2176e+06,14.0966,11.7194,11.96,12.6541,13.9321,16.1295,13.6434,16.6097,21.9702,13.9553,19.7532,29.5285,14.0526,23.3844,39.1143,14.0829,27.5423,51.2054,14.0923,32.2796,66.434,14.0953,37.662,85.6061,14.0962,43.7675,109.74,14.0965,50.687,140.119,14.0966,58.5249,178.359,14.0966,67.4005,226.493,14.0966,77.4493,287.08,14.0966,88.8254,363.343,14.0966,101.703,459.336,14.0966,116.281,580.161,14.0966,132.782,732.241,14.0966,151.46,923.655,14.0966,172.603,1164.57,14.0966,196.535,1467.79,14.0966,223.625,1849.39,14.0966,254.288,2329.62,14.0966,288.997,2933.93,14.0966,328.285,3694.33,14.0966,372.755,4651.04,14.0966,423.092,5854.57,14.0966,480.07,7368.38,14.0966,544.564,9272.08,14.0966,617.566,11665.5,14.0966,700.197,14673.6,14.0966,793.729,18452.9,14.0966,899.599,23198.6,14.0966,1019.43,29154.1,14.0966,1155.07,36622.3,14.0966,1308.6,45977.9,14.0966,1482.39,57683.7,14.0966,1679.09,72307.8,14.0966,1901.73,90542.8,14.0966,2153.73,113226,14.0966,2438.97,141360,14.0966,2761.81,176127,14.0966,3127.22,218898,14.0966,3540.81,271226,14.0966,4008.92,334817,14.0966,4538.74,411470,14.0966,5138.38,502973,14.0966,5817.04,610948,14.0966,6585.12,736653,14.0966,7454.39,880741,14.0966,8438.15,1.04302e+06,14.0966,9551.45,1.22224e+06,14.0966,10811.3,1.41602e+06,14.0966,12237,1.62086e+06,14.0966,11.7194,11.96,12.6541,2.21263,4.16949,0.989383,2.67766,5.84076,0.311842,3.14343,7.55825,0.0972771,3.63127,9.58578,0.0303237,4.15787,12.0912,0.00945211,4.73731,15.2286,0.00294633,5.38238,19.1721,0.000918508,6.10553,24.134,0.000286163,6.91951,30.3791,8.92692e-05,7.83792,38.2397,2.78121e-05,8.87555,48.1338,8.65134e-06,10.0489,60.5876,2.7882e-06,11.3761,76.2629,8.29036e-07,12.8779,95.9927,2.4373e-07,14.5775,120.825,4.33068e-09,16.5012,152.08,1.75749e-07,18.6784,191.415,-1.86328e-07,21.1428,240.917,1.91829e-07,23.9322,303.213,-1.81475e-07,27.0895,381.602,7.0186e-08,30.6634,480.231,-2.86769e-08,34.7087,604.316,2.40784e-07,39.2876,760.401,9.87368e-08,44.4705,956.705,1.22263e-07,50.3371,1203.54,-4.31966e-07,56.9776,1513.81,-1.9705e-07,64.494,1903.69,-2.763e-08,73.0018,2393.4,3.9185e-07,82.6317,3008.13,1.35379e-07,93.5318,3779.25,-4.16351e-08,105.869,4745.7,2.06965e-08,119.834,5955.6,-3.18887e-07,135.641,7468.12,-1.48271e-08,153.531,9355.62,2.00739e-07,173.781,11705.8,2.28358e-07,196.701,14624.1,-1.93587e-08,222.642,18235,-2.88101e-07,252.003,22683.4,-2.24732e-07,285.234,28134,8.56806e-09,322.845,34767,2.34258e-07,365.413,42770.9,2.99668e-07,413.588,52327.9,8.28644e-08,468.111,63591.2,-3.07049e-07,529.814,76653.2,-3.1888e-07,599.642,91502.5,-6.72276e-08,678.662,107975,2.26339e-07,768.083,125705,3.69212e-07,869.267,144088,2.04077e-07,983.76,162277,-2.80509e-07,1113.3,179223,-4.22737e-07,1259.87,193777,-1.71951e-07,1425.68,204839,4.55555e-07,11.7194,11.96,12.6541,2.21263,4.16949,0.989383,2.67766,5.84076,0.311842,3.14343,7.55825,0.0972771,3.63127,9.58578,0.0303237,4.15787,12.0912,0.00945211,4.73731,15.2286,0.00294633,5.38238,19.1721,0.000918508,6.10553,24.134,0.000286163,6.91951,30.3791,8.92692e-05,7.83792,38.2397,2.78121e-05,8.87555,48.1338,8.65134e-06,10.0489,60.5876,2.7882e-06,11.3761,76.2629,8.29036e-07,12.8779,95.9927,2.4373e-07,14.5775,120.825,1e-08,16.5012,152.08,1.75749e-07,18.6784,191.415,1e-08,21.1428,240.917,1.91829e-07,23.9322,303.213,1e-08,27.0895,381.602,7.0186e-08,30.6634,480.231,1e-08,34.7087,604.316,2.40784e-07,39.2876,760.401,9.87368e-08,44.4705,956.705,1.22263e-07,50.3371,1203.54,1e-08,56.9776,1513.81,1e-08,64.494,1903.69,1e-08,73.0018,2393.4,3.9185e-07,82.6317,3008.13,1.35379e-07,93.5318,3779.25,1e-08,105.869,4745.7,2.06965e-08,119.834,5955.6,1e-08,135.641,7468.12,1e-08,153.531,9355.62,2.00739e-07,173.781,11705.8,2.28358e-07,196.701,14624.1,1e-08,222.642,18235,1e-08,252.003,22683.4,1e-08,285.234,28134,1e-08,322.845,34767,2.34258e-07,365.413,42770.9,2.99668e-07,413.588,52327.9,8.28644e-08,468.111,63591.2,1e-08,529.814,76653.2,1e-08,599.642,91502.5,1e-08,678.662,107975,2.26339e-07,768.083,125705,3.69212e-07,869.267,144088,2.04077e-07,983.76,162277,1e-08,1113.3,179223,1e-08,1259.87,193777,1e-08,1425.68,204839,4.55555e-07,6.2823,3.27286,2.43537,0.219672,6.18826,2.24117,0.56371,6.87772,2.63624,0.308279,22,10,14,2,8,1,0,4,1,0,3,0,2,2,0,0,9,0,7,10,0,2,14,0,6,23,0,2,43,0,5,33,0,17,41,0,13,40,0,16,87,0,11,123,0,13,260,0,7,95,0,22,248,0,19,154,0,32,412,0,18,199,0,8,580,0,32,437,0,25,1210,0,47,804,0,19,777,0,71,1306,0,89,1966,0,84,2861,0,159,3328,0,99,3608,0,108,5756,0,135,6509,0,87,8957,0,296,13281,0,290,19770,0,238,18416,0,96,11862,0,276,20252,0,247,13113,0,333,24465,0,322,40862,0,1011,44512,0,510,77705,0,790,101957,0,247,43374,0,501,139538,0,654,97214,0,753,68916,0,1414,64641,0,1528,145308,0,547,60520,0,868,348857,0
-1.05176e+08,1,8.88811e-15,10,1023,0,1.05176e+08,0.528882,1.08665,0.389689,0.145397,0.379329,3.24381,0.161596,0.446195,1.77396,0.159177,1.15e+07,4.49998e+06,6.79999e+06,1.15e+07,4.49997e+06,6.79999e+06,1.15e+07,4.49996e+06,6.79999e+06,1.15e+07,4.49995e+06,6.79999e+06,1.14999e+07,4.49993e+06,6.79999e+06,1.14999e+07,4.49991e+06,6.79999e+06,1.14999e+07,4.49989e+06,6.79999e+06,1.14999e+07,4.49986e+06,6.79999e+06,1.14999e+07,4.49982e+06,6.79999e+06,1.14999e+07,4.49977e+06,6.79999e+06,1.14999e+07,4.49971e+06,6.79999e+06,1.14999e+07,4.49963e+06,6.79999e+06,1.14998e+07,4.49953e+06,6.79999e+06,1.14998e+07,4.49941e+06,6.79999e+06,1.14998e+07,4.49926e+06,6.79999e+06,1.14998e+07,4.49906e+06,6.79999e+06,1.14997e+07,4.49882e+06,6.79999e+06,1.14997e+07,4.49851e+06,6.79999e+06,1.14997e+07,4.49812e+06,6.79999e+06,1.14996e+07,4.49764e+06,6.79999e+06,1.14996e+07,4.49702e+06,6.79999e+06,1.14995e+07,4.49625e+06,6.79999e+06,1.14995e+07,4.49528e+06,6.79999e+06,1.14994e+07,4.49406e+06,6.79999e+06,1.14993e+07,4.49253e+06,6.79999e+06,1.14992e+07,4.49059e+06,6.79999e+06,1.14991e+07,4.48817e+06,6.79999e+06,1.1499e+07,4.48511e+06,6.79999e+06,1.14988e+07,4.48128e+06,6.79999e+06,1.14987e+07,4.47646e+06,6.79999e+06,1.14985e+07,4.47041e+06,6.79999e+06,1.14983e+07,4.46281e+06,6.79999e+06,1.14981e+07,4.4533e+06,6.79999e+06,1.14979e+07,4.44138e+06,6.79999e+06,1.14976e+07,4.42649e+06,6.79999e+06,1.14972e+07,4.40789e+06,6.79999e+06,1.14969e+07,4.38471e+06,6.79999e+06,1.14965e+07,4.35592e+06,6.79999e+06,1.1496e+07,4.32027e+06,6.79999e+06,1.14955e+07,4.27629e+06,6.79999e+06,1.14949e+07,4.22231e+06,6.79999e+06,1.14942e+07,4.15647e+06,6.79999e+06,1.14934e+07,4.07676e+06,6.79999e+06,1.14926e+07,3.98112e+06,6.79999e+06,1.14916e+07,3.86765e+06,6.79999e+06,1.14905e+07,3.73474e+06,6.79999e+06,1.14892e+07,3.58148e+06,6.79999e+06,1.14878e+07,3.40785e+06,6.79999e+06,1.14862e+07,3.21513e+06,6.79999e+06,1.14844e+07,3.00605e+06,6.79999e+06,1.14823e+07,2.7848e+06,6.79999e+06,1.148e+07,2.5568e+06,6.79999e+06,1.14773e+07,2.32825e+06,6.79999e+06,13.5742,8.52444,0.508366,16.8306,13.2585,0.162638,20.0035,17.569,0.0507846,23.2616,22.4214,0.0158319,26.7328,28.3297,0.00493498,30.5212,35.6974,0.00153831,34.7178,44.9473,0.000479527,39.4086,56.5822,0.000149456,44.6796,71.2245,4.66214e-05,50.6209,89.6543,1.45419e-05,57.3297,112.852,4.54748e-06,64.9129,142.051,1.43857e-06,73.4897,178.803,4.36618e-07,83.1934,225.062,1.40153e-07,94.1745,283.286,4.96378e-08,106.602,356.568,1.05434e-07,120.669,448.799,-6.49244e-08,136.59,564.873,1.70148e-07,154.611,710.948,-5.34594e-08,175.008,894.767,1.63407e-07,198.097,1126.06,8.04804e-08,224.231,1417.07,1.14667e-07,253.813,1783.15,-1.71227e-07,287.297,2243.62,-2.88466e-07,325.198,2822.67,-4.33651e-07,368.098,3550.67,7.9318e-08,416.657,4465.65,3.13319e-07,471.621,5615.16,3.4613e-07,533.835,7058.61,-1.19199e-07,604.255,8870.02,-2.79964e-07,683.962,11141.4,-2.30521e-07,774.182,13986.7,-2.55099e-07,876.299,17546.4,1.23585e-07,991.883,21993.1,1.41192e-07,1122.71,27536.7,-9.71886e-08,1270.78,34430.7,-3.68368e-07,1438.38,42977.7,-3.45379e-07,1628.07,53532.7,-3.25328e-09,1842.77,66504.6,2.6362e-07,2085.77,82350.2,2.53445e-07,2360.79,101560,-2.47407e-08,2672.05,124632,-3.80602e-07,3024.31,152018,-4.79005e-07,3422.98,184060,-1.14379e-07,3874.15,220884,2.64297e-07,4384.72,262283,3.44131e-07,4962.49,307576,7.5349e-08,5616.29,355497,-3.63097e-07,6356.1,404126,-6.05442e-07,7193.18,450932,-2.72333e-07,8140.28,492963,2.29675e-07,9211.79,527178,4.3387e-07,10424,550893,-1.0711e-07,10.102,8.06553,2.81012,10.6436,8.57909,0.869423,11.5336,10.2515,0.270869,12.7211,12.7138,0.0844293,14.1823,15.9373,0.0263173,15.9122,20.0383,0.0082035,17.9198,25.2154,0.00255722,20.2244,31.7373,0.000797017,22.8539,39.9486,0.000248622,25.8438,50.2851,7.75492e-05,29.237,63.2963,2.42508e-05,33.0837,79.6738,7.67162e-06,37.4415,100.288,2.32837e-06,42.3767,126.236,7.33e-07,47.9646,158.896,2.79256e-07,54.2906,200.003,9.87351e-09,61.452,251.741,1.61085e-07,69.5585,316.859,-2.47141e-07,78.7347,398.812,8.93552e-08,89.1218,501.948,-2.53231e-07,100.879,631.736,-1.25047e-07,114.188,795.049,-1.78808e-07,129.252,1000.53,2.6733e-07,146.304,1259.03,4.50292e-07,165.605,1584.19,6.76904e-07,187.452,1993.12,-1.23808e-07,212.181,2507.27,-4.89068e-07,240.173,3153.54,-5.40284e-07,271.856,3965.56,1.86061e-07,307.719,4985.38,4.37004e-07,348.313,6265.4,3.59828e-07,394.26,7870.83,3.98192e-07,446.268,9882.51,-1.92908e-07,505.135,12400.3,-2.20392e-07,571.766,15546.9,1.51705e-07,647.184,19472.2,5.74996e-07,732.547,24357.4,5.39112e-07,829.167,30420,5.07815e-09,938.526,37916.3,-4.11492e-07,1062.3,47143.9,-3.9561e-07,1202.4,58439.2,3.86185e-08,1360.96,72169.3,5.94093e-07,1540.42,88715.8,7.47693e-07,1743.53,108445,1.78537e-07,1973.41,131665,-4.12549e-07,2233.57,158557,-5.37164e-07,2528,189103,-1.17615e-07,2861.2,222986,5.66769e-07,3238.27,259510,9.45053e-07,3664.97,297540,4.25093e-07,4147.81,335497,-3.58506e-07,4694.17,371444,-6.7724e-07,5312.37,403256,1.67192e-07,1.61744,3.89446,9.84394,3.28846,7.5504,12.774,5.07607,11.7187,13.6844,7.03202,16.8147,13.9681,9.20215,23.1769,14.0566,11.6301,31.1672,14.0841,14.3598,41.2186,14.0927,17.4376,53.8688,14.0954,20.9137,69.7915,14.0962,24.8432,89.8341,14.0965,29.2879,115.063,14.0966,34.3168,146.819,14.0966,40.0078,186.792,14.0966,46.4487,237.107,14.0966,53.7388,300.44,14.0966,61.9903,380.158,14.0966,71.3301,480.499,14.0966,81.902,606.796,14.0966,93.8685,765.761,14.0966,107.414,965.837,14.0966,122.746,1217.65,14.0966,140.101,1534.57,14.0966,159.745,1933.41,14.0966,181.981,2435.3,14.0966,207.15,3066.85,14.0966,235.64,3861.46,14.0966,267.889,4861.11,14.0966,304.391,6118.54,14.0966,345.709,7699.91,14.0966,392.478,9688.22,14.0966,445.417,12187.5,14.0966,505.339,15327.7,14.0966,573.165,19271.6,14.0966,649.938,24222,14.0966,736.839,30430.9,14.0966,835.202,38211.5,14.0966,946.539,47950.3,14.0966,1072.56,60122.8,14.0966,1215.21,75309.9,14.0966,1376.66,94216.2,14.0966,1559.41,117688,14.0966,1766.26,146729,14.0966,2000.39,182510,14.0966,2265.39,226372,14.0966,2565.33,279806,14.0966,2904.81,344416,14.0966,3289.05,421845,14.0966,3723.93,513667,14.0966,4216.13,621231,14.0966,4773.18,745478,14.0966,5403.64,886744,14.0966,6117.15,1.04457e+06,14.0966,6924.63,1.2176e+06,14.0966,11.7194,11.96,12.6541,13.9321,16.1295,13.6434,16.6097,21.9702,13.9553,19.7532,29.5285,14.0526,23.3844,39.1143,14.0829,27.5423,51.2054,14.0923,32.2796,66.434,14.0953,37.662,85.6061,14.0962,43.7675,109.74,14.0965,50.687,140.119,14.0966,58.5249,178.359,14.0966,67.4005,226.493,14.0966,77.4493,287.08,14.0966,88.8254,363.343,14.0966,101.703,459.336,14.0966,116.281,580.161,14.0966,132.782,732.241,14.0966,151.46,923.655,14.0966,172.603,1164.57,14.0966,196.535,1467.79,14.0966,223.625,1849.39,14.0966,254.288,2329.62,14.0966,288.997,2933.93,14.0966,328.285,3694.33,14.0966,372.755,4651.04,14.0966,423.092,5854.57,14.0966,480.07,7368.38,14.0966,544.564,9272.08,14.0966,617.566,11665.5,14.0966,700.197,14673.6,14.0966,793.729,18452.9,14.0966,899.599,23198.6,14.0966,1019.43,29154.1,14.0966,1155.07,36622.3,14.0966,1308.6,45977.9,14.0966,1482.39,57683.7,14.0966,1679.09,72307.8,14.0966,1901.73,90542.8,14.0966,2153.73,113226,14.0966,2438.97,141360,14.0966,2761.81,176127,14.0966,3127.22,218898,14.0966,3540.81,271226,14.0966,4008.92,334817,14.0966,4538.74,411470,14.0966,5138.38,502973,14.0966,5817.04,610948,14.0966,6585.12,736653,14.0966,7454.39,880741,14.0966,8438.15,1.04302e+06,14.0966,9551.45,1.22224e+06,14.0966,10811.3,1.41602e+06,14.0966,12237,1.62086e+06,14.0966,11.7194,11.96,12.6541,2.21263,4.16949,0.989383,2.67766,5.84076,0.311842,3.14343,7.55825,0.0972771,3.63127,9.58578,0.0303237,4.15787,12.0912,0.00945211,4.73731,15.2286,0.00294633,5.38238,19.1721,0.000918508,6.10553,24.134,0.000286163,6.91951,30.3791,8.92692e-05,7.83792,38.2397,2.78121e-05,8.87555,48.1338,8.65134e-06,10.0489,60.5876,2.7882e-06,11.3761,76.2629,8.29036e-07,12.8779,95.9927,2.4373e-07,14.5775,120.825,4.33068e-09,16.5012,152.08,1.75749e-07,18.6784,191.415,-1.86328e-07,21.1428,240.917,1.91829e-07,23.9322,303.213,-1.81475e-07,27.0895,381.602,7.0186e-08,30.6634,480.231,-2.86769e-08,34.7087,604.316,2.40784e-07,39.2876,760.401,9.87368e-08,44.4705,956.705,1.22263e-07,50.3371,1203.54,-4.31966e-07,56.9776,1513.81,-1.9705e-07,64.494,1903.69,-2.763e-08,73.0018,2393.4,3.9185e-07,82.6317,3008.13,1.35379e-07,93.5318,3779.25,-4.16351e-08,105.869,4745.7,2.06965e-08,119.834,5955.6,-3.18887e-07,135.641,7468.12,-1.48271e-08,153.531,9355.62,2.00739e-07,173.781,11705.8,2.28358e-07,196.701,14624.1,-1.93587e-08,222.642,18235,-2.88101e-07,252.003,22683.4,-2.24732e-07,285.234,28134,8.56806e-09,322.845,34767,2.34258e-07,365.413,42770.9,2.99668e-07,413.588,52327.9,8.28644e-08,468.111,63591.2,-3.07049e-07,529.814,76653.2,-3.1888e-07,599.642,91502.5,-6.72276e-08,678.662,107975,2.26339e-07,768.083,125705,3.69212e-07,869.267,144088,2.04077e-07,983.76,162277,-2.80509e-07,1113.3,179223,-4.22737e-07,1259.87,193777,-1.71951e-07,1425.68,204839,4.55555e-07,11.7194,11.96,12.6541,2.21263,4.16949,0.989383,2.67766,5.84076,0.311842,3.14343,7.55825,0.0972771,3.63127,9.58578,0.0303237,4.15787,12.0912,0.00945211,4.73731,15.2286,0.00294633,5.38238,19.1721,0.000918508,6.10553,24.134,0.000286163,6.91951,30.3791,8.92692e-05,7.83792,38.2397,2.78121e-05,8.87555,48.1338,8.65134e-06,10.0489,60.5876,2.7882e-06,11.3761,76.2629,8.29036e-07,12.8779,95.9927,2.4373e-07,14.5775,120.825,1e-08,16.5012,152.08,1.75749e-07,18.6784,191.415,1e-08,21.1428,240.917,1.91829e-07,23.9322,303.213,1e-08,27.0895,381.602,7.0186e-08,30.6634,480.231,1e-08,34.7087,604.316,2.40784e-07,39.2876,760.401,9.87368e-08,44.4705,956.705,1.22263e-07,50.3371,1203.54,1e-08,56.9776,1513.81,1e-08,64.494,1903.69,1e-08,73.0018,2393.4,3.9185e-07,82.6317,3008.13,1.35379e-07,93.5318,3779.25,1e-08,105.869,4745.7,2.06965e-08,119.834,5955.6,1e-08,135.641,7468.12,1e-08,153.531,9355.62,2.00739e-07,173.781,11705.8,2.28358e-07,196.701,14624.1,1e-08,222.642,18235,1e-08,252.003,22683.4,1e-08,285.234,28134,1e-08,322.845,34767,2.34258e-07,365.413,42770.9,2.99668e-07,413.588,52327.9,8.28644e-08,468.111,63591.2,1e-08,529.814,76653.2,1e-08,599.642,91502.5,1e-08,678.662,107975,2.26339e-07,768.083,125705,3.69212e-07,869.267,144088,2.04077e-07,983.76,162277,1e-08,1113.3,179223,1e-08,1259.87,193777,1e-08,1425.68,204839,4.55555e-07,6.2823,3.27286,2.43537,0.219672,6.18826,2.24117,0.56371,6.87772,2.63624,0.308279,16,8,10,3,6,1,1,7,0,4,5,1,1,9,0,7,5,0,9,5,0,4,14,0,6,26,0,2,12,0,5,24,0,11,55,0,8,41,0,15,68,0,9,116,0,14,140,0,44,199,0,18,134,0,9,284,0,42,346,0,22,597,0,32,540,0,19,721,0,17,853,0,37,629,0,21,2300,0,57,1596,0,48,368,0,41,2875,0,20,2184,0,57,1916,0,121,3108,0,96,4309,0,111,7948,0,175,11739,0,160,16391,0,206,15596,0,152,30762,0,229,25250,0,429,22911,0,410,27880,0,188,39095,0,374,43163,0,1038,100118,0,644,68578,0,848,86858,0,536,104131,0,693,174563,0,706,134851,0,1348,254915,0,335,90791,0,910,215503,0,1466,203465,0
-1.05176e+08,7.86429e-46,8.88811e-15,10,1023,0,1.05176e+08,0.528882,1.08665,0.389689,0.145397,0.379329,3.24381,0.161596,0.446195,1.77396,0.159177,1.15e+07,4.49998e+06,6.79999e+06,1.15e+07,4.49997e+06,6.79999e+06,1.15e+07,4.49996e+06,6.79999e+06,1.15e+07,4.49995e+06,6.79999e+06,1.14999e+07,4.49993e+06,6.79999e+06,1.14999e+07,4.49991e+06,6.79999e+06,1.14999e+07,4.49989e+06,6.79999e+06,1.14999e+07,4.49986e+06,6.79999e+06,1.14999e+07,4.49982e+06,6.79999e+06,1.14999e+07,4.49977e+06,6.79999e+06,1.14999e+07,4.49971e+06,6.79999e+06,1.14999e+07,4.49963e+06,6.79999e+06,1.14998e+07,4.49953e+06,6.79999e+06,1.14998e+07,4.49941e+06,6.79999e+06,1.14998e+07,4.49926e+06,6.79999e+06,1.14998e+07,4.49906e+06,6.79999e+06,1.14997e+07,4.49882e+06,6.79999e+06,1.14997e+07,4.49851e+06,6.79999e+06,1.14997e+07,4.49812e+06,6.79999e+06,1.14996e+07,4.49764e+06,6.79999e+06,1.14996e+07,4.49702e+06,6.79999e+06,1.14995e+07,4.49625e+06,6.79999e+06,1.14995e+07,4.49528e+06,6.79999e+06,1.14994e+07,4.49406e+06,6.79999e+06,1.14993e+07,4.49253e+06,6.79999e+06,1.14992e+07,4.49059e+06,6.79999e+06,1.14991e+07,4.48817e+06,6.79999e+06,1.1499e+07,4.48511e+06,6.79999e+06,1.14988e+07,4.48128e+06,6.79999e+06,1.14987e+07,4.47646e+06,6.79999e+06,1.14985e+07,4.47041e+06,6.79999e+06,1.14983e+07,4.46281e+06,6.79999e+06,1.14981e+07,4.4533e+06,6.79999e+06,1.14979e+07,4.44138e+06,6.79999e+06,1.14976e+07,4.42649e+06,6.79999e+06,1.14972e+07,4.40789e+06,6.79999e+06,1.14969e+07,4.38471e+06,6.79999e+06,1.14965e+07,4.35592e+06,6.79999e+06,1.1496e+07,4.32027e+06,6.79999e+06,1.14955e+07,4.27629e+06,6.79999e+06,1.14949e+07,4.22231e+06,6.79999e+06,1.14942e+07,4.15647e+06,6.79999e+06,1.14934e+07,4.07676e+06,6.79999e+06,1.14926e+07,3.98112e+06,6.79999e+06,1.14916e+07,3.86765e+06,6.79999e+06,1.14905e+07,3.73474e+06,6.79999e+06,1.14892e+07,3.58148e+06,6.79999e+06,1.14878e+07,3.40785e+06,6.79999e+06,1.14862e+07,3.21513e+06,6.79999e+06,1.14844e+07,3.00605e+06,6.79999e+06,1.14823e+07,2.7848e+06,6.79999e+06,1.148e+07,2.5568e+06,6.79999e+06,1.14773e+07,2.32825e+06,6.79999e+06,13.5742,8.52444,0.508366,16.8306,13.2585,0.162638,20.0035,17.569,0.0507846,23.2616,22.4214,0.0158319,26.7328,28.3297,0.00493498,30.5212,35.6974,0.00153831,34.7178,44.9473,0.000479527,39.4086,56.5822,0.000149456,44.6796,71.2245,4.66214e-05,50.6209,89.6543,1.45419e-05,57.3297,112.852,4.54748e-06,64.9129,142.051,1.43857e-06,73.4897,178.803,4.36618e-07,83.1934,225.062,1.40153e-07,94.1745,283.286,4.96378e-08,106.602,356.568,1.05434e-07,120.669,448.799,-6.49244e-08,136.59,564.873,1.70148e-07,154.611,710.948,-5.34594e-08,175.008,894.767,1.63407e-07,198.097,1126.06,8.04804e-08,224.231,1417.07,1.14667e-07,253.813,1783.15,-1.71227e-07,287.297,2243.62,-2.88466e-07,325.198,2822.67,-4.33651e-07,368.098,3550.67,7.9318e-08,416.657,4465.65,3.13319e-07,471.621,5615.16,3.4613e-07,533.835,7058.61,-1.19199e-07,604.255,8870.02,-2.79964e-07,683.962,11141.4,-2.30521e-07,774.182,13986.7,-2.55099e-07,876.299,17546.4,1.23585e-07,991.883,21993.1,1.41192e-07,1122.71,27536.7,-9.71886e-08,1270.78,34430.7,-3.68368e-07,1438.38,42977.7,-3.45379e-07,1628.07,53532.7,-3.25328e-09,1842.77,66504.6,2.6362e-07,2085.77,82350.2,2.53445e-07,2360.79,101560,-2.47407e-08,2672.05,124632,-3.80602e-07,3024.31,152018,-4.79005e-07,3422.98,184060,-1.14379e-07,3874.15,220884,2.64297e-07,4384.72,262283,3.44131e-07,4962.49,307576,7.5349e-08,5616.29,355497,-3.63097e-07,6356.1,404126,-6.05442e-07,7193.18,450932,-2.72333e-07,8140.28,492963,2.29675e-07,9211.79,527178,4.3387e-07,10424,550893,-1.0711e-07,10.102,8.06553,2.81012,10.6436,8.57909,0.869423,11.5336,10.2515,0.270869,12.7211,12.7138,0.0844293,14.1823,15.9373,0.0263173,15.9122,20.0383,0.0082035,17.9198,25.2154,0.00255722,20.2244,31.7373,0.000797017,22.8539,39.9486,0.000248622,25.8438,50.2851,7.75492e-05,29.237,63.2963,2.42508e-05,33.0837,79.6738,7.67162e-06,37.4415,100.288,2.32837e-06,42.3767,126.236,7.33e-07,47.9646,158.896,2.79256e-07,54.2906,200.003,9.87351e-09,61.452,251.741,1.61085e-07,69.5585,316.859,-2.47141e-07,78.7347,398.812,8.93552e-08,89.1218,501.948,-2.53231e-07,100.879,631.736,-1.25047e-07,114.188,795.049,-1.78808e-07,129.252,1000.53,2.6733e-07,146.304,1259.03,4.50292e-07,165.605,1584.19,6.76904e-07,187.452,1993.12,-1.23808e-07,212.181,2507.27,-4.89068e-07,240.173,3153.54,-5.40284e-07,271.856,3965.56,1.86061e-07,307.719,4985.38,4.37004e-07,348.313,6265.4,3.59828e-07,394.26,7870.83,3.98192e-07,446.268,9882.51,-1.92908e-07,505.135,12400.3,-2.20392e-07,571.766,15546.9,1.51705e-07,647.184,19472.2,5.74996e-07,732.547,24357.4,5.39112e-07,829.167,30420,5.07815e-09,938.526,37916.3,-4.11492e-07,1062.3,47143.9,-3.9561e-07,1202.4,58439.2,3.86185e-08,1360.96,72169.3,5.94093e-07,1540.42,88715.8,7.47693e-07,1743.53,108445,1.78537e-07,1973.41,131665,-4.12549e-07,2233.57,158557,-5.37164e-07,2528,189103,-1.17615e-07,2861.2,222986,5.66769e-07,3238.27,259510,9.45053e-07,3664.97,297540,4.25093e-07,4147.81,335497,-3.58506e-07,4694.17,371444,-6.7724e-07,5312.37,403256,1.67192e-07,1.61744,3.89446,9.84394,3.28846,7.5504,12.774,5.07607,11.7187,13.6844,7.03202,16.8147,13.9681,9.20215,23.1769,14.0566,11.6301,31.1672,14.0841,14.3598,41.2186,14.0927,17.4376,53.8688,14.0954,20.9137,69.7915,14.0962,24.8432,89.8341,14.0965,29.2879,115.063,14.0966,34.3168,146.819,14.0966,40.0078,186.792,14.0966,46.4487,237.107,14.0966,53.7388,300.44,14.0966,61.9903,380.158,14.0966,71.3301,480.499,14.0966,81.902,606.796,14.0966,93.8685,765.761,14.0966,107.414,965.837,14.0966,122.746,1217.65,14.0966,140.101,1534.57,14.0966,159.745,1933.41,14.0966,181.981,2435.3,14.0966,207.15,3066.85,14.0966,235.64,3861.46,14.0966,267.889,4861.11,14.0966,304.391,6118.54,14.0966,345.709,7699.91,14.0966,392.478,9688.22,14.0966,445.417,12187.5,14.0966,505.339,15327.7,14.0966,573.165,19271.6,14.0966,649.938,24222,14.0966,736.839,30430.9,14.0966,835.202,38211.5,14.0966,946.539,47950.3,14.0966,1072.56,60122.8,14.0966,1215.21,75309.9,14.0966,1376.66,94216.2,14.0966,1559.41,117688,14.0966,1766.26,146729,14.0966,2000.39,182510,14.0966,2265.39,226372,14.0966,2565.33,279806,14.0966,2904.81,344416,14.0966,3289.05,421845,14.0966,3723.93,513667,14.0966,4216.13,621231,14.0966,4773.18,745478,14.0966,5403.64,886744,14.0966,6117.15,1.04457e+06,14.0966,6924.63,1.2176e+06,14.0966,11.7194,11.96,12.6541,13.9321,16.1295,13.6434,16.6097,21.9702,13.9553,19.7532,29.5285,14.0526,23.3844,39.1143,14.0829,27.5423,51.2054,14.0923,32.2796,66.434,14.0953,37.662,85.6061,14.0962,43.7675,109.74,14.0965,50.687,140.119,14.0966,58.5249,178.359,14.0966,67.4005,226.493,14.0966,77.4493,287.08,14.0966,88.8254,363.343,14.0966,101.703,459.336,14.0966,116.281,580.161,14.0966,132.782,732.241,14.0966,151.46,923.655,14.0966,172.603,1164.57,14.0966,196.535,1467.79,14.0966,223.625,1849.39,14.0966,254.288,2329.62,14.0966,288.997,2933.93,14.0966,328.285,3694.33,14.0966,372.755,4651.04,14.0966,423.092,5854.57,14.0966,480.07,7368.38,14.0966,544.564,9272.08,14.0966,617.566,11665.5,14.0966,700.197,14673.6,14.0966,793.729,18452.9,14.0966,899.599,23198.6,14.0966,1019.43,29154.1,14.0966,1155.07,36622.3,14.0966,1308.6,45977.9,14.0966,1482.39,57683.7,14.0966,1679.09,72307.8,14.0966,1901.73,90542.8,14.0966,2153.73,113226,14.0966,2438.97,141360,14.0966,2761.81,176127,14.0966,3127.22,218898,14.0966,3540.81,271226,14.0966,4008.92,334817,14.0966,4538.74,411470,14.0966,5138.38,502973,14.0966,5817.04,610948,14.0966,6585.12,736653,14.0966,7454.39,880741,14.0966,8438.15,1.04302e+06,14.0966,9551.45,1.22224e+06,14.0966,10811.3,1.41602e+06,14.0966,12237,1.62086e+06,14.0966,11.7194,11.96,12.6541,2.21263,4.16949,0.989383,2.67766,5.84076,0.311842,3.14343,7.55825,0.0972771,3.63127,9.58578,0.0303237,4.15787,12.0912,0.00945211,4.73731,15.2286,0.00294633,5.38238,19.1721,0.000918508,6.10553,24.134,0.000286163,6.91951,30.3791,8.92692e-05,7.83792,38.2397,2.78121e-05,8.87555,48.1338,8.65134e-06,10.0489,60.5876,2.7882e-06,11.3761,76.2629,8.29036e-07,12.8779,95.9927,2.4373e-07,14.5775,120.825,4.33068e-09,16.5012,152.08,1.75749e-07,18.6784,191.415,-1.86328e-07,21.1428,240.917,1.91829e-07,23.9322,303.213,-1.81475e-07,27.0895,381.602,7.0186e-08,30.6634,480.231,-2.86769e-08,34.7087,604.316,2.40784e-07,39.2876,760.401,9.87368e-08,44.4705,956.705,1.22263e-07,50.3371,1203.54,-4.31966e-07,56.9776,1513.81,-1.9705e-07,64.494,1903.69,-2.763e-08,73.0018,2393.4,3.9185e-07,82.6317,3008.13,1.35379e-07,93.5318,3779.25,-4.16351e-08,105.869,4745.7,2.06965e-08,119.834,5955.6,-3.18887e-07,135.641,7468.12,-1.48271e-08,153.531,9355.62,2.00739e-07,173.781,11705.8,2.28358e-07,196.701,14624.1,-1.93587e-08,222.642,18235,-2.88101e-07,252.003,22683.4,-2.24732e-07,285.234,28134,8.56806e-09,322.845,34767,2.34258e-07,365.413,42770.9,2.99668e-07,413.588,52327.9,8.28644e-08,468.111,63591.2,-3.07049e-07,529.814,76653.2,-3.1888e-07,599.642,91502.5,-6.72276e-08,678.662,107975,2.26339e-07,768.083,125705,3.69212e-07,869.267,144088,2.04077e-07,983.76,162277,-2.80509e-07,1113.3,179223,-4.22737e-07,1259.87,193777,-1.71951e-07,1425.68,204839,4.55555e-07,11.7194,11.96,12.6541,2.21263,4.16949,0.989383,2.67766,5.84076,0.311842,3.14343,7.55825,0.0972771,3.63127,9.58578,0.0303237,4.15787,12.0912,0.00945211,4.73731,15.2286,0.00294633,5.38238,19.1721,0.000918508,6.10553,24.134,0.000286163,6.91951,30.3791,8.92692e-05,7.83792,38.2397,2.78121e-05,8.87555,48.1338,8.65134e-06,10.0489,60.5876,2.7882e-06,11.3761,76.2629,8.29036e-07,12.8779,95.9927,2.4373e-07,14.5775,120.825,1e-08,16.5012,152.08,1.75749e-07,18.6784,191.415,1e-08,21.1428,240.917,1.91829e-07,23.9322,303.213,1e-08,27.0895,381.602,7.0186e-08,30.6634,480.231,1e-08,34.7087,604.316,2.40784e-07,39.2876,760.401,9.87368e-08,44.4705,956.705,1.22263e-07,50.3371,1203.54,1e-08,56.9776,1513.81,1e-08,64.494,1903.69,1e-08,73.0018,2393.4,3.9185e-07,82.6317,3008.13,1.35379e-07,93.5318,3779.25,1e-08,105.869,4745.7,2.06965e-08,119.834,5955.6,1e-08,135.641,7468.12,1e-08,153.531,9355.62,2.00739e-07,173.781,11705.8,2.28358e-07,196.701,14624.1,1e-08,222.642,18235,1e-08,252.003,22683.4,1e-08,285.234,28134,1e-08,322.845,34767,2.34258e-07,365.413,42770.9,2.99668e-07,413.588,52327.9,8.28644e-08,468.111,63591.2,1e-08,529.814,76653.2,1e-08,599.642,91502.5,1e-08,678.662,107975,2.26339e-07,768.083,125705,3.69212e-07,869.267,144088,2.04077e-07,983.76,162277,1e-08,1113.3,179223,1e-08,1259.87,193777,1e-08,1425.68,204839,4.55555e-07,6.2823,3.27286,2.43537,0.219672,6.18826,2.24117,0.56371,6.87772,2.63624,0.308279,14,9,14,3,6,2,3,2,0,4,3,0,4,19,0,0,7,0,4,14,0,8,21,0,4,18,0,4,22,0,15,16,0,8,55,0,4,72,0,4,74,0,12,125,0,7,265,0,23,132,0,31,140,0,24,167,0,42,312,0,9,146,0,14,145,0,58,413,0,64,793,0,38,1277,0,51,1615,0,48,1301,0,44,1020,0,59,3156,0,87,5277,0,94,4102,0,128,2530,0,65,5969,0,44,5186,0,67,11302,0,68,23134,0,182,18840,0,170,27752,0,288,23832,0,253,67753,0,467,68526,0,321,49208,0,394,43472,0,325,63960,0,444,64034,0,712,63813,0,678,91778,0,562,136890,0,941,171142,0,540,199249,0,736,109513,0,1189,195794,0,810,191336,0
-1.05176e+08,1,8.88811e-15,10,1023,0,1.05176e+08,0.528882,1.08665,0.389689,0.145397,0.379329,3.24381,0.161596,0.446195,1.77396,0.159177,1.15e+07,4.49998e+06,6.79999e+06,1.15e+07,4.49997e+06,6.79999e+06,1.15e+07,4.49996e+06,6.79999e+06,1.15e+07,4.49995e+06,6.79999e+06,1.14999e+07,4.49993e+06,6.79999e+06,1.14999e+07,4.49991e+06,6.79999e+06,1.14999e+07,4.49989e+06,6.79999e+06,1.14999e+07,4.49986e+06,6.79999e+06,1.14999e+07,4.49982e+06,6.79999e+06,1.14999e+07,4.49977e+06,6.79999e+06,1.14999e+07,4.49971e+06,6.79999e+06,1.14999e+07,4.49963e+06,6.79999e+06,1.14998e+07,4.49953e+06,6.79999e+06,1.14998e+07,4.49941e+06,6.79999e+06,1.14998e+07,4.49926e+06,6.79999e+06,1.14998e+07,4.49906e+06,6.79999e+06,1.14997e+07,4.49882e+06,6.79999e+06,1.14997e+07,4.49851e+06,6.79999e+06,1.14997e+07,4.49812e+06,6.79999e+06,1.14996e+07,4.49764e+06,6.79999e+06,1.14996e+07,4.49702e+06,6.79999e+06,1.14995e+07,4.49625e+06,6.79999e+06,1.14995e+07,4.49528e+06,6.79999e+06,1.14994e+07,4.49406e+06,6.79999e+06,1.14993e+07,4.49253e+06,6.79999e+06,1.14992e+07,4.49059e+06,6.79999e+06,1.14991e+07,4.48817e+06,6.79999e+06,1.1499e+07,4.48511e+06,6.79999e+06,1.14988e+07,4.48128e+06,6.79999e+06,1.14987e+07,4.47646e+06,6.79999e+06,1.14985e+07,4.47041e+06,6.79999e+06,1.14983e+07,4.46281e+06,6.79999e+06,1.14981e+07,4.4533e+06,6.79999e+06,1.14979e+07,4.44138e+06,6.79999e+06,1.14976e+07,4.42649e+06,6.79999e+06,1.14972e+07,4.40789e+06,6.79999e+06,1.14969e+07,4.38471e+06,6.79999e+06,1.14965e+07,4.35592e+06,6.79999e+06,1.1496e+07,4.32027e+06,6.79999e+06,1.14955e+07,4.27629e+06,6.79999e+06,1.14949e+07,4.22231e+06,6.79999e+06,1.14942e+07,4.15647e+06,6.79999e+06,1.14934e+07,4.07676e+06,6.79999e+06,1.14926e+07,3.98112e+06,6.79999e+06,1.14916e+07,3.86765e+06,6.79999e+06,1.14905e+07,3.73474e+06,6.79999e+06,1.14892e+07,3.58148e+06,6.79999e+06,1.14878e+07,3.40785e+06,6.79999e+06,1.14862e+07,3.21513e+06,6.79999e+06,1.14844e+07,3.00605e+06,6.79999e+06,1.14823e+07,2.7848e+06,6.79999e+06,1.148e+07,2.5568e+06,6.79999e+06,1.14773e+07,2.32825e+06,6.79999e+06,13.5742,8.52444,0.508366,16.8306,13.2585,0.162638,20.0035,17.569,0.0507846,23.2616,22.4214,0.0158319,26.7328,28.3297,0.00493498,30.5212,35.6974,0.00153831,34.7178,44.9473,0.000479527,39.4086,56.5822,0.000149456,44.6796,71.2245,4.66214e-05,50.6209,89.6543,1.45419e-05,57.3297,112.852,4.54748e-06,64.9129,142.051,1.43857e-06,73.4897,178.803,4.36618e-07,83.1934,225.062,1.40153e-07,94.1745,283.286,4.96378e-08,106.602,356.568,1.05434e-07,120.669,448.799,-6.49244e-08,136.59,564.873,1.70148e-07,154.611,710.948,-5.34594e-08,175.008,894.767,1.63407e-07,198.097,1126.06,8.04804e-08,224.231,1417.07,1.14667e-07,253.813,1783.15,-1.71227e-07,287.297,2243.62,-2.88466e-07,325.198,2822.67,-4.33651e-07,368.098,3550.67,7.9318e-08,416.657,4465.65,3.13319e-07,471.621,5615.16,3.4613e-07,533.835,7058.61,-1.19199e-07,604.255,8870.02,-2.79964e-07,683.962,11141.4,-2.30521e-07,774.182,13986.7,-2.55099e-07,876.299,17546.4,1.23585e-07,991.883,21993.1,1.41192e-07,1122.71,27536.7,-9.71886e-08,1270.78,34430.7,-3.68368e-07,1438.38,42977.7,-3.45379e-07,1628.07,53532.7,-3.25328e-09,1842.77,66504.6,2.6362e-07,2085.77,82350.2,2.53445e-07,2360.79,101560,-2.47407e-08,2672.05,124632,-3.80602e-07,3024.31,152018,-4.79005e-07,3422.98,184060,-1.14379e-07,3874.15,220884,2.64297e-07,4384.72,262283,3.44131e-07,4962.49,307576,7.5349e-08,5616.29,355497,-3.63097e-07,6356.1,404126,-6.05442e-07,7193.18,450932,-2.72333e-07,8140.28,492963,2.29675e-07,9211.79,527178,4.3387e-07,10424,550893,-1.0711e-07,10.102,8.06553,2.81012,10.6436,8.57909,0.869423,11.5336,10.2515,0.270869,12.7211,12.7138,0.0844293,14.1823,15.9373,0.0263173,15.9122,20.0383,0.0082035,17.9198,25.2154,0.00255722,20.2244,31.7373,0.000797017,22.8539,39.9486,0.000248622,25.8438,50.2851,7.75492e-05,29.237,63.2963,2.42508e-05,33.0837,79.6738,7.67162e-06,37.4415,100.288,2.32837e-06,42.3767,126.236,7.33e-07,47.9646,158.896,2.79256e-07,54.2906,200.003,9.87351e-09,61.452,251.741,1.61085e-07,69.5585,316.859,-2.47141e-07,78.7347,398.812,8.93552e-08,89.1218,501.948,-2.53231e-07,100.879,631.736,-1.25047e-07,114.188,795.049,-1.78808e-07,129.252,1000.53,2.6733e-07,146.304,1259.03,4.50292e-07,165.605,1584.19,6.76904e-07,187.452,1993.12,-1.23808e-07,212.181,2507.27,-4.89068e-07,240.173,3153.54,-5.40284e-07,271.856,3965.56,1.86061e-07,307.719,4985.38,4.37004e-07,348.313,6265.4,3.59828e-07,394.26,7870.83,3.98192e-07,446.268,9882.51,-1.92908e-07,505.135,12400.3,-2.20392e-07,571.766,15546.9,1.51705e-07,647.184,19472.2,5.74996e-07,732.547,24357.4,5.39112e-07,829.167,30420,5.07815e-09,938.526,37916.3,-4.11492e-07,1062.3,47143.9,-3.9561e-07,1202.4,58439.2,3.86185e-08,1360.96,72169.3,5.94093e-07,1540.42,88715.8,7.47693e-07,1743.53,108445,1.78537e-07,1973.41,131665,-4.12549e-07,2233.57,158557,-5.37164e-07,2528,189103,-1.17615e-07,2861.2,222986,5.66769e-07,3238.27,259510,9.45053e-07,3664.97,297540,4.25093e-07,4147.81,335497,-3.58506e-07,4694.17,371444,-6.7724e-07,5312.37,403256,1.67192e-07,1.61744,3.89446,9.84394,3.28846,7.5504,12.774,5.07607,11.7187,13.6844,7.03202,16.8147,13.9681,9.20215,23.1769,14.0566,11.6301,31.1672,14.0841,14.3598,41.2186,14.0927,17.4376,53.8688,14.0954,20.9137,69.7915,14.0962,24.8432,89.8341,14.0965,29.2879,115.063,14.0966,34.3168,146.819,14.0966,40.0078,186.792,14.0966,46.4487,237.107,14.0966,53.7388,300.44,14.0966,61.9903,380.158,14.0966,71.3301,480.499,14.0966,81.902,606.796,14.0966,93.8685,765.761,14.0966,107.414,965.837,14.0966,122.746,1217.65,14.0966,140.101,1534.57,14.0966,159.745,1933.41,14.0966,181.981,2435.3,14.0966,207.15,3066.85,14.0966,235.64,3861.46,14.0966,267.889,4861.11,14.0966,304.391,6118.54,14.0966,345.709,7699.91,14.0966,392.478,9688.22,14.0966,445.417,12187.5,14.0966,505.339,15327.7,14.0966,573.165,19271.6,14.0966,649.938,24222,14.0966,736.839,30430.9,14.0966,835.202,38211.5,14.0966,946.539,47950.3,14.0966,1072.56,60122.8,14.0966,1215.21,75309.9,14.0966,1376.66,94216.2,14.0966,1559.41,117688,14.0966,1766.26,146729,14.0966,2000.39,182510,14.0966,2265.39,226372,14.0966,2565.33,279806,14.0966,2904.81,344416,14.0966,3289.05,421845,14.0966,3723.93,513667,14.0966,4216.13,621231,14.0966,4773.18,745478,14.0966,5403.64,886744,14.0966,6117.15,1.04457e+06,14.0966,6924.63,1.2176e+06,14.0966,11.7194,11.96,12.6541,13.9321,16.1295,13.6434,16.6097,21.9702,13.9553,19.7532,29.5285,14.0526,23.3844,39.1143,14.0829,27.5423,51.2054,14.0923,32.2796,66.434,14.0953,37.662,85.6061,14.0962,43.7675,109.74,14.0965,50.687,140.119,14.0966,58.5249,178.359,14.0966,67.4005,226.493,14.0966,77.4493,287.08,14.0966,88.8254,363.343,14.0966,101.703,459.336,14.0966,116.281,580.161,14.0966,132.782,732.241,14.0966,151.46,923.655,14.0966,172.603,1164.57,14.0966,196.535,1467.79,14.0966,223.625,1849.39,14.0966,254.288,2329.62,14.0966,288.997,2933.93,14.0966,328.285,3694.33,14.0966,372.755,4651.04,14.0966,423.092,5854.57,14.0966,480.07,7368.38,14.0966,544.564,9272.08,14.0966,617.566,11665.5,14.0966,700.197,14673.6,14.0966,793.729,18452.9,14.0966,899.599,23198.6,14.0966,1019.43,29154.1,14.0966,1155.07,36622.3,14.0966,1308.6,45977.9,14.0966,1482.39,57683.7,14.0966,1679.09,72307.8,14.0966,1901.73,90542.8,14.0966,2153.73,113226,14.0966,2438.97,141360,14.0966,2761.81,176127,14.0966,3127.22,218898,14.0966,3540.81,271226,14.0966,4008.92,334817,14.0966,4538.74,411470,14.0966,5138.38,502973,14.0966,5817.04,610948,14.0966,6585.12,736653,14.0966,7454.39,880741,14.0966,8438.15,1.04302e+06,14.0966,9551.45,1.22224e+06,14.0966,10811.3,1.41602e+06,14.0966,12237,1.62086e+06,14.0966,11.7194,11.96,12.6541,2.21263,4.16949,0.989383,2.67766,5.84076,0.311842,3.14343,7.55825,0.0972771,3.63127,9.58578,0.0303237,4.15787,12.0912,0.00945211,4.73731,15.2286,0.00294633,5.38238,19.1721,0.000918508,6.10553,24.134,0.000286163,6.91951,30.3791,8.92692e-05,7.83792,38.2397,2.78121e-05,8.87555,48.1338,8.65134e-06,10.0489,60.5876,2.7882e-06,11.3761,76.2629,8.29036e-07,12.8779,95.9927,2.4373e-07,14.5775,120.825,4.33068e-09,16.5012,152.08,1.75749e-07,18.6784,191.415,-1.86328e-07,21.1428,240.917,1.91829e-07,23.9322,303.213,-1.81475e-07,27.0895,381.602,7.0186e-08,30.6634,480.231,-2.86769e-08,34.7087,604.316,2.40784e-07,39.2876,760.401,9.87368e-08,44.4705,956.705,1.22263e-07,50.3371,1203.54,-4.31966e-07,56.9776,1513.81,-1.9705e-07,64.494,1903.69,-2.763e-08,73.0018,2393.4,3.9185e-07,82.6317,3008.13,1.35379e-07,93.5318,3779.25,-4.16351e-08,105.869,4745.7,2.06965e-08,119.834,5955.6,-3.18887e-07,135.641,7468.12,-1.48271e-08,153.531,9355.62,2.00739e-07,173.781,11705.8,2.28358e-07,196.701,14624.1,-1.93587e-08,222.642,18235,-2.88101e-07,252.003,22683.4,-2.24732e-07,285.234,28134,8.56806e-09,322.845,34767,2.34258e-07,365.413,42770.9,2.99668e-07,413.588,52327.9,8.28644e-08,468.111,63591.2,-3.07049e-07,529.814,76653.2,-3.1888e-07,599.642,91502.5,-6.72276e-08,678.662,107975,2.26339e-07,768.083,125705,3.69212e-07,869.267,144088,2.04077e-07,983.76,162277,-2.80509e-07,1113.3,179223,-4.22737e-07,1259.87,193777,-1.71951e-07,1425.68,204839,4.55555e-07,11.7194,11.96,12.6541,2.21263,4.16949,0.989383,2.67766,5.84076,0.311842,3.14343,7.55825,0.0972771,3.63127,9.58578,0.0303237,4.15787,12.0912,0.00945211,4.73731,15.2286,0.00294633,5.38238,19.1721,0.000918508,6.10553,24.134,0.000286163,6.91951,30.3791,8.92692e-05,7.83792,38.2397,2.78121e-05,8.87555,48.1338,8.65134e-06,10.0489,60.5876,2.7882e-06,11.3761,76.2629,8.29036e-07,12.8779,95.9927,2.4373e-07,14.5775,120.825,1e-08,16.5012,152.08,1.75749e-07,18.6784,191.415,1e-08,21.1428,240.917,1.91829e-07,23.9322,303.213,1e-08,27.0895,381.602,7.0186e-08,30.6634,480.231,1e-08,34.7087,604.316,2.40784e-07,39.2876,760.401,9.87368e-08,44.4705,956.705,1.22263e-07,50.3371,1203.54,1e-08,56.9776,1513.81,1e-08,64.494,1903.69,1e-08,73.0018,2393.4,3.9185e-07,82.6317,3008.13,1.35379e-07,93.5318,3779.25,1e-08,105.869,4745.7,2.06965e-08,119.834,5955.6,1e-08,135.641,7468.12,1e-08,153.531,9355.62,2.00739e-07,173.781,11705.8,2.28358e-07,196.701,14624.1,1e-08,222.642,18235,1e-08,252.003,22683.4,1e-08,285.234,28134,1e-08,322.845,34767,2.34258e-07,365.413,42770.9,2.99668e-07,413.588,52327.9,8.28644e-08,468.111,63591.2,1e-08,529.814,76653.2,1e-08,599.642,91502.5,1e-08,678.662,107975,2.26339e-07,768.083,125705,3.69212e-07,869.267,144088,2.04077e-07,983.76,162277,1e-08,1113.3,179223,1e-08,1259.87,193777,1e-08,1425.68,204839,4.55555e-07,6.2823,3.27286,2.43537,0.219672,6.18826,2.24117,0.56371,6.87772,2.63624,0.308279,13,16,25,2,11,1,2,5,0,4,13,0,7,9,0,8,12,0,5,12,0,12,13,0,5,46,0,4,17,0,7,32,0,14,63,0,13,103,0,10,86,0,8,83,0,8,152,0,10,139,0,25,330,0,19,255,0,25,122,0,33,243,0,13,496,0,44,804,0,47,936,0,74,292,0,45,749,0,83,2751,0,20,2057,0,75,2067,0,93,3313,0,143,3084,0,64,5040,0,158,5373,0,215,7724,0,134,8842,0,225,7723,0,167,29928,0,109,6269,0,237,45261,0,181,13375,0,343,72087,0,163,19769,0,328,52330,0,597,77919,0,349,81737,0,511,100516,0,1200,182041,0,522,100105,0,814,164623,0,1215,140996,0,2344,121503,0,1148,116162,0,1828,193368,0
-1.05176e+08,1,8.88811e-15,10,1023,0,1.05176e+08,0.528882,1.08665,0.389689,0.145397,0.379329,3.24381,0.161596,0.446195,1.77396,0.159177,1.15e+07,4.49998e+06,6.79999e+06,1.15e+07,4.49997e+06,6.79999e+06,1.15e+07,4.49996e+06,6.79999e+06,1.15e+07,4.49995e+06,6.79999e+06,1.14999e+07,4.49993e+06,6.79999e+06,1.14999e+07,4.49991e+06,6.79999e+06,1.14999e+07,4.49989e+06,6.79999e+06,1.14999e+07,4.49986e+06,6.79999e+06,1.14999e+07,4.49982e+06,6.79999e+06,1.14999e+07,4.49977e+06,6.79999e+06,1.14999e+07,4.49971e+06,6.79999e+06,1.14999e+07,4.49963e+06,6.79999e+06,1.14998e+07,4.49953e+06,6.79999e+06,1.14998e+07,4.49941e+06,6.79999e+06,1.14998e+07,4.49926e+06,6.79999e+06,1.14998e+07,4.49906e+06,6.79999e+06,1.14997e+07,4.49882e+06,6.79999e+06,1.14997e+07,4.49851e+06,6.79999e+06,1.14997e+07,4.49812e+06,6.79999e+06,1.14996e+07,4.49764e+06,6.79999e+06,1.14996e+07,4.49702e+06,6.79999e+06,1.14995e+07,4.49625e+06,6.79999e+06,1.14995e+07,4.49528e+06,6.79999e+06,1.14994e+07,4.49406e+06,6.79999e+06,1.14993e+07,4.49253e+06,6.79999e+06,1.14992e+07,4.49059e+06,6.79999e+06,1.14991e+07,4.48817e+06,6.79999e+06,1.1499e+07,4.48511e+06,6.79999e+06,1.14988e+07,4.48128e+06,6.79999e+06,1.14987e+07,4.47646e+06,6.79999e+06,1.14985e+07,4.47041e+06,6.79999e+06,1.14983e+07,4.46281e+06,6.79999e+06,1.14981e+07,4.4533e+06,6.79999e+06,1.14979e+07,4.44138e+06,6.79999e+06,1.14976e+07,4.42649e+06,6.79999e+06,1.14972e+07,4.40789e+06,6.79999e+06,1.14969e+07,4.38471e+06,6.79999e+06,1.14965e+07,4.35592e+06,6.79999e+06,1.1496e+07,4.32027e+06,6.79999e+06,1.14955e+07,4.27629e+06,6.79999e+06,1.14949e+07,4.22231e+06,6.79999e+06,1.14942e+07,4.15647e+06,6.79999e+06,1.14934e+07,4.07676e+06,6.79999e+06,1.14926e+07,3.98112e+06,6.79999e+06,1.14916e+07,3.86765e+06,6.79999e+06,1.14905e+07,3.73474e+06,6.79999e+06,1.14892e+07,3.58148e+06,6.79999e+06,1.14878e+07,3.40785e+06,6.79999e+06,1.14862e+07,3.21513e+06,6.79999e+06,1.14844e+07,3.00605e+06,6.79999e+06,1.14823e+07,2.7848e+06,6.79999e+06,1.148e+07,2.5568e+06,6.79999e+06,1.14773e+07,2.32825e+06,6.79999e+06,13.5742,8.52444,0.508366,16.8306,13.2585,0.162638,20.0035,17.569,0.0507846,23.2616,22.4214,0.0158319,26.7328,28.3297,0.00493498,30.5212,35.6974,0.00153831,34.7178,44.9473,0.000479527,39.4086,56.5822,0.000149456,44.6796,71.2245,4.66214e-05,50.6209,89.6543,1.45419e-05,57.3297,112.852,4.54748e-06,64.9129,142.051,1.43857e-06,73.4897,178.803,4.36618e-07,83.1934,225.062,1.40153e-07,94.1745,283.286,4.96378e-08,106.602,356.568,1.05434e-07,120.669,448.799,-6.49244e-08,136.59,564.873,1.70148e-07,154.611,710.948,-5.34594e-08,175.008,894.767,1.63407e-07,198.097,1126.06,8.04804e-08,224.231,1417.07,1.14667e-07,253.813,1783.15,-1.71227e-07,287.297,2243.62,-2.88466e-07,325.198,2822.67,-4.33651e-07,368.098,3550.67,7.9318e-08,416.657,4465.65,3.13319e-07,471.621,5615.16,3.4613e-07,533.835,7058.61,-1.19199e-07,604.255,8870.02,-2.79964e-07,683.962,11141.4,-2.30521e-07,774.182,13986.7,-2.55099e-07,876.299,17546.4,1.23585e-07,991.883,21993.1,1.41192e-07,1122.71,27536.7,-9.71886e-08,1270.78,34430.7,-3.68368e-07,1438.38,42977.7,-3.45379e-07,1628.07,53532.7,-3.25328e-09,1842.77,66504.6,2.6362e-07,2085.77,82350.2,2.53445e-07,2360.79,101560,-2.47407e-08,2672.05,124632,-3.80602e-07,3024.31,152018,-4.79005e-07,3422.98,184060,-1.14379e-07,3874.15,220884,2.64297e-07,4384.72,262283,3.44131e-07,4962.49,307576,7.5349e-08,5616.29,355497,-3.63097e-07,6356.1,404126,-6.05442e-07,7193.18,450932,-2.72333e-07,8140.28,492963,2.29675e-07,9211.79,527178,4.3387e-07,10424,550893,-1.0711e-07,10.102,8.06553,2.81012,10.6436,8.57909,0.869423,11.5336,10.2515,0.270869,12.7211,12.7138,0.0844293,14.1823,15.9373,0.0263173,15.9122,20.0383,0.0082035,17.9198,25.2154,0.00255722,20.2244,31.7373,0.000797017,22.8539,39.9486,0.000248622,25.8438,50.2851,7.75492e-05,29.237,63.2963,2.42508e-05,33.0837,79.6738,7.67162e-06,37.4415,100.288,2.32837e-06,42.3767,126.236,7.33e-07,47.9646,158.896,2.79256e-07,54.2906,200.003,9.87351e-09,61.452,251.741,1.61085e-07,69.5585,316.859,-2.47141e-07,78.7347,398.812,8.93552e-08,89.1218,501.948,-2.53231e-07,100.879,631.736,-1.25047e-07,114.188,795.049,-1.78808e-07,129.252,1000.53,2.6733e-07,146.304,1259.03,4.50292e-07,165.605,1584.19,6.76904e-07,187.452,1993.12,-1.23808e-07,212.181,2507.27,-4.89068e-07,240.173,3153.54,-5.40284e-07,271.856,3965.56,1.86061e-07,307.719,4985.38,4.37004e-07,348.313,6265.4,3.59828e-07,394.26,7870.83,3.98192e-07,446.268,9882.51,-1.92908e-07,505.135,12400.3,-2.20392e-07,571.766,15546.9,1.51705e-07,647.184,19472.2,5.74996e-07,732.547,24357.4,5.39112e-07,829.167,30420,5.07815e-09,938.526,37916.3,-4.11492e-07,1062.3,47143.9,-3.9561e-07,1202.4,58439.2,3.86185e-08,1360.96,72169.3,5.94093e-07,1540.42,88715.8,7.47693e-07,1743.53,108445,1.78537e-07,1973.41,131665,-4.12549e-07,2233.57,158557,-5.37164e-07,2528,189103,-1.17615e-07,2861.2,222986,5.66769e-07,3238.27,259510,9.45053e-07,3664.97,297540,4.25093e-07,4147.81,335497,-3.58506e-07,4694.17,371444,-6.7724e-07,5312.37,403256,1.67192e-07,1.61744,3.89446,9.84394,3.28846,7.5504,12.774,5.07607,11.7187,13.6844,7.03202,16.8147,13.9681,9.20215,23.1769,14.0566,11.6301,31.1672,14.0841,14.3598,41.2186,14.0927,17.4376,53.8688,14.0954,20.9137,69.7915,14.0962,24.8432,89.8341,14.0965,29.2879,115.063,14.0966,34.3168,146.819,14.0966,40.0078,186.792,14.0966,46.4487,237.107,14.0966,53.7388,300.44,14.0966,61.9903,380.158,14.0966,71.3301,480.499,14.0966,81.902,606.796,14.0966,93.8685,765.761,14.0966,107.414,965.837,14.0966,122.746,1217.65,14.0966,140.101,1534.57,14.0966,159.745,1933.41,14.0966,181.981,2435.3,14.0966,207.15,3066.85,14.0966,235.64,3861.46,14.0966,267.889,4861.11,14.0966,304.391,6118.54,14.0966,345.709,7699.91,14.0966,392.478,9688.22,14.0966,445.417,12187.5,14.0966,505.339,15327.7,14.0966,573.165,19271.6,14.0966,649.938,24222,14.0966,736.839,30430.9,14.0966,835.202,38211.5,14.0966,946.539,47950.3,14.0966,1072.56,60122.8,14.0966,1215.21,75309.9,14.0966,1376.66,94216.2,14.0966,1559.41,117688,14.0966,1766.26,146729,14.0966,2000.39,182510,14.0966,2265.39,226372,14.0966,2565.33,279806,14.0966,2904.81,344416,14.0966,3289.05,421845,14.0966,3723.93,513667,14.0966,4216.13,621231,14.0966,4773.18,745478,14.0966,5403.64,886744,14.0966,6117.15,1.04457e+06,14.0966,6924.63,1.2176e+06,14.0966,11.7194,11.96,12.6541,13.9321,16.1295,13.6434,16.6097,21.9702,13.9553,19.7532,29.5285,14.0526,23.3844,39.1143,14.0829,27.5423,51.2054,14.0923,32.2796,66.434,14.0953,37.662,85.6061,14.0962,43.7675,109.74,14.0965,50.687,140.119,14.0966,58.5249,178.359,14.0966,67.4005,226.493,14.0966,77.4493,287.08,14.0966,88.8254,363.343,14.0966,101.703,459.336,14.0966,116.281,580.161,14.0966,132.782,732.241,14.0966,151.46,923.655,14.0966,172.603,1164.57,14.0966,196.535,1467.79,14.0966,223.625,1849.39,14.0966,254.288,2329.62,14.0966,288.997,2933.93,14.0966,328.285,3694.33,14.0966,372.755,4651.04,14.0966,423.092,5854.57,14.0966,480.07,7368.38,14.0966,544.564,9272.08,14.0966,617.566,11665.5,14.0966,700.197,14673.6,14.0966,793.729,18452.9,14.0966,899.599,23198.6,14.0966,1019.43,29154.1,14.0966,1155.07,36622.3,14.0966,1308.6,45977.9,14.0966,1482.39,57683.7,14.0966,1679.09,72307.8,14.0966,1901.73,90542.8,14.0966,2153.73,113226,14.0966,2438.97,141360,14.0966,2761.81,176127,14.0966,3127.22,218898,14.0966,3540.81,271226,14.0966,4008.92,334817,14.0966,4538.74,411470,14.0966,5138.38,502973,14.0966,5817.04,610948,14.0966,6585.12,736653,14.0966,7454.39,880741,14.0966,8438.15,1.04302e+06,14.0966,9551.45,1.22224e+06,14.0966,10811.3,1.41602e+06,14.0966,12237,1.62086e+06,14.0966,11.7194,11.96,12.6541,2.21263,4.16949,0.989383,2.67766,5.84076,0.311842,3.14343,7.55825,0.0972771,3.63127,9.58578,0.0303237,4.15787,12.0912,0.00945211,4.73731,15.2286,0.00294633,5.38238,19.1721,0.000918508,6.10553,24.134,0.000286163,6.91951,30.3791,8.92692e-05,7.83792,38.2397,2.78121e-05,8.87555,48.1338,8.65134e-06,10.0489,60.5876,2.7882e-06,11.3761,76.2629,8.29036e-07,12.8779,95.9927,2.4373e-07,14.5775,120.825,4.33068e-09,16.5012,152.08,1.75749e-07,18.6784,191.415,-1.86328e-07,21.1428,240.917,1.91829e-07,23.9322,303.213,-1.81475e-07,27.0895,381.602,7.0186e-08,30.6634,480.231,-2.86769e-08,34.7087,604.316,2.40784e-07,39.2876,760.401,9.87368e-08,44.4705,956.705,1.22263e-07,50.3371,1203.54,-4.31966e-07,56.9776,1513.81,-1.9705e-07,64.494,1903.69,-2.763e-08,73.0018,2393.4,3.9185e-07,82.6317,3008.13,1.35379e-07,93.5318,3779.25,-4.16351e-08,105.869,4745.7,2.06965e-08,119.834,5955.6,-3.18887e-07,135.641,7468.12,-1.48271e-08,153.531,9355.62,2.00739e-07,173.781,11705.8,2.28358e-07,196.701,14624.1,-1.93587e-08,222.642,18235,-2.88101e-07,252.003,22683.4,-2.24732e-07,285.234,28134,8.56806e-09,322.845,34767,2.34258e-07,365.413,42770.9,2.99668e-07,413.588,52327.9,8.28644e-08,468.111,63591.2,-3.07049e-07,529.814,76653.2,-3.1888e-07,599.642,91502.5,-6.72276e-08,678.662,107975,2.26339e-07,768.083,125705,3.69212e-07,869.267,144088,2.04077e-07,983.76,162277,-2.80509e-07,1113.3,179223,-4.22737e-07,1259.87,193777,-1.71951e-07,1425.68,204839,4.55555e-07,11.7194,11.96,12.6541,2.21263,4.16949,0.989383,2.67766,5.84076,0.311842,3.14343,7.55825,0.0972771,3.63127,9.58578,0.0303237,4.15787,12.0912,0.00945211,4.73731,15.2286,0.00294633,5.38238,19.1721,0.000918508,6.10553,24.134,0.000286163,6.91951,30.3791,8.92692e-05,7.83792,38.2397,2.78121e-05,8.87555,48.1338,8.65134e-06,10.0489,60.5876,2.7882e-06,11.3761,76.2629,8.29036e-07,12.8779,95.9927,2.4373e-07,14.5775,120.825,1e-08,16.5012,152.08,1.75749e-07,18.6784,191.415,1e-08,21.1428,240.917,1.91829e-07,23.9322,303.213,1e-08,27.0895,381.602,7.0186e-08,30.6634,480.231,1e-08,34.7087,604.316,2.40784e-07,39.2876,760.401,9.87368e-08,44.4705,956.705,1.22263e-07,50.3371,1203.54,1e-08,56.9776,1513.81,1e-08,64.494,1903.69,1e-08,73.0018,2393.4,3.9185e-07,82.6317,3008.13,1.35379e-07,93.5318,3779.25,1e-08,105.869,4745.7,2.06965e-08,119.834,5955.6,1e-08,135.641,7468.12,1e-08,153.531,9355.62,2.00739e-07,173.781,11705.8,2.28358e-07,196.701,14624.1,1e-08,222.642,18235,1e-08,252.003,22683.4,1e-08,285.234,28134,1e-08,322.845,34767,2.34258e-07,365.413,42770.9,2.99668e-07,413.588,52327.9,8.28644e-08,468.111,63591.2,1e-08,529.814,76653.2,1e-08,599.642,91502.5,1e-08,678.662,107975,2.26339e-07,768.083,125705,3.69212e-07,869.267,144088,2.04077e-07,983.76,162277,1e-08,1113.3,179223,1e-08,1259.87,193777,1e-08,1425.68,204839,4.55555e-07,6.2823,3.27286,2.43537,0.219672,6.18826,2.24117,0.56371,6.87772,2.63624,0.308279,11,17,16,1,5,0,3,5,0,1,4,0,2,9,0,6,12,0,3,14,0,3,20,0,14,21,0,5,19,0,9,23,0,4,27,0,5,63,0,11,40,0,16,90,0,10,76,0,14,148,0,13,195,0,14,141,0,20,253,0,29,418,0,27,496,0,38,430,0,49,834,0,63,864,0,76,706,0,78,1445,0,23,1463,0,43,1430,0,83,1735,0,79,3982,0,99,5159,0,115,5036,0,119,14495,0,86,6246,0,83,7605,0,155,9848,0,148,22630,0,238,15046,0,305,41856,0,543,25354,0,234,71729,0,541,20837,0,1156,47910,0,658,65558,0,1383,68802,0,1007,61129,0,1145,114720,0,626,131078,0,768,162042,0,1551,225293,0,879,316306,0,1194,129259,0
-1.05176e+08,3.28222e-61,8.88811e-15,10,1023,0,1.05176e+08,0.528882,1.08665,0.389689,0.145397,0.379329,3.24381,0.161596,0.446195,1.77396,0.159177,1.15e+07,4.49998e+06,6.79999e+06,1.15e+07,4.49997e+06,6.79999e+06,1.15e+07,4.49996e+06,6.79999e+06,1.15e+07,4.49995e+06,6.79999e+06,1.14999e+07,4.49993e+06,6.79999e+06,1.14999e+07,4.49991e+06,6.79999e+06,1.14999e+07,4.49989e+06,6.79999e+06,1.14999e+07,4.49986e+06,6.79999e+06,1.14999e+07,4.49982e+06,6.79999e+06,1.14999e+07,4.49977e+06,6.79999e+06,1.14999e+07,4.49971e+06,6.79999e+06,1.14999e+07,4.49963e+06,6.79999e+06,1.14998e+07,4.49953e+06,6.79999e+06,1.14998e+07,4.49941e+06,6.79999e+06,1.14998e+07,4.49926e+06,6.79999e+06,1.14998e+07,4.49906e+06,6.79999e+06,1.14997e+07,4.49882e+06,6.79999e+06,1.14997e+07,4.49851e+06,6.79999e+06,1.14997e+07,4.49812e+06,6.79999e+06,1.14996e+07,4.49764e+06,6.79999e+06,1.14996e+07,4.49702e+06,6.79999e+06,1.14995e+07,4.49625e+06,6.79999e+06,1.14995e+07,4.49528e+06,6.79999e+06,1.14994e+07,4.49406e+06,6.79999e+06,1.14993e+07,4.49253e+06,6.79999e+06,1.14992e+07,4.49059e+06,6.79999e+06,1.14991e+07,4.48817e+06,6.79999e+06,1.1499e+07,4.48511e+06,6.79999e+06,1.14988e+07,4.48128e+06,6.79999e+06,1.14987e+07,4.47646e+06,6.79999e+06,1.14985e+07,4.47041e+06,6.79999e+06,1.14983e+07,4.46281e+06,6.79999e+06,1.14981e+07,4.4533e+06,6.79999e+06,1.14979e+07,4.44138e+06,6.79999e+06,1.14976e+07,4.42649e+06,6.79999e+06,1.14972e+07,4.40789e+06,6.79999e+06,1.14969e+07,4.38471e+06,6.79999e+06,1.14965e+07,4.35592e+06,6.79999e+06,1.1496e+07,4.32027e+06,6.79999e+06,1.14955e+07,4.27629e+06,6.79999e+06,1.14949e+07,4.22231e+06,6.79999e+06,1.14942e+07,4.15647e+06,6.79999e+06,1.14934e+07,4.07676e+06,6.79999e+06,1.14926e+07,3.98112e+06,6.79999e+06,1.14916e+07,3.86765e+06,6.79999e+06,1.14905e+07,3.73474e+06,6.79999e+06,1.14892e+07,3.58148e+06,6.79999e+06,1.14878e+07,3.40785e+06,6.79999e+06,1.14862e+07,3.21513e+06,6.79999e+06,1.14844e+07,3.00605e+06,6.79999e+06,1.14823e+07,2.7848e+06,6.79999e+06,1.148e+07,2.5568e+06,6.79999e+06,1.14773e+07,2.32825e+06,6.79999e+06,13.5742,8.52444,0.508366,16.8306,13.2585,0.162638,20.0035,17.569,0.0507846,23.2616,22.4214,0.0158319,26.7328,28.3297,0.00493498,30.5212,35.6974,0.00153831,34.7178,44.9473,0.000479527,39.4086,56.5822,0.000149456,44.6796,71.2245,4.66214e-05,50.6209,89.6543,1.45419e-05,57.3297,112.852,4.54748e-06,64.9129,142.051,1.43857e-06,73.4897,178.803,4.36618e-07,83.1934,225.062,1.40153e-07,94.1745,283.286,4.96378e-08,106.602,356.568,1.05434e-07,120.669,448.799,-6.49244e-08,136.59,564.873,1.70148e-07,154.611,710.948,-5.34594e-08,175.008,894.767,1.63407e-07,198.097,1126.06,8.04804e-08,224.231,1417.07,1.14667e-07,253.813,1783.15,-1.71227e-07,287.297,2243.62,-2.88466e-07,325.198,2822.67,-4.33651e-07,368.098,3550.67,7.9318e-08,416.657,4465.65,3.13319e-07,471.621,5615.16,3.4613e-07,533.835,7058.61,-1.19199e-07,604.255,8870.02,-2.79964e-07,683.962,11141.4,-2.30521e-07,774.182,13986.7,-2.55099e-07,876.299,17546.4,1.23585e-07,991.883,21993.1,1.41192e-07,1122.71,27536.7,-9.71886e-08,1270.78,34430.7,-3.68368e-07,1438.38,42977.7,-3.45379e-07,1628.07,53532.7,-3.25328e-09,1842.77,66504.6,2.6362e-07,2085.77,82350.2,2.53445e-07,2360.79,101560,-2.47407e-08,2672.05,124632,-3.80602e-07,3024.31,152018,-4.79005e-07,3422.98,184060,-1.14379e-07,3874.15,220884,2.64297e-07,4384.72,262283,3.44131e-07,4962.49,307576,7.5349e-08,5616.29,355497,-3.63097e-07,6356.1,404126,-6.05442e-07,7193.18,450932,-2.72333e-07,8140.28,492963,2.29675e-07,9211.79,527178,4.3387e-07,10424,550893,-1.0711e-07,10.102,8.06553,2.81012,10.6436,8.57909,0.869423,11.5336,10.2515,0.270869,12.7211,12.7138,0.0844293,14.1823,15.9373,0.0263173,15.9122,20.0383,0.0082035,17.9198,25.2154,0.00255722,20.2244,31.7373,0.000797017,22.8539,39.9486,0.000248622,25.8438,50.2851,7.75492e-05,29.237,63.2963,2.42508e-05,33.0837,79.6738,7.67162e-06,37.4415,100.288,2.32837e-06,42.3767,126.236,7.33e-07,47.9646,158.896,2.79256e-07,54.2906,200.003,9.87351e-09,61.452,251.741,1.61085e-07,69.5585,316.859,-2.47141e-07,78.7347,398.812,8.93552e-08,89.1218,501.948,-2.53231e-07,100.879,631.736,-1.25047e-07,114.188,795.049,-1.78808e-07,129.252,1000.53,2.6733e-07,146.304,1259.03,4.50292e-07,165.605,1584.19,6.76904e-07,187.452,1993.12,-1.23808e-07,212.181,2507.27,-4.89068e-07,240.173,3153.54,-5.40284e-07,271.856,3965.56,1.86061e-07,307.719,4985.38,4.37004e-07,348.313,6265.4,3.59828e-07,394.26,7870.83,3.98192e-07,446.268,9882.51,-1.92908e-07,505.135,12400.3,-2.20392e-07,571.766,15546.9,1.51705e-07,647.184,19472.2,5.74996e-07,732.547,24357.4,5.39112e-07,829.167,30420,5.07815e-09,938.526,37916.3,-4.11492e-07,1062.3,47143.9,-3.9561e-07,1202.4,58439.2,3.86185e-08,1360.96,72169.3,5.94093e-07,1540.42,88715.8,7.47693e-07,1743.53,108445,1.78537e-07,1973.41,131665,-4.12549e-07,2233.57,158557,-5.37164e-07,2528,189103,-1.17615e-07,2861.2,222986,5.66769e-07,3238.27,259510,9.45053e-07,3664.97,297540,4.25093e-07,4147.81,335497,-3.58506e-07,4694.17,371444,-6.7724e-07,5312.37,403256,1.67192e-07,1.61744,3.89446,9.84394,3.28846,7.5504,12.774,5.07607,11.7187,13.6844,7.03202,16.8147,13.9681,9.20215,23.1769,14.0566,11.6301,31.1672,14.0841,14.3598,41.2186,14.0927,17.4376,53.8688,14.0954,20.9137,69.7915,14.0962,24.8432,89.8341,14.0965,29.2879,115.063,14.0966,34.3168,146.819,14.0966,40.0078,186.792,14.0966,46.4487,237.107,14.0966,53.7388,300.44,14.0966,61.9903,380.158,14.0966,71.3301,480.499,14.0966,81.902,606.796,14.0966,93.8685,765.761,14.0966,107.414,965.837,14.0966,122.746,1217.65,14.0966,140.101,1534.57,14.0966,159.745,1933.41,14.0966,181.981,2435.3,14.0966,207.15,3066.85,14.0966,235.64,3861.46,14.0966,267.889,4861.11,14.0966,304.391,6118.54,14.0966,345.709,7699.91,14.0966,392.478,9688.22,14.0966,445.417,12187.5,14.0966,505.339,15327.7,14.0966,573.165,19271.6,14.0966,649.938,24222,14.0966,736.839,30430.9,14.0966,835.202,38211.5,14.0966,946.539,47950.3,14.0966,1072.56,60122.8,14.0966,1215.21,75309.9,14.0966,1376.66,94216.2,14.0966,1559.41,117688,14.0966,1766.26,146729,14.0966,2000.39,182510,14.0966,2265.39,226372,14.0966,2565.33,279806,14.0966,2904.81,344416,14.0966,3289.05,421845,14.0966,3723.93,513667,14.0966,4216.13,621231,14.0966,4773.18,745478,14.0966,5403.64,886744,14.0966,6117.15,1.04457e+06,14.0966,6924.63,1.2176e+06,14.0966,11.7194,11.96,12.6541,13.9321,16.1295,13.6434,16.6097,21.9702,13.9553,19.7532,29.5285,14.0526,23.3844,39.1143,14.0829,27.5423,51.2054,14.0923,32.2796,66.434,14.0953,37.662,85.6061,14.0962,43.7675,109.74,14.0965,50.687,140.119,14.0966,58.5249,178.359,14.0966,67.4005,226.493,14.0966,77.4493,287.08,14.0966,88.8254,363.343,14.0966,101.703,459.336,14.0966,116.281,580.161,14.0966,132.782,732.241,14.0966,151.46,923.655,14.0966,172.603,1164.57,14.0966,196.535,1467.79,14.0966,223.625,1849.39,14.0966,254.288,2329.62,14.0966,288.997,2933.93,14.0966,328.285,3694.33,14.0966,372.755,4651.04,14.0966,423.092,5854.57,14.0966,480.07,7368.38,14.0966,544.564,9272.08,14.0966,617.566,11665.5,14.0966,700.197,14673.6,14.0966,793.729,18452.9,14.0966,899.599,23198.6,14.0966,1019.43,29154.1,14.0966,1155.07,36622.3,14.0966,1308.6,45977.9,14.0966,1482.39,57683.7,14.0966,1679.09,72307.8,14.0966,1901.73,90542.8,14.0966,2153.73,113226,14.0966,2438.97,141360,14.0966,2761.81,176127,14.0966,3127.22,218898,14.0966,3540.81,271226,14.0966,4008.92,334817,14.0966,4538.74,411470,14.0966,5138.38,502973,14.0966,5817.04,610948,14.0966,6585.12,736653,14.0966,7454.39,880741,14.0966,8438.15,1.04302e+06,14.0966,9551.45,1.22224e+06,14.0966,10811.3,1.41602e+06,14.0966,12237,1.62086e+06,14.0966,11.7194,11.96,12.6541,2.21263,4.16949,0.989383,2.67766,5.84076,0.311842,3.14343,7.55825,0.0972771,3.63127,9.58578,0.0303237,4.15787,12.0912,0.00945211,4.73731,15.2286,0.00294633,5.38238,19.1721,0.000918508,6.10553,24.134,0.000286163,6.91951,30.3791,8.92692e-05,7.83792,38.2397,2.78121e-05,8.87555,48.1338,8.65134e-06,10.0489,60.5876,2.7882e-06,11.3761,76.2629,8.29036e-07,12.8779,95.9927,2.4373e-07,14.5775,120.825,4.33068e-09,16.5012,152.08,1.75749e-07,18.6784,191.415,-1.86328e-07,21.1428,240.917,1.91829e-07,23.9322,303.213,-1.81475e-07,27.0895,381.602,7.0186e-08,30.6634,480.231,-2.86769e-08,34.7087,604.316,2.40784e-07,39.2876,760.401,9.87368e-08,44.4705,956.705,1.22263e-07,50.3371,1203.54,-4.31966e-07,56.9776,1513.81,-1.9705e-07,64.494,1903.69,-2.763e-08,73.0018,2393.4,3.9185e-07,82.6317,3008.13,1.35379e-07,93.5318,3779.25,-4.16351e-08,105.869,4745.7,2.06965e-08,119.834,5955.6,-3.18887e-07,135.641,7468.12,-1.48271e-08,153.531,9355.62,2.00739e-07,173.781,11705.8,2.28358e-07,196.701,14624.1,-1.93587e-08,222.642,18235,-2.88101e-07,252.003,22683.4,-2.24732e-07,285.234,28134,8.56806e-09,322.845,34767,2.34258e-07,365.413,42770.9,2.99668e-07,413.588,52327.9,8.28644e-08,468.111,63591.2,-3.07049e-07,529.814,76653.2,-3.1888e-07,599.642,91502.5,-6.72276e-08,678.662,107975,2.26339e-07,768.083,125705,3.69212e-07,869.267,144088,2.04077e-07,983.76,162277,-2.80509e-07,1113.3,179223,-4.22737e-07,1259.87,193777,-1.71951e-07,1425.68,204839,4.55555e-07,11.7194,11.96,12.6541,2.21263,4.16949,0.989383,2.67766,5.84076,0.311842,3.14343,7.55825,0.0972771,3.63127,9.58578,0.0303237,4.15787,12.0912,0.00945211,4.73731,15.2286,0.00294633,5.38238,19.1721,0.000918508,6.10553,24.134,0.000286163,6.91951,30.3791,8.92692e-05,7.83792,38.2397,2.78121e-05,8.87555,48.1338,8.65134e-06,10.0489,60.5876,2.7882e-06,11.3761,76.2629,8.29036e-07,12.8779,95.9927,2.4373e-07,14.5775,120.825,1e-08,16.5012,152.08,1.75749e-07,18.6784,191.415,1e-08,21.1428,240.917,1.91829e-07,23.9322,303.213,1e-08,27.0895,381.602,7.0186e-08,30.6634,480.231,1e-08,34.7087,604.316,2.40784e-07,39.2876,760.401,9.87368e-08,44.4705,956.705,1.22263e-07,50.3371,1203.54,1e-08,56.9776,1513.81,1e-08,64.494,1903.69,1e-08,73.0018,2393.4,3.9185e-07,82.6317,3008.13,1.35379e-07,93.5318,3779.25,1e-08,105.869,4745.7,2.06965e-08,119.834,5955.6,1e-08,135.641,7468.12,1e-08,153.531,9355.62,2.00739e-07,173.781,11705.8,2.28358e-07,196.701,14624.1,1e-08,222.642,18235,1e-08,252.003,22683.4,1e-08,285.234,28134,1e-08,322.845,34767,2.34258e-07,365.413,42770.9,2.99668e-07,413.588,52327.9,8.28644e-08,468.111,63591.2,1e-08,529.814,76653.2,1e-08,599.642,91502.5,1e-08,678.662,107975,2.26339e-07,768.083,125705,3.69212e-07,869.267,144088,2.04077e-07,983.76,162277,1e-08,1113.3,179223,1e-08,1259.87,193777,1e-08,1425.68,204839,4.55555e-07,6.2823,3.27286,2.43537,0.219672,6.18826,2.24117,0.56371,6.87772,2.63624,0.308279,6,15,9,0,5,1,1,17,0,3,7,0,6,6,0,4,7,0,2,21,0,8,28,0,5,14,0,1,46,0,2,28,0,22,50,0,16,93,0,11,53,0,10,98,0,15,76,0,20,267,0,19,120,0,27,58,0,50,355,0,35,323,0,24,291,0,41,712,0,45,424,0,32,428,0,12,1229,0,59,1728,0,75,1682,0,24,2670,0,151,3976,0,118,4219,0,129,5977,0,172,6054,0,112,3863,0,84,10083,0,233,9068,0,346,23792,0,103,29449,0,437,22520,0,409,28314,0,292,24634,0,425,25001,0,533,33848,0,744,38257,0,469,88510,0,479,110927,0,308,60269,0,832,184638,0,509,190907,0,970,280726,0,1557,188447,0,830,129096,0,1425,323125,0
-1.05176e+08,1,8.88811e-15,10,1023,0,1.05176e+08,0.528882,1.08665,0.389689,0.145397,0.379329,3.24381,0.161596,0.446195,1.77396,0.159177,1.15e+07,4.49998e+06,6.79999e+06,1.15e+07,4.49997e+06,6.79999e+06,1.15e+07,4.49996e+06,6.79999e+06,1.15e+07,4.49995e+06,6.79999e+06,1.14999e+07,4.49993e+06,6.79999e+06,1.14999e+07,4.49991e+06,6.79999e+06,1.14999e+07,4.49989e+06,6.79999e+06,1.14999e+07,4.49986e+06,6.79999e+06,1.14999e+07,4.49982e+06,6.79999e+06,1.14999e+07,4.49977e+06,6.79999e+06,1.14999e+07,4.49971e+06,6.79999e+06,1.14999e+07,4.49963e+06,6.79999e+06,1.14998e+07,4.49953e+06,6.79999e+06,1.14998e+07,4.49941e+06,6.79999e+06,1.14998e+07,4.49926e+06,6.79999e+06,1.14998e+07,4.49906e+06,6.79999e+06,1.14997e+07,4.49882e+06,6.79999e+06,1.14997e+07,4.49851e+06,6.79999e+06,1.14997e+07,4.49812e+06,6.79999e+06,1.14996e+07,4.49764e+06,6.79999e+06,1.14996e+07,4.49702e+06,6.79999e+06,1.14995e+07,4.49625e+06,6.79999e+06,1.14995e+07,4.49528e+06,6.79999e+06,1.14994e+07,4.49406e+06,6.79999e+06,1.14993e+07,4.49253e+06,6.79999e+06,1.14992e+07,4.49059e+06,6.79999e+06,1.14991e+07,4.48817e+06,6.79999e+06,1.1499e+07,4.48511e+06,6.79999e+06,1.14988e+07,4.48128e+06,6.79999e+06,1.14987e+07,4.47646e+06,6.79999e+06,1.14985e+07,4.47041e+06,6.79999e+06,1.14983e+07,4.46281e+06,6.79999e+06,1.14981e+07,4.4533e+06,6.79999e+06,1.14979e+07,4.44138e+06,6.79999e+06,1.14976e+07,4.42649e+06,6.79999e+06,1.14972e+07,4.40789e+06,6.79999e+06,1.14969e+07,4.38471e+06,6.79999e+06,1.14965e+07,4.35592e+06,6.79999e+06,1.1496e+07,4.32027e+06,6.79999e+06,1.14955e+07,4.27629e+06,6.79999e+06,1.14949e+07,4.22231e+06,6.79999e+06,1.14942e+07,4.15647e+06,6.79999e+06,1.14934e+07,4.07676e+06,6.79999e+06,1.14926e+07,3.98112e+06,6.79999e+06,1.14916e+07,3.86765e+06,6.79999e+06,1.14905e+07,3.73474e+06,6.79999e+06,1.14892e+07,3.58148e+06,6.79999e+06,1.14878e+07,3.40785e+06,6.79999e+06,1.14862e+07,3.21513e+06,6.79999e+06,1.14844e+07,3.00605e+06,6.79999e+06,1.14823e+07,2.7848e+06,6.79999e+06,1.148e+07,2.5568e+06,6.79999e+06,1.14773e+07,2.32825e+06,6.79999e+06,13.5742,8.52444,0.508366,16.8306,13.2585,0.162638,20.0035,17.569,0.0507846,23.2616,22.4214,0.0158319,26.7328,28.3297,0.00493498,30.5212,35.6974,0.00153831,34.7178,44.9473,0.000479527,39.4086,56.5822,0.000149456,44.6796,71.2245,4.66214e-05,50.6209,89.6543,1.45419e-05,57.3297,112.852,4.54748e-06,64.9129,142.051,1.43857e-06,73.4897,178.803,4.36618e-07,83.1934,225.062,1.40153e-07,94.1745,283.286,4.96378e-08,106.602,356.568,1.05434e-07,120.669,448.799,-6.49244e-08,136.59,564.873,1.70148e-07,154.611,710.948,-5.34594e-08,175.008,894.767,1.63407e-07,198.097,1126.06,8.04804e-08,224.231,1417.07,1.14667e-07,253.813,1783.15,-1.71227e-07,287.297,2243.62,-2.88466e-07,325.198,2822.67,-4.33651e-07,368.098,3550.67,7.9318e-08,416.657,4465.65,3.13319e-07,471.621,5615.16,3.4613e-07,533.835,7058.61,-1.19199e-07,604.255,8870.02,-2.79964e-07,683.962,11141.4,-2.30521e-07,774.182,13986.7,-2.55099e-07,876.299,17546.4,1.23585e-07,991.883,21993.1,1.41192e-07,1122.71,27536.7,-9.71886e-08,1270.78,34430.7,-3.68368e-07,1438.38,42977.7,-3.45379e-07,1628.07,53532.7,-3.25328e-09,1842.77,66504.6,2.6362e-07,2085.77,82350.2,2.53445e-07,2360.79,101560,-2.47407e-08,2672.05,124632,-3.80602e-07,3024.31,152018,-4.79005e-07,3422.98,184060,-1.14379e-07,3874.15,220884,2.64297e-07,4384.72,262283,3.44131e-07,4962.49,307576,7.5349e-08,5616.29,355497,-3.63097e-07,6356.1,404126,-6.05442e-07,7193.18,450932,-2.72333e-07,8140.28,492963,2.29675e-07,9211.79,527178,4.3387e-07,10424,550893,-1.0711e-07,10.102,8.06553,2.81012,10.6436,8.57909,0.869423,11.5336,10.2515,0.270869,12.7211,12.7138,0.0844293,14.1823,15.9373,0.0263173,15.9122,20.0383,0.0082035,17.9198,25.2154,0.00255722,20.2244,31.7373,0.000797017,22.8539,39.9486,0.000248622,25.8438,50.2851,7.75492e-05,29.237,63.2963,2.42508e-05,33.0837,79.6738,7.67162e-06,37.4415,100.288,2.32837e-06,42.3767,126.236,7.33e-07,47.9646,158.896,2.79256e-07,54.2906,200.003,9.87351e-09,61.452,251.741,1.61085e-07,69.5585,316.859,-2.47141e-07,78.7347,398.812,8.93552e-08,89.1218,501.948,-2.53231e-07,100.879,631.736,-1.25047e-07,114.188,795.049,-1.78808e-07,129.252,1000.53,2.6733e-07,146.304,1259.03,4.50292e-07,165.605,1584.19,6.76904e-07,187.452,1993.12,-1.23808e-07,212.181,2507.27,-4.89068e-07,240.173,3153.54,-5.40284e-07,271.856,3965.56,1.86061e-07,307.719,4985.38,4.37004e-07,348.313,6265.4,3.59828e-07,394.26,7870.83,3.98192e-07,446.268,9882.51,-1.92908e-07,505.135,12400.3,-2.20392e-07,571.766,15546.9,1.51705e-07,647.184,19472.2,5.74996e-07,732.547,24357.4,5.39112e-07,829.167,30420,5.07815e-09,938.526,37916.3,-4.11492e-07,1062.3,47143.9,-3.9561e-07,1202.4,58439.2,3.86185e-08,1360.96,72169.3,5.94093e-07,1540.42,88715.8,7.47693e-07,1743.53,108445,1.78537e-07,1973.41,131665,-4.12549e-07,2233.57,158557,-5.37164e-07,2528,189103,-1.17615e-07,2861.2,222986,5.66769e-07,3238.27,259510,9.45053e-07,3664.97,297540,4.25093e-07,4147.81,335497,-3.58506e-07,4694.17,371444,-6.7724e-07,5312.37,403256,1.67192e-07,1.61744,3.89446,9.84394,3.28846,7.5504,12.774,5.07607,11.7187,13.6844,7.03202,16.8147,13.9681,9.20215,23.1769,14.0566,11.6301,31.1672,14.0841,14.3598,41.2186,14.0927,17.4376,53.8688,14.0954,20.9137,69.7915,14.0962,24.8432,89.8341,14.0965,29.2879,115.063,14.0966,34.3168,146.819,14.0966,40.0078,186.792,14.0966,46.4487,237.107,14.0966,53.7388,300.44,14.0966,61.9903,380.158,14.0966,71.3301,480.499,14.0966,81.902,606.796,14.0966,93.8685,765.761,14.0966,107.414,965.837,14.0966,122.746,1217.65,14.0966,140.101,1534.57,14.0966,159.745,1933.41,14.0966,181.981,2435.3,14.0966,207.15,3066.85,14.0966,235.64,3861.46,14.0966,267.889,4861.11,14.0966,304.391,6118.54,14.0966,345.709,7699.91,14.0966,392.478,9688.22,14.0966,445.417,12187.5,14.0966,505.339,15327.7,14.0966,573.165,19271.6,14.0966,649.938,24222,14.0966,736.839,30430.9,14.0966,835.202,38211.5,14.0966,946.539,47950.3,14.0966,1072.56,60122.8,14.0966,1215.21,75309.9,14.0966,1376.66,94216.2,14.0966,1559.41,117688,14.0966,1766.26,146729,14.0966,2000.39,182510,14.0966,2265.39,226372,14.0966,2565.33,279806,14.0966,2904.81,344416,14.0966,3289.05,421845,14.0966,3723.93,513667,14.0966,4216.13,621231,14.0966,4773.18,745478,14.0966,5403.64,886744,14.0966,6117.15,1.04457e+06,14.0966,6924.63,1.2176e+06,14.0966,11.7194,11.96,12.6541,13.9321,16.1295,13.6434,16.6097,21.9702,13.9553,19.7532,29.5285,14.0526,23.3844,39.1143,14.0829,27.5423,51.2054,14.0923,32.2796,66.434,14.0953,37.662,85.6061,14.0962,43.7675,109.74,14.0965,50.687,140.119,14.0966,58.5249,178.359,14.0966,67.4005,226.493,14.0966,77.4493,287.08,14.0966,88.8254,363.343,14.0966,101.703,459.336,14.0966,116.281,580.161,14.0966,132.782,732.241,14.0966,151.46,923.655,14.0966,172.603,1164.57,14.0966,196.535,1467.79,14.0966,223.625,1849.39,14.0966,254.288,2329.62,14.0966,288.997,2933.93,14.0966,328.285,3694.33,14.0966,372.755,4651.04,14.0966,423.092,5854.57,14.0966,480.07,7368.38,14.0966,544.564,9272.08,14.0966,617.566,11665.5,14.0966,700.197,14673.6,14.0966,793.729,18452.9,14.0966,899.599,23198.6,14.0966,1019.43,29154.1,14.0966,1155.07,36622.3,14.0966,1308.6,45977.9,14.0966,1482.39,57683.7,14.0966,1679.09,72307.8,14.0966,1901.73,90542.8,14.0966,2153.73,113226,14.0966,2438.97,141360,14.0966,2761.81,176127,14.0966,3127.22,218898,14.0966,3540.81,271226,14.0966,4008.92,334817,14.0966,4538.74,411470,14.0966,5138.38,502973,14.0966,5817.04,610948,14.0966,6585.12,736653,14.0966,7454.39,880741,14.0966,8438.15,1.04302e+06,14.0966,9551.45,1.22224e+06,14.0966,10811.3,1.41602e+06,14.0966,12237,1.62086e+06,14.0966,11.7194,11.96,12.6541,2.21263,4.16949,0.989383,2.67766,5.84076,0.311842,3.14343,7.55825,0.0972771,3.63127,9.58578,0.0303237,4.15787,12.0912,0.00945211,4.73731,15.2286,0.00294633,5.38238,19.1721,0.000918508,6.10553,24.134,0.000286163,6.91951,30.3791,8.92692e-05,7.83792,38.2397,2.78121e-05,8.87555,48.1338,8.65134e-06,10.0489,60.5876,2.7882e-06,11.3761,76.2629,8.29036e-07,12.8779,95.9927,2.4373e-07,14.5775,120.825,4.33068e-09,16.5012,152.08,1.75749e-07,18.6784,191.415,-1.86328e-07,21.1428,240.917,1.91829e-07,23.9322,303.213,-1.81475e-07,27.0895,381.602,7.0186e-08,30.6634,480.231,-2.86769e-08,34.7087,604.316,2.40784e-07,39.2876,760.401,9.87368e-08,44.4705,956.705,1.22263e-07,50.3371,1203.54,-4.31966e-07,56.9776,1513.81,-1.9705e-07,64.494,1903.69,-2.763e-08,73.0018,2393.4,3.9185e-07,82.6317,3008.13,1.35379e-07,93.5318,3779.25,-4.16351e-08,105.869,4745.7,2.06965e-08,119.834,5955.6,-3.18887e-07,135.641,7468.12,-1.48271e-08,153.531,9355.62,2.00739e-07,173.781,11705.8,2.28358e-07,196.701,14624.1,-1.93587e-08,222.642,18235,-2.88101e-07,252.003,22683.4,-2.24732e-07,285.234,28134,8.56806e-09,322.845,34767,2.34258e-07,365.413,42770.9,2.99668e-07,413.588,52327.9,8.28644e-08,468.111,63591.2,-3.07049e-07,529.814,76653.2,-3.1888e-07,599.642,91502.5,-6.72276e-08,678.662,107975,2.26339e-07,768.083,125705,3.69212e-07,869.267,144088,2.04077e-07,983.76,162277,-2.80509e-07,1113.3,179223,-4.22737e-07,1259.87,193777,-1.71951e-07,1425.68,204839,4.55555e-07,11.7194,11.96,12.6541,2.21263,4.16949,0.989383,2.67766,5.84076,0.311842,3.14343,7.55825,0.0972771,3.63127,9.58578,0.0303237,4.15787,12.0912,0.00945211,4.73731,15.2286,0.00294633,5.38238,19.1721,0.000918508,6.10553,24.134,0.000286163,6.91951,30.3791,8.92692e-05,7.83792,38.2397,2.78121e-05,8.87555,48.1338,8.65134e-06,10.0489,60.5876,2.7882e-06,11.3761,76.2629,8.29036e-07,12.8779,95.9927,2.4373e-07,14.5775,120.825,1e-08,16.5012,152.08,1.75749e-07,18.6784,191.415,1e-08,21.1428,240.917,1.91829e-07,23.9322,303.213,1e-08,27.0895,381.602,7.0186e-08,30.6634,480.231,1e-08,34.7087,604.316,2.40784e-07,39.2876,760.401,9.87368e-08,44.4705,956.705,1.22263e-07,50.3371,1203.54,1e-08,56.9776,1513.81,1e-08,64.494,1903.69,1e-08,73.0018,2393.4,3.9185e-07,82.6317,3008.13,1.35379e-07,93.5318,3779.25,1e-08,105.869,4745.7,2.06965e-08,119.834,5955.6,1e-08,135.641,7468.12,1e-08,153.531,9355.62,2.00739e-07,173.781,11705.8,2.28358e-07,196.701,14624.1,1e-08,222.642,18235,1e-08,252.003,22683.4,1e-08,285.234,28134,1e-08,322.845,34767,2.34258e-07,365.413,42770.9,2.99668e-07,413.588,52327.9,8.28644e-08,468.111,63591.2,1e-08,529.814,76653.2,1e-08,599.642,91502.5,1e-08,678.662,107975,2.26339e-07,768.083,125705,3.69212e-07,869.267,144088,2.04077e-07,983.76,162277,1e-08,1113.3,179223,1e-08,1259.87,193777,1e-08,1425.68,204839,4.55555e-07,6.2823,3.27286,2.43537,0.219672,6.18826,2.24117,0.56371,6.87772,2.63624,0.308279,3,6,19,0,1,3,1,2,0,2,9,0,1,7,0,7,10,0,3,24,0,2,16,0,4,21,0,16,5,0,2,41,0,8,52,0,7,58,0,13,120,0,8,148,0,8,27,0,19,139,0,6,221,0,26,206,0,18,168,0,13,348,0,47,565,0,36,660,0,36,658,0,18,751,0,27,1702,0,81,627,0,87,1769,0,71,2855,0,37,3775,0,96,5532,0,131,4643,0,120,8035,0,150,11004,0,206,10550,0,186,5631,0,82,8984,0,271,11676,0,111,20129,0,385,34865,0,240,18192,0,346,26457,0,611,29117,0,544,61347,0,426,93219,0,556,101319,0,616,67163,0,909,100343,0,600,150550,0,494,187729,0,1364,385220,0,1065,171646,0,562,139276,0
-1.05176e+08,1,8.88811e-15,10,1023,0,1.05176e+08,0.528882,1.08665,0.389689,0.145397,0.379329,3.24381,0.161596,0.446195,1.77396,0.159177,1.15e+07,4.49998e+06,6.79999e+06,1.15e+07,4.49997e+06,6.79999e+06,1.15e+07,4.49996e+06,6.79999e+06,1.15e+07,4.49995e+06,6.79999e+06,1.14999e+07,4.49993e+06,6.79999e+06,1.14999e+07,4.49991e+06,6.79999e+06,1.14999e+07,4.49989e+06,6.79999e+06,1.14999e+07,4.49986e+06,6.79999e+06,1.14999e+07,4.49982e+06,6.79999e+06,1.14999e+07,4.49977e+06,6.79999e+06,1.14999e+07,4.49971e+06,6.79999e+06,1.14999e+07,4.49963e+06,6.79999e+06,1.14998e+07,4.49953e+06,6.79999e+06,1.14998e+07,4.49941e+06,6.79999e+06,1.14998e+07,4.49926e+06,6.79999e+06,1.14998e+07,4.49906e+06,6.79999e+06,1.14997e+07,4.49882e+06,6.79999e+06,1.14997e+07,4.49851e+06,6.79999e+06,1.14997e+07,4.49812e+06,6.79999e+06,1.14996e+07,4.49764e+06,6.79999e+06,1.14996e+07,4.49702e+06,6.79999e+06,1.14995e+07,4.49625e+06,6.79999e+06,1.14995e+07,4.49528e+06,6.79999e+06,1.14994e+07,4.49406e+06,6.79999e+06,1.14993e+07,4.49253e+06,6.79999e+06,1.14992e+07,4.49059e+06,6.79999e+06,1.14991e+07,4.48817e+06,6.79999e+06,1.1499e+07,4.48511e+06,6.79999e+06,1.14988e+07,4.48128e+06,6.79999e+06,1.14987e+07,4.47646e+06,6.79999e+06,1.14985e+07,4.47041e+06,6.79999e+06,1.14983e+07,4.46281e+06,6.79999e+06,1.14981e+07,4.4533e+06,6.79999e+06,1.14979e+07,4.44138e+06,6.79999e+06,1.14976e+07,4.42649e+06,6.79999e+06,1.14972e+07,4.40789e+06,6.79999e+06,1.14969e+07,4.38471e+06,6.79999e+06,1.14965e+07,4.35592e+06,6.79999e+06,1.1496e+07,4.32027e+06,6.79999e+06,1.14955e+07,4.27629e+06,6.79999e+06,1.14949e+07,4.22231e+06,6.79999e+06,1.14942e+07,4.15647e+06,6.79999e+06,1.14934e+07,4.07676e+06,6.79999e+06,1.14926e+07,3.98112e+06,6.79999e+06,1.14916e+07,3.86765e+06,6.79999e+06,1.14905e+07,3.73474e+06,6.79999e+06,1.14892e+07,3.58148e+06,6.79999e+06,1.14878e+07,3.40785e+06,6.79999e+06,1.14862e+07,3.21513e+06,6.79999e+06,1.14844e+07,3.00605e+06,6.79999e+06,1.14823e+07,2.7848e+06,6.79999e+06,1.148e+07,2.5568e+06,6.79999e+06,1.14773e+07,2.32825e+06,6.79999e+06,13.5742,8.52444,0.508366,16.8306,13.2585,0.162638,20.0035,17.569,0.0507846,23.2616,22.4214,0.0158319,26.7328,28.3297,0.00493498,30.5212,35.6974,0.00153831,34.7178,44.9473,0.000479527,39.4086,56.5822,0.000149456,44.6796,71.2245,4.66214e-05,50.6209,89.6543,1.45419e-05,57.3297,112.852,4.54748e-06,64.9129,142.051,1.43857e-06,73.4897,178.803,4.36618e-07,83.1934,225.062,1.40153e-07,94.1745,283.286,4.96378e-08,106.602,356.568,1.05434e-07,120.669,448.799,-6.49244e-08,136.59,564.873,1.70148e-07,154.611,710.948,-5.34594e-08,175.008,894.767,1.63407e-07,198.097,1126.06,8.04804e-08,224.231,1417.07,1.14667e-07,253.813,1783.15,-1.71227e-07,287.297,2243.62,-2.88466e-07,325.198,2822.67,-4.33651e-07,368.098,3550.67,7.9318e-08,416.657,4465.65,3.13319e-07,471.621,5615.16,3.4613e-07,533.835,7058.61,-1.19199e-07,604.255,8870.02,-2.79964e-07,683.962,11141.4,-2.30521e-07,774.182,13986.7,-2.55099e-07,876.299,17546.4,1.23585e-07,991.883,21993.1,1.41192e-07,1122.71,27536.7,-9.71886e-08,1270.78,34430.7,-3.68368e-07,1438.38,42977.7,-3.45379e-07,1628.07,53532.7,-3.25328e-09,1842.77,66504.6,2.6362e-07,2085.77,82350.2,2.53445e-07,2360.79,101560,-2.47407e-08,2672.05,124632,-3.80602e-07,3024.31,152018,-4.79005e-07,3422.98,184060,-1.14379e-07,3874.15,220884,2.64297e-07,4384.72,262283,3.44131e-07,4962.49,307576,7.5349e-08,5616.29,355497,-3.63097e-07,6356.1,404126,-6.05442e-07,7193.18,450932,-2.72333e-07,8140.28,492963,2.29675e-07,9211.79,527178,4.3387e-07,10424,550893,-1.0711e-07,10.102,8.06553,2.81012,10.6436,8.57909,0.869423,11.5336,10.2515,0.270869,12.7211,12.7138,0.0844293,14.1823,15.9373,0.0263173,15.9122,20.0383,0.0082035,17.9198,25.2154,0.00255722,20.2244,31.7373,0.000797017,22.8539,39.9486,0.000248622,25.8438,50.2851,7.75492e-05,29.237,63.2963,2.42508e-05,33.0837,79.6738,7.67162e-06,37.4415,100.288,2.32837e-06,42.3767,126.236,7.33e-07,47.9646,158.896,2.79256e-07,54.2906,200.003,9.87351e-09,61.452,251.741,1.61085e-07,69.5585,316.859,-2.47141e-07,78.7347,398.812,8.93552e-08,89.1218,501.948,-2.53231e-07,100.879,631.736,-1.25047e-07,114.188,795.049,-1.78808e-07,129.252,1000.53,2.6733e-07,146.304,1259.03,4.50292e-07,165.605,1584.19,6.76904e-07,187.452,1993.12,-1.23808e-07,212.181,2507.27,-4.89068e-07,240.173,3153.54,-5.40284e-07,271.856,3965.56,1.86061e-07,307.719,4985.38,4.37004e-07,348.313,6265.4,3.59828e-07,394.26,7870.83,3.98192e-07,446.268,9882.51,-1.92908e-07,505.135,12400.3,-2.20392e-07,571.766,15546.9,1.51705e-07,647.184,19472.2,5.74996e-07,732.547,24357.4,5.39112e-07,829.167,30420,5.07815e-09,938.526,37916.3,-4.11492e-07,1062.3,47143.9,-3.9561e-07,1202.4,58439.2,3.86185e-08,1360.96,72169.3,5.94093e-07,1540.42,88715.8,7.47693e-07,1743.53,108445,1.78537e-07,1973.41,131665,-4.12549e-07,2233.57,158557,-5.37164e-07,2528,189103,-1.17615e-07,2861.2,222986,5.66769e-07,3238.27,259510,9.45053e-07,3664.97,297540,4.25093e-07,4147.81,335497,-3.58506e-07,4694.17,371444,-6.7724e-07,5312.37,403256,1.67192e-07,1.61744,3.89446,9.84394,3.28846,7.5504,12.774,5.07607,11.7187,13.6844,7.03202,16.8147,13.9681,9.20215,23.1769,14.0566,11.6301,31.1672,14.0841,14.3598,41.2186,14.0927,17.4376,53.8688,14.0954,20.9137,69.7915,14.0962,24.8432,89.8341,14.0965,29.2879,115.063,14.0966,34.3168,146.819,14.0966,40.0078,186.792,14.0966,46.4487,237.107,14.0966,53.7388,300.44,14.0966,61.9903,380.158,14.0966,71.3301,480.499,14.0966,81.902,606.796,14.0966,93.8685,765.761,14.0966,107.414,965.837,14.0966,122.746,1217.65,14.0966,140.101,1534.57,14.0966,159.745,1933.41,14.0966,181.981,2435.3,14.0966,207.15,3066.85,14.0966,235.64,3861.46,14.0966,267.889,4861.11,14.0966,304.391,6118.54,14.0966,345.709,7699.91,14.0966,392.478,9688.22,14.0966,445.417,12187.5,14.0966,505.339,15327.7,14.0966,573.165,19271.6,14.0966,649.938,24222,14.0966,736.839,30430.9,14.0966,835.202,38211.5,14.0966,946.539,47950.3,14.0966,1072.56,60122.8,14.0966,1215.21,75309.9,14.0966,1376.66,94216.2,14.0966,1559.41,117688,14.0966,1766.26,146729,14.0966,2000.39,182510,14.0966,2265.39,226372,14.0966,2565.33,279806,14.0966,2904.81,344416,14.0966,3289.05,421845,14.0966,3723.93,513667,14.0966,4216.13,621231,14.0966,4773.18,745478,14.0966,5403.64,886744,14.0966,6117.15,1.04457e+06,14.0966,6924.63,1.2176e+06,14.0966,11.7194,11.96,12.6541,13.9321,16.1295,13.6434,16.6097,21.9702,13.9553,19.7532,29.5285,14.0526,23.3844,39.1143,14.0829,27.5423,51.2054,14.0923,32.2796,66.434,14.0953,37.662,85.6061,14.0962,43.7675,109.74,14.0965,50.687,140.119,14.0966,58.5249,178.359,14.0966,67.4005,226.493,14.0966,77.4493,287.08,14.0966,88.8254,363.343,14.0966,101.703,459.336,14.0966,116.281,580.161,14.0966,132.782,732.241,14.0966,151.46,923.655,14.0966,172.603,1164.57,14.0966,196.535,1467.79,14.0966,223.625,1849.39,14.0966,254.288,2329.62,14.0966,288.997,2933.93,14.0966,328.285,3694.33,14.0966,372.755,4651.04,14.0966,423.092,5854.57,14.0966,480.07,7368.38,14.0966,544.564,9272.08,14.0966,617.566,11665.5,14.0966,700.197,14673.6,14.0966,793.729,18452.9,14.0966,899.599,23198.6,14.0966,1019.43,29154.1,14.0966,1155.07,36622.3,14.0966,1308.6,45977.9,14.0966,1482.39,57683.7,14.0966,1679.09,72307.8,14.0966,1901.73,90542.8,14.0966,2153.73,113226,14.0966,2438.97,141360,14.0966,2761.81,176127,14.0966,3127.22,218898,14.0966,3540.81,271226,14.0966,4008.92,334817,14.0966,4538.74,411470,14.0966,5138.38,502973,14.0966,5817.04,610948,14.0966,6585.12,736653,14.0966,7454.39,880741,14.0966,8438.15,1.04302e+06,14.0966,9551.45,1.22224e+06,14.0966,10811.3,1.41602e+06,14.0966,12237,1.62086e+06,14.0966,11.7194,11.96,12.6541,2.21263,4.16949,0.989383,2.67766,5.84076,0.311842,3.14343,7.55825,0.0972771,3.63127,9.58578,0.0303237,4.15787,12.0912,0.00945211,4.73731,15.2286,0.00294633,5.38238,19.1721,0.000918508,6.10553,24.134,0.000286163,6.91951,30.3791,8.92692e-05,7.83792,38.2397,2.78121e-05,8.87555,48.1338,8.65134e-06,10.0489,60.5876,2.7882e-06,11.3761,76.2629,8.29036e-07,12.8779,95.9927,2.4373e-07,14.5775,120.825,4.33068e-09,16.5012,152.08,1.75749e-07,18.6784,191.415,-1.86328e-07,21.1428,240.917,1.91829e-07,23.9322,303.213,-1.81475e-07,27.0895,381.602,7.0186e-08,30.6634,480.231,-2.86769e-08,34.7087,604.316,2.40784e-07,39.2876,760.401,9.87368e-08,44.4705,956.705,1.22263e-07,50.3371,1203.54,-4.31966e-07,56.9776,1513.81,-1.9705e-07,64.494,1903.69,-2.763e-08,73.0018,2393.4,3.9185e-07,82.6317,3008.13,1.35379e-07,93.5318,3779.25,-4.16351e-08,105.869,4745.7,2.06965e-08,119.834,5955.6,-3.18887e-07,135.641,7468.12,-1.48271e-08,153.531,9355.62,2.00739e-07,173.781,11705.8,2.28358e-07,196.701,14624.1,-1.93587e-08,222.642,18235,-2.88101e-07,252.003,22683.4,-2.24732e-07,285.234,28134,8.56806e-09,322.845,34767,2.34258e-07,365.413,42770.9,2.99668e-07,413.588,52327.9,8.28644e-08,468.111,63591.2,-3.07049e-07,529.814,76653.2,-3.1888e-07,599.642,91502.5,-6.72276e-08,678.662,107975,2.26339e-07,768.083,125705,3.69212e-07,869.267,144088,2.04077e-07,983.76,162277,-2.80509e-07,1113.3,179223,-4.22737e-07,1259.87,193777,-1.71951e-07,1425.68,204839,4.55555e-07,11.7194,11.96,12.6541,2.21263,4.16949,0.989383,2.67766,5.84076,0.311842,3.14343,7.55825,0.0972771,3.63127,9.58578,0.0303237,4.15787,12.0912,0.00945211,4.73731,15.2286,0.00294633,5.38238,19.1721,0.000918508,6.10553,24.134,0.000286163,6.91951,30.3791,8.92692e-05,7.83792,38.2397,2.78121e-05,8.87555,48.1338,8.65134e-06,10.0489,60.5876,2.7882e-06,11.3761,76.2629,8.29036e-07,12.8779,95.9927,2.4373e-07,14.5775,120.825,1e-08,16.5012,152.08,1.75749e-07,18.6784,191.415,1e-08,21.1428,240.917,1.91829e-07,23.9322,303.213,1e-08,27.0895,381.602,7.0186e-08,30.6634,480.231,1e-08,34.7087,604.316,2.40784e-07,39.2876,760.401,9.87368e-08,44.4705,956.705,1.22263e-07,50.3371,1203.54,1e-08,56.9776,1513.81,1e-08,64.494,1903.69,1e-08,73.0018,2393.4,3.9185e-07,82.6317,3008.13,1.35379e-07,93.5318,3779.25,1e-08,105.869,4745.7,2.06965e-08,119.834,5955.6,1e-08,135.641,7468.12,1e-08,153.531,9355.62,2.00739e-07,173.781,11705.8,2.28358e-07,196.701,14624.1,1e-08,222.642,18235,1e-08,252.003,22683.4,1e-08,285.234,28134,1e-08,322.845,34767,2.34258e-07,365.413,42770.9,2.99668e-07,413.588,52327.9,8.28644e-08,468.111,63591.2,1e-08,529.814,76653.2,1e-08,599.642,91502.5,1e-08,678.662,107975,2.26339e-07,768.083,125705,3.69212e-07,869.267,144088,2.04077e-07,983.76,162277,1e-08,1113.3,179223,1e-08,1259.87,193777,1e-08,1425.68,204839,4.55555e-07,6.2823,3.27286,2.43537,0.219672,6.18826,2.24117,0.56371,6.87772,2.63624,0.308279,14,11,18,1,2,1,3,4,0,1,4,0,3,7,0,2,7,0,2,2,0,0,17,0,4,34,0,14,38,0,12,35,0,14,45,0,4,76,0,29,53,0,19,138,0,16,111,0,4,118,0,8,235,0,20,239,0,14,268,0,19,618,0,39,340,0,38,455,0,14,476,0,44,955,0,49,1057,0,29,1812,0,41,2737,0,66,2618,0,41,3258,0,180,3186,0,131,4134,0,36,4506,0,159,7545,0,107,9007,0,119,11899,0,82,16938,0,264,18431,0,303,15337,0,209,36121,0,260,12990,0,347,103132,0,423,19845,0,277,55895,0,785,67652,0,421,111911,0,665,171706,0,923,74379,0,946,125167,0,399,133137,0,1698,123235,0,2026,150310,0,789,142182,0
-1.05176e+08,1,8.88811e-15,10,1023,0,1.05176e+08,0.528882,1.08665,0.389689,0.145397,0.379329,3.24381,0.161596,0.446195,1.77396,0.159177,1.15e+07,4.49998e+06,6.79999e+06,1.15e+07,4.49997e+06,6.79999e+06,1.15e+07,4.49996e+06,6.79999e+06,1.15e+07,4.49995e+06,6.79999e+06,1.14999e+07,4.49993e+06,6.79999e+06,1.14999e+07,4.49991e+06,6.79999e+06,1.14999e+07,4.49989e+06,6.79999e+06,1.14999e+07,4.49986e+06,6.79999e+06,1.14999e+07,4.49982e+06,6.79999e+06,1.14999e+07,4.49977e+06,6.79999e+06,1.14999e+07,4.49971e+06,6.79999e+06,1.14999e+07,4.49963e+06,6.79999e+06,1.14998e+07,4.49953e+06,6.79999e+06,1.14998e+07,4.49941e+06,6.79999e+06,1.14998e+07,4.49926e+06,6.79999e+06,1.14998e+07,4.49906e+06,6.79999e+06,1.14997e+07,4.49882e+06,6.79999e+06,1.14997e+07,4.49851e+06,6.79999e+06,1.14997e+07,4.49812e+06,6.79999e+06,1.14996e+07,4.49764e+06,6.79999e+06,1.14996e+07,4.49702e+06,6.79999e+06,1.14995e+07,4.49625e+06,6.79999e+06,1.14995e+07,4.49528e+06,6.79999e+06,1.14994e+07,4.49406e+06,6.79999e+06,1.14993e+07,4.49253e+06,6.79999e+06,1.14992e+07,4.49059e+06,6.79999e+06,1.14991e+07,4.48817e+06,6.79999e+06,1.1499e+07,4.48511e+06,6.79999e+06,1.14988e+07,4.48128e+06,6.79999e+06,1.14987e+07,4.47646e+06,6.79999e+06,1.14985e+07,4.47041e+06,6.79999e+06,1.14983e+07,4.46281e+06,6.79999e+06,1.14981e+07,4.4533e+06,6.79999e+06,1.14979e+07,4.44138e+06,6.79999e+06,1.14976e+07,4.42649e+06,6.79999e+06,1.14972e+07,4.40789e+06,6.79999e+06,1.14969e+07,4.38471e+06,6.79999e+06,1.14965e+07,4.35592e+06,6.79999e+06,1.1496e+07,4.32027e+06,6.79999e+06,1.14955e+07,4.27629e+06,6.79999e+06,1.14949e+07,4.22231e+06,6.79999e+06,1.14942e+07,4.15647e+06,6.79999e+06,1.14934e+07,4.07676e+06,6.79999e+06,1.14926e+07,3.98112e+06,6.79999e+06,1.14916e+07,3.86765e+06,6.79999e+06,1.14905e+07,3.73474e+06,6.79999e+06,1.14892e+07,3.58148e+06,6.79999e+06,1.14878e+07,3.40785e+06,6.79999e+06,1.14862e+07,3.21513e+06,6.79999e+06,1.14844e+07,3.00605e+06,6.79999e+06,1.14823e+07,2.7848e+06,6.79999e+06,1.148e+07,2.5568e+06,6.79999e+06,1.14773e+07,2.32825e+06,6.79999e+06,13.5742,8.52444,0.508366,16.8306,13.2585,0.162638,20.0035,17.569,0.0507846,23.2616,22.4214,0.0158319,26.7328,28.3297,0.00493498,30.5212,35.6974,0.00153831,34.7178,44.9473,0.000479527,39.4086,56.5822,0.000149456,44.6796,71.2245,4.66214e-05,50.6209,89.6543,1.45419e-05,57.3297,112.852,4.54748e-06,64.9129,142.051,1.43857e-06,73.4897,178.803,4.36618e-07,83.1934,225.062,1.40153e-07,94.1745,283.286,4.96378e-08,106.602,356.568,1.05434e-07,120.669,448.799,-6.49244e-08,136.59,564.873,1.70148e-07,154.611,710.948,-5.34594e-08,175.008,894.767,1.63407e-07,198.097,1126.06,8.04804e-08,224.231,1417.07,1.14667e-07,253.813,1783.15,-1.71227e-07,287.297,2243.62,-2.88466e-07,325.198,2822.67,-4.33651e-07,368.098,3550.67,7.9318e-08,416.657,4465.65,3.13319e-07,471.621,5615.16,3.4613e-07,533.835,7058.61,-1.19199e-07,604.255,8870.02,-2.79964e-07,683.962,11141.4,-2.30521e-07,774.182,13986.7,-2.55099e-07,876.299,17546.4,1.23585e-07,991.883,21993.1,1.41192e-07,1122.71,27536.7,-9.71886e-08,1270.78,34430.7,-3.68368e-07,1438.38,42977.7,-3.45379e-07,1628.07,53532.7,-3.25328e-09,1842.77,66504.6,2.6362e-07,2085.77,82350.2,2.53445e-07,2360.79,101560,-2.47407e-08,2672.05,124632,-3.80602e-07,3024.31,152018,-4.79005e-07,3422.98,184060,-1.14379e-07,3874.15,220884,2.64297e-07,4384.72,262283,3.44131e-07,4962.49,307576,7.5349e-08,5616.29,355497,-3.63097e-07,6356.1,404126,-6.05442e-07,7193.18,450932,-2.72333e-07,8140.28,492963,2.29675e-07,9211.79,527178,4.3387e-07,10424,550893,-1.0711e-07,10.102,8.06553,2.81012,10.6436,8.57909,0.869423,11.5336,10.2515,0.270869,12.7211,12.7138,0.0844293,14.1823,15.9373,0.0263173,15.9122,20.0383,0.0082035,17.9198,25.2154,0.00255722,20.2244,31.7373,0.000797017,22.8539,39.9486,0.000248622,25.8438,50.2851,7.75492e-05,29.237,63.2963,2.42508e-05,33.0837,79.6738,7.67162e-06,37.4415,100.288,2.32837e-06,42.3767,126.236,7.33e-07,47.9646,158.896,2.79256e-07,54.2906,200.003,9.87351e-09,61.452,251.741,1.61085e-07,69.5585,316.859,-2.47141e-07,78.7347,398.812,8.93552e-08,89.1218,501.948,-2.53231e-07,100.879,631.736,-1.25047e-07,114.188,795.049,-1.78808e-07,129.252,1000.53,2.6733e-07,146.304,1259.03,4.50292e-07,165.605,1584.19,6.76904e-07,187.452,1993.12,-1.23808e-07,212.181,2507.27,-4.89068e-07,240.173,3153.54,-5.40284e-07,271.856,3965.56,1.86061e-07,307.719,4985.38,4.37004e-07,348.313,6265.4,3.59828e-07,394.26,7870.83,3.98192e-07,446.268,9882.51,-1.92908e-07,505.135,12400.3,-2.20392e-07,571.766,15546.9,1.51705e-07,647.184,19472.2,5.74996e-07,732.547,24357.4,5.39112e-07,829.167,30420,5.07815e-09,938.526,37916.3,-4.11492e-07,1062.3,47143.9,-3.9561e-07,1202.4,58439.2,3.86185e-08,1360.96,72169.3,5.94093e-07,1540.42,88715.8,7.47693e-07,1743.53,108445,1.78537e-07,1973.41,131665,-4.12549e-07,2233.57,158557,-5.37164e-07,2528,189103,-1.17615e-07,2861.2,222986,5.66769e-07,3238.27,259510,9.45053e-07,3664.97,297540,4.25093e-07,4147.81,335497,-3.58506e-07,4694.17,371444,-6.7724e-07,5312.37,403256,1.67192e-07,1.61744,3.89446,9.84394,3.28846,7.5504,12.774,5.07607,11.7187,13.6844,7.03202,16.8147,13.9681,9.20215,23.1769,14.0566,11.6301,31.1672,14.0841,14.3598,41.2186,14.0927,17.4376,53.8688,14.0954,20.9137,69.7915,14.0962,24.8432,89.8341,14.0965,29.2879,115.063,14.0966,34.3168,146.819,14.0966,40.0078,186.792,14.0966,46.4487,237.107,14.0966,53.7388,300.44,14.0966,61.9903,380.158,14.0966,71.3301,480.499,14.0966,81.902,606.796,14.0966,93.8685,765.761,14.0966,107.414,965.837,14.0966,122.746,1217.65,14.0966,140.101,1534.57,14.0966,159.745,1933.41,14.0966,181.981,2435.3,14.0966,207.15,3066.85,14.0966,235.64,3861.46,14.0966,267.889,4861.11,14.0966,304.391,6118.54,14.0966,345.709,7699.91,14.0966,392.478,9688.22,14.0966,445.417,12187.5,14.0966,505.339,15327.7,14.0966,573.165,19271.6,14.0966,649.938,24222,14.0966,736.839,30430.9,14.0966,835.202,38211.5,14.0966,946.539,47950.3,14.0966,1072.56,60122.8,14.0966,1215.21,75309.9,14.0966,1376.66,94216.2,14.0966,1559.41,117688,14.0966,1766.26,146729,14.0966,2000.39,182510,14.0966,2265.39,226372,14.0966,2565.33,279806,14.0966,2904.81,344416,14.0966,3289.05,421845,14.0966,3723.93,513667,14.0966,4216.13,621231,14.0966,4773.18,745478,14.0966,5403.64,886744,14.0966,6117.15,1.04457e+06,14.0966,6924.63,1.2176e+06,14.0966,11.7194,11.96,12.6541,13.9321,16.1295,13.6434,16.6097,21.9702,13.9553,19.7532,29.5285,14.0526,23.3844,39.1143,14.0829,27.5423,51.2054,14.0923,32.2796,66.434,14.0953,37.662,85.6061,14.0962,43.7675,109.74,14.0965,50.687,140.119,14.0966,58.5249,178.359,14.0966,67.4005,226.493,14.0966,77.4493,287.08,14.0966,88.8254,363.343,14.0966,101.703,459.336,14.0966,116.281,580.161,14.0966,132.782,732.241,14.0966,151.46,923.655,14.0966,172.603,1164.57,14.0966,196.535,1467.79,14.0966,223.625,1849.39,14.0966,254.288,2329.62,14.0966,288.997,2933.93,14.0966,328.285,3694.33,14.0966,372.755,4651.04,14.0966,423.092,5854.57,14.0966,480.07,7368.38,14.0966,544.564,9272.08,14.0966,617.566,11665.5,14.0966,700.197,14673.6,14.0966,793.729,18452.9,14.0966,899.599,23198.6,14.0966,1019.43,29154.1,14.0966,1155.07,36622.3,14.0966,1308.6,45977.9,14.0966,1482.39,57683.7,14.0966,1679.09,72307.8,14.0966,1901.73,90542.8,14.0966,2153.73,113226,14.0966,2438.97,141360,14.0966,2761.81,176127,14.0966,3127.22,218898,14.0966,3540.81,271226,14.0966,4008.92,334817,14.0966,4538.74,411470,14.0966,5138.38,502973,14.0966,5817.04,610948,14.0966,6585.12,736653,14.0966,7454.39,880741,14.0966,8438.15,1.04302e+06,14.0966,9551.45,1.22224e+06,14.0966,10811.3,1.41602e+06,14.0966,12237,1.62086e+06,14.0966,11.7194,11.96,12.6541,2.21263,4.16949,0.989383,2.67766,5.84076,0.311842,3.14343,7.55825,0.0972771,3.63127,9.58578,0.0303237,4.15787,12.0912,0.00945211,4.73731,15.2286,0.00294633,5.38238,19.1721,0.000918508,6.10553,24.134,0.000286163,6.91951,30.3791,8.92692e-05,7.83792,38.2397,2.78121e-05,8.87555,48.1338,8.65134e-06,10.0489,60.5876,2.7882e-06,11.3761,76.2629,8.29036e-07,12.8779,95.9927,2.4373e-07,14.5775,120.825,4.33068e-09,16.5012,152.08,1.75749e-07,18.6784,191.415,-1.86328e-07,21.1428,240.917,1.91829e-07,23.9322,303.213,-1.81475e-07,27.0895,381.602,7.0186e-08,30.6634,480.231,-2.86769e-08,34.7087,604.316,2.40784e-07,39.2876,760.401,9.87368e-08,44.4705,956.705,1.22263e-07,50.3371,1203.54,-4.31966e-07,56.9776,1513.81,-1.9705e-07,64.494,1903.69,-2.763e-08,73.0018,2393.4,3.9185e-07,82.6317,3008.13,1.35379e-07,93.5318,3779.25,-4.16351e-08,105.869,4745.7,2.06965e-08,119.834,5955.6,-3.18887e-07,135.641,7468.12,-1.48271e-08,153.531,9355.62,2.00739e-07,173.781,11705.8,2.28358e-07,196.701,14624.1,-1.93587e-08,222.642,18235,-2.88101e-07,252.003,22683.4,-2.24732e-07,285.234,28134,8.56806e-09,322.845,34767,2.34258e-07,365.413,42770.9,2.99668e-07,413.588,52327.9,8.28644e-08,468.111,63591.2,-3.07049e-07,529.814,76653.2,-3.1888e-07,599.642,91502.5,-6.72276e-08,678.662,107975,2.26339e-07,768.083,125705,3.69212e-07,869.267,144088,2.04077e-07,983.76,162277,-2.80509e-07,1113.3,179223,-4.22737e-07,1259.87,193777,-1.71951e-07,1425.68,204839,4.55555e-07,11.7194,11.96,12.6541,2.21263,4.16949,0.989383,2.67766,5.84076,0.311842,3.14343,7.55825,0.0972771,3.63127,9.58578,0.0303237,4.15787,12.0912,0.00945211,4.73731,15.2286,0.00294633,5.38238,19.1721,0.000918508,6.10553,24.134,0.000286163,6.91951,30.3791,8.92692e-05,7.83792,38.2397,2.78121e-05,8.87555,48.1338,8.65134e-06,10.0489,60.5876,2.7882e-06,11.3761,76.2629,8.29036e-07,12.8779,95.9927,2.4373e-07,14.5775,120.825,1e-08,16.5012,152.08,1.75749e-07,18.6784,191.415,1e-08,21.1428,240.917,1.91829e-07,23.9322,303.213,1e-08,27.0895,381.602,7.0186e-08,30.6634,480.231,1e-08,34.7087,604.316,2.40784e-07,39.2876,760.401,9.87368e-08,44.4705,956.705,1.22263e-07,50.3371,1203.54,1e-08,56.9776,1513.81,1e-08,64.494,1903.69,1e-08,73.0018,2393.4,3.9185e-07,82.6317,3008.13,1.35379e-07,93.5318,3779.25,1e-08,105.869,4745.7,2.06965e-08,119.834,5955.6,1e-08,135.641,7468.12,1e-08,153.531,9355.62,2.00739e-07,173.781,11705.8,2.28358e-07,196.701,14624.1,1e-08,222.642,18235,1e-08,252.003,22683.4,1e-08,285.234,28134,1e-08,322.845,34767,2.34258e-07,365.413,42770.9,2.99668e-07,413.588,52327.9,8.28644e-08,468.111,63591.2,1e-08,529.814,76653.2,1e-08,599.642,91502.5,1e-08,678.662,107975,2.26339e-07,768.083,125705,3.69212e-07,869.267,144088,2.04077e-07,983.76,162277,1e-08,1113.3,179223,1e-08,1259.87,193777,1e-08,1425.68,204839,4.55555e-07,6.2823,3.27286,2.43537,0.219672,6.18826,2.24117,0.56371,6.87772,2.63624,0.308279,19,7,15,2,2,1,4,3,0,2,4,1,2,10,0,5,10,0,5,14,0,1,21,0,6,17,0,5,41,0,7,25,0,18,26,0,9,7,0,19,92,0,15,92,0,17,124,0,14,177,0,16,136,0,27,382,0,22,318,0,54,333,0,27,468,0,26,438,0,47,1113,0,58,546,0,74,858,0,46,3564,0,33,1033,0,67,3290,0,82,3678,0,45,3541,0,96,2445,0,93,6799,0,63,11715,0,197,8499,0,251,19911,0,140,7427,0,279,20930,0,346,21776,0,256,13837,0,505,13585,0,460,72529,0,309,33463,0,186,72198,0,561,86921,0,428,99561,0,733,75484,0,1820,196596,0,1428,221154,0,1605,179660,0,1699,49440,0,978,175534,0,981,285999,0
-1.05176e+08,1,8.88811e-15,10,1023,0,1.05176e+08,0.528882,1.08665,0.389689,0.145397,0.379329,3.24381,0.161596,0.446195,1.77396,0.159177,1.15e+07,4.49998e+06,6.79999e+06,1.15e+07,4.49997e+06,6.79999e+06,1.15e+07,4.49996e+06,6.79999e+06,1.15e+07,4.49995e+06,6.79999e+06,1.14999e+07,4.49993e+06,6.79999e+06,1.14999e+07,4.49991e+06,6.79999e+06,1.14999e+07,4.49989e+06,6.79999e+06,1.14999e+07,4.49986e+06,6.79999e+06,1.14999e+07,4.49982e+06,6.79999e+06,1.14999e+07,4.49977e+06,6.79999e+06,1.14999e+07,4.49971e+06,6.79999e+06,1.14999e+07,4.49963e+06,6.79999e+06,1.14998e+07,4.49953e+06,6.79999e+06,1.14998e+07,4.49941e+06,6.79999e+06,1.14998e+07,4.49926e+06,6.79999e+06,1.14998e+07,4.49906e+06,6.79999e+06,1.14997e+07,4.49882e+06,6.79999e+06,1.14997e+07,4.49851e+06,6.79999e+06,1.14997e+07,4.49812e+06,6.79999e+06,1.14996e+07,4.49764e+06,6.79999e+06,1.14996e+07,4.49702e+06,6.79999e+06,1.14995e+07,4.49625e+06,6.79999e+06,1.14995e+07,4.49528e+06,6.79999e+06,1.14994e+07,4.49406e+06,6.79999e+06,1.14993e+07,4.49253e+06,6.79999e+06,1.14992e+07,4.49059e+06,6.79999e+06,1.14991e+07,4.48817e+06,6.79999e+06,1.1499e+07,4.48511e+06,6.79999e+06,1.14988e+07,4.48128e+06,6.79999e+06,1.14987e+07,4.47646e+06,6.79999e+06,1.14985e+07,4.47041e+06,6.79999e+06,1.14983e+07,4.46281e+06,6.79999e+06,1.14981e+07,4.4533e+06,6.79999e+06,1.14979e+07,4.44138e+06,6.79999e+06,1.14976e+07,4.42649e+06,6.79999e+06,1.14972e+07,4.40789e+06,6.79999e+06,1.14969e+07,4.38471e+06,6.79999e+06,1.14965e+07,4.35592e+06,6.79999e+06,1.1496e+07,4.32027e+06,6.79999e+06,1.14955e+07,4.27629e+06,6.79999e+06,1.14949e+07,4.22231e+06,6.79999e+06,1.14942e+07,4.15647e+06,6.79999e+06,1.14934e+07,4.07676e+06,6.79999e+06,1.14926e+07,3.98112e+06,6.79999e+06,1.14916e+07,3.86765e+06,6.79999e+06,1.14905e+07,3.73474e+06,6.79999e+06,1.14892e+07,3.58148e+06,6.79999e+06,1.14878e+07,3.40785e+06,6.79999e+06,1.14862e+07,3.21513e+06,6.79999e+06,1.14844e+07,3.00605e+06,6.79999e+06,1.14823e+07,2.7848e+06,6.79999e+06,1.148e+07,2.5568e+06,6.79999e+06,1.14773e+07,2.32825e+06,6.79999e+06,13.5742,8.52444,0.508366,16.8306,13.2585,0.162638,20.0035,17.569,0.0507846,23.2616,22.4214,0.0158319,26.7328,28.3297,0.00493498,30.5212,35.6974,0.00153831,34.7178,44.9473,0.000479527,39.4086,56.5822,0.000149456,44.6796,71.2245,4.66214e-05,50.6209,89.6543,1.45419e-05,57.3297,112.852,4.54748e-06,64.9129,142.051,1.43857e-06,73.4897,178.803,4.36618e-07,83.1934,225.062,1.40153e-07,94.1745,283.286,4.96378e-08,106.602,356.568,1.05434e-07,120.669,448.799,-6.49244e-08,136.59,564.873,1.70148e-07,154.611,710.948,-5.34594e-08,175.008,894.767,1.63407e-07,198.097,1126.06,8.04804e-08,224.231,1417.07,1.14667e-07,253.813,1783.15,-1.71227e-07,287.297,2243.62,-2.88466e-07,325.198,2822.67,-4.33651e-07,368.098,3550.67,7.9318e-08,416.657,4465.65,3.13319e-07,471.621,5615.16,3.4613e-07,533.835,7058.61,-1.19199e-07,604.255,8870.02,-2.79964e-07,683.962,11141.4,-2.30521e-07,774.182,13986.7,-2.55099e-07,876.299,17546.4,1.23585e-07,991.883,21993.1,1.41192e-07,1122.71,27536.7,-9.71886e-08,1270.78,34430.7,-3.68368e-07,1438.38,42977.7,-3.45379e-07,1628.07,53532.7,-3.25328e-09,1842.77,66504.6,2.6362e-07,2085.77,82350.2,2.53445e-07,2360.79,101560,-2.47407e-08,2672.05,124632,-3.80602e-07,3024.31,152018,-4.79005e-07,3422.98,184060,-1.14379e-07,3874.15,220884,2.64297e-07,4384.72,262283,3.44131e-07,4962.49,307576,7.5349e-08,5616.29,355497,-3.63097e-07,6356.1,404126,-6.05442e-07,7193.18,450932,-2.72333e-07,8140.28,492963,2.29675e-07,9211.79,527178,4.3387e-07,10424,550893,-1.0711e-07,10.102,8.06553,2.81012,10.6436,8.57909,0.869423,11.5336,10.2515,0.270869,12.7211,12.7138,0.0844293,14.1823,15.9373,0.0263173,15.9122,20.0383,0.0082035,17.9198,25.2154,0.00255722,20.2244,31.7373,0.000797017,22.8539,39.9486,0.000248622,25.8438,50.2851,7.75492e-05,29.237,63.2963,2.42508e-05,33.0837,79.6738,7.67162e-06,37.4415,100.288,2.32837e-06,42.3767,126.236,7.33e-07,47.9646,158.896,2.79256e-07,54.2906,200.003,9.87351e-09,61.452,251.741,1.61085e-07,69.5585,316.859,-2.47141e-07,78.7347,398.812,8.93552e-08,89.1218,501.948,-2.53231e-07,100.879,631.736,-1.25047e-07,114.188,795.049,-1.78808e-07,129.252,1000.53,2.6733e-07,146.304,1259.03,4.50292e-07,165.605,1584.19,6.76904e-07,187.452,1993.12,-1.23808e-07,212.181,2507.27,-4.89068e-07,240.173,3153.54,-5.40284e-07,271.856,3965.56,1.86061e-07,307.719,4985.38,4.37004e-07,348.313,6265.4,3.59828e-07,394.26,7870.83,3.98192e-07,446.268,9882.51,-1.92908e-07,505.135,12400.3,-2.20392e-07,571.766,15546.9,1.51705e-07,647.184,19472.2,5.74996e-07,732.547,24357.4,5.39112e-07,829.167,30420,5.07815e-09,938.526,37916.3,-4.11492e-07,1062.3,47143.9,-3.9561e-07,1202.4,58439.2,3.86185e-08,1360.96,72169.3,5.94093e-07,1540.42,88715.8,7.47693e-07,1743.53,108445,1.78537e-07,1973.41,131665,-4.12549e-07,2233.57,158557,-5.37164e-07,2528,189103,-1.17615e-07,2861.2,222986,5.66769e-07,3238.27,259510,9.45053e-07,3664.97,297540,4.25093e-07,4147.81,335497,-3.58506e-07,4694.17,371444,-6.7724e-07,5312.37,403256,1.67192e-07,1.61744,3.89446,9.84394,3.28846,7.5504,12.774,5.07607,11.7187,13.6844,7.03202,16.8147,13.9681,9.20215,23.1769,14.0566,11.6301,31.1672,14.0841,14.3598,41.2186,14.0927,17.4376,53.8688,14.0954,20.9137,69.7915,14.0962,24.8432,89.8341,14.0965,29.2879,115.063,14.0966,34.3168,146.819,14.0966,40.0078,186.792,14.0966,46.4487,237.107,14.0966,53.7388,300.44,14.0966,61.9903,380.158,14.0966,71.3301,480.499,14.0966,81.902,606.796,14.0966,93.8685,765.761,14.0966,107.414,965.837,14.0966,122.746,1217.65,14.0966,140.101,1534.57,14.0966,159.745,1933.41,14.0966,181.981,2435.3,14.0966,207.15,3066.85,14.0966,235.64,3861.46,14.0966,267.889,4861.11,14.0966,304.391,6118.54,14.0966,345.709,7699.91,14.0966,392.478,9688.22,14.0966,445.417,12187.5,14.0966,505.339,15327.7,14.0966,573.165,19271.6,14.0966,649.938,24222,14.0966,736.839,30430.9,14.0966,835.202,38211.5,14.0966,946.539,47950.3,14.0966,1072.56,60122.8,14.0966,1215.21,75309.9,14.0966,1376.66,94216.2,14.0966,1559.41,117688,14.0966,1766.26,146729,14.0966,2000.39,182510,14.0966,2265.39,226372,14.0966,2565.33,279806,14.0966,2904.81,344416,14.0966,3289.05,421845,14.0966,3723.93,513667,14.0966,4216.13,621231,14.0966,4773.18,745478,14.0966,5403.64,886744,14.0966,6117.15,1.04457e+06,14.0966,6924.63,1.2176e+06,14.0966,11.7194,11.96,12.6541,13.9321,16.1295,13.6434,16.6097,21.9702,13.9553,19.7532,29.5285,14.0526,23.3844,39.1143,14.0829,27.5423,51.2054,14.0923,32.2796,66.434,14.0953,37.662,85.6061,14.0962,43.7675,109.74,14.0965,50.687,140.119,14.0966,58.5249,178.359,14.0966,67.4005,226.493,14.0966,77.4493,287.08,14.0966,88.8254,363.343,14.0966,101.703,459.336,14.0966,116.281,580.161,14.0966,132.782,732.241,14.0966,151.46,923.655,14.0966,172.603,1164.57,14.0966,196.535,1467.79,14.0966,223.625,1849.39,14.0966,254.288,2329.62,14.0966,288.997,2933.93,14.0966,328.285,3694.33,14.0966,372.755,4651.04,14.0966,423.092,5854.57,14.0966,480.07,7368.38,14.0966,544.564,9272.08,14.0966,617.566,11665.5,14.0966,700.197,14673.6,14.0966,793.729,18452.9,14.0966,899.599,23198.6,14.0966,1019.43,29154.1,14.0966,1155.07,36622.3,14.0966,1308.6,45977.9,14.0966,1482.39,57683.7,14.0966,1679.09,72307.8,14.0966,1901.73,90542.8,14.0966,2153.73,113226,14.0966,2438.97,141360,14.0966,2761.81,176127,14.0966,3127.22,218898,14.0966,3540.81,271226,14.0966,4008.92,334817,14.0966,4538.74,411470,14.0966,5138.38,502973,14.0966,5817.04,610948,14.0966,6585.12,736653,14.0966,7454.39,880741,14.0966,8438.15,1.04302e+06,14.0966,9551.45,1.22224e+06,14.0966,10811.3,1.41602e+06,14.0966,12237,1.62086e+06,14.0966,11.7194,11.96,12.6541,2.21263,4.16949,0.989383,2.67766,5.84076,0.311842,3.14343,7.55825,0.0972771,3.63127,9.58578,0.0303237,4.15787,12.0912,0.00945211,4.73731,15.2286,0.00294633,5.38238,19.1721,0.000918508,6.10553,24.134,0.000286163,6.91951,30.3791,8.92692e-05,7.83792,38.2397,2.78121e-05,8.87555,48.1338,8.65134e-06,10.0489,60.5876,2.7882e-06,11.3761,76.2629,8.29036e-07,12.8779,95.9927,2.4373e-07,14.5775,120.825,4.33068e-09,16.5012,152.08,1.75749e-07,18.6784,191.415,-1.86328e-07,21.1428,240.917,1.91829e-07,23.9322,303.213,-1.81475e-07,27.0895,381.602,7.0186e-08,30.6634,480.231,-2.86769e-08,34.7087,604.316,2.40784e-07,39.2876,760.401,9.87368e-08,44.4705,956.705,1.22263e-07,50.3371,1203.54,-4.31966e-07,56.9776,1513.81,-1.9705e-07,64.494,1903.69,-2.763e-08,73.0018,2393.4,3.9185e-07,82.6317,3008.13,1.35379e-07,93.5318,3779.25,-4.16351e-08,105.869,4745.7,2.06965e-08,119.834,5955.6,-3.18887e-07,135.641,7468.12,-1.48271e-08,153.531,9355.62,2.00739e-07,173.781,11705.8,2.28358e-07,196.701,14624.1,-1.93587e-08,222.642,18235,-2.88101e-07,252.003,22683.4,-2.24732e-07,285.234,28134,8.56806e-09,322.845,34767,2.34258e-07,365.413,42770.9,2.99668e-07,413.588,52327.9,8.28644e-08,468.111,63591.2,-3.07049e-07,529.814,76653.2,-3.1888e-07,599.642,91502.5,-6.72276e-08,678.662,107975,2.26339e-07,768.083,125705,3.69212e-07,869.267,144088,2.04077e-07,983.76,162277,-2.80509e-07,1113.3,179223,-4.22737e-07,1259.87,193777,-1.71951e-07,1425.68,204839,4.55555e-07,11.7194,11.96,12.6541,2.21263,4.16949,0.989383,2.67766,5.84076,0.311842,3.14343,7.55825,0.0972771,3.63127,9.58578,0.0303237,4.15787,12.0912,0.00945211,4.73731,15.2286,0.00294633,5.38238,19.1721,0.000918508,6.10553,24.134,0.000286163,6.91951,30.3791,8.92692e-05,7.83792,38.2397,2.78121e-05,8.87555,48.1338,8.65134e-06,10.0489,60.5876,2.7882e-06,11.3761,76.2629,8.29036e-07,12.8779,95.9927,2.4373e-07,14.5775,120.825,1e-08,16.5012,152.08,1.75749e-07,18.6784,191.415,1e-08,21.1428,240.917,1.91829e-07,23.9322,303.213,1e-08,27.0895,381.602,7.0186e-08,30.6634,480.231,1e-08,34.7087,604.316,2.40784e-07,39.2876,760.401,9.87368e-08,44.4705,956.705,1.22263e-07,50.3371,1203.54,1e-08,56.9776,1513.81,1e-08,64.494,1903.69,1e-08,73.0018,2393.4,3.9185e-07,82.6317,3008.13,1.35379e-07,93.5318,3779.25,1e-08,105.869,4745.7,2.06965e-08,119.834,5955.6,1e-08,135.641,7468.12,1e-08,153.531,9355.62,2.00739e-07,173.781,11705.8,2.28358e-07,196.701,14624.1,1e-08,222.642,18235,1e-08,252.003,22683.4,1e-08,285.234,28134,1e-08,322.845,34767,2.34258e-07,365.413,42770.9,2.99668e-07,413.588,52327.9,8.28644e-08,468.111,63591.2,1e-08,529.814,76653.2,1e-08,599.642,91502.5,1e-08,678.662,107975,2.26339e-07,768.083,125705,3.69212e-07,869.267,144088,2.04077e-07,983.76,162277,1e-08,1113.3,179223,1e-08,1259.87,193777,1e-08,1425.68,204839,4.55555e-07,6.2823,3.27286,2.43537,0.219672,6.18826,2.24117,0.56371,6.87772,2.63624,0.308279,10,6,5,2,6,1,3,7,1,1,6,1,5,6,0,0,15,0,7,19,0,6,24,0,7,23,0,8,19,0,5,53,0,17,53,0,9,46,0,7,39,0,12,62,0,19,129,0,14,123,0,16,193,0,11,191,0,9,382,0,32,406,0,55,470,0,12,389,0,51,578,0,34,1086,0,52,499,0,28,2300,0,54,2039,0,63,2059,0,56,3571,0,76,2389,0,146,4064,0,141,7862,0,98,14491,0,139,10911,0,134,10101,0,71,16422,0,69,17541,0,338,18268,0,362,25120,0,221,28123,0,381,54054,0,303,39814,0,717,135063,0,643,55899,0,662,74833,0,502,80237,0,536,130934,0,1659,137776,0,807,187292,0,1476,65307,0,894,249856,0,1227,182567,0
-1.05176e+08,1,8.88811e-15,10,1023,0,1.05176e+08,0.528882,1.08665,0.389689,0.145397,0.379329,3.24381,0.161596,0.446195,1.77396,0.159177,1.15e+07,4.49998e+06,6.79999e+06,1.15e+07,4.49997e+06,6.79999e+06,1.15e+07,4.49996e+06,6.79999e+06,1.15e+07,4.49995e+06,6.79999e+06,1.14999e+07,4.49993e+06,6.79999e+06,1.14999e+07,4.49991e+06,6.79999e+06,1.14999e+07,4.49989e+06,6.79999e+06,1.14999e+07,4.49986e+06,6.79999e+06,1.14999e+07,4.49982e+06,6.79999e+06,1.14999e+07,4.49977e+06,6.79999e+06,1.14999e+07,4.49971e+06,6.79999e+06,1.14999e+07,4.49963e+06,6.79999e+06,1.14998e+07,4.49953e+06,6.79999e+06,1.14998e+07,4.49941e+06,6.79999e+06,1.14998e+07,4.49926e+06,6.79999e+06,1.14998e+07,4.49906e+06,6.79999e+06,1.14997e+07,4.49882e+06,6.79999e+06,1.14997e+07,4.49851e+06,6.79999e+06,1.14997e+07,4.49812e+06,6.79999e+06,1.14996e+07,4.49764e+06,6.79999e+06,1.14996e+07,4.49702e+06,6.79999e+06,1.14995e+07,4.49625e+06,6.79999e+06,1.14995e+07,4.49528e+06,6.79999e+06,1.14994e+07,4.49406e+06,6.79999e+06,1.14993e+07,4.49253e+06,6.79999e+06,1.14992e+07,4.49059e+06,6.79999e+06,1.14991e+07,4.48817e+06,6.79999e+06,1.1499e+07,4.48511e+06,6.79999e+06,1.14988e+07,4.48128e+06,6.79999e+06,1.14987e+07,4.47646e+06,6.79999e+06,1.14985e+07,4.47041e+06,6.79999e+06,1.14983e+07,4.46281e+06,6.79999e+06,1.14981e+07,4.4533e+06,6.79999e+06,1.14979e+07,4.44138e+06,6.79999e+06,1.14976e+07,4.42649e+06,6.79999e+06,1.14972e+07,4.40789e+06,6.79999e+06,1.14969e+07,4.38471e+06,6.79999e+06,1.14965e+07,4.35592e+06,6.79999e+06,1.1496e+07,4.32027e+06,6.79999e+06,1.14955e+07,4.27629e+06,6.79999e+06,1.14949e+07,4.22231e+06,6.79999e+06,1.14942e+07,4.15647e+06,6.79999e+06,1.14934e+07,4.07676e+06,6.79999e+06,1.14926e+07,3.98112e+06,6.79999e+06,1.14916e+07,3.86765e+06,6.79999e+06,1.14905e+07,3.73474e+06,6.79999e+06,1.14892e+07,3.58148e+06,6.79999e+06,1.14878e+07,3.40785e+06,6.79999e+06,1.14862e+07,3.21513e+06,6.79999e+06,1.14844e+07,3.00605e+06,6.79999e+06,1.14823e+07,2.7848e+06,6.79999e+06,1.148e+07,2.5568e+06,6.79999e+06,1.14773e+07,2.32825e+06,6.79999e+06,13.5742,8.52444,0.508366,16.8306,13.2585,0.162638,20.0035,17.569,0.0507846,23.2616,22.4214,0.0158319,26.7328,28.3297,0.00493498,30.5212,35.6974,0.00153831,34.7178,44.9473,0.000479527,39.4086,56.5822,0.000149456,44.6796,71.2245,4.66214e-05,50.6209,89.6543,1.45419e-05,57.3297,112.852,4.54748e-06,64.9129,142.051,1.43857e-06,73.4897,178.803,4.36618e-07,83.1934,225.062,1.40153e-07,94.1745,283.286,4.96378e-08,106.602,356.568,1.05434e-07,120.669,448.799,-6.49244e-08,136.59,564.873,1.70148e-07,154.611,710.948,-5.34594e-08,175.008,894.767,1.63407e-07,198.097,1126.06,8.04804e-08,224.231,1417.07,1.14667e-07,253.813,1783.15,-1.71227e-07,287.297,2243.62,-2.88466e-07,325.198,2822.67,-4.33651e-07,368.098,3550.67,7.9318e-08,416.657,4465.65,3.13319e-07,471.621,5615.16,3.4613e-07,533.835,7058.61,-1.19199e-07,604.255,8870.02,-2.79964e-07,683.962,11141.4,-2.30521e-07,774.182,13986.7,-2.55099e-07,876.299,17546.4,1.23585e-07,991.883,21993.1,1.41192e-07,1122.71,27536.7,-9.71886e-08,1270.78,34430.7,-3.68368e-07,1438.38,42977.7,-3.45379e-07,1628.07,53532.7,-3.25328e-09,1842.77,66504.6,2.6362e-07,2085.77,82350.2,2.53445e-07,2360.79,101560,-2.47407e-08,2672.05,124632,-3.80602e-07,3024.31,152018,-4.79005e-07,3422.98,184060,-1.14379e-07,3874.15,220884,2.64297e-07,4384.72,262283,3.44131e-07,4962.49,307576,7.5349e-08,5616.29,355497,-3.63097e-07,6356.1,404126,-6.05442e-07,7193.18,450932,-2.72333e-07,8140.28,492963,2.29675e-07,9211.79,527178,4.3387e-07,10424,550893,-1.0711e-07,10.102,8.06553,2.81012,10.6436,8.57909,0.869423,11.5336,10.2515,0.270869,12.7211,12.7138,0.0844293,14.1823,15.9373,0.0263173,15.9122,20.0383,0.0082035,17.9198,25.2154,0.00255722,20.2244,31.7373,0.000797017,22.8539,39.9486,0.000248622,25.8438,50.2851,7.75492e-05,29.237,63.2963,2.42508e-05,33.0837,79.6738,7.67162e-06,37.4415,100.288,2.32837e-06,42.3767,126.236,7.33e-07,47.9646,158.896,2.79256e-07,54.2906,200.003,9.87351e-09,61.452,251.741,1.61085e-07,69.5585,316.859,-2.47141e-07,78.7347,398.812,8.93552e-08,89.1218,501.948,-2.53231e-07,100.879,631.736,-1.25047e-07,114.188,795.049,-1.78808e-07,129.252,1000.53,2.6733e-07,146.304,1259.03,4.50292e-07,165.605,1584.19,6.76904e-07,187.452,1993.12,-1.23808e-07,212.181,2507.27,-4.89068e-07,240.173,3153.54,-5.40284e-07,271.856,3965.56,1.86061e-07,307.719,4985.38,4.37004e-07,348.313,6265.4,3.59828e-07,394.26,7870.83,3.98192e-07,446.268,9882.51,-1.92908e-07,505.135,12400.3,-2.20392e-07,571.766,15546.9,1.51705e-07,647.184,19472.2,5.74996e-07,732.547,24357.4,5.39112e-07,829.167,30420,5.07815e-09,938.526,37916.3,-4.11492e-07,1062.3,47143.9,-3.9561e-07,1202.4,58439.2,3.86185e-08,1360.96,72169.3,5.94093e-07,1540.42,88715.8,7.47693e-07,1743.53,108445,1.78537e-07,1973.41,131665,-4.12549e-07,2233.57,158557,-5.37164e-07,2528,189103,-1.17615e-07,2861.2,222986,5.66769e-07,3238.27,259510,9.45053e-07,3664.97,297540,4.25093e-07,4147.81,335497,-3.58506e-07,4694.17,371444,-6.7724e-07,5312.37,403256,1.67192e-07,1.61744,3.89446,9.84394,3.28846,7.5504,12.774,5.07607,11.7187,13.6844,7.03202,16.8147,13.9681,9.20215,23.1769,14.0566,11.6301,31.1672,14.0841,14.3598,41.2186,14.0927,17.4376,53.8688,14.0954,20.9137,69.7915,14.0962,24.8432,89.8341,14.0965,29.2879,115.063,14.0966,34.3168,146.819,14.0966,40.0078,186.792,14.0966,46.4487,237.107,14.0966,53.7388,300.44,14.0966,61.9903,380.158,14.0966,71.3301,480.499,14.0966,81.902,606.796,14.0966,93.8685,765.761,14.0966,107.414,965.837,14.0966,122.746,1217.65,14.0966,140.101,1534.57,14.0966,159.745,1933.41,14.0966,181.981,2435.3,14.0966,207.15,3066.85,14.0966,235.64,3861.46,14.0966,267.889,4861.11,14.0966,304.391,6118.54,14.0966,345.709,7699.91,14.0966,392.478,9688.22,14.0966,445.417,12187.5,14.0966,505.339,15327.7,14.0966,573.165,19271.6,14.0966,649.938,24222,14.0966,736.839,30430.9,14.0966,835.202,38211.5,14.0966,946.539,47950.3,14.0966,1072.56,60122.8,14.0966,1215.21,75309.9,14.0966,1376.66,94216.2,14.0966,1559.41,117688,14.0966,1766.26,146729,14.0966,2000.39,182510,14.0966,2265.39,226372,14.0966,2565.33,279806,14.0966,2904.81,344416,14.0966,3289.05,421845,14.0966,3723.93,513667,14.0966,4216.13,621231,14.0966,4773.18,745478,14.0966,5403.64,886744,14.0966,6117.15,1.04457e+06,14.0966,6924.63,1.2176e+06,14.0966,11.7194,11.96,12.6541,13.9321,16.1295,13.6434,16.6097,21.9702,13.9553,19.7532,29.5285,14.0526,23.3844,39.1143,14.0829,27.5423,51.2054,14.0923,32.2796,66.434,14.0953,37.662,85.6061,14.0962,43.7675,109.74,14.0965,50.687,140.119,14.0966,58.5249,178.359,14.0966,67.4005,226.493,14.0966,77.4493,287.08,14.0966,88.8254,363.343,14.0966,101.703,459.336,14.0966,116.281,580.161,14.0966,132.782,732.241,14.0966,151.46,923.655,14.0966,172.603,1164.57,14.0966,196.535,1467.79,14.0966,223.625,1849.39,14.0966,254.288,2329.62,14.0966,288.997,2933.93,14.0966,328.285,3694.33,14.0966,372.755,4651.04,14.0966,423.092,5854.57,14.0966,480.07,7368.38,14.0966,544.564,9272.08,14.0966,617.566,11665.5,14.0966,700.197,14673.6,14.0966,793.729,18452.9,14.0966,899.599,23198.6,14.0966,1019.43,29154.1,14.0966,1155.07,36622.3,14.0966,1308.6,45977.9,14.0966,1482.39,57683.7,14.0966,1679.09,72307.8,14.0966,1901.73,90542.8,14.0966,2153.73,113226,14.0966,2438.97,141360,14.0966,2761.81,176127,14.0966,3127.22,218898,14.0966,3540.81,271226,14.0966,4008.92,334817,14.0966,4538.74,411470,14.0966,5138.38,502973,14.0966,5817.04,610948,14.0966,6585.12,736653,14.0966,7454.39,880741,14.0966,8438.15,1.04302e+06,14.0966,9551.45,1.22224e+06,14.0966,10811.3,1.41602e+06,14.0966,12237,1.62086e+06,14.0966,11.7194,11.96,12.6541,2.21263,4.16949,0.989383,2.67766,5.84076,0.311842,3.14343,7.55825,0.0972771,3.63127,9.58578,0.0303237,4.15787,12.0912,0.00945211,4.73731,15.2286,0.00294633,5.38238,19.1721,0.000918508,6.10553,24.134,0.000286163,6.91951,30.3791,8.92692e-05,7.83792,38.2397,2.78121e-05,8.87555,48.1338,8.65134e-06,10.0489,60.5876,2.7882e-06,11.3761,76.2629,8.29036e-07,12.8779,95.9927,2.4373e-07,14.5775,120.825,4.33068e-09,16.5012,152.08,1.75749e-07,18.6784,191.415,-1.86328e-07,21.1428,240.917,1.91829e-07,23.9322,303.213,-1.81475e-07,27.0895,381.602,7.0186e-08,30.6634,480.231,-2.86769e-08,34.7087,604.316,2.40784e-07,39.2876,760.401,9.87368e-08,44.4705,956.705,1.22263e-07,50.3371,1203.54,-4.31966e-07,56.9776,1513.81,-1.9705e-07,64.494,1903.69,-2.763e-08,73.0018,2393.4,3.9185e-07,82.6317,3008.13,1.35379e-07,93.5318,3779.25,-4.16351e-08,105.869,4745.7,2.06965e-08,119.834,5955.6,-3.18887e-07,135.641,7468.12,-1.48271e-08,153.531,9355.62,2.00739e-07,173.781,11705.8,2.28358e-07,196.701,14624.1,-1.93587e-08,222.642,18235,-2.88101e-07,252.003,22683.4,-2.24732e-07,285.234,28134,8.56806e-09,322.845,34767,2.34258e-07,365.413,42770.9,2.99668e-07,413.588,52327.9,8.28644e-08,468.111,63591.2,-3.07049e-07,529.814,76653.2,-3.1888e-07,599.642,91502.5,-6.72276e-08,678.662,107975,2.26339e-07,768.083,125705,3.69212e-07,869.267,144088,2.04077e-07,983.76,162277,-2.80509e-07,1113.3,179223,-4.22737e-07,1259.87,193777,-1.71951e-07,1425.68,204839,4.55555e-07,11.7194,11.96,12.6541,2.21263,4.16949,0.989383,2.67766,5.84076,0.311842,3.14343,7.55825,0.0972771,3.63127,9.58578,0.0303237,4.15787,12.0912,0.00945211,4.73731,15.2286,0.00294633,5.38238,19.1721,0.000918508,6.10553,24.134,0.000286163,6.91951,30.3791,8.92692e-05,7.83792,38.2397,2.78121e-05,8.87555,48.1338,8.65134e-06,10.0489,60.5876,2.7882e-06,11.3761,76.2629,8.29036e-07,12.8779,95.9927,2.4373e-07,14.5775,120.825,1e-08,16.5012,152.08,1.75749e-07,18.6784,191.415,1e-08,21.1428,240.917,1.91829e-07,23.9322,303.213,1e-08,27.0895,381.602,7.0186e-08,30.6634,480.231,1e-08,34.7087,604.316,2.40784e-07,39.2876,760.401,9.87368e-08,44.4705,956.705,1.22263e-07,50.3371,1203.54,1e-08,56.9776,1513.81,1e-08,64.494,1903.69,1e-08,73.0018,2393.4,3.9185e-07,82.6317,3008.13,1.35379e-07,93.5318,3779.25,1e-08,105.869,4745.7,2.06965e-08,119.834,5955.6,1e-08,135.641,7468.12,1e-08,153.531,9355.62,2.00739e-07,173.781,11705.8,2.28358e-07,196.701,14624.1,1e-08,222.642,18235,1e-08,252.003,22683.4,1e-08,285.234,28134,1e-08,322.845,34767,2.34258e-07,365.413,42770.9,2.99668e-07,413.588,52327.9,8.28644e-08,468.111,63591.2,1e-08,529.814,76653.2,1e-08,599.642,91502.5,1e-08,678.662,107975,2.26339e-07,768.083,125705,3.69212e-07,869.267,144088,2.04077e-07,983.76,162277,1e-08,1113.3,179223,1e-08,1259.87,193777,1e-08,1425.68,204839,4.55555e-07,6.2823,3.27286,2.43537,0.219672,6.18826,2.24117,0.56371,6.87772,2.63624,0.308279,11,11,9,4,6,0,5,16,1,2,5,0,3,10,0,3,8,0,2,21,0,8,30,0,9,15,0,4,32,0,11,46,0,9,54,0,34,53,0,19,38,0,10,61,0,8,70,0,19,116,0,22,146,0,14,154,0,45,210,0,40,423,0,14,296,0,16,394,0,45,1044,0,31,735,0,30,1025,0,41,1846,0,61,2494,0,124,843,0,112,4376,0,118,2406,0,37,5191,0,55,5177,0,260,5935,0,198,9149,0,179,14198,0,99,11607,0,165,21894,0,210,14275,0,433,10699,0,356,24373,0,523,32760,0,201,30618,0,553,56159,0,598,73995,0,813,47442,0,1142,215186,0,615,82390,0,438,148325,0,1270,155142,0,1078,238877,0,973,290265,0,767,239991,0
-1.05176e+08,1,8.88811e-15,10,1023,0,1.05176e+08,0.528882,1.08665,0.389689,0.145397,0.379329,3.24381,0.161596,0.446195,1.77396,0.159177,1.15e+07,4.49998e+06,6.79999e+06,1.15e+07,4.49997e+06,6.79999e+06,1.15e+07,4.49996e+06,6.79999e+06,1.15e+07,4.49995e+06,6.79999e+06,1.14999e+07,4.49993e+06,6.79999e+06,1.14999e+07,4.49991e+06,6.79999e+06,1.14999e+07,4.49989e+06,6.79999e+06,1.14999e+07,4.49986e+06,6.79999e+06,1.14999e+07,4.49982e+06,6.79999e+06,1.14999e+07,4.49977e+06,6.79999e+06,1.14999e+07,4.49971e+06,6.79999e+06,1.14999e+07,4.49963e+06,6.79999e+06,1.14998e+07,4.49953e+06,6.79999e+06,1.14998e+07,4.49941e+06,6.79999e+06,1.14998e+07,4.49926e+06,6.79999e+06,1.14998e+07,4.49906e+06,6.79999e+06,1.14997e+07,4.49882e+06,6.79999e+06,1.14997e+07,4.49851e+06,6.79999e+06,1.14997e+07,4.49812e+06,6.79999e+06,1.14996e+07,4.49764e+06,6.79999e+06,1.14996e+07,4.49702e+06,6.79999e+06,1.14995e+07,4.49625e+06,6.79999e+06,1.14995e+07,4.49528e+06,6.79999e+06,1.14994e+07,4.49406e+06,6.79999e+06,1.14993e+07,4.49253e+06,6.79999e+06,1.14992e+07,4.49059e+06,6.79999e+06,1.14991e+07,4.48817e+06,6.79999e+06,1.1499e+07,4.48511e+06,6.79999e+06,1.14988e+07,4.48128e+06,6.79999e+06,1.14987e+07,4.47646e+06,6.79999e+06,1.14985e+07,4.47041e+06,6.79999e+06,1.14983e+07,4.46281e+06,6.79999e+06,1.14981e+07,4.4533e+06,6.79999e+06,1.14979e+07,4.44138e+06,6.79999e+06,1.14976e+07,4.42649e+06,6.79999e+06,1.14972e+07,4.40789e+06,6.79999e+06,1.14969e+07,4.38471e+06,6.79999e+06,1.14965e+07,4.35592e+06,6.79999e+06,1.1496e+07,4.32027e+06,6.79999e+06,1.14955e+07,4.27629e+06,6.79999e+06,1.14949e+07,4.22231e+06,6.79999e+06,1.14942e+07,4.15647e+06,6.79999e+06,1.14934e+07,4.07676e+06,6.79999e+06,1.14926e+07,3.98112e+06,6.79999e+06,1.14916e+07,3.86765e+06,6.79999e+06,1.14905e+07,3.73474e+06,6.79999e+06,1.14892e+07,3.58148e+06,6.79999e+06,1.14878e+07,3.40785e+06,6.79999e+06,1.14862e+07,3.21513e+06,6.79999e+06,1.14844e+07,3.00605e+06,6.79999e+06,1.14823e+07,2.7848e+06,6.79999e+06,1.148e+07,2.5568e+06,6.79999e+06,1.14773e+07,2.32825e+06,6.79999e+06,13.5742,8.52444,0.508366,16.8306,13.2585,0.162638,20.0035,17.569,0.0507846,23.2616,22.4214,0.0158319,26.7328,28.3297,0.00493498,30.5212,35.6974,0.00153831,34.7178,44.9473,0.000479527,39.4086,56.5822,0.000149456,44.6796,71.2245,4.66214e-05,50.6209,89.6543,1.45419e-05,57.3297,112.852,4.54748e-06,64.9129,142.051,1.43857e-06,73.4897,178.803,4.36618e-07,83.1934,225.062,1.40153e-07,94.1745,283.286,4.96378e-08,106.602,356.568,1.05434e-07,120.669,448.799,-6.49244e-08,136.59,564.873,1.70148e-07,154.611,710.948,-5.34594e-08,175.008,894.767,1.63407e-07,198.097,1126.06,8.04804e-08,224.231,1417.07,1.14667e-07,253.813,1783.15,-1.71227e-07,287.297,2243.62,-2.88466e-07,325.198,2822.67,-4.33651e-07,368.098,3550.67,7.9318e-08,416.657,4465.65,3.13319e-07,471.621,5615.16,3.4613e-07,533.835,7058.61,-1.19199e-07,604.255,8870.02,-2.79964e-07,683.962,11141.4,-2.30521e-07,774.182,13986.7,-2.55099e-07,876.299,17546.4,1.23585e-07,991.883,21993.1,1.41192e-07,1122.71,27536.7,-9.71886e-08,1270.78,34430.7,-3.68368e-07,1438.38,42977.7,-3.45379e-07,1628.07,53532.7,-3.25328e-09,1842.77,66504.6,2.6362e-07,2085.77,82350.2,2.53445e-07,2360.79,101560,-2.47407e-08,2672.05,124632,-3.80602e-07,3024.31,152018,-4.79005e-07,3422.98,184060,-1.14379e-07,3874.15,220884,2.64297e-07,4384.72,262283,3.44131e-07,4962.49,307576,7.5349e-08,5616.29,355497,-3.63097e-07,6356.1,404126,-6.05442e-07,7193.18,450932,-2.72333e-07,8140.28,492963,2.29675e-07,9211.79,527178,4.3387e-07,10424,550893,-1.0711e-07,10.102,8.06553,2.81012,10.6436,8.57909,0.869423,11.5336,10.2515,0.270869,12.7211,12.7138,0.0844293,14.1823,15.9373,0.0263173,15.9122,20.0383,0.0082035,17.9198,25.2154,0.00255722,20.2244,31.7373,0.000797017,22.8539,39.9486,0.000248622,25.8438,50.2851,7.75492e-05,29.237,63.2963,2.42508e-05,33.0837,79.6738,7.67162e-06,37.4415,100.288,2.32837e-06,42.3767,126.236,7.33e-07,47.9646,158.896,2.79256e-07,54.2906,200.003,9.87351e-09,61.452,251.741,1.61085e-07,69.5585,316.859,-2.47141e-07,78.7347,398.812,8.93552e-08,89.1218,501.948,-2.53231e-07,100.879,631.736,-1.25047e-07,114.188,795.049,-1.78808e-07,129.252,1000.53,2.6733e-07,146.304,1259.03,4.50292e-07,165.605,1584.19,6.76904e-07,187.452,1993.12,-1.23808e-07,212.181,2507.27,-4.89068e-07,240.173,3153.54,-5.40284e-07,271.856,3965.56,1.86061e-07,307.719,4985.38,4.37004e-07,348.313,6265.4,3.59828e-07,394.26,7870.83,3.98192e-07,446.268,9882.51,-1.92908e-07,505.135,12400.3,-2.20392e-07,571.766,15546.9,1.51705e-07,647.184,19472.2,5.74996e-07,732.547,24357.4,5.39112e-07,829.167,30420,5.07815e-09,938.526,37916.3,-4.11492e-07,1062.3,47143.9,-3.9561e-07,1202.4,58439.2,3.86185e-08,1360.96,72169.3,5.94093e-07,1540.42,88715.8,7.47693e-07,1743.53,108445,1.78537e-07,1973.41,131665,-4.12549e-07,2233.57,158557,-5.37164e-07,2528,189103,-1.17615e-07,2861.2,222986,5.66769e-07,3238.27,259510,9.45053e-07,3664.97,297540,4.25093e-07,4147.81,335497,-3.58506e-07,4694.17,371444,-6.7724e-07,5312.37,403256,1.67192e-07,1.61744,3.89446,9.84394,3.28846,7.5504,12.774,5.07607,11.7187,13.6844,7.03202,16.8147,13.9681,9.20215,23.1769,14.0566,11.6301,31.1672,14.0841,14.3598,41.2186,14.0927,17.4376,53.8688,14.0954,20.9137,69.7915,14.0962,24.8432,89.8341,14.0965,29.2879,115.063,14.0966,34.3168,146.819,14.0966,40.0078,186.792,14.0966,46.4487,237.107,14.0966,53.7388,300.44,14.0966,61.9903,380.158,14.0966,71.3301,480.499,14.0966,81.902,606.796,14.0966,93.8685,765.761,14.0966,107.414,965.837,14.0966,122.746,1217.65,14.0966,140.101,1534.57,14.0966,159.745,1933.41,14.0966,181.981,2435.3,14.0966,207.15,3066.85,14.0966,235.64,3861.46,14.0966,267.889,4861.11,14.0966,304.391,6118.54,14.0966,345.709,7699.91,14.0966,392.478,9688.22,14.0966,445.417,12187.5,14.0966,505.339,15327.7,14.0966,573.165,19271.6,14.0966,649.938,24222,14.0966,736.839,30430.9,14.0966,835.202,38211.5,14.0966,946.539,47950.3,14.0966,1072.56,60122.8,14.0966,1215.21,75309.9,14.0966,1376.66,94216.2,14.0966,1559.41,117688,14.0966,1766.26,146729,14.0966,2000.39,182510,14.0966,2265.39,226372,14.0966,2565.33,279806,14.0966,2904.81,344416,14.0966,3289.05,421845,14.0966,3723.93,513667,14.0966,4216.13,621231,14.0966,4773.18,745478,14.0966,5403.64,886744,14.0966,6117.15,1.04457e+06,14.0966,6924.63,1.2176e+06,14.0966,11.7194,11.96,12.6541,13.9321,16.1295,13.6434,16.6097,21.9702,13.9553,19.7532,29.5285,14.0526,23.3844,39.1143,14.0829,27.5423,51.2054,14.0923,32.2796,66.434,14.0953,37.662,85.6061,14.0962,43.7675,109.74,14.0965,50.687,140.119,14.0966,58.5249,178.359,14.0966,67.4005,226.493,14.0966,77.4493,287.08,14.0966,88.8254,363.343,14.0966,101.703,459.336,14.0966,116.281,580.161,14.0966,132.782,732.241,14.0966,151.46,923.655,14.0966,172.603,1164.57,14.0966,196.535,1467.79,14.0966,223.625,1849.39,14.0966,254.288,2329.62,14.0966,288.997,2933.93,14.0966,328.285,3694.33,14.0966,372.755,4651.04,14.0966,423.092,5854.57,14.0966,480.07,7368.38,14.0966,544.564,9272.08,14.0966,617.566,11665.5,14.0966,700.197,14673.6,14.0966,793.729,18452.9,14.0966,899.599,23198.6,14.0966,1019.43,29154.1,14.0966,1155.07,36622.3,14.0966,1308.6,45977.9,14.0966,1482.39,57683.7,14.0966,1679.09,72307.8,14.0966,1901.73,90542.8,14.0966,2153.73,113226,14.0966,2438.97,141360,14.0966,2761.81,176127,14.0966,3127.22,218898,14.0966,3540.81,271226,14.0966,4008.92,334817,14.0966,4538.74,411470,14.0966,5138.38,502973,14.0966,5817.04,610948,14.0966,6585.12,736653,14.0966,7454.39,880741,14.0966,8438.15,1.04302e+06,14.0966,9551.45,1.22224e+06,14.0966,10811.3,1.41602e+06,14.0966,12237,1.62086e+06,14.0966,11.7194,11.96,12.6541,2.21263,4.16949,0.989383,2.67766,5.84076,0.311842,3.14343,7.55825,0.0972771,3.63127,9.58578,0.0303237,4.15787,12.0912,0.00945211,4.73731,15.2286,0.00294633,5.38238,19.1721,0.000918508,6.10553,24.134,0.000286163,6.91951,30.3791,8.92692e-05,7.83792,38.2397,2.78121e-05,8.87555,48.1338,8.65134e-06,10.0489,60.5876,2.7882e-06,11.3761,76.2629,8.29036e-07,12.8779,95.9927,2.4373e-07,14.5775,120.825,4.33068e-09,16.5012,152.08,1.75749e-07,18.6784,191.415,-1.86328e-07,21.1428,240.917,1.91829e-07,23.9322,303.213,-1.81475e-07,27.0895,381.602,7.0186e-08,30.6634,480.231,-2.86769e-08,34.7087,604.316,2.40784e-07,39.2876,760.401,9.87368e-08,44.4705,956.705,1.22263e-07,50.3371,1203.54,-4.31966e-07,56.9776,1513.81,-1.9705e-07,64.494,1903.69,-2.763e-08,73.0018,2393.4,3.9185e-07,82.6317,3008.13,1.35379e-07,93.5318,3779.25,-4.16351e-08,105.869,4745.7,2.06965e-08,119.834,5955.6,-3.18887e-07,135.641,7468.12,-1.48271e-08,153.531,9355.62,2.00739e-07,173.781,11705.8,2.28358e-07,196.701,14624.1,-1.93587e-08,222.642,18235,-2.88101e-07,252.003,22683.4,-2.24732e-07,285.234,28134,8.56806e-09,322.845,34767,2.34258e-07,365.413,42770.9,2.99668e-07,413.588,52327.9,8.28644e-08,468.111,63591.2,-3.07049e-07,529.814,76653.2,-3.1888e-07,599.642,91502.5,-6.72276e-08,678.662,107975,2.26339e-07,768.083,125705,3.69212e-07,869.267,144088,2.04077e-07,983.76,162277,-2.80509e-07,1113.3,179223,-4.22737e-07,1259.87,193777,-1.71951e-07,1425.68,204839,4.55555e-07,11.7194,11.96,12.6541,2.21263,4.16949,0.989383,2.67766,5.84076,0.311842,3.14343,7.55825,0.0972771,3.63127,9.58578,0.0303237,4.15787,12.0912,0.00945211,4.73731,15.2286,0.00294633,5.38238,19.1721,0.000918508,6.10553,24.134,0.000286163,6.91951,30.3791,8.92692e-05,7.83792,38.2397,2.78121e-05,8.87555,48.1338,8.65134e-06,10.0489,60.5876,2.7882e-06,11.3761,76.2629,8.29036e-07,12.8779,95.9927,2.4373e-07,14.5775,120.825,1e-08,16.5012,152.08,1.75749e-07,18.6784,191.415,1e-08,21.1428,240.917,1.91829e-07,23.9322,303.213,1e-08,27.0895,381.602,7.0186e-08,30.6634,480.231,1e-08,34.7087,604.316,2.40784e-07,39.2876,760.401,9.87368e-08,44.4705,956.705,1.22263e-07,50.3371,1203.54,1e-08,56.9776,1513.81,1e-08,64.494,1903.69,1e-08,73.0018,2393.4,3.9185e-07,82.6317,3008.13,1.35379e-07,93.5318,3779.25,1e-08,105.869,4745.7,2.06965e-08,119.834,5955.6,1e-08,135.641,7468.12,1e-08,153.531,9355.62,2.00739e-07,173.781,11705.8,2.28358e-07,196.701,14624.1,1e-08,222.642,18235,1e-08,252.003,22683.4,1e-08,285.234,28134,1e-08,322.845,34767,2.34258e-07,365.413,42770.9,2.99668e-07,413.588,52327.9,8.28644e-08,468.111,63591.2,1e-08,529.814,76653.2,1e-08,599.642,91502.5,1e-08,678.662,107975,2.26339e-07,768.083,125705,3.69212e-07,869.267,144088,2.04077e-07,983.76,162277,1e-08,1113.3,179223,1e-08,1259.87,193777,1e-08,1425.68,204839,4.55555e-07,6.2823,3.27286,2.43537,0.219672,6.18826,2.24117,0.56371,6.87772,2.63624,0.308279,7,5,18,0,6,1,1,6,0,1,5,0,3,21,0,9,15,0,2,22,0,5,33,0,2,10,0,3,43,0,12,38,0,24,31,0,8,88,0,17,93,0,11,83,0,8,99,0,13,89,0,10,144,0,17,120,0,11,337,0,53,275,0,19,286,0,36,869,0,47,1558,0,64,714,0,49,1170,0,95,1321,0,57,1610,0,40,3821,0,95,2805,0,56,2546,0,112,4614,0,91,9009,0,121,6383,0,141,5658,0,149,14929,0,337,12655,0,183,14840,0,319,25347,0,262,38813,0,476,45714,0,450,38510,0,869,43618,0,234,79132,0,735,60815,0,1177,82147,0,905,86655,0,1341,177795,0,875,110418,0,1119,130291,0,1414,134446,0,904,236484,0,2575,288844,0
-1.05176e+08,1,8.88811e-15,10,1023,0,1.05176e+08,0.528882,1.08665,0.389689,0.145397,0.379329,3.24381,0.161596,0.446195,1.77396,0.159177,1.15e+07,4.49998e+06,6.79999e+06,1.15e+07,4.49997e+06,6.79999e+06,1.15e+07,4.49996e+06,6.79999e+06,1.15e+07,4.49995e+06,6.79999e+06,1.14999e+07,4.49993e+06,6.79999e+06,1.14999e+07,4.49991e+06,6.79999e+06,1.14999e+07,4.49989e+06,6.79999e+06,1.14999e+07,4.49986e+06,6.79999e+06,1.14999e+07,4.49982e+06,6.79999e+06,1.14999e+07,4.49977e+06,6.79999e+06,1.14999e+07,4.49971e+06,6.79999e+06,1.14999e+07,4.49963e+06,6.79999e+06,1.14998e+07,4.49953e+06,6.79999e+06,1.14998e+07,4.49941e+06,6.79999e+06,1.14998e+07,4.49926e+06,6.79999e+06,1.14998e+07,4.49906e+06,6.79999e+06,1.14997e+07,4.49882e+06,6.79999e+06,1.14997e+07,4.49851e+06,6.79999e+06,1.14997e+07,4.49812e+06,6.79999e+06,1.14996e+07,4.49764e+06,6.79999e+06,1.14996e+07,4.49702e+06,6.79999e+06,1.14995e+07,4.49625e+06,6.79999e+06,1.14995e+07,4.49528e+06,6.79999e+06,1.14994e+07,4.49406e+06,6.79999e+06,1.14993e+07,4.49253e+06,6.79999e+06,1.14992e+07,4.49059e+06,6.79999e+06,1.14991e+07,4.48817e+06,6.79999e+06,1.1499e+07,4.48511e+06,6.79999e+06,1.14988e+07,4.48128e+06,6.79999e+06,1.14987e+07,4.47646e+06,6.79999e+06,1.14985e+07,4.47041e+06,6.79999e+06,1.14983e+07,4.46281e+06,6.79999e+06,1.14981e+07,4.4533e+06,6.79999e+06,1.14979e+07,4.44138e+06,6.79999e+06,1.14976e+07,4.42649e+06,6.79999e+06,1.14972e+07,4.40789e+06,6.79999e+06,1.14969e+07,4.38471e+06,6.79999e+06,1.14965e+07,4.35592e+06,6.79999e+06,1.1496e+07,4.32027e+06,6.79999e+06,1.14955e+07,4.27629e+06,6.79999e+06,1.14949e+07,4.22231e+06,6.79999e+06,1.14942e+07,4.15647e+06,6.79999e+06,1.14934e+07,4.07676e+06,6.79999e+06,1.14926e+07,3.98112e+06,6.79999e+06,1.14916e+07,3.86765e+06,6.79999e+06,1.14905e+07,3.73474e+06,6.79999e+06,1.14892e+07,3.58148e+06,6.79999e+06,1.14878e+07,3.40785e+06,6.79999e+06,1.14862e+07,3.21513e+06,6.79999e+06,1.14844e+07,3.00605e+06,6.79999e+06,1.14823e+07,2.7848e+06,6.79999e+06,1.148e+07,2.5568e+06,6.79999e+06,1.14773e+07,2.32825e+06,6.79999e+06,13.5742,8.52444,0.508366,16.8306,13.2585,0.162638,20.0035,17.569,0.0507846,23.2616,22.4214,0.0158319,26.7328,28.3297,0.00493498,30.5212,35.6974,0.00153831,34.7178,44.9473,0.000479527,39.4086,56.5822,0.000149456,44.6796,71.2245,4.66214e-05,50.6209,89.6543,1.45419e-05,57.3297,112.852,4.54748e-06,64.9129,142.051,1.43857e-06,73.4897,178.803,4.36618e-07,83.1934,225.062,1.40153e-07,94.1745,283.286,4.96378e-08,106.602,356.568,1.05434e-07,120.669,448.799,-6.49244e-08,136.59,564.873,1.70148e-07,154.611,710.948,-5.34594e-08,175.008,894.767,1.63407e-07,198.097,1126.06,8.04804e-08,224.231,1417.07,1.14667e-07,253.813,1783.15,-1.71227e-07,287.297,2243.62,-2.88466e-07,325.198,2822.67,-4.33651e-07,368.098,3550.67,7.9318e-08,416.657,4465.65,3.13319e-07,471.621,5615.16,3.4613e-07,533.835,7058.61,-1.19199e-07,604.255,8870.02,-2.79964e-07,683.962,11141.4,-2.30521e-07,774.182,13986.7,-2.55099e-07,876.299,17546.4,1.23585e-07,991.883,21993.1,1.41192e-07,1122.71,27536.7,-9.71886e-08,1270.78,34430.7,-3.68368e-07,1438.38,42977.7,-3.45379e-07,1628.07,53532.7,-3.25328e-09,1842.77,66504.6,2.6362e-07,2085.77,82350.2,2.53445e-07,2360.79,101560,-2.47407e-08,2672.05,124632,-3.80602e-07,3024.31,152018,-4.79005e-07,3422.98,184060,-1.14379e-07,3874.15,220884,2.64297e-07,4384.72,262283,3.44131e-07,4962.49,307576,7.5349e-08,5616.29,355497,-3.63097e-07,6356.1,404126,-6.05442e-07,7193.18,450932,-2.72333e-07,8140.28,492963,2.29675e-07,9211.79,527178,4.3387e-07,10424,550893,-1.0711e-07,10.102,8.06553,2.81012,10.6436,8.57909,0.869423,11.5336,10.2515,0.270869,12.7211,12.7138,0.0844293,14.1823,15.9373,0.0263173,15.9122,20.0383,0.0082035,17.9198,25.2154,0.00255722,20.2244,31.7373,0.000797017,22.8539,39.9486,0.000248622,25.8438,50.2851,7.75492e-05,29.237,63.2963,2.42508e-05,33.0837,79.6738,7.67162e-06,37.4415,100.288,2.32837e-06,42.3767,126.236,7.33e-07,47.9646,158.896,2.79256e-07,54.2906,200.003,9.87351e-09,61.452,251.741,1.61085e-07,69.5585,316.859,-2.47141e-07,78.7347,398.812,8.93552e-08,89.1218,501.948,-2.53231e-07,100.879,631.736,-1.25047e-07,114.188,795.049,-1.78808e-07,129.252,1000.53,2.6733e-07,146.304,1259.03,4.50292e-07,165.605,1584.19,6.76904e-07,187.452,1993.12,-1.23808e-07,212.181,2507.27,-4.89068e-07,240.173,3153.54,-5.40284e-07,271.856,3965.56,1.86061e-07,307.719,4985.38,4.37004e-07,348.313,6265.4,3.59828e-07,394.26,7870.83,3.98192e-07,446.268,9882.51,-1.92908e-07,505.135,12400.3,-2.20392e-07,571.766,15546.9,1.51705e-07,647.184,19472.2,5.74996e-07,732.547,24357.4,5.39112e-07,829.167,30420,5.07815e-09,938.526,37916.3,-4.11492e-07,1062.3,47143.9,-3.9561e-07,1202.4,58439.2,3.86185e-08,1360.96,72169.3,5.94093e-07,1540.42,88715.8,7.47693e-07,1743.53,108445,1.78537e-07,1973.41,131665,-4.12549e-07,2233.57,158557,-5.37164e-07,2528,189103,-1.17615e-07,2861.2,222986,5.66769e-07,3238.27,259510,9.45053e-07,3664.97,297540,4.25093e-07,4147.81,335497,-3.58506e-07,4694.17,371444,-6.7724e-07,5312.37,403256,1.67192e-07,1.61744,3.89446,9.84394,3.28846,7.5504,12.774,5.07607,11.7187,13.6844,7.03202,16.8147,13.9681,9.20215,23.1769,14.0566,11.6301,31.1672,14.0841,14.3598,41.2186,14.0927,17.4376,53.8688,14.0954,20.9137,69.7915,14.0962,24.8432,89.8341,14.0965,29.2879,115.063,14.0966,34.3168,146.819,14.0966,40.0078,186.792,14.0966,46.4487,237.107,14.0966,53.7388,300.44,14.0966,61.9903,380.158,14.0966,71.3301,480.499,14.0966,81.902,606.796,14.0966,93.8685,765.761,14.0966,107.414,965.837,14.0966,122.746,1217.65,14.0966,140.101,1534.57,14.0966,159.745,1933.41,14.0966,181.981,2435.3,14.0966,207.15,3066.85,14.0966,235.64,3861.46,14.0966,267.889,4861.11,14.0966,304.391,6118.54,14.0966,345.709,7699.91,14.0966,392.478,9688.22,14.0966,445.417,12187.5,14.0966,505.339,15327.7,14.0966,573.165,19271.6,14.0966,649.938,24222,14.0966,736.839,30430.9,14.0966,835.202,38211.5,14.0966,946.539,47950.3,14.0966,1072.56,60122.8,14.0966,1215.21,75309.9,14.0966,1376.66,94216.2,14.0966,1559.41,117688,14.0966,1766.26,146729,14.0966,2000.39,182510,14.0966,2265.39,226372,14.0966,2565.33,279806,14.0966,2904.81,344416,14.0966,3289.05,421845,14.0966,3723.93,513667,14.0966,4216.13,621231,14.0966,4773.18,745478,14.0966,5403.64,886744,14.0966,6117.15,1.04457e+06,14.0966,6924.63,1.2176e+06,14.0966,11.7194,11.96,12.6541,13.9321,16.1295,13.6434,16.6097,21.9702,13.9553,19.7532,29.5285,14.0526,23.3844,39.1143,14.0829,27.5423,51.2054,14.0923,32.2796,66.434,14.0953,37.662,85.6061,14.0962,43.7675,109.74,14.0965,50.687,140.119,14.0966,58.5249,178.359,14.0966,67.4005,226.493,14.0966,77.4493,287.08,14.0966,88.8254,363.343,14.0966,101.703,459.336,14.0966,116.281,580.161,14.0966,132.782,732.241,14.0966,151.46,923.655,14.0966,172.603,1164.57,14.0966,196.535,1467.79,14.0966,223.625,1849.39,14.0966,254.288,2329.62,14.0966,288.997,2933.93,14.0966,328.285,3694.33,14.0966,372.755,4651.04,14.0966,423.092,5854.57,14.0966,480.07,7368.38,14.0966,544.564,9272.08,14.0966,617.566,11665.5,14.0966,700.197,14673.6,14.0966,793.729,18452.9,14.0966,899.599,23198.6,14.0966,1019.43,29154.1,14.0966,1155.07,36622.3,14.0966,1308.6,45977.9,14.0966,1482.39,57683.7,14.0966,1679.09,72307.8,14.0966,1901.73,90542.8,14.0966,2153.73,113226,14.0966,2438.97,141360,14.0966,2761.81,176127,14.0966,3127.22,218898,14.0966,3540.81,271226,14.0966,4008.92,334817,14.0966,4538.74,411470,14.0966,5138.38,502973,14.0966,5817.04,610948,14.0966,6585.12,736653,14.0966,7454.39,880741,14.0966,8438.15,1.04302e+06,14.0966,9551.45,1.22224e+06,14.0966,10811.3,1.41602e+06,14.0966,12237,1.62086e+06,14.0966,11.7194,11.96,12.6541,2.21263,4.16949,0.989383,2.67766,5.84076,0.311842,3.14343,7.55825,0.0972771,3.63127,9.58578,0.0303237,4.15787,12.0912,0.00945211,4.73731,15.2286,0.00294633,5.38238,19.1721,0.000918508,6.10553,24.134,0.000286163,6.91951,30.3791,8.92692e-05,7.83792,38.2397,2.78121e-05,8.87555,48.1338,8.65134e-06,10.0489,60.5876,2.7882e-06,11.3761,76.2629,8.29036e-07,12.8779,95.9927,2.4373e-07,14.5775,120.825,4.33068e-09,16.5012,152.08,1.75749e-07,18.6784,191.415,-1.86328e-07,21.1428,240.917,1.91829e-07,23.9322,303.213,-1.81475e-07,27.0895,381.602,7.0186e-08,30.6634,480.231,-2.86769e-08,34.7087,604.316,2.40784e-07,39.2876,760.401,9.87368e-08,44.4705,956.705,1.22263e-07,50.3371,1203.54,-4.31966e-07,56.9776,1513.81,-1.9705e-07,64.494,1903.69,-2.763e-08,73.0018,2393.4,3.9185e-07,82.6317,3008.13,1.35379e-07,93.5318,3779.25,-4.16351e-08,105.869,4745.7,2.06965e-08,119.834,5955.6,-3.18887e-07,135.641,7468.12,-1.48271e-08,153.531,9355.62,2.00739e-07,173.781,11705.8,2.28358e-07,196.701,14624.1,-1.93587e-08,222.642,18235,-2.88101e-07,252.003,22683.4,-2.24732e-07,285.234,28134,8.56806e-09,322.845,34767,2.34258e-07,365.413,42770.9,2.99668e-07,413.588,52327.9,8.28644e-08,468.111,63591.2,-3.07049e-07,529.814,76653.2,-3.1888e-07,599.642,91502.5,-6.72276e-08,678.662,107975,2.26339e-07,768.083,125705,3.69212e-07,869.267,144088,2.04077e-07,983.76,162277,-2.80509e-07,1113.3,179223,-4.22737e-07,1259.87,193777,-1.71951e-07,1425.68,204839,4.55555e-07,11.7194,11.96,12.6541,2.21263,4.16949,0.989383,2.67766,5.84076,0.311842,3.14343,7.55825,0.0972771,3.63127,9.58578,0.0303237,4.15787,12.0912,0.00945211,4.73731,15.2286,0.00294633,5.38238,19.1721,0.000918508,6.10553,24.134,0.000286163,6.91951,30.3791,8.92692e-05,7.83792,38.2397,2.78121e-05,8.87555,48.1338,8.65134e-06,10.0489,60.5876,2.7882e-06,11.3761,76.2629,8.29036e-07,12.8779,95.9927,2.4373e-07,14.5775,120.825,1e-08,16.5012,152.08,1.75749e-07,18.6784,191.415,1e-08,21.1428,240.917,1.91829e-07,23.9322,303.213,1e-08,27.0895,381.602,7.0186e-08,30.6634,480.231,1e-08,34.7087,604.316,2.40784e-07,39.2876,760.401,9.87368e-08,44.4705,956.705,1.22263e-07,50.3371,1203.54,1e-08,56.9776,1513.81,1e-08,64.494,1903.69,1e-08,73.0018,2393.4,3.9185e-07,82.6317,3008.13,1.35379e-07,93.5318,3779.25,1e-08,105.869,4745.7,2.06965e-08,119.834,5955.6,1e-08,135.641,7468.12,1e-08,153.531,9355.62,2.00739e-07,173.781,11705.8,2.28358e-07,196.701,14624.1,1e-08,222.642,18235,1e-08,252.003,22683.4,1e-08,285.234,28134,1e-08,322.845,34767,2.34258e-07,365.413,42770.9,2.99668e-07,413.588,52327.9,8.28644e-08,468.111,63591.2,1e-08,529.814,76653.2,1e-08,599.642,91502.5,1e-08,678.662,107975,2.26339e-07,768.083,125705,3.69212e-07,869.267,144088,2.04077e-07,983.76,162277,1e-08,1113.3,179223,1e-08,1259.87,193777,1e-08,1425.68,204839,4.55555e-07,6.2823,3.27286,2.43537,0.219672,6.18826,2.24117,0.56371,6.87772,2.63624,0.308279,9,18,10,1,1,1,0,6,1,3,5,1,4,4,0,3,16,0,5,31,0,3,20,0,10,34,0,10,28,0,3,20,0,4,77,0,15,85,0,5,60,0,13,138,0,10,127,0,24,307,0,20,164,0,21,480,0,26,255,0,52,530,0,17,846,0,31,568,0,24,549,0,39,1206,0,51,1322,0,93,1138,0,56,662,0,112,2604,0,109,5462,0,114,2697,0,122,2909,0,81,1317,0,90,7300,0,142,15261,0,134,20392,0,103,13952,0,200,9458,0,319,23549,0,334,26788,0,211,30415,0,405,27411,0,505,52712,0,322,24942,0,375,92300,0,773,105345,0,621,115109,0,581,95016,0,381,118088,0,804,215086,0,882,154608,0,2069,126441,0,1074,161450,0
-1.05176e+08,1,8.88811e-15,10,1023,0,1.05176e+08,0.528882,1.08665,0.389689,0.145397,0.379329,3.24381,0.161596,0.446195,1.77396,0.159177,1.15e+07,4.49998e+06,6.79999e+06,1.15e+07,4.49997e+06,6.79999e+06,1.15e+07,4.49996e+06,6.79999e+06,1.15e+07,4.49995e+06,6.79999e+06,1.14999e+07,4.49993e+06,6.79999e+06,1.14999e+07,4.49991e+06,6.79999e+06,1.14999e+07,4.49989e+06,6.79999e+06,1.14999e+07,4.49986e+06,6.79999e+06,1.14999e+07,4.49982e+06,6.79999e+06,1.14999e+07,4.49977e+06,6.79999e+06,1.14999e+07,4.49971e+06,6.79999e+06,1.14999e+07,4.49963e+06,6.79999e+06,1.14998e+07,4.49953e+06,6.79999e+06,1.14998e+07,4.49941e+06,6.79999e+06,1.14998e+07,4.49926e+06,6.79999e+06,1.14998e+07,4.49906e+06,6.79999e+06,1.14997e+07,4.49882e+06,6.79999e+06,1.14997e+07,4.49851e+06,6.79999e+06,1.14997e+07,4.49812e+06,6.79999e+06,1.14996e+07,4.49764e+06,6.79999e+06,1.14996e+07,4.49702e+06,6.79999e+06,1.14995e+07,4.49625e+06,6.79999e+06,1.14995e+07,4.49528e+06,6.79999e+06,1.14994e+07,4.49406e+06,6.79999e+06,1.14993e+07,4.49253e+06,6.79999e+06,1.14992e+07,4.49059e+06,6.79999e+06,1.14991e+07,4.48817e+06,6.79999e+06,1.1499e+07,4.48511e+06,6.79999e+06,1.14988e+07,4.48128e+06,6.79999e+06,1.14987e+07,4.47646e+06,6.79999e+06,1.14985e+07,4.47041e+06,6.79999e+06,1.14983e+07,4.46281e+06,6.79999e+06,1.14981e+07,4.4533e+06,6.79999e+06,1.14979e+07,4.44138e+06,6.79999e+06,1.14976e+07,4.42649e+06,6.79999e+06,1.14972e+07,4.40789e+06,6.79999e+06,1.14969e+07,4.38471e+06,6.79999e+06,1.14965e+07,4.35592e+06,6.79999e+06,1.1496e+07,4.32027e+06,6.79999e+06,1.14955e+07,4.27629e+06,6.79999e+06,1.14949e+07,4.22231e+06,6.79999e+06,1.14942e+07,4.15647e+06,6.79999e+06,1.14934e+07,4.07676e+06,6.79999e+06,1.14926e+07,3.98112e+06,6.79999e+06,1.14916e+07,3.86765e+06,6.79999e+06,1.14905e+07,3.73474e+06,6.79999e+06,1.14892e+07,3.58148e+06,6.79999e+06,1.14878e+07,3.40785e+06,6.79999e+06,1.14862e+07,3.21513e+06,6.79999e+06,1.14844e+07,3.00605e+06,6.79999e+06,1.14823e+07,2.7848e+06,6.79999e+06,1.148e+07,2.5568e+06,6.79999e+06,1.14773e+07,2.32825e+06,6.79999e+06,13.5742,8.52444,0.508366,16.8306,13.2585,0.162638,20.0035,17.569,0.0507846,23.2616,22.4214,0.0158319,26.7328,28.3297,0.00493498,30.5212,35.6974,0.00153831,34.7178,44.9473,0.000479527,39.4086,56.5822,0.000149456,44.6796,71.2245,4.66214e-05,50.6209,89.6543,1.45419e-05,57.3297,112.852,4.54748e-06,64.9129,142.051,1.43857e-06,73.4897,178.803,4.36618e-07,83.1934,225.062,1.40153e-07,94.1745,283.286,4.96378e-08,106.602,356.568,1.05434e-07,120.669,448.799,-6.49244e-08,136.59,564.873,1.70148e-07,154.611,710.948,-5.34594e-08,175.008,894.767,1.63407e-07,198.097,1126.06,8.04804e-08,224.231,1417.07,1.14667e-07,253.813,1783.15,-1.71227e-07,287.297,2243.62,-2.88466e-07,325.198,2822.67,-4.33651e-07,368.098,3550.67,7.9318e-08,416.657,4465.65,3.13319e-07,471.621,5615.16,3.4613e-07,533.835,7058.61,-1.19199e-07,604.255,8870.02,-2.79964e-07,683.962,11141.4,-2.30521e-07,774.182,13986.7,-2.55099e-07,876.299,17546.4,1.23585e-07,991.883,21993.1,1.41192e-07,1122.71,27536.7,-9.71886e-08,1270.78,34430.7,-3.68368e-07,1438.38,42977.7,-3.45379e-07,1628.07,53532.7,-3.25328e-09,1842.77,66504.6,2.6362e-07,2085.77,82350.2,2.53445e-07,2360.79,101560,-2.47407e-08,2672.05,124632,-3.80602e-07,3024.31,152018,-4.79005e-07,3422.98,184060,-1.14379e-07,3874.15,220884,2.64297e-07,4384.72,262283,3.44131e-07,4962.49,307576,7.5349e-08,5616.29,355497,-3.63097e-07,6356.1,404126,-6.05442e-07,7193.18,450932,-2.72333e-07,8140.28,492963,2.29675e-07,9211.79,527178,4.3387e-07,10424,550893,-1.0711e-07,10.102,8.06553,2.81012,10.6436,8.57909,0.869423,11.5336,10.2515,0.270869,12.7211,12.7138,0.0844293,14.1823,15.9373,0.0263173,15.9122,20.0383,0.0082035,17.9198,25.2154,0.00255722,20.2244,31.7373,0.000797017,22.8539,39.9486,0.000248622,25.8438,50.2851,7.75492e-05,29.237,63.2963,2.42508e-05,33.0837,79.6738,7.67162e-06,37.4415,100.288,2.32837e-06,42.3767,126.236,7.33e-07,47.9646,158.896,2.79256e-07,54.2906,200.003,9.87351e-09,61.452,251.741,1.61085e-07,69.5585,316.859,-2.47141e-07,78.7347,398.812,8.93552e-08,89.1218,501.948,-2.53231e-07,100.879,631.736,-1.25047e-07,114.188,795.049,-1.78808e-07,129.252,1000.53,2.6733e-07,146.304,1259.03,4.50292e-07,165.605,1584.19,6.76904e-07,187.452,1993.12,-1.23808e-07,212.181,2507.27,-4.89068e-07,240.173,3153.54,-5.40284e-07,271.856,3965.56,1.86061e-07,307.719,4985.38,4.37004e-07,348.313,6265.4,3.59828e-07,394.26,7870.83,3.98192e-07,446.268,9882.51,-1.92908e-07,505.135,12400.3,-2.20392e-07,571.766,15546.9,1.51705e-07,647.184,19472.2,5.74996e-07,732.547,24357.4,5.39112e-07,829.167,30420,5.07815e-09,938.526,37916.3,-4.11492e-07,1062.3,47143.9,-3.9561e-07,1202.4,58439.2,3.86185e-08,1360.96,72169.3,5.94093e-07,1540.42,88715.8,7.47693e-07,1743.53,108445,1.78537e-07,1973.41,131665,-4.12549e-07,2233.57,158557,-5.37164e-07,2528,189103,-1.17615e-07,2861.2,222986,5.66769e-07,3238.27,259510,9.45053e-07,3664.97,297540,4.25093e-07,4147.81,335497,-3.58506e-07,4694.17,371444,-6.7724e-07,5312.37,403256,1.67192e-07,1.61744,3.89446,9.84394,3.28846,7.5504,12.774,5.07607,11.7187,13.6844,7.03202,16.8147,13.9681,9.20215,23.1769,14.0566,11.6301,31.1672,14.0841,14.3598,41.2186,14.0927,17.4376,53.8688,14.0954,20.9137,69.7915,14.0962,24.8432,89.8341,14.0965,29.2879,115.063,14.0966,34.3168,146.819,14.0966,40.0078,186.792,14.0966,46.4487,237.107,14.0966,53.7388,300.44,14.0966,61.9903,380.158,14.0966,71.3301,480.499,14.0966,81.902,606.796,14.0966,93.8685,765.761,14.0966,107.414,965.837,14.0966,122.746,1217.65,14.0966,140.101,1534.57,14.0966,159.745,1933.41,14.0966,181.981,2435.3,14.0966,207.15,3066.85,14.0966,235.64,3861.46,14.0966,267.889,4861.11,14.0966,304.391,6118.54,14.0966,345.709,7699.91,14.0966,392.478,9688.22,14.0966,445.417,12187.5,14.0966,505.339,15327.7,14.0966,573.165,19271.6,14.0966,649.938,24222,14.0966,736.839,30430.9,14.0966,835.202,38211.5,14.0966,946.539,47950.3,14.0966,1072.56,60122.8,14.0966,1215.21,75309.9,14.0966,1376.66,94216.2,14.0966,1559.41,117688,14.0966,1766.26,146729,14.0966,2000.39,182510,14.0966,2265.39,226372,14.0966,2565.33,279806,14.0966,2904.81,344416,14.0966,3289.05,421845,14.0966,3723.93,513667,14.0966,4216.13,621231,14.0966,4773.18,745478,14.0966,5403.64,886744,14.0966,6117.15,1.04457e+06,14.0966,6924.63,1.2176e+06,14.0966,11.7194,11.96,12.6541,13.9321,16.1295,13.6434,16.6097,21.9702,13.9553,19.7532,29.5285,14.0526,23.3844,39.1143,14.0829,27.5423,51.2054,14.0923,32.2796,66.434,14.0953,37.662,85.6061,14.0962,43.7675,109.74,14.0965,50.687,140.119,14.0966,58.5249,178.359,14.0966,67.4005,226.493,14.0966,77.4493,287.08,14.0966,88.8254,363.343,14.0966,101.703,459.336,14.0966,116.281,580.161,14.0966,132.782,732.241,14.0966,151.46,923.655,14.0966,172.603,1164.57,14.0966,196.535,1467.79,14.0966,223.625,1849.39,14.0966,254.288,2329.62,14.0966,288.997,2933.93,14.0966,328.285,3694.33,14.0966,372.755,4651.04,14.0966,423.092,5854.57,14.0966,480.07,7368.38,14.0966,544.564,9272.08,14.0966,617.566,11665.5,14.0966,700.197,14673.6,14.0966,793.729,18452.9,14.0966,899.599,23198.6,14.0966,1019.43,29154.1,14.0966,1155.07,36622.3,14.0966,1308.6,45977.9,14.0966,1482.39,57683.7,14.0966,1679.09,72307.8,14.0966,1901.73,90542.8,14.0966,2153.73,113226,14.0966,2438.97,141360,14.0966,2761.81,176127,14.0966,3127.22,218898,14.0966,3540.81,271226,14.0966,4008.92,334817,14.0966,4538.74,411470,14.0966,5138.38,502973,14.0966,5817.04,610948,14.0966,6585.12,736653,14.0966,7454.39,880741,14.0966,8438.15,1.04302e+06,14.0966,9551.45,1.22224e+06,14.0966,10811.3,1.41602e+06,14.0966,12237,1.62086e+06,14.0966,11.7194,11.96,12.6541,2.21263,4.16949,0.989383,2.67766,5.84076,0.311842,3.14343,7.55825,0.0972771,3.63127,9.58578,0.0303237,4.15787,12.0912,0.00945211,4.73731,15.2286,0.00294633,5.38238,19.1721,0.000918508,6.10553,24.134,0.000286163,6.91951,30.3791,8.92692e-05,7.83792,38.2397,2.78121e-05,8.87555,48.1338,8.65134e-06,10.0489,60.5876,2.7882e-06,11.3761,76.2629,8.29036e-07,12.8779,95.9927,2.4373e-07,14.5775,120.825,4.33068e-09,16.5012,152.08,1.75749e-07,18.6784,191.415,-1.86328e-07,21.1428,240.917,1.91829e-07,23.9322,303.213,-1.81475e-07,27.0895,381.602,7.0186e-08,30.6634,480.231,-2.86769e-08,34.7087,604.316,2.40784e-07,39.2876,760.401,9.87368e-08,44.4705,956.705,1.22263e-07,50.3371,1203.54,-4.31966e-07,56.9776,1513.81,-1.9705e-07,64.494,1903.69,-2.763e-08,73.0018,2393.4,3.9185e-07,82.6317,3008.13,1.35379e-07,93.5318,3779.25,-4.16351e-08,105.869,4745.7,2.06965e-08,119.834,5955.6,-3.18887e-07,135.641,7468.12,-1.48271e-08,153.531,9355.62,2.00739e-07,173.781,11705.8,2.28358e-07,196.701,14624.1,-1.93587e-08,222.642,18235,-2.88101e-07,252.003,22683.4,-2.24732e-07,285.234,28134,8.56806e-09,322.845,34767,2.34258e-07,365.413,42770.9,2.99668e-07,413.588,52327.9,8.28644e-08,468.111,63591.2,-3.07049e-07,529.814,76653.2,-3.1888e-07,599.642,91502.5,-6.72276e-08,678.662,107975,2.26339e-07,768.083,125705,3.69212e-07,869.267,144088,2.04077e-07,983.76,162277,-2.80509e-07,1113.3,179223,-4.22737e-07,1259.87,193777,-1.71951e-07,1425.68,204839,4.55555e-07,11.7194,11.96,12.6541,2.21263,4.16949,0.989383,2.67766,5.84076,0.311842,3.14343,7.55825,0.0972771,3.63127,9.58578,0.0303237,4.15787,12.0912,0.00945211,4.73731,15.2286,0.00294633,5.38238,19.1721,0.000918508,6.10553,24.134,0.000286163,6.91951,30.3791,8.92692e-05,7.83792,38.2397,2.78121e-05,8.87555,48.1338,8.65134e-06,10.0489,60.5876,2.7882e-06,11.3761,76.2629,8.29036e-07,12.8779,95.9927,2.4373e-07,14.5775,120.825,1e-08,16.5012,152.08,1.75749e-07,18.6784,191.415,1e-08,21.1428,240.917,1.91829e-07,23.9322,303.213,1e-08,27.0895,381.602,7.0186e-08,30.6634,480.231,1e-08,34.7087,604.316,2.40784e-07,39.2876,760.401,9.87368e-08,44.4705,956.705,1.22263e-07,50.3371,1203.54,1e-08,56.9776,1513.81,1e-08,64.494,1903.69,1e-08,73.0018,2393.4,3.9185e-07,82.6317,3008.13,1.35379e-07,93.5318,3779.25,1e-08,105.869,4745.7,2.06965e-08,119.834,5955.6,1e-08,135.641,7468.12,1e-08,153.531,9355.62,2.00739e-07,173.781,11705.8,2.28358e-07,196.701,14624.1,1e-08,222.642,18235,1e-08,252.003,22683.4,1e-08,285.234,28134,1e-08,322.845,34767,2.34258e-07,365.413,42770.9,2.99668e-07,413.588,52327.9,8.28644e-08,468.111,63591.2,1e-08,529.814,76653.2,1e-08,599.642,91502.5,1e-08,678.662,107975,2.26339e-07,768.083,125705,3.69212e-07,869.267,144088,2.04077e-07,983.76,162277,1e-08,1113.3,179223,1e-08,1259.87,193777,1e-08,1425.68,204839,4.55555e-07,6.2823,3.27286,2.43537,0.219672,6.18826,2.24117,0.56371,6.87772,2.63624,0.308279,12,11,10,3,2,1,3,5,0,3,1,1,2,12,0,3,9,0,4,11,0,3,23,0,6,12,0,6,37,0,17,34,0,9,59,0,7,94,0,5,78,0,20,119,0,8,108,0,16,78,0,28,119,0,14,382,0,19,183,0,22,150,0,36,672,0,37,431,0,48,428,0,59,767,0,89,738,0,38,2331,0,56,1915,0,49,2288,0,24,2461,0,82,3514,0,109,3515,0,77,4671,0,173,8832,0,118,6511,0,205,8219,0,359,8027,0,195,28614,0,184,18914,0,483,24882,0,254,46180,0,426,15499,0,360,72350,0,541,47509,0,518,94765,0,536,118484,0,844,116401,0,771,140798,0,807,138262,0,1044,90943,0,1150,239839,0,1200,124747,0,535,251920,0
-1.05176e+08,1,8.88811e-15,10,1023,0,1.05176e+08,0.528882,1.08665,0.389689,0.145397,0.379329,3.24381,0.161596,0.446195,1.77396,0.159177,1.15e+07,4.49998e+06,6.79999e+06,1.15e+07,4.49997e+06,6.79999e+06,1.15e+07,4.49996e+06,6.79999e+06,1.15e+07,4.49995e+06,6.79999e+06,1.14999e+07,4.49993e+06,6.79999e+06,1.14999e+07,4.49991e+06,6.79999e+06,1.14999e+07,4.49989e+06,6.79999e+06,1.14999e+07,4.49986e+06,6.79999e+06,1.14999e+07,4.49982e+06,6.79999e+06,1.14999e+07,4.49977e+06,6.79999e+06,1.14999e+07,4.49971e+06,6.79999e+06,1.14999e+07,4.49963e+06,6.79999e+06,1.14998e+07,4.49953e+06,6.79999e+06,1.14998e+07,4.49941e+06,6.79999e+06,1.14998e+07,4.49926e+06,6.79999e+06,1.14998e+07,4.49906e+06,6.79999e+06,1.14997e+07,4.49882e+06,6.79999e+06,1.14997e+07,4.49851e+06,6.79999e+06,1.14997e+07,4.49812e+06,6.79999e+06,1.14996e+07,4.49764e+06,6.79999e+06,1.14996e+07,4.49702e+06,6.79999e+06,1.14995e+07,4.49625e+06,6.79999e+06,1.14995e+07,4.49528e+06,6.79999e+06,1.14994e+07,4.49406e+06,6.79999e+06,1.14993e+07,4.49253e+06,6.79999e+06,1.14992e+07,4.49059e+06,6.79999e+06,1.14991e+07,4.48817e+06,6.79999e+06,1.1499e+07,4.48511e+06,6.79999e+06,1.14988e+07,4.48128e+06,6.79999e+06,1.14987e+07,4.47646e+06,6.79999e+06,1.14985e+07,4.47041e+06,6.79999e+06,1.14983e+07,4.46281e+06,6.79999e+06,1.14981e+07,4.4533e+06,6.79999e+06,1.14979e+07,4.44138e+06,6.79999e+06,1.14976e+07,4.42649e+06,6.79999e+06,1.14972e+07,4.40789e+06,6.79999e+06,1.14969e+07,4.38471e+06,6.79999e+06,1.14965e+07,4.35592e+06,6.79999e+06,1.1496e+07,4.32027e+06,6.79999e+06,1.14955e+07,4.27629e+06,6.79999e+06,1.14949e+07,4.22231e+06,6.79999e+06,1.14942e+07,4.15647e+06,6.79999e+06,1.14934e+07,4.07676e+06,6.79999e+06,1.14926e+07,3.98112e+06,6.79999e+06,1.14916e+07,3.86765e+06,6.79999e+06,1.14905e+07,3.73474e+06,6.79999e+06,1.14892e+07,3.58148e+06,6.79999e+06,1.14878e+07,3.40785e+06,6.79999e+06,1.14862e+07,3.21513e+06,6.79999e+06,1.14844e+07,3.00605e+06,6.79999e+06,1.14823e+07,2.7848e+06,6.79999e+06,1.148e+07,2.5568e+06,6.79999e+06,1.14773e+07,2.32825e+06,6.79999e+06,13.5742,8.52444,0.508366,16.8306,13.2585,0.162638,20.0035,17.569,0.0507846,23.2616,22.4214,0.0158319,26.7328,28.3297,0.00493498,30.5212,35.6974,0.00153831,34.7178,44.9473,0.000479527,39.4086,56.5822,0.000149456,44.6796,71.2245,4.66214e-05,50.6209,89.6543,1.45419e-05,57.3297,112.852,4.54748e-06,64.9129,142.051,1.43857e-06,73.4897,178.803,4.36618e-07,83.1934,225.062,1.40153e-07,94.1745,283.286,4.96378e-08,106.602,356.568,1.05434e-07,120.669,448.799,-6.49244e-08,136.59,564.873,1.70148e-07,154.611,710.948,-5.34594e-08,175.008,894.767,1.63407e-07,198.097,1126.06,8.04804e-08,224.231,1417.07,1.14667e-07,253.813,1783.15,-1.71227e-07,287.297,2243.62,-2.88466e-07,325.198,2822.67,-4.33651e-07,368.098,3550.67,7.9318e-08,416.657,4465.65,3.13319e-07,471.621,5615.16,3.4613e-07,533.835,7058.61,-1.19199e-07,604.255,8870.02,-2.79964e-07,683.962,11141.4,-2.30521e-07,774.182,13986.7,-2.55099e-07,876.299,17546.4,1.23585e-07,991.883,21993.1,1.41192e-07,1122.71,27536.7,-9.71886e-08,1270.78,34430.7,-3.68368e-07,1438.38,42977.7,-3.45379e-07,1628.07,53532.7,-3.25328e-09,1842.77,66504.6,2.6362e-07,2085.77,82350.2,2.53445e-07,2360.79,101560,-2.47407e-08,2672.05,124632,-3.80602e-07,3024.31,152018,-4.79005e-07,3422.98,184060,-1.14379e-07,3874.15,220884,2.64297e-07,4384.72,262283,3.44131e-07,4962.49,307576,7.5349e-08,5616.29,355497,-3.63097e-07,6356.1,404126,-6.05442e-07,7193.18,450932,-2.72333e-07,8140.28,492963,2.29675e-07,9211.79,527178,4.3387e-07,10424,550893,-1.0711e-07,10.102,8.06553,2.81012,10.6436,8.57909,0.869423,11.5336,10.2515,0.270869,12.7211,12.7138,0.0844293,14.1823,15.9373,0.0263173,15.9122,20.0383,0.0082035,17.9198,25.2154,0.00255722,20.2244,31.7373,0.000797017,22.8539,39.9486,0.000248622,25.8438,50.2851,7.75492e-05,29.237,63.2963,2.42508e-05,33.0837,79.6738,7.67162e-06,37.4415,100.288,2.32837e-06,42.3767,126.236,7.33e-07,47.9646,158.896,2.79256e-07,54.2906,200.003,9.87351e-09,61.452,251.741,1.61085e-07,69.5585,316.859,-2.47141e-07,78.7347,398.812,8.93552e-08,89.1218,501.948,-2.53231e-07,100.879,631.736,-1.25047e-07,114.188,795.049,-1.78808e-07,129.252,1000.53,2.6733e-07,146.304,1259.03,4.50292e-07,165.605,1584.19,6.76904e-07,187.452,1993.12,-1.23808e-07,212.181,2507.27,-4.89068e-07,240.173,3153.54,-5.40284e-07,271.856,3965.56,1.86061e-07,307.719,4985.38,4.37004e-07,348.313,6265.4,3.59828e-07,394.26,7870.83,3.98192e-07,446.268,9882.51,-1.92908e-07,505.135,12400.3,-2.20392e-07,571.766,15546.9,1.51705e-07,647.184,19472.2,5.74996e-07,732.547,24357.4,5.39112e-07,829.167,30420,5.07815e-09,938.526,37916.3,-4.11492e-07,1062.3,47143.9,-3.9561e-07,1202.4,58439.2,3.86185e-08,1360.96,72169.3,5.94093e-07,1540.42,88715.8,7.47693e-07,1743.53,108445,1.78537e-07,1973.41,131665,-4.12549e-07,2233.57,158557,-5.37164e-07,2528,189103,-1.17615e-07,2861.2,222986,5.66769e-07,3238.27,259510,9.45053e-07,3664.97,297540,4.25093e-07,4147.81,335497,-3.58506e-07,4694.17,371444,-6.7724e-07,5312.37,403256,1.67192e-07,1.61744,3.89446,9.84394,3.28846,7.5504,12.774,5.07607,11.7187,13.6844,7.03202,16.8147,13.9681,9.20215,23.1769,14.0566,11.6301,31.1672,14.0841,14.3598,41.2186,14.0927,17.4376,53.8688,14.0954,20.9137,69.7915,14.0962,24.8432,89.8341,14.0965,29.2879,115.063,14.0966,34.3168,146.819,14.0966,40.0078,186.792,14.0966,46.4487,237.107,14.0966,53.7388,300.44,14.0966,61.9903,380.158,14.0966,71.3301,480.499,14.0966,81.902,606.796,14.0966,93.8685,765.761,14.0966,107.414,965.837,14.0966,122.746,1217.65,14.0966,140.101,1534.57,14.0966,159.745,1933.41,14.0966,181.981,2435.3,14.0966,207.15,3066.85,14.0966,235.64,3861.46,14.0966,267.889,4861.11,14.0966,304.391,6118.54,14.0966,345.709,7699.91,14.0966,392.478,9688.22,14.0966,445.417,12187.5,14.0966,505.339,15327.7,14.0966,573.165,19271.6,14.0966,649.938,24222,14.0966,736.839,30430.9,14.0966,835.202,38211.5,14.0966,946.539,47950.3,14.0966,1072.56,60122.8,14.0966,1215.21,75309.9,14.0966,1376.66,94216.2,14.0966,1559.41,117688,14.0966,1766.26,146729,14.0966,2000.39,182510,14.0966,2265.39,226372,14.0966,2565.33,279806,14.0966,2904.81,344416,14.0966,3289.05,421845,14.0966,3723.93,513667,14.0966,4216.13,621231,14.0966,4773.18,745478,14.0966,5403.64,886744,14.0966,6117.15,1.04457e+06,14.0966,6924.63,1.2176e+06,14.0966,11.7194,11.96,12.6541,13.9321,16.1295,13.6434,16.6097,21.9702,13.9553,19.7532,29.5285,14.0526,23.3844,39.1143,14.0829,27.5423,51.2054,14.0923,32.2796,66.434,14.0953,37.662,85.6061,14.0962,43.7675,109.74,14.0965,50.687,140.119,14.0966,58.5249,178.359,14.0966,67.4005,226.493,14.0966,77.4493,287.08,14.0966,88.8254,363.343,14.0966,101.703,459.336,14.0966,116.281,580.161,14.0966,132.782,732.241,14.0966,151.46,923.655,14.0966,172.603,1164.57,14.0966,196.535,1467.79,14.0966,223.625,1849.39,14.0966,254.288,2329.62,14.0966,288.997,2933.93,14.0966,328.285,3694.33,14.0966,372.755,4651.04,14.0966,423.092,5854.57,14.0966,480.07,7368.38,14.0966,544.564,9272.08,14.0966,617.566,11665.5,14.0966,700.197,14673.6,14.0966,793.729,18452.9,14.0966,899.599,23198.6,14.0966,1019.43,29154.1,14.0966,1155.07,36622.3,14.0966,1308.6,45977.9,14.0966,1482.39,57683.7,14.0966,1679.09,72307.8,14.0966,1901.73,90542.8,14.0966,2153.73,113226,14.0966,2438.97,141360,14.0966,2761.81,176127,14.0966,3127.22,218898,14.0966,3540.81,271226,14.0966,4008.92,334817,14.0966,4538.74,411470,14.0966,5138.38,502973,14.0966,5817.04,610948,14.0966,6585.12,736653,14.0966,7454.39,880741,14.0966,8438.15,1.04302e+06,14.0966,9551.45,1.22224e+06,14.0966,10811.3,1.41602e+06,14.0966,12237,1.62086e+06,14.0966,11.7194,11.96,12.6541,2.21263,4.16949,0.989383,2.67766,5.84076,0.311842,3.14343,7.55825,0.0972771,3.63127,9.58578,0.0303237,4.15787,12.0912,0.00945211,4.73731,15.2286,0.00294633,5.38238,19.1721,0.000918508,6.10553,24.134,0.000286163,6.91951,30.3791,8.92692e-05,7.83792,38.2397,2.78121e-05,8.87555,48.1338,8.65134e-06,10.0489,60.5876,2.7882e-06,11.3761,76.2629,8.29036e-07,12.8779,95.9927,2.4373e-07,14.5775,120.825,4.33068e-09,16.5012,152.08,1.75749e-07,18.6784,191.415,-1.86328e-07,21.1428,240.917,1.91829e-07,23.9322,303.213,-1.81475e-07,27.0895,381.602,7.0186e-08,30.6634,480.231,-2.86769e-08,34.7087,604.316,2.40784e-07,39.2876,760.401,9.87368e-08,44.4705,956.705,1.22263e-07,50.3371,1203.54,-4.31966e-07,56.9776,1513.81,-1.9705e-07,64.494,1903.69,-2.763e-08,73.0018,2393.4,3.9185e-07,82.6317,3008.13,1.35379e-07,93.5318,3779.25,-4.16351e-08,105.869,4745.7,2.06965e-08,119.834,5955.6,-3.18887e-07,135.641,7468.12,-1.48271e-08,153.531,9355.62,2.00739e-07,173.781,11705.8,2.28358e-07,196.701,14624.1,-1.93587e-08,222.642,18235,-2.88101e-07,252.003,22683.4,-2.24732e-07,285.234,28134,8.56806e-09,322.845,34767,2.34258e-07,365.413,42770.9,2.99668e-07,413.588,52327.9,8.28644e-08,468.111,63591.2,-3.07049e-07,529.814,76653.2,-3.1888e-07,599.642,91502.5,-6.72276e-08,678.662,107975,2.26339e-07,768.083,125705,3.69212e-07,869.267,144088,2.04077e-07,983.76,162277,-2.80509e-07,1113.3,179223,-4.22737e-07,1259.87,193777,-1.71951e-07,1425.68,204839,4.55555e-07,11.7194,11.96,12.6541,2.21263,4.16949,0.989383,2.67766,5.84076,0.311842,3.14343,7.55825,0.0972771,3.63127,9.58578,0.0303237,4.15787,12.0912,0.00945211,4.73731,15.2286,0.00294633,5.38238,19.1721,0.000918508,6.10553,24.134,0.000286163,6.91951,30.3791,8.92692e-05,7.83792,38.2397,2.78121e-05,8.87555,48.1338,8.65134e-06,10.0489,60.5876,2.7882e-06,11.3761,76.2629,8.29036e-07,12.8779,95.9927,2.4373e-07,14.5775,120.825,1e-08,16.5012,152.08,1.75749e-07,18.6784,191.415,1e-08,21.1428,240.917,1.91829e-07,23.9322,303.213,1e-08,27.0895,381.602,7.0186e-08,30.6634,480.231,1e-08,34.7087,604.316,2.40784e-07,39.2876,760.401,9.87368e-08,44.4705,956.705,1.22263e-07,50.3371,1203.54,1e-08,56.9776,1513.81,1e-08,64.494,1903.69,1e-08,73.0018,2393.4,3.9185e-07,82.6317,3008.13,1.35379e-07,93.5318,3779.25,1e-08,105.869,4745.7,2.06965e-08,119.834,5955.6,1e-08,135.641,7468.12,1e-08,153.531,9355.62,2.00739e-07,173.781,11705.8,2.28358e-07,196.701,14624.1,1e-08,222.642,18235,1e-08,252.003,22683.4,1e-08,285.234,28134,1e-08,322.845,34767,2.34258e-07,365.413,42770.9,2.99668e-07,413.588,52327.9,8.28644e-08,468.111,63591.2,1e-08,529.814,76653.2,1e-08,599.642,91502.5,1e-08,678.662,107975,2.26339e-07,768.083,125705,3.69212e-07,869.267,144088,2.04077e-07,983.76,162277,1e-08,1113.3,179223,1e-08,1259.87,193777,1e-08,1425.68,204839,4.55555e-07,6.2823,3.27286,2.43537,0.219672,6.18826,2.24117,0.56371,6.87772,2.63624,0.308279,22,14,10,4,6,1,4,6,0,7,6,0,1,14,0,4,12,0,11,19,0,9,14,0,9,18,0,10,42,0,13,54,0,2,21,0,10,46,0,1,55,0,11,99,0,14,83,0,7,153,0,36,246,0,44,242,0,25,365,0,16,252,0,27,376,0,42,407,0,41,562,0,46,1666,0,98,1980,0,99,519,0,106,1825,0,49,4347,0,83,2272,0,62,6028,0,208,3958,0,155,6027,0,157,4523,0,192,5988,0,289,11399,0,115,13812,0,306,22193,0,252,11334,0,703,23287,0,286,19870,0,391,22577,0,569,45192,0,165,32296,0,637,31188,0,527,40217,0,636,85521,0,641,177348,0,1145,195722,0,917,50339,0,1077,103254,0,933,164255,0,2793,255209,0
-1.05176e+08,1,8.88811e-15,10,1023,0,1.05176e+08,0.528882,1.08665,0.389689,0.145397,0.379329,3.24381,0.161596,0.446195,1.77396,0.159177,1.15e+07,4.49998e+06,6.79999e+06,1.15e+07,4.49997e+06,6.79999e+06,1.15e+07,4.49996e+06,6.79999e+06,1.15e+07,4.49995e+06,6.79999e+06,1.14999e+07,4.49993e+06,6.79999e+06,1.14999e+07,4.49991e+06,6.79999e+06,1.14999e+07,4.49989e+06,6.79999e+06,1.14999e+07,4.49986e+06,6.79999e+06,1.14999e+07,4.49982e+06,6.79999e+06,1.14999e+07,4.49977e+06,6.79999e+06,1.14999e+07,4.49971e+06,6.79999e+06,1.14999e+07,4.49963e+06,6.79999e+06,1.14998e+07,4.49953e+06,6.79999e+06,1.14998e+07,4.49941e+06,6.79999e+06,1.14998e+07,4.49926e+06,6.79999e+06,1.14998e+07,4.49906e+06,6.79999e+06,1.14997e+07,4.49882e+06,6.79999e+06,1.14997e+07,4.49851e+06,6.79999e+06,1.14997e+07,4.49812e+06,6.79999e+06,1.14996e+07,4.49764e+06,6.79999e+06,1.14996e+07,4.49702e+06,6.79999e+06,1.14995e+07,4.49625e+06,6.79999e+06,1.14995e+07,4.49528e+06,6.79999e+06,1.14994e+07,4.49406e+06,6.79999e+06,1.14993e+07,4.49253e+06,6.79999e+06,1.14992e+07,4.49059e+06,6.79999e+06,1.14991e+07,4.48817e+06,6.79999e+06,1.1499e+07,4.48511e+06,6.79999e+06,1.14988e+07,4.48128e+06,6.79999e+06,1.14987e+07,4.47646e+06,6.79999e+06,1.14985e+07,4.47041e+06,6.79999e+06,1.14983e+07,4.46281e+06,6.79999e+06,1.14981e+07,4.4533e+06,6.79999e+06,1.14979e+07,4.44138e+06,6.79999e+06,1.14976e+07,4.42649e+06,6.79999e+06,1.14972e+07,4.40789e+06,6.79999e+06,1.14969e+07,4.38471e+06,6.79999e+06,1.14965e+07,4.35592e+06,6.79999e+06,1.1496e+07,4.32027e+06,6.79999e+06,1.14955e+07,4.27629e+06,6.79999e+06,1.14949e+07,4.22231e+06,6.79999e+06,1.14942e+07,4.15647e+06,6.79999e+06,1.14934e+07,4.07676e+06,6.79999e+06,1.14926e+07,3.98112e+06,6.79999e+06,1.14916e+07,3.86765e+06,6.79999e+06,1.14905e+07,3.73474e+06,6.79999e+06,1.14892e+07,3.58148e+06,6.79999e+06,1.14878e+07,3.40785e+06,6.79999e+06,1.14862e+07,3.21513e+06,6.79999e+06,1.14844e+07,3.00605e+06,6.79999e+06,1.14823e+07,2.7848e+06,6.79999e+06,1.148e+07,2.5568e+06,6.79999e+06,1.14773e+07,2.32825e+06,6.79999e+06,13.5742,8.52444,0.508366,16.8306,13.2585,0.162638,20.0035,17.569,0.0507846,23.2616,22.4214,0.0158319,26.7328,28.3297,0.00493498,30.5212,35.6974,0.00153831,34.7178,44.9473,0.000479527,39.4086,56.5822,0.000149456,44.6796,71.2245,4.66214e-05,50.6209,89.6543,1.45419e-05,57.3297,112.852,4.54748e-06,64.9129,142.051,1.43857e-06,73.4897,178.803,4.36618e-07,83.1934,225.062,1.40153e-07,94.1745,283.286,4.96378e-08,106.602,356.568,1.05434e-07,120.669,448.799,-6.49244e-08,136.59,564.873,1.70148e-07,154.611,710.948,-5.34594e-08,175.008,894.767,1.63407e-07,198.097,1126.06,8.04804e-08,224.231,1417.07,1.14667e-07,253.813,1783.15,-1.71227e-07,287.297,2243.62,-2.88466e-07,325.198,2822.67,-4.33651e-07,368.098,3550.67,7.9318e-08,416.657,4465.65,3.13319e-07,471.621,5615.16,3.4613e-07,533.835,7058.61,-1.19199e-07,604.255,8870.02,-2.79964e-07,683.962,11141.4,-2.30521e-07,774.182,13986.7,-2.55099e-07,876.299,17546.4,1.23585e-07,991.883,21993.1,1.41192e-07,1122.71,27536.7,-9.71886e-08,1270.78,34430.7,-3.68368e-07,1438.38,42977.7,-3.45379e-07,1628.07,53532.7,-3.25328e-09,1842.77,66504.6,2.6362e-07,2085.77,82350.2,2.53445e-07,2360.79,101560,-2.47407e-08,2672.05,124632,-3.80602e-07,3024.31,152018,-4.79005e-07,3422.98,184060,-1.14379e-07,3874.15,220884,2.64297e-07,4384.72,262283,3.44131e-07,4962.49,307576,7.5349e-08,5616.29,355497,-3.63097e-07,6356.1,404126,-6.05442e-07,7193.18,450932,-2.72333e-07,8140.28,492963,2.29675e-07,9211.79,527178,4.3387e-07,10424,550893,-1.0711e-07,10.102,8.06553,2.81012,10.6436,8.57909,0.869423,11.5336,10.2515,0.270869,12.7211,12.7138,0.0844293,14.1823,15.9373,0.0263173,15.9122,20.0383,0.0082035,17.9198,25.2154,0.00255722,20.2244,31.7373,0.000797017,22.8539,39.9486,0.000248622,25.8438,50.2851,7.75492e-05,29.237,63.2963,2.42508e-05,33.0837,79.6738,7.67162e-06,37.4415,100.288,2.32837e-06,42.3767,126.236,7.33e-07,47.9646,158.896,2.79256e-07,54.2906,200.003,9.87351e-09,61.452,251.741,1.61085e-07,69.5585,316.859,-2.47141e-07,78.7347,398.812,8.93552e-08,89.1218,501.948,-2.53231e-07,100.879,631.736,-1.25047e-07,114.188,795.049,-1.78808e-07,129.252,1000.53,2.6733e-07,146.304,1259.03,4.50292e-07,165.605,1584.19,6.76904e-07,187.452,1993.12,-1.23808e-07,212.181,2507.27,-4.89068e-07,240.173,3153.54,-5.40284e-07,271.856,3965.56,1.86061e-07,307.719,4985.38,4.37004e-07,348.313,6265.4,3.59828e-07,394.26,7870.83,3.98192e-07,446.268,9882.51,-1.92908e-07,505.135,12400.3,-2.20392e-07,571.766,15546.9,1.51705e-07,647.184,19472.2,5.74996e-07,732.547,24357.4,5.39112e-07,829.167,30420,5.07815e-09,938.526,37916.3,-4.11492e-07,1062.3,47143.9,-3.9561e-07,1202.4,58439.2,3.86185e-08,1360.96,72169.3,5.94093e-07,1540.42,88715.8,7.47693e-07,1743.53,108445,1.78537e-07,1973.41,131665,-4.12549e-07,2233.57,158557,-5.37164e-07,2528,189103,-1.17615e-07,2861.2,222986,5.66769e-07,3238.27,259510,9.45053e-07,3664.97,297540,4.25093e-07,4147.81,335497,-3.58506e-07,4694.17,371444,-6.7724e-07,5312.37,403256,1.67192e-07,1.61744,3.89446,9.84394,3.28846,7.5504,12.774,5.07607,11.7187,13.6844,7.03202,16.8147,13.9681,9.20215,23.1769,14.0566,11.6301,31.1672,14.0841,14.3598,41.2186,14.0927,17.4376,53.8688,14.0954,20.9137,69.7915,14.0962,24.8432,89.8341,14.0965,29.2879,115.063,14.0966,34.3168,146.819,14.0966,40.0078,186.792,14.0966,46.4487,237.107,14.0966,53.7388,300.44,14.0966,61.9903,380.158,14.0966,71.3301,480.499,14.0966,81.902,606.796,14.0966,93.8685,765.761,14.0966,107.414,965.837,14.0966,122.746,1217.65,14.0966,140.101,1534.57,14.0966,159.745,1933.41,14.0966,181.981,2435.3,14.0966,207.15,3066.85,14.0966,235.64,3861.46,14.0966,267.889,4861.11,14.0966,304.391,6118.54,14.0966,345.709,7699.91,14.0966,392.478,9688.22,14.0966,445.417,12187.5,14.0966,505.339,15327.7,14.0966,573.165,19271.6,14.0966,649.938,24222,14.0966,736.839,30430.9,14.0966,835.202,38211.5,14.0966,946.539,47950.3,14.0966,1072.56,60122.8,14.0966,1215.21,75309.9,14.0966,1376.66,94216.2,14.0966,1559.41,117688,14.0966,1766.26,146729,14.0966,2000.39,182510,14.0966,2265.39,226372,14.0966,2565.33,279806,14.0966,2904.81,344416,14.0966,3289.05,421845,14.0966,3723.93,513667,14.0966,4216.13,621231,14.0966,4773.18,745478,14.0966,5403.64,886744,14.0966,6117.15,1.04457e+06,14.0966,6924.63,1.2176e+06,14.0966,11.7194,11.96,12.6541,13.9321,16.1295,13.6434,16.6097,21.9702,13.9553,19.7532,29.5285,14.0526,23.3844,39.1143,14.0829,27.5423,51.2054,14.0923,32.2796,66.434,14.0953,37.662,85.6061,14.0962,43.7675,109.74,14.0965,50.687,140.119,14.0966,58.5249,178.359,14.0966,67.4005,226.493,14.0966,77.4493,287.08,14.0966,88.8254,363.343,14.0966,101.703,459.336,14.0966,116.281,580.161,14.0966,132.782,732.241,14.0966,151.46,923.655,14.0966,172.603,1164.57,14.0966,196.535,1467.79,14.0966,223.625,1849.39,14.0966,254.288,2329.62,14.0966,288.997,2933.93,14.0966,328.285,3694.33,14.0966,372.755,4651.04,14.0966,423.092,5854.57,14.0966,480.07,7368.38,14.0966,544.564,9272.08,14.0966,617.566,11665.5,14.0966,700.197,14673.6,14.0966,793.729,18452.9,14.0966,899.599,23198.6,14.0966,1019.43,29154.1,14.0966,1155.07,36622.3,14.0966,1308.6,45977.9,14.0966,1482.39,57683.7,14.0966,1679.09,72307.8,14.0966,1901.73,90542.8,14.0966,2153.73,113226,14.0966,2438.97,141360,14.0966,2761.81,176127,14.0966,3127.22,218898,14.0966,3540.81,271226,14.0966,4008.92,334817,14.0966,4538.74,411470,14.0966,5138.38,502973,14.0966,5817.04,610948,14.0966,6585.12,736653,14.0966,7454.39,880741,14.0966,8438.15,1.04302e+06,14.0966,9551.45,1.22224e+06,14.0966,10811.3,1.41602e+06,14.0966,12237,1.62086e+06,14.0966,11.7194,11.96,12.6541,2.21263,4.16949,0.989383,2.67766,5.84076,0.311842,3.14343,7.55825,0.0972771,3.63127,9.58578,0.0303237,4.15787,12.0912,0.00945211,4.73731,15.2286,0.00294633,5.38238,19.1721,0.000918508,6.10553,24.134,0.000286163,6.91951,30.3791,8.92692e-05,7.83792,38.2397,2.78121e-05,8.87555,48.1338,8.65134e-06,10.0489,60.5876,2.7882e-06,11.3761,76.2629,8.29036e-07,12.8779,95.9927,2.4373e-07,14.5775,120.825,4.33068e-09,16.5012,152.08,1.75749e-07,18.6784,191.415,-1.86328e-07,21.1428,240.917,1.91829e-07,23.9322,303.213,-1.81475e-07,27.0895,381.602,7.0186e-08,30.6634,480.231,-2.86769e-08,34.7087,604.316,2.40784e-07,39.2876,760.401,9.87368e-08,44.4705,956.705,1.22263e-07,50.3371,1203.54,-4.31966e-07,56.9776,1513.81,-1.9705e-07,64.494,1903.69,-2.763e-08,73.0018,2393.4,3.9185e-07,82.6317,3008.13,1.35379e-07,93.5318,3779.25,-4.16351e-08,105.869,4745.7,2.06965e-08,119.834,5955.6,-3.18887e-07,135.641,7468.12,-1.48271e-08,153.531,9355.62,2.00739e-07,173.781,11705.8,2.28358e-07,196.701,14624.1,-1.93587e-08,222.642,18235,-2.88101e-07,252.003,22683.4,-2.24732e-07,285.234,28134,8.56806e-09,322.845,34767,2.34258e-07,365.413,42770.9,2.99668e-07,413.588,52327.9,8.28644e-08,468.111,63591.2,-3.07049e-07,529.814,76653.2,-3.1888e-07,599.642,91502.5,-6.72276e-08,678.662,107975,2.26339e-07,768.083,125705,3.69212e-07,869.267,144088,2.04077e-07,983.76,162277,-2.80509e-07,1113.3,179223,-4.22737e-07,1259.87,193777,-1.71951e-07,1425.68,204839,4.55555e-07,11.7194,11.96,12.6541,2.21263,4.16949,0.989383,2.67766,5.84076,0.311842,3.14343,7.55825,0.0972771,3.63127,9.58578,0.0303237,4.15787,12.0912,0.00945211,4.73731,15.2286,0.00294633,5.38238,19.1721,0.000918508,6.10553,24.134,0.000286163,6.91951,30.3791,8.92692e-05,7.83792,38.2397,2.78121e-05,8.87555,48.1338,8.65134e-06,10.0489,60.5876,2.7882e-06,11.3761,76.2629,8.29036e-07,12.8779,95.9927,2.4373e-07,14.5775,120.825,1e-08,16.5012,152.08,1.75749e-07,18.6784,191.415,1e-08,21.1428,240.917,1.91829e-07,23.9322,303.213,1e-08,27.0895,381.602,7.0186e-08,30.6634,480.231,1e-08,34.7087,604.316,2.40784e-07,39.2876,760.401,9.87368e-08,44.4705,956.705,1.22263e-07,50.3371,1203.54,1e-08,56.9776,1513.81,1e-08,64.494,1903.69,1e-08,73.0018,2393.4,3.9185e-07,82.6317,3008.13,1.35379e-07,93.5318,3779.25,1e-08,105.869,4745.7,2.06965e-08,119.834,5955.6,1e-08,135.641,7468.12,1e-08,153.531,9355.62,2.00739e-07,173.781,11705.8,2.28358e-07,196.701,14624.1,1e-08,222.642,18235,1e-08,252.003,22683.4,1e-08,285.234,28134,1e-08,322.845,34767,2.34258e-07,365.413,42770.9,2.99668e-07,413.588,52327.9,8.28644e-08,468.111,63591.2,1e-08,529.814,76653.2,1e-08,599.642,91502.5,1e-08,678.662,107975,2.26339e-07,768.083,125705,3.69212e-07,869.267,144088,2.04077e-07,983.76,162277,1e-08,1113.3,179223,1e-08,1259.87,193777,1e-08,1425.68,204839,4.55555e-07,6.2823,3.27286,2.43537,0.219672,6.18826,2.24117,0.56371,6.87772,2.63624,0.308279,11,23,9,2,2,0,8,7,0,6,10,0,0,8,0,5,9,0,5,6,0,2,28,0,7,21,0,3,17,0,4,51,0,9,41,0,14,60,0,6,43,0,11,89,0,11,179,0,27,202,0,13,310,0,19,153,0,30,178,0,27,285,0,27,507,0,35,486,0,65,1175,0,16,621,0,64,625,0,44,1898,0,74,1159,0,39,2170,0,81,2733,0,96,2452,0,128,9824,0,110,4026,0,122,8586,0,118,11168,0,163,10465,0,127,20157,0,189,12203,0,164,17536,0,317,36106,0,383,26398,0,461,33709,0,320,65993,0,363,73720,0,462,70204,0,405,46460,0,267,112116,0,694,87008,0,966,234097,0,2148,182324,0,795,202648,0,804,136163,0,1492,210418,0
-1.05176e+08,1,8.88811e-15,10,1023,0,1.05176e+08,0.528882,1.08665,0.389689,0.145397,0.379329,3.24381,0.161596,0.446195,1.77396,0.159177,1.15e+07,4.49998e+06,6.79999e+06,1.15e+07,4.49997e+06,6.79999e+06,1.15e+07,4.49996e+06,6.79999e+06,1.15e+07,4.49995e+06,6.79999e+06,1.14999e+07,4.49993e+06,6.79999e+06,1.14999e+07,4.49991e+06,6.79999e+06,1.14999e+07,4.49989e+06,6.79999e+06,1.14999e+07,4.49986e+06,6.79999e+06,1.14999e+07,4.49982e+06,6.79999e+06,1.14999e+07,4.49977e+06,6.79999e+06,1.14999e+07,4.49971e+06,6.79999e+06,1.14999e+07,4.49963e+06,6.79999e+06,1.14998e+07,4.49953e+06,6.79999e+06,1.14998e+07,4.49941e+06,6.79999e+06,1.14998e+07,4.49926e+06,6.79999e+06,1.14998e+07,4.49906e+06,6.79999e+06,1.14997e+07,4.49882e+06,6.79999e+06,1.14997e+07,4.49851e+06,6.79999e+06,1.14997e+07,4.49812e+06,6.79999e+06,1.14996e+07,4.49764e+06,6.79999e+06,1.14996e+07,4.49702e+06,6.79999e+06,1.14995e+07,4.49625e+06,6.79999e+06,1.14995e+07,4.49528e+06,6.79999e+06,1.14994e+07,4.49406e+06,6.79999e+06,1.14993e+07,4.49253e+06,6.79999e+06,1.14992e+07,4.49059e+06,6.79999e+06,1.14991e+07,4.48817e+06,6.79999e+06,1.1499e+07,4.48511e+06,6.79999e+06,1.14988e+07,4.48128e+06,6.79999e+06,1.14987e+07,4.47646e+06,6.79999e+06,1.14985e+07,4.47041e+06,6.79999e+06,1.14983e+07,4.46281e+06,6.79999e+06,1.14981e+07,4.4533e+06,6.79999e+06,1.14979e+07,4.44138e+06,6.79999e+06,1.14976e+07,4.42649e+06,6.79999e+06,1.14972e+07,4.40789e+06,6.79999e+06,1.14969e+07,4.38471e+06,6.79999e+06,1.14965e+07,4.35592e+06,6.79999e+06,1.1496e+07,4.32027e+06,6.79999e+06,1.14955e+07,4.27629e+06,6.79999e+06,1.14949e+07,4.22231e+06,6.79999e+06,1.14942e+07,4.15647e+06,6.79999e+06,1.14934e+07,4.07676e+06,6.79999e+06,1.14926e+07,3.98112e+06,6.79999e+06,1.14916e+07,3.86765e+06,6.79999e+06,1.14905e+07,3.73474e+06,6.79999e+06,1.14892e+07,3.58148e+06,6.79999e+06,1.14878e+07,3.40785e+06,6.79999e+06,1.14862e+07,3.21513e+06,6.79999e+06,1.14844e+07,3.00605e+06,6.79999e+06,1.14823e+07,2.7848e+06,6.79999e+06,1.148e+07,2.5568e+06,6.79999e+06,1.14773e+07,2.32825e+06,6.79999e+06,13.5742,8.52444,0.508366,16.8306,13.2585,0.162638,20.0035,17.569,0.0507846,23.2616,22.4214,0.0158319,26.7328,28.3297,0.00493498,30.5212,35.6974,0.00153831,34.7178,44.9473,0.000479527,39.4086,56.5822,0.000149456,44.6796,71.2245,4.66214e-05,50.6209,89.6543,1.45419e-05,57.3297,112.852,4.54748e-06,64.9129,142.051,1.43857e-06,73.4897,178.803,4.36618e-07,83.1934,225.062,1.40153e-07,94.1745,283.286,4.96378e-08,106.602,356.568,1.05434e-07,120.669,448.799,-6.49244e-08,136.59,564.873,1.70148e-07,154.611,710.948,-5.34594e-08,175.008,894.767,1.63407e-07,198.097,1126.06,8.04804e-08,224.231,1417.07,1.14667e-07,253.813,1783.15,-1.71227e-07,287.297,2243.62,-2.88466e-07,325.198,2822.67,-4.33651e-07,368.098,3550.67,7.9318e-08,416.657,4465.65,3.13319e-07,471.621,5615.16,3.4613e-07,533.835,7058.61,-1.19199e-07,604.255,8870.02,-2.79964e-07,683.962,11141.4,-2.30521e-07,774.182,13986.7,-2.55099e-07,876.299,17546.4,1.23585e-07,991.883,21993.1,1.41192e-07,1122.71,27536.7,-9.71886e-08,1270.78,34430.7,-3.68368e-07,1438.38,42977.7,-3.45379e-07,1628.07,53532.7,-3.25328e-09,1842.77,66504.6,2.6362e-07,2085.77,82350.2,2.53445e-07,2360.79,101560,-2.47407e-08,2672.05,124632,-3.80602e-07,3024.31,152018,-4.79005e-07,3422.98,184060,-1.14379e-07,3874.15,220884,2.64297e-07,4384.72,262283,3.44131e-07,4962.49,307576,7.5349e-08,5616.29,355497,-3.63097e-07,6356.1,404126,-6.05442e-07,7193.18,450932,-2.72333e-07,8140.28,492963,2.29675e-07,9211.79,527178,4.3387e-07,10424,550893,-1.0711e-07,10.102,8.06553,2.81012,10.6436,8.57909,0.869423,11.5336,10.2515,0.270869,12.7211,12.7138,0.0844293,14.1823,15.9373,0.0263173,15.9122,20.0383,0.0082035,17.9198,25.2154,0.00255722,20.2244,31.7373,0.000797017,22.8539,39.9486,0.000248622,25.8438,50.2851,7.75492e-05,29.237,63.2963,2.42508e-05,33.0837,79.6738,7.67162e-06,37.4415,100.288,2.32837e-06,42.3767,126.236,7.33e-07,47.9646,158.896,2.79256e-07,54.2906,200.003,9.87351e-09,61.452,251.741,1.61085e-07,69.5585,316.859,-2.47141e-07,78.7347,398.812,8.93552e-08,89.1218,501.948,-2.53231e-07,100.879,631.736,-1.25047e-07,114.188,795.049,-1.78808e-07,129.252,1000.53,2.6733e-07,146.304,1259.03,4.50292e-07,165.605,1584.19,6.76904e-07,187.452,1993.12,-1.23808e-07,212.181,2507.27,-4.89068e-07,240.173,3153.54,-5.40284e-07,271.856,3965.56,1.86061e-07,307.719,4985.38,4.37004e-07,348.313,6265.4,3.59828e-07,394.26,7870.83,3.98192e-07,446.268,9882.51,-1.92908e-07,505.135,12400.3,-2.20392e-07,571.766,15546.9,1.51705e-07,647.184,19472.2,5.74996e-07,732.547,24357.4,5.39112e-07,829.167,30420,5.07815e-09,938.526,37916.3,-4.11492e-07,1062.3,47143.9,-3.9561e-07,1202.4,58439.2,3.86185e-08,1360.96,72169.3,5.94093e-07,1540.42,88715.8,7.47693e-07,1743.53,108445,1.78537e-07,1973.41,131665,-4.12549e-07,2233.57,158557,-5.37164e-07,2528,189103,-1.17615e-07,2861.2,222986,5.66769e-07,3238.27,259510,9.45053e-07,3664.97,297540,4.25093e-07,4147.81,335497,-3.58506e-07,4694.17,371444,-6.7724e-07,5312.37,403256,1.67192e-07,1.61744,3.89446,9.84394,3.28846,7.5504,12.774,5.07607,11.7187,13.6844,7.03202,16.8147,13.9681,9.20215,23.1769,14.0566,11.6301,31.1672,14.0841,14.3598,41.2186,14.0927,17.4376,53.8688,14.0954,20.9137,69.7915,14.0962,24.8432,89.8341,14.0965,29.2879,115.063,14.0966,34.3168,146.819,14.0966,40.0078,186.792,14.0966,46.4487,237.107,14.0966,53.7388,300.44,14.0966,61.9903,380.158,14.0966,71.3301,480.499,14.0966,81.902,606.796,14.0966,93.8685,765.761,14.0966,107.414,965.837,14.0966,122.746,1217.65,14.0966,140.101,1534.57,14.0966,159.745,1933.41,14.0966,181.981,2435.3,14.0966,207.15,3066.85,14.0966,235.64,3861.46,14.0966,267.889,4861.11,14.0966,304.391,6118.54,14.0966,345.709,7699.91,14.0966,392.478,9688.22,14.0966,445.417,12187.5,14.0966,505.339,15327.7,14.0966,573.165,19271.6,14.0966,649.938,24222,14.0966,736.839,30430.9,14.0966,835.202,38211.5,14.0966,946.539,47950.3,14.0966,1072.56,60122.8,14.0966,1215.21,75309.9,14.0966,1376.66,94216.2,14.0966,1559.41,117688,14.0966,1766.26,146729,14.0966,2000.39,182510,14.0966,2265.39,226372,14.0966,2565.33,279806,14.0966,2904.81,344416,14.0966,3289.05,421845,14.0966,3723.93,513667,14.0966,4216.13,621231,14.0966,4773.18,745478,14.0966,5403.64,886744,14.0966,6117.15,1.04457e+06,14.0966,6924.63,1.2176e+06,14.0966,11.7194,11.96,12.6541,13.9321,16.1295,13.6434,16.6097,21.9702,13.9553,19.7532,29.5285,14.0526,23.3844,39.1143,14.0829,27.5423,51.2054,14.0923,32.2796,66.434,14.0953,37.662,85.6061,14.0962,43.7675,109.74,14.0965,50.687,140.119,14.0966,58.5249,178.359,14.0966,67.4005,226.493,14.0966,77.4493,287.08,14.0966,88.8254,363.343,14.0966,101.703,459.336,14.0966,116.281,580.161,14.0966,132.782,732.241,14.0966,151.46,923.655,14.0966,172.603,1164.57,14.0966,196.535,1467.79,14.0966,223.625,1849.39,14.0966,254.288,2329.62,14.0966,288.997,2933.93,14.0966,328.285,3694.33,14.0966,372.755,4651.04,14.0966,423.092,5854.57,14.0966,480.07,7368.38,14.0966,544.564,9272.08,14.0966,617.566,11665.5,14.0966,700.197,14673.6,14.0966,793.729,18452.9,14.0966,899.599,23198.6,14.0966,1019.43,29154.1,14.0966,1155.07,36622.3,14.0966,1308.6,45977.9,14.0966,1482.39,57683.7,14.0966,1679.09,72307.8,14.0966,1901.73,90542.8,14.0966,2153.73,113226,14.0966,2438.97,141360,14.0966,2761.81,176127,14.0966,3127.22,218898,14.0966,3540.81,271226,14.0966,4008.92,334817,14.0966,4538.74,411470,14.0966,5138.38,502973,14.0966,5817.04,610948,14.0966,6585.12,736653,14.0966,7454.39,880741,14.0966,8438.15,1.04302e+06,14.0966,9551.45,1.22224e+06,14.0966,10811.3,1.41602e+06,14.0966,12237,1.62086e+06,14.0966,11.7194,11.96,12.6541,2.21263,4.16949,0.989383,2.67766,5.84076,0.311842,3.14343,7.55825,0.0972771,3.63127,9.58578,0.0303237,4.15787,12.0912,0.00945211,4.73731,15.2286,0.00294633,5.38238,19.1721,0.000918508,6.10553,24.134,0.000286163,6.91951,30.3791,8.92692e-05,7.83792,38.2397,2.78121e-05,8.87555,48.1338,8.65134e-06,10.0489,60.5876,2.7882e-06,11.3761,76.2629,8.29036e-07,12.8779,95.9927,2.4373e-07,14.5775,120.825,4.33068e-09,16.5012,152.08,1.75749e-07,18.6784,191.415,-1.86328e-07,21.1428,240.917,1.91829e-07,23.9322,303.213,-1.81475e-07,27.0895,381.602,7.0186e-08,30.6634,480.231,-2.86769e-08,34.7087,604.316,2.40784e-07,39.2876,760.401,9.87368e-08,44.4705,956.705,1.22263e-07,50.3371,1203.54,-4.31966e-07,56.9776,1513.81,-1.9705e-07,64.494,1903.69,-2.763e-08,73.0018,2393.4,3.9185e-07,82.6317,3008.13,1.35379e-07,93.5318,3779.25,-4.16351e-08,105.869,4745.7,2.06965e-08,119.834,5955.6,-3.18887e-07,135.641,7468.12,-1.48271e-08,153.531,9355.62,2.00739e-07,173.781,11705.8,2.28358e-07,196.701,14624.1,-1.93587e-08,222.642,18235,-2.88101e-07,252.003,22683.4,-2.24732e-07,285.234,28134,8.56806e-09,322.845,34767,2.34258e-07,365.413,42770.9,2.99668e-07,413.588,52327.9,8.28644e-08,468.111,63591.2,-3.07049e-07,529.814,76653.2,-3.1888e-07,599.642,91502.5,-6.72276e-08,678.662,107975,2.26339e-07,768.083,125705,3.69212e-07,869.267,144088,2.04077e-07,983.76,162277,-2.80509e-07,1113.3,179223,-4.22737e-07,1259.87,193777,-1.71951e-07,1425.68,204839,4.55555e-07,11.7194,11.96,12.6541,2.21263,4.16949,0.989383,2.67766,5.84076,0.311842,3.14343,7.55825,0.0972771,3.63127,9.58578,0.0303237,4.15787,12.0912,0.00945211,4.73731,15.2286,0.00294633,5.38238,19.1721,0.000918508,6.10553,24.134,0.000286163,6.91951,30.3791,8.92692e-05,7.83792,38.2397,2.78121e-05,8.87555,48.1338,8.65134e-06,10.0489,60.5876,2.7882e-06,11.3761,76.2629,8.29036e-07,12.8779,95.9927,2.4373e-07,14.5775,120.825,1e-08,16.5012,152.08,1.75749e-07,18.6784,191.415,1e-08,21.1428,240.917,1.91829e-07,23.9322,303.213,1e-08,27.0895,381.602,7.0186e-08,30.6634,480.231,1e-08,34.7087,604.316,2.40784e-07,39.2876,760.401,9.87368e-08,44.4705,956.705,1.22263e-07,50.3371,1203.54,1e-08,56.9776,1513.81,1e-08,64.494,1903.69,1e-08,73.0018,2393.4,3.9185e-07,82.6317,3008.13,1.35379e-07,93.5318,3779.25,1e-08,105.869,4745.7,2.06965e-08,119.834,5955.6,1e-08,135.641,7468.12,1e-08,153.531,9355.62,2.00739e-07,173.781,11705.8,2.28358e-07,196.701,14624.1,1e-08,222.642,18235,1e-08,252.003,22683.4,1e-08,285.234,28134,1e-08,322.845,34767,2.34258e-07,365.413,42770.9,2.99668e-07,413.588,52327.9,8.28644e-08,468.111,63591.2,1e-08,529.814,76653.2,1e-08,599.642,91502.5,1e-08,678.662,107975,2.26339e-07,768.083,125705,3.69212e-07,869.267,144088,2.04077e-07,983.76,162277,1e-08,1113.3,179223,1e-08,1259.87,193777,1e-08,1425.68,204839,4.55555e-07,6.2823,3.27286,2.43537,0.219672,6.18826,2.24117,0.56371,6.87772,2.63624,0.308279,8,8,13,0,13,1,2,6,1,2,8,0,2,12,0,11,7,0,3,10,0,4,51,0,1,9,0,16,31,0,2,60,0,11,62,0,13,40,0,6,96,0,9,82,0,18,133,0,11,200,0,14,99,0,19,178,0,21,148,0,13,137,0,14,451,0,46,355,0,35,659,0,41,1270,0,90,1412,0,87,2215,0,91,2349,0,122,2190,0,152,3099,0,56,3336,0,163,5866,0,38,7898,0,134,8535,0,128,7501,0,244,8559,0,459,12879,0,99,20839,0,379,28403,0,445,29216,0,316,50130,0,309,48436,0,153,48135,0,316,36362,0,408,36849,0,448,119581,0,927,91037,0,663,144257,0,905,104126,0,1082,82034,0,1251,128182,0,1990,242136,0,1558,209090,0
-1.05176e+08,1,8.88811e-15,10,1023,0,1.05176e+08,0.528882,1.08665,0.389689,0.145397,0.379329,3.24381,0.161596,0.446195,1.77396,0.159177,1.15e+07,4.49998e+06,6.79999e+06,1.15e+07,4.49997e+06,6.79999e+06,1.15e+07,4.49996e+06,6.79999e+06,1.15e+07,4.49995e+06,6.79999e+06,1.14999e+07,4.49993e+06,6.79999e+06,1.14999e+07,4.49991e+06,6.79999e+06,1.14999e+07,4.49989e+06,6.79999e+06,1.14999e+07,4.49986e+06,6.79999e+06,1.14999e+07,4.49982e+06,6.79999e+06,1.14999e+07,4.49977e+06,6.79999e+06,1.14999e+07,4.49971e+06,6.79999e+06,1.14999e+07,4.49963e+06,6.79999e+06,1.14998e+07,4.49953e+06,6.79999e+06,1.14998e+07,4.49941e+06,6.79999e+06,1.14998e+07,4.49926e+06,6.79999e+06,1.14998e+07,4.49906e+06,6.79999e+06,1.14997e+07,4.49882e+06,6.79999e+06,1.14997e+07,4.49851e+06,6.79999e+06,1.14997e+07,4.49812e+06,6.79999e+06,1.14996e+07,4.49764e+06,6.79999e+06,1.14996e+07,4.49702e+06,6.79999e+06,1.14995e+07,4.49625e+06,6.79999e+06,1.14995e+07,4.49528e+06,6.79999e+06,1.14994e+07,4.49406e+06,6.79999e+06,1.14993e+07,4.49253e+06,6.79999e+06,1.14992e+07,4.49059e+06,6.79999e+06,1.14991e+07,4.48817e+06,6.79999e+06,1.1499e+07,4.48511e+06,6.79999e+06,1.14988e+07,4.48128e+06,6.79999e+06,1.14987e+07,4.47646e+06,6.79999e+06,1.14985e+07,4.47041e+06,6.79999e+06,1.14983e+07,4.46281e+06,6.79999e+06,1.14981e+07,4.4533e+06,6.79999e+06,1.14979e+07,4.44138e+06,6.79999e+06,1.14976e+07,4.42649e+06,6.79999e+06,1.14972e+07,4.40789e+06,6.79999e+06,1.14969e+07,4.38471e+06,6.79999e+06,1.14965e+07,4.35592e+06,6.79999e+06,1.1496e+07,4.32027e+06,6.79999e+06,1.14955e+07,4.27629e+06,6.79999e+06,1.14949e+07,4.22231e+06,6.79999e+06,1.14942e+07,4.15647e+06,6.79999e+06,1.14934e+07,4.07676e+06,6.79999e+06,1.14926e+07,3.98112e+06,6.79999e+06,1.14916e+07,3.86765e+06,6.79999e+06,1.14905e+07,3.73474e+06,6.79999e+06,1.14892e+07,3.58148e+06,6.79999e+06,1.14878e+07,3.40785e+06,6.79999e+06,1.14862e+07,3.21513e+06,6.79999e+06,1.14844e+07,3.00605e+06,6.79999e+06,1.14823e+07,2.7848e+06,6.79999e+06,1.148e+07,2.5568e+06,6.79999e+06,1.14773e+07,2.32825e+06,6.79999e+06,13.5742,8.52444,0.508366,16.8306,13.2585,0.162638,20.0035,17.569,0.0507846,23.2616,22.4214,0.0158319,26.7328,28.3297,0.00493498,30.5212,35.6974,0.00153831,34.7178,44.9473,0.000479527,39.4086,56.5822,0.000149456,44.6796,71.2245,4.66214e-05,50.6209,89.6543,1.45419e-05,57.3297,112.852,4.54748e-06,64.9129,142.051,1.43857e-06,73.4897,178.803,4.36618e-07,83.1934,225.062,1.40153e-07,94.1745,283.286,4.96378e-08,106.602,356.568,1.05434e-07,120.669,448.799,-6.49244e-08,136.59,564.873,1.70148e-07,154.611,710.948,-5.34594e-08,175.008,894.767,1.63407e-07,198.097,1126.06,8.04804e-08,224.231,1417.07,1.14667e-07,253.813,1783.15,-1.71227e-07,287.297,2243.62,-2.88466e-07,325.198,2822.67,-4.33651e-07,368.098,3550.67,7.9318e-08,416.657,4465.65,3.13319e-07,471.621,5615.16,3.4613e-07,533.835,7058.61,-1.19199e-07,604.255,8870.02,-2.79964e-07,683.962,11141.4,-2.30521e-07,774.182,13986.7,-2.55099e-07,876.299,17546.4,1.23585e-07,991.883,21993.1,1.41192e-07,1122.71,27536.7,-9.71886e-08,1270.78,34430.7,-3.68368e-07,1438.38,42977.7,-3.45379e-07,1628.07,53532.7,-3.25328e-09,1842.77,66504.6,2.6362e-07,2085.77,82350.2,2.53445e-07,2360.79,101560,-2.47407e-08,2672.05,124632,-3.80602e-07,3024.31,152018,-4.79005e-07,3422.98,184060,-1.14379e-07,3874.15,220884,2.64297e-07,4384.72,262283,3.44131e-07,4962.49,307576,7.5349e-08,5616.29,355497,-3.63097e-07,6356.1,404126,-6.05442e-07,7193.18,450932,-2.72333e-07,8140.28,492963,2.29675e-07,9211.79,527178,4.3387e-07,10424,550893,-1.0711e-07,10.102,8.06553,2.81012,10.6436,8.57909,0.869423,11.5336,10.2515,0.270869,12.7211,12.7138,0.0844293,14.1823,15.9373,0.0263173,15.9122,20.0383,0.0082035,17.9198,25.2154,0.00255722,20.2244,31.7373,0.000797017,22.8539,39.9486,0.000248622,25.8438,50.2851,7.75492e-05,29.237,63.2963,2.42508e-05,33.0837,79.6738,7.67162e-06,37.4415,100.288,2.32837e-06,42.3767,126.236,7.33e-07,47.9646,158.896,2.79256e-07,54.2906,200.003,9.87351e-09,61.452,251.741,1.61085e-07,69.5585,316.859,-2.47141e-07,78.7347,398.812,8.93552e-08,89.1218,501.948,-2.53231e-07,100.879,631.736,-1.25047e-07,114.188,795.049,-1.78808e-07,129.252,1000.53,2.6733e-07,146.304,1259.03,4.50292e-07,165.605,1584.19,6.76904e-07,187.452,1993.12,-1.23808e-07,212.181,2507.27,-4.89068e-07,240.173,3153.54,-5.40284e-07,271.856,3965.56,1.86061e-07,307.719,4985.38,4.37004e-07,348.313,6265.4,3.59828e-07,394.26,7870.83,3.98192e-07,446.268,9882.51,-1.92908e-07,505.135,12400.3,-2.20392e-07,571.766,15546.9,1.51705e-07,647.184,19472.2,5.74996e-07,732.547,24357.4,5.39112e-07,829.167,30420,5.07815e-09,938.526,37916.3,-4.11492e-07,1062.3,47143.9,-3.9561e-07,1202.4,58439.2,3.86185e-08,1360.96,72169.3,5.94093e-07,1540.42,88715.8,7.47693e-07,1743.53,108445,1.78537e-07,1973.41,131665,-4.12549e-07,2233.57,158557,-5.37164e-07,2528,189103,-1.17615e-07,2861.2,222986,5.66769e-07,3238.27,259510,9.45053e-07,3664.97,297540,4.25093e-07,4147.81,335497,-3.58506e-07,4694.17,371444,-6.7724e-07,5312.37,403256,1.67192e-07,1.61744,3.89446,9.84394,3.28846,7.5504,12.774,5.07607,11.7187,13.6844,7.03202,16.8147,13.9681,9.20215,23.1769,14.0566,11.6301,31.1672,14.0841,14.3598,41.2186,14.0927,17.4376,53.8688,14.0954,20.9137,69.7915,14.0962,24.8432,89.8341,14.0965,29.2879,115.063,14.0966,34.3168,146.819,14.0966,40.0078,186.792,14.0966,46.4487,237.107,14.0966,53.7388,300.44,14.0966,61.9903,380.158,14.0966,71.3301,480.499,14.0966,81.902,606.796,14.0966,93.8685,765.761,14.0966,107.414,965.837,14.0966,122.746,1217.65,14.0966,140.101,1534.57,14.0966,159.745,1933.41,14.0966,181.981,2435.3,14.0966,207.15,3066.85,14.0966,235.64,3861.46,14.0966,267.889,4861.11,14.0966,304.391,6118.54,14.0966,345.709,7699.91,14.0966,392.478,9688.22,14.0966,445.417,12187.5,14.0966,505.339,15327.7,14.0966,573.165,19271.6,14.0966,649.938,24222,14.0966,736.839,30430.9,14.0966,835.202,38211.5,14.0966,946.539,47950.3,14.0966,1072.56,60122.8,14.0966,1215.21,75309.9,14.0966,1376.66,94216.2,14.0966,1559.41,117688,14.0966,1766.26,146729,14.0966,2000.39,182510,14.0966,2265.39,226372,14.0966,2565.33,279806,14.0966,2904.81,344416,14.0966,3289.05,421845,14.0966,3723.93,513667,14.0966,4216.13,621231,14.0966,4773.18,745478,14.0966,5403.64,886744,14.0966,6117.15,1.04457e+06,14.0966,6924.63,1.2176e+06,14.0966,11.7194,11.96,12.6541,13.9321,16.1295,13.6434,16.6097,21.9702,13.9553,19.7532,29.5285,14.0526,23.3844,39.1143,14.0829,27.5423,51.2054,14.0923,32.2796,66.434,14.0953,37.662,85.6061,14.0962,43.7675,109.74,14.0965,50.687,140.119,14.0966,58.5249,178.359,14.0966,67.4005,226.493,14.0966,77.4493,287.08,14.0966,88.8254,363.343,14.0966,101.703,459.336,14.0966,116.281,580.161,14.0966,132.782,732.241,14.0966,151.46,923.655,14.0966,172.603,1164.57,14.0966,196.535,1467.79,14.0966,223.625,1849.39,14.0966,254.288,2329.62,14.0966,288.997,2933.93,14.0966,328.285,3694.33,14.0966,372.755,4651.04,14.0966,423.092,5854.57,14.0966,480.07,7368.38,14.0966,544.564,9272.08,14.0966,617.566,11665.5,14.0966,700.197,14673.6,14.0966,793.729,18452.9,14.0966,899.599,23198.6,14.0966,1019.43,29154.1,14.0966,1155.07,36622.3,14.0966,1308.6,45977.9,14.0966,1482.39,57683.7,14.0966,1679.09,72307.8,14.0966,1901.73,90542.8,14.0966,2153.73,113226,14.0966,2438.97,141360,14.0966,2761.81,176127,14.0966,3127.22,218898,14.0966,3540.81,271226,14.0966,4008.92,334817,14.0966,4538.74,411470,14.0966,5138.38,502973,14.0966,5817.04,610948,14.0966,6585.12,736653,14.0966,7454.39,880741,14.0966,8438.15,1.04302e+06,14.0966,9551.45,1.22224e+06,14.0966,10811.3,1.41602e+06,14.0966,12237,1.62086e+06,14.0966,11.7194,11.96,12.6541,2.21263,4.16949,0.989383,2.67766,5.84076,0.311842,3.14343,7.55825,0.0972771,3.63127,9.58578,0.0303237,4.15787,12.0912,0.00945211,4.73731,15.2286,0.00294633,5.38238,19.1721,0.000918508,6.10553,24.134,0.000286163,6.91951,30.3791,8.92692e-05,7.83792,38.2397,2.78121e-05,8.87555,48.1338,8.65134e-06,10.0489,60.5876,2.7882e-06,11.3761,76.2629,8.29036e-07,12.8779,95.9927,2.4373e-07,14.5775,120.825,4.33068e-09,16.5012,152.08,1.75749e-07,18.6784,191.415,-1.86328e-07,21.1428,240.917,1.91829e-07,23.9322,303.213,-1.81475e-07,27.0895,381.602,7.0186e-08,30.6634,480.231,-2.86769e-08,34.7087,604.316,2.40784e-07,39.2876,760.401,9.87368e-08,44.4705,956.705,1.22263e-07,50.3371,1203.54,-4.31966e-07,56.9776,1513.81,-1.9705e-07,64.494,1903.69,-2.763e-08,73.0018,2393.4,3.9185e-07,82.6317,3008.13,1.35379e-07,93.5318,3779.25,-4.16351e-08,105.869,4745.7,2.06965e-08,119.834,5955.6,-3.18887e-07,135.641,7468.12,-1.48271e-08,153.531,9355.62,2.00739e-07,173.781,11705.8,2.28358e-07,196.701,14624.1,-1.93587e-08,222.642,18235,-2.88101e-07,252.003,22683.4,-2.24732e-07,285.234,28134,8.56806e-09,322.845,34767,2.34258e-07,365.413,42770.9,2.99668e-07,413.588,52327.9,8.28644e-08,468.111,63591.2,-3.07049e-07,529.814,76653.2,-3.1888e-07,599.642,91502.5,-6.72276e-08,678.662,107975,2.26339e-07,768.083,125705,3.69212e-07,869.267,144088,2.04077e-07,983.76,162277,-2.80509e-07,1113.3,179223,-4.22737e-07,1259.87,193777,-1.71951e-07,1425.68,204839,4.55555e-07,11.7194,11.96,12.6541,2.21263,4.16949,0.989383,2.67766,5.84076,0.311842,3.14343,7.55825,0.0972771,3.63127,9.58578,0.0303237,4.15787,12.0912,0.00945211,4.73731,15.2286,0.00294633,5.38238,19.1721,0.000918508,6.10553,24.134,0.000286163,6.91951,30.3791,8.92692e-05,7.83792,38.2397,2.78121e-05,8.87555,48.1338,8.65134e-06,10.0489,60.5876,2.7882e-06,11.3761,76.2629,8.29036e-07,12.8779,95.9927,2.4373e-07,14.5775,120.825,1e-08,16.5012,152.08,1.75749e-07,18.6784,191.415,1e-08,21.1428,240.917,1.91829e-07,23.9322,303.213,1e-08,27.0895,381.602,7.0186e-08,30.6634,480.231,1e-08,34.7087,604.316,2.40784e-07,39.2876,760.401,9.87368e-08,44.4705,956.705,1.22263e-07,50.3371,1203.54,1e-08,56.9776,1513.81,1e-08,64.494,1903.69,1e-08,73.0018,2393.4,3.9185e-07,82.6317,3008.13,1.35379e-07,93.5318,3779.25,1e-08,105.869,4745.7,2.06965e-08,119.834,5955.6,1e-08,135.641,7468.12,1e-08,153.531,9355.62,2.00739e-07,173.781,11705.8,2.28358e-07,196.701,14624.1,1e-08,222.642,18235,1e-08,252.003,22683.4,1e-08,285.234,28134,1e-08,322.845,34767,2.34258e-07,365.413,42770.9,2.99668e-07,413.588,52327.9,8.28644e-08,468.111,63591.2,1e-08,529.814,76653.2,1e-08,599.642,91502.5,1e-08,678.662,107975,2.26339e-07,768.083,125705,3.69212e-07,869.267,144088,2.04077e-07,983.76,162277,1e-08,1113.3,179223,1e-08,1259.87,193777,1e-08,1425.68,204839,4.55555e-07,6.2823,3.27286,2.43537,0.219672,6.18826,2.24117,0.56371,6.87772,2.63624,0.308279,14,12,17,7,4,2,1,4,0,6,2,0,1,4,0,5,18,0,8,5,0,5,10,0,5,24,0,3,30,0,11,42,0,6,19,0,11,116,0,16,46,0,5,95,0,7,82,0,37,71,0,17,187,0,22,228,0,26,421,0,20,174,0,12,367,0,16,512,0,53,272,0,28,1062,0,15,1197,0,38,1221,0,63,2136,0,74,1033,0,91,2642,0,56,2126,0,119,2636,0,116,4501,0,166,6853,0,250,9934,0,152,16449,0,258,10809,0,325,25880,0,276,9687,0,370,35347,0,218,45421,0,352,57103,0,389,34720,0,313,121967,0,424,113234,0,413,132276,0,560,134233,0,685,92197,0,1364,172646,0,872,122554,0,1486,145665,0,1246,169620,0,816,344265,0
-1.05176e+08,1,8.88811e-15,10,1023,0,1.05176e+08,0.528882,1.08665,0.389689,0.145397,0.379329,3.24381,0.161596,0.446195,1.77396,0.159177,1.15e+07,4.49998e+06,6.79999e+06,1.15e+07,4.49997e+06,6.79999e+06,1.15e+07,4.49996e+06,6.79999e+06,1.15e+07,4.49995e+06,6.79999e+06,1.14999e+07,4.49993e+06,6.79999e+06,1.14999e+07,4.49991e+06,6.79999e+06,1.14999e+07,4.49989e+06,6.79999e+06,1.14999e+07,4.49986e+06,6.79999e+06,1.14999e+07,4.49982e+06,6.79999e+06,1.14999e+07,4.49977e+06,6.79999e+06,1.14999e+07,4.49971e+06,6.79999e+06,1.14999e+07,4.49963e+06,6.79999e+06,1.14998e+07,4.49953e+06,6.79999e+06,1.14998e+07,4.49941e+06,6.79999e+06,1.14998e+07,4.49926e+06,6.79999e+06,1.14998e+07,4.49906e+06,6.79999e+06,1.14997e+07,4.49882e+06,6.79999e+06,1.14997e+07,4.49851e+06,6.79999e+06,1.14997e+07,4.49812e+06,6.79999e+06,1.14996e+07,4.49764e+06,6.79999e+06,1.14996e+07,4.49702e+06,6.79999e+06,1.14995e+07,4.49625e+06,6.79999e+06,1.14995e+07,4.49528e+06,6.79999e+06,1.14994e+07,4.49406e+06,6.79999e+06,1.14993e+07,4.49253e+06,6.79999e+06,1.14992e+07,4.49059e+06,6.79999e+06,1.14991e+07,4.48817e+06,6.79999e+06,1.1499e+07,4.48511e+06,6.79999e+06,1.14988e+07,4.48128e+06,6.79999e+06,1.14987e+07,4.47646e+06,6.79999e+06,1.14985e+07,4.47041e+06,6.79999e+06,1.14983e+07,4.46281e+06,6.79999e+06,1.14981e+07,4.4533e+06,6.79999e+06,1.14979e+07,4.44138e+06,6.79999e+06,1.14976e+07,4.42649e+06,6.79999e+06,1.14972e+07,4.40789e+06,6.79999e+06,1.14969e+07,4.38471e+06,6.79999e+06,1.14965e+07,4.35592e+06,6.79999e+06,1.1496e+07,4.32027e+06,6.79999e+06,1.14955e+07,4.27629e+06,6.79999e+06,1.14949e+07,4.22231e+06,6.79999e+06,1.14942e+07,4.15647e+06,6.79999e+06,1.14934e+07,4.07676e+06,6.79999e+06,1.14926e+07,3.98112e+06,6.79999e+06,1.14916e+07,3.86765e+06,6.79999e+06,1.14905e+07,3.73474e+06,6.79999e+06,1.14892e+07,3.58148e+06,6.79999e+06,1.14878e+07,3.40785e+06,6.79999e+06,1.14862e+07,3.21513e+06,6.79999e+06,1.14844e+07,3.00605e+06,6.79999e+06,1.14823e+07,2.7848e+06,6.79999e+06,1.148e+07,2.5568e+06,6.79999e+06,1.14773e+07,2.32825e+06,6.79999e+06,13.5742,8.52444,0.508366,16.8306,13.2585,0.162638,20.0035,17.569,0.0507846,23.2616,22.4214,0.0158319,26.7328,28.3297,0.00493498,30.5212,35.6974,0.00153831,34.7178,44.9473,0.000479527,39.4086,56.5822,0.000149456,44.6796,71.2245,4.66214e-05,50.6209,89.6543,1.45419e-05,57.3297,112.852,4.54748e-06,64.9129,142.051,1.43857e-06,73.4897,178.803,4.36618e-07,83.1934,225.062,1.40153e-07,94.1745,283.286,4.96378e-08,106.602,356.568,1.05434e-07,120.669,448.799,-6.49244e-08,136.59,564.873,1.70148e-07,154.611,710.948,-5.34594e-08,175.008,894.767,1.63407e-07,198.097,1126.06,8.04804e-08,224.231,1417.07,1.14667e-07,253.813,1783.15,-1.71227e-07,287.297,2243.62,-2.88466e-07,325.198,2822.67,-4.33651e-07,368.098,3550.67,7.9318e-08,416.657,4465.65,3.13319e-07,471.621,5615.16,3.4613e-07,533.835,7058.61,-1.19199e-07,604.255,8870.02,-2.79964e-07,683.962,11141.4,-2.30521e-07,774.182,13986.7,-2.55099e-07,876.299,17546.4,1.23585e-07,991.883,21993.1,1.41192e-07,1122.71,27536.7,-9.71886e-08,1270.78,34430.7,-3.68368e-07,1438.38,42977.7,-3.45379e-07,1628.07,53532.7,-3.25328e-09,1842.77,66504.6,2.6362e-07,2085.77,82350.2,2.53445e-07,2360.79,101560,-2.47407e-08,2672.05,124632,-3.80602e-07,3024.31,152018,-4.79005e-07,3422.98,184060,-1.14379e-07,3874.15,220884,2.64297e-07,4384.72,262283,3.44131e-07,4962.49,307576,7.5349e-08,5616.29,355497,-3.63097e-07,6356.1,404126,-6.05442e-07,7193.18,450932,-2.72333e-07,8140.28,492963,2.29675e-07,9211.79,527178,4.3387e-07,10424,550893,-1.0711e-07,10.102,8.06553,2.81012,10.6436,8.57909,0.869423,11.5336,10.2515,0.270869,12.7211,12.7138,0.0844293,14.1823,15.9373,0.0263173,15.9122,20.0383,0.0082035,17.9198,25.2154,0.00255722,20.2244,31.7373,0.000797017,22.8539,39.9486,0.000248622,25.8438,50.2851,7.75492e-05,29.237,63.2963,2.42508e-05,33.0837,79.6738,7.67162e-06,37.4415,100.288,2.32837e-06,42.3767,126.236,7.33e-07,47.9646,158.896,2.79256e-07,54.2906,200.003,9.87351e-09,61.452,251.741,1.61085e-07,69.5585,316.859,-2.47141e-07,78.7347,398.812,8.93552e-08,89.1218,501.948,-2.53231e-07,100.879,631.736,-1.25047e-07,114.188,795.049,-1.78808e-07,129.252,1000.53,2.6733e-07,146.304,1259.03,4.50292e-07,165.605,1584.19,6.76904e-07,187.452,1993.12,-1.23808e-07,212.181,2507.27,-4.89068e-07,240.173,3153.54,-5.40284e-07,271.856,3965.56,1.86061e-07,307.719,4985.38,4.37004e-07,348.313,6265.4,3.59828e-07,394.26,7870.83,3.98192e-07,446.268,9882.51,-1.92908e-07,505.135,12400.3,-2.20392e-07,571.766,15546.9,1.51705e-07,647.184,19472.2,5.74996e-07,732.547,24357.4,5.39112e-07,829.167,30420,5.07815e-09,938.526,37916.3,-4.11492e-07,1062.3,47143.9,-3.9561e-07,1202.4,58439.2,3.86185e-08,1360.96,72169.3,5.94093e-07,1540.42,88715.8,7.47693e-07,1743.53,108445,1.78537e-07,1973.41,131665,-4.12549e-07,2233.57,158557,-5.37164e-07,2528,189103,-1.17615e-07,2861.2,222986,5.66769e-07,3238.27,259510,9.45053e-07,3664.97,297540,4.25093e-07,4147.81,335497,-3.58506e-07,4694.17,371444,-6.7724e-07,5312.37,403256,1.67192e-07,1.61744,3.89446,9.84394,3.28846,7.5504,12.774,5.07607,11.7187,13.6844,7.03202,16.8147,13.9681,9.20215,23.1769,14.0566,11.6301,31.1672,14.0841,14.3598,41.2186,14.0927,17.4376,53.8688,14.0954,20.9137,69.7915,14.0962,24.8432,89.8341,14.0965,29.2879,115.063,14.0966,34.3168,146.819,14.0966,40.0078,186.792,14.0966,46.4487,237.107,14.0966,53.7388,300.44,14.0966,61.9903,380.158,14.0966,71.3301,480.499,14.0966,81.902,606.796,14.0966,93.8685,765.761,14.0966,107.414,965.837,14.0966,122.746,1217.65,14.0966,140.101,1534.57,14.0966,159.745,1933.41,14.0966,181.981,2435.3,14.0966,207.15,3066.85,14.0966,235.64,3861.46,14.0966,267.889,4861.11,14.0966,304.391,6118.54,14.0966,345.709,7699.91,14.0966,392.478,9688.22,14.0966,445.417,12187.5,14.0966,505.339,15327.7,14.0966,573.165,19271.6,14.0966,649.938,24222,14.0966,736.839,30430.9,14.0966,835.202,38211.5,14.0966,946.539,47950.3,14.0966,1072.56,60122.8,14.0966,1215.21,75309.9,14.0966,1376.66,94216.2,14.0966,1559.41,117688,14.0966,1766.26,146729,14.0966,2000.39,182510,14.0966,2265.39,226372,14.0966,2565.33,279806,14.0966,2904.81,344416,14.0966,3289.05,421845,14.0966,3723.93,513667,14.0966,4216.13,621231,14.0966,4773.18,745478,14.0966,5403.64,886744,14.0966,6117.15,1.04457e+06,14.0966,6924.63,1.2176e+06,14.0966,11.7194,11.96,12.6541,13.9321,16.1295,13.6434,16.6097,21.9702,13.9553,19.7532,29.5285,14.0526,23.3844,39.1143,14.0829,27.5423,51.2054,14.0923,32.2796,66.434,14.0953,37.662,85.6061,14.0962,43.7675,109.74,14.0965,50.687,140.119,14.0966,58.5249,178.359,14.0966,67.4005,226.493,14.0966,77.4493,287.08,14.0966,88.8254,363.343,14.0966,101.703,459.336,14.0966,116.281,580.161,14.0966,132.782,732.241,14.0966,151.46,923.655,14.0966,172.603,1164.57,14.0966,196.535,1467.79,14.0966,223.625,1849.39,14.0966,254.288,2329.62,14.0966,288.997,2933.93,14.0966,328.285,3694.33,14.0966,372.755,4651.04,14.0966,423.092,5854.57,14.0966,480.07,7368.38,14.0966,544.564,9272.08,14.0966,617.566,11665.5,14.0966,700.197,14673.6,14.0966,793.729,18452.9,14.0966,899.599,23198.6,14.0966,1019.43,29154.1,14.0966,1155.07,36622.3,14.0966,1308.6,45977.9,14.0966,1482.39,57683.7,14.0966,1679.09,72307.8,14.0966,1901.73,90542.8,14.0966,2153.73,113226,14.0966,2438.97,141360,14.0966,2761.81,176127,14.0966,3127.22,218898,14.0966,3540.81,271226,14.0966,4008.92,334817,14.0966,4538.74,411470,14.0966,5138.38,502973,14.0966,5817.04,610948,14.0966,6585.12,736653,14.0966,7454.39,880741,14.0966,8438.15,1.04302e+06,14.0966,9551.45,1.22224e+06,14.0966,10811.3,1.41602e+06,14.0966,12237,1.62086e+06,14.0966,11.7194,11.96,12.6541,2.21263,4.16949,0.989383,2.67766,5.84076,0.311842,3.14343,7.55825,0.0972771,3.63127,9.58578,0.0303237,4.15787,12.0912,0.00945211,4.73731,15.2286,0.00294633,5.38238,19.1721,0.000918508,6.10553,24.134,0.000286163,6.91951,30.3791,8.92692e-05,7.83792,38.2397,2.78121e-05,8.87555,48.1338,8.65134e-06,10.0489,60.5876,2.7882e-06,11.3761,76.2629,8.29036e-07,12.8779,95.9927,2.4373e-07,14.5775,120.825,4.33068e-09,16.5012,152.08,1.75749e-07,18.6784,191.415,-1.86328e-07,21.1428,240.917,1.91829e-07,23.9322,303.213,-1.81475e-07,27.0895,381.602,7.0186e-08,30.6634,480.231,-2.86769e-08,34.7087,604.316,2.40784e-07,39.2876,760.401,9.87368e-08,44.4705,956.705,1.22263e-07,50.3371,1203.54,-4.31966e-07,56.9776,1513.81,-1.9705e-07,64.494,1903.69,-2.763e-08,73.0018,2393.4,3.9185e-07,82.6317,3008.13,1.35379e-07,93.5318,3779.25,-4.16351e-08,105.869,4745.7,2.06965e-08,119.834,5955.6,-3.18887e-07,135.641,7468.12,-1.48271e-08,153.531,9355.62,2.00739e-07,173.781,11705.8,2.28358e-07,196.701,14624.1,-1.93587e-08,222.642,18235,-2.88101e-07,252.003,22683.4,-2.24732e-07,285.234,28134,8.56806e-09,322.845,34767,2.34258e-07,365.413,42770.9,2.99668e-07,413.588,52327.9,8.28644e-08,468.111,63591.2,-3.07049e-07,529.814,76653.2,-3.1888e-07,599.642,91502.5,-6.72276e-08,678.662,107975,2.26339e-07,768.083,125705,3.69212e-07,869.267,144088,2.04077e-07,983.76,162277,-2.80509e-07,1113.3,179223,-4.22737e-07,1259.87,193777,-1.71951e-07,1425.68,204839,4.55555e-07,11.7194,11.96,12.6541,2.21263,4.16949,0.989383,2.67766,5.84076,0.311842,3.14343,7.55825,0.0972771,3.63127,9.58578,0.0303237,4.15787,12.0912,0.00945211,4.73731,15.2286,0.00294633,5.38238,19.1721,0.000918508,6.10553,24.134,0.000286163,6.91951,30.3791,8.92692e-05,7.83792,38.2397,2.78121e-05,8.87555,48.1338,8.65134e-06,10.0489,60.5876,2.7882e-06,11.3761,76.2629,8.29036e-07,12.8779,95.9927,2.4373e-07,14.5775,120.825,1e-08,16.5012,152.08,1.75749e-07,18.6784,191.415,1e-08,21.1428,240.917,1.91829e-07,23.9322,303.213,1e-08,27.0895,381.602,7.0186e-08,30.6634,480.231,1e-08,34.7087,604.316,2.40784e-07,39.2876,760.401,9.87368e-08,44.4705,956.705,1.22263e-07,50.3371,1203.54,1e-08,56.9776,1513.81,1e-08,64.494,1903.69,1e-08,73.0018,2393.4,3.9185e-07,82.6317,3008.13,1.35379e-07,93.5318,3779.25,1e-08,105.869,4745.7,2.06965e-08,119.834,5955.6,1e-08,135.641,7468.12,1e-08,153.531,9355.62,2.00739e-07,173.781,11705.8,2.28358e-07,196.701,14624.1,1e-08,222.642,18235,1e-08,252.003,22683.4,1e-08,285.234,28134,1e-08,322.845,34767,2.34258e-07,365.413,42770.9,2.99668e-07,413.588,52327.9,8.28644e-08,468.111,63591.2,1e-08,529.814,76653.2,1e-08,599.642,91502.5,1e-08,678.662,107975,2.26339e-07,768.083,125705,3.69212e-07,869.267,144088,2.04077e-07,983.76,162277,1e-08,1113.3,179223,1e-08,1259.87,193777,1e-08,1425.68,204839,4.55555e-07,6.2823,3.27286,2.43537,0.219672,6.18826,2.24117,0.56371,6.87772,2.63624,0.308279,9,16,5,3,4,0,5,4,1,5,6,0,4,16,0,5,19,0,5,8,0,6,34,0,6,18,0,5,17,0,4,54,0,10,87,0,8,102,0,2,88,0,10,65,0,13,93,0,31,70,0,17,266,0,30,114,0,11,289,0,26,249,0,28,946,0,47,609,0,24,643,0,24,993,0,49,1270,0,24,1772,0,52,1303,0,34,2322,0,34,2060,0,138,3536,0,125,6815,0,87,4707,0,119,4282,0,236,5043,0,206,15531,0,189,6098,0,200,23472,0,275,14319,0,127,27160,0,222,22398,0,579,63579,0,187,48507,0,471,73463,0,1262,98106,0,676,117611,0,1269,45399,0,924,96405,0,690,101711,0,1011,249433,0,1218,276409,0,1310,195606,0,1644,193077,0
-1.05176e+08,1,8.88811e-15,10,1023,0,1.05176e+08,0.528882,1.08665,0.389689,0.145397,0.379329,3.24381,0.161596,0.446195,1.77396,0.159177,1.15e+07,4.49998e+06,6.79999e+06,1.15e+07,4.49997e+06,6.79999e+06,1.15e+07,4.49996e+06,6.79999e+06,1.15e+07,4.49995e+06,6.79999e+06,1.14999e+07,4.49993e+06,6.79999e+06,1.14999e+07,4.49991e+06,6.79999e+06,1.14999e+07,4.49989e+06,6.79999e+06,1.14999e+07,4.49986e+06,6.79999e+06,1.14999e+07,4.49982e+06,6.79999e+06,1.14999e+07,4.49977e+06,6.79999e+06,1.14999e+07,4.49971e+06,6.79999e+06,1.14999e+07,4.49963e+06,6.79999e+06,1.14998e+07,4.49953e+06,6.79999e+06,1.14998e+07,4.49941e+06,6.79999e+06,1.14998e+07,4.49926e+06,6.79999e+06,1.14998e+07,4.49906e+06,6.79999e+06,1.14997e+07,4.49882e+06,6.79999e+06,1.14997e+07,4.49851e+06,6.79999e+06,1.14997e+07,4.49812e+06,6.79999e+06,1.14996e+07,4.49764e+06,6.79999e+06,1.14996e+07,4.49702e+06,6.79999e+06,1.14995e+07,4.49625e+06,6.79999e+06,1.14995e+07,4.49528e+06,6.79999e+06,1.14994e+07,4.49406e+06,6.79999e+06,1.14993e+07,4.49253e+06,6.79999e+06,1.14992e+07,4.49059e+06,6.79999e+06,1.14991e+07,4.48817e+06,6.79999e+06,1.1499e+07,4.48511e+06,6.79999e+06,1.14988e+07,4.48128e+06,6.79999e+06,1.14987e+07,4.47646e+06,6.79999e+06,1.14985e+07,4.47041e+06,6.79999e+06,1.14983e+07,4.46281e+06,6.79999e+06,1.14981e+07,4.4533e+06,6.79999e+06,1.14979e+07,4.44138e+06,6.79999e+06,1.14976e+07,4.42649e+06,6.79999e+06,1.14972e+07,4.40789e+06,6.79999e+06,1.14969e+07,4.38471e+06,6.79999e+06,1.14965e+07,4.35592e+06,6.79999e+06,1.1496e+07,4.32027e+06,6.79999e+06,1.14955e+07,4.27629e+06,6.79999e+06,1.14949e+07,4.22231e+06,6.79999e+06,1.14942e+07,4.15647e+06,6.79999e+06,1.14934e+07,4.07676e+06,6.79999e+06,1.14926e+07,3.98112e+06,6.79999e+06,1.14916e+07,3.86765e+06,6.79999e+06,1.14905e+07,3.73474e+06,6.79999e+06,1.14892e+07,3.58148e+06,6.79999e+06,1.14878e+07,3.40785e+06,6.79999e+06,1.14862e+07,3.21513e+06,6.79999e+06,1.14844e+07,3.00605e+06,6.79999e+06,1.14823e+07,2.7848e+06,6.79999e+06,1.148e+07,2.5568e+06,6.79999e+06,1.14773e+07,2.32825e+06,6.79999e+06,13.5742,8.52444,0.508366,16.8306,13.2585,0.162638,20.0035,17.569,0.0507846,23.2616,22.4214,0.0158319,26.7328,28.3297,0.00493498,30.5212,35.6974,0.00153831,34.7178,44.9473,0.000479527,39.4086,56.5822,0.000149456,44.6796,71.2245,4.66214e-05,50.6209,89.6543,1.45419e-05,57.3297,112.852,4.54748e-06,64.9129,142.051,1.43857e-06,73.4897,178.803,4.36618e-07,83.1934,225.062,1.40153e-07,94.1745,283.286,4.96378e-08,106.602,356.568,1.05434e-07,120.669,448.799,-6.49244e-08,136.59,564.873,1.70148e-07,154.611,710.948,-5.34594e-08,175.008,894.767,1.63407e-07,198.097,1126.06,8.04804e-08,224.231,1417.07,1.14667e-07,253.813,1783.15,-1.71227e-07,287.297,2243.62,-2.88466e-07,325.198,2822.67,-4.33651e-07,368.098,3550.67,7.9318e-08,416.657,4465.65,3.13319e-07,471.621,5615.16,3.4613e-07,533.835,7058.61,-1.19199e-07,604.255,8870.02,-2.79964e-07,683.962,11141.4,-2.30521e-07,774.182,13986.7,-2.55099e-07,876.299,17546.4,1.23585e-07,991.883,21993.1,1.41192e-07,1122.71,27536.7,-9.71886e-08,1270.78,34430.7,-3.68368e-07,1438.38,42977.7,-3.45379e-07,1628.07,53532.7,-3.25328e-09,1842.77,66504.6,2.6362e-07,2085.77,82350.2,2.53445e-07,2360.79,101560,-2.47407e-08,2672.05,124632,-3.80602e-07,3024.31,152018,-4.79005e-07,3422.98,184060,-1.14379e-07,3874.15,220884,2.64297e-07,4384.72,262283,3.44131e-07,4962.49,307576,7.5349e-08,5616.29,355497,-3.63097e-07,6356.1,404126,-6.05442e-07,7193.18,450932,-2.72333e-07,8140.28,492963,2.29675e-07,9211.79,527178,4.3387e-07,10424,550893,-1.0711e-07,10.102,8.06553,2.81012,10.6436,8.57909,0.869423,11.5336,10.2515,0.270869,12.7211,12.7138,0.0844293,14.1823,15.9373,0.0263173,15.9122,20.0383,0.0082035,17.9198,25.2154,0.00255722,20.2244,31.7373,0.000797017,22.8539,39.9486,0.000248622,25.8438,50.2851,7.75492e-05,29.237,63.2963,2.42508e-05,33.0837,79.6738,7.67162e-06,37.4415,100.288,2.32837e-06,42.3767,126.236,7.33e-07,47.9646,158.896,2.79256e-07,54.2906,200.003,9.87351e-09,61.452,251.741,1.61085e-07,69.5585,316.859,-2.47141e-07,78.7347,398.812,8.93552e-08,89.1218,501.948,-2.53231e-07,100.879,631.736,-1.25047e-07,114.188,795.049,-1.78808e-07,129.252,1000.53,2.6733e-07,146.304,1259.03,4.50292e-07,165.605,1584.19,6.76904e-07,187.452,1993.12,-1.23808e-07,212.181,2507.27,-4.89068e-07,240.173,3153.54,-5.40284e-07,271.856,3965.56,1.86061e-07,307.719,4985.38,4.37004e-07,348.313,6265.4,3.59828e-07,394.26,7870.83,3.98192e-07,446.268,9882.51,-1.92908e-07,505.135,12400.3,-2.20392e-07,571.766,15546.9,1.51705e-07,647.184,19472.2,5.74996e-07,732.547,24357.4,5.39112e-07,829.167,30420,5.07815e-09,938.526,37916.3,-4.11492e-07,1062.3,47143.9,-3.9561e-07,1202.4,58439.2,3.86185e-08,1360.96,72169.3,5.94093e-07,1540.42,88715.8,7.47693e-07,1743.53,108445,1.78537e-07,1973.41,131665,-4.12549e-07,2233.57,158557,-5.37164e-07,2528,189103,-1.17615e-07,2861.2,222986,5.66769e-07,3238.27,259510,9.45053e-07,3664.97,297540,4.25093e-07,4147.81,335497,-3.58506e-07,4694.17,371444,-6.7724e-07,5312.37,403256,1.67192e-07,1.61744,3.89446,9.84394,3.28846,7.5504,12.774,5.07607,11.7187,13.6844,7.03202,16.8147,13.9681,9.20215,23.1769,14.0566,11.6301,31.1672,14.0841,14.3598,41.2186,14.0927,17.4376,53.8688,14.0954,20.9137,69.7915,14.0962,24.8432,89.8341,14.0965,29.2879,115.063,14.0966,34.3168,146.819,14.0966,40.0078,186.792,14.0966,46.4487,237.107,14.0966,53.7388,300.44,14.0966,61.9903,380.158,14.0966,71.3301,480.499,14.0966,81.902,606.796,14.0966,93.8685,765.761,14.0966,107.414,965.837,14.0966,122.746,1217.65,14.0966,140.101,1534.57,14.0966,159.745,1933.41,14.0966,181.981,2435.3,14.0966,207.15,3066.85,14.0966,235.64,3861.46,14.0966,267.889,4861.11,14.0966,304.391,6118.54,14.0966,345.709,7699.91,14.0966,392.478,9688.22,14.0966,445.417,12187.5,14.0966,505.339,15327.7,14.0966,573.165,19271.6,14.0966,649.938,24222,14.0966,736.839,30430.9,14.0966,835.202,38211.5,14.0966,946.539,47950.3,14.0966,1072.56,60122.8,14.0966,1215.21,75309.9,14.0966,1376.66,94216.2,14.0966,1559.41,117688,14.0966,1766.26,146729,14.0966,2000.39,182510,14.0966,2265.39,226372,14.0966,2565.33,279806,14.0966,2904.81,344416,14.0966,3289.05,421845,14.0966,3723.93,513667,14.0966,4216.13,621231,14.0966,4773.18,745478,14.0966,5403.64,886744,14.0966,6117.15,1.04457e+06,14.0966,6924.63,1.2176e+06,14.0966,11.7194,11.96,12.6541,13.9321,16.1295,13.6434,16.6097,21.9702,13.9553,19.7532,29.5285,14.0526,23.3844,39.1143,14.0829,27.5423,51.2054,14.0923,32.2796,66.434,14.0953,37.662,85.6061,14.0962,43.7675,109.74,14.0965,50.687,140.119,14.0966,58.5249,178.359,14.0966,67.4005,226.493,14.0966,77.4493,287.08,14.0966,88.8254,363.343,14.0966,101.703,459.336,14.0966,116.281,580.161,14.0966,132.782,732.241,14.0966,151.46,923.655,14.0966,172.603,1164.57,14.0966,196.535,1467.79,14.0966,223.625,1849.39,14.0966,254.288,2329.62,14.0966,288.997,2933.93,14.0966,328.285,3694.33,14.0966,372.755,4651.04,14.0966,423.092,5854.57,14.0966,480.07,7368.38,14.0966,544.564,9272.08,14.0966,617.566,11665.5,14.0966,700.197,14673.6,14.0966,793.729,18452.9,14.0966,899.599,23198.6,14.0966,1019.43,29154.1,14.0966,1155.07,36622.3,14.0966,1308.6,45977.9,14.0966,1482.39,57683.7,14.0966,1679.09,72307.8,14.0966,1901.73,90542.8,14.0966,2153.73,113226,14.0966,2438.97,141360,14.0966,2761.81,176127,14.0966,3127.22,218898,14.0966,3540.81,271226,14.0966,4008.92,334817,14.0966,4538.74,411470,14.0966,5138.38,502973,14.0966,5817.04,610948,14.0966,6585.12,736653,14.0966,7454.39,880741,14.0966,8438.15,1.04302e+06,14.0966,9551.45,1.22224e+06,14.0966,10811.3,1.41602e+06,14.0966,12237,1.62086e+06,14.0966,11.7194,11.96,12.6541,2.21263,4.16949,0.989383,2.67766,5.84076,0.311842,3.14343,7.55825,0.0972771,3.63127,9.58578,0.0303237,4.15787,12.0912,0.00945211,4.73731,15.2286,0.00294633,5.38238,19.1721,0.000918508,6.10553,24.134,0.000286163,6.91951,30.3791,8.92692e-05,7.83792,38.2397,2.78121e-05,8.87555,48.1338,8.65134e-06,10.0489,60.5876,2.7882e-06,11.3761,76.2629,8.29036e-07,12.8779,95.9927,2.4373e-07,14.5775,120.825,4.33068e-09,16.5012,152.08,1.75749e-07,18.6784,191.415,-1.86328e-07,21.1428,240.917,1.91829e-07,23.9322,303.213,-1.81475e-07,27.0895,381.602,7.0186e-08,30.6634,480.231,-2.86769e-08,34.7087,604.316,2.40784e-07,39.2876,760.401,9.87368e-08,44.4705,956.705,1.22263e-07,50.3371,1203.54,-4.31966e-07,56.9776,1513.81,-1.9705e-07,64.494,1903.69,-2.763e-08,73.0018,2393.4,3.9185e-07,82.6317,3008.13,1.35379e-07,93.5318,3779.25,-4.16351e-08,105.869,4745.7,2.06965e-08,119.834,5955.6,-3.18887e-07,135.641,7468.12,-1.48271e-08,153.531,9355.62,2.00739e-07,173.781,11705.8,2.28358e-07,196.701,14624.1,-1.93587e-08,222.642,18235,-2.88101e-07,252.003,22683.4,-2.24732e-07,285.234,28134,8.56806e-09,322.845,34767,2.34258e-07,365.413,42770.9,2.99668e-07,413.588,52327.9,8.28644e-08,468.111,63591.2,-3.07049e-07,529.814,76653.2,-3.1888e-07,599.642,91502.5,-6.72276e-08,678.662,107975,2.26339e-07,768.083,125705,3.69212e-07,869.267,144088,2.04077e-07,983.76,162277,-2.80509e-07,1113.3,179223,-4.22737e-07,1259.87,193777,-1.71951e-07,1425.68,204839,4.55555e-07,11.7194,11.96,12.6541,2.21263,4.16949,0.989383,2.67766,5.84076,0.311842,3.14343,7.55825,0.0972771,3.63127,9.58578,0.0303237,4.15787,12.0912,0.00945211,4.73731,15.2286,0.00294633,5.38238,19.1721,0.000918508,6.10553,24.134,0.000286163,6.91951,30.3791,8.92692e-05,7.83792,38.2397,2.78121e-05,8.87555,48.1338,8.65134e-06,10.0489,60.5876,2.7882e-06,11.3761,76.2629,8.29036e-07,12.8779,95.9927,2.4373e-07,14.5775,120.825,1e-08,16.5012,152.08,1.75749e-07,18.6784,191.415,1e-08,21.1428,240.917,1.91829e-07,23.9322,303.213,1e-08,27.0895,381.602,7.0186e-08,30.6634,480.231,1e-08,34.7087,604.316,2.40784e-07,39.2876,760.401,9.87368e-08,44.4705,956.705,1.22263e-07,50.3371,1203.54,1e-08,56.9776,1513.81,1e-08,64.494,1903.69,1e-08,73.0018,2393.4,3.9185e-07,82.6317,3008.13,1.35379e-07,93.5318,3779.25,1e-08,105.869,4745.7,2.06965e-08,119.834,5955.6,1e-08,135.641,7468.12,1e-08,153.531,9355.62,2.00739e-07,173.781,11705.8,2.28358e-07,196.701,14624.1,1e-08,222.642,18235,1e-08,252.003,22683.4,1e-08,285.234,28134,1e-08,322.845,34767,2.34258e-07,365.413,42770.9,2.99668e-07,413.588,52327.9,8.28644e-08,468.111,63591.2,1e-08,529.814,76653.2,1e-08,599.642,91502.5,1e-08,678.662,107975,2.26339e-07,768.083,125705,3.69212e-07,869.267,144088,2.04077e-07,983.76,162277,1e-08,1113.3,179223,1e-08,1259.87,193777,1e-08,1425.68,204839,4.55555e-07,6.2823,3.27286,2.43537,0.219672,6.18826,2.24117,0.56371,6.87772,2.63624,0.308279,5,4,14,2,0,1,1,11,0,0,3,0,9,5,0,1,21,0,6,8,0,8,5,0,10,50,0,2,52,0,5,15,0,12,37,0,6,45,0,4,162,0,7,128,0,8,320,0,7,201,0,23,362,0,34,140,0,34,181,0,26,613,0,25,553,0,11,1353,0,66,1032,0,65,541,0,51,1281,0,22,1965,0,38,2414,0,25,2208,0,152,4596,0,83,3587,0,120,4023,0,103,4791,0,62,1545,0,150,3946,0,273,11810,0,115,12127,0,215,8995,0,338,21743,0,177,13115,0,165,34531,0,348,60623,0,518,49969,0,313,70998,0,878,117668,0,456,67512,0,1375,57254,0,1119,165034,0,581,192955,0,1053,87063,0,777,151600,0,939,270854,0,710,139548,0
-1.05176e+08,1,8.88811e-15,10,1023,0,1.05176e+08,0.528882,1.08665,0.389689,0.145397,0.379329,3.24381,0.161596,0.446195,1.77396,0.159177,1.15e+07,4.49998e+06,6.79999e+06,1.15e+07,4.49997e+06,6.79999e+06,1.15e+07,4.49996e+06,6.79999e+06,1.15e+07,4.49995e+06,6.79999e+06,1.14999e+07,4.49993e+06,6.79999e+06,1.14999e+07,4.49991e+06,6.79999e+06,1.14999e+07,4.49989e+06,6.79999e+06,1.14999e+07,4.49986e+06,6.79999e+06,1.14999e+07,4.49982e+06,6.79999e+06,1.14999e+07,4.49977e+06,6.79999e+06,1.14999e+07,4.49971e+06,6.79999e+06,1.14999e+07,4.49963e+06,6.79999e+06,1.14998e+07,4.49953e+06,6.79999e+06,1.14998e+07,4.49941e+06,6.79999e+06,1.14998e+07,4.49926e+06,6.79999e+06,1.14998e+07,4.49906e+06,6.79999e+06,1.14997e+07,4.49882e+06,6.79999e+06,1.14997e+07,4.49851e+06,6.79999e+06,1.14997e+07,4.49812e+06,6.79999e+06,1.14996e+07,4.49764e+06,6.79999e+06,1.14996e+07,4.49702e+06,6.79999e+06,1.14995e+07,4.49625e+06,6.79999e+06,1.14995e+07,4.49528e+06,6.79999e+06,1.14994e+07,4.49406e+06,6.79999e+06,1.14993e+07,4.49253e+06,6.79999e+06,1.14992e+07,4.49059e+06,6.79999e+06,1.14991e+07,4.48817e+06,6.79999e+06,1.1499e+07,4.48511e+06,6.79999e+06,1.14988e+07,4.48128e+06,6.79999e+06,1.14987e+07,4.47646e+06,6.79999e+06,1.14985e+07,4.47041e+06,6.79999e+06,1.14983e+07,4.46281e+06,6.79999e+06,1.14981e+07,4.4533e+06,6.79999e+06,1.14979e+07,4.44138e+06,6.79999e+06,1.14976e+07,4.42649e+06,6.79999e+06,1.14972e+07,4.40789e+06,6.79999e+06,1.14969e+07,4.38471e+06,6.79999e+06,1.14965e+07,4.35592e+06,6.79999e+06,1.1496e+07,4.32027e+06,6.79999e+06,1.14955e+07,4.27629e+06,6.79999e+06,1.14949e+07,4.22231e+06,6.79999e+06,1.14942e+07,4.15647e+06,6.79999e+06,1.14934e+07,4.07676e+06,6.79999e+06,1.14926e+07,3.98112e+06,6.79999e+06,1.14916e+07,3.86765e+06,6.79999e+06,1.14905e+07,3.73474e+06,6.79999e+06,1.14892e+07,3.58148e+06,6.79999e+06,1.14878e+07,3.40785e+06,6.79999e+06,1.14862e+07,3.21513e+06,6.79999e+06,1.14844e+07,3.00605e+06,6.79999e+06,1.14823e+07,2.7848e+06,6.79999e+06,1.148e+07,2.5568e+06,6.79999e+06,1.14773e+07,2.32825e+06,6.79999e+06,13.5742,8.52444,0.508366,16.8306,13.2585,0.162638,20.0035,17.569,0.0507846,23.2616,22.4214,0.0158319,26.7328,28.3297,0.00493498,30.5212,35.6974,0.00153831,34.7178,44.9473,0.000479527,39.4086,56.5822,0.000149456,44.6796,71.2245,4.66214e-05,50.6209,89.6543,1.45419e-05,57.3297,112.852,4.54748e-06,64.9129,142.051,1.43857e-06,73.4897,178.803,4.36618e-07,83.1934,225.062,1.40153e-07,94.1745,283.286,4.96378e-08,106.602,356.568,1.05434e-07,120.669,448.799,-6.49244e-08,136.59,564.873,1.70148e-07,154.611,710.948,-5.34594e-08,175.008,894.767,1.63407e-07,198.097,1126.06,8.04804e-08,224.231,1417.07,1.14667e-07,253.813,1783.15,-1.71227e-07,287.297,2243.62,-2.88466e-07,325.198,2822.67,-4.33651e-07,368.098,3550.67,7.9318e-08,416.657,4465.65,3.13319e-07,471.621,5615.16,3.4613e-07,533.835,7058.61,-1.19199e-07,604.255,8870.02,-2.79964e-07,683.962,11141.4,-2.30521e-07,774.182,13986.7,-2.55099e-07,876.299,17546.4,1.23585e-07,991.883,21993.1,1.41192e-07,1122.71,27536.7,-9.71886e-08,1270.78,34430.7,-3.68368e-07,1438.38,42977.7,-3.45379e-07,1628.07,53532.7,-3.25328e-09,1842.77,66504.6,2.6362e-07,2085.77,82350.2,2.53445e-07,2360.79,101560,-2.47407e-08,2672.05,124632,-3.80602e-07,3024.31,152018,-4.79005e-07,3422.98,184060,-1.14379e-07,3874.15,220884,2.64297e-07,4384.72,262283,3.44131e-07,4962.49,307576,7.5349e-08,5616.29,355497,-3.63097e-07,6356.1,404126,-6.05442e-07,7193.18,450932,-2.72333e-07,8140.28,492963,2.29675e-07,9211.79,527178,4.3387e-07,10424,550893,-1.0711e-07,10.102,8.06553,2.81012,10.6436,8.57909,0.869423,11.5336,10.2515,0.270869,12.7211,12.7138,0.0844293,14.1823,15.9373,0.0263173,15.9122,20.0383,0.0082035,17.9198,25.2154,0.00255722,20.2244,31.7373,0.000797017,22.8539,39.9486,0.000248622,25.8438,50.2851,7.75492e-05,29.237,63.2963,2.42508e-05,33.0837,79.6738,7.67162e-06,37.4415,100.288,2.32837e-06,42.3767,126.236,7.33e-07,47.9646,158.896,2.79256e-07,54.2906,200.003,9.87351e-09,61.452,251.741,1.61085e-07,69.5585,316.859,-2.47141e-07,78.7347,398.812,8.93552e-08,89.1218,501.948,-2.53231e-07,100.879,631.736,-1.25047e-07,114.188,795.049,-1.78808e-07,129.252,1000.53,2.6733e-07,146.304,1259.03,4.50292e-07,165.605,1584.19,6.76904e-07,187.452,1993.12,-1.23808e-07,212.181,2507.27,-4.89068e-07,240.173,3153.54,-5.40284e-07,271.856,3965.56,1.86061e-07,307.719,4985.38,4.37004e-07,348.313,6265.4,3.59828e-07,394.26,7870.83,3.98192e-07,446.268,9882.51,-1.92908e-07,505.135,12400.3,-2.20392e-07,571.766,15546.9,1.51705e-07,647.184,19472.2,5.74996e-07,732.547,24357.4,5.39112e-07,829.167,30420,5.07815e-09,938.526,37916.3,-4.11492e-07,1062.3,47143.9,-3.9561e-07,1202.4,58439.2,3.86185e-08,1360.96,72169.3,5.94093e-07,1540.42,88715.8,7.47693e-07,1743.53,108445,1.78537e-07,1973.41,131665,-4.12549e-07,2233.57,158557,-5.37164e-07,2528,189103,-1.17615e-07,2861.2,222986,5.66769e-07,3238.27,259510,9.45053e-07,3664.97,297540,4.25093e-07,4147.81,335497,-3.58506e-07,4694.17,371444,-6.7724e-07,5312.37,403256,1.67192e-07,1.61744,3.89446,9.84394,3.28846,7.5504,12.774,5.07607,11.7187,13.6844,7.03202,16.8147,13.9681,9.20215,23.1769,14.0566,11.6301,31.1672,14.0841,14.3598,41.2186,14.0927,17.4376,53.8688,14.0954,20.9137,69.7915,14.0962,24.8432,89.8341,14.0965,29.2879,115.063,14.0966,34.3168,146.819,14.0966,40.0078,186.792,14.0966,46.4487,237.107,14.0966,53.7388,300.44,14.0966,61.9903,380.158,14.0966,71.3301,480.499,14.0966,81.902,606.796,14.0966,93.8685,765.761,14.0966,107.414,965.837,14.0966,122.746,1217.65,14.0966,140.101,1534.57,14.0966,159.745,1933.41,14.0966,181.981,2435.3,14.0966,207.15,3066.85,14.0966,235.64,3861.46,14.0966,267.889,4861.11,14.0966,304.391,6118.54,14.0966,345.709,7699.91,14.0966,392.478,9688.22,14.0966,445.417,12187.5,14.0966,505.339,15327.7,14.0966,573.165,19271.6,14.0966,649.938,24222,14.0966,736.839,30430.9,14.0966,835.202,38211.5,14.0966,946.539,47950.3,14.0966,1072.56,60122.8,14.0966,1215.21,75309.9,14.0966,1376.66,94216.2,14.0966,1559.41,117688,14.0966,1766.26,146729,14.0966,2000.39,182510,14.0966,2265.39,226372,14.0966,2565.33,279806,14.0966,2904.81,344416,14.0966,3289.05,421845,14.0966,3723.93,513667,14.0966,4216.13,621231,14.0966,4773.18,745478,14.0966,5403.64,886744,14.0966,6117.15,1.04457e+06,14.0966,6924.63,1.2176e+06,14.0966,11.7194,11.96,12.6541,13.9321,16.1295,13.6434,16.6097,21.9702,13.9553,19.7532,29.5285,14.0526,23.3844,39.1143,14.0829,27.5423,51.2054,14.0923,32.2796,66.434,14.0953,37.662,85.6061,14.0962,43.7675,109.74,14.0965,50.687,140.119,14.0966,58.5249,178.359,14.0966,67.4005,226.493,14.0966,77.4493,287.08,14.0966,88.8254,363.343,14.0966,101.703,459.336,14.0966,116.281,580.161,14.0966,132.782,732.241,14.0966,151.46,923.655,14.0966,172.603,1164.57,14.0966,196.535,1467.79,14.0966,223.625,1849.39,14.0966,254.288,2329.62,14.0966,288.997,2933.93,14.0966,328.285,3694.33,14.0966,372.755,4651.04,14.0966,423.092,5854.57,14.0966,480.07,7368.38,14.0966,544.564,9272.08,14.0966,617.566,11665.5,14.0966,700.197,14673.6,14.0966,793.729,18452.9,14.0966,899.599,23198.6,14.0966,1019.43,29154.1,14.0966,1155.07,36622.3,14.0966,1308.6,45977.9,14.0966,1482.39,57683.7,14.0966,1679.09,72307.8,14.0966,1901.73,90542.8,14.0966,2153.73,113226,14.0966,2438.97,141360,14.0966,2761.81,176127,14.0966,3127.22,218898,14.0966,3540.81,271226,14.0966,4008.92,334817,14.0966,4538.74,411470,14.0966,5138.38,502973,14.0966,5817.04,610948,14.0966,6585.12,736653,14.0966,7454.39,880741,14.0966,8438.15,1.04302e+06,14.0966,9551.45,1.22224e+06,14.0966,10811.3,1.41602e+06,14.0966,12237,1.62086e+06,14.0966,11.7194,11.96,12.6541,2.21263,4.16949,0.989383,2.67766,5.84076,0.311842,3.14343,7.55825,0.0972771,3.63127,9.58578,0.0303237,4.15787,12.0912,0.00945211,4.73731,15.2286,0.00294633,5.38238,19.1721,0.000918508,6.10553,24.134,0.000286163,6.91951,30.3791,8.92692e-05,7.83792,38.2397,2.78121e-05,8.87555,48.1338,8.65134e-06,10.0489,60.5876,2.7882e-06,11.3761,76.2629,8.29036e-07,12.8779,95.9927,2.4373e-07,14.5775,120.825,4.33068e-09,16.5012,152.08,1.75749e-07,18.6784,191.415,-1.86328e-07,21.1428,240.917,1.91829e-07,23.9322,303.213,-1.81475e-07,27.0895,381.602,7.0186e-08,30.6634,480.231,-2.86769e-08,34.7087,604.316,2.40784e-07,39.2876,760.401,9.87368e-08,44.4705,956.705,1.22263e-07,50.3371,1203.54,-4.31966e-07,56.9776,1513.81,-1.9705e-07,64.494,1903.69,-2.763e-08,73.0018,2393.4,3.9185e-07,82.6317,3008.13,1.35379e-07,93.5318,3779.25,-4.16351e-08,105.869,4745.7,2.06965e-08,119.834,5955.6,-3.18887e-07,135.641,7468.12,-1.48271e-08,153.531,9355.62,2.00739e-07,173.781,11705.8,2.28358e-07,196.701,14624.1,-1.93587e-08,222.642,18235,-2.88101e-07,252.003,22683.4,-2.24732e-07,285.234,28134,8.56806e-09,322.845,34767,2.34258e-07,365.413,42770.9,2.99668e-07,413.588,52327.9,8.28644e-08,468.111,63591.2,-3.07049e-07,529.814,76653.2,-3.1888e-07,599.642,91502.5,-6.72276e-08,678.662,107975,2.26339e-07,768.083,125705,3.69212e-07,869.267,144088,2.04077e-07,983.76,162277,-2.80509e-07,1113.3,179223,-4.22737e-07,1259.87,193777,-1.71951e-07,1425.68,204839,4.55555e-07,11.7194,11.96,12.6541,2.21263,4.16949,0.989383,2.67766,5.84076,0.311842,3.14343,7.55825,0.0972771,3.63127,9.58578,0.0303237,4.15787,12.0912,0.00945211,4.73731,15.2286,0.00294633,5.38238,19.1721,0.000918508,6.10553,24.134,0.000286163,6.91951,30.3791,8.92692e-05,7.83792,38.2397,2.78121e-05,8.87555,48.1338,8.65134e-06,10.0489,60.5876,2.7882e-06,11.3761,76.2629,8.29036e-07,12.8779,95.9927,2.4373e-07,14.5775,120.825,1e-08,16.5012,152.08,1.75749e-07,18.6784,191.415,1e-08,21.1428,240.917,1.91829e-07,23.9322,303.213,1e-08,27.0895,381.602,7.0186e-08,30.6634,480.231,1e-08,34.7087,604.316,2.40784e-07,39.2876,760.401,9.87368e-08,44.4705,956.705,1.22263e-07,50.3371,1203.54,1e-08,56.9776,1513.81,1e-08,64.494,1903.69,1e-08,73.0018,2393.4,3.9185e-07,82.6317,3008.13,1.35379e-07,93.5318,3779.25,1e-08,105.869,4745.7,2.06965e-08,119.834,5955.6,1e-08,135.641,7468.12,1e-08,153.531,9355.62,2.00739e-07,173.781,11705.8,2.28358e-07,196.701,14624.1,1e-08,222.642,18235,1e-08,252.003,22683.4,1e-08,285.234,28134,1e-08,322.845,34767,2.34258e-07,365.413,42770.9,2.99668e-07,413.588,52327.9,8.28644e-08,468.111,63591.2,1e-08,529.814,76653.2,1e-08,599.642,91502.5,1e-08,678.662,107975,2.26339e-07,768.083,125705,3.69212e-07,869.267,144088,2.04077e-07,983.76,162277,1e-08,1113.3,179223,1e-08,1259.87,193777,1e-08,1425.68,204839,4.55555e-07,6.2823,3.27286,2.43537,0.219672,6.18826,2.24117,0.56371,6.87772,2.63624,0.308279,14,20,10,6,3,2,0,9,0,1,0,0,5,21,0,2,5,0,5,0,0,6,13,0,2,11,0,4,42,0,7,39,0,7,42,0,4,81,0,7,72,0,17,97,0,13,94,0,23,230,0,16,175,0,34,270,0,30,232,0,17,322,0,30,355,0,27,688,0,20,787,0,83,664,0,45,660,0,21,630,0,46,951,0,75,496,0,44,2302,0,45,5110,0,63,2114,0,120,10579,0,99,7388,0,262,19314,0,177,12795,0,99,18481,0,163,17636,0,330,25796,0,235,31428,0,213,25444,0,368,43199,0,608,95812,0,299,65102,0,574,106972,0,880,56480,0,523,83494,0,887,78584,0,395,158493,0,675,207532,0,1504,122998,0,1259,167138,0,809,227638,0
-1.05176e+08,1,8.88811e-15,10,1023,0,1.05176e+08,0.528882,1.08665,0.389689,0.145397,0.379329,3.24381,0.161596,0.446195,1.77396,0.159177,1.15e+07,4.49998e+06,6.79999e+06,1.15e+07,4.49997e+06,6.79999e+06,1.15e+07,4.49996e+06,6.79999e+06,1.15e+07,4.49995e+06,6.79999e+06,1.14999e+07,4.49993e+06,6.79999e+06,1.14999e+07,4.49991e+06,6.79999e+06,1.14999e+07,4.49989e+06,6.79999e+06,1.14999e+07,4.49986e+06,6.79999e+06,1.14999e+07,4.49982e+06,6.79999e+06,1.14999e+07,4.49977e+06,6.79999e+06,1.14999e+07,4.49971e+06,6.79999e+06,1.14999e+07,4.49963e+06,6.79999e+06,1.14998e+07,4.49953e+06,6.79999e+06,1.14998e+07,4.49941e+06,6.79999e+06,1.14998e+07,4.49926e+06,6.79999e+06,1.14998e+07,4.49906e+06,6.79999e+06,1.14997e+07,4.49882e+06,6.79999e+06,1.14997e+07,4.49851e+06,6.79999e+06,1.14997e+07,4.49812e+06,6.79999e+06,1.14996e+07,4.49764e+06,6.79999e+06,1.14996e+07,4.49702e+06,6.79999e+06,1.14995e+07,4.49625e+06,6.79999e+06,1.14995e+07,4.49528e+06,6.79999e+06,1.14994e+07,4.49406e+06,6.79999e+06,1.14993e+07,4.49253e+06,6.79999e+06,1.14992e+07,4.49059e+06,6.79999e+06,1.14991e+07,4.48817e+06,6.79999e+06,1.1499e+07,4.48511e+06,6.79999e+06,1.14988e+07,4.48128e+06,6.79999e+06,1.14987e+07,4.47646e+06,6.79999e+06,1.14985e+07,4.47041e+06,6.79999e+06,1.14983e+07,4.46281e+06,6.79999e+06,1.14981e+07,4.4533e+06,6.79999e+06,1.14979e+07,4.44138e+06,6.79999e+06,1.14976e+07,4.42649e+06,6.79999e+06,1.14972e+07,4.40789e+06,6.79999e+06,1.14969e+07,4.38471e+06,6.79999e+06,1.14965e+07,4.35592e+06,6.79999e+06,1.1496e+07,4.32027e+06,6.79999e+06,1.14955e+07,4.27629e+06,6.79999e+06,1.14949e+07,4.22231e+06,6.79999e+06,1.14942e+07,4.15647e+06,6.79999e+06,1.14934e+07,4.07676e+06,6.79999e+06,1.14926e+07,3.98112e+06,6.79999e+06,1.14916e+07,3.86765e+06,6.79999e+06,1.14905e+07,3.73474e+06,6.79999e+06,1.14892e+07,3.58148e+06,6.79999e+06,1.14878e+07,3.40785e+06,6.79999e+06,1.14862e+07,3.21513e+06,6.79999e+06,1.14844e+07,3.00605e+06,6.79999e+06,1.14823e+07,2.7848e+06,6.79999e+06,1.148e+07,2.5568e+06,6.79999e+06,1.14773e+07,2.32825e+06,6.79999e+06,13.5742,8.52444,0.508366,16.8306,13.2585,0.162638,20.0035,17.569,0.0507846,23.2616,22.4214,0.0158319,26.7328,28.3297,0.00493498,30.5212,35.6974,0.00153831,34.7178,44.9473,0.000479527,39.4086,56.5822,0.000149456,44.6796,71.2245,4.66214e-05,50.6209,89.6543,1.45419e-05,57.3297,112.852,4.54748e-06,64.9129,142.051,1.43857e-06,73.4897,178.803,4.36618e-07,83.1934,225.062,1.40153e-07,94.1745,283.286,4.96378e-08,106.602,356.568,1.05434e-07,120.669,448.799,-6.49244e-08,136.59,564.873,1.70148e-07,154.611,710.948,-5.34594e-08,175.008,894.767,1.63407e-07,198.097,1126.06,8.04804e-08,224.231,1417.07,1.14667e-07,253.813,1783.15,-1.71227e-07,287.297,2243.62,-2.88466e-07,325.198,2822.67,-4.33651e-07,368.098,3550.67,7.9318e-08,416.657,4465.65,3.13319e-07,471.621,5615.16,3.4613e-07,533.835,7058.61,-1.19199e-07,604.255,8870.02,-2.79964e-07,683.962,11141.4,-2.30521e-07,774.182,13986.7,-2.55099e-07,876.299,17546.4,1.23585e-07,991.883,21993.1,1.41192e-07,1122.71,27536.7,-9.71886e-08,1270.78,34430.7,-3.68368e-07,1438.38,42977.7,-3.45379e-07,1628.07,53532.7,-3.25328e-09,1842.77,66504.6,2.6362e-07,2085.77,82350.2,2.53445e-07,2360.79,101560,-2.47407e-08,2672.05,124632,-3.80602e-07,3024.31,152018,-4.79005e-07,3422.98,184060,-1.14379e-07,3874.15,220884,2.64297e-07,4384.72,262283,3.44131e-07,4962.49,307576,7.5349e-08,5616.29,355497,-3.63097e-07,6356.1,404126,-6.05442e-07,7193.18,450932,-2.72333e-07,8140.28,492963,2.29675e-07,9211.79,527178,4.3387e-07,10424,550893,-1.0711e-07,10.102,8.06553,2.81012,10.6436,8.57909,0.869423,11.5336,10.2515,0.270869,12.7211,12.7138,0.0844293,14.1823,15.9373,0.0263173,15.9122,20.0383,0.0082035,17.9198,25.2154,0.00255722,20.2244,31.7373,0.000797017,22.8539,39.9486,0.000248622,25.8438,50.2851,7.75492e-05,29.237,63.2963,2.42508e-05,33.0837,79.6738,7.67162e-06,37.4415,100.288,2.32837e-06,42.3767,126.236,7.33e-07,47.9646,158.896,2.79256e-07,54.2906,200.003,9.87351e-09,61.452,251.741,1.61085e-07,69.5585,316.859,-2.47141e-07,78.7347,398.812,8.93552e-08,89.1218,501.948,-2.53231e-07,100.879,631.736,-1.25047e-07,114.188,795.049,-1.78808e-07,129.252,1000.53,2.6733e-07,146.304,1259.03,4.50292e-07,165.605,1584.19,6.76904e-07,187.452,1993.12,-1.23808e-07,212.181,2507.27,-4.89068e-07,240.173,3153.54,-5.40284e-07,271.856,3965.56,1.86061e-07,307.719,4985.38,4.37004e-07,348.313,6265.4,3.59828e-07,394.26,7870.83,3.98192e-07,446.268,9882.51,-1.92908e-07,505.135,12400.3,-2.20392e-07,571.766,15546.9,1.51705e-07,647.184,19472.2,5.74996e-07,732.547,24357.4,5.39112e-07,829.167,30420,5.07815e-09,938.526,37916.3,-4.11492e-07,1062.3,47143.9,-3.9561e-07,1202.4,58439.2,3.86185e-08,1360.96,72169.3,5.94093e-07,1540.42,88715.8,7.47693e-07,1743.53,108445,1.78537e-07,1973.41,131665,-4.12549e-07,2233.57,158557,-5.37164e-07,2528,189103,-1.17615e-07,2861.2,222986,5.66769e-07,3238.27,259510,9.45053e-07,3664.97,297540,4.25093e-07,4147.81,335497,-3.58506e-07,4694.17,371444,-6.7724e-07,5312.37,403256,1.67192e-07,1.61744,3.89446,9.84394,3.28846,7.5504,12.774,5.07607,11.7187,13.6844,7.03202,16.8147,13.9681,9.20215,23.1769,14.0566,11.6301,31.1672,14.0841,14.3598,41.2186,14.0927,17.4376,53.8688,14.0954,20.9137,69.7915,14.0962,24.8432,89.8341,14.0965,29.2879,115.063,14.0966,34.3168,146.819,14.0966,40.0078,186.792,14.0966,46.4487,237.107,14.0966,53.7388,300.44,14.0966,61.9903,380.158,14.0966,71.3301,480.499,14.0966,81.902,606.796,14.0966,93.8685,765.761,14.0966,107.414,965.837,14.0966,122.746,1217.65,14.0966,140.101,1534.57,14.0966,159.745,1933.41,14.0966,181.981,2435.3,14.0966,207.15,3066.85,14.0966,235.64,3861.46,14.0966,267.889,4861.11,14.0966,304.391,6118.54,14.0966,345.709,7699.91,14.0966,392.478,9688.22,14.0966,445.417,12187.5,14.0966,505.339,15327.7,14.0966,573.165,19271.6,14.0966,649.938,24222,14.0966,736.839,30430.9,14.0966,835.202,38211.5,14.0966,946.539,47950.3,14.0966,1072.56,60122.8,14.0966,1215.21,75309.9,14.0966,1376.66,94216.2,14.0966,1559.41,117688,14.0966,1766.26,146729,14.0966,2000.39,182510,14.0966,2265.39,226372,14.0966,2565.33,279806,14.0966,2904.81,344416,14.0966,3289.05,421845,14.0966,3723.93,513667,14.0966,4216.13,621231,14.0966,4773.18,745478,14.0966,5403.64,886744,14.0966,6117.15,1.04457e+06,14.0966,6924.63,1.2176e+06,14.0966,11.7194,11.96,12.6541,13.9321,16.1295,13.6434,16.6097,21.9702,13.9553,19.7532,29.5285,14.0526,23.3844,39.1143,14.0829,27.5423,51.2054,14.0923,32.2796,66.434,14.0953,37.662,85.6061,14.0962,43.7675,109.74,14.0965,50.687,140.119,14.0966,58.5249,178.359,14.0966,67.4005,226.493,14.0966,77.4493,287.08,14.0966,88.8254,363.343,14.0966,101.703,459.336,14.0966,116.281,580.161,14.0966,132.782,732.241,14.0966,151.46,923.655,14.0966,172.603,1164.57,14.0966,196.535,1467.79,14.0966,223.625,1849.39,14.0966,254.288,2329.62,14.0966,288.997,2933.93,14.0966,328.285,3694.33,14.0966,372.755,4651.04,14.0966,423.092,5854.57,14.0966,480.07,7368.38,14.0966,544.564,9272.08,14.0966,617.566,11665.5,14.0966,700.197,14673.6,14.0966,793.729,18452.9,14.0966,899.599,23198.6,14.0966,1019.43,29154.1,14.0966,1155.07,36622.3,14.0966,1308.6,45977.9,14.0966,1482.39,57683.7,14.0966,1679.09,72307.8,14.0966,1901.73,90542.8,14.0966,2153.73,113226,14.0966,2438.97,141360,14.0966,2761.81,176127,14.0966,3127.22,218898,14.0966,3540.81,271226,14.0966,4008.92,334817,14.0966,4538.74,411470,14.0966,5138.38,502973,14.0966,5817.04,610948,14.0966,6585.12,736653,14.0966,7454.39,880741,14.0966,8438.15,1.04302e+06,14.0966,9551.45,1.22224e+06,14.0966,10811.3,1.41602e+06,14.0966,12237,1.62086e+06,14.0966,11.7194,11.96,12.6541,2.21263,4.16949,0.989383,2.67766,5.84076,0.311842,3.14343,7.55825,0.0972771,3.63127,9.58578,0.0303237,4.15787,12.0912,0.00945211,4.73731,15.2286,0.00294633,5.38238,19.1721,0.000918508,6.10553,24.134,0.000286163,6.91951,30.3791,8.92692e-05,7.83792,38.2397,2.78121e-05,8.87555,48.1338,8.65134e-06,10.0489,60.5876,2.7882e-06,11.3761,76.2629,8.29036e-07,12.8779,95.9927,2.4373e-07,14.5775,120.825,4.33068e-09,16.5012,152.08,1.75749e-07,18.6784,191.415,-1.86328e-07,21.1428,240.917,1.91829e-07,23.9322,303.213,-1.81475e-07,27.0895,381.602,7.0186e-08,30.6634,480.231,-2.86769e-08,34.7087,604.316,2.40784e-07,39.2876,760.401,9.87368e-08,44.4705,956.705,1.22263e-07,50.3371,1203.54,-4.31966e-07,56.9776,1513.81,-1.9705e-07,64.494,1903.69,-2.763e-08,73.0018,2393.4,3.9185e-07,82.6317,3008.13,1.35379e-07,93.5318,3779.25,-4.16351e-08,105.869,4745.7,2.06965e-08,119.834,5955.6,-3.18887e-07,135.641,7468.12,-1.48271e-08,153.531,9355.62,2.00739e-07,173.781,11705.8,2.28358e-07,196.701,14624.1,-1.93587e-08,222.642,18235,-2.88101e-07,252.003,22683.4,-2.24732e-07,285.234,28134,8.56806e-09,322.845,34767,2.34258e-07,365.413,42770.9,2.99668e-07,413.588,52327.9,8.28644e-08,468.111,63591.2,-3.07049e-07,529.814,76653.2,-3.1888e-07,599.642,91502.5,-6.72276e-08,678.662,107975,2.26339e-07,768.083,125705,3.69212e-07,869.267,144088,2.04077e-07,983.76,162277,-2.80509e-07,1113.3,179223,-4.22737e-07,1259.87,193777,-1.71951e-07,1425.68,204839,4.55555e-07,11.7194,11.96,12.6541,2.21263,4.16949,0.989383,2.67766,5.84076,0.311842,3.14343,7.55825,0.0972771,3.63127,9.58578,0.0303237,4.15787,12.0912,0.00945211,4.73731,15.2286,0.00294633,5.38238,19.1721,0.000918508,6.10553,24.134,0.000286163,6.91951,30.3791,8.92692e-05,7.83792,38.2397,2.78121e-05,8.87555,48.1338,8.65134e-06,10.0489,60.5876,2.7882e-06,11.3761,76.2629,8.29036e-07,12.8779,95.9927,2.4373e-07,14.5775,120.825,1e-08,16.5012,152.08,1.75749e-07,18.6784,191.415,1e-08,21.1428,240.917,1.91829e-07,23.9322,303.213,1e-08,27.0895,381.602,7.0186e-08,30.6634,480.231,1e-08,34.7087,604.316,2.40784e-07,39.2876,760.401,9.87368e-08,44.4705,956.705,1.22263e-07,50.3371,1203.54,1e-08,56.9776,1513.81,1e-08,64.494,1903.69,1e-08,73.0018,2393.4,3.9185e-07,82.6317,3008.13,1.35379e-07,93.5318,3779.25,1e-08,105.869,4745.7,2.06965e-08,119.834,5955.6,1e-08,135.641,7468.12,1e-08,153.531,9355.62,2.00739e-07,173.781,11705.8,2.28358e-07,196.701,14624.1,1e-08,222.642,18235,1e-08,252.003,22683.4,1e-08,285.234,28134,1e-08,322.845,34767,2.34258e-07,365.413,42770.9,2.99668e-07,413.588,52327.9,8.28644e-08,468.111,63591.2,1e-08,529.814,76653.2,1e-08,599.642,91502.5,1e-08,678.662,107975,2.26339e-07,768.083,125705,3.69212e-07,869.267,144088,2.04077e-07,983.76,162277,1e-08,1113.3,179223,1e-08,1259.87,193777,1e-08,1425.68,204839,4.55555e-07,6.2823,3.27286,2.43537,0.219672,6.18826,2.24117,0.56371,6.87772,2.63624,0.308279,15,19,12,2,7,1,3,4,0,9,14,0,1,7,1,1,4,0,2,10,0,10,16,0,15,10,0,4,11,0,1,47,0,2,52,0,10,101,0,16,85,0,7,56,0,15,81,0,21,114,0,12,126,0,39,105,0,9,240,0,42,339,0,30,424,0,42,781,0,31,867,0,22,1806,0,64,347,0,56,1324,0,47,1048,0,62,3402,0,95,2619,0,79,3307,0,91,3548,0,142,10782,0,107,14712,0,146,12242,0,255,14891,0,77,12777,0,217,9156,0,408,24207,0,265,13999,0,417,23775,0,582,56233,0,378,98973,0,376,118871,0,292,34597,0,571,90611,0,479,65131,0,932,48042,0,491,151031,0,1627,247604,0,1369,166889,0,1101,161732,0,877,182310,0
-1.05176e+08,1,8.88811e-15,10,1023,0,1.05176e+08,0.528882,1.08665,0.389689,0.145397,0.379329,3.24381,0.161596,0.446195,1.77396,0.159177,1.15e+07,4.49998e+06,6.79999e+06,1.15e+07,4.49997e+06,6.79999e+06,1.15e+07,4.49996e+06,6.79999e+06,1.15e+07,4.49995e+06,6.79999e+06,1.14999e+07,4.49993e+06,6.79999e+06,1.14999e+07,4.49991e+06,6.79999e+06,1.14999e+07,4.49989e+06,6.79999e+06,1.14999e+07,4.49986e+06,6.79999e+06,1.14999e+07,4.49982e+06,6.79999e+06,1.14999e+07,4.49977e+06,6.79999e+06,1.14999e+07,4.49971e+06,6.79999e+06,1.14999e+07,4.49963e+06,6.79999e+06,1.14998e+07,4.49953e+06,6.79999e+06,1.14998e+07,4.49941e+06,6.79999e+06,1.14998e+07,4.49926e+06,6.79999e+06,1.14998e+07,4.49906e+06,6.79999e+06,1.14997e+07,4.49882e+06,6.79999e+06,1.14997e+07,4.49851e+06,6.79999e+06,1.14997e+07,4.49812e+06,6.79999e+06,1.14996e+07,4.49764e+06,6.79999e+06,1.14996e+07,4.49702e+06,6.79999e+06,1.14995e+07,4.49625e+06,6.79999e+06,1.14995e+07,4.49528e+06,6.79999e+06,1.14994e+07,4.49406e+06,6.79999e+06,1.14993e+07,4.49253e+06,6.79999e+06,1.14992e+07,4.49059e+06,6.79999e+06,1.14991e+07,4.48817e+06,6.79999e+06,1.1499e+07,4.48511e+06,6.79999e+06,1.14988e+07,4.48128e+06,6.79999e+06,1.14987e+07,4.47646e+06,6.79999e+06,1.14985e+07,4.47041e+06,6.79999e+06,1.14983e+07,4.46281e+06,6.79999e+06,1.14981e+07,4.4533e+06,6.79999e+06,1.14979e+07,4.44138e+06,6.79999e+06,1.14976e+07,4.42649e+06,6.79999e+06,1.14972e+07,4.40789e+06,6.79999e+06,1.14969e+07,4.38471e+06,6.79999e+06,1.14965e+07,4.35592e+06,6.79999e+06,1.1496e+07,4.32027e+06,6.79999e+06,1.14955e+07,4.27629e+06,6.79999e+06,1.14949e+07,4.22231e+06,6.79999e+06,1.14942e+07,4.15647e+06,6.79999e+06,1.14934e+07,4.07676e+06,6.79999e+06,1.14926e+07,3.98112e+06,6.79999e+06,1.14916e+07,3.86765e+06,6.79999e+06,1.14905e+07,3.73474e+06,6.79999e+06,1.14892e+07,3.58148e+06,6.79999e+06,1.14878e+07,3.40785e+06,6.79999e+06,1.14862e+07,3.21513e+06,6.79999e+06,1.14844e+07,3.00605e+06,6.79999e+06,1.14823e+07,2.7848e+06,6.79999e+06,1.148e+07,2.5568e+06,6.79999e+06,1.14773e+07,2.32825e+06,6.79999e+06,13.5742,8.52444,0.508366,16.8306,13.2585,0.162638,20.0035,17.569,0.0507846,23.2616,22.4214,0.0158319,26.7328,28.3297,0.00493498,30.5212,35.6974,0.00153831,34.7178,44.9473,0.000479527,39.4086,56.5822,0.000149456,44.6796,71.2245,4.66214e-05,50.6209,89.6543,1.45419e-05,57.3297,112.852,4.54748e-06,64.9129,142.051,1.43857e-06,73.4897,178.803,4.36618e-07,83.1934,225.062,1.40153e-07,94.1745,283.286,4.96378e-08,106.602,356.568,1.05434e-07,120.669,448.799,-6.49244e-08,136.59,564.873,1.70148e-07,154.611,710.948,-5.34594e-08,175.008,894.767,1.63407e-07,198.097,1126.06,8.04804e-08,224.231,1417.07,1.14667e-07,253.813,1783.15,-1.71227e-07,287.297,2243.62,-2.88466e-07,325.198,2822.67,-4.33651e-07,368.098,3550.67,7.9318e-08,416.657,4465.65,3.13319e-07,471.621,5615.16,3.4613e-07,533.835,7058.61,-1.19199e-07,604.255,8870.02,-2.79964e-07,683.962,11141.4,-2.30521e-07,774.182,13986.7,-2.55099e-07,876.299,17546.4,1.23585e-07,991.883,21993.1,1.41192e-07,1122.71,27536.7,-9.71886e-08,1270.78,34430.7,-3.68368e-07,1438.38,42977.7,-3.45379e-07,1628.07,53532.7,-3.25328e-09,1842.77,66504.6,2.6362e-07,2085.77,82350.2,2.53445e-07,2360.79,101560,-2.47407e-08,2672.05,124632,-3.80602e-07,3024.31,152018,-4.79005e-07,3422.98,184060,-1.14379e-07,3874.15,220884,2.64297e-07,4384.72,262283,3.44131e-07,4962.49,307576,7.5349e-08,5616.29,355497,-3.63097e-07,6356.1,404126,-6.05442e-07,7193.18,450932,-2.72333e-07,8140.28,492963,2.29675e-07,9211.79,527178,4.3387e-07,10424,550893,-1.0711e-07,10.102,8.06553,2.81012,10.6436,8.57909,0.869423,11.5336,10.2515,0.270869,12.7211,12.7138,0.0844293,14.1823,15.9373,0.0263173,15.9122,20.0383,0.0082035,17.9198,25.2154,0.00255722,20.2244,31.7373,0.000797017,22.8539,39.9486,0.000248622,25.8438,50.2851,7.75492e-05,29.237,63.2963,2.42508e-05,33.0837,79.6738,7.67162e-06,37.4415,100.288,2.32837e-06,42.3767,126.236,7.33e-07,47.9646,158.896,2.79256e-07,54.2906,200.003,9.87351e-09,61.452,251.741,1.61085e-07,69.5585,316.859,-2.47141e-07,78.7347,398.812,8.93552e-08,89.1218,501.948,-2.53231e-07,100.879,631.736,-1.25047e-07,114.188,795.049,-1.78808e-07,129.252,1000.53,2.6733e-07,146.304,1259.03,4.50292e-07,165.605,1584.19,6.76904e-07,187.452,1993.12,-1.23808e-07,212.181,2507.27,-4.89068e-07,240.173,3153.54,-5.40284e-07,271.856,3965.56,1.86061e-07,307.719,4985.38,4.37004e-07,348.313,6265.4,3.59828e-07,394.26,7870.83,3.98192e-07,446.268,9882.51,-1.92908e-07,505.135,12400.3,-2.20392e-07,571.766,15546.9,1.51705e-07,647.184,19472.2,5.74996e-07,732.547,24357.4,5.39112e-07,829.167,30420,5.07815e-09,938.526,37916.3,-4.11492e-07,1062.3,47143.9,-3.9561e-07,1202.4,58439.2,3.86185e-08,1360.96,72169.3,5.94093e-07,1540.42,88715.8,7.47693e-07,1743.53,108445,1.78537e-07,1973.41,131665,-4.12549e-07,2233.57,158557,-5.37164e-07,2528,189103,-1.17615e-07,2861.2,222986,5.66769e-07,3238.27,259510,9.45053e-07,3664.97,297540,4.25093e-07,4147.81,335497,-3.58506e-07,4694.17,371444,-6.7724e-07,5312.37,403256,1.67192e-07,1.61744,3.89446,9.84394,3.28846,7.5504,12.774,5.07607,11.7187,13.6844,7.03202,16.8147,13.9681,9.20215,23.1769,14.0566,11.6301,31.1672,14.0841,14.3598,41.2186,14.0927,17.4376,53.8688,14.0954,20.9137,69.7915,14.0962,24.8432,89.8341,14.0965,29.2879,115.063,14.0966,34.3168,146.819,14.0966,40.0078,186.792,14.0966,46.4487,237.107,14.0966,53.7388,300.44,14.0966,61.9903,380.158,14.0966,71.3301,480.499,14.0966,81.902,606.796,14.0966,93.8685,765.761,14.0966,107.414,965.837,14.0966,122.746,1217.65,14.0966,140.101,1534.57,14.0966,159.745,1933.41,14.0966,181.981,2435.3,14.0966,207.15,3066.85,14.0966,235.64,3861.46,14.0966,267.889,4861.11,14.0966,304.391,6118.54,14.0966,345.709,7699.91,14.0966,392.478,9688.22,14.0966,445.417,12187.5,14.0966,505.339,15327.7,14.0966,573.165,19271.6,14.0966,649.938,24222,14.0966,736.839,30430.9,14.0966,835.202,38211.5,14.0966,946.539,47950.3,14.0966,1072.56,60122.8,14.0966,1215.21,75309.9,14.0966,1376.66,94216.2,14.0966,1559.41,117688,14.0966,1766.26,146729,14.0966,2000.39,182510,14.0966,2265.39,226372,14.0966,2565.33,279806,14.0966,2904.81,344416,14.0966,3289.05,421845,14.0966,3723.93,513667,14.0966,4216.13,621231,14.0966,4773.18,745478,14.0966,5403.64,886744,14.0966,6117.15,1.04457e+06,14.0966,6924.63,1.2176e+06,14.0966,11.7194,11.96,12.6541,13.9321,16.1295,13.6434,16.6097,21.9702,13.9553,19.7532,29.5285,14.0526,23.3844,39.1143,14.0829,27.5423,51.2054,14.0923,32.2796,66.434,14.0953,37.662,85.6061,14.0962,43.7675,109.74,14.0965,50.687,140.119,14.0966,58.5249,178.359,14.0966,67.4005,226.493,14.0966,77.4493,287.08,14.0966,88.8254,363.343,14.0966,101.703,459.336,14.0966,116.281,580.161,14.0966,132.782,732.241,14.0966,151.46,923.655,14.0966,172.603,1164.57,14.0966,196.535,1467.79,14.0966,223.625,1849.39,14.0966,254.288,2329.62,14.0966,288.997,2933.93,14.0966,328.285,3694.33,14.0966,372.755,4651.04,14.0966,423.092,5854.57,14.0966,480.07,7368.38,14.0966,544.564,9272.08,14.0966,617.566,11665.5,14.0966,700.197,14673.6,14.0966,793.729,18452.9,14.0966,899.599,23198.6,14.0966,1019.43,29154.1,14.0966,1155.07,36622.3,14.0966,1308.6,45977.9,14.0966,1482.39,57683.7,14.0966,1679.09,72307.8,14.0966,1901.73,90542.8,14.0966,2153.73,113226,14.0966,2438.97,141360,14.0966,2761.81,176127,14.0966,3127.22,218898,14.0966,3540.81,271226,14.0966,4008.92,334817,14.0966,4538.74,411470,14.0966,5138.38,502973,14.0966,5817.04,610948,14.0966,6585.12,736653,14.0966,7454.39,880741,14.0966,8438.15,1.04302e+06,14.0966,9551.45,1.22224e+06,14.0966,10811.3,1.41602e+06,14.0966,12237,1.62086e+06,14.0966,11.7194,11.96,12.6541,2.21263,4.16949,0.989383,2.67766,5.84076,0.311842,3.14343,7.55825,0.0972771,3.63127,9.58578,0.0303237,4.15787,12.0912,0.00945211,4.73731,15.2286,0.00294633,5.38238,19.1721,0.000918508,6.10553,24.134,0.000286163,6.91951,30.3791,8.92692e-05,7.83792,38.2397,2.78121e-05,8.87555,48.1338,8.65134e-06,10.0489,60.5876,2.7882e-06,11.3761,76.2629,8.29036e-07,12.8779,95.9927,2.4373e-07,14.5775,120.825,4.33068e-09,16.5012,152.08,1.75749e-07,18.6784,191.415,-1.86328e-07,21.1428,240.917,1.91829e-07,23.9322,303.213,-1.81475e-07,27.0895,381.602,7.0186e-08,30.6634,480.231,-2.86769e-08,34.7087,604.316,2.40784e-07,39.2876,760.401,9.87368e-08,44.4705,956.705,1.22263e-07,50.3371,1203.54,-4.31966e-07,56.9776,1513.81,-1.9705e-07,64.494,1903.69,-2.763e-08,73.0018,2393.4,3.9185e-07,82.6317,3008.13,1.35379e-07,93.5318,3779.25,-4.16351e-08,105.869,4745.7,2.06965e-08,119.834,5955.6,-3.18887e-07,135.641,7468.12,-1.48271e-08,153.531,9355.62,2.00739e-07,173.781,11705.8,2.28358e-07,196.701,14624.1,-1.93587e-08,222.642,18235,-2.88101e-07,252.003,22683.4,-2.24732e-07,285.234,28134,8.56806e-09,322.845,34767,2.34258e-07,365.413,42770.9,2.99668e-07,413.588,52327.9,8.28644e-08,468.111,63591.2,-3.07049e-07,529.814,76653.2,-3.1888e-07,599.642,91502.5,-6.72276e-08,678.662,107975,2.26339e-07,768.083,125705,3.69212e-07,869.267,144088,2.04077e-07,983.76,162277,-2.80509e-07,1113.3,179223,-4.22737e-07,1259.87,193777,-1.71951e-07,1425.68,204839,4.55555e-07,11.7194,11.96,12.6541,2.21263,4.16949,0.989383,2.67766,5.84076,0.311842,3.14343,7.55825,0.0972771,3.63127,9.58578,0.0303237,4.15787,12.0912,0.00945211,4.73731,15.2286,0.00294633,5.38238,19.1721,0.000918508,6.10553,24.134,0.000286163,6.91951,30.3791,8.92692e-05,7.83792,38.2397,2.78121e-05,8.87555,48.1338,8.65134e-06,10.0489,60.5876,2.7882e-06,11.3761,76.2629,8.29036e-07,12.8779,95.9927,2.4373e-07,14.5775,120.825,1e-08,16.5012,152.08,1.75749e-07,18.6784,191.415,1e-08,21.1428,240.917,1.91829e-07,23.9322,303.213,1e-08,27.0895,381.602,7.0186e-08,30.6634,480.231,1e-08,34.7087,604.316,2.40784e-07,39.2876,760.401,9.87368e-08,44.4705,956.705,1.22263e-07,50.3371,1203.54,1e-08,56.9776,1513.81,1e-08,64.494,1903.69,1e-08,73.0018,2393.4,3.9185e-07,82.6317,3008.13,1.35379e-07,93.5318,3779.25,1e-08,105.869,4745.7,2.06965e-08,119.834,5955.6,1e-08,135.641,7468.12,1e-08,153.531,9355.62,2.00739e-07,173.781,11705.8,2.28358e-07,196.701,14624.1,1e-08,222.642,18235,1e-08,252.003,22683.4,1e-08,285.234,28134,1e-08,322.845,34767,2.34258e-07,365.413,42770.9,2.99668e-07,413.588,52327.9,8.28644e-08,468.111,63591.2,1e-08,529.814,76653.2,1e-08,599.642,91502.5,1e-08,678.662,107975,2.26339e-07,768.083,125705,3.69212e-07,869.267,144088,2.04077e-07,983.76,162277,1e-08,1113.3,179223,1e-08,1259.87,193777,1e-08,1425.68,204839,4.55555e-07,6.2823,3.27286,2.43537,0.219672,6.18826,2.24117,0.56371,6.87772,2.63624,0.308279,16,16,16,0,6,0,7,2,1,5,8,0,1,9,0,4,24,0,5,6,0,2,22,0,8,38,0,11,43,0,7,62,0,10,35,0,11,44,0,13,121,0,10,74,0,11,50,0,19,113,0,21,91,0,17,158,0,22,299,0,33,319,0,25,584,0,33,443,0,31,572,0,63,1199,0,44,1752,0,33,1469,0,121,1489,0,68,2652,0,38,1533,0,161,2945,0,96,4156,0,192,4930,0,64,7687,0,81,7278,0,338,2362,0,148,13749,0,224,20884,0,134,17384,0,319,36653,0,274,28722,0,166,39207,0,220,99398,0,279,81282,0,558,37461,0,1015,90733,0,624,53531,0,710,193347,0,921,189070,0,650,205605,0,1159,201872,0,1768,324928,0,1963,166037,0
-1.05176e+08,1,8.88811e-15,10,1023,0,1.05176e+08,0.528882,1.08665,0.389689,0.145397,0.379329,3.24381,0.161596,0.446195,1.77396,0.159177,1.15e+07,4.49998e+06,6.79999e+06,1.15e+07,4.49997e+06,6.79999e+06,1.15e+07,4.49996e+06,6.79999e+06,1.15e+07,4.49995e+06,6.79999e+06,1.14999e+07,4.49993e+06,6.79999e+06,1.14999e+07,4.49991e+06,6.79999e+06,1.14999e+07,4.49989e+06,6.79999e+06,1.14999e+07,4.49986e+06,6.79999e+06,1.14999e+07,4.49982e+06,6.79999e+06,1.14999e+07,4.49977e+06,6.79999e+06,1.14999e+07,4.49971e+06,6.79999e+06,1.14999e+07,4.49963e+06,6.79999e+06,1.14998e+07,4.49953e+06,6.79999e+06,1.14998e+07,4.49941e+06,6.79999e+06,1.14998e+07,4.49926e+06,6.79999e+06,1.14998e+07,4.49906e+06,6.79999e+06,1.14997e+07,4.49882e+06,6.79999e+06,1.14997e+07,4.49851e+06,6.79999e+06,1.14997e+07,4.49812e+06,6.79999e+06,1.14996e+07,4.49764e+06,6.79999e+06,1.14996e+07,4.49702e+06,6.79999e+06,1.14995e+07,4.49625e+06,6.79999e+06,1.14995e+07,4.49528e+06,6.79999e+06,1.14994e+07,4.49406e+06,6.79999e+06,1.14993e+07,4.49253e+06,6.79999e+06,1.14992e+07,4.49059e+06,6.79999e+06,1.14991e+07,4.48817e+06,6.79999e+06,1.1499e+07,4.48511e+06,6.79999e+06,1.14988e+07,4.48128e+06,6.79999e+06,1.14987e+07,4.47646e+06,6.79999e+06,1.14985e+07,4.47041e+06,6.79999e+06,1.14983e+07,4.46281e+06,6.79999e+06,1.14981e+07,4.4533e+06,6.79999e+06,1.14979e+07,4.44138e+06,6.79999e+06,1.14976e+07,4.42649e+06,6.79999e+06,1.14972e+07,4.40789e+06,6.79999e+06,1.14969e+07,4.38471e+06,6.79999e+06,1.14965e+07,4.35592e+06,6.79999e+06,1.1496e+07,4.32027e+06,6.79999e+06,1.14955e+07,4.27629e+06,6.79999e+06,1.14949e+07,4.22231e+06,6.79999e+06,1.14942e+07,4.15647e+06,6.79999e+06,1.14934e+07,4.07676e+06,6.79999e+06,1.14926e+07,3.98112e+06,6.79999e+06,1.14916e+07,3.86765e+06,6.79999e+06,1.14905e+07,3.73474e+06,6.79999e+06,1.14892e+07,3.58148e+06,6.79999e+06,1.14878e+07,3.40785e+06,6.79999e+06,1.14862e+07,3.21513e+06,6.79999e+06,1.14844e+07,3.00605e+06,6.79999e+06,1.14823e+07,2.7848e+06,6.79999e+06,1.148e+07,2.5568e+06,6.79999e+06,1.14773e+07,2.32825e+06,6.79999e+06,13.5742,8.52444,0.508366,16.8306,13.2585,0.162638,20.0035,17.569,0.0507846,23.2616,22.4214,0.0158319,26.7328,28.3297,0.00493498,30.5212,35.6974,0.00153831,34.7178,44.9473,0.000479527,39.4086,56.5822,0.000149456,44.6796,71.2245,4.66214e-05,50.6209,89.6543,1.45419e-05,57.3297,112.852,4.54748e-06,64.9129,142.051,1.43857e-06,73.4897,178.803,4.36618e-07,83.1934,225.062,1.40153e-07,94.1745,283.286,4.96378e-08,106.602,356.568,1.05434e-07,120.669,448.799,-6.49244e-08,136.59,564.873,1.70148e-07,154.611,710.948,-5.34594e-08,175.008,894.767,1.63407e-07,198.097,1126.06,8.04804e-08,224.231,1417.07,1.14667e-07,253.813,1783.15,-1.71227e-07,287.297,2243.62,-2.88466e-07,325.198,2822.67,-4.33651e-07,368.098,3550.67,7.9318e-08,416.657,4465.65,3.13319e-07,471.621,5615.16,3.4613e-07,533.835,7058.61,-1.19199e-07,604.255,8870.02,-2.79964e-07,683.962,11141.4,-2.30521e-07,774.182,13986.7,-2.55099e-07,876.299,17546.4,1.23585e-07,991.883,21993.1,1.41192e-07,1122.71,27536.7,-9.71886e-08,1270.78,34430.7,-3.68368e-07,1438.38,42977.7,-3.45379e-07,1628.07,53532.7,-3.25328e-09,1842.77,66504.6,2.6362e-07,2085.77,82350.2,2.53445e-07,2360.79,101560,-2.47407e-08,2672.05,124632,-3.80602e-07,3024.31,152018,-4.79005e-07,3422.98,184060,-1.14379e-07,3874.15,220884,2.64297e-07,4384.72,262283,3.44131e-07,4962.49,307576,7.5349e-08,5616.29,355497,-3.63097e-07,6356.1,404126,-6.05442e-07,7193.18,450932,-2.72333e-07,8140.28,492963,2.29675e-07,9211.79,527178,4.3387e-07,10424,550893,-1.0711e-07,10.102,8.06553,2.81012,10.6436,8.57909,0.869423,11.5336,10.2515,0.270869,12.7211,12.7138,0.0844293,14.1823,15.9373,0.0263173,15.9122,20.0383,0.0082035,17.9198,25.2154,0.00255722,20.2244,31.7373,0.000797017,22.8539,39.9486,0.000248622,25.8438,50.2851,7.75492e-05,29.237,63.2963,2.42508e-05,33.0837,79.6738,7.67162e-06,37.4415,100.288,2.32837e-06,42.3767,126.236,7.33e-07,47.9646,158.896,2.79256e-07,54.2906,200.003,9.87351e-09,61.452,251.741,1.61085e-07,69.5585,316.859,-2.47141e-07,78.7347,398.812,8.93552e-08,89.1218,501.948,-2.53231e-07,100.879,631.736,-1.25047e-07,114.188,795.049,-1.78808e-07,129.252,1000.53,2.6733e-07,146.304,1259.03,4.50292e-07,165.605,1584.19,6.76904e-07,187.452,1993.12,-1.23808e-07,212.181,2507.27,-4.89068e-07,240.173,3153.54,-5.40284e-07,271.856,3965.56,1.86061e-07,307.719,4985.38,4.37004e-07,348.313,6265.4,3.59828e-07,394.26,7870.83,3.98192e-07,446.268,9882.51,-1.92908e-07,505.135,12400.3,-2.20392e-07,571.766,15546.9,1.51705e-07,647.184,19472.2,5.74996e-07,732.547,24357.4,5.39112e-07,829.167,30420,5.07815e-09,938.526,37916.3,-4.11492e-07,1062.3,47143.9,-3.9561e-07,1202.4,58439.2,3.86185e-08,1360.96,72169.3,5.94093e-07,1540.42,88715.8,7.47693e-07,1743.53,108445,1.78537e-07,1973.41,131665,-4.12549e-07,2233.57,158557,-5.37164e-07,2528,189103,-1.17615e-07,2861.2,222986,5.66769e-07,3238.27,259510,9.45053e-07,3664.97,297540,4.25093e-07,4147.81,335497,-3.58506e-07,4694.17,371444,-6.7724e-07,5312.37,403256,1.67192e-07,1.61744,3.89446,9.84394,3.28846,7.5504,12.774,5.07607,11.7187,13.6844,7.03202,16.8147,13.9681,9.20215,23.1769,14.0566,11.6301,31.1672,14.0841,14.3598,41.2186,14.0927,17.4376,53.8688,14.0954,20.9137,69.7915,14.0962,24.8432,89.8341,14.0965,29.2879,115.063,14.0966,34.3168,146.819,14.0966,40.0078,186.792,14.0966,46.4487,237.107,14.0966,53.7388,300.44,14.0966,61.9903,380.158,14.0966,71.3301,480.499,14.0966,81.902,606.796,14.0966,93.8685,765.761,14.0966,107.414,965.837,14.0966,122.746,1217.65,14.0966,140.101,1534.57,14.0966,159.745,1933.41,14.0966,181.981,2435.3,14.0966,207.15,3066.85,14.0966,235.64,3861.46,14.0966,267.889,4861.11,14.0966,304.391,6118.54,14.0966,345.709,7699.91,14.0966,392.478,9688.22,14.0966,445.417,12187.5,14.0966,505.339,15327.7,14.0966,573.165,19271.6,14.0966,649.938,24222,14.0966,736.839,30430.9,14.0966,835.202,38211.5,14.0966,946.539,47950.3,14.0966,1072.56,60122.8,14.0966,1215.21,75309.9,14.0966,1376.66,94216.2,14.0966,1559.41,117688,14.0966,1766.26,146729,14.0966,2000.39,182510,14.0966,2265.39,226372,14.0966,2565.33,279806,14.0966,2904.81,344416,14.0966,3289.05,421845,14.0966,3723.93,513667,14.0966,4216.13,621231,14.0966,4773.18,745478,14.0966,5403.64,886744,14.0966,6117.15,1.04457e+06,14.0966,6924.63,1.2176e+06,14.0966,11.7194,11.96,12.6541,13.9321,16.1295,13.6434,16.6097,21.9702,13.9553,19.7532,29.5285,14.0526,23.3844,39.1143,14.0829,27.5423,51.2054,14.0923,32.2796,66.434,14.0953,37.662,85.6061,14.0962,43.7675,109.74,14.0965,50.687,140.119,14.0966,58.5249,178.359,14.0966,67.4005,226.493,14.0966,77.4493,287.08,14.0966,88.8254,363.343,14.0966,101.703,459.336,14.0966,116.281,580.161,14.0966,132.782,732.241,14.0966,151.46,923.655,14.0966,172.603,1164.57,14.0966,196.535,1467.79,14.0966,223.625,1849.39,14.0966,254.288,2329.62,14.0966,288.997,2933.93,14.0966,328.285,3694.33,14.0966,372.755,4651.04,14.0966,423.092,5854.57,14.0966,480.07,7368.38,14.0966,544.564,9272.08,14.0966,617.566,11665.5,14.0966,700.197,14673.6,14.0966,793.729,18452.9,14.0966,899.599,23198.6,14.0966,1019.43,29154.1,14.0966,1155.07,36622.3,14.0966,1308.6,45977.9,14.0966,1482.39,57683.7,14.0966,1679.09,72307.8,14.0966,1901.73,90542.8,14.0966,2153.73,113226,14.0966,2438.97,141360,14.0966,2761.81,176127,14.0966,3127.22,218898,14.0966,3540.81,271226,14.0966,4008.92,334817,14.0966,4538.74,411470,14.0966,5138.38,502973,14.0966,5817.04,610948,14.0966,6585.12,736653,14.0966,7454.39,880741,14.0966,8438.15,1.04302e+06,14.0966,9551.45,1.22224e+06,14.0966,10811.3,1.41602e+06,14.0966,12237,1.62086e+06,14.0966,11.7194,11.96,12.6541,2.21263,4.16949,0.989383,2.67766,5.84076,0.311842,3.14343,7.55825,0.0972771,3.63127,9.58578,0.0303237,4.15787,12.0912,0.00945211,4.73731,15.2286,0.00294633,5.38238,19.1721,0.000918508,6.10553,24.134,0.000286163,6.91951,30.3791,8.92692e-05,7.83792,38.2397,2.78121e-05,8.87555,48.1338,8.65134e-06,10.0489,60.5876,2.7882e-06,11.3761,76.2629,8.29036e-07,12.8779,95.9927,2.4373e-07,14.5775,120.825,4.33068e-09,16.5012,152.08,1.75749e-07,18.6784,191.415,-1.86328e-07,21.1428,240.917,1.91829e-07,23.9322,303.213,-1.81475e-07,27.0895,381.602,7.0186e-08,30.6634,480.231,-2.86769e-08,34.7087,604.316,2.40784e-07,39.2876,760.401,9.87368e-08,44.4705,956.705,1.22263e-07,50.3371,1203.54,-4.31966e-07,56.9776,1513.81,-1.9705e-07,64.494,1903.69,-2.763e-08,73.0018,2393.4,3.9185e-07,82.6317,3008.13,1.35379e-07,93.5318,3779.25,-4.16351e-08,105.869,4745.7,2.06965e-08,119.834,5955.6,-3.18887e-07,135.641,7468.12,-1.48271e-08,153.531,9355.62,2.00739e-07,173.781,11705.8,2.28358e-07,196.701,14624.1,-1.93587e-08,222.642,18235,-2.88101e-07,252.003,22683.4,-2.24732e-07,285.234,28134,8.56806e-09,322.845,34767,2.34258e-07,365.413,42770.9,2.99668e-07,413.588,52327.9,8.28644e-08,468.111,63591.2,-3.07049e-07,529.814,76653.2,-3.1888e-07,599.642,91502.5,-6.72276e-08,678.662,107975,2.26339e-07,768.083,125705,3.69212e-07,869.267,144088,2.04077e-07,983.76,162277,-2.80509e-07,1113.3,179223,-4.22737e-07,1259.87,193777,-1.71951e-07,1425.68,204839,4.55555e-07,11.7194,11.96,12.6541,2.21263,4.16949,0.989383,2.67766,5.84076,0.311842,3.14343,7.55825,0.0972771,3.63127,9.58578,0.0303237,4.15787,12.0912,0.00945211,4.73731,15.2286,0.00294633,5.38238,19.1721,0.000918508,6.10553,24.134,0.000286163,6.91951,30.3791,8.92692e-05,7.83792,38.2397,2.78121e-05,8.87555,48.1338,8.65134e-06,10.0489,60.5876,2.7882e-06,11.3761,76.2629,8.29036e-07,12.8779,95.9927,2.4373e-07,14.5775,120.825,1e-08,16.5012,152.08,1.75749e-07,18.6784,191.415,1e-08,21.1428,240.917,1.91829e-07,23.9322,303.213,1e-08,27.0895,381.602,7.0186e-08,30.6634,480.231,1e-08,34.7087,604.316,2.40784e-07,39.2876,760.401,9.87368e-08,44.4705,956.705,1.22263e-07,50.3371,1203.54,1e-08,56.9776,1513.81,1e-08,64.494,1903.69,1e-08,73.0018,2393.4,3.9185e-07,82.6317,3008.13,1.35379e-07,93.5318,3779.25,1e-08,105.869,4745.7,2.06965e-08,119.834,5955.6,1e-08,135.641,7468.12,1e-08,153.531,9355.62,2.00739e-07,173.781,11705.8,2.28358e-07,196.701,14624.1,1e-08,222.642,18235,1e-08,252.003,22683.4,1e-08,285.234,28134,1e-08,322.845,34767,2.34258e-07,365.413,42770.9,2.99668e-07,413.588,52327.9,8.28644e-08,468.111,63591.2,1e-08,529.814,76653.2,1e-08,599.642,91502.5,1e-08,678.662,107975,2.26339e-07,768.083,125705,3.69212e-07,869.267,144088,2.04077e-07,983.76,162277,1e-08,1113.3,179223,1e-08,1259.87,193777,1e-08,1425.68,204839,4.55555e-07,6.2823,3.27286,2.43537,0.219672,6.18826,2.24117,0.56371,6.87772,2.63624,0.308279,16,3,14,2,8,1,0,5,1,7,3,0,2,6,0,5,12,0,2,19,0,6,23,0,2,2,0,15,26,0,13,25,0,18,68,0,7,76,0,11,58,0,16,122,0,15,111,0,8,270,0,15,213,0,33,185,0,13,204,0,30,468,0,52,169,0,37,499,0,45,644,0,32,872,0,39,2196,0,17,2188,0,58,1240,0,58,1594,0,60,1710,0,81,7267,0,119,4679,0,96,9832,0,89,4266,0,98,3409,0,165,9564,0,398,12626,0,239,11773,0,322,15149,0,326,7560,0,178,37856,0,652,14759,0,483,46836,0,483,41853,0,887,30942,0,640,177835,0,1169,165091,0,793,134428,0,478,217804,0,611,128651,0,862,121658,0,1355,199212,0,2306,300111,0
-1.05176e+08,1,8.88811e-15,10,1023,0,1.05176e+08,0.528882,1.08665,0.389689,0.145397,0.379329,3.24381,0.161596,0.446195,1.77396,0.159177,1.15e+07,4.49998e+06,6.79999e+06,1.15e+07,4.49997e+06,6.79999e+06,1.15e+07,4.49996e+06,6.79999e+06,1.15e+07,4.49995e+06,6.79999e+06,1.14999e+07,4.49993e+06,6.79999e+06,1.14999e+07,4.49991e+06,6.79999e+06,1.14999e+07,4.49989e+06,6.79999e+06,1.14999e+07,4.49986e+06,6.79999e+06,1.14999e+07,4.49982e+06,6.79999e+06,1.14999e+07,4.49977e+06,6.79999e+06,1.14999e+07,4.49971e+06,6.79999e+06,1.14999e+07,4.49963e+06,6.79999e+06,1.14998e+07,4.49953e+06,6.79999e+06,1.14998e+07,4.49941e+06,6.79999e+06,1.14998e+07,4.49926e+06,6.79999e+06,1.14998e+07,4.49906e+06,6.79999e+06,1.14997e+07,4.49882e+06,6.79999e+06,1.14997e+07,4.49851e+06,6.79999e+06,1.14997e+07,4.49812e+06,6.79999e+06,1.14996e+07,4.49764e+06,6.79999e+06,1.14996e+07,4.49702e+06,6.79999e+06,1.14995e+07,4.49625e+06,6.79999e+06,1.14995e+07,4.49528e+06,6.79999e+06,1.14994e+07,4.49406e+06,6.79999e+06,1.14993e+07,4.49253e+06,6.79999e+06,1.14992e+07,4.49059e+06,6.79999e+06,1.14991e+07,4.48817e+06,6.79999e+06,1.1499e+07,4.48511e+06,6.79999e+06,1.14988e+07,4.48128e+06,6.79999e+06,1.14987e+07,4.47646e+06,6.79999e+06,1.14985e+07,4.47041e+06,6.79999e+06,1.14983e+07,4.46281e+06,6.79999e+06,1.14981e+07,4.4533e+06,6.79999e+06,1.14979e+07,4.44138e+06,6.79999e+06,1.14976e+07,4.42649e+06,6.79999e+06,1.14972e+07,4.40789e+06,6.79999e+06,1.14969e+07,4.38471e+06,6.79999e+06,1.14965e+07,4.35592e+06,6.79999e+06,1.1496e+07,4.32027e+06,6.79999e+06,1.14955e+07,4.27629e+06,6.79999e+06,1.14949e+07,4.22231e+06,6.79999e+06,1.14942e+07,4.15647e+06,6.79999e+06,1.14934e+07,4.07676e+06,6.79999e+06,1.14926e+07,3.98112e+06,6.79999e+06,1.14916e+07,3.86765e+06,6.79999e+06,1.14905e+07,3.73474e+06,6.79999e+06,1.14892e+07,3.58148e+06,6.79999e+06,1.14878e+07,3.40785e+06,6.79999e+06,1.14862e+07,3.21513e+06,6.79999e+06,1.14844e+07,3.00605e+06,6.79999e+06,1.14823e+07,2.7848e+06,6.79999e+06,1.148e+07,2.5568e+06,6.79999e+06,1.14773e+07,2.32825e+06,6.79999e+06,13.5742,8.52444,0.508366,16.8306,13.2585,0.162638,20.0035,17.569,0.0507846,23.2616,22.4214,0.0158319,26.7328,28.3297,0.00493498,30.5212,35.6974,0.00153831,34.7178,44.9473,0.000479527,39.4086,56.5822,0.000149456,44.6796,71.2245,4.66214e-05,50.6209,89.6543,1.45419e-05,57.3297,112.852,4.54748e-06,64.9129,142.051,1.43857e-06,73.4897,178.803,4.36618e-07,83.1934,225.062,1.40153e-07,94.1745,283.286,4.96378e-08,106.602,356.568,1.05434e-07,120.669,448.799,-6.49244e-08,136.59,564.873,1.70148e-07,154.611,710.948,-5.34594e-08,175.008,894.767,1.63407e-07,198.097,1126.06,8.04804e-08,224.231,1417.07,1.14667e-07,253.813,1783.15,-1.71227e-07,287.297,2243.62,-2.88466e-07,325.198,2822.67,-4.33651e-07,368.098,3550.67,7.9318e-08,416.657,4465.65,3.13319e-07,471.621,5615.16,3.4613e-07,533.835,7058.61,-1.19199e-07,604.255,8870.02,-2.79964e-07,683.962,11141.4,-2.30521e-07,774.182,13986.7,-2.55099e-07,876.299,17546.4,1.23585e-07,991.883,21993.1,1.41192e-07,1122.71,27536.7,-9.71886e-08,1270.78,34430.7,-3.68368e-07,1438.38,42977.7,-3.45379e-07,1628.07,53532.7,-3.25328e-09,1842.77,66504.6,2.6362e-07,2085.77,82350.2,2.53445e-07,2360.79,101560,-2.47407e-08,2672.05,124632,-3.80602e-07,3024.31,152018,-4.79005e-07,3422.98,184060,-1.14379e-07,3874.15,220884,2.64297e-07,4384.72,262283,3.44131e-07,4962.49,307576,7.5349e-08,5616.29,355497,-3.63097e-07,6356.1,404126,-6.05442e-07,7193.18,450932,-2.72333e-07,8140.28,492963,2.29675e-07,9211.79,527178,4.3387e-07,10424,550893,-1.0711e-07,10.102,8.06553,2.81012,10.6436,8.57909,0.869423,11.5336,10.2515,0.270869,12.7211,12.7138,0.0844293,14.1823,15.9373,0.0263173,15.9122,20.0383,0.0082035,17.9198,25.2154,0.00255722,20.2244,31.7373,0.000797017,22.8539,39.9486,0.000248622,25.8438,50.2851,7.75492e-05,29.237,63.2963,2.42508e-05,33.0837,79.6738,7.67162e-06,37.4415,100.288,2.32837e-06,42.3767,126.236,7.33e-07,47.9646,158.896,2.79256e-07,54.2906,200.003,9.87351e-09,61.452,251.741,1.61085e-07,69.5585,316.859,-2.47141e-07,78.7347,398.812,8.93552e-08,89.1218,501.948,-2.53231e-07,100.879,631.736,-1.25047e-07,114.188,795.049,-1.78808e-07,129.252,1000.53,2.6733e-07,146.304,1259.03,4.50292e-07,165.605,1584.19,6.76904e-07,187.452,1993.12,-1.23808e-07,212.181,2507.27,-4.89068e-07,240.173,3153.54,-5.40284e-07,271.856,3965.56,1.86061e-07,307.719,4985.38,4.37004e-07,348.313,6265.4,3.59828e-07,394.26,7870.83,3.98192e-07,446.268,9882.51,-1.92908e-07,505.135,12400.3,-2.20392e-07,571.766,15546.9,1.51705e-07,647.184,19472.2,5.74996e-07,732.547,24357.4,5.39112e-07,829.167,30420,5.07815e-09,938.526,37916.3,-4.11492e-07,1062.3,47143.9,-3.9561e-07,1202.4,58439.2,3.86185e-08,1360.96,72169.3,5.94093e-07,1540.42,88715.8,7.47693e-07,1743.53,108445,1.78537e-07,1973.41,131665,-4.12549e-07,2233.57,158557,-5.37164e-07,2528,189103,-1.17615e-07,2861.2,222986,5.66769e-07,3238.27,259510,9.45053e-07,3664.97,297540,4.25093e-07,4147.81,335497,-3.58506e-07,4694.17,371444,-6.7724e-07,5312.37,403256,1.67192e-07,1.61744,3.89446,9.84394,3.28846,7.5504,12.774,5.07607,11.7187,13.6844,7.03202,16.8147,13.9681,9.20215,23.1769,14.0566,11.6301,31.1672,14.0841,14.3598,41.2186,14.0927,17.4376,53.8688,14.0954,20.9137,69.7915,14.0962,24.8432,89.8341,14.0965,29.2879,115.063,14.0966,34.3168,146.819,14.0966,40.0078,186.792,14.0966,46.4487,237.107,14.0966,53.7388,300.44,14.0966,61.9903,380.158,14.0966,71.3301,480.499,14.0966,81.902,606.796,14.0966,93.8685,765.761,14.0966,107.414,965.837,14.0966,122.746,1217.65,14.0966,140.101,1534.57,14.0966,159.745,1933.41,14.0966,181.981,2435.3,14.0966,207.15,3066.85,14.0966,235.64,3861.46,14.0966,267.889,4861.11,14.0966,304.391,6118.54,14.0966,345.709,7699.91,14.0966,392.478,9688.22,14.0966,445.417,12187.5,14.0966,505.339,15327.7,14.0966,573.165,19271.6,14.0966,649.938,24222,14.0966,736.839,30430.9,14.0966,835.202,38211.5,14.0966,946.539,47950.3,14.0966,1072.56,60122.8,14.0966,1215.21,75309.9,14.0966,1376.66,94216.2,14.0966,1559.41,117688,14.0966,1766.26,146729,14.0966,2000.39,182510,14.0966,2265.39,226372,14.0966,2565.33,279806,14.0966,2904.81,344416,14.0966,3289.05,421845,14.0966,3723.93,513667,14.0966,4216.13,621231,14.0966,4773.18,745478,14.0966,5403.64,886744,14.0966,6117.15,1.04457e+06,14.0966,6924.63,1.2176e+06,14.0966,11.7194,11.96,12.6541,13.9321,16.1295,13.6434,16.6097,21.9702,13.9553,19.7532,29.5285,14.0526,23.3844,39.1143,14.0829,27.5423,51.2054,14.0923,32.2796,66.434,14.0953,37.662,85.6061,14.0962,43.7675,109.74,14.0965,50.687,140.119,14.0966,58.5249,178.359,14.0966,67.4005,226.493,14.0966,77.4493,287.08,14.0966,88.8254,363.343,14.0966,101.703,459.336,14.0966,116.281,580.161,14.0966,132.782,732.241,14.0966,151.46,923.655,14.0966,172.603,1164.57,14.0966,196.535,1467.79,14.0966,223.625,1849.39,14.0966,254.288,2329.62,14.0966,288.997,2933.93,14.0966,328.285,3694.33,14.0966,372.755,4651.04,14.0966,423.092,5854.57,14.0966,480.07,7368.38,14.0966,544.564,9272.08,14.0966,617.566,11665.5,14.0966,700.197,14673.6,14.0966,793.729,18452.9,14.0966,899.599,23198.6,14.0966,1019.43,29154.1,14.0966,1155.07,36622.3,14.0966,1308.6,45977.9,14.0966,1482.39,57683.7,14.0966,1679.09,72307.8,14.0966,1901.73,90542.8,14.0966,2153.73,113226,14.0966,2438.97,141360,14.0966,2761.81,176127,14.0966,3127.22,218898,14.0966,3540.81,271226,14.0966,4008.92,334817,14.0966,4538.74,411470,14.0966,5138.38,502973,14.0966,5817.04,610948,14.0966,6585.12,736653,14.0966,7454.39,880741,14.0966,8438.15,1.04302e+06,14.0966,9551.45,1.22224e+06,14.0966,10811.3,1.41602e+06,14.0966,12237,1.62086e+06,14.0966,11.7194,11.96,12.6541,2.21263,4.16949,0.989383,2.67766,5.84076,0.311842,3.14343,7.55825,0.0972771,3.63127,9.58578,0.0303237,4.15787,12.0912,0.00945211,4.73731,15.2286,0.00294633,5.38238,19.1721,0.000918508,6.10553,24.134,0.000286163,6.91951,30.3791,8.92692e-05,7.83792,38.2397,2.78121e-05,8.87555,48.1338,8.65134e-06,10.0489,60.5876,2.7882e-06,11.3761,76.2629,8.29036e-07,12.8779,95.9927,2.4373e-07,14.5775,120.825,4.33068e-09,16.5012,152.08,1.75749e-07,18.6784,191.415,-1.86328e-07,21.1428,240.917,1.91829e-07,23.9322,303.213,-1.81475e-07,27.0895,381.602,7.0186e-08,30.6634,480.231,-2.86769e-08,34.7087,604.316,2.40784e-07,39.2876,760.401,9.87368e-08,44.4705,956.705,1.22263e-07,50.3371,1203.54,-4.31966e-07,56.9776,1513.81,-1.9705e-07,64.494,1903.69,-2.763e-08,73.0018,2393.4,3.9185e-07,82.6317,3008.13,1.35379e-07,93.5318,3779.25,-4.16351e-08,105.869,4745.7,2.06965e-08,119.834,5955.6,-3.18887e-07,135.641,7468.12,-1.48271e-08,153.531,9355.62,2.00739e-07,173.781,11705.8,2.28358e-07,196.701,14624.1,-1.93587e-08,222.642,18235,-2.88101e-07,252.003,22683.4,-2.24732e-07,285.234,28134,8.56806e-09,322.845,34767,2.34258e-07,365.413,42770.9,2.99668e-07,413.588,52327.9,8.28644e-08,468.111,63591.2,-3.07049e-07,529.814,76653.2,-3.1888e-07,599.642,91502.5,-6.72276e-08,678.662,107975,2.26339e-07,768.083,125705,3.69212e-07,869.267,144088,2.04077e-07,983.76,162277,-2.80509e-07,1113.3,179223,-4.22737e-07,1259.87,193777,-1.71951e-07,1425.68,204839,4.55555e-07,11.7194,11.96,12.6541,2.21263,4.16949,0.989383,2.67766,5.84076,0.311842,3.14343,7.55825,0.0972771,3.63127,9.58578,0.0303237,4.15787,12.0912,0.00945211,4.73731,15.2286,0.00294633,5.38238,19.1721,0.000918508,6.10553,24.134,0.000286163,6.91951,30.3791,8.92692e-05,7.83792,38.2397,2.78121e-05,8.87555,48.1338,8.65134e-06,10.0489,60.5876,2.7882e-06,11.3761,76.2629,8.29036e-07,12.8779,95.9927,2.4373e-07,14.5775,120.825,1e-08,16.5012,152.08,1.75749e-07,18.6784,191.415,1e-08,21.1428,240.917,1.91829e-07,23.9322,303.213,1e-08,27.0895,381.602,7.0186e-08,30.6634,480.231,1e-08,34.7087,604.316,2.40784e-07,39.2876,760.401,9.87368e-08,44.4705,956.705,1.22263e-07,50.3371,1203.54,1e-08,56.9776,1513.81,1e-08,64.494,1903.69,1e-08,73.0018,2393.4,3.9185e-07,82.6317,3008.13,1.35379e-07,93.5318,3779.25,1e-08,105.869,4745.7,2.06965e-08,119.834,5955.6,1e-08,135.641,7468.12,1e-08,153.531,9355.62,2.00739e-07,173.781,11705.8,2.28358e-07,196.701,14624.1,1e-08,222.642,18235,1e-08,252.003,22683.4,1e-08,285.234,28134,1e-08,322.845,34767,2.34258e-07,365.413,42770.9,2.99668e-07,413.588,52327.9,8.28644e-08,468.111,63591.2,1e-08,529.814,76653.2,1e-08,599.642,91502.5,1e-08,678.662,107975,2.26339e-07,768.083,125705,3.69212e-07,869.267,144088,2.04077e-07,983.76,162277,1e-08,1113.3,179223,1e-08,1259.87,193777,1e-08,1425.68,204839,4.55555e-07,6.2823,3.27286,2.43537,0.219672,6.18826,2.24117,0.56371,6.87772,2.63624,0.308279,16,11,14,3,5,2,3,2,1,4,7,0,4,7,0,2,11,0,9,17,0,4,31,0,7,10,0,1,30,0,3,46,0,3,23,0,6,60,0,3,87,0,12,129,0,24,210,0,19,207,0,12,133,0,12,238,0,22,201,0,31,532,0,43,272,0,53,760,0,40,791,0,38,629,0,64,531,0,97,1518,0,53,4244,0,45,1631,0,77,3529,0,50,3311,0,93,2121,0,142,5424,0,127,3858,0,202,4705,0,186,22363,0,232,14963,0,304,17315,0,359,22344,0,329,34414,0,535,34374,0,249,51215,0,242,53168,0,426,44016,0,688,39692,0,448,55280,0,1055,104285,0,475,115581,0,699,99049,0,798,263302,0,980,172959,0,982,230675,0,1125,343621,0
-1.05176e+08,1,8.88811e-15,10,1023,0,1.05176e+08,0.528882,1.08665,0.389689,0.145397,0.379329,3.24381,0.161596,0.446195,1.77396,0.159177,1.15e+07,4.49998e+06,6.79999e+06,1.15e+07,4.49997e+06,6.79999e+06,1.15e+07,4.49996e+06,6.79999e+06,1.15e+07,4.49995e+06,6.79999e+06,1.14999e+07,4.49993e+06,6.79999e+06,1.14999e+07,4.49991e+06,6.79999e+06,1.14999e+07,4.49989e+06,6.79999e+06,1.14999e+07,4.49986e+06,6.79999e+06,1.14999e+07,4.49982e+06,6.79999e+06,1.14999e+07,4.49977e+06,6.79999e+06,1.14999e+07,4.49971e+06,6.79999e+06,1.14999e+07,4.49963e+06,6.79999e+06,1.14998e+07,4.49953e+06,6.79999e+06,1.14998e+07,4.49941e+06,6.79999e+06,1.14998e+07,4.49926e+06,6.79999e+06,1.14998e+07,4.49906e+06,6.79999e+06,1.14997e+07,4.49882e+06,6.79999e+06,1.14997e+07,4.49851e+06,6.79999e+06,1.14997e+07,4.49812e+06,6.79999e+06,1.14996e+07,4.49764e+06,6.79999e+06,1.14996e+07,4.49702e+06,6.79999e+06,1.14995e+07,4.49625e+06,6.79999e+06,1.14995e+07,4.49528e+06,6.79999e+06,1.14994e+07,4.49406e+06,6.79999e+06,1.14993e+07,4.49253e+06,6.79999e+06,1.14992e+07,4.49059e+06,6.79999e+06,1.14991e+07,4.48817e+06,6.79999e+06,1.1499e+07,4.48511e+06,6.79999e+06,1.14988e+07,4.48128e+06,6.79999e+06,1.14987e+07,4.47646e+06,6.79999e+06,1.14985e+07,4.47041e+06,6.79999e+06,1.14983e+07,4.46281e+06,6.79999e+06,1.14981e+07,4.4533e+06,6.79999e+06,1.14979e+07,4.44138e+06,6.79999e+06,1.14976e+07,4.42649e+06,6.79999e+06,1.14972e+07,4.40789e+06,6.79999e+06,1.14969e+07,4.38471e+06,6.79999e+06,1.14965e+07,4.35592e+06,6.79999e+06,1.1496e+07,4.32027e+06,6.79999e+06,1.14955e+07,4.27629e+06,6.79999e+06,1.14949e+07,4.22231e+06,6.79999e+06,1.14942e+07,4.15647e+06,6.79999e+06,1.14934e+07,4.07676e+06,6.79999e+06,1.14926e+07,3.98112e+06,6.79999e+06,1.14916e+07,3.86765e+06,6.79999e+06,1.14905e+07,3.73474e+06,6.79999e+06,1.14892e+07,3.58148e+06,6.79999e+06,1.14878e+07,3.40785e+06,6.79999e+06,1.14862e+07,3.21513e+06,6.79999e+06,1.14844e+07,3.00605e+06,6.79999e+06,1.14823e+07,2.7848e+06,6.79999e+06,1.148e+07,2.5568e+06,6.79999e+06,1.14773e+07,2.32825e+06,6.79999e+06,13.5742,8.52444,0.508366,16.8306,13.2585,0.162638,20.0035,17.569,0.0507846,23.2616,22.4214,0.0158319,26.7328,28.3297,0.00493498,30.5212,35.6974,0.00153831,34.7178,44.9473,0.000479527,39.4086,56.5822,0.000149456,44.6796,71.2245,4.66214e-05,50.6209,89.6543,1.45419e-05,57.3297,112.852,4.54748e-06,64.9129,142.051,1.43857e-06,73.4897,178.803,4.36618e-07,83.1934,225.062,1.40153e-07,94.1745,283.286,4.96378e-08,106.602,356.568,1.05434e-07,120.669,448.799,-6.49244e-08,136.59,564.873,1.70148e-07,154.611,710.948,-5.34594e-08,175.008,894.767,1.63407e-07,198.097,1126.06,8.04804e-08,224.231,1417.07,1.14667e-07,253.813,1783.15,-1.71227e-07,287.297,2243.62,-2.88466e-07,325.198,2822.67,-4.33651e-07,368.098,3550.67,7.9318e-08,416.657,4465.65,3.13319e-07,471.621,5615.16,3.4613e-07,533.835,7058.61,-1.19199e-07,604.255,8870.02,-2.79964e-07,683.962,11141.4,-2.30521e-07,774.182,13986.7,-2.55099e-07,876.299,17546.4,1.23585e-07,991.883,21993.1,1.41192e-07,1122.71,27536.7,-9.71886e-08,1270.78,34430.7,-3.68368e-07,1438.38,42977.7,-3.45379e-07,1628.07,53532.7,-3.25328e-09,1842.77,66504.6,2.6362e-07,2085.77,82350.2,2.53445e-07,2360.79,101560,-2.47407e-08,2672.05,124632,-3.80602e-07,3024.31,152018,-4.79005e-07,3422.98,184060,-1.14379e-07,3874.15,220884,2.64297e-07,4384.72,262283,3.44131e-07,4962.49,307576,7.5349e-08,5616.29,355497,-3.63097e-07,6356.1,404126,-6.05442e-07,7193.18,450932,-2.72333e-07,8140.28,492963,2.29675e-07,9211.79,527178,4.3387e-07,10424,550893,-1.0711e-07,10.102,8.06553,2.81012,10.6436,8.57909,0.869423,11.5336,10.2515,0.270869,12.7211,12.7138,0.0844293,14.1823,15.9373,0.0263173,15.9122,20.0383,0.0082035,17.9198,25.2154,0.00255722,20.2244,31.7373,0.000797017,22.8539,39.9486,0.000248622,25.8438,50.2851,7.75492e-05,29.237,63.2963,2.42508e-05,33.0837,79.6738,7.67162e-06,37.4415,100.288,2.32837e-06,42.3767,126.236,7.33e-07,47.9646,158.896,2.79256e-07,54.2906,200.003,9.87351e-09,61.452,251.741,1.61085e-07,69.5585,316.859,-2.47141e-07,78.7347,398.812,8.93552e-08,89.1218,501.948,-2.53231e-07,100.879,631.736,-1.25047e-07,114.188,795.049,-1.78808e-07,129.252,1000.53,2.6733e-07,146.304,1259.03,4.50292e-07,165.605,1584.19,6.76904e-07,187.452,1993.12,-1.23808e-07,212.181,2507.27,-4.89068e-07,240.173,3153.54,-5.40284e-07,271.856,3965.56,1.86061e-07,307.719,4985.38,4.37004e-07,348.313,6265.4,3.59828e-07,394.26,7870.83,3.98192e-07,446.268,9882.51,-1.92908e-07,505.135,12400.3,-2.20392e-07,571.766,15546.9,1.51705e-07,647.184,19472.2,5.74996e-07,732.547,24357.4,5.39112e-07,829.167,30420,5.07815e-09,938.526,37916.3,-4.11492e-07,1062.3,47143.9,-3.9561e-07,1202.4,58439.2,3.86185e-08,1360.96,72169.3,5.94093e-07,1540.42,88715.8,7.47693e-07,1743.53,108445,1.78537e-07,1973.41,131665,-4.12549e-07,2233.57,158557,-5.37164e-07,2528,189103,-1.17615e-07,2861.2,222986,5.66769e-07,3238.27,259510,9.45053e-07,3664.97,297540,4.25093e-07,4147.81,335497,-3.58506e-07,4694.17,371444,-6.7724e-07,5312.37,403256,1.67192e-07,1.61744,3.89446,9.84394,3.28846,7.5504,12.774,5.07607,11.7187,13.6844,7.03202,16.8147,13.9681,9.20215,23.1769,14.0566,11.6301,31.1672,14.0841,14.3598,41.2186,14.0927,17.4376,53.8688,14.0954,20.9137,69.7915,14.0962,24.8432,89.8341,14.0965,29.2879,115.063,14.0966,34.3168,146.819,14.0966,40.0078,186.792,14.0966,46.4487,237.107,14.0966,53.7388,300.44,14.0966,61.9903,380.158,14.0966,71.3301,480.499,14.0966,81.902,606.796,14.0966,93.8685,765.761,14.0966,107.414,965.837,14.0966,122.746,1217.65,14.0966,140.101,1534.57,14.0966,159.745,1933.41,14.0966,181.981,2435.3,14.0966,207.15,3066.85,14.0966,235.64,3861.46,14.0966,267.889,4861.11,14.0966,304.391,6118.54,14.0966,345.709,7699.91,14.0966,392.478,9688.22,14.0966,445.417,12187.5,14.0966,505.339,15327.7,14.0966,573.165,19271.6,14.0966,649.938,24222,14.0966,736.839,30430.9,14.0966,835.202,38211.5,14.0966,946.539,47950.3,14.0966,1072.56,60122.8,14.0966,1215.21,75309.9,14.0966,1376.66,94216.2,14.0966,1559.41,117688,14.0966,1766.26,146729,14.0966,2000.39,182510,14.0966,2265.39,226372,14.0966,2565.33,279806,14.0966,2904.81,344416,14.0966,3289.05,421845,14.0966,3723.93,513667,14.0966,4216.13,621231,14.0966,4773.18,745478,14.0966,5403.64,886744,14.0966,6117.15,1.04457e+06,14.0966,6924.63,1.2176e+06,14.0966,11.7194,11.96,12.6541,13.9321,16.1295,13.6434,16.6097,21.9702,13.9553,19.7532,29.5285,14.0526,23.3844,39.1143,14.0829,27.5423,51.2054,14.0923,32.2796,66.434,14.0953,37.662,85.6061,14.0962,43.7675,109.74,14.0965,50.687,140.119,14.0966,58.5249,178.359,14.0966,67.4005,226.493,14.0966,77.4493,287.08,14.0966,88.8254,363.343,14.0966,101.703,459.336,14.0966,116.281,580.161,14.0966,132.782,732.241,14.0966,151.46,923.655,14.0966,172.603,1164.57,14.0966,196.535,1467.79,14.0966,223.625,1849.39,14.0966,254.288,2329.62,14.0966,288.997,2933.93,14.0966,328.285,3694.33,14.0966,372.755,4651.04,14.0966,423.092,5854.57,14.0966,480.07,7368.38,14.0966,544.564,9272.08,14.0966,617.566,11665.5,14.0966,700.197,14673.6,14.0966,793.729,18452.9,14.0966,899.599,23198.6,14.0966,1019.43,29154.1,14.0966,1155.07,36622.3,14.0966,1308.6,45977.9,14.0966,1482.39,57683.7,14.0966,1679.09,72307.8,14.0966,1901.73,90542.8,14.0966,2153.73,113226,14.0966,2438.97,141360,14.0966,2761.81,176127,14.0966,3127.22,218898,14.0966,3540.81,271226,14.0966,4008.92,334817,14.0966,4538.74,411470,14.0966,5138.38,502973,14.0966,5817.04,610948,14.0966,6585.12,736653,14.0966,7454.39,880741,14.0966,8438.15,1.04302e+06,14.0966,9551.45,1.22224e+06,14.0966,10811.3,1.41602e+06,14.0966,12237,1.62086e+06,14.0966,11.7194,11.96,12.6541,2.21263,4.16949,0.989383,2.67766,5.84076,0.311842,3.14343,7.55825,0.0972771,3.63127,9.58578,0.0303237,4.15787,12.0912,0.00945211,4.73731,15.2286,0.00294633,5.38238,19.1721,0.000918508,6.10553,24.134,0.000286163,6.91951,30.3791,8.92692e-05,7.83792,38.2397,2.78121e-05,8.87555,48.1338,8.65134e-06,10.0489,60.5876,2.7882e-06,11.3761,76.2629,8.29036e-07,12.8779,95.9927,2.4373e-07,14.5775,120.825,4.33068e-09,16.5012,152.08,1.75749e-07,18.6784,191.415,-1.86328e-07,21.1428,240.917,1.91829e-07,23.9322,303.213,-1.81475e-07,27.0895,381.602,7.0186e-08,30.6634,480.231,-2.86769e-08,34.7087,604.316,2.40784e-07,39.2876,760.401,9.87368e-08,44.4705,956.705,1.22263e-07,50.3371,1203.54,-4.31966e-07,56.9776,1513.81,-1.9705e-07,64.494,1903.69,-2.763e-08,73.0018,2393.4,3.9185e-07,82.6317,3008.13,1.35379e-07,93.5318,3779.25,-4.16351e-08,105.869,4745.7,2.06965e-08,119.834,5955.6,-3.18887e-07,135.641,7468.12,-1.48271e-08,153.531,9355.62,2.00739e-07,173.781,11705.8,2.28358e-07,196.701,14624.1,-1.93587e-08,222.642,18235,-2.88101e-07,252.003,22683.4,-2.24732e-07,285.234,28134,8.56806e-09,322.845,34767,2.34258e-07,365.413,42770.9,2.99668e-07,413.588,52327.9,8.28644e-08,468.111,63591.2,-3.07049e-07,529.814,76653.2,-3.1888e-07,599.642,91502.5,-6.72276e-08,678.662,107975,2.26339e-07,768.083,125705,3.69212e-07,869.267,144088,2.04077e-07,983.76,162277,-2.80509e-07,1113.3,179223,-4.22737e-07,1259.87,193777,-1.71951e-07,1425.68,204839,4.55555e-07,11.7194,11.96,12.6541,2.21263,4.16949,0.989383,2.67766,5.84076,0.311842,3.14343,7.55825,0.0972771,3.63127,9.58578,0.0303237,4.15787,12.0912,0.00945211,4.73731,15.2286,0.00294633,5.38238,19.1721,0.000918508,6.10553,24.134,0.000286163,6.91951,30.3791,8.92692e-05,7.83792,38.2397,2.78121e-05,8.87555,48.1338,8.65134e-06,10.0489,60.5876,2.7882e-06,11.3761,76.2629,8.29036e-07,12.8779,95.9927,2.4373e-07,14.5775,120.825,1e-08,16.5012,152.08,1.75749e-07,18.6784,191.415,1e-08,21.1428,240.917,1.91829e-07,23.9322,303.213,1e-08,27.0895,381.602,7.0186e-08,30.6634,480.231,1e-08,34.7087,604.316,2.40784e-07,39.2876,760.401,9.87368e-08,44.4705,956.705,1.22263e-07,50.3371,1203.54,1e-08,56.9776,1513.81,1e-08,64.494,1903.69,1e-08,73.0018,2393.4,3.9185e-07,82.6317,3008.13,1.35379e-07,93.5318,3779.25,1e-08,105.869,4745.7,2.06965e-08,119.834,5955.6,1e-08,135.641,7468.12,1e-08,153.531,9355.62,2.00739e-07,173.781,11705.8,2.28358e-07,196.701,14624.1,1e-08,222.642,18235,1e-08,252.003,22683.4,1e-08,285.234,28134,1e-08,322.845,34767,2.34258e-07,365.413,42770.9,2.99668e-07,413.588,52327.9,8.28644e-08,468.111,63591.2,1e-08,529.814,76653.2,1e-08,599.642,91502.5,1e-08,678.662,107975,2.26339e-07,768.083,125705,3.69212e-07,869.267,144088,2.04077e-07,983.76,162277,1e-08,1113.3,179223,1e-08,1259.87,193777,1e-08,1425.68,204839,4.55555e-07,6.2823,3.27286,2.43537,0.219672,6.18826,2.24117,0.56371,6.87772,2.63624,0.308279,7,17,24,1,5,0,1,8,0,7,7,0,4,18,0,5,15,0,3,13,0,4,19,0,6,25,0,14,36,0,3,42,0,14,37,0,7,60,0,6,104,0,27,88,0,13,103,0,11,143,0,26,280,0,18,99,0,12,156,0,17,374,0,26,243,0,54,523,0,32,768,0,72,1028,0,32,1045,0,23,1929,0,120,1844,0,45,1719,0,112,2835,0,162,5712,0,152,3747,0,110,5227,0,174,10085,0,131,6582,0,447,5280,0,165,9871,0,411,8006,0,255,13252,0,392,17130,0,368,48475,0,284,63647,0,371,48839,0,710,64188,0,881,37031,0,669,107719,0,378,83334,0,954,221452,0,679,97667,0,899,168580,0,726,213089,0,789,131748,0,1447,374564,0
-1.05176e+08,1,8.88811e-15,10,1023,0,1.05176e+08,0.528882,1.08665,0.389689,0.145397,0.379329,3.24381,0.161596,0.446195,1.77396,0.159177,1.15e+07,4.49998e+06,6.79999e+06,1.15e+07,4.49997e+06,6.79999e+06,1.15e+07,4.49996e+06,6.79999e+06,1.15e+07,4.49995e+06,6.79999e+06,1.14999e+07,4.49993e+06,6.79999e+06,1.14999e+07,4.49991e+06,6.79999e+06,1.14999e+07,4.49989e+06,6.79999e+06,1.14999e+07,4.49986e+06,6.79999e+06,1.14999e+07,4.49982e+06,6.79999e+06,1.14999e+07,4.49977e+06,6.79999e+06,1.14999e+07,4.49971e+06,6.79999e+06,1.14999e+07,4.49963e+06,6.79999e+06,1.14998e+07,4.49953e+06,6.79999e+06,1.14998e+07,4.49941e+06,6.79999e+06,1.14998e+07,4.49926e+06,6.79999e+06,1.14998e+07,4.49906e+06,6.79999e+06,1.14997e+07,4.49882e+06,6.79999e+06,1.14997e+07,4.49851e+06,6.79999e+06,1.14997e+07,4.49812e+06,6.79999e+06,1.14996e+07,4.49764e+06,6.79999e+06,1.14996e+07,4.49702e+06,6.79999e+06,1.14995e+07,4.49625e+06,6.79999e+06,1.14995e+07,4.49528e+06,6.79999e+06,1.14994e+07,4.49406e+06,6.79999e+06,1.14993e+07,4.49253e+06,6.79999e+06,1.14992e+07,4.49059e+06,6.79999e+06,1.14991e+07,4.48817e+06,6.79999e+06,1.1499e+07,4.48511e+06,6.79999e+06,1.14988e+07,4.48128e+06,6.79999e+06,1.14987e+07,4.47646e+06,6.79999e+06,1.14985e+07,4.47041e+06,6.79999e+06,1.14983e+07,4.46281e+06,6.79999e+06,1.14981e+07,4.4533e+06,6.79999e+06,1.14979e+07,4.44138e+06,6.79999e+06,1.14976e+07,4.42649e+06,6.79999e+06,1.14972e+07,4.40789e+06,6.79999e+06,1.14969e+07,4.38471e+06,6.79999e+06,1.14965e+07,4.35592e+06,6.79999e+06,1.1496e+07,4.32027e+06,6.79999e+06,1.14955e+07,4.27629e+06,6.79999e+06,1.14949e+07,4.22231e+06,6.79999e+06,1.14942e+07,4.15647e+06,6.79999e+06,1.14934e+07,4.07676e+06,6.79999e+06,1.14926e+07,3.98112e+06,6.79999e+06,1.14916e+07,3.86765e+06,6.79999e+06,1.14905e+07,3.73474e+06,6.79999e+06,1.14892e+07,3.58148e+06,6.79999e+06,1.14878e+07,3.40785e+06,6.79999e+06,1.14862e+07,3.21513e+06,6.79999e+06,1.14844e+07,3.00605e+06,6.79999e+06,1.14823e+07,2.7848e+06,6.79999e+06,1.148e+07,2.5568e+06,6.79999e+06,1.14773e+07,2.32825e+06,6.79999e+06,13.5742,8.52444,0.508366,16.8306,13.2585,0.162638,20.0035,17.569,0.0507846,23.2616,22.4214,0.0158319,26.7328,28.3297,0.00493498,30.5212,35.6974,0.00153831,34.7178,44.9473,0.000479527,39.4086,56.5822,0.000149456,44.6796,71.2245,4.66214e-05,50.6209,89.6543,1.45419e-05,57.3297,112.852,4.54748e-06,64.9129,142.051,1.43857e-06,73.4897,178.803,4.36618e-07,83.1934,225.062,1.40153e-07,94.1745,283.286,4.96378e-08,106.602,356.568,1.05434e-07,120.669,448.799,-6.49244e-08,136.59,564.873,1.70148e-07,154.611,710.948,-5.34594e-08,175.008,894.767,1.63407e-07,198.097,1126.06,8.04804e-08,224.231,1417.07,1.14667e-07,253.813,1783.15,-1.71227e-07,287.297,2243.62,-2.88466e-07,325.198,2822.67,-4.33651e-07,368.098,3550.67,7.9318e-08,416.657,4465.65,3.13319e-07,471.621,5615.16,3.4613e-07,533.835,7058.61,-1.19199e-07,604.255,8870.02,-2.79964e-07,683.962,11141.4,-2.30521e-07,774.182,13986.7,-2.55099e-07,876.299,17546.4,1.23585e-07,991.883,21993.1,1.41192e-07,1122.71,27536.7,-9.71886e-08,1270.78,34430.7,-3.68368e-07,1438.38,42977.7,-3.45379e-07,1628.07,53532.7,-3.25328e-09,1842.77,66504.6,2.6362e-07,2085.77,82350.2,2.53445e-07,2360.79,101560,-2.47407e-08,2672.05,124632,-3.80602e-07,3024.31,152018,-4.79005e-07,3422.98,184060,-1.14379e-07,3874.15,220884,2.64297e-07,4384.72,262283,3.44131e-07,4962.49,307576,7.5349e-08,5616.29,355497,-3.63097e-07,6356.1,404126,-6.05442e-07,7193.18,450932,-2.72333e-07,8140.28,492963,2.29675e-07,9211.79,527178,4.3387e-07,10424,550893,-1.0711e-07,10.102,8.06553,2.81012,10.6436,8.57909,0.869423,11.5336,10.2515,0.270869,12.7211,12.7138,0.0844293,14.1823,15.9373,0.0263173,15.9122,20.0383,0.0082035,17.9198,25.2154,0.00255722,20.2244,31.7373,0.000797017,22.8539,39.9486,0.000248622,25.8438,50.2851,7.75492e-05,29.237,63.2963,2.42508e-05,33.0837,79.6738,7.67162e-06,37.4415,100.288,2.32837e-06,42.3767,126.236,7.33e-07,47.9646,158.896,2.79256e-07,54.2906,200.003,9.87351e-09,61.452,251.741,1.61085e-07,69.5585,316.859,-2.47141e-07,78.7347,398.812,8.93552e-08,89.1218,501.948,-2.53231e-07,100.879,631.736,-1.25047e-07,114.188,795.049,-1.78808e-07,129.252,1000.53,2.6733e-07,146.304,1259.03,4.50292e-07,165.605,1584.19,6.76904e-07,187.452,1993.12,-1.23808e-07,212.181,2507.27,-4.89068e-07,240.173,3153.54,-5.40284e-07,271.856,3965.56,1.86061e-07,307.719,4985.38,4.37004e-07,348.313,6265.4,3.59828e-07,394.26,7870.83,3.98192e-07,446.268,9882.51,-1.92908e-07,505.135,12400.3,-2.20392e-07,571.766,15546.9,1.51705e-07,647.184,19472.2,5.74996e-07,732.547,24357.4,5.39112e-07,829.167,30420,5.07815e-09,938.526,37916.3,-4.11492e-07,1062.3,47143.9,-3.9561e-07,1202.4,58439.2,3.86185e-08,1360.96,72169.3,5.94093e-07,1540.42,88715.8,7.47693e-07,1743.53,108445,1.78537e-07,1973.41,131665,-4.12549e-07,2233.57,158557,-5.37164e-07,2528,189103,-1.17615e-07,2861.2,222986,5.66769e-07,3238.27,259510,9.45053e-07,3664.97,297540,4.25093e-07,4147.81,335497,-3.58506e-07,4694.17,371444,-6.7724e-07,5312.37,403256,1.67192e-07,1.61744,3.89446,9.84394,3.28846,7.5504,12.774,5.07607,11.7187,13.6844,7.03202,16.8147,13.9681,9.20215,23.1769,14.0566,11.6301,31.1672,14.0841,14.3598,41.2186,14.0927,17.4376,53.8688,14.0954,20.9137,69.7915,14.0962,24.8432,89.8341,14.0965,29.2879,115.063,14.0966,34.3168,146.819,14.0966,40.0078,186.792,14.0966,46.4487,237.107,14.0966,53.7388,300.44,14.0966,61.9903,380.158,14.0966,71.3301,480.499,14.0966,81.902,606.796,14.0966,93.8685,765.761,14.0966,107.414,965.837,14.0966,122.746,1217.65,14.0966,140.101,1534.57,14.0966,159.745,1933.41,14.0966,181.981,2435.3,14.0966,207.15,3066.85,14.0966,235.64,3861.46,14.0966,267.889,4861.11,14.0966,304.391,6118.54,14.0966,345.709,7699.91,14.0966,392.478,9688.22,14.0966,445.417,12187.5,14.0966,505.339,15327.7,14.0966,573.165,19271.6,14.0966,649.938,24222,14.0966,736.839,30430.9,14.0966,835.202,38211.5,14.0966,946.539,47950.3,14.0966,1072.56,60122.8,14.0966,1215.21,75309.9,14.0966,1376.66,94216.2,14.0966,1559.41,117688,14.0966,1766.26,146729,14.0966,2000.39,182510,14.0966,2265.39,226372,14.0966,2565.33,279806,14.0966,2904.81,344416,14.0966,3289.05,421845,14.0966,3723.93,513667,14.0966,4216.13,621231,14.0966,4773.18,745478,14.0966,5403.64,886744,14.0966,6117.15,1.04457e+06,14.0966,6924.63,1.2176e+06,14.0966,11.7194,11.96,12.6541,13.9321,16.1295,13.6434,16.6097,21.9702,13.9553,19.7532,29.5285,14.0526,23.3844,39.1143,14.0829,27.5423,51.2054,14.0923,32.2796,66.434,14.0953,37.662,85.6061,14.0962,43.7675,109.74,14.0965,50.687,140.119,14.0966,58.5249,178.359,14.0966,67.4005,226.493,14.0966,77.4493,287.08,14.0966,88.8254,363.343,14.0966,101.703,459.336,14.0966,116.281,580.161,14.0966,132.782,732.241,14.0966,151.46,923.655,14.0966,172.603,1164.57,14.0966,196.535,1467.79,14.0966,223.625,1849.39,14.0966,254.288,2329.62,14.0966,288.997,2933.93,14.0966,328.285,3694.33,14.0966,372.755,4651.04,14.0966,423.092,5854.57,14.0966,480.07,7368.38,14.0966,544.564,9272.08,14.0966,617.566,11665.5,14.0966,700.197,14673.6,14.0966,793.729,18452.9,14.0966,899.599,23198.6,14.0966,1019.43,29154.1,14.0966,1155.07,36622.3,14.0966,1308.6,45977.9,14.0966,1482.39,57683.7,14.0966,1679.09,72307.8,14.0966,1901.73,90542.8,14.0966,2153.73,113226,14.0966,2438.97,141360,14.0966,2761.81,176127,14.0966,3127.22,218898,14.0966,3540.81,271226,14.0966,4008.92,334817,14.0966,4538.74,411470,14.0966,5138.38,502973,14.0966,5817.04,610948,14.0966,6585.12,736653,14.0966,7454.39,880741,14.0966,8438.15,1.04302e+06,14.0966,9551.45,1.22224e+06,14.0966,10811.3,1.41602e+06,14.0966,12237,1.62086e+06,14.0966,11.7194,11.96,12.6541,2.21263,4.16949,0.989383,2.67766,5.84076,0.311842,3.14343,7.55825,0.0972771,3.63127,9.58578,0.0303237,4.15787,12.0912,0.00945211,4.73731,15.2286,0.00294633,5.38238,19.1721,0.000918508,6.10553,24.134,0.000286163,6.91951,30.3791,8.92692e-05,7.83792,38.2397,2.78121e-05,8.87555,48.1338,8.65134e-06,10.0489,60.5876,2.7882e-06,11.3761,76.2629,8.29036e-07,12.8779,95.9927,2.4373e-07,14.5775,120.825,4.33068e-09,16.5012,152.08,1.75749e-07,18.6784,191.415,-1.86328e-07,21.1428,240.917,1.91829e-07,23.9322,303.213,-1.81475e-07,27.0895,381.602,7.0186e-08,30.6634,480.231,-2.86769e-08,34.7087,604.316,2.40784e-07,39.2876,760.401,9.87368e-08,44.4705,956.705,1.22263e-07,50.3371,1203.54,-4.31966e-07,56.9776,1513.81,-1.9705e-07,64.494,1903.69,-2.763e-08,73.0018,2393.4,3.9185e-07,82.6317,3008.13,1.35379e-07,93.5318,3779.25,-4.16351e-08,105.869,4745.7,2.06965e-08,119.834,5955.6,-3.18887e-07,135.641,7468.12,-1.48271e-08,153.531,9355.62,2.00739e-07,173.781,11705.8,2.28358e-07,196.701,14624.1,-1.93587e-08,222.642,18235,-2.88101e-07,252.003,22683.4,-2.24732e-07,285.234,28134,8.56806e-09,322.845,34767,2.34258e-07,365.413,42770.9,2.99668e-07,413.588,52327.9,8.28644e-08,468.111,63591.2,-3.07049e-07,529.814,76653.2,-3.1888e-07,599.642,91502.5,-6.72276e-08,678.662,107975,2.26339e-07,768.083,125705,3.69212e-07,869.267,144088,2.04077e-07,983.76,162277,-2.80509e-07,1113.3,179223,-4.22737e-07,1259.87,193777,-1.71951e-07,1425.68,204839,4.55555e-07,11.7194,11.96,12.6541,2.21263,4.16949,0.989383,2.67766,5.84076,0.311842,3.14343,7.55825,0.0972771,3.63127,9.58578,0.0303237,4.15787,12.0912,0.00945211,4.73731,15.2286,0.00294633,5.38238,19.1721,0.000918508,6.10553,24.134,0.000286163,6.91951,30.3791,8.92692e-05,7.83792,38.2397,2.78121e-05,8.87555,48.1338,8.65134e-06,10.0489,60.5876,2.7882e-06,11.3761,76.2629,8.29036e-07,12.8779,95.9927,2.4373e-07,14.5775,120.825,1e-08,16.5012,152.08,1.75749e-07,18.6784,191.415,1e-08,21.1428,240.917,1.91829e-07,23.9322,303.213,1e-08,27.0895,381.602,7.0186e-08,30.6634,480.231,1e-08,34.7087,604.316,2.40784e-07,39.2876,760.401,9.87368e-08,44.4705,956.705,1.22263e-07,50.3371,1203.54,1e-08,56.9776,1513.81,1e-08,64.494,1903.69,1e-08,73.0018,2393.4,3.9185e-07,82.6317,3008.13,1.35379e-07,93.5318,3779.25,1e-08,105.869,4745.7,2.06965e-08,119.834,5955.6,1e-08,135.641,7468.12,1e-08,153.531,9355.62,2.00739e-07,173.781,11705.8,2.28358e-07,196.701,14624.1,1e-08,222.642,18235,1e-08,252.003,22683.4,1e-08,285.234,28134,1e-08,322.845,34767,2.34258e-07,365.413,42770.9,2.99668e-07,413.588,52327.9,8.28644e-08,468.111,63591.2,1e-08,529.814,76653.2,1e-08,599.642,91502.5,1e-08,678.662,107975,2.26339e-07,768.083,125705,3.69212e-07,869.267,144088,2.04077e-07,983.76,162277,1e-08,1113.3,179223,1e-08,1259.87,193777,1e-08,1425.68,204839,4.55555e-07,6.2823,3.27286,2.43537,0.219672,6.18826,2.24117,0.56371,6.87772,2.63624,0.308279,2,14,16,2,10,1,3,10,0,2,13,0,3,17,0,7,11,0,5,13,0,2,12,0,3,12,0,6,28,0,13,37,0,15,34,0,13,99,0,9,108,0,6,91,0,14,96,0,10,124,0,39,347,0,10,201,0,28,172,0,21,505,0,41,556,0,34,230,0,43,1203,0,18,1150,0,51,662,0,67,787,0,36,1918,0,57,2034,0,83,1104,0,79,2146,0,119,3363,0,116,1035,0,129,8227,0,78,2672,0,201,6382,0,96,8139,0,149,34690,0,414,9826,0,355,16614,0,249,43436,0,229,53957,0,338,55330,0,333,43715,0,836,110316,0,373,146387,0,633,148233,0,1106,118796,0,900,200039,0,429,118778,0,1011,251896,0,1387,141026,0,2305,54186,0
-1.05176e+08,1,8.88811e-15,10,1023,0,1.05176e+08,0.528882,1.08665,0.389689,0.145397,0.379329,3.24381,0.161596,0.446195,1.77396,0.159177,1.15e+07,4.49998e+06,6.79999e+06,1.15e+07,4.49997e+06,6.79999e+06,1.15e+07,4.49996e+06,6.79999e+06,1.15e+07,4.49995e+06,6.79999e+06,1.14999e+07,4.49993e+06,6.79999e+06,1.14999e+07,4.49991e+06,6.79999e+06,1.14999e+07,4.49989e+06,6.79999e+06,1.14999e+07,4.49986e+06,6.79999e+06,1.14999e+07,4.49982e+06,6.79999e+06,1.14999e+07,4.49977e+06,6.79999e+06,1.14999e+07,4.49971e+06,6.79999e+06,1.14999e+07,4.49963e+06,6.79999e+06,1.14998e+07,4.49953e+06,6.79999e+06,1.14998e+07,4.49941e+06,6.79999e+06,1.14998e+07,4.49926e+06,6.79999e+06,1.14998e+07,4.49906e+06,6.79999e+06,1.14997e+07,4.49882e+06,6.79999e+06,1.14997e+07,4.49851e+06,6.79999e+06,1.14997e+07,4.49812e+06,6.79999e+06,1.14996e+07,4.49764e+06,6.79999e+06,1.14996e+07,4.49702e+06,6.79999e+06,1.14995e+07,4.49625e+06,6.79999e+06,1.14995e+07,4.49528e+06,6.79999e+06,1.14994e+07,4.49406e+06,6.79999e+06,1.14993e+07,4.49253e+06,6.79999e+06,1.14992e+07,4.49059e+06,6.79999e+06,1.14991e+07,4.48817e+06,6.79999e+06,1.1499e+07,4.48511e+06,6.79999e+06,1.14988e+07,4.48128e+06,6.79999e+06,1.14987e+07,4.47646e+06,6.79999e+06,1.14985e+07,4.47041e+06,6.79999e+06,1.14983e+07,4.46281e+06,6.79999e+06,1.14981e+07,4.4533e+06,6.79999e+06,1.14979e+07,4.44138e+06,6.79999e+06,1.14976e+07,4.42649e+06,6.79999e+06,1.14972e+07,4.40789e+06,6.79999e+06,1.14969e+07,4.38471e+06,6.79999e+06,1.14965e+07,4.35592e+06,6.79999e+06,1.1496e+07,4.32027e+06,6.79999e+06,1.14955e+07,4.27629e+06,6.79999e+06,1.14949e+07,4.22231e+06,6.79999e+06,1.14942e+07,4.15647e+06,6.79999e+06,1.14934e+07,4.07676e+06,6.79999e+06,1.14926e+07,3.98112e+06,6.79999e+06,1.14916e+07,3.86765e+06,6.79999e+06,1.14905e+07,3.73474e+06,6.79999e+06,1.14892e+07,3.58148e+06,6.79999e+06,1.14878e+07,3.40785e+06,6.79999e+06,1.14862e+07,3.21513e+06,6.79999e+06,1.14844e+07,3.00605e+06,6.79999e+06,1.14823e+07,2.7848e+06,6.79999e+06,1.148e+07,2.5568e+06,6.79999e+06,1.14773e+07,2.32825e+06,6.79999e+06,13.5742,8.52444,0.508366,16.8306,13.2585,0.162638,20.0035,17.569,0.0507846,23.2616,22.4214,0.0158319,26.7328,28.3297,0.00493498,30.5212,35.6974,0.00153831,34.7178,44.9473,0.000479527,39.4086,56.5822,0.000149456,44.6796,71.2245,4.66214e-05,50.6209,89.6543,1.45419e-05,57.3297,112.852,4.54748e-06,64.9129,142.051,1.43857e-06,73.4897,178.803,4.36618e-07,83.1934,225.062,1.40153e-07,94.1745,283.286,4.96378e-08,106.602,356.568,1.05434e-07,120.669,448.799,-6.49244e-08,136.59,564.873,1.70148e-07,154.611,710.948,-5.34594e-08,175.008,894.767,1.63407e-07,198.097,1126.06,8.04804e-08,224.231,1417.07,1.14667e-07,253.813,1783.15,-1.71227e-07,287.297,2243.62,-2.88466e-07,325.198,2822.67,-4.33651e-07,368.098,3550.67,7.9318e-08,416.657,4465.65,3.13319e-07,471.621,5615.16,3.4613e-07,533.835,7058.61,-1.19199e-07,604.255,8870.02,-2.79964e-07,683.962,11141.4,-2.30521e-07,774.182,13986.7,-2.55099e-07,876.299,17546.4,1.23585e-07,991.883,21993.1,1.41192e-07,1122.71,27536.7,-9.71886e-08,1270.78,34430.7,-3.68368e-07,1438.38,42977.7,-3.45379e-07,1628.07,53532.7,-3.25328e-09,1842.77,66504.6,2.6362e-07,2085.77,82350.2,2.53445e-07,2360.79,101560,-2.47407e-08,2672.05,124632,-3.80602e-07,3024.31,152018,-4.79005e-07,3422.98,184060,-1.14379e-07,3874.15,220884,2.64297e-07,4384.72,262283,3.44131e-07,4962.49,307576,7.5349e-08,5616.29,355497,-3.63097e-07,6356.1,404126,-6.05442e-07,7193.18,450932,-2.72333e-07,8140.28,492963,2.29675e-07,9211.79,527178,4.3387e-07,10424,550893,-1.0711e-07,10.102,8.06553,2.81012,10.6436,8.57909,0.869423,11.5336,10.2515,0.270869,12.7211,12.7138,0.0844293,14.1823,15.9373,0.0263173,15.9122,20.0383,0.0082035,17.9198,25.2154,0.00255722,20.2244,31.7373,0.000797017,22.8539,39.9486,0.000248622,25.8438,50.2851,7.75492e-05,29.237,63.2963,2.42508e-05,33.0837,79.6738,7.67162e-06,37.4415,100.288,2.32837e-06,42.3767,126.236,7.33e-07,47.9646,158.896,2.79256e-07,54.2906,200.003,9.87351e-09,61.452,251.741,1.61085e-07,69.5585,316.859,-2.47141e-07,78.7347,398.812,8.93552e-08,89.1218,501.948,-2.53231e-07,100.879,631.736,-1.25047e-07,114.188,795.049,-1.78808e-07,129.252,1000.53,2.6733e-07,146.304,1259.03,4.50292e-07,165.605,1584.19,6.76904e-07,187.452,1993.12,-1.23808e-07,212.181,2507.27,-4.89068e-07,240.173,3153.54,-5.40284e-07,271.856,3965.56,1.86061e-07,307.719,4985.38,4.37004e-07,348.313,6265.4,3.59828e-07,394.26,7870.83,3.98192e-07,446.268,9882.51,-1.92908e-07,505.135,12400.3,-2.20392e-07,571.766,15546.9,1.51705e-07,647.184,19472.2,5.74996e-07,732.547,24357.4,5.39112e-07,829.167,30420,5.07815e-09,938.526,37916.3,-4.11492e-07,1062.3,47143.9,-3.9561e-07,1202.4,58439.2,3.86185e-08,1360.96,72169.3,5.94093e-07,1540.42,88715.8,7.47693e-07,1743.53,108445,1.78537e-07,1973.41,131665,-4.12549e-07,2233.57,158557,-5.37164e-07,2528,189103,-1.17615e-07,2861.2,222986,5.66769e-07,3238.27,259510,9.45053e-07,3664.97,297540,4.25093e-07,4147.81,335497,-3.58506e-07,4694.17,371444,-6.7724e-07,5312.37,403256,1.67192e-07,1.61744,3.89446,9.84394,3.28846,7.5504,12.774,5.07607,11.7187,13.6844,7.03202,16.8147,13.9681,9.20215,23.1769,14.0566,11.6301,31.1672,14.0841,14.3598,41.2186,14.0927,17.4376,53.8688,14.0954,20.9137,69.7915,14.0962,24.8432,89.8341,14.0965,29.2879,115.063,14.0966,34.3168,146.819,14.0966,40.0078,186.792,14.0966,46.4487,237.107,14.0966,53.7388,300.44,14.0966,61.9903,380.158,14.0966,71.3301,480.499,14.0966,81.902,606.796,14.0966,93.8685,765.761,14.0966,107.414,965.837,14.0966,122.746,1217.65,14.0966,140.101,1534.57,14.0966,159.745,1933.41,14.0966,181.981,2435.3,14.0966,207.15,3066.85,14.0966,235.64,3861.46,14.0966,267.889,4861.11,14.0966,304.391,6118.54,14.0966,345.709,7699.91,14.0966,392.478,9688.22,14.0966,445.417,12187.5,14.0966,505.339,15327.7,14.0966,573.165,19271.6,14.0966,649.938,24222,14.0966,736.839,30430.9,14.0966,835.202,38211.5,14.0966,946.539,47950.3,14.0966,1072.56,60122.8,14.0966,1215.21,75309.9,14.0966,1376.66,94216.2,14.0966,1559.41,117688,14.0966,1766.26,146729,14.0966,2000.39,182510,14.0966,2265.39,226372,14.0966,2565.33,279806,14.0966,2904.81,344416,14.0966,3289.05,421845,14.0966,3723.93,513667,14.0966,4216.13,621231,14.0966,4773.18,745478,14.0966,5403.64,886744,14.0966,6117.15,1.04457e+06,14.0966,6924.63,1.2176e+06,14.0966,11.7194,11.96,12.6541,13.9321,16.1295,13.6434,16.6097,21.9702,13.9553,19.7532,29.5285,14.0526,23.3844,39.1143,14.0829,27.5423,51.2054,14.0923,32.2796,66.434,14.0953,37.662,85.6061,14.0962,43.7675,109.74,14.0965,50.687,140.119,14.0966,58.5249,178.359,14.0966,67.4005,226.493,14.0966,77.4493,287.08,14.0966,88.8254,363.343,14.0966,101.703,459.336,14.0966,116.281,580.161,14.0966,132.782,732.241,14.0966,151.46,923.655,14.0966,172.603,1164.57,14.0966,196.535,1467.79,14.0966,223.625,1849.39,14.0966,254.288,2329.62,14.0966,288.997,2933.93,14.0966,328.285,3694.33,14.0966,372.755,4651.04,14.0966,423.092,5854.57,14.0966,480.07,7368.38,14.0966,544.564,9272.08,14.0966,617.566,11665.5,14.0966,700.197,14673.6,14.0966,793.729,18452.9,14.0966,899.599,23198.6,14.0966,1019.43,29154.1,14.0966,1155.07,36622.3,14.0966,1308.6,45977.9,14.0966,1482.39,57683.7,14.0966,1679.09,72307.8,14.0966,1901.73,90542.8,14.0966,2153.73,113226,14.0966,2438.97,141360,14.0966,2761.81,176127,14.0966,3127.22,218898,14.0966,3540.81,271226,14.0966,4008.92,334817,14.0966,4538.74,411470,14.0966,5138.38,502973,14.0966,5817.04,610948,14.0966,6585.12,736653,14.0966,7454.39,880741,14.0966,8438.15,1.04302e+06,14.0966,9551.45,1.22224e+06,14.0966,10811.3,1.41602e+06,14.0966,12237,1.62086e+06,14.0966,11.7194,11.96,12.6541,2.21263,4.16949,0.989383,2.67766,5.84076,0.311842,3.14343,7.55825,0.0972771,3.63127,9.58578,0.0303237,4.15787,12.0912,0.00945211,4.73731,15.2286,0.00294633,5.38238,19.1721,0.000918508,6.10553,24.134,0.000286163,6.91951,30.3791,8.92692e-05,7.83792,38.2397,2.78121e-05,8.87555,48.1338,8.65134e-06,10.0489,60.5876,2.7882e-06,11.3761,76.2629,8.29036e-07,12.8779,95.9927,2.4373e-07,14.5775,120.825,4.33068e-09,16.5012,152.08,1.75749e-07,18.6784,191.415,-1.86328e-07,21.1428,240.917,1.91829e-07,23.9322,303.213,-1.81475e-07,27.0895,381.602,7.0186e-08,30.6634,480.231,-2.86769e-08,34.7087,604.316,2.40784e-07,39.2876,760.401,9.87368e-08,44.4705,956.705,1.22263e-07,50.3371,1203.54,-4.31966e-07,56.9776,1513.81,-1.9705e-07,64.494,1903.69,-2.763e-08,73.0018,2393.4,3.9185e-07,82.6317,3008.13,1.35379e-07,93.5318,3779.25,-4.16351e-08,105.869,4745.7,2.06965e-08,119.834,5955.6,-3.18887e-07,135.641,7468.12,-1.48271e-08,153.531,9355.62,2.00739e-07,173.781,11705.8,2.28358e-07,196.701,14624.1,-1.93587e-08,222.642,18235,-2.88101e-07,252.003,22683.4,-2.24732e-07,285.234,28134,8.56806e-09,322.845,34767,2.34258e-07,365.413,42770.9,2.99668e-07,413.588,52327.9,8.28644e-08,468.111,63591.2,-3.07049e-07,529.814,76653.2,-3.1888e-07,599.642,91502.5,-6.72276e-08,678.662,107975,2.26339e-07,768.083,125705,3.69212e-07,869.267,144088,2.04077e-07,983.76,162277,-2.80509e-07,1113.3,179223,-4.22737e-07,1259.87,193777,-1.71951e-07,1425.68,204839,4.55555e-07,11.7194,11.96,12.6541,2.21263,4.16949,0.989383,2.67766,5.84076,0.311842,3.14343,7.55825,0.0972771,3.63127,9.58578,0.0303237,4.15787,12.0912,0.00945211,4.73731,15.2286,0.00294633,5.38238,19.1721,0.000918508,6.10553,24.134,0.000286163,6.91951,30.3791,8.92692e-05,7.83792,38.2397,2.78121e-05,8.87555,48.1338,8.65134e-06,10.0489,60.5876,2.7882e-06,11.3761,76.2629,8.29036e-07,12.8779,95.9927,2.4373e-07,14.5775,120.825,1e-08,16.5012,152.08,1.75749e-07,18.6784,191.415,1e-08,21.1428,240.917,1.91829e-07,23.9322,303.213,1e-08,27.0895,381.602,7.0186e-08,30.6634,480.231,1e-08,34.7087,604.316,2.40784e-07,39.2876,760.401,9.87368e-08,44.4705,956.705,1.22263e-07,50.3371,1203.54,1e-08,56.9776,1513.81,1e-08,64.494,1903.69,1e-08,73.0018,2393.4,3.9185e-07,82.6317,3008.13,1.35379e-07,93.5318,3779.25,1e-08,105.869,4745.7,2.06965e-08,119.834,5955.6,1e-08,135.641,7468.12,1e-08,153.531,9355.62,2.00739e-07,173.781,11705.8,2.28358e-07,196.701,14624.1,1e-08,222.642,18235,1e-08,252.003,22683.4,1e-08,285.234,28134,1e-08,322.845,34767,2.34258e-07,365.413,42770.9,2.99668e-07,413.588,52327.9,8.28644e-08,468.111,63591.2,1e-08,529.814,76653.2,1e-08,599.642,91502.5,1e-08,678.662,107975,2.26339e-07,768.083,125705,3.69212e-07,869.267,144088,2.04077e-07,983.76,162277,1e-08,1113.3,179223,1e-08,1259.87,193777,1e-08,1425.68,204839,4.55555e-07,6.2823,3.27286,2.43537,0.219672,6.18826,2.24117,0.56371,6.87772,2.63624,0.308279,17,12,8,3,5,0,3,3,1,0,5,0,4,3,0,3,13,0,5,19,0,4,31,0,2,23,0,6,30,0,11,49,0,14,50,0,9,50,0,6,96,0,12,101,0,23,46,0,23,125,0,31,129,0,29,101,0,28,446,0,19,163,0,46,297,0,73,289,0,40,947,0,38,1001,0,46,1123,0,65,895,0,73,1436,0,34,2189,0,116,2030,0,126,3891,0,82,3973,0,218,6192,0,97,4395,0,159,6630,0,170,3125,0,173,27057,0,238,13173,0,203,21123,0,267,22443,0,331,24369,0,473,23268,0,631,79954,0,813,51364,0,524,46410,0,494,121596,0,814,119297,0,723,150335,0,856,156436,0,1033,234903,0,968,171031,0,2315,166821,0,916,159384,0
-1.05176e+08,1,8.88811e-15,10,1023,0,1.05176e+08,0.528882,1.08665,0.389689,0.145397,0.379329,3.24381,0.161596,0.446195,1.77396,0.159177,1.15e+07,4.49998e+06,6.79999e+06,1.15e+07,4.49997e+06,6.79999e+06,1.15e+07,4.49996e+06,6.79999e+06,1.15e+07,4.49995e+06,6.79999e+06,1.14999e+07,4.49993e+06,6.79999e+06,1.14999e+07,4.49991e+06,6.79999e+06,1.14999e+07,4.49989e+06,6.79999e+06,1.14999e+07,4.49986e+06,6.79999e+06,1.14999e+07,4.49982e+06,6.79999e+06,1.14999e+07,4.49977e+06,6.79999e+06,1.14999e+07,4.49971e+06,6.79999e+06,1.14999e+07,4.49963e+06,6.79999e+06,1.14998e+07,4.49953e+06,6.79999e+06,1.14998e+07,4.49941e+06,6.79999e+06,1.14998e+07,4.49926e+06,6.79999e+06,1.14998e+07,4.49906e+06,6.79999e+06,1.14997e+07,4.49882e+06,6.79999e+06,1.14997e+07,4.49851e+06,6.79999e+06,1.14997e+07,4.49812e+06,6.79999e+06,1.14996e+07,4.49764e+06,6.79999e+06,1.14996e+07,4.49702e+06,6.79999e+06,1.14995e+07,4.49625e+06,6.79999e+06,1.14995e+07,4.49528e+06,6.79999e+06,1.14994e+07,4.49406e+06,6.79999e+06,1.14993e+07,4.49253e+06,6.79999e+06,1.14992e+07,4.49059e+06,6.79999e+06,1.14991e+07,4.48817e+06,6.79999e+06,1.1499e+07,4.48511e+06,6.79999e+06,1.14988e+07,4.48128e+06,6.79999e+06,1.14987e+07,4.47646e+06,6.79999e+06,1.14985e+07,4.47041e+06,6.79999e+06,1.14983e+07,4.46281e+06,6.79999e+06,1.14981e+07,4.4533e+06,6.79999e+06,1.14979e+07,4.44138e+06,6.79999e+06,1.14976e+07,4.42649e+06,6.79999e+06,1.14972e+07,4.40789e+06,6.79999e+06,1.14969e+07,4.38471e+06,6.79999e+06,1.14965e+07,4.35592e+06,6.79999e+06,1.1496e+07,4.32027e+06,6.79999e+06,1.14955e+07,4.27629e+06,6.79999e+06,1.14949e+07,4.22231e+06,6.79999e+06,1.14942e+07,4.15647e+06,6.79999e+06,1.14934e+07,4.07676e+06,6.79999e+06,1.14926e+07,3.98112e+06,6.79999e+06,1.14916e+07,3.86765e+06,6.79999e+06,1.14905e+07,3.73474e+06,6.79999e+06,1.14892e+07,3.58148e+06,6.79999e+06,1.14878e+07,3.40785e+06,6.79999e+06,1.14862e+07,3.21513e+06,6.79999e+06,1.14844e+07,3.00605e+06,6.79999e+06,1.14823e+07,2.7848e+06,6.79999e+06,1.148e+07,2.5568e+06,6.79999e+06,1.14773e+07,2.32825e+06,6.79999e+06,13.5742,8.52444,0.508366,16.8306,13.2585,0.162638,20.0035,17.569,0.0507846,23.2616,22.4214,0.0158319,26.7328,28.3297,0.00493498,30.5212,35.6974,0.00153831,34.7178,44.9473,0.000479527,39.4086,56.5822,0.000149456,44.6796,71.2245,4.66214e-05,50.6209,89.6543,1.45419e-05,57.3297,112.852,4.54748e-06,64.9129,142.051,1.43857e-06,73.4897,178.803,4.36618e-07,83.1934,225.062,1.40153e-07,94.1745,283.286,4.96378e-08,106.602,356.568,1.05434e-07,120.669,448.799,-6.49244e-08,136.59,564.873,1.70148e-07,154.611,710.948,-5.34594e-08,175.008,894.767,1.63407e-07,198.097,1126.06,8.04804e-08,224.231,1417.07,1.14667e-07,253.813,1783.15,-1.71227e-07,287.297,2243.62,-2.88466e-07,325.198,2822.67,-4.33651e-07,368.098,3550.67,7.9318e-08,416.657,4465.65,3.13319e-07,471.621,5615.16,3.4613e-07,533.835,7058.61,-1.19199e-07,604.255,8870.02,-2.79964e-07,683.962,11141.4,-2.30521e-07,774.182,13986.7,-2.55099e-07,876.299,17546.4,1.23585e-07,991.883,21993.1,1.41192e-07,1122.71,27536.7,-9.71886e-08,1270.78,34430.7,-3.68368e-07,1438.38,42977.7,-3.45379e-07,1628.07,53532.7,-3.25328e-09,1842.77,66504.6,2.6362e-07,2085.77,82350.2,2.53445e-07,2360.79,101560,-2.47407e-08,2672.05,124632,-3.80602e-07,3024.31,152018,-4.79005e-07,3422.98,184060,-1.14379e-07,3874.15,220884,2.64297e-07,4384.72,262283,3.44131e-07,4962.49,307576,7.5349e-08,5616.29,355497,-3.63097e-07,6356.1,404126,-6.05442e-07,7193.18,450932,-2.72333e-07,8140.28,492963,2.29675e-07,9211.79,527178,4.3387e-07,10424,550893,-1.0711e-07,10.102,8.06553,2.81012,10.6436,8.57909,0.869423,11.5336,10.2515,0.270869,12.7211,12.7138,0.0844293,14.1823,15.9373,0.0263173,15.9122,20.0383,0.0082035,17.9198,25.2154,0.00255722,20.2244,31.7373,0.000797017,22.8539,39.9486,0.000248622,25.8438,50.2851,7.75492e-05,29.237,63.2963,2.42508e-05,33.0837,79.6738,7.67162e-06,37.4415,100.288,2.32837e-06,42.3767,126.236,7.33e-07,47.9646,158.896,2.79256e-07,54.2906,200.003,9.87351e-09,61.452,251.741,1.61085e-07,69.5585,316.859,-2.47141e-07,78.7347,398.812,8.93552e-08,89.1218,501.948,-2.53231e-07,100.879,631.736,-1.25047e-07,114.188,795.049,-1.78808e-07,129.252,1000.53,2.6733e-07,146.304,1259.03,4.50292e-07,165.605,1584.19,6.76904e-07,187.452,1993.12,-1.23808e-07,212.181,2507.27,-4.89068e-07,240.173,3153.54,-5.40284e-07,271.856,3965.56,1.86061e-07,307.719,4985.38,4.37004e-07,348.313,6265.4,3.59828e-07,394.26,7870.83,3.98192e-07,446.268,9882.51,-1.92908e-07,505.135,12400.3,-2.20392e-07,571.766,15546.9,1.51705e-07,647.184,19472.2,5.74996e-07,732.547,24357.4,5.39112e-07,829.167,30420,5.07815e-09,938.526,37916.3,-4.11492e-07,1062.3,47143.9,-3.9561e-07,1202.4,58439.2,3.86185e-08,1360.96,72169.3,5.94093e-07,1540.42,88715.8,7.47693e-07,1743.53,108445,1.78537e-07,1973.41,131665,-4.12549e-07,2233.57,158557,-5.37164e-07,2528,189103,-1.17615e-07,2861.2,222986,5.66769e-07,3238.27,259510,9.45053e-07,3664.97,297540,4.25093e-07,4147.81,335497,-3.58506e-07,4694.17,371444,-6.7724e-07,5312.37,403256,1.67192e-07,1.61744,3.89446,9.84394,3.28846,7.5504,12.774,5.07607,11.7187,13.6844,7.03202,16.8147,13.9681,9.20215,23.1769,14.0566,11.6301,31.1672,14.0841,14.3598,41.2186,14.0927,17.4376,53.8688,14.0954,20.9137,69.7915,14.0962,24.8432,89.8341,14.0965,29.2879,115.063,14.0966,34.3168,146.819,14.0966,40.0078,186.792,14.0966,46.4487,237.107,14.0966,53.7388,300.44,14.0966,61.9903,380.158,14.0966,71.3301,480.499,14.0966,81.902,606.796,14.0966,93.8685,765.761,14.0966,107.414,965.837,14.0966,122.746,1217.65,14.0966,140.101,1534.57,14.0966,159.745,1933.41,14.0966,181.981,2435.3,14.0966,207.15,3066.85,14.0966,235.64,3861.46,14.0966,267.889,4861.11,14.0966,304.391,6118.54,14.0966,345.709,7699.91,14.0966,392.478,9688.22,14.0966,445.417,12187.5,14.0966,505.339,15327.7,14.0966,573.165,19271.6,14.0966,649.938,24222,14.0966,736.839,30430.9,14.0966,835.202,38211.5,14.0966,946.539,47950.3,14.0966,1072.56,60122.8,14.0966,1215.21,75309.9,14.0966,1376.66,94216.2,14.0966,1559.41,117688,14.0966,1766.26,146729,14.0966,2000.39,182510,14.0966,2265.39,226372,14.0966,2565.33,279806,14.0966,2904.81,344416,14.0966,3289.05,421845,14.0966,3723.93,513667,14.0966,4216.13,621231,14.0966,4773.18,745478,14.0966,5403.64,886744,14.0966,6117.15,1.04457e+06,14.0966,6924.63,1.2176e+06,14.0966,11.7194,11.96,12.6541,13.9321,16.1295,13.6434,16.6097,21.9702,13.9553,19.7532,29.5285,14.0526,23.3844,39.1143,14.0829,27.5423,51.2054,14.0923,32.2796,66.434,14.0953,37.662,85.6061,14.0962,43.7675,109.74,14.0965,50.687,140.119,14.0966,58.5249,178.359,14.0966,67.4005,226.493,14.0966,77.4493,287.08,14.0966,88.8254,363.343,14.0966,101.703,459.336,14.0966,116.281,580.161,14.0966,132.782,732.241,14.0966,151.46,923.655,14.0966,172.603,1164.57,14.0966,196.535,1467.79,14.0966,223.625,1849.39,14.0966,254.288,2329.62,14.0966,288.997,2933.93,14.0966,328.285,3694.33,14.0966,372.755,4651.04,14.0966,423.092,5854.57,14.0966,480.07,7368.38,14.0966,544.564,9272.08,14.0966,617.566,11665.5,14.0966,700.197,14673.6,14.0966,793.729,18452.9,14.0966,899.599,23198.6,14.0966,1019.43,29154.1,14.0966,1155.07,36622.3,14.0966,1308.6,45977.9,14.0966,1482.39,57683.7,14.0966,1679.09,72307.8,14.0966,1901.73,90542.8,14.0966,2153.73,113226,14.0966,2438.97,141360,14.0966,2761.81,176127,14.0966,3127.22,218898,14.0966,3540.81,271226,14.0966,4008.92,334817,14.0966,4538.74,411470,14.0966,5138.38,502973,14.0966,5817.04,610948,14.0966,6585.12,736653,14.0966,7454.39,880741,14.0966,8438.15,1.04302e+06,14.0966,9551.45,1.22224e+06,14.0966,10811.3,1.41602e+06,14.0966,12237,1.62086e+06,14.0966,11.7194,11.96,12.6541,2.21263,4.16949,0.989383,2.67766,5.84076,0.311842,3.14343,7.55825,0.0972771,3.63127,9.58578,0.0303237,4.15787,12.0912,0.00945211,4.73731,15.2286,0.00294633,5.38238,19.1721,0.000918508,6.10553,24.134,0.000286163,6.91951,30.3791,8.92692e-05,7.83792,38.2397,2.78121e-05,8.87555,48.1338,8.65134e-06,10.0489,60.5876,2.7882e-06,11.3761,76.2629,8.29036e-07,12.8779,95.9927,2.4373e-07,14.5775,120.825,4.33068e-09,16.5012,152.08,1.75749e-07,18.6784,191.415,-1.86328e-07,21.1428,240.917,1.91829e-07,23.9322,303.213,-1.81475e-07,27.0895,381.602,7.0186e-08,30.6634,480.231,-2.86769e-08,34.7087,604.316,2.40784e-07,39.2876,760.401,9.87368e-08,44.4705,956.705,1.22263e-07,50.3371,1203.54,-4.31966e-07,56.9776,1513.81,-1.9705e-07,64.494,1903.69,-2.763e-08,73.0018,2393.4,3.9185e-07,82.6317,3008.13,1.35379e-07,93.5318,3779.25,-4.16351e-08,105.869,4745.7,2.06965e-08,119.834,5955.6,-3.18887e-07,135.641,7468.12,-1.48271e-08,153.531,9355.62,2.00739e-07,173.781,11705.8,2.28358e-07,196.701,14624.1,-1.93587e-08,222.642,18235,-2.88101e-07,252.003,22683.4,-2.24732e-07,285.234,28134,8.56806e-09,322.845,34767,2.34258e-07,365.413,42770.9,2.99668e-07,413.588,52327.9,8.28644e-08,468.111,63591.2,-3.07049e-07,529.814,76653.2,-3.1888e-07,599.642,91502.5,-6.72276e-08,678.662,107975,2.26339e-07,768.083,125705,3.69212e-07,869.267,144088,2.04077e-07,983.76,162277,-2.80509e-07,1113.3,179223,-4.22737e-07,1259.87,193777,-1.71951e-07,1425.68,204839,4.55555e-07,11.7194,11.96,12.6541,2.21263,4.16949,0.989383,2.67766,5.84076,0.311842,3.14343,7.55825,0.0972771,3.63127,9.58578,0.0303237,4.15787,12.0912,0.00945211,4.73731,15.2286,0.00294633,5.38238,19.1721,0.000918508,6.10553,24.134,0.000286163,6.91951,30.3791,8.92692e-05,7.83792,38.2397,2.78121e-05,8.87555,48.1338,8.65134e-06,10.0489,60.5876,2.7882e-06,11.3761,76.2629,8.29036e-07,12.8779,95.9927,2.4373e-07,14.5775,120.825,1e-08,16.5012,152.08,1.75749e-07,18.6784,191.415,1e-08,21.1428,240.917,1.91829e-07,23.9322,303.213,1e-08,27.0895,381.602,7.0186e-08,30.6634,480.231,1e-08,34.7087,604.316,2.40784e-07,39.2876,760.401,9.87368e-08,44.4705,956.705,1.22263e-07,50.3371,1203.54,1e-08,56.9776,1513.81,1e-08,64.494,1903.69,1e-08,73.0018,2393.4,3.9185e-07,82.6317,3008.13,1.35379e-07,93.5318,3779.25,1e-08,105.869,4745.7,2.06965e-08,119.834,5955.6,1e-08,135.641,7468.12,1e-08,153.531,9355.62,2.00739e-07,173.781,11705.8,2.28358e-07,196.701,14624.1,1e-08,222.642,18235,1e-08,252.003,22683.4,1e-08,285.234,28134,1e-08,322.845,34767,2.34258e-07,365.413,42770.9,2.99668e-07,413.588,52327.9,8.28644e-08,468.111,63591.2,1e-08,529.814,76653.2,1e-08,599.642,91502.5,1e-08,678.662,107975,2.26339e-07,768.083,125705,3.69212e-07,869.267,144088,2.04077e-07,983.76,162277,1e-08,1113.3,179223,1e-08,1259.87,193777,1e-08,1425.68,204839,4.55555e-07,6.2823,3.27286,2.43537,0.219672,6.18826,2.24117,0.56371,6.87772,2.63624,0.308279,2,13,19,2,7,2,6,12,0,3,13,1,5,3,1,6,8,0,3,10,0,4,18,0,9,23,0,9,19,0,4,65,0,9,52,0,17,32,0,15,55,0,11,114,0,17,157,0,16,78,0,29,253,0,13,219,0,11,136,0,24,282,0,22,458,0,35,700,0,22,1369,0,44,1582,0,66,1477,0,94,1605,0,71,1242,0,112,2651,0,26,4273,0,149,3178,0,60,5031,0,71,4777,0,112,3250,0,154,6945,0,69,9699,0,273,20719,0,139,23660,0,226,32173,0,228,18200,0,481,13938,0,514,49328,0,217,79889,0,739,71107,0,334,70723,0,376,70346,0,944,118453,0,1171,75937,0,1246,265860,0,1167,129718,0,911,177577,0,1205,179591,0,545,126226,0
-1.05176e+08,1,8.88811e-15,10,1023,0,1.05176e+08,0.528882,1.08665,0.389689,0.145397,0.379329,3.24381,0.161596,0.446195,1.77396,0.159177,1.15e+07,4.49998e+06,6.79999e+06,1.15e+07,4.49997e+06,6.79999e+06,1.15e+07,4.49996e+06,6.79999e+06,1.15e+07,4.49995e+06,6.79999e+06,1.14999e+07,4.49993e+06,6.79999e+06,1.14999e+07,4.49991e+06,6.79999e+06,1.14999e+07,4.49989e+06,6.79999e+06,1.14999e+07,4.49986e+06,6.79999e+06,1.14999e+07,4.49982e+06,6.79999e+06,1.14999e+07,4.49977e+06,6.79999e+06,1.14999e+07,4.49971e+06,6.79999e+06,1.14999e+07,4.49963e+06,6.79999e+06,1.14998e+07,4.49953e+06,6.79999e+06,1.14998e+07,4.49941e+06,6.79999e+06,1.14998e+07,4.49926e+06,6.79999e+06,1.14998e+07,4.49906e+06,6.79999e+06,1.14997e+07,4.49882e+06,6.79999e+06,1.14997e+07,4.49851e+06,6.79999e+06,1.14997e+07,4.49812e+06,6.79999e+06,1.14996e+07,4.49764e+06,6.79999e+06,1.14996e+07,4.49702e+06,6.79999e+06,1.14995e+07,4.49625e+06,6.79999e+06,1.14995e+07,4.49528e+06,6.79999e+06,1.14994e+07,4.49406e+06,6.79999e+06,1.14993e+07,4.49253e+06,6.79999e+06,1.14992e+07,4.49059e+06,6.79999e+06,1.14991e+07,4.48817e+06,6.79999e+06,1.1499e+07,4.48511e+06,6.79999e+06,1.14988e+07,4.48128e+06,6.79999e+06,1.14987e+07,4.47646e+06,6.79999e+06,1.14985e+07,4.47041e+06,6.79999e+06,1.14983e+07,4.46281e+06,6.79999e+06,1.14981e+07,4.4533e+06,6.79999e+06,1.14979e+07,4.44138e+06,6.79999e+06,1.14976e+07,4.42649e+06,6.79999e+06,1.14972e+07,4.40789e+06,6.79999e+06,1.14969e+07,4.38471e+06,6.79999e+06,1.14965e+07,4.35592e+06,6.79999e+06,1.1496e+07,4.32027e+06,6.79999e+06,1.14955e+07,4.27629e+06,6.79999e+06,1.14949e+07,4.22231e+06,6.79999e+06,1.14942e+07,4.15647e+06,6.79999e+06,1.14934e+07,4.07676e+06,6.79999e+06,1.14926e+07,3.98112e+06,6.79999e+06,1.14916e+07,3.86765e+06,6.79999e+06,1.14905e+07,3.73474e+06,6.79999e+06,1.14892e+07,3.58148e+06,6.79999e+06,1.14878e+07,3.40785e+06,6.79999e+06,1.14862e+07,3.21513e+06,6.79999e+06,1.14844e+07,3.00605e+06,6.79999e+06,1.14823e+07,2.7848e+06,6.79999e+06,1.148e+07,2.5568e+06,6.79999e+06,1.14773e+07,2.32825e+06,6.79999e+06,13.5742,8.52444,0.508366,16.8306,13.2585,0.162638,20.0035,17.569,0.0507846,23.2616,22.4214,0.0158319,26.7328,28.3297,0.00493498,30.5212,35.6974,0.00153831,34.7178,44.9473,0.000479527,39.4086,56.5822,0.000149456,44.6796,71.2245,4.66214e-05,50.6209,89.6543,1.45419e-05,57.3297,112.852,4.54748e-06,64.9129,142.051,1.43857e-06,73.4897,178.803,4.36618e-07,83.1934,225.062,1.40153e-07,94.1745,283.286,4.96378e-08,106.602,356.568,1.05434e-07,120.669,448.799,-6.49244e-08,136.59,564.873,1.70148e-07,154.611,710.948,-5.34594e-08,175.008,894.767,1.63407e-07,198.097,1126.06,8.04804e-08,224.231,1417.07,1.14667e-07,253.813,1783.15,-1.71227e-07,287.297,2243.62,-2.88466e-07,325.198,2822.67,-4.33651e-07,368.098,3550.67,7.9318e-08,416.657,4465.65,3.13319e-07,471.621,5615.16,3.4613e-07,533.835,7058.61,-1.19199e-07,604.255,8870.02,-2.79964e-07,683.962,11141.4,-2.30521e-07,774.182,13986.7,-2.55099e-07,876.299,17546.4,1.23585e-07,991.883,21993.1,1.41192e-07,1122.71,27536.7,-9.71886e-08,1270.78,34430.7,-3.68368e-07,1438.38,42977.7,-3.45379e-07,1628.07,53532.7,-3.25328e-09,1842.77,66504.6,2.6362e-07,2085.77,82350.2,2.53445e-07,2360.79,101560,-2.47407e-08,2672.05,124632,-3.80602e-07,3024.31,152018,-4.79005e-07,3422.98,184060,-1.14379e-07,3874.15,220884,2.64297e-07,4384.72,262283,3.44131e-07,4962.49,307576,7.5349e-08,5616.29,355497,-3.63097e-07,6356.1,404126,-6.05442e-07,7193.18,450932,-2.72333e-07,8140.28,492963,2.29675e-07,9211.79,527178,4.3387e-07,10424,550893,-1.0711e-07,10.102,8.06553,2.81012,10.6436,8.57909,0.869423,11.5336,10.2515,0.270869,12.7211,12.7138,0.0844293,14.1823,15.9373,0.0263173,15.9122,20.0383,0.0082035,17.9198,25.2154,0.00255722,20.2244,31.7373,0.000797017,22.8539,39.9486,0.000248622,25.8438,50.2851,7.75492e-05,29.237,63.2963,2.42508e-05,33.0837,79.6738,7.67162e-06,37.4415,100.288,2.32837e-06,42.3767,126.236,7.33e-07,47.9646,158.896,2.79256e-07,54.2906,200.003,9.87351e-09,61.452,251.741,1.61085e-07,69.5585,316.859,-2.47141e-07,78.7347,398.812,8.93552e-08,89.1218,501.948,-2.53231e-07,100.879,631.736,-1.25047e-07,114.188,795.049,-1.78808e-07,129.252,1000.53,2.6733e-07,146.304,1259.03,4.50292e-07,165.605,1584.19,6.76904e-07,187.452,1993.12,-1.23808e-07,212.181,2507.27,-4.89068e-07,240.173,3153.54,-5.40284e-07,271.856,3965.56,1.86061e-07,307.719,4985.38,4.37004e-07,348.313,6265.4,3.59828e-07,394.26,7870.83,3.98192e-07,446.268,9882.51,-1.92908e-07,505.135,12400.3,-2.20392e-07,571.766,15546.9,1.51705e-07,647.184,19472.2,5.74996e-07,732.547,24357.4,5.39112e-07,829.167,30420,5.07815e-09,938.526,37916.3,-4.11492e-07,1062.3,47143.9,-3.9561e-07,1202.4,58439.2,3.86185e-08,1360.96,72169.3,5.94093e-07,1540.42,88715.8,7.47693e-07,1743.53,108445,1.78537e-07,1973.41,131665,-4.12549e-07,2233.57,158557,-5.37164e-07,2528,189103,-1.17615e-07,2861.2,222986,5.66769e-07,3238.27,259510,9.45053e-07,3664.97,297540,4.25093e-07,4147.81,335497,-3.58506e-07,4694.17,371444,-6.7724e-07,5312.37,403256,1.67192e-07,1.61744,3.89446,9.84394,3.28846,7.5504,12.774,5.07607,11.7187,13.6844,7.03202,16.8147,13.9681,9.20215,23.1769,14.0566,11.6301,31.1672,14.0841,14.3598,41.2186,14.0927,17.4376,53.8688,14.0954,20.9137,69.7915,14.0962,24.8432,89.8341,14.0965,29.2879,115.063,14.0966,34.3168,146.819,14.0966,40.0078,186.792,14.0966,46.4487,237.107,14.0966,53.7388,300.44,14.0966,61.9903,380.158,14.0966,71.3301,480.499,14.0966,81.902,606.796,14.0966,93.8685,765.761,14.0966,107.414,965.837,14.0966,122.746,1217.65,14.0966,140.101,1534.57,14.0966,159.745,1933.41,14.0966,181.981,2435.3,14.0966,207.15,3066.85,14.0966,235.64,3861.46,14.0966,267.889,4861.11,14.0966,304.391,6118.54,14.0966,345.709,7699.91,14.0966,392.478,9688.22,14.0966,445.417,12187.5,14.0966,505.339,15327.7,14.0966,573.165,19271.6,14.0966,649.938,24222,14.0966,736.839,30430.9,14.0966,835.202,38211.5,14.0966,946.539,47950.3,14.0966,1072.56,60122.8,14.0966,1215.21,75309.9,14.0966,1376.66,94216.2,14.0966,1559.41,117688,14.0966,1766.26,146729,14.0966,2000.39,182510,14.0966,2265.39,226372,14.0966,2565.33,279806,14.0966,2904.81,344416,14.0966,3289.05,421845,14.0966,3723.93,513667,14.0966,4216.13,621231,14.0966,4773.18,745478,14.0966,5403.64,886744,14.0966,6117.15,1.04457e+06,14.0966,6924.63,1.2176e+06,14.0966,11.7194,11.96,12.6541,13.9321,16.1295,13.6434,16.6097,21.9702,13.9553,19.7532,29.5285,14.0526,23.3844,39.1143,14.0829,27.5423,51.2054,14.0923,32.2796,66.434,14.0953,37.662,85.6061,14.0962,43.7675,109.74,14.0965,50.687,140.119,14.0966,58.5249,178.359,14.0966,67.4005,226.493,14.0966,77.4493,287.08,14.0966,88.8254,363.343,14.0966,101.703,459.336,14.0966,116.281,580.161,14.0966,132.782,732.241,14.0966,151.46,923.655,14.0966,172.603,1164.57,14.0966,196.535,1467.79,14.0966,223.625,1849.39,14.0966,254.288,2329.62,14.0966,288.997,2933.93,14.0966,328.285,3694.33,14.0966,372.755,4651.04,14.0966,423.092,5854.57,14.0966,480.07,7368.38,14.0966,544.564,9272.08,14.0966,617.566,11665.5,14.0966,700.197,14673.6,14.0966,793.729,18452.9,14.0966,899.599,23198.6,14.0966,1019.43,29154.1,14.0966,1155.07,36622.3,14.0966,1308.6,45977.9,14.0966,1482.39,57683.7,14.0966,1679.09,72307.8,14.0966,1901.73,90542.8,14.0966,2153.73,113226,14.0966,2438.97,141360,14.0966,2761.81,176127,14.0966,3127.22,218898,14.0966,3540.81,271226,14.0966,4008.92,334817,14.0966,4538.74,411470,14.0966,5138.38,502973,14.0966,5817.04,610948,14.0966,6585.12,736653,14.0966,7454.39,880741,14.0966,8438.15,1.04302e+06,14.0966,9551.45,1.22224e+06,14.0966,10811.3,1.41602e+06,14.0966,12237,1.62086e+06,14.0966,11.7194,11.96,12.6541,2.21263,4.16949,0.989383,2.67766,5.84076,0.311842,3.14343,7.55825,0.0972771,3.63127,9.58578,0.0303237,4.15787,12.0912,0.00945211,4.73731,15.2286,0.00294633,5.38238,19.1721,0.000918508,6.10553,24.134,0.000286163,6.91951,30.3791,8.92692e-05,7.83792,38.2397,2.78121e-05,8.87555,48.1338,8.65134e-06,10.0489,60.5876,2.7882e-06,11.3761,76.2629,8.29036e-07,12.8779,95.9927,2.4373e-07,14.5775,120.825,4.33068e-09,16.5012,152.08,1.75749e-07,18.6784,191.415,-1.86328e-07,21.1428,240.917,1.91829e-07,23.9322,303.213,-1.81475e-07,27.0895,381.602,7.0186e-08,30.6634,480.231,-2.86769e-08,34.7087,604.316,2.40784e-07,39.2876,760.401,9.87368e-08,44.4705,956.705,1.22263e-07,50.3371,1203.54,-4.31966e-07,56.9776,1513.81,-1.9705e-07,64.494,1903.69,-2.763e-08,73.0018,2393.4,3.9185e-07,82.6317,3008.13,1.35379e-07,93.5318,3779.25,-4.16351e-08,105.869,4745.7,2.06965e-08,119.834,5955.6,-3.18887e-07,135.641,7468.12,-1.48271e-08,153.531,9355.62,2.00739e-07,173.781,11705.8,2.28358e-07,196.701,14624.1,-1.93587e-08,222.642,18235,-2.88101e-07,252.003,22683.4,-2.24732e-07,285.234,28134,8.56806e-09,322.845,34767,2.34258e-07,365.413,42770.9,2.99668e-07,413.588,52327.9,8.28644e-08,468.111,63591.2,-3.07049e-07,529.814,76653.2,-3.1888e-07,599.642,91502.5,-6.72276e-08,678.662,107975,2.26339e-07,768.083,125705,3.69212e-07,869.267,144088,2.04077e-07,983.76,162277,-2.80509e-07,1113.3,179223,-4.22737e-07,1259.87,193777,-1.71951e-07,1425.68,204839,4.55555e-07,11.7194,11.96,12.6541,2.21263,4.16949,0.989383,2.67766,5.84076,0.311842,3.14343,7.55825,0.0972771,3.63127,9.58578,0.0303237,4.15787,12.0912,0.00945211,4.73731,15.2286,0.00294633,5.38238,19.1721,0.000918508,6.10553,24.134,0.000286163,6.91951,30.3791,8.92692e-05,7.83792,38.2397,2.78121e-05,8.87555,48.1338,8.65134e-06,10.0489,60.5876,2.7882e-06,11.3761,76.2629,8.29036e-07,12.8779,95.9927,2.4373e-07,14.5775,120.825,1e-08,16.5012,152.08,1.75749e-07,18.6784,191.415,1e-08,21.1428,240.917,1.91829e-07,23.9322,303.213,1e-08,27.0895,381.602,7.0186e-08,30.6634,480.231,1e-08,34.7087,604.316,2.40784e-07,39.2876,760.401,9.87368e-08,44.4705,956.705,1.22263e-07,50.3371,1203.54,1e-08,56.9776,1513.81,1e-08,64.494,1903.69,1e-08,73.0018,2393.4,3.9185e-07,82.6317,3008.13,1.35379e-07,93.5318,3779.25,1e-08,105.869,4745.7,2.06965e-08,119.834,5955.6,1e-08,135.641,7468.12,1e-08,153.531,9355.62,2.00739e-07,173.781,11705.8,2.28358e-07,196.701,14624.1,1e-08,222.642,18235,1e-08,252.003,22683.4,1e-08,285.234,28134,1e-08,322.845,34767,2.34258e-07,365.413,42770.9,2.99668e-07,413.588,52327.9,8.28644e-08,468.111,63591.2,1e-08,529.814,76653.2,1e-08,599.642,91502.5,1e-08,678.662,107975,2.26339e-07,768.083,125705,3.69212e-07,869.267,144088,2.04077e-07,983.76,162277,1e-08,1113.3,179223,1e-08,1259.87,193777,1e-08,1425.68,204839,4.55555e-07,6.2823,3.27286,2.43537,0.219672,6.18826,2.24117,0.56371,6.87772,2.63624,0.308279,8,11,3,1,2,0,6,8,0,4,4,0,6,9,0,1,11,0,4,11,0,3,24,0,4,3,0,8,40,0,11,50,0,11,98,0,8,47,0,13,49,0,14,75,0,13,156,0,11,169,0,9,244,0,23,231,0,17,315,0,19,237,0,43,290,0,16,644,0,28,1168,0,55,781,0,39,670,0,47,2006,0,57,1193,0,95,1929,0,43,3500,0,129,4592,0,105,4149,0,92,3527,0,147,2950,0,168,11118,0,251,10592,0,156,17762,0,181,11526,0,205,11649,0,303,28714,0,325,37955,0,150,51080,0,232,33989,0,417,91434,0,496,54241,0,769,45872,0,796,119467,0,399,163414,0,969,102490,0,1576,140054,0,1509,150910,0,1198,187252,0,1134,154640,0
-1.05176e+08,1,8.88811e-15,10,1023,0,1.05176e+08,0.528882,1.08665,0.389689,0.145397,0.379329,3.24381,0.161596,0.446195,1.77396,0.159177,1.15e+07,4.49998e+06,6.79999e+06,1.15e+07,4.49997e+06,6.79999e+06,1.15e+07,4.49996e+06,6.79999e+06,1.15e+07,4.49995e+06,6.79999e+06,1.14999e+07,4.49993e+06,6.79999e+06,1.14999e+07,4.49991e+06,6.79999e+06,1.14999e+07,4.49989e+06,6.79999e+06,1.14999e+07,4.49986e+06,6.79999e+06,1.14999e+07,4.49982e+06,6.79999e+06,1.14999e+07,4.49977e+06,6.79999e+06,1.14999e+07,4.49971e+06,6.79999e+06,1.14999e+07,4.49963e+06,6.79999e+06,1.14998e+07,4.49953e+06,6.79999e+06,1.14998e+07,4.49941e+06,6.79999e+06,1.14998e+07,4.49926e+06,6.79999e+06,1.14998e+07,4.49906e+06,6.79999e+06,1.14997e+07,4.49882e+06,6.79999e+06,1.14997e+07,4.49851e+06,6.79999e+06,1.14997e+07,4.49812e+06,6.79999e+06,1.14996e+07,4.49764e+06,6.79999e+06,1.14996e+07,4.49702e+06,6.79999e+06,1.14995e+07,4.49625e+06,6.79999e+06,1.14995e+07,4.49528e+06,6.79999e+06,1.14994e+07,4.49406e+06,6.79999e+06,1.14993e+07,4.49253e+06,6.79999e+06,1.14992e+07,4.49059e+06,6.79999e+06,1.14991e+07,4.48817e+06,6.79999e+06,1.1499e+07,4.48511e+06,6.79999e+06,1.14988e+07,4.48128e+06,6.79999e+06,1.14987e+07,4.47646e+06,6.79999e+06,1.14985e+07,4.47041e+06,6.79999e+06,1.14983e+07,4.46281e+06,6.79999e+06,1.14981e+07,4.4533e+06,6.79999e+06,1.14979e+07,4.44138e+06,6.79999e+06,1.14976e+07,4.42649e+06,6.79999e+06,1.14972e+07,4.40789e+06,6.79999e+06,1.14969e+07,4.38471e+06,6.79999e+06,1.14965e+07,4.35592e+06,6.79999e+06,1.1496e+07,4.32027e+06,6.79999e+06,1.14955e+07,4.27629e+06,6.79999e+06,1.14949e+07,4.22231e+06,6.79999e+06,1.14942e+07,4.15647e+06,6.79999e+06,1.14934e+07,4.07676e+06,6.79999e+06,1.14926e+07,3.98112e+06,6.79999e+06,1.14916e+07,3.86765e+06,6.79999e+06,1.14905e+07,3.73474e+06,6.79999e+06,1.14892e+07,3.58148e+06,6.79999e+06,1.14878e+07,3.40785e+06,6.79999e+06,1.14862e+07,3.21513e+06,6.79999e+06,1.14844e+07,3.00605e+06,6.79999e+06,1.14823e+07,2.7848e+06,6.79999e+06,1.148e+07,2.5568e+06,6.79999e+06,1.14773e+07,2.32825e+06,6.79999e+06,13.5742,8.52444,0.508366,16.8306,13.2585,0.162638,20.0035,17.569,0.0507846,23.2616,22.4214,0.0158319,26.7328,28.3297,0.00493498,30.5212,35.6974,0.00153831,34.7178,44.9473,0.000479527,39.4086,56.5822,0.000149456,44.6796,71.2245,4.66214e-05,50.6209,89.6543,1.45419e-05,57.3297,112.852,4.54748e-06,64.9129,142.051,1.43857e-06,73.4897,178.803,4.36618e-07,83.1934,225.062,1.40153e-07,94.1745,283.286,4.96378e-08,106.602,356.568,1.05434e-07,120.669,448.799,-6.49244e-08,136.59,564.873,1.70148e-07,154.611,710.948,-5.34594e-08,175.008,894.767,1.63407e-07,198.097,1126.06,8.04804e-08,224.231,1417.07,1.14667e-07,253.813,1783.15,-1.71227e-07,287.297,2243.62,-2.88466e-07,325.198,2822.67,-4.33651e-07,368.098,3550.67,7.9318e-08,416.657,4465.65,3.13319e-07,471.621,5615.16,3.4613e-07,533.835,7058.61,-1.19199e-07,604.255,8870.02,-2.79964e-07,683.962,11141.4,-2.30521e-07,774.182,13986.7,-2.55099e-07,876.299,17546.4,1.23585e-07,991.883,21993.1,1.41192e-07,1122.71,27536.7,-9.71886e-08,1270.78,34430.7,-3.68368e-07,1438.38,42977.7,-3.45379e-07,1628.07,53532.7,-3.25328e-09,1842.77,66504.6,2.6362e-07,2085.77,82350.2,2.53445e-07,2360.79,101560,-2.47407e-08,2672.05,124632,-3.80602e-07,3024.31,152018,-4.79005e-07,3422.98,184060,-1.14379e-07,3874.15,220884,2.64297e-07,4384.72,262283,3.44131e-07,4962.49,307576,7.5349e-08,5616.29,355497,-3.63097e-07,6356.1,404126,-6.05442e-07,7193.18,450932,-2.72333e-07,8140.28,492963,2.29675e-07,9211.79,527178,4.3387e-07,10424,550893,-1.0711e-07,10.102,8.06553,2.81012,10.6436,8.57909,0.869423,11.5336,10.2515,0.270869,12.7211,12.7138,0.0844293,14.1823,15.9373,0.0263173,15.9122,20.0383,0.0082035,17.9198,25.2154,0.00255722,20.2244,31.7373,0.000797017,22.8539,39.9486,0.000248622,25.8438,50.2851,7.75492e-05,29.237,63.2963,2.42508e-05,33.0837,79.6738,7.67162e-06,37.4415,100.288,2.32837e-06,42.3767,126.236,7.33e-07,47.9646,158.896,2.79256e-07,54.2906,200.003,9.87351e-09,61.452,251.741,1.61085e-07,69.5585,316.859,-2.47141e-07,78.7347,398.812,8.93552e-08,89.1218,501.948,-2.53231e-07,100.879,631.736,-1.25047e-07,114.188,795.049,-1.78808e-07,129.252,1000.53,2.6733e-07,146.304,1259.03,4.50292e-07,165.605,1584.19,6.76904e-07,187.452,1993.12,-1.23808e-07,212.181,2507.27,-4.89068e-07,240.173,3153.54,-5.40284e-07,271.856,3965.56,1.86061e-07,307.719,4985.38,4.37004e-07,348.313,6265.4,3.59828e-07,394.26,7870.83,3.98192e-07,446.268,9882.51,-1.92908e-07,505.135,12400.3,-2.20392e-07,571.766,15546.9,1.51705e-07,647.184,19472.2,5.74996e-07,732.547,24357.4,5.39112e-07,829.167,30420,5.07815e-09,938.526,37916.3,-4.11492e-07,1062.3,47143.9,-3.9561e-07,1202.4,58439.2,3.86185e-08,1360.96,72169.3,5.94093e-07,1540.42,88715.8,7.47693e-07,1743.53,108445,1.78537e-07,1973.41,131665,-4.12549e-07,2233.57,158557,-5.37164e-07,2528,189103,-1.17615e-07,2861.2,222986,5.66769e-07,3238.27,259510,9.45053e-07,3664.97,297540,4.25093e-07,4147.81,335497,-3.58506e-07,4694.17,371444,-6.7724e-07,5312.37,403256,1.67192e-07,1.61744,3.89446,9.84394,3.28846,7.5504,12.774,5.07607,11.7187,13.6844,7.03202,16.8147,13.9681,9.20215,23.1769,14.0566,11.6301,31.1672,14.0841,14.3598,41.2186,14.0927,17.4376,53.8688,14.0954,20.9137,69.7915,14.0962,24.8432,89.8341,14.0965,29.2879,115.063,14.0966,34.3168,146.819,14.0966,40.0078,186.792,14.0966,46.4487,237.107,14.0966,53.7388,300.44,14.0966,61.9903,380.158,14.0966,71.3301,480.499,14.0966,81.902,606.796,14.0966,93.8685,765.761,14.0966,107.414,965.837,14.0966,122.746,1217.65,14.0966,140.101,1534.57,14.0966,159.745,1933.41,14.0966,181.981,2435.3,14.0966,207.15,3066.85,14.0966,235.64,3861.46,14.0966,267.889,4861.11,14.0966,304.391,6118.54,14.0966,345.709,7699.91,14.0966,392.478,9688.22,14.0966,445.417,12187.5,14.0966,505.339,15327.7,14.0966,573.165,19271.6,14.0966,649.938,24222,14.0966,736.839,30430.9,14.0966,835.202,38211.5,14.0966,946.539,47950.3,14.0966,1072.56,60122.8,14.0966,1215.21,75309.9,14.0966,1376.66,94216.2,14.0966,1559.41,117688,14.0966,1766.26,146729,14.0966,2000.39,182510,14.0966,2265.39,226372,14.0966,2565.33,279806,14.0966,2904.81,344416,14.0966,3289.05,421845,14.0966,3723.93,513667,14.0966,4216.13,621231,14.0966,4773.18,745478,14.0966,5403.64,886744,14.0966,6117.15,1.04457e+06,14.0966,6924.63,1.2176e+06,14.0966,11.7194,11.96,12.6541,13.9321,16.1295,13.6434,16.6097,21.9702,13.9553,19.7532,29.5285,14.0526,23.3844,39.1143,14.0829,27.5423,51.2054,14.0923,32.2796,66.434,14.0953,37.662,85.6061,14.0962,43.7675,109.74,14.0965,50.687,140.119,14.0966,58.5249,178.359,14.0966,67.4005,226.493,14.0966,77.4493,287.08,14.0966,88.8254,363.343,14.0966,101.703,459.336,14.0966,116.281,580.161,14.0966,132.782,732.241,14.0966,151.46,923.655,14.0966,172.603,1164.57,14.0966,196.535,1467.79,14.0966,223.625,1849.39,14.0966,254.288,2329.62,14.0966,288.997,2933.93,14.0966,328.285,3694.33,14.0966,372.755,4651.04,14.0966,423.092,5854.57,14.0966,480.07,7368.38,14.0966,544.564,9272.08,14.0966,617.566,11665.5,14.0966,700.197,14673.6,14.0966,793.729,18452.9,14.0966,899.599,23198.6,14.0966,1019.43,29154.1,14.0966,1155.07,36622.3,14.0966,1308.6,45977.9,14.0966,1482.39,57683.7,14.0966,1679.09,72307.8,14.0966,1901.73,90542.8,14.0966,2153.73,113226,14.0966,2438.97,141360,14.0966,2761.81,176127,14.0966,3127.22,218898,14.0966,3540.81,271226,14.0966,4008.92,334817,14.0966,4538.74,411470,14.0966,5138.38,502973,14.0966,5817.04,610948,14.0966,6585.12,736653,14.0966,7454.39,880741,14.0966,8438.15,1.04302e+06,14.0966,9551.45,1.22224e+06,14.0966,10811.3,1.41602e+06,14.0966,12237,1.62086e+06,14.0966,11.7194,11.96,12.6541,2.21263,4.16949,0.989383,2.67766,5.84076,0.311842,3.14343,7.55825,0.0972771,3.63127,9.58578,0.0303237,4.15787,12.0912,0.00945211,4.73731,15.2286,0.00294633,5.38238,19.1721,0.000918508,6.10553,24.134,0.000286163,6.91951,30.3791,8.92692e-05,7.83792,38.2397,2.78121e-05,8.87555,48.1338,8.65134e-06,10.0489,60.5876,2.7882e-06,11.3761,76.2629,8.29036e-07,12.8779,95.9927,2.4373e-07,14.5775,120.825,4.33068e-09,16.5012,152.08,1.75749e-07,18.6784,191.415,-1.86328e-07,21.1428,240.917,1.91829e-07,23.9322,303.213,-1.81475e-07,27.0895,381.602,7.0186e-08,30.6634,480.231,-2.86769e-08,34.7087,604.316,2.40784e-07,39.2876,760.401,9.87368e-08,44.4705,956.705,1.22263e-07,50.3371,1203.54,-4.31966e-07,56.9776,1513.81,-1.9705e-07,64.494,1903.69,-2.763e-08,73.0018,2393.4,3.9185e-07,82.6317,3008.13,1.35379e-07,93.5318,3779.25,-4.16351e-08,105.869,4745.7,2.06965e-08,119.834,5955.6,-3.18887e-07,135.641,7468.12,-1.48271e-08,153.531,9355.62,2.00739e-07,173.781,11705.8,2.28358e-07,196.701,14624.1,-1.93587e-08,222.642,18235,-2.88101e-07,252.003,22683.4,-2.24732e-07,285.234,28134,8.56806e-09,322.845,34767,2.34258e-07,365.413,42770.9,2.99668e-07,413.588,52327.9,8.28644e-08,468.111,63591.2,-3.07049e-07,529.814,76653.2,-3.1888e-07,599.642,91502.5,-6.72276e-08,678.662,107975,2.26339e-07,768.083,125705,3.69212e-07,869.267,144088,2.04077e-07,983.76,162277,-2.80509e-07,1113.3,179223,-4.22737e-07,1259.87,193777,-1.71951e-07,1425.68,204839,4.55555e-07,11.7194,11.96,12.6541,2.21263,4.16949,0.989383,2.67766,5.84076,0.311842,3.14343,7.55825,0.0972771,3.63127,9.58578,0.0303237,4.15787,12.0912,0.00945211,4.73731,15.2286,0.00294633,5.38238,19.1721,0.000918508,6.10553,24.134,0.000286163,6.91951,30.3791,8.92692e-05,7.83792,38.2397,2.78121e-05,8.87555,48.1338,8.65134e-06,10.0489,60.5876,2.7882e-06,11.3761,76.2629,8.29036e-07,12.8779,95.9927,2.4373e-07,14.5775,120.825,1e-08,16.5012,152.08,1.75749e-07,18.6784,191.415,1e-08,21.1428,240.917,1.91829e-07,23.9322,303.213,1e-08,27.0895,381.602,7.0186e-08,30.6634,480.231,1e-08,34.7087,604.316,2.40784e-07,39.2876,760.401,9.87368e-08,44.4705,956.705,1.22263e-07,50.3371,1203.54,1e-08,56.9776,1513.81,1e-08,64.494,1903.69,1e-08,73.0018,2393.4,3.9185e-07,82.6317,3008.13,1.35379e-07,93.5318,3779.25,1e-08,105.869,4745.7,2.06965e-08,119.834,5955.6,1e-08,135.641,7468.12,1e-08,153.531,9355.62,2.00739e-07,173.781,11705.8,2.28358e-07,196.701,14624.1,1e-08,222.642,18235,1e-08,252.003,22683.4,1e-08,285.234,28134,1e-08,322.845,34767,2.34258e-07,365.413,42770.9,2.99668e-07,413.588,52327.9,8.28644e-08,468.111,63591.2,1e-08,529.814,76653.2,1e-08,599.642,91502.5,1e-08,678.662,107975,2.26339e-07,768.083,125705,3.69212e-07,869.267,144088,2.04077e-07,983.76,162277,1e-08,1113.3,179223,1e-08,1259.87,193777,1e-08,1425.68,204839,4.55555e-07,6.2823,3.27286,2.43537,0.219672,6.18826,2.24117,0.56371,6.87772,2.63624,0.308279,14,12,9,0,4,2,2,2,0,2,6,0,1,10,0,4,8,0,2,13,0,6,11,0,6,36,0,6,32,0,10,26,0,5,33,0,6,71,0,5,63,0,16,73,0,19,101,0,9,261,0,26,71,0,20,154,0,28,61,0,52,217,0,15,387,0,25,791,0,14,1218,0,27,1390,0,47,547,0,40,1372,0,69,2882,0,50,3175,0,71,3492,0,201,2581,0,61,5361,0,82,3193,0,133,7940,0,189,4520,0,157,10975,0,211,8723,0,106,13315,0,222,26356,0,230,31142,0,194,24691,0,135,43658,0,324,72724,0,276,86899,0,490,57523,0,838,78007,0,965,166047,0,374,217749,0,654,268623,0,1589,186649,0,706,156863,0,976,178830,0,1281,153320,0
-1.05176e+08,1,8.88811e-15,10,1023,0,1.05176e+08,0.528882,1.08665,0.389689,0.145397,0.379329,3.24381,0.161596,0.446195,1.77396,0.159177,1.15e+07,4.49998e+06,6.79999e+06,1.15e+07,4.49997e+06,6.79999e+06,1.15e+07,4.49996e+06,6.79999e+06,1.15e+07,4.49995e+06,6.79999e+06,1.14999e+07,4.49993e+06,6.79999e+06,1.14999e+07,4.49991e+06,6.79999e+06,1.14999e+07,4.49989e+06,6.79999e+06,1.14999e+07,4.49986e+06,6.79999e+06,1.14999e+07,4.49982e+06,6.79999e+06,1.14999e+07,4.49977e+06,6.79999e+06,1.14999e+07,4.49971e+06,6.79999e+06,1.14999e+07,4.49963e+06,6.79999e+06,1.14998e+07,4.49953e+06,6.79999e+06,1.14998e+07,4.49941e+06,6.79999e+06,1.14998e+07,4.49926e+06,6.79999e+06,1.14998e+07,4.49906e+06,6.79999e+06,1.14997e+07,4.49882e+06,6.79999e+06,1.14997e+07,4.49851e+06,6.79999e+06,1.14997e+07,4.49812e+06,6.79999e+06,1.14996e+07,4.49764e+06,6.79999e+06,1.14996e+07,4.49702e+06,6.79999e+06,1.14995e+07,4.49625e+06,6.79999e+06,1.14995e+07,4.49528e+06,6.79999e+06,1.14994e+07,4.49406e+06,6.79999e+06,1.14993e+07,4.49253e+06,6.79999e+06,1.14992e+07,4.49059e+06,6.79999e+06,1.14991e+07,4.48817e+06,6.79999e+06,1.1499e+07,4.48511e+06,6.79999e+06,1.14988e+07,4.48128e+06,6.79999e+06,1.14987e+07,4.47646e+06,6.79999e+06,1.14985e+07,4.47041e+06,6.79999e+06,1.14983e+07,4.46281e+06,6.79999e+06,1.14981e+07,4.4533e+06,6.79999e+06,1.14979e+07,4.44138e+06,6.79999e+06,1.14976e+07,4.42649e+06,6.79999e+06,1.14972e+07,4.40789e+06,6.79999e+06,1.14969e+07,4.38471e+06,6.79999e+06,1.14965e+07,4.35592e+06,6.79999e+06,1.1496e+07,4.32027e+06,6.79999e+06,1.14955e+07,4.27629e+06,6.79999e+06,1.14949e+07,4.22231e+06,6.79999e+06,1.14942e+07,4.15647e+06,6.79999e+06,1.14934e+07,4.07676e+06,6.79999e+06,1.14926e+07,3.98112e+06,6.79999e+06,1.14916e+07,3.86765e+06,6.79999e+06,1.14905e+07,3.73474e+06,6.79999e+06,1.14892e+07,3.58148e+06,6.79999e+06,1.14878e+07,3.40785e+06,6.79999e+06,1.14862e+07,3.21513e+06,6.79999e+06,1.14844e+07,3.00605e+06,6.79999e+06,1.14823e+07,2.7848e+06,6.79999e+06,1.148e+07,2.5568e+06,6.79999e+06,1.14773e+07,2.32825e+06,6.79999e+06,13.5742,8.52444,0.508366,16.8306,13.2585,0.162638,20.0035,17.569,0.0507846,23.2616,22.4214,0.0158319,26.7328,28.3297,0.00493498,30.5212,35.6974,0.00153831,34.7178,44.9473,0.000479527,39.4086,56.5822,0.000149456,44.6796,71.2245,4.66214e-05,50.6209,89.6543,1.45419e-05,57.3297,112.852,4.54748e-06,64.9129,142.051,1.43857e-06,73.4897,178.803,4.36618e-07,83.1934,225.062,1.40153e-07,94.1745,283.286,4.96378e-08,106.602,356.568,1.05434e-07,120.669,448.799,-6.49244e-08,136.59,564.873,1.70148e-07,154.611,710.948,-5.34594e-08,175.008,894.767,1.63407e-07,198.097,1126.06,8.04804e-08,224.231,1417.07,1.14667e-07,253.813,1783.15,-1.71227e-07,287.297,2243.62,-2.88466e-07,325.198,2822.67,-4.33651e-07,368.098,3550.67,7.9318e-08,416.657,4465.65,3.13319e-07,471.621,5615.16,3.4613e-07,533.835,7058.61,-1.19199e-07,604.255,8870.02,-2.79964e-07,683.962,11141.4,-2.30521e-07,774.182,13986.7,-2.55099e-07,876.299,17546.4,1.23585e-07,991.883,21993.1,1.41192e-07,1122.71,27536.7,-9.71886e-08,1270.78,34430.7,-3.68368e-07,1438.38,42977.7,-3.45379e-07,1628.07,53532.7,-3.25328e-09,1842.77,66504.6,2.6362e-07,2085.77,82350.2,2.53445e-07,2360.79,101560,-2.47407e-08,2672.05,124632,-3.80602e-07,3024.31,152018,-4.79005e-07,3422.98,184060,-1.14379e-07,3874.15,220884,2.64297e-07,4384.72,262283,3.44131e-07,4962.49,307576,7.5349e-08,5616.29,355497,-3.63097e-07,6356.1,404126,-6.05442e-07,7193.18,450932,-2.72333e-07,8140.28,492963,2.29675e-07,9211.79,527178,4.3387e-07,10424,550893,-1.0711e-07,10.102,8.06553,2.81012,10.6436,8.57909,0.869423,11.5336,10.2515,0.270869,12.7211,12.7138,0.0844293,14.1823,15.9373,0.0263173,15.9122,20.0383,0.0082035,17.9198,25.2154,0.00255722,20.2244,31.7373,0.000797017,22.8539,39.9486,0.000248622,25.8438,50.2851,7.75492e-05,29.237,63.2963,2.42508e-05,33.0837,79.6738,7.67162e-06,37.4415,100.288,2.32837e-06,42.3767,126.236,7.33e-07,47.9646,158.896,2.79256e-07,54.2906,200.003,9.87351e-09,61.452,251.741,1.61085e-07,69.5585,316.859,-2.47141e-07,78.7347,398.812,8.93552e-08,89.1218,501.948,-2.53231e-07,100.879,631.736,-1.25047e-07,114.188,795.049,-1.78808e-07,129.252,1000.53,2.6733e-07,146.304,1259.03,4.50292e-07,165.605,1584.19,6.76904e-07,187.452,1993.12,-1.23808e-07,212.181,2507.27,-4.89068e-07,240.173,3153.54,-5.40284e-07,271.856,3965.56,1.86061e-07,307.719,4985.38,4.37004e-07,348.313,6265.4,3.59828e-07,394.26,7870.83,3.98192e-07,446.268,9882.51,-1.92908e-07,505.135,12400.3,-2.20392e-07,571.766,15546.9,1.51705e-07,647.184,19472.2,5.74996e-07,732.547,24357.4,5.39112e-07,829.167,30420,5.07815e-09,938.526,37916.3,-4.11492e-07,1062.3,47143.9,-3.9561e-07,1202.4,58439.2,3.86185e-08,1360.96,72169.3,5.94093e-07,1540.42,88715.8,7.47693e-07,1743.53,108445,1.78537e-07,1973.41,131665,-4.12549e-07,2233.57,158557,-5.37164e-07,2528,189103,-1.17615e-07,2861.2,222986,5.66769e-07,3238.27,259510,9.45053e-07,3664.97,297540,4.25093e-07,4147.81,335497,-3.58506e-07,4694.17,371444,-6.7724e-07,5312.37,403256,1.67192e-07,1.61744,3.89446,9.84394,3.28846,7.5504,12.774,5.07607,11.7187,13.6844,7.03202,16.8147,13.9681,9.20215,23.1769,14.0566,11.6301,31.1672,14.0841,14.3598,41.2186,14.0927,17.4376,53.8688,14.0954,20.9137,69.7915,14.0962,24.8432,89.8341,14.0965,29.2879,115.063,14.0966,34.3168,146.819,14.0966,40.0078,186.792,14.0966,46.4487,237.107,14.0966,53.7388,300.44,14.0966,61.9903,380.158,14.0966,71.3301,480.499,14.0966,81.902,606.796,14.0966,93.8685,765.761,14.0966,107.414,965.837,14.0966,122.746,1217.65,14.0966,140.101,1534.57,14.0966,159.745,1933.41,14.0966,181.981,2435.3,14.0966,207.15,3066.85,14.0966,235.64,3861.46,14.0966,267.889,4861.11,14.0966,304.391,6118.54,14.0966,345.709,7699.91,14.0966,392.478,9688.22,14.0966,445.417,12187.5,14.0966,505.339,15327.7,14.0966,573.165,19271.6,14.0966,649.938,24222,14.0966,736.839,30430.9,14.0966,835.202,38211.5,14.0966,946.539,47950.3,14.0966,1072.56,60122.8,14.0966,1215.21,75309.9,14.0966,1376.66,94216.2,14.0966,1559.41,117688,14.0966,1766.26,146729,14.0966,2000.39,182510,14.0966,2265.39,226372,14.0966,2565.33,279806,14.0966,2904.81,344416,14.0966,3289.05,421845,14.0966,3723.93,513667,14.0966,4216.13,621231,14.0966,4773.18,745478,14.0966,5403.64,886744,14.0966,6117.15,1.04457e+06,14.0966,6924.63,1.2176e+06,14.0966,11.7194,11.96,12.6541,13.9321,16.1295,13.6434,16.6097,21.9702,13.9553,19.7532,29.5285,14.0526,23.3844,39.1143,14.0829,27.5423,51.2054,14.0923,32.2796,66.434,14.0953,37.662,85.6061,14.0962,43.7675,109.74,14.0965,50.687,140.119,14.0966,58.5249,178.359,14.0966,67.4005,226.493,14.0966,77.4493,287.08,14.0966,88.8254,363.343,14.0966,101.703,459.336,14.0966,116.281,580.161,14.0966,132.782,732.241,14.0966,151.46,923.655,14.0966,172.603,1164.57,14.0966,196.535,1467.79,14.0966,223.625,1849.39,14.0966,254.288,2329.62,14.0966,288.997,2933.93,14.0966,328.285,3694.33,14.0966,372.755,4651.04,14.0966,423.092,5854.57,14.0966,480.07,7368.38,14.0966,544.564,9272.08,14.0966,617.566,11665.5,14.0966,700.197,14673.6,14.0966,793.729,18452.9,14.0966,899.599,23198.6,14.0966,1019.43,29154.1,14.0966,1155.07,36622.3,14.0966,1308.6,45977.9,14.0966,1482.39,57683.7,14.0966,1679.09,72307.8,14.0966,1901.73,90542.8,14.0966,2153.73,113226,14.0966,2438.97,141360,14.0966,2761.81,176127,14.0966,3127.22,218898,14.0966,3540.81,271226,14.0966,4008.92,334817,14.0966,4538.74,411470,14.0966,5138.38,502973,14.0966,5817.04,610948,14.0966,6585.12,736653,14.0966,7454.39,880741,14.0966,8438.15,1.04302e+06,14.0966,9551.45,1.22224e+06,14.0966,10811.3,1.41602e+06,14.0966,12237,1.62086e+06,14.0966,11.7194,11.96,12.6541,2.21263,4.16949,0.989383,2.67766,5.84076,0.311842,3.14343,7.55825,0.0972771,3.63127,9.58578,0.0303237,4.15787,12.0912,0.00945211,4.73731,15.2286,0.00294633,5.38238,19.1721,0.000918508,6.10553,24.134,0.000286163,6.91951,30.3791,8.92692e-05,7.83792,38.2397,2.78121e-05,8.87555,48.1338,8.65134e-06,10.0489,60.5876,2.7882e-06,11.3761,76.2629,8.29036e-07,12.8779,95.9927,2.4373e-07,14.5775,120.825,4.33068e-09,16.5012,152.08,1.75749e-07,18.6784,191.415,-1.86328e-07,21.1428,240.917,1.91829e-07,23.9322,303.213,-1.81475e-07,27.0895,381.602,7.0186e-08,30.6634,480.231,-2.86769e-08,34.7087,604.316,2.40784e-07,39.2876,760.401,9.87368e-08,44.4705,956.705,1.22263e-07,50.3371,1203.54,-4.31966e-07,56.9776,1513.81,-1.9705e-07,64.494,1903.69,-2.763e-08,73.0018,2393.4,3.9185e-07,82.6317,3008.13,1.35379e-07,93.5318,3779.25,-4.16351e-08,105.869,4745.7,2.06965e-08,119.834,5955.6,-3.18887e-07,135.641,7468.12,-1.48271e-08,153.531,9355.62,2.00739e-07,173.781,11705.8,2.28358e-07,196.701,14624.1,-1.93587e-08,222.642,18235,-2.88101e-07,252.003,22683.4,-2.24732e-07,285.234,28134,8.56806e-09,322.845,34767,2.34258e-07,365.413,42770.9,2.99668e-07,413.588,52327.9,8.28644e-08,468.111,63591.2,-3.07049e-07,529.814,76653.2,-3.1888e-07,599.642,91502.5,-6.72276e-08,678.662,107975,2.26339e-07,768.083,125705,3.69212e-07,869.267,144088,2.04077e-07,983.76,162277,-2.80509e-07,1113.3,179223,-4.22737e-07,1259.87,193777,-1.71951e-07,1425.68,204839,4.55555e-07,11.7194,11.96,12.6541,2.21263,4.16949,0.989383,2.67766,5.84076,0.311842,3.14343,7.55825,0.0972771,3.63127,9.58578,0.0303237,4.15787,12.0912,0.00945211,4.73731,15.2286,0.00294633,5.38238,19.1721,0.000918508,6.10553,24.134,0.000286163,6.91951,30.3791,8.92692e-05,7.83792,38.2397,2.78121e-05,8.87555,48.1338,8.65134e-06,10.0489,60.5876,2.7882e-06,11.3761,76.2629,8.29036e-07,12.8779,95.9927,2.4373e-07,14.5775,120.825,1e-08,16.5012,152.08,1.75749e-07,18.6784,191.415,1e-08,21.1428,240.917,1.91829e-07,23.9322,303.213,1e-08,27.0895,381.602,7.0186e-08,30.6634,480.231,1e-08,34.7087,604.316,2.40784e-07,39.2876,760.401,9.87368e-08,44.4705,956.705,1.22263e-07,50.3371,1203.54,1e-08,56.9776,1513.81,1e-08,64.494,1903.69,1e-08,73.0018,2393.4,3.9185e-07,82.6317,3008.13,1.35379e-07,93.5318,3779.25,1e-08,105.869,4745.7,2.06965e-08,119.834,5955.6,1e-08,135.641,7468.12,1e-08,153.531,9355.62,2.00739e-07,173.781,11705.8,2.28358e-07,196.701,14624.1,1e-08,222.642,18235,1e-08,252.003,22683.4,1e-08,285.234,28134,1e-08,322.845,34767,2.34258e-07,365.413,42770.9,2.99668e-07,413.588,52327.9,8.28644e-08,468.111,63591.2,1e-08,529.814,76653.2,1e-08,599.642,91502.5,1e-08,678.662,107975,2.26339e-07,768.083,125705,3.69212e-07,869.267,144088,2.04077e-07,983.76,162277,1e-08,1113.3,179223,1e-08,1259.87,193777,1e-08,1425.68,204839,4.55555e-07,6.2823,3.27286,2.43537,0.219672,6.18826,2.24117,0.56371,6.87772,2.63624,0.308279,6,21,8,1,16,1,2,10,1,4,4,0,3,6,0,8,8,0,5,18,0,2,18,0,10,18,0,3,21,0,5,38,0,11,73,0,10,51,0,9,41,0,7,103,0,4,140,0,4,63,0,20,221,0,12,458,0,15,302,0,20,356,0,22,375,0,51,235,0,21,780,0,56,1462,0,61,1173,0,41,2331,0,46,2059,0,67,3170,0,134,1300,0,84,3991,0,121,7443,0,41,3568,0,151,4901,0,136,5647,0,164,9022,0,83,7918,0,107,20636,0,296,16488,0,331,24618,0,527,31335,0,236,37521,0,690,13607,0,346,29113,0,409,68792,0,726,72780,0,671,173482,0,608,121770,0,462,74492,0,684,282890,0,1600,212796,0,1019,154949,0,1246,309832,0
-1.05176e+08,1,8.88811e-15,10,1023,0,1.05176e+08,0.528882,1.08665,0.389689,0.145397,0.379329,3.24381,0.161596,0.446195,1.77396,0.159177,1.15e+07,4.49998e+06,6.79999e+06,1.15e+07,4.49997e+06,6.79999e+06,1.15e+07,4.49996e+06,6.79999e+06,1.15e+07,4.49995e+06,6.79999e+06,1.14999e+07,4.49993e+06,6.79999e+06,1.14999e+07,4.49991e+06,6.79999e+06,1.14999e+07,4.49989e+06,6.79999e+06,1.14999e+07,4.49986e+06,6.79999e+06,1.14999e+07,4.49982e+06,6.79999e+06,1.14999e+07,4.49977e+06,6.79999e+06,1.14999e+07,4.49971e+06,6.79999e+06,1.14999e+07,4.49963e+06,6.79999e+06,1.14998e+07,4.49953e+06,6.79999e+06,1.14998e+07,4.49941e+06,6.79999e+06,1.14998e+07,4.49926e+06,6.79999e+06,1.14998e+07,4.49906e+06,6.79999e+06,1.14997e+07,4.49882e+06,6.79999e+06,1.14997e+07,4.49851e+06,6.79999e+06,1.14997e+07,4.49812e+06,6.79999e+06,1.14996e+07,4.49764e+06,6.79999e+06,1.14996e+07,4.49702e+06,6.79999e+06,1.14995e+07,4.49625e+06,6.79999e+06,1.14995e+07,4.49528e+06,6.79999e+06,1.14994e+07,4.49406e+06,6.79999e+06,1.14993e+07,4.49253e+06,6.79999e+06,1.14992e+07,4.49059e+06,6.79999e+06,1.14991e+07,4.48817e+06,6.79999e+06,1.1499e+07,4.48511e+06,6.79999e+06,1.14988e+07,4.48128e+06,6.79999e+06,1.14987e+07,4.47646e+06,6.79999e+06,1.14985e+07,4.47041e+06,6.79999e+06,1.14983e+07,4.46281e+06,6.79999e+06,1.14981e+07,4.4533e+06,6.79999e+06,1.14979e+07,4.44138e+06,6.79999e+06,1.14976e+07,4.42649e+06,6.79999e+06,1.14972e+07,4.40789e+06,6.79999e+06,1.14969e+07,4.38471e+06,6.79999e+06,1.14965e+07,4.35592e+06,6.79999e+06,1.1496e+07,4.32027e+06,6.79999e+06,1.14955e+07,4.27629e+06,6.79999e+06,1.14949e+07,4.22231e+06,6.79999e+06,1.14942e+07,4.15647e+06,6.79999e+06,1.14934e+07,4.07676e+06,6.79999e+06,1.14926e+07,3.98112e+06,6.79999e+06,1.14916e+07,3.86765e+06,6.79999e+06,1.14905e+07,3.73474e+06,6.79999e+06,1.14892e+07,3.58148e+06,6.79999e+06,1.14878e+07,3.40785e+06,6.79999e+06,1.14862e+07,3.21513e+06,6.79999e+06,1.14844e+07,3.00605e+06,6.79999e+06,1.14823e+07,2.7848e+06,6.79999e+06,1.148e+07,2.5568e+06,6.79999e+06,1.14773e+07,2.32825e+06,6.79999e+06,13.5742,8.52444,0.508366,16.8306,13.2585,0.162638,20.0035,17.569,0.0507846,23.2616,22.4214,0.0158319,26.7328,28.3297,0.00493498,30.5212,35.6974,0.00153831,34.7178,44.9473,0.000479527,39.4086,56.5822,0.000149456,44.6796,71.2245,4.66214e-05,50.6209,89.6543,1.45419e-05,57.3297,112.852,4.54748e-06,64.9129,142.051,1.43857e-06,73.4897,178.803,4.36618e-07,83.1934,225.062,1.40153e-07,94.1745,283.286,4.96378e-08,106.602,356.568,1.05434e-07,120.669,448.799,-6.49244e-08,136.59,564.873,1.70148e-07,154.611,710.948,-5.34594e-08,175.008,894.767,1.63407e-07,198.097,1126.06,8.04804e-08,224.231,1417.07,1.14667e-07,253.813,1783.15,-1.71227e-07,287.297,2243.62,-2.88466e-07,325.198,2822.67,-4.33651e-07,368.098,3550.67,7.9318e-08,416.657,4465.65,3.13319e-07,471.621,5615.16,3.4613e-07,533.835,7058.61,-1.19199e-07,604.255,8870.02,-2.79964e-07,683.962,11141.4,-2.30521e-07,774.182,13986.7,-2.55099e-07,876.299,17546.4,1.23585e-07,991.883,21993.1,1.41192e-07,1122.71,27536.7,-9.71886e-08,1270.78,34430.7,-3.68368e-07,1438.38,42977.7,-3.45379e-07,1628.07,53532.7,-3.25328e-09,1842.77,66504.6,2.6362e-07,2085.77,82350.2,2.53445e-07,2360.79,101560,-2.47407e-08,2672.05,124632,-3.80602e-07,3024.31,152018,-4.79005e-07,3422.98,184060,-1.14379e-07,3874.15,220884,2.64297e-07,4384.72,262283,3.44131e-07,4962.49,307576,7.5349e-08,5616.29,355497,-3.63097e-07,6356.1,404126,-6.05442e-07,7193.18,450932,-2.72333e-07,8140.28,492963,2.29675e-07,9211.79,527178,4.3387e-07,10424,550893,-1.0711e-07,10.102,8.06553,2.81012,10.6436,8.57909,0.869423,11.5336,10.2515,0.270869,12.7211,12.7138,0.0844293,14.1823,15.9373,0.0263173,15.9122,20.0383,0.0082035,17.9198,25.2154,0.00255722,20.2244,31.7373,0.000797017,22.8539,39.9486,0.000248622,25.8438,50.2851,7.75492e-05,29.237,63.2963,2.42508e-05,33.0837,79.6738,7.67162e-06,37.4415,100.288,2.32837e-06,42.3767,126.236,7.33e-07,47.9646,158.896,2.79256e-07,54.2906,200.003,9.87351e-09,61.452,251.741,1.61085e-07,69.5585,316.859,-2.47141e-07,78.7347,398.812,8.93552e-08,89.1218,501.948,-2.53231e-07,100.879,631.736,-1.25047e-07,114.188,795.049,-1.78808e-07,129.252,1000.53,2.6733e-07,146.304,1259.03,4.50292e-07,165.605,1584.19,6.76904e-07,187.452,1993.12,-1.23808e-07,212.181,2507.27,-4.89068e-07,240.173,3153.54,-5.40284e-07,271.856,3965.56,1.86061e-07,307.719,4985.38,4.37004e-07,348.313,6265.4,3.59828e-07,394.26,7870.83,3.98192e-07,446.268,9882.51,-1.92908e-07,505.135,12400.3,-2.20392e-07,571.766,15546.9,1.51705e-07,647.184,19472.2,5.74996e-07,732.547,24357.4,5.39112e-07,829.167,30420,5.07815e-09,938.526,37916.3,-4.11492e-07,1062.3,47143.9,-3.9561e-07,1202.4,58439.2,3.86185e-08,1360.96,72169.3,5.94093e-07,1540.42,88715.8,7.47693e-07,1743.53,108445,1.78537e-07,1973.41,131665,-4.12549e-07,2233.57,158557,-5.37164e-07,2528,189103,-1.17615e-07,2861.2,222986,5.66769e-07,3238.27,259510,9.45053e-07,3664.97,297540,4.25093e-07,4147.81,335497,-3.58506e-07,4694.17,371444,-6.7724e-07,5312.37,403256,1.67192e-07,1.61744,3.89446,9.84394,3.28846,7.5504,12.774,5.07607,11.7187,13.6844,7.03202,16.8147,13.9681,9.20215,23.1769,14.0566,11.6301,31.1672,14.0841,14.3598,41.2186,14.0927,17.4376,53.8688,14.0954,20.9137,69.7915,14.0962,24.8432,89.8341,14.0965,29.2879,115.063,14.0966,34.3168,146.819,14.0966,40.0078,186.792,14.0966,46.4487,237.107,14.0966,53.7388,300.44,14.0966,61.9903,380.158,14.0966,71.3301,480.499,14.0966,81.902,606.796,14.0966,93.8685,765.761,14.0966,107.414,965.837,14.0966,122.746,1217.65,14.0966,140.101,1534.57,14.0966,159.745,1933.41,14.0966,181.981,2435.3,14.0966,207.15,3066.85,14.0966,235.64,3861.46,14.0966,267.889,4861.11,14.0966,304.391,6118.54,14.0966,345.709,7699.91,14.0966,392.478,9688.22,14.0966,445.417,12187.5,14.0966,505.339,15327.7,14.0966,573.165,19271.6,14.0966,649.938,24222,14.0966,736.839,30430.9,14.0966,835.202,38211.5,14.0966,946.539,47950.3,14.0966,1072.56,60122.8,14.0966,1215.21,75309.9,14.0966,1376.66,94216.2,14.0966,1559.41,117688,14.0966,1766.26,146729,14.0966,2000.39,182510,14.0966,2265.39,226372,14.0966,2565.33,279806,14.0966,2904.81,344416,14.0966,3289.05,421845,14.0966,3723.93,513667,14.0966,4216.13,621231,14.0966,4773.18,745478,14.0966,5403.64,886744,14.0966,6117.15,1.04457e+06,14.0966,6924.63,1.2176e+06,14.0966,11.7194,11.96,12.6541,13.9321,16.1295,13.6434,16.6097,21.9702,13.9553,19.7532,29.5285,14.0526,23.3844,39.1143,14.0829,27.5423,51.2054,14.0923,32.2796,66.434,14.0953,37.662,85.6061,14.0962,43.7675,109.74,14.0965,50.687,140.119,14.0966,58.5249,178.359,14.0966,67.4005,226.493,14.0966,77.4493,287.08,14.0966,88.8254,363.343,14.0966,101.703,459.336,14.0966,116.281,580.161,14.0966,132.782,732.241,14.0966,151.46,923.655,14.0966,172.603,1164.57,14.0966,196.535,1467.79,14.0966,223.625,1849.39,14.0966,254.288,2329.62,14.0966,288.997,2933.93,14.0966,328.285,3694.33,14.0966,372.755,4651.04,14.0966,423.092,5854.57,14.0966,480.07,7368.38,14.0966,544.564,9272.08,14.0966,617.566,11665.5,14.0966,700.197,14673.6,14.0966,793.729,18452.9,14.0966,899.599,23198.6,14.0966,1019.43,29154.1,14.0966,1155.07,36622.3,14.0966,1308.6,45977.9,14.0966,1482.39,57683.7,14.0966,1679.09,72307.8,14.0966,1901.73,90542.8,14.0966,2153.73,113226,14.0966,2438.97,141360,14.0966,2761.81,176127,14.0966,3127.22,218898,14.0966,3540.81,271226,14.0966,4008.92,334817,14.0966,4538.74,411470,14.0966,5138.38,502973,14.0966,5817.04,610948,14.0966,6585.12,736653,14.0966,7454.39,880741,14.0966,8438.15,1.04302e+06,14.0966,9551.45,1.22224e+06,14.0966,10811.3,1.41602e+06,14.0966,12237,1.62086e+06,14.0966,11.7194,11.96,12.6541,2.21263,4.16949,0.989383,2.67766,5.84076,0.311842,3.14343,7.55825,0.0972771,3.63127,9.58578,0.0303237,4.15787,12.0912,0.00945211,4.73731,15.2286,0.00294633,5.38238,19.1721,0.000918508,6.10553,24.134,0.000286163,6.91951,30.3791,8.92692e-05,7.83792,38.2397,2.78121e-05,8.87555,48.1338,8.65134e-06,10.0489,60.5876,2.7882e-06,11.3761,76.2629,8.29036e-07,12.8779,95.9927,2.4373e-07,14.5775,120.825,4.33068e-09,16.5012,152.08,1.75749e-07,18.6784,191.415,-1.86328e-07,21.1428,240.917,1.91829e-07,23.9322,303.213,-1.81475e-07,27.0895,381.602,7.0186e-08,30.6634,480.231,-2.86769e-08,34.7087,604.316,2.40784e-07,39.2876,760.401,9.87368e-08,44.4705,956.705,1.22263e-07,50.3371,1203.54,-4.31966e-07,56.9776,1513.81,-1.9705e-07,64.494,1903.69,-2.763e-08,73.0018,2393.4,3.9185e-07,82.6317,3008.13,1.35379e-07,93.5318,3779.25,-4.16351e-08,105.869,4745.7,2.06965e-08,119.834,5955.6,-3.18887e-07,135.641,7468.12,-1.48271e-08,153.531,9355.62,2.00739e-07,173.781,11705.8,2.28358e-07,196.701,14624.1,-1.93587e-08,222.642,18235,-2.88101e-07,252.003,22683.4,-2.24732e-07,285.234,28134,8.56806e-09,322.845,34767,2.34258e-07,365.413,42770.9,2.99668e-07,413.588,52327.9,8.28644e-08,468.111,63591.2,-3.07049e-07,529.814,76653.2,-3.1888e-07,599.642,91502.5,-6.72276e-08,678.662,107975,2.26339e-07,768.083,125705,3.69212e-07,869.267,144088,2.04077e-07,983.76,162277,-2.80509e-07,1113.3,179223,-4.22737e-07,1259.87,193777,-1.71951e-07,1425.68,204839,4.55555e-07,11.7194,11.96,12.6541,2.21263,4.16949,0.989383,2.67766,5.84076,0.311842,3.14343,7.55825,0.0972771,3.63127,9.58578,0.0303237,4.15787,12.0912,0.00945211,4.73731,15.2286,0.00294633,5.38238,19.1721,0.000918508,6.10553,24.134,0.000286163,6.91951,30.3791,8.92692e-05,7.83792,38.2397,2.78121e-05,8.87555,48.1338,8.65134e-06,10.0489,60.5876,2.7882e-06,11.3761,76.2629,8.29036e-07,12.8779,95.9927,2.4373e-07,14.5775,120.825,1e-08,16.5012,152.08,1.75749e-07,18.6784,191.415,1e-08,21.1428,240.917,1.91829e-07,23.9322,303.213,1e-08,27.0895,381.602,7.0186e-08,30.6634,480.231,1e-08,34.7087,604.316,2.40784e-07,39.2876,760.401,9.87368e-08,44.4705,956.705,1.22263e-07,50.3371,1203.54,1e-08,56.9776,1513.81,1e-08,64.494,1903.69,1e-08,73.0018,2393.4,3.9185e-07,82.6317,3008.13,1.35379e-07,93.5318,3779.25,1e-08,105.869,4745.7,2.06965e-08,119.834,5955.6,1e-08,135.641,7468.12,1e-08,153.531,9355.62,2.00739e-07,173.781,11705.8,2.28358e-07,196.701,14624.1,1e-08,222.642,18235,1e-08,252.003,22683.4,1e-08,285.234,28134,1e-08,322.845,34767,2.34258e-07,365.413,42770.9,2.99668e-07,413.588,52327.9,8.28644e-08,468.111,63591.2,1e-08,529.814,76653.2,1e-08,599.642,91502.5,1e-08,678.662,107975,2.26339e-07,768.083,125705,3.69212e-07,869.267,144088,2.04077e-07,983.76,162277,1e-08,1113.3,179223,1e-08,1259.87,193777,1e-08,1425.68,204839,4.55555e-07,6.2823,3.27286,2.43537,0.219672,6.18826,2.24117,0.56371,6.87772,2.63624,0.308279,4,7,12,0,10,2,0,9,0,3,2,0,2,17,0,15,10,0,1,10,0,11,8,0,7,16,0,2,31,0,6,37,0,19,62,0,7,68,0,17,44,0,18,88,0,20,115,0,14,65,0,17,150,0,12,321,0,29,376,0,24,253,0,22,426,0,49,941,0,35,428,0,20,1006,0,70,1611,0,43,1908,0,77,1412,0,100,3433,0,53,1953,0,111,2883,0,80,6884,0,135,5141,0,27,9388,0,103,14081,0,181,14059,0,188,11623,0,186,19632,0,348,20120,0,168,23681,0,438,24546,0,315,62460,0,272,34194,0,318,44423,0,883,87991,0,380,135645,0,1216,98709,0,881,155268,0,683,134846,0,1294,120478,0,838,216470,0,669,204378,0,1817,391708,0
-1.05176e+08,1,8.88811e-15,10,1023,0,1.05176e+08,0.528882,1.08665,0.389689,0.145397,0.379329,3.24381,0.161596,0.446195,1.77396,0.159177,1.15e+07,4.49998e+06,6.79999e+06,1.15e+07,4.49997e+06,6.79999e+06,1.15e+07,4.49996e+06,6.79999e+06,1.15e+07,4.49995e+06,6.79999e+06,1.14999e+07,4.49993e+06,6.79999e+06,1.14999e+07,4.49991e+06,6.79999e+06,1.14999e+07,4.49989e+06,6.79999e+06,1.14999e+07,4.49986e+06,6.79999e+06,1.14999e+07,4.49982e+06,6.79999e+06,1.14999e+07,4.49977e+06,6.79999e+06,1.14999e+07,4.49971e+06,6.79999e+06,1.14999e+07,4.49963e+06,6.79999e+06,1.14998e+07,4.49953e+06,6.79999e+06,1.14998e+07,4.49941e+06,6.79999e+06,1.14998e+07,4.49926e+06,6.79999e+06,1.14998e+07,4.49906e+06,6.79999e+06,1.14997e+07,4.49882e+06,6.79999e+06,1.14997e+07,4.49851e+06,6.79999e+06,1.14997e+07,4.49812e+06,6.79999e+06,1.14996e+07,4.49764e+06,6.79999e+06,1.14996e+07,4.49702e+06,6.79999e+06,1.14995e+07,4.49625e+06,6.79999e+06,1.14995e+07,4.49528e+06,6.79999e+06,1.14994e+07,4.49406e+06,6.79999e+06,1.14993e+07,4.49253e+06,6.79999e+06,1.14992e+07,4.49059e+06,6.79999e+06,1.14991e+07,4.48817e+06,6.79999e+06,1.1499e+07,4.48511e+06,6.79999e+06,1.14988e+07,4.48128e+06,6.79999e+06,1.14987e+07,4.47646e+06,6.79999e+06,1.14985e+07,4.47041e+06,6.79999e+06,1.14983e+07,4.46281e+06,6.79999e+06,1.14981e+07,4.4533e+06,6.79999e+06,1.14979e+07,4.44138e+06,6.79999e+06,1.14976e+07,4.42649e+06,6.79999e+06,1.14972e+07,4.40789e+06,6.79999e+06,1.14969e+07,4.38471e+06,6.79999e+06,1.14965e+07,4.35592e+06,6.79999e+06,1.1496e+07,4.32027e+06,6.79999e+06,1.14955e+07,4.27629e+06,6.79999e+06,1.14949e+07,4.22231e+06,6.79999e+06,1.14942e+07,4.15647e+06,6.79999e+06,1.14934e+07,4.07676e+06,6.79999e+06,1.14926e+07,3.98112e+06,6.79999e+06,1.14916e+07,3.86765e+06,6.79999e+06,1.14905e+07,3.73474e+06,6.79999e+06,1.14892e+07,3.58148e+06,6.79999e+06,1.14878e+07,3.40785e+06,6.79999e+06,1.14862e+07,3.21513e+06,6.79999e+06,1.14844e+07,3.00605e+06,6.79999e+06,1.14823e+07,2.7848e+06,6.79999e+06,1.148e+07,2.5568e+06,6.79999e+06,1.14773e+07,2.32825e+06,6.79999e+06,13.5742,8.52444,0.508366,16.8306,13.2585,0.162638,20.0035,17.569,0.0507846,23.2616,22.4214,0.0158319,26.7328,28.3297,0.00493498,30.5212,35.6974,0.00153831,34.7178,44.9473,0.000479527,39.4086,56.5822,0.000149456,44.6796,71.2245,4.66214e-05,50.6209,89.6543,1.45419e-05,57.3297,112.852,4.54748e-06,64.9129,142.051,1.43857e-06,73.4897,178.803,4.36618e-07,83.1934,225.062,1.40153e-07,94.1745,283.286,4.96378e-08,106.602,356.568,1.05434e-07,120.669,448.799,-6.49244e-08,136.59,564.873,1.70148e-07,154.611,710.948,-5.34594e-08,175.008,894.767,1.63407e-07,198.097,1126.06,8.04804e-08,224.231,1417.07,1.14667e-07,253.813,1783.15,-1.71227e-07,287.297,2243.62,-2.88466e-07,325.198,2822.67,-4.33651e-07,368.098,3550.67,7.9318e-08,416.657,4465.65,3.13319e-07,471.621,5615.16,3.4613e-07,533.835,7058.61,-1.19199e-07,604.255,8870.02,-2.79964e-07,683.962,11141.4,-2.30521e-07,774.182,13986.7,-2.55099e-07,876.299,17546.4,1.23585e-07,991.883,21993.1,1.41192e-07,1122.71,27536.7,-9.71886e-08,1270.78,34430.7,-3.68368e-07,1438.38,42977.7,-3.45379e-07,1628.07,53532.7,-3.25328e-09,1842.77,66504.6,2.6362e-07,2085.77,82350.2,2.53445e-07,2360.79,101560,-2.47407e-08,2672.05,124632,-3.80602e-07,3024.31,152018,-4.79005e-07,3422.98,184060,-1.14379e-07,3874.15,220884,2.64297e-07,4384.72,262283,3.44131e-07,4962.49,307576,7.5349e-08,5616.29,355497,-3.63097e-07,6356.1,404126,-6.05442e-07,7193.18,450932,-2.72333e-07,8140.28,492963,2.29675e-07,9211.79,527178,4.3387e-07,10424,550893,-1.0711e-07,10.102,8.06553,2.81012,10.6436,8.57909,0.869423,11.5336,10.2515,0.270869,12.7211,12.7138,0.0844293,14.1823,15.9373,0.0263173,15.9122,20.0383,0.0082035,17.9198,25.2154,0.00255722,20.2244,31.7373,0.000797017,22.8539,39.9486,0.000248622,25.8438,50.2851,7.75492e-05,29.237,63.2963,2.42508e-05,33.0837,79.6738,7.67162e-06,37.4415,100.288,2.32837e-06,42.3767,126.236,7.33e-07,47.9646,158.896,2.79256e-07,54.2906,200.003,9.87351e-09,61.452,251.741,1.61085e-07,69.5585,316.859,-2.47141e-07,78.7347,398.812,8.93552e-08,89.1218,501.948,-2.53231e-07,100.879,631.736,-1.25047e-07,114.188,795.049,-1.78808e-07,129.252,1000.53,2.6733e-07,146.304,1259.03,4.50292e-07,165.605,1584.19,6.76904e-07,187.452,1993.12,-1.23808e-07,212.181,2507.27,-4.89068e-07,240.173,3153.54,-5.40284e-07,271.856,3965.56,1.86061e-07,307.719,4985.38,4.37004e-07,348.313,6265.4,3.59828e-07,394.26,7870.83,3.98192e-07,446.268,9882.51,-1.92908e-07,505.135,12400.3,-2.20392e-07,571.766,15546.9,1.51705e-07,647.184,19472.2,5.74996e-07,732.547,24357.4,5.39112e-07,829.167,30420,5.07815e-09,938.526,37916.3,-4.11492e-07,1062.3,47143.9,-3.9561e-07,1202.4,58439.2,3.86185e-08,1360.96,72169.3,5.94093e-07,1540.42,88715.8,7.47693e-07,1743.53,108445,1.78537e-07,1973.41,131665,-4.12549e-07,2233.57,158557,-5.37164e-07,2528,189103,-1.17615e-07,2861.2,222986,5.66769e-07,3238.27,259510,9.45053e-07,3664.97,297540,4.25093e-07,4147.81,335497,-3.58506e-07,4694.17,371444,-6.7724e-07,5312.37,403256,1.67192e-07,1.61744,3.89446,9.84394,3.28846,7.5504,12.774,5.07607,11.7187,13.6844,7.03202,16.8147,13.9681,9.20215,23.1769,14.0566,11.6301,31.1672,14.0841,14.3598,41.2186,14.0927,17.4376,53.8688,14.0954,20.9137,69.7915,14.0962,24.8432,89.8341,14.0965,29.2879,115.063,14.0966,34.3168,146.819,14.0966,40.0078,186.792,14.0966,46.4487,237.107,14.0966,53.7388,300.44,14.0966,61.9903,380.158,14.0966,71.3301,480.499,14.0966,81.902,606.796,14.0966,93.8685,765.761,14.0966,107.414,965.837,14.0966,122.746,1217.65,14.0966,140.101,1534.57,14.0966,159.745,1933.41,14.0966,181.981,2435.3,14.0966,207.15,3066.85,14.0966,235.64,3861.46,14.0966,267.889,4861.11,14.0966,304.391,6118.54,14.0966,345.709,7699.91,14.0966,392.478,9688.22,14.0966,445.417,12187.5,14.0966,505.339,15327.7,14.0966,573.165,19271.6,14.0966,649.938,24222,14.0966,736.839,30430.9,14.0966,835.202,38211.5,14.0966,946.539,47950.3,14.0966,1072.56,60122.8,14.0966,1215.21,75309.9,14.0966,1376.66,94216.2,14.0966,1559.41,117688,14.0966,1766.26,146729,14.0966,2000.39,182510,14.0966,2265.39,226372,14.0966,2565.33,279806,14.0966,2904.81,344416,14.0966,3289.05,421845,14.0966,3723.93,513667,14.0966,4216.13,621231,14.0966,4773.18,745478,14.0966,5403.64,886744,14.0966,6117.15,1.04457e+06,14.0966,6924.63,1.2176e+06,14.0966,11.7194,11.96,12.6541,13.9321,16.1295,13.6434,16.6097,21.9702,13.9553,19.7532,29.5285,14.0526,23.3844,39.1143,14.0829,27.5423,51.2054,14.0923,32.2796,66.434,14.0953,37.662,85.6061,14.0962,43.7675,109.74,14.0965,50.687,140.119,14.0966,58.5249,178.359,14.0966,67.4005,226.493,14.0966,77.4493,287.08,14.0966,88.8254,363.343,14.0966,101.703,459.336,14.0966,116.281,580.161,14.0966,132.782,732.241,14.0966,151.46,923.655,14.0966,172.603,1164.57,14.0966,196.535,1467.79,14.0966,223.625,1849.39,14.0966,254.288,2329.62,14.0966,288.997,2933.93,14.0966,328.285,3694.33,14.0966,372.755,4651.04,14.0966,423.092,5854.57,14.0966,480.07,7368.38,14.0966,544.564,9272.08,14.0966,617.566,11665.5,14.0966,700.197,14673.6,14.0966,793.729,18452.9,14.0966,899.599,23198.6,14.0966,1019.43,29154.1,14.0966,1155.07,36622.3,14.0966,1308.6,45977.9,14.0966,1482.39,57683.7,14.0966,1679.09,72307.8,14.0966,1901.73,90542.8,14.0966,2153.73,113226,14.0966,2438.97,141360,14.0966,2761.81,176127,14.0966,3127.22,218898,14.0966,3540.81,271226,14.0966,4008.92,334817,14.0966,4538.74,411470,14.0966,5138.38,502973,14.0966,5817.04,610948,14.0966,6585.12,736653,14.0966,7454.39,880741,14.0966,8438.15,1.04302e+06,14.0966,9551.45,1.22224e+06,14.0966,10811.3,1.41602e+06,14.0966,12237,1.62086e+06,14.0966,11.7194,11.96,12.6541,2.21263,4.16949,0.989383,2.67766,5.84076,0.311842,3.14343,7.55825,0.0972771,3.63127,9.58578,0.0303237,4.15787,12.0912,0.00945211,4.73731,15.2286,0.00294633,5.38238,19.1721,0.000918508,6.10553,24.134,0.000286163,6.91951,30.3791,8.92692e-05,7.83792,38.2397,2.78121e-05,8.87555,48.1338,8.65134e-06,10.0489,60.5876,2.7882e-06,11.3761,76.2629,8.29036e-07,12.8779,95.9927,2.4373e-07,14.5775,120.825,4.33068e-09,16.5012,152.08,1.75749e-07,18.6784,191.415,-1.86328e-07,21.1428,240.917,1.91829e-07,23.9322,303.213,-1.81475e-07,27.0895,381.602,7.0186e-08,30.6634,480.231,-2.86769e-08,34.7087,604.316,2.40784e-07,39.2876,760.401,9.87368e-08,44.4705,956.705,1.22263e-07,50.3371,1203.54,-4.31966e-07,56.9776,1513.81,-1.9705e-07,64.494,1903.69,-2.763e-08,73.0018,2393.4,3.9185e-07,82.6317,3008.13,1.35379e-07,93.5318,3779.25,-4.16351e-08,105.869,4745.7,2.06965e-08,119.834,5955.6,-3.18887e-07,135.641,7468.12,-1.48271e-08,153.531,9355.62,2.00739e-07,173.781,11705.8,2.28358e-07,196.701,14624.1,-1.93587e-08,222.642,18235,-2.88101e-07,252.003,22683.4,-2.24732e-07,285.234,28134,8.56806e-09,322.845,34767,2.34258e-07,365.413,42770.9,2.99668e-07,413.588,52327.9,8.28644e-08,468.111,63591.2,-3.07049e-07,529.814,76653.2,-3.1888e-07,599.642,91502.5,-6.72276e-08,678.662,107975,2.26339e-07,768.083,125705,3.69212e-07,869.267,144088,2.04077e-07,983.76,162277,-2.80509e-07,1113.3,179223,-4.22737e-07,1259.87,193777,-1.71951e-07,1425.68,204839,4.55555e-07,11.7194,11.96,12.6541,2.21263,4.16949,0.989383,2.67766,5.84076,0.311842,3.14343,7.55825,0.0972771,3.63127,9.58578,0.0303237,4.15787,12.0912,0.00945211,4.73731,15.2286,0.00294633,5.38238,19.1721,0.000918508,6.10553,24.134,0.000286163,6.91951,30.3791,8.92692e-05,7.83792,38.2397,2.78121e-05,8.87555,48.1338,8.65134e-06,10.0489,60.5876,2.7882e-06,11.3761,76.2629,8.29036e-07,12.8779,95.9927,2.4373e-07,14.5775,120.825,1e-08,16.5012,152.08,1.75749e-07,18.6784,191.415,1e-08,21.1428,240.917,1.91829e-07,23.9322,303.213,1e-08,27.0895,381.602,7.0186e-08,30.6634,480.231,1e-08,34.7087,604.316,2.40784e-07,39.2876,760.401,9.87368e-08,44.4705,956.705,1.22263e-07,50.3371,1203.54,1e-08,56.9776,1513.81,1e-08,64.494,1903.69,1e-08,73.0018,2393.4,3.9185e-07,82.6317,3008.13,1.35379e-07,93.5318,3779.25,1e-08,105.869,4745.7,2.06965e-08,119.834,5955.6,1e-08,135.641,7468.12,1e-08,153.531,9355.62,2.00739e-07,173.781,11705.8,2.28358e-07,196.701,14624.1,1e-08,222.642,18235,1e-08,252.003,22683.4,1e-08,285.234,28134,1e-08,322.845,34767,2.34258e-07,365.413,42770.9,2.99668e-07,413.588,52327.9,8.28644e-08,468.111,63591.2,1e-08,529.814,76653.2,1e-08,599.642,91502.5,1e-08,678.662,107975,2.26339e-07,768.083,125705,3.69212e-07,869.267,144088,2.04077e-07,983.76,162277,1e-08,1113.3,179223,1e-08,1259.87,193777,1e-08,1425.68,204839,4.55555e-07,6.2823,3.27286,2.43537,0.219672,6.18826,2.24117,0.56371,6.87772,2.63624,0.308279,27,12,11,2,4,1,0,3,1,1,6,0,4,12,0,9,21,0,2,18,0,8,22,0,9,45,0,6,20,0,6,51,0,7,32,0,11,74,0,16,157,0,4,60,0,21,75,0,8,225,0,31,121,0,20,236,0,18,392,0,41,303,0,37,877,0,52,996,0,51,663,0,15,843,0,63,935,0,64,597,0,45,2572,0,94,1601,0,89,3686,0,31,5281,0,98,4427,0,145,5490,0,155,6952,0,87,6639,0,131,12053,0,251,23795,0,204,11424,0,264,26824,0,335,30997,0,296,28214,0,406,67498,0,461,54317,0,678,53204,0,706,57875,0,389,120237,0,886,55539,0,755,98964,0,2066,162087,0,808,250197,0,675,198383,0,1060,300147,0,1066,252471,0
-1.05176e+08,1,8.88811e-15,10,1023,0,1.05176e+08,0.528882,1.08665,0.389689,0.145397,0.379329,3.24381,0.161596,0.446195,1.77396,0.159177,1.15e+07,4.49998e+06,6.79999e+06,1.15e+07,4.49997e+06,6.79999e+06,1.15e+07,4.49996e+06,6.79999e+06,1.15e+07,4.49995e+06,6.79999e+06,1.14999e+07,4.49993e+06,6.79999e+06,1.14999e+07,4.49991e+06,6.79999e+06,1.14999e+07,4.49989e+06,6.79999e+06,1.14999e+07,4.49986e+06,6.79999e+06,1.14999e+07,4.49982e+06,6.79999e+06,1.14999e+07,4.49977e+06,6.79999e+06,1.14999e+07,4.49971e+06,6.79999e+06,1.14999e+07,4.49963e+06,6.79999e+06,1.14998e+07,4.49953e+06,6.79999e+06,1.14998e+07,4.49941e+06,6.79999e+06,1.14998e+07,4.49926e+06,6.79999e+06,1.14998e+07,4.49906e+06,6.79999e+06,1.14997e+07,4.49882e+06,6.79999e+06,1.14997e+07,4.49851e+06,6.79999e+06,1.14997e+07,4.49812e+06,6.79999e+06,1.14996e+07,4.49764e+06,6.79999e+06,1.14996e+07,4.49702e+06,6.79999e+06,1.14995e+07,4.49625e+06,6.79999e+06,1.14995e+07,4.49528e+06,6.79999e+06,1.14994e+07,4.49406e+06,6.79999e+06,1.14993e+07,4.49253e+06,6.79999e+06,1.14992e+07,4.49059e+06,6.79999e+06,1.14991e+07,4.48817e+06,6.79999e+06,1.1499e+07,4.48511e+06,6.79999e+06,1.14988e+07,4.48128e+06,6.79999e+06,1.14987e+07,4.47646e+06,6.79999e+06,1.14985e+07,4.47041e+06,6.79999e+06,1.14983e+07,4.46281e+06,6.79999e+06,1.14981e+07,4.4533e+06,6.79999e+06,1.14979e+07,4.44138e+06,6.79999e+06,1.14976e+07,4.42649e+06,6.79999e+06,1.14972e+07,4.40789e+06,6.79999e+06,1.14969e+07,4.38471e+06,6.79999e+06,1.14965e+07,4.35592e+06,6.79999e+06,1.1496e+07,4.32027e+06,6.79999e+06,1.14955e+07,4.27629e+06,6.79999e+06,1.14949e+07,4.22231e+06,6.79999e+06,1.14942e+07,4.15647e+06,6.79999e+06,1.14934e+07,4.07676e+06,6.79999e+06,1.14926e+07,3.98112e+06,6.79999e+06,1.14916e+07,3.86765e+06,6.79999e+06,1.14905e+07,3.73474e+06,6.79999e+06,1.14892e+07,3.58148e+06,6.79999e+06,1.14878e+07,3.40785e+06,6.79999e+06,1.14862e+07,3.21513e+06,6.79999e+06,1.14844e+07,3.00605e+06,6.79999e+06,1.14823e+07,2.7848e+06,6.79999e+06,1.148e+07,2.5568e+06,6.79999e+06,1.14773e+07,2.32825e+06,6.79999e+06,13.5742,8.52444,0.508366,16.8306,13.2585,0.162638,20.0035,17.569,0.0507846,23.2616,22.4214,0.0158319,26.7328,28.3297,0.00493498,30.5212,35.6974,0.00153831,34.7178,44.9473,0.000479527,39.4086,56.5822,0.000149456,44.6796,71.2245,4.66214e-05,50.6209,89.6543,1.45419e-05,57.3297,112.852,4.54748e-06,64.9129,142.051,1.43857e-06,73.4897,178.803,4.36618e-07,83.1934,225.062,1.40153e-07,94.1745,283.286,4.96378e-08,106.602,356.568,1.05434e-07,120.669,448.799,-6.49244e-08,136.59,564.873,1.70148e-07,154.611,710.948,-5.34594e-08,175.008,894.767,1.63407e-07,198.097,1126.06,8.04804e-08,224.231,1417.07,1.14667e-07,253.813,1783.15,-1.71227e-07,287.297,2243.62,-2.88466e-07,325.198,2822.67,-4.33651e-07,368.098,3550.67,7.9318e-08,416.657,4465.65,3.13319e-07,471.621,5615.16,3.4613e-07,533.835,7058.61,-1.19199e-07,604.255,8870.02,-2.79964e-07,683.962,11141.4,-2.30521e-07,774.182,13986.7,-2.55099e-07,876.299,17546.4,1.23585e-07,991.883,21993.1,1.41192e-07,1122.71,27536.7,-9.71886e-08,1270.78,34430.7,-3.68368e-07,1438.38,42977.7,-3.45379e-07,1628.07,53532.7,-3.25328e-09,1842.77,66504.6,2.6362e-07,2085.77,82350.2,2.53445e-07,2360.79,101560,-2.47407e-08,2672.05,124632,-3.80602e-07,3024.31,152018,-4.79005e-07,3422.98,184060,-1.14379e-07,3874.15,220884,2.64297e-07,4384.72,262283,3.44131e-07,4962.49,307576,7.5349e-08,5616.29,355497,-3.63097e-07,6356.1,404126,-6.05442e-07,7193.18,450932,-2.72333e-07,8140.28,492963,2.29675e-07,9211.79,527178,4.3387e-07,10424,550893,-1.0711e-07,10.102,8.06553,2.81012,10.6436,8.57909,0.869423,11.5336,10.2515,0.270869,12.7211,12.7138,0.0844293,14.1823,15.9373,0.0263173,15.9122,20.0383,0.0082035,17.9198,25.2154,0.00255722,20.2244,31.7373,0.000797017,22.8539,39.9486,0.000248622,25.8438,50.2851,7.75492e-05,29.237,63.2963,2.42508e-05,33.0837,79.6738,7.67162e-06,37.4415,100.288,2.32837e-06,42.3767,126.236,7.33e-07,47.9646,158.896,2.79256e-07,54.2906,200.003,9.87351e-09,61.452,251.741,1.61085e-07,69.5585,316.859,-2.47141e-07,78.7347,398.812,8.93552e-08,89.1218,501.948,-2.53231e-07,100.879,631.736,-1.25047e-07,114.188,795.049,-1.78808e-07,129.252,1000.53,2.6733e-07,146.304,1259.03,4.50292e-07,165.605,1584.19,6.76904e-07,187.452,1993.12,-1.23808e-07,212.181,2507.27,-4.89068e-07,240.173,3153.54,-5.40284e-07,271.856,3965.56,1.86061e-07,307.719,4985.38,4.37004e-07,348.313,6265.4,3.59828e-07,394.26,7870.83,3.98192e-07,446.268,9882.51,-1.92908e-07,505.135,12400.3,-2.20392e-07,571.766,15546.9,1.51705e-07,647.184,19472.2,5.74996e-07,732.547,24357.4,5.39112e-07,829.167,30420,5.07815e-09,938.526,37916.3,-4.11492e-07,1062.3,47143.9,-3.9561e-07,1202.4,58439.2,3.86185e-08,1360.96,72169.3,5.94093e-07,1540.42,88715.8,7.47693e-07,1743.53,108445,1.78537e-07,1973.41,131665,-4.12549e-07,2233.57,158557,-5.37164e-07,2528,189103,-1.17615e-07,2861.2,222986,5.66769e-07,3238.27,259510,9.45053e-07,3664.97,297540,4.25093e-07,4147.81,335497,-3.58506e-07,4694.17,371444,-6.7724e-07,5312.37,403256,1.67192e-07,1.61744,3.89446,9.84394,3.28846,7.5504,12.774,5.07607,11.7187,13.6844,7.03202,16.8147,13.9681,9.20215,23.1769,14.0566,11.6301,31.1672,14.0841,14.3598,41.2186,14.0927,17.4376,53.8688,14.0954,20.9137,69.7915,14.0962,24.8432,89.8341,14.0965,29.2879,115.063,14.0966,34.3168,146.819,14.0966,40.0078,186.792,14.0966,46.4487,237.107,14.0966,53.7388,300.44,14.0966,61.9903,380.158,14.0966,71.3301,480.499,14.0966,81.902,606.796,14.0966,93.8685,765.761,14.0966,107.414,965.837,14.0966,122.746,1217.65,14.0966,140.101,1534.57,14.0966,159.745,1933.41,14.0966,181.981,2435.3,14.0966,207.15,3066.85,14.0966,235.64,3861.46,14.0966,267.889,4861.11,14.0966,304.391,6118.54,14.0966,345.709,7699.91,14.0966,392.478,9688.22,14.0966,445.417,12187.5,14.0966,505.339,15327.7,14.0966,573.165,19271.6,14.0966,649.938,24222,14.0966,736.839,30430.9,14.0966,835.202,38211.5,14.0966,946.539,47950.3,14.0966,1072.56,60122.8,14.0966,1215.21,75309.9,14.0966,1376.66,94216.2,14.0966,1559.41,117688,14.0966,1766.26,146729,14.0966,2000.39,182510,14.0966,2265.39,226372,14.0966,2565.33,279806,14.0966,2904.81,344416,14.0966,3289.05,421845,14.0966,3723.93,513667,14.0966,4216.13,621231,14.0966,4773.18,745478,14.0966,5403.64,886744,14.0966,6117.15,1.04457e+06,14.0966,6924.63,1.2176e+06,14.0966,11.7194,11.96,12.6541,13.9321,16.1295,13.6434,16.6097,21.9702,13.9553,19.7532,29.5285,14.0526,23.3844,39.1143,14.0829,27.5423,51.2054,14.0923,32.2796,66.434,14.0953,37.662,85.6061,14.0962,43.7675,109.74,14.0965,50.687,140.119,14.0966,58.5249,178.359,14.0966,67.4005,226.493,14.0966,77.4493,287.08,14.0966,88.8254,363.343,14.0966,101.703,459.336,14.0966,116.281,580.161,14.0966,132.782,732.241,14.0966,151.46,923.655,14.0966,172.603,1164.57,14.0966,196.535,1467.79,14.0966,223.625,1849.39,14.0966,254.288,2329.62,14.0966,288.997,2933.93,14.0966,328.285,3694.33,14.0966,372.755,4651.04,14.0966,423.092,5854.57,14.0966,480.07,7368.38,14.0966,544.564,9272.08,14.0966,617.566,11665.5,14.0966,700.197,14673.6,14.0966,793.729,18452.9,14.0966,899.599,23198.6,14.0966,1019.43,29154.1,14.0966,1155.07,36622.3,14.0966,1308.6,45977.9,14.0966,1482.39,57683.7,14.0966,1679.09,72307.8,14.0966,1901.73,90542.8,14.0966,2153.73,113226,14.0966,2438.97,141360,14.0966,2761.81,176127,14.0966,3127.22,218898,14.0966,3540.81,271226,14.0966,4008.92,334817,14.0966,4538.74,411470,14.0966,5138.38,502973,14.0966,5817.04,610948,14.0966,6585.12,736653,14.0966,7454.39,880741,14.0966,8438.15,1.04302e+06,14.0966,9551.45,1.22224e+06,14.0966,10811.3,1.41602e+06,14.0966,12237,1.62086e+06,14.0966,11.7194,11.96,12.6541,2.21263,4.16949,0.989383,2.67766,5.84076,0.311842,3.14343,7.55825,0.0972771,3.63127,9.58578,0.0303237,4.15787,12.0912,0.00945211,4.73731,15.2286,0.00294633,5.38238,19.1721,0.000918508,6.10553,24.134,0.000286163,6.91951,30.3791,8.92692e-05,7.83792,38.2397,2.78121e-05,8.87555,48.1338,8.65134e-06,10.0489,60.5876,2.7882e-06,11.3761,76.2629,8.29036e-07,12.8779,95.9927,2.4373e-07,14.5775,120.825,4.33068e-09,16.5012,152.08,1.75749e-07,18.6784,191.415,-1.86328e-07,21.1428,240.917,1.91829e-07,23.9322,303.213,-1.81475e-07,27.0895,381.602,7.0186e-08,30.6634,480.231,-2.86769e-08,34.7087,604.316,2.40784e-07,39.2876,760.401,9.87368e-08,44.4705,956.705,1.22263e-07,50.3371,1203.54,-4.31966e-07,56.9776,1513.81,-1.9705e-07,64.494,1903.69,-2.763e-08,73.0018,2393.4,3.9185e-07,82.6317,3008.13,1.35379e-07,93.5318,3779.25,-4.16351e-08,105.869,4745.7,2.06965e-08,119.834,5955.6,-3.18887e-07,135.641,7468.12,-1.48271e-08,153.531,9355.62,2.00739e-07,173.781,11705.8,2.28358e-07,196.701,14624.1,-1.93587e-08,222.642,18235,-2.88101e-07,252.003,22683.4,-2.24732e-07,285.234,28134,8.56806e-09,322.845,34767,2.34258e-07,365.413,42770.9,2.99668e-07,413.588,52327.9,8.28644e-08,468.111,63591.2,-3.07049e-07,529.814,76653.2,-3.1888e-07,599.642,91502.5,-6.72276e-08,678.662,107975,2.26339e-07,768.083,125705,3.69212e-07,869.267,144088,2.04077e-07,983.76,162277,-2.80509e-07,1113.3,179223,-4.22737e-07,1259.87,193777,-1.71951e-07,1425.68,204839,4.55555e-07,11.7194,11.96,12.6541,2.21263,4.16949,0.989383,2.67766,5.84076,0.311842,3.14343,7.55825,0.0972771,3.63127,9.58578,0.0303237,4.15787,12.0912,0.00945211,4.73731,15.2286,0.00294633,5.38238,19.1721,0.000918508,6.10553,24.134,0.000286163,6.91951,30.3791,8.92692e-05,7.83792,38.2397,2.78121e-05,8.87555,48.1338,8.65134e-06,10.0489,60.5876,2.7882e-06,11.3761,76.2629,8.29036e-07,12.8779,95.9927,2.4373e-07,14.5775,120.825,1e-08,16.5012,152.08,1.75749e-07,18.6784,191.415,1e-08,21.1428,240.917,1.91829e-07,23.9322,303.213,1e-08,27.0895,381.602,7.0186e-08,30.6634,480.231,1e-08,34.7087,604.316,2.40784e-07,39.2876,760.401,9.87368e-08,44.4705,956.705,1.22263e-07,50.3371,1203.54,1e-08,56.9776,1513.81,1e-08,64.494,1903.69,1e-08,73.0018,2393.4,3.9185e-07,82.6317,3008.13,1.35379e-07,93.5318,3779.25,1e-08,105.869,4745.7,2.06965e-08,119.834,5955.6,1e-08,135.641,7468.12,1e-08,153.531,9355.62,2.00739e-07,173.781,11705.8,2.28358e-07,196.701,14624.1,1e-08,222.642,18235,1e-08,252.003,22683.4,1e-08,285.234,28134,1e-08,322.845,34767,2.34258e-07,365.413,42770.9,2.99668e-07,413.588,52327.9,8.28644e-08,468.111,63591.2,1e-08,529.814,76653.2,1e-08,599.642,91502.5,1e-08,678.662,107975,2.26339e-07,768.083,125705,3.69212e-07,869.267,144088,2.04077e-07,983.76,162277,1e-08,1113.3,179223,1e-08,1259.87,193777,1e-08,1425.68,204839,4.55555e-07,6.2823,3.27286,2.43537,0.219672,6.18826,2.24117,0.56371,6.87772,2.63624,0.308279,8,12,11,2,5,3,1,5,1,0,13,0,3,12,0,5,15,0,6,14,0,6,30,0,4,17,0,5,44,0,4,34,0,7,44,0,4,17,0,14,122,0,14,78,0,24,206,0,13,177,0,9,120,0,26,238,0,16,150,0,38,446,0,10,426,0,47,1020,0,51,905,0,32,1216,0,42,1083,0,27,1642,0,50,1188,0,53,1429,0,23,4197,0,72,3912,0,125,4256,0,158,2957,0,135,9289,0,103,15003,0,159,12645,0,142,11079,0,291,15934,0,423,21333,0,212,18847,0,631,33424,0,494,44050,0,385,27129,0,884,66908,0,382,30587,0,764,118659,0,545,39104,0,659,94640,0,1007,144060,0,1323,140426,0,594,140047,0,1073,182223,0,431,306601,0
-1.05176e+08,1,8.88811e-15,10,1023,0,1.05176e+08,0.528882,1.08665,0.389689,0.145397,0.379329,3.24381,0.161596,0.446195,1.77396,0.159177,1.15e+07,4.49998e+06,6.79999e+06,1.15e+07,4.49997e+06,6.79999e+06,1.15e+07,4.49996e+06,6.79999e+06,1.15e+07,4.49995e+06,6.79999e+06,1.14999e+07,4.49993e+06,6.79999e+06,1.14999e+07,4.49991e+06,6.79999e+06,1.14999e+07,4.49989e+06,6.79999e+06,1.14999e+07,4.49986e+06,6.79999e+06,1.14999e+07,4.49982e+06,6.79999e+06,1.14999e+07,4.49977e+06,6.79999e+06,1.14999e+07,4.49971e+06,6.79999e+06,1.14999e+07,4.49963e+06,6.79999e+06,1.14998e+07,4.49953e+06,6.79999e+06,1.14998e+07,4.49941e+06,6.79999e+06,1.14998e+07,4.49926e+06,6.79999e+06,1.14998e+07,4.49906e+06,6.79999e+06,1.14997e+07,4.49882e+06,6.79999e+06,1.14997e+07,4.49851e+06,6.79999e+06,1.14997e+07,4.49812e+06,6.79999e+06,1.14996e+07,4.49764e+06,6.79999e+06,1.14996e+07,4.49702e+06,6.79999e+06,1.14995e+07,4.49625e+06,6.79999e+06,1.14995e+07,4.49528e+06,6.79999e+06,1.14994e+07,4.49406e+06,6.79999e+06,1.14993e+07,4.49253e+06,6.79999e+06,1.14992e+07,4.49059e+06,6.79999e+06,1.14991e+07,4.48817e+06,6.79999e+06,1.1499e+07,4.48511e+06,6.79999e+06,1.14988e+07,4.48128e+06,6.79999e+06,1.14987e+07,4.47646e+06,6.79999e+06,1.14985e+07,4.47041e+06,6.79999e+06,1.14983e+07,4.46281e+06,6.79999e+06,1.14981e+07,4.4533e+06,6.79999e+06,1.14979e+07,4.44138e+06,6.79999e+06,1.14976e+07,4.42649e+06,6.79999e+06,1.14972e+07,4.40789e+06,6.79999e+06,1.14969e+07,4.38471e+06,6.79999e+06,1.14965e+07,4.35592e+06,6.79999e+06,1.1496e+07,4.32027e+06,6.79999e+06,1.14955e+07,4.27629e+06,6.79999e+06,1.14949e+07,4.22231e+06,6.79999e+06,1.14942e+07,4.15647e+06,6.79999e+06,1.14934e+07,4.07676e+06,6.79999e+06,1.14926e+07,3.98112e+06,6.79999e+06,1.14916e+07,3.86765e+06,6.79999e+06,1.14905e+07,3.73474e+06,6.79999e+06,1.14892e+07,3.58148e+06,6.79999e+06,1.14878e+07,3.40785e+06,6.79999e+06,1.14862e+07,3.21513e+06,6.79999e+06,1.14844e+07,3.00605e+06,6.79999e+06,1.14823e+07,2.7848e+06,6.79999e+06,1.148e+07,2.5568e+06,6.79999e+06,1.14773e+07,2.32825e+06,6.79999e+06,13.5742,8.52444,0.508366,16.8306,13.2585,0.162638,20.0035,17.569,0.0507846,23.2616,22.4214,0.0158319,26.7328,28.3297,0.00493498,30.5212,35.6974,0.00153831,34.7178,44.9473,0.000479527,39.4086,56.5822,0.000149456,44.6796,71.2245,4.66214e-05,50.6209,89.6543,1.45419e-05,57.3297,112.852,4.54748e-06,64.9129,142.051,1.43857e-06,73.4897,178.803,4.36618e-07,83.1934,225.062,1.40153e-07,94.1745,283.286,4.96378e-08,106.602,356.568,1.05434e-07,120.669,448.799,-6.49244e-08,136.59,564.873,1.70148e-07,154.611,710.948,-5.34594e-08,175.008,894.767,1.63407e-07,198.097,1126.06,8.04804e-08,224.231,1417.07,1.14667e-07,253.813,1783.15,-1.71227e-07,287.297,2243.62,-2.88466e-07,325.198,2822.67,-4.33651e-07,368.098,3550.67,7.9318e-08,416.657,4465.65,3.13319e-07,471.621,5615.16,3.4613e-07,533.835,7058.61,-1.19199e-07,604.255,8870.02,-2.79964e-07,683.962,11141.4,-2.30521e-07,774.182,13986.7,-2.55099e-07,876.299,17546.4,1.23585e-07,991.883,21993.1,1.41192e-07,1122.71,27536.7,-9.71886e-08,1270.78,34430.7,-3.68368e-07,1438.38,42977.7,-3.45379e-07,1628.07,53532.7,-3.25328e-09,1842.77,66504.6,2.6362e-07,2085.77,82350.2,2.53445e-07,2360.79,101560,-2.47407e-08,2672.05,124632,-3.80602e-07,3024.31,152018,-4.79005e-07,3422.98,184060,-1.14379e-07,3874.15,220884,2.64297e-07,4384.72,262283,3.44131e-07,4962.49,307576,7.5349e-08,5616.29,355497,-3.63097e-07,6356.1,404126,-6.05442e-07,7193.18,450932,-2.72333e-07,8140.28,492963,2.29675e-07,9211.79,527178,4.3387e-07,10424,550893,-1.0711e-07,10.102,8.06553,2.81012,10.6436,8.57909,0.869423,11.5336,10.2515,0.270869,12.7211,12.7138,0.0844293,14.1823,15.9373,0.0263173,15.9122,20.0383,0.0082035,17.9198,25.2154,0.00255722,20.2244,31.7373,0.000797017,22.8539,39.9486,0.000248622,25.8438,50.2851,7.75492e-05,29.237,63.2963,2.42508e-05,33.0837,79.6738,7.67162e-06,37.4415,100.288,2.32837e-06,42.3767,126.236,7.33e-07,47.9646,158.896,2.79256e-07,54.2906,200.003,9.87351e-09,61.452,251.741,1.61085e-07,69.5585,316.859,-2.47141e-07,78.7347,398.812,8.93552e-08,89.1218,501.948,-2.53231e-07,100.879,631.736,-1.25047e-07,114.188,795.049,-1.78808e-07,129.252,1000.53,2.6733e-07,146.304,1259.03,4.50292e-07,165.605,1584.19,6.76904e-07,187.452,1993.12,-1.23808e-07,212.181,2507.27,-4.89068e-07,240.173,3153.54,-5.40284e-07,271.856,3965.56,1.86061e-07,307.719,4985.38,4.37004e-07,348.313,6265.4,3.59828e-07,394.26,7870.83,3.98192e-07,446.268,9882.51,-1.92908e-07,505.135,12400.3,-2.20392e-07,571.766,15546.9,1.51705e-07,647.184,19472.2,5.74996e-07,732.547,24357.4,5.39112e-07,829.167,30420,5.07815e-09,938.526,37916.3,-4.11492e-07,1062.3,47143.9,-3.9561e-07,1202.4,58439.2,3.86185e-08,1360.96,72169.3,5.94093e-07,1540.42,88715.8,7.47693e-07,1743.53,108445,1.78537e-07,1973.41,131665,-4.12549e-07,2233.57,158557,-5.37164e-07,2528,189103,-1.17615e-07,2861.2,222986,5.66769e-07,3238.27,259510,9.45053e-07,3664.97,297540,4.25093e-07,4147.81,335497,-3.58506e-07,4694.17,371444,-6.7724e-07,5312.37,403256,1.67192e-07,1.61744,3.89446,9.84394,3.28846,7.5504,12.774,5.07607,11.7187,13.6844,7.03202,16.8147,13.9681,9.20215,23.1769,14.0566,11.6301,31.1672,14.0841,14.3598,41.2186,14.0927,17.4376,53.8688,14.0954,20.9137,69.7915,14.0962,24.8432,89.8341,14.0965,29.2879,115.063,14.0966,34.3168,146.819,14.0966,40.0078,186.792,14.0966,46.4487,237.107,14.0966,53.7388,300.44,14.0966,61.9903,380.158,14.0966,71.3301,480.499,14.0966,81.902,606.796,14.0966,93.8685,765.761,14.0966,107.414,965.837,14.0966,122.746,1217.65,14.0966,140.101,1534.57,14.0966,159.745,1933.41,14.0966,181.981,2435.3,14.0966,207.15,3066.85,14.0966,235.64,3861.46,14.0966,267.889,4861.11,14.0966,304.391,6118.54,14.0966,345.709,7699.91,14.0966,392.478,9688.22,14.0966,445.417,12187.5,14.0966,505.339,15327.7,14.0966,573.165,19271.6,14.0966,649.938,24222,14.0966,736.839,30430.9,14.0966,835.202,38211.5,14.0966,946.539,47950.3,14.0966,1072.56,60122.8,14.0966,1215.21,75309.9,14.0966,1376.66,94216.2,14.0966,1559.41,117688,14.0966,1766.26,146729,14.0966,2000.39,182510,14.0966,2265.39,226372,14.0966,2565.33,279806,14.0966,2904.81,344416,14.0966,3289.05,421845,14.0966,3723.93,513667,14.0966,4216.13,621231,14.0966,4773.18,745478,14.0966,5403.64,886744,14.0966,6117.15,1.04457e+06,14.0966,6924.63,1.2176e+06,14.0966,11.7194,11.96,12.6541,13.9321,16.1295,13.6434,16.6097,21.9702,13.9553,19.7532,29.5285,14.0526,23.3844,39.1143,14.0829,27.5423,51.2054,14.0923,32.2796,66.434,14.0953,37.662,85.6061,14.0962,43.7675,109.74,14.0965,50.687,140.119,14.0966,58.5249,178.359,14.0966,67.4005,226.493,14.0966,77.4493,287.08,14.0966,88.8254,363.343,14.0966,101.703,459.336,14.0966,116.281,580.161,14.0966,132.782,732.241,14.0966,151.46,923.655,14.0966,172.603,1164.57,14.0966,196.535,1467.79,14.0966,223.625,1849.39,14.0966,254.288,2329.62,14.0966,288.997,2933.93,14.0966,328.285,3694.33,14.0966,372.755,4651.04,14.0966,423.092,5854.57,14.0966,480.07,7368.38,14.0966,544.564,9272.08,14.0966,617.566,11665.5,14.0966,700.197,14673.6,14.0966,793.729,18452.9,14.0966,899.599,23198.6,14.0966,1019.43,29154.1,14.0966,1155.07,36622.3,14.0966,1308.6,45977.9,14.0966,1482.39,57683.7,14.0966,1679.09,72307.8,14.0966,1901.73,90542.8,14.0966,2153.73,113226,14.0966,2438.97,141360,14.0966,2761.81,176127,14.0966,3127.22,218898,14.0966,3540.81,271226,14.0966,4008.92,334817,14.0966,4538.74,411470,14.0966,5138.38,502973,14.0966,5817.04,610948,14.0966,6585.12,736653,14.0966,7454.39,880741,14.0966,8438.15,1.04302e+06,14.0966,9551.45,1.22224e+06,14.0966,10811.3,1.41602e+06,14.0966,12237,1.62086e+06,14.0966,11.7194,11.96,12.6541,2.21263,4.16949,0.989383,2.67766,5.84076,0.311842,3.14343,7.55825,0.0972771,3.63127,9.58578,0.0303237,4.15787,12.0912,0.00945211,4.73731,15.2286,0.00294633,5.38238,19.1721,0.000918508,6.10553,24.134,0.000286163,6.91951,30.3791,8.92692e-05,7.83792,38.2397,2.78121e-05,8.87555,48.1338,8.65134e-06,10.0489,60.5876,2.7882e-06,11.3761,76.2629,8.29036e-07,12.8779,95.9927,2.4373e-07,14.5775,120.825,4.33068e-09,16.5012,152.08,1.75749e-07,18.6784,191.415,-1.86328e-07,21.1428,240.917,1.91829e-07,23.9322,303.213,-1.81475e-07,27.0895,381.602,7.0186e-08,30.6634,480.231,-2.86769e-08,34.7087,604.316,2.40784e-07,39.2876,760.401,9.87368e-08,44.4705,956.705,1.22263e-07,50.3371,1203.54,-4.31966e-07,56.9776,1513.81,-1.9705e-07,64.494,1903.69,-2.763e-08,73.0018,2393.4,3.9185e-07,82.6317,3008.13,1.35379e-07,93.5318,3779.25,-4.16351e-08,105.869,4745.7,2.06965e-08,119.834,5955.6,-3.18887e-07,135.641,7468.12,-1.48271e-08,153.531,9355.62,2.00739e-07,173.781,11705.8,2.28358e-07,196.701,14624.1,-1.93587e-08,222.642,18235,-2.88101e-07,252.003,22683.4,-2.24732e-07,285.234,28134,8.56806e-09,322.845,34767,2.34258e-07,365.413,42770.9,2.99668e-07,413.588,52327.9,8.28644e-08,468.111,63591.2,-3.07049e-07,529.814,76653.2,-3.1888e-07,599.642,91502.5,-6.72276e-08,678.662,107975,2.26339e-07,768.083,125705,3.69212e-07,869.267,144088,2.04077e-07,983.76,162277,-2.80509e-07,1113.3,179223,-4.22737e-07,1259.87,193777,-1.71951e-07,1425.68,204839,4.55555e-07,11.7194,11.96,12.6541,2.21263,4.16949,0.989383,2.67766,5.84076,0.311842,3.14343,7.55825,0.0972771,3.63127,9.58578,0.0303237,4.15787,12.0912,0.00945211,4.73731,15.2286,0.00294633,5.38238,19.1721,0.000918508,6.10553,24.134,0.000286163,6.91951,30.3791,8.92692e-05,7.83792,38.2397,2.78121e-05,8.87555,48.1338,8.65134e-06,10.0489,60.5876,2.7882e-06,11.3761,76.2629,8.29036e-07,12.8779,95.9927,2.4373e-07,14.5775,120.825,1e-08,16.5012,152.08,1.75749e-07,18.6784,191.415,1e-08,21.1428,240.917,1.91829e-07,23.9322,303.213,1e-08,27.0895,381.602,7.0186e-08,30.6634,480.231,1e-08,34.7087,604.316,2.40784e-07,39.2876,760.401,9.87368e-08,44.4705,956.705,1.22263e-07,50.3371,1203.54,1e-08,56.9776,1513.81,1e-08,64.494,1903.69,1e-08,73.0018,2393.4,3.9185e-07,82.6317,3008.13,1.35379e-07,93.5318,3779.25,1e-08,105.869,4745.7,2.06965e-08,119.834,5955.6,1e-08,135.641,7468.12,1e-08,153.531,9355.62,2.00739e-07,173.781,11705.8,2.28358e-07,196.701,14624.1,1e-08,222.642,18235,1e-08,252.003,22683.4,1e-08,285.234,28134,1e-08,322.845,34767,2.34258e-07,365.413,42770.9,2.99668e-07,413.588,52327.9,8.28644e-08,468.111,63591.2,1e-08,529.814,76653.2,1e-08,599.642,91502.5,1e-08,678.662,107975,2.26339e-07,768.083,125705,3.69212e-07,869.267,144088,2.04077e-07,983.76,162277,1e-08,1113.3,179223,1e-08,1259.87,193777,1e-08,1425.68,204839,4.55555e-07,6.2823,3.27286,2.43537,0.219672,6.18826,2.24117,0.56371,6.87772,2.63624,0.308279,11,5,8,1,2,1,2,13,0,4,3,0,5,9,1,5,5,0,1,13,0,6,15,0,8,23,0,4,19,0,10,24,0,15,23,0,14,73,0,18,80,0,16,144,0,13,77,0,23,117,0,9,213,0,18,242,0,33,479,0,27,263,0,33,363,0,42,427,0,39,1447,0,50,728,0,69,975,0,19,1696,0,34,1309,0,91,1390,0,76,3008,0,53,5623,0,78,5752,0,69,8967,0,146,5358,0,139,5457,0,114,16381,0,185,12659,0,184,6768,0,155,14911,0,353,37578,0,204,17265,0,450,55941,0,332,23992,0,579,40697,0,464,150138,0,841,45875,0,591,154345,0,691,112295,0,433,154498,0,385,198104,0,833,221358,0,1309,200922,0,3950,145892,0
-1.05176e+08,1.48641e-52,8.88811e-15,10,1023,0,1.05176e+08,0.528882,1.08665,0.389689,0.145397,0.379329,3.24381,0.161596,0.446195,1.77396,0.159177,1.15e+07,4.49998e+06,6.79999e+06,1.15e+07,4.49997e+06,6.79999e+06,1.15e+07,4.49996e+06,6.79999e+06,1.15e+07,4.49995e+06,6.79999e+06,1.14999e+07,4.49993e+06,6.79999e+06,1.14999e+07,4.49991e+06,6.79999e+06,1.14999e+07,4.49989e+06,6.79999e+06,1.14999e+07,4.49986e+06,6.79999e+06,1.14999e+07,4.49982e+06,6.79999e+06,1.14999e+07,4.49977e+06,6.79999e+06,1.14999e+07,4.49971e+06,6.79999e+06,1.14999e+07,4.49963e+06,6.79999e+06,1.14998e+07,4.49953e+06,6.79999e+06,1.14998e+07,4.49941e+06,6.79999e+06,1.14998e+07,4.49926e+06,6.79999e+06,1.14998e+07,4.49906e+06,6.79999e+06,1.14997e+07,4.49882e+06,6.79999e+06,1.14997e+07,4.49851e+06,6.79999e+06,1.14997e+07,4.49812e+06,6.79999e+06,1.14996e+07,4.49764e+06,6.79999e+06,1.14996e+07,4.49702e+06,6.79999e+06,1.14995e+07,4.49625e+06,6.79999e+06,1.14995e+07,4.49528e+06,6.79999e+06,1.14994e+07,4.49406e+06,6.79999e+06,1.14993e+07,4.49253e+06,6.79999e+06,1.14992e+07,4.49059e+06,6.79999e+06,1.14991e+07,4.48817e+06,6.79999e+06,1.1499e+07,4.48511e+06,6.79999e+06,1.14988e+07,4.48128e+06,6.79999e+06,1.14987e+07,4.47646e+06,6.79999e+06,1.14985e+07,4.47041e+06,6.79999e+06,1.14983e+07,4.46281e+06,6.79999e+06,1.14981e+07,4.4533e+06,6.79999e+06,1.14979e+07,4.44138e+06,6.79999e+06,1.14976e+07,4.42649e+06,6.79999e+06,1.14972e+07,4.40789e+06,6.79999e+06,1.14969e+07,4.38471e+06,6.79999e+06,1.14965e+07,4.35592e+06,6.79999e+06,1.1496e+07,4.32027e+06,6.79999e+06,1.14955e+07,4.27629e+06,6.79999e+06,1.14949e+07,4.22231e+06,6.79999e+06,1.14942e+07,4.15647e+06,6.79999e+06,1.14934e+07,4.07676e+06,6.79999e+06,1.14926e+07,3.98112e+06,6.79999e+06,1.14916e+07,3.86765e+06,6.79999e+06,1.14905e+07,3.73474e+06,6.79999e+06,1.14892e+07,3.58148e+06,6.79999e+06,1.14878e+07,3.40785e+06,6.79999e+06,1.14862e+07,3.21513e+06,6.79999e+06,1.14844e+07,3.00605e+06,6.79999e+06,1.14823e+07,2.7848e+06,6.79999e+06,1.148e+07,2.5568e+06,6.79999e+06,1.14773e+07,2.32825e+06,6.79999e+06,13.5742,8.52444,0.508366,16.8306,13.2585,0.162638,20.0035,17.569,0.0507846,23.2616,22.4214,0.0158319,26.7328,28.3297,0.00493498,30.5212,35.6974,0.00153831,34.7178,44.9473,0.000479527,39.4086,56.5822,0.000149456,44.6796,71.2245,4.66214e-05,50.6209,89.6543,1.45419e-05,57.3297,112.852,4.54748e-06,64.9129,142.051,1.43857e-06,73.4897,178.803,4.36618e-07,83.1934,225.062,1.40153e-07,94.1745,283.286,4.96378e-08,106.602,356.568,1.05434e-07,120.669,448.799,-6.49244e-08,136.59,564.873,1.70148e-07,154.611,710.948,-5.34594e-08,175.008,894.767,1.63407e-07,198.097,1126.06,8.04804e-08,224.231,1417.07,1.14667e-07,253.813,1783.15,-1.71227e-07,287.297,2243.62,-2.88466e-07,325.198,2822.67,-4.33651e-07,368.098,3550.67,7.9318e-08,416.657,4465.65,3.13319e-07,471.621,5615.16,3.4613e-07,533.835,7058.61,-1.19199e-07,604.255,8870.02,-2.79964e-07,683.962,11141.4,-2.30521e-07,774.182,13986.7,-2.55099e-07,876.299,17546.4,1.23585e-07,991.883,21993.1,1.41192e-07,1122.71,27536.7,-9.71886e-08,1270.78,34430.7,-3.68368e-07,1438.38,42977.7,-3.45379e-07,1628.07,53532.7,-3.25328e-09,1842.77,66504.6,2.6362e-07,2085.77,82350.2,2.53445e-07,2360.79,101560,-2.47407e-08,2672.05,124632,-3.80602e-07,3024.31,152018,-4.79005e-07,3422.98,184060,-1.14379e-07,3874.15,220884,2.64297e-07,4384.72,262283,3.44131e-07,4962.49,307576,7.5349e-08,5616.29,355497,-3.63097e-07,6356.1,404126,-6.05442e-07,7193.18,450932,-2.72333e-07,8140.28,492963,2.29675e-07,9211.79,527178,4.3387e-07,10424,550893,-1.0711e-07,10.102,8.06553,2.81012,10.6436,8.57909,0.869423,11.5336,10.2515,0.270869,12.7211,12.7138,0.0844293,14.1823,15.9373,0.0263173,15.9122,20.0383,0.0082035,17.9198,25.2154,0.00255722,20.2244,31.7373,0.000797017,22.8539,39.9486,0.000248622,25.8438,50.2851,7.75492e-05,29.237,63.2963,2.42508e-05,33.0837,79.6738,7.67162e-06,37.4415,100.288,2.32837e-06,42.3767,126.236,7.33e-07,47.9646,158.896,2.79256e-07,54.2906,200.003,9.87351e-09,61.452,251.741,1.61085e-07,69.5585,316.859,-2.47141e-07,78.7347,398.812,8.93552e-08,89.1218,501.948,-2.53231e-07,100.879,631.736,-1.25047e-07,114.188,795.049,-1.78808e-07,129.252,1000.53,2.6733e-07,146.304,1259.03,4.50292e-07,165.605,1584.19,6.76904e-07,187.452,1993.12,-1.23808e-07,212.181,2507.27,-4.89068e-07,240.173,3153.54,-5.40284e-07,271.856,3965.56,1.86061e-07,307.719,4985.38,4.37004e-07,348.313,6265.4,3.59828e-07,394.26,7870.83,3.98192e-07,446.268,9882.51,-1.92908e-07,505.135,12400.3,-2.20392e-07,571.766,15546.9,1.51705e-07,647.184,19472.2,5.74996e-07,732.547,24357.4,5.39112e-07,829.167,30420,5.07815e-09,938.526,37916.3,-4.11492e-07,1062.3,47143.9,-3.9561e-07,1202.4,58439.2,3.86185e-08,1360.96,72169.3,5.94093e-07,1540.42,88715.8,7.47693e-07,1743.53,108445,1.78537e-07,1973.41,131665,-4.12549e-07,2233.57,158557,-5.37164e-07,2528,189103,-1.17615e-07,2861.2,222986,5.66769e-07,3238.27,259510,9.45053e-07,3664.97,297540,4.25093e-07,4147.81,335497,-3.58506e-07,4694.17,371444,-6.7724e-07,5312.37,403256,1.67192e-07,1.61744,3.89446,9.84394,3.28846,7.5504,12.774,5.07607,11.7187,13.6844,7.03202,16.8147,13.9681,9.20215,23.1769,14.0566,11.6301,31.1672,14.0841,14.3598,41.2186,14.0927,17.4376,53.8688,14.0954,20.9137,69.7915,14.0962,24.8432,89.8341,14.0965,29.2879,115.063,14.0966,34.3168,146.819,14.0966,40.0078,186.792,14.0966,46.4487,237.107,14.0966,53.7388,300.44,14.0966,61.9903,380.158,14.0966,71.3301,480.499,14.0966,81.902,606.796,14.0966,93.8685,765.761,14.0966,107.414,965.837,14.0966,122.746,1217.65,14.0966,140.101,1534.57,14.0966,159.745,1933.41,14.0966,181.981,2435.3,14.0966,207.15,3066.85,14.0966,235.64,3861.46,14.0966,267.889,4861.11,14.0966,304.391,6118.54,14.0966,345.709,7699.91,14.0966,392.478,9688.22,14.0966,445.417,12187.5,14.0966,505.339,15327.7,14.0966,573.165,19271.6,14.0966,649.938,24222,14.0966,736.839,30430.9,14.0966,835.202,38211.5,14.0966,946.539,47950.3,14.0966,1072.56,60122.8,14.0966,1215.21,75309.9,14.0966,1376.66,94216.2,14.0966,1559.41,117688,14.0966,1766.26,146729,14.0966,2000.39,182510,14.0966,2265.39,226372,14.0966,2565.33,279806,14.0966,2904.81,344416,14.0966,3289.05,421845,14.0966,3723.93,513667,14.0966,4216.13,621231,14.0966,4773.18,745478,14.0966,5403.64,886744,14.0966,6117.15,1.04457e+06,14.0966,6924.63,1.2176e+06,14.0966,11.7194,11.96,12.6541,13.9321,16.1295,13.6434,16.6097,21.9702,13.9553,19.7532,29.5285,14.0526,23.3844,39.1143,14.0829,27.5423,51.2054,14.0923,32.2796,66.434,14.0953,37.662,85.6061,14.0962,43.7675,109.74,14.0965,50.687,140.119,14.0966,58.5249,178.359,14.0966,67.4005,226.493,14.0966,77.4493,287.08,14.0966,88.8254,363.343,14.0966,101.703,459.336,14.0966,116.281,580.161,14.0966,132.782,732.241,14.0966,151.46,923.655,14.0966,172.603,1164.57,14.0966,196.535,1467.79,14.0966,223.625,1849.39,14.0966,254.288,2329.62,14.0966,288.997,2933.93,14.0966,328.285,3694.33,14.0966,372.755,4651.04,14.0966,423.092,5854.57,14.0966,480.07,7368.38,14.0966,544.564,9272.08,14.0966,617.566,11665.5,14.0966,700.197,14673.6,14.0966,793.729,18452.9,14.0966,899.599,23198.6,14.0966,1019.43,29154.1,14.0966,1155.07,36622.3,14.0966,1308.6,45977.9,14.0966,1482.39,57683.7,14.0966,1679.09,72307.8,14.0966,1901.73,90542.8,14.0966,2153.73,113226,14.0966,2438.97,141360,14.0966,2761.81,176127,14.0966,3127.22,218898,14.0966,3540.81,271226,14.0966,4008.92,334817,14.0966,4538.74,411470,14.0966,5138.38,502973,14.0966,5817.04,610948,14.0966,6585.12,736653,14.0966,7454.39,880741,14.0966,8438.15,1.04302e+06,14.0966,9551.45,1.22224e+06,14.0966,10811.3,1.41602e+06,14.0966,12237,1.62086e+06,14.0966,11.7194,11.96,12.6541,2.21263,4.16949,0.989383,2.67766,5.84076,0.311842,3.14343,7.55825,0.0972771,3.63127,9.58578,0.0303237,4.15787,12.0912,0.00945211,4.73731,15.2286,0.00294633,5.38238,19.1721,0.000918508,6.10553,24.134,0.000286163,6.91951,30.3791,8.92692e-05,7.83792,38.2397,2.78121e-05,8.87555,48.1338,8.65134e-06,10.0489,60.5876,2.7882e-06,11.3761,76.2629,8.29036e-07,12.8779,95.9927,2.4373e-07,14.5775,120.825,4.33068e-09,16.5012,152.08,1.75749e-07,18.6784,191.415,-1.86328e-07,21.1428,240.917,1.91829e-07,23.9322,303.213,-1.81475e-07,27.0895,381.602,7.0186e-08,30.6634,480.231,-2.86769e-08,34.7087,604.316,2.40784e-07,39.2876,760.401,9.87368e-08,44.4705,956.705,1.22263e-07,50.3371,1203.54,-4.31966e-07,56.9776,1513.81,-1.9705e-07,64.494,1903.69,-2.763e-08,73.0018,2393.4,3.9185e-07,82.6317,3008.13,1.35379e-07,93.5318,3779.25,-4.16351e-08,105.869,4745.7,2.06965e-08,119.834,5955.6,-3.18887e-07,135.641,7468.12,-1.48271e-08,153.531,9355.62,2.00739e-07,173.781,11705.8,2.28358e-07,196.701,14624.1,-1.93587e-08,222.642,18235,-2.88101e-07,252.003,22683.4,-2.24732e-07,285.234,28134,8.56806e-09,322.845,34767,2.34258e-07,365.413,42770.9,2.99668e-07,413.588,52327.9,8.28644e-08,468.111,63591.2,-3.07049e-07,529.814,76653.2,-3.1888e-07,599.642,91502.5,-6.72276e-08,678.662,107975,2.26339e-07,768.083,125705,3.69212e-07,869.267,144088,2.04077e-07,983.76,162277,-2.80509e-07,1113.3,179223,-4.22737e-07,1259.87,193777,-1.71951e-07,1425.68,204839,4.55555e-07,11.7194,11.96,12.6541,2.21263,4.16949,0.989383,2.67766,5.84076,0.311842,3.14343,7.55825,0.0972771,3.63127,9.58578,0.0303237,4.15787,12.0912,0.00945211,4.73731,15.2286,0.00294633,5.38238,19.1721,0.000918508,6.10553,24.134,0.000286163,6.91951,30.3791,8.92692e-05,7.83792,38.2397,2.78121e-05,8.87555,48.1338,8.65134e-06,10.0489,60.5876,2.7882e-06,11.3761,76.2629,8.29036e-07,12.8779,95.9927,2.4373e-07,14.5775,120.825,1e-08,16.5012,152.08,1.75749e-07,18.6784,191.415,1e-08,21.1428,240.917,1.91829e-07,23.9322,303.213,1e-08,27.0895,381.602,7.0186e-08,30.6634,480.231,1e-08,34.7087,604.316,2.40784e-07,39.2876,760.401,9.87368e-08,44.4705,956.705,1.22263e-07,50.3371,1203.54,1e-08,56.9776,1513.81,1e-08,64.494,1903.69,1e-08,73.0018,2393.4,3.9185e-07,82.6317,3008.13,1.35379e-07,93.5318,3779.25,1e-08,105.869,4745.7,2.06965e-08,119.834,5955.6,1e-08,135.641,7468.12,1e-08,153.531,9355.62,2.00739e-07,173.781,11705.8,2.28358e-07,196.701,14624.1,1e-08,222.642,18235,1e-08,252.003,22683.4,1e-08,285.234,28134,1e-08,322.845,34767,2.34258e-07,365.413,42770.9,2.99668e-07,413.588,52327.9,8.28644e-08,468.111,63591.2,1e-08,529.814,76653.2,1e-08,599.642,91502.5,1e-08,678.662,107975,2.26339e-07,768.083,125705,3.69212e-07,869.267,144088,2.04077e-07,983.76,162277,1e-08,1113.3,179223,1e-08,1259.87,193777,1e-08,1425.68,204839,4.55555e-07,6.2823,3.27286,2.43537,0.219672,6.18826,2.24117,0.56371,6.87772,2.63624,0.308279,9,12,19,0,9,0,5,3,0,2,5,0,6,19,0,7,17,0,3,8,0,2,29,0,4,29,0,7,27,0,7,16,0,11,37,0,11,51,0,7,71,0,1,52,0,7,61,0,19,103,0,30,121,0,15,307,0,18,220,0,21,313,0,14,205,0,36,755,0,56,816,0,30,1112,0,33,1288,0,87,1007,0,56,1633,0,33,1931,0,79,2520,0,175,3058,0,132,6199,0,61,6705,0,128,10214,0,95,7479,0,179,11344,0,104,9424,0,169,8517,0,270,18979,0,287,42717,0,229,45341,0,261,47146,0,411,79711,0,252,62563,0,426,31427,0,736,65979,0,619,164982,0,524,38804,0,962,177571,0,438,224546,0,831,126464,0,909,108998,0,483,121886,0
-1.05176e+08,1,8.88811e-15,10,1023,0,1.05176e+08,0.528882,1.08665,0.389689,0.145397,0.379329,3.24381,0.161596,0.446195,1.77396,0.159177,1.15e+07,4.49998e+06,6.79999e+06,1.15e+07,4.49997e+06,6.79999e+06,1.15e+07,4.49996e+06,6.79999e+06,1.15e+07,4.49995e+06,6.79999e+06,1.14999e+07,4.49993e+06,6.79999e+06,1.14999e+07,4.49991e+06,6.79999e+06,1.14999e+07,4.49989e+06,6.79999e+06,1.14999e+07,4.49986e+06,6.79999e+06,1.14999e+07,4.49982e+06,6.79999e+06,1.14999e+07,4.49977e+06,6.79999e+06,1.14999e+07,4.49971e+06,6.79999e+06,1.14999e+07,4.49963e+06,6.79999e+06,1.14998e+07,4.49953e+06,6.79999e+06,1.14998e+07,4.49941e+06,6.79999e+06,1.14998e+07,4.49926e+06,6.79999e+06,1.14998e+07,4.49906e+06,6.79999e+06,1.14997e+07,4.49882e+06,6.79999e+06,1.14997e+07,4.49851e+06,6.79999e+06,1.14997e+07,4.49812e+06,6.79999e+06,1.14996e+07,4.49764e+06,6.79999e+06,1.14996e+07,4.49702e+06,6.79999e+06,1.14995e+07,4.49625e+06,6.79999e+06,1.14995e+07,4.49528e+06,6.79999e+06,1.14994e+07,4.49406e+06,6.79999e+06,1.14993e+07,4.49253e+06,6.79999e+06,1.14992e+07,4.49059e+06,6.79999e+06,1.14991e+07,4.48817e+06,6.79999e+06,1.1499e+07,4.48511e+06,6.79999e+06,1.14988e+07,4.48128e+06,6.79999e+06,1.14987e+07,4.47646e+06,6.79999e+06,1.14985e+07,4.47041e+06,6.79999e+06,1.14983e+07,4.46281e+06,6.79999e+06,1.14981e+07,4.4533e+06,6.79999e+06,1.14979e+07,4.44138e+06,6.79999e+06,1.14976e+07,4.42649e+06,6.79999e+06,1.14972e+07,4.40789e+06,6.79999e+06,1.14969e+07,4.38471e+06,6.79999e+06,1.14965e+07,4.35592e+06,6.79999e+06,1.1496e+07,4.32027e+06,6.79999e+06,1.14955e+07,4.27629e+06,6.79999e+06,1.14949e+07,4.22231e+06,6.79999e+06,1.14942e+07,4.15647e+06,6.79999e+06,1.14934e+07,4.07676e+06,6.79999e+06,1.14926e+07,3.98112e+06,6.79999e+06,1.14916e+07,3.86765e+06,6.79999e+06,1.14905e+07,3.73474e+06,6.79999e+06,1.14892e+07,3.58148e+06,6.79999e+06,1.14878e+07,3.40785e+06,6.79999e+06,1.14862e+07,3.21513e+06,6.79999e+06,1.14844e+07,3.00605e+06,6.79999e+06,1.14823e+07,2.7848e+06,6.79999e+06,1.148e+07,2.5568e+06,6.79999e+06,1.14773e+07,2.32825e+06,6.79999e+06,13.5742,8.52444,0.508366,16.8306,13.2585,0.162638,20.0035,17.569,0.0507846,23.2616,22.4214,0.0158319,26.7328,28.3297,0.00493498,30.5212,35.6974,0.00153831,34.7178,44.9473,0.000479527,39.4086,56.5822,0.000149456,44.6796,71.2245,4.66214e-05,50.6209,89.6543,1.45419e-05,57.3297,112.852,4.54748e-06,64.9129,142.051,1.43857e-06,73.4897,178.803,4.36618e-07,83.1934,225.062,1.40153e-07,94.1745,283.286,4.96378e-08,106.602,356.568,1.05434e-07,120.669,448.799,-6.49244e-08,136.59,564.873,1.70148e-07,154.611,710.948,-5.34594e-08,175.008,894.767,1.63407e-07,198.097,1126.06,8.04804e-08,224.231,1417.07,1.14667e-07,253.813,1783.15,-1.71227e-07,287.297,2243.62,-2.88466e-07,325.198,2822.67,-4.33651e-07,368.098,3550.67,7.9318e-08,416.657,4465.65,3.13319e-07,471.621,5615.16,3.4613e-07,533.835,7058.61,-1.19199e-07,604.255,8870.02,-2.79964e-07,683.962,11141.4,-2.30521e-07,774.182,13986.7,-2.55099e-07,876.299,17546.4,1.23585e-07,991.883,21993.1,1.41192e-07,1122.71,27536.7,-9.71886e-08,1270.78,34430.7,-3.68368e-07,1438.38,42977.7,-3.45379e-07,1628.07,53532.7,-3.25328e-09,1842.77,66504.6,2.6362e-07,2085.77,82350.2,2.53445e-07,2360.79,101560,-2.47407e-08,2672.05,124632,-3.80602e-07,3024.31,152018,-4.79005e-07,3422.98,184060,-1.14379e-07,3874.15,220884,2.64297e-07,4384.72,262283,3.44131e-07,4962.49,307576,7.5349e-08,5616.29,355497,-3.63097e-07,6356.1,404126,-6.05442e-07,7193.18,450932,-2.72333e-07,8140.28,492963,2.29675e-07,9211.79,527178,4.3387e-07,10424,550893,-1.0711e-07,10.102,8.06553,2.81012,10.6436,8.57909,0.869423,11.5336,10.2515,0.270869,12.7211,12.7138,0.0844293,14.1823,15.9373,0.0263173,15.9122,20.0383,0.0082035,17.9198,25.2154,0.00255722,20.2244,31.7373,0.000797017,22.8539,39.9486,0.000248622,25.8438,50.2851,7.75492e-05,29.237,63.2963,2.42508e-05,33.0837,79.6738,7.67162e-06,37.4415,100.288,2.32837e-06,42.3767,126.236,7.33e-07,47.9646,158.896,2.79256e-07,54.2906,200.003,9.87351e-09,61.452,251.741,1.61085e-07,69.5585,316.859,-2.47141e-07,78.7347,398.812,8.93552e-08,89.1218,501.948,-2.53231e-07,100.879,631.736,-1.25047e-07,114.188,795.049,-1.78808e-07,129.252,1000.53,2.6733e-07,146.304,1259.03,4.50292e-07,165.605,1584.19,6.76904e-07,187.452,1993.12,-1.23808e-07,212.181,2507.27,-4.89068e-07,240.173,3153.54,-5.40284e-07,271.856,3965.56,1.86061e-07,307.719,4985.38,4.37004e-07,348.313,6265.4,3.59828e-07,394.26,7870.83,3.98192e-07,446.268,9882.51,-1.92908e-07,505.135,12400.3,-2.20392e-07,571.766,15546.9,1.51705e-07,647.184,19472.2,5.74996e-07,732.547,24357.4,5.39112e-07,829.167,30420,5.07815e-09,938.526,37916.3,-4.11492e-07,1062.3,47143.9,-3.9561e-07,1202.4,58439.2,3.86185e-08,1360.96,72169.3,5.94093e-07,1540.42,88715.8,7.47693e-07,1743.53,108445,1.78537e-07,1973.41,131665,-4.12549e-07,2233.57,158557,-5.37164e-07,2528,189103,-1.17615e-07,2861.2,222986,5.66769e-07,3238.27,259510,9.45053e-07,3664.97,297540,4.25093e-07,4147.81,335497,-3.58506e-07,4694.17,371444,-6.7724e-07,5312.37,403256,1.67192e-07,1.61744,3.89446,9.84394,3.28846,7.5504,12.774,5.07607,11.7187,13.6844,7.03202,16.8147,13.9681,9.20215,23.1769,14.0566,11.6301,31.1672,14.0841,14.3598,41.2186,14.0927,17.4376,53.8688,14.0954,20.9137,69.7915,14.0962,24.8432,89.8341,14.0965,29.2879,115.063,14.0966,34.3168,146.819,14.0966,40.0078,186.792,14.0966,46.4487,237.107,14.0966,53.7388,300.44,14.0966,61.9903,380.158,14.0966,71.3301,480.499,14.0966,81.902,606.796,14.0966,93.8685,765.761,14.0966,107.414,965.837,14.0966,122.746,1217.65,14.0966,140.101,1534.57,14.0966,159.745,1933.41,14.0966,181.981,2435.3,14.0966,207.15,3066.85,14.0966,235.64,3861.46,14.0966,267.889,4861.11,14.0966,304.391,6118.54,14.0966,345.709,7699.91,14.0966,392.478,9688.22,14.0966,445.417,12187.5,14.0966,505.339,15327.7,14.0966,573.165,19271.6,14.0966,649.938,24222,14.0966,736.839,30430.9,14.0966,835.202,38211.5,14.0966,946.539,47950.3,14.0966,1072.56,60122.8,14.0966,1215.21,75309.9,14.0966,1376.66,94216.2,14.0966,1559.41,117688,14.0966,1766.26,146729,14.0966,2000.39,182510,14.0966,2265.39,226372,14.0966,2565.33,279806,14.0966,2904.81,344416,14.0966,3289.05,421845,14.0966,3723.93,513667,14.0966,4216.13,621231,14.0966,4773.18,745478,14.0966,5403.64,886744,14.0966,6117.15,1.04457e+06,14.0966,6924.63,1.2176e+06,14.0966,11.7194,11.96,12.6541,13.9321,16.1295,13.6434,16.6097,21.9702,13.9553,19.7532,29.5285,14.0526,23.3844,39.1143,14.0829,27.5423,51.2054,14.0923,32.2796,66.434,14.0953,37.662,85.6061,14.0962,43.7675,109.74,14.0965,50.687,140.119,14.0966,58.5249,178.359,14.0966,67.4005,226.493,14.0966,77.4493,287.08,14.0966,88.8254,363.343,14.0966,101.703,459.336,14.0966,116.281,580.161,14.0966,132.782,732.241,14.0966,151.46,923.655,14.0966,172.603,1164.57,14.0966,196.535,1467.79,14.0966,223.625,1849.39,14.0966,254.288,2329.62,14.0966,288.997,2933.93,14.0966,328.285,3694.33,14.0966,372.755,4651.04,14.0966,423.092,5854.57,14.0966,480.07,7368.38,14.0966,544.564,9272.08,14.0966,617.566,11665.5,14.0966,700.197,14673.6,14.0966,793.729,18452.9,14.0966,899.599,23198.6,14.0966,1019.43,29154.1,14.0966,1155.07,36622.3,14.0966,1308.6,45977.9,14.0966,1482.39,57683.7,14.0966,1679.09,72307.8,14.0966,1901.73,90542.8,14.0966,2153.73,113226,14.0966,2438.97,141360,14.0966,2761.81,176127,14.0966,3127.22,218898,14.0966,3540.81,271226,14.0966,4008.92,334817,14.0966,4538.74,411470,14.0966,5138.38,502973,14.0966,5817.04,610948,14.0966,6585.12,736653,14.0966,7454.39,880741,14.0966,8438.15,1.04302e+06,14.0966,9551.45,1.22224e+06,14.0966,10811.3,1.41602e+06,14.0966,12237,1.62086e+06,14.0966,11.7194,11.96,12.6541,2.21263,4.16949,0.989383,2.67766,5.84076,0.311842,3.14343,7.55825,0.0972771,3.63127,9.58578,0.0303237,4.15787,12.0912,0.00945211,4.73731,15.2286,0.00294633,5.38238,19.1721,0.000918508,6.10553,24.134,0.000286163,6.91951,30.3791,8.92692e-05,7.83792,38.2397,2.78121e-05,8.87555,48.1338,8.65134e-06,10.0489,60.5876,2.7882e-06,11.3761,76.2629,8.29036e-07,12.8779,95.9927,2.4373e-07,14.5775,120.825,4.33068e-09,16.5012,152.08,1.75749e-07,18.6784,191.415,-1.86328e-07,21.1428,240.917,1.91829e-07,23.9322,303.213,-1.81475e-07,27.0895,381.602,7.0186e-08,30.6634,480.231,-2.86769e-08,34.7087,604.316,2.40784e-07,39.2876,760.401,9.87368e-08,44.4705,956.705,1.22263e-07,50.3371,1203.54,-4.31966e-07,56.9776,1513.81,-1.9705e-07,64.494,1903.69,-2.763e-08,73.0018,2393.4,3.9185e-07,82.6317,3008.13,1.35379e-07,93.5318,3779.25,-4.16351e-08,105.869,4745.7,2.06965e-08,119.834,5955.6,-3.18887e-07,135.641,7468.12,-1.48271e-08,153.531,9355.62,2.00739e-07,173.781,11705.8,2.28358e-07,196.701,14624.1,-1.93587e-08,222.642,18235,-2.88101e-07,252.003,22683.4,-2.24732e-07,285.234,28134,8.56806e-09,322.845,34767,2.34258e-07,365.413,42770.9,2.99668e-07,413.588,52327.9,8.28644e-08,468.111,63591.2,-3.07049e-07,529.814,76653.2,-3.1888e-07,599.642,91502.5,-6.72276e-08,678.662,107975,2.26339e-07,768.083,125705,3.69212e-07,869.267,144088,2.04077e-07,983.76,162277,-2.80509e-07,1113.3,179223,-4.22737e-07,1259.87,193777,-1.71951e-07,1425.68,204839,4.55555e-07,11.7194,11.96,12.6541,2.21263,4.16949,0.989383,2.67766,5.84076,0.311842,3.14343,7.55825,0.0972771,3.63127,9.58578,0.0303237,4.15787,12.0912,0.00945211,4.73731,15.2286,0.00294633,5.38238,19.1721,0.000918508,6.10553,24.134,0.000286163,6.91951,30.3791,8.92692e-05,7.83792,38.2397,2.78121e-05,8.87555,48.1338,8.65134e-06,10.0489,60.5876,2.7882e-06,11.3761,76.2629,8.29036e-07,12.8779,95.9927,2.4373e-07,14.5775,120.825,1e-08,16.5012,152.08,1.75749e-07,18.6784,191.415,1e-08,21.1428,240.917,1.91829e-07,23.9322,303.213,1e-08,27.0895,381.602,7.0186e-08,30.6634,480.231,1e-08,34.7087,604.316,2.40784e-07,39.2876,760.401,9.87368e-08,44.4705,956.705,1.22263e-07,50.3371,1203.54,1e-08,56.9776,1513.81,1e-08,64.494,1903.69,1e-08,73.0018,2393.4,3.9185e-07,82.6317,3008.13,1.35379e-07,93.5318,3779.25,1e-08,105.869,4745.7,2.06965e-08,119.834,5955.6,1e-08,135.641,7468.12,1e-08,153.531,9355.62,2.00739e-07,173.781,11705.8,2.28358e-07,196.701,14624.1,1e-08,222.642,18235,1e-08,252.003,22683.4,1e-08,285.234,28134,1e-08,322.845,34767,2.34258e-07,365.413,42770.9,2.99668e-07,413.588,52327.9,8.28644e-08,468.111,63591.2,1e-08,529.814,76653.2,1e-08,599.642,91502.5,1e-08,678.662,107975,2.26339e-07,768.083,125705,3.69212e-07,869.267,144088,2.04077e-07,983.76,162277,1e-08,1113.3,179223,1e-08,1259.87,193777,1e-08,1425.68,204839,4.55555e-07,6.2823,3.27286,2.43537,0.219672,6.18826,2.24117,0.56371,6.87772,2.63624,0.308279,10,7,19,1,0,4,6,0,2,2,9,0,6,12,0,4,7,0,9,31,0,5,19,0,3,31,0,4,56,0,8,37,0,10,63,0,7,42,0,10,107,0,7,61,0,16,137,0,6,70,0,13,212,0,26,442,0,3,249,0,27,289,0,25,470,0,28,858,0,21,912,0,57,736,0,69,867,0,50,1960,0,45,1085,0,60,2522,0,29,2681,0,58,4414,0,152,4743,0,74,3020,0,104,5239,0,201,4630,0,108,13226,0,167,14615,0,143,29425,0,144,13706,0,113,29844,0,229,34427,0,174,32539,0,304,100924,0,340,56676,0,562,104274,0,426,143936,0,533,138577,0,600,107670,0,690,83450,0,871,230706,0,648,88209,0,1593,170607,0,950,301478,0
-1.05176e+08,1,8.88811e-15,10,1023,0,1.05176e+08,0.528882,1.08665,0.389689,0.145397,0.379329,3.24381,0.161596,0.446195,1.77396,0.159177,1.15e+07,4.49998e+06,6.79999e+06,1.15e+07,4.49997e+06,6.79999e+06,1.15e+07,4.49996e+06,6.79999e+06,1.15e+07,4.49995e+06,6.79999e+06,1.14999e+07,4.49993e+06,6.79999e+06,1.14999e+07,4.49991e+06,6.79999e+06,1.14999e+07,4.49989e+06,6.79999e+06,1.14999e+07,4.49986e+06,6.79999e+06,1.14999e+07,4.49982e+06,6.79999e+06,1.14999e+07,4.49977e+06,6.79999e+06,1.14999e+07,4.49971e+06,6.79999e+06,1.14999e+07,4.49963e+06,6.79999e+06,1.14998e+07,4.49953e+06,6.79999e+06,1.14998e+07,4.49941e+06,6.79999e+06,1.14998e+07,4.49926e+06,6.79999e+06,1.14998e+07,4.49906e+06,6.79999e+06,1.14997e+07,4.49882e+06,6.79999e+06,1.14997e+07,4.49851e+06,6.79999e+06,1.14997e+07,4.49812e+06,6.79999e+06,1.14996e+07,4.49764e+06,6.79999e+06,1.14996e+07,4.49702e+06,6.79999e+06,1.14995e+07,4.49625e+06,6.79999e+06,1.14995e+07,4.49528e+06,6.79999e+06,1.14994e+07,4.49406e+06,6.79999e+06,1.14993e+07,4.49253e+06,6.79999e+06,1.14992e+07,4.49059e+06,6.79999e+06,1.14991e+07,4.48817e+06,6.79999e+06,1.1499e+07,4.48511e+06,6.79999e+06,1.14988e+07,4.48128e+06,6.79999e+06,1.14987e+07,4.47646e+06,6.79999e+06,1.14985e+07,4.47041e+06,6.79999e+06,1.14983e+07,4.46281e+06,6.79999e+06,1.14981e+07,4.4533e+06,6.79999e+06,1.14979e+07,4.44138e+06,6.79999e+06,1.14976e+07,4.42649e+06,6.79999e+06,1.14972e+07,4.40789e+06,6.79999e+06,1.14969e+07,4.38471e+06,6.79999e+06,1.14965e+07,4.35592e+06,6.79999e+06,1.1496e+07,4.32027e+06,6.79999e+06,1.14955e+07,4.27629e+06,6.79999e+06,1.14949e+07,4.22231e+06,6.79999e+06,1.14942e+07,4.15647e+06,6.79999e+06,1.14934e+07,4.07676e+06,6.79999e+06,1.14926e+07,3.98112e+06,6.79999e+06,1.14916e+07,3.86765e+06,6.79999e+06,1.14905e+07,3.73474e+06,6.79999e+06,1.14892e+07,3.58148e+06,6.79999e+06,1.14878e+07,3.40785e+06,6.79999e+06,1.14862e+07,3.21513e+06,6.79999e+06,1.14844e+07,3.00605e+06,6.79999e+06,1.14823e+07,2.7848e+06,6.79999e+06,1.148e+07,2.5568e+06,6.79999e+06,1.14773e+07,2.32825e+06,6.79999e+06,13.5742,8.52444,0.508366,16.8306,13.2585,0.162638,20.0035,17.569,0.0507846,23.2616,22.4214,0.0158319,26.7328,28.3297,0.00493498,30.5212,35.6974,0.00153831,34.7178,44.9473,0.000479527,39.4086,56.5822,0.000149456,44.6796,71.2245,4.66214e-05,50.6209,89.6543,1.45419e-05,57.3297,112.852,4.54748e-06,64.9129,142.051,1.43857e-06,73.4897,178.803,4.36618e-07,83.1934,225.062,1.40153e-07,94.1745,283.286,4.96378e-08,106.602,356.568,1.05434e-07,120.669,448.799,-6.49244e-08,136.59,564.873,1.70148e-07,154.611,710.948,-5.34594e-08,175.008,894.767,1.63407e-07,198.097,1126.06,8.04804e-08,224.231,1417.07,1.14667e-07,253.813,1783.15,-1.71227e-07,287.297,2243.62,-2.88466e-07,325.198,2822.67,-4.33651e-07,368.098,3550.67,7.9318e-08,416.657,4465.65,3.13319e-07,471.621,5615.16,3.4613e-07,533.835,7058.61,-1.19199e-07,604.255,8870.02,-2.79964e-07,683.962,11141.4,-2.30521e-07,774.182,13986.7,-2.55099e-07,876.299,17546.4,1.23585e-07,991.883,21993.1,1.41192e-07,1122.71,27536.7,-9.71886e-08,1270.78,34430.7,-3.68368e-07,1438.38,42977.7,-3.45379e-07,1628.07,53532.7,-3.25328e-09,1842.77,66504.6,2.6362e-07,2085.77,82350.2,2.53445e-07,2360.79,101560,-2.47407e-08,2672.05,124632,-3.80602e-07,3024.31,152018,-4.79005e-07,3422.98,184060,-1.14379e-07,3874.15,220884,2.64297e-07,4384.72,262283,3.44131e-07,4962.49,307576,7.5349e-08,5616.29,355497,-3.63097e-07,6356.1,404126,-6.05442e-07,7193.18,450932,-2.72333e-07,8140.28,492963,2.29675e-07,9211.79,527178,4.3387e-07,10424,550893,-1.0711e-07,10.102,8.06553,2.81012,10.6436,8.57909,0.869423,11.5336,10.2515,0.270869,12.7211,12.7138,0.0844293,14.1823,15.9373,0.0263173,15.9122,20.0383,0.0082035,17.9198,25.2154,0.00255722,20.2244,31.7373,0.000797017,22.8539,39.9486,0.000248622,25.8438,50.2851,7.75492e-05,29.237,63.2963,2.42508e-05,33.0837,79.6738,7.67162e-06,37.4415,100.288,2.32837e-06,42.3767,126.236,7.33e-07,47.9646,158.896,2.79256e-07,54.2906,200.003,9.87351e-09,61.452,251.741,1.61085e-07,69.5585,316.859,-2.47141e-07,78.7347,398.812,8.93552e-08,89.1218,501.948,-2.53231e-07,100.879,631.736,-1.25047e-07,114.188,795.049,-1.78808e-07,129.252,1000.53,2.6733e-07,146.304,1259.03,4.50292e-07,165.605,1584.19,6.76904e-07,187.452,1993.12,-1.23808e-07,212.181,2507.27,-4.89068e-07,240.173,3153.54,-5.40284e-07,271.856,3965.56,1.86061e-07,307.719,4985.38,4.37004e-07,348.313,6265.4,3.59828e-07,394.26,7870.83,3.98192e-07,446.268,9882.51,-1.92908e-07,505.135,12400.3,-2.20392e-07,571.766,15546.9,1.51705e-07,647.184,19472.2,5.74996e-07,732.547,24357.4,5.39112e-07,829.167,30420,5.07815e-09,938.526,37916.3,-4.11492e-07,1062.3,47143.9,-3.9561e-07,1202.4,58439.2,3.86185e-08,1360.96,72169.3,5.94093e-07,1540.42,88715.8,7.47693e-07,1743.53,108445,1.78537e-07,1973.41,131665,-4.12549e-07,2233.57,158557,-5.37164e-07,2528,189103,-1.17615e-07,2861.2,222986,5.66769e-07,3238.27,259510,9.45053e-07,3664.97,297540,4.25093e-07,4147.81,335497,-3.58506e-07,4694.17,371444,-6.7724e-07,5312.37,403256,1.67192e-07,1.61744,3.89446,9.84394,3.28846,7.5504,12.774,5.07607,11.7187,13.6844,7.03202,16.8147,13.9681,9.20215,23.1769,14.0566,11.6301,31.1672,14.0841,14.3598,41.2186,14.0927,17.4376,53.8688,14.0954,20.9137,69.7915,14.0962,24.8432,89.8341,14.0965,29.2879,115.063,14.0966,34.3168,146.819,14.0966,40.0078,186.792,14.0966,46.4487,237.107,14.0966,53.7388,300.44,14.0966,61.9903,380.158,14.0966,71.3301,480.499,14.0966,81.902,606.796,14.0966,93.8685,765.761,14.0966,107.414,965.837,14.0966,122.746,1217.65,14.0966,140.101,1534.57,14.0966,159.745,1933.41,14.0966,181.981,2435.3,14.0966,207.15,3066.85,14.0966,235.64,3861.46,14.0966,267.889,4861.11,14.0966,304.391,6118.54,14.0966,345.709,7699.91,14.0966,392.478,9688.22,14.0966,445.417,12187.5,14.0966,505.339,15327.7,14.0966,573.165,19271.6,14.0966,649.938,24222,14.0966,736.839,30430.9,14.0966,835.202,38211.5,14.0966,946.539,47950.3,14.0966,1072.56,60122.8,14.0966,1215.21,75309.9,14.0966,1376.66,94216.2,14.0966,1559.41,117688,14.0966,1766.26,146729,14.0966,2000.39,182510,14.0966,2265.39,226372,14.0966,2565.33,279806,14.0966,2904.81,344416,14.0966,3289.05,421845,14.0966,3723.93,513667,14.0966,4216.13,621231,14.0966,4773.18,745478,14.0966,5403.64,886744,14.0966,6117.15,1.04457e+06,14.0966,6924.63,1.2176e+06,14.0966,11.7194,11.96,12.6541,13.9321,16.1295,13.6434,16.6097,21.9702,13.9553,19.7532,29.5285,14.0526,23.3844,39.1143,14.0829,27.5423,51.2054,14.0923,32.2796,66.434,14.0953,37.662,85.6061,14.0962,43.7675,109.74,14.0965,50.687,140.119,14.0966,58.5249,178.359,14.0966,67.4005,226.493,14.0966,77.4493,287.08,14.0966,88.8254,363.343,14.0966,101.703,459.336,14.0966,116.281,580.161,14.0966,132.782,732.241,14.0966,151.46,923.655,14.0966,172.603,1164.57,14.0966,196.535,1467.79,14.0966,223.625,1849.39,14.0966,254.288,2329.62,14.0966,288.997,2933.93,14.0966,328.285,3694.33,14.0966,372.755,4651.04,14.0966,423.092,5854.57,14.0966,480.07,7368.38,14.0966,544.564,9272.08,14.0966,617.566,11665.5,14.0966,700.197,14673.6,14.0966,793.729,18452.9,14.0966,899.599,23198.6,14.0966,1019.43,29154.1,14.0966,1155.07,36622.3,14.0966,1308.6,45977.9,14.0966,1482.39,57683.7,14.0966,1679.09,72307.8,14.0966,1901.73,90542.8,14.0966,2153.73,113226,14.0966,2438.97,141360,14.0966,2761.81,176127,14.0966,3127.22,218898,14.0966,3540.81,271226,14.0966,4008.92,334817,14.0966,4538.74,411470,14.0966,5138.38,502973,14.0966,5817.04,610948,14.0966,6585.12,736653,14.0966,7454.39,880741,14.0966,8438.15,1.04302e+06,14.0966,9551.45,1.22224e+06,14.0966,10811.3,1.41602e+06,14.0966,12237,1.62086e+06,14.0966,11.7194,11.96,12.6541,2.21263,4.16949,0.989383,2.67766,5.84076,0.311842,3.14343,7.55825,0.0972771,3.63127,9.58578,0.0303237,4.15787,12.0912,0.00945211,4.73731,15.2286,0.00294633,5.38238,19.1721,0.000918508,6.10553,24.134,0.000286163,6.91951,30.3791,8.92692e-05,7.83792,38.2397,2.78121e-05,8.87555,48.1338,8.65134e-06,10.0489,60.5876,2.7882e-06,11.3761,76.2629,8.29036e-07,12.8779,95.9927,2.4373e-07,14.5775,120.825,4.33068e-09,16.5012,152.08,1.75749e-07,18.6784,191.415,-1.86328e-07,21.1428,240.917,1.91829e-07,23.9322,303.213,-1.81475e-07,27.0895,381.602,7.0186e-08,30.6634,480.231,-2.86769e-08,34.7087,604.316,2.40784e-07,39.2876,760.401,9.87368e-08,44.4705,956.705,1.22263e-07,50.3371,1203.54,-4.31966e-07,56.9776,1513.81,-1.9705e-07,64.494,1903.69,-2.763e-08,73.0018,2393.4,3.9185e-07,82.6317,3008.13,1.35379e-07,93.5318,3779.25,-4.16351e-08,105.869,4745.7,2.06965e-08,119.834,5955.6,-3.18887e-07,135.641,7468.12,-1.48271e-08,153.531,9355.62,2.00739e-07,173.781,11705.8,2.28358e-07,196.701,14624.1,-1.93587e-08,222.642,18235,-2.88101e-07,252.003,22683.4,-2.24732e-07,285.234,28134,8.56806e-09,322.845,34767,2.34258e-07,365.413,42770.9,2.99668e-07,413.588,52327.9,8.28644e-08,468.111,63591.2,-3.07049e-07,529.814,76653.2,-3.1888e-07,599.642,91502.5,-6.72276e-08,678.662,107975,2.26339e-07,768.083,125705,3.69212e-07,869.267,144088,2.04077e-07,983.76,162277,-2.80509e-07,1113.3,179223,-4.22737e-07,1259.87,193777,-1.71951e-07,1425.68,204839,4.55555e-07,11.7194,11.96,12.6541,2.21263,4.16949,0.989383,2.67766,5.84076,0.311842,3.14343,7.55825,0.0972771,3.63127,9.58578,0.0303237,4.15787,12.0912,0.00945211,4.73731,15.2286,0.00294633,5.38238,19.1721,0.000918508,6.10553,24.134,0.000286163,6.91951,30.3791,8.92692e-05,7.83792,38.2397,2.78121e-05,8.87555,48.1338,8.65134e-06,10.0489,60.5876,2.7882e-06,11.3761,76.2629,8.29036e-07,12.8779,95.9927,2.4373e-07,14.5775,120.825,1e-08,16.5012,152.08,1.75749e-07,18.6784,191.415,1e-08,21.1428,240.917,1.91829e-07,23.9322,303.213,1e-08,27.0895,381.602,7.0186e-08,30.6634,480.231,1e-08,34.7087,604.316,2.40784e-07,39.2876,760.401,9.87368e-08,44.4705,956.705,1.22263e-07,50.3371,1203.54,1e-08,56.9776,1513.81,1e-08,64.494,1903.69,1e-08,73.0018,2393.4,3.9185e-07,82.6317,3008.13,1.35379e-07,93.5318,3779.25,1e-08,105.869,4745.7,2.06965e-08,119.834,5955.6,1e-08,135.641,7468.12,1e-08,153.531,9355.62,2.00739e-07,173.781,11705.8,2.28358e-07,196.701,14624.1,1e-08,222.642,18235,1e-08,252.003,22683.4,1e-08,285.234,28134,1e-08,322.845,34767,2.34258e-07,365.413,42770.9,2.99668e-07,413.588,52327.9,8.28644e-08,468.111,63591.2,1e-08,529.814,76653.2,1e-08,599.642,91502.5,1e-08,678.662,107975,2.26339e-07,768.083,125705,3.69212e-07,869.267,144088,2.04077e-07,983.76,162277,1e-08,1113.3,179223,1e-08,1259.87,193777,1e-08,1425.68,204839,4.55555e-07,6.2823,3.27286,2.43537,0.219672,6.18826,2.24117,0.56371,6.87772,2.63624,0.308279,12,12,16,1,3,1,1,5,0,2,12,0,3,13,0,3,7,0,7,32,0,1,17,0,5,45,0,5,16,0,3,37,0,14,59,0,15,88,0,15,54,0,6,73,0,11,155,0,10,34,0,11,136,0,10,368,0,31,398,0,35,189,0,20,403,0,29,390,0,46,947,0,33,316,0,63,399,0,62,425,0,137,1562,0,85,2845,0,100,3791,0,99,4573,0,125,3331,0,94,8212,0,94,4350,0,164,8135,0,106,9792,0,206,19734,0,343,23470,0,454,19171,0,296,22352,0,765,22076,0,246,47723,0,523,44705,0,469,84684,0,1050,76147,0,1111,77299,0,489,111164,0,392,186337,0,727,129573,0,1311,208700,0,2320,150243,0,768,129264,0,989,262194,0
-1.05176e+08,1,8.88811e-15,10,1023,0,1.05176e+08,0.528882,1.08665,0.389689,0.145397,0.379329,3.24381,0.161596,0.446195,1.77396,0.159177,1.15e+07,4.49998e+06,6.79999e+06,1.15e+07,4.49997e+06,6.79999e+06,1.15e+07,4.49996e+06,6.79999e+06,1.15e+07,4.49995e+06,6.79999e+06,1.14999e+07,4.49993e+06,6.79999e+06,1.14999e+07,4.49991e+06,6.79999e+06,1.14999e+07,4.49989e+06,6.79999e+06,1.14999e+07,4.49986e+06,6.79999e+06,1.14999e+07,4.49982e+06,6.79999e+06,1.14999e+07,4.49977e+06,6.79999e+06,1.14999e+07,4.49971e+06,6.79999e+06,1.14999e+07,4.49963e+06,6.79999e+06,1.14998e+07,4.49953e+06,6.79999e+06,1.14998e+07,4.49941e+06,6.79999e+06,1.14998e+07,4.49926e+06,6.79999e+06,1.14998e+07,4.49906e+06,6.79999e+06,1.14997e+07,4.49882e+06,6.79999e+06,1.14997e+07,4.49851e+06,6.79999e+06,1.14997e+07,4.49812e+06,6.79999e+06,1.14996e+07,4.49764e+06,6.79999e+06,1.14996e+07,4.49702e+06,6.79999e+06,1.14995e+07,4.49625e+06,6.79999e+06,1.14995e+07,4.49528e+06,6.79999e+06,1.14994e+07,4.49406e+06,6.79999e+06,1.14993e+07,4.49253e+06,6.79999e+06,1.14992e+07,4.49059e+06,6.79999e+06,1.14991e+07,4.48817e+06,6.79999e+06,1.1499e+07,4.48511e+06,6.79999e+06,1.14988e+07,4.48128e+06,6.79999e+06,1.14987e+07,4.47646e+06,6.79999e+06,1.14985e+07,4.47041e+06,6.79999e+06,1.14983e+07,4.46281e+06,6.79999e+06,1.14981e+07,4.4533e+06,6.79999e+06,1.14979e+07,4.44138e+06,6.79999e+06,1.14976e+07,4.42649e+06,6.79999e+06,1.14972e+07,4.40789e+06,6.79999e+06,1.14969e+07,4.38471e+06,6.79999e+06,1.14965e+07,4.35592e+06,6.79999e+06,1.1496e+07,4.32027e+06,6.79999e+06,1.14955e+07,4.27629e+06,6.79999e+06,1.14949e+07,4.22231e+06,6.79999e+06,1.14942e+07,4.15647e+06,6.79999e+06,1.14934e+07,4.07676e+06,6.79999e+06,1.14926e+07,3.98112e+06,6.79999e+06,1.14916e+07,3.86765e+06,6.79999e+06,1.14905e+07,3.73474e+06,6.79999e+06,1.14892e+07,3.58148e+06,6.79999e+06,1.14878e+07,3.40785e+06,6.79999e+06,1.14862e+07,3.21513e+06,6.79999e+06,1.14844e+07,3.00605e+06,6.79999e+06,1.14823e+07,2.7848e+06,6.79999e+06,1.148e+07,2.5568e+06,6.79999e+06,1.14773e+07,2.32825e+06,6.79999e+06,13.5742,8.52444,0.508366,16.8306,13.2585,0.162638,20.0035,17.569,0.0507846,23.2616,22.4214,0.0158319,26.7328,28.3297,0.00493498,30.5212,35.6974,0.00153831,34.7178,44.9473,0.000479527,39.4086,56.5822,0.000149456,44.6796,71.2245,4.66214e-05,50.6209,89.6543,1.45419e-05,57.3297,112.852,4.54748e-06,64.9129,142.051,1.43857e-06,73.4897,178.803,4.36618e-07,83.1934,225.062,1.40153e-07,94.1745,283.286,4.96378e-08,106.602,356.568,1.05434e-07,120.669,448.799,-6.49244e-08,136.59,564.873,1.70148e-07,154.611,710.948,-5.34594e-08,175.008,894.767,1.63407e-07,198.097,1126.06,8.04804e-08,224.231,1417.07,1.14667e-07,253.813,1783.15,-1.71227e-07,287.297,2243.62,-2.88466e-07,325.198,2822.67,-4.33651e-07,368.098,3550.67,7.9318e-08,416.657,4465.65,3.13319e-07,471.621,5615.16,3.4613e-07,533.835,7058.61,-1.19199e-07,604.255,8870.02,-2.79964e-07,683.962,11141.4,-2.30521e-07,774.182,13986.7,-2.55099e-07,876.299,17546.4,1.23585e-07,991.883,21993.1,1.41192e-07,1122.71,27536.7,-9.71886e-08,1270.78,34430.7,-3.68368e-07,1438.38,42977.7,-3.45379e-07,1628.07,53532.7,-3.25328e-09,1842.77,66504.6,2.6362e-07,2085.77,82350.2,2.53445e-07,2360.79,101560,-2.47407e-08,2672.05,124632,-3.80602e-07,3024.31,152018,-4.79005e-07,3422.98,184060,-1.14379e-07,3874.15,220884,2.64297e-07,4384.72,262283,3.44131e-07,4962.49,307576,7.5349e-08,5616.29,355497,-3.63097e-07,6356.1,404126,-6.05442e-07,7193.18,450932,-2.72333e-07,8140.28,492963,2.29675e-07,9211.79,527178,4.3387e-07,10424,550893,-1.0711e-07,10.102,8.06553,2.81012,10.6436,8.57909,0.869423,11.5336,10.2515,0.270869,12.7211,12.7138,0.0844293,14.1823,15.9373,0.0263173,15.9122,20.0383,0.0082035,17.9198,25.2154,0.00255722,20.2244,31.7373,0.000797017,22.8539,39.9486,0.000248622,25.8438,50.2851,7.75492e-05,29.237,63.2963,2.42508e-05,33.0837,79.6738,7.67162e-06,37.4415,100.288,2.32837e-06,42.3767,126.236,7.33e-07,47.9646,158.896,2.79256e-07,54.2906,200.003,9.87351e-09,61.452,251.741,1.61085e-07,69.5585,316.859,-2.47141e-07,78.7347,398.812,8.93552e-08,89.1218,501.948,-2.53231e-07,100.879,631.736,-1.25047e-07,114.188,795.049,-1.78808e-07,129.252,1000.53,2.6733e-07,146.304,1259.03,4.50292e-07,165.605,1584.19,6.76904e-07,187.452,1993.12,-1.23808e-07,212.181,2507.27,-4.89068e-07,240.173,3153.54,-5.40284e-07,271.856,3965.56,1.86061e-07,307.719,4985.38,4.37004e-07,348.313,6265.4,3.59828e-07,394.26,7870.83,3.98192e-07,446.268,9882.51,-1.92908e-07,505.135,12400.3,-2.20392e-07,571.766,15546.9,1.51705e-07,647.184,19472.2,5.74996e-07,732.547,24357.4,5.39112e-07,829.167,30420,5.07815e-09,938.526,37916.3,-4.11492e-07,1062.3,47143.9,-3.9561e-07,1202.4,58439.2,3.86185e-08,1360.96,72169.3,5.94093e-07,1540.42,88715.8,7.47693e-07,1743.53,108445,1.78537e-07,1973.41,131665,-4.12549e-07,2233.57,158557,-5.37164e-07,2528,189103,-1.17615e-07,2861.2,222986,5.66769e-07,3238.27,259510,9.45053e-07,3664.97,297540,4.25093e-07,4147.81,335497,-3.58506e-07,4694.17,371444,-6.7724e-07,5312.37,403256,1.67192e-07,1.61744,3.89446,9.84394,3.28846,7.5504,12.774,5.07607,11.7187,13.6844,7.03202,16.8147,13.9681,9.20215,23.1769,14.0566,11.6301,31.1672,14.0841,14.3598,41.2186,14.0927,17.4376,53.8688,14.0954,20.9137,69.7915,14.0962,24.8432,89.8341,14.0965,29.2879,115.063,14.0966,34.3168,146.819,14.0966,40.0078,186.792,14.0966,46.4487,237.107,14.0966,53.7388,300.44,14.0966,61.9903,380.158,14.0966,71.3301,480.499,14.0966,81.902,606.796,14.0966,93.8685,765.761,14.0966,107.414,965.837,14.0966,122.746,1217.65,14.0966,140.101,1534.57,14.0966,159.745,1933.41,14.0966,181.981,2435.3,14.0966,207.15,3066.85,14.0966,235.64,3861.46,14.0966,267.889,4861.11,14.0966,304.391,6118.54,14.0966,345.709,7699.91,14.0966,392.478,9688.22,14.0966,445.417,12187.5,14.0966,505.339,15327.7,14.0966,573.165,19271.6,14.0966,649.938,24222,14.0966,736.839,30430.9,14.0966,835.202,38211.5,14.0966,946.539,47950.3,14.0966,1072.56,60122.8,14.0966,1215.21,75309.9,14.0966,1376.66,94216.2,14.0966,1559.41,117688,14.0966,1766.26,146729,14.0966,2000.39,182510,14.0966,2265.39,226372,14.0966,2565.33,279806,14.0966,2904.81,344416,14.0966,3289.05,421845,14.0966,3723.93,513667,14.0966,4216.13,621231,14.0966,4773.18,745478,14.0966,5403.64,886744,14.0966,6117.15,1.04457e+06,14.0966,6924.63,1.2176e+06,14.0966,11.7194,11.96,12.6541,13.9321,16.1295,13.6434,16.6097,21.9702,13.9553,19.7532,29.5285,14.0526,23.3844,39.1143,14.0829,27.5423,51.2054,14.0923,32.2796,66.434,14.0953,37.662,85.6061,14.0962,43.7675,109.74,14.0965,50.687,140.119,14.0966,58.5249,178.359,14.0966,67.4005,226.493,14.0966,77.4493,287.08,14.0966,88.8254,363.343,14.0966,101.703,459.336,14.0966,116.281,580.161,14.0966,132.782,732.241,14.0966,151.46,923.655,14.0966,172.603,1164.57,14.0966,196.535,1467.79,14.0966,223.625,1849.39,14.0966,254.288,2329.62,14.0966,288.997,2933.93,14.0966,328.285,3694.33,14.0966,372.755,4651.04,14.0966,423.092,5854.57,14.0966,480.07,7368.38,14.0966,544.564,9272.08,14.0966,617.566,11665.5,14.0966,700.197,14673.6,14.0966,793.729,18452.9,14.0966,899.599,23198.6,14.0966,1019.43,29154.1,14.0966,1155.07,36622.3,14.0966,1308.6,45977.9,14.0966,1482.39,57683.7,14.0966,1679.09,72307.8,14.0966,1901.73,90542.8,14.0966,2153.73,113226,14.0966,2438.97,141360,14.0966,2761.81,176127,14.0966,3127.22,218898,14.0966,3540.81,271226,14.0966,4008.92,334817,14.0966,4538.74,411470,14.0966,5138.38,502973,14.0966,5817.04,610948,14.0966,6585.12,736653,14.0966,7454.39,880741,14.0966,8438.15,1.04302e+06,14.0966,9551.45,1.22224e+06,14.0966,10811.3,1.41602e+06,14.0966,12237,1.62086e+06,14.0966,11.7194,11.96,12.6541,2.21263,4.16949,0.989383,2.67766,5.84076,0.311842,3.14343,7.55825,0.0972771,3.63127,9.58578,0.0303237,4.15787,12.0912,0.00945211,4.73731,15.2286,0.00294633,5.38238,19.1721,0.000918508,6.10553,24.134,0.000286163,6.91951,30.3791,8.92692e-05,7.83792,38.2397,2.78121e-05,8.87555,48.1338,8.65134e-06,10.0489,60.5876,2.7882e-06,11.3761,76.2629,8.29036e-07,12.8779,95.9927,2.4373e-07,14.5775,120.825,4.33068e-09,16.5012,152.08,1.75749e-07,18.6784,191.415,-1.86328e-07,21.1428,240.917,1.91829e-07,23.9322,303.213,-1.81475e-07,27.0895,381.602,7.0186e-08,30.6634,480.231,-2.86769e-08,34.7087,604.316,2.40784e-07,39.2876,760.401,9.87368e-08,44.4705,956.705,1.22263e-07,50.3371,1203.54,-4.31966e-07,56.9776,1513.81,-1.9705e-07,64.494,1903.69,-2.763e-08,73.0018,2393.4,3.9185e-07,82.6317,3008.13,1.35379e-07,93.5318,3779.25,-4.16351e-08,105.869,4745.7,2.06965e-08,119.834,5955.6,-3.18887e-07,135.641,7468.12,-1.48271e-08,153.531,9355.62,2.00739e-07,173.781,11705.8,2.28358e-07,196.701,14624.1,-1.93587e-08,222.642,18235,-2.88101e-07,252.003,22683.4,-2.24732e-07,285.234,28134,8.56806e-09,322.845,34767,2.34258e-07,365.413,42770.9,2.99668e-07,413.588,52327.9,8.28644e-08,468.111,63591.2,-3.07049e-07,529.814,76653.2,-3.1888e-07,599.642,91502.5,-6.72276e-08,678.662,107975,2.26339e-07,768.083,125705,3.69212e-07,869.267,144088,2.04077e-07,983.76,162277,-2.80509e-07,1113.3,179223,-4.22737e-07,1259.87,193777,-1.71951e-07,1425.68,204839,4.55555e-07,11.7194,11.96,12.6541,2.21263,4.16949,0.989383,2.67766,5.84076,0.311842,3.14343,7.55825,0.0972771,3.63127,9.58578,0.0303237,4.15787,12.0912,0.00945211,4.73731,15.2286,0.00294633,5.38238,19.1721,0.000918508,6.10553,24.134,0.000286163,6.91951,30.3791,8.92692e-05,7.83792,38.2397,2.78121e-05,8.87555,48.1338,8.65134e-06,10.0489,60.5876,2.7882e-06,11.3761,76.2629,8.29036e-07,12.8779,95.9927,2.4373e-07,14.5775,120.825,1e-08,16.5012,152.08,1.75749e-07,18.6784,191.415,1e-08,21.1428,240.917,1.91829e-07,23.9322,303.213,1e-08,27.0895,381.602,7.0186e-08,30.6634,480.231,1e-08,34.7087,604.316,2.40784e-07,39.2876,760.401,9.87368e-08,44.4705,956.705,1.22263e-07,50.3371,1203.54,1e-08,56.9776,1513.81,1e-08,64.494,1903.69,1e-08,73.0018,2393.4,3.9185e-07,82.6317,3008.13,1.35379e-07,93.5318,3779.25,1e-08,105.869,4745.7,2.06965e-08,119.834,5955.6,1e-08,135.641,7468.12,1e-08,153.531,9355.62,2.00739e-07,173.781,11705.8,2.28358e-07,196.701,14624.1,1e-08,222.642,18235,1e-08,252.003,22683.4,1e-08,285.234,28134,1e-08,322.845,34767,2.34258e-07,365.413,42770.9,2.99668e-07,413.588,52327.9,8.28644e-08,468.111,63591.2,1e-08,529.814,76653.2,1e-08,599.642,91502.5,1e-08,678.662,107975,2.26339e-07,768.083,125705,3.69212e-07,869.267,144088,2.04077e-07,983.76,162277,1e-08,1113.3,179223,1e-08,1259.87,193777,1e-08,1425.68,204839,4.55555e-07,6.2823,3.27286,2.43537,0.219672,6.18826,2.24117,0.56371,6.87772,2.63624,0.308279,2,9,9,1,2,2,1,4,2,1,10,0,4,6,0,4,12,0,4,19,0,7,9,0,7,36,0,8,28,0,4,15,0,6,52,0,11,56,0,4,76,0,4,84,0,9,92,0,15,129,0,13,261,0,13,211,0,31,288,0,28,194,0,31,479,0,73,594,0,47,1096,0,40,1381,0,55,956,0,46,2049,0,61,2338,0,39,2755,0,41,3593,0,152,3430,0,122,6751,0,142,2065,0,95,7889,0,79,9109,0,63,9423,0,232,7141,0,101,17947,0,226,36799,0,213,69925,0,244,44761,0,168,39100,0,363,70907,0,482,75668,0,398,59706,0,520,53911,0,705,161781,0,811,143066,0,729,101253,0,999,198582,0,2161,285779,0,1567,221413,0,988,348499,0
-1.05176e+08,1,8.88811e-15,10,1023,0,1.05176e+08,0.528882,1.08665,0.389689,0.145397,0.379329,3.24381,0.161596,0.446195,1.77396,0.159177,1.15e+07,4.49998e+06,6.79999e+06,1.15e+07,4.49997e+06,6.79999e+06,1.15e+07,4.49996e+06,6.79999e+06,1.15e+07,4.49995e+06,6.79999e+06,1.14999e+07,4.49993e+06,6.79999e+06,1.14999e+07,4.49991e+06,6.79999e+06,1.14999e+07,4.49989e+06,6.79999e+06,1.14999e+07,4.49986e+06,6.79999e+06,1.14999e+07,4.49982e+06,6.79999e+06,1.14999e+07,4.49977e+06,6.79999e+06,1.14999e+07,4.49971e+06,6.79999e+06,1.14999e+07,4.49963e+06,6.79999e+06,1.14998e+07,4.49953e+06,6.79999e+06,1.14998e+07,4.49941e+06,6.79999e+06,1.14998e+07,4.49926e+06,6.79999e+06,1.14998e+07,4.49906e+06,6.79999e+06,1.14997e+07,4.49882e+06,6.79999e+06,1.14997e+07,4.49851e+06,6.79999e+06,1.14997e+07,4.49812e+06,6.79999e+06,1.14996e+07,4.49764e+06,6.79999e+06,1.14996e+07,4.49702e+06,6.79999e+06,1.14995e+07,4.49625e+06,6.79999e+06,1.14995e+07,4.49528e+06,6.79999e+06,1.14994e+07,4.49406e+06,6.79999e+06,1.14993e+07,4.49253e+06,6.79999e+06,1.14992e+07,4.49059e+06,6.79999e+06,1.14991e+07,4.48817e+06,6.79999e+06,1.1499e+07,4.48511e+06,6.79999e+06,1.14988e+07,4.48128e+06,6.79999e+06,1.14987e+07,4.47646e+06,6.79999e+06,1.14985e+07,4.47041e+06,6.79999e+06,1.14983e+07,4.46281e+06,6.79999e+06,1.14981e+07,4.4533e+06,6.79999e+06,1.14979e+07,4.44138e+06,6.79999e+06,1.14976e+07,4.42649e+06,6.79999e+06,1.14972e+07,4.40789e+06,6.79999e+06,1.14969e+07,4.38471e+06,6.79999e+06,1.14965e+07,4.35592e+06,6.79999e+06,1.1496e+07,4.32027e+06,6.79999e+06,1.14955e+07,4.27629e+06,6.79999e+06,1.14949e+07,4.22231e+06,6.79999e+06,1.14942e+07,4.15647e+06,6.79999e+06,1.14934e+07,4.07676e+06,6.79999e+06,1.14926e+07,3.98112e+06,6.79999e+06,1.14916e+07,3.86765e+06,6.79999e+06,1.14905e+07,3.73474e+06,6.79999e+06,1.14892e+07,3.58148e+06,6.79999e+06,1.14878e+07,3.40785e+06,6.79999e+06,1.14862e+07,3.21513e+06,6.79999e+06,1.14844e+07,3.00605e+06,6.79999e+06,1.14823e+07,2.7848e+06,6.79999e+06,1.148e+07,2.5568e+06,6.79999e+06,1.14773e+07,2.32825e+06,6.79999e+06,13.5742,8.52444,0.508366,16.8306,13.2585,0.162638,20.0035,17.569,0.0507846,23.2616,22.4214,0.0158319,26.7328,28.3297,0.00493498,30.5212,35.6974,0.00153831,34.7178,44.9473,0.000479527,39.4086,56.5822,0.000149456,44.6796,71.2245,4.66214e-05,50.6209,89.6543,1.45419e-05,57.3297,112.852,4.54748e-06,64.9129,142.051,1.43857e-06,73.4897,178.803,4.36618e-07,83.1934,225.062,1.40153e-07,94.1745,283.286,4.96378e-08,106.602,356.568,1.05434e-07,120.669,448.799,-6.49244e-08,136.59,564.873,1.70148e-07,154.611,710.948,-5.34594e-08,175.008,894.767,1.63407e-07,198.097,1126.06,8.04804e-08,224.231,1417.07,1.14667e-07,253.813,1783.15,-1.71227e-07,287.297,2243.62,-2.88466e-07,325.198,2822.67,-4.33651e-07,368.098,3550.67,7.9318e-08,416.657,4465.65,3.13319e-07,471.621,5615.16,3.4613e-07,533.835,7058.61,-1.19199e-07,604.255,8870.02,-2.79964e-07,683.962,11141.4,-2.30521e-07,774.182,13986.7,-2.55099e-07,876.299,17546.4,1.23585e-07,991.883,21993.1,1.41192e-07,1122.71,27536.7,-9.71886e-08,1270.78,34430.7,-3.68368e-07,1438.38,42977.7,-3.45379e-07,1628.07,53532.7,-3.25328e-09,1842.77,66504.6,2.6362e-07,2085.77,82350.2,2.53445e-07,2360.79,101560,-2.47407e-08,2672.05,124632,-3.80602e-07,3024.31,152018,-4.79005e-07,3422.98,184060,-1.14379e-07,3874.15,220884,2.64297e-07,4384.72,262283,3.44131e-07,4962.49,307576,7.5349e-08,5616.29,355497,-3.63097e-07,6356.1,404126,-6.05442e-07,7193.18,450932,-2.72333e-07,8140.28,492963,2.29675e-07,9211.79,527178,4.3387e-07,10424,550893,-1.0711e-07,10.102,8.06553,2.81012,10.6436,8.57909,0.869423,11.5336,10.2515,0.270869,12.7211,12.7138,0.0844293,14.1823,15.9373,0.0263173,15.9122,20.0383,0.0082035,17.9198,25.2154,0.00255722,20.2244,31.7373,0.000797017,22.8539,39.9486,0.000248622,25.8438,50.2851,7.75492e-05,29.237,63.2963,2.42508e-05,33.0837,79.6738,7.67162e-06,37.4415,100.288,2.32837e-06,42.3767,126.236,7.33e-07,47.9646,158.896,2.79256e-07,54.2906,200.003,9.87351e-09,61.452,251.741,1.61085e-07,69.5585,316.859,-2.47141e-07,78.7347,398.812,8.93552e-08,89.1218,501.948,-2.53231e-07,100.879,631.736,-1.25047e-07,114.188,795.049,-1.78808e-07,129.252,1000.53,2.6733e-07,146.304,1259.03,4.50292e-07,165.605,1584.19,6.76904e-07,187.452,1993.12,-1.23808e-07,212.181,2507.27,-4.89068e-07,240.173,3153.54,-5.40284e-07,271.856,3965.56,1.86061e-07,307.719,4985.38,4.37004e-07,348.313,6265.4,3.59828e-07,394.26,7870.83,3.98192e-07,446.268,9882.51,-1.92908e-07,505.135,12400.3,-2.20392e-07,571.766,15546.9,1.51705e-07,647.184,19472.2,5.74996e-07,732.547,24357.4,5.39112e-07,829.167,30420,5.07815e-09,938.526,37916.3,-4.11492e-07,1062.3,47143.9,-3.9561e-07,1202.4,58439.2,3.86185e-08,1360.96,72169.3,5.94093e-07,1540.42,88715.8,7.47693e-07,1743.53,108445,1.78537e-07,1973.41,131665,-4.12549e-07,2233.57,158557,-5.37164e-07,2528,189103,-1.17615e-07,2861.2,222986,5.66769e-07,3238.27,259510,9.45053e-07,3664.97,297540,4.25093e-07,4147.81,335497,-3.58506e-07,4694.17,371444,-6.7724e-07,5312.37,403256,1.67192e-07,1.61744,3.89446,9.84394,3.28846,7.5504,12.774,5.07607,11.7187,13.6844,7.03202,16.8147,13.9681,9.20215,23.1769,14.0566,11.6301,31.1672,14.0841,14.3598,41.2186,14.0927,17.4376,53.8688,14.0954,20.9137,69.7915,14.0962,24.8432,89.8341,14.0965,29.2879,115.063,14.0966,34.3168,146.819,14.0966,40.0078,186.792,14.0966,46.4487,237.107,14.0966,53.7388,300.44,14.0966,61.9903,380.158,14.0966,71.3301,480.499,14.0966,81.902,606.796,14.0966,93.8685,765.761,14.0966,107.414,965.837,14.0966,122.746,1217.65,14.0966,140.101,1534.57,14.0966,159.745,1933.41,14.0966,181.981,2435.3,14.0966,207.15,3066.85,14.0966,235.64,3861.46,14.0966,267.889,4861.11,14.0966,304.391,6118.54,14.0966,345.709,7699.91,14.0966,392.478,9688.22,14.0966,445.417,12187.5,14.0966,505.339,15327.7,14.0966,573.165,19271.6,14.0966,649.938,24222,14.0966,736.839,30430.9,14.0966,835.202,38211.5,14.0966,946.539,47950.3,14.0966,1072.56,60122.8,14.0966,1215.21,75309.9,14.0966,1376.66,94216.2,14.0966,1559.41,117688,14.0966,1766.26,146729,14.0966,2000.39,182510,14.0966,2265.39,226372,14.0966,2565.33,279806,14.0966,2904.81,344416,14.0966,3289.05,421845,14.0966,3723.93,513667,14.0966,4216.13,621231,14.0966,4773.18,745478,14.0966,5403.64,886744,14.0966,6117.15,1.04457e+06,14.0966,6924.63,1.2176e+06,14.0966,11.7194,11.96,12.6541,13.9321,16.1295,13.6434,16.6097,21.9702,13.9553,19.7532,29.5285,14.0526,23.3844,39.1143,14.0829,27.5423,51.2054,14.0923,32.2796,66.434,14.0953,37.662,85.6061,14.0962,43.7675,109.74,14.0965,50.687,140.119,14.0966,58.5249,178.359,14.0966,67.4005,226.493,14.0966,77.4493,287.08,14.0966,88.8254,363.343,14.0966,101.703,459.336,14.0966,116.281,580.161,14.0966,132.782,732.241,14.0966,151.46,923.655,14.0966,172.603,1164.57,14.0966,196.535,1467.79,14.0966,223.625,1849.39,14.0966,254.288,2329.62,14.0966,288.997,2933.93,14.0966,328.285,3694.33,14.0966,372.755,4651.04,14.0966,423.092,5854.57,14.0966,480.07,7368.38,14.0966,544.564,9272.08,14.0966,617.566,11665.5,14.0966,700.197,14673.6,14.0966,793.729,18452.9,14.0966,899.599,23198.6,14.0966,1019.43,29154.1,14.0966,1155.07,36622.3,14.0966,1308.6,45977.9,14.0966,1482.39,57683.7,14.0966,1679.09,72307.8,14.0966,1901.73,90542.8,14.0966,2153.73,113226,14.0966,2438.97,141360,14.0966,2761.81,176127,14.0966,3127.22,218898,14.0966,3540.81,271226,14.0966,4008.92,334817,14.0966,4538.74,411470,14.0966,5138.38,502973,14.0966,5817.04,610948,14.0966,6585.12,736653,14.0966,7454.39,880741,14.0966,8438.15,1.04302e+06,14.0966,9551.45,1.22224e+06,14.0966,10811.3,1.41602e+06,14.0966,12237,1.62086e+06,14.0966,11.7194,11.96,12.6541,2.21263,4.16949,0.989383,2.67766,5.84076,0.311842,3.14343,7.55825,0.0972771,3.63127,9.58578,0.0303237,4.15787,12.0912,0.00945211,4.73731,15.2286,0.00294633,5.38238,19.1721,0.000918508,6.10553,24.134,0.000286163,6.91951,30.3791,8.92692e-05,7.83792,38.2397,2.78121e-05,8.87555,48.1338,8.65134e-06,10.0489,60.5876,2.7882e-06,11.3761,76.2629,8.29036e-07,12.8779,95.9927,2.4373e-07,14.5775,120.825,4.33068e-09,16.5012,152.08,1.75749e-07,18.6784,191.415,-1.86328e-07,21.1428,240.917,1.91829e-07,23.9322,303.213,-1.81475e-07,27.0895,381.602,7.0186e-08,30.6634,480.231,-2.86769e-08,34.7087,604.316,2.40784e-07,39.2876,760.401,9.87368e-08,44.4705,956.705,1.22263e-07,50.3371,1203.54,-4.31966e-07,56.9776,1513.81,-1.9705e-07,64.494,1903.69,-2.763e-08,73.0018,2393.4,3.9185e-07,82.6317,3008.13,1.35379e-07,93.5318,3779.25,-4.16351e-08,105.869,4745.7,2.06965e-08,119.834,5955.6,-3.18887e-07,135.641,7468.12,-1.48271e-08,153.531,9355.62,2.00739e-07,173.781,11705.8,2.28358e-07,196.701,14624.1,-1.93587e-08,222.642,18235,-2.88101e-07,252.003,22683.4,-2.24732e-07,285.234,28134,8.56806e-09,322.845,34767,2.34258e-07,365.413,42770.9,2.99668e-07,413.588,52327.9,8.28644e-08,468.111,63591.2,-3.07049e-07,529.814,76653.2,-3.1888e-07,599.642,91502.5,-6.72276e-08,678.662,107975,2.26339e-07,768.083,125705,3.69212e-07,869.267,144088,2.04077e-07,983.76,162277,-2.80509e-07,1113.3,179223,-4.22737e-07,1259.87,193777,-1.71951e-07,1425.68,204839,4.55555e-07,11.7194,11.96,12.6541,2.21263,4.16949,0.989383,2.67766,5.84076,0.311842,3.14343,7.55825,0.0972771,3.63127,9.58578,0.0303237,4.15787,12.0912,0.00945211,4.73731,15.2286,0.00294633,5.38238,19.1721,0.000918508,6.10553,24.134,0.000286163,6.91951,30.3791,8.92692e-05,7.83792,38.2397,2.78121e-05,8.87555,48.1338,8.65134e-06,10.0489,60.5876,2.7882e-06,11.3761,76.2629,8.29036e-07,12.8779,95.9927,2.4373e-07,14.5775,120.825,1e-08,16.5012,152.08,1.75749e-07,18.6784,191.415,1e-08,21.1428,240.917,1.91829e-07,23.9322,303.213,1e-08,27.0895,381.602,7.0186e-08,30.6634,480.231,1e-08,34.7087,604.316,2.40784e-07,39.2876,760.401,9.87368e-08,44.4705,956.705,1.22263e-07,50.3371,1203.54,1e-08,56.9776,1513.81,1e-08,64.494,1903.69,1e-08,73.0018,2393.4,3.9185e-07,82.6317,3008.13,1.35379e-07,93.5318,3779.25,1e-08,105.869,4745.7,2.06965e-08,119.834,5955.6,1e-08,135.641,7468.12,1e-08,153.531,9355.62,2.00739e-07,173.781,11705.8,2.28358e-07,196.701,14624.1,1e-08,222.642,18235,1e-08,252.003,22683.4,1e-08,285.234,28134,1e-08,322.845,34767,2.34258e-07,365.413,42770.9,2.99668e-07,413.588,52327.9,8.28644e-08,468.111,63591.2,1e-08,529.814,76653.2,1e-08,599.642,91502.5,1e-08,678.662,107975,2.26339e-07,768.083,125705,3.69212e-07,869.267,144088,2.04077e-07,983.76,162277,1e-08,1113.3,179223,1e-08,1259.87,193777,1e-08,1425.68,204839,4.55555e-07,6.2823,3.27286,2.43537,0.219672,6.18826,2.24117,0.56371,6.87772,2.63624,0.308279,12,4,5,3,4,0,2,11,0,4,3,0,5,3,1,1,7,0,7,20,0,1,20,0,8,21,0,4,23,0,13,33,0,5,70,0,8,49,0,7,45,0,15,143,0,17,74,0,14,118,0,13,97,0,48,203,0,11,200,0,26,526,0,12,283,0,24,835,0,25,475,0,25,863,0,46,671,0,65,1628,0,57,1497,0,79,3457,0,75,3514,0,88,4321,0,101,3626,0,76,8057,0,78,14081,0,164,5387,0,79,16060,0,319,16033,0,148,33453,0,201,26449,0,209,39187,0,260,49650,0,193,28761,0,333,54790,0,258,90189,0,317,52878,0,555,64702,0,437,144935,0,1287,109751,0,630,142288,0,653,215778,0,736,180965,0,1739,159150,0,1159,212927,0
-1.05176e+08,1,8.88811e-15,10,1023,0,1.05176e+08,0.528882,1.08665,0.389689,0.145397,0.379329,3.24381,0.161596,0.446195,1.77396,0.159177,1.15e+07,4.49998e+06,6.79999e+06,1.15e+07,4.49997e+06,6.79999e+06,1.15e+07,4.49996e+06,6.79999e+06,1.15e+07,4.49995e+06,6.79999e+06,1.14999e+07,4.49993e+06,6.79999e+06,1.14999e+07,4.49991e+06,6.79999e+06,1.14999e+07,4.49989e+06,6.79999e+06,1.14999e+07,4.49986e+06,6.79999e+06,1.14999e+07,4.49982e+06,6.79999e+06,1.14999e+07,4.49977e+06,6.79999e+06,1.14999e+07,4.49971e+06,6.79999e+06,1.14999e+07,4.49963e+06,6.79999e+06,1.14998e+07,4.49953e+06,6.79999e+06,1.14998e+07,4.49941e+06,6.79999e+06,1.14998e+07,4.49926e+06,6.79999e+06,1.14998e+07,4.49906e+06,6.79999e+06,1.14997e+07,4.49882e+06,6.79999e+06,1.14997e+07,4.49851e+06,6.79999e+06,1.14997e+07,4.49812e+06,6.79999e+06,1.14996e+07,4.49764e+06,6.79999e+06,1.14996e+07,4.49702e+06,6.79999e+06,1.14995e+07,4.49625e+06,6.79999e+06,1.14995e+07,4.49528e+06,6.79999e+06,1.14994e+07,4.49406e+06,6.79999e+06,1.14993e+07,4.49253e+06,6.79999e+06,1.14992e+07,4.49059e+06,6.79999e+06,1.14991e+07,4.48817e+06,6.79999e+06,1.1499e+07,4.48511e+06,6.79999e+06,1.14988e+07,4.48128e+06,6.79999e+06,1.14987e+07,4.47646e+06,6.79999e+06,1.14985e+07,4.47041e+06,6.79999e+06,1.14983e+07,4.46281e+06,6.79999e+06,1.14981e+07,4.4533e+06,6.79999e+06,1.14979e+07,4.44138e+06,6.79999e+06,1.14976e+07,4.42649e+06,6.79999e+06,1.14972e+07,4.40789e+06,6.79999e+06,1.14969e+07,4.38471e+06,6.79999e+06,1.14965e+07,4.35592e+06,6.79999e+06,1.1496e+07,4.32027e+06,6.79999e+06,1.14955e+07,4.27629e+06,6.79999e+06,1.14949e+07,4.22231e+06,6.79999e+06,1.14942e+07,4.15647e+06,6.79999e+06,1.14934e+07,4.07676e+06,6.79999e+06,1.14926e+07,3.98112e+06,6.79999e+06,1.14916e+07,3.86765e+06,6.79999e+06,1.14905e+07,3.73474e+06,6.79999e+06,1.14892e+07,3.58148e+06,6.79999e+06,1.14878e+07,3.40785e+06,6.79999e+06,1.14862e+07,3.21513e+06,6.79999e+06,1.14844e+07,3.00605e+06,6.79999e+06,1.14823e+07,2.7848e+06,6.79999e+06,1.148e+07,2.5568e+06,6.79999e+06,1.14773e+07,2.32825e+06,6.79999e+06,13.5742,8.52444,0.508366,16.8306,13.2585,0.162638,20.0035,17.569,0.0507846,23.2616,22.4214,0.0158319,26.7328,28.3297,0.00493498,30.5212,35.6974,0.00153831,34.7178,44.9473,0.000479527,39.4086,56.5822,0.000149456,44.6796,71.2245,4.66214e-05,50.6209,89.6543,1.45419e-05,57.3297,112.852,4.54748e-06,64.9129,142.051,1.43857e-06,73.4897,178.803,4.36618e-07,83.1934,225.062,1.40153e-07,94.1745,283.286,4.96378e-08,106.602,356.568,1.05434e-07,120.669,448.799,-6.49244e-08,136.59,564.873,1.70148e-07,154.611,710.948,-5.34594e-08,175.008,894.767,1.63407e-07,198.097,1126.06,8.04804e-08,224.231,1417.07,1.14667e-07,253.813,1783.15,-1.71227e-07,287.297,2243.62,-2.88466e-07,325.198,2822.67,-4.33651e-07,368.098,3550.67,7.9318e-08,416.657,4465.65,3.13319e-07,471.621,5615.16,3.4613e-07,533.835,7058.61,-1.19199e-07,604.255,8870.02,-2.79964e-07,683.962,11141.4,-2.30521e-07,774.182,13986.7,-2.55099e-07,876.299,17546.4,1.23585e-07,991.883,21993.1,1.41192e-07,1122.71,27536.7,-9.71886e-08,1270.78,34430.7,-3.68368e-07,1438.38,42977.7,-3.45379e-07,1628.07,53532.7,-3.25328e-09,1842.77,66504.6,2.6362e-07,2085.77,82350.2,2.53445e-07,2360.79,101560,-2.47407e-08,2672.05,124632,-3.80602e-07,3024.31,152018,-4.79005e-07,3422.98,184060,-1.14379e-07,3874.15,220884,2.64297e-07,4384.72,262283,3.44131e-07,4962.49,307576,7.5349e-08,5616.29,355497,-3.63097e-07,6356.1,404126,-6.05442e-07,7193.18,450932,-2.72333e-07,8140.28,492963,2.29675e-07,9211.79,527178,4.3387e-07,10424,550893,-1.0711e-07,10.102,8.06553,2.81012,10.6436,8.57909,0.869423,11.5336,10.2515,0.270869,12.7211,12.7138,0.0844293,14.1823,15.9373,0.0263173,15.9122,20.0383,0.0082035,17.9198,25.2154,0.00255722,20.2244,31.7373,0.000797017,22.8539,39.9486,0.000248622,25.8438,50.2851,7.75492e-05,29.237,63.2963,2.42508e-05,33.0837,79.6738,7.67162e-06,37.4415,100.288,2.32837e-06,42.3767,126.236,7.33e-07,47.9646,158.896,2.79256e-07,54.2906,200.003,9.87351e-09,61.452,251.741,1.61085e-07,69.5585,316.859,-2.47141e-07,78.7347,398.812,8.93552e-08,89.1218,501.948,-2.53231e-07,100.879,631.736,-1.25047e-07,114.188,795.049,-1.78808e-07,129.252,1000.53,2.6733e-07,146.304,1259.03,4.50292e-07,165.605,1584.19,6.76904e-07,187.452,1993.12,-1.23808e-07,212.181,2507.27,-4.89068e-07,240.173,3153.54,-5.40284e-07,271.856,3965.56,1.86061e-07,307.719,4985.38,4.37004e-07,348.313,6265.4,3.59828e-07,394.26,7870.83,3.98192e-07,446.268,9882.51,-1.92908e-07,505.135,12400.3,-2.20392e-07,571.766,15546.9,1.51705e-07,647.184,19472.2,5.74996e-07,732.547,24357.4,5.39112e-07,829.167,30420,5.07815e-09,938.526,37916.3,-4.11492e-07,1062.3,47143.9,-3.9561e-07,1202.4,58439.2,3.86185e-08,1360.96,72169.3,5.94093e-07,1540.42,88715.8,7.47693e-07,1743.53,108445,1.78537e-07,1973.41,131665,-4.12549e-07,2233.57,158557,-5.37164e-07,2528,189103,-1.17615e-07,2861.2,222986,5.66769e-07,3238.27,259510,9.45053e-07,3664.97,297540,4.25093e-07,4147.81,335497,-3.58506e-07,4694.17,371444,-6.7724e-07,5312.37,403256,1.67192e-07,1.61744,3.89446,9.84394,3.28846,7.5504,12.774,5.07607,11.7187,13.6844,7.03202,16.8147,13.9681,9.20215,23.1769,14.0566,11.6301,31.1672,14.0841,14.3598,41.2186,14.0927,17.4376,53.8688,14.0954,20.9137,69.7915,14.0962,24.8432,89.8341,14.0965,29.2879,115.063,14.0966,34.3168,146.819,14.0966,40.0078,186.792,14.0966,46.4487,237.107,14.0966,53.7388,300.44,14.0966,61.9903,380.158,14.0966,71.3301,480.499,14.0966,81.902,606.796,14.0966,93.8685,765.761,14.0966,107.414,965.837,14.0966,122.746,1217.65,14.0966,140.101,1534.57,14.0966,159.745,1933.41,14.0966,181.981,2435.3,14.0966,207.15,3066.85,14.0966,235.64,3861.46,14.0966,267.889,4861.11,14.0966,304.391,6118.54,14.0966,345.709,7699.91,14.0966,392.478,9688.22,14.0966,445.417,12187.5,14.0966,505.339,15327.7,14.0966,573.165,19271.6,14.0966,649.938,24222,14.0966,736.839,30430.9,14.0966,835.202,38211.5,14.0966,946.539,47950.3,14.0966,1072.56,60122.8,14.0966,1215.21,75309.9,14.0966,1376.66,94216.2,14.0966,1559.41,117688,14.0966,1766.26,146729,14.0966,2000.39,182510,14.0966,2265.39,226372,14.0966,2565.33,279806,14.0966,2904.81,344416,14.0966,3289.05,421845,14.0966,3723.93,513667,14.0966,4216.13,621231,14.0966,4773.18,745478,14.0966,5403.64,886744,14.0966,6117.15,1.04457e+06,14.0966,6924.63,1.2176e+06,14.0966,11.7194,11.96,12.6541,13.9321,16.1295,13.6434,16.6097,21.9702,13.9553,19.7532,29.5285,14.0526,23.3844,39.1143,14.0829,27.5423,51.2054,14.0923,32.2796,66.434,14.0953,37.662,85.6061,14.0962,43.7675,109.74,14.0965,50.687,140.119,14.0966,58.5249,178.359,14.0966,67.4005,226.493,14.0966,77.4493,287.08,14.0966,88.8254,363.343,14.0966,101.703,459.336,14.0966,116.281,580.161,14.0966,132.782,732.241,14.0966,151.46,923.655,14.0966,172.603,1164.57,14.0966,196.535,1467.79,14.0966,223.625,1849.39,14.0966,254.288,2329.62,14.0966,288.997,2933.93,14.0966,328.285,3694.33,14.0966,372.755,4651.04,14.0966,423.092,5854.57,14.0966,480.07,7368.38,14.0966,544.564,9272.08,14.0966,617.566,11665.5,14.0966,700.197,14673.6,14.0966,793.729,18452.9,14.0966,899.599,23198.6,14.0966,1019.43,29154.1,14.0966,1155.07,36622.3,14.0966,1308.6,45977.9,14.0966,1482.39,57683.7,14.0966,1679.09,72307.8,14.0966,1901.73,90542.8,14.0966,2153.73,113226,14.0966,2438.97,141360,14.0966,2761.81,176127,14.0966,3127.22,218898,14.0966,3540.81,271226,14.0966,4008.92,334817,14.0966,4538.74,411470,14.0966,5138.38,502973,14.0966,5817.04,610948,14.0966,6585.12,736653,14.0966,7454.39,880741,14.0966,8438.15,1.04302e+06,14.0966,9551.45,1.22224e+06,14.0966,10811.3,1.41602e+06,14.0966,12237,1.62086e+06,14.0966,11.7194,11.96,12.6541,2.21263,4.16949,0.989383,2.67766,5.84076,0.311842,3.14343,7.55825,0.0972771,3.63127,9.58578,0.0303237,4.15787,12.0912,0.00945211,4.73731,15.2286,0.00294633,5.38238,19.1721,0.000918508,6.10553,24.134,0.000286163,6.91951,30.3791,8.92692e-05,7.83792,38.2397,2.78121e-05,8.87555,48.1338,8.65134e-06,10.0489,60.5876,2.7882e-06,11.3761,76.2629,8.29036e-07,12.8779,95.9927,2.4373e-07,14.5775,120.825,4.33068e-09,16.5012,152.08,1.75749e-07,18.6784,191.415,-1.86328e-07,21.1428,240.917,1.91829e-07,23.9322,303.213,-1.81475e-07,27.0895,381.602,7.0186e-08,30.6634,480.231,-2.86769e-08,34.7087,604.316,2.40784e-07,39.2876,760.401,9.87368e-08,44.4705,956.705,1.22263e-07,50.3371,1203.54,-4.31966e-07,56.9776,1513.81,-1.9705e-07,64.494,1903.69,-2.763e-08,73.0018,2393.4,3.9185e-07,82.6317,3008.13,1.35379e-07,93.5318,3779.25,-4.16351e-08,105.869,4745.7,2.06965e-08,119.834,5955.6,-3.18887e-07,135.641,7468.12,-1.48271e-08,153.531,9355.62,2.00739e-07,173.781,11705.8,2.28358e-07,196.701,14624.1,-1.93587e-08,222.642,18235,-2.88101e-07,252.003,22683.4,-2.24732e-07,285.234,28134,8.56806e-09,322.845,34767,2.34258e-07,365.413,42770.9,2.99668e-07,413.588,52327.9,8.28644e-08,468.111,63591.2,-3.07049e-07,529.814,76653.2,-3.1888e-07,599.642,91502.5,-6.72276e-08,678.662,107975,2.26339e-07,768.083,125705,3.69212e-07,869.267,144088,2.04077e-07,983.76,162277,-2.80509e-07,1113.3,179223,-4.22737e-07,1259.87,193777,-1.71951e-07,1425.68,204839,4.55555e-07,11.7194,11.96,12.6541,2.21263,4.16949,0.989383,2.67766,5.84076,0.311842,3.14343,7.55825,0.0972771,3.63127,9.58578,0.0303237,4.15787,12.0912,0.00945211,4.73731,15.2286,0.00294633,5.38238,19.1721,0.000918508,6.10553,24.134,0.000286163,6.91951,30.3791,8.92692e-05,7.83792,38.2397,2.78121e-05,8.87555,48.1338,8.65134e-06,10.0489,60.5876,2.7882e-06,11.3761,76.2629,8.29036e-07,12.8779,95.9927,2.4373e-07,14.5775,120.825,1e-08,16.5012,152.08,1.75749e-07,18.6784,191.415,1e-08,21.1428,240.917,1.91829e-07,23.9322,303.213,1e-08,27.0895,381.602,7.0186e-08,30.6634,480.231,1e-08,34.7087,604.316,2.40784e-07,39.2876,760.401,9.87368e-08,44.4705,956.705,1.22263e-07,50.3371,1203.54,1e-08,56.9776,1513.81,1e-08,64.494,1903.69,1e-08,73.0018,2393.4,3.9185e-07,82.6317,3008.13,1.35379e-07,93.5318,3779.25,1e-08,105.869,4745.7,2.06965e-08,119.834,5955.6,1e-08,135.641,7468.12,1e-08,153.531,9355.62,2.00739e-07,173.781,11705.8,2.28358e-07,196.701,14624.1,1e-08,222.642,18235,1e-08,252.003,22683.4,1e-08,285.234,28134,1e-08,322.845,34767,2.34258e-07,365.413,42770.9,2.99668e-07,413.588,52327.9,8.28644e-08,468.111,63591.2,1e-08,529.814,76653.2,1e-08,599.642,91502.5,1e-08,678.662,107975,2.26339e-07,768.083,125705,3.69212e-07,869.267,144088,2.04077e-07,983.76,162277,1e-08,1113.3,179223,1e-08,1259.87,193777,1e-08,1425.68,204839,4.55555e-07,6.2823,3.27286,2.43537,0.219672,6.18826,2.24117,0.56371,6.87772,2.63624,0.308279,12,19,10,2,2,4,4,0,2,3,6,0,4,6,0,2,16,0,5,15,0,6,27,0,2,21,0,6,12,0,4,60,0,14,35,0,4,37,0,6,58,0,20,101,0,8,168,0,18,76,0,43,341,0,14,263,0,28,173,0,22,291,0,12,435,0,31,751,0,40,849,0,30,1567,0,61,1180,0,89,1270,0,25,2696,0,58,1703,0,25,2559,0,116,2565,0,96,1513,0,226,7336,0,147,6704,0,181,6147,0,222,10946,0,159,7078,0,76,20847,0,144,9478,0,226,7117,0,209,17644,0,253,50525,0,249,65698,0,365,76871,0,729,99020,0,330,56585,0,452,111751,0,707,116046,0,588,110921,0,1354,138855,0,784,179439,0,1493,170647,0,1924,258390,0
-1.05176e+08,1,8.88811e-15,10,1023,0,1.05176e+08,0.528882,1.08665,0.389689,0.145397,0.379329,3.24381,0.161596,0.446195,1.77396,0.159177,1.15e+07,4.49998e+06,6.79999e+06,1.15e+07,4.49997e+06,6.79999e+06,1.15e+07,4.49996e+06,6.79999e+06,1.15e+07,4.49995e+06,6.79999e+06,1.14999e+07,4.49993e+06,6.79999e+06,1.14999e+07,4.49991e+06,6.79999e+06,1.14999e+07,4.49989e+06,6.79999e+06,1.14999e+07,4.49986e+06,6.79999e+06,1.14999e+07,4.49982e+06,6.79999e+06,1.14999e+07,4.49977e+06,6.79999e+06,1.14999e+07,4.49971e+06,6.79999e+06,1.14999e+07,4.49963e+06,6.79999e+06,1.14998e+07,4.49953e+06,6.79999e+06,1.14998e+07,4.49941e+06,6.79999e+06,1.14998e+07,4.49926e+06,6.79999e+06,1.14998e+07,4.49906e+06,6.79999e+06,1.14997e+07,4.49882e+06,6.79999e+06,1.14997e+07,4.49851e+06,6.79999e+06,1.14997e+07,4.49812e+06,6.79999e+06,1.14996e+07,4.49764e+06,6.79999e+06,1.14996e+07,4.49702e+06,6.79999e+06,1.14995e+07,4.49625e+06,6.79999e+06,1.14995e+07,4.49528e+06,6.79999e+06,1.14994e+07,4.49406e+06,6.79999e+06,1.14993e+07,4.49253e+06,6.79999e+06,1.14992e+07,4.49059e+06,6.79999e+06,1.14991e+07,4.48817e+06,6.79999e+06,1.1499e+07,4.48511e+06,6.79999e+06,1.14988e+07,4.48128e+06,6.79999e+06,1.14987e+07,4.47646e+06,6.79999e+06,1.14985e+07,4.47041e+06,6.79999e+06,1.14983e+07,4.46281e+06,6.79999e+06,1.14981e+07,4.4533e+06,6.79999e+06,1.14979e+07,4.44138e+06,6.79999e+06,1.14976e+07,4.42649e+06,6.79999e+06,1.14972e+07,4.40789e+06,6.79999e+06,1.14969e+07,4.38471e+06,6.79999e+06,1.14965e+07,4.35592e+06,6.79999e+06,1.1496e+07,4.32027e+06,6.79999e+06,1.14955e+07,4.27629e+06,6.79999e+06,1.14949e+07,4.22231e+06,6.79999e+06,1.14942e+07,4.15647e+06,6.79999e+06,1.14934e+07,4.07676e+06,6.79999e+06,1.14926e+07,3.98112e+06,6.79999e+06,1.14916e+07,3.86765e+06,6.79999e+06,1.14905e+07,3.73474e+06,6.79999e+06,1.14892e+07,3.58148e+06,6.79999e+06,1.14878e+07,3.40785e+06,6.79999e+06,1.14862e+07,3.21513e+06,6.79999e+06,1.14844e+07,3.00605e+06,6.79999e+06,1.14823e+07,2.7848e+06,6.79999e+06,1.148e+07,2.5568e+06,6.79999e+06,1.14773e+07,2.32825e+06,6.79999e+06,13.5742,8.52444,0.508366,16.8306,13.2585,0.162638,20.0035,17.569,0.0507846,23.2616,22.4214,0.0158319,26.7328,28.3297,0.00493498,30.5212,35.6974,0.00153831,34.7178,44.9473,0.000479527,39.4086,56.5822,0.000149456,44.6796,71.2245,4.66214e-05,50.6209,89.6543,1.45419e-05,57.3297,112.852,4.54748e-06,64.9129,142.051,1.43857e-06,73.4897,178.803,4.36618e-07,83.1934,225.062,1.40153e-07,94.1745,283.286,4.96378e-08,106.602,356.568,1.05434e-07,120.669,448.799,-6.49244e-08,136.59,564.873,1.70148e-07,154.611,710.948,-5.34594e-08,175.008,894.767,1.63407e-07,198.097,1126.06,8.04804e-08,224.231,1417.07,1.14667e-07,253.813,1783.15,-1.71227e-07,287.297,2243.62,-2.88466e-07,325.198,2822.67,-4.33651e-07,368.098,3550.67,7.9318e-08,416.657,4465.65,3.13319e-07,471.621,5615.16,3.4613e-07,533.835,7058.61,-1.19199e-07,604.255,8870.02,-2.79964e-07,683.962,11141.4,-2.30521e-07,774.182,13986.7,-2.55099e-07,876.299,17546.4,1.23585e-07,991.883,21993.1,1.41192e-07,1122.71,27536.7,-9.71886e-08,1270.78,34430.7,-3.68368e-07,1438.38,42977.7,-3.45379e-07,1628.07,53532.7,-3.25328e-09,1842.77,66504.6,2.6362e-07,2085.77,82350.2,2.53445e-07,2360.79,101560,-2.47407e-08,2672.05,124632,-3.80602e-07,3024.31,152018,-4.79005e-07,3422.98,184060,-1.14379e-07,3874.15,220884,2.64297e-07,4384.72,262283,3.44131e-07,4962.49,307576,7.5349e-08,5616.29,355497,-3.63097e-07,6356.1,404126,-6.05442e-07,7193.18,450932,-2.72333e-07,8140.28,492963,2.29675e-07,9211.79,527178,4.3387e-07,10424,550893,-1.0711e-07,10.102,8.06553,2.81012,10.6436,8.57909,0.869423,11.5336,10.2515,0.270869,12.7211,12.7138,0.0844293,14.1823,15.9373,0.0263173,15.9122,20.0383,0.0082035,17.9198,25.2154,0.00255722,20.2244,31.7373,0.000797017,22.8539,39.9486,0.000248622,25.8438,50.2851,7.75492e-05,29.237,63.2963,2.42508e-05,33.0837,79.6738,7.67162e-06,37.4415,100.288,2.32837e-06,42.3767,126.236,7.33e-07,47.9646,158.896,2.79256e-07,54.2906,200.003,9.87351e-09,61.452,251.741,1.61085e-07,69.5585,316.859,-2.47141e-07,78.7347,398.812,8.93552e-08,89.1218,501.948,-2.53231e-07,100.879,631.736,-1.25047e-07,114.188,795.049,-1.78808e-07,129.252,1000.53,2.6733e-07,146.304,1259.03,4.50292e-07,165.605,1584.19,6.76904e-07,187.452,1993.12,-1.23808e-07,212.181,2507.27,-4.89068e-07,240.173,3153.54,-5.40284e-07,271.856,3965.56,1.86061e-07,307.719,4985.38,4.37004e-07,348.313,6265.4,3.59828e-07,394.26,7870.83,3.98192e-07,446.268,9882.51,-1.92908e-07,505.135,12400.3,-2.20392e-07,571.766,15546.9,1.51705e-07,647.184,19472.2,5.74996e-07,732.547,24357.4,5.39112e-07,829.167,30420,5.07815e-09,938.526,37916.3,-4.11492e-07,1062.3,47143.9,-3.9561e-07,1202.4,58439.2,3.86185e-08,1360.96,72169.3,5.94093e-07,1540.42,88715.8,7.47693e-07,1743.53,108445,1.78537e-07,1973.41,131665,-4.12549e-07,2233.57,158557,-5.37164e-07,2528,189103,-1.17615e-07,2861.2,222986,5.66769e-07,3238.27,259510,9.45053e-07,3664.97,297540,4.25093e-07,4147.81,335497,-3.58506e-07,4694.17,371444,-6.7724e-07,5312.37,403256,1.67192e-07,1.61744,3.89446,9.84394,3.28846,7.5504,12.774,5.07607,11.7187,13.6844,7.03202,16.8147,13.9681,9.20215,23.1769,14.0566,11.6301,31.1672,14.0841,14.3598,41.2186,14.0927,17.4376,53.8688,14.0954,20.9137,69.7915,14.0962,24.8432,89.8341,14.0965,29.2879,115.063,14.0966,34.3168,146.819,14.0966,40.0078,186.792,14.0966,46.4487,237.107,14.0966,53.7388,300.44,14.0966,61.9903,380.158,14.0966,71.3301,480.499,14.0966,81.902,606.796,14.0966,93.8685,765.761,14.0966,107.414,965.837,14.0966,122.746,1217.65,14.0966,140.101,1534.57,14.0966,159.745,1933.41,14.0966,181.981,2435.3,14.0966,207.15,3066.85,14.0966,235.64,3861.46,14.0966,267.889,4861.11,14.0966,304.391,6118.54,14.0966,345.709,7699.91,14.0966,392.478,9688.22,14.0966,445.417,12187.5,14.0966,505.339,15327.7,14.0966,573.165,19271.6,14.0966,649.938,24222,14.0966,736.839,30430.9,14.0966,835.202,38211.5,14.0966,946.539,47950.3,14.0966,1072.56,60122.8,14.0966,1215.21,75309.9,14.0966,1376.66,94216.2,14.0966,1559.41,117688,14.0966,1766.26,146729,14.0966,2000.39,182510,14.0966,2265.39,226372,14.0966,2565.33,279806,14.0966,2904.81,344416,14.0966,3289.05,421845,14.0966,3723.93,513667,14.0966,4216.13,621231,14.0966,4773.18,745478,14.0966,5403.64,886744,14.0966,6117.15,1.04457e+06,14.0966,6924.63,1.2176e+06,14.0966,11.7194,11.96,12.6541,13.9321,16.1295,13.6434,16.6097,21.9702,13.9553,19.7532,29.5285,14.0526,23.3844,39.1143,14.0829,27.5423,51.2054,14.0923,32.2796,66.434,14.0953,37.662,85.6061,14.0962,43.7675,109.74,14.0965,50.687,140.119,14.0966,58.5249,178.359,14.0966,67.4005,226.493,14.0966,77.4493,287.08,14.0966,88.8254,363.343,14.0966,101.703,459.336,14.0966,116.281,580.161,14.0966,132.782,732.241,14.0966,151.46,923.655,14.0966,172.603,1164.57,14.0966,196.535,1467.79,14.0966,223.625,1849.39,14.0966,254.288,2329.62,14.0966,288.997,2933.93,14.0966,328.285,3694.33,14.0966,372.755,4651.04,14.0966,423.092,5854.57,14.0966,480.07,7368.38,14.0966,544.564,9272.08,14.0966,617.566,11665.5,14.0966,700.197,14673.6,14.0966,793.729,18452.9,14.0966,899.599,23198.6,14.0966,1019.43,29154.1,14.0966,1155.07,36622.3,14.0966,1308.6,45977.9,14.0966,1482.39,57683.7,14.0966,1679.09,72307.8,14.0966,1901.73,90542.8,14.0966,2153.73,113226,14.0966,2438.97,141360,14.0966,2761.81,176127,14.0966,3127.22,218898,14.0966,3540.81,271226,14.0966,4008.92,334817,14.0966,4538.74,411470,14.0966,5138.38,502973,14.0966,5817.04,610948,14.0966,6585.12,736653,14.0966,7454.39,880741,14.0966,8438.15,1.04302e+06,14.0966,9551.45,1.22224e+06,14.0966,10811.3,1.41602e+06,14.0966,12237,1.62086e+06,14.0966,11.7194,11.96,12.6541,2.21263,4.16949,0.989383,2.67766,5.84076,0.311842,3.14343,7.55825,0.0972771,3.63127,9.58578,0.0303237,4.15787,12.0912,0.00945211,4.73731,15.2286,0.00294633,5.38238,19.1721,0.000918508,6.10553,24.134,0.000286163,6.91951,30.3791,8.92692e-05,7.83792,38.2397,2.78121e-05,8.87555,48.1338,8.65134e-06,10.0489,60.5876,2.7882e-06,11.3761,76.2629,8.29036e-07,12.8779,95.9927,2.4373e-07,14.5775,120.825,4.33068e-09,16.5012,152.08,1.75749e-07,18.6784,191.415,-1.86328e-07,21.1428,240.917,1.91829e-07,23.9322,303.213,-1.81475e-07,27.0895,381.602,7.0186e-08,30.6634,480.231,-2.86769e-08,34.7087,604.316,2.40784e-07,39.2876,760.401,9.87368e-08,44.4705,956.705,1.22263e-07,50.3371,1203.54,-4.31966e-07,56.9776,1513.81,-1.9705e-07,64.494,1903.69,-2.763e-08,73.0018,2393.4,3.9185e-07,82.6317,3008.13,1.35379e-07,93.5318,3779.25,-4.16351e-08,105.869,4745.7,2.06965e-08,119.834,5955.6,-3.18887e-07,135.641,7468.12,-1.48271e-08,153.531,9355.62,2.00739e-07,173.781,11705.8,2.28358e-07,196.701,14624.1,-1.93587e-08,222.642,18235,-2.88101e-07,252.003,22683.4,-2.24732e-07,285.234,28134,8.56806e-09,322.845,34767,2.34258e-07,365.413,42770.9,2.99668e-07,413.588,52327.9,8.28644e-08,468.111,63591.2,-3.07049e-07,529.814,76653.2,-3.1888e-07,599.642,91502.5,-6.72276e-08,678.662,107975,2.26339e-07,768.083,125705,3.69212e-07,869.267,144088,2.04077e-07,983.76,162277,-2.80509e-07,1113.3,179223,-4.22737e-07,1259.87,193777,-1.71951e-07,1425.68,204839,4.55555e-07,11.7194,11.96,12.6541,2.21263,4.16949,0.989383,2.67766,5.84076,0.311842,3.14343,7.55825,0.0972771,3.63127,9.58578,0.0303237,4.15787,12.0912,0.00945211,4.73731,15.2286,0.00294633,5.38238,19.1721,0.000918508,6.10553,24.134,0.000286163,6.91951,30.3791,8.92692e-05,7.83792,38.2397,2.78121e-05,8.87555,48.1338,8.65134e-06,10.0489,60.5876,2.7882e-06,11.3761,76.2629,8.29036e-07,12.8779,95.9927,2.4373e-07,14.5775,120.825,1e-08,16.5012,152.08,1.75749e-07,18.6784,191.415,1e-08,21.1428,240.917,1.91829e-07,23.9322,303.213,1e-08,27.0895,381.602,7.0186e-08,30.6634,480.231,1e-08,34.7087,604.316,2.40784e-07,39.2876,760.401,9.87368e-08,44.4705,956.705,1.22263e-07,50.3371,1203.54,1e-08,56.9776,1513.81,1e-08,64.494,1903.69,1e-08,73.0018,2393.4,3.9185e-07,82.6317,3008.13,1.35379e-07,93.5318,3779.25,1e-08,105.869,4745.7,2.06965e-08,119.834,5955.6,1e-08,135.641,7468.12,1e-08,153.531,9355.62,2.00739e-07,173.781,11705.8,2.28358e-07,196.701,14624.1,1e-08,222.642,18235,1e-08,252.003,22683.4,1e-08,285.234,28134,1e-08,322.845,34767,2.34258e-07,365.413,42770.9,2.99668e-07,413.588,52327.9,8.28644e-08,468.111,63591.2,1e-08,529.814,76653.2,1e-08,599.642,91502.5,1e-08,678.662,107975,2.26339e-07,768.083,125705,3.69212e-07,869.267,144088,2.04077e-07,983.76,162277,1e-08,1113.3,179223,1e-08,1259.87,193777,1e-08,1425.68,204839,4.55555e-07,6.2823,3.27286,2.43537,0.219672,6.18826,2.24117,0.56371,6.87772,2.63624,0.308279,7,9,4,1,3,1,3,12,0,2,8,0,2,4,0,4,25,0,6,19,0,11,13,0,2,21,0,4,13,0,7,40,0,4,26,0,1,36,0,9,95,0,9,90,0,19,74,0,19,107,0,34,246,0,17,308,0,19,106,0,13,264,0,25,1265,0,47,975,0,63,1189,0,35,1116,0,110,1827,0,71,692,0,51,1749,0,81,2787,0,95,2854,0,49,2668,0,118,4132,0,126,3031,0,147,5890,0,134,5838,0,118,4354,0,349,21974,0,355,12917,0,157,25699,0,357,9958,0,284,32788,0,322,40785,0,267,32330,0,308,49681,0,278,50825,0,512,112564,0,679,65882,0,697,43348,0,1064,179024,0,894,178360,0,887,209124,0,1017,204916,0,737,204688,0
-1.05176e+08,1,8.88811e-15,10,1023,0,1.05176e+08,0.528882,1.08665,0.389689,0.145397,0.379329,3.24381,0.161596,0.446195,1.77396,0.159177,1.15e+07,4.49998e+06,6.79999e+06,1.15e+07,4.49997e+06,6.79999e+06,1.15e+07,4.49996e+06,6.79999e+06,1.15e+07,4.49995e+06,6.79999e+06,1.14999e+07,4.49993e+06,6.79999e+06,1.14999e+07,4.49991e+06,6.79999e+06,1.14999e+07,4.49989e+06,6.79999e+06,1.14999e+07,4.49986e+06,6.79999e+06,1.14999e+07,4.49982e+06,6.79999e+06,1.14999e+07,4.49977e+06,6.79999e+06,1.14999e+07,4.49971e+06,6.79999e+06,1.14999e+07,4.49963e+06,6.79999e+06,1.14998e+07,4.49953e+06,6.79999e+06,1.14998e+07,4.49941e+06,6.79999e+06,1.14998e+07,4.49926e+06,6.79999e+06,1.14998e+07,4.49906e+06,6.79999e+06,1.14997e+07,4.49882e+06,6.79999e+06,1.14997e+07,4.49851e+06,6.79999e+06,1.14997e+07,4.49812e+06,6.79999e+06,1.14996e+07,4.49764e+06,6.79999e+06,1.14996e+07,4.49702e+06,6.79999e+06,1.14995e+07,4.49625e+06,6.79999e+06,1.14995e+07,4.49528e+06,6.79999e+06,1.14994e+07,4.49406e+06,6.79999e+06,1.14993e+07,4.49253e+06,6.79999e+06,1.14992e+07,4.49059e+06,6.79999e+06,1.14991e+07,4.48817e+06,6.79999e+06,1.1499e+07,4.48511e+06,6.79999e+06,1.14988e+07,4.48128e+06,6.79999e+06,1.14987e+07,4.47646e+06,6.79999e+06,1.14985e+07,4.47041e+06,6.79999e+06,1.14983e+07,4.46281e+06,6.79999e+06,1.14981e+07,4.4533e+06,6.79999e+06,1.14979e+07,4.44138e+06,6.79999e+06,1.14976e+07,4.42649e+06,6.79999e+06,1.14972e+07,4.40789e+06,6.79999e+06,1.14969e+07,4.38471e+06,6.79999e+06,1.14965e+07,4.35592e+06,6.79999e+06,1.1496e+07,4.32027e+06,6.79999e+06,1.14955e+07,4.27629e+06,6.79999e+06,1.14949e+07,4.22231e+06,6.79999e+06,1.14942e+07,4.15647e+06,6.79999e+06,1.14934e+07,4.07676e+06,6.79999e+06,1.14926e+07,3.98112e+06,6.79999e+06,1.14916e+07,3.86765e+06,6.79999e+06,1.14905e+07,3.73474e+06,6.79999e+06,1.14892e+07,3.58148e+06,6.79999e+06,1.14878e+07,3.40785e+06,6.79999e+06,1.14862e+07,3.21513e+06,6.79999e+06,1.14844e+07,3.00605e+06,6.79999e+06,1.14823e+07,2.7848e+06,6.79999e+06,1.148e+07,2.5568e+06,6.79999e+06,1.14773e+07,2.32825e+06,6.79999e+06,13.5742,8.52444,0.508366,16.8306,13.2585,0.162638,20.0035,17.569,0.0507846,23.2616,22.4214,0.0158319,26.7328,28.3297,0.00493498,30.5212,35.6974,0.00153831,34.7178,44.9473,0.000479527,39.4086,56.5822,0.000149456,44.6796,71.2245,4.66214e-05,50.6209,89.6543,1.45419e-05,57.3297,112.852,4.54748e-06,64.9129,142.051,1.43857e-06,73.4897,178.803,4.36618e-07,83.1934,225.062,1.40153e-07,94.1745,283.286,4.96378e-08,106.602,356.568,1.05434e-07,120.669,448.799,-6.49244e-08,136.59,564.873,1.70148e-07,154.611,710.948,-5.34594e-08,175.008,894.767,1.63407e-07,198.097,1126.06,8.04804e-08,224.231,1417.07,1.14667e-07,253.813,1783.15,-1.71227e-07,287.297,2243.62,-2.88466e-07,325.198,2822.67,-4.33651e-07,368.098,3550.67,7.9318e-08,416.657,4465.65,3.13319e-07,471.621,5615.16,3.4613e-07,533.835,7058.61,-1.19199e-07,604.255,8870.02,-2.79964e-07,683.962,11141.4,-2.30521e-07,774.182,13986.7,-2.55099e-07,876.299,17546.4,1.23585e-07,991.883,21993.1,1.41192e-07,1122.71,27536.7,-9.71886e-08,1270.78,34430.7,-3.68368e-07,1438.38,42977.7,-3.45379e-07,1628.07,53532.7,-3.25328e-09,1842.77,66504.6,2.6362e-07,2085.77,82350.2,2.53445e-07,2360.79,101560,-2.47407e-08,2672.05,124632,-3.80602e-07,3024.31,152018,-4.79005e-07,3422.98,184060,-1.14379e-07,3874.15,220884,2.64297e-07,4384.72,262283,3.44131e-07,4962.49,307576,7.5349e-08,5616.29,355497,-3.63097e-07,6356.1,404126,-6.05442e-07,7193.18,450932,-2.72333e-07,8140.28,492963,2.29675e-07,9211.79,527178,4.3387e-07,10424,550893,-1.0711e-07,10.102,8.06553,2.81012,10.6436,8.57909,0.869423,11.5336,10.2515,0.270869,12.7211,12.7138,0.0844293,14.1823,15.9373,0.0263173,15.9122,20.0383,0.0082035,17.9198,25.2154,0.00255722,20.2244,31.7373,0.000797017,22.8539,39.9486,0.000248622,25.8438,50.2851,7.75492e-05,29.237,63.2963,2.42508e-05,33.0837,79.6738,7.67162e-06,37.4415,100.288,2.32837e-06,42.3767,126.236,7.33e-07,47.9646,158.896,2.79256e-07,54.2906,200.003,9.87351e-09,61.452,251.741,1.61085e-07,69.5585,316.859,-2.47141e-07,78.7347,398.812,8.93552e-08,89.1218,501.948,-2.53231e-07,100.879,631.736,-1.25047e-07,114.188,795.049,-1.78808e-07,129.252,1000.53,2.6733e-07,146.304,1259.03,4.50292e-07,165.605,1584.19,6.76904e-07,187.452,1993.12,-1.23808e-07,212.181,2507.27,-4.89068e-07,240.173,3153.54,-5.40284e-07,271.856,3965.56,1.86061e-07,307.719,4985.38,4.37004e-07,348.313,6265.4,3.59828e-07,394.26,7870.83,3.98192e-07,446.268,9882.51,-1.92908e-07,505.135,12400.3,-2.20392e-07,571.766,15546.9,1.51705e-07,647.184,19472.2,5.74996e-07,732.547,24357.4,5.39112e-07,829.167,30420,5.07815e-09,938.526,37916.3,-4.11492e-07,1062.3,47143.9,-3.9561e-07,1202.4,58439.2,3.86185e-08,1360.96,72169.3,5.94093e-07,1540.42,88715.8,7.47693e-07,1743.53,108445,1.78537e-07,1973.41,131665,-4.12549e-07,2233.57,158557,-5.37164e-07,2528,189103,-1.17615e-07,2861.2,222986,5.66769e-07,3238.27,259510,9.45053e-07,3664.97,297540,4.25093e-07,4147.81,335497,-3.58506e-07,4694.17,371444,-6.7724e-07,5312.37,403256,1.67192e-07,1.61744,3.89446,9.84394,3.28846,7.5504,12.774,5.07607,11.7187,13.6844,7.03202,16.8147,13.9681,9.20215,23.1769,14.0566,11.6301,31.1672,14.0841,14.3598,41.2186,14.0927,17.4376,53.8688,14.0954,20.9137,69.7915,14.0962,24.8432,89.8341,14.0965,29.2879,115.063,14.0966,34.3168,146.819,14.0966,40.0078,186.792,14.0966,46.4487,237.107,14.0966,53.7388,300.44,14.0966,61.9903,380.158,14.0966,71.3301,480.499,14.0966,81.902,606.796,14.0966,93.8685,765.761,14.0966,107.414,965.837,14.0966,122.746,1217.65,14.0966,140.101,1534.57,14.0966,159.745,1933.41,14.0966,181.981,2435.3,14.0966,207.15,3066.85,14.0966,235.64,3861.46,14.0966,267.889,4861.11,14.0966,304.391,6118.54,14.0966,345.709,7699.91,14.0966,392.478,9688.22,14.0966,445.417,12187.5,14.0966,505.339,15327.7,14.0966,573.165,19271.6,14.0966,649.938,24222,14.0966,736.839,30430.9,14.0966,835.202,38211.5,14.0966,946.539,47950.3,14.0966,1072.56,60122.8,14.0966,1215.21,75309.9,14.0966,1376.66,94216.2,14.0966,1559.41,117688,14.0966,1766.26,146729,14.0966,2000.39,182510,14.0966,2265.39,226372,14.0966,2565.33,279806,14.0966,2904.81,344416,14.0966,3289.05,421845,14.0966,3723.93,513667,14.0966,4216.13,621231,14.0966,4773.18,745478,14.0966,5403.64,886744,14.0966,6117.15,1.04457e+06,14.0966,6924.63,1.2176e+06,14.0966,11.7194,11.96,12.6541,13.9321,16.1295,13.6434,16.6097,21.9702,13.9553,19.7532,29.5285,14.0526,23.3844,39.1143,14.0829,27.5423,51.2054,14.0923,32.2796,66.434,14.0953,37.662,85.6061,14.0962,43.7675,109.74,14.0965,50.687,140.119,14.0966,58.5249,178.359,14.0966,67.4005,226.493,14.0966,77.4493,287.08,14.0966,88.8254,363.343,14.0966,101.703,459.336,14.0966,116.281,580.161,14.0966,132.782,732.241,14.0966,151.46,923.655,14.0966,172.603,1164.57,14.0966,196.535,1467.79,14.0966,223.625,1849.39,14.0966,254.288,2329.62,14.0966,288.997,2933.93,14.0966,328.285,3694.33,14.0966,372.755,4651.04,14.0966,423.092,5854.57,14.0966,480.07,7368.38,14.0966,544.564,9272.08,14.0966,617.566,11665.5,14.0966,700.197,14673.6,14.0966,793.729,18452.9,14.0966,899.599,23198.6,14.0966,1019.43,29154.1,14.0966,1155.07,36622.3,14.0966,1308.6,45977.9,14.0966,1482.39,57683.7,14.0966,1679.09,72307.8,14.0966,1901.73,90542.8,14.0966,2153.73,113226,14.0966,2438.97,141360,14.0966,2761.81,176127,14.0966,3127.22,218898,14.0966,3540.81,271226,14.0966,4008.92,334817,14.0966,4538.74,411470,14.0966,5138.38,502973,14.0966,5817.04,610948,14.0966,6585.12,736653,14.0966,7454.39,880741,14.0966,8438.15,1.04302e+06,14.0966,9551.45,1.22224e+06,14.0966,10811.3,1.41602e+06,14.0966,12237,1.62086e+06,14.0966,11.7194,11.96,12.6541,2.21263,4.16949,0.989383,2.67766,5.84076,0.311842,3.14343,7.55825,0.0972771,3.63127,9.58578,0.0303237,4.15787,12.0912,0.00945211,4.73731,15.2286,0.00294633,5.38238,19.1721,0.000918508,6.10553,24.134,0.000286163,6.91951,30.3791,8.92692e-05,7.83792,38.2397,2.78121e-05,8.87555,48.1338,8.65134e-06,10.0489,60.5876,2.7882e-06,11.3761,76.2629,8.29036e-07,12.8779,95.9927,2.4373e-07,14.5775,120.825,4.33068e-09,16.5012,152.08,1.75749e-07,18.6784,191.415,-1.86328e-07,21.1428,240.917,1.91829e-07,23.9322,303.213,-1.81475e-07,27.0895,381.602,7.0186e-08,30.6634,480.231,-2.86769e-08,34.7087,604.316,2.40784e-07,39.2876,760.401,9.87368e-08,44.4705,956.705,1.22263e-07,50.3371,1203.54,-4.31966e-07,56.9776,1513.81,-1.9705e-07,64.494,1903.69,-2.763e-08,73.0018,2393.4,3.9185e-07,82.6317,3008.13,1.35379e-07,93.5318,3779.25,-4.16351e-08,105.869,4745.7,2.06965e-08,119.834,5955.6,-3.18887e-07,135.641,7468.12,-1.48271e-08,153.531,9355.62,2.00739e-07,173.781,11705.8,2.28358e-07,196.701,14624.1,-1.93587e-08,222.642,18235,-2.88101e-07,252.003,22683.4,-2.24732e-07,285.234,28134,8.56806e-09,322.845,34767,2.34258e-07,365.413,42770.9,2.99668e-07,413.588,52327.9,8.28644e-08,468.111,63591.2,-3.07049e-07,529.814,76653.2,-3.1888e-07,599.642,91502.5,-6.72276e-08,678.662,107975,2.26339e-07,768.083,125705,3.69212e-07,869.267,144088,2.04077e-07,983.76,162277,-2.80509e-07,1113.3,179223,-4.22737e-07,1259.87,193777,-1.71951e-07,1425.68,204839,4.55555e-07,11.7194,11.96,12.6541,2.21263,4.16949,0.989383,2.67766,5.84076,0.311842,3.14343,7.55825,0.0972771,3.63127,9.58578,0.0303237,4.15787,12.0912,0.00945211,4.73731,15.2286,0.00294633,5.38238,19.1721,0.000918508,6.10553,24.134,0.000286163,6.91951,30.3791,8.92692e-05,7.83792,38.2397,2.78121e-05,8.87555,48.1338,8.65134e-06,10.0489,60.5876,2.7882e-06,11.3761,76.2629,8.29036e-07,12.8779,95.9927,2.4373e-07,14.5775,120.825,1e-08,16.5012,152.08,1.75749e-07,18.6784,191.415,1e-08,21.1428,240.917,1.91829e-07,23.9322,303.213,1e-08,27.0895,381.602,7.0186e-08,30.6634,480.231,1e-08,34.7087,604.316,2.40784e-07,39.2876,760.401,9.87368e-08,44.4705,956.705,1.22263e-07,50.3371,1203.54,1e-08,56.9776,1513.81,1e-08,64.494,1903.69,1e-08,73.0018,2393.4,3.9185e-07,82.6317,3008.13,1.35379e-07,93.5318,3779.25,1e-08,105.869,4745.7,2.06965e-08,119.834,5955.6,1e-08,135.641,7468.12,1e-08,153.531,9355.62,2.00739e-07,173.781,11705.8,2.28358e-07,196.701,14624.1,1e-08,222.642,18235,1e-08,252.003,22683.4,1e-08,285.234,28134,1e-08,322.845,34767,2.34258e-07,365.413,42770.9,2.99668e-07,413.588,52327.9,8.28644e-08,468.111,63591.2,1e-08,529.814,76653.2,1e-08,599.642,91502.5,1e-08,678.662,107975,2.26339e-07,768.083,125705,3.69212e-07,869.267,144088,2.04077e-07,983.76,162277,1e-08,1113.3,179223,1e-08,1259.87,193777,1e-08,1425.68,204839,4.55555e-07,6.2823,3.27286,2.43537,0.219672,6.18826,2.24117,0.56371,6.87772,2.63624,0.308279,11,11,6,6,15,3,0,3,1,4,2,0,4,9,0,10,10,0,4,6,0,5,24,0,1,33,0,17,38,0,20,16,0,6,110,0,9,66,0,17,103,0,17,75,0,12,74,0,21,61,0,25,435,0,16,166,0,13,227,0,26,255,0,25,557,0,37,404,0,36,458,0,24,480,0,44,607,0,49,1235,0,42,1401,0,39,2390,0,95,4190,0,94,4484,0,218,5022,0,101,8517,0,129,13669,0,215,15951,0,143,7413,0,210,23041,0,238,26830,0,373,10254,0,516,42334,0,304,30234,0,296,34466,0,274,41466,0,610,52249,0,560,62931,0,644,121173,0,965,168930,0,382,88895,0,572,213778,0,536,226346,0,842,144452,0,1829,124088,0,535,94293,0
-1.05176e+08,1,8.88811e-15,10,1023,0,1.05176e+08,0.528882,1.08665,0.389689,0.145397,0.379329,3.24381,0.161596,0.446195,1.77396,0.159177,1.15e+07,4.49998e+06,6.79999e+06,1.15e+07,4.49997e+06,6.79999e+06,1.15e+07,4.49996e+06,6.79999e+06,1.15e+07,4.49995e+06,6.79999e+06,1.14999e+07,4.49993e+06,6.79999e+06,1.14999e+07,4.49991e+06,6.79999e+06,1.14999e+07,4.49989e+06,6.79999e+06,1.14999e+07,4.49986e+06,6.79999e+06,1.14999e+07,4.49982e+06,6.79999e+06,1.14999e+07,4.49977e+06,6.79999e+06,1.14999e+07,4.49971e+06,6.79999e+06,1.14999e+07,4.49963e+06,6.79999e+06,1.14998e+07,4.49953e+06,6.79999e+06,1.14998e+07,4.49941e+06,6.79999e+06,1.14998e+07,4.49926e+06,6.79999e+06,1.14998e+07,4.49906e+06,6.79999e+06,1.14997e+07,4.49882e+06,6.79999e+06,1.14997e+07,4.49851e+06,6.79999e+06,1.14997e+07,4.49812e+06,6.79999e+06,1.14996e+07,4.49764e+06,6.79999e+06,1.14996e+07,4.49702e+06,6.79999e+06,1.14995e+07,4.49625e+06,6.79999e+06,1.14995e+07,4.49528e+06,6.79999e+06,1.14994e+07,4.49406e+06,6.79999e+06,1.14993e+07,4.49253e+06,6.79999e+06,1.14992e+07,4.49059e+06,6.79999e+06,1.14991e+07,4.48817e+06,6.79999e+06,1.1499e+07,4.48511e+06,6.79999e+06,1.14988e+07,4.48128e+06,6.79999e+06,1.14987e+07,4.47646e+06,6.79999e+06,1.14985e+07,4.47041e+06,6.79999e+06,1.14983e+07,4.46281e+06,6.79999e+06,1.14981e+07,4.4533e+06,6.79999e+06,1.14979e+07,4.44138e+06,6.79999e+06,1.14976e+07,4.42649e+06,6.79999e+06,1.14972e+07,4.40789e+06,6.79999e+06,1.14969e+07,4.38471e+06,6.79999e+06,1.14965e+07,4.35592e+06,6.79999e+06,1.1496e+07,4.32027e+06,6.79999e+06,1.14955e+07,4.27629e+06,6.79999e+06,1.14949e+07,4.22231e+06,6.79999e+06,1.14942e+07,4.15647e+06,6.79999e+06,1.14934e+07,4.07676e+06,6.79999e+06,1.14926e+07,3.98112e+06,6.79999e+06,1.14916e+07,3.86765e+06,6.79999e+06,1.14905e+07,3.73474e+06,6.79999e+06,1.14892e+07,3.58148e+06,6.79999e+06,1.14878e+07,3.40785e+06,6.79999e+06,1.14862e+07,3.21513e+06,6.79999e+06,1.14844e+07,3.00605e+06,6.79999e+06,1.14823e+07,2.7848e+06,6.79999e+06,1.148e+07,2.5568e+06,6.79999e+06,1.14773e+07,2.32825e+06,6.79999e+06,13.5742,8.52444,0.508366,16.8306,13.2585,0.162638,20.0035,17.569,0.0507846,23.2616,22.4214,0.0158319,26.7328,28.3297,0.00493498,30.5212,35.6974,0.00153831,34.7178,44.9473,0.000479527,39.4086,56.5822,0.000149456,44.6796,71.2245,4.66214e-05,50.6209,89.6543,1.45419e-05,57.3297,112.852,4.54748e-06,64.9129,142.051,1.43857e-06,73.4897,178.803,4.36618e-07,83.1934,225.062,1.40153e-07,94.1745,283.286,4.96378e-08,106.602,356.568,1.05434e-07,120.669,448.799,-6.49244e-08,136.59,564.873,1.70148e-07,154.611,710.948,-5.34594e-08,175.008,894.767,1.63407e-07,198.097,1126.06,8.04804e-08,224.231,1417.07,1.14667e-07,253.813,1783.15,-1.71227e-07,287.297,2243.62,-2.88466e-07,325.198,2822.67,-4.33651e-07,368.098,3550.67,7.9318e-08,416.657,4465.65,3.13319e-07,471.621,5615.16,3.4613e-07,533.835,7058.61,-1.19199e-07,604.255,8870.02,-2.79964e-07,683.962,11141.4,-2.30521e-07,774.182,13986.7,-2.55099e-07,876.299,17546.4,1.23585e-07,991.883,21993.1,1.41192e-07,1122.71,27536.7,-9.71886e-08,1270.78,34430.7,-3.68368e-07,1438.38,42977.7,-3.45379e-07,1628.07,53532.7,-3.25328e-09,1842.77,66504.6,2.6362e-07,2085.77,82350.2,2.53445e-07,2360.79,101560,-2.47407e-08,2672.05,124632,-3.80602e-07,3024.31,152018,-4.79005e-07,3422.98,184060,-1.14379e-07,3874.15,220884,2.64297e-07,4384.72,262283,3.44131e-07,4962.49,307576,7.5349e-08,5616.29,355497,-3.63097e-07,6356.1,404126,-6.05442e-07,7193.18,450932,-2.72333e-07,8140.28,492963,2.29675e-07,9211.79,527178,4.3387e-07,10424,550893,-1.0711e-07,10.102,8.06553,2.81012,10.6436,8.57909,0.869423,11.5336,10.2515,0.270869,12.7211,12.7138,0.0844293,14.1823,15.9373,0.0263173,15.9122,20.0383,0.0082035,17.9198,25.2154,0.00255722,20.2244,31.7373,0.000797017,22.8539,39.9486,0.000248622,25.8438,50.2851,7.75492e-05,29.237,63.2963,2.42508e-05,33.0837,79.6738,7.67162e-06,37.4415,100.288,2.32837e-06,42.3767,126.236,7.33e-07,47.9646,158.896,2.79256e-07,54.2906,200.003,9.87351e-09,61.452,251.741,1.61085e-07,69.5585,316.859,-2.47141e-07,78.7347,398.812,8.93552e-08,89.1218,501.948,-2.53231e-07,100.879,631.736,-1.25047e-07,114.188,795.049,-1.78808e-07,129.252,1000.53,2.6733e-07,146.304,1259.03,4.50292e-07,165.605,1584.19,6.76904e-07,187.452,1993.12,-1.23808e-07,212.181,2507.27,-4.89068e-07,240.173,3153.54,-5.40284e-07,271.856,3965.56,1.86061e-07,307.719,4985.38,4.37004e-07,348.313,6265.4,3.59828e-07,394.26,7870.83,3.98192e-07,446.268,9882.51,-1.92908e-07,505.135,12400.3,-2.20392e-07,571.766,15546.9,1.51705e-07,647.184,19472.2,5.74996e-07,732.547,24357.4,5.39112e-07,829.167,30420,5.07815e-09,938.526,37916.3,-4.11492e-07,1062.3,47143.9,-3.9561e-07,1202.4,58439.2,3.86185e-08,1360.96,72169.3,5.94093e-07,1540.42,88715.8,7.47693e-07,1743.53,108445,1.78537e-07,1973.41,131665,-4.12549e-07,2233.57,158557,-5.37164e-07,2528,189103,-1.17615e-07,2861.2,222986,5.66769e-07,3238.27,259510,9.45053e-07,3664.97,297540,4.25093e-07,4147.81,335497,-3.58506e-07,4694.17,371444,-6.7724e-07,5312.37,403256,1.67192e-07,1.61744,3.89446,9.84394,3.28846,7.5504,12.774,5.07607,11.7187,13.6844,7.03202,16.8147,13.9681,9.20215,23.1769,14.0566,11.6301,31.1672,14.0841,14.3598,41.2186,14.0927,17.4376,53.8688,14.0954,20.9137,69.7915,14.0962,24.8432,89.8341,14.0965,29.2879,115.063,14.0966,34.3168,146.819,14.0966,40.0078,186.792,14.0966,46.4487,237.107,14.0966,53.7388,300.44,14.0966,61.9903,380.158,14.0966,71.3301,480.499,14.0966,81.902,606.796,14.0966,93.8685,765.761,14.0966,107.414,965.837,14.0966,122.746,1217.65,14.0966,140.101,1534.57,14.0966,159.745,1933.41,14.0966,181.981,2435.3,14.0966,207.15,3066.85,14.0966,235.64,3861.46,14.0966,267.889,4861.11,14.0966,304.391,6118.54,14.0966,345.709,7699.91,14.0966,392.478,9688.22,14.0966,445.417,12187.5,14.0966,505.339,15327.7,14.0966,573.165,19271.6,14.0966,649.938,24222,14.0966,736.839,30430.9,14.0966,835.202,38211.5,14.0966,946.539,47950.3,14.0966,1072.56,60122.8,14.0966,1215.21,75309.9,14.0966,1376.66,94216.2,14.0966,1559.41,117688,14.0966,1766.26,146729,14.0966,2000.39,182510,14.0966,2265.39,226372,14.0966,2565.33,279806,14.0966,2904.81,344416,14.0966,3289.05,421845,14.0966,3723.93,513667,14.0966,4216.13,621231,14.0966,4773.18,745478,14.0966,5403.64,886744,14.0966,6117.15,1.04457e+06,14.0966,6924.63,1.2176e+06,14.0966,11.7194,11.96,12.6541,13.9321,16.1295,13.6434,16.6097,21.9702,13.9553,19.7532,29.5285,14.0526,23.3844,39.1143,14.0829,27.5423,51.2054,14.0923,32.2796,66.434,14.0953,37.662,85.6061,14.0962,43.7675,109.74,14.0965,50.687,140.119,14.0966,58.5249,178.359,14.0966,67.4005,226.493,14.0966,77.4493,287.08,14.0966,88.8254,363.343,14.0966,101.703,459.336,14.0966,116.281,580.161,14.0966,132.782,732.241,14.0966,151.46,923.655,14.0966,172.603,1164.57,14.0966,196.535,1467.79,14.0966,223.625,1849.39,14.0966,254.288,2329.62,14.0966,288.997,2933.93,14.0966,328.285,3694.33,14.0966,372.755,4651.04,14.0966,423.092,5854.57,14.0966,480.07,7368.38,14.0966,544.564,9272.08,14.0966,617.566,11665.5,14.0966,700.197,14673.6,14.0966,793.729,18452.9,14.0966,899.599,23198.6,14.0966,1019.43,29154.1,14.0966,1155.07,36622.3,14.0966,1308.6,45977.9,14.0966,1482.39,57683.7,14.0966,1679.09,72307.8,14.0966,1901.73,90542.8,14.0966,2153.73,113226,14.0966,2438.97,141360,14.0966,2761.81,176127,14.0966,3127.22,218898,14.0966,3540.81,271226,14.0966,4008.92,334817,14.0966,4538.74,411470,14.0966,5138.38,502973,14.0966,5817.04,610948,14.0966,6585.12,736653,14.0966,7454.39,880741,14.0966,8438.15,1.04302e+06,14.0966,9551.45,1.22224e+06,14.0966,10811.3,1.41602e+06,14.0966,12237,1.62086e+06,14.0966,11.7194,11.96,12.6541,2.21263,4.16949,0.989383,2.67766,5.84076,0.311842,3.14343,7.55825,0.0972771,3.63127,9.58578,0.0303237,4.15787,12.0912,0.00945211,4.73731,15.2286,0.00294633,5.38238,19.1721,0.000918508,6.10553,24.134,0.000286163,6.91951,30.3791,8.92692e-05,7.83792,38.2397,2.78121e-05,8.87555,48.1338,8.65134e-06,10.0489,60.5876,2.7882e-06,11.3761,76.2629,8.29036e-07,12.8779,95.9927,2.4373e-07,14.5775,120.825,4.33068e-09,16.5012,152.08,1.75749e-07,18.6784,191.415,-1.86328e-07,21.1428,240.917,1.91829e-07,23.9322,303.213,-1.81475e-07,27.0895,381.602,7.0186e-08,30.6634,480.231,-2.86769e-08,34.7087,604.316,2.40784e-07,39.2876,760.401,9.87368e-08,44.4705,956.705,1.22263e-07,50.3371,1203.54,-4.31966e-07,56.9776,1513.81,-1.9705e-07,64.494,1903.69,-2.763e-08,73.0018,2393.4,3.9185e-07,82.6317,3008.13,1.35379e-07,93.5318,3779.25,-4.16351e-08,105.869,4745.7,2.06965e-08,119.834,5955.6,-3.18887e-07,135.641,7468.12,-1.48271e-08,153.531,9355.62,2.00739e-07,173.781,11705.8,2.28358e-07,196.701,14624.1,-1.93587e-08,222.642,18235,-2.88101e-07,252.003,22683.4,-2.24732e-07,285.234,28134,8.56806e-09,322.845,34767,2.34258e-07,365.413,42770.9,2.99668e-07,413.588,52327.9,8.28644e-08,468.111,63591.2,-3.07049e-07,529.814,76653.2,-3.1888e-07,599.642,91502.5,-6.72276e-08,678.662,107975,2.26339e-07,768.083,125705,3.69212e-07,869.267,144088,2.04077e-07,983.76,162277,-2.80509e-07,1113.3,179223,-4.22737e-07,1259.87,193777,-1.71951e-07,1425.68,204839,4.55555e-07,11.7194,11.96,12.6541,2.21263,4.16949,0.989383,2.67766,5.84076,0.311842,3.14343,7.55825,0.0972771,3.63127,9.58578,0.0303237,4.15787,12.0912,0.00945211,4.73731,15.2286,0.00294633,5.38238,19.1721,0.000918508,6.10553,24.134,0.000286163,6.91951,30.3791,8.92692e-05,7.83792,38.2397,2.78121e-05,8.87555,48.1338,8.65134e-06,10.0489,60.5876,2.7882e-06,11.3761,76.2629,8.29036e-07,12.8779,95.9927,2.4373e-07,14.5775,120.825,1e-08,16.5012,152.08,1.75749e-07,18.6784,191.415,1e-08,21.1428,240.917,1.91829e-07,23.9322,303.213,1e-08,27.0895,381.602,7.0186e-08,30.6634,480.231,1e-08,34.7087,604.316,2.40784e-07,39.2876,760.401,9.87368e-08,44.4705,956.705,1.22263e-07,50.3371,1203.54,1e-08,56.9776,1513.81,1e-08,64.494,1903.69,1e-08,73.0018,2393.4,3.9185e-07,82.6317,3008.13,1.35379e-07,93.5318,3779.25,1e-08,105.869,4745.7,2.06965e-08,119.834,5955.6,1e-08,135.641,7468.12,1e-08,153.531,9355.62,2.00739e-07,173.781,11705.8,2.28358e-07,196.701,14624.1,1e-08,222.642,18235,1e-08,252.003,22683.4,1e-08,285.234,28134,1e-08,322.845,34767,2.34258e-07,365.413,42770.9,2.99668e-07,413.588,52327.9,8.28644e-08,468.111,63591.2,1e-08,529.814,76653.2,1e-08,599.642,91502.5,1e-08,678.662,107975,2.26339e-07,768.083,125705,3.69212e-07,869.267,144088,2.04077e-07,983.76,162277,1e-08,1113.3,179223,1e-08,1259.87,193777,1e-08,1425.68,204839,4.55555e-07,6.2823,3.27286,2.43537,0.219672,6.18826,2.24117,0.56371,6.87772,2.63624,0.308279,19,18,1,1,5,0,3,4,2,2,7,0,6,8,0,2,11,0,7,11,0,5,15,0,15,8,0,2,19,0,7,14,0,6,31,0,4,35,0,9,120,0,6,135,0,14,55,0,19,106,0,7,151,0,22,147,0,27,196,0,13,263,0,40,534,0,58,596,0,15,709,0,44,540,0,61,1090,0,33,1095,0,43,2107,0,154,2353,0,113,4337,0,113,2546,0,73,4614,0,142,5730,0,83,11580,0,169,7720,0,129,10163,0,167,9318,0,161,13729,0,224,40000,0,362,22082,0,676,27454,0,702,25356,0,219,47727,0,431,52823,0,583,104752,0,639,112743,0,620,64763,0,630,149463,0,973,184869,0,539,203916,0,1398,131841,0,1325,138483,0,987,175867,0
-1.05176e+08,1,8.88811e-15,10,1023,0,1.05176e+08,0.528882,1.08665,0.389689,0.145397,0.379329,3.24381,0.161596,0.446195,1.77396,0.159177,1.15e+07,4.49998e+06,6.79999e+06,1.15e+07,4.49997e+06,6.79999e+06,1.15e+07,4.49996e+06,6.79999e+06,1.15e+07,4.49995e+06,6.79999e+06,1.14999e+07,4.49993e+06,6.79999e+06,1.14999e+07,4.49991e+06,6.79999e+06,1.14999e+07,4.49989e+06,6.79999e+06,1.14999e+07,4.49986e+06,6.79999e+06,1.14999e+07,4.49982e+06,6.79999e+06,1.14999e+07,4.49977e+06,6.79999e+06,1.14999e+07,4.49971e+06,6.79999e+06,1.14999e+07,4.49963e+06,6.79999e+06,1.14998e+07,4.49953e+06,6.79999e+06,1.14998e+07,4.49941e+06,6.79999e+06,1.14998e+07,4.49926e+06,6.79999e+06,1.14998e+07,4.49906e+06,6.79999e+06,1.14997e+07,4.49882e+06,6.79999e+06,1.14997e+07,4.49851e+06,6.79999e+06,1.14997e+07,4.49812e+06,6.79999e+06,1.14996e+07,4.49764e+06,6.79999e+06,1.14996e+07,4.49702e+06,6.79999e+06,1.14995e+07,4.49625e+06,6.79999e+06,1.14995e+07,4.49528e+06,6.79999e+06,1.14994e+07,4.49406e+06,6.79999e+06,1.14993e+07,4.49253e+06,6.79999e+06,1.14992e+07,4.49059e+06,6.79999e+06,1.14991e+07,4.48817e+06,6.79999e+06,1.1499e+07,4.48511e+06,6.79999e+06,1.14988e+07,4.48128e+06,6.79999e+06,1.14987e+07,4.47646e+06,6.79999e+06,1.14985e+07,4.47041e+06,6.79999e+06,1.14983e+07,4.46281e+06,6.79999e+06,1.14981e+07,4.4533e+06,6.79999e+06,1.14979e+07,4.44138e+06,6.79999e+06,1.14976e+07,4.42649e+06,6.79999e+06,1.14972e+07,4.40789e+06,6.79999e+06,1.14969e+07,4.38471e+06,6.79999e+06,1.14965e+07,4.35592e+06,6.79999e+06,1.1496e+07,4.32027e+06,6.79999e+06,1.14955e+07,4.27629e+06,6.79999e+06,1.14949e+07,4.22231e+06,6.79999e+06,1.14942e+07,4.15647e+06,6.79999e+06,1.14934e+07,4.07676e+06,6.79999e+06,1.14926e+07,3.98112e+06,6.79999e+06,1.14916e+07,3.86765e+06,6.79999e+06,1.14905e+07,3.73474e+06,6.79999e+06,1.14892e+07,3.58148e+06,6.79999e+06,1.14878e+07,3.40785e+06,6.79999e+06,1.14862e+07,3.21513e+06,6.79999e+06,1.14844e+07,3.00605e+06,6.79999e+06,1.14823e+07,2.7848e+06,6.79999e+06,1.148e+07,2.5568e+06,6.79999e+06,1.14773e+07,2.32825e+06,6.79999e+06,13.5742,8.52444,0.508366,16.8306,13.2585,0.162638,20.0035,17.569,0.0507846,23.2616,22.4214,0.0158319,26.7328,28.3297,0.00493498,30.5212,35.6974,0.00153831,34.7178,44.9473,0.000479527,39.4086,56.5822,0.000149456,44.6796,71.2245,4.66214e-05,50.6209,89.6543,1.45419e-05,57.3297,112.852,4.54748e-06,64.9129,142.051,1.43857e-06,73.4897,178.803,4.36618e-07,83.1934,225.062,1.40153e-07,94.1745,283.286,4.96378e-08,106.602,356.568,1.05434e-07,120.669,448.799,-6.49244e-08,136.59,564.873,1.70148e-07,154.611,710.948,-5.34594e-08,175.008,894.767,1.63407e-07,198.097,1126.06,8.04804e-08,224.231,1417.07,1.14667e-07,253.813,1783.15,-1.71227e-07,287.297,2243.62,-2.88466e-07,325.198,2822.67,-4.33651e-07,368.098,3550.67,7.9318e-08,416.657,4465.65,3.13319e-07,471.621,5615.16,3.4613e-07,533.835,7058.61,-1.19199e-07,604.255,8870.02,-2.79964e-07,683.962,11141.4,-2.30521e-07,774.182,13986.7,-2.55099e-07,876.299,17546.4,1.23585e-07,991.883,21993.1,1.41192e-07,1122.71,27536.7,-9.71886e-08,1270.78,34430.7,-3.68368e-07,1438.38,42977.7,-3.45379e-07,1628.07,53532.7,-3.25328e-09,1842.77,66504.6,2.6362e-07,2085.77,82350.2,2.53445e-07,2360.79,101560,-2.47407e-08,2672.05,124632,-3.80602e-07,3024.31,152018,-4.79005e-07,3422.98,184060,-1.14379e-07,3874.15,220884,2.64297e-07,4384.72,262283,3.44131e-07,4962.49,307576,7.5349e-08,5616.29,355497,-3.63097e-07,6356.1,404126,-6.05442e-07,7193.18,450932,-2.72333e-07,8140.28,492963,2.29675e-07,9211.79,527178,4.3387e-07,10424,550893,-1.0711e-07,10.102,8.06553,2.81012,10.6436,8.57909,0.869423,11.5336,10.2515,0.270869,12.7211,12.7138,0.0844293,14.1823,15.9373,0.0263173,15.9122,20.0383,0.0082035,17.9198,25.2154,0.00255722,20.2244,31.7373,0.000797017,22.8539,39.9486,0.000248622,25.8438,50.2851,7.75492e-05,29.237,63.2963,2.42508e-05,33.0837,79.6738,7.67162e-06,37.4415,100.288,2.32837e-06,42.3767,126.236,7.33e-07,47.9646,158.896,2.79256e-07,54.2906,200.003,9.87351e-09,61.452,251.741,1.61085e-07,69.5585,316.859,-2.47141e-07,78.7347,398.812,8.93552e-08,89.1218,501.948,-2.53231e-07,100.879,631.736,-1.25047e-07,114.188,795.049,-1.78808e-07,129.252,1000.53,2.6733e-07,146.304,1259.03,4.50292e-07,165.605,1584.19,6.76904e-07,187.452,1993.12,-1.23808e-07,212.181,2507.27,-4.89068e-07,240.173,3153.54,-5.40284e-07,271.856,3965.56,1.86061e-07,307.719,4985.38,4.37004e-07,348.313,6265.4,3.59828e-07,394.26,7870.83,3.98192e-07,446.268,9882.51,-1.92908e-07,505.135,12400.3,-2.20392e-07,571.766,15546.9,1.51705e-07,647.184,19472.2,5.74996e-07,732.547,24357.4,5.39112e-07,829.167,30420,5.07815e-09,938.526,37916.3,-4.11492e-07,1062.3,47143.9,-3.9561e-07,1202.4,58439.2,3.86185e-08,1360.96,72169.3,5.94093e-07,1540.42,88715.8,7.47693e-07,1743.53,108445,1.78537e-07,1973.41,131665,-4.12549e-07,2233.57,158557,-5.37164e-07,2528,189103,-1.17615e-07,2861.2,222986,5.66769e-07,3238.27,259510,9.45053e-07,3664.97,297540,4.25093e-07,4147.81,335497,-3.58506e-07,4694.17,371444,-6.7724e-07,5312.37,403256,1.67192e-07,1.61744,3.89446,9.84394,3.28846,7.5504,12.774,5.07607,11.7187,13.6844,7.03202,16.8147,13.9681,9.20215,23.1769,14.0566,11.6301,31.1672,14.0841,14.3598,41.2186,14.0927,17.4376,53.8688,14.0954,20.9137,69.7915,14.0962,24.8432,89.8341,14.0965,29.2879,115.063,14.0966,34.3168,146.819,14.0966,40.0078,186.792,14.0966,46.4487,237.107,14.0966,53.7388,300.44,14.0966,61.9903,380.158,14.0966,71.3301,480.499,14.0966,81.902,606.796,14.0966,93.8685,765.761,14.0966,107.414,965.837,14.0966,122.746,1217.65,14.0966,140.101,1534.57,14.0966,159.745,1933.41,14.0966,181.981,2435.3,14.0966,207.15,3066.85,14.0966,235.64,3861.46,14.0966,267.889,4861.11,14.0966,304.391,6118.54,14.0966,345.709,7699.91,14.0966,392.478,9688.22,14.0966,445.417,12187.5,14.0966,505.339,15327.7,14.0966,573.165,19271.6,14.0966,649.938,24222,14.0966,736.839,30430.9,14.0966,835.202,38211.5,14.0966,946.539,47950.3,14.0966,1072.56,60122.8,14.0966,1215.21,75309.9,14.0966,1376.66,94216.2,14.0966,1559.41,117688,14.0966,1766.26,146729,14.0966,2000.39,182510,14.0966,2265.39,226372,14.0966,2565.33,279806,14.0966,2904.81,344416,14.0966,3289.05,421845,14.0966,3723.93,513667,14.0966,4216.13,621231,14.0966,4773.18,745478,14.0966,5403.64,886744,14.0966,6117.15,1.04457e+06,14.0966,6924.63,1.2176e+06,14.0966,11.7194,11.96,12.6541,13.9321,16.1295,13.6434,16.6097,21.9702,13.9553,19.7532,29.5285,14.0526,23.3844,39.1143,14.0829,27.5423,51.2054,14.0923,32.2796,66.434,14.0953,37.662,85.6061,14.0962,43.7675,109.74,14.0965,50.687,140.119,14.0966,58.5249,178.359,14.0966,67.4005,226.493,14.0966,77.4493,287.08,14.0966,88.8254,363.343,14.0966,101.703,459.336,14.0966,116.281,580.161,14.0966,132.782,732.241,14.0966,151.46,923.655,14.0966,172.603,1164.57,14.0966,196.535,1467.79,14.0966,223.625,1849.39,14.0966,254.288,2329.62,14.0966,288.997,2933.93,14.0966,328.285,3694.33,14.0966,372.755,4651.04,14.0966,423.092,5854.57,14.0966,480.07,7368.38,14.0966,544.564,9272.08,14.0966,617.566,11665.5,14.0966,700.197,14673.6,14.0966,793.729,18452.9,14.0966,899.599,23198.6,14.0966,1019.43,29154.1,14.0966,1155.07,36622.3,14.0966,1308.6,45977.9,14.0966,1482.39,57683.7,14.0966,1679.09,72307.8,14.0966,1901.73,90542.8,14.0966,2153.73,113226,14.0966,2438.97,141360,14.0966,2761.81,176127,14.0966,3127.22,218898,14.0966,3540.81,271226,14.0966,4008.92,334817,14.0966,4538.74,411470,14.0966,5138.38,502973,14.0966,5817.04,610948,14.0966,6585.12,736653,14.0966,7454.39,880741,14.0966,8438.15,1.04302e+06,14.0966,9551.45,1.22224e+06,14.0966,10811.3,1.41602e+06,14.0966,12237,1.62086e+06,14.0966,11.7194,11.96,12.6541,2.21263,4.16949,0.989383,2.67766,5.84076,0.311842,3.14343,7.55825,0.0972771,3.63127,9.58578,0.0303237,4.15787,12.0912,0.00945211,4.73731,15.2286,0.00294633,5.38238,19.1721,0.000918508,6.10553,24.134,0.000286163,6.91951,30.3791,8.92692e-05,7.83792,38.2397,2.78121e-05,8.87555,48.1338,8.65134e-06,10.0489,60.5876,2.7882e-06,11.3761,76.2629,8.29036e-07,12.8779,95.9927,2.4373e-07,14.5775,120.825,4.33068e-09,16.5012,152.08,1.75749e-07,18.6784,191.415,-1.86328e-07,21.1428,240.917,1.91829e-07,23.9322,303.213,-1.81475e-07,27.0895,381.602,7.0186e-08,30.6634,480.231,-2.86769e-08,34.7087,604.316,2.40784e-07,39.2876,760.401,9.87368e-08,44.4705,956.705,1.22263e-07,50.3371,1203.54,-4.31966e-07,56.9776,1513.81,-1.9705e-07,64.494,1903.69,-2.763e-08,73.0018,2393.4,3.9185e-07,82.6317,3008.13,1.35379e-07,93.5318,3779.25,-4.16351e-08,105.869,4745.7,2.06965e-08,119.834,5955.6,-3.18887e-07,135.641,7468.12,-1.48271e-08,153.531,9355.62,2.00739e-07,173.781,11705.8,2.28358e-07,196.701,14624.1,-1.93587e-08,222.642,18235,-2.88101e-07,252.003,22683.4,-2.24732e-07,285.234,28134,8.56806e-09,322.845,34767,2.34258e-07,365.413,42770.9,2.99668e-07,413.588,52327.9,8.28644e-08,468.111,63591.2,-3.07049e-07,529.814,76653.2,-3.1888e-07,599.642,91502.5,-6.72276e-08,678.662,107975,2.26339e-07,768.083,125705,3.69212e-07,869.267,144088,2.04077e-07,983.76,162277,-2.80509e-07,1113.3,179223,-4.22737e-07,1259.87,193777,-1.71951e-07,1425.68,204839,4.55555e-07,11.7194,11.96,12.6541,2.21263,4.16949,0.989383,2.67766,5.84076,0.311842,3.14343,7.55825,0.0972771,3.63127,9.58578,0.0303237,4.15787,12.0912,0.00945211,4.73731,15.2286,0.00294633,5.38238,19.1721,0.000918508,6.10553,24.134,0.000286163,6.91951,30.3791,8.92692e-05,7.83792,38.2397,2.78121e-05,8.87555,48.1338,8.65134e-06,10.0489,60.5876,2.7882e-06,11.3761,76.2629,8.29036e-07,12.8779,95.9927,2.4373e-07,14.5775,120.825,1e-08,16.5012,152.08,1.75749e-07,18.6784,191.415,1e-08,21.1428,240.917,1.91829e-07,23.9322,303.213,1e-08,27.0895,381.602,7.0186e-08,30.6634,480.231,1e-08,34.7087,604.316,2.40784e-07,39.2876,760.401,9.87368e-08,44.4705,956.705,1.22263e-07,50.3371,1203.54,1e-08,56.9776,1513.81,1e-08,64.494,1903.69,1e-08,73.0018,2393.4,3.9185e-07,82.6317,3008.13,1.35379e-07,93.5318,3779.25,1e-08,105.869,4745.7,2.06965e-08,119.834,5955.6,1e-08,135.641,7468.12,1e-08,153.531,9355.62,2.00739e-07,173.781,11705.8,2.28358e-07,196.701,14624.1,1e-08,222.642,18235,1e-08,252.003,22683.4,1e-08,285.234,28134,1e-08,322.845,34767,2.34258e-07,365.413,42770.9,2.99668e-07,413.588,52327.9,8.28644e-08,468.111,63591.2,1e-08,529.814,76653.2,1e-08,599.642,91502.5,1e-08,678.662,107975,2.26339e-07,768.083,125705,3.69212e-07,869.267,144088,2.04077e-07,983.76,162277,1e-08,1113.3,179223,1e-08,1259.87,193777,1e-08,1425.68,204839,4.55555e-07,6.2823,3.27286,2.43537,0.219672,6.18826,2.24117,0.56371,6.87772,2.63624,0.308279,16,32,9,5,4,2,2,7,0,0,8,0,3,9,0,3,20,0,0,14,0,0,18,0,4,38,0,7,29,0,7,70,0,5,46,0,20,63,0,4,23,0,20,115,0,7,125,0,17,150,0,20,105,0,27,212,0,27,306,0,28,299,0,52,373,0,35,493,0,24,383,0,20,552,0,55,891,0,28,1097,0,90,1268,0,95,2104,0,97,3609,0,152,4818,0,35,3264,0,207,4454,0,173,11945,0,143,10262,0,332,12251,0,39,9664,0,184,29298,0,252,7480,0,337,37010,0,350,31043,0,444,32671,0,187,55960,0,523,76973,0,797,99212,0,1109,134682,0,469,91604,0,1048,65831,0,1012,158726,0,1346,94600,0,1089,200095,0,1716,121731,0,1085,119012,0
-1.05176e+08,1,8.88811e-15,10,1023,0,1.05176e+08,0.528882,1.08665,0.389689,0.145397,0.379329,3.24381,0.161596,0.446195,1.77396,0.159177,1.15e+07,4.49998e+06,6.79999e+06,1.15e+07,4.49997e+06,6.79999e+06,1.15e+07,4.49996e+06,6.79999e+06,1.15e+07,4.49995e+06,6.79999e+06,1.14999e+07,4.49993e+06,6.79999e+06,1.14999e+07,4.49991e+06,6.79999e+06,1.14999e+07,4.49989e+06,6.79999e+06,1.14999e+07,4.49986e+06,6.79999e+06,1.14999e+07,4.49982e+06,6.79999e+06,1.14999e+07,4.49977e+06,6.79999e+06,1.14999e+07,4.49971e+06,6.79999e+06,1.14999e+07,4.49963e+06,6.79999e+06,1.14998e+07,4.49953e+06,6.79999e+06,1.14998e+07,4.49941e+06,6.79999e+06,1.14998e+07,4.49926e+06,6.79999e+06,1.14998e+07,4.49906e+06,6.79999e+06,1.14997e+07,4.49882e+06,6.79999e+06,1.14997e+07,4.49851e+06,6.79999e+06,1.14997e+07,4.49812e+06,6.79999e+06,1.14996e+07,4.49764e+06,6.79999e+06,1.14996e+07,4.49702e+06,6.79999e+06,1.14995e+07,4.49625e+06,6.79999e+06,1.14995e+07,4.49528e+06,6.79999e+06,1.14994e+07,4.49406e+06,6.79999e+06,1.14993e+07,4.49253e+06,6.79999e+06,1.14992e+07,4.49059e+06,6.79999e+06,1.14991e+07,4.48817e+06,6.79999e+06,1.1499e+07,4.48511e+06,6.79999e+06,1.14988e+07,4.48128e+06,6.79999e+06,1.14987e+07,4.47646e+06,6.79999e+06,1.14985e+07,4.47041e+06,6.79999e+06,1.14983e+07,4.46281e+06,6.79999e+06,1.14981e+07,4.4533e+06,6.79999e+06,1.14979e+07,4.44138e+06,6.79999e+06,1.14976e+07,4.42649e+06,6.79999e+06,1.14972e+07,4.40789e+06,6.79999e+06,1.14969e+07,4.38471e+06,6.79999e+06,1.14965e+07,4.35592e+06,6.79999e+06,1.1496e+07,4.32027e+06,6.79999e+06,1.14955e+07,4.27629e+06,6.79999e+06,1.14949e+07,4.22231e+06,6.79999e+06,1.14942e+07,4.15647e+06,6.79999e+06,1.14934e+07,4.07676e+06,6.79999e+06,1.14926e+07,3.98112e+06,6.79999e+06,1.14916e+07,3.86765e+06,6.79999e+06,1.14905e+07,3.73474e+06,6.79999e+06,1.14892e+07,3.58148e+06,6.79999e+06,1.14878e+07,3.40785e+06,6.79999e+06,1.14862e+07,3.21513e+06,6.79999e+06,1.14844e+07,3.00605e+06,6.79999e+06,1.14823e+07,2.7848e+06,6.79999e+06,1.148e+07,2.5568e+06,6.79999e+06,1.14773e+07,2.32825e+06,6.79999e+06,13.5742,8.52444,0.508366,16.8306,13.2585,0.162638,20.0035,17.569,0.0507846,23.2616,22.4214,0.0158319,26.7328,28.3297,0.00493498,30.5212,35.6974,0.00153831,34.7178,44.9473,0.000479527,39.4086,56.5822,0.000149456,44.6796,71.2245,4.66214e-05,50.6209,89.6543,1.45419e-05,57.3297,112.852,4.54748e-06,64.9129,142.051,1.43857e-06,73.4897,178.803,4.36618e-07,83.1934,225.062,1.40153e-07,94.1745,283.286,4.96378e-08,106.602,356.568,1.05434e-07,120.669,448.799,-6.49244e-08,136.59,564.873,1.70148e-07,154.611,710.948,-5.34594e-08,175.008,894.767,1.63407e-07,198.097,1126.06,8.04804e-08,224.231,1417.07,1.14667e-07,253.813,1783.15,-1.71227e-07,287.297,2243.62,-2.88466e-07,325.198,2822.67,-4.33651e-07,368.098,3550.67,7.9318e-08,416.657,4465.65,3.13319e-07,471.621,5615.16,3.4613e-07,533.835,7058.61,-1.19199e-07,604.255,8870.02,-2.79964e-07,683.962,11141.4,-2.30521e-07,774.182,13986.7,-2.55099e-07,876.299,17546.4,1.23585e-07,991.883,21993.1,1.41192e-07,1122.71,27536.7,-9.71886e-08,1270.78,34430.7,-3.68368e-07,1438.38,42977.7,-3.45379e-07,1628.07,53532.7,-3.25328e-09,1842.77,66504.6,2.6362e-07,2085.77,82350.2,2.53445e-07,2360.79,101560,-2.47407e-08,2672.05,124632,-3.80602e-07,3024.31,152018,-4.79005e-07,3422.98,184060,-1.14379e-07,3874.15,220884,2.64297e-07,4384.72,262283,3.44131e-07,4962.49,307576,7.5349e-08,5616.29,355497,-3.63097e-07,6356.1,404126,-6.05442e-07,7193.18,450932,-2.72333e-07,8140.28,492963,2.29675e-07,9211.79,527178,4.3387e-07,10424,550893,-1.0711e-07,10.102,8.06553,2.81012,10.6436,8.57909,0.869423,11.5336,10.2515,0.270869,12.7211,12.7138,0.0844293,14.1823,15.9373,0.0263173,15.9122,20.0383,0.0082035,17.9198,25.2154,0.00255722,20.2244,31.7373,0.000797017,22.8539,39.9486,0.000248622,25.8438,50.2851,7.75492e-05,29.237,63.2963,2.42508e-05,33.0837,79.6738,7.67162e-06,37.4415,100.288,2.32837e-06,42.3767,126.236,7.33e-07,47.9646,158.896,2.79256e-07,54.2906,200.003,9.87351e-09,61.452,251.741,1.61085e-07,69.5585,316.859,-2.47141e-07,78.7347,398.812,8.93552e-08,89.1218,501.948,-2.53231e-07,100.879,631.736,-1.25047e-07,114.188,795.049,-1.78808e-07,129.252,1000.53,2.6733e-07,146.304,1259.03,4.50292e-07,165.605,1584.19,6.76904e-07,187.452,1993.12,-1.23808e-07,212.181,2507.27,-4.89068e-07,240.173,3153.54,-5.40284e-07,271.856,3965.56,1.86061e-07,307.719,4985.38,4.37004e-07,348.313,6265.4,3.59828e-07,394.26,7870.83,3.98192e-07,446.268,9882.51,-1.92908e-07,505.135,12400.3,-2.20392e-07,571.766,15546.9,1.51705e-07,647.184,19472.2,5.74996e-07,732.547,24357.4,5.39112e-07,829.167,30420,5.07815e-09,938.526,37916.3,-4.11492e-07,1062.3,47143.9,-3.9561e-07,1202.4,58439.2,3.86185e-08,1360.96,72169.3,5.94093e-07,1540.42,88715.8,7.47693e-07,1743.53,108445,1.78537e-07,1973.41,131665,-4.12549e-07,2233.57,158557,-5.37164e-07,2528,189103,-1.17615e-07,2861.2,222986,5.66769e-07,3238.27,259510,9.45053e-07,3664.97,297540,4.25093e-07,4147.81,335497,-3.58506e-07,4694.17,371444,-6.7724e-07,5312.37,403256,1.67192e-07,1.61744,3.89446,9.84394,3.28846,7.5504,12.774,5.07607,11.7187,13.6844,7.03202,16.8147,13.9681,9.20215,23.1769,14.0566,11.6301,31.1672,14.0841,14.3598,41.2186,14.0927,17.4376,53.8688,14.0954,20.9137,69.7915,14.0962,24.8432,89.8341,14.0965,29.2879,115.063,14.0966,34.3168,146.819,14.0966,40.0078,186.792,14.0966,46.4487,237.107,14.0966,53.7388,300.44,14.0966,61.9903,380.158,14.0966,71.3301,480.499,14.0966,81.902,606.796,14.0966,93.8685,765.761,14.0966,107.414,965.837,14.0966,122.746,1217.65,14.0966,140.101,1534.57,14.0966,159.745,1933.41,14.0966,181.981,2435.3,14.0966,207.15,3066.85,14.0966,235.64,3861.46,14.0966,267.889,4861.11,14.0966,304.391,6118.54,14.0966,345.709,7699.91,14.0966,392.478,9688.22,14.0966,445.417,12187.5,14.0966,505.339,15327.7,14.0966,573.165,19271.6,14.0966,649.938,24222,14.0966,736.839,30430.9,14.0966,835.202,38211.5,14.0966,946.539,47950.3,14.0966,1072.56,60122.8,14.0966,1215.21,75309.9,14.0966,1376.66,94216.2,14.0966,1559.41,117688,14.0966,1766.26,146729,14.0966,2000.39,182510,14.0966,2265.39,226372,14.0966,2565.33,279806,14.0966,2904.81,344416,14.0966,3289.05,421845,14.0966,3723.93,513667,14.0966,4216.13,621231,14.0966,4773.18,745478,14.0966,5403.64,886744,14.0966,6117.15,1.04457e+06,14.0966,6924.63,1.2176e+06,14.0966,11.7194,11.96,12.6541,13.9321,16.1295,13.6434,16.6097,21.9702,13.9553,19.7532,29.5285,14.0526,23.3844,39.1143,14.0829,27.5423,51.2054,14.0923,32.2796,66.434,14.0953,37.662,85.6061,14.0962,43.7675,109.74,14.0965,50.687,140.119,14.0966,58.5249,178.359,14.0966,67.4005,226.493,14.0966,77.4493,287.08,14.0966,88.8254,363.343,14.0966,101.703,459.336,14.0966,116.281,580.161,14.0966,132.782,732.241,14.0966,151.46,923.655,14.0966,172.603,1164.57,14.0966,196.535,1467.79,14.0966,223.625,1849.39,14.0966,254.288,2329.62,14.0966,288.997,2933.93,14.0966,328.285,3694.33,14.0966,372.755,4651.04,14.0966,423.092,5854.57,14.0966,480.07,7368.38,14.0966,544.564,9272.08,14.0966,617.566,11665.5,14.0966,700.197,14673.6,14.0966,793.729,18452.9,14.0966,899.599,23198.6,14.0966,1019.43,29154.1,14.0966,1155.07,36622.3,14.0966,1308.6,45977.9,14.0966,1482.39,57683.7,14.0966,1679.09,72307.8,14.0966,1901.73,90542.8,14.0966,2153.73,113226,14.0966,2438.97,141360,14.0966,2761.81,176127,14.0966,3127.22,218898,14.0966,3540.81,271226,14.0966,4008.92,334817,14.0966,4538.74,411470,14.0966,5138.38,502973,14.0966,5817.04,610948,14.0966,6585.12,736653,14.0966,7454.39,880741,14.0966,8438.15,1.04302e+06,14.0966,9551.45,1.22224e+06,14.0966,10811.3,1.41602e+06,14.0966,12237,1.62086e+06,14.0966,11.7194,11.96,12.6541,2.21263,4.16949,0.989383,2.67766,5.84076,0.311842,3.14343,7.55825,0.0972771,3.63127,9.58578,0.0303237,4.15787,12.0912,0.00945211,4.73731,15.2286,0.00294633,5.38238,19.1721,0.000918508,6.10553,24.134,0.000286163,6.91951,30.3791,8.92692e-05,7.83792,38.2397,2.78121e-05,8.87555,48.1338,8.65134e-06,10.0489,60.5876,2.7882e-06,11.3761,76.2629,8.29036e-07,12.8779,95.9927,2.4373e-07,14.5775,120.825,4.33068e-09,16.5012,152.08,1.75749e-07,18.6784,191.415,-1.86328e-07,21.1428,240.917,1.91829e-07,23.9322,303.213,-1.81475e-07,27.0895,381.602,7.0186e-08,30.6634,480.231,-2.86769e-08,34.7087,604.316,2.40784e-07,39.2876,760.401,9.87368e-08,44.4705,956.705,1.22263e-07,50.3371,1203.54,-4.31966e-07,56.9776,1513.81,-1.9705e-07,64.494,1903.69,-2.763e-08,73.0018,2393.4,3.9185e-07,82.6317,3008.13,1.35379e-07,93.5318,3779.25,-4.16351e-08,105.869,4745.7,2.06965e-08,119.834,5955.6,-3.18887e-07,135.641,7468.12,-1.48271e-08,153.531,9355.62,2.00739e-07,173.781,11705.8,2.28358e-07,196.701,14624.1,-1.93587e-08,222.642,18235,-2.88101e-07,252.003,22683.4,-2.24732e-07,285.234,28134,8.56806e-09,322.845,34767,2.34258e-07,365.413,42770.9,2.99668e-07,413.588,52327.9,8.28644e-08,468.111,63591.2,-3.07049e-07,529.814,76653.2,-3.1888e-07,599.642,91502.5,-6.72276e-08,678.662,107975,2.26339e-07,768.083,125705,3.69212e-07,869.267,144088,2.04077e-07,983.76,162277,-2.80509e-07,1113.3,179223,-4.22737e-07,1259.87,193777,-1.71951e-07,1425.68,204839,4.55555e-07,11.7194,11.96,12.6541,2.21263,4.16949,0.989383,2.67766,5.84076,0.311842,3.14343,7.55825,0.0972771,3.63127,9.58578,0.0303237,4.15787,12.0912,0.00945211,4.73731,15.2286,0.00294633,5.38238,19.1721,0.000918508,6.10553,24.134,0.000286163,6.91951,30.3791,8.92692e-05,7.83792,38.2397,2.78121e-05,8.87555,48.1338,8.65134e-06,10.0489,60.5876,2.7882e-06,11.3761,76.2629,8.29036e-07,12.8779,95.9927,2.4373e-07,14.5775,120.825,1e-08,16.5012,152.08,1.75749e-07,18.6784,191.415,1e-08,21.1428,240.917,1.91829e-07,23.9322,303.213,1e-08,27.0895,381.602,7.0186e-08,30.6634,480.231,1e-08,34.7087,604.316,2.40784e-07,39.2876,760.401,9.87368e-08,44.4705,956.705,1.22263e-07,50.3371,1203.54,1e-08,56.9776,1513.81,1e-08,64.494,1903.69,1e-08,73.0018,2393.4,3.9185e-07,82.6317,3008.13,1.35379e-07,93.5318,3779.25,1e-08,105.869,4745.7,2.06965e-08,119.834,5955.6,1e-08,135.641,7468.12,1e-08,153.531,9355.62,2.00739e-07,173.781,11705.8,2.28358e-07,196.701,14624.1,1e-08,222.642,18235,1e-08,252.003,22683.4,1e-08,285.234,28134,1e-08,322.845,34767,2.34258e-07,365.413,42770.9,2.99668e-07,413.588,52327.9,8.28644e-08,468.111,63591.2,1e-08,529.814,76653.2,1e-08,599.642,91502.5,1e-08,678.662,107975,2.26339e-07,768.083,125705,3.69212e-07,869.267,144088,2.04077e-07,983.76,162277,1e-08,1113.3,179223,1e-08,1259.87,193777,1e-08,1425.68,204839,4.55555e-07,6.2823,3.27286,2.43537,0.219672,6.18826,2.24117,0.56371,6.87772,2.63624,0.308279,6,15,8,2,3,0,1,6,0,2,11,0,3,4,0,3,18,0,3,22,0,3,30,0,10,32,0,9,32,0,8,27,0,5,66,0,13,72,0,14,45,0,25,85,0,18,101,0,6,124,0,15,167,0,8,134,0,36,441,0,29,220,0,15,564,0,8,425,0,23,731,0,41,775,0,14,1377,0,79,1279,0,61,2444,0,108,2054,0,57,4254,0,109,4222,0,84,4149,0,64,6393,0,201,3001,0,89,5948,0,127,4762,0,175,15695,0,336,11265,0,145,31124,0,182,14596,0,367,41418,0,469,62303,0,441,64008,0,401,86297,0,480,82719,0,1011,57637,0,965,152597,0,771,172729,0,551,131224,0,1378,181929,0,987,166089,0,1238,321565,0,1390,161787,0
-1.05176e+08,1,8.88811e-15,10,1023,0,1.05176e+08,0.528882,1.08665,0.389689,0.145397,0.379329,3.24381,0.161596,0.446195,1.77396,0.159177,1.15e+07,4.49998e+06,6.79999e+06,1.15e+07,4.49997e+06,6.79999e+06,1.15e+07,4.49996e+06,6.79999e+06,1.15e+07,4.49995e+06,6.79999e+06,1.14999e+07,4.49993e+06,6.79999e+06,1.14999e+07,4.49991e+06,6.79999e+06,1.14999e+07,4.49989e+06,6.79999e+06,1.14999e+07,4.49986e+06,6.79999e+06,1.14999e+07,4.49982e+06,6.79999e+06,1.14999e+07,4.49977e+06,6.79999e+06,1.14999e+07,4.49971e+06,6.79999e+06,1.14999e+07,4.49963e+06,6.79999e+06,1.14998e+07,4.49953e+06,6.79999e+06,1.14998e+07,4.49941e+06,6.79999e+06,1.14998e+07,4.49926e+06,6.79999e+06,1.14998e+07,4.49906e+06,6.79999e+06,1.14997e+07,4.49882e+06,6.79999e+06,1.14997e+07,4.49851e+06,6.79999e+06,1.14997e+07,4.49812e+06,6.79999e+06,1.14996e+07,4.49764e+06,6.79999e+06,1.14996e+07,4.49702e+06,6.79999e+06,1.14995e+07,4.49625e+06,6.79999e+06,1.14995e+07,4.49528e+06,6.79999e+06,1.14994e+07,4.49406e+06,6.79999e+06,1.14993e+07,4.49253e+06,6.79999e+06,1.14992e+07,4.49059e+06,6.79999e+06,1.14991e+07,4.48817e+06,6.79999e+06,1.1499e+07,4.48511e+06,6.79999e+06,1.14988e+07,4.48128e+06,6.79999e+06,1.14987e+07,4.47646e+06,6.79999e+06,1.14985e+07,4.47041e+06,6.79999e+06,1.14983e+07,4.46281e+06,6.79999e+06,1.14981e+07,4.4533e+06,6.79999e+06,1.14979e+07,4.44138e+06,6.79999e+06,1.14976e+07,4.42649e+06,6.79999e+06,1.14972e+07,4.40789e+06,6.79999e+06,1.14969e+07,4.38471e+06,6.79999e+06,1.14965e+07,4.35592e+06,6.79999e+06,1.1496e+07,4.32027e+06,6.79999e+06,1.14955e+07,4.27629e+06,6.79999e+06,1.14949e+07,4.22231e+06,6.79999e+06,1.14942e+07,4.15647e+06,6.79999e+06,1.14934e+07,4.07676e+06,6.79999e+06,1.14926e+07,3.98112e+06,6.79999e+06,1.14916e+07,3.86765e+06,6.79999e+06,1.14905e+07,3.73474e+06,6.79999e+06,1.14892e+07,3.58148e+06,6.79999e+06,1.14878e+07,3.40785e+06,6.79999e+06,1.14862e+07,3.21513e+06,6.79999e+06,1.14844e+07,3.00605e+06,6.79999e+06,1.14823e+07,2.7848e+06,6.79999e+06,1.148e+07,2.5568e+06,6.79999e+06,1.14773e+07,2.32825e+06,6.79999e+06,13.5742,8.52444,0.508366,16.8306,13.2585,0.162638,20.0035,17.569,0.0507846,23.2616,22.4214,0.0158319,26.7328,28.3297,0.00493498,30.5212,35.6974,0.00153831,34.7178,44.9473,0.000479527,39.4086,56.5822,0.000149456,44.6796,71.2245,4.66214e-05,50.6209,89.6543,1.45419e-05,57.3297,112.852,4.54748e-06,64.9129,142.051,1.43857e-06,73.4897,178.803,4.36618e-07,83.1934,225.062,1.40153e-07,94.1745,283.286,4.96378e-08,106.602,356.568,1.05434e-07,120.669,448.799,-6.49244e-08,136.59,564.873,1.70148e-07,154.611,710.948,-5.34594e-08,175.008,894.767,1.63407e-07,198.097,1126.06,8.04804e-08,224.231,1417.07,1.14667e-07,253.813,1783.15,-1.71227e-07,287.297,2243.62,-2.88466e-07,325.198,2822.67,-4.33651e-07,368.098,3550.67,7.9318e-08,416.657,4465.65,3.13319e-07,471.621,5615.16,3.4613e-07,533.835,7058.61,-1.19199e-07,604.255,8870.02,-2.79964e-07,683.962,11141.4,-2.30521e-07,774.182,13986.7,-2.55099e-07,876.299,17546.4,1.23585e-07,991.883,21993.1,1.41192e-07,1122.71,27536.7,-9.71886e-08,1270.78,34430.7,-3.68368e-07,1438.38,42977.7,-3.45379e-07,1628.07,53532.7,-3.25328e-09,1842.77,66504.6,2.6362e-07,2085.77,82350.2,2.53445e-07,2360.79,101560,-2.47407e-08,2672.05,124632,-3.80602e-07,3024.31,152018,-4.79005e-07,3422.98,184060,-1.14379e-07,3874.15,220884,2.64297e-07,4384.72,262283,3.44131e-07,4962.49,307576,7.5349e-08,5616.29,355497,-3.63097e-07,6356.1,404126,-6.05442e-07,7193.18,450932,-2.72333e-07,8140.28,492963,2.29675e-07,9211.79,527178,4.3387e-07,10424,550893,-1.0711e-07,10.102,8.06553,2.81012,10.6436,8.57909,0.869423,11.5336,10.2515,0.270869,12.7211,12.7138,0.0844293,14.1823,15.9373,0.0263173,15.9122,20.0383,0.0082035,17.9198,25.2154,0.00255722,20.2244,31.7373,0.000797017,22.8539,39.9486,0.000248622,25.8438,50.2851,7.75492e-05,29.237,63.2963,2.42508e-05,33.0837,79.6738,7.67162e-06,37.4415,100.288,2.32837e-06,42.3767,126.236,7.33e-07,47.9646,158.896,2.79256e-07,54.2906,200.003,9.87351e-09,61.452,251.741,1.61085e-07,69.5585,316.859,-2.47141e-07,78.7347,398.812,8.93552e-08,89.1218,501.948,-2.53231e-07,100.879,631.736,-1.25047e-07,114.188,795.049,-1.78808e-07,129.252,1000.53,2.6733e-07,146.304,1259.03,4.50292e-07,165.605,1584.19,6.76904e-07,187.452,1993.12,-1.23808e-07,212.181,2507.27,-4.89068e-07,240.173,3153.54,-5.40284e-07,271.856,3965.56,1.86061e-07,307.719,4985.38,4.37004e-07,348.313,6265.4,3.59828e-07,394.26,7870.83,3.98192e-07,446.268,9882.51,-1.92908e-07,505.135,12400.3,-2.20392e-07,571.766,15546.9,1.51705e-07,647.184,19472.2,5.74996e-07,732.547,24357.4,5.39112e-07,829.167,30420,5.07815e-09,938.526,37916.3,-4.11492e-07,1062.3,47143.9,-3.9561e-07,1202.4,58439.2,3.86185e-08,1360.96,72169.3,5.94093e-07,1540.42,88715.8,7.47693e-07,1743.53,108445,1.78537e-07,1973.41,131665,-4.12549e-07,2233.57,158557,-5.37164e-07,2528,189103,-1.17615e-07,2861.2,222986,5.66769e-07,3238.27,259510,9.45053e-07,3664.97,297540,4.25093e-07,4147.81,335497,-3.58506e-07,4694.17,371444,-6.7724e-07,5312.37,403256,1.67192e-07,1.61744,3.89446,9.84394,3.28846,7.5504,12.774,5.07607,11.7187,13.6844,7.03202,16.8147,13.9681,9.20215,23.1769,14.0566,11.6301,31.1672,14.0841,14.3598,41.2186,14.0927,17.4376,53.8688,14.0954,20.9137,69.7915,14.0962,24.8432,89.8341,14.0965,29.2879,115.063,14.0966,34.3168,146.819,14.0966,40.0078,186.792,14.0966,46.4487,237.107,14.0966,53.7388,300.44,14.0966,61.9903,380.158,14.0966,71.3301,480.499,14.0966,81.902,606.796,14.0966,93.8685,765.761,14.0966,107.414,965.837,14.0966,122.746,1217.65,14.0966,140.101,1534.57,14.0966,159.745,1933.41,14.0966,181.981,2435.3,14.0966,207.15,3066.85,14.0966,235.64,3861.46,14.0966,267.889,4861.11,14.0966,304.391,6118.54,14.0966,345.709,7699.91,14.0966,392.478,9688.22,14.0966,445.417,12187.5,14.0966,505.339,15327.7,14.0966,573.165,19271.6,14.0966,649.938,24222,14.0966,736.839,30430.9,14.0966,835.202,38211.5,14.0966,946.539,47950.3,14.0966,1072.56,60122.8,14.0966,1215.21,75309.9,14.0966,1376.66,94216.2,14.0966,1559.41,117688,14.0966,1766.26,146729,14.0966,2000.39,182510,14.0966,2265.39,226372,14.0966,2565.33,279806,14.0966,2904.81,344416,14.0966,3289.05,421845,14.0966,3723.93,513667,14.0966,4216.13,621231,14.0966,4773.18,745478,14.0966,5403.64,886744,14.0966,6117.15,1.04457e+06,14.0966,6924.63,1.2176e+06,14.0966,11.7194,11.96,12.6541,13.9321,16.1295,13.6434,16.6097,21.9702,13.9553,19.7532,29.5285,14.0526,23.3844,39.1143,14.0829,27.5423,51.2054,14.0923,32.2796,66.434,14.0953,37.662,85.6061,14.0962,43.7675,109.74,14.0965,50.687,140.119,14.0966,58.5249,178.359,14.0966,67.4005,226.493,14.0966,77.4493,287.08,14.0966,88.8254,363.343,14.0966,101.703,459.336,14.0966,116.281,580.161,14.0966,132.782,732.241,14.0966,151.46,923.655,14.0966,172.603,1164.57,14.0966,196.535,1467.79,14.0966,223.625,1849.39,14.0966,254.288,2329.62,14.0966,288.997,2933.93,14.0966,328.285,3694.33,14.0966,372.755,4651.04,14.0966,423.092,5854.57,14.0966,480.07,7368.38,14.0966,544.564,9272.08,14.0966,617.566,11665.5,14.0966,700.197,14673.6,14.0966,793.729,18452.9,14.0966,899.599,23198.6,14.0966,1019.43,29154.1,14.0966,1155.07,36622.3,14.0966,1308.6,45977.9,14.0966,1482.39,57683.7,14.0966,1679.09,72307.8,14.0966,1901.73,90542.8,14.0966,2153.73,113226,14.0966,2438.97,141360,14.0966,2761.81,176127,14.0966,3127.22,218898,14.0966,3540.81,271226,14.0966,4008.92,334817,14.0966,4538.74,411470,14.0966,5138.38,502973,14.0966,5817.04,610948,14.0966,6585.12,736653,14.0966,7454.39,880741,14.0966,8438.15,1.04302e+06,14.0966,9551.45,1.22224e+06,14.0966,10811.3,1.41602e+06,14.0966,12237,1.62086e+06,14.0966,11.7194,11.96,12.6541,2.21263,4.16949,0.989383,2.67766,5.84076,0.311842,3.14343,7.55825,0.0972771,3.63127,9.58578,0.0303237,4.15787,12.0912,0.00945211,4.73731,15.2286,0.00294633,5.38238,19.1721,0.000918508,6.10553,24.134,0.000286163,6.91951,30.3791,8.92692e-05,7.83792,38.2397,2.78121e-05,8.87555,48.1338,8.65134e-06,10.0489,60.5876,2.7882e-06,11.3761,76.2629,8.29036e-07,12.8779,95.9927,2.4373e-07,14.5775,120.825,4.33068e-09,16.5012,152.08,1.75749e-07,18.6784,191.415,-1.86328e-07,21.1428,240.917,1.91829e-07,23.9322,303.213,-1.81475e-07,27.0895,381.602,7.0186e-08,30.6634,480.231,-2.86769e-08,34.7087,604.316,2.40784e-07,39.2876,760.401,9.87368e-08,44.4705,956.705,1.22263e-07,50.3371,1203.54,-4.31966e-07,56.9776,1513.81,-1.9705e-07,64.494,1903.69,-2.763e-08,73.0018,2393.4,3.9185e-07,82.6317,3008.13,1.35379e-07,93.5318,3779.25,-4.16351e-08,105.869,4745.7,2.06965e-08,119.834,5955.6,-3.18887e-07,135.641,7468.12,-1.48271e-08,153.531,9355.62,2.00739e-07,173.781,11705.8,2.28358e-07,196.701,14624.1,-1.93587e-08,222.642,18235,-2.88101e-07,252.003,22683.4,-2.24732e-07,285.234,28134,8.56806e-09,322.845,34767,2.34258e-07,365.413,42770.9,2.99668e-07,413.588,52327.9,8.28644e-08,468.111,63591.2,-3.07049e-07,529.814,76653.2,-3.1888e-07,599.642,91502.5,-6.72276e-08,678.662,107975,2.26339e-07,768.083,125705,3.69212e-07,869.267,144088,2.04077e-07,983.76,162277,-2.80509e-07,1113.3,179223,-4.22737e-07,1259.87,193777,-1.71951e-07,1425.68,204839,4.55555e-07,11.7194,11.96,12.6541,2.21263,4.16949,0.989383,2.67766,5.84076,0.311842,3.14343,7.55825,0.0972771,3.63127,9.58578,0.0303237,4.15787,12.0912,0.00945211,4.73731,15.2286,0.00294633,5.38238,19.1721,0.000918508,6.10553,24.134,0.000286163,6.91951,30.3791,8.92692e-05,7.83792,38.2397,2.78121e-05,8.87555,48.1338,8.65134e-06,10.0489,60.5876,2.7882e-06,11.3761,76.2629,8.29036e-07,12.8779,95.9927,2.4373e-07,14.5775,120.825,1e-08,16.5012,152.08,1.75749e-07,18.6784,191.415,1e-08,21.1428,240.917,1.91829e-07,23.9322,303.213,1e-08,27.0895,381.602,7.0186e-08,30.6634,480.231,1e-08,34.7087,604.316,2.40784e-07,39.2876,760.401,9.87368e-08,44.4705,956.705,1.22263e-07,50.3371,1203.54,1e-08,56.9776,1513.81,1e-08,64.494,1903.69,1e-08,73.0018,2393.4,3.9185e-07,82.6317,3008.13,1.35379e-07,93.5318,3779.25,1e-08,105.869,4745.7,2.06965e-08,119.834,5955.6,1e-08,135.641,7468.12,1e-08,153.531,9355.62,2.00739e-07,173.781,11705.8,2.28358e-07,196.701,14624.1,1e-08,222.642,18235,1e-08,252.003,22683.4,1e-08,285.234,28134,1e-08,322.845,34767,2.34258e-07,365.413,42770.9,2.99668e-07,413.588,52327.9,8.28644e-08,468.111,63591.2,1e-08,529.814,76653.2,1e-08,599.642,91502.5,1e-08,678.662,107975,2.26339e-07,768.083,125705,3.69212e-07,869.267,144088,2.04077e-07,983.76,162277,1e-08,1113.3,179223,1e-08,1259.87,193777,1e-08,1425.68,204839,4.55555e-07,6.2823,3.27286,2.43537,0.219672,6.18826,2.24117,0.56371,6.87772,2.63624,0.308279,20,26,9,5,5,2,4,14,0,3,5,0,4,15,0,7,8,0,3,14,0,8,27,0,8,31,0,4,36,0,6,41,0,6,21,0,9,54,0,11,87,0,7,111,0,12,53,0,11,121,0,14,112,0,14,485,0,8,245,0,32,378,0,36,656,0,30,975,0,40,987,0,73,536,0,47,1255,0,52,1241,0,45,775,0,44,1009,0,120,4420,0,74,2645,0,71,4234,0,85,6676,0,107,7849,0,108,10991,0,367,15726,0,134,12856,0,156,13837,0,257,20806,0,213,21514,0,295,37843,0,716,64049,0,395,28369,0,234,52612,0,379,69938,0,338,68942,0,370,115873,0,761,154823,0,1073,135084,0,1105,110013,0,964,197816,0,1092,230344,0,1877,212480,0
-1.05176e+08,1,8.88811e-15,10,1023,0,1.05176e+08,0.528882,1.08665,0.389689,0.145397,0.379329,3.24381,0.161596,0.446195,1.77396,0.159177,1.15e+07,4.49998e+06,6.79999e+06,1.15e+07,4.49997e+06,6.79999e+06,1.15e+07,4.49996e+06,6.79999e+06,1.15e+07,4.49995e+06,6.79999e+06,1.14999e+07,4.49993e+06,6.79999e+06,1.14999e+07,4.49991e+06,6.79999e+06,1.14999e+07,4.49989e+06,6.79999e+06,1.14999e+07,4.49986e+06,6.79999e+06,1.14999e+07,4.49982e+06,6.79999e+06,1.14999e+07,4.49977e+06,6.79999e+06,1.14999e+07,4.49971e+06,6.79999e+06,1.14999e+07,4.49963e+06,6.79999e+06,1.14998e+07,4.49953e+06,6.79999e+06,1.14998e+07,4.49941e+06,6.79999e+06,1.14998e+07,4.49926e+06,6.79999e+06,1.14998e+07,4.49906e+06,6.79999e+06,1.14997e+07,4.49882e+06,6.79999e+06,1.14997e+07,4.49851e+06,6.79999e+06,1.14997e+07,4.49812e+06,6.79999e+06,1.14996e+07,4.49764e+06,6.79999e+06,1.14996e+07,4.49702e+06,6.79999e+06,1.14995e+07,4.49625e+06,6.79999e+06,1.14995e+07,4.49528e+06,6.79999e+06,1.14994e+07,4.49406e+06,6.79999e+06,1.14993e+07,4.49253e+06,6.79999e+06,1.14992e+07,4.49059e+06,6.79999e+06,1.14991e+07,4.48817e+06,6.79999e+06,1.1499e+07,4.48511e+06,6.79999e+06,1.14988e+07,4.48128e+06,6.79999e+06,1.14987e+07,4.47646e+06,6.79999e+06,1.14985e+07,4.47041e+06,6.79999e+06,1.14983e+07,4.46281e+06,6.79999e+06,1.14981e+07,4.4533e+06,6.79999e+06,1.14979e+07,4.44138e+06,6.79999e+06,1.14976e+07,4.42649e+06,6.79999e+06,1.14972e+07,4.40789e+06,6.79999e+06,1.14969e+07,4.38471e+06,6.79999e+06,1.14965e+07,4.35592e+06,6.79999e+06,1.1496e+07,4.32027e+06,6.79999e+06,1.14955e+07,4.27629e+06,6.79999e+06,1.14949e+07,4.22231e+06,6.79999e+06,1.14942e+07,4.15647e+06,6.79999e+06,1.14934e+07,4.07676e+06,6.79999e+06,1.14926e+07,3.98112e+06,6.79999e+06,1.14916e+07,3.86765e+06,6.79999e+06,1.14905e+07,3.73474e+06,6.79999e+06,1.14892e+07,3.58148e+06,6.79999e+06,1.14878e+07,3.40785e+06,6.79999e+06,1.14862e+07,3.21513e+06,6.79999e+06,1.14844e+07,3.00605e+06,6.79999e+06,1.14823e+07,2.7848e+06,6.79999e+06,1.148e+07,2.5568e+06,6.79999e+06,1.14773e+07,2.32825e+06,6.79999e+06,13.5742,8.52444,0.508366,16.8306,13.2585,0.162638,20.0035,17.569,0.0507846,23.2616,22.4214,0.0158319,26.7328,28.3297,0.00493498,30.5212,35.6974,0.00153831,34.7178,44.9473,0.000479527,39.4086,56.5822,0.000149456,44.6796,71.2245,4.66214e-05,50.6209,89.6543,1.45419e-05,57.3297,112.852,4.54748e-06,64.9129,142.051,1.43857e-06,73.4897,178.803,4.36618e-07,83.1934,225.062,1.40153e-07,94.1745,283.286,4.96378e-08,106.602,356.568,1.05434e-07,120.669,448.799,-6.49244e-08,136.59,564.873,1.70148e-07,154.611,710.948,-5.34594e-08,175.008,894.767,1.63407e-07,198.097,1126.06,8.04804e-08,224.231,1417.07,1.14667e-07,253.813,1783.15,-1.71227e-07,287.297,2243.62,-2.88466e-07,325.198,2822.67,-4.33651e-07,368.098,3550.67,7.9318e-08,416.657,4465.65,3.13319e-07,471.621,5615.16,3.4613e-07,533.835,7058.61,-1.19199e-07,604.255,8870.02,-2.79964e-07,683.962,11141.4,-2.30521e-07,774.182,13986.7,-2.55099e-07,876.299,17546.4,1.23585e-07,991.883,21993.1,1.41192e-07,1122.71,27536.7,-9.71886e-08,1270.78,34430.7,-3.68368e-07,1438.38,42977.7,-3.45379e-07,1628.07,53532.7,-3.25328e-09,1842.77,66504.6,2.6362e-07,2085.77,82350.2,2.53445e-07,2360.79,101560,-2.47407e-08,2672.05,124632,-3.80602e-07,3024.31,152018,-4.79005e-07,3422.98,184060,-1.14379e-07,3874.15,220884,2.64297e-07,4384.72,262283,3.44131e-07,4962.49,307576,7.5349e-08,5616.29,355497,-3.63097e-07,6356.1,404126,-6.05442e-07,7193.18,450932,-2.72333e-07,8140.28,492963,2.29675e-07,9211.79,527178,4.3387e-07,10424,550893,-1.0711e-07,10.102,8.06553,2.81012,10.6436,8.57909,0.869423,11.5336,10.2515,0.270869,12.7211,12.7138,0.0844293,14.1823,15.9373,0.0263173,15.9122,20.0383,0.0082035,17.9198,25.2154,0.00255722,20.2244,31.7373,0.000797017,22.8539,39.9486,0.000248622,25.8438,50.2851,7.75492e-05,29.237,63.2963,2.42508e-05,33.0837,79.6738,7.67162e-06,37.4415,100.288,2.32837e-06,42.3767,126.236,7.33e-07,47.9646,158.896,2.79256e-07,54.2906,200.003,9.87351e-09,61.452,251.741,1.61085e-07,69.5585,316.859,-2.47141e-07,78.7347,398.812,8.93552e-08,89.1218,501.948,-2.53231e-07,100.879,631.736,-1.25047e-07,114.188,795.049,-1.78808e-07,129.252,1000.53,2.6733e-07,146.304,1259.03,4.50292e-07,165.605,1584.19,6.76904e-07,187.452,1993.12,-1.23808e-07,212.181,2507.27,-4.89068e-07,240.173,3153.54,-5.40284e-07,271.856,3965.56,1.86061e-07,307.719,4985.38,4.37004e-07,348.313,6265.4,3.59828e-07,394.26,7870.83,3.98192e-07,446.268,9882.51,-1.92908e-07,505.135,12400.3,-2.20392e-07,571.766,15546.9,1.51705e-07,647.184,19472.2,5.74996e-07,732.547,24357.4,5.39112e-07,829.167,30420,5.07815e-09,938.526,37916.3,-4.11492e-07,1062.3,47143.9,-3.9561e-07,1202.4,58439.2,3.86185e-08,1360.96,72169.3,5.94093e-07,1540.42,88715.8,7.47693e-07,1743.53,108445,1.78537e-07,1973.41,131665,-4.12549e-07,2233.57,158557,-5.37164e-07,2528,189103,-1.17615e-07,2861.2,222986,5.66769e-07,3238.27,259510,9.45053e-07,3664.97,297540,4.25093e-07,4147.81,335497,-3.58506e-07,4694.17,371444,-6.7724e-07,5312.37,403256,1.67192e-07,1.61744,3.89446,9.84394,3.28846,7.5504,12.774,5.07607,11.7187,13.6844,7.03202,16.8147,13.9681,9.20215,23.1769,14.0566,11.6301,31.1672,14.0841,14.3598,41.2186,14.0927,17.4376,53.8688,14.0954,20.9137,69.7915,14.0962,24.8432,89.8341,14.0965,29.2879,115.063,14.0966,34.3168,146.819,14.0966,40.0078,186.792,14.0966,46.4487,237.107,14.0966,53.7388,300.44,14.0966,61.9903,380.158,14.0966,71.3301,480.499,14.0966,81.902,606.796,14.0966,93.8685,765.761,14.0966,107.414,965.837,14.0966,122.746,1217.65,14.0966,140.101,1534.57,14.0966,159.745,1933.41,14.0966,181.981,2435.3,14.0966,207.15,3066.85,14.0966,235.64,3861.46,14.0966,267.889,4861.11,14.0966,304.391,6118.54,14.0966,345.709,7699.91,14.0966,392.478,9688.22,14.0966,445.417,12187.5,14.0966,505.339,15327.7,14.0966,573.165,19271.6,14.0966,649.938,24222,14.0966,736.839,30430.9,14.0966,835.202,38211.5,14.0966,946.539,47950.3,14.0966,1072.56,60122.8,14.0966,1215.21,75309.9,14.0966,1376.66,94216.2,14.0966,1559.41,117688,14.0966,1766.26,146729,14.0966,2000.39,182510,14.0966,2265.39,226372,14.0966,2565.33,279806,14.0966,2904.81,344416,14.0966,3289.05,421845,14.0966,3723.93,513667,14.0966,4216.13,621231,14.0966,4773.18,745478,14.0966,5403.64,886744,14.0966,6117.15,1.04457e+06,14.0966,6924.63,1.2176e+06,14.0966,11.7194,11.96,12.6541,13.9321,16.1295,13.6434,16.6097,21.9702,13.9553,19.7532,29.5285,14.0526,23.3844,39.1143,14.0829,27.5423,51.2054,14.0923,32.2796,66.434,14.0953,37.662,85.6061,14.0962,43.7675,109.74,14.0965,50.687,140.119,14.0966,58.5249,178.359,14.0966,67.4005,226.493,14.0966,77.4493,287.08,14.0966,88.8254,363.343,14.0966,101.703,459.336,14.0966,116.281,580.161,14.0966,132.782,732.241,14.0966,151.46,923.655,14.0966,172.603,1164.57,14.0966,196.535,1467.79,14.0966,223.625,1849.39,14.0966,254.288,2329.62,14.0966,288.997,2933.93,14.0966,328.285,3694.33,14.0966,372.755,4651.04,14.0966,423.092,5854.57,14.0966,480.07,7368.38,14.0966,544.564,9272.08,14.0966,617.566,11665.5,14.0966,700.197,14673.6,14.0966,793.729,18452.9,14.0966,899.599,23198.6,14.0966,1019.43,29154.1,14.0966,1155.07,36622.3,14.0966,1308.6,45977.9,14.0966,1482.39,57683.7,14.0966,1679.09,72307.8,14.0966,1901.73,90542.8,14.0966,2153.73,113226,14.0966,2438.97,141360,14.0966,2761.81,176127,14.0966,3127.22,218898,14.0966,3540.81,271226,14.0966,4008.92,334817,14.0966,4538.74,411470,14.0966,5138.38,502973,14.0966,5817.04,610948,14.0966,6585.12,736653,14.0966,7454.39,880741,14.0966,8438.15,1.04302e+06,14.0966,9551.45,1.22224e+06,14.0966,10811.3,1.41602e+06,14.0966,12237,1.62086e+06,14.0966,11.7194,11.96,12.6541,2.21263,4.16949,0.989383,2.67766,5.84076,0.311842,3.14343,7.55825,0.0972771,3.63127,9.58578,0.0303237,4.15787,12.0912,0.00945211,4.73731,15.2286,0.00294633,5.38238,19.1721,0.000918508,6.10553,24.134,0.000286163,6.91951,30.3791,8.92692e-05,7.83792,38.2397,2.78121e-05,8.87555,48.1338,8.65134e-06,10.0489,60.5876,2.7882e-06,11.3761,76.2629,8.29036e-07,12.8779,95.9927,2.4373e-07,14.5775,120.825,4.33068e-09,16.5012,152.08,1.75749e-07,18.6784,191.415,-1.86328e-07,21.1428,240.917,1.91829e-07,23.9322,303.213,-1.81475e-07,27.0895,381.602,7.0186e-08,30.6634,480.231,-2.86769e-08,34.7087,604.316,2.40784e-07,39.2876,760.401,9.87368e-08,44.4705,956.705,1.22263e-07,50.3371,1203.54,-4.31966e-07,56.9776,1513.81,-1.9705e-07,64.494,1903.69,-2.763e-08,73.0018,2393.4,3.9185e-07,82.6317,3008.13,1.35379e-07,93.5318,3779.25,-4.16351e-08,105.869,4745.7,2.06965e-08,119.834,5955.6,-3.18887e-07,135.641,7468.12,-1.48271e-08,153.531,9355.62,2.00739e-07,173.781,11705.8,2.28358e-07,196.701,14624.1,-1.93587e-08,222.642,18235,-2.88101e-07,252.003,22683.4,-2.24732e-07,285.234,28134,8.56806e-09,322.845,34767,2.34258e-07,365.413,42770.9,2.99668e-07,413.588,52327.9,8.28644e-08,468.111,63591.2,-3.07049e-07,529.814,76653.2,-3.1888e-07,599.642,91502.5,-6.72276e-08,678.662,107975,2.26339e-07,768.083,125705,3.69212e-07,869.267,144088,2.04077e-07,983.76,162277,-2.80509e-07,1113.3,179223,-4.22737e-07,1259.87,193777,-1.71951e-07,1425.68,204839,4.55555e-07,11.7194,11.96,12.6541,2.21263,4.16949,0.989383,2.67766,5.84076,0.311842,3.14343,7.55825,0.0972771,3.63127,9.58578,0.0303237,4.15787,12.0912,0.00945211,4.73731,15.2286,0.00294633,5.38238,19.1721,0.000918508,6.10553,24.134,0.000286163,6.91951,30.3791,8.92692e-05,7.83792,38.2397,2.78121e-05,8.87555,48.1338,8.65134e-06,10.0489,60.5876,2.7882e-06,11.3761,76.2629,8.29036e-07,12.8779,95.9927,2.4373e-07,14.5775,120.825,1e-08,16.5012,152.08,1.75749e-07,18.6784,191.415,1e-08,21.1428,240.917,1.91829e-07,23.9322,303.213,1e-08,27.0895,381.602,7.0186e-08,30.6634,480.231,1e-08,34.7087,604.316,2.40784e-07,39.2876,760.401,9.87368e-08,44.4705,956.705,1.22263e-07,50.3371,1203.54,1e-08,56.9776,1513.81,1e-08,64.494,1903.69,1e-08,73.0018,2393.4,3.9185e-07,82.6317,3008.13,1.35379e-07,93.5318,3779.25,1e-08,105.869,4745.7,2.06965e-08,119.834,5955.6,1e-08,135.641,7468.12,1e-08,153.531,9355.62,2.00739e-07,173.781,11705.8,2.28358e-07,196.701,14624.1,1e-08,222.642,18235,1e-08,252.003,22683.4,1e-08,285.234,28134,1e-08,322.845,34767,2.34258e-07,365.413,42770.9,2.99668e-07,413.588,52327.9,8.28644e-08,468.111,63591.2,1e-08,529.814,76653.2,1e-08,599.642,91502.5,1e-08,678.662,107975,2.26339e-07,768.083,125705,3.69212e-07,869.267,144088,2.04077e-07,983.76,162277,1e-08,1113.3,179223,1e-08,1259.87,193777,1e-08,1425.68,204839,4.55555e-07,6.2823,3.27286,2.43537,0.219672,6.18826,2.24117,0.56371,6.87772,2.63624,0.308279,10,4,11,0,9,0,0,4,0,1,3,0,2,11,0,2,22,0,4,19,0,5,22,0,14,20,0,3,62,0,5,51,0,9,73,0,5,38,0,6,84,0,12,88,0,14,134,0,10,93,0,18,63,0,8,82,0,26,374,0,18,722,0,41,508,0,43,646,0,30,531,0,52,482,0,29,828,0,60,1401,0,65,2169,0,65,1729,0,64,3432,0,73,4337,0,130,3828,0,136,12556,0,108,4667,0,147,10141,0,165,10640,0,197,4227,0,128,24174,0,262,8888,0,315,26688,0,443,25888,0,348,32004,0,661,50347,0,631,80250,0,569,38936,0,710,124192,0,661,96194,0,763,53832,0,1290,111588,0,724,318652,0,605,156003,0,617,302996,0,1880,139121,0
-1.05176e+08,1,8.88811e-15,10,1023,0,1.05176e+08,0.528882,1.08665,0.389689,0.145397,0.379329,3.24381,0.161596,0.446195,1.77396,0.159177,1.15e+07,4.49998e+06,6.79999e+06,1.15e+07,4.49997e+06,6.79999e+06,1.15e+07,4.49996e+06,6.79999e+06,1.15e+07,4.49995e+06,6.79999e+06,1.14999e+07,4.49993e+06,6.79999e+06,1.14999e+07,4.49991e+06,6.79999e+06,1.14999e+07,4.49989e+06,6.79999e+06,1.14999e+07,4.49986e+06,6.79999e+06,1.14999e+07,4.49982e+06,6.79999e+06,1.14999e+07,4.49977e+06,6.79999e+06,1.14999e+07,4.49971e+06,6.79999e+06,1.14999e+07,4.49963e+06,6.79999e+06,1.14998e+07,4.49953e+06,6.79999e+06,1.14998e+07,4.49941e+06,6.79999e+06,1.14998e+07,4.49926e+06,6.79999e+06,1.14998e+07,4.49906e+06,6.79999e+06,1.14997e+07,4.49882e+06,6.79999e+06,1.14997e+07,4.49851e+06,6.79999e+06,1.14997e+07,4.49812e+06,6.79999e+06,1.14996e+07,4.49764e+06,6.79999e+06,1.14996e+07,4.49702e+06,6.79999e+06,1.14995e+07,4.49625e+06,6.79999e+06,1.14995e+07,4.49528e+06,6.79999e+06,1.14994e+07,4.49406e+06,6.79999e+06,1.14993e+07,4.49253e+06,6.79999e+06,1.14992e+07,4.49059e+06,6.79999e+06,1.14991e+07,4.48817e+06,6.79999e+06,1.1499e+07,4.48511e+06,6.79999e+06,1.14988e+07,4.48128e+06,6.79999e+06,1.14987e+07,4.47646e+06,6.79999e+06,1.14985e+07,4.47041e+06,6.79999e+06,1.14983e+07,4.46281e+06,6.79999e+06,1.14981e+07,4.4533e+06,6.79999e+06,1.14979e+07,4.44138e+06,6.79999e+06,1.14976e+07,4.42649e+06,6.79999e+06,1.14972e+07,4.40789e+06,6.79999e+06,1.14969e+07,4.38471e+06,6.79999e+06,1.14965e+07,4.35592e+06,6.79999e+06,1.1496e+07,4.32027e+06,6.79999e+06,1.14955e+07,4.27629e+06,6.79999e+06,1.14949e+07,4.22231e+06,6.79999e+06,1.14942e+07,4.15647e+06,6.79999e+06,1.14934e+07,4.07676e+06,6.79999e+06,1.14926e+07,3.98112e+06,6.79999e+06,1.14916e+07,3.86765e+06,6.79999e+06,1.14905e+07,3.73474e+06,6.79999e+06,1.14892e+07,3.58148e+06,6.79999e+06,1.14878e+07,3.40785e+06,6.79999e+06,1.14862e+07,3.21513e+06,6.79999e+06,1.14844e+07,3.00605e+06,6.79999e+06,1.14823e+07,2.7848e+06,6.79999e+06,1.148e+07,2.5568e+06,6.79999e+06,1.14773e+07,2.32825e+06,6.79999e+06,13.5742,8.52444,0.508366,16.8306,13.2585,0.162638,20.0035,17.569,0.0507846,23.2616,22.4214,0.0158319,26.7328,28.3297,0.00493498,30.5212,35.6974,0.00153831,34.7178,44.9473,0.000479527,39.4086,56.5822,0.000149456,44.6796,71.2245,4.66214e-05,50.6209,89.6543,1.45419e-05,57.3297,112.852,4.54748e-06,64.9129,142.051,1.43857e-06,73.4897,178.803,4.36618e-07,83.1934,225.062,1.40153e-07,94.1745,283.286,4.96378e-08,106.602,356.568,1.05434e-07,120.669,448.799,-6.49244e-08,136.59,564.873,1.70148e-07,154.611,710.948,-5.34594e-08,175.008,894.767,1.63407e-07,198.097,1126.06,8.04804e-08,224.231,1417.07,1.14667e-07,253.813,1783.15,-1.71227e-07,287.297,2243.62,-2.88466e-07,325.198,2822.67,-4.33651e-07,368.098,3550.67,7.9318e-08,416.657,4465.65,3.13319e-07,471.621,5615.16,3.4613e-07,533.835,7058.61,-1.19199e-07,604.255,8870.02,-2.79964e-07,683.962,11141.4,-2.30521e-07,774.182,13986.7,-2.55099e-07,876.299,17546.4,1.23585e-07,991.883,21993.1,1.41192e-07,1122.71,27536.7,-9.71886e-08,1270.78,34430.7,-3.68368e-07,1438.38,42977.7,-3.45379e-07,1628.07,53532.7,-3.25328e-09,1842.77,66504.6,2.6362e-07,2085.77,82350.2,2.53445e-07,2360.79,101560,-2.47407e-08,2672.05,124632,-3.80602e-07,3024.31,152018,-4.79005e-07,3422.98,184060,-1.14379e-07,3874.15,220884,2.64297e-07,4384.72,262283,3.44131e-07,4962.49,307576,7.5349e-08,5616.29,355497,-3.63097e-07,6356.1,404126,-6.05442e-07,7193.18,450932,-2.72333e-07,8140.28,492963,2.29675e-07,9211.79,527178,4.3387e-07,10424,550893,-1.0711e-07,10.102,8.06553,2.81012,10.6436,8.57909,0.869423,11.5336,10.2515,0.270869,12.7211,12.7138,0.0844293,14.1823,15.9373,0.0263173,15.9122,20.0383,0.0082035,17.9198,25.2154,0.00255722,20.2244,31.7373,0.000797017,22.8539,39.9486,0.000248622,25.8438,50.2851,7.75492e-05,29.237,63.2963,2.42508e-05,33.0837,79.6738,7.67162e-06,37.4415,100.288,2.32837e-06,42.3767,126.236,7.33e-07,47.9646,158.896,2.79256e-07,54.2906,200.003,9.87351e-09,61.452,251.741,1.61085e-07,69.5585,316.859,-2.47141e-07,78.7347,398.812,8.93552e-08,89.1218,501.948,-2.53231e-07,100.879,631.736,-1.25047e-07,114.188,795.049,-1.78808e-07,129.252,1000.53,2.6733e-07,146.304,1259.03,4.50292e-07,165.605,1584.19,6.76904e-07,187.452,1993.12,-1.23808e-07,212.181,2507.27,-4.89068e-07,240.173,3153.54,-5.40284e-07,271.856,3965.56,1.86061e-07,307.719,4985.38,4.37004e-07,348.313,6265.4,3.59828e-07,394.26,7870.83,3.98192e-07,446.268,9882.51,-1.92908e-07,505.135,12400.3,-2.20392e-07,571.766,15546.9,1.51705e-07,647.184,19472.2,5.74996e-07,732.547,24357.4,5.39112e-07,829.167,30420,5.07815e-09,938.526,37916.3,-4.11492e-07,1062.3,47143.9,-3.9561e-07,1202.4,58439.2,3.86185e-08,1360.96,72169.3,5.94093e-07,1540.42,88715.8,7.47693e-07,1743.53,108445,1.78537e-07,1973.41,131665,-4.12549e-07,2233.57,158557,-5.37164e-07,2528,189103,-1.17615e-07,2861.2,222986,5.66769e-07,3238.27,259510,9.45053e-07,3664.97,297540,4.25093e-07,4147.81,335497,-3.58506e-07,4694.17,371444,-6.7724e-07,5312.37,403256,1.67192e-07,1.61744,3.89446,9.84394,3.28846,7.5504,12.774,5.07607,11.7187,13.6844,7.03202,16.8147,13.9681,9.20215,23.1769,14.0566,11.6301,31.1672,14.0841,14.3598,41.2186,14.0927,17.4376,53.8688,14.0954,20.9137,69.7915,14.0962,24.8432,89.8341,14.0965,29.2879,115.063,14.0966,34.3168,146.819,14.0966,40.0078,186.792,14.0966,46.4487,237.107,14.0966,53.7388,300.44,14.0966,61.9903,380.158,14.0966,71.3301,480.499,14.0966,81.902,606.796,14.0966,93.8685,765.761,14.0966,107.414,965.837,14.0966,122.746,1217.65,14.0966,140.101,1534.57,14.0966,159.745,1933.41,14.0966,181.981,2435.3,14.0966,207.15,3066.85,14.0966,235.64,3861.46,14.0966,267.889,4861.11,14.0966,304.391,6118.54,14.0966,345.709,7699.91,14.0966,392.478,9688.22,14.0966,445.417,12187.5,14.0966,505.339,15327.7,14.0966,573.165,19271.6,14.0966,649.938,24222,14.0966,736.839,30430.9,14.0966,835.202,38211.5,14.0966,946.539,47950.3,14.0966,1072.56,60122.8,14.0966,1215.21,75309.9,14.0966,1376.66,94216.2,14.0966,1559.41,117688,14.0966,1766.26,146729,14.0966,2000.39,182510,14.0966,2265.39,226372,14.0966,2565.33,279806,14.0966,2904.81,344416,14.0966,3289.05,421845,14.0966,3723.93,513667,14.0966,4216.13,621231,14.0966,4773.18,745478,14.0966,5403.64,886744,14.0966,6117.15,1.04457e+06,14.0966,6924.63,1.2176e+06,14.0966,11.7194,11.96,12.6541,13.9321,16.1295,13.6434,16.6097,21.9702,13.9553,19.7532,29.5285,14.0526,23.3844,39.1143,14.0829,27.5423,51.2054,14.0923,32.2796,66.434,14.0953,37.662,85.6061,14.0962,43.7675,109.74,14.0965,50.687,140.119,14.0966,58.5249,178.359,14.0966,67.4005,226.493,14.0966,77.4493,287.08,14.0966,88.8254,363.343,14.0966,101.703,459.336,14.0966,116.281,580.161,14.0966,132.782,732.241,14.0966,151.46,923.655,14.0966,172.603,1164.57,14.0966,196.535,1467.79,14.0966,223.625,1849.39,14.0966,254.288,2329.62,14.0966,288.997,2933.93,14.0966,328.285,3694.33,14.0966,372.755,4651.04,14.0966,423.092,5854.57,14.0966,480.07,7368.38,14.0966,544.564,9272.08,14.0966,617.566,11665.5,14.0966,700.197,14673.6,14.0966,793.729,18452.9,14.0966,899.599,23198.6,14.0966,1019.43,29154.1,14.0966,1155.07,36622.3,14.0966,1308.6,45977.9,14.0966,1482.39,57683.7,14.0966,1679.09,72307.8,14.0966,1901.73,90542.8,14.0966,2153.73,113226,14.0966,2438.97,141360,14.0966,2761.81,176127,14.0966,3127.22,218898,14.0966,3540.81,271226,14.0966,4008.92,334817,14.0966,4538.74,411470,14.0966,5138.38,502973,14.0966,5817.04,610948,14.0966,6585.12,736653,14.0966,7454.39,880741,14.0966,8438.15,1.04302e+06,14.0966,9551.45,1.22224e+06,14.0966,10811.3,1.41602e+06,14.0966,12237,1.62086e+06,14.0966,11.7194,11.96,12.6541,2.21263,4.16949,0.989383,2.67766,5.84076,0.311842,3.14343,7.55825,0.0972771,3.63127,9.58578,0.0303237,4.15787,12.0912,0.00945211,4.73731,15.2286,0.00294633,5.38238,19.1721,0.000918508,6.10553,24.134,0.000286163,6.91951,30.3791,8.92692e-05,7.83792,38.2397,2.78121e-05,8.87555,48.1338,8.65134e-06,10.0489,60.5876,2.7882e-06,11.3761,76.2629,8.29036e-07,12.8779,95.9927,2.4373e-07,14.5775,120.825,4.33068e-09,16.5012,152.08,1.75749e-07,18.6784,191.415,-1.86328e-07,21.1428,240.917,1.91829e-07,23.9322,303.213,-1.81475e-07,27.0895,381.602,7.0186e-08,30.6634,480.231,-2.86769e-08,34.7087,604.316,2.40784e-07,39.2876,760.401,9.87368e-08,44.4705,956.705,1.22263e-07,50.3371,1203.54,-4.31966e-07,56.9776,1513.81,-1.9705e-07,64.494,1903.69,-2.763e-08,73.0018,2393.4,3.9185e-07,82.6317,3008.13,1.35379e-07,93.5318,3779.25,-4.16351e-08,105.869,4745.7,2.06965e-08,119.834,5955.6,-3.18887e-07,135.641,7468.12,-1.48271e-08,153.531,9355.62,2.00739e-07,173.781,11705.8,2.28358e-07,196.701,14624.1,-1.93587e-08,222.642,18235,-2.88101e-07,252.003,22683.4,-2.24732e-07,285.234,28134,8.56806e-09,322.845,34767,2.34258e-07,365.413,42770.9,2.99668e-07,413.588,52327.9,8.28644e-08,468.111,63591.2,-3.07049e-07,529.814,76653.2,-3.1888e-07,599.642,91502.5,-6.72276e-08,678.662,107975,2.26339e-07,768.083,125705,3.69212e-07,869.267,144088,2.04077e-07,983.76,162277,-2.80509e-07,1113.3,179223,-4.22737e-07,1259.87,193777,-1.71951e-07,1425.68,204839,4.55555e-07,11.7194,11.96,12.6541,2.21263,4.16949,0.989383,2.67766,5.84076,0.311842,3.14343,7.55825,0.0972771,3.63127,9.58578,0.0303237,4.15787,12.0912,0.00945211,4.73731,15.2286,0.00294633,5.38238,19.1721,0.000918508,6.10553,24.134,0.000286163,6.91951,30.3791,8.92692e-05,7.83792,38.2397,2.78121e-05,8.87555,48.1338,8.65134e-06,10.0489,60.5876,2.7882e-06,11.3761,76.2629,8.29036e-07,12.8779,95.9927,2.4373e-07,14.5775,120.825,1e-08,16.5012,152.08,1.75749e-07,18.6784,191.415,1e-08,21.1428,240.917,1.91829e-07,23.9322,303.213,1e-08,27.0895,381.602,7.0186e-08,30.6634,480.231,1e-08,34.7087,604.316,2.40784e-07,39.2876,760.401,9.87368e-08,44.4705,956.705,1.22263e-07,50.3371,1203.54,1e-08,56.9776,1513.81,1e-08,64.494,1903.69,1e-08,73.0018,2393.4,3.9185e-07,82.6317,3008.13,1.35379e-07,93.5318,3779.25,1e-08,105.869,4745.7,2.06965e-08,119.834,5955.6,1e-08,135.641,7468.12,1e-08,153.531,9355.62,2.00739e-07,173.781,11705.8,2.28358e-07,196.701,14624.1,1e-08,222.642,18235,1e-08,252.003,22683.4,1e-08,285.234,28134,1e-08,322.845,34767,2.34258e-07,365.413,42770.9,2.99668e-07,413.588,52327.9,8.28644e-08,468.111,63591.2,1e-08,529.814,76653.2,1e-08,599.642,91502.5,1e-08,678.662,107975,2.26339e-07,768.083,125705,3.69212e-07,869.267,144088,2.04077e-07,983.76,162277,1e-08,1113.3,179223,1e-08,1259.87,193777,1e-08,1425.68,204839,4.55555e-07,6.2823,3.27286,2.43537,0.219672,6.18826,2.24117,0.56371,6.87772,2.63624,0.308279,6,10,7,2,3,1,0,11,1,1,7,0,3,21,0,2,17,0,7,22,0,7,26,0,3,36,0,5,27,0,12,34,0,31,75,0,6,47,0,14,83,0,12,87,0,20,131,0,13,141,0,19,283,0,29,205,0,46,237,0,14,427,0,28,505,0,27,328,0,62,469,0,52,2497,0,39,1401,0,24,1343,0,36,1127,0,85,1799,0,57,3253,0,143,3711,0,112,4442,0,225,8052,0,71,8032,0,128,16404,0,113,10247,0,250,4669,0,393,7410,0,191,25366,0,390,16303,0,293,33124,0,301,65124,0,929,36404,0,411,73485,0,372,54630,0,236,104499,0,284,67188,0,777,137216,0,584,124877,0,176,70558,0,1361,111234,0,1375,257850,0,1553,169189,0
-1.05176e+08,0.999999,8.88811e-15,10,1023,0,1.05176e+08,0.528882,1.08665,0.389689,0.145397,0.379329,3.24381,0.161596,0.446195,1.77396,0.159177,1.15e+07,4.49998e+06,6.79999e+06,1.15e+07,4.49997e+06,6.79999e+06,1.15e+07,4.49996e+06,6.79999e+06,1.15e+07,4.49995e+06,6.79999e+06,1.14999e+07,4.49993e+06,6.79999e+06,1.14999e+07,4.49991e+06,6.79999e+06,1.14999e+07,4.49989e+06,6.79999e+06,1.14999e+07,4.49986e+06,6.79999e+06,1.14999e+07,4.49982e+06,6.79999e+06,1.14999e+07,4.49977e+06,6.79999e+06,1.14999e+07,4.49971e+06,6.79999e+06,1.14999e+07,4.49963e+06,6.79999e+06,1.14998e+07,4.49953e+06,6.79999e+06,1.14998e+07,4.49941e+06,6.79999e+06,1.14998e+07,4.49926e+06,6.79999e+06,1.14998e+07,4.49906e+06,6.79999e+06,1.14997e+07,4.49882e+06,6.79999e+06,1.14997e+07,4.49851e+06,6.79999e+06,1.14997e+07,4.49812e+06,6.79999e+06,1.14996e+07,4.49764e+06,6.79999e+06,1.14996e+07,4.49702e+06,6.79999e+06,1.14995e+07,4.49625e+06,6.79999e+06,1.14995e+07,4.49528e+06,6.79999e+06,1.14994e+07,4.49406e+06,6.79999e+06,1.14993e+07,4.49253e+06,6.79999e+06,1.14992e+07,4.49059e+06,6.79999e+06,1.14991e+07,4.48817e+06,6.79999e+06,1.1499e+07,4.48511e+06,6.79999e+06,1.14988e+07,4.48128e+06,6.79999e+06,1.14987e+07,4.47646e+06,6.79999e+06,1.14985e+07,4.47041e+06,6.79999e+06,1.14983e+07,4.46281e+06,6.79999e+06,1.14981e+07,4.4533e+06,6.79999e+06,1.14979e+07,4.44138e+06,6.79999e+06,1.14976e+07,4.42649e+06,6.79999e+06,1.14972e+07,4.40789e+06,6.79999e+06,1.14969e+07,4.38471e+06,6.79999e+06,1.14965e+07,4.35592e+06,6.79999e+06,1.1496e+07,4.32027e+06,6.79999e+06,1.14955e+07,4.27629e+06,6.79999e+06,1.14949e+07,4.22231e+06,6.79999e+06,1.14942e+07,4.15647e+06,6.79999e+06,1.14934e+07,4.07676e+06,6.79999e+06,1.14926e+07,3.98112e+06,6.79999e+06,1.14916e+07,3.86765e+06,6.79999e+06,1.14905e+07,3.73474e+06,6.79999e+06,1.14892e+07,3.58148e+06,6.79999e+06,1.14878e+07,3.40785e+06,6.79999e+06,1.14862e+07,3.21513e+06,6.79999e+06,1.14844e+07,3.00605e+06,6.79999e+06,1.14823e+07,2.7848e+06,6.79999e+06,1.148e+07,2.5568e+06,6.79999e+06,1.14773e+07,2.32825e+06,6.79999e+06,13.5742,8.52444,0.508366,16.8306,13.2585,0.162638,20.0035,17.569,0.0507846,23.2616,22.4214,0.0158319,26.7328,28.3297,0.00493498,30.5212,35.6974,0.00153831,34.7178,44.9473,0.000479527,39.4086,56.5822,0.000149456,44.6796,71.2245,4.66214e-05,50.6209,89.6543,1.45419e-05,57.3297,112.852,4.54748e-06,64.9129,142.051,1.43857e-06,73.4897,178.803,4.36618e-07,83.1934,225.062,1.40153e-07,94.1745,283.286,4.96378e-08,106.602,356.568,1.05434e-07,120.669,448.799,-6.49244e-08,136.59,564.873,1.70148e-07,154.611,710.948,-5.34594e-08,175.008,894.767,1.63407e-07,198.097,1126.06,8.04804e-08,224.231,1417.07,1.14667e-07,253.813,1783.15,-1.71227e-07,287.297,2243.62,-2.88466e-07,325.198,2822.67,-4.33651e-07,368.098,3550.67,7.9318e-08,416.657,4465.65,3.13319e-07,471.621,5615.16,3.4613e-07,533.835,7058.61,-1.19199e-07,604.255,8870.02,-2.79964e-07,683.962,11141.4,-2.30521e-07,774.182,13986.7,-2.55099e-07,876.299,17546.4,1.23585e-07,991.883,21993.1,1.41192e-07,1122.71,27536.7,-9.71886e-08,1270.78,34430.7,-3.68368e-07,1438.38,42977.7,-3.45379e-07,1628.07,53532.7,-3.25328e-09,1842.77,66504.6,2.6362e-07,2085.77,82350.2,2.53445e-07,2360.79,101560,-2.47407e-08,2672.05,124632,-3.80602e-07,3024.31,152018,-4.79005e-07,3422.98,184060,-1.14379e-07,3874.15,220884,2.64297e-07,4384.72,262283,3.44131e-07,4962.49,307576,7.5349e-08,5616.29,355497,-3.63097e-07,6356.1,404126,-6.05442e-07,7193.18,450932,-2.72333e-07,8140.28,492963,2.29675e-07,9211.79,527178,4.3387e-07,10424,550893,-1.0711e-07,10.102,8.06553,2.81012,10.6436,8.57909,0.869423,11.5336,10.2515,0.270869,12.7211,12.7138,0.0844293,14.1823,15.9373,0.0263173,15.9122,20.0383,0.0082035,17.9198,25.2154,0.00255722,20.2244,31.7373,0.000797017,22.8539,39.9486,0.000248622,25.8438,50.2851,7.75492e-05,29.237,63.2963,2.42508e-05,33.0837,79.6738,7.67162e-06,37.4415,100.288,2.32837e-06,42.3767,126.236,7.33e-07,47.9646,158.896,2.79256e-07,54.2906,200.003,9.87351e-09,61.452,251.741,1.61085e-07,69.5585,316.859,-2.47141e-07,78.7347,398.812,8.93552e-08,89.1218,501.948,-2.53231e-07,100.879,631.736,-1.25047e-07,114.188,795.049,-1.78808e-07,129.252,1000.53,2.6733e-07,146.304,1259.03,4.50292e-07,165.605,1584.19,6.76904e-07,187.452,1993.12,-1.23808e-07,212.181,2507.27,-4.89068e-07,240.173,3153.54,-5.40284e-07,271.856,3965.56,1.86061e-07,307.719,4985.38,4.37004e-07,348.313,6265.4,3.59828e-07,394.26,7870.83,3.98192e-07,446.268,9882.51,-1.92908e-07,505.135,12400.3,-2.20392e-07,571.766,15546.9,1.51705e-07,647.184,19472.2,5.74996e-07,732.547,24357.4,5.39112e-07,829.167,30420,5.07815e-09,938.526,37916.3,-4.11492e-07,1062.3,47143.9,-3.9561e-07,1202.4,58439.2,3.86185e-08,1360.96,72169.3,5.94093e-07,1540.42,88715.8,7.47693e-07,1743.53,108445,1.78537e-07,1973.41,131665,-4.12549e-07,2233.57,158557,-5.37164e-07,2528,189103,-1.17615e-07,2861.2,222986,5.66769e-07,3238.27,259510,9.45053e-07,3664.97,297540,4.25093e-07,4147.81,335497,-3.58506e-07,4694.17,371444,-6.7724e-07,5312.37,403256,1.67192e-07,1.61744,3.89446,9.84394,3.28846,7.5504,12.774,5.07607,11.7187,13.6844,7.03202,16.8147,13.9681,9.20215,23.1769,14.0566,11.6301,31.1672,14.0841,14.3598,41.2186,14.0927,17.4376,53.8688,14.0954,20.9137,69.7915,14.0962,24.8432,89.8341,14.0965,29.2879,115.063,14.0966,34.3168,146.819,14.0966,40.0078,186.792,14.0966,46.4487,237.107,14.0966,53.7388,300.44,14.0966,61.9903,380.158,14.0966,71.3301,480.499,14.0966,81.902,606.796,14.0966,93.8685,765.761,14.0966,107.414,965.837,14.0966,122.746,1217.65,14.0966,140.101,1534.57,14.0966,159.745,1933.41,14.0966,181.981,2435.3,14.0966,207.15,3066.85,14.0966,235.64,3861.46,14.0966,267.889,4861.11,14.0966,304.391,6118.54,14.0966,345.709,7699.91,14.0966,392.478,9688.22,14.0966,445.417,12187.5,14.0966,505.339,15327.7,14.0966,573.165,19271.6,14.0966,649.938,24222,14.0966,736.839,30430.9,14.0966,835.202,38211.5,14.0966,946.539,47950.3,14.0966,1072.56,60122.8,14.0966,1215.21,75309.9,14.0966,1376.66,94216.2,14.0966,1559.41,117688,14.0966,1766.26,146729,14.0966,2000.39,182510,14.0966,2265.39,226372,14.0966,2565.33,279806,14.0966,2904.81,344416,14.0966,3289.05,421845,14.0966,3723.93,513667,14.0966,4216.13,621231,14.0966,4773.18,745478,14.0966,5403.64,886744,14.0966,6117.15,1.04457e+06,14.0966,6924.63,1.2176e+06,14.0966,11.7194,11.96,12.6541,13.9321,16.1295,13.6434,16.6097,21.9702,13.9553,19.7532,29.5285,14.0526,23.3844,39.1143,14.0829,27.5423,51.2054,14.0923,32.2796,66.434,14.0953,37.662,85.6061,14.0962,43.7675,109.74,14.0965,50.687,140.119,14.0966,58.5249,178.359,14.0966,67.4005,226.493,14.0966,77.4493,287.08,14.0966,88.8254,363.343,14.0966,101.703,459.336,14.0966,116.281,580.161,14.0966,132.782,732.241,14.0966,151.46,923.655,14.0966,172.603,1164.57,14.0966,196.535,1467.79,14.0966,223.625,1849.39,14.0966,254.288,2329.62,14.0966,288.997,2933.93,14.0966,328.285,3694.33,14.0966,372.755,4651.04,14.0966,423.092,5854.57,14.0966,480.07,7368.38,14.0966,544.564,9272.08,14.0966,617.566,11665.5,14.0966,700.197,14673.6,14.0966,793.729,18452.9,14.0966,899.599,23198.6,14.0966,1019.43,29154.1,14.0966,1155.07,36622.3,14.0966,1308.6,45977.9,14.0966,1482.39,57683.7,14.0966,1679.09,72307.8,14.0966,1901.73,90542.8,14.0966,2153.73,113226,14.0966,2438.97,141360,14.0966,2761.81,176127,14.0966,3127.22,218898,14.0966,3540.81,271226,14.0966,4008.92,334817,14.0966,4538.74,411470,14.0966,5138.38,502973,14.0966,5817.04,610948,14.0966,6585.12,736653,14.0966,7454.39,880741,14.0966,8438.15,1.04302e+06,14.0966,9551.45,1.22224e+06,14.0966,10811.3,1.41602e+06,14.0966,12237,1.62086e+06,14.0966,11.7194,11.96,12.6541,2.21263,4.16949,0.989383,2.67766,5.84076,0.311842,3.14343,7.55825,0.0972771,3.63127,9.58578,0.0303237,4.15787,12.0912,0.00945211,4.73731,15.2286,0.00294633,5.38238,19.1721,0.000918508,6.10553,24.134,0.000286163,6.91951,30.3791,8.92692e-05,7.83792,38.2397,2.78121e-05,8.87555,48.1338,8.65134e-06,10.0489,60.5876,2.7882e-06,11.3761,76.2629,8.29036e-07,12.8779,95.9927,2.4373e-07,14.5775,120.825,4.33068e-09,16.5012,152.08,1.75749e-07,18.6784,191.415,-1.86328e-07,21.1428,240.917,1.91829e-07,23.9322,303.213,-1.81475e-07,27.0895,381.602,7.0186e-08,30.6634,480.231,-2.86769e-08,34.7087,604.316,2.40784e-07,39.2876,760.401,9.87368e-08,44.4705,956.705,1.22263e-07,50.3371,1203.54,-4.31966e-07,56.9776,1513.81,-1.9705e-07,64.494,1903.69,-2.763e-08,73.0018,2393.4,3.9185e-07,82.6317,3008.13,1.35379e-07,93.5318,3779.25,-4.16351e-08,105.869,4745.7,2.06965e-08,119.834,5955.6,-3.18887e-07,135.641,7468.12,-1.48271e-08,153.531,9355.62,2.00739e-07,173.781,11705.8,2.28358e-07,196.701,14624.1,-1.93587e-08,222.642,18235,-2.88101e-07,252.003,22683.4,-2.24732e-07,285.234,28134,8.56806e-09,322.845,34767,2.34258e-07,365.413,42770.9,2.99668e-07,413.588,52327.9,8.28644e-08,468.111,63591.2,-3.07049e-07,529.814,76653.2,-3.1888e-07,599.642,91502.5,-6.72276e-08,678.662,107975,2.26339e-07,768.083,125705,3.69212e-07,869.267,144088,2.04077e-07,983.76,162277,-2.80509e-07,1113.3,179223,-4.22737e-07,1259.87,193777,-1.71951e-07,1425.68,204839,4.55555e-07,11.7194,11.96,12.6541,2.21263,4.16949,0.989383,2.67766,5.84076,0.311842,3.14343,7.55825,0.0972771,3.63127,9.58578,0.0303237,4.15787,12.0912,0.00945211,4.73731,15.2286,0.00294633,5.38238,19.1721,0.000918508,6.10553,24.134,0.000286163,6.91951,30.3791,8.92692e-05,7.83792,38.2397,2.78121e-05,8.87555,48.1338,8.65134e-06,10.0489,60.5876,2.7882e-06,11.3761,76.2629,8.29036e-07,12.8779,95.9927,2.4373e-07,14.5775,120.825,1e-08,16.5012,152.08,1.75749e-07,18.6784,191.415,1e-08,21.1428,240.917,1.91829e-07,23.9322,303.213,1e-08,27.0895,381.602,7.0186e-08,30.6634,480.231,1e-08,34.7087,604.316,2.40784e-07,39.2876,760.401,9.87368e-08,44.4705,956.705,1.22263e-07,50.3371,1203.54,1e-08,56.9776,1513.81,1e-08,64.494,1903.69,1e-08,73.0018,2393.4,3.9185e-07,82.6317,3008.13,1.35379e-07,93.5318,3779.25,1e-08,105.869,4745.7,2.06965e-08,119.834,5955.6,1e-08,135.641,7468.12,1e-08,153.531,9355.62,2.00739e-07,173.781,11705.8,2.28358e-07,196.701,14624.1,1e-08,222.642,18235,1e-08,252.003,22683.4,1e-08,285.234,28134,1e-08,322.845,34767,2.34258e-07,365.413,42770.9,2.99668e-07,413.588,52327.9,8.28644e-08,468.111,63591.2,1e-08,529.814,76653.2,1e-08,599.642,91502.5,1e-08,678.662,107975,2.26339e-07,768.083,125705,3.69212e-07,869.267,144088,2.04077e-07,983.76,162277,1e-08,1113.3,179223,1e-08,1259.87,193777,1e-08,1425.68,204839,4.55555e-07,6.2823,3.27286,2.43537,0.219672,6.18826,2.24117,0.56371,6.87772,2.63624,0.308279,8,17,17,2,7,2,4,9,1,0,3,0,3,7,0,4,18,0,6,12,0,5,17,0,1,28,0,6,20,0,1,28,0,17,31,0,9,59,0,26,81,0,15,100,0,22,124,0,23,121,0,22,235,0,13,344,0,27,496,0,32,308,0,43,485,0,48,883,0,41,573,0,73,1024,0,58,609,0,71,2289,0,75,1835,0,32,3736,0,60,2024,0,269,4123,0,29,5074,0,61,3978,0,92,7250,0,105,14220,0,248,11168,0,135,20369,0,207,17147,0,211,32908,0,422,31167,0,351,32335,0,245,57040,0,369,36747,0,368,113310,0,776,50585,0,668,83408,0,716,120627,0,691,143428,0,1132,65655,0,818,134916,0,409,188069,0,2743,231880,0,1635,119496,0
-1.05176e+08,8.09535e-47,8.88811e-15,10,1023,0,1.05176e+08,0.528882,1.08665,0.389689,0.145397,0.379329,3.24381,0.161596,0.446195,1.77396,0.159177,1.15e+07,4.49998e+06,6.79999e+06,1.15e+07,4.49997e+06,6.79999e+06,1.15e+07,4.49996e+06,6.79999e+06,1.15e+07,4.49995e+06,6.79999e+06,1.14999e+07,4.49993e+06,6.79999e+06,1.14999e+07,4.49991e+06,6.79999e+06,1.14999e+07,4.49989e+06,6.79999e+06,1.14999e+07,4.49986e+06,6.79999e+06,1.14999e+07,4.49982e+06,6.79999e+06,1.14999e+07,4.49977e+06,6.79999e+06,1.14999e+07,4.49971e+06,6.79999e+06,1.14999e+07,4.49963e+06,6.79999e+06,1.14998e+07,4.49953e+06,6.79999e+06,1.14998e+07,4.49941e+06,6.79999e+06,1.14998e+07,4.49926e+06,6.79999e+06,1.14998e+07,4.49906e+06,6.79999e+06,1.14997e+07,4.49882e+06,6.79999e+06,1.14997e+07,4.49851e+06,6.79999e+06,1.14997e+07,4.49812e+06,6.79999e+06,1.14996e+07,4.49764e+06,6.79999e+06,1.14996e+07,4.49702e+06,6.79999e+06,1.14995e+07,4.49625e+06,6.79999e+06,1.14995e+07,4.49528e+06,6.79999e+06,1.14994e+07,4.49406e+06,6.79999e+06,1.14993e+07,4.49253e+06,6.79999e+06,1.14992e+07,4.49059e+06,6.79999e+06,1.14991e+07,4.48817e+06,6.79999e+06,1.1499e+07,4.48511e+06,6.79999e+06,1.14988e+07,4.48128e+06,6.79999e+06,1.14987e+07,4.47646e+06,6.79999e+06,1.14985e+07,4.47041e+06,6.79999e+06,1.14983e+07,4.46281e+06,6.79999e+06,1.14981e+07,4.4533e+06,6.79999e+06,1.14979e+07,4.44138e+06,6.79999e+06,1.14976e+07,4.42649e+06,6.79999e+06,1.14972e+07,4.40789e+06,6.79999e+06,1.14969e+07,4.38471e+06,6.79999e+06,1.14965e+07,4.35592e+06,6.79999e+06,1.1496e+07,4.32027e+06,6.79999e+06,1.14955e+07,4.27629e+06,6.79999e+06,1.14949e+07,4.22231e+06,6.79999e+06,1.14942e+07,4.15647e+06,6.79999e+06,1.14934e+07,4.07676e+06,6.79999e+06,1.14926e+07,3.98112e+06,6.79999e+06,1.14916e+07,3.86765e+06,6.79999e+06,1.14905e+07,3.73474e+06,6.79999e+06,1.14892e+07,3.58148e+06,6.79999e+06,1.14878e+07,3.40785e+06,6.79999e+06,1.14862e+07,3.21513e+06,6.79999e+06,1.14844e+07,3.00605e+06,6.79999e+06,1.14823e+07,2.7848e+06,6.79999e+06,1.148e+07,2.5568e+06,6.79999e+06,1.14773e+07,2.32825e+06,6.79999e+06,13.5742,8.52444,0.508366,16.8306,13.2585,0.162638,20.0035,17.569,0.0507846,23.2616,22.4214,0.0158319,26.7328,28.3297,0.00493498,30.5212,35.6974,0.00153831,34.7178,44.9473,0.000479527,39.4086,56.5822,0.000149456,44.6796,71.2245,4.66214e-05,50.6209,89.6543,1.45419e-05,57.3297,112.852,4.54748e-06,64.9129,142.051,1.43857e-06,73.4897,178.803,4.36618e-07,83.1934,225.062,1.40153e-07,94.1745,283.286,4.96378e-08,106.602,356.568,1.05434e-07,120.669,448.799,-6.49244e-08,136.59,564.873,1.70148e-07,154.611,710.948,-5.34594e-08,175.008,894.767,1.63407e-07,198.097,1126.06,8.04804e-08,224.231,1417.07,1.14667e-07,253.813,1783.15,-1.71227e-07,287.297,2243.62,-2.88466e-07,325.198,2822.67,-4.33651e-07,368.098,3550.67,7.9318e-08,416.657,4465.65,3.13319e-07,471.621,5615.16,3.4613e-07,533.835,7058.61,-1.19199e-07,604.255,8870.02,-2.79964e-07,683.962,11141.4,-2.30521e-07,774.182,13986.7,-2.55099e-07,876.299,17546.4,1.23585e-07,991.883,21993.1,1.41192e-07,1122.71,27536.7,-9.71886e-08,1270.78,34430.7,-3.68368e-07,1438.38,42977.7,-3.45379e-07,1628.07,53532.7,-3.25328e-09,1842.77,66504.6,2.6362e-07,2085.77,82350.2,2.53445e-07,2360.79,101560,-2.47407e-08,2672.05,124632,-3.80602e-07,3024.31,152018,-4.79005e-07,3422.98,184060,-1.14379e-07,3874.15,220884,2.64297e-07,4384.72,262283,3.44131e-07,4962.49,307576,7.5349e-08,5616.29,355497,-3.63097e-07,6356.1,404126,-6.05442e-07,7193.18,450932,-2.72333e-07,8140.28,492963,2.29675e-07,9211.79,527178,4.3387e-07,10424,550893,-1.0711e-07,10.102,8.06553,2.81012,10.6436,8.57909,0.869423,11.5336,10.2515,0.270869,12.7211,12.7138,0.0844293,14.1823,15.9373,0.0263173,15.9122,20.0383,0.0082035,17.9198,25.2154,0.00255722,20.2244,31.7373,0.000797017,22.8539,39.9486,0.000248622,25.8438,50.2851,7.75492e-05,29.237,63.2963,2.42508e-05,33.0837,79.6738,7.67162e-06,37.4415,100.288,2.32837e-06,42.3767,126.236,7.33e-07,47.9646,158.896,2.79256e-07,54.2906,200.003,9.87351e-09,61.452,251.741,1.61085e-07,69.5585,316.859,-2.47141e-07,78.7347,398.812,8.93552e-08,89.1218,501.948,-2.53231e-07,100.879,631.736,-1.25047e-07,114.188,795.049,-1.78808e-07,129.252,1000.53,2.6733e-07,146.304,1259.03,4.50292e-07,165.605,1584.19,6.76904e-07,187.452,1993.12,-1.23808e-07,212.181,2507.27,-4.89068e-07,240.173,3153.54,-5.40284e-07,271.856,3965.56,1.86061e-07,307.719,4985.38,4.37004e-07,348.313,6265.4,3.59828e-07,394.26,7870.83,3.98192e-07,446.268,9882.51,-1.92908e-07,505.135,12400.3,-2.20392e-07,571.766,15546.9,1.51705e-07,647.184,19472.2,5.74996e-07,732.547,24357.4,5.39112e-07,829.167,30420,5.07815e-09,938.526,37916.3,-4.11492e-07,1062.3,47143.9,-3.9561e-07,1202.4,58439.2,3.86185e-08,1360.96,72169.3,5.94093e-07,1540.42,88715.8,7.47693e-07,1743.53,108445,1.78537e-07,1973.41,131665,-4.12549e-07,2233.57,158557,-5.37164e-07,2528,189103,-1.17615e-07,2861.2,222986,5.66769e-07,3238.27,259510,9.45053e-07,3664.97,297540,4.25093e-07,4147.81,335497,-3.58506e-07,4694.17,371444,-6.7724e-07,5312.37,403256,1.67192e-07,1.61744,3.89446,9.84394,3.28846,7.5504,12.774,5.07607,11.7187,13.6844,7.03202,16.8147,13.9681,9.20215,23.1769,14.0566,11.6301,31.1672,14.0841,14.3598,41.2186,14.0927,17.4376,53.8688,14.0954,20.9137,69.7915,14.0962,24.8432,89.8341,14.0965,29.2879,115.063,14.0966,34.3168,146.819,14.0966,40.0078,186.792,14.0966,46.4487,237.107,14.0966,53.7388,300.44,14.0966,61.9903,380.158,14.0966,71.3301,480.499,14.0966,81.902,606.796,14.0966,93.8685,765.761,14.0966,107.414,965.837,14.0966,122.746,1217.65,14.0966,140.101,1534.57,14.0966,159.745,1933.41,14.0966,181.981,2435.3,14.0966,207.15,3066.85,14.0966,235.64,3861.46,14.0966,267.889,4861.11,14.0966,304.391,6118.54,14.0966,345.709,7699.91,14.0966,392.478,9688.22,14.0966,445.417,12187.5,14.0966,505.339,15327.7,14.0966,573.165,19271.6,14.0966,649.938,24222,14.0966,736.839,30430.9,14.0966,835.202,38211.5,14.0966,946.539,47950.3,14.0966,1072.56,60122.8,14.0966,1215.21,75309.9,14.0966,1376.66,94216.2,14.0966,1559.41,117688,14.0966,1766.26,146729,14.0966,2000.39,182510,14.0966,2265.39,226372,14.0966,2565.33,279806,14.0966,2904.81,344416,14.0966,3289.05,421845,14.0966,3723.93,513667,14.0966,4216.13,621231,14.0966,4773.18,745478,14.0966,5403.64,886744,14.0966,6117.15,1.04457e+06,14.0966,6924.63,1.2176e+06,14.0966,11.7194,11.96,12.6541,13.9321,16.1295,13.6434,16.6097,21.9702,13.9553,19.7532,29.5285,14.0526,23.3844,39.1143,14.0829,27.5423,51.2054,14.0923,32.2796,66.434,14.0953,37.662,85.6061,14.0962,43.7675,109.74,14.0965,50.687,140.119,14.0966,58.5249,178.359,14.0966,67.4005,226.493,14.0966,77.4493,287.08,14.0966,88.8254,363.343,14.0966,101.703,459.336,14.0966,116.281,580.161,14.0966,132.782,732.241,14.0966,151.46,923.655,14.0966,172.603,1164.57,14.0966,196.535,1467.79,14.0966,223.625,1849.39,14.0966,254.288,2329.62,14.0966,288.997,2933.93,14.0966,328.285,3694.33,14.0966,372.755,4651.04,14.0966,423.092,5854.57,14.0966,480.07,7368.38,14.0966,544.564,9272.08,14.0966,617.566,11665.5,14.0966,700.197,14673.6,14.0966,793.729,18452.9,14.0966,899.599,23198.6,14.0966,1019.43,29154.1,14.0966,1155.07,36622.3,14.0966,1308.6,45977.9,14.0966,1482.39,57683.7,14.0966,1679.09,72307.8,14.0966,1901.73,90542.8,14.0966,2153.73,113226,14.0966,2438.97,141360,14.0966,2761.81,176127,14.0966,3127.22,218898,14.0966,3540.81,271226,14.0966,4008.92,334817,14.0966,4538.74,411470,14.0966,5138.38,502973,14.0966,5817.04,610948,14.0966,6585.12,736653,14.0966,7454.39,880741,14.0966,8438.15,1.04302e+06,14.0966,9551.45,1.22224e+06,14.0966,10811.3,1.41602e+06,14.0966,12237,1.62086e+06,14.0966,11.7194,11.96,12.6541,2.21263,4.16949,0.989383,2.67766,5.84076,0.311842,3.14343,7.55825,0.0972771,3.63127,9.58578,0.0303237,4.15787,12.0912,0.00945211,4.73731,15.2286,0.00294633,5.38238,19.1721,0.000918508,6.10553,24.134,0.000286163,6.91951,30.3791,8.92692e-05,7.83792,38.2397,2.78121e-05,8.87555,48.1338,8.65134e-06,10.0489,60.5876,2.7882e-06,11.3761,76.2629,8.29036e-07,12.8779,95.9927,2.4373e-07,14.5775,120.825,4.33068e-09,16.5012,152.08,1.75749e-07,18.6784,191.415,-1.86328e-07,21.1428,240.917,1.91829e-07,23.9322,303.213,-1.81475e-07,27.0895,381.602,7.0186e-08,30.6634,480.231,-2.86769e-08,34.7087,604.316,2.40784e-07,39.2876,760.401,9.87368e-08,44.4705,956.705,1.22263e-07,50.3371,1203.54,-4.31966e-07,56.9776,1513.81,-1.9705e-07,64.494,1903.69,-2.763e-08,73.0018,2393.4,3.9185e-07,82.6317,3008.13,1.35379e-07,93.5318,3779.25,-4.16351e-08,105.869,4745.7,2.06965e-08,119.834,5955.6,-3.18887e-07,135.641,7468.12,-1.48271e-08,153.531,9355.62,2.00739e-07,173.781,11705.8,2.28358e-07,196.701,14624.1,-1.93587e-08,222.642,18235,-2.88101e-07,252.003,22683.4,-2.24732e-07,285.234,28134,8.56806e-09,322.845,34767,2.34258e-07,365.413,42770.9,2.99668e-07,413.588,52327.9,8.28644e-08,468.111,63591.2,-3.07049e-07,529.814,76653.2,-3.1888e-07,599.642,91502.5,-6.72276e-08,678.662,107975,2.26339e-07,768.083,125705,3.69212e-07,869.267,144088,2.04077e-07,983.76,162277,-2.80509e-07,1113.3,179223,-4.22737e-07,1259.87,193777,-1.71951e-07,1425.68,204839,4.55555e-07,11.7194,11.96,12.6541,2.21263,4.16949,0.989383,2.67766,5.84076,0.311842,3.14343,7.55825,0.0972771,3.63127,9.58578,0.0303237,4.15787,12.0912,0.00945211,4.73731,15.2286,0.00294633,5.38238,19.1721,0.000918508,6.10553,24.134,0.000286163,6.91951,30.3791,8.92692e-05,7.83792,38.2397,2.78121e-05,8.87555,48.1338,8.65134e-06,10.0489,60.5876,2.7882e-06,11.3761,76.2629,8.29036e-07,12.8779,95.9927,2.4373e-07,14.5775,120.825,1e-08,16.5012,152.08,1.75749e-07,18.6784,191.415,1e-08,21.1428,240.917,1.91829e-07,23.9322,303.213,1e-08,27.0895,381.602,7.0186e-08,30.6634,480.231,1e-08,34.7087,604.316,2.40784e-07,39.2876,760.401,9.87368e-08,44.4705,956.705,1.22263e-07,50.3371,1203.54,1e-08,56.9776,1513.81,1e-08,64.494,1903.69,1e-08,73.0018,2393.4,3.9185e-07,82.6317,3008.13,1.35379e-07,93.5318,3779.25,1e-08,105.869,4745.7,2.06965e-08,119.834,5955.6,1e-08,135.641,7468.12,1e-08,153.531,9355.62,2.00739e-07,173.781,11705.8,2.28358e-07,196.701,14624.1,1e-08,222.642,18235,1e-08,252.003,22683.4,1e-08,285.234,28134,1e-08,322.845,34767,2.34258e-07,365.413,42770.9,2.99668e-07,413.588,52327.9,8.28644e-08,468.111,63591.2,1e-08,529.814,76653.2,1e-08,599.642,91502.5,1e-08,678.662,107975,2.26339e-07,768.083,125705,3.69212e-07,869.267,144088,2.04077e-07,983.76,162277,1e-08,1113.3,179223,1e-08,1259.87,193777,1e-08,1425.68,204839,4.55555e-07,6.2823,3.27286,2.43537,0.219672,6.18826,2.24117,0.56371,6.87772,2.63624,0.308279,14,13,21,4,4,2,0,8,1,4,5,0,6,12,0,5,7,0,5,23,0,4,35,0,3,38,0,3,62,0,5,12,0,3,40,0,10,93,0,19,95,0,13,50,0,3,167,0,8,99,0,16,105,0,15,269,0,23,281,0,51,382,0,33,468,0,21,420,0,35,300,0,30,584,0,72,2194,0,74,2550,0,41,1276,0,23,1133,0,84,2172,0,135,5624,0,48,8847,0,39,4031,0,122,6190,0,127,10647,0,117,10314,0,111,14099,0,268,11836,0,190,51691,0,128,33747,0,206,54046,0,309,36563,0,470,55892,0,555,62266,0,621,50728,0,594,129523,0,474,72088,0,528,77200,0,537,239612,0,1104,188009,0,1138,61480,0,1122,291775,0,1370,149225,0
-1.05176e+08,1,8.88811e-15,10,1023,0,1.05176e+08,0.528882,1.08665,0.389689,0.145397,0.379329,3.24381,0.161596,0.446195,1.77396,0.159177,1.15e+07,4.49998e+06,6.79999e+06,1.15e+07,4.49997e+06,6.79999e+06,1.15e+07,4.49996e+06,6.79999e+06,1.15e+07,4.49995e+06,6.79999e+06,1.14999e+07,4.49993e+06,6.79999e+06,1.14999e+07,4.49991e+06,6.79999e+06,1.14999e+07,4.49989e+06,6.79999e+06,1.14999e+07,4.49986e+06,6.79999e+06,1.14999e+07,4.49982e+06,6.79999e+06,1.14999e+07,4.49977e+06,6.79999e+06,1.14999e+07,4.49971e+06,6.79999e+06,1.14999e+07,4.49963e+06,6.79999e+06,1.14998e+07,4.49953e+06,6.79999e+06,1.14998e+07,4.49941e+06,6.79999e+06,1.14998e+07,4.49926e+06,6.79999e+06,1.14998e+07,4.49906e+06,6.79999e+06,1.14997e+07,4.49882e+06,6.79999e+06,1.14997e+07,4.49851e+06,6.79999e+06,1.14997e+07,4.49812e+06,6.79999e+06,1.14996e+07,4.49764e+06,6.79999e+06,1.14996e+07,4.49702e+06,6.79999e+06,1.14995e+07,4.49625e+06,6.79999e+06,1.14995e+07,4.49528e+06,6.79999e+06,1.14994e+07,4.49406e+06,6.79999e+06,1.14993e+07,4.49253e+06,6.79999e+06,1.14992e+07,4.49059e+06,6.79999e+06,1.14991e+07,4.48817e+06,6.79999e+06,1.1499e+07,4.48511e+06,6.79999e+06,1.14988e+07,4.48128e+06,6.79999e+06,1.14987e+07,4.47646e+06,6.79999e+06,1.14985e+07,4.47041e+06,6.79999e+06,1.14983e+07,4.46281e+06,6.79999e+06,1.14981e+07,4.4533e+06,6.79999e+06,1.14979e+07,4.44138e+06,6.79999e+06,1.14976e+07,4.42649e+06,6.79999e+06,1.14972e+07,4.40789e+06,6.79999e+06,1.14969e+07,4.38471e+06,6.79999e+06,1.14965e+07,4.35592e+06,6.79999e+06,1.1496e+07,4.32027e+06,6.79999e+06,1.14955e+07,4.27629e+06,6.79999e+06,1.14949e+07,4.22231e+06,6.79999e+06,1.14942e+07,4.15647e+06,6.79999e+06,1.14934e+07,4.07676e+06,6.79999e+06,1.14926e+07,3.98112e+06,6.79999e+06,1.14916e+07,3.86765e+06,6.79999e+06,1.14905e+07,3.73474e+06,6.79999e+06,1.14892e+07,3.58148e+06,6.79999e+06,1.14878e+07,3.40785e+06,6.79999e+06,1.14862e+07,3.21513e+06,6.79999e+06,1.14844e+07,3.00605e+06,6.79999e+06,1.14823e+07,2.7848e+06,6.79999e+06,1.148e+07,2.5568e+06,6.79999e+06,1.14773e+07,2.32825e+06,6.79999e+06,13.5742,8.52444,0.508366,16.8306,13.2585,0.162638,20.0035,17.569,0.0507846,23.2616,22.4214,0.0158319,26.7328,28.3297,0.00493498,30.5212,35.6974,0.00153831,34.7178,44.9473,0.000479527,39.4086,56.5822,0.000149456,44.6796,71.2245,4.66214e-05,50.6209,89.6543,1.45419e-05,57.3297,112.852,4.54748e-06,64.9129,142.051,1.43857e-06,73.4897,178.803,4.36618e-07,83.1934,225.062,1.40153e-07,94.1745,283.286,4.96378e-08,106.602,356.568,1.05434e-07,120.669,448.799,-6.49244e-08,136.59,564.873,1.70148e-07,154.611,710.948,-5.34594e-08,175.008,894.767,1.63407e-07,198.097,1126.06,8.04804e-08,224.231,1417.07,1.14667e-07,253.813,1783.15,-1.71227e-07,287.297,2243.62,-2.88466e-07,325.198,2822.67,-4.33651e-07,368.098,3550.67,7.9318e-08,416.657,4465.65,3.13319e-07,471.621,5615.16,3.4613e-07,533.835,7058.61,-1.19199e-07,604.255,8870.02,-2.79964e-07,683.962,11141.4,-2.30521e-07,774.182,13986.7,-2.55099e-07,876.299,17546.4,1.23585e-07,991.883,21993.1,1.41192e-07,1122.71,27536.7,-9.71886e-08,1270.78,34430.7,-3.68368e-07,1438.38,42977.7,-3.45379e-07,1628.07,53532.7,-3.25328e-09,1842.77,66504.6,2.6362e-07,2085.77,82350.2,2.53445e-07,2360.79,101560,-2.47407e-08,2672.05,124632,-3.80602e-07,3024.31,152018,-4.79005e-07,3422.98,184060,-1.14379e-07,3874.15,220884,2.64297e-07,4384.72,262283,3.44131e-07,4962.49,307576,7.5349e-08,5616.29,355497,-3.63097e-07,6356.1,404126,-6.05442e-07,7193.18,450932,-2.72333e-07,8140.28,492963,2.29675e-07,9211.79,527178,4.3387e-07,10424,550893,-1.0711e-07,10.102,8.06553,2.81012,10.6436,8.57909,0.869423,11.5336,10.2515,0.270869,12.7211,12.7138,0.0844293,14.1823,15.9373,0.0263173,15.9122,20.0383,0.0082035,17.9198,25.2154,0.00255722,20.2244,31.7373,0.000797017,22.8539,39.9486,0.000248622,25.8438,50.2851,7.75492e-05,29.237,63.2963,2.42508e-05,33.0837,79.6738,7.67162e-06,37.4415,100.288,2.32837e-06,42.3767,126.236,7.33e-07,47.9646,158.896,2.79256e-07,54.2906,200.003,9.87351e-09,61.452,251.741,1.61085e-07,69.5585,316.859,-2.47141e-07,78.7347,398.812,8.93552e-08,89.1218,501.948,-2.53231e-07,100.879,631.736,-1.25047e-07,114.188,795.049,-1.78808e-07,129.252,1000.53,2.6733e-07,146.304,1259.03,4.50292e-07,165.605,1584.19,6.76904e-07,187.452,1993.12,-1.23808e-07,212.181,2507.27,-4.89068e-07,240.173,3153.54,-5.40284e-07,271.856,3965.56,1.86061e-07,307.719,4985.38,4.37004e-07,348.313,6265.4,3.59828e-07,394.26,7870.83,3.98192e-07,446.268,9882.51,-1.92908e-07,505.135,12400.3,-2.20392e-07,571.766,15546.9,1.51705e-07,647.184,19472.2,5.74996e-07,732.547,24357.4,5.39112e-07,829.167,30420,5.07815e-09,938.526,37916.3,-4.11492e-07,1062.3,47143.9,-3.9561e-07,1202.4,58439.2,3.86185e-08,1360.96,72169.3,5.94093e-07,1540.42,88715.8,7.47693e-07,1743.53,108445,1.78537e-07,1973.41,131665,-4.12549e-07,2233.57,158557,-5.37164e-07,2528,189103,-1.17615e-07,2861.2,222986,5.66769e-07,3238.27,259510,9.45053e-07,3664.97,297540,4.25093e-07,4147.81,335497,-3.58506e-07,4694.17,371444,-6.7724e-07,5312.37,403256,1.67192e-07,1.61744,3.89446,9.84394,3.28846,7.5504,12.774,5.07607,11.7187,13.6844,7.03202,16.8147,13.9681,9.20215,23.1769,14.0566,11.6301,31.1672,14.0841,14.3598,41.2186,14.0927,17.4376,53.8688,14.0954,20.9137,69.7915,14.0962,24.8432,89.8341,14.0965,29.2879,115.063,14.0966,34.3168,146.819,14.0966,40.0078,186.792,14.0966,46.4487,237.107,14.0966,53.7388,300.44,14.0966,61.9903,380.158,14.0966,71.3301,480.499,14.0966,81.902,606.796,14.0966,93.8685,765.761,14.0966,107.414,965.837,14.0966,122.746,1217.65,14.0966,140.101,1534.57,14.0966,159.745,1933.41,14.0966,181.981,2435.3,14.0966,207.15,3066.85,14.0966,235.64,3861.46,14.0966,267.889,4861.11,14.0966,304.391,6118.54,14.0966,345.709,7699.91,14.0966,392.478,9688.22,14.0966,445.417,12187.5,14.0966,505.339,15327.7,14.0966,573.165,19271.6,14.0966,649.938,24222,14.0966,736.839,30430.9,14.0966,835.202,38211.5,14.0966,946.539,47950.3,14.0966,1072.56,60122.8,14.0966,1215.21,75309.9,14.0966,1376.66,94216.2,14.0966,1559.41,117688,14.0966,1766.26,146729,14.0966,2000.39,182510,14.0966,2265.39,226372,14.0966,2565.33,279806,14.0966,2904.81,344416,14.0966,3289.05,421845,14.0966,3723.93,513667,14.0966,4216.13,621231,14.0966,4773.18,745478,14.0966,5403.64,886744,14.0966,6117.15,1.04457e+06,14.0966,6924.63,1.2176e+06,14.0966,11.7194,11.96,12.6541,13.9321,16.1295,13.6434,16.6097,21.9702,13.9553,19.7532,29.5285,14.0526,23.3844,39.1143,14.0829,27.5423,51.2054,14.0923,32.2796,66.434,14.0953,37.662,85.6061,14.0962,43.7675,109.74,14.0965,50.687,140.119,14.0966,58.5249,178.359,14.0966,67.4005,226.493,14.0966,77.4493,287.08,14.0966,88.8254,363.343,14.0966,101.703,459.336,14.0966,116.281,580.161,14.0966,132.782,732.241,14.0966,151.46,923.655,14.0966,172.603,1164.57,14.0966,196.535,1467.79,14.0966,223.625,1849.39,14.0966,254.288,2329.62,14.0966,288.997,2933.93,14.0966,328.285,3694.33,14.0966,372.755,4651.04,14.0966,423.092,5854.57,14.0966,480.07,7368.38,14.0966,544.564,9272.08,14.0966,617.566,11665.5,14.0966,700.197,14673.6,14.0966,793.729,18452.9,14.0966,899.599,23198.6,14.0966,1019.43,29154.1,14.0966,1155.07,36622.3,14.0966,1308.6,45977.9,14.0966,1482.39,57683.7,14.0966,1679.09,72307.8,14.0966,1901.73,90542.8,14.0966,2153.73,113226,14.0966,2438.97,141360,14.0966,2761.81,176127,14.0966,3127.22,218898,14.0966,3540.81,271226,14.0966,4008.92,334817,14.0966,4538.74,411470,14.0966,5138.38,502973,14.0966,5817.04,610948,14.0966,6585.12,736653,14.0966,7454.39,880741,14.0966,8438.15,1.04302e+06,14.0966,9551.45,1.22224e+06,14.0966,10811.3,1.41602e+06,14.0966,12237,1.62086e+06,14.0966,11.7194,11.96,12.6541,2.21263,4.16949,0.989383,2.67766,5.84076,0.311842,3.14343,7.55825,0.0972771,3.63127,9.58578,0.0303237,4.15787,12.0912,0.00945211,4.73731,15.2286,0.00294633,5.38238,19.1721,0.000918508,6.10553,24.134,0.000286163,6.91951,30.3791,8.92692e-05,7.83792,38.2397,2.78121e-05,8.87555,48.1338,8.65134e-06,10.0489,60.5876,2.7882e-06,11.3761,76.2629,8.29036e-07,12.8779,95.9927,2.4373e-07,14.5775,120.825,4.33068e-09,16.5012,152.08,1.75749e-07,18.6784,191.415,-1.86328e-07,21.1428,240.917,1.91829e-07,23.9322,303.213,-1.81475e-07,27.0895,381.602,7.0186e-08,30.6634,480.231,-2.86769e-08,34.7087,604.316,2.40784e-07,39.2876,760.401,9.87368e-08,44.4705,956.705,1.22263e-07,50.3371,1203.54,-4.31966e-07,56.9776,1513.81,-1.9705e-07,64.494,1903.69,-2.763e-08,73.0018,2393.4,3.9185e-07,82.6317,3008.13,1.35379e-07,93.5318,3779.25,-4.16351e-08,105.869,4745.7,2.06965e-08,119.834,5955.6,-3.18887e-07,135.641,7468.12,-1.48271e-08,153.531,9355.62,2.00739e-07,173.781,11705.8,2.28358e-07,196.701,14624.1,-1.93587e-08,222.642,18235,-2.88101e-07,252.003,22683.4,-2.24732e-07,285.234,28134,8.56806e-09,322.845,34767,2.34258e-07,365.413,42770.9,2.99668e-07,413.588,52327.9,8.28644e-08,468.111,63591.2,-3.07049e-07,529.814,76653.2,-3.1888e-07,599.642,91502.5,-6.72276e-08,678.662,107975,2.26339e-07,768.083,125705,3.69212e-07,869.267,144088,2.04077e-07,983.76,162277,-2.80509e-07,1113.3,179223,-4.22737e-07,1259.87,193777,-1.71951e-07,1425.68,204839,4.55555e-07,11.7194,11.96,12.6541,2.21263,4.16949,0.989383,2.67766,5.84076,0.311842,3.14343,7.55825,0.0972771,3.63127,9.58578,0.0303237,4.15787,12.0912,0.00945211,4.73731,15.2286,0.00294633,5.38238,19.1721,0.000918508,6.10553,24.134,0.000286163,6.91951,30.3791,8.92692e-05,7.83792,38.2397,2.78121e-05,8.87555,48.1338,8.65134e-06,10.0489,60.5876,2.7882e-06,11.3761,76.2629,8.29036e-07,12.8779,95.9927,2.4373e-07,14.5775,120.825,1e-08,16.5012,152.08,1.75749e-07,18.6784,191.415,1e-08,21.1428,240.917,1.91829e-07,23.9322,303.213,1e-08,27.0895,381.602,7.0186e-08,30.6634,480.231,1e-08,34.7087,604.316,2.40784e-07,39.2876,760.401,9.87368e-08,44.4705,956.705,1.22263e-07,50.3371,1203.54,1e-08,56.9776,1513.81,1e-08,64.494,1903.69,1e-08,73.0018,2393.4,3.9185e-07,82.6317,3008.13,1.35379e-07,93.5318,3779.25,1e-08,105.869,4745.7,2.06965e-08,119.834,5955.6,1e-08,135.641,7468.12,1e-08,153.531,9355.62,2.00739e-07,173.781,11705.8,2.28358e-07,196.701,14624.1,1e-08,222.642,18235,1e-08,252.003,22683.4,1e-08,285.234,28134,1e-08,322.845,34767,2.34258e-07,365.413,42770.9,2.99668e-07,413.588,52327.9,8.28644e-08,468.111,63591.2,1e-08,529.814,76653.2,1e-08,599.642,91502.5,1e-08,678.662,107975,2.26339e-07,768.083,125705,3.69212e-07,869.267,144088,2.04077e-07,983.76,162277,1e-08,1113.3,179223,1e-08,1259.87,193777,1e-08,1425.68,204839,4.55555e-07,6.2823,3.27286,2.43537,0.219672,6.18826,2.24117,0.56371,6.87772,2.63624,0.308279,6,8,15,1,1,1,0,4,0,1,2,0,1,11,1,3,15,0,2,7,0,3,10,0,2,29,0,7,19,0,3,14,0,3,52,0,19,63,0,17,64,0,13,171,0,10,53,0,12,106,0,16,126,0,22,227,0,25,375,0,15,378,0,19,416,0,35,944,0,49,931,0,53,1484,0,66,1025,0,57,631,0,41,1009,0,61,852,0,72,2252,0,54,3543,0,96,2963,0,134,7864,0,119,4189,0,132,3587,0,212,10624,0,159,11251,0,176,21579,0,323,15984,0,292,22669,0,281,32303,0,491,44513,0,241,30339,0,808,59143,0,534,130943,0,1420,38135,0,734,134772,0,827,132407,0,586,140677,0,1066,212964,0,1154,124540,0,892,161625,0,1547,121729,0
-1.05176e+08,1,8.88811e-15,10,1023,0,1.05176e+08,0.528882,1.08665,0.389689,0.145397,0.379329,3.24381,0.161596,0.446195,1.77396,0.159177,1.15e+07,4.49998e+06,6.79999e+06,1.15e+07,4.49997e+06,6.79999e+06,1.15e+07,4.49996e+06,6.79999e+06,1.15e+07,4.49995e+06,6.79999e+06,1.14999e+07,4.49993e+06,6.79999e+06,1.14999e+07,4.49991e+06,6.79999e+06,1.14999e+07,4.49989e+06,6.79999e+06,1.14999e+07,4.49986e+06,6.79999e+06,1.14999e+07,4.49982e+06,6.79999e+06,1.14999e+07,4.49977e+06,6.79999e+06,1.14999e+07,4.49971e+06,6.79999e+06,1.14999e+07,4.49963e+06,6.79999e+06,1.14998e+07,4.49953e+06,6.79999e+06,1.14998e+07,4.49941e+06,6.79999e+06,1.14998e+07,4.49926e+06,6.79999e+06,1.14998e+07,4.49906e+06,6.79999e+06,1.14997e+07,4.49882e+06,6.79999e+06,1.14997e+07,4.49851e+06,6.79999e+06,1.14997e+07,4.49812e+06,6.79999e+06,1.14996e+07,4.49764e+06,6.79999e+06,1.14996e+07,4.49702e+06,6.79999e+06,1.14995e+07,4.49625e+06,6.79999e+06,1.14995e+07,4.49528e+06,6.79999e+06,1.14994e+07,4.49406e+06,6.79999e+06,1.14993e+07,4.49253e+06,6.79999e+06,1.14992e+07,4.49059e+06,6.79999e+06,1.14991e+07,4.48817e+06,6.79999e+06,1.1499e+07,4.48511e+06,6.79999e+06,1.14988e+07,4.48128e+06,6.79999e+06,1.14987e+07,4.47646e+06,6.79999e+06,1.14985e+07,4.47041e+06,6.79999e+06,1.14983e+07,4.46281e+06,6.79999e+06,1.14981e+07,4.4533e+06,6.79999e+06,1.14979e+07,4.44138e+06,6.79999e+06,1.14976e+07,4.42649e+06,6.79999e+06,1.14972e+07,4.40789e+06,6.79999e+06,1.14969e+07,4.38471e+06,6.79999e+06,1.14965e+07,4.35592e+06,6.79999e+06,1.1496e+07,4.32027e+06,6.79999e+06,1.14955e+07,4.27629e+06,6.79999e+06,1.14949e+07,4.22231e+06,6.79999e+06,1.14942e+07,4.15647e+06,6.79999e+06,1.14934e+07,4.07676e+06,6.79999e+06,1.14926e+07,3.98112e+06,6.79999e+06,1.14916e+07,3.86765e+06,6.79999e+06,1.14905e+07,3.73474e+06,6.79999e+06,1.14892e+07,3.58148e+06,6.79999e+06,1.14878e+07,3.40785e+06,6.79999e+06,1.14862e+07,3.21513e+06,6.79999e+06,1.14844e+07,3.00605e+06,6.79999e+06,1.14823e+07,2.7848e+06,6.79999e+06,1.148e+07,2.5568e+06,6.79999e+06,1.14773e+07,2.32825e+06,6.79999e+06,13.5742,8.52444,0.508366,16.8306,13.2585,0.162638,20.0035,17.569,0.0507846,23.2616,22.4214,0.0158319,26.7328,28.3297,0.00493498,30.5212,35.6974,0.00153831,34.7178,44.9473,0.000479527,39.4086,56.5822,0.000149456,44.6796,71.2245,4.66214e-05,50.6209,89.6543,1.45419e-05,57.3297,112.852,4.54748e-06,64.9129,142.051,1.43857e-06,73.4897,178.803,4.36618e-07,83.1934,225.062,1.40153e-07,94.1745,283.286,4.96378e-08,106.602,356.568,1.05434e-07,120.669,448.799,-6.49244e-08,136.59,564.873,1.70148e-07,154.611,710.948,-5.34594e-08,175.008,894.767,1.63407e-07,198.097,1126.06,8.04804e-08,224.231,1417.07,1.14667e-07,253.813,1783.15,-1.71227e-07,287.297,2243.62,-2.88466e-07,325.198,2822.67,-4.33651e-07,368.098,3550.67,7.9318e-08,416.657,4465.65,3.13319e-07,471.621,5615.16,3.4613e-07,533.835,7058.61,-1.19199e-07,604.255,8870.02,-2.79964e-07,683.962,11141.4,-2.30521e-07,774.182,13986.7,-2.55099e-07,876.299,17546.4,1.23585e-07,991.883,21993.1,1.41192e-07,1122.71,27536.7,-9.71886e-08,1270.78,34430.7,-3.68368e-07,1438.38,42977.7,-3.45379e-07,1628.07,53532.7,-3.25328e-09,1842.77,66504.6,2.6362e-07,2085.77,82350.2,2.53445e-07,2360.79,101560,-2.47407e-08,2672.05,124632,-3.80602e-07,3024.31,152018,-4.79005e-07,3422.98,184060,-1.14379e-07,3874.15,220884,2.64297e-07,4384.72,262283,3.44131e-07,4962.49,307576,7.5349e-08,5616.29,355497,-3.63097e-07,6356.1,404126,-6.05442e-07,7193.18,450932,-2.72333e-07,8140.28,492963,2.29675e-07,9211.79,527178,4.3387e-07,10424,550893,-1.0711e-07,10.102,8.06553,2.81012,10.6436,8.57909,0.869423,11.5336,10.2515,0.270869,12.7211,12.7138,0.0844293,14.1823,15.9373,0.0263173,15.9122,20.0383,0.0082035,17.9198,25.2154,0.00255722,20.2244,31.7373,0.000797017,22.8539,39.9486,0.000248622,25.8438,50.2851,7.75492e-05,29.237,63.2963,2.42508e-05,33.0837,79.6738,7.67162e-06,37.4415,100.288,2.32837e-06,42.3767,126.236,7.33e-07,47.9646,158.896,2.79256e-07,54.2906,200.003,9.87351e-09,61.452,251.741,1.61085e-07,69.5585,316.859,-2.47141e-07,78.7347,398.812,8.93552e-08,89.1218,501.948,-2.53231e-07,100.879,631.736,-1.25047e-07,114.188,795.049,-1.78808e-07,129.252,1000.53,2.6733e-07,146.304,1259.03,4.50292e-07,165.605,1584.19,6.76904e-07,187.452,1993.12,-1.23808e-07,212.181,2507.27,-4.89068e-07,240.173,3153.54,-5.40284e-07,271.856,3965.56,1.86061e-07,307.719,4985.38,4.37004e-07,348.313,6265.4,3.59828e-07,394.26,7870.83,3.98192e-07,446.268,9882.51,-1.92908e-07,505.135,12400.3,-2.20392e-07,571.766,15546.9,1.51705e-07,647.184,19472.2,5.74996e-07,732.547,24357.4,5.39112e-07,829.167,30420,5.07815e-09,938.526,37916.3,-4.11492e-07,1062.3,47143.9,-3.9561e-07,1202.4,58439.2,3.86185e-08,1360.96,72169.3,5.94093e-07,1540.42,88715.8,7.47693e-07,1743.53,108445,1.78537e-07,1973.41,131665,-4.12549e-07,2233.57,158557,-5.37164e-07,2528,189103,-1.17615e-07,2861.2,222986,5.66769e-07,3238.27,259510,9.45053e-07,3664.97,297540,4.25093e-07,4147.81,335497,-3.58506e-07,4694.17,371444,-6.7724e-07,5312.37,403256,1.67192e-07,1.61744,3.89446,9.84394,3.28846,7.5504,12.774,5.07607,11.7187,13.6844,7.03202,16.8147,13.9681,9.20215,23.1769,14.0566,11.6301,31.1672,14.0841,14.3598,41.2186,14.0927,17.4376,53.8688,14.0954,20.9137,69.7915,14.0962,24.8432,89.8341,14.0965,29.2879,115.063,14.0966,34.3168,146.819,14.0966,40.0078,186.792,14.0966,46.4487,237.107,14.0966,53.7388,300.44,14.0966,61.9903,380.158,14.0966,71.3301,480.499,14.0966,81.902,606.796,14.0966,93.8685,765.761,14.0966,107.414,965.837,14.0966,122.746,1217.65,14.0966,140.101,1534.57,14.0966,159.745,1933.41,14.0966,181.981,2435.3,14.0966,207.15,3066.85,14.0966,235.64,3861.46,14.0966,267.889,4861.11,14.0966,304.391,6118.54,14.0966,345.709,7699.91,14.0966,392.478,9688.22,14.0966,445.417,12187.5,14.0966,505.339,15327.7,14.0966,573.165,19271.6,14.0966,649.938,24222,14.0966,736.839,30430.9,14.0966,835.202,38211.5,14.0966,946.539,47950.3,14.0966,1072.56,60122.8,14.0966,1215.21,75309.9,14.0966,1376.66,94216.2,14.0966,1559.41,117688,14.0966,1766.26,146729,14.0966,2000.39,182510,14.0966,2265.39,226372,14.0966,2565.33,279806,14.0966,2904.81,344416,14.0966,3289.05,421845,14.0966,3723.93,513667,14.0966,4216.13,621231,14.0966,4773.18,745478,14.0966,5403.64,886744,14.0966,6117.15,1.04457e+06,14.0966,6924.63,1.2176e+06,14.0966,11.7194,11.96,12.6541,13.9321,16.1295,13.6434,16.6097,21.9702,13.9553,19.7532,29.5285,14.0526,23.3844,39.1143,14.0829,27.5423,51.2054,14.0923,32.2796,66.434,14.0953,37.662,85.6061,14.0962,43.7675,109.74,14.0965,50.687,140.119,14.0966,58.5249,178.359,14.0966,67.4005,226.493,14.0966,77.4493,287.08,14.0966,88.8254,363.343,14.0966,101.703,459.336,14.0966,116.281,580.161,14.0966,132.782,732.241,14.0966,151.46,923.655,14.0966,172.603,1164.57,14.0966,196.535,1467.79,14.0966,223.625,1849.39,14.0966,254.288,2329.62,14.0966,288.997,2933.93,14.0966,328.285,3694.33,14.0966,372.755,4651.04,14.0966,423.092,5854.57,14.0966,480.07,7368.38,14.0966,544.564,9272.08,14.0966,617.566,11665.5,14.0966,700.197,14673.6,14.0966,793.729,18452.9,14.0966,899.599,23198.6,14.0966,1019.43,29154.1,14.0966,1155.07,36622.3,14.0966,1308.6,45977.9,14.0966,1482.39,57683.7,14.0966,1679.09,72307.8,14.0966,1901.73,90542.8,14.0966,2153.73,113226,14.0966,2438.97,141360,14.0966,2761.81,176127,14.0966,3127.22,218898,14.0966,3540.81,271226,14.0966,4008.92,334817,14.0966,4538.74,411470,14.0966,5138.38,502973,14.0966,5817.04,610948,14.0966,6585.12,736653,14.0966,7454.39,880741,14.0966,8438.15,1.04302e+06,14.0966,9551.45,1.22224e+06,14.0966,10811.3,1.41602e+06,14.0966,12237,1.62086e+06,14.0966,11.7194,11.96,12.6541,2.21263,4.16949,0.989383,2.67766,5.84076,0.311842,3.14343,7.55825,0.0972771,3.63127,9.58578,0.0303237,4.15787,12.0912,0.00945211,4.73731,15.2286,0.00294633,5.38238,19.1721,0.000918508,6.10553,24.134,0.000286163,6.91951,30.3791,8.92692e-05,7.83792,38.2397,2.78121e-05,8.87555,48.1338,8.65134e-06,10.0489,60.5876,2.7882e-06,11.3761,76.2629,8.29036e-07,12.8779,95.9927,2.4373e-07,14.5775,120.825,4.33068e-09,16.5012,152.08,1.75749e-07,18.6784,191.415,-1.86328e-07,21.1428,240.917,1.91829e-07,23.9322,303.213,-1.81475e-07,27.0895,381.602,7.0186e-08,30.6634,480.231,-2.86769e-08,34.7087,604.316,2.40784e-07,39.2876,760.401,9.87368e-08,44.4705,956.705,1.22263e-07,50.3371,1203.54,-4.31966e-07,56.9776,1513.81,-1.9705e-07,64.494,1903.69,-2.763e-08,73.0018,2393.4,3.9185e-07,82.6317,3008.13,1.35379e-07,93.5318,3779.25,-4.16351e-08,105.869,4745.7,2.06965e-08,119.834,5955.6,-3.18887e-07,135.641,7468.12,-1.48271e-08,153.531,9355.62,2.00739e-07,173.781,11705.8,2.28358e-07,196.701,14624.1,-1.93587e-08,222.642,18235,-2.88101e-07,252.003,22683.4,-2.24732e-07,285.234,28134,8.56806e-09,322.845,34767,2.34258e-07,365.413,42770.9,2.99668e-07,413.588,52327.9,8.28644e-08,468.111,63591.2,-3.07049e-07,529.814,76653.2,-3.1888e-07,599.642,91502.5,-6.72276e-08,678.662,107975,2.26339e-07,768.083,125705,3.69212e-07,869.267,144088,2.04077e-07,983.76,162277,-2.80509e-07,1113.3,179223,-4.22737e-07,1259.87,193777,-1.71951e-07,1425.68,204839,4.55555e-07,11.7194,11.96,12.6541,2.21263,4.16949,0.989383,2.67766,5.84076,0.311842,3.14343,7.55825,0.0972771,3.63127,9.58578,0.0303237,4.15787,12.0912,0.00945211,4.73731,15.2286,0.00294633,5.38238,19.1721,0.000918508,6.10553,24.134,0.000286163,6.91951,30.3791,8.92692e-05,7.83792,38.2397,2.78121e-05,8.87555,48.1338,8.65134e-06,10.0489,60.5876,2.7882e-06,11.3761,76.2629,8.29036e-07,12.8779,95.9927,2.4373e-07,14.5775,120.825,1e-08,16.5012,152.08,1.75749e-07,18.6784,191.415,1e-08,21.1428,240.917,1.91829e-07,23.9322,303.213,1e-08,27.0895,381.602,7.0186e-08,30.6634,480.231,1e-08,34.7087,604.316,2.40784e-07,39.2876,760.401,9.87368e-08,44.4705,956.705,1.22263e-07,50.3371,1203.54,1e-08,56.9776,1513.81,1e-08,64.494,1903.69,1e-08,73.0018,2393.4,3.9185e-07,82.6317,3008.13,1.35379e-07,93.5318,3779.25,1e-08,105.869,4745.7,2.06965e-08,119.834,5955.6,1e-08,135.641,7468.12,1e-08,153.531,9355.62,2.00739e-07,173.781,11705.8,2.28358e-07,196.701,14624.1,1e-08,222.642,18235,1e-08,252.003,22683.4,1e-08,285.234,28134,1e-08,322.845,34767,2.34258e-07,365.413,42770.9,2.99668e-07,413.588,52327.9,8.28644e-08,468.111,63591.2,1e-08,529.814,76653.2,1e-08,599.642,91502.5,1e-08,678.662,107975,2.26339e-07,768.083,125705,3.69212e-07,869.267,144088,2.04077e-07,983.76,162277,1e-08,1113.3,179223,1e-08,1259.87,193777,1e-08,1425.68,204839,4.55555e-07,6.2823,3.27286,2.43537,0.219672,6.18826,2.24117,0.56371,6.87772,2.63624,0.308279,8,14,6,2,3,1,2,21,2,2,1,0,2,6,0,6,21,0,5,8,0,1,5,0,7,33,0,4,29,0,5,27,0,3,60,0,12,91,0,7,89,0,15,76,0,25,128,0,19,77,0,40,96,0,24,160,0,19,212,0,21,247,0,13,472,0,14,630,0,74,401,0,63,1543,0,69,624,0,55,1751,0,111,3202,0,84,3278,0,137,2655,0,133,5395,0,94,4460,0,115,3323,0,186,6417,0,162,7122,0,92,5295,0,234,31370,0,191,36415,0,128,27578,0,407,26027,0,237,31853,0,609,32537,0,143,25196,0,697,29936,0,293,65008,0,390,60349,0,385,74803,0,584,153343,0,708,87096,0,1570,233274,0,1706,92867,0,1004,136977,0,1252,199755,0
-1.05176e+08,1,8.88811e-15,10,1023,0,1.05176e+08,0.528882,1.08665,0.389689,0.145397,0.379329,3.24381,0.161596,0.446195,1.77396,0.159177,1.15e+07,4.49998e+06,6.79999e+06,1.15e+07,4.49997e+06,6.79999e+06,1.15e+07,4.49996e+06,6.79999e+06,1.15e+07,4.49995e+06,6.79999e+06,1.14999e+07,4.49993e+06,6.79999e+06,1.14999e+07,4.49991e+06,6.79999e+06,1.14999e+07,4.49989e+06,6.79999e+06,1.14999e+07,4.49986e+06,6.79999e+06,1.14999e+07,4.49982e+06,6.79999e+06,1.14999e+07,4.49977e+06,6.79999e+06,1.14999e+07,4.49971e+06,6.79999e+06,1.14999e+07,4.49963e+06,6.79999e+06,1.14998e+07,4.49953e+06,6.79999e+06,1.14998e+07,4.49941e+06,6.79999e+06,1.14998e+07,4.49926e+06,6.79999e+06,1.14998e+07,4.49906e+06,6.79999e+06,1.14997e+07,4.49882e+06,6.79999e+06,1.14997e+07,4.49851e+06,6.79999e+06,1.14997e+07,4.49812e+06,6.79999e+06,1.14996e+07,4.49764e+06,6.79999e+06,1.14996e+07,4.49702e+06,6.79999e+06,1.14995e+07,4.49625e+06,6.79999e+06,1.14995e+07,4.49528e+06,6.79999e+06,1.14994e+07,4.49406e+06,6.79999e+06,1.14993e+07,4.49253e+06,6.79999e+06,1.14992e+07,4.49059e+06,6.79999e+06,1.14991e+07,4.48817e+06,6.79999e+06,1.1499e+07,4.48511e+06,6.79999e+06,1.14988e+07,4.48128e+06,6.79999e+06,1.14987e+07,4.47646e+06,6.79999e+06,1.14985e+07,4.47041e+06,6.79999e+06,1.14983e+07,4.46281e+06,6.79999e+06,1.14981e+07,4.4533e+06,6.79999e+06,1.14979e+07,4.44138e+06,6.79999e+06,1.14976e+07,4.42649e+06,6.79999e+06,1.14972e+07,4.40789e+06,6.79999e+06,1.14969e+07,4.38471e+06,6.79999e+06,1.14965e+07,4.35592e+06,6.79999e+06,1.1496e+07,4.32027e+06,6.79999e+06,1.14955e+07,4.27629e+06,6.79999e+06,1.14949e+07,4.22231e+06,6.79999e+06,1.14942e+07,4.15647e+06,6.79999e+06,1.14934e+07,4.07676e+06,6.79999e+06,1.14926e+07,3.98112e+06,6.79999e+06,1.14916e+07,3.86765e+06,6.79999e+06,1.14905e+07,3.73474e+06,6.79999e+06,1.14892e+07,3.58148e+06,6.79999e+06,1.14878e+07,3.40785e+06,6.79999e+06,1.14862e+07,3.21513e+06,6.79999e+06,1.14844e+07,3.00605e+06,6.79999e+06,1.14823e+07,2.7848e+06,6.79999e+06,1.148e+07,2.5568e+06,6.79999e+06,1.14773e+07,2.32825e+06,6.79999e+06,13.5742,8.52444,0.508366,16.8306,13.2585,0.162638,20.0035,17.569,0.0507846,23.2616,22.4214,0.0158319,26.7328,28.3297,0.00493498,30.5212,35.6974,0.00153831,34.7178,44.9473,0.000479527,39.4086,56.5822,0.000149456,44.6796,71.2245,4.66214e-05,50.6209,89.6543,1.45419e-05,57.3297,112.852,4.54748e-06,64.9129,142.051,1.43857e-06,73.4897,178.803,4.36618e-07,83.1934,225.062,1.40153e-07,94.1745,283.286,4.96378e-08,106.602,356.568,1.05434e-07,120.669,448.799,-6.49244e-08,136.59,564.873,1.70148e-07,154.611,710.948,-5.34594e-08,175.008,894.767,1.63407e-07,198.097,1126.06,8.04804e-08,224.231,1417.07,1.14667e-07,253.813,1783.15,-1.71227e-07,287.297,2243.62,-2.88466e-07,325.198,2822.67,-4.33651e-07,368.098,3550.67,7.9318e-08,416.657,4465.65,3.13319e-07,471.621,5615.16,3.4613e-07,533.835,7058.61,-1.19199e-07,604.255,8870.02,-2.79964e-07,683.962,11141.4,-2.30521e-07,774.182,13986.7,-2.55099e-07,876.299,17546.4,1.23585e-07,991.883,21993.1,1.41192e-07,1122.71,27536.7,-9.71886e-08,1270.78,34430.7,-3.68368e-07,1438.38,42977.7,-3.45379e-07,1628.07,53532.7,-3.25328e-09,1842.77,66504.6,2.6362e-07,2085.77,82350.2,2.53445e-07,2360.79,101560,-2.47407e-08,2672.05,124632,-3.80602e-07,3024.31,152018,-4.79005e-07,3422.98,184060,-1.14379e-07,3874.15,220884,2.64297e-07,4384.72,262283,3.44131e-07,4962.49,307576,7.5349e-08,5616.29,355497,-3.63097e-07,6356.1,404126,-6.05442e-07,7193.18,450932,-2.72333e-07,8140.28,492963,2.29675e-07,9211.79,527178,4.3387e-07,10424,550893,-1.0711e-07,10.102,8.06553,2.81012,10.6436,8.57909,0.869423,11.5336,10.2515,0.270869,12.7211,12.7138,0.0844293,14.1823,15.9373,0.0263173,15.9122,20.0383,0.0082035,17.9198,25.2154,0.00255722,20.2244,31.7373,0.000797017,22.8539,39.9486,0.000248622,25.8438,50.2851,7.75492e-05,29.237,63.2963,2.42508e-05,33.0837,79.6738,7.67162e-06,37.4415,100.288,2.32837e-06,42.3767,126.236,7.33e-07,47.9646,158.896,2.79256e-07,54.2906,200.003,9.87351e-09,61.452,251.741,1.61085e-07,69.5585,316.859,-2.47141e-07,78.7347,398.812,8.93552e-08,89.1218,501.948,-2.53231e-07,100.879,631.736,-1.25047e-07,114.188,795.049,-1.78808e-07,129.252,1000.53,2.6733e-07,146.304,1259.03,4.50292e-07,165.605,1584.19,6.76904e-07,187.452,1993.12,-1.23808e-07,212.181,2507.27,-4.89068e-07,240.173,3153.54,-5.40284e-07,271.856,3965.56,1.86061e-07,307.719,4985.38,4.37004e-07,348.313,6265.4,3.59828e-07,394.26,7870.83,3.98192e-07,446.268,9882.51,-1.92908e-07,505.135,12400.3,-2.20392e-07,571.766,15546.9,1.51705e-07,647.184,19472.2,5.74996e-07,732.547,24357.4,5.39112e-07,829.167,30420,5.07815e-09,938.526,37916.3,-4.11492e-07,1062.3,47143.9,-3.9561e-07,1202.4,58439.2,3.86185e-08,1360.96,72169.3,5.94093e-07,1540.42,88715.8,7.47693e-07,1743.53,108445,1.78537e-07,1973.41,131665,-4.12549e-07,2233.57,158557,-5.37164e-07,2528,189103,-1.17615e-07,2861.2,222986,5.66769e-07,3238.27,259510,9.45053e-07,3664.97,297540,4.25093e-07,4147.81,335497,-3.58506e-07,4694.17,371444,-6.7724e-07,5312.37,403256,1.67192e-07,1.61744,3.89446,9.84394,3.28846,7.5504,12.774,5.07607,11.7187,13.6844,7.03202,16.8147,13.9681,9.20215,23.1769,14.0566,11.6301,31.1672,14.0841,14.3598,41.2186,14.0927,17.4376,53.8688,14.0954,20.9137,69.7915,14.0962,24.8432,89.8341,14.0965,29.2879,115.063,14.0966,34.3168,146.819,14.0966,40.0078,186.792,14.0966,46.4487,237.107,14.0966,53.7388,300.44,14.0966,61.9903,380.158,14.0966,71.3301,480.499,14.0966,81.902,606.796,14.0966,93.8685,765.761,14.0966,107.414,965.837,14.0966,122.746,1217.65,14.0966,140.101,1534.57,14.0966,159.745,1933.41,14.0966,181.981,2435.3,14.0966,207.15,3066.85,14.0966,235.64,3861.46,14.0966,267.889,4861.11,14.0966,304.391,6118.54,14.0966,345.709,7699.91,14.0966,392.478,9688.22,14.0966,445.417,12187.5,14.0966,505.339,15327.7,14.0966,573.165,19271.6,14.0966,649.938,24222,14.0966,736.839,30430.9,14.0966,835.202,38211.5,14.0966,946.539,47950.3,14.0966,1072.56,60122.8,14.0966,1215.21,75309.9,14.0966,1376.66,94216.2,14.0966,1559.41,117688,14.0966,1766.26,146729,14.0966,2000.39,182510,14.0966,2265.39,226372,14.0966,2565.33,279806,14.0966,2904.81,344416,14.0966,3289.05,421845,14.0966,3723.93,513667,14.0966,4216.13,621231,14.0966,4773.18,745478,14.0966,5403.64,886744,14.0966,6117.15,1.04457e+06,14.0966,6924.63,1.2176e+06,14.0966,11.7194,11.96,12.6541,13.9321,16.1295,13.6434,16.6097,21.9702,13.9553,19.7532,29.5285,14.0526,23.3844,39.1143,14.0829,27.5423,51.2054,14.0923,32.2796,66.434,14.0953,37.662,85.6061,14.0962,43.7675,109.74,14.0965,50.687,140.119,14.0966,58.5249,178.359,14.0966,67.4005,226.493,14.0966,77.4493,287.08,14.0966,88.8254,363.343,14.0966,101.703,459.336,14.0966,116.281,580.161,14.0966,132.782,732.241,14.0966,151.46,923.655,14.0966,172.603,1164.57,14.0966,196.535,1467.79,14.0966,223.625,1849.39,14.0966,254.288,2329.62,14.0966,288.997,2933.93,14.0966,328.285,3694.33,14.0966,372.755,4651.04,14.0966,423.092,5854.57,14.0966,480.07,7368.38,14.0966,544.564,9272.08,14.0966,617.566,11665.5,14.0966,700.197,14673.6,14.0966,793.729,18452.9,14.0966,899.599,23198.6,14.0966,1019.43,29154.1,14.0966,1155.07,36622.3,14.0966,1308.6,45977.9,14.0966,1482.39,57683.7,14.0966,1679.09,72307.8,14.0966,1901.73,90542.8,14.0966,2153.73,113226,14.0966,2438.97,141360,14.0966,2761.81,176127,14.0966,3127.22,218898,14.0966,3540.81,271226,14.0966,4008.92,334817,14.0966,4538.74,411470,14.0966,5138.38,502973,14.0966,5817.04,610948,14.0966,6585.12,736653,14.0966,7454.39,880741,14.0966,8438.15,1.04302e+06,14.0966,9551.45,1.22224e+06,14.0966,10811.3,1.41602e+06,14.0966,12237,1.62086e+06,14.0966,11.7194,11.96,12.6541,2.21263,4.16949,0.989383,2.67766,5.84076,0.311842,3.14343,7.55825,0.0972771,3.63127,9.58578,0.0303237,4.15787,12.0912,0.00945211,4.73731,15.2286,0.00294633,5.38238,19.1721,0.000918508,6.10553,24.134,0.000286163,6.91951,30.3791,8.92692e-05,7.83792,38.2397,2.78121e-05,8.87555,48.1338,8.65134e-06,10.0489,60.5876,2.7882e-06,11.3761,76.2629,8.29036e-07,12.8779,95.9927,2.4373e-07,14.5775,120.825,4.33068e-09,16.5012,152.08,1.75749e-07,18.6784,191.415,-1.86328e-07,21.1428,240.917,1.91829e-07,23.9322,303.213,-1.81475e-07,27.0895,381.602,7.0186e-08,30.6634,480.231,-2.86769e-08,34.7087,604.316,2.40784e-07,39.2876,760.401,9.87368e-08,44.4705,956.705,1.22263e-07,50.3371,1203.54,-4.31966e-07,56.9776,1513.81,-1.9705e-07,64.494,1903.69,-2.763e-08,73.0018,2393.4,3.9185e-07,82.6317,3008.13,1.35379e-07,93.5318,3779.25,-4.16351e-08,105.869,4745.7,2.06965e-08,119.834,5955.6,-3.18887e-07,135.641,7468.12,-1.48271e-08,153.531,9355.62,2.00739e-07,173.781,11705.8,2.28358e-07,196.701,14624.1,-1.93587e-08,222.642,18235,-2.88101e-07,252.003,22683.4,-2.24732e-07,285.234,28134,8.56806e-09,322.845,34767,2.34258e-07,365.413,42770.9,2.99668e-07,413.588,52327.9,8.28644e-08,468.111,63591.2,-3.07049e-07,529.814,76653.2,-3.1888e-07,599.642,91502.5,-6.72276e-08,678.662,107975,2.26339e-07,768.083,125705,3.69212e-07,869.267,144088,2.04077e-07,983.76,162277,-2.80509e-07,1113.3,179223,-4.22737e-07,1259.87,193777,-1.71951e-07,1425.68,204839,4.55555e-07,11.7194,11.96,12.6541,2.21263,4.16949,0.989383,2.67766,5.84076,0.311842,3.14343,7.55825,0.0972771,3.63127,9.58578,0.0303237,4.15787,12.0912,0.00945211,4.73731,15.2286,0.00294633,5.38238,19.1721,0.000918508,6.10553,24.134,0.000286163,6.91951,30.3791,8.92692e-05,7.83792,38.2397,2.78121e-05,8.87555,48.1338,8.65134e-06,10.0489,60.5876,2.7882e-06,11.3761,76.2629,8.29036e-07,12.8779,95.9927,2.4373e-07,14.5775,120.825,1e-08,16.5012,152.08,1.75749e-07,18.6784,191.415,1e-08,21.1428,240.917,1.91829e-07,23.9322,303.213,1e-08,27.0895,381.602,7.0186e-08,30.6634,480.231,1e-08,34.7087,604.316,2.40784e-07,39.2876,760.401,9.87368e-08,44.4705,956.705,1.22263e-07,50.3371,1203.54,1e-08,56.9776,1513.81,1e-08,64.494,1903.69,1e-08,73.0018,2393.4,3.9185e-07,82.6317,3008.13,1.35379e-07,93.5318,3779.25,1e-08,105.869,4745.7,2.06965e-08,119.834,5955.6,1e-08,135.641,7468.12,1e-08,153.531,9355.62,2.00739e-07,173.781,11705.8,2.28358e-07,196.701,14624.1,1e-08,222.642,18235,1e-08,252.003,22683.4,1e-08,285.234,28134,1e-08,322.845,34767,2.34258e-07,365.413,42770.9,2.99668e-07,413.588,52327.9,8.28644e-08,468.111,63591.2,1e-08,529.814,76653.2,1e-08,599.642,91502.5,1e-08,678.662,107975,2.26339e-07,768.083,125705,3.69212e-07,869.267,144088,2.04077e-07,983.76,162277,1e-08,1113.3,179223,1e-08,1259.87,193777,1e-08,1425.68,204839,4.55555e-07,6.2823,3.27286,2.43537,0.219672,6.18826,2.24117,0.56371,6.87772,2.63624,0.308279,12,11,5,0,1,0,4,4,0,2,8,0,0,7,0,4,6,0,13,13,0,5,23,0,10,14,0,5,35,0,7,57,0,4,98,0,6,87,0,12,91,0,19,74,0,9,113,0,11,215,0,11,83,0,9,304,0,19,319,0,41,541,0,53,348,0,16,807,0,32,775,0,49,1036,0,29,1774,0,111,1177,0,39,2343,0,48,1582,0,108,2766,0,123,2912,0,61,5476,0,154,5141,0,128,7087,0,191,14579,0,160,7991,0,254,13641,0,182,7966,0,227,60499,0,243,17163,0,404,26937,0,429,25542,0,587,106499,0,297,30148,0,1001,134773,0,521,102584,0,424,49322,0,1042,114612,0,1937,70925,0,1279,322661,0,933,200896,0,1381,136060,0,582,267821,0
-1.05176e+08,1,8.88811e-15,10,1023,0,1.05176e+08,0.528882,1.08665,0.389689,0.145397,0.379329,3.24381,0.161596,0.446195,1.77396,0.159177,1.15e+07,4.49998e+06,6.79999e+06,1.15e+07,4.49997e+06,6.79999e+06,1.15e+07,4.49996e+06,6.79999e+06,1.15e+07,4.49995e+06,6.79999e+06,1.14999e+07,4.49993e+06,6.79999e+06,1.14999e+07,4.49991e+06,6.79999e+06,1.14999e+07,4.49989e+06,6.79999e+06,1.14999e+07,4.49986e+06,6.79999e+06,1.14999e+07,4.49982e+06,6.79999e+06,1.14999e+07,4.49977e+06,6.79999e+06,1.14999e+07,4.49971e+06,6.79999e+06,1.14999e+07,4.49963e+06,6.79999e+06,1.14998e+07,4.49953e+06,6.79999e+06,1.14998e+07,4.49941e+06,6.79999e+06,1.14998e+07,4.49926e+06,6.79999e+06,1.14998e+07,4.49906e+06,6.79999e+06,1.14997e+07,4.49882e+06,6.79999e+06,1.14997e+07,4.49851e+06,6.79999e+06,1.14997e+07,4.49812e+06,6.79999e+06,1.14996e+07,4.49764e+06,6.79999e+06,1.14996e+07,4.49702e+06,6.79999e+06,1.14995e+07,4.49625e+06,6.79999e+06,1.14995e+07,4.49528e+06,6.79999e+06,1.14994e+07,4.49406e+06,6.79999e+06,1.14993e+07,4.49253e+06,6.79999e+06,1.14992e+07,4.49059e+06,6.79999e+06,1.14991e+07,4.48817e+06,6.79999e+06,1.1499e+07,4.48511e+06,6.79999e+06,1.14988e+07,4.48128e+06,6.79999e+06,1.14987e+07,4.47646e+06,6.79999e+06,1.14985e+07,4.47041e+06,6.79999e+06,1.14983e+07,4.46281e+06,6.79999e+06,1.14981e+07,4.4533e+06,6.79999e+06,1.14979e+07,4.44138e+06,6.79999e+06,1.14976e+07,4.42649e+06,6.79999e+06,1.14972e+07,4.40789e+06,6.79999e+06,1.14969e+07,4.38471e+06,6.79999e+06,1.14965e+07,4.35592e+06,6.79999e+06,1.1496e+07,4.32027e+06,6.79999e+06,1.14955e+07,4.27629e+06,6.79999e+06,1.14949e+07,4.22231e+06,6.79999e+06,1.14942e+07,4.15647e+06,6.79999e+06,1.14934e+07,4.07676e+06,6.79999e+06,1.14926e+07,3.98112e+06,6.79999e+06,1.14916e+07,3.86765e+06,6.79999e+06,1.14905e+07,3.73474e+06,6.79999e+06,1.14892e+07,3.58148e+06,6.79999e+06,1.14878e+07,3.40785e+06,6.79999e+06,1.14862e+07,3.21513e+06,6.79999e+06,1.14844e+07,3.00605e+06,6.79999e+06,1.14823e+07,2.7848e+06,6.79999e+06,1.148e+07,2.5568e+06,6.79999e+06,1.14773e+07,2.32825e+06,6.79999e+06,13.5742,8.52444,0.508366,16.8306,13.2585,0.162638,20.0035,17.569,0.0507846,23.2616,22.4214,0.0158319,26.7328,28.3297,0.00493498,30.5212,35.6974,0.00153831,34.7178,44.9473,0.000479527,39.4086,56.5822,0.000149456,44.6796,71.2245,4.66214e-05,50.6209,89.6543,1.45419e-05,57.3297,112.852,4.54748e-06,64.9129,142.051,1.43857e-06,73.4897,178.803,4.36618e-07,83.1934,225.062,1.40153e-07,94.1745,283.286,4.96378e-08,106.602,356.568,1.05434e-07,120.669,448.799,-6.49244e-08,136.59,564.873,1.70148e-07,154.611,710.948,-5.34594e-08,175.008,894.767,1.63407e-07,198.097,1126.06,8.04804e-08,224.231,1417.07,1.14667e-07,253.813,1783.15,-1.71227e-07,287.297,2243.62,-2.88466e-07,325.198,2822.67,-4.33651e-07,368.098,3550.67,7.9318e-08,416.657,4465.65,3.13319e-07,471.621,5615.16,3.4613e-07,533.835,7058.61,-1.19199e-07,604.255,8870.02,-2.79964e-07,683.962,11141.4,-2.30521e-07,774.182,13986.7,-2.55099e-07,876.299,17546.4,1.23585e-07,991.883,21993.1,1.41192e-07,1122.71,27536.7,-9.71886e-08,1270.78,34430.7,-3.68368e-07,1438.38,42977.7,-3.45379e-07,1628.07,53532.7,-3.25328e-09,1842.77,66504.6,2.6362e-07,2085.77,82350.2,2.53445e-07,2360.79,101560,-2.47407e-08,2672.05,124632,-3.80602e-07,3024.31,152018,-4.79005e-07,3422.98,184060,-1.14379e-07,3874.15,220884,2.64297e-07,4384.72,262283,3.44131e-07,4962.49,307576,7.5349e-08,5616.29,355497,-3.63097e-07,6356.1,404126,-6.05442e-07,7193.18,450932,-2.72333e-07,8140.28,492963,2.29675e-07,9211.79,527178,4.3387e-07,10424,550893,-1.0711e-07,10.102,8.06553,2.81012,10.6436,8.57909,0.869423,11.5336,10.2515,0.270869,12.7211,12.7138,0.0844293,14.1823,15.9373,0.0263173,15.9122,20.0383,0.0082035,17.9198,25.2154,0.00255722,20.2244,31.7373,0.000797017,22.8539,39.9486,0.000248622,25.8438,50.2851,7.75492e-05,29.237,63.2963,2.42508e-05,33.0837,79.6738,7.67162e-06,37.4415,100.288,2.32837e-06,42.3767,126.236,7.33e-07,47.9646,158.896,2.79256e-07,54.2906,200.003,9.87351e-09,61.452,251.741,1.61085e-07,69.5585,316.859,-2.47141e-07,78.7347,398.812,8.93552e-08,89.1218,501.948,-2.53231e-07,100.879,631.736,-1.25047e-07,114.188,795.049,-1.78808e-07,129.252,1000.53,2.6733e-07,146.304,1259.03,4.50292e-07,165.605,1584.19,6.76904e-07,187.452,1993.12,-1.23808e-07,212.181,2507.27,-4.89068e-07,240.173,3153.54,-5.40284e-07,271.856,3965.56,1.86061e-07,307.719,4985.38,4.37004e-07,348.313,6265.4,3.59828e-07,394.26,7870.83,3.98192e-07,446.268,9882.51,-1.92908e-07,505.135,12400.3,-2.20392e-07,571.766,15546.9,1.51705e-07,647.184,19472.2,5.74996e-07,732.547,24357.4,5.39112e-07,829.167,30420,5.07815e-09,938.526,37916.3,-4.11492e-07,1062.3,47143.9,-3.9561e-07,1202.4,58439.2,3.86185e-08,1360.96,72169.3,5.94093e-07,1540.42,88715.8,7.47693e-07,1743.53,108445,1.78537e-07,1973.41,131665,-4.12549e-07,2233.57,158557,-5.37164e-07,2528,189103,-1.17615e-07,2861.2,222986,5.66769e-07,3238.27,259510,9.45053e-07,3664.97,297540,4.25093e-07,4147.81,335497,-3.58506e-07,4694.17,371444,-6.7724e-07,5312.37,403256,1.67192e-07,1.61744,3.89446,9.84394,3.28846,7.5504,12.774,5.07607,11.7187,13.6844,7.03202,16.8147,13.9681,9.20215,23.1769,14.0566,11.6301,31.1672,14.0841,14.3598,41.2186,14.0927,17.4376,53.8688,14.0954,20.9137,69.7915,14.0962,24.8432,89.8341,14.0965,29.2879,115.063,14.0966,34.3168,146.819,14.0966,40.0078,186.792,14.0966,46.4487,237.107,14.0966,53.7388,300.44,14.0966,61.9903,380.158,14.0966,71.3301,480.499,14.0966,81.902,606.796,14.0966,93.8685,765.761,14.0966,107.414,965.837,14.0966,122.746,1217.65,14.0966,140.101,1534.57,14.0966,159.745,1933.41,14.0966,181.981,2435.3,14.0966,207.15,3066.85,14.0966,235.64,3861.46,14.0966,267.889,4861.11,14.0966,304.391,6118.54,14.0966,345.709,7699.91,14.0966,392.478,9688.22,14.0966,445.417,12187.5,14.0966,505.339,15327.7,14.0966,573.165,19271.6,14.0966,649.938,24222,14.0966,736.839,30430.9,14.0966,835.202,38211.5,14.0966,946.539,47950.3,14.0966,1072.56,60122.8,14.0966,1215.21,75309.9,14.0966,1376.66,94216.2,14.0966,1559.41,117688,14.0966,1766.26,146729,14.0966,2000.39,182510,14.0966,2265.39,226372,14.0966,2565.33,279806,14.0966,2904.81,344416,14.0966,3289.05,421845,14.0966,3723.93,513667,14.0966,4216.13,621231,14.0966,4773.18,745478,14.0966,5403.64,886744,14.0966,6117.15,1.04457e+06,14.0966,6924.63,1.2176e+06,14.0966,11.7194,11.96,12.6541,13.9321,16.1295,13.6434,16.6097,21.9702,13.9553,19.7532,29.5285,14.0526,23.3844,39.1143,14.0829,27.5423,51.2054,14.0923,32.2796,66.434,14.0953,37.662,85.6061,14.0962,43.7675,109.74,14.0965,50.687,140.119,14.0966,58.5249,178.359,14.0966,67.4005,226.493,14.0966,77.4493,287.08,14.0966,88.8254,363.343,14.0966,101.703,459.336,14.0966,116.281,580.161,14.0966,132.782,732.241,14.0966,151.46,923.655,14.0966,172.603,1164.57,14.0966,196.535,1467.79,14.0966,223.625,1849.39,14.0966,254.288,2329.62,14.0966,288.997,2933.93,14.0966,328.285,3694.33,14.0966,372.755,4651.04,14.0966,423.092,5854.57,14.0966,480.07,7368.38,14.0966,544.564,9272.08,14.0966,617.566,11665.5,14.0966,700.197,14673.6,14.0966,793.729,18452.9,14.0966,899.599,23198.6,14.0966,1019.43,29154.1,14.0966,1155.07,36622.3,14.0966,1308.6,45977.9,14.0966,1482.39,57683.7,14.0966,1679.09,72307.8,14.0966,1901.73,90542.8,14.0966,2153.73,113226,14.0966,2438.97,141360,14.0966,2761.81,176127,14.0966,3127.22,218898,14.0966,3540.81,271226,14.0966,4008.92,334817,14.0966,4538.74,411470,14.0966,5138.38,502973,14.0966,5817.04,610948,14.0966,6585.12,736653,14.0966,7454.39,880741,14.0966,8438.15,1.04302e+06,14.0966,9551.45,1.22224e+06,14.0966,10811.3,1.41602e+06,14.0966,12237,1.62086e+06,14.0966,11.7194,11.96,12.6541,2.21263,4.16949,0.989383,2.67766,5.84076,0.311842,3.14343,7.55825,0.0972771,3.63127,9.58578,0.0303237,4.15787,12.0912,0.00945211,4.73731,15.2286,0.00294633,5.38238,19.1721,0.000918508,6.10553,24.134,0.000286163,6.91951,30.3791,8.92692e-05,7.83792,38.2397,2.78121e-05,8.87555,48.1338,8.65134e-06,10.0489,60.5876,2.7882e-06,11.3761,76.2629,8.29036e-07,12.8779,95.9927,2.4373e-07,14.5775,120.825,4.33068e-09,16.5012,152.08,1.75749e-07,18.6784,191.415,-1.86328e-07,21.1428,240.917,1.91829e-07,23.9322,303.213,-1.81475e-07,27.0895,381.602,7.0186e-08,30.6634,480.231,-2.86769e-08,34.7087,604.316,2.40784e-07,39.2876,760.401,9.87368e-08,44.4705,956.705,1.22263e-07,50.3371,1203.54,-4.31966e-07,56.9776,1513.81,-1.9705e-07,64.494,1903.69,-2.763e-08,73.0018,2393.4,3.9185e-07,82.6317,3008.13,1.35379e-07,93.5318,3779.25,-4.16351e-08,105.869,4745.7,2.06965e-08,119.834,5955.6,-3.18887e-07,135.641,7468.12,-1.48271e-08,153.531,9355.62,2.00739e-07,173.781,11705.8,2.28358e-07,196.701,14624.1,-1.93587e-08,222.642,18235,-2.88101e-07,252.003,22683.4,-2.24732e-07,285.234,28134,8.56806e-09,322.845,34767,2.34258e-07,365.413,42770.9,2.99668e-07,413.588,52327.9,8.28644e-08,468.111,63591.2,-3.07049e-07,529.814,76653.2,-3.1888e-07,599.642,91502.5,-6.72276e-08,678.662,107975,2.26339e-07,768.083,125705,3.69212e-07,869.267,144088,2.04077e-07,983.76,162277,-2.80509e-07,1113.3,179223,-4.22737e-07,1259.87,193777,-1.71951e-07,1425.68,204839,4.55555e-07,11.7194,11.96,12.6541,2.21263,4.16949,0.989383,2.67766,5.84076,0.311842,3.14343,7.55825,0.0972771,3.63127,9.58578,0.0303237,4.15787,12.0912,0.00945211,4.73731,15.2286,0.00294633,5.38238,19.1721,0.000918508,6.10553,24.134,0.000286163,6.91951,30.3791,8.92692e-05,7.83792,38.2397,2.78121e-05,8.87555,48.1338,8.65134e-06,10.0489,60.5876,2.7882e-06,11.3761,76.2629,8.29036e-07,12.8779,95.9927,2.4373e-07,14.5775,120.825,1e-08,16.5012,152.08,1.75749e-07,18.6784,191.415,1e-08,21.1428,240.917,1.91829e-07,23.9322,303.213,1e-08,27.0895,381.602,7.0186e-08,30.6634,480.231,1e-08,34.7087,604.316,2.40784e-07,39.2876,760.401,9.87368e-08,44.4705,956.705,1.22263e-07,50.3371,1203.54,1e-08,56.9776,1513.81,1e-08,64.494,1903.69,1e-08,73.0018,2393.4,3.9185e-07,82.6317,3008.13,1.35379e-07,93.5318,3779.25,1e-08,105.869,4745.7,2.06965e-08,119.834,5955.6,1e-08,135.641,7468.12,1e-08,153.531,9355.62,2.00739e-07,173.781,11705.8,2.28358e-07,196.701,14624.1,1e-08,222.642,18235,1e-08,252.003,22683.4,1e-08,285.234,28134,1e-08,322.845,34767,2.34258e-07,365.413,42770.9,2.99668e-07,413.588,52327.9,8.28644e-08,468.111,63591.2,1e-08,529.814,76653.2,1e-08,599.642,91502.5,1e-08,678.662,107975,2.26339e-07,768.083,125705,3.69212e-07,869.267,144088,2.04077e-07,983.76,162277,1e-08,1113.3,179223,1e-08,1259.87,193777,1e-08,1425.68,204839,4.55555e-07,6.2823,3.27286,2.43537,0.219672,6.18826,2.24117,0.56371,6.87772,2.63624,0.308279,16,6,13,2,4,0,1,2,0,0,16,0,2,15,0,5,10,0,3,8,0,3,19,0,6,33,0,11,41,0,2,36,0,6,26,0,19,81,0,8,111,0,12,77,0,11,29,0,29,94,0,27,126,0,21,240,0,35,268,0,40,298,0,16,429,0,25,131,0,28,779,0,41,1001,0,34,1239,0,59,1524,0,64,2365,0,82,2743,0,88,3702,0,110,2996,0,101,5482,0,53,7194,0,167,6785,0,266,17452,0,158,13088,0,149,29650,0,94,17693,0,302,21215,0,208,38456,0,352,13855,0,462,30454,0,305,106175,0,261,66765,0,665,57260,0,482,131905,0,817,89109,0,989,147372,0,1208,255224,0,733,228081,0,1941,349691,0,346,211378,0,552,110309,0
-1.05176e+08,1,8.88811e-15,10,1023,0,1.05176e+08,0.528882,1.08665,0.389689,0.145397,0.379329,3.24381,0.161596,0.446195,1.77396,0.159177,1.15e+07,4.49998e+06,6.79999e+06,1.15e+07,4.49997e+06,6.79999e+06,1.15e+07,4.49996e+06,6.79999e+06,1.15e+07,4.49995e+06,6.79999e+06,1.14999e+07,4.49993e+06,6.79999e+06,1.14999e+07,4.49991e+06,6.79999e+06,1.14999e+07,4.49989e+06,6.79999e+06,1.14999e+07,4.49986e+06,6.79999e+06,1.14999e+07,4.49982e+06,6.79999e+06,1.14999e+07,4.49977e+06,6.79999e+06,1.14999e+07,4.49971e+06,6.79999e+06,1.14999e+07,4.49963e+06,6.79999e+06,1.14998e+07,4.49953e+06,6.79999e+06,1.14998e+07,4.49941e+06,6.79999e+06,1.14998e+07,4.49926e+06,6.79999e+06,1.14998e+07,4.49906e+06,6.79999e+06,1.14997e+07,4.49882e+06,6.79999e+06,1.14997e+07,4.49851e+06,6.79999e+06,1.14997e+07,4.49812e+06,6.79999e+06,1.14996e+07,4.49764e+06,6.79999e+06,1.14996e+07,4.49702e+06,6.79999e+06,1.14995e+07,4.49625e+06,6.79999e+06,1.14995e+07,4.49528e+06,6.79999e+06,1.14994e+07,4.49406e+06,6.79999e+06,1.14993e+07,4.49253e+06,6.79999e+06,1.14992e+07,4.49059e+06,6.79999e+06,1.14991e+07,4.48817e+06,6.79999e+06,1.1499e+07,4.48511e+06,6.79999e+06,1.14988e+07,4.48128e+06,6.79999e+06,1.14987e+07,4.47646e+06,6.79999e+06,1.14985e+07,4.47041e+06,6.79999e+06,1.14983e+07,4.46281e+06,6.79999e+06,1.14981e+07,4.4533e+06,6.79999e+06,1.14979e+07,4.44138e+06,6.79999e+06,1.14976e+07,4.42649e+06,6.79999e+06,1.14972e+07,4.40789e+06,6.79999e+06,1.14969e+07,4.38471e+06,6.79999e+06,1.14965e+07,4.35592e+06,6.79999e+06,1.1496e+07,4.32027e+06,6.79999e+06,1.14955e+07,4.27629e+06,6.79999e+06,1.14949e+07,4.22231e+06,6.79999e+06,1.14942e+07,4.15647e+06,6.79999e+06,1.14934e+07,4.07676e+06,6.79999e+06,1.14926e+07,3.98112e+06,6.79999e+06,1.14916e+07,3.86765e+06,6.79999e+06,1.14905e+07,3.73474e+06,6.79999e+06,1.14892e+07,3.58148e+06,6.79999e+06,1.14878e+07,3.40785e+06,6.79999e+06,1.14862e+07,3.21513e+06,6.79999e+06,1.14844e+07,3.00605e+06,6.79999e+06,1.14823e+07,2.7848e+06,6.79999e+06,1.148e+07,2.5568e+06,6.79999e+06,1.14773e+07,2.32825e+06,6.79999e+06,13.5742,8.52444,0.508366,16.8306,13.2585,0.162638,20.0035,17.569,0.0507846,23.2616,22.4214,0.0158319,26.7328,28.3297,0.00493498,30.5212,35.6974,0.00153831,34.7178,44.9473,0.000479527,39.4086,56.5822,0.000149456,44.6796,71.2245,4.66214e-05,50.6209,89.6543,1.45419e-05,57.3297,112.852,4.54748e-06,64.9129,142.051,1.43857e-06,73.4897,178.803,4.36618e-07,83.1934,225.062,1.40153e-07,94.1745,283.286,4.96378e-08,106.602,356.568,1.05434e-07,120.669,448.799,-6.49244e-08,136.59,564.873,1.70148e-07,154.611,710.948,-5.34594e-08,175.008,894.767,1.63407e-07,198.097,1126.06,8.04804e-08,224.231,1417.07,1.14667e-07,253.813,1783.15,-1.71227e-07,287.297,2243.62,-2.88466e-07,325.198,2822.67,-4.33651e-07,368.098,3550.67,7.9318e-08,416.657,4465.65,3.13319e-07,471.621,5615.16,3.4613e-07,533.835,7058.61,-1.19199e-07,604.255,8870.02,-2.79964e-07,683.962,11141.4,-2.30521e-07,774.182,13986.7,-2.55099e-07,876.299,17546.4,1.23585e-07,991.883,21993.1,1.41192e-07,1122.71,27536.7,-9.71886e-08,1270.78,34430.7,-3.68368e-07,1438.38,42977.7,-3.45379e-07,1628.07,53532.7,-3.25328e-09,1842.77,66504.6,2.6362e-07,2085.77,82350.2,2.53445e-07,2360.79,101560,-2.47407e-08,2672.05,124632,-3.80602e-07,3024.31,152018,-4.79005e-07,3422.98,184060,-1.14379e-07,3874.15,220884,2.64297e-07,4384.72,262283,3.44131e-07,4962.49,307576,7.5349e-08,5616.29,355497,-3.63097e-07,6356.1,404126,-6.05442e-07,7193.18,450932,-2.72333e-07,8140.28,492963,2.29675e-07,9211.79,527178,4.3387e-07,10424,550893,-1.0711e-07,10.102,8.06553,2.81012,10.6436,8.57909,0.869423,11.5336,10.2515,0.270869,12.7211,12.7138,0.0844293,14.1823,15.9373,0.0263173,15.9122,20.0383,0.0082035,17.9198,25.2154,0.00255722,20.2244,31.7373,0.000797017,22.8539,39.9486,0.000248622,25.8438,50.2851,7.75492e-05,29.237,63.2963,2.42508e-05,33.0837,79.6738,7.67162e-06,37.4415,100.288,2.32837e-06,42.3767,126.236,7.33e-07,47.9646,158.896,2.79256e-07,54.2906,200.003,9.87351e-09,61.452,251.741,1.61085e-07,69.5585,316.859,-2.47141e-07,78.7347,398.812,8.93552e-08,89.1218,501.948,-2.53231e-07,100.879,631.736,-1.25047e-07,114.188,795.049,-1.78808e-07,129.252,1000.53,2.6733e-07,146.304,1259.03,4.50292e-07,165.605,1584.19,6.76904e-07,187.452,1993.12,-1.23808e-07,212.181,2507.27,-4.89068e-07,240.173,3153.54,-5.40284e-07,271.856,3965.56,1.86061e-07,307.719,4985.38,4.37004e-07,348.313,6265.4,3.59828e-07,394.26,7870.83,3.98192e-07,446.268,9882.51,-1.92908e-07,505.135,12400.3,-2.20392e-07,571.766,15546.9,1.51705e-07,647.184,19472.2,5.74996e-07,732.547,24357.4,5.39112e-07,829.167,30420,5.07815e-09,938.526,37916.3,-4.11492e-07,1062.3,47143.9,-3.9561e-07,1202.4,58439.2,3.86185e-08,1360.96,72169.3,5.94093e-07,1540.42,88715.8,7.47693e-07,1743.53,108445,1.78537e-07,1973.41,131665,-4.12549e-07,2233.57,158557,-5.37164e-07,2528,189103,-1.17615e-07,2861.2,222986,5.66769e-07,3238.27,259510,9.45053e-07,3664.97,297540,4.25093e-07,4147.81,335497,-3.58506e-07,4694.17,371444,-6.7724e-07,5312.37,403256,1.67192e-07,1.61744,3.89446,9.84394,3.28846,7.5504,12.774,5.07607,11.7187,13.6844,7.03202,16.8147,13.9681,9.20215,23.1769,14.0566,11.6301,31.1672,14.0841,14.3598,41.2186,14.0927,17.4376,53.8688,14.0954,20.9137,69.7915,14.0962,24.8432,89.8341,14.0965,29.2879,115.063,14.0966,34.3168,146.819,14.0966,40.0078,186.792,14.0966,46.4487,237.107,14.0966,53.7388,300.44,14.0966,61.9903,380.158,14.0966,71.3301,480.499,14.0966,81.902,606.796,14.0966,93.8685,765.761,14.0966,107.414,965.837,14.0966,122.746,1217.65,14.0966,140.101,1534.57,14.0966,159.745,1933.41,14.0966,181.981,2435.3,14.0966,207.15,3066.85,14.0966,235.64,3861.46,14.0966,267.889,4861.11,14.0966,304.391,6118.54,14.0966,345.709,7699.91,14.0966,392.478,9688.22,14.0966,445.417,12187.5,14.0966,505.339,15327.7,14.0966,573.165,19271.6,14.0966,649.938,24222,14.0966,736.839,30430.9,14.0966,835.202,38211.5,14.0966,946.539,47950.3,14.0966,1072.56,60122.8,14.0966,1215.21,75309.9,14.0966,1376.66,94216.2,14.0966,1559.41,117688,14.0966,1766.26,146729,14.0966,2000.39,182510,14.0966,2265.39,226372,14.0966,2565.33,279806,14.0966,2904.81,344416,14.0966,3289.05,421845,14.0966,3723.93,513667,14.0966,4216.13,621231,14.0966,4773.18,745478,14.0966,5403.64,886744,14.0966,6117.15,1.04457e+06,14.0966,6924.63,1.2176e+06,14.0966,11.7194,11.96,12.6541,13.9321,16.1295,13.6434,16.6097,21.9702,13.9553,19.7532,29.5285,14.0526,23.3844,39.1143,14.0829,27.5423,51.2054,14.0923,32.2796,66.434,14.0953,37.662,85.6061,14.0962,43.7675,109.74,14.0965,50.687,140.119,14.0966,58.5249,178.359,14.0966,67.4005,226.493,14.0966,77.4493,287.08,14.0966,88.8254,363.343,14.0966,101.703,459.336,14.0966,116.281,580.161,14.0966,132.782,732.241,14.0966,151.46,923.655,14.0966,172.603,1164.57,14.0966,196.535,1467.79,14.0966,223.625,1849.39,14.0966,254.288,2329.62,14.0966,288.997,2933.93,14.0966,328.285,3694.33,14.0966,372.755,4651.04,14.0966,423.092,5854.57,14.0966,480.07,7368.38,14.0966,544.564,9272.08,14.0966,617.566,11665.5,14.0966,700.197,14673.6,14.0966,793.729,18452.9,14.0966,899.599,23198.6,14.0966,1019.43,29154.1,14.0966,1155.07,36622.3,14.0966,1308.6,45977.9,14.0966,1482.39,57683.7,14.0966,1679.09,72307.8,14.0966,1901.73,90542.8,14.0966,2153.73,113226,14.0966,2438.97,141360,14.0966,2761.81,176127,14.0966,3127.22,218898,14.0966,3540.81,271226,14.0966,4008.92,334817,14.0966,4538.74,411470,14.0966,5138.38,502973,14.0966,5817.04,610948,14.0966,6585.12,736653,14.0966,7454.39,880741,14.0966,8438.15,1.04302e+06,14.0966,9551.45,1.22224e+06,14.0966,10811.3,1.41602e+06,14.0966,12237,1.62086e+06,14.0966,11.7194,11.96,12.6541,2.21263,4.16949,0.989383,2.67766,5.84076,0.311842,3.14343,7.55825,0.0972771,3.63127,9.58578,0.0303237,4.15787,12.0912,0.00945211,4.73731,15.2286,0.00294633,5.38238,19.1721,0.000918508,6.10553,24.134,0.000286163,6.91951,30.3791,8.92692e-05,7.83792,38.2397,2.78121e-05,8.87555,48.1338,8.65134e-06,10.0489,60.5876,2.7882e-06,11.3761,76.2629,8.29036e-07,12.8779,95.9927,2.4373e-07,14.5775,120.825,4.33068e-09,16.5012,152.08,1.75749e-07,18.6784,191.415,-1.86328e-07,21.1428,240.917,1.91829e-07,23.9322,303.213,-1.81475e-07,27.0895,381.602,7.0186e-08,30.6634,480.231,-2.86769e-08,34.7087,604.316,2.40784e-07,39.2876,760.401,9.87368e-08,44.4705,956.705,1.22263e-07,50.3371,1203.54,-4.31966e-07,56.9776,1513.81,-1.9705e-07,64.494,1903.69,-2.763e-08,73.0018,2393.4,3.9185e-07,82.6317,3008.13,1.35379e-07,93.5318,3779.25,-4.16351e-08,105.869,4745.7,2.06965e-08,119.834,5955.6,-3.18887e-07,135.641,7468.12,-1.48271e-08,153.531,9355.62,2.00739e-07,173.781,11705.8,2.28358e-07,196.701,14624.1,-1.93587e-08,222.642,18235,-2.88101e-07,252.003,22683.4,-2.24732e-07,285.234,28134,8.56806e-09,322.845,34767,2.34258e-07,365.413,42770.9,2.99668e-07,413.588,52327.9,8.28644e-08,468.111,63591.2,-3.07049e-07,529.814,76653.2,-3.1888e-07,599.642,91502.5,-6.72276e-08,678.662,107975,2.26339e-07,768.083,125705,3.69212e-07,869.267,144088,2.04077e-07,983.76,162277,-2.80509e-07,1113.3,179223,-4.22737e-07,1259.87,193777,-1.71951e-07,1425.68,204839,4.55555e-07,11.7194,11.96,12.6541,2.21263,4.16949,0.989383,2.67766,5.84076,0.311842,3.14343,7.55825,0.0972771,3.63127,9.58578,0.0303237,4.15787,12.0912,0.00945211,4.73731,15.2286,0.00294633,5.38238,19.1721,0.000918508,6.10553,24.134,0.000286163,6.91951,30.3791,8.92692e-05,7.83792,38.2397,2.78121e-05,8.87555,48.1338,8.65134e-06,10.0489,60.5876,2.7882e-06,11.3761,76.2629,8.29036e-07,12.8779,95.9927,2.4373e-07,14.5775,120.825,1e-08,16.5012,152.08,1.75749e-07,18.6784,191.415,1e-08,21.1428,240.917,1.91829e-07,23.9322,303.213,1e-08,27.0895,381.602,7.0186e-08,30.6634,480.231,1e-08,34.7087,604.316,2.40784e-07,39.2876,760.401,9.87368e-08,44.4705,956.705,1.22263e-07,50.3371,1203.54,1e-08,56.9776,1513.81,1e-08,64.494,1903.69,1e-08,73.0018,2393.4,3.9185e-07,82.6317,3008.13,1.35379e-07,93.5318,3779.25,1e-08,105.869,4745.7,2.06965e-08,119.834,5955.6,1e-08,135.641,7468.12,1e-08,153.531,9355.62,2.00739e-07,173.781,11705.8,2.28358e-07,196.701,14624.1,1e-08,222.642,18235,1e-08,252.003,22683.4,1e-08,285.234,28134,1e-08,322.845,34767,2.34258e-07,365.413,42770.9,2.99668e-07,413.588,52327.9,8.28644e-08,468.111,63591.2,1e-08,529.814,76653.2,1e-08,599.642,91502.5,1e-08,678.662,107975,2.26339e-07,768.083,125705,3.69212e-07,869.267,144088,2.04077e-07,983.76,162277,1e-08,1113.3,179223,1e-08,1259.87,193777,1e-08,1425.68,204839,4.55555e-07,6.2823,3.27286,2.43537,0.219672,6.18826,2.24117,0.56371,6.87772,2.63624,0.308279,15,3,9,2,2,1,3,7,0,2,8,0,5,18,0,5,6,0,10,13,0,10,17,0,2,10,0,8,28,0,4,60,0,3,36,0,14,45,0,16,49,0,38,97,0,15,61,0,17,160,0,16,336,0,10,150,0,21,291,0,41,336,0,54,232,0,9,433,0,78,375,0,39,842,0,31,1071,0,39,1101,0,36,1418,0,70,1926,0,56,2047,0,76,3628,0,103,4479,0,69,6351,0,132,5271,0,157,8757,0,128,10875,0,225,16576,0,166,12676,0,487,30672,0,154,32393,0,122,62544,0,257,24040,0,487,24572,0,332,40072,0,626,127867,0,1391,115215,0,816,145014,0,617,139598,0,677,144495,0,474,141123,0,1522,209313,0,1107,228893,0,1315,338217,0
-1.05176e+08,1,8.88811e-15,10,1023,0,1.05176e+08,0.528882,1.08665,0.389689,0.145397,0.379329,3.24381,0.161596,0.446195,1.77396,0.159177,1.15e+07,4.49998e+06,6.79999e+06,1.15e+07,4.49997e+06,6.79999e+06,1.15e+07,4.49996e+06,6.79999e+06,1.15e+07,4.49995e+06,6.79999e+06,1.14999e+07,4.49993e+06,6.79999e+06,1.14999e+07,4.49991e+06,6.79999e+06,1.14999e+07,4.49989e+06,6.79999e+06,1.14999e+07,4.49986e+06,6.79999e+06,1.14999e+07,4.49982e+06,6.79999e+06,1.14999e+07,4.49977e+06,6.79999e+06,1.14999e+07,4.49971e+06,6.79999e+06,1.14999e+07,4.49963e+06,6.79999e+06,1.14998e+07,4.49953e+06,6.79999e+06,1.14998e+07,4.49941e+06,6.79999e+06,1.14998e+07,4.49926e+06,6.79999e+06,1.14998e+07,4.49906e+06,6.79999e+06,1.14997e+07,4.49882e+06,6.79999e+06,1.14997e+07,4.49851e+06,6.79999e+06,1.14997e+07,4.49812e+06,6.79999e+06,1.14996e+07,4.49764e+06,6.79999e+06,1.14996e+07,4.49702e+06,6.79999e+06,1.14995e+07,4.49625e+06,6.79999e+06,1.14995e+07,4.49528e+06,6.79999e+06,1.14994e+07,4.49406e+06,6.79999e+06,1.14993e+07,4.49253e+06,6.79999e+06,1.14992e+07,4.49059e+06,6.79999e+06,1.14991e+07,4.48817e+06,6.79999e+06,1.1499e+07,4.48511e+06,6.79999e+06,1.14988e+07,4.48128e+06,6.79999e+06,1.14987e+07,4.47646e+06,6.79999e+06,1.14985e+07,4.47041e+06,6.79999e+06,1.14983e+07,4.46281e+06,6.79999e+06,1.14981e+07,4.4533e+06,6.79999e+06,1.14979e+07,4.44138e+06,6.79999e+06,1.14976e+07,4.42649e+06,6.79999e+06,1.14972e+07,4.40789e+06,6.79999e+06,1.14969e+07,4.38471e+06,6.79999e+06,1.14965e+07,4.35592e+06,6.79999e+06,1.1496e+07,4.32027e+06,6.79999e+06,1.14955e+07,4.27629e+06,6.79999e+06,1.14949e+07,4.22231e+06,6.79999e+06,1.14942e+07,4.15647e+06,6.79999e+06,1.14934e+07,4.07676e+06,6.79999e+06,1.14926e+07,3.98112e+06,6.79999e+06,1.14916e+07,3.86765e+06,6.79999e+06,1.14905e+07,3.73474e+06,6.79999e+06,1.14892e+07,3.58148e+06,6.79999e+06,1.14878e+07,3.40785e+06,6.79999e+06,1.14862e+07,3.21513e+06,6.79999e+06,1.14844e+07,3.00605e+06,6.79999e+06,1.14823e+07,2.7848e+06,6.79999e+06,1.148e+07,2.5568e+06,6.79999e+06,1.14773e+07,2.32825e+06,6.79999e+06,13.5742,8.52444,0.508366,16.8306,13.2585,0.162638,20.0035,17.569,0.0507846,23.2616,22.4214,0.0158319,26.7328,28.3297,0.00493498,30.5212,35.6974,0.00153831,34.7178,44.9473,0.000479527,39.4086,56.5822,0.000149456,44.6796,71.2245,4.66214e-05,50.6209,89.6543,1.45419e-05,57.3297,112.852,4.54748e-06,64.9129,142.051,1.43857e-06,73.4897,178.803,4.36618e-07,83.1934,225.062,1.40153e-07,94.1745,283.286,4.96378e-08,106.602,356.568,1.05434e-07,120.669,448.799,-6.49244e-08,136.59,564.873,1.70148e-07,154.611,710.948,-5.34594e-08,175.008,894.767,1.63407e-07,198.097,1126.06,8.04804e-08,224.231,1417.07,1.14667e-07,253.813,1783.15,-1.71227e-07,287.297,2243.62,-2.88466e-07,325.198,2822.67,-4.33651e-07,368.098,3550.67,7.9318e-08,416.657,4465.65,3.13319e-07,471.621,5615.16,3.4613e-07,533.835,7058.61,-1.19199e-07,604.255,8870.02,-2.79964e-07,683.962,11141.4,-2.30521e-07,774.182,13986.7,-2.55099e-07,876.299,17546.4,1.23585e-07,991.883,21993.1,1.41192e-07,1122.71,27536.7,-9.71886e-08,1270.78,34430.7,-3.68368e-07,1438.38,42977.7,-3.45379e-07,1628.07,53532.7,-3.25328e-09,1842.77,66504.6,2.6362e-07,2085.77,82350.2,2.53445e-07,2360.79,101560,-2.47407e-08,2672.05,124632,-3.80602e-07,3024.31,152018,-4.79005e-07,3422.98,184060,-1.14379e-07,3874.15,220884,2.64297e-07,4384.72,262283,3.44131e-07,4962.49,307576,7.5349e-08,5616.29,355497,-3.63097e-07,6356.1,404126,-6.05442e-07,7193.18,450932,-2.72333e-07,8140.28,492963,2.29675e-07,9211.79,527178,4.3387e-07,10424,550893,-1.0711e-07,10.102,8.06553,2.81012,10.6436,8.57909,0.869423,11.5336,10.2515,0.270869,12.7211,12.7138,0.0844293,14.1823,15.9373,0.0263173,15.9122,20.0383,0.0082035,17.9198,25.2154,0.00255722,20.2244,31.7373,0.000797017,22.8539,39.9486,0.000248622,25.8438,50.2851,7.75492e-05,29.237,63.2963,2.42508e-05,33.0837,79.6738,7.67162e-06,37.4415,100.288,2.32837e-06,42.3767,126.236,7.33e-07,47.9646,158.896,2.79256e-07,54.2906,200.003,9.87351e-09,61.452,251.741,1.61085e-07,69.5585,316.859,-2.47141e-07,78.7347,398.812,8.93552e-08,89.1218,501.948,-2.53231e-07,100.879,631.736,-1.25047e-07,114.188,795.049,-1.78808e-07,129.252,1000.53,2.6733e-07,146.304,1259.03,4.50292e-07,165.605,1584.19,6.76904e-07,187.452,1993.12,-1.23808e-07,212.181,2507.27,-4.89068e-07,240.173,3153.54,-5.40284e-07,271.856,3965.56,1.86061e-07,307.719,4985.38,4.37004e-07,348.313,6265.4,3.59828e-07,394.26,7870.83,3.98192e-07,446.268,9882.51,-1.92908e-07,505.135,12400.3,-2.20392e-07,571.766,15546.9,1.51705e-07,647.184,19472.2,5.74996e-07,732.547,24357.4,5.39112e-07,829.167,30420,5.07815e-09,938.526,37916.3,-4.11492e-07,1062.3,47143.9,-3.9561e-07,1202.4,58439.2,3.86185e-08,1360.96,72169.3,5.94093e-07,1540.42,88715.8,7.47693e-07,1743.53,108445,1.78537e-07,1973.41,131665,-4.12549e-07,2233.57,158557,-5.37164e-07,2528,189103,-1.17615e-07,2861.2,222986,5.66769e-07,3238.27,259510,9.45053e-07,3664.97,297540,4.25093e-07,4147.81,335497,-3.58506e-07,4694.17,371444,-6.7724e-07,5312.37,403256,1.67192e-07,1.61744,3.89446,9.84394,3.28846,7.5504,12.774,5.07607,11.7187,13.6844,7.03202,16.8147,13.9681,9.20215,23.1769,14.0566,11.6301,31.1672,14.0841,14.3598,41.2186,14.0927,17.4376,53.8688,14.0954,20.9137,69.7915,14.0962,24.8432,89.8341,14.0965,29.2879,115.063,14.0966,34.3168,146.819,14.0966,40.0078,186.792,14.0966,46.4487,237.107,14.0966,53.7388,300.44,14.0966,61.9903,380.158,14.0966,71.3301,480.499,14.0966,81.902,606.796,14.0966,93.8685,765.761,14.0966,107.414,965.837,14.0966,122.746,1217.65,14.0966,140.101,1534.57,14.0966,159.745,1933.41,14.0966,181.981,2435.3,14.0966,207.15,3066.85,14.0966,235.64,3861.46,14.0966,267.889,4861.11,14.0966,304.391,6118.54,14.0966,345.709,7699.91,14.0966,392.478,9688.22,14.0966,445.417,12187.5,14.0966,505.339,15327.7,14.0966,573.165,19271.6,14.0966,649.938,24222,14.0966,736.839,30430.9,14.0966,835.202,38211.5,14.0966,946.539,47950.3,14.0966,1072.56,60122.8,14.0966,1215.21,75309.9,14.0966,1376.66,94216.2,14.0966,1559.41,117688,14.0966,1766.26,146729,14.0966,2000.39,182510,14.0966,2265.39,226372,14.0966,2565.33,279806,14.0966,2904.81,344416,14.0966,3289.05,421845,14.0966,3723.93,513667,14.0966,4216.13,621231,14.0966,4773.18,745478,14.0966,5403.64,886744,14.0966,6117.15,1.04457e+06,14.0966,6924.63,1.2176e+06,14.0966,11.7194,11.96,12.6541,13.9321,16.1295,13.6434,16.6097,21.9702,13.9553,19.7532,29.5285,14.0526,23.3844,39.1143,14.0829,27.5423,51.2054,14.0923,32.2796,66.434,14.0953,37.662,85.6061,14.0962,43.7675,109.74,14.0965,50.687,140.119,14.0966,58.5249,178.359,14.0966,67.4005,226.493,14.0966,77.4493,287.08,14.0966,88.8254,363.343,14.0966,101.703,459.336,14.0966,116.281,580.161,14.0966,132.782,732.241,14.0966,151.46,923.655,14.0966,172.603,1164.57,14.0966,196.535,1467.79,14.0966,223.625,1849.39,14.0966,254.288,2329.62,14.0966,288.997,2933.93,14.0966,328.285,3694.33,14.0966,372.755,4651.04,14.0966,423.092,5854.57,14.0966,480.07,7368.38,14.0966,544.564,9272.08,14.0966,617.566,11665.5,14.0966,700.197,14673.6,14.0966,793.729,18452.9,14.0966,899.599,23198.6,14.0966,1019.43,29154.1,14.0966,1155.07,36622.3,14.0966,1308.6,45977.9,14.0966,1482.39,57683.7,14.0966,1679.09,72307.8,14.0966,1901.73,90542.8,14.0966,2153.73,113226,14.0966,2438.97,141360,14.0966,2761.81,176127,14.0966,3127.22,218898,14.0966,3540.81,271226,14.0966,4008.92,334817,14.0966,4538.74,411470,14.0966,5138.38,502973,14.0966,5817.04,610948,14.0966,6585.12,736653,14.0966,7454.39,880741,14.0966,8438.15,1.04302e+06,14.0966,9551.45,1.22224e+06,14.0966,10811.3,1.41602e+06,14.0966,12237,1.62086e+06,14.0966,11.7194,11.96,12.6541,2.21263,4.16949,0.989383,2.67766,5.84076,0.311842,3.14343,7.55825,0.0972771,3.63127,9.58578,0.0303237,4.15787,12.0912,0.00945211,4.73731,15.2286,0.00294633,5.38238,19.1721,0.000918508,6.10553,24.134,0.000286163,6.91951,30.3791,8.92692e-05,7.83792,38.2397,2.78121e-05,8.87555,48.1338,8.65134e-06,10.0489,60.5876,2.7882e-06,11.3761,76.2629,8.29036e-07,12.8779,95.9927,2.4373e-07,14.5775,120.825,4.33068e-09,16.5012,152.08,1.75749e-07,18.6784,191.415,-1.86328e-07,21.1428,240.917,1.91829e-07,23.9322,303.213,-1.81475e-07,27.0895,381.602,7.0186e-08,30.6634,480.231,-2.86769e-08,34.7087,604.316,2.40784e-07,39.2876,760.401,9.87368e-08,44.4705,956.705,1.22263e-07,50.3371,1203.54,-4.31966e-07,56.9776,1513.81,-1.9705e-07,64.494,1903.69,-2.763e-08,73.0018,2393.4,3.9185e-07,82.6317,3008.13,1.35379e-07,93.5318,3779.25,-4.16351e-08,105.869,4745.7,2.06965e-08,119.834,5955.6,-3.18887e-07,135.641,7468.12,-1.48271e-08,153.531,9355.62,2.00739e-07,173.781,11705.8,2.28358e-07,196.701,14624.1,-1.93587e-08,222.642,18235,-2.88101e-07,252.003,22683.4,-2.24732e-07,285.234,28134,8.56806e-09,322.845,34767,2.34258e-07,365.413,42770.9,2.99668e-07,413.588,52327.9,8.28644e-08,468.111,63591.2,-3.07049e-07,529.814,76653.2,-3.1888e-07,599.642,91502.5,-6.72276e-08,678.662,107975,2.26339e-07,768.083,125705,3.69212e-07,869.267,144088,2.04077e-07,983.76,162277,-2.80509e-07,1113.3,179223,-4.22737e-07,1259.87,193777,-1.71951e-07,1425.68,204839,4.55555e-07,11.7194,11.96,12.6541,2.21263,4.16949,0.989383,2.67766,5.84076,0.311842,3.14343,7.55825,0.0972771,3.63127,9.58578,0.0303237,4.15787,12.0912,0.00945211,4.73731,15.2286,0.00294633,5.38238,19.1721,0.000918508,6.10553,24.134,0.000286163,6.91951,30.3791,8.92692e-05,7.83792,38.2397,2.78121e-05,8.87555,48.1338,8.65134e-06,10.0489,60.5876,2.7882e-06,11.3761,76.2629,8.29036e-07,12.8779,95.9927,2.4373e-07,14.5775,120.825,1e-08,16.5012,152.08,1.75749e-07,18.6784,191.415,1e-08,21.1428,240.917,1.91829e-07,23.9322,303.213,1e-08,27.0895,381.602,7.0186e-08,30.6634,480.231,1e-08,34.7087,604.316,2.40784e-07,39.2876,760.401,9.87368e-08,44.4705,956.705,1.22263e-07,50.3371,1203.54,1e-08,56.9776,1513.81,1e-08,64.494,1903.69,1e-08,73.0018,2393.4,3.9185e-07,82.6317,3008.13,1.35379e-07,93.5318,3779.25,1e-08,105.869,4745.7,2.06965e-08,119.834,5955.6,1e-08,135.641,7468.12,1e-08,153.531,9355.62,2.00739e-07,173.781,11705.8,2.28358e-07,196.701,14624.1,1e-08,222.642,18235,1e-08,252.003,22683.4,1e-08,285.234,28134,1e-08,322.845,34767,2.34258e-07,365.413,42770.9,2.99668e-07,413.588,52327.9,8.28644e-08,468.111,63591.2,1e-08,529.814,76653.2,1e-08,599.642,91502.5,1e-08,678.662,107975,2.26339e-07,768.083,125705,3.69212e-07,869.267,144088,2.04077e-07,983.76,162277,1e-08,1113.3,179223,1e-08,1259.87,193777,1e-08,1425.68,204839,4.55555e-07,6.2823,3.27286,2.43537,0.219672,6.18826,2.24117,0.56371,6.87772,2.63624,0.308279,13,14,20,6,6,1,6,5,0,3,13,0,3,8,0,5,13,0,6,12,0,3,16,0,3,27,0,3,19,0,2,74,0,13,45,0,12,79,0,3,44,0,7,98,0,18,115,0,15,119,0,25,167,0,5,477,0,25,231,0,33,297,0,19,599,0,19,341,0,49,750,0,26,1059,0,42,1724,0,62,1205,0,46,2630,0,51,2487,0,38,1926,0,141,1681,0,143,5298,0,175,7569,0,145,7079,0,265,13029,0,200,9451,0,164,14172,0,418,22181,0,271,29576,0,524,19554,0,386,26681,0,530,51879,0,197,68475,0,610,90508,0,566,100233,0,774,30817,0,519,96872,0,646,183586,0,526,111632,0,1779,108216,0,1013,149040,0,1371,213222,0,610,154506,0
-1.05176e+08,3.28222e-61,8.88811e-15,10,1023,0,1.05176e+08,0.528882,1.08665,0.389689,0.145397,0.379329,3.24381,0.161596,0.446195,1.77396,0.159177,1.15e+07,4.49998e+06,6.79999e+06,1.15e+07,4.49997e+06,6.79999e+06,1.15e+07,4.49996e+06,6.79999e+06,1.15e+07,4.49995e+06,6.79999e+06,1.14999e+07,4.49993e+06,6.79999e+06,1.14999e+07,4.49991e+06,6.79999e+06,1.14999e+07,4.49989e+06,6.79999e+06,1.14999e+07,4.49986e+06,6.79999e+06,1.14999e+07,4.49982e+06,6.79999e+06,1.14999e+07,4.49977e+06,6.79999e+06,1.14999e+07,4.49971e+06,6.79999e+06,1.14999e+07,4.49963e+06,6.79999e+06,1.14998e+07,4.49953e+06,6.79999e+06,1.14998e+07,4.49941e+06,6.79999e+06,1.14998e+07,4.49926e+06,6.79999e+06,1.14998e+07,4.49906e+06,6.79999e+06,1.14997e+07,4.49882e+06,6.79999e+06,1.14997e+07,4.49851e+06,6.79999e+06,1.14997e+07,4.49812e+06,6.79999e+06,1.14996e+07,4.49764e+06,6.79999e+06,1.14996e+07,4.49702e+06,6.79999e+06,1.14995e+07,4.49625e+06,6.79999e+06,1.14995e+07,4.49528e+06,6.79999e+06,1.14994e+07,4.49406e+06,6.79999e+06,1.14993e+07,4.49253e+06,6.79999e+06,1.14992e+07,4.49059e+06,6.79999e+06,1.14991e+07,4.48817e+06,6.79999e+06,1.1499e+07,4.48511e+06,6.79999e+06,1.14988e+07,4.48128e+06,6.79999e+06,1.14987e+07,4.47646e+06,6.79999e+06,1.14985e+07,4.47041e+06,6.79999e+06,1.14983e+07,4.46281e+06,6.79999e+06,1.14981e+07,4.4533e+06,6.79999e+06,1.14979e+07,4.44138e+06,6.79999e+06,1.14976e+07,4.42649e+06,6.79999e+06,1.14972e+07,4.40789e+06,6.79999e+06,1.14969e+07,4.38471e+06,6.79999e+06,1.14965e+07,4.35592e+06,6.79999e+06,1.1496e+07,4.32027e+06,6.79999e+06,1.14955e+07,4.27629e+06,6.79999e+06,1.14949e+07,4.22231e+06,6.79999e+06,1.14942e+07,4.15647e+06,6.79999e+06,1.14934e+07,4.07676e+06,6.79999e+06,1.14926e+07,3.98112e+06,6.79999e+06,1.14916e+07,3.86765e+06,6.79999e+06,1.14905e+07,3.73474e+06,6.79999e+06,1.14892e+07,3.58148e+06,6.79999e+06,1.14878e+07,3.40785e+06,6.79999e+06,1.14862e+07,3.21513e+06,6.79999e+06,1.14844e+07,3.00605e+06,6.79999e+06,1.14823e+07,2.7848e+06,6.79999e+06,1.148e+07,2.5568e+06,6.79999e+06,1.14773e+07,2.32825e+06,6.79999e+06,13.5742,8.52444,0.508366,16.8306,13.2585,0.162638,20.0035,17.569,0.0507846,23.2616,22.4214,0.0158319,26.7328,28.3297,0.00493498,30.5212,35.6974,0.00153831,34.7178,44.9473,0.000479527,39.4086,56.5822,0.000149456,44.6796,71.2245,4.66214e-05,50.6209,89.6543,1.45419e-05,57.3297,112.852,4.54748e-06,64.9129,142.051,1.43857e-06,73.4897,178.803,4.36618e-07,83.1934,225.062,1.40153e-07,94.1745,283.286,4.96378e-08,106.602,356.568,1.05434e-07,120.669,448.799,-6.49244e-08,136.59,564.873,1.70148e-07,154.611,710.948,-5.34594e-08,175.008,894.767,1.63407e-07,198.097,1126.06,8.04804e-08,224.231,1417.07,1.14667e-07,253.813,1783.15,-1.71227e-07,287.297,2243.62,-2.88466e-07,325.198,2822.67,-4.33651e-07,368.098,3550.67,7.9318e-08,416.657,4465.65,3.13319e-07,471.621,5615.16,3.4613e-07,533.835,7058.61,-1.19199e-07,604.255,8870.02,-2.79964e-07,683.962,11141.4,-2.30521e-07,774.182,13986.7,-2.55099e-07,876.299,17546.4,1.23585e-07,991.883,21993.1,1.41192e-07,1122.71,27536.7,-9.71886e-08,1270.78,34430.7,-3.68368e-07,1438.38,42977.7,-3.45379e-07,1628.07,53532.7,-3.25328e-09,1842.77,66504.6,2.6362e-07,2085.77,82350.2,2.53445e-07,2360.79,101560,-2.47407e-08,2672.05,124632,-3.80602e-07,3024.31,152018,-4.79005e-07,3422.98,184060,-1.14379e-07,3874.15,220884,2.64297e-07,4384.72,262283,3.44131e-07,4962.49,307576,7.5349e-08,5616.29,355497,-3.63097e-07,6356.1,404126,-6.05442e-07,7193.18,450932,-2.72333e-07,8140.28,492963,2.29675e-07,9211.79,527178,4.3387e-07,10424,550893,-1.0711e-07,10.102,8.06553,2.81012,10.6436,8.57909,0.869423,11.5336,10.2515,0.270869,12.7211,12.7138,0.0844293,14.1823,15.9373,0.0263173,15.9122,20.0383,0.0082035,17.9198,25.2154,0.00255722,20.2244,31.7373,0.000797017,22.8539,39.9486,0.000248622,25.8438,50.2851,7.75492e-05,29.237,63.2963,2.42508e-05,33.0837,79.6738,7.67162e-06,37.4415,100.288,2.32837e-06,42.3767,126.236,7.33e-07,47.9646,158.896,2.79256e-07,54.2906,200.003,9.87351e-09,61.452,251.741,1.61085e-07,69.5585,316.859,-2.47141e-07,78.7347,398.812,8.93552e-08,89.1218,501.948,-2.53231e-07,100.879,631.736,-1.25047e-07,114.188,795.049,-1.78808e-07,129.252,1000.53,2.6733e-07,146.304,1259.03,4.50292e-07,165.605,1584.19,6.76904e-07,187.452,1993.12,-1.23808e-07,212.181,2507.27,-4.89068e-07,240.173,3153.54,-5.40284e-07,271.856,3965.56,1.86061e-07,307.719,4985.38,4.37004e-07,348.313,6265.4,3.59828e-07,394.26,7870.83,3.98192e-07,446.268,9882.51,-1.92908e-07,505.135,12400.3,-2.20392e-07,571.766,15546.9,1.51705e-07,647.184,19472.2,5.74996e-07,732.547,24357.4,5.39112e-07,829.167,30420,5.07815e-09,938.526,37916.3,-4.11492e-07,1062.3,47143.9,-3.9561e-07,1202.4,58439.2,3.86185e-08,1360.96,72169.3,5.94093e-07,1540.42,88715.8,7.47693e-07,1743.53,108445,1.78537e-07,1973.41,131665,-4.12549e-07,2233.57,158557,-5.37164e-07,2528,189103,-1.17615e-07,2861.2,222986,5.66769e-07,3238.27,259510,9.45053e-07,3664.97,297540,4.25093e-07,4147.81,335497,-3.58506e-07,4694.17,371444,-6.7724e-07,5312.37,403256,1.67192e-07,1.61744,3.89446,9.84394,3.28846,7.5504,12.774,5.07607,11.7187,13.6844,7.03202,16.8147,13.9681,9.20215,23.1769,14.0566,11.6301,31.1672,14.0841,14.3598,41.2186,14.0927,17.4376,53.8688,14.0954,20.9137,69.7915,14.0962,24.8432,89.8341,14.0965,29.2879,115.063,14.0966,34.3168,146.819,14.0966,40.0078,186.792,14.0966,46.4487,237.107,14.0966,53.7388,300.44,14.0966,61.9903,380.158,14.0966,71.3301,480.499,14.0966,81.902,606.796,14.0966,93.8685,765.761,14.0966,107.414,965.837,14.0966,122.746,1217.65,14.0966,140.101,1534.57,14.0966,159.745,1933.41,14.0966,181.981,2435.3,14.0966,207.15,3066.85,14.0966,235.64,3861.46,14.0966,267.889,4861.11,14.0966,304.391,6118.54,14.0966,345.709,7699.91,14.0966,392.478,9688.22,14.0966,445.417,12187.5,14.0966,505.339,15327.7,14.0966,573.165,19271.6,14.0966,649.938,24222,14.0966,736.839,30430.9,14.0966,835.202,38211.5,14.0966,946.539,47950.3,14.0966,1072.56,60122.8,14.0966,1215.21,75309.9,14.0966,1376.66,94216.2,14.0966,1559.41,117688,14.0966,1766.26,146729,14.0966,2000.39,182510,14.0966,2265.39,226372,14.0966,2565.33,279806,14.0966,2904.81,344416,14.0966,3289.05,421845,14.0966,3723.93,513667,14.0966,4216.13,621231,14.0966,4773.18,745478,14.0966,5403.64,886744,14.0966,6117.15,1.04457e+06,14.0966,6924.63,1.2176e+06,14.0966,11.7194,11.96,12.6541,13.9321,16.1295,13.6434,16.6097,21.9702,13.9553,19.7532,29.5285,14.0526,23.3844,39.1143,14.0829,27.5423,51.2054,14.0923,32.2796,66.434,14.0953,37.662,85.6061,14.0962,43.7675,109.74,14.0965,50.687,140.119,14.0966,58.5249,178.359,14.0966,67.4005,226.493,14.0966,77.4493,287.08,14.0966,88.8254,363.343,14.0966,101.703,459.336,14.0966,116.281,580.161,14.0966,132.782,732.241,14.0966,151.46,923.655,14.0966,172.603,1164.57,14.0966,196.535,1467.79,14.0966,223.625,1849.39,14.0966,254.288,2329.62,14.0966,288.997,2933.93,14.0966,328.285,3694.33,14.0966,372.755,4651.04,14.0966,423.092,5854.57,14.0966,480.07,7368.38,14.0966,544.564,9272.08,14.0966,617.566,11665.5,14.0966,700.197,14673.6,14.0966,793.729,18452.9,14.0966,899.599,23198.6,14.0966,1019.43,29154.1,14.0966,1155.07,36622.3,14.0966,1308.6,45977.9,14.0966,1482.39,57683.7,14.0966,1679.09,72307.8,14.0966,1901.73,90542.8,14.0966,2153.73,113226,14.0966,2438.97,141360,14.0966,2761.81,176127,14.0966,3127.22,218898,14.0966,3540.81,271226,14.0966,4008.92,334817,14.0966,4538.74,411470,14.0966,5138.38,502973,14.0966,5817.04,610948,14.0966,6585.12,736653,14.0966,7454.39,880741,14.0966,8438.15,1.04302e+06,14.0966,9551.45,1.22224e+06,14.0966,10811.3,1.41602e+06,14.0966,12237,1.62086e+06,14.0966,11.7194,11.96,12.6541,2.21263,4.16949,0.989383,2.67766,5.84076,0.311842,3.14343,7.55825,0.0972771,3.63127,9.58578,0.0303237,4.15787,12.0912,0.00945211,4.73731,15.2286,0.00294633,5.38238,19.1721,0.000918508,6.10553,24.134,0.000286163,6.91951,30.3791,8.92692e-05,7.83792,38.2397,2.78121e-05,8.87555,48.1338,8.65134e-06,10.0489,60.5876,2.7882e-06,11.3761,76.2629,8.29036e-07,12.8779,95.9927,2.4373e-07,14.5775,120.825,4.33068e-09,16.5012,152.08,1.75749e-07,18.6784,191.415,-1.86328e-07,21.1428,240.917,1.91829e-07,23.9322,303.213,-1.81475e-07,27.0895,381.602,7.0186e-08,30.6634,480.231,-2.86769e-08,34.7087,604.316,2.40784e-07,39.2876,760.401,9.87368e-08,44.4705,956.705,1.22263e-07,50.3371,1203.54,-4.31966e-07,56.9776,1513.81,-1.9705e-07,64.494,1903.69,-2.763e-08,73.0018,2393.4,3.9185e-07,82.6317,3008.13,1.35379e-07,93.5318,3779.25,-4.16351e-08,105.869,4745.7,2.06965e-08,119.834,5955.6,-3.18887e-07,135.641,7468.12,-1.48271e-08,153.531,9355.62,2.00739e-07,173.781,11705.8,2.28358e-07,196.701,14624.1,-1.93587e-08,222.642,18235,-2.88101e-07,252.003,22683.4,-2.24732e-07,285.234,28134,8.56806e-09,322.845,34767,2.34258e-07,365.413,42770.9,2.99668e-07,413.588,52327.9,8.28644e-08,468.111,63591.2,-3.07049e-07,529.814,76653.2,-3.1888e-07,599.642,91502.5,-6.72276e-08,678.662,107975,2.26339e-07,768.083,125705,3.69212e-07,869.267,144088,2.04077e-07,983.76,162277,-2.80509e-07,1113.3,179223,-4.22737e-07,1259.87,193777,-1.71951e-07,1425.68,204839,4.55555e-07,11.7194,11.96,12.6541,2.21263,4.16949,0.989383,2.67766,5.84076,0.311842,3.14343,7.55825,0.0972771,3.63127,9.58578,0.0303237,4.15787,12.0912,0.00945211,4.73731,15.2286,0.00294633,5.38238,19.1721,0.000918508,6.10553,24.134,0.000286163,6.91951,30.3791,8.92692e-05,7.83792,38.2397,2.78121e-05,8.87555,48.1338,8.65134e-06,10.0489,60.5876,2.7882e-06,11.3761,76.2629,8.29036e-07,12.8779,95.9927,2.4373e-07,14.5775,120.825,1e-08,16.5012,152.08,1.75749e-07,18.6784,191.415,1e-08,21.1428,240.917,1.91829e-07,23.9322,303.213,1e-08,27.0895,381.602,7.0186e-08,30.6634,480.231,1e-08,34.7087,604.316,2.40784e-07,39.2876,760.401,9.87368e-08,44.4705,956.705,1.22263e-07,50.3371,1203.54,1e-08,56.9776,1513.81,1e-08,64.494,1903.69,1e-08,73.0018,2393.4,3.9185e-07,82.6317,3008.13,1.35379e-07,93.5318,3779.25,1e-08,105.869,4745.7,2.06965e-08,119.834,5955.6,1e-08,135.641,7468.12,1e-08,153.531,9355.62,2.00739e-07,173.781,11705.8,2.28358e-07,196.701,14624.1,1e-08,222.642,18235,1e-08,252.003,22683.4,1e-08,285.234,28134,1e-08,322.845,34767,2.34258e-07,365.413,42770.9,2.99668e-07,413.588,52327.9,8.28644e-08,468.111,63591.2,1e-08,529.814,76653.2,1e-08,599.642,91502.5,1e-08,678.662,107975,2.26339e-07,768.083,125705,3.69212e-07,869.267,144088,2.04077e-07,983.76,162277,1e-08,1113.3,179223,1e-08,1259.87,193777,1e-08,1425.68,204839,4.55555e-07,6.2823,3.27286,2.43537,0.219672,6.18826,2.24117,0.56371,6.87772,2.63624,0.308279,15,12,5,5,2,2,4,4,0,3,14,0,5,7,0,4,19,0,6,20,0,6,16,0,6,32,0,13,38,0,4,54,0,14,33,0,12,43,0,8,125,0,6,185,0,9,108,0,27,163,0,10,172,0,23,160,0,14,334,0,39,543,0,24,329,0,30,553,0,10,741,0,49,903,0,51,891,0,45,2029,0,31,1565,0,111,2655,0,46,4068,0,105,1639,0,129,4116,0,104,8202,0,165,5019,0,107,8583,0,223,14935,0,131,14063,0,317,16654,0,209,33009,0,306,24381,0,635,37935,0,228,61835,0,297,32368,0,369,76382,0,506,54884,0,689,74152,0,666,62224,0,654,56009,0,671,62387,0,779,118708,0,655,154086,0,1037,298487,0,1342,127590,0
-1.05176e+08,1,8.88811e-15,10,1023,0,1.05176e+08,0.528882,1.08665,0.389689,0.145397,0.379329,3.24381,0.161596,0.446195,1.77396,0.159177,1.15e+07,4.49998e+06,6.79999e+06,1.15e+07,4.49997e+06,6.79999e+06,1.15e+07,4.49996e+06,6.79999e+06,1.15e+07,4.49995e+06,6.79999e+06,1.14999e+07,4.49993e+06,6.79999e+06,1.14999e+07,4.49991e+06,6.79999e+06,1.14999e+07,4.49989e+06,6.79999e+06,1.14999e+07,4.49986e+06,6.79999e+06,1.14999e+07,4.49982e+06,6.79999e+06,1.14999e+07,4.49977e+06,6.79999e+06,1.14999e+07,4.49971e+06,6.79999e+06,1.14999e+07,4.49963e+06,6.79999e+06,1.14998e+07,4.49953e+06,6.79999e+06,1.14998e+07,4.49941e+06,6.79999e+06,1.14998e+07,4.49926e+06,6.79999e+06,1.14998e+07,4.49906e+06,6.79999e+06,1.14997e+07,4.49882e+06,6.79999e+06,1.14997e+07,4.49851e+06,6.79999e+06,1.14997e+07,4.49812e+06,6.79999e+06,1.14996e+07,4.49764e+06,6.79999e+06,1.14996e+07,4.49702e+06,6.79999e+06,1.14995e+07,4.49625e+06,6.79999e+06,1.14995e+07,4.49528e+06,6.79999e+06,1.14994e+07,4.49406e+06,6.79999e+06,1.14993e+07,4.49253e+06,6.79999e+06,1.14992e+07,4.49059e+06,6.79999e+06,1.14991e+07,4.48817e+06,6.79999e+06,1.1499e+07,4.48511e+06,6.79999e+06,1.14988e+07,4.48128e+06,6.79999e+06,1.14987e+07,4.47646e+06,6.79999e+06,1.14985e+07,4.47041e+06,6.79999e+06,1.14983e+07,4.46281e+06,6.79999e+06,1.14981e+07,4.4533e+06,6.79999e+06,1.14979e+07,4.44138e+06,6.79999e+06,1.14976e+07,4.42649e+06,6.79999e+06,1.14972e+07,4.40789e+06,6.79999e+06,1.14969e+07,4.38471e+06,6.79999e+06,1.14965e+07,4.35592e+06,6.79999e+06,1.1496e+07,4.32027e+06,6.79999e+06,1.14955e+07,4.27629e+06,6.79999e+06,1.14949e+07,4.22231e+06,6.79999e+06,1.14942e+07,4.15647e+06,6.79999e+06,1.14934e+07,4.07676e+06,6.79999e+06,1.14926e+07,3.98112e+06,6.79999e+06,1.14916e+07,3.86765e+06,6.79999e+06,1.14905e+07,3.73474e+06,6.79999e+06,1.14892e+07,3.58148e+06,6.79999e+06,1.14878e+07,3.40785e+06,6.79999e+06,1.14862e+07,3.21513e+06,6.79999e+06,1.14844e+07,3.00605e+06,6.79999e+06,1.14823e+07,2.7848e+06,6.79999e+06,1.148e+07,2.5568e+06,6.79999e+06,1.14773e+07,2.32825e+06,6.79999e+06,13.5742,8.52444,0.508366,16.8306,13.2585,0.162638,20.0035,17.569,0.0507846,23.2616,22.4214,0.0158319,26.7328,28.3297,0.00493498,30.5212,35.6974,0.00153831,34.7178,44.9473,0.000479527,39.4086,56.5822,0.000149456,44.6796,71.2245,4.66214e-05,50.6209,89.6543,1.45419e-05,57.3297,112.852,4.54748e-06,64.9129,142.051,1.43857e-06,73.4897,178.803,4.36618e-07,83.1934,225.062,1.40153e-07,94.1745,283.286,4.96378e-08,106.602,356.568,1.05434e-07,120.669,448.799,-6.49244e-08,136.59,564.873,1.70148e-07,154.611,710.948,-5.34594e-08,175.008,894.767,1.63407e-07,198.097,1126.06,8.04804e-08,224.231,1417.07,1.14667e-07,253.813,1783.15,-1.71227e-07,287.297,2243.62,-2.88466e-07,325.198,2822.67,-4.33651e-07,368.098,3550.67,7.9318e-08,416.657,4465.65,3.13319e-07,471.621,5615.16,3.4613e-07,533.835,7058.61,-1.19199e-07,604.255,8870.02,-2.79964e-07,683.962,11141.4,-2.30521e-07,774.182,13986.7,-2.55099e-07,876.299,17546.4,1.23585e-07,991.883,21993.1,1.41192e-07,1122.71,27536.7,-9.71886e-08,1270.78,34430.7,-3.68368e-07,1438.38,42977.7,-3.45379e-07,1628.07,53532.7,-3.25328e-09,1842.77,66504.6,2.6362e-07,2085.77,82350.2,2.53445e-07,2360.79,101560,-2.47407e-08,2672.05,124632,-3.80602e-07,3024.31,152018,-4.79005e-07,3422.98,184060,-1.14379e-07,3874.15,220884,2.64297e-07,4384.72,262283,3.44131e-07,4962.49,307576,7.5349e-08,5616.29,355497,-3.63097e-07,6356.1,404126,-6.05442e-07,7193.18,450932,-2.72333e-07,8140.28,492963,2.29675e-07,9211.79,527178,4.3387e-07,10424,550893,-1.0711e-07,10.102,8.06553,2.81012,10.6436,8.57909,0.869423,11.5336,10.2515,0.270869,12.7211,12.7138,0.0844293,14.1823,15.9373,0.0263173,15.9122,20.0383,0.0082035,17.9198,25.2154,0.00255722,20.2244,31.7373,0.000797017,22.8539,39.9486,0.000248622,25.8438,50.2851,7.75492e-05,29.237,63.2963,2.42508e-05,33.0837,79.6738,7.67162e-06,37.4415,100.288,2.32837e-06,42.3767,126.236,7.33e-07,47.9646,158.896,2.79256e-07,54.2906,200.003,9.87351e-09,61.452,251.741,1.61085e-07,69.5585,316.859,-2.47141e-07,78.7347,398.812,8.93552e-08,89.1218,501.948,-2.53231e-07,100.879,631.736,-1.25047e-07,114.188,795.049,-1.78808e-07,129.252,1000.53,2.6733e-07,146.304,1259.03,4.50292e-07,165.605,1584.19,6.76904e-07,187.452,1993.12,-1.23808e-07,212.181,2507.27,-4.89068e-07,240.173,3153.54,-5.40284e-07,271.856,3965.56,1.86061e-07,307.719,4985.38,4.37004e-07,348.313,6265.4,3.59828e-07,394.26,7870.83,3.98192e-07,446.268,9882.51,-1.92908e-07,505.135,12400.3,-2.20392e-07,571.766,15546.9,1.51705e-07,647.184,19472.2,5.74996e-07,732.547,24357.4,5.39112e-07,829.167,30420,5.07815e-09,938.526,37916.3,-4.11492e-07,1062.3,47143.9,-3.9561e-07,1202.4,58439.2,3.86185e-08,1360.96,72169.3,5.94093e-07,1540.42,88715.8,7.47693e-07,1743.53,108445,1.78537e-07,1973.41,131665,-4.12549e-07,2233.57,158557,-5.37164e-07,2528,189103,-1.17615e-07,2861.2,222986,5.66769e-07,3238.27,259510,9.45053e-07,3664.97,297540,4.25093e-07,4147.81,335497,-3.58506e-07,4694.17,371444,-6.7724e-07,5312.37,403256,1.67192e-07,1.61744,3.89446,9.84394,3.28846,7.5504,12.774,5.07607,11.7187,13.6844,7.03202,16.8147,13.9681,9.20215,23.1769,14.0566,11.6301,31.1672,14.0841,14.3598,41.2186,14.0927,17.4376,53.8688,14.0954,20.9137,69.7915,14.0962,24.8432,89.8341,14.0965,29.2879,115.063,14.0966,34.3168,146.819,14.0966,40.0078,186.792,14.0966,46.4487,237.107,14.0966,53.7388,300.44,14.0966,61.9903,380.158,14.0966,71.3301,480.499,14.0966,81.902,606.796,14.0966,93.8685,765.761,14.0966,107.414,965.837,14.0966,122.746,1217.65,14.0966,140.101,1534.57,14.0966,159.745,1933.41,14.0966,181.981,2435.3,14.0966,207.15,3066.85,14.0966,235.64,3861.46,14.0966,267.889,4861.11,14.0966,304.391,6118.54,14.0966,345.709,7699.91,14.0966,392.478,9688.22,14.0966,445.417,12187.5,14.0966,505.339,15327.7,14.0966,573.165,19271.6,14.0966,649.938,24222,14.0966,736.839,30430.9,14.0966,835.202,38211.5,14.0966,946.539,47950.3,14.0966,1072.56,60122.8,14.0966,1215.21,75309.9,14.0966,1376.66,94216.2,14.0966,1559.41,117688,14.0966,1766.26,146729,14.0966,2000.39,182510,14.0966,2265.39,226372,14.0966,2565.33,279806,14.0966,2904.81,344416,14.0966,3289.05,421845,14.0966,3723.93,513667,14.0966,4216.13,621231,14.0966,4773.18,745478,14.0966,5403.64,886744,14.0966,6117.15,1.04457e+06,14.0966,6924.63,1.2176e+06,14.0966,11.7194,11.96,12.6541,13.9321,16.1295,13.6434,16.6097,21.9702,13.9553,19.7532,29.5285,14.0526,23.3844,39.1143,14.0829,27.5423,51.2054,14.0923,32.2796,66.434,14.0953,37.662,85.6061,14.0962,43.7675,109.74,14.0965,50.687,140.119,14.0966,58.5249,178.359,14.0966,67.4005,226.493,14.0966,77.4493,287.08,14.0966,88.8254,363.343,14.0966,101.703,459.336,14.0966,116.281,580.161,14.0966,132.782,732.241,14.0966,151.46,923.655,14.0966,172.603,1164.57,14.0966,196.535,1467.79,14.0966,223.625,1849.39,14.0966,254.288,2329.62,14.0966,288.997,2933.93,14.0966,328.285,3694.33,14.0966,372.755,4651.04,14.0966,423.092,5854.57,14.0966,480.07,7368.38,14.0966,544.564,9272.08,14.0966,617.566,11665.5,14.0966,700.197,14673.6,14.0966,793.729,18452.9,14.0966,899.599,23198.6,14.0966,1019.43,29154.1,14.0966,1155.07,36622.3,14.0966,1308.6,45977.9,14.0966,1482.39,57683.7,14.0966,1679.09,72307.8,14.0966,1901.73,90542.8,14.0966,2153.73,113226,14.0966,2438.97,141360,14.0966,2761.81,176127,14.0966,3127.22,218898,14.0966,3540.81,271226,14.0966,4008.92,334817,14.0966,4538.74,411470,14.0966,5138.38,502973,14.0966,5817.04,610948,14.0966,6585.12,736653,14.0966,7454.39,880741,14.0966,8438.15,1.04302e+06,14.0966,9551.45,1.22224e+06,14.0966,10811.3,1.41602e+06,14.0966,12237,1.62086e+06,14.0966,11.7194,11.96,12.6541,2.21263,4.16949,0.989383,2.67766,5.84076,0.311842,3.14343,7.55825,0.0972771,3.63127,9.58578,0.0303237,4.15787,12.0912,0.00945211,4.73731,15.2286,0.00294633,5.38238,19.1721,0.000918508,6.10553,24.134,0.000286163,6.91951,30.3791,8.92692e-05,7.83792,38.2397,2.78121e-05,8.87555,48.1338,8.65134e-06,10.0489,60.5876,2.7882e-06,11.3761,76.2629,8.29036e-07,12.8779,95.9927,2.4373e-07,14.5775,120.825,4.33068e-09,16.5012,152.08,1.75749e-07,18.6784,191.415,-1.86328e-07,21.1428,240.917,1.91829e-07,23.9322,303.213,-1.81475e-07,27.0895,381.602,7.0186e-08,30.6634,480.231,-2.86769e-08,34.7087,604.316,2.40784e-07,39.2876,760.401,9.87368e-08,44.4705,956.705,1.22263e-07,50.3371,1203.54,-4.31966e-07,56.9776,1513.81,-1.9705e-07,64.494,1903.69,-2.763e-08,73.0018,2393.4,3.9185e-07,82.6317,3008.13,1.35379e-07,93.5318,3779.25,-4.16351e-08,105.869,4745.7,2.06965e-08,119.834,5955.6,-3.18887e-07,135.641,7468.12,-1.48271e-08,153.531,9355.62,2.00739e-07,173.781,11705.8,2.28358e-07,196.701,14624.1,-1.93587e-08,222.642,18235,-2.88101e-07,252.003,22683.4,-2.24732e-07,285.234,28134,8.56806e-09,322.845,34767,2.34258e-07,365.413,42770.9,2.99668e-07,413.588,52327.9,8.28644e-08,468.111,63591.2,-3.07049e-07,529.814,76653.2,-3.1888e-07,599.642,91502.5,-6.72276e-08,678.662,107975,2.26339e-07,768.083,125705,3.69212e-07,869.267,144088,2.04077e-07,983.76,162277,-2.80509e-07,1113.3,179223,-4.22737e-07,1259.87,193777,-1.71951e-07,1425.68,204839,4.55555e-07,11.7194,11.96,12.6541,2.21263,4.16949,0.989383,2.67766,5.84076,0.311842,3.14343,7.55825,0.0972771,3.63127,9.58578,0.0303237,4.15787,12.0912,0.00945211,4.73731,15.2286,0.00294633,5.38238,19.1721,0.000918508,6.10553,24.134,0.000286163,6.91951,30.3791,8.92692e-05,7.83792,38.2397,2.78121e-05,8.87555,48.1338,8.65134e-06,10.0489,60.5876,2.7882e-06,11.3761,76.2629,8.29036e-07,12.8779,95.9927,2.4373e-07,14.5775,120.825,1e-08,16.5012,152.08,1.75749e-07,18.6784,191.415,1e-08,21.1428,240.917,1.91829e-07,23.9322,303.213,1e-08,27.0895,381.602,7.0186e-08,30.6634,480.231,1e-08,34.7087,604.316,2.40784e-07,39.2876,760.401,9.87368e-08,44.4705,956.705,1.22263e-07,50.3371,1203.54,1e-08,56.9776,1513.81,1e-08,64.494,1903.69,1e-08,73.0018,2393.4,3.9185e-07,82.6317,3008.13,1.35379e-07,93.5318,3779.25,1e-08,105.869,4745.7,2.06965e-08,119.834,5955.6,1e-08,135.641,7468.12,1e-08,153.531,9355.62,2.00739e-07,173.781,11705.8,2.28358e-07,196.701,14624.1,1e-08,222.642,18235,1e-08,252.003,22683.4,1e-08,285.234,28134,1e-08,322.845,34767,2.34258e-07,365.413,42770.9,2.99668e-07,413.588,52327.9,8.28644e-08,468.111,63591.2,1e-08,529.814,76653.2,1e-08,599.642,91502.5,1e-08,678.662,107975,2.26339e-07,768.083,125705,3.69212e-07,869.267,144088,2.04077e-07,983.76,162277,1e-08,1113.3,179223,1e-08,1259.87,193777,1e-08,1425.68,204839,4.55555e-07,6.2823,3.27286,2.43537,0.219672,6.18826,2.24117,0.56371,6.87772,2.63624,0.308279,16,8,11,0,3,1,3,3,0,2,5,0,3,14,0,2,7,0,7,8,0,3,11,0,5,16,0,9,28,0,2,56,0,14,32,0,12,64,0,9,64,0,9,122,0,20,70,0,4,78,0,19,210,0,12,132,0,31,356,0,21,573,0,20,614,0,16,406,0,61,583,0,42,578,0,35,1232,0,60,797,0,92,1268,0,63,2389,0,82,4364,0,71,2485,0,88,4517,0,61,4964,0,190,7608,0,193,8318,0,95,7703,0,178,18842,0,175,12719,0,225,26582,0,395,49576,0,208,25036,0,360,90499,0,297,40381,0,337,80831,0,335,61624,0,443,83281,0,417,227835,0,692,113643,0,1063,237937,0,1219,151168,0,1320,153852,0,2232,156025,0,560,368534,0
-1.05176e+08,1,8.88811e-15,10,1023,0,1.05176e+08,0.528882,1.08665,0.389689,0.145397,0.379329,3.24381,0.161596,0.446195,1.77396,0.159177,1.15e+07,4.49998e+06,6.79999e+06,1.15e+07,4.49997e+06,6.79999e+06,1.15e+07,4.49996e+06,6.79999e+06,1.15e+07,4.49995e+06,6.79999e+06,1.14999e+07,4.49993e+06,6.79999e+06,1.14999e+07,4.49991e+06,6.79999e+06,1.14999e+07,4.49989e+06,6.79999e+06,1.14999e+07,4.49986e+06,6.79999e+06,1.14999e+07,4.49982e+06,6.79999e+06,1.14999e+07,4.49977e+06,6.79999e+06,1.14999e+07,4.49971e+06,6.79999e+06,1.14999e+07,4.49963e+06,6.79999e+06,1.14998e+07,4.49953e+06,6.79999e+06,1.14998e+07,4.49941e+06,6.79999e+06,1.14998e+07,4.49926e+06,6.79999e+06,1.14998e+07,4.49906e+06,6.79999e+06,1.14997e+07,4.49882e+06,6.79999e+06,1.14997e+07,4.49851e+06,6.79999e+06,1.14997e+07,4.49812e+06,6.79999e+06,1.14996e+07,4.49764e+06,6.79999e+06,1.14996e+07,4.49702e+06,6.79999e+06,1.14995e+07,4.49625e+06,6.79999e+06,1.14995e+07,4.49528e+06,6.79999e+06,1.14994e+07,4.49406e+06,6.79999e+06,1.14993e+07,4.49253e+06,6.79999e+06,1.14992e+07,4.49059e+06,6.79999e+06,1.14991e+07,4.48817e+06,6.79999e+06,1.1499e+07,4.48511e+06,6.79999e+06,1.14988e+07,4.48128e+06,6.79999e+06,1.14987e+07,4.47646e+06,6.79999e+06,1.14985e+07,4.47041e+06,6.79999e+06,1.14983e+07,4.46281e+06,6.79999e+06,1.14981e+07,4.4533e+06,6.79999e+06,1.14979e+07,4.44138e+06,6.79999e+06,1.14976e+07,4.42649e+06,6.79999e+06,1.14972e+07,4.40789e+06,6.79999e+06,1.14969e+07,4.38471e+06,6.79999e+06,1.14965e+07,4.35592e+06,6.79999e+06,1.1496e+07,4.32027e+06,6.79999e+06,1.14955e+07,4.27629e+06,6.79999e+06,1.14949e+07,4.22231e+06,6.79999e+06,1.14942e+07,4.15647e+06,6.79999e+06,1.14934e+07,4.07676e+06,6.79999e+06,1.14926e+07,3.98112e+06,6.79999e+06,1.14916e+07,3.86765e+06,6.79999e+06,1.14905e+07,3.73474e+06,6.79999e+06,1.14892e+07,3.58148e+06,6.79999e+06,1.14878e+07,3.40785e+06,6.79999e+06,1.14862e+07,3.21513e+06,6.79999e+06,1.14844e+07,3.00605e+06,6.79999e+06,1.14823e+07,2.7848e+06,6.79999e+06,1.148e+07,2.5568e+06,6.79999e+06,1.14773e+07,2.32825e+06,6.79999e+06,13.5742,8.52444,0.508366,16.8306,13.2585,0.162638,20.0035,17.569,0.0507846,23.2616,22.4214,0.0158319,26.7328,28.3297,0.00493498,30.5212,35.6974,0.00153831,34.7178,44.9473,0.000479527,39.4086,56.5822,0.000149456,44.6796,71.2245,4.66214e-05,50.6209,89.6543,1.45419e-05,57.3297,112.852,4.54748e-06,64.9129,142.051,1.43857e-06,73.4897,178.803,4.36618e-07,83.1934,225.062,1.40153e-07,94.1745,283.286,4.96378e-08,106.602,356.568,1.05434e-07,120.669,448.799,-6.49244e-08,136.59,564.873,1.70148e-07,154.611,710.948,-5.34594e-08,175.008,894.767,1.63407e-07,198.097,1126.06,8.04804e-08,224.231,1417.07,1.14667e-07,253.813,1783.15,-1.71227e-07,287.297,2243.62,-2.88466e-07,325.198,2822.67,-4.33651e-07,368.098,3550.67,7.9318e-08,416.657,4465.65,3.13319e-07,471.621,5615.16,3.4613e-07,533.835,7058.61,-1.19199e-07,604.255,8870.02,-2.79964e-07,683.962,11141.4,-2.30521e-07,774.182,13986.7,-2.55099e-07,876.299,17546.4,1.23585e-07,991.883,21993.1,1.41192e-07,1122.71,27536.7,-9.71886e-08,1270.78,34430.7,-3.68368e-07,1438.38,42977.7,-3.45379e-07,1628.07,53532.7,-3.25328e-09,1842.77,66504.6,2.6362e-07,2085.77,82350.2,2.53445e-07,2360.79,101560,-2.47407e-08,2672.05,124632,-3.80602e-07,3024.31,152018,-4.79005e-07,3422.98,184060,-1.14379e-07,3874.15,220884,2.64297e-07,4384.72,262283,3.44131e-07,4962.49,307576,7.5349e-08,5616.29,355497,-3.63097e-07,6356.1,404126,-6.05442e-07,7193.18,450932,-2.72333e-07,8140.28,492963,2.29675e-07,9211.79,527178,4.3387e-07,10424,550893,-1.0711e-07,10.102,8.06553,2.81012,10.6436,8.57909,0.869423,11.5336,10.2515,0.270869,12.7211,12.7138,0.0844293,14.1823,15.9373,0.0263173,15.9122,20.0383,0.0082035,17.9198,25.2154,0.00255722,20.2244,31.7373,0.000797017,22.8539,39.9486,0.000248622,25.8438,50.2851,7.75492e-05,29.237,63.2963,2.42508e-05,33.0837,79.6738,7.67162e-06,37.4415,100.288,2.32837e-06,42.3767,126.236,7.33e-07,47.9646,158.896,2.79256e-07,54.2906,200.003,9.87351e-09,61.452,251.741,1.61085e-07,69.5585,316.859,-2.47141e-07,78.7347,398.812,8.93552e-08,89.1218,501.948,-2.53231e-07,100.879,631.736,-1.25047e-07,114.188,795.049,-1.78808e-07,129.252,1000.53,2.6733e-07,146.304,1259.03,4.50292e-07,165.605,1584.19,6.76904e-07,187.452,1993.12,-1.23808e-07,212.181,2507.27,-4.89068e-07,240.173,3153.54,-5.40284e-07,271.856,3965.56,1.86061e-07,307.719,4985.38,4.37004e-07,348.313,6265.4,3.59828e-07,394.26,7870.83,3.98192e-07,446.268,9882.51,-1.92908e-07,505.135,12400.3,-2.20392e-07,571.766,15546.9,1.51705e-07,647.184,19472.2,5.74996e-07,732.547,24357.4,5.39112e-07,829.167,30420,5.07815e-09,938.526,37916.3,-4.11492e-07,1062.3,47143.9,-3.9561e-07,1202.4,58439.2,3.86185e-08,1360.96,72169.3,5.94093e-07,1540.42,88715.8,7.47693e-07,1743.53,108445,1.78537e-07,1973.41,131665,-4.12549e-07,2233.57,158557,-5.37164e-07,2528,189103,-1.17615e-07,2861.2,222986,5.66769e-07,3238.27,259510,9.45053e-07,3664.97,297540,4.25093e-07,4147.81,335497,-3.58506e-07,4694.17,371444,-6.7724e-07,5312.37,403256,1.67192e-07,1.61744,3.89446,9.84394,3.28846,7.5504,12.774,5.07607,11.7187,13.6844,7.03202,16.8147,13.9681,9.20215,23.1769,14.0566,11.6301,31.1672,14.0841,14.3598,41.2186,14.0927,17.4376,53.8688,14.0954,20.9137,69.7915,14.0962,24.8432,89.8341,14.0965,29.2879,115.063,14.0966,34.3168,146.819,14.0966,40.0078,186.792,14.0966,46.4487,237.107,14.0966,53.7388,300.44,14.0966,61.9903,380.158,14.0966,71.3301,480.499,14.0966,81.902,606.796,14.0966,93.8685,765.761,14.0966,107.414,965.837,14.0966,122.746,1217.65,14.0966,140.101,1534.57,14.0966,159.745,1933.41,14.0966,181.981,2435.3,14.0966,207.15,3066.85,14.0966,235.64,3861.46,14.0966,267.889,4861.11,14.0966,304.391,6118.54,14.0966,345.709,7699.91,14.0966,392.478,9688.22,14.0966,445.417,12187.5,14.0966,505.339,15327.7,14.0966,573.165,19271.6,14.0966,649.938,24222,14.0966,736.839,30430.9,14.0966,835.202,38211.5,14.0966,946.539,47950.3,14.0966,1072.56,60122.8,14.0966,1215.21,75309.9,14.0966,1376.66,94216.2,14.0966,1559.41,117688,14.0966,1766.26,146729,14.0966,2000.39,182510,14.0966,2265.39,226372,14.0966,2565.33,279806,14.0966,2904.81,344416,14.0966,3289.05,421845,14.0966,3723.93,513667,14.0966,4216.13,621231,14.0966,4773.18,745478,14.0966,5403.64,886744,14.0966,6117.15,1.04457e+06,14.0966,6924.63,1.2176e+06,14.0966,11.7194,11.96,12.6541,13.9321,16.1295,13.6434,16.6097,21.9702,13.9553,19.7532,29.5285,14.0526,23.3844,39.1143,14.0829,27.5423,51.2054,14.0923,32.2796,66.434,14.0953,37.662,85.6061,14.0962,43.7675,109.74,14.0965,50.687,140.119,14.0966,58.5249,178.359,14.0966,67.4005,226.493,14.0966,77.4493,287.08,14.0966,88.8254,363.343,14.0966,101.703,459.336,14.0966,116.281,580.161,14.0966,132.782,732.241,14.0966,151.46,923.655,14.0966,172.603,1164.57,14.0966,196.535,1467.79,14.0966,223.625,1849.39,14.0966,254.288,2329.62,14.0966,288.997,2933.93,14.0966,328.285,3694.33,14.0966,372.755,4651.04,14.0966,423.092,5854.57,14.0966,480.07,7368.38,14.0966,544.564,9272.08,14.0966,617.566,11665.5,14.0966,700.197,14673.6,14.0966,793.729,18452.9,14.0966,899.599,23198.6,14.0966,1019.43,29154.1,14.0966,1155.07,36622.3,14.0966,1308.6,45977.9,14.0966,1482.39,57683.7,14.0966,1679.09,72307.8,14.0966,1901.73,90542.8,14.0966,2153.73,113226,14.0966,2438.97,141360,14.0966,2761.81,176127,14.0966,3127.22,218898,14.0966,3540.81,271226,14.0966,4008.92,334817,14.0966,4538.74,411470,14.0966,5138.38,502973,14.0966,5817.04,610948,14.0966,6585.12,736653,14.0966,7454.39,880741,14.0966,8438.15,1.04302e+06,14.0966,9551.45,1.22224e+06,14.0966,10811.3,1.41602e+06,14.0966,12237,1.62086e+06,14.0966,11.7194,11.96,12.6541,2.21263,4.16949,0.989383,2.67766,5.84076,0.311842,3.14343,7.55825,0.0972771,3.63127,9.58578,0.0303237,4.15787,12.0912,0.00945211,4.73731,15.2286,0.00294633,5.38238,19.1721,0.000918508,6.10553,24.134,0.000286163,6.91951,30.3791,8.92692e-05,7.83792,38.2397,2.78121e-05,8.87555,48.1338,8.65134e-06,10.0489,60.5876,2.7882e-06,11.3761,76.2629,8.29036e-07,12.8779,95.9927,2.4373e-07,14.5775,120.825,4.33068e-09,16.5012,152.08,1.75749e-07,18.6784,191.415,-1.86328e-07,21.1428,240.917,1.91829e-07,23.9322,303.213,-1.81475e-07,27.0895,381.602,7.0186e-08,30.6634,480.231,-2.86769e-08,34.7087,604.316,2.40784e-07,39.2876,760.401,9.87368e-08,44.4705,956.705,1.22263e-07,50.3371,1203.54,-4.31966e-07,56.9776,1513.81,-1.9705e-07,64.494,1903.69,-2.763e-08,73.0018,2393.4,3.9185e-07,82.6317,3008.13,1.35379e-07,93.5318,3779.25,-4.16351e-08,105.869,4745.7,2.06965e-08,119.834,5955.6,-3.18887e-07,135.641,7468.12,-1.48271e-08,153.531,9355.62,2.00739e-07,173.781,11705.8,2.28358e-07,196.701,14624.1,-1.93587e-08,222.642,18235,-2.88101e-07,252.003,22683.4,-2.24732e-07,285.234,28134,8.56806e-09,322.845,34767,2.34258e-07,365.413,42770.9,2.99668e-07,413.588,52327.9,8.28644e-08,468.111,63591.2,-3.07049e-07,529.814,76653.2,-3.1888e-07,599.642,91502.5,-6.72276e-08,678.662,107975,2.26339e-07,768.083,125705,3.69212e-07,869.267,144088,2.04077e-07,983.76,162277,-2.80509e-07,1113.3,179223,-4.22737e-07,1259.87,193777,-1.71951e-07,1425.68,204839,4.55555e-07,11.7194,11.96,12.6541,2.21263,4.16949,0.989383,2.67766,5.84076,0.311842,3.14343,7.55825,0.0972771,3.63127,9.58578,0.0303237,4.15787,12.0912,0.00945211,4.73731,15.2286,0.00294633,5.38238,19.1721,0.000918508,6.10553,24.134,0.000286163,6.91951,30.3791,8.92692e-05,7.83792,38.2397,2.78121e-05,8.87555,48.1338,8.65134e-06,10.0489,60.5876,2.7882e-06,11.3761,76.2629,8.29036e-07,12.8779,95.9927,2.4373e-07,14.5775,120.825,1e-08,16.5012,152.08,1.75749e-07,18.6784,191.415,1e-08,21.1428,240.917,1.91829e-07,23.9322,303.213,1e-08,27.0895,381.602,7.0186e-08,30.6634,480.231,1e-08,34.7087,604.316,2.40784e-07,39.2876,760.401,9.87368e-08,44.4705,956.705,1.22263e-07,50.3371,1203.54,1e-08,56.9776,1513.81,1e-08,64.494,1903.69,1e-08,73.0018,2393.4,3.9185e-07,82.6317,3008.13,1.35379e-07,93.5318,3779.25,1e-08,105.869,4745.7,2.06965e-08,119.834,5955.6,1e-08,135.641,7468.12,1e-08,153.531,9355.62,2.00739e-07,173.781,11705.8,2.28358e-07,196.701,14624.1,1e-08,222.642,18235,1e-08,252.003,22683.4,1e-08,285.234,28134,1e-08,322.845,34767,2.34258e-07,365.413,42770.9,2.99668e-07,413.588,52327.9,8.28644e-08,468.111,63591.2,1e-08,529.814,76653.2,1e-08,599.642,91502.5,1e-08,678.662,107975,2.26339e-07,768.083,125705,3.69212e-07,869.267,144088,2.04077e-07,983.76,162277,1e-08,1113.3,179223,1e-08,1259.87,193777,1e-08,1425.68,204839,4.55555e-07,6.2823,3.27286,2.43537,0.219672,6.18826,2.24117,0.56371,6.87772,2.63624,0.308279,15,34,10,2,8,0,1,3,1,6,6,0,1,8,0,2,14,0,11,6,0,2,29,0,8,33,0,9,27,0,6,28,0,6,41,0,10,68,0,16,93,0,3,70,0,14,218,0,21,152,0,18,308,0,38,215,0,54,215,0,17,251,0,18,434,0,30,899,0,40,744,0,34,1374,0,86,1534,0,44,2420,0,104,2985,0,136,2201,0,220,1609,0,71,1736,0,39,8384,0,113,5378,0,88,11180,0,240,10465,0,114,13109,0,150,18951,0,141,8564,0,177,28789,0,420,26423,0,222,53785,0,416,88562,0,216,46035,0,346,10015,0,445,44798,0,574,150724,0,559,122502,0,546,81041,0,607,88962,0,1154,90517,0,1014,260696,0,1503,143877,0,786,235484,0
-1.05176e+08,1,8.88811e-15,10,1023,0,1.05176e+08,0.528882,1.08665,0.389689,0.145397,0.379329,3.24381,0.161596,0.446195,1.77396,0.159177,1.15e+07,4.49998e+06,6.79999e+06,1.15e+07,4.49997e+06,6.79999e+06,1.15e+07,4.49996e+06,6.79999e+06,1.15e+07,4.49995e+06,6.79999e+06,1.14999e+07,4.49993e+06,6.79999e+06,1.14999e+07,4.49991e+06,6.79999e+06,1.14999e+07,4.49989e+06,6.79999e+06,1.14999e+07,4.49986e+06,6.79999e+06,1.14999e+07,4.49982e+06,6.79999e+06,1.14999e+07,4.49977e+06,6.79999e+06,1.14999e+07,4.49971e+06,6.79999e+06,1.14999e+07,4.49963e+06,6.79999e+06,1.14998e+07,4.49953e+06,6.79999e+06,1.14998e+07,4.49941e+06,6.79999e+06,1.14998e+07,4.49926e+06,6.79999e+06,1.14998e+07,4.49906e+06,6.79999e+06,1.14997e+07,4.49882e+06,6.79999e+06,1.14997e+07,4.49851e+06,6.79999e+06,1.14997e+07,4.49812e+06,6.79999e+06,1.14996e+07,4.49764e+06,6.79999e+06,1.14996e+07,4.49702e+06,6.79999e+06,1.14995e+07,4.49625e+06,6.79999e+06,1.14995e+07,4.49528e+06,6.79999e+06,1.14994e+07,4.49406e+06,6.79999e+06,1.14993e+07,4.49253e+06,6.79999e+06,1.14992e+07,4.49059e+06,6.79999e+06,1.14991e+07,4.48817e+06,6.79999e+06,1.1499e+07,4.48511e+06,6.79999e+06,1.14988e+07,4.48128e+06,6.79999e+06,1.14987e+07,4.47646e+06,6.79999e+06,1.14985e+07,4.47041e+06,6.79999e+06,1.14983e+07,4.46281e+06,6.79999e+06,1.14981e+07,4.4533e+06,6.79999e+06,1.14979e+07,4.44138e+06,6.79999e+06,1.14976e+07,4.42649e+06,6.79999e+06,1.14972e+07,4.40789e+06,6.79999e+06,1.14969e+07,4.38471e+06,6.79999e+06,1.14965e+07,4.35592e+06,6.79999e+06,1.1496e+07,4.32027e+06,6.79999e+06,1.14955e+07,4.27629e+06,6.79999e+06,1.14949e+07,4.22231e+06,6.79999e+06,1.14942e+07,4.15647e+06,6.79999e+06,1.14934e+07,4.07676e+06,6.79999e+06,1.14926e+07,3.98112e+06,6.79999e+06,1.14916e+07,3.86765e+06,6.79999e+06,1.14905e+07,3.73474e+06,6.79999e+06,1.14892e+07,3.58148e+06,6.79999e+06,1.14878e+07,3.40785e+06,6.79999e+06,1.14862e+07,3.21513e+06,6.79999e+06,1.14844e+07,3.00605e+06,6.79999e+06,1.14823e+07,2.7848e+06,6.79999e+06,1.148e+07,2.5568e+06,6.79999e+06,1.14773e+07,2.32825e+06,6.79999e+06,13.5742,8.52444,0.508366,16.8306,13.2585,0.162638,20.0035,17.569,0.0507846,23.2616,22.4214,0.0158319,26.7328,28.3297,0.00493498,30.5212,35.6974,0.00153831,34.7178,44.9473,0.000479527,39.4086,56.5822,0.000149456,44.6796,71.2245,4.66214e-05,50.6209,89.6543,1.45419e-05,57.3297,112.852,4.54748e-06,64.9129,142.051,1.43857e-06,73.4897,178.803,4.36618e-07,83.1934,225.062,1.40153e-07,94.1745,283.286,4.96378e-08,106.602,356.568,1.05434e-07,120.669,448.799,-6.49244e-08,136.59,564.873,1.70148e-07,154.611,710.948,-5.34594e-08,175.008,894.767,1.63407e-07,198.097,1126.06,8.04804e-08,224.231,1417.07,1.14667e-07,253.813,1783.15,-1.71227e-07,287.297,2243.62,-2.88466e-07,325.198,2822.67,-4.33651e-07,368.098,3550.67,7.9318e-08,416.657,4465.65,3.13319e-07,471.621,5615.16,3.4613e-07,533.835,7058.61,-1.19199e-07,604.255,8870.02,-2.79964e-07,683.962,11141.4,-2.30521e-07,774.182,13986.7,-2.55099e-07,876.299,17546.4,1.23585e-07,991.883,21993.1,1.41192e-07,1122.71,27536.7,-9.71886e-08,1270.78,34430.7,-3.68368e-07,1438.38,42977.7,-3.45379e-07,1628.07,53532.7,-3.25328e-09,1842.77,66504.6,2.6362e-07,2085.77,82350.2,2.53445e-07,2360.79,101560,-2.47407e-08,2672.05,124632,-3.80602e-07,3024.31,152018,-4.79005e-07,3422.98,184060,-1.14379e-07,3874.15,220884,2.64297e-07,4384.72,262283,3.44131e-07,4962.49,307576,7.5349e-08,5616.29,355497,-3.63097e-07,6356.1,404126,-6.05442e-07,7193.18,450932,-2.72333e-07,8140.28,492963,2.29675e-07,9211.79,527178,4.3387e-07,10424,550893,-1.0711e-07,10.102,8.06553,2.81012,10.6436,8.57909,0.869423,11.5336,10.2515,0.270869,12.7211,12.7138,0.0844293,14.1823,15.9373,0.0263173,15.9122,20.0383,0.0082035,17.9198,25.2154,0.00255722,20.2244,31.7373,0.000797017,22.8539,39.9486,0.000248622,25.8438,50.2851,7.75492e-05,29.237,63.2963,2.42508e-05,33.0837,79.6738,7.67162e-06,37.4415,100.288,2.32837e-06,42.3767,126.236,7.33e-07,47.9646,158.896,2.79256e-07,54.2906,200.003,9.87351e-09,61.452,251.741,1.61085e-07,69.5585,316.859,-2.47141e-07,78.7347,398.812,8.93552e-08,89.1218,501.948,-2.53231e-07,100.879,631.736,-1.25047e-07,114.188,795.049,-1.78808e-07,129.252,1000.53,2.6733e-07,146.304,1259.03,4.50292e-07,165.605,1584.19,6.76904e-07,187.452,1993.12,-1.23808e-07,212.181,2507.27,-4.89068e-07,240.173,3153.54,-5.40284e-07,271.856,3965.56,1.86061e-07,307.719,4985.38,4.37004e-07,348.313,6265.4,3.59828e-07,394.26,7870.83,3.98192e-07,446.268,9882.51,-1.92908e-07,505.135,12400.3,-2.20392e-07,571.766,15546.9,1.51705e-07,647.184,19472.2,5.74996e-07,732.547,24357.4,5.39112e-07,829.167,30420,5.07815e-09,938.526,37916.3,-4.11492e-07,1062.3,47143.9,-3.9561e-07,1202.4,58439.2,3.86185e-08,1360.96,72169.3,5.94093e-07,1540.42,88715.8,7.47693e-07,1743.53,108445,1.78537e-07,1973.41,131665,-4.12549e-07,2233.57,158557,-5.37164e-07,2528,189103,-1.17615e-07,2861.2,222986,5.66769e-07,3238.27,259510,9.45053e-07,3664.97,297540,4.25093e-07,4147.81,335497,-3.58506e-07,4694.17,371444,-6.7724e-07,5312.37,403256,1.67192e-07,1.61744,3.89446,9.84394,3.28846,7.5504,12.774,5.07607,11.7187,13.6844,7.03202,16.8147,13.9681,9.20215,23.1769,14.0566,11.6301,31.1672,14.0841,14.3598,41.2186,14.0927,17.4376,53.8688,14.0954,20.9137,69.7915,14.0962,24.8432,89.8341,14.0965,29.2879,115.063,14.0966,34.3168,146.819,14.0966,40.0078,186.792,14.0966,46.4487,237.107,14.0966,53.7388,300.44,14.0966,61.9903,380.158,14.0966,71.3301,480.499,14.0966,81.902,606.796,14.0966,93.8685,765.761,14.0966,107.414,965.837,14.0966,122.746,1217.65,14.0966,140.101,1534.57,14.0966,159.745,1933.41,14.0966,181.981,2435.3,14.0966,207.15,3066.85,14.0966,235.64,3861.46,14.0966,267.889,4861.11,14.0966,304.391,6118.54,14.0966,345.709,7699.91,14.0966,392.478,9688.22,14.0966,445.417,12187.5,14.0966,505.339,15327.7,14.0966,573.165,19271.6,14.0966,649.938,24222,14.0966,736.839,30430.9,14.0966,835.202,38211.5,14.0966,946.539,47950.3,14.0966,1072.56,60122.8,14.0966,1215.21,75309.9,14.0966,1376.66,94216.2,14.0966,1559.41,117688,14.0966,1766.26,146729,14.0966,2000.39,182510,14.0966,2265.39,226372,14.0966,2565.33,279806,14.0966,2904.81,344416,14.0966,3289.05,421845,14.0966,3723.93,513667,14.0966,4216.13,621231,14.0966,4773.18,745478,14.0966,5403.64,886744,14.0966,6117.15,1.04457e+06,14.0966,6924.63,1.2176e+06,14.0966,11.7194,11.96,12.6541,13.9321,16.1295,13.6434,16.6097,21.9702,13.9553,19.7532,29.5285,14.0526,23.3844,39.1143,14.0829,27.5423,51.2054,14.0923,32.2796,66.434,14.0953,37.662,85.6061,14.0962,43.7675,109.74,14.0965,50.687,140.119,14.0966,58.5249,178.359,14.0966,67.4005,226.493,14.0966,77.4493,287.08,14.0966,88.8254,363.343,14.0966,101.703,459.336,14.0966,116.281,580.161,14.0966,132.782,732.241,14.0966,151.46,923.655,14.0966,172.603,1164.57,14.0966,196.535,1467.79,14.0966,223.625,1849.39,14.0966,254.288,2329.62,14.0966,288.997,2933.93,14.0966,328.285,3694.33,14.0966,372.755,4651.04,14.0966,423.092,5854.57,14.0966,480.07,7368.38,14.0966,544.564,9272.08,14.0966,617.566,11665.5,14.0966,700.197,14673.6,14.0966,793.729,18452.9,14.0966,899.599,23198.6,14.0966,1019.43,29154.1,14.0966,1155.07,36622.3,14.0966,1308.6,45977.9,14.0966,1482.39,57683.7,14.0966,1679.09,72307.8,14.0966,1901.73,90542.8,14.0966,2153.73,113226,14.0966,2438.97,141360,14.0966,2761.81,176127,14.0966,3127.22,218898,14.0966,3540.81,271226,14.0966,4008.92,334817,14.0966,4538.74,411470,14.0966,5138.38,502973,14.0966,5817.04,610948,14.0966,6585.12,736653,14.0966,7454.39,880741,14.0966,8438.15,1.04302e+06,14.0966,9551.45,1.22224e+06,14.0966,10811.3,1.41602e+06,14.0966,12237,1.62086e+06,14.0966,11.7194,11.96,12.6541,2.21263,4.16949,0.989383,2.67766,5.84076,0.311842,3.14343,7.55825,0.0972771,3.63127,9.58578,0.0303237,4.15787,12.0912,0.00945211,4.73731,15.2286,0.00294633,5.38238,19.1721,0.000918508,6.10553,24.134,0.000286163,6.91951,30.3791,8.92692e-05,7.83792,38.2397,2.78121e-05,8.87555,48.1338,8.65134e-06,10.0489,60.5876,2.7882e-06,11.3761,76.2629,8.29036e-07,12.8779,95.9927,2.4373e-07,14.5775,120.825,4.33068e-09,16.5012,152.08,1.75749e-07,18.6784,191.415,-1.86328e-07,21.1428,240.917,1.91829e-07,23.9322,303.213,-1.81475e-07,27.0895,381.602,7.0186e-08,30.6634,480.231,-2.86769e-08,34.7087,604.316,2.40784e-07,39.2876,760.401,9.87368e-08,44.4705,956.705,1.22263e-07,50.3371,1203.54,-4.31966e-07,56.9776,1513.81,-1.9705e-07,64.494,1903.69,-2.763e-08,73.0018,2393.4,3.9185e-07,82.6317,3008.13,1.35379e-07,93.5318,3779.25,-4.16351e-08,105.869,4745.7,2.06965e-08,119.834,5955.6,-3.18887e-07,135.641,7468.12,-1.48271e-08,153.531,9355.62,2.00739e-07,173.781,11705.8,2.28358e-07,196.701,14624.1,-1.93587e-08,222.642,18235,-2.88101e-07,252.003,22683.4,-2.24732e-07,285.234,28134,8.56806e-09,322.845,34767,2.34258e-07,365.413,42770.9,2.99668e-07,413.588,52327.9,8.28644e-08,468.111,63591.2,-3.07049e-07,529.814,76653.2,-3.1888e-07,599.642,91502.5,-6.72276e-08,678.662,107975,2.26339e-07,768.083,125705,3.69212e-07,869.267,144088,2.04077e-07,983.76,162277,-2.80509e-07,1113.3,179223,-4.22737e-07,1259.87,193777,-1.71951e-07,1425.68,204839,4.55555e-07,11.7194,11.96,12.6541,2.21263,4.16949,0.989383,2.67766,5.84076,0.311842,3.14343,7.55825,0.0972771,3.63127,9.58578,0.0303237,4.15787,12.0912,0.00945211,4.73731,15.2286,0.00294633,5.38238,19.1721,0.000918508,6.10553,24.134,0.000286163,6.91951,30.3791,8.92692e-05,7.83792,38.2397,2.78121e-05,8.87555,48.1338,8.65134e-06,10.0489,60.5876,2.7882e-06,11.3761,76.2629,8.29036e-07,12.8779,95.9927,2.4373e-07,14.5775,120.825,1e-08,16.5012,152.08,1.75749e-07,18.6784,191.415,1e-08,21.1428,240.917,1.91829e-07,23.9322,303.213,1e-08,27.0895,381.602,7.0186e-08,30.6634,480.231,1e-08,34.7087,604.316,2.40784e-07,39.2876,760.401,9.87368e-08,44.4705,956.705,1.22263e-07,50.3371,1203.54,1e-08,56.9776,1513.81,1e-08,64.494,1903.69,1e-08,73.0018,2393.4,3.9185e-07,82.6317,3008.13,1.35379e-07,93.5318,3779.25,1e-08,105.869,4745.7,2.06965e-08,119.834,5955.6,1e-08,135.641,7468.12,1e-08,153.531,9355.62,2.00739e-07,173.781,11705.8,2.28358e-07,196.701,14624.1,1e-08,222.642,18235,1e-08,252.003,22683.4,1e-08,285.234,28134,1e-08,322.845,34767,2.34258e-07,365.413,42770.9,2.99668e-07,413.588,52327.9,8.28644e-08,468.111,63591.2,1e-08,529.814,76653.2,1e-08,599.642,91502.5,1e-08,678.662,107975,2.26339e-07,768.083,125705,3.69212e-07,869.267,144088,2.04077e-07,983.76,162277,1e-08,1113.3,179223,1e-08,1259.87,193777,1e-08,1425.68,204839,4.55555e-07,6.2823,3.27286,2.43537,0.219672,6.18826,2.24117,0.56371,6.87772,2.63624,0.308279,25,19,7,2,3,2,2,7,0,2,4,0,4,16,0,2,7,0,9,6,0,5,10,0,5,18,0,1,35,0,7,46,0,14,33,0,14,72,0,8,51,0,9,56,0,17,111,0,23,119,0,13,264,0,44,413,0,29,269,0,24,350,0,17,393,0,42,787,0,60,803,0,36,1034,0,57,898,0,71,762,0,100,1207,0,39,1003,0,112,2180,0,71,2275,0,69,4053,0,119,6081,0,77,8828,0,112,10279,0,224,12613,0,126,21706,0,284,9921,0,187,10151,0,371,10015,0,307,14386,0,288,30174,0,470,61773,0,920,54456,0,864,64559,0,161,61429,0,620,151691,0,1082,65971,0,210,150572,0,1348,207809,0,2432,127660,0,1727,124380,0,301,177197,0
-1.05176e+08,1,8.88811e-15,10,1023,0,1.05176e+08,0.528882,1.08665,0.389689,0.145397,0.379329,3.24381,0.161596,0.446195,1.77396,0.159177,1.15e+07,4.49998e+06,6.79999e+06,1.15e+07,4.49997e+06,6.79999e+06,1.15e+07,4.49996e+06,6.79999e+06,1.15e+07,4.49995e+06,6.79999e+06,1.14999e+07,4.49993e+06,6.79999e+06,1.14999e+07,4.49991e+06,6.79999e+06,1.14999e+07,4.49989e+06,6.79999e+06,1.14999e+07,4.49986e+06,6.79999e+06,1.14999e+07,4.49982e+06,6.79999e+06,1.14999e+07,4.49977e+06,6.79999e+06,1.14999e+07,4.49971e+06,6.79999e+06,1.14999e+07,4.49963e+06,6.79999e+06,1.14998e+07,4.49953e+06,6.79999e+06,1.14998e+07,4.49941e+06,6.79999e+06,1.14998e+07,4.49926e+06,6.79999e+06,1.14998e+07,4.49906e+06,6.79999e+06,1.14997e+07,4.49882e+06,6.79999e+06,1.14997e+07,4.49851e+06,6.79999e+06,1.14997e+07,4.49812e+06,6.79999e+06,1.14996e+07,4.49764e+06,6.79999e+06,1.14996e+07,4.49702e+06,6.79999e+06,1.14995e+07,4.49625e+06,6.79999e+06,1.14995e+07,4.49528e+06,6.79999e+06,1.14994e+07,4.49406e+06,6.79999e+06,1.14993e+07,4.49253e+06,6.79999e+06,1.14992e+07,4.49059e+06,6.79999e+06,1.14991e+07,4.48817e+06,6.79999e+06,1.1499e+07,4.48511e+06,6.79999e+06,1.14988e+07,4.48128e+06,6.79999e+06,1.14987e+07,4.47646e+06,6.79999e+06,1.14985e+07,4.47041e+06,6.79999e+06,1.14983e+07,4.46281e+06,6.79999e+06,1.14981e+07,4.4533e+06,6.79999e+06,1.14979e+07,4.44138e+06,6.79999e+06,1.14976e+07,4.42649e+06,6.79999e+06,1.14972e+07,4.40789e+06,6.79999e+06,1.14969e+07,4.38471e+06,6.79999e+06,1.14965e+07,4.35592e+06,6.79999e+06,1.1496e+07,4.32027e+06,6.79999e+06,1.14955e+07,4.27629e+06,6.79999e+06,1.14949e+07,4.22231e+06,6.79999e+06,1.14942e+07,4.15647e+06,6.79999e+06,1.14934e+07,4.07676e+06,6.79999e+06,1.14926e+07,3.98112e+06,6.79999e+06,1.14916e+07,3.86765e+06,6.79999e+06,1.14905e+07,3.73474e+06,6.79999e+06,1.14892e+07,3.58148e+06,6.79999e+06,1.14878e+07,3.40785e+06,6.79999e+06,1.14862e+07,3.21513e+06,6.79999e+06,1.14844e+07,3.00605e+06,6.79999e+06,1.14823e+07,2.7848e+06,6.79999e+06,1.148e+07,2.5568e+06,6.79999e+06,1.14773e+07,2.32825e+06,6.79999e+06,13.5742,8.52444,0.508366,16.8306,13.2585,0.162638,20.0035,17.569,0.0507846,23.2616,22.4214,0.0158319,26.7328,28.3297,0.00493498,30.5212,35.6974,0.00153831,34.7178,44.9473,0.000479527,39.4086,56.5822,0.000149456,44.6796,71.2245,4.66214e-05,50.6209,89.6543,1.45419e-05,57.3297,112.852,4.54748e-06,64.9129,142.051,1.43857e-06,73.4897,178.803,4.36618e-07,83.1934,225.062,1.40153e-07,94.1745,283.286,4.96378e-08,106.602,356.568,1.05434e-07,120.669,448.799,-6.49244e-08,136.59,564.873,1.70148e-07,154.611,710.948,-5.34594e-08,175.008,894.767,1.63407e-07,198.097,1126.06,8.04804e-08,224.231,1417.07,1.14667e-07,253.813,1783.15,-1.71227e-07,287.297,2243.62,-2.88466e-07,325.198,2822.67,-4.33651e-07,368.098,3550.67,7.9318e-08,416.657,4465.65,3.13319e-07,471.621,5615.16,3.4613e-07,533.835,7058.61,-1.19199e-07,604.255,8870.02,-2.79964e-07,683.962,11141.4,-2.30521e-07,774.182,13986.7,-2.55099e-07,876.299,17546.4,1.23585e-07,991.883,21993.1,1.41192e-07,1122.71,27536.7,-9.71886e-08,1270.78,34430.7,-3.68368e-07,1438.38,42977.7,-3.45379e-07,1628.07,53532.7,-3.25328e-09,1842.77,66504.6,2.6362e-07,2085.77,82350.2,2.53445e-07,2360.79,101560,-2.47407e-08,2672.05,124632,-3.80602e-07,3024.31,152018,-4.79005e-07,3422.98,184060,-1.14379e-07,3874.15,220884,2.64297e-07,4384.72,262283,3.44131e-07,4962.49,307576,7.5349e-08,5616.29,355497,-3.63097e-07,6356.1,404126,-6.05442e-07,7193.18,450932,-2.72333e-07,8140.28,492963,2.29675e-07,9211.79,527178,4.3387e-07,10424,550893,-1.0711e-07,10.102,8.06553,2.81012,10.6436,8.57909,0.869423,11.5336,10.2515,0.270869,12.7211,12.7138,0.0844293,14.1823,15.9373,0.0263173,15.9122,20.0383,0.0082035,17.9198,25.2154,0.00255722,20.2244,31.7373,0.000797017,22.8539,39.9486,0.000248622,25.8438,50.2851,7.75492e-05,29.237,63.2963,2.42508e-05,33.0837,79.6738,7.67162e-06,37.4415,100.288,2.32837e-06,42.3767,126.236,7.33e-07,47.9646,158.896,2.79256e-07,54.2906,200.003,9.87351e-09,61.452,251.741,1.61085e-07,69.5585,316.859,-2.47141e-07,78.7347,398.812,8.93552e-08,89.1218,501.948,-2.53231e-07,100.879,631.736,-1.25047e-07,114.188,795.049,-1.78808e-07,129.252,1000.53,2.6733e-07,146.304,1259.03,4.50292e-07,165.605,1584.19,6.76904e-07,187.452,1993.12,-1.23808e-07,212.181,2507.27,-4.89068e-07,240.173,3153.54,-5.40284e-07,271.856,3965.56,1.86061e-07,307.719,4985.38,4.37004e-07,348.313,6265.4,3.59828e-07,394.26,7870.83,3.98192e-07,446.268,9882.51,-1.92908e-07,505.135,12400.3,-2.20392e-07,571.766,15546.9,1.51705e-07,647.184,19472.2,5.74996e-07,732.547,24357.4,5.39112e-07,829.167,30420,5.07815e-09,938.526,37916.3,-4.11492e-07,1062.3,47143.9,-3.9561e-07,1202.4,58439.2,3.86185e-08,1360.96,72169.3,5.94093e-07,1540.42,88715.8,7.47693e-07,1743.53,108445,1.78537e-07,1973.41,131665,-4.12549e-07,2233.57,158557,-5.37164e-07,2528,189103,-1.17615e-07,2861.2,222986,5.66769e-07,3238.27,259510,9.45053e-07,3664.97,297540,4.25093e-07,4147.81,335497,-3.58506e-07,4694.17,371444,-6.7724e-07,5312.37,403256,1.67192e-07,1.61744,3.89446,9.84394,3.28846,7.5504,12.774,5.07607,11.7187,13.6844,7.03202,16.8147,13.9681,9.20215,23.1769,14.0566,11.6301,31.1672,14.0841,14.3598,41.2186,14.0927,17.4376,53.8688,14.0954,20.9137,69.7915,14.0962,24.8432,89.8341,14.0965,29.2879,115.063,14.0966,34.3168,146.819,14.0966,40.0078,186.792,14.0966,46.4487,237.107,14.0966,53.7388,300.44,14.0966,61.9903,380.158,14.0966,71.3301,480.499,14.0966,81.902,606.796,14.0966,93.8685,765.761,14.0966,107.414,965.837,14.0966,122.746,1217.65,14.0966,140.101,1534.57,14.0966,159.745,1933.41,14.0966,181.981,2435.3,14.0966,207.15,3066.85,14.0966,235.64,3861.46,14.0966,267.889,4861.11,14.0966,304.391,6118.54,14.0966,345.709,7699.91,14.0966,392.478,9688.22,14.0966,445.417,12187.5,14.0966,505.339,15327.7,14.0966,573.165,19271.6,14.0966,649.938,24222,14.0966,736.839,30430.9,14.0966,835.202,38211.5,14.0966,946.539,47950.3,14.0966,1072.56,60122.8,14.0966,1215.21,75309.9,14.0966,1376.66,94216.2,14.0966,1559.41,117688,14.0966,1766.26,146729,14.0966,2000.39,182510,14.0966,2265.39,226372,14.0966,2565.33,279806,14.0966,2904.81,344416,14.0966,3289.05,421845,14.0966,3723.93,513667,14.0966,4216.13,621231,14.0966,4773.18,745478,14.0966,5403.64,886744,14.0966,6117.15,1.04457e+06,14.0966,6924.63,1.2176e+06,14.0966,11.7194,11.96,12.6541,13.9321,16.1295,13.6434,16.6097,21.9702,13.9553,19.7532,29.5285,14.0526,23.3844,39.1143,14.0829,27.5423,51.2054,14.0923,32.2796,66.434,14.0953,37.662,85.6061,14.0962,43.7675,109.74,14.0965,50.687,140.119,14.0966,58.5249,178.359,14.0966,67.4005,226.493,14.0966,77.4493,287.08,14.0966,88.8254,363.343,14.0966,101.703,459.336,14.0966,116.281,580.161,14.0966,132.782,732.241,14.0966,151.46,923.655,14.0966,172.603,1164.57,14.0966,196.535,1467.79,14.0966,223.625,1849.39,14.0966,254.288,2329.62,14.0966,288.997,2933.93,14.0966,328.285,3694.33,14.0966,372.755,4651.04,14.0966,423.092,5854.57,14.0966,480.07,7368.38,14.0966,544.564,9272.08,14.0966,617.566,11665.5,14.0966,700.197,14673.6,14.0966,793.729,18452.9,14.0966,899.599,23198.6,14.0966,1019.43,29154.1,14.0966,1155.07,36622.3,14.0966,1308.6,45977.9,14.0966,1482.39,57683.7,14.0966,1679.09,72307.8,14.0966,1901.73,90542.8,14.0966,2153.73,113226,14.0966,2438.97,141360,14.0966,2761.81,176127,14.0966,3127.22,218898,14.0966,3540.81,271226,14.0966,4008.92,334817,14.0966,4538.74,411470,14.0966,5138.38,502973,14.0966,5817.04,610948,14.0966,6585.12,736653,14.0966,7454.39,880741,14.0966,8438.15,1.04302e+06,14.0966,9551.45,1.22224e+06,14.0966,10811.3,1.41602e+06,14.0966,12237,1.62086e+06,14.0966,11.7194,11.96,12.6541,2.21263,4.16949,0.989383,2.67766,5.84076,0.311842,3.14343,7.55825,0.0972771,3.63127,9.58578,0.0303237,4.15787,12.0912,0.00945211,4.73731,15.2286,0.00294633,5.38238,19.1721,0.000918508,6.10553,24.134,0.000286163,6.91951,30.3791,8.92692e-05,7.83792,38.2397,2.78121e-05,8.87555,48.1338,8.65134e-06,10.0489,60.5876,2.7882e-06,11.3761,76.2629,8.29036e-07,12.8779,95.9927,2.4373e-07,14.5775,120.825,4.33068e-09,16.5012,152.08,1.75749e-07,18.6784,191.415,-1.86328e-07,21.1428,240.917,1.91829e-07,23.9322,303.213,-1.81475e-07,27.0895,381.602,7.0186e-08,30.6634,480.231,-2.86769e-08,34.7087,604.316,2.40784e-07,39.2876,760.401,9.87368e-08,44.4705,956.705,1.22263e-07,50.3371,1203.54,-4.31966e-07,56.9776,1513.81,-1.9705e-07,64.494,1903.69,-2.763e-08,73.0018,2393.4,3.9185e-07,82.6317,3008.13,1.35379e-07,93.5318,3779.25,-4.16351e-08,105.869,4745.7,2.06965e-08,119.834,5955.6,-3.18887e-07,135.641,7468.12,-1.48271e-08,153.531,9355.62,2.00739e-07,173.781,11705.8,2.28358e-07,196.701,14624.1,-1.93587e-08,222.642,18235,-2.88101e-07,252.003,22683.4,-2.24732e-07,285.234,28134,8.56806e-09,322.845,34767,2.34258e-07,365.413,42770.9,2.99668e-07,413.588,52327.9,8.28644e-08,468.111,63591.2,-3.07049e-07,529.814,76653.2,-3.1888e-07,599.642,91502.5,-6.72276e-08,678.662,107975,2.26339e-07,768.083,125705,3.69212e-07,869.267,144088,2.04077e-07,983.76,162277,-2.80509e-07,1113.3,179223,-4.22737e-07,1259.87,193777,-1.71951e-07,1425.68,204839,4.55555e-07,11.7194,11.96,12.6541,2.21263,4.16949,0.989383,2.67766,5.84076,0.311842,3.14343,7.55825,0.0972771,3.63127,9.58578,0.0303237,4.15787,12.0912,0.00945211,4.73731,15.2286,0.00294633,5.38238,19.1721,0.000918508,6.10553,24.134,0.000286163,6.91951,30.3791,8.92692e-05,7.83792,38.2397,2.78121e-05,8.87555,48.1338,8.65134e-06,10.0489,60.5876,2.7882e-06,11.3761,76.2629,8.29036e-07,12.8779,95.9927,2.4373e-07,14.5775,120.825,1e-08,16.5012,152.08,1.75749e-07,18.6784,191.415,1e-08,21.1428,240.917,1.91829e-07,23.9322,303.213,1e-08,27.0895,381.602,7.0186e-08,30.6634,480.231,1e-08,34.7087,604.316,2.40784e-07,39.2876,760.401,9.87368e-08,44.4705,956.705,1.22263e-07,50.3371,1203.54,1e-08,56.9776,1513.81,1e-08,64.494,1903.69,1e-08,73.0018,2393.4,3.9185e-07,82.6317,3008.13,1.35379e-07,93.5318,3779.25,1e-08,105.869,4745.7,2.06965e-08,119.834,5955.6,1e-08,135.641,7468.12,1e-08,153.531,9355.62,2.00739e-07,173.781,11705.8,2.28358e-07,196.701,14624.1,1e-08,222.642,18235,1e-08,252.003,22683.4,1e-08,285.234,28134,1e-08,322.845,34767,2.34258e-07,365.413,42770.9,2.99668e-07,413.588,52327.9,8.28644e-08,468.111,63591.2,1e-08,529.814,76653.2,1e-08,599.642,91502.5,1e-08,678.662,107975,2.26339e-07,768.083,125705,3.69212e-07,869.267,144088,2.04077e-07,983.76,162277,1e-08,1113.3,179223,1e-08,1259.87,193777,1e-08,1425.68,204839,4.55555e-07,6.2823,3.27286,2.43537,0.219672,6.18826,2.24117,0.56371,6.87772,2.63624,0.308279,2,13,12,0,6,1,1,4,1,1,5,0,7,5,0,3,5,0,4,7,0,0,23,0,3,29,0,2,34,0,3,42,0,9,22,0,5,83,0,6,141,0,13,37,0,26,202,0,12,116,0,12,182,0,28,230,0,27,228,0,26,243,0,43,539,0,10,596,0,53,1050,0,16,1067,0,20,866,0,60,1642,0,73,1082,0,43,2769,0,92,2523,0,58,2597,0,69,5936,0,190,4666,0,148,9644,0,222,9266,0,231,9903,0,221,25176,0,320,37942,0,155,32335,0,333,38790,0,286,19115,0,366,58945,0,611,23267,0,667,38159,0,954,127038,0,651,133686,0,845,82204,0,245,59091,0,1361,230085,0,458,54815,0,1164,187303,0,2023,307327,0,1494,189653,0
-1.05176e+08,1,8.88811e-15,10,1023,0,1.05176e+08,0.528882,1.08665,0.389689,0.145397,0.379329,3.24381,0.161596,0.446195,1.77396,0.159177,1.15e+07,4.49998e+06,6.79999e+06,1.15e+07,4.49997e+06,6.79999e+06,1.15e+07,4.49996e+06,6.79999e+06,1.15e+07,4.49995e+06,6.79999e+06,1.14999e+07,4.49993e+06,6.79999e+06,1.14999e+07,4.49991e+06,6.79999e+06,1.14999e+07,4.49989e+06,6.79999e+06,1.14999e+07,4.49986e+06,6.79999e+06,1.14999e+07,4.49982e+06,6.79999e+06,1.14999e+07,4.49977e+06,6.79999e+06,1.14999e+07,4.49971e+06,6.79999e+06,1.14999e+07,4.49963e+06,6.79999e+06,1.14998e+07,4.49953e+06,6.79999e+06,1.14998e+07,4.49941e+06,6.79999e+06,1.14998e+07,4.49926e+06,6.79999e+06,1.14998e+07,4.49906e+06,6.79999e+06,1.14997e+07,4.49882e+06,6.79999e+06,1.14997e+07,4.49851e+06,6.79999e+06,1.14997e+07,4.49812e+06,6.79999e+06,1.14996e+07,4.49764e+06,6.79999e+06,1.14996e+07,4.49702e+06,6.79999e+06,1.14995e+07,4.49625e+06,6.79999e+06,1.14995e+07,4.49528e+06,6.79999e+06,1.14994e+07,4.49406e+06,6.79999e+06,1.14993e+07,4.49253e+06,6.79999e+06,1.14992e+07,4.49059e+06,6.79999e+06,1.14991e+07,4.48817e+06,6.79999e+06,1.1499e+07,4.48511e+06,6.79999e+06,1.14988e+07,4.48128e+06,6.79999e+06,1.14987e+07,4.47646e+06,6.79999e+06,1.14985e+07,4.47041e+06,6.79999e+06,1.14983e+07,4.46281e+06,6.79999e+06,1.14981e+07,4.4533e+06,6.79999e+06,1.14979e+07,4.44138e+06,6.79999e+06,1.14976e+07,4.42649e+06,6.79999e+06,1.14972e+07,4.40789e+06,6.79999e+06,1.14969e+07,4.38471e+06,6.79999e+06,1.14965e+07,4.35592e+06,6.79999e+06,1.1496e+07,4.32027e+06,6.79999e+06,1.14955e+07,4.27629e+06,6.79999e+06,1.14949e+07,4.22231e+06,6.79999e+06,1.14942e+07,4.15647e+06,6.79999e+06,1.14934e+07,4.07676e+06,6.79999e+06,1.14926e+07,3.98112e+06,6.79999e+06,1.14916e+07,3.86765e+06,6.79999e+06,1.14905e+07,3.73474e+06,6.79999e+06,1.14892e+07,3.58148e+06,6.79999e+06,1.14878e+07,3.40785e+06,6.79999e+06,1.14862e+07,3.21513e+06,6.79999e+06,1.14844e+07,3.00605e+06,6.79999e+06,1.14823e+07,2.7848e+06,6.79999e+06,1.148e+07,2.5568e+06,6.79999e+06,1.14773e+07,2.32825e+06,6.79999e+06,13.5742,8.52444,0.508366,16.8306,13.2585,0.162638,20.0035,17.569,0.0507846,23.2616,22.4214,0.0158319,26.7328,28.3297,0.00493498,30.5212,35.6974,0.00153831,34.7178,44.9473,0.000479527,39.4086,56.5822,0.000149456,44.6796,71.2245,4.66214e-05,50.6209,89.6543,1.45419e-05,57.3297,112.852,4.54748e-06,64.9129,142.051,1.43857e-06,73.4897,178.803,4.36618e-07,83.1934,225.062,1.40153e-07,94.1745,283.286,4.96378e-08,106.602,356.568,1.05434e-07,120.669,448.799,-6.49244e-08,136.59,564.873,1.70148e-07,154.611,710.948,-5.34594e-08,175.008,894.767,1.63407e-07,198.097,1126.06,8.04804e-08,224.231,1417.07,1.14667e-07,253.813,1783.15,-1.71227e-07,287.297,2243.62,-2.88466e-07,325.198,2822.67,-4.33651e-07,368.098,3550.67,7.9318e-08,416.657,4465.65,3.13319e-07,471.621,5615.16,3.4613e-07,533.835,7058.61,-1.19199e-07,604.255,8870.02,-2.79964e-07,683.962,11141.4,-2.30521e-07,774.182,13986.7,-2.55099e-07,876.299,17546.4,1.23585e-07,991.883,21993.1,1.41192e-07,1122.71,27536.7,-9.71886e-08,1270.78,34430.7,-3.68368e-07,1438.38,42977.7,-3.45379e-07,1628.07,53532.7,-3.25328e-09,1842.77,66504.6,2.6362e-07,2085.77,82350.2,2.53445e-07,2360.79,101560,-2.47407e-08,2672.05,124632,-3.80602e-07,3024.31,152018,-4.79005e-07,3422.98,184060,-1.14379e-07,3874.15,220884,2.64297e-07,4384.72,262283,3.44131e-07,4962.49,307576,7.5349e-08,5616.29,355497,-3.63097e-07,6356.1,404126,-6.05442e-07,7193.18,450932,-2.72333e-07,8140.28,492963,2.29675e-07,9211.79,527178,4.3387e-07,10424,550893,-1.0711e-07,10.102,8.06553,2.81012,10.6436,8.57909,0.869423,11.5336,10.2515,0.270869,12.7211,12.7138,0.0844293,14.1823,15.9373,0.0263173,15.9122,20.0383,0.0082035,17.9198,25.2154,0.00255722,20.2244,31.7373,0.000797017,22.8539,39.9486,0.000248622,25.8438,50.2851,7.75492e-05,29.237,63.2963,2.42508e-05,33.0837,79.6738,7.67162e-06,37.4415,100.288,2.32837e-06,42.3767,126.236,7.33e-07,47.9646,158.896,2.79256e-07,54.2906,200.003,9.87351e-09,61.452,251.741,1.61085e-07,69.5585,316.859,-2.47141e-07,78.7347,398.812,8.93552e-08,89.1218,501.948,-2.53231e-07,100.879,631.736,-1.25047e-07,114.188,795.049,-1.78808e-07,129.252,1000.53,2.6733e-07,146.304,1259.03,4.50292e-07,165.605,1584.19,6.76904e-07,187.452,1993.12,-1.23808e-07,212.181,2507.27,-4.89068e-07,240.173,3153.54,-5.40284e-07,271.856,3965.56,1.86061e-07,307.719,4985.38,4.37004e-07,348.313,6265.4,3.59828e-07,394.26,7870.83,3.98192e-07,446.268,9882.51,-1.92908e-07,505.135,12400.3,-2.20392e-07,571.766,15546.9,1.51705e-07,647.184,19472.2,5.74996e-07,732.547,24357.4,5.39112e-07,829.167,30420,5.07815e-09,938.526,37916.3,-4.11492e-07,1062.3,47143.9,-3.9561e-07,1202.4,58439.2,3.86185e-08,1360.96,72169.3,5.94093e-07,1540.42,88715.8,7.47693e-07,1743.53,108445,1.78537e-07,1973.41,131665,-4.12549e-07,2233.57,158557,-5.37164e-07,2528,189103,-1.17615e-07,2861.2,222986,5.66769e-07,3238.27,259510,9.45053e-07,3664.97,297540,4.25093e-07,4147.81,335497,-3.58506e-07,4694.17,371444,-6.7724e-07,5312.37,403256,1.67192e-07,1.61744,3.89446,9.84394,3.28846,7.5504,12.774,5.07607,11.7187,13.6844,7.03202,16.8147,13.9681,9.20215,23.1769,14.0566,11.6301,31.1672,14.0841,14.3598,41.2186,14.0927,17.4376,53.8688,14.0954,20.9137,69.7915,14.0962,24.8432,89.8341,14.0965,29.2879,115.063,14.0966,34.3168,146.819,14.0966,40.0078,186.792,14.0966,46.4487,237.107,14.0966,53.7388,300.44,14.0966,61.9903,380.158,14.0966,71.3301,480.499,14.0966,81.902,606.796,14.0966,93.8685,765.761,14.0966,107.414,965.837,14.0966,122.746,1217.65,14.0966,140.101,1534.57,14.0966,159.745,1933.41,14.0966,181.981,2435.3,14.0966,207.15,3066.85,14.0966,235.64,3861.46,14.0966,267.889,4861.11,14.0966,304.391,6118.54,14.0966,345.709,7699.91,14.0966,392.478,9688.22,14.0966,445.417,12187.5,14.0966,505.339,15327.7,14.0966,573.165,19271.6,14.0966,649.938,24222,14.0966,736.839,30430.9,14.0966,835.202,38211.5,14.0966,946.539,47950.3,14.0966,1072.56,60122.8,14.0966,1215.21,75309.9,14.0966,1376.66,94216.2,14.0966,1559.41,117688,14.0966,1766.26,146729,14.0966,2000.39,182510,14.0966,2265.39,226372,14.0966,2565.33,279806,14.0966,2904.81,344416,14.0966,3289.05,421845,14.0966,3723.93,513667,14.0966,4216.13,621231,14.0966,4773.18,745478,14.0966,5403.64,886744,14.0966,6117.15,1.04457e+06,14.0966,6924.63,1.2176e+06,14.0966,11.7194,11.96,12.6541,13.9321,16.1295,13.6434,16.6097,21.9702,13.9553,19.7532,29.5285,14.0526,23.3844,39.1143,14.0829,27.5423,51.2054,14.0923,32.2796,66.434,14.0953,37.662,85.6061,14.0962,43.7675,109.74,14.0965,50.687,140.119,14.0966,58.5249,178.359,14.0966,67.4005,226.493,14.0966,77.4493,287.08,14.0966,88.8254,363.343,14.0966,101.703,459.336,14.0966,116.281,580.161,14.0966,132.782,732.241,14.0966,151.46,923.655,14.0966,172.603,1164.57,14.0966,196.535,1467.79,14.0966,223.625,1849.39,14.0966,254.288,2329.62,14.0966,288.997,2933.93,14.0966,328.285,3694.33,14.0966,372.755,4651.04,14.0966,423.092,5854.57,14.0966,480.07,7368.38,14.0966,544.564,9272.08,14.0966,617.566,11665.5,14.0966,700.197,14673.6,14.0966,793.729,18452.9,14.0966,899.599,23198.6,14.0966,1019.43,29154.1,14.0966,1155.07,36622.3,14.0966,1308.6,45977.9,14.0966,1482.39,57683.7,14.0966,1679.09,72307.8,14.0966,1901.73,90542.8,14.0966,2153.73,113226,14.0966,2438.97,141360,14.0966,2761.81,176127,14.0966,3127.22,218898,14.0966,3540.81,271226,14.0966,4008.92,334817,14.0966,4538.74,411470,14.0966,5138.38,502973,14.0966,5817.04,610948,14.0966,6585.12,736653,14.0966,7454.39,880741,14.0966,8438.15,1.04302e+06,14.0966,9551.45,1.22224e+06,14.0966,10811.3,1.41602e+06,14.0966,12237,1.62086e+06,14.0966,11.7194,11.96,12.6541,2.21263,4.16949,0.989383,2.67766,5.84076,0.311842,3.14343,7.55825,0.0972771,3.63127,9.58578,0.0303237,4.15787,12.0912,0.00945211,4.73731,15.2286,0.00294633,5.38238,19.1721,0.000918508,6.10553,24.134,0.000286163,6.91951,30.3791,8.92692e-05,7.83792,38.2397,2.78121e-05,8.87555,48.1338,8.65134e-06,10.0489,60.5876,2.7882e-06,11.3761,76.2629,8.29036e-07,12.8779,95.9927,2.4373e-07,14.5775,120.825,4.33068e-09,16.5012,152.08,1.75749e-07,18.6784,191.415,-1.86328e-07,21.1428,240.917,1.91829e-07,23.9322,303.213,-1.81475e-07,27.0895,381.602,7.0186e-08,30.6634,480.231,-2.86769e-08,34.7087,604.316,2.40784e-07,39.2876,760.401,9.87368e-08,44.4705,956.705,1.22263e-07,50.3371,1203.54,-4.31966e-07,56.9776,1513.81,-1.9705e-07,64.494,1903.69,-2.763e-08,73.0018,2393.4,3.9185e-07,82.6317,3008.13,1.35379e-07,93.5318,3779.25,-4.16351e-08,105.869,4745.7,2.06965e-08,119.834,5955.6,-3.18887e-07,135.641,7468.12,-1.48271e-08,153.531,9355.62,2.00739e-07,173.781,11705.8,2.28358e-07,196.701,14624.1,-1.93587e-08,222.642,18235,-2.88101e-07,252.003,22683.4,-2.24732e-07,285.234,28134,8.56806e-09,322.845,34767,2.34258e-07,365.413,42770.9,2.99668e-07,413.588,52327.9,8.28644e-08,468.111,63591.2,-3.07049e-07,529.814,76653.2,-3.1888e-07,599.642,91502.5,-6.72276e-08,678.662,107975,2.26339e-07,768.083,125705,3.69212e-07,869.267,144088,2.04077e-07,983.76,162277,-2.80509e-07,1113.3,179223,-4.22737e-07,1259.87,193777,-1.71951e-07,1425.68,204839,4.55555e-07,11.7194,11.96,12.6541,2.21263,4.16949,0.989383,2.67766,5.84076,0.311842,3.14343,7.55825,0.0972771,3.63127,9.58578,0.0303237,4.15787,12.0912,0.00945211,4.73731,15.2286,0.00294633,5.38238,19.1721,0.000918508,6.10553,24.134,0.000286163,6.91951,30.3791,8.92692e-05,7.83792,38.2397,2.78121e-05,8.87555,48.1338,8.65134e-06,10.0489,60.5876,2.7882e-06,11.3761,76.2629,8.29036e-07,12.8779,95.9927,2.4373e-07,14.5775,120.825,1e-08,16.5012,152.08,1.75749e-07,18.6784,191.415,1e-08,21.1428,240.917,1.91829e-07,23.9322,303.213,1e-08,27.0895,381.602,7.0186e-08,30.6634,480.231,1e-08,34.7087,604.316,2.40784e-07,39.2876,760.401,9.87368e-08,44.4705,956.705,1.22263e-07,50.3371,1203.54,1e-08,56.9776,1513.81,1e-08,64.494,1903.69,1e-08,73.0018,2393.4,3.9185e-07,82.6317,3008.13,1.35379e-07,93.5318,3779.25,1e-08,105.869,4745.7,2.06965e-08,119.834,5955.6,1e-08,135.641,7468.12,1e-08,153.531,9355.62,2.00739e-07,173.781,11705.8,2.28358e-07,196.701,14624.1,1e-08,222.642,18235,1e-08,252.003,22683.4,1e-08,285.234,28134,1e-08,322.845,34767,2.34258e-07,365.413,42770.9,2.99668e-07,413.588,52327.9,8.28644e-08,468.111,63591.2,1e-08,529.814,76653.2,1e-08,599.642,91502.5,1e-08,678.662,107975,2.26339e-07,768.083,125705,3.69212e-07,869.267,144088,2.04077e-07,983.76,162277,1e-08,1113.3,179223,1e-08,1259.87,193777,1e-08,1425.68,204839,4.55555e-07,6.2823,3.27286,2.43537,0.219672,6.18826,2.24117,0.56371,6.87772,2.63624,0.308279,22,9,15,0,0,3,1,6,2,0,3,0,3,17,0,6,9,0,4,21,0,2,36,0,4,32,0,3,51,0,7,72,0,6,44,0,10,57,0,10,43,0,11,55,0,10,76,0,21,215,0,30,211,0,5,145,0,20,420,0,21,314,0,26,400,0,23,1227,0,48,1247,0,81,925,0,47,1125,0,70,1095,0,40,1128,0,72,2537,0,92,1804,0,45,3271,0,100,2868,0,246,7634,0,119,6725,0,220,11250,0,293,9601,0,159,21302,0,263,7501,0,94,29649,0,157,32445,0,235,31423,0,297,21981,0,474,49951,0,344,63293,0,150,93916,0,492,91242,0,345,66879,0,578,47035,0,993,99187,0,781,253762,0,1109,233684,0,1129,180392,0,462,209841,0
-1.05176e+08,1,8.88811e-15,10,1023,0,1.05176e+08,0.528882,1.08665,0.389689,0.145397,0.379329,3.24381,0.161596,0.446195,1.77396,0.159177,1.15e+07,4.49998e+06,6.79999e+06,1.15e+07,4.49997e+06,6.79999e+06,1.15e+07,4.49996e+06,6.79999e+06,1.15e+07,4.49995e+06,6.79999e+06,1.14999e+07,4.49993e+06,6.79999e+06,1.14999e+07,4.49991e+06,6.79999e+06,1.14999e+07,4.49989e+06,6.79999e+06,1.14999e+07,4.49986e+06,6.79999e+06,1.14999e+07,4.49982e+06,6.79999e+06,1.14999e+07,4.49977e+06,6.79999e+06,1.14999e+07,4.49971e+06,6.79999e+06,1.14999e+07,4.49963e+06,6.79999e+06,1.14998e+07,4.49953e+06,6.79999e+06,1.14998e+07,4.49941e+06,6.79999e+06,1.14998e+07,4.49926e+06,6.79999e+06,1.14998e+07,4.49906e+06,6.79999e+06,1.14997e+07,4.49882e+06,6.79999e+06,1.14997e+07,4.49851e+06,6.79999e+06,1.14997e+07,4.49812e+06,6.79999e+06,1.14996e+07,4.49764e+06,6.79999e+06,1.14996e+07,4.49702e+06,6.79999e+06,1.14995e+07,4.49625e+06,6.79999e+06,1.14995e+07,4.49528e+06,6.79999e+06,1.14994e+07,4.49406e+06,6.79999e+06,1.14993e+07,4.49253e+06,6.79999e+06,1.14992e+07,4.49059e+06,6.79999e+06,1.14991e+07,4.48817e+06,6.79999e+06,1.1499e+07,4.48511e+06,6.79999e+06,1.14988e+07,4.48128e+06,6.79999e+06,1.14987e+07,4.47646e+06,6.79999e+06,1.14985e+07,4.47041e+06,6.79999e+06,1.14983e+07,4.46281e+06,6.79999e+06,1.14981e+07,4.4533e+06,6.79999e+06,1.14979e+07,4.44138e+06,6.79999e+06,1.14976e+07,4.42649e+06,6.79999e+06,1.14972e+07,4.40789e+06,6.79999e+06,1.14969e+07,4.38471e+06,6.79999e+06,1.14965e+07,4.35592e+06,6.79999e+06,1.1496e+07,4.32027e+06,6.79999e+06,1.14955e+07,4.27629e+06,6.79999e+06,1.14949e+07,4.22231e+06,6.79999e+06,1.14942e+07,4.15647e+06,6.79999e+06,1.14934e+07,4.07676e+06,6.79999e+06,1.14926e+07,3.98112e+06,6.79999e+06,1.14916e+07,3.86765e+06,6.79999e+06,1.14905e+07,3.73474e+06,6.79999e+06,1.14892e+07,3.58148e+06,6.79999e+06,1.14878e+07,3.40785e+06,6.79999e+06,1.14862e+07,3.21513e+06,6.79999e+06,1.14844e+07,3.00605e+06,6.79999e+06,1.14823e+07,2.7848e+06,6.79999e+06,1.148e+07,2.5568e+06,6.79999e+06,1.14773e+07,2.32825e+06,6.79999e+06,13.5742,8.52444,0.508366,16.8306,13.2585,0.162638,20.0035,17.569,0.0507846,23.2616,22.4214,0.0158319,26.7328,28.3297,0.00493498,30.5212,35.6974,0.00153831,34.7178,44.9473,0.000479527,39.4086,56.5822,0.000149456,44.6796,71.2245,4.66214e-05,50.6209,89.6543,1.45419e-05,57.3297,112.852,4.54748e-06,64.9129,142.051,1.43857e-06,73.4897,178.803,4.36618e-07,83.1934,225.062,1.40153e-07,94.1745,283.286,4.96378e-08,106.602,356.568,1.05434e-07,120.669,448.799,-6.49244e-08,136.59,564.873,1.70148e-07,154.611,710.948,-5.34594e-08,175.008,894.767,1.63407e-07,198.097,1126.06,8.04804e-08,224.231,1417.07,1.14667e-07,253.813,1783.15,-1.71227e-07,287.297,2243.62,-2.88466e-07,325.198,2822.67,-4.33651e-07,368.098,3550.67,7.9318e-08,416.657,4465.65,3.13319e-07,471.621,5615.16,3.4613e-07,533.835,7058.61,-1.19199e-07,604.255,8870.02,-2.79964e-07,683.962,11141.4,-2.30521e-07,774.182,13986.7,-2.55099e-07,876.299,17546.4,1.23585e-07,991.883,21993.1,1.41192e-07,1122.71,27536.7,-9.71886e-08,1270.78,34430.7,-3.68368e-07,1438.38,42977.7,-3.45379e-07,1628.07,53532.7,-3.25328e-09,1842.77,66504.6,2.6362e-07,2085.77,82350.2,2.53445e-07,2360.79,101560,-2.47407e-08,2672.05,124632,-3.80602e-07,3024.31,152018,-4.79005e-07,3422.98,184060,-1.14379e-07,3874.15,220884,2.64297e-07,4384.72,262283,3.44131e-07,4962.49,307576,7.5349e-08,5616.29,355497,-3.63097e-07,6356.1,404126,-6.05442e-07,7193.18,450932,-2.72333e-07,8140.28,492963,2.29675e-07,9211.79,527178,4.3387e-07,10424,550893,-1.0711e-07,10.102,8.06553,2.81012,10.6436,8.57909,0.869423,11.5336,10.2515,0.270869,12.7211,12.7138,0.0844293,14.1823,15.9373,0.0263173,15.9122,20.0383,0.0082035,17.9198,25.2154,0.00255722,20.2244,31.7373,0.000797017,22.8539,39.9486,0.000248622,25.8438,50.2851,7.75492e-05,29.237,63.2963,2.42508e-05,33.0837,79.6738,7.67162e-06,37.4415,100.288,2.32837e-06,42.3767,126.236,7.33e-07,47.9646,158.896,2.79256e-07,54.2906,200.003,9.87351e-09,61.452,251.741,1.61085e-07,69.5585,316.859,-2.47141e-07,78.7347,398.812,8.93552e-08,89.1218,501.948,-2.53231e-07,100.879,631.736,-1.25047e-07,114.188,795.049,-1.78808e-07,129.252,1000.53,2.6733e-07,146.304,1259.03,4.50292e-07,165.605,1584.19,6.76904e-07,187.452,1993.12,-1.23808e-07,212.181,2507.27,-4.89068e-07,240.173,3153.54,-5.40284e-07,271.856,3965.56,1.86061e-07,307.719,4985.38,4.37004e-07,348.313,6265.4,3.59828e-07,394.26,7870.83,3.98192e-07,446.268,9882.51,-1.92908e-07,505.135,12400.3,-2.20392e-07,571.766,15546.9,1.51705e-07,647.184,19472.2,5.74996e-07,732.547,24357.4,5.39112e-07,829.167,30420,5.07815e-09,938.526,37916.3,-4.11492e-07,1062.3,47143.9,-3.9561e-07,1202.4,58439.2,3.86185e-08,1360.96,72169.3,5.94093e-07,1540.42,88715.8,7.47693e-07,1743.53,108445,1.78537e-07,1973.41,131665,-4.12549e-07,2233.57,158557,-5.37164e-07,2528,189103,-1.17615e-07,2861.2,222986,5.66769e-07,3238.27,259510,9.45053e-07,3664.97,297540,4.25093e-07,4147.81,335497,-3.58506e-07,4694.17,371444,-6.7724e-07,5312.37,403256,1.67192e-07,1.61744,3.89446,9.84394,3.28846,7.5504,12.774,5.07607,11.7187,13.6844,7.03202,16.8147,13.9681,9.20215,23.1769,14.0566,11.6301,31.1672,14.0841,14.3598,41.2186,14.0927,17.4376,53.8688,14.0954,20.9137,69.7915,14.0962,24.8432,89.8341,14.0965,29.2879,115.063,14.0966,34.3168,146.819,14.0966,40.0078,186.792,14.0966,46.4487,237.107,14.0966,53.7388,300.44,14.0966,61.9903,380.158,14.0966,71.3301,480.499,14.0966,81.902,606.796,14.0966,93.8685,765.761,14.0966,107.414,965.837,14.0966,122.746,1217.65,14.0966,140.101,1534.57,14.0966,159.745,1933.41,14.0966,181.981,2435.3,14.0966,207.15,3066.85,14.0966,235.64,3861.46,14.0966,267.889,4861.11,14.0966,304.391,6118.54,14.0966,345.709,7699.91,14.0966,392.478,9688.22,14.0966,445.417,12187.5,14.0966,505.339,15327.7,14.0966,573.165,19271.6,14.0966,649.938,24222,14.0966,736.839,30430.9,14.0966,835.202,38211.5,14.0966,946.539,47950.3,14.0966,1072.56,60122.8,14.0966,1215.21,75309.9,14.0966,1376.66,94216.2,14.0966,1559.41,117688,14.0966,1766.26,146729,14.0966,2000.39,182510,14.0966,2265.39,226372,14.0966,2565.33,279806,14.0966,2904.81,344416,14.0966,3289.05,421845,14.0966,3723.93,513667,14.0966,4216.13,621231,14.0966,4773.18,745478,14.0966,5403.64,886744,14.0966,6117.15,1.04457e+06,14.0966,6924.63,1.2176e+06,14.0966,11.7194,11.96,12.6541,13.9321,16.1295,13.6434,16.6097,21.9702,13.9553,19.7532,29.5285,14.0526,23.3844,39.1143,14.0829,27.5423,51.2054,14.0923,32.2796,66.434,14.0953,37.662,85.6061,14.0962,43.7675,109.74,14.0965,50.687,140.119,14.0966,58.5249,178.359,14.0966,67.4005,226.493,14.0966,77.4493,287.08,14.0966,88.8254,363.343,14.0966,101.703,459.336,14.0966,116.281,580.161,14.0966,132.782,732.241,14.0966,151.46,923.655,14.0966,172.603,1164.57,14.0966,196.535,1467.79,14.0966,223.625,1849.39,14.0966,254.288,2329.62,14.0966,288.997,2933.93,14.0966,328.285,3694.33,14.0966,372.755,4651.04,14.0966,423.092,5854.57,14.0966,480.07,7368.38,14.0966,544.564,9272.08,14.0966,617.566,11665.5,14.0966,700.197,14673.6,14.0966,793.729,18452.9,14.0966,899.599,23198.6,14.0966,1019.43,29154.1,14.0966,1155.07,36622.3,14.0966,1308.6,45977.9,14.0966,1482.39,57683.7,14.0966,1679.09,72307.8,14.0966,1901.73,90542.8,14.0966,2153.73,113226,14.0966,2438.97,141360,14.0966,2761.81,176127,14.0966,3127.22,218898,14.0966,3540.81,271226,14.0966,4008.92,334817,14.0966,4538.74,411470,14.0966,5138.38,502973,14.0966,5817.04,610948,14.0966,6585.12,736653,14.0966,7454.39,880741,14.0966,8438.15,1.04302e+06,14.0966,9551.45,1.22224e+06,14.0966,10811.3,1.41602e+06,14.0966,12237,1.62086e+06,14.0966,11.7194,11.96,12.6541,2.21263,4.16949,0.989383,2.67766,5.84076,0.311842,3.14343,7.55825,0.0972771,3.63127,9.58578,0.0303237,4.15787,12.0912,0.00945211,4.73731,15.2286,0.00294633,5.38238,19.1721,0.000918508,6.10553,24.134,0.000286163,6.91951,30.3791,8.92692e-05,7.83792,38.2397,2.78121e-05,8.87555,48.1338,8.65134e-06,10.0489,60.5876,2.7882e-06,11.3761,76.2629,8.29036e-07,12.8779,95.9927,2.4373e-07,14.5775,120.825,4.33068e-09,16.5012,152.08,1.75749e-07,18.6784,191.415,-1.86328e-07,21.1428,240.917,1.91829e-07,23.9322,303.213,-1.81475e-07,27.0895,381.602,7.0186e-08,30.6634,480.231,-2.86769e-08,34.7087,604.316,2.40784e-07,39.2876,760.401,9.87368e-08,44.4705,956.705,1.22263e-07,50.3371,1203.54,-4.31966e-07,56.9776,1513.81,-1.9705e-07,64.494,1903.69,-2.763e-08,73.0018,2393.4,3.9185e-07,82.6317,3008.13,1.35379e-07,93.5318,3779.25,-4.16351e-08,105.869,4745.7,2.06965e-08,119.834,5955.6,-3.18887e-07,135.641,7468.12,-1.48271e-08,153.531,9355.62,2.00739e-07,173.781,11705.8,2.28358e-07,196.701,14624.1,-1.93587e-08,222.642,18235,-2.88101e-07,252.003,22683.4,-2.24732e-07,285.234,28134,8.56806e-09,322.845,34767,2.34258e-07,365.413,42770.9,2.99668e-07,413.588,52327.9,8.28644e-08,468.111,63591.2,-3.07049e-07,529.814,76653.2,-3.1888e-07,599.642,91502.5,-6.72276e-08,678.662,107975,2.26339e-07,768.083,125705,3.69212e-07,869.267,144088,2.04077e-07,983.76,162277,-2.80509e-07,1113.3,179223,-4.22737e-07,1259.87,193777,-1.71951e-07,1425.68,204839,4.55555e-07,11.7194,11.96,12.6541,2.21263,4.16949,0.989383,2.67766,5.84076,0.311842,3.14343,7.55825,0.0972771,3.63127,9.58578,0.0303237,4.15787,12.0912,0.00945211,4.73731,15.2286,0.00294633,5.38238,19.1721,0.000918508,6.10553,24.134,0.000286163,6.91951,30.3791,8.92692e-05,7.83792,38.2397,2.78121e-05,8.87555,48.1338,8.65134e-06,10.0489,60.5876,2.7882e-06,11.3761,76.2629,8.29036e-07,12.8779,95.9927,2.4373e-07,14.5775,120.825,1e-08,16.5012,152.08,1.75749e-07,18.6784,191.415,1e-08,21.1428,240.917,1.91829e-07,23.9322,303.213,1e-08,27.0895,381.602,7.0186e-08,30.6634,480.231,1e-08,34.7087,604.316,2.40784e-07,39.2876,760.401,9.87368e-08,44.4705,956.705,1.22263e-07,50.3371,1203.54,1e-08,56.9776,1513.81,1e-08,64.494,1903.69,1e-08,73.0018,2393.4,3.9185e-07,82.6317,3008.13,1.35379e-07,93.5318,3779.25,1e-08,105.869,4745.7,2.06965e-08,119.834,5955.6,1e-08,135.641,7468.12,1e-08,153.531,9355.62,2.00739e-07,173.781,11705.8,2.28358e-07,196.701,14624.1,1e-08,222.642,18235,1e-08,252.003,22683.4,1e-08,285.234,28134,1e-08,322.845,34767,2.34258e-07,365.413,42770.9,2.99668e-07,413.588,52327.9,8.28644e-08,468.111,63591.2,1e-08,529.814,76653.2,1e-08,599.642,91502.5,1e-08,678.662,107975,2.26339e-07,768.083,125705,3.69212e-07,869.267,144088,2.04077e-07,983.76,162277,1e-08,1113.3,179223,1e-08,1259.87,193777,1e-08,1425.68,204839,4.55555e-07,6.2823,3.27286,2.43537,0.219672,6.18826,2.24117,0.56371,6.87772,2.63624,0.308279,12,3,4,3,1,2,10,6,0,2,8,0,5,5,0,3,9,0,7,16,0,1,16,0,4,17,0,3,22,0,12,34,0,20,38,0,8,56,0,8,39,0,21,168,0,16,103,0,17,181,0,17,119,0,21,155,0,14,646,0,20,943,0,51,721,0,41,561,0,23,364,0,59,729,0,33,716,0,35,1278,0,62,1944,0,40,3440,0,45,1681,0,100,3584,0,59,3501,0,152,3367,0,157,6063,0,294,17870,0,142,15266,0,110,13187,0,206,31327,0,182,12679,0,143,40570,0,331,57052,0,144,52277,0,126,53160,0,426,36050,0,488,67146,0,414,53745,0,430,50686,0,521,135640,0,786,200951,0,463,148551,0,1026,180815,0,1015,83352,0,1685,291130,0
-1.05176e+08,1,8.88811e-15,10,1023,0,1.05176e+08,0.528882,1.08665,0.389689,0.145397,0.379329,3.24381,0.161596,0.446195,1.77396,0.159177,1.15e+07,4.49998e+06,6.79999e+06,1.15e+07,4.49997e+06,6.79999e+06,1.15e+07,4.49996e+06,6.79999e+06,1.15e+07,4.49995e+06,6.79999e+06,1.14999e+07,4.49993e+06,6.79999e+06,1.14999e+07,4.49991e+06,6.79999e+06,1.14999e+07,4.49989e+06,6.79999e+06,1.14999e+07,4.49986e+06,6.79999e+06,1.14999e+07,4.49982e+06,6.79999e+06,1.14999e+07,4.49977e+06,6.79999e+06,1.14999e+07,4.49971e+06,6.79999e+06,1.14999e+07,4.49963e+06,6.79999e+06,1.14998e+07,4.49953e+06,6.79999e+06,1.14998e+07,4.49941e+06,6.79999e+06,1.14998e+07,4.49926e+06,6.79999e+06,1.14998e+07,4.49906e+06,6.79999e+06,1.14997e+07,4.49882e+06,6.79999e+06,1.14997e+07,4.49851e+06,6.79999e+06,1.14997e+07,4.49812e+06,6.79999e+06,1.14996e+07,4.49764e+06,6.79999e+06,1.14996e+07,4.49702e+06,6.79999e+06,1.14995e+07,4.49625e+06,6.79999e+06,1.14995e+07,4.49528e+06,6.79999e+06,1.14994e+07,4.49406e+06,6.79999e+06,1.14993e+07,4.49253e+06,6.79999e+06,1.14992e+07,4.49059e+06,6.79999e+06,1.14991e+07,4.48817e+06,6.79999e+06,1.1499e+07,4.48511e+06,6.79999e+06,1.14988e+07,4.48128e+06,6.79999e+06,1.14987e+07,4.47646e+06,6.79999e+06,1.14985e+07,4.47041e+06,6.79999e+06,1.14983e+07,4.46281e+06,6.79999e+06,1.14981e+07,4.4533e+06,6.79999e+06,1.14979e+07,4.44138e+06,6.79999e+06,1.14976e+07,4.42649e+06,6.79999e+06,1.14972e+07,4.40789e+06,6.79999e+06,1.14969e+07,4.38471e+06,6.79999e+06,1.14965e+07,4.35592e+06,6.79999e+06,1.1496e+07,4.32027e+06,6.79999e+06,1.14955e+07,4.27629e+06,6.79999e+06,1.14949e+07,4.22231e+06,6.79999e+06,1.14942e+07,4.15647e+06,6.79999e+06,1.14934e+07,4.07676e+06,6.79999e+06,1.14926e+07,3.98112e+06,6.79999e+06,1.14916e+07,3.86765e+06,6.79999e+06,1.14905e+07,3.73474e+06,6.79999e+06,1.14892e+07,3.58148e+06,6.79999e+06,1.14878e+07,3.40785e+06,6.79999e+06,1.14862e+07,3.21513e+06,6.79999e+06,1.14844e+07,3.00605e+06,6.79999e+06,1.14823e+07,2.7848e+06,6.79999e+06,1.148e+07,2.5568e+06,6.79999e+06,1.14773e+07,2.32825e+06,6.79999e+06,13.5742,8.52444,0.508366,16.8306,13.2585,0.162638,20.0035,17.569,0.0507846,23.2616,22.4214,0.0158319,26.7328,28.3297,0.00493498,30.5212,35.6974,0.00153831,34.7178,44.9473,0.000479527,39.4086,56.5822,0.000149456,44.6796,71.2245,4.66214e-05,50.6209,89.6543,1.45419e-05,57.3297,112.852,4.54748e-06,64.9129,142.051,1.43857e-06,73.4897,178.803,4.36618e-07,83.1934,225.062,1.40153e-07,94.1745,283.286,4.96378e-08,106.602,356.568,1.05434e-07,120.669,448.799,-6.49244e-08,136.59,564.873,1.70148e-07,154.611,710.948,-5.34594e-08,175.008,894.767,1.63407e-07,198.097,1126.06,8.04804e-08,224.231,1417.07,1.14667e-07,253.813,1783.15,-1.71227e-07,287.297,2243.62,-2.88466e-07,325.198,2822.67,-4.33651e-07,368.098,3550.67,7.9318e-08,416.657,4465.65,3.13319e-07,471.621,5615.16,3.4613e-07,533.835,7058.61,-1.19199e-07,604.255,8870.02,-2.79964e-07,683.962,11141.4,-2.30521e-07,774.182,13986.7,-2.55099e-07,876.299,17546.4,1.23585e-07,991.883,21993.1,1.41192e-07,1122.71,27536.7,-9.71886e-08,1270.78,34430.7,-3.68368e-07,1438.38,42977.7,-3.45379e-07,1628.07,53532.7,-3.25328e-09,1842.77,66504.6,2.6362e-07,2085.77,82350.2,2.53445e-07,2360.79,101560,-2.47407e-08,2672.05,124632,-3.80602e-07,3024.31,152018,-4.79005e-07,3422.98,184060,-1.14379e-07,3874.15,220884,2.64297e-07,4384.72,262283,3.44131e-07,4962.49,307576,7.5349e-08,5616.29,355497,-3.63097e-07,6356.1,404126,-6.05442e-07,7193.18,450932,-2.72333e-07,8140.28,492963,2.29675e-07,9211.79,527178,4.3387e-07,10424,550893,-1.0711e-07,10.102,8.06553,2.81012,10.6436,8.57909,0.869423,11.5336,10.2515,0.270869,12.7211,12.7138,0.0844293,14.1823,15.9373,0.0263173,15.9122,20.0383,0.0082035,17.9198,25.2154,0.00255722,20.2244,31.7373,0.000797017,22.8539,39.9486,0.000248622,25.8438,50.2851,7.75492e-05,29.237,63.2963,2.42508e-05,33.0837,79.6738,7.67162e-06,37.4415,100.288,2.32837e-06,42.3767,126.236,7.33e-07,47.9646,158.896,2.79256e-07,54.2906,200.003,9.87351e-09,61.452,251.741,1.61085e-07,69.5585,316.859,-2.47141e-07,78.7347,398.812,8.93552e-08,89.1218,501.948,-2.53231e-07,100.879,631.736,-1.25047e-07,114.188,795.049,-1.78808e-07,129.252,1000.53,2.6733e-07,146.304,1259.03,4.50292e-07,165.605,1584.19,6.76904e-07,187.452,1993.12,-1.23808e-07,212.181,2507.27,-4.89068e-07,240.173,3153.54,-5.40284e-07,271.856,3965.56,1.86061e-07,307.719,4985.38,4.37004e-07,348.313,6265.4,3.59828e-07,394.26,7870.83,3.98192e-07,446.268,9882.51,-1.92908e-07,505.135,12400.3,-2.20392e-07,571.766,15546.9,1.51705e-07,647.184,19472.2,5.74996e-07,732.547,24357.4,5.39112e-07,829.167,30420,5.07815e-09,938.526,37916.3,-4.11492e-07,1062.3,47143.9,-3.9561e-07,1202.4,58439.2,3.86185e-08,1360.96,72169.3,5.94093e-07,1540.42,88715.8,7.47693e-07,1743.53,108445,1.78537e-07,1973.41,131665,-4.12549e-07,2233.57,158557,-5.37164e-07,2528,189103,-1.17615e-07,2861.2,222986,5.66769e-07,3238.27,259510,9.45053e-07,3664.97,297540,4.25093e-07,4147.81,335497,-3.58506e-07,4694.17,371444,-6.7724e-07,5312.37,403256,1.67192e-07,1.61744,3.89446,9.84394,3.28846,7.5504,12.774,5.07607,11.7187,13.6844,7.03202,16.8147,13.9681,9.20215,23.1769,14.0566,11.6301,31.1672,14.0841,14.3598,41.2186,14.0927,17.4376,53.8688,14.0954,20.9137,69.7915,14.0962,24.8432,89.8341,14.0965,29.2879,115.063,14.0966,34.3168,146.819,14.0966,40.0078,186.792,14.0966,46.4487,237.107,14.0966,53.7388,300.44,14.0966,61.9903,380.158,14.0966,71.3301,480.499,14.0966,81.902,606.796,14.0966,93.8685,765.761,14.0966,107.414,965.837,14.0966,122.746,1217.65,14.0966,140.101,1534.57,14.0966,159.745,1933.41,14.0966,181.981,2435.3,14.0966,207.15,3066.85,14.0966,235.64,3861.46,14.0966,267.889,4861.11,14.0966,304.391,6118.54,14.0966,345.709,7699.91,14.0966,392.478,9688.22,14.0966,445.417,12187.5,14.0966,505.339,15327.7,14.0966,573.165,19271.6,14.0966,649.938,24222,14.0966,736.839,30430.9,14.0966,835.202,38211.5,14.0966,946.539,47950.3,14.0966,1072.56,60122.8,14.0966,1215.21,75309.9,14.0966,1376.66,94216.2,14.0966,1559.41,117688,14.0966,1766.26,146729,14.0966,2000.39,182510,14.0966,2265.39,226372,14.0966,2565.33,279806,14.0966,2904.81,344416,14.0966,3289.05,421845,14.0966,3723.93,513667,14.0966,4216.13,621231,14.0966,4773.18,745478,14.0966,5403.64,886744,14.0966,6117.15,1.04457e+06,14.0966,6924.63,1.2176e+06,14.0966,11.7194,11.96,12.6541,13.9321,16.1295,13.6434,16.6097,21.9702,13.9553,19.7532,29.5285,14.0526,23.3844,39.1143,14.0829,27.5423,51.2054,14.0923,32.2796,66.434,14.0953,37.662,85.6061,14.0962,43.7675,109.74,14.0965,50.687,140.119,14.0966,58.5249,178.359,14.0966,67.4005,226.493,14.0966,77.4493,287.08,14.0966,88.8254,363.343,14.0966,101.703,459.336,14.0966,116.281,580.161,14.0966,132.782,732.241,14.0966,151.46,923.655,14.0966,172.603,1164.57,14.0966,196.535,1467.79,14.0966,223.625,1849.39,14.0966,254.288,2329.62,14.0966,288.997,2933.93,14.0966,328.285,3694.33,14.0966,372.755,4651.04,14.0966,423.092,5854.57,14.0966,480.07,7368.38,14.0966,544.564,9272.08,14.0966,617.566,11665.5,14.0966,700.197,14673.6,14.0966,793.729,18452.9,14.0966,899.599,23198.6,14.0966,1019.43,29154.1,14.0966,1155.07,36622.3,14.0966,1308.6,45977.9,14.0966,1482.39,57683.7,14.0966,1679.09,72307.8,14.0966,1901.73,90542.8,14.0966,2153.73,113226,14.0966,2438.97,141360,14.0966,2761.81,176127,14.0966,3127.22,218898,14.0966,3540.81,271226,14.0966,4008.92,334817,14.0966,4538.74,411470,14.0966,5138.38,502973,14.0966,5817.04,610948,14.0966,6585.12,736653,14.0966,7454.39,880741,14.0966,8438.15,1.04302e+06,14.0966,9551.45,1.22224e+06,14.0966,10811.3,1.41602e+06,14.0966,12237,1.62086e+06,14.0966,11.7194,11.96,12.6541,2.21263,4.16949,0.989383,2.67766,5.84076,0.311842,3.14343,7.55825,0.0972771,3.63127,9.58578,0.0303237,4.15787,12.0912,0.00945211,4.73731,15.2286,0.00294633,5.38238,19.1721,0.000918508,6.10553,24.134,0.000286163,6.91951,30.3791,8.92692e-05,7.83792,38.2397,2.78121e-05,8.87555,48.1338,8.65134e-06,10.0489,60.5876,2.7882e-06,11.3761,76.2629,8.29036e-07,12.8779,95.9927,2.4373e-07,14.5775,120.825,4.33068e-09,16.5012,152.08,1.75749e-07,18.6784,191.415,-1.86328e-07,21.1428,240.917,1.91829e-07,23.9322,303.213,-1.81475e-07,27.0895,381.602,7.0186e-08,30.6634,480.231,-2.86769e-08,34.7087,604.316,2.40784e-07,39.2876,760.401,9.87368e-08,44.4705,956.705,1.22263e-07,50.3371,1203.54,-4.31966e-07,56.9776,1513.81,-1.9705e-07,64.494,1903.69,-2.763e-08,73.0018,2393.4,3.9185e-07,82.6317,3008.13,1.35379e-07,93.5318,3779.25,-4.16351e-08,105.869,4745.7,2.06965e-08,119.834,5955.6,-3.18887e-07,135.641,7468.12,-1.48271e-08,153.531,9355.62,2.00739e-07,173.781,11705.8,2.28358e-07,196.701,14624.1,-1.93587e-08,222.642,18235,-2.88101e-07,252.003,22683.4,-2.24732e-07,285.234,28134,8.56806e-09,322.845,34767,2.34258e-07,365.413,42770.9,2.99668e-07,413.588,52327.9,8.28644e-08,468.111,63591.2,-3.07049e-07,529.814,76653.2,-3.1888e-07,599.642,91502.5,-6.72276e-08,678.662,107975,2.26339e-07,768.083,125705,3.69212e-07,869.267,144088,2.04077e-07,983.76,162277,-2.80509e-07,1113.3,179223,-4.22737e-07,1259.87,193777,-1.71951e-07,1425.68,204839,4.55555e-07,11.7194,11.96,12.6541,2.21263,4.16949,0.989383,2.67766,5.84076,0.311842,3.14343,7.55825,0.0972771,3.63127,9.58578,0.0303237,4.15787,12.0912,0.00945211,4.73731,15.2286,0.00294633,5.38238,19.1721,0.000918508,6.10553,24.134,0.000286163,6.91951,30.3791,8.92692e-05,7.83792,38.2397,2.78121e-05,8.87555,48.1338,8.65134e-06,10.0489,60.5876,2.7882e-06,11.3761,76.2629,8.29036e-07,12.8779,95.9927,2.4373e-07,14.5775,120.825,1e-08,16.5012,152.08,1.75749e-07,18.6784,191.415,1e-08,21.1428,240.917,1.91829e-07,23.9322,303.213,1e-08,27.0895,381.602,7.0186e-08,30.6634,480.231,1e-08,34.7087,604.316,2.40784e-07,39.2876,760.401,9.87368e-08,44.4705,956.705,1.22263e-07,50.3371,1203.54,1e-08,56.9776,1513.81,1e-08,64.494,1903.69,1e-08,73.0018,2393.4,3.9185e-07,82.6317,3008.13,1.35379e-07,93.5318,3779.25,1e-08,105.869,4745.7,2.06965e-08,119.834,5955.6,1e-08,135.641,7468.12,1e-08,153.531,9355.62,2.00739e-07,173.781,11705.8,2.28358e-07,196.701,14624.1,1e-08,222.642,18235,1e-08,252.003,22683.4,1e-08,285.234,28134,1e-08,322.845,34767,2.34258e-07,365.413,42770.9,2.99668e-07,413.588,52327.9,8.28644e-08,468.111,63591.2,1e-08,529.814,76653.2,1e-08,599.642,91502.5,1e-08,678.662,107975,2.26339e-07,768.083,125705,3.69212e-07,869.267,144088,2.04077e-07,983.76,162277,1e-08,1113.3,179223,1e-08,1259.87,193777,1e-08,1425.68,204839,4.55555e-07,6.2823,3.27286,2.43537,0.219672,6.18826,2.24117,0.56371,6.87772,2.63624,0.308279,6,12,4,5,12,3,3,6,0,4,18,0,2,4,0,4,15,0,4,20,0,7,39,0,7,33,0,8,34,0,8,45,0,4,29,0,22,47,0,5,75,0,31,118,0,13,156,0,13,87,0,23,398,0,28,237,0,21,333,0,13,456,0,16,276,0,31,289,0,43,663,0,65,692,0,55,1526,0,50,959,0,67,1858,0,51,4006,0,94,3837,0,162,6847,0,64,2441,0,55,3842,0,60,6054,0,106,13168,0,157,8372,0,237,14117,0,169,17061,0,147,10436,0,326,29546,0,165,37523,0,148,64222,0,303,61381,0,574,64801,0,683,101221,0,733,66194,0,973,91091,0,708,91707,0,446,107946,0,726,251108,0,834,197844,0,1173,168433,0,1428,189374,0
-1.05176e+08,1,8.88811e-15,10,1023,0,1.05176e+08,0.528882,1.08665,0.389689,0.145397,0.379329,3.24381,0.161596,0.446195,1.77396,0.159177,1.15e+07,4.49998e+06,6.79999e+06,1.15e+07,4.49997e+06,6.79999e+06,1.15e+07,4.49996e+06,6.79999e+06,1.15e+07,4.49995e+06,6.79999e+06,1.14999e+07,4.49993e+06,6.79999e+06,1.14999e+07,4.49991e+06,6.79999e+06,1.14999e+07,4.49989e+06,6.79999e+06,1.14999e+07,4.49986e+06,6.79999e+06,1.14999e+07,4.49982e+06,6.79999e+06,1.14999e+07,4.49977e+06,6.79999e+06,1.14999e+07,4.49971e+06,6.79999e+06,1.14999e+07,4.49963e+06,6.79999e+06,1.14998e+07,4.49953e+06,6.79999e+06,1.14998e+07,4.49941e+06,6.79999e+06,1.14998e+07,4.49926e+06,6.79999e+06,1.14998e+07,4.49906e+06,6.79999e+06,1.14997e+07,4.49882e+06,6.79999e+06,1.14997e+07,4.49851e+06,6.79999e+06,1.14997e+07,4.49812e+06,6.79999e+06,1.14996e+07,4.49764e+06,6.79999e+06,1.14996e+07,4.49702e+06,6.79999e+06,1.14995e+07,4.49625e+06,6.79999e+06,1.14995e+07,4.49528e+06,6.79999e+06,1.14994e+07,4.49406e+06,6.79999e+06,1.14993e+07,4.49253e+06,6.79999e+06,1.14992e+07,4.49059e+06,6.79999e+06,1.14991e+07,4.48817e+06,6.79999e+06,1.1499e+07,4.48511e+06,6.79999e+06,1.14988e+07,4.48128e+06,6.79999e+06,1.14987e+07,4.47646e+06,6.79999e+06,1.14985e+07,4.47041e+06,6.79999e+06,1.14983e+07,4.46281e+06,6.79999e+06,1.14981e+07,4.4533e+06,6.79999e+06,1.14979e+07,4.44138e+06,6.79999e+06,1.14976e+07,4.42649e+06,6.79999e+06,1.14972e+07,4.40789e+06,6.79999e+06,1.14969e+07,4.38471e+06,6.79999e+06,1.14965e+07,4.35592e+06,6.79999e+06,1.1496e+07,4.32027e+06,6.79999e+06,1.14955e+07,4.27629e+06,6.79999e+06,1.14949e+07,4.22231e+06,6.79999e+06,1.14942e+07,4.15647e+06,6.79999e+06,1.14934e+07,4.07676e+06,6.79999e+06,1.14926e+07,3.98112e+06,6.79999e+06,1.14916e+07,3.86765e+06,6.79999e+06,1.14905e+07,3.73474e+06,6.79999e+06,1.14892e+07,3.58148e+06,6.79999e+06,1.14878e+07,3.40785e+06,6.79999e+06,1.14862e+07,3.21513e+06,6.79999e+06,1.14844e+07,3.00605e+06,6.79999e+06,1.14823e+07,2.7848e+06,6.79999e+06,1.148e+07,2.5568e+06,6.79999e+06,1.14773e+07,2.32825e+06,6.79999e+06,13.5742,8.52444,0.508366,16.8306,13.2585,0.162638,20.0035,17.569,0.0507846,23.2616,22.4214,0.0158319,26.7328,28.3297,0.00493498,30.5212,35.6974,0.00153831,34.7178,44.9473,0.000479527,39.4086,56.5822,0.000149456,44.6796,71.2245,4.66214e-05,50.6209,89.6543,1.45419e-05,57.3297,112.852,4.54748e-06,64.9129,142.051,1.43857e-06,73.4897,178.803,4.36618e-07,83.1934,225.062,1.40153e-07,94.1745,283.286,4.96378e-08,106.602,356.568,1.05434e-07,120.669,448.799,-6.49244e-08,136.59,564.873,1.70148e-07,154.611,710.948,-5.34594e-08,175.008,894.767,1.63407e-07,198.097,1126.06,8.04804e-08,224.231,1417.07,1.14667e-07,253.813,1783.15,-1.71227e-07,287.297,2243.62,-2.88466e-07,325.198,2822.67,-4.33651e-07,368.098,3550.67,7.9318e-08,416.657,4465.65,3.13319e-07,471.621,5615.16,3.4613e-07,533.835,7058.61,-1.19199e-07,604.255,8870.02,-2.79964e-07,683.962,11141.4,-2.30521e-07,774.182,13986.7,-2.55099e-07,876.299,17546.4,1.23585e-07,991.883,21993.1,1.41192e-07,1122.71,27536.7,-9.71886e-08,1270.78,34430.7,-3.68368e-07,1438.38,42977.7,-3.45379e-07,1628.07,53532.7,-3.25328e-09,1842.77,66504.6,2.6362e-07,2085.77,82350.2,2.53445e-07,2360.79,101560,-2.47407e-08,2672.05,124632,-3.80602e-07,3024.31,152018,-4.79005e-07,3422.98,184060,-1.14379e-07,3874.15,220884,2.64297e-07,4384.72,262283,3.44131e-07,4962.49,307576,7.5349e-08,5616.29,355497,-3.63097e-07,6356.1,404126,-6.05442e-07,7193.18,450932,-2.72333e-07,8140.28,492963,2.29675e-07,9211.79,527178,4.3387e-07,10424,550893,-1.0711e-07,10.102,8.06553,2.81012,10.6436,8.57909,0.869423,11.5336,10.2515,0.270869,12.7211,12.7138,0.0844293,14.1823,15.9373,0.0263173,15.9122,20.0383,0.0082035,17.9198,25.2154,0.00255722,20.2244,31.7373,0.000797017,22.8539,39.9486,0.000248622,25.8438,50.2851,7.75492e-05,29.237,63.2963,2.42508e-05,33.0837,79.6738,7.67162e-06,37.4415,100.288,2.32837e-06,42.3767,126.236,7.33e-07,47.9646,158.896,2.79256e-07,54.2906,200.003,9.87351e-09,61.452,251.741,1.61085e-07,69.5585,316.859,-2.47141e-07,78.7347,398.812,8.93552e-08,89.1218,501.948,-2.53231e-07,100.879,631.736,-1.25047e-07,114.188,795.049,-1.78808e-07,129.252,1000.53,2.6733e-07,146.304,1259.03,4.50292e-07,165.605,1584.19,6.76904e-07,187.452,1993.12,-1.23808e-07,212.181,2507.27,-4.89068e-07,240.173,3153.54,-5.40284e-07,271.856,3965.56,1.86061e-07,307.719,4985.38,4.37004e-07,348.313,6265.4,3.59828e-07,394.26,7870.83,3.98192e-07,446.268,9882.51,-1.92908e-07,505.135,12400.3,-2.20392e-07,571.766,15546.9,1.51705e-07,647.184,19472.2,5.74996e-07,732.547,24357.4,5.39112e-07,829.167,30420,5.07815e-09,938.526,37916.3,-4.11492e-07,1062.3,47143.9,-3.9561e-07,1202.4,58439.2,3.86185e-08,1360.96,72169.3,5.94093e-07,1540.42,88715.8,7.47693e-07,1743.53,108445,1.78537e-07,1973.41,131665,-4.12549e-07,2233.57,158557,-5.37164e-07,2528,189103,-1.17615e-07,2861.2,222986,5.66769e-07,3238.27,259510,9.45053e-07,3664.97,297540,4.25093e-07,4147.81,335497,-3.58506e-07,4694.17,371444,-6.7724e-07,5312.37,403256,1.67192e-07,1.61744,3.89446,9.84394,3.28846,7.5504,12.774,5.07607,11.7187,13.6844,7.03202,16.8147,13.9681,9.20215,23.1769,14.0566,11.6301,31.1672,14.0841,14.3598,41.2186,14.0927,17.4376,53.8688,14.0954,20.9137,69.7915,14.0962,24.8432,89.8341,14.0965,29.2879,115.063,14.0966,34.3168,146.819,14.0966,40.0078,186.792,14.0966,46.4487,237.107,14.0966,53.7388,300.44,14.0966,61.9903,380.158,14.0966,71.3301,480.499,14.0966,81.902,606.796,14.0966,93.8685,765.761,14.0966,107.414,965.837,14.0966,122.746,1217.65,14.0966,140.101,1534.57,14.0966,159.745,1933.41,14.0966,181.981,2435.3,14.0966,207.15,3066.85,14.0966,235.64,3861.46,14.0966,267.889,4861.11,14.0966,304.391,6118.54,14.0966,345.709,7699.91,14.0966,392.478,9688.22,14.0966,445.417,12187.5,14.0966,505.339,15327.7,14.0966,573.165,19271.6,14.0966,649.938,24222,14.0966,736.839,30430.9,14.0966,835.202,38211.5,14.0966,946.539,47950.3,14.0966,1072.56,60122.8,14.0966,1215.21,75309.9,14.0966,1376.66,94216.2,14.0966,1559.41,117688,14.0966,1766.26,146729,14.0966,2000.39,182510,14.0966,2265.39,226372,14.0966,2565.33,279806,14.0966,2904.81,344416,14.0966,3289.05,421845,14.0966,3723.93,513667,14.0966,4216.13,621231,14.0966,4773.18,745478,14.0966,5403.64,886744,14.0966,6117.15,1.04457e+06,14.0966,6924.63,1.2176e+06,14.0966,11.7194,11.96,12.6541,13.9321,16.1295,13.6434,16.6097,21.9702,13.9553,19.7532,29.5285,14.0526,23.3844,39.1143,14.0829,27.5423,51.2054,14.0923,32.2796,66.434,14.0953,37.662,85.6061,14.0962,43.7675,109.74,14.0965,50.687,140.119,14.0966,58.5249,178.359,14.0966,67.4005,226.493,14.0966,77.4493,287.08,14.0966,88.8254,363.343,14.0966,101.703,459.336,14.0966,116.281,580.161,14.0966,132.782,732.241,14.0966,151.46,923.655,14.0966,172.603,1164.57,14.0966,196.535,1467.79,14.0966,223.625,1849.39,14.0966,254.288,2329.62,14.0966,288.997,2933.93,14.0966,328.285,3694.33,14.0966,372.755,4651.04,14.0966,423.092,5854.57,14.0966,480.07,7368.38,14.0966,544.564,9272.08,14.0966,617.566,11665.5,14.0966,700.197,14673.6,14.0966,793.729,18452.9,14.0966,899.599,23198.6,14.0966,1019.43,29154.1,14.0966,1155.07,36622.3,14.0966,1308.6,45977.9,14.0966,1482.39,57683.7,14.0966,1679.09,72307.8,14.0966,1901.73,90542.8,14.0966,2153.73,113226,14.0966,2438.97,141360,14.0966,2761.81,176127,14.0966,3127.22,218898,14.0966,3540.81,271226,14.0966,4008.92,334817,14.0966,4538.74,411470,14.0966,5138.38,502973,14.0966,5817.04,610948,14.0966,6585.12,736653,14.0966,7454.39,880741,14.0966,8438.15,1.04302e+06,14.0966,9551.45,1.22224e+06,14.0966,10811.3,1.41602e+06,14.0966,12237,1.62086e+06,14.0966,11.7194,11.96,12.6541,2.21263,4.16949,0.989383,2.67766,5.84076,0.311842,3.14343,7.55825,0.0972771,3.63127,9.58578,0.0303237,4.15787,12.0912,0.00945211,4.73731,15.2286,0.00294633,5.38238,19.1721,0.000918508,6.10553,24.134,0.000286163,6.91951,30.3791,8.92692e-05,7.83792,38.2397,2.78121e-05,8.87555,48.1338,8.65134e-06,10.0489,60.5876,2.7882e-06,11.3761,76.2629,8.29036e-07,12.8779,95.9927,2.4373e-07,14.5775,120.825,4.33068e-09,16.5012,152.08,1.75749e-07,18.6784,191.415,-1.86328e-07,21.1428,240.917,1.91829e-07,23.9322,303.213,-1.81475e-07,27.0895,381.602,7.0186e-08,30.6634,480.231,-2.86769e-08,34.7087,604.316,2.40784e-07,39.2876,760.401,9.87368e-08,44.4705,956.705,1.22263e-07,50.3371,1203.54,-4.31966e-07,56.9776,1513.81,-1.9705e-07,64.494,1903.69,-2.763e-08,73.0018,2393.4,3.9185e-07,82.6317,3008.13,1.35379e-07,93.5318,3779.25,-4.16351e-08,105.869,4745.7,2.06965e-08,119.834,5955.6,-3.18887e-07,135.641,7468.12,-1.48271e-08,153.531,9355.62,2.00739e-07,173.781,11705.8,2.28358e-07,196.701,14624.1,-1.93587e-08,222.642,18235,-2.88101e-07,252.003,22683.4,-2.24732e-07,285.234,28134,8.56806e-09,322.845,34767,2.34258e-07,365.413,42770.9,2.99668e-07,413.588,52327.9,8.28644e-08,468.111,63591.2,-3.07049e-07,529.814,76653.2,-3.1888e-07,599.642,91502.5,-6.72276e-08,678.662,107975,2.26339e-07,768.083,125705,3.69212e-07,869.267,144088,2.04077e-07,983.76,162277,-2.80509e-07,1113.3,179223,-4.22737e-07,1259.87,193777,-1.71951e-07,1425.68,204839,4.55555e-07,11.7194,11.96,12.6541,2.21263,4.16949,0.989383,2.67766,5.84076,0.311842,3.14343,7.55825,0.0972771,3.63127,9.58578,0.0303237,4.15787,12.0912,0.00945211,4.73731,15.2286,0.00294633,5.38238,19.1721,0.000918508,6.10553,24.134,0.000286163,6.91951,30.3791,8.92692e-05,7.83792,38.2397,2.78121e-05,8.87555,48.1338,8.65134e-06,10.0489,60.5876,2.7882e-06,11.3761,76.2629,8.29036e-07,12.8779,95.9927,2.4373e-07,14.5775,120.825,1e-08,16.5012,152.08,1.75749e-07,18.6784,191.415,1e-08,21.1428,240.917,1.91829e-07,23.9322,303.213,1e-08,27.0895,381.602,7.0186e-08,30.6634,480.231,1e-08,34.7087,604.316,2.40784e-07,39.2876,760.401,9.87368e-08,44.4705,956.705,1.22263e-07,50.3371,1203.54,1e-08,56.9776,1513.81,1e-08,64.494,1903.69,1e-08,73.0018,2393.4,3.9185e-07,82.6317,3008.13,1.35379e-07,93.5318,3779.25,1e-08,105.869,4745.7,2.06965e-08,119.834,5955.6,1e-08,135.641,7468.12,1e-08,153.531,9355.62,2.00739e-07,173.781,11705.8,2.28358e-07,196.701,14624.1,1e-08,222.642,18235,1e-08,252.003,22683.4,1e-08,285.234,28134,1e-08,322.845,34767,2.34258e-07,365.413,42770.9,2.99668e-07,413.588,52327.9,8.28644e-08,468.111,63591.2,1e-08,529.814,76653.2,1e-08,599.642,91502.5,1e-08,678.662,107975,2.26339e-07,768.083,125705,3.69212e-07,869.267,144088,2.04077e-07,983.76,162277,1e-08,1113.3,179223,1e-08,1259.87,193777,1e-08,1425.68,204839,4.55555e-07,6.2823,3.27286,2.43537,0.219672,6.18826,2.24117,0.56371,6.87772,2.63624,0.308279,9,7,19,1,2,1,4,9,1,4,3,0,2,7,0,3,7,0,6,15,0,5,21,0,6,20,0,0,20,0,11,32,0,11,39,0,15,70,0,19,95,0,9,38,0,24,145,0,9,184,0,13,143,0,26,121,0,51,449,0,25,503,0,28,390,0,20,520,0,86,694,0,34,948,0,53,761,0,92,853,0,27,1825,0,81,1957,0,63,2207,0,59,3926,0,67,2343,0,139,6029,0,184,3747,0,152,7000,0,117,12402,0,285,9112,0,310,21790,0,421,39773,0,404,34549,0,286,87222,0,189,39933,0,156,34094,0,685,71513,0,354,133890,0,596,130091,0,907,147976,0,709,155491,0,365,182870,0,821,104753,0,1001,136908,0,1010,82992,0,1274,306678,0
-1.05176e+08,1,8.88811e-15,10,1023,0,1.05176e+08,0.528882,1.08665,0.389689,0.145397,0.379329,3.24381,0.161596,0.446195,1.77396,0.159177,1.15e+07,4.49998e+06,6.79999e+06,1.15e+07,4.49997e+06,6.79999e+06,1.15e+07,4.49996e+06,6.79999e+06,1.15e+07,4.49995e+06,6.79999e+06,1.14999e+07,4.49993e+06,6.79999e+06,1.14999e+07,4.49991e+06,6.79999e+06,1.14999e+07,4.49989e+06,6.79999e+06,1.14999e+07,4.49986e+06,6.79999e+06,1.14999e+07,4.49982e+06,6.79999e+06,1.14999e+07,4.49977e+06,6.79999e+06,1.14999e+07,4.49971e+06,6.79999e+06,1.14999e+07,4.49963e+06,6.79999e+06,1.14998e+07,4.49953e+06,6.79999e+06,1.14998e+07,4.49941e+06,6.79999e+06,1.14998e+07,4.49926e+06,6.79999e+06,1.14998e+07,4.49906e+06,6.79999e+06,1.14997e+07,4.49882e+06,6.79999e+06,1.14997e+07,4.49851e+06,6.79999e+06,1.14997e+07,4.49812e+06,6.79999e+06,1.14996e+07,4.49764e+06,6.79999e+06,1.14996e+07,4.49702e+06,6.79999e+06,1.14995e+07,4.49625e+06,6.79999e+06,1.14995e+07,4.49528e+06,6.79999e+06,1.14994e+07,4.49406e+06,6.79999e+06,1.14993e+07,4.49253e+06,6.79999e+06,1.14992e+07,4.49059e+06,6.79999e+06,1.14991e+07,4.48817e+06,6.79999e+06,1.1499e+07,4.48511e+06,6.79999e+06,1.14988e+07,4.48128e+06,6.79999e+06,1.14987e+07,4.47646e+06,6.79999e+06,1.14985e+07,4.47041e+06,6.79999e+06,1.14983e+07,4.46281e+06,6.79999e+06,1.14981e+07,4.4533e+06,6.79999e+06,1.14979e+07,4.44138e+06,6.79999e+06,1.14976e+07,4.42649e+06,6.79999e+06,1.14972e+07,4.40789e+06,6.79999e+06,1.14969e+07,4.38471e+06,6.79999e+06,1.14965e+07,4.35592e+06,6.79999e+06,1.1496e+07,4.32027e+06,6.79999e+06,1.14955e+07,4.27629e+06,6.79999e+06,1.14949e+07,4.22231e+06,6.79999e+06,1.14942e+07,4.15647e+06,6.79999e+06,1.14934e+07,4.07676e+06,6.79999e+06,1.14926e+07,3.98112e+06,6.79999e+06,1.14916e+07,3.86765e+06,6.79999e+06,1.14905e+07,3.73474e+06,6.79999e+06,1.14892e+07,3.58148e+06,6.79999e+06,1.14878e+07,3.40785e+06,6.79999e+06,1.14862e+07,3.21513e+06,6.79999e+06,1.14844e+07,3.00605e+06,6.79999e+06,1.14823e+07,2.7848e+06,6.79999e+06,1.148e+07,2.5568e+06,6.79999e+06,1.14773e+07,2.32825e+06,6.79999e+06,13.5742,8.52444,0.508366,16.8306,13.2585,0.162638,20.0035,17.569,0.0507846,23.2616,22.4214,0.0158319,26.7328,28.3297,0.00493498,30.5212,35.6974,0.00153831,34.7178,44.9473,0.000479527,39.4086,56.5822,0.000149456,44.6796,71.2245,4.66214e-05,50.6209,89.6543,1.45419e-05,57.3297,112.852,4.54748e-06,64.9129,142.051,1.43857e-06,73.4897,178.803,4.36618e-07,83.1934,225.062,1.40153e-07,94.1745,283.286,4.96378e-08,106.602,356.568,1.05434e-07,120.669,448.799,-6.49244e-08,136.59,564.873,1.70148e-07,154.611,710.948,-5.34594e-08,175.008,894.767,1.63407e-07,198.097,1126.06,8.04804e-08,224.231,1417.07,1.14667e-07,253.813,1783.15,-1.71227e-07,287.297,2243.62,-2.88466e-07,325.198,2822.67,-4.33651e-07,368.098,3550.67,7.9318e-08,416.657,4465.65,3.13319e-07,471.621,5615.16,3.4613e-07,533.835,7058.61,-1.19199e-07,604.255,8870.02,-2.79964e-07,683.962,11141.4,-2.30521e-07,774.182,13986.7,-2.55099e-07,876.299,17546.4,1.23585e-07,991.883,21993.1,1.41192e-07,1122.71,27536.7,-9.71886e-08,1270.78,34430.7,-3.68368e-07,1438.38,42977.7,-3.45379e-07,1628.07,53532.7,-3.25328e-09,1842.77,66504.6,2.6362e-07,2085.77,82350.2,2.53445e-07,2360.79,101560,-2.47407e-08,2672.05,124632,-3.80602e-07,3024.31,152018,-4.79005e-07,3422.98,184060,-1.14379e-07,3874.15,220884,2.64297e-07,4384.72,262283,3.44131e-07,4962.49,307576,7.5349e-08,5616.29,355497,-3.63097e-07,6356.1,404126,-6.05442e-07,7193.18,450932,-2.72333e-07,8140.28,492963,2.29675e-07,9211.79,527178,4.3387e-07,10424,550893,-1.0711e-07,10.102,8.06553,2.81012,10.6436,8.57909,0.869423,11.5336,10.2515,0.270869,12.7211,12.7138,0.0844293,14.1823,15.9373,0.0263173,15.9122,20.0383,0.0082035,17.9198,25.2154,0.00255722,20.2244,31.7373,0.000797017,22.8539,39.9486,0.000248622,25.8438,50.2851,7.75492e-05,29.237,63.2963,2.42508e-05,33.0837,79.6738,7.67162e-06,37.4415,100.288,2.32837e-06,42.3767,126.236,7.33e-07,47.9646,158.896,2.79256e-07,54.2906,200.003,9.87351e-09,61.452,251.741,1.61085e-07,69.5585,316.859,-2.47141e-07,78.7347,398.812,8.93552e-08,89.1218,501.948,-2.53231e-07,100.879,631.736,-1.25047e-07,114.188,795.049,-1.78808e-07,129.252,1000.53,2.6733e-07,146.304,1259.03,4.50292e-07,165.605,1584.19,6.76904e-07,187.452,1993.12,-1.23808e-07,212.181,2507.27,-4.89068e-07,240.173,3153.54,-5.40284e-07,271.856,3965.56,1.86061e-07,307.719,4985.38,4.37004e-07,348.313,6265.4,3.59828e-07,394.26,7870.83,3.98192e-07,446.268,9882.51,-1.92908e-07,505.135,12400.3,-2.20392e-07,571.766,15546.9,1.51705e-07,647.184,19472.2,5.74996e-07,732.547,24357.4,5.39112e-07,829.167,30420,5.07815e-09,938.526,37916.3,-4.11492e-07,1062.3,47143.9,-3.9561e-07,1202.4,58439.2,3.86185e-08,1360.96,72169.3,5.94093e-07,1540.42,88715.8,7.47693e-07,1743.53,108445,1.78537e-07,1973.41,131665,-4.12549e-07,2233.57,158557,-5.37164e-07,2528,189103,-1.17615e-07,2861.2,222986,5.66769e-07,3238.27,259510,9.45053e-07,3664.97,297540,4.25093e-07,4147.81,335497,-3.58506e-07,4694.17,371444,-6.7724e-07,5312.37,403256,1.67192e-07,1.61744,3.89446,9.84394,3.28846,7.5504,12.774,5.07607,11.7187,13.6844,7.03202,16.8147,13.9681,9.20215,23.1769,14.0566,11.6301,31.1672,14.0841,14.3598,41.2186,14.0927,17.4376,53.8688,14.0954,20.9137,69.7915,14.0962,24.8432,89.8341,14.0965,29.2879,115.063,14.0966,34.3168,146.819,14.0966,40.0078,186.792,14.0966,46.4487,237.107,14.0966,53.7388,300.44,14.0966,61.9903,380.158,14.0966,71.3301,480.499,14.0966,81.902,606.796,14.0966,93.8685,765.761,14.0966,107.414,965.837,14.0966,122.746,1217.65,14.0966,140.101,1534.57,14.0966,159.745,1933.41,14.0966,181.981,2435.3,14.0966,207.15,3066.85,14.0966,235.64,3861.46,14.0966,267.889,4861.11,14.0966,304.391,6118.54,14.0966,345.709,7699.91,14.0966,392.478,9688.22,14.0966,445.417,12187.5,14.0966,505.339,15327.7,14.0966,573.165,19271.6,14.0966,649.938,24222,14.0966,736.839,30430.9,14.0966,835.202,38211.5,14.0966,946.539,47950.3,14.0966,1072.56,60122.8,14.0966,1215.21,75309.9,14.0966,1376.66,94216.2,14.0966,1559.41,117688,14.0966,1766.26,146729,14.0966,2000.39,182510,14.0966,2265.39,226372,14.0966,2565.33,279806,14.0966,2904.81,344416,14.0966,3289.05,421845,14.0966,3723.93,513667,14.0966,4216.13,621231,14.0966,4773.18,745478,14.0966,5403.64,886744,14.0966,6117.15,1.04457e+06,14.0966,6924.63,1.2176e+06,14.0966,11.7194,11.96,12.6541,13.9321,16.1295,13.6434,16.6097,21.9702,13.9553,19.7532,29.5285,14.0526,23.3844,39.1143,14.0829,27.5423,51.2054,14.0923,32.2796,66.434,14.0953,37.662,85.6061,14.0962,43.7675,109.74,14.0965,50.687,140.119,14.0966,58.5249,178.359,14.0966,67.4005,226.493,14.0966,77.4493,287.08,14.0966,88.8254,363.343,14.0966,101.703,459.336,14.0966,116.281,580.161,14.0966,132.782,732.241,14.0966,151.46,923.655,14.0966,172.603,1164.57,14.0966,196.535,1467.79,14.0966,223.625,1849.39,14.0966,254.288,2329.62,14.0966,288.997,2933.93,14.0966,328.285,3694.33,14.0966,372.755,4651.04,14.0966,423.092,5854.57,14.0966,480.07,7368.38,14.0966,544.564,9272.08,14.0966,617.566,11665.5,14.0966,700.197,14673.6,14.0966,793.729,18452.9,14.0966,899.599,23198.6,14.0966,1019.43,29154.1,14.0966,1155.07,36622.3,14.0966,1308.6,45977.9,14.0966,1482.39,57683.7,14.0966,1679.09,72307.8,14.0966,1901.73,90542.8,14.0966,2153.73,113226,14.0966,2438.97,141360,14.0966,2761.81,176127,14.0966,3127.22,218898,14.0966,3540.81,271226,14.0966,4008.92,334817,14.0966,4538.74,411470,14.0966,5138.38,502973,14.0966,5817.04,610948,14.0966,6585.12,736653,14.0966,7454.39,880741,14.0966,8438.15,1.04302e+06,14.0966,9551.45,1.22224e+06,14.0966,10811.3,1.41602e+06,14.0966,12237,1.62086e+06,14.0966,11.7194,11.96,12.6541,2.21263,4.16949,0.989383,2.67766,5.84076,0.311842,3.14343,7.55825,0.0972771,3.63127,9.58578,0.0303237,4.15787,12.0912,0.00945211,4.73731,15.2286,0.00294633,5.38238,19.1721,0.000918508,6.10553,24.134,0.000286163,6.91951,30.3791,8.92692e-05,7.83792,38.2397,2.78121e-05,8.87555,48.1338,8.65134e-06,10.0489,60.5876,2.7882e-06,11.3761,76.2629,8.29036e-07,12.8779,95.9927,2.4373e-07,14.5775,120.825,4.33068e-09,16.5012,152.08,1.75749e-07,18.6784,191.415,-1.86328e-07,21.1428,240.917,1.91829e-07,23.9322,303.213,-1.81475e-07,27.0895,381.602,7.0186e-08,30.6634,480.231,-2.86769e-08,34.7087,604.316,2.40784e-07,39.2876,760.401,9.87368e-08,44.4705,956.705,1.22263e-07,50.3371,1203.54,-4.31966e-07,56.9776,1513.81,-1.9705e-07,64.494,1903.69,-2.763e-08,73.0018,2393.4,3.9185e-07,82.6317,3008.13,1.35379e-07,93.5318,3779.25,-4.16351e-08,105.869,4745.7,2.06965e-08,119.834,5955.6,-3.18887e-07,135.641,7468.12,-1.48271e-08,153.531,9355.62,2.00739e-07,173.781,11705.8,2.28358e-07,196.701,14624.1,-1.93587e-08,222.642,18235,-2.88101e-07,252.003,22683.4,-2.24732e-07,285.234,28134,8.56806e-09,322.845,34767,2.34258e-07,365.413,42770.9,2.99668e-07,413.588,52327.9,8.28644e-08,468.111,63591.2,-3.07049e-07,529.814,76653.2,-3.1888e-07,599.642,91502.5,-6.72276e-08,678.662,107975,2.26339e-07,768.083,125705,3.69212e-07,869.267,144088,2.04077e-07,983.76,162277,-2.80509e-07,1113.3,179223,-4.22737e-07,1259.87,193777,-1.71951e-07,1425.68,204839,4.55555e-07,11.7194,11.96,12.6541,2.21263,4.16949,0.989383,2.67766,5.84076,0.311842,3.14343,7.55825,0.0972771,3.63127,9.58578,0.0303237,4.15787,12.0912,0.00945211,4.73731,15.2286,0.00294633,5.38238,19.1721,0.000918508,6.10553,24.134,0.000286163,6.91951,30.3791,8.92692e-05,7.83792,38.2397,2.78121e-05,8.87555,48.1338,8.65134e-06,10.0489,60.5876,2.7882e-06,11.3761,76.2629,8.29036e-07,12.8779,95.9927,2.4373e-07,14.5775,120.825,1e-08,16.5012,152.08,1.75749e-07,18.6784,191.415,1e-08,21.1428,240.917,1.91829e-07,23.9322,303.213,1e-08,27.0895,381.602,7.0186e-08,30.6634,480.231,1e-08,34.7087,604.316,2.40784e-07,39.2876,760.401,9.87368e-08,44.4705,956.705,1.22263e-07,50.3371,1203.54,1e-08,56.9776,1513.81,1e-08,64.494,1903.69,1e-08,73.0018,2393.4,3.9185e-07,82.6317,3008.13,1.35379e-07,93.5318,3779.25,1e-08,105.869,4745.7,2.06965e-08,119.834,5955.6,1e-08,135.641,7468.12,1e-08,153.531,9355.62,2.00739e-07,173.781,11705.8,2.28358e-07,196.701,14624.1,1e-08,222.642,18235,1e-08,252.003,22683.4,1e-08,285.234,28134,1e-08,322.845,34767,2.34258e-07,365.413,42770.9,2.99668e-07,413.588,52327.9,8.28644e-08,468.111,63591.2,1e-08,529.814,76653.2,1e-08,599.642,91502.5,1e-08,678.662,107975,2.26339e-07,768.083,125705,3.69212e-07,869.267,144088,2.04077e-07,983.76,162277,1e-08,1113.3,179223,1e-08,1259.87,193777,1e-08,1425.68,204839,4.55555e-07,6.2823,3.27286,2.43537,0.219672,6.18826,2.24117,0.56371,6.87772,2.63624,0.308279,8,14,15,0,5,0,1,4,0,5,5,0,3,8,0,3,25,0,2,8,0,6,14,0,4,12,0,8,23,0,13,27,0,7,35,0,6,93,0,10,70,0,6,83,0,12,53,0,24,123,0,27,284,0,8,233,0,12,371,0,29,717,0,45,540,0,55,297,0,15,448,0,52,1059,0,62,368,0,91,1513,0,66,1576,0,66,1125,0,109,2722,0,129,3613,0,97,2689,0,66,3989,0,49,12546,0,198,10399,0,52,10786,0,237,12441,0,206,18246,0,431,20254,0,358,17443,0,469,48610,0,329,41696,0,280,26033,0,587,84255,0,562,86337,0,563,148828,0,461,95825,0,438,134709,0,342,134883,0,1097,100322,0,1432,114348,0,522,196493,0,877,151641,0
-1.05176e+08,1.48641e-52,8.88811e-15,10,1023,0,1.05176e+08,0.528882,1.08665,0.389689,0.145397,0.379329,3.24381,0.161596,0.446195,1.77396,0.159177,1.15e+07,4.49998e+06,6.79999e+06,1.15e+07,4.49997e+06,6.79999e+06,1.15e+07,4.49996e+06,6.79999e+06,1.15e+07,4.49995e+06,6.79999e+06,1.14999e+07,4.49993e+06,6.79999e+06,1.14999e+07,4.49991e+06,6.79999e+06,1.14999e+07,4.49989e+06,6.79999e+06,1.14999e+07,4.49986e+06,6.79999e+06,1.14999e+07,4.49982e+06,6.79999e+06,1.14999e+07,4.49977e+06,6.79999e+06,1.14999e+07,4.49971e+06,6.79999e+06,1.14999e+07,4.49963e+06,6.79999e+06,1.14998e+07,4.49953e+06,6.79999e+06,1.14998e+07,4.49941e+06,6.79999e+06,1.14998e+07,4.49926e+06,6.79999e+06,1.14998e+07,4.49906e+06,6.79999e+06,1.14997e+07,4.49882e+06,6.79999e+06,1.14997e+07,4.49851e+06,6.79999e+06,1.14997e+07,4.49812e+06,6.79999e+06,1.14996e+07,4.49764e+06,6.79999e+06,1.14996e+07,4.49702e+06,6.79999e+06,1.14995e+07,4.49625e+06,6.79999e+06,1.14995e+07,4.49528e+06,6.79999e+06,1.14994e+07,4.49406e+06,6.79999e+06,1.14993e+07,4.49253e+06,6.79999e+06,1.14992e+07,4.49059e+06,6.79999e+06,1.14991e+07,4.48817e+06,6.79999e+06,1.1499e+07,4.48511e+06,6.79999e+06,1.14988e+07,4.48128e+06,6.79999e+06,1.14987e+07,4.47646e+06,6.79999e+06,1.14985e+07,4.47041e+06,6.79999e+06,1.14983e+07,4.46281e+06,6.79999e+06,1.14981e+07,4.4533e+06,6.79999e+06,1.14979e+07,4.44138e+06,6.79999e+06,1.14976e+07,4.42649e+06,6.79999e+06,1.14972e+07,4.40789e+06,6.79999e+06,1.14969e+07,4.38471e+06,6.79999e+06,1.14965e+07,4.35592e+06,6.79999e+06,1.1496e+07,4.32027e+06,6.79999e+06,1.14955e+07,4.27629e+06,6.79999e+06,1.14949e+07,4.22231e+06,6.79999e+06,1.14942e+07,4.15647e+06,6.79999e+06,1.14934e+07,4.07676e+06,6.79999e+06,1.14926e+07,3.98112e+06,6.79999e+06,1.14916e+07,3.86765e+06,6.79999e+06,1.14905e+07,3.73474e+06,6.79999e+06,1.14892e+07,3.58148e+06,6.79999e+06,1.14878e+07,3.40785e+06,6.79999e+06,1.14862e+07,3.21513e+06,6.79999e+06,1.14844e+07,3.00605e+06,6.79999e+06,1.14823e+07,2.7848e+06,6.79999e+06,1.148e+07,2.5568e+06,6.79999e+06,1.14773e+07,2.32825e+06,6.79999e+06,13.5742,8.52444,0.508366,16.8306,13.2585,0.162638,20.0035,17.569,0.0507846,23.2616,22.4214,0.0158319,26.7328,28.3297,0.00493498,30.5212,35.6974,0.00153831,34.7178,44.9473,0.000479527,39.4086,56.5822,0.000149456,44.6796,71.2245,4.66214e-05,50.6209,89.6543,1.45419e-05,57.3297,112.852,4.54748e-06,64.9129,142.051,1.43857e-06,73.4897,178.803,4.36618e-07,83.1934,225.062,1.40153e-07,94.1745,283.286,4.96378e-08,106.602,356.568,1.05434e-07,120.669,448.799,-6.49244e-08,136.59,564.873,1.70148e-07,154.611,710.948,-5.34594e-08,175.008,894.767,1.63407e-07,198.097,1126.06,8.04804e-08,224.231,1417.07,1.14667e-07,253.813,1783.15,-1.71227e-07,287.297,2243.62,-2.88466e-07,325.198,2822.67,-4.33651e-07,368.098,3550.67,7.9318e-08,416.657,4465.65,3.13319e-07,471.621,5615.16,3.4613e-07,533.835,7058.61,-1.19199e-07,604.255,8870.02,-2.79964e-07,683.962,11141.4,-2.30521e-07,774.182,13986.7,-2.55099e-07,876.299,17546.4,1.23585e-07,991.883,21993.1,1.41192e-07,1122.71,27536.7,-9.71886e-08,1270.78,34430.7,-3.68368e-07,1438.38,42977.7,-3.45379e-07,1628.07,53532.7,-3.25328e-09,1842.77,66504.6,2.6362e-07,2085.77,82350.2,2.53445e-07,2360.79,101560,-2.47407e-08,2672.05,124632,-3.80602e-07,3024.31,152018,-4.79005e-07,3422.98,184060,-1.14379e-07,3874.15,220884,2.64297e-07,4384.72,262283,3.44131e-07,4962.49,307576,7.5349e-08,5616.29,355497,-3.63097e-07,6356.1,404126,-6.05442e-07,7193.18,450932,-2.72333e-07,8140.28,492963,2.29675e-07,9211.79,527178,4.3387e-07,10424,550893,-1.0711e-07,10.102,8.06553,2.81012,10.6436,8.57909,0.869423,11.5336,10.2515,0.270869,12.7211,12.7138,0.0844293,14.1823,15.9373,0.0263173,15.9122,20.0383,0.0082035,17.9198,25.2154,0.00255722,20.2244,31.7373,0.000797017,22.8539,39.9486,0.000248622,25.8438,50.2851,7.75492e-05,29.237,63.2963,2.42508e-05,33.0837,79.6738,7.67162e-06,37.4415,100.288,2.32837e-06,42.3767,126.236,7.33e-07,47.9646,158.896,2.79256e-07,54.2906,200.003,9.87351e-09,61.452,251.741,1.61085e-07,69.5585,316.859,-2.47141e-07,78.7347,398.812,8.93552e-08,89.1218,501.948,-2.53231e-07,100.879,631.736,-1.25047e-07,114.188,795.049,-1.78808e-07,129.252,1000.53,2.6733e-07,146.304,1259.03,4.50292e-07,165.605,1584.19,6.76904e-07,187.452,1993.12,-1.23808e-07,212.181,2507.27,-4.89068e-07,240.173,3153.54,-5.40284e-07,271.856,3965.56,1.86061e-07,307.719,4985.38,4.37004e-07,348.313,6265.4,3.59828e-07,394.26,7870.83,3.98192e-07,446.268,9882.51,-1.92908e-07,505.135,12400.3,-2.20392e-07,571.766,15546.9,1.51705e-07,647.184,19472.2,5.74996e-07,732.547,24357.4,5.39112e-07,829.167,30420,5.07815e-09,938.526,37916.3,-4.11492e-07,1062.3,47143.9,-3.9561e-07,1202.4,58439.2,3.86185e-08,1360.96,72169.3,5.94093e-07,1540.42,88715.8,7.47693e-07,1743.53,108445,1.78537e-07,1973.41,131665,-4.12549e-07,2233.57,158557,-5.37164e-07,2528,189103,-1.17615e-07,2861.2,222986,5.66769e-07,3238.27,259510,9.45053e-07,3664.97,297540,4.25093e-07,4147.81,335497,-3.58506e-07,4694.17,371444,-6.7724e-07,5312.37,403256,1.67192e-07,1.61744,3.89446,9.84394,3.28846,7.5504,12.774,5.07607,11.7187,13.6844,7.03202,16.8147,13.9681,9.20215,23.1769,14.0566,11.6301,31.1672,14.0841,14.3598,41.2186,14.0927,17.4376,53.8688,14.0954,20.9137,69.7915,14.0962,24.8432,89.8341,14.0965,29.2879,115.063,14.0966,34.3168,146.819,14.0966,40.0078,186.792,14.0966,46.4487,237.107,14.0966,53.7388,300.44,14.0966,61.9903,380.158,14.0966,71.3301,480.499,14.0966,81.902,606.796,14.0966,93.8685,765.761,14.0966,107.414,965.837,14.0966,122.746,1217.65,14.0966,140.101,1534.57,14.0966,159.745,1933.41,14.0966,181.981,2435.3,14.0966,207.15,3066.85,14.0966,235.64,3861.46,14.0966,267.889,4861.11,14.0966,304.391,6118.54,14.0966,345.709,7699.91,14.0966,392.478,9688.22,14.0966,445.417,12187.5,14.0966,505.339,15327.7,14.0966,573.165,19271.6,14.0966,649.938,24222,14.0966,736.839,30430.9,14.0966,835.202,38211.5,14.0966,946.539,47950.3,14.0966,1072.56,60122.8,14.0966,1215.21,75309.9,14.0966,1376.66,94216.2,14.0966,1559.41,117688,14.0966,1766.26,146729,14.0966,2000.39,182510,14.0966,2265.39,226372,14.0966,2565.33,279806,14.0966,2904.81,344416,14.0966,3289.05,421845,14.0966,3723.93,513667,14.0966,4216.13,621231,14.0966,4773.18,745478,14.0966,5403.64,886744,14.0966,6117.15,1.04457e+06,14.0966,6924.63,1.2176e+06,14.0966,11.7194,11.96,12.6541,13.9321,16.1295,13.6434,16.6097,21.9702,13.9553,19.7532,29.5285,14.0526,23.3844,39.1143,14.0829,27.5423,51.2054,14.0923,32.2796,66.434,14.0953,37.662,85.6061,14.0962,43.7675,109.74,14.0965,50.687,140.119,14.0966,58.5249,178.359,14.0966,67.4005,226.493,14.0966,77.4493,287.08,14.0966,88.8254,363.343,14.0966,101.703,459.336,14.0966,116.281,580.161,14.0966,132.782,732.241,14.0966,151.46,923.655,14.0966,172.603,1164.57,14.0966,196.535,1467.79,14.0966,223.625,1849.39,14.0966,254.288,2329.62,14.0966,288.997,2933.93,14.0966,328.285,3694.33,14.0966,372.755,4651.04,14.0966,423.092,5854.57,14.0966,480.07,7368.38,14.0966,544.564,9272.08,14.0966,617.566,11665.5,14.0966,700.197,14673.6,14.0966,793.729,18452.9,14.0966,899.599,23198.6,14.0966,1019.43,29154.1,14.0966,1155.07,36622.3,14.0966,1308.6,45977.9,14.0966,1482.39,57683.7,14.0966,1679.09,72307.8,14.0966,1901.73,90542.8,14.0966,2153.73,113226,14.0966,2438.97,141360,14.0966,2761.81,176127,14.0966,3127.22,218898,14.0966,3540.81,271226,14.0966,4008.92,334817,14.0966,4538.74,411470,14.0966,5138.38,502973,14.0966,5817.04,610948,14.0966,6585.12,736653,14.0966,7454.39,880741,14.0966,8438.15,1.04302e+06,14.0966,9551.45,1.22224e+06,14.0966,10811.3,1.41602e+06,14.0966,12237,1.62086e+06,14.0966,11.7194,11.96,12.6541,2.21263,4.16949,0.989383,2.67766,5.84076,0.311842,3.14343,7.55825,0.0972771,3.63127,9.58578,0.0303237,4.15787,12.0912,0.00945211,4.73731,15.2286,0.00294633,5.38238,19.1721,0.000918508,6.10553,24.134,0.000286163,6.91951,30.3791,8.92692e-05,7.83792,38.2397,2.78121e-05,8.87555,48.1338,8.65134e-06,10.0489,60.5876,2.7882e-06,11.3761,76.2629,8.29036e-07,12.8779,95.9927,2.4373e-07,14.5775,120.825,4.33068e-09,16.5012,152.08,1.75749e-07,18.6784,191.415,-1.86328e-07,21.1428,240.917,1.91829e-07,23.9322,303.213,-1.81475e-07,27.0895,381.602,7.0186e-08,30.6634,480.231,-2.86769e-08,34.7087,604.316,2.40784e-07,39.2876,760.401,9.87368e-08,44.4705,956.705,1.22263e-07,50.3371,1203.54,-4.31966e-07,56.9776,1513.81,-1.9705e-07,64.494,1903.69,-2.763e-08,73.0018,2393.4,3.9185e-07,82.6317,3008.13,1.35379e-07,93.5318,3779.25,-4.16351e-08,105.869,4745.7,2.06965e-08,119.834,5955.6,-3.18887e-07,135.641,7468.12,-1.48271e-08,153.531,9355.62,2.00739e-07,173.781,11705.8,2.28358e-07,196.701,14624.1,-1.93587e-08,222.642,18235,-2.88101e-07,252.003,22683.4,-2.24732e-07,285.234,28134,8.56806e-09,322.845,34767,2.34258e-07,365.413,42770.9,2.99668e-07,413.588,52327.9,8.28644e-08,468.111,63591.2,-3.07049e-07,529.814,76653.2,-3.1888e-07,599.642,91502.5,-6.72276e-08,678.662,107975,2.26339e-07,768.083,125705,3.69212e-07,869.267,144088,2.04077e-07,983.76,162277,-2.80509e-07,1113.3,179223,-4.22737e-07,1259.87,193777,-1.71951e-07,1425.68,204839,4.55555e-07,11.7194,11.96,12.6541,2.21263,4.16949,0.989383,2.67766,5.84076,0.311842,3.14343,7.55825,0.0972771,3.63127,9.58578,0.0303237,4.15787,12.0912,0.00945211,4.73731,15.2286,0.00294633,5.38238,19.1721,0.000918508,6.10553,24.134,0.000286163,6.91951,30.3791,8.92692e-05,7.83792,38.2397,2.78121e-05,8.87555,48.1338,8.65134e-06,10.0489,60.5876,2.7882e-06,11.3761,76.2629,8.29036e-07,12.8779,95.9927,2.4373e-07,14.5775,120.825,1e-08,16.5012,152.08,1.75749e-07,18.6784,191.415,1e-08,21.1428,240.917,1.91829e-07,23.9322,303.213,1e-08,27.0895,381.602,7.0186e-08,30.6634,480.231,1e-08,34.7087,604.316,2.40784e-07,39.2876,760.401,9.87368e-08,44.4705,956.705,1.22263e-07,50.3371,1203.54,1e-08,56.9776,1513.81,1e-08,64.494,1903.69,1e-08,73.0018,2393.4,3.9185e-07,82.6317,3008.13,1.35379e-07,93.5318,3779.25,1e-08,105.869,4745.7,2.06965e-08,119.834,5955.6,1e-08,135.641,7468.12,1e-08,153.531,9355.62,2.00739e-07,173.781,11705.8,2.28358e-07,196.701,14624.1,1e-08,222.642,18235,1e-08,252.003,22683.4,1e-08,285.234,28134,1e-08,322.845,34767,2.34258e-07,365.413,42770.9,2.99668e-07,413.588,52327.9,8.28644e-08,468.111,63591.2,1e-08,529.814,76653.2,1e-08,599.642,91502.5,1e-08,678.662,107975,2.26339e-07,768.083,125705,3.69212e-07,869.267,144088,2.04077e-07,983.76,162277,1e-08,1113.3,179223,1e-08,1259.87,193777,1e-08,1425.68,204839,4.55555e-07,6.2823,3.27286,2.43537,0.219672,6.18826,2.24117,0.56371,6.87772,2.63624,0.308279,8,11,8,1,2,2,0,9,0,0,10,0,0,5,0,1,9,0,3,17,0,16,44,0,4,14,0,4,11,0,7,39,0,17,68,0,12,88,0,7,52,0,18,85,0,6,144,0,18,82,0,19,50,0,38,196,0,34,175,0,45,327,0,23,844,0,51,433,0,35,814,0,35,476,0,54,1291,0,48,641,0,44,2124,0,42,4206,0,79,2249,0,82,2192,0,89,5732,0,122,7601,0,147,9589,0,160,5051,0,236,8207,0,179,9025,0,228,27165,0,398,18497,0,134,17558,0,237,29454,0,206,47807,0,521,46310,0,968,67474,0,216,91122,0,739,105443,0,368,82219,0,735,55580,0,1287,130550,0,1105,247525,0,512,109295,0,775,99043,0,871,211242,0
-1.05176e+08,1,8.88811e-15,10,1023,0,1.05176e+08,0.528882,1.08665,0.389689,0.145397,0.379329,3.24381,0.161596,0.446195,1.77396,0.159177,1.15e+07,4.49998e+06,6.79999e+06,1.15e+07,4.49997e+06,6.79999e+06,1.15e+07,4.49996e+06,6.79999e+06,1.15e+07,4.49995e+06,6.79999e+06,1.14999e+07,4.49993e+06,6.79999e+06,1.14999e+07,4.49991e+06,6.79999e+06,1.14999e+07,4.49989e+06,6.79999e+06,1.14999e+07,4.49986e+06,6.79999e+06,1.14999e+07,4.49982e+06,6.79999e+06,1.14999e+07,4.49977e+06,6.79999e+06,1.14999e+07,4.49971e+06,6.79999e+06,1.14999e+07,4.49963e+06,6.79999e+06,1.14998e+07,4.49953e+06,6.79999e+06,1.14998e+07,4.49941e+06,6.79999e+06,1.14998e+07,4.49926e+06,6.79999e+06,1.14998e+07,4.49906e+06,6.79999e+06,1.14997e+07,4.49882e+06,6.79999e+06,1.14997e+07,4.49851e+06,6.79999e+06,1.14997e+07,4.49812e+06,6.79999e+06,1.14996e+07,4.49764e+06,6.79999e+06,1.14996e+07,4.49702e+06,6.79999e+06,1.14995e+07,4.49625e+06,6.79999e+06,1.14995e+07,4.49528e+06,6.79999e+06,1.14994e+07,4.49406e+06,6.79999e+06,1.14993e+07,4.49253e+06,6.79999e+06,1.14992e+07,4.49059e+06,6.79999e+06,1.14991e+07,4.48817e+06,6.79999e+06,1.1499e+07,4.48511e+06,6.79999e+06,1.14988e+07,4.48128e+06,6.79999e+06,1.14987e+07,4.47646e+06,6.79999e+06,1.14985e+07,4.47041e+06,6.79999e+06,1.14983e+07,4.46281e+06,6.79999e+06,1.14981e+07,4.4533e+06,6.79999e+06,1.14979e+07,4.44138e+06,6.79999e+06,1.14976e+07,4.42649e+06,6.79999e+06,1.14972e+07,4.40789e+06,6.79999e+06,1.14969e+07,4.38471e+06,6.79999e+06,1.14965e+07,4.35592e+06,6.79999e+06,1.1496e+07,4.32027e+06,6.79999e+06,1.14955e+07,4.27629e+06,6.79999e+06,1.14949e+07,4.22231e+06,6.79999e+06,1.14942e+07,4.15647e+06,6.79999e+06,1.14934e+07,4.07676e+06,6.79999e+06,1.14926e+07,3.98112e+06,6.79999e+06,1.14916e+07,3.86765e+06,6.79999e+06,1.14905e+07,3.73474e+06,6.79999e+06,1.14892e+07,3.58148e+06,6.79999e+06,1.14878e+07,3.40785e+06,6.79999e+06,1.14862e+07,3.21513e+06,6.79999e+06,1.14844e+07,3.00605e+06,6.79999e+06,1.14823e+07,2.7848e+06,6.79999e+06,1.148e+07,2.5568e+06,6.79999e+06,1.14773e+07,2.32825e+06,6.79999e+06,13.5742,8.52444,0.508366,16.8306,13.2585,0.162638,20.0035,17.569,0.0507846,23.2616,22.4214,0.0158319,26.7328,28.3297,0.00493498,30.5212,35.6974,0.00153831,34.7178,44.9473,0.000479527,39.4086,56.5822,0.000149456,44.6796,71.2245,4.66214e-05,50.6209,89.6543,1.45419e-05,57.3297,112.852,4.54748e-06,64.9129,142.051,1.43857e-06,73.4897,178.803,4.36618e-07,83.1934,225.062,1.40153e-07,94.1745,283.286,4.96378e-08,106.602,356.568,1.05434e-07,120.669,448.799,-6.49244e-08,136.59,564.873,1.70148e-07,154.611,710.948,-5.34594e-08,175.008,894.767,1.63407e-07,198.097,1126.06,8.04804e-08,224.231,1417.07,1.14667e-07,253.813,1783.15,-1.71227e-07,287.297,2243.62,-2.88466e-07,325.198,2822.67,-4.33651e-07,368.098,3550.67,7.9318e-08,416.657,4465.65,3.13319e-07,471.621,5615.16,3.4613e-07,533.835,7058.61,-1.19199e-07,604.255,8870.02,-2.79964e-07,683.962,11141.4,-2.30521e-07,774.182,13986.7,-2.55099e-07,876.299,17546.4,1.23585e-07,991.883,21993.1,1.41192e-07,1122.71,27536.7,-9.71886e-08,1270.78,34430.7,-3.68368e-07,1438.38,42977.7,-3.45379e-07,1628.07,53532.7,-3.25328e-09,1842.77,66504.6,2.6362e-07,2085.77,82350.2,2.53445e-07,2360.79,101560,-2.47407e-08,2672.05,124632,-3.80602e-07,3024.31,152018,-4.79005e-07,3422.98,184060,-1.14379e-07,3874.15,220884,2.64297e-07,4384.72,262283,3.44131e-07,4962.49,307576,7.5349e-08,5616.29,355497,-3.63097e-07,6356.1,404126,-6.05442e-07,7193.18,450932,-2.72333e-07,8140.28,492963,2.29675e-07,9211.79,527178,4.3387e-07,10424,550893,-1.0711e-07,10.102,8.06553,2.81012,10.6436,8.57909,0.869423,11.5336,10.2515,0.270869,12.7211,12.7138,0.0844293,14.1823,15.9373,0.0263173,15.9122,20.0383,0.0082035,17.9198,25.2154,0.00255722,20.2244,31.7373,0.000797017,22.8539,39.9486,0.000248622,25.8438,50.2851,7.75492e-05,29.237,63.2963,2.42508e-05,33.0837,79.6738,7.67162e-06,37.4415,100.288,2.32837e-06,42.3767,126.236,7.33e-07,47.9646,158.896,2.79256e-07,54.2906,200.003,9.87351e-09,61.452,251.741,1.61085e-07,69.5585,316.859,-2.47141e-07,78.7347,398.812,8.93552e-08,89.1218,501.948,-2.53231e-07,100.879,631.736,-1.25047e-07,114.188,795.049,-1.78808e-07,129.252,1000.53,2.6733e-07,146.304,1259.03,4.50292e-07,165.605,1584.19,6.76904e-07,187.452,1993.12,-1.23808e-07,212.181,2507.27,-4.89068e-07,240.173,3153.54,-5.40284e-07,271.856,3965.56,1.86061e-07,307.719,4985.38,4.37004e-07,348.313,6265.4,3.59828e-07,394.26,7870.83,3.98192e-07,446.268,9882.51,-1.92908e-07,505.135,12400.3,-2.20392e-07,571.766,15546.9,1.51705e-07,647.184,19472.2,5.74996e-07,732.547,24357.4,5.39112e-07,829.167,30420,5.07815e-09,938.526,37916.3,-4.11492e-07,1062.3,47143.9,-3.9561e-07,1202.4,58439.2,3.86185e-08,1360.96,72169.3,5.94093e-07,1540.42,88715.8,7.47693e-07,1743.53,108445,1.78537e-07,1973.41,131665,-4.12549e-07,2233.57,158557,-5.37164e-07,2528,189103,-1.17615e-07,2861.2,222986,5.66769e-07,3238.27,259510,9.45053e-07,3664.97,297540,4.25093e-07,4147.81,335497,-3.58506e-07,4694.17,371444,-6.7724e-07,5312.37,403256,1.67192e-07,1.61744,3.89446,9.84394,3.28846,7.5504,12.774,5.07607,11.7187,13.6844,7.03202,16.8147,13.9681,9.20215,23.1769,14.0566,11.6301,31.1672,14.0841,14.3598,41.2186,14.0927,17.4376,53.8688,14.0954,20.9137,69.7915,14.0962,24.8432,89.8341,14.0965,29.2879,115.063,14.0966,34.3168,146.819,14.0966,40.0078,186.792,14.0966,46.4487,237.107,14.0966,53.7388,300.44,14.0966,61.9903,380.158,14.0966,71.3301,480.499,14.0966,81.902,606.796,14.0966,93.8685,765.761,14.0966,107.414,965.837,14.0966,122.746,1217.65,14.0966,140.101,1534.57,14.0966,159.745,1933.41,14.0966,181.981,2435.3,14.0966,207.15,3066.85,14.0966,235.64,3861.46,14.0966,267.889,4861.11,14.0966,304.391,6118.54,14.0966,345.709,7699.91,14.0966,392.478,9688.22,14.0966,445.417,12187.5,14.0966,505.339,15327.7,14.0966,573.165,19271.6,14.0966,649.938,24222,14.0966,736.839,30430.9,14.0966,835.202,38211.5,14.0966,946.539,47950.3,14.0966,1072.56,60122.8,14.0966,1215.21,75309.9,14.0966,1376.66,94216.2,14.0966,1559.41,117688,14.0966,1766.26,146729,14.0966,2000.39,182510,14.0966,2265.39,226372,14.0966,2565.33,279806,14.0966,2904.81,344416,14.0966,3289.05,421845,14.0966,3723.93,513667,14.0966,4216.13,621231,14.0966,4773.18,745478,14.0966,5403.64,886744,14.0966,6117.15,1.04457e+06,14.0966,6924.63,1.2176e+06,14.0966,11.7194,11.96,12.6541,13.9321,16.1295,13.6434,16.6097,21.9702,13.9553,19.7532,29.5285,14.0526,23.3844,39.1143,14.0829,27.5423,51.2054,14.0923,32.2796,66.434,14.0953,37.662,85.6061,14.0962,43.7675,109.74,14.0965,50.687,140.119,14.0966,58.5249,178.359,14.0966,67.4005,226.493,14.0966,77.4493,287.08,14.0966,88.8254,363.343,14.0966,101.703,459.336,14.0966,116.281,580.161,14.0966,132.782,732.241,14.0966,151.46,923.655,14.0966,172.603,1164.57,14.0966,196.535,1467.79,14.0966,223.625,1849.39,14.0966,254.288,2329.62,14.0966,288.997,2933.93,14.0966,328.285,3694.33,14.0966,372.755,4651.04,14.0966,423.092,5854.57,14.0966,480.07,7368.38,14.0966,544.564,9272.08,14.0966,617.566,11665.5,14.0966,700.197,14673.6,14.0966,793.729,18452.9,14.0966,899.599,23198.6,14.0966,1019.43,29154.1,14.0966,1155.07,36622.3,14.0966,1308.6,45977.9,14.0966,1482.39,57683.7,14.0966,1679.09,72307.8,14.0966,1901.73,90542.8,14.0966,2153.73,113226,14.0966,2438.97,141360,14.0966,2761.81,176127,14.0966,3127.22,218898,14.0966,3540.81,271226,14.0966,4008.92,334817,14.0966,4538.74,411470,14.0966,5138.38,502973,14.0966,5817.04,610948,14.0966,6585.12,736653,14.0966,7454.39,880741,14.0966,8438.15,1.04302e+06,14.0966,9551.45,1.22224e+06,14.0966,10811.3,1.41602e+06,14.0966,12237,1.62086e+06,14.0966,11.7194,11.96,12.6541,2.21263,4.16949,0.989383,2.67766,5.84076,0.311842,3.14343,7.55825,0.0972771,3.63127,9.58578,0.0303237,4.15787,12.0912,0.00945211,4.73731,15.2286,0.00294633,5.38238,19.1721,0.000918508,6.10553,24.134,0.000286163,6.91951,30.3791,8.92692e-05,7.83792,38.2397,2.78121e-05,8.87555,48.1338,8.65134e-06,10.0489,60.5876,2.7882e-06,11.3761,76.2629,8.29036e-07,12.8779,95.9927,2.4373e-07,14.5775,120.825,4.33068e-09,16.5012,152.08,1.75749e-07,18.6784,191.415,-1.86328e-07,21.1428,240.917,1.91829e-07,23.9322,303.213,-1.81475e-07,27.0895,381.602,7.0186e-08,30.6634,480.231,-2.86769e-08,34.7087,604.316,2.40784e-07,39.2876,760.401,9.87368e-08,44.4705,956.705,1.22263e-07,50.3371,1203.54,-4.31966e-07,56.9776,1513.81,-1.9705e-07,64.494,1903.69,-2.763e-08,73.0018,2393.4,3.9185e-07,82.6317,3008.13,1.35379e-07,93.5318,3779.25,-4.16351e-08,105.869,4745.7,2.06965e-08,119.834,5955.6,-3.18887e-07,135.641,7468.12,-1.48271e-08,153.531,9355.62,2.00739e-07,173.781,11705.8,2.28358e-07,196.701,14624.1,-1.93587e-08,222.642,18235,-2.88101e-07,252.003,22683.4,-2.24732e-07,285.234,28134,8.56806e-09,322.845,34767,2.34258e-07,365.413,42770.9,2.99668e-07,413.588,52327.9,8.28644e-08,468.111,63591.2,-3.07049e-07,529.814,76653.2,-3.1888e-07,599.642,91502.5,-6.72276e-08,678.662,107975,2.26339e-07,768.083,125705,3.69212e-07,869.267,144088,2.04077e-07,983.76,162277,-2.80509e-07,1113.3,179223,-4.22737e-07,1259.87,193777,-1.71951e-07,1425.68,204839,4.55555e-07,11.7194,11.96,12.6541,2.21263,4.16949,0.989383,2.67766,5.84076,0.311842,3.14343,7.55825,0.0972771,3.63127,9.58578,0.0303237,4.15787,12.0912,0.00945211,4.73731,15.2286,0.00294633,5.38238,19.1721,0.000918508,6.10553,24.134,0.000286163,6.91951,30.3791,8.92692e-05,7.83792,38.2397,2.78121e-05,8.87555,48.1338,8.65134e-06,10.0489,60.5876,2.7882e-06,11.3761,76.2629,8.29036e-07,12.8779,95.9927,2.4373e-07,14.5775,120.825,1e-08,16.5012,152.08,1.75749e-07,18.6784,191.415,1e-08,21.1428,240.917,1.91829e-07,23.9322,303.213,1e-08,27.0895,381.602,7.0186e-08,30.6634,480.231,1e-08,34.7087,604.316,2.40784e-07,39.2876,760.401,9.87368e-08,44.4705,956.705,1.22263e-07,50.3371,1203.54,1e-08,56.9776,1513.81,1e-08,64.494,1903.69,1e-08,73.0018,2393.4,3.9185e-07,82.6317,3008.13,1.35379e-07,93.5318,3779.25,1e-08,105.869,4745.7,2.06965e-08,119.834,5955.6,1e-08,135.641,7468.12,1e-08,153.531,9355.62,2.00739e-07,173.781,11705.8,2.28358e-07,196.701,14624.1,1e-08,222.642,18235,1e-08,252.003,22683.4,1e-08,285.234,28134,1e-08,322.845,34767,2.34258e-07,365.413,42770.9,2.99668e-07,413.588,52327.9,8.28644e-08,468.111,63591.2,1e-08,529.814,76653.2,1e-08,599.642,91502.5,1e-08,678.662,107975,2.26339e-07,768.083,125705,3.69212e-07,869.267,144088,2.04077e-07,983.76,162277,1e-08,1113.3,179223,1e-08,1259.87,193777,1e-08,1425.68,204839,4.55555e-07,6.2823,3.27286,2.43537,0.219672,6.18826,2.24117,0.56371,6.87772,2.63624,0.308279,6,15,22,3,0,0,3,7,1,1,18,0,8,11,0,1,18,0,5,40,0,5,13,0,6,20,0,10,24,0,10,43,0,8,26,0,6,41,0,5,94,0,7,91,0,10,122,0,9,210,0,12,181,0,24,106,0,40,473,0,22,427,0,19,300,0,36,837,0,50,509,0,31,924,0,17,1281,0,35,711,0,66,2055,0,100,2955,0,69,1830,0,198,3535,0,82,8080,0,119,5025,0,89,6649,0,24,7302,0,109,7065,0,334,12351,0,184,19682,0,319,13925,0,300,28526,0,490,17606,0,500,38695,0,396,42559,0,316,60480,0,444,59552,0,428,112008,0,755,51291,0,561,208048,0,856,106460,0,592,213032,0,1791,44927,0,638,246052,0,1514,341093,0
-1.05176e+08,1,8.88811e-15,10,1023,0,1.05176e+08,0.528882,1.08665,0.389689,0.145397,0.379329,3.24381,0.161596,0.446195,1.77396,0.159177,1.15e+07,4.49998e+06,6.79999e+06,1.15e+07,4.49997e+06,6.79999e+06,1.15e+07,4.49996e+06,6.79999e+06,1.15e+07,4.49995e+06,6.79999e+06,1.14999e+07,4.49993e+06,6.79999e+06,1.14999e+07,4.49991e+06,6.79999e+06,1.14999e+07,4.49989e+06,6.79999e+06,1.14999e+07,4.49986e+06,6.79999e+06,1.14999e+07,4.49982e+06,6.79999e+06,1.14999e+07,4.49977e+06,6.79999e+06,1.14999e+07,4.49971e+06,6.79999e+06,1.14999e+07,4.49963e+06,6.79999e+06,1.14998e+07,4.49953e+06,6.79999e+06,1.14998e+07,4.49941e+06,6.79999e+06,1.14998e+07,4.49926e+06,6.79999e+06,1.14998e+07,4.49906e+06,6.79999e+06,1.14997e+07,4.49882e+06,6.79999e+06,1.14997e+07,4.49851e+06,6.79999e+06,1.14997e+07,4.49812e+06,6.79999e+06,1.14996e+07,4.49764e+06,6.79999e+06,1.14996e+07,4.49702e+06,6.79999e+06,1.14995e+07,4.49625e+06,6.79999e+06,1.14995e+07,4.49528e+06,6.79999e+06,1.14994e+07,4.49406e+06,6.79999e+06,1.14993e+07,4.49253e+06,6.79999e+06,1.14992e+07,4.49059e+06,6.79999e+06,1.14991e+07,4.48817e+06,6.79999e+06,1.1499e+07,4.48511e+06,6.79999e+06,1.14988e+07,4.48128e+06,6.79999e+06,1.14987e+07,4.47646e+06,6.79999e+06,1.14985e+07,4.47041e+06,6.79999e+06,1.14983e+07,4.46281e+06,6.79999e+06,1.14981e+07,4.4533e+06,6.79999e+06,1.14979e+07,4.44138e+06,6.79999e+06,1.14976e+07,4.42649e+06,6.79999e+06,1.14972e+07,4.40789e+06,6.79999e+06,1.14969e+07,4.38471e+06,6.79999e+06,1.14965e+07,4.35592e+06,6.79999e+06,1.1496e+07,4.32027e+06,6.79999e+06,1.14955e+07,4.27629e+06,6.79999e+06,1.14949e+07,4.22231e+06,6.79999e+06,1.14942e+07,4.15647e+06,6.79999e+06,1.14934e+07,4.07676e+06,6.79999e+06,1.14926e+07,3.98112e+06,6.79999e+06,1.14916e+07,3.86765e+06,6.79999e+06,1.14905e+07,3.73474e+06,6.79999e+06,1.14892e+07,3.58148e+06,6.79999e+06,1.14878e+07,3.40785e+06,6.79999e+06,1.14862e+07,3.21513e+06,6.79999e+06,1.14844e+07,3.00605e+06,6.79999e+06,1.14823e+07,2.7848e+06,6.79999e+06,1.148e+07,2.5568e+06,6.79999e+06,1.14773e+07,2.32825e+06,6.79999e+06,13.5742,8.52444,0.508366,16.8306,13.2585,0.162638,20.0035,17.569,0.0507846,23.2616,22.4214,0.0158319,26.7328,28.3297,0.00493498,30.5212,35.6974,0.00153831,34.7178,44.9473,0.000479527,39.4086,56.5822,0.000149456,44.6796,71.2245,4.66214e-05,50.6209,89.6543,1.45419e-05,57.3297,112.852,4.54748e-06,64.9129,142.051,1.43857e-06,73.4897,178.803,4.36618e-07,83.1934,225.062,1.40153e-07,94.1745,283.286,4.96378e-08,106.602,356.568,1.05434e-07,120.669,448.799,-6.49244e-08,136.59,564.873,1.70148e-07,154.611,710.948,-5.34594e-08,175.008,894.767,1.63407e-07,198.097,1126.06,8.04804e-08,224.231,1417.07,1.14667e-07,253.813,1783.15,-1.71227e-07,287.297,2243.62,-2.88466e-07,325.198,2822.67,-4.33651e-07,368.098,3550.67,7.9318e-08,416.657,4465.65,3.13319e-07,471.621,5615.16,3.4613e-07,533.835,7058.61,-1.19199e-07,604.255,8870.02,-2.79964e-07,683.962,11141.4,-2.30521e-07,774.182,13986.7,-2.55099e-07,876.299,17546.4,1.23585e-07,991.883,21993.1,1.41192e-07,1122.71,27536.7,-9.71886e-08,1270.78,34430.7,-3.68368e-07,1438.38,42977.7,-3.45379e-07,1628.07,53532.7,-3.25328e-09,1842.77,66504.6,2.6362e-07,2085.77,82350.2,2.53445e-07,2360.79,101560,-2.47407e-08,2672.05,124632,-3.80602e-07,3024.31,152018,-4.79005e-07,3422.98,184060,-1.14379e-07,3874.15,220884,2.64297e-07,4384.72,262283,3.44131e-07,4962.49,307576,7.5349e-08,5616.29,355497,-3.63097e-07,6356.1,404126,-6.05442e-07,7193.18,450932,-2.72333e-07,8140.28,492963,2.29675e-07,9211.79,527178,4.3387e-07,10424,550893,-1.0711e-07,10.102,8.06553,2.81012,10.6436,8.57909,0.869423,11.5336,10.2515,0.270869,12.7211,12.7138,0.0844293,14.1823,15.9373,0.0263173,15.9122,20.0383,0.0082035,17.9198,25.2154,0.00255722,20.2244,31.7373,0.000797017,22.8539,39.9486,0.000248622,25.8438,50.2851,7.75492e-05,29.237,63.2963,2.42508e-05,33.0837,79.6738,7.67162e-06,37.4415,100.288,2.32837e-06,42.3767,126.236,7.33e-07,47.9646,158.896,2.79256e-07,54.2906,200.003,9.87351e-09,61.452,251.741,1.61085e-07,69.5585,316.859,-2.47141e-07,78.7347,398.812,8.93552e-08,89.1218,501.948,-2.53231e-07,100.879,631.736,-1.25047e-07,114.188,795.049,-1.78808e-07,129.252,1000.53,2.6733e-07,146.304,1259.03,4.50292e-07,165.605,1584.19,6.76904e-07,187.452,1993.12,-1.23808e-07,212.181,2507.27,-4.89068e-07,240.173,3153.54,-5.40284e-07,271.856,3965.56,1.86061e-07,307.719,4985.38,4.37004e-07,348.313,6265.4,3.59828e-07,394.26,7870.83,3.98192e-07,446.268,9882.51,-1.92908e-07,505.135,12400.3,-2.20392e-07,571.766,15546.9,1.51705e-07,647.184,19472.2,5.74996e-07,732.547,24357.4,5.39112e-07,829.167,30420,5.07815e-09,938.526,37916.3,-4.11492e-07,1062.3,47143.9,-3.9561e-07,1202.4,58439.2,3.86185e-08,1360.96,72169.3,5.94093e-07,1540.42,88715.8,7.47693e-07,1743.53,108445,1.78537e-07,1973.41,131665,-4.12549e-07,2233.57,158557,-5.37164e-07,2528,189103,-1.17615e-07,2861.2,222986,5.66769e-07,3238.27,259510,9.45053e-07,3664.97,297540,4.25093e-07,4147.81,335497,-3.58506e-07,4694.17,371444,-6.7724e-07,5312.37,403256,1.67192e-07,1.61744,3.89446,9.84394,3.28846,7.5504,12.774,5.07607,11.7187,13.6844,7.03202,16.8147,13.9681,9.20215,23.1769,14.0566,11.6301,31.1672,14.0841,14.3598,41.2186,14.0927,17.4376,53.8688,14.0954,20.9137,69.7915,14.0962,24.8432,89.8341,14.0965,29.2879,115.063,14.0966,34.3168,146.819,14.0966,40.0078,186.792,14.0966,46.4487,237.107,14.0966,53.7388,300.44,14.0966,61.9903,380.158,14.0966,71.3301,480.499,14.0966,81.902,606.796,14.0966,93.8685,765.761,14.0966,107.414,965.837,14.0966,122.746,1217.65,14.0966,140.101,1534.57,14.0966,159.745,1933.41,14.0966,181.981,2435.3,14.0966,207.15,3066.85,14.0966,235.64,3861.46,14.0966,267.889,4861.11,14.0966,304.391,6118.54,14.0966,345.709,7699.91,14.0966,392.478,9688.22,14.0966,445.417,12187.5,14.0966,505.339,15327.7,14.0966,573.165,19271.6,14.0966,649.938,24222,14.0966,736.839,30430.9,14.0966,835.202,38211.5,14.0966,946.539,47950.3,14.0966,1072.56,60122.8,14.0966,1215.21,75309.9,14.0966,1376.66,94216.2,14.0966,1559.41,117688,14.0966,1766.26,146729,14.0966,2000.39,182510,14.0966,2265.39,226372,14.0966,2565.33,279806,14.0966,2904.81,344416,14.0966,3289.05,421845,14.0966,3723.93,513667,14.0966,4216.13,621231,14.0966,4773.18,745478,14.0966,5403.64,886744,14.0966,6117.15,1.04457e+06,14.0966,6924.63,1.2176e+06,14.0966,11.7194,11.96,12.6541,13.9321,16.1295,13.6434,16.6097,21.9702,13.9553,19.7532,29.5285,14.0526,23.3844,39.1143,14.0829,27.5423,51.2054,14.0923,32.2796,66.434,14.0953,37.662,85.6061,14.0962,43.7675,109.74,14.0965,50.687,140.119,14.0966,58.5249,178.359,14.0966,67.4005,226.493,14.0966,77.4493,287.08,14.0966,88.8254,363.343,14.0966,101.703,459.336,14.0966,116.281,580.161,14.0966,132.782,732.241,14.0966,151.46,923.655,14.0966,172.603,1164.57,14.0966,196.535,1467.79,14.0966,223.625,1849.39,14.0966,254.288,2329.62,14.0966,288.997,2933.93,14.0966,328.285,3694.33,14.0966,372.755,4651.04,14.0966,423.092,5854.57,14.0966,480.07,7368.38,14.0966,544.564,9272.08,14.0966,617.566,11665.5,14.0966,700.197,14673.6,14.0966,793.729,18452.9,14.0966,899.599,23198.6,14.0966,1019.43,29154.1,14.0966,1155.07,36622.3,14.0966,1308.6,45977.9,14.0966,1482.39,57683.7,14.0966,1679.09,72307.8,14.0966,1901.73,90542.8,14.0966,2153.73,113226,14.0966,2438.97,141360,14.0966,2761.81,176127,14.0966,3127.22,218898,14.0966,3540.81,271226,14.0966,4008.92,334817,14.0966,4538.74,411470,14.0966,5138.38,502973,14.0966,5817.04,610948,14.0966,6585.12,736653,14.0966,7454.39,880741,14.0966,8438.15,1.04302e+06,14.0966,9551.45,1.22224e+06,14.0966,10811.3,1.41602e+06,14.0966,12237,1.62086e+06,14.0966,11.7194,11.96,12.6541,2.21263,4.16949,0.989383,2.67766,5.84076,0.311842,3.14343,7.55825,0.0972771,3.63127,9.58578,0.0303237,4.15787,12.0912,0.00945211,4.73731,15.2286,0.00294633,5.38238,19.1721,0.000918508,6.10553,24.134,0.000286163,6.91951,30.3791,8.92692e-05,7.83792,38.2397,2.78121e-05,8.87555,48.1338,8.65134e-06,10.0489,60.5876,2.7882e-06,11.3761,76.2629,8.29036e-07,12.8779,95.9927,2.4373e-07,14.5775,120.825,4.33068e-09,16.5012,152.08,1.75749e-07,18.6784,191.415,-1.86328e-07,21.1428,240.917,1.91829e-07,23.9322,303.213,-1.81475e-07,27.0895,381.602,7.0186e-08,30.6634,480.231,-2.86769e-08,34.7087,604.316,2.40784e-07,39.2876,760.401,9.87368e-08,44.4705,956.705,1.22263e-07,50.3371,1203.54,-4.31966e-07,56.9776,1513.81,-1.9705e-07,64.494,1903.69,-2.763e-08,73.0018,2393.4,3.9185e-07,82.6317,3008.13,1.35379e-07,93.5318,3779.25,-4.16351e-08,105.869,4745.7,2.06965e-08,119.834,5955.6,-3.18887e-07,135.641,7468.12,-1.48271e-08,153.531,9355.62,2.00739e-07,173.781,11705.8,2.28358e-07,196.701,14624.1,-1.93587e-08,222.642,18235,-2.88101e-07,252.003,22683.4,-2.24732e-07,285.234,28134,8.56806e-09,322.845,34767,2.34258e-07,365.413,42770.9,2.99668e-07,413.588,52327.9,8.28644e-08,468.111,63591.2,-3.07049e-07,529.814,76653.2,-3.1888e-07,599.642,91502.5,-6.72276e-08,678.662,107975,2.26339e-07,768.083,125705,3.69212e-07,869.267,144088,2.04077e-07,983.76,162277,-2.80509e-07,1113.3,179223,-4.22737e-07,1259.87,193777,-1.71951e-07,1425.68,204839,4.55555e-07,11.7194,11.96,12.6541,2.21263,4.16949,0.989383,2.67766,5.84076,0.311842,3.14343,7.55825,0.0972771,3.63127,9.58578,0.0303237,4.15787,12.0912,0.00945211,4.73731,15.2286,0.00294633,5.38238,19.1721,0.000918508,6.10553,24.134,0.000286163,6.91951,30.3791,8.92692e-05,7.83792,38.2397,2.78121e-05,8.87555,48.1338,8.65134e-06,10.0489,60.5876,2.7882e-06,11.3761,76.2629,8.29036e-07,12.8779,95.9927,2.4373e-07,14.5775,120.825,1e-08,16.5012,152.08,1.75749e-07,18.6784,191.415,1e-08,21.1428,240.917,1.91829e-07,23.9322,303.213,1e-08,27.0895,381.602,7.0186e-08,30.6634,480.231,1e-08,34.7087,604.316,2.40784e-07,39.2876,760.401,9.87368e-08,44.4705,956.705,1.22263e-07,50.3371,1203.54,1e-08,56.9776,1513.81,1e-08,64.494,1903.69,1e-08,73.0018,2393.4,3.9185e-07,82.6317,3008.13,1.35379e-07,93.5318,3779.25,1e-08,105.869,4745.7,2.06965e-08,119.834,5955.6,1e-08,135.641,7468.12,1e-08,153.531,9355.62,2.00739e-07,173.781,11705.8,2.28358e-07,196.701,14624.1,1e-08,222.642,18235,1e-08,252.003,22683.4,1e-08,285.234,28134,1e-08,322.845,34767,2.34258e-07,365.413,42770.9,2.99668e-07,413.588,52327.9,8.28644e-08,468.111,63591.2,1e-08,529.814,76653.2,1e-08,599.642,91502.5,1e-08,678.662,107975,2.26339e-07,768.083,125705,3.69212e-07,869.267,144088,2.04077e-07,983.76,162277,1e-08,1113.3,179223,1e-08,1259.87,193777,1e-08,1425.68,204839,4.55555e-07,6.2823,3.27286,2.43537,0.219672,6.18826,2.24117,0.56371,6.87772,2.63624,0.308279,6,6,31,3,2,2,4,8,0,3,3,0,6,3,0,4,21,0,2,16,0,12,19,0,4,13,0,11,19,0,10,24,0,13,47,0,4,92,0,13,45,0,4,74,0,12,219,0,24,193,0,14,141,0,9,426,0,22,144,0,29,722,0,51,568,0,34,589,0,62,1320,0,63,945,0,52,683,0,93,1967,0,73,1380,0,53,1646,0,68,3236,0,96,7482,0,160,3589,0,174,4946,0,189,15690,0,91,13679,0,227,8032,0,251,23571,0,176,13974,0,455,15516,0,334,20756,0,286,9356,0,503,34373,0,262,28433,0,597,59108,0,434,129161,0,489,54330,0,589,137062,0,717,172739,0,469,197772,0,432,165567,0,1347,155070,0,1206,172465,0,1195,169414,0
-1.05176e+08,1,8.88811e-15,10,1023,0,1.05176e+08,0.528882,1.08665,0.389689,0.145397,0.379329,3.24381,0.161596,0.446195,1.77396,0.159177,1.15e+07,4.49998e+06,6.79999e+06,1.15e+07,4.49997e+06,6.79999e+06,1.15e+07,4.49996e+06,6.79999e+06,1.15e+07,4.49995e+06,6.79999e+06,1.14999e+07,4.49993e+06,6.79999e+06,1.14999e+07,4.49991e+06,6.79999e+06,1.14999e+07,4.49989e+06,6.79999e+06,1.14999e+07,4.49986e+06,6.79999e+06,1.14999e+07,4.49982e+06,6.79999e+06,1.14999e+07,4.49977e+06,6.79999e+06,1.14999e+07,4.49971e+06,6.79999e+06,1.14999e+07,4.49963e+06,6.79999e+06,1.14998e+07,4.49953e+06,6.79999e+06,1.14998e+07,4.49941e+06,6.79999e+06,1.14998e+07,4.49926e+06,6.79999e+06,1.14998e+07,4.49906e+06,6.79999e+06,1.14997e+07,4.49882e+06,6.79999e+06,1.14997e+07,4.49851e+06,6.79999e+06,1.14997e+07,4.49812e+06,6.79999e+06,1.14996e+07,4.49764e+06,6.79999e+06,1.14996e+07,4.49702e+06,6.79999e+06,1.14995e+07,4.49625e+06,6.79999e+06,1.14995e+07,4.49528e+06,6.79999e+06,1.14994e+07,4.49406e+06,6.79999e+06,1.14993e+07,4.49253e+06,6.79999e+06,1.14992e+07,4.49059e+06,6.79999e+06,1.14991e+07,4.48817e+06,6.79999e+06,1.1499e+07,4.48511e+06,6.79999e+06,1.14988e+07,4.48128e+06,6.79999e+06,1.14987e+07,4.47646e+06,6.79999e+06,1.14985e+07,4.47041e+06,6.79999e+06,1.14983e+07,4.46281e+06,6.79999e+06,1.14981e+07,4.4533e+06,6.79999e+06,1.14979e+07,4.44138e+06,6.79999e+06,1.14976e+07,4.42649e+06,6.79999e+06,1.14972e+07,4.40789e+06,6.79999e+06,1.14969e+07,4.38471e+06,6.79999e+06,1.14965e+07,4.35592e+06,6.79999e+06,1.1496e+07,4.32027e+06,6.79999e+06,1.14955e+07,4.27629e+06,6.79999e+06,1.14949e+07,4.22231e+06,6.79999e+06,1.14942e+07,4.15647e+06,6.79999e+06,1.14934e+07,4.07676e+06,6.79999e+06,1.14926e+07,3.98112e+06,6.79999e+06,1.14916e+07,3.86765e+06,6.79999e+06,1.14905e+07,3.73474e+06,6.79999e+06,1.14892e+07,3.58148e+06,6.79999e+06,1.14878e+07,3.40785e+06,6.79999e+06,1.14862e+07,3.21513e+06,6.79999e+06,1.14844e+07,3.00605e+06,6.79999e+06,1.14823e+07,2.7848e+06,6.79999e+06,1.148e+07,2.5568e+06,6.79999e+06,1.14773e+07,2.32825e+06,6.79999e+06,13.5742,8.52444,0.508366,16.8306,13.2585,0.162638,20.0035,17.569,0.0507846,23.2616,22.4214,0.0158319,26.7328,28.3297,0.00493498,30.5212,35.6974,0.00153831,34.7178,44.9473,0.000479527,39.4086,56.5822,0.000149456,44.6796,71.2245,4.66214e-05,50.6209,89.6543,1.45419e-05,57.3297,112.852,4.54748e-06,64.9129,142.051,1.43857e-06,73.4897,178.803,4.36618e-07,83.1934,225.062,1.40153e-07,94.1745,283.286,4.96378e-08,106.602,356.568,1.05434e-07,120.669,448.799,-6.49244e-08,136.59,564.873,1.70148e-07,154.611,710.948,-5.34594e-08,175.008,894.767,1.63407e-07,198.097,1126.06,8.04804e-08,224.231,1417.07,1.14667e-07,253.813,1783.15,-1.71227e-07,287.297,2243.62,-2.88466e-07,325.198,2822.67,-4.33651e-07,368.098,3550.67,7.9318e-08,416.657,4465.65,3.13319e-07,471.621,5615.16,3.4613e-07,533.835,7058.61,-1.19199e-07,604.255,8870.02,-2.79964e-07,683.962,11141.4,-2.30521e-07,774.182,13986.7,-2.55099e-07,876.299,17546.4,1.23585e-07,991.883,21993.1,1.41192e-07,1122.71,27536.7,-9.71886e-08,1270.78,34430.7,-3.68368e-07,1438.38,42977.7,-3.45379e-07,1628.07,53532.7,-3.25328e-09,1842.77,66504.6,2.6362e-07,2085.77,82350.2,2.53445e-07,2360.79,101560,-2.47407e-08,2672.05,124632,-3.80602e-07,3024.31,152018,-4.79005e-07,3422.98,184060,-1.14379e-07,3874.15,220884,2.64297e-07,4384.72,262283,3.44131e-07,4962.49,307576,7.5349e-08,5616.29,355497,-3.63097e-07,6356.1,404126,-6.05442e-07,7193.18,450932,-2.72333e-07,8140.28,492963,2.29675e-07,9211.79,527178,4.3387e-07,10424,550893,-1.0711e-07,10.102,8.06553,2.81012,10.6436,8.57909,0.869423,11.5336,10.2515,0.270869,12.7211,12.7138,0.0844293,14.1823,15.9373,0.0263173,15.9122,20.0383,0.0082035,17.9198,25.2154,0.00255722,20.2244,31.7373,0.000797017,22.8539,39.9486,0.000248622,25.8438,50.2851,7.75492e-05,29.237,63.2963,2.42508e-05,33.0837,79.6738,7.67162e-06,37.4415,100.288,2.32837e-06,42.3767,126.236,7.33e-07,47.9646,158.896,2.79256e-07,54.2906,200.003,9.87351e-09,61.452,251.741,1.61085e-07,69.5585,316.859,-2.47141e-07,78.7347,398.812,8.93552e-08,89.1218,501.948,-2.53231e-07,100.879,631.736,-1.25047e-07,114.188,795.049,-1.78808e-07,129.252,1000.53,2.6733e-07,146.304,1259.03,4.50292e-07,165.605,1584.19,6.76904e-07,187.452,1993.12,-1.23808e-07,212.181,2507.27,-4.89068e-07,240.173,3153.54,-5.40284e-07,271.856,3965.56,1.86061e-07,307.719,4985.38,4.37004e-07,348.313,6265.4,3.59828e-07,394.26,7870.83,3.98192e-07,446.268,9882.51,-1.92908e-07,505.135,12400.3,-2.20392e-07,571.766,15546.9,1.51705e-07,647.184,19472.2,5.74996e-07,732.547,24357.4,5.39112e-07,829.167,30420,5.07815e-09,938.526,37916.3,-4.11492e-07,1062.3,47143.9,-3.9561e-07,1202.4,58439.2,3.86185e-08,1360.96,72169.3,5.94093e-07,1540.42,88715.8,7.47693e-07,1743.53,108445,1.78537e-07,1973.41,131665,-4.12549e-07,2233.57,158557,-5.37164e-07,2528,189103,-1.17615e-07,2861.2,222986,5.66769e-07,3238.27,259510,9.45053e-07,3664.97,297540,4.25093e-07,4147.81,335497,-3.58506e-07,4694.17,371444,-6.7724e-07,5312.37,403256,1.67192e-07,1.61744,3.89446,9.84394,3.28846,7.5504,12.774,5.07607,11.7187,13.6844,7.03202,16.8147,13.9681,9.20215,23.1769,14.0566,11.6301,31.1672,14.0841,14.3598,41.2186,14.0927,17.4376,53.8688,14.0954,20.9137,69.7915,14.0962,24.8432,89.8341,14.0965,29.2879,115.063,14.0966,34.3168,146.819,14.0966,40.0078,186.792,14.0966,46.4487,237.107,14.0966,53.7388,300.44,14.0966,61.9903,380.158,14.0966,71.3301,480.499,14.0966,81.902,606.796,14.0966,93.8685,765.761,14.0966,107.414,965.837,14.0966,122.746,1217.65,14.0966,140.101,1534.57,14.0966,159.745,1933.41,14.0966,181.981,2435.3,14.0966,207.15,3066.85,14.0966,235.64,3861.46,14.0966,267.889,4861.11,14.0966,304.391,6118.54,14.0966,345.709,7699.91,14.0966,392.478,9688.22,14.0966,445.417,12187.5,14.0966,505.339,15327.7,14.0966,573.165,19271.6,14.0966,649.938,24222,14.0966,736.839,30430.9,14.0966,835.202,38211.5,14.0966,946.539,47950.3,14.0966,1072.56,60122.8,14.0966,1215.21,75309.9,14.0966,1376.66,94216.2,14.0966,1559.41,117688,14.0966,1766.26,146729,14.0966,2000.39,182510,14.0966,2265.39,226372,14.0966,2565.33,279806,14.0966,2904.81,344416,14.0966,3289.05,421845,14.0966,3723.93,513667,14.0966,4216.13,621231,14.0966,4773.18,745478,14.0966,5403.64,886744,14.0966,6117.15,1.04457e+06,14.0966,6924.63,1.2176e+06,14.0966,11.7194,11.96,12.6541,13.9321,16.1295,13.6434,16.6097,21.9702,13.9553,19.7532,29.5285,14.0526,23.3844,39.1143,14.0829,27.5423,51.2054,14.0923,32.2796,66.434,14.0953,37.662,85.6061,14.0962,43.7675,109.74,14.0965,50.687,140.119,14.0966,58.5249,178.359,14.0966,67.4005,226.493,14.0966,77.4493,287.08,14.0966,88.8254,363.343,14.0966,101.703,459.336,14.0966,116.281,580.161,14.0966,132.782,732.241,14.0966,151.46,923.655,14.0966,172.603,1164.57,14.0966,196.535,1467.79,14.0966,223.625,1849.39,14.0966,254.288,2329.62,14.0966,288.997,2933.93,14.0966,328.285,3694.33,14.0966,372.755,4651.04,14.0966,423.092,5854.57,14.0966,480.07,7368.38,14.0966,544.564,9272.08,14.0966,617.566,11665.5,14.0966,700.197,14673.6,14.0966,793.729,18452.9,14.0966,899.599,23198.6,14.0966,1019.43,29154.1,14.0966,1155.07,36622.3,14.0966,1308.6,45977.9,14.0966,1482.39,57683.7,14.0966,1679.09,72307.8,14.0966,1901.73,90542.8,14.0966,2153.73,113226,14.0966,2438.97,141360,14.0966,2761.81,176127,14.0966,3127.22,218898,14.0966,3540.81,271226,14.0966,4008.92,334817,14.0966,4538.74,411470,14.0966,5138.38,502973,14.0966,5817.04,610948,14.0966,6585.12,736653,14.0966,7454.39,880741,14.0966,8438.15,1.04302e+06,14.0966,9551.45,1.22224e+06,14.0966,10811.3,1.41602e+06,14.0966,12237,1.62086e+06,14.0966,11.7194,11.96,12.6541,2.21263,4.16949,0.989383,2.67766,5.84076,0.311842,3.14343,7.55825,0.0972771,3.63127,9.58578,0.0303237,4.15787,12.0912,0.00945211,4.73731,15.2286,0.00294633,5.38238,19.1721,0.000918508,6.10553,24.134,0.000286163,6.91951,30.3791,8.92692e-05,7.83792,38.2397,2.78121e-05,8.87555,48.1338,8.65134e-06,10.0489,60.5876,2.7882e-06,11.3761,76.2629,8.29036e-07,12.8779,95.9927,2.4373e-07,14.5775,120.825,4.33068e-09,16.5012,152.08,1.75749e-07,18.6784,191.415,-1.86328e-07,21.1428,240.917,1.91829e-07,23.9322,303.213,-1.81475e-07,27.0895,381.602,7.0186e-08,30.6634,480.231,-2.86769e-08,34.7087,604.316,2.40784e-07,39.2876,760.401,9.87368e-08,44.4705,956.705,1.22263e-07,50.3371,1203.54,-4.31966e-07,56.9776,1513.81,-1.9705e-07,64.494,1903.69,-2.763e-08,73.0018,2393.4,3.9185e-07,82.6317,3008.13,1.35379e-07,93.5318,3779.25,-4.16351e-08,105.869,4745.7,2.06965e-08,119.834,5955.6,-3.18887e-07,135.641,7468.12,-1.48271e-08,153.531,9355.62,2.00739e-07,173.781,11705.8,2.28358e-07,196.701,14624.1,-1.93587e-08,222.642,18235,-2.88101e-07,252.003,22683.4,-2.24732e-07,285.234,28134,8.56806e-09,322.845,34767,2.34258e-07,365.413,42770.9,2.99668e-07,413.588,52327.9,8.28644e-08,468.111,63591.2,-3.07049e-07,529.814,76653.2,-3.1888e-07,599.642,91502.5,-6.72276e-08,678.662,107975,2.26339e-07,768.083,125705,3.69212e-07,869.267,144088,2.04077e-07,983.76,162277,-2.80509e-07,1113.3,179223,-4.22737e-07,1259.87,193777,-1.71951e-07,1425.68,204839,4.55555e-07,11.7194,11.96,12.6541,2.21263,4.16949,0.989383,2.67766,5.84076,0.311842,3.14343,7.55825,0.0972771,3.63127,9.58578,0.0303237,4.15787,12.0912,0.00945211,4.73731,15.2286,0.00294633,5.38238,19.1721,0.000918508,6.10553,24.134,0.000286163,6.91951,30.3791,8.92692e-05,7.83792,38.2397,2.78121e-05,8.87555,48.1338,8.65134e-06,10.0489,60.5876,2.7882e-06,11.3761,76.2629,8.29036e-07,12.8779,95.9927,2.4373e-07,14.5775,120.825,1e-08,16.5012,152.08,1.75749e-07,18.6784,191.415,1e-08,21.1428,240.917,1.91829e-07,23.9322,303.213,1e-08,27.0895,381.602,7.0186e-08,30.6634,480.231,1e-08,34.7087,604.316,2.40784e-07,39.2876,760.401,9.87368e-08,44.4705,956.705,1.22263e-07,50.3371,1203.54,1e-08,56.9776,1513.81,1e-08,64.494,1903.69,1e-08,73.0018,2393.4,3.9185e-07,82.6317,3008.13,1.35379e-07,93.5318,3779.25,1e-08,105.869,4745.7,2.06965e-08,119.834,5955.6,1e-08,135.641,7468.12,1e-08,153.531,9355.62,2.00739e-07,173.781,11705.8,2.28358e-07,196.701,14624.1,1e-08,222.642,18235,1e-08,252.003,22683.4,1e-08,285.234,28134,1e-08,322.845,34767,2.34258e-07,365.413,42770.9,2.99668e-07,413.588,52327.9,8.28644e-08,468.111,63591.2,1e-08,529.814,76653.2,1e-08,599.642,91502.5,1e-08,678.662,107975,2.26339e-07,768.083,125705,3.69212e-07,869.267,144088,2.04077e-07,983.76,162277,1e-08,1113.3,179223,1e-08,1259.87,193777,1e-08,1425.68,204839,4.55555e-07,6.2823,3.27286,2.43537,0.219672,6.18826,2.24117,0.56371,6.87772,2.63624,0.308279,6,17,14,2,4,2,1,23,0,2,7,0,5,9,0,3,15,0,0,10,0,6,32,0,3,25,0,8,22,0,8,34,0,2,41,0,8,44,0,3,124,0,9,100,0,15,87,0,18,149,0,11,112,0,20,218,0,6,185,0,22,261,0,49,381,0,20,437,0,16,525,0,18,1397,0,54,993,0,54,1000,0,76,1630,0,37,1730,0,70,3820,0,101,6995,0,95,5857,0,96,9330,0,214,5315,0,163,6857,0,218,10476,0,303,5842,0,452,11431,0,378,21790,0,400,13631,0,193,35716,0,283,52330,0,292,49965,0,322,45220,0,534,35033,0,510,114455,0,513,84620,0,854,46357,0,804,87208,0,806,192096,0,1347,135682,0,881,263672,0,1126,138905,0
-1.05176e+08,9.49891e-51,8.88811e-15,10,1023,0,1.05176e+08,0.528882,1.08665,0.389689,0.145397,0.379329,3.24381,0.161596,0.446195,1.77396,0.159177,1.15e+07,4.49998e+06,6.79999e+06,1.15e+07,4.49997e+06,6.79999e+06,1.15e+07,4.49996e+06,6.79999e+06,1.15e+07,4.49995e+06,6.79999e+06,1.14999e+07,4.49993e+06,6.79999e+06,1.14999e+07,4.49991e+06,6.79999e+06,1.14999e+07,4.49989e+06,6.79999e+06,1.14999e+07,4.49986e+06,6.79999e+06,1.14999e+07,4.49982e+06,6.79999e+06,1.14999e+07,4.49977e+06,6.79999e+06,1.14999e+07,4.49971e+06,6.79999e+06,1.14999e+07,4.49963e+06,6.79999e+06,1.14998e+07,4.49953e+06,6.79999e+06,1.14998e+07,4.49941e+06,6.79999e+06,1.14998e+07,4.49926e+06,6.79999e+06,1.14998e+07,4.49906e+06,6.79999e+06,1.14997e+07,4.49882e+06,6.79999e+06,1.14997e+07,4.49851e+06,6.79999e+06,1.14997e+07,4.49812e+06,6.79999e+06,1.14996e+07,4.49764e+06,6.79999e+06,1.14996e+07,4.49702e+06,6.79999e+06,1.14995e+07,4.49625e+06,6.79999e+06,1.14995e+07,4.49528e+06,6.79999e+06,1.14994e+07,4.49406e+06,6.79999e+06,1.14993e+07,4.49253e+06,6.79999e+06,1.14992e+07,4.49059e+06,6.79999e+06,1.14991e+07,4.48817e+06,6.79999e+06,1.1499e+07,4.48511e+06,6.79999e+06,1.14988e+07,4.48128e+06,6.79999e+06,1.14987e+07,4.47646e+06,6.79999e+06,1.14985e+07,4.47041e+06,6.79999e+06,1.14983e+07,4.46281e+06,6.79999e+06,1.14981e+07,4.4533e+06,6.79999e+06,1.14979e+07,4.44138e+06,6.79999e+06,1.14976e+07,4.42649e+06,6.79999e+06,1.14972e+07,4.40789e+06,6.79999e+06,1.14969e+07,4.38471e+06,6.79999e+06,1.14965e+07,4.35592e+06,6.79999e+06,1.1496e+07,4.32027e+06,6.79999e+06,1.14955e+07,4.27629e+06,6.79999e+06,1.14949e+07,4.22231e+06,6.79999e+06,1.14942e+07,4.15647e+06,6.79999e+06,1.14934e+07,4.07676e+06,6.79999e+06,1.14926e+07,3.98112e+06,6.79999e+06,1.14916e+07,3.86765e+06,6.79999e+06,1.14905e+07,3.73474e+06,6.79999e+06,1.14892e+07,3.58148e+06,6.79999e+06,1.14878e+07,3.40785e+06,6.79999e+06,1.14862e+07,3.21513e+06,6.79999e+06,1.14844e+07,3.00605e+06,6.79999e+06,1.14823e+07,2.7848e+06,6.79999e+06,1.148e+07,2.5568e+06,6.79999e+06,1.14773e+07,2.32825e+06,6.79999e+06,13.5742,8.52444,0.508366,16.8306,13.2585,0.162638,20.0035,17.569,0.0507846,23.2616,22.4214,0.0158319,26.7328,28.3297,0.00493498,30.5212,35.6974,0.00153831,34.7178,44.9473,0.000479527,39.4086,56.5822,0.000149456,44.6796,71.2245,4.66214e-05,50.6209,89.6543,1.45419e-05,57.3297,112.852,4.54748e-06,64.9129,142.051,1.43857e-06,73.4897,178.803,4.36618e-07,83.1934,225.062,1.40153e-07,94.1745,283.286,4.96378e-08,106.602,356.568,1.05434e-07,120.669,448.799,-6.49244e-08,136.59,564.873,1.70148e-07,154.611,710.948,-5.34594e-08,175.008,894.767,1.63407e-07,198.097,1126.06,8.04804e-08,224.231,1417.07,1.14667e-07,253.813,1783.15,-1.71227e-07,287.297,2243.62,-2.88466e-07,325.198,2822.67,-4.33651e-07,368.098,3550.67,7.9318e-08,416.657,4465.65,3.13319e-07,471.621,5615.16,3.4613e-07,533.835,7058.61,-1.19199e-07,604.255,8870.02,-2.79964e-07,683.962,11141.4,-2.30521e-07,774.182,13986.7,-2.55099e-07,876.299,17546.4,1.23585e-07,991.883,21993.1,1.41192e-07,1122.71,27536.7,-9.71886e-08,1270.78,34430.7,-3.68368e-07,1438.38,42977.7,-3.45379e-07,1628.07,53532.7,-3.25328e-09,1842.77,66504.6,2.6362e-07,2085.77,82350.2,2.53445e-07,2360.79,101560,-2.47407e-08,2672.05,124632,-3.80602e-07,3024.31,152018,-4.79005e-07,3422.98,184060,-1.14379e-07,3874.15,220884,2.64297e-07,4384.72,262283,3.44131e-07,4962.49,307576,7.5349e-08,5616.29,355497,-3.63097e-07,6356.1,404126,-6.05442e-07,7193.18,450932,-2.72333e-07,8140.28,492963,2.29675e-07,9211.79,527178,4.3387e-07,10424,550893,-1.0711e-07,10.102,8.06553,2.81012,10.6436,8.57909,0.869423,11.5336,10.2515,0.270869,12.7211,12.7138,0.0844293,14.1823,15.9373,0.0263173,15.9122,20.0383,0.0082035,17.9198,25.2154,0.00255722,20.2244,31.7373,0.000797017,22.8539,39.9486,0.000248622,25.8438,50.2851,7.75492e-05,29.237,63.2963,2.42508e-05,33.0837,79.6738,7.67162e-06,37.4415,100.288,2.32837e-06,42.3767,126.236,7.33e-07,47.9646,158.896,2.79256e-07,54.2906,200.003,9.87351e-09,61.452,251.741,1.61085e-07,69.5585,316.859,-2.47141e-07,78.7347,398.812,8.93552e-08,89.1218,501.948,-2.53231e-07,100.879,631.736,-1.25047e-07,114.188,795.049,-1.78808e-07,129.252,1000.53,2.6733e-07,146.304,1259.03,4.50292e-07,165.605,1584.19,6.76904e-07,187.452,1993.12,-1.23808e-07,212.181,2507.27,-4.89068e-07,240.173,3153.54,-5.40284e-07,271.856,3965.56,1.86061e-07,307.719,4985.38,4.37004e-07,348.313,6265.4,3.59828e-07,394.26,7870.83,3.98192e-07,446.268,9882.51,-1.92908e-07,505.135,12400.3,-2.20392e-07,571.766,15546.9,1.51705e-07,647.184,19472.2,5.74996e-07,732.547,24357.4,5.39112e-07,829.167,30420,5.07815e-09,938.526,37916.3,-4.11492e-07,1062.3,47143.9,-3.9561e-07,1202.4,58439.2,3.86185e-08,1360.96,72169.3,5.94093e-07,1540.42,88715.8,7.47693e-07,1743.53,108445,1.78537e-07,1973.41,131665,-4.12549e-07,2233.57,158557,-5.37164e-07,2528,189103,-1.17615e-07,2861.2,222986,5.66769e-07,3238.27,259510,9.45053e-07,3664.97,297540,4.25093e-07,4147.81,335497,-3.58506e-07,4694.17,371444,-6.7724e-07,5312.37,403256,1.67192e-07,1.61744,3.89446,9.84394,3.28846,7.5504,12.774,5.07607,11.7187,13.6844,7.03202,16.8147,13.9681,9.20215,23.1769,14.0566,11.6301,31.1672,14.0841,14.3598,41.2186,14.0927,17.4376,53.8688,14.0954,20.9137,69.7915,14.0962,24.8432,89.8341,14.0965,29.2879,115.063,14.0966,34.3168,146.819,14.0966,40.0078,186.792,14.0966,46.4487,237.107,14.0966,53.7388,300.44,14.0966,61.9903,380.158,14.0966,71.3301,480.499,14.0966,81.902,606.796,14.0966,93.8685,765.761,14.0966,107.414,965.837,14.0966,122.746,1217.65,14.0966,140.101,1534.57,14.0966,159.745,1933.41,14.0966,181.981,2435.3,14.0966,207.15,3066.85,14.0966,235.64,3861.46,14.0966,267.889,4861.11,14.0966,304.391,6118.54,14.0966,345.709,7699.91,14.0966,392.478,9688.22,14.0966,445.417,12187.5,14.0966,505.339,15327.7,14.0966,573.165,19271.6,14.0966,649.938,24222,14.0966,736.839,30430.9,14.0966,835.202,38211.5,14.0966,946.539,47950.3,14.0966,1072.56,60122.8,14.0966,1215.21,75309.9,14.0966,1376.66,94216.2,14.0966,1559.41,117688,14.0966,1766.26,146729,14.0966,2000.39,182510,14.0966,2265.39,226372,14.0966,2565.33,279806,14.0966,2904.81,344416,14.0966,3289.05,421845,14.0966,3723.93,513667,14.0966,4216.13,621231,14.0966,4773.18,745478,14.0966,5403.64,886744,14.0966,6117.15,1.04457e+06,14.0966,6924.63,1.2176e+06,14.0966,11.7194,11.96,12.6541,13.9321,16.1295,13.6434,16.6097,21.9702,13.9553,19.7532,29.5285,14.0526,23.3844,39.1143,14.0829,27.5423,51.2054,14.0923,32.2796,66.434,14.0953,37.662,85.6061,14.0962,43.7675,109.74,14.0965,50.687,140.119,14.0966,58.5249,178.359,14.0966,67.4005,226.493,14.0966,77.4493,287.08,14.0966,88.8254,363.343,14.0966,101.703,459.336,14.0966,116.281,580.161,14.0966,132.782,732.241,14.0966,151.46,923.655,14.0966,172.603,1164.57,14.0966,196.535,1467.79,14.0966,223.625,1849.39,14.0966,254.288,2329.62,14.0966,288.997,2933.93,14.0966,328.285,3694.33,14.0966,372.755,4651.04,14.0966,423.092,5854.57,14.0966,480.07,7368.38,14.0966,544.564,9272.08,14.0966,617.566,11665.5,14.0966,700.197,14673.6,14.0966,793.729,18452.9,14.0966,899.599,23198.6,14.0966,1019.43,29154.1,14.0966,1155.07,36622.3,14.0966,1308.6,45977.9,14.0966,1482.39,57683.7,14.0966,1679.09,72307.8,14.0966,1901.73,90542.8,14.0966,2153.73,113226,14.0966,2438.97,141360,14.0966,2761.81,176127,14.0966,3127.22,218898,14.0966,3540.81,271226,14.0966,4008.92,334817,14.0966,4538.74,411470,14.0966,5138.38,502973,14.0966,5817.04,610948,14.0966,6585.12,736653,14.0966,7454.39,880741,14.0966,8438.15,1.04302e+06,14.0966,9551.45,1.22224e+06,14.0966,10811.3,1.41602e+06,14.0966,12237,1.62086e+06,14.0966,11.7194,11.96,12.6541,2.21263,4.16949,0.989383,2.67766,5.84076,0.311842,3.14343,7.55825,0.0972771,3.63127,9.58578,0.0303237,4.15787,12.0912,0.00945211,4.73731,15.2286,0.00294633,5.38238,19.1721,0.000918508,6.10553,24.134,0.000286163,6.91951,30.3791,8.92692e-05,7.83792,38.2397,2.78121e-05,8.87555,48.1338,8.65134e-06,10.0489,60.5876,2.7882e-06,11.3761,76.2629,8.29036e-07,12.8779,95.9927,2.4373e-07,14.5775,120.825,4.33068e-09,16.5012,152.08,1.75749e-07,18.6784,191.415,-1.86328e-07,21.1428,240.917,1.91829e-07,23.9322,303.213,-1.81475e-07,27.0895,381.602,7.0186e-08,30.6634,480.231,-2.86769e-08,34.7087,604.316,2.40784e-07,39.2876,760.401,9.87368e-08,44.4705,956.705,1.22263e-07,50.3371,1203.54,-4.31966e-07,56.9776,1513.81,-1.9705e-07,64.494,1903.69,-2.763e-08,73.0018,2393.4,3.9185e-07,82.6317,3008.13,1.35379e-07,93.5318,3779.25,-4.16351e-08,105.869,4745.7,2.06965e-08,119.834,5955.6,-3.18887e-07,135.641,7468.12,-1.48271e-08,153.531,9355.62,2.00739e-07,173.781,11705.8,2.28358e-07,196.701,14624.1,-1.93587e-08,222.642,18235,-2.88101e-07,252.003,22683.4,-2.24732e-07,285.234,28134,8.56806e-09,322.845,34767,2.34258e-07,365.413,42770.9,2.99668e-07,413.588,52327.9,8.28644e-08,468.111,63591.2,-3.07049e-07,529.814,76653.2,-3.1888e-07,599.642,91502.5,-6.72276e-08,678.662,107975,2.26339e-07,768.083,125705,3.69212e-07,869.267,144088,2.04077e-07,983.76,162277,-2.80509e-07,1113.3,179223,-4.22737e-07,1259.87,193777,-1.71951e-07,1425.68,204839,4.55555e-07,11.7194,11.96,12.6541,2.21263,4.16949,0.989383,2.67766,5.84076,0.311842,3.14343,7.55825,0.0972771,3.63127,9.58578,0.0303237,4.15787,12.0912,0.00945211,4.73731,15.2286,0.00294633,5.38238,19.1721,0.000918508,6.10553,24.134,0.000286163,6.91951,30.3791,8.92692e-05,7.83792,38.2397,2.78121e-05,8.87555,48.1338,8.65134e-06,10.0489,60.5876,2.7882e-06,11.3761,76.2629,8.29036e-07,12.8779,95.9927,2.4373e-07,14.5775,120.825,1e-08,16.5012,152.08,1.75749e-07,18.6784,191.415,1e-08,21.1428,240.917,1.91829e-07,23.9322,303.213,1e-08,27.0895,381.602,7.0186e-08,30.6634,480.231,1e-08,34.7087,604.316,2.40784e-07,39.2876,760.401,9.87368e-08,44.4705,956.705,1.22263e-07,50.3371,1203.54,1e-08,56.9776,1513.81,1e-08,64.494,1903.69,1e-08,73.0018,2393.4,3.9185e-07,82.6317,3008.13,1.35379e-07,93.5318,3779.25,1e-08,105.869,4745.7,2.06965e-08,119.834,5955.6,1e-08,135.641,7468.12,1e-08,153.531,9355.62,2.00739e-07,173.781,11705.8,2.28358e-07,196.701,14624.1,1e-08,222.642,18235,1e-08,252.003,22683.4,1e-08,285.234,28134,1e-08,322.845,34767,2.34258e-07,365.413,42770.9,2.99668e-07,413.588,52327.9,8.28644e-08,468.111,63591.2,1e-08,529.814,76653.2,1e-08,599.642,91502.5,1e-08,678.662,107975,2.26339e-07,768.083,125705,3.69212e-07,869.267,144088,2.04077e-07,983.76,162277,1e-08,1113.3,179223,1e-08,1259.87,193777,1e-08,1425.68,204839,4.55555e-07,6.2823,3.27286,2.43537,0.219672,6.18826,2.24117,0.56371,6.87772,2.63624,0.308279,26,16,10,0,0,0,3,8,2,6,19,0,3,10,0,3,20,0,5,39,0,6,10,0,4,34,0,4,42,0,6,46,0,6,36,0,17,54,0,15,46,0,7,87,0,7,106,0,18,151,0,7,120,0,17,261,0,19,401,0,25,439,0,10,539,0,37,770,0,51,1022,0,69,1114,0,57,1153,0,51,1806,0,52,2775,0,45,3008,0,96,2979,0,172,5133,0,122,7572,0,85,11429,0,215,5704,0,109,7204,0,403,14489,0,301,42201,0,370,27881,0,419,20630,0,277,10525,0,79,16774,0,338,59197,0,503,66157,0,586,49007,0,281,121440,0,767,118580,0,880,101132,0,697,111083,0,788,164954,0,1125,82887,0,641,155327,0,2030,274505,0,1411,396711,0
-1.05176e+08,1,8.88811e-15,10,1023,0,1.05176e+08,0.528882,1.08665,0.389689,0.145397,0.379329,3.24381,0.161596,0.446195,1.77396,0.159177,1.15e+07,4.49998e+06,6.79999e+06,1.15e+07,4.49997e+06,6.79999e+06,1.15e+07,4.49996e+06,6.79999e+06,1.15e+07,4.49995e+06,6.79999e+06,1.14999e+07,4.49993e+06,6.79999e+06,1.14999e+07,4.49991e+06,6.79999e+06,1.14999e+07,4.49989e+06,6.79999e+06,1.14999e+07,4.49986e+06,6.79999e+06,1.14999e+07,4.49982e+06,6.79999e+06,1.14999e+07,4.49977e+06,6.79999e+06,1.14999e+07,4.49971e+06,6.79999e+06,1.14999e+07,4.49963e+06,6.79999e+06,1.14998e+07,4.49953e+06,6.79999e+06,1.14998e+07,4.49941e+06,6.79999e+06,1.14998e+07,4.49926e+06,6.79999e+06,1.14998e+07,4.49906e+06,6.79999e+06,1.14997e+07,4.49882e+06,6.79999e+06,1.14997e+07,4.49851e+06,6.79999e+06,1.14997e+07,4.49812e+06,6.79999e+06,1.14996e+07,4.49764e+06,6.79999e+06,1.14996e+07,4.49702e+06,6.79999e+06,1.14995e+07,4.49625e+06,6.79999e+06,1.14995e+07,4.49528e+06,6.79999e+06,1.14994e+07,4.49406e+06,6.79999e+06,1.14993e+07,4.49253e+06,6.79999e+06,1.14992e+07,4.49059e+06,6.79999e+06,1.14991e+07,4.48817e+06,6.79999e+06,1.1499e+07,4.48511e+06,6.79999e+06,1.14988e+07,4.48128e+06,6.79999e+06,1.14987e+07,4.47646e+06,6.79999e+06,1.14985e+07,4.47041e+06,6.79999e+06,1.14983e+07,4.46281e+06,6.79999e+06,1.14981e+07,4.4533e+06,6.79999e+06,1.14979e+07,4.44138e+06,6.79999e+06,1.14976e+07,4.42649e+06,6.79999e+06,1.14972e+07,4.40789e+06,6.79999e+06,1.14969e+07,4.38471e+06,6.79999e+06,1.14965e+07,4.35592e+06,6.79999e+06,1.1496e+07,4.32027e+06,6.79999e+06,1.14955e+07,4.27629e+06,6.79999e+06,1.14949e+07,4.22231e+06,6.79999e+06,1.14942e+07,4.15647e+06,6.79999e+06,1.14934e+07,4.07676e+06,6.79999e+06,1.14926e+07,3.98112e+06,6.79999e+06,1.14916e+07,3.86765e+06,6.79999e+06,1.14905e+07,3.73474e+06,6.79999e+06,1.14892e+07,3.58148e+06,6.79999e+06,1.14878e+07,3.40785e+06,6.79999e+06,1.14862e+07,3.21513e+06,6.79999e+06,1.14844e+07,3.00605e+06,6.79999e+06,1.14823e+07,2.7848e+06,6.79999e+06,1.148e+07,2.5568e+06,6.79999e+06,1.14773e+07,2.32825e+06,6.79999e+06,13.5742,8.52444,0.508366,16.8306,13.2585,0.162638,20.0035,17.569,0.0507846,23.2616,22.4214,0.0158319,26.7328,28.3297,0.00493498,30.5212,35.6974,0.00153831,34.7178,44.9473,0.000479527,39.4086,56.5822,0.000149456,44.6796,71.2245,4.66214e-05,50.6209,89.6543,1.45419e-05,57.3297,112.852,4.54748e-06,64.9129,142.051,1.43857e-06,73.4897,178.803,4.36618e-07,83.1934,225.062,1.40153e-07,94.1745,283.286,4.96378e-08,106.602,356.568,1.05434e-07,120.669,448.799,-6.49244e-08,136.59,564.873,1.70148e-07,154.611,710.948,-5.34594e-08,175.008,894.767,1.63407e-07,198.097,1126.06,8.04804e-08,224.231,1417.07,1.14667e-07,253.813,1783.15,-1.71227e-07,287.297,2243.62,-2.88466e-07,325.198,2822.67,-4.33651e-07,368.098,3550.67,7.9318e-08,416.657,4465.65,3.13319e-07,471.621,5615.16,3.4613e-07,533.835,7058.61,-1.19199e-07,604.255,8870.02,-2.79964e-07,683.962,11141.4,-2.30521e-07,774.182,13986.7,-2.55099e-07,876.299,17546.4,1.23585e-07,991.883,21993.1,1.41192e-07,1122.71,27536.7,-9.71886e-08,1270.78,34430.7,-3.68368e-07,1438.38,42977.7,-3.45379e-07,1628.07,53532.7,-3.25328e-09,1842.77,66504.6,2.6362e-07,2085.77,82350.2,2.53445e-07,2360.79,101560,-2.47407e-08,2672.05,124632,-3.80602e-07,3024.31,152018,-4.79005e-07,3422.98,184060,-1.14379e-07,3874.15,220884,2.64297e-07,4384.72,262283,3.44131e-07,4962.49,307576,7.5349e-08,5616.29,355497,-3.63097e-07,6356.1,404126,-6.05442e-07,7193.18,450932,-2.72333e-07,8140.28,492963,2.29675e-07,9211.79,527178,4.3387e-07,10424,550893,-1.0711e-07,10.102,8.06553,2.81012,10.6436,8.57909,0.869423,11.5336,10.2515,0.270869,12.7211,12.7138,0.0844293,14.1823,15.9373,0.0263173,15.9122,20.0383,0.0082035,17.9198,25.2154,0.00255722,20.2244,31.7373,0.000797017,22.8539,39.9486,0.000248622,25.8438,50.2851,7.75492e-05,29.237,63.2963,2.42508e-05,33.0837,79.6738,7.67162e-06,37.4415,100.288,2.32837e-06,42.3767,126.236,7.33e-07,47.9646,158.896,2.79256e-07,54.2906,200.003,9.87351e-09,61.452,251.741,1.61085e-07,69.5585,316.859,-2.47141e-07,78.7347,398.812,8.93552e-08,89.1218,501.948,-2.53231e-07,100.879,631.736,-1.25047e-07,114.188,795.049,-1.78808e-07,129.252,1000.53,2.6733e-07,146.304,1259.03,4.50292e-07,165.605,1584.19,6.76904e-07,187.452,1993.12,-1.23808e-07,212.181,2507.27,-4.89068e-07,240.173,3153.54,-5.40284e-07,271.856,3965.56,1.86061e-07,307.719,4985.38,4.37004e-07,348.313,6265.4,3.59828e-07,394.26,7870.83,3.98192e-07,446.268,9882.51,-1.92908e-07,505.135,12400.3,-2.20392e-07,571.766,15546.9,1.51705e-07,647.184,19472.2,5.74996e-07,732.547,24357.4,5.39112e-07,829.167,30420,5.07815e-09,938.526,37916.3,-4.11492e-07,1062.3,47143.9,-3.9561e-07,1202.4,58439.2,3.86185e-08,1360.96,72169.3,5.94093e-07,1540.42,88715.8,7.47693e-07,1743.53,108445,1.78537e-07,1973.41,131665,-4.12549e-07,2233.57,158557,-5.37164e-07,2528,189103,-1.17615e-07,2861.2,222986,5.66769e-07,3238.27,259510,9.45053e-07,3664.97,297540,4.25093e-07,4147.81,335497,-3.58506e-07,4694.17,371444,-6.7724e-07,5312.37,403256,1.67192e-07,1.61744,3.89446,9.84394,3.28846,7.5504,12.774,5.07607,11.7187,13.6844,7.03202,16.8147,13.9681,9.20215,23.1769,14.0566,11.6301,31.1672,14.0841,14.3598,41.2186,14.0927,17.4376,53.8688,14.0954,20.9137,69.7915,14.0962,24.8432,89.8341,14.0965,29.2879,115.063,14.0966,34.3168,146.819,14.0966,40.0078,186.792,14.0966,46.4487,237.107,14.0966,53.7388,300.44,14.0966,61.9903,380.158,14.0966,71.3301,480.499,14.0966,81.902,606.796,14.0966,93.8685,765.761,14.0966,107.414,965.837,14.0966,122.746,1217.65,14.0966,140.101,1534.57,14.0966,159.745,1933.41,14.0966,181.981,2435.3,14.0966,207.15,3066.85,14.0966,235.64,3861.46,14.0966,267.889,4861.11,14.0966,304.391,6118.54,14.0966,345.709,7699.91,14.0966,392.478,9688.22,14.0966,445.417,12187.5,14.0966,505.339,15327.7,14.0966,573.165,19271.6,14.0966,649.938,24222,14.0966,736.839,30430.9,14.0966,835.202,38211.5,14.0966,946.539,47950.3,14.0966,1072.56,60122.8,14.0966,1215.21,75309.9,14.0966,1376.66,94216.2,14.0966,1559.41,117688,14.0966,1766.26,146729,14.0966,2000.39,182510,14.0966,2265.39,226372,14.0966,2565.33,279806,14.0966,2904.81,344416,14.0966,3289.05,421845,14.0966,3723.93,513667,14.0966,4216.13,621231,14.0966,4773.18,745478,14.0966,5403.64,886744,14.0966,6117.15,1.04457e+06,14.0966,6924.63,1.2176e+06,14.0966,11.7194,11.96,12.6541,13.9321,16.1295,13.6434,16.6097,21.9702,13.9553,19.7532,29.5285,14.0526,23.3844,39.1143,14.0829,27.5423,51.2054,14.0923,32.2796,66.434,14.0953,37.662,85.6061,14.0962,43.7675,109.74,14.0965,50.687,140.119,14.0966,58.5249,178.359,14.0966,67.4005,226.493,14.0966,77.4493,287.08,14.0966,88.8254,363.343,14.0966,101.703,459.336,14.0966,116.281,580.161,14.0966,132.782,732.241,14.0966,151.46,923.655,14.0966,172.603,1164.57,14.0966,196.535,1467.79,14.0966,223.625,1849.39,14.0966,254.288,2329.62,14.0966,288.997,2933.93,14.0966,328.285,3694.33,14.0966,372.755,4651.04,14.0966,423.092,5854.57,14.0966,480.07,7368.38,14.0966,544.564,9272.08,14.0966,617.566,11665.5,14.0966,700.197,14673.6,14.0966,793.729,18452.9,14.0966,899.599,23198.6,14.0966,1019.43,29154.1,14.0966,1155.07,36622.3,14.0966,1308.6,45977.9,14.0966,1482.39,57683.7,14.0966,1679.09,72307.8,14.0966,1901.73,90542.8,14.0966,2153.73,113226,14.0966,2438.97,141360,14.0966,2761.81,176127,14.0966,3127.22,218898,14.0966,3540.81,271226,14.0966,4008.92,334817,14.0966,4538.74,411470,14.0966,5138.38,502973,14.0966,5817.04,610948,14.0966,6585.12,736653,14.0966,7454.39,880741,14.0966,8438.15,1.04302e+06,14.0966,9551.45,1.22224e+06,14.0966,10811.3,1.41602e+06,14.0966,12237,1.62086e+06,14.0966,11.7194,11.96,12.6541,2.21263,4.16949,0.989383,2.67766,5.84076,0.311842,3.14343,7.55825,0.0972771,3.63127,9.58578,0.0303237,4.15787,12.0912,0.00945211,4.73731,15.2286,0.00294633,5.38238,19.1721,0.000918508,6.10553,24.134,0.000286163,6.91951,30.3791,8.92692e-05,7.83792,38.2397,2.78121e-05,8.87555,48.1338,8.65134e-06,10.0489,60.5876,2.7882e-06,11.3761,76.2629,8.29036e-07,12.8779,95.9927,2.4373e-07,14.5775,120.825,4.33068e-09,16.5012,152.08,1.75749e-07,18.6784,191.415,-1.86328e-07,21.1428,240.917,1.91829e-07,23.9322,303.213,-1.81475e-07,27.0895,381.602,7.0186e-08,30.6634,480.231,-2.86769e-08,34.7087,604.316,2.40784e-07,39.2876,760.401,9.87368e-08,44.4705,956.705,1.22263e-07,50.3371,1203.54,-4.31966e-07,56.9776,1513.81,-1.9705e-07,64.494,1903.69,-2.763e-08,73.0018,2393.4,3.9185e-07,82.6317,3008.13,1.35379e-07,93.5318,3779.25,-4.16351e-08,105.869,4745.7,2.06965e-08,119.834,5955.6,-3.18887e-07,135.641,7468.12,-1.48271e-08,153.531,9355.62,2.00739e-07,173.781,11705.8,2.28358e-07,196.701,14624.1,-1.93587e-08,222.642,18235,-2.88101e-07,252.003,22683.4,-2.24732e-07,285.234,28134,8.56806e-09,322.845,34767,2.34258e-07,365.413,42770.9,2.99668e-07,413.588,52327.9,8.28644e-08,468.111,63591.2,-3.07049e-07,529.814,76653.2,-3.1888e-07,599.642,91502.5,-6.72276e-08,678.662,107975,2.26339e-07,768.083,125705,3.69212e-07,869.267,144088,2.04077e-07,983.76,162277,-2.80509e-07,1113.3,179223,-4.22737e-07,1259.87,193777,-1.71951e-07,1425.68,204839,4.55555e-07,11.7194,11.96,12.6541,2.21263,4.16949,0.989383,2.67766,5.84076,0.311842,3.14343,7.55825,0.0972771,3.63127,9.58578,0.0303237,4.15787,12.0912,0.00945211,4.73731,15.2286,0.00294633,5.38238,19.1721,0.000918508,6.10553,24.134,0.000286163,6.91951,30.3791,8.92692e-05,7.83792,38.2397,2.78121e-05,8.87555,48.1338,8.65134e-06,10.0489,60.5876,2.7882e-06,11.3761,76.2629,8.29036e-07,12.8779,95.9927,2.4373e-07,14.5775,120.825,1e-08,16.5012,152.08,1.75749e-07,18.6784,191.415,1e-08,21.1428,240.917,1.91829e-07,23.9322,303.213,1e-08,27.0895,381.602,7.0186e-08,30.6634,480.231,1e-08,34.7087,604.316,2.40784e-07,39.2876,760.401,9.87368e-08,44.4705,956.705,1.22263e-07,50.3371,1203.54,1e-08,56.9776,1513.81,1e-08,64.494,1903.69,1e-08,73.0018,2393.4,3.9185e-07,82.6317,3008.13,1.35379e-07,93.5318,3779.25,1e-08,105.869,4745.7,2.06965e-08,119.834,5955.6,1e-08,135.641,7468.12,1e-08,153.531,9355.62,2.00739e-07,173.781,11705.8,2.28358e-07,196.701,14624.1,1e-08,222.642,18235,1e-08,252.003,22683.4,1e-08,285.234,28134,1e-08,322.845,34767,2.34258e-07,365.413,42770.9,2.99668e-07,413.588,52327.9,8.28644e-08,468.111,63591.2,1e-08,529.814,76653.2,1e-08,599.642,91502.5,1e-08,678.662,107975,2.26339e-07,768.083,125705,3.69212e-07,869.267,144088,2.04077e-07,983.76,162277,1e-08,1113.3,179223,1e-08,1259.87,193777,1e-08,1425.68,204839,4.55555e-07,6.2823,3.27286,2.43537,0.219672,6.18826,2.24117,0.56371,6.87772,2.63624,0.308279,5,17,9,4,2,0,5,7,0,7,11,0,2,7,0,5,10,0,4,14,0,4,28,0,6,7,0,7,45,0,4,54,0,5,43,0,8,24,0,8,79,0,7,187,0,15,256,0,18,77,0,21,123,0,34,112,0,25,389,0,16,224,0,47,207,0,23,414,0,58,1245,0,64,660,0,69,1346,0,76,990,0,41,953,0,33,2335,0,67,2137,0,157,2919,0,162,4001,0,91,6212,0,137,8562,0,83,5547,0,386,27550,0,110,3619,0,242,21317,0,166,22720,0,282,34369,0,218,15993,0,516,37235,0,274,69276,0,551,69027,0,507,67861,0,804,109076,0,567,134670,0,448,123960,0,711,115492,0,1166,221594,0,1752,299131,0,1620,206180,0,840,258453,0
-1.05176e+08,1.48641e-52,8.88811e-15,10,1023,0,1.05176e+08,0.528882,1.08665,0.389689,0.145397,0.379329,3.24381,0.161596,0.446195,1.77396,0.159177,1.15e+07,4.49998e+06,6.79999e+06,1.15e+07,4.49997e+06,6.79999e+06,1.15e+07,4.49996e+06,6.79999e+06,1.15e+07,4.49995e+06,6.79999e+06,1.14999e+07,4.49993e+06,6.79999e+06,1.14999e+07,4.49991e+06,6.79999e+06,1.14999e+07,4.49989e+06,6.79999e+06,1.14999e+07,4.49986e+06,6.79999e+06,1.14999e+07,4.49982e+06,6.79999e+06,1.14999e+07,4.49977e+06,6.79999e+06,1.14999e+07,4.49971e+06,6.79999e+06,1.14999e+07,4.49963e+06,6.79999e+06,1.14998e+07,4.49953e+06,6.79999e+06,1.14998e+07,4.49941e+06,6.79999e+06,1.14998e+07,4.49926e+06,6.79999e+06,1.14998e+07,4.49906e+06,6.79999e+06,1.14997e+07,4.49882e+06,6.79999e+06,1.14997e+07,4.49851e+06,6.79999e+06,1.14997e+07,4.49812e+06,6.79999e+06,1.14996e+07,4.49764e+06,6.79999e+06,1.14996e+07,4.49702e+06,6.79999e+06,1.14995e+07,4.49625e+06,6.79999e+06,1.14995e+07,4.49528e+06,6.79999e+06,1.14994e+07,4.49406e+06,6.79999e+06,1.14993e+07,4.49253e+06,6.79999e+06,1.14992e+07,4.49059e+06,6.79999e+06,1.14991e+07,4.48817e+06,6.79999e+06,1.1499e+07,4.48511e+06,6.79999e+06,1.14988e+07,4.48128e+06,6.79999e+06,1.14987e+07,4.47646e+06,6.79999e+06,1.14985e+07,4.47041e+06,6.79999e+06,1.14983e+07,4.46281e+06,6.79999e+06,1.14981e+07,4.4533e+06,6.79999e+06,1.14979e+07,4.44138e+06,6.79999e+06,1.14976e+07,4.42649e+06,6.79999e+06,1.14972e+07,4.40789e+06,6.79999e+06,1.14969e+07,4.38471e+06,6.79999e+06,1.14965e+07,4.35592e+06,6.79999e+06,1.1496e+07,4.32027e+06,6.79999e+06,1.14955e+07,4.27629e+06,6.79999e+06,1.14949e+07,4.22231e+06,6.79999e+06,1.14942e+07,4.15647e+06,6.79999e+06,1.14934e+07,4.07676e+06,6.79999e+06,1.14926e+07,3.98112e+06,6.79999e+06,1.14916e+07,3.86765e+06,6.79999e+06,1.14905e+07,3.73474e+06,6.79999e+06,1.14892e+07,3.58148e+06,6.79999e+06,1.14878e+07,3.40785e+06,6.79999e+06,1.14862e+07,3.21513e+06,6.79999e+06,1.14844e+07,3.00605e+06,6.79999e+06,1.14823e+07,2.7848e+06,6.79999e+06,1.148e+07,2.5568e+06,6.79999e+06,1.14773e+07,2.32825e+06,6.79999e+06,13.5742,8.52444,0.508366,16.8306,13.2585,0.162638,20.0035,17.569,0.0507846,23.2616,22.4214,0.0158319,26.7328,28.3297,0.00493498,30.5212,35.6974,0.00153831,34.7178,44.9473,0.000479527,39.4086,56.5822,0.000149456,44.6796,71.2245,4.66214e-05,50.6209,89.6543,1.45419e-05,57.3297,112.852,4.54748e-06,64.9129,142.051,1.43857e-06,73.4897,178.803,4.36618e-07,83.1934,225.062,1.40153e-07,94.1745,283.286,4.96378e-08,106.602,356.568,1.05434e-07,120.669,448.799,-6.49244e-08,136.59,564.873,1.70148e-07,154.611,710.948,-5.34594e-08,175.008,894.767,1.63407e-07,198.097,1126.06,8.04804e-08,224.231,1417.07,1.14667e-07,253.813,1783.15,-1.71227e-07,287.297,2243.62,-2.88466e-07,325.198,2822.67,-4.33651e-07,368.098,3550.67,7.9318e-08,416.657,4465.65,3.13319e-07,471.621,5615.16,3.4613e-07,533.835,7058.61,-1.19199e-07,604.255,8870.02,-2.79964e-07,683.962,11141.4,-2.30521e-07,774.182,13986.7,-2.55099e-07,876.299,17546.4,1.23585e-07,991.883,21993.1,1.41192e-07,1122.71,27536.7,-9.71886e-08,1270.78,34430.7,-3.68368e-07,1438.38,42977.7,-3.45379e-07,1628.07,53532.7,-3.25328e-09,1842.77,66504.6,2.6362e-07,2085.77,82350.2,2.53445e-07,2360.79,101560,-2.47407e-08,2672.05,124632,-3.80602e-07,3024.31,152018,-4.79005e-07,3422.98,184060,-1.14379e-07,3874.15,220884,2.64297e-07,4384.72,262283,3.44131e-07,4962.49,307576,7.5349e-08,5616.29,355497,-3.63097e-07,6356.1,404126,-6.05442e-07,7193.18,450932,-2.72333e-07,8140.28,492963,2.29675e-07,9211.79,527178,4.3387e-07,10424,550893,-1.0711e-07,10.102,8.06553,2.81012,10.6436,8.57909,0.869423,11.5336,10.2515,0.270869,12.7211,12.7138,0.0844293,14.1823,15.9373,0.0263173,15.9122,20.0383,0.0082035,17.9198,25.2154,0.00255722,20.2244,31.7373,0.000797017,22.8539,39.9486,0.000248622,25.8438,50.2851,7.75492e-05,29.237,63.2963,2.42508e-05,33.0837,79.6738,7.67162e-06,37.4415,100.288,2.32837e-06,42.3767,126.236,7.33e-07,47.9646,158.896,2.79256e-07,54.2906,200.003,9.87351e-09,61.452,251.741,1.61085e-07,69.5585,316.859,-2.47141e-07,78.7347,398.812,8.93552e-08,89.1218,501.948,-2.53231e-07,100.879,631.736,-1.25047e-07,114.188,795.049,-1.78808e-07,129.252,1000.53,2.6733e-07,146.304,1259.03,4.50292e-07,165.605,1584.19,6.76904e-07,187.452,1993.12,-1.23808e-07,212.181,2507.27,-4.89068e-07,240.173,3153.54,-5.40284e-07,271.856,3965.56,1.86061e-07,307.719,4985.38,4.37004e-07,348.313,6265.4,3.59828e-07,394.26,7870.83,3.98192e-07,446.268,9882.51,-1.92908e-07,505.135,12400.3,-2.20392e-07,571.766,15546.9,1.51705e-07,647.184,19472.2,5.74996e-07,732.547,24357.4,5.39112e-07,829.167,30420,5.07815e-09,938.526,37916.3,-4.11492e-07,1062.3,47143.9,-3.9561e-07,1202.4,58439.2,3.86185e-08,1360.96,72169.3,5.94093e-07,1540.42,88715.8,7.47693e-07,1743.53,108445,1.78537e-07,1973.41,131665,-4.12549e-07,2233.57,158557,-5.37164e-07,2528,189103,-1.17615e-07,2861.2,222986,5.66769e-07,3238.27,259510,9.45053e-07,3664.97,297540,4.25093e-07,4147.81,335497,-3.58506e-07,4694.17,371444,-6.7724e-07,5312.37,403256,1.67192e-07,1.61744,3.89446,9.84394,3.28846,7.5504,12.774,5.07607,11.7187,13.6844,7.03202,16.8147,13.9681,9.20215,23.1769,14.0566,11.6301,31.1672,14.0841,14.3598,41.2186,14.0927,17.4376,53.8688,14.0954,20.9137,69.7915,14.0962,24.8432,89.8341,14.0965,29.2879,115.063,14.0966,34.3168,146.819,14.0966,40.0078,186.792,14.0966,46.4487,237.107,14.0966,53.7388,300.44,14.0966,61.9903,380.158,14.0966,71.3301,480.499,14.0966,81.902,606.796,14.0966,93.8685,765.761,14.0966,107.414,965.837,14.0966,122.746,1217.65,14.0966,140.101,1534.57,14.0966,159.745,1933.41,14.0966,181.981,2435.3,14.0966,207.15,3066.85,14.0966,235.64,3861.46,14.0966,267.889,4861.11,14.0966,304.391,6118.54,14.0966,345.709,7699.91,14.0966,392.478,9688.22,14.0966,445.417,12187.5,14.0966,505.339,15327.7,14.0966,573.165,19271.6,14.0966,649.938,24222,14.0966,736.839,30430.9,14.0966,835.202,38211.5,14.0966,946.539,47950.3,14.0966,1072.56,60122.8,14.0966,1215.21,75309.9,14.0966,1376.66,94216.2,14.0966,1559.41,117688,14.0966,1766.26,146729,14.0966,2000.39,182510,14.0966,2265.39,226372,14.0966,2565.33,279806,14.0966,2904.81,344416,14.0966,3289.05,421845,14.0966,3723.93,513667,14.0966,4216.13,621231,14.0966,4773.18,745478,14.0966,5403.64,886744,14.0966,6117.15,1.04457e+06,14.0966,6924.63,1.2176e+06,14.0966,11.7194,11.96,12.6541,13.9321,16.1295,13.6434,16.6097,21.9702,13.9553,19.7532,29.5285,14.0526,23.3844,39.1143,14.0829,27.5423,51.2054,14.0923,32.2796,66.434,14.0953,37.662,85.6061,14.0962,43.7675,109.74,14.0965,50.687,140.119,14.0966,58.5249,178.359,14.0966,67.4005,226.493,14.0966,77.4493,287.08,14.0966,88.8254,363.343,14.0966,101.703,459.336,14.0966,116.281,580.161,14.0966,132.782,732.241,14.0966,151.46,923.655,14.0966,172.603,1164.57,14.0966,196.535,1467.79,14.0966,223.625,1849.39,14.0966,254.288,2329.62,14.0966,288.997,2933.93,14.0966,328.285,3694.33,14.0966,372.755,4651.04,14.0966,423.092,5854.57,14.0966,480.07,7368.38,14.0966,544.564,9272.08,14.0966,617.566,11665.5,14.0966,700.197,14673.6,14.0966,793.729,18452.9,14.0966,899.599,23198.6,14.0966,1019.43,29154.1,14.0966,1155.07,36622.3,14.0966,1308.6,45977.9,14.0966,1482.39,57683.7,14.0966,1679.09,72307.8,14.0966,1901.73,90542.8,14.0966,2153.73,113226,14.0966,2438.97,141360,14.0966,2761.81,176127,14.0966,3127.22,218898,14.0966,3540.81,271226,14.0966,4008.92,334817,14.0966,4538.74,411470,14.0966,5138.38,502973,14.0966,5817.04,610948,14.0966,6585.12,736653,14.0966,7454.39,880741,14.0966,8438.15,1.04302e+06,14.0966,9551.45,1.22224e+06,14.0966,10811.3,1.41602e+06,14.0966,12237,1.62086e+06,14.0966,11.7194,11.96,12.6541,2.21263,4.16949,0.989383,2.67766,5.84076,0.311842,3.14343,7.55825,0.0972771,3.63127,9.58578,0.0303237,4.15787,12.0912,0.00945211,4.73731,15.2286,0.00294633,5.38238,19.1721,0.000918508,6.10553,24.134,0.000286163,6.91951,30.3791,8.92692e-05,7.83792,38.2397,2.78121e-05,8.87555,48.1338,8.65134e-06,10.0489,60.5876,2.7882e-06,11.3761,76.2629,8.29036e-07,12.8779,95.9927,2.4373e-07,14.5775,120.825,4.33068e-09,16.5012,152.08,1.75749e-07,18.6784,191.415,-1.86328e-07,21.1428,240.917,1.91829e-07,23.9322,303.213,-1.81475e-07,27.0895,381.602,7.0186e-08,30.6634,480.231,-2.86769e-08,34.7087,604.316,2.40784e-07,39.2876,760.401,9.87368e-08,44.4705,956.705,1.22263e-07,50.3371,1203.54,-4.31966e-07,56.9776,1513.81,-1.9705e-07,64.494,1903.69,-2.763e-08,73.0018,2393.4,3.9185e-07,82.6317,3008.13,1.35379e-07,93.5318,3779.25,-4.16351e-08,105.869,4745.7,2.06965e-08,119.834,5955.6,-3.18887e-07,135.641,7468.12,-1.48271e-08,153.531,9355.62,2.00739e-07,173.781,11705.8,2.28358e-07,196.701,14624.1,-1.93587e-08,222.642,18235,-2.88101e-07,252.003,22683.4,-2.24732e-07,285.234,28134,8.56806e-09,322.845,34767,2.34258e-07,365.413,42770.9,2.99668e-07,413.588,52327.9,8.28644e-08,468.111,63591.2,-3.07049e-07,529.814,76653.2,-3.1888e-07,599.642,91502.5,-6.72276e-08,678.662,107975,2.26339e-07,768.083,125705,3.69212e-07,869.267,144088,2.04077e-07,983.76,162277,-2.80509e-07,1113.3,179223,-4.22737e-07,1259.87,193777,-1.71951e-07,1425.68,204839,4.55555e-07,11.7194,11.96,12.6541,2.21263,4.16949,0.989383,2.67766,5.84076,0.311842,3.14343,7.55825,0.0972771,3.63127,9.58578,0.0303237,4.15787,12.0912,0.00945211,4.73731,15.2286,0.00294633,5.38238,19.1721,0.000918508,6.10553,24.134,0.000286163,6.91951,30.3791,8.92692e-05,7.83792,38.2397,2.78121e-05,8.87555,48.1338,8.65134e-06,10.0489,60.5876,2.7882e-06,11.3761,76.2629,8.29036e-07,12.8779,95.9927,2.4373e-07,14.5775,120.825,1e-08,16.5012,152.08,1.75749e-07,18.6784,191.415,1e-08,21.1428,240.917,1.91829e-07,23.9322,303.213,1e-08,27.0895,381.602,7.0186e-08,30.6634,480.231,1e-08,34.7087,604.316,2.40784e-07,39.2876,760.401,9.87368e-08,44.4705,956.705,1.22263e-07,50.3371,1203.54,1e-08,56.9776,1513.81,1e-08,64.494,1903.69,1e-08,73.0018,2393.4,3.9185e-07,82.6317,3008.13,1.35379e-07,93.5318,3779.25,1e-08,105.869,4745.7,2.06965e-08,119.834,5955.6,1e-08,135.641,7468.12,1e-08,153.531,9355.62,2.00739e-07,173.781,11705.8,2.28358e-07,196.701,14624.1,1e-08,222.642,18235,1e-08,252.003,22683.4,1e-08,285.234,28134,1e-08,322.845,34767,2.34258e-07,365.413,42770.9,2.99668e-07,413.588,52327.9,8.28644e-08,468.111,63591.2,1e-08,529.814,76653.2,1e-08,599.642,91502.5,1e-08,678.662,107975,2.26339e-07,768.083,125705,3.69212e-07,869.267,144088,2.04077e-07,983.76,162277,1e-08,1113.3,179223,1e-08,1259.87,193777,1e-08,1425.68,204839,4.55555e-07,6.2823,3.27286,2.43537,0.219672,6.18826,2.24117,0.56371,6.87772,2.63624,0.308279,6,1,5,1,2,1,2,9,0,0,13,1,5,15,0,3,21,0,4,21,0,7,19,0,8,12,0,2,44,0,8,34,0,6,37,0,7,32,0,13,40,0,19,202,0,12,120,0,14,148,0,17,177,0,32,391,0,5,231,0,22,355,0,24,328,0,45,649,0,19,1452,0,62,1636,0,57,775,0,36,995,0,125,1928,0,85,2832,0,53,3214,0,84,2639,0,100,5753,0,132,5189,0,81,2841,0,134,9837,0,134,18952,0,294,22379,0,184,21175,0,362,35891,0,279,37900,0,371,20719,0,632,34818,0,658,47905,0,644,69842,0,464,50864,0,673,87426,0,779,90017,0,397,122518,0,1254,123210,0,1045,222301,0,1860,128816,0,961,182154,0,1332,224916,0
-1.05176e+08,1,8.88811e-15,10,1023,0,1.05176e+08,0.528882,1.08665,0.389689,0.145397,0.379329,3.24381,0.161596,0.446195,1.77396,0.159177,1.15e+07,4.49998e+06,6.79999e+06,1.15e+07,4.49997e+06,6.79999e+06,1.15e+07,4.49996e+06,6.79999e+06,1.15e+07,4.49995e+06,6.79999e+06,1.14999e+07,4.49993e+06,6.79999e+06,1.14999e+07,4.49991e+06,6.79999e+06,1.14999e+07,4.49989e+06,6.79999e+06,1.14999e+07,4.49986e+06,6.79999e+06,1.14999e+07,4.49982e+06,6.79999e+06,1.14999e+07,4.49977e+06,6.79999e+06,1.14999e+07,4.49971e+06,6.79999e+06,1.14999e+07,4.49963e+06,6.79999e+06,1.14998e+07,4.49953e+06,6.79999e+06,1.14998e+07,4.49941e+06,6.79999e+06,1.14998e+07,4.49926e+06,6.79999e+06,1.14998e+07,4.49906e+06,6.79999e+06,1.14997e+07,4.49882e+06,6.79999e+06,1.14997e+07,4.49851e+06,6.79999e+06,1.14997e+07,4.49812e+06,6.79999e+06,1.14996e+07,4.49764e+06,6.79999e+06,1.14996e+07,4.49702e+06,6.79999e+06,1.14995e+07,4.49625e+06,6.79999e+06,1.14995e+07,4.49528e+06,6.79999e+06,1.14994e+07,4.49406e+06,6.79999e+06,1.14993e+07,4.49253e+06,6.79999e+06,1.14992e+07,4.49059e+06,6.79999e+06,1.14991e+07,4.48817e+06,6.79999e+06,1.1499e+07,4.48511e+06,6.79999e+06,1.14988e+07,4.48128e+06,6.79999e+06,1.14987e+07,4.47646e+06,6.79999e+06,1.14985e+07,4.47041e+06,6.79999e+06,1.14983e+07,4.46281e+06,6.79999e+06,1.14981e+07,4.4533e+06,6.79999e+06,1.14979e+07,4.44138e+06,6.79999e+06,1.14976e+07,4.42649e+06,6.79999e+06,1.14972e+07,4.40789e+06,6.79999e+06,1.14969e+07,4.38471e+06,6.79999e+06,1.14965e+07,4.35592e+06,6.79999e+06,1.1496e+07,4.32027e+06,6.79999e+06,1.14955e+07,4.27629e+06,6.79999e+06,1.14949e+07,4.22231e+06,6.79999e+06,1.14942e+07,4.15647e+06,6.79999e+06,1.14934e+07,4.07676e+06,6.79999e+06,1.14926e+07,3.98112e+06,6.79999e+06,1.14916e+07,3.86765e+06,6.79999e+06,1.14905e+07,3.73474e+06,6.79999e+06,1.14892e+07,3.58148e+06,6.79999e+06,1.14878e+07,3.40785e+06,6.79999e+06,1.14862e+07,3.21513e+06,6.79999e+06,1.14844e+07,3.00605e+06,6.79999e+06,1.14823e+07,2.7848e+06,6.79999e+06,1.148e+07,2.5568e+06,6.79999e+06,1.14773e+07,2.32825e+06,6.79999e+06,13.5742,8.52444,0.508366,16.8306,13.2585,0.162638,20.0035,17.569,0.0507846,23.2616,22.4214,0.0158319,26.7328,28.3297,0.00493498,30.5212,35.6974,0.00153831,34.7178,44.9473,0.000479527,39.4086,56.5822,0.000149456,44.6796,71.2245,4.66214e-05,50.6209,89.6543,1.45419e-05,57.3297,112.852,4.54748e-06,64.9129,142.051,1.43857e-06,73.4897,178.803,4.36618e-07,83.1934,225.062,1.40153e-07,94.1745,283.286,4.96378e-08,106.602,356.568,1.05434e-07,120.669,448.799,-6.49244e-08,136.59,564.873,1.70148e-07,154.611,710.948,-5.34594e-08,175.008,894.767,1.63407e-07,198.097,1126.06,8.04804e-08,224.231,1417.07,1.14667e-07,253.813,1783.15,-1.71227e-07,287.297,2243.62,-2.88466e-07,325.198,2822.67,-4.33651e-07,368.098,3550.67,7.9318e-08,416.657,4465.65,3.13319e-07,471.621,5615.16,3.4613e-07,533.835,7058.61,-1.19199e-07,604.255,8870.02,-2.79964e-07,683.962,11141.4,-2.30521e-07,774.182,13986.7,-2.55099e-07,876.299,17546.4,1.23585e-07,991.883,21993.1,1.41192e-07,1122.71,27536.7,-9.71886e-08,1270.78,34430.7,-3.68368e-07,1438.38,42977.7,-3.45379e-07,1628.07,53532.7,-3.25328e-09,1842.77,66504.6,2.6362e-07,2085.77,82350.2,2.53445e-07,2360.79,101560,-2.47407e-08,2672.05,124632,-3.80602e-07,3024.31,152018,-4.79005e-07,3422.98,184060,-1.14379e-07,3874.15,220884,2.64297e-07,4384.72,262283,3.44131e-07,4962.49,307576,7.5349e-08,5616.29,355497,-3.63097e-07,6356.1,404126,-6.05442e-07,7193.18,450932,-2.72333e-07,8140.28,492963,2.29675e-07,9211.79,527178,4.3387e-07,10424,550893,-1.0711e-07,10.102,8.06553,2.81012,10.6436,8.57909,0.869423,11.5336,10.2515,0.270869,12.7211,12.7138,0.0844293,14.1823,15.9373,0.0263173,15.9122,20.0383,0.0082035,17.9198,25.2154,0.00255722,20.2244,31.7373,0.000797017,22.8539,39.9486,0.000248622,25.8438,50.2851,7.75492e-05,29.237,63.2963,2.42508e-05,33.0837,79.6738,7.67162e-06,37.4415,100.288,2.32837e-06,42.3767,126.236,7.33e-07,47.9646,158.896,2.79256e-07,54.2906,200.003,9.87351e-09,61.452,251.741,1.61085e-07,69.5585,316.859,-2.47141e-07,78.7347,398.812,8.93552e-08,89.1218,501.948,-2.53231e-07,100.879,631.736,-1.25047e-07,114.188,795.049,-1.78808e-07,129.252,1000.53,2.6733e-07,146.304,1259.03,4.50292e-07,165.605,1584.19,6.76904e-07,187.452,1993.12,-1.23808e-07,212.181,2507.27,-4.89068e-07,240.173,3153.54,-5.40284e-07,271.856,3965.56,1.86061e-07,307.719,4985.38,4.37004e-07,348.313,6265.4,3.59828e-07,394.26,7870.83,3.98192e-07,446.268,9882.51,-1.92908e-07,505.135,12400.3,-2.20392e-07,571.766,15546.9,1.51705e-07,647.184,19472.2,5.74996e-07,732.547,24357.4,5.39112e-07,829.167,30420,5.07815e-09,938.526,37916.3,-4.11492e-07,1062.3,47143.9,-3.9561e-07,1202.4,58439.2,3.86185e-08,1360.96,72169.3,5.94093e-07,1540.42,88715.8,7.47693e-07,1743.53,108445,1.78537e-07,1973.41,131665,-4.12549e-07,2233.57,158557,-5.37164e-07,2528,189103,-1.17615e-07,2861.2,222986,5.66769e-07,3238.27,259510,9.45053e-07,3664.97,297540,4.25093e-07,4147.81,335497,-3.58506e-07,4694.17,371444,-6.7724e-07,5312.37,403256,1.67192e-07,1.61744,3.89446,9.84394,3.28846,7.5504,12.774,5.07607,11.7187,13.6844,7.03202,16.8147,13.9681,9.20215,23.1769,14.0566,11.6301,31.1672,14.0841,14.3598,41.2186,14.0927,17.4376,53.8688,14.0954,20.9137,69.7915,14.0962,24.8432,89.8341,14.0965,29.2879,115.063,14.0966,34.3168,146.819,14.0966,40.0078,186.792,14.0966,46.4487,237.107,14.0966,53.7388,300.44,14.0966,61.9903,380.158,14.0966,71.3301,480.499,14.0966,81.902,606.796,14.0966,93.8685,765.761,14.0966,107.414,965.837,14.0966,122.746,1217.65,14.0966,140.101,1534.57,14.0966,159.745,1933.41,14.0966,181.981,2435.3,14.0966,207.15,3066.85,14.0966,235.64,3861.46,14.0966,267.889,4861.11,14.0966,304.391,6118.54,14.0966,345.709,7699.91,14.0966,392.478,9688.22,14.0966,445.417,12187.5,14.0966,505.339,15327.7,14.0966,573.165,19271.6,14.0966,649.938,24222,14.0966,736.839,30430.9,14.0966,835.202,38211.5,14.0966,946.539,47950.3,14.0966,1072.56,60122.8,14.0966,1215.21,75309.9,14.0966,1376.66,94216.2,14.0966,1559.41,117688,14.0966,1766.26,146729,14.0966,2000.39,182510,14.0966,2265.39,226372,14.0966,2565.33,279806,14.0966,2904.81,344416,14.0966,3289.05,421845,14.0966,3723.93,513667,14.0966,4216.13,621231,14.0966,4773.18,745478,14.0966,5403.64,886744,14.0966,6117.15,1.04457e+06,14.0966,6924.63,1.2176e+06,14.0966,11.7194,11.96,12.6541,13.9321,16.1295,13.6434,16.6097,21.9702,13.9553,19.7532,29.5285,14.0526,23.3844,39.1143,14.0829,27.5423,51.2054,14.0923,32.2796,66.434,14.0953,37.662,85.6061,14.0962,43.7675,109.74,14.0965,50.687,140.119,14.0966,58.5249,178.359,14.0966,67.4005,226.493,14.0966,77.4493,287.08,14.0966,88.8254,363.343,14.0966,101.703,459.336,14.0966,116.281,580.161,14.0966,132.782,732.241,14.0966,151.46,923.655,14.0966,172.603,1164.57,14.0966,196.535,1467.79,14.0966,223.625,1849.39,14.0966,254.288,2329.62,14.0966,288.997,2933.93,14.0966,328.285,3694.33,14.0966,372.755,4651.04,14.0966,423.092,5854.57,14.0966,480.07,7368.38,14.0966,544.564,9272.08,14.0966,617.566,11665.5,14.0966,700.197,14673.6,14.0966,793.729,18452.9,14.0966,899.599,23198.6,14.0966,1019.43,29154.1,14.0966,1155.07,36622.3,14.0966,1308.6,45977.9,14.0966,1482.39,57683.7,14.0966,1679.09,72307.8,14.0966,1901.73,90542.8,14.0966,2153.73,113226,14.0966,2438.97,141360,14.0966,2761.81,176127,14.0966,3127.22,218898,14.0966,3540.81,271226,14.0966,4008.92,334817,14.0966,4538.74,411470,14.0966,5138.38,502973,14.0966,5817.04,610948,14.0966,6585.12,736653,14.0966,7454.39,880741,14.0966,8438.15,1.04302e+06,14.0966,9551.45,1.22224e+06,14.0966,10811.3,1.41602e+06,14.0966,12237,1.62086e+06,14.0966,11.7194,11.96,12.6541,2.21263,4.16949,0.989383,2.67766,5.84076,0.311842,3.14343,7.55825,0.0972771,3.63127,9.58578,0.0303237,4.15787,12.0912,0.00945211,4.73731,15.2286,0.00294633,5.38238,19.1721,0.000918508,6.10553,24.134,0.000286163,6.91951,30.3791,8.92692e-05,7.83792,38.2397,2.78121e-05,8.87555,48.1338,8.65134e-06,10.0489,60.5876,2.7882e-06,11.3761,76.2629,8.29036e-07,12.8779,95.9927,2.4373e-07,14.5775,120.825,4.33068e-09,16.5012,152.08,1.75749e-07,18.6784,191.415,-1.86328e-07,21.1428,240.917,1.91829e-07,23.9322,303.213,-1.81475e-07,27.0895,381.602,7.0186e-08,30.6634,480.231,-2.86769e-08,34.7087,604.316,2.40784e-07,39.2876,760.401,9.87368e-08,44.4705,956.705,1.22263e-07,50.3371,1203.54,-4.31966e-07,56.9776,1513.81,-1.9705e-07,64.494,1903.69,-2.763e-08,73.0018,2393.4,3.9185e-07,82.6317,3008.13,1.35379e-07,93.5318,3779.25,-4.16351e-08,105.869,4745.7,2.06965e-08,119.834,5955.6,-3.18887e-07,135.641,7468.12,-1.48271e-08,153.531,9355.62,2.00739e-07,173.781,11705.8,2.28358e-07,196.701,14624.1,-1.93587e-08,222.642,18235,-2.88101e-07,252.003,22683.4,-2.24732e-07,285.234,28134,8.56806e-09,322.845,34767,2.34258e-07,365.413,42770.9,2.99668e-07,413.588,52327.9,8.28644e-08,468.111,63591.2,-3.07049e-07,529.814,76653.2,-3.1888e-07,599.642,91502.5,-6.72276e-08,678.662,107975,2.26339e-07,768.083,125705,3.69212e-07,869.267,144088,2.04077e-07,983.76,162277,-2.80509e-07,1113.3,179223,-4.22737e-07,1259.87,193777,-1.71951e-07,1425.68,204839,4.55555e-07,11.7194,11.96,12.6541,2.21263,4.16949,0.989383,2.67766,5.84076,0.311842,3.14343,7.55825,0.0972771,3.63127,9.58578,0.0303237,4.15787,12.0912,0.00945211,4.73731,15.2286,0.00294633,5.38238,19.1721,0.000918508,6.10553,24.134,0.000286163,6.91951,30.3791,8.92692e-05,7.83792,38.2397,2.78121e-05,8.87555,48.1338,8.65134e-06,10.0489,60.5876,2.7882e-06,11.3761,76.2629,8.29036e-07,12.8779,95.9927,2.4373e-07,14.5775,120.825,1e-08,16.5012,152.08,1.75749e-07,18.6784,191.415,1e-08,21.1428,240.917,1.91829e-07,23.9322,303.213,1e-08,27.0895,381.602,7.0186e-08,30.6634,480.231,1e-08,34.7087,604.316,2.40784e-07,39.2876,760.401,9.87368e-08,44.4705,956.705,1.22263e-07,50.3371,1203.54,1e-08,56.9776,1513.81,1e-08,64.494,1903.69,1e-08,73.0018,2393.4,3.9185e-07,82.6317,3008.13,1.35379e-07,93.5318,3779.25,1e-08,105.869,4745.7,2.06965e-08,119.834,5955.6,1e-08,135.641,7468.12,1e-08,153.531,9355.62,2.00739e-07,173.781,11705.8,2.28358e-07,196.701,14624.1,1e-08,222.642,18235,1e-08,252.003,22683.4,1e-08,285.234,28134,1e-08,322.845,34767,2.34258e-07,365.413,42770.9,2.99668e-07,413.588,52327.9,8.28644e-08,468.111,63591.2,1e-08,529.814,76653.2,1e-08,599.642,91502.5,1e-08,678.662,107975,2.26339e-07,768.083,125705,3.69212e-07,869.267,144088,2.04077e-07,983.76,162277,1e-08,1113.3,179223,1e-08,1259.87,193777,1e-08,1425.68,204839,4.55555e-07,6.2823,3.27286,2.43537,0.219672,6.18826,2.24117,0.56371,6.87772,2.63624,0.308279,5,10,13,1,3,3,3,1,0,7,9,0,2,14,0,6,13,0,9,20,0,5,12,0,3,23,0,5,39,0,13,52,0,8,52,0,5,79,0,9,87,0,14,95,0,6,31,0,34,137,0,29,94,0,29,258,0,25,408,0,15,662,0,21,488,0,31,603,0,28,922,0,95,1248,0,29,1195,0,34,1142,0,88,1534,0,53,4694,0,43,3363,0,53,3028,0,218,3468,0,38,3829,0,110,15191,0,212,3107,0,146,13522,0,200,25053,0,87,39245,0,182,45031,0,200,21646,0,149,42111,0,545,42219,0,417,40521,0,776,66476,0,880,76426,0,991,108865,0,701,120903,0,1485,141584,0,1224,298513,0,791,193485,0,1047,104816,0,1468,161308,0,610,328713,0
-1.05176e+08,1,8.88811e-15,10,1023,0,1.05176e+08,0.528882,1.08665,0.389689,0.145397,0.379329,3.24381,0.161596,0.446195,1.77396,0.159177,1.15e+07,4.49998e+06,6.79999e+06,1.15e+07,4.49997e+06,6.79999e+06,1.15e+07,4.49996e+06,6.79999e+06,1.15e+07,4.49995e+06,6.79999e+06,1.14999e+07,4.49993e+06,6.79999e+06,1.14999e+07,4.49991e+06,6.79999e+06,1.14999e+07,4.49989e+06,6.79999e+06,1.14999e+07,4.49986e+06,6.79999e+06,1.14999e+07,4.49982e+06,6.79999e+06,1.14999e+07,4.49977e+06,6.79999e+06,1.14999e+07,4.49971e+06,6.79999e+06,1.14999e+07,4.49963e+06,6.79999e+06,1.14998e+07,4.49953e+06,6.79999e+06,1.14998e+07,4.49941e+06,6.79999e+06,1.14998e+07,4.49926e+06,6.79999e+06,1.14998e+07,4.49906e+06,6.79999e+06,1.14997e+07,4.49882e+06,6.79999e+06,1.14997e+07,4.49851e+06,6.79999e+06,1.14997e+07,4.49812e+06,6.79999e+06,1.14996e+07,4.49764e+06,6.79999e+06,1.14996e+07,4.49702e+06,6.79999e+06,1.14995e+07,4.49625e+06,6.79999e+06,1.14995e+07,4.49528e+06,6.79999e+06,1.14994e+07,4.49406e+06,6.79999e+06,1.14993e+07,4.49253e+06,6.79999e+06,1.14992e+07,4.49059e+06,6.79999e+06,1.14991e+07,4.48817e+06,6.79999e+06,1.1499e+07,4.48511e+06,6.79999e+06,1.14988e+07,4.48128e+06,6.79999e+06,1.14987e+07,4.47646e+06,6.79999e+06,1.14985e+07,4.47041e+06,6.79999e+06,1.14983e+07,4.46281e+06,6.79999e+06,1.14981e+07,4.4533e+06,6.79999e+06,1.14979e+07,4.44138e+06,6.79999e+06,1.14976e+07,4.42649e+06,6.79999e+06,1.14972e+07,4.40789e+06,6.79999e+06,1.14969e+07,4.38471e+06,6.79999e+06,1.14965e+07,4.35592e+06,6.79999e+06,1.1496e+07,4.32027e+06,6.79999e+06,1.14955e+07,4.27629e+06,6.79999e+06,1.14949e+07,4.22231e+06,6.79999e+06,1.14942e+07,4.15647e+06,6.79999e+06,1.14934e+07,4.07676e+06,6.79999e+06,1.14926e+07,3.98112e+06,6.79999e+06,1.14916e+07,3.86765e+06,6.79999e+06,1.14905e+07,3.73474e+06,6.79999e+06,1.14892e+07,3.58148e+06,6.79999e+06,1.14878e+07,3.40785e+06,6.79999e+06,1.14862e+07,3.21513e+06,6.79999e+06,1.14844e+07,3.00605e+06,6.79999e+06,1.14823e+07,2.7848e+06,6.79999e+06,1.148e+07,2.5568e+06,6.79999e+06,1.14773e+07,2.32825e+06,6.79999e+06,13.5742,8.52444,0.508366,16.8306,13.2585,0.162638,20.0035,17.569,0.0507846,23.2616,22.4214,0.0158319,26.7328,28.3297,0.00493498,30.5212,35.6974,0.00153831,34.7178,44.9473,0.000479527,39.4086,56.5822,0.000149456,44.6796,71.2245,4.66214e-05,50.6209,89.6543,1.45419e-05,57.3297,112.852,4.54748e-06,64.9129,142.051,1.43857e-06,73.4897,178.803,4.36618e-07,83.1934,225.062,1.40153e-07,94.1745,283.286,4.96378e-08,106.602,356.568,1.05434e-07,120.669,448.799,-6.49244e-08,136.59,564.873,1.70148e-07,154.611,710.948,-5.34594e-08,175.008,894.767,1.63407e-07,198.097,1126.06,8.04804e-08,224.231,1417.07,1.14667e-07,253.813,1783.15,-1.71227e-07,287.297,2243.62,-2.88466e-07,325.198,2822.67,-4.33651e-07,368.098,3550.67,7.9318e-08,416.657,4465.65,3.13319e-07,471.621,5615.16,3.4613e-07,533.835,7058.61,-1.19199e-07,604.255,8870.02,-2.79964e-07,683.962,11141.4,-2.30521e-07,774.182,13986.7,-2.55099e-07,876.299,17546.4,1.23585e-07,991.883,21993.1,1.41192e-07,1122.71,27536.7,-9.71886e-08,1270.78,34430.7,-3.68368e-07,1438.38,42977.7,-3.45379e-07,1628.07,53532.7,-3.25328e-09,1842.77,66504.6,2.6362e-07,2085.77,82350.2,2.53445e-07,2360.79,101560,-2.47407e-08,2672.05,124632,-3.80602e-07,3024.31,152018,-4.79005e-07,3422.98,184060,-1.14379e-07,3874.15,220884,2.64297e-07,4384.72,262283,3.44131e-07,4962.49,307576,7.5349e-08,5616.29,355497,-3.63097e-07,6356.1,404126,-6.05442e-07,7193.18,450932,-2.72333e-07,8140.28,492963,2.29675e-07,9211.79,527178,4.3387e-07,10424,550893,-1.0711e-07,10.102,8.06553,2.81012,10.6436,8.57909,0.869423,11.5336,10.2515,0.270869,12.7211,12.7138,0.0844293,14.1823,15.9373,0.0263173,15.9122,20.0383,0.0082035,17.9198,25.2154,0.00255722,20.2244,31.7373,0.000797017,22.8539,39.9486,0.000248622,25.8438,50.2851,7.75492e-05,29.237,63.2963,2.42508e-05,33.0837,79.6738,7.67162e-06,37.4415,100.288,2.32837e-06,42.3767,126.236,7.33e-07,47.9646,158.896,2.79256e-07,54.2906,200.003,9.87351e-09,61.452,251.741,1.61085e-07,69.5585,316.859,-2.47141e-07,78.7347,398.812,8.93552e-08,89.1218,501.948,-2.53231e-07,100.879,631.736,-1.25047e-07,114.188,795.049,-1.78808e-07,129.252,1000.53,2.6733e-07,146.304,1259.03,4.50292e-07,165.605,1584.19,6.76904e-07,187.452,1993.12,-1.23808e-07,212.181,2507.27,-4.89068e-07,240.173,3153.54,-5.40284e-07,271.856,3965.56,1.86061e-07,307.719,4985.38,4.37004e-07,348.313,6265.4,3.59828e-07,394.26,7870.83,3.98192e-07,446.268,9882.51,-1.92908e-07,505.135,12400.3,-2.20392e-07,571.766,15546.9,1.51705e-07,647.184,19472.2,5.74996e-07,732.547,24357.4,5.39112e-07,829.167,30420,5.07815e-09,938.526,37916.3,-4.11492e-07,1062.3,47143.9,-3.9561e-07,1202.4,58439.2,3.86185e-08,1360.96,72169.3,5.94093e-07,1540.42,88715.8,7.47693e-07,1743.53,108445,1.78537e-07,1973.41,131665,-4.12549e-07,2233.57,158557,-5.37164e-07,2528,189103,-1.17615e-07,2861.2,222986,5.66769e-07,3238.27,259510,9.45053e-07,3664.97,297540,4.25093e-07,4147.81,335497,-3.58506e-07,4694.17,371444,-6.7724e-07,5312.37,403256,1.67192e-07,1.61744,3.89446,9.84394,3.28846,7.5504,12.774,5.07607,11.7187,13.6844,7.03202,16.8147,13.9681,9.20215,23.1769,14.0566,11.6301,31.1672,14.0841,14.3598,41.2186,14.0927,17.4376,53.8688,14.0954,20.9137,69.7915,14.0962,24.8432,89.8341,14.0965,29.2879,115.063,14.0966,34.3168,146.819,14.0966,40.0078,186.792,14.0966,46.4487,237.107,14.0966,53.7388,300.44,14.0966,61.9903,380.158,14.0966,71.3301,480.499,14.0966,81.902,606.796,14.0966,93.8685,765.761,14.0966,107.414,965.837,14.0966,122.746,1217.65,14.0966,140.101,1534.57,14.0966,159.745,1933.41,14.0966,181.981,2435.3,14.0966,207.15,3066.85,14.0966,235.64,3861.46,14.0966,267.889,4861.11,14.0966,304.391,6118.54,14.0966,345.709,7699.91,14.0966,392.478,9688.22,14.0966,445.417,12187.5,14.0966,505.339,15327.7,14.0966,573.165,19271.6,14.0966,649.938,24222,14.0966,736.839,30430.9,14.0966,835.202,38211.5,14.0966,946.539,47950.3,14.0966,1072.56,60122.8,14.0966,1215.21,75309.9,14.0966,1376.66,94216.2,14.0966,1559.41,117688,14.0966,1766.26,146729,14.0966,2000.39,182510,14.0966,2265.39,226372,14.0966,2565.33,279806,14.0966,2904.81,344416,14.0966,3289.05,421845,14.0966,3723.93,513667,14.0966,4216.13,621231,14.0966,4773.18,745478,14.0966,5403.64,886744,14.0966,6117.15,1.04457e+06,14.0966,6924.63,1.2176e+06,14.0966,11.7194,11.96,12.6541,13.9321,16.1295,13.6434,16.6097,21.9702,13.9553,19.7532,29.5285,14.0526,23.3844,39.1143,14.0829,27.5423,51.2054,14.0923,32.2796,66.434,14.0953,37.662,85.6061,14.0962,43.7675,109.74,14.0965,50.687,140.119,14.0966,58.5249,178.359,14.0966,67.4005,226.493,14.0966,77.4493,287.08,14.0966,88.8254,363.343,14.0966,101.703,459.336,14.0966,116.281,580.161,14.0966,132.782,732.241,14.0966,151.46,923.655,14.0966,172.603,1164.57,14.0966,196.535,1467.79,14.0966,223.625,1849.39,14.0966,254.288,2329.62,14.0966,288.997,2933.93,14.0966,328.285,3694.33,14.0966,372.755,4651.04,14.0966,423.092,5854.57,14.0966,480.07,7368.38,14.0966,544.564,9272.08,14.0966,617.566,11665.5,14.0966,700.197,14673.6,14.0966,793.729,18452.9,14.0966,899.599,23198.6,14.0966,1019.43,29154.1,14.0966,1155.07,36622.3,14.0966,1308.6,45977.9,14.0966,1482.39,57683.7,14.0966,1679.09,72307.8,14.0966,1901.73,90542.8,14.0966,2153.73,113226,14.0966,2438.97,141360,14.0966,2761.81,176127,14.0966,3127.22,218898,14.0966,3540.81,271226,14.0966,4008.92,334817,14.0966,4538.74,411470,14.0966,5138.38,502973,14.0966,5817.04,610948,14.0966,6585.12,736653,14.0966,7454.39,880741,14.0966,8438.15,1.04302e+06,14.0966,9551.45,1.22224e+06,14.0966,10811.3,1.41602e+06,14.0966,12237,1.62086e+06,14.0966,11.7194,11.96,12.6541,2.21263,4.16949,0.989383,2.67766,5.84076,0.311842,3.14343,7.55825,0.0972771,3.63127,9.58578,0.0303237,4.15787,12.0912,0.00945211,4.73731,15.2286,0.00294633,5.38238,19.1721,0.000918508,6.10553,24.134,0.000286163,6.91951,30.3791,8.92692e-05,7.83792,38.2397,2.78121e-05,8.87555,48.1338,8.65134e-06,10.0489,60.5876,2.7882e-06,11.3761,76.2629,8.29036e-07,12.8779,95.9927,2.4373e-07,14.5775,120.825,4.33068e-09,16.5012,152.08,1.75749e-07,18.6784,191.415,-1.86328e-07,21.1428,240.917,1.91829e-07,23.9322,303.213,-1.81475e-07,27.0895,381.602,7.0186e-08,30.6634,480.231,-2.86769e-08,34.7087,604.316,2.40784e-07,39.2876,760.401,9.87368e-08,44.4705,956.705,1.22263e-07,50.3371,1203.54,-4.31966e-07,56.9776,1513.81,-1.9705e-07,64.494,1903.69,-2.763e-08,73.0018,2393.4,3.9185e-07,82.6317,3008.13,1.35379e-07,93.5318,3779.25,-4.16351e-08,105.869,4745.7,2.06965e-08,119.834,5955.6,-3.18887e-07,135.641,7468.12,-1.48271e-08,153.531,9355.62,2.00739e-07,173.781,11705.8,2.28358e-07,196.701,14624.1,-1.93587e-08,222.642,18235,-2.88101e-07,252.003,22683.4,-2.24732e-07,285.234,28134,8.56806e-09,322.845,34767,2.34258e-07,365.413,42770.9,2.99668e-07,413.588,52327.9,8.28644e-08,468.111,63591.2,-3.07049e-07,529.814,76653.2,-3.1888e-07,599.642,91502.5,-6.72276e-08,678.662,107975,2.26339e-07,768.083,125705,3.69212e-07,869.267,144088,2.04077e-07,983.76,162277,-2.80509e-07,1113.3,179223,-4.22737e-07,1259.87,193777,-1.71951e-07,1425.68,204839,4.55555e-07,11.7194,11.96,12.6541,2.21263,4.16949,0.989383,2.67766,5.84076,0.311842,3.14343,7.55825,0.0972771,3.63127,9.58578,0.0303237,4.15787,12.0912,0.00945211,4.73731,15.2286,0.00294633,5.38238,19.1721,0.000918508,6.10553,24.134,0.000286163,6.91951,30.3791,8.92692e-05,7.83792,38.2397,2.78121e-05,8.87555,48.1338,8.65134e-06,10.0489,60.5876,2.7882e-06,11.3761,76.2629,8.29036e-07,12.8779,95.9927,2.4373e-07,14.5775,120.825,1e-08,16.5012,152.08,1.75749e-07,18.6784,191.415,1e-08,21.1428,240.917,1.91829e-07,23.9322,303.213,1e-08,27.0895,381.602,7.0186e-08,30.6634,480.231,1e-08,34.7087,604.316,2.40784e-07,39.2876,760.401,9.87368e-08,44.4705,956.705,1.22263e-07,50.3371,1203.54,1e-08,56.9776,1513.81,1e-08,64.494,1903.69,1e-08,73.0018,2393.4,3.9185e-07,82.6317,3008.13,1.35379e-07,93.5318,3779.25,1e-08,105.869,4745.7,2.06965e-08,119.834,5955.6,1e-08,135.641,7468.12,1e-08,153.531,9355.62,2.00739e-07,173.781,11705.8,2.28358e-07,196.701,14624.1,1e-08,222.642,18235,1e-08,252.003,22683.4,1e-08,285.234,28134,1e-08,322.845,34767,2.34258e-07,365.413,42770.9,2.99668e-07,413.588,52327.9,8.28644e-08,468.111,63591.2,1e-08,529.814,76653.2,1e-08,599.642,91502.5,1e-08,678.662,107975,2.26339e-07,768.083,125705,3.69212e-07,869.267,144088,2.04077e-07,983.76,162277,1e-08,1113.3,179223,1e-08,1259.87,193777,1e-08,1425.68,204839,4.55555e-07,6.2823,3.27286,2.43537,0.219672,6.18826,2.24117,0.56371,6.87772,2.63624,0.308279,17,7,17,3,2,2,7,16,0,3,10,0,4,19,0,1,21,0,9,16,0,0,14,0,18,11,0,6,50,0,19,56,0,15,63,0,3,45,0,9,85,0,36,93,0,6,64,0,9,204,0,16,199,0,29,165,0,30,332,0,27,339,0,24,185,0,12,753,0,56,1319,0,80,1329,0,40,2782,0,50,1922,0,76,1310,0,78,2934,0,48,3557,0,151,3590,0,124,3023,0,180,3898,0,104,9996,0,148,8156,0,170,7654,0,186,14169,0,212,15416,0,444,18119,0,260,28039,0,402,43090,0,165,26289,0,323,85851,0,322,46209,0,657,54728,0,564,77019,0,590,132629,0,976,135147,0,1978,61909,0,531,144468,0,663,251503,0,548,170647,0,645,442927,0
-1.05176e+08,1,8.88811e-15,10,1023,0,1.05176e+08,0.528882,1.08665,0.389689,0.145397,0.379329,3.24381,0.161596,0.446195,1.77396,0.159177,1.15e+07,4.49998e+06,6.79999e+06,1.15e+07,4.49997e+06,6.79999e+06,1.15e+07,4.49996e+06,6.79999e+06,1.15e+07,4.49995e+06,6.79999e+06,1.14999e+07,4.49993e+06,6.79999e+06,1.14999e+07,4.49991e+06,6.79999e+06,1.14999e+07,4.49989e+06,6.79999e+06,1.14999e+07,4.49986e+06,6.79999e+06,1.14999e+07,4.49982e+06,6.79999e+06,1.14999e+07,4.49977e+06,6.79999e+06,1.14999e+07,4.49971e+06,6.79999e+06,1.14999e+07,4.49963e+06,6.79999e+06,1.14998e+07,4.49953e+06,6.79999e+06,1.14998e+07,4.49941e+06,6.79999e+06,1.14998e+07,4.49926e+06,6.79999e+06,1.14998e+07,4.49906e+06,6.79999e+06,1.14997e+07,4.49882e+06,6.79999e+06,1.14997e+07,4.49851e+06,6.79999e+06,1.14997e+07,4.49812e+06,6.79999e+06,1.14996e+07,4.49764e+06,6.79999e+06,1.14996e+07,4.49702e+06,6.79999e+06,1.14995e+07,4.49625e+06,6.79999e+06,1.14995e+07,4.49528e+06,6.79999e+06,1.14994e+07,4.49406e+06,6.79999e+06,1.14993e+07,4.49253e+06,6.79999e+06,1.14992e+07,4.49059e+06,6.79999e+06,1.14991e+07,4.48817e+06,6.79999e+06,1.1499e+07,4.48511e+06,6.79999e+06,1.14988e+07,4.48128e+06,6.79999e+06,1.14987e+07,4.47646e+06,6.79999e+06,1.14985e+07,4.47041e+06,6.79999e+06,1.14983e+07,4.46281e+06,6.79999e+06,1.14981e+07,4.4533e+06,6.79999e+06,1.14979e+07,4.44138e+06,6.79999e+06,1.14976e+07,4.42649e+06,6.79999e+06,1.14972e+07,4.40789e+06,6.79999e+06,1.14969e+07,4.38471e+06,6.79999e+06,1.14965e+07,4.35592e+06,6.79999e+06,1.1496e+07,4.32027e+06,6.79999e+06,1.14955e+07,4.27629e+06,6.79999e+06,1.14949e+07,4.22231e+06,6.79999e+06,1.14942e+07,4.15647e+06,6.79999e+06,1.14934e+07,4.07676e+06,6.79999e+06,1.14926e+07,3.98112e+06,6.79999e+06,1.14916e+07,3.86765e+06,6.79999e+06,1.14905e+07,3.73474e+06,6.79999e+06,1.14892e+07,3.58148e+06,6.79999e+06,1.14878e+07,3.40785e+06,6.79999e+06,1.14862e+07,3.21513e+06,6.79999e+06,1.14844e+07,3.00605e+06,6.79999e+06,1.14823e+07,2.7848e+06,6.79999e+06,1.148e+07,2.5568e+06,6.79999e+06,1.14773e+07,2.32825e+06,6.79999e+06,13.5742,8.52444,0.508366,16.8306,13.2585,0.162638,20.0035,17.569,0.0507846,23.2616,22.4214,0.0158319,26.7328,28.3297,0.00493498,30.5212,35.6974,0.00153831,34.7178,44.9473,0.000479527,39.4086,56.5822,0.000149456,44.6796,71.2245,4.66214e-05,50.6209,89.6543,1.45419e-05,57.3297,112.852,4.54748e-06,64.9129,142.051,1.43857e-06,73.4897,178.803,4.36618e-07,83.1934,225.062,1.40153e-07,94.1745,283.286,4.96378e-08,106.602,356.568,1.05434e-07,120.669,448.799,-6.49244e-08,136.59,564.873,1.70148e-07,154.611,710.948,-5.34594e-08,175.008,894.767,1.63407e-07,198.097,1126.06,8.04804e-08,224.231,1417.07,1.14667e-07,253.813,1783.15,-1.71227e-07,287.297,2243.62,-2.88466e-07,325.198,2822.67,-4.33651e-07,368.098,3550.67,7.9318e-08,416.657,4465.65,3.13319e-07,471.621,5615.16,3.4613e-07,533.835,7058.61,-1.19199e-07,604.255,8870.02,-2.79964e-07,683.962,11141.4,-2.30521e-07,774.182,13986.7,-2.55099e-07,876.299,17546.4,1.23585e-07,991.883,21993.1,1.41192e-07,1122.71,27536.7,-9.71886e-08,1270.78,34430.7,-3.68368e-07,1438.38,42977.7,-3.45379e-07,1628.07,53532.7,-3.25328e-09,1842.77,66504.6,2.6362e-07,2085.77,82350.2,2.53445e-07,2360.79,101560,-2.47407e-08,2672.05,124632,-3.80602e-07,3024.31,152018,-4.79005e-07,3422.98,184060,-1.14379e-07,3874.15,220884,2.64297e-07,4384.72,262283,3.44131e-07,4962.49,307576,7.5349e-08,5616.29,355497,-3.63097e-07,6356.1,404126,-6.05442e-07,7193.18,450932,-2.72333e-07,8140.28,492963,2.29675e-07,9211.79,527178,4.3387e-07,10424,550893,-1.0711e-07,10.102,8.06553,2.81012,10.6436,8.57909,0.869423,11.5336,10.2515,0.270869,12.7211,12.7138,0.0844293,14.1823,15.9373,0.0263173,15.9122,20.0383,0.0082035,17.9198,25.2154,0.00255722,20.2244,31.7373,0.000797017,22.8539,39.9486,0.000248622,25.8438,50.2851,7.75492e-05,29.237,63.2963,2.42508e-05,33.0837,79.6738,7.67162e-06,37.4415,100.288,2.32837e-06,42.3767,126.236,7.33e-07,47.9646,158.896,2.79256e-07,54.2906,200.003,9.87351e-09,61.452,251.741,1.61085e-07,69.5585,316.859,-2.47141e-07,78.7347,398.812,8.93552e-08,89.1218,501.948,-2.53231e-07,100.879,631.736,-1.25047e-07,114.188,795.049,-1.78808e-07,129.252,1000.53,2.6733e-07,146.304,1259.03,4.50292e-07,165.605,1584.19,6.76904e-07,187.452,1993.12,-1.23808e-07,212.181,2507.27,-4.89068e-07,240.173,3153.54,-5.40284e-07,271.856,3965.56,1.86061e-07,307.719,4985.38,4.37004e-07,348.313,6265.4,3.59828e-07,394.26,7870.83,3.98192e-07,446.268,9882.51,-1.92908e-07,505.135,12400.3,-2.20392e-07,571.766,15546.9,1.51705e-07,647.184,19472.2,5.74996e-07,732.547,24357.4,5.39112e-07,829.167,30420,5.07815e-09,938.526,37916.3,-4.11492e-07,1062.3,47143.9,-3.9561e-07,1202.4,58439.2,3.86185e-08,1360.96,72169.3,5.94093e-07,1540.42,88715.8,7.47693e-07,1743.53,108445,1.78537e-07,1973.41,131665,-4.12549e-07,2233.57,158557,-5.37164e-07,2528,189103,-1.17615e-07,2861.2,222986,5.66769e-07,3238.27,259510,9.45053e-07,3664.97,297540,4.25093e-07,4147.81,335497,-3.58506e-07,4694.17,371444,-6.7724e-07,5312.37,403256,1.67192e-07,1.61744,3.89446,9.84394,3.28846,7.5504,12.774,5.07607,11.7187,13.6844,7.03202,16.8147,13.9681,9.20215,23.1769,14.0566,11.6301,31.1672,14.0841,14.3598,41.2186,14.0927,17.4376,53.8688,14.0954,20.9137,69.7915,14.0962,24.8432,89.8341,14.0965,29.2879,115.063,14.0966,34.3168,146.819,14.0966,40.0078,186.792,14.0966,46.4487,237.107,14.0966,53.7388,300.44,14.0966,61.9903,380.158,14.0966,71.3301,480.499,14.0966,81.902,606.796,14.0966,93.8685,765.761,14.0966,107.414,965.837,14.0966,122.746,1217.65,14.0966,140.101,1534.57,14.0966,159.745,1933.41,14.0966,181.981,2435.3,14.0966,207.15,3066.85,14.0966,235.64,3861.46,14.0966,267.889,4861.11,14.0966,304.391,6118.54,14.0966,345.709,7699.91,14.0966,392.478,9688.22,14.0966,445.417,12187.5,14.0966,505.339,15327.7,14.0966,573.165,19271.6,14.0966,649.938,24222,14.0966,736.839,30430.9,14.0966,835.202,38211.5,14.0966,946.539,47950.3,14.0966,1072.56,60122.8,14.0966,1215.21,75309.9,14.0966,1376.66,94216.2,14.0966,1559.41,117688,14.0966,1766.26,146729,14.0966,2000.39,182510,14.0966,2265.39,226372,14.0966,2565.33,279806,14.0966,2904.81,344416,14.0966,3289.05,421845,14.0966,3723.93,513667,14.0966,4216.13,621231,14.0966,4773.18,745478,14.0966,5403.64,886744,14.0966,6117.15,1.04457e+06,14.0966,6924.63,1.2176e+06,14.0966,11.7194,11.96,12.6541,13.9321,16.1295,13.6434,16.6097,21.9702,13.9553,19.7532,29.5285,14.0526,23.3844,39.1143,14.0829,27.5423,51.2054,14.0923,32.2796,66.434,14.0953,37.662,85.6061,14.0962,43.7675,109.74,14.0965,50.687,140.119,14.0966,58.5249,178.359,14.0966,67.4005,226.493,14.0966,77.4493,287.08,14.0966,88.8254,363.343,14.0966,101.703,459.336,14.0966,116.281,580.161,14.0966,132.782,732.241,14.0966,151.46,923.655,14.0966,172.603,1164.57,14.0966,196.535,1467.79,14.0966,223.625,1849.39,14.0966,254.288,2329.62,14.0966,288.997,2933.93,14.0966,328.285,3694.33,14.0966,372.755,4651.04,14.0966,423.092,5854.57,14.0966,480.07,7368.38,14.0966,544.564,9272.08,14.0966,617.566,11665.5,14.0966,700.197,14673.6,14.0966,793.729,18452.9,14.0966,899.599,23198.6,14.0966,1019.43,29154.1,14.0966,1155.07,36622.3,14.0966,1308.6,45977.9,14.0966,1482.39,57683.7,14.0966,1679.09,72307.8,14.0966,1901.73,90542.8,14.0966,2153.73,113226,14.0966,2438.97,141360,14.0966,2761.81,176127,14.0966,3127.22,218898,14.0966,3540.81,271226,14.0966,4008.92,334817,14.0966,4538.74,411470,14.0966,5138.38,502973,14.0966,5817.04,610948,14.0966,6585.12,736653,14.0966,7454.39,880741,14.0966,8438.15,1.04302e+06,14.0966,9551.45,1.22224e+06,14.0966,10811.3,1.41602e+06,14.0966,12237,1.62086e+06,14.0966,11.7194,11.96,12.6541,2.21263,4.16949,0.989383,2.67766,5.84076,0.311842,3.14343,7.55825,0.0972771,3.63127,9.58578,0.0303237,4.15787,12.0912,0.00945211,4.73731,15.2286,0.00294633,5.38238,19.1721,0.000918508,6.10553,24.134,0.000286163,6.91951,30.3791,8.92692e-05,7.83792,38.2397,2.78121e-05,8.87555,48.1338,8.65134e-06,10.0489,60.5876,2.7882e-06,11.3761,76.2629,8.29036e-07,12.8779,95.9927,2.4373e-07,14.5775,120.825,4.33068e-09,16.5012,152.08,1.75749e-07,18.6784,191.415,-1.86328e-07,21.1428,240.917,1.91829e-07,23.9322,303.213,-1.81475e-07,27.0895,381.602,7.0186e-08,30.6634,480.231,-2.86769e-08,34.7087,604.316,2.40784e-07,39.2876,760.401,9.87368e-08,44.4705,956.705,1.22263e-07,50.3371,1203.54,-4.31966e-07,56.9776,1513.81,-1.9705e-07,64.494,1903.69,-2.763e-08,73.0018,2393.4,3.9185e-07,82.6317,3008.13,1.35379e-07,93.5318,3779.25,-4.16351e-08,105.869,4745.7,2.06965e-08,119.834,5955.6,-3.18887e-07,135.641,7468.12,-1.48271e-08,153.531,9355.62,2.00739e-07,173.781,11705.8,2.28358e-07,196.701,14624.1,-1.93587e-08,222.642,18235,-2.88101e-07,252.003,22683.4,-2.24732e-07,285.234,28134,8.56806e-09,322.845,34767,2.34258e-07,365.413,42770.9,2.99668e-07,413.588,52327.9,8.28644e-08,468.111,63591.2,-3.07049e-07,529.814,76653.2,-3.1888e-07,599.642,91502.5,-6.72276e-08,678.662,107975,2.26339e-07,768.083,125705,3.69212e-07,869.267,144088,2.04077e-07,983.76,162277,-2.80509e-07,1113.3,179223,-4.22737e-07,1259.87,193777,-1.71951e-07,1425.68,204839,4.55555e-07,11.7194,11.96,12.6541,2.21263,4.16949,0.989383,2.67766,5.84076,0.311842,3.14343,7.55825,0.0972771,3.63127,9.58578,0.0303237,4.15787,12.0912,0.00945211,4.73731,15.2286,0.00294633,5.38238,19.1721,0.000918508,6.10553,24.134,0.000286163,6.91951,30.3791,8.92692e-05,7.83792,38.2397,2.78121e-05,8.87555,48.1338,8.65134e-06,10.0489,60.5876,2.7882e-06,11.3761,76.2629,8.29036e-07,12.8779,95.9927,2.4373e-07,14.5775,120.825,1e-08,16.5012,152.08,1.75749e-07,18.6784,191.415,1e-08,21.1428,240.917,1.91829e-07,23.9322,303.213,1e-08,27.0895,381.602,7.0186e-08,30.6634,480.231,1e-08,34.7087,604.316,2.40784e-07,39.2876,760.401,9.87368e-08,44.4705,956.705,1.22263e-07,50.3371,1203.54,1e-08,56.9776,1513.81,1e-08,64.494,1903.69,1e-08,73.0018,2393.4,3.9185e-07,82.6317,3008.13,1.35379e-07,93.5318,3779.25,1e-08,105.869,4745.7,2.06965e-08,119.834,5955.6,1e-08,135.641,7468.12,1e-08,153.531,9355.62,2.00739e-07,173.781,11705.8,2.28358e-07,196.701,14624.1,1e-08,222.642,18235,1e-08,252.003,22683.4,1e-08,285.234,28134,1e-08,322.845,34767,2.34258e-07,365.413,42770.9,2.99668e-07,413.588,52327.9,8.28644e-08,468.111,63591.2,1e-08,529.814,76653.2,1e-08,599.642,91502.5,1e-08,678.662,107975,2.26339e-07,768.083,125705,3.69212e-07,869.267,144088,2.04077e-07,983.76,162277,1e-08,1113.3,179223,1e-08,1259.87,193777,1e-08,1425.68,204839,4.55555e-07,6.2823,3.27286,2.43537,0.219672,6.18826,2.24117,0.56371,6.87772,2.63624,0.308279,5,15,8,1,4,1,1,11,0,3,18,0,2,10,0,4,10,0,4,12,0,8,28,0,9,11,0,8,46,0,12,28,0,4,36,0,10,45,0,10,126,0,3,62,0,12,115,0,4,125,0,23,101,0,12,131,0,17,268,0,17,493,0,42,331,0,21,312,0,21,721,0,15,1538,0,55,1316,0,58,1454,0,44,1870,0,92,2914,0,65,4360,0,126,1220,0,176,3511,0,70,8112,0,159,5840,0,87,18911,0,136,16697,0,291,19918,0,301,25944,0,286,16299,0,309,17722,0,390,34641,0,393,26392,0,256,36458,0,392,22568,0,566,58849,0,835,125575,0,661,141712,0,833,60664,0,466,81297,0,619,238596,0,783,267303,0,1085,122968,0,854,181183,0
-1.05176e+08,1.48641e-52,8.88811e-15,10,1023,0,1.05176e+08,0.528882,1.08665,0.389689,0.145397,0.379329,3.24381,0.161596,0.446195,1.77396,0.159177,1.15e+07,4.49998e+06,6.79999e+06,1.15e+07,4.49997e+06,6.79999e+06,1.15e+07,4.49996e+06,6.79999e+06,1.15e+07,4.49995e+06,6.79999e+06,1.14999e+07,4.49993e+06,6.79999e+06,1.14999e+07,4.49991e+06,6.79999e+06,1.14999e+07,4.49989e+06,6.79999e+06,1.14999e+07,4.49986e+06,6.79999e+06,1.14999e+07,4.49982e+06,6.79999e+06,1.14999e+07,4.49977e+06,6.79999e+06,1.14999e+07,4.49971e+06,6.79999e+06,1.14999e+07,4.49963e+06,6.79999e+06,1.14998e+07,4.49953e+06,6.79999e+06,1.14998e+07,4.49941e+06,6.79999e+06,1.14998e+07,4.49926e+06,6.79999e+06,1.14998e+07,4.49906e+06,6.79999e+06,1.14997e+07,4.49882e+06,6.79999e+06,1.14997e+07,4.49851e+06,6.79999e+06,1.14997e+07,4.49812e+06,6.79999e+06,1.14996e+07,4.49764e+06,6.79999e+06,1.14996e+07,4.49702e+06,6.79999e+06,1.14995e+07,4.49625e+06,6.79999e+06,1.14995e+07,4.49528e+06,6.79999e+06,1.14994e+07,4.49406e+06,6.79999e+06,1.14993e+07,4.49253e+06,6.79999e+06,1.14992e+07,4.49059e+06,6.79999e+06,1.14991e+07,4.48817e+06,6.79999e+06,1.1499e+07,4.48511e+06,6.79999e+06,1.14988e+07,4.48128e+06,6.79999e+06,1.14987e+07,4.47646e+06,6.79999e+06,1.14985e+07,4.47041e+06,6.79999e+06,1.14983e+07,4.46281e+06,6.79999e+06,1.14981e+07,4.4533e+06,6.79999e+06,1.14979e+07,4.44138e+06,6.79999e+06,1.14976e+07,4.42649e+06,6.79999e+06,1.14972e+07,4.40789e+06,6.79999e+06,1.14969e+07,4.38471e+06,6.79999e+06,1.14965e+07,4.35592e+06,6.79999e+06,1.1496e+07,4.32027e+06,6.79999e+06,1.14955e+07,4.27629e+06,6.79999e+06,1.14949e+07,4.22231e+06,6.79999e+06,1.14942e+07,4.15647e+06,6.79999e+06,1.14934e+07,4.07676e+06,6.79999e+06,1.14926e+07,3.98112e+06,6.79999e+06,1.14916e+07,3.86765e+06,6.79999e+06,1.14905e+07,3.73474e+06,6.79999e+06,1.14892e+07,3.58148e+06,6.79999e+06,1.14878e+07,3.40785e+06,6.79999e+06,1.14862e+07,3.21513e+06,6.79999e+06,1.14844e+07,3.00605e+06,6.79999e+06,1.14823e+07,2.7848e+06,6.79999e+06,1.148e+07,2.5568e+06,6.79999e+06,1.14773e+07,2.32825e+06,6.79999e+06,13.5742,8.52444,0.508366,16.8306,13.2585,0.162638,20.0035,17.569,0.0507846,23.2616,22.4214,0.0158319,26.7328,28.3297,0.00493498,30.5212,35.6974,0.00153831,34.7178,44.9473,0.000479527,39.4086,56.5822,0.000149456,44.6796,71.2245,4.66214e-05,50.6209,89.6543,1.45419e-05,57.3297,112.852,4.54748e-06,64.9129,142.051,1.43857e-06,73.4897,178.803,4.36618e-07,83.1934,225.062,1.40153e-07,94.1745,283.286,4.96378e-08,106.602,356.568,1.05434e-07,120.669,448.799,-6.49244e-08,136.59,564.873,1.70148e-07,154.611,710.948,-5.34594e-08,175.008,894.767,1.63407e-07,198.097,1126.06,8.04804e-08,224.231,1417.07,1.14667e-07,253.813,1783.15,-1.71227e-07,287.297,2243.62,-2.88466e-07,325.198,2822.67,-4.33651e-07,368.098,3550.67,7.9318e-08,416.657,4465.65,3.13319e-07,471.621,5615.16,3.4613e-07,533.835,7058.61,-1.19199e-07,604.255,8870.02,-2.79964e-07,683.962,11141.4,-2.30521e-07,774.182,13986.7,-2.55099e-07,876.299,17546.4,1.23585e-07,991.883,21993.1,1.41192e-07,1122.71,27536.7,-9.71886e-08,1270.78,34430.7,-3.68368e-07,1438.38,42977.7,-3.45379e-07,1628.07,53532.7,-3.25328e-09,1842.77,66504.6,2.6362e-07,2085.77,82350.2,2.53445e-07,2360.79,101560,-2.47407e-08,2672.05,124632,-3.80602e-07,3024.31,152018,-4.79005e-07,3422.98,184060,-1.14379e-07,3874.15,220884,2.64297e-07,4384.72,262283,3.44131e-07,4962.49,307576,7.5349e-08,5616.29,355497,-3.63097e-07,6356.1,404126,-6.05442e-07,7193.18,450932,-2.72333e-07,8140.28,492963,2.29675e-07,9211.79,527178,4.3387e-07,10424,550893,-1.0711e-07,10.102,8.06553,2.81012,10.6436,8.57909,0.869423,11.5336,10.2515,0.270869,12.7211,12.7138,0.0844293,14.1823,15.9373,0.0263173,15.9122,20.0383,0.0082035,17.9198,25.2154,0.00255722,20.2244,31.7373,0.000797017,22.8539,39.9486,0.000248622,25.8438,50.2851,7.75492e-05,29.237,63.2963,2.42508e-05,33.0837,79.6738,7.67162e-06,37.4415,100.288,2.32837e-06,42.3767,126.236,7.33e-07,47.9646,158.896,2.79256e-07,54.2906,200.003,9.87351e-09,61.452,251.741,1.61085e-07,69.5585,316.859,-2.47141e-07,78.7347,398.812,8.93552e-08,89.1218,501.948,-2.53231e-07,100.879,631.736,-1.25047e-07,114.188,795.049,-1.78808e-07,129.252,1000.53,2.6733e-07,146.304,1259.03,4.50292e-07,165.605,1584.19,6.76904e-07,187.452,1993.12,-1.23808e-07,212.181,2507.27,-4.89068e-07,240.173,3153.54,-5.40284e-07,271.856,3965.56,1.86061e-07,307.719,4985.38,4.37004e-07,348.313,6265.4,3.59828e-07,394.26,7870.83,3.98192e-07,446.268,9882.51,-1.92908e-07,505.135,12400.3,-2.20392e-07,571.766,15546.9,1.51705e-07,647.184,19472.2,5.74996e-07,732.547,24357.4,5.39112e-07,829.167,30420,5.07815e-09,938.526,37916.3,-4.11492e-07,1062.3,47143.9,-3.9561e-07,1202.4,58439.2,3.86185e-08,1360.96,72169.3,5.94093e-07,1540.42,88715.8,7.47693e-07,1743.53,108445,1.78537e-07,1973.41,131665,-4.12549e-07,2233.57,158557,-5.37164e-07,2528,189103,-1.17615e-07,2861.2,222986,5.66769e-07,3238.27,259510,9.45053e-07,3664.97,297540,4.25093e-07,4147.81,335497,-3.58506e-07,4694.17,371444,-6.7724e-07,5312.37,403256,1.67192e-07,1.61744,3.89446,9.84394,3.28846,7.5504,12.774,5.07607,11.7187,13.6844,7.03202,16.8147,13.9681,9.20215,23.1769,14.0566,11.6301,31.1672,14.0841,14.3598,41.2186,14.0927,17.4376,53.8688,14.0954,20.9137,69.7915,14.0962,24.8432,89.8341,14.0965,29.2879,115.063,14.0966,34.3168,146.819,14.0966,40.0078,186.792,14.0966,46.4487,237.107,14.0966,53.7388,300.44,14.0966,61.9903,380.158,14.0966,71.3301,480.499,14.0966,81.902,606.796,14.0966,93.8685,765.761,14.0966,107.414,965.837,14.0966,122.746,1217.65,14.0966,140.101,1534.57,14.0966,159.745,1933.41,14.0966,181.981,2435.3,14.0966,207.15,3066.85,14.0966,235.64,3861.46,14.0966,267.889,4861.11,14.0966,304.391,6118.54,14.0966,345.709,7699.91,14.0966,392.478,9688.22,14.0966,445.417,12187.5,14.0966,505.339,15327.7,14.0966,573.165,19271.6,14.0966,649.938,24222,14.0966,736.839,30430.9,14.0966,835.202,38211.5,14.0966,946.539,47950.3,14.0966,1072.56,60122.8,14.0966,1215.21,75309.9,14.0966,1376.66,94216.2,14.0966,1559.41,117688,14.0966,1766.26,146729,14.0966,2000.39,182510,14.0966,2265.39,226372,14.0966,2565.33,279806,14.0966,2904.81,344416,14.0966,3289.05,421845,14.0966,3723.93,513667,14.0966,4216.13,621231,14.0966,4773.18,745478,14.0966,5403.64,886744,14.0966,6117.15,1.04457e+06,14.0966,6924.63,1.2176e+06,14.0966,11.7194,11.96,12.6541,13.9321,16.1295,13.6434,16.6097,21.9702,13.9553,19.7532,29.5285,14.0526,23.3844,39.1143,14.0829,27.5423,51.2054,14.0923,32.2796,66.434,14.0953,37.662,85.6061,14.0962,43.7675,109.74,14.0965,50.687,140.119,14.0966,58.5249,178.359,14.0966,67.4005,226.493,14.0966,77.4493,287.08,14.0966,88.8254,363.343,14.0966,101.703,459.336,14.0966,116.281,580.161,14.0966,132.782,732.241,14.0966,151.46,923.655,14.0966,172.603,1164.57,14.0966,196.535,1467.79,14.0966,223.625,1849.39,14.0966,254.288,2329.62,14.0966,288.997,2933.93,14.0966,328.285,3694.33,14.0966,372.755,4651.04,14.0966,423.092,5854.57,14.0966,480.07,7368.38,14.0966,544.564,9272.08,14.0966,617.566,11665.5,14.0966,700.197,14673.6,14.0966,793.729,18452.9,14.0966,899.599,23198.6,14.0966,1019.43,29154.1,14.0966,1155.07,36622.3,14.0966,1308.6,45977.9,14.0966,1482.39,57683.7,14.0966,1679.09,72307.8,14.0966,1901.73,90542.8,14.0966,2153.73,113226,14.0966,2438.97,141360,14.0966,2761.81,176127,14.0966,3127.22,218898,14.0966,3540.81,271226,14.0966,4008.92,334817,14.0966,4538.74,411470,14.0966,5138.38,502973,14.0966,5817.04,610948,14.0966,6585.12,736653,14.0966,7454.39,880741,14.0966,8438.15,1.04302e+06,14.0966,9551.45,1.22224e+06,14.0966,10811.3,1.41602e+06,14.0966,12237,1.62086e+06,14.0966,11.7194,11.96,12.6541,2.21263,4.16949,0.989383,2.67766,5.84076,0.311842,3.14343,7.55825,0.0972771,3.63127,9.58578,0.0303237,4.15787,12.0912,0.00945211,4.73731,15.2286,0.00294633,5.38238,19.1721,0.000918508,6.10553,24.134,0.000286163,6.91951,30.3791,8.92692e-05,7.83792,38.2397,2.78121e-05,8.87555,48.1338,8.65134e-06,10.0489,60.5876,2.7882e-06,11.3761,76.2629,8.29036e-07,12.8779,95.9927,2.4373e-07,14.5775,120.825,4.33068e-09,16.5012,152.08,1.75749e-07,18.6784,191.415,-1.86328e-07,21.1428,240.917,1.91829e-07,23.9322,303.213,-1.81475e-07,27.0895,381.602,7.0186e-08,30.6634,480.231,-2.86769e-08,34.7087,604.316,2.40784e-07,39.2876,760.401,9.87368e-08,44.4705,956.705,1.22263e-07,50.3371,1203.54,-4.31966e-07,56.9776,1513.81,-1.9705e-07,64.494,1903.69,-2.763e-08,73.0018,2393.4,3.9185e-07,82.6317,3008.13,1.35379e-07,93.5318,3779.25,-4.16351e-08,105.869,4745.7,2.06965e-08,119.834,5955.6,-3.18887e-07,135.641,7468.12,-1.48271e-08,153.531,9355.62,2.00739e-07,173.781,11705.8,2.28358e-07,196.701,14624.1,-1.93587e-08,222.642,18235,-2.88101e-07,252.003,22683.4,-2.24732e-07,285.234,28134,8.56806e-09,322.845,34767,2.34258e-07,365.413,42770.9,2.99668e-07,413.588,52327.9,8.28644e-08,468.111,63591.2,-3.07049e-07,529.814,76653.2,-3.1888e-07,599.642,91502.5,-6.72276e-08,678.662,107975,2.26339e-07,768.083,125705,3.69212e-07,869.267,144088,2.04077e-07,983.76,162277,-2.80509e-07,1113.3,179223,-4.22737e-07,1259.87,193777,-1.71951e-07,1425.68,204839,4.55555e-07,11.7194,11.96,12.6541,2.21263,4.16949,0.989383,2.67766,5.84076,0.311842,3.14343,7.55825,0.0972771,3.63127,9.58578,0.0303237,4.15787,12.0912,0.00945211,4.73731,15.2286,0.00294633,5.38238,19.1721,0.000918508,6.10553,24.134,0.000286163,6.91951,30.3791,8.92692e-05,7.83792,38.2397,2.78121e-05,8.87555,48.1338,8.65134e-06,10.0489,60.5876,2.7882e-06,11.3761,76.2629,8.29036e-07,12.8779,95.9927,2.4373e-07,14.5775,120.825,1e-08,16.5012,152.08,1.75749e-07,18.6784,191.415,1e-08,21.1428,240.917,1.91829e-07,23.9322,303.213,1e-08,27.0895,381.602,7.0186e-08,30.6634,480.231,1e-08,34.7087,604.316,2.40784e-07,39.2876,760.401,9.87368e-08,44.4705,956.705,1.22263e-07,50.3371,1203.54,1e-08,56.9776,1513.81,1e-08,64.494,1903.69,1e-08,73.0018,2393.4,3.9185e-07,82.6317,3008.13,1.35379e-07,93.5318,3779.25,1e-08,105.869,4745.7,2.06965e-08,119.834,5955.6,1e-08,135.641,7468.12,1e-08,153.531,9355.62,2.00739e-07,173.781,11705.8,2.28358e-07,196.701,14624.1,1e-08,222.642,18235,1e-08,252.003,22683.4,1e-08,285.234,28134,1e-08,322.845,34767,2.34258e-07,365.413,42770.9,2.99668e-07,413.588,52327.9,8.28644e-08,468.111,63591.2,1e-08,529.814,76653.2,1e-08,599.642,91502.5,1e-08,678.662,107975,2.26339e-07,768.083,125705,3.69212e-07,869.267,144088,2.04077e-07,983.76,162277,1e-08,1113.3,179223,1e-08,1259.87,193777,1e-08,1425.68,204839,4.55555e-07,6.2823,3.27286,2.43537,0.219672,6.18826,2.24117,0.56371,6.87772,2.63624,0.308279,15,15,18,3,3,1,5,7,2,4,3,0,9,9,0,4,6,0,4,6,0,4,17,0,4,22,0,3,39,0,8,53,0,10,66,0,9,25,0,13,68,0,11,55,0,14,227,0,27,173,0,9,98,0,26,68,0,7,331,0,24,657,0,22,515,0,41,328,0,19,408,0,30,818,0,24,1698,0,28,2739,0,80,1339,0,106,1310,0,46,2658,0,92,3093,0,127,5029,0,87,4669,0,98,8147,0,210,10025,0,269,24193,0,310,9762,0,161,31945,0,169,19911,0,490,23851,0,308,31331,0,427,27463,0,525,104738,0,678,70294,0,350,42655,0,420,143281,0,697,33624,0,455,83454,0,2175,140215,0,801,93052,0,1196,234882,0,1225,108757,0,1226,97806,0
-1.05176e+08,1,8.88811e-15,10,1023,0,1.05176e+08,0.528882,1.08665,0.389689,0.145397,0.379329,3.24381,0.161596,0.446195,1.77396,0.159177,1.15e+07,4.49998e+06,6.79999e+06,1.15e+07,4.49997e+06,6.79999e+06,1.15e+07,4.49996e+06,6.79999e+06,1.15e+07,4.49995e+06,6.79999e+06,1.14999e+07,4.49993e+06,6.79999e+06,1.14999e+07,4.49991e+06,6.79999e+06,1.14999e+07,4.49989e+06,6.79999e+06,1.14999e+07,4.49986e+06,6.79999e+06,1.14999e+07,4.49982e+06,6.79999e+06,1.14999e+07,4.49977e+06,6.79999e+06,1.14999e+07,4.49971e+06,6.79999e+06,1.14999e+07,4.49963e+06,6.79999e+06,1.14998e+07,4.49953e+06,6.79999e+06,1.14998e+07,4.49941e+06,6.79999e+06,1.14998e+07,4.49926e+06,6.79999e+06,1.14998e+07,4.49906e+06,6.79999e+06,1.14997e+07,4.49882e+06,6.79999e+06,1.14997e+07,4.49851e+06,6.79999e+06,1.14997e+07,4.49812e+06,6.79999e+06,1.14996e+07,4.49764e+06,6.79999e+06,1.14996e+07,4.49702e+06,6.79999e+06,1.14995e+07,4.49625e+06,6.79999e+06,1.14995e+07,4.49528e+06,6.79999e+06,1.14994e+07,4.49406e+06,6.79999e+06,1.14993e+07,4.49253e+06,6.79999e+06,1.14992e+07,4.49059e+06,6.79999e+06,1.14991e+07,4.48817e+06,6.79999e+06,1.1499e+07,4.48511e+06,6.79999e+06,1.14988e+07,4.48128e+06,6.79999e+06,1.14987e+07,4.47646e+06,6.79999e+06,1.14985e+07,4.47041e+06,6.79999e+06,1.14983e+07,4.46281e+06,6.79999e+06,1.14981e+07,4.4533e+06,6.79999e+06,1.14979e+07,4.44138e+06,6.79999e+06,1.14976e+07,4.42649e+06,6.79999e+06,1.14972e+07,4.40789e+06,6.79999e+06,1.14969e+07,4.38471e+06,6.79999e+06,1.14965e+07,4.35592e+06,6.79999e+06,1.1496e+07,4.32027e+06,6.79999e+06,1.14955e+07,4.27629e+06,6.79999e+06,1.14949e+07,4.22231e+06,6.79999e+06,1.14942e+07,4.15647e+06,6.79999e+06,1.14934e+07,4.07676e+06,6.79999e+06,1.14926e+07,3.98112e+06,6.79999e+06,1.14916e+07,3.86765e+06,6.79999e+06,1.14905e+07,3.73474e+06,6.79999e+06,1.14892e+07,3.58148e+06,6.79999e+06,1.14878e+07,3.40785e+06,6.79999e+06,1.14862e+07,3.21513e+06,6.79999e+06,1.14844e+07,3.00605e+06,6.79999e+06,1.14823e+07,2.7848e+06,6.79999e+06,1.148e+07,2.5568e+06,6.79999e+06,1.14773e+07,2.32825e+06,6.79999e+06,13.5742,8.52444,0.508366,16.8306,13.2585,0.162638,20.0035,17.569,0.0507846,23.2616,22.4214,0.0158319,26.7328,28.3297,0.00493498,30.5212,35.6974,0.00153831,34.7178,44.9473,0.000479527,39.4086,56.5822,0.000149456,44.6796,71.2245,4.66214e-05,50.6209,89.6543,1.45419e-05,57.3297,112.852,4.54748e-06,64.9129,142.051,1.43857e-06,73.4897,178.803,4.36618e-07,83.1934,225.062,1.40153e-07,94.1745,283.286,4.96378e-08,106.602,356.568,1.05434e-07,120.669,448.799,-6.49244e-08,136.59,564.873,1.70148e-07,154.611,710.948,-5.34594e-08,175.008,894.767,1.63407e-07,198.097,1126.06,8.04804e-08,224.231,1417.07,1.14667e-07,253.813,1783.15,-1.71227e-07,287.297,2243.62,-2.88466e-07,325.198,2822.67,-4.33651e-07,368.098,3550.67,7.9318e-08,416.657,4465.65,3.13319e-07,471.621,5615.16,3.4613e-07,533.835,7058.61,-1.19199e-07,604.255,8870.02,-2.79964e-07,683.962,11141.4,-2.30521e-07,774.182,13986.7,-2.55099e-07,876.299,17546.4,1.23585e-07,991.883,21993.1,1.41192e-07,1122.71,27536.7,-9.71886e-08,1270.78,34430.7,-3.68368e-07,1438.38,42977.7,-3.45379e-07,1628.07,53532.7,-3.25328e-09,1842.77,66504.6,2.6362e-07,2085.77,82350.2,2.53445e-07,2360.79,101560,-2.47407e-08,2672.05,124632,-3.80602e-07,3024.31,152018,-4.79005e-07,3422.98,184060,-1.14379e-07,3874.15,220884,2.64297e-07,4384.72,262283,3.44131e-07,4962.49,307576,7.5349e-08,5616.29,355497,-3.63097e-07,6356.1,404126,-6.05442e-07,7193.18,450932,-2.72333e-07,8140.28,492963,2.29675e-07,9211.79,527178,4.3387e-07,10424,550893,-1.0711e-07,10.102,8.06553,2.81012,10.6436,8.57909,0.869423,11.5336,10.2515,0.270869,12.7211,12.7138,0.0844293,14.1823,15.9373,0.0263173,15.9122,20.0383,0.0082035,17.9198,25.2154,0.00255722,20.2244,31.7373,0.000797017,22.8539,39.9486,0.000248622,25.8438,50.2851,7.75492e-05,29.237,63.2963,2.42508e-05,33.0837,79.6738,7.67162e-06,37.4415,100.288,2.32837e-06,42.3767,126.236,7.33e-07,47.9646,158.896,2.79256e-07,54.2906,200.003,9.87351e-09,61.452,251.741,1.61085e-07,69.5585,316.859,-2.47141e-07,78.7347,398.812,8.93552e-08,89.1218,501.948,-2.53231e-07,100.879,631.736,-1.25047e-07,114.188,795.049,-1.78808e-07,129.252,1000.53,2.6733e-07,146.304,1259.03,4.50292e-07,165.605,1584.19,6.76904e-07,187.452,1993.12,-1.23808e-07,212.181,2507.27,-4.89068e-07,240.173,3153.54,-5.40284e-07,271.856,3965.56,1.86061e-07,307.719,4985.38,4.37004e-07,348.313,6265.4,3.59828e-07,394.26,7870.83,3.98192e-07,446.268,9882.51,-1.92908e-07,505.135,12400.3,-2.20392e-07,571.766,15546.9,1.51705e-07,647.184,19472.2,5.74996e-07,732.547,24357.4,5.39112e-07,829.167,30420,5.07815e-09,938.526,37916.3,-4.11492e-07,1062.3,47143.9,-3.9561e-07,1202.4,58439.2,3.86185e-08,1360.96,72169.3,5.94093e-07,1540.42,88715.8,7.47693e-07,1743.53,108445,1.78537e-07,1973.41,131665,-4.12549e-07,2233.57,158557,-5.37164e-07,2528,189103,-1.17615e-07,2861.2,222986,5.66769e-07,3238.27,259510,9.45053e-07,3664.97,297540,4.25093e-07,4147.81,335497,-3.58506e-07,4694.17,371444,-6.7724e-07,5312.37,403256,1.67192e-07,1.61744,3.89446,9.84394,3.28846,7.5504,12.774,5.07607,11.7187,13.6844,7.03202,16.8147,13.9681,9.20215,23.1769,14.0566,11.6301,31.1672,14.0841,14.3598,41.2186,14.0927,17.4376,53.8688,14.0954,20.9137,69.7915,14.0962,24.8432,89.8341,14.0965,29.2879,115.063,14.0966,34.3168,146.819,14.0966,40.0078,186.792,14.0966,46.4487,237.107,14.0966,53.7388,300.44,14.0966,61.9903,380.158,14.0966,71.3301,480.499,14.0966,81.902,606.796,14.0966,93.8685,765.761,14.0966,107.414,965.837,14.0966,122.746,1217.65,14.0966,140.101,1534.57,14.0966,159.745,1933.41,14.0966,181.981,2435.3,14.0966,207.15,3066.85,14.0966,235.64,3861.46,14.0966,267.889,4861.11,14.0966,304.391,6118.54,14.0966,345.709,7699.91,14.0966,392.478,9688.22,14.0966,445.417,12187.5,14.0966,505.339,15327.7,14.0966,573.165,19271.6,14.0966,649.938,24222,14.0966,736.839,30430.9,14.0966,835.202,38211.5,14.0966,946.539,47950.3,14.0966,1072.56,60122.8,14.0966,1215.21,75309.9,14.0966,1376.66,94216.2,14.0966,1559.41,117688,14.0966,1766.26,146729,14.0966,2000.39,182510,14.0966,2265.39,226372,14.0966,2565.33,279806,14.0966,2904.81,344416,14.0966,3289.05,421845,14.0966,3723.93,513667,14.0966,4216.13,621231,14.0966,4773.18,745478,14.0966,5403.64,886744,14.0966,6117.15,1.04457e+06,14.0966,6924.63,1.2176e+06,14.0966,11.7194,11.96,12.6541,13.9321,16.1295,13.6434,16.6097,21.9702,13.9553,19.7532,29.5285,14.0526,23.3844,39.1143,14.0829,27.5423,51.2054,14.0923,32.2796,66.434,14.0953,37.662,85.6061,14.0962,43.7675,109.74,14.0965,50.687,140.119,14.0966,58.5249,178.359,14.0966,67.4005,226.493,14.0966,77.4493,287.08,14.0966,88.8254,363.343,14.0966,101.703,459.336,14.0966,116.281,580.161,14.0966,132.782,732.241,14.0966,151.46,923.655,14.0966,172.603,1164.57,14.0966,196.535,1467.79,14.0966,223.625,1849.39,14.0966,254.288,2329.62,14.0966,288.997,2933.93,14.0966,328.285,3694.33,14.0966,372.755,4651.04,14.0966,423.092,5854.57,14.0966,480.07,7368.38,14.0966,544.564,9272.08,14.0966,617.566,11665.5,14.0966,700.197,14673.6,14.0966,793.729,18452.9,14.0966,899.599,23198.6,14.0966,1019.43,29154.1,14.0966,1155.07,36622.3,14.0966,1308.6,45977.9,14.0966,1482.39,57683.7,14.0966,1679.09,72307.8,14.0966,1901.73,90542.8,14.0966,2153.73,113226,14.0966,2438.97,141360,14.0966,2761.81,176127,14.0966,3127.22,218898,14.0966,3540.81,271226,14.0966,4008.92,334817,14.0966,4538.74,411470,14.0966,5138.38,502973,14.0966,5817.04,610948,14.0966,6585.12,736653,14.0966,7454.39,880741,14.0966,8438.15,1.04302e+06,14.0966,9551.45,1.22224e+06,14.0966,10811.3,1.41602e+06,14.0966,12237,1.62086e+06,14.0966,11.7194,11.96,12.6541,2.21263,4.16949,0.989383,2.67766,5.84076,0.311842,3.14343,7.55825,0.0972771,3.63127,9.58578,0.0303237,4.15787,12.0912,0.00945211,4.73731,15.2286,0.00294633,5.38238,19.1721,0.000918508,6.10553,24.134,0.000286163,6.91951,30.3791,8.92692e-05,7.83792,38.2397,2.78121e-05,8.87555,48.1338,8.65134e-06,10.0489,60.5876,2.7882e-06,11.3761,76.2629,8.29036e-07,12.8779,95.9927,2.4373e-07,14.5775,120.825,4.33068e-09,16.5012,152.08,1.75749e-07,18.6784,191.415,-1.86328e-07,21.1428,240.917,1.91829e-07,23.9322,303.213,-1.81475e-07,27.0895,381.602,7.0186e-08,30.6634,480.231,-2.86769e-08,34.7087,604.316,2.40784e-07,39.2876,760.401,9.87368e-08,44.4705,956.705,1.22263e-07,50.3371,1203.54,-4.31966e-07,56.9776,1513.81,-1.9705e-07,64.494,1903.69,-2.763e-08,73.0018,2393.4,3.9185e-07,82.6317,3008.13,1.35379e-07,93.5318,3779.25,-4.16351e-08,105.869,4745.7,2.06965e-08,119.834,5955.6,-3.18887e-07,135.641,7468.12,-1.48271e-08,153.531,9355.62,2.00739e-07,173.781,11705.8,2.28358e-07,196.701,14624.1,-1.93587e-08,222.642,18235,-2.88101e-07,252.003,22683.4,-2.24732e-07,285.234,28134,8.56806e-09,322.845,34767,2.34258e-07,365.413,42770.9,2.99668e-07,413.588,52327.9,8.28644e-08,468.111,63591.2,-3.07049e-07,529.814,76653.2,-3.1888e-07,599.642,91502.5,-6.72276e-08,678.662,107975,2.26339e-07,768.083,125705,3.69212e-07,869.267,144088,2.04077e-07,983.76,162277,-2.80509e-07,1113.3,179223,-4.22737e-07,1259.87,193777,-1.71951e-07,1425.68,204839,4.55555e-07,11.7194,11.96,12.6541,2.21263,4.16949,0.989383,2.67766,5.84076,0.311842,3.14343,7.55825,0.0972771,3.63127,9.58578,0.0303237,4.15787,12.0912,0.00945211,4.73731,15.2286,0.00294633,5.38238,19.1721,0.000918508,6.10553,24.134,0.000286163,6.91951,30.3791,8.92692e-05,7.83792,38.2397,2.78121e-05,8.87555,48.1338,8.65134e-06,10.0489,60.5876,2.7882e-06,11.3761,76.2629,8.29036e-07,12.8779,95.9927,2.4373e-07,14.5775,120.825,1e-08,16.5012,152.08,1.75749e-07,18.6784,191.415,1e-08,21.1428,240.917,1.91829e-07,23.9322,303.213,1e-08,27.0895,381.602,7.0186e-08,30.6634,480.231,1e-08,34.7087,604.316,2.40784e-07,39.2876,760.401,9.87368e-08,44.4705,956.705,1.22263e-07,50.3371,1203.54,1e-08,56.9776,1513.81,1e-08,64.494,1903.69,1e-08,73.0018,2393.4,3.9185e-07,82.6317,3008.13,1.35379e-07,93.5318,3779.25,1e-08,105.869,4745.7,2.06965e-08,119.834,5955.6,1e-08,135.641,7468.12,1e-08,153.531,9355.62,2.00739e-07,173.781,11705.8,2.28358e-07,196.701,14624.1,1e-08,222.642,18235,1e-08,252.003,22683.4,1e-08,285.234,28134,1e-08,322.845,34767,2.34258e-07,365.413,42770.9,2.99668e-07,413.588,52327.9,8.28644e-08,468.111,63591.2,1e-08,529.814,76653.2,1e-08,599.642,91502.5,1e-08,678.662,107975,2.26339e-07,768.083,125705,3.69212e-07,869.267,144088,2.04077e-07,983.76,162277,1e-08,1113.3,179223,1e-08,1259.87,193777,1e-08,1425.68,204839,4.55555e-07,6.2823,3.27286,2.43537,0.219672,6.18826,2.24117,0.56371,6.87772,2.63624,0.308279,17,21,7,1,3,0,3,2,0,1,1,0,1,11,0,1,15,0,2,19,0,5,13,0,6,29,0,7,48,0,11,39,0,1,62,0,4,29,0,13,110,0,23,44,0,13,202,0,22,62,0,30,61,0,12,101,0,25,323,0,7,332,0,32,305,0,85,357,0,22,1873,0,32,1031,0,36,1609,0,63,1409,0,67,2905,0,82,3138,0,78,2270,0,89,5601,0,56,5646,0,76,5486,0,83,7274,0,139,8431,0,260,13326,0,106,20037,0,97,11287,0,245,13378,0,330,17383,0,471,34497,0,337,53483,0,316,23436,0,184,99483,0,1059,69223,0,612,50857,0,649,90025,0,370,196057,0,1843,142272,0,1127,272230,0,794,53538,0,745,106865,0,1334,179315,0
-1.05176e+08,1,8.88811e-15,10,1023,0,1.05176e+08,0.528882,1.08665,0.389689,0.145397,0.379329,3.24381,0.161596,0.446195,1.77396,0.159177,1.15e+07,4.49998e+06,6.79999e+06,1.15e+07,4.49997e+06,6.79999e+06,1.15e+07,4.49996e+06,6.79999e+06,1.15e+07,4.49995e+06,6.79999e+06,1.14999e+07,4.49993e+06,6.79999e+06,1.14999e+07,4.49991e+06,6.79999e+06,1.14999e+07,4.49989e+06,6.79999e+06,1.14999e+07,4.49986e+06,6.79999e+06,1.14999e+07,4.49982e+06,6.79999e+06,1.14999e+07,4.49977e+06,6.79999e+06,1.14999e+07,4.49971e+06,6.79999e+06,1.14999e+07,4.49963e+06,6.79999e+06,1.14998e+07,4.49953e+06,6.79999e+06,1.14998e+07,4.49941e+06,6.79999e+06,1.14998e+07,4.49926e+06,6.79999e+06,1.14998e+07,4.49906e+06,6.79999e+06,1.14997e+07,4.49882e+06,6.79999e+06,1.14997e+07,4.49851e+06,6.79999e+06,1.14997e+07,4.49812e+06,6.79999e+06,1.14996e+07,4.49764e+06,6.79999e+06,1.14996e+07,4.49702e+06,6.79999e+06,1.14995e+07,4.49625e+06,6.79999e+06,1.14995e+07,4.49528e+06,6.79999e+06,1.14994e+07,4.49406e+06,6.79999e+06,1.14993e+07,4.49253e+06,6.79999e+06,1.14992e+07,4.49059e+06,6.79999e+06,1.14991e+07,4.48817e+06,6.79999e+06,1.1499e+07,4.48511e+06,6.79999e+06,1.14988e+07,4.48128e+06,6.79999e+06,1.14987e+07,4.47646e+06,6.79999e+06,1.14985e+07,4.47041e+06,6.79999e+06,1.14983e+07,4.46281e+06,6.79999e+06,1.14981e+07,4.4533e+06,6.79999e+06,1.14979e+07,4.44138e+06,6.79999e+06,1.14976e+07,4.42649e+06,6.79999e+06,1.14972e+07,4.40789e+06,6.79999e+06,1.14969e+07,4.38471e+06,6.79999e+06,1.14965e+07,4.35592e+06,6.79999e+06,1.1496e+07,4.32027e+06,6.79999e+06,1.14955e+07,4.27629e+06,6.79999e+06,1.14949e+07,4.22231e+06,6.79999e+06,1.14942e+07,4.15647e+06,6.79999e+06,1.14934e+07,4.07676e+06,6.79999e+06,1.14926e+07,3.98112e+06,6.79999e+06,1.14916e+07,3.86765e+06,6.79999e+06,1.14905e+07,3.73474e+06,6.79999e+06,1.14892e+07,3.58148e+06,6.79999e+06,1.14878e+07,3.40785e+06,6.79999e+06,1.14862e+07,3.21513e+06,6.79999e+06,1.14844e+07,3.00605e+06,6.79999e+06,1.14823e+07,2.7848e+06,6.79999e+06,1.148e+07,2.5568e+06,6.79999e+06,1.14773e+07,2.32825e+06,6.79999e+06,13.5742,8.52444,0.508366,16.8306,13.2585,0.162638,20.0035,17.569,0.0507846,23.2616,22.4214,0.0158319,26.7328,28.3297,0.00493498,30.5212,35.6974,0.00153831,34.7178,44.9473,0.000479527,39.4086,56.5822,0.000149456,44.6796,71.2245,4.66214e-05,50.6209,89.6543,1.45419e-05,57.3297,112.852,4.54748e-06,64.9129,142.051,1.43857e-06,73.4897,178.803,4.36618e-07,83.1934,225.062,1.40153e-07,94.1745,283.286,4.96378e-08,106.602,356.568,1.05434e-07,120.669,448.799,-6.49244e-08,136.59,564.873,1.70148e-07,154.611,710.948,-5.34594e-08,175.008,894.767,1.63407e-07,198.097,1126.06,8.04804e-08,224.231,1417.07,1.14667e-07,253.813,1783.15,-1.71227e-07,287.297,2243.62,-2.88466e-07,325.198,2822.67,-4.33651e-07,368.098,3550.67,7.9318e-08,416.657,4465.65,3.13319e-07,471.621,5615.16,3.4613e-07,533.835,7058.61,-1.19199e-07,604.255,8870.02,-2.79964e-07,683.962,11141.4,-2.30521e-07,774.182,13986.7,-2.55099e-07,876.299,17546.4,1.23585e-07,991.883,21993.1,1.41192e-07,1122.71,27536.7,-9.71886e-08,1270.78,34430.7,-3.68368e-07,1438.38,42977.7,-3.45379e-07,1628.07,53532.7,-3.25328e-09,1842.77,66504.6,2.6362e-07,2085.77,82350.2,2.53445e-07,2360.79,101560,-2.47407e-08,2672.05,124632,-3.80602e-07,3024.31,152018,-4.79005e-07,3422.98,184060,-1.14379e-07,3874.15,220884,2.64297e-07,4384.72,262283,3.44131e-07,4962.49,307576,7.5349e-08,5616.29,355497,-3.63097e-07,6356.1,404126,-6.05442e-07,7193.18,450932,-2.72333e-07,8140.28,492963,2.29675e-07,9211.79,527178,4.3387e-07,10424,550893,-1.0711e-07,10.102,8.06553,2.81012,10.6436,8.57909,0.869423,11.5336,10.2515,0.270869,12.7211,12.7138,0.0844293,14.1823,15.9373,0.0263173,15.9122,20.0383,0.0082035,17.9198,25.2154,0.00255722,20.2244,31.7373,0.000797017,22.8539,39.9486,0.000248622,25.8438,50.2851,7.75492e-05,29.237,63.2963,2.42508e-05,33.0837,79.6738,7.67162e-06,37.4415,100.288,2.32837e-06,42.3767,126.236,7.33e-07,47.9646,158.896,2.79256e-07,54.2906,200.003,9.87351e-09,61.452,251.741,1.61085e-07,69.5585,316.859,-2.47141e-07,78.7347,398.812,8.93552e-08,89.1218,501.948,-2.53231e-07,100.879,631.736,-1.25047e-07,114.188,795.049,-1.78808e-07,129.252,1000.53,2.6733e-07,146.304,1259.03,4.50292e-07,165.605,1584.19,6.76904e-07,187.452,1993.12,-1.23808e-07,212.181,2507.27,-4.89068e-07,240.173,3153.54,-5.40284e-07,271.856,3965.56,1.86061e-07,307.719,4985.38,4.37004e-07,348.313,6265.4,3.59828e-07,394.26,7870.83,3.98192e-07,446.268,9882.51,-1.92908e-07,505.135,12400.3,-2.20392e-07,571.766,15546.9,1.51705e-07,647.184,19472.2,5.74996e-07,732.547,24357.4,5.39112e-07,829.167,30420,5.07815e-09,938.526,37916.3,-4.11492e-07,1062.3,47143.9,-3.9561e-07,1202.4,58439.2,3.86185e-08,1360.96,72169.3,5.94093e-07,1540.42,88715.8,7.47693e-07,1743.53,108445,1.78537e-07,1973.41,131665,-4.12549e-07,2233.57,158557,-5.37164e-07,2528,189103,-1.17615e-07,2861.2,222986,5.66769e-07,3238.27,259510,9.45053e-07,3664.97,297540,4.25093e-07,4147.81,335497,-3.58506e-07,4694.17,371444,-6.7724e-07,5312.37,403256,1.67192e-07,1.61744,3.89446,9.84394,3.28846,7.5504,12.774,5.07607,11.7187,13.6844,7.03202,16.8147,13.9681,9.20215,23.1769,14.0566,11.6301,31.1672,14.0841,14.3598,41.2186,14.0927,17.4376,53.8688,14.0954,20.9137,69.7915,14.0962,24.8432,89.8341,14.0965,29.2879,115.063,14.0966,34.3168,146.819,14.0966,40.0078,186.792,14.0966,46.4487,237.107,14.0966,53.7388,300.44,14.0966,61.9903,380.158,14.0966,71.3301,480.499,14.0966,81.902,606.796,14.0966,93.8685,765.761,14.0966,107.414,965.837,14.0966,122.746,1217.65,14.0966,140.101,1534.57,14.0966,159.745,1933.41,14.0966,181.981,2435.3,14.0966,207.15,3066.85,14.0966,235.64,3861.46,14.0966,267.889,4861.11,14.0966,304.391,6118.54,14.0966,345.709,7699.91,14.0966,392.478,9688.22,14.0966,445.417,12187.5,14.0966,505.339,15327.7,14.0966,573.165,19271.6,14.0966,649.938,24222,14.0966,736.839,30430.9,14.0966,835.202,38211.5,14.0966,946.539,47950.3,14.0966,1072.56,60122.8,14.0966,1215.21,75309.9,14.0966,1376.66,94216.2,14.0966,1559.41,117688,14.0966,1766.26,146729,14.0966,2000.39,182510,14.0966,2265.39,226372,14.0966,2565.33,279806,14.0966,2904.81,344416,14.0966,3289.05,421845,14.0966,3723.93,513667,14.0966,4216.13,621231,14.0966,4773.18,745478,14.0966,5403.64,886744,14.0966,6117.15,1.04457e+06,14.0966,6924.63,1.2176e+06,14.0966,11.7194,11.96,12.6541,13.9321,16.1295,13.6434,16.6097,21.9702,13.9553,19.7532,29.5285,14.0526,23.3844,39.1143,14.0829,27.5423,51.2054,14.0923,32.2796,66.434,14.0953,37.662,85.6061,14.0962,43.7675,109.74,14.0965,50.687,140.119,14.0966,58.5249,178.359,14.0966,67.4005,226.493,14.0966,77.4493,287.08,14.0966,88.8254,363.343,14.0966,101.703,459.336,14.0966,116.281,580.161,14.0966,132.782,732.241,14.0966,151.46,923.655,14.0966,172.603,1164.57,14.0966,196.535,1467.79,14.0966,223.625,1849.39,14.0966,254.288,2329.62,14.0966,288.997,2933.93,14.0966,328.285,3694.33,14.0966,372.755,4651.04,14.0966,423.092,5854.57,14.0966,480.07,7368.38,14.0966,544.564,9272.08,14.0966,617.566,11665.5,14.0966,700.197,14673.6,14.0966,793.729,18452.9,14.0966,899.599,23198.6,14.0966,1019.43,29154.1,14.0966,1155.07,36622.3,14.0966,1308.6,45977.9,14.0966,1482.39,57683.7,14.0966,1679.09,72307.8,14.0966,1901.73,90542.8,14.0966,2153.73,113226,14.0966,2438.97,141360,14.0966,2761.81,176127,14.0966,3127.22,218898,14.0966,3540.81,271226,14.0966,4008.92,334817,14.0966,4538.74,411470,14.0966,5138.38,502973,14.0966,5817.04,610948,14.0966,6585.12,736653,14.0966,7454.39,880741,14.0966,8438.15,1.04302e+06,14.0966,9551.45,1.22224e+06,14.0966,10811.3,1.41602e+06,14.0966,12237,1.62086e+06,14.0966,11.7194,11.96,12.6541,2.21263,4.16949,0.989383,2.67766,5.84076,0.311842,3.14343,7.55825,0.0972771,3.63127,9.58578,0.0303237,4.15787,12.0912,0.00945211,4.73731,15.2286,0.00294633,5.38238,19.1721,0.000918508,6.10553,24.134,0.000286163,6.91951,30.3791,8.92692e-05,7.83792,38.2397,2.78121e-05,8.87555,48.1338,8.65134e-06,10.0489,60.5876,2.7882e-06,11.3761,76.2629,8.29036e-07,12.8779,95.9927,2.4373e-07,14.5775,120.825,4.33068e-09,16.5012,152.08,1.75749e-07,18.6784,191.415,-1.86328e-07,21.1428,240.917,1.91829e-07,23.9322,303.213,-1.81475e-07,27.0895,381.602,7.0186e-08,30.6634,480.231,-2.86769e-08,34.7087,604.316,2.40784e-07,39.2876,760.401,9.87368e-08,44.4705,956.705,1.22263e-07,50.3371,1203.54,-4.31966e-07,56.9776,1513.81,-1.9705e-07,64.494,1903.69,-2.763e-08,73.0018,2393.4,3.9185e-07,82.6317,3008.13,1.35379e-07,93.5318,3779.25,-4.16351e-08,105.869,4745.7,2.06965e-08,119.834,5955.6,-3.18887e-07,135.641,7468.12,-1.48271e-08,153.531,9355.62,2.00739e-07,173.781,11705.8,2.28358e-07,196.701,14624.1,-1.93587e-08,222.642,18235,-2.88101e-07,252.003,22683.4,-2.24732e-07,285.234,28134,8.56806e-09,322.845,34767,2.34258e-07,365.413,42770.9,2.99668e-07,413.588,52327.9,8.28644e-08,468.111,63591.2,-3.07049e-07,529.814,76653.2,-3.1888e-07,599.642,91502.5,-6.72276e-08,678.662,107975,2.26339e-07,768.083,125705,3.69212e-07,869.267,144088,2.04077e-07,983.76,162277,-2.80509e-07,1113.3,179223,-4.22737e-07,1259.87,193777,-1.71951e-07,1425.68,204839,4.55555e-07,11.7194,11.96,12.6541,2.21263,4.16949,0.989383,2.67766,5.84076,0.311842,3.14343,7.55825,0.0972771,3.63127,9.58578,0.0303237,4.15787,12.0912,0.00945211,4.73731,15.2286,0.00294633,5.38238,19.1721,0.000918508,6.10553,24.134,0.000286163,6.91951,30.3791,8.92692e-05,7.83792,38.2397,2.78121e-05,8.87555,48.1338,8.65134e-06,10.0489,60.5876,2.7882e-06,11.3761,76.2629,8.29036e-07,12.8779,95.9927,2.4373e-07,14.5775,120.825,1e-08,16.5012,152.08,1.75749e-07,18.6784,191.415,1e-08,21.1428,240.917,1.91829e-07,23.9322,303.213,1e-08,27.0895,381.602,7.0186e-08,30.6634,480.231,1e-08,34.7087,604.316,2.40784e-07,39.2876,760.401,9.87368e-08,44.4705,956.705,1.22263e-07,50.3371,1203.54,1e-08,56.9776,1513.81,1e-08,64.494,1903.69,1e-08,73.0018,2393.4,3.9185e-07,82.6317,3008.13,1.35379e-07,93.5318,3779.25,1e-08,105.869,4745.7,2.06965e-08,119.834,5955.6,1e-08,135.641,7468.12,1e-08,153.531,9355.62,2.00739e-07,173.781,11705.8,2.28358e-07,196.701,14624.1,1e-08,222.642,18235,1e-08,252.003,22683.4,1e-08,285.234,28134,1e-08,322.845,34767,2.34258e-07,365.413,42770.9,2.99668e-07,413.588,52327.9,8.28644e-08,468.111,63591.2,1e-08,529.814,76653.2,1e-08,599.642,91502.5,1e-08,678.662,107975,2.26339e-07,768.083,125705,3.69212e-07,869.267,144088,2.04077e-07,983.76,162277,1e-08,1113.3,179223,1e-08,1259.87,193777,1e-08,1425.68,204839,4.55555e-07,6.2823,3.27286,2.43537,0.219672,6.18826,2.24117,0.56371,6.87772,2.63624,0.308279,21,12,9,2,4,0,6,4,1,2,3,0,4,4,0,0,38,0,5,6,0,6,30,0,9,27,0,10,32,0,8,35,0,8,64,0,3,73,0,15,94,0,28,47,0,15,153,0,29,153,0,8,124,0,7,222,0,12,344,0,12,369,0,35,502,0,21,482,0,26,627,0,41,785,0,79,2088,0,89,1250,0,57,1583,0,106,1583,0,98,2044,0,189,5174,0,103,3095,0,128,8209,0,183,2422,0,144,14969,0,105,10390,0,179,23565,0,176,23603,0,415,27381,0,147,17264,0,137,21677,0,119,34892,0,272,36031,0,249,47890,0,708,67495,0,663,93085,0,247,63865,0,1423,68369,0,1300,264547,0,1335,225645,0,1298,148873,0,1895,365496,0,1941,142585,0
-1.05176e+08,1,8.88811e-15,10,1023,0,1.05176e+08,0.528882,1.08665,0.389689,0.145397,0.379329,3.24381,0.161596,0.446195,1.77396,0.159177,1.15e+07,4.49998e+06,6.79999e+06,1.15e+07,4.49997e+06,6.79999e+06,1.15e+07,4.49996e+06,6.79999e+06,1.15e+07,4.49995e+06,6.79999e+06,1.14999e+07,4.49993e+06,6.79999e+06,1.14999e+07,4.49991e+06,6.79999e+06,1.14999e+07,4.49989e+06,6.79999e+06,1.14999e+07,4.49986e+06,6.79999e+06,1.14999e+07,4.49982e+06,6.79999e+06,1.14999e+07,4.49977e+06,6.79999e+06,1.14999e+07,4.49971e+06,6.79999e+06,1.14999e+07,4.49963e+06,6.79999e+06,1.14998e+07,4.49953e+06,6.79999e+06,1.14998e+07,4.49941e+06,6.79999e+06,1.14998e+07,4.49926e+06,6.79999e+06,1.14998e+07,4.49906e+06,6.79999e+06,1.14997e+07,4.49882e+06,6.79999e+06,1.14997e+07,4.49851e+06,6.79999e+06,1.14997e+07,4.49812e+06,6.79999e+06,1.14996e+07,4.49764e+06,6.79999e+06,1.14996e+07,4.49702e+06,6.79999e+06,1.14995e+07,4.49625e+06,6.79999e+06,1.14995e+07,4.49528e+06,6.79999e+06,1.14994e+07,4.49406e+06,6.79999e+06,1.14993e+07,4.49253e+06,6.79999e+06,1.14992e+07,4.49059e+06,6.79999e+06,1.14991e+07,4.48817e+06,6.79999e+06,1.1499e+07,4.48511e+06,6.79999e+06,1.14988e+07,4.48128e+06,6.79999e+06,1.14987e+07,4.47646e+06,6.79999e+06,1.14985e+07,4.47041e+06,6.79999e+06,1.14983e+07,4.46281e+06,6.79999e+06,1.14981e+07,4.4533e+06,6.79999e+06,1.14979e+07,4.44138e+06,6.79999e+06,1.14976e+07,4.42649e+06,6.79999e+06,1.14972e+07,4.40789e+06,6.79999e+06,1.14969e+07,4.38471e+06,6.79999e+06,1.14965e+07,4.35592e+06,6.79999e+06,1.1496e+07,4.32027e+06,6.79999e+06,1.14955e+07,4.27629e+06,6.79999e+06,1.14949e+07,4.22231e+06,6.79999e+06,1.14942e+07,4.15647e+06,6.79999e+06,1.14934e+07,4.07676e+06,6.79999e+06,1.14926e+07,3.98112e+06,6.79999e+06,1.14916e+07,3.86765e+06,6.79999e+06,1.14905e+07,3.73474e+06,6.79999e+06,1.14892e+07,3.58148e+06,6.79999e+06,1.14878e+07,3.40785e+06,6.79999e+06,1.14862e+07,3.21513e+06,6.79999e+06,1.14844e+07,3.00605e+06,6.79999e+06,1.14823e+07,2.7848e+06,6.79999e+06,1.148e+07,2.5568e+06,6.79999e+06,1.14773e+07,2.32825e+06,6.79999e+06,13.5742,8.52444,0.508366,16.8306,13.2585,0.162638,20.0035,17.569,0.0507846,23.2616,22.4214,0.0158319,26.7328,28.3297,0.00493498,30.5212,35.6974,0.00153831,34.7178,44.9473,0.000479527,39.4086,56.5822,0.000149456,44.6796,71.2245,4.66214e-05,50.6209,89.6543,1.45419e-05,57.3297,112.852,4.54748e-06,64.9129,142.051,1.43857e-06,73.4897,178.803,4.36618e-07,83.1934,225.062,1.40153e-07,94.1745,283.286,4.96378e-08,106.602,356.568,1.05434e-07,120.669,448.799,-6.49244e-08,136.59,564.873,1.70148e-07,154.611,710.948,-5.34594e-08,175.008,894.767,1.63407e-07,198.097,1126.06,8.04804e-08,224.231,1417.07,1.14667e-07,253.813,1783.15,-1.71227e-07,287.297,2243.62,-2.88466e-07,325.198,2822.67,-4.33651e-07,368.098,3550.67,7.9318e-08,416.657,4465.65,3.13319e-07,471.621,5615.16,3.4613e-07,533.835,7058.61,-1.19199e-07,604.255,8870.02,-2.79964e-07,683.962,11141.4,-2.30521e-07,774.182,13986.7,-2.55099e-07,876.299,17546.4,1.23585e-07,991.883,21993.1,1.41192e-07,1122.71,27536.7,-9.71886e-08,1270.78,34430.7,-3.68368e-07,1438.38,42977.7,-3.45379e-07,1628.07,53532.7,-3.25328e-09,1842.77,66504.6,2.6362e-07,2085.77,82350.2,2.53445e-07,2360.79,101560,-2.47407e-08,2672.05,124632,-3.80602e-07,3024.31,152018,-4.79005e-07,3422.98,184060,-1.14379e-07,3874.15,220884,2.64297e-07,4384.72,262283,3.44131e-07,4962.49,307576,7.5349e-08,5616.29,355497,-3.63097e-07,6356.1,404126,-6.05442e-07,7193.18,450932,-2.72333e-07,8140.28,492963,2.29675e-07,9211.79,527178,4.3387e-07,10424,550893,-1.0711e-07,10.102,8.06553,2.81012,10.6436,8.57909,0.869423,11.5336,10.2515,0.270869,12.7211,12.7138,0.0844293,14.1823,15.9373,0.0263173,15.9122,20.0383,0.0082035,17.9198,25.2154,0.00255722,20.2244,31.7373,0.000797017,22.8539,39.9486,0.000248622,25.8438,50.2851,7.75492e-05,29.237,63.2963,2.42508e-05,33.0837,79.6738,7.67162e-06,37.4415,100.288,2.32837e-06,42.3767,126.236,7.33e-07,47.9646,158.896,2.79256e-07,54.2906,200.003,9.87351e-09,61.452,251.741,1.61085e-07,69.5585,316.859,-2.47141e-07,78.7347,398.812,8.93552e-08,89.1218,501.948,-2.53231e-07,100.879,631.736,-1.25047e-07,114.188,795.049,-1.78808e-07,129.252,1000.53,2.6733e-07,146.304,1259.03,4.50292e-07,165.605,1584.19,6.76904e-07,187.452,1993.12,-1.23808e-07,212.181,2507.27,-4.89068e-07,240.173,3153.54,-5.40284e-07,271.856,3965.56,1.86061e-07,307.719,4985.38,4.37004e-07,348.313,6265.4,3.59828e-07,394.26,7870.83,3.98192e-07,446.268,9882.51,-1.92908e-07,505.135,12400.3,-2.20392e-07,571.766,15546.9,1.51705e-07,647.184,19472.2,5.74996e-07,732.547,24357.4,5.39112e-07,829.167,30420,5.07815e-09,938.526,37916.3,-4.11492e-07,1062.3,47143.9,-3.9561e-07,1202.4,58439.2,3.86185e-08,1360.96,72169.3,5.94093e-07,1540.42,88715.8,7.47693e-07,1743.53,108445,1.78537e-07,1973.41,131665,-4.12549e-07,2233.57,158557,-5.37164e-07,2528,189103,-1.17615e-07,2861.2,222986,5.66769e-07,3238.27,259510,9.45053e-07,3664.97,297540,4.25093e-07,4147.81,335497,-3.58506e-07,4694.17,371444,-6.7724e-07,5312.37,403256,1.67192e-07,1.61744,3.89446,9.84394,3.28846,7.5504,12.774,5.07607,11.7187,13.6844,7.03202,16.8147,13.9681,9.20215,23.1769,14.0566,11.6301,31.1672,14.0841,14.3598,41.2186,14.0927,17.4376,53.8688,14.0954,20.9137,69.7915,14.0962,24.8432,89.8341,14.0965,29.2879,115.063,14.0966,34.3168,146.819,14.0966,40.0078,186.792,14.0966,46.4487,237.107,14.0966,53.7388,300.44,14.0966,61.9903,380.158,14.0966,71.3301,480.499,14.0966,81.902,606.796,14.0966,93.8685,765.761,14.0966,107.414,965.837,14.0966,122.746,1217.65,14.0966,140.101,1534.57,14.0966,159.745,1933.41,14.0966,181.981,2435.3,14.0966,207.15,3066.85,14.0966,235.64,3861.46,14.0966,267.889,4861.11,14.0966,304.391,6118.54,14.0966,345.709,7699.91,14.0966,392.478,9688.22,14.0966,445.417,12187.5,14.0966,505.339,15327.7,14.0966,573.165,19271.6,14.0966,649.938,24222,14.0966,736.839,30430.9,14.0966,835.202,38211.5,14.0966,946.539,47950.3,14.0966,1072.56,60122.8,14.0966,1215.21,75309.9,14.0966,1376.66,94216.2,14.0966,1559.41,117688,14.0966,1766.26,146729,14.0966,2000.39,182510,14.0966,2265.39,226372,14.0966,2565.33,279806,14.0966,2904.81,344416,14.0966,3289.05,421845,14.0966,3723.93,513667,14.0966,4216.13,621231,14.0966,4773.18,745478,14.0966,5403.64,886744,14.0966,6117.15,1.04457e+06,14.0966,6924.63,1.2176e+06,14.0966,11.7194,11.96,12.6541,13.9321,16.1295,13.6434,16.6097,21.9702,13.9553,19.7532,29.5285,14.0526,23.3844,39.1143,14.0829,27.5423,51.2054,14.0923,32.2796,66.434,14.0953,37.662,85.6061,14.0962,43.7675,109.74,14.0965,50.687,140.119,14.0966,58.5249,178.359,14.0966,67.4005,226.493,14.0966,77.4493,287.08,14.0966,88.8254,363.343,14.0966,101.703,459.336,14.0966,116.281,580.161,14.0966,132.782,732.241,14.0966,151.46,923.655,14.0966,172.603,1164.57,14.0966,196.535,1467.79,14.0966,223.625,1849.39,14.0966,254.288,2329.62,14.0966,288.997,2933.93,14.0966,328.285,3694.33,14.0966,372.755,4651.04,14.0966,423.092,5854.57,14.0966,480.07,7368.38,14.0966,544.564,9272.08,14.0966,617.566,11665.5,14.0966,700.197,14673.6,14.0966,793.729,18452.9,14.0966,899.599,23198.6,14.0966,1019.43,29154.1,14.0966,1155.07,36622.3,14.0966,1308.6,45977.9,14.0966,1482.39,57683.7,14.0966,1679.09,72307.8,14.0966,1901.73,90542.8,14.0966,2153.73,113226,14.0966,2438.97,141360,14.0966,2761.81,176127,14.0966,3127.22,218898,14.0966,3540.81,271226,14.0966,4008.92,334817,14.0966,4538.74,411470,14.0966,5138.38,502973,14.0966,5817.04,610948,14.0966,6585.12,736653,14.0966,7454.39,880741,14.0966,8438.15,1.04302e+06,14.0966,9551.45,1.22224e+06,14.0966,10811.3,1.41602e+06,14.0966,12237,1.62086e+06,14.0966,11.7194,11.96,12.6541,2.21263,4.16949,0.989383,2.67766,5.84076,0.311842,3.14343,7.55825,0.0972771,3.63127,9.58578,0.0303237,4.15787,12.0912,0.00945211,4.73731,15.2286,0.00294633,5.38238,19.1721,0.000918508,6.10553,24.134,0.000286163,6.91951,30.3791,8.92692e-05,7.83792,38.2397,2.78121e-05,8.87555,48.1338,8.65134e-06,10.0489,60.5876,2.7882e-06,11.3761,76.2629,8.29036e-07,12.8779,95.9927,2.4373e-07,14.5775,120.825,4.33068e-09,16.5012,152.08,1.75749e-07,18.6784,191.415,-1.86328e-07,21.1428,240.917,1.91829e-07,23.9322,303.213,-1.81475e-07,27.0895,381.602,7.0186e-08,30.6634,480.231,-2.86769e-08,34.7087,604.316,2.40784e-07,39.2876,760.401,9.87368e-08,44.4705,956.705,1.22263e-07,50.3371,1203.54,-4.31966e-07,56.9776,1513.81,-1.9705e-07,64.494,1903.69,-2.763e-08,73.0018,2393.4,3.9185e-07,82.6317,3008.13,1.35379e-07,93.5318,3779.25,-4.16351e-08,105.869,4745.7,2.06965e-08,119.834,5955.6,-3.18887e-07,135.641,7468.12,-1.48271e-08,153.531,9355.62,2.00739e-07,173.781,11705.8,2.28358e-07,196.701,14624.1,-1.93587e-08,222.642,18235,-2.88101e-07,252.003,22683.4,-2.24732e-07,285.234,28134,8.56806e-09,322.845,34767,2.34258e-07,365.413,42770.9,2.99668e-07,413.588,52327.9,8.28644e-08,468.111,63591.2,-3.07049e-07,529.814,76653.2,-3.1888e-07,599.642,91502.5,-6.72276e-08,678.662,107975,2.26339e-07,768.083,125705,3.69212e-07,869.267,144088,2.04077e-07,983.76,162277,-2.80509e-07,1113.3,179223,-4.22737e-07,1259.87,193777,-1.71951e-07,1425.68,204839,4.55555e-07,11.7194,11.96,12.6541,2.21263,4.16949,0.989383,2.67766,5.84076,0.311842,3.14343,7.55825,0.0972771,3.63127,9.58578,0.0303237,4.15787,12.0912,0.00945211,4.73731,15.2286,0.00294633,5.38238,19.1721,0.000918508,6.10553,24.134,0.000286163,6.91951,30.3791,8.92692e-05,7.83792,38.2397,2.78121e-05,8.87555,48.1338,8.65134e-06,10.0489,60.5876,2.7882e-06,11.3761,76.2629,8.29036e-07,12.8779,95.9927,2.4373e-07,14.5775,120.825,1e-08,16.5012,152.08,1.75749e-07,18.6784,191.415,1e-08,21.1428,240.917,1.91829e-07,23.9322,303.213,1e-08,27.0895,381.602,7.0186e-08,30.6634,480.231,1e-08,34.7087,604.316,2.40784e-07,39.2876,760.401,9.87368e-08,44.4705,956.705,1.22263e-07,50.3371,1203.54,1e-08,56.9776,1513.81,1e-08,64.494,1903.69,1e-08,73.0018,2393.4,3.9185e-07,82.6317,3008.13,1.35379e-07,93.5318,3779.25,1e-08,105.869,4745.7,2.06965e-08,119.834,5955.6,1e-08,135.641,7468.12,1e-08,153.531,9355.62,2.00739e-07,173.781,11705.8,2.28358e-07,196.701,14624.1,1e-08,222.642,18235,1e-08,252.003,22683.4,1e-08,285.234,28134,1e-08,322.845,34767,2.34258e-07,365.413,42770.9,2.99668e-07,413.588,52327.9,8.28644e-08,468.111,63591.2,1e-08,529.814,76653.2,1e-08,599.642,91502.5,1e-08,678.662,107975,2.26339e-07,768.083,125705,3.69212e-07,869.267,144088,2.04077e-07,983.76,162277,1e-08,1113.3,179223,1e-08,1259.87,193777,1e-08,1425.68,204839,4.55555e-07,6.2823,3.27286,2.43537,0.219672,6.18826,2.24117,0.56371,6.87772,2.63624,0.308279,13,9,11,3,1,1,4,8,0,11,6,0,4,5,0,10,5,0,4,11,0,3,12,0,9,18,0,5,16,0,5,38,0,6,65,0,17,75,0,11,49,0,18,38,0,18,236,0,4,166,0,8,282,0,13,271,0,15,228,0,17,255,0,16,193,0,37,874,0,89,1287,0,55,871,0,35,1473,0,61,1011,0,38,1775,0,58,3634,0,61,2130,0,94,4797,0,73,2459,0,63,5629,0,126,6152,0,157,11056,0,123,18445,0,182,25963,0,145,24373,0,205,13709,0,321,33427,0,393,43095,0,338,48204,0,171,111455,0,292,78530,0,371,55930,0,361,63919,0,389,91313,0,770,166421,0,1100,130912,0,667,137563,0,1504,240101,0,1672,201328,0,1007,131063,0
-1.05176e+08,1,8.88811e-15,10,1023,0,1.05176e+08,0.528882,1.08665,0.389689,0.145397,0.379329,3.24381,0.161596,0.446195,1.77396,0.159177,1.15e+07,4.49998e+06,6.79999e+06,1.15e+07,4.49997e+06,6.79999e+06,1.15e+07,4.49996e+06,6.79999e+06,1.15e+07,4.49995e+06,6.79999e+06,1.14999e+07,4.49993e+06,6.79999e+06,1.14999e+07,4.49991e+06,6.79999e+06,1.14999e+07,4.49989e+06,6.79999e+06,1.14999e+07,4.49986e+06,6.79999e+06,1.14999e+07,4.49982e+06,6.79999e+06,1.14999e+07,4.49977e+06,6.79999e+06,1.14999e+07,4.49971e+06,6.79999e+06,1.14999e+07,4.49963e+06,6.79999e+06,1.14998e+07,4.49953e+06,6.79999e+06,1.14998e+07,4.49941e+06,6.79999e+06,1.14998e+07,4.49926e+06,6.79999e+06,1.14998e+07,4.49906e+06,6.79999e+06,1.14997e+07,4.49882e+06,6.79999e+06,1.14997e+07,4.49851e+06,6.79999e+06,1.14997e+07,4.49812e+06,6.79999e+06,1.14996e+07,4.49764e+06,6.79999e+06,1.14996e+07,4.49702e+06,6.79999e+06,1.14995e+07,4.49625e+06,6.79999e+06,1.14995e+07,4.49528e+06,6.79999e+06,1.14994e+07,4.49406e+06,6.79999e+06,1.14993e+07,4.49253e+06,6.79999e+06,1.14992e+07,4.49059e+06,6.79999e+06,1.14991e+07,4.48817e+06,6.79999e+06,1.1499e+07,4.48511e+06,6.79999e+06,1.14988e+07,4.48128e+06,6.79999e+06,1.14987e+07,4.47646e+06,6.79999e+06,1.14985e+07,4.47041e+06,6.79999e+06,1.14983e+07,4.46281e+06,6.79999e+06,1.14981e+07,4.4533e+06,6.79999e+06,1.14979e+07,4.44138e+06,6.79999e+06,1.14976e+07,4.42649e+06,6.79999e+06,1.14972e+07,4.40789e+06,6.79999e+06,1.14969e+07,4.38471e+06,6.79999e+06,1.14965e+07,4.35592e+06,6.79999e+06,1.1496e+07,4.32027e+06,6.79999e+06,1.14955e+07,4.27629e+06,6.79999e+06,1.14949e+07,4.22231e+06,6.79999e+06,1.14942e+07,4.15647e+06,6.79999e+06,1.14934e+07,4.07676e+06,6.79999e+06,1.14926e+07,3.98112e+06,6.79999e+06,1.14916e+07,3.86765e+06,6.79999e+06,1.14905e+07,3.73474e+06,6.79999e+06,1.14892e+07,3.58148e+06,6.79999e+06,1.14878e+07,3.40785e+06,6.79999e+06,1.14862e+07,3.21513e+06,6.79999e+06,1.14844e+07,3.00605e+06,6.79999e+06,1.14823e+07,2.7848e+06,6.79999e+06,1.148e+07,2.5568e+06,6.79999e+06,1.14773e+07,2.32825e+06,6.79999e+06,13.5742,8.52444,0.508366,16.8306,13.2585,0.162638,20.0035,17.569,0.0507846,23.2616,22.4214,0.0158319,26.7328,28.3297,0.00493498,30.5212,35.6974,0.00153831,34.7178,44.9473,0.000479527,39.4086,56.5822,0.000149456,44.6796,71.2245,4.66214e-05,50.6209,89.6543,1.45419e-05,57.3297,112.852,4.54748e-06,64.9129,142.051,1.43857e-06,73.4897,178.803,4.36618e-07,83.1934,225.062,1.40153e-07,94.1745,283.286,4.96378e-08,106.602,356.568,1.05434e-07,120.669,448.799,-6.49244e-08,136.59,564.873,1.70148e-07,154.611,710.948,-5.34594e-08,175.008,894.767,1.63407e-07,198.097,1126.06,8.04804e-08,224.231,1417.07,1.14667e-07,253.813,1783.15,-1.71227e-07,287.297,2243.62,-2.88466e-07,325.198,2822.67,-4.33651e-07,368.098,3550.67,7.9318e-08,416.657,4465.65,3.13319e-07,471.621,5615.16,3.4613e-07,533.835,7058.61,-1.19199e-07,604.255,8870.02,-2.79964e-07,683.962,11141.4,-2.30521e-07,774.182,13986.7,-2.55099e-07,876.299,17546.4,1.23585e-07,991.883,21993.1,1.41192e-07,1122.71,27536.7,-9.71886e-08,1270.78,34430.7,-3.68368e-07,1438.38,42977.7,-3.45379e-07,1628.07,53532.7,-3.25328e-09,1842.77,66504.6,2.6362e-07,2085.77,82350.2,2.53445e-07,2360.79,101560,-2.47407e-08,2672.05,124632,-3.80602e-07,3024.31,152018,-4.79005e-07,3422.98,184060,-1.14379e-07,3874.15,220884,2.64297e-07,4384.72,262283,3.44131e-07,4962.49,307576,7.5349e-08,5616.29,355497,-3.63097e-07,6356.1,404126,-6.05442e-07,7193.18,450932,-2.72333e-07,8140.28,492963,2.29675e-07,9211.79,527178,4.3387e-07,10424,550893,-1.0711e-07,10.102,8.06553,2.81012,10.6436,8.57909,0.869423,11.5336,10.2515,0.270869,12.7211,12.7138,0.0844293,14.1823,15.9373,0.0263173,15.9122,20.0383,0.0082035,17.9198,25.2154,0.00255722,20.2244,31.7373,0.000797017,22.8539,39.9486,0.000248622,25.8438,50.2851,7.75492e-05,29.237,63.2963,2.42508e-05,33.0837,79.6738,7.67162e-06,37.4415,100.288,2.32837e-06,42.3767,126.236,7.33e-07,47.9646,158.896,2.79256e-07,54.2906,200.003,9.87351e-09,61.452,251.741,1.61085e-07,69.5585,316.859,-2.47141e-07,78.7347,398.812,8.93552e-08,89.1218,501.948,-2.53231e-07,100.879,631.736,-1.25047e-07,114.188,795.049,-1.78808e-07,129.252,1000.53,2.6733e-07,146.304,1259.03,4.50292e-07,165.605,1584.19,6.76904e-07,187.452,1993.12,-1.23808e-07,212.181,2507.27,-4.89068e-07,240.173,3153.54,-5.40284e-07,271.856,3965.56,1.86061e-07,307.719,4985.38,4.37004e-07,348.313,6265.4,3.59828e-07,394.26,7870.83,3.98192e-07,446.268,9882.51,-1.92908e-07,505.135,12400.3,-2.20392e-07,571.766,15546.9,1.51705e-07,647.184,19472.2,5.74996e-07,732.547,24357.4,5.39112e-07,829.167,30420,5.07815e-09,938.526,37916.3,-4.11492e-07,1062.3,47143.9,-3.9561e-07,1202.4,58439.2,3.86185e-08,1360.96,72169.3,5.94093e-07,1540.42,88715.8,7.47693e-07,1743.53,108445,1.78537e-07,1973.41,131665,-4.12549e-07,2233.57,158557,-5.37164e-07,2528,189103,-1.17615e-07,2861.2,222986,5.66769e-07,3238.27,259510,9.45053e-07,3664.97,297540,4.25093e-07,4147.81,335497,-3.58506e-07,4694.17,371444,-6.7724e-07,5312.37,403256,1.67192e-07,1.61744,3.89446,9.84394,3.28846,7.5504,12.774,5.07607,11.7187,13.6844,7.03202,16.8147,13.9681,9.20215,23.1769,14.0566,11.6301,31.1672,14.0841,14.3598,41.2186,14.0927,17.4376,53.8688,14.0954,20.9137,69.7915,14.0962,24.8432,89.8341,14.0965,29.2879,115.063,14.0966,34.3168,146.819,14.0966,40.0078,186.792,14.0966,46.4487,237.107,14.0966,53.7388,300.44,14.0966,61.9903,380.158,14.0966,71.3301,480.499,14.0966,81.902,606.796,14.0966,93.8685,765.761,14.0966,107.414,965.837,14.0966,122.746,1217.65,14.0966,140.101,1534.57,14.0966,159.745,1933.41,14.0966,181.981,2435.3,14.0966,207.15,3066.85,14.0966,235.64,3861.46,14.0966,267.889,4861.11,14.0966,304.391,6118.54,14.0966,345.709,7699.91,14.0966,392.478,9688.22,14.0966,445.417,12187.5,14.0966,505.339,15327.7,14.0966,573.165,19271.6,14.0966,649.938,24222,14.0966,736.839,30430.9,14.0966,835.202,38211.5,14.0966,946.539,47950.3,14.0966,1072.56,60122.8,14.0966,1215.21,75309.9,14.0966,1376.66,94216.2,14.0966,1559.41,117688,14.0966,1766.26,146729,14.0966,2000.39,182510,14.0966,2265.39,226372,14.0966,2565.33,279806,14.0966,2904.81,344416,14.0966,3289.05,421845,14.0966,3723.93,513667,14.0966,4216.13,621231,14.0966,4773.18,745478,14.0966,5403.64,886744,14.0966,6117.15,1.04457e+06,14.0966,6924.63,1.2176e+06,14.0966,11.7194,11.96,12.6541,13.9321,16.1295,13.6434,16.6097,21.9702,13.9553,19.7532,29.5285,14.0526,23.3844,39.1143,14.0829,27.5423,51.2054,14.0923,32.2796,66.434,14.0953,37.662,85.6061,14.0962,43.7675,109.74,14.0965,50.687,140.119,14.0966,58.5249,178.359,14.0966,67.4005,226.493,14.0966,77.4493,287.08,14.0966,88.8254,363.343,14.0966,101.703,459.336,14.0966,116.281,580.161,14.0966,132.782,732.241,14.0966,151.46,923.655,14.0966,172.603,1164.57,14.0966,196.535,1467.79,14.0966,223.625,1849.39,14.0966,254.288,2329.62,14.0966,288.997,2933.93,14.0966,328.285,3694.33,14.0966,372.755,4651.04,14.0966,423.092,5854.57,14.0966,480.07,7368.38,14.0966,544.564,9272.08,14.0966,617.566,11665.5,14.0966,700.197,14673.6,14.0966,793.729,18452.9,14.0966,899.599,23198.6,14.0966,1019.43,29154.1,14.0966,1155.07,36622.3,14.0966,1308.6,45977.9,14.0966,1482.39,57683.7,14.0966,1679.09,72307.8,14.0966,1901.73,90542.8,14.0966,2153.73,113226,14.0966,2438.97,141360,14.0966,2761.81,176127,14.0966,3127.22,218898,14.0966,3540.81,271226,14.0966,4008.92,334817,14.0966,4538.74,411470,14.0966,5138.38,502973,14.0966,5817.04,610948,14.0966,6585.12,736653,14.0966,7454.39,880741,14.0966,8438.15,1.04302e+06,14.0966,9551.45,1.22224e+06,14.0966,10811.3,1.41602e+06,14.0966,12237,1.62086e+06,14.0966,11.7194,11.96,12.6541,2.21263,4.16949,0.989383,2.67766,5.84076,0.311842,3.14343,7.55825,0.0972771,3.63127,9.58578,0.0303237,4.15787,12.0912,0.00945211,4.73731,15.2286,0.00294633,5.38238,19.1721,0.000918508,6.10553,24.134,0.000286163,6.91951,30.3791,8.92692e-05,7.83792,38.2397,2.78121e-05,8.87555,48.1338,8.65134e-06,10.0489,60.5876,2.7882e-06,11.3761,76.2629,8.29036e-07,12.8779,95.9927,2.4373e-07,14.5775,120.825,4.33068e-09,16.5012,152.08,1.75749e-07,18.6784,191.415,-1.86328e-07,21.1428,240.917,1.91829e-07,23.9322,303.213,-1.81475e-07,27.0895,381.602,7.0186e-08,30.6634,480.231,-2.86769e-08,34.7087,604.316,2.40784e-07,39.2876,760.401,9.87368e-08,44.4705,956.705,1.22263e-07,50.3371,1203.54,-4.31966e-07,56.9776,1513.81,-1.9705e-07,64.494,1903.69,-2.763e-08,73.0018,2393.4,3.9185e-07,82.6317,3008.13,1.35379e-07,93.5318,3779.25,-4.16351e-08,105.869,4745.7,2.06965e-08,119.834,5955.6,-3.18887e-07,135.641,7468.12,-1.48271e-08,153.531,9355.62,2.00739e-07,173.781,11705.8,2.28358e-07,196.701,14624.1,-1.93587e-08,222.642,18235,-2.88101e-07,252.003,22683.4,-2.24732e-07,285.234,28134,8.56806e-09,322.845,34767,2.34258e-07,365.413,42770.9,2.99668e-07,413.588,52327.9,8.28644e-08,468.111,63591.2,-3.07049e-07,529.814,76653.2,-3.1888e-07,599.642,91502.5,-6.72276e-08,678.662,107975,2.26339e-07,768.083,125705,3.69212e-07,869.267,144088,2.04077e-07,983.76,162277,-2.80509e-07,1113.3,179223,-4.22737e-07,1259.87,193777,-1.71951e-07,1425.68,204839,4.55555e-07,11.7194,11.96,12.6541,2.21263,4.16949,0.989383,2.67766,5.84076,0.311842,3.14343,7.55825,0.0972771,3.63127,9.58578,0.0303237,4.15787,12.0912,0.00945211,4.73731,15.2286,0.00294633,5.38238,19.1721,0.000918508,6.10553,24.134,0.000286163,6.91951,30.3791,8.92692e-05,7.83792,38.2397,2.78121e-05,8.87555,48.1338,8.65134e-06,10.0489,60.5876,2.7882e-06,11.3761,76.2629,8.29036e-07,12.8779,95.9927,2.4373e-07,14.5775,120.825,1e-08,16.5012,152.08,1.75749e-07,18.6784,191.415,1e-08,21.1428,240.917,1.91829e-07,23.9322,303.213,1e-08,27.0895,381.602,7.0186e-08,30.6634,480.231,1e-08,34.7087,604.316,2.40784e-07,39.2876,760.401,9.87368e-08,44.4705,956.705,1.22263e-07,50.3371,1203.54,1e-08,56.9776,1513.81,1e-08,64.494,1903.69,1e-08,73.0018,2393.4,3.9185e-07,82.6317,3008.13,1.35379e-07,93.5318,3779.25,1e-08,105.869,4745.7,2.06965e-08,119.834,5955.6,1e-08,135.641,7468.12,1e-08,153.531,9355.62,2.00739e-07,173.781,11705.8,2.28358e-07,196.701,14624.1,1e-08,222.642,18235,1e-08,252.003,22683.4,1e-08,285.234,28134,1e-08,322.845,34767,2.34258e-07,365.413,42770.9,2.99668e-07,413.588,52327.9,8.28644e-08,468.111,63591.2,1e-08,529.814,76653.2,1e-08,599.642,91502.5,1e-08,678.662,107975,2.26339e-07,768.083,125705,3.69212e-07,869.267,144088,2.04077e-07,983.76,162277,1e-08,1113.3,179223,1e-08,1259.87,193777,1e-08,1425.68,204839,4.55555e-07,6.2823,3.27286,2.43537,0.219672,6.18826,2.24117,0.56371,6.87772,2.63624,0.308279,3,14,22,3,2,0,1,10,1,1,10,0,2,7,0,13,11,0,4,14,0,0,18,0,9,16,0,2,49,0,2,51,0,9,88,0,8,83,0,17,93,0,26,57,0,10,75,0,16,101,0,18,256,0,14,321,0,17,454,0,38,402,0,40,541,0,30,806,0,32,878,0,47,623,0,49,1202,0,43,2671,0,87,839,0,41,2371,0,107,4311,0,86,3141,0,74,4102,0,115,5750,0,359,6409,0,159,10598,0,240,15370,0,293,21800,0,225,29906,0,105,14581,0,108,17299,0,193,46869,0,485,27928,0,392,51766,0,370,36062,0,524,65744,0,261,77844,0,1093,113402,0,738,51033,0,632,193580,0,1220,328525,0,493,165648,0,741,194663,0,891,192235,0
-1.05176e+08,1,8.88811e-15,10,1023,0,1.05176e+08,0.528882,1.08665,0.389689,0.145397,0.379329,3.24381,0.161596,0.446195,1.77396,0.159177,1.15e+07,4.49998e+06,6.79999e+06,1.15e+07,4.49997e+06,6.79999e+06,1.15e+07,4.49996e+06,6.79999e+06,1.15e+07,4.49995e+06,6.79999e+06,1.14999e+07,4.49993e+06,6.79999e+06,1.14999e+07,4.49991e+06,6.79999e+06,1.14999e+07,4.49989e+06,6.79999e+06,1.14999e+07,4.49986e+06,6.79999e+06,1.14999e+07,4.49982e+06,6.79999e+06,1.14999e+07,4.49977e+06,6.79999e+06,1.14999e+07,4.49971e+06,6.79999e+06,1.14999e+07,4.49963e+06,6.79999e+06,1.14998e+07,4.49953e+06,6.79999e+06,1.14998e+07,4.49941e+06,6.79999e+06,1.14998e+07,4.49926e+06,6.79999e+06,1.14998e+07,4.49906e+06,6.79999e+06,1.14997e+07,4.49882e+06,6.79999e+06,1.14997e+07,4.49851e+06,6.79999e+06,1.14997e+07,4.49812e+06,6.79999e+06,1.14996e+07,4.49764e+06,6.79999e+06,1.14996e+07,4.49702e+06,6.79999e+06,1.14995e+07,4.49625e+06,6.79999e+06,1.14995e+07,4.49528e+06,6.79999e+06,1.14994e+07,4.49406e+06,6.79999e+06,1.14993e+07,4.49253e+06,6.79999e+06,1.14992e+07,4.49059e+06,6.79999e+06,1.14991e+07,4.48817e+06,6.79999e+06,1.1499e+07,4.48511e+06,6.79999e+06,1.14988e+07,4.48128e+06,6.79999e+06,1.14987e+07,4.47646e+06,6.79999e+06,1.14985e+07,4.47041e+06,6.79999e+06,1.14983e+07,4.46281e+06,6.79999e+06,1.14981e+07,4.4533e+06,6.79999e+06,1.14979e+07,4.44138e+06,6.79999e+06,1.14976e+07,4.42649e+06,6.79999e+06,1.14972e+07,4.40789e+06,6.79999e+06,1.14969e+07,4.38471e+06,6.79999e+06,1.14965e+07,4.35592e+06,6.79999e+06,1.1496e+07,4.32027e+06,6.79999e+06,1.14955e+07,4.27629e+06,6.79999e+06,1.14949e+07,4.22231e+06,6.79999e+06,1.14942e+07,4.15647e+06,6.79999e+06,1.14934e+07,4.07676e+06,6.79999e+06,1.14926e+07,3.98112e+06,6.79999e+06,1.14916e+07,3.86765e+06,6.79999e+06,1.14905e+07,3.73474e+06,6.79999e+06,1.14892e+07,3.58148e+06,6.79999e+06,1.14878e+07,3.40785e+06,6.79999e+06,1.14862e+07,3.21513e+06,6.79999e+06,1.14844e+07,3.00605e+06,6.79999e+06,1.14823e+07,2.7848e+06,6.79999e+06,1.148e+07,2.5568e+06,6.79999e+06,1.14773e+07,2.32825e+06,6.79999e+06,13.5742,8.52444,0.508366,16.8306,13.2585,0.162638,20.0035,17.569,0.0507846,23.2616,22.4214,0.0158319,26.7328,28.3297,0.00493498,30.5212,35.6974,0.00153831,34.7178,44.9473,0.000479527,39.4086,56.5822,0.000149456,44.6796,71.2245,4.66214e-05,50.6209,89.6543,1.45419e-05,57.3297,112.852,4.54748e-06,64.9129,142.051,1.43857e-06,73.4897,178.803,4.36618e-07,83.1934,225.062,1.40153e-07,94.1745,283.286,4.96378e-08,106.602,356.568,1.05434e-07,120.669,448.799,-6.49244e-08,136.59,564.873,1.70148e-07,154.611,710.948,-5.34594e-08,175.008,894.767,1.63407e-07,198.097,1126.06,8.04804e-08,224.231,1417.07,1.14667e-07,253.813,1783.15,-1.71227e-07,287.297,2243.62,-2.88466e-07,325.198,2822.67,-4.33651e-07,368.098,3550.67,7.9318e-08,416.657,4465.65,3.13319e-07,471.621,5615.16,3.4613e-07,533.835,7058.61,-1.19199e-07,604.255,8870.02,-2.79964e-07,683.962,11141.4,-2.30521e-07,774.182,13986.7,-2.55099e-07,876.299,17546.4,1.23585e-07,991.883,21993.1,1.41192e-07,1122.71,27536.7,-9.71886e-08,1270.78,34430.7,-3.68368e-07,1438.38,42977.7,-3.45379e-07,1628.07,53532.7,-3.25328e-09,1842.77,66504.6,2.6362e-07,2085.77,82350.2,2.53445e-07,2360.79,101560,-2.47407e-08,2672.05,124632,-3.80602e-07,3024.31,152018,-4.79005e-07,3422.98,184060,-1.14379e-07,3874.15,220884,2.64297e-07,4384.72,262283,3.44131e-07,4962.49,307576,7.5349e-08,5616.29,355497,-3.63097e-07,6356.1,404126,-6.05442e-07,7193.18,450932,-2.72333e-07,8140.28,492963,2.29675e-07,9211.79,527178,4.3387e-07,10424,550893,-1.0711e-07,10.102,8.06553,2.81012,10.6436,8.57909,0.869423,11.5336,10.2515,0.270869,12.7211,12.7138,0.0844293,14.1823,15.9373,0.0263173,15.9122,20.0383,0.0082035,17.9198,25.2154,0.00255722,20.2244,31.7373,0.000797017,22.8539,39.9486,0.000248622,25.8438,50.2851,7.75492e-05,29.237,63.2963,2.42508e-05,33.0837,79.6738,7.67162e-06,37.4415,100.288,2.32837e-06,42.3767,126.236,7.33e-07,47.9646,158.896,2.79256e-07,54.2906,200.003,9.87351e-09,61.452,251.741,1.61085e-07,69.5585,316.859,-2.47141e-07,78.7347,398.812,8.93552e-08,89.1218,501.948,-2.53231e-07,100.879,631.736,-1.25047e-07,114.188,795.049,-1.78808e-07,129.252,1000.53,2.6733e-07,146.304,1259.03,4.50292e-07,165.605,1584.19,6.76904e-07,187.452,1993.12,-1.23808e-07,212.181,2507.27,-4.89068e-07,240.173,3153.54,-5.40284e-07,271.856,3965.56,1.86061e-07,307.719,4985.38,4.37004e-07,348.313,6265.4,3.59828e-07,394.26,7870.83,3.98192e-07,446.268,9882.51,-1.92908e-07,505.135,12400.3,-2.20392e-07,571.766,15546.9,1.51705e-07,647.184,19472.2,5.74996e-07,732.547,24357.4,5.39112e-07,829.167,30420,5.07815e-09,938.526,37916.3,-4.11492e-07,1062.3,47143.9,-3.9561e-07,1202.4,58439.2,3.86185e-08,1360.96,72169.3,5.94093e-07,1540.42,88715.8,7.47693e-07,1743.53,108445,1.78537e-07,1973.41,131665,-4.12549e-07,2233.57,158557,-5.37164e-07,2528,189103,-1.17615e-07,2861.2,222986,5.66769e-07,3238.27,259510,9.45053e-07,3664.97,297540,4.25093e-07,4147.81,335497,-3.58506e-07,4694.17,371444,-6.7724e-07,5312.37,403256,1.67192e-07,1.61744,3.89446,9.84394,3.28846,7.5504,12.774,5.07607,11.7187,13.6844,7.03202,16.8147,13.9681,9.20215,23.1769,14.0566,11.6301,31.1672,14.0841,14.3598,41.2186,14.0927,17.4376,53.8688,14.0954,20.9137,69.7915,14.0962,24.8432,89.8341,14.0965,29.2879,115.063,14.0966,34.3168,146.819,14.0966,40.0078,186.792,14.0966,46.4487,237.107,14.0966,53.7388,300.44,14.0966,61.9903,380.158,14.0966,71.3301,480.499,14.0966,81.902,606.796,14.0966,93.8685,765.761,14.0966,107.414,965.837,14.0966,122.746,1217.65,14.0966,140.101,1534.57,14.0966,159.745,1933.41,14.0966,181.981,2435.3,14.0966,207.15,3066.85,14.0966,235.64,3861.46,14.0966,267.889,4861.11,14.0966,304.391,6118.54,14.0966,345.709,7699.91,14.0966,392.478,9688.22,14.0966,445.417,12187.5,14.0966,505.339,15327.7,14.0966,573.165,19271.6,14.0966,649.938,24222,14.0966,736.839,30430.9,14.0966,835.202,38211.5,14.0966,946.539,47950.3,14.0966,1072.56,60122.8,14.0966,1215.21,75309.9,14.0966,1376.66,94216.2,14.0966,1559.41,117688,14.0966,1766.26,146729,14.0966,2000.39,182510,14.0966,2265.39,226372,14.0966,2565.33,279806,14.0966,2904.81,344416,14.0966,3289.05,421845,14.0966,3723.93,513667,14.0966,4216.13,621231,14.0966,4773.18,745478,14.0966,5403.64,886744,14.0966,6117.15,1.04457e+06,14.0966,6924.63,1.2176e+06,14.0966,11.7194,11.96,12.6541,13.9321,16.1295,13.6434,16.6097,21.9702,13.9553,19.7532,29.5285,14.0526,23.3844,39.1143,14.0829,27.5423,51.2054,14.0923,32.2796,66.434,14.0953,37.662,85.6061,14.0962,43.7675,109.74,14.0965,50.687,140.119,14.0966,58.5249,178.359,14.0966,67.4005,226.493,14.0966,77.4493,287.08,14.0966,88.8254,363.343,14.0966,101.703,459.336,14.0966,116.281,580.161,14.0966,132.782,732.241,14.0966,151.46,923.655,14.0966,172.603,1164.57,14.0966,196.535,1467.79,14.0966,223.625,1849.39,14.0966,254.288,2329.62,14.0966,288.997,2933.93,14.0966,328.285,3694.33,14.0966,372.755,4651.04,14.0966,423.092,5854.57,14.0966,480.07,7368.38,14.0966,544.564,9272.08,14.0966,617.566,11665.5,14.0966,700.197,14673.6,14.0966,793.729,18452.9,14.0966,899.599,23198.6,14.0966,1019.43,29154.1,14.0966,1155.07,36622.3,14.0966,1308.6,45977.9,14.0966,1482.39,57683.7,14.0966,1679.09,72307.8,14.0966,1901.73,90542.8,14.0966,2153.73,113226,14.0966,2438.97,141360,14.0966,2761.81,176127,14.0966,3127.22,218898,14.0966,3540.81,271226,14.0966,4008.92,334817,14.0966,4538.74,411470,14.0966,5138.38,502973,14.0966,5817.04,610948,14.0966,6585.12,736653,14.0966,7454.39,880741,14.0966,8438.15,1.04302e+06,14.0966,9551.45,1.22224e+06,14.0966,10811.3,1.41602e+06,14.0966,12237,1.62086e+06,14.0966,11.7194,11.96,12.6541,2.21263,4.16949,0.989383,2.67766,5.84076,0.311842,3.14343,7.55825,0.0972771,3.63127,9.58578,0.0303237,4.15787,12.0912,0.00945211,4.73731,15.2286,0.00294633,5.38238,19.1721,0.000918508,6.10553,24.134,0.000286163,6.91951,30.3791,8.92692e-05,7.83792,38.2397,2.78121e-05,8.87555,48.1338,8.65134e-06,10.0489,60.5876,2.7882e-06,11.3761,76.2629,8.29036e-07,12.8779,95.9927,2.4373e-07,14.5775,120.825,4.33068e-09,16.5012,152.08,1.75749e-07,18.6784,191.415,-1.86328e-07,21.1428,240.917,1.91829e-07,23.9322,303.213,-1.81475e-07,27.0895,381.602,7.0186e-08,30.6634,480.231,-2.86769e-08,34.7087,604.316,2.40784e-07,39.2876,760.401,9.87368e-08,44.4705,956.705,1.22263e-07,50.3371,1203.54,-4.31966e-07,56.9776,1513.81,-1.9705e-07,64.494,1903.69,-2.763e-08,73.0018,2393.4,3.9185e-07,82.6317,3008.13,1.35379e-07,93.5318,3779.25,-4.16351e-08,105.869,4745.7,2.06965e-08,119.834,5955.6,-3.18887e-07,135.641,7468.12,-1.48271e-08,153.531,9355.62,2.00739e-07,173.781,11705.8,2.28358e-07,196.701,14624.1,-1.93587e-08,222.642,18235,-2.88101e-07,252.003,22683.4,-2.24732e-07,285.234,28134,8.56806e-09,322.845,34767,2.34258e-07,365.413,42770.9,2.99668e-07,413.588,52327.9,8.28644e-08,468.111,63591.2,-3.07049e-07,529.814,76653.2,-3.1888e-07,599.642,91502.5,-6.72276e-08,678.662,107975,2.26339e-07,768.083,125705,3.69212e-07,869.267,144088,2.04077e-07,983.76,162277,-2.80509e-07,1113.3,179223,-4.22737e-07,1259.87,193777,-1.71951e-07,1425.68,204839,4.55555e-07,11.7194,11.96,12.6541,2.21263,4.16949,0.989383,2.67766,5.84076,0.311842,3.14343,7.55825,0.0972771,3.63127,9.58578,0.0303237,4.15787,12.0912,0.00945211,4.73731,15.2286,0.00294633,5.38238,19.1721,0.000918508,6.10553,24.134,0.000286163,6.91951,30.3791,8.92692e-05,7.83792,38.2397,2.78121e-05,8.87555,48.1338,8.65134e-06,10.0489,60.5876,2.7882e-06,11.3761,76.2629,8.29036e-07,12.8779,95.9927,2.4373e-07,14.5775,120.825,1e-08,16.5012,152.08,1.75749e-07,18.6784,191.415,1e-08,21.1428,240.917,1.91829e-07,23.9322,303.213,1e-08,27.0895,381.602,7.0186e-08,30.6634,480.231,1e-08,34.7087,604.316,2.40784e-07,39.2876,760.401,9.87368e-08,44.4705,956.705,1.22263e-07,50.3371,1203.54,1e-08,56.9776,1513.81,1e-08,64.494,1903.69,1e-08,73.0018,2393.4,3.9185e-07,82.6317,3008.13,1.35379e-07,93.5318,3779.25,1e-08,105.869,4745.7,2.06965e-08,119.834,5955.6,1e-08,135.641,7468.12,1e-08,153.531,9355.62,2.00739e-07,173.781,11705.8,2.28358e-07,196.701,14624.1,1e-08,222.642,18235,1e-08,252.003,22683.4,1e-08,285.234,28134,1e-08,322.845,34767,2.34258e-07,365.413,42770.9,2.99668e-07,413.588,52327.9,8.28644e-08,468.111,63591.2,1e-08,529.814,76653.2,1e-08,599.642,91502.5,1e-08,678.662,107975,2.26339e-07,768.083,125705,3.69212e-07,869.267,144088,2.04077e-07,983.76,162277,1e-08,1113.3,179223,1e-08,1259.87,193777,1e-08,1425.68,204839,4.55555e-07,6.2823,3.27286,2.43537,0.219672,6.18826,2.24117,0.56371,6.87772,2.63624,0.308279,17,12,20,3,5,2,1,0,1,4,14,1,1,11,0,8,7,0,7,12,0,3,18,0,8,31,0,9,23,0,7,29,0,9,16,0,13,53,0,5,109,0,17,101,0,42,210,0,15,105,0,49,186,0,16,94,0,28,365,0,23,516,0,21,343,0,22,558,0,32,1265,0,46,1020,0,33,921,0,53,3312,0,34,1712,0,63,3041,0,74,931,0,92,3625,0,202,4747,0,165,7504,0,174,7539,0,185,6873,0,100,5224,0,335,26663,0,136,15276,0,204,24596,0,326,14817,0,259,56853,0,250,47853,0,297,72687,0,256,62844,0,668,100419,0,736,77904,0,539,214403,0,1420,50236,0,1248,238138,0,800,73392,0,948,172117,0,832,78625,0,981,179118,0
-1.05176e+08,1,8.88811e-15,10,1023,0,1.05176e+08,0.528882,1.08665,0.389689,0.145397,0.379329,3.24381,0.161596,0.446195,1.77396,0.159177,1.15e+07,4.49998e+06,6.79999e+06,1.15e+07,4.49997e+06,6.79999e+06,1.15e+07,4.49996e+06,6.79999e+06,1.15e+07,4.49995e+06,6.79999e+06,1.14999e+07,4.49993e+06,6.79999e+06,1.14999e+07,4.49991e+06,6.79999e+06,1.14999e+07,4.49989e+06,6.79999e+06,1.14999e+07,4.49986e+06,6.79999e+06,1.14999e+07,4.49982e+06,6.79999e+06,1.14999e+07,4.49977e+06,6.79999e+06,1.14999e+07,4.49971e+06,6.79999e+06,1.14999e+07,4.49963e+06,6.79999e+06,1.14998e+07,4.49953e+06,6.79999e+06,1.14998e+07,4.49941e+06,6.79999e+06,1.14998e+07,4.49926e+06,6.79999e+06,1.14998e+07,4.49906e+06,6.79999e+06,1.14997e+07,4.49882e+06,6.79999e+06,1.14997e+07,4.49851e+06,6.79999e+06,1.14997e+07,4.49812e+06,6.79999e+06,1.14996e+07,4.49764e+06,6.79999e+06,1.14996e+07,4.49702e+06,6.79999e+06,1.14995e+07,4.49625e+06,6.79999e+06,1.14995e+07,4.49528e+06,6.79999e+06,1.14994e+07,4.49406e+06,6.79999e+06,1.14993e+07,4.49253e+06,6.79999e+06,1.14992e+07,4.49059e+06,6.79999e+06,1.14991e+07,4.48817e+06,6.79999e+06,1.1499e+07,4.48511e+06,6.79999e+06,1.14988e+07,4.48128e+06,6.79999e+06,1.14987e+07,4.47646e+06,6.79999e+06,1.14985e+07,4.47041e+06,6.79999e+06,1.14983e+07,4.46281e+06,6.79999e+06,1.14981e+07,4.4533e+06,6.79999e+06,1.14979e+07,4.44138e+06,6.79999e+06,1.14976e+07,4.42649e+06,6.79999e+06,1.14972e+07,4.40789e+06,6.79999e+06,1.14969e+07,4.38471e+06,6.79999e+06,1.14965e+07,4.35592e+06,6.79999e+06,1.1496e+07,4.32027e+06,6.79999e+06,1.14955e+07,4.27629e+06,6.79999e+06,1.14949e+07,4.22231e+06,6.79999e+06,1.14942e+07,4.15647e+06,6.79999e+06,1.14934e+07,4.07676e+06,6.79999e+06,1.14926e+07,3.98112e+06,6.79999e+06,1.14916e+07,3.86765e+06,6.79999e+06,1.14905e+07,3.73474e+06,6.79999e+06,1.14892e+07,3.58148e+06,6.79999e+06,1.14878e+07,3.40785e+06,6.79999e+06,1.14862e+07,3.21513e+06,6.79999e+06,1.14844e+07,3.00605e+06,6.79999e+06,1.14823e+07,2.7848e+06,6.79999e+06,1.148e+07,2.5568e+06,6.79999e+06,1.14773e+07,2.32825e+06,6.79999e+06,13.5742,8.52444,0.508366,16.8306,13.2585,0.162638,20.0035,17.569,0.0507846,23.2616,22.4214,0.0158319,26.7328,28.3297,0.00493498,30.5212,35.6974,0.00153831,34.7178,44.9473,0.000479527,39.4086,56.5822,0.000149456,44.6796,71.2245,4.66214e-05,50.6209,89.6543,1.45419e-05,57.3297,112.852,4.54748e-06,64.9129,142.051,1.43857e-06,73.4897,178.803,4.36618e-07,83.1934,225.062,1.40153e-07,94.1745,283.286,4.96378e-08,106.602,356.568,1.05434e-07,120.669,448.799,-6.49244e-08,136.59,564.873,1.70148e-07,154.611,710.948,-5.34594e-08,175.008,894.767,1.63407e-07,198.097,1126.06,8.04804e-08,224.231,1417.07,1.14667e-07,253.813,1783.15,-1.71227e-07,287.297,2243.62,-2.88466e-07,325.198,2822.67,-4.33651e-07,368.098,3550.67,7.9318e-08,416.657,4465.65,3.13319e-07,471.621,5615.16,3.4613e-07,533.835,7058.61,-1.19199e-07,604.255,8870.02,-2.79964e-07,683.962,11141.4,-2.30521e-07,774.182,13986.7,-2.55099e-07,876.299,17546.4,1.23585e-07,991.883,21993.1,1.41192e-07,1122.71,27536.7,-9.71886e-08,1270.78,34430.7,-3.68368e-07,1438.38,42977.7,-3.45379e-07,1628.07,53532.7,-3.25328e-09,1842.77,66504.6,2.6362e-07,2085.77,82350.2,2.53445e-07,2360.79,101560,-2.47407e-08,2672.05,124632,-3.80602e-07,3024.31,152018,-4.79005e-07,3422.98,184060,-1.14379e-07,3874.15,220884,2.64297e-07,4384.72,262283,3.44131e-07,4962.49,307576,7.5349e-08,5616.29,355497,-3.63097e-07,6356.1,404126,-6.05442e-07,7193.18,450932,-2.72333e-07,8140.28,492963,2.29675e-07,9211.79,527178,4.3387e-07,10424,550893,-1.0711e-07,10.102,8.06553,2.81012,10.6436,8.57909,0.869423,11.5336,10.2515,0.270869,12.7211,12.7138,0.0844293,14.1823,15.9373,0.0263173,15.9122,20.0383,0.0082035,17.9198,25.2154,0.00255722,20.2244,31.7373,0.000797017,22.8539,39.9486,0.000248622,25.8438,50.2851,7.75492e-05,29.237,63.2963,2.42508e-05,33.0837,79.6738,7.67162e-06,37.4415,100.288,2.32837e-06,42.3767,126.236,7.33e-07,47.9646,158.896,2.79256e-07,54.2906,200.003,9.87351e-09,61.452,251.741,1.61085e-07,69.5585,316.859,-2.47141e-07,78.7347,398.812,8.93552e-08,89.1218,501.948,-2.53231e-07,100.879,631.736,-1.25047e-07,114.188,795.049,-1.78808e-07,129.252,1000.53,2.6733e-07,146.304,1259.03,4.50292e-07,165.605,1584.19,6.76904e-07,187.452,1993.12,-1.23808e-07,212.181,2507.27,-4.89068e-07,240.173,3153.54,-5.40284e-07,271.856,3965.56,1.86061e-07,307.719,4985.38,4.37004e-07,348.313,6265.4,3.59828e-07,394.26,7870.83,3.98192e-07,446.268,9882.51,-1.92908e-07,505.135,12400.3,-2.20392e-07,571.766,15546.9,1.51705e-07,647.184,19472.2,5.74996e-07,732.547,24357.4,5.39112e-07,829.167,30420,5.07815e-09,938.526,37916.3,-4.11492e-07,1062.3,47143.9,-3.9561e-07,1202.4,58439.2,3.86185e-08,1360.96,72169.3,5.94093e-07,1540.42,88715.8,7.47693e-07,1743.53,108445,1.78537e-07,1973.41,131665,-4.12549e-07,2233.57,158557,-5.37164e-07,2528,189103,-1.17615e-07,2861.2,222986,5.66769e-07,3238.27,259510,9.45053e-07,3664.97,297540,4.25093e-07,4147.81,335497,-3.58506e-07,4694.17,371444,-6.7724e-07,5312.37,403256,1.67192e-07,1.61744,3.89446,9.84394,3.28846,7.5504,12.774,5.07607,11.7187,13.6844,7.03202,16.8147,13.9681,9.20215,23.1769,14.0566,11.6301,31.1672,14.0841,14.3598,41.2186,14.0927,17.4376,53.8688,14.0954,20.9137,69.7915,14.0962,24.8432,89.8341,14.0965,29.2879,115.063,14.0966,34.3168,146.819,14.0966,40.0078,186.792,14.0966,46.4487,237.107,14.0966,53.7388,300.44,14.0966,61.9903,380.158,14.0966,71.3301,480.499,14.0966,81.902,606.796,14.0966,93.8685,765.761,14.0966,107.414,965.837,14.0966,122.746,1217.65,14.0966,140.101,1534.57,14.0966,159.745,1933.41,14.0966,181.981,2435.3,14.0966,207.15,3066.85,14.0966,235.64,3861.46,14.0966,267.889,4861.11,14.0966,304.391,6118.54,14.0966,345.709,7699.91,14.0966,392.478,9688.22,14.0966,445.417,12187.5,14.0966,505.339,15327.7,14.0966,573.165,19271.6,14.0966,649.938,24222,14.0966,736.839,30430.9,14.0966,835.202,38211.5,14.0966,946.539,47950.3,14.0966,1072.56,60122.8,14.0966,1215.21,75309.9,14.0966,1376.66,94216.2,14.0966,1559.41,117688,14.0966,1766.26,146729,14.0966,2000.39,182510,14.0966,2265.39,226372,14.0966,2565.33,279806,14.0966,2904.81,344416,14.0966,3289.05,421845,14.0966,3723.93,513667,14.0966,4216.13,621231,14.0966,4773.18,745478,14.0966,5403.64,886744,14.0966,6117.15,1.04457e+06,14.0966,6924.63,1.2176e+06,14.0966,11.7194,11.96,12.6541,13.9321,16.1295,13.6434,16.6097,21.9702,13.9553,19.7532,29.5285,14.0526,23.3844,39.1143,14.0829,27.5423,51.2054,14.0923,32.2796,66.434,14.0953,37.662,85.6061,14.0962,43.7675,109.74,14.0965,50.687,140.119,14.0966,58.5249,178.359,14.0966,67.4005,226.493,14.0966,77.4493,287.08,14.0966,88.8254,363.343,14.0966,101.703,459.336,14.0966,116.281,580.161,14.0966,132.782,732.241,14.0966,151.46,923.655,14.0966,172.603,1164.57,14.0966,196.535,1467.79,14.0966,223.625,1849.39,14.0966,254.288,2329.62,14.0966,288.997,2933.93,14.0966,328.285,3694.33,14.0966,372.755,4651.04,14.0966,423.092,5854.57,14.0966,480.07,7368.38,14.0966,544.564,9272.08,14.0966,617.566,11665.5,14.0966,700.197,14673.6,14.0966,793.729,18452.9,14.0966,899.599,23198.6,14.0966,1019.43,29154.1,14.0966,1155.07,36622.3,14.0966,1308.6,45977.9,14.0966,1482.39,57683.7,14.0966,1679.09,72307.8,14.0966,1901.73,90542.8,14.0966,2153.73,113226,14.0966,2438.97,141360,14.0966,2761.81,176127,14.0966,3127.22,218898,14.0966,3540.81,271226,14.0966,4008.92,334817,14.0966,4538.74,411470,14.0966,5138.38,502973,14.0966,5817.04,610948,14.0966,6585.12,736653,14.0966,7454.39,880741,14.0966,8438.15,1.04302e+06,14.0966,9551.45,1.22224e+06,14.0966,10811.3,1.41602e+06,14.0966,12237,1.62086e+06,14.0966,11.7194,11.96,12.6541,2.21263,4.16949,0.989383,2.67766,5.84076,0.311842,3.14343,7.55825,0.0972771,3.63127,9.58578,0.0303237,4.15787,12.0912,0.00945211,4.73731,15.2286,0.00294633,5.38238,19.1721,0.000918508,6.10553,24.134,0.000286163,6.91951,30.3791,8.92692e-05,7.83792,38.2397,2.78121e-05,8.87555,48.1338,8.65134e-06,10.0489,60.5876,2.7882e-06,11.3761,76.2629,8.29036e-07,12.8779,95.9927,2.4373e-07,14.5775,120.825,4.33068e-09,16.5012,152.08,1.75749e-07,18.6784,191.415,-1.86328e-07,21.1428,240.917,1.91829e-07,23.9322,303.213,-1.81475e-07,27.0895,381.602,7.0186e-08,30.6634,480.231,-2.86769e-08,34.7087,604.316,2.40784e-07,39.2876,760.401,9.87368e-08,44.4705,956.705,1.22263e-07,50.3371,1203.54,-4.31966e-07,56.9776,1513.81,-1.9705e-07,64.494,1903.69,-2.763e-08,73.0018,2393.4,3.9185e-07,82.6317,3008.13,1.35379e-07,93.5318,3779.25,-4.16351e-08,105.869,4745.7,2.06965e-08,119.834,5955.6,-3.18887e-07,135.641,7468.12,-1.48271e-08,153.531,9355.62,2.00739e-07,173.781,11705.8,2.28358e-07,196.701,14624.1,-1.93587e-08,222.642,18235,-2.88101e-07,252.003,22683.4,-2.24732e-07,285.234,28134,8.56806e-09,322.845,34767,2.34258e-07,365.413,42770.9,2.99668e-07,413.588,52327.9,8.28644e-08,468.111,63591.2,-3.07049e-07,529.814,76653.2,-3.1888e-07,599.642,91502.5,-6.72276e-08,678.662,107975,2.26339e-07,768.083,125705,3.69212e-07,869.267,144088,2.04077e-07,983.76,162277,-2.80509e-07,1113.3,179223,-4.22737e-07,1259.87,193777,-1.71951e-07,1425.68,204839,4.55555e-07,11.7194,11.96,12.6541,2.21263,4.16949,0.989383,2.67766,5.84076,0.311842,3.14343,7.55825,0.0972771,3.63127,9.58578,0.0303237,4.15787,12.0912,0.00945211,4.73731,15.2286,0.00294633,5.38238,19.1721,0.000918508,6.10553,24.134,0.000286163,6.91951,30.3791,8.92692e-05,7.83792,38.2397,2.78121e-05,8.87555,48.1338,8.65134e-06,10.0489,60.5876,2.7882e-06,11.3761,76.2629,8.29036e-07,12.8779,95.9927,2.4373e-07,14.5775,120.825,1e-08,16.5012,152.08,1.75749e-07,18.6784,191.415,1e-08,21.1428,240.917,1.91829e-07,23.9322,303.213,1e-08,27.0895,381.602,7.0186e-08,30.6634,480.231,1e-08,34.7087,604.316,2.40784e-07,39.2876,760.401,9.87368e-08,44.4705,956.705,1.22263e-07,50.3371,1203.54,1e-08,56.9776,1513.81,1e-08,64.494,1903.69,1e-08,73.0018,2393.4,3.9185e-07,82.6317,3008.13,1.35379e-07,93.5318,3779.25,1e-08,105.869,4745.7,2.06965e-08,119.834,5955.6,1e-08,135.641,7468.12,1e-08,153.531,9355.62,2.00739e-07,173.781,11705.8,2.28358e-07,196.701,14624.1,1e-08,222.642,18235,1e-08,252.003,22683.4,1e-08,285.234,28134,1e-08,322.845,34767,2.34258e-07,365.413,42770.9,2.99668e-07,413.588,52327.9,8.28644e-08,468.111,63591.2,1e-08,529.814,76653.2,1e-08,599.642,91502.5,1e-08,678.662,107975,2.26339e-07,768.083,125705,3.69212e-07,869.267,144088,2.04077e-07,983.76,162277,1e-08,1113.3,179223,1e-08,1259.87,193777,1e-08,1425.68,204839,4.55555e-07,6.2823,3.27286,2.43537,0.219672,6.18826,2.24117,0.56371,6.87772,2.63624,0.308279,15,20,12,3,9,0,0,6,1,4,6,1,5,5,0,3,3,0,5,13,0,4,16,0,8,24,0,5,36,0,7,45,0,8,55,0,15,65,0,19,50,0,19,54,0,9,159,0,16,156,0,14,282,0,16,257,0,34,340,0,27,511,0,24,172,0,34,600,0,42,616,0,72,521,0,10,836,0,88,1504,0,38,2287,0,69,2276,0,119,3191,0,76,1206,0,67,4263,0,96,6597,0,163,14575,0,91,8335,0,109,14847,0,230,12172,0,210,14014,0,222,23364,0,190,37336,0,484,22760,0,599,51415,0,203,63350,0,144,61779,0,479,44901,0,266,84762,0,704,133204,0,915,147410,0,474,140916,0,1437,304284,0,758,278680,0,405,207601,0,931,112298,0
-1.05176e+08,1,8.88811e-15,10,1023,0,1.05176e+08,0.528882,1.08665,0.389689,0.145397,0.379329,3.24381,0.161596,0.446195,1.77396,0.159177,1.15e+07,4.49998e+06,6.79999e+06,1.15e+07,4.49997e+06,6.79999e+06,1.15e+07,4.49996e+06,6.79999e+06,1.15e+07,4.49995e+06,6.79999e+06,1.14999e+07,4.49993e+06,6.79999e+06,1.14999e+07,4.49991e+06,6.79999e+06,1.14999e+07,4.49989e+06,6.79999e+06,1.14999e+07,4.49986e+06,6.79999e+06,1.14999e+07,4.49982e+06,6.79999e+06,1.14999e+07,4.49977e+06,6.79999e+06,1.14999e+07,4.49971e+06,6.79999e+06,1.14999e+07,4.49963e+06,6.79999e+06,1.14998e+07,4.49953e+06,6.79999e+06,1.14998e+07,4.49941e+06,6.79999e+06,1.14998e+07,4.49926e+06,6.79999e+06,1.14998e+07,4.49906e+06,6.79999e+06,1.14997e+07,4.49882e+06,6.79999e+06,1.14997e+07,4.49851e+06,6.79999e+06,1.14997e+07,4.49812e+06,6.79999e+06,1.14996e+07,4.49764e+06,6.79999e+06,1.14996e+07,4.49702e+06,6.79999e+06,1.14995e+07,4.49625e+06,6.79999e+06,1.14995e+07,4.49528e+06,6.79999e+06,1.14994e+07,4.49406e+06,6.79999e+06,1.14993e+07,4.49253e+06,6.79999e+06,1.14992e+07,4.49059e+06,6.79999e+06,1.14991e+07,4.48817e+06,6.79999e+06,1.1499e+07,4.48511e+06,6.79999e+06,1.14988e+07,4.48128e+06,6.79999e+06,1.14987e+07,4.47646e+06,6.79999e+06,1.14985e+07,4.47041e+06,6.79999e+06,1.14983e+07,4.46281e+06,6.79999e+06,1.14981e+07,4.4533e+06,6.79999e+06,1.14979e+07,4.44138e+06,6.79999e+06,1.14976e+07,4.42649e+06,6.79999e+06,1.14972e+07,4.40789e+06,6.79999e+06,1.14969e+07,4.38471e+06,6.79999e+06,1.14965e+07,4.35592e+06,6.79999e+06,1.1496e+07,4.32027e+06,6.79999e+06,1.14955e+07,4.27629e+06,6.79999e+06,1.14949e+07,4.22231e+06,6.79999e+06,1.14942e+07,4.15647e+06,6.79999e+06,1.14934e+07,4.07676e+06,6.79999e+06,1.14926e+07,3.98112e+06,6.79999e+06,1.14916e+07,3.86765e+06,6.79999e+06,1.14905e+07,3.73474e+06,6.79999e+06,1.14892e+07,3.58148e+06,6.79999e+06,1.14878e+07,3.40785e+06,6.79999e+06,1.14862e+07,3.21513e+06,6.79999e+06,1.14844e+07,3.00605e+06,6.79999e+06,1.14823e+07,2.7848e+06,6.79999e+06,1.148e+07,2.5568e+06,6.79999e+06,1.14773e+07,2.32825e+06,6.79999e+06,13.5742,8.52444,0.508366,16.8306,13.2585,0.162638,20.0035,17.569,0.0507846,23.2616,22.4214,0.0158319,26.7328,28.3297,0.00493498,30.5212,35.6974,0.00153831,34.7178,44.9473,0.000479527,39.4086,56.5822,0.000149456,44.6796,71.2245,4.66214e-05,50.6209,89.6543,1.45419e-05,57.3297,112.852,4.54748e-06,64.9129,142.051,1.43857e-06,73.4897,178.803,4.36618e-07,83.1934,225.062,1.40153e-07,94.1745,283.286,4.96378e-08,106.602,356.568,1.05434e-07,120.669,448.799,-6.49244e-08,136.59,564.873,1.70148e-07,154.611,710.948,-5.34594e-08,175.008,894.767,1.63407e-07,198.097,1126.06,8.04804e-08,224.231,1417.07,1.14667e-07,253.813,1783.15,-1.71227e-07,287.297,2243.62,-2.88466e-07,325.198,2822.67,-4.33651e-07,368.098,3550.67,7.9318e-08,416.657,4465.65,3.13319e-07,471.621,5615.16,3.4613e-07,533.835,7058.61,-1.19199e-07,604.255,8870.02,-2.79964e-07,683.962,11141.4,-2.30521e-07,774.182,13986.7,-2.55099e-07,876.299,17546.4,1.23585e-07,991.883,21993.1,1.41192e-07,1122.71,27536.7,-9.71886e-08,1270.78,34430.7,-3.68368e-07,1438.38,42977.7,-3.45379e-07,1628.07,53532.7,-3.25328e-09,1842.77,66504.6,2.6362e-07,2085.77,82350.2,2.53445e-07,2360.79,101560,-2.47407e-08,2672.05,124632,-3.80602e-07,3024.31,152018,-4.79005e-07,3422.98,184060,-1.14379e-07,3874.15,220884,2.64297e-07,4384.72,262283,3.44131e-07,4962.49,307576,7.5349e-08,5616.29,355497,-3.63097e-07,6356.1,404126,-6.05442e-07,7193.18,450932,-2.72333e-07,8140.28,492963,2.29675e-07,9211.79,527178,4.3387e-07,10424,550893,-1.0711e-07,10.102,8.06553,2.81012,10.6436,8.57909,0.869423,11.5336,10.2515,0.270869,12.7211,12.7138,0.0844293,14.1823,15.9373,0.0263173,15.9122,20.0383,0.0082035,17.9198,25.2154,0.00255722,20.2244,31.7373,0.000797017,22.8539,39.9486,0.000248622,25.8438,50.2851,7.75492e-05,29.237,63.2963,2.42508e-05,33.0837,79.6738,7.67162e-06,37.4415,100.288,2.32837e-06,42.3767,126.236,7.33e-07,47.9646,158.896,2.79256e-07,54.2906,200.003,9.87351e-09,61.452,251.741,1.61085e-07,69.5585,316.859,-2.47141e-07,78.7347,398.812,8.93552e-08,89.1218,501.948,-2.53231e-07,100.879,631.736,-1.25047e-07,114.188,795.049,-1.78808e-07,129.252,1000.53,2.6733e-07,146.304,1259.03,4.50292e-07,165.605,1584.19,6.76904e-07,187.452,1993.12,-1.23808e-07,212.181,2507.27,-4.89068e-07,240.173,3153.54,-5.40284e-07,271.856,3965.56,1.86061e-07,307.719,4985.38,4.37004e-07,348.313,6265.4,3.59828e-07,394.26,7870.83,3.98192e-07,446.268,9882.51,-1.92908e-07,505.135,12400.3,-2.20392e-07,571.766,15546.9,1.51705e-07,647.184,19472.2,5.74996e-07,732.547,24357.4,5.39112e-07,829.167,30420,5.07815e-09,938.526,37916.3,-4.11492e-07,1062.3,47143.9,-3.9561e-07,1202.4,58439.2,3.86185e-08,1360.96,72169.3,5.94093e-07,1540.42,88715.8,7.47693e-07,1743.53,108445,1.78537e-07,1973.41,131665,-4.12549e-07,2233.57,158557,-5.37164e-07,2528,189103,-1.17615e-07,2861.2,222986,5.66769e-07,3238.27,259510,9.45053e-07,3664.97,297540,4.25093e-07,4147.81,335497,-3.58506e-07,4694.17,371444,-6.7724e-07,5312.37,403256,1.67192e-07,1.61744,3.89446,9.84394,3.28846,7.5504,12.774,5.07607,11.7187,13.6844,7.03202,16.8147,13.9681,9.20215,23.1769,14.0566,11.6301,31.1672,14.0841,14.3598,41.2186,14.0927,17.4376,53.8688,14.0954,20.9137,69.7915,14.0962,24.8432,89.8341,14.0965,29.2879,115.063,14.0966,34.3168,146.819,14.0966,40.0078,186.792,14.0966,46.4487,237.107,14.0966,53.7388,300.44,14.0966,61.9903,380.158,14.0966,71.3301,480.499,14.0966,81.902,606.796,14.0966,93.8685,765.761,14.0966,107.414,965.837,14.0966,122.746,1217.65,14.0966,140.101,1534.57,14.0966,159.745,1933.41,14.0966,181.981,2435.3,14.0966,207.15,3066.85,14.0966,235.64,3861.46,14.0966,267.889,4861.11,14.0966,304.391,6118.54,14.0966,345.709,7699.91,14.0966,392.478,9688.22,14.0966,445.417,12187.5,14.0966,505.339,15327.7,14.0966,573.165,19271.6,14.0966,649.938,24222,14.0966,736.839,30430.9,14.0966,835.202,38211.5,14.0966,946.539,47950.3,14.0966,1072.56,60122.8,14.0966,1215.21,75309.9,14.0966,1376.66,94216.2,14.0966,1559.41,117688,14.0966,1766.26,146729,14.0966,2000.39,182510,14.0966,2265.39,226372,14.0966,2565.33,279806,14.0966,2904.81,344416,14.0966,3289.05,421845,14.0966,3723.93,513667,14.0966,4216.13,621231,14.0966,4773.18,745478,14.0966,5403.64,886744,14.0966,6117.15,1.04457e+06,14.0966,6924.63,1.2176e+06,14.0966,11.7194,11.96,12.6541,13.9321,16.1295,13.6434,16.6097,21.9702,13.9553,19.7532,29.5285,14.0526,23.3844,39.1143,14.0829,27.5423,51.2054,14.0923,32.2796,66.434,14.0953,37.662,85.6061,14.0962,43.7675,109.74,14.0965,50.687,140.119,14.0966,58.5249,178.359,14.0966,67.4005,226.493,14.0966,77.4493,287.08,14.0966,88.8254,363.343,14.0966,101.703,459.336,14.0966,116.281,580.161,14.0966,132.782,732.241,14.0966,151.46,923.655,14.0966,172.603,1164.57,14.0966,196.535,1467.79,14.0966,223.625,1849.39,14.0966,254.288,2329.62,14.0966,288.997,2933.93,14.0966,328.285,3694.33,14.0966,372.755,4651.04,14.0966,423.092,5854.57,14.0966,480.07,7368.38,14.0966,544.564,9272.08,14.0966,617.566,11665.5,14.0966,700.197,14673.6,14.0966,793.729,18452.9,14.0966,899.599,23198.6,14.0966,1019.43,29154.1,14.0966,1155.07,36622.3,14.0966,1308.6,45977.9,14.0966,1482.39,57683.7,14.0966,1679.09,72307.8,14.0966,1901.73,90542.8,14.0966,2153.73,113226,14.0966,2438.97,141360,14.0966,2761.81,176127,14.0966,3127.22,218898,14.0966,3540.81,271226,14.0966,4008.92,334817,14.0966,4538.74,411470,14.0966,5138.38,502973,14.0966,5817.04,610948,14.0966,6585.12,736653,14.0966,7454.39,880741,14.0966,8438.15,1.04302e+06,14.0966,9551.45,1.22224e+06,14.0966,10811.3,1.41602e+06,14.0966,12237,1.62086e+06,14.0966,11.7194,11.96,12.6541,2.21263,4.16949,0.989383,2.67766,5.84076,0.311842,3.14343,7.55825,0.0972771,3.63127,9.58578,0.0303237,4.15787,12.0912,0.00945211,4.73731,15.2286,0.00294633,5.38238,19.1721,0.000918508,6.10553,24.134,0.000286163,6.91951,30.3791,8.92692e-05,7.83792,38.2397,2.78121e-05,8.87555,48.1338,8.65134e-06,10.0489,60.5876,2.7882e-06,11.3761,76.2629,8.29036e-07,12.8779,95.9927,2.4373e-07,14.5775,120.825,4.33068e-09,16.5012,152.08,1.75749e-07,18.6784,191.415,-1.86328e-07,21.1428,240.917,1.91829e-07,23.9322,303.213,-1.81475e-07,27.0895,381.602,7.0186e-08,30.6634,480.231,-2.86769e-08,34.7087,604.316,2.40784e-07,39.2876,760.401,9.87368e-08,44.4705,956.705,1.22263e-07,50.3371,1203.54,-4.31966e-07,56.9776,1513.81,-1.9705e-07,64.494,1903.69,-2.763e-08,73.0018,2393.4,3.9185e-07,82.6317,3008.13,1.35379e-07,93.5318,3779.25,-4.16351e-08,105.869,4745.7,2.06965e-08,119.834,5955.6,-3.18887e-07,135.641,7468.12,-1.48271e-08,153.531,9355.62,2.00739e-07,173.781,11705.8,2.28358e-07,196.701,14624.1,-1.93587e-08,222.642,18235,-2.88101e-07,252.003,22683.4,-2.24732e-07,285.234,28134,8.56806e-09,322.845,34767,2.34258e-07,365.413,42770.9,2.99668e-07,413.588,52327.9,8.28644e-08,468.111,63591.2,-3.07049e-07,529.814,76653.2,-3.1888e-07,599.642,91502.5,-6.72276e-08,678.662,107975,2.26339e-07,768.083,125705,3.69212e-07,869.267,144088,2.04077e-07,983.76,162277,-2.80509e-07,1113.3,179223,-4.22737e-07,1259.87,193777,-1.71951e-07,1425.68,204839,4.55555e-07,11.7194,11.96,12.6541,2.21263,4.16949,0.989383,2.67766,5.84076,0.311842,3.14343,7.55825,0.0972771,3.63127,9.58578,0.0303237,4.15787,12.0912,0.00945211,4.73731,15.2286,0.00294633,5.38238,19.1721,0.000918508,6.10553,24.134,0.000286163,6.91951,30.3791,8.92692e-05,7.83792,38.2397,2.78121e-05,8.87555,48.1338,8.65134e-06,10.0489,60.5876,2.7882e-06,11.3761,76.2629,8.29036e-07,12.8779,95.9927,2.4373e-07,14.5775,120.825,1e-08,16.5012,152.08,1.75749e-07,18.6784,191.415,1e-08,21.1428,240.917,1.91829e-07,23.9322,303.213,1e-08,27.0895,381.602,7.0186e-08,30.6634,480.231,1e-08,34.7087,604.316,2.40784e-07,39.2876,760.401,9.87368e-08,44.4705,956.705,1.22263e-07,50.3371,1203.54,1e-08,56.9776,1513.81,1e-08,64.494,1903.69,1e-08,73.0018,2393.4,3.9185e-07,82.6317,3008.13,1.35379e-07,93.5318,3779.25,1e-08,105.869,4745.7,2.06965e-08,119.834,5955.6,1e-08,135.641,7468.12,1e-08,153.531,9355.62,2.00739e-07,173.781,11705.8,2.28358e-07,196.701,14624.1,1e-08,222.642,18235,1e-08,252.003,22683.4,1e-08,285.234,28134,1e-08,322.845,34767,2.34258e-07,365.413,42770.9,2.99668e-07,413.588,52327.9,8.28644e-08,468.111,63591.2,1e-08,529.814,76653.2,1e-08,599.642,91502.5,1e-08,678.662,107975,2.26339e-07,768.083,125705,3.69212e-07,869.267,144088,2.04077e-07,983.76,162277,1e-08,1113.3,179223,1e-08,1259.87,193777,1e-08,1425.68,204839,4.55555e-07,6.2823,3.27286,2.43537,0.219672,6.18826,2.24117,0.56371,6.87772,2.63624,0.308279,12,5,13,1,11,1,0,14,0,1,11,0,5,10,0,4,25,0,3,16,0,5,27,0,9,16,0,2,23,0,14,26,0,2,39,0,7,31,0,5,27,0,15,63,0,18,185,0,12,210,0,28,177,0,17,387,0,20,325,0,29,358,0,40,397,0,16,588,0,31,623,0,29,912,0,37,2790,0,49,2210,0,156,2868,0,22,3377,0,38,5049,0,79,4702,0,71,7041,0,80,8041,0,141,5975,0,118,14747,0,88,14934,0,203,12559,0,250,10015,0,249,14696,0,222,21548,0,116,44499,0,323,42362,0,440,47797,0,262,53470,0,502,143770,0,553,84919,0,759,103280,0,813,69841,0,1110,161855,0,1233,181550,0,1914,115289,0,1580,184609,0,822,262216,0
-1.05176e+08,1,8.88811e-15,10,1023,0,1.05176e+08,0.528882,1.08665,0.389689,0.145397,0.379329,3.24381,0.161596,0.446195,1.77396,0.159177,1.15e+07,4.49998e+06,6.79999e+06,1.15e+07,4.49997e+06,6.79999e+06,1.15e+07,4.49996e+06,6.79999e+06,1.15e+07,4.49995e+06,6.79999e+06,1.14999e+07,4.49993e+06,6.79999e+06,1.14999e+07,4.49991e+06,6.79999e+06,1.14999e+07,4.49989e+06,6.79999e+06,1.14999e+07,4.49986e+06,6.79999e+06,1.14999e+07,4.49982e+06,6.79999e+06,1.14999e+07,4.49977e+06,6.79999e+06,1.14999e+07,4.49971e+06,6.79999e+06,1.14999e+07,4.49963e+06,6.79999e+06,1.14998e+07,4.49953e+06,6.79999e+06,1.14998e+07,4.49941e+06,6.79999e+06,1.14998e+07,4.49926e+06,6.79999e+06,1.14998e+07,4.49906e+06,6.79999e+06,1.14997e+07,4.49882e+06,6.79999e+06,1.14997e+07,4.49851e+06,6.79999e+06,1.14997e+07,4.49812e+06,6.79999e+06,1.14996e+07,4.49764e+06,6.79999e+06,1.14996e+07,4.49702e+06,6.79999e+06,1.14995e+07,4.49625e+06,6.79999e+06,1.14995e+07,4.49528e+06,6.79999e+06,1.14994e+07,4.49406e+06,6.79999e+06,1.14993e+07,4.49253e+06,6.79999e+06,1.14992e+07,4.49059e+06,6.79999e+06,1.14991e+07,4.48817e+06,6.79999e+06,1.1499e+07,4.48511e+06,6.79999e+06,1.14988e+07,4.48128e+06,6.79999e+06,1.14987e+07,4.47646e+06,6.79999e+06,1.14985e+07,4.47041e+06,6.79999e+06,1.14983e+07,4.46281e+06,6.79999e+06,1.14981e+07,4.4533e+06,6.79999e+06,1.14979e+07,4.44138e+06,6.79999e+06,1.14976e+07,4.42649e+06,6.79999e+06,1.14972e+07,4.40789e+06,6.79999e+06,1.14969e+07,4.38471e+06,6.79999e+06,1.14965e+07,4.35592e+06,6.79999e+06,1.1496e+07,4.32027e+06,6.79999e+06,1.14955e+07,4.27629e+06,6.79999e+06,1.14949e+07,4.22231e+06,6.79999e+06,1.14942e+07,4.15647e+06,6.79999e+06,1.14934e+07,4.07676e+06,6.79999e+06,1.14926e+07,3.98112e+06,6.79999e+06,1.14916e+07,3.86765e+06,6.79999e+06,1.14905e+07,3.73474e+06,6.79999e+06,1.14892e+07,3.58148e+06,6.79999e+06,1.14878e+07,3.40785e+06,6.79999e+06,1.14862e+07,3.21513e+06,6.79999e+06,1.14844e+07,3.00605e+06,6.79999e+06,1.14823e+07,2.7848e+06,6.79999e+06,1.148e+07,2.5568e+06,6.79999e+06,1.14773e+07,2.32825e+06,6.79999e+06,13.5742,8.52444,0.508366,16.8306,13.2585,0.162638,20.0035,17.569,0.0507846,23.2616,22.4214,0.0158319,26.7328,28.3297,0.00493498,30.5212,35.6974,0.00153831,34.7178,44.9473,0.000479527,39.4086,56.5822,0.000149456,44.6796,71.2245,4.66214e-05,50.6209,89.6543,1.45419e-05,57.3297,112.852,4.54748e-06,64.9129,142.051,1.43857e-06,73.4897,178.803,4.36618e-07,83.1934,225.062,1.40153e-07,94.1745,283.286,4.96378e-08,106.602,356.568,1.05434e-07,120.669,448.799,-6.49244e-08,136.59,564.873,1.70148e-07,154.611,710.948,-5.34594e-08,175.008,894.767,1.63407e-07,198.097,1126.06,8.04804e-08,224.231,1417.07,1.14667e-07,253.813,1783.15,-1.71227e-07,287.297,2243.62,-2.88466e-07,325.198,2822.67,-4.33651e-07,368.098,3550.67,7.9318e-08,416.657,4465.65,3.13319e-07,471.621,5615.16,3.4613e-07,533.835,7058.61,-1.19199e-07,604.255,8870.02,-2.79964e-07,683.962,11141.4,-2.30521e-07,774.182,13986.7,-2.55099e-07,876.299,17546.4,1.23585e-07,991.883,21993.1,1.41192e-07,1122.71,27536.7,-9.71886e-08,1270.78,34430.7,-3.68368e-07,1438.38,42977.7,-3.45379e-07,1628.07,53532.7,-3.25328e-09,1842.77,66504.6,2.6362e-07,2085.77,82350.2,2.53445e-07,2360.79,101560,-2.47407e-08,2672.05,124632,-3.80602e-07,3024.31,152018,-4.79005e-07,3422.98,184060,-1.14379e-07,3874.15,220884,2.64297e-07,4384.72,262283,3.44131e-07,4962.49,307576,7.5349e-08,5616.29,355497,-3.63097e-07,6356.1,404126,-6.05442e-07,7193.18,450932,-2.72333e-07,8140.28,492963,2.29675e-07,9211.79,527178,4.3387e-07,10424,550893,-1.0711e-07,10.102,8.06553,2.81012,10.6436,8.57909,0.869423,11.5336,10.2515,0.270869,12.7211,12.7138,0.0844293,14.1823,15.9373,0.0263173,15.9122,20.0383,0.0082035,17.9198,25.2154,0.00255722,20.2244,31.7373,0.000797017,22.8539,39.9486,0.000248622,25.8438,50.2851,7.75492e-05,29.237,63.2963,2.42508e-05,33.0837,79.6738,7.67162e-06,37.4415,100.288,2.32837e-06,42.3767,126.236,7.33e-07,47.9646,158.896,2.79256e-07,54.2906,200.003,9.87351e-09,61.452,251.741,1.61085e-07,69.5585,316.859,-2.47141e-07,78.7347,398.812,8.93552e-08,89.1218,501.948,-2.53231e-07,100.879,631.736,-1.25047e-07,114.188,795.049,-1.78808e-07,129.252,1000.53,2.6733e-07,146.304,1259.03,4.50292e-07,165.605,1584.19,6.76904e-07,187.452,1993.12,-1.23808e-07,212.181,2507.27,-4.89068e-07,240.173,3153.54,-5.40284e-07,271.856,3965.56,1.86061e-07,307.719,4985.38,4.37004e-07,348.313,6265.4,3.59828e-07,394.26,7870.83,3.98192e-07,446.268,9882.51,-1.92908e-07,505.135,12400.3,-2.20392e-07,571.766,15546.9,1.51705e-07,647.184,19472.2,5.74996e-07,732.547,24357.4,5.39112e-07,829.167,30420,5.07815e-09,938.526,37916.3,-4.11492e-07,1062.3,47143.9,-3.9561e-07,1202.4,58439.2,3.86185e-08,1360.96,72169.3,5.94093e-07,1540.42,88715.8,7.47693e-07,1743.53,108445,1.78537e-07,1973.41,131665,-4.12549e-07,2233.57,158557,-5.37164e-07,2528,189103,-1.17615e-07,2861.2,222986,5.66769e-07,3238.27,259510,9.45053e-07,3664.97,297540,4.25093e-07,4147.81,335497,-3.58506e-07,4694.17,371444,-6.7724e-07,5312.37,403256,1.67192e-07,1.61744,3.89446,9.84394,3.28846,7.5504,12.774,5.07607,11.7187,13.6844,7.03202,16.8147,13.9681,9.20215,23.1769,14.0566,11.6301,31.1672,14.0841,14.3598,41.2186,14.0927,17.4376,53.8688,14.0954,20.9137,69.7915,14.0962,24.8432,89.8341,14.0965,29.2879,115.063,14.0966,34.3168,146.819,14.0966,40.0078,186.792,14.0966,46.4487,237.107,14.0966,53.7388,300.44,14.0966,61.9903,380.158,14.0966,71.3301,480.499,14.0966,81.902,606.796,14.0966,93.8685,765.761,14.0966,107.414,965.837,14.0966,122.746,1217.65,14.0966,140.101,1534.57,14.0966,159.745,1933.41,14.0966,181.981,2435.3,14.0966,207.15,3066.85,14.0966,235.64,3861.46,14.0966,267.889,4861.11,14.0966,304.391,6118.54,14.0966,345.709,7699.91,14.0966,392.478,9688.22,14.0966,445.417,12187.5,14.0966,505.339,15327.7,14.0966,573.165,19271.6,14.0966,649.938,24222,14.0966,736.839,30430.9,14.0966,835.202,38211.5,14.0966,946.539,47950.3,14.0966,1072.56,60122.8,14.0966,1215.21,75309.9,14.0966,1376.66,94216.2,14.0966,1559.41,117688,14.0966,1766.26,146729,14.0966,2000.39,182510,14.0966,2265.39,226372,14.0966,2565.33,279806,14.0966,2904.81,344416,14.0966,3289.05,421845,14.0966,3723.93,513667,14.0966,4216.13,621231,14.0966,4773.18,745478,14.0966,5403.64,886744,14.0966,6117.15,1.04457e+06,14.0966,6924.63,1.2176e+06,14.0966,11.7194,11.96,12.6541,13.9321,16.1295,13.6434,16.6097,21.9702,13.9553,19.7532,29.5285,14.0526,23.3844,39.1143,14.0829,27.5423,51.2054,14.0923,32.2796,66.434,14.0953,37.662,85.6061,14.0962,43.7675,109.74,14.0965,50.687,140.119,14.0966,58.5249,178.359,14.0966,67.4005,226.493,14.0966,77.4493,287.08,14.0966,88.8254,363.343,14.0966,101.703,459.336,14.0966,116.281,580.161,14.0966,132.782,732.241,14.0966,151.46,923.655,14.0966,172.603,1164.57,14.0966,196.535,1467.79,14.0966,223.625,1849.39,14.0966,254.288,2329.62,14.0966,288.997,2933.93,14.0966,328.285,3694.33,14.0966,372.755,4651.04,14.0966,423.092,5854.57,14.0966,480.07,7368.38,14.0966,544.564,9272.08,14.0966,617.566,11665.5,14.0966,700.197,14673.6,14.0966,793.729,18452.9,14.0966,899.599,23198.6,14.0966,1019.43,29154.1,14.0966,1155.07,36622.3,14.0966,1308.6,45977.9,14.0966,1482.39,57683.7,14.0966,1679.09,72307.8,14.0966,1901.73,90542.8,14.0966,2153.73,113226,14.0966,2438.97,141360,14.0966,2761.81,176127,14.0966,3127.22,218898,14.0966,3540.81,271226,14.0966,4008.92,334817,14.0966,4538.74,411470,14.0966,5138.38,502973,14.0966,5817.04,610948,14.0966,6585.12,736653,14.0966,7454.39,880741,14.0966,8438.15,1.04302e+06,14.0966,9551.45,1.22224e+06,14.0966,10811.3,1.41602e+06,14.0966,12237,1.62086e+06,14.0966,11.7194,11.96,12.6541,2.21263,4.16949,0.989383,2.67766,5.84076,0.311842,3.14343,7.55825,0.0972771,3.63127,9.58578,0.0303237,4.15787,12.0912,0.00945211,4.73731,15.2286,0.00294633,5.38238,19.1721,0.000918508,6.10553,24.134,0.000286163,6.91951,30.3791,8.92692e-05,7.83792,38.2397,2.78121e-05,8.87555,48.1338,8.65134e-06,10.0489,60.5876,2.7882e-06,11.3761,76.2629,8.29036e-07,12.8779,95.9927,2.4373e-07,14.5775,120.825,4.33068e-09,16.5012,152.08,1.75749e-07,18.6784,191.415,-1.86328e-07,21.1428,240.917,1.91829e-07,23.9322,303.213,-1.81475e-07,27.0895,381.602,7.0186e-08,30.6634,480.231,-2.86769e-08,34.7087,604.316,2.40784e-07,39.2876,760.401,9.87368e-08,44.4705,956.705,1.22263e-07,50.3371,1203.54,-4.31966e-07,56.9776,1513.81,-1.9705e-07,64.494,1903.69,-2.763e-08,73.0018,2393.4,3.9185e-07,82.6317,3008.13,1.35379e-07,93.5318,3779.25,-4.16351e-08,105.869,4745.7,2.06965e-08,119.834,5955.6,-3.18887e-07,135.641,7468.12,-1.48271e-08,153.531,9355.62,2.00739e-07,173.781,11705.8,2.28358e-07,196.701,14624.1,-1.93587e-08,222.642,18235,-2.88101e-07,252.003,22683.4,-2.24732e-07,285.234,28134,8.56806e-09,322.845,34767,2.34258e-07,365.413,42770.9,2.99668e-07,413.588,52327.9,8.28644e-08,468.111,63591.2,-3.07049e-07,529.814,76653.2,-3.1888e-07,599.642,91502.5,-6.72276e-08,678.662,107975,2.26339e-07,768.083,125705,3.69212e-07,869.267,144088,2.04077e-07,983.76,162277,-2.80509e-07,1113.3,179223,-4.22737e-07,1259.87,193777,-1.71951e-07,1425.68,204839,4.55555e-07,11.7194,11.96,12.6541,2.21263,4.16949,0.989383,2.67766,5.84076,0.311842,3.14343,7.55825,0.0972771,3.63127,9.58578,0.0303237,4.15787,12.0912,0.00945211,4.73731,15.2286,0.00294633,5.38238,19.1721,0.000918508,6.10553,24.134,0.000286163,6.91951,30.3791,8.92692e-05,7.83792,38.2397,2.78121e-05,8.87555,48.1338,8.65134e-06,10.0489,60.5876,2.7882e-06,11.3761,76.2629,8.29036e-07,12.8779,95.9927,2.4373e-07,14.5775,120.825,1e-08,16.5012,152.08,1.75749e-07,18.6784,191.415,1e-08,21.1428,240.917,1.91829e-07,23.9322,303.213,1e-08,27.0895,381.602,7.0186e-08,30.6634,480.231,1e-08,34.7087,604.316,2.40784e-07,39.2876,760.401,9.87368e-08,44.4705,956.705,1.22263e-07,50.3371,1203.54,1e-08,56.9776,1513.81,1e-08,64.494,1903.69,1e-08,73.0018,2393.4,3.9185e-07,82.6317,3008.13,1.35379e-07,93.5318,3779.25,1e-08,105.869,4745.7,2.06965e-08,119.834,5955.6,1e-08,135.641,7468.12,1e-08,153.531,9355.62,2.00739e-07,173.781,11705.8,2.28358e-07,196.701,14624.1,1e-08,222.642,18235,1e-08,252.003,22683.4,1e-08,285.234,28134,1e-08,322.845,34767,2.34258e-07,365.413,42770.9,2.99668e-07,413.588,52327.9,8.28644e-08,468.111,63591.2,1e-08,529.814,76653.2,1e-08,599.642,91502.5,1e-08,678.662,107975,2.26339e-07,768.083,125705,3.69212e-07,869.267,144088,2.04077e-07,983.76,162277,1e-08,1113.3,179223,1e-08,1259.87,193777,1e-08,1425.68,204839,4.55555e-07,6.2823,3.27286,2.43537,0.219672,6.18826,2.24117,0.56371,6.87772,2.63624,0.308279,11,19,21,2,5,2,2,2,0,2,1,0,11,4,0,3,10,0,5,7,0,7,18,0,4,16,0,10,37,0,12,11,0,6,54,0,4,69,0,12,38,0,16,74,0,10,126,0,10,282,0,19,278,0,8,467,0,36,412,0,37,371,0,44,566,0,28,1159,0,38,715,0,36,1450,0,58,1142,0,48,900,0,27,1306,0,81,1286,0,88,2840,0,92,3743,0,90,3897,0,174,5276,0,136,3618,0,201,7893,0,309,13079,0,183,21849,0,197,23115,0,412,21142,0,318,26435,0,190,37231,0,341,67747,0,597,84758,0,324,74819,0,384,75278,0,964,43477,0,892,152166,0,1209,69014,0,1133,100406,0,748,100790,0,476,201744,0,1623,212821,0,1453,243141,0
-1.05176e+08,1,8.88811e-15,10,1023,0,1.05176e+08,0.528882,1.08665,0.389689,0.145397,0.379329,3.24381,0.161596,0.446195,1.77396,0.159177,1.15e+07,4.49998e+06,6.79999e+06,1.15e+07,4.49997e+06,6.79999e+06,1.15e+07,4.49996e+06,6.79999e+06,1.15e+07,4.49995e+06,6.79999e+06,1.14999e+07,4.49993e+06,6.79999e+06,1.14999e+07,4.49991e+06,6.79999e+06,1.14999e+07,4.49989e+06,6.79999e+06,1.14999e+07,4.49986e+06,6.79999e+06,1.14999e+07,4.49982e+06,6.79999e+06,1.14999e+07,4.49977e+06,6.79999e+06,1.14999e+07,4.49971e+06,6.79999e+06,1.14999e+07,4.49963e+06,6.79999e+06,1.14998e+07,4.49953e+06,6.79999e+06,1.14998e+07,4.49941e+06,6.79999e+06,1.14998e+07,4.49926e+06,6.79999e+06,1.14998e+07,4.49906e+06,6.79999e+06,1.14997e+07,4.49882e+06,6.79999e+06,1.14997e+07,4.49851e+06,6.79999e+06,1.14997e+07,4.49812e+06,6.79999e+06,1.14996e+07,4.49764e+06,6.79999e+06,1.14996e+07,4.49702e+06,6.79999e+06,1.14995e+07,4.49625e+06,6.79999e+06,1.14995e+07,4.49528e+06,6.79999e+06,1.14994e+07,4.49406e+06,6.79999e+06,1.14993e+07,4.49253e+06,6.79999e+06,1.14992e+07,4.49059e+06,6.79999e+06,1.14991e+07,4.48817e+06,6.79999e+06,1.1499e+07,4.48511e+06,6.79999e+06,1.14988e+07,4.48128e+06,6.79999e+06,1.14987e+07,4.47646e+06,6.79999e+06,1.14985e+07,4.47041e+06,6.79999e+06,1.14983e+07,4.46281e+06,6.79999e+06,1.14981e+07,4.4533e+06,6.79999e+06,1.14979e+07,4.44138e+06,6.79999e+06,1.14976e+07,4.42649e+06,6.79999e+06,1.14972e+07,4.40789e+06,6.79999e+06,1.14969e+07,4.38471e+06,6.79999e+06,1.14965e+07,4.35592e+06,6.79999e+06,1.1496e+07,4.32027e+06,6.79999e+06,1.14955e+07,4.27629e+06,6.79999e+06,1.14949e+07,4.22231e+06,6.79999e+06,1.14942e+07,4.15647e+06,6.79999e+06,1.14934e+07,4.07676e+06,6.79999e+06,1.14926e+07,3.98112e+06,6.79999e+06,1.14916e+07,3.86765e+06,6.79999e+06,1.14905e+07,3.73474e+06,6.79999e+06,1.14892e+07,3.58148e+06,6.79999e+06,1.14878e+07,3.40785e+06,6.79999e+06,1.14862e+07,3.21513e+06,6.79999e+06,1.14844e+07,3.00605e+06,6.79999e+06,1.14823e+07,2.7848e+06,6.79999e+06,1.148e+07,2.5568e+06,6.79999e+06,1.14773e+07,2.32825e+06,6.79999e+06,13.5742,8.52444,0.508366,16.8306,13.2585,0.162638,20.0035,17.569,0.0507846,23.2616,22.4214,0.0158319,26.7328,28.3297,0.00493498,30.5212,35.6974,0.00153831,34.7178,44.9473,0.000479527,39.4086,56.5822,0.000149456,44.6796,71.2245,4.66214e-05,50.6209,89.6543,1.45419e-05,57.3297,112.852,4.54748e-06,64.9129,142.051,1.43857e-06,73.4897,178.803,4.36618e-07,83.1934,225.062,1.40153e-07,94.1745,283.286,4.96378e-08,106.602,356.568,1.05434e-07,120.669,448.799,-6.49244e-08,136.59,564.873,1.70148e-07,154.611,710.948,-5.34594e-08,175.008,894.767,1.63407e-07,198.097,1126.06,8.04804e-08,224.231,1417.07,1.14667e-07,253.813,1783.15,-1.71227e-07,287.297,2243.62,-2.88466e-07,325.198,2822.67,-4.33651e-07,368.098,3550.67,7.9318e-08,416.657,4465.65,3.13319e-07,471.621,5615.16,3.4613e-07,533.835,7058.61,-1.19199e-07,604.255,8870.02,-2.79964e-07,683.962,11141.4,-2.30521e-07,774.182,13986.7,-2.55099e-07,876.299,17546.4,1.23585e-07,991.883,21993.1,1.41192e-07,1122.71,27536.7,-9.71886e-08,1270.78,34430.7,-3.68368e-07,1438.38,42977.7,-3.45379e-07,1628.07,53532.7,-3.25328e-09,1842.77,66504.6,2.6362e-07,2085.77,82350.2,2.53445e-07,2360.79,101560,-2.47407e-08,2672.05,124632,-3.80602e-07,3024.31,152018,-4.79005e-07,3422.98,184060,-1.14379e-07,3874.15,220884,2.64297e-07,4384.72,262283,3.44131e-07,4962.49,307576,7.5349e-08,5616.29,355497,-3.63097e-07,6356.1,404126,-6.05442e-07,7193.18,450932,-2.72333e-07,8140.28,492963,2.29675e-07,9211.79,527178,4.3387e-07,10424,550893,-1.0711e-07,10.102,8.06553,2.81012,10.6436,8.57909,0.869423,11.5336,10.2515,0.270869,12.7211,12.7138,0.0844293,14.1823,15.9373,0.0263173,15.9122,20.0383,0.0082035,17.9198,25.2154,0.00255722,20.2244,31.7373,0.000797017,22.8539,39.9486,0.000248622,25.8438,50.2851,7.75492e-05,29.237,63.2963,2.42508e-05,33.0837,79.6738,7.67162e-06,37.4415,100.288,2.32837e-06,42.3767,126.236,7.33e-07,47.9646,158.896,2.79256e-07,54.2906,200.003,9.87351e-09,61.452,251.741,1.61085e-07,69.5585,316.859,-2.47141e-07,78.7347,398.812,8.93552e-08,89.1218,501.948,-2.53231e-07,100.879,631.736,-1.25047e-07,114.188,795.049,-1.78808e-07,129.252,1000.53,2.6733e-07,146.304,1259.03,4.50292e-07,165.605,1584.19,6.76904e-07,187.452,1993.12,-1.23808e-07,212.181,2507.27,-4.89068e-07,240.173,3153.54,-5.40284e-07,271.856,3965.56,1.86061e-07,307.719,4985.38,4.37004e-07,348.313,6265.4,3.59828e-07,394.26,7870.83,3.98192e-07,446.268,9882.51,-1.92908e-07,505.135,12400.3,-2.20392e-07,571.766,15546.9,1.51705e-07,647.184,19472.2,5.74996e-07,732.547,24357.4,5.39112e-07,829.167,30420,5.07815e-09,938.526,37916.3,-4.11492e-07,1062.3,47143.9,-3.9561e-07,1202.4,58439.2,3.86185e-08,1360.96,72169.3,5.94093e-07,1540.42,88715.8,7.47693e-07,1743.53,108445,1.78537e-07,1973.41,131665,-4.12549e-07,2233.57,158557,-5.37164e-07,2528,189103,-1.17615e-07,2861.2,222986,5.66769e-07,3238.27,259510,9.45053e-07,3664.97,297540,4.25093e-07,4147.81,335497,-3.58506e-07,4694.17,371444,-6.7724e-07,5312.37,403256,1.67192e-07,1.61744,3.89446,9.84394,3.28846,7.5504,12.774,5.07607,11.7187,13.6844,7.03202,16.8147,13.9681,9.20215,23.1769,14.0566,11.6301,31.1672,14.0841,14.3598,41.2186,14.0927,17.4376,53.8688,14.0954,20.9137,69.7915,14.0962,24.8432,89.8341,14.0965,29.2879,115.063,14.0966,34.3168,146.819,14.0966,40.0078,186.792,14.0966,46.4487,237.107,14.0966,53.7388,300.44,14.0966,61.9903,380.158,14.0966,71.3301,480.499,14.0966,81.902,606.796,14.0966,93.8685,765.761,14.0966,107.414,965.837,14.0966,122.746,1217.65,14.0966,140.101,1534.57,14.0966,159.745,1933.41,14.0966,181.981,2435.3,14.0966,207.15,3066.85,14.0966,235.64,3861.46,14.0966,267.889,4861.11,14.0966,304.391,6118.54,14.0966,345.709,7699.91,14.0966,392.478,9688.22,14.0966,445.417,12187.5,14.0966,505.339,15327.7,14.0966,573.165,19271.6,14.0966,649.938,24222,14.0966,736.839,30430.9,14.0966,835.202,38211.5,14.0966,946.539,47950.3,14.0966,1072.56,60122.8,14.0966,1215.21,75309.9,14.0966,1376.66,94216.2,14.0966,1559.41,117688,14.0966,1766.26,146729,14.0966,2000.39,182510,14.0966,2265.39,226372,14.0966,2565.33,279806,14.0966,2904.81,344416,14.0966,3289.05,421845,14.0966,3723.93,513667,14.0966,4216.13,621231,14.0966,4773.18,745478,14.0966,5403.64,886744,14.0966,6117.15,1.04457e+06,14.0966,6924.63,1.2176e+06,14.0966,11.7194,11.96,12.6541,13.9321,16.1295,13.6434,16.6097,21.9702,13.9553,19.7532,29.5285,14.0526,23.3844,39.1143,14.0829,27.5423,51.2054,14.0923,32.2796,66.434,14.0953,37.662,85.6061,14.0962,43.7675,109.74,14.0965,50.687,140.119,14.0966,58.5249,178.359,14.0966,67.4005,226.493,14.0966,77.4493,287.08,14.0966,88.8254,363.343,14.0966,101.703,459.336,14.0966,116.281,580.161,14.0966,132.782,732.241,14.0966,151.46,923.655,14.0966,172.603,1164.57,14.0966,196.535,1467.79,14.0966,223.625,1849.39,14.0966,254.288,2329.62,14.0966,288.997,2933.93,14.0966,328.285,3694.33,14.0966,372.755,4651.04,14.0966,423.092,5854.57,14.0966,480.07,7368.38,14.0966,544.564,9272.08,14.0966,617.566,11665.5,14.0966,700.197,14673.6,14.0966,793.729,18452.9,14.0966,899.599,23198.6,14.0966,1019.43,29154.1,14.0966,1155.07,36622.3,14.0966,1308.6,45977.9,14.0966,1482.39,57683.7,14.0966,1679.09,72307.8,14.0966,1901.73,90542.8,14.0966,2153.73,113226,14.0966,2438.97,141360,14.0966,2761.81,176127,14.0966,3127.22,218898,14.0966,3540.81,271226,14.0966,4008.92,334817,14.0966,4538.74,411470,14.0966,5138.38,502973,14.0966,5817.04,610948,14.0966,6585.12,736653,14.0966,7454.39,880741,14.0966,8438.15,1.04302e+06,14.0966,9551.45,1.22224e+06,14.0966,10811.3,1.41602e+06,14.0966,12237,1.62086e+06,14.0966,11.7194,11.96,12.6541,2.21263,4.16949,0.989383,2.67766,5.84076,0.311842,3.14343,7.55825,0.0972771,3.63127,9.58578,0.0303237,4.15787,12.0912,0.00945211,4.73731,15.2286,0.00294633,5.38238,19.1721,0.000918508,6.10553,24.134,0.000286163,6.91951,30.3791,8.92692e-05,7.83792,38.2397,2.78121e-05,8.87555,48.1338,8.65134e-06,10.0489,60.5876,2.7882e-06,11.3761,76.2629,8.29036e-07,12.8779,95.9927,2.4373e-07,14.5775,120.825,4.33068e-09,16.5012,152.08,1.75749e-07,18.6784,191.415,-1.86328e-07,21.1428,240.917,1.91829e-07,23.9322,303.213,-1.81475e-07,27.0895,381.602,7.0186e-08,30.6634,480.231,-2.86769e-08,34.7087,604.316,2.40784e-07,39.2876,760.401,9.87368e-08,44.4705,956.705,1.22263e-07,50.3371,1203.54,-4.31966e-07,56.9776,1513.81,-1.9705e-07,64.494,1903.69,-2.763e-08,73.0018,2393.4,3.9185e-07,82.6317,3008.13,1.35379e-07,93.5318,3779.25,-4.16351e-08,105.869,4745.7,2.06965e-08,119.834,5955.6,-3.18887e-07,135.641,7468.12,-1.48271e-08,153.531,9355.62,2.00739e-07,173.781,11705.8,2.28358e-07,196.701,14624.1,-1.93587e-08,222.642,18235,-2.88101e-07,252.003,22683.4,-2.24732e-07,285.234,28134,8.56806e-09,322.845,34767,2.34258e-07,365.413,42770.9,2.99668e-07,413.588,52327.9,8.28644e-08,468.111,63591.2,-3.07049e-07,529.814,76653.2,-3.1888e-07,599.642,91502.5,-6.72276e-08,678.662,107975,2.26339e-07,768.083,125705,3.69212e-07,869.267,144088,2.04077e-07,983.76,162277,-2.80509e-07,1113.3,179223,-4.22737e-07,1259.87,193777,-1.71951e-07,1425.68,204839,4.55555e-07,11.7194,11.96,12.6541,2.21263,4.16949,0.989383,2.67766,5.84076,0.311842,3.14343,7.55825,0.0972771,3.63127,9.58578,0.0303237,4.15787,12.0912,0.00945211,4.73731,15.2286,0.00294633,5.38238,19.1721,0.000918508,6.10553,24.134,0.000286163,6.91951,30.3791,8.92692e-05,7.83792,38.2397,2.78121e-05,8.87555,48.1338,8.65134e-06,10.0489,60.5876,2.7882e-06,11.3761,76.2629,8.29036e-07,12.8779,95.9927,2.4373e-07,14.5775,120.825,1e-08,16.5012,152.08,1.75749e-07,18.6784,191.415,1e-08,21.1428,240.917,1.91829e-07,23.9322,303.213,1e-08,27.0895,381.602,7.0186e-08,30.6634,480.231,1e-08,34.7087,604.316,2.40784e-07,39.2876,760.401,9.87368e-08,44.4705,956.705,1.22263e-07,50.3371,1203.54,1e-08,56.9776,1513.81,1e-08,64.494,1903.69,1e-08,73.0018,2393.4,3.9185e-07,82.6317,3008.13,1.35379e-07,93.5318,3779.25,1e-08,105.869,4745.7,2.06965e-08,119.834,5955.6,1e-08,135.641,7468.12,1e-08,153.531,9355.62,2.00739e-07,173.781,11705.8,2.28358e-07,196.701,14624.1,1e-08,222.642,18235,1e-08,252.003,22683.4,1e-08,285.234,28134,1e-08,322.845,34767,2.34258e-07,365.413,42770.9,2.99668e-07,413.588,52327.9,8.28644e-08,468.111,63591.2,1e-08,529.814,76653.2,1e-08,599.642,91502.5,1e-08,678.662,107975,2.26339e-07,768.083,125705,3.69212e-07,869.267,144088,2.04077e-07,983.76,162277,1e-08,1113.3,179223,1e-08,1259.87,193777,1e-08,1425.68,204839,4.55555e-07,6.2823,3.27286,2.43537,0.219672,6.18826,2.24117,0.56371,6.87772,2.63624,0.308279,5,15,17,3,3,0,1,10,0,4,6,0,5,9,1,2,6,0,3,15,0,6,24,0,6,12,0,7,17,0,7,28,0,6,45,0,16,18,0,6,36,0,10,39,0,11,116,0,25,188,0,26,120,0,18,114,0,23,407,0,47,671,0,52,278,0,25,388,0,30,1067,0,33,607,0,39,1863,0,61,874,0,57,2679,0,65,2109,0,98,3820,0,91,4835,0,100,4995,0,177,3889,0,58,10286,0,124,13401,0,179,18709,0,135,13775,0,236,39404,0,80,9366,0,150,26392,0,104,13292,0,172,39273,0,406,94109,0,266,22476,0,506,59147,0,860,98810,0,569,70541,0,658,82487,0,1497,179019,0,924,99822,0,1258,236913,0,1291,260069,0,1752,231669,0
-1.05176e+08,1,8.88811e-15,10,1023,0,1.05176e+08,0.528882,1.08665,0.389689,0.145397,0.379329,3.24381,0.161596,0.446195,1.77396,0.159177,1.15e+07,4.49998e+06,6.79999e+06,1.15e+07,4.49997e+06,6.79999e+06,1.15e+07,4.49996e+06,6.79999e+06,1.15e+07,4.49995e+06,6.79999e+06,1.14999e+07,4.49993e+06,6.79999e+06,1.14999e+07,4.49991e+06,6.79999e+06,1.14999e+07,4.49989e+06,6.79999e+06,1.14999e+07,4.49986e+06,6.79999e+06,1.14999e+07,4.49982e+06,6.79999e+06,1.14999e+07,4.49977e+06,6.79999e+06,1.14999e+07,4.49971e+06,6.79999e+06,1.14999e+07,4.49963e+06,6.79999e+06,1.14998e+07,4.49953e+06,6.79999e+06,1.14998e+07,4.49941e+06,6.79999e+06,1.14998e+07,4.49926e+06,6.79999e+06,1.14998e+07,4.49906e+06,6.79999e+06,1.14997e+07,4.49882e+06,6.79999e+06,1.14997e+07,4.49851e+06,6.79999e+06,1.14997e+07,4.49812e+06,6.79999e+06,1.14996e+07,4.49764e+06,6.79999e+06,1.14996e+07,4.49702e+06,6.79999e+06,1.14995e+07,4.49625e+06,6.79999e+06,1.14995e+07,4.49528e+06,6.79999e+06,1.14994e+07,4.49406e+06,6.79999e+06,1.14993e+07,4.49253e+06,6.79999e+06,1.14992e+07,4.49059e+06,6.79999e+06,1.14991e+07,4.48817e+06,6.79999e+06,1.1499e+07,4.48511e+06,6.79999e+06,1.14988e+07,4.48128e+06,6.79999e+06,1.14987e+07,4.47646e+06,6.79999e+06,1.14985e+07,4.47041e+06,6.79999e+06,1.14983e+07,4.46281e+06,6.79999e+06,1.14981e+07,4.4533e+06,6.79999e+06,1.14979e+07,4.44138e+06,6.79999e+06,1.14976e+07,4.42649e+06,6.79999e+06,1.14972e+07,4.40789e+06,6.79999e+06,1.14969e+07,4.38471e+06,6.79999e+06,1.14965e+07,4.35592e+06,6.79999e+06,1.1496e+07,4.32027e+06,6.79999e+06,1.14955e+07,4.27629e+06,6.79999e+06,1.14949e+07,4.22231e+06,6.79999e+06,1.14942e+07,4.15647e+06,6.79999e+06,1.14934e+07,4.07676e+06,6.79999e+06,1.14926e+07,3.98112e+06,6.79999e+06,1.14916e+07,3.86765e+06,6.79999e+06,1.14905e+07,3.73474e+06,6.79999e+06,1.14892e+07,3.58148e+06,6.79999e+06,1.14878e+07,3.40785e+06,6.79999e+06,1.14862e+07,3.21513e+06,6.79999e+06,1.14844e+07,3.00605e+06,6.79999e+06,1.14823e+07,2.7848e+06,6.79999e+06,1.148e+07,2.5568e+06,6.79999e+06,1.14773e+07,2.32825e+06,6.79999e+06,13.5742,8.52444,0.508366,16.8306,13.2585,0.162638,20.0035,17.569,0.0507846,23.2616,22.4214,0.0158319,26.7328,28.3297,0.00493498,30.5212,35.6974,0.00153831,34.7178,44.9473,0.000479527,39.4086,56.5822,0.000149456,44.6796,71.2245,4.66214e-05,50.6209,89.6543,1.45419e-05,57.3297,112.852,4.54748e-06,64.9129,142.051,1.43857e-06,73.4897,178.803,4.36618e-07,83.1934,225.062,1.40153e-07,94.1745,283.286,4.96378e-08,106.602,356.568,1.05434e-07,120.669,448.799,-6.49244e-08,136.59,564.873,1.70148e-07,154.611,710.948,-5.34594e-08,175.008,894.767,1.63407e-07,198.097,1126.06,8.04804e-08,224.231,1417.07,1.14667e-07,253.813,1783.15,-1.71227e-07,287.297,2243.62,-2.88466e-07,325.198,2822.67,-4.33651e-07,368.098,3550.67,7.9318e-08,416.657,4465.65,3.13319e-07,471.621,5615.16,3.4613e-07,533.835,7058.61,-1.19199e-07,604.255,8870.02,-2.79964e-07,683.962,11141.4,-2.30521e-07,774.182,13986.7,-2.55099e-07,876.299,17546.4,1.23585e-07,991.883,21993.1,1.41192e-07,1122.71,27536.7,-9.71886e-08,1270.78,34430.7,-3.68368e-07,1438.38,42977.7,-3.45379e-07,1628.07,53532.7,-3.25328e-09,1842.77,66504.6,2.6362e-07,2085.77,82350.2,2.53445e-07,2360.79,101560,-2.47407e-08,2672.05,124632,-3.80602e-07,3024.31,152018,-4.79005e-07,3422.98,184060,-1.14379e-07,3874.15,220884,2.64297e-07,4384.72,262283,3.44131e-07,4962.49,307576,7.5349e-08,5616.29,355497,-3.63097e-07,6356.1,404126,-6.05442e-07,7193.18,450932,-2.72333e-07,8140.28,492963,2.29675e-07,9211.79,527178,4.3387e-07,10424,550893,-1.0711e-07,10.102,8.06553,2.81012,10.6436,8.57909,0.869423,11.5336,10.2515,0.270869,12.7211,12.7138,0.0844293,14.1823,15.9373,0.0263173,15.9122,20.0383,0.0082035,17.9198,25.2154,0.00255722,20.2244,31.7373,0.000797017,22.8539,39.9486,0.000248622,25.8438,50.2851,7.75492e-05,29.237,63.2963,2.42508e-05,33.0837,79.6738,7.67162e-06,37.4415,100.288,2.32837e-06,42.3767,126.236,7.33e-07,47.9646,158.896,2.79256e-07,54.2906,200.003,9.87351e-09,61.452,251.741,1.61085e-07,69.5585,316.859,-2.47141e-07,78.7347,398.812,8.93552e-08,89.1218,501.948,-2.53231e-07,100.879,631.736,-1.25047e-07,114.188,795.049,-1.78808e-07,129.252,1000.53,2.6733e-07,146.304,1259.03,4.50292e-07,165.605,1584.19,6.76904e-07,187.452,1993.12,-1.23808e-07,212.181,2507.27,-4.89068e-07,240.173,3153.54,-5.40284e-07,271.856,3965.56,1.86061e-07,307.719,4985.38,4.37004e-07,348.313,6265.4,3.59828e-07,394.26,7870.83,3.98192e-07,446.268,9882.51,-1.92908e-07,505.135,12400.3,-2.20392e-07,571.766,15546.9,1.51705e-07,647.184,19472.2,5.74996e-07,732.547,24357.4,5.39112e-07,829.167,30420,5.07815e-09,938.526,37916.3,-4.11492e-07,1062.3,47143.9,-3.9561e-07,1202.4,58439.2,3.86185e-08,1360.96,72169.3,5.94093e-07,1540.42,88715.8,7.47693e-07,1743.53,108445,1.78537e-07,1973.41,131665,-4.12549e-07,2233.57,158557,-5.37164e-07,2528,189103,-1.17615e-07,2861.2,222986,5.66769e-07,3238.27,259510,9.45053e-07,3664.97,297540,4.25093e-07,4147.81,335497,-3.58506e-07,4694.17,371444,-6.7724e-07,5312.37,403256,1.67192e-07,1.61744,3.89446,9.84394,3.28846,7.5504,12.774,5.07607,11.7187,13.6844,7.03202,16.8147,13.9681,9.20215,23.1769,14.0566,11.6301,31.1672,14.0841,14.3598,41.2186,14.0927,17.4376,53.8688,14.0954,20.9137,69.7915,14.0962,24.8432,89.8341,14.0965,29.2879,115.063,14.0966,34.3168,146.819,14.0966,40.0078,186.792,14.0966,46.4487,237.107,14.0966,53.7388,300.44,14.0966,61.9903,380.158,14.0966,71.3301,480.499,14.0966,81.902,606.796,14.0966,93.8685,765.761,14.0966,107.414,965.837,14.0966,122.746,1217.65,14.0966,140.101,1534.57,14.0966,159.745,1933.41,14.0966,181.981,2435.3,14.0966,207.15,3066.85,14.0966,235.64,3861.46,14.0966,267.889,4861.11,14.0966,304.391,6118.54,14.0966,345.709,7699.91,14.0966,392.478,9688.22,14.0966,445.417,12187.5,14.0966,505.339,15327.7,14.0966,573.165,19271.6,14.0966,649.938,24222,14.0966,736.839,30430.9,14.0966,835.202,38211.5,14.0966,946.539,47950.3,14.0966,1072.56,60122.8,14.0966,1215.21,75309.9,14.0966,1376.66,94216.2,14.0966,1559.41,117688,14.0966,1766.26,146729,14.0966,2000.39,182510,14.0966,2265.39,226372,14.0966,2565.33,279806,14.0966,2904.81,344416,14.0966,3289.05,421845,14.0966,3723.93,513667,14.0966,4216.13,621231,14.0966,4773.18,745478,14.0966,5403.64,886744,14.0966,6117.15,1.04457e+06,14.0966,6924.63,1.2176e+06,14.0966,11.7194,11.96,12.6541,13.9321,16.1295,13.6434,16.6097,21.9702,13.9553,19.7532,29.5285,14.0526,23.3844,39.1143,14.0829,27.5423,51.2054,14.0923,32.2796,66.434,14.0953,37.662,85.6061,14.0962,43.7675,109.74,14.0965,50.687,140.119,14.0966,58.5249,178.359,14.0966,67.4005,226.493,14.0966,77.4493,287.08,14.0966,88.8254,363.343,14.0966,101.703,459.336,14.0966,116.281,580.161,14.0966,132.782,732.241,14.0966,151.46,923.655,14.0966,172.603,1164.57,14.0966,196.535,1467.79,14.0966,223.625,1849.39,14.0966,254.288,2329.62,14.0966,288.997,2933.93,14.0966,328.285,3694.33,14.0966,372.755,4651.04,14.0966,423.092,5854.57,14.0966,480.07,7368.38,14.0966,544.564,9272.08,14.0966,617.566,11665.5,14.0966,700.197,14673.6,14.0966,793.729,18452.9,14.0966,899.599,23198.6,14.0966,1019.43,29154.1,14.0966,1155.07,36622.3,14.0966,1308.6,45977.9,14.0966,1482.39,57683.7,14.0966,1679.09,72307.8,14.0966,1901.73,90542.8,14.0966,2153.73,113226,14.0966,2438.97,141360,14.0966,2761.81,176127,14.0966,3127.22,218898,14.0966,3540.81,271226,14.0966,4008.92,334817,14.0966,4538.74,411470,14.0966,5138.38,502973,14.0966,5817.04,610948,14.0966,6585.12,736653,14.0966,7454.39,880741,14.0966,8438.15,1.04302e+06,14.0966,9551.45,1.22224e+06,14.0966,10811.3,1.41602e+06,14.0966,12237,1.62086e+06,14.0966,11.7194,11.96,12.6541,2.21263,4.16949,0.989383,2.67766,5.84076,0.311842,3.14343,7.55825,0.0972771,3.63127,9.58578,0.0303237,4.15787,12.0912,0.00945211,4.73731,15.2286,0.00294633,5.38238,19.1721,0.000918508,6.10553,24.134,0.000286163,6.91951,30.3791,8.92692e-05,7.83792,38.2397,2.78121e-05,8.87555,48.1338,8.65134e-06,10.0489,60.5876,2.7882e-06,11.3761,76.2629,8.29036e-07,12.8779,95.9927,2.4373e-07,14.5775,120.825,4.33068e-09,16.5012,152.08,1.75749e-07,18.6784,191.415,-1.86328e-07,21.1428,240.917,1.91829e-07,23.9322,303.213,-1.81475e-07,27.0895,381.602,7.0186e-08,30.6634,480.231,-2.86769e-08,34.7087,604.316,2.40784e-07,39.2876,760.401,9.87368e-08,44.4705,956.705,1.22263e-07,50.3371,1203.54,-4.31966e-07,56.9776,1513.81,-1.9705e-07,64.494,1903.69,-2.763e-08,73.0018,2393.4,3.9185e-07,82.6317,3008.13,1.35379e-07,93.5318,3779.25,-4.16351e-08,105.869,4745.7,2.06965e-08,119.834,5955.6,-3.18887e-07,135.641,7468.12,-1.48271e-08,153.531,9355.62,2.00739e-07,173.781,11705.8,2.28358e-07,196.701,14624.1,-1.93587e-08,222.642,18235,-2.88101e-07,252.003,22683.4,-2.24732e-07,285.234,28134,8.56806e-09,322.845,34767,2.34258e-07,365.413,42770.9,2.99668e-07,413.588,52327.9,8.28644e-08,468.111,63591.2,-3.07049e-07,529.814,76653.2,-3.1888e-07,599.642,91502.5,-6.72276e-08,678.662,107975,2.26339e-07,768.083,125705,3.69212e-07,869.267,144088,2.04077e-07,983.76,162277,-2.80509e-07,1113.3,179223,-4.22737e-07,1259.87,193777,-1.71951e-07,1425.68,204839,4.55555e-07,11.7194,11.96,12.6541,2.21263,4.16949,0.989383,2.67766,5.84076,0.311842,3.14343,7.55825,0.0972771,3.63127,9.58578,0.0303237,4.15787,12.0912,0.00945211,4.73731,15.2286,0.00294633,5.38238,19.1721,0.000918508,6.10553,24.134,0.000286163,6.91951,30.3791,8.92692e-05,7.83792,38.2397,2.78121e-05,8.87555,48.1338,8.65134e-06,10.0489,60.5876,2.7882e-06,11.3761,76.2629,8.29036e-07,12.8779,95.9927,2.4373e-07,14.5775,120.825,1e-08,16.5012,152.08,1.75749e-07,18.6784,191.415,1e-08,21.1428,240.917,1.91829e-07,23.9322,303.213,1e-08,27.0895,381.602,7.0186e-08,30.6634,480.231,1e-08,34.7087,604.316,2.40784e-07,39.2876,760.401,9.87368e-08,44.4705,956.705,1.22263e-07,50.3371,1203.54,1e-08,56.9776,1513.81,1e-08,64.494,1903.69,1e-08,73.0018,2393.4,3.9185e-07,82.6317,3008.13,1.35379e-07,93.5318,3779.25,1e-08,105.869,4745.7,2.06965e-08,119.834,5955.6,1e-08,135.641,7468.12,1e-08,153.531,9355.62,2.00739e-07,173.781,11705.8,2.28358e-07,196.701,14624.1,1e-08,222.642,18235,1e-08,252.003,22683.4,1e-08,285.234,28134,1e-08,322.845,34767,2.34258e-07,365.413,42770.9,2.99668e-07,413.588,52327.9,8.28644e-08,468.111,63591.2,1e-08,529.814,76653.2,1e-08,599.642,91502.5,1e-08,678.662,107975,2.26339e-07,768.083,125705,3.69212e-07,869.267,144088,2.04077e-07,983.76,162277,1e-08,1113.3,179223,1e-08,1259.87,193777,1e-08,1425.68,204839,4.55555e-07,6.2823,3.27286,2.43537,0.219672,6.18826,2.24117,0.56371,6.87772,2.63624,0.308279,17,19,6,5,1,2,5,8,0,7,5,0,5,9,0,10,5,0,9,10,0,3,14,0,10,10,0,8,32,0,6,25,0,6,29,0,8,29,0,6,99,0,13,122,0,25,149,0,14,125,0,12,336,0,16,243,0,24,152,0,23,264,0,30,665,0,29,694,0,64,498,0,31,2004,0,15,2258,0,81,1570,0,26,2664,0,90,3026,0,53,2195,0,85,1808,0,68,2119,0,79,6369,0,183,2743,0,111,8153,0,38,10213,0,138,11080,0,119,13061,0,124,22163,0,259,35487,0,128,27572,0,511,31087,0,251,100226,0,553,56070,0,558,117604,0,848,68385,0,700,69429,0,627,148368,0,1088,120534,0,518,168723,0,1410,170690,0,2214,224643,0,1502,285706,0
-1.05176e+08,1,8.88811e-15,10,1023,0,1.05176e+08,0.528882,1.08665,0.389689,0.145397,0.379329,3.24381,0.161596,0.446195,1.77396,0.159177,1.15e+07,4.49998e+06,6.79999e+06,1.15e+07,4.49997e+06,6.79999e+06,1.15e+07,4.49996e+06,6.79999e+06,1.15e+07,4.49995e+06,6.79999e+06,1.14999e+07,4.49993e+06,6.79999e+06,1.14999e+07,4.49991e+06,6.79999e+06,1.14999e+07,4.49989e+06,6.79999e+06,1.14999e+07,4.49986e+06,6.79999e+06,1.14999e+07,4.49982e+06,6.79999e+06,1.14999e+07,4.49977e+06,6.79999e+06,1.14999e+07,4.49971e+06,6.79999e+06,1.14999e+07,4.49963e+06,6.79999e+06,1.14998e+07,4.49953e+06,6.79999e+06,1.14998e+07,4.49941e+06,6.79999e+06,1.14998e+07,4.49926e+06,6.79999e+06,1.14998e+07,4.49906e+06,6.79999e+06,1.14997e+07,4.49882e+06,6.79999e+06,1.14997e+07,4.49851e+06,6.79999e+06,1.14997e+07,4.49812e+06,6.79999e+06,1.14996e+07,4.49764e+06,6.79999e+06,1.14996e+07,4.49702e+06,6.79999e+06,1.14995e+07,4.49625e+06,6.79999e+06,1.14995e+07,4.49528e+06,6.79999e+06,1.14994e+07,4.49406e+06,6.79999e+06,1.14993e+07,4.49253e+06,6.79999e+06,1.14992e+07,4.49059e+06,6.79999e+06,1.14991e+07,4.48817e+06,6.79999e+06,1.1499e+07,4.48511e+06,6.79999e+06,1.14988e+07,4.48128e+06,6.79999e+06,1.14987e+07,4.47646e+06,6.79999e+06,1.14985e+07,4.47041e+06,6.79999e+06,1.14983e+07,4.46281e+06,6.79999e+06,1.14981e+07,4.4533e+06,6.79999e+06,1.14979e+07,4.44138e+06,6.79999e+06,1.14976e+07,4.42649e+06,6.79999e+06,1.14972e+07,4.40789e+06,6.79999e+06,1.14969e+07,4.38471e+06,6.79999e+06,1.14965e+07,4.35592e+06,6.79999e+06,1.1496e+07,4.32027e+06,6.79999e+06,1.14955e+07,4.27629e+06,6.79999e+06,1.14949e+07,4.22231e+06,6.79999e+06,1.14942e+07,4.15647e+06,6.79999e+06,1.14934e+07,4.07676e+06,6.79999e+06,1.14926e+07,3.98112e+06,6.79999e+06,1.14916e+07,3.86765e+06,6.79999e+06,1.14905e+07,3.73474e+06,6.79999e+06,1.14892e+07,3.58148e+06,6.79999e+06,1.14878e+07,3.40785e+06,6.79999e+06,1.14862e+07,3.21513e+06,6.79999e+06,1.14844e+07,3.00605e+06,6.79999e+06,1.14823e+07,2.7848e+06,6.79999e+06,1.148e+07,2.5568e+06,6.79999e+06,1.14773e+07,2.32825e+06,6.79999e+06,13.5742,8.52444,0.508366,16.8306,13.2585,0.162638,20.0035,17.569,0.0507846,23.2616,22.4214,0.0158319,26.7328,28.3297,0.00493498,30.5212,35.6974,0.00153831,34.7178,44.9473,0.000479527,39.4086,56.5822,0.000149456,44.6796,71.2245,4.66214e-05,50.6209,89.6543,1.45419e-05,57.3297,112.852,4.54748e-06,64.9129,142.051,1.43857e-06,73.4897,178.803,4.36618e-07,83.1934,225.062,1.40153e-07,94.1745,283.286,4.96378e-08,106.602,356.568,1.05434e-07,120.669,448.799,-6.49244e-08,136.59,564.873,1.70148e-07,154.611,710.948,-5.34594e-08,175.008,894.767,1.63407e-07,198.097,1126.06,8.04804e-08,224.231,1417.07,1.14667e-07,253.813,1783.15,-1.71227e-07,287.297,2243.62,-2.88466e-07,325.198,2822.67,-4.33651e-07,368.098,3550.67,7.9318e-08,416.657,4465.65,3.13319e-07,471.621,5615.16,3.4613e-07,533.835,7058.61,-1.19199e-07,604.255,8870.02,-2.79964e-07,683.962,11141.4,-2.30521e-07,774.182,13986.7,-2.55099e-07,876.299,17546.4,1.23585e-07,991.883,21993.1,1.41192e-07,1122.71,27536.7,-9.71886e-08,1270.78,34430.7,-3.68368e-07,1438.38,42977.7,-3.45379e-07,1628.07,53532.7,-3.25328e-09,1842.77,66504.6,2.6362e-07,2085.77,82350.2,2.53445e-07,2360.79,101560,-2.47407e-08,2672.05,124632,-3.80602e-07,3024.31,152018,-4.79005e-07,3422.98,184060,-1.14379e-07,3874.15,220884,2.64297e-07,4384.72,262283,3.44131e-07,4962.49,307576,7.5349e-08,5616.29,355497,-3.63097e-07,6356.1,404126,-6.05442e-07,7193.18,450932,-2.72333e-07,8140.28,492963,2.29675e-07,9211.79,527178,4.3387e-07,10424,550893,-1.0711e-07,10.102,8.06553,2.81012,10.6436,8.57909,0.869423,11.5336,10.2515,0.270869,12.7211,12.7138,0.0844293,14.1823,15.9373,0.0263173,15.9122,20.0383,0.0082035,17.9198,25.2154,0.00255722,20.2244,31.7373,0.000797017,22.8539,39.9486,0.000248622,25.8438,50.2851,7.75492e-05,29.237,63.2963,2.42508e-05,33.0837,79.6738,7.67162e-06,37.4415,100.288,2.32837e-06,42.3767,126.236,7.33e-07,47.9646,158.896,2.79256e-07,54.2906,200.003,9.87351e-09,61.452,251.741,1.61085e-07,69.5585,316.859,-2.47141e-07,78.7347,398.812,8.93552e-08,89.1218,501.948,-2.53231e-07,100.879,631.736,-1.25047e-07,114.188,795.049,-1.78808e-07,129.252,1000.53,2.6733e-07,146.304,1259.03,4.50292e-07,165.605,1584.19,6.76904e-07,187.452,1993.12,-1.23808e-07,212.181,2507.27,-4.89068e-07,240.173,3153.54,-5.40284e-07,271.856,3965.56,1.86061e-07,307.719,4985.38,4.37004e-07,348.313,6265.4,3.59828e-07,394.26,7870.83,3.98192e-07,446.268,9882.51,-1.92908e-07,505.135,12400.3,-2.20392e-07,571.766,15546.9,1.51705e-07,647.184,19472.2,5.74996e-07,732.547,24357.4,5.39112e-07,829.167,30420,5.07815e-09,938.526,37916.3,-4.11492e-07,1062.3,47143.9,-3.9561e-07,1202.4,58439.2,3.86185e-08,1360.96,72169.3,5.94093e-07,1540.42,88715.8,7.47693e-07,1743.53,108445,1.78537e-07,1973.41,131665,-4.12549e-07,2233.57,158557,-5.37164e-07,2528,189103,-1.17615e-07,2861.2,222986,5.66769e-07,3238.27,259510,9.45053e-07,3664.97,297540,4.25093e-07,4147.81,335497,-3.58506e-07,4694.17,371444,-6.7724e-07,5312.37,403256,1.67192e-07,1.61744,3.89446,9.84394,3.28846,7.5504,12.774,5.07607,11.7187,13.6844,7.03202,16.8147,13.9681,9.20215,23.1769,14.0566,11.6301,31.1672,14.0841,14.3598,41.2186,14.0927,17.4376,53.8688,14.0954,20.9137,69.7915,14.0962,24.8432,89.8341,14.0965,29.2879,115.063,14.0966,34.3168,146.819,14.0966,40.0078,186.792,14.0966,46.4487,237.107,14.0966,53.7388,300.44,14.0966,61.9903,380.158,14.0966,71.3301,480.499,14.0966,81.902,606.796,14.0966,93.8685,765.761,14.0966,107.414,965.837,14.0966,122.746,1217.65,14.0966,140.101,1534.57,14.0966,159.745,1933.41,14.0966,181.981,2435.3,14.0966,207.15,3066.85,14.0966,235.64,3861.46,14.0966,267.889,4861.11,14.0966,304.391,6118.54,14.0966,345.709,7699.91,14.0966,392.478,9688.22,14.0966,445.417,12187.5,14.0966,505.339,15327.7,14.0966,573.165,19271.6,14.0966,649.938,24222,14.0966,736.839,30430.9,14.0966,835.202,38211.5,14.0966,946.539,47950.3,14.0966,1072.56,60122.8,14.0966,1215.21,75309.9,14.0966,1376.66,94216.2,14.0966,1559.41,117688,14.0966,1766.26,146729,14.0966,2000.39,182510,14.0966,2265.39,226372,14.0966,2565.33,279806,14.0966,2904.81,344416,14.0966,3289.05,421845,14.0966,3723.93,513667,14.0966,4216.13,621231,14.0966,4773.18,745478,14.0966,5403.64,886744,14.0966,6117.15,1.04457e+06,14.0966,6924.63,1.2176e+06,14.0966,11.7194,11.96,12.6541,13.9321,16.1295,13.6434,16.6097,21.9702,13.9553,19.7532,29.5285,14.0526,23.3844,39.1143,14.0829,27.5423,51.2054,14.0923,32.2796,66.434,14.0953,37.662,85.6061,14.0962,43.7675,109.74,14.0965,50.687,140.119,14.0966,58.5249,178.359,14.0966,67.4005,226.493,14.0966,77.4493,287.08,14.0966,88.8254,363.343,14.0966,101.703,459.336,14.0966,116.281,580.161,14.0966,132.782,732.241,14.0966,151.46,923.655,14.0966,172.603,1164.57,14.0966,196.535,1467.79,14.0966,223.625,1849.39,14.0966,254.288,2329.62,14.0966,288.997,2933.93,14.0966,328.285,3694.33,14.0966,372.755,4651.04,14.0966,423.092,5854.57,14.0966,480.07,7368.38,14.0966,544.564,9272.08,14.0966,617.566,11665.5,14.0966,700.197,14673.6,14.0966,793.729,18452.9,14.0966,899.599,23198.6,14.0966,1019.43,29154.1,14.0966,1155.07,36622.3,14.0966,1308.6,45977.9,14.0966,1482.39,57683.7,14.0966,1679.09,72307.8,14.0966,1901.73,90542.8,14.0966,2153.73,113226,14.0966,2438.97,141360,14.0966,2761.81,176127,14.0966,3127.22,218898,14.0966,3540.81,271226,14.0966,4008.92,334817,14.0966,4538.74,411470,14.0966,5138.38,502973,14.0966,5817.04,610948,14.0966,6585.12,736653,14.0966,7454.39,880741,14.0966,8438.15,1.04302e+06,14.0966,9551.45,1.22224e+06,14.0966,10811.3,1.41602e+06,14.0966,12237,1.62086e+06,14.0966,11.7194,11.96,12.6541,2.21263,4.16949,0.989383,2.67766,5.84076,0.311842,3.14343,7.55825,0.0972771,3.63127,9.58578,0.0303237,4.15787,12.0912,0.00945211,4.73731,15.2286,0.00294633,5.38238,19.1721,0.000918508,6.10553,24.134,0.000286163,6.91951,30.3791,8.92692e-05,7.83792,38.2397,2.78121e-05,8.87555,48.1338,8.65134e-06,10.0489,60.5876,2.7882e-06,11.3761,76.2629,8.29036e-07,12.8779,95.9927,2.4373e-07,14.5775,120.825,4.33068e-09,16.5012,152.08,1.75749e-07,18.6784,191.415,-1.86328e-07,21.1428,240.917,1.91829e-07,23.9322,303.213,-1.81475e-07,27.0895,381.602,7.0186e-08,30.6634,480.231,-2.86769e-08,34.7087,604.316,2.40784e-07,39.2876,760.401,9.87368e-08,44.4705,956.705,1.22263e-07,50.3371,1203.54,-4.31966e-07,56.9776,1513.81,-1.9705e-07,64.494,1903.69,-2.763e-08,73.0018,2393.4,3.9185e-07,82.6317,3008.13,1.35379e-07,93.5318,3779.25,-4.16351e-08,105.869,4745.7,2.06965e-08,119.834,5955.6,-3.18887e-07,135.641,7468.12,-1.48271e-08,153.531,9355.62,2.00739e-07,173.781,11705.8,2.28358e-07,196.701,14624.1,-1.93587e-08,222.642,18235,-2.88101e-07,252.003,22683.4,-2.24732e-07,285.234,28134,8.56806e-09,322.845,34767,2.34258e-07,365.413,42770.9,2.99668e-07,413.588,52327.9,8.28644e-08,468.111,63591.2,-3.07049e-07,529.814,76653.2,-3.1888e-07,599.642,91502.5,-6.72276e-08,678.662,107975,2.26339e-07,768.083,125705,3.69212e-07,869.267,144088,2.04077e-07,983.76,162277,-2.80509e-07,1113.3,179223,-4.22737e-07,1259.87,193777,-1.71951e-07,1425.68,204839,4.55555e-07,11.7194,11.96,12.6541,2.21263,4.16949,0.989383,2.67766,5.84076,0.311842,3.14343,7.55825,0.0972771,3.63127,9.58578,0.0303237,4.15787,12.0912,0.00945211,4.73731,15.2286,0.00294633,5.38238,19.1721,0.000918508,6.10553,24.134,0.000286163,6.91951,30.3791,8.92692e-05,7.83792,38.2397,2.78121e-05,8.87555,48.1338,8.65134e-06,10.0489,60.5876,2.7882e-06,11.3761,76.2629,8.29036e-07,12.8779,95.9927,2.4373e-07,14.5775,120.825,1e-08,16.5012,152.08,1.75749e-07,18.6784,191.415,1e-08,21.1428,240.917,1.91829e-07,23.9322,303.213,1e-08,27.0895,381.602,7.0186e-08,30.6634,480.231,1e-08,34.7087,604.316,2.40784e-07,39.2876,760.401,9.87368e-08,44.4705,956.705,1.22263e-07,50.3371,1203.54,1e-08,56.9776,1513.81,1e-08,64.494,1903.69,1e-08,73.0018,2393.4,3.9185e-07,82.6317,3008.13,1.35379e-07,93.5318,3779.25,1e-08,105.869,4745.7,2.06965e-08,119.834,5955.6,1e-08,135.641,7468.12,1e-08,153.531,9355.62,2.00739e-07,173.781,11705.8,2.28358e-07,196.701,14624.1,1e-08,222.642,18235,1e-08,252.003,22683.4,1e-08,285.234,28134,1e-08,322.845,34767,2.34258e-07,365.413,42770.9,2.99668e-07,413.588,52327.9,8.28644e-08,468.111,63591.2,1e-08,529.814,76653.2,1e-08,599.642,91502.5,1e-08,678.662,107975,2.26339e-07,768.083,125705,3.69212e-07,869.267,144088,2.04077e-07,983.76,162277,1e-08,1113.3,179223,1e-08,1259.87,193777,1e-08,1425.68,204839,4.55555e-07,6.2823,3.27286,2.43537,0.219672,6.18826,2.24117,0.56371,6.87772,2.63624,0.308279,0,12,20,2,2,1,0,5,0,4,6,1,3,13,0,7,5,0,9,18,0,7,19,0,8,33,0,7,20,0,10,44,0,5,39,0,13,53,0,11,72,0,7,94,0,23,178,0,40,151,0,14,110,0,29,189,0,31,391,0,17,312,0,27,694,0,41,682,0,39,627,0,81,1398,0,30,632,0,80,762,0,46,1136,0,47,1031,0,77,3130,0,73,6552,0,92,1618,0,145,8511,0,191,9303,0,96,8313,0,219,14081,0,226,15588,0,470,24939,0,358,18472,0,253,14156,0,84,33543,0,377,46916,0,556,36194,0,293,73734,0,694,34654,0,884,75524,0,657,96309,0,801,218610,0,814,123108,0,875,103718,0,1457,176744,0,1254,165935,0,1382,307964,0
-1.05176e+08,1,8.88811e-15,10,1023,0,1.05176e+08,0.528882,1.08665,0.389689,0.145397,0.379329,3.24381,0.161596,0.446195,1.77396,0.159177,1.15e+07,4.49998e+06,6.79999e+06,1.15e+07,4.49997e+06,6.79999e+06,1.15e+07,4.49996e+06,6.79999e+06,1.15e+07,4.49995e+06,6.79999e+06,1.14999e+07,4.49993e+06,6.79999e+06,1.14999e+07,4.49991e+06,6.79999e+06,1.14999e+07,4.49989e+06,6.79999e+06,1.14999e+07,4.49986e+06,6.79999e+06,1.14999e+07,4.49982e+06,6.79999e+06,1.14999e+07,4.49977e+06,6.79999e+06,1.14999e+07,4.49971e+06,6.79999e+06,1.14999e+07,4.49963e+06,6.79999e+06,1.14998e+07,4.49953e+06,6.79999e+06,1.14998e+07,4.49941e+06,6.79999e+06,1.14998e+07,4.49926e+06,6.79999e+06,1.14998e+07,4.49906e+06,6.79999e+06,1.14997e+07,4.49882e+06,6.79999e+06,1.14997e+07,4.49851e+06,6.79999e+06,1.14997e+07,4.49812e+06,6.79999e+06,1.14996e+07,4.49764e+06,6.79999e+06,1.14996e+07,4.49702e+06,6.79999e+06,1.14995e+07,4.49625e+06,6.79999e+06,1.14995e+07,4.49528e+06,6.79999e+06,1.14994e+07,4.49406e+06,6.79999e+06,1.14993e+07,4.49253e+06,6.79999e+06,1.14992e+07,4.49059e+06,6.79999e+06,1.14991e+07,4.48817e+06,6.79999e+06,1.1499e+07,4.48511e+06,6.79999e+06,1.14988e+07,4.48128e+06,6.79999e+06,1.14987e+07,4.47646e+06,6.79999e+06,1.14985e+07,4.47041e+06,6.79999e+06,1.14983e+07,4.46281e+06,6.79999e+06,1.14981e+07,4.4533e+06,6.79999e+06,1.14979e+07,4.44138e+06,6.79999e+06,1.14976e+07,4.42649e+06,6.79999e+06,1.14972e+07,4.40789e+06,6.79999e+06,1.14969e+07,4.38471e+06,6.79999e+06,1.14965e+07,4.35592e+06,6.79999e+06,1.1496e+07,4.32027e+06,6.79999e+06,1.14955e+07,4.27629e+06,6.79999e+06,1.14949e+07,4.22231e+06,6.79999e+06,1.14942e+07,4.15647e+06,6.79999e+06,1.14934e+07,4.07676e+06,6.79999e+06,1.14926e+07,3.98112e+06,6.79999e+06,1.14916e+07,3.86765e+06,6.79999e+06,1.14905e+07,3.73474e+06,6.79999e+06,1.14892e+07,3.58148e+06,6.79999e+06,1.14878e+07,3.40785e+06,6.79999e+06,1.14862e+07,3.21513e+06,6.79999e+06,1.14844e+07,3.00605e+06,6.79999e+06,1.14823e+07,2.7848e+06,6.79999e+06,1.148e+07,2.5568e+06,6.79999e+06,1.14773e+07,2.32825e+06,6.79999e+06,13.5742,8.52444,0.508366,16.8306,13.2585,0.162638,20.0035,17.569,0.0507846,23.2616,22.4214,0.0158319,26.7328,28.3297,0.00493498,30.5212,35.6974,0.00153831,34.7178,44.9473,0.000479527,39.4086,56.5822,0.000149456,44.6796,71.2245,4.66214e-05,50.6209,89.6543,1.45419e-05,57.3297,112.852,4.54748e-06,64.9129,142.051,1.43857e-06,73.4897,178.803,4.36618e-07,83.1934,225.062,1.40153e-07,94.1745,283.286,4.96378e-08,106.602,356.568,1.05434e-07,120.669,448.799,-6.49244e-08,136.59,564.873,1.70148e-07,154.611,710.948,-5.34594e-08,175.008,894.767,1.63407e-07,198.097,1126.06,8.04804e-08,224.231,1417.07,1.14667e-07,253.813,1783.15,-1.71227e-07,287.297,2243.62,-2.88466e-07,325.198,2822.67,-4.33651e-07,368.098,3550.67,7.9318e-08,416.657,4465.65,3.13319e-07,471.621,5615.16,3.4613e-07,533.835,7058.61,-1.19199e-07,604.255,8870.02,-2.79964e-07,683.962,11141.4,-2.30521e-07,774.182,13986.7,-2.55099e-07,876.299,17546.4,1.23585e-07,991.883,21993.1,1.41192e-07,1122.71,27536.7,-9.71886e-08,1270.78,34430.7,-3.68368e-07,1438.38,42977.7,-3.45379e-07,1628.07,53532.7,-3.25328e-09,1842.77,66504.6,2.6362e-07,2085.77,82350.2,2.53445e-07,2360.79,101560,-2.47407e-08,2672.05,124632,-3.80602e-07,3024.31,152018,-4.79005e-07,3422.98,184060,-1.14379e-07,3874.15,220884,2.64297e-07,4384.72,262283,3.44131e-07,4962.49,307576,7.5349e-08,5616.29,355497,-3.63097e-07,6356.1,404126,-6.05442e-07,7193.18,450932,-2.72333e-07,8140.28,492963,2.29675e-07,9211.79,527178,4.3387e-07,10424,550893,-1.0711e-07,10.102,8.06553,2.81012,10.6436,8.57909,0.869423,11.5336,10.2515,0.270869,12.7211,12.7138,0.0844293,14.1823,15.9373,0.0263173,15.9122,20.0383,0.0082035,17.9198,25.2154,0.00255722,20.2244,31.7373,0.000797017,22.8539,39.9486,0.000248622,25.8438,50.2851,7.75492e-05,29.237,63.2963,2.42508e-05,33.0837,79.6738,7.67162e-06,37.4415,100.288,2.32837e-06,42.3767,126.236,7.33e-07,47.9646,158.896,2.79256e-07,54.2906,200.003,9.87351e-09,61.452,251.741,1.61085e-07,69.5585,316.859,-2.47141e-07,78.7347,398.812,8.93552e-08,89.1218,501.948,-2.53231e-07,100.879,631.736,-1.25047e-07,114.188,795.049,-1.78808e-07,129.252,1000.53,2.6733e-07,146.304,1259.03,4.50292e-07,165.605,1584.19,6.76904e-07,187.452,1993.12,-1.23808e-07,212.181,2507.27,-4.89068e-07,240.173,3153.54,-5.40284e-07,271.856,3965.56,1.86061e-07,307.719,4985.38,4.37004e-07,348.313,6265.4,3.59828e-07,394.26,7870.83,3.98192e-07,446.268,9882.51,-1.92908e-07,505.135,12400.3,-2.20392e-07,571.766,15546.9,1.51705e-07,647.184,19472.2,5.74996e-07,732.547,24357.4,5.39112e-07,829.167,30420,5.07815e-09,938.526,37916.3,-4.11492e-07,1062.3,47143.9,-3.9561e-07,1202.4,58439.2,3.86185e-08,1360.96,72169.3,5.94093e-07,1540.42,88715.8,7.47693e-07,1743.53,108445,1.78537e-07,1973.41,131665,-4.12549e-07,2233.57,158557,-5.37164e-07,2528,189103,-1.17615e-07,2861.2,222986,5.66769e-07,3238.27,259510,9.45053e-07,3664.97,297540,4.25093e-07,4147.81,335497,-3.58506e-07,4694.17,371444,-6.7724e-07,5312.37,403256,1.67192e-07,1.61744,3.89446,9.84394,3.28846,7.5504,12.774,5.07607,11.7187,13.6844,7.03202,16.8147,13.9681,9.20215,23.1769,14.0566,11.6301,31.1672,14.0841,14.3598,41.2186,14.0927,17.4376,53.8688,14.0954,20.9137,69.7915,14.0962,24.8432,89.8341,14.0965,29.2879,115.063,14.0966,34.3168,146.819,14.0966,40.0078,186.792,14.0966,46.4487,237.107,14.0966,53.7388,300.44,14.0966,61.9903,380.158,14.0966,71.3301,480.499,14.0966,81.902,606.796,14.0966,93.8685,765.761,14.0966,107.414,965.837,14.0966,122.746,1217.65,14.0966,140.101,1534.57,14.0966,159.745,1933.41,14.0966,181.981,2435.3,14.0966,207.15,3066.85,14.0966,235.64,3861.46,14.0966,267.889,4861.11,14.0966,304.391,6118.54,14.0966,345.709,7699.91,14.0966,392.478,9688.22,14.0966,445.417,12187.5,14.0966,505.339,15327.7,14.0966,573.165,19271.6,14.0966,649.938,24222,14.0966,736.839,30430.9,14.0966,835.202,38211.5,14.0966,946.539,47950.3,14.0966,1072.56,60122.8,14.0966,1215.21,75309.9,14.0966,1376.66,94216.2,14.0966,1559.41,117688,14.0966,1766.26,146729,14.0966,2000.39,182510,14.0966,2265.39,226372,14.0966,2565.33,279806,14.0966,2904.81,344416,14.0966,3289.05,421845,14.0966,3723.93,513667,14.0966,4216.13,621231,14.0966,4773.18,745478,14.0966,5403.64,886744,14.0966,6117.15,1.04457e+06,14.0966,6924.63,1.2176e+06,14.0966,11.7194,11.96,12.6541,13.9321,16.1295,13.6434,16.6097,21.9702,13.9553,19.7532,29.5285,14.0526,23.3844,39.1143,14.0829,27.5423,51.2054,14.0923,32.2796,66.434,14.0953,37.662,85.6061,14.0962,43.7675,109.74,14.0965,50.687,140.119,14.0966,58.5249,178.359,14.0966,67.4005,226.493,14.0966,77.4493,287.08,14.0966,88.8254,363.343,14.0966,101.703,459.336,14.0966,116.281,580.161,14.0966,132.782,732.241,14.0966,151.46,923.655,14.0966,172.603,1164.57,14.0966,196.535,1467.79,14.0966,223.625,1849.39,14.0966,254.288,2329.62,14.0966,288.997,2933.93,14.0966,328.285,3694.33,14.0966,372.755,4651.04,14.0966,423.092,5854.57,14.0966,480.07,7368.38,14.0966,544.564,9272.08,14.0966,617.566,11665.5,14.0966,700.197,14673.6,14.0966,793.729,18452.9,14.0966,899.599,23198.6,14.0966,1019.43,29154.1,14.0966,1155.07,36622.3,14.0966,1308.6,45977.9,14.0966,1482.39,57683.7,14.0966,1679.09,72307.8,14.0966,1901.73,90542.8,14.0966,2153.73,113226,14.0966,2438.97,141360,14.0966,2761.81,176127,14.0966,3127.22,218898,14.0966,3540.81,271226,14.0966,4008.92,334817,14.0966,4538.74,411470,14.0966,5138.38,502973,14.0966,5817.04,610948,14.0966,6585.12,736653,14.0966,7454.39,880741,14.0966,8438.15,1.04302e+06,14.0966,9551.45,1.22224e+06,14.0966,10811.3,1.41602e+06,14.0966,12237,1.62086e+06,14.0966,11.7194,11.96,12.6541,2.21263,4.16949,0.989383,2.67766,5.84076,0.311842,3.14343,7.55825,0.0972771,3.63127,9.58578,0.0303237,4.15787,12.0912,0.00945211,4.73731,15.2286,0.00294633,5.38238,19.1721,0.000918508,6.10553,24.134,0.000286163,6.91951,30.3791,8.92692e-05,7.83792,38.2397,2.78121e-05,8.87555,48.1338,8.65134e-06,10.0489,60.5876,2.7882e-06,11.3761,76.2629,8.29036e-07,12.8779,95.9927,2.4373e-07,14.5775,120.825,4.33068e-09,16.5012,152.08,1.75749e-07,18.6784,191.415,-1.86328e-07,21.1428,240.917,1.91829e-07,23.9322,303.213,-1.81475e-07,27.0895,381.602,7.0186e-08,30.6634,480.231,-2.86769e-08,34.7087,604.316,2.40784e-07,39.2876,760.401,9.87368e-08,44.4705,956.705,1.22263e-07,50.3371,1203.54,-4.31966e-07,56.9776,1513.81,-1.9705e-07,64.494,1903.69,-2.763e-08,73.0018,2393.4,3.9185e-07,82.6317,3008.13,1.35379e-07,93.5318,3779.25,-4.16351e-08,105.869,4745.7,2.06965e-08,119.834,5955.6,-3.18887e-07,135.641,7468.12,-1.48271e-08,153.531,9355.62,2.00739e-07,173.781,11705.8,2.28358e-07,196.701,14624.1,-1.93587e-08,222.642,18235,-2.88101e-07,252.003,22683.4,-2.24732e-07,285.234,28134,8.56806e-09,322.845,34767,2.34258e-07,365.413,42770.9,2.99668e-07,413.588,52327.9,8.28644e-08,468.111,63591.2,-3.07049e-07,529.814,76653.2,-3.1888e-07,599.642,91502.5,-6.72276e-08,678.662,107975,2.26339e-07,768.083,125705,3.69212e-07,869.267,144088,2.04077e-07,983.76,162277,-2.80509e-07,1113.3,179223,-4.22737e-07,1259.87,193777,-1.71951e-07,1425.68,204839,4.55555e-07,11.7194,11.96,12.6541,2.21263,4.16949,0.989383,2.67766,5.84076,0.311842,3.14343,7.55825,0.0972771,3.63127,9.58578,0.0303237,4.15787,12.0912,0.00945211,4.73731,15.2286,0.00294633,5.38238,19.1721,0.000918508,6.10553,24.134,0.000286163,6.91951,30.3791,8.92692e-05,7.83792,38.2397,2.78121e-05,8.87555,48.1338,8.65134e-06,10.0489,60.5876,2.7882e-06,11.3761,76.2629,8.29036e-07,12.8779,95.9927,2.4373e-07,14.5775,120.825,1e-08,16.5012,152.08,1.75749e-07,18.6784,191.415,1e-08,21.1428,240.917,1.91829e-07,23.9322,303.213,1e-08,27.0895,381.602,7.0186e-08,30.6634,480.231,1e-08,34.7087,604.316,2.40784e-07,39.2876,760.401,9.87368e-08,44.4705,956.705,1.22263e-07,50.3371,1203.54,1e-08,56.9776,1513.81,1e-08,64.494,1903.69,1e-08,73.0018,2393.4,3.9185e-07,82.6317,3008.13,1.35379e-07,93.5318,3779.25,1e-08,105.869,4745.7,2.06965e-08,119.834,5955.6,1e-08,135.641,7468.12,1e-08,153.531,9355.62,2.00739e-07,173.781,11705.8,2.28358e-07,196.701,14624.1,1e-08,222.642,18235,1e-08,252.003,22683.4,1e-08,285.234,28134,1e-08,322.845,34767,2.34258e-07,365.413,42770.9,2.99668e-07,413.588,52327.9,8.28644e-08,468.111,63591.2,1e-08,529.814,76653.2,1e-08,599.642,91502.5,1e-08,678.662,107975,2.26339e-07,768.083,125705,3.69212e-07,869.267,144088,2.04077e-07,983.76,162277,1e-08,1113.3,179223,1e-08,1259.87,193777,1e-08,1425.68,204839,4.55555e-07,6.2823,3.27286,2.43537,0.219672,6.18826,2.24117,0.56371,6.87772,2.63624,0.308279,10,10,10,1,3,0,2,3,1,3,7,0,3,9,0,5,19,0,3,6,0,3,7,0,1,22,0,8,24,0,3,45,0,12,41,0,1,36,0,9,94,0,10,48,0,18,191,0,32,157,0,19,178,0,12,251,0,43,219,0,32,288,0,48,360,0,26,538,0,32,563,0,42,2101,0,85,644,0,114,1046,0,145,1320,0,94,3776,0,52,4269,0,82,4069,0,166,2242,0,71,2343,0,131,5286,0,165,11731,0,101,6540,0,109,15028,0,173,16920,0,117,16731,0,439,27480,0,278,50367,0,342,55284,0,712,31178,0,433,46457,0,314,30139,0,479,64713,0,715,24276,0,869,71700,0,604,186360,0,1070,73494,0,841,317332,0,731,139214,0,1031,262396,0
-1.05176e+08,1,8.88811e-15,10,1023,0,1.05176e+08,0.528882,1.08665,0.389689,0.145397,0.379329,3.24381,0.161596,0.446195,1.77396,0.159177,1.15e+07,4.49998e+06,6.79999e+06,1.15e+07,4.49997e+06,6.79999e+06,1.15e+07,4.49996e+06,6.79999e+06,1.15e+07,4.49995e+06,6.79999e+06,1.14999e+07,4.49993e+06,6.79999e+06,1.14999e+07,4.49991e+06,6.79999e+06,1.14999e+07,4.49989e+06,6.79999e+06,1.14999e+07,4.49986e+06,6.79999e+06,1.14999e+07,4.49982e+06,6.79999e+06,1.14999e+07,4.49977e+06,6.79999e+06,1.14999e+07,4.49971e+06,6.79999e+06,1.14999e+07,4.49963e+06,6.79999e+06,1.14998e+07,4.49953e+06,6.79999e+06,1.14998e+07,4.49941e+06,6.79999e+06,1.14998e+07,4.49926e+06,6.79999e+06,1.14998e+07,4.49906e+06,6.79999e+06,1.14997e+07,4.49882e+06,6.79999e+06,1.14997e+07,4.49851e+06,6.79999e+06,1.14997e+07,4.49812e+06,6.79999e+06,1.14996e+07,4.49764e+06,6.79999e+06,1.14996e+07,4.49702e+06,6.79999e+06,1.14995e+07,4.49625e+06,6.79999e+06,1.14995e+07,4.49528e+06,6.79999e+06,1.14994e+07,4.49406e+06,6.79999e+06,1.14993e+07,4.49253e+06,6.79999e+06,1.14992e+07,4.49059e+06,6.79999e+06,1.14991e+07,4.48817e+06,6.79999e+06,1.1499e+07,4.48511e+06,6.79999e+06,1.14988e+07,4.48128e+06,6.79999e+06,1.14987e+07,4.47646e+06,6.79999e+06,1.14985e+07,4.47041e+06,6.79999e+06,1.14983e+07,4.46281e+06,6.79999e+06,1.14981e+07,4.4533e+06,6.79999e+06,1.14979e+07,4.44138e+06,6.79999e+06,1.14976e+07,4.42649e+06,6.79999e+06,1.14972e+07,4.40789e+06,6.79999e+06,1.14969e+07,4.38471e+06,6.79999e+06,1.14965e+07,4.35592e+06,6.79999e+06,1.1496e+07,4.32027e+06,6.79999e+06,1.14955e+07,4.27629e+06,6.79999e+06,1.14949e+07,4.22231e+06,6.79999e+06,1.14942e+07,4.15647e+06,6.79999e+06,1.14934e+07,4.07676e+06,6.79999e+06,1.14926e+07,3.98112e+06,6.79999e+06,1.14916e+07,3.86765e+06,6.79999e+06,1.14905e+07,3.73474e+06,6.79999e+06,1.14892e+07,3.58148e+06,6.79999e+06,1.14878e+07,3.40785e+06,6.79999e+06,1.14862e+07,3.21513e+06,6.79999e+06,1.14844e+07,3.00605e+06,6.79999e+06,1.14823e+07,2.7848e+06,6.79999e+06,1.148e+07,2.5568e+06,6.79999e+06,1.14773e+07,2.32825e+06,6.79999e+06,13.5742,8.52444,0.508366,16.8306,13.2585,0.162638,20.0035,17.569,0.0507846,23.2616,22.4214,0.0158319,26.7328,28.3297,0.00493498,30.5212,35.6974,0.00153831,34.7178,44.9473,0.000479527,39.4086,56.5822,0.000149456,44.6796,71.2245,4.66214e-05,50.6209,89.6543,1.45419e-05,57.3297,112.852,4.54748e-06,64.9129,142.051,1.43857e-06,73.4897,178.803,4.36618e-07,83.1934,225.062,1.40153e-07,94.1745,283.286,4.96378e-08,106.602,356.568,1.05434e-07,120.669,448.799,-6.49244e-08,136.59,564.873,1.70148e-07,154.611,710.948,-5.34594e-08,175.008,894.767,1.63407e-07,198.097,1126.06,8.04804e-08,224.231,1417.07,1.14667e-07,253.813,1783.15,-1.71227e-07,287.297,2243.62,-2.88466e-07,325.198,2822.67,-4.33651e-07,368.098,3550.67,7.9318e-08,416.657,4465.65,3.13319e-07,471.621,5615.16,3.4613e-07,533.835,7058.61,-1.19199e-07,604.255,8870.02,-2.79964e-07,683.962,11141.4,-2.30521e-07,774.182,13986.7,-2.55099e-07,876.299,17546.4,1.23585e-07,991.883,21993.1,1.41192e-07,1122.71,27536.7,-9.71886e-08,1270.78,34430.7,-3.68368e-07,1438.38,42977.7,-3.45379e-07,1628.07,53532.7,-3.25328e-09,1842.77,66504.6,2.6362e-07,2085.77,82350.2,2.53445e-07,2360.79,101560,-2.47407e-08,2672.05,124632,-3.80602e-07,3024.31,152018,-4.79005e-07,3422.98,184060,-1.14379e-07,3874.15,220884,2.64297e-07,4384.72,262283,3.44131e-07,4962.49,307576,7.5349e-08,5616.29,355497,-3.63097e-07,6356.1,404126,-6.05442e-07,7193.18,450932,-2.72333e-07,8140.28,492963,2.29675e-07,9211.79,527178,4.3387e-07,10424,550893,-1.0711e-07,10.102,8.06553,2.81012,10.6436,8.57909,0.869423,11.5336,10.2515,0.270869,12.7211,12.7138,0.0844293,14.1823,15.9373,0.0263173,15.9122,20.0383,0.0082035,17.9198,25.2154,0.00255722,20.2244,31.7373,0.000797017,22.8539,39.9486,0.000248622,25.8438,50.2851,7.75492e-05,29.237,63.2963,2.42508e-05,33.0837,79.6738,7.67162e-06,37.4415,100.288,2.32837e-06,42.3767,126.236,7.33e-07,47.9646,158.896,2.79256e-07,54.2906,200.003,9.87351e-09,61.452,251.741,1.61085e-07,69.5585,316.859,-2.47141e-07,78.7347,398.812,8.93552e-08,89.1218,501.948,-2.53231e-07,100.879,631.736,-1.25047e-07,114.188,795.049,-1.78808e-07,129.252,1000.53,2.6733e-07,146.304,1259.03,4.50292e-07,165.605,1584.19,6.76904e-07,187.452,1993.12,-1.23808e-07,212.181,2507.27,-4.89068e-07,240.173,3153.54,-5.40284e-07,271.856,3965.56,1.86061e-07,307.719,4985.38,4.37004e-07,348.313,6265.4,3.59828e-07,394.26,7870.83,3.98192e-07,446.268,9882.51,-1.92908e-07,505.135,12400.3,-2.20392e-07,571.766,15546.9,1.51705e-07,647.184,19472.2,5.74996e-07,732.547,24357.4,5.39112e-07,829.167,30420,5.07815e-09,938.526,37916.3,-4.11492e-07,1062.3,47143.9,-3.9561e-07,1202.4,58439.2,3.86185e-08,1360.96,72169.3,5.94093e-07,1540.42,88715.8,7.47693e-07,1743.53,108445,1.78537e-07,1973.41,131665,-4.12549e-07,2233.57,158557,-5.37164e-07,2528,189103,-1.17615e-07,2861.2,222986,5.66769e-07,3238.27,259510,9.45053e-07,3664.97,297540,4.25093e-07,4147.81,335497,-3.58506e-07,4694.17,371444,-6.7724e-07,5312.37,403256,1.67192e-07,1.61744,3.89446,9.84394,3.28846,7.5504,12.774,5.07607,11.7187,13.6844,7.03202,16.8147,13.9681,9.20215,23.1769,14.0566,11.6301,31.1672,14.0841,14.3598,41.2186,14.0927,17.4376,53.8688,14.0954,20.9137,69.7915,14.0962,24.8432,89.8341,14.0965,29.2879,115.063,14.0966,34.3168,146.819,14.0966,40.0078,186.792,14.0966,46.4487,237.107,14.0966,53.7388,300.44,14.0966,61.9903,380.158,14.0966,71.3301,480.499,14.0966,81.902,606.796,14.0966,93.8685,765.761,14.0966,107.414,965.837,14.0966,122.746,1217.65,14.0966,140.101,1534.57,14.0966,159.745,1933.41,14.0966,181.981,2435.3,14.0966,207.15,3066.85,14.0966,235.64,3861.46,14.0966,267.889,4861.11,14.0966,304.391,6118.54,14.0966,345.709,7699.91,14.0966,392.478,9688.22,14.0966,445.417,12187.5,14.0966,505.339,15327.7,14.0966,573.165,19271.6,14.0966,649.938,24222,14.0966,736.839,30430.9,14.0966,835.202,38211.5,14.0966,946.539,47950.3,14.0966,1072.56,60122.8,14.0966,1215.21,75309.9,14.0966,1376.66,94216.2,14.0966,1559.41,117688,14.0966,1766.26,146729,14.0966,2000.39,182510,14.0966,2265.39,226372,14.0966,2565.33,279806,14.0966,2904.81,344416,14.0966,3289.05,421845,14.0966,3723.93,513667,14.0966,4216.13,621231,14.0966,4773.18,745478,14.0966,5403.64,886744,14.0966,6117.15,1.04457e+06,14.0966,6924.63,1.2176e+06,14.0966,11.7194,11.96,12.6541,13.9321,16.1295,13.6434,16.6097,21.9702,13.9553,19.7532,29.5285,14.0526,23.3844,39.1143,14.0829,27.5423,51.2054,14.0923,32.2796,66.434,14.0953,37.662,85.6061,14.0962,43.7675,109.74,14.0965,50.687,140.119,14.0966,58.5249,178.359,14.0966,67.4005,226.493,14.0966,77.4493,287.08,14.0966,88.8254,363.343,14.0966,101.703,459.336,14.0966,116.281,580.161,14.0966,132.782,732.241,14.0966,151.46,923.655,14.0966,172.603,1164.57,14.0966,196.535,1467.79,14.0966,223.625,1849.39,14.0966,254.288,2329.62,14.0966,288.997,2933.93,14.0966,328.285,3694.33,14.0966,372.755,4651.04,14.0966,423.092,5854.57,14.0966,480.07,7368.38,14.0966,544.564,9272.08,14.0966,617.566,11665.5,14.0966,700.197,14673.6,14.0966,793.729,18452.9,14.0966,899.599,23198.6,14.0966,1019.43,29154.1,14.0966,1155.07,36622.3,14.0966,1308.6,45977.9,14.0966,1482.39,57683.7,14.0966,1679.09,72307.8,14.0966,1901.73,90542.8,14.0966,2153.73,113226,14.0966,2438.97,141360,14.0966,2761.81,176127,14.0966,3127.22,218898,14.0966,3540.81,271226,14.0966,4008.92,334817,14.0966,4538.74,411470,14.0966,5138.38,502973,14.0966,5817.04,610948,14.0966,6585.12,736653,14.0966,7454.39,880741,14.0966,8438.15,1.04302e+06,14.0966,9551.45,1.22224e+06,14.0966,10811.3,1.41602e+06,14.0966,12237,1.62086e+06,14.0966,11.7194,11.96,12.6541,2.21263,4.16949,0.989383,2.67766,5.84076,0.311842,3.14343,7.55825,0.0972771,3.63127,9.58578,0.0303237,4.15787,12.0912,0.00945211,4.73731,15.2286,0.00294633,5.38238,19.1721,0.000918508,6.10553,24.134,0.000286163,6.91951,30.3791,8.92692e-05,7.83792,38.2397,2.78121e-05,8.87555,48.1338,8.65134e-06,10.0489,60.5876,2.7882e-06,11.3761,76.2629,8.29036e-07,12.8779,95.9927,2.4373e-07,14.5775,120.825,4.33068e-09,16.5012,152.08,1.75749e-07,18.6784,191.415,-1.86328e-07,21.1428,240.917,1.91829e-07,23.9322,303.213,-1.81475e-07,27.0895,381.602,7.0186e-08,30.6634,480.231,-2.86769e-08,34.7087,604.316,2.40784e-07,39.2876,760.401,9.87368e-08,44.4705,956.705,1.22263e-07,50.3371,1203.54,-4.31966e-07,56.9776,1513.81,-1.9705e-07,64.494,1903.69,-2.763e-08,73.0018,2393.4,3.9185e-07,82.6317,3008.13,1.35379e-07,93.5318,3779.25,-4.16351e-08,105.869,4745.7,2.06965e-08,119.834,5955.6,-3.18887e-07,135.641,7468.12,-1.48271e-08,153.531,9355.62,2.00739e-07,173.781,11705.8,2.28358e-07,196.701,14624.1,-1.93587e-08,222.642,18235,-2.88101e-07,252.003,22683.4,-2.24732e-07,285.234,28134,8.56806e-09,322.845,34767,2.34258e-07,365.413,42770.9,2.99668e-07,413.588,52327.9,8.28644e-08,468.111,63591.2,-3.07049e-07,529.814,76653.2,-3.1888e-07,599.642,91502.5,-6.72276e-08,678.662,107975,2.26339e-07,768.083,125705,3.69212e-07,869.267,144088,2.04077e-07,983.76,162277,-2.80509e-07,1113.3,179223,-4.22737e-07,1259.87,193777,-1.71951e-07,1425.68,204839,4.55555e-07,11.7194,11.96,12.6541,2.21263,4.16949,0.989383,2.67766,5.84076,0.311842,3.14343,7.55825,0.0972771,3.63127,9.58578,0.0303237,4.15787,12.0912,0.00945211,4.73731,15.2286,0.00294633,5.38238,19.1721,0.000918508,6.10553,24.134,0.000286163,6.91951,30.3791,8.92692e-05,7.83792,38.2397,2.78121e-05,8.87555,48.1338,8.65134e-06,10.0489,60.5876,2.7882e-06,11.3761,76.2629,8.29036e-07,12.8779,95.9927,2.4373e-07,14.5775,120.825,1e-08,16.5012,152.08,1.75749e-07,18.6784,191.415,1e-08,21.1428,240.917,1.91829e-07,23.9322,303.213,1e-08,27.0895,381.602,7.0186e-08,30.6634,480.231,1e-08,34.7087,604.316,2.40784e-07,39.2876,760.401,9.87368e-08,44.4705,956.705,1.22263e-07,50.3371,1203.54,1e-08,56.9776,1513.81,1e-08,64.494,1903.69,1e-08,73.0018,2393.4,3.9185e-07,82.6317,3008.13,1.35379e-07,93.5318,3779.25,1e-08,105.869,4745.7,2.06965e-08,119.834,5955.6,1e-08,135.641,7468.12,1e-08,153.531,9355.62,2.00739e-07,173.781,11705.8,2.28358e-07,196.701,14624.1,1e-08,222.642,18235,1e-08,252.003,22683.4,1e-08,285.234,28134,1e-08,322.845,34767,2.34258e-07,365.413,42770.9,2.99668e-07,413.588,52327.9,8.28644e-08,468.111,63591.2,1e-08,529.814,76653.2,1e-08,599.642,91502.5,1e-08,678.662,107975,2.26339e-07,768.083,125705,3.69212e-07,869.267,144088,2.04077e-07,983.76,162277,1e-08,1113.3,179223,1e-08,1259.87,193777,1e-08,1425.68,204839,4.55555e-07,6.2823,3.27286,2.43537,0.219672,6.18826,2.24117,0.56371,6.87772,2.63624,0.308279,7,10,8,2,2,1,1,3,1,1,8,0,4,2,0,3,14,0,5,22,0,3,15,0,1,13,0,5,12,0,13,29,0,6,138,0,14,79,0,2,86,0,20,39,0,14,83,0,16,323,0,6,114,0,21,70,0,31,300,0,18,188,0,26,868,0,35,633,0,49,830,0,31,1969,0,77,671,0,39,1695,0,47,2401,0,204,5454,0,108,2436,0,149,4009,0,83,8663,0,199,5294,0,179,7157,0,179,9857,0,123,14465,0,159,19347,0,159,11704,0,189,20111,0,347,21389,0,313,34221,0,276,13561,0,470,38384,0,872,59377,0,298,47369,0,353,50694,0,630,112663,0,795,79665,0,381,117396,0,933,195438,0,1368,103096,0,1060,130609,0,1541,164221,0
-1.05176e+08,1,8.88811e-15,10,1023,0,1.05176e+08,0.528882,1.08665,0.389689,0.145397,0.379329,3.24381,0.161596,0.446195,1.77396,0.159177,1.15e+07,4.49998e+06,6.79999e+06,1.15e+07,4.49997e+06,6.79999e+06,1.15e+07,4.49996e+06,6.79999e+06,1.15e+07,4.49995e+06,6.79999e+06,1.14999e+07,4.49993e+06,6.79999e+06,1.14999e+07,4.49991e+06,6.79999e+06,1.14999e+07,4.49989e+06,6.79999e+06,1.14999e+07,4.49986e+06,6.79999e+06,1.14999e+07,4.49982e+06,6.79999e+06,1.14999e+07,4.49977e+06,6.79999e+06,1.14999e+07,4.49971e+06,6.79999e+06,1.14999e+07,4.49963e+06,6.79999e+06,1.14998e+07,4.49953e+06,6.79999e+06,1.14998e+07,4.49941e+06,6.79999e+06,1.14998e+07,4.49926e+06,6.79999e+06,1.14998e+07,4.49906e+06,6.79999e+06,1.14997e+07,4.49882e+06,6.79999e+06,1.14997e+07,4.49851e+06,6.79999e+06,1.14997e+07,4.49812e+06,6.79999e+06,1.14996e+07,4.49764e+06,6.79999e+06,1.14996e+07,4.49702e+06,6.79999e+06,1.14995e+07,4.49625e+06,6.79999e+06,1.14995e+07,4.49528e+06,6.79999e+06,1.14994e+07,4.49406e+06,6.79999e+06,1.14993e+07,4.49253e+06,6.79999e+06,1.14992e+07,4.49059e+06,6.79999e+06,1.14991e+07,4.48817e+06,6.79999e+06,1.1499e+07,4.48511e+06,6.79999e+06,1.14988e+07,4.48128e+06,6.79999e+06,1.14987e+07,4.47646e+06,6.79999e+06,1.14985e+07,4.47041e+06,6.79999e+06,1.14983e+07,4.46281e+06,6.79999e+06,1.14981e+07,4.4533e+06,6.79999e+06,1.14979e+07,4.44138e+06,6.79999e+06,1.14976e+07,4.42649e+06,6.79999e+06,1.14972e+07,4.40789e+06,6.79999e+06,1.14969e+07,4.38471e+06,6.79999e+06,1.14965e+07,4.35592e+06,6.79999e+06,1.1496e+07,4.32027e+06,6.79999e+06,1.14955e+07,4.27629e+06,6.79999e+06,1.14949e+07,4.22231e+06,6.79999e+06,1.14942e+07,4.15647e+06,6.79999e+06,1.14934e+07,4.07676e+06,6.79999e+06,1.14926e+07,3.98112e+06,6.79999e+06,1.14916e+07,3.86765e+06,6.79999e+06,1.14905e+07,3.73474e+06,6.79999e+06,1.14892e+07,3.58148e+06,6.79999e+06,1.14878e+07,3.40785e+06,6.79999e+06,1.14862e+07,3.21513e+06,6.79999e+06,1.14844e+07,3.00605e+06,6.79999e+06,1.14823e+07,2.7848e+06,6.79999e+06,1.148e+07,2.5568e+06,6.79999e+06,1.14773e+07,2.32825e+06,6.79999e+06,13.5742,8.52444,0.508366,16.8306,13.2585,0.162638,20.0035,17.569,0.0507846,23.2616,22.4214,0.0158319,26.7328,28.3297,0.00493498,30.5212,35.6974,0.00153831,34.7178,44.9473,0.000479527,39.4086,56.5822,0.000149456,44.6796,71.2245,4.66214e-05,50.6209,89.6543,1.45419e-05,57.3297,112.852,4.54748e-06,64.9129,142.051,1.43857e-06,73.4897,178.803,4.36618e-07,83.1934,225.062,1.40153e-07,94.1745,283.286,4.96378e-08,106.602,356.568,1.05434e-07,120.669,448.799,-6.49244e-08,136.59,564.873,1.70148e-07,154.611,710.948,-5.34594e-08,175.008,894.767,1.63407e-07,198.097,1126.06,8.04804e-08,224.231,1417.07,1.14667e-07,253.813,1783.15,-1.71227e-07,287.297,2243.62,-2.88466e-07,325.198,2822.67,-4.33651e-07,368.098,3550.67,7.9318e-08,416.657,4465.65,3.13319e-07,471.621,5615.16,3.4613e-07,533.835,7058.61,-1.19199e-07,604.255,8870.02,-2.79964e-07,683.962,11141.4,-2.30521e-07,774.182,13986.7,-2.55099e-07,876.299,17546.4,1.23585e-07,991.883,21993.1,1.41192e-07,1122.71,27536.7,-9.71886e-08,1270.78,34430.7,-3.68368e-07,1438.38,42977.7,-3.45379e-07,1628.07,53532.7,-3.25328e-09,1842.77,66504.6,2.6362e-07,2085.77,82350.2,2.53445e-07,2360.79,101560,-2.47407e-08,2672.05,124632,-3.80602e-07,3024.31,152018,-4.79005e-07,3422.98,184060,-1.14379e-07,3874.15,220884,2.64297e-07,4384.72,262283,3.44131e-07,4962.49,307576,7.5349e-08,5616.29,355497,-3.63097e-07,6356.1,404126,-6.05442e-07,7193.18,450932,-2.72333e-07,8140.28,492963,2.29675e-07,9211.79,527178,4.3387e-07,10424,550893,-1.0711e-07,10.102,8.06553,2.81012,10.6436,8.57909,0.869423,11.5336,10.2515,0.270869,12.7211,12.7138,0.0844293,14.1823,15.9373,0.0263173,15.9122,20.0383,0.0082035,17.9198,25.2154,0.00255722,20.2244,31.7373,0.000797017,22.8539,39.9486,0.000248622,25.8438,50.2851,7.75492e-05,29.237,63.2963,2.42508e-05,33.0837,79.6738,7.67162e-06,37.4415,100.288,2.32837e-06,42.3767,126.236,7.33e-07,47.9646,158.896,2.79256e-07,54.2906,200.003,9.87351e-09,61.452,251.741,1.61085e-07,69.5585,316.859,-2.47141e-07,78.7347,398.812,8.93552e-08,89.1218,501.948,-2.53231e-07,100.879,631.736,-1.25047e-07,114.188,795.049,-1.78808e-07,129.252,1000.53,2.6733e-07,146.304,1259.03,4.50292e-07,165.605,1584.19,6.76904e-07,187.452,1993.12,-1.23808e-07,212.181,2507.27,-4.89068e-07,240.173,3153.54,-5.40284e-07,271.856,3965.56,1.86061e-07,307.719,4985.38,4.37004e-07,348.313,6265.4,3.59828e-07,394.26,7870.83,3.98192e-07,446.268,9882.51,-1.92908e-07,505.135,12400.3,-2.20392e-07,571.766,15546.9,1.51705e-07,647.184,19472.2,5.74996e-07,732.547,24357.4,5.39112e-07,829.167,30420,5.07815e-09,938.526,37916.3,-4.11492e-07,1062.3,47143.9,-3.9561e-07,1202.4,58439.2,3.86185e-08,1360.96,72169.3,5.94093e-07,1540.42,88715.8,7.47693e-07,1743.53,108445,1.78537e-07,1973.41,131665,-4.12549e-07,2233.57,158557,-5.37164e-07,2528,189103,-1.17615e-07,2861.2,222986,5.66769e-07,3238.27,259510,9.45053e-07,3664.97,297540,4.25093e-07,4147.81,335497,-3.58506e-07,4694.17,371444,-6.7724e-07,5312.37,403256,1.67192e-07,1.61744,3.89446,9.84394,3.28846,7.5504,12.774,5.07607,11.7187,13.6844,7.03202,16.8147,13.9681,9.20215,23.1769,14.0566,11.6301,31.1672,14.0841,14.3598,41.2186,14.0927,17.4376,53.8688,14.0954,20.9137,69.7915,14.0962,24.8432,89.8341,14.0965,29.2879,115.063,14.0966,34.3168,146.819,14.0966,40.0078,186.792,14.0966,46.4487,237.107,14.0966,53.7388,300.44,14.0966,61.9903,380.158,14.0966,71.3301,480.499,14.0966,81.902,606.796,14.0966,93.8685,765.761,14.0966,107.414,965.837,14.0966,122.746,1217.65,14.0966,140.101,1534.57,14.0966,159.745,1933.41,14.0966,181.981,2435.3,14.0966,207.15,3066.85,14.0966,235.64,3861.46,14.0966,267.889,4861.11,14.0966,304.391,6118.54,14.0966,345.709,7699.91,14.0966,392.478,9688.22,14.0966,445.417,12187.5,14.0966,505.339,15327.7,14.0966,573.165,19271.6,14.0966,649.938,24222,14.0966,736.839,30430.9,14.0966,835.202,38211.5,14.0966,946.539,47950.3,14.0966,1072.56,60122.8,14.0966,1215.21,75309.9,14.0966,1376.66,94216.2,14.0966,1559.41,117688,14.0966,1766.26,146729,14.0966,2000.39,182510,14.0966,2265.39,226372,14.0966,2565.33,279806,14.0966,2904.81,344416,14.0966,3289.05,421845,14.0966,3723.93,513667,14.0966,4216.13,621231,14.0966,4773.18,745478,14.0966,5403.64,886744,14.0966,6117.15,1.04457e+06,14.0966,6924.63,1.2176e+06,14.0966,11.7194,11.96,12.6541,13.9321,16.1295,13.6434,16.6097,21.9702,13.9553,19.7532,29.5285,14.0526,23.3844,39.1143,14.0829,27.5423,51.2054,14.0923,32.2796,66.434,14.0953,37.662,85.6061,14.0962,43.7675,109.74,14.0965,50.687,140.119,14.0966,58.5249,178.359,14.0966,67.4005,226.493,14.0966,77.4493,287.08,14.0966,88.8254,363.343,14.0966,101.703,459.336,14.0966,116.281,580.161,14.0966,132.782,732.241,14.0966,151.46,923.655,14.0966,172.603,1164.57,14.0966,196.535,1467.79,14.0966,223.625,1849.39,14.0966,254.288,2329.62,14.0966,288.997,2933.93,14.0966,328.285,3694.33,14.0966,372.755,4651.04,14.0966,423.092,5854.57,14.0966,480.07,7368.38,14.0966,544.564,9272.08,14.0966,617.566,11665.5,14.0966,700.197,14673.6,14.0966,793.729,18452.9,14.0966,899.599,23198.6,14.0966,1019.43,29154.1,14.0966,1155.07,36622.3,14.0966,1308.6,45977.9,14.0966,1482.39,57683.7,14.0966,1679.09,72307.8,14.0966,1901.73,90542.8,14.0966,2153.73,113226,14.0966,2438.97,141360,14.0966,2761.81,176127,14.0966,3127.22,218898,14.0966,3540.81,271226,14.0966,4008.92,334817,14.0966,4538.74,411470,14.0966,5138.38,502973,14.0966,5817.04,610948,14.0966,6585.12,736653,14.0966,7454.39,880741,14.0966,8438.15,1.04302e+06,14.0966,9551.45,1.22224e+06,14.0966,10811.3,1.41602e+06,14.0966,12237,1.62086e+06,14.0966,11.7194,11.96,12.6541,2.21263,4.16949,0.989383,2.67766,5.84076,0.311842,3.14343,7.55825,0.0972771,3.63127,9.58578,0.0303237,4.15787,12.0912,0.00945211,4.73731,15.2286,0.00294633,5.38238,19.1721,0.000918508,6.10553,24.134,0.000286163,6.91951,30.3791,8.92692e-05,7.83792,38.2397,2.78121e-05,8.87555,48.1338,8.65134e-06,10.0489,60.5876,2.7882e-06,11.3761,76.2629,8.29036e-07,12.8779,95.9927,2.4373e-07,14.5775,120.825,4.33068e-09,16.5012,152.08,1.75749e-07,18.6784,191.415,-1.86328e-07,21.1428,240.917,1.91829e-07,23.9322,303.213,-1.81475e-07,27.0895,381.602,7.0186e-08,30.6634,480.231,-2.86769e-08,34.7087,604.316,2.40784e-07,39.2876,760.401,9.87368e-08,44.4705,956.705,1.22263e-07,50.3371,1203.54,-4.31966e-07,56.9776,1513.81,-1.9705e-07,64.494,1903.69,-2.763e-08,73.0018,2393.4,3.9185e-07,82.6317,3008.13,1.35379e-07,93.5318,3779.25,-4.16351e-08,105.869,4745.7,2.06965e-08,119.834,5955.6,-3.18887e-07,135.641,7468.12,-1.48271e-08,153.531,9355.62,2.00739e-07,173.781,11705.8,2.28358e-07,196.701,14624.1,-1.93587e-08,222.642,18235,-2.88101e-07,252.003,22683.4,-2.24732e-07,285.234,28134,8.56806e-09,322.845,34767,2.34258e-07,365.413,42770.9,2.99668e-07,413.588,52327.9,8.28644e-08,468.111,63591.2,-3.07049e-07,529.814,76653.2,-3.1888e-07,599.642,91502.5,-6.72276e-08,678.662,107975,2.26339e-07,768.083,125705,3.69212e-07,869.267,144088,2.04077e-07,983.76,162277,-2.80509e-07,1113.3,179223,-4.22737e-07,1259.87,193777,-1.71951e-07,1425.68,204839,4.55555e-07,11.7194,11.96,12.6541,2.21263,4.16949,0.989383,2.67766,5.84076,0.311842,3.14343,7.55825,0.0972771,3.63127,9.58578,0.0303237,4.15787,12.0912,0.00945211,4.73731,15.2286,0.00294633,5.38238,19.1721,0.000918508,6.10553,24.134,0.000286163,6.91951,30.3791,8.92692e-05,7.83792,38.2397,2.78121e-05,8.87555,48.1338,8.65134e-06,10.0489,60.5876,2.7882e-06,11.3761,76.2629,8.29036e-07,12.8779,95.9927,2.4373e-07,14.5775,120.825,1e-08,16.5012,152.08,1.75749e-07,18.6784,191.415,1e-08,21.1428,240.917,1.91829e-07,23.9322,303.213,1e-08,27.0895,381.602,7.0186e-08,30.6634,480.231,1e-08,34.7087,604.316,2.40784e-07,39.2876,760.401,9.87368e-08,44.4705,956.705,1.22263e-07,50.3371,1203.54,1e-08,56.9776,1513.81,1e-08,64.494,1903.69,1e-08,73.0018,2393.4,3.9185e-07,82.6317,3008.13,1.35379e-07,93.5318,3779.25,1e-08,105.869,4745.7,2.06965e-08,119.834,5955.6,1e-08,135.641,7468.12,1e-08,153.531,9355.62,2.00739e-07,173.781,11705.8,2.28358e-07,196.701,14624.1,1e-08,222.642,18235,1e-08,252.003,22683.4,1e-08,285.234,28134,1e-08,322.845,34767,2.34258e-07,365.413,42770.9,2.99668e-07,413.588,52327.9,8.28644e-08,468.111,63591.2,1e-08,529.814,76653.2,1e-08,599.642,91502.5,1e-08,678.662,107975,2.26339e-07,768.083,125705,3.69212e-07,869.267,144088,2.04077e-07,983.76,162277,1e-08,1113.3,179223,1e-08,1259.87,193777,1e-08,1425.68,204839,4.55555e-07,6.2823,3.27286,2.43537,0.219672,6.18826,2.24117,0.56371,6.87772,2.63624,0.308279,28,15,20,3,5,2,2,7,0,4,4,0,0,6,0,3,8,0,11,13,0,9,29,0,5,17,0,6,12,0,8,13,0,15,68,0,3,59,0,17,83,0,9,89,0,20,114,0,8,125,0,7,192,0,16,304,0,26,133,0,22,178,0,25,655,0,42,429,0,29,763,0,34,1519,0,16,1047,0,70,793,0,89,2209,0,89,3608,0,75,2037,0,58,4411,0,47,4673,0,110,4529,0,164,4806,0,106,11175,0,204,9810,0,185,25361,0,148,21803,0,204,34392,0,221,38415,0,391,26417,0,838,51065,0,388,51861,0,375,85957,0,663,44027,0,774,136272,0,1390,106117,0,287,108286,0,1290,42822,0,794,198462,0,1064,270943,0,1058,256485,0,1765,165058,0
-1.05176e+08,1,8.88811e-15,10,1023,0,1.05176e+08,0.528882,1.08665,0.389689,0.145397,0.379329,3.24381,0.161596,0.446195,1.77396,0.159177,1.15e+07,4.49998e+06,6.79999e+06,1.15e+07,4.49997e+06,6.79999e+06,1.15e+07,4.49996e+06,6.79999e+06,1.15e+07,4.49995e+06,6.79999e+06,1.14999e+07,4.49993e+06,6.79999e+06,1.14999e+07,4.49991e+06,6.79999e+06,1.14999e+07,4.49989e+06,6.79999e+06,1.14999e+07,4.49986e+06,6.79999e+06,1.14999e+07,4.49982e+06,6.79999e+06,1.14999e+07,4.49977e+06,6.79999e+06,1.14999e+07,4.49971e+06,6.79999e+06,1.14999e+07,4.49963e+06,6.79999e+06,1.14998e+07,4.49953e+06,6.79999e+06,1.14998e+07,4.49941e+06,6.79999e+06,1.14998e+07,4.49926e+06,6.79999e+06,1.14998e+07,4.49906e+06,6.79999e+06,1.14997e+07,4.49882e+06,6.79999e+06,1.14997e+07,4.49851e+06,6.79999e+06,1.14997e+07,4.49812e+06,6.79999e+06,1.14996e+07,4.49764e+06,6.79999e+06,1.14996e+07,4.49702e+06,6.79999e+06,1.14995e+07,4.49625e+06,6.79999e+06,1.14995e+07,4.49528e+06,6.79999e+06,1.14994e+07,4.49406e+06,6.79999e+06,1.14993e+07,4.49253e+06,6.79999e+06,1.14992e+07,4.49059e+06,6.79999e+06,1.14991e+07,4.48817e+06,6.79999e+06,1.1499e+07,4.48511e+06,6.79999e+06,1.14988e+07,4.48128e+06,6.79999e+06,1.14987e+07,4.47646e+06,6.79999e+06,1.14985e+07,4.47041e+06,6.79999e+06,1.14983e+07,4.46281e+06,6.79999e+06,1.14981e+07,4.4533e+06,6.79999e+06,1.14979e+07,4.44138e+06,6.79999e+06,1.14976e+07,4.42649e+06,6.79999e+06,1.14972e+07,4.40789e+06,6.79999e+06,1.14969e+07,4.38471e+06,6.79999e+06,1.14965e+07,4.35592e+06,6.79999e+06,1.1496e+07,4.32027e+06,6.79999e+06,1.14955e+07,4.27629e+06,6.79999e+06,1.14949e+07,4.22231e+06,6.79999e+06,1.14942e+07,4.15647e+06,6.79999e+06,1.14934e+07,4.07676e+06,6.79999e+06,1.14926e+07,3.98112e+06,6.79999e+06,1.14916e+07,3.86765e+06,6.79999e+06,1.14905e+07,3.73474e+06,6.79999e+06,1.14892e+07,3.58148e+06,6.79999e+06,1.14878e+07,3.40785e+06,6.79999e+06,1.14862e+07,3.21513e+06,6.79999e+06,1.14844e+07,3.00605e+06,6.79999e+06,1.14823e+07,2.7848e+06,6.79999e+06,1.148e+07,2.5568e+06,6.79999e+06,1.14773e+07,2.32825e+06,6.79999e+06,13.5742,8.52444,0.508366,16.8306,13.2585,0.162638,20.0035,17.569,0.0507846,23.2616,22.4214,0.0158319,26.7328,28.3297,0.00493498,30.5212,35.6974,0.00153831,34.7178,44.9473,0.000479527,39.4086,56.5822,0.000149456,44.6796,71.2245,4.66214e-05,50.6209,89.6543,1.45419e-05,57.3297,112.852,4.54748e-06,64.9129,142.051,1.43857e-06,73.4897,178.803,4.36618e-07,83.1934,225.062,1.40153e-07,94.1745,283.286,4.96378e-08,106.602,356.568,1.05434e-07,120.669,448.799,-6.49244e-08,136.59,564.873,1.70148e-07,154.611,710.948,-5.34594e-08,175.008,894.767,1.63407e-07,198.097,1126.06,8.04804e-08,224.231,1417.07,1.14667e-07,253.813,1783.15,-1.71227e-07,287.297,2243.62,-2.88466e-07,325.198,2822.67,-4.33651e-07,368.098,3550.67,7.9318e-08,416.657,4465.65,3.13319e-07,471.621,5615.16,3.4613e-07,533.835,7058.61,-1.19199e-07,604.255,8870.02,-2.79964e-07,683.962,11141.4,-2.30521e-07,774.182,13986.7,-2.55099e-07,876.299,17546.4,1.23585e-07,991.883,21993.1,1.41192e-07,1122.71,27536.7,-9.71886e-08,1270.78,34430.7,-3.68368e-07,1438.38,42977.7,-3.45379e-07,1628.07,53532.7,-3.25328e-09,1842.77,66504.6,2.6362e-07,2085.77,82350.2,2.53445e-07,2360.79,101560,-2.47407e-08,2672.05,124632,-3.80602e-07,3024.31,152018,-4.79005e-07,3422.98,184060,-1.14379e-07,3874.15,220884,2.64297e-07,4384.72,262283,3.44131e-07,4962.49,307576,7.5349e-08,5616.29,355497,-3.63097e-07,6356.1,404126,-6.05442e-07,7193.18,450932,-2.72333e-07,8140.28,492963,2.29675e-07,9211.79,527178,4.3387e-07,10424,550893,-1.0711e-07,10.102,8.06553,2.81012,10.6436,8.57909,0.869423,11.5336,10.2515,0.270869,12.7211,12.7138,0.0844293,14.1823,15.9373,0.0263173,15.9122,20.0383,0.0082035,17.9198,25.2154,0.00255722,20.2244,31.7373,0.000797017,22.8539,39.9486,0.000248622,25.8438,50.2851,7.75492e-05,29.237,63.2963,2.42508e-05,33.0837,79.6738,7.67162e-06,37.4415,100.288,2.32837e-06,42.3767,126.236,7.33e-07,47.9646,158.896,2.79256e-07,54.2906,200.003,9.87351e-09,61.452,251.741,1.61085e-07,69.5585,316.859,-2.47141e-07,78.7347,398.812,8.93552e-08,89.1218,501.948,-2.53231e-07,100.879,631.736,-1.25047e-07,114.188,795.049,-1.78808e-07,129.252,1000.53,2.6733e-07,146.304,1259.03,4.50292e-07,165.605,1584.19,6.76904e-07,187.452,1993.12,-1.23808e-07,212.181,2507.27,-4.89068e-07,240.173,3153.54,-5.40284e-07,271.856,3965.56,1.86061e-07,307.719,4985.38,4.37004e-07,348.313,6265.4,3.59828e-07,394.26,7870.83,3.98192e-07,446.268,9882.51,-1.92908e-07,505.135,12400.3,-2.20392e-07,571.766,15546.9,1.51705e-07,647.184,19472.2,5.74996e-07,732.547,24357.4,5.39112e-07,829.167,30420,5.07815e-09,938.526,37916.3,-4.11492e-07,1062.3,47143.9,-3.9561e-07,1202.4,58439.2,3.86185e-08,1360.96,72169.3,5.94093e-07,1540.42,88715.8,7.47693e-07,1743.53,108445,1.78537e-07,1973.41,131665,-4.12549e-07,2233.57,158557,-5.37164e-07,2528,189103,-1.17615e-07,2861.2,222986,5.66769e-07,3238.27,259510,9.45053e-07,3664.97,297540,4.25093e-07,4147.81,335497,-3.58506e-07,4694.17,371444,-6.7724e-07,5312.37,403256,1.67192e-07,1.61744,3.89446,9.84394,3.28846,7.5504,12.774,5.07607,11.7187,13.6844,7.03202,16.8147,13.9681,9.20215,23.1769,14.0566,11.6301,31.1672,14.0841,14.3598,41.2186,14.0927,17.4376,53.8688,14.0954,20.9137,69.7915,14.0962,24.8432,89.8341,14.0965,29.2879,115.063,14.0966,34.3168,146.819,14.0966,40.0078,186.792,14.0966,46.4487,237.107,14.0966,53.7388,300.44,14.0966,61.9903,380.158,14.0966,71.3301,480.499,14.0966,81.902,606.796,14.0966,93.8685,765.761,14.0966,107.414,965.837,14.0966,122.746,1217.65,14.0966,140.101,1534.57,14.0966,159.745,1933.41,14.0966,181.981,2435.3,14.0966,207.15,3066.85,14.0966,235.64,3861.46,14.0966,267.889,4861.11,14.0966,304.391,6118.54,14.0966,345.709,7699.91,14.0966,392.478,9688.22,14.0966,445.417,12187.5,14.0966,505.339,15327.7,14.0966,573.165,19271.6,14.0966,649.938,24222,14.0966,736.839,30430.9,14.0966,835.202,38211.5,14.0966,946.539,47950.3,14.0966,1072.56,60122.8,14.0966,1215.21,75309.9,14.0966,1376.66,94216.2,14.0966,1559.41,117688,14.0966,1766.26,146729,14.0966,2000.39,182510,14.0966,2265.39,226372,14.0966,2565.33,279806,14.0966,2904.81,344416,14.0966,3289.05,421845,14.0966,3723.93,513667,14.0966,4216.13,621231,14.0966,4773.18,745478,14.0966,5403.64,886744,14.0966,6117.15,1.04457e+06,14.0966,6924.63,1.2176e+06,14.0966,11.7194,11.96,12.6541,13.9321,16.1295,13.6434,16.6097,21.9702,13.9553,19.7532,29.5285,14.0526,23.3844,39.1143,14.0829,27.5423,51.2054,14.0923,32.2796,66.434,14.0953,37.662,85.6061,14.0962,43.7675,109.74,14.0965,50.687,140.119,14.0966,58.5249,178.359,14.0966,67.4005,226.493,14.0966,77.4493,287.08,14.0966,88.8254,363.343,14.0966,101.703,459.336,14.0966,116.281,580.161,14.0966,132.782,732.241,14.0966,151.46,923.655,14.0966,172.603,1164.57,14.0966,196.535,1467.79,14.0966,223.625,1849.39,14.0966,254.288,2329.62,14.0966,288.997,2933.93,14.0966,328.285,3694.33,14.0966,372.755,4651.04,14.0966,423.092,5854.57,14.0966,480.07,7368.38,14.0966,544.564,9272.08,14.0966,617.566,11665.5,14.0966,700.197,14673.6,14.0966,793.729,18452.9,14.0966,899.599,23198.6,14.0966,1019.43,29154.1,14.0966,1155.07,36622.3,14.0966,1308.6,45977.9,14.0966,1482.39,57683.7,14.0966,1679.09,72307.8,14.0966,1901.73,90542.8,14.0966,2153.73,113226,14.0966,2438.97,141360,14.0966,2761.81,176127,14.0966,3127.22,218898,14.0966,3540.81,271226,14.0966,4008.92,334817,14.0966,4538.74,411470,14.0966,5138.38,502973,14.0966,5817.04,610948,14.0966,6585.12,736653,14.0966,7454.39,880741,14.0966,8438.15,1.04302e+06,14.0966,9551.45,1.22224e+06,14.0966,10811.3,1.41602e+06,14.0966,12237,1.62086e+06,14.0966,11.7194,11.96,12.6541,2.21263,4.16949,0.989383,2.67766,5.84076,0.311842,3.14343,7.55825,0.0972771,3.63127,9.58578,0.0303237,4.15787,12.0912,0.00945211,4.73731,15.2286,0.00294633,5.38238,19.1721,0.000918508,6.10553,24.134,0.000286163,6.91951,30.3791,8.92692e-05,7.83792,38.2397,2.78121e-05,8.87555,48.1338,8.65134e-06,10.0489,60.5876,2.7882e-06,11.3761,76.2629,8.29036e-07,12.8779,95.9927,2.4373e-07,14.5775,120.825,4.33068e-09,16.5012,152.08,1.75749e-07,18.6784,191.415,-1.86328e-07,21.1428,240.917,1.91829e-07,23.9322,303.213,-1.81475e-07,27.0895,381.602,7.0186e-08,30.6634,480.231,-2.86769e-08,34.7087,604.316,2.40784e-07,39.2876,760.401,9.87368e-08,44.4705,956.705,1.22263e-07,50.3371,1203.54,-4.31966e-07,56.9776,1513.81,-1.9705e-07,64.494,1903.69,-2.763e-08,73.0018,2393.4,3.9185e-07,82.6317,3008.13,1.35379e-07,93.5318,3779.25,-4.16351e-08,105.869,4745.7,2.06965e-08,119.834,5955.6,-3.18887e-07,135.641,7468.12,-1.48271e-08,153.531,9355.62,2.00739e-07,173.781,11705.8,2.28358e-07,196.701,14624.1,-1.93587e-08,222.642,18235,-2.88101e-07,252.003,22683.4,-2.24732e-07,285.234,28134,8.56806e-09,322.845,34767,2.34258e-07,365.413,42770.9,2.99668e-07,413.588,52327.9,8.28644e-08,468.111,63591.2,-3.07049e-07,529.814,76653.2,-3.1888e-07,599.642,91502.5,-6.72276e-08,678.662,107975,2.26339e-07,768.083,125705,3.69212e-07,869.267,144088,2.04077e-07,983.76,162277,-2.80509e-07,1113.3,179223,-4.22737e-07,1259.87,193777,-1.71951e-07,1425.68,204839,4.55555e-07,11.7194,11.96,12.6541,2.21263,4.16949,0.989383,2.67766,5.84076,0.311842,3.14343,7.55825,0.0972771,3.63127,9.58578,0.0303237,4.15787,12.0912,0.00945211,4.73731,15.2286,0.00294633,5.38238,19.1721,0.000918508,6.10553,24.134,0.000286163,6.91951,30.3791,8.92692e-05,7.83792,38.2397,2.78121e-05,8.87555,48.1338,8.65134e-06,10.0489,60.5876,2.7882e-06,11.3761,76.2629,8.29036e-07,12.8779,95.9927,2.4373e-07,14.5775,120.825,1e-08,16.5012,152.08,1.75749e-07,18.6784,191.415,1e-08,21.1428,240.917,1.91829e-07,23.9322,303.213,1e-08,27.0895,381.602,7.0186e-08,30.6634,480.231,1e-08,34.7087,604.316,2.40784e-07,39.2876,760.401,9.87368e-08,44.4705,956.705,1.22263e-07,50.3371,1203.54,1e-08,56.9776,1513.81,1e-08,64.494,1903.69,1e-08,73.0018,2393.4,3.9185e-07,82.6317,3008.13,1.35379e-07,93.5318,3779.25,1e-08,105.869,4745.7,2.06965e-08,119.834,5955.6,1e-08,135.641,7468.12,1e-08,153.531,9355.62,2.00739e-07,173.781,11705.8,2.28358e-07,196.701,14624.1,1e-08,222.642,18235,1e-08,252.003,22683.4,1e-08,285.234,28134,1e-08,322.845,34767,2.34258e-07,365.413,42770.9,2.99668e-07,413.588,52327.9,8.28644e-08,468.111,63591.2,1e-08,529.814,76653.2,1e-08,599.642,91502.5,1e-08,678.662,107975,2.26339e-07,768.083,125705,3.69212e-07,869.267,144088,2.04077e-07,983.76,162277,1e-08,1113.3,179223,1e-08,1259.87,193777,1e-08,1425.68,204839,4.55555e-07,6.2823,3.27286,2.43537,0.219672,6.18826,2.24117,0.56371,6.87772,2.63624,0.308279,12,6,20,1,9,1,1,7,0,6,3,0,3,7,0,4,2,0,11,7,0,14,15,0,1,22,0,4,23,0,5,83,0,12,29,0,10,98,0,3,75,0,9,69,0,13,154,0,12,163,0,6,383,0,23,275,0,13,163,0,24,856,0,34,823,0,38,663,0,37,384,0,11,899,0,51,1017,0,58,3035,0,50,2905,0,108,3255,0,84,4032,0,43,2555,0,115,4915,0,141,4877,0,87,6328,0,228,8046,0,147,12642,0,138,10684,0,387,26850,0,159,12264,0,662,24273,0,385,31020,0,394,35570,0,671,40843,0,399,68621,0,515,45501,0,689,35781,0,1414,117173,0,480,92821,0,1169,91093,0,564,194064,0,1301,124485,0,1652,213734,0,1492,121585,0
-1.05176e+08,7.86429e-46,8.88811e-15,10,1023,0,1.05176e+08,0.528882,1.08665,0.389689,0.145397,0.379329,3.24381,0.161596,0.446195,1.77396,0.159177,1.15e+07,4.49998e+06,6.79999e+06,1.15e+07,4.49997e+06,6.79999e+06,1.15e+07,4.49996e+06,6.79999e+06,1.15e+07,4.49995e+06,6.79999e+06,1.14999e+07,4.49993e+06,6.79999e+06,1.14999e+07,4.49991e+06,6.79999e+06,1.14999e+07,4.49989e+06,6.79999e+06,1.14999e+07,4.49986e+06,6.79999e+06,1.14999e+07,4.49982e+06,6.79999e+06,1.14999e+07,4.49977e+06,6.79999e+06,1.14999e+07,4.49971e+06,6.79999e+06,1.14999e+07,4.49963e+06,6.79999e+06,1.14998e+07,4.49953e+06,6.79999e+06,1.14998e+07,4.49941e+06,6.79999e+06,1.14998e+07,4.49926e+06,6.79999e+06,1.14998e+07,4.49906e+06,6.79999e+06,1.14997e+07,4.49882e+06,6.79999e+06,1.14997e+07,4.49851e+06,6.79999e+06,1.14997e+07,4.49812e+06,6.79999e+06,1.14996e+07,4.49764e+06,6.79999e+06,1.14996e+07,4.49702e+06,6.79999e+06,1.14995e+07,4.49625e+06,6.79999e+06,1.14995e+07,4.49528e+06,6.79999e+06,1.14994e+07,4.49406e+06,6.79999e+06,1.14993e+07,4.49253e+06,6.79999e+06,1.14992e+07,4.49059e+06,6.79999e+06,1.14991e+07,4.48817e+06,6.79999e+06,1.1499e+07,4.48511e+06,6.79999e+06,1.14988e+07,4.48128e+06,6.79999e+06,1.14987e+07,4.47646e+06,6.79999e+06,1.14985e+07,4.47041e+06,6.79999e+06,1.14983e+07,4.46281e+06,6.79999e+06,1.14981e+07,4.4533e+06,6.79999e+06,1.14979e+07,4.44138e+06,6.79999e+06,1.14976e+07,4.42649e+06,6.79999e+06,1.14972e+07,4.40789e+06,6.79999e+06,1.14969e+07,4.38471e+06,6.79999e+06,1.14965e+07,4.35592e+06,6.79999e+06,1.1496e+07,4.32027e+06,6.79999e+06,1.14955e+07,4.27629e+06,6.79999e+06,1.14949e+07,4.22231e+06,6.79999e+06,1.14942e+07,4.15647e+06,6.79999e+06,1.14934e+07,4.07676e+06,6.79999e+06,1.14926e+07,3.98112e+06,6.79999e+06,1.14916e+07,3.86765e+06,6.79999e+06,1.14905e+07,3.73474e+06,6.79999e+06,1.14892e+07,3.58148e+06,6.79999e+06,1.14878e+07,3.40785e+06,6.79999e+06,1.14862e+07,3.21513e+06,6.79999e+06,1.14844e+07,3.00605e+06,6.79999e+06,1.14823e+07,2.7848e+06,6.79999e+06,1.148e+07,2.5568e+06,6.79999e+06,1.14773e+07,2.32825e+06,6.79999e+06,13.5742,8.52444,0.508366,16.8306,13.2585,0.162638,20.0035,17.569,0.0507846,23.2616,22.4214,0.0158319,26.7328,28.3297,0.00493498,30.5212,35.6974,0.00153831,34.7178,44.9473,0.000479527,39.4086,56.5822,0.000149456,44.6796,71.2245,4.66214e-05,50.6209,89.6543,1.45419e-05,57.3297,112.852,4.54748e-06,64.9129,142.051,1.43857e-06,73.4897,178.803,4.36618e-07,83.1934,225.062,1.40153e-07,94.1745,283.286,4.96378e-08,106.602,356.568,1.05434e-07,120.669,448.799,-6.49244e-08,136.59,564.873,1.70148e-07,154.611,710.948,-5.34594e-08,175.008,894.767,1.63407e-07,198.097,1126.06,8.04804e-08,224.231,1417.07,1.14667e-07,253.813,1783.15,-1.71227e-07,287.297,2243.62,-2.88466e-07,325.198,2822.67,-4.33651e-07,368.098,3550.67,7.9318e-08,416.657,4465.65,3.13319e-07,471.621,5615.16,3.4613e-07,533.835,7058.61,-1.19199e-07,604.255,8870.02,-2.79964e-07,683.962,11141.4,-2.30521e-07,774.182,13986.7,-2.55099e-07,876.299,17546.4,1.23585e-07,991.883,21993.1,1.41192e-07,1122.71,27536.7,-9.71886e-08,1270.78,34430.7,-3.68368e-07,1438.38,42977.7,-3.45379e-07,1628.07,53532.7,-3.25328e-09,1842.77,66504.6,2.6362e-07,2085.77,82350.2,2.53445e-07,2360.79,101560,-2.47407e-08,2672.05,124632,-3.80602e-07,3024.31,152018,-4.79005e-07,3422.98,184060,-1.14379e-07,3874.15,220884,2.64297e-07,4384.72,262283,3.44131e-07,4962.49,307576,7.5349e-08,5616.29,355497,-3.63097e-07,6356.1,404126,-6.05442e-07,7193.18,450932,-2.72333e-07,8140.28,492963,2.29675e-07,9211.79,527178,4.3387e-07,10424,550893,-1.0711e-07,10.102,8.06553,2.81012,10.6436,8.57909,0.869423,11.5336,10.2515,0.270869,12.7211,12.7138,0.0844293,14.1823,15.9373,0.0263173,15.9122,20.0383,0.0082035,17.9198,25.2154,0.00255722,20.2244,31.7373,0.000797017,22.8539,39.9486,0.000248622,25.8438,50.2851,7.75492e-05,29.237,63.2963,2.42508e-05,33.0837,79.6738,7.67162e-06,37.4415,100.288,2.32837e-06,42.3767,126.236,7.33e-07,47.9646,158.896,2.79256e-07,54.2906,200.003,9.87351e-09,61.452,251.741,1.61085e-07,69.5585,316.859,-2.47141e-07,78.7347,398.812,8.93552e-08,89.1218,501.948,-2.53231e-07,100.879,631.736,-1.25047e-07,114.188,795.049,-1.78808e-07,129.252,1000.53,2.6733e-07,146.304,1259.03,4.50292e-07,165.605,1584.19,6.76904e-07,187.452,1993.12,-1.23808e-07,212.181,2507.27,-4.89068e-07,240.173,3153.54,-5.40284e-07,271.856,3965.56,1.86061e-07,307.719,4985.38,4.37004e-07,348.313,6265.4,3.59828e-07,394.26,7870.83,3.98192e-07,446.268,9882.51,-1.92908e-07,505.135,12400.3,-2.20392e-07,571.766,15546.9,1.51705e-07,647.184,19472.2,5.74996e-07,732.547,24357.4,5.39112e-07,829.167,30420,5.07815e-09,938.526,37916.3,-4.11492e-07,1062.3,47143.9,-3.9561e-07,1202.4,58439.2,3.86185e-08,1360.96,72169.3,5.94093e-07,1540.42,88715.8,7.47693e-07,1743.53,108445,1.78537e-07,1973.41,131665,-4.12549e-07,2233.57,158557,-5.37164e-07,2528,189103,-1.17615e-07,2861.2,222986,5.66769e-07,3238.27,259510,9.45053e-07,3664.97,297540,4.25093e-07,4147.81,335497,-3.58506e-07,4694.17,371444,-6.7724e-07,5312.37,403256,1.67192e-07,1.61744,3.89446,9.84394,3.28846,7.5504,12.774,5.07607,11.7187,13.6844,7.03202,16.8147,13.9681,9.20215,23.1769,14.0566,11.6301,31.1672,14.0841,14.3598,41.2186,14.0927,17.4376,53.8688,14.0954,20.9137,69.7915,14.0962,24.8432,89.8341,14.0965,29.2879,115.063,14.0966,34.3168,146.819,14.0966,40.0078,186.792,14.0966,46.4487,237.107,14.0966,53.7388,300.44,14.0966,61.9903,380.158,14.0966,71.3301,480.499,14.0966,81.902,606.796,14.0966,93.8685,765.761,14.0966,107.414,965.837,14.0966,122.746,1217.65,14.0966,140.101,1534.57,14.0966,159.745,1933.41,14.0966,181.981,2435.3,14.0966,207.15,3066.85,14.0966,235.64,3861.46,14.0966,267.889,4861.11,14.0966,304.391,6118.54,14.0966,345.709,7699.91,14.0966,392.478,9688.22,14.0966,445.417,12187.5,14.0966,505.339,15327.7,14.0966,573.165,19271.6,14.0966,649.938,24222,14.0966,736.839,30430.9,14.0966,835.202,38211.5,14.0966,946.539,47950.3,14.0966,1072.56,60122.8,14.0966,1215.21,75309.9,14.0966,1376.66,94216.2,14.0966,1559.41,117688,14.0966,1766.26,146729,14.0966,2000.39,182510,14.0966,2265.39,226372,14.0966,2565.33,279806,14.0966,2904.81,344416,14.0966,3289.05,421845,14.0966,3723.93,513667,14.0966,4216.13,621231,14.0966,4773.18,745478,14.0966,5403.64,886744,14.0966,6117.15,1.04457e+06,14.0966,6924.63,1.2176e+06,14.0966,11.7194,11.96,12.6541,13.9321,16.1295,13.6434,16.6097,21.9702,13.9553,19.7532,29.5285,14.0526,23.3844,39.1143,14.0829,27.5423,51.2054,14.0923,32.2796,66.434,14.0953,37.662,85.6061,14.0962,43.7675,109.74,14.0965,50.687,140.119,14.0966,58.5249,178.359,14.0966,67.4005,226.493,14.0966,77.4493,287.08,14.0966,88.8254,363.343,14.0966,101.703,459.336,14.0966,116.281,580.161,14.0966,132.782,732.241,14.0966,151.46,923.655,14.0966,172.603,1164.57,14.0966,196.535,1467.79,14.0966,223.625,1849.39,14.0966,254.288,2329.62,14.0966,288.997,2933.93,14.0966,328.285,3694.33,14.0966,372.755,4651.04,14.0966,423.092,5854.57,14.0966,480.07,7368.38,14.0966,544.564,9272.08,14.0966,617.566,11665.5,14.0966,700.197,14673.6,14.0966,793.729,18452.9,14.0966,899.599,23198.6,14.0966,1019.43,29154.1,14.0966,1155.07,36622.3,14.0966,1308.6,45977.9,14.0966,1482.39,57683.7,14.0966,1679.09,72307.8,14.0966,1901.73,90542.8,14.0966,2153.73,113226,14.0966,2438.97,141360,14.0966,2761.81,176127,14.0966,3127.22,218898,14.0966,3540.81,271226,14.0966,4008.92,334817,14.0966,4538.74,411470,14.0966,5138.38,502973,14.0966,5817.04,610948,14.0966,6585.12,736653,14.0966,7454.39,880741,14.0966,8438.15,1.04302e+06,14.0966,9551.45,1.22224e+06,14.0966,10811.3,1.41602e+06,14.0966,12237,1.62086e+06,14.0966,11.7194,11.96,12.6541,2.21263,4.16949,0.989383,2.67766,5.84076,0.311842,3.14343,7.55825,0.0972771,3.63127,9.58578,0.0303237,4.15787,12.0912,0.00945211,4.73731,15.2286,0.00294633,5.38238,19.1721,0.000918508,6.10553,24.134,0.000286163,6.91951,30.3791,8.92692e-05,7.83792,38.2397,2.78121e-05,8.87555,48.1338,8.65134e-06,10.0489,60.5876,2.7882e-06,11.3761,76.2629,8.29036e-07,12.8779,95.9927,2.4373e-07,14.5775,120.825,4.33068e-09,16.5012,152.08,1.75749e-07,18.6784,191.415,-1.86328e-07,21.1428,240.917,1.91829e-07,23.9322,303.213,-1.81475e-07,27.0895,381.602,7.0186e-08,30.6634,480.231,-2.86769e-08,34.7087,604.316,2.40784e-07,39.2876,760.401,9.87368e-08,44.4705,956.705,1.22263e-07,50.3371,1203.54,-4.31966e-07,56.9776,1513.81,-1.9705e-07,64.494,1903.69,-2.763e-08,73.0018,2393.4,3.9185e-07,82.6317,3008.13,1.35379e-07,93.5318,3779.25,-4.16351e-08,105.869,4745.7,2.06965e-08,119.834,5955.6,-3.18887e-07,135.641,7468.12,-1.48271e-08,153.531,9355.62,2.00739e-07,173.781,11705.8,2.28358e-07,196.701,14624.1,-1.93587e-08,222.642,18235,-2.88101e-07,252.003,22683.4,-2.24732e-07,285.234,28134,8.56806e-09,322.845,34767,2.34258e-07,365.413,42770.9,2.99668e-07,413.588,52327.9,8.28644e-08,468.111,63591.2,-3.07049e-07,529.814,76653.2,-3.1888e-07,599.642,91502.5,-6.72276e-08,678.662,107975,2.26339e-07,768.083,125705,3.69212e-07,869.267,144088,2.04077e-07,983.76,162277,-2.80509e-07,1113.3,179223,-4.22737e-07,1259.87,193777,-1.71951e-07,1425.68,204839,4.55555e-07,11.7194,11.96,12.6541,2.21263,4.16949,0.989383,2.67766,5.84076,0.311842,3.14343,7.55825,0.0972771,3.63127,9.58578,0.0303237,4.15787,12.0912,0.00945211,4.73731,15.2286,0.00294633,5.38238,19.1721,0.000918508,6.10553,24.134,0.000286163,6.91951,30.3791,8.92692e-05,7.83792,38.2397,2.78121e-05,8.87555,48.1338,8.65134e-06,10.0489,60.5876,2.7882e-06,11.3761,76.2629,8.29036e-07,12.8779,95.9927,2.4373e-07,14.5775,120.825,1e-08,16.5012,152.08,1.75749e-07,18.6784,191.415,1e-08,21.1428,240.917,1.91829e-07,23.9322,303.213,1e-08,27.0895,381.602,7.0186e-08,30.6634,480.231,1e-08,34.7087,604.316,2.40784e-07,39.2876,760.401,9.87368e-08,44.4705,956.705,1.22263e-07,50.3371,1203.54,1e-08,56.9776,1513.81,1e-08,64.494,1903.69,1e-08,73.0018,2393.4,3.9185e-07,82.6317,3008.13,1.35379e-07,93.5318,3779.25,1e-08,105.869,4745.7,2.06965e-08,119.834,5955.6,1e-08,135.641,7468.12,1e-08,153.531,9355.62,2.00739e-07,173.781,11705.8,2.28358e-07,196.701,14624.1,1e-08,222.642,18235,1e-08,252.003,22683.4,1e-08,285.234,28134,1e-08,322.845,34767,2.34258e-07,365.413,42770.9,2.99668e-07,413.588,52327.9,8.28644e-08,468.111,63591.2,1e-08,529.814,76653.2,1e-08,599.642,91502.5,1e-08,678.662,107975,2.26339e-07,768.083,125705,3.69212e-07,869.267,144088,2.04077e-07,983.76,162277,1e-08,1113.3,179223,1e-08,1259.87,193777,1e-08,1425.68,204839,4.55555e-07,6.2823,3.27286,2.43537,0.219672,6.18826,2.24117,0.56371,6.87772,2.63624,0.308279,11,10,3,2,1,1,3,5,0,0,14,0,2,2,0,5,3,0,1,10,0,5,43,0,3,15,0,9,15,0,8,51,0,10,57,0,11,45,0,7,52,0,8,158,0,24,146,0,41,149,0,17,194,0,13,240,0,13,207,0,41,444,0,40,605,0,13,789,0,46,422,0,30,1497,0,25,966,0,55,1324,0,80,988,0,122,2578,0,107,3156,0,67,2920,0,161,5396,0,195,3427,0,136,13879,0,157,6639,0,109,9438,0,205,13043,0,277,20361,0,313,8839,0,319,34418,0,277,24335,0,414,31501,0,295,32907,0,291,65935,0,848,64436,0,353,59936,0,467,81488,0,1531,96286,0,1195,117639,0,841,126470,0,1388,261924,0,663,249490,0,1532,127377,0
-1.05176e+08,1,8.88811e-15,10,1023,0,1.05176e+08,0.528882,1.08665,0.389689,0.145397,0.379329,3.24381,0.161596,0.446195,1.77396,0.159177,1.15e+07,4.49998e+06,6.79999e+06,1.15e+07,4.49997e+06,6.79999e+06,1.15e+07,4.49996e+06,6.79999e+06,1.15e+07,4.49995e+06,6.79999e+06,1.14999e+07,4.49993e+06,6.79999e+06,1.14999e+07,4.49991e+06,6.79999e+06,1.14999e+07,4.49989e+06,6.79999e+06,1.14999e+07,4.49986e+06,6.79999e+06,1.14999e+07,4.49982e+06,6.79999e+06,1.14999e+07,4.49977e+06,6.79999e+06,1.14999e+07,4.49971e+06,6.79999e+06,1.14999e+07,4.49963e+06,6.79999e+06,1.14998e+07,4.49953e+06,6.79999e+06,1.14998e+07,4.49941e+06,6.79999e+06,1.14998e+07,4.49926e+06,6.79999e+06,1.14998e+07,4.49906e+06,6.79999e+06,1.14997e+07,4.49882e+06,6.79999e+06,1.14997e+07,4.49851e+06,6.79999e+06,1.14997e+07,4.49812e+06,6.79999e+06,1.14996e+07,4.49764e+06,6.79999e+06,1.14996e+07,4.49702e+06,6.79999e+06,1.14995e+07,4.49625e+06,6.79999e+06,1.14995e+07,4.49528e+06,6.79999e+06,1.14994e+07,4.49406e+06,6.79999e+06,1.14993e+07,4.49253e+06,6.79999e+06,1.14992e+07,4.49059e+06,6.79999e+06,1.14991e+07,4.48817e+06,6.79999e+06,1.1499e+07,4.48511e+06,6.79999e+06,1.14988e+07,4.48128e+06,6.79999e+06,1.14987e+07,4.47646e+06,6.79999e+06,1.14985e+07,4.47041e+06,6.79999e+06,1.14983e+07,4.46281e+06,6.79999e+06,1.14981e+07,4.4533e+06,6.79999e+06,1.14979e+07,4.44138e+06,6.79999e+06,1.14976e+07,4.42649e+06,6.79999e+06,1.14972e+07,4.40789e+06,6.79999e+06,1.14969e+07,4.38471e+06,6.79999e+06,1.14965e+07,4.35592e+06,6.79999e+06,1.1496e+07,4.32027e+06,6.79999e+06,1.14955e+07,4.27629e+06,6.79999e+06,1.14949e+07,4.22231e+06,6.79999e+06,1.14942e+07,4.15647e+06,6.79999e+06,1.14934e+07,4.07676e+06,6.79999e+06,1.14926e+07,3.98112e+06,6.79999e+06,1.14916e+07,3.86765e+06,6.79999e+06,1.14905e+07,3.73474e+06,6.79999e+06,1.14892e+07,3.58148e+06,6.79999e+06,1.14878e+07,3.40785e+06,6.79999e+06,1.14862e+07,3.21513e+06,6.79999e+06,1.14844e+07,3.00605e+06,6.79999e+06,1.14823e+07,2.7848e+06,6.79999e+06,1.148e+07,2.5568e+06,6.79999e+06,1.14773e+07,2.32825e+06,6.79999e+06,13.5742,8.52444,0.508366,16.8306,13.2585,0.162638,20.0035,17.569,0.0507846,23.2616,22.4214,0.0158319,26.7328,28.3297,0.00493498,30.5212,35.6974,0.00153831,34.7178,44.9473,0.000479527,39.4086,56.5822,0.000149456,44.6796,71.2245,4.66214e-05,50.6209,89.6543,1.45419e-05,57.3297,112.852,4.54748e-06,64.9129,142.051,1.43857e-06,73.4897,178.803,4.36618e-07,83.1934,225.062,1.40153e-07,94.1745,283.286,4.96378e-08,106.602,356.568,1.05434e-07,120.669,448.799,-6.49244e-08,136.59,564.873,1.70148e-07,154.611,710.948,-5.34594e-08,175.008,894.767,1.63407e-07,198.097,1126.06,8.04804e-08,224.231,1417.07,1.14667e-07,253.813,1783.15,-1.71227e-07,287.297,2243.62,-2.88466e-07,325.198,2822.67,-4.33651e-07,368.098,3550.67,7.9318e-08,416.657,4465.65,3.13319e-07,471.621,5615.16,3.4613e-07,533.835,7058.61,-1.19199e-07,604.255,8870.02,-2.79964e-07,683.962,11141.4,-2.30521e-07,774.182,13986.7,-2.55099e-07,876.299,17546.4,1.23585e-07,991.883,21993.1,1.41192e-07,1122.71,27536.7,-9.71886e-08,1270.78,34430.7,-3.68368e-07,1438.38,42977.7,-3.45379e-07,1628.07,53532.7,-3.25328e-09,1842.77,66504.6,2.6362e-07,2085.77,82350.2,2.53445e-07,2360.79,101560,-2.47407e-08,2672.05,124632,-3.80602e-07,3024.31,152018,-4.79005e-07,3422.98,184060,-1.14379e-07,3874.15,220884,2.64297e-07,4384.72,262283,3.44131e-07,4962.49,307576,7.5349e-08,5616.29,355497,-3.63097e-07,6356.1,404126,-6.05442e-07,7193.18,450932,-2.72333e-07,8140.28,492963,2.29675e-07,9211.79,527178,4.3387e-07,10424,550893,-1.0711e-07,10.102,8.06553,2.81012,10.6436,8.57909,0.869423,11.5336,10.2515,0.270869,12.7211,12.7138,0.0844293,14.1823,15.9373,0.0263173,15.9122,20.0383,0.0082035,17.9198,25.2154,0.00255722,20.2244,31.7373,0.000797017,22.8539,39.9486,0.000248622,25.8438,50.2851,7.75492e-05,29.237,63.2963,2.42508e-05,33.0837,79.6738,7.67162e-06,37.4415,100.288,2.32837e-06,42.3767,126.236,7.33e-07,47.9646,158.896,2.79256e-07,54.2906,200.003,9.87351e-09,61.452,251.741,1.61085e-07,69.5585,316.859,-2.47141e-07,78.7347,398.812,8.93552e-08,89.1218,501.948,-2.53231e-07,100.879,631.736,-1.25047e-07,114.188,795.049,-1.78808e-07,129.252,1000.53,2.6733e-07,146.304,1259.03,4.50292e-07,165.605,1584.19,6.76904e-07,187.452,1993.12,-1.23808e-07,212.181,2507.27,-4.89068e-07,240.173,3153.54,-5.40284e-07,271.856,3965.56,1.86061e-07,307.719,4985.38,4.37004e-07,348.313,6265.4,3.59828e-07,394.26,7870.83,3.98192e-07,446.268,9882.51,-1.92908e-07,505.135,12400.3,-2.20392e-07,571.766,15546.9,1.51705e-07,647.184,19472.2,5.74996e-07,732.547,24357.4,5.39112e-07,829.167,30420,5.07815e-09,938.526,37916.3,-4.11492e-07,1062.3,47143.9,-3.9561e-07,1202.4,58439.2,3.86185e-08,1360.96,72169.3,5.94093e-07,1540.42,88715.8,7.47693e-07,1743.53,108445,1.78537e-07,1973.41,131665,-4.12549e-07,2233.57,158557,-5.37164e-07,2528,189103,-1.17615e-07,2861.2,222986,5.66769e-07,3238.27,259510,9.45053e-07,3664.97,297540,4.25093e-07,4147.81,335497,-3.58506e-07,4694.17,371444,-6.7724e-07,5312.37,403256,1.67192e-07,1.61744,3.89446,9.84394,3.28846,7.5504,12.774,5.07607,11.7187,13.6844,7.03202,16.8147,13.9681,9.20215,23.1769,14.0566,11.6301,31.1672,14.0841,14.3598,41.2186,14.0927,17.4376,53.8688,14.0954,20.9137,69.7915,14.0962,24.8432,89.8341,14.0965,29.2879,115.063,14.0966,34.3168,146.819,14.0966,40.0078,186.792,14.0966,46.4487,237.107,14.0966,53.7388,300.44,14.0966,61.9903,380.158,14.0966,71.3301,480.499,14.0966,81.902,606.796,14.0966,93.8685,765.761,14.0966,107.414,965.837,14.0966,122.746,1217.65,14.0966,140.101,1534.57,14.0966,159.745,1933.41,14.0966,181.981,2435.3,14.0966,207.15,3066.85,14.0966,235.64,3861.46,14.0966,267.889,4861.11,14.0966,304.391,6118.54,14.0966,345.709,7699.91,14.0966,392.478,9688.22,14.0966,445.417,12187.5,14.0966,505.339,15327.7,14.0966,573.165,19271.6,14.0966,649.938,24222,14.0966,736.839,30430.9,14.0966,835.202,38211.5,14.0966,946.539,47950.3,14.0966,1072.56,60122.8,14.0966,1215.21,75309.9,14.0966,1376.66,94216.2,14.0966,1559.41,117688,14.0966,1766.26,146729,14.0966,2000.39,182510,14.0966,2265.39,226372,14.0966,2565.33,279806,14.0966,2904.81,344416,14.0966,3289.05,421845,14.0966,3723.93,513667,14.0966,4216.13,621231,14.0966,4773.18,745478,14.0966,5403.64,886744,14.0966,6117.15,1.04457e+06,14.0966,6924.63,1.2176e+06,14.0966,11.7194,11.96,12.6541,13.9321,16.1295,13.6434,16.6097,21.9702,13.9553,19.7532,29.5285,14.0526,23.3844,39.1143,14.0829,27.5423,51.2054,14.0923,32.2796,66.434,14.0953,37.662,85.6061,14.0962,43.7675,109.74,14.0965,50.687,140.119,14.0966,58.5249,178.359,14.0966,67.4005,226.493,14.0966,77.4493,287.08,14.0966,88.8254,363.343,14.0966,101.703,459.336,14.0966,116.281,580.161,14.0966,132.782,732.241,14.0966,151.46,923.655,14.0966,172.603,1164.57,14.0966,196.535,1467.79,14.0966,223.625,1849.39,14.0966,254.288,2329.62,14.0966,288.997,2933.93,14.0966,328.285,3694.33,14.0966,372.755,4651.04,14.0966,423.092,5854.57,14.0966,480.07,7368.38,14.0966,544.564,9272.08,14.0966,617.566,11665.5,14.0966,700.197,14673.6,14.0966,793.729,18452.9,14.0966,899.599,23198.6,14.0966,1019.43,29154.1,14.0966,1155.07,36622.3,14.0966,1308.6,45977.9,14.0966,1482.39,57683.7,14.0966,1679.09,72307.8,14.0966,1901.73,90542.8,14.0966,2153.73,113226,14.0966,2438.97,141360,14.0966,2761.81,176127,14.0966,3127.22,218898,14.0966,3540.81,271226,14.0966,4008.92,334817,14.0966,4538.74,411470,14.0966,5138.38,502973,14.0966,5817.04,610948,14.0966,6585.12,736653,14.0966,7454.39,880741,14.0966,8438.15,1.04302e+06,14.0966,9551.45,1.22224e+06,14.0966,10811.3,1.41602e+06,14.0966,12237,1.62086e+06,14.0966,11.7194,11.96,12.6541,2.21263,4.16949,0.989383,2.67766,5.84076,0.311842,3.14343,7.55825,0.0972771,3.63127,9.58578,0.0303237,4.15787,12.0912,0.00945211,4.73731,15.2286,0.00294633,5.38238,19.1721,0.000918508,6.10553,24.134,0.000286163,6.91951,30.3791,8.92692e-05,7.83792,38.2397,2.78121e-05,8.87555,48.1338,8.65134e-06,10.0489,60.5876,2.7882e-06,11.3761,76.2629,8.29036e-07,12.8779,95.9927,2.4373e-07,14.5775,120.825,4.33068e-09,16.5012,152.08,1.75749e-07,18.6784,191.415,-1.86328e-07,21.1428,240.917,1.91829e-07,23.9322,303.213,-1.81475e-07,27.0895,381.602,7.0186e-08,30.6634,480.231,-2.86769e-08,34.7087,604.316,2.40784e-07,39.2876,760.401,9.87368e-08,44.4705,956.705,1.22263e-07,50.3371,1203.54,-4.31966e-07,56.9776,1513.81,-1.9705e-07,64.494,1903.69,-2.763e-08,73.0018,2393.4,3.9185e-07,82.6317,3008.13,1.35379e-07,93.5318,3779.25,-4.16351e-08,105.869,4745.7,2.06965e-08,119.834,5955.6,-3.18887e-07,135.641,7468.12,-1.48271e-08,153.531,9355.62,2.00739e-07,173.781,11705.8,2.28358e-07,196.701,14624.1,-1.93587e-08,222.642,18235,-2.88101e-07,252.003,22683.4,-2.24732e-07,285.234,28134,8.56806e-09,322.845,34767,2.34258e-07,365.413,42770.9,2.99668e-07,413.588,52327.9,8.28644e-08,468.111,63591.2,-3.07049e-07,529.814,76653.2,-3.1888e-07,599.642,91502.5,-6.72276e-08,678.662,107975,2.26339e-07,768.083,125705,3.69212e-07,869.267,144088,2.04077e-07,983.76,162277,-2.80509e-07,1113.3,179223,-4.22737e-07,1259.87,193777,-1.71951e-07,1425.68,204839,4.55555e-07,11.7194,11.96,12.6541,2.21263,4.16949,0.989383,2.67766,5.84076,0.311842,3.14343,7.55825,0.0972771,3.63127,9.58578,0.0303237,4.15787,12.0912,0.00945211,4.73731,15.2286,0.00294633,5.38238,19.1721,0.000918508,6.10553,24.134,0.000286163,6.91951,30.3791,8.92692e-05,7.83792,38.2397,2.78121e-05,8.87555,48.1338,8.65134e-06,10.0489,60.5876,2.7882e-06,11.3761,76.2629,8.29036e-07,12.8779,95.9927,2.4373e-07,14.5775,120.825,1e-08,16.5012,152.08,1.75749e-07,18.6784,191.415,1e-08,21.1428,240.917,1.91829e-07,23.9322,303.213,1e-08,27.0895,381.602,7.0186e-08,30.6634,480.231,1e-08,34.7087,604.316,2.40784e-07,39.2876,760.401,9.87368e-08,44.4705,956.705,1.22263e-07,50.3371,1203.54,1e-08,56.9776,1513.81,1e-08,64.494,1903.69,1e-08,73.0018,2393.4,3.9185e-07,82.6317,3008.13,1.35379e-07,93.5318,3779.25,1e-08,105.869,4745.7,2.06965e-08,119.834,5955.6,1e-08,135.641,7468.12,1e-08,153.531,9355.62,2.00739e-07,173.781,11705.8,2.28358e-07,196.701,14624.1,1e-08,222.642,18235,1e-08,252.003,22683.4,1e-08,285.234,28134,1e-08,322.845,34767,2.34258e-07,365.413,42770.9,2.99668e-07,413.588,52327.9,8.28644e-08,468.111,63591.2,1e-08,529.814,76653.2,1e-08,599.642,91502.5,1e-08,678.662,107975,2.26339e-07,768.083,125705,3.69212e-07,869.267,144088,2.04077e-07,983.76,162277,1e-08,1113.3,179223,1e-08,1259.87,193777,1e-08,1425.68,204839,4.55555e-07,6.2823,3.27286,2.43537,0.219672,6.18826,2.24117,0.56371,6.87772,2.63624,0.308279,18,15,13,2,5,0,1,3,0,7,10,0,3,6,0,4,15,0,3,9,0,9,23,0,4,26,0,11,32,0,13,55,0,3,38,0,9,70,0,19,33,0,14,104,0,14,53,0,30,132,0,5,210,0,29,133,0,13,371,0,19,345,0,30,388,0,23,595,0,46,701,0,47,1123,0,63,1722,0,79,1358,0,58,2993,0,70,3708,0,127,2989,0,111,3887,0,51,1727,0,64,5605,0,181,7931,0,207,10971,0,245,10171,0,476,18172,0,182,9817,0,278,23848,0,252,21852,0,267,18272,0,544,41168,0,273,44242,0,558,66511,0,1181,70099,0,458,65308,0,630,68174,0,634,100398,0,897,93355,0,1557,408162,0,989,244580,0,1082,240391,0,1754,69949,0
-1.05176e+08,1,8.88811e-15,10,1023,0,1.05176e+08,0.528882,1.08665,0.389689,0.145397,0.379329,3.24381,0.161596,0.446195,1.77396,0.159177,1.15e+07,4.49998e+06,6.79999e+06,1.15e+07,4.49997e+06,6.79999e+06,1.15e+07,4.49996e+06,6.79999e+06,1.15e+07,4.49995e+06,6.79999e+06,1.14999e+07,4.49993e+06,6.79999e+06,1.14999e+07,4.49991e+06,6.79999e+06,1.14999e+07,4.49989e+06,6.79999e+06,1.14999e+07,4.49986e+06,6.79999e+06,1.14999e+07,4.49982e+06,6.79999e+06,1.14999e+07,4.49977e+06,6.79999e+06,1.14999e+07,4.49971e+06,6.79999e+06,1.14999e+07,4.49963e+06,6.79999e+06,1.14998e+07,4.49953e+06,6.79999e+06,1.14998e+07,4.49941e+06,6.79999e+06,1.14998e+07,4.49926e+06,6.79999e+06,1.14998e+07,4.49906e+06,6.79999e+06,1.14997e+07,4.49882e+06,6.79999e+06,1.14997e+07,4.49851e+06,6.79999e+06,1.14997e+07,4.49812e+06,6.79999e+06,1.14996e+07,4.49764e+06,6.79999e+06,1.14996e+07,4.49702e+06,6.79999e+06,1.14995e+07,4.49625e+06,6.79999e+06,1.14995e+07,4.49528e+06,6.79999e+06,1.14994e+07,4.49406e+06,6.79999e+06,1.14993e+07,4.49253e+06,6.79999e+06,1.14992e+07,4.49059e+06,6.79999e+06,1.14991e+07,4.48817e+06,6.79999e+06,1.1499e+07,4.48511e+06,6.79999e+06,1.14988e+07,4.48128e+06,6.79999e+06,1.14987e+07,4.47646e+06,6.79999e+06,1.14985e+07,4.47041e+06,6.79999e+06,1.14983e+07,4.46281e+06,6.79999e+06,1.14981e+07,4.4533e+06,6.79999e+06,1.14979e+07,4.44138e+06,6.79999e+06,1.14976e+07,4.42649e+06,6.79999e+06,1.14972e+07,4.40789e+06,6.79999e+06,1.14969e+07,4.38471e+06,6.79999e+06,1.14965e+07,4.35592e+06,6.79999e+06,1.1496e+07,4.32027e+06,6.79999e+06,1.14955e+07,4.27629e+06,6.79999e+06,1.14949e+07,4.22231e+06,6.79999e+06,1.14942e+07,4.15647e+06,6.79999e+06,1.14934e+07,4.07676e+06,6.79999e+06,1.14926e+07,3.98112e+06,6.79999e+06,1.14916e+07,3.86765e+06,6.79999e+06,1.14905e+07,3.73474e+06,6.79999e+06,1.14892e+07,3.58148e+06,6.79999e+06,1.14878e+07,3.40785e+06,6.79999e+06,1.14862e+07,3.21513e+06,6.79999e+06,1.14844e+07,3.00605e+06,6.79999e+06,1.14823e+07,2.7848e+06,6.79999e+06,1.148e+07,2.5568e+06,6.79999e+06,1.14773e+07,2.32825e+06,6.79999e+06,13.5742,8.52444,0.508366,16.8306,13.2585,0.162638,20.0035,17.569,0.0507846,23.2616,22.4214,0.0158319,26.7328,28.3297,0.00493498,30.5212,35.6974,0.00153831,34.7178,44.9473,0.000479527,39.4086,56.5822,0.000149456,44.6796,71.2245,4.66214e-05,50.6209,89.6543,1.45419e-05,57.3297,112.852,4.54748e-06,64.9129,142.051,1.43857e-06,73.4897,178.803,4.36618e-07,83.1934,225.062,1.40153e-07,94.1745,283.286,4.96378e-08,106.602,356.568,1.05434e-07,120.669,448.799,-6.49244e-08,136.59,564.873,1.70148e-07,154.611,710.948,-5.34594e-08,175.008,894.767,1.63407e-07,198.097,1126.06,8.04804e-08,224.231,1417.07,1.14667e-07,253.813,1783.15,-1.71227e-07,287.297,2243.62,-2.88466e-07,325.198,2822.67,-4.33651e-07,368.098,3550.67,7.9318e-08,416.657,4465.65,3.13319e-07,471.621,5615.16,3.4613e-07,533.835,7058.61,-1.19199e-07,604.255,8870.02,-2.79964e-07,683.962,11141.4,-2.30521e-07,774.182,13986.7,-2.55099e-07,876.299,17546.4,1.23585e-07,991.883,21993.1,1.41192e-07,1122.71,27536.7,-9.71886e-08,1270.78,34430.7,-3.68368e-07,1438.38,42977.7,-3.45379e-07,1628.07,53532.7,-3.25328e-09,1842.77,66504.6,2.6362e-07,2085.77,82350.2,2.53445e-07,2360.79,101560,-2.47407e-08,2672.05,124632,-3.80602e-07,3024.31,152018,-4.79005e-07,3422.98,184060,-1.14379e-07,3874.15,220884,2.64297e-07,4384.72,262283,3.44131e-07,4962.49,307576,7.5349e-08,5616.29,355497,-3.63097e-07,6356.1,404126,-6.05442e-07,7193.18,450932,-2.72333e-07,8140.28,492963,2.29675e-07,9211.79,527178,4.3387e-07,10424,550893,-1.0711e-07,10.102,8.06553,2.81012,10.6436,8.57909,0.869423,11.5336,10.2515,0.270869,12.7211,12.7138,0.0844293,14.1823,15.9373,0.0263173,15.9122,20.0383,0.0082035,17.9198,25.2154,0.00255722,20.2244,31.7373,0.000797017,22.8539,39.9486,0.000248622,25.8438,50.2851,7.75492e-05,29.237,63.2963,2.42508e-05,33.0837,79.6738,7.67162e-06,37.4415,100.288,2.32837e-06,42.3767,126.236,7.33e-07,47.9646,158.896,2.79256e-07,54.2906,200.003,9.87351e-09,61.452,251.741,1.61085e-07,69.5585,316.859,-2.47141e-07,78.7347,398.812,8.93552e-08,89.1218,501.948,-2.53231e-07,100.879,631.736,-1.25047e-07,114.188,795.049,-1.78808e-07,129.252,1000.53,2.6733e-07,146.304,1259.03,4.50292e-07,165.605,1584.19,6.76904e-07,187.452,1993.12,-1.23808e-07,212.181,2507.27,-4.89068e-07,240.173,3153.54,-5.40284e-07,271.856,3965.56,1.86061e-07,307.719,4985.38,4.37004e-07,348.313,6265.4,3.59828e-07,394.26,7870.83,3.98192e-07,446.268,9882.51,-1.92908e-07,505.135,12400.3,-2.20392e-07,571.766,15546.9,1.51705e-07,647.184,19472.2,5.74996e-07,732.547,24357.4,5.39112e-07,829.167,30420,5.07815e-09,938.526,37916.3,-4.11492e-07,1062.3,47143.9,-3.9561e-07,1202.4,58439.2,3.86185e-08,1360.96,72169.3,5.94093e-07,1540.42,88715.8,7.47693e-07,1743.53,108445,1.78537e-07,1973.41,131665,-4.12549e-07,2233.57,158557,-5.37164e-07,2528,189103,-1.17615e-07,2861.2,222986,5.66769e-07,3238.27,259510,9.45053e-07,3664.97,297540,4.25093e-07,4147.81,335497,-3.58506e-07,4694.17,371444,-6.7724e-07,5312.37,403256,1.67192e-07,1.61744,3.89446,9.84394,3.28846,7.5504,12.774,5.07607,11.7187,13.6844,7.03202,16.8147,13.9681,9.20215,23.1769,14.0566,11.6301,31.1672,14.0841,14.3598,41.2186,14.0927,17.4376,53.8688,14.0954,20.9137,69.7915,14.0962,24.8432,89.8341,14.0965,29.2879,115.063,14.0966,34.3168,146.819,14.0966,40.0078,186.792,14.0966,46.4487,237.107,14.0966,53.7388,300.44,14.0966,61.9903,380.158,14.0966,71.3301,480.499,14.0966,81.902,606.796,14.0966,93.8685,765.761,14.0966,107.414,965.837,14.0966,122.746,1217.65,14.0966,140.101,1534.57,14.0966,159.745,1933.41,14.0966,181.981,2435.3,14.0966,207.15,3066.85,14.0966,235.64,3861.46,14.0966,267.889,4861.11,14.0966,304.391,6118.54,14.0966,345.709,7699.91,14.0966,392.478,9688.22,14.0966,445.417,12187.5,14.0966,505.339,15327.7,14.0966,573.165,19271.6,14.0966,649.938,24222,14.0966,736.839,30430.9,14.0966,835.202,38211.5,14.0966,946.539,47950.3,14.0966,1072.56,60122.8,14.0966,1215.21,75309.9,14.0966,1376.66,94216.2,14.0966,1559.41,117688,14.0966,1766.26,146729,14.0966,2000.39,182510,14.0966,2265.39,226372,14.0966,2565.33,279806,14.0966,2904.81,344416,14.0966,3289.05,421845,14.0966,3723.93,513667,14.0966,4216.13,621231,14.0966,4773.18,745478,14.0966,5403.64,886744,14.0966,6117.15,1.04457e+06,14.0966,6924.63,1.2176e+06,14.0966,11.7194,11.96,12.6541,13.9321,16.1295,13.6434,16.6097,21.9702,13.9553,19.7532,29.5285,14.0526,23.3844,39.1143,14.0829,27.5423,51.2054,14.0923,32.2796,66.434,14.0953,37.662,85.6061,14.0962,43.7675,109.74,14.0965,50.687,140.119,14.0966,58.5249,178.359,14.0966,67.4005,226.493,14.0966,77.4493,287.08,14.0966,88.8254,363.343,14.0966,101.703,459.336,14.0966,116.281,580.161,14.0966,132.782,732.241,14.0966,151.46,923.655,14.0966,172.603,1164.57,14.0966,196.535,1467.79,14.0966,223.625,1849.39,14.0966,254.288,2329.62,14.0966,288.997,2933.93,14.0966,328.285,3694.33,14.0966,372.755,4651.04,14.0966,423.092,5854.57,14.0966,480.07,7368.38,14.0966,544.564,9272.08,14.0966,617.566,11665.5,14.0966,700.197,14673.6,14.0966,793.729,18452.9,14.0966,899.599,23198.6,14.0966,1019.43,29154.1,14.0966,1155.07,36622.3,14.0966,1308.6,45977.9,14.0966,1482.39,57683.7,14.0966,1679.09,72307.8,14.0966,1901.73,90542.8,14.0966,2153.73,113226,14.0966,2438.97,141360,14.0966,2761.81,176127,14.0966,3127.22,218898,14.0966,3540.81,271226,14.0966,4008.92,334817,14.0966,4538.74,411470,14.0966,5138.38,502973,14.0966,5817.04,610948,14.0966,6585.12,736653,14.0966,7454.39,880741,14.0966,8438.15,1.04302e+06,14.0966,9551.45,1.22224e+06,14.0966,10811.3,1.41602e+06,14.0966,12237,1.62086e+06,14.0966,11.7194,11.96,12.6541,2.21263,4.16949,0.989383,2.67766,5.84076,0.311842,3.14343,7.55825,0.0972771,3.63127,9.58578,0.0303237,4.15787,12.0912,0.00945211,4.73731,15.2286,0.00294633,5.38238,19.1721,0.000918508,6.10553,24.134,0.000286163,6.91951,30.3791,8.92692e-05,7.83792,38.2397,2.78121e-05,8.87555,48.1338,8.65134e-06,10.0489,60.5876,2.7882e-06,11.3761,76.2629,8.29036e-07,12.8779,95.9927,2.4373e-07,14.5775,120.825,4.33068e-09,16.5012,152.08,1.75749e-07,18.6784,191.415,-1.86328e-07,21.1428,240.917,1.91829e-07,23.9322,303.213,-1.81475e-07,27.0895,381.602,7.0186e-08,30.6634,480.231,-2.86769e-08,34.7087,604.316,2.40784e-07,39.2876,760.401,9.87368e-08,44.4705,956.705,1.22263e-07,50.3371,1203.54,-4.31966e-07,56.9776,1513.81,-1.9705e-07,64.494,1903.69,-2.763e-08,73.0018,2393.4,3.9185e-07,82.6317,3008.13,1.35379e-07,93.5318,3779.25,-4.16351e-08,105.869,4745.7,2.06965e-08,119.834,5955.6,-3.18887e-07,135.641,7468.12,-1.48271e-08,153.531,9355.62,2.00739e-07,173.781,11705.8,2.28358e-07,196.701,14624.1,-1.93587e-08,222.642,18235,-2.88101e-07,252.003,22683.4,-2.24732e-07,285.234,28134,8.56806e-09,322.845,34767,2.34258e-07,365.413,42770.9,2.99668e-07,413.588,52327.9,8.28644e-08,468.111,63591.2,-3.07049e-07,529.814,76653.2,-3.1888e-07,599.642,91502.5,-6.72276e-08,678.662,107975,2.26339e-07,768.083,125705,3.69212e-07,869.267,144088,2.04077e-07,983.76,162277,-2.80509e-07,1113.3,179223,-4.22737e-07,1259.87,193777,-1.71951e-07,1425.68,204839,4.55555e-07,11.7194,11.96,12.6541,2.21263,4.16949,0.989383,2.67766,5.84076,0.311842,3.14343,7.55825,0.0972771,3.63127,9.58578,0.0303237,4.15787,12.0912,0.00945211,4.73731,15.2286,0.00294633,5.38238,19.1721,0.000918508,6.10553,24.134,0.000286163,6.91951,30.3791,8.92692e-05,7.83792,38.2397,2.78121e-05,8.87555,48.1338,8.65134e-06,10.0489,60.5876,2.7882e-06,11.3761,76.2629,8.29036e-07,12.8779,95.9927,2.4373e-07,14.5775,120.825,1e-08,16.5012,152.08,1.75749e-07,18.6784,191.415,1e-08,21.1428,240.917,1.91829e-07,23.9322,303.213,1e-08,27.0895,381.602,7.0186e-08,30.6634,480.231,1e-08,34.7087,604.316,2.40784e-07,39.2876,760.401,9.87368e-08,44.4705,956.705,1.22263e-07,50.3371,1203.54,1e-08,56.9776,1513.81,1e-08,64.494,1903.69,1e-08,73.0018,2393.4,3.9185e-07,82.6317,3008.13,1.35379e-07,93.5318,3779.25,1e-08,105.869,4745.7,2.06965e-08,119.834,5955.6,1e-08,135.641,7468.12,1e-08,153.531,9355.62,2.00739e-07,173.781,11705.8,2.28358e-07,196.701,14624.1,1e-08,222.642,18235,1e-08,252.003,22683.4,1e-08,285.234,28134,1e-08,322.845,34767,2.34258e-07,365.413,42770.9,2.99668e-07,413.588,52327.9,8.28644e-08,468.111,63591.2,1e-08,529.814,76653.2,1e-08,599.642,91502.5,1e-08,678.662,107975,2.26339e-07,768.083,125705,3.69212e-07,869.267,144088,2.04077e-07,983.76,162277,1e-08,1113.3,179223,1e-08,1259.87,193777,1e-08,1425.68,204839,4.55555e-07,6.2823,3.27286,2.43537,0.219672,6.18826,2.24117,0.56371,6.87772,2.63624,0.308279,14,3,12,1,7,0,5,7,0,5,11,0,3,11,0,2,13,0,6,13,0,8,15,0,6,42,0,6,24,0,5,27,0,7,47,0,25,51,0,16,63,0,6,109,0,16,167,0,20,106,0,24,275,0,27,105,0,18,157,0,29,270,0,31,399,0,31,1218,0,45,477,0,32,916,0,44,1869,0,141,2145,0,63,2529,0,87,3820,0,103,3306,0,90,2540,0,134,5773,0,110,6094,0,154,9009,0,119,8418,0,78,4129,0,77,12867,0,121,22778,0,128,29106,0,285,33126,0,421,53300,0,401,34891,0,373,55494,0,403,36449,0,579,82450,0,810,90937,0,685,94598,0,1094,148627,0,1263,179020,0,653,245066,0,854,93912,0,1056,225165,0,980,106854,0
-1.05176e+08,1,8.88811e-15,10,1023,0,1.05176e+08,0.528882,1.08665,0.389689,0.145397,0.379329,3.24381,0.161596,0.446195,1.77396,0.159177,1.15e+07,4.49998e+06,6.79999e+06,1.15e+07,4.49997e+06,6.79999e+06,1.15e+07,4.49996e+06,6.79999e+06,1.15e+07,4.49995e+06,6.79999e+06,1.14999e+07,4.49993e+06,6.79999e+06,1.14999e+07,4.49991e+06,6.79999e+06,1.14999e+07,4.49989e+06,6.79999e+06,1.14999e+07,4.49986e+06,6.79999e+06,1.14999e+07,4.49982e+06,6.79999e+06,1.14999e+07,4.49977e+06,6.79999e+06,1.14999e+07,4.49971e+06,6.79999e+06,1.14999e+07,4.49963e+06,6.79999e+06,1.14998e+07,4.49953e+06,6.79999e+06,1.14998e+07,4.49941e+06,6.79999e+06,1.14998e+07,4.49926e+06,6.79999e+06,1.14998e+07,4.49906e+06,6.79999e+06,1.14997e+07,4.49882e+06,6.79999e+06,1.14997e+07,4.49851e+06,6.79999e+06,1.14997e+07,4.49812e+06,6.79999e+06,1.14996e+07,4.49764e+06,6.79999e+06,1.14996e+07,4.49702e+06,6.79999e+06,1.14995e+07,4.49625e+06,6.79999e+06,1.14995e+07,4.49528e+06,6.79999e+06,1.14994e+07,4.49406e+06,6.79999e+06,1.14993e+07,4.49253e+06,6.79999e+06,1.14992e+07,4.49059e+06,6.79999e+06,1.14991e+07,4.48817e+06,6.79999e+06,1.1499e+07,4.48511e+06,6.79999e+06,1.14988e+07,4.48128e+06,6.79999e+06,1.14987e+07,4.47646e+06,6.79999e+06,1.14985e+07,4.47041e+06,6.79999e+06,1.14983e+07,4.46281e+06,6.79999e+06,1.14981e+07,4.4533e+06,6.79999e+06,1.14979e+07,4.44138e+06,6.79999e+06,1.14976e+07,4.42649e+06,6.79999e+06,1.14972e+07,4.40789e+06,6.79999e+06,1.14969e+07,4.38471e+06,6.79999e+06,1.14965e+07,4.35592e+06,6.79999e+06,1.1496e+07,4.32027e+06,6.79999e+06,1.14955e+07,4.27629e+06,6.79999e+06,1.14949e+07,4.22231e+06,6.79999e+06,1.14942e+07,4.15647e+06,6.79999e+06,1.14934e+07,4.07676e+06,6.79999e+06,1.14926e+07,3.98112e+06,6.79999e+06,1.14916e+07,3.86765e+06,6.79999e+06,1.14905e+07,3.73474e+06,6.79999e+06,1.14892e+07,3.58148e+06,6.79999e+06,1.14878e+07,3.40785e+06,6.79999e+06,1.14862e+07,3.21513e+06,6.79999e+06,1.14844e+07,3.00605e+06,6.79999e+06,1.14823e+07,2.7848e+06,6.79999e+06,1.148e+07,2.5568e+06,6.79999e+06,1.14773e+07,2.32825e+06,6.79999e+06,13.5742,8.52444,0.508366,16.8306,13.2585,0.162638,20.0035,17.569,0.0507846,23.2616,22.4214,0.0158319,26.7328,28.3297,0.00493498,30.5212,35.6974,0.00153831,34.7178,44.9473,0.000479527,39.4086,56.5822,0.000149456,44.6796,71.2245,4.66214e-05,50.6209,89.6543,1.45419e-05,57.3297,112.852,4.54748e-06,64.9129,142.051,1.43857e-06,73.4897,178.803,4.36618e-07,83.1934,225.062,1.40153e-07,94.1745,283.286,4.96378e-08,106.602,356.568,1.05434e-07,120.669,448.799,-6.49244e-08,136.59,564.873,1.70148e-07,154.611,710.948,-5.34594e-08,175.008,894.767,1.63407e-07,198.097,1126.06,8.04804e-08,224.231,1417.07,1.14667e-07,253.813,1783.15,-1.71227e-07,287.297,2243.62,-2.88466e-07,325.198,2822.67,-4.33651e-07,368.098,3550.67,7.9318e-08,416.657,4465.65,3.13319e-07,471.621,5615.16,3.4613e-07,533.835,7058.61,-1.19199e-07,604.255,8870.02,-2.79964e-07,683.962,11141.4,-2.30521e-07,774.182,13986.7,-2.55099e-07,876.299,17546.4,1.23585e-07,991.883,21993.1,1.41192e-07,1122.71,27536.7,-9.71886e-08,1270.78,34430.7,-3.68368e-07,1438.38,42977.7,-3.45379e-07,1628.07,53532.7,-3.25328e-09,1842.77,66504.6,2.6362e-07,2085.77,82350.2,2.53445e-07,2360.79,101560,-2.47407e-08,2672.05,124632,-3.80602e-07,3024.31,152018,-4.79005e-07,3422.98,184060,-1.14379e-07,3874.15,220884,2.64297e-07,4384.72,262283,3.44131e-07,4962.49,307576,7.5349e-08,5616.29,355497,-3.63097e-07,6356.1,404126,-6.05442e-07,7193.18,450932,-2.72333e-07,8140.28,492963,2.29675e-07,9211.79,527178,4.3387e-07,10424,550893,-1.0711e-07,10.102,8.06553,2.81012,10.6436,8.57909,0.869423,11.5336,10.2515,0.270869,12.7211,12.7138,0.0844293,14.1823,15.9373,0.0263173,15.9122,20.0383,0.0082035,17.9198,25.2154,0.00255722,20.2244,31.7373,0.000797017,22.8539,39.9486,0.000248622,25.8438,50.2851,7.75492e-05,29.237,63.2963,2.42508e-05,33.0837,79.6738,7.67162e-06,37.4415,100.288,2.32837e-06,42.3767,126.236,7.33e-07,47.9646,158.896,2.79256e-07,54.2906,200.003,9.87351e-09,61.452,251.741,1.61085e-07,69.5585,316.859,-2.47141e-07,78.7347,398.812,8.93552e-08,89.1218,501.948,-2.53231e-07,100.879,631.736,-1.25047e-07,114.188,795.049,-1.78808e-07,129.252,1000.53,2.6733e-07,146.304,1259.03,4.50292e-07,165.605,1584.19,6.76904e-07,187.452,1993.12,-1.23808e-07,212.181,2507.27,-4.89068e-07,240.173,3153.54,-5.40284e-07,271.856,3965.56,1.86061e-07,307.719,4985.38,4.37004e-07,348.313,6265.4,3.59828e-07,394.26,7870.83,3.98192e-07,446.268,9882.51,-1.92908e-07,505.135,12400.3,-2.20392e-07,571.766,15546.9,1.51705e-07,647.184,19472.2,5.74996e-07,732.547,24357.4,5.39112e-07,829.167,30420,5.07815e-09,938.526,37916.3,-4.11492e-07,1062.3,47143.9,-3.9561e-07,1202.4,58439.2,3.86185e-08,1360.96,72169.3,5.94093e-07,1540.42,88715.8,7.47693e-07,1743.53,108445,1.78537e-07,1973.41,131665,-4.12549e-07,2233.57,158557,-5.37164e-07,2528,189103,-1.17615e-07,2861.2,222986,5.66769e-07,3238.27,259510,9.45053e-07,3664.97,297540,4.25093e-07,4147.81,335497,-3.58506e-07,4694.17,371444,-6.7724e-07,5312.37,403256,1.67192e-07,1.61744,3.89446,9.84394,3.28846,7.5504,12.774,5.07607,11.7187,13.6844,7.03202,16.8147,13.9681,9.20215,23.1769,14.0566,11.6301,31.1672,14.0841,14.3598,41.2186,14.0927,17.4376,53.8688,14.0954,20.9137,69.7915,14.0962,24.8432,89.8341,14.0965,29.2879,115.063,14.0966,34.3168,146.819,14.0966,40.0078,186.792,14.0966,46.4487,237.107,14.0966,53.7388,300.44,14.0966,61.9903,380.158,14.0966,71.3301,480.499,14.0966,81.902,606.796,14.0966,93.8685,765.761,14.0966,107.414,965.837,14.0966,122.746,1217.65,14.0966,140.101,1534.57,14.0966,159.745,1933.41,14.0966,181.981,2435.3,14.0966,207.15,3066.85,14.0966,235.64,3861.46,14.0966,267.889,4861.11,14.0966,304.391,6118.54,14.0966,345.709,7699.91,14.0966,392.478,9688.22,14.0966,445.417,12187.5,14.0966,505.339,15327.7,14.0966,573.165,19271.6,14.0966,649.938,24222,14.0966,736.839,30430.9,14.0966,835.202,38211.5,14.0966,946.539,47950.3,14.0966,1072.56,60122.8,14.0966,1215.21,75309.9,14.0966,1376.66,94216.2,14.0966,1559.41,117688,14.0966,1766.26,146729,14.0966,2000.39,182510,14.0966,2265.39,226372,14.0966,2565.33,279806,14.0966,2904.81,344416,14.0966,3289.05,421845,14.0966,3723.93,513667,14.0966,4216.13,621231,14.0966,4773.18,745478,14.0966,5403.64,886744,14.0966,6117.15,1.04457e+06,14.0966,6924.63,1.2176e+06,14.0966,11.7194,11.96,12.6541,13.9321,16.1295,13.6434,16.6097,21.9702,13.9553,19.7532,29.5285,14.0526,23.3844,39.1143,14.0829,27.5423,51.2054,14.0923,32.2796,66.434,14.0953,37.662,85.6061,14.0962,43.7675,109.74,14.0965,50.687,140.119,14.0966,58.5249,178.359,14.0966,67.4005,226.493,14.0966,77.4493,287.08,14.0966,88.8254,363.343,14.0966,101.703,459.336,14.0966,116.281,580.161,14.0966,132.782,732.241,14.0966,151.46,923.655,14.0966,172.603,1164.57,14.0966,196.535,1467.79,14.0966,223.625,1849.39,14.0966,254.288,2329.62,14.0966,288.997,2933.93,14.0966,328.285,3694.33,14.0966,372.755,4651.04,14.0966,423.092,5854.57,14.0966,480.07,7368.38,14.0966,544.564,9272.08,14.0966,617.566,11665.5,14.0966,700.197,14673.6,14.0966,793.729,18452.9,14.0966,899.599,23198.6,14.0966,1019.43,29154.1,14.0966,1155.07,36622.3,14.0966,1308.6,45977.9,14.0966,1482.39,57683.7,14.0966,1679.09,72307.8,14.0966,1901.73,90542.8,14.0966,2153.73,113226,14.0966,2438.97,141360,14.0966,2761.81,176127,14.0966,3127.22,218898,14.0966,3540.81,271226,14.0966,4008.92,334817,14.0966,4538.74,411470,14.0966,5138.38,502973,14.0966,5817.04,610948,14.0966,6585.12,736653,14.0966,7454.39,880741,14.0966,8438.15,1.04302e+06,14.0966,9551.45,1.22224e+06,14.0966,10811.3,1.41602e+06,14.0966,12237,1.62086e+06,14.0966,11.7194,11.96,12.6541,2.21263,4.16949,0.989383,2.67766,5.84076,0.311842,3.14343,7.55825,0.0972771,3.63127,9.58578,0.0303237,4.15787,12.0912,0.00945211,4.73731,15.2286,0.00294633,5.38238,19.1721,0.000918508,6.10553,24.134,0.000286163,6.91951,30.3791,8.92692e-05,7.83792,38.2397,2.78121e-05,8.87555,48.1338,8.65134e-06,10.0489,60.5876,2.7882e-06,11.3761,76.2629,8.29036e-07,12.8779,95.9927,2.4373e-07,14.5775,120.825,4.33068e-09,16.5012,152.08,1.75749e-07,18.6784,191.415,-1.86328e-07,21.1428,240.917,1.91829e-07,23.9322,303.213,-1.81475e-07,27.0895,381.602,7.0186e-08,30.6634,480.231,-2.86769e-08,34.7087,604.316,2.40784e-07,39.2876,760.401,9.87368e-08,44.4705,956.705,1.22263e-07,50.3371,1203.54,-4.31966e-07,56.9776,1513.81,-1.9705e-07,64.494,1903.69,-2.763e-08,73.0018,2393.4,3.9185e-07,82.6317,3008.13,1.35379e-07,93.5318,3779.25,-4.16351e-08,105.869,4745.7,2.06965e-08,119.834,5955.6,-3.18887e-07,135.641,7468.12,-1.48271e-08,153.531,9355.62,2.00739e-07,173.781,11705.8,2.28358e-07,196.701,14624.1,-1.93587e-08,222.642,18235,-2.88101e-07,252.003,22683.4,-2.24732e-07,285.234,28134,8.56806e-09,322.845,34767,2.34258e-07,365.413,42770.9,2.99668e-07,413.588,52327.9,8.28644e-08,468.111,63591.2,-3.07049e-07,529.814,76653.2,-3.1888e-07,599.642,91502.5,-6.72276e-08,678.662,107975,2.26339e-07,768.083,125705,3.69212e-07,869.267,144088,2.04077e-07,983.76,162277,-2.80509e-07,1113.3,179223,-4.22737e-07,1259.87,193777,-1.71951e-07,1425.68,204839,4.55555e-07,11.7194,11.96,12.6541,2.21263,4.16949,0.989383,2.67766,5.84076,0.311842,3.14343,7.55825,0.0972771,3.63127,9.58578,0.0303237,4.15787,12.0912,0.00945211,4.73731,15.2286,0.00294633,5.38238,19.1721,0.000918508,6.10553,24.134,0.000286163,6.91951,30.3791,8.92692e-05,7.83792,38.2397,2.78121e-05,8.87555,48.1338,8.65134e-06,10.0489,60.5876,2.7882e-06,11.3761,76.2629,8.29036e-07,12.8779,95.9927,2.4373e-07,14.5775,120.825,1e-08,16.5012,152.08,1.75749e-07,18.6784,191.415,1e-08,21.1428,240.917,1.91829e-07,23.9322,303.213,1e-08,27.0895,381.602,7.0186e-08,30.6634,480.231,1e-08,34.7087,604.316,2.40784e-07,39.2876,760.401,9.87368e-08,44.4705,956.705,1.22263e-07,50.3371,1203.54,1e-08,56.9776,1513.81,1e-08,64.494,1903.69,1e-08,73.0018,2393.4,3.9185e-07,82.6317,3008.13,1.35379e-07,93.5318,3779.25,1e-08,105.869,4745.7,2.06965e-08,119.834,5955.6,1e-08,135.641,7468.12,1e-08,153.531,9355.62,2.00739e-07,173.781,11705.8,2.28358e-07,196.701,14624.1,1e-08,222.642,18235,1e-08,252.003,22683.4,1e-08,285.234,28134,1e-08,322.845,34767,2.34258e-07,365.413,42770.9,2.99668e-07,413.588,52327.9,8.28644e-08,468.111,63591.2,1e-08,529.814,76653.2,1e-08,599.642,91502.5,1e-08,678.662,107975,2.26339e-07,768.083,125705,3.69212e-07,869.267,144088,2.04077e-07,983.76,162277,1e-08,1113.3,179223,1e-08,1259.87,193777,1e-08,1425.68,204839,4.55555e-07,6.2823,3.27286,2.43537,0.219672,6.18826,2.24117,0.56371,6.87772,2.63624,0.308279,14,17,8,2,2,3,5,4,0,3,11,0,6,13,0,3,20,0,4,13,0,10,15,0,6,9,0,18,17,0,5,44,0,7,60,0,23,40,0,18,92,0,5,156,0,8,161,0,7,187,0,18,55,0,23,182,0,31,353,0,16,346,0,22,674,0,14,429,0,44,528,0,45,1124,0,26,1089,0,56,952,0,52,1893,0,81,4149,0,54,4988,0,76,2224,0,87,5233,0,90,2311,0,232,6151,0,41,12536,0,147,18881,0,194,12723,0,144,26226,0,209,20583,0,156,23227,0,375,52489,0,394,43308,0,694,83257,0,327,77311,0,484,83451,0,618,134907,0,1016,189500,0,492,102098,0,1016,44756,0,780,147845,0,596,146171,0,1849,185202,0,1294,414214,0
-1.05176e+08,1,8.88811e-15,10,1023,0,1.05176e+08,0.528882,1.08665,0.389689,0.145397,0.379329,3.24381,0.161596,0.446195,1.77396,0.159177,1.15e+07,4.49998e+06,6.79999e+06,1.15e+07,4.49997e+06,6.79999e+06,1.15e+07,4.49996e+06,6.79999e+06,1.15e+07,4.49995e+06,6.79999e+06,1.14999e+07,4.49993e+06,6.79999e+06,1.14999e+07,4.49991e+06,6.79999e+06,1.14999e+07,4.49989e+06,6.79999e+06,1.14999e+07,4.49986e+06,6.79999e+06,1.14999e+07,4.49982e+06,6.79999e+06,1.14999e+07,4.49977e+06,6.79999e+06,1.14999e+07,4.49971e+06,6.79999e+06,1.14999e+07,4.49963e+06,6.79999e+06,1.14998e+07,4.49953e+06,6.79999e+06,1.14998e+07,4.49941e+06,6.79999e+06,1.14998e+07,4.49926e+06,6.79999e+06,1.14998e+07,4.49906e+06,6.79999e+06,1.14997e+07,4.49882e+06,6.79999e+06,1.14997e+07,4.49851e+06,6.79999e+06,1.14997e+07,4.49812e+06,6.79999e+06,1.14996e+07,4.49764e+06,6.79999e+06,1.14996e+07,4.49702e+06,6.79999e+06,1.14995e+07,4.49625e+06,6.79999e+06,1.14995e+07,4.49528e+06,6.79999e+06,1.14994e+07,4.49406e+06,6.79999e+06,1.14993e+07,4.49253e+06,6.79999e+06,1.14992e+07,4.49059e+06,6.79999e+06,1.14991e+07,4.48817e+06,6.79999e+06,1.1499e+07,4.48511e+06,6.79999e+06,1.14988e+07,4.48128e+06,6.79999e+06,1.14987e+07,4.47646e+06,6.79999e+06,1.14985e+07,4.47041e+06,6.79999e+06,1.14983e+07,4.46281e+06,6.79999e+06,1.14981e+07,4.4533e+06,6.79999e+06,1.14979e+07,4.44138e+06,6.79999e+06,1.14976e+07,4.42649e+06,6.79999e+06,1.14972e+07,4.40789e+06,6.79999e+06,1.14969e+07,4.38471e+06,6.79999e+06,1.14965e+07,4.35592e+06,6.79999e+06,1.1496e+07,4.32027e+06,6.79999e+06,1.14955e+07,4.27629e+06,6.79999e+06,1.14949e+07,4.22231e+06,6.79999e+06,1.14942e+07,4.15647e+06,6.79999e+06,1.14934e+07,4.07676e+06,6.79999e+06,1.14926e+07,3.98112e+06,6.79999e+06,1.14916e+07,3.86765e+06,6.79999e+06,1.14905e+07,3.73474e+06,6.79999e+06,1.14892e+07,3.58148e+06,6.79999e+06,1.14878e+07,3.40785e+06,6.79999e+06,1.14862e+07,3.21513e+06,6.79999e+06,1.14844e+07,3.00605e+06,6.79999e+06,1.14823e+07,2.7848e+06,6.79999e+06,1.148e+07,2.5568e+06,6.79999e+06,1.14773e+07,2.32825e+06,6.79999e+06,13.5742,8.52444,0.508366,16.8306,13.2585,0.162638,20.0035,17.569,0.0507846,23.2616,22.4214,0.0158319,26.7328,28.3297,0.00493498,30.5212,35.6974,0.00153831,34.7178,44.9473,0.000479527,39.4086,56.5822,0.000149456,44.6796,71.2245,4.66214e-05,50.6209,89.6543,1.45419e-05,57.3297,112.852,4.54748e-06,64.9129,142.051,1.43857e-06,73.4897,178.803,4.36618e-07,83.1934,225.062,1.40153e-07,94.1745,283.286,4.96378e-08,106.602,356.568,1.05434e-07,120.669,448.799,-6.49244e-08,136.59,564.873,1.70148e-07,154.611,710.948,-5.34594e-08,175.008,894.767,1.63407e-07,198.097,1126.06,8.04804e-08,224.231,1417.07,1.14667e-07,253.813,1783.15,-1.71227e-07,287.297,2243.62,-2.88466e-07,325.198,2822.67,-4.33651e-07,368.098,3550.67,7.9318e-08,416.657,4465.65,3.13319e-07,471.621,5615.16,3.4613e-07,533.835,7058.61,-1.19199e-07,604.255,8870.02,-2.79964e-07,683.962,11141.4,-2.30521e-07,774.182,13986.7,-2.55099e-07,876.299,17546.4,1.23585e-07,991.883,21993.1,1.41192e-07,1122.71,27536.7,-9.71886e-08,1270.78,34430.7,-3.68368e-07,1438.38,42977.7,-3.45379e-07,1628.07,53532.7,-3.25328e-09,1842.77,66504.6,2.6362e-07,2085.77,82350.2,2.53445e-07,2360.79,101560,-2.47407e-08,2672.05,124632,-3.80602e-07,3024.31,152018,-4.79005e-07,3422.98,184060,-1.14379e-07,3874.15,220884,2.64297e-07,4384.72,262283,3.44131e-07,4962.49,307576,7.5349e-08,5616.29,355497,-3.63097e-07,6356.1,404126,-6.05442e-07,7193.18,450932,-2.72333e-07,8140.28,492963,2.29675e-07,9211.79,527178,4.3387e-07,10424,550893,-1.0711e-07,10.102,8.06553,2.81012,10.6436,8.57909,0.869423,11.5336,10.2515,0.270869,12.7211,12.7138,0.0844293,14.1823,15.9373,0.0263173,15.9122,20.0383,0.0082035,17.9198,25.2154,0.00255722,20.2244,31.7373,0.000797017,22.8539,39.9486,0.000248622,25.8438,50.2851,7.75492e-05,29.237,63.2963,2.42508e-05,33.0837,79.6738,7.67162e-06,37.4415,100.288,2.32837e-06,42.3767,126.236,7.33e-07,47.9646,158.896,2.79256e-07,54.2906,200.003,9.87351e-09,61.452,251.741,1.61085e-07,69.5585,316.859,-2.47141e-07,78.7347,398.812,8.93552e-08,89.1218,501.948,-2.53231e-07,100.879,631.736,-1.25047e-07,114.188,795.049,-1.78808e-07,129.252,1000.53,2.6733e-07,146.304,1259.03,4.50292e-07,165.605,1584.19,6.76904e-07,187.452,1993.12,-1.23808e-07,212.181,2507.27,-4.89068e-07,240.173,3153.54,-5.40284e-07,271.856,3965.56,1.86061e-07,307.719,4985.38,4.37004e-07,348.313,6265.4,3.59828e-07,394.26,7870.83,3.98192e-07,446.268,9882.51,-1.92908e-07,505.135,12400.3,-2.20392e-07,571.766,15546.9,1.51705e-07,647.184,19472.2,5.74996e-07,732.547,24357.4,5.39112e-07,829.167,30420,5.07815e-09,938.526,37916.3,-4.11492e-07,1062.3,47143.9,-3.9561e-07,1202.4,58439.2,3.86185e-08,1360.96,72169.3,5.94093e-07,1540.42,88715.8,7.47693e-07,1743.53,108445,1.78537e-07,1973.41,131665,-4.12549e-07,2233.57,158557,-5.37164e-07,2528,189103,-1.17615e-07,2861.2,222986,5.66769e-07,3238.27,259510,9.45053e-07,3664.97,297540,4.25093e-07,4147.81,335497,-3.58506e-07,4694.17,371444,-6.7724e-07,5312.37,403256,1.67192e-07,1.61744,3.89446,9.84394,3.28846,7.5504,12.774,5.07607,11.7187,13.6844,7.03202,16.8147,13.9681,9.20215,23.1769,14.0566,11.6301,31.1672,14.0841,14.3598,41.2186,14.0927,17.4376,53.8688,14.0954,20.9137,69.7915,14.0962,24.8432,89.8341,14.0965,29.2879,115.063,14.0966,34.3168,146.819,14.0966,40.0078,186.792,14.0966,46.4487,237.107,14.0966,53.7388,300.44,14.0966,61.9903,380.158,14.0966,71.3301,480.499,14.0966,81.902,606.796,14.0966,93.8685,765.761,14.0966,107.414,965.837,14.0966,122.746,1217.65,14.0966,140.101,1534.57,14.0966,159.745,1933.41,14.0966,181.981,2435.3,14.0966,207.15,3066.85,14.0966,235.64,3861.46,14.0966,267.889,4861.11,14.0966,304.391,6118.54,14.0966,345.709,7699.91,14.0966,392.478,9688.22,14.0966,445.417,12187.5,14.0966,505.339,15327.7,14.0966,573.165,19271.6,14.0966,649.938,24222,14.0966,736.839,30430.9,14.0966,835.202,38211.5,14.0966,946.539,47950.3,14.0966,1072.56,60122.8,14.0966,1215.21,75309.9,14.0966,1376.66,94216.2,14.0966,1559.41,117688,14.0966,1766.26,146729,14.0966,2000.39,182510,14.0966,2265.39,226372,14.0966,2565.33,279806,14.0966,2904.81,344416,14.0966,3289.05,421845,14.0966,3723.93,513667,14.0966,4216.13,621231,14.0966,4773.18,745478,14.0966,5403.64,886744,14.0966,6117.15,1.04457e+06,14.0966,6924.63,1.2176e+06,14.0966,11.7194,11.96,12.6541,13.9321,16.1295,13.6434,16.6097,21.9702,13.9553,19.7532,29.5285,14.0526,23.3844,39.1143,14.0829,27.5423,51.2054,14.0923,32.2796,66.434,14.0953,37.662,85.6061,14.0962,43.7675,109.74,14.0965,50.687,140.119,14.0966,58.5249,178.359,14.0966,67.4005,226.493,14.0966,77.4493,287.08,14.0966,88.8254,363.343,14.0966,101.703,459.336,14.0966,116.281,580.161,14.0966,132.782,732.241,14.0966,151.46,923.655,14.0966,172.603,1164.57,14.0966,196.535,1467.79,14.0966,223.625,1849.39,14.0966,254.288,2329.62,14.0966,288.997,2933.93,14.0966,328.285,3694.33,14.0966,372.755,4651.04,14.0966,423.092,5854.57,14.0966,480.07,7368.38,14.0966,544.564,9272.08,14.0966,617.566,11665.5,14.0966,700.197,14673.6,14.0966,793.729,18452.9,14.0966,899.599,23198.6,14.0966,1019.43,29154.1,14.0966,1155.07,36622.3,14.0966,1308.6,45977.9,14.0966,1482.39,57683.7,14.0966,1679.09,72307.8,14.0966,1901.73,90542.8,14.0966,2153.73,113226,14.0966,2438.97,141360,14.0966,2761.81,176127,14.0966,3127.22,218898,14.0966,3540.81,271226,14.0966,4008.92,334817,14.0966,4538.74,411470,14.0966,5138.38,502973,14.0966,5817.04,610948,14.0966,6585.12,736653,14.0966,7454.39,880741,14.0966,8438.15,1.04302e+06,14.0966,9551.45,1.22224e+06,14.0966,10811.3,1.41602e+06,14.0966,12237,1.62086e+06,14.0966,11.7194,11.96,12.6541,2.21263,4.16949,0.989383,2.67766,5.84076,0.311842,3.14343,7.55825,0.0972771,3.63127,9.58578,0.0303237,4.15787,12.0912,0.00945211,4.73731,15.2286,0.00294633,5.38238,19.1721,0.000918508,6.10553,24.134,0.000286163,6.91951,30.3791,8.92692e-05,7.83792,38.2397,2.78121e-05,8.87555,48.1338,8.65134e-06,10.0489,60.5876,2.7882e-06,11.3761,76.2629,8.29036e-07,12.8779,95.9927,2.4373e-07,14.5775,120.825,4.33068e-09,16.5012,152.08,1.75749e-07,18.6784,191.415,-1.86328e-07,21.1428,240.917,1.91829e-07,23.9322,303.213,-1.81475e-07,27.0895,381.602,7.0186e-08,30.6634,480.231,-2.86769e-08,34.7087,604.316,2.40784e-07,39.2876,760.401,9.87368e-08,44.4705,956.705,1.22263e-07,50.3371,1203.54,-4.31966e-07,56.9776,1513.81,-1.9705e-07,64.494,1903.69,-2.763e-08,73.0018,2393.4,3.9185e-07,82.6317,3008.13,1.35379e-07,93.5318,3779.25,-4.16351e-08,105.869,4745.7,2.06965e-08,119.834,5955.6,-3.18887e-07,135.641,7468.12,-1.48271e-08,153.531,9355.62,2.00739e-07,173.781,11705.8,2.28358e-07,196.701,14624.1,-1.93587e-08,222.642,18235,-2.88101e-07,252.003,22683.4,-2.24732e-07,285.234,28134,8.56806e-09,322.845,34767,2.34258e-07,365.413,42770.9,2.99668e-07,413.588,52327.9,8.28644e-08,468.111,63591.2,-3.07049e-07,529.814,76653.2,-3.1888e-07,599.642,91502.5,-6.72276e-08,678.662,107975,2.26339e-07,768.083,125705,3.69212e-07,869.267,144088,2.04077e-07,983.76,162277,-2.80509e-07,1113.3,179223,-4.22737e-07,1259.87,193777,-1.71951e-07,1425.68,204839,4.55555e-07,11.7194,11.96,12.6541,2.21263,4.16949,0.989383,2.67766,5.84076,0.311842,3.14343,7.55825,0.0972771,3.63127,9.58578,0.0303237,4.15787,12.0912,0.00945211,4.73731,15.2286,0.00294633,5.38238,19.1721,0.000918508,6.10553,24.134,0.000286163,6.91951,30.3791,8.92692e-05,7.83792,38.2397,2.78121e-05,8.87555,48.1338,8.65134e-06,10.0489,60.5876,2.7882e-06,11.3761,76.2629,8.29036e-07,12.8779,95.9927,2.4373e-07,14.5775,120.825,1e-08,16.5012,152.08,1.75749e-07,18.6784,191.415,1e-08,21.1428,240.917,1.91829e-07,23.9322,303.213,1e-08,27.0895,381.602,7.0186e-08,30.6634,480.231,1e-08,34.7087,604.316,2.40784e-07,39.2876,760.401,9.87368e-08,44.4705,956.705,1.22263e-07,50.3371,1203.54,1e-08,56.9776,1513.81,1e-08,64.494,1903.69,1e-08,73.0018,2393.4,3.9185e-07,82.6317,3008.13,1.35379e-07,93.5318,3779.25,1e-08,105.869,4745.7,2.06965e-08,119.834,5955.6,1e-08,135.641,7468.12,1e-08,153.531,9355.62,2.00739e-07,173.781,11705.8,2.28358e-07,196.701,14624.1,1e-08,222.642,18235,1e-08,252.003,22683.4,1e-08,285.234,28134,1e-08,322.845,34767,2.34258e-07,365.413,42770.9,2.99668e-07,413.588,52327.9,8.28644e-08,468.111,63591.2,1e-08,529.814,76653.2,1e-08,599.642,91502.5,1e-08,678.662,107975,2.26339e-07,768.083,125705,3.69212e-07,869.267,144088,2.04077e-07,983.76,162277,1e-08,1113.3,179223,1e-08,1259.87,193777,1e-08,1425.68,204839,4.55555e-07,6.2823,3.27286,2.43537,0.219672,6.18826,2.24117,0.56371,6.87772,2.63624,0.308279,5,15,16,1,1,0,2,3,1,4,11,0,5,3,0,8,10,0,2,14,0,6,7,0,6,4,0,2,13,0,6,30,0,4,28,0,10,127,0,4,47,0,13,131,0,14,37,0,8,259,0,9,143,0,24,261,0,9,403,0,32,558,0,20,529,0,20,738,0,54,635,0,56,1337,0,32,1290,0,69,771,0,87,1699,0,78,2994,0,87,1888,0,70,3625,0,125,2692,0,80,4712,0,196,6299,0,133,13068,0,171,11244,0,161,20348,0,223,19506,0,225,22478,0,484,18921,0,501,58402,0,329,47723,0,597,88242,0,661,84892,0,947,75572,0,573,44631,0,926,158161,0,1185,156951,0,845,137146,0,1431,227616,0,972,147132,0,1018,252620,0,1001,225964,0
-1.05176e+08,1,8.88811e-15,10,1023,0,1.05176e+08,0.528882,1.08665,0.389689,0.145397,0.379329,3.24381,0.161596,0.446195,1.77396,0.159177,1.15e+07,4.49998e+06,6.79999e+06,1.15e+07,4.49997e+06,6.79999e+06,1.15e+07,4.49996e+06,6.79999e+06,1.15e+07,4.49995e+06,6.79999e+06,1.14999e+07,4.49993e+06,6.79999e+06,1.14999e+07,4.49991e+06,6.79999e+06,1.14999e+07,4.49989e+06,6.79999e+06,1.14999e+07,4.49986e+06,6.79999e+06,1.14999e+07,4.49982e+06,6.79999e+06,1.14999e+07,4.49977e+06,6.79999e+06,1.14999e+07,4.49971e+06,6.79999e+06,1.14999e+07,4.49963e+06,6.79999e+06,1.14998e+07,4.49953e+06,6.79999e+06,1.14998e+07,4.49941e+06,6.79999e+06,1.14998e+07,4.49926e+06,6.79999e+06,1.14998e+07,4.49906e+06,6.79999e+06,1.14997e+07,4.49882e+06,6.79999e+06,1.14997e+07,4.49851e+06,6.79999e+06,1.14997e+07,4.49812e+06,6.79999e+06,1.14996e+07,4.49764e+06,6.79999e+06,1.14996e+07,4.49702e+06,6.79999e+06,1.14995e+07,4.49625e+06,6.79999e+06,1.14995e+07,4.49528e+06,6.79999e+06,1.14994e+07,4.49406e+06,6.79999e+06,1.14993e+07,4.49253e+06,6.79999e+06,1.14992e+07,4.49059e+06,6.79999e+06,1.14991e+07,4.48817e+06,6.79999e+06,1.1499e+07,4.48511e+06,6.79999e+06,1.14988e+07,4.48128e+06,6.79999e+06,1.14987e+07,4.47646e+06,6.79999e+06,1.14985e+07,4.47041e+06,6.79999e+06,1.14983e+07,4.46281e+06,6.79999e+06,1.14981e+07,4.4533e+06,6.79999e+06,1.14979e+07,4.44138e+06,6.79999e+06,1.14976e+07,4.42649e+06,6.79999e+06,1.14972e+07,4.40789e+06,6.79999e+06,1.14969e+07,4.38471e+06,6.79999e+06,1.14965e+07,4.35592e+06,6.79999e+06,1.1496e+07,4.32027e+06,6.79999e+06,1.14955e+07,4.27629e+06,6.79999e+06,1.14949e+07,4.22231e+06,6.79999e+06,1.14942e+07,4.15647e+06,6.79999e+06,1.14934e+07,4.07676e+06,6.79999e+06,1.14926e+07,3.98112e+06,6.79999e+06,1.14916e+07,3.86765e+06,6.79999e+06,1.14905e+07,3.73474e+06,6.79999e+06,1.14892e+07,3.58148e+06,6.79999e+06,1.14878e+07,3.40785e+06,6.79999e+06,1.14862e+07,3.21513e+06,6.79999e+06,1.14844e+07,3.00605e+06,6.79999e+06,1.14823e+07,2.7848e+06,6.79999e+06,1.148e+07,2.5568e+06,6.79999e+06,1.14773e+07,2.32825e+06,6.79999e+06,13.5742,8.52444,0.508366,16.8306,13.2585,0.162638,20.0035,17.569,0.0507846,23.2616,22.4214,0.0158319,26.7328,28.3297,0.00493498,30.5212,35.6974,0.00153831,34.7178,44.9473,0.000479527,39.4086,56.5822,0.000149456,44.6796,71.2245,4.66214e-05,50.6209,89.6543,1.45419e-05,57.3297,112.852,4.54748e-06,64.9129,142.051,1.43857e-06,73.4897,178.803,4.36618e-07,83.1934,225.062,1.40153e-07,94.1745,283.286,4.96378e-08,106.602,356.568,1.05434e-07,120.669,448.799,-6.49244e-08,136.59,564.873,1.70148e-07,154.611,710.948,-5.34594e-08,175.008,894.767,1.63407e-07,198.097,1126.06,8.04804e-08,224.231,1417.07,1.14667e-07,253.813,1783.15,-1.71227e-07,287.297,2243.62,-2.88466e-07,325.198,2822.67,-4.33651e-07,368.098,3550.67,7.9318e-08,416.657,4465.65,3.13319e-07,471.621,5615.16,3.4613e-07,533.835,7058.61,-1.19199e-07,604.255,8870.02,-2.79964e-07,683.962,11141.4,-2.30521e-07,774.182,13986.7,-2.55099e-07,876.299,17546.4,1.23585e-07,991.883,21993.1,1.41192e-07,1122.71,27536.7,-9.71886e-08,1270.78,34430.7,-3.68368e-07,1438.38,42977.7,-3.45379e-07,1628.07,53532.7,-3.25328e-09,1842.77,66504.6,2.6362e-07,2085.77,82350.2,2.53445e-07,2360.79,101560,-2.47407e-08,2672.05,124632,-3.80602e-07,3024.31,152018,-4.79005e-07,3422.98,184060,-1.14379e-07,3874.15,220884,2.64297e-07,4384.72,262283,3.44131e-07,4962.49,307576,7.5349e-08,5616.29,355497,-3.63097e-07,6356.1,404126,-6.05442e-07,7193.18,450932,-2.72333e-07,8140.28,492963,2.29675e-07,9211.79,527178,4.3387e-07,10424,550893,-1.0711e-07,10.102,8.06553,2.81012,10.6436,8.57909,0.869423,11.5336,10.2515,0.270869,12.7211,12.7138,0.0844293,14.1823,15.9373,0.0263173,15.9122,20.0383,0.0082035,17.9198,25.2154,0.00255722,20.2244,31.7373,0.000797017,22.8539,39.9486,0.000248622,25.8438,50.2851,7.75492e-05,29.237,63.2963,2.42508e-05,33.0837,79.6738,7.67162e-06,37.4415,100.288,2.32837e-06,42.3767,126.236,7.33e-07,47.9646,158.896,2.79256e-07,54.2906,200.003,9.87351e-09,61.452,251.741,1.61085e-07,69.5585,316.859,-2.47141e-07,78.7347,398.812,8.93552e-08,89.1218,501.948,-2.53231e-07,100.879,631.736,-1.25047e-07,114.188,795.049,-1.78808e-07,129.252,1000.53,2.6733e-07,146.304,1259.03,4.50292e-07,165.605,1584.19,6.76904e-07,187.452,1993.12,-1.23808e-07,212.181,2507.27,-4.89068e-07,240.173,3153.54,-5.40284e-07,271.856,3965.56,1.86061e-07,307.719,4985.38,4.37004e-07,348.313,6265.4,3.59828e-07,394.26,7870.83,3.98192e-07,446.268,9882.51,-1.92908e-07,505.135,12400.3,-2.20392e-07,571.766,15546.9,1.51705e-07,647.184,19472.2,5.74996e-07,732.547,24357.4,5.39112e-07,829.167,30420,5.07815e-09,938.526,37916.3,-4.11492e-07,1062.3,47143.9,-3.9561e-07,1202.4,58439.2,3.86185e-08,1360.96,72169.3,5.94093e-07,1540.42,88715.8,7.47693e-07,1743.53,108445,1.78537e-07,1973.41,131665,-4.12549e-07,2233.57,158557,-5.37164e-07,2528,189103,-1.17615e-07,2861.2,222986,5.66769e-07,3238.27,259510,9.45053e-07,3664.97,297540,4.25093e-07,4147.81,335497,-3.58506e-07,4694.17,371444,-6.7724e-07,5312.37,403256,1.67192e-07,1.61744,3.89446,9.84394,3.28846,7.5504,12.774,5.07607,11.7187,13.6844,7.03202,16.8147,13.9681,9.20215,23.1769,14.0566,11.6301,31.1672,14.0841,14.3598,41.2186,14.0927,17.4376,53.8688,14.0954,20.9137,69.7915,14.0962,24.8432,89.8341,14.0965,29.2879,115.063,14.0966,34.3168,146.819,14.0966,40.0078,186.792,14.0966,46.4487,237.107,14.0966,53.7388,300.44,14.0966,61.9903,380.158,14.0966,71.3301,480.499,14.0966,81.902,606.796,14.0966,93.8685,765.761,14.0966,107.414,965.837,14.0966,122.746,1217.65,14.0966,140.101,1534.57,14.0966,159.745,1933.41,14.0966,181.981,2435.3,14.0966,207.15,3066.85,14.0966,235.64,3861.46,14.0966,267.889,4861.11,14.0966,304.391,6118.54,14.0966,345.709,7699.91,14.0966,392.478,9688.22,14.0966,445.417,12187.5,14.0966,505.339,15327.7,14.0966,573.165,19271.6,14.0966,649.938,24222,14.0966,736.839,30430.9,14.0966,835.202,38211.5,14.0966,946.539,47950.3,14.0966,1072.56,60122.8,14.0966,1215.21,75309.9,14.0966,1376.66,94216.2,14.0966,1559.41,117688,14.0966,1766.26,146729,14.0966,2000.39,182510,14.0966,2265.39,226372,14.0966,2565.33,279806,14.0966,2904.81,344416,14.0966,3289.05,421845,14.0966,3723.93,513667,14.0966,4216.13,621231,14.0966,4773.18,745478,14.0966,5403.64,886744,14.0966,6117.15,1.04457e+06,14.0966,6924.63,1.2176e+06,14.0966,11.7194,11.96,12.6541,13.9321,16.1295,13.6434,16.6097,21.9702,13.9553,19.7532,29.5285,14.0526,23.3844,39.1143,14.0829,27.5423,51.2054,14.0923,32.2796,66.434,14.0953,37.662,85.6061,14.0962,43.7675,109.74,14.0965,50.687,140.119,14.0966,58.5249,178.359,14.0966,67.4005,226.493,14.0966,77.4493,287.08,14.0966,88.8254,363.343,14.0966,101.703,459.336,14.0966,116.281,580.161,14.0966,132.782,732.241,14.0966,151.46,923.655,14.0966,172.603,1164.57,14.0966,196.535,1467.79,14.0966,223.625,1849.39,14.0966,254.288,2329.62,14.0966,288.997,2933.93,14.0966,328.285,3694.33,14.0966,372.755,4651.04,14.0966,423.092,5854.57,14.0966,480.07,7368.38,14.0966,544.564,9272.08,14.0966,617.566,11665.5,14.0966,700.197,14673.6,14.0966,793.729,18452.9,14.0966,899.599,23198.6,14.0966,1019.43,29154.1,14.0966,1155.07,36622.3,14.0966,1308.6,45977.9,14.0966,1482.39,57683.7,14.0966,1679.09,72307.8,14.0966,1901.73,90542.8,14.0966,2153.73,113226,14.0966,2438.97,141360,14.0966,2761.81,176127,14.0966,3127.22,218898,14.0966,3540.81,271226,14.0966,4008.92,334817,14.0966,4538.74,411470,14.0966,5138.38,502973,14.0966,5817.04,610948,14.0966,6585.12,736653,14.0966,7454.39,880741,14.0966,8438.15,1.04302e+06,14.0966,9551.45,1.22224e+06,14.0966,10811.3,1.41602e+06,14.0966,12237,1.62086e+06,14.0966,11.7194,11.96,12.6541,2.21263,4.16949,0.989383,2.67766,5.84076,0.311842,3.14343,7.55825,0.0972771,3.63127,9.58578,0.0303237,4.15787,12.0912,0.00945211,4.73731,15.2286,0.00294633,5.38238,19.1721,0.000918508,6.10553,24.134,0.000286163,6.91951,30.3791,8.92692e-05,7.83792,38.2397,2.78121e-05,8.87555,48.1338,8.65134e-06,10.0489,60.5876,2.7882e-06,11.3761,76.2629,8.29036e-07,12.8779,95.9927,2.4373e-07,14.5775,120.825,4.33068e-09,16.5012,152.08,1.75749e-07,18.6784,191.415,-1.86328e-07,21.1428,240.917,1.91829e-07,23.9322,303.213,-1.81475e-07,27.0895,381.602,7.0186e-08,30.6634,480.231,-2.86769e-08,34.7087,604.316,2.40784e-07,39.2876,760.401,9.87368e-08,44.4705,956.705,1.22263e-07,50.3371,1203.54,-4.31966e-07,56.9776,1513.81,-1.9705e-07,64.494,1903.69,-2.763e-08,73.0018,2393.4,3.9185e-07,82.6317,3008.13,1.35379e-07,93.5318,3779.25,-4.16351e-08,105.869,4745.7,2.06965e-08,119.834,5955.6,-3.18887e-07,135.641,7468.12,-1.48271e-08,153.531,9355.62,2.00739e-07,173.781,11705.8,2.28358e-07,196.701,14624.1,-1.93587e-08,222.642,18235,-2.88101e-07,252.003,22683.4,-2.24732e-07,285.234,28134,8.56806e-09,322.845,34767,2.34258e-07,365.413,42770.9,2.99668e-07,413.588,52327.9,8.28644e-08,468.111,63591.2,-3.07049e-07,529.814,76653.2,-3.1888e-07,599.642,91502.5,-6.72276e-08,678.662,107975,2.26339e-07,768.083,125705,3.69212e-07,869.267,144088,2.04077e-07,983.76,162277,-2.80509e-07,1113.3,179223,-4.22737e-07,1259.87,193777,-1.71951e-07,1425.68,204839,4.55555e-07,11.7194,11.96,12.6541,2.21263,4.16949,0.989383,2.67766,5.84076,0.311842,3.14343,7.55825,0.0972771,3.63127,9.58578,0.0303237,4.15787,12.0912,0.00945211,4.73731,15.2286,0.00294633,5.38238,19.1721,0.000918508,6.10553,24.134,0.000286163,6.91951,30.3791,8.92692e-05,7.83792,38.2397,2.78121e-05,8.87555,48.1338,8.65134e-06,10.0489,60.5876,2.7882e-06,11.3761,76.2629,8.29036e-07,12.8779,95.9927,2.4373e-07,14.5775,120.825,1e-08,16.5012,152.08,1.75749e-07,18.6784,191.415,1e-08,21.1428,240.917,1.91829e-07,23.9322,303.213,1e-08,27.0895,381.602,7.0186e-08,30.6634,480.231,1e-08,34.7087,604.316,2.40784e-07,39.2876,760.401,9.87368e-08,44.4705,956.705,1.22263e-07,50.3371,1203.54,1e-08,56.9776,1513.81,1e-08,64.494,1903.69,1e-08,73.0018,2393.4,3.9185e-07,82.6317,3008.13,1.35379e-07,93.5318,3779.25,1e-08,105.869,4745.7,2.06965e-08,119.834,5955.6,1e-08,135.641,7468.12,1e-08,153.531,9355.62,2.00739e-07,173.781,11705.8,2.28358e-07,196.701,14624.1,1e-08,222.642,18235,1e-08,252.003,22683.4,1e-08,285.234,28134,1e-08,322.845,34767,2.34258e-07,365.413,42770.9,2.99668e-07,413.588,52327.9,8.28644e-08,468.111,63591.2,1e-08,529.814,76653.2,1e-08,599.642,91502.5,1e-08,678.662,107975,2.26339e-07,768.083,125705,3.69212e-07,869.267,144088,2.04077e-07,983.76,162277,1e-08,1113.3,179223,1e-08,1259.87,193777,1e-08,1425.68,204839,4.55555e-07,6.2823,3.27286,2.43537,0.219672,6.18826,2.24117,0.56371,6.87772,2.63624,0.308279,12,11,15,3,4,0,5,5,0,3,8,0,9,7,0,2,12,0,4,34,0,4,19,0,4,41,0,7,26,0,13,28,0,7,85,0,15,61,0,10,105,0,8,77,0,32,62,0,13,132,0,15,305,0,17,299,0,14,228,0,32,417,0,24,593,0,52,250,0,21,910,0,72,734,0,81,1923,0,64,833,0,54,2183,0,49,1726,0,93,2880,0,35,7559,0,130,4197,0,147,4516,0,231,2842,0,180,9763,0,228,8986,0,126,11766,0,208,21722,0,188,18757,0,241,23673,0,198,41613,0,169,21054,0,455,26234,0,879,28859,0,335,117850,0,570,47011,0,784,153733,0,435,45854,0,714,137024,0,817,159637,0,1432,164048,0,639,201687,0,2018,273659,0
-1.05176e+08,1,8.88811e-15,10,1023,0,1.05176e+08,0.528882,1.08665,0.389689,0.145397,0.379329,3.24381,0.161596,0.446195,1.77396,0.159177,1.15e+07,4.49998e+06,6.79999e+06,1.15e+07,4.49997e+06,6.79999e+06,1.15e+07,4.49996e+06,6.79999e+06,1.15e+07,4.49995e+06,6.79999e+06,1.14999e+07,4.49993e+06,6.79999e+06,1.14999e+07,4.49991e+06,6.79999e+06,1.14999e+07,4.49989e+06,6.79999e+06,1.14999e+07,4.49986e+06,6.79999e+06,1.14999e+07,4.49982e+06,6.79999e+06,1.14999e+07,4.49977e+06,6.79999e+06,1.14999e+07,4.49971e+06,6.79999e+06,1.14999e+07,4.49963e+06,6.79999e+06,1.14998e+07,4.49953e+06,6.79999e+06,1.14998e+07,4.49941e+06,6.79999e+06,1.14998e+07,4.49926e+06,6.79999e+06,1.14998e+07,4.49906e+06,6.79999e+06,1.14997e+07,4.49882e+06,6.79999e+06,1.14997e+07,4.49851e+06,6.79999e+06,1.14997e+07,4.49812e+06,6.79999e+06,1.14996e+07,4.49764e+06,6.79999e+06,1.14996e+07,4.49702e+06,6.79999e+06,1.14995e+07,4.49625e+06,6.79999e+06,1.14995e+07,4.49528e+06,6.79999e+06,1.14994e+07,4.49406e+06,6.79999e+06,1.14993e+07,4.49253e+06,6.79999e+06,1.14992e+07,4.49059e+06,6.79999e+06,1.14991e+07,4.48817e+06,6.79999e+06,1.1499e+07,4.48511e+06,6.79999e+06,1.14988e+07,4.48128e+06,6.79999e+06,1.14987e+07,4.47646e+06,6.79999e+06,1.14985e+07,4.47041e+06,6.79999e+06,1.14983e+07,4.46281e+06,6.79999e+06,1.14981e+07,4.4533e+06,6.79999e+06,1.14979e+07,4.44138e+06,6.79999e+06,1.14976e+07,4.42649e+06,6.79999e+06,1.14972e+07,4.40789e+06,6.79999e+06,1.14969e+07,4.38471e+06,6.79999e+06,1.14965e+07,4.35592e+06,6.79999e+06,1.1496e+07,4.32027e+06,6.79999e+06,1.14955e+07,4.27629e+06,6.79999e+06,1.14949e+07,4.22231e+06,6.79999e+06,1.14942e+07,4.15647e+06,6.79999e+06,1.14934e+07,4.07676e+06,6.79999e+06,1.14926e+07,3.98112e+06,6.79999e+06,1.14916e+07,3.86765e+06,6.79999e+06,1.14905e+07,3.73474e+06,6.79999e+06,1.14892e+07,3.58148e+06,6.79999e+06,1.14878e+07,3.40785e+06,6.79999e+06,1.14862e+07,3.21513e+06,6.79999e+06,1.14844e+07,3.00605e+06,6.79999e+06,1.14823e+07,2.7848e+06,6.79999e+06,1.148e+07,2.5568e+06,6.79999e+06,1.14773e+07,2.32825e+06,6.79999e+06,13.5742,8.52444,0.508366,16.8306,13.2585,0.162638,20.0035,17.569,0.0507846,23.2616,22.4214,0.0158319,26.7328,28.3297,0.00493498,30.5212,35.6974,0.00153831,34.7178,44.9473,0.000479527,39.4086,56.5822,0.000149456,44.6796,71.2245,4.66214e-05,50.6209,89.6543,1.45419e-05,57.3297,112.852,4.54748e-06,64.9129,142.051,1.43857e-06,73.4897,178.803,4.36618e-07,83.1934,225.062,1.40153e-07,94.1745,283.286,4.96378e-08,106.602,356.568,1.05434e-07,120.669,448.799,-6.49244e-08,136.59,564.873,1.70148e-07,154.611,710.948,-5.34594e-08,175.008,894.767,1.63407e-07,198.097,1126.06,8.04804e-08,224.231,1417.07,1.14667e-07,253.813,1783.15,-1.71227e-07,287.297,2243.62,-2.88466e-07,325.198,2822.67,-4.33651e-07,368.098,3550.67,7.9318e-08,416.657,4465.65,3.13319e-07,471.621,5615.16,3.4613e-07,533.835,7058.61,-1.19199e-07,604.255,8870.02,-2.79964e-07,683.962,11141.4,-2.30521e-07,774.182,13986.7,-2.55099e-07,876.299,17546.4,1.23585e-07,991.883,21993.1,1.41192e-07,1122.71,27536.7,-9.71886e-08,1270.78,34430.7,-3.68368e-07,1438.38,42977.7,-3.45379e-07,1628.07,53532.7,-3.25328e-09,1842.77,66504.6,2.6362e-07,2085.77,82350.2,2.53445e-07,2360.79,101560,-2.47407e-08,2672.05,124632,-3.80602e-07,3024.31,152018,-4.79005e-07,3422.98,184060,-1.14379e-07,3874.15,220884,2.64297e-07,4384.72,262283,3.44131e-07,4962.49,307576,7.5349e-08,5616.29,355497,-3.63097e-07,6356.1,404126,-6.05442e-07,7193.18,450932,-2.72333e-07,8140.28,492963,2.29675e-07,9211.79,527178,4.3387e-07,10424,550893,-1.0711e-07,10.102,8.06553,2.81012,10.6436,8.57909,0.869423,11.5336,10.2515,0.270869,12.7211,12.7138,0.0844293,14.1823,15.9373,0.0263173,15.9122,20.0383,0.0082035,17.9198,25.2154,0.00255722,20.2244,31.7373,0.000797017,22.8539,39.9486,0.000248622,25.8438,50.2851,7.75492e-05,29.237,63.2963,2.42508e-05,33.0837,79.6738,7.67162e-06,37.4415,100.288,2.32837e-06,42.3767,126.236,7.33e-07,47.9646,158.896,2.79256e-07,54.2906,200.003,9.87351e-09,61.452,251.741,1.61085e-07,69.5585,316.859,-2.47141e-07,78.7347,398.812,8.93552e-08,89.1218,501.948,-2.53231e-07,100.879,631.736,-1.25047e-07,114.188,795.049,-1.78808e-07,129.252,1000.53,2.6733e-07,146.304,1259.03,4.50292e-07,165.605,1584.19,6.76904e-07,187.452,1993.12,-1.23808e-07,212.181,2507.27,-4.89068e-07,240.173,3153.54,-5.40284e-07,271.856,3965.56,1.86061e-07,307.719,4985.38,4.37004e-07,348.313,6265.4,3.59828e-07,394.26,7870.83,3.98192e-07,446.268,9882.51,-1.92908e-07,505.135,12400.3,-2.20392e-07,571.766,15546.9,1.51705e-07,647.184,19472.2,5.74996e-07,732.547,24357.4,5.39112e-07,829.167,30420,5.07815e-09,938.526,37916.3,-4.11492e-07,1062.3,47143.9,-3.9561e-07,1202.4,58439.2,3.86185e-08,1360.96,72169.3,5.94093e-07,1540.42,88715.8,7.47693e-07,1743.53,108445,1.78537e-07,1973.41,131665,-4.12549e-07,2233.57,158557,-5.37164e-07,2528,189103,-1.17615e-07,2861.2,222986,5.66769e-07,3238.27,259510,9.45053e-07,3664.97,297540,4.25093e-07,4147.81,335497,-3.58506e-07,4694.17,371444,-6.7724e-07,5312.37,403256,1.67192e-07,1.61744,3.89446,9.84394,3.28846,7.5504,12.774,5.07607,11.7187,13.6844,7.03202,16.8147,13.9681,9.20215,23.1769,14.0566,11.6301,31.1672,14.0841,14.3598,41.2186,14.0927,17.4376,53.8688,14.0954,20.9137,69.7915,14.0962,24.8432,89.8341,14.0965,29.2879,115.063,14.0966,34.3168,146.819,14.0966,40.0078,186.792,14.0966,46.4487,237.107,14.0966,53.7388,300.44,14.0966,61.9903,380.158,14.0966,71.3301,480.499,14.0966,81.902,606.796,14.0966,93.8685,765.761,14.0966,107.414,965.837,14.0966,122.746,1217.65,14.0966,140.101,1534.57,14.0966,159.745,1933.41,14.0966,181.981,2435.3,14.0966,207.15,3066.85,14.0966,235.64,3861.46,14.0966,267.889,4861.11,14.0966,304.391,6118.54,14.0966,345.709,7699.91,14.0966,392.478,9688.22,14.0966,445.417,12187.5,14.0966,505.339,15327.7,14.0966,573.165,19271.6,14.0966,649.938,24222,14.0966,736.839,30430.9,14.0966,835.202,38211.5,14.0966,946.539,47950.3,14.0966,1072.56,60122.8,14.0966,1215.21,75309.9,14.0966,1376.66,94216.2,14.0966,1559.41,117688,14.0966,1766.26,146729,14.0966,2000.39,182510,14.0966,2265.39,226372,14.0966,2565.33,279806,14.0966,2904.81,344416,14.0966,3289.05,421845,14.0966,3723.93,513667,14.0966,4216.13,621231,14.0966,4773.18,745478,14.0966,5403.64,886744,14.0966,6117.15,1.04457e+06,14.0966,6924.63,1.2176e+06,14.0966,11.7194,11.96,12.6541,13.9321,16.1295,13.6434,16.6097,21.9702,13.9553,19.7532,29.5285,14.0526,23.3844,39.1143,14.0829,27.5423,51.2054,14.0923,32.2796,66.434,14.0953,37.662,85.6061,14.0962,43.7675,109.74,14.0965,50.687,140.119,14.0966,58.5249,178.359,14.0966,67.4005,226.493,14.0966,77.4493,287.08,14.0966,88.8254,363.343,14.0966,101.703,459.336,14.0966,116.281,580.161,14.0966,132.782,732.241,14.0966,151.46,923.655,14.0966,172.603,1164.57,14.0966,196.535,1467.79,14.0966,223.625,1849.39,14.0966,254.288,2329.62,14.0966,288.997,2933.93,14.0966,328.285,3694.33,14.0966,372.755,4651.04,14.0966,423.092,5854.57,14.0966,480.07,7368.38,14.0966,544.564,9272.08,14.0966,617.566,11665.5,14.0966,700.197,14673.6,14.0966,793.729,18452.9,14.0966,899.599,23198.6,14.0966,1019.43,29154.1,14.0966,1155.07,36622.3,14.0966,1308.6,45977.9,14.0966,1482.39,57683.7,14.0966,1679.09,72307.8,14.0966,1901.73,90542.8,14.0966,2153.73,113226,14.0966,2438.97,141360,14.0966,2761.81,176127,14.0966,3127.22,218898,14.0966,3540.81,271226,14.0966,4008.92,334817,14.0966,4538.74,411470,14.0966,5138.38,502973,14.0966,5817.04,610948,14.0966,6585.12,736653,14.0966,7454.39,880741,14.0966,8438.15,1.04302e+06,14.0966,9551.45,1.22224e+06,14.0966,10811.3,1.41602e+06,14.0966,12237,1.62086e+06,14.0966,11.7194,11.96,12.6541,2.21263,4.16949,0.989383,2.67766,5.84076,0.311842,3.14343,7.55825,0.0972771,3.63127,9.58578,0.0303237,4.15787,12.0912,0.00945211,4.73731,15.2286,0.00294633,5.38238,19.1721,0.000918508,6.10553,24.134,0.000286163,6.91951,30.3791,8.92692e-05,7.83792,38.2397,2.78121e-05,8.87555,48.1338,8.65134e-06,10.0489,60.5876,2.7882e-06,11.3761,76.2629,8.29036e-07,12.8779,95.9927,2.4373e-07,14.5775,120.825,4.33068e-09,16.5012,152.08,1.75749e-07,18.6784,191.415,-1.86328e-07,21.1428,240.917,1.91829e-07,23.9322,303.213,-1.81475e-07,27.0895,381.602,7.0186e-08,30.6634,480.231,-2.86769e-08,34.7087,604.316,2.40784e-07,39.2876,760.401,9.87368e-08,44.4705,956.705,1.22263e-07,50.3371,1203.54,-4.31966e-07,56.9776,1513.81,-1.9705e-07,64.494,1903.69,-2.763e-08,73.0018,2393.4,3.9185e-07,82.6317,3008.13,1.35379e-07,93.5318,3779.25,-4.16351e-08,105.869,4745.7,2.06965e-08,119.834,5955.6,-3.18887e-07,135.641,7468.12,-1.48271e-08,153.531,9355.62,2.00739e-07,173.781,11705.8,2.28358e-07,196.701,14624.1,-1.93587e-08,222.642,18235,-2.88101e-07,252.003,22683.4,-2.24732e-07,285.234,28134,8.56806e-09,322.845,34767,2.34258e-07,365.413,42770.9,2.99668e-07,413.588,52327.9,8.28644e-08,468.111,63591.2,-3.07049e-07,529.814,76653.2,-3.1888e-07,599.642,91502.5,-6.72276e-08,678.662,107975,2.26339e-07,768.083,125705,3.69212e-07,869.267,144088,2.04077e-07,983.76,162277,-2.80509e-07,1113.3,179223,-4.22737e-07,1259.87,193777,-1.71951e-07,1425.68,204839,4.55555e-07,11.7194,11.96,12.6541,2.21263,4.16949,0.989383,2.67766,5.84076,0.311842,3.14343,7.55825,0.0972771,3.63127,9.58578,0.0303237,4.15787,12.0912,0.00945211,4.73731,15.2286,0.00294633,5.38238,19.1721,0.000918508,6.10553,24.134,0.000286163,6.91951,30.3791,8.92692e-05,7.83792,38.2397,2.78121e-05,8.87555,48.1338,8.65134e-06,10.0489,60.5876,2.7882e-06,11.3761,76.2629,8.29036e-07,12.8779,95.9927,2.4373e-07,14.5775,120.825,1e-08,16.5012,152.08,1.75749e-07,18.6784,191.415,1e-08,21.1428,240.917,1.91829e-07,23.9322,303.213,1e-08,27.0895,381.602,7.0186e-08,30.6634,480.231,1e-08,34.7087,604.316,2.40784e-07,39.2876,760.401,9.87368e-08,44.4705,956.705,1.22263e-07,50.3371,1203.54,1e-08,56.9776,1513.81,1e-08,64.494,1903.69,1e-08,73.0018,2393.4,3.9185e-07,82.6317,3008.13,1.35379e-07,93.5318,3779.25,1e-08,105.869,4745.7,2.06965e-08,119.834,5955.6,1e-08,135.641,7468.12,1e-08,153.531,9355.62,2.00739e-07,173.781,11705.8,2.28358e-07,196.701,14624.1,1e-08,222.642,18235,1e-08,252.003,22683.4,1e-08,285.234,28134,1e-08,322.845,34767,2.34258e-07,365.413,42770.9,2.99668e-07,413.588,52327.9,8.28644e-08,468.111,63591.2,1e-08,529.814,76653.2,1e-08,599.642,91502.5,1e-08,678.662,107975,2.26339e-07,768.083,125705,3.69212e-07,869.267,144088,2.04077e-07,983.76,162277,1e-08,1113.3,179223,1e-08,1259.87,193777,1e-08,1425.68,204839,4.55555e-07,6.2823,3.27286,2.43537,0.219672,6.18826,2.24117,0.56371,6.87772,2.63624,0.308279,6,14,14,4,4,1,6,11,0,5,13,0,2,9,0,1,24,0,4,27,0,4,26,0,10,14,0,5,10,0,7,46,0,6,75,0,9,69,0,15,49,0,13,156,0,10,168,0,10,135,0,18,261,0,29,150,0,18,291,0,23,229,0,17,538,0,51,850,0,40,866,0,42,1139,0,75,553,0,43,2062,0,41,826,0,102,2832,0,132,5984,0,102,5436,0,94,5501,0,56,2813,0,165,7266,0,175,8578,0,211,9325,0,96,16398,0,248,17220,0,175,5360,0,429,31996,0,336,49822,0,611,30845,0,814,116841,0,724,75640,0,729,57941,0,543,74093,0,402,113993,0,1054,158484,0,188,202380,0,647,150526,0,1772,211825,0,969,132318,0,991,131981,0
-1.05176e+08,1,8.88811e-15,10,1023,0,1.05176e+08,0.528882,1.08665,0.389689,0.145397,0.379329,3.24381,0.161596,0.446195,1.77396,0.159177,1.15e+07,4.49998e+06,6.79999e+06,1.15e+07,4.49997e+06,6.79999e+06,1.15e+07,4.49996e+06,6.79999e+06,1.15e+07,4.49995e+06,6.79999e+06,1.14999e+07,4.49993e+06,6.79999e+06,1.14999e+07,4.49991e+06,6.79999e+06,1.14999e+07,4.49989e+06,6.79999e+06,1.14999e+07,4.49986e+06,6.79999e+06,1.14999e+07,4.49982e+06,6.79999e+06,1.14999e+07,4.49977e+06,6.79999e+06,1.14999e+07,4.49971e+06,6.79999e+06,1.14999e+07,4.49963e+06,6.79999e+06,1.14998e+07,4.49953e+06,6.79999e+06,1.14998e+07,4.49941e+06,6.79999e+06,1.14998e+07,4.49926e+06,6.79999e+06,1.14998e+07,4.49906e+06,6.79999e+06,1.14997e+07,4.49882e+06,6.79999e+06,1.14997e+07,4.49851e+06,6.79999e+06,1.14997e+07,4.49812e+06,6.79999e+06,1.14996e+07,4.49764e+06,6.79999e+06,1.14996e+07,4.49702e+06,6.79999e+06,1.14995e+07,4.49625e+06,6.79999e+06,1.14995e+07,4.49528e+06,6.79999e+06,1.14994e+07,4.49406e+06,6.79999e+06,1.14993e+07,4.49253e+06,6.79999e+06,1.14992e+07,4.49059e+06,6.79999e+06,1.14991e+07,4.48817e+06,6.79999e+06,1.1499e+07,4.48511e+06,6.79999e+06,1.14988e+07,4.48128e+06,6.79999e+06,1.14987e+07,4.47646e+06,6.79999e+06,1.14985e+07,4.47041e+06,6.79999e+06,1.14983e+07,4.46281e+06,6.79999e+06,1.14981e+07,4.4533e+06,6.79999e+06,1.14979e+07,4.44138e+06,6.79999e+06,1.14976e+07,4.42649e+06,6.79999e+06,1.14972e+07,4.40789e+06,6.79999e+06,1.14969e+07,4.38471e+06,6.79999e+06,1.14965e+07,4.35592e+06,6.79999e+06,1.1496e+07,4.32027e+06,6.79999e+06,1.14955e+07,4.27629e+06,6.79999e+06,1.14949e+07,4.22231e+06,6.79999e+06,1.14942e+07,4.15647e+06,6.79999e+06,1.14934e+07,4.07676e+06,6.79999e+06,1.14926e+07,3.98112e+06,6.79999e+06,1.14916e+07,3.86765e+06,6.79999e+06,1.14905e+07,3.73474e+06,6.79999e+06,1.14892e+07,3.58148e+06,6.79999e+06,1.14878e+07,3.40785e+06,6.79999e+06,1.14862e+07,3.21513e+06,6.79999e+06,1.14844e+07,3.00605e+06,6.79999e+06,1.14823e+07,2.7848e+06,6.79999e+06,1.148e+07,2.5568e+06,6.79999e+06,1.14773e+07,2.32825e+06,6.79999e+06,13.5742,8.52444,0.508366,16.8306,13.2585,0.162638,20.0035,17.569,0.0507846,23.2616,22.4214,0.0158319,26.7328,28.3297,0.00493498,30.5212,35.6974,0.00153831,34.7178,44.9473,0.000479527,39.4086,56.5822,0.000149456,44.6796,71.2245,4.66214e-05,50.6209,89.6543,1.45419e-05,57.3297,112.852,4.54748e-06,64.9129,142.051,1.43857e-06,73.4897,178.803,4.36618e-07,83.1934,225.062,1.40153e-07,94.1745,283.286,4.96378e-08,106.602,356.568,1.05434e-07,120.669,448.799,-6.49244e-08,136.59,564.873,1.70148e-07,154.611,710.948,-5.34594e-08,175.008,894.767,1.63407e-07,198.097,1126.06,8.04804e-08,224.231,1417.07,1.14667e-07,253.813,1783.15,-1.71227e-07,287.297,2243.62,-2.88466e-07,325.198,2822.67,-4.33651e-07,368.098,3550.67,7.9318e-08,416.657,4465.65,3.13319e-07,471.621,5615.16,3.4613e-07,533.835,7058.61,-1.19199e-07,604.255,8870.02,-2.79964e-07,683.962,11141.4,-2.30521e-07,774.182,13986.7,-2.55099e-07,876.299,17546.4,1.23585e-07,991.883,21993.1,1.41192e-07,1122.71,27536.7,-9.71886e-08,1270.78,34430.7,-3.68368e-07,1438.38,42977.7,-3.45379e-07,1628.07,53532.7,-3.25328e-09,1842.77,66504.6,2.6362e-07,2085.77,82350.2,2.53445e-07,2360.79,101560,-2.47407e-08,2672.05,124632,-3.80602e-07,3024.31,152018,-4.79005e-07,3422.98,184060,-1.14379e-07,3874.15,220884,2.64297e-07,4384.72,262283,3.44131e-07,4962.49,307576,7.5349e-08,5616.29,355497,-3.63097e-07,6356.1,404126,-6.05442e-07,7193.18,450932,-2.72333e-07,8140.28,492963,2.29675e-07,9211.79,527178,4.3387e-07,10424,550893,-1.0711e-07,10.102,8.06553,2.81012,10.6436,8.57909,0.869423,11.5336,10.2515,0.270869,12.7211,12.7138,0.0844293,14.1823,15.9373,0.0263173,15.9122,20.0383,0.0082035,17.9198,25.2154,0.00255722,20.2244,31.7373,0.000797017,22.8539,39.9486,0.000248622,25.8438,50.2851,7.75492e-05,29.237,63.2963,2.42508e-05,33.0837,79.6738,7.67162e-06,37.4415,100.288,2.32837e-06,42.3767,126.236,7.33e-07,47.9646,158.896,2.79256e-07,54.2906,200.003,9.87351e-09,61.452,251.741,1.61085e-07,69.5585,316.859,-2.47141e-07,78.7347,398.812,8.93552e-08,89.1218,501.948,-2.53231e-07,100.879,631.736,-1.25047e-07,114.188,795.049,-1.78808e-07,129.252,1000.53,2.6733e-07,146.304,1259.03,4.50292e-07,165.605,1584.19,6.76904e-07,187.452,1993.12,-1.23808e-07,212.181,2507.27,-4.89068e-07,240.173,3153.54,-5.40284e-07,271.856,3965.56,1.86061e-07,307.719,4985.38,4.37004e-07,348.313,6265.4,3.59828e-07,394.26,7870.83,3.98192e-07,446.268,9882.51,-1.92908e-07,505.135,12400.3,-2.20392e-07,571.766,15546.9,1.51705e-07,647.184,19472.2,5.74996e-07,732.547,24357.4,5.39112e-07,829.167,30420,5.07815e-09,938.526,37916.3,-4.11492e-07,1062.3,47143.9,-3.9561e-07,1202.4,58439.2,3.86185e-08,1360.96,72169.3,5.94093e-07,1540.42,88715.8,7.47693e-07,1743.53,108445,1.78537e-07,1973.41,131665,-4.12549e-07,2233.57,158557,-5.37164e-07,2528,189103,-1.17615e-07,2861.2,222986,5.66769e-07,3238.27,259510,9.45053e-07,3664.97,297540,4.25093e-07,4147.81,335497,-3.58506e-07,4694.17,371444,-6.7724e-07,5312.37,403256,1.67192e-07,1.61744,3.89446,9.84394,3.28846,7.5504,12.774,5.07607,11.7187,13.6844,7.03202,16.8147,13.9681,9.20215,23.1769,14.0566,11.6301,31.1672,14.0841,14.3598,41.2186,14.0927,17.4376,53.8688,14.0954,20.9137,69.7915,14.0962,24.8432,89.8341,14.0965,29.2879,115.063,14.0966,34.3168,146.819,14.0966,40.0078,186.792,14.0966,46.4487,237.107,14.0966,53.7388,300.44,14.0966,61.9903,380.158,14.0966,71.3301,480.499,14.0966,81.902,606.796,14.0966,93.8685,765.761,14.0966,107.414,965.837,14.0966,122.746,1217.65,14.0966,140.101,1534.57,14.0966,159.745,1933.41,14.0966,181.981,2435.3,14.0966,207.15,3066.85,14.0966,235.64,3861.46,14.0966,267.889,4861.11,14.0966,304.391,6118.54,14.0966,345.709,7699.91,14.0966,392.478,9688.22,14.0966,445.417,12187.5,14.0966,505.339,15327.7,14.0966,573.165,19271.6,14.0966,649.938,24222,14.0966,736.839,30430.9,14.0966,835.202,38211.5,14.0966,946.539,47950.3,14.0966,1072.56,60122.8,14.0966,1215.21,75309.9,14.0966,1376.66,94216.2,14.0966,1559.41,117688,14.0966,1766.26,146729,14.0966,2000.39,182510,14.0966,2265.39,226372,14.0966,2565.33,279806,14.0966,2904.81,344416,14.0966,3289.05,421845,14.0966,3723.93,513667,14.0966,4216.13,621231,14.0966,4773.18,745478,14.0966,5403.64,886744,14.0966,6117.15,1.04457e+06,14.0966,6924.63,1.2176e+06,14.0966,11.7194,11.96,12.6541,13.9321,16.1295,13.6434,16.6097,21.9702,13.9553,19.7532,29.5285,14.0526,23.3844,39.1143,14.0829,27.5423,51.2054,14.0923,32.2796,66.434,14.0953,37.662,85.6061,14.0962,43.7675,109.74,14.0965,50.687,140.119,14.0966,58.5249,178.359,14.0966,67.4005,226.493,14.0966,77.4493,287.08,14.0966,88.8254,363.343,14.0966,101.703,459.336,14.0966,116.281,580.161,14.0966,132.782,732.241,14.0966,151.46,923.655,14.0966,172.603,1164.57,14.0966,196.535,1467.79,14.0966,223.625,1849.39,14.0966,254.288,2329.62,14.0966,288.997,2933.93,14.0966,328.285,3694.33,14.0966,372.755,4651.04,14.0966,423.092,5854.57,14.0966,480.07,7368.38,14.0966,544.564,9272.08,14.0966,617.566,11665.5,14.0966,700.197,14673.6,14.0966,793.729,18452.9,14.0966,899.599,23198.6,14.0966,1019.43,29154.1,14.0966,1155.07,36622.3,14.0966,1308.6,45977.9,14.0966,1482.39,57683.7,14.0966,1679.09,72307.8,14.0966,1901.73,90542.8,14.0966,2153.73,113226,14.0966,2438.97,141360,14.0966,2761.81,176127,14.0966,3127.22,218898,14.0966,3540.81,271226,14.0966,4008.92,334817,14.0966,4538.74,411470,14.0966,5138.38,502973,14.0966,5817.04,610948,14.0966,6585.12,736653,14.0966,7454.39,880741,14.0966,8438.15,1.04302e+06,14.0966,9551.45,1.22224e+06,14.0966,10811.3,1.41602e+06,14.0966,12237,1.62086e+06,14.0966,11.7194,11.96,12.6541,2.21263,4.16949,0.989383,2.67766,5.84076,0.311842,3.14343,7.55825,0.0972771,3.63127,9.58578,0.0303237,4.15787,12.0912,0.00945211,4.73731,15.2286,0.00294633,5.38238,19.1721,0.000918508,6.10553,24.134,0.000286163,6.91951,30.3791,8.92692e-05,7.83792,38.2397,2.78121e-05,8.87555,48.1338,8.65134e-06,10.0489,60.5876,2.7882e-06,11.3761,76.2629,8.29036e-07,12.8779,95.9927,2.4373e-07,14.5775,120.825,4.33068e-09,16.5012,152.08,1.75749e-07,18.6784,191.415,-1.86328e-07,21.1428,240.917,1.91829e-07,23.9322,303.213,-1.81475e-07,27.0895,381.602,7.0186e-08,30.6634,480.231,-2.86769e-08,34.7087,604.316,2.40784e-07,39.2876,760.401,9.87368e-08,44.4705,956.705,1.22263e-07,50.3371,1203.54,-4.31966e-07,56.9776,1513.81,-1.9705e-07,64.494,1903.69,-2.763e-08,73.0018,2393.4,3.9185e-07,82.6317,3008.13,1.35379e-07,93.5318,3779.25,-4.16351e-08,105.869,4745.7,2.06965e-08,119.834,5955.6,-3.18887e-07,135.641,7468.12,-1.48271e-08,153.531,9355.62,2.00739e-07,173.781,11705.8,2.28358e-07,196.701,14624.1,-1.93587e-08,222.642,18235,-2.88101e-07,252.003,22683.4,-2.24732e-07,285.234,28134,8.56806e-09,322.845,34767,2.34258e-07,365.413,42770.9,2.99668e-07,413.588,52327.9,8.28644e-08,468.111,63591.2,-3.07049e-07,529.814,76653.2,-3.1888e-07,599.642,91502.5,-6.72276e-08,678.662,107975,2.26339e-07,768.083,125705,3.69212e-07,869.267,144088,2.04077e-07,983.76,162277,-2.80509e-07,1113.3,179223,-4.22737e-07,1259.87,193777,-1.71951e-07,1425.68,204839,4.55555e-07,11.7194,11.96,12.6541,2.21263,4.16949,0.989383,2.67766,5.84076,0.311842,3.14343,7.55825,0.0972771,3.63127,9.58578,0.0303237,4.15787,12.0912,0.00945211,4.73731,15.2286,0.00294633,5.38238,19.1721,0.000918508,6.10553,24.134,0.000286163,6.91951,30.3791,8.92692e-05,7.83792,38.2397,2.78121e-05,8.87555,48.1338,8.65134e-06,10.0489,60.5876,2.7882e-06,11.3761,76.2629,8.29036e-07,12.8779,95.9927,2.4373e-07,14.5775,120.825,1e-08,16.5012,152.08,1.75749e-07,18.6784,191.415,1e-08,21.1428,240.917,1.91829e-07,23.9322,303.213,1e-08,27.0895,381.602,7.0186e-08,30.6634,480.231,1e-08,34.7087,604.316,2.40784e-07,39.2876,760.401,9.87368e-08,44.4705,956.705,1.22263e-07,50.3371,1203.54,1e-08,56.9776,1513.81,1e-08,64.494,1903.69,1e-08,73.0018,2393.4,3.9185e-07,82.6317,3008.13,1.35379e-07,93.5318,3779.25,1e-08,105.869,4745.7,2.06965e-08,119.834,5955.6,1e-08,135.641,7468.12,1e-08,153.531,9355.62,2.00739e-07,173.781,11705.8,2.28358e-07,196.701,14624.1,1e-08,222.642,18235,1e-08,252.003,22683.4,1e-08,285.234,28134,1e-08,322.845,34767,2.34258e-07,365.413,42770.9,2.99668e-07,413.588,52327.9,8.28644e-08,468.111,63591.2,1e-08,529.814,76653.2,1e-08,599.642,91502.5,1e-08,678.662,107975,2.26339e-07,768.083,125705,3.69212e-07,869.267,144088,2.04077e-07,983.76,162277,1e-08,1113.3,179223,1e-08,1259.87,193777,1e-08,1425.68,204839,4.55555e-07,6.2823,3.27286,2.43537,0.219672,6.18826,2.24117,0.56371,6.87772,2.63624,0.308279,13,6,20,2,0,1,3,2,0,5,5,0,4,11,0,4,14,0,4,18,0,4,22,0,9,36,0,15,23,0,6,55,0,2,24,0,6,27,0,6,64,0,16,97,0,12,79,0,17,186,0,12,178,0,24,401,0,14,424,0,55,411,0,20,739,0,35,256,0,79,489,0,54,1486,0,105,997,0,44,799,0,45,631,0,59,2829,0,146,2767,0,59,4154,0,123,4505,0,97,5152,0,116,2969,0,162,12221,0,129,9231,0,98,7811,0,209,14510,0,182,37109,0,313,7256,0,200,55836,0,600,33775,0,451,38585,0,837,41468,0,558,87659,0,427,121520,0,749,66227,0,469,107366,0,1094,149169,0,898,124444,0,468,165070,0,1473,109285,0,1442,151356,0
-1.05176e+08,1,8.88811e-15,10,1023,0,1.05176e+08,0.528882,1.08665,0.389689,0.145397,0.379329,3.24381,0.161596,0.446195,1.77396,0.159177,1.15e+07,4.49998e+06,6.79999e+06,1.15e+07,4.49997e+06,6.79999e+06,1.15e+07,4.49996e+06,6.79999e+06,1.15e+07,4.49995e+06,6.79999e+06,1.14999e+07,4.49993e+06,6.79999e+06,1.14999e+07,4.49991e+06,6.79999e+06,1.14999e+07,4.49989e+06,6.79999e+06,1.14999e+07,4.49986e+06,6.79999e+06,1.14999e+07,4.49982e+06,6.79999e+06,1.14999e+07,4.49977e+06,6.79999e+06,1.14999e+07,4.49971e+06,6.79999e+06,1.14999e+07,4.49963e+06,6.79999e+06,1.14998e+07,4.49953e+06,6.79999e+06,1.14998e+07,4.49941e+06,6.79999e+06,1.14998e+07,4.49926e+06,6.79999e+06,1.14998e+07,4.49906e+06,6.79999e+06,1.14997e+07,4.49882e+06,6.79999e+06,1.14997e+07,4.49851e+06,6.79999e+06,1.14997e+07,4.49812e+06,6.79999e+06,1.14996e+07,4.49764e+06,6.79999e+06,1.14996e+07,4.49702e+06,6.79999e+06,1.14995e+07,4.49625e+06,6.79999e+06,1.14995e+07,4.49528e+06,6.79999e+06,1.14994e+07,4.49406e+06,6.79999e+06,1.14993e+07,4.49253e+06,6.79999e+06,1.14992e+07,4.49059e+06,6.79999e+06,1.14991e+07,4.48817e+06,6.79999e+06,1.1499e+07,4.48511e+06,6.79999e+06,1.14988e+07,4.48128e+06,6.79999e+06,1.14987e+07,4.47646e+06,6.79999e+06,1.14985e+07,4.47041e+06,6.79999e+06,1.14983e+07,4.46281e+06,6.79999e+06,1.14981e+07,4.4533e+06,6.79999e+06,1.14979e+07,4.44138e+06,6.79999e+06,1.14976e+07,4.42649e+06,6.79999e+06,1.14972e+07,4.40789e+06,6.79999e+06,1.14969e+07,4.38471e+06,6.79999e+06,1.14965e+07,4.35592e+06,6.79999e+06,1.1496e+07,4.32027e+06,6.79999e+06,1.14955e+07,4.27629e+06,6.79999e+06,1.14949e+07,4.22231e+06,6.79999e+06,1.14942e+07,4.15647e+06,6.79999e+06,1.14934e+07,4.07676e+06,6.79999e+06,1.14926e+07,3.98112e+06,6.79999e+06,1.14916e+07,3.86765e+06,6.79999e+06,1.14905e+07,3.73474e+06,6.79999e+06,1.14892e+07,3.58148e+06,6.79999e+06,1.14878e+07,3.40785e+06,6.79999e+06,1.14862e+07,3.21513e+06,6.79999e+06,1.14844e+07,3.00605e+06,6.79999e+06,1.14823e+07,2.7848e+06,6.79999e+06,1.148e+07,2.5568e+06,6.79999e+06,1.14773e+07,2.32825e+06,6.79999e+06,13.5742,8.52444,0.508366,16.8306,13.2585,0.162638,20.0035,17.569,0.0507846,23.2616,22.4214,0.0158319,26.7328,28.3297,0.00493498,30.5212,35.6974,0.00153831,34.7178,44.9473,0.000479527,39.4086,56.5822,0.000149456,44.6796,71.2245,4.66214e-05,50.6209,89.6543,1.45419e-05,57.3297,112.852,4.54748e-06,64.9129,142.051,1.43857e-06,73.4897,178.803,4.36618e-07,83.1934,225.062,1.40153e-07,94.1745,283.286,4.96378e-08,106.602,356.568,1.05434e-07,120.669,448.799,-6.49244e-08,136.59,564.873,1.70148e-07,154.611,710.948,-5.34594e-08,175.008,894.767,1.63407e-07,198.097,1126.06,8.04804e-08,224.231,1417.07,1.14667e-07,253.813,1783.15,-1.71227e-07,287.297,2243.62,-2.88466e-07,325.198,2822.67,-4.33651e-07,368.098,3550.67,7.9318e-08,416.657,4465.65,3.13319e-07,471.621,5615.16,3.4613e-07,533.835,7058.61,-1.19199e-07,604.255,8870.02,-2.79964e-07,683.962,11141.4,-2.30521e-07,774.182,13986.7,-2.55099e-07,876.299,17546.4,1.23585e-07,991.883,21993.1,1.41192e-07,1122.71,27536.7,-9.71886e-08,1270.78,34430.7,-3.68368e-07,1438.38,42977.7,-3.45379e-07,1628.07,53532.7,-3.25328e-09,1842.77,66504.6,2.6362e-07,2085.77,82350.2,2.53445e-07,2360.79,101560,-2.47407e-08,2672.05,124632,-3.80602e-07,3024.31,152018,-4.79005e-07,3422.98,184060,-1.14379e-07,3874.15,220884,2.64297e-07,4384.72,262283,3.44131e-07,4962.49,307576,7.5349e-08,5616.29,355497,-3.63097e-07,6356.1,404126,-6.05442e-07,7193.18,450932,-2.72333e-07,8140.28,492963,2.29675e-07,9211.79,527178,4.3387e-07,10424,550893,-1.0711e-07,10.102,8.06553,2.81012,10.6436,8.57909,0.869423,11.5336,10.2515,0.270869,12.7211,12.7138,0.0844293,14.1823,15.9373,0.0263173,15.9122,20.0383,0.0082035,17.9198,25.2154,0.00255722,20.2244,31.7373,0.000797017,22.8539,39.9486,0.000248622,25.8438,50.2851,7.75492e-05,29.237,63.2963,2.42508e-05,33.0837,79.6738,7.67162e-06,37.4415,100.288,2.32837e-06,42.3767,126.236,7.33e-07,47.9646,158.896,2.79256e-07,54.2906,200.003,9.87351e-09,61.452,251.741,1.61085e-07,69.5585,316.859,-2.47141e-07,78.7347,398.812,8.93552e-08,89.1218,501.948,-2.53231e-07,100.879,631.736,-1.25047e-07,114.188,795.049,-1.78808e-07,129.252,1000.53,2.6733e-07,146.304,1259.03,4.50292e-07,165.605,1584.19,6.76904e-07,187.452,1993.12,-1.23808e-07,212.181,2507.27,-4.89068e-07,240.173,3153.54,-5.40284e-07,271.856,3965.56,1.86061e-07,307.719,4985.38,4.37004e-07,348.313,6265.4,3.59828e-07,394.26,7870.83,3.98192e-07,446.268,9882.51,-1.92908e-07,505.135,12400.3,-2.20392e-07,571.766,15546.9,1.51705e-07,647.184,19472.2,5.74996e-07,732.547,24357.4,5.39112e-07,829.167,30420,5.07815e-09,938.526,37916.3,-4.11492e-07,1062.3,47143.9,-3.9561e-07,1202.4,58439.2,3.86185e-08,1360.96,72169.3,5.94093e-07,1540.42,88715.8,7.47693e-07,1743.53,108445,1.78537e-07,1973.41,131665,-4.12549e-07,2233.57,158557,-5.37164e-07,2528,189103,-1.17615e-07,2861.2,222986,5.66769e-07,3238.27,259510,9.45053e-07,3664.97,297540,4.25093e-07,4147.81,335497,-3.58506e-07,4694.17,371444,-6.7724e-07,5312.37,403256,1.67192e-07,1.61744,3.89446,9.84394,3.28846,7.5504,12.774,5.07607,11.7187,13.6844,7.03202,16.8147,13.9681,9.20215,23.1769,14.0566,11.6301,31.1672,14.0841,14.3598,41.2186,14.0927,17.4376,53.8688,14.0954,20.9137,69.7915,14.0962,24.8432,89.8341,14.0965,29.2879,115.063,14.0966,34.3168,146.819,14.0966,40.0078,186.792,14.0966,46.4487,237.107,14.0966,53.7388,300.44,14.0966,61.9903,380.158,14.0966,71.3301,480.499,14.0966,81.902,606.796,14.0966,93.8685,765.761,14.0966,107.414,965.837,14.0966,122.746,1217.65,14.0966,140.101,1534.57,14.0966,159.745,1933.41,14.0966,181.981,2435.3,14.0966,207.15,3066.85,14.0966,235.64,3861.46,14.0966,267.889,4861.11,14.0966,304.391,6118.54,14.0966,345.709,7699.91,14.0966,392.478,9688.22,14.0966,445.417,12187.5,14.0966,505.339,15327.7,14.0966,573.165,19271.6,14.0966,649.938,24222,14.0966,736.839,30430.9,14.0966,835.202,38211.5,14.0966,946.539,47950.3,14.0966,1072.56,60122.8,14.0966,1215.21,75309.9,14.0966,1376.66,94216.2,14.0966,1559.41,117688,14.0966,1766.26,146729,14.0966,2000.39,182510,14.0966,2265.39,226372,14.0966,2565.33,279806,14.0966,2904.81,344416,14.0966,3289.05,421845,14.0966,3723.93,513667,14.0966,4216.13,621231,14.0966,4773.18,745478,14.0966,5403.64,886744,14.0966,6117.15,1.04457e+06,14.0966,6924.63,1.2176e+06,14.0966,11.7194,11.96,12.6541,13.9321,16.1295,13.6434,16.6097,21.9702,13.9553,19.7532,29.5285,14.0526,23.3844,39.1143,14.0829,27.5423,51.2054,14.0923,32.2796,66.434,14.0953,37.662,85.6061,14.0962,43.7675,109.74,14.0965,50.687,140.119,14.0966,58.5249,178.359,14.0966,67.4005,226.493,14.0966,77.4493,287.08,14.0966,88.8254,363.343,14.0966,101.703,459.336,14.0966,116.281,580.161,14.0966,132.782,732.241,14.0966,151.46,923.655,14.0966,172.603,1164.57,14.0966,196.535,1467.79,14.0966,223.625,1849.39,14.0966,254.288,2329.62,14.0966,288.997,2933.93,14.0966,328.285,3694.33,14.0966,372.755,4651.04,14.0966,423.092,5854.57,14.0966,480.07,7368.38,14.0966,544.564,9272.08,14.0966,617.566,11665.5,14.0966,700.197,14673.6,14.0966,793.729,18452.9,14.0966,899.599,23198.6,14.0966,1019.43,29154.1,14.0966,1155.07,36622.3,14.0966,1308.6,45977.9,14.0966,1482.39,57683.7,14.0966,1679.09,72307.8,14.0966,1901.73,90542.8,14.0966,2153.73,113226,14.0966,2438.97,141360,14.0966,2761.81,176127,14.0966,3127.22,218898,14.0966,3540.81,271226,14.0966,4008.92,334817,14.0966,4538.74,411470,14.0966,5138.38,502973,14.0966,5817.04,610948,14.0966,6585.12,736653,14.0966,7454.39,880741,14.0966,8438.15,1.04302e+06,14.0966,9551.45,1.22224e+06,14.0966,10811.3,1.41602e+06,14.0966,12237,1.62086e+06,14.0966,11.7194,11.96,12.6541,2.21263,4.16949,0.989383,2.67766,5.84076,0.311842,3.14343,7.55825,0.0972771,3.63127,9.58578,0.0303237,4.15787,12.0912,0.00945211,4.73731,15.2286,0.00294633,5.38238,19.1721,0.000918508,6.10553,24.134,0.000286163,6.91951,30.3791,8.92692e-05,7.83792,38.2397,2.78121e-05,8.87555,48.1338,8.65134e-06,10.0489,60.5876,2.7882e-06,11.3761,76.2629,8.29036e-07,12.8779,95.9927,2.4373e-07,14.5775,120.825,4.33068e-09,16.5012,152.08,1.75749e-07,18.6784,191.415,-1.86328e-07,21.1428,240.917,1.91829e-07,23.9322,303.213,-1.81475e-07,27.0895,381.602,7.0186e-08,30.6634,480.231,-2.86769e-08,34.7087,604.316,2.40784e-07,39.2876,760.401,9.87368e-08,44.4705,956.705,1.22263e-07,50.3371,1203.54,-4.31966e-07,56.9776,1513.81,-1.9705e-07,64.494,1903.69,-2.763e-08,73.0018,2393.4,3.9185e-07,82.6317,3008.13,1.35379e-07,93.5318,3779.25,-4.16351e-08,105.869,4745.7,2.06965e-08,119.834,5955.6,-3.18887e-07,135.641,7468.12,-1.48271e-08,153.531,9355.62,2.00739e-07,173.781,11705.8,2.28358e-07,196.701,14624.1,-1.93587e-08,222.642,18235,-2.88101e-07,252.003,22683.4,-2.24732e-07,285.234,28134,8.56806e-09,322.845,34767,2.34258e-07,365.413,42770.9,2.99668e-07,413.588,52327.9,8.28644e-08,468.111,63591.2,-3.07049e-07,529.814,76653.2,-3.1888e-07,599.642,91502.5,-6.72276e-08,678.662,107975,2.26339e-07,768.083,125705,3.69212e-07,869.267,144088,2.04077e-07,983.76,162277,-2.80509e-07,1113.3,179223,-4.22737e-07,1259.87,193777,-1.71951e-07,1425.68,204839,4.55555e-07,11.7194,11.96,12.6541,2.21263,4.16949,0.989383,2.67766,5.84076,0.311842,3.14343,7.55825,0.0972771,3.63127,9.58578,0.0303237,4.15787,12.0912,0.00945211,4.73731,15.2286,0.00294633,5.38238,19.1721,0.000918508,6.10553,24.134,0.000286163,6.91951,30.3791,8.92692e-05,7.83792,38.2397,2.78121e-05,8.87555,48.1338,8.65134e-06,10.0489,60.5876,2.7882e-06,11.3761,76.2629,8.29036e-07,12.8779,95.9927,2.4373e-07,14.5775,120.825,1e-08,16.5012,152.08,1.75749e-07,18.6784,191.415,1e-08,21.1428,240.917,1.91829e-07,23.9322,303.213,1e-08,27.0895,381.602,7.0186e-08,30.6634,480.231,1e-08,34.7087,604.316,2.40784e-07,39.2876,760.401,9.87368e-08,44.4705,956.705,1.22263e-07,50.3371,1203.54,1e-08,56.9776,1513.81,1e-08,64.494,1903.69,1e-08,73.0018,2393.4,3.9185e-07,82.6317,3008.13,1.35379e-07,93.5318,3779.25,1e-08,105.869,4745.7,2.06965e-08,119.834,5955.6,1e-08,135.641,7468.12,1e-08,153.531,9355.62,2.00739e-07,173.781,11705.8,2.28358e-07,196.701,14624.1,1e-08,222.642,18235,1e-08,252.003,22683.4,1e-08,285.234,28134,1e-08,322.845,34767,2.34258e-07,365.413,42770.9,2.99668e-07,413.588,52327.9,8.28644e-08,468.111,63591.2,1e-08,529.814,76653.2,1e-08,599.642,91502.5,1e-08,678.662,107975,2.26339e-07,768.083,125705,3.69212e-07,869.267,144088,2.04077e-07,983.76,162277,1e-08,1113.3,179223,1e-08,1259.87,193777,1e-08,1425.68,204839,4.55555e-07,6.2823,3.27286,2.43537,0.219672,6.18826,2.24117,0.56371,6.87772,2.63624,0.308279,7,13,8,2,2,1,3,3,0,7,5,0,1,7,0,3,6,0,3,12,0,2,25,0,10,32,0,7,42,0,12,34,0,9,58,0,14,49,0,21,97,0,12,72,0,15,89,0,35,179,0,20,302,0,5,275,0,7,487,0,22,264,0,26,1031,0,27,546,0,27,871,0,43,1142,0,65,1124,0,59,1955,0,90,2456,0,105,2619,0,134,1987,0,110,2444,0,72,5325,0,86,5733,0,126,9655,0,157,6021,0,118,13801,0,152,12841,0,290,22948,0,192,21446,0,284,28438,0,403,11672,0,262,51837,0,331,50397,0,665,114885,0,448,47299,0,512,182162,0,671,150945,0,527,133605,0,1270,138667,0,440,234579,0,907,193159,0,1099,143427,0,2034,190645,0
-1.05176e+08,1,8.88811e-15,10,1023,0,1.05176e+08,0.528882,1.08665,0.389689,0.145397,0.379329,3.24381,0.161596,0.446195,1.77396,0.159177,1.15e+07,4.49998e+06,6.79999e+06,1.15e+07,4.49997e+06,6.79999e+06,1.15e+07,4.49996e+06,6.79999e+06,1.15e+07,4.49995e+06,6.79999e+06,1.14999e+07,4.49993e+06,6.79999e+06,1.14999e+07,4.49991e+06,6.79999e+06,1.14999e+07,4.49989e+06,6.79999e+06,1.14999e+07,4.49986e+06,6.79999e+06,1.14999e+07,4.49982e+06,6.79999e+06,1.14999e+07,4.49977e+06,6.79999e+06,1.14999e+07,4.49971e+06,6.79999e+06,1.14999e+07,4.49963e+06,6.79999e+06,1.14998e+07,4.49953e+06,6.79999e+06,1.14998e+07,4.49941e+06,6.79999e+06,1.14998e+07,4.49926e+06,6.79999e+06,1.14998e+07,4.49906e+06,6.79999e+06,1.14997e+07,4.49882e+06,6.79999e+06,1.14997e+07,4.49851e+06,6.79999e+06,1.14997e+07,4.49812e+06,6.79999e+06,1.14996e+07,4.49764e+06,6.79999e+06,1.14996e+07,4.49702e+06,6.79999e+06,1.14995e+07,4.49625e+06,6.79999e+06,1.14995e+07,4.49528e+06,6.79999e+06,1.14994e+07,4.49406e+06,6.79999e+06,1.14993e+07,4.49253e+06,6.79999e+06,1.14992e+07,4.49059e+06,6.79999e+06,1.14991e+07,4.48817e+06,6.79999e+06,1.1499e+07,4.48511e+06,6.79999e+06,1.14988e+07,4.48128e+06,6.79999e+06,1.14987e+07,4.47646e+06,6.79999e+06,1.14985e+07,4.47041e+06,6.79999e+06,1.14983e+07,4.46281e+06,6.79999e+06,1.14981e+07,4.4533e+06,6.79999e+06,1.14979e+07,4.44138e+06,6.79999e+06,1.14976e+07,4.42649e+06,6.79999e+06,1.14972e+07,4.40789e+06,6.79999e+06,1.14969e+07,4.38471e+06,6.79999e+06,1.14965e+07,4.35592e+06,6.79999e+06,1.1496e+07,4.32027e+06,6.79999e+06,1.14955e+07,4.27629e+06,6.79999e+06,1.14949e+07,4.22231e+06,6.79999e+06,1.14942e+07,4.15647e+06,6.79999e+06,1.14934e+07,4.07676e+06,6.79999e+06,1.14926e+07,3.98112e+06,6.79999e+06,1.14916e+07,3.86765e+06,6.79999e+06,1.14905e+07,3.73474e+06,6.79999e+06,1.14892e+07,3.58148e+06,6.79999e+06,1.14878e+07,3.40785e+06,6.79999e+06,1.14862e+07,3.21513e+06,6.79999e+06,1.14844e+07,3.00605e+06,6.79999e+06,1.14823e+07,2.7848e+06,6.79999e+06,1.148e+07,2.5568e+06,6.79999e+06,1.14773e+07,2.32825e+06,6.79999e+06,13.5742,8.52444,0.508366,16.8306,13.2585,0.162638,20.0035,17.569,0.0507846,23.2616,22.4214,0.0158319,26.7328,28.3297,0.00493498,30.5212,35.6974,0.00153831,34.7178,44.9473,0.000479527,39.4086,56.5822,0.000149456,44.6796,71.2245,4.66214e-05,50.6209,89.6543,1.45419e-05,57.3297,112.852,4.54748e-06,64.9129,142.051,1.43857e-06,73.4897,178.803,4.36618e-07,83.1934,225.062,1.40153e-07,94.1745,283.286,4.96378e-08,106.602,356.568,1.05434e-07,120.669,448.799,-6.49244e-08,136.59,564.873,1.70148e-07,154.611,710.948,-5.34594e-08,175.008,894.767,1.63407e-07,198.097,1126.06,8.04804e-08,224.231,1417.07,1.14667e-07,253.813,1783.15,-1.71227e-07,287.297,2243.62,-2.88466e-07,325.198,2822.67,-4.33651e-07,368.098,3550.67,7.9318e-08,416.657,4465.65,3.13319e-07,471.621,5615.16,3.4613e-07,533.835,7058.61,-1.19199e-07,604.255,8870.02,-2.79964e-07,683.962,11141.4,-2.30521e-07,774.182,13986.7,-2.55099e-07,876.299,17546.4,1.23585e-07,991.883,21993.1,1.41192e-07,1122.71,27536.7,-9.71886e-08,1270.78,34430.7,-3.68368e-07,1438.38,42977.7,-3.45379e-07,1628.07,53532.7,-3.25328e-09,1842.77,66504.6,2.6362e-07,2085.77,82350.2,2.53445e-07,2360.79,101560,-2.47407e-08,2672.05,124632,-3.80602e-07,3024.31,152018,-4.79005e-07,3422.98,184060,-1.14379e-07,3874.15,220884,2.64297e-07,4384.72,262283,3.44131e-07,4962.49,307576,7.5349e-08,5616.29,355497,-3.63097e-07,6356.1,404126,-6.05442e-07,7193.18,450932,-2.72333e-07,8140.28,492963,2.29675e-07,9211.79,527178,4.3387e-07,10424,550893,-1.0711e-07,10.102,8.06553,2.81012,10.6436,8.57909,0.869423,11.5336,10.2515,0.270869,12.7211,12.7138,0.0844293,14.1823,15.9373,0.0263173,15.9122,20.0383,0.0082035,17.9198,25.2154,0.00255722,20.2244,31.7373,0.000797017,22.8539,39.9486,0.000248622,25.8438,50.2851,7.75492e-05,29.237,63.2963,2.42508e-05,33.0837,79.6738,7.67162e-06,37.4415,100.288,2.32837e-06,42.3767,126.236,7.33e-07,47.9646,158.896,2.79256e-07,54.2906,200.003,9.87351e-09,61.452,251.741,1.61085e-07,69.5585,316.859,-2.47141e-07,78.7347,398.812,8.93552e-08,89.1218,501.948,-2.53231e-07,100.879,631.736,-1.25047e-07,114.188,795.049,-1.78808e-07,129.252,1000.53,2.6733e-07,146.304,1259.03,4.50292e-07,165.605,1584.19,6.76904e-07,187.452,1993.12,-1.23808e-07,212.181,2507.27,-4.89068e-07,240.173,3153.54,-5.40284e-07,271.856,3965.56,1.86061e-07,307.719,4985.38,4.37004e-07,348.313,6265.4,3.59828e-07,394.26,7870.83,3.98192e-07,446.268,9882.51,-1.92908e-07,505.135,12400.3,-2.20392e-07,571.766,15546.9,1.51705e-07,647.184,19472.2,5.74996e-07,732.547,24357.4,5.39112e-07,829.167,30420,5.07815e-09,938.526,37916.3,-4.11492e-07,1062.3,47143.9,-3.9561e-07,1202.4,58439.2,3.86185e-08,1360.96,72169.3,5.94093e-07,1540.42,88715.8,7.47693e-07,1743.53,108445,1.78537e-07,1973.41,131665,-4.12549e-07,2233.57,158557,-5.37164e-07,2528,189103,-1.17615e-07,2861.2,222986,5.66769e-07,3238.27,259510,9.45053e-07,3664.97,297540,4.25093e-07,4147.81,335497,-3.58506e-07,4694.17,371444,-6.7724e-07,5312.37,403256,1.67192e-07,1.61744,3.89446,9.84394,3.28846,7.5504,12.774,5.07607,11.7187,13.6844,7.03202,16.8147,13.9681,9.20215,23.1769,14.0566,11.6301,31.1672,14.0841,14.3598,41.2186,14.0927,17.4376,53.8688,14.0954,20.9137,69.7915,14.0962,24.8432,89.8341,14.0965,29.2879,115.063,14.0966,34.3168,146.819,14.0966,40.0078,186.792,14.0966,46.4487,237.107,14.0966,53.7388,300.44,14.0966,61.9903,380.158,14.0966,71.3301,480.499,14.0966,81.902,606.796,14.0966,93.8685,765.761,14.0966,107.414,965.837,14.0966,122.746,1217.65,14.0966,140.101,1534.57,14.0966,159.745,1933.41,14.0966,181.981,2435.3,14.0966,207.15,3066.85,14.0966,235.64,3861.46,14.0966,267.889,4861.11,14.0966,304.391,6118.54,14.0966,345.709,7699.91,14.0966,392.478,9688.22,14.0966,445.417,12187.5,14.0966,505.339,15327.7,14.0966,573.165,19271.6,14.0966,649.938,24222,14.0966,736.839,30430.9,14.0966,835.202,38211.5,14.0966,946.539,47950.3,14.0966,1072.56,60122.8,14.0966,1215.21,75309.9,14.0966,1376.66,94216.2,14.0966,1559.41,117688,14.0966,1766.26,146729,14.0966,2000.39,182510,14.0966,2265.39,226372,14.0966,2565.33,279806,14.0966,2904.81,344416,14.0966,3289.05,421845,14.0966,3723.93,513667,14.0966,4216.13,621231,14.0966,4773.18,745478,14.0966,5403.64,886744,14.0966,6117.15,1.04457e+06,14.0966,6924.63,1.2176e+06,14.0966,11.7194,11.96,12.6541,13.9321,16.1295,13.6434,16.6097,21.9702,13.9553,19.7532,29.5285,14.0526,23.3844,39.1143,14.0829,27.5423,51.2054,14.0923,32.2796,66.434,14.0953,37.662,85.6061,14.0962,43.7675,109.74,14.0965,50.687,140.119,14.0966,58.5249,178.359,14.0966,67.4005,226.493,14.0966,77.4493,287.08,14.0966,88.8254,363.343,14.0966,101.703,459.336,14.0966,116.281,580.161,14.0966,132.782,732.241,14.0966,151.46,923.655,14.0966,172.603,1164.57,14.0966,196.535,1467.79,14.0966,223.625,1849.39,14.0966,254.288,2329.62,14.0966,288.997,2933.93,14.0966,328.285,3694.33,14.0966,372.755,4651.04,14.0966,423.092,5854.57,14.0966,480.07,7368.38,14.0966,544.564,9272.08,14.0966,617.566,11665.5,14.0966,700.197,14673.6,14.0966,793.729,18452.9,14.0966,899.599,23198.6,14.0966,1019.43,29154.1,14.0966,1155.07,36622.3,14.0966,1308.6,45977.9,14.0966,1482.39,57683.7,14.0966,1679.09,72307.8,14.0966,1901.73,90542.8,14.0966,2153.73,113226,14.0966,2438.97,141360,14.0966,2761.81,176127,14.0966,3127.22,218898,14.0966,3540.81,271226,14.0966,4008.92,334817,14.0966,4538.74,411470,14.0966,5138.38,502973,14.0966,5817.04,610948,14.0966,6585.12,736653,14.0966,7454.39,880741,14.0966,8438.15,1.04302e+06,14.0966,9551.45,1.22224e+06,14.0966,10811.3,1.41602e+06,14.0966,12237,1.62086e+06,14.0966,11.7194,11.96,12.6541,2.21263,4.16949,0.989383,2.67766,5.84076,0.311842,3.14343,7.55825,0.0972771,3.63127,9.58578,0.0303237,4.15787,12.0912,0.00945211,4.73731,15.2286,0.00294633,5.38238,19.1721,0.000918508,6.10553,24.134,0.000286163,6.91951,30.3791,8.92692e-05,7.83792,38.2397,2.78121e-05,8.87555,48.1338,8.65134e-06,10.0489,60.5876,2.7882e-06,11.3761,76.2629,8.29036e-07,12.8779,95.9927,2.4373e-07,14.5775,120.825,4.33068e-09,16.5012,152.08,1.75749e-07,18.6784,191.415,-1.86328e-07,21.1428,240.917,1.91829e-07,23.9322,303.213,-1.81475e-07,27.0895,381.602,7.0186e-08,30.6634,480.231,-2.86769e-08,34.7087,604.316,2.40784e-07,39.2876,760.401,9.87368e-08,44.4705,956.705,1.22263e-07,50.3371,1203.54,-4.31966e-07,56.9776,1513.81,-1.9705e-07,64.494,1903.69,-2.763e-08,73.0018,2393.4,3.9185e-07,82.6317,3008.13,1.35379e-07,93.5318,3779.25,-4.16351e-08,105.869,4745.7,2.06965e-08,119.834,5955.6,-3.18887e-07,135.641,7468.12,-1.48271e-08,153.531,9355.62,2.00739e-07,173.781,11705.8,2.28358e-07,196.701,14624.1,-1.93587e-08,222.642,18235,-2.88101e-07,252.003,22683.4,-2.24732e-07,285.234,28134,8.56806e-09,322.845,34767,2.34258e-07,365.413,42770.9,2.99668e-07,413.588,52327.9,8.28644e-08,468.111,63591.2,-3.07049e-07,529.814,76653.2,-3.1888e-07,599.642,91502.5,-6.72276e-08,678.662,107975,2.26339e-07,768.083,125705,3.69212e-07,869.267,144088,2.04077e-07,983.76,162277,-2.80509e-07,1113.3,179223,-4.22737e-07,1259.87,193777,-1.71951e-07,1425.68,204839,4.55555e-07,11.7194,11.96,12.6541,2.21263,4.16949,0.989383,2.67766,5.84076,0.311842,3.14343,7.55825,0.0972771,3.63127,9.58578,0.0303237,4.15787,12.0912,0.00945211,4.73731,15.2286,0.00294633,5.38238,19.1721,0.000918508,6.10553,24.134,0.000286163,6.91951,30.3791,8.92692e-05,7.83792,38.2397,2.78121e-05,8.87555,48.1338,8.65134e-06,10.0489,60.5876,2.7882e-06,11.3761,76.2629,8.29036e-07,12.8779,95.9927,2.4373e-07,14.5775,120.825,1e-08,16.5012,152.08,1.75749e-07,18.6784,191.415,1e-08,21.1428,240.917,1.91829e-07,23.9322,303.213,1e-08,27.0895,381.602,7.0186e-08,30.6634,480.231,1e-08,34.7087,604.316,2.40784e-07,39.2876,760.401,9.87368e-08,44.4705,956.705,1.22263e-07,50.3371,1203.54,1e-08,56.9776,1513.81,1e-08,64.494,1903.69,1e-08,73.0018,2393.4,3.9185e-07,82.6317,3008.13,1.35379e-07,93.5318,3779.25,1e-08,105.869,4745.7,2.06965e-08,119.834,5955.6,1e-08,135.641,7468.12,1e-08,153.531,9355.62,2.00739e-07,173.781,11705.8,2.28358e-07,196.701,14624.1,1e-08,222.642,18235,1e-08,252.003,22683.4,1e-08,285.234,28134,1e-08,322.845,34767,2.34258e-07,365.413,42770.9,2.99668e-07,413.588,52327.9,8.28644e-08,468.111,63591.2,1e-08,529.814,76653.2,1e-08,599.642,91502.5,1e-08,678.662,107975,2.26339e-07,768.083,125705,3.69212e-07,869.267,144088,2.04077e-07,983.76,162277,1e-08,1113.3,179223,1e-08,1259.87,193777,1e-08,1425.68,204839,4.55555e-07,6.2823,3.27286,2.43537,0.219672,6.18826,2.24117,0.56371,6.87772,2.63624,0.308279,10,9,17,2,5,0,1,16,1,0,6,0,4,4,0,3,12,0,5,18,0,1,29,0,3,25,0,8,25,0,6,39,0,9,37,0,14,33,0,3,40,0,10,47,0,24,149,0,14,203,0,8,286,0,15,396,0,12,223,0,46,408,0,27,506,0,27,320,0,30,353,0,30,486,0,63,1063,0,89,1915,0,22,1894,0,73,1473,0,66,3612,0,125,3753,0,83,2202,0,64,5898,0,141,9516,0,182,11846,0,428,11224,0,240,16176,0,242,12047,0,90,21590,0,173,20079,0,593,28754,0,262,38176,0,299,44591,0,430,78830,0,515,78037,0,1373,148617,0,931,100335,0,1341,116793,0,1160,227317,0,672,106300,0,968,206056,0,1364,160763,0,753,202633,0
-1.05176e+08,1,8.88811e-15,10,1023,0,1.05176e+08,0.528882,1.08665,0.389689,0.145397,0.379329,3.24381,0.161596,0.446195,1.77396,0.159177,1.15e+07,4.49998e+06,6.79999e+06,1.15e+07,4.49997e+06,6.79999e+06,1.15e+07,4.49996e+06,6.79999e+06,1.15e+07,4.49995e+06,6.79999e+06,1.14999e+07,4.49993e+06,6.79999e+06,1.14999e+07,4.49991e+06,6.79999e+06,1.14999e+07,4.49989e+06,6.79999e+06,1.14999e+07,4.49986e+06,6.79999e+06,1.14999e+07,4.49982e+06,6.79999e+06,1.14999e+07,4.49977e+06,6.79999e+06,1.14999e+07,4.49971e+06,6.79999e+06,1.14999e+07,4.49963e+06,6.79999e+06,1.14998e+07,4.49953e+06,6.79999e+06,1.14998e+07,4.49941e+06,6.79999e+06,1.14998e+07,4.49926e+06,6.79999e+06,1.14998e+07,4.49906e+06,6.79999e+06,1.14997e+07,4.49882e+06,6.79999e+06,1.14997e+07,4.49851e+06,6.79999e+06,1.14997e+07,4.49812e+06,6.79999e+06,1.14996e+07,4.49764e+06,6.79999e+06,1.14996e+07,4.49702e+06,6.79999e+06,1.14995e+07,4.49625e+06,6.79999e+06,1.14995e+07,4.49528e+06,6.79999e+06,1.14994e+07,4.49406e+06,6.79999e+06,1.14993e+07,4.49253e+06,6.79999e+06,1.14992e+07,4.49059e+06,6.79999e+06,1.14991e+07,4.48817e+06,6.79999e+06,1.1499e+07,4.48511e+06,6.79999e+06,1.14988e+07,4.48128e+06,6.79999e+06,1.14987e+07,4.47646e+06,6.79999e+06,1.14985e+07,4.47041e+06,6.79999e+06,1.14983e+07,4.46281e+06,6.79999e+06,1.14981e+07,4.4533e+06,6.79999e+06,1.14979e+07,4.44138e+06,6.79999e+06,1.14976e+07,4.42649e+06,6.79999e+06,1.14972e+07,4.40789e+06,6.79999e+06,1.14969e+07,4.38471e+06,6.79999e+06,1.14965e+07,4.35592e+06,6.79999e+06,1.1496e+07,4.32027e+06,6.79999e+06,1.14955e+07,4.27629e+06,6.79999e+06,1.14949e+07,4.22231e+06,6.79999e+06,1.14942e+07,4.15647e+06,6.79999e+06,1.14934e+07,4.07676e+06,6.79999e+06,1.14926e+07,3.98112e+06,6.79999e+06,1.14916e+07,3.86765e+06,6.79999e+06,1.14905e+07,3.73474e+06,6.79999e+06,1.14892e+07,3.58148e+06,6.79999e+06,1.14878e+07,3.40785e+06,6.79999e+06,1.14862e+07,3.21513e+06,6.79999e+06,1.14844e+07,3.00605e+06,6.79999e+06,1.14823e+07,2.7848e+06,6.79999e+06,1.148e+07,2.5568e+06,6.79999e+06,1.14773e+07,2.32825e+06,6.79999e+06,13.5742,8.52444,0.508366,16.8306,13.2585,0.162638,20.0035,17.569,0.0507846,23.2616,22.4214,0.0158319,26.7328,28.3297,0.00493498,30.5212,35.6974,0.00153831,34.7178,44.9473,0.000479527,39.4086,56.5822,0.000149456,44.6796,71.2245,4.66214e-05,50.6209,89.6543,1.45419e-05,57.3297,112.852,4.54748e-06,64.9129,142.051,1.43857e-06,73.4897,178.803,4.36618e-07,83.1934,225.062,1.40153e-07,94.1745,283.286,4.96378e-08,106.602,356.568,1.05434e-07,120.669,448.799,-6.49244e-08,136.59,564.873,1.70148e-07,154.611,710.948,-5.34594e-08,175.008,894.767,1.63407e-07,198.097,1126.06,8.04804e-08,224.231,1417.07,1.14667e-07,253.813,1783.15,-1.71227e-07,287.297,2243.62,-2.88466e-07,325.198,2822.67,-4.33651e-07,368.098,3550.67,7.9318e-08,416.657,4465.65,3.13319e-07,471.621,5615.16,3.4613e-07,533.835,7058.61,-1.19199e-07,604.255,8870.02,-2.79964e-07,683.962,11141.4,-2.30521e-07,774.182,13986.7,-2.55099e-07,876.299,17546.4,1.23585e-07,991.883,21993.1,1.41192e-07,1122.71,27536.7,-9.71886e-08,1270.78,34430.7,-3.68368e-07,1438.38,42977.7,-3.45379e-07,1628.07,53532.7,-3.25328e-09,1842.77,66504.6,2.6362e-07,2085.77,82350.2,2.53445e-07,2360.79,101560,-2.47407e-08,2672.05,124632,-3.80602e-07,3024.31,152018,-4.79005e-07,3422.98,184060,-1.14379e-07,3874.15,220884,2.64297e-07,4384.72,262283,3.44131e-07,4962.49,307576,7.5349e-08,5616.29,355497,-3.63097e-07,6356.1,404126,-6.05442e-07,7193.18,450932,-2.72333e-07,8140.28,492963,2.29675e-07,9211.79,527178,4.3387e-07,10424,550893,-1.0711e-07,10.102,8.06553,2.81012,10.6436,8.57909,0.869423,11.5336,10.2515,0.270869,12.7211,12.7138,0.0844293,14.1823,15.9373,0.0263173,15.9122,20.0383,0.0082035,17.9198,25.2154,0.00255722,20.2244,31.7373,0.000797017,22.8539,39.9486,0.000248622,25.8438,50.2851,7.75492e-05,29.237,63.2963,2.42508e-05,33.0837,79.6738,7.67162e-06,37.4415,100.288,2.32837e-06,42.3767,126.236,7.33e-07,47.9646,158.896,2.79256e-07,54.2906,200.003,9.87351e-09,61.452,251.741,1.61085e-07,69.5585,316.859,-2.47141e-07,78.7347,398.812,8.93552e-08,89.1218,501.948,-2.53231e-07,100.879,631.736,-1.25047e-07,114.188,795.049,-1.78808e-07,129.252,1000.53,2.6733e-07,146.304,1259.03,4.50292e-07,165.605,1584.19,6.76904e-07,187.452,1993.12,-1.23808e-07,212.181,2507.27,-4.89068e-07,240.173,3153.54,-5.40284e-07,271.856,3965.56,1.86061e-07,307.719,4985.38,4.37004e-07,348.313,6265.4,3.59828e-07,394.26,7870.83,3.98192e-07,446.268,9882.51,-1.92908e-07,505.135,12400.3,-2.20392e-07,571.766,15546.9,1.51705e-07,647.184,19472.2,5.74996e-07,732.547,24357.4,5.39112e-07,829.167,30420,5.07815e-09,938.526,37916.3,-4.11492e-07,1062.3,47143.9,-3.9561e-07,1202.4,58439.2,3.86185e-08,1360.96,72169.3,5.94093e-07,1540.42,88715.8,7.47693e-07,1743.53,108445,1.78537e-07,1973.41,131665,-4.12549e-07,2233.57,158557,-5.37164e-07,2528,189103,-1.17615e-07,2861.2,222986,5.66769e-07,3238.27,259510,9.45053e-07,3664.97,297540,4.25093e-07,4147.81,335497,-3.58506e-07,4694.17,371444,-6.7724e-07,5312.37,403256,1.67192e-07,1.61744,3.89446,9.84394,3.28846,7.5504,12.774,5.07607,11.7187,13.6844,7.03202,16.8147,13.9681,9.20215,23.1769,14.0566,11.6301,31.1672,14.0841,14.3598,41.2186,14.0927,17.4376,53.8688,14.0954,20.9137,69.7915,14.0962,24.8432,89.8341,14.0965,29.2879,115.063,14.0966,34.3168,146.819,14.0966,40.0078,186.792,14.0966,46.4487,237.107,14.0966,53.7388,300.44,14.0966,61.9903,380.158,14.0966,71.3301,480.499,14.0966,81.902,606.796,14.0966,93.8685,765.761,14.0966,107.414,965.837,14.0966,122.746,1217.65,14.0966,140.101,1534.57,14.0966,159.745,1933.41,14.0966,181.981,2435.3,14.0966,207.15,3066.85,14.0966,235.64,3861.46,14.0966,267.889,4861.11,14.0966,304.391,6118.54,14.0966,345.709,7699.91,14.0966,392.478,9688.22,14.0966,445.417,12187.5,14.0966,505.339,15327.7,14.0966,573.165,19271.6,14.0966,649.938,24222,14.0966,736.839,30430.9,14.0966,835.202,38211.5,14.0966,946.539,47950.3,14.0966,1072.56,60122.8,14.0966,1215.21,75309.9,14.0966,1376.66,94216.2,14.0966,1559.41,117688,14.0966,1766.26,146729,14.0966,2000.39,182510,14.0966,2265.39,226372,14.0966,2565.33,279806,14.0966,2904.81,344416,14.0966,3289.05,421845,14.0966,3723.93,513667,14.0966,4216.13,621231,14.0966,4773.18,745478,14.0966,5403.64,886744,14.0966,6117.15,1.04457e+06,14.0966,6924.63,1.2176e+06,14.0966,11.7194,11.96,12.6541,13.9321,16.1295,13.6434,16.6097,21.9702,13.9553,19.7532,29.5285,14.0526,23.3844,39.1143,14.0829,27.5423,51.2054,14.0923,32.2796,66.434,14.0953,37.662,85.6061,14.0962,43.7675,109.74,14.0965,50.687,140.119,14.0966,58.5249,178.359,14.0966,67.4005,226.493,14.0966,77.4493,287.08,14.0966,88.8254,363.343,14.0966,101.703,459.336,14.0966,116.281,580.161,14.0966,132.782,732.241,14.0966,151.46,923.655,14.0966,172.603,1164.57,14.0966,196.535,1467.79,14.0966,223.625,1849.39,14.0966,254.288,2329.62,14.0966,288.997,2933.93,14.0966,328.285,3694.33,14.0966,372.755,4651.04,14.0966,423.092,5854.57,14.0966,480.07,7368.38,14.0966,544.564,9272.08,14.0966,617.566,11665.5,14.0966,700.197,14673.6,14.0966,793.729,18452.9,14.0966,899.599,23198.6,14.0966,1019.43,29154.1,14.0966,1155.07,36622.3,14.0966,1308.6,45977.9,14.0966,1482.39,57683.7,14.0966,1679.09,72307.8,14.0966,1901.73,90542.8,14.0966,2153.73,113226,14.0966,2438.97,141360,14.0966,2761.81,176127,14.0966,3127.22,218898,14.0966,3540.81,271226,14.0966,4008.92,334817,14.0966,4538.74,411470,14.0966,5138.38,502973,14.0966,5817.04,610948,14.0966,6585.12,736653,14.0966,7454.39,880741,14.0966,8438.15,1.04302e+06,14.0966,9551.45,1.22224e+06,14.0966,10811.3,1.41602e+06,14.0966,12237,1.62086e+06,14.0966,11.7194,11.96,12.6541,2.21263,4.16949,0.989383,2.67766,5.84076,0.311842,3.14343,7.55825,0.0972771,3.63127,9.58578,0.0303237,4.15787,12.0912,0.00945211,4.73731,15.2286,0.00294633,5.38238,19.1721,0.000918508,6.10553,24.134,0.000286163,6.91951,30.3791,8.92692e-05,7.83792,38.2397,2.78121e-05,8.87555,48.1338,8.65134e-06,10.0489,60.5876,2.7882e-06,11.3761,76.2629,8.29036e-07,12.8779,95.9927,2.4373e-07,14.5775,120.825,4.33068e-09,16.5012,152.08,1.75749e-07,18.6784,191.415,-1.86328e-07,21.1428,240.917,1.91829e-07,23.9322,303.213,-1.81475e-07,27.0895,381.602,7.0186e-08,30.6634,480.231,-2.86769e-08,34.7087,604.316,2.40784e-07,39.2876,760.401,9.87368e-08,44.4705,956.705,1.22263e-07,50.3371,1203.54,-4.31966e-07,56.9776,1513.81,-1.9705e-07,64.494,1903.69,-2.763e-08,73.0018,2393.4,3.9185e-07,82.6317,3008.13,1.35379e-07,93.5318,3779.25,-4.16351e-08,105.869,4745.7,2.06965e-08,119.834,5955.6,-3.18887e-07,135.641,7468.12,-1.48271e-08,153.531,9355.62,2.00739e-07,173.781,11705.8,2.28358e-07,196.701,14624.1,-1.93587e-08,222.642,18235,-2.88101e-07,252.003,22683.4,-2.24732e-07,285.234,28134,8.56806e-09,322.845,34767,2.34258e-07,365.413,42770.9,2.99668e-07,413.588,52327.9,8.28644e-08,468.111,63591.2,-3.07049e-07,529.814,76653.2,-3.1888e-07,599.642,91502.5,-6.72276e-08,678.662,107975,2.26339e-07,768.083,125705,3.69212e-07,869.267,144088,2.04077e-07,983.76,162277,-2.80509e-07,1113.3,179223,-4.22737e-07,1259.87,193777,-1.71951e-07,1425.68,204839,4.55555e-07,11.7194,11.96,12.6541,2.21263,4.16949,0.989383,2.67766,5.84076,0.311842,3.14343,7.55825,0.0972771,3.63127,9.58578,0.0303237,4.15787,12.0912,0.00945211,4.73731,15.2286,0.00294633,5.38238,19.1721,0.000918508,6.10553,24.134,0.000286163,6.91951,30.3791,8.92692e-05,7.83792,38.2397,2.78121e-05,8.87555,48.1338,8.65134e-06,10.0489,60.5876,2.7882e-06,11.3761,76.2629,8.29036e-07,12.8779,95.9927,2.4373e-07,14.5775,120.825,1e-08,16.5012,152.08,1.75749e-07,18.6784,191.415,1e-08,21.1428,240.917,1.91829e-07,23.9322,303.213,1e-08,27.0895,381.602,7.0186e-08,30.6634,480.231,1e-08,34.7087,604.316,2.40784e-07,39.2876,760.401,9.87368e-08,44.4705,956.705,1.22263e-07,50.3371,1203.54,1e-08,56.9776,1513.81,1e-08,64.494,1903.69,1e-08,73.0018,2393.4,3.9185e-07,82.6317,3008.13,1.35379e-07,93.5318,3779.25,1e-08,105.869,4745.7,2.06965e-08,119.834,5955.6,1e-08,135.641,7468.12,1e-08,153.531,9355.62,2.00739e-07,173.781,11705.8,2.28358e-07,196.701,14624.1,1e-08,222.642,18235,1e-08,252.003,22683.4,1e-08,285.234,28134,1e-08,322.845,34767,2.34258e-07,365.413,42770.9,2.99668e-07,413.588,52327.9,8.28644e-08,468.111,63591.2,1e-08,529.814,76653.2,1e-08,599.642,91502.5,1e-08,678.662,107975,2.26339e-07,768.083,125705,3.69212e-07,869.267,144088,2.04077e-07,983.76,162277,1e-08,1113.3,179223,1e-08,1259.87,193777,1e-08,1425.68,204839,4.55555e-07,6.2823,3.27286,2.43537,0.219672,6.18826,2.24117,0.56371,6.87772,2.63624,0.308279,6,17,6,2,6,0,1,8,0,7,4,0,2,6,0,1,10,0,9,5,0,3,19,0,6,31,0,4,41,0,12,20,0,8,57,0,12,134,0,11,66,0,15,64,0,26,136,0,18,55,0,10,411,0,27,204,0,4,179,0,20,204,0,16,203,0,27,631,0,40,1030,0,58,832,0,77,1494,0,63,2017,0,47,2043,0,111,1447,0,40,3557,0,70,4599,0,107,3496,0,132,11155,0,121,6771,0,121,9592,0,178,3750,0,199,12409,0,117,16956,0,204,22535,0,461,30648,0,347,19428,0,806,55276,0,435,67436,0,282,88121,0,306,58820,0,394,55505,0,781,44076,0,588,146173,0,1153,96679,0,1239,98512,0,1049,76751,0,724,97480,0,1275,407204,0
-1.05176e+08,1,8.88811e-15,10,1023,0,1.05176e+08,0.528882,1.08665,0.389689,0.145397,0.379329,3.24381,0.161596,0.446195,1.77396,0.159177,1.15e+07,4.49998e+06,6.79999e+06,1.15e+07,4.49997e+06,6.79999e+06,1.15e+07,4.49996e+06,6.79999e+06,1.15e+07,4.49995e+06,6.79999e+06,1.14999e+07,4.49993e+06,6.79999e+06,1.14999e+07,4.49991e+06,6.79999e+06,1.14999e+07,4.49989e+06,6.79999e+06,1.14999e+07,4.49986e+06,6.79999e+06,1.14999e+07,4.49982e+06,6.79999e+06,1.14999e+07,4.49977e+06,6.79999e+06,1.14999e+07,4.49971e+06,6.79999e+06,1.14999e+07,4.49963e+06,6.79999e+06,1.14998e+07,4.49953e+06,6.79999e+06,1.14998e+07,4.49941e+06,6.79999e+06,1.14998e+07,4.49926e+06,6.79999e+06,1.14998e+07,4.49906e+06,6.79999e+06,1.14997e+07,4.49882e+06,6.79999e+06,1.14997e+07,4.49851e+06,6.79999e+06,1.14997e+07,4.49812e+06,6.79999e+06,1.14996e+07,4.49764e+06,6.79999e+06,1.14996e+07,4.49702e+06,6.79999e+06,1.14995e+07,4.49625e+06,6.79999e+06,1.14995e+07,4.49528e+06,6.79999e+06,1.14994e+07,4.49406e+06,6.79999e+06,1.14993e+07,4.49253e+06,6.79999e+06,1.14992e+07,4.49059e+06,6.79999e+06,1.14991e+07,4.48817e+06,6.79999e+06,1.1499e+07,4.48511e+06,6.79999e+06,1.14988e+07,4.48128e+06,6.79999e+06,1.14987e+07,4.47646e+06,6.79999e+06,1.14985e+07,4.47041e+06,6.79999e+06,1.14983e+07,4.46281e+06,6.79999e+06,1.14981e+07,4.4533e+06,6.79999e+06,1.14979e+07,4.44138e+06,6.79999e+06,1.14976e+07,4.42649e+06,6.79999e+06,1.14972e+07,4.40789e+06,6.79999e+06,1.14969e+07,4.38471e+06,6.79999e+06,1.14965e+07,4.35592e+06,6.79999e+06,1.1496e+07,4.32027e+06,6.79999e+06,1.14955e+07,4.27629e+06,6.79999e+06,1.14949e+07,4.22231e+06,6.79999e+06,1.14942e+07,4.15647e+06,6.79999e+06,1.14934e+07,4.07676e+06,6.79999e+06,1.14926e+07,3.98112e+06,6.79999e+06,1.14916e+07,3.86765e+06,6.79999e+06,1.14905e+07,3.73474e+06,6.79999e+06,1.14892e+07,3.58148e+06,6.79999e+06,1.14878e+07,3.40785e+06,6.79999e+06,1.14862e+07,3.21513e+06,6.79999e+06,1.14844e+07,3.00605e+06,6.79999e+06,1.14823e+07,2.7848e+06,6.79999e+06,1.148e+07,2.5568e+06,6.79999e+06,1.14773e+07,2.32825e+06,6.79999e+06,13.5742,8.52444,0.508366,16.8306,13.2585,0.162638,20.0035,17.569,0.0507846,23.2616,22.4214,0.0158319,26.7328,28.3297,0.00493498,30.5212,35.6974,0.00153831,34.7178,44.9473,0.000479527,39.4086,56.5822,0.000149456,44.6796,71.2245,4.66214e-05,50.6209,89.6543,1.45419e-05,57.3297,112.852,4.54748e-06,64.9129,142.051,1.43857e-06,73.4897,178.803,4.36618e-07,83.1934,225.062,1.40153e-07,94.1745,283.286,4.96378e-08,106.602,356.568,1.05434e-07,120.669,448.799,-6.49244e-08,136.59,564.873,1.70148e-07,154.611,710.948,-5.34594e-08,175.008,894.767,1.63407e-07,198.097,1126.06,8.04804e-08,224.231,1417.07,1.14667e-07,253.813,1783.15,-1.71227e-07,287.297,2243.62,-2.88466e-07,325.198,2822.67,-4.33651e-07,368.098,3550.67,7.9318e-08,416.657,4465.65,3.13319e-07,471.621,5615.16,3.4613e-07,533.835,7058.61,-1.19199e-07,604.255,8870.02,-2.79964e-07,683.962,11141.4,-2.30521e-07,774.182,13986.7,-2.55099e-07,876.299,17546.4,1.23585e-07,991.883,21993.1,1.41192e-07,1122.71,27536.7,-9.71886e-08,1270.78,34430.7,-3.68368e-07,1438.38,42977.7,-3.45379e-07,1628.07,53532.7,-3.25328e-09,1842.77,66504.6,2.6362e-07,2085.77,82350.2,2.53445e-07,2360.79,101560,-2.47407e-08,2672.05,124632,-3.80602e-07,3024.31,152018,-4.79005e-07,3422.98,184060,-1.14379e-07,3874.15,220884,2.64297e-07,4384.72,262283,3.44131e-07,4962.49,307576,7.5349e-08,5616.29,355497,-3.63097e-07,6356.1,404126,-6.05442e-07,7193.18,450932,-2.72333e-07,8140.28,492963,2.29675e-07,9211.79,527178,4.3387e-07,10424,550893,-1.0711e-07,10.102,8.06553,2.81012,10.6436,8.57909,0.869423,11.5336,10.2515,0.270869,12.7211,12.7138,0.0844293,14.1823,15.9373,0.0263173,15.9122,20.0383,0.0082035,17.9198,25.2154,0.00255722,20.2244,31.7373,0.000797017,22.8539,39.9486,0.000248622,25.8438,50.2851,7.75492e-05,29.237,63.2963,2.42508e-05,33.0837,79.6738,7.67162e-06,37.4415,100.288,2.32837e-06,42.3767,126.236,7.33e-07,47.9646,158.896,2.79256e-07,54.2906,200.003,9.87351e-09,61.452,251.741,1.61085e-07,69.5585,316.859,-2.47141e-07,78.7347,398.812,8.93552e-08,89.1218,501.948,-2.53231e-07,100.879,631.736,-1.25047e-07,114.188,795.049,-1.78808e-07,129.252,1000.53,2.6733e-07,146.304,1259.03,4.50292e-07,165.605,1584.19,6.76904e-07,187.452,1993.12,-1.23808e-07,212.181,2507.27,-4.89068e-07,240.173,3153.54,-5.40284e-07,271.856,3965.56,1.86061e-07,307.719,4985.38,4.37004e-07,348.313,6265.4,3.59828e-07,394.26,7870.83,3.98192e-07,446.268,9882.51,-1.92908e-07,505.135,12400.3,-2.20392e-07,571.766,15546.9,1.51705e-07,647.184,19472.2,5.74996e-07,732.547,24357.4,5.39112e-07,829.167,30420,5.07815e-09,938.526,37916.3,-4.11492e-07,1062.3,47143.9,-3.9561e-07,1202.4,58439.2,3.86185e-08,1360.96,72169.3,5.94093e-07,1540.42,88715.8,7.47693e-07,1743.53,108445,1.78537e-07,1973.41,131665,-4.12549e-07,2233.57,158557,-5.37164e-07,2528,189103,-1.17615e-07,2861.2,222986,5.66769e-07,3238.27,259510,9.45053e-07,3664.97,297540,4.25093e-07,4147.81,335497,-3.58506e-07,4694.17,371444,-6.7724e-07,5312.37,403256,1.67192e-07,1.61744,3.89446,9.84394,3.28846,7.5504,12.774,5.07607,11.7187,13.6844,7.03202,16.8147,13.9681,9.20215,23.1769,14.0566,11.6301,31.1672,14.0841,14.3598,41.2186,14.0927,17.4376,53.8688,14.0954,20.9137,69.7915,14.0962,24.8432,89.8341,14.0965,29.2879,115.063,14.0966,34.3168,146.819,14.0966,40.0078,186.792,14.0966,46.4487,237.107,14.0966,53.7388,300.44,14.0966,61.9903,380.158,14.0966,71.3301,480.499,14.0966,81.902,606.796,14.0966,93.8685,765.761,14.0966,107.414,965.837,14.0966,122.746,1217.65,14.0966,140.101,1534.57,14.0966,159.745,1933.41,14.0966,181.981,2435.3,14.0966,207.15,3066.85,14.0966,235.64,3861.46,14.0966,267.889,4861.11,14.0966,304.391,6118.54,14.0966,345.709,7699.91,14.0966,392.478,9688.22,14.0966,445.417,12187.5,14.0966,505.339,15327.7,14.0966,573.165,19271.6,14.0966,649.938,24222,14.0966,736.839,30430.9,14.0966,835.202,38211.5,14.0966,946.539,47950.3,14.0966,1072.56,60122.8,14.0966,1215.21,75309.9,14.0966,1376.66,94216.2,14.0966,1559.41,117688,14.0966,1766.26,146729,14.0966,2000.39,182510,14.0966,2265.39,226372,14.0966,2565.33,279806,14.0966,2904.81,344416,14.0966,3289.05,421845,14.0966,3723.93,513667,14.0966,4216.13,621231,14.0966,4773.18,745478,14.0966,5403.64,886744,14.0966,6117.15,1.04457e+06,14.0966,6924.63,1.2176e+06,14.0966,11.7194,11.96,12.6541,13.9321,16.1295,13.6434,16.6097,21.9702,13.9553,19.7532,29.5285,14.0526,23.3844,39.1143,14.0829,27.5423,51.2054,14.0923,32.2796,66.434,14.0953,37.662,85.6061,14.0962,43.7675,109.74,14.0965,50.687,140.119,14.0966,58.5249,178.359,14.0966,67.4005,226.493,14.0966,77.4493,287.08,14.0966,88.8254,363.343,14.0966,101.703,459.336,14.0966,116.281,580.161,14.0966,132.782,732.241,14.0966,151.46,923.655,14.0966,172.603,1164.57,14.0966,196.535,1467.79,14.0966,223.625,1849.39,14.0966,254.288,2329.62,14.0966,288.997,2933.93,14.0966,328.285,3694.33,14.0966,372.755,4651.04,14.0966,423.092,5854.57,14.0966,480.07,7368.38,14.0966,544.564,9272.08,14.0966,617.566,11665.5,14.0966,700.197,14673.6,14.0966,793.729,18452.9,14.0966,899.599,23198.6,14.0966,1019.43,29154.1,14.0966,1155.07,36622.3,14.0966,1308.6,45977.9,14.0966,1482.39,57683.7,14.0966,1679.09,72307.8,14.0966,1901.73,90542.8,14.0966,2153.73,113226,14.0966,2438.97,141360,14.0966,2761.81,176127,14.0966,3127.22,218898,14.0966,3540.81,271226,14.0966,4008.92,334817,14.0966,4538.74,411470,14.0966,5138.38,502973,14.0966,5817.04,610948,14.0966,6585.12,736653,14.0966,7454.39,880741,14.0966,8438.15,1.04302e+06,14.0966,9551.45,1.22224e+06,14.0966,10811.3,1.41602e+06,14.0966,12237,1.62086e+06,14.0966,11.7194,11.96,12.6541,2.21263,4.16949,0.989383,2.67766,5.84076,0.311842,3.14343,7.55825,0.0972771,3.63127,9.58578,0.0303237,4.15787,12.0912,0.00945211,4.73731,15.2286,0.00294633,5.38238,19.1721,0.000918508,6.10553,24.134,0.000286163,6.91951,30.3791,8.92692e-05,7.83792,38.2397,2.78121e-05,8.87555,48.1338,8.65134e-06,10.0489,60.5876,2.7882e-06,11.3761,76.2629,8.29036e-07,12.8779,95.9927,2.4373e-07,14.5775,120.825,4.33068e-09,16.5012,152.08,1.75749e-07,18.6784,191.415,-1.86328e-07,21.1428,240.917,1.91829e-07,23.9322,303.213,-1.81475e-07,27.0895,381.602,7.0186e-08,30.6634,480.231,-2.86769e-08,34.7087,604.316,2.40784e-07,39.2876,760.401,9.87368e-08,44.4705,956.705,1.22263e-07,50.3371,1203.54,-4.31966e-07,56.9776,1513.81,-1.9705e-07,64.494,1903.69,-2.763e-08,73.0018,2393.4,3.9185e-07,82.6317,3008.13,1.35379e-07,93.5318,3779.25,-4.16351e-08,105.869,4745.7,2.06965e-08,119.834,5955.6,-3.18887e-07,135.641,7468.12,-1.48271e-08,153.531,9355.62,2.00739e-07,173.781,11705.8,2.28358e-07,196.701,14624.1,-1.93587e-08,222.642,18235,-2.88101e-07,252.003,22683.4,-2.24732e-07,285.234,28134,8.56806e-09,322.845,34767,2.34258e-07,365.413,42770.9,2.99668e-07,413.588,52327.9,8.28644e-08,468.111,63591.2,-3.07049e-07,529.814,76653.2,-3.1888e-07,599.642,91502.5,-6.72276e-08,678.662,107975,2.26339e-07,768.083,125705,3.69212e-07,869.267,144088,2.04077e-07,983.76,162277,-2.80509e-07,1113.3,179223,-4.22737e-07,1259.87,193777,-1.71951e-07,1425.68,204839,4.55555e-07,11.7194,11.96,12.6541,2.21263,4.16949,0.989383,2.67766,5.84076,0.311842,3.14343,7.55825,0.0972771,3.63127,9.58578,0.0303237,4.15787,12.0912,0.00945211,4.73731,15.2286,0.00294633,5.38238,19.1721,0.000918508,6.10553,24.134,0.000286163,6.91951,30.3791,8.92692e-05,7.83792,38.2397,2.78121e-05,8.87555,48.1338,8.65134e-06,10.0489,60.5876,2.7882e-06,11.3761,76.2629,8.29036e-07,12.8779,95.9927,2.4373e-07,14.5775,120.825,1e-08,16.5012,152.08,1.75749e-07,18.6784,191.415,1e-08,21.1428,240.917,1.91829e-07,23.9322,303.213,1e-08,27.0895,381.602,7.0186e-08,30.6634,480.231,1e-08,34.7087,604.316,2.40784e-07,39.2876,760.401,9.87368e-08,44.4705,956.705,1.22263e-07,50.3371,1203.54,1e-08,56.9776,1513.81,1e-08,64.494,1903.69,1e-08,73.0018,2393.4,3.9185e-07,82.6317,3008.13,1.35379e-07,93.5318,3779.25,1e-08,105.869,4745.7,2.06965e-08,119.834,5955.6,1e-08,135.641,7468.12,1e-08,153.531,9355.62,2.00739e-07,173.781,11705.8,2.28358e-07,196.701,14624.1,1e-08,222.642,18235,1e-08,252.003,22683.4,1e-08,285.234,28134,1e-08,322.845,34767,2.34258e-07,365.413,42770.9,2.99668e-07,413.588,52327.9,8.28644e-08,468.111,63591.2,1e-08,529.814,76653.2,1e-08,599.642,91502.5,1e-08,678.662,107975,2.26339e-07,768.083,125705,3.69212e-07,869.267,144088,2.04077e-07,983.76,162277,1e-08,1113.3,179223,1e-08,1259.87,193777,1e-08,1425.68,204839,4.55555e-07,6.2823,3.27286,2.43537,0.219672,6.18826,2.24117,0.56371,6.87772,2.63624,0.308279,25,17,10,1,5,4,2,6,0,0,13,0,5,11,0,4,9,0,11,25,0,4,12,0,3,20,0,13,29,0,7,20,0,2,50,0,8,84,0,11,109,0,12,122,0,13,157,0,20,91,0,30,227,0,13,135,0,30,86,0,32,460,0,23,407,0,23,561,0,43,1145,0,60,1169,0,50,1345,0,60,1454,0,83,828,0,64,1494,0,99,2821,0,100,3809,0,192,3028,0,91,5902,0,85,4086,0,130,9946,0,193,4669,0,116,10402,0,130,14460,0,282,8453,0,377,26908,0,376,13383,0,474,80101,0,109,58845,0,629,39556,0,366,27975,0,313,36659,0,992,107077,0,980,66544,0,916,199162,0,407,130267,0,2184,264160,0,609,82996,0,1612,315866,0
-1.05176e+08,1.48641e-52,8.88811e-15,10,1023,0,1.05176e+08,0.528882,1.08665,0.389689,0.145397,0.379329,3.24381,0.161596,0.446195,1.77396,0.159177,1.15e+07,4.49998e+06,6.79999e+06,1.15e+07,4.49997e+06,6.79999e+06,1.15e+07,4.49996e+06,6.79999e+06,1.15e+07,4.49995e+06,6.79999e+06,1.14999e+07,4.49993e+06,6.79999e+06,1.14999e+07,4.49991e+06,6.79999e+06,1.14999e+07,4.49989e+06,6.79999e+06,1.14999e+07,4.49986e+06,6.79999e+06,1.14999e+07,4.49982e+06,6.79999e+06,1.14999e+07,4.49977e+06,6.79999e+06,1.14999e+07,4.49971e+06,6.79999e+06,1.14999e+07,4.49963e+06,6.79999e+06,1.14998e+07,4.49953e+06,6.79999e+06,1.14998e+07,4.49941e+06,6.79999e+06,1.14998e+07,4.49926e+06,6.79999e+06,1.14998e+07,4.49906e+06,6.79999e+06,1.14997e+07,4.49882e+06,6.79999e+06,1.14997e+07,4.49851e+06,6.79999e+06,1.14997e+07,4.49812e+06,6.79999e+06,1.14996e+07,4.49764e+06,6.79999e+06,1.14996e+07,4.49702e+06,6.79999e+06,1.14995e+07,4.49625e+06,6.79999e+06,1.14995e+07,4.49528e+06,6.79999e+06,1.14994e+07,4.49406e+06,6.79999e+06,1.14993e+07,4.49253e+06,6.79999e+06,1.14992e+07,4.49059e+06,6.79999e+06,1.14991e+07,4.48817e+06,6.79999e+06,1.1499e+07,4.48511e+06,6.79999e+06,1.14988e+07,4.48128e+06,6.79999e+06,1.14987e+07,4.47646e+06,6.79999e+06,1.14985e+07,4.47041e+06,6.79999e+06,1.14983e+07,4.46281e+06,6.79999e+06,1.14981e+07,4.4533e+06,6.79999e+06,1.14979e+07,4.44138e+06,6.79999e+06,1.14976e+07,4.42649e+06,6.79999e+06,1.14972e+07,4.40789e+06,6.79999e+06,1.14969e+07,4.38471e+06,6.79999e+06,1.14965e+07,4.35592e+06,6.79999e+06,1.1496e+07,4.32027e+06,6.79999e+06,1.14955e+07,4.27629e+06,6.79999e+06,1.14949e+07,4.22231e+06,6.79999e+06,1.14942e+07,4.15647e+06,6.79999e+06,1.14934e+07,4.07676e+06,6.79999e+06,1.14926e+07,3.98112e+06,6.79999e+06,1.14916e+07,3.86765e+06,6.79999e+06,1.14905e+07,3.73474e+06,6.79999e+06,1.14892e+07,3.58148e+06,6.79999e+06,1.14878e+07,3.40785e+06,6.79999e+06,1.14862e+07,3.21513e+06,6.79999e+06,1.14844e+07,3.00605e+06,6.79999e+06,1.14823e+07,2.7848e+06,6.79999e+06,1.148e+07,2.5568e+06,6.79999e+06,1.14773e+07,2.32825e+06,6.79999e+06,13.5742,8.52444,0.508366,16.8306,13.2585,0.162638,20.0035,17.569,0.0507846,23.2616,22.4214,0.0158319,26.7328,28.3297,0.00493498,30.5212,35.6974,0.00153831,34.7178,44.9473,0.000479527,39.4086,56.5822,0.000149456,44.6796,71.2245,4.66214e-05,50.6209,89.6543,1.45419e-05,57.3297,112.852,4.54748e-06,64.9129,142.051,1.43857e-06,73.4897,178.803,4.36618e-07,83.1934,225.062,1.40153e-07,94.1745,283.286,4.96378e-08,106.602,356.568,1.05434e-07,120.669,448.799,-6.49244e-08,136.59,564.873,1.70148e-07,154.611,710.948,-5.34594e-08,175.008,894.767,1.63407e-07,198.097,1126.06,8.04804e-08,224.231,1417.07,1.14667e-07,253.813,1783.15,-1.71227e-07,287.297,2243.62,-2.88466e-07,325.198,2822.67,-4.33651e-07,368.098,3550.67,7.9318e-08,416.657,4465.65,3.13319e-07,471.621,5615.16,3.4613e-07,533.835,7058.61,-1.19199e-07,604.255,8870.02,-2.79964e-07,683.962,11141.4,-2.30521e-07,774.182,13986.7,-2.55099e-07,876.299,17546.4,1.23585e-07,991.883,21993.1,1.41192e-07,1122.71,27536.7,-9.71886e-08,1270.78,34430.7,-3.68368e-07,1438.38,42977.7,-3.45379e-07,1628.07,53532.7,-3.25328e-09,1842.77,66504.6,2.6362e-07,2085.77,82350.2,2.53445e-07,2360.79,101560,-2.47407e-08,2672.05,124632,-3.80602e-07,3024.31,152018,-4.79005e-07,3422.98,184060,-1.14379e-07,3874.15,220884,2.64297e-07,4384.72,262283,3.44131e-07,4962.49,307576,7.5349e-08,5616.29,355497,-3.63097e-07,6356.1,404126,-6.05442e-07,7193.18,450932,-2.72333e-07,8140.28,492963,2.29675e-07,9211.79,527178,4.3387e-07,10424,550893,-1.0711e-07,10.102,8.06553,2.81012,10.6436,8.57909,0.869423,11.5336,10.2515,0.270869,12.7211,12.7138,0.0844293,14.1823,15.9373,0.0263173,15.9122,20.0383,0.0082035,17.9198,25.2154,0.00255722,20.2244,31.7373,0.000797017,22.8539,39.9486,0.000248622,25.8438,50.2851,7.75492e-05,29.237,63.2963,2.42508e-05,33.0837,79.6738,7.67162e-06,37.4415,100.288,2.32837e-06,42.3767,126.236,7.33e-07,47.9646,158.896,2.79256e-07,54.2906,200.003,9.87351e-09,61.452,251.741,1.61085e-07,69.5585,316.859,-2.47141e-07,78.7347,398.812,8.93552e-08,89.1218,501.948,-2.53231e-07,100.879,631.736,-1.25047e-07,114.188,795.049,-1.78808e-07,129.252,1000.53,2.6733e-07,146.304,1259.03,4.50292e-07,165.605,1584.19,6.76904e-07,187.452,1993.12,-1.23808e-07,212.181,2507.27,-4.89068e-07,240.173,3153.54,-5.40284e-07,271.856,3965.56,1.86061e-07,307.719,4985.38,4.37004e-07,348.313,6265.4,3.59828e-07,394.26,7870.83,3.98192e-07,446.268,9882.51,-1.92908e-07,505.135,12400.3,-2.20392e-07,571.766,15546.9,1.51705e-07,647.184,19472.2,5.74996e-07,732.547,24357.4,5.39112e-07,829.167,30420,5.07815e-09,938.526,37916.3,-4.11492e-07,1062.3,47143.9,-3.9561e-07,1202.4,58439.2,3.86185e-08,1360.96,72169.3,5.94093e-07,1540.42,88715.8,7.47693e-07,1743.53,108445,1.78537e-07,1973.41,131665,-4.12549e-07,2233.57,158557,-5.37164e-07,2528,189103,-1.17615e-07,2861.2,222986,5.66769e-07,3238.27,259510,9.45053e-07,3664.97,297540,4.25093e-07,4147.81,335497,-3.58506e-07,4694.17,371444,-6.7724e-07,5312.37,403256,1.67192e-07,1.61744,3.89446,9.84394,3.28846,7.5504,12.774,5.07607,11.7187,13.6844,7.03202,16.8147,13.9681,9.20215,23.1769,14.0566,11.6301,31.1672,14.0841,14.3598,41.2186,14.0927,17.4376,53.8688,14.0954,20.9137,69.7915,14.0962,24.8432,89.8341,14.0965,29.2879,115.063,14.0966,34.3168,146.819,14.0966,40.0078,186.792,14.0966,46.4487,237.107,14.0966,53.7388,300.44,14.0966,61.9903,380.158,14.0966,71.3301,480.499,14.0966,81.902,606.796,14.0966,93.8685,765.761,14.0966,107.414,965.837,14.0966,122.746,1217.65,14.0966,140.101,1534.57,14.0966,159.745,1933.41,14.0966,181.981,2435.3,14.0966,207.15,3066.85,14.0966,235.64,3861.46,14.0966,267.889,4861.11,14.0966,304.391,6118.54,14.0966,345.709,7699.91,14.0966,392.478,9688.22,14.0966,445.417,12187.5,14.0966,505.339,15327.7,14.0966,573.165,19271.6,14.0966,649.938,24222,14.0966,736.839,30430.9,14.0966,835.202,38211.5,14.0966,946.539,47950.3,14.0966,1072.56,60122.8,14.0966,1215.21,75309.9,14.0966,1376.66,94216.2,14.0966,1559.41,117688,14.0966,1766.26,146729,14.0966,2000.39,182510,14.0966,2265.39,226372,14.0966,2565.33,279806,14.0966,2904.81,344416,14.0966,3289.05,421845,14.0966,3723.93,513667,14.0966,4216.13,621231,14.0966,4773.18,745478,14.0966,5403.64,886744,14.0966,6117.15,1.04457e+06,14.0966,6924.63,1.2176e+06,14.0966,11.7194,11.96,12.6541,13.9321,16.1295,13.6434,16.6097,21.9702,13.9553,19.7532,29.5285,14.0526,23.3844,39.1143,14.0829,27.5423,51.2054,14.0923,32.2796,66.434,14.0953,37.662,85.6061,14.0962,43.7675,109.74,14.0965,50.687,140.119,14.0966,58.5249,178.359,14.0966,67.4005,226.493,14.0966,77.4493,287.08,14.0966,88.8254,363.343,14.0966,101.703,459.336,14.0966,116.281,580.161,14.0966,132.782,732.241,14.0966,151.46,923.655,14.0966,172.603,1164.57,14.0966,196.535,1467.79,14.0966,223.625,1849.39,14.0966,254.288,2329.62,14.0966,288.997,2933.93,14.0966,328.285,3694.33,14.0966,372.755,4651.04,14.0966,423.092,5854.57,14.0966,480.07,7368.38,14.0966,544.564,9272.08,14.0966,617.566,11665.5,14.0966,700.197,14673.6,14.0966,793.729,18452.9,14.0966,899.599,23198.6,14.0966,1019.43,29154.1,14.0966,1155.07,36622.3,14.0966,1308.6,45977.9,14.0966,1482.39,57683.7,14.0966,1679.09,72307.8,14.0966,1901.73,90542.8,14.0966,2153.73,113226,14.0966,2438.97,141360,14.0966,2761.81,176127,14.0966,3127.22,218898,14.0966,3540.81,271226,14.0966,4008.92,334817,14.0966,4538.74,411470,14.0966,5138.38,502973,14.0966,5817.04,610948,14.0966,6585.12,736653,14.0966,7454.39,880741,14.0966,8438.15,1.04302e+06,14.0966,9551.45,1.22224e+06,14.0966,10811.3,1.41602e+06,14.0966,12237,1.62086e+06,14.0966,11.7194,11.96,12.6541,2.21263,4.16949,0.989383,2.67766,5.84076,0.311842,3.14343,7.55825,0.0972771,3.63127,9.58578,0.0303237,4.15787,12.0912,0.00945211,4.73731,15.2286,0.00294633,5.38238,19.1721,0.000918508,6.10553,24.134,0.000286163,6.91951,30.3791,8.92692e-05,7.83792,38.2397,2.78121e-05,8.87555,48.1338,8.65134e-06,10.0489,60.5876,2.7882e-06,11.3761,76.2629,8.29036e-07,12.8779,95.9927,2.4373e-07,14.5775,120.825,4.33068e-09,16.5012,152.08,1.75749e-07,18.6784,191.415,-1.86328e-07,21.1428,240.917,1.91829e-07,23.9322,303.213,-1.81475e-07,27.0895,381.602,7.0186e-08,30.6634,480.231,-2.86769e-08,34.7087,604.316,2.40784e-07,39.2876,760.401,9.87368e-08,44.4705,956.705,1.22263e-07,50.3371,1203.54,-4.31966e-07,56.9776,1513.81,-1.9705e-07,64.494,1903.69,-2.763e-08,73.0018,2393.4,3.9185e-07,82.6317,3008.13,1.35379e-07,93.5318,3779.25,-4.16351e-08,105.869,4745.7,2.06965e-08,119.834,5955.6,-3.18887e-07,135.641,7468.12,-1.48271e-08,153.531,9355.62,2.00739e-07,173.781,11705.8,2.28358e-07,196.701,14624.1,-1.93587e-08,222.642,18235,-2.88101e-07,252.003,22683.4,-2.24732e-07,285.234,28134,8.56806e-09,322.845,34767,2.34258e-07,365.413,42770.9,2.99668e-07,413.588,52327.9,8.28644e-08,468.111,63591.2,-3.07049e-07,529.814,76653.2,-3.1888e-07,599.642,91502.5,-6.72276e-08,678.662,107975,2.26339e-07,768.083,125705,3.69212e-07,869.267,144088,2.04077e-07,983.76,162277,-2.80509e-07,1113.3,179223,-4.22737e-07,1259.87,193777,-1.71951e-07,1425.68,204839,4.55555e-07,11.7194,11.96,12.6541,2.21263,4.16949,0.989383,2.67766,5.84076,0.311842,3.14343,7.55825,0.0972771,3.63127,9.58578,0.0303237,4.15787,12.0912,0.00945211,4.73731,15.2286,0.00294633,5.38238,19.1721,0.000918508,6.10553,24.134,0.000286163,6.91951,30.3791,8.92692e-05,7.83792,38.2397,2.78121e-05,8.87555,48.1338,8.65134e-06,10.0489,60.5876,2.7882e-06,11.3761,76.2629,8.29036e-07,12.8779,95.9927,2.4373e-07,14.5775,120.825,1e-08,16.5012,152.08,1.75749e-07,18.6784,191.415,1e-08,21.1428,240.917,1.91829e-07,23.9322,303.213,1e-08,27.0895,381.602,7.0186e-08,30.6634,480.231,1e-08,34.7087,604.316,2.40784e-07,39.2876,760.401,9.87368e-08,44.4705,956.705,1.22263e-07,50.3371,1203.54,1e-08,56.9776,1513.81,1e-08,64.494,1903.69,1e-08,73.0018,2393.4,3.9185e-07,82.6317,3008.13,1.35379e-07,93.5318,3779.25,1e-08,105.869,4745.7,2.06965e-08,119.834,5955.6,1e-08,135.641,7468.12,1e-08,153.531,9355.62,2.00739e-07,173.781,11705.8,2.28358e-07,196.701,14624.1,1e-08,222.642,18235,1e-08,252.003,22683.4,1e-08,285.234,28134,1e-08,322.845,34767,2.34258e-07,365.413,42770.9,2.99668e-07,413.588,52327.9,8.28644e-08,468.111,63591.2,1e-08,529.814,76653.2,1e-08,599.642,91502.5,1e-08,678.662,107975,2.26339e-07,768.083,125705,3.69212e-07,869.267,144088,2.04077e-07,983.76,162277,1e-08,1113.3,179223,1e-08,1259.87,193777,1e-08,1425.68,204839,4.55555e-07,6.2823,3.27286,2.43537,0.219672,6.18826,2.24117,0.56371,6.87772,2.63624,0.308279,10,8,14,0,2,1,3,9,1,4,12,0,3,6,0,2,16,0,10,12,0,1,18,0,4,13,0,4,48,0,7,40,0,0,71,0,15,60,0,7,80,0,11,60,0,12,80,0,11,132,0,8,152,0,43,274,0,9,212,0,24,304,0,22,551,0,39,533,0,30,1095,0,29,1025,0,69,1501,0,147,1391,0,123,1373,0,57,2541,0,85,2898,0,125,3288,0,81,1906,0,121,4581,0,43,7023,0,157,9584,0,314,15626,0,209,7528,0,170,20232,0,316,25545,0,234,50565,0,179,23467,0,467,49019,0,402,40049,0,386,49251,0,254,65399,0,718,37894,0,647,76826,0,886,184632,0,425,186395,0,987,166034,0,829,168863,0,1305,228200,0,1381,215224,0
-1.05176e+08,1,8.88811e-15,10,1023,0,1.05176e+08,0.528882,1.08665,0.389689,0.145397,0.379329,3.24381,0.161596,0.446195,1.77396,0.159177,1.15e+07,4.49998e+06,6.79999e+06,1.15e+07,4.49997e+06,6.79999e+06,1.15e+07,4.49996e+06,6.79999e+06,1.15e+07,4.49995e+06,6.79999e+06,1.14999e+07,4.49993e+06,6.79999e+06,1.14999e+07,4.49991e+06,6.79999e+06,1.14999e+07,4.49989e+06,6.79999e+06,1.14999e+07,4.49986e+06,6.79999e+06,1.14999e+07,4.49982e+06,6.79999e+06,1.14999e+07,4.49977e+06,6.79999e+06,1.14999e+07,4.49971e+06,6.79999e+06,1.14999e+07,4.49963e+06,6.79999e+06,1.14998e+07,4.49953e+06,6.79999e+06,1.14998e+07,4.49941e+06,6.79999e+06,1.14998e+07,4.49926e+06,6.79999e+06,1.14998e+07,4.49906e+06,6.79999e+06,1.14997e+07,4.49882e+06,6.79999e+06,1.14997e+07,4.49851e+06,6.79999e+06,1.14997e+07,4.49812e+06,6.79999e+06,1.14996e+07,4.49764e+06,6.79999e+06,1.14996e+07,4.49702e+06,6.79999e+06,1.14995e+07,4.49625e+06,6.79999e+06,1.14995e+07,4.49528e+06,6.79999e+06,1.14994e+07,4.49406e+06,6.79999e+06,1.14993e+07,4.49253e+06,6.79999e+06,1.14992e+07,4.49059e+06,6.79999e+06,1.14991e+07,4.48817e+06,6.79999e+06,1.1499e+07,4.48511e+06,6.79999e+06,1.14988e+07,4.48128e+06,6.79999e+06,1.14987e+07,4.47646e+06,6.79999e+06,1.14985e+07,4.47041e+06,6.79999e+06,1.14983e+07,4.46281e+06,6.79999e+06,1.14981e+07,4.4533e+06,6.79999e+06,1.14979e+07,4.44138e+06,6.79999e+06,1.14976e+07,4.42649e+06,6.79999e+06,1.14972e+07,4.40789e+06,6.79999e+06,1.14969e+07,4.38471e+06,6.79999e+06,1.14965e+07,4.35592e+06,6.79999e+06,1.1496e+07,4.32027e+06,6.79999e+06,1.14955e+07,4.27629e+06,6.79999e+06,1.14949e+07,4.22231e+06,6.79999e+06,1.14942e+07,4.15647e+06,6.79999e+06,1.14934e+07,4.07676e+06,6.79999e+06,1.14926e+07,3.98112e+06,6.79999e+06,1.14916e+07,3.86765e+06,6.79999e+06,1.14905e+07,3.73474e+06,6.79999e+06,1.14892e+07,3.58148e+06,6.79999e+06,1.14878e+07,3.40785e+06,6.79999e+06,1.14862e+07,3.21513e+06,6.79999e+06,1.14844e+07,3.00605e+06,6.79999e+06,1.14823e+07,2.7848e+06,6.79999e+06,1.148e+07,2.5568e+06,6.79999e+06,1.14773e+07,2.32825e+06,6.79999e+06,13.5742,8.52444,0.508366,16.8306,13.2585,0.162638,20.0035,17.569,0.0507846,23.2616,22.4214,0.0158319,26.7328,28.3297,0.00493498,30.5212,35.6974,0.00153831,34.7178,44.9473,0.000479527,39.4086,56.5822,0.000149456,44.6796,71.2245,4.66214e-05,50.6209,89.6543,1.45419e-05,57.3297,112.852,4.54748e-06,64.9129,142.051,1.43857e-06,73.4897,178.803,4.36618e-07,83.1934,225.062,1.40153e-07,94.1745,283.286,4.96378e-08,106.602,356.568,1.05434e-07,120.669,448.799,-6.49244e-08,136.59,564.873,1.70148e-07,154.611,710.948,-5.34594e-08,175.008,894.767,1.63407e-07,198.097,1126.06,8.04804e-08,224.231,1417.07,1.14667e-07,253.813,1783.15,-1.71227e-07,287.297,2243.62,-2.88466e-07,325.198,2822.67,-4.33651e-07,368.098,3550.67,7.9318e-08,416.657,4465.65,3.13319e-07,471.621,5615.16,3.4613e-07,533.835,7058.61,-1.19199e-07,604.255,8870.02,-2.79964e-07,683.962,11141.4,-2.30521e-07,774.182,13986.7,-2.55099e-07,876.299,17546.4,1.23585e-07,991.883,21993.1,1.41192e-07,1122.71,27536.7,-9.71886e-08,1270.78,34430.7,-3.68368e-07,1438.38,42977.7,-3.45379e-07,1628.07,53532.7,-3.25328e-09,1842.77,66504.6,2.6362e-07,2085.77,82350.2,2.53445e-07,2360.79,101560,-2.47407e-08,2672.05,124632,-3.80602e-07,3024.31,152018,-4.79005e-07,3422.98,184060,-1.14379e-07,3874.15,220884,2.64297e-07,4384.72,262283,3.44131e-07,4962.49,307576,7.5349e-08,5616.29,355497,-3.63097e-07,6356.1,404126,-6.05442e-07,7193.18,450932,-2.72333e-07,8140.28,492963,2.29675e-07,9211.79,527178,4.3387e-07,10424,550893,-1.0711e-07,10.102,8.06553,2.81012,10.6436,8.57909,0.869423,11.5336,10.2515,0.270869,12.7211,12.7138,0.0844293,14.1823,15.9373,0.0263173,15.9122,20.0383,0.0082035,17.9198,25.2154,0.00255722,20.2244,31.7373,0.000797017,22.8539,39.9486,0.000248622,25.8438,50.2851,7.75492e-05,29.237,63.2963,2.42508e-05,33.0837,79.6738,7.67162e-06,37.4415,100.288,2.32837e-06,42.3767,126.236,7.33e-07,47.9646,158.896,2.79256e-07,54.2906,200.003,9.87351e-09,61.452,251.741,1.61085e-07,69.5585,316.859,-2.47141e-07,78.7347,398.812,8.93552e-08,89.1218,501.948,-2.53231e-07,100.879,631.736,-1.25047e-07,114.188,795.049,-1.78808e-07,129.252,1000.53,2.6733e-07,146.304,1259.03,4.50292e-07,165.605,1584.19,6.76904e-07,187.452,1993.12,-1.23808e-07,212.181,2507.27,-4.89068e-07,240.173,3153.54,-5.40284e-07,271.856,3965.56,1.86061e-07,307.719,4985.38,4.37004e-07,348.313,6265.4,3.59828e-07,394.26,7870.83,3.98192e-07,446.268,9882.51,-1.92908e-07,505.135,12400.3,-2.20392e-07,571.766,15546.9,1.51705e-07,647.184,19472.2,5.74996e-07,732.547,24357.4,5.39112e-07,829.167,30420,5.07815e-09,938.526,37916.3,-4.11492e-07,1062.3,47143.9,-3.9561e-07,1202.4,58439.2,3.86185e-08,1360.96,72169.3,5.94093e-07,1540.42,88715.8,7.47693e-07,1743.53,108445,1.78537e-07,1973.41,131665,-4.12549e-07,2233.57,158557,-5.37164e-07,2528,189103,-1.17615e-07,2861.2,222986,5.66769e-07,3238.27,259510,9.45053e-07,3664.97,297540,4.25093e-07,4147.81,335497,-3.58506e-07,4694.17,371444,-6.7724e-07,5312.37,403256,1.67192e-07,1.61744,3.89446,9.84394,3.28846,7.5504,12.774,5.07607,11.7187,13.6844,7.03202,16.8147,13.9681,9.20215,23.1769,14.0566,11.6301,31.1672,14.0841,14.3598,41.2186,14.0927,17.4376,53.8688,14.0954,20.9137,69.7915,14.0962,24.8432,89.8341,14.0965,29.2879,115.063,14.0966,34.3168,146.819,14.0966,40.0078,186.792,14.0966,46.4487,237.107,14.0966,53.7388,300.44,14.0966,61.9903,380.158,14.0966,71.3301,480.499,14.0966,81.902,606.796,14.0966,93.8685,765.761,14.0966,107.414,965.837,14.0966,122.746,1217.65,14.0966,140.101,1534.57,14.0966,159.745,1933.41,14.0966,181.981,2435.3,14.0966,207.15,3066.85,14.0966,235.64,3861.46,14.0966,267.889,4861.11,14.0966,304.391,6118.54,14.0966,345.709,7699.91,14.0966,392.478,9688.22,14.0966,445.417,12187.5,14.0966,505.339,15327.7,14.0966,573.165,19271.6,14.0966,649.938,24222,14.0966,736.839,30430.9,14.0966,835.202,38211.5,14.0966,946.539,47950.3,14.0966,1072.56,60122.8,14.0966,1215.21,75309.9,14.0966,1376.66,94216.2,14.0966,1559.41,117688,14.0966,1766.26,146729,14.0966,2000.39,182510,14.0966,2265.39,226372,14.0966,2565.33,279806,14.0966,2904.81,344416,14.0966,3289.05,421845,14.0966,3723.93,513667,14.0966,4216.13,621231,14.0966,4773.18,745478,14.0966,5403.64,886744,14.0966,6117.15,1.04457e+06,14.0966,6924.63,1.2176e+06,14.0966,11.7194,11.96,12.6541,13.9321,16.1295,13.6434,16.6097,21.9702,13.9553,19.7532,29.5285,14.0526,23.3844,39.1143,14.0829,27.5423,51.2054,14.0923,32.2796,66.434,14.0953,37.662,85.6061,14.0962,43.7675,109.74,14.0965,50.687,140.119,14.0966,58.5249,178.359,14.0966,67.4005,226.493,14.0966,77.4493,287.08,14.0966,88.8254,363.343,14.0966,101.703,459.336,14.0966,116.281,580.161,14.0966,132.782,732.241,14.0966,151.46,923.655,14.0966,172.603,1164.57,14.0966,196.535,1467.79,14.0966,223.625,1849.39,14.0966,254.288,2329.62,14.0966,288.997,2933.93,14.0966,328.285,3694.33,14.0966,372.755,4651.04,14.0966,423.092,5854.57,14.0966,480.07,7368.38,14.0966,544.564,9272.08,14.0966,617.566,11665.5,14.0966,700.197,14673.6,14.0966,793.729,18452.9,14.0966,899.599,23198.6,14.0966,1019.43,29154.1,14.0966,1155.07,36622.3,14.0966,1308.6,45977.9,14.0966,1482.39,57683.7,14.0966,1679.09,72307.8,14.0966,1901.73,90542.8,14.0966,2153.73,113226,14.0966,2438.97,141360,14.0966,2761.81,176127,14.0966,3127.22,218898,14.0966,3540.81,271226,14.0966,4008.92,334817,14.0966,4538.74,411470,14.0966,5138.38,502973,14.0966,5817.04,610948,14.0966,6585.12,736653,14.0966,7454.39,880741,14.0966,8438.15,1.04302e+06,14.0966,9551.45,1.22224e+06,14.0966,10811.3,1.41602e+06,14.0966,12237,1.62086e+06,14.0966,11.7194,11.96,12.6541,2.21263,4.16949,0.989383,2.67766,5.84076,0.311842,3.14343,7.55825,0.0972771,3.63127,9.58578,0.0303237,4.15787,12.0912,0.00945211,4.73731,15.2286,0.00294633,5.38238,19.1721,0.000918508,6.10553,24.134,0.000286163,6.91951,30.3791,8.92692e-05,7.83792,38.2397,2.78121e-05,8.87555,48.1338,8.65134e-06,10.0489,60.5876,2.7882e-06,11.3761,76.2629,8.29036e-07,12.8779,95.9927,2.4373e-07,14.5775,120.825,4.33068e-09,16.5012,152.08,1.75749e-07,18.6784,191.415,-1.86328e-07,21.1428,240.917,1.91829e-07,23.9322,303.213,-1.81475e-07,27.0895,381.602,7.0186e-08,30.6634,480.231,-2.86769e-08,34.7087,604.316,2.40784e-07,39.2876,760.401,9.87368e-08,44.4705,956.705,1.22263e-07,50.3371,1203.54,-4.31966e-07,56.9776,1513.81,-1.9705e-07,64.494,1903.69,-2.763e-08,73.0018,2393.4,3.9185e-07,82.6317,3008.13,1.35379e-07,93.5318,3779.25,-4.16351e-08,105.869,4745.7,2.06965e-08,119.834,5955.6,-3.18887e-07,135.641,7468.12,-1.48271e-08,153.531,9355.62,2.00739e-07,173.781,11705.8,2.28358e-07,196.701,14624.1,-1.93587e-08,222.642,18235,-2.88101e-07,252.003,22683.4,-2.24732e-07,285.234,28134,8.56806e-09,322.845,34767,2.34258e-07,365.413,42770.9,2.99668e-07,413.588,52327.9,8.28644e-08,468.111,63591.2,-3.07049e-07,529.814,76653.2,-3.1888e-07,599.642,91502.5,-6.72276e-08,678.662,107975,2.26339e-07,768.083,125705,3.69212e-07,869.267,144088,2.04077e-07,983.76,162277,-2.80509e-07,1113.3,179223,-4.22737e-07,1259.87,193777,-1.71951e-07,1425.68,204839,4.55555e-07,11.7194,11.96,12.6541,2.21263,4.16949,0.989383,2.67766,5.84076,0.311842,3.14343,7.55825,0.0972771,3.63127,9.58578,0.0303237,4.15787,12.0912,0.00945211,4.73731,15.2286,0.00294633,5.38238,19.1721,0.000918508,6.10553,24.134,0.000286163,6.91951,30.3791,8.92692e-05,7.83792,38.2397,2.78121e-05,8.87555,48.1338,8.65134e-06,10.0489,60.5876,2.7882e-06,11.3761,76.2629,8.29036e-07,12.8779,95.9927,2.4373e-07,14.5775,120.825,1e-08,16.5012,152.08,1.75749e-07,18.6784,191.415,1e-08,21.1428,240.917,1.91829e-07,23.9322,303.213,1e-08,27.0895,381.602,7.0186e-08,30.6634,480.231,1e-08,34.7087,604.316,2.40784e-07,39.2876,760.401,9.87368e-08,44.4705,956.705,1.22263e-07,50.3371,1203.54,1e-08,56.9776,1513.81,1e-08,64.494,1903.69,1e-08,73.0018,2393.4,3.9185e-07,82.6317,3008.13,1.35379e-07,93.5318,3779.25,1e-08,105.869,4745.7,2.06965e-08,119.834,5955.6,1e-08,135.641,7468.12,1e-08,153.531,9355.62,2.00739e-07,173.781,11705.8,2.28358e-07,196.701,14624.1,1e-08,222.642,18235,1e-08,252.003,22683.4,1e-08,285.234,28134,1e-08,322.845,34767,2.34258e-07,365.413,42770.9,2.99668e-07,413.588,52327.9,8.28644e-08,468.111,63591.2,1e-08,529.814,76653.2,1e-08,599.642,91502.5,1e-08,678.662,107975,2.26339e-07,768.083,125705,3.69212e-07,869.267,144088,2.04077e-07,983.76,162277,1e-08,1113.3,179223,1e-08,1259.87,193777,1e-08,1425.68,204839,4.55555e-07,6.2823,3.27286,2.43537,0.219672,6.18826,2.24117,0.56371,6.87772,2.63624,0.308279,2,10,12,1,3,0,3,2,1,3,4,0,2,7,0,2,22,0,3,16,0,9,9,0,5,30,0,2,22,0,9,29,0,5,59,0,10,52,0,8,50,0,4,89,0,8,134,0,30,228,0,20,296,0,22,188,0,37,252,0,9,363,0,42,230,0,21,297,0,47,762,0,46,991,0,35,1390,0,95,2027,0,30,1802,0,86,1112,0,106,2848,0,127,5938,0,72,6032,0,160,4662,0,93,8190,0,262,11070,0,141,11945,0,136,18657,0,125,35056,0,201,11197,0,364,33796,0,371,16766,0,467,67344,0,246,57253,0,454,83084,0,378,64636,0,1171,138667,0,1221,194014,0,949,40283,0,739,143958,0,1119,156142,0,2385,28175,0,696,80646,0,2050,117183,0
-1.05176e+08,1,8.88811e-15,10,1023,0,1.05176e+08,0.528882,1.08665,0.389689,0.145397,0.379329,3.24381,0.161596,0.446195,1.77396,0.159177,1.15e+07,4.49998e+06,6.79999e+06,1.15e+07,4.49997e+06,6.79999e+06,1.15e+07,4.49996e+06,6.79999e+06,1.15e+07,4.49995e+06,6.79999e+06,1.14999e+07,4.49993e+06,6.79999e+06,1.14999e+07,4.49991e+06,6.79999e+06,1.14999e+07,4.49989e+06,6.79999e+06,1.14999e+07,4.49986e+06,6.79999e+06,1.14999e+07,4.49982e+06,6.79999e+06,1.14999e+07,4.49977e+06,6.79999e+06,1.14999e+07,4.49971e+06,6.79999e+06,1.14999e+07,4.49963e+06,6.79999e+06,1.14998e+07,4.49953e+06,6.79999e+06,1.14998e+07,4.49941e+06,6.79999e+06,1.14998e+07,4.49926e+06,6.79999e+06,1.14998e+07,4.49906e+06,6.79999e+06,1.14997e+07,4.49882e+06,6.79999e+06,1.14997e+07,4.49851e+06,6.79999e+06,1.14997e+07,4.49812e+06,6.79999e+06,1.14996e+07,4.49764e+06,6.79999e+06,1.14996e+07,4.49702e+06,6.79999e+06,1.14995e+07,4.49625e+06,6.79999e+06,1.14995e+07,4.49528e+06,6.79999e+06,1.14994e+07,4.49406e+06,6.79999e+06,1.14993e+07,4.49253e+06,6.79999e+06,1.14992e+07,4.49059e+06,6.79999e+06,1.14991e+07,4.48817e+06,6.79999e+06,1.1499e+07,4.48511e+06,6.79999e+06,1.14988e+07,4.48128e+06,6.79999e+06,1.14987e+07,4.47646e+06,6.79999e+06,1.14985e+07,4.47041e+06,6.79999e+06,1.14983e+07,4.46281e+06,6.79999e+06,1.14981e+07,4.4533e+06,6.79999e+06,1.14979e+07,4.44138e+06,6.79999e+06,1.14976e+07,4.42649e+06,6.79999e+06,1.14972e+07,4.40789e+06,6.79999e+06,1.14969e+07,4.38471e+06,6.79999e+06,1.14965e+07,4.35592e+06,6.79999e+06,1.1496e+07,4.32027e+06,6.79999e+06,1.14955e+07,4.27629e+06,6.79999e+06,1.14949e+07,4.22231e+06,6.79999e+06,1.14942e+07,4.15647e+06,6.79999e+06,1.14934e+07,4.07676e+06,6.79999e+06,1.14926e+07,3.98112e+06,6.79999e+06,1.14916e+07,3.86765e+06,6.79999e+06,1.14905e+07,3.73474e+06,6.79999e+06,1.14892e+07,3.58148e+06,6.79999e+06,1.14878e+07,3.40785e+06,6.79999e+06,1.14862e+07,3.21513e+06,6.79999e+06,1.14844e+07,3.00605e+06,6.79999e+06,1.14823e+07,2.7848e+06,6.79999e+06,1.148e+07,2.5568e+06,6.79999e+06,1.14773e+07,2.32825e+06,6.79999e+06,13.5742,8.52444,0.508366,16.8306,13.2585,0.162638,20.0035,17.569,0.0507846,23.2616,22.4214,0.0158319,26.7328,28.3297,0.00493498,30.5212,35.6974,0.00153831,34.7178,44.9473,0.000479527,39.4086,56.5822,0.000149456,44.6796,71.2245,4.66214e-05,50.6209,89.6543,1.45419e-05,57.3297,112.852,4.54748e-06,64.9129,142.051,1.43857e-06,73.4897,178.803,4.36618e-07,83.1934,225.062,1.40153e-07,94.1745,283.286,4.96378e-08,106.602,356.568,1.05434e-07,120.669,448.799,-6.49244e-08,136.59,564.873,1.70148e-07,154.611,710.948,-5.34594e-08,175.008,894.767,1.63407e-07,198.097,1126.06,8.04804e-08,224.231,1417.07,1.14667e-07,253.813,1783.15,-1.71227e-07,287.297,2243.62,-2.88466e-07,325.198,2822.67,-4.33651e-07,368.098,3550.67,7.9318e-08,416.657,4465.65,3.13319e-07,471.621,5615.16,3.4613e-07,533.835,7058.61,-1.19199e-07,604.255,8870.02,-2.79964e-07,683.962,11141.4,-2.30521e-07,774.182,13986.7,-2.55099e-07,876.299,17546.4,1.23585e-07,991.883,21993.1,1.41192e-07,1122.71,27536.7,-9.71886e-08,1270.78,34430.7,-3.68368e-07,1438.38,42977.7,-3.45379e-07,1628.07,53532.7,-3.25328e-09,1842.77,66504.6,2.6362e-07,2085.77,82350.2,2.53445e-07,2360.79,101560,-2.47407e-08,2672.05,124632,-3.80602e-07,3024.31,152018,-4.79005e-07,3422.98,184060,-1.14379e-07,3874.15,220884,2.64297e-07,4384.72,262283,3.44131e-07,4962.49,307576,7.5349e-08,5616.29,355497,-3.63097e-07,6356.1,404126,-6.05442e-07,7193.18,450932,-2.72333e-07,8140.28,492963,2.29675e-07,9211.79,527178,4.3387e-07,10424,550893,-1.0711e-07,10.102,8.06553,2.81012,10.6436,8.57909,0.869423,11.5336,10.2515,0.270869,12.7211,12.7138,0.0844293,14.1823,15.9373,0.0263173,15.9122,20.0383,0.0082035,17.9198,25.2154,0.00255722,20.2244,31.7373,0.000797017,22.8539,39.9486,0.000248622,25.8438,50.2851,7.75492e-05,29.237,63.2963,2.42508e-05,33.0837,79.6738,7.67162e-06,37.4415,100.288,2.32837e-06,42.3767,126.236,7.33e-07,47.9646,158.896,2.79256e-07,54.2906,200.003,9.87351e-09,61.452,251.741,1.61085e-07,69.5585,316.859,-2.47141e-07,78.7347,398.812,8.93552e-08,89.1218,501.948,-2.53231e-07,100.879,631.736,-1.25047e-07,114.188,795.049,-1.78808e-07,129.252,1000.53,2.6733e-07,146.304,1259.03,4.50292e-07,165.605,1584.19,6.76904e-07,187.452,1993.12,-1.23808e-07,212.181,2507.27,-4.89068e-07,240.173,3153.54,-5.40284e-07,271.856,3965.56,1.86061e-07,307.719,4985.38,4.37004e-07,348.313,6265.4,3.59828e-07,394.26,7870.83,3.98192e-07,446.268,9882.51,-1.92908e-07,505.135,12400.3,-2.20392e-07,571.766,15546.9,1.51705e-07,647.184,19472.2,5.74996e-07,732.547,24357.4,5.39112e-07,829.167,30420,5.07815e-09,938.526,37916.3,-4.11492e-07,1062.3,47143.9,-3.9561e-07,1202.4,58439.2,3.86185e-08,1360.96,72169.3,5.94093e-07,1540.42,88715.8,7.47693e-07,1743.53,108445,1.78537e-07,1973.41,131665,-4.12549e-07,2233.57,158557,-5.37164e-07,2528,189103,-1.17615e-07,2861.2,222986,5.66769e-07,3238.27,259510,9.45053e-07,3664.97,297540,4.25093e-07,4147.81,335497,-3.58506e-07,4694.17,371444,-6.7724e-07,5312.37,403256,1.67192e-07,1.61744,3.89446,9.84394,3.28846,7.5504,12.774,5.07607,11.7187,13.6844,7.03202,16.8147,13.9681,9.20215,23.1769,14.0566,11.6301,31.1672,14.0841,14.3598,41.2186,14.0927,17.4376,53.8688,14.0954,20.9137,69.7915,14.0962,24.8432,89.8341,14.0965,29.2879,115.063,14.0966,34.3168,146.819,14.0966,40.0078,186.792,14.0966,46.4487,237.107,14.0966,53.7388,300.44,14.0966,61.9903,380.158,14.0966,71.3301,480.499,14.0966,81.902,606.796,14.0966,93.8685,765.761,14.0966,107.414,965.837,14.0966,122.746,1217.65,14.0966,140.101,1534.57,14.0966,159.745,1933.41,14.0966,181.981,2435.3,14.0966,207.15,3066.85,14.0966,235.64,3861.46,14.0966,267.889,4861.11,14.0966,304.391,6118.54,14.0966,345.709,7699.91,14.0966,392.478,9688.22,14.0966,445.417,12187.5,14.0966,505.339,15327.7,14.0966,573.165,19271.6,14.0966,649.938,24222,14.0966,736.839,30430.9,14.0966,835.202,38211.5,14.0966,946.539,47950.3,14.0966,1072.56,60122.8,14.0966,1215.21,75309.9,14.0966,1376.66,94216.2,14.0966,1559.41,117688,14.0966,1766.26,146729,14.0966,2000.39,182510,14.0966,2265.39,226372,14.0966,2565.33,279806,14.0966,2904.81,344416,14.0966,3289.05,421845,14.0966,3723.93,513667,14.0966,4216.13,621231,14.0966,4773.18,745478,14.0966,5403.64,886744,14.0966,6117.15,1.04457e+06,14.0966,6924.63,1.2176e+06,14.0966,11.7194,11.96,12.6541,13.9321,16.1295,13.6434,16.6097,21.9702,13.9553,19.7532,29.5285,14.0526,23.3844,39.1143,14.0829,27.5423,51.2054,14.0923,32.2796,66.434,14.0953,37.662,85.6061,14.0962,43.7675,109.74,14.0965,50.687,140.119,14.0966,58.5249,178.359,14.0966,67.4005,226.493,14.0966,77.4493,287.08,14.0966,88.8254,363.343,14.0966,101.703,459.336,14.0966,116.281,580.161,14.0966,132.782,732.241,14.0966,151.46,923.655,14.0966,172.603,1164.57,14.0966,196.535,1467.79,14.0966,223.625,1849.39,14.0966,254.288,2329.62,14.0966,288.997,2933.93,14.0966,328.285,3694.33,14.0966,372.755,4651.04,14.0966,423.092,5854.57,14.0966,480.07,7368.38,14.0966,544.564,9272.08,14.0966,617.566,11665.5,14.0966,700.197,14673.6,14.0966,793.729,18452.9,14.0966,899.599,23198.6,14.0966,1019.43,29154.1,14.0966,1155.07,36622.3,14.0966,1308.6,45977.9,14.0966,1482.39,57683.7,14.0966,1679.09,72307.8,14.0966,1901.73,90542.8,14.0966,2153.73,113226,14.0966,2438.97,141360,14.0966,2761.81,176127,14.0966,3127.22,218898,14.0966,3540.81,271226,14.0966,4008.92,334817,14.0966,4538.74,411470,14.0966,5138.38,502973,14.0966,5817.04,610948,14.0966,6585.12,736653,14.0966,7454.39,880741,14.0966,8438.15,1.04302e+06,14.0966,9551.45,1.22224e+06,14.0966,10811.3,1.41602e+06,14.0966,12237,1.62086e+06,14.0966,11.7194,11.96,12.6541,2.21263,4.16949,0.989383,2.67766,5.84076,0.311842,3.14343,7.55825,0.0972771,3.63127,9.58578,0.0303237,4.15787,12.0912,0.00945211,4.73731,15.2286,0.00294633,5.38238,19.1721,0.000918508,6.10553,24.134,0.000286163,6.91951,30.3791,8.92692e-05,7.83792,38.2397,2.78121e-05,8.87555,48.1338,8.65134e-06,10.0489,60.5876,2.7882e-06,11.3761,76.2629,8.29036e-07,12.8779,95.9927,2.4373e-07,14.5775,120.825,4.33068e-09,16.5012,152.08,1.75749e-07,18.6784,191.415,-1.86328e-07,21.1428,240.917,1.91829e-07,23.9322,303.213,-1.81475e-07,27.0895,381.602,7.0186e-08,30.6634,480.231,-2.86769e-08,34.7087,604.316,2.40784e-07,39.2876,760.401,9.87368e-08,44.4705,956.705,1.22263e-07,50.3371,1203.54,-4.31966e-07,56.9776,1513.81,-1.9705e-07,64.494,1903.69,-2.763e-08,73.0018,2393.4,3.9185e-07,82.6317,3008.13,1.35379e-07,93.5318,3779.25,-4.16351e-08,105.869,4745.7,2.06965e-08,119.834,5955.6,-3.18887e-07,135.641,7468.12,-1.48271e-08,153.531,9355.62,2.00739e-07,173.781,11705.8,2.28358e-07,196.701,14624.1,-1.93587e-08,222.642,18235,-2.88101e-07,252.003,22683.4,-2.24732e-07,285.234,28134,8.56806e-09,322.845,34767,2.34258e-07,365.413,42770.9,2.99668e-07,413.588,52327.9,8.28644e-08,468.111,63591.2,-3.07049e-07,529.814,76653.2,-3.1888e-07,599.642,91502.5,-6.72276e-08,678.662,107975,2.26339e-07,768.083,125705,3.69212e-07,869.267,144088,2.04077e-07,983.76,162277,-2.80509e-07,1113.3,179223,-4.22737e-07,1259.87,193777,-1.71951e-07,1425.68,204839,4.55555e-07,11.7194,11.96,12.6541,2.21263,4.16949,0.989383,2.67766,5.84076,0.311842,3.14343,7.55825,0.0972771,3.63127,9.58578,0.0303237,4.15787,12.0912,0.00945211,4.73731,15.2286,0.00294633,5.38238,19.1721,0.000918508,6.10553,24.134,0.000286163,6.91951,30.3791,8.92692e-05,7.83792,38.2397,2.78121e-05,8.87555,48.1338,8.65134e-06,10.0489,60.5876,2.7882e-06,11.3761,76.2629,8.29036e-07,12.8779,95.9927,2.4373e-07,14.5775,120.825,1e-08,16.5012,152.08,1.75749e-07,18.6784,191.415,1e-08,21.1428,240.917,1.91829e-07,23.9322,303.213,1e-08,27.0895,381.602,7.0186e-08,30.6634,480.231,1e-08,34.7087,604.316,2.40784e-07,39.2876,760.401,9.87368e-08,44.4705,956.705,1.22263e-07,50.3371,1203.54,1e-08,56.9776,1513.81,1e-08,64.494,1903.69,1e-08,73.0018,2393.4,3.9185e-07,82.6317,3008.13,1.35379e-07,93.5318,3779.25,1e-08,105.869,4745.7,2.06965e-08,119.834,5955.6,1e-08,135.641,7468.12,1e-08,153.531,9355.62,2.00739e-07,173.781,11705.8,2.28358e-07,196.701,14624.1,1e-08,222.642,18235,1e-08,252.003,22683.4,1e-08,285.234,28134,1e-08,322.845,34767,2.34258e-07,365.413,42770.9,2.99668e-07,413.588,52327.9,8.28644e-08,468.111,63591.2,1e-08,529.814,76653.2,1e-08,599.642,91502.5,1e-08,678.662,107975,2.26339e-07,768.083,125705,3.69212e-07,869.267,144088,2.04077e-07,983.76,162277,1e-08,1113.3,179223,1e-08,1259.87,193777,1e-08,1425.68,204839,4.55555e-07,6.2823,3.27286,2.43537,0.219672,6.18826,2.24117,0.56371,6.87772,2.63624,0.308279,10,11,11,1,3,3,3,7,0,4,6,0,4,6,0,6,4,0,3,19,0,4,32,0,13,37,0,7,45,0,6,40,0,7,36,0,3,52,0,15,95,0,5,103,0,20,77,0,19,90,0,23,308,0,13,215,0,9,293,0,17,775,0,18,500,0,46,710,0,13,577,0,72,838,0,53,531,0,73,533,0,89,1509,0,52,2843,0,108,1914,0,116,3290,0,154,7416,0,70,3310,0,57,7284,0,57,14965,0,92,15748,0,219,8479,0,182,23106,0,211,16377,0,191,46862,0,239,36027,0,346,53645,0,431,60219,0,276,63144,0,430,54923,0,1038,189837,0,612,95459,0,602,166229,0,1421,119185,0,1083,241344,0,511,237567,0,1735,162992,0,1361,197831,0
-1.05176e+08,1,8.88811e-15,10,1023,0,1.05176e+08,0.528882,1.08665,0.389689,0.145397,0.379329,3.24381,0.161596,0.446195,1.77396,0.159177,1.15e+07,4.49998e+06,6.79999e+06,1.15e+07,4.49997e+06,6.79999e+06,1.15e+07,4.49996e+06,6.79999e+06,1.15e+07,4.49995e+06,6.79999e+06,1.14999e+07,4.49993e+06,6.79999e+06,1.14999e+07,4.49991e+06,6.79999e+06,1.14999e+07,4.49989e+06,6.79999e+06,1.14999e+07,4.49986e+06,6.79999e+06,1.14999e+07,4.49982e+06,6.79999e+06,1.14999e+07,4.49977e+06,6.79999e+06,1.14999e+07,4.49971e+06,6.79999e+06,1.14999e+07,4.49963e+06,6.79999e+06,1.14998e+07,4.49953e+06,6.79999e+06,1.14998e+07,4.49941e+06,6.79999e+06,1.14998e+07,4.49926e+06,6.79999e+06,1.14998e+07,4.49906e+06,6.79999e+06,1.14997e+07,4.49882e+06,6.79999e+06,1.14997e+07,4.49851e+06,6.79999e+06,1.14997e+07,4.49812e+06,6.79999e+06,1.14996e+07,4.49764e+06,6.79999e+06,1.14996e+07,4.49702e+06,6.79999e+06,1.14995e+07,4.49625e+06,6.79999e+06,1.14995e+07,4.49528e+06,6.79999e+06,1.14994e+07,4.49406e+06,6.79999e+06,1.14993e+07,4.49253e+06,6.79999e+06,1.14992e+07,4.49059e+06,6.79999e+06,1.14991e+07,4.48817e+06,6.79999e+06,1.1499e+07,4.48511e+06,6.79999e+06,1.14988e+07,4.48128e+06,6.79999e+06,1.14987e+07,4.47646e+06,6.79999e+06,1.14985e+07,4.47041e+06,6.79999e+06,1.14983e+07,4.46281e+06,6.79999e+06,1.14981e+07,4.4533e+06,6.79999e+06,1.14979e+07,4.44138e+06,6.79999e+06,1.14976e+07,4.42649e+06,6.79999e+06,1.14972e+07,4.40789e+06,6.79999e+06,1.14969e+07,4.38471e+06,6.79999e+06,1.14965e+07,4.35592e+06,6.79999e+06,1.1496e+07,4.32027e+06,6.79999e+06,1.14955e+07,4.27629e+06,6.79999e+06,1.14949e+07,4.22231e+06,6.79999e+06,1.14942e+07,4.15647e+06,6.79999e+06,1.14934e+07,4.07676e+06,6.79999e+06,1.14926e+07,3.98112e+06,6.79999e+06,1.14916e+07,3.86765e+06,6.79999e+06,1.14905e+07,3.73474e+06,6.79999e+06,1.14892e+07,3.58148e+06,6.79999e+06,1.14878e+07,3.40785e+06,6.79999e+06,1.14862e+07,3.21513e+06,6.79999e+06,1.14844e+07,3.00605e+06,6.79999e+06,1.14823e+07,2.7848e+06,6.79999e+06,1.148e+07,2.5568e+06,6.79999e+06,1.14773e+07,2.32825e+06,6.79999e+06,13.5742,8.52444,0.508366,16.8306,13.2585,0.162638,20.0035,17.569,0.0507846,23.2616,22.4214,0.0158319,26.7328,28.3297,0.00493498,30.5212,35.6974,0.00153831,34.7178,44.9473,0.000479527,39.4086,56.5822,0.000149456,44.6796,71.2245,4.66214e-05,50.6209,89.6543,1.45419e-05,57.3297,112.852,4.54748e-06,64.9129,142.051,1.43857e-06,73.4897,178.803,4.36618e-07,83.1934,225.062,1.40153e-07,94.1745,283.286,4.96378e-08,106.602,356.568,1.05434e-07,120.669,448.799,-6.49244e-08,136.59,564.873,1.70148e-07,154.611,710.948,-5.34594e-08,175.008,894.767,1.63407e-07,198.097,1126.06,8.04804e-08,224.231,1417.07,1.14667e-07,253.813,1783.15,-1.71227e-07,287.297,2243.62,-2.88466e-07,325.198,2822.67,-4.33651e-07,368.098,3550.67,7.9318e-08,416.657,4465.65,3.13319e-07,471.621,5615.16,3.4613e-07,533.835,7058.61,-1.19199e-07,604.255,8870.02,-2.79964e-07,683.962,11141.4,-2.30521e-07,774.182,13986.7,-2.55099e-07,876.299,17546.4,1.23585e-07,991.883,21993.1,1.41192e-07,1122.71,27536.7,-9.71886e-08,1270.78,34430.7,-3.68368e-07,1438.38,42977.7,-3.45379e-07,1628.07,53532.7,-3.25328e-09,1842.77,66504.6,2.6362e-07,2085.77,82350.2,2.53445e-07,2360.79,101560,-2.47407e-08,2672.05,124632,-3.80602e-07,3024.31,152018,-4.79005e-07,3422.98,184060,-1.14379e-07,3874.15,220884,2.64297e-07,4384.72,262283,3.44131e-07,4962.49,307576,7.5349e-08,5616.29,355497,-3.63097e-07,6356.1,404126,-6.05442e-07,7193.18,450932,-2.72333e-07,8140.28,492963,2.29675e-07,9211.79,527178,4.3387e-07,10424,550893,-1.0711e-07,10.102,8.06553,2.81012,10.6436,8.57909,0.869423,11.5336,10.2515,0.270869,12.7211,12.7138,0.0844293,14.1823,15.9373,0.0263173,15.9122,20.0383,0.0082035,17.9198,25.2154,0.00255722,20.2244,31.7373,0.000797017,22.8539,39.9486,0.000248622,25.8438,50.2851,7.75492e-05,29.237,63.2963,2.42508e-05,33.0837,79.6738,7.67162e-06,37.4415,100.288,2.32837e-06,42.3767,126.236,7.33e-07,47.9646,158.896,2.79256e-07,54.2906,200.003,9.87351e-09,61.452,251.741,1.61085e-07,69.5585,316.859,-2.47141e-07,78.7347,398.812,8.93552e-08,89.1218,501.948,-2.53231e-07,100.879,631.736,-1.25047e-07,114.188,795.049,-1.78808e-07,129.252,1000.53,2.6733e-07,146.304,1259.03,4.50292e-07,165.605,1584.19,6.76904e-07,187.452,1993.12,-1.23808e-07,212.181,2507.27,-4.89068e-07,240.173,3153.54,-5.40284e-07,271.856,3965.56,1.86061e-07,307.719,4985.38,4.37004e-07,348.313,6265.4,3.59828e-07,394.26,7870.83,3.98192e-07,446.268,9882.51,-1.92908e-07,505.135,12400.3,-2.20392e-07,571.766,15546.9,1.51705e-07,647.184,19472.2,5.74996e-07,732.547,24357.4,5.39112e-07,829.167,30420,5.07815e-09,938.526,37916.3,-4.11492e-07,1062.3,47143.9,-3.9561e-07,1202.4,58439.2,3.86185e-08,1360.96,72169.3,5.94093e-07,1540.42,88715.8,7.47693e-07,1743.53,108445,1.78537e-07,1973.41,131665,-4.12549e-07,2233.57,158557,-5.37164e-07,2528,189103,-1.17615e-07,2861.2,222986,5.66769e-07,3238.27,259510,9.45053e-07,3664.97,297540,4.25093e-07,4147.81,335497,-3.58506e-07,4694.17,371444,-6.7724e-07,5312.37,403256,1.67192e-07,1.61744,3.89446,9.84394,3.28846,7.5504,12.774,5.07607,11.7187,13.6844,7.03202,16.8147,13.9681,9.20215,23.1769,14.0566,11.6301,31.1672,14.0841,14.3598,41.2186,14.0927,17.4376,53.8688,14.0954,20.9137,69.7915,14.0962,24.8432,89.8341,14.0965,29.2879,115.063,14.0966,34.3168,146.819,14.0966,40.0078,186.792,14.0966,46.4487,237.107,14.0966,53.7388,300.44,14.0966,61.9903,380.158,14.0966,71.3301,480.499,14.0966,81.902,606.796,14.0966,93.8685,765.761,14.0966,107.414,965.837,14.0966,122.746,1217.65,14.0966,140.101,1534.57,14.0966,159.745,1933.41,14.0966,181.981,2435.3,14.0966,207.15,3066.85,14.0966,235.64,3861.46,14.0966,267.889,4861.11,14.0966,304.391,6118.54,14.0966,345.709,7699.91,14.0966,392.478,9688.22,14.0966,445.417,12187.5,14.0966,505.339,15327.7,14.0966,573.165,19271.6,14.0966,649.938,24222,14.0966,736.839,30430.9,14.0966,835.202,38211.5,14.0966,946.539,47950.3,14.0966,1072.56,60122.8,14.0966,1215.21,75309.9,14.0966,1376.66,94216.2,14.0966,1559.41,117688,14.0966,1766.26,146729,14.0966,2000.39,182510,14.0966,2265.39,226372,14.0966,2565.33,279806,14.0966,2904.81,344416,14.0966,3289.05,421845,14.0966,3723.93,513667,14.0966,4216.13,621231,14.0966,4773.18,745478,14.0966,5403.64,886744,14.0966,6117.15,1.04457e+06,14.0966,6924.63,1.2176e+06,14.0966,11.7194,11.96,12.6541,13.9321,16.1295,13.6434,16.6097,21.9702,13.9553,19.7532,29.5285,14.0526,23.3844,39.1143,14.0829,27.5423,51.2054,14.0923,32.2796,66.434,14.0953,37.662,85.6061,14.0962,43.7675,109.74,14.0965,50.687,140.119,14.0966,58.5249,178.359,14.0966,67.4005,226.493,14.0966,77.4493,287.08,14.0966,88.8254,363.343,14.0966,101.703,459.336,14.0966,116.281,580.161,14.0966,132.782,732.241,14.0966,151.46,923.655,14.0966,172.603,1164.57,14.0966,196.535,1467.79,14.0966,223.625,1849.39,14.0966,254.288,2329.62,14.0966,288.997,2933.93,14.0966,328.285,3694.33,14.0966,372.755,4651.04,14.0966,423.092,5854.57,14.0966,480.07,7368.38,14.0966,544.564,9272.08,14.0966,617.566,11665.5,14.0966,700.197,14673.6,14.0966,793.729,18452.9,14.0966,899.599,23198.6,14.0966,1019.43,29154.1,14.0966,1155.07,36622.3,14.0966,1308.6,45977.9,14.0966,1482.39,57683.7,14.0966,1679.09,72307.8,14.0966,1901.73,90542.8,14.0966,2153.73,113226,14.0966,2438.97,141360,14.0966,2761.81,176127,14.0966,3127.22,218898,14.0966,3540.81,271226,14.0966,4008.92,334817,14.0966,4538.74,411470,14.0966,5138.38,502973,14.0966,5817.04,610948,14.0966,6585.12,736653,14.0966,7454.39,880741,14.0966,8438.15,1.04302e+06,14.0966,9551.45,1.22224e+06,14.0966,10811.3,1.41602e+06,14.0966,12237,1.62086e+06,14.0966,11.7194,11.96,12.6541,2.21263,4.16949,0.989383,2.67766,5.84076,0.311842,3.14343,7.55825,0.0972771,3.63127,9.58578,0.0303237,4.15787,12.0912,0.00945211,4.73731,15.2286,0.00294633,5.38238,19.1721,0.000918508,6.10553,24.134,0.000286163,6.91951,30.3791,8.92692e-05,7.83792,38.2397,2.78121e-05,8.87555,48.1338,8.65134e-06,10.0489,60.5876,2.7882e-06,11.3761,76.2629,8.29036e-07,12.8779,95.9927,2.4373e-07,14.5775,120.825,4.33068e-09,16.5012,152.08,1.75749e-07,18.6784,191.415,-1.86328e-07,21.1428,240.917,1.91829e-07,23.9322,303.213,-1.81475e-07,27.0895,381.602,7.0186e-08,30.6634,480.231,-2.86769e-08,34.7087,604.316,2.40784e-07,39.2876,760.401,9.87368e-08,44.4705,956.705,1.22263e-07,50.3371,1203.54,-4.31966e-07,56.9776,1513.81,-1.9705e-07,64.494,1903.69,-2.763e-08,73.0018,2393.4,3.9185e-07,82.6317,3008.13,1.35379e-07,93.5318,3779.25,-4.16351e-08,105.869,4745.7,2.06965e-08,119.834,5955.6,-3.18887e-07,135.641,7468.12,-1.48271e-08,153.531,9355.62,2.00739e-07,173.781,11705.8,2.28358e-07,196.701,14624.1,-1.93587e-08,222.642,18235,-2.88101e-07,252.003,22683.4,-2.24732e-07,285.234,28134,8.56806e-09,322.845,34767,2.34258e-07,365.413,42770.9,2.99668e-07,413.588,52327.9,8.28644e-08,468.111,63591.2,-3.07049e-07,529.814,76653.2,-3.1888e-07,599.642,91502.5,-6.72276e-08,678.662,107975,2.26339e-07,768.083,125705,3.69212e-07,869.267,144088,2.04077e-07,983.76,162277,-2.80509e-07,1113.3,179223,-4.22737e-07,1259.87,193777,-1.71951e-07,1425.68,204839,4.55555e-07,11.7194,11.96,12.6541,2.21263,4.16949,0.989383,2.67766,5.84076,0.311842,3.14343,7.55825,0.0972771,3.63127,9.58578,0.0303237,4.15787,12.0912,0.00945211,4.73731,15.2286,0.00294633,5.38238,19.1721,0.000918508,6.10553,24.134,0.000286163,6.91951,30.3791,8.92692e-05,7.83792,38.2397,2.78121e-05,8.87555,48.1338,8.65134e-06,10.0489,60.5876,2.7882e-06,11.3761,76.2629,8.29036e-07,12.8779,95.9927,2.4373e-07,14.5775,120.825,1e-08,16.5012,152.08,1.75749e-07,18.6784,191.415,1e-08,21.1428,240.917,1.91829e-07,23.9322,303.213,1e-08,27.0895,381.602,7.0186e-08,30.6634,480.231,1e-08,34.7087,604.316,2.40784e-07,39.2876,760.401,9.87368e-08,44.4705,956.705,1.22263e-07,50.3371,1203.54,1e-08,56.9776,1513.81,1e-08,64.494,1903.69,1e-08,73.0018,2393.4,3.9185e-07,82.6317,3008.13,1.35379e-07,93.5318,3779.25,1e-08,105.869,4745.7,2.06965e-08,119.834,5955.6,1e-08,135.641,7468.12,1e-08,153.531,9355.62,2.00739e-07,173.781,11705.8,2.28358e-07,196.701,14624.1,1e-08,222.642,18235,1e-08,252.003,22683.4,1e-08,285.234,28134,1e-08,322.845,34767,2.34258e-07,365.413,42770.9,2.99668e-07,413.588,52327.9,8.28644e-08,468.111,63591.2,1e-08,529.814,76653.2,1e-08,599.642,91502.5,1e-08,678.662,107975,2.26339e-07,768.083,125705,3.69212e-07,869.267,144088,2.04077e-07,983.76,162277,1e-08,1113.3,179223,1e-08,1259.87,193777,1e-08,1425.68,204839,4.55555e-07,6.2823,3.27286,2.43537,0.219672,6.18826,2.24117,0.56371,6.87772,2.63624,0.308279,10,18,24,0,4,0,2,7,2,3,9,0,1,7,0,1,5,0,3,12,0,4,19,0,5,21,0,11,37,0,6,35,0,14,13,0,13,65,0,11,80,0,15,194,0,14,148,0,18,131,0,9,147,0,12,155,0,10,326,0,36,514,0,46,650,0,43,539,0,37,771,0,49,461,0,86,866,0,75,1021,0,53,914,0,44,1979,0,126,3298,0,57,5816,0,80,10048,0,207,5632,0,183,3964,0,178,9479,0,340,7695,0,136,21647,0,151,18300,0,260,17871,0,191,25659,0,270,13757,0,369,60088,0,375,59566,0,504,45099,0,400,35040,0,422,77887,0,751,61058,0,537,33311,0,831,129357,0,1591,174479,0,847,62635,0,1983,191986,0,1000,164803,0
-1.05176e+08,1,8.88811e-15,10,1023,0,1.05176e+08,0.528882,1.08665,0.389689,0.145397,0.379329,3.24381,0.161596,0.446195,1.77396,0.159177,1.15e+07,4.49998e+06,6.79999e+06,1.15e+07,4.49997e+06,6.79999e+06,1.15e+07,4.49996e+06,6.79999e+06,1.15e+07,4.49995e+06,6.79999e+06,1.14999e+07,4.49993e+06,6.79999e+06,1.14999e+07,4.49991e+06,6.79999e+06,1.14999e+07,4.49989e+06,6.79999e+06,1.14999e+07,4.49986e+06,6.79999e+06,1.14999e+07,4.49982e+06,6.79999e+06,1.14999e+07,4.49977e+06,6.79999e+06,1.14999e+07,4.49971e+06,6.79999e+06,1.14999e+07,4.49963e+06,6.79999e+06,1.14998e+07,4.49953e+06,6.79999e+06,1.14998e+07,4.49941e+06,6.79999e+06,1.14998e+07,4.49926e+06,6.79999e+06,1.14998e+07,4.49906e+06,6.79999e+06,1.14997e+07,4.49882e+06,6.79999e+06,1.14997e+07,4.49851e+06,6.79999e+06,1.14997e+07,4.49812e+06,6.79999e+06,1.14996e+07,4.49764e+06,6.79999e+06,1.14996e+07,4.49702e+06,6.79999e+06,1.14995e+07,4.49625e+06,6.79999e+06,1.14995e+07,4.49528e+06,6.79999e+06,1.14994e+07,4.49406e+06,6.79999e+06,1.14993e+07,4.49253e+06,6.79999e+06,1.14992e+07,4.49059e+06,6.79999e+06,1.14991e+07,4.48817e+06,6.79999e+06,1.1499e+07,4.48511e+06,6.79999e+06,1.14988e+07,4.48128e+06,6.79999e+06,1.14987e+07,4.47646e+06,6.79999e+06,1.14985e+07,4.47041e+06,6.79999e+06,1.14983e+07,4.46281e+06,6.79999e+06,1.14981e+07,4.4533e+06,6.79999e+06,1.14979e+07,4.44138e+06,6.79999e+06,1.14976e+07,4.42649e+06,6.79999e+06,1.14972e+07,4.40789e+06,6.79999e+06,1.14969e+07,4.38471e+06,6.79999e+06,1.14965e+07,4.35592e+06,6.79999e+06,1.1496e+07,4.32027e+06,6.79999e+06,1.14955e+07,4.27629e+06,6.79999e+06,1.14949e+07,4.22231e+06,6.79999e+06,1.14942e+07,4.15647e+06,6.79999e+06,1.14934e+07,4.07676e+06,6.79999e+06,1.14926e+07,3.98112e+06,6.79999e+06,1.14916e+07,3.86765e+06,6.79999e+06,1.14905e+07,3.73474e+06,6.79999e+06,1.14892e+07,3.58148e+06,6.79999e+06,1.14878e+07,3.40785e+06,6.79999e+06,1.14862e+07,3.21513e+06,6.79999e+06,1.14844e+07,3.00605e+06,6.79999e+06,1.14823e+07,2.7848e+06,6.79999e+06,1.148e+07,2.5568e+06,6.79999e+06,1.14773e+07,2.32825e+06,6.79999e+06,13.5742,8.52444,0.508366,16.8306,13.2585,0.162638,20.0035,17.569,0.0507846,23.2616,22.4214,0.0158319,26.7328,28.3297,0.00493498,30.5212,35.6974,0.00153831,34.7178,44.9473,0.000479527,39.4086,56.5822,0.000149456,44.6796,71.2245,4.66214e-05,50.6209,89.6543,1.45419e-05,57.3297,112.852,4.54748e-06,64.9129,142.051,1.43857e-06,73.4897,178.803,4.36618e-07,83.1934,225.062,1.40153e-07,94.1745,283.286,4.96378e-08,106.602,356.568,1.05434e-07,120.669,448.799,-6.49244e-08,136.59,564.873,1.70148e-07,154.611,710.948,-5.34594e-08,175.008,894.767,1.63407e-07,198.097,1126.06,8.04804e-08,224.231,1417.07,1.14667e-07,253.813,1783.15,-1.71227e-07,287.297,2243.62,-2.88466e-07,325.198,2822.67,-4.33651e-07,368.098,3550.67,7.9318e-08,416.657,4465.65,3.13319e-07,471.621,5615.16,3.4613e-07,533.835,7058.61,-1.19199e-07,604.255,8870.02,-2.79964e-07,683.962,11141.4,-2.30521e-07,774.182,13986.7,-2.55099e-07,876.299,17546.4,1.23585e-07,991.883,21993.1,1.41192e-07,1122.71,27536.7,-9.71886e-08,1270.78,34430.7,-3.68368e-07,1438.38,42977.7,-3.45379e-07,1628.07,53532.7,-3.25328e-09,1842.77,66504.6,2.6362e-07,2085.77,82350.2,2.53445e-07,2360.79,101560,-2.47407e-08,2672.05,124632,-3.80602e-07,3024.31,152018,-4.79005e-07,3422.98,184060,-1.14379e-07,3874.15,220884,2.64297e-07,4384.72,262283,3.44131e-07,4962.49,307576,7.5349e-08,5616.29,355497,-3.63097e-07,6356.1,404126,-6.05442e-07,7193.18,450932,-2.72333e-07,8140.28,492963,2.29675e-07,9211.79,527178,4.3387e-07,10424,550893,-1.0711e-07,10.102,8.06553,2.81012,10.6436,8.57909,0.869423,11.5336,10.2515,0.270869,12.7211,12.7138,0.0844293,14.1823,15.9373,0.0263173,15.9122,20.0383,0.0082035,17.9198,25.2154,0.00255722,20.2244,31.7373,0.000797017,22.8539,39.9486,0.000248622,25.8438,50.2851,7.75492e-05,29.237,63.2963,2.42508e-05,33.0837,79.6738,7.67162e-06,37.4415,100.288,2.32837e-06,42.3767,126.236,7.33e-07,47.9646,158.896,2.79256e-07,54.2906,200.003,9.87351e-09,61.452,251.741,1.61085e-07,69.5585,316.859,-2.47141e-07,78.7347,398.812,8.93552e-08,89.1218,501.948,-2.53231e-07,100.879,631.736,-1.25047e-07,114.188,795.049,-1.78808e-07,129.252,1000.53,2.6733e-07,146.304,1259.03,4.50292e-07,165.605,1584.19,6.76904e-07,187.452,1993.12,-1.23808e-07,212.181,2507.27,-4.89068e-07,240.173,3153.54,-5.40284e-07,271.856,3965.56,1.86061e-07,307.719,4985.38,4.37004e-07,348.313,6265.4,3.59828e-07,394.26,7870.83,3.98192e-07,446.268,9882.51,-1.92908e-07,505.135,12400.3,-2.20392e-07,571.766,15546.9,1.51705e-07,647.184,19472.2,5.74996e-07,732.547,24357.4,5.39112e-07,829.167,30420,5.07815e-09,938.526,37916.3,-4.11492e-07,1062.3,47143.9,-3.9561e-07,1202.4,58439.2,3.86185e-08,1360.96,72169.3,5.94093e-07,1540.42,88715.8,7.47693e-07,1743.53,108445,1.78537e-07,1973.41,131665,-4.12549e-07,2233.57,158557,-5.37164e-07,2528,189103,-1.17615e-07,2861.2,222986,5.66769e-07,3238.27,259510,9.45053e-07,3664.97,297540,4.25093e-07,4147.81,335497,-3.58506e-07,4694.17,371444,-6.7724e-07,5312.37,403256,1.67192e-07,1.61744,3.89446,9.84394,3.28846,7.5504,12.774,5.07607,11.7187,13.6844,7.03202,16.8147,13.9681,9.20215,23.1769,14.0566,11.6301,31.1672,14.0841,14.3598,41.2186,14.0927,17.4376,53.8688,14.0954,20.9137,69.7915,14.0962,24.8432,89.8341,14.0965,29.2879,115.063,14.0966,34.3168,146.819,14.0966,40.0078,186.792,14.0966,46.4487,237.107,14.0966,53.7388,300.44,14.0966,61.9903,380.158,14.0966,71.3301,480.499,14.0966,81.902,606.796,14.0966,93.8685,765.761,14.0966,107.414,965.837,14.0966,122.746,1217.65,14.0966,140.101,1534.57,14.0966,159.745,1933.41,14.0966,181.981,2435.3,14.0966,207.15,3066.85,14.0966,235.64,3861.46,14.0966,267.889,4861.11,14.0966,304.391,6118.54,14.0966,345.709,7699.91,14.0966,392.478,9688.22,14.0966,445.417,12187.5,14.0966,505.339,15327.7,14.0966,573.165,19271.6,14.0966,649.938,24222,14.0966,736.839,30430.9,14.0966,835.202,38211.5,14.0966,946.539,47950.3,14.0966,1072.56,60122.8,14.0966,1215.21,75309.9,14.0966,1376.66,94216.2,14.0966,1559.41,117688,14.0966,1766.26,146729,14.0966,2000.39,182510,14.0966,2265.39,226372,14.0966,2565.33,279806,14.0966,2904.81,344416,14.0966,3289.05,421845,14.0966,3723.93,513667,14.0966,4216.13,621231,14.0966,4773.18,745478,14.0966,5403.64,886744,14.0966,6117.15,1.04457e+06,14.0966,6924.63,1.2176e+06,14.0966,11.7194,11.96,12.6541,13.9321,16.1295,13.6434,16.6097,21.9702,13.9553,19.7532,29.5285,14.0526,23.3844,39.1143,14.0829,27.5423,51.2054,14.0923,32.2796,66.434,14.0953,37.662,85.6061,14.0962,43.7675,109.74,14.0965,50.687,140.119,14.0966,58.5249,178.359,14.0966,67.4005,226.493,14.0966,77.4493,287.08,14.0966,88.8254,363.343,14.0966,101.703,459.336,14.0966,116.281,580.161,14.0966,132.782,732.241,14.0966,151.46,923.655,14.0966,172.603,1164.57,14.0966,196.535,1467.79,14.0966,223.625,1849.39,14.0966,254.288,2329.62,14.0966,288.997,2933.93,14.0966,328.285,3694.33,14.0966,372.755,4651.04,14.0966,423.092,5854.57,14.0966,480.07,7368.38,14.0966,544.564,9272.08,14.0966,617.566,11665.5,14.0966,700.197,14673.6,14.0966,793.729,18452.9,14.0966,899.599,23198.6,14.0966,1019.43,29154.1,14.0966,1155.07,36622.3,14.0966,1308.6,45977.9,14.0966,1482.39,57683.7,14.0966,1679.09,72307.8,14.0966,1901.73,90542.8,14.0966,2153.73,113226,14.0966,2438.97,141360,14.0966,2761.81,176127,14.0966,3127.22,218898,14.0966,3540.81,271226,14.0966,4008.92,334817,14.0966,4538.74,411470,14.0966,5138.38,502973,14.0966,5817.04,610948,14.0966,6585.12,736653,14.0966,7454.39,880741,14.0966,8438.15,1.04302e+06,14.0966,9551.45,1.22224e+06,14.0966,10811.3,1.41602e+06,14.0966,12237,1.62086e+06,14.0966,11.7194,11.96,12.6541,2.21263,4.16949,0.989383,2.67766,5.84076,0.311842,3.14343,7.55825,0.0972771,3.63127,9.58578,0.0303237,4.15787,12.0912,0.00945211,4.73731,15.2286,0.00294633,5.38238,19.1721,0.000918508,6.10553,24.134,0.000286163,6.91951,30.3791,8.92692e-05,7.83792,38.2397,2.78121e-05,8.87555,48.1338,8.65134e-06,10.0489,60.5876,2.7882e-06,11.3761,76.2629,8.29036e-07,12.8779,95.9927,2.4373e-07,14.5775,120.825,4.33068e-09,16.5012,152.08,1.75749e-07,18.6784,191.415,-1.86328e-07,21.1428,240.917,1.91829e-07,23.9322,303.213,-1.81475e-07,27.0895,381.602,7.0186e-08,30.6634,480.231,-2.86769e-08,34.7087,604.316,2.40784e-07,39.2876,760.401,9.87368e-08,44.4705,956.705,1.22263e-07,50.3371,1203.54,-4.31966e-07,56.9776,1513.81,-1.9705e-07,64.494,1903.69,-2.763e-08,73.0018,2393.4,3.9185e-07,82.6317,3008.13,1.35379e-07,93.5318,3779.25,-4.16351e-08,105.869,4745.7,2.06965e-08,119.834,5955.6,-3.18887e-07,135.641,7468.12,-1.48271e-08,153.531,9355.62,2.00739e-07,173.781,11705.8,2.28358e-07,196.701,14624.1,-1.93587e-08,222.642,18235,-2.88101e-07,252.003,22683.4,-2.24732e-07,285.234,28134,8.56806e-09,322.845,34767,2.34258e-07,365.413,42770.9,2.99668e-07,413.588,52327.9,8.28644e-08,468.111,63591.2,-3.07049e-07,529.814,76653.2,-3.1888e-07,599.642,91502.5,-6.72276e-08,678.662,107975,2.26339e-07,768.083,125705,3.69212e-07,869.267,144088,2.04077e-07,983.76,162277,-2.80509e-07,1113.3,179223,-4.22737e-07,1259.87,193777,-1.71951e-07,1425.68,204839,4.55555e-07,11.7194,11.96,12.6541,2.21263,4.16949,0.989383,2.67766,5.84076,0.311842,3.14343,7.55825,0.0972771,3.63127,9.58578,0.0303237,4.15787,12.0912,0.00945211,4.73731,15.2286,0.00294633,5.38238,19.1721,0.000918508,6.10553,24.134,0.000286163,6.91951,30.3791,8.92692e-05,7.83792,38.2397,2.78121e-05,8.87555,48.1338,8.65134e-06,10.0489,60.5876,2.7882e-06,11.3761,76.2629,8.29036e-07,12.8779,95.9927,2.4373e-07,14.5775,120.825,1e-08,16.5012,152.08,1.75749e-07,18.6784,191.415,1e-08,21.1428,240.917,1.91829e-07,23.9322,303.213,1e-08,27.0895,381.602,7.0186e-08,30.6634,480.231,1e-08,34.7087,604.316,2.40784e-07,39.2876,760.401,9.87368e-08,44.4705,956.705,1.22263e-07,50.3371,1203.54,1e-08,56.9776,1513.81,1e-08,64.494,1903.69,1e-08,73.0018,2393.4,3.9185e-07,82.6317,3008.13,1.35379e-07,93.5318,3779.25,1e-08,105.869,4745.7,2.06965e-08,119.834,5955.6,1e-08,135.641,7468.12,1e-08,153.531,9355.62,2.00739e-07,173.781,11705.8,2.28358e-07,196.701,14624.1,1e-08,222.642,18235,1e-08,252.003,22683.4,1e-08,285.234,28134,1e-08,322.845,34767,2.34258e-07,365.413,42770.9,2.99668e-07,413.588,52327.9,8.28644e-08,468.111,63591.2,1e-08,529.814,76653.2,1e-08,599.642,91502.5,1e-08,678.662,107975,2.26339e-07,768.083,125705,3.69212e-07,869.267,144088,2.04077e-07,983.76,162277,1e-08,1113.3,179223,1e-08,1259.87,193777,1e-08,1425.68,204839,4.55555e-07,6.2823,3.27286,2.43537,0.219672,6.18826,2.24117,0.56371,6.87772,2.63624,0.308279,8,11,13,3,4,0,2,0,1,0,4,0,2,10,0,2,14,0,3,9,0,1,17,0,6,28,0,2,41,0,5,34,0,4,65,0,19,88,0,5,91,0,15,133,0,16,131,0,18,69,0,16,291,0,10,298,0,38,350,0,27,289,0,53,345,0,31,448,0,18,415,0,27,1129,0,67,1543,0,79,1316,0,62,894,0,84,2987,0,66,4271,0,71,2581,0,169,3097,0,137,5077,0,189,3366,0,136,7657,0,120,12615,0,243,19069,0,166,19741,0,296,20076,0,349,59417,0,186,31853,0,84,25425,0,219,77613,0,314,66094,0,630,84308,0,533,71309,0,478,142148,0,728,141890,0,809,198251,0,1086,80320,0,964,134752,0,880,131840,0,1772,107732,0
-1.05176e+08,1,8.88811e-15,10,1023,0,1.05176e+08,0.528882,1.08665,0.389689,0.145397,0.379329,3.24381,0.161596,0.446195,1.77396,0.159177,1.15e+07,4.49998e+06,6.79999e+06,1.15e+07,4.49997e+06,6.79999e+06,1.15e+07,4.49996e+06,6.79999e+06,1.15e+07,4.49995e+06,6.79999e+06,1.14999e+07,4.49993e+06,6.79999e+06,1.14999e+07,4.49991e+06,6.79999e+06,1.14999e+07,4.49989e+06,6.79999e+06,1.14999e+07,4.49986e+06,6.79999e+06,1.14999e+07,4.49982e+06,6.79999e+06,1.14999e+07,4.49977e+06,6.79999e+06,1.14999e+07,4.49971e+06,6.79999e+06,1.14999e+07,4.49963e+06,6.79999e+06,1.14998e+07,4.49953e+06,6.79999e+06,1.14998e+07,4.49941e+06,6.79999e+06,1.14998e+07,4.49926e+06,6.79999e+06,1.14998e+07,4.49906e+06,6.79999e+06,1.14997e+07,4.49882e+06,6.79999e+06,1.14997e+07,4.49851e+06,6.79999e+06,1.14997e+07,4.49812e+06,6.79999e+06,1.14996e+07,4.49764e+06,6.79999e+06,1.14996e+07,4.49702e+06,6.79999e+06,1.14995e+07,4.49625e+06,6.79999e+06,1.14995e+07,4.49528e+06,6.79999e+06,1.14994e+07,4.49406e+06,6.79999e+06,1.14993e+07,4.49253e+06,6.79999e+06,1.14992e+07,4.49059e+06,6.79999e+06,1.14991e+07,4.48817e+06,6.79999e+06,1.1499e+07,4.48511e+06,6.79999e+06,1.14988e+07,4.48128e+06,6.79999e+06,1.14987e+07,4.47646e+06,6.79999e+06,1.14985e+07,4.47041e+06,6.79999e+06,1.14983e+07,4.46281e+06,6.79999e+06,1.14981e+07,4.4533e+06,6.79999e+06,1.14979e+07,4.44138e+06,6.79999e+06,1.14976e+07,4.42649e+06,6.79999e+06,1.14972e+07,4.40789e+06,6.79999e+06,1.14969e+07,4.38471e+06,6.79999e+06,1.14965e+07,4.35592e+06,6.79999e+06,1.1496e+07,4.32027e+06,6.79999e+06,1.14955e+07,4.27629e+06,6.79999e+06,1.14949e+07,4.22231e+06,6.79999e+06,1.14942e+07,4.15647e+06,6.79999e+06,1.14934e+07,4.07676e+06,6.79999e+06,1.14926e+07,3.98112e+06,6.79999e+06,1.14916e+07,3.86765e+06,6.79999e+06,1.14905e+07,3.73474e+06,6.79999e+06,1.14892e+07,3.58148e+06,6.79999e+06,1.14878e+07,3.40785e+06,6.79999e+06,1.14862e+07,3.21513e+06,6.79999e+06,1.14844e+07,3.00605e+06,6.79999e+06,1.14823e+07,2.7848e+06,6.79999e+06,1.148e+07,2.5568e+06,6.79999e+06,1.14773e+07,2.32825e+06,6.79999e+06,13.5742,8.52444,0.508366,16.8306,13.2585,0.162638,20.0035,17.569,0.0507846,23.2616,22.4214,0.0158319,26.7328,28.3297,0.00493498,30.5212,35.6974,0.00153831,34.7178,44.9473,0.000479527,39.4086,56.5822,0.000149456,44.6796,71.2245,4.66214e-05,50.6209,89.6543,1.45419e-05,57.3297,112.852,4.54748e-06,64.9129,142.051,1.43857e-06,73.4897,178.803,4.36618e-07,83.1934,225.062,1.40153e-07,94.1745,283.286,4.96378e-08,106.602,356.568,1.05434e-07,120.669,448.799,-6.49244e-08,136.59,564.873,1.70148e-07,154.611,710.948,-5.34594e-08,175.008,894.767,1.63407e-07,198.097,1126.06,8.04804e-08,224.231,1417.07,1.14667e-07,253.813,1783.15,-1.71227e-07,287.297,2243.62,-2.88466e-07,325.198,2822.67,-4.33651e-07,368.098,3550.67,7.9318e-08,416.657,4465.65,3.13319e-07,471.621,5615.16,3.4613e-07,533.835,7058.61,-1.19199e-07,604.255,8870.02,-2.79964e-07,683.962,11141.4,-2.30521e-07,774.182,13986.7,-2.55099e-07,876.299,17546.4,1.23585e-07,991.883,21993.1,1.41192e-07,1122.71,27536.7,-9.71886e-08,1270.78,34430.7,-3.68368e-07,1438.38,42977.7,-3.45379e-07,1628.07,53532.7,-3.25328e-09,1842.77,66504.6,2.6362e-07,2085.77,82350.2,2.53445e-07,2360.79,101560,-2.47407e-08,2672.05,124632,-3.80602e-07,3024.31,152018,-4.79005e-07,3422.98,184060,-1.14379e-07,3874.15,220884,2.64297e-07,4384.72,262283,3.44131e-07,4962.49,307576,7.5349e-08,5616.29,355497,-3.63097e-07,6356.1,404126,-6.05442e-07,7193.18,450932,-2.72333e-07,8140.28,492963,2.29675e-07,9211.79,527178,4.3387e-07,10424,550893,-1.0711e-07,10.102,8.06553,2.81012,10.6436,8.57909,0.869423,11.5336,10.2515,0.270869,12.7211,12.7138,0.0844293,14.1823,15.9373,0.0263173,15.9122,20.0383,0.0082035,17.9198,25.2154,0.00255722,20.2244,31.7373,0.000797017,22.8539,39.9486,0.000248622,25.8438,50.2851,7.75492e-05,29.237,63.2963,2.42508e-05,33.0837,79.6738,7.67162e-06,37.4415,100.288,2.32837e-06,42.3767,126.236,7.33e-07,47.9646,158.896,2.79256e-07,54.2906,200.003,9.87351e-09,61.452,251.741,1.61085e-07,69.5585,316.859,-2.47141e-07,78.7347,398.812,8.93552e-08,89.1218,501.948,-2.53231e-07,100.879,631.736,-1.25047e-07,114.188,795.049,-1.78808e-07,129.252,1000.53,2.6733e-07,146.304,1259.03,4.50292e-07,165.605,1584.19,6.76904e-07,187.452,1993.12,-1.23808e-07,212.181,2507.27,-4.89068e-07,240.173,3153.54,-5.40284e-07,271.856,3965.56,1.86061e-07,307.719,4985.38,4.37004e-07,348.313,6265.4,3.59828e-07,394.26,7870.83,3.98192e-07,446.268,9882.51,-1.92908e-07,505.135,12400.3,-2.20392e-07,571.766,15546.9,1.51705e-07,647.184,19472.2,5.74996e-07,732.547,24357.4,5.39112e-07,829.167,30420,5.07815e-09,938.526,37916.3,-4.11492e-07,1062.3,47143.9,-3.9561e-07,1202.4,58439.2,3.86185e-08,1360.96,72169.3,5.94093e-07,1540.42,88715.8,7.47693e-07,1743.53,108445,1.78537e-07,1973.41,131665,-4.12549e-07,2233.57,158557,-5.37164e-07,2528,189103,-1.17615e-07,2861.2,222986,5.66769e-07,3238.27,259510,9.45053e-07,3664.97,297540,4.25093e-07,4147.81,335497,-3.58506e-07,4694.17,371444,-6.7724e-07,5312.37,403256,1.67192e-07,1.61744,3.89446,9.84394,3.28846,7.5504,12.774,5.07607,11.7187,13.6844,7.03202,16.8147,13.9681,9.20215,23.1769,14.0566,11.6301,31.1672,14.0841,14.3598,41.2186,14.0927,17.4376,53.8688,14.0954,20.9137,69.7915,14.0962,24.8432,89.8341,14.0965,29.2879,115.063,14.0966,34.3168,146.819,14.0966,40.0078,186.792,14.0966,46.4487,237.107,14.0966,53.7388,300.44,14.0966,61.9903,380.158,14.0966,71.3301,480.499,14.0966,81.902,606.796,14.0966,93.8685,765.761,14.0966,107.414,965.837,14.0966,122.746,1217.65,14.0966,140.101,1534.57,14.0966,159.745,1933.41,14.0966,181.981,2435.3,14.0966,207.15,3066.85,14.0966,235.64,3861.46,14.0966,267.889,4861.11,14.0966,304.391,6118.54,14.0966,345.709,7699.91,14.0966,392.478,9688.22,14.0966,445.417,12187.5,14.0966,505.339,15327.7,14.0966,573.165,19271.6,14.0966,649.938,24222,14.0966,736.839,30430.9,14.0966,835.202,38211.5,14.0966,946.539,47950.3,14.0966,1072.56,60122.8,14.0966,1215.21,75309.9,14.0966,1376.66,94216.2,14.0966,1559.41,117688,14.0966,1766.26,146729,14.0966,2000.39,182510,14.0966,2265.39,226372,14.0966,2565.33,279806,14.0966,2904.81,344416,14.0966,3289.05,421845,14.0966,3723.93,513667,14.0966,4216.13,621231,14.0966,4773.18,745478,14.0966,5403.64,886744,14.0966,6117.15,1.04457e+06,14.0966,6924.63,1.2176e+06,14.0966,11.7194,11.96,12.6541,13.9321,16.1295,13.6434,16.6097,21.9702,13.9553,19.7532,29.5285,14.0526,23.3844,39.1143,14.0829,27.5423,51.2054,14.0923,32.2796,66.434,14.0953,37.662,85.6061,14.0962,43.7675,109.74,14.0965,50.687,140.119,14.0966,58.5249,178.359,14.0966,67.4005,226.493,14.0966,77.4493,287.08,14.0966,88.8254,363.343,14.0966,101.703,459.336,14.0966,116.281,580.161,14.0966,132.782,732.241,14.0966,151.46,923.655,14.0966,172.603,1164.57,14.0966,196.535,1467.79,14.0966,223.625,1849.39,14.0966,254.288,2329.62,14.0966,288.997,2933.93,14.0966,328.285,3694.33,14.0966,372.755,4651.04,14.0966,423.092,5854.57,14.0966,480.07,7368.38,14.0966,544.564,9272.08,14.0966,617.566,11665.5,14.0966,700.197,14673.6,14.0966,793.729,18452.9,14.0966,899.599,23198.6,14.0966,1019.43,29154.1,14.0966,1155.07,36622.3,14.0966,1308.6,45977.9,14.0966,1482.39,57683.7,14.0966,1679.09,72307.8,14.0966,1901.73,90542.8,14.0966,2153.73,113226,14.0966,2438.97,141360,14.0966,2761.81,176127,14.0966,3127.22,218898,14.0966,3540.81,271226,14.0966,4008.92,334817,14.0966,4538.74,411470,14.0966,5138.38,502973,14.0966,5817.04,610948,14.0966,6585.12,736653,14.0966,7454.39,880741,14.0966,8438.15,1.04302e+06,14.0966,9551.45,1.22224e+06,14.0966,10811.3,1.41602e+06,14.0966,12237,1.62086e+06,14.0966,11.7194,11.96,12.6541,2.21263,4.16949,0.989383,2.67766,5.84076,0.311842,3.14343,7.55825,0.0972771,3.63127,9.58578,0.0303237,4.15787,12.0912,0.00945211,4.73731,15.2286,0.00294633,5.38238,19.1721,0.000918508,6.10553,24.134,0.000286163,6.91951,30.3791,8.92692e-05,7.83792,38.2397,2.78121e-05,8.87555,48.1338,8.65134e-06,10.0489,60.5876,2.7882e-06,11.3761,76.2629,8.29036e-07,12.8779,95.9927,2.4373e-07,14.5775,120.825,4.33068e-09,16.5012,152.08,1.75749e-07,18.6784,191.415,-1.86328e-07,21.1428,240.917,1.91829e-07,23.9322,303.213,-1.81475e-07,27.0895,381.602,7.0186e-08,30.6634,480.231,-2.86769e-08,34.7087,604.316,2.40784e-07,39.2876,760.401,9.87368e-08,44.4705,956.705,1.22263e-07,50.3371,1203.54,-4.31966e-07,56.9776,1513.81,-1.9705e-07,64.494,1903.69,-2.763e-08,73.0018,2393.4,3.9185e-07,82.6317,3008.13,1.35379e-07,93.5318,3779.25,-4.16351e-08,105.869,4745.7,2.06965e-08,119.834,5955.6,-3.18887e-07,135.641,7468.12,-1.48271e-08,153.531,9355.62,2.00739e-07,173.781,11705.8,2.28358e-07,196.701,14624.1,-1.93587e-08,222.642,18235,-2.88101e-07,252.003,22683.4,-2.24732e-07,285.234,28134,8.56806e-09,322.845,34767,2.34258e-07,365.413,42770.9,2.99668e-07,413.588,52327.9,8.28644e-08,468.111,63591.2,-3.07049e-07,529.814,76653.2,-3.1888e-07,599.642,91502.5,-6.72276e-08,678.662,107975,2.26339e-07,768.083,125705,3.69212e-07,869.267,144088,2.04077e-07,983.76,162277,-2.80509e-07,1113.3,179223,-4.22737e-07,1259.87,193777,-1.71951e-07,1425.68,204839,4.55555e-07,11.7194,11.96,12.6541,2.21263,4.16949,0.989383,2.67766,5.84076,0.311842,3.14343,7.55825,0.0972771,3.63127,9.58578,0.0303237,4.15787,12.0912,0.00945211,4.73731,15.2286,0.00294633,5.38238,19.1721,0.000918508,6.10553,24.134,0.000286163,6.91951,30.3791,8.92692e-05,7.83792,38.2397,2.78121e-05,8.87555,48.1338,8.65134e-06,10.0489,60.5876,2.7882e-06,11.3761,76.2629,8.29036e-07,12.8779,95.9927,2.4373e-07,14.5775,120.825,1e-08,16.5012,152.08,1.75749e-07,18.6784,191.415,1e-08,21.1428,240.917,1.91829e-07,23.9322,303.213,1e-08,27.0895,381.602,7.0186e-08,30.6634,480.231,1e-08,34.7087,604.316,2.40784e-07,39.2876,760.401,9.87368e-08,44.4705,956.705,1.22263e-07,50.3371,1203.54,1e-08,56.9776,1513.81,1e-08,64.494,1903.69,1e-08,73.0018,2393.4,3.9185e-07,82.6317,3008.13,1.35379e-07,93.5318,3779.25,1e-08,105.869,4745.7,2.06965e-08,119.834,5955.6,1e-08,135.641,7468.12,1e-08,153.531,9355.62,2.00739e-07,173.781,11705.8,2.28358e-07,196.701,14624.1,1e-08,222.642,18235,1e-08,252.003,22683.4,1e-08,285.234,28134,1e-08,322.845,34767,2.34258e-07,365.413,42770.9,2.99668e-07,413.588,52327.9,8.28644e-08,468.111,63591.2,1e-08,529.814,76653.2,1e-08,599.642,91502.5,1e-08,678.662,107975,2.26339e-07,768.083,125705,3.69212e-07,869.267,144088,2.04077e-07,983.76,162277,1e-08,1113.3,179223,1e-08,1259.87,193777,1e-08,1425.68,204839,4.55555e-07,6.2823,3.27286,2.43537,0.219672,6.18826,2.24117,0.56371,6.87772,2.63624,0.308279,6,23,5,3,4,1,4,2,0,2,3,0,4,9,1,6,15,0,6,28,0,5,21,0,9,18,0,7,30,0,6,46,0,3,66,0,6,58,0,13,75,0,12,64,0,12,86,0,21,86,0,37,354,0,16,285,0,19,126,0,44,327,0,46,267,0,14,732,0,33,521,0,39,1319,0,53,1346,0,33,1296,0,114,1562,0,53,2908,0,29,3469,0,106,2733,0,203,9287,0,108,3191,0,134,11612,0,106,9044,0,182,11395,0,155,17728,0,134,23799,0,438,15148,0,261,20202,0,439,35005,0,282,50694,0,385,57225,0,329,76214,0,534,34323,0,615,151413,0,1259,142688,0,448,107480,0,892,205379,0,1097,295815,0,790,189896,0,992,148058,0,1218,128615,0
-1.05176e+08,1,8.88811e-15,10,1023,0,1.05176e+08,0.528882,1.08665,0.389689,0.145397,0.379329,3.24381,0.161596,0.446195,1.77396,0.159177,1.15e+07,4.49998e+06,6.79999e+06,1.15e+07,4.49997e+06,6.79999e+06,1.15e+07,4.49996e+06,6.79999e+06,1.15e+07,4.49995e+06,6.79999e+06,1.14999e+07,4.49993e+06,6.79999e+06,1.14999e+07,4.49991e+06,6.79999e+06,1.14999e+07,4.49989e+06,6.79999e+06,1.14999e+07,4.49986e+06,6.79999e+06,1.14999e+07,4.49982e+06,6.79999e+06,1.14999e+07,4.49977e+06,6.79999e+06,1.14999e+07,4.49971e+06,6.79999e+06,1.14999e+07,4.49963e+06,6.79999e+06,1.14998e+07,4.49953e+06,6.79999e+06,1.14998e+07,4.49941e+06,6.79999e+06,1.14998e+07,4.49926e+06,6.79999e+06,1.14998e+07,4.49906e+06,6.79999e+06,1.14997e+07,4.49882e+06,6.79999e+06,1.14997e+07,4.49851e+06,6.79999e+06,1.14997e+07,4.49812e+06,6.79999e+06,1.14996e+07,4.49764e+06,6.79999e+06,1.14996e+07,4.49702e+06,6.79999e+06,1.14995e+07,4.49625e+06,6.79999e+06,1.14995e+07,4.49528e+06,6.79999e+06,1.14994e+07,4.49406e+06,6.79999e+06,1.14993e+07,4.49253e+06,6.79999e+06,1.14992e+07,4.49059e+06,6.79999e+06,1.14991e+07,4.48817e+06,6.79999e+06,1.1499e+07,4.48511e+06,6.79999e+06,1.14988e+07,4.48128e+06,6.79999e+06,1.14987e+07,4.47646e+06,6.79999e+06,1.14985e+07,4.47041e+06,6.79999e+06,1.14983e+07,4.46281e+06,6.79999e+06,1.14981e+07,4.4533e+06,6.79999e+06,1.14979e+07,4.44138e+06,6.79999e+06,1.14976e+07,4.42649e+06,6.79999e+06,1.14972e+07,4.40789e+06,6.79999e+06,1.14969e+07,4.38471e+06,6.79999e+06,1.14965e+07,4.35592e+06,6.79999e+06,1.1496e+07,4.32027e+06,6.79999e+06,1.14955e+07,4.27629e+06,6.79999e+06,1.14949e+07,4.22231e+06,6.79999e+06,1.14942e+07,4.15647e+06,6.79999e+06,1.14934e+07,4.07676e+06,6.79999e+06,1.14926e+07,3.98112e+06,6.79999e+06,1.14916e+07,3.86765e+06,6.79999e+06,1.14905e+07,3.73474e+06,6.79999e+06,1.14892e+07,3.58148e+06,6.79999e+06,1.14878e+07,3.40785e+06,6.79999e+06,1.14862e+07,3.21513e+06,6.79999e+06,1.14844e+07,3.00605e+06,6.79999e+06,1.14823e+07,2.7848e+06,6.79999e+06,1.148e+07,2.5568e+06,6.79999e+06,1.14773e+07,2.32825e+06,6.79999e+06,13.5742,8.52444,0.508366,16.8306,13.2585,0.162638,20.0035,17.569,0.0507846,23.2616,22.4214,0.0158319,26.7328,28.3297,0.00493498,30.5212,35.6974,0.00153831,34.7178,44.9473,0.000479527,39.4086,56.5822,0.000149456,44.6796,71.2245,4.66214e-05,50.6209,89.6543,1.45419e-05,57.3297,112.852,4.54748e-06,64.9129,142.051,1.43857e-06,73.4897,178.803,4.36618e-07,83.1934,225.062,1.40153e-07,94.1745,283.286,4.96378e-08,106.602,356.568,1.05434e-07,120.669,448.799,-6.49244e-08,136.59,564.873,1.70148e-07,154.611,710.948,-5.34594e-08,175.008,894.767,1.63407e-07,198.097,1126.06,8.04804e-08,224.231,1417.07,1.14667e-07,253.813,1783.15,-1.71227e-07,287.297,2243.62,-2.88466e-07,325.198,2822.67,-4.33651e-07,368.098,3550.67,7.9318e-08,416.657,4465.65,3.13319e-07,471.621,5615.16,3.4613e-07,533.835,7058.61,-1.19199e-07,604.255,8870.02,-2.79964e-07,683.962,11141.4,-2.30521e-07,774.182,13986.7,-2.55099e-07,876.299,17546.4,1.23585e-07,991.883,21993.1,1.41192e-07,1122.71,27536.7,-9.71886e-08,1270.78,34430.7,-3.68368e-07,1438.38,42977.7,-3.45379e-07,1628.07,53532.7,-3.25328e-09,1842.77,66504.6,2.6362e-07,2085.77,82350.2,2.53445e-07,2360.79,101560,-2.47407e-08,2672.05,124632,-3.80602e-07,3024.31,152018,-4.79005e-07,3422.98,184060,-1.14379e-07,3874.15,220884,2.64297e-07,4384.72,262283,3.44131e-07,4962.49,307576,7.5349e-08,5616.29,355497,-3.63097e-07,6356.1,404126,-6.05442e-07,7193.18,450932,-2.72333e-07,8140.28,492963,2.29675e-07,9211.79,527178,4.3387e-07,10424,550893,-1.0711e-07,10.102,8.06553,2.81012,10.6436,8.57909,0.869423,11.5336,10.2515,0.270869,12.7211,12.7138,0.0844293,14.1823,15.9373,0.0263173,15.9122,20.0383,0.0082035,17.9198,25.2154,0.00255722,20.2244,31.7373,0.000797017,22.8539,39.9486,0.000248622,25.8438,50.2851,7.75492e-05,29.237,63.2963,2.42508e-05,33.0837,79.6738,7.67162e-06,37.4415,100.288,2.32837e-06,42.3767,126.236,7.33e-07,47.9646,158.896,2.79256e-07,54.2906,200.003,9.87351e-09,61.452,251.741,1.61085e-07,69.5585,316.859,-2.47141e-07,78.7347,398.812,8.93552e-08,89.1218,501.948,-2.53231e-07,100.879,631.736,-1.25047e-07,114.188,795.049,-1.78808e-07,129.252,1000.53,2.6733e-07,146.304,1259.03,4.50292e-07,165.605,1584.19,6.76904e-07,187.452,1993.12,-1.23808e-07,212.181,2507.27,-4.89068e-07,240.173,3153.54,-5.40284e-07,271.856,3965.56,1.86061e-07,307.719,4985.38,4.37004e-07,348.313,6265.4,3.59828e-07,394.26,7870.83,3.98192e-07,446.268,9882.51,-1.92908e-07,505.135,12400.3,-2.20392e-07,571.766,15546.9,1.51705e-07,647.184,19472.2,5.74996e-07,732.547,24357.4,5.39112e-07,829.167,30420,5.07815e-09,938.526,37916.3,-4.11492e-07,1062.3,47143.9,-3.9561e-07,1202.4,58439.2,3.86185e-08,1360.96,72169.3,5.94093e-07,1540.42,88715.8,7.47693e-07,1743.53,108445,1.78537e-07,1973.41,131665,-4.12549e-07,2233.57,158557,-5.37164e-07,2528,189103,-1.17615e-07,2861.2,222986,5.66769e-07,3238.27,259510,9.45053e-07,3664.97,297540,4.25093e-07,4147.81,335497,-3.58506e-07,4694.17,371444,-6.7724e-07,5312.37,403256,1.67192e-07,1.61744,3.89446,9.84394,3.28846,7.5504,12.774,5.07607,11.7187,13.6844,7.03202,16.8147,13.9681,9.20215,23.1769,14.0566,11.6301,31.1672,14.0841,14.3598,41.2186,14.0927,17.4376,53.8688,14.0954,20.9137,69.7915,14.0962,24.8432,89.8341,14.0965,29.2879,115.063,14.0966,34.3168,146.819,14.0966,40.0078,186.792,14.0966,46.4487,237.107,14.0966,53.7388,300.44,14.0966,61.9903,380.158,14.0966,71.3301,480.499,14.0966,81.902,606.796,14.0966,93.8685,765.761,14.0966,107.414,965.837,14.0966,122.746,1217.65,14.0966,140.101,1534.57,14.0966,159.745,1933.41,14.0966,181.981,2435.3,14.0966,207.15,3066.85,14.0966,235.64,3861.46,14.0966,267.889,4861.11,14.0966,304.391,6118.54,14.0966,345.709,7699.91,14.0966,392.478,9688.22,14.0966,445.417,12187.5,14.0966,505.339,15327.7,14.0966,573.165,19271.6,14.0966,649.938,24222,14.0966,736.839,30430.9,14.0966,835.202,38211.5,14.0966,946.539,47950.3,14.0966,1072.56,60122.8,14.0966,1215.21,75309.9,14.0966,1376.66,94216.2,14.0966,1559.41,117688,14.0966,1766.26,146729,14.0966,2000.39,182510,14.0966,2265.39,226372,14.0966,2565.33,279806,14.0966,2904.81,344416,14.0966,3289.05,421845,14.0966,3723.93,513667,14.0966,4216.13,621231,14.0966,4773.18,745478,14.0966,5403.64,886744,14.0966,6117.15,1.04457e+06,14.0966,6924.63,1.2176e+06,14.0966,11.7194,11.96,12.6541,13.9321,16.1295,13.6434,16.6097,21.9702,13.9553,19.7532,29.5285,14.0526,23.3844,39.1143,14.0829,27.5423,51.2054,14.0923,32.2796,66.434,14.0953,37.662,85.6061,14.0962,43.7675,109.74,14.0965,50.687,140.119,14.0966,58.5249,178.359,14.0966,67.4005,226.493,14.0966,77.4493,287.08,14.0966,88.8254,363.343,14.0966,101.703,459.336,14.0966,116.281,580.161,14.0966,132.782,732.241,14.0966,151.46,923.655,14.0966,172.603,1164.57,14.0966,196.535,1467.79,14.0966,223.625,1849.39,14.0966,254.288,2329.62,14.0966,288.997,2933.93,14.0966,328.285,3694.33,14.0966,372.755,4651.04,14.0966,423.092,5854.57,14.0966,480.07,7368.38,14.0966,544.564,9272.08,14.0966,617.566,11665.5,14.0966,700.197,14673.6,14.0966,793.729,18452.9,14.0966,899.599,23198.6,14.0966,1019.43,29154.1,14.0966,1155.07,36622.3,14.0966,1308.6,45977.9,14.0966,1482.39,57683.7,14.0966,1679.09,72307.8,14.0966,1901.73,90542.8,14.0966,2153.73,113226,14.0966,2438.97,141360,14.0966,2761.81,176127,14.0966,3127.22,218898,14.0966,3540.81,271226,14.0966,4008.92,334817,14.0966,4538.74,411470,14.0966,5138.38,502973,14.0966,5817.04,610948,14.0966,6585.12,736653,14.0966,7454.39,880741,14.0966,8438.15,1.04302e+06,14.0966,9551.45,1.22224e+06,14.0966,10811.3,1.41602e+06,14.0966,12237,1.62086e+06,14.0966,11.7194,11.96,12.6541,2.21263,4.16949,0.989383,2.67766,5.84076,0.311842,3.14343,7.55825,0.0972771,3.63127,9.58578,0.0303237,4.15787,12.0912,0.00945211,4.73731,15.2286,0.00294633,5.38238,19.1721,0.000918508,6.10553,24.134,0.000286163,6.91951,30.3791,8.92692e-05,7.83792,38.2397,2.78121e-05,8.87555,48.1338,8.65134e-06,10.0489,60.5876,2.7882e-06,11.3761,76.2629,8.29036e-07,12.8779,95.9927,2.4373e-07,14.5775,120.825,4.33068e-09,16.5012,152.08,1.75749e-07,18.6784,191.415,-1.86328e-07,21.1428,240.917,1.91829e-07,23.9322,303.213,-1.81475e-07,27.0895,381.602,7.0186e-08,30.6634,480.231,-2.86769e-08,34.7087,604.316,2.40784e-07,39.2876,760.401,9.87368e-08,44.4705,956.705,1.22263e-07,50.3371,1203.54,-4.31966e-07,56.9776,1513.81,-1.9705e-07,64.494,1903.69,-2.763e-08,73.0018,2393.4,3.9185e-07,82.6317,3008.13,1.35379e-07,93.5318,3779.25,-4.16351e-08,105.869,4745.7,2.06965e-08,119.834,5955.6,-3.18887e-07,135.641,7468.12,-1.48271e-08,153.531,9355.62,2.00739e-07,173.781,11705.8,2.28358e-07,196.701,14624.1,-1.93587e-08,222.642,18235,-2.88101e-07,252.003,22683.4,-2.24732e-07,285.234,28134,8.56806e-09,322.845,34767,2.34258e-07,365.413,42770.9,2.99668e-07,413.588,52327.9,8.28644e-08,468.111,63591.2,-3.07049e-07,529.814,76653.2,-3.1888e-07,599.642,91502.5,-6.72276e-08,678.662,107975,2.26339e-07,768.083,125705,3.69212e-07,869.267,144088,2.04077e-07,983.76,162277,-2.80509e-07,1113.3,179223,-4.22737e-07,1259.87,193777,-1.71951e-07,1425.68,204839,4.55555e-07,11.7194,11.96,12.6541,2.21263,4.16949,0.989383,2.67766,5.84076,0.311842,3.14343,7.55825,0.0972771,3.63127,9.58578,0.0303237,4.15787,12.0912,0.00945211,4.73731,15.2286,0.00294633,5.38238,19.1721,0.000918508,6.10553,24.134,0.000286163,6.91951,30.3791,8.92692e-05,7.83792,38.2397,2.78121e-05,8.87555,48.1338,8.65134e-06,10.0489,60.5876,2.7882e-06,11.3761,76.2629,8.29036e-07,12.8779,95.9927,2.4373e-07,14.5775,120.825,1e-08,16.5012,152.08,1.75749e-07,18.6784,191.415,1e-08,21.1428,240.917,1.91829e-07,23.9322,303.213,1e-08,27.0895,381.602,7.0186e-08,30.6634,480.231,1e-08,34.7087,604.316,2.40784e-07,39.2876,760.401,9.87368e-08,44.4705,956.705,1.22263e-07,50.3371,1203.54,1e-08,56.9776,1513.81,1e-08,64.494,1903.69,1e-08,73.0018,2393.4,3.9185e-07,82.6317,3008.13,1.35379e-07,93.5318,3779.25,1e-08,105.869,4745.7,2.06965e-08,119.834,5955.6,1e-08,135.641,7468.12,1e-08,153.531,9355.62,2.00739e-07,173.781,11705.8,2.28358e-07,196.701,14624.1,1e-08,222.642,18235,1e-08,252.003,22683.4,1e-08,285.234,28134,1e-08,322.845,34767,2.34258e-07,365.413,42770.9,2.99668e-07,413.588,52327.9,8.28644e-08,468.111,63591.2,1e-08,529.814,76653.2,1e-08,599.642,91502.5,1e-08,678.662,107975,2.26339e-07,768.083,125705,3.69212e-07,869.267,144088,2.04077e-07,983.76,162277,1e-08,1113.3,179223,1e-08,1259.87,193777,1e-08,1425.68,204839,4.55555e-07,6.2823,3.27286,2.43537,0.219672,6.18826,2.24117,0.56371,6.87772,2.63624,0.308279,14,17,18,2,1,1,3,6,0,2,3,1,3,9,0,5,20,0,3,9,0,0,16,0,9,17,0,6,25,0,2,57,0,15,45,0,10,141,0,13,28,0,3,94,0,9,54,0,2,169,0,25,203,0,23,424,0,26,129,0,17,777,0,81,472,0,32,624,0,62,1111,0,19,1089,0,38,662,0,37,1120,0,51,1412,0,50,3135,0,65,2869,0,197,2280,0,91,4619,0,125,9148,0,144,5414,0,245,3797,0,146,10088,0,198,9837,0,236,24327,0,319,32543,0,257,51593,0,404,18038,0,503,40506,0,271,21227,0,616,75206,0,744,68096,0,1007,52706,0,487,155293,0,1356,100906,0,699,239946,0,742,131163,0,2054,218139,0,1954,284070,0,862,189455,0
-1.05176e+08,1,8.88811e-15,10,1023,0,1.05176e+08,0.528882,1.08665,0.389689,0.145397,0.379329,3.24381,0.161596,0.446195,1.77396,0.159177,1.15e+07,4.49998e+06,6.79999e+06,1.15e+07,4.49997e+06,6.79999e+06,1.15e+07,4.49996e+06,6.79999e+06,1.15e+07,4.49995e+06,6.79999e+06,1.14999e+07,4.49993e+06,6.79999e+06,1.14999e+07,4.49991e+06,6.79999e+06,1.14999e+07,4.49989e+06,6.79999e+06,1.14999e+07,4.49986e+06,6.79999e+06,1.14999e+07,4.49982e+06,6.79999e+06,1.14999e+07,4.49977e+06,6.79999e+06,1.14999e+07,4.49971e+06,6.79999e+06,1.14999e+07,4.49963e+06,6.79999e+06,1.14998e+07,4.49953e+06,6.79999e+06,1.14998e+07,4.49941e+06,6.79999e+06,1.14998e+07,4.49926e+06,6.79999e+06,1.14998e+07,4.49906e+06,6.79999e+06,1.14997e+07,4.49882e+06,6.79999e+06,1.14997e+07,4.49851e+06,6.79999e+06,1.14997e+07,4.49812e+06,6.79999e+06,1.14996e+07,4.49764e+06,6.79999e+06,1.14996e+07,4.49702e+06,6.79999e+06,1.14995e+07,4.49625e+06,6.79999e+06,1.14995e+07,4.49528e+06,6.79999e+06,1.14994e+07,4.49406e+06,6.79999e+06,1.14993e+07,4.49253e+06,6.79999e+06,1.14992e+07,4.49059e+06,6.79999e+06,1.14991e+07,4.48817e+06,6.79999e+06,1.1499e+07,4.48511e+06,6.79999e+06,1.14988e+07,4.48128e+06,6.79999e+06,1.14987e+07,4.47646e+06,6.79999e+06,1.14985e+07,4.47041e+06,6.79999e+06,1.14983e+07,4.46281e+06,6.79999e+06,1.14981e+07,4.4533e+06,6.79999e+06,1.14979e+07,4.44138e+06,6.79999e+06,1.14976e+07,4.42649e+06,6.79999e+06,1.14972e+07,4.40789e+06,6.79999e+06,1.14969e+07,4.38471e+06,6.79999e+06,1.14965e+07,4.35592e+06,6.79999e+06,1.1496e+07,4.32027e+06,6.79999e+06,1.14955e+07,4.27629e+06,6.79999e+06,1.14949e+07,4.22231e+06,6.79999e+06,1.14942e+07,4.15647e+06,6.79999e+06,1.14934e+07,4.07676e+06,6.79999e+06,1.14926e+07,3.98112e+06,6.79999e+06,1.14916e+07,3.86765e+06,6.79999e+06,1.14905e+07,3.73474e+06,6.79999e+06,1.14892e+07,3.58148e+06,6.79999e+06,1.14878e+07,3.40785e+06,6.79999e+06,1.14862e+07,3.21513e+06,6.79999e+06,1.14844e+07,3.00605e+06,6.79999e+06,1.14823e+07,2.7848e+06,6.79999e+06,1.148e+07,2.5568e+06,6.79999e+06,1.14773e+07,2.32825e+06,6.79999e+06,13.5742,8.52444,0.508366,16.8306,13.2585,0.162638,20.0035,17.569,0.0507846,23.2616,22.4214,0.0158319,26.7328,28.3297,0.00493498,30.5212,35.6974,0.00153831,34.7178,44.9473,0.000479527,39.4086,56.5822,0.000149456,44.6796,71.2245,4.66214e-05,50.6209,89.6543,1.45419e-05,57.3297,112.852,4.54748e-06,64.9129,142.051,1.43857e-06,73.4897,178.803,4.36618e-07,83.1934,225.062,1.40153e-07,94.1745,283.286,4.96378e-08,106.602,356.568,1.05434e-07,120.669,448.799,-6.49244e-08,136.59,564.873,1.70148e-07,154.611,710.948,-5.34594e-08,175.008,894.767,1.63407e-07,198.097,1126.06,8.04804e-08,224.231,1417.07,1.14667e-07,253.813,1783.15,-1.71227e-07,287.297,2243.62,-2.88466e-07,325.198,2822.67,-4.33651e-07,368.098,3550.67,7.9318e-08,416.657,4465.65,3.13319e-07,471.621,5615.16,3.4613e-07,533.835,7058.61,-1.19199e-07,604.255,8870.02,-2.79964e-07,683.962,11141.4,-2.30521e-07,774.182,13986.7,-2.55099e-07,876.299,17546.4,1.23585e-07,991.883,21993.1,1.41192e-07,1122.71,27536.7,-9.71886e-08,1270.78,34430.7,-3.68368e-07,1438.38,42977.7,-3.45379e-07,1628.07,53532.7,-3.25328e-09,1842.77,66504.6,2.6362e-07,2085.77,82350.2,2.53445e-07,2360.79,101560,-2.47407e-08,2672.05,124632,-3.80602e-07,3024.31,152018,-4.79005e-07,3422.98,184060,-1.14379e-07,3874.15,220884,2.64297e-07,4384.72,262283,3.44131e-07,4962.49,307576,7.5349e-08,5616.29,355497,-3.63097e-07,6356.1,404126,-6.05442e-07,7193.18,450932,-2.72333e-07,8140.28,492963,2.29675e-07,9211.79,527178,4.3387e-07,10424,550893,-1.0711e-07,10.102,8.06553,2.81012,10.6436,8.57909,0.869423,11.5336,10.2515,0.270869,12.7211,12.7138,0.0844293,14.1823,15.9373,0.0263173,15.9122,20.0383,0.0082035,17.9198,25.2154,0.00255722,20.2244,31.7373,0.000797017,22.8539,39.9486,0.000248622,25.8438,50.2851,7.75492e-05,29.237,63.2963,2.42508e-05,33.0837,79.6738,7.67162e-06,37.4415,100.288,2.32837e-06,42.3767,126.236,7.33e-07,47.9646,158.896,2.79256e-07,54.2906,200.003,9.87351e-09,61.452,251.741,1.61085e-07,69.5585,316.859,-2.47141e-07,78.7347,398.812,8.93552e-08,89.1218,501.948,-2.53231e-07,100.879,631.736,-1.25047e-07,114.188,795.049,-1.78808e-07,129.252,1000.53,2.6733e-07,146.304,1259.03,4.50292e-07,165.605,1584.19,6.76904e-07,187.452,1993.12,-1.23808e-07,212.181,2507.27,-4.89068e-07,240.173,3153.54,-5.40284e-07,271.856,3965.56,1.86061e-07,307.719,4985.38,4.37004e-07,348.313,6265.4,3.59828e-07,394.26,7870.83,3.98192e-07,446.268,9882.51,-1.92908e-07,505.135,12400.3,-2.20392e-07,571.766,15546.9,1.51705e-07,647.184,19472.2,5.74996e-07,732.547,24357.4,5.39112e-07,829.167,30420,5.07815e-09,938.526,37916.3,-4.11492e-07,1062.3,47143.9,-3.9561e-07,1202.4,58439.2,3.86185e-08,1360.96,72169.3,5.94093e-07,1540.42,88715.8,7.47693e-07,1743.53,108445,1.78537e-07,1973.41,131665,-4.12549e-07,2233.57,158557,-5.37164e-07,2528,189103,-1.17615e-07,2861.2,222986,5.66769e-07,3238.27,259510,9.45053e-07,3664.97,297540,4.25093e-07,4147.81,335497,-3.58506e-07,4694.17,371444,-6.7724e-07,5312.37,403256,1.67192e-07,1.61744,3.89446,9.84394,3.28846,7.5504,12.774,5.07607,11.7187,13.6844,7.03202,16.8147,13.9681,9.20215,23.1769,14.0566,11.6301,31.1672,14.0841,14.3598,41.2186,14.0927,17.4376,53.8688,14.0954,20.9137,69.7915,14.0962,24.8432,89.8341,14.0965,29.2879,115.063,14.0966,34.3168,146.819,14.0966,40.0078,186.792,14.0966,46.4487,237.107,14.0966,53.7388,300.44,14.0966,61.9903,380.158,14.0966,71.3301,480.499,14.0966,81.902,606.796,14.0966,93.8685,765.761,14.0966,107.414,965.837,14.0966,122.746,1217.65,14.0966,140.101,1534.57,14.0966,159.745,1933.41,14.0966,181.981,2435.3,14.0966,207.15,3066.85,14.0966,235.64,3861.46,14.0966,267.889,4861.11,14.0966,304.391,6118.54,14.0966,345.709,7699.91,14.0966,392.478,9688.22,14.0966,445.417,12187.5,14.0966,505.339,15327.7,14.0966,573.165,19271.6,14.0966,649.938,24222,14.0966,736.839,30430.9,14.0966,835.202,38211.5,14.0966,946.539,47950.3,14.0966,1072.56,60122.8,14.0966,1215.21,75309.9,14.0966,1376.66,94216.2,14.0966,1559.41,117688,14.0966,1766.26,146729,14.0966,2000.39,182510,14.0966,2265.39,226372,14.0966,2565.33,279806,14.0966,2904.81,344416,14.0966,3289.05,421845,14.0966,3723.93,513667,14.0966,4216.13,621231,14.0966,4773.18,745478,14.0966,5403.64,886744,14.0966,6117.15,1.04457e+06,14.0966,6924.63,1.2176e+06,14.0966,11.7194,11.96,12.6541,13.9321,16.1295,13.6434,16.6097,21.9702,13.9553,19.7532,29.5285,14.0526,23.3844,39.1143,14.0829,27.5423,51.2054,14.0923,32.2796,66.434,14.0953,37.662,85.6061,14.0962,43.7675,109.74,14.0965,50.687,140.119,14.0966,58.5249,178.359,14.0966,67.4005,226.493,14.0966,77.4493,287.08,14.0966,88.8254,363.343,14.0966,101.703,459.336,14.0966,116.281,580.161,14.0966,132.782,732.241,14.0966,151.46,923.655,14.0966,172.603,1164.57,14.0966,196.535,1467.79,14.0966,223.625,1849.39,14.0966,254.288,2329.62,14.0966,288.997,2933.93,14.0966,328.285,3694.33,14.0966,372.755,4651.04,14.0966,423.092,5854.57,14.0966,480.07,7368.38,14.0966,544.564,9272.08,14.0966,617.566,11665.5,14.0966,700.197,14673.6,14.0966,793.729,18452.9,14.0966,899.599,23198.6,14.0966,1019.43,29154.1,14.0966,1155.07,36622.3,14.0966,1308.6,45977.9,14.0966,1482.39,57683.7,14.0966,1679.09,72307.8,14.0966,1901.73,90542.8,14.0966,2153.73,113226,14.0966,2438.97,141360,14.0966,2761.81,176127,14.0966,3127.22,218898,14.0966,3540.81,271226,14.0966,4008.92,334817,14.0966,4538.74,411470,14.0966,5138.38,502973,14.0966,5817.04,610948,14.0966,6585.12,736653,14.0966,7454.39,880741,14.0966,8438.15,1.04302e+06,14.0966,9551.45,1.22224e+06,14.0966,10811.3,1.41602e+06,14.0966,12237,1.62086e+06,14.0966,11.7194,11.96,12.6541,2.21263,4.16949,0.989383,2.67766,5.84076,0.311842,3.14343,7.55825,0.0972771,3.63127,9.58578,0.0303237,4.15787,12.0912,0.00945211,4.73731,15.2286,0.00294633,5.38238,19.1721,0.000918508,6.10553,24.134,0.000286163,6.91951,30.3791,8.92692e-05,7.83792,38.2397,2.78121e-05,8.87555,48.1338,8.65134e-06,10.0489,60.5876,2.7882e-06,11.3761,76.2629,8.29036e-07,12.8779,95.9927,2.4373e-07,14.5775,120.825,4.33068e-09,16.5012,152.08,1.75749e-07,18.6784,191.415,-1.86328e-07,21.1428,240.917,1.91829e-07,23.9322,303.213,-1.81475e-07,27.0895,381.602,7.0186e-08,30.6634,480.231,-2.86769e-08,34.7087,604.316,2.40784e-07,39.2876,760.401,9.87368e-08,44.4705,956.705,1.22263e-07,50.3371,1203.54,-4.31966e-07,56.9776,1513.81,-1.9705e-07,64.494,1903.69,-2.763e-08,73.0018,2393.4,3.9185e-07,82.6317,3008.13,1.35379e-07,93.5318,3779.25,-4.16351e-08,105.869,4745.7,2.06965e-08,119.834,5955.6,-3.18887e-07,135.641,7468.12,-1.48271e-08,153.531,9355.62,2.00739e-07,173.781,11705.8,2.28358e-07,196.701,14624.1,-1.93587e-08,222.642,18235,-2.88101e-07,252.003,22683.4,-2.24732e-07,285.234,28134,8.56806e-09,322.845,34767,2.34258e-07,365.413,42770.9,2.99668e-07,413.588,52327.9,8.28644e-08,468.111,63591.2,-3.07049e-07,529.814,76653.2,-3.1888e-07,599.642,91502.5,-6.72276e-08,678.662,107975,2.26339e-07,768.083,125705,3.69212e-07,869.267,144088,2.04077e-07,983.76,162277,-2.80509e-07,1113.3,179223,-4.22737e-07,1259.87,193777,-1.71951e-07,1425.68,204839,4.55555e-07,11.7194,11.96,12.6541,2.21263,4.16949,0.989383,2.67766,5.84076,0.311842,3.14343,7.55825,0.0972771,3.63127,9.58578,0.0303237,4.15787,12.0912,0.00945211,4.73731,15.2286,0.00294633,5.38238,19.1721,0.000918508,6.10553,24.134,0.000286163,6.91951,30.3791,8.92692e-05,7.83792,38.2397,2.78121e-05,8.87555,48.1338,8.65134e-06,10.0489,60.5876,2.7882e-06,11.3761,76.2629,8.29036e-07,12.8779,95.9927,2.4373e-07,14.5775,120.825,1e-08,16.5012,152.08,1.75749e-07,18.6784,191.415,1e-08,21.1428,240.917,1.91829e-07,23.9322,303.213,1e-08,27.0895,381.602,7.0186e-08,30.6634,480.231,1e-08,34.7087,604.316,2.40784e-07,39.2876,760.401,9.87368e-08,44.4705,956.705,1.22263e-07,50.3371,1203.54,1e-08,56.9776,1513.81,1e-08,64.494,1903.69,1e-08,73.0018,2393.4,3.9185e-07,82.6317,3008.13,1.35379e-07,93.5318,3779.25,1e-08,105.869,4745.7,2.06965e-08,119.834,5955.6,1e-08,135.641,7468.12,1e-08,153.531,9355.62,2.00739e-07,173.781,11705.8,2.28358e-07,196.701,14624.1,1e-08,222.642,18235,1e-08,252.003,22683.4,1e-08,285.234,28134,1e-08,322.845,34767,2.34258e-07,365.413,42770.9,2.99668e-07,413.588,52327.9,8.28644e-08,468.111,63591.2,1e-08,529.814,76653.2,1e-08,599.642,91502.5,1e-08,678.662,107975,2.26339e-07,768.083,125705,3.69212e-07,869.267,144088,2.04077e-07,983.76,162277,1e-08,1113.3,179223,1e-08,1259.87,193777,1e-08,1425.68,204839,4.55555e-07,6.2823,3.27286,2.43537,0.219672,6.18826,2.24117,0.56371,6.87772,2.63624,0.308279,12,7,12,2,2,0,2,7,0,4,14,0,4,14,0,2,8,0,3,15,0,1,27,0,13,26,0,3,39,0,3,29,0,5,35,0,10,72,0,17,43,0,13,111,0,23,251,0,16,240,0,20,330,0,19,180,0,16,351,0,27,200,0,31,535,0,45,951,0,44,713,0,41,521,0,49,860,0,53,1858,0,132,1652,0,24,2698,0,108,2936,0,109,2139,0,147,5481,0,65,8481,0,242,5363,0,166,14463,0,148,13336,0,146,6194,0,137,18021,0,204,35429,0,332,16552,0,454,33122,0,298,26046,0,600,42506,0,334,56796,0,462,27889,0,1614,148414,0,633,144531,0,414,44573,0,490,123109,0,1782,153193,0,717,224174,0,1574,260055,0,1228,218472,0
-1.05176e+08,1,8.88811e-15,10,1023,0,1.05176e+08,0.528882,1.08665,0.389689,0.145397,0.379329,3.24381,0.161596,0.446195,1.77396,0.159177,1.15e+07,4.49998e+06,6.79999e+06,1.15e+07,4.49997e+06,6.79999e+06,1.15e+07,4.49996e+06,6.79999e+06,1.15e+07,4.49995e+06,6.79999e+06,1.14999e+07,4.49993e+06,6.79999e+06,1.14999e+07,4.49991e+06,6.79999e+06,1.14999e+07,4.49989e+06,6.79999e+06,1.14999e+07,4.49986e+06,6.79999e+06,1.14999e+07,4.49982e+06,6.79999e+06,1.14999e+07,4.49977e+06,6.79999e+06,1.14999e+07,4.49971e+06,6.79999e+06,1.14999e+07,4.49963e+06,6.79999e+06,1.14998e+07,4.49953e+06,6.79999e+06,1.14998e+07,4.49941e+06,6.79999e+06,1.14998e+07,4.49926e+06,6.79999e+06,1.14998e+07,4.49906e+06,6.79999e+06,1.14997e+07,4.49882e+06,6.79999e+06,1.14997e+07,4.49851e+06,6.79999e+06,1.14997e+07,4.49812e+06,6.79999e+06,1.14996e+07,4.49764e+06,6.79999e+06,1.14996e+07,4.49702e+06,6.79999e+06,1.14995e+07,4.49625e+06,6.79999e+06,1.14995e+07,4.49528e+06,6.79999e+06,1.14994e+07,4.49406e+06,6.79999e+06,1.14993e+07,4.49253e+06,6.79999e+06,1.14992e+07,4.49059e+06,6.79999e+06,1.14991e+07,4.48817e+06,6.79999e+06,1.1499e+07,4.48511e+06,6.79999e+06,1.14988e+07,4.48128e+06,6.79999e+06,1.14987e+07,4.47646e+06,6.79999e+06,1.14985e+07,4.47041e+06,6.79999e+06,1.14983e+07,4.46281e+06,6.79999e+06,1.14981e+07,4.4533e+06,6.79999e+06,1.14979e+07,4.44138e+06,6.79999e+06,1.14976e+07,4.42649e+06,6.79999e+06,1.14972e+07,4.40789e+06,6.79999e+06,1.14969e+07,4.38471e+06,6.79999e+06,1.14965e+07,4.35592e+06,6.79999e+06,1.1496e+07,4.32027e+06,6.79999e+06,1.14955e+07,4.27629e+06,6.79999e+06,1.14949e+07,4.22231e+06,6.79999e+06,1.14942e+07,4.15647e+06,6.79999e+06,1.14934e+07,4.07676e+06,6.79999e+06,1.14926e+07,3.98112e+06,6.79999e+06,1.14916e+07,3.86765e+06,6.79999e+06,1.14905e+07,3.73474e+06,6.79999e+06,1.14892e+07,3.58148e+06,6.79999e+06,1.14878e+07,3.40785e+06,6.79999e+06,1.14862e+07,3.21513e+06,6.79999e+06,1.14844e+07,3.00605e+06,6.79999e+06,1.14823e+07,2.7848e+06,6.79999e+06,1.148e+07,2.5568e+06,6.79999e+06,1.14773e+07,2.32825e+06,6.79999e+06,13.5742,8.52444,0.508366,16.8306,13.2585,0.162638,20.0035,17.569,0.0507846,23.2616,22.4214,0.0158319,26.7328,28.3297,0.00493498,30.5212,35.6974,0.00153831,34.7178,44.9473,0.000479527,39.4086,56.5822,0.000149456,44.6796,71.2245,4.66214e-05,50.6209,89.6543,1.45419e-05,57.3297,112.852,4.54748e-06,64.9129,142.051,1.43857e-06,73.4897,178.803,4.36618e-07,83.1934,225.062,1.40153e-07,94.1745,283.286,4.96378e-08,106.602,356.568,1.05434e-07,120.669,448.799,-6.49244e-08,136.59,564.873,1.70148e-07,154.611,710.948,-5.34594e-08,175.008,894.767,1.63407e-07,198.097,1126.06,8.04804e-08,224.231,1417.07,1.14667e-07,253.813,1783.15,-1.71227e-07,287.297,2243.62,-2.88466e-07,325.198,2822.67,-4.33651e-07,368.098,3550.67,7.9318e-08,416.657,4465.65,3.13319e-07,471.621,5615.16,3.4613e-07,533.835,7058.61,-1.19199e-07,604.255,8870.02,-2.79964e-07,683.962,11141.4,-2.30521e-07,774.182,13986.7,-2.55099e-07,876.299,17546.4,1.23585e-07,991.883,21993.1,1.41192e-07,1122.71,27536.7,-9.71886e-08,1270.78,34430.7,-3.68368e-07,1438.38,42977.7,-3.45379e-07,1628.07,53532.7,-3.25328e-09,1842.77,66504.6,2.6362e-07,2085.77,82350.2,2.53445e-07,2360.79,101560,-2.47407e-08,2672.05,124632,-3.80602e-07,3024.31,152018,-4.79005e-07,3422.98,184060,-1.14379e-07,3874.15,220884,2.64297e-07,4384.72,262283,3.44131e-07,4962.49,307576,7.5349e-08,5616.29,355497,-3.63097e-07,6356.1,404126,-6.05442e-07,7193.18,450932,-2.72333e-07,8140.28,492963,2.29675e-07,9211.79,527178,4.3387e-07,10424,550893,-1.0711e-07,10.102,8.06553,2.81012,10.6436,8.57909,0.869423,11.5336,10.2515,0.270869,12.7211,12.7138,0.0844293,14.1823,15.9373,0.0263173,15.9122,20.0383,0.0082035,17.9198,25.2154,0.00255722,20.2244,31.7373,0.000797017,22.8539,39.9486,0.000248622,25.8438,50.2851,7.75492e-05,29.237,63.2963,2.42508e-05,33.0837,79.6738,7.67162e-06,37.4415,100.288,2.32837e-06,42.3767,126.236,7.33e-07,47.9646,158.896,2.79256e-07,54.2906,200.003,9.87351e-09,61.452,251.741,1.61085e-07,69.5585,316.859,-2.47141e-07,78.7347,398.812,8.93552e-08,89.1218,501.948,-2.53231e-07,100.879,631.736,-1.25047e-07,114.188,795.049,-1.78808e-07,129.252,1000.53,2.6733e-07,146.304,1259.03,4.50292e-07,165.605,1584.19,6.76904e-07,187.452,1993.12,-1.23808e-07,212.181,2507.27,-4.89068e-07,240.173,3153.54,-5.40284e-07,271.856,3965.56,1.86061e-07,307.719,4985.38,4.37004e-07,348.313,6265.4,3.59828e-07,394.26,7870.83,3.98192e-07,446.268,9882.51,-1.92908e-07,505.135,12400.3,-2.20392e-07,571.766,15546.9,1.51705e-07,647.184,19472.2,5.74996e-07,732.547,24357.4,5.39112e-07,829.167,30420,5.07815e-09,938.526,37916.3,-4.11492e-07,1062.3,47143.9,-3.9561e-07,1202.4,58439.2,3.86185e-08,1360.96,72169.3,5.94093e-07,1540.42,88715.8,7.47693e-07,1743.53,108445,1.78537e-07,1973.41,131665,-4.12549e-07,2233.57,158557,-5.37164e-07,2528,189103,-1.17615e-07,2861.2,222986,5.66769e-07,3238.27,259510,9.45053e-07,3664.97,297540,4.25093e-07,4147.81,335497,-3.58506e-07,4694.17,371444,-6.7724e-07,5312.37,403256,1.67192e-07,1.61744,3.89446,9.84394,3.28846,7.5504,12.774,5.07607,11.7187,13.6844,7.03202,16.8147,13.9681,9.20215,23.1769,14.0566,11.6301,31.1672,14.0841,14.3598,41.2186,14.0927,17.4376,53.8688,14.0954,20.9137,69.7915,14.0962,24.8432,89.8341,14.0965,29.2879,115.063,14.0966,34.3168,146.819,14.0966,40.0078,186.792,14.0966,46.4487,237.107,14.0966,53.7388,300.44,14.0966,61.9903,380.158,14.0966,71.3301,480.499,14.0966,81.902,606.796,14.0966,93.8685,765.761,14.0966,107.414,965.837,14.0966,122.746,1217.65,14.0966,140.101,1534.57,14.0966,159.745,1933.41,14.0966,181.981,2435.3,14.0966,207.15,3066.85,14.0966,235.64,3861.46,14.0966,267.889,4861.11,14.0966,304.391,6118.54,14.0966,345.709,7699.91,14.0966,392.478,9688.22,14.0966,445.417,12187.5,14.0966,505.339,15327.7,14.0966,573.165,19271.6,14.0966,649.938,24222,14.0966,736.839,30430.9,14.0966,835.202,38211.5,14.0966,946.539,47950.3,14.0966,1072.56,60122.8,14.0966,1215.21,75309.9,14.0966,1376.66,94216.2,14.0966,1559.41,117688,14.0966,1766.26,146729,14.0966,2000.39,182510,14.0966,2265.39,226372,14.0966,2565.33,279806,14.0966,2904.81,344416,14.0966,3289.05,421845,14.0966,3723.93,513667,14.0966,4216.13,621231,14.0966,4773.18,745478,14.0966,5403.64,886744,14.0966,6117.15,1.04457e+06,14.0966,6924.63,1.2176e+06,14.0966,11.7194,11.96,12.6541,13.9321,16.1295,13.6434,16.6097,21.9702,13.9553,19.7532,29.5285,14.0526,23.3844,39.1143,14.0829,27.5423,51.2054,14.0923,32.2796,66.434,14.0953,37.662,85.6061,14.0962,43.7675,109.74,14.0965,50.687,140.119,14.0966,58.5249,178.359,14.0966,67.4005,226.493,14.0966,77.4493,287.08,14.0966,88.8254,363.343,14.0966,101.703,459.336,14.0966,116.281,580.161,14.0966,132.782,732.241,14.0966,151.46,923.655,14.0966,172.603,1164.57,14.0966,196.535,1467.79,14.0966,223.625,1849.39,14.0966,254.288,2329.62,14.0966,288.997,2933.93,14.0966,328.285,3694.33,14.0966,372.755,4651.04,14.0966,423.092,5854.57,14.0966,480.07,7368.38,14.0966,544.564,9272.08,14.0966,617.566,11665.5,14.0966,700.197,14673.6,14.0966,793.729,18452.9,14.0966,899.599,23198.6,14.0966,1019.43,29154.1,14.0966,1155.07,36622.3,14.0966,1308.6,45977.9,14.0966,1482.39,57683.7,14.0966,1679.09,72307.8,14.0966,1901.73,90542.8,14.0966,2153.73,113226,14.0966,2438.97,141360,14.0966,2761.81,176127,14.0966,3127.22,218898,14.0966,3540.81,271226,14.0966,4008.92,334817,14.0966,4538.74,411470,14.0966,5138.38,502973,14.0966,5817.04,610948,14.0966,6585.12,736653,14.0966,7454.39,880741,14.0966,8438.15,1.04302e+06,14.0966,9551.45,1.22224e+06,14.0966,10811.3,1.41602e+06,14.0966,12237,1.62086e+06,14.0966,11.7194,11.96,12.6541,2.21263,4.16949,0.989383,2.67766,5.84076,0.311842,3.14343,7.55825,0.0972771,3.63127,9.58578,0.0303237,4.15787,12.0912,0.00945211,4.73731,15.2286,0.00294633,5.38238,19.1721,0.000918508,6.10553,24.134,0.000286163,6.91951,30.3791,8.92692e-05,7.83792,38.2397,2.78121e-05,8.87555,48.1338,8.65134e-06,10.0489,60.5876,2.7882e-06,11.3761,76.2629,8.29036e-07,12.8779,95.9927,2.4373e-07,14.5775,120.825,4.33068e-09,16.5012,152.08,1.75749e-07,18.6784,191.415,-1.86328e-07,21.1428,240.917,1.91829e-07,23.9322,303.213,-1.81475e-07,27.0895,381.602,7.0186e-08,30.6634,480.231,-2.86769e-08,34.7087,604.316,2.40784e-07,39.2876,760.401,9.87368e-08,44.4705,956.705,1.22263e-07,50.3371,1203.54,-4.31966e-07,56.9776,1513.81,-1.9705e-07,64.494,1903.69,-2.763e-08,73.0018,2393.4,3.9185e-07,82.6317,3008.13,1.35379e-07,93.5318,3779.25,-4.16351e-08,105.869,4745.7,2.06965e-08,119.834,5955.6,-3.18887e-07,135.641,7468.12,-1.48271e-08,153.531,9355.62,2.00739e-07,173.781,11705.8,2.28358e-07,196.701,14624.1,-1.93587e-08,222.642,18235,-2.88101e-07,252.003,22683.4,-2.24732e-07,285.234,28134,8.56806e-09,322.845,34767,2.34258e-07,365.413,42770.9,2.99668e-07,413.588,52327.9,8.28644e-08,468.111,63591.2,-3.07049e-07,529.814,76653.2,-3.1888e-07,599.642,91502.5,-6.72276e-08,678.662,107975,2.26339e-07,768.083,125705,3.69212e-07,869.267,144088,2.04077e-07,983.76,162277,-2.80509e-07,1113.3,179223,-4.22737e-07,1259.87,193777,-1.71951e-07,1425.68,204839,4.55555e-07,11.7194,11.96,12.6541,2.21263,4.16949,0.989383,2.67766,5.84076,0.311842,3.14343,7.55825,0.0972771,3.63127,9.58578,0.0303237,4.15787,12.0912,0.00945211,4.73731,15.2286,0.00294633,5.38238,19.1721,0.000918508,6.10553,24.134,0.000286163,6.91951,30.3791,8.92692e-05,7.83792,38.2397,2.78121e-05,8.87555,48.1338,8.65134e-06,10.0489,60.5876,2.7882e-06,11.3761,76.2629,8.29036e-07,12.8779,95.9927,2.4373e-07,14.5775,120.825,1e-08,16.5012,152.08,1.75749e-07,18.6784,191.415,1e-08,21.1428,240.917,1.91829e-07,23.9322,303.213,1e-08,27.0895,381.602,7.0186e-08,30.6634,480.231,1e-08,34.7087,604.316,2.40784e-07,39.2876,760.401,9.87368e-08,44.4705,956.705,1.22263e-07,50.3371,1203.54,1e-08,56.9776,1513.81,1e-08,64.494,1903.69,1e-08,73.0018,2393.4,3.9185e-07,82.6317,3008.13,1.35379e-07,93.5318,3779.25,1e-08,105.869,4745.7,2.06965e-08,119.834,5955.6,1e-08,135.641,7468.12,1e-08,153.531,9355.62,2.00739e-07,173.781,11705.8,2.28358e-07,196.701,14624.1,1e-08,222.642,18235,1e-08,252.003,22683.4,1e-08,285.234,28134,1e-08,322.845,34767,2.34258e-07,365.413,42770.9,2.99668e-07,413.588,52327.9,8.28644e-08,468.111,63591.2,1e-08,529.814,76653.2,1e-08,599.642,91502.5,1e-08,678.662,107975,2.26339e-07,768.083,125705,3.69212e-07,869.267,144088,2.04077e-07,983.76,162277,1e-08,1113.3,179223,1e-08,1259.87,193777,1e-08,1425.68,204839,4.55555e-07,6.2823,3.27286,2.43537,0.219672,6.18826,2.24117,0.56371,6.87772,2.63624,0.308279,13,15,6,0,4,1,2,6,0,1,14,0,3,5,0,0,10,0,2,10,0,4,25,0,5,13,0,9,17,0,11,51,0,6,39,0,3,42,0,5,155,0,10,137,0,19,92,0,7,139,0,20,111,0,11,338,0,15,216,0,18,463,0,22,867,0,28,241,0,27,404,0,28,729,0,78,982,0,73,1749,0,56,963,0,81,2498,0,79,3648,0,136,2219,0,123,5468,0,83,4776,0,64,8111,0,117,12903,0,226,14846,0,176,9207,0,110,22232,0,109,20978,0,470,48685,0,179,35313,0,513,36180,0,331,56776,0,269,79890,0,280,38179,0,301,87771,0,957,63081,0,573,202593,0,541,93457,0,811,175585,0,1013,259624,0,1290,258826,0,1691,281365,0
-1.05176e+08,1,8.88811e-15,10,1023,0,1.05176e+08,0.528882,1.08665,0.389689,0.145397,0.379329,3.24381,0.161596,0.446195,1.77396,0.159177,1.15e+07,4.49998e+06,6.79999e+06,1.15e+07,4.49997e+06,6.79999e+06,1.15e+07,4.49996e+06,6.79999e+06,1.15e+07,4.49995e+06,6.79999e+06,1.14999e+07,4.49993e+06,6.79999e+06,1.14999e+07,4.49991e+06,6.79999e+06,1.14999e+07,4.49989e+06,6.79999e+06,1.14999e+07,4.49986e+06,6.79999e+06,1.14999e+07,4.49982e+06,6.79999e+06,1.14999e+07,4.49977e+06,6.79999e+06,1.14999e+07,4.49971e+06,6.79999e+06,1.14999e+07,4.49963e+06,6.79999e+06,1.14998e+07,4.49953e+06,6.79999e+06,1.14998e+07,4.49941e+06,6.79999e+06,1.14998e+07,4.49926e+06,6.79999e+06,1.14998e+07,4.49906e+06,6.79999e+06,1.14997e+07,4.49882e+06,6.79999e+06,1.14997e+07,4.49851e+06,6.79999e+06,1.14997e+07,4.49812e+06,6.79999e+06,1.14996e+07,4.49764e+06,6.79999e+06,1.14996e+07,4.49702e+06,6.79999e+06,1.14995e+07,4.49625e+06,6.79999e+06,1.14995e+07,4.49528e+06,6.79999e+06,1.14994e+07,4.49406e+06,6.79999e+06,1.14993e+07,4.49253e+06,6.79999e+06,1.14992e+07,4.49059e+06,6.79999e+06,1.14991e+07,4.48817e+06,6.79999e+06,1.1499e+07,4.48511e+06,6.79999e+06,1.14988e+07,4.48128e+06,6.79999e+06,1.14987e+07,4.47646e+06,6.79999e+06,1.14985e+07,4.47041e+06,6.79999e+06,1.14983e+07,4.46281e+06,6.79999e+06,1.14981e+07,4.4533e+06,6.79999e+06,1.14979e+07,4.44138e+06,6.79999e+06,1.14976e+07,4.42649e+06,6.79999e+06,1.14972e+07,4.40789e+06,6.79999e+06,1.14969e+07,4.38471e+06,6.79999e+06,1.14965e+07,4.35592e+06,6.79999e+06,1.1496e+07,4.32027e+06,6.79999e+06,1.14955e+07,4.27629e+06,6.79999e+06,1.14949e+07,4.22231e+06,6.79999e+06,1.14942e+07,4.15647e+06,6.79999e+06,1.14934e+07,4.07676e+06,6.79999e+06,1.14926e+07,3.98112e+06,6.79999e+06,1.14916e+07,3.86765e+06,6.79999e+06,1.14905e+07,3.73474e+06,6.79999e+06,1.14892e+07,3.58148e+06,6.79999e+06,1.14878e+07,3.40785e+06,6.79999e+06,1.14862e+07,3.21513e+06,6.79999e+06,1.14844e+07,3.00605e+06,6.79999e+06,1.14823e+07,2.7848e+06,6.79999e+06,1.148e+07,2.5568e+06,6.79999e+06,1.14773e+07,2.32825e+06,6.79999e+06,13.5742,8.52444,0.508366,16.8306,13.2585,0.162638,20.0035,17.569,0.0507846,23.2616,22.4214,0.0158319,26.7328,28.3297,0.00493498,30.5212,35.6974,0.00153831,34.7178,44.9473,0.000479527,39.4086,56.5822,0.000149456,44.6796,71.2245,4.66214e-05,50.6209,89.6543,1.45419e-05,57.3297,112.852,4.54748e-06,64.9129,142.051,1.43857e-06,73.4897,178.803,4.36618e-07,83.1934,225.062,1.40153e-07,94.1745,283.286,4.96378e-08,106.602,356.568,1.05434e-07,120.669,448.799,-6.49244e-08,136.59,564.873,1.70148e-07,154.611,710.948,-5.34594e-08,175.008,894.767,1.63407e-07,198.097,1126.06,8.04804e-08,224.231,1417.07,1.14667e-07,253.813,1783.15,-1.71227e-07,287.297,2243.62,-2.88466e-07,325.198,2822.67,-4.33651e-07,368.098,3550.67,7.9318e-08,416.657,4465.65,3.13319e-07,471.621,5615.16,3.4613e-07,533.835,7058.61,-1.19199e-07,604.255,8870.02,-2.79964e-07,683.962,11141.4,-2.30521e-07,774.182,13986.7,-2.55099e-07,876.299,17546.4,1.23585e-07,991.883,21993.1,1.41192e-07,1122.71,27536.7,-9.71886e-08,1270.78,34430.7,-3.68368e-07,1438.38,42977.7,-3.45379e-07,1628.07,53532.7,-3.25328e-09,1842.77,66504.6,2.6362e-07,2085.77,82350.2,2.53445e-07,2360.79,101560,-2.47407e-08,2672.05,124632,-3.80602e-07,3024.31,152018,-4.79005e-07,3422.98,184060,-1.14379e-07,3874.15,220884,2.64297e-07,4384.72,262283,3.44131e-07,4962.49,307576,7.5349e-08,5616.29,355497,-3.63097e-07,6356.1,404126,-6.05442e-07,7193.18,450932,-2.72333e-07,8140.28,492963,2.29675e-07,9211.79,527178,4.3387e-07,10424,550893,-1.0711e-07,10.102,8.06553,2.81012,10.6436,8.57909,0.869423,11.5336,10.2515,0.270869,12.7211,12.7138,0.0844293,14.1823,15.9373,0.0263173,15.9122,20.0383,0.0082035,17.9198,25.2154,0.00255722,20.2244,31.7373,0.000797017,22.8539,39.9486,0.000248622,25.8438,50.2851,7.75492e-05,29.237,63.2963,2.42508e-05,33.0837,79.6738,7.67162e-06,37.4415,100.288,2.32837e-06,42.3767,126.236,7.33e-07,47.9646,158.896,2.79256e-07,54.2906,200.003,9.87351e-09,61.452,251.741,1.61085e-07,69.5585,316.859,-2.47141e-07,78.7347,398.812,8.93552e-08,89.1218,501.948,-2.53231e-07,100.879,631.736,-1.25047e-07,114.188,795.049,-1.78808e-07,129.252,1000.53,2.6733e-07,146.304,1259.03,4.50292e-07,165.605,1584.19,6.76904e-07,187.452,1993.12,-1.23808e-07,212.181,2507.27,-4.89068e-07,240.173,3153.54,-5.40284e-07,271.856,3965.56,1.86061e-07,307.719,4985.38,4.37004e-07,348.313,6265.4,3.59828e-07,394.26,7870.83,3.98192e-07,446.268,9882.51,-1.92908e-07,505.135,12400.3,-2.20392e-07,571.766,15546.9,1.51705e-07,647.184,19472.2,5.74996e-07,732.547,24357.4,5.39112e-07,829.167,30420,5.07815e-09,938.526,37916.3,-4.11492e-07,1062.3,47143.9,-3.9561e-07,1202.4,58439.2,3.86185e-08,1360.96,72169.3,5.94093e-07,1540.42,88715.8,7.47693e-07,1743.53,108445,1.78537e-07,1973.41,131665,-4.12549e-07,2233.57,158557,-5.37164e-07,2528,189103,-1.17615e-07,2861.2,222986,5.66769e-07,3238.27,259510,9.45053e-07,3664.97,297540,4.25093e-07,4147.81,335497,-3.58506e-07,4694.17,371444,-6.7724e-07,5312.37,403256,1.67192e-07,1.61744,3.89446,9.84394,3.28846,7.5504,12.774,5.07607,11.7187,13.6844,7.03202,16.8147,13.9681,9.20215,23.1769,14.0566,11.6301,31.1672,14.0841,14.3598,41.2186,14.0927,17.4376,53.8688,14.0954,20.9137,69.7915,14.0962,24.8432,89.8341,14.0965,29.2879,115.063,14.0966,34.3168,146.819,14.0966,40.0078,186.792,14.0966,46.4487,237.107,14.0966,53.7388,300.44,14.0966,61.9903,380.158,14.0966,71.3301,480.499,14.0966,81.902,606.796,14.0966,93.8685,765.761,14.0966,107.414,965.837,14.0966,122.746,1217.65,14.0966,140.101,1534.57,14.0966,159.745,1933.41,14.0966,181.981,2435.3,14.0966,207.15,3066.85,14.0966,235.64,3861.46,14.0966,267.889,4861.11,14.0966,304.391,6118.54,14.0966,345.709,7699.91,14.0966,392.478,9688.22,14.0966,445.417,12187.5,14.0966,505.339,15327.7,14.0966,573.165,19271.6,14.0966,649.938,24222,14.0966,736.839,30430.9,14.0966,835.202,38211.5,14.0966,946.539,47950.3,14.0966,1072.56,60122.8,14.0966,1215.21,75309.9,14.0966,1376.66,94216.2,14.0966,1559.41,117688,14.0966,1766.26,146729,14.0966,2000.39,182510,14.0966,2265.39,226372,14.0966,2565.33,279806,14.0966,2904.81,344416,14.0966,3289.05,421845,14.0966,3723.93,513667,14.0966,4216.13,621231,14.0966,4773.18,745478,14.0966,5403.64,886744,14.0966,6117.15,1.04457e+06,14.0966,6924.63,1.2176e+06,14.0966,11.7194,11.96,12.6541,13.9321,16.1295,13.6434,16.6097,21.9702,13.9553,19.7532,29.5285,14.0526,23.3844,39.1143,14.0829,27.5423,51.2054,14.0923,32.2796,66.434,14.0953,37.662,85.6061,14.0962,43.7675,109.74,14.0965,50.687,140.119,14.0966,58.5249,178.359,14.0966,67.4005,226.493,14.0966,77.4493,287.08,14.0966,88.8254,363.343,14.0966,101.703,459.336,14.0966,116.281,580.161,14.0966,132.782,732.241,14.0966,151.46,923.655,14.0966,172.603,1164.57,14.0966,196.535,1467.79,14.0966,223.625,1849.39,14.0966,254.288,2329.62,14.0966,288.997,2933.93,14.0966,328.285,3694.33,14.0966,372.755,4651.04,14.0966,423.092,5854.57,14.0966,480.07,7368.38,14.0966,544.564,9272.08,14.0966,617.566,11665.5,14.0966,700.197,14673.6,14.0966,793.729,18452.9,14.0966,899.599,23198.6,14.0966,1019.43,29154.1,14.0966,1155.07,36622.3,14.0966,1308.6,45977.9,14.0966,1482.39,57683.7,14.0966,1679.09,72307.8,14.0966,1901.73,90542.8,14.0966,2153.73,113226,14.0966,2438.97,141360,14.0966,2761.81,176127,14.0966,3127.22,218898,14.0966,3540.81,271226,14.0966,4008.92,334817,14.0966,4538.74,411470,14.0966,5138.38,502973,14.0966,5817.04,610948,14.0966,6585.12,736653,14.0966,7454.39,880741,14.0966,8438.15,1.04302e+06,14.0966,9551.45,1.22224e+06,14.0966,10811.3,1.41602e+06,14.0966,12237,1.62086e+06,14.0966,11.7194,11.96,12.6541,2.21263,4.16949,0.989383,2.67766,5.84076,0.311842,3.14343,7.55825,0.0972771,3.63127,9.58578,0.0303237,4.15787,12.0912,0.00945211,4.73731,15.2286,0.00294633,5.38238,19.1721,0.000918508,6.10553,24.134,0.000286163,6.91951,30.3791,8.92692e-05,7.83792,38.2397,2.78121e-05,8.87555,48.1338,8.65134e-06,10.0489,60.5876,2.7882e-06,11.3761,76.2629,8.29036e-07,12.8779,95.9927,2.4373e-07,14.5775,120.825,4.33068e-09,16.5012,152.08,1.75749e-07,18.6784,191.415,-1.86328e-07,21.1428,240.917,1.91829e-07,23.9322,303.213,-1.81475e-07,27.0895,381.602,7.0186e-08,30.6634,480.231,-2.86769e-08,34.7087,604.316,2.40784e-07,39.2876,760.401,9.87368e-08,44.4705,956.705,1.22263e-07,50.3371,1203.54,-4.31966e-07,56.9776,1513.81,-1.9705e-07,64.494,1903.69,-2.763e-08,73.0018,2393.4,3.9185e-07,82.6317,3008.13,1.35379e-07,93.5318,3779.25,-4.16351e-08,105.869,4745.7,2.06965e-08,119.834,5955.6,-3.18887e-07,135.641,7468.12,-1.48271e-08,153.531,9355.62,2.00739e-07,173.781,11705.8,2.28358e-07,196.701,14624.1,-1.93587e-08,222.642,18235,-2.88101e-07,252.003,22683.4,-2.24732e-07,285.234,28134,8.56806e-09,322.845,34767,2.34258e-07,365.413,42770.9,2.99668e-07,413.588,52327.9,8.28644e-08,468.111,63591.2,-3.07049e-07,529.814,76653.2,-3.1888e-07,599.642,91502.5,-6.72276e-08,678.662,107975,2.26339e-07,768.083,125705,3.69212e-07,869.267,144088,2.04077e-07,983.76,162277,-2.80509e-07,1113.3,179223,-4.22737e-07,1259.87,193777,-1.71951e-07,1425.68,204839,4.55555e-07,11.7194,11.96,12.6541,2.21263,4.16949,0.989383,2.67766,5.84076,0.311842,3.14343,7.55825,0.0972771,3.63127,9.58578,0.0303237,4.15787,12.0912,0.00945211,4.73731,15.2286,0.00294633,5.38238,19.1721,0.000918508,6.10553,24.134,0.000286163,6.91951,30.3791,8.92692e-05,7.83792,38.2397,2.78121e-05,8.87555,48.1338,8.65134e-06,10.0489,60.5876,2.7882e-06,11.3761,76.2629,8.29036e-07,12.8779,95.9927,2.4373e-07,14.5775,120.825,1e-08,16.5012,152.08,1.75749e-07,18.6784,191.415,1e-08,21.1428,240.917,1.91829e-07,23.9322,303.213,1e-08,27.0895,381.602,7.0186e-08,30.6634,480.231,1e-08,34.7087,604.316,2.40784e-07,39.2876,760.401,9.87368e-08,44.4705,956.705,1.22263e-07,50.3371,1203.54,1e-08,56.9776,1513.81,1e-08,64.494,1903.69,1e-08,73.0018,2393.4,3.9185e-07,82.6317,3008.13,1.35379e-07,93.5318,3779.25,1e-08,105.869,4745.7,2.06965e-08,119.834,5955.6,1e-08,135.641,7468.12,1e-08,153.531,9355.62,2.00739e-07,173.781,11705.8,2.28358e-07,196.701,14624.1,1e-08,222.642,18235,1e-08,252.003,22683.4,1e-08,285.234,28134,1e-08,322.845,34767,2.34258e-07,365.413,42770.9,2.99668e-07,413.588,52327.9,8.28644e-08,468.111,63591.2,1e-08,529.814,76653.2,1e-08,599.642,91502.5,1e-08,678.662,107975,2.26339e-07,768.083,125705,3.69212e-07,869.267,144088,2.04077e-07,983.76,162277,1e-08,1113.3,179223,1e-08,1259.87,193777,1e-08,1425.68,204839,4.55555e-07,6.2823,3.27286,2.43537,0.219672,6.18826,2.24117,0.56371,6.87772,2.63624,0.308279,7,11,10,1,2,1,4,12,0,3,3,0,2,12,0,4,20,0,4,20,0,12,25,0,7,14,0,13,26,0,6,41,0,9,44,0,5,41,0,8,76,0,19,178,0,6,146,0,15,74,0,37,152,0,29,154,0,15,306,0,43,563,0,25,689,0,24,462,0,42,1079,0,28,699,0,49,898,0,67,716,0,47,2416,0,74,1832,0,62,4047,0,103,3780,0,164,2440,0,143,4124,0,145,3188,0,111,10007,0,253,6951,0,232,18481,0,211,22972,0,174,31878,0,418,26028,0,574,30927,0,237,39153,0,679,29794,0,578,53620,0,630,44201,0,721,66342,0,514,71077,0,366,48527,0,779,252912,0,1157,93003,0,1079,118096,0,1887,126083,0,2014,151839,0
-1.05176e+08,1,8.88811e-15,10,1023,0,1.05176e+08,0.528882,1.08665,0.389689,0.145397,0.379329,3.24381,0.161596,0.446195,1.77396,0.159177,1.15e+07,4.49998e+06,6.79999e+06,1.15e+07,4.49997e+06,6.79999e+06,1.15e+07,4.49996e+06,6.79999e+06,1.15e+07,4.49995e+06,6.79999e+06,1.14999e+07,4.49993e+06,6.79999e+06,1.14999e+07,4.49991e+06,6.79999e+06,1.14999e+07,4.49989e+06,6.79999e+06,1.14999e+07,4.49986e+06,6.79999e+06,1.14999e+07,4.49982e+06,6.79999e+06,1.14999e+07,4.49977e+06,6.79999e+06,1.14999e+07,4.49971e+06,6.79999e+06,1.14999e+07,4.49963e+06,6.79999e+06,1.14998e+07,4.49953e+06,6.79999e+06,1.14998e+07,4.49941e+06,6.79999e+06,1.14998e+07,4.49926e+06,6.79999e+06,1.14998e+07,4.49906e+06,6.79999e+06,1.14997e+07,4.49882e+06,6.79999e+06,1.14997e+07,4.49851e+06,6.79999e+06,1.14997e+07,4.49812e+06,6.79999e+06,1.14996e+07,4.49764e+06,6.79999e+06,1.14996e+07,4.49702e+06,6.79999e+06,1.14995e+07,4.49625e+06,6.79999e+06,1.14995e+07,4.49528e+06,6.79999e+06,1.14994e+07,4.49406e+06,6.79999e+06,1.14993e+07,4.49253e+06,6.79999e+06,1.14992e+07,4.49059e+06,6.79999e+06,1.14991e+07,4.48817e+06,6.79999e+06,1.1499e+07,4.48511e+06,6.79999e+06,1.14988e+07,4.48128e+06,6.79999e+06,1.14987e+07,4.47646e+06,6.79999e+06,1.14985e+07,4.47041e+06,6.79999e+06,1.14983e+07,4.46281e+06,6.79999e+06,1.14981e+07,4.4533e+06,6.79999e+06,1.14979e+07,4.44138e+06,6.79999e+06,1.14976e+07,4.42649e+06,6.79999e+06,1.14972e+07,4.40789e+06,6.79999e+06,1.14969e+07,4.38471e+06,6.79999e+06,1.14965e+07,4.35592e+06,6.79999e+06,1.1496e+07,4.32027e+06,6.79999e+06,1.14955e+07,4.27629e+06,6.79999e+06,1.14949e+07,4.22231e+06,6.79999e+06,1.14942e+07,4.15647e+06,6.79999e+06,1.14934e+07,4.07676e+06,6.79999e+06,1.14926e+07,3.98112e+06,6.79999e+06,1.14916e+07,3.86765e+06,6.79999e+06,1.14905e+07,3.73474e+06,6.79999e+06,1.14892e+07,3.58148e+06,6.79999e+06,1.14878e+07,3.40785e+06,6.79999e+06,1.14862e+07,3.21513e+06,6.79999e+06,1.14844e+07,3.00605e+06,6.79999e+06,1.14823e+07,2.7848e+06,6.79999e+06,1.148e+07,2.5568e+06,6.79999e+06,1.14773e+07,2.32825e+06,6.79999e+06,13.5742,8.52444,0.508366,16.8306,13.2585,0.162638,20.0035,17.569,0.0507846,23.2616,22.4214,0.0158319,26.7328,28.3297,0.00493498,30.5212,35.6974,0.00153831,34.7178,44.9473,0.000479527,39.4086,56.5822,0.000149456,44.6796,71.2245,4.66214e-05,50.6209,89.6543,1.45419e-05,57.3297,112.852,4.54748e-06,64.9129,142.051,1.43857e-06,73.4897,178.803,4.36618e-07,83.1934,225.062,1.40153e-07,94.1745,283.286,4.96378e-08,106.602,356.568,1.05434e-07,120.669,448.799,-6.49244e-08,136.59,564.873,1.70148e-07,154.611,710.948,-5.34594e-08,175.008,894.767,1.63407e-07,198.097,1126.06,8.04804e-08,224.231,1417.07,1.14667e-07,253.813,1783.15,-1.71227e-07,287.297,2243.62,-2.88466e-07,325.198,2822.67,-4.33651e-07,368.098,3550.67,7.9318e-08,416.657,4465.65,3.13319e-07,471.621,5615.16,3.4613e-07,533.835,7058.61,-1.19199e-07,604.255,8870.02,-2.79964e-07,683.962,11141.4,-2.30521e-07,774.182,13986.7,-2.55099e-07,876.299,17546.4,1.23585e-07,991.883,21993.1,1.41192e-07,1122.71,27536.7,-9.71886e-08,1270.78,34430.7,-3.68368e-07,1438.38,42977.7,-3.45379e-07,1628.07,53532.7,-3.25328e-09,1842.77,66504.6,2.6362e-07,2085.77,82350.2,2.53445e-07,2360.79,101560,-2.47407e-08,2672.05,124632,-3.80602e-07,3024.31,152018,-4.79005e-07,3422.98,184060,-1.14379e-07,3874.15,220884,2.64297e-07,4384.72,262283,3.44131e-07,4962.49,307576,7.5349e-08,5616.29,355497,-3.63097e-07,6356.1,404126,-6.05442e-07,7193.18,450932,-2.72333e-07,8140.28,492963,2.29675e-07,9211.79,527178,4.3387e-07,10424,550893,-1.0711e-07,10.102,8.06553,2.81012,10.6436,8.57909,0.869423,11.5336,10.2515,0.270869,12.7211,12.7138,0.0844293,14.1823,15.9373,0.0263173,15.9122,20.0383,0.0082035,17.9198,25.2154,0.00255722,20.2244,31.7373,0.000797017,22.8539,39.9486,0.000248622,25.8438,50.2851,7.75492e-05,29.237,63.2963,2.42508e-05,33.0837,79.6738,7.67162e-06,37.4415,100.288,2.32837e-06,42.3767,126.236,7.33e-07,47.9646,158.896,2.79256e-07,54.2906,200.003,9.87351e-09,61.452,251.741,1.61085e-07,69.5585,316.859,-2.47141e-07,78.7347,398.812,8.93552e-08,89.1218,501.948,-2.53231e-07,100.879,631.736,-1.25047e-07,114.188,795.049,-1.78808e-07,129.252,1000.53,2.6733e-07,146.304,1259.03,4.50292e-07,165.605,1584.19,6.76904e-07,187.452,1993.12,-1.23808e-07,212.181,2507.27,-4.89068e-07,240.173,3153.54,-5.40284e-07,271.856,3965.56,1.86061e-07,307.719,4985.38,4.37004e-07,348.313,6265.4,3.59828e-07,394.26,7870.83,3.98192e-07,446.268,9882.51,-1.92908e-07,505.135,12400.3,-2.20392e-07,571.766,15546.9,1.51705e-07,647.184,19472.2,5.74996e-07,732.547,24357.4,5.39112e-07,829.167,30420,5.07815e-09,938.526,37916.3,-4.11492e-07,1062.3,47143.9,-3.9561e-07,1202.4,58439.2,3.86185e-08,1360.96,72169.3,5.94093e-07,1540.42,88715.8,7.47693e-07,1743.53,108445,1.78537e-07,1973.41,131665,-4.12549e-07,2233.57,158557,-5.37164e-07,2528,189103,-1.17615e-07,2861.2,222986,5.66769e-07,3238.27,259510,9.45053e-07,3664.97,297540,4.25093e-07,4147.81,335497,-3.58506e-07,4694.17,371444,-6.7724e-07,5312.37,403256,1.67192e-07,1.61744,3.89446,9.84394,3.28846,7.5504,12.774,5.07607,11.7187,13.6844,7.03202,16.8147,13.9681,9.20215,23.1769,14.0566,11.6301,31.1672,14.0841,14.3598,41.2186,14.0927,17.4376,53.8688,14.0954,20.9137,69.7915,14.0962,24.8432,89.8341,14.0965,29.2879,115.063,14.0966,34.3168,146.819,14.0966,40.0078,186.792,14.0966,46.4487,237.107,14.0966,53.7388,300.44,14.0966,61.9903,380.158,14.0966,71.3301,480.499,14.0966,81.902,606.796,14.0966,93.8685,765.761,14.0966,107.414,965.837,14.0966,122.746,1217.65,14.0966,140.101,1534.57,14.0966,159.745,1933.41,14.0966,181.981,2435.3,14.0966,207.15,3066.85,14.0966,235.64,3861.46,14.0966,267.889,4861.11,14.0966,304.391,6118.54,14.0966,345.709,7699.91,14.0966,392.478,9688.22,14.0966,445.417,12187.5,14.0966,505.339,15327.7,14.0966,573.165,19271.6,14.0966,649.938,24222,14.0966,736.839,30430.9,14.0966,835.202,38211.5,14.0966,946.539,47950.3,14.0966,1072.56,60122.8,14.0966,1215.21,75309.9,14.0966,1376.66,94216.2,14.0966,1559.41,117688,14.0966,1766.26,146729,14.0966,2000.39,182510,14.0966,2265.39,226372,14.0966,2565.33,279806,14.0966,2904.81,344416,14.0966,3289.05,421845,14.0966,3723.93,513667,14.0966,4216.13,621231,14.0966,4773.18,745478,14.0966,5403.64,886744,14.0966,6117.15,1.04457e+06,14.0966,6924.63,1.2176e+06,14.0966,11.7194,11.96,12.6541,13.9321,16.1295,13.6434,16.6097,21.9702,13.9553,19.7532,29.5285,14.0526,23.3844,39.1143,14.0829,27.5423,51.2054,14.0923,32.2796,66.434,14.0953,37.662,85.6061,14.0962,43.7675,109.74,14.0965,50.687,140.119,14.0966,58.5249,178.359,14.0966,67.4005,226.493,14.0966,77.4493,287.08,14.0966,88.8254,363.343,14.0966,101.703,459.336,14.0966,116.281,580.161,14.0966,132.782,732.241,14.0966,151.46,923.655,14.0966,172.603,1164.57,14.0966,196.535,1467.79,14.0966,223.625,1849.39,14.0966,254.288,2329.62,14.0966,288.997,2933.93,14.0966,328.285,3694.33,14.0966,372.755,4651.04,14.0966,423.092,5854.57,14.0966,480.07,7368.38,14.0966,544.564,9272.08,14.0966,617.566,11665.5,14.0966,700.197,14673.6,14.0966,793.729,18452.9,14.0966,899.599,23198.6,14.0966,1019.43,29154.1,14.0966,1155.07,36622.3,14.0966,1308.6,45977.9,14.0966,1482.39,57683.7,14.0966,1679.09,72307.8,14.0966,1901.73,90542.8,14.0966,2153.73,113226,14.0966,2438.97,141360,14.0966,2761.81,176127,14.0966,3127.22,218898,14.0966,3540.81,271226,14.0966,4008.92,334817,14.0966,4538.74,411470,14.0966,5138.38,502973,14.0966,5817.04,610948,14.0966,6585.12,736653,14.0966,7454.39,880741,14.0966,8438.15,1.04302e+06,14.0966,9551.45,1.22224e+06,14.0966,10811.3,1.41602e+06,14.0966,12237,1.62086e+06,14.0966,11.7194,11.96,12.6541,2.21263,4.16949,0.989383,2.67766,5.84076,0.311842,3.14343,7.55825,0.0972771,3.63127,9.58578,0.0303237,4.15787,12.0912,0.00945211,4.73731,15.2286,0.00294633,5.38238,19.1721,0.000918508,6.10553,24.134,0.000286163,6.91951,30.3791,8.92692e-05,7.83792,38.2397,2.78121e-05,8.87555,48.1338,8.65134e-06,10.0489,60.5876,2.7882e-06,11.3761,76.2629,8.29036e-07,12.8779,95.9927,2.4373e-07,14.5775,120.825,4.33068e-09,16.5012,152.08,1.75749e-07,18.6784,191.415,-1.86328e-07,21.1428,240.917,1.91829e-07,23.9322,303.213,-1.81475e-07,27.0895,381.602,7.0186e-08,30.6634,480.231,-2.86769e-08,34.7087,604.316,2.40784e-07,39.2876,760.401,9.87368e-08,44.4705,956.705,1.22263e-07,50.3371,1203.54,-4.31966e-07,56.9776,1513.81,-1.9705e-07,64.494,1903.69,-2.763e-08,73.0018,2393.4,3.9185e-07,82.6317,3008.13,1.35379e-07,93.5318,3779.25,-4.16351e-08,105.869,4745.7,2.06965e-08,119.834,5955.6,-3.18887e-07,135.641,7468.12,-1.48271e-08,153.531,9355.62,2.00739e-07,173.781,11705.8,2.28358e-07,196.701,14624.1,-1.93587e-08,222.642,18235,-2.88101e-07,252.003,22683.4,-2.24732e-07,285.234,28134,8.56806e-09,322.845,34767,2.34258e-07,365.413,42770.9,2.99668e-07,413.588,52327.9,8.28644e-08,468.111,63591.2,-3.07049e-07,529.814,76653.2,-3.1888e-07,599.642,91502.5,-6.72276e-08,678.662,107975,2.26339e-07,768.083,125705,3.69212e-07,869.267,144088,2.04077e-07,983.76,162277,-2.80509e-07,1113.3,179223,-4.22737e-07,1259.87,193777,-1.71951e-07,1425.68,204839,4.55555e-07,11.7194,11.96,12.6541,2.21263,4.16949,0.989383,2.67766,5.84076,0.311842,3.14343,7.55825,0.0972771,3.63127,9.58578,0.0303237,4.15787,12.0912,0.00945211,4.73731,15.2286,0.00294633,5.38238,19.1721,0.000918508,6.10553,24.134,0.000286163,6.91951,30.3791,8.92692e-05,7.83792,38.2397,2.78121e-05,8.87555,48.1338,8.65134e-06,10.0489,60.5876,2.7882e-06,11.3761,76.2629,8.29036e-07,12.8779,95.9927,2.4373e-07,14.5775,120.825,1e-08,16.5012,152.08,1.75749e-07,18.6784,191.415,1e-08,21.1428,240.917,1.91829e-07,23.9322,303.213,1e-08,27.0895,381.602,7.0186e-08,30.6634,480.231,1e-08,34.7087,604.316,2.40784e-07,39.2876,760.401,9.87368e-08,44.4705,956.705,1.22263e-07,50.3371,1203.54,1e-08,56.9776,1513.81,1e-08,64.494,1903.69,1e-08,73.0018,2393.4,3.9185e-07,82.6317,3008.13,1.35379e-07,93.5318,3779.25,1e-08,105.869,4745.7,2.06965e-08,119.834,5955.6,1e-08,135.641,7468.12,1e-08,153.531,9355.62,2.00739e-07,173.781,11705.8,2.28358e-07,196.701,14624.1,1e-08,222.642,18235,1e-08,252.003,22683.4,1e-08,285.234,28134,1e-08,322.845,34767,2.34258e-07,365.413,42770.9,2.99668e-07,413.588,52327.9,8.28644e-08,468.111,63591.2,1e-08,529.814,76653.2,1e-08,599.642,91502.5,1e-08,678.662,107975,2.26339e-07,768.083,125705,3.69212e-07,869.267,144088,2.04077e-07,983.76,162277,1e-08,1113.3,179223,1e-08,1259.87,193777,1e-08,1425.68,204839,4.55555e-07,6.2823,3.27286,2.43537,0.219672,6.18826,2.24117,0.56371,6.87772,2.63624,0.308279,18,13,1,4,7,1,3,1,0,3,6,1,1,8,0,0,11,0,3,23,0,6,24,0,10,18,0,17,43,0,4,17,0,13,37,0,11,52,0,14,96,0,8,38,0,23,115,0,14,100,0,24,205,0,26,157,0,16,289,0,8,364,0,26,508,0,15,637,0,23,671,0,58,1278,0,62,1245,0,38,660,0,80,1400,0,77,1853,0,106,1155,0,148,6046,0,105,4941,0,236,3053,0,77,8502,0,230,11585,0,126,11523,0,99,12189,0,128,11938,0,406,17424,0,257,39733,0,296,31568,0,240,16129,0,373,29194,0,167,72867,0,571,110941,0,761,70475,0,374,125176,0,775,83942,0,1574,162885,0,2026,244017,0,1405,162899,0,810,126605,0,753,172544,0
-1.05176e+08,1,8.88811e-15,10,1023,0,1.05176e+08,0.528882,1.08665,0.389689,0.145397,0.379329,3.24381,0.161596,0.446195,1.77396,0.159177,1.15e+07,4.49998e+06,6.79999e+06,1.15e+07,4.49997e+06,6.79999e+06,1.15e+07,4.49996e+06,6.79999e+06,1.15e+07,4.49995e+06,6.79999e+06,1.14999e+07,4.49993e+06,6.79999e+06,1.14999e+07,4.49991e+06,6.79999e+06,1.14999e+07,4.49989e+06,6.79999e+06,1.14999e+07,4.49986e+06,6.79999e+06,1.14999e+07,4.49982e+06,6.79999e+06,1.14999e+07,4.49977e+06,6.79999e+06,1.14999e+07,4.49971e+06,6.79999e+06,1.14999e+07,4.49963e+06,6.79999e+06,1.14998e+07,4.49953e+06,6.79999e+06,1.14998e+07,4.49941e+06,6.79999e+06,1.14998e+07,4.49926e+06,6.79999e+06,1.14998e+07,4.49906e+06,6.79999e+06,1.14997e+07,4.49882e+06,6.79999e+06,1.14997e+07,4.49851e+06,6.79999e+06,1.14997e+07,4.49812e+06,6.79999e+06,1.14996e+07,4.49764e+06,6.79999e+06,1.14996e+07,4.49702e+06,6.79999e+06,1.14995e+07,4.49625e+06,6.79999e+06,1.14995e+07,4.49528e+06,6.79999e+06,1.14994e+07,4.49406e+06,6.79999e+06,1.14993e+07,4.49253e+06,6.79999e+06,1.14992e+07,4.49059e+06,6.79999e+06,1.14991e+07,4.48817e+06,6.79999e+06,1.1499e+07,4.48511e+06,6.79999e+06,1.14988e+07,4.48128e+06,6.79999e+06,1.14987e+07,4.47646e+06,6.79999e+06,1.14985e+07,4.47041e+06,6.79999e+06,1.14983e+07,4.46281e+06,6.79999e+06,1.14981e+07,4.4533e+06,6.79999e+06,1.14979e+07,4.44138e+06,6.79999e+06,1.14976e+07,4.42649e+06,6.79999e+06,1.14972e+07,4.40789e+06,6.79999e+06,1.14969e+07,4.38471e+06,6.79999e+06,1.14965e+07,4.35592e+06,6.79999e+06,1.1496e+07,4.32027e+06,6.79999e+06,1.14955e+07,4.27629e+06,6.79999e+06,1.14949e+07,4.22231e+06,6.79999e+06,1.14942e+07,4.15647e+06,6.79999e+06,1.14934e+07,4.07676e+06,6.79999e+06,1.14926e+07,3.98112e+06,6.79999e+06,1.14916e+07,3.86765e+06,6.79999e+06,1.14905e+07,3.73474e+06,6.79999e+06,1.14892e+07,3.58148e+06,6.79999e+06,1.14878e+07,3.40785e+06,6.79999e+06,1.14862e+07,3.21513e+06,6.79999e+06,1.14844e+07,3.00605e+06,6.79999e+06,1.14823e+07,2.7848e+06,6.79999e+06,1.148e+07,2.5568e+06,6.79999e+06,1.14773e+07,2.32825e+06,6.79999e+06,13.5742,8.52444,0.508366,16.8306,13.2585,0.162638,20.0035,17.569,0.0507846,23.2616,22.4214,0.0158319,26.7328,28.3297,0.00493498,30.5212,35.6974,0.00153831,34.7178,44.9473,0.000479527,39.4086,56.5822,0.000149456,44.6796,71.2245,4.66214e-05,50.6209,89.6543,1.45419e-05,57.3297,112.852,4.54748e-06,64.9129,142.051,1.43857e-06,73.4897,178.803,4.36618e-07,83.1934,225.062,1.40153e-07,94.1745,283.286,4.96378e-08,106.602,356.568,1.05434e-07,120.669,448.799,-6.49244e-08,136.59,564.873,1.70148e-07,154.611,710.948,-5.34594e-08,175.008,894.767,1.63407e-07,198.097,1126.06,8.04804e-08,224.231,1417.07,1.14667e-07,253.813,1783.15,-1.71227e-07,287.297,2243.62,-2.88466e-07,325.198,2822.67,-4.33651e-07,368.098,3550.67,7.9318e-08,416.657,4465.65,3.13319e-07,471.621,5615.16,3.4613e-07,533.835,7058.61,-1.19199e-07,604.255,8870.02,-2.79964e-07,683.962,11141.4,-2.30521e-07,774.182,13986.7,-2.55099e-07,876.299,17546.4,1.23585e-07,991.883,21993.1,1.41192e-07,1122.71,27536.7,-9.71886e-08,1270.78,34430.7,-3.68368e-07,1438.38,42977.7,-3.45379e-07,1628.07,53532.7,-3.25328e-09,1842.77,66504.6,2.6362e-07,2085.77,82350.2,2.53445e-07,2360.79,101560,-2.47407e-08,2672.05,124632,-3.80602e-07,3024.31,152018,-4.79005e-07,3422.98,184060,-1.14379e-07,3874.15,220884,2.64297e-07,4384.72,262283,3.44131e-07,4962.49,307576,7.5349e-08,5616.29,355497,-3.63097e-07,6356.1,404126,-6.05442e-07,7193.18,450932,-2.72333e-07,8140.28,492963,2.29675e-07,9211.79,527178,4.3387e-07,10424,550893,-1.0711e-07,10.102,8.06553,2.81012,10.6436,8.57909,0.869423,11.5336,10.2515,0.270869,12.7211,12.7138,0.0844293,14.1823,15.9373,0.0263173,15.9122,20.0383,0.0082035,17.9198,25.2154,0.00255722,20.2244,31.7373,0.000797017,22.8539,39.9486,0.000248622,25.8438,50.2851,7.75492e-05,29.237,63.2963,2.42508e-05,33.0837,79.6738,7.67162e-06,37.4415,100.288,2.32837e-06,42.3767,126.236,7.33e-07,47.9646,158.896,2.79256e-07,54.2906,200.003,9.87351e-09,61.452,251.741,1.61085e-07,69.5585,316.859,-2.47141e-07,78.7347,398.812,8.93552e-08,89.1218,501.948,-2.53231e-07,100.879,631.736,-1.25047e-07,114.188,795.049,-1.78808e-07,129.252,1000.53,2.6733e-07,146.304,1259.03,4.50292e-07,165.605,1584.19,6.76904e-07,187.452,1993.12,-1.23808e-07,212.181,2507.27,-4.89068e-07,240.173,3153.54,-5.40284e-07,271.856,3965.56,1.86061e-07,307.719,4985.38,4.37004e-07,348.313,6265.4,3.59828e-07,394.26,7870.83,3.98192e-07,446.268,9882.51,-1.92908e-07,505.135,12400.3,-2.20392e-07,571.766,15546.9,1.51705e-07,647.184,19472.2,5.74996e-07,732.547,24357.4,5.39112e-07,829.167,30420,5.07815e-09,938.526,37916.3,-4.11492e-07,1062.3,47143.9,-3.9561e-07,1202.4,58439.2,3.86185e-08,1360.96,72169.3,5.94093e-07,1540.42,88715.8,7.47693e-07,1743.53,108445,1.78537e-07,1973.41,131665,-4.12549e-07,2233.57,158557,-5.37164e-07,2528,189103,-1.17615e-07,2861.2,222986,5.66769e-07,3238.27,259510,9.45053e-07,3664.97,297540,4.25093e-07,4147.81,335497,-3.58506e-07,4694.17,371444,-6.7724e-07,5312.37,403256,1.67192e-07,1.61744,3.89446,9.84394,3.28846,7.5504,12.774,5.07607,11.7187,13.6844,7.03202,16.8147,13.9681,9.20215,23.1769,14.0566,11.6301,31.1672,14.0841,14.3598,41.2186,14.0927,17.4376,53.8688,14.0954,20.9137,69.7915,14.0962,24.8432,89.8341,14.0965,29.2879,115.063,14.0966,34.3168,146.819,14.0966,40.0078,186.792,14.0966,46.4487,237.107,14.0966,53.7388,300.44,14.0966,61.9903,380.158,14.0966,71.3301,480.499,14.0966,81.902,606.796,14.0966,93.8685,765.761,14.0966,107.414,965.837,14.0966,122.746,1217.65,14.0966,140.101,1534.57,14.0966,159.745,1933.41,14.0966,181.981,2435.3,14.0966,207.15,3066.85,14.0966,235.64,3861.46,14.0966,267.889,4861.11,14.0966,304.391,6118.54,14.0966,345.709,7699.91,14.0966,392.478,9688.22,14.0966,445.417,12187.5,14.0966,505.339,15327.7,14.0966,573.165,19271.6,14.0966,649.938,24222,14.0966,736.839,30430.9,14.0966,835.202,38211.5,14.0966,946.539,47950.3,14.0966,1072.56,60122.8,14.0966,1215.21,75309.9,14.0966,1376.66,94216.2,14.0966,1559.41,117688,14.0966,1766.26,146729,14.0966,2000.39,182510,14.0966,2265.39,226372,14.0966,2565.33,279806,14.0966,2904.81,344416,14.0966,3289.05,421845,14.0966,3723.93,513667,14.0966,4216.13,621231,14.0966,4773.18,745478,14.0966,5403.64,886744,14.0966,6117.15,1.04457e+06,14.0966,6924.63,1.2176e+06,14.0966,11.7194,11.96,12.6541,13.9321,16.1295,13.6434,16.6097,21.9702,13.9553,19.7532,29.5285,14.0526,23.3844,39.1143,14.0829,27.5423,51.2054,14.0923,32.2796,66.434,14.0953,37.662,85.6061,14.0962,43.7675,109.74,14.0965,50.687,140.119,14.0966,58.5249,178.359,14.0966,67.4005,226.493,14.0966,77.4493,287.08,14.0966,88.8254,363.343,14.0966,101.703,459.336,14.0966,116.281,580.161,14.0966,132.782,732.241,14.0966,151.46,923.655,14.0966,172.603,1164.57,14.0966,196.535,1467.79,14.0966,223.625,1849.39,14.0966,254.288,2329.62,14.0966,288.997,2933.93,14.0966,328.285,3694.33,14.0966,372.755,4651.04,14.0966,423.092,5854.57,14.0966,480.07,7368.38,14.0966,544.564,9272.08,14.0966,617.566,11665.5,14.0966,700.197,14673.6,14.0966,793.729,18452.9,14.0966,899.599,23198.6,14.0966,1019.43,29154.1,14.0966,1155.07,36622.3,14.0966,1308.6,45977.9,14.0966,1482.39,57683.7,14.0966,1679.09,72307.8,14.0966,1901.73,90542.8,14.0966,2153.73,113226,14.0966,2438.97,141360,14.0966,2761.81,176127,14.0966,3127.22,218898,14.0966,3540.81,271226,14.0966,4008.92,334817,14.0966,4538.74,411470,14.0966,5138.38,502973,14.0966,5817.04,610948,14.0966,6585.12,736653,14.0966,7454.39,880741,14.0966,8438.15,1.04302e+06,14.0966,9551.45,1.22224e+06,14.0966,10811.3,1.41602e+06,14.0966,12237,1.62086e+06,14.0966,11.7194,11.96,12.6541,2.21263,4.16949,0.989383,2.67766,5.84076,0.311842,3.14343,7.55825,0.0972771,3.63127,9.58578,0.0303237,4.15787,12.0912,0.00945211,4.73731,15.2286,0.00294633,5.38238,19.1721,0.000918508,6.10553,24.134,0.000286163,6.91951,30.3791,8.92692e-05,7.83792,38.2397,2.78121e-05,8.87555,48.1338,8.65134e-06,10.0489,60.5876,2.7882e-06,11.3761,76.2629,8.29036e-07,12.8779,95.9927,2.4373e-07,14.5775,120.825,4.33068e-09,16.5012,152.08,1.75749e-07,18.6784,191.415,-1.86328e-07,21.1428,240.917,1.91829e-07,23.9322,303.213,-1.81475e-07,27.0895,381.602,7.0186e-08,30.6634,480.231,-2.86769e-08,34.7087,604.316,2.40784e-07,39.2876,760.401,9.87368e-08,44.4705,956.705,1.22263e-07,50.3371,1203.54,-4.31966e-07,56.9776,1513.81,-1.9705e-07,64.494,1903.69,-2.763e-08,73.0018,2393.4,3.9185e-07,82.6317,3008.13,1.35379e-07,93.5318,3779.25,-4.16351e-08,105.869,4745.7,2.06965e-08,119.834,5955.6,-3.18887e-07,135.641,7468.12,-1.48271e-08,153.531,9355.62,2.00739e-07,173.781,11705.8,2.28358e-07,196.701,14624.1,-1.93587e-08,222.642,18235,-2.88101e-07,252.003,22683.4,-2.24732e-07,285.234,28134,8.56806e-09,322.845,34767,2.34258e-07,365.413,42770.9,2.99668e-07,413.588,52327.9,8.28644e-08,468.111,63591.2,-3.07049e-07,529.814,76653.2,-3.1888e-07,599.642,91502.5,-6.72276e-08,678.662,107975,2.26339e-07,768.083,125705,3.69212e-07,869.267,144088,2.04077e-07,983.76,162277,-2.80509e-07,1113.3,179223,-4.22737e-07,1259.87,193777,-1.71951e-07,1425.68,204839,4.55555e-07,11.7194,11.96,12.6541,2.21263,4.16949,0.989383,2.67766,5.84076,0.311842,3.14343,7.55825,0.0972771,3.63127,9.58578,0.0303237,4.15787,12.0912,0.00945211,4.73731,15.2286,0.00294633,5.38238,19.1721,0.000918508,6.10553,24.134,0.000286163,6.91951,30.3791,8.92692e-05,7.83792,38.2397,2.78121e-05,8.87555,48.1338,8.65134e-06,10.0489,60.5876,2.7882e-06,11.3761,76.2629,8.29036e-07,12.8779,95.9927,2.4373e-07,14.5775,120.825,1e-08,16.5012,152.08,1.75749e-07,18.6784,191.415,1e-08,21.1428,240.917,1.91829e-07,23.9322,303.213,1e-08,27.0895,381.602,7.0186e-08,30.6634,480.231,1e-08,34.7087,604.316,2.40784e-07,39.2876,760.401,9.87368e-08,44.4705,956.705,1.22263e-07,50.3371,1203.54,1e-08,56.9776,1513.81,1e-08,64.494,1903.69,1e-08,73.0018,2393.4,3.9185e-07,82.6317,3008.13,1.35379e-07,93.5318,3779.25,1e-08,105.869,4745.7,2.06965e-08,119.834,5955.6,1e-08,135.641,7468.12,1e-08,153.531,9355.62,2.00739e-07,173.781,11705.8,2.28358e-07,196.701,14624.1,1e-08,222.642,18235,1e-08,252.003,22683.4,1e-08,285.234,28134,1e-08,322.845,34767,2.34258e-07,365.413,42770.9,2.99668e-07,413.588,52327.9,8.28644e-08,468.111,63591.2,1e-08,529.814,76653.2,1e-08,599.642,91502.5,1e-08,678.662,107975,2.26339e-07,768.083,125705,3.69212e-07,869.267,144088,2.04077e-07,983.76,162277,1e-08,1113.3,179223,1e-08,1259.87,193777,1e-08,1425.68,204839,4.55555e-07,6.2823,3.27286,2.43537,0.219672,6.18826,2.24117,0.56371,6.87772,2.63624,0.308279,9,9,14,1,0,0,1,1,0,4,2,0,3,5,0,4,16,0,5,7,0,3,14,0,7,50,0,6,39,0,5,47,0,5,61,0,9,36,0,12,110,0,9,163,0,10,99,0,12,147,0,26,104,0,16,140,0,15,378,0,20,314,0,29,631,0,29,764,0,64,454,0,49,875,0,55,1334,0,85,1653,0,57,2129,0,46,3108,0,71,5460,0,138,1647,0,163,2635,0,87,12548,0,101,10783,0,103,13236,0,313,15157,0,261,7129,0,95,16857,0,75,44733,0,218,34109,0,397,36834,0,569,45758,0,290,46293,0,242,62042,0,741,45869,0,455,52857,0,527,107708,0,258,194800,0,1226,174314,0,2391,249442,0,847,173935,0,1084,424076,0,794,118543,0
-1.05176e+08,2.19005e-49,8.88811e-15,10,1023,0,1.05176e+08,0.528882,1.08665,0.389689,0.145397,0.379329,3.24381,0.161596,0.446195,1.77396,0.159177,1.15e+07,4.49998e+06,6.79999e+06,1.15e+07,4.49997e+06,6.79999e+06,1.15e+07,4.49996e+06,6.79999e+06,1.15e+07,4.49995e+06,6.79999e+06,1.14999e+07,4.49993e+06,6.79999e+06,1.14999e+07,4.49991e+06,6.79999e+06,1.14999e+07,4.49989e+06,6.79999e+06,1.14999e+07,4.49986e+06,6.79999e+06,1.14999e+07,4.49982e+06,6.79999e+06,1.14999e+07,4.49977e+06,6.79999e+06,1.14999e+07,4.49971e+06,6.79999e+06,1.14999e+07,4.49963e+06,6.79999e+06,1.14998e+07,4.49953e+06,6.79999e+06,1.14998e+07,4.49941e+06,6.79999e+06,1.14998e+07,4.49926e+06,6.79999e+06,1.14998e+07,4.49906e+06,6.79999e+06,1.14997e+07,4.49882e+06,6.79999e+06,1.14997e+07,4.49851e+06,6.79999e+06,1.14997e+07,4.49812e+06,6.79999e+06,1.14996e+07,4.49764e+06,6.79999e+06,1.14996e+07,4.49702e+06,6.79999e+06,1.14995e+07,4.49625e+06,6.79999e+06,1.14995e+07,4.49528e+06,6.79999e+06,1.14994e+07,4.49406e+06,6.79999e+06,1.14993e+07,4.49253e+06,6.79999e+06,1.14992e+07,4.49059e+06,6.79999e+06,1.14991e+07,4.48817e+06,6.79999e+06,1.1499e+07,4.48511e+06,6.79999e+06,1.14988e+07,4.48128e+06,6.79999e+06,1.14987e+07,4.47646e+06,6.79999e+06,1.14985e+07,4.47041e+06,6.79999e+06,1.14983e+07,4.46281e+06,6.79999e+06,1.14981e+07,4.4533e+06,6.79999e+06,1.14979e+07,4.44138e+06,6.79999e+06,1.14976e+07,4.42649e+06,6.79999e+06,1.14972e+07,4.40789e+06,6.79999e+06,1.14969e+07,4.38471e+06,6.79999e+06,1.14965e+07,4.35592e+06,6.79999e+06,1.1496e+07,4.32027e+06,6.79999e+06,1.14955e+07,4.27629e+06,6.79999e+06,1.14949e+07,4.22231e+06,6.79999e+06,1.14942e+07,4.15647e+06,6.79999e+06,1.14934e+07,4.07676e+06,6.79999e+06,1.14926e+07,3.98112e+06,6.79999e+06,1.14916e+07,3.86765e+06,6.79999e+06,1.14905e+07,3.73474e+06,6.79999e+06,1.14892e+07,3.58148e+06,6.79999e+06,1.14878e+07,3.40785e+06,6.79999e+06,1.14862e+07,3.21513e+06,6.79999e+06,1.14844e+07,3.00605e+06,6.79999e+06,1.14823e+07,2.7848e+06,6.79999e+06,1.148e+07,2.5568e+06,6.79999e+06,1.14773e+07,2.32825e+06,6.79999e+06,13.5742,8.52444,0.508366,16.8306,13.2585,0.162638,20.0035,17.569,0.0507846,23.2616,22.4214,0.0158319,26.7328,28.3297,0.00493498,30.5212,35.6974,0.00153831,34.7178,44.9473,0.000479527,39.4086,56.5822,0.000149456,44.6796,71.2245,4.66214e-05,50.6209,89.6543,1.45419e-05,57.3297,112.852,4.54748e-06,64.9129,142.051,1.43857e-06,73.4897,178.803,4.36618e-07,83.1934,225.062,1.40153e-07,94.1745,283.286,4.96378e-08,106.602,356.568,1.05434e-07,120.669,448.799,-6.49244e-08,136.59,564.873,1.70148e-07,154.611,710.948,-5.34594e-08,175.008,894.767,1.63407e-07,198.097,1126.06,8.04804e-08,224.231,1417.07,1.14667e-07,253.813,1783.15,-1.71227e-07,287.297,2243.62,-2.88466e-07,325.198,2822.67,-4.33651e-07,368.098,3550.67,7.9318e-08,416.657,4465.65,3.13319e-07,471.621,5615.16,3.4613e-07,533.835,7058.61,-1.19199e-07,604.255,8870.02,-2.79964e-07,683.962,11141.4,-2.30521e-07,774.182,13986.7,-2.55099e-07,876.299,17546.4,1.23585e-07,991.883,21993.1,1.41192e-07,1122.71,27536.7,-9.71886e-08,1270.78,34430.7,-3.68368e-07,1438.38,42977.7,-3.45379e-07,1628.07,53532.7,-3.25328e-09,1842.77,66504.6,2.6362e-07,2085.77,82350.2,2.53445e-07,2360.79,101560,-2.47407e-08,2672.05,124632,-3.80602e-07,3024.31,152018,-4.79005e-07,3422.98,184060,-1.14379e-07,3874.15,220884,2.64297e-07,4384.72,262283,3.44131e-07,4962.49,307576,7.5349e-08,5616.29,355497,-3.63097e-07,6356.1,404126,-6.05442e-07,7193.18,450932,-2.72333e-07,8140.28,492963,2.29675e-07,9211.79,527178,4.3387e-07,10424,550893,-1.0711e-07,10.102,8.06553,2.81012,10.6436,8.57909,0.869423,11.5336,10.2515,0.270869,12.7211,12.7138,0.0844293,14.1823,15.9373,0.0263173,15.9122,20.0383,0.0082035,17.9198,25.2154,0.00255722,20.2244,31.7373,0.000797017,22.8539,39.9486,0.000248622,25.8438,50.2851,7.75492e-05,29.237,63.2963,2.42508e-05,33.0837,79.6738,7.67162e-06,37.4415,100.288,2.32837e-06,42.3767,126.236,7.33e-07,47.9646,158.896,2.79256e-07,54.2906,200.003,9.87351e-09,61.452,251.741,1.61085e-07,69.5585,316.859,-2.47141e-07,78.7347,398.812,8.93552e-08,89.1218,501.948,-2.53231e-07,100.879,631.736,-1.25047e-07,114.188,795.049,-1.78808e-07,129.252,1000.53,2.6733e-07,146.304,1259.03,4.50292e-07,165.605,1584.19,6.76904e-07,187.452,1993.12,-1.23808e-07,212.181,2507.27,-4.89068e-07,240.173,3153.54,-5.40284e-07,271.856,3965.56,1.86061e-07,307.719,4985.38,4.37004e-07,348.313,6265.4,3.59828e-07,394.26,7870.83,3.98192e-07,446.268,9882.51,-1.92908e-07,505.135,12400.3,-2.20392e-07,571.766,15546.9,1.51705e-07,647.184,19472.2,5.74996e-07,732.547,24357.4,5.39112e-07,829.167,30420,5.07815e-09,938.526,37916.3,-4.11492e-07,1062.3,47143.9,-3.9561e-07,1202.4,58439.2,3.86185e-08,1360.96,72169.3,5.94093e-07,1540.42,88715.8,7.47693e-07,1743.53,108445,1.78537e-07,1973.41,131665,-4.12549e-07,2233.57,158557,-5.37164e-07,2528,189103,-1.17615e-07,2861.2,222986,5.66769e-07,3238.27,259510,9.45053e-07,3664.97,297540,4.25093e-07,4147.81,335497,-3.58506e-07,4694.17,371444,-6.7724e-07,5312.37,403256,1.67192e-07,1.61744,3.89446,9.84394,3.28846,7.5504,12.774,5.07607,11.7187,13.6844,7.03202,16.8147,13.9681,9.20215,23.1769,14.0566,11.6301,31.1672,14.0841,14.3598,41.2186,14.0927,17.4376,53.8688,14.0954,20.9137,69.7915,14.0962,24.8432,89.8341,14.0965,29.2879,115.063,14.0966,34.3168,146.819,14.0966,40.0078,186.792,14.0966,46.4487,237.107,14.0966,53.7388,300.44,14.0966,61.9903,380.158,14.0966,71.3301,480.499,14.0966,81.902,606.796,14.0966,93.8685,765.761,14.0966,107.414,965.837,14.0966,122.746,1217.65,14.0966,140.101,1534.57,14.0966,159.745,1933.41,14.0966,181.981,2435.3,14.0966,207.15,3066.85,14.0966,235.64,3861.46,14.0966,267.889,4861.11,14.0966,304.391,6118.54,14.0966,345.709,7699.91,14.0966,392.478,9688.22,14.0966,445.417,12187.5,14.0966,505.339,15327.7,14.0966,573.165,19271.6,14.0966,649.938,24222,14.0966,736.839,30430.9,14.0966,835.202,38211.5,14.0966,946.539,47950.3,14.0966,1072.56,60122.8,14.0966,1215.21,75309.9,14.0966,1376.66,94216.2,14.0966,1559.41,117688,14.0966,1766.26,146729,14.0966,2000.39,182510,14.0966,2265.39,226372,14.0966,2565.33,279806,14.0966,2904.81,344416,14.0966,3289.05,421845,14.0966,3723.93,513667,14.0966,4216.13,621231,14.0966,4773.18,745478,14.0966,5403.64,886744,14.0966,6117.15,1.04457e+06,14.0966,6924.63,1.2176e+06,14.0966,11.7194,11.96,12.6541,13.9321,16.1295,13.6434,16.6097,21.9702,13.9553,19.7532,29.5285,14.0526,23.3844,39.1143,14.0829,27.5423,51.2054,14.0923,32.2796,66.434,14.0953,37.662,85.6061,14.0962,43.7675,109.74,14.0965,50.687,140.119,14.0966,58.5249,178.359,14.0966,67.4005,226.493,14.0966,77.4493,287.08,14.0966,88.8254,363.343,14.0966,101.703,459.336,14.0966,116.281,580.161,14.0966,132.782,732.241,14.0966,151.46,923.655,14.0966,172.603,1164.57,14.0966,196.535,1467.79,14.0966,223.625,1849.39,14.0966,254.288,2329.62,14.0966,288.997,2933.93,14.0966,328.285,3694.33,14.0966,372.755,4651.04,14.0966,423.092,5854.57,14.0966,480.07,7368.38,14.0966,544.564,9272.08,14.0966,617.566,11665.5,14.0966,700.197,14673.6,14.0966,793.729,18452.9,14.0966,899.599,23198.6,14.0966,1019.43,29154.1,14.0966,1155.07,36622.3,14.0966,1308.6,45977.9,14.0966,1482.39,57683.7,14.0966,1679.09,72307.8,14.0966,1901.73,90542.8,14.0966,2153.73,113226,14.0966,2438.97,141360,14.0966,2761.81,176127,14.0966,3127.22,218898,14.0966,3540.81,271226,14.0966,4008.92,334817,14.0966,4538.74,411470,14.0966,5138.38,502973,14.0966,5817.04,610948,14.0966,6585.12,736653,14.0966,7454.39,880741,14.0966,8438.15,1.04302e+06,14.0966,9551.45,1.22224e+06,14.0966,10811.3,1.41602e+06,14.0966,12237,1.62086e+06,14.0966,11.7194,11.96,12.6541,2.21263,4.16949,0.989383,2.67766,5.84076,0.311842,3.14343,7.55825,0.0972771,3.63127,9.58578,0.0303237,4.15787,12.0912,0.00945211,4.73731,15.2286,0.00294633,5.38238,19.1721,0.000918508,6.10553,24.134,0.000286163,6.91951,30.3791,8.92692e-05,7.83792,38.2397,2.78121e-05,8.87555,48.1338,8.65134e-06,10.0489,60.5876,2.7882e-06,11.3761,76.2629,8.29036e-07,12.8779,95.9927,2.4373e-07,14.5775,120.825,4.33068e-09,16.5012,152.08,1.75749e-07,18.6784,191.415,-1.86328e-07,21.1428,240.917,1.91829e-07,23.9322,303.213,-1.81475e-07,27.0895,381.602,7.0186e-08,30.6634,480.231,-2.86769e-08,34.7087,604.316,2.40784e-07,39.2876,760.401,9.87368e-08,44.4705,956.705,1.22263e-07,50.3371,1203.54,-4.31966e-07,56.9776,1513.81,-1.9705e-07,64.494,1903.69,-2.763e-08,73.0018,2393.4,3.9185e-07,82.6317,3008.13,1.35379e-07,93.5318,3779.25,-4.16351e-08,105.869,4745.7,2.06965e-08,119.834,5955.6,-3.18887e-07,135.641,7468.12,-1.48271e-08,153.531,9355.62,2.00739e-07,173.781,11705.8,2.28358e-07,196.701,14624.1,-1.93587e-08,222.642,18235,-2.88101e-07,252.003,22683.4,-2.24732e-07,285.234,28134,8.56806e-09,322.845,34767,2.34258e-07,365.413,42770.9,2.99668e-07,413.588,52327.9,8.28644e-08,468.111,63591.2,-3.07049e-07,529.814,76653.2,-3.1888e-07,599.642,91502.5,-6.72276e-08,678.662,107975,2.26339e-07,768.083,125705,3.69212e-07,869.267,144088,2.04077e-07,983.76,162277,-2.80509e-07,1113.3,179223,-4.22737e-07,1259.87,193777,-1.71951e-07,1425.68,204839,4.55555e-07,11.7194,11.96,12.6541,2.21263,4.16949,0.989383,2.67766,5.84076,0.311842,3.14343,7.55825,0.0972771,3.63127,9.58578,0.0303237,4.15787,12.0912,0.00945211,4.73731,15.2286,0.00294633,5.38238,19.1721,0.000918508,6.10553,24.134,0.000286163,6.91951,30.3791,8.92692e-05,7.83792,38.2397,2.78121e-05,8.87555,48.1338,8.65134e-06,10.0489,60.5876,2.7882e-06,11.3761,76.2629,8.29036e-07,12.8779,95.9927,2.4373e-07,14.5775,120.825,1e-08,16.5012,152.08,1.75749e-07,18.6784,191.415,1e-08,21.1428,240.917,1.91829e-07,23.9322,303.213,1e-08,27.0895,381.602,7.0186e-08,30.6634,480.231,1e-08,34.7087,604.316,2.40784e-07,39.2876,760.401,9.87368e-08,44.4705,956.705,1.22263e-07,50.3371,1203.54,1e-08,56.9776,1513.81,1e-08,64.494,1903.69,1e-08,73.0018,2393.4,3.9185e-07,82.6317,3008.13,1.35379e-07,93.5318,3779.25,1e-08,105.869,4745.7,2.06965e-08,119.834,5955.6,1e-08,135.641,7468.12,1e-08,153.531,9355.62,2.00739e-07,173.781,11705.8,2.28358e-07,196.701,14624.1,1e-08,222.642,18235,1e-08,252.003,22683.4,1e-08,285.234,28134,1e-08,322.845,34767,2.34258e-07,365.413,42770.9,2.99668e-07,413.588,52327.9,8.28644e-08,468.111,63591.2,1e-08,529.814,76653.2,1e-08,599.642,91502.5,1e-08,678.662,107975,2.26339e-07,768.083,125705,3.69212e-07,869.267,144088,2.04077e-07,983.76,162277,1e-08,1113.3,179223,1e-08,1259.87,193777,1e-08,1425.68,204839,4.55555e-07,6.2823,3.27286,2.43537,0.219672,6.18826,2.24117,0.56371,6.87772,2.63624,0.308279,23,16,7,3,0,0,4,7,0,3,5,0,2,13,0,8,10,0,1,3,0,1,20,0,7,44,0,7,22,0,6,38,0,16,96,0,5,130,0,13,92,0,4,85,0,27,124,0,29,205,0,32,354,0,10,235,0,32,312,0,18,244,0,15,616,0,39,753,0,29,722,0,27,1266,0,46,709,0,123,1825,0,54,1058,0,47,1904,0,142,4601,0,78,3213,0,54,9203,0,75,3403,0,235,4591,0,345,5171,0,183,11303,0,229,11206,0,209,26687,0,412,21132,0,510,43769,0,366,22328,0,767,25006,0,474,45374,0,451,39855,0,550,37440,0,676,78728,0,807,51965,0,1072,105560,0,1471,232871,0,1422,145134,0,1396,43641,0,1772,144430,0,498,168536,0
-1.05176e+08,8.09535e-47,8.88811e-15,10,1023,0,1.05176e+08,0.528882,1.08665,0.389689,0.145397,0.379329,3.24381,0.161596,0.446195,1.77396,0.159177,1.15e+07,4.49998e+06,6.79999e+06,1.15e+07,4.49997e+06,6.79999e+06,1.15e+07,4.49996e+06,6.79999e+06,1.15e+07,4.49995e+06,6.79999e+06,1.14999e+07,4.49993e+06,6.79999e+06,1.14999e+07,4.49991e+06,6.79999e+06,1.14999e+07,4.49989e+06,6.79999e+06,1.14999e+07,4.49986e+06,6.79999e+06,1.14999e+07,4.49982e+06,6.79999e+06,1.14999e+07,4.49977e+06,6.79999e+06,1.14999e+07,4.49971e+06,6.79999e+06,1.14999e+07,4.49963e+06,6.79999e+06,1.14998e+07,4.49953e+06,6.79999e+06,1.14998e+07,4.49941e+06,6.79999e+06,1.14998e+07,4.49926e+06,6.79999e+06,1.14998e+07,4.49906e+06,6.79999e+06,1.14997e+07,4.49882e+06,6.79999e+06,1.14997e+07,4.49851e+06,6.79999e+06,1.14997e+07,4.49812e+06,6.79999e+06,1.14996e+07,4.49764e+06,6.79999e+06,1.14996e+07,4.49702e+06,6.79999e+06,1.14995e+07,4.49625e+06,6.79999e+06,1.14995e+07,4.49528e+06,6.79999e+06,1.14994e+07,4.49406e+06,6.79999e+06,1.14993e+07,4.49253e+06,6.79999e+06,1.14992e+07,4.49059e+06,6.79999e+06,1.14991e+07,4.48817e+06,6.79999e+06,1.1499e+07,4.48511e+06,6.79999e+06,1.14988e+07,4.48128e+06,6.79999e+06,1.14987e+07,4.47646e+06,6.79999e+06,1.14985e+07,4.47041e+06,6.79999e+06,1.14983e+07,4.46281e+06,6.79999e+06,1.14981e+07,4.4533e+06,6.79999e+06,1.14979e+07,4.44138e+06,6.79999e+06,1.14976e+07,4.42649e+06,6.79999e+06,1.14972e+07,4.40789e+06,6.79999e+06,1.14969e+07,4.38471e+06,6.79999e+06,1.14965e+07,4.35592e+06,6.79999e+06,1.1496e+07,4.32027e+06,6.79999e+06,1.14955e+07,4.27629e+06,6.79999e+06,1.14949e+07,4.22231e+06,6.79999e+06,1.14942e+07,4.15647e+06,6.79999e+06,1.14934e+07,4.07676e+06,6.79999e+06,1.14926e+07,3.98112e+06,6.79999e+06,1.14916e+07,3.86765e+06,6.79999e+06,1.14905e+07,3.73474e+06,6.79999e+06,1.14892e+07,3.58148e+06,6.79999e+06,1.14878e+07,3.40785e+06,6.79999e+06,1.14862e+07,3.21513e+06,6.79999e+06,1.14844e+07,3.00605e+06,6.79999e+06,1.14823e+07,2.7848e+06,6.79999e+06,1.148e+07,2.5568e+06,6.79999e+06,1.14773e+07,2.32825e+06,6.79999e+06,13.5742,8.52444,0.508366,16.8306,13.2585,0.162638,20.0035,17.569,0.0507846,23.2616,22.4214,0.0158319,26.7328,28.3297,0.00493498,30.5212,35.6974,0.00153831,34.7178,44.9473,0.000479527,39.4086,56.5822,0.000149456,44.6796,71.2245,4.66214e-05,50.6209,89.6543,1.45419e-05,57.3297,112.852,4.54748e-06,64.9129,142.051,1.43857e-06,73.4897,178.803,4.36618e-07,83.1934,225.062,1.40153e-07,94.1745,283.286,4.96378e-08,106.602,356.568,1.05434e-07,120.669,448.799,-6.49244e-08,136.59,564.873,1.70148e-07,154.611,710.948,-5.34594e-08,175.008,894.767,1.63407e-07,198.097,1126.06,8.04804e-08,224.231,1417.07,1.14667e-07,253.813,1783.15,-1.71227e-07,287.297,2243.62,-2.88466e-07,325.198,2822.67,-4.33651e-07,368.098,3550.67,7.9318e-08,416.657,4465.65,3.13319e-07,471.621,5615.16,3.4613e-07,533.835,7058.61,-1.19199e-07,604.255,8870.02,-2.79964e-07,683.962,11141.4,-2.30521e-07,774.182,13986.7,-2.55099e-07,876.299,17546.4,1.23585e-07,991.883,21993.1,1.41192e-07,1122.71,27536.7,-9.71886e-08,1270.78,34430.7,-3.68368e-07,1438.38,42977.7,-3.45379e-07,1628.07,53532.7,-3.25328e-09,1842.77,66504.6,2.6362e-07,2085.77,82350.2,2.53445e-07,2360.79,101560,-2.47407e-08,2672.05,124632,-3.80602e-07,3024.31,152018,-4.79005e-07,3422.98,184060,-1.14379e-07,3874.15,220884,2.64297e-07,4384.72,262283,3.44131e-07,4962.49,307576,7.5349e-08,5616.29,355497,-3.63097e-07,6356.1,404126,-6.05442e-07,7193.18,450932,-2.72333e-07,8140.28,492963,2.29675e-07,9211.79,527178,4.3387e-07,10424,550893,-1.0711e-07,10.102,8.06553,2.81012,10.6436,8.57909,0.869423,11.5336,10.2515,0.270869,12.7211,12.7138,0.0844293,14.1823,15.9373,0.0263173,15.9122,20.0383,0.0082035,17.9198,25.2154,0.00255722,20.2244,31.7373,0.000797017,22.8539,39.9486,0.000248622,25.8438,50.2851,7.75492e-05,29.237,63.2963,2.42508e-05,33.0837,79.6738,7.67162e-06,37.4415,100.288,2.32837e-06,42.3767,126.236,7.33e-07,47.9646,158.896,2.79256e-07,54.2906,200.003,9.87351e-09,61.452,251.741,1.61085e-07,69.5585,316.859,-2.47141e-07,78.7347,398.812,8.93552e-08,89.1218,501.948,-2.53231e-07,100.879,631.736,-1.25047e-07,114.188,795.049,-1.78808e-07,129.252,1000.53,2.6733e-07,146.304,1259.03,4.50292e-07,165.605,1584.19,6.76904e-07,187.452,1993.12,-1.23808e-07,212.181,2507.27,-4.89068e-07,240.173,3153.54,-5.40284e-07,271.856,3965.56,1.86061e-07,307.719,4985.38,4.37004e-07,348.313,6265.4,3.59828e-07,394.26,7870.83,3.98192e-07,446.268,9882.51,-1.92908e-07,505.135,12400.3,-2.20392e-07,571.766,15546.9,1.51705e-07,647.184,19472.2,5.74996e-07,732.547,24357.4,5.39112e-07,829.167,30420,5.07815e-09,938.526,37916.3,-4.11492e-07,1062.3,47143.9,-3.9561e-07,1202.4,58439.2,3.86185e-08,1360.96,72169.3,5.94093e-07,1540.42,88715.8,7.47693e-07,1743.53,108445,1.78537e-07,1973.41,131665,-4.12549e-07,2233.57,158557,-5.37164e-07,2528,189103,-1.17615e-07,2861.2,222986,5.66769e-07,3238.27,259510,9.45053e-07,3664.97,297540,4.25093e-07,4147.81,335497,-3.58506e-07,4694.17,371444,-6.7724e-07,5312.37,403256,1.67192e-07,1.61744,3.89446,9.84394,3.28846,7.5504,12.774,5.07607,11.7187,13.6844,7.03202,16.8147,13.9681,9.20215,23.1769,14.0566,11.6301,31.1672,14.0841,14.3598,41.2186,14.0927,17.4376,53.8688,14.0954,20.9137,69.7915,14.0962,24.8432,89.8341,14.0965,29.2879,115.063,14.0966,34.3168,146.819,14.0966,40.0078,186.792,14.0966,46.4487,237.107,14.0966,53.7388,300.44,14.0966,61.9903,380.158,14.0966,71.3301,480.499,14.0966,81.902,606.796,14.0966,93.8685,765.761,14.0966,107.414,965.837,14.0966,122.746,1217.65,14.0966,140.101,1534.57,14.0966,159.745,1933.41,14.0966,181.981,2435.3,14.0966,207.15,3066.85,14.0966,235.64,3861.46,14.0966,267.889,4861.11,14.0966,304.391,6118.54,14.0966,345.709,7699.91,14.0966,392.478,9688.22,14.0966,445.417,12187.5,14.0966,505.339,15327.7,14.0966,573.165,19271.6,14.0966,649.938,24222,14.0966,736.839,30430.9,14.0966,835.202,38211.5,14.0966,946.539,47950.3,14.0966,1072.56,60122.8,14.0966,1215.21,75309.9,14.0966,1376.66,94216.2,14.0966,1559.41,117688,14.0966,1766.26,146729,14.0966,2000.39,182510,14.0966,2265.39,226372,14.0966,2565.33,279806,14.0966,2904.81,344416,14.0966,3289.05,421845,14.0966,3723.93,513667,14.0966,4216.13,621231,14.0966,4773.18,745478,14.0966,5403.64,886744,14.0966,6117.15,1.04457e+06,14.0966,6924.63,1.2176e+06,14.0966,11.7194,11.96,12.6541,13.9321,16.1295,13.6434,16.6097,21.9702,13.9553,19.7532,29.5285,14.0526,23.3844,39.1143,14.0829,27.5423,51.2054,14.0923,32.2796,66.434,14.0953,37.662,85.6061,14.0962,43.7675,109.74,14.0965,50.687,140.119,14.0966,58.5249,178.359,14.0966,67.4005,226.493,14.0966,77.4493,287.08,14.0966,88.8254,363.343,14.0966,101.703,459.336,14.0966,116.281,580.161,14.0966,132.782,732.241,14.0966,151.46,923.655,14.0966,172.603,1164.57,14.0966,196.535,1467.79,14.0966,223.625,1849.39,14.0966,254.288,2329.62,14.0966,288.997,2933.93,14.0966,328.285,3694.33,14.0966,372.755,4651.04,14.0966,423.092,5854.57,14.0966,480.07,7368.38,14.0966,544.564,9272.08,14.0966,617.566,11665.5,14.0966,700.197,14673.6,14.0966,793.729,18452.9,14.0966,899.599,23198.6,14.0966,1019.43,29154.1,14.0966,1155.07,36622.3,14.0966,1308.6,45977.9,14.0966,1482.39,57683.7,14.0966,1679.09,72307.8,14.0966,1901.73,90542.8,14.0966,2153.73,113226,14.0966,2438.97,141360,14.0966,2761.81,176127,14.0966,3127.22,218898,14.0966,3540.81,271226,14.0966,4008.92,334817,14.0966,4538.74,411470,14.0966,5138.38,502973,14.0966,5817.04,610948,14.0966,6585.12,736653,14.0966,7454.39,880741,14.0966,8438.15,1.04302e+06,14.0966,9551.45,1.22224e+06,14.0966,10811.3,1.41602e+06,14.0966,12237,1.62086e+06,14.0966,11.7194,11.96,12.6541,2.21263,4.16949,0.989383,2.67766,5.84076,0.311842,3.14343,7.55825,0.0972771,3.63127,9.58578,0.0303237,4.15787,12.0912,0.00945211,4.73731,15.2286,0.00294633,5.38238,19.1721,0.000918508,6.10553,24.134,0.000286163,6.91951,30.3791,8.92692e-05,7.83792,38.2397,2.78121e-05,8.87555,48.1338,8.65134e-06,10.0489,60.5876,2.7882e-06,11.3761,76.2629,8.29036e-07,12.8779,95.9927,2.4373e-07,14.5775,120.825,4.33068e-09,16.5012,152.08,1.75749e-07,18.6784,191.415,-1.86328e-07,21.1428,240.917,1.91829e-07,23.9322,303.213,-1.81475e-07,27.0895,381.602,7.0186e-08,30.6634,480.231,-2.86769e-08,34.7087,604.316,2.40784e-07,39.2876,760.401,9.87368e-08,44.4705,956.705,1.22263e-07,50.3371,1203.54,-4.31966e-07,56.9776,1513.81,-1.9705e-07,64.494,1903.69,-2.763e-08,73.0018,2393.4,3.9185e-07,82.6317,3008.13,1.35379e-07,93.5318,3779.25,-4.16351e-08,105.869,4745.7,2.06965e-08,119.834,5955.6,-3.18887e-07,135.641,7468.12,-1.48271e-08,153.531,9355.62,2.00739e-07,173.781,11705.8,2.28358e-07,196.701,14624.1,-1.93587e-08,222.642,18235,-2.88101e-07,252.003,22683.4,-2.24732e-07,285.234,28134,8.56806e-09,322.845,34767,2.34258e-07,365.413,42770.9,2.99668e-07,413.588,52327.9,8.28644e-08,468.111,63591.2,-3.07049e-07,529.814,76653.2,-3.1888e-07,599.642,91502.5,-6.72276e-08,678.662,107975,2.26339e-07,768.083,125705,3.69212e-07,869.267,144088,2.04077e-07,983.76,162277,-2.80509e-07,1113.3,179223,-4.22737e-07,1259.87,193777,-1.71951e-07,1425.68,204839,4.55555e-07,11.7194,11.96,12.6541,2.21263,4.16949,0.989383,2.67766,5.84076,0.311842,3.14343,7.55825,0.0972771,3.63127,9.58578,0.0303237,4.15787,12.0912,0.00945211,4.73731,15.2286,0.00294633,5.38238,19.1721,0.000918508,6.10553,24.134,0.000286163,6.91951,30.3791,8.92692e-05,7.83792,38.2397,2.78121e-05,8.87555,48.1338,8.65134e-06,10.0489,60.5876,2.7882e-06,11.3761,76.2629,8.29036e-07,12.8779,95.9927,2.4373e-07,14.5775,120.825,1e-08,16.5012,152.08,1.75749e-07,18.6784,191.415,1e-08,21.1428,240.917,1.91829e-07,23.9322,303.213,1e-08,27.0895,381.602,7.0186e-08,30.6634,480.231,1e-08,34.7087,604.316,2.40784e-07,39.2876,760.401,9.87368e-08,44.4705,956.705,1.22263e-07,50.3371,1203.54,1e-08,56.9776,1513.81,1e-08,64.494,1903.69,1e-08,73.0018,2393.4,3.9185e-07,82.6317,3008.13,1.35379e-07,93.5318,3779.25,1e-08,105.869,4745.7,2.06965e-08,119.834,5955.6,1e-08,135.641,7468.12,1e-08,153.531,9355.62,2.00739e-07,173.781,11705.8,2.28358e-07,196.701,14624.1,1e-08,222.642,18235,1e-08,252.003,22683.4,1e-08,285.234,28134,1e-08,322.845,34767,2.34258e-07,365.413,42770.9,2.99668e-07,413.588,52327.9,8.28644e-08,468.111,63591.2,1e-08,529.814,76653.2,1e-08,599.642,91502.5,1e-08,678.662,107975,2.26339e-07,768.083,125705,3.69212e-07,869.267,144088,2.04077e-07,983.76,162277,1e-08,1113.3,179223,1e-08,1259.87,193777,1e-08,1425.68,204839,4.55555e-07,6.2823,3.27286,2.43537,0.219672,6.18826,2.24117,0.56371,6.87772,2.63624,0.308279,6,5,16,5,1,0,2,7,0,3,6,0,1,16,0,4,7,0,8,13,0,6,28,0,5,16,0,3,17,0,5,30,0,8,73,0,6,39,0,10,95,0,13,156,0,10,125,0,26,101,0,13,137,0,14,123,0,24,475,0,23,223,0,37,484,0,34,734,0,52,754,0,77,927,0,58,333,0,56,1530,0,61,1184,0,65,1243,0,80,2119,0,102,5294,0,87,1961,0,125,3972,0,55,5553,0,156,13769,0,146,8753,0,159,10775,0,192,23808,0,134,17896,0,406,27915,0,581,30512,0,264,22176,0,163,55532,0,202,50495,0,501,121955,0,379,95671,0,147,169889,0,1144,72797,0,949,150249,0,838,180261,0,859,156893,0,1318,178513,0,2405,38316,0
-1.05176e+08,8.09535e-47,8.88811e-15,10,1023,0,1.05176e+08,0.528882,1.08665,0.389689,0.145397,0.379329,3.24381,0.161596,0.446195,1.77396,0.159177,1.15e+07,4.49998e+06,6.79999e+06,1.15e+07,4.49997e+06,6.79999e+06,1.15e+07,4.49996e+06,6.79999e+06,1.15e+07,4.49995e+06,6.79999e+06,1.14999e+07,4.49993e+06,6.79999e+06,1.14999e+07,4.49991e+06,6.79999e+06,1.14999e+07,4.49989e+06,6.79999e+06,1.14999e+07,4.49986e+06,6.79999e+06,1.14999e+07,4.49982e+06,6.79999e+06,1.14999e+07,4.49977e+06,6.79999e+06,1.14999e+07,4.49971e+06,6.79999e+06,1.14999e+07,4.49963e+06,6.79999e+06,1.14998e+07,4.49953e+06,6.79999e+06,1.14998e+07,4.49941e+06,6.79999e+06,1.14998e+07,4.49926e+06,6.79999e+06,1.14998e+07,4.49906e+06,6.79999e+06,1.14997e+07,4.49882e+06,6.79999e+06,1.14997e+07,4.49851e+06,6.79999e+06,1.14997e+07,4.49812e+06,6.79999e+06,1.14996e+07,4.49764e+06,6.79999e+06,1.14996e+07,4.49702e+06,6.79999e+06,1.14995e+07,4.49625e+06,6.79999e+06,1.14995e+07,4.49528e+06,6.79999e+06,1.14994e+07,4.49406e+06,6.79999e+06,1.14993e+07,4.49253e+06,6.79999e+06,1.14992e+07,4.49059e+06,6.79999e+06,1.14991e+07,4.48817e+06,6.79999e+06,1.1499e+07,4.48511e+06,6.79999e+06,1.14988e+07,4.48128e+06,6.79999e+06,1.14987e+07,4.47646e+06,6.79999e+06,1.14985e+07,4.47041e+06,6.79999e+06,1.14983e+07,4.46281e+06,6.79999e+06,1.14981e+07,4.4533e+06,6.79999e+06,1.14979e+07,4.44138e+06,6.79999e+06,1.14976e+07,4.42649e+06,6.79999e+06,1.14972e+07,4.40789e+06,6.79999e+06,1.14969e+07,4.38471e+06,6.79999e+06,1.14965e+07,4.35592e+06,6.79999e+06,1.1496e+07,4.32027e+06,6.79999e+06,1.14955e+07,4.27629e+06,6.79999e+06,1.14949e+07,4.22231e+06,6.79999e+06,1.14942e+07,4.15647e+06,6.79999e+06,1.14934e+07,4.07676e+06,6.79999e+06,1.14926e+07,3.98112e+06,6.79999e+06,1.14916e+07,3.86765e+06,6.79999e+06,1.14905e+07,3.73474e+06,6.79999e+06,1.14892e+07,3.58148e+06,6.79999e+06,1.14878e+07,3.40785e+06,6.79999e+06,1.14862e+07,3.21513e+06,6.79999e+06,1.14844e+07,3.00605e+06,6.79999e+06,1.14823e+07,2.7848e+06,6.79999e+06,1.148e+07,2.5568e+06,6.79999e+06,1.14773e+07,2.32825e+06,6.79999e+06,13.5742,8.52444,0.508366,16.8306,13.2585,0.162638,20.0035,17.569,0.0507846,23.2616,22.4214,0.0158319,26.7328,28.3297,0.00493498,30.5212,35.6974,0.00153831,34.7178,44.9473,0.000479527,39.4086,56.5822,0.000149456,44.6796,71.2245,4.66214e-05,50.6209,89.6543,1.45419e-05,57.3297,112.852,4.54748e-06,64.9129,142.051,1.43857e-06,73.4897,178.803,4.36618e-07,83.1934,225.062,1.40153e-07,94.1745,283.286,4.96378e-08,106.602,356.568,1.05434e-07,120.669,448.799,-6.49244e-08,136.59,564.873,1.70148e-07,154.611,710.948,-5.34594e-08,175.008,894.767,1.63407e-07,198.097,1126.06,8.04804e-08,224.231,1417.07,1.14667e-07,253.813,1783.15,-1.71227e-07,287.297,2243.62,-2.88466e-07,325.198,2822.67,-4.33651e-07,368.098,3550.67,7.9318e-08,416.657,4465.65,3.13319e-07,471.621,5615.16,3.4613e-07,533.835,7058.61,-1.19199e-07,604.255,8870.02,-2.79964e-07,683.962,11141.4,-2.30521e-07,774.182,13986.7,-2.55099e-07,876.299,17546.4,1.23585e-07,991.883,21993.1,1.41192e-07,1122.71,27536.7,-9.71886e-08,1270.78,34430.7,-3.68368e-07,1438.38,42977.7,-3.45379e-07,1628.07,53532.7,-3.25328e-09,1842.77,66504.6,2.6362e-07,2085.77,82350.2,2.53445e-07,2360.79,101560,-2.47407e-08,2672.05,124632,-3.80602e-07,3024.31,152018,-4.79005e-07,3422.98,184060,-1.14379e-07,3874.15,220884,2.64297e-07,4384.72,262283,3.44131e-07,4962.49,307576,7.5349e-08,5616.29,355497,-3.63097e-07,6356.1,404126,-6.05442e-07,7193.18,450932,-2.72333e-07,8140.28,492963,2.29675e-07,9211.79,527178,4.3387e-07,10424,550893,-1.0711e-07,10.102,8.06553,2.81012,10.6436,8.57909,0.869423,11.5336,10.2515,0.270869,12.7211,12.7138,0.0844293,14.1823,15.9373,0.0263173,15.9122,20.0383,0.0082035,17.9198,25.2154,0.00255722,20.2244,31.7373,0.000797017,22.8539,39.9486,0.000248622,25.8438,50.2851,7.75492e-05,29.237,63.2963,2.42508e-05,33.0837,79.6738,7.67162e-06,37.4415,100.288,2.32837e-06,42.3767,126.236,7.33e-07,47.9646,158.896,2.79256e-07,54.2906,200.003,9.87351e-09,61.452,251.741,1.61085e-07,69.5585,316.859,-2.47141e-07,78.7347,398.812,8.93552e-08,89.1218,501.948,-2.53231e-07,100.879,631.736,-1.25047e-07,114.188,795.049,-1.78808e-07,129.252,1000.53,2.6733e-07,146.304,1259.03,4.50292e-07,165.605,1584.19,6.76904e-07,187.452,1993.12,-1.23808e-07,212.181,2507.27,-4.89068e-07,240.173,3153.54,-5.40284e-07,271.856,3965.56,1.86061e-07,307.719,4985.38,4.37004e-07,348.313,6265.4,3.59828e-07,394.26,7870.83,3.98192e-07,446.268,9882.51,-1.92908e-07,505.135,12400.3,-2.20392e-07,571.766,15546.9,1.51705e-07,647.184,19472.2,5.74996e-07,732.547,24357.4,5.39112e-07,829.167,30420,5.07815e-09,938.526,37916.3,-4.11492e-07,1062.3,47143.9,-3.9561e-07,1202.4,58439.2,3.86185e-08,1360.96,72169.3,5.94093e-07,1540.42,88715.8,7.47693e-07,1743.53,108445,1.78537e-07,1973.41,131665,-4.12549e-07,2233.57,158557,-5.37164e-07,2528,189103,-1.17615e-07,2861.2,222986,5.66769e-07,3238.27,259510,9.45053e-07,3664.97,297540,4.25093e-07,4147.81,335497,-3.58506e-07,4694.17,371444,-6.7724e-07,5312.37,403256,1.67192e-07,1.61744,3.89446,9.84394,3.28846,7.5504,12.774,5.07607,11.7187,13.6844,7.03202,16.8147,13.9681,9.20215,23.1769,14.0566,11.6301,31.1672,14.0841,14.3598,41.2186,14.0927,17.4376,53.8688,14.0954,20.9137,69.7915,14.0962,24.8432,89.8341,14.0965,29.2879,115.063,14.0966,34.3168,146.819,14.0966,40.0078,186.792,14.0966,46.4487,237.107,14.0966,53.7388,300.44,14.0966,61.9903,380.158,14.0966,71.3301,480.499,14.0966,81.902,606.796,14.0966,93.8685,765.761,14.0966,107.414,965.837,14.0966,122.746,1217.65,14.0966,140.101,1534.57,14.0966,159.745,1933.41,14.0966,181.981,2435.3,14.0966,207.15,3066.85,14.0966,235.64,3861.46,14.0966,267.889,4861.11,14.0966,304.391,6118.54,14.0966,345.709,7699.91,14.0966,392.478,9688.22,14.0966,445.417,12187.5,14.0966,505.339,15327.7,14.0966,573.165,19271.6,14.0966,649.938,24222,14.0966,736.839,30430.9,14.0966,835.202,38211.5,14.0966,946.539,47950.3,14.0966,1072.56,60122.8,14.0966,1215.21,75309.9,14.0966,1376.66,94216.2,14.0966,1559.41,117688,14.0966,1766.26,146729,14.0966,2000.39,182510,14.0966,2265.39,226372,14.0966,2565.33,279806,14.0966,2904.81,344416,14.0966,3289.05,421845,14.0966,3723.93,513667,14.0966,4216.13,621231,14.0966,4773.18,745478,14.0966,5403.64,886744,14.0966,6117.15,1.04457e+06,14.0966,6924.63,1.2176e+06,14.0966,11.7194,11.96,12.6541,13.9321,16.1295,13.6434,16.6097,21.9702,13.9553,19.7532,29.5285,14.0526,23.3844,39.1143,14.0829,27.5423,51.2054,14.0923,32.2796,66.434,14.0953,37.662,85.6061,14.0962,43.7675,109.74,14.0965,50.687,140.119,14.0966,58.5249,178.359,14.0966,67.4005,226.493,14.0966,77.4493,287.08,14.0966,88.8254,363.343,14.0966,101.703,459.336,14.0966,116.281,580.161,14.0966,132.782,732.241,14.0966,151.46,923.655,14.0966,172.603,1164.57,14.0966,196.535,1467.79,14.0966,223.625,1849.39,14.0966,254.288,2329.62,14.0966,288.997,2933.93,14.0966,328.285,3694.33,14.0966,372.755,4651.04,14.0966,423.092,5854.57,14.0966,480.07,7368.38,14.0966,544.564,9272.08,14.0966,617.566,11665.5,14.0966,700.197,14673.6,14.0966,793.729,18452.9,14.0966,899.599,23198.6,14.0966,1019.43,29154.1,14.0966,1155.07,36622.3,14.0966,1308.6,45977.9,14.0966,1482.39,57683.7,14.0966,1679.09,72307.8,14.0966,1901.73,90542.8,14.0966,2153.73,113226,14.0966,2438.97,141360,14.0966,2761.81,176127,14.0966,3127.22,218898,14.0966,3540.81,271226,14.0966,4008.92,334817,14.0966,4538.74,411470,14.0966,5138.38,502973,14.0966,5817.04,610948,14.0966,6585.12,736653,14.0966,7454.39,880741,14.0966,8438.15,1.04302e+06,14.0966,9551.45,1.22224e+06,14.0966,10811.3,1.41602e+06,14.0966,12237,1.62086e+06,14.0966,11.7194,11.96,12.6541,2.21263,4.16949,0.989383,2.67766,5.84076,0.311842,3.14343,7.55825,0.0972771,3.63127,9.58578,0.0303237,4.15787,12.0912,0.00945211,4.73731,15.2286,0.00294633,5.38238,19.1721,0.000918508,6.10553,24.134,0.000286163,6.91951,30.3791,8.92692e-05,7.83792,38.2397,2.78121e-05,8.87555,48.1338,8.65134e-06,10.0489,60.5876,2.7882e-06,11.3761,76.2629,8.29036e-07,12.8779,95.9927,2.4373e-07,14.5775,120.825,4.33068e-09,16.5012,152.08,1.75749e-07,18.6784,191.415,-1.86328e-07,21.1428,240.917,1.91829e-07,23.9322,303.213,-1.81475e-07,27.0895,381.602,7.0186e-08,30.6634,480.231,-2.86769e-08,34.7087,604.316,2.40784e-07,39.2876,760.401,9.87368e-08,44.4705,956.705,1.22263e-07,50.3371,1203.54,-4.31966e-07,56.9776,1513.81,-1.9705e-07,64.494,1903.69,-2.763e-08,73.0018,2393.4,3.9185e-07,82.6317,3008.13,1.35379e-07,93.5318,3779.25,-4.16351e-08,105.869,4745.7,2.06965e-08,119.834,5955.6,-3.18887e-07,135.641,7468.12,-1.48271e-08,153.531,9355.62,2.00739e-07,173.781,11705.8,2.28358e-07,196.701,14624.1,-1.93587e-08,222.642,18235,-2.88101e-07,252.003,22683.4,-2.24732e-07,285.234,28134,8.56806e-09,322.845,34767,2.34258e-07,365.413,42770.9,2.99668e-07,413.588,52327.9,8.28644e-08,468.111,63591.2,-3.07049e-07,529.814,76653.2,-3.1888e-07,599.642,91502.5,-6.72276e-08,678.662,107975,2.26339e-07,768.083,125705,3.69212e-07,869.267,144088,2.04077e-07,983.76,162277,-2.80509e-07,1113.3,179223,-4.22737e-07,1259.87,193777,-1.71951e-07,1425.68,204839,4.55555e-07,11.7194,11.96,12.6541,2.21263,4.16949,0.989383,2.67766,5.84076,0.311842,3.14343,7.55825,0.0972771,3.63127,9.58578,0.0303237,4.15787,12.0912,0.00945211,4.73731,15.2286,0.00294633,5.38238,19.1721,0.000918508,6.10553,24.134,0.000286163,6.91951,30.3791,8.92692e-05,7.83792,38.2397,2.78121e-05,8.87555,48.1338,8.65134e-06,10.0489,60.5876,2.7882e-06,11.3761,76.2629,8.29036e-07,12.8779,95.9927,2.4373e-07,14.5775,120.825,1e-08,16.5012,152.08,1.75749e-07,18.6784,191.415,1e-08,21.1428,240.917,1.91829e-07,23.9322,303.213,1e-08,27.0895,381.602,7.0186e-08,30.6634,480.231,1e-08,34.7087,604.316,2.40784e-07,39.2876,760.401,9.87368e-08,44.4705,956.705,1.22263e-07,50.3371,1203.54,1e-08,56.9776,1513.81,1e-08,64.494,1903.69,1e-08,73.0018,2393.4,3.9185e-07,82.6317,3008.13,1.35379e-07,93.5318,3779.25,1e-08,105.869,4745.7,2.06965e-08,119.834,5955.6,1e-08,135.641,7468.12,1e-08,153.531,9355.62,2.00739e-07,173.781,11705.8,2.28358e-07,196.701,14624.1,1e-08,222.642,18235,1e-08,252.003,22683.4,1e-08,285.234,28134,1e-08,322.845,34767,2.34258e-07,365.413,42770.9,2.99668e-07,413.588,52327.9,8.28644e-08,468.111,63591.2,1e-08,529.814,76653.2,1e-08,599.642,91502.5,1e-08,678.662,107975,2.26339e-07,768.083,125705,3.69212e-07,869.267,144088,2.04077e-07,983.76,162277,1e-08,1113.3,179223,1e-08,1259.87,193777,1e-08,1425.68,204839,4.55555e-07,6.2823,3.27286,2.43537,0.219672,6.18826,2.24117,0.56371,6.87772,2.63624,0.308279,10,8,13,3,4,2,3,3,0,1,8,0,2,5,0,7,17,0,2,7,0,0,23,0,4,25,0,4,44,0,5,53,0,7,13,0,1,36,0,14,34,0,19,98,0,11,135,0,11,150,0,5,207,0,34,220,0,34,220,0,19,520,0,37,718,0,42,367,0,16,345,0,79,679,0,48,1390,0,77,2948,0,65,1813,0,57,1641,0,73,3992,0,58,3792,0,111,4871,0,167,6307,0,122,6021,0,125,9163,0,119,9619,0,156,12012,0,179,12570,0,280,19241,0,357,23381,0,143,83149,0,498,73020,0,304,16106,0,318,81752,0,227,78570,0,226,137544,0,831,47526,0,735,156049,0,938,205339,0,838,144368,0,1076,254583,0,857,93786,0,1589,460395,0
-1.05176e+08,1,8.88811e-15,10,1023,0,1.05176e+08,0.528882,1.08665,0.389689,0.145397,0.379329,3.24381,0.161596,0.446195,1.77396,0.159177,1.15e+07,4.49998e+06,6.79999e+06,1.15e+07,4.49997e+06,6.79999e+06,1.15e+07,4.49996e+06,6.79999e+06,1.15e+07,4.49995e+06,6.79999e+06,1.14999e+07,4.49993e+06,6.79999e+06,1.14999e+07,4.49991e+06,6.79999e+06,1.14999e+07,4.49989e+06,6.79999e+06,1.14999e+07,4.49986e+06,6.79999e+06,1.14999e+07,4.49982e+06,6.79999e+06,1.14999e+07,4.49977e+06,6.79999e+06,1.14999e+07,4.49971e+06,6.79999e+06,1.14999e+07,4.49963e+06,6.79999e+06,1.14998e+07,4.49953e+06,6.79999e+06,1.14998e+07,4.49941e+06,6.79999e+06,1.14998e+07,4.49926e+06,6.79999e+06,1.14998e+07,4.49906e+06,6.79999e+06,1.14997e+07,4.49882e+06,6.79999e+06,1.14997e+07,4.49851e+06,6.79999e+06,1.14997e+07,4.49812e+06,6.79999e+06,1.14996e+07,4.49764e+06,6.79999e+06,1.14996e+07,4.49702e+06,6.79999e+06,1.14995e+07,4.49625e+06,6.79999e+06,1.14995e+07,4.49528e+06,6.79999e+06,1.14994e+07,4.49406e+06,6.79999e+06,1.14993e+07,4.49253e+06,6.79999e+06,1.14992e+07,4.49059e+06,6.79999e+06,1.14991e+07,4.48817e+06,6.79999e+06,1.1499e+07,4.48511e+06,6.79999e+06,1.14988e+07,4.48128e+06,6.79999e+06,1.14987e+07,4.47646e+06,6.79999e+06,1.14985e+07,4.47041e+06,6.79999e+06,1.14983e+07,4.46281e+06,6.79999e+06,1.14981e+07,4.4533e+06,6.79999e+06,1.14979e+07,4.44138e+06,6.79999e+06,1.14976e+07,4.42649e+06,6.79999e+06,1.14972e+07,4.40789e+06,6.79999e+06,1.14969e+07,4.38471e+06,6.79999e+06,1.14965e+07,4.35592e+06,6.79999e+06,1.1496e+07,4.32027e+06,6.79999e+06,1.14955e+07,4.27629e+06,6.79999e+06,1.14949e+07,4.22231e+06,6.79999e+06,1.14942e+07,4.15647e+06,6.79999e+06,1.14934e+07,4.07676e+06,6.79999e+06,1.14926e+07,3.98112e+06,6.79999e+06,1.14916e+07,3.86765e+06,6.79999e+06,1.14905e+07,3.73474e+06,6.79999e+06,1.14892e+07,3.58148e+06,6.79999e+06,1.14878e+07,3.40785e+06,6.79999e+06,1.14862e+07,3.21513e+06,6.79999e+06,1.14844e+07,3.00605e+06,6.79999e+06,1.14823e+07,2.7848e+06,6.79999e+06,1.148e+07,2.5568e+06,6.79999e+06,1.14773e+07,2.32825e+06,6.79999e+06,13.5742,8.52444,0.508366,16.8306,13.2585,0.162638,20.0035,17.569,0.0507846,23.2616,22.4214,0.0158319,26.7328,28.3297,0.00493498,30.5212,35.6974,0.00153831,34.7178,44.9473,0.000479527,39.4086,56.5822,0.000149456,44.6796,71.2245,4.66214e-05,50.6209,89.6543,1.45419e-05,57.3297,112.852,4.54748e-06,64.9129,142.051,1.43857e-06,73.4897,178.803,4.36618e-07,83.1934,225.062,1.40153e-07,94.1745,283.286,4.96378e-08,106.602,356.568,1.05434e-07,120.669,448.799,-6.49244e-08,136.59,564.873,1.70148e-07,154.611,710.948,-5.34594e-08,175.008,894.767,1.63407e-07,198.097,1126.06,8.04804e-08,224.231,1417.07,1.14667e-07,253.813,1783.15,-1.71227e-07,287.297,2243.62,-2.88466e-07,325.198,2822.67,-4.33651e-07,368.098,3550.67,7.9318e-08,416.657,4465.65,3.13319e-07,471.621,5615.16,3.4613e-07,533.835,7058.61,-1.19199e-07,604.255,8870.02,-2.79964e-07,683.962,11141.4,-2.30521e-07,774.182,13986.7,-2.55099e-07,876.299,17546.4,1.23585e-07,991.883,21993.1,1.41192e-07,1122.71,27536.7,-9.71886e-08,1270.78,34430.7,-3.68368e-07,1438.38,42977.7,-3.45379e-07,1628.07,53532.7,-3.25328e-09,1842.77,66504.6,2.6362e-07,2085.77,82350.2,2.53445e-07,2360.79,101560,-2.47407e-08,2672.05,124632,-3.80602e-07,3024.31,152018,-4.79005e-07,3422.98,184060,-1.14379e-07,3874.15,220884,2.64297e-07,4384.72,262283,3.44131e-07,4962.49,307576,7.5349e-08,5616.29,355497,-3.63097e-07,6356.1,404126,-6.05442e-07,7193.18,450932,-2.72333e-07,8140.28,492963,2.29675e-07,9211.79,527178,4.3387e-07,10424,550893,-1.0711e-07,10.102,8.06553,2.81012,10.6436,8.57909,0.869423,11.5336,10.2515,0.270869,12.7211,12.7138,0.0844293,14.1823,15.9373,0.0263173,15.9122,20.0383,0.0082035,17.9198,25.2154,0.00255722,20.2244,31.7373,0.000797017,22.8539,39.9486,0.000248622,25.8438,50.2851,7.75492e-05,29.237,63.2963,2.42508e-05,33.0837,79.6738,7.67162e-06,37.4415,100.288,2.32837e-06,42.3767,126.236,7.33e-07,47.9646,158.896,2.79256e-07,54.2906,200.003,9.87351e-09,61.452,251.741,1.61085e-07,69.5585,316.859,-2.47141e-07,78.7347,398.812,8.93552e-08,89.1218,501.948,-2.53231e-07,100.879,631.736,-1.25047e-07,114.188,795.049,-1.78808e-07,129.252,1000.53,2.6733e-07,146.304,1259.03,4.50292e-07,165.605,1584.19,6.76904e-07,187.452,1993.12,-1.23808e-07,212.181,2507.27,-4.89068e-07,240.173,3153.54,-5.40284e-07,271.856,3965.56,1.86061e-07,307.719,4985.38,4.37004e-07,348.313,6265.4,3.59828e-07,394.26,7870.83,3.98192e-07,446.268,9882.51,-1.92908e-07,505.135,12400.3,-2.20392e-07,571.766,15546.9,1.51705e-07,647.184,19472.2,5.74996e-07,732.547,24357.4,5.39112e-07,829.167,30420,5.07815e-09,938.526,37916.3,-4.11492e-07,1062.3,47143.9,-3.9561e-07,1202.4,58439.2,3.86185e-08,1360.96,72169.3,5.94093e-07,1540.42,88715.8,7.47693e-07,1743.53,108445,1.78537e-07,1973.41,131665,-4.12549e-07,2233.57,158557,-5.37164e-07,2528,189103,-1.17615e-07,2861.2,222986,5.66769e-07,3238.27,259510,9.45053e-07,3664.97,297540,4.25093e-07,4147.81,335497,-3.58506e-07,4694.17,371444,-6.7724e-07,5312.37,403256,1.67192e-07,1.61744,3.89446,9.84394,3.28846,7.5504,12.774,5.07607,11.7187,13.6844,7.03202,16.8147,13.9681,9.20215,23.1769,14.0566,11.6301,31.1672,14.0841,14.3598,41.2186,14.0927,17.4376,53.8688,14.0954,20.9137,69.7915,14.0962,24.8432,89.8341,14.0965,29.2879,115.063,14.0966,34.3168,146.819,14.0966,40.0078,186.792,14.0966,46.4487,237.107,14.0966,53.7388,300.44,14.0966,61.9903,380.158,14.0966,71.3301,480.499,14.0966,81.902,606.796,14.0966,93.8685,765.761,14.0966,107.414,965.837,14.0966,122.746,1217.65,14.0966,140.101,1534.57,14.0966,159.745,1933.41,14.0966,181.981,2435.3,14.0966,207.15,3066.85,14.0966,235.64,3861.46,14.0966,267.889,4861.11,14.0966,304.391,6118.54,14.0966,345.709,7699.91,14.0966,392.478,9688.22,14.0966,445.417,12187.5,14.0966,505.339,15327.7,14.0966,573.165,19271.6,14.0966,649.938,24222,14.0966,736.839,30430.9,14.0966,835.202,38211.5,14.0966,946.539,47950.3,14.0966,1072.56,60122.8,14.0966,1215.21,75309.9,14.0966,1376.66,94216.2,14.0966,1559.41,117688,14.0966,1766.26,146729,14.0966,2000.39,182510,14.0966,2265.39,226372,14.0966,2565.33,279806,14.0966,2904.81,344416,14.0966,3289.05,421845,14.0966,3723.93,513667,14.0966,4216.13,621231,14.0966,4773.18,745478,14.0966,5403.64,886744,14.0966,6117.15,1.04457e+06,14.0966,6924.63,1.2176e+06,14.0966,11.7194,11.96,12.6541,13.9321,16.1295,13.6434,16.6097,21.9702,13.9553,19.7532,29.5285,14.0526,23.3844,39.1143,14.0829,27.5423,51.2054,14.0923,32.2796,66.434,14.0953,37.662,85.6061,14.0962,43.7675,109.74,14.0965,50.687,140.119,14.0966,58.5249,178.359,14.0966,67.4005,226.493,14.0966,77.4493,287.08,14.0966,88.8254,363.343,14.0966,101.703,459.336,14.0966,116.281,580.161,14.0966,132.782,732.241,14.0966,151.46,923.655,14.0966,172.603,1164.57,14.0966,196.535,1467.79,14.0966,223.625,1849.39,14.0966,254.288,2329.62,14.0966,288.997,2933.93,14.0966,328.285,3694.33,14.0966,372.755,4651.04,14.0966,423.092,5854.57,14.0966,480.07,7368.38,14.0966,544.564,9272.08,14.0966,617.566,11665.5,14.0966,700.197,14673.6,14.0966,793.729,18452.9,14.0966,899.599,23198.6,14.0966,1019.43,29154.1,14.0966,1155.07,36622.3,14.0966,1308.6,45977.9,14.0966,1482.39,57683.7,14.0966,1679.09,72307.8,14.0966,1901.73,90542.8,14.0966,2153.73,113226,14.0966,2438.97,141360,14.0966,2761.81,176127,14.0966,3127.22,218898,14.0966,3540.81,271226,14.0966,4008.92,334817,14.0966,4538.74,411470,14.0966,5138.38,502973,14.0966,5817.04,610948,14.0966,6585.12,736653,14.0966,7454.39,880741,14.0966,8438.15,1.04302e+06,14.0966,9551.45,1.22224e+06,14.0966,10811.3,1.41602e+06,14.0966,12237,1.62086e+06,14.0966,11.7194,11.96,12.6541,2.21263,4.16949,0.989383,2.67766,5.84076,0.311842,3.14343,7.55825,0.0972771,3.63127,9.58578,0.0303237,4.15787,12.0912,0.00945211,4.73731,15.2286,0.00294633,5.38238,19.1721,0.000918508,6.10553,24.134,0.000286163,6.91951,30.3791,8.92692e-05,7.83792,38.2397,2.78121e-05,8.87555,48.1338,8.65134e-06,10.0489,60.5876,2.7882e-06,11.3761,76.2629,8.29036e-07,12.8779,95.9927,2.4373e-07,14.5775,120.825,4.33068e-09,16.5012,152.08,1.75749e-07,18.6784,191.415,-1.86328e-07,21.1428,240.917,1.91829e-07,23.9322,303.213,-1.81475e-07,27.0895,381.602,7.0186e-08,30.6634,480.231,-2.86769e-08,34.7087,604.316,2.40784e-07,39.2876,760.401,9.87368e-08,44.4705,956.705,1.22263e-07,50.3371,1203.54,-4.31966e-07,56.9776,1513.81,-1.9705e-07,64.494,1903.69,-2.763e-08,73.0018,2393.4,3.9185e-07,82.6317,3008.13,1.35379e-07,93.5318,3779.25,-4.16351e-08,105.869,4745.7,2.06965e-08,119.834,5955.6,-3.18887e-07,135.641,7468.12,-1.48271e-08,153.531,9355.62,2.00739e-07,173.781,11705.8,2.28358e-07,196.701,14624.1,-1.93587e-08,222.642,18235,-2.88101e-07,252.003,22683.4,-2.24732e-07,285.234,28134,8.56806e-09,322.845,34767,2.34258e-07,365.413,42770.9,2.99668e-07,413.588,52327.9,8.28644e-08,468.111,63591.2,-3.07049e-07,529.814,76653.2,-3.1888e-07,599.642,91502.5,-6.72276e-08,678.662,107975,2.26339e-07,768.083,125705,3.69212e-07,869.267,144088,2.04077e-07,983.76,162277,-2.80509e-07,1113.3,179223,-4.22737e-07,1259.87,193777,-1.71951e-07,1425.68,204839,4.55555e-07,11.7194,11.96,12.6541,2.21263,4.16949,0.989383,2.67766,5.84076,0.311842,3.14343,7.55825,0.0972771,3.63127,9.58578,0.0303237,4.15787,12.0912,0.00945211,4.73731,15.2286,0.00294633,5.38238,19.1721,0.000918508,6.10553,24.134,0.000286163,6.91951,30.3791,8.92692e-05,7.83792,38.2397,2.78121e-05,8.87555,48.1338,8.65134e-06,10.0489,60.5876,2.7882e-06,11.3761,76.2629,8.29036e-07,12.8779,95.9927,2.4373e-07,14.5775,120.825,1e-08,16.5012,152.08,1.75749e-07,18.6784,191.415,1e-08,21.1428,240.917,1.91829e-07,23.9322,303.213,1e-08,27.0895,381.602,7.0186e-08,30.6634,480.231,1e-08,34.7087,604.316,2.40784e-07,39.2876,760.401,9.87368e-08,44.4705,956.705,1.22263e-07,50.3371,1203.54,1e-08,56.9776,1513.81,1e-08,64.494,1903.69,1e-08,73.0018,2393.4,3.9185e-07,82.6317,3008.13,1.35379e-07,93.5318,3779.25,1e-08,105.869,4745.7,2.06965e-08,119.834,5955.6,1e-08,135.641,7468.12,1e-08,153.531,9355.62,2.00739e-07,173.781,11705.8,2.28358e-07,196.701,14624.1,1e-08,222.642,18235,1e-08,252.003,22683.4,1e-08,285.234,28134,1e-08,322.845,34767,2.34258e-07,365.413,42770.9,2.99668e-07,413.588,52327.9,8.28644e-08,468.111,63591.2,1e-08,529.814,76653.2,1e-08,599.642,91502.5,1e-08,678.662,107975,2.26339e-07,768.083,125705,3.69212e-07,869.267,144088,2.04077e-07,983.76,162277,1e-08,1113.3,179223,1e-08,1259.87,193777,1e-08,1425.68,204839,4.55555e-07,6.2823,3.27286,2.43537,0.219672,6.18826,2.24117,0.56371,6.87772,2.63624,0.308279,3,8,14,2,2,1,1,6,1,2,5,0,2,13,0,3,14,0,2,14,0,10,15,0,1,41,0,3,46,0,4,52,0,6,61,0,13,53,0,9,55,0,3,139,0,12,77,0,26,105,0,22,178,0,27,251,0,10,331,0,22,533,0,10,274,0,34,1214,0,44,402,0,34,630,0,114,830,0,47,1022,0,34,2120,0,58,2988,0,111,2988,0,30,2257,0,90,3775,0,177,8449,0,174,3237,0,234,11303,0,152,8011,0,241,12634,0,230,12340,0,518,20285,0,315,27233,0,369,28836,0,312,24095,0,134,65307,0,465,56909,0,668,73465,0,698,122050,0,764,62419,0,706,195271,0,363,165263,0,912,175570,0,923,224550,0,1507,88569,0,266,58066,0
-1.05176e+08,1,8.88811e-15,10,1023,0,1.05176e+08,0.528882,1.08665,0.389689,0.145397,0.379329,3.24381,0.161596,0.446195,1.77396,0.159177,1.15e+07,4.49998e+06,6.79999e+06,1.15e+07,4.49997e+06,6.79999e+06,1.15e+07,4.49996e+06,6.79999e+06,1.15e+07,4.49995e+06,6.79999e+06,1.14999e+07,4.49993e+06,6.79999e+06,1.14999e+07,4.49991e+06,6.79999e+06,1.14999e+07,4.49989e+06,6.79999e+06,1.14999e+07,4.49986e+06,6.79999e+06,1.14999e+07,4.49982e+06,6.79999e+06,1.14999e+07,4.49977e+06,6.79999e+06,1.14999e+07,4.49971e+06,6.79999e+06,1.14999e+07,4.49963e+06,6.79999e+06,1.14998e+07,4.49953e+06,6.79999e+06,1.14998e+07,4.49941e+06,6.79999e+06,1.14998e+07,4.49926e+06,6.79999e+06,1.14998e+07,4.49906e+06,6.79999e+06,1.14997e+07,4.49882e+06,6.79999e+06,1.14997e+07,4.49851e+06,6.79999e+06,1.14997e+07,4.49812e+06,6.79999e+06,1.14996e+07,4.49764e+06,6.79999e+06,1.14996e+07,4.49702e+06,6.79999e+06,1.14995e+07,4.49625e+06,6.79999e+06,1.14995e+07,4.49528e+06,6.79999e+06,1.14994e+07,4.49406e+06,6.79999e+06,1.14993e+07,4.49253e+06,6.79999e+06,1.14992e+07,4.49059e+06,6.79999e+06,1.14991e+07,4.48817e+06,6.79999e+06,1.1499e+07,4.48511e+06,6.79999e+06,1.14988e+07,4.48128e+06,6.79999e+06,1.14987e+07,4.47646e+06,6.79999e+06,1.14985e+07,4.47041e+06,6.79999e+06,1.14983e+07,4.46281e+06,6.79999e+06,1.14981e+07,4.4533e+06,6.79999e+06,1.14979e+07,4.44138e+06,6.79999e+06,1.14976e+07,4.42649e+06,6.79999e+06,1.14972e+07,4.40789e+06,6.79999e+06,1.14969e+07,4.38471e+06,6.79999e+06,1.14965e+07,4.35592e+06,6.79999e+06,1.1496e+07,4.32027e+06,6.79999e+06,1.14955e+07,4.27629e+06,6.79999e+06,1.14949e+07,4.22231e+06,6.79999e+06,1.14942e+07,4.15647e+06,6.79999e+06,1.14934e+07,4.07676e+06,6.79999e+06,1.14926e+07,3.98112e+06,6.79999e+06,1.14916e+07,3.86765e+06,6.79999e+06,1.14905e+07,3.73474e+06,6.79999e+06,1.14892e+07,3.58148e+06,6.79999e+06,1.14878e+07,3.40785e+06,6.79999e+06,1.14862e+07,3.21513e+06,6.79999e+06,1.14844e+07,3.00605e+06,6.79999e+06,1.14823e+07,2.7848e+06,6.79999e+06,1.148e+07,2.5568e+06,6.79999e+06,1.14773e+07,2.32825e+06,6.79999e+06,13.5742,8.52444,0.508366,16.8306,13.2585,0.162638,20.0035,17.569,0.0507846,23.2616,22.4214,0.0158319,26.7328,28.3297,0.00493498,30.5212,35.6974,0.00153831,34.7178,44.9473,0.000479527,39.4086,56.5822,0.000149456,44.6796,71.2245,4.66214e-05,50.6209,89.6543,1.45419e-05,57.3297,112.852,4.54748e-06,64.9129,142.051,1.43857e-06,73.4897,178.803,4.36618e-07,83.1934,225.062,1.40153e-07,94.1745,283.286,4.96378e-08,106.602,356.568,1.05434e-07,120.669,448.799,-6.49244e-08,136.59,564.873,1.70148e-07,154.611,710.948,-5.34594e-08,175.008,894.767,1.63407e-07,198.097,1126.06,8.04804e-08,224.231,1417.07,1.14667e-07,253.813,1783.15,-1.71227e-07,287.297,2243.62,-2.88466e-07,325.198,2822.67,-4.33651e-07,368.098,3550.67,7.9318e-08,416.657,4465.65,3.13319e-07,471.621,5615.16,3.4613e-07,533.835,7058.61,-1.19199e-07,604.255,8870.02,-2.79964e-07,683.962,11141.4,-2.30521e-07,774.182,13986.7,-2.55099e-07,876.299,17546.4,1.23585e-07,991.883,21993.1,1.41192e-07,1122.71,27536.7,-9.71886e-08,1270.78,34430.7,-3.68368e-07,1438.38,42977.7,-3.45379e-07,1628.07,53532.7,-3.25328e-09,1842.77,66504.6,2.6362e-07,2085.77,82350.2,2.53445e-07,2360.79,101560,-2.47407e-08,2672.05,124632,-3.80602e-07,3024.31,152018,-4.79005e-07,3422.98,184060,-1.14379e-07,3874.15,220884,2.64297e-07,4384.72,262283,3.44131e-07,4962.49,307576,7.5349e-08,5616.29,355497,-3.63097e-07,6356.1,404126,-6.05442e-07,7193.18,450932,-2.72333e-07,8140.28,492963,2.29675e-07,9211.79,527178,4.3387e-07,10424,550893,-1.0711e-07,10.102,8.06553,2.81012,10.6436,8.57909,0.869423,11.5336,10.2515,0.270869,12.7211,12.7138,0.0844293,14.1823,15.9373,0.0263173,15.9122,20.0383,0.0082035,17.9198,25.2154,0.00255722,20.2244,31.7373,0.000797017,22.8539,39.9486,0.000248622,25.8438,50.2851,7.75492e-05,29.237,63.2963,2.42508e-05,33.0837,79.6738,7.67162e-06,37.4415,100.288,2.32837e-06,42.3767,126.236,7.33e-07,47.9646,158.896,2.79256e-07,54.2906,200.003,9.87351e-09,61.452,251.741,1.61085e-07,69.5585,316.859,-2.47141e-07,78.7347,398.812,8.93552e-08,89.1218,501.948,-2.53231e-07,100.879,631.736,-1.25047e-07,114.188,795.049,-1.78808e-07,129.252,1000.53,2.6733e-07,146.304,1259.03,4.50292e-07,165.605,1584.19,6.76904e-07,187.452,1993.12,-1.23808e-07,212.181,2507.27,-4.89068e-07,240.173,3153.54,-5.40284e-07,271.856,3965.56,1.86061e-07,307.719,4985.38,4.37004e-07,348.313,6265.4,3.59828e-07,394.26,7870.83,3.98192e-07,446.268,9882.51,-1.92908e-07,505.135,12400.3,-2.20392e-07,571.766,15546.9,1.51705e-07,647.184,19472.2,5.74996e-07,732.547,24357.4,5.39112e-07,829.167,30420,5.07815e-09,938.526,37916.3,-4.11492e-07,1062.3,47143.9,-3.9561e-07,1202.4,58439.2,3.86185e-08,1360.96,72169.3,5.94093e-07,1540.42,88715.8,7.47693e-07,1743.53,108445,1.78537e-07,1973.41,131665,-4.12549e-07,2233.57,158557,-5.37164e-07,2528,189103,-1.17615e-07,2861.2,222986,5.66769e-07,3238.27,259510,9.45053e-07,3664.97,297540,4.25093e-07,4147.81,335497,-3.58506e-07,4694.17,371444,-6.7724e-07,5312.37,403256,1.67192e-07,1.61744,3.89446,9.84394,3.28846,7.5504,12.774,5.07607,11.7187,13.6844,7.03202,16.8147,13.9681,9.20215,23.1769,14.0566,11.6301,31.1672,14.0841,14.3598,41.2186,14.0927,17.4376,53.8688,14.0954,20.9137,69.7915,14.0962,24.8432,89.8341,14.0965,29.2879,115.063,14.0966,34.3168,146.819,14.0966,40.0078,186.792,14.0966,46.4487,237.107,14.0966,53.7388,300.44,14.0966,61.9903,380.158,14.0966,71.3301,480.499,14.0966,81.902,606.796,14.0966,93.8685,765.761,14.0966,107.414,965.837,14.0966,122.746,1217.65,14.0966,140.101,1534.57,14.0966,159.745,1933.41,14.0966,181.981,2435.3,14.0966,207.15,3066.85,14.0966,235.64,3861.46,14.0966,267.889,4861.11,14.0966,304.391,6118.54,14.0966,345.709,7699.91,14.0966,392.478,9688.22,14.0966,445.417,12187.5,14.0966,505.339,15327.7,14.0966,573.165,19271.6,14.0966,649.938,24222,14.0966,736.839,30430.9,14.0966,835.202,38211.5,14.0966,946.539,47950.3,14.0966,1072.56,60122.8,14.0966,1215.21,75309.9,14.0966,1376.66,94216.2,14.0966,1559.41,117688,14.0966,1766.26,146729,14.0966,2000.39,182510,14.0966,2265.39,226372,14.0966,2565.33,279806,14.0966,2904.81,344416,14.0966,3289.05,421845,14.0966,3723.93,513667,14.0966,4216.13,621231,14.0966,4773.18,745478,14.0966,5403.64,886744,14.0966,6117.15,1.04457e+06,14.0966,6924.63,1.2176e+06,14.0966,11.7194,11.96,12.6541,13.9321,16.1295,13.6434,16.6097,21.9702,13.9553,19.7532,29.5285,14.0526,23.3844,39.1143,14.0829,27.5423,51.2054,14.0923,32.2796,66.434,14.0953,37.662,85.6061,14.0962,43.7675,109.74,14.0965,50.687,140.119,14.0966,58.5249,178.359,14.0966,67.4005,226.493,14.0966,77.4493,287.08,14.0966,88.8254,363.343,14.0966,101.703,459.336,14.0966,116.281,580.161,14.0966,132.782,732.241,14.0966,151.46,923.655,14.0966,172.603,1164.57,14.0966,196.535,1467.79,14.0966,223.625,1849.39,14.0966,254.288,2329.62,14.0966,288.997,2933.93,14.0966,328.285,3694.33,14.0966,372.755,4651.04,14.0966,423.092,5854.57,14.0966,480.07,7368.38,14.0966,544.564,9272.08,14.0966,617.566,11665.5,14.0966,700.197,14673.6,14.0966,793.729,18452.9,14.0966,899.599,23198.6,14.0966,1019.43,29154.1,14.0966,1155.07,36622.3,14.0966,1308.6,45977.9,14.0966,1482.39,57683.7,14.0966,1679.09,72307.8,14.0966,1901.73,90542.8,14.0966,2153.73,113226,14.0966,2438.97,141360,14.0966,2761.81,176127,14.0966,3127.22,218898,14.0966,3540.81,271226,14.0966,4008.92,334817,14.0966,4538.74,411470,14.0966,5138.38,502973,14.0966,5817.04,610948,14.0966,6585.12,736653,14.0966,7454.39,880741,14.0966,8438.15,1.04302e+06,14.0966,9551.45,1.22224e+06,14.0966,10811.3,1.41602e+06,14.0966,12237,1.62086e+06,14.0966,11.7194,11.96,12.6541,2.21263,4.16949,0.989383,2.67766,5.84076,0.311842,3.14343,7.55825,0.0972771,3.63127,9.58578,0.0303237,4.15787,12.0912,0.00945211,4.73731,15.2286,0.00294633,5.38238,19.1721,0.000918508,6.10553,24.134,0.000286163,6.91951,30.3791,8.92692e-05,7.83792,38.2397,2.78121e-05,8.87555,48.1338,8.65134e-06,10.0489,60.5876,2.7882e-06,11.3761,76.2629,8.29036e-07,12.8779,95.9927,2.4373e-07,14.5775,120.825,4.33068e-09,16.5012,152.08,1.75749e-07,18.6784,191.415,-1.86328e-07,21.1428,240.917,1.91829e-07,23.9322,303.213,-1.81475e-07,27.0895,381.602,7.0186e-08,30.6634,480.231,-2.86769e-08,34.7087,604.316,2.40784e-07,39.2876,760.401,9.87368e-08,44.4705,956.705,1.22263e-07,50.3371,1203.54,-4.31966e-07,56.9776,1513.81,-1.9705e-07,64.494,1903.69,-2.763e-08,73.0018,2393.4,3.9185e-07,82.6317,3008.13,1.35379e-07,93.5318,3779.25,-4.16351e-08,105.869,4745.7,2.06965e-08,119.834,5955.6,-3.18887e-07,135.641,7468.12,-1.48271e-08,153.531,9355.62,2.00739e-07,173.781,11705.8,2.28358e-07,196.701,14624.1,-1.93587e-08,222.642,18235,-2.88101e-07,252.003,22683.4,-2.24732e-07,285.234,28134,8.56806e-09,322.845,34767,2.34258e-07,365.413,42770.9,2.99668e-07,413.588,52327.9,8.28644e-08,468.111,63591.2,-3.07049e-07,529.814,76653.2,-3.1888e-07,599.642,91502.5,-6.72276e-08,678.662,107975,2.26339e-07,768.083,125705,3.69212e-07,869.267,144088,2.04077e-07,983.76,162277,-2.80509e-07,1113.3,179223,-4.22737e-07,1259.87,193777,-1.71951e-07,1425.68,204839,4.55555e-07,11.7194,11.96,12.6541,2.21263,4.16949,0.989383,2.67766,5.84076,0.311842,3.14343,7.55825,0.0972771,3.63127,9.58578,0.0303237,4.15787,12.0912,0.00945211,4.73731,15.2286,0.00294633,5.38238,19.1721,0.000918508,6.10553,24.134,0.000286163,6.91951,30.3791,8.92692e-05,7.83792,38.2397,2.78121e-05,8.87555,48.1338,8.65134e-06,10.0489,60.5876,2.7882e-06,11.3761,76.2629,8.29036e-07,12.8779,95.9927,2.4373e-07,14.5775,120.825,1e-08,16.5012,152.08,1.75749e-07,18.6784,191.415,1e-08,21.1428,240.917,1.91829e-07,23.9322,303.213,1e-08,27.0895,381.602,7.0186e-08,30.6634,480.231,1e-08,34.7087,604.316,2.40784e-07,39.2876,760.401,9.87368e-08,44.4705,956.705,1.22263e-07,50.3371,1203.54,1e-08,56.9776,1513.81,1e-08,64.494,1903.69,1e-08,73.0018,2393.4,3.9185e-07,82.6317,3008.13,1.35379e-07,93.5318,3779.25,1e-08,105.869,4745.7,2.06965e-08,119.834,5955.6,1e-08,135.641,7468.12,1e-08,153.531,9355.62,2.00739e-07,173.781,11705.8,2.28358e-07,196.701,14624.1,1e-08,222.642,18235,1e-08,252.003,22683.4,1e-08,285.234,28134,1e-08,322.845,34767,2.34258e-07,365.413,42770.9,2.99668e-07,413.588,52327.9,8.28644e-08,468.111,63591.2,1e-08,529.814,76653.2,1e-08,599.642,91502.5,1e-08,678.662,107975,2.26339e-07,768.083,125705,3.69212e-07,869.267,144088,2.04077e-07,983.76,162277,1e-08,1113.3,179223,1e-08,1259.87,193777,1e-08,1425.68,204839,4.55555e-07,6.2823,3.27286,2.43537,0.219672,6.18826,2.24117,0.56371,6.87772,2.63624,0.308279,16,7,6,0,1,1,1,2,0,2,7,0,3,8,0,5,8,0,4,11,0,0,8,0,3,24,0,2,48,0,5,24,0,8,79,0,13,50,0,16,34,0,17,106,0,11,85,0,28,50,0,24,105,0,28,288,0,19,471,0,21,397,0,29,936,0,17,313,0,20,1339,0,31,897,0,85,1088,0,34,1740,0,81,1514,0,65,2516,0,68,2192,0,53,2565,0,117,5140,0,136,8992,0,221,8793,0,114,13786,0,178,18106,0,193,21791,0,145,19528,0,377,45689,0,307,19571,0,588,28238,0,300,26937,0,199,95250,0,743,11281,0,812,79741,0,849,37405,0,456,123670,0,491,96249,0,1105,112710,0,1602,209149,0,1587,179277,0,1473,80893,0,1337,185589,0
-1.05176e+08,1,8.88811e-15,10,1023,0,1.05176e+08,0.528882,1.08665,0.389689,0.145397,0.379329,3.24381,0.161596,0.446195,1.77396,0.159177,1.15e+07,4.49998e+06,6.79999e+06,1.15e+07,4.49997e+06,6.79999e+06,1.15e+07,4.49996e+06,6.79999e+06,1.15e+07,4.49995e+06,6.79999e+06,1.14999e+07,4.49993e+06,6.79999e+06,1.14999e+07,4.49991e+06,6.79999e+06,1.14999e+07,4.49989e+06,6.79999e+06,1.14999e+07,4.49986e+06,6.79999e+06,1.14999e+07,4.49982e+06,6.79999e+06,1.14999e+07,4.49977e+06,6.79999e+06,1.14999e+07,4.49971e+06,6.79999e+06,1.14999e+07,4.49963e+06,6.79999e+06,1.14998e+07,4.49953e+06,6.79999e+06,1.14998e+07,4.49941e+06,6.79999e+06,1.14998e+07,4.49926e+06,6.79999e+06,1.14998e+07,4.49906e+06,6.79999e+06,1.14997e+07,4.49882e+06,6.79999e+06,1.14997e+07,4.49851e+06,6.79999e+06,1.14997e+07,4.49812e+06,6.79999e+06,1.14996e+07,4.49764e+06,6.79999e+06,1.14996e+07,4.49702e+06,6.79999e+06,1.14995e+07,4.49625e+06,6.79999e+06,1.14995e+07,4.49528e+06,6.79999e+06,1.14994e+07,4.49406e+06,6.79999e+06,1.14993e+07,4.49253e+06,6.79999e+06,1.14992e+07,4.49059e+06,6.79999e+06,1.14991e+07,4.48817e+06,6.79999e+06,1.1499e+07,4.48511e+06,6.79999e+06,1.14988e+07,4.48128e+06,6.79999e+06,1.14987e+07,4.47646e+06,6.79999e+06,1.14985e+07,4.47041e+06,6.79999e+06,1.14983e+07,4.46281e+06,6.79999e+06,1.14981e+07,4.4533e+06,6.79999e+06,1.14979e+07,4.44138e+06,6.79999e+06,1.14976e+07,4.42649e+06,6.79999e+06,1.14972e+07,4.40789e+06,6.79999e+06,1.14969e+07,4.38471e+06,6.79999e+06,1.14965e+07,4.35592e+06,6.79999e+06,1.1496e+07,4.32027e+06,6.79999e+06,1.14955e+07,4.27629e+06,6.79999e+06,1.14949e+07,4.22231e+06,6.79999e+06,1.14942e+07,4.15647e+06,6.79999e+06,1.14934e+07,4.07676e+06,6.79999e+06,1.14926e+07,3.98112e+06,6.79999e+06,1.14916e+07,3.86765e+06,6.79999e+06,1.14905e+07,3.73474e+06,6.79999e+06,1.14892e+07,3.58148e+06,6.79999e+06,1.14878e+07,3.40785e+06,6.79999e+06,1.14862e+07,3.21513e+06,6.79999e+06,1.14844e+07,3.00605e+06,6.79999e+06,1.14823e+07,2.7848e+06,6.79999e+06,1.148e+07,2.5568e+06,6.79999e+06,1.14773e+07,2.32825e+06,6.79999e+06,13.5742,8.52444,0.508366,16.8306,13.2585,0.162638,20.0035,17.569,0.0507846,23.2616,22.4214,0.0158319,26.7328,28.3297,0.00493498,30.5212,35.6974,0.00153831,34.7178,44.9473,0.000479527,39.4086,56.5822,0.000149456,44.6796,71.2245,4.66214e-05,50.6209,89.6543,1.45419e-05,57.3297,112.852,4.54748e-06,64.9129,142.051,1.43857e-06,73.4897,178.803,4.36618e-07,83.1934,225.062,1.40153e-07,94.1745,283.286,4.96378e-08,106.602,356.568,1.05434e-07,120.669,448.799,-6.49244e-08,136.59,564.873,1.70148e-07,154.611,710.948,-5.34594e-08,175.008,894.767,1.63407e-07,198.097,1126.06,8.04804e-08,224.231,1417.07,1.14667e-07,253.813,1783.15,-1.71227e-07,287.297,2243.62,-2.88466e-07,325.198,2822.67,-4.33651e-07,368.098,3550.67,7.9318e-08,416.657,4465.65,3.13319e-07,471.621,5615.16,3.4613e-07,533.835,7058.61,-1.19199e-07,604.255,8870.02,-2.79964e-07,683.962,11141.4,-2.30521e-07,774.182,13986.7,-2.55099e-07,876.299,17546.4,1.23585e-07,991.883,21993.1,1.41192e-07,1122.71,27536.7,-9.71886e-08,1270.78,34430.7,-3.68368e-07,1438.38,42977.7,-3.45379e-07,1628.07,53532.7,-3.25328e-09,1842.77,66504.6,2.6362e-07,2085.77,82350.2,2.53445e-07,2360.79,101560,-2.47407e-08,2672.05,124632,-3.80602e-07,3024.31,152018,-4.79005e-07,3422.98,184060,-1.14379e-07,3874.15,220884,2.64297e-07,4384.72,262283,3.44131e-07,4962.49,307576,7.5349e-08,5616.29,355497,-3.63097e-07,6356.1,404126,-6.05442e-07,7193.18,450932,-2.72333e-07,8140.28,492963,2.29675e-07,9211.79,527178,4.3387e-07,10424,550893,-1.0711e-07,10.102,8.06553,2.81012,10.6436,8.57909,0.869423,11.5336,10.2515,0.270869,12.7211,12.7138,0.0844293,14.1823,15.9373,0.0263173,15.9122,20.0383,0.0082035,17.9198,25.2154,0.00255722,20.2244,31.7373,0.000797017,22.8539,39.9486,0.000248622,25.8438,50.2851,7.75492e-05,29.237,63.2963,2.42508e-05,33.0837,79.6738,7.67162e-06,37.4415,100.288,2.32837e-06,42.3767,126.236,7.33e-07,47.9646,158.896,2.79256e-07,54.2906,200.003,9.87351e-09,61.452,251.741,1.61085e-07,69.5585,316.859,-2.47141e-07,78.7347,398.812,8.93552e-08,89.1218,501.948,-2.53231e-07,100.879,631.736,-1.25047e-07,114.188,795.049,-1.78808e-07,129.252,1000.53,2.6733e-07,146.304,1259.03,4.50292e-07,165.605,1584.19,6.76904e-07,187.452,1993.12,-1.23808e-07,212.181,2507.27,-4.89068e-07,240.173,3153.54,-5.40284e-07,271.856,3965.56,1.86061e-07,307.719,4985.38,4.37004e-07,348.313,6265.4,3.59828e-07,394.26,7870.83,3.98192e-07,446.268,9882.51,-1.92908e-07,505.135,12400.3,-2.20392e-07,571.766,15546.9,1.51705e-07,647.184,19472.2,5.74996e-07,732.547,24357.4,5.39112e-07,829.167,30420,5.07815e-09,938.526,37916.3,-4.11492e-07,1062.3,47143.9,-3.9561e-07,1202.4,58439.2,3.86185e-08,1360.96,72169.3,5.94093e-07,1540.42,88715.8,7.47693e-07,1743.53,108445,1.78537e-07,1973.41,131665,-4.12549e-07,2233.57,158557,-5.37164e-07,2528,189103,-1.17615e-07,2861.2,222986,5.66769e-07,3238.27,259510,9.45053e-07,3664.97,297540,4.25093e-07,4147.81,335497,-3.58506e-07,4694.17,371444,-6.7724e-07,5312.37,403256,1.67192e-07,1.61744,3.89446,9.84394,3.28846,7.5504,12.774,5.07607,11.7187,13.6844,7.03202,16.8147,13.9681,9.20215,23.1769,14.0566,11.6301,31.1672,14.0841,14.3598,41.2186,14.0927,17.4376,53.8688,14.0954,20.9137,69.7915,14.0962,24.8432,89.8341,14.0965,29.2879,115.063,14.0966,34.3168,146.819,14.0966,40.0078,186.792,14.0966,46.4487,237.107,14.0966,53.7388,300.44,14.0966,61.9903,380.158,14.0966,71.3301,480.499,14.0966,81.902,606.796,14.0966,93.8685,765.761,14.0966,107.414,965.837,14.0966,122.746,1217.65,14.0966,140.101,1534.57,14.0966,159.745,1933.41,14.0966,181.981,2435.3,14.0966,207.15,3066.85,14.0966,235.64,3861.46,14.0966,267.889,4861.11,14.0966,304.391,6118.54,14.0966,345.709,7699.91,14.0966,392.478,9688.22,14.0966,445.417,12187.5,14.0966,505.339,15327.7,14.0966,573.165,19271.6,14.0966,649.938,24222,14.0966,736.839,30430.9,14.0966,835.202,38211.5,14.0966,946.539,47950.3,14.0966,1072.56,60122.8,14.0966,1215.21,75309.9,14.0966,1376.66,94216.2,14.0966,1559.41,117688,14.0966,1766.26,146729,14.0966,2000.39,182510,14.0966,2265.39,226372,14.0966,2565.33,279806,14.0966,2904.81,344416,14.0966,3289.05,421845,14.0966,3723.93,513667,14.0966,4216.13,621231,14.0966,4773.18,745478,14.0966,5403.64,886744,14.0966,6117.15,1.04457e+06,14.0966,6924.63,1.2176e+06,14.0966,11.7194,11.96,12.6541,13.9321,16.1295,13.6434,16.6097,21.9702,13.9553,19.7532,29.5285,14.0526,23.3844,39.1143,14.0829,27.5423,51.2054,14.0923,32.2796,66.434,14.0953,37.662,85.6061,14.0962,43.7675,109.74,14.0965,50.687,140.119,14.0966,58.5249,178.359,14.0966,67.4005,226.493,14.0966,77.4493,287.08,14.0966,88.8254,363.343,14.0966,101.703,459.336,14.0966,116.281,580.161,14.0966,132.782,732.241,14.0966,151.46,923.655,14.0966,172.603,1164.57,14.0966,196.535,1467.79,14.0966,223.625,1849.39,14.0966,254.288,2329.62,14.0966,288.997,2933.93,14.0966,328.285,3694.33,14.0966,372.755,4651.04,14.0966,423.092,5854.57,14.0966,480.07,7368.38,14.0966,544.564,9272.08,14.0966,617.566,11665.5,14.0966,700.197,14673.6,14.0966,793.729,18452.9,14.0966,899.599,23198.6,14.0966,1019.43,29154.1,14.0966,1155.07,36622.3,14.0966,1308.6,45977.9,14.0966,1482.39,57683.7,14.0966,1679.09,72307.8,14.0966,1901.73,90542.8,14.0966,2153.73,113226,14.0966,2438.97,141360,14.0966,2761.81,176127,14.0966,3127.22,218898,14.0966,3540.81,271226,14.0966,4008.92,334817,14.0966,4538.74,411470,14.0966,5138.38,502973,14.0966,5817.04,610948,14.0966,6585.12,736653,14.0966,7454.39,880741,14.0966,8438.15,1.04302e+06,14.0966,9551.45,1.22224e+06,14.0966,10811.3,1.41602e+06,14.0966,12237,1.62086e+06,14.0966,11.7194,11.96,12.6541,2.21263,4.16949,0.989383,2.67766,5.84076,0.311842,3.14343,7.55825,0.0972771,3.63127,9.58578,0.0303237,4.15787,12.0912,0.00945211,4.73731,15.2286,0.00294633,5.38238,19.1721,0.000918508,6.10553,24.134,0.000286163,6.91951,30.3791,8.92692e-05,7.83792,38.2397,2.78121e-05,8.87555,48.1338,8.65134e-06,10.0489,60.5876,2.7882e-06,11.3761,76.2629,8.29036e-07,12.8779,95.9927,2.4373e-07,14.5775,120.825,4.33068e-09,16.5012,152.08,1.75749e-07,18.6784,191.415,-1.86328e-07,21.1428,240.917,1.91829e-07,23.9322,303.213,-1.81475e-07,27.0895,381.602,7.0186e-08,30.6634,480.231,-2.86769e-08,34.7087,604.316,2.40784e-07,39.2876,760.401,9.87368e-08,44.4705,956.705,1.22263e-07,50.3371,1203.54,-4.31966e-07,56.9776,1513.81,-1.9705e-07,64.494,1903.69,-2.763e-08,73.0018,2393.4,3.9185e-07,82.6317,3008.13,1.35379e-07,93.5318,3779.25,-4.16351e-08,105.869,4745.7,2.06965e-08,119.834,5955.6,-3.18887e-07,135.641,7468.12,-1.48271e-08,153.531,9355.62,2.00739e-07,173.781,11705.8,2.28358e-07,196.701,14624.1,-1.93587e-08,222.642,18235,-2.88101e-07,252.003,22683.4,-2.24732e-07,285.234,28134,8.56806e-09,322.845,34767,2.34258e-07,365.413,42770.9,2.99668e-07,413.588,52327.9,8.28644e-08,468.111,63591.2,-3.07049e-07,529.814,76653.2,-3.1888e-07,599.642,91502.5,-6.72276e-08,678.662,107975,2.26339e-07,768.083,125705,3.69212e-07,869.267,144088,2.04077e-07,983.76,162277,-2.80509e-07,1113.3,179223,-4.22737e-07,1259.87,193777,-1.71951e-07,1425.68,204839,4.55555e-07,11.7194,11.96,12.6541,2.21263,4.16949,0.989383,2.67766,5.84076,0.311842,3.14343,7.55825,0.0972771,3.63127,9.58578,0.0303237,4.15787,12.0912,0.00945211,4.73731,15.2286,0.00294633,5.38238,19.1721,0.000918508,6.10553,24.134,0.000286163,6.91951,30.3791,8.92692e-05,7.83792,38.2397,2.78121e-05,8.87555,48.1338,8.65134e-06,10.0489,60.5876,2.7882e-06,11.3761,76.2629,8.29036e-07,12.8779,95.9927,2.4373e-07,14.5775,120.825,1e-08,16.5012,152.08,1.75749e-07,18.6784,191.415,1e-08,21.1428,240.917,1.91829e-07,23.9322,303.213,1e-08,27.0895,381.602,7.0186e-08,30.6634,480.231,1e-08,34.7087,604.316,2.40784e-07,39.2876,760.401,9.87368e-08,44.4705,956.705,1.22263e-07,50.3371,1203.54,1e-08,56.9776,1513.81,1e-08,64.494,1903.69,1e-08,73.0018,2393.4,3.9185e-07,82.6317,3008.13,1.35379e-07,93.5318,3779.25,1e-08,105.869,4745.7,2.06965e-08,119.834,5955.6,1e-08,135.641,7468.12,1e-08,153.531,9355.62,2.00739e-07,173.781,11705.8,2.28358e-07,196.701,14624.1,1e-08,222.642,18235,1e-08,252.003,22683.4,1e-08,285.234,28134,1e-08,322.845,34767,2.34258e-07,365.413,42770.9,2.99668e-07,413.588,52327.9,8.28644e-08,468.111,63591.2,1e-08,529.814,76653.2,1e-08,599.642,91502.5,1e-08,678.662,107975,2.26339e-07,768.083,125705,3.69212e-07,869.267,144088,2.04077e-07,983.76,162277,1e-08,1113.3,179223,1e-08,1259.87,193777,1e-08,1425.68,204839,4.55555e-07,6.2823,3.27286,2.43537,0.219672,6.18826,2.24117,0.56371,6.87772,2.63624,0.308279,18,12,2,4,5,3,3,0,3,1,15,0,3,6,0,7,14,0,3,8,0,2,14,0,11,17,0,4,47,0,11,25,0,14,50,0,8,63,0,12,68,0,10,149,0,15,161,0,20,111,0,19,61,0,13,317,0,16,263,0,14,425,0,33,563,0,31,854,0,26,1747,0,42,1359,0,32,1319,0,59,1721,0,111,1649,0,122,1778,0,80,3051,0,102,5053,0,91,2757,0,58,4206,0,159,7210,0,99,6719,0,127,6525,0,260,5686,0,246,11542,0,107,19146,0,257,24948,0,342,13143,0,267,36285,0,309,62633,0,286,166404,0,332,57561,0,470,113369,0,691,82676,0,1044,151140,0,737,188383,0,517,131203,0,1844,252138,0,1018,162893,0,1877,186729,0
-1.05176e+08,1,8.88811e-15,10,1023,0,1.05176e+08,0.528882,1.08665,0.389689,0.145397,0.379329,3.24381,0.161596,0.446195,1.77396,0.159177,1.15e+07,4.49998e+06,6.79999e+06,1.15e+07,4.49997e+06,6.79999e+06,1.15e+07,4.49996e+06,6.79999e+06,1.15e+07,4.49995e+06,6.79999e+06,1.14999e+07,4.49993e+06,6.79999e+06,1.14999e+07,4.49991e+06,6.79999e+06,1.14999e+07,4.49989e+06,6.79999e+06,1.14999e+07,4.49986e+06,6.79999e+06,1.14999e+07,4.49982e+06,6.79999e+06,1.14999e+07,4.49977e+06,6.79999e+06,1.14999e+07,4.49971e+06,6.79999e+06,1.14999e+07,4.49963e+06,6.79999e+06,1.14998e+07,4.49953e+06,6.79999e+06,1.14998e+07,4.49941e+06,6.79999e+06,1.14998e+07,4.49926e+06,6.79999e+06,1.14998e+07,4.49906e+06,6.79999e+06,1.14997e+07,4.49882e+06,6.79999e+06,1.14997e+07,4.49851e+06,6.79999e+06,1.14997e+07,4.49812e+06,6.79999e+06,1.14996e+07,4.49764e+06,6.79999e+06,1.14996e+07,4.49702e+06,6.79999e+06,1.14995e+07,4.49625e+06,6.79999e+06,1.14995e+07,4.49528e+06,6.79999e+06,1.14994e+07,4.49406e+06,6.79999e+06,1.14993e+07,4.49253e+06,6.79999e+06,1.14992e+07,4.49059e+06,6.79999e+06,1.14991e+07,4.48817e+06,6.79999e+06,1.1499e+07,4.48511e+06,6.79999e+06,1.14988e+07,4.48128e+06,6.79999e+06,1.14987e+07,4.47646e+06,6.79999e+06,1.14985e+07,4.47041e+06,6.79999e+06,1.14983e+07,4.46281e+06,6.79999e+06,1.14981e+07,4.4533e+06,6.79999e+06,1.14979e+07,4.44138e+06,6.79999e+06,1.14976e+07,4.42649e+06,6.79999e+06,1.14972e+07,4.40789e+06,6.79999e+06,1.14969e+07,4.38471e+06,6.79999e+06,1.14965e+07,4.35592e+06,6.79999e+06,1.1496e+07,4.32027e+06,6.79999e+06,1.14955e+07,4.27629e+06,6.79999e+06,1.14949e+07,4.22231e+06,6.79999e+06,1.14942e+07,4.15647e+06,6.79999e+06,1.14934e+07,4.07676e+06,6.79999e+06,1.14926e+07,3.98112e+06,6.79999e+06,1.14916e+07,3.86765e+06,6.79999e+06,1.14905e+07,3.73474e+06,6.79999e+06,1.14892e+07,3.58148e+06,6.79999e+06,1.14878e+07,3.40785e+06,6.79999e+06,1.14862e+07,3.21513e+06,6.79999e+06,1.14844e+07,3.00605e+06,6.79999e+06,1.14823e+07,2.7848e+06,6.79999e+06,1.148e+07,2.5568e+06,6.79999e+06,1.14773e+07,2.32825e+06,6.79999e+06,13.5742,8.52444,0.508366,16.8306,13.2585,0.162638,20.0035,17.569,0.0507846,23.2616,22.4214,0.0158319,26.7328,28.3297,0.00493498,30.5212,35.6974,0.00153831,34.7178,44.9473,0.000479527,39.4086,56.5822,0.000149456,44.6796,71.2245,4.66214e-05,50.6209,89.6543,1.45419e-05,57.3297,112.852,4.54748e-06,64.9129,142.051,1.43857e-06,73.4897,178.803,4.36618e-07,83.1934,225.062,1.40153e-07,94.1745,283.286,4.96378e-08,106.602,356.568,1.05434e-07,120.669,448.799,-6.49244e-08,136.59,564.873,1.70148e-07,154.611,710.948,-5.34594e-08,175.008,894.767,1.63407e-07,198.097,1126.06,8.04804e-08,224.231,1417.07,1.14667e-07,253.813,1783.15,-1.71227e-07,287.297,2243.62,-2.88466e-07,325.198,2822.67,-4.33651e-07,368.098,3550.67,7.9318e-08,416.657,4465.65,3.13319e-07,471.621,5615.16,3.4613e-07,533.835,7058.61,-1.19199e-07,604.255,8870.02,-2.79964e-07,683.962,11141.4,-2.30521e-07,774.182,13986.7,-2.55099e-07,876.299,17546.4,1.23585e-07,991.883,21993.1,1.41192e-07,1122.71,27536.7,-9.71886e-08,1270.78,34430.7,-3.68368e-07,1438.38,42977.7,-3.45379e-07,1628.07,53532.7,-3.25328e-09,1842.77,66504.6,2.6362e-07,2085.77,82350.2,2.53445e-07,2360.79,101560,-2.47407e-08,2672.05,124632,-3.80602e-07,3024.31,152018,-4.79005e-07,3422.98,184060,-1.14379e-07,3874.15,220884,2.64297e-07,4384.72,262283,3.44131e-07,4962.49,307576,7.5349e-08,5616.29,355497,-3.63097e-07,6356.1,404126,-6.05442e-07,7193.18,450932,-2.72333e-07,8140.28,492963,2.29675e-07,9211.79,527178,4.3387e-07,10424,550893,-1.0711e-07,10.102,8.06553,2.81012,10.6436,8.57909,0.869423,11.5336,10.2515,0.270869,12.7211,12.7138,0.0844293,14.1823,15.9373,0.0263173,15.9122,20.0383,0.0082035,17.9198,25.2154,0.00255722,20.2244,31.7373,0.000797017,22.8539,39.9486,0.000248622,25.8438,50.2851,7.75492e-05,29.237,63.2963,2.42508e-05,33.0837,79.6738,7.67162e-06,37.4415,100.288,2.32837e-06,42.3767,126.236,7.33e-07,47.9646,158.896,2.79256e-07,54.2906,200.003,9.87351e-09,61.452,251.741,1.61085e-07,69.5585,316.859,-2.47141e-07,78.7347,398.812,8.93552e-08,89.1218,501.948,-2.53231e-07,100.879,631.736,-1.25047e-07,114.188,795.049,-1.78808e-07,129.252,1000.53,2.6733e-07,146.304,1259.03,4.50292e-07,165.605,1584.19,6.76904e-07,187.452,1993.12,-1.23808e-07,212.181,2507.27,-4.89068e-07,240.173,3153.54,-5.40284e-07,271.856,3965.56,1.86061e-07,307.719,4985.38,4.37004e-07,348.313,6265.4,3.59828e-07,394.26,7870.83,3.98192e-07,446.268,9882.51,-1.92908e-07,505.135,12400.3,-2.20392e-07,571.766,15546.9,1.51705e-07,647.184,19472.2,5.74996e-07,732.547,24357.4,5.39112e-07,829.167,30420,5.07815e-09,938.526,37916.3,-4.11492e-07,1062.3,47143.9,-3.9561e-07,1202.4,58439.2,3.86185e-08,1360.96,72169.3,5.94093e-07,1540.42,88715.8,7.47693e-07,1743.53,108445,1.78537e-07,1973.41,131665,-4.12549e-07,2233.57,158557,-5.37164e-07,2528,189103,-1.17615e-07,2861.2,222986,5.66769e-07,3238.27,259510,9.45053e-07,3664.97,297540,4.25093e-07,4147.81,335497,-3.58506e-07,4694.17,371444,-6.7724e-07,5312.37,403256,1.67192e-07,1.61744,3.89446,9.84394,3.28846,7.5504,12.774,5.07607,11.7187,13.6844,7.03202,16.8147,13.9681,9.20215,23.1769,14.0566,11.6301,31.1672,14.0841,14.3598,41.2186,14.0927,17.4376,53.8688,14.0954,20.9137,69.7915,14.0962,24.8432,89.8341,14.0965,29.2879,115.063,14.0966,34.3168,146.819,14.0966,40.0078,186.792,14.0966,46.4487,237.107,14.0966,53.7388,300.44,14.0966,61.9903,380.158,14.0966,71.3301,480.499,14.0966,81.902,606.796,14.0966,93.8685,765.761,14.0966,107.414,965.837,14.0966,122.746,1217.65,14.0966,140.101,1534.57,14.0966,159.745,1933.41,14.0966,181.981,2435.3,14.0966,207.15,3066.85,14.0966,235.64,3861.46,14.0966,267.889,4861.11,14.0966,304.391,6118.54,14.0966,345.709,7699.91,14.0966,392.478,9688.22,14.0966,445.417,12187.5,14.0966,505.339,15327.7,14.0966,573.165,19271.6,14.0966,649.938,24222,14.0966,736.839,30430.9,14.0966,835.202,38211.5,14.0966,946.539,47950.3,14.0966,1072.56,60122.8,14.0966,1215.21,75309.9,14.0966,1376.66,94216.2,14.0966,1559.41,117688,14.0966,1766.26,146729,14.0966,2000.39,182510,14.0966,2265.39,226372,14.0966,2565.33,279806,14.0966,2904.81,344416,14.0966,3289.05,421845,14.0966,3723.93,513667,14.0966,4216.13,621231,14.0966,4773.18,745478,14.0966,5403.64,886744,14.0966,6117.15,1.04457e+06,14.0966,6924.63,1.2176e+06,14.0966,11.7194,11.96,12.6541,13.9321,16.1295,13.6434,16.6097,21.9702,13.9553,19.7532,29.5285,14.0526,23.3844,39.1143,14.0829,27.5423,51.2054,14.0923,32.2796,66.434,14.0953,37.662,85.6061,14.0962,43.7675,109.74,14.0965,50.687,140.119,14.0966,58.5249,178.359,14.0966,67.4005,226.493,14.0966,77.4493,287.08,14.0966,88.8254,363.343,14.0966,101.703,459.336,14.0966,116.281,580.161,14.0966,132.782,732.241,14.0966,151.46,923.655,14.0966,172.603,1164.57,14.0966,196.535,1467.79,14.0966,223.625,1849.39,14.0966,254.288,2329.62,14.0966,288.997,2933.93,14.0966,328.285,3694.33,14.0966,372.755,4651.04,14.0966,423.092,5854.57,14.0966,480.07,7368.38,14.0966,544.564,9272.08,14.0966,617.566,11665.5,14.0966,700.197,14673.6,14.0966,793.729,18452.9,14.0966,899.599,23198.6,14.0966,1019.43,29154.1,14.0966,1155.07,36622.3,14.0966,1308.6,45977.9,14.0966,1482.39,57683.7,14.0966,1679.09,72307.8,14.0966,1901.73,90542.8,14.0966,2153.73,113226,14.0966,2438.97,141360,14.0966,2761.81,176127,14.0966,3127.22,218898,14.0966,3540.81,271226,14.0966,4008.92,334817,14.0966,4538.74,411470,14.0966,5138.38,502973,14.0966,5817.04,610948,14.0966,6585.12,736653,14.0966,7454.39,880741,14.0966,8438.15,1.04302e+06,14.0966,9551.45,1.22224e+06,14.0966,10811.3,1.41602e+06,14.0966,12237,1.62086e+06,14.0966,11.7194,11.96,12.6541,2.21263,4.16949,0.989383,2.67766,5.84076,0.311842,3.14343,7.55825,0.0972771,3.63127,9.58578,0.0303237,4.15787,12.0912,0.00945211,4.73731,15.2286,0.00294633,5.38238,19.1721,0.000918508,6.10553,24.134,0.000286163,6.91951,30.3791,8.92692e-05,7.83792,38.2397,2.78121e-05,8.87555,48.1338,8.65134e-06,10.0489,60.5876,2.7882e-06,11.3761,76.2629,8.29036e-07,12.8779,95.9927,2.4373e-07,14.5775,120.825,4.33068e-09,16.5012,152.08,1.75749e-07,18.6784,191.415,-1.86328e-07,21.1428,240.917,1.91829e-07,23.9322,303.213,-1.81475e-07,27.0895,381.602,7.0186e-08,30.6634,480.231,-2.86769e-08,34.7087,604.316,2.40784e-07,39.2876,760.401,9.87368e-08,44.4705,956.705,1.22263e-07,50.3371,1203.54,-4.31966e-07,56.9776,1513.81,-1.9705e-07,64.494,1903.69,-2.763e-08,73.0018,2393.4,3.9185e-07,82.6317,3008.13,1.35379e-07,93.5318,3779.25,-4.16351e-08,105.869,4745.7,2.06965e-08,119.834,5955.6,-3.18887e-07,135.641,7468.12,-1.48271e-08,153.531,9355.62,2.00739e-07,173.781,11705.8,2.28358e-07,196.701,14624.1,-1.93587e-08,222.642,18235,-2.88101e-07,252.003,22683.4,-2.24732e-07,285.234,28134,8.56806e-09,322.845,34767,2.34258e-07,365.413,42770.9,2.99668e-07,413.588,52327.9,8.28644e-08,468.111,63591.2,-3.07049e-07,529.814,76653.2,-3.1888e-07,599.642,91502.5,-6.72276e-08,678.662,107975,2.26339e-07,768.083,125705,3.69212e-07,869.267,144088,2.04077e-07,983.76,162277,-2.80509e-07,1113.3,179223,-4.22737e-07,1259.87,193777,-1.71951e-07,1425.68,204839,4.55555e-07,11.7194,11.96,12.6541,2.21263,4.16949,0.989383,2.67766,5.84076,0.311842,3.14343,7.55825,0.0972771,3.63127,9.58578,0.0303237,4.15787,12.0912,0.00945211,4.73731,15.2286,0.00294633,5.38238,19.1721,0.000918508,6.10553,24.134,0.000286163,6.91951,30.3791,8.92692e-05,7.83792,38.2397,2.78121e-05,8.87555,48.1338,8.65134e-06,10.0489,60.5876,2.7882e-06,11.3761,76.2629,8.29036e-07,12.8779,95.9927,2.4373e-07,14.5775,120.825,1e-08,16.5012,152.08,1.75749e-07,18.6784,191.415,1e-08,21.1428,240.917,1.91829e-07,23.9322,303.213,1e-08,27.0895,381.602,7.0186e-08,30.6634,480.231,1e-08,34.7087,604.316,2.40784e-07,39.2876,760.401,9.87368e-08,44.4705,956.705,1.22263e-07,50.3371,1203.54,1e-08,56.9776,1513.81,1e-08,64.494,1903.69,1e-08,73.0018,2393.4,3.9185e-07,82.6317,3008.13,1.35379e-07,93.5318,3779.25,1e-08,105.869,4745.7,2.06965e-08,119.834,5955.6,1e-08,135.641,7468.12,1e-08,153.531,9355.62,2.00739e-07,173.781,11705.8,2.28358e-07,196.701,14624.1,1e-08,222.642,18235,1e-08,252.003,22683.4,1e-08,285.234,28134,1e-08,322.845,34767,2.34258e-07,365.413,42770.9,2.99668e-07,413.588,52327.9,8.28644e-08,468.111,63591.2,1e-08,529.814,76653.2,1e-08,599.642,91502.5,1e-08,678.662,107975,2.26339e-07,768.083,125705,3.69212e-07,869.267,144088,2.04077e-07,983.76,162277,1e-08,1113.3,179223,1e-08,1259.87,193777,1e-08,1425.68,204839,4.55555e-07,6.2823,3.27286,2.43537,0.219672,6.18826,2.24117,0.56371,6.87772,2.63624,0.308279,4,7,9,1,6,0,1,7,0,7,7,0,4,7,0,5,32,0,1,22,0,3,12,0,6,11,0,4,13,0,11,21,0,3,42,0,8,60,0,17,110,0,8,101,0,10,52,0,18,266,0,16,119,0,15,306,0,27,363,0,24,300,0,16,421,0,33,411,0,22,816,0,58,584,0,28,954,0,39,2588,0,44,1103,0,50,3114,0,53,1914,0,84,3793,0,76,3732,0,290,4746,0,134,7479,0,166,18389,0,143,6877,0,64,21103,0,85,15497,0,228,27408,0,167,34642,0,340,28173,0,433,52476,0,445,14293,0,382,94103,0,433,79668,0,1127,86088,0,1007,58561,0,366,128812,0,963,172771,0,563,175902,0,1243,73711,0,1582,183089,0,1832,302732,0
-1.05176e+08,1,8.88811e-15,10,1023,0,1.05176e+08,0.528882,1.08665,0.389689,0.145397,0.379329,3.24381,0.161596,0.446195,1.77396,0.159177,1.15e+07,4.49998e+06,6.79999e+06,1.15e+07,4.49997e+06,6.79999e+06,1.15e+07,4.49996e+06,6.79999e+06,1.15e+07,4.49995e+06,6.79999e+06,1.14999e+07,4.49993e+06,6.79999e+06,1.14999e+07,4.49991e+06,6.79999e+06,1.14999e+07,4.49989e+06,6.79999e+06,1.14999e+07,4.49986e+06,6.79999e+06,1.14999e+07,4.49982e+06,6.79999e+06,1.14999e+07,4.49977e+06,6.79999e+06,1.14999e+07,4.49971e+06,6.79999e+06,1.14999e+07,4.49963e+06,6.79999e+06,1.14998e+07,4.49953e+06,6.79999e+06,1.14998e+07,4.49941e+06,6.79999e+06,1.14998e+07,4.49926e+06,6.79999e+06,1.14998e+07,4.49906e+06,6.79999e+06,1.14997e+07,4.49882e+06,6.79999e+06,1.14997e+07,4.49851e+06,6.79999e+06,1.14997e+07,4.49812e+06,6.79999e+06,1.14996e+07,4.49764e+06,6.79999e+06,1.14996e+07,4.49702e+06,6.79999e+06,1.14995e+07,4.49625e+06,6.79999e+06,1.14995e+07,4.49528e+06,6.79999e+06,1.14994e+07,4.49406e+06,6.79999e+06,1.14993e+07,4.49253e+06,6.79999e+06,1.14992e+07,4.49059e+06,6.79999e+06,1.14991e+07,4.48817e+06,6.79999e+06,1.1499e+07,4.48511e+06,6.79999e+06,1.14988e+07,4.48128e+06,6.79999e+06,1.14987e+07,4.47646e+06,6.79999e+06,1.14985e+07,4.47041e+06,6.79999e+06,1.14983e+07,4.46281e+06,6.79999e+06,1.14981e+07,4.4533e+06,6.79999e+06,1.14979e+07,4.44138e+06,6.79999e+06,1.14976e+07,4.42649e+06,6.79999e+06,1.14972e+07,4.40789e+06,6.79999e+06,1.14969e+07,4.38471e+06,6.79999e+06,1.14965e+07,4.35592e+06,6.79999e+06,1.1496e+07,4.32027e+06,6.79999e+06,1.14955e+07,4.27629e+06,6.79999e+06,1.14949e+07,4.22231e+06,6.79999e+06,1.14942e+07,4.15647e+06,6.79999e+06,1.14934e+07,4.07676e+06,6.79999e+06,1.14926e+07,3.98112e+06,6.79999e+06,1.14916e+07,3.86765e+06,6.79999e+06,1.14905e+07,3.73474e+06,6.79999e+06,1.14892e+07,3.58148e+06,6.79999e+06,1.14878e+07,3.40785e+06,6.79999e+06,1.14862e+07,3.21513e+06,6.79999e+06,1.14844e+07,3.00605e+06,6.79999e+06,1.14823e+07,2.7848e+06,6.79999e+06,1.148e+07,2.5568e+06,6.79999e+06,1.14773e+07,2.32825e+06,6.79999e+06,13.5742,8.52444,0.508366,16.8306,13.2585,0.162638,20.0035,17.569,0.0507846,23.2616,22.4214,0.0158319,26.7328,28.3297,0.00493498,30.5212,35.6974,0.00153831,34.7178,44.9473,0.000479527,39.4086,56.5822,0.000149456,44.6796,71.2245,4.66214e-05,50.6209,89.6543,1.45419e-05,57.3297,112.852,4.54748e-06,64.9129,142.051,1.43857e-06,73.4897,178.803,4.36618e-07,83.1934,225.062,1.40153e-07,94.1745,283.286,4.96378e-08,106.602,356.568,1.05434e-07,120.669,448.799,-6.49244e-08,136.59,564.873,1.70148e-07,154.611,710.948,-5.34594e-08,175.008,894.767,1.63407e-07,198.097,1126.06,8.04804e-08,224.231,1417.07,1.14667e-07,253.813,1783.15,-1.71227e-07,287.297,2243.62,-2.88466e-07,325.198,2822.67,-4.33651e-07,368.098,3550.67,7.9318e-08,416.657,4465.65,3.13319e-07,471.621,5615.16,3.4613e-07,533.835,7058.61,-1.19199e-07,604.255,8870.02,-2.79964e-07,683.962,11141.4,-2.30521e-07,774.182,13986.7,-2.55099e-07,876.299,17546.4,1.23585e-07,991.883,21993.1,1.41192e-07,1122.71,27536.7,-9.71886e-08,1270.78,34430.7,-3.68368e-07,1438.38,42977.7,-3.45379e-07,1628.07,53532.7,-3.25328e-09,1842.77,66504.6,2.6362e-07,2085.77,82350.2,2.53445e-07,2360.79,101560,-2.47407e-08,2672.05,124632,-3.80602e-07,3024.31,152018,-4.79005e-07,3422.98,184060,-1.14379e-07,3874.15,220884,2.64297e-07,4384.72,262283,3.44131e-07,4962.49,307576,7.5349e-08,5616.29,355497,-3.63097e-07,6356.1,404126,-6.05442e-07,7193.18,450932,-2.72333e-07,8140.28,492963,2.29675e-07,9211.79,527178,4.3387e-07,10424,550893,-1.0711e-07,10.102,8.06553,2.81012,10.6436,8.57909,0.869423,11.5336,10.2515,0.270869,12.7211,12.7138,0.0844293,14.1823,15.9373,0.0263173,15.9122,20.0383,0.0082035,17.9198,25.2154,0.00255722,20.2244,31.7373,0.000797017,22.8539,39.9486,0.000248622,25.8438,50.2851,7.75492e-05,29.237,63.2963,2.42508e-05,33.0837,79.6738,7.67162e-06,37.4415,100.288,2.32837e-06,42.3767,126.236,7.33e-07,47.9646,158.896,2.79256e-07,54.2906,200.003,9.87351e-09,61.452,251.741,1.61085e-07,69.5585,316.859,-2.47141e-07,78.7347,398.812,8.93552e-08,89.1218,501.948,-2.53231e-07,100.879,631.736,-1.25047e-07,114.188,795.049,-1.78808e-07,129.252,1000.53,2.6733e-07,146.304,1259.03,4.50292e-07,165.605,1584.19,6.76904e-07,187.452,1993.12,-1.23808e-07,212.181,2507.27,-4.89068e-07,240.173,3153.54,-5.40284e-07,271.856,3965.56,1.86061e-07,307.719,4985.38,4.37004e-07,348.313,6265.4,3.59828e-07,394.26,7870.83,3.98192e-07,446.268,9882.51,-1.92908e-07,505.135,12400.3,-2.20392e-07,571.766,15546.9,1.51705e-07,647.184,19472.2,5.74996e-07,732.547,24357.4,5.39112e-07,829.167,30420,5.07815e-09,938.526,37916.3,-4.11492e-07,1062.3,47143.9,-3.9561e-07,1202.4,58439.2,3.86185e-08,1360.96,72169.3,5.94093e-07,1540.42,88715.8,7.47693e-07,1743.53,108445,1.78537e-07,1973.41,131665,-4.12549e-07,2233.57,158557,-5.37164e-07,2528,189103,-1.17615e-07,2861.2,222986,5.66769e-07,3238.27,259510,9.45053e-07,3664.97,297540,4.25093e-07,4147.81,335497,-3.58506e-07,4694.17,371444,-6.7724e-07,5312.37,403256,1.67192e-07,1.61744,3.89446,9.84394,3.28846,7.5504,12.774,5.07607,11.7187,13.6844,7.03202,16.8147,13.9681,9.20215,23.1769,14.0566,11.6301,31.1672,14.0841,14.3598,41.2186,14.0927,17.4376,53.8688,14.0954,20.9137,69.7915,14.0962,24.8432,89.8341,14.0965,29.2879,115.063,14.0966,34.3168,146.819,14.0966,40.0078,186.792,14.0966,46.4487,237.107,14.0966,53.7388,300.44,14.0966,61.9903,380.158,14.0966,71.3301,480.499,14.0966,81.902,606.796,14.0966,93.8685,765.761,14.0966,107.414,965.837,14.0966,122.746,1217.65,14.0966,140.101,1534.57,14.0966,159.745,1933.41,14.0966,181.981,2435.3,14.0966,207.15,3066.85,14.0966,235.64,3861.46,14.0966,267.889,4861.11,14.0966,304.391,6118.54,14.0966,345.709,7699.91,14.0966,392.478,9688.22,14.0966,445.417,12187.5,14.0966,505.339,15327.7,14.0966,573.165,19271.6,14.0966,649.938,24222,14.0966,736.839,30430.9,14.0966,835.202,38211.5,14.0966,946.539,47950.3,14.0966,1072.56,60122.8,14.0966,1215.21,75309.9,14.0966,1376.66,94216.2,14.0966,1559.41,117688,14.0966,1766.26,146729,14.0966,2000.39,182510,14.0966,2265.39,226372,14.0966,2565.33,279806,14.0966,2904.81,344416,14.0966,3289.05,421845,14.0966,3723.93,513667,14.0966,4216.13,621231,14.0966,4773.18,745478,14.0966,5403.64,886744,14.0966,6117.15,1.04457e+06,14.0966,6924.63,1.2176e+06,14.0966,11.7194,11.96,12.6541,13.9321,16.1295,13.6434,16.6097,21.9702,13.9553,19.7532,29.5285,14.0526,23.3844,39.1143,14.0829,27.5423,51.2054,14.0923,32.2796,66.434,14.0953,37.662,85.6061,14.0962,43.7675,109.74,14.0965,50.687,140.119,14.0966,58.5249,178.359,14.0966,67.4005,226.493,14.0966,77.4493,287.08,14.0966,88.8254,363.343,14.0966,101.703,459.336,14.0966,116.281,580.161,14.0966,132.782,732.241,14.0966,151.46,923.655,14.0966,172.603,1164.57,14.0966,196.535,1467.79,14.0966,223.625,1849.39,14.0966,254.288,2329.62,14.0966,288.997,2933.93,14.0966,328.285,3694.33,14.0966,372.755,4651.04,14.0966,423.092,5854.57,14.0966,480.07,7368.38,14.0966,544.564,9272.08,14.0966,617.566,11665.5,14.0966,700.197,14673.6,14.0966,793.729,18452.9,14.0966,899.599,23198.6,14.0966,1019.43,29154.1,14.0966,1155.07,36622.3,14.0966,1308.6,45977.9,14.0966,1482.39,57683.7,14.0966,1679.09,72307.8,14.0966,1901.73,90542.8,14.0966,2153.73,113226,14.0966,2438.97,141360,14.0966,2761.81,176127,14.0966,3127.22,218898,14.0966,3540.81,271226,14.0966,4008.92,334817,14.0966,4538.74,411470,14.0966,5138.38,502973,14.0966,5817.04,610948,14.0966,6585.12,736653,14.0966,7454.39,880741,14.0966,8438.15,1.04302e+06,14.0966,9551.45,1.22224e+06,14.0966,10811.3,1.41602e+06,14.0966,12237,1.62086e+06,14.0966,11.7194,11.96,12.6541,2.21263,4.16949,0.989383,2.67766,5.84076,0.311842,3.14343,7.55825,0.0972771,3.63127,9.58578,0.0303237,4.15787,12.0912,0.00945211,4.73731,15.2286,0.00294633,5.38238,19.1721,0.000918508,6.10553,24.134,0.000286163,6.91951,30.3791,8.92692e-05,7.83792,38.2397,2.78121e-05,8.87555,48.1338,8.65134e-06,10.0489,60.5876,2.7882e-06,11.3761,76.2629,8.29036e-07,12.8779,95.9927,2.4373e-07,14.5775,120.825,4.33068e-09,16.5012,152.08,1.75749e-07,18.6784,191.415,-1.86328e-07,21.1428,240.917,1.91829e-07,23.9322,303.213,-1.81475e-07,27.0895,381.602,7.0186e-08,30.6634,480.231,-2.86769e-08,34.7087,604.316,2.40784e-07,39.2876,760.401,9.87368e-08,44.4705,956.705,1.22263e-07,50.3371,1203.54,-4.31966e-07,56.9776,1513.81,-1.9705e-07,64.494,1903.69,-2.763e-08,73.0018,2393.4,3.9185e-07,82.6317,3008.13,1.35379e-07,93.5318,3779.25,-4.16351e-08,105.869,4745.7,2.06965e-08,119.834,5955.6,-3.18887e-07,135.641,7468.12,-1.48271e-08,153.531,9355.62,2.00739e-07,173.781,11705.8,2.28358e-07,196.701,14624.1,-1.93587e-08,222.642,18235,-2.88101e-07,252.003,22683.4,-2.24732e-07,285.234,28134,8.56806e-09,322.845,34767,2.34258e-07,365.413,42770.9,2.99668e-07,413.588,52327.9,8.28644e-08,468.111,63591.2,-3.07049e-07,529.814,76653.2,-3.1888e-07,599.642,91502.5,-6.72276e-08,678.662,107975,2.26339e-07,768.083,125705,3.69212e-07,869.267,144088,2.04077e-07,983.76,162277,-2.80509e-07,1113.3,179223,-4.22737e-07,1259.87,193777,-1.71951e-07,1425.68,204839,4.55555e-07,11.7194,11.96,12.6541,2.21263,4.16949,0.989383,2.67766,5.84076,0.311842,3.14343,7.55825,0.0972771,3.63127,9.58578,0.0303237,4.15787,12.0912,0.00945211,4.73731,15.2286,0.00294633,5.38238,19.1721,0.000918508,6.10553,24.134,0.000286163,6.91951,30.3791,8.92692e-05,7.83792,38.2397,2.78121e-05,8.87555,48.1338,8.65134e-06,10.0489,60.5876,2.7882e-06,11.3761,76.2629,8.29036e-07,12.8779,95.9927,2.4373e-07,14.5775,120.825,1e-08,16.5012,152.08,1.75749e-07,18.6784,191.415,1e-08,21.1428,240.917,1.91829e-07,23.9322,303.213,1e-08,27.0895,381.602,7.0186e-08,30.6634,480.231,1e-08,34.7087,604.316,2.40784e-07,39.2876,760.401,9.87368e-08,44.4705,956.705,1.22263e-07,50.3371,1203.54,1e-08,56.9776,1513.81,1e-08,64.494,1903.69,1e-08,73.0018,2393.4,3.9185e-07,82.6317,3008.13,1.35379e-07,93.5318,3779.25,1e-08,105.869,4745.7,2.06965e-08,119.834,5955.6,1e-08,135.641,7468.12,1e-08,153.531,9355.62,2.00739e-07,173.781,11705.8,2.28358e-07,196.701,14624.1,1e-08,222.642,18235,1e-08,252.003,22683.4,1e-08,285.234,28134,1e-08,322.845,34767,2.34258e-07,365.413,42770.9,2.99668e-07,413.588,52327.9,8.28644e-08,468.111,63591.2,1e-08,529.814,76653.2,1e-08,599.642,91502.5,1e-08,678.662,107975,2.26339e-07,768.083,125705,3.69212e-07,869.267,144088,2.04077e-07,983.76,162277,1e-08,1113.3,179223,1e-08,1259.87,193777,1e-08,1425.68,204839,4.55555e-07,6.2823,3.27286,2.43537,0.219672,6.18826,2.24117,0.56371,6.87772,2.63624,0.308279,15,22,21,1,1,1,4,9,1,3,9,0,3,10,0,2,3,0,0,13,0,11,13,0,6,34,0,7,14,0,9,38,0,15,34,0,4,72,0,11,107,0,13,108,0,11,76,0,18,114,0,20,69,0,25,282,0,53,292,0,10,246,0,49,274,0,22,626,0,38,636,0,14,1320,0,67,2609,0,13,1399,0,83,1910,0,68,3021,0,168,2950,0,40,3942,0,100,5131,0,101,5726,0,95,11339,0,169,14103,0,274,25216,0,147,14310,0,225,21670,0,372,16285,0,217,23356,0,268,42036,0,597,55689,0,338,45344,0,304,87767,0,584,47310,0,445,95818,0,539,104556,0,777,132713,0,324,115437,0,412,58830,0,997,352108,0,1396,154430,0,601,152086,0
-1.05176e+08,1,8.88811e-15,10,1023,0,1.05176e+08,0.528882,1.08665,0.389689,0.145397,0.379329,3.24381,0.161596,0.446195,1.77396,0.159177,1.15e+07,4.49998e+06,6.79999e+06,1.15e+07,4.49997e+06,6.79999e+06,1.15e+07,4.49996e+06,6.79999e+06,1.15e+07,4.49995e+06,6.79999e+06,1.14999e+07,4.49993e+06,6.79999e+06,1.14999e+07,4.49991e+06,6.79999e+06,1.14999e+07,4.49989e+06,6.79999e+06,1.14999e+07,4.49986e+06,6.79999e+06,1.14999e+07,4.49982e+06,6.79999e+06,1.14999e+07,4.49977e+06,6.79999e+06,1.14999e+07,4.49971e+06,6.79999e+06,1.14999e+07,4.49963e+06,6.79999e+06,1.14998e+07,4.49953e+06,6.79999e+06,1.14998e+07,4.49941e+06,6.79999e+06,1.14998e+07,4.49926e+06,6.79999e+06,1.14998e+07,4.49906e+06,6.79999e+06,1.14997e+07,4.49882e+06,6.79999e+06,1.14997e+07,4.49851e+06,6.79999e+06,1.14997e+07,4.49812e+06,6.79999e+06,1.14996e+07,4.49764e+06,6.79999e+06,1.14996e+07,4.49702e+06,6.79999e+06,1.14995e+07,4.49625e+06,6.79999e+06,1.14995e+07,4.49528e+06,6.79999e+06,1.14994e+07,4.49406e+06,6.79999e+06,1.14993e+07,4.49253e+06,6.79999e+06,1.14992e+07,4.49059e+06,6.79999e+06,1.14991e+07,4.48817e+06,6.79999e+06,1.1499e+07,4.48511e+06,6.79999e+06,1.14988e+07,4.48128e+06,6.79999e+06,1.14987e+07,4.47646e+06,6.79999e+06,1.14985e+07,4.47041e+06,6.79999e+06,1.14983e+07,4.46281e+06,6.79999e+06,1.14981e+07,4.4533e+06,6.79999e+06,1.14979e+07,4.44138e+06,6.79999e+06,1.14976e+07,4.42649e+06,6.79999e+06,1.14972e+07,4.40789e+06,6.79999e+06,1.14969e+07,4.38471e+06,6.79999e+06,1.14965e+07,4.35592e+06,6.79999e+06,1.1496e+07,4.32027e+06,6.79999e+06,1.14955e+07,4.27629e+06,6.79999e+06,1.14949e+07,4.22231e+06,6.79999e+06,1.14942e+07,4.15647e+06,6.79999e+06,1.14934e+07,4.07676e+06,6.79999e+06,1.14926e+07,3.98112e+06,6.79999e+06,1.14916e+07,3.86765e+06,6.79999e+06,1.14905e+07,3.73474e+06,6.79999e+06,1.14892e+07,3.58148e+06,6.79999e+06,1.14878e+07,3.40785e+06,6.79999e+06,1.14862e+07,3.21513e+06,6.79999e+06,1.14844e+07,3.00605e+06,6.79999e+06,1.14823e+07,2.7848e+06,6.79999e+06,1.148e+07,2.5568e+06,6.79999e+06,1.14773e+07,2.32825e+06,6.79999e+06,13.5742,8.52444,0.508366,16.8306,13.2585,0.162638,20.0035,17.569,0.0507846,23.2616,22.4214,0.0158319,26.7328,28.3297,0.00493498,30.5212,35.6974,0.00153831,34.7178,44.9473,0.000479527,39.4086,56.5822,0.000149456,44.6796,71.2245,4.66214e-05,50.6209,89.6543,1.45419e-05,57.3297,112.852,4.54748e-06,64.9129,142.051,1.43857e-06,73.4897,178.803,4.36618e-07,83.1934,225.062,1.40153e-07,94.1745,283.286,4.96378e-08,106.602,356.568,1.05434e-07,120.669,448.799,-6.49244e-08,136.59,564.873,1.70148e-07,154.611,710.948,-5.34594e-08,175.008,894.767,1.63407e-07,198.097,1126.06,8.04804e-08,224.231,1417.07,1.14667e-07,253.813,1783.15,-1.71227e-07,287.297,2243.62,-2.88466e-07,325.198,2822.67,-4.33651e-07,368.098,3550.67,7.9318e-08,416.657,4465.65,3.13319e-07,471.621,5615.16,3.4613e-07,533.835,7058.61,-1.19199e-07,604.255,8870.02,-2.79964e-07,683.962,11141.4,-2.30521e-07,774.182,13986.7,-2.55099e-07,876.299,17546.4,1.23585e-07,991.883,21993.1,1.41192e-07,1122.71,27536.7,-9.71886e-08,1270.78,34430.7,-3.68368e-07,1438.38,42977.7,-3.45379e-07,1628.07,53532.7,-3.25328e-09,1842.77,66504.6,2.6362e-07,2085.77,82350.2,2.53445e-07,2360.79,101560,-2.47407e-08,2672.05,124632,-3.80602e-07,3024.31,152018,-4.79005e-07,3422.98,184060,-1.14379e-07,3874.15,220884,2.64297e-07,4384.72,262283,3.44131e-07,4962.49,307576,7.5349e-08,5616.29,355497,-3.63097e-07,6356.1,404126,-6.05442e-07,7193.18,450932,-2.72333e-07,8140.28,492963,2.29675e-07,9211.79,527178,4.3387e-07,10424,550893,-1.0711e-07,10.102,8.06553,2.81012,10.6436,8.57909,0.869423,11.5336,10.2515,0.270869,12.7211,12.7138,0.0844293,14.1823,15.9373,0.0263173,15.9122,20.0383,0.0082035,17.9198,25.2154,0.00255722,20.2244,31.7373,0.000797017,22.8539,39.9486,0.000248622,25.8438,50.2851,7.75492e-05,29.237,63.2963,2.42508e-05,33.0837,79.6738,7.67162e-06,37.4415,100.288,2.32837e-06,42.3767,126.236,7.33e-07,47.9646,158.896,2.79256e-07,54.2906,200.003,9.87351e-09,61.452,251.741,1.61085e-07,69.5585,316.859,-2.47141e-07,78.7347,398.812,8.93552e-08,89.1218,501.948,-2.53231e-07,100.879,631.736,-1.25047e-07,114.188,795.049,-1.78808e-07,129.252,1000.53,2.6733e-07,146.304,1259.03,4.50292e-07,165.605,1584.19,6.76904e-07,187.452,1993.12,-1.23808e-07,212.181,2507.27,-4.89068e-07,240.173,3153.54,-5.40284e-07,271.856,3965.56,1.86061e-07,307.719,4985.38,4.37004e-07,348.313,6265.4,3.59828e-07,394.26,7870.83,3.98192e-07,446.268,9882.51,-1.92908e-07,505.135,12400.3,-2.20392e-07,571.766,15546.9,1.51705e-07,647.184,19472.2,5.74996e-07,732.547,24357.4,5.39112e-07,829.167,30420,5.07815e-09,938.526,37916.3,-4.11492e-07,1062.3,47143.9,-3.9561e-07,1202.4,58439.2,3.86185e-08,1360.96,72169.3,5.94093e-07,1540.42,88715.8,7.47693e-07,1743.53,108445,1.78537e-07,1973.41,131665,-4.12549e-07,2233.57,158557,-5.37164e-07,2528,189103,-1.17615e-07,2861.2,222986,5.66769e-07,3238.27,259510,9.45053e-07,3664.97,297540,4.25093e-07,4147.81,335497,-3.58506e-07,4694.17,371444,-6.7724e-07,5312.37,403256,1.67192e-07,1.61744,3.89446,9.84394,3.28846,7.5504,12.774,5.07607,11.7187,13.6844,7.03202,16.8147,13.9681,9.20215,23.1769,14.0566,11.6301,31.1672,14.0841,14.3598,41.2186,14.0927,17.4376,53.8688,14.0954,20.9137,69.7915,14.0962,24.8432,89.8341,14.0965,29.2879,115.063,14.0966,34.3168,146.819,14.0966,40.0078,186.792,14.0966,46.4487,237.107,14.0966,53.7388,300.44,14.0966,61.9903,380.158,14.0966,71.3301,480.499,14.0966,81.902,606.796,14.0966,93.8685,765.761,14.0966,107.414,965.837,14.0966,122.746,1217.65,14.0966,140.101,1534.57,14.0966,159.745,1933.41,14.0966,181.981,2435.3,14.0966,207.15,3066.85,14.0966,235.64,3861.46,14.0966,267.889,4861.11,14.0966,304.391,6118.54,14.0966,345.709,7699.91,14.0966,392.478,9688.22,14.0966,445.417,12187.5,14.0966,505.339,15327.7,14.0966,573.165,19271.6,14.0966,649.938,24222,14.0966,736.839,30430.9,14.0966,835.202,38211.5,14.0966,946.539,47950.3,14.0966,1072.56,60122.8,14.0966,1215.21,75309.9,14.0966,1376.66,94216.2,14.0966,1559.41,117688,14.0966,1766.26,146729,14.0966,2000.39,182510,14.0966,2265.39,226372,14.0966,2565.33,279806,14.0966,2904.81,344416,14.0966,3289.05,421845,14.0966,3723.93,513667,14.0966,4216.13,621231,14.0966,4773.18,745478,14.0966,5403.64,886744,14.0966,6117.15,1.04457e+06,14.0966,6924.63,1.2176e+06,14.0966,11.7194,11.96,12.6541,13.9321,16.1295,13.6434,16.6097,21.9702,13.9553,19.7532,29.5285,14.0526,23.3844,39.1143,14.0829,27.5423,51.2054,14.0923,32.2796,66.434,14.0953,37.662,85.6061,14.0962,43.7675,109.74,14.0965,50.687,140.119,14.0966,58.5249,178.359,14.0966,67.4005,226.493,14.0966,77.4493,287.08,14.0966,88.8254,363.343,14.0966,101.703,459.336,14.0966,116.281,580.161,14.0966,132.782,732.241,14.0966,151.46,923.655,14.0966,172.603,1164.57,14.0966,196.535,1467.79,14.0966,223.625,1849.39,14.0966,254.288,2329.62,14.0966,288.997,2933.93,14.0966,328.285,3694.33,14.0966,372.755,4651.04,14.0966,423.092,5854.57,14.0966,480.07,7368.38,14.0966,544.564,9272.08,14.0966,617.566,11665.5,14.0966,700.197,14673.6,14.0966,793.729,18452.9,14.0966,899.599,23198.6,14.0966,1019.43,29154.1,14.0966,1155.07,36622.3,14.0966,1308.6,45977.9,14.0966,1482.39,57683.7,14.0966,1679.09,72307.8,14.0966,1901.73,90542.8,14.0966,2153.73,113226,14.0966,2438.97,141360,14.0966,2761.81,176127,14.0966,3127.22,218898,14.0966,3540.81,271226,14.0966,4008.92,334817,14.0966,4538.74,411470,14.0966,5138.38,502973,14.0966,5817.04,610948,14.0966,6585.12,736653,14.0966,7454.39,880741,14.0966,8438.15,1.04302e+06,14.0966,9551.45,1.22224e+06,14.0966,10811.3,1.41602e+06,14.0966,12237,1.62086e+06,14.0966,11.7194,11.96,12.6541,2.21263,4.16949,0.989383,2.67766,5.84076,0.311842,3.14343,7.55825,0.0972771,3.63127,9.58578,0.0303237,4.15787,12.0912,0.00945211,4.73731,15.2286,0.00294633,5.38238,19.1721,0.000918508,6.10553,24.134,0.000286163,6.91951,30.3791,8.92692e-05,7.83792,38.2397,2.78121e-05,8.87555,48.1338,8.65134e-06,10.0489,60.5876,2.7882e-06,11.3761,76.2629,8.29036e-07,12.8779,95.9927,2.4373e-07,14.5775,120.825,4.33068e-09,16.5012,152.08,1.75749e-07,18.6784,191.415,-1.86328e-07,21.1428,240.917,1.91829e-07,23.9322,303.213,-1.81475e-07,27.0895,381.602,7.0186e-08,30.6634,480.231,-2.86769e-08,34.7087,604.316,2.40784e-07,39.2876,760.401,9.87368e-08,44.4705,956.705,1.22263e-07,50.3371,1203.54,-4.31966e-07,56.9776,1513.81,-1.9705e-07,64.494,1903.69,-2.763e-08,73.0018,2393.4,3.9185e-07,82.6317,3008.13,1.35379e-07,93.5318,3779.25,-4.16351e-08,105.869,4745.7,2.06965e-08,119.834,5955.6,-3.18887e-07,135.641,7468.12,-1.48271e-08,153.531,9355.62,2.00739e-07,173.781,11705.8,2.28358e-07,196.701,14624.1,-1.93587e-08,222.642,18235,-2.88101e-07,252.003,22683.4,-2.24732e-07,285.234,28134,8.56806e-09,322.845,34767,2.34258e-07,365.413,42770.9,2.99668e-07,413.588,52327.9,8.28644e-08,468.111,63591.2,-3.07049e-07,529.814,76653.2,-3.1888e-07,599.642,91502.5,-6.72276e-08,678.662,107975,2.26339e-07,768.083,125705,3.69212e-07,869.267,144088,2.04077e-07,983.76,162277,-2.80509e-07,1113.3,179223,-4.22737e-07,1259.87,193777,-1.71951e-07,1425.68,204839,4.55555e-07,11.7194,11.96,12.6541,2.21263,4.16949,0.989383,2.67766,5.84076,0.311842,3.14343,7.55825,0.0972771,3.63127,9.58578,0.0303237,4.15787,12.0912,0.00945211,4.73731,15.2286,0.00294633,5.38238,19.1721,0.000918508,6.10553,24.134,0.000286163,6.91951,30.3791,8.92692e-05,7.83792,38.2397,2.78121e-05,8.87555,48.1338,8.65134e-06,10.0489,60.5876,2.7882e-06,11.3761,76.2629,8.29036e-07,12.8779,95.9927,2.4373e-07,14.5775,120.825,1e-08,16.5012,152.08,1.75749e-07,18.6784,191.415,1e-08,21.1428,240.917,1.91829e-07,23.9322,303.213,1e-08,27.0895,381.602,7.0186e-08,30.6634,480.231,1e-08,34.7087,604.316,2.40784e-07,39.2876,760.401,9.87368e-08,44.4705,956.705,1.22263e-07,50.3371,1203.54,1e-08,56.9776,1513.81,1e-08,64.494,1903.69,1e-08,73.0018,2393.4,3.9185e-07,82.6317,3008.13,1.35379e-07,93.5318,3779.25,1e-08,105.869,4745.7,2.06965e-08,119.834,5955.6,1e-08,135.641,7468.12,1e-08,153.531,9355.62,2.00739e-07,173.781,11705.8,2.28358e-07,196.701,14624.1,1e-08,222.642,18235,1e-08,252.003,22683.4,1e-08,285.234,28134,1e-08,322.845,34767,2.34258e-07,365.413,42770.9,2.99668e-07,413.588,52327.9,8.28644e-08,468.111,63591.2,1e-08,529.814,76653.2,1e-08,599.642,91502.5,1e-08,678.662,107975,2.26339e-07,768.083,125705,3.69212e-07,869.267,144088,2.04077e-07,983.76,162277,1e-08,1113.3,179223,1e-08,1259.87,193777,1e-08,1425.68,204839,4.55555e-07,6.2823,3.27286,2.43537,0.219672,6.18826,2.24117,0.56371,6.87772,2.63624,0.308279,4,11,19,2,7,0,1,1,0,1,7,0,4,6,0,2,16,0,3,9,0,6,25,0,7,25,0,6,13,0,5,36,0,6,39,0,2,80,0,8,41,0,17,81,0,18,107,0,22,50,0,26,151,0,21,322,0,23,209,0,19,363,0,25,525,0,76,213,0,64,663,0,35,998,0,55,737,0,47,988,0,58,1368,0,68,3267,0,49,4025,0,54,5597,0,125,2772,0,56,4265,0,144,4036,0,27,4418,0,105,9540,0,277,24030,0,270,10478,0,196,18793,0,239,21616,0,513,22802,0,500,42912,0,338,29566,0,431,78610,0,531,56883,0,754,99156,0,798,155613,0,653,138710,0,844,101122,0,1300,135507,0,1721,135856,0,556,137039,0,1826,142920,0
-1.05176e+08,1,8.88811e-15,10,1023,0,1.05176e+08,0.528882,1.08665,0.389689,0.145397,0.379329,3.24381,0.161596,0.446195,1.77396,0.159177,1.15e+07,4.49998e+06,6.79999e+06,1.15e+07,4.49997e+06,6.79999e+06,1.15e+07,4.49996e+06,6.79999e+06,1.15e+07,4.49995e+06,6.79999e+06,1.14999e+07,4.49993e+06,6.79999e+06,1.14999e+07,4.49991e+06,6.79999e+06,1.14999e+07,4.49989e+06,6.79999e+06,1.14999e+07,4.49986e+06,6.79999e+06,1.14999e+07,4.49982e+06,6.79999e+06,1.14999e+07,4.49977e+06,6.79999e+06,1.14999e+07,4.49971e+06,6.79999e+06,1.14999e+07,4.49963e+06,6.79999e+06,1.14998e+07,4.49953e+06,6.79999e+06,1.14998e+07,4.49941e+06,6.79999e+06,1.14998e+07,4.49926e+06,6.79999e+06,1.14998e+07,4.49906e+06,6.79999e+06,1.14997e+07,4.49882e+06,6.79999e+06,1.14997e+07,4.49851e+06,6.79999e+06,1.14997e+07,4.49812e+06,6.79999e+06,1.14996e+07,4.49764e+06,6.79999e+06,1.14996e+07,4.49702e+06,6.79999e+06,1.14995e+07,4.49625e+06,6.79999e+06,1.14995e+07,4.49528e+06,6.79999e+06,1.14994e+07,4.49406e+06,6.79999e+06,1.14993e+07,4.49253e+06,6.79999e+06,1.14992e+07,4.49059e+06,6.79999e+06,1.14991e+07,4.48817e+06,6.79999e+06,1.1499e+07,4.48511e+06,6.79999e+06,1.14988e+07,4.48128e+06,6.79999e+06,1.14987e+07,4.47646e+06,6.79999e+06,1.14985e+07,4.47041e+06,6.79999e+06,1.14983e+07,4.46281e+06,6.79999e+06,1.14981e+07,4.4533e+06,6.79999e+06,1.14979e+07,4.44138e+06,6.79999e+06,1.14976e+07,4.42649e+06,6.79999e+06,1.14972e+07,4.40789e+06,6.79999e+06,1.14969e+07,4.38471e+06,6.79999e+06,1.14965e+07,4.35592e+06,6.79999e+06,1.1496e+07,4.32027e+06,6.79999e+06,1.14955e+07,4.27629e+06,6.79999e+06,1.14949e+07,4.22231e+06,6.79999e+06,1.14942e+07,4.15647e+06,6.79999e+06,1.14934e+07,4.07676e+06,6.79999e+06,1.14926e+07,3.98112e+06,6.79999e+06,1.14916e+07,3.86765e+06,6.79999e+06,1.14905e+07,3.73474e+06,6.79999e+06,1.14892e+07,3.58148e+06,6.79999e+06,1.14878e+07,3.40785e+06,6.79999e+06,1.14862e+07,3.21513e+06,6.79999e+06,1.14844e+07,3.00605e+06,6.79999e+06,1.14823e+07,2.7848e+06,6.79999e+06,1.148e+07,2.5568e+06,6.79999e+06,1.14773e+07,2.32825e+06,6.79999e+06,13.5742,8.52444,0.508366,16.8306,13.2585,0.162638,20.0035,17.569,0.0507846,23.2616,22.4214,0.0158319,26.7328,28.3297,0.00493498,30.5212,35.6974,0.00153831,34.7178,44.9473,0.000479527,39.4086,56.5822,0.000149456,44.6796,71.2245,4.66214e-05,50.6209,89.6543,1.45419e-05,57.3297,112.852,4.54748e-06,64.9129,142.051,1.43857e-06,73.4897,178.803,4.36618e-07,83.1934,225.062,1.40153e-07,94.1745,283.286,4.96378e-08,106.602,356.568,1.05434e-07,120.669,448.799,-6.49244e-08,136.59,564.873,1.70148e-07,154.611,710.948,-5.34594e-08,175.008,894.767,1.63407e-07,198.097,1126.06,8.04804e-08,224.231,1417.07,1.14667e-07,253.813,1783.15,-1.71227e-07,287.297,2243.62,-2.88466e-07,325.198,2822.67,-4.33651e-07,368.098,3550.67,7.9318e-08,416.657,4465.65,3.13319e-07,471.621,5615.16,3.4613e-07,533.835,7058.61,-1.19199e-07,604.255,8870.02,-2.79964e-07,683.962,11141.4,-2.30521e-07,774.182,13986.7,-2.55099e-07,876.299,17546.4,1.23585e-07,991.883,21993.1,1.41192e-07,1122.71,27536.7,-9.71886e-08,1270.78,34430.7,-3.68368e-07,1438.38,42977.7,-3.45379e-07,1628.07,53532.7,-3.25328e-09,1842.77,66504.6,2.6362e-07,2085.77,82350.2,2.53445e-07,2360.79,101560,-2.47407e-08,2672.05,124632,-3.80602e-07,3024.31,152018,-4.79005e-07,3422.98,184060,-1.14379e-07,3874.15,220884,2.64297e-07,4384.72,262283,3.44131e-07,4962.49,307576,7.5349e-08,5616.29,355497,-3.63097e-07,6356.1,404126,-6.05442e-07,7193.18,450932,-2.72333e-07,8140.28,492963,2.29675e-07,9211.79,527178,4.3387e-07,10424,550893,-1.0711e-07,10.102,8.06553,2.81012,10.6436,8.57909,0.869423,11.5336,10.2515,0.270869,12.7211,12.7138,0.0844293,14.1823,15.9373,0.0263173,15.9122,20.0383,0.0082035,17.9198,25.2154,0.00255722,20.2244,31.7373,0.000797017,22.8539,39.9486,0.000248622,25.8438,50.2851,7.75492e-05,29.237,63.2963,2.42508e-05,33.0837,79.6738,7.67162e-06,37.4415,100.288,2.32837e-06,42.3767,126.236,7.33e-07,47.9646,158.896,2.79256e-07,54.2906,200.003,9.87351e-09,61.452,251.741,1.61085e-07,69.5585,316.859,-2.47141e-07,78.7347,398.812,8.93552e-08,89.1218,501.948,-2.53231e-07,100.879,631.736,-1.25047e-07,114.188,795.049,-1.78808e-07,129.252,1000.53,2.6733e-07,146.304,1259.03,4.50292e-07,165.605,1584.19,6.76904e-07,187.452,1993.12,-1.23808e-07,212.181,2507.27,-4.89068e-07,240.173,3153.54,-5.40284e-07,271.856,3965.56,1.86061e-07,307.719,4985.38,4.37004e-07,348.313,6265.4,3.59828e-07,394.26,7870.83,3.98192e-07,446.268,9882.51,-1.92908e-07,505.135,12400.3,-2.20392e-07,571.766,15546.9,1.51705e-07,647.184,19472.2,5.74996e-07,732.547,24357.4,5.39112e-07,829.167,30420,5.07815e-09,938.526,37916.3,-4.11492e-07,1062.3,47143.9,-3.9561e-07,1202.4,58439.2,3.86185e-08,1360.96,72169.3,5.94093e-07,1540.42,88715.8,7.47693e-07,1743.53,108445,1.78537e-07,1973.41,131665,-4.12549e-07,2233.57,158557,-5.37164e-07,2528,189103,-1.17615e-07,2861.2,222986,5.66769e-07,3238.27,259510,9.45053e-07,3664.97,297540,4.25093e-07,4147.81,335497,-3.58506e-07,4694.17,371444,-6.7724e-07,5312.37,403256,1.67192e-07,1.61744,3.89446,9.84394,3.28846,7.5504,12.774,5.07607,11.7187,13.6844,7.03202,16.8147,13.9681,9.20215,23.1769,14.0566,11.6301,31.1672,14.0841,14.3598,41.2186,14.0927,17.4376,53.8688,14.0954,20.9137,69.7915,14.0962,24.8432,89.8341,14.0965,29.2879,115.063,14.0966,34.3168,146.819,14.0966,40.0078,186.792,14.0966,46.4487,237.107,14.0966,53.7388,300.44,14.0966,61.9903,380.158,14.0966,71.3301,480.499,14.0966,81.902,606.796,14.0966,93.8685,765.761,14.0966,107.414,965.837,14.0966,122.746,1217.65,14.0966,140.101,1534.57,14.0966,159.745,1933.41,14.0966,181.981,2435.3,14.0966,207.15,3066.85,14.0966,235.64,3861.46,14.0966,267.889,4861.11,14.0966,304.391,6118.54,14.0966,345.709,7699.91,14.0966,392.478,9688.22,14.0966,445.417,12187.5,14.0966,505.339,15327.7,14.0966,573.165,19271.6,14.0966,649.938,24222,14.0966,736.839,30430.9,14.0966,835.202,38211.5,14.0966,946.539,47950.3,14.0966,1072.56,60122.8,14.0966,1215.21,75309.9,14.0966,1376.66,94216.2,14.0966,1559.41,117688,14.0966,1766.26,146729,14.0966,2000.39,182510,14.0966,2265.39,226372,14.0966,2565.33,279806,14.0966,2904.81,344416,14.0966,3289.05,421845,14.0966,3723.93,513667,14.0966,4216.13,621231,14.0966,4773.18,745478,14.0966,5403.64,886744,14.0966,6117.15,1.04457e+06,14.0966,6924.63,1.2176e+06,14.0966,11.7194,11.96,12.6541,13.9321,16.1295,13.6434,16.6097,21.9702,13.9553,19.7532,29.5285,14.0526,23.3844,39.1143,14.0829,27.5423,51.2054,14.0923,32.2796,66.434,14.0953,37.662,85.6061,14.0962,43.7675,109.74,14.0965,50.687,140.119,14.0966,58.5249,178.359,14.0966,67.4005,226.493,14.0966,77.4493,287.08,14.0966,88.8254,363.343,14.0966,101.703,459.336,14.0966,116.281,580.161,14.0966,132.782,732.241,14.0966,151.46,923.655,14.0966,172.603,1164.57,14.0966,196.535,1467.79,14.0966,223.625,1849.39,14.0966,254.288,2329.62,14.0966,288.997,2933.93,14.0966,328.285,3694.33,14.0966,372.755,4651.04,14.0966,423.092,5854.57,14.0966,480.07,7368.38,14.0966,544.564,9272.08,14.0966,617.566,11665.5,14.0966,700.197,14673.6,14.0966,793.729,18452.9,14.0966,899.599,23198.6,14.0966,1019.43,29154.1,14.0966,1155.07,36622.3,14.0966,1308.6,45977.9,14.0966,1482.39,57683.7,14.0966,1679.09,72307.8,14.0966,1901.73,90542.8,14.0966,2153.73,113226,14.0966,2438.97,141360,14.0966,2761.81,176127,14.0966,3127.22,218898,14.0966,3540.81,271226,14.0966,4008.92,334817,14.0966,4538.74,411470,14.0966,5138.38,502973,14.0966,5817.04,610948,14.0966,6585.12,736653,14.0966,7454.39,880741,14.0966,8438.15,1.04302e+06,14.0966,9551.45,1.22224e+06,14.0966,10811.3,1.41602e+06,14.0966,12237,1.62086e+06,14.0966,11.7194,11.96,12.6541,2.21263,4.16949,0.989383,2.67766,5.84076,0.311842,3.14343,7.55825,0.0972771,3.63127,9.58578,0.0303237,4.15787,12.0912,0.00945211,4.73731,15.2286,0.00294633,5.38238,19.1721,0.000918508,6.10553,24.134,0.000286163,6.91951,30.3791,8.92692e-05,7.83792,38.2397,2.78121e-05,8.87555,48.1338,8.65134e-06,10.0489,60.5876,2.7882e-06,11.3761,76.2629,8.29036e-07,12.8779,95.9927,2.4373e-07,14.5775,120.825,4.33068e-09,16.5012,152.08,1.75749e-07,18.6784,191.415,-1.86328e-07,21.1428,240.917,1.91829e-07,23.9322,303.213,-1.81475e-07,27.0895,381.602,7.0186e-08,30.6634,480.231,-2.86769e-08,34.7087,604.316,2.40784e-07,39.2876,760.401,9.87368e-08,44.4705,956.705,1.22263e-07,50.3371,1203.54,-4.31966e-07,56.9776,1513.81,-1.9705e-07,64.494,1903.69,-2.763e-08,73.0018,2393.4,3.9185e-07,82.6317,3008.13,1.35379e-07,93.5318,3779.25,-4.16351e-08,105.869,4745.7,2.06965e-08,119.834,5955.6,-3.18887e-07,135.641,7468.12,-1.48271e-08,153.531,9355.62,2.00739e-07,173.781,11705.8,2.28358e-07,196.701,14624.1,-1.93587e-08,222.642,18235,-2.88101e-07,252.003,22683.4,-2.24732e-07,285.234,28134,8.56806e-09,322.845,34767,2.34258e-07,365.413,42770.9,2.99668e-07,413.588,52327.9,8.28644e-08,468.111,63591.2,-3.07049e-07,529.814,76653.2,-3.1888e-07,599.642,91502.5,-6.72276e-08,678.662,107975,2.26339e-07,768.083,125705,3.69212e-07,869.267,144088,2.04077e-07,983.76,162277,-2.80509e-07,1113.3,179223,-4.22737e-07,1259.87,193777,-1.71951e-07,1425.68,204839,4.55555e-07,11.7194,11.96,12.6541,2.21263,4.16949,0.989383,2.67766,5.84076,0.311842,3.14343,7.55825,0.0972771,3.63127,9.58578,0.0303237,4.15787,12.0912,0.00945211,4.73731,15.2286,0.00294633,5.38238,19.1721,0.000918508,6.10553,24.134,0.000286163,6.91951,30.3791,8.92692e-05,7.83792,38.2397,2.78121e-05,8.87555,48.1338,8.65134e-06,10.0489,60.5876,2.7882e-06,11.3761,76.2629,8.29036e-07,12.8779,95.9927,2.4373e-07,14.5775,120.825,1e-08,16.5012,152.08,1.75749e-07,18.6784,191.415,1e-08,21.1428,240.917,1.91829e-07,23.9322,303.213,1e-08,27.0895,381.602,7.0186e-08,30.6634,480.231,1e-08,34.7087,604.316,2.40784e-07,39.2876,760.401,9.87368e-08,44.4705,956.705,1.22263e-07,50.3371,1203.54,1e-08,56.9776,1513.81,1e-08,64.494,1903.69,1e-08,73.0018,2393.4,3.9185e-07,82.6317,3008.13,1.35379e-07,93.5318,3779.25,1e-08,105.869,4745.7,2.06965e-08,119.834,5955.6,1e-08,135.641,7468.12,1e-08,153.531,9355.62,2.00739e-07,173.781,11705.8,2.28358e-07,196.701,14624.1,1e-08,222.642,18235,1e-08,252.003,22683.4,1e-08,285.234,28134,1e-08,322.845,34767,2.34258e-07,365.413,42770.9,2.99668e-07,413.588,52327.9,8.28644e-08,468.111,63591.2,1e-08,529.814,76653.2,1e-08,599.642,91502.5,1e-08,678.662,107975,2.26339e-07,768.083,125705,3.69212e-07,869.267,144088,2.04077e-07,983.76,162277,1e-08,1113.3,179223,1e-08,1259.87,193777,1e-08,1425.68,204839,4.55555e-07,6.2823,3.27286,2.43537,0.219672,6.18826,2.24117,0.56371,6.87772,2.63624,0.308279,3,14,19,0,2,0,1,4,0,1,6,0,6,7,0,6,7,0,12,7,0,2,23,0,1,38,0,3,28,0,9,41,0,4,31,0,13,27,0,17,32,0,13,106,0,8,165,0,9,204,0,13,159,0,28,300,0,18,264,0,32,315,0,44,88,0,33,627,0,44,452,0,23,1212,0,32,2081,0,23,1587,0,85,2145,0,56,2274,0,84,3654,0,38,3135,0,103,4370,0,162,7260,0,89,3798,0,145,10187,0,107,10599,0,205,15308,0,254,17475,0,218,14457,0,355,30773,0,132,25080,0,306,17819,0,475,92655,0,186,25974,0,715,62731,0,600,85280,0,667,86532,0,386,165594,0,688,149991,0,500,86310,0,1922,107880,0,952,156414,0,1312,173912,0
-1.05176e+08,1,8.88811e-15,10,1023,0,1.05176e+08,0.528882,1.08665,0.389689,0.145397,0.379329,3.24381,0.161596,0.446195,1.77396,0.159177,1.15e+07,4.49998e+06,6.79999e+06,1.15e+07,4.49997e+06,6.79999e+06,1.15e+07,4.49996e+06,6.79999e+06,1.15e+07,4.49995e+06,6.79999e+06,1.14999e+07,4.49993e+06,6.79999e+06,1.14999e+07,4.49991e+06,6.79999e+06,1.14999e+07,4.49989e+06,6.79999e+06,1.14999e+07,4.49986e+06,6.79999e+06,1.14999e+07,4.49982e+06,6.79999e+06,1.14999e+07,4.49977e+06,6.79999e+06,1.14999e+07,4.49971e+06,6.79999e+06,1.14999e+07,4.49963e+06,6.79999e+06,1.14998e+07,4.49953e+06,6.79999e+06,1.14998e+07,4.49941e+06,6.79999e+06,1.14998e+07,4.49926e+06,6.79999e+06,1.14998e+07,4.49906e+06,6.79999e+06,1.14997e+07,4.49882e+06,6.79999e+06,1.14997e+07,4.49851e+06,6.79999e+06,1.14997e+07,4.49812e+06,6.79999e+06,1.14996e+07,4.49764e+06,6.79999e+06,1.14996e+07,4.49702e+06,6.79999e+06,1.14995e+07,4.49625e+06,6.79999e+06,1.14995e+07,4.49528e+06,6.79999e+06,1.14994e+07,4.49406e+06,6.79999e+06,1.14993e+07,4.49253e+06,6.79999e+06,1.14992e+07,4.49059e+06,6.79999e+06,1.14991e+07,4.48817e+06,6.79999e+06,1.1499e+07,4.48511e+06,6.79999e+06,1.14988e+07,4.48128e+06,6.79999e+06,1.14987e+07,4.47646e+06,6.79999e+06,1.14985e+07,4.47041e+06,6.79999e+06,1.14983e+07,4.46281e+06,6.79999e+06,1.14981e+07,4.4533e+06,6.79999e+06,1.14979e+07,4.44138e+06,6.79999e+06,1.14976e+07,4.42649e+06,6.79999e+06,1.14972e+07,4.40789e+06,6.79999e+06,1.14969e+07,4.38471e+06,6.79999e+06,1.14965e+07,4.35592e+06,6.79999e+06,1.1496e+07,4.32027e+06,6.79999e+06,1.14955e+07,4.27629e+06,6.79999e+06,1.14949e+07,4.22231e+06,6.79999e+06,1.14942e+07,4.15647e+06,6.79999e+06,1.14934e+07,4.07676e+06,6.79999e+06,1.14926e+07,3.98112e+06,6.79999e+06,1.14916e+07,3.86765e+06,6.79999e+06,1.14905e+07,3.73474e+06,6.79999e+06,1.14892e+07,3.58148e+06,6.79999e+06,1.14878e+07,3.40785e+06,6.79999e+06,1.14862e+07,3.21513e+06,6.79999e+06,1.14844e+07,3.00605e+06,6.79999e+06,1.14823e+07,2.7848e+06,6.79999e+06,1.148e+07,2.5568e+06,6.79999e+06,1.14773e+07,2.32825e+06,6.79999e+06,13.5742,8.52444,0.508366,16.8306,13.2585,0.162638,20.0035,17.569,0.0507846,23.2616,22.4214,0.0158319,26.7328,28.3297,0.00493498,30.5212,35.6974,0.00153831,34.7178,44.9473,0.000479527,39.4086,56.5822,0.000149456,44.6796,71.2245,4.66214e-05,50.6209,89.6543,1.45419e-05,57.3297,112.852,4.54748e-06,64.9129,142.051,1.43857e-06,73.4897,178.803,4.36618e-07,83.1934,225.062,1.40153e-07,94.1745,283.286,4.96378e-08,106.602,356.568,1.05434e-07,120.669,448.799,-6.49244e-08,136.59,564.873,1.70148e-07,154.611,710.948,-5.34594e-08,175.008,894.767,1.63407e-07,198.097,1126.06,8.04804e-08,224.231,1417.07,1.14667e-07,253.813,1783.15,-1.71227e-07,287.297,2243.62,-2.88466e-07,325.198,2822.67,-4.33651e-07,368.098,3550.67,7.9318e-08,416.657,4465.65,3.13319e-07,471.621,5615.16,3.4613e-07,533.835,7058.61,-1.19199e-07,604.255,8870.02,-2.79964e-07,683.962,11141.4,-2.30521e-07,774.182,13986.7,-2.55099e-07,876.299,17546.4,1.23585e-07,991.883,21993.1,1.41192e-07,1122.71,27536.7,-9.71886e-08,1270.78,34430.7,-3.68368e-07,1438.38,42977.7,-3.45379e-07,1628.07,53532.7,-3.25328e-09,1842.77,66504.6,2.6362e-07,2085.77,82350.2,2.53445e-07,2360.79,101560,-2.47407e-08,2672.05,124632,-3.80602e-07,3024.31,152018,-4.79005e-07,3422.98,184060,-1.14379e-07,3874.15,220884,2.64297e-07,4384.72,262283,3.44131e-07,4962.49,307576,7.5349e-08,5616.29,355497,-3.63097e-07,6356.1,404126,-6.05442e-07,7193.18,450932,-2.72333e-07,8140.28,492963,2.29675e-07,9211.79,527178,4.3387e-07,10424,550893,-1.0711e-07,10.102,8.06553,2.81012,10.6436,8.57909,0.869423,11.5336,10.2515,0.270869,12.7211,12.7138,0.0844293,14.1823,15.9373,0.0263173,15.9122,20.0383,0.0082035,17.9198,25.2154,0.00255722,20.2244,31.7373,0.000797017,22.8539,39.9486,0.000248622,25.8438,50.2851,7.75492e-05,29.237,63.2963,2.42508e-05,33.0837,79.6738,7.67162e-06,37.4415,100.288,2.32837e-06,42.3767,126.236,7.33e-07,47.9646,158.896,2.79256e-07,54.2906,200.003,9.87351e-09,61.452,251.741,1.61085e-07,69.5585,316.859,-2.47141e-07,78.7347,398.812,8.93552e-08,89.1218,501.948,-2.53231e-07,100.879,631.736,-1.25047e-07,114.188,795.049,-1.78808e-07,129.252,1000.53,2.6733e-07,146.304,1259.03,4.50292e-07,165.605,1584.19,6.76904e-07,187.452,1993.12,-1.23808e-07,212.181,2507.27,-4.89068e-07,240.173,3153.54,-5.40284e-07,271.856,3965.56,1.86061e-07,307.719,4985.38,4.37004e-07,348.313,6265.4,3.59828e-07,394.26,7870.83,3.98192e-07,446.268,9882.51,-1.92908e-07,505.135,12400.3,-2.20392e-07,571.766,15546.9,1.51705e-07,647.184,19472.2,5.74996e-07,732.547,24357.4,5.39112e-07,829.167,30420,5.07815e-09,938.526,37916.3,-4.11492e-07,1062.3,47143.9,-3.9561e-07,1202.4,58439.2,3.86185e-08,1360.96,72169.3,5.94093e-07,1540.42,88715.8,7.47693e-07,1743.53,108445,1.78537e-07,1973.41,131665,-4.12549e-07,2233.57,158557,-5.37164e-07,2528,189103,-1.17615e-07,2861.2,222986,5.66769e-07,3238.27,259510,9.45053e-07,3664.97,297540,4.25093e-07,4147.81,335497,-3.58506e-07,4694.17,371444,-6.7724e-07,5312.37,403256,1.67192e-07,1.61744,3.89446,9.84394,3.28846,7.5504,12.774,5.07607,11.7187,13.6844,7.03202,16.8147,13.9681,9.20215,23.1769,14.0566,11.6301,31.1672,14.0841,14.3598,41.2186,14.0927,17.4376,53.8688,14.0954,20.9137,69.7915,14.0962,24.8432,89.8341,14.0965,29.2879,115.063,14.0966,34.3168,146.819,14.0966,40.0078,186.792,14.0966,46.4487,237.107,14.0966,53.7388,300.44,14.0966,61.9903,380.158,14.0966,71.3301,480.499,14.0966,81.902,606.796,14.0966,93.8685,765.761,14.0966,107.414,965.837,14.0966,122.746,1217.65,14.0966,140.101,1534.57,14.0966,159.745,1933.41,14.0966,181.981,2435.3,14.0966,207.15,3066.85,14.0966,235.64,3861.46,14.0966,267.889,4861.11,14.0966,304.391,6118.54,14.0966,345.709,7699.91,14.0966,392.478,9688.22,14.0966,445.417,12187.5,14.0966,505.339,15327.7,14.0966,573.165,19271.6,14.0966,649.938,24222,14.0966,736.839,30430.9,14.0966,835.202,38211.5,14.0966,946.539,47950.3,14.0966,1072.56,60122.8,14.0966,1215.21,75309.9,14.0966,1376.66,94216.2,14.0966,1559.41,117688,14.0966,1766.26,146729,14.0966,2000.39,182510,14.0966,2265.39,226372,14.0966,2565.33,279806,14.0966,2904.81,344416,14.0966,3289.05,421845,14.0966,3723.93,513667,14.0966,4216.13,621231,14.0966,4773.18,745478,14.0966,5403.64,886744,14.0966,6117.15,1.04457e+06,14.0966,6924.63,1.2176e+06,14.0966,11.7194,11.96,12.6541,13.9321,16.1295,13.6434,16.6097,21.9702,13.9553,19.7532,29.5285,14.0526,23.3844,39.1143,14.0829,27.5423,51.2054,14.0923,32.2796,66.434,14.0953,37.662,85.6061,14.0962,43.7675,109.74,14.0965,50.687,140.119,14.0966,58.5249,178.359,14.0966,67.4005,226.493,14.0966,77.4493,287.08,14.0966,88.8254,363.343,14.0966,101.703,459.336,14.0966,116.281,580.161,14.0966,132.782,732.241,14.0966,151.46,923.655,14.0966,172.603,1164.57,14.0966,196.535,1467.79,14.0966,223.625,1849.39,14.0966,254.288,2329.62,14.0966,288.997,2933.93,14.0966,328.285,3694.33,14.0966,372.755,4651.04,14.0966,423.092,5854.57,14.0966,480.07,7368.38,14.0966,544.564,9272.08,14.0966,617.566,11665.5,14.0966,700.197,14673.6,14.0966,793.729,18452.9,14.0966,899.599,23198.6,14.0966,1019.43,29154.1,14.0966,1155.07,36622.3,14.0966,1308.6,45977.9,14.0966,1482.39,57683.7,14.0966,1679.09,72307.8,14.0966,1901.73,90542.8,14.0966,2153.73,113226,14.0966,2438.97,141360,14.0966,2761.81,176127,14.0966,3127.22,218898,14.0966,3540.81,271226,14.0966,4008.92,334817,14.0966,4538.74,411470,14.0966,5138.38,502973,14.0966,5817.04,610948,14.0966,6585.12,736653,14.0966,7454.39,880741,14.0966,8438.15,1.04302e+06,14.0966,9551.45,1.22224e+06,14.0966,10811.3,1.41602e+06,14.0966,12237,1.62086e+06,14.0966,11.7194,11.96,12.6541,2.21263,4.16949,0.989383,2.67766,5.84076,0.311842,3.14343,7.55825,0.0972771,3.63127,9.58578,0.0303237,4.15787,12.0912,0.00945211,4.73731,15.2286,0.00294633,5.38238,19.1721,0.000918508,6.10553,24.134,0.000286163,6.91951,30.3791,8.92692e-05,7.83792,38.2397,2.78121e-05,8.87555,48.1338,8.65134e-06,10.0489,60.5876,2.7882e-06,11.3761,76.2629,8.29036e-07,12.8779,95.9927,2.4373e-07,14.5775,120.825,4.33068e-09,16.5012,152.08,1.75749e-07,18.6784,191.415,-1.86328e-07,21.1428,240.917,1.91829e-07,23.9322,303.213,-1.81475e-07,27.0895,381.602,7.0186e-08,30.6634,480.231,-2.86769e-08,34.7087,604.316,2.40784e-07,39.2876,760.401,9.87368e-08,44.4705,956.705,1.22263e-07,50.3371,1203.54,-4.31966e-07,56.9776,1513.81,-1.9705e-07,64.494,1903.69,-2.763e-08,73.0018,2393.4,3.9185e-07,82.6317,3008.13,1.35379e-07,93.5318,3779.25,-4.16351e-08,105.869,4745.7,2.06965e-08,119.834,5955.6,-3.18887e-07,135.641,7468.12,-1.48271e-08,153.531,9355.62,2.00739e-07,173.781,11705.8,2.28358e-07,196.701,14624.1,-1.93587e-08,222.642,18235,-2.88101e-07,252.003,22683.4,-2.24732e-07,285.234,28134,8.56806e-09,322.845,34767,2.34258e-07,365.413,42770.9,2.99668e-07,413.588,52327.9,8.28644e-08,468.111,63591.2,-3.07049e-07,529.814,76653.2,-3.1888e-07,599.642,91502.5,-6.72276e-08,678.662,107975,2.26339e-07,768.083,125705,3.69212e-07,869.267,144088,2.04077e-07,983.76,162277,-2.80509e-07,1113.3,179223,-4.22737e-07,1259.87,193777,-1.71951e-07,1425.68,204839,4.55555e-07,11.7194,11.96,12.6541,2.21263,4.16949,0.989383,2.67766,5.84076,0.311842,3.14343,7.55825,0.0972771,3.63127,9.58578,0.0303237,4.15787,12.0912,0.00945211,4.73731,15.2286,0.00294633,5.38238,19.1721,0.000918508,6.10553,24.134,0.000286163,6.91951,30.3791,8.92692e-05,7.83792,38.2397,2.78121e-05,8.87555,48.1338,8.65134e-06,10.0489,60.5876,2.7882e-06,11.3761,76.2629,8.29036e-07,12.8779,95.9927,2.4373e-07,14.5775,120.825,1e-08,16.5012,152.08,1.75749e-07,18.6784,191.415,1e-08,21.1428,240.917,1.91829e-07,23.9322,303.213,1e-08,27.0895,381.602,7.0186e-08,30.6634,480.231,1e-08,34.7087,604.316,2.40784e-07,39.2876,760.401,9.87368e-08,44.4705,956.705,1.22263e-07,50.3371,1203.54,1e-08,56.9776,1513.81,1e-08,64.494,1903.69,1e-08,73.0018,2393.4,3.9185e-07,82.6317,3008.13,1.35379e-07,93.5318,3779.25,1e-08,105.869,4745.7,2.06965e-08,119.834,5955.6,1e-08,135.641,7468.12,1e-08,153.531,9355.62,2.00739e-07,173.781,11705.8,2.28358e-07,196.701,14624.1,1e-08,222.642,18235,1e-08,252.003,22683.4,1e-08,285.234,28134,1e-08,322.845,34767,2.34258e-07,365.413,42770.9,2.99668e-07,413.588,52327.9,8.28644e-08,468.111,63591.2,1e-08,529.814,76653.2,1e-08,599.642,91502.5,1e-08,678.662,107975,2.26339e-07,768.083,125705,3.69212e-07,869.267,144088,2.04077e-07,983.76,162277,1e-08,1113.3,179223,1e-08,1259.87,193777,1e-08,1425.68,204839,4.55555e-07,6.2823,3.27286,2.43537,0.219672,6.18826,2.24117,0.56371,6.87772,2.63624,0.308279,7,13,19,0,1,1,3,9,0,6,4,0,5,7,0,6,11,0,10,7,0,9,16,0,5,52,0,11,20,0,8,32,0,8,60,0,9,44,0,17,82,0,25,122,0,16,111,0,11,143,0,17,219,0,24,248,0,20,187,0,21,527,0,20,565,0,59,574,0,69,674,0,14,433,0,47,1064,0,74,1043,0,53,4690,0,70,4380,0,56,2444,0,54,2954,0,141,6138,0,232,5484,0,124,12752,0,188,3355,0,145,3089,0,319,9012,0,146,13842,0,199,16621,0,454,40487,0,308,30139,0,342,64717,0,316,56409,0,358,47154,0,446,145196,0,951,29887,0,531,83949,0,954,132418,0,522,186461,0,1017,190962,0,463,165422,0,1342,84178,0,1727,210405,0
-1.05176e+08,1,8.88811e-15,10,1023,0,1.05176e+08,0.528882,1.08665,0.389689,0.145397,0.379329,3.24381,0.161596,0.446195,1.77396,0.159177,1.15e+07,4.49998e+06,6.79999e+06,1.15e+07,4.49997e+06,6.79999e+06,1.15e+07,4.49996e+06,6.79999e+06,1.15e+07,4.49995e+06,6.79999e+06,1.14999e+07,4.49993e+06,6.79999e+06,1.14999e+07,4.49991e+06,6.79999e+06,1.14999e+07,4.49989e+06,6.79999e+06,1.14999e+07,4.49986e+06,6.79999e+06,1.14999e+07,4.49982e+06,6.79999e+06,1.14999e+07,4.49977e+06,6.79999e+06,1.14999e+07,4.49971e+06,6.79999e+06,1.14999e+07,4.49963e+06,6.79999e+06,1.14998e+07,4.49953e+06,6.79999e+06,1.14998e+07,4.49941e+06,6.79999e+06,1.14998e+07,4.49926e+06,6.79999e+06,1.14998e+07,4.49906e+06,6.79999e+06,1.14997e+07,4.49882e+06,6.79999e+06,1.14997e+07,4.49851e+06,6.79999e+06,1.14997e+07,4.49812e+06,6.79999e+06,1.14996e+07,4.49764e+06,6.79999e+06,1.14996e+07,4.49702e+06,6.79999e+06,1.14995e+07,4.49625e+06,6.79999e+06,1.14995e+07,4.49528e+06,6.79999e+06,1.14994e+07,4.49406e+06,6.79999e+06,1.14993e+07,4.49253e+06,6.79999e+06,1.14992e+07,4.49059e+06,6.79999e+06,1.14991e+07,4.48817e+06,6.79999e+06,1.1499e+07,4.48511e+06,6.79999e+06,1.14988e+07,4.48128e+06,6.79999e+06,1.14987e+07,4.47646e+06,6.79999e+06,1.14985e+07,4.47041e+06,6.79999e+06,1.14983e+07,4.46281e+06,6.79999e+06,1.14981e+07,4.4533e+06,6.79999e+06,1.14979e+07,4.44138e+06,6.79999e+06,1.14976e+07,4.42649e+06,6.79999e+06,1.14972e+07,4.40789e+06,6.79999e+06,1.14969e+07,4.38471e+06,6.79999e+06,1.14965e+07,4.35592e+06,6.79999e+06,1.1496e+07,4.32027e+06,6.79999e+06,1.14955e+07,4.27629e+06,6.79999e+06,1.14949e+07,4.22231e+06,6.79999e+06,1.14942e+07,4.15647e+06,6.79999e+06,1.14934e+07,4.07676e+06,6.79999e+06,1.14926e+07,3.98112e+06,6.79999e+06,1.14916e+07,3.86765e+06,6.79999e+06,1.14905e+07,3.73474e+06,6.79999e+06,1.14892e+07,3.58148e+06,6.79999e+06,1.14878e+07,3.40785e+06,6.79999e+06,1.14862e+07,3.21513e+06,6.79999e+06,1.14844e+07,3.00605e+06,6.79999e+06,1.14823e+07,2.7848e+06,6.79999e+06,1.148e+07,2.5568e+06,6.79999e+06,1.14773e+07,2.32825e+06,6.79999e+06,13.5742,8.52444,0.508366,16.8306,13.2585,0.162638,20.0035,17.569,0.0507846,23.2616,22.4214,0.0158319,26.7328,28.3297,0.00493498,30.5212,35.6974,0.00153831,34.7178,44.9473,0.000479527,39.4086,56.5822,0.000149456,44.6796,71.2245,4.66214e-05,50.6209,89.6543,1.45419e-05,57.3297,112.852,4.54748e-06,64.9129,142.051,1.43857e-06,73.4897,178.803,4.36618e-07,83.1934,225.062,1.40153e-07,94.1745,283.286,4.96378e-08,106.602,356.568,1.05434e-07,120.669,448.799,-6.49244e-08,136.59,564.873,1.70148e-07,154.611,710.948,-5.34594e-08,175.008,894.767,1.63407e-07,198.097,1126.06,8.04804e-08,224.231,1417.07,1.14667e-07,253.813,1783.15,-1.71227e-07,287.297,2243.62,-2.88466e-07,325.198,2822.67,-4.33651e-07,368.098,3550.67,7.9318e-08,416.657,4465.65,3.13319e-07,471.621,5615.16,3.4613e-07,533.835,7058.61,-1.19199e-07,604.255,8870.02,-2.79964e-07,683.962,11141.4,-2.30521e-07,774.182,13986.7,-2.55099e-07,876.299,17546.4,1.23585e-07,991.883,21993.1,1.41192e-07,1122.71,27536.7,-9.71886e-08,1270.78,34430.7,-3.68368e-07,1438.38,42977.7,-3.45379e-07,1628.07,53532.7,-3.25328e-09,1842.77,66504.6,2.6362e-07,2085.77,82350.2,2.53445e-07,2360.79,101560,-2.47407e-08,2672.05,124632,-3.80602e-07,3024.31,152018,-4.79005e-07,3422.98,184060,-1.14379e-07,3874.15,220884,2.64297e-07,4384.72,262283,3.44131e-07,4962.49,307576,7.5349e-08,5616.29,355497,-3.63097e-07,6356.1,404126,-6.05442e-07,7193.18,450932,-2.72333e-07,8140.28,492963,2.29675e-07,9211.79,527178,4.3387e-07,10424,550893,-1.0711e-07,10.102,8.06553,2.81012,10.6436,8.57909,0.869423,11.5336,10.2515,0.270869,12.7211,12.7138,0.0844293,14.1823,15.9373,0.0263173,15.9122,20.0383,0.0082035,17.9198,25.2154,0.00255722,20.2244,31.7373,0.000797017,22.8539,39.9486,0.000248622,25.8438,50.2851,7.75492e-05,29.237,63.2963,2.42508e-05,33.0837,79.6738,7.67162e-06,37.4415,100.288,2.32837e-06,42.3767,126.236,7.33e-07,47.9646,158.896,2.79256e-07,54.2906,200.003,9.87351e-09,61.452,251.741,1.61085e-07,69.5585,316.859,-2.47141e-07,78.7347,398.812,8.93552e-08,89.1218,501.948,-2.53231e-07,100.879,631.736,-1.25047e-07,114.188,795.049,-1.78808e-07,129.252,1000.53,2.6733e-07,146.304,1259.03,4.50292e-07,165.605,1584.19,6.76904e-07,187.452,1993.12,-1.23808e-07,212.181,2507.27,-4.89068e-07,240.173,3153.54,-5.40284e-07,271.856,3965.56,1.86061e-07,307.719,4985.38,4.37004e-07,348.313,6265.4,3.59828e-07,394.26,7870.83,3.98192e-07,446.268,9882.51,-1.92908e-07,505.135,12400.3,-2.20392e-07,571.766,15546.9,1.51705e-07,647.184,19472.2,5.74996e-07,732.547,24357.4,5.39112e-07,829.167,30420,5.07815e-09,938.526,37916.3,-4.11492e-07,1062.3,47143.9,-3.9561e-07,1202.4,58439.2,3.86185e-08,1360.96,72169.3,5.94093e-07,1540.42,88715.8,7.47693e-07,1743.53,108445,1.78537e-07,1973.41,131665,-4.12549e-07,2233.57,158557,-5.37164e-07,2528,189103,-1.17615e-07,2861.2,222986,5.66769e-07,3238.27,259510,9.45053e-07,3664.97,297540,4.25093e-07,4147.81,335497,-3.58506e-07,4694.17,371444,-6.7724e-07,5312.37,403256,1.67192e-07,1.61744,3.89446,9.84394,3.28846,7.5504,12.774,5.07607,11.7187,13.6844,7.03202,16.8147,13.9681,9.20215,23.1769,14.0566,11.6301,31.1672,14.0841,14.3598,41.2186,14.0927,17.4376,53.8688,14.0954,20.9137,69.7915,14.0962,24.8432,89.8341,14.0965,29.2879,115.063,14.0966,34.3168,146.819,14.0966,40.0078,186.792,14.0966,46.4487,237.107,14.0966,53.7388,300.44,14.0966,61.9903,380.158,14.0966,71.3301,480.499,14.0966,81.902,606.796,14.0966,93.8685,765.761,14.0966,107.414,965.837,14.0966,122.746,1217.65,14.0966,140.101,1534.57,14.0966,159.745,1933.41,14.0966,181.981,2435.3,14.0966,207.15,3066.85,14.0966,235.64,3861.46,14.0966,267.889,4861.11,14.0966,304.391,6118.54,14.0966,345.709,7699.91,14.0966,392.478,9688.22,14.0966,445.417,12187.5,14.0966,505.339,15327.7,14.0966,573.165,19271.6,14.0966,649.938,24222,14.0966,736.839,30430.9,14.0966,835.202,38211.5,14.0966,946.539,47950.3,14.0966,1072.56,60122.8,14.0966,1215.21,75309.9,14.0966,1376.66,94216.2,14.0966,1559.41,117688,14.0966,1766.26,146729,14.0966,2000.39,182510,14.0966,2265.39,226372,14.0966,2565.33,279806,14.0966,2904.81,344416,14.0966,3289.05,421845,14.0966,3723.93,513667,14.0966,4216.13,621231,14.0966,4773.18,745478,14.0966,5403.64,886744,14.0966,6117.15,1.04457e+06,14.0966,6924.63,1.2176e+06,14.0966,11.7194,11.96,12.6541,13.9321,16.1295,13.6434,16.6097,21.9702,13.9553,19.7532,29.5285,14.0526,23.3844,39.1143,14.0829,27.5423,51.2054,14.0923,32.2796,66.434,14.0953,37.662,85.6061,14.0962,43.7675,109.74,14.0965,50.687,140.119,14.0966,58.5249,178.359,14.0966,67.4005,226.493,14.0966,77.4493,287.08,14.0966,88.8254,363.343,14.0966,101.703,459.336,14.0966,116.281,580.161,14.0966,132.782,732.241,14.0966,151.46,923.655,14.0966,172.603,1164.57,14.0966,196.535,1467.79,14.0966,223.625,1849.39,14.0966,254.288,2329.62,14.0966,288.997,2933.93,14.0966,328.285,3694.33,14.0966,372.755,4651.04,14.0966,423.092,5854.57,14.0966,480.07,7368.38,14.0966,544.564,9272.08,14.0966,617.566,11665.5,14.0966,700.197,14673.6,14.0966,793.729,18452.9,14.0966,899.599,23198.6,14.0966,1019.43,29154.1,14.0966,1155.07,36622.3,14.0966,1308.6,45977.9,14.0966,1482.39,57683.7,14.0966,1679.09,72307.8,14.0966,1901.73,90542.8,14.0966,2153.73,113226,14.0966,2438.97,141360,14.0966,2761.81,176127,14.0966,3127.22,218898,14.0966,3540.81,271226,14.0966,4008.92,334817,14.0966,4538.74,411470,14.0966,5138.38,502973,14.0966,5817.04,610948,14.0966,6585.12,736653,14.0966,7454.39,880741,14.0966,8438.15,1.04302e+06,14.0966,9551.45,1.22224e+06,14.0966,10811.3,1.41602e+06,14.0966,12237,1.62086e+06,14.0966,11.7194,11.96,12.6541,2.21263,4.16949,0.989383,2.67766,5.84076,0.311842,3.14343,7.55825,0.0972771,3.63127,9.58578,0.0303237,4.15787,12.0912,0.00945211,4.73731,15.2286,0.00294633,5.38238,19.1721,0.000918508,6.10553,24.134,0.000286163,6.91951,30.3791,8.92692e-05,7.83792,38.2397,2.78121e-05,8.87555,48.1338,8.65134e-06,10.0489,60.5876,2.7882e-06,11.3761,76.2629,8.29036e-07,12.8779,95.9927,2.4373e-07,14.5775,120.825,4.33068e-09,16.5012,152.08,1.75749e-07,18.6784,191.415,-1.86328e-07,21.1428,240.917,1.91829e-07,23.9322,303.213,-1.81475e-07,27.0895,381.602,7.0186e-08,30.6634,480.231,-2.86769e-08,34.7087,604.316,2.40784e-07,39.2876,760.401,9.87368e-08,44.4705,956.705,1.22263e-07,50.3371,1203.54,-4.31966e-07,56.9776,1513.81,-1.9705e-07,64.494,1903.69,-2.763e-08,73.0018,2393.4,3.9185e-07,82.6317,3008.13,1.35379e-07,93.5318,3779.25,-4.16351e-08,105.869,4745.7,2.06965e-08,119.834,5955.6,-3.18887e-07,135.641,7468.12,-1.48271e-08,153.531,9355.62,2.00739e-07,173.781,11705.8,2.28358e-07,196.701,14624.1,-1.93587e-08,222.642,18235,-2.88101e-07,252.003,22683.4,-2.24732e-07,285.234,28134,8.56806e-09,322.845,34767,2.34258e-07,365.413,42770.9,2.99668e-07,413.588,52327.9,8.28644e-08,468.111,63591.2,-3.07049e-07,529.814,76653.2,-3.1888e-07,599.642,91502.5,-6.72276e-08,678.662,107975,2.26339e-07,768.083,125705,3.69212e-07,869.267,144088,2.04077e-07,983.76,162277,-2.80509e-07,1113.3,179223,-4.22737e-07,1259.87,193777,-1.71951e-07,1425.68,204839,4.55555e-07,11.7194,11.96,12.6541,2.21263,4.16949,0.989383,2.67766,5.84076,0.311842,3.14343,7.55825,0.0972771,3.63127,9.58578,0.0303237,4.15787,12.0912,0.00945211,4.73731,15.2286,0.00294633,5.38238,19.1721,0.000918508,6.10553,24.134,0.000286163,6.91951,30.3791,8.92692e-05,7.83792,38.2397,2.78121e-05,8.87555,48.1338,8.65134e-06,10.0489,60.5876,2.7882e-06,11.3761,76.2629,8.29036e-07,12.8779,95.9927,2.4373e-07,14.5775,120.825,1e-08,16.5012,152.08,1.75749e-07,18.6784,191.415,1e-08,21.1428,240.917,1.91829e-07,23.9322,303.213,1e-08,27.0895,381.602,7.0186e-08,30.6634,480.231,1e-08,34.7087,604.316,2.40784e-07,39.2876,760.401,9.87368e-08,44.4705,956.705,1.22263e-07,50.3371,1203.54,1e-08,56.9776,1513.81,1e-08,64.494,1903.69,1e-08,73.0018,2393.4,3.9185e-07,82.6317,3008.13,1.35379e-07,93.5318,3779.25,1e-08,105.869,4745.7,2.06965e-08,119.834,5955.6,1e-08,135.641,7468.12,1e-08,153.531,9355.62,2.00739e-07,173.781,11705.8,2.28358e-07,196.701,14624.1,1e-08,222.642,18235,1e-08,252.003,22683.4,1e-08,285.234,28134,1e-08,322.845,34767,2.34258e-07,365.413,42770.9,2.99668e-07,413.588,52327.9,8.28644e-08,468.111,63591.2,1e-08,529.814,76653.2,1e-08,599.642,91502.5,1e-08,678.662,107975,2.26339e-07,768.083,125705,3.69212e-07,869.267,144088,2.04077e-07,983.76,162277,1e-08,1113.3,179223,1e-08,1259.87,193777,1e-08,1425.68,204839,4.55555e-07,6.2823,3.27286,2.43537,0.219672,6.18826,2.24117,0.56371,6.87772,2.63624,0.308279,20,15,12,3,5,1,3,5,0,4,15,0,7,17,0,5,22,0,6,18,0,14,11,0,10,18,0,6,24,0,11,57,0,8,30,0,11,76,0,3,38,0,14,132,0,13,166,0,6,174,0,19,158,0,17,106,0,31,255,0,37,304,0,14,399,0,35,608,0,61,748,0,35,490,0,60,1395,0,34,1510,0,68,947,0,80,4017,0,103,2511,0,157,2993,0,48,6961,0,236,4192,0,114,3745,0,73,12383,0,186,16953,0,123,6850,0,326,20056,0,327,16145,0,281,23892,0,193,23461,0,191,40531,0,614,35126,0,501,62088,0,503,54047,0,523,39447,0,707,137859,0,790,121801,0,808,112986,0,1859,134338,0,1121,95114,0,990,136343,0,1380,150917,0
-1.05176e+08,1,8.88811e-15,10,1023,0,1.05176e+08,0.528882,1.08665,0.389689,0.145397,0.379329,3.24381,0.161596,0.446195,1.77396,0.159177,1.15e+07,4.49998e+06,6.79999e+06,1.15e+07,4.49997e+06,6.79999e+06,1.15e+07,4.49996e+06,6.79999e+06,1.15e+07,4.49995e+06,6.79999e+06,1.14999e+07,4.49993e+06,6.79999e+06,1.14999e+07,4.49991e+06,6.79999e+06,1.14999e+07,4.49989e+06,6.79999e+06,1.14999e+07,4.49986e+06,6.79999e+06,1.14999e+07,4.49982e+06,6.79999e+06,1.14999e+07,4.49977e+06,6.79999e+06,1.14999e+07,4.49971e+06,6.79999e+06,1.14999e+07,4.49963e+06,6.79999e+06,1.14998e+07,4.49953e+06,6.79999e+06,1.14998e+07,4.49941e+06,6.79999e+06,1.14998e+07,4.49926e+06,6.79999e+06,1.14998e+07,4.49906e+06,6.79999e+06,1.14997e+07,4.49882e+06,6.79999e+06,1.14997e+07,4.49851e+06,6.79999e+06,1.14997e+07,4.49812e+06,6.79999e+06,1.14996e+07,4.49764e+06,6.79999e+06,1.14996e+07,4.49702e+06,6.79999e+06,1.14995e+07,4.49625e+06,6.79999e+06,1.14995e+07,4.49528e+06,6.79999e+06,1.14994e+07,4.49406e+06,6.79999e+06,1.14993e+07,4.49253e+06,6.79999e+06,1.14992e+07,4.49059e+06,6.79999e+06,1.14991e+07,4.48817e+06,6.79999e+06,1.1499e+07,4.48511e+06,6.79999e+06,1.14988e+07,4.48128e+06,6.79999e+06,1.14987e+07,4.47646e+06,6.79999e+06,1.14985e+07,4.47041e+06,6.79999e+06,1.14983e+07,4.46281e+06,6.79999e+06,1.14981e+07,4.4533e+06,6.79999e+06,1.14979e+07,4.44138e+06,6.79999e+06,1.14976e+07,4.42649e+06,6.79999e+06,1.14972e+07,4.40789e+06,6.79999e+06,1.14969e+07,4.38471e+06,6.79999e+06,1.14965e+07,4.35592e+06,6.79999e+06,1.1496e+07,4.32027e+06,6.79999e+06,1.14955e+07,4.27629e+06,6.79999e+06,1.14949e+07,4.22231e+06,6.79999e+06,1.14942e+07,4.15647e+06,6.79999e+06,1.14934e+07,4.07676e+06,6.79999e+06,1.14926e+07,3.98112e+06,6.79999e+06,1.14916e+07,3.86765e+06,6.79999e+06,1.14905e+07,3.73474e+06,6.79999e+06,1.14892e+07,3.58148e+06,6.79999e+06,1.14878e+07,3.40785e+06,6.79999e+06,1.14862e+07,3.21513e+06,6.79999e+06,1.14844e+07,3.00605e+06,6.79999e+06,1.14823e+07,2.7848e+06,6.79999e+06,1.148e+07,2.5568e+06,6.79999e+06,1.14773e+07,2.32825e+06,6.79999e+06,13.5742,8.52444,0.508366,16.8306,13.2585,0.162638,20.0035,17.569,0.0507846,23.2616,22.4214,0.0158319,26.7328,28.3297,0.00493498,30.5212,35.6974,0.00153831,34.7178,44.9473,0.000479527,39.4086,56.5822,0.000149456,44.6796,71.2245,4.66214e-05,50.6209,89.6543,1.45419e-05,57.3297,112.852,4.54748e-06,64.9129,142.051,1.43857e-06,73.4897,178.803,4.36618e-07,83.1934,225.062,1.40153e-07,94.1745,283.286,4.96378e-08,106.602,356.568,1.05434e-07,120.669,448.799,-6.49244e-08,136.59,564.873,1.70148e-07,154.611,710.948,-5.34594e-08,175.008,894.767,1.63407e-07,198.097,1126.06,8.04804e-08,224.231,1417.07,1.14667e-07,253.813,1783.15,-1.71227e-07,287.297,2243.62,-2.88466e-07,325.198,2822.67,-4.33651e-07,368.098,3550.67,7.9318e-08,416.657,4465.65,3.13319e-07,471.621,5615.16,3.4613e-07,533.835,7058.61,-1.19199e-07,604.255,8870.02,-2.79964e-07,683.962,11141.4,-2.30521e-07,774.182,13986.7,-2.55099e-07,876.299,17546.4,1.23585e-07,991.883,21993.1,1.41192e-07,1122.71,27536.7,-9.71886e-08,1270.78,34430.7,-3.68368e-07,1438.38,42977.7,-3.45379e-07,1628.07,53532.7,-3.25328e-09,1842.77,66504.6,2.6362e-07,2085.77,82350.2,2.53445e-07,2360.79,101560,-2.47407e-08,2672.05,124632,-3.80602e-07,3024.31,152018,-4.79005e-07,3422.98,184060,-1.14379e-07,3874.15,220884,2.64297e-07,4384.72,262283,3.44131e-07,4962.49,307576,7.5349e-08,5616.29,355497,-3.63097e-07,6356.1,404126,-6.05442e-07,7193.18,450932,-2.72333e-07,8140.28,492963,2.29675e-07,9211.79,527178,4.3387e-07,10424,550893,-1.0711e-07,10.102,8.06553,2.81012,10.6436,8.57909,0.869423,11.5336,10.2515,0.270869,12.7211,12.7138,0.0844293,14.1823,15.9373,0.0263173,15.9122,20.0383,0.0082035,17.9198,25.2154,0.00255722,20.2244,31.7373,0.000797017,22.8539,39.9486,0.000248622,25.8438,50.2851,7.75492e-05,29.237,63.2963,2.42508e-05,33.0837,79.6738,7.67162e-06,37.4415,100.288,2.32837e-06,42.3767,126.236,7.33e-07,47.9646,158.896,2.79256e-07,54.2906,200.003,9.87351e-09,61.452,251.741,1.61085e-07,69.5585,316.859,-2.47141e-07,78.7347,398.812,8.93552e-08,89.1218,501.948,-2.53231e-07,100.879,631.736,-1.25047e-07,114.188,795.049,-1.78808e-07,129.252,1000.53,2.6733e-07,146.304,1259.03,4.50292e-07,165.605,1584.19,6.76904e-07,187.452,1993.12,-1.23808e-07,212.181,2507.27,-4.89068e-07,240.173,3153.54,-5.40284e-07,271.856,3965.56,1.86061e-07,307.719,4985.38,4.37004e-07,348.313,6265.4,3.59828e-07,394.26,7870.83,3.98192e-07,446.268,9882.51,-1.92908e-07,505.135,12400.3,-2.20392e-07,571.766,15546.9,1.51705e-07,647.184,19472.2,5.74996e-07,732.547,24357.4,5.39112e-07,829.167,30420,5.07815e-09,938.526,37916.3,-4.11492e-07,1062.3,47143.9,-3.9561e-07,1202.4,58439.2,3.86185e-08,1360.96,72169.3,5.94093e-07,1540.42,88715.8,7.47693e-07,1743.53,108445,1.78537e-07,1973.41,131665,-4.12549e-07,2233.57,158557,-5.37164e-07,2528,189103,-1.17615e-07,2861.2,222986,5.66769e-07,3238.27,259510,9.45053e-07,3664.97,297540,4.25093e-07,4147.81,335497,-3.58506e-07,4694.17,371444,-6.7724e-07,5312.37,403256,1.67192e-07,1.61744,3.89446,9.84394,3.28846,7.5504,12.774,5.07607,11.7187,13.6844,7.03202,16.8147,13.9681,9.20215,23.1769,14.0566,11.6301,31.1672,14.0841,14.3598,41.2186,14.0927,17.4376,53.8688,14.0954,20.9137,69.7915,14.0962,24.8432,89.8341,14.0965,29.2879,115.063,14.0966,34.3168,146.819,14.0966,40.0078,186.792,14.0966,46.4487,237.107,14.0966,53.7388,300.44,14.0966,61.9903,380.158,14.0966,71.3301,480.499,14.0966,81.902,606.796,14.0966,93.8685,765.761,14.0966,107.414,965.837,14.0966,122.746,1217.65,14.0966,140.101,1534.57,14.0966,159.745,1933.41,14.0966,181.981,2435.3,14.0966,207.15,3066.85,14.0966,235.64,3861.46,14.0966,267.889,4861.11,14.0966,304.391,6118.54,14.0966,345.709,7699.91,14.0966,392.478,9688.22,14.0966,445.417,12187.5,14.0966,505.339,15327.7,14.0966,573.165,19271.6,14.0966,649.938,24222,14.0966,736.839,30430.9,14.0966,835.202,38211.5,14.0966,946.539,47950.3,14.0966,1072.56,60122.8,14.0966,1215.21,75309.9,14.0966,1376.66,94216.2,14.0966,1559.41,117688,14.0966,1766.26,146729,14.0966,2000.39,182510,14.0966,2265.39,226372,14.0966,2565.33,279806,14.0966,2904.81,344416,14.0966,3289.05,421845,14.0966,3723.93,513667,14.0966,4216.13,621231,14.0966,4773.18,745478,14.0966,5403.64,886744,14.0966,6117.15,1.04457e+06,14.0966,6924.63,1.2176e+06,14.0966,11.7194,11.96,12.6541,13.9321,16.1295,13.6434,16.6097,21.9702,13.9553,19.7532,29.5285,14.0526,23.3844,39.1143,14.0829,27.5423,51.2054,14.0923,32.2796,66.434,14.0953,37.662,85.6061,14.0962,43.7675,109.74,14.0965,50.687,140.119,14.0966,58.5249,178.359,14.0966,67.4005,226.493,14.0966,77.4493,287.08,14.0966,88.8254,363.343,14.0966,101.703,459.336,14.0966,116.281,580.161,14.0966,132.782,732.241,14.0966,151.46,923.655,14.0966,172.603,1164.57,14.0966,196.535,1467.79,14.0966,223.625,1849.39,14.0966,254.288,2329.62,14.0966,288.997,2933.93,14.0966,328.285,3694.33,14.0966,372.755,4651.04,14.0966,423.092,5854.57,14.0966,480.07,7368.38,14.0966,544.564,9272.08,14.0966,617.566,11665.5,14.0966,700.197,14673.6,14.0966,793.729,18452.9,14.0966,899.599,23198.6,14.0966,1019.43,29154.1,14.0966,1155.07,36622.3,14.0966,1308.6,45977.9,14.0966,1482.39,57683.7,14.0966,1679.09,72307.8,14.0966,1901.73,90542.8,14.0966,2153.73,113226,14.0966,2438.97,141360,14.0966,2761.81,176127,14.0966,3127.22,218898,14.0966,3540.81,271226,14.0966,4008.92,334817,14.0966,4538.74,411470,14.0966,5138.38,502973,14.0966,5817.04,610948,14.0966,6585.12,736653,14.0966,7454.39,880741,14.0966,8438.15,1.04302e+06,14.0966,9551.45,1.22224e+06,14.0966,10811.3,1.41602e+06,14.0966,12237,1.62086e+06,14.0966,11.7194,11.96,12.6541,2.21263,4.16949,0.989383,2.67766,5.84076,0.311842,3.14343,7.55825,0.0972771,3.63127,9.58578,0.0303237,4.15787,12.0912,0.00945211,4.73731,15.2286,0.00294633,5.38238,19.1721,0.000918508,6.10553,24.134,0.000286163,6.91951,30.3791,8.92692e-05,7.83792,38.2397,2.78121e-05,8.87555,48.1338,8.65134e-06,10.0489,60.5876,2.7882e-06,11.3761,76.2629,8.29036e-07,12.8779,95.9927,2.4373e-07,14.5775,120.825,4.33068e-09,16.5012,152.08,1.75749e-07,18.6784,191.415,-1.86328e-07,21.1428,240.917,1.91829e-07,23.9322,303.213,-1.81475e-07,27.0895,381.602,7.0186e-08,30.6634,480.231,-2.86769e-08,34.7087,604.316,2.40784e-07,39.2876,760.401,9.87368e-08,44.4705,956.705,1.22263e-07,50.3371,1203.54,-4.31966e-07,56.9776,1513.81,-1.9705e-07,64.494,1903.69,-2.763e-08,73.0018,2393.4,3.9185e-07,82.6317,3008.13,1.35379e-07,93.5318,3779.25,-4.16351e-08,105.869,4745.7,2.06965e-08,119.834,5955.6,-3.18887e-07,135.641,7468.12,-1.48271e-08,153.531,9355.62,2.00739e-07,173.781,11705.8,2.28358e-07,196.701,14624.1,-1.93587e-08,222.642,18235,-2.88101e-07,252.003,22683.4,-2.24732e-07,285.234,28134,8.56806e-09,322.845,34767,2.34258e-07,365.413,42770.9,2.99668e-07,413.588,52327.9,8.28644e-08,468.111,63591.2,-3.07049e-07,529.814,76653.2,-3.1888e-07,599.642,91502.5,-6.72276e-08,678.662,107975,2.26339e-07,768.083,125705,3.69212e-07,869.267,144088,2.04077e-07,983.76,162277,-2.80509e-07,1113.3,179223,-4.22737e-07,1259.87,193777,-1.71951e-07,1425.68,204839,4.55555e-07,11.7194,11.96,12.6541,2.21263,4.16949,0.989383,2.67766,5.84076,0.311842,3.14343,7.55825,0.0972771,3.63127,9.58578,0.0303237,4.15787,12.0912,0.00945211,4.73731,15.2286,0.00294633,5.38238,19.1721,0.000918508,6.10553,24.134,0.000286163,6.91951,30.3791,8.92692e-05,7.83792,38.2397,2.78121e-05,8.87555,48.1338,8.65134e-06,10.0489,60.5876,2.7882e-06,11.3761,76.2629,8.29036e-07,12.8779,95.9927,2.4373e-07,14.5775,120.825,1e-08,16.5012,152.08,1.75749e-07,18.6784,191.415,1e-08,21.1428,240.917,1.91829e-07,23.9322,303.213,1e-08,27.0895,381.602,7.0186e-08,30.6634,480.231,1e-08,34.7087,604.316,2.40784e-07,39.2876,760.401,9.87368e-08,44.4705,956.705,1.22263e-07,50.3371,1203.54,1e-08,56.9776,1513.81,1e-08,64.494,1903.69,1e-08,73.0018,2393.4,3.9185e-07,82.6317,3008.13,1.35379e-07,93.5318,3779.25,1e-08,105.869,4745.7,2.06965e-08,119.834,5955.6,1e-08,135.641,7468.12,1e-08,153.531,9355.62,2.00739e-07,173.781,11705.8,2.28358e-07,196.701,14624.1,1e-08,222.642,18235,1e-08,252.003,22683.4,1e-08,285.234,28134,1e-08,322.845,34767,2.34258e-07,365.413,42770.9,2.99668e-07,413.588,52327.9,8.28644e-08,468.111,63591.2,1e-08,529.814,76653.2,1e-08,599.642,91502.5,1e-08,678.662,107975,2.26339e-07,768.083,125705,3.69212e-07,869.267,144088,2.04077e-07,983.76,162277,1e-08,1113.3,179223,1e-08,1259.87,193777,1e-08,1425.68,204839,4.55555e-07,6.2823,3.27286,2.43537,0.219672,6.18826,2.24117,0.56371,6.87772,2.63624,0.308279,8,16,18,1,3,1,1,7,1,0,11,0,3,4,0,2,12,0,4,15,0,7,29,0,6,25,0,25,24,0,10,35,0,8,59,0,13,48,0,6,99,0,6,71,0,26,129,0,5,198,0,4,216,0,19,273,0,15,134,0,22,234,0,15,629,0,14,641,0,23,714,0,63,1307,0,43,759,0,38,2111,0,84,2160,0,63,2064,0,111,2433,0,104,3426,0,47,1549,0,221,5662,0,87,3656,0,65,7121,0,190,5560,0,134,19455,0,250,17048,0,212,24920,0,400,16106,0,290,54992,0,379,29391,0,514,89228,0,507,54309,0,793,96124,0,723,98175,0,965,114436,0,681,124354,0,988,199937,0,1008,166919,0,810,191027,0,570,114118,0,1175,133889,0
-1.05176e+08,1,8.88811e-15,10,1023,0,1.05176e+08,0.528882,1.08665,0.389689,0.145397,0.379329,3.24381,0.161596,0.446195,1.77396,0.159177,1.15e+07,4.49998e+06,6.79999e+06,1.15e+07,4.49997e+06,6.79999e+06,1.15e+07,4.49996e+06,6.79999e+06,1.15e+07,4.49995e+06,6.79999e+06,1.14999e+07,4.49993e+06,6.79999e+06,1.14999e+07,4.49991e+06,6.79999e+06,1.14999e+07,4.49989e+06,6.79999e+06,1.14999e+07,4.49986e+06,6.79999e+06,1.14999e+07,4.49982e+06,6.79999e+06,1.14999e+07,4.49977e+06,6.79999e+06,1.14999e+07,4.49971e+06,6.79999e+06,1.14999e+07,4.49963e+06,6.79999e+06,1.14998e+07,4.49953e+06,6.79999e+06,1.14998e+07,4.49941e+06,6.79999e+06,1.14998e+07,4.49926e+06,6.79999e+06,1.14998e+07,4.49906e+06,6.79999e+06,1.14997e+07,4.49882e+06,6.79999e+06,1.14997e+07,4.49851e+06,6.79999e+06,1.14997e+07,4.49812e+06,6.79999e+06,1.14996e+07,4.49764e+06,6.79999e+06,1.14996e+07,4.49702e+06,6.79999e+06,1.14995e+07,4.49625e+06,6.79999e+06,1.14995e+07,4.49528e+06,6.79999e+06,1.14994e+07,4.49406e+06,6.79999e+06,1.14993e+07,4.49253e+06,6.79999e+06,1.14992e+07,4.49059e+06,6.79999e+06,1.14991e+07,4.48817e+06,6.79999e+06,1.1499e+07,4.48511e+06,6.79999e+06,1.14988e+07,4.48128e+06,6.79999e+06,1.14987e+07,4.47646e+06,6.79999e+06,1.14985e+07,4.47041e+06,6.79999e+06,1.14983e+07,4.46281e+06,6.79999e+06,1.14981e+07,4.4533e+06,6.79999e+06,1.14979e+07,4.44138e+06,6.79999e+06,1.14976e+07,4.42649e+06,6.79999e+06,1.14972e+07,4.40789e+06,6.79999e+06,1.14969e+07,4.38471e+06,6.79999e+06,1.14965e+07,4.35592e+06,6.79999e+06,1.1496e+07,4.32027e+06,6.79999e+06,1.14955e+07,4.27629e+06,6.79999e+06,1.14949e+07,4.22231e+06,6.79999e+06,1.14942e+07,4.15647e+06,6.79999e+06,1.14934e+07,4.07676e+06,6.79999e+06,1.14926e+07,3.98112e+06,6.79999e+06,1.14916e+07,3.86765e+06,6.79999e+06,1.14905e+07,3.73474e+06,6.79999e+06,1.14892e+07,3.58148e+06,6.79999e+06,1.14878e+07,3.40785e+06,6.79999e+06,1.14862e+07,3.21513e+06,6.79999e+06,1.14844e+07,3.00605e+06,6.79999e+06,1.14823e+07,2.7848e+06,6.79999e+06,1.148e+07,2.5568e+06,6.79999e+06,1.14773e+07,2.32825e+06,6.79999e+06,13.5742,8.52444,0.508366,16.8306,13.2585,0.162638,20.0035,17.569,0.0507846,23.2616,22.4214,0.0158319,26.7328,28.3297,0.00493498,30.5212,35.6974,0.00153831,34.7178,44.9473,0.000479527,39.4086,56.5822,0.000149456,44.6796,71.2245,4.66214e-05,50.6209,89.6543,1.45419e-05,57.3297,112.852,4.54748e-06,64.9129,142.051,1.43857e-06,73.4897,178.803,4.36618e-07,83.1934,225.062,1.40153e-07,94.1745,283.286,4.96378e-08,106.602,356.568,1.05434e-07,120.669,448.799,-6.49244e-08,136.59,564.873,1.70148e-07,154.611,710.948,-5.34594e-08,175.008,894.767,1.63407e-07,198.097,1126.06,8.04804e-08,224.231,1417.07,1.14667e-07,253.813,1783.15,-1.71227e-07,287.297,2243.62,-2.88466e-07,325.198,2822.67,-4.33651e-07,368.098,3550.67,7.9318e-08,416.657,4465.65,3.13319e-07,471.621,5615.16,3.4613e-07,533.835,7058.61,-1.19199e-07,604.255,8870.02,-2.79964e-07,683.962,11141.4,-2.30521e-07,774.182,13986.7,-2.55099e-07,876.299,17546.4,1.23585e-07,991.883,21993.1,1.41192e-07,1122.71,27536.7,-9.71886e-08,1270.78,34430.7,-3.68368e-07,1438.38,42977.7,-3.45379e-07,1628.07,53532.7,-3.25328e-09,1842.77,66504.6,2.6362e-07,2085.77,82350.2,2.53445e-07,2360.79,101560,-2.47407e-08,2672.05,124632,-3.80602e-07,3024.31,152018,-4.79005e-07,3422.98,184060,-1.14379e-07,3874.15,220884,2.64297e-07,4384.72,262283,3.44131e-07,4962.49,307576,7.5349e-08,5616.29,355497,-3.63097e-07,6356.1,404126,-6.05442e-07,7193.18,450932,-2.72333e-07,8140.28,492963,2.29675e-07,9211.79,527178,4.3387e-07,10424,550893,-1.0711e-07,10.102,8.06553,2.81012,10.6436,8.57909,0.869423,11.5336,10.2515,0.270869,12.7211,12.7138,0.0844293,14.1823,15.9373,0.0263173,15.9122,20.0383,0.0082035,17.9198,25.2154,0.00255722,20.2244,31.7373,0.000797017,22.8539,39.9486,0.000248622,25.8438,50.2851,7.75492e-05,29.237,63.2963,2.42508e-05,33.0837,79.6738,7.67162e-06,37.4415,100.288,2.32837e-06,42.3767,126.236,7.33e-07,47.9646,158.896,2.79256e-07,54.2906,200.003,9.87351e-09,61.452,251.741,1.61085e-07,69.5585,316.859,-2.47141e-07,78.7347,398.812,8.93552e-08,89.1218,501.948,-2.53231e-07,100.879,631.736,-1.25047e-07,114.188,795.049,-1.78808e-07,129.252,1000.53,2.6733e-07,146.304,1259.03,4.50292e-07,165.605,1584.19,6.76904e-07,187.452,1993.12,-1.23808e-07,212.181,2507.27,-4.89068e-07,240.173,3153.54,-5.40284e-07,271.856,3965.56,1.86061e-07,307.719,4985.38,4.37004e-07,348.313,6265.4,3.59828e-07,394.26,7870.83,3.98192e-07,446.268,9882.51,-1.92908e-07,505.135,12400.3,-2.20392e-07,571.766,15546.9,1.51705e-07,647.184,19472.2,5.74996e-07,732.547,24357.4,5.39112e-07,829.167,30420,5.07815e-09,938.526,37916.3,-4.11492e-07,1062.3,47143.9,-3.9561e-07,1202.4,58439.2,3.86185e-08,1360.96,72169.3,5.94093e-07,1540.42,88715.8,7.47693e-07,1743.53,108445,1.78537e-07,1973.41,131665,-4.12549e-07,2233.57,158557,-5.37164e-07,2528,189103,-1.17615e-07,2861.2,222986,5.66769e-07,3238.27,259510,9.45053e-07,3664.97,297540,4.25093e-07,4147.81,335497,-3.58506e-07,4694.17,371444,-6.7724e-07,5312.37,403256,1.67192e-07,1.61744,3.89446,9.84394,3.28846,7.5504,12.774,5.07607,11.7187,13.6844,7.03202,16.8147,13.9681,9.20215,23.1769,14.0566,11.6301,31.1672,14.0841,14.3598,41.2186,14.0927,17.4376,53.8688,14.0954,20.9137,69.7915,14.0962,24.8432,89.8341,14.0965,29.2879,115.063,14.0966,34.3168,146.819,14.0966,40.0078,186.792,14.0966,46.4487,237.107,14.0966,53.7388,300.44,14.0966,61.9903,380.158,14.0966,71.3301,480.499,14.0966,81.902,606.796,14.0966,93.8685,765.761,14.0966,107.414,965.837,14.0966,122.746,1217.65,14.0966,140.101,1534.57,14.0966,159.745,1933.41,14.0966,181.981,2435.3,14.0966,207.15,3066.85,14.0966,235.64,3861.46,14.0966,267.889,4861.11,14.0966,304.391,6118.54,14.0966,345.709,7699.91,14.0966,392.478,9688.22,14.0966,445.417,12187.5,14.0966,505.339,15327.7,14.0966,573.165,19271.6,14.0966,649.938,24222,14.0966,736.839,30430.9,14.0966,835.202,38211.5,14.0966,946.539,47950.3,14.0966,1072.56,60122.8,14.0966,1215.21,75309.9,14.0966,1376.66,94216.2,14.0966,1559.41,117688,14.0966,1766.26,146729,14.0966,2000.39,182510,14.0966,2265.39,226372,14.0966,2565.33,279806,14.0966,2904.81,344416,14.0966,3289.05,421845,14.0966,3723.93,513667,14.0966,4216.13,621231,14.0966,4773.18,745478,14.0966,5403.64,886744,14.0966,6117.15,1.04457e+06,14.0966,6924.63,1.2176e+06,14.0966,11.7194,11.96,12.6541,13.9321,16.1295,13.6434,16.6097,21.9702,13.9553,19.7532,29.5285,14.0526,23.3844,39.1143,14.0829,27.5423,51.2054,14.0923,32.2796,66.434,14.0953,37.662,85.6061,14.0962,43.7675,109.74,14.0965,50.687,140.119,14.0966,58.5249,178.359,14.0966,67.4005,226.493,14.0966,77.4493,287.08,14.0966,88.8254,363.343,14.0966,101.703,459.336,14.0966,116.281,580.161,14.0966,132.782,732.241,14.0966,151.46,923.655,14.0966,172.603,1164.57,14.0966,196.535,1467.79,14.0966,223.625,1849.39,14.0966,254.288,2329.62,14.0966,288.997,2933.93,14.0966,328.285,3694.33,14.0966,372.755,4651.04,14.0966,423.092,5854.57,14.0966,480.07,7368.38,14.0966,544.564,9272.08,14.0966,617.566,11665.5,14.0966,700.197,14673.6,14.0966,793.729,18452.9,14.0966,899.599,23198.6,14.0966,1019.43,29154.1,14.0966,1155.07,36622.3,14.0966,1308.6,45977.9,14.0966,1482.39,57683.7,14.0966,1679.09,72307.8,14.0966,1901.73,90542.8,14.0966,2153.73,113226,14.0966,2438.97,141360,14.0966,2761.81,176127,14.0966,3127.22,218898,14.0966,3540.81,271226,14.0966,4008.92,334817,14.0966,4538.74,411470,14.0966,5138.38,502973,14.0966,5817.04,610948,14.0966,6585.12,736653,14.0966,7454.39,880741,14.0966,8438.15,1.04302e+06,14.0966,9551.45,1.22224e+06,14.0966,10811.3,1.41602e+06,14.0966,12237,1.62086e+06,14.0966,11.7194,11.96,12.6541,2.21263,4.16949,0.989383,2.67766,5.84076,0.311842,3.14343,7.55825,0.0972771,3.63127,9.58578,0.0303237,4.15787,12.0912,0.00945211,4.73731,15.2286,0.00294633,5.38238,19.1721,0.000918508,6.10553,24.134,0.000286163,6.91951,30.3791,8.92692e-05,7.83792,38.2397,2.78121e-05,8.87555,48.1338,8.65134e-06,10.0489,60.5876,2.7882e-06,11.3761,76.2629,8.29036e-07,12.8779,95.9927,2.4373e-07,14.5775,120.825,4.33068e-09,16.5012,152.08,1.75749e-07,18.6784,191.415,-1.86328e-07,21.1428,240.917,1.91829e-07,23.9322,303.213,-1.81475e-07,27.0895,381.602,7.0186e-08,30.6634,480.231,-2.86769e-08,34.7087,604.316,2.40784e-07,39.2876,760.401,9.87368e-08,44.4705,956.705,1.22263e-07,50.3371,1203.54,-4.31966e-07,56.9776,1513.81,-1.9705e-07,64.494,1903.69,-2.763e-08,73.0018,2393.4,3.9185e-07,82.6317,3008.13,1.35379e-07,93.5318,3779.25,-4.16351e-08,105.869,4745.7,2.06965e-08,119.834,5955.6,-3.18887e-07,135.641,7468.12,-1.48271e-08,153.531,9355.62,2.00739e-07,173.781,11705.8,2.28358e-07,196.701,14624.1,-1.93587e-08,222.642,18235,-2.88101e-07,252.003,22683.4,-2.24732e-07,285.234,28134,8.56806e-09,322.845,34767,2.34258e-07,365.413,42770.9,2.99668e-07,413.588,52327.9,8.28644e-08,468.111,63591.2,-3.07049e-07,529.814,76653.2,-3.1888e-07,599.642,91502.5,-6.72276e-08,678.662,107975,2.26339e-07,768.083,125705,3.69212e-07,869.267,144088,2.04077e-07,983.76,162277,-2.80509e-07,1113.3,179223,-4.22737e-07,1259.87,193777,-1.71951e-07,1425.68,204839,4.55555e-07,11.7194,11.96,12.6541,2.21263,4.16949,0.989383,2.67766,5.84076,0.311842,3.14343,7.55825,0.0972771,3.63127,9.58578,0.0303237,4.15787,12.0912,0.00945211,4.73731,15.2286,0.00294633,5.38238,19.1721,0.000918508,6.10553,24.134,0.000286163,6.91951,30.3791,8.92692e-05,7.83792,38.2397,2.78121e-05,8.87555,48.1338,8.65134e-06,10.0489,60.5876,2.7882e-06,11.3761,76.2629,8.29036e-07,12.8779,95.9927,2.4373e-07,14.5775,120.825,1e-08,16.5012,152.08,1.75749e-07,18.6784,191.415,1e-08,21.1428,240.917,1.91829e-07,23.9322,303.213,1e-08,27.0895,381.602,7.0186e-08,30.6634,480.231,1e-08,34.7087,604.316,2.40784e-07,39.2876,760.401,9.87368e-08,44.4705,956.705,1.22263e-07,50.3371,1203.54,1e-08,56.9776,1513.81,1e-08,64.494,1903.69,1e-08,73.0018,2393.4,3.9185e-07,82.6317,3008.13,1.35379e-07,93.5318,3779.25,1e-08,105.869,4745.7,2.06965e-08,119.834,5955.6,1e-08,135.641,7468.12,1e-08,153.531,9355.62,2.00739e-07,173.781,11705.8,2.28358e-07,196.701,14624.1,1e-08,222.642,18235,1e-08,252.003,22683.4,1e-08,285.234,28134,1e-08,322.845,34767,2.34258e-07,365.413,42770.9,2.99668e-07,413.588,52327.9,8.28644e-08,468.111,63591.2,1e-08,529.814,76653.2,1e-08,599.642,91502.5,1e-08,678.662,107975,2.26339e-07,768.083,125705,3.69212e-07,869.267,144088,2.04077e-07,983.76,162277,1e-08,1113.3,179223,1e-08,1259.87,193777,1e-08,1425.68,204839,4.55555e-07,6.2823,3.27286,2.43537,0.219672,6.18826,2.24117,0.56371,6.87772,2.63624,0.308279,6,16,11,1,1,1,4,8,1,3,10,0,5,23,0,3,14,0,4,9,0,6,7,0,6,26,0,5,39,0,3,44,0,4,114,0,10,37,0,12,32,0,17,107,0,21,124,0,10,60,0,9,233,0,19,83,0,15,85,0,31,692,0,20,420,0,24,552,0,33,1309,0,25,1569,0,23,2872,0,37,1557,0,35,2421,0,52,2213,0,25,3153,0,66,1074,0,54,6450,0,47,3791,0,135,3835,0,153,8975,0,292,13325,0,168,21558,0,334,27780,0,286,16158,0,256,32753,0,371,27359,0,143,86554,0,284,26082,0,555,77320,0,401,79105,0,621,78771,0,610,189884,0,516,138488,0,979,111262,0,920,159770,0,672,167079,0,1698,179353,0,1652,107003,0
-1.05176e+08,1,8.88811e-15,10,1023,0,1.05176e+08,0.528882,1.08665,0.389689,0.145397,0.379329,3.24381,0.161596,0.446195,1.77396,0.159177,1.15e+07,4.49998e+06,6.79999e+06,1.15e+07,4.49997e+06,6.79999e+06,1.15e+07,4.49996e+06,6.79999e+06,1.15e+07,4.49995e+06,6.79999e+06,1.14999e+07,4.49993e+06,6.79999e+06,1.14999e+07,4.49991e+06,6.79999e+06,1.14999e+07,4.49989e+06,6.79999e+06,1.14999e+07,4.49986e+06,6.79999e+06,1.14999e+07,4.49982e+06,6.79999e+06,1.14999e+07,4.49977e+06,6.79999e+06,1.14999e+07,4.49971e+06,6.79999e+06,1.14999e+07,4.49963e+06,6.79999e+06,1.14998e+07,4.49953e+06,6.79999e+06,1.14998e+07,4.49941e+06,6.79999e+06,1.14998e+07,4.49926e+06,6.79999e+06,1.14998e+07,4.49906e+06,6.79999e+06,1.14997e+07,4.49882e+06,6.79999e+06,1.14997e+07,4.49851e+06,6.79999e+06,1.14997e+07,4.49812e+06,6.79999e+06,1.14996e+07,4.49764e+06,6.79999e+06,1.14996e+07,4.49702e+06,6.79999e+06,1.14995e+07,4.49625e+06,6.79999e+06,1.14995e+07,4.49528e+06,6.79999e+06,1.14994e+07,4.49406e+06,6.79999e+06,1.14993e+07,4.49253e+06,6.79999e+06,1.14992e+07,4.49059e+06,6.79999e+06,1.14991e+07,4.48817e+06,6.79999e+06,1.1499e+07,4.48511e+06,6.79999e+06,1.14988e+07,4.48128e+06,6.79999e+06,1.14987e+07,4.47646e+06,6.79999e+06,1.14985e+07,4.47041e+06,6.79999e+06,1.14983e+07,4.46281e+06,6.79999e+06,1.14981e+07,4.4533e+06,6.79999e+06,1.14979e+07,4.44138e+06,6.79999e+06,1.14976e+07,4.42649e+06,6.79999e+06,1.14972e+07,4.40789e+06,6.79999e+06,1.14969e+07,4.38471e+06,6.79999e+06,1.14965e+07,4.35592e+06,6.79999e+06,1.1496e+07,4.32027e+06,6.79999e+06,1.14955e+07,4.27629e+06,6.79999e+06,1.14949e+07,4.22231e+06,6.79999e+06,1.14942e+07,4.15647e+06,6.79999e+06,1.14934e+07,4.07676e+06,6.79999e+06,1.14926e+07,3.98112e+06,6.79999e+06,1.14916e+07,3.86765e+06,6.79999e+06,1.14905e+07,3.73474e+06,6.79999e+06,1.14892e+07,3.58148e+06,6.79999e+06,1.14878e+07,3.40785e+06,6.79999e+06,1.14862e+07,3.21513e+06,6.79999e+06,1.14844e+07,3.00605e+06,6.79999e+06,1.14823e+07,2.7848e+06,6.79999e+06,1.148e+07,2.5568e+06,6.79999e+06,1.14773e+07,2.32825e+06,6.79999e+06,13.5742,8.52444,0.508366,16.8306,13.2585,0.162638,20.0035,17.569,0.0507846,23.2616,22.4214,0.0158319,26.7328,28.3297,0.00493498,30.5212,35.6974,0.00153831,34.7178,44.9473,0.000479527,39.4086,56.5822,0.000149456,44.6796,71.2245,4.66214e-05,50.6209,89.6543,1.45419e-05,57.3297,112.852,4.54748e-06,64.9129,142.051,1.43857e-06,73.4897,178.803,4.36618e-07,83.1934,225.062,1.40153e-07,94.1745,283.286,4.96378e-08,106.602,356.568,1.05434e-07,120.669,448.799,-6.49244e-08,136.59,564.873,1.70148e-07,154.611,710.948,-5.34594e-08,175.008,894.767,1.63407e-07,198.097,1126.06,8.04804e-08,224.231,1417.07,1.14667e-07,253.813,1783.15,-1.71227e-07,287.297,2243.62,-2.88466e-07,325.198,2822.67,-4.33651e-07,368.098,3550.67,7.9318e-08,416.657,4465.65,3.13319e-07,471.621,5615.16,3.4613e-07,533.835,7058.61,-1.19199e-07,604.255,8870.02,-2.79964e-07,683.962,11141.4,-2.30521e-07,774.182,13986.7,-2.55099e-07,876.299,17546.4,1.23585e-07,991.883,21993.1,1.41192e-07,1122.71,27536.7,-9.71886e-08,1270.78,34430.7,-3.68368e-07,1438.38,42977.7,-3.45379e-07,1628.07,53532.7,-3.25328e-09,1842.77,66504.6,2.6362e-07,2085.77,82350.2,2.53445e-07,2360.79,101560,-2.47407e-08,2672.05,124632,-3.80602e-07,3024.31,152018,-4.79005e-07,3422.98,184060,-1.14379e-07,3874.15,220884,2.64297e-07,4384.72,262283,3.44131e-07,4962.49,307576,7.5349e-08,5616.29,355497,-3.63097e-07,6356.1,404126,-6.05442e-07,7193.18,450932,-2.72333e-07,8140.28,492963,2.29675e-07,9211.79,527178,4.3387e-07,10424,550893,-1.0711e-07,10.102,8.06553,2.81012,10.6436,8.57909,0.869423,11.5336,10.2515,0.270869,12.7211,12.7138,0.0844293,14.1823,15.9373,0.0263173,15.9122,20.0383,0.0082035,17.9198,25.2154,0.00255722,20.2244,31.7373,0.000797017,22.8539,39.9486,0.000248622,25.8438,50.2851,7.75492e-05,29.237,63.2963,2.42508e-05,33.0837,79.6738,7.67162e-06,37.4415,100.288,2.32837e-06,42.3767,126.236,7.33e-07,47.9646,158.896,2.79256e-07,54.2906,200.003,9.87351e-09,61.452,251.741,1.61085e-07,69.5585,316.859,-2.47141e-07,78.7347,398.812,8.93552e-08,89.1218,501.948,-2.53231e-07,100.879,631.736,-1.25047e-07,114.188,795.049,-1.78808e-07,129.252,1000.53,2.6733e-07,146.304,1259.03,4.50292e-07,165.605,1584.19,6.76904e-07,187.452,1993.12,-1.23808e-07,212.181,2507.27,-4.89068e-07,240.173,3153.54,-5.40284e-07,271.856,3965.56,1.86061e-07,307.719,4985.38,4.37004e-07,348.313,6265.4,3.59828e-07,394.26,7870.83,3.98192e-07,446.268,9882.51,-1.92908e-07,505.135,12400.3,-2.20392e-07,571.766,15546.9,1.51705e-07,647.184,19472.2,5.74996e-07,732.547,24357.4,5.39112e-07,829.167,30420,5.07815e-09,938.526,37916.3,-4.11492e-07,1062.3,47143.9,-3.9561e-07,1202.4,58439.2,3.86185e-08,1360.96,72169.3,5.94093e-07,1540.42,88715.8,7.47693e-07,1743.53,108445,1.78537e-07,1973.41,131665,-4.12549e-07,2233.57,158557,-5.37164e-07,2528,189103,-1.17615e-07,2861.2,222986,5.66769e-07,3238.27,259510,9.45053e-07,3664.97,297540,4.25093e-07,4147.81,335497,-3.58506e-07,4694.17,371444,-6.7724e-07,5312.37,403256,1.67192e-07,1.61744,3.89446,9.84394,3.28846,7.5504,12.774,5.07607,11.7187,13.6844,7.03202,16.8147,13.9681,9.20215,23.1769,14.0566,11.6301,31.1672,14.0841,14.3598,41.2186,14.0927,17.4376,53.8688,14.0954,20.9137,69.7915,14.0962,24.8432,89.8341,14.0965,29.2879,115.063,14.0966,34.3168,146.819,14.0966,40.0078,186.792,14.0966,46.4487,237.107,14.0966,53.7388,300.44,14.0966,61.9903,380.158,14.0966,71.3301,480.499,14.0966,81.902,606.796,14.0966,93.8685,765.761,14.0966,107.414,965.837,14.0966,122.746,1217.65,14.0966,140.101,1534.57,14.0966,159.745,1933.41,14.0966,181.981,2435.3,14.0966,207.15,3066.85,14.0966,235.64,3861.46,14.0966,267.889,4861.11,14.0966,304.391,6118.54,14.0966,345.709,7699.91,14.0966,392.478,9688.22,14.0966,445.417,12187.5,14.0966,505.339,15327.7,14.0966,573.165,19271.6,14.0966,649.938,24222,14.0966,736.839,30430.9,14.0966,835.202,38211.5,14.0966,946.539,47950.3,14.0966,1072.56,60122.8,14.0966,1215.21,75309.9,14.0966,1376.66,94216.2,14.0966,1559.41,117688,14.0966,1766.26,146729,14.0966,2000.39,182510,14.0966,2265.39,226372,14.0966,2565.33,279806,14.0966,2904.81,344416,14.0966,3289.05,421845,14.0966,3723.93,513667,14.0966,4216.13,621231,14.0966,4773.18,745478,14.0966,5403.64,886744,14.0966,6117.15,1.04457e+06,14.0966,6924.63,1.2176e+06,14.0966,11.7194,11.96,12.6541,13.9321,16.1295,13.6434,16.6097,21.9702,13.9553,19.7532,29.5285,14.0526,23.3844,39.1143,14.0829,27.5423,51.2054,14.0923,32.2796,66.434,14.0953,37.662,85.6061,14.0962,43.7675,109.74,14.0965,50.687,140.119,14.0966,58.5249,178.359,14.0966,67.4005,226.493,14.0966,77.4493,287.08,14.0966,88.8254,363.343,14.0966,101.703,459.336,14.0966,116.281,580.161,14.0966,132.782,732.241,14.0966,151.46,923.655,14.0966,172.603,1164.57,14.0966,196.535,1467.79,14.0966,223.625,1849.39,14.0966,254.288,2329.62,14.0966,288.997,2933.93,14.0966,328.285,3694.33,14.0966,372.755,4651.04,14.0966,423.092,5854.57,14.0966,480.07,7368.38,14.0966,544.564,9272.08,14.0966,617.566,11665.5,14.0966,700.197,14673.6,14.0966,793.729,18452.9,14.0966,899.599,23198.6,14.0966,1019.43,29154.1,14.0966,1155.07,36622.3,14.0966,1308.6,45977.9,14.0966,1482.39,57683.7,14.0966,1679.09,72307.8,14.0966,1901.73,90542.8,14.0966,2153.73,113226,14.0966,2438.97,141360,14.0966,2761.81,176127,14.0966,3127.22,218898,14.0966,3540.81,271226,14.0966,4008.92,334817,14.0966,4538.74,411470,14.0966,5138.38,502973,14.0966,5817.04,610948,14.0966,6585.12,736653,14.0966,7454.39,880741,14.0966,8438.15,1.04302e+06,14.0966,9551.45,1.22224e+06,14.0966,10811.3,1.41602e+06,14.0966,12237,1.62086e+06,14.0966,11.7194,11.96,12.6541,2.21263,4.16949,0.989383,2.67766,5.84076,0.311842,3.14343,7.55825,0.0972771,3.63127,9.58578,0.0303237,4.15787,12.0912,0.00945211,4.73731,15.2286,0.00294633,5.38238,19.1721,0.000918508,6.10553,24.134,0.000286163,6.91951,30.3791,8.92692e-05,7.83792,38.2397,2.78121e-05,8.87555,48.1338,8.65134e-06,10.0489,60.5876,2.7882e-06,11.3761,76.2629,8.29036e-07,12.8779,95.9927,2.4373e-07,14.5775,120.825,4.33068e-09,16.5012,152.08,1.75749e-07,18.6784,191.415,-1.86328e-07,21.1428,240.917,1.91829e-07,23.9322,303.213,-1.81475e-07,27.0895,381.602,7.0186e-08,30.6634,480.231,-2.86769e-08,34.7087,604.316,2.40784e-07,39.2876,760.401,9.87368e-08,44.4705,956.705,1.22263e-07,50.3371,1203.54,-4.31966e-07,56.9776,1513.81,-1.9705e-07,64.494,1903.69,-2.763e-08,73.0018,2393.4,3.9185e-07,82.6317,3008.13,1.35379e-07,93.5318,3779.25,-4.16351e-08,105.869,4745.7,2.06965e-08,119.834,5955.6,-3.18887e-07,135.641,7468.12,-1.48271e-08,153.531,9355.62,2.00739e-07,173.781,11705.8,2.28358e-07,196.701,14624.1,-1.93587e-08,222.642,18235,-2.88101e-07,252.003,22683.4,-2.24732e-07,285.234,28134,8.56806e-09,322.845,34767,2.34258e-07,365.413,42770.9,2.99668e-07,413.588,52327.9,8.28644e-08,468.111,63591.2,-3.07049e-07,529.814,76653.2,-3.1888e-07,599.642,91502.5,-6.72276e-08,678.662,107975,2.26339e-07,768.083,125705,3.69212e-07,869.267,144088,2.04077e-07,983.76,162277,-2.80509e-07,1113.3,179223,-4.22737e-07,1259.87,193777,-1.71951e-07,1425.68,204839,4.55555e-07,11.7194,11.96,12.6541,2.21263,4.16949,0.989383,2.67766,5.84076,0.311842,3.14343,7.55825,0.0972771,3.63127,9.58578,0.0303237,4.15787,12.0912,0.00945211,4.73731,15.2286,0.00294633,5.38238,19.1721,0.000918508,6.10553,24.134,0.000286163,6.91951,30.3791,8.92692e-05,7.83792,38.2397,2.78121e-05,8.87555,48.1338,8.65134e-06,10.0489,60.5876,2.7882e-06,11.3761,76.2629,8.29036e-07,12.8779,95.9927,2.4373e-07,14.5775,120.825,1e-08,16.5012,152.08,1.75749e-07,18.6784,191.415,1e-08,21.1428,240.917,1.91829e-07,23.9322,303.213,1e-08,27.0895,381.602,7.0186e-08,30.6634,480.231,1e-08,34.7087,604.316,2.40784e-07,39.2876,760.401,9.87368e-08,44.4705,956.705,1.22263e-07,50.3371,1203.54,1e-08,56.9776,1513.81,1e-08,64.494,1903.69,1e-08,73.0018,2393.4,3.9185e-07,82.6317,3008.13,1.35379e-07,93.5318,3779.25,1e-08,105.869,4745.7,2.06965e-08,119.834,5955.6,1e-08,135.641,7468.12,1e-08,153.531,9355.62,2.00739e-07,173.781,11705.8,2.28358e-07,196.701,14624.1,1e-08,222.642,18235,1e-08,252.003,22683.4,1e-08,285.234,28134,1e-08,322.845,34767,2.34258e-07,365.413,42770.9,2.99668e-07,413.588,52327.9,8.28644e-08,468.111,63591.2,1e-08,529.814,76653.2,1e-08,599.642,91502.5,1e-08,678.662,107975,2.26339e-07,768.083,125705,3.69212e-07,869.267,144088,2.04077e-07,983.76,162277,1e-08,1113.3,179223,1e-08,1259.87,193777,1e-08,1425.68,204839,4.55555e-07,6.2823,3.27286,2.43537,0.219672,6.18826,2.24117,0.56371,6.87772,2.63624,0.308279,15,10,10,3,4,1,1,3,0,4,17,0,1,8,0,16,11,0,4,11,0,5,27,0,3,15,0,12,58,0,3,32,0,10,35,0,13,59,0,12,33,0,5,97,0,13,71,0,11,97,0,23,487,0,27,278,0,18,308,0,15,462,0,53,1006,0,11,661,0,44,487,0,32,442,0,22,1271,0,64,1866,0,145,2550,0,39,2777,0,21,3959,0,181,4795,0,74,8136,0,30,2134,0,137,11987,0,229,5938,0,96,13063,0,231,21426,0,183,30099,0,310,27614,0,200,38373,0,411,22860,0,319,22376,0,671,26564,0,379,37082,0,1087,93934,0,457,45427,0,553,121438,0,475,109788,0,1376,112254,0,1220,146340,0,778,138064,0,826,180296,0,1947,283944,0
-1.05176e+08,1,8.88811e-15,10,1023,0,1.05176e+08,0.528882,1.08665,0.389689,0.145397,0.379329,3.24381,0.161596,0.446195,1.77396,0.159177,1.15e+07,4.49998e+06,6.79999e+06,1.15e+07,4.49997e+06,6.79999e+06,1.15e+07,4.49996e+06,6.79999e+06,1.15e+07,4.49995e+06,6.79999e+06,1.14999e+07,4.49993e+06,6.79999e+06,1.14999e+07,4.49991e+06,6.79999e+06,1.14999e+07,4.49989e+06,6.79999e+06,1.14999e+07,4.49986e+06,6.79999e+06,1.14999e+07,4.49982e+06,6.79999e+06,1.14999e+07,4.49977e+06,6.79999e+06,1.14999e+07,4.49971e+06,6.79999e+06,1.14999e+07,4.49963e+06,6.79999e+06,1.14998e+07,4.49953e+06,6.79999e+06,1.14998e+07,4.49941e+06,6.79999e+06,1.14998e+07,4.49926e+06,6.79999e+06,1.14998e+07,4.49906e+06,6.79999e+06,1.14997e+07,4.49882e+06,6.79999e+06,1.14997e+07,4.49851e+06,6.79999e+06,1.14997e+07,4.49812e+06,6.79999e+06,1.14996e+07,4.49764e+06,6.79999e+06,1.14996e+07,4.49702e+06,6.79999e+06,1.14995e+07,4.49625e+06,6.79999e+06,1.14995e+07,4.49528e+06,6.79999e+06,1.14994e+07,4.49406e+06,6.79999e+06,1.14993e+07,4.49253e+06,6.79999e+06,1.14992e+07,4.49059e+06,6.79999e+06,1.14991e+07,4.48817e+06,6.79999e+06,1.1499e+07,4.48511e+06,6.79999e+06,1.14988e+07,4.48128e+06,6.79999e+06,1.14987e+07,4.47646e+06,6.79999e+06,1.14985e+07,4.47041e+06,6.79999e+06,1.14983e+07,4.46281e+06,6.79999e+06,1.14981e+07,4.4533e+06,6.79999e+06,1.14979e+07,4.44138e+06,6.79999e+06,1.14976e+07,4.42649e+06,6.79999e+06,1.14972e+07,4.40789e+06,6.79999e+06,1.14969e+07,4.38471e+06,6.79999e+06,1.14965e+07,4.35592e+06,6.79999e+06,1.1496e+07,4.32027e+06,6.79999e+06,1.14955e+07,4.27629e+06,6.79999e+06,1.14949e+07,4.22231e+06,6.79999e+06,1.14942e+07,4.15647e+06,6.79999e+06,1.14934e+07,4.07676e+06,6.79999e+06,1.14926e+07,3.98112e+06,6.79999e+06,1.14916e+07,3.86765e+06,6.79999e+06,1.14905e+07,3.73474e+06,6.79999e+06,1.14892e+07,3.58148e+06,6.79999e+06,1.14878e+07,3.40785e+06,6.79999e+06,1.14862e+07,3.21513e+06,6.79999e+06,1.14844e+07,3.00605e+06,6.79999e+06,1.14823e+07,2.7848e+06,6.79999e+06,1.148e+07,2.5568e+06,6.79999e+06,1.14773e+07,2.32825e+06,6.79999e+06,13.5742,8.52444,0.508366,16.8306,13.2585,0.162638,20.0035,17.569,0.0507846,23.2616,22.4214,0.0158319,26.7328,28.3297,0.00493498,30.5212,35.6974,0.00153831,34.7178,44.9473,0.000479527,39.4086,56.5822,0.000149456,44.6796,71.2245,4.66214e-05,50.6209,89.6543,1.45419e-05,57.3297,112.852,4.54748e-06,64.9129,142.051,1.43857e-06,73.4897,178.803,4.36618e-07,83.1934,225.062,1.40153e-07,94.1745,283.286,4.96378e-08,106.602,356.568,1.05434e-07,120.669,448.799,-6.49244e-08,136.59,564.873,1.70148e-07,154.611,710.948,-5.34594e-08,175.008,894.767,1.63407e-07,198.097,1126.06,8.04804e-08,224.231,1417.07,1.14667e-07,253.813,1783.15,-1.71227e-07,287.297,2243.62,-2.88466e-07,325.198,2822.67,-4.33651e-07,368.098,3550.67,7.9318e-08,416.657,4465.65,3.13319e-07,471.621,5615.16,3.4613e-07,533.835,7058.61,-1.19199e-07,604.255,8870.02,-2.79964e-07,683.962,11141.4,-2.30521e-07,774.182,13986.7,-2.55099e-07,876.299,17546.4,1.23585e-07,991.883,21993.1,1.41192e-07,1122.71,27536.7,-9.71886e-08,1270.78,34430.7,-3.68368e-07,1438.38,42977.7,-3.45379e-07,1628.07,53532.7,-3.25328e-09,1842.77,66504.6,2.6362e-07,2085.77,82350.2,2.53445e-07,2360.79,101560,-2.47407e-08,2672.05,124632,-3.80602e-07,3024.31,152018,-4.79005e-07,3422.98,184060,-1.14379e-07,3874.15,220884,2.64297e-07,4384.72,262283,3.44131e-07,4962.49,307576,7.5349e-08,5616.29,355497,-3.63097e-07,6356.1,404126,-6.05442e-07,7193.18,450932,-2.72333e-07,8140.28,492963,2.29675e-07,9211.79,527178,4.3387e-07,10424,550893,-1.0711e-07,10.102,8.06553,2.81012,10.6436,8.57909,0.869423,11.5336,10.2515,0.270869,12.7211,12.7138,0.0844293,14.1823,15.9373,0.0263173,15.9122,20.0383,0.0082035,17.9198,25.2154,0.00255722,20.2244,31.7373,0.000797017,22.8539,39.9486,0.000248622,25.8438,50.2851,7.75492e-05,29.237,63.2963,2.42508e-05,33.0837,79.6738,7.67162e-06,37.4415,100.288,2.32837e-06,42.3767,126.236,7.33e-07,47.9646,158.896,2.79256e-07,54.2906,200.003,9.87351e-09,61.452,251.741,1.61085e-07,69.5585,316.859,-2.47141e-07,78.7347,398.812,8.93552e-08,89.1218,501.948,-2.53231e-07,100.879,631.736,-1.25047e-07,114.188,795.049,-1.78808e-07,129.252,1000.53,2.6733e-07,146.304,1259.03,4.50292e-07,165.605,1584.19,6.76904e-07,187.452,1993.12,-1.23808e-07,212.181,2507.27,-4.89068e-07,240.173,3153.54,-5.40284e-07,271.856,3965.56,1.86061e-07,307.719,4985.38,4.37004e-07,348.313,6265.4,3.59828e-07,394.26,7870.83,3.98192e-07,446.268,9882.51,-1.92908e-07,505.135,12400.3,-2.20392e-07,571.766,15546.9,1.51705e-07,647.184,19472.2,5.74996e-07,732.547,24357.4,5.39112e-07,829.167,30420,5.07815e-09,938.526,37916.3,-4.11492e-07,1062.3,47143.9,-3.9561e-07,1202.4,58439.2,3.86185e-08,1360.96,72169.3,5.94093e-07,1540.42,88715.8,7.47693e-07,1743.53,108445,1.78537e-07,1973.41,131665,-4.12549e-07,2233.57,158557,-5.37164e-07,2528,189103,-1.17615e-07,2861.2,222986,5.66769e-07,3238.27,259510,9.45053e-07,3664.97,297540,4.25093e-07,4147.81,335497,-3.58506e-07,4694.17,371444,-6.7724e-07,5312.37,403256,1.67192e-07,1.61744,3.89446,9.84394,3.28846,7.5504,12.774,5.07607,11.7187,13.6844,7.03202,16.8147,13.9681,9.20215,23.1769,14.0566,11.6301,31.1672,14.0841,14.3598,41.2186,14.0927,17.4376,53.8688,14.0954,20.9137,69.7915,14.0962,24.8432,89.8341,14.0965,29.2879,115.063,14.0966,34.3168,146.819,14.0966,40.0078,186.792,14.0966,46.4487,237.107,14.0966,53.7388,300.44,14.0966,61.9903,380.158,14.0966,71.3301,480.499,14.0966,81.902,606.796,14.0966,93.8685,765.761,14.0966,107.414,965.837,14.0966,122.746,1217.65,14.0966,140.101,1534.57,14.0966,159.745,1933.41,14.0966,181.981,2435.3,14.0966,207.15,3066.85,14.0966,235.64,3861.46,14.0966,267.889,4861.11,14.0966,304.391,6118.54,14.0966,345.709,7699.91,14.0966,392.478,9688.22,14.0966,445.417,12187.5,14.0966,505.339,15327.7,14.0966,573.165,19271.6,14.0966,649.938,24222,14.0966,736.839,30430.9,14.0966,835.202,38211.5,14.0966,946.539,47950.3,14.0966,1072.56,60122.8,14.0966,1215.21,75309.9,14.0966,1376.66,94216.2,14.0966,1559.41,117688,14.0966,1766.26,146729,14.0966,2000.39,182510,14.0966,2265.39,226372,14.0966,2565.33,279806,14.0966,2904.81,344416,14.0966,3289.05,421845,14.0966,3723.93,513667,14.0966,4216.13,621231,14.0966,4773.18,745478,14.0966,5403.64,886744,14.0966,6117.15,1.04457e+06,14.0966,6924.63,1.2176e+06,14.0966,11.7194,11.96,12.6541,13.9321,16.1295,13.6434,16.6097,21.9702,13.9553,19.7532,29.5285,14.0526,23.3844,39.1143,14.0829,27.5423,51.2054,14.0923,32.2796,66.434,14.0953,37.662,85.6061,14.0962,43.7675,109.74,14.0965,50.687,140.119,14.0966,58.5249,178.359,14.0966,67.4005,226.493,14.0966,77.4493,287.08,14.0966,88.8254,363.343,14.0966,101.703,459.336,14.0966,116.281,580.161,14.0966,132.782,732.241,14.0966,151.46,923.655,14.0966,172.603,1164.57,14.0966,196.535,1467.79,14.0966,223.625,1849.39,14.0966,254.288,2329.62,14.0966,288.997,2933.93,14.0966,328.285,3694.33,14.0966,372.755,4651.04,14.0966,423.092,5854.57,14.0966,480.07,7368.38,14.0966,544.564,9272.08,14.0966,617.566,11665.5,14.0966,700.197,14673.6,14.0966,793.729,18452.9,14.0966,899.599,23198.6,14.0966,1019.43,29154.1,14.0966,1155.07,36622.3,14.0966,1308.6,45977.9,14.0966,1482.39,57683.7,14.0966,1679.09,72307.8,14.0966,1901.73,90542.8,14.0966,2153.73,113226,14.0966,2438.97,141360,14.0966,2761.81,176127,14.0966,3127.22,218898,14.0966,3540.81,271226,14.0966,4008.92,334817,14.0966,4538.74,411470,14.0966,5138.38,502973,14.0966,5817.04,610948,14.0966,6585.12,736653,14.0966,7454.39,880741,14.0966,8438.15,1.04302e+06,14.0966,9551.45,1.22224e+06,14.0966,10811.3,1.41602e+06,14.0966,12237,1.62086e+06,14.0966,11.7194,11.96,12.6541,2.21263,4.16949,0.989383,2.67766,5.84076,0.311842,3.14343,7.55825,0.0972771,3.63127,9.58578,0.0303237,4.15787,12.0912,0.00945211,4.73731,15.2286,0.00294633,5.38238,19.1721,0.000918508,6.10553,24.134,0.000286163,6.91951,30.3791,8.92692e-05,7.83792,38.2397,2.78121e-05,8.87555,48.1338,8.65134e-06,10.0489,60.5876,2.7882e-06,11.3761,76.2629,8.29036e-07,12.8779,95.9927,2.4373e-07,14.5775,120.825,4.33068e-09,16.5012,152.08,1.75749e-07,18.6784,191.415,-1.86328e-07,21.1428,240.917,1.91829e-07,23.9322,303.213,-1.81475e-07,27.0895,381.602,7.0186e-08,30.6634,480.231,-2.86769e-08,34.7087,604.316,2.40784e-07,39.2876,760.401,9.87368e-08,44.4705,956.705,1.22263e-07,50.3371,1203.54,-4.31966e-07,56.9776,1513.81,-1.9705e-07,64.494,1903.69,-2.763e-08,73.0018,2393.4,3.9185e-07,82.6317,3008.13,1.35379e-07,93.5318,3779.25,-4.16351e-08,105.869,4745.7,2.06965e-08,119.834,5955.6,-3.18887e-07,135.641,7468.12,-1.48271e-08,153.531,9355.62,2.00739e-07,173.781,11705.8,2.28358e-07,196.701,14624.1,-1.93587e-08,222.642,18235,-2.88101e-07,252.003,22683.4,-2.24732e-07,285.234,28134,8.56806e-09,322.845,34767,2.34258e-07,365.413,42770.9,2.99668e-07,413.588,52327.9,8.28644e-08,468.111,63591.2,-3.07049e-07,529.814,76653.2,-3.1888e-07,599.642,91502.5,-6.72276e-08,678.662,107975,2.26339e-07,768.083,125705,3.69212e-07,869.267,144088,2.04077e-07,983.76,162277,-2.80509e-07,1113.3,179223,-4.22737e-07,1259.87,193777,-1.71951e-07,1425.68,204839,4.55555e-07,11.7194,11.96,12.6541,2.21263,4.16949,0.989383,2.67766,5.84076,0.311842,3.14343,7.55825,0.0972771,3.63127,9.58578,0.0303237,4.15787,12.0912,0.00945211,4.73731,15.2286,0.00294633,5.38238,19.1721,0.000918508,6.10553,24.134,0.000286163,6.91951,30.3791,8.92692e-05,7.83792,38.2397,2.78121e-05,8.87555,48.1338,8.65134e-06,10.0489,60.5876,2.7882e-06,11.3761,76.2629,8.29036e-07,12.8779,95.9927,2.4373e-07,14.5775,120.825,1e-08,16.5012,152.08,1.75749e-07,18.6784,191.415,1e-08,21.1428,240.917,1.91829e-07,23.9322,303.213,1e-08,27.0895,381.602,7.0186e-08,30.6634,480.231,1e-08,34.7087,604.316,2.40784e-07,39.2876,760.401,9.87368e-08,44.4705,956.705,1.22263e-07,50.3371,1203.54,1e-08,56.9776,1513.81,1e-08,64.494,1903.69,1e-08,73.0018,2393.4,3.9185e-07,82.6317,3008.13,1.35379e-07,93.5318,3779.25,1e-08,105.869,4745.7,2.06965e-08,119.834,5955.6,1e-08,135.641,7468.12,1e-08,153.531,9355.62,2.00739e-07,173.781,11705.8,2.28358e-07,196.701,14624.1,1e-08,222.642,18235,1e-08,252.003,22683.4,1e-08,285.234,28134,1e-08,322.845,34767,2.34258e-07,365.413,42770.9,2.99668e-07,413.588,52327.9,8.28644e-08,468.111,63591.2,1e-08,529.814,76653.2,1e-08,599.642,91502.5,1e-08,678.662,107975,2.26339e-07,768.083,125705,3.69212e-07,869.267,144088,2.04077e-07,983.76,162277,1e-08,1113.3,179223,1e-08,1259.87,193777,1e-08,1425.68,204839,4.55555e-07,6.2823,3.27286,2.43537,0.219672,6.18826,2.24117,0.56371,6.87772,2.63624,0.308279,7,7,13,2,2,1,1,6,0,2,4,0,10,10,0,1,12,0,12,12,0,5,10,0,7,5,0,6,51,0,1,20,0,7,36,0,8,72,0,16,38,0,12,110,0,10,58,0,12,176,0,21,203,0,20,283,0,23,257,0,41,281,0,36,602,0,48,298,0,33,705,0,30,833,0,65,945,0,40,2987,0,13,2463,0,68,4939,0,75,2430,0,118,1814,0,63,2492,0,77,5401,0,127,9039,0,324,18442,0,196,6558,0,194,15239,0,214,24881,0,222,25935,0,429,21325,0,365,24093,0,305,12074,0,547,33110,0,358,75555,0,479,114181,0,386,68438,0,670,146435,0,779,143673,0,952,65850,0,830,87915,0,666,200344,0,1134,200979,0,2059,238887,0
-1.05176e+08,1,8.88811e-15,10,1023,0,1.05176e+08,0.528882,1.08665,0.389689,0.145397,0.379329,3.24381,0.161596,0.446195,1.77396,0.159177,1.15e+07,4.49998e+06,6.79999e+06,1.15e+07,4.49997e+06,6.79999e+06,1.15e+07,4.49996e+06,6.79999e+06,1.15e+07,4.49995e+06,6.79999e+06,1.14999e+07,4.49993e+06,6.79999e+06,1.14999e+07,4.49991e+06,6.79999e+06,1.14999e+07,4.49989e+06,6.79999e+06,1.14999e+07,4.49986e+06,6.79999e+06,1.14999e+07,4.49982e+06,6.79999e+06,1.14999e+07,4.49977e+06,6.79999e+06,1.14999e+07,4.49971e+06,6.79999e+06,1.14999e+07,4.49963e+06,6.79999e+06,1.14998e+07,4.49953e+06,6.79999e+06,1.14998e+07,4.49941e+06,6.79999e+06,1.14998e+07,4.49926e+06,6.79999e+06,1.14998e+07,4.49906e+06,6.79999e+06,1.14997e+07,4.49882e+06,6.79999e+06,1.14997e+07,4.49851e+06,6.79999e+06,1.14997e+07,4.49812e+06,6.79999e+06,1.14996e+07,4.49764e+06,6.79999e+06,1.14996e+07,4.49702e+06,6.79999e+06,1.14995e+07,4.49625e+06,6.79999e+06,1.14995e+07,4.49528e+06,6.79999e+06,1.14994e+07,4.49406e+06,6.79999e+06,1.14993e+07,4.49253e+06,6.79999e+06,1.14992e+07,4.49059e+06,6.79999e+06,1.14991e+07,4.48817e+06,6.79999e+06,1.1499e+07,4.48511e+06,6.79999e+06,1.14988e+07,4.48128e+06,6.79999e+06,1.14987e+07,4.47646e+06,6.79999e+06,1.14985e+07,4.47041e+06,6.79999e+06,1.14983e+07,4.46281e+06,6.79999e+06,1.14981e+07,4.4533e+06,6.79999e+06,1.14979e+07,4.44138e+06,6.79999e+06,1.14976e+07,4.42649e+06,6.79999e+06,1.14972e+07,4.40789e+06,6.79999e+06,1.14969e+07,4.38471e+06,6.79999e+06,1.14965e+07,4.35592e+06,6.79999e+06,1.1496e+07,4.32027e+06,6.79999e+06,1.14955e+07,4.27629e+06,6.79999e+06,1.14949e+07,4.22231e+06,6.79999e+06,1.14942e+07,4.15647e+06,6.79999e+06,1.14934e+07,4.07676e+06,6.79999e+06,1.14926e+07,3.98112e+06,6.79999e+06,1.14916e+07,3.86765e+06,6.79999e+06,1.14905e+07,3.73474e+06,6.79999e+06,1.14892e+07,3.58148e+06,6.79999e+06,1.14878e+07,3.40785e+06,6.79999e+06,1.14862e+07,3.21513e+06,6.79999e+06,1.14844e+07,3.00605e+06,6.79999e+06,1.14823e+07,2.7848e+06,6.79999e+06,1.148e+07,2.5568e+06,6.79999e+06,1.14773e+07,2.32825e+06,6.79999e+06,13.5742,8.52444,0.508366,16.8306,13.2585,0.162638,20.0035,17.569,0.0507846,23.2616,22.4214,0.0158319,26.7328,28.3297,0.00493498,30.5212,35.6974,0.00153831,34.7178,44.9473,0.000479527,39.4086,56.5822,0.000149456,44.6796,71.2245,4.66214e-05,50.6209,89.6543,1.45419e-05,57.3297,112.852,4.54748e-06,64.9129,142.051,1.43857e-06,73.4897,178.803,4.36618e-07,83.1934,225.062,1.40153e-07,94.1745,283.286,4.96378e-08,106.602,356.568,1.05434e-07,120.669,448.799,-6.49244e-08,136.59,564.873,1.70148e-07,154.611,710.948,-5.34594e-08,175.008,894.767,1.63407e-07,198.097,1126.06,8.04804e-08,224.231,1417.07,1.14667e-07,253.813,1783.15,-1.71227e-07,287.297,2243.62,-2.88466e-07,325.198,2822.67,-4.33651e-07,368.098,3550.67,7.9318e-08,416.657,4465.65,3.13319e-07,471.621,5615.16,3.4613e-07,533.835,7058.61,-1.19199e-07,604.255,8870.02,-2.79964e-07,683.962,11141.4,-2.30521e-07,774.182,13986.7,-2.55099e-07,876.299,17546.4,1.23585e-07,991.883,21993.1,1.41192e-07,1122.71,27536.7,-9.71886e-08,1270.78,34430.7,-3.68368e-07,1438.38,42977.7,-3.45379e-07,1628.07,53532.7,-3.25328e-09,1842.77,66504.6,2.6362e-07,2085.77,82350.2,2.53445e-07,2360.79,101560,-2.47407e-08,2672.05,124632,-3.80602e-07,3024.31,152018,-4.79005e-07,3422.98,184060,-1.14379e-07,3874.15,220884,2.64297e-07,4384.72,262283,3.44131e-07,4962.49,307576,7.5349e-08,5616.29,355497,-3.63097e-07,6356.1,404126,-6.05442e-07,7193.18,450932,-2.72333e-07,8140.28,492963,2.29675e-07,9211.79,527178,4.3387e-07,10424,550893,-1.0711e-07,10.102,8.06553,2.81012,10.6436,8.57909,0.869423,11.5336,10.2515,0.270869,12.7211,12.7138,0.0844293,14.1823,15.9373,0.0263173,15.9122,20.0383,0.0082035,17.9198,25.2154,0.00255722,20.2244,31.7373,0.000797017,22.8539,39.9486,0.000248622,25.8438,50.2851,7.75492e-05,29.237,63.2963,2.42508e-05,33.0837,79.6738,7.67162e-06,37.4415,100.288,2.32837e-06,42.3767,126.236,7.33e-07,47.9646,158.896,2.79256e-07,54.2906,200.003,9.87351e-09,61.452,251.741,1.61085e-07,69.5585,316.859,-2.47141e-07,78.7347,398.812,8.93552e-08,89.1218,501.948,-2.53231e-07,100.879,631.736,-1.25047e-07,114.188,795.049,-1.78808e-07,129.252,1000.53,2.6733e-07,146.304,1259.03,4.50292e-07,165.605,1584.19,6.76904e-07,187.452,1993.12,-1.23808e-07,212.181,2507.27,-4.89068e-07,240.173,3153.54,-5.40284e-07,271.856,3965.56,1.86061e-07,307.719,4985.38,4.37004e-07,348.313,6265.4,3.59828e-07,394.26,7870.83,3.98192e-07,446.268,9882.51,-1.92908e-07,505.135,12400.3,-2.20392e-07,571.766,15546.9,1.51705e-07,647.184,19472.2,5.74996e-07,732.547,24357.4,5.39112e-07,829.167,30420,5.07815e-09,938.526,37916.3,-4.11492e-07,1062.3,47143.9,-3.9561e-07,1202.4,58439.2,3.86185e-08,1360.96,72169.3,5.94093e-07,1540.42,88715.8,7.47693e-07,1743.53,108445,1.78537e-07,1973.41,131665,-4.12549e-07,2233.57,158557,-5.37164e-07,2528,189103,-1.17615e-07,2861.2,222986,5.66769e-07,3238.27,259510,9.45053e-07,3664.97,297540,4.25093e-07,4147.81,335497,-3.58506e-07,4694.17,371444,-6.7724e-07,5312.37,403256,1.67192e-07,1.61744,3.89446,9.84394,3.28846,7.5504,12.774,5.07607,11.7187,13.6844,7.03202,16.8147,13.9681,9.20215,23.1769,14.0566,11.6301,31.1672,14.0841,14.3598,41.2186,14.0927,17.4376,53.8688,14.0954,20.9137,69.7915,14.0962,24.8432,89.8341,14.0965,29.2879,115.063,14.0966,34.3168,146.819,14.0966,40.0078,186.792,14.0966,46.4487,237.107,14.0966,53.7388,300.44,14.0966,61.9903,380.158,14.0966,71.3301,480.499,14.0966,81.902,606.796,14.0966,93.8685,765.761,14.0966,107.414,965.837,14.0966,122.746,1217.65,14.0966,140.101,1534.57,14.0966,159.745,1933.41,14.0966,181.981,2435.3,14.0966,207.15,3066.85,14.0966,235.64,3861.46,14.0966,267.889,4861.11,14.0966,304.391,6118.54,14.0966,345.709,7699.91,14.0966,392.478,9688.22,14.0966,445.417,12187.5,14.0966,505.339,15327.7,14.0966,573.165,19271.6,14.0966,649.938,24222,14.0966,736.839,30430.9,14.0966,835.202,38211.5,14.0966,946.539,47950.3,14.0966,1072.56,60122.8,14.0966,1215.21,75309.9,14.0966,1376.66,94216.2,14.0966,1559.41,117688,14.0966,1766.26,146729,14.0966,2000.39,182510,14.0966,2265.39,226372,14.0966,2565.33,279806,14.0966,2904.81,344416,14.0966,3289.05,421845,14.0966,3723.93,513667,14.0966,4216.13,621231,14.0966,4773.18,745478,14.0966,5403.64,886744,14.0966,6117.15,1.04457e+06,14.0966,6924.63,1.2176e+06,14.0966,11.7194,11.96,12.6541,13.9321,16.1295,13.6434,16.6097,21.9702,13.9553,19.7532,29.5285,14.0526,23.3844,39.1143,14.0829,27.5423,51.2054,14.0923,32.2796,66.434,14.0953,37.662,85.6061,14.0962,43.7675,109.74,14.0965,50.687,140.119,14.0966,58.5249,178.359,14.0966,67.4005,226.493,14.0966,77.4493,287.08,14.0966,88.8254,363.343,14.0966,101.703,459.336,14.0966,116.281,580.161,14.0966,132.782,732.241,14.0966,151.46,923.655,14.0966,172.603,1164.57,14.0966,196.535,1467.79,14.0966,223.625,1849.39,14.0966,254.288,2329.62,14.0966,288.997,2933.93,14.0966,328.285,3694.33,14.0966,372.755,4651.04,14.0966,423.092,5854.57,14.0966,480.07,7368.38,14.0966,544.564,9272.08,14.0966,617.566,11665.5,14.0966,700.197,14673.6,14.0966,793.729,18452.9,14.0966,899.599,23198.6,14.0966,1019.43,29154.1,14.0966,1155.07,36622.3,14.0966,1308.6,45977.9,14.0966,1482.39,57683.7,14.0966,1679.09,72307.8,14.0966,1901.73,90542.8,14.0966,2153.73,113226,14.0966,2438.97,141360,14.0966,2761.81,176127,14.0966,3127.22,218898,14.0966,3540.81,271226,14.0966,4008.92,334817,14.0966,4538.74,411470,14.0966,5138.38,502973,14.0966,5817.04,610948,14.0966,6585.12,736653,14.0966,7454.39,880741,14.0966,8438.15,1.04302e+06,14.0966,9551.45,1.22224e+06,14.0966,10811.3,1.41602e+06,14.0966,12237,1.62086e+06,14.0966,11.7194,11.96,12.6541,2.21263,4.16949,0.989383,2.67766,5.84076,0.311842,3.14343,7.55825,0.0972771,3.63127,9.58578,0.0303237,4.15787,12.0912,0.00945211,4.73731,15.2286,0.00294633,5.38238,19.1721,0.000918508,6.10553,24.134,0.000286163,6.91951,30.3791,8.92692e-05,7.83792,38.2397,2.78121e-05,8.87555,48.1338,8.65134e-06,10.0489,60.5876,2.7882e-06,11.3761,76.2629,8.29036e-07,12.8779,95.9927,2.4373e-07,14.5775,120.825,4.33068e-09,16.5012,152.08,1.75749e-07,18.6784,191.415,-1.86328e-07,21.1428,240.917,1.91829e-07,23.9322,303.213,-1.81475e-07,27.0895,381.602,7.0186e-08,30.6634,480.231,-2.86769e-08,34.7087,604.316,2.40784e-07,39.2876,760.401,9.87368e-08,44.4705,956.705,1.22263e-07,50.3371,1203.54,-4.31966e-07,56.9776,1513.81,-1.9705e-07,64.494,1903.69,-2.763e-08,73.0018,2393.4,3.9185e-07,82.6317,3008.13,1.35379e-07,93.5318,3779.25,-4.16351e-08,105.869,4745.7,2.06965e-08,119.834,5955.6,-3.18887e-07,135.641,7468.12,-1.48271e-08,153.531,9355.62,2.00739e-07,173.781,11705.8,2.28358e-07,196.701,14624.1,-1.93587e-08,222.642,18235,-2.88101e-07,252.003,22683.4,-2.24732e-07,285.234,28134,8.56806e-09,322.845,34767,2.34258e-07,365.413,42770.9,2.99668e-07,413.588,52327.9,8.28644e-08,468.111,63591.2,-3.07049e-07,529.814,76653.2,-3.1888e-07,599.642,91502.5,-6.72276e-08,678.662,107975,2.26339e-07,768.083,125705,3.69212e-07,869.267,144088,2.04077e-07,983.76,162277,-2.80509e-07,1113.3,179223,-4.22737e-07,1259.87,193777,-1.71951e-07,1425.68,204839,4.55555e-07,11.7194,11.96,12.6541,2.21263,4.16949,0.989383,2.67766,5.84076,0.311842,3.14343,7.55825,0.0972771,3.63127,9.58578,0.0303237,4.15787,12.0912,0.00945211,4.73731,15.2286,0.00294633,5.38238,19.1721,0.000918508,6.10553,24.134,0.000286163,6.91951,30.3791,8.92692e-05,7.83792,38.2397,2.78121e-05,8.87555,48.1338,8.65134e-06,10.0489,60.5876,2.7882e-06,11.3761,76.2629,8.29036e-07,12.8779,95.9927,2.4373e-07,14.5775,120.825,1e-08,16.5012,152.08,1.75749e-07,18.6784,191.415,1e-08,21.1428,240.917,1.91829e-07,23.9322,303.213,1e-08,27.0895,381.602,7.0186e-08,30.6634,480.231,1e-08,34.7087,604.316,2.40784e-07,39.2876,760.401,9.87368e-08,44.4705,956.705,1.22263e-07,50.3371,1203.54,1e-08,56.9776,1513.81,1e-08,64.494,1903.69,1e-08,73.0018,2393.4,3.9185e-07,82.6317,3008.13,1.35379e-07,93.5318,3779.25,1e-08,105.869,4745.7,2.06965e-08,119.834,5955.6,1e-08,135.641,7468.12,1e-08,153.531,9355.62,2.00739e-07,173.781,11705.8,2.28358e-07,196.701,14624.1,1e-08,222.642,18235,1e-08,252.003,22683.4,1e-08,285.234,28134,1e-08,322.845,34767,2.34258e-07,365.413,42770.9,2.99668e-07,413.588,52327.9,8.28644e-08,468.111,63591.2,1e-08,529.814,76653.2,1e-08,599.642,91502.5,1e-08,678.662,107975,2.26339e-07,768.083,125705,3.69212e-07,869.267,144088,2.04077e-07,983.76,162277,1e-08,1113.3,179223,1e-08,1259.87,193777,1e-08,1425.68,204839,4.55555e-07,6.2823,3.27286,2.43537,0.219672,6.18826,2.24117,0.56371,6.87772,2.63624,0.308279,6,15,7,3,4,0,2,3,1,7,11,0,4,2,0,1,8,0,3,19,0,8,21,0,5,37,0,5,18,0,11,46,0,5,56,0,12,53,0,17,104,0,12,114,0,10,50,0,14,213,0,11,159,0,8,221,0,21,353,0,27,369,0,13,473,0,19,721,0,17,1010,0,65,859,0,59,1045,0,47,1030,0,103,1713,0,40,827,0,144,3866,0,223,1764,0,90,7379,0,71,6658,0,143,4772,0,173,6282,0,305,8363,0,203,8592,0,196,13545,0,368,24679,0,203,28233,0,597,26705,0,287,47346,0,243,27417,0,810,48115,0,783,89666,0,366,51563,0,771,75502,0,754,93637,0,437,146934,0,2166,271445,0,578,252499,0,494,130952,0,2391,136438,0
-1.05176e+08,1,8.88811e-15,10,1023,0,1.05176e+08,0.528882,1.08665,0.389689,0.145397,0.379329,3.24381,0.161596,0.446195,1.77396,0.159177,1.15e+07,4.49998e+06,6.79999e+06,1.15e+07,4.49997e+06,6.79999e+06,1.15e+07,4.49996e+06,6.79999e+06,1.15e+07,4.49995e+06,6.79999e+06,1.14999e+07,4.49993e+06,6.79999e+06,1.14999e+07,4.49991e+06,6.79999e+06,1.14999e+07,4.49989e+06,6.79999e+06,1.14999e+07,4.49986e+06,6.79999e+06,1.14999e+07,4.49982e+06,6.79999e+06,1.14999e+07,4.49977e+06,6.79999e+06,1.14999e+07,4.49971e+06,6.79999e+06,1.14999e+07,4.49963e+06,6.79999e+06,1.14998e+07,4.49953e+06,6.79999e+06,1.14998e+07,4.49941e+06,6.79999e+06,1.14998e+07,4.49926e+06,6.79999e+06,1.14998e+07,4.49906e+06,6.79999e+06,1.14997e+07,4.49882e+06,6.79999e+06,1.14997e+07,4.49851e+06,6.79999e+06,1.14997e+07,4.49812e+06,6.79999e+06,1.14996e+07,4.49764e+06,6.79999e+06,1.14996e+07,4.49702e+06,6.79999e+06,1.14995e+07,4.49625e+06,6.79999e+06,1.14995e+07,4.49528e+06,6.79999e+06,1.14994e+07,4.49406e+06,6.79999e+06,1.14993e+07,4.49253e+06,6.79999e+06,1.14992e+07,4.49059e+06,6.79999e+06,1.14991e+07,4.48817e+06,6.79999e+06,1.1499e+07,4.48511e+06,6.79999e+06,1.14988e+07,4.48128e+06,6.79999e+06,1.14987e+07,4.47646e+06,6.79999e+06,1.14985e+07,4.47041e+06,6.79999e+06,1.14983e+07,4.46281e+06,6.79999e+06,1.14981e+07,4.4533e+06,6.79999e+06,1.14979e+07,4.44138e+06,6.79999e+06,1.14976e+07,4.42649e+06,6.79999e+06,1.14972e+07,4.40789e+06,6.79999e+06,1.14969e+07,4.38471e+06,6.79999e+06,1.14965e+07,4.35592e+06,6.79999e+06,1.1496e+07,4.32027e+06,6.79999e+06,1.14955e+07,4.27629e+06,6.79999e+06,1.14949e+07,4.22231e+06,6.79999e+06,1.14942e+07,4.15647e+06,6.79999e+06,1.14934e+07,4.07676e+06,6.79999e+06,1.14926e+07,3.98112e+06,6.79999e+06,1.14916e+07,3.86765e+06,6.79999e+06,1.14905e+07,3.73474e+06,6.79999e+06,1.14892e+07,3.58148e+06,6.79999e+06,1.14878e+07,3.40785e+06,6.79999e+06,1.14862e+07,3.21513e+06,6.79999e+06,1.14844e+07,3.00605e+06,6.79999e+06,1.14823e+07,2.7848e+06,6.79999e+06,1.148e+07,2.5568e+06,6.79999e+06,1.14773e+07,2.32825e+06,6.79999e+06,13.5742,8.52444,0.508366,16.8306,13.2585,0.162638,20.0035,17.569,0.0507846,23.2616,22.4214,0.0158319,26.7328,28.3297,0.00493498,30.5212,35.6974,0.00153831,34.7178,44.9473,0.000479527,39.4086,56.5822,0.000149456,44.6796,71.2245,4.66214e-05,50.6209,89.6543,1.45419e-05,57.3297,112.852,4.54748e-06,64.9129,142.051,1.43857e-06,73.4897,178.803,4.36618e-07,83.1934,225.062,1.40153e-07,94.1745,283.286,4.96378e-08,106.602,356.568,1.05434e-07,120.669,448.799,-6.49244e-08,136.59,564.873,1.70148e-07,154.611,710.948,-5.34594e-08,175.008,894.767,1.63407e-07,198.097,1126.06,8.04804e-08,224.231,1417.07,1.14667e-07,253.813,1783.15,-1.71227e-07,287.297,2243.62,-2.88466e-07,325.198,2822.67,-4.33651e-07,368.098,3550.67,7.9318e-08,416.657,4465.65,3.13319e-07,471.621,5615.16,3.4613e-07,533.835,7058.61,-1.19199e-07,604.255,8870.02,-2.79964e-07,683.962,11141.4,-2.30521e-07,774.182,13986.7,-2.55099e-07,876.299,17546.4,1.23585e-07,991.883,21993.1,1.41192e-07,1122.71,27536.7,-9.71886e-08,1270.78,34430.7,-3.68368e-07,1438.38,42977.7,-3.45379e-07,1628.07,53532.7,-3.25328e-09,1842.77,66504.6,2.6362e-07,2085.77,82350.2,2.53445e-07,2360.79,101560,-2.47407e-08,2672.05,124632,-3.80602e-07,3024.31,152018,-4.79005e-07,3422.98,184060,-1.14379e-07,3874.15,220884,2.64297e-07,4384.72,262283,3.44131e-07,4962.49,307576,7.5349e-08,5616.29,355497,-3.63097e-07,6356.1,404126,-6.05442e-07,7193.18,450932,-2.72333e-07,8140.28,492963,2.29675e-07,9211.79,527178,4.3387e-07,10424,550893,-1.0711e-07,10.102,8.06553,2.81012,10.6436,8.57909,0.869423,11.5336,10.2515,0.270869,12.7211,12.7138,0.0844293,14.1823,15.9373,0.0263173,15.9122,20.0383,0.0082035,17.9198,25.2154,0.00255722,20.2244,31.7373,0.000797017,22.8539,39.9486,0.000248622,25.8438,50.2851,7.75492e-05,29.237,63.2963,2.42508e-05,33.0837,79.6738,7.67162e-06,37.4415,100.288,2.32837e-06,42.3767,126.236,7.33e-07,47.9646,158.896,2.79256e-07,54.2906,200.003,9.87351e-09,61.452,251.741,1.61085e-07,69.5585,316.859,-2.47141e-07,78.7347,398.812,8.93552e-08,89.1218,501.948,-2.53231e-07,100.879,631.736,-1.25047e-07,114.188,795.049,-1.78808e-07,129.252,1000.53,2.6733e-07,146.304,1259.03,4.50292e-07,165.605,1584.19,6.76904e-07,187.452,1993.12,-1.23808e-07,212.181,2507.27,-4.89068e-07,240.173,3153.54,-5.40284e-07,271.856,3965.56,1.86061e-07,307.719,4985.38,4.37004e-07,348.313,6265.4,3.59828e-07,394.26,7870.83,3.98192e-07,446.268,9882.51,-1.92908e-07,505.135,12400.3,-2.20392e-07,571.766,15546.9,1.51705e-07,647.184,19472.2,5.74996e-07,732.547,24357.4,5.39112e-07,829.167,30420,5.07815e-09,938.526,37916.3,-4.11492e-07,1062.3,47143.9,-3.9561e-07,1202.4,58439.2,3.86185e-08,1360.96,72169.3,5.94093e-07,1540.42,88715.8,7.47693e-07,1743.53,108445,1.78537e-07,1973.41,131665,-4.12549e-07,2233.57,158557,-5.37164e-07,2528,189103,-1.17615e-07,2861.2,222986,5.66769e-07,3238.27,259510,9.45053e-07,3664.97,297540,4.25093e-07,4147.81,335497,-3.58506e-07,4694.17,371444,-6.7724e-07,5312.37,403256,1.67192e-07,1.61744,3.89446,9.84394,3.28846,7.5504,12.774,5.07607,11.7187,13.6844,7.03202,16.8147,13.9681,9.20215,23.1769,14.0566,11.6301,31.1672,14.0841,14.3598,41.2186,14.0927,17.4376,53.8688,14.0954,20.9137,69.7915,14.0962,24.8432,89.8341,14.0965,29.2879,115.063,14.0966,34.3168,146.819,14.0966,40.0078,186.792,14.0966,46.4487,237.107,14.0966,53.7388,300.44,14.0966,61.9903,380.158,14.0966,71.3301,480.499,14.0966,81.902,606.796,14.0966,93.8685,765.761,14.0966,107.414,965.837,14.0966,122.746,1217.65,14.0966,140.101,1534.57,14.0966,159.745,1933.41,14.0966,181.981,2435.3,14.0966,207.15,3066.85,14.0966,235.64,3861.46,14.0966,267.889,4861.11,14.0966,304.391,6118.54,14.0966,345.709,7699.91,14.0966,392.478,9688.22,14.0966,445.417,12187.5,14.0966,505.339,15327.7,14.0966,573.165,19271.6,14.0966,649.938,24222,14.0966,736.839,30430.9,14.0966,835.202,38211.5,14.0966,946.539,47950.3,14.0966,1072.56,60122.8,14.0966,1215.21,75309.9,14.0966,1376.66,94216.2,14.0966,1559.41,117688,14.0966,1766.26,146729,14.0966,2000.39,182510,14.0966,2265.39,226372,14.0966,2565.33,279806,14.0966,2904.81,344416,14.0966,3289.05,421845,14.0966,3723.93,513667,14.0966,4216.13,621231,14.0966,4773.18,745478,14.0966,5403.64,886744,14.0966,6117.15,1.04457e+06,14.0966,6924.63,1.2176e+06,14.0966,11.7194,11.96,12.6541,13.9321,16.1295,13.6434,16.6097,21.9702,13.9553,19.7532,29.5285,14.0526,23.3844,39.1143,14.0829,27.5423,51.2054,14.0923,32.2796,66.434,14.0953,37.662,85.6061,14.0962,43.7675,109.74,14.0965,50.687,140.119,14.0966,58.5249,178.359,14.0966,67.4005,226.493,14.0966,77.4493,287.08,14.0966,88.8254,363.343,14.0966,101.703,459.336,14.0966,116.281,580.161,14.0966,132.782,732.241,14.0966,151.46,923.655,14.0966,172.603,1164.57,14.0966,196.535,1467.79,14.0966,223.625,1849.39,14.0966,254.288,2329.62,14.0966,288.997,2933.93,14.0966,328.285,3694.33,14.0966,372.755,4651.04,14.0966,423.092,5854.57,14.0966,480.07,7368.38,14.0966,544.564,9272.08,14.0966,617.566,11665.5,14.0966,700.197,14673.6,14.0966,793.729,18452.9,14.0966,899.599,23198.6,14.0966,1019.43,29154.1,14.0966,1155.07,36622.3,14.0966,1308.6,45977.9,14.0966,1482.39,57683.7,14.0966,1679.09,72307.8,14.0966,1901.73,90542.8,14.0966,2153.73,113226,14.0966,2438.97,141360,14.0966,2761.81,176127,14.0966,3127.22,218898,14.0966,3540.81,271226,14.0966,4008.92,334817,14.0966,4538.74,411470,14.0966,5138.38,502973,14.0966,5817.04,610948,14.0966,6585.12,736653,14.0966,7454.39,880741,14.0966,8438.15,1.04302e+06,14.0966,9551.45,1.22224e+06,14.0966,10811.3,1.41602e+06,14.0966,12237,1.62086e+06,14.0966,11.7194,11.96,12.6541,2.21263,4.16949,0.989383,2.67766,5.84076,0.311842,3.14343,7.55825,0.0972771,3.63127,9.58578,0.0303237,4.15787,12.0912,0.00945211,4.73731,15.2286,0.00294633,5.38238,19.1721,0.000918508,6.10553,24.134,0.000286163,6.91951,30.3791,8.92692e-05,7.83792,38.2397,2.78121e-05,8.87555,48.1338,8.65134e-06,10.0489,60.5876,2.7882e-06,11.3761,76.2629,8.29036e-07,12.8779,95.9927,2.4373e-07,14.5775,120.825,4.33068e-09,16.5012,152.08,1.75749e-07,18.6784,191.415,-1.86328e-07,21.1428,240.917,1.91829e-07,23.9322,303.213,-1.81475e-07,27.0895,381.602,7.0186e-08,30.6634,480.231,-2.86769e-08,34.7087,604.316,2.40784e-07,39.2876,760.401,9.87368e-08,44.4705,956.705,1.22263e-07,50.3371,1203.54,-4.31966e-07,56.9776,1513.81,-1.9705e-07,64.494,1903.69,-2.763e-08,73.0018,2393.4,3.9185e-07,82.6317,3008.13,1.35379e-07,93.5318,3779.25,-4.16351e-08,105.869,4745.7,2.06965e-08,119.834,5955.6,-3.18887e-07,135.641,7468.12,-1.48271e-08,153.531,9355.62,2.00739e-07,173.781,11705.8,2.28358e-07,196.701,14624.1,-1.93587e-08,222.642,18235,-2.88101e-07,252.003,22683.4,-2.24732e-07,285.234,28134,8.56806e-09,322.845,34767,2.34258e-07,365.413,42770.9,2.99668e-07,413.588,52327.9,8.28644e-08,468.111,63591.2,-3.07049e-07,529.814,76653.2,-3.1888e-07,599.642,91502.5,-6.72276e-08,678.662,107975,2.26339e-07,768.083,125705,3.69212e-07,869.267,144088,2.04077e-07,983.76,162277,-2.80509e-07,1113.3,179223,-4.22737e-07,1259.87,193777,-1.71951e-07,1425.68,204839,4.55555e-07,11.7194,11.96,12.6541,2.21263,4.16949,0.989383,2.67766,5.84076,0.311842,3.14343,7.55825,0.0972771,3.63127,9.58578,0.0303237,4.15787,12.0912,0.00945211,4.73731,15.2286,0.00294633,5.38238,19.1721,0.000918508,6.10553,24.134,0.000286163,6.91951,30.3791,8.92692e-05,7.83792,38.2397,2.78121e-05,8.87555,48.1338,8.65134e-06,10.0489,60.5876,2.7882e-06,11.3761,76.2629,8.29036e-07,12.8779,95.9927,2.4373e-07,14.5775,120.825,1e-08,16.5012,152.08,1.75749e-07,18.6784,191.415,1e-08,21.1428,240.917,1.91829e-07,23.9322,303.213,1e-08,27.0895,381.602,7.0186e-08,30.6634,480.231,1e-08,34.7087,604.316,2.40784e-07,39.2876,760.401,9.87368e-08,44.4705,956.705,1.22263e-07,50.3371,1203.54,1e-08,56.9776,1513.81,1e-08,64.494,1903.69,1e-08,73.0018,2393.4,3.9185e-07,82.6317,3008.13,1.35379e-07,93.5318,3779.25,1e-08,105.869,4745.7,2.06965e-08,119.834,5955.6,1e-08,135.641,7468.12,1e-08,153.531,9355.62,2.00739e-07,173.781,11705.8,2.28358e-07,196.701,14624.1,1e-08,222.642,18235,1e-08,252.003,22683.4,1e-08,285.234,28134,1e-08,322.845,34767,2.34258e-07,365.413,42770.9,2.99668e-07,413.588,52327.9,8.28644e-08,468.111,63591.2,1e-08,529.814,76653.2,1e-08,599.642,91502.5,1e-08,678.662,107975,2.26339e-07,768.083,125705,3.69212e-07,869.267,144088,2.04077e-07,983.76,162277,1e-08,1113.3,179223,1e-08,1259.87,193777,1e-08,1425.68,204839,4.55555e-07,6.2823,3.27286,2.43537,0.219672,6.18826,2.24117,0.56371,6.87772,2.63624,0.308279,5,14,16,1,4,0,7,4,0,5,10,0,0,11,0,1,9,0,7,18,0,1,9,0,12,22,0,6,22,0,14,26,0,9,53,0,7,127,0,9,42,0,3,142,0,6,56,0,12,161,0,9,315,0,26,278,0,13,285,0,18,312,0,47,249,0,35,778,0,86,933,0,48,1528,0,44,1157,0,49,1489,0,116,1088,0,113,5021,0,94,4441,0,102,3042,0,75,2587,0,121,3963,0,203,7462,0,131,6992,0,213,13953,0,160,8343,0,277,31066,0,460,26797,0,291,33567,0,241,25533,0,365,47667,0,370,19165,0,210,47788,0,190,68980,0,290,99810,0,962,130624,0,796,116824,0,761,140577,0,948,149725,0,1739,128396,0,1773,364242,0,1691,180096,0
-1.05176e+08,1,8.88811e-15,10,1023,0,1.05176e+08,0.528882,1.08665,0.389689,0.145397,0.379329,3.24381,0.161596,0.446195,1.77396,0.159177,1.15e+07,4.49998e+06,6.79999e+06,1.15e+07,4.49997e+06,6.79999e+06,1.15e+07,4.49996e+06,6.79999e+06,1.15e+07,4.49995e+06,6.79999e+06,1.14999e+07,4.49993e+06,6.79999e+06,1.14999e+07,4.49991e+06,6.79999e+06,1.14999e+07,4.49989e+06,6.79999e+06,1.14999e+07,4.49986e+06,6.79999e+06,1.14999e+07,4.49982e+06,6.79999e+06,1.14999e+07,4.49977e+06,6.79999e+06,1.14999e+07,4.49971e+06,6.79999e+06,1.14999e+07,4.49963e+06,6.79999e+06,1.14998e+07,4.49953e+06,6.79999e+06,1.14998e+07,4.49941e+06,6.79999e+06,1.14998e+07,4.49926e+06,6.79999e+06,1.14998e+07,4.49906e+06,6.79999e+06,1.14997e+07,4.49882e+06,6.79999e+06,1.14997e+07,4.49851e+06,6.79999e+06,1.14997e+07,4.49812e+06,6.79999e+06,1.14996e+07,4.49764e+06,6.79999e+06,1.14996e+07,4.49702e+06,6.79999e+06,1.14995e+07,4.49625e+06,6.79999e+06,1.14995e+07,4.49528e+06,6.79999e+06,1.14994e+07,4.49406e+06,6.79999e+06,1.14993e+07,4.49253e+06,6.79999e+06,1.14992e+07,4.49059e+06,6.79999e+06,1.14991e+07,4.48817e+06,6.79999e+06,1.1499e+07,4.48511e+06,6.79999e+06,1.14988e+07,4.48128e+06,6.79999e+06,1.14987e+07,4.47646e+06,6.79999e+06,1.14985e+07,4.47041e+06,6.79999e+06,1.14983e+07,4.46281e+06,6.79999e+06,1.14981e+07,4.4533e+06,6.79999e+06,1.14979e+07,4.44138e+06,6.79999e+06,1.14976e+07,4.42649e+06,6.79999e+06,1.14972e+07,4.40789e+06,6.79999e+06,1.14969e+07,4.38471e+06,6.79999e+06,1.14965e+07,4.35592e+06,6.79999e+06,1.1496e+07,4.32027e+06,6.79999e+06,1.14955e+07,4.27629e+06,6.79999e+06,1.14949e+07,4.22231e+06,6.79999e+06,1.14942e+07,4.15647e+06,6.79999e+06,1.14934e+07,4.07676e+06,6.79999e+06,1.14926e+07,3.98112e+06,6.79999e+06,1.14916e+07,3.86765e+06,6.79999e+06,1.14905e+07,3.73474e+06,6.79999e+06,1.14892e+07,3.58148e+06,6.79999e+06,1.14878e+07,3.40785e+06,6.79999e+06,1.14862e+07,3.21513e+06,6.79999e+06,1.14844e+07,3.00605e+06,6.79999e+06,1.14823e+07,2.7848e+06,6.79999e+06,1.148e+07,2.5568e+06,6.79999e+06,1.14773e+07,2.32825e+06,6.79999e+06,13.5742,8.52444,0.508366,16.8306,13.2585,0.162638,20.0035,17.569,0.0507846,23.2616,22.4214,0.0158319,26.7328,28.3297,0.00493498,30.5212,35.6974,0.00153831,34.7178,44.9473,0.000479527,39.4086,56.5822,0.000149456,44.6796,71.2245,4.66214e-05,50.6209,89.6543,1.45419e-05,57.3297,112.852,4.54748e-06,64.9129,142.051,1.43857e-06,73.4897,178.803,4.36618e-07,83.1934,225.062,1.40153e-07,94.1745,283.286,4.96378e-08,106.602,356.568,1.05434e-07,120.669,448.799,-6.49244e-08,136.59,564.873,1.70148e-07,154.611,710.948,-5.34594e-08,175.008,894.767,1.63407e-07,198.097,1126.06,8.04804e-08,224.231,1417.07,1.14667e-07,253.813,1783.15,-1.71227e-07,287.297,2243.62,-2.88466e-07,325.198,2822.67,-4.33651e-07,368.098,3550.67,7.9318e-08,416.657,4465.65,3.13319e-07,471.621,5615.16,3.4613e-07,533.835,7058.61,-1.19199e-07,604.255,8870.02,-2.79964e-07,683.962,11141.4,-2.30521e-07,774.182,13986.7,-2.55099e-07,876.299,17546.4,1.23585e-07,991.883,21993.1,1.41192e-07,1122.71,27536.7,-9.71886e-08,1270.78,34430.7,-3.68368e-07,1438.38,42977.7,-3.45379e-07,1628.07,53532.7,-3.25328e-09,1842.77,66504.6,2.6362e-07,2085.77,82350.2,2.53445e-07,2360.79,101560,-2.47407e-08,2672.05,124632,-3.80602e-07,3024.31,152018,-4.79005e-07,3422.98,184060,-1.14379e-07,3874.15,220884,2.64297e-07,4384.72,262283,3.44131e-07,4962.49,307576,7.5349e-08,5616.29,355497,-3.63097e-07,6356.1,404126,-6.05442e-07,7193.18,450932,-2.72333e-07,8140.28,492963,2.29675e-07,9211.79,527178,4.3387e-07,10424,550893,-1.0711e-07,10.102,8.06553,2.81012,10.6436,8.57909,0.869423,11.5336,10.2515,0.270869,12.7211,12.7138,0.0844293,14.1823,15.9373,0.0263173,15.9122,20.0383,0.0082035,17.9198,25.2154,0.00255722,20.2244,31.7373,0.000797017,22.8539,39.9486,0.000248622,25.8438,50.2851,7.75492e-05,29.237,63.2963,2.42508e-05,33.0837,79.6738,7.67162e-06,37.4415,100.288,2.32837e-06,42.3767,126.236,7.33e-07,47.9646,158.896,2.79256e-07,54.2906,200.003,9.87351e-09,61.452,251.741,1.61085e-07,69.5585,316.859,-2.47141e-07,78.7347,398.812,8.93552e-08,89.1218,501.948,-2.53231e-07,100.879,631.736,-1.25047e-07,114.188,795.049,-1.78808e-07,129.252,1000.53,2.6733e-07,146.304,1259.03,4.50292e-07,165.605,1584.19,6.76904e-07,187.452,1993.12,-1.23808e-07,212.181,2507.27,-4.89068e-07,240.173,3153.54,-5.40284e-07,271.856,3965.56,1.86061e-07,307.719,4985.38,4.37004e-07,348.313,6265.4,3.59828e-07,394.26,7870.83,3.98192e-07,446.268,9882.51,-1.92908e-07,505.135,12400.3,-2.20392e-07,571.766,15546.9,1.51705e-07,647.184,19472.2,5.74996e-07,732.547,24357.4,5.39112e-07,829.167,30420,5.07815e-09,938.526,37916.3,-4.11492e-07,1062.3,47143.9,-3.9561e-07,1202.4,58439.2,3.86185e-08,1360.96,72169.3,5.94093e-07,1540.42,88715.8,7.47693e-07,1743.53,108445,1.78537e-07,1973.41,131665,-4.12549e-07,2233.57,158557,-5.37164e-07,2528,189103,-1.17615e-07,2861.2,222986,5.66769e-07,3238.27,259510,9.45053e-07,3664.97,297540,4.25093e-07,4147.81,335497,-3.58506e-07,4694.17,371444,-6.7724e-07,5312.37,403256,1.67192e-07,1.61744,3.89446,9.84394,3.28846,7.5504,12.774,5.07607,11.7187,13.6844,7.03202,16.8147,13.9681,9.20215,23.1769,14.0566,11.6301,31.1672,14.0841,14.3598,41.2186,14.0927,17.4376,53.8688,14.0954,20.9137,69.7915,14.0962,24.8432,89.8341,14.0965,29.2879,115.063,14.0966,34.3168,146.819,14.0966,40.0078,186.792,14.0966,46.4487,237.107,14.0966,53.7388,300.44,14.0966,61.9903,380.158,14.0966,71.3301,480.499,14.0966,81.902,606.796,14.0966,93.8685,765.761,14.0966,107.414,965.837,14.0966,122.746,1217.65,14.0966,140.101,1534.57,14.0966,159.745,1933.41,14.0966,181.981,2435.3,14.0966,207.15,3066.85,14.0966,235.64,3861.46,14.0966,267.889,4861.11,14.0966,304.391,6118.54,14.0966,345.709,7699.91,14.0966,392.478,9688.22,14.0966,445.417,12187.5,14.0966,505.339,15327.7,14.0966,573.165,19271.6,14.0966,649.938,24222,14.0966,736.839,30430.9,14.0966,835.202,38211.5,14.0966,946.539,47950.3,14.0966,1072.56,60122.8,14.0966,1215.21,75309.9,14.0966,1376.66,94216.2,14.0966,1559.41,117688,14.0966,1766.26,146729,14.0966,2000.39,182510,14.0966,2265.39,226372,14.0966,2565.33,279806,14.0966,2904.81,344416,14.0966,3289.05,421845,14.0966,3723.93,513667,14.0966,4216.13,621231,14.0966,4773.18,745478,14.0966,5403.64,886744,14.0966,6117.15,1.04457e+06,14.0966,6924.63,1.2176e+06,14.0966,11.7194,11.96,12.6541,13.9321,16.1295,13.6434,16.6097,21.9702,13.9553,19.7532,29.5285,14.0526,23.3844,39.1143,14.0829,27.5423,51.2054,14.0923,32.2796,66.434,14.0953,37.662,85.6061,14.0962,43.7675,109.74,14.0965,50.687,140.119,14.0966,58.5249,178.359,14.0966,67.4005,226.493,14.0966,77.4493,287.08,14.0966,88.8254,363.343,14.0966,101.703,459.336,14.0966,116.281,580.161,14.0966,132.782,732.241,14.0966,151.46,923.655,14.0966,172.603,1164.57,14.0966,196.535,1467.79,14.0966,223.625,1849.39,14.0966,254.288,2329.62,14.0966,288.997,2933.93,14.0966,328.285,3694.33,14.0966,372.755,4651.04,14.0966,423.092,5854.57,14.0966,480.07,7368.38,14.0966,544.564,9272.08,14.0966,617.566,11665.5,14.0966,700.197,14673.6,14.0966,793.729,18452.9,14.0966,899.599,23198.6,14.0966,1019.43,29154.1,14.0966,1155.07,36622.3,14.0966,1308.6,45977.9,14.0966,1482.39,57683.7,14.0966,1679.09,72307.8,14.0966,1901.73,90542.8,14.0966,2153.73,113226,14.0966,2438.97,141360,14.0966,2761.81,176127,14.0966,3127.22,218898,14.0966,3540.81,271226,14.0966,4008.92,334817,14.0966,4538.74,411470,14.0966,5138.38,502973,14.0966,5817.04,610948,14.0966,6585.12,736653,14.0966,7454.39,880741,14.0966,8438.15,1.04302e+06,14.0966,9551.45,1.22224e+06,14.0966,10811.3,1.41602e+06,14.0966,12237,1.62086e+06,14.0966,11.7194,11.96,12.6541,2.21263,4.16949,0.989383,2.67766,5.84076,0.311842,3.14343,7.55825,0.0972771,3.63127,9.58578,0.0303237,4.15787,12.0912,0.00945211,4.73731,15.2286,0.00294633,5.38238,19.1721,0.000918508,6.10553,24.134,0.000286163,6.91951,30.3791,8.92692e-05,7.83792,38.2397,2.78121e-05,8.87555,48.1338,8.65134e-06,10.0489,60.5876,2.7882e-06,11.3761,76.2629,8.29036e-07,12.8779,95.9927,2.4373e-07,14.5775,120.825,4.33068e-09,16.5012,152.08,1.75749e-07,18.6784,191.415,-1.86328e-07,21.1428,240.917,1.91829e-07,23.9322,303.213,-1.81475e-07,27.0895,381.602,7.0186e-08,30.6634,480.231,-2.86769e-08,34.7087,604.316,2.40784e-07,39.2876,760.401,9.87368e-08,44.4705,956.705,1.22263e-07,50.3371,1203.54,-4.31966e-07,56.9776,1513.81,-1.9705e-07,64.494,1903.69,-2.763e-08,73.0018,2393.4,3.9185e-07,82.6317,3008.13,1.35379e-07,93.5318,3779.25,-4.16351e-08,105.869,4745.7,2.06965e-08,119.834,5955.6,-3.18887e-07,135.641,7468.12,-1.48271e-08,153.531,9355.62,2.00739e-07,173.781,11705.8,2.28358e-07,196.701,14624.1,-1.93587e-08,222.642,18235,-2.88101e-07,252.003,22683.4,-2.24732e-07,285.234,28134,8.56806e-09,322.845,34767,2.34258e-07,365.413,42770.9,2.99668e-07,413.588,52327.9,8.28644e-08,468.111,63591.2,-3.07049e-07,529.814,76653.2,-3.1888e-07,599.642,91502.5,-6.72276e-08,678.662,107975,2.26339e-07,768.083,125705,3.69212e-07,869.267,144088,2.04077e-07,983.76,162277,-2.80509e-07,1113.3,179223,-4.22737e-07,1259.87,193777,-1.71951e-07,1425.68,204839,4.55555e-07,11.7194,11.96,12.6541,2.21263,4.16949,0.989383,2.67766,5.84076,0.311842,3.14343,7.55825,0.0972771,3.63127,9.58578,0.0303237,4.15787,12.0912,0.00945211,4.73731,15.2286,0.00294633,5.38238,19.1721,0.000918508,6.10553,24.134,0.000286163,6.91951,30.3791,8.92692e-05,7.83792,38.2397,2.78121e-05,8.87555,48.1338,8.65134e-06,10.0489,60.5876,2.7882e-06,11.3761,76.2629,8.29036e-07,12.8779,95.9927,2.4373e-07,14.5775,120.825,1e-08,16.5012,152.08,1.75749e-07,18.6784,191.415,1e-08,21.1428,240.917,1.91829e-07,23.9322,303.213,1e-08,27.0895,381.602,7.0186e-08,30.6634,480.231,1e-08,34.7087,604.316,2.40784e-07,39.2876,760.401,9.87368e-08,44.4705,956.705,1.22263e-07,50.3371,1203.54,1e-08,56.9776,1513.81,1e-08,64.494,1903.69,1e-08,73.0018,2393.4,3.9185e-07,82.6317,3008.13,1.35379e-07,93.5318,3779.25,1e-08,105.869,4745.7,2.06965e-08,119.834,5955.6,1e-08,135.641,7468.12,1e-08,153.531,9355.62,2.00739e-07,173.781,11705.8,2.28358e-07,196.701,14624.1,1e-08,222.642,18235,1e-08,252.003,22683.4,1e-08,285.234,28134,1e-08,322.845,34767,2.34258e-07,365.413,42770.9,2.99668e-07,413.588,52327.9,8.28644e-08,468.111,63591.2,1e-08,529.814,76653.2,1e-08,599.642,91502.5,1e-08,678.662,107975,2.26339e-07,768.083,125705,3.69212e-07,869.267,144088,2.04077e-07,983.76,162277,1e-08,1113.3,179223,1e-08,1259.87,193777,1e-08,1425.68,204839,4.55555e-07,6.2823,3.27286,2.43537,0.219672,6.18826,2.24117,0.56371,6.87772,2.63624,0.308279,16,22,17,1,6,0,3,8,1,5,4,1,2,16,0,4,12,0,4,13,0,2,31,0,19,27,0,7,31,0,11,68,0,9,60,0,3,33,0,13,50,0,18,113,0,10,107,0,16,157,0,8,315,0,14,246,0,27,577,0,41,203,0,46,535,0,38,767,0,43,593,0,36,1092,0,106,1735,0,33,2420,0,64,2125,0,14,3061,0,66,3016,0,85,2737,0,159,3106,0,134,9195,0,132,7759,0,202,12062,0,82,11505,0,98,16587,0,143,15943,0,318,7245,0,281,38970,0,454,39290,0,550,87926,0,386,39828,0,562,90152,0,324,28704,0,645,44964,0,758,114415,0,990,162487,0,800,127383,0,2011,201788,0,1204,115992,0,1550,220393,0,1174,220652,0
-1.05176e+08,8.09535e-47,8.88811e-15,10,1023,0,1.05176e+08,0.528882,1.08665,0.389689,0.145397,0.379329,3.24381,0.161596,0.446195,1.77396,0.159177,1.15e+07,4.49998e+06,6.79999e+06,1.15e+07,4.49997e+06,6.79999e+06,1.15e+07,4.49996e+06,6.79999e+06,1.15e+07,4.49995e+06,6.79999e+06,1.14999e+07,4.49993e+06,6.79999e+06,1.14999e+07,4.49991e+06,6.79999e+06,1.14999e+07,4.49989e+06,6.79999e+06,1.14999e+07,4.49986e+06,6.79999e+06,1.14999e+07,4.49982e+06,6.79999e+06,1.14999e+07,4.49977e+06,6.79999e+06,1.14999e+07,4.49971e+06,6.79999e+06,1.14999e+07,4.49963e+06,6.79999e+06,1.14998e+07,4.49953e+06,6.79999e+06,1.14998e+07,4.49941e+06,6.79999e+06,1.14998e+07,4.49926e+06,6.79999e+06,1.14998e+07,4.49906e+06,6.79999e+06,1.14997e+07,4.49882e+06,6.79999e+06,1.14997e+07,4.49851e+06,6.79999e+06,1.14997e+07,4.49812e+06,6.79999e+06,1.14996e+07,4.49764e+06,6.79999e+06,1.14996e+07,4.49702e+06,6.79999e+06,1.14995e+07,4.49625e+06,6.79999e+06,1.14995e+07,4.49528e+06,6.79999e+06,1.14994e+07,4.49406e+06,6.79999e+06,1.14993e+07,4.49253e+06,6.79999e+06,1.14992e+07,4.49059e+06,6.79999e+06,1.14991e+07,4.48817e+06,6.79999e+06,1.1499e+07,4.48511e+06,6.79999e+06,1.14988e+07,4.48128e+06,6.79999e+06,1.14987e+07,4.47646e+06,6.79999e+06,1.14985e+07,4.47041e+06,6.79999e+06,1.14983e+07,4.46281e+06,6.79999e+06,1.14981e+07,4.4533e+06,6.79999e+06,1.14979e+07,4.44138e+06,6.79999e+06,1.14976e+07,4.42649e+06,6.79999e+06,1.14972e+07,4.40789e+06,6.79999e+06,1.14969e+07,4.38471e+06,6.79999e+06,1.14965e+07,4.35592e+06,6.79999e+06,1.1496e+07,4.32027e+06,6.79999e+06,1.14955e+07,4.27629e+06,6.79999e+06,1.14949e+07,4.22231e+06,6.79999e+06,1.14942e+07,4.15647e+06,6.79999e+06,1.14934e+07,4.07676e+06,6.79999e+06,1.14926e+07,3.98112e+06,6.79999e+06,1.14916e+07,3.86765e+06,6.79999e+06,1.14905e+07,3.73474e+06,6.79999e+06,1.14892e+07,3.58148e+06,6.79999e+06,1.14878e+07,3.40785e+06,6.79999e+06,1.14862e+07,3.21513e+06,6.79999e+06,1.14844e+07,3.00605e+06,6.79999e+06,1.14823e+07,2.7848e+06,6.79999e+06,1.148e+07,2.5568e+06,6.79999e+06,1.14773e+07,2.32825e+06,6.79999e+06,13.5742,8.52444,0.508366,16.8306,13.2585,0.162638,20.0035,17.569,0.0507846,23.2616,22.4214,0.0158319,26.7328,28.3297,0.00493498,30.5212,35.6974,0.00153831,34.7178,44.9473,0.000479527,39.4086,56.5822,0.000149456,44.6796,71.2245,4.66214e-05,50.6209,89.6543,1.45419e-05,57.3297,112.852,4.54748e-06,64.9129,142.051,1.43857e-06,73.4897,178.803,4.36618e-07,83.1934,225.062,1.40153e-07,94.1745,283.286,4.96378e-08,106.602,356.568,1.05434e-07,120.669,448.799,-6.49244e-08,136.59,564.873,1.70148e-07,154.611,710.948,-5.34594e-08,175.008,894.767,1.63407e-07,198.097,1126.06,8.04804e-08,224.231,1417.07,1.14667e-07,253.813,1783.15,-1.71227e-07,287.297,2243.62,-2.88466e-07,325.198,2822.67,-4.33651e-07,368.098,3550.67,7.9318e-08,416.657,4465.65,3.13319e-07,471.621,5615.16,3.4613e-07,533.835,7058.61,-1.19199e-07,604.255,8870.02,-2.79964e-07,683.962,11141.4,-2.30521e-07,774.182,13986.7,-2.55099e-07,876.299,17546.4,1.23585e-07,991.883,21993.1,1.41192e-07,1122.71,27536.7,-9.71886e-08,1270.78,34430.7,-3.68368e-07,1438.38,42977.7,-3.45379e-07,1628.07,53532.7,-3.25328e-09,1842.77,66504.6,2.6362e-07,2085.77,82350.2,2.53445e-07,2360.79,101560,-2.47407e-08,2672.05,124632,-3.80602e-07,3024.31,152018,-4.79005e-07,3422.98,184060,-1.14379e-07,3874.15,220884,2.64297e-07,4384.72,262283,3.44131e-07,4962.49,307576,7.5349e-08,5616.29,355497,-3.63097e-07,6356.1,404126,-6.05442e-07,7193.18,450932,-2.72333e-07,8140.28,492963,2.29675e-07,9211.79,527178,4.3387e-07,10424,550893,-1.0711e-07,10.102,8.06553,2.81012,10.6436,8.57909,0.869423,11.5336,10.2515,0.270869,12.7211,12.7138,0.0844293,14.1823,15.9373,0.0263173,15.9122,20.0383,0.0082035,17.9198,25.2154,0.00255722,20.2244,31.7373,0.000797017,22.8539,39.9486,0.000248622,25.8438,50.2851,7.75492e-05,29.237,63.2963,2.42508e-05,33.0837,79.6738,7.67162e-06,37.4415,100.288,2.32837e-06,42.3767,126.236,7.33e-07,47.9646,158.896,2.79256e-07,54.2906,200.003,9.87351e-09,61.452,251.741,1.61085e-07,69.5585,316.859,-2.47141e-07,78.7347,398.812,8.93552e-08,89.1218,501.948,-2.53231e-07,100.879,631.736,-1.25047e-07,114.188,795.049,-1.78808e-07,129.252,1000.53,2.6733e-07,146.304,1259.03,4.50292e-07,165.605,1584.19,6.76904e-07,187.452,1993.12,-1.23808e-07,212.181,2507.27,-4.89068e-07,240.173,3153.54,-5.40284e-07,271.856,3965.56,1.86061e-07,307.719,4985.38,4.37004e-07,348.313,6265.4,3.59828e-07,394.26,7870.83,3.98192e-07,446.268,9882.51,-1.92908e-07,505.135,12400.3,-2.20392e-07,571.766,15546.9,1.51705e-07,647.184,19472.2,5.74996e-07,732.547,24357.4,5.39112e-07,829.167,30420,5.07815e-09,938.526,37916.3,-4.11492e-07,1062.3,47143.9,-3.9561e-07,1202.4,58439.2,3.86185e-08,1360.96,72169.3,5.94093e-07,1540.42,88715.8,7.47693e-07,1743.53,108445,1.78537e-07,1973.41,131665,-4.12549e-07,2233.57,158557,-5.37164e-07,2528,189103,-1.17615e-07,2861.2,222986,5.66769e-07,3238.27,259510,9.45053e-07,3664.97,297540,4.25093e-07,4147.81,335497,-3.58506e-07,4694.17,371444,-6.7724e-07,5312.37,403256,1.67192e-07,1.61744,3.89446,9.84394,3.28846,7.5504,12.774,5.07607,11.7187,13.6844,7.03202,16.8147,13.9681,9.20215,23.1769,14.0566,11.6301,31.1672,14.0841,14.3598,41.2186,14.0927,17.4376,53.8688,14.0954,20.9137,69.7915,14.0962,24.8432,89.8341,14.0965,29.2879,115.063,14.0966,34.3168,146.819,14.0966,40.0078,186.792,14.0966,46.4487,237.107,14.0966,53.7388,300.44,14.0966,61.9903,380.158,14.0966,71.3301,480.499,14.0966,81.902,606.796,14.0966,93.8685,765.761,14.0966,107.414,965.837,14.0966,122.746,1217.65,14.0966,140.101,1534.57,14.0966,159.745,1933.41,14.0966,181.981,2435.3,14.0966,207.15,3066.85,14.0966,235.64,3861.46,14.0966,267.889,4861.11,14.0966,304.391,6118.54,14.0966,345.709,7699.91,14.0966,392.478,9688.22,14.0966,445.417,12187.5,14.0966,505.339,15327.7,14.0966,573.165,19271.6,14.0966,649.938,24222,14.0966,736.839,30430.9,14.0966,835.202,38211.5,14.0966,946.539,47950.3,14.0966,1072.56,60122.8,14.0966,1215.21,75309.9,14.0966,1376.66,94216.2,14.0966,1559.41,117688,14.0966,1766.26,146729,14.0966,2000.39,182510,14.0966,2265.39,226372,14.0966,2565.33,279806,14.0966,2904.81,344416,14.0966,3289.05,421845,14.0966,3723.93,513667,14.0966,4216.13,621231,14.0966,4773.18,745478,14.0966,5403.64,886744,14.0966,6117.15,1.04457e+06,14.0966,6924.63,1.2176e+06,14.0966,11.7194,11.96,12.6541,13.9321,16.1295,13.6434,16.6097,21.9702,13.9553,19.7532,29.5285,14.0526,23.3844,39.1143,14.0829,27.5423,51.2054,14.0923,32.2796,66.434,14.0953,37.662,85.6061,14.0962,43.7675,109.74,14.0965,50.687,140.119,14.0966,58.5249,178.359,14.0966,67.4005,226.493,14.0966,77.4493,287.08,14.0966,88.8254,363.343,14.0966,101.703,459.336,14.0966,116.281,580.161,14.0966,132.782,732.241,14.0966,151.46,923.655,14.0966,172.603,1164.57,14.0966,196.535,1467.79,14.0966,223.625,1849.39,14.0966,254.288,2329.62,14.0966,288.997,2933.93,14.0966,328.285,3694.33,14.0966,372.755,4651.04,14.0966,423.092,5854.57,14.0966,480.07,7368.38,14.0966,544.564,9272.08,14.0966,617.566,11665.5,14.0966,700.197,14673.6,14.0966,793.729,18452.9,14.0966,899.599,23198.6,14.0966,1019.43,29154.1,14.0966,1155.07,36622.3,14.0966,1308.6,45977.9,14.0966,1482.39,57683.7,14.0966,1679.09,72307.8,14.0966,1901.73,90542.8,14.0966,2153.73,113226,14.0966,2438.97,141360,14.0966,2761.81,176127,14.0966,3127.22,218898,14.0966,3540.81,271226,14.0966,4008.92,334817,14.0966,4538.74,411470,14.0966,5138.38,502973,14.0966,5817.04,610948,14.0966,6585.12,736653,14.0966,7454.39,880741,14.0966,8438.15,1.04302e+06,14.0966,9551.45,1.22224e+06,14.0966,10811.3,1.41602e+06,14.0966,12237,1.62086e+06,14.0966,11.7194,11.96,12.6541,2.21263,4.16949,0.989383,2.67766,5.84076,0.311842,3.14343,7.55825,0.0972771,3.63127,9.58578,0.0303237,4.15787,12.0912,0.00945211,4.73731,15.2286,0.00294633,5.38238,19.1721,0.000918508,6.10553,24.134,0.000286163,6.91951,30.3791,8.92692e-05,7.83792,38.2397,2.78121e-05,8.87555,48.1338,8.65134e-06,10.0489,60.5876,2.7882e-06,11.3761,76.2629,8.29036e-07,12.8779,95.9927,2.4373e-07,14.5775,120.825,4.33068e-09,16.5012,152.08,1.75749e-07,18.6784,191.415,-1.86328e-07,21.1428,240.917,1.91829e-07,23.9322,303.213,-1.81475e-07,27.0895,381.602,7.0186e-08,30.6634,480.231,-2.86769e-08,34.7087,604.316,2.40784e-07,39.2876,760.401,9.87368e-08,44.4705,956.705,1.22263e-07,50.3371,1203.54,-4.31966e-07,56.9776,1513.81,-1.9705e-07,64.494,1903.69,-2.763e-08,73.0018,2393.4,3.9185e-07,82.6317,3008.13,1.35379e-07,93.5318,3779.25,-4.16351e-08,105.869,4745.7,2.06965e-08,119.834,5955.6,-3.18887e-07,135.641,7468.12,-1.48271e-08,153.531,9355.62,2.00739e-07,173.781,11705.8,2.28358e-07,196.701,14624.1,-1.93587e-08,222.642,18235,-2.88101e-07,252.003,22683.4,-2.24732e-07,285.234,28134,8.56806e-09,322.845,34767,2.34258e-07,365.413,42770.9,2.99668e-07,413.588,52327.9,8.28644e-08,468.111,63591.2,-3.07049e-07,529.814,76653.2,-3.1888e-07,599.642,91502.5,-6.72276e-08,678.662,107975,2.26339e-07,768.083,125705,3.69212e-07,869.267,144088,2.04077e-07,983.76,162277,-2.80509e-07,1113.3,179223,-4.22737e-07,1259.87,193777,-1.71951e-07,1425.68,204839,4.55555e-07,11.7194,11.96,12.6541,2.21263,4.16949,0.989383,2.67766,5.84076,0.311842,3.14343,7.55825,0.0972771,3.63127,9.58578,0.0303237,4.15787,12.0912,0.00945211,4.73731,15.2286,0.00294633,5.38238,19.1721,0.000918508,6.10553,24.134,0.000286163,6.91951,30.3791,8.92692e-05,7.83792,38.2397,2.78121e-05,8.87555,48.1338,8.65134e-06,10.0489,60.5876,2.7882e-06,11.3761,76.2629,8.29036e-07,12.8779,95.9927,2.4373e-07,14.5775,120.825,1e-08,16.5012,152.08,1.75749e-07,18.6784,191.415,1e-08,21.1428,240.917,1.91829e-07,23.9322,303.213,1e-08,27.0895,381.602,7.0186e-08,30.6634,480.231,1e-08,34.7087,604.316,2.40784e-07,39.2876,760.401,9.87368e-08,44.4705,956.705,1.22263e-07,50.3371,1203.54,1e-08,56.9776,1513.81,1e-08,64.494,1903.69,1e-08,73.0018,2393.4,3.9185e-07,82.6317,3008.13,1.35379e-07,93.5318,3779.25,1e-08,105.869,4745.7,2.06965e-08,119.834,5955.6,1e-08,135.641,7468.12,1e-08,153.531,9355.62,2.00739e-07,173.781,11705.8,2.28358e-07,196.701,14624.1,1e-08,222.642,18235,1e-08,252.003,22683.4,1e-08,285.234,28134,1e-08,322.845,34767,2.34258e-07,365.413,42770.9,2.99668e-07,413.588,52327.9,8.28644e-08,468.111,63591.2,1e-08,529.814,76653.2,1e-08,599.642,91502.5,1e-08,678.662,107975,2.26339e-07,768.083,125705,3.69212e-07,869.267,144088,2.04077e-07,983.76,162277,1e-08,1113.3,179223,1e-08,1259.87,193777,1e-08,1425.68,204839,4.55555e-07,6.2823,3.27286,2.43537,0.219672,6.18826,2.24117,0.56371,6.87772,2.63624,0.308279,4,16,8,6,0,0,0,7,0,4,8,0,2,8,0,6,21,0,9,17,0,8,18,0,1,23,0,6,21,0,15,60,0,4,32,0,14,44,0,5,90,0,15,23,0,20,124,0,18,231,0,17,146,0,23,53,0,29,306,0,13,441,0,29,345,0,46,939,0,43,1308,0,50,1555,0,44,1474,0,85,1092,0,42,2451,0,101,2974,0,63,2747,0,116,4966,0,150,2601,0,214,5547,0,186,4053,0,68,14904,0,196,17369,0,240,9078,0,231,19165,0,337,16752,0,523,20507,0,95,23631,0,526,30126,0,479,41099,0,395,23787,0,1035,65417,0,730,81731,0,700,154690,0,878,107555,0,885,61514,0,1914,130718,0,697,94781,0,2207,115125,0,1602,109149,0
-1.05176e+08,1,8.88811e-15,10,1023,0,1.05176e+08,0.528882,1.08665,0.389689,0.145397,0.379329,3.24381,0.161596,0.446195,1.77396,0.159177,1.15e+07,4.49998e+06,6.79999e+06,1.15e+07,4.49997e+06,6.79999e+06,1.15e+07,4.49996e+06,6.79999e+06,1.15e+07,4.49995e+06,6.79999e+06,1.14999e+07,4.49993e+06,6.79999e+06,1.14999e+07,4.49991e+06,6.79999e+06,1.14999e+07,4.49989e+06,6.79999e+06,1.14999e+07,4.49986e+06,6.79999e+06,1.14999e+07,4.49982e+06,6.79999e+06,1.14999e+07,4.49977e+06,6.79999e+06,1.14999e+07,4.49971e+06,6.79999e+06,1.14999e+07,4.49963e+06,6.79999e+06,1.14998e+07,4.49953e+06,6.79999e+06,1.14998e+07,4.49941e+06,6.79999e+06,1.14998e+07,4.49926e+06,6.79999e+06,1.14998e+07,4.49906e+06,6.79999e+06,1.14997e+07,4.49882e+06,6.79999e+06,1.14997e+07,4.49851e+06,6.79999e+06,1.14997e+07,4.49812e+06,6.79999e+06,1.14996e+07,4.49764e+06,6.79999e+06,1.14996e+07,4.49702e+06,6.79999e+06,1.14995e+07,4.49625e+06,6.79999e+06,1.14995e+07,4.49528e+06,6.79999e+06,1.14994e+07,4.49406e+06,6.79999e+06,1.14993e+07,4.49253e+06,6.79999e+06,1.14992e+07,4.49059e+06,6.79999e+06,1.14991e+07,4.48817e+06,6.79999e+06,1.1499e+07,4.48511e+06,6.79999e+06,1.14988e+07,4.48128e+06,6.79999e+06,1.14987e+07,4.47646e+06,6.79999e+06,1.14985e+07,4.47041e+06,6.79999e+06,1.14983e+07,4.46281e+06,6.79999e+06,1.14981e+07,4.4533e+06,6.79999e+06,1.14979e+07,4.44138e+06,6.79999e+06,1.14976e+07,4.42649e+06,6.79999e+06,1.14972e+07,4.40789e+06,6.79999e+06,1.14969e+07,4.38471e+06,6.79999e+06,1.14965e+07,4.35592e+06,6.79999e+06,1.1496e+07,4.32027e+06,6.79999e+06,1.14955e+07,4.27629e+06,6.79999e+06,1.14949e+07,4.22231e+06,6.79999e+06,1.14942e+07,4.15647e+06,6.79999e+06,1.14934e+07,4.07676e+06,6.79999e+06,1.14926e+07,3.98112e+06,6.79999e+06,1.14916e+07,3.86765e+06,6.79999e+06,1.14905e+07,3.73474e+06,6.79999e+06,1.14892e+07,3.58148e+06,6.79999e+06,1.14878e+07,3.40785e+06,6.79999e+06,1.14862e+07,3.21513e+06,6.79999e+06,1.14844e+07,3.00605e+06,6.79999e+06,1.14823e+07,2.7848e+06,6.79999e+06,1.148e+07,2.5568e+06,6.79999e+06,1.14773e+07,2.32825e+06,6.79999e+06,13.5742,8.52444,0.508366,16.8306,13.2585,0.162638,20.0035,17.569,0.0507846,23.2616,22.4214,0.0158319,26.7328,28.3297,0.00493498,30.5212,35.6974,0.00153831,34.7178,44.9473,0.000479527,39.4086,56.5822,0.000149456,44.6796,71.2245,4.66214e-05,50.6209,89.6543,1.45419e-05,57.3297,112.852,4.54748e-06,64.9129,142.051,1.43857e-06,73.4897,178.803,4.36618e-07,83.1934,225.062,1.40153e-07,94.1745,283.286,4.96378e-08,106.602,356.568,1.05434e-07,120.669,448.799,-6.49244e-08,136.59,564.873,1.70148e-07,154.611,710.948,-5.34594e-08,175.008,894.767,1.63407e-07,198.097,1126.06,8.04804e-08,224.231,1417.07,1.14667e-07,253.813,1783.15,-1.71227e-07,287.297,2243.62,-2.88466e-07,325.198,2822.67,-4.33651e-07,368.098,3550.67,7.9318e-08,416.657,4465.65,3.13319e-07,471.621,5615.16,3.4613e-07,533.835,7058.61,-1.19199e-07,604.255,8870.02,-2.79964e-07,683.962,11141.4,-2.30521e-07,774.182,13986.7,-2.55099e-07,876.299,17546.4,1.23585e-07,991.883,21993.1,1.41192e-07,1122.71,27536.7,-9.71886e-08,1270.78,34430.7,-3.68368e-07,1438.38,42977.7,-3.45379e-07,1628.07,53532.7,-3.25328e-09,1842.77,66504.6,2.6362e-07,2085.77,82350.2,2.53445e-07,2360.79,101560,-2.47407e-08,2672.05,124632,-3.80602e-07,3024.31,152018,-4.79005e-07,3422.98,184060,-1.14379e-07,3874.15,220884,2.64297e-07,4384.72,262283,3.44131e-07,4962.49,307576,7.5349e-08,5616.29,355497,-3.63097e-07,6356.1,404126,-6.05442e-07,7193.18,450932,-2.72333e-07,8140.28,492963,2.29675e-07,9211.79,527178,4.3387e-07,10424,550893,-1.0711e-07,10.102,8.06553,2.81012,10.6436,8.57909,0.869423,11.5336,10.2515,0.270869,12.7211,12.7138,0.0844293,14.1823,15.9373,0.0263173,15.9122,20.0383,0.0082035,17.9198,25.2154,0.00255722,20.2244,31.7373,0.000797017,22.8539,39.9486,0.000248622,25.8438,50.2851,7.75492e-05,29.237,63.2963,2.42508e-05,33.0837,79.6738,7.67162e-06,37.4415,100.288,2.32837e-06,42.3767,126.236,7.33e-07,47.9646,158.896,2.79256e-07,54.2906,200.003,9.87351e-09,61.452,251.741,1.61085e-07,69.5585,316.859,-2.47141e-07,78.7347,398.812,8.93552e-08,89.1218,501.948,-2.53231e-07,100.879,631.736,-1.25047e-07,114.188,795.049,-1.78808e-07,129.252,1000.53,2.6733e-07,146.304,1259.03,4.50292e-07,165.605,1584.19,6.76904e-07,187.452,1993.12,-1.23808e-07,212.181,2507.27,-4.89068e-07,240.173,3153.54,-5.40284e-07,271.856,3965.56,1.86061e-07,307.719,4985.38,4.37004e-07,348.313,6265.4,3.59828e-07,394.26,7870.83,3.98192e-07,446.268,9882.51,-1.92908e-07,505.135,12400.3,-2.20392e-07,571.766,15546.9,1.51705e-07,647.184,19472.2,5.74996e-07,732.547,24357.4,5.39112e-07,829.167,30420,5.07815e-09,938.526,37916.3,-4.11492e-07,1062.3,47143.9,-3.9561e-07,1202.4,58439.2,3.86185e-08,1360.96,72169.3,5.94093e-07,1540.42,88715.8,7.47693e-07,1743.53,108445,1.78537e-07,1973.41,131665,-4.12549e-07,2233.57,158557,-5.37164e-07,2528,189103,-1.17615e-07,2861.2,222986,5.66769e-07,3238.27,259510,9.45053e-07,3664.97,297540,4.25093e-07,4147.81,335497,-3.58506e-07,4694.17,371444,-6.7724e-07,5312.37,403256,1.67192e-07,1.61744,3.89446,9.84394,3.28846,7.5504,12.774,5.07607,11.7187,13.6844,7.03202,16.8147,13.9681,9.20215,23.1769,14.0566,11.6301,31.1672,14.0841,14.3598,41.2186,14.0927,17.4376,53.8688,14.0954,20.9137,69.7915,14.0962,24.8432,89.8341,14.0965,29.2879,115.063,14.0966,34.3168,146.819,14.0966,40.0078,186.792,14.0966,46.4487,237.107,14.0966,53.7388,300.44,14.0966,61.9903,380.158,14.0966,71.3301,480.499,14.0966,81.902,606.796,14.0966,93.8685,765.761,14.0966,107.414,965.837,14.0966,122.746,1217.65,14.0966,140.101,1534.57,14.0966,159.745,1933.41,14.0966,181.981,2435.3,14.0966,207.15,3066.85,14.0966,235.64,3861.46,14.0966,267.889,4861.11,14.0966,304.391,6118.54,14.0966,345.709,7699.91,14.0966,392.478,9688.22,14.0966,445.417,12187.5,14.0966,505.339,15327.7,14.0966,573.165,19271.6,14.0966,649.938,24222,14.0966,736.839,30430.9,14.0966,835.202,38211.5,14.0966,946.539,47950.3,14.0966,1072.56,60122.8,14.0966,1215.21,75309.9,14.0966,1376.66,94216.2,14.0966,1559.41,117688,14.0966,1766.26,146729,14.0966,2000.39,182510,14.0966,2265.39,226372,14.0966,2565.33,279806,14.0966,2904.81,344416,14.0966,3289.05,421845,14.0966,3723.93,513667,14.0966,4216.13,621231,14.0966,4773.18,745478,14.0966,5403.64,886744,14.0966,6117.15,1.04457e+06,14.0966,6924.63,1.2176e+06,14.0966,11.7194,11.96,12.6541,13.9321,16.1295,13.6434,16.6097,21.9702,13.9553,19.7532,29.5285,14.0526,23.3844,39.1143,14.0829,27.5423,51.2054,14.0923,32.2796,66.434,14.0953,37.662,85.6061,14.0962,43.7675,109.74,14.0965,50.687,140.119,14.0966,58.5249,178.359,14.0966,67.4005,226.493,14.0966,77.4493,287.08,14.0966,88.8254,363.343,14.0966,101.703,459.336,14.0966,116.281,580.161,14.0966,132.782,732.241,14.0966,151.46,923.655,14.0966,172.603,1164.57,14.0966,196.535,1467.79,14.0966,223.625,1849.39,14.0966,254.288,2329.62,14.0966,288.997,2933.93,14.0966,328.285,3694.33,14.0966,372.755,4651.04,14.0966,423.092,5854.57,14.0966,480.07,7368.38,14.0966,544.564,9272.08,14.0966,617.566,11665.5,14.0966,700.197,14673.6,14.0966,793.729,18452.9,14.0966,899.599,23198.6,14.0966,1019.43,29154.1,14.0966,1155.07,36622.3,14.0966,1308.6,45977.9,14.0966,1482.39,57683.7,14.0966,1679.09,72307.8,14.0966,1901.73,90542.8,14.0966,2153.73,113226,14.0966,2438.97,141360,14.0966,2761.81,176127,14.0966,3127.22,218898,14.0966,3540.81,271226,14.0966,4008.92,334817,14.0966,4538.74,411470,14.0966,5138.38,502973,14.0966,5817.04,610948,14.0966,6585.12,736653,14.0966,7454.39,880741,14.0966,8438.15,1.04302e+06,14.0966,9551.45,1.22224e+06,14.0966,10811.3,1.41602e+06,14.0966,12237,1.62086e+06,14.0966,11.7194,11.96,12.6541,2.21263,4.16949,0.989383,2.67766,5.84076,0.311842,3.14343,7.55825,0.0972771,3.63127,9.58578,0.0303237,4.15787,12.0912,0.00945211,4.73731,15.2286,0.00294633,5.38238,19.1721,0.000918508,6.10553,24.134,0.000286163,6.91951,30.3791,8.92692e-05,7.83792,38.2397,2.78121e-05,8.87555,48.1338,8.65134e-06,10.0489,60.5876,2.7882e-06,11.3761,76.2629,8.29036e-07,12.8779,95.9927,2.4373e-07,14.5775,120.825,4.33068e-09,16.5012,152.08,1.75749e-07,18.6784,191.415,-1.86328e-07,21.1428,240.917,1.91829e-07,23.9322,303.213,-1.81475e-07,27.0895,381.602,7.0186e-08,30.6634,480.231,-2.86769e-08,34.7087,604.316,2.40784e-07,39.2876,760.401,9.87368e-08,44.4705,956.705,1.22263e-07,50.3371,1203.54,-4.31966e-07,56.9776,1513.81,-1.9705e-07,64.494,1903.69,-2.763e-08,73.0018,2393.4,3.9185e-07,82.6317,3008.13,1.35379e-07,93.5318,3779.25,-4.16351e-08,105.869,4745.7,2.06965e-08,119.834,5955.6,-3.18887e-07,135.641,7468.12,-1.48271e-08,153.531,9355.62,2.00739e-07,173.781,11705.8,2.28358e-07,196.701,14624.1,-1.93587e-08,222.642,18235,-2.88101e-07,252.003,22683.4,-2.24732e-07,285.234,28134,8.56806e-09,322.845,34767,2.34258e-07,365.413,42770.9,2.99668e-07,413.588,52327.9,8.28644e-08,468.111,63591.2,-3.07049e-07,529.814,76653.2,-3.1888e-07,599.642,91502.5,-6.72276e-08,678.662,107975,2.26339e-07,768.083,125705,3.69212e-07,869.267,144088,2.04077e-07,983.76,162277,-2.80509e-07,1113.3,179223,-4.22737e-07,1259.87,193777,-1.71951e-07,1425.68,204839,4.55555e-07,11.7194,11.96,12.6541,2.21263,4.16949,0.989383,2.67766,5.84076,0.311842,3.14343,7.55825,0.0972771,3.63127,9.58578,0.0303237,4.15787,12.0912,0.00945211,4.73731,15.2286,0.00294633,5.38238,19.1721,0.000918508,6.10553,24.134,0.000286163,6.91951,30.3791,8.92692e-05,7.83792,38.2397,2.78121e-05,8.87555,48.1338,8.65134e-06,10.0489,60.5876,2.7882e-06,11.3761,76.2629,8.29036e-07,12.8779,95.9927,2.4373e-07,14.5775,120.825,1e-08,16.5012,152.08,1.75749e-07,18.6784,191.415,1e-08,21.1428,240.917,1.91829e-07,23.9322,303.213,1e-08,27.0895,381.602,7.0186e-08,30.6634,480.231,1e-08,34.7087,604.316,2.40784e-07,39.2876,760.401,9.87368e-08,44.4705,956.705,1.22263e-07,50.3371,1203.54,1e-08,56.9776,1513.81,1e-08,64.494,1903.69,1e-08,73.0018,2393.4,3.9185e-07,82.6317,3008.13,1.35379e-07,93.5318,3779.25,1e-08,105.869,4745.7,2.06965e-08,119.834,5955.6,1e-08,135.641,7468.12,1e-08,153.531,9355.62,2.00739e-07,173.781,11705.8,2.28358e-07,196.701,14624.1,1e-08,222.642,18235,1e-08,252.003,22683.4,1e-08,285.234,28134,1e-08,322.845,34767,2.34258e-07,365.413,42770.9,2.99668e-07,413.588,52327.9,8.28644e-08,468.111,63591.2,1e-08,529.814,76653.2,1e-08,599.642,91502.5,1e-08,678.662,107975,2.26339e-07,768.083,125705,3.69212e-07,869.267,144088,2.04077e-07,983.76,162277,1e-08,1113.3,179223,1e-08,1259.87,193777,1e-08,1425.68,204839,4.55555e-07,6.2823,3.27286,2.43537,0.219672,6.18826,2.24117,0.56371,6.87772,2.63624,0.308279,10,1,4,4,5,5,1,8,1,7,10,0,1,21,0,2,20,0,5,8,0,5,22,0,9,24,0,9,37,0,5,58,0,21,41,0,15,108,0,17,127,0,23,65,0,34,157,0,20,247,0,17,256,0,27,145,0,24,416,0,14,268,0,31,446,0,26,442,0,35,809,0,18,1579,0,30,1056,0,27,1081,0,34,1957,0,71,3667,0,57,3701,0,50,2188,0,104,3851,0,134,4595,0,159,3510,0,130,19013,0,324,11833,0,262,15998,0,256,21242,0,167,21721,0,616,27837,0,409,37646,0,454,33498,0,506,54185,0,465,62257,0,494,48144,0,494,99343,0,1238,103206,0,957,112207,0,1495,74674,0,1121,267526,0,1548,307532,0,1106,191164,0,1575,204231,0
-1.05176e+08,1,8.88811e-15,10,1023,0,1.05176e+08,0.528882,1.08665,0.389689,0.145397,0.379329,3.24381,0.161596,0.446195,1.77396,0.159177,1.15e+07,4.49998e+06,6.79999e+06,1.15e+07,4.49997e+06,6.79999e+06,1.15e+07,4.49996e+06,6.79999e+06,1.15e+07,4.49995e+06,6.79999e+06,1.14999e+07,4.49993e+06,6.79999e+06,1.14999e+07,4.49991e+06,6.79999e+06,1.14999e+07,4.49989e+06,6.79999e+06,1.14999e+07,4.49986e+06,6.79999e+06,1.14999e+07,4.49982e+06,6.79999e+06,1.14999e+07,4.49977e+06,6.79999e+06,1.14999e+07,4.49971e+06,6.79999e+06,1.14999e+07,4.49963e+06,6.79999e+06,1.14998e+07,4.49953e+06,6.79999e+06,1.14998e+07,4.49941e+06,6.79999e+06,1.14998e+07,4.49926e+06,6.79999e+06,1.14998e+07,4.49906e+06,6.79999e+06,1.14997e+07,4.49882e+06,6.79999e+06,1.14997e+07,4.49851e+06,6.79999e+06,1.14997e+07,4.49812e+06,6.79999e+06,1.14996e+07,4.49764e+06,6.79999e+06,1.14996e+07,4.49702e+06,6.79999e+06,1.14995e+07,4.49625e+06,6.79999e+06,1.14995e+07,4.49528e+06,6.79999e+06,1.14994e+07,4.49406e+06,6.79999e+06,1.14993e+07,4.49253e+06,6.79999e+06,1.14992e+07,4.49059e+06,6.79999e+06,1.14991e+07,4.48817e+06,6.79999e+06,1.1499e+07,4.48511e+06,6.79999e+06,1.14988e+07,4.48128e+06,6.79999e+06,1.14987e+07,4.47646e+06,6.79999e+06,1.14985e+07,4.47041e+06,6.79999e+06,1.14983e+07,4.46281e+06,6.79999e+06,1.14981e+07,4.4533e+06,6.79999e+06,1.14979e+07,4.44138e+06,6.79999e+06,1.14976e+07,4.42649e+06,6.79999e+06,1.14972e+07,4.40789e+06,6.79999e+06,1.14969e+07,4.38471e+06,6.79999e+06,1.14965e+07,4.35592e+06,6.79999e+06,1.1496e+07,4.32027e+06,6.79999e+06,1.14955e+07,4.27629e+06,6.79999e+06,1.14949e+07,4.22231e+06,6.79999e+06,1.14942e+07,4.15647e+06,6.79999e+06,1.14934e+07,4.07676e+06,6.79999e+06,1.14926e+07,3.98112e+06,6.79999e+06,1.14916e+07,3.86765e+06,6.79999e+06,1.14905e+07,3.73474e+06,6.79999e+06,1.14892e+07,3.58148e+06,6.79999e+06,1.14878e+07,3.40785e+06,6.79999e+06,1.14862e+07,3.21513e+06,6.79999e+06,1.14844e+07,3.00605e+06,6.79999e+06,1.14823e+07,2.7848e+06,6.79999e+06,1.148e+07,2.5568e+06,6.79999e+06,1.14773e+07,2.32825e+06,6.79999e+06,13.5742,8.52444,0.508366,16.8306,13.2585,0.162638,20.0035,17.569,0.0507846,23.2616,22.4214,0.0158319,26.7328,28.3297,0.00493498,30.5212,35.6974,0.00153831,34.7178,44.9473,0.000479527,39.4086,56.5822,0.000149456,44.6796,71.2245,4.66214e-05,50.6209,89.6543,1.45419e-05,57.3297,112.852,4.54748e-06,64.9129,142.051,1.43857e-06,73.4897,178.803,4.36618e-07,83.1934,225.062,1.40153e-07,94.1745,283.286,4.96378e-08,106.602,356.568,1.05434e-07,120.669,448.799,-6.49244e-08,136.59,564.873,1.70148e-07,154.611,710.948,-5.34594e-08,175.008,894.767,1.63407e-07,198.097,1126.06,8.04804e-08,224.231,1417.07,1.14667e-07,253.813,1783.15,-1.71227e-07,287.297,2243.62,-2.88466e-07,325.198,2822.67,-4.33651e-07,368.098,3550.67,7.9318e-08,416.657,4465.65,3.13319e-07,471.621,5615.16,3.4613e-07,533.835,7058.61,-1.19199e-07,604.255,8870.02,-2.79964e-07,683.962,11141.4,-2.30521e-07,774.182,13986.7,-2.55099e-07,876.299,17546.4,1.23585e-07,991.883,21993.1,1.41192e-07,1122.71,27536.7,-9.71886e-08,1270.78,34430.7,-3.68368e-07,1438.38,42977.7,-3.45379e-07,1628.07,53532.7,-3.25328e-09,1842.77,66504.6,2.6362e-07,2085.77,82350.2,2.53445e-07,2360.79,101560,-2.47407e-08,2672.05,124632,-3.80602e-07,3024.31,152018,-4.79005e-07,3422.98,184060,-1.14379e-07,3874.15,220884,2.64297e-07,4384.72,262283,3.44131e-07,4962.49,307576,7.5349e-08,5616.29,355497,-3.63097e-07,6356.1,404126,-6.05442e-07,7193.18,450932,-2.72333e-07,8140.28,492963,2.29675e-07,9211.79,527178,4.3387e-07,10424,550893,-1.0711e-07,10.102,8.06553,2.81012,10.6436,8.57909,0.869423,11.5336,10.2515,0.270869,12.7211,12.7138,0.0844293,14.1823,15.9373,0.0263173,15.9122,20.0383,0.0082035,17.9198,25.2154,0.00255722,20.2244,31.7373,0.000797017,22.8539,39.9486,0.000248622,25.8438,50.2851,7.75492e-05,29.237,63.2963,2.42508e-05,33.0837,79.6738,7.67162e-06,37.4415,100.288,2.32837e-06,42.3767,126.236,7.33e-07,47.9646,158.896,2.79256e-07,54.2906,200.003,9.87351e-09,61.452,251.741,1.61085e-07,69.5585,316.859,-2.47141e-07,78.7347,398.812,8.93552e-08,89.1218,501.948,-2.53231e-07,100.879,631.736,-1.25047e-07,114.188,795.049,-1.78808e-07,129.252,1000.53,2.6733e-07,146.304,1259.03,4.50292e-07,165.605,1584.19,6.76904e-07,187.452,1993.12,-1.23808e-07,212.181,2507.27,-4.89068e-07,240.173,3153.54,-5.40284e-07,271.856,3965.56,1.86061e-07,307.719,4985.38,4.37004e-07,348.313,6265.4,3.59828e-07,394.26,7870.83,3.98192e-07,446.268,9882.51,-1.92908e-07,505.135,12400.3,-2.20392e-07,571.766,15546.9,1.51705e-07,647.184,19472.2,5.74996e-07,732.547,24357.4,5.39112e-07,829.167,30420,5.07815e-09,938.526,37916.3,-4.11492e-07,1062.3,47143.9,-3.9561e-07,1202.4,58439.2,3.86185e-08,1360.96,72169.3,5.94093e-07,1540.42,88715.8,7.47693e-07,1743.53,108445,1.78537e-07,1973.41,131665,-4.12549e-07,2233.57,158557,-5.37164e-07,2528,189103,-1.17615e-07,2861.2,222986,5.66769e-07,3238.27,259510,9.45053e-07,3664.97,297540,4.25093e-07,4147.81,335497,-3.58506e-07,4694.17,371444,-6.7724e-07,5312.37,403256,1.67192e-07,1.61744,3.89446,9.84394,3.28846,7.5504,12.774,5.07607,11.7187,13.6844,7.03202,16.8147,13.9681,9.20215,23.1769,14.0566,11.6301,31.1672,14.0841,14.3598,41.2186,14.0927,17.4376,53.8688,14.0954,20.9137,69.7915,14.0962,24.8432,89.8341,14.0965,29.2879,115.063,14.0966,34.3168,146.819,14.0966,40.0078,186.792,14.0966,46.4487,237.107,14.0966,53.7388,300.44,14.0966,61.9903,380.158,14.0966,71.3301,480.499,14.0966,81.902,606.796,14.0966,93.8685,765.761,14.0966,107.414,965.837,14.0966,122.746,1217.65,14.0966,140.101,1534.57,14.0966,159.745,1933.41,14.0966,181.981,2435.3,14.0966,207.15,3066.85,14.0966,235.64,3861.46,14.0966,267.889,4861.11,14.0966,304.391,6118.54,14.0966,345.709,7699.91,14.0966,392.478,9688.22,14.0966,445.417,12187.5,14.0966,505.339,15327.7,14.0966,573.165,19271.6,14.0966,649.938,24222,14.0966,736.839,30430.9,14.0966,835.202,38211.5,14.0966,946.539,47950.3,14.0966,1072.56,60122.8,14.0966,1215.21,75309.9,14.0966,1376.66,94216.2,14.0966,1559.41,117688,14.0966,1766.26,146729,14.0966,2000.39,182510,14.0966,2265.39,226372,14.0966,2565.33,279806,14.0966,2904.81,344416,14.0966,3289.05,421845,14.0966,3723.93,513667,14.0966,4216.13,621231,14.0966,4773.18,745478,14.0966,5403.64,886744,14.0966,6117.15,1.04457e+06,14.0966,6924.63,1.2176e+06,14.0966,11.7194,11.96,12.6541,13.9321,16.1295,13.6434,16.6097,21.9702,13.9553,19.7532,29.5285,14.0526,23.3844,39.1143,14.0829,27.5423,51.2054,14.0923,32.2796,66.434,14.0953,37.662,85.6061,14.0962,43.7675,109.74,14.0965,50.687,140.119,14.0966,58.5249,178.359,14.0966,67.4005,226.493,14.0966,77.4493,287.08,14.0966,88.8254,363.343,14.0966,101.703,459.336,14.0966,116.281,580.161,14.0966,132.782,732.241,14.0966,151.46,923.655,14.0966,172.603,1164.57,14.0966,196.535,1467.79,14.0966,223.625,1849.39,14.0966,254.288,2329.62,14.0966,288.997,2933.93,14.0966,328.285,3694.33,14.0966,372.755,4651.04,14.0966,423.092,5854.57,14.0966,480.07,7368.38,14.0966,544.564,9272.08,14.0966,617.566,11665.5,14.0966,700.197,14673.6,14.0966,793.729,18452.9,14.0966,899.599,23198.6,14.0966,1019.43,29154.1,14.0966,1155.07,36622.3,14.0966,1308.6,45977.9,14.0966,1482.39,57683.7,14.0966,1679.09,72307.8,14.0966,1901.73,90542.8,14.0966,2153.73,113226,14.0966,2438.97,141360,14.0966,2761.81,176127,14.0966,3127.22,218898,14.0966,3540.81,271226,14.0966,4008.92,334817,14.0966,4538.74,411470,14.0966,5138.38,502973,14.0966,5817.04,610948,14.0966,6585.12,736653,14.0966,7454.39,880741,14.0966,8438.15,1.04302e+06,14.0966,9551.45,1.22224e+06,14.0966,10811.3,1.41602e+06,14.0966,12237,1.62086e+06,14.0966,11.7194,11.96,12.6541,2.21263,4.16949,0.989383,2.67766,5.84076,0.311842,3.14343,7.55825,0.0972771,3.63127,9.58578,0.0303237,4.15787,12.0912,0.00945211,4.73731,15.2286,0.00294633,5.38238,19.1721,0.000918508,6.10553,24.134,0.000286163,6.91951,30.3791,8.92692e-05,7.83792,38.2397,2.78121e-05,8.87555,48.1338,8.65134e-06,10.0489,60.5876,2.7882e-06,11.3761,76.2629,8.29036e-07,12.8779,95.9927,2.4373e-07,14.5775,120.825,4.33068e-09,16.5012,152.08,1.75749e-07,18.6784,191.415,-1.86328e-07,21.1428,240.917,1.91829e-07,23.9322,303.213,-1.81475e-07,27.0895,381.602,7.0186e-08,30.6634,480.231,-2.86769e-08,34.7087,604.316,2.40784e-07,39.2876,760.401,9.87368e-08,44.4705,956.705,1.22263e-07,50.3371,1203.54,-4.31966e-07,56.9776,1513.81,-1.9705e-07,64.494,1903.69,-2.763e-08,73.0018,2393.4,3.9185e-07,82.6317,3008.13,1.35379e-07,93.5318,3779.25,-4.16351e-08,105.869,4745.7,2.06965e-08,119.834,5955.6,-3.18887e-07,135.641,7468.12,-1.48271e-08,153.531,9355.62,2.00739e-07,173.781,11705.8,2.28358e-07,196.701,14624.1,-1.93587e-08,222.642,18235,-2.88101e-07,252.003,22683.4,-2.24732e-07,285.234,28134,8.56806e-09,322.845,34767,2.34258e-07,365.413,42770.9,2.99668e-07,413.588,52327.9,8.28644e-08,468.111,63591.2,-3.07049e-07,529.814,76653.2,-3.1888e-07,599.642,91502.5,-6.72276e-08,678.662,107975,2.26339e-07,768.083,125705,3.69212e-07,869.267,144088,2.04077e-07,983.76,162277,-2.80509e-07,1113.3,179223,-4.22737e-07,1259.87,193777,-1.71951e-07,1425.68,204839,4.55555e-07,11.7194,11.96,12.6541,2.21263,4.16949,0.989383,2.67766,5.84076,0.311842,3.14343,7.55825,0.0972771,3.63127,9.58578,0.0303237,4.15787,12.0912,0.00945211,4.73731,15.2286,0.00294633,5.38238,19.1721,0.000918508,6.10553,24.134,0.000286163,6.91951,30.3791,8.92692e-05,7.83792,38.2397,2.78121e-05,8.87555,48.1338,8.65134e-06,10.0489,60.5876,2.7882e-06,11.3761,76.2629,8.29036e-07,12.8779,95.9927,2.4373e-07,14.5775,120.825,1e-08,16.5012,152.08,1.75749e-07,18.6784,191.415,1e-08,21.1428,240.917,1.91829e-07,23.9322,303.213,1e-08,27.0895,381.602,7.0186e-08,30.6634,480.231,1e-08,34.7087,604.316,2.40784e-07,39.2876,760.401,9.87368e-08,44.4705,956.705,1.22263e-07,50.3371,1203.54,1e-08,56.9776,1513.81,1e-08,64.494,1903.69,1e-08,73.0018,2393.4,3.9185e-07,82.6317,3008.13,1.35379e-07,93.5318,3779.25,1e-08,105.869,4745.7,2.06965e-08,119.834,5955.6,1e-08,135.641,7468.12,1e-08,153.531,9355.62,2.00739e-07,173.781,11705.8,2.28358e-07,196.701,14624.1,1e-08,222.642,18235,1e-08,252.003,22683.4,1e-08,285.234,28134,1e-08,322.845,34767,2.34258e-07,365.413,42770.9,2.99668e-07,413.588,52327.9,8.28644e-08,468.111,63591.2,1e-08,529.814,76653.2,1e-08,599.642,91502.5,1e-08,678.662,107975,2.26339e-07,768.083,125705,3.69212e-07,869.267,144088,2.04077e-07,983.76,162277,1e-08,1113.3,179223,1e-08,1259.87,193777,1e-08,1425.68,204839,4.55555e-07,6.2823,3.27286,2.43537,0.219672,6.18826,2.24117,0.56371,6.87772,2.63624,0.308279,3,5,5,2,1,1,0,6,0,2,3,0,0,21,0,4,10,0,7,20,0,9,16,0,10,21,0,6,20,0,15,27,0,8,59,0,9,94,0,24,76,0,3,62,0,15,74,0,24,141,0,24,262,0,11,286,0,44,384,0,46,316,0,22,512,0,58,340,0,45,738,0,47,648,0,75,1323,0,99,1080,0,80,1733,0,130,3303,0,158,2865,0,96,6189,0,52,6684,0,100,4367,0,123,6904,0,157,10825,0,129,11835,0,104,13929,0,282,13334,0,285,18688,0,273,22493,0,458,36740,0,1102,60065,0,187,33444,0,742,70384,0,871,64464,0,835,80933,0,589,56384,0,776,154557,0,904,246419,0,2537,162381,0,1350,321260,0,1765,168876,0,1680,246406,0
-1.05176e+08,1,8.88811e-15,10,1023,0,1.05176e+08,0.528882,1.08665,0.389689,0.145397,0.379329,3.24381,0.161596,0.446195,1.77396,0.159177,1.15e+07,4.49998e+06,6.79999e+06,1.15e+07,4.49997e+06,6.79999e+06,1.15e+07,4.49996e+06,6.79999e+06,1.15e+07,4.49995e+06,6.79999e+06,1.14999e+07,4.49993e+06,6.79999e+06,1.14999e+07,4.49991e+06,6.79999e+06,1.14999e+07,4.49989e+06,6.79999e+06,1.14999e+07,4.49986e+06,6.79999e+06,1.14999e+07,4.49982e+06,6.79999e+06,1.14999e+07,4.49977e+06,6.79999e+06,1.14999e+07,4.49971e+06,6.79999e+06,1.14999e+07,4.49963e+06,6.79999e+06,1.14998e+07,4.49953e+06,6.79999e+06,1.14998e+07,4.49941e+06,6.79999e+06,1.14998e+07,4.49926e+06,6.79999e+06,1.14998e+07,4.49906e+06,6.79999e+06,1.14997e+07,4.49882e+06,6.79999e+06,1.14997e+07,4.49851e+06,6.79999e+06,1.14997e+07,4.49812e+06,6.79999e+06,1.14996e+07,4.49764e+06,6.79999e+06,1.14996e+07,4.49702e+06,6.79999e+06,1.14995e+07,4.49625e+06,6.79999e+06,1.14995e+07,4.49528e+06,6.79999e+06,1.14994e+07,4.49406e+06,6.79999e+06,1.14993e+07,4.49253e+06,6.79999e+06,1.14992e+07,4.49059e+06,6.79999e+06,1.14991e+07,4.48817e+06,6.79999e+06,1.1499e+07,4.48511e+06,6.79999e+06,1.14988e+07,4.48128e+06,6.79999e+06,1.14987e+07,4.47646e+06,6.79999e+06,1.14985e+07,4.47041e+06,6.79999e+06,1.14983e+07,4.46281e+06,6.79999e+06,1.14981e+07,4.4533e+06,6.79999e+06,1.14979e+07,4.44138e+06,6.79999e+06,1.14976e+07,4.42649e+06,6.79999e+06,1.14972e+07,4.40789e+06,6.79999e+06,1.14969e+07,4.38471e+06,6.79999e+06,1.14965e+07,4.35592e+06,6.79999e+06,1.1496e+07,4.32027e+06,6.79999e+06,1.14955e+07,4.27629e+06,6.79999e+06,1.14949e+07,4.22231e+06,6.79999e+06,1.14942e+07,4.15647e+06,6.79999e+06,1.14934e+07,4.07676e+06,6.79999e+06,1.14926e+07,3.98112e+06,6.79999e+06,1.14916e+07,3.86765e+06,6.79999e+06,1.14905e+07,3.73474e+06,6.79999e+06,1.14892e+07,3.58148e+06,6.79999e+06,1.14878e+07,3.40785e+06,6.79999e+06,1.14862e+07,3.21513e+06,6.79999e+06,1.14844e+07,3.00605e+06,6.79999e+06,1.14823e+07,2.7848e+06,6.79999e+06,1.148e+07,2.5568e+06,6.79999e+06,1.14773e+07,2.32825e+06,6.79999e+06,13.5742,8.52444,0.508366,16.8306,13.2585,0.162638,20.0035,17.569,0.0507846,23.2616,22.4214,0.0158319,26.7328,28.3297,0.00493498,30.5212,35.6974,0.00153831,34.7178,44.9473,0.000479527,39.4086,56.5822,0.000149456,44.6796,71.2245,4.66214e-05,50.6209,89.6543,1.45419e-05,57.3297,112.852,4.54748e-06,64.9129,142.051,1.43857e-06,73.4897,178.803,4.36618e-07,83.1934,225.062,1.40153e-07,94.1745,283.286,4.96378e-08,106.602,356.568,1.05434e-07,120.669,448.799,-6.49244e-08,136.59,564.873,1.70148e-07,154.611,710.948,-5.34594e-08,175.008,894.767,1.63407e-07,198.097,1126.06,8.04804e-08,224.231,1417.07,1.14667e-07,253.813,1783.15,-1.71227e-07,287.297,2243.62,-2.88466e-07,325.198,2822.67,-4.33651e-07,368.098,3550.67,7.9318e-08,416.657,4465.65,3.13319e-07,471.621,5615.16,3.4613e-07,533.835,7058.61,-1.19199e-07,604.255,8870.02,-2.79964e-07,683.962,11141.4,-2.30521e-07,774.182,13986.7,-2.55099e-07,876.299,17546.4,1.23585e-07,991.883,21993.1,1.41192e-07,1122.71,27536.7,-9.71886e-08,1270.78,34430.7,-3.68368e-07,1438.38,42977.7,-3.45379e-07,1628.07,53532.7,-3.25328e-09,1842.77,66504.6,2.6362e-07,2085.77,82350.2,2.53445e-07,2360.79,101560,-2.47407e-08,2672.05,124632,-3.80602e-07,3024.31,152018,-4.79005e-07,3422.98,184060,-1.14379e-07,3874.15,220884,2.64297e-07,4384.72,262283,3.44131e-07,4962.49,307576,7.5349e-08,5616.29,355497,-3.63097e-07,6356.1,404126,-6.05442e-07,7193.18,450932,-2.72333e-07,8140.28,492963,2.29675e-07,9211.79,527178,4.3387e-07,10424,550893,-1.0711e-07,10.102,8.06553,2.81012,10.6436,8.57909,0.869423,11.5336,10.2515,0.270869,12.7211,12.7138,0.0844293,14.1823,15.9373,0.0263173,15.9122,20.0383,0.0082035,17.9198,25.2154,0.00255722,20.2244,31.7373,0.000797017,22.8539,39.9486,0.000248622,25.8438,50.2851,7.75492e-05,29.237,63.2963,2.42508e-05,33.0837,79.6738,7.67162e-06,37.4415,100.288,2.32837e-06,42.3767,126.236,7.33e-07,47.9646,158.896,2.79256e-07,54.2906,200.003,9.87351e-09,61.452,251.741,1.61085e-07,69.5585,316.859,-2.47141e-07,78.7347,398.812,8.93552e-08,89.1218,501.948,-2.53231e-07,100.879,631.736,-1.25047e-07,114.188,795.049,-1.78808e-07,129.252,1000.53,2.6733e-07,146.304,1259.03,4.50292e-07,165.605,1584.19,6.76904e-07,187.452,1993.12,-1.23808e-07,212.181,2507.27,-4.89068e-07,240.173,3153.54,-5.40284e-07,271.856,3965.56,1.86061e-07,307.719,4985.38,4.37004e-07,348.313,6265.4,3.59828e-07,394.26,7870.83,3.98192e-07,446.268,9882.51,-1.92908e-07,505.135,12400.3,-2.20392e-07,571.766,15546.9,1.51705e-07,647.184,19472.2,5.74996e-07,732.547,24357.4,5.39112e-07,829.167,30420,5.07815e-09,938.526,37916.3,-4.11492e-07,1062.3,47143.9,-3.9561e-07,1202.4,58439.2,3.86185e-08,1360.96,72169.3,5.94093e-07,1540.42,88715.8,7.47693e-07,1743.53,108445,1.78537e-07,1973.41,131665,-4.12549e-07,2233.57,158557,-5.37164e-07,2528,189103,-1.17615e-07,2861.2,222986,5.66769e-07,3238.27,259510,9.45053e-07,3664.97,297540,4.25093e-07,4147.81,335497,-3.58506e-07,4694.17,371444,-6.7724e-07,5312.37,403256,1.67192e-07,1.61744,3.89446,9.84394,3.28846,7.5504,12.774,5.07607,11.7187,13.6844,7.03202,16.8147,13.9681,9.20215,23.1769,14.0566,11.6301,31.1672,14.0841,14.3598,41.2186,14.0927,17.4376,53.8688,14.0954,20.9137,69.7915,14.0962,24.8432,89.8341,14.0965,29.2879,115.063,14.0966,34.3168,146.819,14.0966,40.0078,186.792,14.0966,46.4487,237.107,14.0966,53.7388,300.44,14.0966,61.9903,380.158,14.0966,71.3301,480.499,14.0966,81.902,606.796,14.0966,93.8685,765.761,14.0966,107.414,965.837,14.0966,122.746,1217.65,14.0966,140.101,1534.57,14.0966,159.745,1933.41,14.0966,181.981,2435.3,14.0966,207.15,3066.85,14.0966,235.64,3861.46,14.0966,267.889,4861.11,14.0966,304.391,6118.54,14.0966,345.709,7699.91,14.0966,392.478,9688.22,14.0966,445.417,12187.5,14.0966,505.339,15327.7,14.0966,573.165,19271.6,14.0966,649.938,24222,14.0966,736.839,30430.9,14.0966,835.202,38211.5,14.0966,946.539,47950.3,14.0966,1072.56,60122.8,14.0966,1215.21,75309.9,14.0966,1376.66,94216.2,14.0966,1559.41,117688,14.0966,1766.26,146729,14.0966,2000.39,182510,14.0966,2265.39,226372,14.0966,2565.33,279806,14.0966,2904.81,344416,14.0966,3289.05,421845,14.0966,3723.93,513667,14.0966,4216.13,621231,14.0966,4773.18,745478,14.0966,5403.64,886744,14.0966,6117.15,1.04457e+06,14.0966,6924.63,1.2176e+06,14.0966,11.7194,11.96,12.6541,13.9321,16.1295,13.6434,16.6097,21.9702,13.9553,19.7532,29.5285,14.0526,23.3844,39.1143,14.0829,27.5423,51.2054,14.0923,32.2796,66.434,14.0953,37.662,85.6061,14.0962,43.7675,109.74,14.0965,50.687,140.119,14.0966,58.5249,178.359,14.0966,67.4005,226.493,14.0966,77.4493,287.08,14.0966,88.8254,363.343,14.0966,101.703,459.336,14.0966,116.281,580.161,14.0966,132.782,732.241,14.0966,151.46,923.655,14.0966,172.603,1164.57,14.0966,196.535,1467.79,14.0966,223.625,1849.39,14.0966,254.288,2329.62,14.0966,288.997,2933.93,14.0966,328.285,3694.33,14.0966,372.755,4651.04,14.0966,423.092,5854.57,14.0966,480.07,7368.38,14.0966,544.564,9272.08,14.0966,617.566,11665.5,14.0966,700.197,14673.6,14.0966,793.729,18452.9,14.0966,899.599,23198.6,14.0966,1019.43,29154.1,14.0966,1155.07,36622.3,14.0966,1308.6,45977.9,14.0966,1482.39,57683.7,14.0966,1679.09,72307.8,14.0966,1901.73,90542.8,14.0966,2153.73,113226,14.0966,2438.97,141360,14.0966,2761.81,176127,14.0966,3127.22,218898,14.0966,3540.81,271226,14.0966,4008.92,334817,14.0966,4538.74,411470,14.0966,5138.38,502973,14.0966,5817.04,610948,14.0966,6585.12,736653,14.0966,7454.39,880741,14.0966,8438.15,1.04302e+06,14.0966,9551.45,1.22224e+06,14.0966,10811.3,1.41602e+06,14.0966,12237,1.62086e+06,14.0966,11.7194,11.96,12.6541,2.21263,4.16949,0.989383,2.67766,5.84076,0.311842,3.14343,7.55825,0.0972771,3.63127,9.58578,0.0303237,4.15787,12.0912,0.00945211,4.73731,15.2286,0.00294633,5.38238,19.1721,0.000918508,6.10553,24.134,0.000286163,6.91951,30.3791,8.92692e-05,7.83792,38.2397,2.78121e-05,8.87555,48.1338,8.65134e-06,10.0489,60.5876,2.7882e-06,11.3761,76.2629,8.29036e-07,12.8779,95.9927,2.4373e-07,14.5775,120.825,4.33068e-09,16.5012,152.08,1.75749e-07,18.6784,191.415,-1.86328e-07,21.1428,240.917,1.91829e-07,23.9322,303.213,-1.81475e-07,27.0895,381.602,7.0186e-08,30.6634,480.231,-2.86769e-08,34.7087,604.316,2.40784e-07,39.2876,760.401,9.87368e-08,44.4705,956.705,1.22263e-07,50.3371,1203.54,-4.31966e-07,56.9776,1513.81,-1.9705e-07,64.494,1903.69,-2.763e-08,73.0018,2393.4,3.9185e-07,82.6317,3008.13,1.35379e-07,93.5318,3779.25,-4.16351e-08,105.869,4745.7,2.06965e-08,119.834,5955.6,-3.18887e-07,135.641,7468.12,-1.48271e-08,153.531,9355.62,2.00739e-07,173.781,11705.8,2.28358e-07,196.701,14624.1,-1.93587e-08,222.642,18235,-2.88101e-07,252.003,22683.4,-2.24732e-07,285.234,28134,8.56806e-09,322.845,34767,2.34258e-07,365.413,42770.9,2.99668e-07,413.588,52327.9,8.28644e-08,468.111,63591.2,-3.07049e-07,529.814,76653.2,-3.1888e-07,599.642,91502.5,-6.72276e-08,678.662,107975,2.26339e-07,768.083,125705,3.69212e-07,869.267,144088,2.04077e-07,983.76,162277,-2.80509e-07,1113.3,179223,-4.22737e-07,1259.87,193777,-1.71951e-07,1425.68,204839,4.55555e-07,11.7194,11.96,12.6541,2.21263,4.16949,0.989383,2.67766,5.84076,0.311842,3.14343,7.55825,0.0972771,3.63127,9.58578,0.0303237,4.15787,12.0912,0.00945211,4.73731,15.2286,0.00294633,5.38238,19.1721,0.000918508,6.10553,24.134,0.000286163,6.91951,30.3791,8.92692e-05,7.83792,38.2397,2.78121e-05,8.87555,48.1338,8.65134e-06,10.0489,60.5876,2.7882e-06,11.3761,76.2629,8.29036e-07,12.8779,95.9927,2.4373e-07,14.5775,120.825,1e-08,16.5012,152.08,1.75749e-07,18.6784,191.415,1e-08,21.1428,240.917,1.91829e-07,23.9322,303.213,1e-08,27.0895,381.602,7.0186e-08,30.6634,480.231,1e-08,34.7087,604.316,2.40784e-07,39.2876,760.401,9.87368e-08,44.4705,956.705,1.22263e-07,50.3371,1203.54,1e-08,56.9776,1513.81,1e-08,64.494,1903.69,1e-08,73.0018,2393.4,3.9185e-07,82.6317,3008.13,1.35379e-07,93.5318,3779.25,1e-08,105.869,4745.7,2.06965e-08,119.834,5955.6,1e-08,135.641,7468.12,1e-08,153.531,9355.62,2.00739e-07,173.781,11705.8,2.28358e-07,196.701,14624.1,1e-08,222.642,18235,1e-08,252.003,22683.4,1e-08,285.234,28134,1e-08,322.845,34767,2.34258e-07,365.413,42770.9,2.99668e-07,413.588,52327.9,8.28644e-08,468.111,63591.2,1e-08,529.814,76653.2,1e-08,599.642,91502.5,1e-08,678.662,107975,2.26339e-07,768.083,125705,3.69212e-07,869.267,144088,2.04077e-07,983.76,162277,1e-08,1113.3,179223,1e-08,1259.87,193777,1e-08,1425.68,204839,4.55555e-07,6.2823,3.27286,2.43537,0.219672,6.18826,2.24117,0.56371,6.87772,2.63624,0.308279,17,10,14,4,2,2,4,11,0,1,2,0,3,7,0,0,6,0,7,27,0,5,19,0,1,27,0,4,34,0,9,48,0,5,60,0,17,30,0,5,61,0,13,34,0,12,110,0,36,255,0,16,457,0,16,191,0,41,220,0,22,577,0,27,224,0,48,378,0,34,642,0,61,1246,0,72,629,0,89,2918,0,64,1236,0,38,4244,0,97,2702,0,70,6722,0,110,10038,0,109,6736,0,109,3233,0,224,7992,0,255,3956,0,106,14530,0,281,7690,0,109,23802,0,273,43477,0,468,39819,0,351,25019,0,337,37774,0,455,113744,0,653,80789,0,922,93200,0,820,108355,0,635,200821,0,830,125506,0,1323,148607,0,666,127521,0,1210,136693,0,2725,251547,0
-1.05176e+08,1,8.88811e-15,10,1023,0,1.05176e+08,0.528882,1.08665,0.389689,0.145397,0.379329,3.24381,0.161596,0.446195,1.77396,0.159177,1.15e+07,4.49998e+06,6.79999e+06,1.15e+07,4.49997e+06,6.79999e+06,1.15e+07,4.49996e+06,6.79999e+06,1.15e+07,4.49995e+06,6.79999e+06,1.14999e+07,4.49993e+06,6.79999e+06,1.14999e+07,4.49991e+06,6.79999e+06,1.14999e+07,4.49989e+06,6.79999e+06,1.14999e+07,4.49986e+06,6.79999e+06,1.14999e+07,4.49982e+06,6.79999e+06,1.14999e+07,4.49977e+06,6.79999e+06,1.14999e+07,4.49971e+06,6.79999e+06,1.14999e+07,4.49963e+06,6.79999e+06,1.14998e+07,4.49953e+06,6.79999e+06,1.14998e+07,4.49941e+06,6.79999e+06,1.14998e+07,4.49926e+06,6.79999e+06,1.14998e+07,4.49906e+06,6.79999e+06,1.14997e+07,4.49882e+06,6.79999e+06,1.14997e+07,4.49851e+06,6.79999e+06,1.14997e+07,4.49812e+06,6.79999e+06,1.14996e+07,4.49764e+06,6.79999e+06,1.14996e+07,4.49702e+06,6.79999e+06,1.14995e+07,4.49625e+06,6.79999e+06,1.14995e+07,4.49528e+06,6.79999e+06,1.14994e+07,4.49406e+06,6.79999e+06,1.14993e+07,4.49253e+06,6.79999e+06,1.14992e+07,4.49059e+06,6.79999e+06,1.14991e+07,4.48817e+06,6.79999e+06,1.1499e+07,4.48511e+06,6.79999e+06,1.14988e+07,4.48128e+06,6.79999e+06,1.14987e+07,4.47646e+06,6.79999e+06,1.14985e+07,4.47041e+06,6.79999e+06,1.14983e+07,4.46281e+06,6.79999e+06,1.14981e+07,4.4533e+06,6.79999e+06,1.14979e+07,4.44138e+06,6.79999e+06,1.14976e+07,4.42649e+06,6.79999e+06,1.14972e+07,4.40789e+06,6.79999e+06,1.14969e+07,4.38471e+06,6.79999e+06,1.14965e+07,4.35592e+06,6.79999e+06,1.1496e+07,4.32027e+06,6.79999e+06,1.14955e+07,4.27629e+06,6.79999e+06,1.14949e+07,4.22231e+06,6.79999e+06,1.14942e+07,4.15647e+06,6.79999e+06,1.14934e+07,4.07676e+06,6.79999e+06,1.14926e+07,3.98112e+06,6.79999e+06,1.14916e+07,3.86765e+06,6.79999e+06,1.14905e+07,3.73474e+06,6.79999e+06,1.14892e+07,3.58148e+06,6.79999e+06,1.14878e+07,3.40785e+06,6.79999e+06,1.14862e+07,3.21513e+06,6.79999e+06,1.14844e+07,3.00605e+06,6.79999e+06,1.14823e+07,2.7848e+06,6.79999e+06,1.148e+07,2.5568e+06,6.79999e+06,1.14773e+07,2.32825e+06,6.79999e+06,13.5742,8.52444,0.508366,16.8306,13.2585,0.162638,20.0035,17.569,0.0507846,23.2616,22.4214,0.0158319,26.7328,28.3297,0.00493498,30.5212,35.6974,0.00153831,34.7178,44.9473,0.000479527,39.4086,56.5822,0.000149456,44.6796,71.2245,4.66214e-05,50.6209,89.6543,1.45419e-05,57.3297,112.852,4.54748e-06,64.9129,142.051,1.43857e-06,73.4897,178.803,4.36618e-07,83.1934,225.062,1.40153e-07,94.1745,283.286,4.96378e-08,106.602,356.568,1.05434e-07,120.669,448.799,-6.49244e-08,136.59,564.873,1.70148e-07,154.611,710.948,-5.34594e-08,175.008,894.767,1.63407e-07,198.097,1126.06,8.04804e-08,224.231,1417.07,1.14667e-07,253.813,1783.15,-1.71227e-07,287.297,2243.62,-2.88466e-07,325.198,2822.67,-4.33651e-07,368.098,3550.67,7.9318e-08,416.657,4465.65,3.13319e-07,471.621,5615.16,3.4613e-07,533.835,7058.61,-1.19199e-07,604.255,8870.02,-2.79964e-07,683.962,11141.4,-2.30521e-07,774.182,13986.7,-2.55099e-07,876.299,17546.4,1.23585e-07,991.883,21993.1,1.41192e-07,1122.71,27536.7,-9.71886e-08,1270.78,34430.7,-3.68368e-07,1438.38,42977.7,-3.45379e-07,1628.07,53532.7,-3.25328e-09,1842.77,66504.6,2.6362e-07,2085.77,82350.2,2.53445e-07,2360.79,101560,-2.47407e-08,2672.05,124632,-3.80602e-07,3024.31,152018,-4.79005e-07,3422.98,184060,-1.14379e-07,3874.15,220884,2.64297e-07,4384.72,262283,3.44131e-07,4962.49,307576,7.5349e-08,5616.29,355497,-3.63097e-07,6356.1,404126,-6.05442e-07,7193.18,450932,-2.72333e-07,8140.28,492963,2.29675e-07,9211.79,527178,4.3387e-07,10424,550893,-1.0711e-07,10.102,8.06553,2.81012,10.6436,8.57909,0.869423,11.5336,10.2515,0.270869,12.7211,12.7138,0.0844293,14.1823,15.9373,0.0263173,15.9122,20.0383,0.0082035,17.9198,25.2154,0.00255722,20.2244,31.7373,0.000797017,22.8539,39.9486,0.000248622,25.8438,50.2851,7.75492e-05,29.237,63.2963,2.42508e-05,33.0837,79.6738,7.67162e-06,37.4415,100.288,2.32837e-06,42.3767,126.236,7.33e-07,47.9646,158.896,2.79256e-07,54.2906,200.003,9.87351e-09,61.452,251.741,1.61085e-07,69.5585,316.859,-2.47141e-07,78.7347,398.812,8.93552e-08,89.1218,501.948,-2.53231e-07,100.879,631.736,-1.25047e-07,114.188,795.049,-1.78808e-07,129.252,1000.53,2.6733e-07,146.304,1259.03,4.50292e-07,165.605,1584.19,6.76904e-07,187.452,1993.12,-1.23808e-07,212.181,2507.27,-4.89068e-07,240.173,3153.54,-5.40284e-07,271.856,3965.56,1.86061e-07,307.719,4985.38,4.37004e-07,348.313,6265.4,3.59828e-07,394.26,7870.83,3.98192e-07,446.268,9882.51,-1.92908e-07,505.135,12400.3,-2.20392e-07,571.766,15546.9,1.51705e-07,647.184,19472.2,5.74996e-07,732.547,24357.4,5.39112e-07,829.167,30420,5.07815e-09,938.526,37916.3,-4.11492e-07,1062.3,47143.9,-3.9561e-07,1202.4,58439.2,3.86185e-08,1360.96,72169.3,5.94093e-07,1540.42,88715.8,7.47693e-07,1743.53,108445,1.78537e-07,1973.41,131665,-4.12549e-07,2233.57,158557,-5.37164e-07,2528,189103,-1.17615e-07,2861.2,222986,5.66769e-07,3238.27,259510,9.45053e-07,3664.97,297540,4.25093e-07,4147.81,335497,-3.58506e-07,4694.17,371444,-6.7724e-07,5312.37,403256,1.67192e-07,1.61744,3.89446,9.84394,3.28846,7.5504,12.774,5.07607,11.7187,13.6844,7.03202,16.8147,13.9681,9.20215,23.1769,14.0566,11.6301,31.1672,14.0841,14.3598,41.2186,14.0927,17.4376,53.8688,14.0954,20.9137,69.7915,14.0962,24.8432,89.8341,14.0965,29.2879,115.063,14.0966,34.3168,146.819,14.0966,40.0078,186.792,14.0966,46.4487,237.107,14.0966,53.7388,300.44,14.0966,61.9903,380.158,14.0966,71.3301,480.499,14.0966,81.902,606.796,14.0966,93.8685,765.761,14.0966,107.414,965.837,14.0966,122.746,1217.65,14.0966,140.101,1534.57,14.0966,159.745,1933.41,14.0966,181.981,2435.3,14.0966,207.15,3066.85,14.0966,235.64,3861.46,14.0966,267.889,4861.11,14.0966,304.391,6118.54,14.0966,345.709,7699.91,14.0966,392.478,9688.22,14.0966,445.417,12187.5,14.0966,505.339,15327.7,14.0966,573.165,19271.6,14.0966,649.938,24222,14.0966,736.839,30430.9,14.0966,835.202,38211.5,14.0966,946.539,47950.3,14.0966,1072.56,60122.8,14.0966,1215.21,75309.9,14.0966,1376.66,94216.2,14.0966,1559.41,117688,14.0966,1766.26,146729,14.0966,2000.39,182510,14.0966,2265.39,226372,14.0966,2565.33,279806,14.0966,2904.81,344416,14.0966,3289.05,421845,14.0966,3723.93,513667,14.0966,4216.13,621231,14.0966,4773.18,745478,14.0966,5403.64,886744,14.0966,6117.15,1.04457e+06,14.0966,6924.63,1.2176e+06,14.0966,11.7194,11.96,12.6541,13.9321,16.1295,13.6434,16.6097,21.9702,13.9553,19.7532,29.5285,14.0526,23.3844,39.1143,14.0829,27.5423,51.2054,14.0923,32.2796,66.434,14.0953,37.662,85.6061,14.0962,43.7675,109.74,14.0965,50.687,140.119,14.0966,58.5249,178.359,14.0966,67.4005,226.493,14.0966,77.4493,287.08,14.0966,88.8254,363.343,14.0966,101.703,459.336,14.0966,116.281,580.161,14.0966,132.782,732.241,14.0966,151.46,923.655,14.0966,172.603,1164.57,14.0966,196.535,1467.79,14.0966,223.625,1849.39,14.0966,254.288,2329.62,14.0966,288.997,2933.93,14.0966,328.285,3694.33,14.0966,372.755,4651.04,14.0966,423.092,5854.57,14.0966,480.07,7368.38,14.0966,544.564,9272.08,14.0966,617.566,11665.5,14.0966,700.197,14673.6,14.0966,793.729,18452.9,14.0966,899.599,23198.6,14.0966,1019.43,29154.1,14.0966,1155.07,36622.3,14.0966,1308.6,45977.9,14.0966,1482.39,57683.7,14.0966,1679.09,72307.8,14.0966,1901.73,90542.8,14.0966,2153.73,113226,14.0966,2438.97,141360,14.0966,2761.81,176127,14.0966,3127.22,218898,14.0966,3540.81,271226,14.0966,4008.92,334817,14.0966,4538.74,411470,14.0966,5138.38,502973,14.0966,5817.04,610948,14.0966,6585.12,736653,14.0966,7454.39,880741,14.0966,8438.15,1.04302e+06,14.0966,9551.45,1.22224e+06,14.0966,10811.3,1.41602e+06,14.0966,12237,1.62086e+06,14.0966,11.7194,11.96,12.6541,2.21263,4.16949,0.989383,2.67766,5.84076,0.311842,3.14343,7.55825,0.0972771,3.63127,9.58578,0.0303237,4.15787,12.0912,0.00945211,4.73731,15.2286,0.00294633,5.38238,19.1721,0.000918508,6.10553,24.134,0.000286163,6.91951,30.3791,8.92692e-05,7.83792,38.2397,2.78121e-05,8.87555,48.1338,8.65134e-06,10.0489,60.5876,2.7882e-06,11.3761,76.2629,8.29036e-07,12.8779,95.9927,2.4373e-07,14.5775,120.825,4.33068e-09,16.5012,152.08,1.75749e-07,18.6784,191.415,-1.86328e-07,21.1428,240.917,1.91829e-07,23.9322,303.213,-1.81475e-07,27.0895,381.602,7.0186e-08,30.6634,480.231,-2.86769e-08,34.7087,604.316,2.40784e-07,39.2876,760.401,9.87368e-08,44.4705,956.705,1.22263e-07,50.3371,1203.54,-4.31966e-07,56.9776,1513.81,-1.9705e-07,64.494,1903.69,-2.763e-08,73.0018,2393.4,3.9185e-07,82.6317,3008.13,1.35379e-07,93.5318,3779.25,-4.16351e-08,105.869,4745.7,2.06965e-08,119.834,5955.6,-3.18887e-07,135.641,7468.12,-1.48271e-08,153.531,9355.62,2.00739e-07,173.781,11705.8,2.28358e-07,196.701,14624.1,-1.93587e-08,222.642,18235,-2.88101e-07,252.003,22683.4,-2.24732e-07,285.234,28134,8.56806e-09,322.845,34767,2.34258e-07,365.413,42770.9,2.99668e-07,413.588,52327.9,8.28644e-08,468.111,63591.2,-3.07049e-07,529.814,76653.2,-3.1888e-07,599.642,91502.5,-6.72276e-08,678.662,107975,2.26339e-07,768.083,125705,3.69212e-07,869.267,144088,2.04077e-07,983.76,162277,-2.80509e-07,1113.3,179223,-4.22737e-07,1259.87,193777,-1.71951e-07,1425.68,204839,4.55555e-07,11.7194,11.96,12.6541,2.21263,4.16949,0.989383,2.67766,5.84076,0.311842,3.14343,7.55825,0.0972771,3.63127,9.58578,0.0303237,4.15787,12.0912,0.00945211,4.73731,15.2286,0.00294633,5.38238,19.1721,0.000918508,6.10553,24.134,0.000286163,6.91951,30.3791,8.92692e-05,7.83792,38.2397,2.78121e-05,8.87555,48.1338,8.65134e-06,10.0489,60.5876,2.7882e-06,11.3761,76.2629,8.29036e-07,12.8779,95.9927,2.4373e-07,14.5775,120.825,1e-08,16.5012,152.08,1.75749e-07,18.6784,191.415,1e-08,21.1428,240.917,1.91829e-07,23.9322,303.213,1e-08,27.0895,381.602,7.0186e-08,30.6634,480.231,1e-08,34.7087,604.316,2.40784e-07,39.2876,760.401,9.87368e-08,44.4705,956.705,1.22263e-07,50.3371,1203.54,1e-08,56.9776,1513.81,1e-08,64.494,1903.69,1e-08,73.0018,2393.4,3.9185e-07,82.6317,3008.13,1.35379e-07,93.5318,3779.25,1e-08,105.869,4745.7,2.06965e-08,119.834,5955.6,1e-08,135.641,7468.12,1e-08,153.531,9355.62,2.00739e-07,173.781,11705.8,2.28358e-07,196.701,14624.1,1e-08,222.642,18235,1e-08,252.003,22683.4,1e-08,285.234,28134,1e-08,322.845,34767,2.34258e-07,365.413,42770.9,2.99668e-07,413.588,52327.9,8.28644e-08,468.111,63591.2,1e-08,529.814,76653.2,1e-08,599.642,91502.5,1e-08,678.662,107975,2.26339e-07,768.083,125705,3.69212e-07,869.267,144088,2.04077e-07,983.76,162277,1e-08,1113.3,179223,1e-08,1259.87,193777,1e-08,1425.68,204839,4.55555e-07,6.2823,3.27286,2.43537,0.219672,6.18826,2.24117,0.56371,6.87772,2.63624,0.308279,8,17,24,2,7,0,2,9,0,3,6,0,2,10,0,7,14,0,6,15,0,6,30,0,4,15,0,8,12,0,0,41,0,10,33,0,17,32,0,15,107,0,23,92,0,15,151,0,18,139,0,21,204,0,28,364,0,14,188,0,22,225,0,30,517,0,14,496,0,48,264,0,63,919,0,26,1196,0,55,1180,0,84,970,0,52,3048,0,96,2360,0,75,6601,0,94,3837,0,187,8260,0,143,4920,0,230,2951,0,174,13437,0,328,11674,0,131,25044,0,267,28361,0,623,27183,0,277,16447,0,225,32720,0,408,38734,0,267,72744,0,427,92957,0,1024,48787,0,666,128598,0,668,187739,0,913,83102,0,1088,202341,0,722,418268,0,1225,324756,0,1332,347979,0
-1.05176e+08,1,8.88811e-15,10,1023,0,1.05176e+08,0.528882,1.08665,0.389689,0.145397,0.379329,3.24381,0.161596,0.446195,1.77396,0.159177,1.15e+07,4.49998e+06,6.79999e+06,1.15e+07,4.49997e+06,6.79999e+06,1.15e+07,4.49996e+06,6.79999e+06,1.15e+07,4.49995e+06,6.79999e+06,1.14999e+07,4.49993e+06,6.79999e+06,1.14999e+07,4.49991e+06,6.79999e+06,1.14999e+07,4.49989e+06,6.79999e+06,1.14999e+07,4.49986e+06,6.79999e+06,1.14999e+07,4.49982e+06,6.79999e+06,1.14999e+07,4.49977e+06,6.79999e+06,1.14999e+07,4.49971e+06,6.79999e+06,1.14999e+07,4.49963e+06,6.79999e+06,1.14998e+07,4.49953e+06,6.79999e+06,1.14998e+07,4.49941e+06,6.79999e+06,1.14998e+07,4.49926e+06,6.79999e+06,1.14998e+07,4.49906e+06,6.79999e+06,1.14997e+07,4.49882e+06,6.79999e+06,1.14997e+07,4.49851e+06,6.79999e+06,1.14997e+07,4.49812e+06,6.79999e+06,1.14996e+07,4.49764e+06,6.79999e+06,1.14996e+07,4.49702e+06,6.79999e+06,1.14995e+07,4.49625e+06,6.79999e+06,1.14995e+07,4.49528e+06,6.79999e+06,1.14994e+07,4.49406e+06,6.79999e+06,1.14993e+07,4.49253e+06,6.79999e+06,1.14992e+07,4.49059e+06,6.79999e+06,1.14991e+07,4.48817e+06,6.79999e+06,1.1499e+07,4.48511e+06,6.79999e+06,1.14988e+07,4.48128e+06,6.79999e+06,1.14987e+07,4.47646e+06,6.79999e+06,1.14985e+07,4.47041e+06,6.79999e+06,1.14983e+07,4.46281e+06,6.79999e+06,1.14981e+07,4.4533e+06,6.79999e+06,1.14979e+07,4.44138e+06,6.79999e+06,1.14976e+07,4.42649e+06,6.79999e+06,1.14972e+07,4.40789e+06,6.79999e+06,1.14969e+07,4.38471e+06,6.79999e+06,1.14965e+07,4.35592e+06,6.79999e+06,1.1496e+07,4.32027e+06,6.79999e+06,1.14955e+07,4.27629e+06,6.79999e+06,1.14949e+07,4.22231e+06,6.79999e+06,1.14942e+07,4.15647e+06,6.79999e+06,1.14934e+07,4.07676e+06,6.79999e+06,1.14926e+07,3.98112e+06,6.79999e+06,1.14916e+07,3.86765e+06,6.79999e+06,1.14905e+07,3.73474e+06,6.79999e+06,1.14892e+07,3.58148e+06,6.79999e+06,1.14878e+07,3.40785e+06,6.79999e+06,1.14862e+07,3.21513e+06,6.79999e+06,1.14844e+07,3.00605e+06,6.79999e+06,1.14823e+07,2.7848e+06,6.79999e+06,1.148e+07,2.5568e+06,6.79999e+06,1.14773e+07,2.32825e+06,6.79999e+06,13.5742,8.52444,0.508366,16.8306,13.2585,0.162638,20.0035,17.569,0.0507846,23.2616,22.4214,0.0158319,26.7328,28.3297,0.00493498,30.5212,35.6974,0.00153831,34.7178,44.9473,0.000479527,39.4086,56.5822,0.000149456,44.6796,71.2245,4.66214e-05,50.6209,89.6543,1.45419e-05,57.3297,112.852,4.54748e-06,64.9129,142.051,1.43857e-06,73.4897,178.803,4.36618e-07,83.1934,225.062,1.40153e-07,94.1745,283.286,4.96378e-08,106.602,356.568,1.05434e-07,120.669,448.799,-6.49244e-08,136.59,564.873,1.70148e-07,154.611,710.948,-5.34594e-08,175.008,894.767,1.63407e-07,198.097,1126.06,8.04804e-08,224.231,1417.07,1.14667e-07,253.813,1783.15,-1.71227e-07,287.297,2243.62,-2.88466e-07,325.198,2822.67,-4.33651e-07,368.098,3550.67,7.9318e-08,416.657,4465.65,3.13319e-07,471.621,5615.16,3.4613e-07,533.835,7058.61,-1.19199e-07,604.255,8870.02,-2.79964e-07,683.962,11141.4,-2.30521e-07,774.182,13986.7,-2.55099e-07,876.299,17546.4,1.23585e-07,991.883,21993.1,1.41192e-07,1122.71,27536.7,-9.71886e-08,1270.78,34430.7,-3.68368e-07,1438.38,42977.7,-3.45379e-07,1628.07,53532.7,-3.25328e-09,1842.77,66504.6,2.6362e-07,2085.77,82350.2,2.53445e-07,2360.79,101560,-2.47407e-08,2672.05,124632,-3.80602e-07,3024.31,152018,-4.79005e-07,3422.98,184060,-1.14379e-07,3874.15,220884,2.64297e-07,4384.72,262283,3.44131e-07,4962.49,307576,7.5349e-08,5616.29,355497,-3.63097e-07,6356.1,404126,-6.05442e-07,7193.18,450932,-2.72333e-07,8140.28,492963,2.29675e-07,9211.79,527178,4.3387e-07,10424,550893,-1.0711e-07,10.102,8.06553,2.81012,10.6436,8.57909,0.869423,11.5336,10.2515,0.270869,12.7211,12.7138,0.0844293,14.1823,15.9373,0.0263173,15.9122,20.0383,0.0082035,17.9198,25.2154,0.00255722,20.2244,31.7373,0.000797017,22.8539,39.9486,0.000248622,25.8438,50.2851,7.75492e-05,29.237,63.2963,2.42508e-05,33.0837,79.6738,7.67162e-06,37.4415,100.288,2.32837e-06,42.3767,126.236,7.33e-07,47.9646,158.896,2.79256e-07,54.2906,200.003,9.87351e-09,61.452,251.741,1.61085e-07,69.5585,316.859,-2.47141e-07,78.7347,398.812,8.93552e-08,89.1218,501.948,-2.53231e-07,100.879,631.736,-1.25047e-07,114.188,795.049,-1.78808e-07,129.252,1000.53,2.6733e-07,146.304,1259.03,4.50292e-07,165.605,1584.19,6.76904e-07,187.452,1993.12,-1.23808e-07,212.181,2507.27,-4.89068e-07,240.173,3153.54,-5.40284e-07,271.856,3965.56,1.86061e-07,307.719,4985.38,4.37004e-07,348.313,6265.4,3.59828e-07,394.26,7870.83,3.98192e-07,446.268,9882.51,-1.92908e-07,505.135,12400.3,-2.20392e-07,571.766,15546.9,1.51705e-07,647.184,19472.2,5.74996e-07,732.547,24357.4,5.39112e-07,829.167,30420,5.07815e-09,938.526,37916.3,-4.11492e-07,1062.3,47143.9,-3.9561e-07,1202.4,58439.2,3.86185e-08,1360.96,72169.3,5.94093e-07,1540.42,88715.8,7.47693e-07,1743.53,108445,1.78537e-07,1973.41,131665,-4.12549e-07,2233.57,158557,-5.37164e-07,2528,189103,-1.17615e-07,2861.2,222986,5.66769e-07,3238.27,259510,9.45053e-07,3664.97,297540,4.25093e-07,4147.81,335497,-3.58506e-07,4694.17,371444,-6.7724e-07,5312.37,403256,1.67192e-07,1.61744,3.89446,9.84394,3.28846,7.5504,12.774,5.07607,11.7187,13.6844,7.03202,16.8147,13.9681,9.20215,23.1769,14.0566,11.6301,31.1672,14.0841,14.3598,41.2186,14.0927,17.4376,53.8688,14.0954,20.9137,69.7915,14.0962,24.8432,89.8341,14.0965,29.2879,115.063,14.0966,34.3168,146.819,14.0966,40.0078,186.792,14.0966,46.4487,237.107,14.0966,53.7388,300.44,14.0966,61.9903,380.158,14.0966,71.3301,480.499,14.0966,81.902,606.796,14.0966,93.8685,765.761,14.0966,107.414,965.837,14.0966,122.746,1217.65,14.0966,140.101,1534.57,14.0966,159.745,1933.41,14.0966,181.981,2435.3,14.0966,207.15,3066.85,14.0966,235.64,3861.46,14.0966,267.889,4861.11,14.0966,304.391,6118.54,14.0966,345.709,7699.91,14.0966,392.478,9688.22,14.0966,445.417,12187.5,14.0966,505.339,15327.7,14.0966,573.165,19271.6,14.0966,649.938,24222,14.0966,736.839,30430.9,14.0966,835.202,38211.5,14.0966,946.539,47950.3,14.0966,1072.56,60122.8,14.0966,1215.21,75309.9,14.0966,1376.66,94216.2,14.0966,1559.41,117688,14.0966,1766.26,146729,14.0966,2000.39,182510,14.0966,2265.39,226372,14.0966,2565.33,279806,14.0966,2904.81,344416,14.0966,3289.05,421845,14.0966,3723.93,513667,14.0966,4216.13,621231,14.0966,4773.18,745478,14.0966,5403.64,886744,14.0966,6117.15,1.04457e+06,14.0966,6924.63,1.2176e+06,14.0966,11.7194,11.96,12.6541,13.9321,16.1295,13.6434,16.6097,21.9702,13.9553,19.7532,29.5285,14.0526,23.3844,39.1143,14.0829,27.5423,51.2054,14.0923,32.2796,66.434,14.0953,37.662,85.6061,14.0962,43.7675,109.74,14.0965,50.687,140.119,14.0966,58.5249,178.359,14.0966,67.4005,226.493,14.0966,77.4493,287.08,14.0966,88.8254,363.343,14.0966,101.703,459.336,14.0966,116.281,580.161,14.0966,132.782,732.241,14.0966,151.46,923.655,14.0966,172.603,1164.57,14.0966,196.535,1467.79,14.0966,223.625,1849.39,14.0966,254.288,2329.62,14.0966,288.997,2933.93,14.0966,328.285,3694.33,14.0966,372.755,4651.04,14.0966,423.092,5854.57,14.0966,480.07,7368.38,14.0966,544.564,9272.08,14.0966,617.566,11665.5,14.0966,700.197,14673.6,14.0966,793.729,18452.9,14.0966,899.599,23198.6,14.0966,1019.43,29154.1,14.0966,1155.07,36622.3,14.0966,1308.6,45977.9,14.0966,1482.39,57683.7,14.0966,1679.09,72307.8,14.0966,1901.73,90542.8,14.0966,2153.73,113226,14.0966,2438.97,141360,14.0966,2761.81,176127,14.0966,3127.22,218898,14.0966,3540.81,271226,14.0966,4008.92,334817,14.0966,4538.74,411470,14.0966,5138.38,502973,14.0966,5817.04,610948,14.0966,6585.12,736653,14.0966,7454.39,880741,14.0966,8438.15,1.04302e+06,14.0966,9551.45,1.22224e+06,14.0966,10811.3,1.41602e+06,14.0966,12237,1.62086e+06,14.0966,11.7194,11.96,12.6541,2.21263,4.16949,0.989383,2.67766,5.84076,0.311842,3.14343,7.55825,0.0972771,3.63127,9.58578,0.0303237,4.15787,12.0912,0.00945211,4.73731,15.2286,0.00294633,5.38238,19.1721,0.000918508,6.10553,24.134,0.000286163,6.91951,30.3791,8.92692e-05,7.83792,38.2397,2.78121e-05,8.87555,48.1338,8.65134e-06,10.0489,60.5876,2.7882e-06,11.3761,76.2629,8.29036e-07,12.8779,95.9927,2.4373e-07,14.5775,120.825,4.33068e-09,16.5012,152.08,1.75749e-07,18.6784,191.415,-1.86328e-07,21.1428,240.917,1.91829e-07,23.9322,303.213,-1.81475e-07,27.0895,381.602,7.0186e-08,30.6634,480.231,-2.86769e-08,34.7087,604.316,2.40784e-07,39.2876,760.401,9.87368e-08,44.4705,956.705,1.22263e-07,50.3371,1203.54,-4.31966e-07,56.9776,1513.81,-1.9705e-07,64.494,1903.69,-2.763e-08,73.0018,2393.4,3.9185e-07,82.6317,3008.13,1.35379e-07,93.5318,3779.25,-4.16351e-08,105.869,4745.7,2.06965e-08,119.834,5955.6,-3.18887e-07,135.641,7468.12,-1.48271e-08,153.531,9355.62,2.00739e-07,173.781,11705.8,2.28358e-07,196.701,14624.1,-1.93587e-08,222.642,18235,-2.88101e-07,252.003,22683.4,-2.24732e-07,285.234,28134,8.56806e-09,322.845,34767,2.34258e-07,365.413,42770.9,2.99668e-07,413.588,52327.9,8.28644e-08,468.111,63591.2,-3.07049e-07,529.814,76653.2,-3.1888e-07,599.642,91502.5,-6.72276e-08,678.662,107975,2.26339e-07,768.083,125705,3.69212e-07,869.267,144088,2.04077e-07,983.76,162277,-2.80509e-07,1113.3,179223,-4.22737e-07,1259.87,193777,-1.71951e-07,1425.68,204839,4.55555e-07,11.7194,11.96,12.6541,2.21263,4.16949,0.989383,2.67766,5.84076,0.311842,3.14343,7.55825,0.0972771,3.63127,9.58578,0.0303237,4.15787,12.0912,0.00945211,4.73731,15.2286,0.00294633,5.38238,19.1721,0.000918508,6.10553,24.134,0.000286163,6.91951,30.3791,8.92692e-05,7.83792,38.2397,2.78121e-05,8.87555,48.1338,8.65134e-06,10.0489,60.5876,2.7882e-06,11.3761,76.2629,8.29036e-07,12.8779,95.9927,2.4373e-07,14.5775,120.825,1e-08,16.5012,152.08,1.75749e-07,18.6784,191.415,1e-08,21.1428,240.917,1.91829e-07,23.9322,303.213,1e-08,27.0895,381.602,7.0186e-08,30.6634,480.231,1e-08,34.7087,604.316,2.40784e-07,39.2876,760.401,9.87368e-08,44.4705,956.705,1.22263e-07,50.3371,1203.54,1e-08,56.9776,1513.81,1e-08,64.494,1903.69,1e-08,73.0018,2393.4,3.9185e-07,82.6317,3008.13,1.35379e-07,93.5318,3779.25,1e-08,105.869,4745.7,2.06965e-08,119.834,5955.6,1e-08,135.641,7468.12,1e-08,153.531,9355.62,2.00739e-07,173.781,11705.8,2.28358e-07,196.701,14624.1,1e-08,222.642,18235,1e-08,252.003,22683.4,1e-08,285.234,28134,1e-08,322.845,34767,2.34258e-07,365.413,42770.9,2.99668e-07,413.588,52327.9,8.28644e-08,468.111,63591.2,1e-08,529.814,76653.2,1e-08,599.642,91502.5,1e-08,678.662,107975,2.26339e-07,768.083,125705,3.69212e-07,869.267,144088,2.04077e-07,983.76,162277,1e-08,1113.3,179223,1e-08,1259.87,193777,1e-08,1425.68,204839,4.55555e-07,6.2823,3.27286,2.43537,0.219672,6.18826,2.24117,0.56371,6.87772,2.63624,0.308279,24,7,8,3,11,0,6,7,0,3,14,0,4,11,0,6,22,0,4,8,0,2,17,0,1,17,0,13,26,0,9,28,0,5,21,0,6,43,0,21,57,0,4,112,0,6,85,0,13,144,0,18,271,0,21,133,0,22,337,0,22,289,0,30,287,0,49,783,0,31,882,0,42,794,0,24,619,0,58,2100,0,68,2414,0,89,1684,0,155,4744,0,76,2639,0,192,6404,0,54,2865,0,172,9278,0,71,6418,0,190,16017,0,386,22315,0,245,36168,0,292,7958,0,365,27710,0,372,32231,0,287,30826,0,326,46955,0,394,47497,0,637,56815,0,808,33065,0,831,61329,0,753,59753,0,637,125928,0,599,177248,0,865,253287,0,1684,111559,0,1393,236133,0
-1.05176e+08,1,8.88811e-15,10,1023,0,1.05176e+08,0.528882,1.08665,0.389689,0.145397,0.379329,3.24381,0.161596,0.446195,1.77396,0.159177,1.15e+07,4.49998e+06,6.79999e+06,1.15e+07,4.49997e+06,6.79999e+06,1.15e+07,4.49996e+06,6.79999e+06,1.15e+07,4.49995e+06,6.79999e+06,1.14999e+07,4.49993e+06,6.79999e+06,1.14999e+07,4.49991e+06,6.79999e+06,1.14999e+07,4.49989e+06,6.79999e+06,1.14999e+07,4.49986e+06,6.79999e+06,1.14999e+07,4.49982e+06,6.79999e+06,1.14999e+07,4.49977e+06,6.79999e+06,1.14999e+07,4.49971e+06,6.79999e+06,1.14999e+07,4.49963e+06,6.79999e+06,1.14998e+07,4.49953e+06,6.79999e+06,1.14998e+07,4.49941e+06,6.79999e+06,1.14998e+07,4.49926e+06,6.79999e+06,1.14998e+07,4.49906e+06,6.79999e+06,1.14997e+07,4.49882e+06,6.79999e+06,1.14997e+07,4.49851e+06,6.79999e+06,1.14997e+07,4.49812e+06,6.79999e+06,1.14996e+07,4.49764e+06,6.79999e+06,1.14996e+07,4.49702e+06,6.79999e+06,1.14995e+07,4.49625e+06,6.79999e+06,1.14995e+07,4.49528e+06,6.79999e+06,1.14994e+07,4.49406e+06,6.79999e+06,1.14993e+07,4.49253e+06,6.79999e+06,1.14992e+07,4.49059e+06,6.79999e+06,1.14991e+07,4.48817e+06,6.79999e+06,1.1499e+07,4.48511e+06,6.79999e+06,1.14988e+07,4.48128e+06,6.79999e+06,1.14987e+07,4.47646e+06,6.79999e+06,1.14985e+07,4.47041e+06,6.79999e+06,1.14983e+07,4.46281e+06,6.79999e+06,1.14981e+07,4.4533e+06,6.79999e+06,1.14979e+07,4.44138e+06,6.79999e+06,1.14976e+07,4.42649e+06,6.79999e+06,1.14972e+07,4.40789e+06,6.79999e+06,1.14969e+07,4.38471e+06,6.79999e+06,1.14965e+07,4.35592e+06,6.79999e+06,1.1496e+07,4.32027e+06,6.79999e+06,1.14955e+07,4.27629e+06,6.79999e+06,1.14949e+07,4.22231e+06,6.79999e+06,1.14942e+07,4.15647e+06,6.79999e+06,1.14934e+07,4.07676e+06,6.79999e+06,1.14926e+07,3.98112e+06,6.79999e+06,1.14916e+07,3.86765e+06,6.79999e+06,1.14905e+07,3.73474e+06,6.79999e+06,1.14892e+07,3.58148e+06,6.79999e+06,1.14878e+07,3.40785e+06,6.79999e+06,1.14862e+07,3.21513e+06,6.79999e+06,1.14844e+07,3.00605e+06,6.79999e+06,1.14823e+07,2.7848e+06,6.79999e+06,1.148e+07,2.5568e+06,6.79999e+06,1.14773e+07,2.32825e+06,6.79999e+06,13.5742,8.52444,0.508366,16.8306,13.2585,0.162638,20.0035,17.569,0.0507846,23.2616,22.4214,0.0158319,26.7328,28.3297,0.00493498,30.5212,35.6974,0.00153831,34.7178,44.9473,0.000479527,39.4086,56.5822,0.000149456,44.6796,71.2245,4.66214e-05,50.6209,89.6543,1.45419e-05,57.3297,112.852,4.54748e-06,64.9129,142.051,1.43857e-06,73.4897,178.803,4.36618e-07,83.1934,225.062,1.40153e-07,94.1745,283.286,4.96378e-08,106.602,356.568,1.05434e-07,120.669,448.799,-6.49244e-08,136.59,564.873,1.70148e-07,154.611,710.948,-5.34594e-08,175.008,894.767,1.63407e-07,198.097,1126.06,8.04804e-08,224.231,1417.07,1.14667e-07,253.813,1783.15,-1.71227e-07,287.297,2243.62,-2.88466e-07,325.198,2822.67,-4.33651e-07,368.098,3550.67,7.9318e-08,416.657,4465.65,3.13319e-07,471.621,5615.16,3.4613e-07,533.835,7058.61,-1.19199e-07,604.255,8870.02,-2.79964e-07,683.962,11141.4,-2.30521e-07,774.182,13986.7,-2.55099e-07,876.299,17546.4,1.23585e-07,991.883,21993.1,1.41192e-07,1122.71,27536.7,-9.71886e-08,1270.78,34430.7,-3.68368e-07,1438.38,42977.7,-3.45379e-07,1628.07,53532.7,-3.25328e-09,1842.77,66504.6,2.6362e-07,2085.77,82350.2,2.53445e-07,2360.79,101560,-2.47407e-08,2672.05,124632,-3.80602e-07,3024.31,152018,-4.79005e-07,3422.98,184060,-1.14379e-07,3874.15,220884,2.64297e-07,4384.72,262283,3.44131e-07,4962.49,307576,7.5349e-08,5616.29,355497,-3.63097e-07,6356.1,404126,-6.05442e-07,7193.18,450932,-2.72333e-07,8140.28,492963,2.29675e-07,9211.79,527178,4.3387e-07,10424,550893,-1.0711e-07,10.102,8.06553,2.81012,10.6436,8.57909,0.869423,11.5336,10.2515,0.270869,12.7211,12.7138,0.0844293,14.1823,15.9373,0.0263173,15.9122,20.0383,0.0082035,17.9198,25.2154,0.00255722,20.2244,31.7373,0.000797017,22.8539,39.9486,0.000248622,25.8438,50.2851,7.75492e-05,29.237,63.2963,2.42508e-05,33.0837,79.6738,7.67162e-06,37.4415,100.288,2.32837e-06,42.3767,126.236,7.33e-07,47.9646,158.896,2.79256e-07,54.2906,200.003,9.87351e-09,61.452,251.741,1.61085e-07,69.5585,316.859,-2.47141e-07,78.7347,398.812,8.93552e-08,89.1218,501.948,-2.53231e-07,100.879,631.736,-1.25047e-07,114.188,795.049,-1.78808e-07,129.252,1000.53,2.6733e-07,146.304,1259.03,4.50292e-07,165.605,1584.19,6.76904e-07,187.452,1993.12,-1.23808e-07,212.181,2507.27,-4.89068e-07,240.173,3153.54,-5.40284e-07,271.856,3965.56,1.86061e-07,307.719,4985.38,4.37004e-07,348.313,6265.4,3.59828e-07,394.26,7870.83,3.98192e-07,446.268,9882.51,-1.92908e-07,505.135,12400.3,-2.20392e-07,571.766,15546.9,1.51705e-07,647.184,19472.2,5.74996e-07,732.547,24357.4,5.39112e-07,829.167,30420,5.07815e-09,938.526,37916.3,-4.11492e-07,1062.3,47143.9,-3.9561e-07,1202.4,58439.2,3.86185e-08,1360.96,72169.3,5.94093e-07,1540.42,88715.8,7.47693e-07,1743.53,108445,1.78537e-07,1973.41,131665,-4.12549e-07,2233.57,158557,-5.37164e-07,2528,189103,-1.17615e-07,2861.2,222986,5.66769e-07,3238.27,259510,9.45053e-07,3664.97,297540,4.25093e-07,4147.81,335497,-3.58506e-07,4694.17,371444,-6.7724e-07,5312.37,403256,1.67192e-07,1.61744,3.89446,9.84394,3.28846,7.5504,12.774,5.07607,11.7187,13.6844,7.03202,16.8147,13.9681,9.20215,23.1769,14.0566,11.6301,31.1672,14.0841,14.3598,41.2186,14.0927,17.4376,53.8688,14.0954,20.9137,69.7915,14.0962,24.8432,89.8341,14.0965,29.2879,115.063,14.0966,34.3168,146.819,14.0966,40.0078,186.792,14.0966,46.4487,237.107,14.0966,53.7388,300.44,14.0966,61.9903,380.158,14.0966,71.3301,480.499,14.0966,81.902,606.796,14.0966,93.8685,765.761,14.0966,107.414,965.837,14.0966,122.746,1217.65,14.0966,140.101,1534.57,14.0966,159.745,1933.41,14.0966,181.981,2435.3,14.0966,207.15,3066.85,14.0966,235.64,3861.46,14.0966,267.889,4861.11,14.0966,304.391,6118.54,14.0966,345.709,7699.91,14.0966,392.478,9688.22,14.0966,445.417,12187.5,14.0966,505.339,15327.7,14.0966,573.165,19271.6,14.0966,649.938,24222,14.0966,736.839,30430.9,14.0966,835.202,38211.5,14.0966,946.539,47950.3,14.0966,1072.56,60122.8,14.0966,1215.21,75309.9,14.0966,1376.66,94216.2,14.0966,1559.41,117688,14.0966,1766.26,146729,14.0966,2000.39,182510,14.0966,2265.39,226372,14.0966,2565.33,279806,14.0966,2904.81,344416,14.0966,3289.05,421845,14.0966,3723.93,513667,14.0966,4216.13,621231,14.0966,4773.18,745478,14.0966,5403.64,886744,14.0966,6117.15,1.04457e+06,14.0966,6924.63,1.2176e+06,14.0966,11.7194,11.96,12.6541,13.9321,16.1295,13.6434,16.6097,21.9702,13.9553,19.7532,29.5285,14.0526,23.3844,39.1143,14.0829,27.5423,51.2054,14.0923,32.2796,66.434,14.0953,37.662,85.6061,14.0962,43.7675,109.74,14.0965,50.687,140.119,14.0966,58.5249,178.359,14.0966,67.4005,226.493,14.0966,77.4493,287.08,14.0966,88.8254,363.343,14.0966,101.703,459.336,14.0966,116.281,580.161,14.0966,132.782,732.241,14.0966,151.46,923.655,14.0966,172.603,1164.57,14.0966,196.535,1467.79,14.0966,223.625,1849.39,14.0966,254.288,2329.62,14.0966,288.997,2933.93,14.0966,328.285,3694.33,14.0966,372.755,4651.04,14.0966,423.092,5854.57,14.0966,480.07,7368.38,14.0966,544.564,9272.08,14.0966,617.566,11665.5,14.0966,700.197,14673.6,14.0966,793.729,18452.9,14.0966,899.599,23198.6,14.0966,1019.43,29154.1,14.0966,1155.07,36622.3,14.0966,1308.6,45977.9,14.0966,1482.39,57683.7,14.0966,1679.09,72307.8,14.0966,1901.73,90542.8,14.0966,2153.73,113226,14.0966,2438.97,141360,14.0966,2761.81,176127,14.0966,3127.22,218898,14.0966,3540.81,271226,14.0966,4008.92,334817,14.0966,4538.74,411470,14.0966,5138.38,502973,14.0966,5817.04,610948,14.0966,6585.12,736653,14.0966,7454.39,880741,14.0966,8438.15,1.04302e+06,14.0966,9551.45,1.22224e+06,14.0966,10811.3,1.41602e+06,14.0966,12237,1.62086e+06,14.0966,11.7194,11.96,12.6541,2.21263,4.16949,0.989383,2.67766,5.84076,0.311842,3.14343,7.55825,0.0972771,3.63127,9.58578,0.0303237,4.15787,12.0912,0.00945211,4.73731,15.2286,0.00294633,5.38238,19.1721,0.000918508,6.10553,24.134,0.000286163,6.91951,30.3791,8.92692e-05,7.83792,38.2397,2.78121e-05,8.87555,48.1338,8.65134e-06,10.0489,60.5876,2.7882e-06,11.3761,76.2629,8.29036e-07,12.8779,95.9927,2.4373e-07,14.5775,120.825,4.33068e-09,16.5012,152.08,1.75749e-07,18.6784,191.415,-1.86328e-07,21.1428,240.917,1.91829e-07,23.9322,303.213,-1.81475e-07,27.0895,381.602,7.0186e-08,30.6634,480.231,-2.86769e-08,34.7087,604.316,2.40784e-07,39.2876,760.401,9.87368e-08,44.4705,956.705,1.22263e-07,50.3371,1203.54,-4.31966e-07,56.9776,1513.81,-1.9705e-07,64.494,1903.69,-2.763e-08,73.0018,2393.4,3.9185e-07,82.6317,3008.13,1.35379e-07,93.5318,3779.25,-4.16351e-08,105.869,4745.7,2.06965e-08,119.834,5955.6,-3.18887e-07,135.641,7468.12,-1.48271e-08,153.531,9355.62,2.00739e-07,173.781,11705.8,2.28358e-07,196.701,14624.1,-1.93587e-08,222.642,18235,-2.88101e-07,252.003,22683.4,-2.24732e-07,285.234,28134,8.56806e-09,322.845,34767,2.34258e-07,365.413,42770.9,2.99668e-07,413.588,52327.9,8.28644e-08,468.111,63591.2,-3.07049e-07,529.814,76653.2,-3.1888e-07,599.642,91502.5,-6.72276e-08,678.662,107975,2.26339e-07,768.083,125705,3.69212e-07,869.267,144088,2.04077e-07,983.76,162277,-2.80509e-07,1113.3,179223,-4.22737e-07,1259.87,193777,-1.71951e-07,1425.68,204839,4.55555e-07,11.7194,11.96,12.6541,2.21263,4.16949,0.989383,2.67766,5.84076,0.311842,3.14343,7.55825,0.0972771,3.63127,9.58578,0.0303237,4.15787,12.0912,0.00945211,4.73731,15.2286,0.00294633,5.38238,19.1721,0.000918508,6.10553,24.134,0.000286163,6.91951,30.3791,8.92692e-05,7.83792,38.2397,2.78121e-05,8.87555,48.1338,8.65134e-06,10.0489,60.5876,2.7882e-06,11.3761,76.2629,8.29036e-07,12.8779,95.9927,2.4373e-07,14.5775,120.825,1e-08,16.5012,152.08,1.75749e-07,18.6784,191.415,1e-08,21.1428,240.917,1.91829e-07,23.9322,303.213,1e-08,27.0895,381.602,7.0186e-08,30.6634,480.231,1e-08,34.7087,604.316,2.40784e-07,39.2876,760.401,9.87368e-08,44.4705,956.705,1.22263e-07,50.3371,1203.54,1e-08,56.9776,1513.81,1e-08,64.494,1903.69,1e-08,73.0018,2393.4,3.9185e-07,82.6317,3008.13,1.35379e-07,93.5318,3779.25,1e-08,105.869,4745.7,2.06965e-08,119.834,5955.6,1e-08,135.641,7468.12,1e-08,153.531,9355.62,2.00739e-07,173.781,11705.8,2.28358e-07,196.701,14624.1,1e-08,222.642,18235,1e-08,252.003,22683.4,1e-08,285.234,28134,1e-08,322.845,34767,2.34258e-07,365.413,42770.9,2.99668e-07,413.588,52327.9,8.28644e-08,468.111,63591.2,1e-08,529.814,76653.2,1e-08,599.642,91502.5,1e-08,678.662,107975,2.26339e-07,768.083,125705,3.69212e-07,869.267,144088,2.04077e-07,983.76,162277,1e-08,1113.3,179223,1e-08,1259.87,193777,1e-08,1425.68,204839,4.55555e-07,6.2823,3.27286,2.43537,0.219672,6.18826,2.24117,0.56371,6.87772,2.63624,0.308279,11,13,17,2,3,1,2,3,0,6,5,0,8,6,0,2,8,0,2,18,0,3,10,0,11,10,0,6,49,0,8,28,0,4,27,0,11,80,0,6,80,0,13,47,0,12,93,0,14,263,0,14,193,0,29,276,0,14,201,0,40,550,0,34,526,0,54,424,0,43,816,0,43,813,0,34,2031,0,51,2531,0,56,1820,0,43,2548,0,74,1587,0,131,2784,0,116,7468,0,88,4796,0,112,4416,0,93,8910,0,153,13177,0,347,25839,0,237,16678,0,284,15986,0,273,11029,0,691,24342,0,357,38788,0,263,58391,0,416,52826,0,665,140937,0,376,35844,0,552,87780,0,352,49126,0,368,132345,0,471,190902,0,798,77982,0,519,128523,0,1372,71306,0
-1.05176e+08,1,8.88811e-15,10,1023,0,1.05176e+08,0.528882,1.08665,0.389689,0.145397,0.379329,3.24381,0.161596,0.446195,1.77396,0.159177,1.15e+07,4.49998e+06,6.79999e+06,1.15e+07,4.49997e+06,6.79999e+06,1.15e+07,4.49996e+06,6.79999e+06,1.15e+07,4.49995e+06,6.79999e+06,1.14999e+07,4.49993e+06,6.79999e+06,1.14999e+07,4.49991e+06,6.79999e+06,1.14999e+07,4.49989e+06,6.79999e+06,1.14999e+07,4.49986e+06,6.79999e+06,1.14999e+07,4.49982e+06,6.79999e+06,1.14999e+07,4.49977e+06,6.79999e+06,1.14999e+07,4.49971e+06,6.79999e+06,1.14999e+07,4.49963e+06,6.79999e+06,1.14998e+07,4.49953e+06,6.79999e+06,1.14998e+07,4.49941e+06,6.79999e+06,1.14998e+07,4.49926e+06,6.79999e+06,1.14998e+07,4.49906e+06,6.79999e+06,1.14997e+07,4.49882e+06,6.79999e+06,1.14997e+07,4.49851e+06,6.79999e+06,1.14997e+07,4.49812e+06,6.79999e+06,1.14996e+07,4.49764e+06,6.79999e+06,1.14996e+07,4.49702e+06,6.79999e+06,1.14995e+07,4.49625e+06,6.79999e+06,1.14995e+07,4.49528e+06,6.79999e+06,1.14994e+07,4.49406e+06,6.79999e+06,1.14993e+07,4.49253e+06,6.79999e+06,1.14992e+07,4.49059e+06,6.79999e+06,1.14991e+07,4.48817e+06,6.79999e+06,1.1499e+07,4.48511e+06,6.79999e+06,1.14988e+07,4.48128e+06,6.79999e+06,1.14987e+07,4.47646e+06,6.79999e+06,1.14985e+07,4.47041e+06,6.79999e+06,1.14983e+07,4.46281e+06,6.79999e+06,1.14981e+07,4.4533e+06,6.79999e+06,1.14979e+07,4.44138e+06,6.79999e+06,1.14976e+07,4.42649e+06,6.79999e+06,1.14972e+07,4.40789e+06,6.79999e+06,1.14969e+07,4.38471e+06,6.79999e+06,1.14965e+07,4.35592e+06,6.79999e+06,1.1496e+07,4.32027e+06,6.79999e+06,1.14955e+07,4.27629e+06,6.79999e+06,1.14949e+07,4.22231e+06,6.79999e+06,1.14942e+07,4.15647e+06,6.79999e+06,1.14934e+07,4.07676e+06,6.79999e+06,1.14926e+07,3.98112e+06,6.79999e+06,1.14916e+07,3.86765e+06,6.79999e+06,1.14905e+07,3.73474e+06,6.79999e+06,1.14892e+07,3.58148e+06,6.79999e+06,1.14878e+07,3.40785e+06,6.79999e+06,1.14862e+07,3.21513e+06,6.79999e+06,1.14844e+07,3.00605e+06,6.79999e+06,1.14823e+07,2.7848e+06,6.79999e+06,1.148e+07,2.5568e+06,6.79999e+06,1.14773e+07,2.32825e+06,6.79999e+06,13.5742,8.52444,0.508366,16.8306,13.2585,0.162638,20.0035,17.569,0.0507846,23.2616,22.4214,0.0158319,26.7328,28.3297,0.00493498,30.5212,35.6974,0.00153831,34.7178,44.9473,0.000479527,39.4086,56.5822,0.000149456,44.6796,71.2245,4.66214e-05,50.6209,89.6543,1.45419e-05,57.3297,112.852,4.54748e-06,64.9129,142.051,1.43857e-06,73.4897,178.803,4.36618e-07,83.1934,225.062,1.40153e-07,94.1745,283.286,4.96378e-08,106.602,356.568,1.05434e-07,120.669,448.799,-6.49244e-08,136.59,564.873,1.70148e-07,154.611,710.948,-5.34594e-08,175.008,894.767,1.63407e-07,198.097,1126.06,8.04804e-08,224.231,1417.07,1.14667e-07,253.813,1783.15,-1.71227e-07,287.297,2243.62,-2.88466e-07,325.198,2822.67,-4.33651e-07,368.098,3550.67,7.9318e-08,416.657,4465.65,3.13319e-07,471.621,5615.16,3.4613e-07,533.835,7058.61,-1.19199e-07,604.255,8870.02,-2.79964e-07,683.962,11141.4,-2.30521e-07,774.182,13986.7,-2.55099e-07,876.299,17546.4,1.23585e-07,991.883,21993.1,1.41192e-07,1122.71,27536.7,-9.71886e-08,1270.78,34430.7,-3.68368e-07,1438.38,42977.7,-3.45379e-07,1628.07,53532.7,-3.25328e-09,1842.77,66504.6,2.6362e-07,2085.77,82350.2,2.53445e-07,2360.79,101560,-2.47407e-08,2672.05,124632,-3.80602e-07,3024.31,152018,-4.79005e-07,3422.98,184060,-1.14379e-07,3874.15,220884,2.64297e-07,4384.72,262283,3.44131e-07,4962.49,307576,7.5349e-08,5616.29,355497,-3.63097e-07,6356.1,404126,-6.05442e-07,7193.18,450932,-2.72333e-07,8140.28,492963,2.29675e-07,9211.79,527178,4.3387e-07,10424,550893,-1.0711e-07,10.102,8.06553,2.81012,10.6436,8.57909,0.869423,11.5336,10.2515,0.270869,12.7211,12.7138,0.0844293,14.1823,15.9373,0.0263173,15.9122,20.0383,0.0082035,17.9198,25.2154,0.00255722,20.2244,31.7373,0.000797017,22.8539,39.9486,0.000248622,25.8438,50.2851,7.75492e-05,29.237,63.2963,2.42508e-05,33.0837,79.6738,7.67162e-06,37.4415,100.288,2.32837e-06,42.3767,126.236,7.33e-07,47.9646,158.896,2.79256e-07,54.2906,200.003,9.87351e-09,61.452,251.741,1.61085e-07,69.5585,316.859,-2.47141e-07,78.7347,398.812,8.93552e-08,89.1218,501.948,-2.53231e-07,100.879,631.736,-1.25047e-07,114.188,795.049,-1.78808e-07,129.252,1000.53,2.6733e-07,146.304,1259.03,4.50292e-07,165.605,1584.19,6.76904e-07,187.452,1993.12,-1.23808e-07,212.181,2507.27,-4.89068e-07,240.173,3153.54,-5.40284e-07,271.856,3965.56,1.86061e-07,307.719,4985.38,4.37004e-07,348.313,6265.4,3.59828e-07,394.26,7870.83,3.98192e-07,446.268,9882.51,-1.92908e-07,505.135,12400.3,-2.20392e-07,571.766,15546.9,1.51705e-07,647.184,19472.2,5.74996e-07,732.547,24357.4,5.39112e-07,829.167,30420,5.07815e-09,938.526,37916.3,-4.11492e-07,1062.3,47143.9,-3.9561e-07,1202.4,58439.2,3.86185e-08,1360.96,72169.3,5.94093e-07,1540.42,88715.8,7.47693e-07,1743.53,108445,1.78537e-07,1973.41,131665,-4.12549e-07,2233.57,158557,-5.37164e-07,2528,189103,-1.17615e-07,2861.2,222986,5.66769e-07,3238.27,259510,9.45053e-07,3664.97,297540,4.25093e-07,4147.81,335497,-3.58506e-07,4694.17,371444,-6.7724e-07,5312.37,403256,1.67192e-07,1.61744,3.89446,9.84394,3.28846,7.5504,12.774,5.07607,11.7187,13.6844,7.03202,16.8147,13.9681,9.20215,23.1769,14.0566,11.6301,31.1672,14.0841,14.3598,41.2186,14.0927,17.4376,53.8688,14.0954,20.9137,69.7915,14.0962,24.8432,89.8341,14.0965,29.2879,115.063,14.0966,34.3168,146.819,14.0966,40.0078,186.792,14.0966,46.4487,237.107,14.0966,53.7388,300.44,14.0966,61.9903,380.158,14.0966,71.3301,480.499,14.0966,81.902,606.796,14.0966,93.8685,765.761,14.0966,107.414,965.837,14.0966,122.746,1217.65,14.0966,140.101,1534.57,14.0966,159.745,1933.41,14.0966,181.981,2435.3,14.0966,207.15,3066.85,14.0966,235.64,3861.46,14.0966,267.889,4861.11,14.0966,304.391,6118.54,14.0966,345.709,7699.91,14.0966,392.478,9688.22,14.0966,445.417,12187.5,14.0966,505.339,15327.7,14.0966,573.165,19271.6,14.0966,649.938,24222,14.0966,736.839,30430.9,14.0966,835.202,38211.5,14.0966,946.539,47950.3,14.0966,1072.56,60122.8,14.0966,1215.21,75309.9,14.0966,1376.66,94216.2,14.0966,1559.41,117688,14.0966,1766.26,146729,14.0966,2000.39,182510,14.0966,2265.39,226372,14.0966,2565.33,279806,14.0966,2904.81,344416,14.0966,3289.05,421845,14.0966,3723.93,513667,14.0966,4216.13,621231,14.0966,4773.18,745478,14.0966,5403.64,886744,14.0966,6117.15,1.04457e+06,14.0966,6924.63,1.2176e+06,14.0966,11.7194,11.96,12.6541,13.9321,16.1295,13.6434,16.6097,21.9702,13.9553,19.7532,29.5285,14.0526,23.3844,39.1143,14.0829,27.5423,51.2054,14.0923,32.2796,66.434,14.0953,37.662,85.6061,14.0962,43.7675,109.74,14.0965,50.687,140.119,14.0966,58.5249,178.359,14.0966,67.4005,226.493,14.0966,77.4493,287.08,14.0966,88.8254,363.343,14.0966,101.703,459.336,14.0966,116.281,580.161,14.0966,132.782,732.241,14.0966,151.46,923.655,14.0966,172.603,1164.57,14.0966,196.535,1467.79,14.0966,223.625,1849.39,14.0966,254.288,2329.62,14.0966,288.997,2933.93,14.0966,328.285,3694.33,14.0966,372.755,4651.04,14.0966,423.092,5854.57,14.0966,480.07,7368.38,14.0966,544.564,9272.08,14.0966,617.566,11665.5,14.0966,700.197,14673.6,14.0966,793.729,18452.9,14.0966,899.599,23198.6,14.0966,1019.43,29154.1,14.0966,1155.07,36622.3,14.0966,1308.6,45977.9,14.0966,1482.39,57683.7,14.0966,1679.09,72307.8,14.0966,1901.73,90542.8,14.0966,2153.73,113226,14.0966,2438.97,141360,14.0966,2761.81,176127,14.0966,3127.22,218898,14.0966,3540.81,271226,14.0966,4008.92,334817,14.0966,4538.74,411470,14.0966,5138.38,502973,14.0966,5817.04,610948,14.0966,6585.12,736653,14.0966,7454.39,880741,14.0966,8438.15,1.04302e+06,14.0966,9551.45,1.22224e+06,14.0966,10811.3,1.41602e+06,14.0966,12237,1.62086e+06,14.0966,11.7194,11.96,12.6541,2.21263,4.16949,0.989383,2.67766,5.84076,0.311842,3.14343,7.55825,0.0972771,3.63127,9.58578,0.0303237,4.15787,12.0912,0.00945211,4.73731,15.2286,0.00294633,5.38238,19.1721,0.000918508,6.10553,24.134,0.000286163,6.91951,30.3791,8.92692e-05,7.83792,38.2397,2.78121e-05,8.87555,48.1338,8.65134e-06,10.0489,60.5876,2.7882e-06,11.3761,76.2629,8.29036e-07,12.8779,95.9927,2.4373e-07,14.5775,120.825,4.33068e-09,16.5012,152.08,1.75749e-07,18.6784,191.415,-1.86328e-07,21.1428,240.917,1.91829e-07,23.9322,303.213,-1.81475e-07,27.0895,381.602,7.0186e-08,30.6634,480.231,-2.86769e-08,34.7087,604.316,2.40784e-07,39.2876,760.401,9.87368e-08,44.4705,956.705,1.22263e-07,50.3371,1203.54,-4.31966e-07,56.9776,1513.81,-1.9705e-07,64.494,1903.69,-2.763e-08,73.0018,2393.4,3.9185e-07,82.6317,3008.13,1.35379e-07,93.5318,3779.25,-4.16351e-08,105.869,4745.7,2.06965e-08,119.834,5955.6,-3.18887e-07,135.641,7468.12,-1.48271e-08,153.531,9355.62,2.00739e-07,173.781,11705.8,2.28358e-07,196.701,14624.1,-1.93587e-08,222.642,18235,-2.88101e-07,252.003,22683.4,-2.24732e-07,285.234,28134,8.56806e-09,322.845,34767,2.34258e-07,365.413,42770.9,2.99668e-07,413.588,52327.9,8.28644e-08,468.111,63591.2,-3.07049e-07,529.814,76653.2,-3.1888e-07,599.642,91502.5,-6.72276e-08,678.662,107975,2.26339e-07,768.083,125705,3.69212e-07,869.267,144088,2.04077e-07,983.76,162277,-2.80509e-07,1113.3,179223,-4.22737e-07,1259.87,193777,-1.71951e-07,1425.68,204839,4.55555e-07,11.7194,11.96,12.6541,2.21263,4.16949,0.989383,2.67766,5.84076,0.311842,3.14343,7.55825,0.0972771,3.63127,9.58578,0.0303237,4.15787,12.0912,0.00945211,4.73731,15.2286,0.00294633,5.38238,19.1721,0.000918508,6.10553,24.134,0.000286163,6.91951,30.3791,8.92692e-05,7.83792,38.2397,2.78121e-05,8.87555,48.1338,8.65134e-06,10.0489,60.5876,2.7882e-06,11.3761,76.2629,8.29036e-07,12.8779,95.9927,2.4373e-07,14.5775,120.825,1e-08,16.5012,152.08,1.75749e-07,18.6784,191.415,1e-08,21.1428,240.917,1.91829e-07,23.9322,303.213,1e-08,27.0895,381.602,7.0186e-08,30.6634,480.231,1e-08,34.7087,604.316,2.40784e-07,39.2876,760.401,9.87368e-08,44.4705,956.705,1.22263e-07,50.3371,1203.54,1e-08,56.9776,1513.81,1e-08,64.494,1903.69,1e-08,73.0018,2393.4,3.9185e-07,82.6317,3008.13,1.35379e-07,93.5318,3779.25,1e-08,105.869,4745.7,2.06965e-08,119.834,5955.6,1e-08,135.641,7468.12,1e-08,153.531,9355.62,2.00739e-07,173.781,11705.8,2.28358e-07,196.701,14624.1,1e-08,222.642,18235,1e-08,252.003,22683.4,1e-08,285.234,28134,1e-08,322.845,34767,2.34258e-07,365.413,42770.9,2.99668e-07,413.588,52327.9,8.28644e-08,468.111,63591.2,1e-08,529.814,76653.2,1e-08,599.642,91502.5,1e-08,678.662,107975,2.26339e-07,768.083,125705,3.69212e-07,869.267,144088,2.04077e-07,983.76,162277,1e-08,1113.3,179223,1e-08,1259.87,193777,1e-08,1425.68,204839,4.55555e-07,6.2823,3.27286,2.43537,0.219672,6.18826,2.24117,0.56371,6.87772,2.63624,0.308279,11,7,6,2,4,0,1,5,1,4,6,0,3,4,0,1,13,0,9,22,0,3,17,0,5,28,0,6,41,0,5,58,0,14,37,0,14,48,0,13,71,0,10,160,0,14,180,0,15,157,0,15,268,0,39,333,0,30,200,0,27,440,0,17,360,0,30,697,0,24,499,0,52,870,0,36,1716,0,54,1511,0,87,1921,0,50,963,0,89,1202,0,110,2899,0,65,8620,0,68,5483,0,141,10425,0,177,6354,0,149,7833,0,139,4723,0,219,28499,0,270,23036,0,313,26358,0,303,33259,0,182,37323,0,781,43314,0,439,70622,0,1097,52669,0,606,104875,0,476,177405,0,762,42103,0,366,182546,0,1338,197863,0,1036,113985,0,1995,279548,0,1457,264141,0
-1.05176e+08,1,8.88811e-15,10,1023,0,1.05176e+08,0.528882,1.08665,0.389689,0.145397,0.379329,3.24381,0.161596,0.446195,1.77396,0.159177,1.15e+07,4.49998e+06,6.79999e+06,1.15e+07,4.49997e+06,6.79999e+06,1.15e+07,4.49996e+06,6.79999e+06,1.15e+07,4.49995e+06,6.79999e+06,1.14999e+07,4.49993e+06,6.79999e+06,1.14999e+07,4.49991e+06,6.79999e+06,1.14999e+07,4.49989e+06,6.79999e+06,1.14999e+07,4.49986e+06,6.79999e+06,1.14999e+07,4.49982e+06,6.79999e+06,1.14999e+07,4.49977e+06,6.79999e+06,1.14999e+07,4.49971e+06,6.79999e+06,1.14999e+07,4.49963e+06,6.79999e+06,1.14998e+07,4.49953e+06,6.79999e+06,1.14998e+07,4.49941e+06,6.79999e+06,1.14998e+07,4.49926e+06,6.79999e+06,1.14998e+07,4.49906e+06,6.79999e+06,1.14997e+07,4.49882e+06,6.79999e+06,1.14997e+07,4.49851e+06,6.79999e+06,1.14997e+07,4.49812e+06,6.79999e+06,1.14996e+07,4.49764e+06,6.79999e+06,1.14996e+07,4.49702e+06,6.79999e+06,1.14995e+07,4.49625e+06,6.79999e+06,1.14995e+07,4.49528e+06,6.79999e+06,1.14994e+07,4.49406e+06,6.79999e+06,1.14993e+07,4.49253e+06,6.79999e+06,1.14992e+07,4.49059e+06,6.79999e+06,1.14991e+07,4.48817e+06,6.79999e+06,1.1499e+07,4.48511e+06,6.79999e+06,1.14988e+07,4.48128e+06,6.79999e+06,1.14987e+07,4.47646e+06,6.79999e+06,1.14985e+07,4.47041e+06,6.79999e+06,1.14983e+07,4.46281e+06,6.79999e+06,1.14981e+07,4.4533e+06,6.79999e+06,1.14979e+07,4.44138e+06,6.79999e+06,1.14976e+07,4.42649e+06,6.79999e+06,1.14972e+07,4.40789e+06,6.79999e+06,1.14969e+07,4.38471e+06,6.79999e+06,1.14965e+07,4.35592e+06,6.79999e+06,1.1496e+07,4.32027e+06,6.79999e+06,1.14955e+07,4.27629e+06,6.79999e+06,1.14949e+07,4.22231e+06,6.79999e+06,1.14942e+07,4.15647e+06,6.79999e+06,1.14934e+07,4.07676e+06,6.79999e+06,1.14926e+07,3.98112e+06,6.79999e+06,1.14916e+07,3.86765e+06,6.79999e+06,1.14905e+07,3.73474e+06,6.79999e+06,1.14892e+07,3.58148e+06,6.79999e+06,1.14878e+07,3.40785e+06,6.79999e+06,1.14862e+07,3.21513e+06,6.79999e+06,1.14844e+07,3.00605e+06,6.79999e+06,1.14823e+07,2.7848e+06,6.79999e+06,1.148e+07,2.5568e+06,6.79999e+06,1.14773e+07,2.32825e+06,6.79999e+06,13.5742,8.52444,0.508366,16.8306,13.2585,0.162638,20.0035,17.569,0.0507846,23.2616,22.4214,0.0158319,26.7328,28.3297,0.00493498,30.5212,35.6974,0.00153831,34.7178,44.9473,0.000479527,39.4086,56.5822,0.000149456,44.6796,71.2245,4.66214e-05,50.6209,89.6543,1.45419e-05,57.3297,112.852,4.54748e-06,64.9129,142.051,1.43857e-06,73.4897,178.803,4.36618e-07,83.1934,225.062,1.40153e-07,94.1745,283.286,4.96378e-08,106.602,356.568,1.05434e-07,120.669,448.799,-6.49244e-08,136.59,564.873,1.70148e-07,154.611,710.948,-5.34594e-08,175.008,894.767,1.63407e-07,198.097,1126.06,8.04804e-08,224.231,1417.07,1.14667e-07,253.813,1783.15,-1.71227e-07,287.297,2243.62,-2.88466e-07,325.198,2822.67,-4.33651e-07,368.098,3550.67,7.9318e-08,416.657,4465.65,3.13319e-07,471.621,5615.16,3.4613e-07,533.835,7058.61,-1.19199e-07,604.255,8870.02,-2.79964e-07,683.962,11141.4,-2.30521e-07,774.182,13986.7,-2.55099e-07,876.299,17546.4,1.23585e-07,991.883,21993.1,1.41192e-07,1122.71,27536.7,-9.71886e-08,1270.78,34430.7,-3.68368e-07,1438.38,42977.7,-3.45379e-07,1628.07,53532.7,-3.25328e-09,1842.77,66504.6,2.6362e-07,2085.77,82350.2,2.53445e-07,2360.79,101560,-2.47407e-08,2672.05,124632,-3.80602e-07,3024.31,152018,-4.79005e-07,3422.98,184060,-1.14379e-07,3874.15,220884,2.64297e-07,4384.72,262283,3.44131e-07,4962.49,307576,7.5349e-08,5616.29,355497,-3.63097e-07,6356.1,404126,-6.05442e-07,7193.18,450932,-2.72333e-07,8140.28,492963,2.29675e-07,9211.79,527178,4.3387e-07,10424,550893,-1.0711e-07,10.102,8.06553,2.81012,10.6436,8.57909,0.869423,11.5336,10.2515,0.270869,12.7211,12.7138,0.0844293,14.1823,15.9373,0.0263173,15.9122,20.0383,0.0082035,17.9198,25.2154,0.00255722,20.2244,31.7373,0.000797017,22.8539,39.9486,0.000248622,25.8438,50.2851,7.75492e-05,29.237,63.2963,2.42508e-05,33.0837,79.6738,7.67162e-06,37.4415,100.288,2.32837e-06,42.3767,126.236,7.33e-07,47.9646,158.896,2.79256e-07,54.2906,200.003,9.87351e-09,61.452,251.741,1.61085e-07,69.5585,316.859,-2.47141e-07,78.7347,398.812,8.93552e-08,89.1218,501.948,-2.53231e-07,100.879,631.736,-1.25047e-07,114.188,795.049,-1.78808e-07,129.252,1000.53,2.6733e-07,146.304,1259.03,4.50292e-07,165.605,1584.19,6.76904e-07,187.452,1993.12,-1.23808e-07,212.181,2507.27,-4.89068e-07,240.173,3153.54,-5.40284e-07,271.856,3965.56,1.86061e-07,307.719,4985.38,4.37004e-07,348.313,6265.4,3.59828e-07,394.26,7870.83,3.98192e-07,446.268,9882.51,-1.92908e-07,505.135,12400.3,-2.20392e-07,571.766,15546.9,1.51705e-07,647.184,19472.2,5.74996e-07,732.547,24357.4,5.39112e-07,829.167,30420,5.07815e-09,938.526,37916.3,-4.11492e-07,1062.3,47143.9,-3.9561e-07,1202.4,58439.2,3.86185e-08,1360.96,72169.3,5.94093e-07,1540.42,88715.8,7.47693e-07,1743.53,108445,1.78537e-07,1973.41,131665,-4.12549e-07,2233.57,158557,-5.37164e-07,2528,189103,-1.17615e-07,2861.2,222986,5.66769e-07,3238.27,259510,9.45053e-07,3664.97,297540,4.25093e-07,4147.81,335497,-3.58506e-07,4694.17,371444,-6.7724e-07,5312.37,403256,1.67192e-07,1.61744,3.89446,9.84394,3.28846,7.5504,12.774,5.07607,11.7187,13.6844,7.03202,16.8147,13.9681,9.20215,23.1769,14.0566,11.6301,31.1672,14.0841,14.3598,41.2186,14.0927,17.4376,53.8688,14.0954,20.9137,69.7915,14.0962,24.8432,89.8341,14.0965,29.2879,115.063,14.0966,34.3168,146.819,14.0966,40.0078,186.792,14.0966,46.4487,237.107,14.0966,53.7388,300.44,14.0966,61.9903,380.158,14.0966,71.3301,480.499,14.0966,81.902,606.796,14.0966,93.8685,765.761,14.0966,107.414,965.837,14.0966,122.746,1217.65,14.0966,140.101,1534.57,14.0966,159.745,1933.41,14.0966,181.981,2435.3,14.0966,207.15,3066.85,14.0966,235.64,3861.46,14.0966,267.889,4861.11,14.0966,304.391,6118.54,14.0966,345.709,7699.91,14.0966,392.478,9688.22,14.0966,445.417,12187.5,14.0966,505.339,15327.7,14.0966,573.165,19271.6,14.0966,649.938,24222,14.0966,736.839,30430.9,14.0966,835.202,38211.5,14.0966,946.539,47950.3,14.0966,1072.56,60122.8,14.0966,1215.21,75309.9,14.0966,1376.66,94216.2,14.0966,1559.41,117688,14.0966,1766.26,146729,14.0966,2000.39,182510,14.0966,2265.39,226372,14.0966,2565.33,279806,14.0966,2904.81,344416,14.0966,3289.05,421845,14.0966,3723.93,513667,14.0966,4216.13,621231,14.0966,4773.18,745478,14.0966,5403.64,886744,14.0966,6117.15,1.04457e+06,14.0966,6924.63,1.2176e+06,14.0966,11.7194,11.96,12.6541,13.9321,16.1295,13.6434,16.6097,21.9702,13.9553,19.7532,29.5285,14.0526,23.3844,39.1143,14.0829,27.5423,51.2054,14.0923,32.2796,66.434,14.0953,37.662,85.6061,14.0962,43.7675,109.74,14.0965,50.687,140.119,14.0966,58.5249,178.359,14.0966,67.4005,226.493,14.0966,77.4493,287.08,14.0966,88.8254,363.343,14.0966,101.703,459.336,14.0966,116.281,580.161,14.0966,132.782,732.241,14.0966,151.46,923.655,14.0966,172.603,1164.57,14.0966,196.535,1467.79,14.0966,223.625,1849.39,14.0966,254.288,2329.62,14.0966,288.997,2933.93,14.0966,328.285,3694.33,14.0966,372.755,4651.04,14.0966,423.092,5854.57,14.0966,480.07,7368.38,14.0966,544.564,9272.08,14.0966,617.566,11665.5,14.0966,700.197,14673.6,14.0966,793.729,18452.9,14.0966,899.599,23198.6,14.0966,1019.43,29154.1,14.0966,1155.07,36622.3,14.0966,1308.6,45977.9,14.0966,1482.39,57683.7,14.0966,1679.09,72307.8,14.0966,1901.73,90542.8,14.0966,2153.73,113226,14.0966,2438.97,141360,14.0966,2761.81,176127,14.0966,3127.22,218898,14.0966,3540.81,271226,14.0966,4008.92,334817,14.0966,4538.74,411470,14.0966,5138.38,502973,14.0966,5817.04,610948,14.0966,6585.12,736653,14.0966,7454.39,880741,14.0966,8438.15,1.04302e+06,14.0966,9551.45,1.22224e+06,14.0966,10811.3,1.41602e+06,14.0966,12237,1.62086e+06,14.0966,11.7194,11.96,12.6541,2.21263,4.16949,0.989383,2.67766,5.84076,0.311842,3.14343,7.55825,0.0972771,3.63127,9.58578,0.0303237,4.15787,12.0912,0.00945211,4.73731,15.2286,0.00294633,5.38238,19.1721,0.000918508,6.10553,24.134,0.000286163,6.91951,30.3791,8.92692e-05,7.83792,38.2397,2.78121e-05,8.87555,48.1338,8.65134e-06,10.0489,60.5876,2.7882e-06,11.3761,76.2629,8.29036e-07,12.8779,95.9927,2.4373e-07,14.5775,120.825,4.33068e-09,16.5012,152.08,1.75749e-07,18.6784,191.415,-1.86328e-07,21.1428,240.917,1.91829e-07,23.9322,303.213,-1.81475e-07,27.0895,381.602,7.0186e-08,30.6634,480.231,-2.86769e-08,34.7087,604.316,2.40784e-07,39.2876,760.401,9.87368e-08,44.4705,956.705,1.22263e-07,50.3371,1203.54,-4.31966e-07,56.9776,1513.81,-1.9705e-07,64.494,1903.69,-2.763e-08,73.0018,2393.4,3.9185e-07,82.6317,3008.13,1.35379e-07,93.5318,3779.25,-4.16351e-08,105.869,4745.7,2.06965e-08,119.834,5955.6,-3.18887e-07,135.641,7468.12,-1.48271e-08,153.531,9355.62,2.00739e-07,173.781,11705.8,2.28358e-07,196.701,14624.1,-1.93587e-08,222.642,18235,-2.88101e-07,252.003,22683.4,-2.24732e-07,285.234,28134,8.56806e-09,322.845,34767,2.34258e-07,365.413,42770.9,2.99668e-07,413.588,52327.9,8.28644e-08,468.111,63591.2,-3.07049e-07,529.814,76653.2,-3.1888e-07,599.642,91502.5,-6.72276e-08,678.662,107975,2.26339e-07,768.083,125705,3.69212e-07,869.267,144088,2.04077e-07,983.76,162277,-2.80509e-07,1113.3,179223,-4.22737e-07,1259.87,193777,-1.71951e-07,1425.68,204839,4.55555e-07,11.7194,11.96,12.6541,2.21263,4.16949,0.989383,2.67766,5.84076,0.311842,3.14343,7.55825,0.0972771,3.63127,9.58578,0.0303237,4.15787,12.0912,0.00945211,4.73731,15.2286,0.00294633,5.38238,19.1721,0.000918508,6.10553,24.134,0.000286163,6.91951,30.3791,8.92692e-05,7.83792,38.2397,2.78121e-05,8.87555,48.1338,8.65134e-06,10.0489,60.5876,2.7882e-06,11.3761,76.2629,8.29036e-07,12.8779,95.9927,2.4373e-07,14.5775,120.825,1e-08,16.5012,152.08,1.75749e-07,18.6784,191.415,1e-08,21.1428,240.917,1.91829e-07,23.9322,303.213,1e-08,27.0895,381.602,7.0186e-08,30.6634,480.231,1e-08,34.7087,604.316,2.40784e-07,39.2876,760.401,9.87368e-08,44.4705,956.705,1.22263e-07,50.3371,1203.54,1e-08,56.9776,1513.81,1e-08,64.494,1903.69,1e-08,73.0018,2393.4,3.9185e-07,82.6317,3008.13,1.35379e-07,93.5318,3779.25,1e-08,105.869,4745.7,2.06965e-08,119.834,5955.6,1e-08,135.641,7468.12,1e-08,153.531,9355.62,2.00739e-07,173.781,11705.8,2.28358e-07,196.701,14624.1,1e-08,222.642,18235,1e-08,252.003,22683.4,1e-08,285.234,28134,1e-08,322.845,34767,2.34258e-07,365.413,42770.9,2.99668e-07,413.588,52327.9,8.28644e-08,468.111,63591.2,1e-08,529.814,76653.2,1e-08,599.642,91502.5,1e-08,678.662,107975,2.26339e-07,768.083,125705,3.69212e-07,869.267,144088,2.04077e-07,983.76,162277,1e-08,1113.3,179223,1e-08,1259.87,193777,1e-08,1425.68,204839,4.55555e-07,6.2823,3.27286,2.43537,0.219672,6.18826,2.24117,0.56371,6.87772,2.63624,0.308279,16,15,10,3,5,1,0,6,0,4,9,0,2,11,0,1,8,0,1,20,0,0,12,0,5,23,0,4,27,0,7,30,0,11,30,0,18,71,0,22,42,0,31,92,0,7,93,0,14,131,0,9,123,0,14,121,0,42,222,0,25,528,0,14,762,0,30,729,0,41,1352,0,62,437,0,27,553,0,95,2686,0,54,1821,0,76,1446,0,57,2331,0,63,3857,0,78,2514,0,106,7610,0,80,8289,0,150,9405,0,249,9476,0,119,22940,0,290,22255,0,162,21094,0,219,18574,0,303,48311,0,285,35001,0,619,47653,0,507,48666,0,896,50880,0,593,61544,0,448,75888,0,334,50741,0,1388,178194,0,869,201024,0,1320,222265,0,1138,237652,0,2121,264568,0
-1.05176e+08,1,8.88811e-15,10,1023,0,1.05176e+08,0.528882,1.08665,0.389689,0.145397,0.379329,3.24381,0.161596,0.446195,1.77396,0.159177,1.15e+07,4.49998e+06,6.79999e+06,1.15e+07,4.49997e+06,6.79999e+06,1.15e+07,4.49996e+06,6.79999e+06,1.15e+07,4.49995e+06,6.79999e+06,1.14999e+07,4.49993e+06,6.79999e+06,1.14999e+07,4.49991e+06,6.79999e+06,1.14999e+07,4.49989e+06,6.79999e+06,1.14999e+07,4.49986e+06,6.79999e+06,1.14999e+07,4.49982e+06,6.79999e+06,1.14999e+07,4.49977e+06,6.79999e+06,1.14999e+07,4.49971e+06,6.79999e+06,1.14999e+07,4.49963e+06,6.79999e+06,1.14998e+07,4.49953e+06,6.79999e+06,1.14998e+07,4.49941e+06,6.79999e+06,1.14998e+07,4.49926e+06,6.79999e+06,1.14998e+07,4.49906e+06,6.79999e+06,1.14997e+07,4.49882e+06,6.79999e+06,1.14997e+07,4.49851e+06,6.79999e+06,1.14997e+07,4.49812e+06,6.79999e+06,1.14996e+07,4.49764e+06,6.79999e+06,1.14996e+07,4.49702e+06,6.79999e+06,1.14995e+07,4.49625e+06,6.79999e+06,1.14995e+07,4.49528e+06,6.79999e+06,1.14994e+07,4.49406e+06,6.79999e+06,1.14993e+07,4.49253e+06,6.79999e+06,1.14992e+07,4.49059e+06,6.79999e+06,1.14991e+07,4.48817e+06,6.79999e+06,1.1499e+07,4.48511e+06,6.79999e+06,1.14988e+07,4.48128e+06,6.79999e+06,1.14987e+07,4.47646e+06,6.79999e+06,1.14985e+07,4.47041e+06,6.79999e+06,1.14983e+07,4.46281e+06,6.79999e+06,1.14981e+07,4.4533e+06,6.79999e+06,1.14979e+07,4.44138e+06,6.79999e+06,1.14976e+07,4.42649e+06,6.79999e+06,1.14972e+07,4.40789e+06,6.79999e+06,1.14969e+07,4.38471e+06,6.79999e+06,1.14965e+07,4.35592e+06,6.79999e+06,1.1496e+07,4.32027e+06,6.79999e+06,1.14955e+07,4.27629e+06,6.79999e+06,1.14949e+07,4.22231e+06,6.79999e+06,1.14942e+07,4.15647e+06,6.79999e+06,1.14934e+07,4.07676e+06,6.79999e+06,1.14926e+07,3.98112e+06,6.79999e+06,1.14916e+07,3.86765e+06,6.79999e+06,1.14905e+07,3.73474e+06,6.79999e+06,1.14892e+07,3.58148e+06,6.79999e+06,1.14878e+07,3.40785e+06,6.79999e+06,1.14862e+07,3.21513e+06,6.79999e+06,1.14844e+07,3.00605e+06,6.79999e+06,1.14823e+07,2.7848e+06,6.79999e+06,1.148e+07,2.5568e+06,6.79999e+06,1.14773e+07,2.32825e+06,6.79999e+06,13.5742,8.52444,0.508366,16.8306,13.2585,0.162638,20.0035,17.569,0.0507846,23.2616,22.4214,0.0158319,26.7328,28.3297,0.00493498,30.5212,35.6974,0.00153831,34.7178,44.9473,0.000479527,39.4086,56.5822,0.000149456,44.6796,71.2245,4.66214e-05,50.6209,89.6543,1.45419e-05,57.3297,112.852,4.54748e-06,64.9129,142.051,1.43857e-06,73.4897,178.803,4.36618e-07,83.1934,225.062,1.40153e-07,94.1745,283.286,4.96378e-08,106.602,356.568,1.05434e-07,120.669,448.799,-6.49244e-08,136.59,564.873,1.70148e-07,154.611,710.948,-5.34594e-08,175.008,894.767,1.63407e-07,198.097,1126.06,8.04804e-08,224.231,1417.07,1.14667e-07,253.813,1783.15,-1.71227e-07,287.297,2243.62,-2.88466e-07,325.198,2822.67,-4.33651e-07,368.098,3550.67,7.9318e-08,416.657,4465.65,3.13319e-07,471.621,5615.16,3.4613e-07,533.835,7058.61,-1.19199e-07,604.255,8870.02,-2.79964e-07,683.962,11141.4,-2.30521e-07,774.182,13986.7,-2.55099e-07,876.299,17546.4,1.23585e-07,991.883,21993.1,1.41192e-07,1122.71,27536.7,-9.71886e-08,1270.78,34430.7,-3.68368e-07,1438.38,42977.7,-3.45379e-07,1628.07,53532.7,-3.25328e-09,1842.77,66504.6,2.6362e-07,2085.77,82350.2,2.53445e-07,2360.79,101560,-2.47407e-08,2672.05,124632,-3.80602e-07,3024.31,152018,-4.79005e-07,3422.98,184060,-1.14379e-07,3874.15,220884,2.64297e-07,4384.72,262283,3.44131e-07,4962.49,307576,7.5349e-08,5616.29,355497,-3.63097e-07,6356.1,404126,-6.05442e-07,7193.18,450932,-2.72333e-07,8140.28,492963,2.29675e-07,9211.79,527178,4.3387e-07,10424,550893,-1.0711e-07,10.102,8.06553,2.81012,10.6436,8.57909,0.869423,11.5336,10.2515,0.270869,12.7211,12.7138,0.0844293,14.1823,15.9373,0.0263173,15.9122,20.0383,0.0082035,17.9198,25.2154,0.00255722,20.2244,31.7373,0.000797017,22.8539,39.9486,0.000248622,25.8438,50.2851,7.75492e-05,29.237,63.2963,2.42508e-05,33.0837,79.6738,7.67162e-06,37.4415,100.288,2.32837e-06,42.3767,126.236,7.33e-07,47.9646,158.896,2.79256e-07,54.2906,200.003,9.87351e-09,61.452,251.741,1.61085e-07,69.5585,316.859,-2.47141e-07,78.7347,398.812,8.93552e-08,89.1218,501.948,-2.53231e-07,100.879,631.736,-1.25047e-07,114.188,795.049,-1.78808e-07,129.252,1000.53,2.6733e-07,146.304,1259.03,4.50292e-07,165.605,1584.19,6.76904e-07,187.452,1993.12,-1.23808e-07,212.181,2507.27,-4.89068e-07,240.173,3153.54,-5.40284e-07,271.856,3965.56,1.86061e-07,307.719,4985.38,4.37004e-07,348.313,6265.4,3.59828e-07,394.26,7870.83,3.98192e-07,446.268,9882.51,-1.92908e-07,505.135,12400.3,-2.20392e-07,571.766,15546.9,1.51705e-07,647.184,19472.2,5.74996e-07,732.547,24357.4,5.39112e-07,829.167,30420,5.07815e-09,938.526,37916.3,-4.11492e-07,1062.3,47143.9,-3.9561e-07,1202.4,58439.2,3.86185e-08,1360.96,72169.3,5.94093e-07,1540.42,88715.8,7.47693e-07,1743.53,108445,1.78537e-07,1973.41,131665,-4.12549e-07,2233.57,158557,-5.37164e-07,2528,189103,-1.17615e-07,2861.2,222986,5.66769e-07,3238.27,259510,9.45053e-07,3664.97,297540,4.25093e-07,4147.81,335497,-3.58506e-07,4694.17,371444,-6.7724e-07,5312.37,403256,1.67192e-07,1.61744,3.89446,9.84394,3.28846,7.5504,12.774,5.07607,11.7187,13.6844,7.03202,16.8147,13.9681,9.20215,23.1769,14.0566,11.6301,31.1672,14.0841,14.3598,41.2186,14.0927,17.4376,53.8688,14.0954,20.9137,69.7915,14.0962,24.8432,89.8341,14.0965,29.2879,115.063,14.0966,34.3168,146.819,14.0966,40.0078,186.792,14.0966,46.4487,237.107,14.0966,53.7388,300.44,14.0966,61.9903,380.158,14.0966,71.3301,480.499,14.0966,81.902,606.796,14.0966,93.8685,765.761,14.0966,107.414,965.837,14.0966,122.746,1217.65,14.0966,140.101,1534.57,14.0966,159.745,1933.41,14.0966,181.981,2435.3,14.0966,207.15,3066.85,14.0966,235.64,3861.46,14.0966,267.889,4861.11,14.0966,304.391,6118.54,14.0966,345.709,7699.91,14.0966,392.478,9688.22,14.0966,445.417,12187.5,14.0966,505.339,15327.7,14.0966,573.165,19271.6,14.0966,649.938,24222,14.0966,736.839,30430.9,14.0966,835.202,38211.5,14.0966,946.539,47950.3,14.0966,1072.56,60122.8,14.0966,1215.21,75309.9,14.0966,1376.66,94216.2,14.0966,1559.41,117688,14.0966,1766.26,146729,14.0966,2000.39,182510,14.0966,2265.39,226372,14.0966,2565.33,279806,14.0966,2904.81,344416,14.0966,3289.05,421845,14.0966,3723.93,513667,14.0966,4216.13,621231,14.0966,4773.18,745478,14.0966,5403.64,886744,14.0966,6117.15,1.04457e+06,14.0966,6924.63,1.2176e+06,14.0966,11.7194,11.96,12.6541,13.9321,16.1295,13.6434,16.6097,21.9702,13.9553,19.7532,29.5285,14.0526,23.3844,39.1143,14.0829,27.5423,51.2054,14.0923,32.2796,66.434,14.0953,37.662,85.6061,14.0962,43.7675,109.74,14.0965,50.687,140.119,14.0966,58.5249,178.359,14.0966,67.4005,226.493,14.0966,77.4493,287.08,14.0966,88.8254,363.343,14.0966,101.703,459.336,14.0966,116.281,580.161,14.0966,132.782,732.241,14.0966,151.46,923.655,14.0966,172.603,1164.57,14.0966,196.535,1467.79,14.0966,223.625,1849.39,14.0966,254.288,2329.62,14.0966,288.997,2933.93,14.0966,328.285,3694.33,14.0966,372.755,4651.04,14.0966,423.092,5854.57,14.0966,480.07,7368.38,14.0966,544.564,9272.08,14.0966,617.566,11665.5,14.0966,700.197,14673.6,14.0966,793.729,18452.9,14.0966,899.599,23198.6,14.0966,1019.43,29154.1,14.0966,1155.07,36622.3,14.0966,1308.6,45977.9,14.0966,1482.39,57683.7,14.0966,1679.09,72307.8,14.0966,1901.73,90542.8,14.0966,2153.73,113226,14.0966,2438.97,141360,14.0966,2761.81,176127,14.0966,3127.22,218898,14.0966,3540.81,271226,14.0966,4008.92,334817,14.0966,4538.74,411470,14.0966,5138.38,502973,14.0966,5817.04,610948,14.0966,6585.12,736653,14.0966,7454.39,880741,14.0966,8438.15,1.04302e+06,14.0966,9551.45,1.22224e+06,14.0966,10811.3,1.41602e+06,14.0966,12237,1.62086e+06,14.0966,11.7194,11.96,12.6541,2.21263,4.16949,0.989383,2.67766,5.84076,0.311842,3.14343,7.55825,0.0972771,3.63127,9.58578,0.0303237,4.15787,12.0912,0.00945211,4.73731,15.2286,0.00294633,5.38238,19.1721,0.000918508,6.10553,24.134,0.000286163,6.91951,30.3791,8.92692e-05,7.83792,38.2397,2.78121e-05,8.87555,48.1338,8.65134e-06,10.0489,60.5876,2.7882e-06,11.3761,76.2629,8.29036e-07,12.8779,95.9927,2.4373e-07,14.5775,120.825,4.33068e-09,16.5012,152.08,1.75749e-07,18.6784,191.415,-1.86328e-07,21.1428,240.917,1.91829e-07,23.9322,303.213,-1.81475e-07,27.0895,381.602,7.0186e-08,30.6634,480.231,-2.86769e-08,34.7087,604.316,2.40784e-07,39.2876,760.401,9.87368e-08,44.4705,956.705,1.22263e-07,50.3371,1203.54,-4.31966e-07,56.9776,1513.81,-1.9705e-07,64.494,1903.69,-2.763e-08,73.0018,2393.4,3.9185e-07,82.6317,3008.13,1.35379e-07,93.5318,3779.25,-4.16351e-08,105.869,4745.7,2.06965e-08,119.834,5955.6,-3.18887e-07,135.641,7468.12,-1.48271e-08,153.531,9355.62,2.00739e-07,173.781,11705.8,2.28358e-07,196.701,14624.1,-1.93587e-08,222.642,18235,-2.88101e-07,252.003,22683.4,-2.24732e-07,285.234,28134,8.56806e-09,322.845,34767,2.34258e-07,365.413,42770.9,2.99668e-07,413.588,52327.9,8.28644e-08,468.111,63591.2,-3.07049e-07,529.814,76653.2,-3.1888e-07,599.642,91502.5,-6.72276e-08,678.662,107975,2.26339e-07,768.083,125705,3.69212e-07,869.267,144088,2.04077e-07,983.76,162277,-2.80509e-07,1113.3,179223,-4.22737e-07,1259.87,193777,-1.71951e-07,1425.68,204839,4.55555e-07,11.7194,11.96,12.6541,2.21263,4.16949,0.989383,2.67766,5.84076,0.311842,3.14343,7.55825,0.0972771,3.63127,9.58578,0.0303237,4.15787,12.0912,0.00945211,4.73731,15.2286,0.00294633,5.38238,19.1721,0.000918508,6.10553,24.134,0.000286163,6.91951,30.3791,8.92692e-05,7.83792,38.2397,2.78121e-05,8.87555,48.1338,8.65134e-06,10.0489,60.5876,2.7882e-06,11.3761,76.2629,8.29036e-07,12.8779,95.9927,2.4373e-07,14.5775,120.825,1e-08,16.5012,152.08,1.75749e-07,18.6784,191.415,1e-08,21.1428,240.917,1.91829e-07,23.9322,303.213,1e-08,27.0895,381.602,7.0186e-08,30.6634,480.231,1e-08,34.7087,604.316,2.40784e-07,39.2876,760.401,9.87368e-08,44.4705,956.705,1.22263e-07,50.3371,1203.54,1e-08,56.9776,1513.81,1e-08,64.494,1903.69,1e-08,73.0018,2393.4,3.9185e-07,82.6317,3008.13,1.35379e-07,93.5318,3779.25,1e-08,105.869,4745.7,2.06965e-08,119.834,5955.6,1e-08,135.641,7468.12,1e-08,153.531,9355.62,2.00739e-07,173.781,11705.8,2.28358e-07,196.701,14624.1,1e-08,222.642,18235,1e-08,252.003,22683.4,1e-08,285.234,28134,1e-08,322.845,34767,2.34258e-07,365.413,42770.9,2.99668e-07,413.588,52327.9,8.28644e-08,468.111,63591.2,1e-08,529.814,76653.2,1e-08,599.642,91502.5,1e-08,678.662,107975,2.26339e-07,768.083,125705,3.69212e-07,869.267,144088,2.04077e-07,983.76,162277,1e-08,1113.3,179223,1e-08,1259.87,193777,1e-08,1425.68,204839,4.55555e-07,6.2823,3.27286,2.43537,0.219672,6.18826,2.24117,0.56371,6.87772,2.63624,0.308279,8,12,8,3,5,1,3,4,1,3,7,0,3,15,0,3,6,0,6,39,0,3,26,0,7,14,0,9,25,0,7,54,0,8,32,0,6,50,0,19,28,0,21,80,0,10,153,0,47,105,0,22,292,0,14,214,0,27,202,0,21,170,0,45,645,0,62,691,0,29,1285,0,47,1164,0,47,1068,0,72,1329,0,71,2106,0,64,2330,0,63,3174,0,97,2461,0,133,2457,0,80,9901,0,110,7405,0,76,11796,0,83,12309,0,361,11953,0,221,15868,0,133,15609,0,201,17813,0,434,21908,0,378,41856,0,444,79907,0,374,58302,0,407,135011,0,423,92843,0,835,108406,0,758,155876,0,1911,112330,0,556,186451,0,772,210134,0,2378,248785,0,1903,181622,0
-1.05176e+08,1,8.88811e-15,10,1023,0,1.05176e+08,0.528882,1.08665,0.389689,0.145397,0.379329,3.24381,0.161596,0.446195,1.77396,0.159177,1.15e+07,4.49998e+06,6.79999e+06,1.15e+07,4.49997e+06,6.79999e+06,1.15e+07,4.49996e+06,6.79999e+06,1.15e+07,4.49995e+06,6.79999e+06,1.14999e+07,4.49993e+06,6.79999e+06,1.14999e+07,4.49991e+06,6.79999e+06,1.14999e+07,4.49989e+06,6.79999e+06,1.14999e+07,4.49986e+06,6.79999e+06,1.14999e+07,4.49982e+06,6.79999e+06,1.14999e+07,4.49977e+06,6.79999e+06,1.14999e+07,4.49971e+06,6.79999e+06,1.14999e+07,4.49963e+06,6.79999e+06,1.14998e+07,4.49953e+06,6.79999e+06,1.14998e+07,4.49941e+06,6.79999e+06,1.14998e+07,4.49926e+06,6.79999e+06,1.14998e+07,4.49906e+06,6.79999e+06,1.14997e+07,4.49882e+06,6.79999e+06,1.14997e+07,4.49851e+06,6.79999e+06,1.14997e+07,4.49812e+06,6.79999e+06,1.14996e+07,4.49764e+06,6.79999e+06,1.14996e+07,4.49702e+06,6.79999e+06,1.14995e+07,4.49625e+06,6.79999e+06,1.14995e+07,4.49528e+06,6.79999e+06,1.14994e+07,4.49406e+06,6.79999e+06,1.14993e+07,4.49253e+06,6.79999e+06,1.14992e+07,4.49059e+06,6.79999e+06,1.14991e+07,4.48817e+06,6.79999e+06,1.1499e+07,4.48511e+06,6.79999e+06,1.14988e+07,4.48128e+06,6.79999e+06,1.14987e+07,4.47646e+06,6.79999e+06,1.14985e+07,4.47041e+06,6.79999e+06,1.14983e+07,4.46281e+06,6.79999e+06,1.14981e+07,4.4533e+06,6.79999e+06,1.14979e+07,4.44138e+06,6.79999e+06,1.14976e+07,4.42649e+06,6.79999e+06,1.14972e+07,4.40789e+06,6.79999e+06,1.14969e+07,4.38471e+06,6.79999e+06,1.14965e+07,4.35592e+06,6.79999e+06,1.1496e+07,4.32027e+06,6.79999e+06,1.14955e+07,4.27629e+06,6.79999e+06,1.14949e+07,4.22231e+06,6.79999e+06,1.14942e+07,4.15647e+06,6.79999e+06,1.14934e+07,4.07676e+06,6.79999e+06,1.14926e+07,3.98112e+06,6.79999e+06,1.14916e+07,3.86765e+06,6.79999e+06,1.14905e+07,3.73474e+06,6.79999e+06,1.14892e+07,3.58148e+06,6.79999e+06,1.14878e+07,3.40785e+06,6.79999e+06,1.14862e+07,3.21513e+06,6.79999e+06,1.14844e+07,3.00605e+06,6.79999e+06,1.14823e+07,2.7848e+06,6.79999e+06,1.148e+07,2.5568e+06,6.79999e+06,1.14773e+07,2.32825e+06,6.79999e+06,13.5742,8.52444,0.508366,16.8306,13.2585,0.162638,20.0035,17.569,0.0507846,23.2616,22.4214,0.0158319,26.7328,28.3297,0.00493498,30.5212,35.6974,0.00153831,34.7178,44.9473,0.000479527,39.4086,56.5822,0.000149456,44.6796,71.2245,4.66214e-05,50.6209,89.6543,1.45419e-05,57.3297,112.852,4.54748e-06,64.9129,142.051,1.43857e-06,73.4897,178.803,4.36618e-07,83.1934,225.062,1.40153e-07,94.1745,283.286,4.96378e-08,106.602,356.568,1.05434e-07,120.669,448.799,-6.49244e-08,136.59,564.873,1.70148e-07,154.611,710.948,-5.34594e-08,175.008,894.767,1.63407e-07,198.097,1126.06,8.04804e-08,224.231,1417.07,1.14667e-07,253.813,1783.15,-1.71227e-07,287.297,2243.62,-2.88466e-07,325.198,2822.67,-4.33651e-07,368.098,3550.67,7.9318e-08,416.657,4465.65,3.13319e-07,471.621,5615.16,3.4613e-07,533.835,7058.61,-1.19199e-07,604.255,8870.02,-2.79964e-07,683.962,11141.4,-2.30521e-07,774.182,13986.7,-2.55099e-07,876.299,17546.4,1.23585e-07,991.883,21993.1,1.41192e-07,1122.71,27536.7,-9.71886e-08,1270.78,34430.7,-3.68368e-07,1438.38,42977.7,-3.45379e-07,1628.07,53532.7,-3.25328e-09,1842.77,66504.6,2.6362e-07,2085.77,82350.2,2.53445e-07,2360.79,101560,-2.47407e-08,2672.05,124632,-3.80602e-07,3024.31,152018,-4.79005e-07,3422.98,184060,-1.14379e-07,3874.15,220884,2.64297e-07,4384.72,262283,3.44131e-07,4962.49,307576,7.5349e-08,5616.29,355497,-3.63097e-07,6356.1,404126,-6.05442e-07,7193.18,450932,-2.72333e-07,8140.28,492963,2.29675e-07,9211.79,527178,4.3387e-07,10424,550893,-1.0711e-07,10.102,8.06553,2.81012,10.6436,8.57909,0.869423,11.5336,10.2515,0.270869,12.7211,12.7138,0.0844293,14.1823,15.9373,0.0263173,15.9122,20.0383,0.0082035,17.9198,25.2154,0.00255722,20.2244,31.7373,0.000797017,22.8539,39.9486,0.000248622,25.8438,50.2851,7.75492e-05,29.237,63.2963,2.42508e-05,33.0837,79.6738,7.67162e-06,37.4415,100.288,2.32837e-06,42.3767,126.236,7.33e-07,47.9646,158.896,2.79256e-07,54.2906,200.003,9.87351e-09,61.452,251.741,1.61085e-07,69.5585,316.859,-2.47141e-07,78.7347,398.812,8.93552e-08,89.1218,501.948,-2.53231e-07,100.879,631.736,-1.25047e-07,114.188,795.049,-1.78808e-07,129.252,1000.53,2.6733e-07,146.304,1259.03,4.50292e-07,165.605,1584.19,6.76904e-07,187.452,1993.12,-1.23808e-07,212.181,2507.27,-4.89068e-07,240.173,3153.54,-5.40284e-07,271.856,3965.56,1.86061e-07,307.719,4985.38,4.37004e-07,348.313,6265.4,3.59828e-07,394.26,7870.83,3.98192e-07,446.268,9882.51,-1.92908e-07,505.135,12400.3,-2.20392e-07,571.766,15546.9,1.51705e-07,647.184,19472.2,5.74996e-07,732.547,24357.4,5.39112e-07,829.167,30420,5.07815e-09,938.526,37916.3,-4.11492e-07,1062.3,47143.9,-3.9561e-07,1202.4,58439.2,3.86185e-08,1360.96,72169.3,5.94093e-07,1540.42,88715.8,7.47693e-07,1743.53,108445,1.78537e-07,1973.41,131665,-4.12549e-07,2233.57,158557,-5.37164e-07,2528,189103,-1.17615e-07,2861.2,222986,5.66769e-07,3238.27,259510,9.45053e-07,3664.97,297540,4.25093e-07,4147.81,335497,-3.58506e-07,4694.17,371444,-6.7724e-07,5312.37,403256,1.67192e-07,1.61744,3.89446,9.84394,3.28846,7.5504,12.774,5.07607,11.7187,13.6844,7.03202,16.8147,13.9681,9.20215,23.1769,14.0566,11.6301,31.1672,14.0841,14.3598,41.2186,14.0927,17.4376,53.8688,14.0954,20.9137,69.7915,14.0962,24.8432,89.8341,14.0965,29.2879,115.063,14.0966,34.3168,146.819,14.0966,40.0078,186.792,14.0966,46.4487,237.107,14.0966,53.7388,300.44,14.0966,61.9903,380.158,14.0966,71.3301,480.499,14.0966,81.902,606.796,14.0966,93.8685,765.761,14.0966,107.414,965.837,14.0966,122.746,1217.65,14.0966,140.101,1534.57,14.0966,159.745,1933.41,14.0966,181.981,2435.3,14.0966,207.15,3066.85,14.0966,235.64,3861.46,14.0966,267.889,4861.11,14.0966,304.391,6118.54,14.0966,345.709,7699.91,14.0966,392.478,9688.22,14.0966,445.417,12187.5,14.0966,505.339,15327.7,14.0966,573.165,19271.6,14.0966,649.938,24222,14.0966,736.839,30430.9,14.0966,835.202,38211.5,14.0966,946.539,47950.3,14.0966,1072.56,60122.8,14.0966,1215.21,75309.9,14.0966,1376.66,94216.2,14.0966,1559.41,117688,14.0966,1766.26,146729,14.0966,2000.39,182510,14.0966,2265.39,226372,14.0966,2565.33,279806,14.0966,2904.81,344416,14.0966,3289.05,421845,14.0966,3723.93,513667,14.0966,4216.13,621231,14.0966,4773.18,745478,14.0966,5403.64,886744,14.0966,6117.15,1.04457e+06,14.0966,6924.63,1.2176e+06,14.0966,11.7194,11.96,12.6541,13.9321,16.1295,13.6434,16.6097,21.9702,13.9553,19.7532,29.5285,14.0526,23.3844,39.1143,14.0829,27.5423,51.2054,14.0923,32.2796,66.434,14.0953,37.662,85.6061,14.0962,43.7675,109.74,14.0965,50.687,140.119,14.0966,58.5249,178.359,14.0966,67.4005,226.493,14.0966,77.4493,287.08,14.0966,88.8254,363.343,14.0966,101.703,459.336,14.0966,116.281,580.161,14.0966,132.782,732.241,14.0966,151.46,923.655,14.0966,172.603,1164.57,14.0966,196.535,1467.79,14.0966,223.625,1849.39,14.0966,254.288,2329.62,14.0966,288.997,2933.93,14.0966,328.285,3694.33,14.0966,372.755,4651.04,14.0966,423.092,5854.57,14.0966,480.07,7368.38,14.0966,544.564,9272.08,14.0966,617.566,11665.5,14.0966,700.197,14673.6,14.0966,793.729,18452.9,14.0966,899.599,23198.6,14.0966,1019.43,29154.1,14.0966,1155.07,36622.3,14.0966,1308.6,45977.9,14.0966,1482.39,57683.7,14.0966,1679.09,72307.8,14.0966,1901.73,90542.8,14.0966,2153.73,113226,14.0966,2438.97,141360,14.0966,2761.81,176127,14.0966,3127.22,218898,14.0966,3540.81,271226,14.0966,4008.92,334817,14.0966,4538.74,411470,14.0966,5138.38,502973,14.0966,5817.04,610948,14.0966,6585.12,736653,14.0966,7454.39,880741,14.0966,8438.15,1.04302e+06,14.0966,9551.45,1.22224e+06,14.0966,10811.3,1.41602e+06,14.0966,12237,1.62086e+06,14.0966,11.7194,11.96,12.6541,2.21263,4.16949,0.989383,2.67766,5.84076,0.311842,3.14343,7.55825,0.0972771,3.63127,9.58578,0.0303237,4.15787,12.0912,0.00945211,4.73731,15.2286,0.00294633,5.38238,19.1721,0.000918508,6.10553,24.134,0.000286163,6.91951,30.3791,8.92692e-05,7.83792,38.2397,2.78121e-05,8.87555,48.1338,8.65134e-06,10.0489,60.5876,2.7882e-06,11.3761,76.2629,8.29036e-07,12.8779,95.9927,2.4373e-07,14.5775,120.825,4.33068e-09,16.5012,152.08,1.75749e-07,18.6784,191.415,-1.86328e-07,21.1428,240.917,1.91829e-07,23.9322,303.213,-1.81475e-07,27.0895,381.602,7.0186e-08,30.6634,480.231,-2.86769e-08,34.7087,604.316,2.40784e-07,39.2876,760.401,9.87368e-08,44.4705,956.705,1.22263e-07,50.3371,1203.54,-4.31966e-07,56.9776,1513.81,-1.9705e-07,64.494,1903.69,-2.763e-08,73.0018,2393.4,3.9185e-07,82.6317,3008.13,1.35379e-07,93.5318,3779.25,-4.16351e-08,105.869,4745.7,2.06965e-08,119.834,5955.6,-3.18887e-07,135.641,7468.12,-1.48271e-08,153.531,9355.62,2.00739e-07,173.781,11705.8,2.28358e-07,196.701,14624.1,-1.93587e-08,222.642,18235,-2.88101e-07,252.003,22683.4,-2.24732e-07,285.234,28134,8.56806e-09,322.845,34767,2.34258e-07,365.413,42770.9,2.99668e-07,413.588,52327.9,8.28644e-08,468.111,63591.2,-3.07049e-07,529.814,76653.2,-3.1888e-07,599.642,91502.5,-6.72276e-08,678.662,107975,2.26339e-07,768.083,125705,3.69212e-07,869.267,144088,2.04077e-07,983.76,162277,-2.80509e-07,1113.3,179223,-4.22737e-07,1259.87,193777,-1.71951e-07,1425.68,204839,4.55555e-07,11.7194,11.96,12.6541,2.21263,4.16949,0.989383,2.67766,5.84076,0.311842,3.14343,7.55825,0.0972771,3.63127,9.58578,0.0303237,4.15787,12.0912,0.00945211,4.73731,15.2286,0.00294633,5.38238,19.1721,0.000918508,6.10553,24.134,0.000286163,6.91951,30.3791,8.92692e-05,7.83792,38.2397,2.78121e-05,8.87555,48.1338,8.65134e-06,10.0489,60.5876,2.7882e-06,11.3761,76.2629,8.29036e-07,12.8779,95.9927,2.4373e-07,14.5775,120.825,1e-08,16.5012,152.08,1.75749e-07,18.6784,191.415,1e-08,21.1428,240.917,1.91829e-07,23.9322,303.213,1e-08,27.0895,381.602,7.0186e-08,30.6634,480.231,1e-08,34.7087,604.316,2.40784e-07,39.2876,760.401,9.87368e-08,44.4705,956.705,1.22263e-07,50.3371,1203.54,1e-08,56.9776,1513.81,1e-08,64.494,1903.69,1e-08,73.0018,2393.4,3.9185e-07,82.6317,3008.13,1.35379e-07,93.5318,3779.25,1e-08,105.869,4745.7,2.06965e-08,119.834,5955.6,1e-08,135.641,7468.12,1e-08,153.531,9355.62,2.00739e-07,173.781,11705.8,2.28358e-07,196.701,14624.1,1e-08,222.642,18235,1e-08,252.003,22683.4,1e-08,285.234,28134,1e-08,322.845,34767,2.34258e-07,365.413,42770.9,2.99668e-07,413.588,52327.9,8.28644e-08,468.111,63591.2,1e-08,529.814,76653.2,1e-08,599.642,91502.5,1e-08,678.662,107975,2.26339e-07,768.083,125705,3.69212e-07,869.267,144088,2.04077e-07,983.76,162277,1e-08,1113.3,179223,1e-08,1259.87,193777,1e-08,1425.68,204839,4.55555e-07,6.2823,3.27286,2.43537,0.219672,6.18826,2.24117,0.56371,6.87772,2.63624,0.308279,10,8,3,3,4,0,5,4,0,2,4,0,8,2,0,0,9,0,8,18,0,7,27,0,10,22,0,7,61,0,2,44,0,2,19,0,4,49,0,12,47,0,5,89,0,14,101,0,15,130,0,18,205,0,8,443,0,25,223,0,63,360,0,16,526,0,36,323,0,32,647,0,40,2164,0,39,1623,0,41,2238,0,90,2358,0,81,2298,0,80,3082,0,87,3338,0,83,4364,0,89,5027,0,106,5409,0,166,6235,0,292,13153,0,323,25262,0,299,14084,0,367,25248,0,147,12933,0,257,23609,0,294,52531,0,440,31350,0,983,38447,0,765,123772,0,923,148376,0,434,108412,0,732,90296,0,668,168262,0,1623,125305,0,1491,198531,0,584,223454,0,2522,157658,0
-1.05176e+08,1,8.88811e-15,10,1023,0,1.05176e+08,0.528882,1.08665,0.389689,0.145397,0.379329,3.24381,0.161596,0.446195,1.77396,0.159177,1.15e+07,4.49998e+06,6.79999e+06,1.15e+07,4.49997e+06,6.79999e+06,1.15e+07,4.49996e+06,6.79999e+06,1.15e+07,4.49995e+06,6.79999e+06,1.14999e+07,4.49993e+06,6.79999e+06,1.14999e+07,4.49991e+06,6.79999e+06,1.14999e+07,4.49989e+06,6.79999e+06,1.14999e+07,4.49986e+06,6.79999e+06,1.14999e+07,4.49982e+06,6.79999e+06,1.14999e+07,4.49977e+06,6.79999e+06,1.14999e+07,4.49971e+06,6.79999e+06,1.14999e+07,4.49963e+06,6.79999e+06,1.14998e+07,4.49953e+06,6.79999e+06,1.14998e+07,4.49941e+06,6.79999e+06,1.14998e+07,4.49926e+06,6.79999e+06,1.14998e+07,4.49906e+06,6.79999e+06,1.14997e+07,4.49882e+06,6.79999e+06,1.14997e+07,4.49851e+06,6.79999e+06,1.14997e+07,4.49812e+06,6.79999e+06,1.14996e+07,4.49764e+06,6.79999e+06,1.14996e+07,4.49702e+06,6.79999e+06,1.14995e+07,4.49625e+06,6.79999e+06,1.14995e+07,4.49528e+06,6.79999e+06,1.14994e+07,4.49406e+06,6.79999e+06,1.14993e+07,4.49253e+06,6.79999e+06,1.14992e+07,4.49059e+06,6.79999e+06,1.14991e+07,4.48817e+06,6.79999e+06,1.1499e+07,4.48511e+06,6.79999e+06,1.14988e+07,4.48128e+06,6.79999e+06,1.14987e+07,4.47646e+06,6.79999e+06,1.14985e+07,4.47041e+06,6.79999e+06,1.14983e+07,4.46281e+06,6.79999e+06,1.14981e+07,4.4533e+06,6.79999e+06,1.14979e+07,4.44138e+06,6.79999e+06,1.14976e+07,4.42649e+06,6.79999e+06,1.14972e+07,4.40789e+06,6.79999e+06,1.14969e+07,4.38471e+06,6.79999e+06,1.14965e+07,4.35592e+06,6.79999e+06,1.1496e+07,4.32027e+06,6.79999e+06,1.14955e+07,4.27629e+06,6.79999e+06,1.14949e+07,4.22231e+06,6.79999e+06,1.14942e+07,4.15647e+06,6.79999e+06,1.14934e+07,4.07676e+06,6.79999e+06,1.14926e+07,3.98112e+06,6.79999e+06,1.14916e+07,3.86765e+06,6.79999e+06,1.14905e+07,3.73474e+06,6.79999e+06,1.14892e+07,3.58148e+06,6.79999e+06,1.14878e+07,3.40785e+06,6.79999e+06,1.14862e+07,3.21513e+06,6.79999e+06,1.14844e+07,3.00605e+06,6.79999e+06,1.14823e+07,2.7848e+06,6.79999e+06,1.148e+07,2.5568e+06,6.79999e+06,1.14773e+07,2.32825e+06,6.79999e+06,13.5742,8.52444,0.508366,16.8306,13.2585,0.162638,20.0035,17.569,0.0507846,23.2616,22.4214,0.0158319,26.7328,28.3297,0.00493498,30.5212,35.6974,0.00153831,34.7178,44.9473,0.000479527,39.4086,56.5822,0.000149456,44.6796,71.2245,4.66214e-05,50.6209,89.6543,1.45419e-05,57.3297,112.852,4.54748e-06,64.9129,142.051,1.43857e-06,73.4897,178.803,4.36618e-07,83.1934,225.062,1.40153e-07,94.1745,283.286,4.96378e-08,106.602,356.568,1.05434e-07,120.669,448.799,-6.49244e-08,136.59,564.873,1.70148e-07,154.611,710.948,-5.34594e-08,175.008,894.767,1.63407e-07,198.097,1126.06,8.04804e-08,224.231,1417.07,1.14667e-07,253.813,1783.15,-1.71227e-07,287.297,2243.62,-2.88466e-07,325.198,2822.67,-4.33651e-07,368.098,3550.67,7.9318e-08,416.657,4465.65,3.13319e-07,471.621,5615.16,3.4613e-07,533.835,7058.61,-1.19199e-07,604.255,8870.02,-2.79964e-07,683.962,11141.4,-2.30521e-07,774.182,13986.7,-2.55099e-07,876.299,17546.4,1.23585e-07,991.883,21993.1,1.41192e-07,1122.71,27536.7,-9.71886e-08,1270.78,34430.7,-3.68368e-07,1438.38,42977.7,-3.45379e-07,1628.07,53532.7,-3.25328e-09,1842.77,66504.6,2.6362e-07,2085.77,82350.2,2.53445e-07,2360.79,101560,-2.47407e-08,2672.05,124632,-3.80602e-07,3024.31,152018,-4.79005e-07,3422.98,184060,-1.14379e-07,3874.15,220884,2.64297e-07,4384.72,262283,3.44131e-07,4962.49,307576,7.5349e-08,5616.29,355497,-3.63097e-07,6356.1,404126,-6.05442e-07,7193.18,450932,-2.72333e-07,8140.28,492963,2.29675e-07,9211.79,527178,4.3387e-07,10424,550893,-1.0711e-07,10.102,8.06553,2.81012,10.6436,8.57909,0.869423,11.5336,10.2515,0.270869,12.7211,12.7138,0.0844293,14.1823,15.9373,0.0263173,15.9122,20.0383,0.0082035,17.9198,25.2154,0.00255722,20.2244,31.7373,0.000797017,22.8539,39.9486,0.000248622,25.8438,50.2851,7.75492e-05,29.237,63.2963,2.42508e-05,33.0837,79.6738,7.67162e-06,37.4415,100.288,2.32837e-06,42.3767,126.236,7.33e-07,47.9646,158.896,2.79256e-07,54.2906,200.003,9.87351e-09,61.452,251.741,1.61085e-07,69.5585,316.859,-2.47141e-07,78.7347,398.812,8.93552e-08,89.1218,501.948,-2.53231e-07,100.879,631.736,-1.25047e-07,114.188,795.049,-1.78808e-07,129.252,1000.53,2.6733e-07,146.304,1259.03,4.50292e-07,165.605,1584.19,6.76904e-07,187.452,1993.12,-1.23808e-07,212.181,2507.27,-4.89068e-07,240.173,3153.54,-5.40284e-07,271.856,3965.56,1.86061e-07,307.719,4985.38,4.37004e-07,348.313,6265.4,3.59828e-07,394.26,7870.83,3.98192e-07,446.268,9882.51,-1.92908e-07,505.135,12400.3,-2.20392e-07,571.766,15546.9,1.51705e-07,647.184,19472.2,5.74996e-07,732.547,24357.4,5.39112e-07,829.167,30420,5.07815e-09,938.526,37916.3,-4.11492e-07,1062.3,47143.9,-3.9561e-07,1202.4,58439.2,3.86185e-08,1360.96,72169.3,5.94093e-07,1540.42,88715.8,7.47693e-07,1743.53,108445,1.78537e-07,1973.41,131665,-4.12549e-07,2233.57,158557,-5.37164e-07,2528,189103,-1.17615e-07,2861.2,222986,5.66769e-07,3238.27,259510,9.45053e-07,3664.97,297540,4.25093e-07,4147.81,335497,-3.58506e-07,4694.17,371444,-6.7724e-07,5312.37,403256,1.67192e-07,1.61744,3.89446,9.84394,3.28846,7.5504,12.774,5.07607,11.7187,13.6844,7.03202,16.8147,13.9681,9.20215,23.1769,14.0566,11.6301,31.1672,14.0841,14.3598,41.2186,14.0927,17.4376,53.8688,14.0954,20.9137,69.7915,14.0962,24.8432,89.8341,14.0965,29.2879,115.063,14.0966,34.3168,146.819,14.0966,40.0078,186.792,14.0966,46.4487,237.107,14.0966,53.7388,300.44,14.0966,61.9903,380.158,14.0966,71.3301,480.499,14.0966,81.902,606.796,14.0966,93.8685,765.761,14.0966,107.414,965.837,14.0966,122.746,1217.65,14.0966,140.101,1534.57,14.0966,159.745,1933.41,14.0966,181.981,2435.3,14.0966,207.15,3066.85,14.0966,235.64,3861.46,14.0966,267.889,4861.11,14.0966,304.391,6118.54,14.0966,345.709,7699.91,14.0966,392.478,9688.22,14.0966,445.417,12187.5,14.0966,505.339,15327.7,14.0966,573.165,19271.6,14.0966,649.938,24222,14.0966,736.839,30430.9,14.0966,835.202,38211.5,14.0966,946.539,47950.3,14.0966,1072.56,60122.8,14.0966,1215.21,75309.9,14.0966,1376.66,94216.2,14.0966,1559.41,117688,14.0966,1766.26,146729,14.0966,2000.39,182510,14.0966,2265.39,226372,14.0966,2565.33,279806,14.0966,2904.81,344416,14.0966,3289.05,421845,14.0966,3723.93,513667,14.0966,4216.13,621231,14.0966,4773.18,745478,14.0966,5403.64,886744,14.0966,6117.15,1.04457e+06,14.0966,6924.63,1.2176e+06,14.0966,11.7194,11.96,12.6541,13.9321,16.1295,13.6434,16.6097,21.9702,13.9553,19.7532,29.5285,14.0526,23.3844,39.1143,14.0829,27.5423,51.2054,14.0923,32.2796,66.434,14.0953,37.662,85.6061,14.0962,43.7675,109.74,14.0965,50.687,140.119,14.0966,58.5249,178.359,14.0966,67.4005,226.493,14.0966,77.4493,287.08,14.0966,88.8254,363.343,14.0966,101.703,459.336,14.0966,116.281,580.161,14.0966,132.782,732.241,14.0966,151.46,923.655,14.0966,172.603,1164.57,14.0966,196.535,1467.79,14.0966,223.625,1849.39,14.0966,254.288,2329.62,14.0966,288.997,2933.93,14.0966,328.285,3694.33,14.0966,372.755,4651.04,14.0966,423.092,5854.57,14.0966,480.07,7368.38,14.0966,544.564,9272.08,14.0966,617.566,11665.5,14.0966,700.197,14673.6,14.0966,793.729,18452.9,14.0966,899.599,23198.6,14.0966,1019.43,29154.1,14.0966,1155.07,36622.3,14.0966,1308.6,45977.9,14.0966,1482.39,57683.7,14.0966,1679.09,72307.8,14.0966,1901.73,90542.8,14.0966,2153.73,113226,14.0966,2438.97,141360,14.0966,2761.81,176127,14.0966,3127.22,218898,14.0966,3540.81,271226,14.0966,4008.92,334817,14.0966,4538.74,411470,14.0966,5138.38,502973,14.0966,5817.04,610948,14.0966,6585.12,736653,14.0966,7454.39,880741,14.0966,8438.15,1.04302e+06,14.0966,9551.45,1.22224e+06,14.0966,10811.3,1.41602e+06,14.0966,12237,1.62086e+06,14.0966,11.7194,11.96,12.6541,2.21263,4.16949,0.989383,2.67766,5.84076,0.311842,3.14343,7.55825,0.0972771,3.63127,9.58578,0.0303237,4.15787,12.0912,0.00945211,4.73731,15.2286,0.00294633,5.38238,19.1721,0.000918508,6.10553,24.134,0.000286163,6.91951,30.3791,8.92692e-05,7.83792,38.2397,2.78121e-05,8.87555,48.1338,8.65134e-06,10.0489,60.5876,2.7882e-06,11.3761,76.2629,8.29036e-07,12.8779,95.9927,2.4373e-07,14.5775,120.825,4.33068e-09,16.5012,152.08,1.75749e-07,18.6784,191.415,-1.86328e-07,21.1428,240.917,1.91829e-07,23.9322,303.213,-1.81475e-07,27.0895,381.602,7.0186e-08,30.6634,480.231,-2.86769e-08,34.7087,604.316,2.40784e-07,39.2876,760.401,9.87368e-08,44.4705,956.705,1.22263e-07,50.3371,1203.54,-4.31966e-07,56.9776,1513.81,-1.9705e-07,64.494,1903.69,-2.763e-08,73.0018,2393.4,3.9185e-07,82.6317,3008.13,1.35379e-07,93.5318,3779.25,-4.16351e-08,105.869,4745.7,2.06965e-08,119.834,5955.6,-3.18887e-07,135.641,7468.12,-1.48271e-08,153.531,9355.62,2.00739e-07,173.781,11705.8,2.28358e-07,196.701,14624.1,-1.93587e-08,222.642,18235,-2.88101e-07,252.003,22683.4,-2.24732e-07,285.234,28134,8.56806e-09,322.845,34767,2.34258e-07,365.413,42770.9,2.99668e-07,413.588,52327.9,8.28644e-08,468.111,63591.2,-3.07049e-07,529.814,76653.2,-3.1888e-07,599.642,91502.5,-6.72276e-08,678.662,107975,2.26339e-07,768.083,125705,3.69212e-07,869.267,144088,2.04077e-07,983.76,162277,-2.80509e-07,1113.3,179223,-4.22737e-07,1259.87,193777,-1.71951e-07,1425.68,204839,4.55555e-07,11.7194,11.96,12.6541,2.21263,4.16949,0.989383,2.67766,5.84076,0.311842,3.14343,7.55825,0.0972771,3.63127,9.58578,0.0303237,4.15787,12.0912,0.00945211,4.73731,15.2286,0.00294633,5.38238,19.1721,0.000918508,6.10553,24.134,0.000286163,6.91951,30.3791,8.92692e-05,7.83792,38.2397,2.78121e-05,8.87555,48.1338,8.65134e-06,10.0489,60.5876,2.7882e-06,11.3761,76.2629,8.29036e-07,12.8779,95.9927,2.4373e-07,14.5775,120.825,1e-08,16.5012,152.08,1.75749e-07,18.6784,191.415,1e-08,21.1428,240.917,1.91829e-07,23.9322,303.213,1e-08,27.0895,381.602,7.0186e-08,30.6634,480.231,1e-08,34.7087,604.316,2.40784e-07,39.2876,760.401,9.87368e-08,44.4705,956.705,1.22263e-07,50.3371,1203.54,1e-08,56.9776,1513.81,1e-08,64.494,1903.69,1e-08,73.0018,2393.4,3.9185e-07,82.6317,3008.13,1.35379e-07,93.5318,3779.25,1e-08,105.869,4745.7,2.06965e-08,119.834,5955.6,1e-08,135.641,7468.12,1e-08,153.531,9355.62,2.00739e-07,173.781,11705.8,2.28358e-07,196.701,14624.1,1e-08,222.642,18235,1e-08,252.003,22683.4,1e-08,285.234,28134,1e-08,322.845,34767,2.34258e-07,365.413,42770.9,2.99668e-07,413.588,52327.9,8.28644e-08,468.111,63591.2,1e-08,529.814,76653.2,1e-08,599.642,91502.5,1e-08,678.662,107975,2.26339e-07,768.083,125705,3.69212e-07,869.267,144088,2.04077e-07,983.76,162277,1e-08,1113.3,179223,1e-08,1259.87,193777,1e-08,1425.68,204839,4.55555e-07,6.2823,3.27286,2.43537,0.219672,6.18826,2.24117,0.56371,6.87772,2.63624,0.308279,12,16,4,2,2,0,0,0,0,7,16,0,2,4,0,0,16,0,7,12,0,7,4,0,3,22,0,3,17,0,4,94,0,12,44,0,12,90,0,17,55,0,30,85,0,38,96,0,16,111,0,13,98,0,29,306,0,18,277,0,47,443,0,20,512,0,72,643,0,22,641,0,49,772,0,66,1477,0,60,1569,0,78,1931,0,66,1126,0,111,4532,0,72,2552,0,250,4794,0,92,4221,0,58,10891,0,273,8475,0,183,14222,0,228,18515,0,261,15949,0,172,35110,0,478,25225,0,113,27634,0,403,59977,0,228,30361,0,444,63604,0,272,87462,0,683,61321,0,295,32149,0,817,154775,0,894,166916,0,1181,80493,0,1825,65740,0,1399,253021,0,1322,150023,0
-1.05176e+08,1.48641e-52,8.88811e-15,10,1023,0,1.05176e+08,0.528882,1.08665,0.389689,0.145397,0.379329,3.24381,0.161596,0.446195,1.77396,0.159177,1.15e+07,4.49998e+06,6.79999e+06,1.15e+07,4.49997e+06,6.79999e+06,1.15e+07,4.49996e+06,6.79999e+06,1.15e+07,4.49995e+06,6.79999e+06,1.14999e+07,4.49993e+06,6.79999e+06,1.14999e+07,4.49991e+06,6.79999e+06,1.14999e+07,4.49989e+06,6.79999e+06,1.14999e+07,4.49986e+06,6.79999e+06,1.14999e+07,4.49982e+06,6.79999e+06,1.14999e+07,4.49977e+06,6.79999e+06,1.14999e+07,4.49971e+06,6.79999e+06,1.14999e+07,4.49963e+06,6.79999e+06,1.14998e+07,4.49953e+06,6.79999e+06,1.14998e+07,4.49941e+06,6.79999e+06,1.14998e+07,4.49926e+06,6.79999e+06,1.14998e+07,4.49906e+06,6.79999e+06,1.14997e+07,4.49882e+06,6.79999e+06,1.14997e+07,4.49851e+06,6.79999e+06,1.14997e+07,4.49812e+06,6.79999e+06,1.14996e+07,4.49764e+06,6.79999e+06,1.14996e+07,4.49702e+06,6.79999e+06,1.14995e+07,4.49625e+06,6.79999e+06,1.14995e+07,4.49528e+06,6.79999e+06,1.14994e+07,4.49406e+06,6.79999e+06,1.14993e+07,4.49253e+06,6.79999e+06,1.14992e+07,4.49059e+06,6.79999e+06,1.14991e+07,4.48817e+06,6.79999e+06,1.1499e+07,4.48511e+06,6.79999e+06,1.14988e+07,4.48128e+06,6.79999e+06,1.14987e+07,4.47646e+06,6.79999e+06,1.14985e+07,4.47041e+06,6.79999e+06,1.14983e+07,4.46281e+06,6.79999e+06,1.14981e+07,4.4533e+06,6.79999e+06,1.14979e+07,4.44138e+06,6.79999e+06,1.14976e+07,4.42649e+06,6.79999e+06,1.14972e+07,4.40789e+06,6.79999e+06,1.14969e+07,4.38471e+06,6.79999e+06,1.14965e+07,4.35592e+06,6.79999e+06,1.1496e+07,4.32027e+06,6.79999e+06,1.14955e+07,4.27629e+06,6.79999e+06,1.14949e+07,4.22231e+06,6.79999e+06,1.14942e+07,4.15647e+06,6.79999e+06,1.14934e+07,4.07676e+06,6.79999e+06,1.14926e+07,3.98112e+06,6.79999e+06,1.14916e+07,3.86765e+06,6.79999e+06,1.14905e+07,3.73474e+06,6.79999e+06,1.14892e+07,3.58148e+06,6.79999e+06,1.14878e+07,3.40785e+06,6.79999e+06,1.14862e+07,3.21513e+06,6.79999e+06,1.14844e+07,3.00605e+06,6.79999e+06,1.14823e+07,2.7848e+06,6.79999e+06,1.148e+07,2.5568e+06,6.79999e+06,1.14773e+07,2.32825e+06,6.79999e+06,13.5742,8.52444,0.508366,16.8306,13.2585,0.162638,20.0035,17.569,0.0507846,23.2616,22.4214,0.0158319,26.7328,28.3297,0.00493498,30.5212,35.6974,0.00153831,34.7178,44.9473,0.000479527,39.4086,56.5822,0.000149456,44.6796,71.2245,4.66214e-05,50.6209,89.6543,1.45419e-05,57.3297,112.852,4.54748e-06,64.9129,142.051,1.43857e-06,73.4897,178.803,4.36618e-07,83.1934,225.062,1.40153e-07,94.1745,283.286,4.96378e-08,106.602,356.568,1.05434e-07,120.669,448.799,-6.49244e-08,136.59,564.873,1.70148e-07,154.611,710.948,-5.34594e-08,175.008,894.767,1.63407e-07,198.097,1126.06,8.04804e-08,224.231,1417.07,1.14667e-07,253.813,1783.15,-1.71227e-07,287.297,2243.62,-2.88466e-07,325.198,2822.67,-4.33651e-07,368.098,3550.67,7.9318e-08,416.657,4465.65,3.13319e-07,471.621,5615.16,3.4613e-07,533.835,7058.61,-1.19199e-07,604.255,8870.02,-2.79964e-07,683.962,11141.4,-2.30521e-07,774.182,13986.7,-2.55099e-07,876.299,17546.4,1.23585e-07,991.883,21993.1,1.41192e-07,1122.71,27536.7,-9.71886e-08,1270.78,34430.7,-3.68368e-07,1438.38,42977.7,-3.45379e-07,1628.07,53532.7,-3.25328e-09,1842.77,66504.6,2.6362e-07,2085.77,82350.2,2.53445e-07,2360.79,101560,-2.47407e-08,2672.05,124632,-3.80602e-07,3024.31,152018,-4.79005e-07,3422.98,184060,-1.14379e-07,3874.15,220884,2.64297e-07,4384.72,262283,3.44131e-07,4962.49,307576,7.5349e-08,5616.29,355497,-3.63097e-07,6356.1,404126,-6.05442e-07,7193.18,450932,-2.72333e-07,8140.28,492963,2.29675e-07,9211.79,527178,4.3387e-07,10424,550893,-1.0711e-07,10.102,8.06553,2.81012,10.6436,8.57909,0.869423,11.5336,10.2515,0.270869,12.7211,12.7138,0.0844293,14.1823,15.9373,0.0263173,15.9122,20.0383,0.0082035,17.9198,25.2154,0.00255722,20.2244,31.7373,0.000797017,22.8539,39.9486,0.000248622,25.8438,50.2851,7.75492e-05,29.237,63.2963,2.42508e-05,33.0837,79.6738,7.67162e-06,37.4415,100.288,2.32837e-06,42.3767,126.236,7.33e-07,47.9646,158.896,2.79256e-07,54.2906,200.003,9.87351e-09,61.452,251.741,1.61085e-07,69.5585,316.859,-2.47141e-07,78.7347,398.812,8.93552e-08,89.1218,501.948,-2.53231e-07,100.879,631.736,-1.25047e-07,114.188,795.049,-1.78808e-07,129.252,1000.53,2.6733e-07,146.304,1259.03,4.50292e-07,165.605,1584.19,6.76904e-07,187.452,1993.12,-1.23808e-07,212.181,2507.27,-4.89068e-07,240.173,3153.54,-5.40284e-07,271.856,3965.56,1.86061e-07,307.719,4985.38,4.37004e-07,348.313,6265.4,3.59828e-07,394.26,7870.83,3.98192e-07,446.268,9882.51,-1.92908e-07,505.135,12400.3,-2.20392e-07,571.766,15546.9,1.51705e-07,647.184,19472.2,5.74996e-07,732.547,24357.4,5.39112e-07,829.167,30420,5.07815e-09,938.526,37916.3,-4.11492e-07,1062.3,47143.9,-3.9561e-07,1202.4,58439.2,3.86185e-08,1360.96,72169.3,5.94093e-07,1540.42,88715.8,7.47693e-07,1743.53,108445,1.78537e-07,1973.41,131665,-4.12549e-07,2233.57,158557,-5.37164e-07,2528,189103,-1.17615e-07,2861.2,222986,5.66769e-07,3238.27,259510,9.45053e-07,3664.97,297540,4.25093e-07,4147.81,335497,-3.58506e-07,4694.17,371444,-6.7724e-07,5312.37,403256,1.67192e-07,1.61744,3.89446,9.84394,3.28846,7.5504,12.774,5.07607,11.7187,13.6844,7.03202,16.8147,13.9681,9.20215,23.1769,14.0566,11.6301,31.1672,14.0841,14.3598,41.2186,14.0927,17.4376,53.8688,14.0954,20.9137,69.7915,14.0962,24.8432,89.8341,14.0965,29.2879,115.063,14.0966,34.3168,146.819,14.0966,40.0078,186.792,14.0966,46.4487,237.107,14.0966,53.7388,300.44,14.0966,61.9903,380.158,14.0966,71.3301,480.499,14.0966,81.902,606.796,14.0966,93.8685,765.761,14.0966,107.414,965.837,14.0966,122.746,1217.65,14.0966,140.101,1534.57,14.0966,159.745,1933.41,14.0966,181.981,2435.3,14.0966,207.15,3066.85,14.0966,235.64,3861.46,14.0966,267.889,4861.11,14.0966,304.391,6118.54,14.0966,345.709,7699.91,14.0966,392.478,9688.22,14.0966,445.417,12187.5,14.0966,505.339,15327.7,14.0966,573.165,19271.6,14.0966,649.938,24222,14.0966,736.839,30430.9,14.0966,835.202,38211.5,14.0966,946.539,47950.3,14.0966,1072.56,60122.8,14.0966,1215.21,75309.9,14.0966,1376.66,94216.2,14.0966,1559.41,117688,14.0966,1766.26,146729,14.0966,2000.39,182510,14.0966,2265.39,226372,14.0966,2565.33,279806,14.0966,2904.81,344416,14.0966,3289.05,421845,14.0966,3723.93,513667,14.0966,4216.13,621231,14.0966,4773.18,745478,14.0966,5403.64,886744,14.0966,6117.15,1.04457e+06,14.0966,6924.63,1.2176e+06,14.0966,11.7194,11.96,12.6541,13.9321,16.1295,13.6434,16.6097,21.9702,13.9553,19.7532,29.5285,14.0526,23.3844,39.1143,14.0829,27.5423,51.2054,14.0923,32.2796,66.434,14.0953,37.662,85.6061,14.0962,43.7675,109.74,14.0965,50.687,140.119,14.0966,58.5249,178.359,14.0966,67.4005,226.493,14.0966,77.4493,287.08,14.0966,88.8254,363.343,14.0966,101.703,459.336,14.0966,116.281,580.161,14.0966,132.782,732.241,14.0966,151.46,923.655,14.0966,172.603,1164.57,14.0966,196.535,1467.79,14.0966,223.625,1849.39,14.0966,254.288,2329.62,14.0966,288.997,2933.93,14.0966,328.285,3694.33,14.0966,372.755,4651.04,14.0966,423.092,5854.57,14.0966,480.07,7368.38,14.0966,544.564,9272.08,14.0966,617.566,11665.5,14.0966,700.197,14673.6,14.0966,793.729,18452.9,14.0966,899.599,23198.6,14.0966,1019.43,29154.1,14.0966,1155.07,36622.3,14.0966,1308.6,45977.9,14.0966,1482.39,57683.7,14.0966,1679.09,72307.8,14.0966,1901.73,90542.8,14.0966,2153.73,113226,14.0966,2438.97,141360,14.0966,2761.81,176127,14.0966,3127.22,218898,14.0966,3540.81,271226,14.0966,4008.92,334817,14.0966,4538.74,411470,14.0966,5138.38,502973,14.0966,5817.04,610948,14.0966,6585.12,736653,14.0966,7454.39,880741,14.0966,8438.15,1.04302e+06,14.0966,9551.45,1.22224e+06,14.0966,10811.3,1.41602e+06,14.0966,12237,1.62086e+06,14.0966,11.7194,11.96,12.6541,2.21263,4.16949,0.989383,2.67766,5.84076,0.311842,3.14343,7.55825,0.0972771,3.63127,9.58578,0.0303237,4.15787,12.0912,0.00945211,4.73731,15.2286,0.00294633,5.38238,19.1721,0.000918508,6.10553,24.134,0.000286163,6.91951,30.3791,8.92692e-05,7.83792,38.2397,2.78121e-05,8.87555,48.1338,8.65134e-06,10.0489,60.5876,2.7882e-06,11.3761,76.2629,8.29036e-07,12.8779,95.9927,2.4373e-07,14.5775,120.825,4.33068e-09,16.5012,152.08,1.75749e-07,18.6784,191.415,-1.86328e-07,21.1428,240.917,1.91829e-07,23.9322,303.213,-1.81475e-07,27.0895,381.602,7.0186e-08,30.6634,480.231,-2.86769e-08,34.7087,604.316,2.40784e-07,39.2876,760.401,9.87368e-08,44.4705,956.705,1.22263e-07,50.3371,1203.54,-4.31966e-07,56.9776,1513.81,-1.9705e-07,64.494,1903.69,-2.763e-08,73.0018,2393.4,3.9185e-07,82.6317,3008.13,1.35379e-07,93.5318,3779.25,-4.16351e-08,105.869,4745.7,2.06965e-08,119.834,5955.6,-3.18887e-07,135.641,7468.12,-1.48271e-08,153.531,9355.62,2.00739e-07,173.781,11705.8,2.28358e-07,196.701,14624.1,-1.93587e-08,222.642,18235,-2.88101e-07,252.003,22683.4,-2.24732e-07,285.234,28134,8.56806e-09,322.845,34767,2.34258e-07,365.413,42770.9,2.99668e-07,413.588,52327.9,8.28644e-08,468.111,63591.2,-3.07049e-07,529.814,76653.2,-3.1888e-07,599.642,91502.5,-6.72276e-08,678.662,107975,2.26339e-07,768.083,125705,3.69212e-07,869.267,144088,2.04077e-07,983.76,162277,-2.80509e-07,1113.3,179223,-4.22737e-07,1259.87,193777,-1.71951e-07,1425.68,204839,4.55555e-07,11.7194,11.96,12.6541,2.21263,4.16949,0.989383,2.67766,5.84076,0.311842,3.14343,7.55825,0.0972771,3.63127,9.58578,0.0303237,4.15787,12.0912,0.00945211,4.73731,15.2286,0.00294633,5.38238,19.1721,0.000918508,6.10553,24.134,0.000286163,6.91951,30.3791,8.92692e-05,7.83792,38.2397,2.78121e-05,8.87555,48.1338,8.65134e-06,10.0489,60.5876,2.7882e-06,11.3761,76.2629,8.29036e-07,12.8779,95.9927,2.4373e-07,14.5775,120.825,1e-08,16.5012,152.08,1.75749e-07,18.6784,191.415,1e-08,21.1428,240.917,1.91829e-07,23.9322,303.213,1e-08,27.0895,381.602,7.0186e-08,30.6634,480.231,1e-08,34.7087,604.316,2.40784e-07,39.2876,760.401,9.87368e-08,44.4705,956.705,1.22263e-07,50.3371,1203.54,1e-08,56.9776,1513.81,1e-08,64.494,1903.69,1e-08,73.0018,2393.4,3.9185e-07,82.6317,3008.13,1.35379e-07,93.5318,3779.25,1e-08,105.869,4745.7,2.06965e-08,119.834,5955.6,1e-08,135.641,7468.12,1e-08,153.531,9355.62,2.00739e-07,173.781,11705.8,2.28358e-07,196.701,14624.1,1e-08,222.642,18235,1e-08,252.003,22683.4,1e-08,285.234,28134,1e-08,322.845,34767,2.34258e-07,365.413,42770.9,2.99668e-07,413.588,52327.9,8.28644e-08,468.111,63591.2,1e-08,529.814,76653.2,1e-08,599.642,91502.5,1e-08,678.662,107975,2.26339e-07,768.083,125705,3.69212e-07,869.267,144088,2.04077e-07,983.76,162277,1e-08,1113.3,179223,1e-08,1259.87,193777,1e-08,1425.68,204839,4.55555e-07,6.2823,3.27286,2.43537,0.219672,6.18826,2.24117,0.56371,6.87772,2.63624,0.308279,9,14,11,3,3,0,5,6,1,4,12,0,6,3,0,3,23,0,13,9,0,2,8,0,7,29,0,10,11,0,8,29,0,3,55,0,8,48,0,6,62,0,7,145,0,25,152,0,14,172,0,21,92,0,12,275,0,22,478,0,35,615,0,28,413,0,61,552,0,18,691,0,24,1067,0,65,1140,0,63,825,0,73,2004,0,43,953,0,93,1516,0,124,3717,0,103,2412,0,211,4947,0,197,5324,0,113,10542,0,95,6517,0,303,10863,0,218,21300,0,243,29573,0,218,34300,0,204,33546,0,323,47347,0,467,65981,0,376,42782,0,765,122491,0,623,74060,0,477,71752,0,344,152145,0,1569,132239,0,629,283455,0,1227,153150,0,1427,52881,0,1473,97255,0
-1.05176e+08,1,8.88811e-15,10,1023,0,1.05176e+08,0.528882,1.08665,0.389689,0.145397,0.379329,3.24381,0.161596,0.446195,1.77396,0.159177,1.15e+07,4.49998e+06,6.79999e+06,1.15e+07,4.49997e+06,6.79999e+06,1.15e+07,4.49996e+06,6.79999e+06,1.15e+07,4.49995e+06,6.79999e+06,1.14999e+07,4.49993e+06,6.79999e+06,1.14999e+07,4.49991e+06,6.79999e+06,1.14999e+07,4.49989e+06,6.79999e+06,1.14999e+07,4.49986e+06,6.79999e+06,1.14999e+07,4.49982e+06,6.79999e+06,1.14999e+07,4.49977e+06,6.79999e+06,1.14999e+07,4.49971e+06,6.79999e+06,1.14999e+07,4.49963e+06,6.79999e+06,1.14998e+07,4.49953e+06,6.79999e+06,1.14998e+07,4.49941e+06,6.79999e+06,1.14998e+07,4.49926e+06,6.79999e+06,1.14998e+07,4.49906e+06,6.79999e+06,1.14997e+07,4.49882e+06,6.79999e+06,1.14997e+07,4.49851e+06,6.79999e+06,1.14997e+07,4.49812e+06,6.79999e+06,1.14996e+07,4.49764e+06,6.79999e+06,1.14996e+07,4.49702e+06,6.79999e+06,1.14995e+07,4.49625e+06,6.79999e+06,1.14995e+07,4.49528e+06,6.79999e+06,1.14994e+07,4.49406e+06,6.79999e+06,1.14993e+07,4.49253e+06,6.79999e+06,1.14992e+07,4.49059e+06,6.79999e+06,1.14991e+07,4.48817e+06,6.79999e+06,1.1499e+07,4.48511e+06,6.79999e+06,1.14988e+07,4.48128e+06,6.79999e+06,1.14987e+07,4.47646e+06,6.79999e+06,1.14985e+07,4.47041e+06,6.79999e+06,1.14983e+07,4.46281e+06,6.79999e+06,1.14981e+07,4.4533e+06,6.79999e+06,1.14979e+07,4.44138e+06,6.79999e+06,1.14976e+07,4.42649e+06,6.79999e+06,1.14972e+07,4.40789e+06,6.79999e+06,1.14969e+07,4.38471e+06,6.79999e+06,1.14965e+07,4.35592e+06,6.79999e+06,1.1496e+07,4.32027e+06,6.79999e+06,1.14955e+07,4.27629e+06,6.79999e+06,1.14949e+07,4.22231e+06,6.79999e+06,1.14942e+07,4.15647e+06,6.79999e+06,1.14934e+07,4.07676e+06,6.79999e+06,1.14926e+07,3.98112e+06,6.79999e+06,1.14916e+07,3.86765e+06,6.79999e+06,1.14905e+07,3.73474e+06,6.79999e+06,1.14892e+07,3.58148e+06,6.79999e+06,1.14878e+07,3.40785e+06,6.79999e+06,1.14862e+07,3.21513e+06,6.79999e+06,1.14844e+07,3.00605e+06,6.79999e+06,1.14823e+07,2.7848e+06,6.79999e+06,1.148e+07,2.5568e+06,6.79999e+06,1.14773e+07,2.32825e+06,6.79999e+06,13.5742,8.52444,0.508366,16.8306,13.2585,0.162638,20.0035,17.569,0.0507846,23.2616,22.4214,0.0158319,26.7328,28.3297,0.00493498,30.5212,35.6974,0.00153831,34.7178,44.9473,0.000479527,39.4086,56.5822,0.000149456,44.6796,71.2245,4.66214e-05,50.6209,89.6543,1.45419e-05,57.3297,112.852,4.54748e-06,64.9129,142.051,1.43857e-06,73.4897,178.803,4.36618e-07,83.1934,225.062,1.40153e-07,94.1745,283.286,4.96378e-08,106.602,356.568,1.05434e-07,120.669,448.799,-6.49244e-08,136.59,564.873,1.70148e-07,154.611,710.948,-5.34594e-08,175.008,894.767,1.63407e-07,198.097,1126.06,8.04804e-08,224.231,1417.07,1.14667e-07,253.813,1783.15,-1.71227e-07,287.297,2243.62,-2.88466e-07,325.198,2822.67,-4.33651e-07,368.098,3550.67,7.9318e-08,416.657,4465.65,3.13319e-07,471.621,5615.16,3.4613e-07,533.835,7058.61,-1.19199e-07,604.255,8870.02,-2.79964e-07,683.962,11141.4,-2.30521e-07,774.182,13986.7,-2.55099e-07,876.299,17546.4,1.23585e-07,991.883,21993.1,1.41192e-07,1122.71,27536.7,-9.71886e-08,1270.78,34430.7,-3.68368e-07,1438.38,42977.7,-3.45379e-07,1628.07,53532.7,-3.25328e-09,1842.77,66504.6,2.6362e-07,2085.77,82350.2,2.53445e-07,2360.79,101560,-2.47407e-08,2672.05,124632,-3.80602e-07,3024.31,152018,-4.79005e-07,3422.98,184060,-1.14379e-07,3874.15,220884,2.64297e-07,4384.72,262283,3.44131e-07,4962.49,307576,7.5349e-08,5616.29,355497,-3.63097e-07,6356.1,404126,-6.05442e-07,7193.18,450932,-2.72333e-07,8140.28,492963,2.29675e-07,9211.79,527178,4.3387e-07,10424,550893,-1.0711e-07,10.102,8.06553,2.81012,10.6436,8.57909,0.869423,11.5336,10.2515,0.270869,12.7211,12.7138,0.0844293,14.1823,15.9373,0.0263173,15.9122,20.0383,0.0082035,17.9198,25.2154,0.00255722,20.2244,31.7373,0.000797017,22.8539,39.9486,0.000248622,25.8438,50.2851,7.75492e-05,29.237,63.2963,2.42508e-05,33.0837,79.6738,7.67162e-06,37.4415,100.288,2.32837e-06,42.3767,126.236,7.33e-07,47.9646,158.896,2.79256e-07,54.2906,200.003,9.87351e-09,61.452,251.741,1.61085e-07,69.5585,316.859,-2.47141e-07,78.7347,398.812,8.93552e-08,89.1218,501.948,-2.53231e-07,100.879,631.736,-1.25047e-07,114.188,795.049,-1.78808e-07,129.252,1000.53,2.6733e-07,146.304,1259.03,4.50292e-07,165.605,1584.19,6.76904e-07,187.452,1993.12,-1.23808e-07,212.181,2507.27,-4.89068e-07,240.173,3153.54,-5.40284e-07,271.856,3965.56,1.86061e-07,307.719,4985.38,4.37004e-07,348.313,6265.4,3.59828e-07,394.26,7870.83,3.98192e-07,446.268,9882.51,-1.92908e-07,505.135,12400.3,-2.20392e-07,571.766,15546.9,1.51705e-07,647.184,19472.2,5.74996e-07,732.547,24357.4,5.39112e-07,829.167,30420,5.07815e-09,938.526,37916.3,-4.11492e-07,1062.3,47143.9,-3.9561e-07,1202.4,58439.2,3.86185e-08,1360.96,72169.3,5.94093e-07,1540.42,88715.8,7.47693e-07,1743.53,108445,1.78537e-07,1973.41,131665,-4.12549e-07,2233.57,158557,-5.37164e-07,2528,189103,-1.17615e-07,2861.2,222986,5.66769e-07,3238.27,259510,9.45053e-07,3664.97,297540,4.25093e-07,4147.81,335497,-3.58506e-07,4694.17,371444,-6.7724e-07,5312.37,403256,1.67192e-07,1.61744,3.89446,9.84394,3.28846,7.5504,12.774,5.07607,11.7187,13.6844,7.03202,16.8147,13.9681,9.20215,23.1769,14.0566,11.6301,31.1672,14.0841,14.3598,41.2186,14.0927,17.4376,53.8688,14.0954,20.9137,69.7915,14.0962,24.8432,89.8341,14.0965,29.2879,115.063,14.0966,34.3168,146.819,14.0966,40.0078,186.792,14.0966,46.4487,237.107,14.0966,53.7388,300.44,14.0966,61.9903,380.158,14.0966,71.3301,480.499,14.0966,81.902,606.796,14.0966,93.8685,765.761,14.0966,107.414,965.837,14.0966,122.746,1217.65,14.0966,140.101,1534.57,14.0966,159.745,1933.41,14.0966,181.981,2435.3,14.0966,207.15,3066.85,14.0966,235.64,3861.46,14.0966,267.889,4861.11,14.0966,304.391,6118.54,14.0966,345.709,7699.91,14.0966,392.478,9688.22,14.0966,445.417,12187.5,14.0966,505.339,15327.7,14.0966,573.165,19271.6,14.0966,649.938,24222,14.0966,736.839,30430.9,14.0966,835.202,38211.5,14.0966,946.539,47950.3,14.0966,1072.56,60122.8,14.0966,1215.21,75309.9,14.0966,1376.66,94216.2,14.0966,1559.41,117688,14.0966,1766.26,146729,14.0966,2000.39,182510,14.0966,2265.39,226372,14.0966,2565.33,279806,14.0966,2904.81,344416,14.0966,3289.05,421845,14.0966,3723.93,513667,14.0966,4216.13,621231,14.0966,4773.18,745478,14.0966,5403.64,886744,14.0966,6117.15,1.04457e+06,14.0966,6924.63,1.2176e+06,14.0966,11.7194,11.96,12.6541,13.9321,16.1295,13.6434,16.6097,21.9702,13.9553,19.7532,29.5285,14.0526,23.3844,39.1143,14.0829,27.5423,51.2054,14.0923,32.2796,66.434,14.0953,37.662,85.6061,14.0962,43.7675,109.74,14.0965,50.687,140.119,14.0966,58.5249,178.359,14.0966,67.4005,226.493,14.0966,77.4493,287.08,14.0966,88.8254,363.343,14.0966,101.703,459.336,14.0966,116.281,580.161,14.0966,132.782,732.241,14.0966,151.46,923.655,14.0966,172.603,1164.57,14.0966,196.535,1467.79,14.0966,223.625,1849.39,14.0966,254.288,2329.62,14.0966,288.997,2933.93,14.0966,328.285,3694.33,14.0966,372.755,4651.04,14.0966,423.092,5854.57,14.0966,480.07,7368.38,14.0966,544.564,9272.08,14.0966,617.566,11665.5,14.0966,700.197,14673.6,14.0966,793.729,18452.9,14.0966,899.599,23198.6,14.0966,1019.43,29154.1,14.0966,1155.07,36622.3,14.0966,1308.6,45977.9,14.0966,1482.39,57683.7,14.0966,1679.09,72307.8,14.0966,1901.73,90542.8,14.0966,2153.73,113226,14.0966,2438.97,141360,14.0966,2761.81,176127,14.0966,3127.22,218898,14.0966,3540.81,271226,14.0966,4008.92,334817,14.0966,4538.74,411470,14.0966,5138.38,502973,14.0966,5817.04,610948,14.0966,6585.12,736653,14.0966,7454.39,880741,14.0966,8438.15,1.04302e+06,14.0966,9551.45,1.22224e+06,14.0966,10811.3,1.41602e+06,14.0966,12237,1.62086e+06,14.0966,11.7194,11.96,12.6541,2.21263,4.16949,0.989383,2.67766,5.84076,0.311842,3.14343,7.55825,0.0972771,3.63127,9.58578,0.0303237,4.15787,12.0912,0.00945211,4.73731,15.2286,0.00294633,5.38238,19.1721,0.000918508,6.10553,24.134,0.000286163,6.91951,30.3791,8.92692e-05,7.83792,38.2397,2.78121e-05,8.87555,48.1338,8.65134e-06,10.0489,60.5876,2.7882e-06,11.3761,76.2629,8.29036e-07,12.8779,95.9927,2.4373e-07,14.5775,120.825,4.33068e-09,16.5012,152.08,1.75749e-07,18.6784,191.415,-1.86328e-07,21.1428,240.917,1.91829e-07,23.9322,303.213,-1.81475e-07,27.0895,381.602,7.0186e-08,30.6634,480.231,-2.86769e-08,34.7087,604.316,2.40784e-07,39.2876,760.401,9.87368e-08,44.4705,956.705,1.22263e-07,50.3371,1203.54,-4.31966e-07,56.9776,1513.81,-1.9705e-07,64.494,1903.69,-2.763e-08,73.0018,2393.4,3.9185e-07,82.6317,3008.13,1.35379e-07,93.5318,3779.25,-4.16351e-08,105.869,4745.7,2.06965e-08,119.834,5955.6,-3.18887e-07,135.641,7468.12,-1.48271e-08,153.531,9355.62,2.00739e-07,173.781,11705.8,2.28358e-07,196.701,14624.1,-1.93587e-08,222.642,18235,-2.88101e-07,252.003,22683.4,-2.24732e-07,285.234,28134,8.56806e-09,322.845,34767,2.34258e-07,365.413,42770.9,2.99668e-07,413.588,52327.9,8.28644e-08,468.111,63591.2,-3.07049e-07,529.814,76653.2,-3.1888e-07,599.642,91502.5,-6.72276e-08,678.662,107975,2.26339e-07,768.083,125705,3.69212e-07,869.267,144088,2.04077e-07,983.76,162277,-2.80509e-07,1113.3,179223,-4.22737e-07,1259.87,193777,-1.71951e-07,1425.68,204839,4.55555e-07,11.7194,11.96,12.6541,2.21263,4.16949,0.989383,2.67766,5.84076,0.311842,3.14343,7.55825,0.0972771,3.63127,9.58578,0.0303237,4.15787,12.0912,0.00945211,4.73731,15.2286,0.00294633,5.38238,19.1721,0.000918508,6.10553,24.134,0.000286163,6.91951,30.3791,8.92692e-05,7.83792,38.2397,2.78121e-05,8.87555,48.1338,8.65134e-06,10.0489,60.5876,2.7882e-06,11.3761,76.2629,8.29036e-07,12.8779,95.9927,2.4373e-07,14.5775,120.825,1e-08,16.5012,152.08,1.75749e-07,18.6784,191.415,1e-08,21.1428,240.917,1.91829e-07,23.9322,303.213,1e-08,27.0895,381.602,7.0186e-08,30.6634,480.231,1e-08,34.7087,604.316,2.40784e-07,39.2876,760.401,9.87368e-08,44.4705,956.705,1.22263e-07,50.3371,1203.54,1e-08,56.9776,1513.81,1e-08,64.494,1903.69,1e-08,73.0018,2393.4,3.9185e-07,82.6317,3008.13,1.35379e-07,93.5318,3779.25,1e-08,105.869,4745.7,2.06965e-08,119.834,5955.6,1e-08,135.641,7468.12,1e-08,153.531,9355.62,2.00739e-07,173.781,11705.8,2.28358e-07,196.701,14624.1,1e-08,222.642,18235,1e-08,252.003,22683.4,1e-08,285.234,28134,1e-08,322.845,34767,2.34258e-07,365.413,42770.9,2.99668e-07,413.588,52327.9,8.28644e-08,468.111,63591.2,1e-08,529.814,76653.2,1e-08,599.642,91502.5,1e-08,678.662,107975,2.26339e-07,768.083,125705,3.69212e-07,869.267,144088,2.04077e-07,983.76,162277,1e-08,1113.3,179223,1e-08,1259.87,193777,1e-08,1425.68,204839,4.55555e-07,6.2823,3.27286,2.43537,0.219672,6.18826,2.24117,0.56371,6.87772,2.63624,0.308279,8,7,15,1,3,0,0,11,1,1,13,0,7,10,0,5,12,0,3,21,0,8,17,0,1,60,0,2,18,0,10,24,0,17,84,0,10,112,0,8,92,0,10,91,0,11,176,0,24,124,0,13,141,0,23,222,0,30,221,0,36,229,0,16,583,0,61,503,0,56,718,0,27,445,0,82,684,0,56,1051,0,75,1724,0,146,1773,0,97,2801,0,40,2582,0,53,5390,0,20,7931,0,209,5845,0,141,6196,0,75,8205,0,202,5183,0,142,21395,0,231,45068,0,425,19806,0,110,70040,0,579,60899,0,334,31942,0,463,63881,0,485,39932,0,623,98301,0,295,109508,0,1042,118451,0,911,80474,0,1027,177578,0,1013,254688,0,965,169864,0,661,84435,0
-1.05176e+08,1,8.88811e-15,10,1023,0,1.05176e+08,0.528882,1.08665,0.389689,0.145397,0.379329,3.24381,0.161596,0.446195,1.77396,0.159177,1.15e+07,4.49998e+06,6.79999e+06,1.15e+07,4.49997e+06,6.79999e+06,1.15e+07,4.49996e+06,6.79999e+06,1.15e+07,4.49995e+06,6.79999e+06,1.14999e+07,4.49993e+06,6.79999e+06,1.14999e+07,4.49991e+06,6.79999e+06,1.14999e+07,4.49989e+06,6.79999e+06,1.14999e+07,4.49986e+06,6.79999e+06,1.14999e+07,4.49982e+06,6.79999e+06,1.14999e+07,4.49977e+06,6.79999e+06,1.14999e+07,4.49971e+06,6.79999e+06,1.14999e+07,4.49963e+06,6.79999e+06,1.14998e+07,4.49953e+06,6.79999e+06,1.14998e+07,4.49941e+06,6.79999e+06,1.14998e+07,4.49926e+06,6.79999e+06,1.14998e+07,4.49906e+06,6.79999e+06,1.14997e+07,4.49882e+06,6.79999e+06,1.14997e+07,4.49851e+06,6.79999e+06,1.14997e+07,4.49812e+06,6.79999e+06,1.14996e+07,4.49764e+06,6.79999e+06,1.14996e+07,4.49702e+06,6.79999e+06,1.14995e+07,4.49625e+06,6.79999e+06,1.14995e+07,4.49528e+06,6.79999e+06,1.14994e+07,4.49406e+06,6.79999e+06,1.14993e+07,4.49253e+06,6.79999e+06,1.14992e+07,4.49059e+06,6.79999e+06,1.14991e+07,4.48817e+06,6.79999e+06,1.1499e+07,4.48511e+06,6.79999e+06,1.14988e+07,4.48128e+06,6.79999e+06,1.14987e+07,4.47646e+06,6.79999e+06,1.14985e+07,4.47041e+06,6.79999e+06,1.14983e+07,4.46281e+06,6.79999e+06,1.14981e+07,4.4533e+06,6.79999e+06,1.14979e+07,4.44138e+06,6.79999e+06,1.14976e+07,4.42649e+06,6.79999e+06,1.14972e+07,4.40789e+06,6.79999e+06,1.14969e+07,4.38471e+06,6.79999e+06,1.14965e+07,4.35592e+06,6.79999e+06,1.1496e+07,4.32027e+06,6.79999e+06,1.14955e+07,4.27629e+06,6.79999e+06,1.14949e+07,4.22231e+06,6.79999e+06,1.14942e+07,4.15647e+06,6.79999e+06,1.14934e+07,4.07676e+06,6.79999e+06,1.14926e+07,3.98112e+06,6.79999e+06,1.14916e+07,3.86765e+06,6.79999e+06,1.14905e+07,3.73474e+06,6.79999e+06,1.14892e+07,3.58148e+06,6.79999e+06,1.14878e+07,3.40785e+06,6.79999e+06,1.14862e+07,3.21513e+06,6.79999e+06,1.14844e+07,3.00605e+06,6.79999e+06,1.14823e+07,2.7848e+06,6.79999e+06,1.148e+07,2.5568e+06,6.79999e+06,1.14773e+07,2.32825e+06,6.79999e+06,13.5742,8.52444,0.508366,16.8306,13.2585,0.162638,20.0035,17.569,0.0507846,23.2616,22.4214,0.0158319,26.7328,28.3297,0.00493498,30.5212,35.6974,0.00153831,34.7178,44.9473,0.000479527,39.4086,56.5822,0.000149456,44.6796,71.2245,4.66214e-05,50.6209,89.6543,1.45419e-05,57.3297,112.852,4.54748e-06,64.9129,142.051,1.43857e-06,73.4897,178.803,4.36618e-07,83.1934,225.062,1.40153e-07,94.1745,283.286,4.96378e-08,106.602,356.568,1.05434e-07,120.669,448.799,-6.49244e-08,136.59,564.873,1.70148e-07,154.611,710.948,-5.34594e-08,175.008,894.767,1.63407e-07,198.097,1126.06,8.04804e-08,224.231,1417.07,1.14667e-07,253.813,1783.15,-1.71227e-07,287.297,2243.62,-2.88466e-07,325.198,2822.67,-4.33651e-07,368.098,3550.67,7.9318e-08,416.657,4465.65,3.13319e-07,471.621,5615.16,3.4613e-07,533.835,7058.61,-1.19199e-07,604.255,8870.02,-2.79964e-07,683.962,11141.4,-2.30521e-07,774.182,13986.7,-2.55099e-07,876.299,17546.4,1.23585e-07,991.883,21993.1,1.41192e-07,1122.71,27536.7,-9.71886e-08,1270.78,34430.7,-3.68368e-07,1438.38,42977.7,-3.45379e-07,1628.07,53532.7,-3.25328e-09,1842.77,66504.6,2.6362e-07,2085.77,82350.2,2.53445e-07,2360.79,101560,-2.47407e-08,2672.05,124632,-3.80602e-07,3024.31,152018,-4.79005e-07,3422.98,184060,-1.14379e-07,3874.15,220884,2.64297e-07,4384.72,262283,3.44131e-07,4962.49,307576,7.5349e-08,5616.29,355497,-3.63097e-07,6356.1,404126,-6.05442e-07,7193.18,450932,-2.72333e-07,8140.28,492963,2.29675e-07,9211.79,527178,4.3387e-07,10424,550893,-1.0711e-07,10.102,8.06553,2.81012,10.6436,8.57909,0.869423,11.5336,10.2515,0.270869,12.7211,12.7138,0.0844293,14.1823,15.9373,0.0263173,15.9122,20.0383,0.0082035,17.9198,25.2154,0.00255722,20.2244,31.7373,0.000797017,22.8539,39.9486,0.000248622,25.8438,50.2851,7.75492e-05,29.237,63.2963,2.42508e-05,33.0837,79.6738,7.67162e-06,37.4415,100.288,2.32837e-06,42.3767,126.236,7.33e-07,47.9646,158.896,2.79256e-07,54.2906,200.003,9.87351e-09,61.452,251.741,1.61085e-07,69.5585,316.859,-2.47141e-07,78.7347,398.812,8.93552e-08,89.1218,501.948,-2.53231e-07,100.879,631.736,-1.25047e-07,114.188,795.049,-1.78808e-07,129.252,1000.53,2.6733e-07,146.304,1259.03,4.50292e-07,165.605,1584.19,6.76904e-07,187.452,1993.12,-1.23808e-07,212.181,2507.27,-4.89068e-07,240.173,3153.54,-5.40284e-07,271.856,3965.56,1.86061e-07,307.719,4985.38,4.37004e-07,348.313,6265.4,3.59828e-07,394.26,7870.83,3.98192e-07,446.268,9882.51,-1.92908e-07,505.135,12400.3,-2.20392e-07,571.766,15546.9,1.51705e-07,647.184,19472.2,5.74996e-07,732.547,24357.4,5.39112e-07,829.167,30420,5.07815e-09,938.526,37916.3,-4.11492e-07,1062.3,47143.9,-3.9561e-07,1202.4,58439.2,3.86185e-08,1360.96,72169.3,5.94093e-07,1540.42,88715.8,7.47693e-07,1743.53,108445,1.78537e-07,1973.41,131665,-4.12549e-07,2233.57,158557,-5.37164e-07,2528,189103,-1.17615e-07,2861.2,222986,5.66769e-07,3238.27,259510,9.45053e-07,3664.97,297540,4.25093e-07,4147.81,335497,-3.58506e-07,4694.17,371444,-6.7724e-07,5312.37,403256,1.67192e-07,1.61744,3.89446,9.84394,3.28846,7.5504,12.774,5.07607,11.7187,13.6844,7.03202,16.8147,13.9681,9.20215,23.1769,14.0566,11.6301,31.1672,14.0841,14.3598,41.2186,14.0927,17.4376,53.8688,14.0954,20.9137,69.7915,14.0962,24.8432,89.8341,14.0965,29.2879,115.063,14.0966,34.3168,146.819,14.0966,40.0078,186.792,14.0966,46.4487,237.107,14.0966,53.7388,300.44,14.0966,61.9903,380.158,14.0966,71.3301,480.499,14.0966,81.902,606.796,14.0966,93.8685,765.761,14.0966,107.414,965.837,14.0966,122.746,1217.65,14.0966,140.101,1534.57,14.0966,159.745,1933.41,14.0966,181.981,2435.3,14.0966,207.15,3066.85,14.0966,235.64,3861.46,14.0966,267.889,4861.11,14.0966,304.391,6118.54,14.0966,345.709,7699.91,14.0966,392.478,9688.22,14.0966,445.417,12187.5,14.0966,505.339,15327.7,14.0966,573.165,19271.6,14.0966,649.938,24222,14.0966,736.839,30430.9,14.0966,835.202,38211.5,14.0966,946.539,47950.3,14.0966,1072.56,60122.8,14.0966,1215.21,75309.9,14.0966,1376.66,94216.2,14.0966,1559.41,117688,14.0966,1766.26,146729,14.0966,2000.39,182510,14.0966,2265.39,226372,14.0966,2565.33,279806,14.0966,2904.81,344416,14.0966,3289.05,421845,14.0966,3723.93,513667,14.0966,4216.13,621231,14.0966,4773.18,745478,14.0966,5403.64,886744,14.0966,6117.15,1.04457e+06,14.0966,6924.63,1.2176e+06,14.0966,11.7194,11.96,12.6541,13.9321,16.1295,13.6434,16.6097,21.9702,13.9553,19.7532,29.5285,14.0526,23.3844,39.1143,14.0829,27.5423,51.2054,14.0923,32.2796,66.434,14.0953,37.662,85.6061,14.0962,43.7675,109.74,14.0965,50.687,140.119,14.0966,58.5249,178.359,14.0966,67.4005,226.493,14.0966,77.4493,287.08,14.0966,88.8254,363.343,14.0966,101.703,459.336,14.0966,116.281,580.161,14.0966,132.782,732.241,14.0966,151.46,923.655,14.0966,172.603,1164.57,14.0966,196.535,1467.79,14.0966,223.625,1849.39,14.0966,254.288,2329.62,14.0966,288.997,2933.93,14.0966,328.285,3694.33,14.0966,372.755,4651.04,14.0966,423.092,5854.57,14.0966,480.07,7368.38,14.0966,544.564,9272.08,14.0966,617.566,11665.5,14.0966,700.197,14673.6,14.0966,793.729,18452.9,14.0966,899.599,23198.6,14.0966,1019.43,29154.1,14.0966,1155.07,36622.3,14.0966,1308.6,45977.9,14.0966,1482.39,57683.7,14.0966,1679.09,72307.8,14.0966,1901.73,90542.8,14.0966,2153.73,113226,14.0966,2438.97,141360,14.0966,2761.81,176127,14.0966,3127.22,218898,14.0966,3540.81,271226,14.0966,4008.92,334817,14.0966,4538.74,411470,14.0966,5138.38,502973,14.0966,5817.04,610948,14.0966,6585.12,736653,14.0966,7454.39,880741,14.0966,8438.15,1.04302e+06,14.0966,9551.45,1.22224e+06,14.0966,10811.3,1.41602e+06,14.0966,12237,1.62086e+06,14.0966,11.7194,11.96,12.6541,2.21263,4.16949,0.989383,2.67766,5.84076,0.311842,3.14343,7.55825,0.0972771,3.63127,9.58578,0.0303237,4.15787,12.0912,0.00945211,4.73731,15.2286,0.00294633,5.38238,19.1721,0.000918508,6.10553,24.134,0.000286163,6.91951,30.3791,8.92692e-05,7.83792,38.2397,2.78121e-05,8.87555,48.1338,8.65134e-06,10.0489,60.5876,2.7882e-06,11.3761,76.2629,8.29036e-07,12.8779,95.9927,2.4373e-07,14.5775,120.825,4.33068e-09,16.5012,152.08,1.75749e-07,18.6784,191.415,-1.86328e-07,21.1428,240.917,1.91829e-07,23.9322,303.213,-1.81475e-07,27.0895,381.602,7.0186e-08,30.6634,480.231,-2.86769e-08,34.7087,604.316,2.40784e-07,39.2876,760.401,9.87368e-08,44.4705,956.705,1.22263e-07,50.3371,1203.54,-4.31966e-07,56.9776,1513.81,-1.9705e-07,64.494,1903.69,-2.763e-08,73.0018,2393.4,3.9185e-07,82.6317,3008.13,1.35379e-07,93.5318,3779.25,-4.16351e-08,105.869,4745.7,2.06965e-08,119.834,5955.6,-3.18887e-07,135.641,7468.12,-1.48271e-08,153.531,9355.62,2.00739e-07,173.781,11705.8,2.28358e-07,196.701,14624.1,-1.93587e-08,222.642,18235,-2.88101e-07,252.003,22683.4,-2.24732e-07,285.234,28134,8.56806e-09,322.845,34767,2.34258e-07,365.413,42770.9,2.99668e-07,413.588,52327.9,8.28644e-08,468.111,63591.2,-3.07049e-07,529.814,76653.2,-3.1888e-07,599.642,91502.5,-6.72276e-08,678.662,107975,2.26339e-07,768.083,125705,3.69212e-07,869.267,144088,2.04077e-07,983.76,162277,-2.80509e-07,1113.3,179223,-4.22737e-07,1259.87,193777,-1.71951e-07,1425.68,204839,4.55555e-07,11.7194,11.96,12.6541,2.21263,4.16949,0.989383,2.67766,5.84076,0.311842,3.14343,7.55825,0.0972771,3.63127,9.58578,0.0303237,4.15787,12.0912,0.00945211,4.73731,15.2286,0.00294633,5.38238,19.1721,0.000918508,6.10553,24.134,0.000286163,6.91951,30.3791,8.92692e-05,7.83792,38.2397,2.78121e-05,8.87555,48.1338,8.65134e-06,10.0489,60.5876,2.7882e-06,11.3761,76.2629,8.29036e-07,12.8779,95.9927,2.4373e-07,14.5775,120.825,1e-08,16.5012,152.08,1.75749e-07,18.6784,191.415,1e-08,21.1428,240.917,1.91829e-07,23.9322,303.213,1e-08,27.0895,381.602,7.0186e-08,30.6634,480.231,1e-08,34.7087,604.316,2.40784e-07,39.2876,760.401,9.87368e-08,44.4705,956.705,1.22263e-07,50.3371,1203.54,1e-08,56.9776,1513.81,1e-08,64.494,1903.69,1e-08,73.0018,2393.4,3.9185e-07,82.6317,3008.13,1.35379e-07,93.5318,3779.25,1e-08,105.869,4745.7,2.06965e-08,119.834,5955.6,1e-08,135.641,7468.12,1e-08,153.531,9355.62,2.00739e-07,173.781,11705.8,2.28358e-07,196.701,14624.1,1e-08,222.642,18235,1e-08,252.003,22683.4,1e-08,285.234,28134,1e-08,322.845,34767,2.34258e-07,365.413,42770.9,2.99668e-07,413.588,52327.9,8.28644e-08,468.111,63591.2,1e-08,529.814,76653.2,1e-08,599.642,91502.5,1e-08,678.662,107975,2.26339e-07,768.083,125705,3.69212e-07,869.267,144088,2.04077e-07,983.76,162277,1e-08,1113.3,179223,1e-08,1259.87,193777,1e-08,1425.68,204839,4.55555e-07,6.2823,3.27286,2.43537,0.219672,6.18826,2.24117,0.56371,6.87772,2.63624,0.308279,20,10,17,4,1,0,4,3,1,1,11,0,4,16,0,6,15,0,5,15,0,2,27,0,11,21,0,8,32,0,5,23,0,12,14,0,4,56,0,11,98,0,14,112,0,29,220,0,28,289,0,15,146,0,10,204,0,47,535,0,28,394,0,25,748,0,34,445,0,54,1203,0,34,741,0,40,804,0,44,1297,0,90,1282,0,100,2772,0,56,2076,0,144,3508,0,62,5345,0,123,4645,0,105,17128,0,92,17839,0,271,16783,0,153,17787,0,184,18435,0,224,9043,0,269,23064,0,344,19836,0,212,11653,0,443,60329,0,702,60307,0,443,51618,0,519,105798,0,397,113159,0,565,164695,0,788,205169,0,977,202613,0,861,455880,0,1438,101763,0,902,202709,0
-1.05176e+08,1,8.88811e-15,10,1023,0,1.05176e+08,0.528882,1.08665,0.389689,0.145397,0.379329,3.24381,0.161596,0.446195,1.77396,0.159177,1.15e+07,4.49998e+06,6.79999e+06,1.15e+07,4.49997e+06,6.79999e+06,1.15e+07,4.49996e+06,6.79999e+06,1.15e+07,4.49995e+06,6.79999e+06,1.14999e+07,4.49993e+06,6.79999e+06,1.14999e+07,4.49991e+06,6.79999e+06,1.14999e+07,4.49989e+06,6.79999e+06,1.14999e+07,4.49986e+06,6.79999e+06,1.14999e+07,4.49982e+06,6.79999e+06,1.14999e+07,4.49977e+06,6.79999e+06,1.14999e+07,4.49971e+06,6.79999e+06,1.14999e+07,4.49963e+06,6.79999e+06,1.14998e+07,4.49953e+06,6.79999e+06,1.14998e+07,4.49941e+06,6.79999e+06,1.14998e+07,4.49926e+06,6.79999e+06,1.14998e+07,4.49906e+06,6.79999e+06,1.14997e+07,4.49882e+06,6.79999e+06,1.14997e+07,4.49851e+06,6.79999e+06,1.14997e+07,4.49812e+06,6.79999e+06,1.14996e+07,4.49764e+06,6.79999e+06,1.14996e+07,4.49702e+06,6.79999e+06,1.14995e+07,4.49625e+06,6.79999e+06,1.14995e+07,4.49528e+06,6.79999e+06,1.14994e+07,4.49406e+06,6.79999e+06,1.14993e+07,4.49253e+06,6.79999e+06,1.14992e+07,4.49059e+06,6.79999e+06,1.14991e+07,4.48817e+06,6.79999e+06,1.1499e+07,4.48511e+06,6.79999e+06,1.14988e+07,4.48128e+06,6.79999e+06,1.14987e+07,4.47646e+06,6.79999e+06,1.14985e+07,4.47041e+06,6.79999e+06,1.14983e+07,4.46281e+06,6.79999e+06,1.14981e+07,4.4533e+06,6.79999e+06,1.14979e+07,4.44138e+06,6.79999e+06,1.14976e+07,4.42649e+06,6.79999e+06,1.14972e+07,4.40789e+06,6.79999e+06,1.14969e+07,4.38471e+06,6.79999e+06,1.14965e+07,4.35592e+06,6.79999e+06,1.1496e+07,4.32027e+06,6.79999e+06,1.14955e+07,4.27629e+06,6.79999e+06,1.14949e+07,4.22231e+06,6.79999e+06,1.14942e+07,4.15647e+06,6.79999e+06,1.14934e+07,4.07676e+06,6.79999e+06,1.14926e+07,3.98112e+06,6.79999e+06,1.14916e+07,3.86765e+06,6.79999e+06,1.14905e+07,3.73474e+06,6.79999e+06,1.14892e+07,3.58148e+06,6.79999e+06,1.14878e+07,3.40785e+06,6.79999e+06,1.14862e+07,3.21513e+06,6.79999e+06,1.14844e+07,3.00605e+06,6.79999e+06,1.14823e+07,2.7848e+06,6.79999e+06,1.148e+07,2.5568e+06,6.79999e+06,1.14773e+07,2.32825e+06,6.79999e+06,13.5742,8.52444,0.508366,16.8306,13.2585,0.162638,20.0035,17.569,0.0507846,23.2616,22.4214,0.0158319,26.7328,28.3297,0.00493498,30.5212,35.6974,0.00153831,34.7178,44.9473,0.000479527,39.4086,56.5822,0.000149456,44.6796,71.2245,4.66214e-05,50.6209,89.6543,1.45419e-05,57.3297,112.852,4.54748e-06,64.9129,142.051,1.43857e-06,73.4897,178.803,4.36618e-07,83.1934,225.062,1.40153e-07,94.1745,283.286,4.96378e-08,106.602,356.568,1.05434e-07,120.669,448.799,-6.49244e-08,136.59,564.873,1.70148e-07,154.611,710.948,-5.34594e-08,175.008,894.767,1.63407e-07,198.097,1126.06,8.04804e-08,224.231,1417.07,1.14667e-07,253.813,1783.15,-1.71227e-07,287.297,2243.62,-2.88466e-07,325.198,2822.67,-4.33651e-07,368.098,3550.67,7.9318e-08,416.657,4465.65,3.13319e-07,471.621,5615.16,3.4613e-07,533.835,7058.61,-1.19199e-07,604.255,8870.02,-2.79964e-07,683.962,11141.4,-2.30521e-07,774.182,13986.7,-2.55099e-07,876.299,17546.4,1.23585e-07,991.883,21993.1,1.41192e-07,1122.71,27536.7,-9.71886e-08,1270.78,34430.7,-3.68368e-07,1438.38,42977.7,-3.45379e-07,1628.07,53532.7,-3.25328e-09,1842.77,66504.6,2.6362e-07,2085.77,82350.2,2.53445e-07,2360.79,101560,-2.47407e-08,2672.05,124632,-3.80602e-07,3024.31,152018,-4.79005e-07,3422.98,184060,-1.14379e-07,3874.15,220884,2.64297e-07,4384.72,262283,3.44131e-07,4962.49,307576,7.5349e-08,5616.29,355497,-3.63097e-07,6356.1,404126,-6.05442e-07,7193.18,450932,-2.72333e-07,8140.28,492963,2.29675e-07,9211.79,527178,4.3387e-07,10424,550893,-1.0711e-07,10.102,8.06553,2.81012,10.6436,8.57909,0.869423,11.5336,10.2515,0.270869,12.7211,12.7138,0.0844293,14.1823,15.9373,0.0263173,15.9122,20.0383,0.0082035,17.9198,25.2154,0.00255722,20.2244,31.7373,0.000797017,22.8539,39.9486,0.000248622,25.8438,50.2851,7.75492e-05,29.237,63.2963,2.42508e-05,33.0837,79.6738,7.67162e-06,37.4415,100.288,2.32837e-06,42.3767,126.236,7.33e-07,47.9646,158.896,2.79256e-07,54.2906,200.003,9.87351e-09,61.452,251.741,1.61085e-07,69.5585,316.859,-2.47141e-07,78.7347,398.812,8.93552e-08,89.1218,501.948,-2.53231e-07,100.879,631.736,-1.25047e-07,114.188,795.049,-1.78808e-07,129.252,1000.53,2.6733e-07,146.304,1259.03,4.50292e-07,165.605,1584.19,6.76904e-07,187.452,1993.12,-1.23808e-07,212.181,2507.27,-4.89068e-07,240.173,3153.54,-5.40284e-07,271.856,3965.56,1.86061e-07,307.719,4985.38,4.37004e-07,348.313,6265.4,3.59828e-07,394.26,7870.83,3.98192e-07,446.268,9882.51,-1.92908e-07,505.135,12400.3,-2.20392e-07,571.766,15546.9,1.51705e-07,647.184,19472.2,5.74996e-07,732.547,24357.4,5.39112e-07,829.167,30420,5.07815e-09,938.526,37916.3,-4.11492e-07,1062.3,47143.9,-3.9561e-07,1202.4,58439.2,3.86185e-08,1360.96,72169.3,5.94093e-07,1540.42,88715.8,7.47693e-07,1743.53,108445,1.78537e-07,1973.41,131665,-4.12549e-07,2233.57,158557,-5.37164e-07,2528,189103,-1.17615e-07,2861.2,222986,5.66769e-07,3238.27,259510,9.45053e-07,3664.97,297540,4.25093e-07,4147.81,335497,-3.58506e-07,4694.17,371444,-6.7724e-07,5312.37,403256,1.67192e-07,1.61744,3.89446,9.84394,3.28846,7.5504,12.774,5.07607,11.7187,13.6844,7.03202,16.8147,13.9681,9.20215,23.1769,14.0566,11.6301,31.1672,14.0841,14.3598,41.2186,14.0927,17.4376,53.8688,14.0954,20.9137,69.7915,14.0962,24.8432,89.8341,14.0965,29.2879,115.063,14.0966,34.3168,146.819,14.0966,40.0078,186.792,14.0966,46.4487,237.107,14.0966,53.7388,300.44,14.0966,61.9903,380.158,14.0966,71.3301,480.499,14.0966,81.902,606.796,14.0966,93.8685,765.761,14.0966,107.414,965.837,14.0966,122.746,1217.65,14.0966,140.101,1534.57,14.0966,159.745,1933.41,14.0966,181.981,2435.3,14.0966,207.15,3066.85,14.0966,235.64,3861.46,14.0966,267.889,4861.11,14.0966,304.391,6118.54,14.0966,345.709,7699.91,14.0966,392.478,9688.22,14.0966,445.417,12187.5,14.0966,505.339,15327.7,14.0966,573.165,19271.6,14.0966,649.938,24222,14.0966,736.839,30430.9,14.0966,835.202,38211.5,14.0966,946.539,47950.3,14.0966,1072.56,60122.8,14.0966,1215.21,75309.9,14.0966,1376.66,94216.2,14.0966,1559.41,117688,14.0966,1766.26,146729,14.0966,2000.39,182510,14.0966,2265.39,226372,14.0966,2565.33,279806,14.0966,2904.81,344416,14.0966,3289.05,421845,14.0966,3723.93,513667,14.0966,4216.13,621231,14.0966,4773.18,745478,14.0966,5403.64,886744,14.0966,6117.15,1.04457e+06,14.0966,6924.63,1.2176e+06,14.0966,11.7194,11.96,12.6541,13.9321,16.1295,13.6434,16.6097,21.9702,13.9553,19.7532,29.5285,14.0526,23.3844,39.1143,14.0829,27.5423,51.2054,14.0923,32.2796,66.434,14.0953,37.662,85.6061,14.0962,43.7675,109.74,14.0965,50.687,140.119,14.0966,58.5249,178.359,14.0966,67.4005,226.493,14.0966,77.4493,287.08,14.0966,88.8254,363.343,14.0966,101.703,459.336,14.0966,116.281,580.161,14.0966,132.782,732.241,14.0966,151.46,923.655,14.0966,172.603,1164.57,14.0966,196.535,1467.79,14.0966,223.625,1849.39,14.0966,254.288,2329.62,14.0966,288.997,2933.93,14.0966,328.285,3694.33,14.0966,372.755,4651.04,14.0966,423.092,5854.57,14.0966,480.07,7368.38,14.0966,544.564,9272.08,14.0966,617.566,11665.5,14.0966,700.197,14673.6,14.0966,793.729,18452.9,14.0966,899.599,23198.6,14.0966,1019.43,29154.1,14.0966,1155.07,36622.3,14.0966,1308.6,45977.9,14.0966,1482.39,57683.7,14.0966,1679.09,72307.8,14.0966,1901.73,90542.8,14.0966,2153.73,113226,14.0966,2438.97,141360,14.0966,2761.81,176127,14.0966,3127.22,218898,14.0966,3540.81,271226,14.0966,4008.92,334817,14.0966,4538.74,411470,14.0966,5138.38,502973,14.0966,5817.04,610948,14.0966,6585.12,736653,14.0966,7454.39,880741,14.0966,8438.15,1.04302e+06,14.0966,9551.45,1.22224e+06,14.0966,10811.3,1.41602e+06,14.0966,12237,1.62086e+06,14.0966,11.7194,11.96,12.6541,2.21263,4.16949,0.989383,2.67766,5.84076,0.311842,3.14343,7.55825,0.0972771,3.63127,9.58578,0.0303237,4.15787,12.0912,0.00945211,4.73731,15.2286,0.00294633,5.38238,19.1721,0.000918508,6.10553,24.134,0.000286163,6.91951,30.3791,8.92692e-05,7.83792,38.2397,2.78121e-05,8.87555,48.1338,8.65134e-06,10.0489,60.5876,2.7882e-06,11.3761,76.2629,8.29036e-07,12.8779,95.9927,2.4373e-07,14.5775,120.825,4.33068e-09,16.5012,152.08,1.75749e-07,18.6784,191.415,-1.86328e-07,21.1428,240.917,1.91829e-07,23.9322,303.213,-1.81475e-07,27.0895,381.602,7.0186e-08,30.6634,480.231,-2.86769e-08,34.7087,604.316,2.40784e-07,39.2876,760.401,9.87368e-08,44.4705,956.705,1.22263e-07,50.3371,1203.54,-4.31966e-07,56.9776,1513.81,-1.9705e-07,64.494,1903.69,-2.763e-08,73.0018,2393.4,3.9185e-07,82.6317,3008.13,1.35379e-07,93.5318,3779.25,-4.16351e-08,105.869,4745.7,2.06965e-08,119.834,5955.6,-3.18887e-07,135.641,7468.12,-1.48271e-08,153.531,9355.62,2.00739e-07,173.781,11705.8,2.28358e-07,196.701,14624.1,-1.93587e-08,222.642,18235,-2.88101e-07,252.003,22683.4,-2.24732e-07,285.234,28134,8.56806e-09,322.845,34767,2.34258e-07,365.413,42770.9,2.99668e-07,413.588,52327.9,8.28644e-08,468.111,63591.2,-3.07049e-07,529.814,76653.2,-3.1888e-07,599.642,91502.5,-6.72276e-08,678.662,107975,2.26339e-07,768.083,125705,3.69212e-07,869.267,144088,2.04077e-07,983.76,162277,-2.80509e-07,1113.3,179223,-4.22737e-07,1259.87,193777,-1.71951e-07,1425.68,204839,4.55555e-07,11.7194,11.96,12.6541,2.21263,4.16949,0.989383,2.67766,5.84076,0.311842,3.14343,7.55825,0.0972771,3.63127,9.58578,0.0303237,4.15787,12.0912,0.00945211,4.73731,15.2286,0.00294633,5.38238,19.1721,0.000918508,6.10553,24.134,0.000286163,6.91951,30.3791,8.92692e-05,7.83792,38.2397,2.78121e-05,8.87555,48.1338,8.65134e-06,10.0489,60.5876,2.7882e-06,11.3761,76.2629,8.29036e-07,12.8779,95.9927,2.4373e-07,14.5775,120.825,1e-08,16.5012,152.08,1.75749e-07,18.6784,191.415,1e-08,21.1428,240.917,1.91829e-07,23.9322,303.213,1e-08,27.0895,381.602,7.0186e-08,30.6634,480.231,1e-08,34.7087,604.316,2.40784e-07,39.2876,760.401,9.87368e-08,44.4705,956.705,1.22263e-07,50.3371,1203.54,1e-08,56.9776,1513.81,1e-08,64.494,1903.69,1e-08,73.0018,2393.4,3.9185e-07,82.6317,3008.13,1.35379e-07,93.5318,3779.25,1e-08,105.869,4745.7,2.06965e-08,119.834,5955.6,1e-08,135.641,7468.12,1e-08,153.531,9355.62,2.00739e-07,173.781,11705.8,2.28358e-07,196.701,14624.1,1e-08,222.642,18235,1e-08,252.003,22683.4,1e-08,285.234,28134,1e-08,322.845,34767,2.34258e-07,365.413,42770.9,2.99668e-07,413.588,52327.9,8.28644e-08,468.111,63591.2,1e-08,529.814,76653.2,1e-08,599.642,91502.5,1e-08,678.662,107975,2.26339e-07,768.083,125705,3.69212e-07,869.267,144088,2.04077e-07,983.76,162277,1e-08,1113.3,179223,1e-08,1259.87,193777,1e-08,1425.68,204839,4.55555e-07,6.2823,3.27286,2.43537,0.219672,6.18826,2.24117,0.56371,6.87772,2.63624,0.308279,2,11,10,0,2,0,2,6,0,2,7,0,4,2,0,5,20,0,9,7,0,4,10,0,1,12,0,6,18,0,5,29,0,10,79,0,11,53,0,8,78,0,10,167,0,12,207,0,18,145,0,17,121,0,24,97,0,30,327,0,15,447,0,24,374,0,31,807,0,18,898,0,47,954,0,38,924,0,61,1752,0,60,804,0,52,694,0,92,2387,0,109,5455,0,120,5631,0,85,3732,0,117,4863,0,134,9295,0,260,16819,0,173,22645,0,109,17595,0,188,18961,0,365,27051,0,200,41041,0,329,37964,0,615,24905,0,294,98492,0,320,51844,0,349,20959,0,430,118774,0,1362,100563,0,1295,64835,0,1241,95233,0,1639,135172,0,999,223974,0,881,118357,0
-1.05176e+08,1,8.88811e-15,10,1023,0,1.05176e+08,0.528882,1.08665,0.389689,0.145397,0.379329,3.24381,0.161596,0.446195,1.77396,0.159177,1.15e+07,4.49998e+06,6.79999e+06,1.15e+07,4.49997e+06,6.79999e+06,1.15e+07,4.49996e+06,6.79999e+06,1.15e+07,4.49995e+06,6.79999e+06,1.14999e+07,4.49993e+06,6.79999e+06,1.14999e+07,4.49991e+06,6.79999e+06,1.14999e+07,4.49989e+06,6.79999e+06,1.14999e+07,4.49986e+06,6.79999e+06,1.14999e+07,4.49982e+06,6.79999e+06,1.14999e+07,4.49977e+06,6.79999e+06,1.14999e+07,4.49971e+06,6.79999e+06,1.14999e+07,4.49963e+06,6.79999e+06,1.14998e+07,4.49953e+06,6.79999e+06,1.14998e+07,4.49941e+06,6.79999e+06,1.14998e+07,4.49926e+06,6.79999e+06,1.14998e+07,4.49906e+06,6.79999e+06,1.14997e+07,4.49882e+06,6.79999e+06,1.14997e+07,4.49851e+06,6.79999e+06,1.14997e+07,4.49812e+06,6.79999e+06,1.14996e+07,4.49764e+06,6.79999e+06,1.14996e+07,4.49702e+06,6.79999e+06,1.14995e+07,4.49625e+06,6.79999e+06,1.14995e+07,4.49528e+06,6.79999e+06,1.14994e+07,4.49406e+06,6.79999e+06,1.14993e+07,4.49253e+06,6.79999e+06,1.14992e+07,4.49059e+06,6.79999e+06,1.14991e+07,4.48817e+06,6.79999e+06,1.1499e+07,4.48511e+06,6.79999e+06,1.14988e+07,4.48128e+06,6.79999e+06,1.14987e+07,4.47646e+06,6.79999e+06,1.14985e+07,4.47041e+06,6.79999e+06,1.14983e+07,4.46281e+06,6.79999e+06,1.14981e+07,4.4533e+06,6.79999e+06,1.14979e+07,4.44138e+06,6.79999e+06,1.14976e+07,4.42649e+06,6.79999e+06,1.14972e+07,4.40789e+06,6.79999e+06,1.14969e+07,4.38471e+06,6.79999e+06,1.14965e+07,4.35592e+06,6.79999e+06,1.1496e+07,4.32027e+06,6.79999e+06,1.14955e+07,4.27629e+06,6.79999e+06,1.14949e+07,4.22231e+06,6.79999e+06,1.14942e+07,4.15647e+06,6.79999e+06,1.14934e+07,4.07676e+06,6.79999e+06,1.14926e+07,3.98112e+06,6.79999e+06,1.14916e+07,3.86765e+06,6.79999e+06,1.14905e+07,3.73474e+06,6.79999e+06,1.14892e+07,3.58148e+06,6.79999e+06,1.14878e+07,3.40785e+06,6.79999e+06,1.14862e+07,3.21513e+06,6.79999e+06,1.14844e+07,3.00605e+06,6.79999e+06,1.14823e+07,2.7848e+06,6.79999e+06,1.148e+07,2.5568e+06,6.79999e+06,1.14773e+07,2.32825e+06,6.79999e+06,13.5742,8.52444,0.508366,16.8306,13.2585,0.162638,20.0035,17.569,0.0507846,23.2616,22.4214,0.0158319,26.7328,28.3297,0.00493498,30.5212,35.6974,0.00153831,34.7178,44.9473,0.000479527,39.4086,56.5822,0.000149456,44.6796,71.2245,4.66214e-05,50.6209,89.6543,1.45419e-05,57.3297,112.852,4.54748e-06,64.9129,142.051,1.43857e-06,73.4897,178.803,4.36618e-07,83.1934,225.062,1.40153e-07,94.1745,283.286,4.96378e-08,106.602,356.568,1.05434e-07,120.669,448.799,-6.49244e-08,136.59,564.873,1.70148e-07,154.611,710.948,-5.34594e-08,175.008,894.767,1.63407e-07,198.097,1126.06,8.04804e-08,224.231,1417.07,1.14667e-07,253.813,1783.15,-1.71227e-07,287.297,2243.62,-2.88466e-07,325.198,2822.67,-4.33651e-07,368.098,3550.67,7.9318e-08,416.657,4465.65,3.13319e-07,471.621,5615.16,3.4613e-07,533.835,7058.61,-1.19199e-07,604.255,8870.02,-2.79964e-07,683.962,11141.4,-2.30521e-07,774.182,13986.7,-2.55099e-07,876.299,17546.4,1.23585e-07,991.883,21993.1,1.41192e-07,1122.71,27536.7,-9.71886e-08,1270.78,34430.7,-3.68368e-07,1438.38,42977.7,-3.45379e-07,1628.07,53532.7,-3.25328e-09,1842.77,66504.6,2.6362e-07,2085.77,82350.2,2.53445e-07,2360.79,101560,-2.47407e-08,2672.05,124632,-3.80602e-07,3024.31,152018,-4.79005e-07,3422.98,184060,-1.14379e-07,3874.15,220884,2.64297e-07,4384.72,262283,3.44131e-07,4962.49,307576,7.5349e-08,5616.29,355497,-3.63097e-07,6356.1,404126,-6.05442e-07,7193.18,450932,-2.72333e-07,8140.28,492963,2.29675e-07,9211.79,527178,4.3387e-07,10424,550893,-1.0711e-07,10.102,8.06553,2.81012,10.6436,8.57909,0.869423,11.5336,10.2515,0.270869,12.7211,12.7138,0.0844293,14.1823,15.9373,0.0263173,15.9122,20.0383,0.0082035,17.9198,25.2154,0.00255722,20.2244,31.7373,0.000797017,22.8539,39.9486,0.000248622,25.8438,50.2851,7.75492e-05,29.237,63.2963,2.42508e-05,33.0837,79.6738,7.67162e-06,37.4415,100.288,2.32837e-06,42.3767,126.236,7.33e-07,47.9646,158.896,2.79256e-07,54.2906,200.003,9.87351e-09,61.452,251.741,1.61085e-07,69.5585,316.859,-2.47141e-07,78.7347,398.812,8.93552e-08,89.1218,501.948,-2.53231e-07,100.879,631.736,-1.25047e-07,114.188,795.049,-1.78808e-07,129.252,1000.53,2.6733e-07,146.304,1259.03,4.50292e-07,165.605,1584.19,6.76904e-07,187.452,1993.12,-1.23808e-07,212.181,2507.27,-4.89068e-07,240.173,3153.54,-5.40284e-07,271.856,3965.56,1.86061e-07,307.719,4985.38,4.37004e-07,348.313,6265.4,3.59828e-07,394.26,7870.83,3.98192e-07,446.268,9882.51,-1.92908e-07,505.135,12400.3,-2.20392e-07,571.766,15546.9,1.51705e-07,647.184,19472.2,5.74996e-07,732.547,24357.4,5.39112e-07,829.167,30420,5.07815e-09,938.526,37916.3,-4.11492e-07,1062.3,47143.9,-3.9561e-07,1202.4,58439.2,3.86185e-08,1360.96,72169.3,5.94093e-07,1540.42,88715.8,7.47693e-07,1743.53,108445,1.78537e-07,1973.41,131665,-4.12549e-07,2233.57,158557,-5.37164e-07,2528,189103,-1.17615e-07,2861.2,222986,5.66769e-07,3238.27,259510,9.45053e-07,3664.97,297540,4.25093e-07,4147.81,335497,-3.58506e-07,4694.17,371444,-6.7724e-07,5312.37,403256,1.67192e-07,1.61744,3.89446,9.84394,3.28846,7.5504,12.774,5.07607,11.7187,13.6844,7.03202,16.8147,13.9681,9.20215,23.1769,14.0566,11.6301,31.1672,14.0841,14.3598,41.2186,14.0927,17.4376,53.8688,14.0954,20.9137,69.7915,14.0962,24.8432,89.8341,14.0965,29.2879,115.063,14.0966,34.3168,146.819,14.0966,40.0078,186.792,14.0966,46.4487,237.107,14.0966,53.7388,300.44,14.0966,61.9903,380.158,14.0966,71.3301,480.499,14.0966,81.902,606.796,14.0966,93.8685,765.761,14.0966,107.414,965.837,14.0966,122.746,1217.65,14.0966,140.101,1534.57,14.0966,159.745,1933.41,14.0966,181.981,2435.3,14.0966,207.15,3066.85,14.0966,235.64,3861.46,14.0966,267.889,4861.11,14.0966,304.391,6118.54,14.0966,345.709,7699.91,14.0966,392.478,9688.22,14.0966,445.417,12187.5,14.0966,505.339,15327.7,14.0966,573.165,19271.6,14.0966,649.938,24222,14.0966,736.839,30430.9,14.0966,835.202,38211.5,14.0966,946.539,47950.3,14.0966,1072.56,60122.8,14.0966,1215.21,75309.9,14.0966,1376.66,94216.2,14.0966,1559.41,117688,14.0966,1766.26,146729,14.0966,2000.39,182510,14.0966,2265.39,226372,14.0966,2565.33,279806,14.0966,2904.81,344416,14.0966,3289.05,421845,14.0966,3723.93,513667,14.0966,4216.13,621231,14.0966,4773.18,745478,14.0966,5403.64,886744,14.0966,6117.15,1.04457e+06,14.0966,6924.63,1.2176e+06,14.0966,11.7194,11.96,12.6541,13.9321,16.1295,13.6434,16.6097,21.9702,13.9553,19.7532,29.5285,14.0526,23.3844,39.1143,14.0829,27.5423,51.2054,14.0923,32.2796,66.434,14.0953,37.662,85.6061,14.0962,43.7675,109.74,14.0965,50.687,140.119,14.0966,58.5249,178.359,14.0966,67.4005,226.493,14.0966,77.4493,287.08,14.0966,88.8254,363.343,14.0966,101.703,459.336,14.0966,116.281,580.161,14.0966,132.782,732.241,14.0966,151.46,923.655,14.0966,172.603,1164.57,14.0966,196.535,1467.79,14.0966,223.625,1849.39,14.0966,254.288,2329.62,14.0966,288.997,2933.93,14.0966,328.285,3694.33,14.0966,372.755,4651.04,14.0966,423.092,5854.57,14.0966,480.07,7368.38,14.0966,544.564,9272.08,14.0966,617.566,11665.5,14.0966,700.197,14673.6,14.0966,793.729,18452.9,14.0966,899.599,23198.6,14.0966,1019.43,29154.1,14.0966,1155.07,36622.3,14.0966,1308.6,45977.9,14.0966,1482.39,57683.7,14.0966,1679.09,72307.8,14.0966,1901.73,90542.8,14.0966,2153.73,113226,14.0966,2438.97,141360,14.0966,2761.81,176127,14.0966,3127.22,218898,14.0966,3540.81,271226,14.0966,4008.92,334817,14.0966,4538.74,411470,14.0966,5138.38,502973,14.0966,5817.04,610948,14.0966,6585.12,736653,14.0966,7454.39,880741,14.0966,8438.15,1.04302e+06,14.0966,9551.45,1.22224e+06,14.0966,10811.3,1.41602e+06,14.0966,12237,1.62086e+06,14.0966,11.7194,11.96,12.6541,2.21263,4.16949,0.989383,2.67766,5.84076,0.311842,3.14343,7.55825,0.0972771,3.63127,9.58578,0.0303237,4.15787,12.0912,0.00945211,4.73731,15.2286,0.00294633,5.38238,19.1721,0.000918508,6.10553,24.134,0.000286163,6.91951,30.3791,8.92692e-05,7.83792,38.2397,2.78121e-05,8.87555,48.1338,8.65134e-06,10.0489,60.5876,2.7882e-06,11.3761,76.2629,8.29036e-07,12.8779,95.9927,2.4373e-07,14.5775,120.825,4.33068e-09,16.5012,152.08,1.75749e-07,18.6784,191.415,-1.86328e-07,21.1428,240.917,1.91829e-07,23.9322,303.213,-1.81475e-07,27.0895,381.602,7.0186e-08,30.6634,480.231,-2.86769e-08,34.7087,604.316,2.40784e-07,39.2876,760.401,9.87368e-08,44.4705,956.705,1.22263e-07,50.3371,1203.54,-4.31966e-07,56.9776,1513.81,-1.9705e-07,64.494,1903.69,-2.763e-08,73.0018,2393.4,3.9185e-07,82.6317,3008.13,1.35379e-07,93.5318,3779.25,-4.16351e-08,105.869,4745.7,2.06965e-08,119.834,5955.6,-3.18887e-07,135.641,7468.12,-1.48271e-08,153.531,9355.62,2.00739e-07,173.781,11705.8,2.28358e-07,196.701,14624.1,-1.93587e-08,222.642,18235,-2.88101e-07,252.003,22683.4,-2.24732e-07,285.234,28134,8.56806e-09,322.845,34767,2.34258e-07,365.413,42770.9,2.99668e-07,413.588,52327.9,8.28644e-08,468.111,63591.2,-3.07049e-07,529.814,76653.2,-3.1888e-07,599.642,91502.5,-6.72276e-08,678.662,107975,2.26339e-07,768.083,125705,3.69212e-07,869.267,144088,2.04077e-07,983.76,162277,-2.80509e-07,1113.3,179223,-4.22737e-07,1259.87,193777,-1.71951e-07,1425.68,204839,4.55555e-07,11.7194,11.96,12.6541,2.21263,4.16949,0.989383,2.67766,5.84076,0.311842,3.14343,7.55825,0.0972771,3.63127,9.58578,0.0303237,4.15787,12.0912,0.00945211,4.73731,15.2286,0.00294633,5.38238,19.1721,0.000918508,6.10553,24.134,0.000286163,6.91951,30.3791,8.92692e-05,7.83792,38.2397,2.78121e-05,8.87555,48.1338,8.65134e-06,10.0489,60.5876,2.7882e-06,11.3761,76.2629,8.29036e-07,12.8779,95.9927,2.4373e-07,14.5775,120.825,1e-08,16.5012,152.08,1.75749e-07,18.6784,191.415,1e-08,21.1428,240.917,1.91829e-07,23.9322,303.213,1e-08,27.0895,381.602,7.0186e-08,30.6634,480.231,1e-08,34.7087,604.316,2.40784e-07,39.2876,760.401,9.87368e-08,44.4705,956.705,1.22263e-07,50.3371,1203.54,1e-08,56.9776,1513.81,1e-08,64.494,1903.69,1e-08,73.0018,2393.4,3.9185e-07,82.6317,3008.13,1.35379e-07,93.5318,3779.25,1e-08,105.869,4745.7,2.06965e-08,119.834,5955.6,1e-08,135.641,7468.12,1e-08,153.531,9355.62,2.00739e-07,173.781,11705.8,2.28358e-07,196.701,14624.1,1e-08,222.642,18235,1e-08,252.003,22683.4,1e-08,285.234,28134,1e-08,322.845,34767,2.34258e-07,365.413,42770.9,2.99668e-07,413.588,52327.9,8.28644e-08,468.111,63591.2,1e-08,529.814,76653.2,1e-08,599.642,91502.5,1e-08,678.662,107975,2.26339e-07,768.083,125705,3.69212e-07,869.267,144088,2.04077e-07,983.76,162277,1e-08,1113.3,179223,1e-08,1259.87,193777,1e-08,1425.68,204839,4.55555e-07,6.2823,3.27286,2.43537,0.219672,6.18826,2.24117,0.56371,6.87772,2.63624,0.308279,12,7,8,1,7,2,3,2,0,0,4,0,5,8,0,7,27,0,7,17,0,2,20,0,7,26,0,4,22,0,7,32,0,3,58,0,10,39,0,5,69,0,22,176,0,6,143,0,10,124,0,43,239,0,28,243,0,10,280,0,17,178,0,24,573,0,55,435,0,33,862,0,21,523,0,42,1051,0,66,2048,0,48,2471,0,66,1311,0,76,4642,0,100,5465,0,92,2777,0,147,5246,0,179,4663,0,108,5076,0,221,11138,0,258,13173,0,340,20162,0,253,10999,0,169,32800,0,198,10741,0,542,74578,0,222,31137,0,751,48709,0,414,77825,0,499,86306,0,1145,102210,0,742,47247,0,1602,147939,0,1219,113231,0,1103,299129,0,2461,224824,0,1637,118017,0
-1.05176e+08,1,8.88811e-15,10,1023,0,1.05176e+08,0.528882,1.08665,0.389689,0.145397,0.379329,3.24381,0.161596,0.446195,1.77396,0.159177,1.15e+07,4.49998e+06,6.79999e+06,1.15e+07,4.49997e+06,6.79999e+06,1.15e+07,4.49996e+06,6.79999e+06,1.15e+07,4.49995e+06,6.79999e+06,1.14999e+07,4.49993e+06,6.79999e+06,1.14999e+07,4.49991e+06,6.79999e+06,1.14999e+07,4.49989e+06,6.79999e+06,1.14999e+07,4.49986e+06,6.79999e+06,1.14999e+07,4.49982e+06,6.79999e+06,1.14999e+07,4.49977e+06,6.79999e+06,1.14999e+07,4.49971e+06,6.79999e+06,1.14999e+07,4.49963e+06,6.79999e+06,1.14998e+07,4.49953e+06,6.79999e+06,1.14998e+07,4.49941e+06,6.79999e+06,1.14998e+07,4.49926e+06,6.79999e+06,1.14998e+07,4.49906e+06,6.79999e+06,1.14997e+07,4.49882e+06,6.79999e+06,1.14997e+07,4.49851e+06,6.79999e+06,1.14997e+07,4.49812e+06,6.79999e+06,1.14996e+07,4.49764e+06,6.79999e+06,1.14996e+07,4.49702e+06,6.79999e+06,1.14995e+07,4.49625e+06,6.79999e+06,1.14995e+07,4.49528e+06,6.79999e+06,1.14994e+07,4.49406e+06,6.79999e+06,1.14993e+07,4.49253e+06,6.79999e+06,1.14992e+07,4.49059e+06,6.79999e+06,1.14991e+07,4.48817e+06,6.79999e+06,1.1499e+07,4.48511e+06,6.79999e+06,1.14988e+07,4.48128e+06,6.79999e+06,1.14987e+07,4.47646e+06,6.79999e+06,1.14985e+07,4.47041e+06,6.79999e+06,1.14983e+07,4.46281e+06,6.79999e+06,1.14981e+07,4.4533e+06,6.79999e+06,1.14979e+07,4.44138e+06,6.79999e+06,1.14976e+07,4.42649e+06,6.79999e+06,1.14972e+07,4.40789e+06,6.79999e+06,1.14969e+07,4.38471e+06,6.79999e+06,1.14965e+07,4.35592e+06,6.79999e+06,1.1496e+07,4.32027e+06,6.79999e+06,1.14955e+07,4.27629e+06,6.79999e+06,1.14949e+07,4.22231e+06,6.79999e+06,1.14942e+07,4.15647e+06,6.79999e+06,1.14934e+07,4.07676e+06,6.79999e+06,1.14926e+07,3.98112e+06,6.79999e+06,1.14916e+07,3.86765e+06,6.79999e+06,1.14905e+07,3.73474e+06,6.79999e+06,1.14892e+07,3.58148e+06,6.79999e+06,1.14878e+07,3.40785e+06,6.79999e+06,1.14862e+07,3.21513e+06,6.79999e+06,1.14844e+07,3.00605e+06,6.79999e+06,1.14823e+07,2.7848e+06,6.79999e+06,1.148e+07,2.5568e+06,6.79999e+06,1.14773e+07,2.32825e+06,6.79999e+06,13.5742,8.52444,0.508366,16.8306,13.2585,0.162638,20.0035,17.569,0.0507846,23.2616,22.4214,0.0158319,26.7328,28.3297,0.00493498,30.5212,35.6974,0.00153831,34.7178,44.9473,0.000479527,39.4086,56.5822,0.000149456,44.6796,71.2245,4.66214e-05,50.6209,89.6543,1.45419e-05,57.3297,112.852,4.54748e-06,64.9129,142.051,1.43857e-06,73.4897,178.803,4.36618e-07,83.1934,225.062,1.40153e-07,94.1745,283.286,4.96378e-08,106.602,356.568,1.05434e-07,120.669,448.799,-6.49244e-08,136.59,564.873,1.70148e-07,154.611,710.948,-5.34594e-08,175.008,894.767,1.63407e-07,198.097,1126.06,8.04804e-08,224.231,1417.07,1.14667e-07,253.813,1783.15,-1.71227e-07,287.297,2243.62,-2.88466e-07,325.198,2822.67,-4.33651e-07,368.098,3550.67,7.9318e-08,416.657,4465.65,3.13319e-07,471.621,5615.16,3.4613e-07,533.835,7058.61,-1.19199e-07,604.255,8870.02,-2.79964e-07,683.962,11141.4,-2.30521e-07,774.182,13986.7,-2.55099e-07,876.299,17546.4,1.23585e-07,991.883,21993.1,1.41192e-07,1122.71,27536.7,-9.71886e-08,1270.78,34430.7,-3.68368e-07,1438.38,42977.7,-3.45379e-07,1628.07,53532.7,-3.25328e-09,1842.77,66504.6,2.6362e-07,2085.77,82350.2,2.53445e-07,2360.79,101560,-2.47407e-08,2672.05,124632,-3.80602e-07,3024.31,152018,-4.79005e-07,3422.98,184060,-1.14379e-07,3874.15,220884,2.64297e-07,4384.72,262283,3.44131e-07,4962.49,307576,7.5349e-08,5616.29,355497,-3.63097e-07,6356.1,404126,-6.05442e-07,7193.18,450932,-2.72333e-07,8140.28,492963,2.29675e-07,9211.79,527178,4.3387e-07,10424,550893,-1.0711e-07,10.102,8.06553,2.81012,10.6436,8.57909,0.869423,11.5336,10.2515,0.270869,12.7211,12.7138,0.0844293,14.1823,15.9373,0.0263173,15.9122,20.0383,0.0082035,17.9198,25.2154,0.00255722,20.2244,31.7373,0.000797017,22.8539,39.9486,0.000248622,25.8438,50.2851,7.75492e-05,29.237,63.2963,2.42508e-05,33.0837,79.6738,7.67162e-06,37.4415,100.288,2.32837e-06,42.3767,126.236,7.33e-07,47.9646,158.896,2.79256e-07,54.2906,200.003,9.87351e-09,61.452,251.741,1.61085e-07,69.5585,316.859,-2.47141e-07,78.7347,398.812,8.93552e-08,89.1218,501.948,-2.53231e-07,100.879,631.736,-1.25047e-07,114.188,795.049,-1.78808e-07,129.252,1000.53,2.6733e-07,146.304,1259.03,4.50292e-07,165.605,1584.19,6.76904e-07,187.452,1993.12,-1.23808e-07,212.181,2507.27,-4.89068e-07,240.173,3153.54,-5.40284e-07,271.856,3965.56,1.86061e-07,307.719,4985.38,4.37004e-07,348.313,6265.4,3.59828e-07,394.26,7870.83,3.98192e-07,446.268,9882.51,-1.92908e-07,505.135,12400.3,-2.20392e-07,571.766,15546.9,1.51705e-07,647.184,19472.2,5.74996e-07,732.547,24357.4,5.39112e-07,829.167,30420,5.07815e-09,938.526,37916.3,-4.11492e-07,1062.3,47143.9,-3.9561e-07,1202.4,58439.2,3.86185e-08,1360.96,72169.3,5.94093e-07,1540.42,88715.8,7.47693e-07,1743.53,108445,1.78537e-07,1973.41,131665,-4.12549e-07,2233.57,158557,-5.37164e-07,2528,189103,-1.17615e-07,2861.2,222986,5.66769e-07,3238.27,259510,9.45053e-07,3664.97,297540,4.25093e-07,4147.81,335497,-3.58506e-07,4694.17,371444,-6.7724e-07,5312.37,403256,1.67192e-07,1.61744,3.89446,9.84394,3.28846,7.5504,12.774,5.07607,11.7187,13.6844,7.03202,16.8147,13.9681,9.20215,23.1769,14.0566,11.6301,31.1672,14.0841,14.3598,41.2186,14.0927,17.4376,53.8688,14.0954,20.9137,69.7915,14.0962,24.8432,89.8341,14.0965,29.2879,115.063,14.0966,34.3168,146.819,14.0966,40.0078,186.792,14.0966,46.4487,237.107,14.0966,53.7388,300.44,14.0966,61.9903,380.158,14.0966,71.3301,480.499,14.0966,81.902,606.796,14.0966,93.8685,765.761,14.0966,107.414,965.837,14.0966,122.746,1217.65,14.0966,140.101,1534.57,14.0966,159.745,1933.41,14.0966,181.981,2435.3,14.0966,207.15,3066.85,14.0966,235.64,3861.46,14.0966,267.889,4861.11,14.0966,304.391,6118.54,14.0966,345.709,7699.91,14.0966,392.478,9688.22,14.0966,445.417,12187.5,14.0966,505.339,15327.7,14.0966,573.165,19271.6,14.0966,649.938,24222,14.0966,736.839,30430.9,14.0966,835.202,38211.5,14.0966,946.539,47950.3,14.0966,1072.56,60122.8,14.0966,1215.21,75309.9,14.0966,1376.66,94216.2,14.0966,1559.41,117688,14.0966,1766.26,146729,14.0966,2000.39,182510,14.0966,2265.39,226372,14.0966,2565.33,279806,14.0966,2904.81,344416,14.0966,3289.05,421845,14.0966,3723.93,513667,14.0966,4216.13,621231,14.0966,4773.18,745478,14.0966,5403.64,886744,14.0966,6117.15,1.04457e+06,14.0966,6924.63,1.2176e+06,14.0966,11.7194,11.96,12.6541,13.9321,16.1295,13.6434,16.6097,21.9702,13.9553,19.7532,29.5285,14.0526,23.3844,39.1143,14.0829,27.5423,51.2054,14.0923,32.2796,66.434,14.0953,37.662,85.6061,14.0962,43.7675,109.74,14.0965,50.687,140.119,14.0966,58.5249,178.359,14.0966,67.4005,226.493,14.0966,77.4493,287.08,14.0966,88.8254,363.343,14.0966,101.703,459.336,14.0966,116.281,580.161,14.0966,132.782,732.241,14.0966,151.46,923.655,14.0966,172.603,1164.57,14.0966,196.535,1467.79,14.0966,223.625,1849.39,14.0966,254.288,2329.62,14.0966,288.997,2933.93,14.0966,328.285,3694.33,14.0966,372.755,4651.04,14.0966,423.092,5854.57,14.0966,480.07,7368.38,14.0966,544.564,9272.08,14.0966,617.566,11665.5,14.0966,700.197,14673.6,14.0966,793.729,18452.9,14.0966,899.599,23198.6,14.0966,1019.43,29154.1,14.0966,1155.07,36622.3,14.0966,1308.6,45977.9,14.0966,1482.39,57683.7,14.0966,1679.09,72307.8,14.0966,1901.73,90542.8,14.0966,2153.73,113226,14.0966,2438.97,141360,14.0966,2761.81,176127,14.0966,3127.22,218898,14.0966,3540.81,271226,14.0966,4008.92,334817,14.0966,4538.74,411470,14.0966,5138.38,502973,14.0966,5817.04,610948,14.0966,6585.12,736653,14.0966,7454.39,880741,14.0966,8438.15,1.04302e+06,14.0966,9551.45,1.22224e+06,14.0966,10811.3,1.41602e+06,14.0966,12237,1.62086e+06,14.0966,11.7194,11.96,12.6541,2.21263,4.16949,0.989383,2.67766,5.84076,0.311842,3.14343,7.55825,0.0972771,3.63127,9.58578,0.0303237,4.15787,12.0912,0.00945211,4.73731,15.2286,0.00294633,5.38238,19.1721,0.000918508,6.10553,24.134,0.000286163,6.91951,30.3791,8.92692e-05,7.83792,38.2397,2.78121e-05,8.87555,48.1338,8.65134e-06,10.0489,60.5876,2.7882e-06,11.3761,76.2629,8.29036e-07,12.8779,95.9927,2.4373e-07,14.5775,120.825,4.33068e-09,16.5012,152.08,1.75749e-07,18.6784,191.415,-1.86328e-07,21.1428,240.917,1.91829e-07,23.9322,303.213,-1.81475e-07,27.0895,381.602,7.0186e-08,30.6634,480.231,-2.86769e-08,34.7087,604.316,2.40784e-07,39.2876,760.401,9.87368e-08,44.4705,956.705,1.22263e-07,50.3371,1203.54,-4.31966e-07,56.9776,1513.81,-1.9705e-07,64.494,1903.69,-2.763e-08,73.0018,2393.4,3.9185e-07,82.6317,3008.13,1.35379e-07,93.5318,3779.25,-4.16351e-08,105.869,4745.7,2.06965e-08,119.834,5955.6,-3.18887e-07,135.641,7468.12,-1.48271e-08,153.531,9355.62,2.00739e-07,173.781,11705.8,2.28358e-07,196.701,14624.1,-1.93587e-08,222.642,18235,-2.88101e-07,252.003,22683.4,-2.24732e-07,285.234,28134,8.56806e-09,322.845,34767,2.34258e-07,365.413,42770.9,2.99668e-07,413.588,52327.9,8.28644e-08,468.111,63591.2,-3.07049e-07,529.814,76653.2,-3.1888e-07,599.642,91502.5,-6.72276e-08,678.662,107975,2.26339e-07,768.083,125705,3.69212e-07,869.267,144088,2.04077e-07,983.76,162277,-2.80509e-07,1113.3,179223,-4.22737e-07,1259.87,193777,-1.71951e-07,1425.68,204839,4.55555e-07,11.7194,11.96,12.6541,2.21263,4.16949,0.989383,2.67766,5.84076,0.311842,3.14343,7.55825,0.0972771,3.63127,9.58578,0.0303237,4.15787,12.0912,0.00945211,4.73731,15.2286,0.00294633,5.38238,19.1721,0.000918508,6.10553,24.134,0.000286163,6.91951,30.3791,8.92692e-05,7.83792,38.2397,2.78121e-05,8.87555,48.1338,8.65134e-06,10.0489,60.5876,2.7882e-06,11.3761,76.2629,8.29036e-07,12.8779,95.9927,2.4373e-07,14.5775,120.825,1e-08,16.5012,152.08,1.75749e-07,18.6784,191.415,1e-08,21.1428,240.917,1.91829e-07,23.9322,303.213,1e-08,27.0895,381.602,7.0186e-08,30.6634,480.231,1e-08,34.7087,604.316,2.40784e-07,39.2876,760.401,9.87368e-08,44.4705,956.705,1.22263e-07,50.3371,1203.54,1e-08,56.9776,1513.81,1e-08,64.494,1903.69,1e-08,73.0018,2393.4,3.9185e-07,82.6317,3008.13,1.35379e-07,93.5318,3779.25,1e-08,105.869,4745.7,2.06965e-08,119.834,5955.6,1e-08,135.641,7468.12,1e-08,153.531,9355.62,2.00739e-07,173.781,11705.8,2.28358e-07,196.701,14624.1,1e-08,222.642,18235,1e-08,252.003,22683.4,1e-08,285.234,28134,1e-08,322.845,34767,2.34258e-07,365.413,42770.9,2.99668e-07,413.588,52327.9,8.28644e-08,468.111,63591.2,1e-08,529.814,76653.2,1e-08,599.642,91502.5,1e-08,678.662,107975,2.26339e-07,768.083,125705,3.69212e-07,869.267,144088,2.04077e-07,983.76,162277,1e-08,1113.3,179223,1e-08,1259.87,193777,1e-08,1425.68,204839,4.55555e-07,6.2823,3.27286,2.43537,0.219672,6.18826,2.24117,0.56371,6.87772,2.63624,0.308279,9,12,5,2,5,2,2,8,0,5,7,0,3,9,1,2,16,0,4,8,0,1,16,0,15,15,0,12,35,0,5,36,0,6,41,0,12,42,0,11,118,0,3,108,0,19,124,0,14,130,0,33,212,0,11,319,0,43,403,0,26,479,0,18,422,0,32,466,0,19,724,0,45,792,0,17,1089,0,49,1688,0,81,3278,0,53,2963,0,113,4104,0,85,1553,0,108,6950,0,184,7654,0,184,5313,0,146,8710,0,69,19165,0,246,7238,0,219,11748,0,274,26165,0,165,21711,0,307,15309,0,340,23729,0,388,45296,0,208,108057,0,317,94434,0,655,100899,0,802,46908,0,754,81957,0,971,76652,0,760,91948,0,940,92819,0,1149,195490,0,2500,136000,0
-1.05176e+08,1,8.88811e-15,10,1023,0,1.05176e+08,0.528882,1.08665,0.389689,0.145397,0.379329,3.24381,0.161596,0.446195,1.77396,0.159177,1.15e+07,4.49998e+06,6.79999e+06,1.15e+07,4.49997e+06,6.79999e+06,1.15e+07,4.49996e+06,6.79999e+06,1.15e+07,4.49995e+06,6.79999e+06,1.14999e+07,4.49993e+06,6.79999e+06,1.14999e+07,4.49991e+06,6.79999e+06,1.14999e+07,4.49989e+06,6.79999e+06,1.14999e+07,4.49986e+06,6.79999e+06,1.14999e+07,4.49982e+06,6.79999e+06,1.14999e+07,4.49977e+06,6.79999e+06,1.14999e+07,4.49971e+06,6.79999e+06,1.14999e+07,4.49963e+06,6.79999e+06,1.14998e+07,4.49953e+06,6.79999e+06,1.14998e+07,4.49941e+06,6.79999e+06,1.14998e+07,4.49926e+06,6.79999e+06,1.14998e+07,4.49906e+06,6.79999e+06,1.14997e+07,4.49882e+06,6.79999e+06,1.14997e+07,4.49851e+06,6.79999e+06,1.14997e+07,4.49812e+06,6.79999e+06,1.14996e+07,4.49764e+06,6.79999e+06,1.14996e+07,4.49702e+06,6.79999e+06,1.14995e+07,4.49625e+06,6.79999e+06,1.14995e+07,4.49528e+06,6.79999e+06,1.14994e+07,4.49406e+06,6.79999e+06,1.14993e+07,4.49253e+06,6.79999e+06,1.14992e+07,4.49059e+06,6.79999e+06,1.14991e+07,4.48817e+06,6.79999e+06,1.1499e+07,4.48511e+06,6.79999e+06,1.14988e+07,4.48128e+06,6.79999e+06,1.14987e+07,4.47646e+06,6.79999e+06,1.14985e+07,4.47041e+06,6.79999e+06,1.14983e+07,4.46281e+06,6.79999e+06,1.14981e+07,4.4533e+06,6.79999e+06,1.14979e+07,4.44138e+06,6.79999e+06,1.14976e+07,4.42649e+06,6.79999e+06,1.14972e+07,4.40789e+06,6.79999e+06,1.14969e+07,4.38471e+06,6.79999e+06,1.14965e+07,4.35592e+06,6.79999e+06,1.1496e+07,4.32027e+06,6.79999e+06,1.14955e+07,4.27629e+06,6.79999e+06,1.14949e+07,4.22231e+06,6.79999e+06,1.14942e+07,4.15647e+06,6.79999e+06,1.14934e+07,4.07676e+06,6.79999e+06,1.14926e+07,3.98112e+06,6.79999e+06,1.14916e+07,3.86765e+06,6.79999e+06,1.14905e+07,3.73474e+06,6.79999e+06,1.14892e+07,3.58148e+06,6.79999e+06,1.14878e+07,3.40785e+06,6.79999e+06,1.14862e+07,3.21513e+06,6.79999e+06,1.14844e+07,3.00605e+06,6.79999e+06,1.14823e+07,2.7848e+06,6.79999e+06,1.148e+07,2.5568e+06,6.79999e+06,1.14773e+07,2.32825e+06,6.79999e+06,13.5742,8.52444,0.508366,16.8306,13.2585,0.162638,20.0035,17.569,0.0507846,23.2616,22.4214,0.0158319,26.7328,28.3297,0.00493498,30.5212,35.6974,0.00153831,34.7178,44.9473,0.000479527,39.4086,56.5822,0.000149456,44.6796,71.2245,4.66214e-05,50.6209,89.6543,1.45419e-05,57.3297,112.852,4.54748e-06,64.9129,142.051,1.43857e-06,73.4897,178.803,4.36618e-07,83.1934,225.062,1.40153e-07,94.1745,283.286,4.96378e-08,106.602,356.568,1.05434e-07,120.669,448.799,-6.49244e-08,136.59,564.873,1.70148e-07,154.611,710.948,-5.34594e-08,175.008,894.767,1.63407e-07,198.097,1126.06,8.04804e-08,224.231,1417.07,1.14667e-07,253.813,1783.15,-1.71227e-07,287.297,2243.62,-2.88466e-07,325.198,2822.67,-4.33651e-07,368.098,3550.67,7.9318e-08,416.657,4465.65,3.13319e-07,471.621,5615.16,3.4613e-07,533.835,7058.61,-1.19199e-07,604.255,8870.02,-2.79964e-07,683.962,11141.4,-2.30521e-07,774.182,13986.7,-2.55099e-07,876.299,17546.4,1.23585e-07,991.883,21993.1,1.41192e-07,1122.71,27536.7,-9.71886e-08,1270.78,34430.7,-3.68368e-07,1438.38,42977.7,-3.45379e-07,1628.07,53532.7,-3.25328e-09,1842.77,66504.6,2.6362e-07,2085.77,82350.2,2.53445e-07,2360.79,101560,-2.47407e-08,2672.05,124632,-3.80602e-07,3024.31,152018,-4.79005e-07,3422.98,184060,-1.14379e-07,3874.15,220884,2.64297e-07,4384.72,262283,3.44131e-07,4962.49,307576,7.5349e-08,5616.29,355497,-3.63097e-07,6356.1,404126,-6.05442e-07,7193.18,450932,-2.72333e-07,8140.28,492963,2.29675e-07,9211.79,527178,4.3387e-07,10424,550893,-1.0711e-07,10.102,8.06553,2.81012,10.6436,8.57909,0.869423,11.5336,10.2515,0.270869,12.7211,12.7138,0.0844293,14.1823,15.9373,0.0263173,15.9122,20.0383,0.0082035,17.9198,25.2154,0.00255722,20.2244,31.7373,0.000797017,22.8539,39.9486,0.000248622,25.8438,50.2851,7.75492e-05,29.237,63.2963,2.42508e-05,33.0837,79.6738,7.67162e-06,37.4415,100.288,2.32837e-06,42.3767,126.236,7.33e-07,47.9646,158.896,2.79256e-07,54.2906,200.003,9.87351e-09,61.452,251.741,1.61085e-07,69.5585,316.859,-2.47141e-07,78.7347,398.812,8.93552e-08,89.1218,501.948,-2.53231e-07,100.879,631.736,-1.25047e-07,114.188,795.049,-1.78808e-07,129.252,1000.53,2.6733e-07,146.304,1259.03,4.50292e-07,165.605,1584.19,6.76904e-07,187.452,1993.12,-1.23808e-07,212.181,2507.27,-4.89068e-07,240.173,3153.54,-5.40284e-07,271.856,3965.56,1.86061e-07,307.719,4985.38,4.37004e-07,348.313,6265.4,3.59828e-07,394.26,7870.83,3.98192e-07,446.268,9882.51,-1.92908e-07,505.135,12400.3,-2.20392e-07,571.766,15546.9,1.51705e-07,647.184,19472.2,5.74996e-07,732.547,24357.4,5.39112e-07,829.167,30420,5.07815e-09,938.526,37916.3,-4.11492e-07,1062.3,47143.9,-3.9561e-07,1202.4,58439.2,3.86185e-08,1360.96,72169.3,5.94093e-07,1540.42,88715.8,7.47693e-07,1743.53,108445,1.78537e-07,1973.41,131665,-4.12549e-07,2233.57,158557,-5.37164e-07,2528,189103,-1.17615e-07,2861.2,222986,5.66769e-07,3238.27,259510,9.45053e-07,3664.97,297540,4.25093e-07,4147.81,335497,-3.58506e-07,4694.17,371444,-6.7724e-07,5312.37,403256,1.67192e-07,1.61744,3.89446,9.84394,3.28846,7.5504,12.774,5.07607,11.7187,13.6844,7.03202,16.8147,13.9681,9.20215,23.1769,14.0566,11.6301,31.1672,14.0841,14.3598,41.2186,14.0927,17.4376,53.8688,14.0954,20.9137,69.7915,14.0962,24.8432,89.8341,14.0965,29.2879,115.063,14.0966,34.3168,146.819,14.0966,40.0078,186.792,14.0966,46.4487,237.107,14.0966,53.7388,300.44,14.0966,61.9903,380.158,14.0966,71.3301,480.499,14.0966,81.902,606.796,14.0966,93.8685,765.761,14.0966,107.414,965.837,14.0966,122.746,1217.65,14.0966,140.101,1534.57,14.0966,159.745,1933.41,14.0966,181.981,2435.3,14.0966,207.15,3066.85,14.0966,235.64,3861.46,14.0966,267.889,4861.11,14.0966,304.391,6118.54,14.0966,345.709,7699.91,14.0966,392.478,9688.22,14.0966,445.417,12187.5,14.0966,505.339,15327.7,14.0966,573.165,19271.6,14.0966,649.938,24222,14.0966,736.839,30430.9,14.0966,835.202,38211.5,14.0966,946.539,47950.3,14.0966,1072.56,60122.8,14.0966,1215.21,75309.9,14.0966,1376.66,94216.2,14.0966,1559.41,117688,14.0966,1766.26,146729,14.0966,2000.39,182510,14.0966,2265.39,226372,14.0966,2565.33,279806,14.0966,2904.81,344416,14.0966,3289.05,421845,14.0966,3723.93,513667,14.0966,4216.13,621231,14.0966,4773.18,745478,14.0966,5403.64,886744,14.0966,6117.15,1.04457e+06,14.0966,6924.63,1.2176e+06,14.0966,11.7194,11.96,12.6541,13.9321,16.1295,13.6434,16.6097,21.9702,13.9553,19.7532,29.5285,14.0526,23.3844,39.1143,14.0829,27.5423,51.2054,14.0923,32.2796,66.434,14.0953,37.662,85.6061,14.0962,43.7675,109.74,14.0965,50.687,140.119,14.0966,58.5249,178.359,14.0966,67.4005,226.493,14.0966,77.4493,287.08,14.0966,88.8254,363.343,14.0966,101.703,459.336,14.0966,116.281,580.161,14.0966,132.782,732.241,14.0966,151.46,923.655,14.0966,172.603,1164.57,14.0966,196.535,1467.79,14.0966,223.625,1849.39,14.0966,254.288,2329.62,14.0966,288.997,2933.93,14.0966,328.285,3694.33,14.0966,372.755,4651.04,14.0966,423.092,5854.57,14.0966,480.07,7368.38,14.0966,544.564,9272.08,14.0966,617.566,11665.5,14.0966,700.197,14673.6,14.0966,793.729,18452.9,14.0966,899.599,23198.6,14.0966,1019.43,29154.1,14.0966,1155.07,36622.3,14.0966,1308.6,45977.9,14.0966,1482.39,57683.7,14.0966,1679.09,72307.8,14.0966,1901.73,90542.8,14.0966,2153.73,113226,14.0966,2438.97,141360,14.0966,2761.81,176127,14.0966,3127.22,218898,14.0966,3540.81,271226,14.0966,4008.92,334817,14.0966,4538.74,411470,14.0966,5138.38,502973,14.0966,5817.04,610948,14.0966,6585.12,736653,14.0966,7454.39,880741,14.0966,8438.15,1.04302e+06,14.0966,9551.45,1.22224e+06,14.0966,10811.3,1.41602e+06,14.0966,12237,1.62086e+06,14.0966,11.7194,11.96,12.6541,2.21263,4.16949,0.989383,2.67766,5.84076,0.311842,3.14343,7.55825,0.0972771,3.63127,9.58578,0.0303237,4.15787,12.0912,0.00945211,4.73731,15.2286,0.00294633,5.38238,19.1721,0.000918508,6.10553,24.134,0.000286163,6.91951,30.3791,8.92692e-05,7.83792,38.2397,2.78121e-05,8.87555,48.1338,8.65134e-06,10.0489,60.5876,2.7882e-06,11.3761,76.2629,8.29036e-07,12.8779,95.9927,2.4373e-07,14.5775,120.825,4.33068e-09,16.5012,152.08,1.75749e-07,18.6784,191.415,-1.86328e-07,21.1428,240.917,1.91829e-07,23.9322,303.213,-1.81475e-07,27.0895,381.602,7.0186e-08,30.6634,480.231,-2.86769e-08,34.7087,604.316,2.40784e-07,39.2876,760.401,9.87368e-08,44.4705,956.705,1.22263e-07,50.3371,1203.54,-4.31966e-07,56.9776,1513.81,-1.9705e-07,64.494,1903.69,-2.763e-08,73.0018,2393.4,3.9185e-07,82.6317,3008.13,1.35379e-07,93.5318,3779.25,-4.16351e-08,105.869,4745.7,2.06965e-08,119.834,5955.6,-3.18887e-07,135.641,7468.12,-1.48271e-08,153.531,9355.62,2.00739e-07,173.781,11705.8,2.28358e-07,196.701,14624.1,-1.93587e-08,222.642,18235,-2.88101e-07,252.003,22683.4,-2.24732e-07,285.234,28134,8.56806e-09,322.845,34767,2.34258e-07,365.413,42770.9,2.99668e-07,413.588,52327.9,8.28644e-08,468.111,63591.2,-3.07049e-07,529.814,76653.2,-3.1888e-07,599.642,91502.5,-6.72276e-08,678.662,107975,2.26339e-07,768.083,125705,3.69212e-07,869.267,144088,2.04077e-07,983.76,162277,-2.80509e-07,1113.3,179223,-4.22737e-07,1259.87,193777,-1.71951e-07,1425.68,204839,4.55555e-07,11.7194,11.96,12.6541,2.21263,4.16949,0.989383,2.67766,5.84076,0.311842,3.14343,7.55825,0.0972771,3.63127,9.58578,0.0303237,4.15787,12.0912,0.00945211,4.73731,15.2286,0.00294633,5.38238,19.1721,0.000918508,6.10553,24.134,0.000286163,6.91951,30.3791,8.92692e-05,7.83792,38.2397,2.78121e-05,8.87555,48.1338,8.65134e-06,10.0489,60.5876,2.7882e-06,11.3761,76.2629,8.29036e-07,12.8779,95.9927,2.4373e-07,14.5775,120.825,1e-08,16.5012,152.08,1.75749e-07,18.6784,191.415,1e-08,21.1428,240.917,1.91829e-07,23.9322,303.213,1e-08,27.0895,381.602,7.0186e-08,30.6634,480.231,1e-08,34.7087,604.316,2.40784e-07,39.2876,760.401,9.87368e-08,44.4705,956.705,1.22263e-07,50.3371,1203.54,1e-08,56.9776,1513.81,1e-08,64.494,1903.69,1e-08,73.0018,2393.4,3.9185e-07,82.6317,3008.13,1.35379e-07,93.5318,3779.25,1e-08,105.869,4745.7,2.06965e-08,119.834,5955.6,1e-08,135.641,7468.12,1e-08,153.531,9355.62,2.00739e-07,173.781,11705.8,2.28358e-07,196.701,14624.1,1e-08,222.642,18235,1e-08,252.003,22683.4,1e-08,285.234,28134,1e-08,322.845,34767,2.34258e-07,365.413,42770.9,2.99668e-07,413.588,52327.9,8.28644e-08,468.111,63591.2,1e-08,529.814,76653.2,1e-08,599.642,91502.5,1e-08,678.662,107975,2.26339e-07,768.083,125705,3.69212e-07,869.267,144088,2.04077e-07,983.76,162277,1e-08,1113.3,179223,1e-08,1259.87,193777,1e-08,1425.68,204839,4.55555e-07,6.2823,3.27286,2.43537,0.219672,6.18826,2.24117,0.56371,6.87772,2.63624,0.308279,14,11,13,4,2,3,0,5,0,3,5,0,2,16,0,4,16,0,3,23,0,4,23,0,6,34,0,1,29,0,11,51,0,14,83,0,15,63,0,10,78,0,4,86,0,33,73,0,1,64,0,16,136,0,17,211,0,9,117,0,27,189,0,31,852,0,75,376,0,56,559,0,37,1587,0,74,525,0,66,1466,0,48,1024,0,61,1496,0,84,2470,0,69,3029,0,107,5956,0,112,3935,0,130,6513,0,176,4324,0,202,4295,0,252,18405,0,123,36464,0,123,5023,0,204,19415,0,462,27510,0,434,21378,0,409,60181,0,425,28198,0,450,151161,0,449,148487,0,759,133388,0,965,90535,0,1228,178930,0,459,147224,0,888,141795,0,801,118872,0,702,157137,0
-1.05176e+08,1,8.88811e-15,10,1023,0,1.05176e+08,0.528882,1.08665,0.389689,0.145397,0.379329,3.24381,0.161596,0.446195,1.77396,0.159177,1.15e+07,4.49998e+06,6.79999e+06,1.15e+07,4.49997e+06,6.79999e+06,1.15e+07,4.49996e+06,6.79999e+06,1.15e+07,4.49995e+06,6.79999e+06,1.14999e+07,4.49993e+06,6.79999e+06,1.14999e+07,4.49991e+06,6.79999e+06,1.14999e+07,4.49989e+06,6.79999e+06,1.14999e+07,4.49986e+06,6.79999e+06,1.14999e+07,4.49982e+06,6.79999e+06,1.14999e+07,4.49977e+06,6.79999e+06,1.14999e+07,4.49971e+06,6.79999e+06,1.14999e+07,4.49963e+06,6.79999e+06,1.14998e+07,4.49953e+06,6.79999e+06,1.14998e+07,4.49941e+06,6.79999e+06,1.14998e+07,4.49926e+06,6.79999e+06,1.14998e+07,4.49906e+06,6.79999e+06,1.14997e+07,4.49882e+06,6.79999e+06,1.14997e+07,4.49851e+06,6.79999e+06,1.14997e+07,4.49812e+06,6.79999e+06,1.14996e+07,4.49764e+06,6.79999e+06,1.14996e+07,4.49702e+06,6.79999e+06,1.14995e+07,4.49625e+06,6.79999e+06,1.14995e+07,4.49528e+06,6.79999e+06,1.14994e+07,4.49406e+06,6.79999e+06,1.14993e+07,4.49253e+06,6.79999e+06,1.14992e+07,4.49059e+06,6.79999e+06,1.14991e+07,4.48817e+06,6.79999e+06,1.1499e+07,4.48511e+06,6.79999e+06,1.14988e+07,4.48128e+06,6.79999e+06,1.14987e+07,4.47646e+06,6.79999e+06,1.14985e+07,4.47041e+06,6.79999e+06,1.14983e+07,4.46281e+06,6.79999e+06,1.14981e+07,4.4533e+06,6.79999e+06,1.14979e+07,4.44138e+06,6.79999e+06,1.14976e+07,4.42649e+06,6.79999e+06,1.14972e+07,4.40789e+06,6.79999e+06,1.14969e+07,4.38471e+06,6.79999e+06,1.14965e+07,4.35592e+06,6.79999e+06,1.1496e+07,4.32027e+06,6.79999e+06,1.14955e+07,4.27629e+06,6.79999e+06,1.14949e+07,4.22231e+06,6.79999e+06,1.14942e+07,4.15647e+06,6.79999e+06,1.14934e+07,4.07676e+06,6.79999e+06,1.14926e+07,3.98112e+06,6.79999e+06,1.14916e+07,3.86765e+06,6.79999e+06,1.14905e+07,3.73474e+06,6.79999e+06,1.14892e+07,3.58148e+06,6.79999e+06,1.14878e+07,3.40785e+06,6.79999e+06,1.14862e+07,3.21513e+06,6.79999e+06,1.14844e+07,3.00605e+06,6.79999e+06,1.14823e+07,2.7848e+06,6.79999e+06,1.148e+07,2.5568e+06,6.79999e+06,1.14773e+07,2.32825e+06,6.79999e+06,13.5742,8.52444,0.508366,16.8306,13.2585,0.162638,20.0035,17.569,0.0507846,23.2616,22.4214,0.0158319,26.7328,28.3297,0.00493498,30.5212,35.6974,0.00153831,34.7178,44.9473,0.000479527,39.4086,56.5822,0.000149456,44.6796,71.2245,4.66214e-05,50.6209,89.6543,1.45419e-05,57.3297,112.852,4.54748e-06,64.9129,142.051,1.43857e-06,73.4897,178.803,4.36618e-07,83.1934,225.062,1.40153e-07,94.1745,283.286,4.96378e-08,106.602,356.568,1.05434e-07,120.669,448.799,-6.49244e-08,136.59,564.873,1.70148e-07,154.611,710.948,-5.34594e-08,175.008,894.767,1.63407e-07,198.097,1126.06,8.04804e-08,224.231,1417.07,1.14667e-07,253.813,1783.15,-1.71227e-07,287.297,2243.62,-2.88466e-07,325.198,2822.67,-4.33651e-07,368.098,3550.67,7.9318e-08,416.657,4465.65,3.13319e-07,471.621,5615.16,3.4613e-07,533.835,7058.61,-1.19199e-07,604.255,8870.02,-2.79964e-07,683.962,11141.4,-2.30521e-07,774.182,13986.7,-2.55099e-07,876.299,17546.4,1.23585e-07,991.883,21993.1,1.41192e-07,1122.71,27536.7,-9.71886e-08,1270.78,34430.7,-3.68368e-07,1438.38,42977.7,-3.45379e-07,1628.07,53532.7,-3.25328e-09,1842.77,66504.6,2.6362e-07,2085.77,82350.2,2.53445e-07,2360.79,101560,-2.47407e-08,2672.05,124632,-3.80602e-07,3024.31,152018,-4.79005e-07,3422.98,184060,-1.14379e-07,3874.15,220884,2.64297e-07,4384.72,262283,3.44131e-07,4962.49,307576,7.5349e-08,5616.29,355497,-3.63097e-07,6356.1,404126,-6.05442e-07,7193.18,450932,-2.72333e-07,8140.28,492963,2.29675e-07,9211.79,527178,4.3387e-07,10424,550893,-1.0711e-07,10.102,8.06553,2.81012,10.6436,8.57909,0.869423,11.5336,10.2515,0.270869,12.7211,12.7138,0.0844293,14.1823,15.9373,0.0263173,15.9122,20.0383,0.0082035,17.9198,25.2154,0.00255722,20.2244,31.7373,0.000797017,22.8539,39.9486,0.000248622,25.8438,50.2851,7.75492e-05,29.237,63.2963,2.42508e-05,33.0837,79.6738,7.67162e-06,37.4415,100.288,2.32837e-06,42.3767,126.236,7.33e-07,47.9646,158.896,2.79256e-07,54.2906,200.003,9.87351e-09,61.452,251.741,1.61085e-07,69.5585,316.859,-2.47141e-07,78.7347,398.812,8.93552e-08,89.1218,501.948,-2.53231e-07,100.879,631.736,-1.25047e-07,114.188,795.049,-1.78808e-07,129.252,1000.53,2.6733e-07,146.304,1259.03,4.50292e-07,165.605,1584.19,6.76904e-07,187.452,1993.12,-1.23808e-07,212.181,2507.27,-4.89068e-07,240.173,3153.54,-5.40284e-07,271.856,3965.56,1.86061e-07,307.719,4985.38,4.37004e-07,348.313,6265.4,3.59828e-07,394.26,7870.83,3.98192e-07,446.268,9882.51,-1.92908e-07,505.135,12400.3,-2.20392e-07,571.766,15546.9,1.51705e-07,647.184,19472.2,5.74996e-07,732.547,24357.4,5.39112e-07,829.167,30420,5.07815e-09,938.526,37916.3,-4.11492e-07,1062.3,47143.9,-3.9561e-07,1202.4,58439.2,3.86185e-08,1360.96,72169.3,5.94093e-07,1540.42,88715.8,7.47693e-07,1743.53,108445,1.78537e-07,1973.41,131665,-4.12549e-07,2233.57,158557,-5.37164e-07,2528,189103,-1.17615e-07,2861.2,222986,5.66769e-07,3238.27,259510,9.45053e-07,3664.97,297540,4.25093e-07,4147.81,335497,-3.58506e-07,4694.17,371444,-6.7724e-07,5312.37,403256,1.67192e-07,1.61744,3.89446,9.84394,3.28846,7.5504,12.774,5.07607,11.7187,13.6844,7.03202,16.8147,13.9681,9.20215,23.1769,14.0566,11.6301,31.1672,14.0841,14.3598,41.2186,14.0927,17.4376,53.8688,14.0954,20.9137,69.7915,14.0962,24.8432,89.8341,14.0965,29.2879,115.063,14.0966,34.3168,146.819,14.0966,40.0078,186.792,14.0966,46.4487,237.107,14.0966,53.7388,300.44,14.0966,61.9903,380.158,14.0966,71.3301,480.499,14.0966,81.902,606.796,14.0966,93.8685,765.761,14.0966,107.414,965.837,14.0966,122.746,1217.65,14.0966,140.101,1534.57,14.0966,159.745,1933.41,14.0966,181.981,2435.3,14.0966,207.15,3066.85,14.0966,235.64,3861.46,14.0966,267.889,4861.11,14.0966,304.391,6118.54,14.0966,345.709,7699.91,14.0966,392.478,9688.22,14.0966,445.417,12187.5,14.0966,505.339,15327.7,14.0966,573.165,19271.6,14.0966,649.938,24222,14.0966,736.839,30430.9,14.0966,835.202,38211.5,14.0966,946.539,47950.3,14.0966,1072.56,60122.8,14.0966,1215.21,75309.9,14.0966,1376.66,94216.2,14.0966,1559.41,117688,14.0966,1766.26,146729,14.0966,2000.39,182510,14.0966,2265.39,226372,14.0966,2565.33,279806,14.0966,2904.81,344416,14.0966,3289.05,421845,14.0966,3723.93,513667,14.0966,4216.13,621231,14.0966,4773.18,745478,14.0966,5403.64,886744,14.0966,6117.15,1.04457e+06,14.0966,6924.63,1.2176e+06,14.0966,11.7194,11.96,12.6541,13.9321,16.1295,13.6434,16.6097,21.9702,13.9553,19.7532,29.5285,14.0526,23.3844,39.1143,14.0829,27.5423,51.2054,14.0923,32.2796,66.434,14.0953,37.662,85.6061,14.0962,43.7675,109.74,14.0965,50.687,140.119,14.0966,58.5249,178.359,14.0966,67.4005,226.493,14.0966,77.4493,287.08,14.0966,88.8254,363.343,14.0966,101.703,459.336,14.0966,116.281,580.161,14.0966,132.782,732.241,14.0966,151.46,923.655,14.0966,172.603,1164.57,14.0966,196.535,1467.79,14.0966,223.625,1849.39,14.0966,254.288,2329.62,14.0966,288.997,2933.93,14.0966,328.285,3694.33,14.0966,372.755,4651.04,14.0966,423.092,5854.57,14.0966,480.07,7368.38,14.0966,544.564,9272.08,14.0966,617.566,11665.5,14.0966,700.197,14673.6,14.0966,793.729,18452.9,14.0966,899.599,23198.6,14.0966,1019.43,29154.1,14.0966,1155.07,36622.3,14.0966,1308.6,45977.9,14.0966,1482.39,57683.7,14.0966,1679.09,72307.8,14.0966,1901.73,90542.8,14.0966,2153.73,113226,14.0966,2438.97,141360,14.0966,2761.81,176127,14.0966,3127.22,218898,14.0966,3540.81,271226,14.0966,4008.92,334817,14.0966,4538.74,411470,14.0966,5138.38,502973,14.0966,5817.04,610948,14.0966,6585.12,736653,14.0966,7454.39,880741,14.0966,8438.15,1.04302e+06,14.0966,9551.45,1.22224e+06,14.0966,10811.3,1.41602e+06,14.0966,12237,1.62086e+06,14.0966,11.7194,11.96,12.6541,2.21263,4.16949,0.989383,2.67766,5.84076,0.311842,3.14343,7.55825,0.0972771,3.63127,9.58578,0.0303237,4.15787,12.0912,0.00945211,4.73731,15.2286,0.00294633,5.38238,19.1721,0.000918508,6.10553,24.134,0.000286163,6.91951,30.3791,8.92692e-05,7.83792,38.2397,2.78121e-05,8.87555,48.1338,8.65134e-06,10.0489,60.5876,2.7882e-06,11.3761,76.2629,8.29036e-07,12.8779,95.9927,2.4373e-07,14.5775,120.825,4.33068e-09,16.5012,152.08,1.75749e-07,18.6784,191.415,-1.86328e-07,21.1428,240.917,1.91829e-07,23.9322,303.213,-1.81475e-07,27.0895,381.602,7.0186e-08,30.6634,480.231,-2.86769e-08,34.7087,604.316,2.40784e-07,39.2876,760.401,9.87368e-08,44.4705,956.705,1.22263e-07,50.3371,1203.54,-4.31966e-07,56.9776,1513.81,-1.9705e-07,64.494,1903.69,-2.763e-08,73.0018,2393.4,3.9185e-07,82.6317,3008.13,1.35379e-07,93.5318,3779.25,-4.16351e-08,105.869,4745.7,2.06965e-08,119.834,5955.6,-3.18887e-07,135.641,7468.12,-1.48271e-08,153.531,9355.62,2.00739e-07,173.781,11705.8,2.28358e-07,196.701,14624.1,-1.93587e-08,222.642,18235,-2.88101e-07,252.003,22683.4,-2.24732e-07,285.234,28134,8.56806e-09,322.845,34767,2.34258e-07,365.413,42770.9,2.99668e-07,413.588,52327.9,8.28644e-08,468.111,63591.2,-3.07049e-07,529.814,76653.2,-3.1888e-07,599.642,91502.5,-6.72276e-08,678.662,107975,2.26339e-07,768.083,125705,3.69212e-07,869.267,144088,2.04077e-07,983.76,162277,-2.80509e-07,1113.3,179223,-4.22737e-07,1259.87,193777,-1.71951e-07,1425.68,204839,4.55555e-07,11.7194,11.96,12.6541,2.21263,4.16949,0.989383,2.67766,5.84076,0.311842,3.14343,7.55825,0.0972771,3.63127,9.58578,0.0303237,4.15787,12.0912,0.00945211,4.73731,15.2286,0.00294633,5.38238,19.1721,0.000918508,6.10553,24.134,0.000286163,6.91951,30.3791,8.92692e-05,7.83792,38.2397,2.78121e-05,8.87555,48.1338,8.65134e-06,10.0489,60.5876,2.7882e-06,11.3761,76.2629,8.29036e-07,12.8779,95.9927,2.4373e-07,14.5775,120.825,1e-08,16.5012,152.08,1.75749e-07,18.6784,191.415,1e-08,21.1428,240.917,1.91829e-07,23.9322,303.213,1e-08,27.0895,381.602,7.0186e-08,30.6634,480.231,1e-08,34.7087,604.316,2.40784e-07,39.2876,760.401,9.87368e-08,44.4705,956.705,1.22263e-07,50.3371,1203.54,1e-08,56.9776,1513.81,1e-08,64.494,1903.69,1e-08,73.0018,2393.4,3.9185e-07,82.6317,3008.13,1.35379e-07,93.5318,3779.25,1e-08,105.869,4745.7,2.06965e-08,119.834,5955.6,1e-08,135.641,7468.12,1e-08,153.531,9355.62,2.00739e-07,173.781,11705.8,2.28358e-07,196.701,14624.1,1e-08,222.642,18235,1e-08,252.003,22683.4,1e-08,285.234,28134,1e-08,322.845,34767,2.34258e-07,365.413,42770.9,2.99668e-07,413.588,52327.9,8.28644e-08,468.111,63591.2,1e-08,529.814,76653.2,1e-08,599.642,91502.5,1e-08,678.662,107975,2.26339e-07,768.083,125705,3.69212e-07,869.267,144088,2.04077e-07,983.76,162277,1e-08,1113.3,179223,1e-08,1259.87,193777,1e-08,1425.68,204839,4.55555e-07,6.2823,3.27286,2.43537,0.219672,6.18826,2.24117,0.56371,6.87772,2.63624,0.308279,13,7,19,3,7,1,2,12,1,3,13,0,6,7,0,1,13,0,9,16,0,8,20,0,6,15,0,5,44,0,13,51,0,15,29,0,9,48,0,13,90,0,6,106,0,19,77,0,8,110,0,24,127,0,25,320,0,22,255,0,23,183,0,16,372,0,38,868,0,43,876,0,26,1450,0,36,1489,0,46,1168,0,20,2179,0,72,2841,0,76,2341,0,58,2768,0,54,3895,0,78,2321,0,119,5460,0,81,9839,0,235,16528,0,308,9707,0,260,19395,0,218,15253,0,270,23360,0,458,23254,0,281,52270,0,285,55743,0,548,53514,0,297,99644,0,394,166787,0,758,142430,0,850,149971,0,238,93512,0,446,117128,0,1895,158968,0,1810,134067,0,828,167094,0
-1.05176e+08,1,8.88811e-15,10,1023,0,1.05176e+08,0.528882,1.08665,0.389689,0.145397,0.379329,3.24381,0.161596,0.446195,1.77396,0.159177,1.15e+07,4.49998e+06,6.79999e+06,1.15e+07,4.49997e+06,6.79999e+06,1.15e+07,4.49996e+06,6.79999e+06,1.15e+07,4.49995e+06,6.79999e+06,1.14999e+07,4.49993e+06,6.79999e+06,1.14999e+07,4.49991e+06,6.79999e+06,1.14999e+07,4.49989e+06,6.79999e+06,1.14999e+07,4.49986e+06,6.79999e+06,1.14999e+07,4.49982e+06,6.79999e+06,1.14999e+07,4.49977e+06,6.79999e+06,1.14999e+07,4.49971e+06,6.79999e+06,1.14999e+07,4.49963e+06,6.79999e+06,1.14998e+07,4.49953e+06,6.79999e+06,1.14998e+07,4.49941e+06,6.79999e+06,1.14998e+07,4.49926e+06,6.79999e+06,1.14998e+07,4.49906e+06,6.79999e+06,1.14997e+07,4.49882e+06,6.79999e+06,1.14997e+07,4.49851e+06,6.79999e+06,1.14997e+07,4.49812e+06,6.79999e+06,1.14996e+07,4.49764e+06,6.79999e+06,1.14996e+07,4.49702e+06,6.79999e+06,1.14995e+07,4.49625e+06,6.79999e+06,1.14995e+07,4.49528e+06,6.79999e+06,1.14994e+07,4.49406e+06,6.79999e+06,1.14993e+07,4.49253e+06,6.79999e+06,1.14992e+07,4.49059e+06,6.79999e+06,1.14991e+07,4.48817e+06,6.79999e+06,1.1499e+07,4.48511e+06,6.79999e+06,1.14988e+07,4.48128e+06,6.79999e+06,1.14987e+07,4.47646e+06,6.79999e+06,1.14985e+07,4.47041e+06,6.79999e+06,1.14983e+07,4.46281e+06,6.79999e+06,1.14981e+07,4.4533e+06,6.79999e+06,1.14979e+07,4.44138e+06,6.79999e+06,1.14976e+07,4.42649e+06,6.79999e+06,1.14972e+07,4.40789e+06,6.79999e+06,1.14969e+07,4.38471e+06,6.79999e+06,1.14965e+07,4.35592e+06,6.79999e+06,1.1496e+07,4.32027e+06,6.79999e+06,1.14955e+07,4.27629e+06,6.79999e+06,1.14949e+07,4.22231e+06,6.79999e+06,1.14942e+07,4.15647e+06,6.79999e+06,1.14934e+07,4.07676e+06,6.79999e+06,1.14926e+07,3.98112e+06,6.79999e+06,1.14916e+07,3.86765e+06,6.79999e+06,1.14905e+07,3.73474e+06,6.79999e+06,1.14892e+07,3.58148e+06,6.79999e+06,1.14878e+07,3.40785e+06,6.79999e+06,1.14862e+07,3.21513e+06,6.79999e+06,1.14844e+07,3.00605e+06,6.79999e+06,1.14823e+07,2.7848e+06,6.79999e+06,1.148e+07,2.5568e+06,6.79999e+06,1.14773e+07,2.32825e+06,6.79999e+06,13.5742,8.52444,0.508366,16.8306,13.2585,0.162638,20.0035,17.569,0.0507846,23.2616,22.4214,0.0158319,26.7328,28.3297,0.00493498,30.5212,35.6974,0.00153831,34.7178,44.9473,0.000479527,39.4086,56.5822,0.000149456,44.6796,71.2245,4.66214e-05,50.6209,89.6543,1.45419e-05,57.3297,112.852,4.54748e-06,64.9129,142.051,1.43857e-06,73.4897,178.803,4.36618e-07,83.1934,225.062,1.40153e-07,94.1745,283.286,4.96378e-08,106.602,356.568,1.05434e-07,120.669,448.799,-6.49244e-08,136.59,564.873,1.70148e-07,154.611,710.948,-5.34594e-08,175.008,894.767,1.63407e-07,198.097,1126.06,8.04804e-08,224.231,1417.07,1.14667e-07,253.813,1783.15,-1.71227e-07,287.297,2243.62,-2.88466e-07,325.198,2822.67,-4.33651e-07,368.098,3550.67,7.9318e-08,416.657,4465.65,3.13319e-07,471.621,5615.16,3.4613e-07,533.835,7058.61,-1.19199e-07,604.255,8870.02,-2.79964e-07,683.962,11141.4,-2.30521e-07,774.182,13986.7,-2.55099e-07,876.299,17546.4,1.23585e-07,991.883,21993.1,1.41192e-07,1122.71,27536.7,-9.71886e-08,1270.78,34430.7,-3.68368e-07,1438.38,42977.7,-3.45379e-07,1628.07,53532.7,-3.25328e-09,1842.77,66504.6,2.6362e-07,2085.77,82350.2,2.53445e-07,2360.79,101560,-2.47407e-08,2672.05,124632,-3.80602e-07,3024.31,152018,-4.79005e-07,3422.98,184060,-1.14379e-07,3874.15,220884,2.64297e-07,4384.72,262283,3.44131e-07,4962.49,307576,7.5349e-08,5616.29,355497,-3.63097e-07,6356.1,404126,-6.05442e-07,7193.18,450932,-2.72333e-07,8140.28,492963,2.29675e-07,9211.79,527178,4.3387e-07,10424,550893,-1.0711e-07,10.102,8.06553,2.81012,10.6436,8.57909,0.869423,11.5336,10.2515,0.270869,12.7211,12.7138,0.0844293,14.1823,15.9373,0.0263173,15.9122,20.0383,0.0082035,17.9198,25.2154,0.00255722,20.2244,31.7373,0.000797017,22.8539,39.9486,0.000248622,25.8438,50.2851,7.75492e-05,29.237,63.2963,2.42508e-05,33.0837,79.6738,7.67162e-06,37.4415,100.288,2.32837e-06,42.3767,126.236,7.33e-07,47.9646,158.896,2.79256e-07,54.2906,200.003,9.87351e-09,61.452,251.741,1.61085e-07,69.5585,316.859,-2.47141e-07,78.7347,398.812,8.93552e-08,89.1218,501.948,-2.53231e-07,100.879,631.736,-1.25047e-07,114.188,795.049,-1.78808e-07,129.252,1000.53,2.6733e-07,146.304,1259.03,4.50292e-07,165.605,1584.19,6.76904e-07,187.452,1993.12,-1.23808e-07,212.181,2507.27,-4.89068e-07,240.173,3153.54,-5.40284e-07,271.856,3965.56,1.86061e-07,307.719,4985.38,4.37004e-07,348.313,6265.4,3.59828e-07,394.26,7870.83,3.98192e-07,446.268,9882.51,-1.92908e-07,505.135,12400.3,-2.20392e-07,571.766,15546.9,1.51705e-07,647.184,19472.2,5.74996e-07,732.547,24357.4,5.39112e-07,829.167,30420,5.07815e-09,938.526,37916.3,-4.11492e-07,1062.3,47143.9,-3.9561e-07,1202.4,58439.2,3.86185e-08,1360.96,72169.3,5.94093e-07,1540.42,88715.8,7.47693e-07,1743.53,108445,1.78537e-07,1973.41,131665,-4.12549e-07,2233.57,158557,-5.37164e-07,2528,189103,-1.17615e-07,2861.2,222986,5.66769e-07,3238.27,259510,9.45053e-07,3664.97,297540,4.25093e-07,4147.81,335497,-3.58506e-07,4694.17,371444,-6.7724e-07,5312.37,403256,1.67192e-07,1.61744,3.89446,9.84394,3.28846,7.5504,12.774,5.07607,11.7187,13.6844,7.03202,16.8147,13.9681,9.20215,23.1769,14.0566,11.6301,31.1672,14.0841,14.3598,41.2186,14.0927,17.4376,53.8688,14.0954,20.9137,69.7915,14.0962,24.8432,89.8341,14.0965,29.2879,115.063,14.0966,34.3168,146.819,14.0966,40.0078,186.792,14.0966,46.4487,237.107,14.0966,53.7388,300.44,14.0966,61.9903,380.158,14.0966,71.3301,480.499,14.0966,81.902,606.796,14.0966,93.8685,765.761,14.0966,107.414,965.837,14.0966,122.746,1217.65,14.0966,140.101,1534.57,14.0966,159.745,1933.41,14.0966,181.981,2435.3,14.0966,207.15,3066.85,14.0966,235.64,3861.46,14.0966,267.889,4861.11,14.0966,304.391,6118.54,14.0966,345.709,7699.91,14.0966,392.478,9688.22,14.0966,445.417,12187.5,14.0966,505.339,15327.7,14.0966,573.165,19271.6,14.0966,649.938,24222,14.0966,736.839,30430.9,14.0966,835.202,38211.5,14.0966,946.539,47950.3,14.0966,1072.56,60122.8,14.0966,1215.21,75309.9,14.0966,1376.66,94216.2,14.0966,1559.41,117688,14.0966,1766.26,146729,14.0966,2000.39,182510,14.0966,2265.39,226372,14.0966,2565.33,279806,14.0966,2904.81,344416,14.0966,3289.05,421845,14.0966,3723.93,513667,14.0966,4216.13,621231,14.0966,4773.18,745478,14.0966,5403.64,886744,14.0966,6117.15,1.04457e+06,14.0966,6924.63,1.2176e+06,14.0966,11.7194,11.96,12.6541,13.9321,16.1295,13.6434,16.6097,21.9702,13.9553,19.7532,29.5285,14.0526,23.3844,39.1143,14.0829,27.5423,51.2054,14.0923,32.2796,66.434,14.0953,37.662,85.6061,14.0962,43.7675,109.74,14.0965,50.687,140.119,14.0966,58.5249,178.359,14.0966,67.4005,226.493,14.0966,77.4493,287.08,14.0966,88.8254,363.343,14.0966,101.703,459.336,14.0966,116.281,580.161,14.0966,132.782,732.241,14.0966,151.46,923.655,14.0966,172.603,1164.57,14.0966,196.535,1467.79,14.0966,223.625,1849.39,14.0966,254.288,2329.62,14.0966,288.997,2933.93,14.0966,328.285,3694.33,14.0966,372.755,4651.04,14.0966,423.092,5854.57,14.0966,480.07,7368.38,14.0966,544.564,9272.08,14.0966,617.566,11665.5,14.0966,700.197,14673.6,14.0966,793.729,18452.9,14.0966,899.599,23198.6,14.0966,1019.43,29154.1,14.0966,1155.07,36622.3,14.0966,1308.6,45977.9,14.0966,1482.39,57683.7,14.0966,1679.09,72307.8,14.0966,1901.73,90542.8,14.0966,2153.73,113226,14.0966,2438.97,141360,14.0966,2761.81,176127,14.0966,3127.22,218898,14.0966,3540.81,271226,14.0966,4008.92,334817,14.0966,4538.74,411470,14.0966,5138.38,502973,14.0966,5817.04,610948,14.0966,6585.12,736653,14.0966,7454.39,880741,14.0966,8438.15,1.04302e+06,14.0966,9551.45,1.22224e+06,14.0966,10811.3,1.41602e+06,14.0966,12237,1.62086e+06,14.0966,11.7194,11.96,12.6541,2.21263,4.16949,0.989383,2.67766,5.84076,0.311842,3.14343,7.55825,0.0972771,3.63127,9.58578,0.0303237,4.15787,12.0912,0.00945211,4.73731,15.2286,0.00294633,5.38238,19.1721,0.000918508,6.10553,24.134,0.000286163,6.91951,30.3791,8.92692e-05,7.83792,38.2397,2.78121e-05,8.87555,48.1338,8.65134e-06,10.0489,60.5876,2.7882e-06,11.3761,76.2629,8.29036e-07,12.8779,95.9927,2.4373e-07,14.5775,120.825,4.33068e-09,16.5012,152.08,1.75749e-07,18.6784,191.415,-1.86328e-07,21.1428,240.917,1.91829e-07,23.9322,303.213,-1.81475e-07,27.0895,381.602,7.0186e-08,30.6634,480.231,-2.86769e-08,34.7087,604.316,2.40784e-07,39.2876,760.401,9.87368e-08,44.4705,956.705,1.22263e-07,50.3371,1203.54,-4.31966e-07,56.9776,1513.81,-1.9705e-07,64.494,1903.69,-2.763e-08,73.0018,2393.4,3.9185e-07,82.6317,3008.13,1.35379e-07,93.5318,3779.25,-4.16351e-08,105.869,4745.7,2.06965e-08,119.834,5955.6,-3.18887e-07,135.641,7468.12,-1.48271e-08,153.531,9355.62,2.00739e-07,173.781,11705.8,2.28358e-07,196.701,14624.1,-1.93587e-08,222.642,18235,-2.88101e-07,252.003,22683.4,-2.24732e-07,285.234,28134,8.56806e-09,322.845,34767,2.34258e-07,365.413,42770.9,2.99668e-07,413.588,52327.9,8.28644e-08,468.111,63591.2,-3.07049e-07,529.814,76653.2,-3.1888e-07,599.642,91502.5,-6.72276e-08,678.662,107975,2.26339e-07,768.083,125705,3.69212e-07,869.267,144088,2.04077e-07,983.76,162277,-2.80509e-07,1113.3,179223,-4.22737e-07,1259.87,193777,-1.71951e-07,1425.68,204839,4.55555e-07,11.7194,11.96,12.6541,2.21263,4.16949,0.989383,2.67766,5.84076,0.311842,3.14343,7.55825,0.0972771,3.63127,9.58578,0.0303237,4.15787,12.0912,0.00945211,4.73731,15.2286,0.00294633,5.38238,19.1721,0.000918508,6.10553,24.134,0.000286163,6.91951,30.3791,8.92692e-05,7.83792,38.2397,2.78121e-05,8.87555,48.1338,8.65134e-06,10.0489,60.5876,2.7882e-06,11.3761,76.2629,8.29036e-07,12.8779,95.9927,2.4373e-07,14.5775,120.825,1e-08,16.5012,152.08,1.75749e-07,18.6784,191.415,1e-08,21.1428,240.917,1.91829e-07,23.9322,303.213,1e-08,27.0895,381.602,7.0186e-08,30.6634,480.231,1e-08,34.7087,604.316,2.40784e-07,39.2876,760.401,9.87368e-08,44.4705,956.705,1.22263e-07,50.3371,1203.54,1e-08,56.9776,1513.81,1e-08,64.494,1903.69,1e-08,73.0018,2393.4,3.9185e-07,82.6317,3008.13,1.35379e-07,93.5318,3779.25,1e-08,105.869,4745.7,2.06965e-08,119.834,5955.6,1e-08,135.641,7468.12,1e-08,153.531,9355.62,2.00739e-07,173.781,11705.8,2.28358e-07,196.701,14624.1,1e-08,222.642,18235,1e-08,252.003,22683.4,1e-08,285.234,28134,1e-08,322.845,34767,2.34258e-07,365.413,42770.9,2.99668e-07,413.588,52327.9,8.28644e-08,468.111,63591.2,1e-08,529.814,76653.2,1e-08,599.642,91502.5,1e-08,678.662,107975,2.26339e-07,768.083,125705,3.69212e-07,869.267,144088,2.04077e-07,983.76,162277,1e-08,1113.3,179223,1e-08,1259.87,193777,1e-08,1425.68,204839,4.55555e-07,6.2823,3.27286,2.43537,0.219672,6.18826,2.24117,0.56371,6.87772,2.63624,0.308279,7,15,9,0,2,2,3,2,0,3,14,0,2,4,0,2,8,0,4,21,0,5,13,0,5,63,0,7,51,0,2,46,0,12,30,0,17,31,0,19,58,0,5,109,0,6,98,0,16,283,0,17,151,0,9,185,0,15,152,0,21,469,0,26,300,0,13,914,0,17,1191,0,51,731,0,71,1544,0,42,937,0,45,2135,0,106,925,0,52,1808,0,156,4704,0,157,2586,0,279,7020,0,163,10758,0,243,11767,0,148,12242,0,185,4447,0,116,34136,0,244,18355,0,203,35574,0,245,21877,0,268,51592,0,291,60022,0,129,19948,0,589,68896,0,462,93973,0,531,108258,0,408,104315,0,1278,86974,0,663,82565,0,1219,263645,0,1535,240525,0,1638,131720,0
-1.05176e+08,1,8.88811e-15,10,1023,0,1.05176e+08,0.528882,1.08665,0.389689,0.145397,0.379329,3.24381,0.161596,0.446195,1.77396,0.159177,1.15e+07,4.49998e+06,6.79999e+06,1.15e+07,4.49997e+06,6.79999e+06,1.15e+07,4.49996e+06,6.79999e+06,1.15e+07,4.49995e+06,6.79999e+06,1.14999e+07,4.49993e+06,6.79999e+06,1.14999e+07,4.49991e+06,6.79999e+06,1.14999e+07,4.49989e+06,6.79999e+06,1.14999e+07,4.49986e+06,6.79999e+06,1.14999e+07,4.49982e+06,6.79999e+06,1.14999e+07,4.49977e+06,6.79999e+06,1.14999e+07,4.49971e+06,6.79999e+06,1.14999e+07,4.49963e+06,6.79999e+06,1.14998e+07,4.49953e+06,6.79999e+06,1.14998e+07,4.49941e+06,6.79999e+06,1.14998e+07,4.49926e+06,6.79999e+06,1.14998e+07,4.49906e+06,6.79999e+06,1.14997e+07,4.49882e+06,6.79999e+06,1.14997e+07,4.49851e+06,6.79999e+06,1.14997e+07,4.49812e+06,6.79999e+06,1.14996e+07,4.49764e+06,6.79999e+06,1.14996e+07,4.49702e+06,6.79999e+06,1.14995e+07,4.49625e+06,6.79999e+06,1.14995e+07,4.49528e+06,6.79999e+06,1.14994e+07,4.49406e+06,6.79999e+06,1.14993e+07,4.49253e+06,6.79999e+06,1.14992e+07,4.49059e+06,6.79999e+06,1.14991e+07,4.48817e+06,6.79999e+06,1.1499e+07,4.48511e+06,6.79999e+06,1.14988e+07,4.48128e+06,6.79999e+06,1.14987e+07,4.47646e+06,6.79999e+06,1.14985e+07,4.47041e+06,6.79999e+06,1.14983e+07,4.46281e+06,6.79999e+06,1.14981e+07,4.4533e+06,6.79999e+06,1.14979e+07,4.44138e+06,6.79999e+06,1.14976e+07,4.42649e+06,6.79999e+06,1.14972e+07,4.40789e+06,6.79999e+06,1.14969e+07,4.38471e+06,6.79999e+06,1.14965e+07,4.35592e+06,6.79999e+06,1.1496e+07,4.32027e+06,6.79999e+06,1.14955e+07,4.27629e+06,6.79999e+06,1.14949e+07,4.22231e+06,6.79999e+06,1.14942e+07,4.15647e+06,6.79999e+06,1.14934e+07,4.07676e+06,6.79999e+06,1.14926e+07,3.98112e+06,6.79999e+06,1.14916e+07,3.86765e+06,6.79999e+06,1.14905e+07,3.73474e+06,6.79999e+06,1.14892e+07,3.58148e+06,6.79999e+06,1.14878e+07,3.40785e+06,6.79999e+06,1.14862e+07,3.21513e+06,6.79999e+06,1.14844e+07,3.00605e+06,6.79999e+06,1.14823e+07,2.7848e+06,6.79999e+06,1.148e+07,2.5568e+06,6.79999e+06,1.14773e+07,2.32825e+06,6.79999e+06,13.5742,8.52444,0.508366,16.8306,13.2585,0.162638,20.0035,17.569,0.0507846,23.2616,22.4214,0.0158319,26.7328,28.3297,0.00493498,30.5212,35.6974,0.00153831,34.7178,44.9473,0.000479527,39.4086,56.5822,0.000149456,44.6796,71.2245,4.66214e-05,50.6209,89.6543,1.45419e-05,57.3297,112.852,4.54748e-06,64.9129,142.051,1.43857e-06,73.4897,178.803,4.36618e-07,83.1934,225.062,1.40153e-07,94.1745,283.286,4.96378e-08,106.602,356.568,1.05434e-07,120.669,448.799,-6.49244e-08,136.59,564.873,1.70148e-07,154.611,710.948,-5.34594e-08,175.008,894.767,1.63407e-07,198.097,1126.06,8.04804e-08,224.231,1417.07,1.14667e-07,253.813,1783.15,-1.71227e-07,287.297,2243.62,-2.88466e-07,325.198,2822.67,-4.33651e-07,368.098,3550.67,7.9318e-08,416.657,4465.65,3.13319e-07,471.621,5615.16,3.4613e-07,533.835,7058.61,-1.19199e-07,604.255,8870.02,-2.79964e-07,683.962,11141.4,-2.30521e-07,774.182,13986.7,-2.55099e-07,876.299,17546.4,1.23585e-07,991.883,21993.1,1.41192e-07,1122.71,27536.7,-9.71886e-08,1270.78,34430.7,-3.68368e-07,1438.38,42977.7,-3.45379e-07,1628.07,53532.7,-3.25328e-09,1842.77,66504.6,2.6362e-07,2085.77,82350.2,2.53445e-07,2360.79,101560,-2.47407e-08,2672.05,124632,-3.80602e-07,3024.31,152018,-4.79005e-07,3422.98,184060,-1.14379e-07,3874.15,220884,2.64297e-07,4384.72,262283,3.44131e-07,4962.49,307576,7.5349e-08,5616.29,355497,-3.63097e-07,6356.1,404126,-6.05442e-07,7193.18,450932,-2.72333e-07,8140.28,492963,2.29675e-07,9211.79,527178,4.3387e-07,10424,550893,-1.0711e-07,10.102,8.06553,2.81012,10.6436,8.57909,0.869423,11.5336,10.2515,0.270869,12.7211,12.7138,0.0844293,14.1823,15.9373,0.0263173,15.9122,20.0383,0.0082035,17.9198,25.2154,0.00255722,20.2244,31.7373,0.000797017,22.8539,39.9486,0.000248622,25.8438,50.2851,7.75492e-05,29.237,63.2963,2.42508e-05,33.0837,79.6738,7.67162e-06,37.4415,100.288,2.32837e-06,42.3767,126.236,7.33e-07,47.9646,158.896,2.79256e-07,54.2906,200.003,9.87351e-09,61.452,251.741,1.61085e-07,69.5585,316.859,-2.47141e-07,78.7347,398.812,8.93552e-08,89.1218,501.948,-2.53231e-07,100.879,631.736,-1.25047e-07,114.188,795.049,-1.78808e-07,129.252,1000.53,2.6733e-07,146.304,1259.03,4.50292e-07,165.605,1584.19,6.76904e-07,187.452,1993.12,-1.23808e-07,212.181,2507.27,-4.89068e-07,240.173,3153.54,-5.40284e-07,271.856,3965.56,1.86061e-07,307.719,4985.38,4.37004e-07,348.313,6265.4,3.59828e-07,394.26,7870.83,3.98192e-07,446.268,9882.51,-1.92908e-07,505.135,12400.3,-2.20392e-07,571.766,15546.9,1.51705e-07,647.184,19472.2,5.74996e-07,732.547,24357.4,5.39112e-07,829.167,30420,5.07815e-09,938.526,37916.3,-4.11492e-07,1062.3,47143.9,-3.9561e-07,1202.4,58439.2,3.86185e-08,1360.96,72169.3,5.94093e-07,1540.42,88715.8,7.47693e-07,1743.53,108445,1.78537e-07,1973.41,131665,-4.12549e-07,2233.57,158557,-5.37164e-07,2528,189103,-1.17615e-07,2861.2,222986,5.66769e-07,3238.27,259510,9.45053e-07,3664.97,297540,4.25093e-07,4147.81,335497,-3.58506e-07,4694.17,371444,-6.7724e-07,5312.37,403256,1.67192e-07,1.61744,3.89446,9.84394,3.28846,7.5504,12.774,5.07607,11.7187,13.6844,7.03202,16.8147,13.9681,9.20215,23.1769,14.0566,11.6301,31.1672,14.0841,14.3598,41.2186,14.0927,17.4376,53.8688,14.0954,20.9137,69.7915,14.0962,24.8432,89.8341,14.0965,29.2879,115.063,14.0966,34.3168,146.819,14.0966,40.0078,186.792,14.0966,46.4487,237.107,14.0966,53.7388,300.44,14.0966,61.9903,380.158,14.0966,71.3301,480.499,14.0966,81.902,606.796,14.0966,93.8685,765.761,14.0966,107.414,965.837,14.0966,122.746,1217.65,14.0966,140.101,1534.57,14.0966,159.745,1933.41,14.0966,181.981,2435.3,14.0966,207.15,3066.85,14.0966,235.64,3861.46,14.0966,267.889,4861.11,14.0966,304.391,6118.54,14.0966,345.709,7699.91,14.0966,392.478,9688.22,14.0966,445.417,12187.5,14.0966,505.339,15327.7,14.0966,573.165,19271.6,14.0966,649.938,24222,14.0966,736.839,30430.9,14.0966,835.202,38211.5,14.0966,946.539,47950.3,14.0966,1072.56,60122.8,14.0966,1215.21,75309.9,14.0966,1376.66,94216.2,14.0966,1559.41,117688,14.0966,1766.26,146729,14.0966,2000.39,182510,14.0966,2265.39,226372,14.0966,2565.33,279806,14.0966,2904.81,344416,14.0966,3289.05,421845,14.0966,3723.93,513667,14.0966,4216.13,621231,14.0966,4773.18,745478,14.0966,5403.64,886744,14.0966,6117.15,1.04457e+06,14.0966,6924.63,1.2176e+06,14.0966,11.7194,11.96,12.6541,13.9321,16.1295,13.6434,16.6097,21.9702,13.9553,19.7532,29.5285,14.0526,23.3844,39.1143,14.0829,27.5423,51.2054,14.0923,32.2796,66.434,14.0953,37.662,85.6061,14.0962,43.7675,109.74,14.0965,50.687,140.119,14.0966,58.5249,178.359,14.0966,67.4005,226.493,14.0966,77.4493,287.08,14.0966,88.8254,363.343,14.0966,101.703,459.336,14.0966,116.281,580.161,14.0966,132.782,732.241,14.0966,151.46,923.655,14.0966,172.603,1164.57,14.0966,196.535,1467.79,14.0966,223.625,1849.39,14.0966,254.288,2329.62,14.0966,288.997,2933.93,14.0966,328.285,3694.33,14.0966,372.755,4651.04,14.0966,423.092,5854.57,14.0966,480.07,7368.38,14.0966,544.564,9272.08,14.0966,617.566,11665.5,14.0966,700.197,14673.6,14.0966,793.729,18452.9,14.0966,899.599,23198.6,14.0966,1019.43,29154.1,14.0966,1155.07,36622.3,14.0966,1308.6,45977.9,14.0966,1482.39,57683.7,14.0966,1679.09,72307.8,14.0966,1901.73,90542.8,14.0966,2153.73,113226,14.0966,2438.97,141360,14.0966,2761.81,176127,14.0966,3127.22,218898,14.0966,3540.81,271226,14.0966,4008.92,334817,14.0966,4538.74,411470,14.0966,5138.38,502973,14.0966,5817.04,610948,14.0966,6585.12,736653,14.0966,7454.39,880741,14.0966,8438.15,1.04302e+06,14.0966,9551.45,1.22224e+06,14.0966,10811.3,1.41602e+06,14.0966,12237,1.62086e+06,14.0966,11.7194,11.96,12.6541,2.21263,4.16949,0.989383,2.67766,5.84076,0.311842,3.14343,7.55825,0.0972771,3.63127,9.58578,0.0303237,4.15787,12.0912,0.00945211,4.73731,15.2286,0.00294633,5.38238,19.1721,0.000918508,6.10553,24.134,0.000286163,6.91951,30.3791,8.92692e-05,7.83792,38.2397,2.78121e-05,8.87555,48.1338,8.65134e-06,10.0489,60.5876,2.7882e-06,11.3761,76.2629,8.29036e-07,12.8779,95.9927,2.4373e-07,14.5775,120.825,4.33068e-09,16.5012,152.08,1.75749e-07,18.6784,191.415,-1.86328e-07,21.1428,240.917,1.91829e-07,23.9322,303.213,-1.81475e-07,27.0895,381.602,7.0186e-08,30.6634,480.231,-2.86769e-08,34.7087,604.316,2.40784e-07,39.2876,760.401,9.87368e-08,44.4705,956.705,1.22263e-07,50.3371,1203.54,-4.31966e-07,56.9776,1513.81,-1.9705e-07,64.494,1903.69,-2.763e-08,73.0018,2393.4,3.9185e-07,82.6317,3008.13,1.35379e-07,93.5318,3779.25,-4.16351e-08,105.869,4745.7,2.06965e-08,119.834,5955.6,-3.18887e-07,135.641,7468.12,-1.48271e-08,153.531,9355.62,2.00739e-07,173.781,11705.8,2.28358e-07,196.701,14624.1,-1.93587e-08,222.642,18235,-2.88101e-07,252.003,22683.4,-2.24732e-07,285.234,28134,8.56806e-09,322.845,34767,2.34258e-07,365.413,42770.9,2.99668e-07,413.588,52327.9,8.28644e-08,468.111,63591.2,-3.07049e-07,529.814,76653.2,-3.1888e-07,599.642,91502.5,-6.72276e-08,678.662,107975,2.26339e-07,768.083,125705,3.69212e-07,869.267,144088,2.04077e-07,983.76,162277,-2.80509e-07,1113.3,179223,-4.22737e-07,1259.87,193777,-1.71951e-07,1425.68,204839,4.55555e-07,11.7194,11.96,12.6541,2.21263,4.16949,0.989383,2.67766,5.84076,0.311842,3.14343,7.55825,0.0972771,3.63127,9.58578,0.0303237,4.15787,12.0912,0.00945211,4.73731,15.2286,0.00294633,5.38238,19.1721,0.000918508,6.10553,24.134,0.000286163,6.91951,30.3791,8.92692e-05,7.83792,38.2397,2.78121e-05,8.87555,48.1338,8.65134e-06,10.0489,60.5876,2.7882e-06,11.3761,76.2629,8.29036e-07,12.8779,95.9927,2.4373e-07,14.5775,120.825,1e-08,16.5012,152.08,1.75749e-07,18.6784,191.415,1e-08,21.1428,240.917,1.91829e-07,23.9322,303.213,1e-08,27.0895,381.602,7.0186e-08,30.6634,480.231,1e-08,34.7087,604.316,2.40784e-07,39.2876,760.401,9.87368e-08,44.4705,956.705,1.22263e-07,50.3371,1203.54,1e-08,56.9776,1513.81,1e-08,64.494,1903.69,1e-08,73.0018,2393.4,3.9185e-07,82.6317,3008.13,1.35379e-07,93.5318,3779.25,1e-08,105.869,4745.7,2.06965e-08,119.834,5955.6,1e-08,135.641,7468.12,1e-08,153.531,9355.62,2.00739e-07,173.781,11705.8,2.28358e-07,196.701,14624.1,1e-08,222.642,18235,1e-08,252.003,22683.4,1e-08,285.234,28134,1e-08,322.845,34767,2.34258e-07,365.413,42770.9,2.99668e-07,413.588,52327.9,8.28644e-08,468.111,63591.2,1e-08,529.814,76653.2,1e-08,599.642,91502.5,1e-08,678.662,107975,2.26339e-07,768.083,125705,3.69212e-07,869.267,144088,2.04077e-07,983.76,162277,1e-08,1113.3,179223,1e-08,1259.87,193777,1e-08,1425.68,204839,4.55555e-07,6.2823,3.27286,2.43537,0.219672,6.18826,2.24117,0.56371,6.87772,2.63624,0.308279,2,5,6,3,2,0,2,11,0,7,8,0,2,8,0,5,12,0,11,11,0,0,39,0,0,16,0,6,36,0,16,57,0,12,66,0,25,57,0,5,59,0,13,62,0,19,107,0,25,325,0,8,261,0,24,186,0,32,359,0,44,611,0,20,365,0,63,828,0,19,779,0,52,976,0,43,717,0,38,1130,0,47,1335,0,99,2384,0,79,5086,0,64,3447,0,110,5383,0,111,3097,0,142,5841,0,135,14372,0,105,14321,0,146,13505,0,188,18164,0,208,20376,0,212,31802,0,318,15014,0,500,43530,0,230,57621,0,527,81201,0,399,67442,0,250,124927,0,206,175170,0,790,153875,0,812,276080,0,1250,202818,0,584,89464,0,1079,261708,0,1549,209819,0
-1.05176e+08,1,8.88811e-15,10,1023,0,1.05176e+08,0.528882,1.08665,0.389689,0.145397,0.379329,3.24381,0.161596,0.446195,1.77396,0.159177,1.15e+07,4.49998e+06,6.79999e+06,1.15e+07,4.49997e+06,6.79999e+06,1.15e+07,4.49996e+06,6.79999e+06,1.15e+07,4.49995e+06,6.79999e+06,1.14999e+07,4.49993e+06,6.79999e+06,1.14999e+07,4.49991e+06,6.79999e+06,1.14999e+07,4.49989e+06,6.79999e+06,1.14999e+07,4.49986e+06,6.79999e+06,1.14999e+07,4.49982e+06,6.79999e+06,1.14999e+07,4.49977e+06,6.79999e+06,1.14999e+07,4.49971e+06,6.79999e+06,1.14999e+07,4.49963e+06,6.79999e+06,1.14998e+07,4.49953e+06,6.79999e+06,1.14998e+07,4.49941e+06,6.79999e+06,1.14998e+07,4.49926e+06,6.79999e+06,1.14998e+07,4.49906e+06,6.79999e+06,1.14997e+07,4.49882e+06,6.79999e+06,1.14997e+07,4.49851e+06,6.79999e+06,1.14997e+07,4.49812e+06,6.79999e+06,1.14996e+07,4.49764e+06,6.79999e+06,1.14996e+07,4.49702e+06,6.79999e+06,1.14995e+07,4.49625e+06,6.79999e+06,1.14995e+07,4.49528e+06,6.79999e+06,1.14994e+07,4.49406e+06,6.79999e+06,1.14993e+07,4.49253e+06,6.79999e+06,1.14992e+07,4.49059e+06,6.79999e+06,1.14991e+07,4.48817e+06,6.79999e+06,1.1499e+07,4.48511e+06,6.79999e+06,1.14988e+07,4.48128e+06,6.79999e+06,1.14987e+07,4.47646e+06,6.79999e+06,1.14985e+07,4.47041e+06,6.79999e+06,1.14983e+07,4.46281e+06,6.79999e+06,1.14981e+07,4.4533e+06,6.79999e+06,1.14979e+07,4.44138e+06,6.79999e+06,1.14976e+07,4.42649e+06,6.79999e+06,1.14972e+07,4.40789e+06,6.79999e+06,1.14969e+07,4.38471e+06,6.79999e+06,1.14965e+07,4.35592e+06,6.79999e+06,1.1496e+07,4.32027e+06,6.79999e+06,1.14955e+07,4.27629e+06,6.79999e+06,1.14949e+07,4.22231e+06,6.79999e+06,1.14942e+07,4.15647e+06,6.79999e+06,1.14934e+07,4.07676e+06,6.79999e+06,1.14926e+07,3.98112e+06,6.79999e+06,1.14916e+07,3.86765e+06,6.79999e+06,1.14905e+07,3.73474e+06,6.79999e+06,1.14892e+07,3.58148e+06,6.79999e+06,1.14878e+07,3.40785e+06,6.79999e+06,1.14862e+07,3.21513e+06,6.79999e+06,1.14844e+07,3.00605e+06,6.79999e+06,1.14823e+07,2.7848e+06,6.79999e+06,1.148e+07,2.5568e+06,6.79999e+06,1.14773e+07,2.32825e+06,6.79999e+06,13.5742,8.52444,0.508366,16.8306,13.2585,0.162638,20.0035,17.569,0.0507846,23.2616,22.4214,0.0158319,26.7328,28.3297,0.00493498,30.5212,35.6974,0.00153831,34.7178,44.9473,0.000479527,39.4086,56.5822,0.000149456,44.6796,71.2245,4.66214e-05,50.6209,89.6543,1.45419e-05,57.3297,112.852,4.54748e-06,64.9129,142.051,1.43857e-06,73.4897,178.803,4.36618e-07,83.1934,225.062,1.40153e-07,94.1745,283.286,4.96378e-08,106.602,356.568,1.05434e-07,120.669,448.799,-6.49244e-08,136.59,564.873,1.70148e-07,154.611,710.948,-5.34594e-08,175.008,894.767,1.63407e-07,198.097,1126.06,8.04804e-08,224.231,1417.07,1.14667e-07,253.813,1783.15,-1.71227e-07,287.297,2243.62,-2.88466e-07,325.198,2822.67,-4.33651e-07,368.098,3550.67,7.9318e-08,416.657,4465.65,3.13319e-07,471.621,5615.16,3.4613e-07,533.835,7058.61,-1.19199e-07,604.255,8870.02,-2.79964e-07,683.962,11141.4,-2.30521e-07,774.182,13986.7,-2.55099e-07,876.299,17546.4,1.23585e-07,991.883,21993.1,1.41192e-07,1122.71,27536.7,-9.71886e-08,1270.78,34430.7,-3.68368e-07,1438.38,42977.7,-3.45379e-07,1628.07,53532.7,-3.25328e-09,1842.77,66504.6,2.6362e-07,2085.77,82350.2,2.53445e-07,2360.79,101560,-2.47407e-08,2672.05,124632,-3.80602e-07,3024.31,152018,-4.79005e-07,3422.98,184060,-1.14379e-07,3874.15,220884,2.64297e-07,4384.72,262283,3.44131e-07,4962.49,307576,7.5349e-08,5616.29,355497,-3.63097e-07,6356.1,404126,-6.05442e-07,7193.18,450932,-2.72333e-07,8140.28,492963,2.29675e-07,9211.79,527178,4.3387e-07,10424,550893,-1.0711e-07,10.102,8.06553,2.81012,10.6436,8.57909,0.869423,11.5336,10.2515,0.270869,12.7211,12.7138,0.0844293,14.1823,15.9373,0.0263173,15.9122,20.0383,0.0082035,17.9198,25.2154,0.00255722,20.2244,31.7373,0.000797017,22.8539,39.9486,0.000248622,25.8438,50.2851,7.75492e-05,29.237,63.2963,2.42508e-05,33.0837,79.6738,7.67162e-06,37.4415,100.288,2.32837e-06,42.3767,126.236,7.33e-07,47.9646,158.896,2.79256e-07,54.2906,200.003,9.87351e-09,61.452,251.741,1.61085e-07,69.5585,316.859,-2.47141e-07,78.7347,398.812,8.93552e-08,89.1218,501.948,-2.53231e-07,100.879,631.736,-1.25047e-07,114.188,795.049,-1.78808e-07,129.252,1000.53,2.6733e-07,146.304,1259.03,4.50292e-07,165.605,1584.19,6.76904e-07,187.452,1993.12,-1.23808e-07,212.181,2507.27,-4.89068e-07,240.173,3153.54,-5.40284e-07,271.856,3965.56,1.86061e-07,307.719,4985.38,4.37004e-07,348.313,6265.4,3.59828e-07,394.26,7870.83,3.98192e-07,446.268,9882.51,-1.92908e-07,505.135,12400.3,-2.20392e-07,571.766,15546.9,1.51705e-07,647.184,19472.2,5.74996e-07,732.547,24357.4,5.39112e-07,829.167,30420,5.07815e-09,938.526,37916.3,-4.11492e-07,1062.3,47143.9,-3.9561e-07,1202.4,58439.2,3.86185e-08,1360.96,72169.3,5.94093e-07,1540.42,88715.8,7.47693e-07,1743.53,108445,1.78537e-07,1973.41,131665,-4.12549e-07,2233.57,158557,-5.37164e-07,2528,189103,-1.17615e-07,2861.2,222986,5.66769e-07,3238.27,259510,9.45053e-07,3664.97,297540,4.25093e-07,4147.81,335497,-3.58506e-07,4694.17,371444,-6.7724e-07,5312.37,403256,1.67192e-07,1.61744,3.89446,9.84394,3.28846,7.5504,12.774,5.07607,11.7187,13.6844,7.03202,16.8147,13.9681,9.20215,23.1769,14.0566,11.6301,31.1672,14.0841,14.3598,41.2186,14.0927,17.4376,53.8688,14.0954,20.9137,69.7915,14.0962,24.8432,89.8341,14.0965,29.2879,115.063,14.0966,34.3168,146.819,14.0966,40.0078,186.792,14.0966,46.4487,237.107,14.0966,53.7388,300.44,14.0966,61.9903,380.158,14.0966,71.3301,480.499,14.0966,81.902,606.796,14.0966,93.8685,765.761,14.0966,107.414,965.837,14.0966,122.746,1217.65,14.0966,140.101,1534.57,14.0966,159.745,1933.41,14.0966,181.981,2435.3,14.0966,207.15,3066.85,14.0966,235.64,3861.46,14.0966,267.889,4861.11,14.0966,304.391,6118.54,14.0966,345.709,7699.91,14.0966,392.478,9688.22,14.0966,445.417,12187.5,14.0966,505.339,15327.7,14.0966,573.165,19271.6,14.0966,649.938,24222,14.0966,736.839,30430.9,14.0966,835.202,38211.5,14.0966,946.539,47950.3,14.0966,1072.56,60122.8,14.0966,1215.21,75309.9,14.0966,1376.66,94216.2,14.0966,1559.41,117688,14.0966,1766.26,146729,14.0966,2000.39,182510,14.0966,2265.39,226372,14.0966,2565.33,279806,14.0966,2904.81,344416,14.0966,3289.05,421845,14.0966,3723.93,513667,14.0966,4216.13,621231,14.0966,4773.18,745478,14.0966,5403.64,886744,14.0966,6117.15,1.04457e+06,14.0966,6924.63,1.2176e+06,14.0966,11.7194,11.96,12.6541,13.9321,16.1295,13.6434,16.6097,21.9702,13.9553,19.7532,29.5285,14.0526,23.3844,39.1143,14.0829,27.5423,51.2054,14.0923,32.2796,66.434,14.0953,37.662,85.6061,14.0962,43.7675,109.74,14.0965,50.687,140.119,14.0966,58.5249,178.359,14.0966,67.4005,226.493,14.0966,77.4493,287.08,14.0966,88.8254,363.343,14.0966,101.703,459.336,14.0966,116.281,580.161,14.0966,132.782,732.241,14.0966,151.46,923.655,14.0966,172.603,1164.57,14.0966,196.535,1467.79,14.0966,223.625,1849.39,14.0966,254.288,2329.62,14.0966,288.997,2933.93,14.0966,328.285,3694.33,14.0966,372.755,4651.04,14.0966,423.092,5854.57,14.0966,480.07,7368.38,14.0966,544.564,9272.08,14.0966,617.566,11665.5,14.0966,700.197,14673.6,14.0966,793.729,18452.9,14.0966,899.599,23198.6,14.0966,1019.43,29154.1,14.0966,1155.07,36622.3,14.0966,1308.6,45977.9,14.0966,1482.39,57683.7,14.0966,1679.09,72307.8,14.0966,1901.73,90542.8,14.0966,2153.73,113226,14.0966,2438.97,141360,14.0966,2761.81,176127,14.0966,3127.22,218898,14.0966,3540.81,271226,14.0966,4008.92,334817,14.0966,4538.74,411470,14.0966,5138.38,502973,14.0966,5817.04,610948,14.0966,6585.12,736653,14.0966,7454.39,880741,14.0966,8438.15,1.04302e+06,14.0966,9551.45,1.22224e+06,14.0966,10811.3,1.41602e+06,14.0966,12237,1.62086e+06,14.0966,11.7194,11.96,12.6541,2.21263,4.16949,0.989383,2.67766,5.84076,0.311842,3.14343,7.55825,0.0972771,3.63127,9.58578,0.0303237,4.15787,12.0912,0.00945211,4.73731,15.2286,0.00294633,5.38238,19.1721,0.000918508,6.10553,24.134,0.000286163,6.91951,30.3791,8.92692e-05,7.83792,38.2397,2.78121e-05,8.87555,48.1338,8.65134e-06,10.0489,60.5876,2.7882e-06,11.3761,76.2629,8.29036e-07,12.8779,95.9927,2.4373e-07,14.5775,120.825,4.33068e-09,16.5012,152.08,1.75749e-07,18.6784,191.415,-1.86328e-07,21.1428,240.917,1.91829e-07,23.9322,303.213,-1.81475e-07,27.0895,381.602,7.0186e-08,30.6634,480.231,-2.86769e-08,34.7087,604.316,2.40784e-07,39.2876,760.401,9.87368e-08,44.4705,956.705,1.22263e-07,50.3371,1203.54,-4.31966e-07,56.9776,1513.81,-1.9705e-07,64.494,1903.69,-2.763e-08,73.0018,2393.4,3.9185e-07,82.6317,3008.13,1.35379e-07,93.5318,3779.25,-4.16351e-08,105.869,4745.7,2.06965e-08,119.834,5955.6,-3.18887e-07,135.641,7468.12,-1.48271e-08,153.531,9355.62,2.00739e-07,173.781,11705.8,2.28358e-07,196.701,14624.1,-1.93587e-08,222.642,18235,-2.88101e-07,252.003,22683.4,-2.24732e-07,285.234,28134,8.56806e-09,322.845,34767,2.34258e-07,365.413,42770.9,2.99668e-07,413.588,52327.9,8.28644e-08,468.111,63591.2,-3.07049e-07,529.814,76653.2,-3.1888e-07,599.642,91502.5,-6.72276e-08,678.662,107975,2.26339e-07,768.083,125705,3.69212e-07,869.267,144088,2.04077e-07,983.76,162277,-2.80509e-07,1113.3,179223,-4.22737e-07,1259.87,193777,-1.71951e-07,1425.68,204839,4.55555e-07,11.7194,11.96,12.6541,2.21263,4.16949,0.989383,2.67766,5.84076,0.311842,3.14343,7.55825,0.0972771,3.63127,9.58578,0.0303237,4.15787,12.0912,0.00945211,4.73731,15.2286,0.00294633,5.38238,19.1721,0.000918508,6.10553,24.134,0.000286163,6.91951,30.3791,8.92692e-05,7.83792,38.2397,2.78121e-05,8.87555,48.1338,8.65134e-06,10.0489,60.5876,2.7882e-06,11.3761,76.2629,8.29036e-07,12.8779,95.9927,2.4373e-07,14.5775,120.825,1e-08,16.5012,152.08,1.75749e-07,18.6784,191.415,1e-08,21.1428,240.917,1.91829e-07,23.9322,303.213,1e-08,27.0895,381.602,7.0186e-08,30.6634,480.231,1e-08,34.7087,604.316,2.40784e-07,39.2876,760.401,9.87368e-08,44.4705,956.705,1.22263e-07,50.3371,1203.54,1e-08,56.9776,1513.81,1e-08,64.494,1903.69,1e-08,73.0018,2393.4,3.9185e-07,82.6317,3008.13,1.35379e-07,93.5318,3779.25,1e-08,105.869,4745.7,2.06965e-08,119.834,5955.6,1e-08,135.641,7468.12,1e-08,153.531,9355.62,2.00739e-07,173.781,11705.8,2.28358e-07,196.701,14624.1,1e-08,222.642,18235,1e-08,252.003,22683.4,1e-08,285.234,28134,1e-08,322.845,34767,2.34258e-07,365.413,42770.9,2.99668e-07,413.588,52327.9,8.28644e-08,468.111,63591.2,1e-08,529.814,76653.2,1e-08,599.642,91502.5,1e-08,678.662,107975,2.26339e-07,768.083,125705,3.69212e-07,869.267,144088,2.04077e-07,983.76,162277,1e-08,1113.3,179223,1e-08,1259.87,193777,1e-08,1425.68,204839,4.55555e-07,6.2823,3.27286,2.43537,0.219672,6.18826,2.24117,0.56371,6.87772,2.63624,0.308279,22,8,8,2,4,0,2,6,2,4,13,0,2,16,0,1,11,0,8,29,0,8,29,0,8,24,0,4,31,0,12,22,0,11,79,0,7,65,0,19,91,0,6,192,0,32,146,0,18,54,0,26,98,0,14,178,0,27,504,0,26,598,0,54,360,0,26,526,0,41,1133,0,48,615,0,73,1241,0,86,1865,0,89,1247,0,85,2327,0,90,2472,0,117,3369,0,156,2896,0,64,5487,0,96,6464,0,90,9881,0,344,7129,0,215,19994,0,169,35863,0,267,34975,0,504,22936,0,415,45553,0,357,47147,0,506,47996,0,635,118522,0,265,73985,0,860,142740,0,612,56077,0,1204,220948,0,954,133375,0,1013,159720,0,794,169551,0,817,179713,0,1240,180063,0
-1.05176e+08,1,8.88811e-15,10,1023,0,1.05176e+08,0.528882,1.08665,0.389689,0.145397,0.379329,3.24381,0.161596,0.446195,1.77396,0.159177,1.15e+07,4.49998e+06,6.79999e+06,1.15e+07,4.49997e+06,6.79999e+06,1.15e+07,4.49996e+06,6.79999e+06,1.15e+07,4.49995e+06,6.79999e+06,1.14999e+07,4.49993e+06,6.79999e+06,1.14999e+07,4.49991e+06,6.79999e+06,1.14999e+07,4.49989e+06,6.79999e+06,1.14999e+07,4.49986e+06,6.79999e+06,1.14999e+07,4.49982e+06,6.79999e+06,1.14999e+07,4.49977e+06,6.79999e+06,1.14999e+07,4.49971e+06,6.79999e+06,1.14999e+07,4.49963e+06,6.79999e+06,1.14998e+07,4.49953e+06,6.79999e+06,1.14998e+07,4.49941e+06,6.79999e+06,1.14998e+07,4.49926e+06,6.79999e+06,1.14998e+07,4.49906e+06,6.79999e+06,1.14997e+07,4.49882e+06,6.79999e+06,1.14997e+07,4.49851e+06,6.79999e+06,1.14997e+07,4.49812e+06,6.79999e+06,1.14996e+07,4.49764e+06,6.79999e+06,1.14996e+07,4.49702e+06,6.79999e+06,1.14995e+07,4.49625e+06,6.79999e+06,1.14995e+07,4.49528e+06,6.79999e+06,1.14994e+07,4.49406e+06,6.79999e+06,1.14993e+07,4.49253e+06,6.79999e+06,1.14992e+07,4.49059e+06,6.79999e+06,1.14991e+07,4.48817e+06,6.79999e+06,1.1499e+07,4.48511e+06,6.79999e+06,1.14988e+07,4.48128e+06,6.79999e+06,1.14987e+07,4.47646e+06,6.79999e+06,1.14985e+07,4.47041e+06,6.79999e+06,1.14983e+07,4.46281e+06,6.79999e+06,1.14981e+07,4.4533e+06,6.79999e+06,1.14979e+07,4.44138e+06,6.79999e+06,1.14976e+07,4.42649e+06,6.79999e+06,1.14972e+07,4.40789e+06,6.79999e+06,1.14969e+07,4.38471e+06,6.79999e+06,1.14965e+07,4.35592e+06,6.79999e+06,1.1496e+07,4.32027e+06,6.79999e+06,1.14955e+07,4.27629e+06,6.79999e+06,1.14949e+07,4.22231e+06,6.79999e+06,1.14942e+07,4.15647e+06,6.79999e+06,1.14934e+07,4.07676e+06,6.79999e+06,1.14926e+07,3.98112e+06,6.79999e+06,1.14916e+07,3.86765e+06,6.79999e+06,1.14905e+07,3.73474e+06,6.79999e+06,1.14892e+07,3.58148e+06,6.79999e+06,1.14878e+07,3.40785e+06,6.79999e+06,1.14862e+07,3.21513e+06,6.79999e+06,1.14844e+07,3.00605e+06,6.79999e+06,1.14823e+07,2.7848e+06,6.79999e+06,1.148e+07,2.5568e+06,6.79999e+06,1.14773e+07,2.32825e+06,6.79999e+06,13.5742,8.52444,0.508366,16.8306,13.2585,0.162638,20.0035,17.569,0.0507846,23.2616,22.4214,0.0158319,26.7328,28.3297,0.00493498,30.5212,35.6974,0.00153831,34.7178,44.9473,0.000479527,39.4086,56.5822,0.000149456,44.6796,71.2245,4.66214e-05,50.6209,89.6543,1.45419e-05,57.3297,112.852,4.54748e-06,64.9129,142.051,1.43857e-06,73.4897,178.803,4.36618e-07,83.1934,225.062,1.40153e-07,94.1745,283.286,4.96378e-08,106.602,356.568,1.05434e-07,120.669,448.799,-6.49244e-08,136.59,564.873,1.70148e-07,154.611,710.948,-5.34594e-08,175.008,894.767,1.63407e-07,198.097,1126.06,8.04804e-08,224.231,1417.07,1.14667e-07,253.813,1783.15,-1.71227e-07,287.297,2243.62,-2.88466e-07,325.198,2822.67,-4.33651e-07,368.098,3550.67,7.9318e-08,416.657,4465.65,3.13319e-07,471.621,5615.16,3.4613e-07,533.835,7058.61,-1.19199e-07,604.255,8870.02,-2.79964e-07,683.962,11141.4,-2.30521e-07,774.182,13986.7,-2.55099e-07,876.299,17546.4,1.23585e-07,991.883,21993.1,1.41192e-07,1122.71,27536.7,-9.71886e-08,1270.78,34430.7,-3.68368e-07,1438.38,42977.7,-3.45379e-07,1628.07,53532.7,-3.25328e-09,1842.77,66504.6,2.6362e-07,2085.77,82350.2,2.53445e-07,2360.79,101560,-2.47407e-08,2672.05,124632,-3.80602e-07,3024.31,152018,-4.79005e-07,3422.98,184060,-1.14379e-07,3874.15,220884,2.64297e-07,4384.72,262283,3.44131e-07,4962.49,307576,7.5349e-08,5616.29,355497,-3.63097e-07,6356.1,404126,-6.05442e-07,7193.18,450932,-2.72333e-07,8140.28,492963,2.29675e-07,9211.79,527178,4.3387e-07,10424,550893,-1.0711e-07,10.102,8.06553,2.81012,10.6436,8.57909,0.869423,11.5336,10.2515,0.270869,12.7211,12.7138,0.0844293,14.1823,15.9373,0.0263173,15.9122,20.0383,0.0082035,17.9198,25.2154,0.00255722,20.2244,31.7373,0.000797017,22.8539,39.9486,0.000248622,25.8438,50.2851,7.75492e-05,29.237,63.2963,2.42508e-05,33.0837,79.6738,7.67162e-06,37.4415,100.288,2.32837e-06,42.3767,126.236,7.33e-07,47.9646,158.896,2.79256e-07,54.2906,200.003,9.87351e-09,61.452,251.741,1.61085e-07,69.5585,316.859,-2.47141e-07,78.7347,398.812,8.93552e-08,89.1218,501.948,-2.53231e-07,100.879,631.736,-1.25047e-07,114.188,795.049,-1.78808e-07,129.252,1000.53,2.6733e-07,146.304,1259.03,4.50292e-07,165.605,1584.19,6.76904e-07,187.452,1993.12,-1.23808e-07,212.181,2507.27,-4.89068e-07,240.173,3153.54,-5.40284e-07,271.856,3965.56,1.86061e-07,307.719,4985.38,4.37004e-07,348.313,6265.4,3.59828e-07,394.26,7870.83,3.98192e-07,446.268,9882.51,-1.92908e-07,505.135,12400.3,-2.20392e-07,571.766,15546.9,1.51705e-07,647.184,19472.2,5.74996e-07,732.547,24357.4,5.39112e-07,829.167,30420,5.07815e-09,938.526,37916.3,-4.11492e-07,1062.3,47143.9,-3.9561e-07,1202.4,58439.2,3.86185e-08,1360.96,72169.3,5.94093e-07,1540.42,88715.8,7.47693e-07,1743.53,108445,1.78537e-07,1973.41,131665,-4.12549e-07,2233.57,158557,-5.37164e-07,2528,189103,-1.17615e-07,2861.2,222986,5.66769e-07,3238.27,259510,9.45053e-07,3664.97,297540,4.25093e-07,4147.81,335497,-3.58506e-07,4694.17,371444,-6.7724e-07,5312.37,403256,1.67192e-07,1.61744,3.89446,9.84394,3.28846,7.5504,12.774,5.07607,11.7187,13.6844,7.03202,16.8147,13.9681,9.20215,23.1769,14.0566,11.6301,31.1672,14.0841,14.3598,41.2186,14.0927,17.4376,53.8688,14.0954,20.9137,69.7915,14.0962,24.8432,89.8341,14.0965,29.2879,115.063,14.0966,34.3168,146.819,14.0966,40.0078,186.792,14.0966,46.4487,237.107,14.0966,53.7388,300.44,14.0966,61.9903,380.158,14.0966,71.3301,480.499,14.0966,81.902,606.796,14.0966,93.8685,765.761,14.0966,107.414,965.837,14.0966,122.746,1217.65,14.0966,140.101,1534.57,14.0966,159.745,1933.41,14.0966,181.981,2435.3,14.0966,207.15,3066.85,14.0966,235.64,3861.46,14.0966,267.889,4861.11,14.0966,304.391,6118.54,14.0966,345.709,7699.91,14.0966,392.478,9688.22,14.0966,445.417,12187.5,14.0966,505.339,15327.7,14.0966,573.165,19271.6,14.0966,649.938,24222,14.0966,736.839,30430.9,14.0966,835.202,38211.5,14.0966,946.539,47950.3,14.0966,1072.56,60122.8,14.0966,1215.21,75309.9,14.0966,1376.66,94216.2,14.0966,1559.41,117688,14.0966,1766.26,146729,14.0966,2000.39,182510,14.0966,2265.39,226372,14.0966,2565.33,279806,14.0966,2904.81,344416,14.0966,3289.05,421845,14.0966,3723.93,513667,14.0966,4216.13,621231,14.0966,4773.18,745478,14.0966,5403.64,886744,14.0966,6117.15,1.04457e+06,14.0966,6924.63,1.2176e+06,14.0966,11.7194,11.96,12.6541,13.9321,16.1295,13.6434,16.6097,21.9702,13.9553,19.7532,29.5285,14.0526,23.3844,39.1143,14.0829,27.5423,51.2054,14.0923,32.2796,66.434,14.0953,37.662,85.6061,14.0962,43.7675,109.74,14.0965,50.687,140.119,14.0966,58.5249,178.359,14.0966,67.4005,226.493,14.0966,77.4493,287.08,14.0966,88.8254,363.343,14.0966,101.703,459.336,14.0966,116.281,580.161,14.0966,132.782,732.241,14.0966,151.46,923.655,14.0966,172.603,1164.57,14.0966,196.535,1467.79,14.0966,223.625,1849.39,14.0966,254.288,2329.62,14.0966,288.997,2933.93,14.0966,328.285,3694.33,14.0966,372.755,4651.04,14.0966,423.092,5854.57,14.0966,480.07,7368.38,14.0966,544.564,9272.08,14.0966,617.566,11665.5,14.0966,700.197,14673.6,14.0966,793.729,18452.9,14.0966,899.599,23198.6,14.0966,1019.43,29154.1,14.0966,1155.07,36622.3,14.0966,1308.6,45977.9,14.0966,1482.39,57683.7,14.0966,1679.09,72307.8,14.0966,1901.73,90542.8,14.0966,2153.73,113226,14.0966,2438.97,141360,14.0966,2761.81,176127,14.0966,3127.22,218898,14.0966,3540.81,271226,14.0966,4008.92,334817,14.0966,4538.74,411470,14.0966,5138.38,502973,14.0966,5817.04,610948,14.0966,6585.12,736653,14.0966,7454.39,880741,14.0966,8438.15,1.04302e+06,14.0966,9551.45,1.22224e+06,14.0966,10811.3,1.41602e+06,14.0966,12237,1.62086e+06,14.0966,11.7194,11.96,12.6541,2.21263,4.16949,0.989383,2.67766,5.84076,0.311842,3.14343,7.55825,0.0972771,3.63127,9.58578,0.0303237,4.15787,12.0912,0.00945211,4.73731,15.2286,0.00294633,5.38238,19.1721,0.000918508,6.10553,24.134,0.000286163,6.91951,30.3791,8.92692e-05,7.83792,38.2397,2.78121e-05,8.87555,48.1338,8.65134e-06,10.0489,60.5876,2.7882e-06,11.3761,76.2629,8.29036e-07,12.8779,95.9927,2.4373e-07,14.5775,120.825,4.33068e-09,16.5012,152.08,1.75749e-07,18.6784,191.415,-1.86328e-07,21.1428,240.917,1.91829e-07,23.9322,303.213,-1.81475e-07,27.0895,381.602,7.0186e-08,30.6634,480.231,-2.86769e-08,34.7087,604.316,2.40784e-07,39.2876,760.401,9.87368e-08,44.4705,956.705,1.22263e-07,50.3371,1203.54,-4.31966e-07,56.9776,1513.81,-1.9705e-07,64.494,1903.69,-2.763e-08,73.0018,2393.4,3.9185e-07,82.6317,3008.13,1.35379e-07,93.5318,3779.25,-4.16351e-08,105.869,4745.7,2.06965e-08,119.834,5955.6,-3.18887e-07,135.641,7468.12,-1.48271e-08,153.531,9355.62,2.00739e-07,173.781,11705.8,2.28358e-07,196.701,14624.1,-1.93587e-08,222.642,18235,-2.88101e-07,252.003,22683.4,-2.24732e-07,285.234,28134,8.56806e-09,322.845,34767,2.34258e-07,365.413,42770.9,2.99668e-07,413.588,52327.9,8.28644e-08,468.111,63591.2,-3.07049e-07,529.814,76653.2,-3.1888e-07,599.642,91502.5,-6.72276e-08,678.662,107975,2.26339e-07,768.083,125705,3.69212e-07,869.267,144088,2.04077e-07,983.76,162277,-2.80509e-07,1113.3,179223,-4.22737e-07,1259.87,193777,-1.71951e-07,1425.68,204839,4.55555e-07,11.7194,11.96,12.6541,2.21263,4.16949,0.989383,2.67766,5.84076,0.311842,3.14343,7.55825,0.0972771,3.63127,9.58578,0.0303237,4.15787,12.0912,0.00945211,4.73731,15.2286,0.00294633,5.38238,19.1721,0.000918508,6.10553,24.134,0.000286163,6.91951,30.3791,8.92692e-05,7.83792,38.2397,2.78121e-05,8.87555,48.1338,8.65134e-06,10.0489,60.5876,2.7882e-06,11.3761,76.2629,8.29036e-07,12.8779,95.9927,2.4373e-07,14.5775,120.825,1e-08,16.5012,152.08,1.75749e-07,18.6784,191.415,1e-08,21.1428,240.917,1.91829e-07,23.9322,303.213,1e-08,27.0895,381.602,7.0186e-08,30.6634,480.231,1e-08,34.7087,604.316,2.40784e-07,39.2876,760.401,9.87368e-08,44.4705,956.705,1.22263e-07,50.3371,1203.54,1e-08,56.9776,1513.81,1e-08,64.494,1903.69,1e-08,73.0018,2393.4,3.9185e-07,82.6317,3008.13,1.35379e-07,93.5318,3779.25,1e-08,105.869,4745.7,2.06965e-08,119.834,5955.6,1e-08,135.641,7468.12,1e-08,153.531,9355.62,2.00739e-07,173.781,11705.8,2.28358e-07,196.701,14624.1,1e-08,222.642,18235,1e-08,252.003,22683.4,1e-08,285.234,28134,1e-08,322.845,34767,2.34258e-07,365.413,42770.9,2.99668e-07,413.588,52327.9,8.28644e-08,468.111,63591.2,1e-08,529.814,76653.2,1e-08,599.642,91502.5,1e-08,678.662,107975,2.26339e-07,768.083,125705,3.69212e-07,869.267,144088,2.04077e-07,983.76,162277,1e-08,1113.3,179223,1e-08,1259.87,193777,1e-08,1425.68,204839,4.55555e-07,6.2823,3.27286,2.43537,0.219672,6.18826,2.24117,0.56371,6.87772,2.63624,0.308279,19,9,9,2,0,0,2,4,0,4,6,0,6,21,0,3,11,0,0,17,0,1,17,0,4,16,0,11,35,0,4,53,0,6,58,0,6,33,0,24,53,0,12,73,0,14,100,0,16,140,0,20,124,0,37,190,0,30,545,0,29,375,0,25,476,0,75,472,0,65,670,0,51,853,0,36,1552,0,40,2287,0,75,2802,0,57,1913,0,116,1896,0,100,2072,0,119,3775,0,83,7377,0,261,6248,0,140,11087,0,201,17336,0,135,10944,0,145,12140,0,316,21096,0,360,33229,0,206,15026,0,614,36029,0,441,59476,0,787,57700,0,443,67355,0,429,110345,0,451,73673,0,776,177440,0,716,214659,0,1142,123441,0,1452,230380,0,1381,288617,0,2309,286936,0
-1.05176e+08,1,8.88811e-15,10,1023,0,1.05176e+08,0.528882,1.08665,0.389689,0.145397,0.379329,3.24381,0.161596,0.446195,1.77396,0.159177,1.15e+07,4.49998e+06,6.79999e+06,1.15e+07,4.49997e+06,6.79999e+06,1.15e+07,4.49996e+06,6.79999e+06,1.15e+07,4.49995e+06,6.79999e+06,1.14999e+07,4.49993e+06,6.79999e+06,1.14999e+07,4.49991e+06,6.79999e+06,1.14999e+07,4.49989e+06,6.79999e+06,1.14999e+07,4.49986e+06,6.79999e+06,1.14999e+07,4.49982e+06,6.79999e+06,1.14999e+07,4.49977e+06,6.79999e+06,1.14999e+07,4.49971e+06,6.79999e+06,1.14999e+07,4.49963e+06,6.79999e+06,1.14998e+07,4.49953e+06,6.79999e+06,1.14998e+07,4.49941e+06,6.79999e+06,1.14998e+07,4.49926e+06,6.79999e+06,1.14998e+07,4.49906e+06,6.79999e+06,1.14997e+07,4.49882e+06,6.79999e+06,1.14997e+07,4.49851e+06,6.79999e+06,1.14997e+07,4.49812e+06,6.79999e+06,1.14996e+07,4.49764e+06,6.79999e+06,1.14996e+07,4.49702e+06,6.79999e+06,1.14995e+07,4.49625e+06,6.79999e+06,1.14995e+07,4.49528e+06,6.79999e+06,1.14994e+07,4.49406e+06,6.79999e+06,1.14993e+07,4.49253e+06,6.79999e+06,1.14992e+07,4.49059e+06,6.79999e+06,1.14991e+07,4.48817e+06,6.79999e+06,1.1499e+07,4.48511e+06,6.79999e+06,1.14988e+07,4.48128e+06,6.79999e+06,1.14987e+07,4.47646e+06,6.79999e+06,1.14985e+07,4.47041e+06,6.79999e+06,1.14983e+07,4.46281e+06,6.79999e+06,1.14981e+07,4.4533e+06,6.79999e+06,1.14979e+07,4.44138e+06,6.79999e+06,1.14976e+07,4.42649e+06,6.79999e+06,1.14972e+07,4.40789e+06,6.79999e+06,1.14969e+07,4.38471e+06,6.79999e+06,1.14965e+07,4.35592e+06,6.79999e+06,1.1496e+07,4.32027e+06,6.79999e+06,1.14955e+07,4.27629e+06,6.79999e+06,1.14949e+07,4.22231e+06,6.79999e+06,1.14942e+07,4.15647e+06,6.79999e+06,1.14934e+07,4.07676e+06,6.79999e+06,1.14926e+07,3.98112e+06,6.79999e+06,1.14916e+07,3.86765e+06,6.79999e+06,1.14905e+07,3.73474e+06,6.79999e+06,1.14892e+07,3.58148e+06,6.79999e+06,1.14878e+07,3.40785e+06,6.79999e+06,1.14862e+07,3.21513e+06,6.79999e+06,1.14844e+07,3.00605e+06,6.79999e+06,1.14823e+07,2.7848e+06,6.79999e+06,1.148e+07,2.5568e+06,6.79999e+06,1.14773e+07,2.32825e+06,6.79999e+06,13.5742,8.52444,0.508366,16.8306,13.2585,0.162638,20.0035,17.569,0.0507846,23.2616,22.4214,0.0158319,26.7328,28.3297,0.00493498,30.5212,35.6974,0.00153831,34.7178,44.9473,0.000479527,39.4086,56.5822,0.000149456,44.6796,71.2245,4.66214e-05,50.6209,89.6543,1.45419e-05,57.3297,112.852,4.54748e-06,64.9129,142.051,1.43857e-06,73.4897,178.803,4.36618e-07,83.1934,225.062,1.40153e-07,94.1745,283.286,4.96378e-08,106.602,356.568,1.05434e-07,120.669,448.799,-6.49244e-08,136.59,564.873,1.70148e-07,154.611,710.948,-5.34594e-08,175.008,894.767,1.63407e-07,198.097,1126.06,8.04804e-08,224.231,1417.07,1.14667e-07,253.813,1783.15,-1.71227e-07,287.297,2243.62,-2.88466e-07,325.198,2822.67,-4.33651e-07,368.098,3550.67,7.9318e-08,416.657,4465.65,3.13319e-07,471.621,5615.16,3.4613e-07,533.835,7058.61,-1.19199e-07,604.255,8870.02,-2.79964e-07,683.962,11141.4,-2.30521e-07,774.182,13986.7,-2.55099e-07,876.299,17546.4,1.23585e-07,991.883,21993.1,1.41192e-07,1122.71,27536.7,-9.71886e-08,1270.78,34430.7,-3.68368e-07,1438.38,42977.7,-3.45379e-07,1628.07,53532.7,-3.25328e-09,1842.77,66504.6,2.6362e-07,2085.77,82350.2,2.53445e-07,2360.79,101560,-2.47407e-08,2672.05,124632,-3.80602e-07,3024.31,152018,-4.79005e-07,3422.98,184060,-1.14379e-07,3874.15,220884,2.64297e-07,4384.72,262283,3.44131e-07,4962.49,307576,7.5349e-08,5616.29,355497,-3.63097e-07,6356.1,404126,-6.05442e-07,7193.18,450932,-2.72333e-07,8140.28,492963,2.29675e-07,9211.79,527178,4.3387e-07,10424,550893,-1.0711e-07,10.102,8.06553,2.81012,10.6436,8.57909,0.869423,11.5336,10.2515,0.270869,12.7211,12.7138,0.0844293,14.1823,15.9373,0.0263173,15.9122,20.0383,0.0082035,17.9198,25.2154,0.00255722,20.2244,31.7373,0.000797017,22.8539,39.9486,0.000248622,25.8438,50.2851,7.75492e-05,29.237,63.2963,2.42508e-05,33.0837,79.6738,7.67162e-06,37.4415,100.288,2.32837e-06,42.3767,126.236,7.33e-07,47.9646,158.896,2.79256e-07,54.2906,200.003,9.87351e-09,61.452,251.741,1.61085e-07,69.5585,316.859,-2.47141e-07,78.7347,398.812,8.93552e-08,89.1218,501.948,-2.53231e-07,100.879,631.736,-1.25047e-07,114.188,795.049,-1.78808e-07,129.252,1000.53,2.6733e-07,146.304,1259.03,4.50292e-07,165.605,1584.19,6.76904e-07,187.452,1993.12,-1.23808e-07,212.181,2507.27,-4.89068e-07,240.173,3153.54,-5.40284e-07,271.856,3965.56,1.86061e-07,307.719,4985.38,4.37004e-07,348.313,6265.4,3.59828e-07,394.26,7870.83,3.98192e-07,446.268,9882.51,-1.92908e-07,505.135,12400.3,-2.20392e-07,571.766,15546.9,1.51705e-07,647.184,19472.2,5.74996e-07,732.547,24357.4,5.39112e-07,829.167,30420,5.07815e-09,938.526,37916.3,-4.11492e-07,1062.3,47143.9,-3.9561e-07,1202.4,58439.2,3.86185e-08,1360.96,72169.3,5.94093e-07,1540.42,88715.8,7.47693e-07,1743.53,108445,1.78537e-07,1973.41,131665,-4.12549e-07,2233.57,158557,-5.37164e-07,2528,189103,-1.17615e-07,2861.2,222986,5.66769e-07,3238.27,259510,9.45053e-07,3664.97,297540,4.25093e-07,4147.81,335497,-3.58506e-07,4694.17,371444,-6.7724e-07,5312.37,403256,1.67192e-07,1.61744,3.89446,9.84394,3.28846,7.5504,12.774,5.07607,11.7187,13.6844,7.03202,16.8147,13.9681,9.20215,23.1769,14.0566,11.6301,31.1672,14.0841,14.3598,41.2186,14.0927,17.4376,53.8688,14.0954,20.9137,69.7915,14.0962,24.8432,89.8341,14.0965,29.2879,115.063,14.0966,34.3168,146.819,14.0966,40.0078,186.792,14.0966,46.4487,237.107,14.0966,53.7388,300.44,14.0966,61.9903,380.158,14.0966,71.3301,480.499,14.0966,81.902,606.796,14.0966,93.8685,765.761,14.0966,107.414,965.837,14.0966,122.746,1217.65,14.0966,140.101,1534.57,14.0966,159.745,1933.41,14.0966,181.981,2435.3,14.0966,207.15,3066.85,14.0966,235.64,3861.46,14.0966,267.889,4861.11,14.0966,304.391,6118.54,14.0966,345.709,7699.91,14.0966,392.478,9688.22,14.0966,445.417,12187.5,14.0966,505.339,15327.7,14.0966,573.165,19271.6,14.0966,649.938,24222,14.0966,736.839,30430.9,14.0966,835.202,38211.5,14.0966,946.539,47950.3,14.0966,1072.56,60122.8,14.0966,1215.21,75309.9,14.0966,1376.66,94216.2,14.0966,1559.41,117688,14.0966,1766.26,146729,14.0966,2000.39,182510,14.0966,2265.39,226372,14.0966,2565.33,279806,14.0966,2904.81,344416,14.0966,3289.05,421845,14.0966,3723.93,513667,14.0966,4216.13,621231,14.0966,4773.18,745478,14.0966,5403.64,886744,14.0966,6117.15,1.04457e+06,14.0966,6924.63,1.2176e+06,14.0966,11.7194,11.96,12.6541,13.9321,16.1295,13.6434,16.6097,21.9702,13.9553,19.7532,29.5285,14.0526,23.3844,39.1143,14.0829,27.5423,51.2054,14.0923,32.2796,66.434,14.0953,37.662,85.6061,14.0962,43.7675,109.74,14.0965,50.687,140.119,14.0966,58.5249,178.359,14.0966,67.4005,226.493,14.0966,77.4493,287.08,14.0966,88.8254,363.343,14.0966,101.703,459.336,14.0966,116.281,580.161,14.0966,132.782,732.241,14.0966,151.46,923.655,14.0966,172.603,1164.57,14.0966,196.535,1467.79,14.0966,223.625,1849.39,14.0966,254.288,2329.62,14.0966,288.997,2933.93,14.0966,328.285,3694.33,14.0966,372.755,4651.04,14.0966,423.092,5854.57,14.0966,480.07,7368.38,14.0966,544.564,9272.08,14.0966,617.566,11665.5,14.0966,700.197,14673.6,14.0966,793.729,18452.9,14.0966,899.599,23198.6,14.0966,1019.43,29154.1,14.0966,1155.07,36622.3,14.0966,1308.6,45977.9,14.0966,1482.39,57683.7,14.0966,1679.09,72307.8,14.0966,1901.73,90542.8,14.0966,2153.73,113226,14.0966,2438.97,141360,14.0966,2761.81,176127,14.0966,3127.22,218898,14.0966,3540.81,271226,14.0966,4008.92,334817,14.0966,4538.74,411470,14.0966,5138.38,502973,14.0966,5817.04,610948,14.0966,6585.12,736653,14.0966,7454.39,880741,14.0966,8438.15,1.04302e+06,14.0966,9551.45,1.22224e+06,14.0966,10811.3,1.41602e+06,14.0966,12237,1.62086e+06,14.0966,11.7194,11.96,12.6541,2.21263,4.16949,0.989383,2.67766,5.84076,0.311842,3.14343,7.55825,0.0972771,3.63127,9.58578,0.0303237,4.15787,12.0912,0.00945211,4.73731,15.2286,0.00294633,5.38238,19.1721,0.000918508,6.10553,24.134,0.000286163,6.91951,30.3791,8.92692e-05,7.83792,38.2397,2.78121e-05,8.87555,48.1338,8.65134e-06,10.0489,60.5876,2.7882e-06,11.3761,76.2629,8.29036e-07,12.8779,95.9927,2.4373e-07,14.5775,120.825,4.33068e-09,16.5012,152.08,1.75749e-07,18.6784,191.415,-1.86328e-07,21.1428,240.917,1.91829e-07,23.9322,303.213,-1.81475e-07,27.0895,381.602,7.0186e-08,30.6634,480.231,-2.86769e-08,34.7087,604.316,2.40784e-07,39.2876,760.401,9.87368e-08,44.4705,956.705,1.22263e-07,50.3371,1203.54,-4.31966e-07,56.9776,1513.81,-1.9705e-07,64.494,1903.69,-2.763e-08,73.0018,2393.4,3.9185e-07,82.6317,3008.13,1.35379e-07,93.5318,3779.25,-4.16351e-08,105.869,4745.7,2.06965e-08,119.834,5955.6,-3.18887e-07,135.641,7468.12,-1.48271e-08,153.531,9355.62,2.00739e-07,173.781,11705.8,2.28358e-07,196.701,14624.1,-1.93587e-08,222.642,18235,-2.88101e-07,252.003,22683.4,-2.24732e-07,285.234,28134,8.56806e-09,322.845,34767,2.34258e-07,365.413,42770.9,2.99668e-07,413.588,52327.9,8.28644e-08,468.111,63591.2,-3.07049e-07,529.814,76653.2,-3.1888e-07,599.642,91502.5,-6.72276e-08,678.662,107975,2.26339e-07,768.083,125705,3.69212e-07,869.267,144088,2.04077e-07,983.76,162277,-2.80509e-07,1113.3,179223,-4.22737e-07,1259.87,193777,-1.71951e-07,1425.68,204839,4.55555e-07,11.7194,11.96,12.6541,2.21263,4.16949,0.989383,2.67766,5.84076,0.311842,3.14343,7.55825,0.0972771,3.63127,9.58578,0.0303237,4.15787,12.0912,0.00945211,4.73731,15.2286,0.00294633,5.38238,19.1721,0.000918508,6.10553,24.134,0.000286163,6.91951,30.3791,8.92692e-05,7.83792,38.2397,2.78121e-05,8.87555,48.1338,8.65134e-06,10.0489,60.5876,2.7882e-06,11.3761,76.2629,8.29036e-07,12.8779,95.9927,2.4373e-07,14.5775,120.825,1e-08,16.5012,152.08,1.75749e-07,18.6784,191.415,1e-08,21.1428,240.917,1.91829e-07,23.9322,303.213,1e-08,27.0895,381.602,7.0186e-08,30.6634,480.231,1e-08,34.7087,604.316,2.40784e-07,39.2876,760.401,9.87368e-08,44.4705,956.705,1.22263e-07,50.3371,1203.54,1e-08,56.9776,1513.81,1e-08,64.494,1903.69,1e-08,73.0018,2393.4,3.9185e-07,82.6317,3008.13,1.35379e-07,93.5318,3779.25,1e-08,105.869,4745.7,2.06965e-08,119.834,5955.6,1e-08,135.641,7468.12,1e-08,153.531,9355.62,2.00739e-07,173.781,11705.8,2.28358e-07,196.701,14624.1,1e-08,222.642,18235,1e-08,252.003,22683.4,1e-08,285.234,28134,1e-08,322.845,34767,2.34258e-07,365.413,42770.9,2.99668e-07,413.588,52327.9,8.28644e-08,468.111,63591.2,1e-08,529.814,76653.2,1e-08,599.642,91502.5,1e-08,678.662,107975,2.26339e-07,768.083,125705,3.69212e-07,869.267,144088,2.04077e-07,983.76,162277,1e-08,1113.3,179223,1e-08,1259.87,193777,1e-08,1425.68,204839,4.55555e-07,6.2823,3.27286,2.43537,0.219672,6.18826,2.24117,0.56371,6.87772,2.63624,0.308279,7,6,13,1,4,0,5,0,0,4,5,0,3,7,0,1,11,0,2,21,0,4,22,0,8,11,0,11,24,0,6,27,0,11,27,0,13,58,0,6,92,0,11,48,0,21,325,0,27,98,0,13,192,0,15,151,0,20,307,0,29,261,0,36,440,0,55,802,0,37,793,0,25,804,0,56,1940,0,62,968,0,17,2165,0,50,1144,0,133,3657,0,121,4088,0,160,6758,0,30,4537,0,143,5953,0,276,5437,0,223,7050,0,201,11307,0,123,20650,0,258,24634,0,395,10657,0,139,46722,0,405,41181,0,199,68360,0,213,39699,0,1123,45592,0,439,92888,0,1427,136502,0,648,105098,0,924,124289,0,847,199493,0,1286,178741,0,1371,171652,0,1283,286819,0
-1.05176e+08,1,8.88811e-15,10,1023,0,1.05176e+08,0.528882,1.08665,0.389689,0.145397,0.379329,3.24381,0.161596,0.446195,1.77396,0.159177,1.15e+07,4.49998e+06,6.79999e+06,1.15e+07,4.49997e+06,6.79999e+06,1.15e+07,4.49996e+06,6.79999e+06,1.15e+07,4.49995e+06,6.79999e+06,1.14999e+07,4.49993e+06,6.79999e+06,1.14999e+07,4.49991e+06,6.79999e+06,1.14999e+07,4.49989e+06,6.79999e+06,1.14999e+07,4.49986e+06,6.79999e+06,1.14999e+07,4.49982e+06,6.79999e+06,1.14999e+07,4.49977e+06,6.79999e+06,1.14999e+07,4.49971e+06,6.79999e+06,1.14999e+07,4.49963e+06,6.79999e+06,1.14998e+07,4.49953e+06,6.79999e+06,1.14998e+07,4.49941e+06,6.79999e+06,1.14998e+07,4.49926e+06,6.79999e+06,1.14998e+07,4.49906e+06,6.79999e+06,1.14997e+07,4.49882e+06,6.79999e+06,1.14997e+07,4.49851e+06,6.79999e+06,1.14997e+07,4.49812e+06,6.79999e+06,1.14996e+07,4.49764e+06,6.79999e+06,1.14996e+07,4.49702e+06,6.79999e+06,1.14995e+07,4.49625e+06,6.79999e+06,1.14995e+07,4.49528e+06,6.79999e+06,1.14994e+07,4.49406e+06,6.79999e+06,1.14993e+07,4.49253e+06,6.79999e+06,1.14992e+07,4.49059e+06,6.79999e+06,1.14991e+07,4.48817e+06,6.79999e+06,1.1499e+07,4.48511e+06,6.79999e+06,1.14988e+07,4.48128e+06,6.79999e+06,1.14987e+07,4.47646e+06,6.79999e+06,1.14985e+07,4.47041e+06,6.79999e+06,1.14983e+07,4.46281e+06,6.79999e+06,1.14981e+07,4.4533e+06,6.79999e+06,1.14979e+07,4.44138e+06,6.79999e+06,1.14976e+07,4.42649e+06,6.79999e+06,1.14972e+07,4.40789e+06,6.79999e+06,1.14969e+07,4.38471e+06,6.79999e+06,1.14965e+07,4.35592e+06,6.79999e+06,1.1496e+07,4.32027e+06,6.79999e+06,1.14955e+07,4.27629e+06,6.79999e+06,1.14949e+07,4.22231e+06,6.79999e+06,1.14942e+07,4.15647e+06,6.79999e+06,1.14934e+07,4.07676e+06,6.79999e+06,1.14926e+07,3.98112e+06,6.79999e+06,1.14916e+07,3.86765e+06,6.79999e+06,1.14905e+07,3.73474e+06,6.79999e+06,1.14892e+07,3.58148e+06,6.79999e+06,1.14878e+07,3.40785e+06,6.79999e+06,1.14862e+07,3.21513e+06,6.79999e+06,1.14844e+07,3.00605e+06,6.79999e+06,1.14823e+07,2.7848e+06,6.79999e+06,1.148e+07,2.5568e+06,6.79999e+06,1.14773e+07,2.32825e+06,6.79999e+06,13.5742,8.52444,0.508366,16.8306,13.2585,0.162638,20.0035,17.569,0.0507846,23.2616,22.4214,0.0158319,26.7328,28.3297,0.00493498,30.5212,35.6974,0.00153831,34.7178,44.9473,0.000479527,39.4086,56.5822,0.000149456,44.6796,71.2245,4.66214e-05,50.6209,89.6543,1.45419e-05,57.3297,112.852,4.54748e-06,64.9129,142.051,1.43857e-06,73.4897,178.803,4.36618e-07,83.1934,225.062,1.40153e-07,94.1745,283.286,4.96378e-08,106.602,356.568,1.05434e-07,120.669,448.799,-6.49244e-08,136.59,564.873,1.70148e-07,154.611,710.948,-5.34594e-08,175.008,894.767,1.63407e-07,198.097,1126.06,8.04804e-08,224.231,1417.07,1.14667e-07,253.813,1783.15,-1.71227e-07,287.297,2243.62,-2.88466e-07,325.198,2822.67,-4.33651e-07,368.098,3550.67,7.9318e-08,416.657,4465.65,3.13319e-07,471.621,5615.16,3.4613e-07,533.835,7058.61,-1.19199e-07,604.255,8870.02,-2.79964e-07,683.962,11141.4,-2.30521e-07,774.182,13986.7,-2.55099e-07,876.299,17546.4,1.23585e-07,991.883,21993.1,1.41192e-07,1122.71,27536.7,-9.71886e-08,1270.78,34430.7,-3.68368e-07,1438.38,42977.7,-3.45379e-07,1628.07,53532.7,-3.25328e-09,1842.77,66504.6,2.6362e-07,2085.77,82350.2,2.53445e-07,2360.79,101560,-2.47407e-08,2672.05,124632,-3.80602e-07,3024.31,152018,-4.79005e-07,3422.98,184060,-1.14379e-07,3874.15,220884,2.64297e-07,4384.72,262283,3.44131e-07,4962.49,307576,7.5349e-08,5616.29,355497,-3.63097e-07,6356.1,404126,-6.05442e-07,7193.18,450932,-2.72333e-07,8140.28,492963,2.29675e-07,9211.79,527178,4.3387e-07,10424,550893,-1.0711e-07,10.102,8.06553,2.81012,10.6436,8.57909,0.869423,11.5336,10.2515,0.270869,12.7211,12.7138,0.0844293,14.1823,15.9373,0.0263173,15.9122,20.0383,0.0082035,17.9198,25.2154,0.00255722,20.2244,31.7373,0.000797017,22.8539,39.9486,0.000248622,25.8438,50.2851,7.75492e-05,29.237,63.2963,2.42508e-05,33.0837,79.6738,7.67162e-06,37.4415,100.288,2.32837e-06,42.3767,126.236,7.33e-07,47.9646,158.896,2.79256e-07,54.2906,200.003,9.87351e-09,61.452,251.741,1.61085e-07,69.5585,316.859,-2.47141e-07,78.7347,398.812,8.93552e-08,89.1218,501.948,-2.53231e-07,100.879,631.736,-1.25047e-07,114.188,795.049,-1.78808e-07,129.252,1000.53,2.6733e-07,146.304,1259.03,4.50292e-07,165.605,1584.19,6.76904e-07,187.452,1993.12,-1.23808e-07,212.181,2507.27,-4.89068e-07,240.173,3153.54,-5.40284e-07,271.856,3965.56,1.86061e-07,307.719,4985.38,4.37004e-07,348.313,6265.4,3.59828e-07,394.26,7870.83,3.98192e-07,446.268,9882.51,-1.92908e-07,505.135,12400.3,-2.20392e-07,571.766,15546.9,1.51705e-07,647.184,19472.2,5.74996e-07,732.547,24357.4,5.39112e-07,829.167,30420,5.07815e-09,938.526,37916.3,-4.11492e-07,1062.3,47143.9,-3.9561e-07,1202.4,58439.2,3.86185e-08,1360.96,72169.3,5.94093e-07,1540.42,88715.8,7.47693e-07,1743.53,108445,1.78537e-07,1973.41,131665,-4.12549e-07,2233.57,158557,-5.37164e-07,2528,189103,-1.17615e-07,2861.2,222986,5.66769e-07,3238.27,259510,9.45053e-07,3664.97,297540,4.25093e-07,4147.81,335497,-3.58506e-07,4694.17,371444,-6.7724e-07,5312.37,403256,1.67192e-07,1.61744,3.89446,9.84394,3.28846,7.5504,12.774,5.07607,11.7187,13.6844,7.03202,16.8147,13.9681,9.20215,23.1769,14.0566,11.6301,31.1672,14.0841,14.3598,41.2186,14.0927,17.4376,53.8688,14.0954,20.9137,69.7915,14.0962,24.8432,89.8341,14.0965,29.2879,115.063,14.0966,34.3168,146.819,14.0966,40.0078,186.792,14.0966,46.4487,237.107,14.0966,53.7388,300.44,14.0966,61.9903,380.158,14.0966,71.3301,480.499,14.0966,81.902,606.796,14.0966,93.8685,765.761,14.0966,107.414,965.837,14.0966,122.746,1217.65,14.0966,140.101,1534.57,14.0966,159.745,1933.41,14.0966,181.981,2435.3,14.0966,207.15,3066.85,14.0966,235.64,3861.46,14.0966,267.889,4861.11,14.0966,304.391,6118.54,14.0966,345.709,7699.91,14.0966,392.478,9688.22,14.0966,445.417,12187.5,14.0966,505.339,15327.7,14.0966,573.165,19271.6,14.0966,649.938,24222,14.0966,736.839,30430.9,14.0966,835.202,38211.5,14.0966,946.539,47950.3,14.0966,1072.56,60122.8,14.0966,1215.21,75309.9,14.0966,1376.66,94216.2,14.0966,1559.41,117688,14.0966,1766.26,146729,14.0966,2000.39,182510,14.0966,2265.39,226372,14.0966,2565.33,279806,14.0966,2904.81,344416,14.0966,3289.05,421845,14.0966,3723.93,513667,14.0966,4216.13,621231,14.0966,4773.18,745478,14.0966,5403.64,886744,14.0966,6117.15,1.04457e+06,14.0966,6924.63,1.2176e+06,14.0966,11.7194,11.96,12.6541,13.9321,16.1295,13.6434,16.6097,21.9702,13.9553,19.7532,29.5285,14.0526,23.3844,39.1143,14.0829,27.5423,51.2054,14.0923,32.2796,66.434,14.0953,37.662,85.6061,14.0962,43.7675,109.74,14.0965,50.687,140.119,14.0966,58.5249,178.359,14.0966,67.4005,226.493,14.0966,77.4493,287.08,14.0966,88.8254,363.343,14.0966,101.703,459.336,14.0966,116.281,580.161,14.0966,132.782,732.241,14.0966,151.46,923.655,14.0966,172.603,1164.57,14.0966,196.535,1467.79,14.0966,223.625,1849.39,14.0966,254.288,2329.62,14.0966,288.997,2933.93,14.0966,328.285,3694.33,14.0966,372.755,4651.04,14.0966,423.092,5854.57,14.0966,480.07,7368.38,14.0966,544.564,9272.08,14.0966,617.566,11665.5,14.0966,700.197,14673.6,14.0966,793.729,18452.9,14.0966,899.599,23198.6,14.0966,1019.43,29154.1,14.0966,1155.07,36622.3,14.0966,1308.6,45977.9,14.0966,1482.39,57683.7,14.0966,1679.09,72307.8,14.0966,1901.73,90542.8,14.0966,2153.73,113226,14.0966,2438.97,141360,14.0966,2761.81,176127,14.0966,3127.22,218898,14.0966,3540.81,271226,14.0966,4008.92,334817,14.0966,4538.74,411470,14.0966,5138.38,502973,14.0966,5817.04,610948,14.0966,6585.12,736653,14.0966,7454.39,880741,14.0966,8438.15,1.04302e+06,14.0966,9551.45,1.22224e+06,14.0966,10811.3,1.41602e+06,14.0966,12237,1.62086e+06,14.0966,11.7194,11.96,12.6541,2.21263,4.16949,0.989383,2.67766,5.84076,0.311842,3.14343,7.55825,0.0972771,3.63127,9.58578,0.0303237,4.15787,12.0912,0.00945211,4.73731,15.2286,0.00294633,5.38238,19.1721,0.000918508,6.10553,24.134,0.000286163,6.91951,30.3791,8.92692e-05,7.83792,38.2397,2.78121e-05,8.87555,48.1338,8.65134e-06,10.0489,60.5876,2.7882e-06,11.3761,76.2629,8.29036e-07,12.8779,95.9927,2.4373e-07,14.5775,120.825,4.33068e-09,16.5012,152.08,1.75749e-07,18.6784,191.415,-1.86328e-07,21.1428,240.917,1.91829e-07,23.9322,303.213,-1.81475e-07,27.0895,381.602,7.0186e-08,30.6634,480.231,-2.86769e-08,34.7087,604.316,2.40784e-07,39.2876,760.401,9.87368e-08,44.4705,956.705,1.22263e-07,50.3371,1203.54,-4.31966e-07,56.9776,1513.81,-1.9705e-07,64.494,1903.69,-2.763e-08,73.0018,2393.4,3.9185e-07,82.6317,3008.13,1.35379e-07,93.5318,3779.25,-4.16351e-08,105.869,4745.7,2.06965e-08,119.834,5955.6,-3.18887e-07,135.641,7468.12,-1.48271e-08,153.531,9355.62,2.00739e-07,173.781,11705.8,2.28358e-07,196.701,14624.1,-1.93587e-08,222.642,18235,-2.88101e-07,252.003,22683.4,-2.24732e-07,285.234,28134,8.56806e-09,322.845,34767,2.34258e-07,365.413,42770.9,2.99668e-07,413.588,52327.9,8.28644e-08,468.111,63591.2,-3.07049e-07,529.814,76653.2,-3.1888e-07,599.642,91502.5,-6.72276e-08,678.662,107975,2.26339e-07,768.083,125705,3.69212e-07,869.267,144088,2.04077e-07,983.76,162277,-2.80509e-07,1113.3,179223,-4.22737e-07,1259.87,193777,-1.71951e-07,1425.68,204839,4.55555e-07,11.7194,11.96,12.6541,2.21263,4.16949,0.989383,2.67766,5.84076,0.311842,3.14343,7.55825,0.0972771,3.63127,9.58578,0.0303237,4.15787,12.0912,0.00945211,4.73731,15.2286,0.00294633,5.38238,19.1721,0.000918508,6.10553,24.134,0.000286163,6.91951,30.3791,8.92692e-05,7.83792,38.2397,2.78121e-05,8.87555,48.1338,8.65134e-06,10.0489,60.5876,2.7882e-06,11.3761,76.2629,8.29036e-07,12.8779,95.9927,2.4373e-07,14.5775,120.825,1e-08,16.5012,152.08,1.75749e-07,18.6784,191.415,1e-08,21.1428,240.917,1.91829e-07,23.9322,303.213,1e-08,27.0895,381.602,7.0186e-08,30.6634,480.231,1e-08,34.7087,604.316,2.40784e-07,39.2876,760.401,9.87368e-08,44.4705,956.705,1.22263e-07,50.3371,1203.54,1e-08,56.9776,1513.81,1e-08,64.494,1903.69,1e-08,73.0018,2393.4,3.9185e-07,82.6317,3008.13,1.35379e-07,93.5318,3779.25,1e-08,105.869,4745.7,2.06965e-08,119.834,5955.6,1e-08,135.641,7468.12,1e-08,153.531,9355.62,2.00739e-07,173.781,11705.8,2.28358e-07,196.701,14624.1,1e-08,222.642,18235,1e-08,252.003,22683.4,1e-08,285.234,28134,1e-08,322.845,34767,2.34258e-07,365.413,42770.9,2.99668e-07,413.588,52327.9,8.28644e-08,468.111,63591.2,1e-08,529.814,76653.2,1e-08,599.642,91502.5,1e-08,678.662,107975,2.26339e-07,768.083,125705,3.69212e-07,869.267,144088,2.04077e-07,983.76,162277,1e-08,1113.3,179223,1e-08,1259.87,193777,1e-08,1425.68,204839,4.55555e-07,6.2823,3.27286,2.43537,0.219672,6.18826,2.24117,0.56371,6.87772,2.63624,0.308279,16,9,13,2,5,2,3,2,0,0,7,0,5,17,0,3,22,0,5,25,0,0,25,0,4,23,0,4,51,0,9,46,0,14,92,0,12,79,0,24,97,0,17,149,0,20,60,0,16,217,0,14,177,0,6,118,0,15,319,0,29,174,0,23,502,0,36,869,0,28,1141,0,55,825,0,118,1224,0,75,1529,0,99,1768,0,82,2402,0,71,2137,0,75,8842,0,96,4363,0,227,2399,0,145,5770,0,170,6503,0,83,9976,0,274,22593,0,288,21174,0,134,13670,0,304,23636,0,426,49305,0,326,29904,0,541,52514,0,397,43345,0,310,89934,0,566,56627,0,1181,69464,0,519,159353,0,981,219137,0,1518,209054,0,922,197027,0,1469,147528,0,1170,200953,0
-1.05176e+08,1,8.88811e-15,10,1023,0,1.05176e+08,0.528882,1.08665,0.389689,0.145397,0.379329,3.24381,0.161596,0.446195,1.77396,0.159177,1.15e+07,4.49998e+06,6.79999e+06,1.15e+07,4.49997e+06,6.79999e+06,1.15e+07,4.49996e+06,6.79999e+06,1.15e+07,4.49995e+06,6.79999e+06,1.14999e+07,4.49993e+06,6.79999e+06,1.14999e+07,4.49991e+06,6.79999e+06,1.14999e+07,4.49989e+06,6.79999e+06,1.14999e+07,4.49986e+06,6.79999e+06,1.14999e+07,4.49982e+06,6.79999e+06,1.14999e+07,4.49977e+06,6.79999e+06,1.14999e+07,4.49971e+06,6.79999e+06,1.14999e+07,4.49963e+06,6.79999e+06,1.14998e+07,4.49953e+06,6.79999e+06,1.14998e+07,4.49941e+06,6.79999e+06,1.14998e+07,4.49926e+06,6.79999e+06,1.14998e+07,4.49906e+06,6.79999e+06,1.14997e+07,4.49882e+06,6.79999e+06,1.14997e+07,4.49851e+06,6.79999e+06,1.14997e+07,4.49812e+06,6.79999e+06,1.14996e+07,4.49764e+06,6.79999e+06,1.14996e+07,4.49702e+06,6.79999e+06,1.14995e+07,4.49625e+06,6.79999e+06,1.14995e+07,4.49528e+06,6.79999e+06,1.14994e+07,4.49406e+06,6.79999e+06,1.14993e+07,4.49253e+06,6.79999e+06,1.14992e+07,4.49059e+06,6.79999e+06,1.14991e+07,4.48817e+06,6.79999e+06,1.1499e+07,4.48511e+06,6.79999e+06,1.14988e+07,4.48128e+06,6.79999e+06,1.14987e+07,4.47646e+06,6.79999e+06,1.14985e+07,4.47041e+06,6.79999e+06,1.14983e+07,4.46281e+06,6.79999e+06,1.14981e+07,4.4533e+06,6.79999e+06,1.14979e+07,4.44138e+06,6.79999e+06,1.14976e+07,4.42649e+06,6.79999e+06,1.14972e+07,4.40789e+06,6.79999e+06,1.14969e+07,4.38471e+06,6.79999e+06,1.14965e+07,4.35592e+06,6.79999e+06,1.1496e+07,4.32027e+06,6.79999e+06,1.14955e+07,4.27629e+06,6.79999e+06,1.14949e+07,4.22231e+06,6.79999e+06,1.14942e+07,4.15647e+06,6.79999e+06,1.14934e+07,4.07676e+06,6.79999e+06,1.14926e+07,3.98112e+06,6.79999e+06,1.14916e+07,3.86765e+06,6.79999e+06,1.14905e+07,3.73474e+06,6.79999e+06,1.14892e+07,3.58148e+06,6.79999e+06,1.14878e+07,3.40785e+06,6.79999e+06,1.14862e+07,3.21513e+06,6.79999e+06,1.14844e+07,3.00605e+06,6.79999e+06,1.14823e+07,2.7848e+06,6.79999e+06,1.148e+07,2.5568e+06,6.79999e+06,1.14773e+07,2.32825e+06,6.79999e+06,13.5742,8.52444,0.508366,16.8306,13.2585,0.162638,20.0035,17.569,0.0507846,23.2616,22.4214,0.0158319,26.7328,28.3297,0.00493498,30.5212,35.6974,0.00153831,34.7178,44.9473,0.000479527,39.4086,56.5822,0.000149456,44.6796,71.2245,4.66214e-05,50.6209,89.6543,1.45419e-05,57.3297,112.852,4.54748e-06,64.9129,142.051,1.43857e-06,73.4897,178.803,4.36618e-07,83.1934,225.062,1.40153e-07,94.1745,283.286,4.96378e-08,106.602,356.568,1.05434e-07,120.669,448.799,-6.49244e-08,136.59,564.873,1.70148e-07,154.611,710.948,-5.34594e-08,175.008,894.767,1.63407e-07,198.097,1126.06,8.04804e-08,224.231,1417.07,1.14667e-07,253.813,1783.15,-1.71227e-07,287.297,2243.62,-2.88466e-07,325.198,2822.67,-4.33651e-07,368.098,3550.67,7.9318e-08,416.657,4465.65,3.13319e-07,471.621,5615.16,3.4613e-07,533.835,7058.61,-1.19199e-07,604.255,8870.02,-2.79964e-07,683.962,11141.4,-2.30521e-07,774.182,13986.7,-2.55099e-07,876.299,17546.4,1.23585e-07,991.883,21993.1,1.41192e-07,1122.71,27536.7,-9.71886e-08,1270.78,34430.7,-3.68368e-07,1438.38,42977.7,-3.45379e-07,1628.07,53532.7,-3.25328e-09,1842.77,66504.6,2.6362e-07,2085.77,82350.2,2.53445e-07,2360.79,101560,-2.47407e-08,2672.05,124632,-3.80602e-07,3024.31,152018,-4.79005e-07,3422.98,184060,-1.14379e-07,3874.15,220884,2.64297e-07,4384.72,262283,3.44131e-07,4962.49,307576,7.5349e-08,5616.29,355497,-3.63097e-07,6356.1,404126,-6.05442e-07,7193.18,450932,-2.72333e-07,8140.28,492963,2.29675e-07,9211.79,527178,4.3387e-07,10424,550893,-1.0711e-07,10.102,8.06553,2.81012,10.6436,8.57909,0.869423,11.5336,10.2515,0.270869,12.7211,12.7138,0.0844293,14.1823,15.9373,0.0263173,15.9122,20.0383,0.0082035,17.9198,25.2154,0.00255722,20.2244,31.7373,0.000797017,22.8539,39.9486,0.000248622,25.8438,50.2851,7.75492e-05,29.237,63.2963,2.42508e-05,33.0837,79.6738,7.67162e-06,37.4415,100.288,2.32837e-06,42.3767,126.236,7.33e-07,47.9646,158.896,2.79256e-07,54.2906,200.003,9.87351e-09,61.452,251.741,1.61085e-07,69.5585,316.859,-2.47141e-07,78.7347,398.812,8.93552e-08,89.1218,501.948,-2.53231e-07,100.879,631.736,-1.25047e-07,114.188,795.049,-1.78808e-07,129.252,1000.53,2.6733e-07,146.304,1259.03,4.50292e-07,165.605,1584.19,6.76904e-07,187.452,1993.12,-1.23808e-07,212.181,2507.27,-4.89068e-07,240.173,3153.54,-5.40284e-07,271.856,3965.56,1.86061e-07,307.719,4985.38,4.37004e-07,348.313,6265.4,3.59828e-07,394.26,7870.83,3.98192e-07,446.268,9882.51,-1.92908e-07,505.135,12400.3,-2.20392e-07,571.766,15546.9,1.51705e-07,647.184,19472.2,5.74996e-07,732.547,24357.4,5.39112e-07,829.167,30420,5.07815e-09,938.526,37916.3,-4.11492e-07,1062.3,47143.9,-3.9561e-07,1202.4,58439.2,3.86185e-08,1360.96,72169.3,5.94093e-07,1540.42,88715.8,7.47693e-07,1743.53,108445,1.78537e-07,1973.41,131665,-4.12549e-07,2233.57,158557,-5.37164e-07,2528,189103,-1.17615e-07,2861.2,222986,5.66769e-07,3238.27,259510,9.45053e-07,3664.97,297540,4.25093e-07,4147.81,335497,-3.58506e-07,4694.17,371444,-6.7724e-07,5312.37,403256,1.67192e-07,1.61744,3.89446,9.84394,3.28846,7.5504,12.774,5.07607,11.7187,13.6844,7.03202,16.8147,13.9681,9.20215,23.1769,14.0566,11.6301,31.1672,14.0841,14.3598,41.2186,14.0927,17.4376,53.8688,14.0954,20.9137,69.7915,14.0962,24.8432,89.8341,14.0965,29.2879,115.063,14.0966,34.3168,146.819,14.0966,40.0078,186.792,14.0966,46.4487,237.107,14.0966,53.7388,300.44,14.0966,61.9903,380.158,14.0966,71.3301,480.499,14.0966,81.902,606.796,14.0966,93.8685,765.761,14.0966,107.414,965.837,14.0966,122.746,1217.65,14.0966,140.101,1534.57,14.0966,159.745,1933.41,14.0966,181.981,2435.3,14.0966,207.15,3066.85,14.0966,235.64,3861.46,14.0966,267.889,4861.11,14.0966,304.391,6118.54,14.0966,345.709,7699.91,14.0966,392.478,9688.22,14.0966,445.417,12187.5,14.0966,505.339,15327.7,14.0966,573.165,19271.6,14.0966,649.938,24222,14.0966,736.839,30430.9,14.0966,835.202,38211.5,14.0966,946.539,47950.3,14.0966,1072.56,60122.8,14.0966,1215.21,75309.9,14.0966,1376.66,94216.2,14.0966,1559.41,117688,14.0966,1766.26,146729,14.0966,2000.39,182510,14.0966,2265.39,226372,14.0966,2565.33,279806,14.0966,2904.81,344416,14.0966,3289.05,421845,14.0966,3723.93,513667,14.0966,4216.13,621231,14.0966,4773.18,745478,14.0966,5403.64,886744,14.0966,6117.15,1.04457e+06,14.0966,6924.63,1.2176e+06,14.0966,11.7194,11.96,12.6541,13.9321,16.1295,13.6434,16.6097,21.9702,13.9553,19.7532,29.5285,14.0526,23.3844,39.1143,14.0829,27.5423,51.2054,14.0923,32.2796,66.434,14.0953,37.662,85.6061,14.0962,43.7675,109.74,14.0965,50.687,140.119,14.0966,58.5249,178.359,14.0966,67.4005,226.493,14.0966,77.4493,287.08,14.0966,88.8254,363.343,14.0966,101.703,459.336,14.0966,116.281,580.161,14.0966,132.782,732.241,14.0966,151.46,923.655,14.0966,172.603,1164.57,14.0966,196.535,1467.79,14.0966,223.625,1849.39,14.0966,254.288,2329.62,14.0966,288.997,2933.93,14.0966,328.285,3694.33,14.0966,372.755,4651.04,14.0966,423.092,5854.57,14.0966,480.07,7368.38,14.0966,544.564,9272.08,14.0966,617.566,11665.5,14.0966,700.197,14673.6,14.0966,793.729,18452.9,14.0966,899.599,23198.6,14.0966,1019.43,29154.1,14.0966,1155.07,36622.3,14.0966,1308.6,45977.9,14.0966,1482.39,57683.7,14.0966,1679.09,72307.8,14.0966,1901.73,90542.8,14.0966,2153.73,113226,14.0966,2438.97,141360,14.0966,2761.81,176127,14.0966,3127.22,218898,14.0966,3540.81,271226,14.0966,4008.92,334817,14.0966,4538.74,411470,14.0966,5138.38,502973,14.0966,5817.04,610948,14.0966,6585.12,736653,14.0966,7454.39,880741,14.0966,8438.15,1.04302e+06,14.0966,9551.45,1.22224e+06,14.0966,10811.3,1.41602e+06,14.0966,12237,1.62086e+06,14.0966,11.7194,11.96,12.6541,2.21263,4.16949,0.989383,2.67766,5.84076,0.311842,3.14343,7.55825,0.0972771,3.63127,9.58578,0.0303237,4.15787,12.0912,0.00945211,4.73731,15.2286,0.00294633,5.38238,19.1721,0.000918508,6.10553,24.134,0.000286163,6.91951,30.3791,8.92692e-05,7.83792,38.2397,2.78121e-05,8.87555,48.1338,8.65134e-06,10.0489,60.5876,2.7882e-06,11.3761,76.2629,8.29036e-07,12.8779,95.9927,2.4373e-07,14.5775,120.825,4.33068e-09,16.5012,152.08,1.75749e-07,18.6784,191.415,-1.86328e-07,21.1428,240.917,1.91829e-07,23.9322,303.213,-1.81475e-07,27.0895,381.602,7.0186e-08,30.6634,480.231,-2.86769e-08,34.7087,604.316,2.40784e-07,39.2876,760.401,9.87368e-08,44.4705,956.705,1.22263e-07,50.3371,1203.54,-4.31966e-07,56.9776,1513.81,-1.9705e-07,64.494,1903.69,-2.763e-08,73.0018,2393.4,3.9185e-07,82.6317,3008.13,1.35379e-07,93.5318,3779.25,-4.16351e-08,105.869,4745.7,2.06965e-08,119.834,5955.6,-3.18887e-07,135.641,7468.12,-1.48271e-08,153.531,9355.62,2.00739e-07,173.781,11705.8,2.28358e-07,196.701,14624.1,-1.93587e-08,222.642,18235,-2.88101e-07,252.003,22683.4,-2.24732e-07,285.234,28134,8.56806e-09,322.845,34767,2.34258e-07,365.413,42770.9,2.99668e-07,413.588,52327.9,8.28644e-08,468.111,63591.2,-3.07049e-07,529.814,76653.2,-3.1888e-07,599.642,91502.5,-6.72276e-08,678.662,107975,2.26339e-07,768.083,125705,3.69212e-07,869.267,144088,2.04077e-07,983.76,162277,-2.80509e-07,1113.3,179223,-4.22737e-07,1259.87,193777,-1.71951e-07,1425.68,204839,4.55555e-07,11.7194,11.96,12.6541,2.21263,4.16949,0.989383,2.67766,5.84076,0.311842,3.14343,7.55825,0.0972771,3.63127,9.58578,0.0303237,4.15787,12.0912,0.00945211,4.73731,15.2286,0.00294633,5.38238,19.1721,0.000918508,6.10553,24.134,0.000286163,6.91951,30.3791,8.92692e-05,7.83792,38.2397,2.78121e-05,8.87555,48.1338,8.65134e-06,10.0489,60.5876,2.7882e-06,11.3761,76.2629,8.29036e-07,12.8779,95.9927,2.4373e-07,14.5775,120.825,1e-08,16.5012,152.08,1.75749e-07,18.6784,191.415,1e-08,21.1428,240.917,1.91829e-07,23.9322,303.213,1e-08,27.0895,381.602,7.0186e-08,30.6634,480.231,1e-08,34.7087,604.316,2.40784e-07,39.2876,760.401,9.87368e-08,44.4705,956.705,1.22263e-07,50.3371,1203.54,1e-08,56.9776,1513.81,1e-08,64.494,1903.69,1e-08,73.0018,2393.4,3.9185e-07,82.6317,3008.13,1.35379e-07,93.5318,3779.25,1e-08,105.869,4745.7,2.06965e-08,119.834,5955.6,1e-08,135.641,7468.12,1e-08,153.531,9355.62,2.00739e-07,173.781,11705.8,2.28358e-07,196.701,14624.1,1e-08,222.642,18235,1e-08,252.003,22683.4,1e-08,285.234,28134,1e-08,322.845,34767,2.34258e-07,365.413,42770.9,2.99668e-07,413.588,52327.9,8.28644e-08,468.111,63591.2,1e-08,529.814,76653.2,1e-08,599.642,91502.5,1e-08,678.662,107975,2.26339e-07,768.083,125705,3.69212e-07,869.267,144088,2.04077e-07,983.76,162277,1e-08,1113.3,179223,1e-08,1259.87,193777,1e-08,1425.68,204839,4.55555e-07,6.2823,3.27286,2.43537,0.219672,6.18826,2.24117,0.56371,6.87772,2.63624,0.308279,12,19,11,2,0,2,5,3,0,6,7,0,3,3,0,2,12,0,5,16,0,2,24,0,8,43,0,13,20,0,2,23,0,7,80,0,9,51,0,7,34,0,7,143,0,14,145,0,19,167,0,24,171,0,27,225,0,13,160,0,26,604,0,15,202,0,62,381,0,42,972,0,48,1203,0,43,2075,0,25,2579,0,83,2258,0,81,1691,0,63,5050,0,83,3707,0,85,5028,0,96,5263,0,238,7161,0,140,8903,0,167,8703,0,195,13368,0,156,24915,0,33,18684,0,418,31127,0,485,36217,0,453,33843,0,473,75432,0,395,113751,0,331,58247,0,752,135431,0,527,97628,0,801,148760,0,394,200535,0,892,273582,0,1044,123576,0,1630,311839,0,1806,223997,0
-1.05176e+08,3.03664e-61,8.88811e-15,10,1023,0,1.05176e+08,0.528882,1.08665,0.389689,0.145397,0.379329,3.24381,0.161596,0.446195,1.77396,0.159177,1.15e+07,4.49998e+06,6.79999e+06,1.15e+07,4.49997e+06,6.79999e+06,1.15e+07,4.49996e+06,6.79999e+06,1.15e+07,4.49995e+06,6.79999e+06,1.14999e+07,4.49993e+06,6.79999e+06,1.14999e+07,4.49991e+06,6.79999e+06,1.14999e+07,4.49989e+06,6.79999e+06,1.14999e+07,4.49986e+06,6.79999e+06,1.14999e+07,4.49982e+06,6.79999e+06,1.14999e+07,4.49977e+06,6.79999e+06,1.14999e+07,4.49971e+06,6.79999e+06,1.14999e+07,4.49963e+06,6.79999e+06,1.14998e+07,4.49953e+06,6.79999e+06,1.14998e+07,4.49941e+06,6.79999e+06,1.14998e+07,4.49926e+06,6.79999e+06,1.14998e+07,4.49906e+06,6.79999e+06,1.14997e+07,4.49882e+06,6.79999e+06,1.14997e+07,4.49851e+06,6.79999e+06,1.14997e+07,4.49812e+06,6.79999e+06,1.14996e+07,4.49764e+06,6.79999e+06,1.14996e+07,4.49702e+06,6.79999e+06,1.14995e+07,4.49625e+06,6.79999e+06,1.14995e+07,4.49528e+06,6.79999e+06,1.14994e+07,4.49406e+06,6.79999e+06,1.14993e+07,4.49253e+06,6.79999e+06,1.14992e+07,4.49059e+06,6.79999e+06,1.14991e+07,4.48817e+06,6.79999e+06,1.1499e+07,4.48511e+06,6.79999e+06,1.14988e+07,4.48128e+06,6.79999e+06,1.14987e+07,4.47646e+06,6.79999e+06,1.14985e+07,4.47041e+06,6.79999e+06,1.14983e+07,4.46281e+06,6.79999e+06,1.14981e+07,4.4533e+06,6.79999e+06,1.14979e+07,4.44138e+06,6.79999e+06,1.14976e+07,4.42649e+06,6.79999e+06,1.14972e+07,4.40789e+06,6.79999e+06,1.14969e+07,4.38471e+06,6.79999e+06,1.14965e+07,4.35592e+06,6.79999e+06,1.1496e+07,4.32027e+06,6.79999e+06,1.14955e+07,4.27629e+06,6.79999e+06,1.14949e+07,4.22231e+06,6.79999e+06,1.14942e+07,4.15647e+06,6.79999e+06,1.14934e+07,4.07676e+06,6.79999e+06,1.14926e+07,3.98112e+06,6.79999e+06,1.14916e+07,3.86765e+06,6.79999e+06,1.14905e+07,3.73474e+06,6.79999e+06,1.14892e+07,3.58148e+06,6.79999e+06,1.14878e+07,3.40785e+06,6.79999e+06,1.14862e+07,3.21513e+06,6.79999e+06,1.14844e+07,3.00605e+06,6.79999e+06,1.14823e+07,2.7848e+06,6.79999e+06,1.148e+07,2.5568e+06,6.79999e+06,1.14773e+07,2.32825e+06,6.79999e+06,13.5742,8.52444,0.508366,16.8306,13.2585,0.162638,20.0035,17.569,0.0507846,23.2616,22.4214,0.0158319,26.7328,28.3297,0.00493498,30.5212,35.6974,0.00153831,34.7178,44.9473,0.000479527,39.4086,56.5822,0.000149456,44.6796,71.2245,4.66214e-05,50.6209,89.6543,1.45419e-05,57.3297,112.852,4.54748e-06,64.9129,142.051,1.43857e-06,73.4897,178.803,4.36618e-07,83.1934,225.062,1.40153e-07,94.1745,283.286,4.96378e-08,106.602,356.568,1.05434e-07,120.669,448.799,-6.49244e-08,136.59,564.873,1.70148e-07,154.611,710.948,-5.34594e-08,175.008,894.767,1.63407e-07,198.097,1126.06,8.04804e-08,224.231,1417.07,1.14667e-07,253.813,1783.15,-1.71227e-07,287.297,2243.62,-2.88466e-07,325.198,2822.67,-4.33651e-07,368.098,3550.67,7.9318e-08,416.657,4465.65,3.13319e-07,471.621,5615.16,3.4613e-07,533.835,7058.61,-1.19199e-07,604.255,8870.02,-2.79964e-07,683.962,11141.4,-2.30521e-07,774.182,13986.7,-2.55099e-07,876.299,17546.4,1.23585e-07,991.883,21993.1,1.41192e-07,1122.71,27536.7,-9.71886e-08,1270.78,34430.7,-3.68368e-07,1438.38,42977.7,-3.45379e-07,1628.07,53532.7,-3.25328e-09,1842.77,66504.6,2.6362e-07,2085.77,82350.2,2.53445e-07,2360.79,101560,-2.47407e-08,2672.05,124632,-3.80602e-07,3024.31,152018,-4.79005e-07,3422.98,184060,-1.14379e-07,3874.15,220884,2.64297e-07,4384.72,262283,3.44131e-07,4962.49,307576,7.5349e-08,5616.29,355497,-3.63097e-07,6356.1,404126,-6.05442e-07,7193.18,450932,-2.72333e-07,8140.28,492963,2.29675e-07,9211.79,527178,4.3387e-07,10424,550893,-1.0711e-07,10.102,8.06553,2.81012,10.6436,8.57909,0.869423,11.5336,10.2515,0.270869,12.7211,12.7138,0.0844293,14.1823,15.9373,0.0263173,15.9122,20.0383,0.0082035,17.9198,25.2154,0.00255722,20.2244,31.7373,0.000797017,22.8539,39.9486,0.000248622,25.8438,50.2851,7.75492e-05,29.237,63.2963,2.42508e-05,33.0837,79.6738,7.67162e-06,37.4415,100.288,2.32837e-06,42.3767,126.236,7.33e-07,47.9646,158.896,2.79256e-07,54.2906,200.003,9.87351e-09,61.452,251.741,1.61085e-07,69.5585,316.859,-2.47141e-07,78.7347,398.812,8.93552e-08,89.1218,501.948,-2.53231e-07,100.879,631.736,-1.25047e-07,114.188,795.049,-1.78808e-07,129.252,1000.53,2.6733e-07,146.304,1259.03,4.50292e-07,165.605,1584.19,6.76904e-07,187.452,1993.12,-1.23808e-07,212.181,2507.27,-4.89068e-07,240.173,3153.54,-5.40284e-07,271.856,3965.56,1.86061e-07,307.719,4985.38,4.37004e-07,348.313,6265.4,3.59828e-07,394.26,7870.83,3.98192e-07,446.268,9882.51,-1.92908e-07,505.135,12400.3,-2.20392e-07,571.766,15546.9,1.51705e-07,647.184,19472.2,5.74996e-07,732.547,24357.4,5.39112e-07,829.167,30420,5.07815e-09,938.526,37916.3,-4.11492e-07,1062.3,47143.9,-3.9561e-07,1202.4,58439.2,3.86185e-08,1360.96,72169.3,5.94093e-07,1540.42,88715.8,7.47693e-07,1743.53,108445,1.78537e-07,1973.41,131665,-4.12549e-07,2233.57,158557,-5.37164e-07,2528,189103,-1.17615e-07,2861.2,222986,5.66769e-07,3238.27,259510,9.45053e-07,3664.97,297540,4.25093e-07,4147.81,335497,-3.58506e-07,4694.17,371444,-6.7724e-07,5312.37,403256,1.67192e-07,1.61744,3.89446,9.84394,3.28846,7.5504,12.774,5.07607,11.7187,13.6844,7.03202,16.8147,13.9681,9.20215,23.1769,14.0566,11.6301,31.1672,14.0841,14.3598,41.2186,14.0927,17.4376,53.8688,14.0954,20.9137,69.7915,14.0962,24.8432,89.8341,14.0965,29.2879,115.063,14.0966,34.3168,146.819,14.0966,40.0078,186.792,14.0966,46.4487,237.107,14.0966,53.7388,300.44,14.0966,61.9903,380.158,14.0966,71.3301,480.499,14.0966,81.902,606.796,14.0966,93.8685,765.761,14.0966,107.414,965.837,14.0966,122.746,1217.65,14.0966,140.101,1534.57,14.0966,159.745,1933.41,14.0966,181.981,2435.3,14.0966,207.15,3066.85,14.0966,235.64,3861.46,14.0966,267.889,4861.11,14.0966,304.391,6118.54,14.0966,345.709,7699.91,14.0966,392.478,9688.22,14.0966,445.417,12187.5,14.0966,505.339,15327.7,14.0966,573.165,19271.6,14.0966,649.938,24222,14.0966,736.839,30430.9,14.0966,835.202,38211.5,14.0966,946.539,47950.3,14.0966,1072.56,60122.8,14.0966,1215.21,75309.9,14.0966,1376.66,94216.2,14.0966,1559.41,117688,14.0966,1766.26,146729,14.0966,2000.39,182510,14.0966,2265.39,226372,14.0966,2565.33,279806,14.0966,2904.81,344416,14.0966,3289.05,421845,14.0966,3723.93,513667,14.0966,4216.13,621231,14.0966,4773.18,745478,14.0966,5403.64,886744,14.0966,6117.15,1.04457e+06,14.0966,6924.63,1.2176e+06,14.0966,11.7194,11.96,12.6541,13.9321,16.1295,13.6434,16.6097,21.9702,13.9553,19.7532,29.5285,14.0526,23.3844,39.1143,14.0829,27.5423,51.2054,14.0923,32.2796,66.434,14.0953,37.662,85.6061,14.0962,43.7675,109.74,14.0965,50.687,140.119,14.0966,58.5249,178.359,14.0966,67.4005,226.493,14.0966,77.4493,287.08,14.0966,88.8254,363.343,14.0966,101.703,459.336,14.0966,116.281,580.161,14.0966,132.782,732.241,14.0966,151.46,923.655,14.0966,172.603,1164.57,14.0966,196.535,1467.79,14.0966,223.625,1849.39,14.0966,254.288,2329.62,14.0966,288.997,2933.93,14.0966,328.285,3694.33,14.0966,372.755,4651.04,14.0966,423.092,5854.57,14.0966,480.07,7368.38,14.0966,544.564,9272.08,14.0966,617.566,11665.5,14.0966,700.197,14673.6,14.0966,793.729,18452.9,14.0966,899.599,23198.6,14.0966,1019.43,29154.1,14.0966,1155.07,36622.3,14.0966,1308.6,45977.9,14.0966,1482.39,57683.7,14.0966,1679.09,72307.8,14.0966,1901.73,90542.8,14.0966,2153.73,113226,14.0966,2438.97,141360,14.0966,2761.81,176127,14.0966,3127.22,218898,14.0966,3540.81,271226,14.0966,4008.92,334817,14.0966,4538.74,411470,14.0966,5138.38,502973,14.0966,5817.04,610948,14.0966,6585.12,736653,14.0966,7454.39,880741,14.0966,8438.15,1.04302e+06,14.0966,9551.45,1.22224e+06,14.0966,10811.3,1.41602e+06,14.0966,12237,1.62086e+06,14.0966,11.7194,11.96,12.6541,2.21263,4.16949,0.989383,2.67766,5.84076,0.311842,3.14343,7.55825,0.0972771,3.63127,9.58578,0.0303237,4.15787,12.0912,0.00945211,4.73731,15.2286,0.00294633,5.38238,19.1721,0.000918508,6.10553,24.134,0.000286163,6.91951,30.3791,8.92692e-05,7.83792,38.2397,2.78121e-05,8.87555,48.1338,8.65134e-06,10.0489,60.5876,2.7882e-06,11.3761,76.2629,8.29036e-07,12.8779,95.9927,2.4373e-07,14.5775,120.825,4.33068e-09,16.5012,152.08,1.75749e-07,18.6784,191.415,-1.86328e-07,21.1428,240.917,1.91829e-07,23.9322,303.213,-1.81475e-07,27.0895,381.602,7.0186e-08,30.6634,480.231,-2.86769e-08,34.7087,604.316,2.40784e-07,39.2876,760.401,9.87368e-08,44.4705,956.705,1.22263e-07,50.3371,1203.54,-4.31966e-07,56.9776,1513.81,-1.9705e-07,64.494,1903.69,-2.763e-08,73.0018,2393.4,3.9185e-07,82.6317,3008.13,1.35379e-07,93.5318,3779.25,-4.16351e-08,105.869,4745.7,2.06965e-08,119.834,5955.6,-3.18887e-07,135.641,7468.12,-1.48271e-08,153.531,9355.62,2.00739e-07,173.781,11705.8,2.28358e-07,196.701,14624.1,-1.93587e-08,222.642,18235,-2.88101e-07,252.003,22683.4,-2.24732e-07,285.234,28134,8.56806e-09,322.845,34767,2.34258e-07,365.413,42770.9,2.99668e-07,413.588,52327.9,8.28644e-08,468.111,63591.2,-3.07049e-07,529.814,76653.2,-3.1888e-07,599.642,91502.5,-6.72276e-08,678.662,107975,2.26339e-07,768.083,125705,3.69212e-07,869.267,144088,2.04077e-07,983.76,162277,-2.80509e-07,1113.3,179223,-4.22737e-07,1259.87,193777,-1.71951e-07,1425.68,204839,4.55555e-07,11.7194,11.96,12.6541,2.21263,4.16949,0.989383,2.67766,5.84076,0.311842,3.14343,7.55825,0.0972771,3.63127,9.58578,0.0303237,4.15787,12.0912,0.00945211,4.73731,15.2286,0.00294633,5.38238,19.1721,0.000918508,6.10553,24.134,0.000286163,6.91951,30.3791,8.92692e-05,7.83792,38.2397,2.78121e-05,8.87555,48.1338,8.65134e-06,10.0489,60.5876,2.7882e-06,11.3761,76.2629,8.29036e-07,12.8779,95.9927,2.4373e-07,14.5775,120.825,1e-08,16.5012,152.08,1.75749e-07,18.6784,191.415,1e-08,21.1428,240.917,1.91829e-07,23.9322,303.213,1e-08,27.0895,381.602,7.0186e-08,30.6634,480.231,1e-08,34.7087,604.316,2.40784e-07,39.2876,760.401,9.87368e-08,44.4705,956.705,1.22263e-07,50.3371,1203.54,1e-08,56.9776,1513.81,1e-08,64.494,1903.69,1e-08,73.0018,2393.4,3.9185e-07,82.6317,3008.13,1.35379e-07,93.5318,3779.25,1e-08,105.869,4745.7,2.06965e-08,119.834,5955.6,1e-08,135.641,7468.12,1e-08,153.531,9355.62,2.00739e-07,173.781,11705.8,2.28358e-07,196.701,14624.1,1e-08,222.642,18235,1e-08,252.003,22683.4,1e-08,285.234,28134,1e-08,322.845,34767,2.34258e-07,365.413,42770.9,2.99668e-07,413.588,52327.9,8.28644e-08,468.111,63591.2,1e-08,529.814,76653.2,1e-08,599.642,91502.5,1e-08,678.662,107975,2.26339e-07,768.083,125705,3.69212e-07,869.267,144088,2.04077e-07,983.76,162277,1e-08,1113.3,179223,1e-08,1259.87,193777,1e-08,1425.68,204839,4.55555e-07,6.2823,3.27286,2.43537,0.219672,6.18826,2.24117,0.56371,6.87772,2.63624,0.308279,18,5,15,0,7,1,1,2,0,5,7,0,1,5,0,7,8,0,6,15,0,8,22,0,3,13,0,5,39,0,8,45,0,12,36,0,10,9,0,9,29,0,5,58,0,14,54,0,8,95,0,17,165,0,17,359,0,10,367,0,48,601,0,28,311,0,20,1048,0,34,266,0,20,2224,0,24,1281,0,75,676,0,32,1620,0,48,4461,0,101,2066,0,44,4155,0,121,4032,0,97,7933,0,144,10630,0,230,3263,0,71,12374,0,242,17325,0,183,18947,0,342,25164,0,320,13430,0,217,55424,0,249,17021,0,360,51148,0,426,120158,0,593,99286,0,255,112188,0,547,87799,0,248,100615,0,861,127735,0,890,203396,0,730,146180,0,1167,159773,0,1211,129665,0
-1.05176e+08,1,8.88811e-15,10,1023,0,1.05176e+08,0.528882,1.08665,0.389689,0.145397,0.379329,3.24381,0.161596,0.446195,1.77396,0.159177,1.15e+07,4.49998e+06,6.79999e+06,1.15e+07,4.49997e+06,6.79999e+06,1.15e+07,4.49996e+06,6.79999e+06,1.15e+07,4.49995e+06,6.79999e+06,1.14999e+07,4.49993e+06,6.79999e+06,1.14999e+07,4.49991e+06,6.79999e+06,1.14999e+07,4.49989e+06,6.79999e+06,1.14999e+07,4.49986e+06,6.79999e+06,1.14999e+07,4.49982e+06,6.79999e+06,1.14999e+07,4.49977e+06,6.79999e+06,1.14999e+07,4.49971e+06,6.79999e+06,1.14999e+07,4.49963e+06,6.79999e+06,1.14998e+07,4.49953e+06,6.79999e+06,1.14998e+07,4.49941e+06,6.79999e+06,1.14998e+07,4.49926e+06,6.79999e+06,1.14998e+07,4.49906e+06,6.79999e+06,1.14997e+07,4.49882e+06,6.79999e+06,1.14997e+07,4.49851e+06,6.79999e+06,1.14997e+07,4.49812e+06,6.79999e+06,1.14996e+07,4.49764e+06,6.79999e+06,1.14996e+07,4.49702e+06,6.79999e+06,1.14995e+07,4.49625e+06,6.79999e+06,1.14995e+07,4.49528e+06,6.79999e+06,1.14994e+07,4.49406e+06,6.79999e+06,1.14993e+07,4.49253e+06,6.79999e+06,1.14992e+07,4.49059e+06,6.79999e+06,1.14991e+07,4.48817e+06,6.79999e+06,1.1499e+07,4.48511e+06,6.79999e+06,1.14988e+07,4.48128e+06,6.79999e+06,1.14987e+07,4.47646e+06,6.79999e+06,1.14985e+07,4.47041e+06,6.79999e+06,1.14983e+07,4.46281e+06,6.79999e+06,1.14981e+07,4.4533e+06,6.79999e+06,1.14979e+07,4.44138e+06,6.79999e+06,1.14976e+07,4.42649e+06,6.79999e+06,1.14972e+07,4.40789e+06,6.79999e+06,1.14969e+07,4.38471e+06,6.79999e+06,1.14965e+07,4.35592e+06,6.79999e+06,1.1496e+07,4.32027e+06,6.79999e+06,1.14955e+07,4.27629e+06,6.79999e+06,1.14949e+07,4.22231e+06,6.79999e+06,1.14942e+07,4.15647e+06,6.79999e+06,1.14934e+07,4.07676e+06,6.79999e+06,1.14926e+07,3.98112e+06,6.79999e+06,1.14916e+07,3.86765e+06,6.79999e+06,1.14905e+07,3.73474e+06,6.79999e+06,1.14892e+07,3.58148e+06,6.79999e+06,1.14878e+07,3.40785e+06,6.79999e+06,1.14862e+07,3.21513e+06,6.79999e+06,1.14844e+07,3.00605e+06,6.79999e+06,1.14823e+07,2.7848e+06,6.79999e+06,1.148e+07,2.5568e+06,6.79999e+06,1.14773e+07,2.32825e+06,6.79999e+06,13.5742,8.52444,0.508366,16.8306,13.2585,0.162638,20.0035,17.569,0.0507846,23.2616,22.4214,0.0158319,26.7328,28.3297,0.00493498,30.5212,35.6974,0.00153831,34.7178,44.9473,0.000479527,39.4086,56.5822,0.000149456,44.6796,71.2245,4.66214e-05,50.6209,89.6543,1.45419e-05,57.3297,112.852,4.54748e-06,64.9129,142.051,1.43857e-06,73.4897,178.803,4.36618e-07,83.1934,225.062,1.40153e-07,94.1745,283.286,4.96378e-08,106.602,356.568,1.05434e-07,120.669,448.799,-6.49244e-08,136.59,564.873,1.70148e-07,154.611,710.948,-5.34594e-08,175.008,894.767,1.63407e-07,198.097,1126.06,8.04804e-08,224.231,1417.07,1.14667e-07,253.813,1783.15,-1.71227e-07,287.297,2243.62,-2.88466e-07,325.198,2822.67,-4.33651e-07,368.098,3550.67,7.9318e-08,416.657,4465.65,3.13319e-07,471.621,5615.16,3.4613e-07,533.835,7058.61,-1.19199e-07,604.255,8870.02,-2.79964e-07,683.962,11141.4,-2.30521e-07,774.182,13986.7,-2.55099e-07,876.299,17546.4,1.23585e-07,991.883,21993.1,1.41192e-07,1122.71,27536.7,-9.71886e-08,1270.78,34430.7,-3.68368e-07,1438.38,42977.7,-3.45379e-07,1628.07,53532.7,-3.25328e-09,1842.77,66504.6,2.6362e-07,2085.77,82350.2,2.53445e-07,2360.79,101560,-2.47407e-08,2672.05,124632,-3.80602e-07,3024.31,152018,-4.79005e-07,3422.98,184060,-1.14379e-07,3874.15,220884,2.64297e-07,4384.72,262283,3.44131e-07,4962.49,307576,7.5349e-08,5616.29,355497,-3.63097e-07,6356.1,404126,-6.05442e-07,7193.18,450932,-2.72333e-07,8140.28,492963,2.29675e-07,9211.79,527178,4.3387e-07,10424,550893,-1.0711e-07,10.102,8.06553,2.81012,10.6436,8.57909,0.869423,11.5336,10.2515,0.270869,12.7211,12.7138,0.0844293,14.1823,15.9373,0.0263173,15.9122,20.0383,0.0082035,17.9198,25.2154,0.00255722,20.2244,31.7373,0.000797017,22.8539,39.9486,0.000248622,25.8438,50.2851,7.75492e-05,29.237,63.2963,2.42508e-05,33.0837,79.6738,7.67162e-06,37.4415,100.288,2.32837e-06,42.3767,126.236,7.33e-07,47.9646,158.896,2.79256e-07,54.2906,200.003,9.87351e-09,61.452,251.741,1.61085e-07,69.5585,316.859,-2.47141e-07,78.7347,398.812,8.93552e-08,89.1218,501.948,-2.53231e-07,100.879,631.736,-1.25047e-07,114.188,795.049,-1.78808e-07,129.252,1000.53,2.6733e-07,146.304,1259.03,4.50292e-07,165.605,1584.19,6.76904e-07,187.452,1993.12,-1.23808e-07,212.181,2507.27,-4.89068e-07,240.173,3153.54,-5.40284e-07,271.856,3965.56,1.86061e-07,307.719,4985.38,4.37004e-07,348.313,6265.4,3.59828e-07,394.26,7870.83,3.98192e-07,446.268,9882.51,-1.92908e-07,505.135,12400.3,-2.20392e-07,571.766,15546.9,1.51705e-07,647.184,19472.2,5.74996e-07,732.547,24357.4,5.39112e-07,829.167,30420,5.07815e-09,938.526,37916.3,-4.11492e-07,1062.3,47143.9,-3.9561e-07,1202.4,58439.2,3.86185e-08,1360.96,72169.3,5.94093e-07,1540.42,88715.8,7.47693e-07,1743.53,108445,1.78537e-07,1973.41,131665,-4.12549e-07,2233.57,158557,-5.37164e-07,2528,189103,-1.17615e-07,2861.2,222986,5.66769e-07,3238.27,259510,9.45053e-07,3664.97,297540,4.25093e-07,4147.81,335497,-3.58506e-07,4694.17,371444,-6.7724e-07,5312.37,403256,1.67192e-07,1.61744,3.89446,9.84394,3.28846,7.5504,12.774,5.07607,11.7187,13.6844,7.03202,16.8147,13.9681,9.20215,23.1769,14.0566,11.6301,31.1672,14.0841,14.3598,41.2186,14.0927,17.4376,53.8688,14.0954,20.9137,69.7915,14.0962,24.8432,89.8341,14.0965,29.2879,115.063,14.0966,34.3168,146.819,14.0966,40.0078,186.792,14.0966,46.4487,237.107,14.0966,53.7388,300.44,14.0966,61.9903,380.158,14.0966,71.3301,480.499,14.0966,81.902,606.796,14.0966,93.8685,765.761,14.0966,107.414,965.837,14.0966,122.746,1217.65,14.0966,140.101,1534.57,14.0966,159.745,1933.41,14.0966,181.981,2435.3,14.0966,207.15,3066.85,14.0966,235.64,3861.46,14.0966,267.889,4861.11,14.0966,304.391,6118.54,14.0966,345.709,7699.91,14.0966,392.478,9688.22,14.0966,445.417,12187.5,14.0966,505.339,15327.7,14.0966,573.165,19271.6,14.0966,649.938,24222,14.0966,736.839,30430.9,14.0966,835.202,38211.5,14.0966,946.539,47950.3,14.0966,1072.56,60122.8,14.0966,1215.21,75309.9,14.0966,1376.66,94216.2,14.0966,1559.41,117688,14.0966,1766.26,146729,14.0966,2000.39,182510,14.0966,2265.39,226372,14.0966,2565.33,279806,14.0966,2904.81,344416,14.0966,3289.05,421845,14.0966,3723.93,513667,14.0966,4216.13,621231,14.0966,4773.18,745478,14.0966,5403.64,886744,14.0966,6117.15,1.04457e+06,14.0966,6924.63,1.2176e+06,14.0966,11.7194,11.96,12.6541,13.9321,16.1295,13.6434,16.6097,21.9702,13.9553,19.7532,29.5285,14.0526,23.3844,39.1143,14.0829,27.5423,51.2054,14.0923,32.2796,66.434,14.0953,37.662,85.6061,14.0962,43.7675,109.74,14.0965,50.687,140.119,14.0966,58.5249,178.359,14.0966,67.4005,226.493,14.0966,77.4493,287.08,14.0966,88.8254,363.343,14.0966,101.703,459.336,14.0966,116.281,580.161,14.0966,132.782,732.241,14.0966,151.46,923.655,14.0966,172.603,1164.57,14.0966,196.535,1467.79,14.0966,223.625,1849.39,14.0966,254.288,2329.62,14.0966,288.997,2933.93,14.0966,328.285,3694.33,14.0966,372.755,4651.04,14.0966,423.092,5854.57,14.0966,480.07,7368.38,14.0966,544.564,9272.08,14.0966,617.566,11665.5,14.0966,700.197,14673.6,14.0966,793.729,18452.9,14.0966,899.599,23198.6,14.0966,1019.43,29154.1,14.0966,1155.07,36622.3,14.0966,1308.6,45977.9,14.0966,1482.39,57683.7,14.0966,1679.09,72307.8,14.0966,1901.73,90542.8,14.0966,2153.73,113226,14.0966,2438.97,141360,14.0966,2761.81,176127,14.0966,3127.22,218898,14.0966,3540.81,271226,14.0966,4008.92,334817,14.0966,4538.74,411470,14.0966,5138.38,502973,14.0966,5817.04,610948,14.0966,6585.12,736653,14.0966,7454.39,880741,14.0966,8438.15,1.04302e+06,14.0966,9551.45,1.22224e+06,14.0966,10811.3,1.41602e+06,14.0966,12237,1.62086e+06,14.0966,11.7194,11.96,12.6541,2.21263,4.16949,0.989383,2.67766,5.84076,0.311842,3.14343,7.55825,0.0972771,3.63127,9.58578,0.0303237,4.15787,12.0912,0.00945211,4.73731,15.2286,0.00294633,5.38238,19.1721,0.000918508,6.10553,24.134,0.000286163,6.91951,30.3791,8.92692e-05,7.83792,38.2397,2.78121e-05,8.87555,48.1338,8.65134e-06,10.0489,60.5876,2.7882e-06,11.3761,76.2629,8.29036e-07,12.8779,95.9927,2.4373e-07,14.5775,120.825,4.33068e-09,16.5012,152.08,1.75749e-07,18.6784,191.415,-1.86328e-07,21.1428,240.917,1.91829e-07,23.9322,303.213,-1.81475e-07,27.0895,381.602,7.0186e-08,30.6634,480.231,-2.86769e-08,34.7087,604.316,2.40784e-07,39.2876,760.401,9.87368e-08,44.4705,956.705,1.22263e-07,50.3371,1203.54,-4.31966e-07,56.9776,1513.81,-1.9705e-07,64.494,1903.69,-2.763e-08,73.0018,2393.4,3.9185e-07,82.6317,3008.13,1.35379e-07,93.5318,3779.25,-4.16351e-08,105.869,4745.7,2.06965e-08,119.834,5955.6,-3.18887e-07,135.641,7468.12,-1.48271e-08,153.531,9355.62,2.00739e-07,173.781,11705.8,2.28358e-07,196.701,14624.1,-1.93587e-08,222.642,18235,-2.88101e-07,252.003,22683.4,-2.24732e-07,285.234,28134,8.56806e-09,322.845,34767,2.34258e-07,365.413,42770.9,2.99668e-07,413.588,52327.9,8.28644e-08,468.111,63591.2,-3.07049e-07,529.814,76653.2,-3.1888e-07,599.642,91502.5,-6.72276e-08,678.662,107975,2.26339e-07,768.083,125705,3.69212e-07,869.267,144088,2.04077e-07,983.76,162277,-2.80509e-07,1113.3,179223,-4.22737e-07,1259.87,193777,-1.71951e-07,1425.68,204839,4.55555e-07,11.7194,11.96,12.6541,2.21263,4.16949,0.989383,2.67766,5.84076,0.311842,3.14343,7.55825,0.0972771,3.63127,9.58578,0.0303237,4.15787,12.0912,0.00945211,4.73731,15.2286,0.00294633,5.38238,19.1721,0.000918508,6.10553,24.134,0.000286163,6.91951,30.3791,8.92692e-05,7.83792,38.2397,2.78121e-05,8.87555,48.1338,8.65134e-06,10.0489,60.5876,2.7882e-06,11.3761,76.2629,8.29036e-07,12.8779,95.9927,2.4373e-07,14.5775,120.825,1e-08,16.5012,152.08,1.75749e-07,18.6784,191.415,1e-08,21.1428,240.917,1.91829e-07,23.9322,303.213,1e-08,27.0895,381.602,7.0186e-08,30.6634,480.231,1e-08,34.7087,604.316,2.40784e-07,39.2876,760.401,9.87368e-08,44.4705,956.705,1.22263e-07,50.3371,1203.54,1e-08,56.9776,1513.81,1e-08,64.494,1903.69,1e-08,73.0018,2393.4,3.9185e-07,82.6317,3008.13,1.35379e-07,93.5318,3779.25,1e-08,105.869,4745.7,2.06965e-08,119.834,5955.6,1e-08,135.641,7468.12,1e-08,153.531,9355.62,2.00739e-07,173.781,11705.8,2.28358e-07,196.701,14624.1,1e-08,222.642,18235,1e-08,252.003,22683.4,1e-08,285.234,28134,1e-08,322.845,34767,2.34258e-07,365.413,42770.9,2.99668e-07,413.588,52327.9,8.28644e-08,468.111,63591.2,1e-08,529.814,76653.2,1e-08,599.642,91502.5,1e-08,678.662,107975,2.26339e-07,768.083,125705,3.69212e-07,869.267,144088,2.04077e-07,983.76,162277,1e-08,1113.3,179223,1e-08,1259.87,193777,1e-08,1425.68,204839,4.55555e-07,6.2823,3.27286,2.43537,0.219672,6.18826,2.24117,0.56371,6.87772,2.63624,0.308279,8,37,6,3,2,2,1,3,0,2,5,0,5,11,0,2,18,0,2,8,0,6,18,0,6,23,0,6,27,0,7,50,0,10,42,0,6,41,0,8,113,0,9,70,0,20,95,0,5,136,0,15,215,0,16,275,0,17,326,0,22,416,0,26,790,0,15,636,0,66,632,0,31,365,0,28,1649,0,20,1473,0,67,2446,0,75,2127,0,82,3787,0,75,3040,0,39,5682,0,181,6042,0,79,12760,0,139,2033,0,211,12532,0,163,15759,0,243,10343,0,192,11620,0,192,36505,0,207,35700,0,358,48084,0,331,79720,0,317,66632,0,343,55411,0,528,101110,0,643,133913,0,254,139732,0,1211,101299,0,242,89801,0,848,135100,0,1112,199753,0,1412,137239,0
-1.05176e+08,1,8.88811e-15,10,1023,0,1.05176e+08,0.528882,1.08665,0.389689,0.145397,0.379329,3.24381,0.161596,0.446195,1.77396,0.159177,1.15e+07,4.49998e+06,6.79999e+06,1.15e+07,4.49997e+06,6.79999e+06,1.15e+07,4.49996e+06,6.79999e+06,1.15e+07,4.49995e+06,6.79999e+06,1.14999e+07,4.49993e+06,6.79999e+06,1.14999e+07,4.49991e+06,6.79999e+06,1.14999e+07,4.49989e+06,6.79999e+06,1.14999e+07,4.49986e+06,6.79999e+06,1.14999e+07,4.49982e+06,6.79999e+06,1.14999e+07,4.49977e+06,6.79999e+06,1.14999e+07,4.49971e+06,6.79999e+06,1.14999e+07,4.49963e+06,6.79999e+06,1.14998e+07,4.49953e+06,6.79999e+06,1.14998e+07,4.49941e+06,6.79999e+06,1.14998e+07,4.49926e+06,6.79999e+06,1.14998e+07,4.49906e+06,6.79999e+06,1.14997e+07,4.49882e+06,6.79999e+06,1.14997e+07,4.49851e+06,6.79999e+06,1.14997e+07,4.49812e+06,6.79999e+06,1.14996e+07,4.49764e+06,6.79999e+06,1.14996e+07,4.49702e+06,6.79999e+06,1.14995e+07,4.49625e+06,6.79999e+06,1.14995e+07,4.49528e+06,6.79999e+06,1.14994e+07,4.49406e+06,6.79999e+06,1.14993e+07,4.49253e+06,6.79999e+06,1.14992e+07,4.49059e+06,6.79999e+06,1.14991e+07,4.48817e+06,6.79999e+06,1.1499e+07,4.48511e+06,6.79999e+06,1.14988e+07,4.48128e+06,6.79999e+06,1.14987e+07,4.47646e+06,6.79999e+06,1.14985e+07,4.47041e+06,6.79999e+06,1.14983e+07,4.46281e+06,6.79999e+06,1.14981e+07,4.4533e+06,6.79999e+06,1.14979e+07,4.44138e+06,6.79999e+06,1.14976e+07,4.42649e+06,6.79999e+06,1.14972e+07,4.40789e+06,6.79999e+06,1.14969e+07,4.38471e+06,6.79999e+06,1.14965e+07,4.35592e+06,6.79999e+06,1.1496e+07,4.32027e+06,6.79999e+06,1.14955e+07,4.27629e+06,6.79999e+06,1.14949e+07,4.22231e+06,6.79999e+06,1.14942e+07,4.15647e+06,6.79999e+06,1.14934e+07,4.07676e+06,6.79999e+06,1.14926e+07,3.98112e+06,6.79999e+06,1.14916e+07,3.86765e+06,6.79999e+06,1.14905e+07,3.73474e+06,6.79999e+06,1.14892e+07,3.58148e+06,6.79999e+06,1.14878e+07,3.40785e+06,6.79999e+06,1.14862e+07,3.21513e+06,6.79999e+06,1.14844e+07,3.00605e+06,6.79999e+06,1.14823e+07,2.7848e+06,6.79999e+06,1.148e+07,2.5568e+06,6.79999e+06,1.14773e+07,2.32825e+06,6.79999e+06,13.5742,8.52444,0.508366,16.8306,13.2585,0.162638,20.0035,17.569,0.0507846,23.2616,22.4214,0.0158319,26.7328,28.3297,0.00493498,30.5212,35.6974,0.00153831,34.7178,44.9473,0.000479527,39.4086,56.5822,0.000149456,44.6796,71.2245,4.66214e-05,50.6209,89.6543,1.45419e-05,57.3297,112.852,4.54748e-06,64.9129,142.051,1.43857e-06,73.4897,178.803,4.36618e-07,83.1934,225.062,1.40153e-07,94.1745,283.286,4.96378e-08,106.602,356.568,1.05434e-07,120.669,448.799,-6.49244e-08,136.59,564.873,1.70148e-07,154.611,710.948,-5.34594e-08,175.008,894.767,1.63407e-07,198.097,1126.06,8.04804e-08,224.231,1417.07,1.14667e-07,253.813,1783.15,-1.71227e-07,287.297,2243.62,-2.88466e-07,325.198,2822.67,-4.33651e-07,368.098,3550.67,7.9318e-08,416.657,4465.65,3.13319e-07,471.621,5615.16,3.4613e-07,533.835,7058.61,-1.19199e-07,604.255,8870.02,-2.79964e-07,683.962,11141.4,-2.30521e-07,774.182,13986.7,-2.55099e-07,876.299,17546.4,1.23585e-07,991.883,21993.1,1.41192e-07,1122.71,27536.7,-9.71886e-08,1270.78,34430.7,-3.68368e-07,1438.38,42977.7,-3.45379e-07,1628.07,53532.7,-3.25328e-09,1842.77,66504.6,2.6362e-07,2085.77,82350.2,2.53445e-07,2360.79,101560,-2.47407e-08,2672.05,124632,-3.80602e-07,3024.31,152018,-4.79005e-07,3422.98,184060,-1.14379e-07,3874.15,220884,2.64297e-07,4384.72,262283,3.44131e-07,4962.49,307576,7.5349e-08,5616.29,355497,-3.63097e-07,6356.1,404126,-6.05442e-07,7193.18,450932,-2.72333e-07,8140.28,492963,2.29675e-07,9211.79,527178,4.3387e-07,10424,550893,-1.0711e-07,10.102,8.06553,2.81012,10.6436,8.57909,0.869423,11.5336,10.2515,0.270869,12.7211,12.7138,0.0844293,14.1823,15.9373,0.0263173,15.9122,20.0383,0.0082035,17.9198,25.2154,0.00255722,20.2244,31.7373,0.000797017,22.8539,39.9486,0.000248622,25.8438,50.2851,7.75492e-05,29.237,63.2963,2.42508e-05,33.0837,79.6738,7.67162e-06,37.4415,100.288,2.32837e-06,42.3767,126.236,7.33e-07,47.9646,158.896,2.79256e-07,54.2906,200.003,9.87351e-09,61.452,251.741,1.61085e-07,69.5585,316.859,-2.47141e-07,78.7347,398.812,8.93552e-08,89.1218,501.948,-2.53231e-07,100.879,631.736,-1.25047e-07,114.188,795.049,-1.78808e-07,129.252,1000.53,2.6733e-07,146.304,1259.03,4.50292e-07,165.605,1584.19,6.76904e-07,187.452,1993.12,-1.23808e-07,212.181,2507.27,-4.89068e-07,240.173,3153.54,-5.40284e-07,271.856,3965.56,1.86061e-07,307.719,4985.38,4.37004e-07,348.313,6265.4,3.59828e-07,394.26,7870.83,3.98192e-07,446.268,9882.51,-1.92908e-07,505.135,12400.3,-2.20392e-07,571.766,15546.9,1.51705e-07,647.184,19472.2,5.74996e-07,732.547,24357.4,5.39112e-07,829.167,30420,5.07815e-09,938.526,37916.3,-4.11492e-07,1062.3,47143.9,-3.9561e-07,1202.4,58439.2,3.86185e-08,1360.96,72169.3,5.94093e-07,1540.42,88715.8,7.47693e-07,1743.53,108445,1.78537e-07,1973.41,131665,-4.12549e-07,2233.57,158557,-5.37164e-07,2528,189103,-1.17615e-07,2861.2,222986,5.66769e-07,3238.27,259510,9.45053e-07,3664.97,297540,4.25093e-07,4147.81,335497,-3.58506e-07,4694.17,371444,-6.7724e-07,5312.37,403256,1.67192e-07,1.61744,3.89446,9.84394,3.28846,7.5504,12.774,5.07607,11.7187,13.6844,7.03202,16.8147,13.9681,9.20215,23.1769,14.0566,11.6301,31.1672,14.0841,14.3598,41.2186,14.0927,17.4376,53.8688,14.0954,20.9137,69.7915,14.0962,24.8432,89.8341,14.0965,29.2879,115.063,14.0966,34.3168,146.819,14.0966,40.0078,186.792,14.0966,46.4487,237.107,14.0966,53.7388,300.44,14.0966,61.9903,380.158,14.0966,71.3301,480.499,14.0966,81.902,606.796,14.0966,93.8685,765.761,14.0966,107.414,965.837,14.0966,122.746,1217.65,14.0966,140.101,1534.57,14.0966,159.745,1933.41,14.0966,181.981,2435.3,14.0966,207.15,3066.85,14.0966,235.64,3861.46,14.0966,267.889,4861.11,14.0966,304.391,6118.54,14.0966,345.709,7699.91,14.0966,392.478,9688.22,14.0966,445.417,12187.5,14.0966,505.339,15327.7,14.0966,573.165,19271.6,14.0966,649.938,24222,14.0966,736.839,30430.9,14.0966,835.202,38211.5,14.0966,946.539,47950.3,14.0966,1072.56,60122.8,14.0966,1215.21,75309.9,14.0966,1376.66,94216.2,14.0966,1559.41,117688,14.0966,1766.26,146729,14.0966,2000.39,182510,14.0966,2265.39,226372,14.0966,2565.33,279806,14.0966,2904.81,344416,14.0966,3289.05,421845,14.0966,3723.93,513667,14.0966,4216.13,621231,14.0966,4773.18,745478,14.0966,5403.64,886744,14.0966,6117.15,1.04457e+06,14.0966,6924.63,1.2176e+06,14.0966,11.7194,11.96,12.6541,13.9321,16.1295,13.6434,16.6097,21.9702,13.9553,19.7532,29.5285,14.0526,23.3844,39.1143,14.0829,27.5423,51.2054,14.0923,32.2796,66.434,14.0953,37.662,85.6061,14.0962,43.7675,109.74,14.0965,50.687,140.119,14.0966,58.5249,178.359,14.0966,67.4005,226.493,14.0966,77.4493,287.08,14.0966,88.8254,363.343,14.0966,101.703,459.336,14.0966,116.281,580.161,14.0966,132.782,732.241,14.0966,151.46,923.655,14.0966,172.603,1164.57,14.0966,196.535,1467.79,14.0966,223.625,1849.39,14.0966,254.288,2329.62,14.0966,288.997,2933.93,14.0966,328.285,3694.33,14.0966,372.755,4651.04,14.0966,423.092,5854.57,14.0966,480.07,7368.38,14.0966,544.564,9272.08,14.0966,617.566,11665.5,14.0966,700.197,14673.6,14.0966,793.729,18452.9,14.0966,899.599,23198.6,14.0966,1019.43,29154.1,14.0966,1155.07,36622.3,14.0966,1308.6,45977.9,14.0966,1482.39,57683.7,14.0966,1679.09,72307.8,14.0966,1901.73,90542.8,14.0966,2153.73,113226,14.0966,2438.97,141360,14.0966,2761.81,176127,14.0966,3127.22,218898,14.0966,3540.81,271226,14.0966,4008.92,334817,14.0966,4538.74,411470,14.0966,5138.38,502973,14.0966,5817.04,610948,14.0966,6585.12,736653,14.0966,7454.39,880741,14.0966,8438.15,1.04302e+06,14.0966,9551.45,1.22224e+06,14.0966,10811.3,1.41602e+06,14.0966,12237,1.62086e+06,14.0966,11.7194,11.96,12.6541,2.21263,4.16949,0.989383,2.67766,5.84076,0.311842,3.14343,7.55825,0.0972771,3.63127,9.58578,0.0303237,4.15787,12.0912,0.00945211,4.73731,15.2286,0.00294633,5.38238,19.1721,0.000918508,6.10553,24.134,0.000286163,6.91951,30.3791,8.92692e-05,7.83792,38.2397,2.78121e-05,8.87555,48.1338,8.65134e-06,10.0489,60.5876,2.7882e-06,11.3761,76.2629,8.29036e-07,12.8779,95.9927,2.4373e-07,14.5775,120.825,4.33068e-09,16.5012,152.08,1.75749e-07,18.6784,191.415,-1.86328e-07,21.1428,240.917,1.91829e-07,23.9322,303.213,-1.81475e-07,27.0895,381.602,7.0186e-08,30.6634,480.231,-2.86769e-08,34.7087,604.316,2.40784e-07,39.2876,760.401,9.87368e-08,44.4705,956.705,1.22263e-07,50.3371,1203.54,-4.31966e-07,56.9776,1513.81,-1.9705e-07,64.494,1903.69,-2.763e-08,73.0018,2393.4,3.9185e-07,82.6317,3008.13,1.35379e-07,93.5318,3779.25,-4.16351e-08,105.869,4745.7,2.06965e-08,119.834,5955.6,-3.18887e-07,135.641,7468.12,-1.48271e-08,153.531,9355.62,2.00739e-07,173.781,11705.8,2.28358e-07,196.701,14624.1,-1.93587e-08,222.642,18235,-2.88101e-07,252.003,22683.4,-2.24732e-07,285.234,28134,8.56806e-09,322.845,34767,2.34258e-07,365.413,42770.9,2.99668e-07,413.588,52327.9,8.28644e-08,468.111,63591.2,-3.07049e-07,529.814,76653.2,-3.1888e-07,599.642,91502.5,-6.72276e-08,678.662,107975,2.26339e-07,768.083,125705,3.69212e-07,869.267,144088,2.04077e-07,983.76,162277,-2.80509e-07,1113.3,179223,-4.22737e-07,1259.87,193777,-1.71951e-07,1425.68,204839,4.55555e-07,11.7194,11.96,12.6541,2.21263,4.16949,0.989383,2.67766,5.84076,0.311842,3.14343,7.55825,0.0972771,3.63127,9.58578,0.0303237,4.15787,12.0912,0.00945211,4.73731,15.2286,0.00294633,5.38238,19.1721,0.000918508,6.10553,24.134,0.000286163,6.91951,30.3791,8.92692e-05,7.83792,38.2397,2.78121e-05,8.87555,48.1338,8.65134e-06,10.0489,60.5876,2.7882e-06,11.3761,76.2629,8.29036e-07,12.8779,95.9927,2.4373e-07,14.5775,120.825,1e-08,16.5012,152.08,1.75749e-07,18.6784,191.415,1e-08,21.1428,240.917,1.91829e-07,23.9322,303.213,1e-08,27.0895,381.602,7.0186e-08,30.6634,480.231,1e-08,34.7087,604.316,2.40784e-07,39.2876,760.401,9.87368e-08,44.4705,956.705,1.22263e-07,50.3371,1203.54,1e-08,56.9776,1513.81,1e-08,64.494,1903.69,1e-08,73.0018,2393.4,3.9185e-07,82.6317,3008.13,1.35379e-07,93.5318,3779.25,1e-08,105.869,4745.7,2.06965e-08,119.834,5955.6,1e-08,135.641,7468.12,1e-08,153.531,9355.62,2.00739e-07,173.781,11705.8,2.28358e-07,196.701,14624.1,1e-08,222.642,18235,1e-08,252.003,22683.4,1e-08,285.234,28134,1e-08,322.845,34767,2.34258e-07,365.413,42770.9,2.99668e-07,413.588,52327.9,8.28644e-08,468.111,63591.2,1e-08,529.814,76653.2,1e-08,599.642,91502.5,1e-08,678.662,107975,2.26339e-07,768.083,125705,3.69212e-07,869.267,144088,2.04077e-07,983.76,162277,1e-08,1113.3,179223,1e-08,1259.87,193777,1e-08,1425.68,204839,4.55555e-07,6.2823,3.27286,2.43537,0.219672,6.18826,2.24117,0.56371,6.87772,2.63624,0.308279,3,14,3,3,4,1,1,3,0,3,6,0,4,10,0,6,14,0,4,10,0,4,35,0,7,21,0,6,8,0,11,24,0,5,44,0,7,78,0,8,48,0,24,187,0,6,96,0,16,247,0,7,105,0,13,243,0,17,494,0,57,436,0,50,453,0,37,375,0,34,936,0,20,787,0,24,593,0,112,1854,0,85,3655,0,56,1912,0,159,2252,0,56,3598,0,84,2339,0,147,4420,0,130,3802,0,164,6850,0,176,15989,0,313,13551,0,219,26584,0,404,25865,0,255,42358,0,216,11661,0,418,73031,0,812,27991,0,742,69542,0,264,94594,0,651,90186,0,534,73727,0,849,86339,0,1334,183359,0,294,103685,0,2207,126334,0,1120,172358,0,1935,207645,0
-1.05176e+08,1,8.88811e-15,10,1023,0,1.05176e+08,0.528882,1.08665,0.389689,0.145397,0.379329,3.24381,0.161596,0.446195,1.77396,0.159177,1.15e+07,4.49998e+06,6.79999e+06,1.15e+07,4.49997e+06,6.79999e+06,1.15e+07,4.49996e+06,6.79999e+06,1.15e+07,4.49995e+06,6.79999e+06,1.14999e+07,4.49993e+06,6.79999e+06,1.14999e+07,4.49991e+06,6.79999e+06,1.14999e+07,4.49989e+06,6.79999e+06,1.14999e+07,4.49986e+06,6.79999e+06,1.14999e+07,4.49982e+06,6.79999e+06,1.14999e+07,4.49977e+06,6.79999e+06,1.14999e+07,4.49971e+06,6.79999e+06,1.14999e+07,4.49963e+06,6.79999e+06,1.14998e+07,4.49953e+06,6.79999e+06,1.14998e+07,4.49941e+06,6.79999e+06,1.14998e+07,4.49926e+06,6.79999e+06,1.14998e+07,4.49906e+06,6.79999e+06,1.14997e+07,4.49882e+06,6.79999e+06,1.14997e+07,4.49851e+06,6.79999e+06,1.14997e+07,4.49812e+06,6.79999e+06,1.14996e+07,4.49764e+06,6.79999e+06,1.14996e+07,4.49702e+06,6.79999e+06,1.14995e+07,4.49625e+06,6.79999e+06,1.14995e+07,4.49528e+06,6.79999e+06,1.14994e+07,4.49406e+06,6.79999e+06,1.14993e+07,4.49253e+06,6.79999e+06,1.14992e+07,4.49059e+06,6.79999e+06,1.14991e+07,4.48817e+06,6.79999e+06,1.1499e+07,4.48511e+06,6.79999e+06,1.14988e+07,4.48128e+06,6.79999e+06,1.14987e+07,4.47646e+06,6.79999e+06,1.14985e+07,4.47041e+06,6.79999e+06,1.14983e+07,4.46281e+06,6.79999e+06,1.14981e+07,4.4533e+06,6.79999e+06,1.14979e+07,4.44138e+06,6.79999e+06,1.14976e+07,4.42649e+06,6.79999e+06,1.14972e+07,4.40789e+06,6.79999e+06,1.14969e+07,4.38471e+06,6.79999e+06,1.14965e+07,4.35592e+06,6.79999e+06,1.1496e+07,4.32027e+06,6.79999e+06,1.14955e+07,4.27629e+06,6.79999e+06,1.14949e+07,4.22231e+06,6.79999e+06,1.14942e+07,4.15647e+06,6.79999e+06,1.14934e+07,4.07676e+06,6.79999e+06,1.14926e+07,3.98112e+06,6.79999e+06,1.14916e+07,3.86765e+06,6.79999e+06,1.14905e+07,3.73474e+06,6.79999e+06,1.14892e+07,3.58148e+06,6.79999e+06,1.14878e+07,3.40785e+06,6.79999e+06,1.14862e+07,3.21513e+06,6.79999e+06,1.14844e+07,3.00605e+06,6.79999e+06,1.14823e+07,2.7848e+06,6.79999e+06,1.148e+07,2.5568e+06,6.79999e+06,1.14773e+07,2.32825e+06,6.79999e+06,13.5742,8.52444,0.508366,16.8306,13.2585,0.162638,20.0035,17.569,0.0507846,23.2616,22.4214,0.0158319,26.7328,28.3297,0.00493498,30.5212,35.6974,0.00153831,34.7178,44.9473,0.000479527,39.4086,56.5822,0.000149456,44.6796,71.2245,4.66214e-05,50.6209,89.6543,1.45419e-05,57.3297,112.852,4.54748e-06,64.9129,142.051,1.43857e-06,73.4897,178.803,4.36618e-07,83.1934,225.062,1.40153e-07,94.1745,283.286,4.96378e-08,106.602,356.568,1.05434e-07,120.669,448.799,-6.49244e-08,136.59,564.873,1.70148e-07,154.611,710.948,-5.34594e-08,175.008,894.767,1.63407e-07,198.097,1126.06,8.04804e-08,224.231,1417.07,1.14667e-07,253.813,1783.15,-1.71227e-07,287.297,2243.62,-2.88466e-07,325.198,2822.67,-4.33651e-07,368.098,3550.67,7.9318e-08,416.657,4465.65,3.13319e-07,471.621,5615.16,3.4613e-07,533.835,7058.61,-1.19199e-07,604.255,8870.02,-2.79964e-07,683.962,11141.4,-2.30521e-07,774.182,13986.7,-2.55099e-07,876.299,17546.4,1.23585e-07,991.883,21993.1,1.41192e-07,1122.71,27536.7,-9.71886e-08,1270.78,34430.7,-3.68368e-07,1438.38,42977.7,-3.45379e-07,1628.07,53532.7,-3.25328e-09,1842.77,66504.6,2.6362e-07,2085.77,82350.2,2.53445e-07,2360.79,101560,-2.47407e-08,2672.05,124632,-3.80602e-07,3024.31,152018,-4.79005e-07,3422.98,184060,-1.14379e-07,3874.15,220884,2.64297e-07,4384.72,262283,3.44131e-07,4962.49,307576,7.5349e-08,5616.29,355497,-3.63097e-07,6356.1,404126,-6.05442e-07,7193.18,450932,-2.72333e-07,8140.28,492963,2.29675e-07,9211.79,527178,4.3387e-07,10424,550893,-1.0711e-07,10.102,8.06553,2.81012,10.6436,8.57909,0.869423,11.5336,10.2515,0.270869,12.7211,12.7138,0.0844293,14.1823,15.9373,0.0263173,15.9122,20.0383,0.0082035,17.9198,25.2154,0.00255722,20.2244,31.7373,0.000797017,22.8539,39.9486,0.000248622,25.8438,50.2851,7.75492e-05,29.237,63.2963,2.42508e-05,33.0837,79.6738,7.67162e-06,37.4415,100.288,2.32837e-06,42.3767,126.236,7.33e-07,47.9646,158.896,2.79256e-07,54.2906,200.003,9.87351e-09,61.452,251.741,1.61085e-07,69.5585,316.859,-2.47141e-07,78.7347,398.812,8.93552e-08,89.1218,501.948,-2.53231e-07,100.879,631.736,-1.25047e-07,114.188,795.049,-1.78808e-07,129.252,1000.53,2.6733e-07,146.304,1259.03,4.50292e-07,165.605,1584.19,6.76904e-07,187.452,1993.12,-1.23808e-07,212.181,2507.27,-4.89068e-07,240.173,3153.54,-5.40284e-07,271.856,3965.56,1.86061e-07,307.719,4985.38,4.37004e-07,348.313,6265.4,3.59828e-07,394.26,7870.83,3.98192e-07,446.268,9882.51,-1.92908e-07,505.135,12400.3,-2.20392e-07,571.766,15546.9,1.51705e-07,647.184,19472.2,5.74996e-07,732.547,24357.4,5.39112e-07,829.167,30420,5.07815e-09,938.526,37916.3,-4.11492e-07,1062.3,47143.9,-3.9561e-07,1202.4,58439.2,3.86185e-08,1360.96,72169.3,5.94093e-07,1540.42,88715.8,7.47693e-07,1743.53,108445,1.78537e-07,1973.41,131665,-4.12549e-07,2233.57,158557,-5.37164e-07,2528,189103,-1.17615e-07,2861.2,222986,5.66769e-07,3238.27,259510,9.45053e-07,3664.97,297540,4.25093e-07,4147.81,335497,-3.58506e-07,4694.17,371444,-6.7724e-07,5312.37,403256,1.67192e-07,1.61744,3.89446,9.84394,3.28846,7.5504,12.774,5.07607,11.7187,13.6844,7.03202,16.8147,13.9681,9.20215,23.1769,14.0566,11.6301,31.1672,14.0841,14.3598,41.2186,14.0927,17.4376,53.8688,14.0954,20.9137,69.7915,14.0962,24.8432,89.8341,14.0965,29.2879,115.063,14.0966,34.3168,146.819,14.0966,40.0078,186.792,14.0966,46.4487,237.107,14.0966,53.7388,300.44,14.0966,61.9903,380.158,14.0966,71.3301,480.499,14.0966,81.902,606.796,14.0966,93.8685,765.761,14.0966,107.414,965.837,14.0966,122.746,1217.65,14.0966,140.101,1534.57,14.0966,159.745,1933.41,14.0966,181.981,2435.3,14.0966,207.15,3066.85,14.0966,235.64,3861.46,14.0966,267.889,4861.11,14.0966,304.391,6118.54,14.0966,345.709,7699.91,14.0966,392.478,9688.22,14.0966,445.417,12187.5,14.0966,505.339,15327.7,14.0966,573.165,19271.6,14.0966,649.938,24222,14.0966,736.839,30430.9,14.0966,835.202,38211.5,14.0966,946.539,47950.3,14.0966,1072.56,60122.8,14.0966,1215.21,75309.9,14.0966,1376.66,94216.2,14.0966,1559.41,117688,14.0966,1766.26,146729,14.0966,2000.39,182510,14.0966,2265.39,226372,14.0966,2565.33,279806,14.0966,2904.81,344416,14.0966,3289.05,421845,14.0966,3723.93,513667,14.0966,4216.13,621231,14.0966,4773.18,745478,14.0966,5403.64,886744,14.0966,6117.15,1.04457e+06,14.0966,6924.63,1.2176e+06,14.0966,11.7194,11.96,12.6541,13.9321,16.1295,13.6434,16.6097,21.9702,13.9553,19.7532,29.5285,14.0526,23.3844,39.1143,14.0829,27.5423,51.2054,14.0923,32.2796,66.434,14.0953,37.662,85.6061,14.0962,43.7675,109.74,14.0965,50.687,140.119,14.0966,58.5249,178.359,14.0966,67.4005,226.493,14.0966,77.4493,287.08,14.0966,88.8254,363.343,14.0966,101.703,459.336,14.0966,116.281,580.161,14.0966,132.782,732.241,14.0966,151.46,923.655,14.0966,172.603,1164.57,14.0966,196.535,1467.79,14.0966,223.625,1849.39,14.0966,254.288,2329.62,14.0966,288.997,2933.93,14.0966,328.285,3694.33,14.0966,372.755,4651.04,14.0966,423.092,5854.57,14.0966,480.07,7368.38,14.0966,544.564,9272.08,14.0966,617.566,11665.5,14.0966,700.197,14673.6,14.0966,793.729,18452.9,14.0966,899.599,23198.6,14.0966,1019.43,29154.1,14.0966,1155.07,36622.3,14.0966,1308.6,45977.9,14.0966,1482.39,57683.7,14.0966,1679.09,72307.8,14.0966,1901.73,90542.8,14.0966,2153.73,113226,14.0966,2438.97,141360,14.0966,2761.81,176127,14.0966,3127.22,218898,14.0966,3540.81,271226,14.0966,4008.92,334817,14.0966,4538.74,411470,14.0966,5138.38,502973,14.0966,5817.04,610948,14.0966,6585.12,736653,14.0966,7454.39,880741,14.0966,8438.15,1.04302e+06,14.0966,9551.45,1.22224e+06,14.0966,10811.3,1.41602e+06,14.0966,12237,1.62086e+06,14.0966,11.7194,11.96,12.6541,2.21263,4.16949,0.989383,2.67766,5.84076,0.311842,3.14343,7.55825,0.0972771,3.63127,9.58578,0.0303237,4.15787,12.0912,0.00945211,4.73731,15.2286,0.00294633,5.38238,19.1721,0.000918508,6.10553,24.134,0.000286163,6.91951,30.3791,8.92692e-05,7.83792,38.2397,2.78121e-05,8.87555,48.1338,8.65134e-06,10.0489,60.5876,2.7882e-06,11.3761,76.2629,8.29036e-07,12.8779,95.9927,2.4373e-07,14.5775,120.825,4.33068e-09,16.5012,152.08,1.75749e-07,18.6784,191.415,-1.86328e-07,21.1428,240.917,1.91829e-07,23.9322,303.213,-1.81475e-07,27.0895,381.602,7.0186e-08,30.6634,480.231,-2.86769e-08,34.7087,604.316,2.40784e-07,39.2876,760.401,9.87368e-08,44.4705,956.705,1.22263e-07,50.3371,1203.54,-4.31966e-07,56.9776,1513.81,-1.9705e-07,64.494,1903.69,-2.763e-08,73.0018,2393.4,3.9185e-07,82.6317,3008.13,1.35379e-07,93.5318,3779.25,-4.16351e-08,105.869,4745.7,2.06965e-08,119.834,5955.6,-3.18887e-07,135.641,7468.12,-1.48271e-08,153.531,9355.62,2.00739e-07,173.781,11705.8,2.28358e-07,196.701,14624.1,-1.93587e-08,222.642,18235,-2.88101e-07,252.003,22683.4,-2.24732e-07,285.234,28134,8.56806e-09,322.845,34767,2.34258e-07,365.413,42770.9,2.99668e-07,413.588,52327.9,8.28644e-08,468.111,63591.2,-3.07049e-07,529.814,76653.2,-3.1888e-07,599.642,91502.5,-6.72276e-08,678.662,107975,2.26339e-07,768.083,125705,3.69212e-07,869.267,144088,2.04077e-07,983.76,162277,-2.80509e-07,1113.3,179223,-4.22737e-07,1259.87,193777,-1.71951e-07,1425.68,204839,4.55555e-07,11.7194,11.96,12.6541,2.21263,4.16949,0.989383,2.67766,5.84076,0.311842,3.14343,7.55825,0.0972771,3.63127,9.58578,0.0303237,4.15787,12.0912,0.00945211,4.73731,15.2286,0.00294633,5.38238,19.1721,0.000918508,6.10553,24.134,0.000286163,6.91951,30.3791,8.92692e-05,7.83792,38.2397,2.78121e-05,8.87555,48.1338,8.65134e-06,10.0489,60.5876,2.7882e-06,11.3761,76.2629,8.29036e-07,12.8779,95.9927,2.4373e-07,14.5775,120.825,1e-08,16.5012,152.08,1.75749e-07,18.6784,191.415,1e-08,21.1428,240.917,1.91829e-07,23.9322,303.213,1e-08,27.0895,381.602,7.0186e-08,30.6634,480.231,1e-08,34.7087,604.316,2.40784e-07,39.2876,760.401,9.87368e-08,44.4705,956.705,1.22263e-07,50.3371,1203.54,1e-08,56.9776,1513.81,1e-08,64.494,1903.69,1e-08,73.0018,2393.4,3.9185e-07,82.6317,3008.13,1.35379e-07,93.5318,3779.25,1e-08,105.869,4745.7,2.06965e-08,119.834,5955.6,1e-08,135.641,7468.12,1e-08,153.531,9355.62,2.00739e-07,173.781,11705.8,2.28358e-07,196.701,14624.1,1e-08,222.642,18235,1e-08,252.003,22683.4,1e-08,285.234,28134,1e-08,322.845,34767,2.34258e-07,365.413,42770.9,2.99668e-07,413.588,52327.9,8.28644e-08,468.111,63591.2,1e-08,529.814,76653.2,1e-08,599.642,91502.5,1e-08,678.662,107975,2.26339e-07,768.083,125705,3.69212e-07,869.267,144088,2.04077e-07,983.76,162277,1e-08,1113.3,179223,1e-08,1259.87,193777,1e-08,1425.68,204839,4.55555e-07,6.2823,3.27286,2.43537,0.219672,6.18826,2.24117,0.56371,6.87772,2.63624,0.308279,15,3,9,1,4,3,1,9,0,4,9,0,2,6,0,2,10,0,10,20,0,5,25,0,3,9,0,6,33,0,4,29,0,5,55,0,9,68,0,18,79,0,10,65,0,20,98,0,26,151,0,22,349,0,12,474,0,37,205,0,19,204,0,50,582,0,29,552,0,45,260,0,26,1564,0,51,1122,0,105,1290,0,33,800,0,51,2011,0,120,2844,0,105,2561,0,148,4585,0,100,3806,0,150,7789,0,176,8981,0,175,10105,0,322,8048,0,123,17301,0,183,18057,0,238,29953,0,388,25694,0,112,42387,0,381,67682,0,646,77843,0,574,97792,0,717,48466,0,533,57212,0,716,75717,0,390,153682,0,738,190135,0,505,192406,0,1639,298732,0,1108,193948,0
-1.05176e+08,1,8.88811e-15,10,1023,0,1.05176e+08,0.528882,1.08665,0.389689,0.145397,0.379329,3.24381,0.161596,0.446195,1.77396,0.159177,1.15e+07,4.49998e+06,6.79999e+06,1.15e+07,4.49997e+06,6.79999e+06,1.15e+07,4.49996e+06,6.79999e+06,1.15e+07,4.49995e+06,6.79999e+06,1.14999e+07,4.49993e+06,6.79999e+06,1.14999e+07,4.49991e+06,6.79999e+06,1.14999e+07,4.49989e+06,6.79999e+06,1.14999e+07,4.49986e+06,6.79999e+06,1.14999e+07,4.49982e+06,6.79999e+06,1.14999e+07,4.49977e+06,6.79999e+06,1.14999e+07,4.49971e+06,6.79999e+06,1.14999e+07,4.49963e+06,6.79999e+06,1.14998e+07,4.49953e+06,6.79999e+06,1.14998e+07,4.49941e+06,6.79999e+06,1.14998e+07,4.49926e+06,6.79999e+06,1.14998e+07,4.49906e+06,6.79999e+06,1.14997e+07,4.49882e+06,6.79999e+06,1.14997e+07,4.49851e+06,6.79999e+06,1.14997e+07,4.49812e+06,6.79999e+06,1.14996e+07,4.49764e+06,6.79999e+06,1.14996e+07,4.49702e+06,6.79999e+06,1.14995e+07,4.49625e+06,6.79999e+06,1.14995e+07,4.49528e+06,6.79999e+06,1.14994e+07,4.49406e+06,6.79999e+06,1.14993e+07,4.49253e+06,6.79999e+06,1.14992e+07,4.49059e+06,6.79999e+06,1.14991e+07,4.48817e+06,6.79999e+06,1.1499e+07,4.48511e+06,6.79999e+06,1.14988e+07,4.48128e+06,6.79999e+06,1.14987e+07,4.47646e+06,6.79999e+06,1.14985e+07,4.47041e+06,6.79999e+06,1.14983e+07,4.46281e+06,6.79999e+06,1.14981e+07,4.4533e+06,6.79999e+06,1.14979e+07,4.44138e+06,6.79999e+06,1.14976e+07,4.42649e+06,6.79999e+06,1.14972e+07,4.40789e+06,6.79999e+06,1.14969e+07,4.38471e+06,6.79999e+06,1.14965e+07,4.35592e+06,6.79999e+06,1.1496e+07,4.32027e+06,6.79999e+06,1.14955e+07,4.27629e+06,6.79999e+06,1.14949e+07,4.22231e+06,6.79999e+06,1.14942e+07,4.15647e+06,6.79999e+06,1.14934e+07,4.07676e+06,6.79999e+06,1.14926e+07,3.98112e+06,6.79999e+06,1.14916e+07,3.86765e+06,6.79999e+06,1.14905e+07,3.73474e+06,6.79999e+06,1.14892e+07,3.58148e+06,6.79999e+06,1.14878e+07,3.40785e+06,6.79999e+06,1.14862e+07,3.21513e+06,6.79999e+06,1.14844e+07,3.00605e+06,6.79999e+06,1.14823e+07,2.7848e+06,6.79999e+06,1.148e+07,2.5568e+06,6.79999e+06,1.14773e+07,2.32825e+06,6.79999e+06,13.5742,8.52444,0.508366,16.8306,13.2585,0.162638,20.0035,17.569,0.0507846,23.2616,22.4214,0.0158319,26.7328,28.3297,0.00493498,30.5212,35.6974,0.00153831,34.7178,44.9473,0.000479527,39.4086,56.5822,0.000149456,44.6796,71.2245,4.66214e-05,50.6209,89.6543,1.45419e-05,57.3297,112.852,4.54748e-06,64.9129,142.051,1.43857e-06,73.4897,178.803,4.36618e-07,83.1934,225.062,1.40153e-07,94.1745,283.286,4.96378e-08,106.602,356.568,1.05434e-07,120.669,448.799,-6.49244e-08,136.59,564.873,1.70148e-07,154.611,710.948,-5.34594e-08,175.008,894.767,1.63407e-07,198.097,1126.06,8.04804e-08,224.231,1417.07,1.14667e-07,253.813,1783.15,-1.71227e-07,287.297,2243.62,-2.88466e-07,325.198,2822.67,-4.33651e-07,368.098,3550.67,7.9318e-08,416.657,4465.65,3.13319e-07,471.621,5615.16,3.4613e-07,533.835,7058.61,-1.19199e-07,604.255,8870.02,-2.79964e-07,683.962,11141.4,-2.30521e-07,774.182,13986.7,-2.55099e-07,876.299,17546.4,1.23585e-07,991.883,21993.1,1.41192e-07,1122.71,27536.7,-9.71886e-08,1270.78,34430.7,-3.68368e-07,1438.38,42977.7,-3.45379e-07,1628.07,53532.7,-3.25328e-09,1842.77,66504.6,2.6362e-07,2085.77,82350.2,2.53445e-07,2360.79,101560,-2.47407e-08,2672.05,124632,-3.80602e-07,3024.31,152018,-4.79005e-07,3422.98,184060,-1.14379e-07,3874.15,220884,2.64297e-07,4384.72,262283,3.44131e-07,4962.49,307576,7.5349e-08,5616.29,355497,-3.63097e-07,6356.1,404126,-6.05442e-07,7193.18,450932,-2.72333e-07,8140.28,492963,2.29675e-07,9211.79,527178,4.3387e-07,10424,550893,-1.0711e-07,10.102,8.06553,2.81012,10.6436,8.57909,0.869423,11.5336,10.2515,0.270869,12.7211,12.7138,0.0844293,14.1823,15.9373,0.0263173,15.9122,20.0383,0.0082035,17.9198,25.2154,0.00255722,20.2244,31.7373,0.000797017,22.8539,39.9486,0.000248622,25.8438,50.2851,7.75492e-05,29.237,63.2963,2.42508e-05,33.0837,79.6738,7.67162e-06,37.4415,100.288,2.32837e-06,42.3767,126.236,7.33e-07,47.9646,158.896,2.79256e-07,54.2906,200.003,9.87351e-09,61.452,251.741,1.61085e-07,69.5585,316.859,-2.47141e-07,78.7347,398.812,8.93552e-08,89.1218,501.948,-2.53231e-07,100.879,631.736,-1.25047e-07,114.188,795.049,-1.78808e-07,129.252,1000.53,2.6733e-07,146.304,1259.03,4.50292e-07,165.605,1584.19,6.76904e-07,187.452,1993.12,-1.23808e-07,212.181,2507.27,-4.89068e-07,240.173,3153.54,-5.40284e-07,271.856,3965.56,1.86061e-07,307.719,4985.38,4.37004e-07,348.313,6265.4,3.59828e-07,394.26,7870.83,3.98192e-07,446.268,9882.51,-1.92908e-07,505.135,12400.3,-2.20392e-07,571.766,15546.9,1.51705e-07,647.184,19472.2,5.74996e-07,732.547,24357.4,5.39112e-07,829.167,30420,5.07815e-09,938.526,37916.3,-4.11492e-07,1062.3,47143.9,-3.9561e-07,1202.4,58439.2,3.86185e-08,1360.96,72169.3,5.94093e-07,1540.42,88715.8,7.47693e-07,1743.53,108445,1.78537e-07,1973.41,131665,-4.12549e-07,2233.57,158557,-5.37164e-07,2528,189103,-1.17615e-07,2861.2,222986,5.66769e-07,3238.27,259510,9.45053e-07,3664.97,297540,4.25093e-07,4147.81,335497,-3.58506e-07,4694.17,371444,-6.7724e-07,5312.37,403256,1.67192e-07,1.61744,3.89446,9.84394,3.28846,7.5504,12.774,5.07607,11.7187,13.6844,7.03202,16.8147,13.9681,9.20215,23.1769,14.0566,11.6301,31.1672,14.0841,14.3598,41.2186,14.0927,17.4376,53.8688,14.0954,20.9137,69.7915,14.0962,24.8432,89.8341,14.0965,29.2879,115.063,14.0966,34.3168,146.819,14.0966,40.0078,186.792,14.0966,46.4487,237.107,14.0966,53.7388,300.44,14.0966,61.9903,380.158,14.0966,71.3301,480.499,14.0966,81.902,606.796,14.0966,93.8685,765.761,14.0966,107.414,965.837,14.0966,122.746,1217.65,14.0966,140.101,1534.57,14.0966,159.745,1933.41,14.0966,181.981,2435.3,14.0966,207.15,3066.85,14.0966,235.64,3861.46,14.0966,267.889,4861.11,14.0966,304.391,6118.54,14.0966,345.709,7699.91,14.0966,392.478,9688.22,14.0966,445.417,12187.5,14.0966,505.339,15327.7,14.0966,573.165,19271.6,14.0966,649.938,24222,14.0966,736.839,30430.9,14.0966,835.202,38211.5,14.0966,946.539,47950.3,14.0966,1072.56,60122.8,14.0966,1215.21,75309.9,14.0966,1376.66,94216.2,14.0966,1559.41,117688,14.0966,1766.26,146729,14.0966,2000.39,182510,14.0966,2265.39,226372,14.0966,2565.33,279806,14.0966,2904.81,344416,14.0966,3289.05,421845,14.0966,3723.93,513667,14.0966,4216.13,621231,14.0966,4773.18,745478,14.0966,5403.64,886744,14.0966,6117.15,1.04457e+06,14.0966,6924.63,1.2176e+06,14.0966,11.7194,11.96,12.6541,13.9321,16.1295,13.6434,16.6097,21.9702,13.9553,19.7532,29.5285,14.0526,23.3844,39.1143,14.0829,27.5423,51.2054,14.0923,32.2796,66.434,14.0953,37.662,85.6061,14.0962,43.7675,109.74,14.0965,50.687,140.119,14.0966,58.5249,178.359,14.0966,67.4005,226.493,14.0966,77.4493,287.08,14.0966,88.8254,363.343,14.0966,101.703,459.336,14.0966,116.281,580.161,14.0966,132.782,732.241,14.0966,151.46,923.655,14.0966,172.603,1164.57,14.0966,196.535,1467.79,14.0966,223.625,1849.39,14.0966,254.288,2329.62,14.0966,288.997,2933.93,14.0966,328.285,3694.33,14.0966,372.755,4651.04,14.0966,423.092,5854.57,14.0966,480.07,7368.38,14.0966,544.564,9272.08,14.0966,617.566,11665.5,14.0966,700.197,14673.6,14.0966,793.729,18452.9,14.0966,899.599,23198.6,14.0966,1019.43,29154.1,14.0966,1155.07,36622.3,14.0966,1308.6,45977.9,14.0966,1482.39,57683.7,14.0966,1679.09,72307.8,14.0966,1901.73,90542.8,14.0966,2153.73,113226,14.0966,2438.97,141360,14.0966,2761.81,176127,14.0966,3127.22,218898,14.0966,3540.81,271226,14.0966,4008.92,334817,14.0966,4538.74,411470,14.0966,5138.38,502973,14.0966,5817.04,610948,14.0966,6585.12,736653,14.0966,7454.39,880741,14.0966,8438.15,1.04302e+06,14.0966,9551.45,1.22224e+06,14.0966,10811.3,1.41602e+06,14.0966,12237,1.62086e+06,14.0966,11.7194,11.96,12.6541,2.21263,4.16949,0.989383,2.67766,5.84076,0.311842,3.14343,7.55825,0.0972771,3.63127,9.58578,0.0303237,4.15787,12.0912,0.00945211,4.73731,15.2286,0.00294633,5.38238,19.1721,0.000918508,6.10553,24.134,0.000286163,6.91951,30.3791,8.92692e-05,7.83792,38.2397,2.78121e-05,8.87555,48.1338,8.65134e-06,10.0489,60.5876,2.7882e-06,11.3761,76.2629,8.29036e-07,12.8779,95.9927,2.4373e-07,14.5775,120.825,4.33068e-09,16.5012,152.08,1.75749e-07,18.6784,191.415,-1.86328e-07,21.1428,240.917,1.91829e-07,23.9322,303.213,-1.81475e-07,27.0895,381.602,7.0186e-08,30.6634,480.231,-2.86769e-08,34.7087,604.316,2.40784e-07,39.2876,760.401,9.87368e-08,44.4705,956.705,1.22263e-07,50.3371,1203.54,-4.31966e-07,56.9776,1513.81,-1.9705e-07,64.494,1903.69,-2.763e-08,73.0018,2393.4,3.9185e-07,82.6317,3008.13,1.35379e-07,93.5318,3779.25,-4.16351e-08,105.869,4745.7,2.06965e-08,119.834,5955.6,-3.18887e-07,135.641,7468.12,-1.48271e-08,153.531,9355.62,2.00739e-07,173.781,11705.8,2.28358e-07,196.701,14624.1,-1.93587e-08,222.642,18235,-2.88101e-07,252.003,22683.4,-2.24732e-07,285.234,28134,8.56806e-09,322.845,34767,2.34258e-07,365.413,42770.9,2.99668e-07,413.588,52327.9,8.28644e-08,468.111,63591.2,-3.07049e-07,529.814,76653.2,-3.1888e-07,599.642,91502.5,-6.72276e-08,678.662,107975,2.26339e-07,768.083,125705,3.69212e-07,869.267,144088,2.04077e-07,983.76,162277,-2.80509e-07,1113.3,179223,-4.22737e-07,1259.87,193777,-1.71951e-07,1425.68,204839,4.55555e-07,11.7194,11.96,12.6541,2.21263,4.16949,0.989383,2.67766,5.84076,0.311842,3.14343,7.55825,0.0972771,3.63127,9.58578,0.0303237,4.15787,12.0912,0.00945211,4.73731,15.2286,0.00294633,5.38238,19.1721,0.000918508,6.10553,24.134,0.000286163,6.91951,30.3791,8.92692e-05,7.83792,38.2397,2.78121e-05,8.87555,48.1338,8.65134e-06,10.0489,60.5876,2.7882e-06,11.3761,76.2629,8.29036e-07,12.8779,95.9927,2.4373e-07,14.5775,120.825,1e-08,16.5012,152.08,1.75749e-07,18.6784,191.415,1e-08,21.1428,240.917,1.91829e-07,23.9322,303.213,1e-08,27.0895,381.602,7.0186e-08,30.6634,480.231,1e-08,34.7087,604.316,2.40784e-07,39.2876,760.401,9.87368e-08,44.4705,956.705,1.22263e-07,50.3371,1203.54,1e-08,56.9776,1513.81,1e-08,64.494,1903.69,1e-08,73.0018,2393.4,3.9185e-07,82.6317,3008.13,1.35379e-07,93.5318,3779.25,1e-08,105.869,4745.7,2.06965e-08,119.834,5955.6,1e-08,135.641,7468.12,1e-08,153.531,9355.62,2.00739e-07,173.781,11705.8,2.28358e-07,196.701,14624.1,1e-08,222.642,18235,1e-08,252.003,22683.4,1e-08,285.234,28134,1e-08,322.845,34767,2.34258e-07,365.413,42770.9,2.99668e-07,413.588,52327.9,8.28644e-08,468.111,63591.2,1e-08,529.814,76653.2,1e-08,599.642,91502.5,1e-08,678.662,107975,2.26339e-07,768.083,125705,3.69212e-07,869.267,144088,2.04077e-07,983.76,162277,1e-08,1113.3,179223,1e-08,1259.87,193777,1e-08,1425.68,204839,4.55555e-07,6.2823,3.27286,2.43537,0.219672,6.18826,2.24117,0.56371,6.87772,2.63624,0.308279,9,14,9,1,2,3,1,4,0,0,5,0,0,5,0,0,9,0,5,12,0,3,22,0,12,15,0,0,30,0,12,56,0,9,41,0,7,33,0,10,16,0,20,103,0,16,86,0,45,99,0,17,192,0,33,74,0,26,241,0,14,302,0,24,522,0,48,920,0,26,886,0,43,815,0,42,758,0,20,2277,0,42,2485,0,38,2189,0,98,4098,0,180,1893,0,136,3269,0,148,4601,0,118,11567,0,102,6697,0,133,10689,0,145,13724,0,217,24798,0,253,43571,0,222,32688,0,390,40548,0,598,67524,0,502,59833,0,815,49867,0,350,124692,0,1223,87028,0,1090,50382,0,1116,110229,0,1578,88816,0,1310,93763,0,829,138352,0,1950,186452,0,1193,232628,0
-1.05176e+08,1,8.88811e-15,10,1023,0,1.05176e+08,0.528882,1.08665,0.389689,0.145397,0.379329,3.24381,0.161596,0.446195,1.77396,0.159177,1.15e+07,4.49998e+06,6.79999e+06,1.15e+07,4.49997e+06,6.79999e+06,1.15e+07,4.49996e+06,6.79999e+06,1.15e+07,4.49995e+06,6.79999e+06,1.14999e+07,4.49993e+06,6.79999e+06,1.14999e+07,4.49991e+06,6.79999e+06,1.14999e+07,4.49989e+06,6.79999e+06,1.14999e+07,4.49986e+06,6.79999e+06,1.14999e+07,4.49982e+06,6.79999e+06,1.14999e+07,4.49977e+06,6.79999e+06,1.14999e+07,4.49971e+06,6.79999e+06,1.14999e+07,4.49963e+06,6.79999e+06,1.14998e+07,4.49953e+06,6.79999e+06,1.14998e+07,4.49941e+06,6.79999e+06,1.14998e+07,4.49926e+06,6.79999e+06,1.14998e+07,4.49906e+06,6.79999e+06,1.14997e+07,4.49882e+06,6.79999e+06,1.14997e+07,4.49851e+06,6.79999e+06,1.14997e+07,4.49812e+06,6.79999e+06,1.14996e+07,4.49764e+06,6.79999e+06,1.14996e+07,4.49702e+06,6.79999e+06,1.14995e+07,4.49625e+06,6.79999e+06,1.14995e+07,4.49528e+06,6.79999e+06,1.14994e+07,4.49406e+06,6.79999e+06,1.14993e+07,4.49253e+06,6.79999e+06,1.14992e+07,4.49059e+06,6.79999e+06,1.14991e+07,4.48817e+06,6.79999e+06,1.1499e+07,4.48511e+06,6.79999e+06,1.14988e+07,4.48128e+06,6.79999e+06,1.14987e+07,4.47646e+06,6.79999e+06,1.14985e+07,4.47041e+06,6.79999e+06,1.14983e+07,4.46281e+06,6.79999e+06,1.14981e+07,4.4533e+06,6.79999e+06,1.14979e+07,4.44138e+06,6.79999e+06,1.14976e+07,4.42649e+06,6.79999e+06,1.14972e+07,4.40789e+06,6.79999e+06,1.14969e+07,4.38471e+06,6.79999e+06,1.14965e+07,4.35592e+06,6.79999e+06,1.1496e+07,4.32027e+06,6.79999e+06,1.14955e+07,4.27629e+06,6.79999e+06,1.14949e+07,4.22231e+06,6.79999e+06,1.14942e+07,4.15647e+06,6.79999e+06,1.14934e+07,4.07676e+06,6.79999e+06,1.14926e+07,3.98112e+06,6.79999e+06,1.14916e+07,3.86765e+06,6.79999e+06,1.14905e+07,3.73474e+06,6.79999e+06,1.14892e+07,3.58148e+06,6.79999e+06,1.14878e+07,3.40785e+06,6.79999e+06,1.14862e+07,3.21513e+06,6.79999e+06,1.14844e+07,3.00605e+06,6.79999e+06,1.14823e+07,2.7848e+06,6.79999e+06,1.148e+07,2.5568e+06,6.79999e+06,1.14773e+07,2.32825e+06,6.79999e+06,13.5742,8.52444,0.508366,16.8306,13.2585,0.162638,20.0035,17.569,0.0507846,23.2616,22.4214,0.0158319,26.7328,28.3297,0.00493498,30.5212,35.6974,0.00153831,34.7178,44.9473,0.000479527,39.4086,56.5822,0.000149456,44.6796,71.2245,4.66214e-05,50.6209,89.6543,1.45419e-05,57.3297,112.852,4.54748e-06,64.9129,142.051,1.43857e-06,73.4897,178.803,4.36618e-07,83.1934,225.062,1.40153e-07,94.1745,283.286,4.96378e-08,106.602,356.568,1.05434e-07,120.669,448.799,-6.49244e-08,136.59,564.873,1.70148e-07,154.611,710.948,-5.34594e-08,175.008,894.767,1.63407e-07,198.097,1126.06,8.04804e-08,224.231,1417.07,1.14667e-07,253.813,1783.15,-1.71227e-07,287.297,2243.62,-2.88466e-07,325.198,2822.67,-4.33651e-07,368.098,3550.67,7.9318e-08,416.657,4465.65,3.13319e-07,471.621,5615.16,3.4613e-07,533.835,7058.61,-1.19199e-07,604.255,8870.02,-2.79964e-07,683.962,11141.4,-2.30521e-07,774.182,13986.7,-2.55099e-07,876.299,17546.4,1.23585e-07,991.883,21993.1,1.41192e-07,1122.71,27536.7,-9.71886e-08,1270.78,34430.7,-3.68368e-07,1438.38,42977.7,-3.45379e-07,1628.07,53532.7,-3.25328e-09,1842.77,66504.6,2.6362e-07,2085.77,82350.2,2.53445e-07,2360.79,101560,-2.47407e-08,2672.05,124632,-3.80602e-07,3024.31,152018,-4.79005e-07,3422.98,184060,-1.14379e-07,3874.15,220884,2.64297e-07,4384.72,262283,3.44131e-07,4962.49,307576,7.5349e-08,5616.29,355497,-3.63097e-07,6356.1,404126,-6.05442e-07,7193.18,450932,-2.72333e-07,8140.28,492963,2.29675e-07,9211.79,527178,4.3387e-07,10424,550893,-1.0711e-07,10.102,8.06553,2.81012,10.6436,8.57909,0.869423,11.5336,10.2515,0.270869,12.7211,12.7138,0.0844293,14.1823,15.9373,0.0263173,15.9122,20.0383,0.0082035,17.9198,25.2154,0.00255722,20.2244,31.7373,0.000797017,22.8539,39.9486,0.000248622,25.8438,50.2851,7.75492e-05,29.237,63.2963,2.42508e-05,33.0837,79.6738,7.67162e-06,37.4415,100.288,2.32837e-06,42.3767,126.236,7.33e-07,47.9646,158.896,2.79256e-07,54.2906,200.003,9.87351e-09,61.452,251.741,1.61085e-07,69.5585,316.859,-2.47141e-07,78.7347,398.812,8.93552e-08,89.1218,501.948,-2.53231e-07,100.879,631.736,-1.25047e-07,114.188,795.049,-1.78808e-07,129.252,1000.53,2.6733e-07,146.304,1259.03,4.50292e-07,165.605,1584.19,6.76904e-07,187.452,1993.12,-1.23808e-07,212.181,2507.27,-4.89068e-07,240.173,3153.54,-5.40284e-07,271.856,3965.56,1.86061e-07,307.719,4985.38,4.37004e-07,348.313,6265.4,3.59828e-07,394.26,7870.83,3.98192e-07,446.268,9882.51,-1.92908e-07,505.135,12400.3,-2.20392e-07,571.766,15546.9,1.51705e-07,647.184,19472.2,5.74996e-07,732.547,24357.4,5.39112e-07,829.167,30420,5.07815e-09,938.526,37916.3,-4.11492e-07,1062.3,47143.9,-3.9561e-07,1202.4,58439.2,3.86185e-08,1360.96,72169.3,5.94093e-07,1540.42,88715.8,7.47693e-07,1743.53,108445,1.78537e-07,1973.41,131665,-4.12549e-07,2233.57,158557,-5.37164e-07,2528,189103,-1.17615e-07,2861.2,222986,5.66769e-07,3238.27,259510,9.45053e-07,3664.97,297540,4.25093e-07,4147.81,335497,-3.58506e-07,4694.17,371444,-6.7724e-07,5312.37,403256,1.67192e-07,1.61744,3.89446,9.84394,3.28846,7.5504,12.774,5.07607,11.7187,13.6844,7.03202,16.8147,13.9681,9.20215,23.1769,14.0566,11.6301,31.1672,14.0841,14.3598,41.2186,14.0927,17.4376,53.8688,14.0954,20.9137,69.7915,14.0962,24.8432,89.8341,14.0965,29.2879,115.063,14.0966,34.3168,146.819,14.0966,40.0078,186.792,14.0966,46.4487,237.107,14.0966,53.7388,300.44,14.0966,61.9903,380.158,14.0966,71.3301,480.499,14.0966,81.902,606.796,14.0966,93.8685,765.761,14.0966,107.414,965.837,14.0966,122.746,1217.65,14.0966,140.101,1534.57,14.0966,159.745,1933.41,14.0966,181.981,2435.3,14.0966,207.15,3066.85,14.0966,235.64,3861.46,14.0966,267.889,4861.11,14.0966,304.391,6118.54,14.0966,345.709,7699.91,14.0966,392.478,9688.22,14.0966,445.417,12187.5,14.0966,505.339,15327.7,14.0966,573.165,19271.6,14.0966,649.938,24222,14.0966,736.839,30430.9,14.0966,835.202,38211.5,14.0966,946.539,47950.3,14.0966,1072.56,60122.8,14.0966,1215.21,75309.9,14.0966,1376.66,94216.2,14.0966,1559.41,117688,14.0966,1766.26,146729,14.0966,2000.39,182510,14.0966,2265.39,226372,14.0966,2565.33,279806,14.0966,2904.81,344416,14.0966,3289.05,421845,14.0966,3723.93,513667,14.0966,4216.13,621231,14.0966,4773.18,745478,14.0966,5403.64,886744,14.0966,6117.15,1.04457e+06,14.0966,6924.63,1.2176e+06,14.0966,11.7194,11.96,12.6541,13.9321,16.1295,13.6434,16.6097,21.9702,13.9553,19.7532,29.5285,14.0526,23.3844,39.1143,14.0829,27.5423,51.2054,14.0923,32.2796,66.434,14.0953,37.662,85.6061,14.0962,43.7675,109.74,14.0965,50.687,140.119,14.0966,58.5249,178.359,14.0966,67.4005,226.493,14.0966,77.4493,287.08,14.0966,88.8254,363.343,14.0966,101.703,459.336,14.0966,116.281,580.161,14.0966,132.782,732.241,14.0966,151.46,923.655,14.0966,172.603,1164.57,14.0966,196.535,1467.79,14.0966,223.625,1849.39,14.0966,254.288,2329.62,14.0966,288.997,2933.93,14.0966,328.285,3694.33,14.0966,372.755,4651.04,14.0966,423.092,5854.57,14.0966,480.07,7368.38,14.0966,544.564,9272.08,14.0966,617.566,11665.5,14.0966,700.197,14673.6,14.0966,793.729,18452.9,14.0966,899.599,23198.6,14.0966,1019.43,29154.1,14.0966,1155.07,36622.3,14.0966,1308.6,45977.9,14.0966,1482.39,57683.7,14.0966,1679.09,72307.8,14.0966,1901.73,90542.8,14.0966,2153.73,113226,14.0966,2438.97,141360,14.0966,2761.81,176127,14.0966,3127.22,218898,14.0966,3540.81,271226,14.0966,4008.92,334817,14.0966,4538.74,411470,14.0966,5138.38,502973,14.0966,5817.04,610948,14.0966,6585.12,736653,14.0966,7454.39,880741,14.0966,8438.15,1.04302e+06,14.0966,9551.45,1.22224e+06,14.0966,10811.3,1.41602e+06,14.0966,12237,1.62086e+06,14.0966,11.7194,11.96,12.6541,2.21263,4.16949,0.989383,2.67766,5.84076,0.311842,3.14343,7.55825,0.0972771,3.63127,9.58578,0.0303237,4.15787,12.0912,0.00945211,4.73731,15.2286,0.00294633,5.38238,19.1721,0.000918508,6.10553,24.134,0.000286163,6.91951,30.3791,8.92692e-05,7.83792,38.2397,2.78121e-05,8.87555,48.1338,8.65134e-06,10.0489,60.5876,2.7882e-06,11.3761,76.2629,8.29036e-07,12.8779,95.9927,2.4373e-07,14.5775,120.825,4.33068e-09,16.5012,152.08,1.75749e-07,18.6784,191.415,-1.86328e-07,21.1428,240.917,1.91829e-07,23.9322,303.213,-1.81475e-07,27.0895,381.602,7.0186e-08,30.6634,480.231,-2.86769e-08,34.7087,604.316,2.40784e-07,39.2876,760.401,9.87368e-08,44.4705,956.705,1.22263e-07,50.3371,1203.54,-4.31966e-07,56.9776,1513.81,-1.9705e-07,64.494,1903.69,-2.763e-08,73.0018,2393.4,3.9185e-07,82.6317,3008.13,1.35379e-07,93.5318,3779.25,-4.16351e-08,105.869,4745.7,2.06965e-08,119.834,5955.6,-3.18887e-07,135.641,7468.12,-1.48271e-08,153.531,9355.62,2.00739e-07,173.781,11705.8,2.28358e-07,196.701,14624.1,-1.93587e-08,222.642,18235,-2.88101e-07,252.003,22683.4,-2.24732e-07,285.234,28134,8.56806e-09,322.845,34767,2.34258e-07,365.413,42770.9,2.99668e-07,413.588,52327.9,8.28644e-08,468.111,63591.2,-3.07049e-07,529.814,76653.2,-3.1888e-07,599.642,91502.5,-6.72276e-08,678.662,107975,2.26339e-07,768.083,125705,3.69212e-07,869.267,144088,2.04077e-07,983.76,162277,-2.80509e-07,1113.3,179223,-4.22737e-07,1259.87,193777,-1.71951e-07,1425.68,204839,4.55555e-07,11.7194,11.96,12.6541,2.21263,4.16949,0.989383,2.67766,5.84076,0.311842,3.14343,7.55825,0.0972771,3.63127,9.58578,0.0303237,4.15787,12.0912,0.00945211,4.73731,15.2286,0.00294633,5.38238,19.1721,0.000918508,6.10553,24.134,0.000286163,6.91951,30.3791,8.92692e-05,7.83792,38.2397,2.78121e-05,8.87555,48.1338,8.65134e-06,10.0489,60.5876,2.7882e-06,11.3761,76.2629,8.29036e-07,12.8779,95.9927,2.4373e-07,14.5775,120.825,1e-08,16.5012,152.08,1.75749e-07,18.6784,191.415,1e-08,21.1428,240.917,1.91829e-07,23.9322,303.213,1e-08,27.0895,381.602,7.0186e-08,30.6634,480.231,1e-08,34.7087,604.316,2.40784e-07,39.2876,760.401,9.87368e-08,44.4705,956.705,1.22263e-07,50.3371,1203.54,1e-08,56.9776,1513.81,1e-08,64.494,1903.69,1e-08,73.0018,2393.4,3.9185e-07,82.6317,3008.13,1.35379e-07,93.5318,3779.25,1e-08,105.869,4745.7,2.06965e-08,119.834,5955.6,1e-08,135.641,7468.12,1e-08,153.531,9355.62,2.00739e-07,173.781,11705.8,2.28358e-07,196.701,14624.1,1e-08,222.642,18235,1e-08,252.003,22683.4,1e-08,285.234,28134,1e-08,322.845,34767,2.34258e-07,365.413,42770.9,2.99668e-07,413.588,52327.9,8.28644e-08,468.111,63591.2,1e-08,529.814,76653.2,1e-08,599.642,91502.5,1e-08,678.662,107975,2.26339e-07,768.083,125705,3.69212e-07,869.267,144088,2.04077e-07,983.76,162277,1e-08,1113.3,179223,1e-08,1259.87,193777,1e-08,1425.68,204839,4.55555e-07,6.2823,3.27286,2.43537,0.219672,6.18826,2.24117,0.56371,6.87772,2.63624,0.308279,12,24,16,1,7,2,4,4,0,2,8,0,1,5,0,7,10,0,4,32,0,9,21,0,3,33,0,4,21,0,8,56,0,6,87,0,8,57,0,20,33,0,15,183,0,5,81,0,10,161,0,18,155,0,11,111,0,22,291,0,27,403,0,20,542,0,29,582,0,30,951,0,28,313,0,59,1506,0,44,644,0,68,1775,0,123,2575,0,143,3569,0,104,4241,0,92,5217,0,171,3210,0,73,5957,0,166,6720,0,146,14148,0,178,11465,0,93,18224,0,222,15143,0,178,42659,0,154,29053,0,326,29264,0,458,56118,0,569,81075,0,517,99484,0,525,56409,0,295,147045,0,690,121356,0,1326,100531,0,1179,90723,0,1786,219408,0,775,131545,0,1470,267116,0
-1.05176e+08,1,8.88811e-15,10,1023,0,1.05176e+08,0.528882,1.08665,0.389689,0.145397,0.379329,3.24381,0.161596,0.446195,1.77396,0.159177,1.15e+07,4.49998e+06,6.79999e+06,1.15e+07,4.49997e+06,6.79999e+06,1.15e+07,4.49996e+06,6.79999e+06,1.15e+07,4.49995e+06,6.79999e+06,1.14999e+07,4.49993e+06,6.79999e+06,1.14999e+07,4.49991e+06,6.79999e+06,1.14999e+07,4.49989e+06,6.79999e+06,1.14999e+07,4.49986e+06,6.79999e+06,1.14999e+07,4.49982e+06,6.79999e+06,1.14999e+07,4.49977e+06,6.79999e+06,1.14999e+07,4.49971e+06,6.79999e+06,1.14999e+07,4.49963e+06,6.79999e+06,1.14998e+07,4.49953e+06,6.79999e+06,1.14998e+07,4.49941e+06,6.79999e+06,1.14998e+07,4.49926e+06,6.79999e+06,1.14998e+07,4.49906e+06,6.79999e+06,1.14997e+07,4.49882e+06,6.79999e+06,1.14997e+07,4.49851e+06,6.79999e+06,1.14997e+07,4.49812e+06,6.79999e+06,1.14996e+07,4.49764e+06,6.79999e+06,1.14996e+07,4.49702e+06,6.79999e+06,1.14995e+07,4.49625e+06,6.79999e+06,1.14995e+07,4.49528e+06,6.79999e+06,1.14994e+07,4.49406e+06,6.79999e+06,1.14993e+07,4.49253e+06,6.79999e+06,1.14992e+07,4.49059e+06,6.79999e+06,1.14991e+07,4.48817e+06,6.79999e+06,1.1499e+07,4.48511e+06,6.79999e+06,1.14988e+07,4.48128e+06,6.79999e+06,1.14987e+07,4.47646e+06,6.79999e+06,1.14985e+07,4.47041e+06,6.79999e+06,1.14983e+07,4.46281e+06,6.79999e+06,1.14981e+07,4.4533e+06,6.79999e+06,1.14979e+07,4.44138e+06,6.79999e+06,1.14976e+07,4.42649e+06,6.79999e+06,1.14972e+07,4.40789e+06,6.79999e+06,1.14969e+07,4.38471e+06,6.79999e+06,1.14965e+07,4.35592e+06,6.79999e+06,1.1496e+07,4.32027e+06,6.79999e+06,1.14955e+07,4.27629e+06,6.79999e+06,1.14949e+07,4.22231e+06,6.79999e+06,1.14942e+07,4.15647e+06,6.79999e+06,1.14934e+07,4.07676e+06,6.79999e+06,1.14926e+07,3.98112e+06,6.79999e+06,1.14916e+07,3.86765e+06,6.79999e+06,1.14905e+07,3.73474e+06,6.79999e+06,1.14892e+07,3.58148e+06,6.79999e+06,1.14878e+07,3.40785e+06,6.79999e+06,1.14862e+07,3.21513e+06,6.79999e+06,1.14844e+07,3.00605e+06,6.79999e+06,1.14823e+07,2.7848e+06,6.79999e+06,1.148e+07,2.5568e+06,6.79999e+06,1.14773e+07,2.32825e+06,6.79999e+06,13.5742,8.52444,0.508366,16.8306,13.2585,0.162638,20.0035,17.569,0.0507846,23.2616,22.4214,0.0158319,26.7328,28.3297,0.00493498,30.5212,35.6974,0.00153831,34.7178,44.9473,0.000479527,39.4086,56.5822,0.000149456,44.6796,71.2245,4.66214e-05,50.6209,89.6543,1.45419e-05,57.3297,112.852,4.54748e-06,64.9129,142.051,1.43857e-06,73.4897,178.803,4.36618e-07,83.1934,225.062,1.40153e-07,94.1745,283.286,4.96378e-08,106.602,356.568,1.05434e-07,120.669,448.799,-6.49244e-08,136.59,564.873,1.70148e-07,154.611,710.948,-5.34594e-08,175.008,894.767,1.63407e-07,198.097,1126.06,8.04804e-08,224.231,1417.07,1.14667e-07,253.813,1783.15,-1.71227e-07,287.297,2243.62,-2.88466e-07,325.198,2822.67,-4.33651e-07,368.098,3550.67,7.9318e-08,416.657,4465.65,3.13319e-07,471.621,5615.16,3.4613e-07,533.835,7058.61,-1.19199e-07,604.255,8870.02,-2.79964e-07,683.962,11141.4,-2.30521e-07,774.182,13986.7,-2.55099e-07,876.299,17546.4,1.23585e-07,991.883,21993.1,1.41192e-07,1122.71,27536.7,-9.71886e-08,1270.78,34430.7,-3.68368e-07,1438.38,42977.7,-3.45379e-07,1628.07,53532.7,-3.25328e-09,1842.77,66504.6,2.6362e-07,2085.77,82350.2,2.53445e-07,2360.79,101560,-2.47407e-08,2672.05,124632,-3.80602e-07,3024.31,152018,-4.79005e-07,3422.98,184060,-1.14379e-07,3874.15,220884,2.64297e-07,4384.72,262283,3.44131e-07,4962.49,307576,7.5349e-08,5616.29,355497,-3.63097e-07,6356.1,404126,-6.05442e-07,7193.18,450932,-2.72333e-07,8140.28,492963,2.29675e-07,9211.79,527178,4.3387e-07,10424,550893,-1.0711e-07,10.102,8.06553,2.81012,10.6436,8.57909,0.869423,11.5336,10.2515,0.270869,12.7211,12.7138,0.0844293,14.1823,15.9373,0.0263173,15.9122,20.0383,0.0082035,17.9198,25.2154,0.00255722,20.2244,31.7373,0.000797017,22.8539,39.9486,0.000248622,25.8438,50.2851,7.75492e-05,29.237,63.2963,2.42508e-05,33.0837,79.6738,7.67162e-06,37.4415,100.288,2.32837e-06,42.3767,126.236,7.33e-07,47.9646,158.896,2.79256e-07,54.2906,200.003,9.87351e-09,61.452,251.741,1.61085e-07,69.5585,316.859,-2.47141e-07,78.7347,398.812,8.93552e-08,89.1218,501.948,-2.53231e-07,100.879,631.736,-1.25047e-07,114.188,795.049,-1.78808e-07,129.252,1000.53,2.6733e-07,146.304,1259.03,4.50292e-07,165.605,1584.19,6.76904e-07,187.452,1993.12,-1.23808e-07,212.181,2507.27,-4.89068e-07,240.173,3153.54,-5.40284e-07,271.856,3965.56,1.86061e-07,307.719,4985.38,4.37004e-07,348.313,6265.4,3.59828e-07,394.26,7870.83,3.98192e-07,446.268,9882.51,-1.92908e-07,505.135,12400.3,-2.20392e-07,571.766,15546.9,1.51705e-07,647.184,19472.2,5.74996e-07,732.547,24357.4,5.39112e-07,829.167,30420,5.07815e-09,938.526,37916.3,-4.11492e-07,1062.3,47143.9,-3.9561e-07,1202.4,58439.2,3.86185e-08,1360.96,72169.3,5.94093e-07,1540.42,88715.8,7.47693e-07,1743.53,108445,1.78537e-07,1973.41,131665,-4.12549e-07,2233.57,158557,-5.37164e-07,2528,189103,-1.17615e-07,2861.2,222986,5.66769e-07,3238.27,259510,9.45053e-07,3664.97,297540,4.25093e-07,4147.81,335497,-3.58506e-07,4694.17,371444,-6.7724e-07,5312.37,403256,1.67192e-07,1.61744,3.89446,9.84394,3.28846,7.5504,12.774,5.07607,11.7187,13.6844,7.03202,16.8147,13.9681,9.20215,23.1769,14.0566,11.6301,31.1672,14.0841,14.3598,41.2186,14.0927,17.4376,53.8688,14.0954,20.9137,69.7915,14.0962,24.8432,89.8341,14.0965,29.2879,115.063,14.0966,34.3168,146.819,14.0966,40.0078,186.792,14.0966,46.4487,237.107,14.0966,53.7388,300.44,14.0966,61.9903,380.158,14.0966,71.3301,480.499,14.0966,81.902,606.796,14.0966,93.8685,765.761,14.0966,107.414,965.837,14.0966,122.746,1217.65,14.0966,140.101,1534.57,14.0966,159.745,1933.41,14.0966,181.981,2435.3,14.0966,207.15,3066.85,14.0966,235.64,3861.46,14.0966,267.889,4861.11,14.0966,304.391,6118.54,14.0966,345.709,7699.91,14.0966,392.478,9688.22,14.0966,445.417,12187.5,14.0966,505.339,15327.7,14.0966,573.165,19271.6,14.0966,649.938,24222,14.0966,736.839,30430.9,14.0966,835.202,38211.5,14.0966,946.539,47950.3,14.0966,1072.56,60122.8,14.0966,1215.21,75309.9,14.0966,1376.66,94216.2,14.0966,1559.41,117688,14.0966,1766.26,146729,14.0966,2000.39,182510,14.0966,2265.39,226372,14.0966,2565.33,279806,14.0966,2904.81,344416,14.0966,3289.05,421845,14.0966,3723.93,513667,14.0966,4216.13,621231,14.0966,4773.18,745478,14.0966,5403.64,886744,14.0966,6117.15,1.04457e+06,14.0966,6924.63,1.2176e+06,14.0966,11.7194,11.96,12.6541,13.9321,16.1295,13.6434,16.6097,21.9702,13.9553,19.7532,29.5285,14.0526,23.3844,39.1143,14.0829,27.5423,51.2054,14.0923,32.2796,66.434,14.0953,37.662,85.6061,14.0962,43.7675,109.74,14.0965,50.687,140.119,14.0966,58.5249,178.359,14.0966,67.4005,226.493,14.0966,77.4493,287.08,14.0966,88.8254,363.343,14.0966,101.703,459.336,14.0966,116.281,580.161,14.0966,132.782,732.241,14.0966,151.46,923.655,14.0966,172.603,1164.57,14.0966,196.535,1467.79,14.0966,223.625,1849.39,14.0966,254.288,2329.62,14.0966,288.997,2933.93,14.0966,328.285,3694.33,14.0966,372.755,4651.04,14.0966,423.092,5854.57,14.0966,480.07,7368.38,14.0966,544.564,9272.08,14.0966,617.566,11665.5,14.0966,700.197,14673.6,14.0966,793.729,18452.9,14.0966,899.599,23198.6,14.0966,1019.43,29154.1,14.0966,1155.07,36622.3,14.0966,1308.6,45977.9,14.0966,1482.39,57683.7,14.0966,1679.09,72307.8,14.0966,1901.73,90542.8,14.0966,2153.73,113226,14.0966,2438.97,141360,14.0966,2761.81,176127,14.0966,3127.22,218898,14.0966,3540.81,271226,14.0966,4008.92,334817,14.0966,4538.74,411470,14.0966,5138.38,502973,14.0966,5817.04,610948,14.0966,6585.12,736653,14.0966,7454.39,880741,14.0966,8438.15,1.04302e+06,14.0966,9551.45,1.22224e+06,14.0966,10811.3,1.41602e+06,14.0966,12237,1.62086e+06,14.0966,11.7194,11.96,12.6541,2.21263,4.16949,0.989383,2.67766,5.84076,0.311842,3.14343,7.55825,0.0972771,3.63127,9.58578,0.0303237,4.15787,12.0912,0.00945211,4.73731,15.2286,0.00294633,5.38238,19.1721,0.000918508,6.10553,24.134,0.000286163,6.91951,30.3791,8.92692e-05,7.83792,38.2397,2.78121e-05,8.87555,48.1338,8.65134e-06,10.0489,60.5876,2.7882e-06,11.3761,76.2629,8.29036e-07,12.8779,95.9927,2.4373e-07,14.5775,120.825,4.33068e-09,16.5012,152.08,1.75749e-07,18.6784,191.415,-1.86328e-07,21.1428,240.917,1.91829e-07,23.9322,303.213,-1.81475e-07,27.0895,381.602,7.0186e-08,30.6634,480.231,-2.86769e-08,34.7087,604.316,2.40784e-07,39.2876,760.401,9.87368e-08,44.4705,956.705,1.22263e-07,50.3371,1203.54,-4.31966e-07,56.9776,1513.81,-1.9705e-07,64.494,1903.69,-2.763e-08,73.0018,2393.4,3.9185e-07,82.6317,3008.13,1.35379e-07,93.5318,3779.25,-4.16351e-08,105.869,4745.7,2.06965e-08,119.834,5955.6,-3.18887e-07,135.641,7468.12,-1.48271e-08,153.531,9355.62,2.00739e-07,173.781,11705.8,2.28358e-07,196.701,14624.1,-1.93587e-08,222.642,18235,-2.88101e-07,252.003,22683.4,-2.24732e-07,285.234,28134,8.56806e-09,322.845,34767,2.34258e-07,365.413,42770.9,2.99668e-07,413.588,52327.9,8.28644e-08,468.111,63591.2,-3.07049e-07,529.814,76653.2,-3.1888e-07,599.642,91502.5,-6.72276e-08,678.662,107975,2.26339e-07,768.083,125705,3.69212e-07,869.267,144088,2.04077e-07,983.76,162277,-2.80509e-07,1113.3,179223,-4.22737e-07,1259.87,193777,-1.71951e-07,1425.68,204839,4.55555e-07,11.7194,11.96,12.6541,2.21263,4.16949,0.989383,2.67766,5.84076,0.311842,3.14343,7.55825,0.0972771,3.63127,9.58578,0.0303237,4.15787,12.0912,0.00945211,4.73731,15.2286,0.00294633,5.38238,19.1721,0.000918508,6.10553,24.134,0.000286163,6.91951,30.3791,8.92692e-05,7.83792,38.2397,2.78121e-05,8.87555,48.1338,8.65134e-06,10.0489,60.5876,2.7882e-06,11.3761,76.2629,8.29036e-07,12.8779,95.9927,2.4373e-07,14.5775,120.825,1e-08,16.5012,152.08,1.75749e-07,18.6784,191.415,1e-08,21.1428,240.917,1.91829e-07,23.9322,303.213,1e-08,27.0895,381.602,7.0186e-08,30.6634,480.231,1e-08,34.7087,604.316,2.40784e-07,39.2876,760.401,9.87368e-08,44.4705,956.705,1.22263e-07,50.3371,1203.54,1e-08,56.9776,1513.81,1e-08,64.494,1903.69,1e-08,73.0018,2393.4,3.9185e-07,82.6317,3008.13,1.35379e-07,93.5318,3779.25,1e-08,105.869,4745.7,2.06965e-08,119.834,5955.6,1e-08,135.641,7468.12,1e-08,153.531,9355.62,2.00739e-07,173.781,11705.8,2.28358e-07,196.701,14624.1,1e-08,222.642,18235,1e-08,252.003,22683.4,1e-08,285.234,28134,1e-08,322.845,34767,2.34258e-07,365.413,42770.9,2.99668e-07,413.588,52327.9,8.28644e-08,468.111,63591.2,1e-08,529.814,76653.2,1e-08,599.642,91502.5,1e-08,678.662,107975,2.26339e-07,768.083,125705,3.69212e-07,869.267,144088,2.04077e-07,983.76,162277,1e-08,1113.3,179223,1e-08,1259.87,193777,1e-08,1425.68,204839,4.55555e-07,6.2823,3.27286,2.43537,0.219672,6.18826,2.24117,0.56371,6.87772,2.63624,0.308279,7,11,9,2,2,1,2,1,0,3,2,0,2,9,0,7,22,0,4,8,0,7,7,0,9,45,0,12,41,0,7,34,0,5,21,0,23,68,0,17,45,0,4,26,0,14,66,0,9,179,0,27,131,0,7,349,0,9,161,0,75,456,0,38,154,0,28,317,0,32,1695,0,30,789,0,67,1841,0,31,915,0,122,2633,0,133,1965,0,54,4231,0,36,4279,0,131,2378,0,218,3249,0,128,10741,0,190,9445,0,225,11044,0,166,18662,0,347,23541,0,193,28218,0,208,35728,0,292,50373,0,237,33260,0,364,68252,0,567,89728,0,422,96202,0,291,54214,0,621,80923,0,629,191320,0,784,367541,0,560,220175,0,1769,152072,0,865,138614,0,743,349456,0
-1.05176e+08,1,8.88811e-15,10,1023,0,1.05176e+08,0.528882,1.08665,0.389689,0.145397,0.379329,3.24381,0.161596,0.446195,1.77396,0.159177,1.15e+07,4.49998e+06,6.79999e+06,1.15e+07,4.49997e+06,6.79999e+06,1.15e+07,4.49996e+06,6.79999e+06,1.15e+07,4.49995e+06,6.79999e+06,1.14999e+07,4.49993e+06,6.79999e+06,1.14999e+07,4.49991e+06,6.79999e+06,1.14999e+07,4.49989e+06,6.79999e+06,1.14999e+07,4.49986e+06,6.79999e+06,1.14999e+07,4.49982e+06,6.79999e+06,1.14999e+07,4.49977e+06,6.79999e+06,1.14999e+07,4.49971e+06,6.79999e+06,1.14999e+07,4.49963e+06,6.79999e+06,1.14998e+07,4.49953e+06,6.79999e+06,1.14998e+07,4.49941e+06,6.79999e+06,1.14998e+07,4.49926e+06,6.79999e+06,1.14998e+07,4.49906e+06,6.79999e+06,1.14997e+07,4.49882e+06,6.79999e+06,1.14997e+07,4.49851e+06,6.79999e+06,1.14997e+07,4.49812e+06,6.79999e+06,1.14996e+07,4.49764e+06,6.79999e+06,1.14996e+07,4.49702e+06,6.79999e+06,1.14995e+07,4.49625e+06,6.79999e+06,1.14995e+07,4.49528e+06,6.79999e+06,1.14994e+07,4.49406e+06,6.79999e+06,1.14993e+07,4.49253e+06,6.79999e+06,1.14992e+07,4.49059e+06,6.79999e+06,1.14991e+07,4.48817e+06,6.79999e+06,1.1499e+07,4.48511e+06,6.79999e+06,1.14988e+07,4.48128e+06,6.79999e+06,1.14987e+07,4.47646e+06,6.79999e+06,1.14985e+07,4.47041e+06,6.79999e+06,1.14983e+07,4.46281e+06,6.79999e+06,1.14981e+07,4.4533e+06,6.79999e+06,1.14979e+07,4.44138e+06,6.79999e+06,1.14976e+07,4.42649e+06,6.79999e+06,1.14972e+07,4.40789e+06,6.79999e+06,1.14969e+07,4.38471e+06,6.79999e+06,1.14965e+07,4.35592e+06,6.79999e+06,1.1496e+07,4.32027e+06,6.79999e+06,1.14955e+07,4.27629e+06,6.79999e+06,1.14949e+07,4.22231e+06,6.79999e+06,1.14942e+07,4.15647e+06,6.79999e+06,1.14934e+07,4.07676e+06,6.79999e+06,1.14926e+07,3.98112e+06,6.79999e+06,1.14916e+07,3.86765e+06,6.79999e+06,1.14905e+07,3.73474e+06,6.79999e+06,1.14892e+07,3.58148e+06,6.79999e+06,1.14878e+07,3.40785e+06,6.79999e+06,1.14862e+07,3.21513e+06,6.79999e+06,1.14844e+07,3.00605e+06,6.79999e+06,1.14823e+07,2.7848e+06,6.79999e+06,1.148e+07,2.5568e+06,6.79999e+06,1.14773e+07,2.32825e+06,6.79999e+06,13.5742,8.52444,0.508366,16.8306,13.2585,0.162638,20.0035,17.569,0.0507846,23.2616,22.4214,0.0158319,26.7328,28.3297,0.00493498,30.5212,35.6974,0.00153831,34.7178,44.9473,0.000479527,39.4086,56.5822,0.000149456,44.6796,71.2245,4.66214e-05,50.6209,89.6543,1.45419e-05,57.3297,112.852,4.54748e-06,64.9129,142.051,1.43857e-06,73.4897,178.803,4.36618e-07,83.1934,225.062,1.40153e-07,94.1745,283.286,4.96378e-08,106.602,356.568,1.05434e-07,120.669,448.799,-6.49244e-08,136.59,564.873,1.70148e-07,154.611,710.948,-5.34594e-08,175.008,894.767,1.63407e-07,198.097,1126.06,8.04804e-08,224.231,1417.07,1.14667e-07,253.813,1783.15,-1.71227e-07,287.297,2243.62,-2.88466e-07,325.198,2822.67,-4.33651e-07,368.098,3550.67,7.9318e-08,416.657,4465.65,3.13319e-07,471.621,5615.16,3.4613e-07,533.835,7058.61,-1.19199e-07,604.255,8870.02,-2.79964e-07,683.962,11141.4,-2.30521e-07,774.182,13986.7,-2.55099e-07,876.299,17546.4,1.23585e-07,991.883,21993.1,1.41192e-07,1122.71,27536.7,-9.71886e-08,1270.78,34430.7,-3.68368e-07,1438.38,42977.7,-3.45379e-07,1628.07,53532.7,-3.25328e-09,1842.77,66504.6,2.6362e-07,2085.77,82350.2,2.53445e-07,2360.79,101560,-2.47407e-08,2672.05,124632,-3.80602e-07,3024.31,152018,-4.79005e-07,3422.98,184060,-1.14379e-07,3874.15,220884,2.64297e-07,4384.72,262283,3.44131e-07,4962.49,307576,7.5349e-08,5616.29,355497,-3.63097e-07,6356.1,404126,-6.05442e-07,7193.18,450932,-2.72333e-07,8140.28,492963,2.29675e-07,9211.79,527178,4.3387e-07,10424,550893,-1.0711e-07,10.102,8.06553,2.81012,10.6436,8.57909,0.869423,11.5336,10.2515,0.270869,12.7211,12.7138,0.0844293,14.1823,15.9373,0.0263173,15.9122,20.0383,0.0082035,17.9198,25.2154,0.00255722,20.2244,31.7373,0.000797017,22.8539,39.9486,0.000248622,25.8438,50.2851,7.75492e-05,29.237,63.2963,2.42508e-05,33.0837,79.6738,7.67162e-06,37.4415,100.288,2.32837e-06,42.3767,126.236,7.33e-07,47.9646,158.896,2.79256e-07,54.2906,200.003,9.87351e-09,61.452,251.741,1.61085e-07,69.5585,316.859,-2.47141e-07,78.7347,398.812,8.93552e-08,89.1218,501.948,-2.53231e-07,100.879,631.736,-1.25047e-07,114.188,795.049,-1.78808e-07,129.252,1000.53,2.6733e-07,146.304,1259.03,4.50292e-07,165.605,1584.19,6.76904e-07,187.452,1993.12,-1.23808e-07,212.181,2507.27,-4.89068e-07,240.173,3153.54,-5.40284e-07,271.856,3965.56,1.86061e-07,307.719,4985.38,4.37004e-07,348.313,6265.4,3.59828e-07,394.26,7870.83,3.98192e-07,446.268,9882.51,-1.92908e-07,505.135,12400.3,-2.20392e-07,571.766,15546.9,1.51705e-07,647.184,19472.2,5.74996e-07,732.547,24357.4,5.39112e-07,829.167,30420,5.07815e-09,938.526,37916.3,-4.11492e-07,1062.3,47143.9,-3.9561e-07,1202.4,58439.2,3.86185e-08,1360.96,72169.3,5.94093e-07,1540.42,88715.8,7.47693e-07,1743.53,108445,1.78537e-07,1973.41,131665,-4.12549e-07,2233.57,158557,-5.37164e-07,2528,189103,-1.17615e-07,2861.2,222986,5.66769e-07,3238.27,259510,9.45053e-07,3664.97,297540,4.25093e-07,4147.81,335497,-3.58506e-07,4694.17,371444,-6.7724e-07,5312.37,403256,1.67192e-07,1.61744,3.89446,9.84394,3.28846,7.5504,12.774,5.07607,11.7187,13.6844,7.03202,16.8147,13.9681,9.20215,23.1769,14.0566,11.6301,31.1672,14.0841,14.3598,41.2186,14.0927,17.4376,53.8688,14.0954,20.9137,69.7915,14.0962,24.8432,89.8341,14.0965,29.2879,115.063,14.0966,34.3168,146.819,14.0966,40.0078,186.792,14.0966,46.4487,237.107,14.0966,53.7388,300.44,14.0966,61.9903,380.158,14.0966,71.3301,480.499,14.0966,81.902,606.796,14.0966,93.8685,765.761,14.0966,107.414,965.837,14.0966,122.746,1217.65,14.0966,140.101,1534.57,14.0966,159.745,1933.41,14.0966,181.981,2435.3,14.0966,207.15,3066.85,14.0966,235.64,3861.46,14.0966,267.889,4861.11,14.0966,304.391,6118.54,14.0966,345.709,7699.91,14.0966,392.478,9688.22,14.0966,445.417,12187.5,14.0966,505.339,15327.7,14.0966,573.165,19271.6,14.0966,649.938,24222,14.0966,736.839,30430.9,14.0966,835.202,38211.5,14.0966,946.539,47950.3,14.0966,1072.56,60122.8,14.0966,1215.21,75309.9,14.0966,1376.66,94216.2,14.0966,1559.41,117688,14.0966,1766.26,146729,14.0966,2000.39,182510,14.0966,2265.39,226372,14.0966,2565.33,279806,14.0966,2904.81,344416,14.0966,3289.05,421845,14.0966,3723.93,513667,14.0966,4216.13,621231,14.0966,4773.18,745478,14.0966,5403.64,886744,14.0966,6117.15,1.04457e+06,14.0966,6924.63,1.2176e+06,14.0966,11.7194,11.96,12.6541,13.9321,16.1295,13.6434,16.6097,21.9702,13.9553,19.7532,29.5285,14.0526,23.3844,39.1143,14.0829,27.5423,51.2054,14.0923,32.2796,66.434,14.0953,37.662,85.6061,14.0962,43.7675,109.74,14.0965,50.687,140.119,14.0966,58.5249,178.359,14.0966,67.4005,226.493,14.0966,77.4493,287.08,14.0966,88.8254,363.343,14.0966,101.703,459.336,14.0966,116.281,580.161,14.0966,132.782,732.241,14.0966,151.46,923.655,14.0966,172.603,1164.57,14.0966,196.535,1467.79,14.0966,223.625,1849.39,14.0966,254.288,2329.62,14.0966,288.997,2933.93,14.0966,328.285,3694.33,14.0966,372.755,4651.04,14.0966,423.092,5854.57,14.0966,480.07,7368.38,14.0966,544.564,9272.08,14.0966,617.566,11665.5,14.0966,700.197,14673.6,14.0966,793.729,18452.9,14.0966,899.599,23198.6,14.0966,1019.43,29154.1,14.0966,1155.07,36622.3,14.0966,1308.6,45977.9,14.0966,1482.39,57683.7,14.0966,1679.09,72307.8,14.0966,1901.73,90542.8,14.0966,2153.73,113226,14.0966,2438.97,141360,14.0966,2761.81,176127,14.0966,3127.22,218898,14.0966,3540.81,271226,14.0966,4008.92,334817,14.0966,4538.74,411470,14.0966,5138.38,502973,14.0966,5817.04,610948,14.0966,6585.12,736653,14.0966,7454.39,880741,14.0966,8438.15,1.04302e+06,14.0966,9551.45,1.22224e+06,14.0966,10811.3,1.41602e+06,14.0966,12237,1.62086e+06,14.0966,11.7194,11.96,12.6541,2.21263,4.16949,0.989383,2.67766,5.84076,0.311842,3.14343,7.55825,0.0972771,3.63127,9.58578,0.0303237,4.15787,12.0912,0.00945211,4.73731,15.2286,0.00294633,5.38238,19.1721,0.000918508,6.10553,24.134,0.000286163,6.91951,30.3791,8.92692e-05,7.83792,38.2397,2.78121e-05,8.87555,48.1338,8.65134e-06,10.0489,60.5876,2.7882e-06,11.3761,76.2629,8.29036e-07,12.8779,95.9927,2.4373e-07,14.5775,120.825,4.33068e-09,16.5012,152.08,1.75749e-07,18.6784,191.415,-1.86328e-07,21.1428,240.917,1.91829e-07,23.9322,303.213,-1.81475e-07,27.0895,381.602,7.0186e-08,30.6634,480.231,-2.86769e-08,34.7087,604.316,2.40784e-07,39.2876,760.401,9.87368e-08,44.4705,956.705,1.22263e-07,50.3371,1203.54,-4.31966e-07,56.9776,1513.81,-1.9705e-07,64.494,1903.69,-2.763e-08,73.0018,2393.4,3.9185e-07,82.6317,3008.13,1.35379e-07,93.5318,3779.25,-4.16351e-08,105.869,4745.7,2.06965e-08,119.834,5955.6,-3.18887e-07,135.641,7468.12,-1.48271e-08,153.531,9355.62,2.00739e-07,173.781,11705.8,2.28358e-07,196.701,14624.1,-1.93587e-08,222.642,18235,-2.88101e-07,252.003,22683.4,-2.24732e-07,285.234,28134,8.56806e-09,322.845,34767,2.34258e-07,365.413,42770.9,2.99668e-07,413.588,52327.9,8.28644e-08,468.111,63591.2,-3.07049e-07,529.814,76653.2,-3.1888e-07,599.642,91502.5,-6.72276e-08,678.662,107975,2.26339e-07,768.083,125705,3.69212e-07,869.267,144088,2.04077e-07,983.76,162277,-2.80509e-07,1113.3,179223,-4.22737e-07,1259.87,193777,-1.71951e-07,1425.68,204839,4.55555e-07,11.7194,11.96,12.6541,2.21263,4.16949,0.989383,2.67766,5.84076,0.311842,3.14343,7.55825,0.0972771,3.63127,9.58578,0.0303237,4.15787,12.0912,0.00945211,4.73731,15.2286,0.00294633,5.38238,19.1721,0.000918508,6.10553,24.134,0.000286163,6.91951,30.3791,8.92692e-05,7.83792,38.2397,2.78121e-05,8.87555,48.1338,8.65134e-06,10.0489,60.5876,2.7882e-06,11.3761,76.2629,8.29036e-07,12.8779,95.9927,2.4373e-07,14.5775,120.825,1e-08,16.5012,152.08,1.75749e-07,18.6784,191.415,1e-08,21.1428,240.917,1.91829e-07,23.9322,303.213,1e-08,27.0895,381.602,7.0186e-08,30.6634,480.231,1e-08,34.7087,604.316,2.40784e-07,39.2876,760.401,9.87368e-08,44.4705,956.705,1.22263e-07,50.3371,1203.54,1e-08,56.9776,1513.81,1e-08,64.494,1903.69,1e-08,73.0018,2393.4,3.9185e-07,82.6317,3008.13,1.35379e-07,93.5318,3779.25,1e-08,105.869,4745.7,2.06965e-08,119.834,5955.6,1e-08,135.641,7468.12,1e-08,153.531,9355.62,2.00739e-07,173.781,11705.8,2.28358e-07,196.701,14624.1,1e-08,222.642,18235,1e-08,252.003,22683.4,1e-08,285.234,28134,1e-08,322.845,34767,2.34258e-07,365.413,42770.9,2.99668e-07,413.588,52327.9,8.28644e-08,468.111,63591.2,1e-08,529.814,76653.2,1e-08,599.642,91502.5,1e-08,678.662,107975,2.26339e-07,768.083,125705,3.69212e-07,869.267,144088,2.04077e-07,983.76,162277,1e-08,1113.3,179223,1e-08,1259.87,193777,1e-08,1425.68,204839,4.55555e-07,6.2823,3.27286,2.43537,0.219672,6.18826,2.24117,0.56371,6.87772,2.63624,0.308279,9,13,13,0,1,0,1,6,0,3,4,0,0,11,0,6,15,0,6,18,0,4,32,0,10,36,0,2,39,0,7,45,0,4,25,0,7,35,0,8,47,0,17,70,0,21,47,0,15,333,0,14,94,0,18,221,0,17,233,0,14,180,0,25,425,0,18,558,0,64,1316,0,34,935,0,39,1350,0,83,977,0,48,2130,0,56,2757,0,84,2813,0,89,6170,0,74,3829,0,121,4369,0,125,10464,0,161,10544,0,210,9131,0,202,16109,0,182,14153,0,365,24507,0,404,51579,0,623,21569,0,452,14834,0,846,40080,0,134,90982,0,1015,38679,0,758,69745,0,300,125429,0,991,210347,0,764,180176,0,713,71101,0,914,45217,0,478,214448,0,902,89721,0
-1.05176e+08,1,8.88811e-15,10,1023,0,1.05176e+08,0.528882,1.08665,0.389689,0.145397,0.379329,3.24381,0.161596,0.446195,1.77396,0.159177,1.15e+07,4.49998e+06,6.79999e+06,1.15e+07,4.49997e+06,6.79999e+06,1.15e+07,4.49996e+06,6.79999e+06,1.15e+07,4.49995e+06,6.79999e+06,1.14999e+07,4.49993e+06,6.79999e+06,1.14999e+07,4.49991e+06,6.79999e+06,1.14999e+07,4.49989e+06,6.79999e+06,1.14999e+07,4.49986e+06,6.79999e+06,1.14999e+07,4.49982e+06,6.79999e+06,1.14999e+07,4.49977e+06,6.79999e+06,1.14999e+07,4.49971e+06,6.79999e+06,1.14999e+07,4.49963e+06,6.79999e+06,1.14998e+07,4.49953e+06,6.79999e+06,1.14998e+07,4.49941e+06,6.79999e+06,1.14998e+07,4.49926e+06,6.79999e+06,1.14998e+07,4.49906e+06,6.79999e+06,1.14997e+07,4.49882e+06,6.79999e+06,1.14997e+07,4.49851e+06,6.79999e+06,1.14997e+07,4.49812e+06,6.79999e+06,1.14996e+07,4.49764e+06,6.79999e+06,1.14996e+07,4.49702e+06,6.79999e+06,1.14995e+07,4.49625e+06,6.79999e+06,1.14995e+07,4.49528e+06,6.79999e+06,1.14994e+07,4.49406e+06,6.79999e+06,1.14993e+07,4.49253e+06,6.79999e+06,1.14992e+07,4.49059e+06,6.79999e+06,1.14991e+07,4.48817e+06,6.79999e+06,1.1499e+07,4.48511e+06,6.79999e+06,1.14988e+07,4.48128e+06,6.79999e+06,1.14987e+07,4.47646e+06,6.79999e+06,1.14985e+07,4.47041e+06,6.79999e+06,1.14983e+07,4.46281e+06,6.79999e+06,1.14981e+07,4.4533e+06,6.79999e+06,1.14979e+07,4.44138e+06,6.79999e+06,1.14976e+07,4.42649e+06,6.79999e+06,1.14972e+07,4.40789e+06,6.79999e+06,1.14969e+07,4.38471e+06,6.79999e+06,1.14965e+07,4.35592e+06,6.79999e+06,1.1496e+07,4.32027e+06,6.79999e+06,1.14955e+07,4.27629e+06,6.79999e+06,1.14949e+07,4.22231e+06,6.79999e+06,1.14942e+07,4.15647e+06,6.79999e+06,1.14934e+07,4.07676e+06,6.79999e+06,1.14926e+07,3.98112e+06,6.79999e+06,1.14916e+07,3.86765e+06,6.79999e+06,1.14905e+07,3.73474e+06,6.79999e+06,1.14892e+07,3.58148e+06,6.79999e+06,1.14878e+07,3.40785e+06,6.79999e+06,1.14862e+07,3.21513e+06,6.79999e+06,1.14844e+07,3.00605e+06,6.79999e+06,1.14823e+07,2.7848e+06,6.79999e+06,1.148e+07,2.5568e+06,6.79999e+06,1.14773e+07,2.32825e+06,6.79999e+06,13.5742,8.52444,0.508366,16.8306,13.2585,0.162638,20.0035,17.569,0.0507846,23.2616,22.4214,0.0158319,26.7328,28.3297,0.00493498,30.5212,35.6974,0.00153831,34.7178,44.9473,0.000479527,39.4086,56.5822,0.000149456,44.6796,71.2245,4.66214e-05,50.6209,89.6543,1.45419e-05,57.3297,112.852,4.54748e-06,64.9129,142.051,1.43857e-06,73.4897,178.803,4.36618e-07,83.1934,225.062,1.40153e-07,94.1745,283.286,4.96378e-08,106.602,356.568,1.05434e-07,120.669,448.799,-6.49244e-08,136.59,564.873,1.70148e-07,154.611,710.948,-5.34594e-08,175.008,894.767,1.63407e-07,198.097,1126.06,8.04804e-08,224.231,1417.07,1.14667e-07,253.813,1783.15,-1.71227e-07,287.297,2243.62,-2.88466e-07,325.198,2822.67,-4.33651e-07,368.098,3550.67,7.9318e-08,416.657,4465.65,3.13319e-07,471.621,5615.16,3.4613e-07,533.835,7058.61,-1.19199e-07,604.255,8870.02,-2.79964e-07,683.962,11141.4,-2.30521e-07,774.182,13986.7,-2.55099e-07,876.299,17546.4,1.23585e-07,991.883,21993.1,1.41192e-07,1122.71,27536.7,-9.71886e-08,1270.78,34430.7,-3.68368e-07,1438.38,42977.7,-3.45379e-07,1628.07,53532.7,-3.25328e-09,1842.77,66504.6,2.6362e-07,2085.77,82350.2,2.53445e-07,2360.79,101560,-2.47407e-08,2672.05,124632,-3.80602e-07,3024.31,152018,-4.79005e-07,3422.98,184060,-1.14379e-07,3874.15,220884,2.64297e-07,4384.72,262283,3.44131e-07,4962.49,307576,7.5349e-08,5616.29,355497,-3.63097e-07,6356.1,404126,-6.05442e-07,7193.18,450932,-2.72333e-07,8140.28,492963,2.29675e-07,9211.79,527178,4.3387e-07,10424,550893,-1.0711e-07,10.102,8.06553,2.81012,10.6436,8.57909,0.869423,11.5336,10.2515,0.270869,12.7211,12.7138,0.0844293,14.1823,15.9373,0.0263173,15.9122,20.0383,0.0082035,17.9198,25.2154,0.00255722,20.2244,31.7373,0.000797017,22.8539,39.9486,0.000248622,25.8438,50.2851,7.75492e-05,29.237,63.2963,2.42508e-05,33.0837,79.6738,7.67162e-06,37.4415,100.288,2.32837e-06,42.3767,126.236,7.33e-07,47.9646,158.896,2.79256e-07,54.2906,200.003,9.87351e-09,61.452,251.741,1.61085e-07,69.5585,316.859,-2.47141e-07,78.7347,398.812,8.93552e-08,89.1218,501.948,-2.53231e-07,100.879,631.736,-1.25047e-07,114.188,795.049,-1.78808e-07,129.252,1000.53,2.6733e-07,146.304,1259.03,4.50292e-07,165.605,1584.19,6.76904e-07,187.452,1993.12,-1.23808e-07,212.181,2507.27,-4.89068e-07,240.173,3153.54,-5.40284e-07,271.856,3965.56,1.86061e-07,307.719,4985.38,4.37004e-07,348.313,6265.4,3.59828e-07,394.26,7870.83,3.98192e-07,446.268,9882.51,-1.92908e-07,505.135,12400.3,-2.20392e-07,571.766,15546.9,1.51705e-07,647.184,19472.2,5.74996e-07,732.547,24357.4,5.39112e-07,829.167,30420,5.07815e-09,938.526,37916.3,-4.11492e-07,1062.3,47143.9,-3.9561e-07,1202.4,58439.2,3.86185e-08,1360.96,72169.3,5.94093e-07,1540.42,88715.8,7.47693e-07,1743.53,108445,1.78537e-07,1973.41,131665,-4.12549e-07,2233.57,158557,-5.37164e-07,2528,189103,-1.17615e-07,2861.2,222986,5.66769e-07,3238.27,259510,9.45053e-07,3664.97,297540,4.25093e-07,4147.81,335497,-3.58506e-07,4694.17,371444,-6.7724e-07,5312.37,403256,1.67192e-07,1.61744,3.89446,9.84394,3.28846,7.5504,12.774,5.07607,11.7187,13.6844,7.03202,16.8147,13.9681,9.20215,23.1769,14.0566,11.6301,31.1672,14.0841,14.3598,41.2186,14.0927,17.4376,53.8688,14.0954,20.9137,69.7915,14.0962,24.8432,89.8341,14.0965,29.2879,115.063,14.0966,34.3168,146.819,14.0966,40.0078,186.792,14.0966,46.4487,237.107,14.0966,53.7388,300.44,14.0966,61.9903,380.158,14.0966,71.3301,480.499,14.0966,81.902,606.796,14.0966,93.8685,765.761,14.0966,107.414,965.837,14.0966,122.746,1217.65,14.0966,140.101,1534.57,14.0966,159.745,1933.41,14.0966,181.981,2435.3,14.0966,207.15,3066.85,14.0966,235.64,3861.46,14.0966,267.889,4861.11,14.0966,304.391,6118.54,14.0966,345.709,7699.91,14.0966,392.478,9688.22,14.0966,445.417,12187.5,14.0966,505.339,15327.7,14.0966,573.165,19271.6,14.0966,649.938,24222,14.0966,736.839,30430.9,14.0966,835.202,38211.5,14.0966,946.539,47950.3,14.0966,1072.56,60122.8,14.0966,1215.21,75309.9,14.0966,1376.66,94216.2,14.0966,1559.41,117688,14.0966,1766.26,146729,14.0966,2000.39,182510,14.0966,2265.39,226372,14.0966,2565.33,279806,14.0966,2904.81,344416,14.0966,3289.05,421845,14.0966,3723.93,513667,14.0966,4216.13,621231,14.0966,4773.18,745478,14.0966,5403.64,886744,14.0966,6117.15,1.04457e+06,14.0966,6924.63,1.2176e+06,14.0966,11.7194,11.96,12.6541,13.9321,16.1295,13.6434,16.6097,21.9702,13.9553,19.7532,29.5285,14.0526,23.3844,39.1143,14.0829,27.5423,51.2054,14.0923,32.2796,66.434,14.0953,37.662,85.6061,14.0962,43.7675,109.74,14.0965,50.687,140.119,14.0966,58.5249,178.359,14.0966,67.4005,226.493,14.0966,77.4493,287.08,14.0966,88.8254,363.343,14.0966,101.703,459.336,14.0966,116.281,580.161,14.0966,132.782,732.241,14.0966,151.46,923.655,14.0966,172.603,1164.57,14.0966,196.535,1467.79,14.0966,223.625,1849.39,14.0966,254.288,2329.62,14.0966,288.997,2933.93,14.0966,328.285,3694.33,14.0966,372.755,4651.04,14.0966,423.092,5854.57,14.0966,480.07,7368.38,14.0966,544.564,9272.08,14.0966,617.566,11665.5,14.0966,700.197,14673.6,14.0966,793.729,18452.9,14.0966,899.599,23198.6,14.0966,1019.43,29154.1,14.0966,1155.07,36622.3,14.0966,1308.6,45977.9,14.0966,1482.39,57683.7,14.0966,1679.09,72307.8,14.0966,1901.73,90542.8,14.0966,2153.73,113226,14.0966,2438.97,141360,14.0966,2761.81,176127,14.0966,3127.22,218898,14.0966,3540.81,271226,14.0966,4008.92,334817,14.0966,4538.74,411470,14.0966,5138.38,502973,14.0966,5817.04,610948,14.0966,6585.12,736653,14.0966,7454.39,880741,14.0966,8438.15,1.04302e+06,14.0966,9551.45,1.22224e+06,14.0966,10811.3,1.41602e+06,14.0966,12237,1.62086e+06,14.0966,11.7194,11.96,12.6541,2.21263,4.16949,0.989383,2.67766,5.84076,0.311842,3.14343,7.55825,0.0972771,3.63127,9.58578,0.0303237,4.15787,12.0912,0.00945211,4.73731,15.2286,0.00294633,5.38238,19.1721,0.000918508,6.10553,24.134,0.000286163,6.91951,30.3791,8.92692e-05,7.83792,38.2397,2.78121e-05,8.87555,48.1338,8.65134e-06,10.0489,60.5876,2.7882e-06,11.3761,76.2629,8.29036e-07,12.8779,95.9927,2.4373e-07,14.5775,120.825,4.33068e-09,16.5012,152.08,1.75749e-07,18.6784,191.415,-1.86328e-07,21.1428,240.917,1.91829e-07,23.9322,303.213,-1.81475e-07,27.0895,381.602,7.0186e-08,30.6634,480.231,-2.86769e-08,34.7087,604.316,2.40784e-07,39.2876,760.401,9.87368e-08,44.4705,956.705,1.22263e-07,50.3371,1203.54,-4.31966e-07,56.9776,1513.81,-1.9705e-07,64.494,1903.69,-2.763e-08,73.0018,2393.4,3.9185e-07,82.6317,3008.13,1.35379e-07,93.5318,3779.25,-4.16351e-08,105.869,4745.7,2.06965e-08,119.834,5955.6,-3.18887e-07,135.641,7468.12,-1.48271e-08,153.531,9355.62,2.00739e-07,173.781,11705.8,2.28358e-07,196.701,14624.1,-1.93587e-08,222.642,18235,-2.88101e-07,252.003,22683.4,-2.24732e-07,285.234,28134,8.56806e-09,322.845,34767,2.34258e-07,365.413,42770.9,2.99668e-07,413.588,52327.9,8.28644e-08,468.111,63591.2,-3.07049e-07,529.814,76653.2,-3.1888e-07,599.642,91502.5,-6.72276e-08,678.662,107975,2.26339e-07,768.083,125705,3.69212e-07,869.267,144088,2.04077e-07,983.76,162277,-2.80509e-07,1113.3,179223,-4.22737e-07,1259.87,193777,-1.71951e-07,1425.68,204839,4.55555e-07,11.7194,11.96,12.6541,2.21263,4.16949,0.989383,2.67766,5.84076,0.311842,3.14343,7.55825,0.0972771,3.63127,9.58578,0.0303237,4.15787,12.0912,0.00945211,4.73731,15.2286,0.00294633,5.38238,19.1721,0.000918508,6.10553,24.134,0.000286163,6.91951,30.3791,8.92692e-05,7.83792,38.2397,2.78121e-05,8.87555,48.1338,8.65134e-06,10.0489,60.5876,2.7882e-06,11.3761,76.2629,8.29036e-07,12.8779,95.9927,2.4373e-07,14.5775,120.825,1e-08,16.5012,152.08,1.75749e-07,18.6784,191.415,1e-08,21.1428,240.917,1.91829e-07,23.9322,303.213,1e-08,27.0895,381.602,7.0186e-08,30.6634,480.231,1e-08,34.7087,604.316,2.40784e-07,39.2876,760.401,9.87368e-08,44.4705,956.705,1.22263e-07,50.3371,1203.54,1e-08,56.9776,1513.81,1e-08,64.494,1903.69,1e-08,73.0018,2393.4,3.9185e-07,82.6317,3008.13,1.35379e-07,93.5318,3779.25,1e-08,105.869,4745.7,2.06965e-08,119.834,5955.6,1e-08,135.641,7468.12,1e-08,153.531,9355.62,2.00739e-07,173.781,11705.8,2.28358e-07,196.701,14624.1,1e-08,222.642,18235,1e-08,252.003,22683.4,1e-08,285.234,28134,1e-08,322.845,34767,2.34258e-07,365.413,42770.9,2.99668e-07,413.588,52327.9,8.28644e-08,468.111,63591.2,1e-08,529.814,76653.2,1e-08,599.642,91502.5,1e-08,678.662,107975,2.26339e-07,768.083,125705,3.69212e-07,869.267,144088,2.04077e-07,983.76,162277,1e-08,1113.3,179223,1e-08,1259.87,193777,1e-08,1425.68,204839,4.55555e-07,6.2823,3.27286,2.43537,0.219672,6.18826,2.24117,0.56371,6.87772,2.63624,0.308279,23,7,15,1,5,1,3,11,1,2,11,0,6,11,0,4,15,0,2,17,0,3,13,0,4,42,0,12,31,0,18,38,0,14,20,0,15,60,0,12,60,0,9,80,0,7,132,0,33,197,0,20,136,0,35,180,0,8,244,0,21,399,0,42,422,0,24,348,0,30,595,0,55,1127,0,50,742,0,60,1747,0,109,1222,0,66,3769,0,126,3828,0,48,3062,0,84,4830,0,101,2503,0,124,7968,0,169,3298,0,129,12107,0,213,7528,0,226,20271,0,244,47018,0,117,31256,0,492,26822,0,624,47947,0,717,35343,0,603,81754,0,565,61936,0,498,146781,0,519,168336,0,519,202829,0,606,170918,0,899,150079,0,1944,149273,0,570,332469,0,541,293472,0
-1.05176e+08,1,8.88811e-15,10,1023,0,1.05176e+08,0.528882,1.08665,0.389689,0.145397,0.379329,3.24381,0.161596,0.446195,1.77396,0.159177,1.15e+07,4.49998e+06,6.79999e+06,1.15e+07,4.49997e+06,6.79999e+06,1.15e+07,4.49996e+06,6.79999e+06,1.15e+07,4.49995e+06,6.79999e+06,1.14999e+07,4.49993e+06,6.79999e+06,1.14999e+07,4.49991e+06,6.79999e+06,1.14999e+07,4.49989e+06,6.79999e+06,1.14999e+07,4.49986e+06,6.79999e+06,1.14999e+07,4.49982e+06,6.79999e+06,1.14999e+07,4.49977e+06,6.79999e+06,1.14999e+07,4.49971e+06,6.79999e+06,1.14999e+07,4.49963e+06,6.79999e+06,1.14998e+07,4.49953e+06,6.79999e+06,1.14998e+07,4.49941e+06,6.79999e+06,1.14998e+07,4.49926e+06,6.79999e+06,1.14998e+07,4.49906e+06,6.79999e+06,1.14997e+07,4.49882e+06,6.79999e+06,1.14997e+07,4.49851e+06,6.79999e+06,1.14997e+07,4.49812e+06,6.79999e+06,1.14996e+07,4.49764e+06,6.79999e+06,1.14996e+07,4.49702e+06,6.79999e+06,1.14995e+07,4.49625e+06,6.79999e+06,1.14995e+07,4.49528e+06,6.79999e+06,1.14994e+07,4.49406e+06,6.79999e+06,1.14993e+07,4.49253e+06,6.79999e+06,1.14992e+07,4.49059e+06,6.79999e+06,1.14991e+07,4.48817e+06,6.79999e+06,1.1499e+07,4.48511e+06,6.79999e+06,1.14988e+07,4.48128e+06,6.79999e+06,1.14987e+07,4.47646e+06,6.79999e+06,1.14985e+07,4.47041e+06,6.79999e+06,1.14983e+07,4.46281e+06,6.79999e+06,1.14981e+07,4.4533e+06,6.79999e+06,1.14979e+07,4.44138e+06,6.79999e+06,1.14976e+07,4.42649e+06,6.79999e+06,1.14972e+07,4.40789e+06,6.79999e+06,1.14969e+07,4.38471e+06,6.79999e+06,1.14965e+07,4.35592e+06,6.79999e+06,1.1496e+07,4.32027e+06,6.79999e+06,1.14955e+07,4.27629e+06,6.79999e+06,1.14949e+07,4.22231e+06,6.79999e+06,1.14942e+07,4.15647e+06,6.79999e+06,1.14934e+07,4.07676e+06,6.79999e+06,1.14926e+07,3.98112e+06,6.79999e+06,1.14916e+07,3.86765e+06,6.79999e+06,1.14905e+07,3.73474e+06,6.79999e+06,1.14892e+07,3.58148e+06,6.79999e+06,1.14878e+07,3.40785e+06,6.79999e+06,1.14862e+07,3.21513e+06,6.79999e+06,1.14844e+07,3.00605e+06,6.79999e+06,1.14823e+07,2.7848e+06,6.79999e+06,1.148e+07,2.5568e+06,6.79999e+06,1.14773e+07,2.32825e+06,6.79999e+06,13.5742,8.52444,0.508366,16.8306,13.2585,0.162638,20.0035,17.569,0.0507846,23.2616,22.4214,0.0158319,26.7328,28.3297,0.00493498,30.5212,35.6974,0.00153831,34.7178,44.9473,0.000479527,39.4086,56.5822,0.000149456,44.6796,71.2245,4.66214e-05,50.6209,89.6543,1.45419e-05,57.3297,112.852,4.54748e-06,64.9129,142.051,1.43857e-06,73.4897,178.803,4.36618e-07,83.1934,225.062,1.40153e-07,94.1745,283.286,4.96378e-08,106.602,356.568,1.05434e-07,120.669,448.799,-6.49244e-08,136.59,564.873,1.70148e-07,154.611,710.948,-5.34594e-08,175.008,894.767,1.63407e-07,198.097,1126.06,8.04804e-08,224.231,1417.07,1.14667e-07,253.813,1783.15,-1.71227e-07,287.297,2243.62,-2.88466e-07,325.198,2822.67,-4.33651e-07,368.098,3550.67,7.9318e-08,416.657,4465.65,3.13319e-07,471.621,5615.16,3.4613e-07,533.835,7058.61,-1.19199e-07,604.255,8870.02,-2.79964e-07,683.962,11141.4,-2.30521e-07,774.182,13986.7,-2.55099e-07,876.299,17546.4,1.23585e-07,991.883,21993.1,1.41192e-07,1122.71,27536.7,-9.71886e-08,1270.78,34430.7,-3.68368e-07,1438.38,42977.7,-3.45379e-07,1628.07,53532.7,-3.25328e-09,1842.77,66504.6,2.6362e-07,2085.77,82350.2,2.53445e-07,2360.79,101560,-2.47407e-08,2672.05,124632,-3.80602e-07,3024.31,152018,-4.79005e-07,3422.98,184060,-1.14379e-07,3874.15,220884,2.64297e-07,4384.72,262283,3.44131e-07,4962.49,307576,7.5349e-08,5616.29,355497,-3.63097e-07,6356.1,404126,-6.05442e-07,7193.18,450932,-2.72333e-07,8140.28,492963,2.29675e-07,9211.79,527178,4.3387e-07,10424,550893,-1.0711e-07,10.102,8.06553,2.81012,10.6436,8.57909,0.869423,11.5336,10.2515,0.270869,12.7211,12.7138,0.0844293,14.1823,15.9373,0.0263173,15.9122,20.0383,0.0082035,17.9198,25.2154,0.00255722,20.2244,31.7373,0.000797017,22.8539,39.9486,0.000248622,25.8438,50.2851,7.75492e-05,29.237,63.2963,2.42508e-05,33.0837,79.6738,7.67162e-06,37.4415,100.288,2.32837e-06,42.3767,126.236,7.33e-07,47.9646,158.896,2.79256e-07,54.2906,200.003,9.87351e-09,61.452,251.741,1.61085e-07,69.5585,316.859,-2.47141e-07,78.7347,398.812,8.93552e-08,89.1218,501.948,-2.53231e-07,100.879,631.736,-1.25047e-07,114.188,795.049,-1.78808e-07,129.252,1000.53,2.6733e-07,146.304,1259.03,4.50292e-07,165.605,1584.19,6.76904e-07,187.452,1993.12,-1.23808e-07,212.181,2507.27,-4.89068e-07,240.173,3153.54,-5.40284e-07,271.856,3965.56,1.86061e-07,307.719,4985.38,4.37004e-07,348.313,6265.4,3.59828e-07,394.26,7870.83,3.98192e-07,446.268,9882.51,-1.92908e-07,505.135,12400.3,-2.20392e-07,571.766,15546.9,1.51705e-07,647.184,19472.2,5.74996e-07,732.547,24357.4,5.39112e-07,829.167,30420,5.07815e-09,938.526,37916.3,-4.11492e-07,1062.3,47143.9,-3.9561e-07,1202.4,58439.2,3.86185e-08,1360.96,72169.3,5.94093e-07,1540.42,88715.8,7.47693e-07,1743.53,108445,1.78537e-07,1973.41,131665,-4.12549e-07,2233.57,158557,-5.37164e-07,2528,189103,-1.17615e-07,2861.2,222986,5.66769e-07,3238.27,259510,9.45053e-07,3664.97,297540,4.25093e-07,4147.81,335497,-3.58506e-07,4694.17,371444,-6.7724e-07,5312.37,403256,1.67192e-07,1.61744,3.89446,9.84394,3.28846,7.5504,12.774,5.07607,11.7187,13.6844,7.03202,16.8147,13.9681,9.20215,23.1769,14.0566,11.6301,31.1672,14.0841,14.3598,41.2186,14.0927,17.4376,53.8688,14.0954,20.9137,69.7915,14.0962,24.8432,89.8341,14.0965,29.2879,115.063,14.0966,34.3168,146.819,14.0966,40.0078,186.792,14.0966,46.4487,237.107,14.0966,53.7388,300.44,14.0966,61.9903,380.158,14.0966,71.3301,480.499,14.0966,81.902,606.796,14.0966,93.8685,765.761,14.0966,107.414,965.837,14.0966,122.746,1217.65,14.0966,140.101,1534.57,14.0966,159.745,1933.41,14.0966,181.981,2435.3,14.0966,207.15,3066.85,14.0966,235.64,3861.46,14.0966,267.889,4861.11,14.0966,304.391,6118.54,14.0966,345.709,7699.91,14.0966,392.478,9688.22,14.0966,445.417,12187.5,14.0966,505.339,15327.7,14.0966,573.165,19271.6,14.0966,649.938,24222,14.0966,736.839,30430.9,14.0966,835.202,38211.5,14.0966,946.539,47950.3,14.0966,1072.56,60122.8,14.0966,1215.21,75309.9,14.0966,1376.66,94216.2,14.0966,1559.41,117688,14.0966,1766.26,146729,14.0966,2000.39,182510,14.0966,2265.39,226372,14.0966,2565.33,279806,14.0966,2904.81,344416,14.0966,3289.05,421845,14.0966,3723.93,513667,14.0966,4216.13,621231,14.0966,4773.18,745478,14.0966,5403.64,886744,14.0966,6117.15,1.04457e+06,14.0966,6924.63,1.2176e+06,14.0966,11.7194,11.96,12.6541,13.9321,16.1295,13.6434,16.6097,21.9702,13.9553,19.7532,29.5285,14.0526,23.3844,39.1143,14.0829,27.5423,51.2054,14.0923,32.2796,66.434,14.0953,37.662,85.6061,14.0962,43.7675,109.74,14.0965,50.687,140.119,14.0966,58.5249,178.359,14.0966,67.4005,226.493,14.0966,77.4493,287.08,14.0966,88.8254,363.343,14.0966,101.703,459.336,14.0966,116.281,580.161,14.0966,132.782,732.241,14.0966,151.46,923.655,14.0966,172.603,1164.57,14.0966,196.535,1467.79,14.0966,223.625,1849.39,14.0966,254.288,2329.62,14.0966,288.997,2933.93,14.0966,328.285,3694.33,14.0966,372.755,4651.04,14.0966,423.092,5854.57,14.0966,480.07,7368.38,14.0966,544.564,9272.08,14.0966,617.566,11665.5,14.0966,700.197,14673.6,14.0966,793.729,18452.9,14.0966,899.599,23198.6,14.0966,1019.43,29154.1,14.0966,1155.07,36622.3,14.0966,1308.6,45977.9,14.0966,1482.39,57683.7,14.0966,1679.09,72307.8,14.0966,1901.73,90542.8,14.0966,2153.73,113226,14.0966,2438.97,141360,14.0966,2761.81,176127,14.0966,3127.22,218898,14.0966,3540.81,271226,14.0966,4008.92,334817,14.0966,4538.74,411470,14.0966,5138.38,502973,14.0966,5817.04,610948,14.0966,6585.12,736653,14.0966,7454.39,880741,14.0966,8438.15,1.04302e+06,14.0966,9551.45,1.22224e+06,14.0966,10811.3,1.41602e+06,14.0966,12237,1.62086e+06,14.0966,11.7194,11.96,12.6541,2.21263,4.16949,0.989383,2.67766,5.84076,0.311842,3.14343,7.55825,0.0972771,3.63127,9.58578,0.0303237,4.15787,12.0912,0.00945211,4.73731,15.2286,0.00294633,5.38238,19.1721,0.000918508,6.10553,24.134,0.000286163,6.91951,30.3791,8.92692e-05,7.83792,38.2397,2.78121e-05,8.87555,48.1338,8.65134e-06,10.0489,60.5876,2.7882e-06,11.3761,76.2629,8.29036e-07,12.8779,95.9927,2.4373e-07,14.5775,120.825,4.33068e-09,16.5012,152.08,1.75749e-07,18.6784,191.415,-1.86328e-07,21.1428,240.917,1.91829e-07,23.9322,303.213,-1.81475e-07,27.0895,381.602,7.0186e-08,30.6634,480.231,-2.86769e-08,34.7087,604.316,2.40784e-07,39.2876,760.401,9.87368e-08,44.4705,956.705,1.22263e-07,50.3371,1203.54,-4.31966e-07,56.9776,1513.81,-1.9705e-07,64.494,1903.69,-2.763e-08,73.0018,2393.4,3.9185e-07,82.6317,3008.13,1.35379e-07,93.5318,3779.25,-4.16351e-08,105.869,4745.7,2.06965e-08,119.834,5955.6,-3.18887e-07,135.641,7468.12,-1.48271e-08,153.531,9355.62,2.00739e-07,173.781,11705.8,2.28358e-07,196.701,14624.1,-1.93587e-08,222.642,18235,-2.88101e-07,252.003,22683.4,-2.24732e-07,285.234,28134,8.56806e-09,322.845,34767,2.34258e-07,365.413,42770.9,2.99668e-07,413.588,52327.9,8.28644e-08,468.111,63591.2,-3.07049e-07,529.814,76653.2,-3.1888e-07,599.642,91502.5,-6.72276e-08,678.662,107975,2.26339e-07,768.083,125705,3.69212e-07,869.267,144088,2.04077e-07,983.76,162277,-2.80509e-07,1113.3,179223,-4.22737e-07,1259.87,193777,-1.71951e-07,1425.68,204839,4.55555e-07,11.7194,11.96,12.6541,2.21263,4.16949,0.989383,2.67766,5.84076,0.311842,3.14343,7.55825,0.0972771,3.63127,9.58578,0.0303237,4.15787,12.0912,0.00945211,4.73731,15.2286,0.00294633,5.38238,19.1721,0.000918508,6.10553,24.134,0.000286163,6.91951,30.3791,8.92692e-05,7.83792,38.2397,2.78121e-05,8.87555,48.1338,8.65134e-06,10.0489,60.5876,2.7882e-06,11.3761,76.2629,8.29036e-07,12.8779,95.9927,2.4373e-07,14.5775,120.825,1e-08,16.5012,152.08,1.75749e-07,18.6784,191.415,1e-08,21.1428,240.917,1.91829e-07,23.9322,303.213,1e-08,27.0895,381.602,7.0186e-08,30.6634,480.231,1e-08,34.7087,604.316,2.40784e-07,39.2876,760.401,9.87368e-08,44.4705,956.705,1.22263e-07,50.3371,1203.54,1e-08,56.9776,1513.81,1e-08,64.494,1903.69,1e-08,73.0018,2393.4,3.9185e-07,82.6317,3008.13,1.35379e-07,93.5318,3779.25,1e-08,105.869,4745.7,2.06965e-08,119.834,5955.6,1e-08,135.641,7468.12,1e-08,153.531,9355.62,2.00739e-07,173.781,11705.8,2.28358e-07,196.701,14624.1,1e-08,222.642,18235,1e-08,252.003,22683.4,1e-08,285.234,28134,1e-08,322.845,34767,2.34258e-07,365.413,42770.9,2.99668e-07,413.588,52327.9,8.28644e-08,468.111,63591.2,1e-08,529.814,76653.2,1e-08,599.642,91502.5,1e-08,678.662,107975,2.26339e-07,768.083,125705,3.69212e-07,869.267,144088,2.04077e-07,983.76,162277,1e-08,1113.3,179223,1e-08,1259.87,193777,1e-08,1425.68,204839,4.55555e-07,6.2823,3.27286,2.43537,0.219672,6.18826,2.24117,0.56371,6.87772,2.63624,0.308279,7,16,9,2,2,0,0,10,0,5,3,0,5,7,0,9,14,0,1,11,0,2,21,0,11,3,0,4,35,0,12,66,0,10,72,0,12,54,0,13,185,0,6,117,0,16,89,0,12,164,0,22,225,0,20,292,0,12,221,0,10,424,0,20,824,0,19,730,0,70,706,0,38,947,0,75,378,0,29,922,0,10,1049,0,19,1083,0,104,2610,0,116,4569,0,104,3088,0,212,4643,0,96,13014,0,151,13043,0,117,9805,0,171,9935,0,177,17295,0,136,25229,0,143,22445,0,409,24994,0,651,33534,0,82,62875,0,482,47521,0,778,36793,0,684,104227,0,750,64608,0,1270,123546,0,1074,148137,0,599,108367,0,1253,121925,0,883,126154,0,1545,222370,0
-1.05176e+08,1,8.88811e-15,10,1023,0,1.05176e+08,0.528882,1.08665,0.389689,0.145397,0.379329,3.24381,0.161596,0.446195,1.77396,0.159177,1.15e+07,4.49998e+06,6.79999e+06,1.15e+07,4.49997e+06,6.79999e+06,1.15e+07,4.49996e+06,6.79999e+06,1.15e+07,4.49995e+06,6.79999e+06,1.14999e+07,4.49993e+06,6.79999e+06,1.14999e+07,4.49991e+06,6.79999e+06,1.14999e+07,4.49989e+06,6.79999e+06,1.14999e+07,4.49986e+06,6.79999e+06,1.14999e+07,4.49982e+06,6.79999e+06,1.14999e+07,4.49977e+06,6.79999e+06,1.14999e+07,4.49971e+06,6.79999e+06,1.14999e+07,4.49963e+06,6.79999e+06,1.14998e+07,4.49953e+06,6.79999e+06,1.14998e+07,4.49941e+06,6.79999e+06,1.14998e+07,4.49926e+06,6.79999e+06,1.14998e+07,4.49906e+06,6.79999e+06,1.14997e+07,4.49882e+06,6.79999e+06,1.14997e+07,4.49851e+06,6.79999e+06,1.14997e+07,4.49812e+06,6.79999e+06,1.14996e+07,4.49764e+06,6.79999e+06,1.14996e+07,4.49702e+06,6.79999e+06,1.14995e+07,4.49625e+06,6.79999e+06,1.14995e+07,4.49528e+06,6.79999e+06,1.14994e+07,4.49406e+06,6.79999e+06,1.14993e+07,4.49253e+06,6.79999e+06,1.14992e+07,4.49059e+06,6.79999e+06,1.14991e+07,4.48817e+06,6.79999e+06,1.1499e+07,4.48511e+06,6.79999e+06,1.14988e+07,4.48128e+06,6.79999e+06,1.14987e+07,4.47646e+06,6.79999e+06,1.14985e+07,4.47041e+06,6.79999e+06,1.14983e+07,4.46281e+06,6.79999e+06,1.14981e+07,4.4533e+06,6.79999e+06,1.14979e+07,4.44138e+06,6.79999e+06,1.14976e+07,4.42649e+06,6.79999e+06,1.14972e+07,4.40789e+06,6.79999e+06,1.14969e+07,4.38471e+06,6.79999e+06,1.14965e+07,4.35592e+06,6.79999e+06,1.1496e+07,4.32027e+06,6.79999e+06,1.14955e+07,4.27629e+06,6.79999e+06,1.14949e+07,4.22231e+06,6.79999e+06,1.14942e+07,4.15647e+06,6.79999e+06,1.14934e+07,4.07676e+06,6.79999e+06,1.14926e+07,3.98112e+06,6.79999e+06,1.14916e+07,3.86765e+06,6.79999e+06,1.14905e+07,3.73474e+06,6.79999e+06,1.14892e+07,3.58148e+06,6.79999e+06,1.14878e+07,3.40785e+06,6.79999e+06,1.14862e+07,3.21513e+06,6.79999e+06,1.14844e+07,3.00605e+06,6.79999e+06,1.14823e+07,2.7848e+06,6.79999e+06,1.148e+07,2.5568e+06,6.79999e+06,1.14773e+07,2.32825e+06,6.79999e+06,13.5742,8.52444,0.508366,16.8306,13.2585,0.162638,20.0035,17.569,0.0507846,23.2616,22.4214,0.0158319,26.7328,28.3297,0.00493498,30.5212,35.6974,0.00153831,34.7178,44.9473,0.000479527,39.4086,56.5822,0.000149456,44.6796,71.2245,4.66214e-05,50.6209,89.6543,1.45419e-05,57.3297,112.852,4.54748e-06,64.9129,142.051,1.43857e-06,73.4897,178.803,4.36618e-07,83.1934,225.062,1.40153e-07,94.1745,283.286,4.96378e-08,106.602,356.568,1.05434e-07,120.669,448.799,-6.49244e-08,136.59,564.873,1.70148e-07,154.611,710.948,-5.34594e-08,175.008,894.767,1.63407e-07,198.097,1126.06,8.04804e-08,224.231,1417.07,1.14667e-07,253.813,1783.15,-1.71227e-07,287.297,2243.62,-2.88466e-07,325.198,2822.67,-4.33651e-07,368.098,3550.67,7.9318e-08,416.657,4465.65,3.13319e-07,471.621,5615.16,3.4613e-07,533.835,7058.61,-1.19199e-07,604.255,8870.02,-2.79964e-07,683.962,11141.4,-2.30521e-07,774.182,13986.7,-2.55099e-07,876.299,17546.4,1.23585e-07,991.883,21993.1,1.41192e-07,1122.71,27536.7,-9.71886e-08,1270.78,34430.7,-3.68368e-07,1438.38,42977.7,-3.45379e-07,1628.07,53532.7,-3.25328e-09,1842.77,66504.6,2.6362e-07,2085.77,82350.2,2.53445e-07,2360.79,101560,-2.47407e-08,2672.05,124632,-3.80602e-07,3024.31,152018,-4.79005e-07,3422.98,184060,-1.14379e-07,3874.15,220884,2.64297e-07,4384.72,262283,3.44131e-07,4962.49,307576,7.5349e-08,5616.29,355497,-3.63097e-07,6356.1,404126,-6.05442e-07,7193.18,450932,-2.72333e-07,8140.28,492963,2.29675e-07,9211.79,527178,4.3387e-07,10424,550893,-1.0711e-07,10.102,8.06553,2.81012,10.6436,8.57909,0.869423,11.5336,10.2515,0.270869,12.7211,12.7138,0.0844293,14.1823,15.9373,0.0263173,15.9122,20.0383,0.0082035,17.9198,25.2154,0.00255722,20.2244,31.7373,0.000797017,22.8539,39.9486,0.000248622,25.8438,50.2851,7.75492e-05,29.237,63.2963,2.42508e-05,33.0837,79.6738,7.67162e-06,37.4415,100.288,2.32837e-06,42.3767,126.236,7.33e-07,47.9646,158.896,2.79256e-07,54.2906,200.003,9.87351e-09,61.452,251.741,1.61085e-07,69.5585,316.859,-2.47141e-07,78.7347,398.812,8.93552e-08,89.1218,501.948,-2.53231e-07,100.879,631.736,-1.25047e-07,114.188,795.049,-1.78808e-07,129.252,1000.53,2.6733e-07,146.304,1259.03,4.50292e-07,165.605,1584.19,6.76904e-07,187.452,1993.12,-1.23808e-07,212.181,2507.27,-4.89068e-07,240.173,3153.54,-5.40284e-07,271.856,3965.56,1.86061e-07,307.719,4985.38,4.37004e-07,348.313,6265.4,3.59828e-07,394.26,7870.83,3.98192e-07,446.268,9882.51,-1.92908e-07,505.135,12400.3,-2.20392e-07,571.766,15546.9,1.51705e-07,647.184,19472.2,5.74996e-07,732.547,24357.4,5.39112e-07,829.167,30420,5.07815e-09,938.526,37916.3,-4.11492e-07,1062.3,47143.9,-3.9561e-07,1202.4,58439.2,3.86185e-08,1360.96,72169.3,5.94093e-07,1540.42,88715.8,7.47693e-07,1743.53,108445,1.78537e-07,1973.41,131665,-4.12549e-07,2233.57,158557,-5.37164e-07,2528,189103,-1.17615e-07,2861.2,222986,5.66769e-07,3238.27,259510,9.45053e-07,3664.97,297540,4.25093e-07,4147.81,335497,-3.58506e-07,4694.17,371444,-6.7724e-07,5312.37,403256,1.67192e-07,1.61744,3.89446,9.84394,3.28846,7.5504,12.774,5.07607,11.7187,13.6844,7.03202,16.8147,13.9681,9.20215,23.1769,14.0566,11.6301,31.1672,14.0841,14.3598,41.2186,14.0927,17.4376,53.8688,14.0954,20.9137,69.7915,14.0962,24.8432,89.8341,14.0965,29.2879,115.063,14.0966,34.3168,146.819,14.0966,40.0078,186.792,14.0966,46.4487,237.107,14.0966,53.7388,300.44,14.0966,61.9903,380.158,14.0966,71.3301,480.499,14.0966,81.902,606.796,14.0966,93.8685,765.761,14.0966,107.414,965.837,14.0966,122.746,1217.65,14.0966,140.101,1534.57,14.0966,159.745,1933.41,14.0966,181.981,2435.3,14.0966,207.15,3066.85,14.0966,235.64,3861.46,14.0966,267.889,4861.11,14.0966,304.391,6118.54,14.0966,345.709,7699.91,14.0966,392.478,9688.22,14.0966,445.417,12187.5,14.0966,505.339,15327.7,14.0966,573.165,19271.6,14.0966,649.938,24222,14.0966,736.839,30430.9,14.0966,835.202,38211.5,14.0966,946.539,47950.3,14.0966,1072.56,60122.8,14.0966,1215.21,75309.9,14.0966,1376.66,94216.2,14.0966,1559.41,117688,14.0966,1766.26,146729,14.0966,2000.39,182510,14.0966,2265.39,226372,14.0966,2565.33,279806,14.0966,2904.81,344416,14.0966,3289.05,421845,14.0966,3723.93,513667,14.0966,4216.13,621231,14.0966,4773.18,745478,14.0966,5403.64,886744,14.0966,6117.15,1.04457e+06,14.0966,6924.63,1.2176e+06,14.0966,11.7194,11.96,12.6541,13.9321,16.1295,13.6434,16.6097,21.9702,13.9553,19.7532,29.5285,14.0526,23.3844,39.1143,14.0829,27.5423,51.2054,14.0923,32.2796,66.434,14.0953,37.662,85.6061,14.0962,43.7675,109.74,14.0965,50.687,140.119,14.0966,58.5249,178.359,14.0966,67.4005,226.493,14.0966,77.4493,287.08,14.0966,88.8254,363.343,14.0966,101.703,459.336,14.0966,116.281,580.161,14.0966,132.782,732.241,14.0966,151.46,923.655,14.0966,172.603,1164.57,14.0966,196.535,1467.79,14.0966,223.625,1849.39,14.0966,254.288,2329.62,14.0966,288.997,2933.93,14.0966,328.285,3694.33,14.0966,372.755,4651.04,14.0966,423.092,5854.57,14.0966,480.07,7368.38,14.0966,544.564,9272.08,14.0966,617.566,11665.5,14.0966,700.197,14673.6,14.0966,793.729,18452.9,14.0966,899.599,23198.6,14.0966,1019.43,29154.1,14.0966,1155.07,36622.3,14.0966,1308.6,45977.9,14.0966,1482.39,57683.7,14.0966,1679.09,72307.8,14.0966,1901.73,90542.8,14.0966,2153.73,113226,14.0966,2438.97,141360,14.0966,2761.81,176127,14.0966,3127.22,218898,14.0966,3540.81,271226,14.0966,4008.92,334817,14.0966,4538.74,411470,14.0966,5138.38,502973,14.0966,5817.04,610948,14.0966,6585.12,736653,14.0966,7454.39,880741,14.0966,8438.15,1.04302e+06,14.0966,9551.45,1.22224e+06,14.0966,10811.3,1.41602e+06,14.0966,12237,1.62086e+06,14.0966,11.7194,11.96,12.6541,2.21263,4.16949,0.989383,2.67766,5.84076,0.311842,3.14343,7.55825,0.0972771,3.63127,9.58578,0.0303237,4.15787,12.0912,0.00945211,4.73731,15.2286,0.00294633,5.38238,19.1721,0.000918508,6.10553,24.134,0.000286163,6.91951,30.3791,8.92692e-05,7.83792,38.2397,2.78121e-05,8.87555,48.1338,8.65134e-06,10.0489,60.5876,2.7882e-06,11.3761,76.2629,8.29036e-07,12.8779,95.9927,2.4373e-07,14.5775,120.825,4.33068e-09,16.5012,152.08,1.75749e-07,18.6784,191.415,-1.86328e-07,21.1428,240.917,1.91829e-07,23.9322,303.213,-1.81475e-07,27.0895,381.602,7.0186e-08,30.6634,480.231,-2.86769e-08,34.7087,604.316,2.40784e-07,39.2876,760.401,9.87368e-08,44.4705,956.705,1.22263e-07,50.3371,1203.54,-4.31966e-07,56.9776,1513.81,-1.9705e-07,64.494,1903.69,-2.763e-08,73.0018,2393.4,3.9185e-07,82.6317,3008.13,1.35379e-07,93.5318,3779.25,-4.16351e-08,105.869,4745.7,2.06965e-08,119.834,5955.6,-3.18887e-07,135.641,7468.12,-1.48271e-08,153.531,9355.62,2.00739e-07,173.781,11705.8,2.28358e-07,196.701,14624.1,-1.93587e-08,222.642,18235,-2.88101e-07,252.003,22683.4,-2.24732e-07,285.234,28134,8.56806e-09,322.845,34767,2.34258e-07,365.413,42770.9,2.99668e-07,413.588,52327.9,8.28644e-08,468.111,63591.2,-3.07049e-07,529.814,76653.2,-3.1888e-07,599.642,91502.5,-6.72276e-08,678.662,107975,2.26339e-07,768.083,125705,3.69212e-07,869.267,144088,2.04077e-07,983.76,162277,-2.80509e-07,1113.3,179223,-4.22737e-07,1259.87,193777,-1.71951e-07,1425.68,204839,4.55555e-07,11.7194,11.96,12.6541,2.21263,4.16949,0.989383,2.67766,5.84076,0.311842,3.14343,7.55825,0.0972771,3.63127,9.58578,0.0303237,4.15787,12.0912,0.00945211,4.73731,15.2286,0.00294633,5.38238,19.1721,0.000918508,6.10553,24.134,0.000286163,6.91951,30.3791,8.92692e-05,7.83792,38.2397,2.78121e-05,8.87555,48.1338,8.65134e-06,10.0489,60.5876,2.7882e-06,11.3761,76.2629,8.29036e-07,12.8779,95.9927,2.4373e-07,14.5775,120.825,1e-08,16.5012,152.08,1.75749e-07,18.6784,191.415,1e-08,21.1428,240.917,1.91829e-07,23.9322,303.213,1e-08,27.0895,381.602,7.0186e-08,30.6634,480.231,1e-08,34.7087,604.316,2.40784e-07,39.2876,760.401,9.87368e-08,44.4705,956.705,1.22263e-07,50.3371,1203.54,1e-08,56.9776,1513.81,1e-08,64.494,1903.69,1e-08,73.0018,2393.4,3.9185e-07,82.6317,3008.13,1.35379e-07,93.5318,3779.25,1e-08,105.869,4745.7,2.06965e-08,119.834,5955.6,1e-08,135.641,7468.12,1e-08,153.531,9355.62,2.00739e-07,173.781,11705.8,2.28358e-07,196.701,14624.1,1e-08,222.642,18235,1e-08,252.003,22683.4,1e-08,285.234,28134,1e-08,322.845,34767,2.34258e-07,365.413,42770.9,2.99668e-07,413.588,52327.9,8.28644e-08,468.111,63591.2,1e-08,529.814,76653.2,1e-08,599.642,91502.5,1e-08,678.662,107975,2.26339e-07,768.083,125705,3.69212e-07,869.267,144088,2.04077e-07,983.76,162277,1e-08,1113.3,179223,1e-08,1259.87,193777,1e-08,1425.68,204839,4.55555e-07,6.2823,3.27286,2.43537,0.219672,6.18826,2.24117,0.56371,6.87772,2.63624,0.308279,12,9,12,3,1,2,6,5,1,7,3,0,1,7,0,0,17,0,4,15,0,4,8,0,7,29,0,3,18,0,8,23,0,16,29,0,4,82,0,7,50,0,12,124,0,22,139,0,8,96,0,38,160,0,30,183,0,22,348,0,34,415,0,22,550,0,34,609,0,22,710,0,67,1721,0,53,1337,0,62,2461,0,79,2536,0,82,3105,0,63,2466,0,133,5580,0,131,5667,0,51,3484,0,184,3595,0,321,8057,0,110,8748,0,153,8082,0,147,10770,0,309,13007,0,340,22443,0,607,56695,0,211,37130,0,693,41803,0,293,59612,0,679,45997,0,753,152403,0,743,103758,0,623,114283,0,531,195348,0,855,287752,0,1207,82118,0,874,172628,0,1163,330536,0
-1.05176e+08,1,8.88811e-15,10,1023,0,1.05176e+08,0.528882,1.08665,0.389689,0.145397,0.379329,3.24381,0.161596,0.446195,1.77396,0.159177,1.15e+07,4.49998e+06,6.79999e+06,1.15e+07,4.49997e+06,6.79999e+06,1.15e+07,4.49996e+06,6.79999e+06,1.15e+07,4.49995e+06,6.79999e+06,1.14999e+07,4.49993e+06,6.79999e+06,1.14999e+07,4.49991e+06,6.79999e+06,1.14999e+07,4.49989e+06,6.79999e+06,1.14999e+07,4.49986e+06,6.79999e+06,1.14999e+07,4.49982e+06,6.79999e+06,1.14999e+07,4.49977e+06,6.79999e+06,1.14999e+07,4.49971e+06,6.79999e+06,1.14999e+07,4.49963e+06,6.79999e+06,1.14998e+07,4.49953e+06,6.79999e+06,1.14998e+07,4.49941e+06,6.79999e+06,1.14998e+07,4.49926e+06,6.79999e+06,1.14998e+07,4.49906e+06,6.79999e+06,1.14997e+07,4.49882e+06,6.79999e+06,1.14997e+07,4.49851e+06,6.79999e+06,1.14997e+07,4.49812e+06,6.79999e+06,1.14996e+07,4.49764e+06,6.79999e+06,1.14996e+07,4.49702e+06,6.79999e+06,1.14995e+07,4.49625e+06,6.79999e+06,1.14995e+07,4.49528e+06,6.79999e+06,1.14994e+07,4.49406e+06,6.79999e+06,1.14993e+07,4.49253e+06,6.79999e+06,1.14992e+07,4.49059e+06,6.79999e+06,1.14991e+07,4.48817e+06,6.79999e+06,1.1499e+07,4.48511e+06,6.79999e+06,1.14988e+07,4.48128e+06,6.79999e+06,1.14987e+07,4.47646e+06,6.79999e+06,1.14985e+07,4.47041e+06,6.79999e+06,1.14983e+07,4.46281e+06,6.79999e+06,1.14981e+07,4.4533e+06,6.79999e+06,1.14979e+07,4.44138e+06,6.79999e+06,1.14976e+07,4.42649e+06,6.79999e+06,1.14972e+07,4.40789e+06,6.79999e+06,1.14969e+07,4.38471e+06,6.79999e+06,1.14965e+07,4.35592e+06,6.79999e+06,1.1496e+07,4.32027e+06,6.79999e+06,1.14955e+07,4.27629e+06,6.79999e+06,1.14949e+07,4.22231e+06,6.79999e+06,1.14942e+07,4.15647e+06,6.79999e+06,1.14934e+07,4.07676e+06,6.79999e+06,1.14926e+07,3.98112e+06,6.79999e+06,1.14916e+07,3.86765e+06,6.79999e+06,1.14905e+07,3.73474e+06,6.79999e+06,1.14892e+07,3.58148e+06,6.79999e+06,1.14878e+07,3.40785e+06,6.79999e+06,1.14862e+07,3.21513e+06,6.79999e+06,1.14844e+07,3.00605e+06,6.79999e+06,1.14823e+07,2.7848e+06,6.79999e+06,1.148e+07,2.5568e+06,6.79999e+06,1.14773e+07,2.32825e+06,6.79999e+06,13.5742,8.52444,0.508366,16.8306,13.2585,0.162638,20.0035,17.569,0.0507846,23.2616,22.4214,0.0158319,26.7328,28.3297,0.00493498,30.5212,35.6974,0.00153831,34.7178,44.9473,0.000479527,39.4086,56.5822,0.000149456,44.6796,71.2245,4.66214e-05,50.6209,89.6543,1.45419e-05,57.3297,112.852,4.54748e-06,64.9129,142.051,1.43857e-06,73.4897,178.803,4.36618e-07,83.1934,225.062,1.40153e-07,94.1745,283.286,4.96378e-08,106.602,356.568,1.05434e-07,120.669,448.799,-6.49244e-08,136.59,564.873,1.70148e-07,154.611,710.948,-5.34594e-08,175.008,894.767,1.63407e-07,198.097,1126.06,8.04804e-08,224.231,1417.07,1.14667e-07,253.813,1783.15,-1.71227e-07,287.297,2243.62,-2.88466e-07,325.198,2822.67,-4.33651e-07,368.098,3550.67,7.9318e-08,416.657,4465.65,3.13319e-07,471.621,5615.16,3.4613e-07,533.835,7058.61,-1.19199e-07,604.255,8870.02,-2.79964e-07,683.962,11141.4,-2.30521e-07,774.182,13986.7,-2.55099e-07,876.299,17546.4,1.23585e-07,991.883,21993.1,1.41192e-07,1122.71,27536.7,-9.71886e-08,1270.78,34430.7,-3.68368e-07,1438.38,42977.7,-3.45379e-07,1628.07,53532.7,-3.25328e-09,1842.77,66504.6,2.6362e-07,2085.77,82350.2,2.53445e-07,2360.79,101560,-2.47407e-08,2672.05,124632,-3.80602e-07,3024.31,152018,-4.79005e-07,3422.98,184060,-1.14379e-07,3874.15,220884,2.64297e-07,4384.72,262283,3.44131e-07,4962.49,307576,7.5349e-08,5616.29,355497,-3.63097e-07,6356.1,404126,-6.05442e-07,7193.18,450932,-2.72333e-07,8140.28,492963,2.29675e-07,9211.79,527178,4.3387e-07,10424,550893,-1.0711e-07,10.102,8.06553,2.81012,10.6436,8.57909,0.869423,11.5336,10.2515,0.270869,12.7211,12.7138,0.0844293,14.1823,15.9373,0.0263173,15.9122,20.0383,0.0082035,17.9198,25.2154,0.00255722,20.2244,31.7373,0.000797017,22.8539,39.9486,0.000248622,25.8438,50.2851,7.75492e-05,29.237,63.2963,2.42508e-05,33.0837,79.6738,7.67162e-06,37.4415,100.288,2.32837e-06,42.3767,126.236,7.33e-07,47.9646,158.896,2.79256e-07,54.2906,200.003,9.87351e-09,61.452,251.741,1.61085e-07,69.5585,316.859,-2.47141e-07,78.7347,398.812,8.93552e-08,89.1218,501.948,-2.53231e-07,100.879,631.736,-1.25047e-07,114.188,795.049,-1.78808e-07,129.252,1000.53,2.6733e-07,146.304,1259.03,4.50292e-07,165.605,1584.19,6.76904e-07,187.452,1993.12,-1.23808e-07,212.181,2507.27,-4.89068e-07,240.173,3153.54,-5.40284e-07,271.856,3965.56,1.86061e-07,307.719,4985.38,4.37004e-07,348.313,6265.4,3.59828e-07,394.26,7870.83,3.98192e-07,446.268,9882.51,-1.92908e-07,505.135,12400.3,-2.20392e-07,571.766,15546.9,1.51705e-07,647.184,19472.2,5.74996e-07,732.547,24357.4,5.39112e-07,829.167,30420,5.07815e-09,938.526,37916.3,-4.11492e-07,1062.3,47143.9,-3.9561e-07,1202.4,58439.2,3.86185e-08,1360.96,72169.3,5.94093e-07,1540.42,88715.8,7.47693e-07,1743.53,108445,1.78537e-07,1973.41,131665,-4.12549e-07,2233.57,158557,-5.37164e-07,2528,189103,-1.17615e-07,2861.2,222986,5.66769e-07,3238.27,259510,9.45053e-07,3664.97,297540,4.25093e-07,4147.81,335497,-3.58506e-07,4694.17,371444,-6.7724e-07,5312.37,403256,1.67192e-07,1.61744,3.89446,9.84394,3.28846,7.5504,12.774,5.07607,11.7187,13.6844,7.03202,16.8147,13.9681,9.20215,23.1769,14.0566,11.6301,31.1672,14.0841,14.3598,41.2186,14.0927,17.4376,53.8688,14.0954,20.9137,69.7915,14.0962,24.8432,89.8341,14.0965,29.2879,115.063,14.0966,34.3168,146.819,14.0966,40.0078,186.792,14.0966,46.4487,237.107,14.0966,53.7388,300.44,14.0966,61.9903,380.158,14.0966,71.3301,480.499,14.0966,81.902,606.796,14.0966,93.8685,765.761,14.0966,107.414,965.837,14.0966,122.746,1217.65,14.0966,140.101,1534.57,14.0966,159.745,1933.41,14.0966,181.981,2435.3,14.0966,207.15,3066.85,14.0966,235.64,3861.46,14.0966,267.889,4861.11,14.0966,304.391,6118.54,14.0966,345.709,7699.91,14.0966,392.478,9688.22,14.0966,445.417,12187.5,14.0966,505.339,15327.7,14.0966,573.165,19271.6,14.0966,649.938,24222,14.0966,736.839,30430.9,14.0966,835.202,38211.5,14.0966,946.539,47950.3,14.0966,1072.56,60122.8,14.0966,1215.21,75309.9,14.0966,1376.66,94216.2,14.0966,1559.41,117688,14.0966,1766.26,146729,14.0966,2000.39,182510,14.0966,2265.39,226372,14.0966,2565.33,279806,14.0966,2904.81,344416,14.0966,3289.05,421845,14.0966,3723.93,513667,14.0966,4216.13,621231,14.0966,4773.18,745478,14.0966,5403.64,886744,14.0966,6117.15,1.04457e+06,14.0966,6924.63,1.2176e+06,14.0966,11.7194,11.96,12.6541,13.9321,16.1295,13.6434,16.6097,21.9702,13.9553,19.7532,29.5285,14.0526,23.3844,39.1143,14.0829,27.5423,51.2054,14.0923,32.2796,66.434,14.0953,37.662,85.6061,14.0962,43.7675,109.74,14.0965,50.687,140.119,14.0966,58.5249,178.359,14.0966,67.4005,226.493,14.0966,77.4493,287.08,14.0966,88.8254,363.343,14.0966,101.703,459.336,14.0966,116.281,580.161,14.0966,132.782,732.241,14.0966,151.46,923.655,14.0966,172.603,1164.57,14.0966,196.535,1467.79,14.0966,223.625,1849.39,14.0966,254.288,2329.62,14.0966,288.997,2933.93,14.0966,328.285,3694.33,14.0966,372.755,4651.04,14.0966,423.092,5854.57,14.0966,480.07,7368.38,14.0966,544.564,9272.08,14.0966,617.566,11665.5,14.0966,700.197,14673.6,14.0966,793.729,18452.9,14.0966,899.599,23198.6,14.0966,1019.43,29154.1,14.0966,1155.07,36622.3,14.0966,1308.6,45977.9,14.0966,1482.39,57683.7,14.0966,1679.09,72307.8,14.0966,1901.73,90542.8,14.0966,2153.73,113226,14.0966,2438.97,141360,14.0966,2761.81,176127,14.0966,3127.22,218898,14.0966,3540.81,271226,14.0966,4008.92,334817,14.0966,4538.74,411470,14.0966,5138.38,502973,14.0966,5817.04,610948,14.0966,6585.12,736653,14.0966,7454.39,880741,14.0966,8438.15,1.04302e+06,14.0966,9551.45,1.22224e+06,14.0966,10811.3,1.41602e+06,14.0966,12237,1.62086e+06,14.0966,11.7194,11.96,12.6541,2.21263,4.16949,0.989383,2.67766,5.84076,0.311842,3.14343,7.55825,0.0972771,3.63127,9.58578,0.0303237,4.15787,12.0912,0.00945211,4.73731,15.2286,0.00294633,5.38238,19.1721,0.000918508,6.10553,24.134,0.000286163,6.91951,30.3791,8.92692e-05,7.83792,38.2397,2.78121e-05,8.87555,48.1338,8.65134e-06,10.0489,60.5876,2.7882e-06,11.3761,76.2629,8.29036e-07,12.8779,95.9927,2.4373e-07,14.5775,120.825,4.33068e-09,16.5012,152.08,1.75749e-07,18.6784,191.415,-1.86328e-07,21.1428,240.917,1.91829e-07,23.9322,303.213,-1.81475e-07,27.0895,381.602,7.0186e-08,30.6634,480.231,-2.86769e-08,34.7087,604.316,2.40784e-07,39.2876,760.401,9.87368e-08,44.4705,956.705,1.22263e-07,50.3371,1203.54,-4.31966e-07,56.9776,1513.81,-1.9705e-07,64.494,1903.69,-2.763e-08,73.0018,2393.4,3.9185e-07,82.6317,3008.13,1.35379e-07,93.5318,3779.25,-4.16351e-08,105.869,4745.7,2.06965e-08,119.834,5955.6,-3.18887e-07,135.641,7468.12,-1.48271e-08,153.531,9355.62,2.00739e-07,173.781,11705.8,2.28358e-07,196.701,14624.1,-1.93587e-08,222.642,18235,-2.88101e-07,252.003,22683.4,-2.24732e-07,285.234,28134,8.56806e-09,322.845,34767,2.34258e-07,365.413,42770.9,2.99668e-07,413.588,52327.9,8.28644e-08,468.111,63591.2,-3.07049e-07,529.814,76653.2,-3.1888e-07,599.642,91502.5,-6.72276e-08,678.662,107975,2.26339e-07,768.083,125705,3.69212e-07,869.267,144088,2.04077e-07,983.76,162277,-2.80509e-07,1113.3,179223,-4.22737e-07,1259.87,193777,-1.71951e-07,1425.68,204839,4.55555e-07,11.7194,11.96,12.6541,2.21263,4.16949,0.989383,2.67766,5.84076,0.311842,3.14343,7.55825,0.0972771,3.63127,9.58578,0.0303237,4.15787,12.0912,0.00945211,4.73731,15.2286,0.00294633,5.38238,19.1721,0.000918508,6.10553,24.134,0.000286163,6.91951,30.3791,8.92692e-05,7.83792,38.2397,2.78121e-05,8.87555,48.1338,8.65134e-06,10.0489,60.5876,2.7882e-06,11.3761,76.2629,8.29036e-07,12.8779,95.9927,2.4373e-07,14.5775,120.825,1e-08,16.5012,152.08,1.75749e-07,18.6784,191.415,1e-08,21.1428,240.917,1.91829e-07,23.9322,303.213,1e-08,27.0895,381.602,7.0186e-08,30.6634,480.231,1e-08,34.7087,604.316,2.40784e-07,39.2876,760.401,9.87368e-08,44.4705,956.705,1.22263e-07,50.3371,1203.54,1e-08,56.9776,1513.81,1e-08,64.494,1903.69,1e-08,73.0018,2393.4,3.9185e-07,82.6317,3008.13,1.35379e-07,93.5318,3779.25,1e-08,105.869,4745.7,2.06965e-08,119.834,5955.6,1e-08,135.641,7468.12,1e-08,153.531,9355.62,2.00739e-07,173.781,11705.8,2.28358e-07,196.701,14624.1,1e-08,222.642,18235,1e-08,252.003,22683.4,1e-08,285.234,28134,1e-08,322.845,34767,2.34258e-07,365.413,42770.9,2.99668e-07,413.588,52327.9,8.28644e-08,468.111,63591.2,1e-08,529.814,76653.2,1e-08,599.642,91502.5,1e-08,678.662,107975,2.26339e-07,768.083,125705,3.69212e-07,869.267,144088,2.04077e-07,983.76,162277,1e-08,1113.3,179223,1e-08,1259.87,193777,1e-08,1425.68,204839,4.55555e-07,6.2823,3.27286,2.43537,0.219672,6.18826,2.24117,0.56371,6.87772,2.63624,0.308279,11,11,10,1,4,1,3,10,0,3,11,0,0,8,0,3,5,1,6,15,0,3,12,0,6,34,0,6,62,0,8,52,0,13,61,0,1,58,0,7,81,0,8,51,0,9,44,0,12,166,0,8,194,0,16,254,0,25,168,0,14,680,0,40,324,0,36,468,0,20,532,0,62,1374,0,50,1117,0,58,1755,0,35,1584,0,66,1920,0,59,3298,0,42,5738,0,122,6074,0,63,6241,0,153,7737,0,127,14521,0,527,11167,0,129,15759,0,279,5544,0,377,28483,0,348,25551,0,339,43286,0,160,45635,0,588,43673,0,854,75912,0,305,50599,0,644,83424,0,713,134403,0,889,103805,0,630,128220,0,961,54724,0,957,242139,0,872,210998,0,2556,267554,0
-1.05176e+08,1,8.88811e-15,10,1023,0,1.05176e+08,0.528882,1.08665,0.389689,0.145397,0.379329,3.24381,0.161596,0.446195,1.77396,0.159177,1.15e+07,4.49998e+06,6.79999e+06,1.15e+07,4.49997e+06,6.79999e+06,1.15e+07,4.49996e+06,6.79999e+06,1.15e+07,4.49995e+06,6.79999e+06,1.14999e+07,4.49993e+06,6.79999e+06,1.14999e+07,4.49991e+06,6.79999e+06,1.14999e+07,4.49989e+06,6.79999e+06,1.14999e+07,4.49986e+06,6.79999e+06,1.14999e+07,4.49982e+06,6.79999e+06,1.14999e+07,4.49977e+06,6.79999e+06,1.14999e+07,4.49971e+06,6.79999e+06,1.14999e+07,4.49963e+06,6.79999e+06,1.14998e+07,4.49953e+06,6.79999e+06,1.14998e+07,4.49941e+06,6.79999e+06,1.14998e+07,4.49926e+06,6.79999e+06,1.14998e+07,4.49906e+06,6.79999e+06,1.14997e+07,4.49882e+06,6.79999e+06,1.14997e+07,4.49851e+06,6.79999e+06,1.14997e+07,4.49812e+06,6.79999e+06,1.14996e+07,4.49764e+06,6.79999e+06,1.14996e+07,4.49702e+06,6.79999e+06,1.14995e+07,4.49625e+06,6.79999e+06,1.14995e+07,4.49528e+06,6.79999e+06,1.14994e+07,4.49406e+06,6.79999e+06,1.14993e+07,4.49253e+06,6.79999e+06,1.14992e+07,4.49059e+06,6.79999e+06,1.14991e+07,4.48817e+06,6.79999e+06,1.1499e+07,4.48511e+06,6.79999e+06,1.14988e+07,4.48128e+06,6.79999e+06,1.14987e+07,4.47646e+06,6.79999e+06,1.14985e+07,4.47041e+06,6.79999e+06,1.14983e+07,4.46281e+06,6.79999e+06,1.14981e+07,4.4533e+06,6.79999e+06,1.14979e+07,4.44138e+06,6.79999e+06,1.14976e+07,4.42649e+06,6.79999e+06,1.14972e+07,4.40789e+06,6.79999e+06,1.14969e+07,4.38471e+06,6.79999e+06,1.14965e+07,4.35592e+06,6.79999e+06,1.1496e+07,4.32027e+06,6.79999e+06,1.14955e+07,4.27629e+06,6.79999e+06,1.14949e+07,4.22231e+06,6.79999e+06,1.14942e+07,4.15647e+06,6.79999e+06,1.14934e+07,4.07676e+06,6.79999e+06,1.14926e+07,3.98112e+06,6.79999e+06,1.14916e+07,3.86765e+06,6.79999e+06,1.14905e+07,3.73474e+06,6.79999e+06,1.14892e+07,3.58148e+06,6.79999e+06,1.14878e+07,3.40785e+06,6.79999e+06,1.14862e+07,3.21513e+06,6.79999e+06,1.14844e+07,3.00605e+06,6.79999e+06,1.14823e+07,2.7848e+06,6.79999e+06,1.148e+07,2.5568e+06,6.79999e+06,1.14773e+07,2.32825e+06,6.79999e+06,13.5742,8.52444,0.508366,16.8306,13.2585,0.162638,20.0035,17.569,0.0507846,23.2616,22.4214,0.0158319,26.7328,28.3297,0.00493498,30.5212,35.6974,0.00153831,34.7178,44.9473,0.000479527,39.4086,56.5822,0.000149456,44.6796,71.2245,4.66214e-05,50.6209,89.6543,1.45419e-05,57.3297,112.852,4.54748e-06,64.9129,142.051,1.43857e-06,73.4897,178.803,4.36618e-07,83.1934,225.062,1.40153e-07,94.1745,283.286,4.96378e-08,106.602,356.568,1.05434e-07,120.669,448.799,-6.49244e-08,136.59,564.873,1.70148e-07,154.611,710.948,-5.34594e-08,175.008,894.767,1.63407e-07,198.097,1126.06,8.04804e-08,224.231,1417.07,1.14667e-07,253.813,1783.15,-1.71227e-07,287.297,2243.62,-2.88466e-07,325.198,2822.67,-4.33651e-07,368.098,3550.67,7.9318e-08,416.657,4465.65,3.13319e-07,471.621,5615.16,3.4613e-07,533.835,7058.61,-1.19199e-07,604.255,8870.02,-2.79964e-07,683.962,11141.4,-2.30521e-07,774.182,13986.7,-2.55099e-07,876.299,17546.4,1.23585e-07,991.883,21993.1,1.41192e-07,1122.71,27536.7,-9.71886e-08,1270.78,34430.7,-3.68368e-07,1438.38,42977.7,-3.45379e-07,1628.07,53532.7,-3.25328e-09,1842.77,66504.6,2.6362e-07,2085.77,82350.2,2.53445e-07,2360.79,101560,-2.47407e-08,2672.05,124632,-3.80602e-07,3024.31,152018,-4.79005e-07,3422.98,184060,-1.14379e-07,3874.15,220884,2.64297e-07,4384.72,262283,3.44131e-07,4962.49,307576,7.5349e-08,5616.29,355497,-3.63097e-07,6356.1,404126,-6.05442e-07,7193.18,450932,-2.72333e-07,8140.28,492963,2.29675e-07,9211.79,527178,4.3387e-07,10424,550893,-1.0711e-07,10.102,8.06553,2.81012,10.6436,8.57909,0.869423,11.5336,10.2515,0.270869,12.7211,12.7138,0.0844293,14.1823,15.9373,0.0263173,15.9122,20.0383,0.0082035,17.9198,25.2154,0.00255722,20.2244,31.7373,0.000797017,22.8539,39.9486,0.000248622,25.8438,50.2851,7.75492e-05,29.237,63.2963,2.42508e-05,33.0837,79.6738,7.67162e-06,37.4415,100.288,2.32837e-06,42.3767,126.236,7.33e-07,47.9646,158.896,2.79256e-07,54.2906,200.003,9.87351e-09,61.452,251.741,1.61085e-07,69.5585,316.859,-2.47141e-07,78.7347,398.812,8.93552e-08,89.1218,501.948,-2.53231e-07,100.879,631.736,-1.25047e-07,114.188,795.049,-1.78808e-07,129.252,1000.53,2.6733e-07,146.304,1259.03,4.50292e-07,165.605,1584.19,6.76904e-07,187.452,1993.12,-1.23808e-07,212.181,2507.27,-4.89068e-07,240.173,3153.54,-5.40284e-07,271.856,3965.56,1.86061e-07,307.719,4985.38,4.37004e-07,348.313,6265.4,3.59828e-07,394.26,7870.83,3.98192e-07,446.268,9882.51,-1.92908e-07,505.135,12400.3,-2.20392e-07,571.766,15546.9,1.51705e-07,647.184,19472.2,5.74996e-07,732.547,24357.4,5.39112e-07,829.167,30420,5.07815e-09,938.526,37916.3,-4.11492e-07,1062.3,47143.9,-3.9561e-07,1202.4,58439.2,3.86185e-08,1360.96,72169.3,5.94093e-07,1540.42,88715.8,7.47693e-07,1743.53,108445,1.78537e-07,1973.41,131665,-4.12549e-07,2233.57,158557,-5.37164e-07,2528,189103,-1.17615e-07,2861.2,222986,5.66769e-07,3238.27,259510,9.45053e-07,3664.97,297540,4.25093e-07,4147.81,335497,-3.58506e-07,4694.17,371444,-6.7724e-07,5312.37,403256,1.67192e-07,1.61744,3.89446,9.84394,3.28846,7.5504,12.774,5.07607,11.7187,13.6844,7.03202,16.8147,13.9681,9.20215,23.1769,14.0566,11.6301,31.1672,14.0841,14.3598,41.2186,14.0927,17.4376,53.8688,14.0954,20.9137,69.7915,14.0962,24.8432,89.8341,14.0965,29.2879,115.063,14.0966,34.3168,146.819,14.0966,40.0078,186.792,14.0966,46.4487,237.107,14.0966,53.7388,300.44,14.0966,61.9903,380.158,14.0966,71.3301,480.499,14.0966,81.902,606.796,14.0966,93.8685,765.761,14.0966,107.414,965.837,14.0966,122.746,1217.65,14.0966,140.101,1534.57,14.0966,159.745,1933.41,14.0966,181.981,2435.3,14.0966,207.15,3066.85,14.0966,235.64,3861.46,14.0966,267.889,4861.11,14.0966,304.391,6118.54,14.0966,345.709,7699.91,14.0966,392.478,9688.22,14.0966,445.417,12187.5,14.0966,505.339,15327.7,14.0966,573.165,19271.6,14.0966,649.938,24222,14.0966,736.839,30430.9,14.0966,835.202,38211.5,14.0966,946.539,47950.3,14.0966,1072.56,60122.8,14.0966,1215.21,75309.9,14.0966,1376.66,94216.2,14.0966,1559.41,117688,14.0966,1766.26,146729,14.0966,2000.39,182510,14.0966,2265.39,226372,14.0966,2565.33,279806,14.0966,2904.81,344416,14.0966,3289.05,421845,14.0966,3723.93,513667,14.0966,4216.13,621231,14.0966,4773.18,745478,14.0966,5403.64,886744,14.0966,6117.15,1.04457e+06,14.0966,6924.63,1.2176e+06,14.0966,11.7194,11.96,12.6541,13.9321,16.1295,13.6434,16.6097,21.9702,13.9553,19.7532,29.5285,14.0526,23.3844,39.1143,14.0829,27.5423,51.2054,14.0923,32.2796,66.434,14.0953,37.662,85.6061,14.0962,43.7675,109.74,14.0965,50.687,140.119,14.0966,58.5249,178.359,14.0966,67.4005,226.493,14.0966,77.4493,287.08,14.0966,88.8254,363.343,14.0966,101.703,459.336,14.0966,116.281,580.161,14.0966,132.782,732.241,14.0966,151.46,923.655,14.0966,172.603,1164.57,14.0966,196.535,1467.79,14.0966,223.625,1849.39,14.0966,254.288,2329.62,14.0966,288.997,2933.93,14.0966,328.285,3694.33,14.0966,372.755,4651.04,14.0966,423.092,5854.57,14.0966,480.07,7368.38,14.0966,544.564,9272.08,14.0966,617.566,11665.5,14.0966,700.197,14673.6,14.0966,793.729,18452.9,14.0966,899.599,23198.6,14.0966,1019.43,29154.1,14.0966,1155.07,36622.3,14.0966,1308.6,45977.9,14.0966,1482.39,57683.7,14.0966,1679.09,72307.8,14.0966,1901.73,90542.8,14.0966,2153.73,113226,14.0966,2438.97,141360,14.0966,2761.81,176127,14.0966,3127.22,218898,14.0966,3540.81,271226,14.0966,4008.92,334817,14.0966,4538.74,411470,14.0966,5138.38,502973,14.0966,5817.04,610948,14.0966,6585.12,736653,14.0966,7454.39,880741,14.0966,8438.15,1.04302e+06,14.0966,9551.45,1.22224e+06,14.0966,10811.3,1.41602e+06,14.0966,12237,1.62086e+06,14.0966,11.7194,11.96,12.6541,2.21263,4.16949,0.989383,2.67766,5.84076,0.311842,3.14343,7.55825,0.0972771,3.63127,9.58578,0.0303237,4.15787,12.0912,0.00945211,4.73731,15.2286,0.00294633,5.38238,19.1721,0.000918508,6.10553,24.134,0.000286163,6.91951,30.3791,8.92692e-05,7.83792,38.2397,2.78121e-05,8.87555,48.1338,8.65134e-06,10.0489,60.5876,2.7882e-06,11.3761,76.2629,8.29036e-07,12.8779,95.9927,2.4373e-07,14.5775,120.825,4.33068e-09,16.5012,152.08,1.75749e-07,18.6784,191.415,-1.86328e-07,21.1428,240.917,1.91829e-07,23.9322,303.213,-1.81475e-07,27.0895,381.602,7.0186e-08,30.6634,480.231,-2.86769e-08,34.7087,604.316,2.40784e-07,39.2876,760.401,9.87368e-08,44.4705,956.705,1.22263e-07,50.3371,1203.54,-4.31966e-07,56.9776,1513.81,-1.9705e-07,64.494,1903.69,-2.763e-08,73.0018,2393.4,3.9185e-07,82.6317,3008.13,1.35379e-07,93.5318,3779.25,-4.16351e-08,105.869,4745.7,2.06965e-08,119.834,5955.6,-3.18887e-07,135.641,7468.12,-1.48271e-08,153.531,9355.62,2.00739e-07,173.781,11705.8,2.28358e-07,196.701,14624.1,-1.93587e-08,222.642,18235,-2.88101e-07,252.003,22683.4,-2.24732e-07,285.234,28134,8.56806e-09,322.845,34767,2.34258e-07,365.413,42770.9,2.99668e-07,413.588,52327.9,8.28644e-08,468.111,63591.2,-3.07049e-07,529.814,76653.2,-3.1888e-07,599.642,91502.5,-6.72276e-08,678.662,107975,2.26339e-07,768.083,125705,3.69212e-07,869.267,144088,2.04077e-07,983.76,162277,-2.80509e-07,1113.3,179223,-4.22737e-07,1259.87,193777,-1.71951e-07,1425.68,204839,4.55555e-07,11.7194,11.96,12.6541,2.21263,4.16949,0.989383,2.67766,5.84076,0.311842,3.14343,7.55825,0.0972771,3.63127,9.58578,0.0303237,4.15787,12.0912,0.00945211,4.73731,15.2286,0.00294633,5.38238,19.1721,0.000918508,6.10553,24.134,0.000286163,6.91951,30.3791,8.92692e-05,7.83792,38.2397,2.78121e-05,8.87555,48.1338,8.65134e-06,10.0489,60.5876,2.7882e-06,11.3761,76.2629,8.29036e-07,12.8779,95.9927,2.4373e-07,14.5775,120.825,1e-08,16.5012,152.08,1.75749e-07,18.6784,191.415,1e-08,21.1428,240.917,1.91829e-07,23.9322,303.213,1e-08,27.0895,381.602,7.0186e-08,30.6634,480.231,1e-08,34.7087,604.316,2.40784e-07,39.2876,760.401,9.87368e-08,44.4705,956.705,1.22263e-07,50.3371,1203.54,1e-08,56.9776,1513.81,1e-08,64.494,1903.69,1e-08,73.0018,2393.4,3.9185e-07,82.6317,3008.13,1.35379e-07,93.5318,3779.25,1e-08,105.869,4745.7,2.06965e-08,119.834,5955.6,1e-08,135.641,7468.12,1e-08,153.531,9355.62,2.00739e-07,173.781,11705.8,2.28358e-07,196.701,14624.1,1e-08,222.642,18235,1e-08,252.003,22683.4,1e-08,285.234,28134,1e-08,322.845,34767,2.34258e-07,365.413,42770.9,2.99668e-07,413.588,52327.9,8.28644e-08,468.111,63591.2,1e-08,529.814,76653.2,1e-08,599.642,91502.5,1e-08,678.662,107975,2.26339e-07,768.083,125705,3.69212e-07,869.267,144088,2.04077e-07,983.76,162277,1e-08,1113.3,179223,1e-08,1259.87,193777,1e-08,1425.68,204839,4.55555e-07,6.2823,3.27286,2.43537,0.219672,6.18826,2.24117,0.56371,6.87772,2.63624,0.308279,9,21,8,3,9,0,4,3,0,0,4,0,3,8,0,2,6,0,3,16,0,4,19,0,12,22,0,6,19,0,7,31,0,16,57,0,6,38,0,5,56,0,4,95,0,16,128,0,12,252,0,30,297,0,14,158,0,22,336,0,47,196,0,20,210,0,15,911,0,22,590,0,57,531,0,44,787,0,52,2568,0,24,1971,0,60,1496,0,68,1927,0,176,3406,0,137,2701,0,98,8364,0,73,11407,0,219,10390,0,250,26909,0,191,12026,0,107,17615,0,296,17886,0,492,32318,0,166,23943,0,506,43655,0,377,24383,0,223,66265,0,508,50265,0,756,59355,0,397,109352,0,1403,116460,0,472,168236,0,731,204651,0,918,158087,0,893,165194,0,1974,169722,0
-1.05176e+08,1,8.88811e-15,10,1023,0,1.05176e+08,0.528882,1.08665,0.389689,0.145397,0.379329,3.24381,0.161596,0.446195,1.77396,0.159177,1.15e+07,4.49998e+06,6.79999e+06,1.15e+07,4.49997e+06,6.79999e+06,1.15e+07,4.49996e+06,6.79999e+06,1.15e+07,4.49995e+06,6.79999e+06,1.14999e+07,4.49993e+06,6.79999e+06,1.14999e+07,4.49991e+06,6.79999e+06,1.14999e+07,4.49989e+06,6.79999e+06,1.14999e+07,4.49986e+06,6.79999e+06,1.14999e+07,4.49982e+06,6.79999e+06,1.14999e+07,4.49977e+06,6.79999e+06,1.14999e+07,4.49971e+06,6.79999e+06,1.14999e+07,4.49963e+06,6.79999e+06,1.14998e+07,4.49953e+06,6.79999e+06,1.14998e+07,4.49941e+06,6.79999e+06,1.14998e+07,4.49926e+06,6.79999e+06,1.14998e+07,4.49906e+06,6.79999e+06,1.14997e+07,4.49882e+06,6.79999e+06,1.14997e+07,4.49851e+06,6.79999e+06,1.14997e+07,4.49812e+06,6.79999e+06,1.14996e+07,4.49764e+06,6.79999e+06,1.14996e+07,4.49702e+06,6.79999e+06,1.14995e+07,4.49625e+06,6.79999e+06,1.14995e+07,4.49528e+06,6.79999e+06,1.14994e+07,4.49406e+06,6.79999e+06,1.14993e+07,4.49253e+06,6.79999e+06,1.14992e+07,4.49059e+06,6.79999e+06,1.14991e+07,4.48817e+06,6.79999e+06,1.1499e+07,4.48511e+06,6.79999e+06,1.14988e+07,4.48128e+06,6.79999e+06,1.14987e+07,4.47646e+06,6.79999e+06,1.14985e+07,4.47041e+06,6.79999e+06,1.14983e+07,4.46281e+06,6.79999e+06,1.14981e+07,4.4533e+06,6.79999e+06,1.14979e+07,4.44138e+06,6.79999e+06,1.14976e+07,4.42649e+06,6.79999e+06,1.14972e+07,4.40789e+06,6.79999e+06,1.14969e+07,4.38471e+06,6.79999e+06,1.14965e+07,4.35592e+06,6.79999e+06,1.1496e+07,4.32027e+06,6.79999e+06,1.14955e+07,4.27629e+06,6.79999e+06,1.14949e+07,4.22231e+06,6.79999e+06,1.14942e+07,4.15647e+06,6.79999e+06,1.14934e+07,4.07676e+06,6.79999e+06,1.14926e+07,3.98112e+06,6.79999e+06,1.14916e+07,3.86765e+06,6.79999e+06,1.14905e+07,3.73474e+06,6.79999e+06,1.14892e+07,3.58148e+06,6.79999e+06,1.14878e+07,3.40785e+06,6.79999e+06,1.14862e+07,3.21513e+06,6.79999e+06,1.14844e+07,3.00605e+06,6.79999e+06,1.14823e+07,2.7848e+06,6.79999e+06,1.148e+07,2.5568e+06,6.79999e+06,1.14773e+07,2.32825e+06,6.79999e+06,13.5742,8.52444,0.508366,16.8306,13.2585,0.162638,20.0035,17.569,0.0507846,23.2616,22.4214,0.0158319,26.7328,28.3297,0.00493498,30.5212,35.6974,0.00153831,34.7178,44.9473,0.000479527,39.4086,56.5822,0.000149456,44.6796,71.2245,4.66214e-05,50.6209,89.6543,1.45419e-05,57.3297,112.852,4.54748e-06,64.9129,142.051,1.43857e-06,73.4897,178.803,4.36618e-07,83.1934,225.062,1.40153e-07,94.1745,283.286,4.96378e-08,106.602,356.568,1.05434e-07,120.669,448.799,-6.49244e-08,136.59,564.873,1.70148e-07,154.611,710.948,-5.34594e-08,175.008,894.767,1.63407e-07,198.097,1126.06,8.04804e-08,224.231,1417.07,1.14667e-07,253.813,1783.15,-1.71227e-07,287.297,2243.62,-2.88466e-07,325.198,2822.67,-4.33651e-07,368.098,3550.67,7.9318e-08,416.657,4465.65,3.13319e-07,471.621,5615.16,3.4613e-07,533.835,7058.61,-1.19199e-07,604.255,8870.02,-2.79964e-07,683.962,11141.4,-2.30521e-07,774.182,13986.7,-2.55099e-07,876.299,17546.4,1.23585e-07,991.883,21993.1,1.41192e-07,1122.71,27536.7,-9.71886e-08,1270.78,34430.7,-3.68368e-07,1438.38,42977.7,-3.45379e-07,1628.07,53532.7,-3.25328e-09,1842.77,66504.6,2.6362e-07,2085.77,82350.2,2.53445e-07,2360.79,101560,-2.47407e-08,2672.05,124632,-3.80602e-07,3024.31,152018,-4.79005e-07,3422.98,184060,-1.14379e-07,3874.15,220884,2.64297e-07,4384.72,262283,3.44131e-07,4962.49,307576,7.5349e-08,5616.29,355497,-3.63097e-07,6356.1,404126,-6.05442e-07,7193.18,450932,-2.72333e-07,8140.28,492963,2.29675e-07,9211.79,527178,4.3387e-07,10424,550893,-1.0711e-07,10.102,8.06553,2.81012,10.6436,8.57909,0.869423,11.5336,10.2515,0.270869,12.7211,12.7138,0.0844293,14.1823,15.9373,0.0263173,15.9122,20.0383,0.0082035,17.9198,25.2154,0.00255722,20.2244,31.7373,0.000797017,22.8539,39.9486,0.000248622,25.8438,50.2851,7.75492e-05,29.237,63.2963,2.42508e-05,33.0837,79.6738,7.67162e-06,37.4415,100.288,2.32837e-06,42.3767,126.236,7.33e-07,47.9646,158.896,2.79256e-07,54.2906,200.003,9.87351e-09,61.452,251.741,1.61085e-07,69.5585,316.859,-2.47141e-07,78.7347,398.812,8.93552e-08,89.1218,501.948,-2.53231e-07,100.879,631.736,-1.25047e-07,114.188,795.049,-1.78808e-07,129.252,1000.53,2.6733e-07,146.304,1259.03,4.50292e-07,165.605,1584.19,6.76904e-07,187.452,1993.12,-1.23808e-07,212.181,2507.27,-4.89068e-07,240.173,3153.54,-5.40284e-07,271.856,3965.56,1.86061e-07,307.719,4985.38,4.37004e-07,348.313,6265.4,3.59828e-07,394.26,7870.83,3.98192e-07,446.268,9882.51,-1.92908e-07,505.135,12400.3,-2.20392e-07,571.766,15546.9,1.51705e-07,647.184,19472.2,5.74996e-07,732.547,24357.4,5.39112e-07,829.167,30420,5.07815e-09,938.526,37916.3,-4.11492e-07,1062.3,47143.9,-3.9561e-07,1202.4,58439.2,3.86185e-08,1360.96,72169.3,5.94093e-07,1540.42,88715.8,7.47693e-07,1743.53,108445,1.78537e-07,1973.41,131665,-4.12549e-07,2233.57,158557,-5.37164e-07,2528,189103,-1.17615e-07,2861.2,222986,5.66769e-07,3238.27,259510,9.45053e-07,3664.97,297540,4.25093e-07,4147.81,335497,-3.58506e-07,4694.17,371444,-6.7724e-07,5312.37,403256,1.67192e-07,1.61744,3.89446,9.84394,3.28846,7.5504,12.774,5.07607,11.7187,13.6844,7.03202,16.8147,13.9681,9.20215,23.1769,14.0566,11.6301,31.1672,14.0841,14.3598,41.2186,14.0927,17.4376,53.8688,14.0954,20.9137,69.7915,14.0962,24.8432,89.8341,14.0965,29.2879,115.063,14.0966,34.3168,146.819,14.0966,40.0078,186.792,14.0966,46.4487,237.107,14.0966,53.7388,300.44,14.0966,61.9903,380.158,14.0966,71.3301,480.499,14.0966,81.902,606.796,14.0966,93.8685,765.761,14.0966,107.414,965.837,14.0966,122.746,1217.65,14.0966,140.101,1534.57,14.0966,159.745,1933.41,14.0966,181.981,2435.3,14.0966,207.15,3066.85,14.0966,235.64,3861.46,14.0966,267.889,4861.11,14.0966,304.391,6118.54,14.0966,345.709,7699.91,14.0966,392.478,9688.22,14.0966,445.417,12187.5,14.0966,505.339,15327.7,14.0966,573.165,19271.6,14.0966,649.938,24222,14.0966,736.839,30430.9,14.0966,835.202,38211.5,14.0966,946.539,47950.3,14.0966,1072.56,60122.8,14.0966,1215.21,75309.9,14.0966,1376.66,94216.2,14.0966,1559.41,117688,14.0966,1766.26,146729,14.0966,2000.39,182510,14.0966,2265.39,226372,14.0966,2565.33,279806,14.0966,2904.81,344416,14.0966,3289.05,421845,14.0966,3723.93,513667,14.0966,4216.13,621231,14.0966,4773.18,745478,14.0966,5403.64,886744,14.0966,6117.15,1.04457e+06,14.0966,6924.63,1.2176e+06,14.0966,11.7194,11.96,12.6541,13.9321,16.1295,13.6434,16.6097,21.9702,13.9553,19.7532,29.5285,14.0526,23.3844,39.1143,14.0829,27.5423,51.2054,14.0923,32.2796,66.434,14.0953,37.662,85.6061,14.0962,43.7675,109.74,14.0965,50.687,140.119,14.0966,58.5249,178.359,14.0966,67.4005,226.493,14.0966,77.4493,287.08,14.0966,88.8254,363.343,14.0966,101.703,459.336,14.0966,116.281,580.161,14.0966,132.782,732.241,14.0966,151.46,923.655,14.0966,172.603,1164.57,14.0966,196.535,1467.79,14.0966,223.625,1849.39,14.0966,254.288,2329.62,14.0966,288.997,2933.93,14.0966,328.285,3694.33,14.0966,372.755,4651.04,14.0966,423.092,5854.57,14.0966,480.07,7368.38,14.0966,544.564,9272.08,14.0966,617.566,11665.5,14.0966,700.197,14673.6,14.0966,793.729,18452.9,14.0966,899.599,23198.6,14.0966,1019.43,29154.1,14.0966,1155.07,36622.3,14.0966,1308.6,45977.9,14.0966,1482.39,57683.7,14.0966,1679.09,72307.8,14.0966,1901.73,90542.8,14.0966,2153.73,113226,14.0966,2438.97,141360,14.0966,2761.81,176127,14.0966,3127.22,218898,14.0966,3540.81,271226,14.0966,4008.92,334817,14.0966,4538.74,411470,14.0966,5138.38,502973,14.0966,5817.04,610948,14.0966,6585.12,736653,14.0966,7454.39,880741,14.0966,8438.15,1.04302e+06,14.0966,9551.45,1.22224e+06,14.0966,10811.3,1.41602e+06,14.0966,12237,1.62086e+06,14.0966,11.7194,11.96,12.6541,2.21263,4.16949,0.989383,2.67766,5.84076,0.311842,3.14343,7.55825,0.0972771,3.63127,9.58578,0.0303237,4.15787,12.0912,0.00945211,4.73731,15.2286,0.00294633,5.38238,19.1721,0.000918508,6.10553,24.134,0.000286163,6.91951,30.3791,8.92692e-05,7.83792,38.2397,2.78121e-05,8.87555,48.1338,8.65134e-06,10.0489,60.5876,2.7882e-06,11.3761,76.2629,8.29036e-07,12.8779,95.9927,2.4373e-07,14.5775,120.825,4.33068e-09,16.5012,152.08,1.75749e-07,18.6784,191.415,-1.86328e-07,21.1428,240.917,1.91829e-07,23.9322,303.213,-1.81475e-07,27.0895,381.602,7.0186e-08,30.6634,480.231,-2.86769e-08,34.7087,604.316,2.40784e-07,39.2876,760.401,9.87368e-08,44.4705,956.705,1.22263e-07,50.3371,1203.54,-4.31966e-07,56.9776,1513.81,-1.9705e-07,64.494,1903.69,-2.763e-08,73.0018,2393.4,3.9185e-07,82.6317,3008.13,1.35379e-07,93.5318,3779.25,-4.16351e-08,105.869,4745.7,2.06965e-08,119.834,5955.6,-3.18887e-07,135.641,7468.12,-1.48271e-08,153.531,9355.62,2.00739e-07,173.781,11705.8,2.28358e-07,196.701,14624.1,-1.93587e-08,222.642,18235,-2.88101e-07,252.003,22683.4,-2.24732e-07,285.234,28134,8.56806e-09,322.845,34767,2.34258e-07,365.413,42770.9,2.99668e-07,413.588,52327.9,8.28644e-08,468.111,63591.2,-3.07049e-07,529.814,76653.2,-3.1888e-07,599.642,91502.5,-6.72276e-08,678.662,107975,2.26339e-07,768.083,125705,3.69212e-07,869.267,144088,2.04077e-07,983.76,162277,-2.80509e-07,1113.3,179223,-4.22737e-07,1259.87,193777,-1.71951e-07,1425.68,204839,4.55555e-07,11.7194,11.96,12.6541,2.21263,4.16949,0.989383,2.67766,5.84076,0.311842,3.14343,7.55825,0.0972771,3.63127,9.58578,0.0303237,4.15787,12.0912,0.00945211,4.73731,15.2286,0.00294633,5.38238,19.1721,0.000918508,6.10553,24.134,0.000286163,6.91951,30.3791,8.92692e-05,7.83792,38.2397,2.78121e-05,8.87555,48.1338,8.65134e-06,10.0489,60.5876,2.7882e-06,11.3761,76.2629,8.29036e-07,12.8779,95.9927,2.4373e-07,14.5775,120.825,1e-08,16.5012,152.08,1.75749e-07,18.6784,191.415,1e-08,21.1428,240.917,1.91829e-07,23.9322,303.213,1e-08,27.0895,381.602,7.0186e-08,30.6634,480.231,1e-08,34.7087,604.316,2.40784e-07,39.2876,760.401,9.87368e-08,44.4705,956.705,1.22263e-07,50.3371,1203.54,1e-08,56.9776,1513.81,1e-08,64.494,1903.69,1e-08,73.0018,2393.4,3.9185e-07,82.6317,3008.13,1.35379e-07,93.5318,3779.25,1e-08,105.869,4745.7,2.06965e-08,119.834,5955.6,1e-08,135.641,7468.12,1e-08,153.531,9355.62,2.00739e-07,173.781,11705.8,2.28358e-07,196.701,14624.1,1e-08,222.642,18235,1e-08,252.003,22683.4,1e-08,285.234,28134,1e-08,322.845,34767,2.34258e-07,365.413,42770.9,2.99668e-07,413.588,52327.9,8.28644e-08,468.111,63591.2,1e-08,529.814,76653.2,1e-08,599.642,91502.5,1e-08,678.662,107975,2.26339e-07,768.083,125705,3.69212e-07,869.267,144088,2.04077e-07,983.76,162277,1e-08,1113.3,179223,1e-08,1259.87,193777,1e-08,1425.68,204839,4.55555e-07,6.2823,3.27286,2.43537,0.219672,6.18826,2.24117,0.56371,6.87772,2.63624,0.308279,19,12,11,5,5,0,5,0,0,4,5,0,3,12,0,8,17,0,10,18,0,4,21,0,5,38,0,7,31,0,5,36,0,14,34,0,1,52,0,8,90,0,19,60,0,33,144,0,10,184,0,25,211,0,10,196,0,33,278,0,24,313,0,49,309,0,33,1342,0,45,708,0,27,1792,0,26,1174,0,44,1825,0,39,1606,0,65,1195,0,35,2383,0,85,1897,0,117,3505,0,40,3519,0,93,7628,0,159,10307,0,313,12198,0,113,11122,0,328,20219,0,327,12258,0,168,44022,0,179,25778,0,674,29091,0,160,25111,0,578,41538,0,812,85223,0,314,30569,0,489,136942,0,726,83090,0,595,134552,0,953,122273,0,1226,124006,0,1064,142959,0,902,110764,0
-1.05176e+08,1,8.88811e-15,10,1023,0,1.05176e+08,0.528882,1.08665,0.389689,0.145397,0.379329,3.24381,0.161596,0.446195,1.77396,0.159177,1.15e+07,4.49998e+06,6.79999e+06,1.15e+07,4.49997e+06,6.79999e+06,1.15e+07,4.49996e+06,6.79999e+06,1.15e+07,4.49995e+06,6.79999e+06,1.14999e+07,4.49993e+06,6.79999e+06,1.14999e+07,4.49991e+06,6.79999e+06,1.14999e+07,4.49989e+06,6.79999e+06,1.14999e+07,4.49986e+06,6.79999e+06,1.14999e+07,4.49982e+06,6.79999e+06,1.14999e+07,4.49977e+06,6.79999e+06,1.14999e+07,4.49971e+06,6.79999e+06,1.14999e+07,4.49963e+06,6.79999e+06,1.14998e+07,4.49953e+06,6.79999e+06,1.14998e+07,4.49941e+06,6.79999e+06,1.14998e+07,4.49926e+06,6.79999e+06,1.14998e+07,4.49906e+06,6.79999e+06,1.14997e+07,4.49882e+06,6.79999e+06,1.14997e+07,4.49851e+06,6.79999e+06,1.14997e+07,4.49812e+06,6.79999e+06,1.14996e+07,4.49764e+06,6.79999e+06,1.14996e+07,4.49702e+06,6.79999e+06,1.14995e+07,4.49625e+06,6.79999e+06,1.14995e+07,4.49528e+06,6.79999e+06,1.14994e+07,4.49406e+06,6.79999e+06,1.14993e+07,4.49253e+06,6.79999e+06,1.14992e+07,4.49059e+06,6.79999e+06,1.14991e+07,4.48817e+06,6.79999e+06,1.1499e+07,4.48511e+06,6.79999e+06,1.14988e+07,4.48128e+06,6.79999e+06,1.14987e+07,4.47646e+06,6.79999e+06,1.14985e+07,4.47041e+06,6.79999e+06,1.14983e+07,4.46281e+06,6.79999e+06,1.14981e+07,4.4533e+06,6.79999e+06,1.14979e+07,4.44138e+06,6.79999e+06,1.14976e+07,4.42649e+06,6.79999e+06,1.14972e+07,4.40789e+06,6.79999e+06,1.14969e+07,4.38471e+06,6.79999e+06,1.14965e+07,4.35592e+06,6.79999e+06,1.1496e+07,4.32027e+06,6.79999e+06,1.14955e+07,4.27629e+06,6.79999e+06,1.14949e+07,4.22231e+06,6.79999e+06,1.14942e+07,4.15647e+06,6.79999e+06,1.14934e+07,4.07676e+06,6.79999e+06,1.14926e+07,3.98112e+06,6.79999e+06,1.14916e+07,3.86765e+06,6.79999e+06,1.14905e+07,3.73474e+06,6.79999e+06,1.14892e+07,3.58148e+06,6.79999e+06,1.14878e+07,3.40785e+06,6.79999e+06,1.14862e+07,3.21513e+06,6.79999e+06,1.14844e+07,3.00605e+06,6.79999e+06,1.14823e+07,2.7848e+06,6.79999e+06,1.148e+07,2.5568e+06,6.79999e+06,1.14773e+07,2.32825e+06,6.79999e+06,13.5742,8.52444,0.508366,16.8306,13.2585,0.162638,20.0035,17.569,0.0507846,23.2616,22.4214,0.0158319,26.7328,28.3297,0.00493498,30.5212,35.6974,0.00153831,34.7178,44.9473,0.000479527,39.4086,56.5822,0.000149456,44.6796,71.2245,4.66214e-05,50.6209,89.6543,1.45419e-05,57.3297,112.852,4.54748e-06,64.9129,142.051,1.43857e-06,73.4897,178.803,4.36618e-07,83.1934,225.062,1.40153e-07,94.1745,283.286,4.96378e-08,106.602,356.568,1.05434e-07,120.669,448.799,-6.49244e-08,136.59,564.873,1.70148e-07,154.611,710.948,-5.34594e-08,175.008,894.767,1.63407e-07,198.097,1126.06,8.04804e-08,224.231,1417.07,1.14667e-07,253.813,1783.15,-1.71227e-07,287.297,2243.62,-2.88466e-07,325.198,2822.67,-4.33651e-07,368.098,3550.67,7.9318e-08,416.657,4465.65,3.13319e-07,471.621,5615.16,3.4613e-07,533.835,7058.61,-1.19199e-07,604.255,8870.02,-2.79964e-07,683.962,11141.4,-2.30521e-07,774.182,13986.7,-2.55099e-07,876.299,17546.4,1.23585e-07,991.883,21993.1,1.41192e-07,1122.71,27536.7,-9.71886e-08,1270.78,34430.7,-3.68368e-07,1438.38,42977.7,-3.45379e-07,1628.07,53532.7,-3.25328e-09,1842.77,66504.6,2.6362e-07,2085.77,82350.2,2.53445e-07,2360.79,101560,-2.47407e-08,2672.05,124632,-3.80602e-07,3024.31,152018,-4.79005e-07,3422.98,184060,-1.14379e-07,3874.15,220884,2.64297e-07,4384.72,262283,3.44131e-07,4962.49,307576,7.5349e-08,5616.29,355497,-3.63097e-07,6356.1,404126,-6.05442e-07,7193.18,450932,-2.72333e-07,8140.28,492963,2.29675e-07,9211.79,527178,4.3387e-07,10424,550893,-1.0711e-07,10.102,8.06553,2.81012,10.6436,8.57909,0.869423,11.5336,10.2515,0.270869,12.7211,12.7138,0.0844293,14.1823,15.9373,0.0263173,15.9122,20.0383,0.0082035,17.9198,25.2154,0.00255722,20.2244,31.7373,0.000797017,22.8539,39.9486,0.000248622,25.8438,50.2851,7.75492e-05,29.237,63.2963,2.42508e-05,33.0837,79.6738,7.67162e-06,37.4415,100.288,2.32837e-06,42.3767,126.236,7.33e-07,47.9646,158.896,2.79256e-07,54.2906,200.003,9.87351e-09,61.452,251.741,1.61085e-07,69.5585,316.859,-2.47141e-07,78.7347,398.812,8.93552e-08,89.1218,501.948,-2.53231e-07,100.879,631.736,-1.25047e-07,114.188,795.049,-1.78808e-07,129.252,1000.53,2.6733e-07,146.304,1259.03,4.50292e-07,165.605,1584.19,6.76904e-07,187.452,1993.12,-1.23808e-07,212.181,2507.27,-4.89068e-07,240.173,3153.54,-5.40284e-07,271.856,3965.56,1.86061e-07,307.719,4985.38,4.37004e-07,348.313,6265.4,3.59828e-07,394.26,7870.83,3.98192e-07,446.268,9882.51,-1.92908e-07,505.135,12400.3,-2.20392e-07,571.766,15546.9,1.51705e-07,647.184,19472.2,5.74996e-07,732.547,24357.4,5.39112e-07,829.167,30420,5.07815e-09,938.526,37916.3,-4.11492e-07,1062.3,47143.9,-3.9561e-07,1202.4,58439.2,3.86185e-08,1360.96,72169.3,5.94093e-07,1540.42,88715.8,7.47693e-07,1743.53,108445,1.78537e-07,1973.41,131665,-4.12549e-07,2233.57,158557,-5.37164e-07,2528,189103,-1.17615e-07,2861.2,222986,5.66769e-07,3238.27,259510,9.45053e-07,3664.97,297540,4.25093e-07,4147.81,335497,-3.58506e-07,4694.17,371444,-6.7724e-07,5312.37,403256,1.67192e-07,1.61744,3.89446,9.84394,3.28846,7.5504,12.774,5.07607,11.7187,13.6844,7.03202,16.8147,13.9681,9.20215,23.1769,14.0566,11.6301,31.1672,14.0841,14.3598,41.2186,14.0927,17.4376,53.8688,14.0954,20.9137,69.7915,14.0962,24.8432,89.8341,14.0965,29.2879,115.063,14.0966,34.3168,146.819,14.0966,40.0078,186.792,14.0966,46.4487,237.107,14.0966,53.7388,300.44,14.0966,61.9903,380.158,14.0966,71.3301,480.499,14.0966,81.902,606.796,14.0966,93.8685,765.761,14.0966,107.414,965.837,14.0966,122.746,1217.65,14.0966,140.101,1534.57,14.0966,159.745,1933.41,14.0966,181.981,2435.3,14.0966,207.15,3066.85,14.0966,235.64,3861.46,14.0966,267.889,4861.11,14.0966,304.391,6118.54,14.0966,345.709,7699.91,14.0966,392.478,9688.22,14.0966,445.417,12187.5,14.0966,505.339,15327.7,14.0966,573.165,19271.6,14.0966,649.938,24222,14.0966,736.839,30430.9,14.0966,835.202,38211.5,14.0966,946.539,47950.3,14.0966,1072.56,60122.8,14.0966,1215.21,75309.9,14.0966,1376.66,94216.2,14.0966,1559.41,117688,14.0966,1766.26,146729,14.0966,2000.39,182510,14.0966,2265.39,226372,14.0966,2565.33,279806,14.0966,2904.81,344416,14.0966,3289.05,421845,14.0966,3723.93,513667,14.0966,4216.13,621231,14.0966,4773.18,745478,14.0966,5403.64,886744,14.0966,6117.15,1.04457e+06,14.0966,6924.63,1.2176e+06,14.0966,11.7194,11.96,12.6541,13.9321,16.1295,13.6434,16.6097,21.9702,13.9553,19.7532,29.5285,14.0526,23.3844,39.1143,14.0829,27.5423,51.2054,14.0923,32.2796,66.434,14.0953,37.662,85.6061,14.0962,43.7675,109.74,14.0965,50.687,140.119,14.0966,58.5249,178.359,14.0966,67.4005,226.493,14.0966,77.4493,287.08,14.0966,88.8254,363.343,14.0966,101.703,459.336,14.0966,116.281,580.161,14.0966,132.782,732.241,14.0966,151.46,923.655,14.0966,172.603,1164.57,14.0966,196.535,1467.79,14.0966,223.625,1849.39,14.0966,254.288,2329.62,14.0966,288.997,2933.93,14.0966,328.285,3694.33,14.0966,372.755,4651.04,14.0966,423.092,5854.57,14.0966,480.07,7368.38,14.0966,544.564,9272.08,14.0966,617.566,11665.5,14.0966,700.197,14673.6,14.0966,793.729,18452.9,14.0966,899.599,23198.6,14.0966,1019.43,29154.1,14.0966,1155.07,36622.3,14.0966,1308.6,45977.9,14.0966,1482.39,57683.7,14.0966,1679.09,72307.8,14.0966,1901.73,90542.8,14.0966,2153.73,113226,14.0966,2438.97,141360,14.0966,2761.81,176127,14.0966,3127.22,218898,14.0966,3540.81,271226,14.0966,4008.92,334817,14.0966,4538.74,411470,14.0966,5138.38,502973,14.0966,5817.04,610948,14.0966,6585.12,736653,14.0966,7454.39,880741,14.0966,8438.15,1.04302e+06,14.0966,9551.45,1.22224e+06,14.0966,10811.3,1.41602e+06,14.0966,12237,1.62086e+06,14.0966,11.7194,11.96,12.6541,2.21263,4.16949,0.989383,2.67766,5.84076,0.311842,3.14343,7.55825,0.0972771,3.63127,9.58578,0.0303237,4.15787,12.0912,0.00945211,4.73731,15.2286,0.00294633,5.38238,19.1721,0.000918508,6.10553,24.134,0.000286163,6.91951,30.3791,8.92692e-05,7.83792,38.2397,2.78121e-05,8.87555,48.1338,8.65134e-06,10.0489,60.5876,2.7882e-06,11.3761,76.2629,8.29036e-07,12.8779,95.9927,2.4373e-07,14.5775,120.825,4.33068e-09,16.5012,152.08,1.75749e-07,18.6784,191.415,-1.86328e-07,21.1428,240.917,1.91829e-07,23.9322,303.213,-1.81475e-07,27.0895,381.602,7.0186e-08,30.6634,480.231,-2.86769e-08,34.7087,604.316,2.40784e-07,39.2876,760.401,9.87368e-08,44.4705,956.705,1.22263e-07,50.3371,1203.54,-4.31966e-07,56.9776,1513.81,-1.9705e-07,64.494,1903.69,-2.763e-08,73.0018,2393.4,3.9185e-07,82.6317,3008.13,1.35379e-07,93.5318,3779.25,-4.16351e-08,105.869,4745.7,2.06965e-08,119.834,5955.6,-3.18887e-07,135.641,7468.12,-1.48271e-08,153.531,9355.62,2.00739e-07,173.781,11705.8,2.28358e-07,196.701,14624.1,-1.93587e-08,222.642,18235,-2.88101e-07,252.003,22683.4,-2.24732e-07,285.234,28134,8.56806e-09,322.845,34767,2.34258e-07,365.413,42770.9,2.99668e-07,413.588,52327.9,8.28644e-08,468.111,63591.2,-3.07049e-07,529.814,76653.2,-3.1888e-07,599.642,91502.5,-6.72276e-08,678.662,107975,2.26339e-07,768.083,125705,3.69212e-07,869.267,144088,2.04077e-07,983.76,162277,-2.80509e-07,1113.3,179223,-4.22737e-07,1259.87,193777,-1.71951e-07,1425.68,204839,4.55555e-07,11.7194,11.96,12.6541,2.21263,4.16949,0.989383,2.67766,5.84076,0.311842,3.14343,7.55825,0.0972771,3.63127,9.58578,0.0303237,4.15787,12.0912,0.00945211,4.73731,15.2286,0.00294633,5.38238,19.1721,0.000918508,6.10553,24.134,0.000286163,6.91951,30.3791,8.92692e-05,7.83792,38.2397,2.78121e-05,8.87555,48.1338,8.65134e-06,10.0489,60.5876,2.7882e-06,11.3761,76.2629,8.29036e-07,12.8779,95.9927,2.4373e-07,14.5775,120.825,1e-08,16.5012,152.08,1.75749e-07,18.6784,191.415,1e-08,21.1428,240.917,1.91829e-07,23.9322,303.213,1e-08,27.0895,381.602,7.0186e-08,30.6634,480.231,1e-08,34.7087,604.316,2.40784e-07,39.2876,760.401,9.87368e-08,44.4705,956.705,1.22263e-07,50.3371,1203.54,1e-08,56.9776,1513.81,1e-08,64.494,1903.69,1e-08,73.0018,2393.4,3.9185e-07,82.6317,3008.13,1.35379e-07,93.5318,3779.25,1e-08,105.869,4745.7,2.06965e-08,119.834,5955.6,1e-08,135.641,7468.12,1e-08,153.531,9355.62,2.00739e-07,173.781,11705.8,2.28358e-07,196.701,14624.1,1e-08,222.642,18235,1e-08,252.003,22683.4,1e-08,285.234,28134,1e-08,322.845,34767,2.34258e-07,365.413,42770.9,2.99668e-07,413.588,52327.9,8.28644e-08,468.111,63591.2,1e-08,529.814,76653.2,1e-08,599.642,91502.5,1e-08,678.662,107975,2.26339e-07,768.083,125705,3.69212e-07,869.267,144088,2.04077e-07,983.76,162277,1e-08,1113.3,179223,1e-08,1259.87,193777,1e-08,1425.68,204839,4.55555e-07,6.2823,3.27286,2.43537,0.219672,6.18826,2.24117,0.56371,6.87772,2.63624,0.308279,4,15,9,2,2,1,3,4,0,3,0,0,0,10,0,3,17,0,7,18,0,6,15,0,4,17,0,5,29,0,9,17,0,18,11,0,10,118,0,9,52,0,14,26,0,14,120,0,15,161,0,14,96,0,23,280,0,27,178,0,19,409,0,61,325,0,22,1009,0,44,273,0,54,727,0,39,1299,0,64,1133,0,89,2518,0,95,2207,0,72,1747,0,63,3571,0,131,3844,0,45,2813,0,151,13905,0,119,10779,0,68,11734,0,259,5654,0,148,34214,0,328,31525,0,337,19558,0,375,16203,0,379,56253,0,224,74648,0,924,65391,0,496,58006,0,1128,63121,0,786,92684,0,1041,207282,0,1143,43140,0,1309,83748,0,1638,107603,0,896,284318,0,1869,215149,0
-1.05176e+08,8.09535e-47,8.88811e-15,10,1023,0,1.05176e+08,0.528882,1.08665,0.389689,0.145397,0.379329,3.24381,0.161596,0.446195,1.77396,0.159177,1.15e+07,4.49998e+06,6.79999e+06,1.15e+07,4.49997e+06,6.79999e+06,1.15e+07,4.49996e+06,6.79999e+06,1.15e+07,4.49995e+06,6.79999e+06,1.14999e+07,4.49993e+06,6.79999e+06,1.14999e+07,4.49991e+06,6.79999e+06,1.14999e+07,4.49989e+06,6.79999e+06,1.14999e+07,4.49986e+06,6.79999e+06,1.14999e+07,4.49982e+06,6.79999e+06,1.14999e+07,4.49977e+06,6.79999e+06,1.14999e+07,4.49971e+06,6.79999e+06,1.14999e+07,4.49963e+06,6.79999e+06,1.14998e+07,4.49953e+06,6.79999e+06,1.14998e+07,4.49941e+06,6.79999e+06,1.14998e+07,4.49926e+06,6.79999e+06,1.14998e+07,4.49906e+06,6.79999e+06,1.14997e+07,4.49882e+06,6.79999e+06,1.14997e+07,4.49851e+06,6.79999e+06,1.14997e+07,4.49812e+06,6.79999e+06,1.14996e+07,4.49764e+06,6.79999e+06,1.14996e+07,4.49702e+06,6.79999e+06,1.14995e+07,4.49625e+06,6.79999e+06,1.14995e+07,4.49528e+06,6.79999e+06,1.14994e+07,4.49406e+06,6.79999e+06,1.14993e+07,4.49253e+06,6.79999e+06,1.14992e+07,4.49059e+06,6.79999e+06,1.14991e+07,4.48817e+06,6.79999e+06,1.1499e+07,4.48511e+06,6.79999e+06,1.14988e+07,4.48128e+06,6.79999e+06,1.14987e+07,4.47646e+06,6.79999e+06,1.14985e+07,4.47041e+06,6.79999e+06,1.14983e+07,4.46281e+06,6.79999e+06,1.14981e+07,4.4533e+06,6.79999e+06,1.14979e+07,4.44138e+06,6.79999e+06,1.14976e+07,4.42649e+06,6.79999e+06,1.14972e+07,4.40789e+06,6.79999e+06,1.14969e+07,4.38471e+06,6.79999e+06,1.14965e+07,4.35592e+06,6.79999e+06,1.1496e+07,4.32027e+06,6.79999e+06,1.14955e+07,4.27629e+06,6.79999e+06,1.14949e+07,4.22231e+06,6.79999e+06,1.14942e+07,4.15647e+06,6.79999e+06,1.14934e+07,4.07676e+06,6.79999e+06,1.14926e+07,3.98112e+06,6.79999e+06,1.14916e+07,3.86765e+06,6.79999e+06,1.14905e+07,3.73474e+06,6.79999e+06,1.14892e+07,3.58148e+06,6.79999e+06,1.14878e+07,3.40785e+06,6.79999e+06,1.14862e+07,3.21513e+06,6.79999e+06,1.14844e+07,3.00605e+06,6.79999e+06,1.14823e+07,2.7848e+06,6.79999e+06,1.148e+07,2.5568e+06,6.79999e+06,1.14773e+07,2.32825e+06,6.79999e+06,13.5742,8.52444,0.508366,16.8306,13.2585,0.162638,20.0035,17.569,0.0507846,23.2616,22.4214,0.0158319,26.7328,28.3297,0.00493498,30.5212,35.6974,0.00153831,34.7178,44.9473,0.000479527,39.4086,56.5822,0.000149456,44.6796,71.2245,4.66214e-05,50.6209,89.6543,1.45419e-05,57.3297,112.852,4.54748e-06,64.9129,142.051,1.43857e-06,73.4897,178.803,4.36618e-07,83.1934,225.062,1.40153e-07,94.1745,283.286,4.96378e-08,106.602,356.568,1.05434e-07,120.669,448.799,-6.49244e-08,136.59,564.873,1.70148e-07,154.611,710.948,-5.34594e-08,175.008,894.767,1.63407e-07,198.097,1126.06,8.04804e-08,224.231,1417.07,1.14667e-07,253.813,1783.15,-1.71227e-07,287.297,2243.62,-2.88466e-07,325.198,2822.67,-4.33651e-07,368.098,3550.67,7.9318e-08,416.657,4465.65,3.13319e-07,471.621,5615.16,3.4613e-07,533.835,7058.61,-1.19199e-07,604.255,8870.02,-2.79964e-07,683.962,11141.4,-2.30521e-07,774.182,13986.7,-2.55099e-07,876.299,17546.4,1.23585e-07,991.883,21993.1,1.41192e-07,1122.71,27536.7,-9.71886e-08,1270.78,34430.7,-3.68368e-07,1438.38,42977.7,-3.45379e-07,1628.07,53532.7,-3.25328e-09,1842.77,66504.6,2.6362e-07,2085.77,82350.2,2.53445e-07,2360.79,101560,-2.47407e-08,2672.05,124632,-3.80602e-07,3024.31,152018,-4.79005e-07,3422.98,184060,-1.14379e-07,3874.15,220884,2.64297e-07,4384.72,262283,3.44131e-07,4962.49,307576,7.5349e-08,5616.29,355497,-3.63097e-07,6356.1,404126,-6.05442e-07,7193.18,450932,-2.72333e-07,8140.28,492963,2.29675e-07,9211.79,527178,4.3387e-07,10424,550893,-1.0711e-07,10.102,8.06553,2.81012,10.6436,8.57909,0.869423,11.5336,10.2515,0.270869,12.7211,12.7138,0.0844293,14.1823,15.9373,0.0263173,15.9122,20.0383,0.0082035,17.9198,25.2154,0.00255722,20.2244,31.7373,0.000797017,22.8539,39.9486,0.000248622,25.8438,50.2851,7.75492e-05,29.237,63.2963,2.42508e-05,33.0837,79.6738,7.67162e-06,37.4415,100.288,2.32837e-06,42.3767,126.236,7.33e-07,47.9646,158.896,2.79256e-07,54.2906,200.003,9.87351e-09,61.452,251.741,1.61085e-07,69.5585,316.859,-2.47141e-07,78.7347,398.812,8.93552e-08,89.1218,501.948,-2.53231e-07,100.879,631.736,-1.25047e-07,114.188,795.049,-1.78808e-07,129.252,1000.53,2.6733e-07,146.304,1259.03,4.50292e-07,165.605,1584.19,6.76904e-07,187.452,1993.12,-1.23808e-07,212.181,2507.27,-4.89068e-07,240.173,3153.54,-5.40284e-07,271.856,3965.56,1.86061e-07,307.719,4985.38,4.37004e-07,348.313,6265.4,3.59828e-07,394.26,7870.83,3.98192e-07,446.268,9882.51,-1.92908e-07,505.135,12400.3,-2.20392e-07,571.766,15546.9,1.51705e-07,647.184,19472.2,5.74996e-07,732.547,24357.4,5.39112e-07,829.167,30420,5.07815e-09,938.526,37916.3,-4.11492e-07,1062.3,47143.9,-3.9561e-07,1202.4,58439.2,3.86185e-08,1360.96,72169.3,5.94093e-07,1540.42,88715.8,7.47693e-07,1743.53,108445,1.78537e-07,1973.41,131665,-4.12549e-07,2233.57,158557,-5.37164e-07,2528,189103,-1.17615e-07,2861.2,222986,5.66769e-07,3238.27,259510,9.45053e-07,3664.97,297540,4.25093e-07,4147.81,335497,-3.58506e-07,4694.17,371444,-6.7724e-07,5312.37,403256,1.67192e-07,1.61744,3.89446,9.84394,3.28846,7.5504,12.774,5.07607,11.7187,13.6844,7.03202,16.8147,13.9681,9.20215,23.1769,14.0566,11.6301,31.1672,14.0841,14.3598,41.2186,14.0927,17.4376,53.8688,14.0954,20.9137,69.7915,14.0962,24.8432,89.8341,14.0965,29.2879,115.063,14.0966,34.3168,146.819,14.0966,40.0078,186.792,14.0966,46.4487,237.107,14.0966,53.7388,300.44,14.0966,61.9903,380.158,14.0966,71.3301,480.499,14.0966,81.902,606.796,14.0966,93.8685,765.761,14.0966,107.414,965.837,14.0966,122.746,1217.65,14.0966,140.101,1534.57,14.0966,159.745,1933.41,14.0966,181.981,2435.3,14.0966,207.15,3066.85,14.0966,235.64,3861.46,14.0966,267.889,4861.11,14.0966,304.391,6118.54,14.0966,345.709,7699.91,14.0966,392.478,9688.22,14.0966,445.417,12187.5,14.0966,505.339,15327.7,14.0966,573.165,19271.6,14.0966,649.938,24222,14.0966,736.839,30430.9,14.0966,835.202,38211.5,14.0966,946.539,47950.3,14.0966,1072.56,60122.8,14.0966,1215.21,75309.9,14.0966,1376.66,94216.2,14.0966,1559.41,117688,14.0966,1766.26,146729,14.0966,2000.39,182510,14.0966,2265.39,226372,14.0966,2565.33,279806,14.0966,2904.81,344416,14.0966,3289.05,421845,14.0966,3723.93,513667,14.0966,4216.13,621231,14.0966,4773.18,745478,14.0966,5403.64,886744,14.0966,6117.15,1.04457e+06,14.0966,6924.63,1.2176e+06,14.0966,11.7194,11.96,12.6541,13.9321,16.1295,13.6434,16.6097,21.9702,13.9553,19.7532,29.5285,14.0526,23.3844,39.1143,14.0829,27.5423,51.2054,14.0923,32.2796,66.434,14.0953,37.662,85.6061,14.0962,43.7675,109.74,14.0965,50.687,140.119,14.0966,58.5249,178.359,14.0966,67.4005,226.493,14.0966,77.4493,287.08,14.0966,88.8254,363.343,14.0966,101.703,459.336,14.0966,116.281,580.161,14.0966,132.782,732.241,14.0966,151.46,923.655,14.0966,172.603,1164.57,14.0966,196.535,1467.79,14.0966,223.625,1849.39,14.0966,254.288,2329.62,14.0966,288.997,2933.93,14.0966,328.285,3694.33,14.0966,372.755,4651.04,14.0966,423.092,5854.57,14.0966,480.07,7368.38,14.0966,544.564,9272.08,14.0966,617.566,11665.5,14.0966,700.197,14673.6,14.0966,793.729,18452.9,14.0966,899.599,23198.6,14.0966,1019.43,29154.1,14.0966,1155.07,36622.3,14.0966,1308.6,45977.9,14.0966,1482.39,57683.7,14.0966,1679.09,72307.8,14.0966,1901.73,90542.8,14.0966,2153.73,113226,14.0966,2438.97,141360,14.0966,2761.81,176127,14.0966,3127.22,218898,14.0966,3540.81,271226,14.0966,4008.92,334817,14.0966,4538.74,411470,14.0966,5138.38,502973,14.0966,5817.04,610948,14.0966,6585.12,736653,14.0966,7454.39,880741,14.0966,8438.15,1.04302e+06,14.0966,9551.45,1.22224e+06,14.0966,10811.3,1.41602e+06,14.0966,12237,1.62086e+06,14.0966,11.7194,11.96,12.6541,2.21263,4.16949,0.989383,2.67766,5.84076,0.311842,3.14343,7.55825,0.0972771,3.63127,9.58578,0.0303237,4.15787,12.0912,0.00945211,4.73731,15.2286,0.00294633,5.38238,19.1721,0.000918508,6.10553,24.134,0.000286163,6.91951,30.3791,8.92692e-05,7.83792,38.2397,2.78121e-05,8.87555,48.1338,8.65134e-06,10.0489,60.5876,2.7882e-06,11.3761,76.2629,8.29036e-07,12.8779,95.9927,2.4373e-07,14.5775,120.825,4.33068e-09,16.5012,152.08,1.75749e-07,18.6784,191.415,-1.86328e-07,21.1428,240.917,1.91829e-07,23.9322,303.213,-1.81475e-07,27.0895,381.602,7.0186e-08,30.6634,480.231,-2.86769e-08,34.7087,604.316,2.40784e-07,39.2876,760.401,9.87368e-08,44.4705,956.705,1.22263e-07,50.3371,1203.54,-4.31966e-07,56.9776,1513.81,-1.9705e-07,64.494,1903.69,-2.763e-08,73.0018,2393.4,3.9185e-07,82.6317,3008.13,1.35379e-07,93.5318,3779.25,-4.16351e-08,105.869,4745.7,2.06965e-08,119.834,5955.6,-3.18887e-07,135.641,7468.12,-1.48271e-08,153.531,9355.62,2.00739e-07,173.781,11705.8,2.28358e-07,196.701,14624.1,-1.93587e-08,222.642,18235,-2.88101e-07,252.003,22683.4,-2.24732e-07,285.234,28134,8.56806e-09,322.845,34767,2.34258e-07,365.413,42770.9,2.99668e-07,413.588,52327.9,8.28644e-08,468.111,63591.2,-3.07049e-07,529.814,76653.2,-3.1888e-07,599.642,91502.5,-6.72276e-08,678.662,107975,2.26339e-07,768.083,125705,3.69212e-07,869.267,144088,2.04077e-07,983.76,162277,-2.80509e-07,1113.3,179223,-4.22737e-07,1259.87,193777,-1.71951e-07,1425.68,204839,4.55555e-07,11.7194,11.96,12.6541,2.21263,4.16949,0.989383,2.67766,5.84076,0.311842,3.14343,7.55825,0.0972771,3.63127,9.58578,0.0303237,4.15787,12.0912,0.00945211,4.73731,15.2286,0.00294633,5.38238,19.1721,0.000918508,6.10553,24.134,0.000286163,6.91951,30.3791,8.92692e-05,7.83792,38.2397,2.78121e-05,8.87555,48.1338,8.65134e-06,10.0489,60.5876,2.7882e-06,11.3761,76.2629,8.29036e-07,12.8779,95.9927,2.4373e-07,14.5775,120.825,1e-08,16.5012,152.08,1.75749e-07,18.6784,191.415,1e-08,21.1428,240.917,1.91829e-07,23.9322,303.213,1e-08,27.0895,381.602,7.0186e-08,30.6634,480.231,1e-08,34.7087,604.316,2.40784e-07,39.2876,760.401,9.87368e-08,44.4705,956.705,1.22263e-07,50.3371,1203.54,1e-08,56.9776,1513.81,1e-08,64.494,1903.69,1e-08,73.0018,2393.4,3.9185e-07,82.6317,3008.13,1.35379e-07,93.5318,3779.25,1e-08,105.869,4745.7,2.06965e-08,119.834,5955.6,1e-08,135.641,7468.12,1e-08,153.531,9355.62,2.00739e-07,173.781,11705.8,2.28358e-07,196.701,14624.1,1e-08,222.642,18235,1e-08,252.003,22683.4,1e-08,285.234,28134,1e-08,322.845,34767,2.34258e-07,365.413,42770.9,2.99668e-07,413.588,52327.9,8.28644e-08,468.111,63591.2,1e-08,529.814,76653.2,1e-08,599.642,91502.5,1e-08,678.662,107975,2.26339e-07,768.083,125705,3.69212e-07,869.267,144088,2.04077e-07,983.76,162277,1e-08,1113.3,179223,1e-08,1259.87,193777,1e-08,1425.68,204839,4.55555e-07,6.2823,3.27286,2.43537,0.219672,6.18826,2.24117,0.56371,6.87772,2.63624,0.308279,13,10,5,0,5,0,0,6,0,0,14,0,5,10,0,4,7,0,12,4,0,4,5,0,9,19,0,6,34,0,16,25,0,5,61,0,3,83,0,14,47,0,10,70,0,17,80,0,15,193,0,24,209,0,39,188,0,39,329,0,28,159,0,12,219,0,37,709,0,42,547,0,37,1234,0,42,1392,0,55,902,0,135,2219,0,93,2810,0,94,1501,0,110,4504,0,172,1873,0,183,3573,0,76,6355,0,185,13291,0,214,8148,0,122,19038,0,172,9384,0,169,22266,0,421,27225,0,235,31738,0,299,83362,0,328,29656,0,360,79395,0,488,133464,0,670,168547,0,487,145645,0,694,100600,0,941,116192,0,1647,189337,0,1126,157141,0,941,82994,0,1604,217725,0
-1.05176e+08,1,8.88811e-15,10,1023,0,1.05176e+08,0.528882,1.08665,0.389689,0.145397,0.379329,3.24381,0.161596,0.446195,1.77396,0.159177,1.15e+07,4.49998e+06,6.79999e+06,1.15e+07,4.49997e+06,6.79999e+06,1.15e+07,4.49996e+06,6.79999e+06,1.15e+07,4.49995e+06,6.79999e+06,1.14999e+07,4.49993e+06,6.79999e+06,1.14999e+07,4.49991e+06,6.79999e+06,1.14999e+07,4.49989e+06,6.79999e+06,1.14999e+07,4.49986e+06,6.79999e+06,1.14999e+07,4.49982e+06,6.79999e+06,1.14999e+07,4.49977e+06,6.79999e+06,1.14999e+07,4.49971e+06,6.79999e+06,1.14999e+07,4.49963e+06,6.79999e+06,1.14998e+07,4.49953e+06,6.79999e+06,1.14998e+07,4.49941e+06,6.79999e+06,1.14998e+07,4.49926e+06,6.79999e+06,1.14998e+07,4.49906e+06,6.79999e+06,1.14997e+07,4.49882e+06,6.79999e+06,1.14997e+07,4.49851e+06,6.79999e+06,1.14997e+07,4.49812e+06,6.79999e+06,1.14996e+07,4.49764e+06,6.79999e+06,1.14996e+07,4.49702e+06,6.79999e+06,1.14995e+07,4.49625e+06,6.79999e+06,1.14995e+07,4.49528e+06,6.79999e+06,1.14994e+07,4.49406e+06,6.79999e+06,1.14993e+07,4.49253e+06,6.79999e+06,1.14992e+07,4.49059e+06,6.79999e+06,1.14991e+07,4.48817e+06,6.79999e+06,1.1499e+07,4.48511e+06,6.79999e+06,1.14988e+07,4.48128e+06,6.79999e+06,1.14987e+07,4.47646e+06,6.79999e+06,1.14985e+07,4.47041e+06,6.79999e+06,1.14983e+07,4.46281e+06,6.79999e+06,1.14981e+07,4.4533e+06,6.79999e+06,1.14979e+07,4.44138e+06,6.79999e+06,1.14976e+07,4.42649e+06,6.79999e+06,1.14972e+07,4.40789e+06,6.79999e+06,1.14969e+07,4.38471e+06,6.79999e+06,1.14965e+07,4.35592e+06,6.79999e+06,1.1496e+07,4.32027e+06,6.79999e+06,1.14955e+07,4.27629e+06,6.79999e+06,1.14949e+07,4.22231e+06,6.79999e+06,1.14942e+07,4.15647e+06,6.79999e+06,1.14934e+07,4.07676e+06,6.79999e+06,1.14926e+07,3.98112e+06,6.79999e+06,1.14916e+07,3.86765e+06,6.79999e+06,1.14905e+07,3.73474e+06,6.79999e+06,1.14892e+07,3.58148e+06,6.79999e+06,1.14878e+07,3.40785e+06,6.79999e+06,1.14862e+07,3.21513e+06,6.79999e+06,1.14844e+07,3.00605e+06,6.79999e+06,1.14823e+07,2.7848e+06,6.79999e+06,1.148e+07,2.5568e+06,6.79999e+06,1.14773e+07,2.32825e+06,6.79999e+06,13.5742,8.52444,0.508366,16.8306,13.2585,0.162638,20.0035,17.569,0.0507846,23.2616,22.4214,0.0158319,26.7328,28.3297,0.00493498,30.5212,35.6974,0.00153831,34.7178,44.9473,0.000479527,39.4086,56.5822,0.000149456,44.6796,71.2245,4.66214e-05,50.6209,89.6543,1.45419e-05,57.3297,112.852,4.54748e-06,64.9129,142.051,1.43857e-06,73.4897,178.803,4.36618e-07,83.1934,225.062,1.40153e-07,94.1745,283.286,4.96378e-08,106.602,356.568,1.05434e-07,120.669,448.799,-6.49244e-08,136.59,564.873,1.70148e-07,154.611,710.948,-5.34594e-08,175.008,894.767,1.63407e-07,198.097,1126.06,8.04804e-08,224.231,1417.07,1.14667e-07,253.813,1783.15,-1.71227e-07,287.297,2243.62,-2.88466e-07,325.198,2822.67,-4.33651e-07,368.098,3550.67,7.9318e-08,416.657,4465.65,3.13319e-07,471.621,5615.16,3.4613e-07,533.835,7058.61,-1.19199e-07,604.255,8870.02,-2.79964e-07,683.962,11141.4,-2.30521e-07,774.182,13986.7,-2.55099e-07,876.299,17546.4,1.23585e-07,991.883,21993.1,1.41192e-07,1122.71,27536.7,-9.71886e-08,1270.78,34430.7,-3.68368e-07,1438.38,42977.7,-3.45379e-07,1628.07,53532.7,-3.25328e-09,1842.77,66504.6,2.6362e-07,2085.77,82350.2,2.53445e-07,2360.79,101560,-2.47407e-08,2672.05,124632,-3.80602e-07,3024.31,152018,-4.79005e-07,3422.98,184060,-1.14379e-07,3874.15,220884,2.64297e-07,4384.72,262283,3.44131e-07,4962.49,307576,7.5349e-08,5616.29,355497,-3.63097e-07,6356.1,404126,-6.05442e-07,7193.18,450932,-2.72333e-07,8140.28,492963,2.29675e-07,9211.79,527178,4.3387e-07,10424,550893,-1.0711e-07,10.102,8.06553,2.81012,10.6436,8.57909,0.869423,11.5336,10.2515,0.270869,12.7211,12.7138,0.0844293,14.1823,15.9373,0.0263173,15.9122,20.0383,0.0082035,17.9198,25.2154,0.00255722,20.2244,31.7373,0.000797017,22.8539,39.9486,0.000248622,25.8438,50.2851,7.75492e-05,29.237,63.2963,2.42508e-05,33.0837,79.6738,7.67162e-06,37.4415,100.288,2.32837e-06,42.3767,126.236,7.33e-07,47.9646,158.896,2.79256e-07,54.2906,200.003,9.87351e-09,61.452,251.741,1.61085e-07,69.5585,316.859,-2.47141e-07,78.7347,398.812,8.93552e-08,89.1218,501.948,-2.53231e-07,100.879,631.736,-1.25047e-07,114.188,795.049,-1.78808e-07,129.252,1000.53,2.6733e-07,146.304,1259.03,4.50292e-07,165.605,1584.19,6.76904e-07,187.452,1993.12,-1.23808e-07,212.181,2507.27,-4.89068e-07,240.173,3153.54,-5.40284e-07,271.856,3965.56,1.86061e-07,307.719,4985.38,4.37004e-07,348.313,6265.4,3.59828e-07,394.26,7870.83,3.98192e-07,446.268,9882.51,-1.92908e-07,505.135,12400.3,-2.20392e-07,571.766,15546.9,1.51705e-07,647.184,19472.2,5.74996e-07,732.547,24357.4,5.39112e-07,829.167,30420,5.07815e-09,938.526,37916.3,-4.11492e-07,1062.3,47143.9,-3.9561e-07,1202.4,58439.2,3.86185e-08,1360.96,72169.3,5.94093e-07,1540.42,88715.8,7.47693e-07,1743.53,108445,1.78537e-07,1973.41,131665,-4.12549e-07,2233.57,158557,-5.37164e-07,2528,189103,-1.17615e-07,2861.2,222986,5.66769e-07,3238.27,259510,9.45053e-07,3664.97,297540,4.25093e-07,4147.81,335497,-3.58506e-07,4694.17,371444,-6.7724e-07,5312.37,403256,1.67192e-07,1.61744,3.89446,9.84394,3.28846,7.5504,12.774,5.07607,11.7187,13.6844,7.03202,16.8147,13.9681,9.20215,23.1769,14.0566,11.6301,31.1672,14.0841,14.3598,41.2186,14.0927,17.4376,53.8688,14.0954,20.9137,69.7915,14.0962,24.8432,89.8341,14.0965,29.2879,115.063,14.0966,34.3168,146.819,14.0966,40.0078,186.792,14.0966,46.4487,237.107,14.0966,53.7388,300.44,14.0966,61.9903,380.158,14.0966,71.3301,480.499,14.0966,81.902,606.796,14.0966,93.8685,765.761,14.0966,107.414,965.837,14.0966,122.746,1217.65,14.0966,140.101,1534.57,14.0966,159.745,1933.41,14.0966,181.981,2435.3,14.0966,207.15,3066.85,14.0966,235.64,3861.46,14.0966,267.889,4861.11,14.0966,304.391,6118.54,14.0966,345.709,7699.91,14.0966,392.478,9688.22,14.0966,445.417,12187.5,14.0966,505.339,15327.7,14.0966,573.165,19271.6,14.0966,649.938,24222,14.0966,736.839,30430.9,14.0966,835.202,38211.5,14.0966,946.539,47950.3,14.0966,1072.56,60122.8,14.0966,1215.21,75309.9,14.0966,1376.66,94216.2,14.0966,1559.41,117688,14.0966,1766.26,146729,14.0966,2000.39,182510,14.0966,2265.39,226372,14.0966,2565.33,279806,14.0966,2904.81,344416,14.0966,3289.05,421845,14.0966,3723.93,513667,14.0966,4216.13,621231,14.0966,4773.18,745478,14.0966,5403.64,886744,14.0966,6117.15,1.04457e+06,14.0966,6924.63,1.2176e+06,14.0966,11.7194,11.96,12.6541,13.9321,16.1295,13.6434,16.6097,21.9702,13.9553,19.7532,29.5285,14.0526,23.3844,39.1143,14.0829,27.5423,51.2054,14.0923,32.2796,66.434,14.0953,37.662,85.6061,14.0962,43.7675,109.74,14.0965,50.687,140.119,14.0966,58.5249,178.359,14.0966,67.4005,226.493,14.0966,77.4493,287.08,14.0966,88.8254,363.343,14.0966,101.703,459.336,14.0966,116.281,580.161,14.0966,132.782,732.241,14.0966,151.46,923.655,14.0966,172.603,1164.57,14.0966,196.535,1467.79,14.0966,223.625,1849.39,14.0966,254.288,2329.62,14.0966,288.997,2933.93,14.0966,328.285,3694.33,14.0966,372.755,4651.04,14.0966,423.092,5854.57,14.0966,480.07,7368.38,14.0966,544.564,9272.08,14.0966,617.566,11665.5,14.0966,700.197,14673.6,14.0966,793.729,18452.9,14.0966,899.599,23198.6,14.0966,1019.43,29154.1,14.0966,1155.07,36622.3,14.0966,1308.6,45977.9,14.0966,1482.39,57683.7,14.0966,1679.09,72307.8,14.0966,1901.73,90542.8,14.0966,2153.73,113226,14.0966,2438.97,141360,14.0966,2761.81,176127,14.0966,3127.22,218898,14.0966,3540.81,271226,14.0966,4008.92,334817,14.0966,4538.74,411470,14.0966,5138.38,502973,14.0966,5817.04,610948,14.0966,6585.12,736653,14.0966,7454.39,880741,14.0966,8438.15,1.04302e+06,14.0966,9551.45,1.22224e+06,14.0966,10811.3,1.41602e+06,14.0966,12237,1.62086e+06,14.0966,11.7194,11.96,12.6541,2.21263,4.16949,0.989383,2.67766,5.84076,0.311842,3.14343,7.55825,0.0972771,3.63127,9.58578,0.0303237,4.15787,12.0912,0.00945211,4.73731,15.2286,0.00294633,5.38238,19.1721,0.000918508,6.10553,24.134,0.000286163,6.91951,30.3791,8.92692e-05,7.83792,38.2397,2.78121e-05,8.87555,48.1338,8.65134e-06,10.0489,60.5876,2.7882e-06,11.3761,76.2629,8.29036e-07,12.8779,95.9927,2.4373e-07,14.5775,120.825,4.33068e-09,16.5012,152.08,1.75749e-07,18.6784,191.415,-1.86328e-07,21.1428,240.917,1.91829e-07,23.9322,303.213,-1.81475e-07,27.0895,381.602,7.0186e-08,30.6634,480.231,-2.86769e-08,34.7087,604.316,2.40784e-07,39.2876,760.401,9.87368e-08,44.4705,956.705,1.22263e-07,50.3371,1203.54,-4.31966e-07,56.9776,1513.81,-1.9705e-07,64.494,1903.69,-2.763e-08,73.0018,2393.4,3.9185e-07,82.6317,3008.13,1.35379e-07,93.5318,3779.25,-4.16351e-08,105.869,4745.7,2.06965e-08,119.834,5955.6,-3.18887e-07,135.641,7468.12,-1.48271e-08,153.531,9355.62,2.00739e-07,173.781,11705.8,2.28358e-07,196.701,14624.1,-1.93587e-08,222.642,18235,-2.88101e-07,252.003,22683.4,-2.24732e-07,285.234,28134,8.56806e-09,322.845,34767,2.34258e-07,365.413,42770.9,2.99668e-07,413.588,52327.9,8.28644e-08,468.111,63591.2,-3.07049e-07,529.814,76653.2,-3.1888e-07,599.642,91502.5,-6.72276e-08,678.662,107975,2.26339e-07,768.083,125705,3.69212e-07,869.267,144088,2.04077e-07,983.76,162277,-2.80509e-07,1113.3,179223,-4.22737e-07,1259.87,193777,-1.71951e-07,1425.68,204839,4.55555e-07,11.7194,11.96,12.6541,2.21263,4.16949,0.989383,2.67766,5.84076,0.311842,3.14343,7.55825,0.0972771,3.63127,9.58578,0.0303237,4.15787,12.0912,0.00945211,4.73731,15.2286,0.00294633,5.38238,19.1721,0.000918508,6.10553,24.134,0.000286163,6.91951,30.3791,8.92692e-05,7.83792,38.2397,2.78121e-05,8.87555,48.1338,8.65134e-06,10.0489,60.5876,2.7882e-06,11.3761,76.2629,8.29036e-07,12.8779,95.9927,2.4373e-07,14.5775,120.825,1e-08,16.5012,152.08,1.75749e-07,18.6784,191.415,1e-08,21.1428,240.917,1.91829e-07,23.9322,303.213,1e-08,27.0895,381.602,7.0186e-08,30.6634,480.231,1e-08,34.7087,604.316,2.40784e-07,39.2876,760.401,9.87368e-08,44.4705,956.705,1.22263e-07,50.3371,1203.54,1e-08,56.9776,1513.81,1e-08,64.494,1903.69,1e-08,73.0018,2393.4,3.9185e-07,82.6317,3008.13,1.35379e-07,93.5318,3779.25,1e-08,105.869,4745.7,2.06965e-08,119.834,5955.6,1e-08,135.641,7468.12,1e-08,153.531,9355.62,2.00739e-07,173.781,11705.8,2.28358e-07,196.701,14624.1,1e-08,222.642,18235,1e-08,252.003,22683.4,1e-08,285.234,28134,1e-08,322.845,34767,2.34258e-07,365.413,42770.9,2.99668e-07,413.588,52327.9,8.28644e-08,468.111,63591.2,1e-08,529.814,76653.2,1e-08,599.642,91502.5,1e-08,678.662,107975,2.26339e-07,768.083,125705,3.69212e-07,869.267,144088,2.04077e-07,983.76,162277,1e-08,1113.3,179223,1e-08,1259.87,193777,1e-08,1425.68,204839,4.55555e-07,6.2823,3.27286,2.43537,0.219672,6.18826,2.24117,0.56371,6.87772,2.63624,0.308279,16,4,12,2,3,0,4,3,0,1,10,0,1,10,0,1,13,0,6,16,0,8,14,0,8,17,0,3,16,0,7,78,0,9,26,0,9,20,0,5,72,0,3,133,0,27,67,0,12,87,0,12,249,0,0,342,0,24,248,0,26,292,0,13,222,0,68,772,0,27,843,0,40,413,0,81,1000,0,90,1549,0,56,1698,0,50,2219,0,76,2575,0,66,6227,0,132,3362,0,127,4989,0,85,11709,0,113,13423,0,171,5076,0,132,11995,0,106,22052,0,140,29736,0,329,32773,0,263,53557,0,505,52989,0,530,49765,0,168,67390,0,466,62314,0,355,89736,0,673,108203,0,488,249583,0,1336,164612,0,1278,129322,0,1085,303938,0,1530,154507,0,1741,292024,0
-1.05176e+08,1,8.88811e-15,10,1023,0,1.05176e+08,0.528882,1.08665,0.389689,0.145397,0.379329,3.24381,0.161596,0.446195,1.77396,0.159177,1.15e+07,4.49998e+06,6.79999e+06,1.15e+07,4.49997e+06,6.79999e+06,1.15e+07,4.49996e+06,6.79999e+06,1.15e+07,4.49995e+06,6.79999e+06,1.14999e+07,4.49993e+06,6.79999e+06,1.14999e+07,4.49991e+06,6.79999e+06,1.14999e+07,4.49989e+06,6.79999e+06,1.14999e+07,4.49986e+06,6.79999e+06,1.14999e+07,4.49982e+06,6.79999e+06,1.14999e+07,4.49977e+06,6.79999e+06,1.14999e+07,4.49971e+06,6.79999e+06,1.14999e+07,4.49963e+06,6.79999e+06,1.14998e+07,4.49953e+06,6.79999e+06,1.14998e+07,4.49941e+06,6.79999e+06,1.14998e+07,4.49926e+06,6.79999e+06,1.14998e+07,4.49906e+06,6.79999e+06,1.14997e+07,4.49882e+06,6.79999e+06,1.14997e+07,4.49851e+06,6.79999e+06,1.14997e+07,4.49812e+06,6.79999e+06,1.14996e+07,4.49764e+06,6.79999e+06,1.14996e+07,4.49702e+06,6.79999e+06,1.14995e+07,4.49625e+06,6.79999e+06,1.14995e+07,4.49528e+06,6.79999e+06,1.14994e+07,4.49406e+06,6.79999e+06,1.14993e+07,4.49253e+06,6.79999e+06,1.14992e+07,4.49059e+06,6.79999e+06,1.14991e+07,4.48817e+06,6.79999e+06,1.1499e+07,4.48511e+06,6.79999e+06,1.14988e+07,4.48128e+06,6.79999e+06,1.14987e+07,4.47646e+06,6.79999e+06,1.14985e+07,4.47041e+06,6.79999e+06,1.14983e+07,4.46281e+06,6.79999e+06,1.14981e+07,4.4533e+06,6.79999e+06,1.14979e+07,4.44138e+06,6.79999e+06,1.14976e+07,4.42649e+06,6.79999e+06,1.14972e+07,4.40789e+06,6.79999e+06,1.14969e+07,4.38471e+06,6.79999e+06,1.14965e+07,4.35592e+06,6.79999e+06,1.1496e+07,4.32027e+06,6.79999e+06,1.14955e+07,4.27629e+06,6.79999e+06,1.14949e+07,4.22231e+06,6.79999e+06,1.14942e+07,4.15647e+06,6.79999e+06,1.14934e+07,4.07676e+06,6.79999e+06,1.14926e+07,3.98112e+06,6.79999e+06,1.14916e+07,3.86765e+06,6.79999e+06,1.14905e+07,3.73474e+06,6.79999e+06,1.14892e+07,3.58148e+06,6.79999e+06,1.14878e+07,3.40785e+06,6.79999e+06,1.14862e+07,3.21513e+06,6.79999e+06,1.14844e+07,3.00605e+06,6.79999e+06,1.14823e+07,2.7848e+06,6.79999e+06,1.148e+07,2.5568e+06,6.79999e+06,1.14773e+07,2.32825e+06,6.79999e+06,13.5742,8.52444,0.508366,16.8306,13.2585,0.162638,20.0035,17.569,0.0507846,23.2616,22.4214,0.0158319,26.7328,28.3297,0.00493498,30.5212,35.6974,0.00153831,34.7178,44.9473,0.000479527,39.4086,56.5822,0.000149456,44.6796,71.2245,4.66214e-05,50.6209,89.6543,1.45419e-05,57.3297,112.852,4.54748e-06,64.9129,142.051,1.43857e-06,73.4897,178.803,4.36618e-07,83.1934,225.062,1.40153e-07,94.1745,283.286,4.96378e-08,106.602,356.568,1.05434e-07,120.669,448.799,-6.49244e-08,136.59,564.873,1.70148e-07,154.611,710.948,-5.34594e-08,175.008,894.767,1.63407e-07,198.097,1126.06,8.04804e-08,224.231,1417.07,1.14667e-07,253.813,1783.15,-1.71227e-07,287.297,2243.62,-2.88466e-07,325.198,2822.67,-4.33651e-07,368.098,3550.67,7.9318e-08,416.657,4465.65,3.13319e-07,471.621,5615.16,3.4613e-07,533.835,7058.61,-1.19199e-07,604.255,8870.02,-2.79964e-07,683.962,11141.4,-2.30521e-07,774.182,13986.7,-2.55099e-07,876.299,17546.4,1.23585e-07,991.883,21993.1,1.41192e-07,1122.71,27536.7,-9.71886e-08,1270.78,34430.7,-3.68368e-07,1438.38,42977.7,-3.45379e-07,1628.07,53532.7,-3.25328e-09,1842.77,66504.6,2.6362e-07,2085.77,82350.2,2.53445e-07,2360.79,101560,-2.47407e-08,2672.05,124632,-3.80602e-07,3024.31,152018,-4.79005e-07,3422.98,184060,-1.14379e-07,3874.15,220884,2.64297e-07,4384.72,262283,3.44131e-07,4962.49,307576,7.5349e-08,5616.29,355497,-3.63097e-07,6356.1,404126,-6.05442e-07,7193.18,450932,-2.72333e-07,8140.28,492963,2.29675e-07,9211.79,527178,4.3387e-07,10424,550893,-1.0711e-07,10.102,8.06553,2.81012,10.6436,8.57909,0.869423,11.5336,10.2515,0.270869,12.7211,12.7138,0.0844293,14.1823,15.9373,0.0263173,15.9122,20.0383,0.0082035,17.9198,25.2154,0.00255722,20.2244,31.7373,0.000797017,22.8539,39.9486,0.000248622,25.8438,50.2851,7.75492e-05,29.237,63.2963,2.42508e-05,33.0837,79.6738,7.67162e-06,37.4415,100.288,2.32837e-06,42.3767,126.236,7.33e-07,47.9646,158.896,2.79256e-07,54.2906,200.003,9.87351e-09,61.452,251.741,1.61085e-07,69.5585,316.859,-2.47141e-07,78.7347,398.812,8.93552e-08,89.1218,501.948,-2.53231e-07,100.879,631.736,-1.25047e-07,114.188,795.049,-1.78808e-07,129.252,1000.53,2.6733e-07,146.304,1259.03,4.50292e-07,165.605,1584.19,6.76904e-07,187.452,1993.12,-1.23808e-07,212.181,2507.27,-4.89068e-07,240.173,3153.54,-5.40284e-07,271.856,3965.56,1.86061e-07,307.719,4985.38,4.37004e-07,348.313,6265.4,3.59828e-07,394.26,7870.83,3.98192e-07,446.268,9882.51,-1.92908e-07,505.135,12400.3,-2.20392e-07,571.766,15546.9,1.51705e-07,647.184,19472.2,5.74996e-07,732.547,24357.4,5.39112e-07,829.167,30420,5.07815e-09,938.526,37916.3,-4.11492e-07,1062.3,47143.9,-3.9561e-07,1202.4,58439.2,3.86185e-08,1360.96,72169.3,5.94093e-07,1540.42,88715.8,7.47693e-07,1743.53,108445,1.78537e-07,1973.41,131665,-4.12549e-07,2233.57,158557,-5.37164e-07,2528,189103,-1.17615e-07,2861.2,222986,5.66769e-07,3238.27,259510,9.45053e-07,3664.97,297540,4.25093e-07,4147.81,335497,-3.58506e-07,4694.17,371444,-6.7724e-07,5312.37,403256,1.67192e-07,1.61744,3.89446,9.84394,3.28846,7.5504,12.774,5.07607,11.7187,13.6844,7.03202,16.8147,13.9681,9.20215,23.1769,14.0566,11.6301,31.1672,14.0841,14.3598,41.2186,14.0927,17.4376,53.8688,14.0954,20.9137,69.7915,14.0962,24.8432,89.8341,14.0965,29.2879,115.063,14.0966,34.3168,146.819,14.0966,40.0078,186.792,14.0966,46.4487,237.107,14.0966,53.7388,300.44,14.0966,61.9903,380.158,14.0966,71.3301,480.499,14.0966,81.902,606.796,14.0966,93.8685,765.761,14.0966,107.414,965.837,14.0966,122.746,1217.65,14.0966,140.101,1534.57,14.0966,159.745,1933.41,14.0966,181.981,2435.3,14.0966,207.15,3066.85,14.0966,235.64,3861.46,14.0966,267.889,4861.11,14.0966,304.391,6118.54,14.0966,345.709,7699.91,14.0966,392.478,9688.22,14.0966,445.417,12187.5,14.0966,505.339,15327.7,14.0966,573.165,19271.6,14.0966,649.938,24222,14.0966,736.839,30430.9,14.0966,835.202,38211.5,14.0966,946.539,47950.3,14.0966,1072.56,60122.8,14.0966,1215.21,75309.9,14.0966,1376.66,94216.2,14.0966,1559.41,117688,14.0966,1766.26,146729,14.0966,2000.39,182510,14.0966,2265.39,226372,14.0966,2565.33,279806,14.0966,2904.81,344416,14.0966,3289.05,421845,14.0966,3723.93,513667,14.0966,4216.13,621231,14.0966,4773.18,745478,14.0966,5403.64,886744,14.0966,6117.15,1.04457e+06,14.0966,6924.63,1.2176e+06,14.0966,11.7194,11.96,12.6541,13.9321,16.1295,13.6434,16.6097,21.9702,13.9553,19.7532,29.5285,14.0526,23.3844,39.1143,14.0829,27.5423,51.2054,14.0923,32.2796,66.434,14.0953,37.662,85.6061,14.0962,43.7675,109.74,14.0965,50.687,140.119,14.0966,58.5249,178.359,14.0966,67.4005,226.493,14.0966,77.4493,287.08,14.0966,88.8254,363.343,14.0966,101.703,459.336,14.0966,116.281,580.161,14.0966,132.782,732.241,14.0966,151.46,923.655,14.0966,172.603,1164.57,14.0966,196.535,1467.79,14.0966,223.625,1849.39,14.0966,254.288,2329.62,14.0966,288.997,2933.93,14.0966,328.285,3694.33,14.0966,372.755,4651.04,14.0966,423.092,5854.57,14.0966,480.07,7368.38,14.0966,544.564,9272.08,14.0966,617.566,11665.5,14.0966,700.197,14673.6,14.0966,793.729,18452.9,14.0966,899.599,23198.6,14.0966,1019.43,29154.1,14.0966,1155.07,36622.3,14.0966,1308.6,45977.9,14.0966,1482.39,57683.7,14.0966,1679.09,72307.8,14.0966,1901.73,90542.8,14.0966,2153.73,113226,14.0966,2438.97,141360,14.0966,2761.81,176127,14.0966,3127.22,218898,14.0966,3540.81,271226,14.0966,4008.92,334817,14.0966,4538.74,411470,14.0966,5138.38,502973,14.0966,5817.04,610948,14.0966,6585.12,736653,14.0966,7454.39,880741,14.0966,8438.15,1.04302e+06,14.0966,9551.45,1.22224e+06,14.0966,10811.3,1.41602e+06,14.0966,12237,1.62086e+06,14.0966,11.7194,11.96,12.6541,2.21263,4.16949,0.989383,2.67766,5.84076,0.311842,3.14343,7.55825,0.0972771,3.63127,9.58578,0.0303237,4.15787,12.0912,0.00945211,4.73731,15.2286,0.00294633,5.38238,19.1721,0.000918508,6.10553,24.134,0.000286163,6.91951,30.3791,8.92692e-05,7.83792,38.2397,2.78121e-05,8.87555,48.1338,8.65134e-06,10.0489,60.5876,2.7882e-06,11.3761,76.2629,8.29036e-07,12.8779,95.9927,2.4373e-07,14.5775,120.825,4.33068e-09,16.5012,152.08,1.75749e-07,18.6784,191.415,-1.86328e-07,21.1428,240.917,1.91829e-07,23.9322,303.213,-1.81475e-07,27.0895,381.602,7.0186e-08,30.6634,480.231,-2.86769e-08,34.7087,604.316,2.40784e-07,39.2876,760.401,9.87368e-08,44.4705,956.705,1.22263e-07,50.3371,1203.54,-4.31966e-07,56.9776,1513.81,-1.9705e-07,64.494,1903.69,-2.763e-08,73.0018,2393.4,3.9185e-07,82.6317,3008.13,1.35379e-07,93.5318,3779.25,-4.16351e-08,105.869,4745.7,2.06965e-08,119.834,5955.6,-3.18887e-07,135.641,7468.12,-1.48271e-08,153.531,9355.62,2.00739e-07,173.781,11705.8,2.28358e-07,196.701,14624.1,-1.93587e-08,222.642,18235,-2.88101e-07,252.003,22683.4,-2.24732e-07,285.234,28134,8.56806e-09,322.845,34767,2.34258e-07,365.413,42770.9,2.99668e-07,413.588,52327.9,8.28644e-08,468.111,63591.2,-3.07049e-07,529.814,76653.2,-3.1888e-07,599.642,91502.5,-6.72276e-08,678.662,107975,2.26339e-07,768.083,125705,3.69212e-07,869.267,144088,2.04077e-07,983.76,162277,-2.80509e-07,1113.3,179223,-4.22737e-07,1259.87,193777,-1.71951e-07,1425.68,204839,4.55555e-07,11.7194,11.96,12.6541,2.21263,4.16949,0.989383,2.67766,5.84076,0.311842,3.14343,7.55825,0.0972771,3.63127,9.58578,0.0303237,4.15787,12.0912,0.00945211,4.73731,15.2286,0.00294633,5.38238,19.1721,0.000918508,6.10553,24.134,0.000286163,6.91951,30.3791,8.92692e-05,7.83792,38.2397,2.78121e-05,8.87555,48.1338,8.65134e-06,10.0489,60.5876,2.7882e-06,11.3761,76.2629,8.29036e-07,12.8779,95.9927,2.4373e-07,14.5775,120.825,1e-08,16.5012,152.08,1.75749e-07,18.6784,191.415,1e-08,21.1428,240.917,1.91829e-07,23.9322,303.213,1e-08,27.0895,381.602,7.0186e-08,30.6634,480.231,1e-08,34.7087,604.316,2.40784e-07,39.2876,760.401,9.87368e-08,44.4705,956.705,1.22263e-07,50.3371,1203.54,1e-08,56.9776,1513.81,1e-08,64.494,1903.69,1e-08,73.0018,2393.4,3.9185e-07,82.6317,3008.13,1.35379e-07,93.5318,3779.25,1e-08,105.869,4745.7,2.06965e-08,119.834,5955.6,1e-08,135.641,7468.12,1e-08,153.531,9355.62,2.00739e-07,173.781,11705.8,2.28358e-07,196.701,14624.1,1e-08,222.642,18235,1e-08,252.003,22683.4,1e-08,285.234,28134,1e-08,322.845,34767,2.34258e-07,365.413,42770.9,2.99668e-07,413.588,52327.9,8.28644e-08,468.111,63591.2,1e-08,529.814,76653.2,1e-08,599.642,91502.5,1e-08,678.662,107975,2.26339e-07,768.083,125705,3.69212e-07,869.267,144088,2.04077e-07,983.76,162277,1e-08,1113.3,179223,1e-08,1259.87,193777,1e-08,1425.68,204839,4.55555e-07,6.2823,3.27286,2.43537,0.219672,6.18826,2.24117,0.56371,6.87772,2.63624,0.308279,9,9,10,1,7,1,0,6,0,3,9,0,7,4,0,2,10,0,4,16,0,6,13,0,10,10,0,3,35,0,24,48,0,9,64,0,22,45,0,13,73,0,13,101,0,9,152,0,21,101,0,23,126,0,6,176,0,21,178,0,35,267,0,65,553,0,60,299,0,24,1231,0,32,530,0,67,1152,0,60,1755,0,64,533,0,69,2607,0,28,2818,0,162,6043,0,37,2550,0,159,5602,0,56,4658,0,106,13136,0,106,8439,0,166,10784,0,140,15403,0,150,21691,0,267,34561,0,469,30309,0,345,32889,0,362,62571,0,355,52983,0,591,74183,0,591,98607,0,487,127868,0,507,140628,0,986,196215,0,844,91222,0,535,221238,0,802,111432,0,2453,190018,0
-1.05176e+08,1,8.88811e-15,10,1023,0,1.05176e+08,0.528882,1.08665,0.389689,0.145397,0.379329,3.24381,0.161596,0.446195,1.77396,0.159177,1.15e+07,4.49998e+06,6.79999e+06,1.15e+07,4.49997e+06,6.79999e+06,1.15e+07,4.49996e+06,6.79999e+06,1.15e+07,4.49995e+06,6.79999e+06,1.14999e+07,4.49993e+06,6.79999e+06,1.14999e+07,4.49991e+06,6.79999e+06,1.14999e+07,4.49989e+06,6.79999e+06,1.14999e+07,4.49986e+06,6.79999e+06,1.14999e+07,4.49982e+06,6.79999e+06,1.14999e+07,4.49977e+06,6.79999e+06,1.14999e+07,4.49971e+06,6.79999e+06,1.14999e+07,4.49963e+06,6.79999e+06,1.14998e+07,4.49953e+06,6.79999e+06,1.14998e+07,4.49941e+06,6.79999e+06,1.14998e+07,4.49926e+06,6.79999e+06,1.14998e+07,4.49906e+06,6.79999e+06,1.14997e+07,4.49882e+06,6.79999e+06,1.14997e+07,4.49851e+06,6.79999e+06,1.14997e+07,4.49812e+06,6.79999e+06,1.14996e+07,4.49764e+06,6.79999e+06,1.14996e+07,4.49702e+06,6.79999e+06,1.14995e+07,4.49625e+06,6.79999e+06,1.14995e+07,4.49528e+06,6.79999e+06,1.14994e+07,4.49406e+06,6.79999e+06,1.14993e+07,4.49253e+06,6.79999e+06,1.14992e+07,4.49059e+06,6.79999e+06,1.14991e+07,4.48817e+06,6.79999e+06,1.1499e+07,4.48511e+06,6.79999e+06,1.14988e+07,4.48128e+06,6.79999e+06,1.14987e+07,4.47646e+06,6.79999e+06,1.14985e+07,4.47041e+06,6.79999e+06,1.14983e+07,4.46281e+06,6.79999e+06,1.14981e+07,4.4533e+06,6.79999e+06,1.14979e+07,4.44138e+06,6.79999e+06,1.14976e+07,4.42649e+06,6.79999e+06,1.14972e+07,4.40789e+06,6.79999e+06,1.14969e+07,4.38471e+06,6.79999e+06,1.14965e+07,4.35592e+06,6.79999e+06,1.1496e+07,4.32027e+06,6.79999e+06,1.14955e+07,4.27629e+06,6.79999e+06,1.14949e+07,4.22231e+06,6.79999e+06,1.14942e+07,4.15647e+06,6.79999e+06,1.14934e+07,4.07676e+06,6.79999e+06,1.14926e+07,3.98112e+06,6.79999e+06,1.14916e+07,3.86765e+06,6.79999e+06,1.14905e+07,3.73474e+06,6.79999e+06,1.14892e+07,3.58148e+06,6.79999e+06,1.14878e+07,3.40785e+06,6.79999e+06,1.14862e+07,3.21513e+06,6.79999e+06,1.14844e+07,3.00605e+06,6.79999e+06,1.14823e+07,2.7848e+06,6.79999e+06,1.148e+07,2.5568e+06,6.79999e+06,1.14773e+07,2.32825e+06,6.79999e+06,13.5742,8.52444,0.508366,16.8306,13.2585,0.162638,20.0035,17.569,0.0507846,23.2616,22.4214,0.0158319,26.7328,28.3297,0.00493498,30.5212,35.6974,0.00153831,34.7178,44.9473,0.000479527,39.4086,56.5822,0.000149456,44.6796,71.2245,4.66214e-05,50.6209,89.6543,1.45419e-05,57.3297,112.852,4.54748e-06,64.9129,142.051,1.43857e-06,73.4897,178.803,4.36618e-07,83.1934,225.062,1.40153e-07,94.1745,283.286,4.96378e-08,106.602,356.568,1.05434e-07,120.669,448.799,-6.49244e-08,136.59,564.873,1.70148e-07,154.611,710.948,-5.34594e-08,175.008,894.767,1.63407e-07,198.097,1126.06,8.04804e-08,224.231,1417.07,1.14667e-07,253.813,1783.15,-1.71227e-07,287.297,2243.62,-2.88466e-07,325.198,2822.67,-4.33651e-07,368.098,3550.67,7.9318e-08,416.657,4465.65,3.13319e-07,471.621,5615.16,3.4613e-07,533.835,7058.61,-1.19199e-07,604.255,8870.02,-2.79964e-07,683.962,11141.4,-2.30521e-07,774.182,13986.7,-2.55099e-07,876.299,17546.4,1.23585e-07,991.883,21993.1,1.41192e-07,1122.71,27536.7,-9.71886e-08,1270.78,34430.7,-3.68368e-07,1438.38,42977.7,-3.45379e-07,1628.07,53532.7,-3.25328e-09,1842.77,66504.6,2.6362e-07,2085.77,82350.2,2.53445e-07,2360.79,101560,-2.47407e-08,2672.05,124632,-3.80602e-07,3024.31,152018,-4.79005e-07,3422.98,184060,-1.14379e-07,3874.15,220884,2.64297e-07,4384.72,262283,3.44131e-07,4962.49,307576,7.5349e-08,5616.29,355497,-3.63097e-07,6356.1,404126,-6.05442e-07,7193.18,450932,-2.72333e-07,8140.28,492963,2.29675e-07,9211.79,527178,4.3387e-07,10424,550893,-1.0711e-07,10.102,8.06553,2.81012,10.6436,8.57909,0.869423,11.5336,10.2515,0.270869,12.7211,12.7138,0.0844293,14.1823,15.9373,0.0263173,15.9122,20.0383,0.0082035,17.9198,25.2154,0.00255722,20.2244,31.7373,0.000797017,22.8539,39.9486,0.000248622,25.8438,50.2851,7.75492e-05,29.237,63.2963,2.42508e-05,33.0837,79.6738,7.67162e-06,37.4415,100.288,2.32837e-06,42.3767,126.236,7.33e-07,47.9646,158.896,2.79256e-07,54.2906,200.003,9.87351e-09,61.452,251.741,1.61085e-07,69.5585,316.859,-2.47141e-07,78.7347,398.812,8.93552e-08,89.1218,501.948,-2.53231e-07,100.879,631.736,-1.25047e-07,114.188,795.049,-1.78808e-07,129.252,1000.53,2.6733e-07,146.304,1259.03,4.50292e-07,165.605,1584.19,6.76904e-07,187.452,1993.12,-1.23808e-07,212.181,2507.27,-4.89068e-07,240.173,3153.54,-5.40284e-07,271.856,3965.56,1.86061e-07,307.719,4985.38,4.37004e-07,348.313,6265.4,3.59828e-07,394.26,7870.83,3.98192e-07,446.268,9882.51,-1.92908e-07,505.135,12400.3,-2.20392e-07,571.766,15546.9,1.51705e-07,647.184,19472.2,5.74996e-07,732.547,24357.4,5.39112e-07,829.167,30420,5.07815e-09,938.526,37916.3,-4.11492e-07,1062.3,47143.9,-3.9561e-07,1202.4,58439.2,3.86185e-08,1360.96,72169.3,5.94093e-07,1540.42,88715.8,7.47693e-07,1743.53,108445,1.78537e-07,1973.41,131665,-4.12549e-07,2233.57,158557,-5.37164e-07,2528,189103,-1.17615e-07,2861.2,222986,5.66769e-07,3238.27,259510,9.45053e-07,3664.97,297540,4.25093e-07,4147.81,335497,-3.58506e-07,4694.17,371444,-6.7724e-07,5312.37,403256,1.67192e-07,1.61744,3.89446,9.84394,3.28846,7.5504,12.774,5.07607,11.7187,13.6844,7.03202,16.8147,13.9681,9.20215,23.1769,14.0566,11.6301,31.1672,14.0841,14.3598,41.2186,14.0927,17.4376,53.8688,14.0954,20.9137,69.7915,14.0962,24.8432,89.8341,14.0965,29.2879,115.063,14.0966,34.3168,146.819,14.0966,40.0078,186.792,14.0966,46.4487,237.107,14.0966,53.7388,300.44,14.0966,61.9903,380.158,14.0966,71.3301,480.499,14.0966,81.902,606.796,14.0966,93.8685,765.761,14.0966,107.414,965.837,14.0966,122.746,1217.65,14.0966,140.101,1534.57,14.0966,159.745,1933.41,14.0966,181.981,2435.3,14.0966,207.15,3066.85,14.0966,235.64,3861.46,14.0966,267.889,4861.11,14.0966,304.391,6118.54,14.0966,345.709,7699.91,14.0966,392.478,9688.22,14.0966,445.417,12187.5,14.0966,505.339,15327.7,14.0966,573.165,19271.6,14.0966,649.938,24222,14.0966,736.839,30430.9,14.0966,835.202,38211.5,14.0966,946.539,47950.3,14.0966,1072.56,60122.8,14.0966,1215.21,75309.9,14.0966,1376.66,94216.2,14.0966,1559.41,117688,14.0966,1766.26,146729,14.0966,2000.39,182510,14.0966,2265.39,226372,14.0966,2565.33,279806,14.0966,2904.81,344416,14.0966,3289.05,421845,14.0966,3723.93,513667,14.0966,4216.13,621231,14.0966,4773.18,745478,14.0966,5403.64,886744,14.0966,6117.15,1.04457e+06,14.0966,6924.63,1.2176e+06,14.0966,11.7194,11.96,12.6541,13.9321,16.1295,13.6434,16.6097,21.9702,13.9553,19.7532,29.5285,14.0526,23.3844,39.1143,14.0829,27.5423,51.2054,14.0923,32.2796,66.434,14.0953,37.662,85.6061,14.0962,43.7675,109.74,14.0965,50.687,140.119,14.0966,58.5249,178.359,14.0966,67.4005,226.493,14.0966,77.4493,287.08,14.0966,88.8254,363.343,14.0966,101.703,459.336,14.0966,116.281,580.161,14.0966,132.782,732.241,14.0966,151.46,923.655,14.0966,172.603,1164.57,14.0966,196.535,1467.79,14.0966,223.625,1849.39,14.0966,254.288,2329.62,14.0966,288.997,2933.93,14.0966,328.285,3694.33,14.0966,372.755,4651.04,14.0966,423.092,5854.57,14.0966,480.07,7368.38,14.0966,544.564,9272.08,14.0966,617.566,11665.5,14.0966,700.197,14673.6,14.0966,793.729,18452.9,14.0966,899.599,23198.6,14.0966,1019.43,29154.1,14.0966,1155.07,36622.3,14.0966,1308.6,45977.9,14.0966,1482.39,57683.7,14.0966,1679.09,72307.8,14.0966,1901.73,90542.8,14.0966,2153.73,113226,14.0966,2438.97,141360,14.0966,2761.81,176127,14.0966,3127.22,218898,14.0966,3540.81,271226,14.0966,4008.92,334817,14.0966,4538.74,411470,14.0966,5138.38,502973,14.0966,5817.04,610948,14.0966,6585.12,736653,14.0966,7454.39,880741,14.0966,8438.15,1.04302e+06,14.0966,9551.45,1.22224e+06,14.0966,10811.3,1.41602e+06,14.0966,12237,1.62086e+06,14.0966,11.7194,11.96,12.6541,2.21263,4.16949,0.989383,2.67766,5.84076,0.311842,3.14343,7.55825,0.0972771,3.63127,9.58578,0.0303237,4.15787,12.0912,0.00945211,4.73731,15.2286,0.00294633,5.38238,19.1721,0.000918508,6.10553,24.134,0.000286163,6.91951,30.3791,8.92692e-05,7.83792,38.2397,2.78121e-05,8.87555,48.1338,8.65134e-06,10.0489,60.5876,2.7882e-06,11.3761,76.2629,8.29036e-07,12.8779,95.9927,2.4373e-07,14.5775,120.825,4.33068e-09,16.5012,152.08,1.75749e-07,18.6784,191.415,-1.86328e-07,21.1428,240.917,1.91829e-07,23.9322,303.213,-1.81475e-07,27.0895,381.602,7.0186e-08,30.6634,480.231,-2.86769e-08,34.7087,604.316,2.40784e-07,39.2876,760.401,9.87368e-08,44.4705,956.705,1.22263e-07,50.3371,1203.54,-4.31966e-07,56.9776,1513.81,-1.9705e-07,64.494,1903.69,-2.763e-08,73.0018,2393.4,3.9185e-07,82.6317,3008.13,1.35379e-07,93.5318,3779.25,-4.16351e-08,105.869,4745.7,2.06965e-08,119.834,5955.6,-3.18887e-07,135.641,7468.12,-1.48271e-08,153.531,9355.62,2.00739e-07,173.781,11705.8,2.28358e-07,196.701,14624.1,-1.93587e-08,222.642,18235,-2.88101e-07,252.003,22683.4,-2.24732e-07,285.234,28134,8.56806e-09,322.845,34767,2.34258e-07,365.413,42770.9,2.99668e-07,413.588,52327.9,8.28644e-08,468.111,63591.2,-3.07049e-07,529.814,76653.2,-3.1888e-07,599.642,91502.5,-6.72276e-08,678.662,107975,2.26339e-07,768.083,125705,3.69212e-07,869.267,144088,2.04077e-07,983.76,162277,-2.80509e-07,1113.3,179223,-4.22737e-07,1259.87,193777,-1.71951e-07,1425.68,204839,4.55555e-07,11.7194,11.96,12.6541,2.21263,4.16949,0.989383,2.67766,5.84076,0.311842,3.14343,7.55825,0.0972771,3.63127,9.58578,0.0303237,4.15787,12.0912,0.00945211,4.73731,15.2286,0.00294633,5.38238,19.1721,0.000918508,6.10553,24.134,0.000286163,6.91951,30.3791,8.92692e-05,7.83792,38.2397,2.78121e-05,8.87555,48.1338,8.65134e-06,10.0489,60.5876,2.7882e-06,11.3761,76.2629,8.29036e-07,12.8779,95.9927,2.4373e-07,14.5775,120.825,1e-08,16.5012,152.08,1.75749e-07,18.6784,191.415,1e-08,21.1428,240.917,1.91829e-07,23.9322,303.213,1e-08,27.0895,381.602,7.0186e-08,30.6634,480.231,1e-08,34.7087,604.316,2.40784e-07,39.2876,760.401,9.87368e-08,44.4705,956.705,1.22263e-07,50.3371,1203.54,1e-08,56.9776,1513.81,1e-08,64.494,1903.69,1e-08,73.0018,2393.4,3.9185e-07,82.6317,3008.13,1.35379e-07,93.5318,3779.25,1e-08,105.869,4745.7,2.06965e-08,119.834,5955.6,1e-08,135.641,7468.12,1e-08,153.531,9355.62,2.00739e-07,173.781,11705.8,2.28358e-07,196.701,14624.1,1e-08,222.642,18235,1e-08,252.003,22683.4,1e-08,285.234,28134,1e-08,322.845,34767,2.34258e-07,365.413,42770.9,2.99668e-07,413.588,52327.9,8.28644e-08,468.111,63591.2,1e-08,529.814,76653.2,1e-08,599.642,91502.5,1e-08,678.662,107975,2.26339e-07,768.083,125705,3.69212e-07,869.267,144088,2.04077e-07,983.76,162277,1e-08,1113.3,179223,1e-08,1259.87,193777,1e-08,1425.68,204839,4.55555e-07,6.2823,3.27286,2.43537,0.219672,6.18826,2.24117,0.56371,6.87772,2.63624,0.308279,21,7,14,1,2,2,1,3,1,3,9,0,1,13,0,4,7,0,2,4,0,7,14,0,12,16,0,4,24,0,3,30,0,5,26,0,16,41,0,7,76,0,15,79,0,15,179,0,21,109,0,25,244,0,27,347,0,34,285,0,12,335,0,18,427,0,45,526,0,45,700,0,35,1334,0,72,848,0,80,1324,0,19,1314,0,56,1326,0,98,4016,0,92,2206,0,52,6192,0,235,5348,0,144,4082,0,116,7961,0,184,8169,0,223,4934,0,271,24004,0,240,16821,0,166,24274,0,841,24885,0,384,82368,0,181,84960,0,397,75618,0,753,152614,0,578,136141,0,801,161314,0,1282,217619,0,512,410673,0,756,169452,0,1650,249190,0,1619,164718,0,1875,225925,0
-1.05176e+08,1,8.88811e-15,10,1023,0,1.05176e+08,0.528882,1.08665,0.389689,0.145397,0.379329,3.24381,0.161596,0.446195,1.77396,0.159177,1.15e+07,4.49998e+06,6.79999e+06,1.15e+07,4.49997e+06,6.79999e+06,1.15e+07,4.49996e+06,6.79999e+06,1.15e+07,4.49995e+06,6.79999e+06,1.14999e+07,4.49993e+06,6.79999e+06,1.14999e+07,4.49991e+06,6.79999e+06,1.14999e+07,4.49989e+06,6.79999e+06,1.14999e+07,4.49986e+06,6.79999e+06,1.14999e+07,4.49982e+06,6.79999e+06,1.14999e+07,4.49977e+06,6.79999e+06,1.14999e+07,4.49971e+06,6.79999e+06,1.14999e+07,4.49963e+06,6.79999e+06,1.14998e+07,4.49953e+06,6.79999e+06,1.14998e+07,4.49941e+06,6.79999e+06,1.14998e+07,4.49926e+06,6.79999e+06,1.14998e+07,4.49906e+06,6.79999e+06,1.14997e+07,4.49882e+06,6.79999e+06,1.14997e+07,4.49851e+06,6.79999e+06,1.14997e+07,4.49812e+06,6.79999e+06,1.14996e+07,4.49764e+06,6.79999e+06,1.14996e+07,4.49702e+06,6.79999e+06,1.14995e+07,4.49625e+06,6.79999e+06,1.14995e+07,4.49528e+06,6.79999e+06,1.14994e+07,4.49406e+06,6.79999e+06,1.14993e+07,4.49253e+06,6.79999e+06,1.14992e+07,4.49059e+06,6.79999e+06,1.14991e+07,4.48817e+06,6.79999e+06,1.1499e+07,4.48511e+06,6.79999e+06,1.14988e+07,4.48128e+06,6.79999e+06,1.14987e+07,4.47646e+06,6.79999e+06,1.14985e+07,4.47041e+06,6.79999e+06,1.14983e+07,4.46281e+06,6.79999e+06,1.14981e+07,4.4533e+06,6.79999e+06,1.14979e+07,4.44138e+06,6.79999e+06,1.14976e+07,4.42649e+06,6.79999e+06,1.14972e+07,4.40789e+06,6.79999e+06,1.14969e+07,4.38471e+06,6.79999e+06,1.14965e+07,4.35592e+06,6.79999e+06,1.1496e+07,4.32027e+06,6.79999e+06,1.14955e+07,4.27629e+06,6.79999e+06,1.14949e+07,4.22231e+06,6.79999e+06,1.14942e+07,4.15647e+06,6.79999e+06,1.14934e+07,4.07676e+06,6.79999e+06,1.14926e+07,3.98112e+06,6.79999e+06,1.14916e+07,3.86765e+06,6.79999e+06,1.14905e+07,3.73474e+06,6.79999e+06,1.14892e+07,3.58148e+06,6.79999e+06,1.14878e+07,3.40785e+06,6.79999e+06,1.14862e+07,3.21513e+06,6.79999e+06,1.14844e+07,3.00605e+06,6.79999e+06,1.14823e+07,2.7848e+06,6.79999e+06,1.148e+07,2.5568e+06,6.79999e+06,1.14773e+07,2.32825e+06,6.79999e+06,13.5742,8.52444,0.508366,16.8306,13.2585,0.162638,20.0035,17.569,0.0507846,23.2616,22.4214,0.0158319,26.7328,28.3297,0.00493498,30.5212,35.6974,0.00153831,34.7178,44.9473,0.000479527,39.4086,56.5822,0.000149456,44.6796,71.2245,4.66214e-05,50.6209,89.6543,1.45419e-05,57.3297,112.852,4.54748e-06,64.9129,142.051,1.43857e-06,73.4897,178.803,4.36618e-07,83.1934,225.062,1.40153e-07,94.1745,283.286,4.96378e-08,106.602,356.568,1.05434e-07,120.669,448.799,-6.49244e-08,136.59,564.873,1.70148e-07,154.611,710.948,-5.34594e-08,175.008,894.767,1.63407e-07,198.097,1126.06,8.04804e-08,224.231,1417.07,1.14667e-07,253.813,1783.15,-1.71227e-07,287.297,2243.62,-2.88466e-07,325.198,2822.67,-4.33651e-07,368.098,3550.67,7.9318e-08,416.657,4465.65,3.13319e-07,471.621,5615.16,3.4613e-07,533.835,7058.61,-1.19199e-07,604.255,8870.02,-2.79964e-07,683.962,11141.4,-2.30521e-07,774.182,13986.7,-2.55099e-07,876.299,17546.4,1.23585e-07,991.883,21993.1,1.41192e-07,1122.71,27536.7,-9.71886e-08,1270.78,34430.7,-3.68368e-07,1438.38,42977.7,-3.45379e-07,1628.07,53532.7,-3.25328e-09,1842.77,66504.6,2.6362e-07,2085.77,82350.2,2.53445e-07,2360.79,101560,-2.47407e-08,2672.05,124632,-3.80602e-07,3024.31,152018,-4.79005e-07,3422.98,184060,-1.14379e-07,3874.15,220884,2.64297e-07,4384.72,262283,3.44131e-07,4962.49,307576,7.5349e-08,5616.29,355497,-3.63097e-07,6356.1,404126,-6.05442e-07,7193.18,450932,-2.72333e-07,8140.28,492963,2.29675e-07,9211.79,527178,4.3387e-07,10424,550893,-1.0711e-07,10.102,8.06553,2.81012,10.6436,8.57909,0.869423,11.5336,10.2515,0.270869,12.7211,12.7138,0.0844293,14.1823,15.9373,0.0263173,15.9122,20.0383,0.0082035,17.9198,25.2154,0.00255722,20.2244,31.7373,0.000797017,22.8539,39.9486,0.000248622,25.8438,50.2851,7.75492e-05,29.237,63.2963,2.42508e-05,33.0837,79.6738,7.67162e-06,37.4415,100.288,2.32837e-06,42.3767,126.236,7.33e-07,47.9646,158.896,2.79256e-07,54.2906,200.003,9.87351e-09,61.452,251.741,1.61085e-07,69.5585,316.859,-2.47141e-07,78.7347,398.812,8.93552e-08,89.1218,501.948,-2.53231e-07,100.879,631.736,-1.25047e-07,114.188,795.049,-1.78808e-07,129.252,1000.53,2.6733e-07,146.304,1259.03,4.50292e-07,165.605,1584.19,6.76904e-07,187.452,1993.12,-1.23808e-07,212.181,2507.27,-4.89068e-07,240.173,3153.54,-5.40284e-07,271.856,3965.56,1.86061e-07,307.719,4985.38,4.37004e-07,348.313,6265.4,3.59828e-07,394.26,7870.83,3.98192e-07,446.268,9882.51,-1.92908e-07,505.135,12400.3,-2.20392e-07,571.766,15546.9,1.51705e-07,647.184,19472.2,5.74996e-07,732.547,24357.4,5.39112e-07,829.167,30420,5.07815e-09,938.526,37916.3,-4.11492e-07,1062.3,47143.9,-3.9561e-07,1202.4,58439.2,3.86185e-08,1360.96,72169.3,5.94093e-07,1540.42,88715.8,7.47693e-07,1743.53,108445,1.78537e-07,1973.41,131665,-4.12549e-07,2233.57,158557,-5.37164e-07,2528,189103,-1.17615e-07,2861.2,222986,5.66769e-07,3238.27,259510,9.45053e-07,3664.97,297540,4.25093e-07,4147.81,335497,-3.58506e-07,4694.17,371444,-6.7724e-07,5312.37,403256,1.67192e-07,1.61744,3.89446,9.84394,3.28846,7.5504,12.774,5.07607,11.7187,13.6844,7.03202,16.8147,13.9681,9.20215,23.1769,14.0566,11.6301,31.1672,14.0841,14.3598,41.2186,14.0927,17.4376,53.8688,14.0954,20.9137,69.7915,14.0962,24.8432,89.8341,14.0965,29.2879,115.063,14.0966,34.3168,146.819,14.0966,40.0078,186.792,14.0966,46.4487,237.107,14.0966,53.7388,300.44,14.0966,61.9903,380.158,14.0966,71.3301,480.499,14.0966,81.902,606.796,14.0966,93.8685,765.761,14.0966,107.414,965.837,14.0966,122.746,1217.65,14.0966,140.101,1534.57,14.0966,159.745,1933.41,14.0966,181.981,2435.3,14.0966,207.15,3066.85,14.0966,235.64,3861.46,14.0966,267.889,4861.11,14.0966,304.391,6118.54,14.0966,345.709,7699.91,14.0966,392.478,9688.22,14.0966,445.417,12187.5,14.0966,505.339,15327.7,14.0966,573.165,19271.6,14.0966,649.938,24222,14.0966,736.839,30430.9,14.0966,835.202,38211.5,14.0966,946.539,47950.3,14.0966,1072.56,60122.8,14.0966,1215.21,75309.9,14.0966,1376.66,94216.2,14.0966,1559.41,117688,14.0966,1766.26,146729,14.0966,2000.39,182510,14.0966,2265.39,226372,14.0966,2565.33,279806,14.0966,2904.81,344416,14.0966,3289.05,421845,14.0966,3723.93,513667,14.0966,4216.13,621231,14.0966,4773.18,745478,14.0966,5403.64,886744,14.0966,6117.15,1.04457e+06,14.0966,6924.63,1.2176e+06,14.0966,11.7194,11.96,12.6541,13.9321,16.1295,13.6434,16.6097,21.9702,13.9553,19.7532,29.5285,14.0526,23.3844,39.1143,14.0829,27.5423,51.2054,14.0923,32.2796,66.434,14.0953,37.662,85.6061,14.0962,43.7675,109.74,14.0965,50.687,140.119,14.0966,58.5249,178.359,14.0966,67.4005,226.493,14.0966,77.4493,287.08,14.0966,88.8254,363.343,14.0966,101.703,459.336,14.0966,116.281,580.161,14.0966,132.782,732.241,14.0966,151.46,923.655,14.0966,172.603,1164.57,14.0966,196.535,1467.79,14.0966,223.625,1849.39,14.0966,254.288,2329.62,14.0966,288.997,2933.93,14.0966,328.285,3694.33,14.0966,372.755,4651.04,14.0966,423.092,5854.57,14.0966,480.07,7368.38,14.0966,544.564,9272.08,14.0966,617.566,11665.5,14.0966,700.197,14673.6,14.0966,793.729,18452.9,14.0966,899.599,23198.6,14.0966,1019.43,29154.1,14.0966,1155.07,36622.3,14.0966,1308.6,45977.9,14.0966,1482.39,57683.7,14.0966,1679.09,72307.8,14.0966,1901.73,90542.8,14.0966,2153.73,113226,14.0966,2438.97,141360,14.0966,2761.81,176127,14.0966,3127.22,218898,14.0966,3540.81,271226,14.0966,4008.92,334817,14.0966,4538.74,411470,14.0966,5138.38,502973,14.0966,5817.04,610948,14.0966,6585.12,736653,14.0966,7454.39,880741,14.0966,8438.15,1.04302e+06,14.0966,9551.45,1.22224e+06,14.0966,10811.3,1.41602e+06,14.0966,12237,1.62086e+06,14.0966,11.7194,11.96,12.6541,2.21263,4.16949,0.989383,2.67766,5.84076,0.311842,3.14343,7.55825,0.0972771,3.63127,9.58578,0.0303237,4.15787,12.0912,0.00945211,4.73731,15.2286,0.00294633,5.38238,19.1721,0.000918508,6.10553,24.134,0.000286163,6.91951,30.3791,8.92692e-05,7.83792,38.2397,2.78121e-05,8.87555,48.1338,8.65134e-06,10.0489,60.5876,2.7882e-06,11.3761,76.2629,8.29036e-07,12.8779,95.9927,2.4373e-07,14.5775,120.825,4.33068e-09,16.5012,152.08,1.75749e-07,18.6784,191.415,-1.86328e-07,21.1428,240.917,1.91829e-07,23.9322,303.213,-1.81475e-07,27.0895,381.602,7.0186e-08,30.6634,480.231,-2.86769e-08,34.7087,604.316,2.40784e-07,39.2876,760.401,9.87368e-08,44.4705,956.705,1.22263e-07,50.3371,1203.54,-4.31966e-07,56.9776,1513.81,-1.9705e-07,64.494,1903.69,-2.763e-08,73.0018,2393.4,3.9185e-07,82.6317,3008.13,1.35379e-07,93.5318,3779.25,-4.16351e-08,105.869,4745.7,2.06965e-08,119.834,5955.6,-3.18887e-07,135.641,7468.12,-1.48271e-08,153.531,9355.62,2.00739e-07,173.781,11705.8,2.28358e-07,196.701,14624.1,-1.93587e-08,222.642,18235,-2.88101e-07,252.003,22683.4,-2.24732e-07,285.234,28134,8.56806e-09,322.845,34767,2.34258e-07,365.413,42770.9,2.99668e-07,413.588,52327.9,8.28644e-08,468.111,63591.2,-3.07049e-07,529.814,76653.2,-3.1888e-07,599.642,91502.5,-6.72276e-08,678.662,107975,2.26339e-07,768.083,125705,3.69212e-07,869.267,144088,2.04077e-07,983.76,162277,-2.80509e-07,1113.3,179223,-4.22737e-07,1259.87,193777,-1.71951e-07,1425.68,204839,4.55555e-07,11.7194,11.96,12.6541,2.21263,4.16949,0.989383,2.67766,5.84076,0.311842,3.14343,7.55825,0.0972771,3.63127,9.58578,0.0303237,4.15787,12.0912,0.00945211,4.73731,15.2286,0.00294633,5.38238,19.1721,0.000918508,6.10553,24.134,0.000286163,6.91951,30.3791,8.92692e-05,7.83792,38.2397,2.78121e-05,8.87555,48.1338,8.65134e-06,10.0489,60.5876,2.7882e-06,11.3761,76.2629,8.29036e-07,12.8779,95.9927,2.4373e-07,14.5775,120.825,1e-08,16.5012,152.08,1.75749e-07,18.6784,191.415,1e-08,21.1428,240.917,1.91829e-07,23.9322,303.213,1e-08,27.0895,381.602,7.0186e-08,30.6634,480.231,1e-08,34.7087,604.316,2.40784e-07,39.2876,760.401,9.87368e-08,44.4705,956.705,1.22263e-07,50.3371,1203.54,1e-08,56.9776,1513.81,1e-08,64.494,1903.69,1e-08,73.0018,2393.4,3.9185e-07,82.6317,3008.13,1.35379e-07,93.5318,3779.25,1e-08,105.869,4745.7,2.06965e-08,119.834,5955.6,1e-08,135.641,7468.12,1e-08,153.531,9355.62,2.00739e-07,173.781,11705.8,2.28358e-07,196.701,14624.1,1e-08,222.642,18235,1e-08,252.003,22683.4,1e-08,285.234,28134,1e-08,322.845,34767,2.34258e-07,365.413,42770.9,2.99668e-07,413.588,52327.9,8.28644e-08,468.111,63591.2,1e-08,529.814,76653.2,1e-08,599.642,91502.5,1e-08,678.662,107975,2.26339e-07,768.083,125705,3.69212e-07,869.267,144088,2.04077e-07,983.76,162277,1e-08,1113.3,179223,1e-08,1259.87,193777,1e-08,1425.68,204839,4.55555e-07,6.2823,3.27286,2.43537,0.219672,6.18826,2.24117,0.56371,6.87772,2.63624,0.308279,4,13,20,1,4,0,5,4,0,5,14,0,9,5,0,6,11,0,9,30,0,10,20,0,5,20,0,9,8,0,7,18,0,3,39,0,6,80,0,6,165,0,7,68,0,14,82,0,15,218,0,30,85,0,10,513,0,28,361,0,29,322,0,21,509,0,19,1193,0,29,294,0,58,547,0,49,894,0,72,1450,0,36,2303,0,58,2781,0,86,2220,0,143,2890,0,176,1779,0,122,5359,0,187,5138,0,62,8230,0,138,18607,0,146,14962,0,436,30720,0,244,24338,0,161,20508,0,236,26562,0,106,16607,0,203,45013,0,387,70488,0,671,87119,0,341,90618,0,996,83200,0,950,180883,0,726,72237,0,1174,119386,0,2593,183822,0,1461,171438,0,736,117618,0
-1.05176e+08,1,8.88811e-15,10,1023,0,1.05176e+08,0.528882,1.08665,0.389689,0.145397,0.379329,3.24381,0.161596,0.446195,1.77396,0.159177,1.15e+07,4.49998e+06,6.79999e+06,1.15e+07,4.49997e+06,6.79999e+06,1.15e+07,4.49996e+06,6.79999e+06,1.15e+07,4.49995e+06,6.79999e+06,1.14999e+07,4.49993e+06,6.79999e+06,1.14999e+07,4.49991e+06,6.79999e+06,1.14999e+07,4.49989e+06,6.79999e+06,1.14999e+07,4.49986e+06,6.79999e+06,1.14999e+07,4.49982e+06,6.79999e+06,1.14999e+07,4.49977e+06,6.79999e+06,1.14999e+07,4.49971e+06,6.79999e+06,1.14999e+07,4.49963e+06,6.79999e+06,1.14998e+07,4.49953e+06,6.79999e+06,1.14998e+07,4.49941e+06,6.79999e+06,1.14998e+07,4.49926e+06,6.79999e+06,1.14998e+07,4.49906e+06,6.79999e+06,1.14997e+07,4.49882e+06,6.79999e+06,1.14997e+07,4.49851e+06,6.79999e+06,1.14997e+07,4.49812e+06,6.79999e+06,1.14996e+07,4.49764e+06,6.79999e+06,1.14996e+07,4.49702e+06,6.79999e+06,1.14995e+07,4.49625e+06,6.79999e+06,1.14995e+07,4.49528e+06,6.79999e+06,1.14994e+07,4.49406e+06,6.79999e+06,1.14993e+07,4.49253e+06,6.79999e+06,1.14992e+07,4.49059e+06,6.79999e+06,1.14991e+07,4.48817e+06,6.79999e+06,1.1499e+07,4.48511e+06,6.79999e+06,1.14988e+07,4.48128e+06,6.79999e+06,1.14987e+07,4.47646e+06,6.79999e+06,1.14985e+07,4.47041e+06,6.79999e+06,1.14983e+07,4.46281e+06,6.79999e+06,1.14981e+07,4.4533e+06,6.79999e+06,1.14979e+07,4.44138e+06,6.79999e+06,1.14976e+07,4.42649e+06,6.79999e+06,1.14972e+07,4.40789e+06,6.79999e+06,1.14969e+07,4.38471e+06,6.79999e+06,1.14965e+07,4.35592e+06,6.79999e+06,1.1496e+07,4.32027e+06,6.79999e+06,1.14955e+07,4.27629e+06,6.79999e+06,1.14949e+07,4.22231e+06,6.79999e+06,1.14942e+07,4.15647e+06,6.79999e+06,1.14934e+07,4.07676e+06,6.79999e+06,1.14926e+07,3.98112e+06,6.79999e+06,1.14916e+07,3.86765e+06,6.79999e+06,1.14905e+07,3.73474e+06,6.79999e+06,1.14892e+07,3.58148e+06,6.79999e+06,1.14878e+07,3.40785e+06,6.79999e+06,1.14862e+07,3.21513e+06,6.79999e+06,1.14844e+07,3.00605e+06,6.79999e+06,1.14823e+07,2.7848e+06,6.79999e+06,1.148e+07,2.5568e+06,6.79999e+06,1.14773e+07,2.32825e+06,6.79999e+06,13.5742,8.52444,0.508366,16.8306,13.2585,0.162638,20.0035,17.569,0.0507846,23.2616,22.4214,0.0158319,26.7328,28.3297,0.00493498,30.5212,35.6974,0.00153831,34.7178,44.9473,0.000479527,39.4086,56.5822,0.000149456,44.6796,71.2245,4.66214e-05,50.6209,89.6543,1.45419e-05,57.3297,112.852,4.54748e-06,64.9129,142.051,1.43857e-06,73.4897,178.803,4.36618e-07,83.1934,225.062,1.40153e-07,94.1745,283.286,4.96378e-08,106.602,356.568,1.05434e-07,120.669,448.799,-6.49244e-08,136.59,564.873,1.70148e-07,154.611,710.948,-5.34594e-08,175.008,894.767,1.63407e-07,198.097,1126.06,8.04804e-08,224.231,1417.07,1.14667e-07,253.813,1783.15,-1.71227e-07,287.297,2243.62,-2.88466e-07,325.198,2822.67,-4.33651e-07,368.098,3550.67,7.9318e-08,416.657,4465.65,3.13319e-07,471.621,5615.16,3.4613e-07,533.835,7058.61,-1.19199e-07,604.255,8870.02,-2.79964e-07,683.962,11141.4,-2.30521e-07,774.182,13986.7,-2.55099e-07,876.299,17546.4,1.23585e-07,991.883,21993.1,1.41192e-07,1122.71,27536.7,-9.71886e-08,1270.78,34430.7,-3.68368e-07,1438.38,42977.7,-3.45379e-07,1628.07,53532.7,-3.25328e-09,1842.77,66504.6,2.6362e-07,2085.77,82350.2,2.53445e-07,2360.79,101560,-2.47407e-08,2672.05,124632,-3.80602e-07,3024.31,152018,-4.79005e-07,3422.98,184060,-1.14379e-07,3874.15,220884,2.64297e-07,4384.72,262283,3.44131e-07,4962.49,307576,7.5349e-08,5616.29,355497,-3.63097e-07,6356.1,404126,-6.05442e-07,7193.18,450932,-2.72333e-07,8140.28,492963,2.29675e-07,9211.79,527178,4.3387e-07,10424,550893,-1.0711e-07,10.102,8.06553,2.81012,10.6436,8.57909,0.869423,11.5336,10.2515,0.270869,12.7211,12.7138,0.0844293,14.1823,15.9373,0.0263173,15.9122,20.0383,0.0082035,17.9198,25.2154,0.00255722,20.2244,31.7373,0.000797017,22.8539,39.9486,0.000248622,25.8438,50.2851,7.75492e-05,29.237,63.2963,2.42508e-05,33.0837,79.6738,7.67162e-06,37.4415,100.288,2.32837e-06,42.3767,126.236,7.33e-07,47.9646,158.896,2.79256e-07,54.2906,200.003,9.87351e-09,61.452,251.741,1.61085e-07,69.5585,316.859,-2.47141e-07,78.7347,398.812,8.93552e-08,89.1218,501.948,-2.53231e-07,100.879,631.736,-1.25047e-07,114.188,795.049,-1.78808e-07,129.252,1000.53,2.6733e-07,146.304,1259.03,4.50292e-07,165.605,1584.19,6.76904e-07,187.452,1993.12,-1.23808e-07,212.181,2507.27,-4.89068e-07,240.173,3153.54,-5.40284e-07,271.856,3965.56,1.86061e-07,307.719,4985.38,4.37004e-07,348.313,6265.4,3.59828e-07,394.26,7870.83,3.98192e-07,446.268,9882.51,-1.92908e-07,505.135,12400.3,-2.20392e-07,571.766,15546.9,1.51705e-07,647.184,19472.2,5.74996e-07,732.547,24357.4,5.39112e-07,829.167,30420,5.07815e-09,938.526,37916.3,-4.11492e-07,1062.3,47143.9,-3.9561e-07,1202.4,58439.2,3.86185e-08,1360.96,72169.3,5.94093e-07,1540.42,88715.8,7.47693e-07,1743.53,108445,1.78537e-07,1973.41,131665,-4.12549e-07,2233.57,158557,-5.37164e-07,2528,189103,-1.17615e-07,2861.2,222986,5.66769e-07,3238.27,259510,9.45053e-07,3664.97,297540,4.25093e-07,4147.81,335497,-3.58506e-07,4694.17,371444,-6.7724e-07,5312.37,403256,1.67192e-07,1.61744,3.89446,9.84394,3.28846,7.5504,12.774,5.07607,11.7187,13.6844,7.03202,16.8147,13.9681,9.20215,23.1769,14.0566,11.6301,31.1672,14.0841,14.3598,41.2186,14.0927,17.4376,53.8688,14.0954,20.9137,69.7915,14.0962,24.8432,89.8341,14.0965,29.2879,115.063,14.0966,34.3168,146.819,14.0966,40.0078,186.792,14.0966,46.4487,237.107,14.0966,53.7388,300.44,14.0966,61.9903,380.158,14.0966,71.3301,480.499,14.0966,81.902,606.796,14.0966,93.8685,765.761,14.0966,107.414,965.837,14.0966,122.746,1217.65,14.0966,140.101,1534.57,14.0966,159.745,1933.41,14.0966,181.981,2435.3,14.0966,207.15,3066.85,14.0966,235.64,3861.46,14.0966,267.889,4861.11,14.0966,304.391,6118.54,14.0966,345.709,7699.91,14.0966,392.478,9688.22,14.0966,445.417,12187.5,14.0966,505.339,15327.7,14.0966,573.165,19271.6,14.0966,649.938,24222,14.0966,736.839,30430.9,14.0966,835.202,38211.5,14.0966,946.539,47950.3,14.0966,1072.56,60122.8,14.0966,1215.21,75309.9,14.0966,1376.66,94216.2,14.0966,1559.41,117688,14.0966,1766.26,146729,14.0966,2000.39,182510,14.0966,2265.39,226372,14.0966,2565.33,279806,14.0966,2904.81,344416,14.0966,3289.05,421845,14.0966,3723.93,513667,14.0966,4216.13,621231,14.0966,4773.18,745478,14.0966,5403.64,886744,14.0966,6117.15,1.04457e+06,14.0966,6924.63,1.2176e+06,14.0966,11.7194,11.96,12.6541,13.9321,16.1295,13.6434,16.6097,21.9702,13.9553,19.7532,29.5285,14.0526,23.3844,39.1143,14.0829,27.5423,51.2054,14.0923,32.2796,66.434,14.0953,37.662,85.6061,14.0962,43.7675,109.74,14.0965,50.687,140.119,14.0966,58.5249,178.359,14.0966,67.4005,226.493,14.0966,77.4493,287.08,14.0966,88.8254,363.343,14.0966,101.703,459.336,14.0966,116.281,580.161,14.0966,132.782,732.241,14.0966,151.46,923.655,14.0966,172.603,1164.57,14.0966,196.535,1467.79,14.0966,223.625,1849.39,14.0966,254.288,2329.62,14.0966,288.997,2933.93,14.0966,328.285,3694.33,14.0966,372.755,4651.04,14.0966,423.092,5854.57,14.0966,480.07,7368.38,14.0966,544.564,9272.08,14.0966,617.566,11665.5,14.0966,700.197,14673.6,14.0966,793.729,18452.9,14.0966,899.599,23198.6,14.0966,1019.43,29154.1,14.0966,1155.07,36622.3,14.0966,1308.6,45977.9,14.0966,1482.39,57683.7,14.0966,1679.09,72307.8,14.0966,1901.73,90542.8,14.0966,2153.73,113226,14.0966,2438.97,141360,14.0966,2761.81,176127,14.0966,3127.22,218898,14.0966,3540.81,271226,14.0966,4008.92,334817,14.0966,4538.74,411470,14.0966,5138.38,502973,14.0966,5817.04,610948,14.0966,6585.12,736653,14.0966,7454.39,880741,14.0966,8438.15,1.04302e+06,14.0966,9551.45,1.22224e+06,14.0966,10811.3,1.41602e+06,14.0966,12237,1.62086e+06,14.0966,11.7194,11.96,12.6541,2.21263,4.16949,0.989383,2.67766,5.84076,0.311842,3.14343,7.55825,0.0972771,3.63127,9.58578,0.0303237,4.15787,12.0912,0.00945211,4.73731,15.2286,0.00294633,5.38238,19.1721,0.000918508,6.10553,24.134,0.000286163,6.91951,30.3791,8.92692e-05,7.83792,38.2397,2.78121e-05,8.87555,48.1338,8.65134e-06,10.0489,60.5876,2.7882e-06,11.3761,76.2629,8.29036e-07,12.8779,95.9927,2.4373e-07,14.5775,120.825,4.33068e-09,16.5012,152.08,1.75749e-07,18.6784,191.415,-1.86328e-07,21.1428,240.917,1.91829e-07,23.9322,303.213,-1.81475e-07,27.0895,381.602,7.0186e-08,30.6634,480.231,-2.86769e-08,34.7087,604.316,2.40784e-07,39.2876,760.401,9.87368e-08,44.4705,956.705,1.22263e-07,50.3371,1203.54,-4.31966e-07,56.9776,1513.81,-1.9705e-07,64.494,1903.69,-2.763e-08,73.0018,2393.4,3.9185e-07,82.6317,3008.13,1.35379e-07,93.5318,3779.25,-4.16351e-08,105.869,4745.7,2.06965e-08,119.834,5955.6,-3.18887e-07,135.641,7468.12,-1.48271e-08,153.531,9355.62,2.00739e-07,173.781,11705.8,2.28358e-07,196.701,14624.1,-1.93587e-08,222.642,18235,-2.88101e-07,252.003,22683.4,-2.24732e-07,285.234,28134,8.56806e-09,322.845,34767,2.34258e-07,365.413,42770.9,2.99668e-07,413.588,52327.9,8.28644e-08,468.111,63591.2,-3.07049e-07,529.814,76653.2,-3.1888e-07,599.642,91502.5,-6.72276e-08,678.662,107975,2.26339e-07,768.083,125705,3.69212e-07,869.267,144088,2.04077e-07,983.76,162277,-2.80509e-07,1113.3,179223,-4.22737e-07,1259.87,193777,-1.71951e-07,1425.68,204839,4.55555e-07,11.7194,11.96,12.6541,2.21263,4.16949,0.989383,2.67766,5.84076,0.311842,3.14343,7.55825,0.0972771,3.63127,9.58578,0.0303237,4.15787,12.0912,0.00945211,4.73731,15.2286,0.00294633,5.38238,19.1721,0.000918508,6.10553,24.134,0.000286163,6.91951,30.3791,8.92692e-05,7.83792,38.2397,2.78121e-05,8.87555,48.1338,8.65134e-06,10.0489,60.5876,2.7882e-06,11.3761,76.2629,8.29036e-07,12.8779,95.9927,2.4373e-07,14.5775,120.825,1e-08,16.5012,152.08,1.75749e-07,18.6784,191.415,1e-08,21.1428,240.917,1.91829e-07,23.9322,303.213,1e-08,27.0895,381.602,7.0186e-08,30.6634,480.231,1e-08,34.7087,604.316,2.40784e-07,39.2876,760.401,9.87368e-08,44.4705,956.705,1.22263e-07,50.3371,1203.54,1e-08,56.9776,1513.81,1e-08,64.494,1903.69,1e-08,73.0018,2393.4,3.9185e-07,82.6317,3008.13,1.35379e-07,93.5318,3779.25,1e-08,105.869,4745.7,2.06965e-08,119.834,5955.6,1e-08,135.641,7468.12,1e-08,153.531,9355.62,2.00739e-07,173.781,11705.8,2.28358e-07,196.701,14624.1,1e-08,222.642,18235,1e-08,252.003,22683.4,1e-08,285.234,28134,1e-08,322.845,34767,2.34258e-07,365.413,42770.9,2.99668e-07,413.588,52327.9,8.28644e-08,468.111,63591.2,1e-08,529.814,76653.2,1e-08,599.642,91502.5,1e-08,678.662,107975,2.26339e-07,768.083,125705,3.69212e-07,869.267,144088,2.04077e-07,983.76,162277,1e-08,1113.3,179223,1e-08,1259.87,193777,1e-08,1425.68,204839,4.55555e-07,6.2823,3.27286,2.43537,0.219672,6.18826,2.24117,0.56371,6.87772,2.63624,0.308279,19,12,5,1,10,2,1,7,0,1,19,0,8,12,0,3,20,0,3,12,0,2,41,0,0,26,0,15,19,0,4,21,0,5,56,0,3,82,0,6,18,0,6,194,0,29,128,0,15,198,0,14,247,0,40,240,0,13,275,0,51,217,0,46,348,0,22,650,0,42,658,0,29,974,0,42,417,0,71,1014,0,152,1645,0,53,2154,0,88,4804,0,71,1877,0,126,4762,0,91,4191,0,101,11597,0,80,12157,0,171,5483,0,136,18751,0,184,28820,0,237,13243,0,185,14065,0,364,39355,0,302,36915,0,270,32985,0,264,77306,0,264,137684,0,550,95281,0,1192,90482,0,663,106556,0,717,117616,0,703,269072,0,631,181713,0,1809,155380,0,620,82780,0
-1.05176e+08,1,8.88811e-15,10,1023,0,1.05176e+08,0.528882,1.08665,0.389689,0.145397,0.379329,3.24381,0.161596,0.446195,1.77396,0.159177,1.15e+07,4.49998e+06,6.79999e+06,1.15e+07,4.49997e+06,6.79999e+06,1.15e+07,4.49996e+06,6.79999e+06,1.15e+07,4.49995e+06,6.79999e+06,1.14999e+07,4.49993e+06,6.79999e+06,1.14999e+07,4.49991e+06,6.79999e+06,1.14999e+07,4.49989e+06,6.79999e+06,1.14999e+07,4.49986e+06,6.79999e+06,1.14999e+07,4.49982e+06,6.79999e+06,1.14999e+07,4.49977e+06,6.79999e+06,1.14999e+07,4.49971e+06,6.79999e+06,1.14999e+07,4.49963e+06,6.79999e+06,1.14998e+07,4.49953e+06,6.79999e+06,1.14998e+07,4.49941e+06,6.79999e+06,1.14998e+07,4.49926e+06,6.79999e+06,1.14998e+07,4.49906e+06,6.79999e+06,1.14997e+07,4.49882e+06,6.79999e+06,1.14997e+07,4.49851e+06,6.79999e+06,1.14997e+07,4.49812e+06,6.79999e+06,1.14996e+07,4.49764e+06,6.79999e+06,1.14996e+07,4.49702e+06,6.79999e+06,1.14995e+07,4.49625e+06,6.79999e+06,1.14995e+07,4.49528e+06,6.79999e+06,1.14994e+07,4.49406e+06,6.79999e+06,1.14993e+07,4.49253e+06,6.79999e+06,1.14992e+07,4.49059e+06,6.79999e+06,1.14991e+07,4.48817e+06,6.79999e+06,1.1499e+07,4.48511e+06,6.79999e+06,1.14988e+07,4.48128e+06,6.79999e+06,1.14987e+07,4.47646e+06,6.79999e+06,1.14985e+07,4.47041e+06,6.79999e+06,1.14983e+07,4.46281e+06,6.79999e+06,1.14981e+07,4.4533e+06,6.79999e+06,1.14979e+07,4.44138e+06,6.79999e+06,1.14976e+07,4.42649e+06,6.79999e+06,1.14972e+07,4.40789e+06,6.79999e+06,1.14969e+07,4.38471e+06,6.79999e+06,1.14965e+07,4.35592e+06,6.79999e+06,1.1496e+07,4.32027e+06,6.79999e+06,1.14955e+07,4.27629e+06,6.79999e+06,1.14949e+07,4.22231e+06,6.79999e+06,1.14942e+07,4.15647e+06,6.79999e+06,1.14934e+07,4.07676e+06,6.79999e+06,1.14926e+07,3.98112e+06,6.79999e+06,1.14916e+07,3.86765e+06,6.79999e+06,1.14905e+07,3.73474e+06,6.79999e+06,1.14892e+07,3.58148e+06,6.79999e+06,1.14878e+07,3.40785e+06,6.79999e+06,1.14862e+07,3.21513e+06,6.79999e+06,1.14844e+07,3.00605e+06,6.79999e+06,1.14823e+07,2.7848e+06,6.79999e+06,1.148e+07,2.5568e+06,6.79999e+06,1.14773e+07,2.32825e+06,6.79999e+06,13.5742,8.52444,0.508366,16.8306,13.2585,0.162638,20.0035,17.569,0.0507846,23.2616,22.4214,0.0158319,26.7328,28.3297,0.00493498,30.5212,35.6974,0.00153831,34.7178,44.9473,0.000479527,39.4086,56.5822,0.000149456,44.6796,71.2245,4.66214e-05,50.6209,89.6543,1.45419e-05,57.3297,112.852,4.54748e-06,64.9129,142.051,1.43857e-06,73.4897,178.803,4.36618e-07,83.1934,225.062,1.40153e-07,94.1745,283.286,4.96378e-08,106.602,356.568,1.05434e-07,120.669,448.799,-6.49244e-08,136.59,564.873,1.70148e-07,154.611,710.948,-5.34594e-08,175.008,894.767,1.63407e-07,198.097,1126.06,8.04804e-08,224.231,1417.07,1.14667e-07,253.813,1783.15,-1.71227e-07,287.297,2243.62,-2.88466e-07,325.198,2822.67,-4.33651e-07,368.098,3550.67,7.9318e-08,416.657,4465.65,3.13319e-07,471.621,5615.16,3.4613e-07,533.835,7058.61,-1.19199e-07,604.255,8870.02,-2.79964e-07,683.962,11141.4,-2.30521e-07,774.182,13986.7,-2.55099e-07,876.299,17546.4,1.23585e-07,991.883,21993.1,1.41192e-07,1122.71,27536.7,-9.71886e-08,1270.78,34430.7,-3.68368e-07,1438.38,42977.7,-3.45379e-07,1628.07,53532.7,-3.25328e-09,1842.77,66504.6,2.6362e-07,2085.77,82350.2,2.53445e-07,2360.79,101560,-2.47407e-08,2672.05,124632,-3.80602e-07,3024.31,152018,-4.79005e-07,3422.98,184060,-1.14379e-07,3874.15,220884,2.64297e-07,4384.72,262283,3.44131e-07,4962.49,307576,7.5349e-08,5616.29,355497,-3.63097e-07,6356.1,404126,-6.05442e-07,7193.18,450932,-2.72333e-07,8140.28,492963,2.29675e-07,9211.79,527178,4.3387e-07,10424,550893,-1.0711e-07,10.102,8.06553,2.81012,10.6436,8.57909,0.869423,11.5336,10.2515,0.270869,12.7211,12.7138,0.0844293,14.1823,15.9373,0.0263173,15.9122,20.0383,0.0082035,17.9198,25.2154,0.00255722,20.2244,31.7373,0.000797017,22.8539,39.9486,0.000248622,25.8438,50.2851,7.75492e-05,29.237,63.2963,2.42508e-05,33.0837,79.6738,7.67162e-06,37.4415,100.288,2.32837e-06,42.3767,126.236,7.33e-07,47.9646,158.896,2.79256e-07,54.2906,200.003,9.87351e-09,61.452,251.741,1.61085e-07,69.5585,316.859,-2.47141e-07,78.7347,398.812,8.93552e-08,89.1218,501.948,-2.53231e-07,100.879,631.736,-1.25047e-07,114.188,795.049,-1.78808e-07,129.252,1000.53,2.6733e-07,146.304,1259.03,4.50292e-07,165.605,1584.19,6.76904e-07,187.452,1993.12,-1.23808e-07,212.181,2507.27,-4.89068e-07,240.173,3153.54,-5.40284e-07,271.856,3965.56,1.86061e-07,307.719,4985.38,4.37004e-07,348.313,6265.4,3.59828e-07,394.26,7870.83,3.98192e-07,446.268,9882.51,-1.92908e-07,505.135,12400.3,-2.20392e-07,571.766,15546.9,1.51705e-07,647.184,19472.2,5.74996e-07,732.547,24357.4,5.39112e-07,829.167,30420,5.07815e-09,938.526,37916.3,-4.11492e-07,1062.3,47143.9,-3.9561e-07,1202.4,58439.2,3.86185e-08,1360.96,72169.3,5.94093e-07,1540.42,88715.8,7.47693e-07,1743.53,108445,1.78537e-07,1973.41,131665,-4.12549e-07,2233.57,158557,-5.37164e-07,2528,189103,-1.17615e-07,2861.2,222986,5.66769e-07,3238.27,259510,9.45053e-07,3664.97,297540,4.25093e-07,4147.81,335497,-3.58506e-07,4694.17,371444,-6.7724e-07,5312.37,403256,1.67192e-07,1.61744,3.89446,9.84394,3.28846,7.5504,12.774,5.07607,11.7187,13.6844,7.03202,16.8147,13.9681,9.20215,23.1769,14.0566,11.6301,31.1672,14.0841,14.3598,41.2186,14.0927,17.4376,53.8688,14.0954,20.9137,69.7915,14.0962,24.8432,89.8341,14.0965,29.2879,115.063,14.0966,34.3168,146.819,14.0966,40.0078,186.792,14.0966,46.4487,237.107,14.0966,53.7388,300.44,14.0966,61.9903,380.158,14.0966,71.3301,480.499,14.0966,81.902,606.796,14.0966,93.8685,765.761,14.0966,107.414,965.837,14.0966,122.746,1217.65,14.0966,140.101,1534.57,14.0966,159.745,1933.41,14.0966,181.981,2435.3,14.0966,207.15,3066.85,14.0966,235.64,3861.46,14.0966,267.889,4861.11,14.0966,304.391,6118.54,14.0966,345.709,7699.91,14.0966,392.478,9688.22,14.0966,445.417,12187.5,14.0966,505.339,15327.7,14.0966,573.165,19271.6,14.0966,649.938,24222,14.0966,736.839,30430.9,14.0966,835.202,38211.5,14.0966,946.539,47950.3,14.0966,1072.56,60122.8,14.0966,1215.21,75309.9,14.0966,1376.66,94216.2,14.0966,1559.41,117688,14.0966,1766.26,146729,14.0966,2000.39,182510,14.0966,2265.39,226372,14.0966,2565.33,279806,14.0966,2904.81,344416,14.0966,3289.05,421845,14.0966,3723.93,513667,14.0966,4216.13,621231,14.0966,4773.18,745478,14.0966,5403.64,886744,14.0966,6117.15,1.04457e+06,14.0966,6924.63,1.2176e+06,14.0966,11.7194,11.96,12.6541,13.9321,16.1295,13.6434,16.6097,21.9702,13.9553,19.7532,29.5285,14.0526,23.3844,39.1143,14.0829,27.5423,51.2054,14.0923,32.2796,66.434,14.0953,37.662,85.6061,14.0962,43.7675,109.74,14.0965,50.687,140.119,14.0966,58.5249,178.359,14.0966,67.4005,226.493,14.0966,77.4493,287.08,14.0966,88.8254,363.343,14.0966,101.703,459.336,14.0966,116.281,580.161,14.0966,132.782,732.241,14.0966,151.46,923.655,14.0966,172.603,1164.57,14.0966,196.535,1467.79,14.0966,223.625,1849.39,14.0966,254.288,2329.62,14.0966,288.997,2933.93,14.0966,328.285,3694.33,14.0966,372.755,4651.04,14.0966,423.092,5854.57,14.0966,480.07,7368.38,14.0966,544.564,9272.08,14.0966,617.566,11665.5,14.0966,700.197,14673.6,14.0966,793.729,18452.9,14.0966,899.599,23198.6,14.0966,1019.43,29154.1,14.0966,1155.07,36622.3,14.0966,1308.6,45977.9,14.0966,1482.39,57683.7,14.0966,1679.09,72307.8,14.0966,1901.73,90542.8,14.0966,2153.73,113226,14.0966,2438.97,141360,14.0966,2761.81,176127,14.0966,3127.22,218898,14.0966,3540.81,271226,14.0966,4008.92,334817,14.0966,4538.74,411470,14.0966,5138.38,502973,14.0966,5817.04,610948,14.0966,6585.12,736653,14.0966,7454.39,880741,14.0966,8438.15,1.04302e+06,14.0966,9551.45,1.22224e+06,14.0966,10811.3,1.41602e+06,14.0966,12237,1.62086e+06,14.0966,11.7194,11.96,12.6541,2.21263,4.16949,0.989383,2.67766,5.84076,0.311842,3.14343,7.55825,0.0972771,3.63127,9.58578,0.0303237,4.15787,12.0912,0.00945211,4.73731,15.2286,0.00294633,5.38238,19.1721,0.000918508,6.10553,24.134,0.000286163,6.91951,30.3791,8.92692e-05,7.83792,38.2397,2.78121e-05,8.87555,48.1338,8.65134e-06,10.0489,60.5876,2.7882e-06,11.3761,76.2629,8.29036e-07,12.8779,95.9927,2.4373e-07,14.5775,120.825,4.33068e-09,16.5012,152.08,1.75749e-07,18.6784,191.415,-1.86328e-07,21.1428,240.917,1.91829e-07,23.9322,303.213,-1.81475e-07,27.0895,381.602,7.0186e-08,30.6634,480.231,-2.86769e-08,34.7087,604.316,2.40784e-07,39.2876,760.401,9.87368e-08,44.4705,956.705,1.22263e-07,50.3371,1203.54,-4.31966e-07,56.9776,1513.81,-1.9705e-07,64.494,1903.69,-2.763e-08,73.0018,2393.4,3.9185e-07,82.6317,3008.13,1.35379e-07,93.5318,3779.25,-4.16351e-08,105.869,4745.7,2.06965e-08,119.834,5955.6,-3.18887e-07,135.641,7468.12,-1.48271e-08,153.531,9355.62,2.00739e-07,173.781,11705.8,2.28358e-07,196.701,14624.1,-1.93587e-08,222.642,18235,-2.88101e-07,252.003,22683.4,-2.24732e-07,285.234,28134,8.56806e-09,322.845,34767,2.34258e-07,365.413,42770.9,2.99668e-07,413.588,52327.9,8.28644e-08,468.111,63591.2,-3.07049e-07,529.814,76653.2,-3.1888e-07,599.642,91502.5,-6.72276e-08,678.662,107975,2.26339e-07,768.083,125705,3.69212e-07,869.267,144088,2.04077e-07,983.76,162277,-2.80509e-07,1113.3,179223,-4.22737e-07,1259.87,193777,-1.71951e-07,1425.68,204839,4.55555e-07,11.7194,11.96,12.6541,2.21263,4.16949,0.989383,2.67766,5.84076,0.311842,3.14343,7.55825,0.0972771,3.63127,9.58578,0.0303237,4.15787,12.0912,0.00945211,4.73731,15.2286,0.00294633,5.38238,19.1721,0.000918508,6.10553,24.134,0.000286163,6.91951,30.3791,8.92692e-05,7.83792,38.2397,2.78121e-05,8.87555,48.1338,8.65134e-06,10.0489,60.5876,2.7882e-06,11.3761,76.2629,8.29036e-07,12.8779,95.9927,2.4373e-07,14.5775,120.825,1e-08,16.5012,152.08,1.75749e-07,18.6784,191.415,1e-08,21.1428,240.917,1.91829e-07,23.9322,303.213,1e-08,27.0895,381.602,7.0186e-08,30.6634,480.231,1e-08,34.7087,604.316,2.40784e-07,39.2876,760.401,9.87368e-08,44.4705,956.705,1.22263e-07,50.3371,1203.54,1e-08,56.9776,1513.81,1e-08,64.494,1903.69,1e-08,73.0018,2393.4,3.9185e-07,82.6317,3008.13,1.35379e-07,93.5318,3779.25,1e-08,105.869,4745.7,2.06965e-08,119.834,5955.6,1e-08,135.641,7468.12,1e-08,153.531,9355.62,2.00739e-07,173.781,11705.8,2.28358e-07,196.701,14624.1,1e-08,222.642,18235,1e-08,252.003,22683.4,1e-08,285.234,28134,1e-08,322.845,34767,2.34258e-07,365.413,42770.9,2.99668e-07,413.588,52327.9,8.28644e-08,468.111,63591.2,1e-08,529.814,76653.2,1e-08,599.642,91502.5,1e-08,678.662,107975,2.26339e-07,768.083,125705,3.69212e-07,869.267,144088,2.04077e-07,983.76,162277,1e-08,1113.3,179223,1e-08,1259.87,193777,1e-08,1425.68,204839,4.55555e-07,6.2823,3.27286,2.43537,0.219672,6.18826,2.24117,0.56371,6.87772,2.63624,0.308279,8,8,10,1,5,0,0,4,1,3,11,0,7,13,0,1,9,0,5,18,0,7,38,0,8,27,0,15,41,0,0,10,0,7,24,0,13,51,0,7,64,0,15,83,0,12,156,0,19,142,0,8,126,0,13,153,0,9,371,0,22,376,0,16,516,0,26,742,0,31,331,0,36,1031,0,22,510,0,32,1293,0,44,1685,0,65,2658,0,23,1785,0,95,3479,0,138,2502,0,150,9440,0,58,3846,0,97,8097,0,149,5851,0,285,6349,0,240,14260,0,518,23909,0,193,51437,0,282,14456,0,212,35370,0,320,57441,0,545,92870,0,512,53834,0,850,76183,0,415,127097,0,594,81384,0,882,76236,0,1598,161825,0,817,174432,0,1042,239783,0,2801,229687,0
-1.05176e+08,1,8.88811e-15,10,1023,0,1.05176e+08,0.528882,1.08665,0.389689,0.145397,0.379329,3.24381,0.161596,0.446195,1.77396,0.159177,1.15e+07,4.49998e+06,6.79999e+06,1.15e+07,4.49997e+06,6.79999e+06,1.15e+07,4.49996e+06,6.79999e+06,1.15e+07,4.49995e+06,6.79999e+06,1.14999e+07,4.49993e+06,6.79999e+06,1.14999e+07,4.49991e+06,6.79999e+06,1.14999e+07,4.49989e+06,6.79999e+06,1.14999e+07,4.49986e+06,6.79999e+06,1.14999e+07,4.49982e+06,6.79999e+06,1.14999e+07,4.49977e+06,6.79999e+06,1.14999e+07,4.49971e+06,6.79999e+06,1.14999e+07,4.49963e+06,6.79999e+06,1.14998e+07,4.49953e+06,6.79999e+06,1.14998e+07,4.49941e+06,6.79999e+06,1.14998e+07,4.49926e+06,6.79999e+06,1.14998e+07,4.49906e+06,6.79999e+06,1.14997e+07,4.49882e+06,6.79999e+06,1.14997e+07,4.49851e+06,6.79999e+06,1.14997e+07,4.49812e+06,6.79999e+06,1.14996e+07,4.49764e+06,6.79999e+06,1.14996e+07,4.49702e+06,6.79999e+06,1.14995e+07,4.49625e+06,6.79999e+06,1.14995e+07,4.49528e+06,6.79999e+06,1.14994e+07,4.49406e+06,6.79999e+06,1.14993e+07,4.49253e+06,6.79999e+06,1.14992e+07,4.49059e+06,6.79999e+06,1.14991e+07,4.48817e+06,6.79999e+06,1.1499e+07,4.48511e+06,6.79999e+06,1.14988e+07,4.48128e+06,6.79999e+06,1.14987e+07,4.47646e+06,6.79999e+06,1.14985e+07,4.47041e+06,6.79999e+06,1.14983e+07,4.46281e+06,6.79999e+06,1.14981e+07,4.4533e+06,6.79999e+06,1.14979e+07,4.44138e+06,6.79999e+06,1.14976e+07,4.42649e+06,6.79999e+06,1.14972e+07,4.40789e+06,6.79999e+06,1.14969e+07,4.38471e+06,6.79999e+06,1.14965e+07,4.35592e+06,6.79999e+06,1.1496e+07,4.32027e+06,6.79999e+06,1.14955e+07,4.27629e+06,6.79999e+06,1.14949e+07,4.22231e+06,6.79999e+06,1.14942e+07,4.15647e+06,6.79999e+06,1.14934e+07,4.07676e+06,6.79999e+06,1.14926e+07,3.98112e+06,6.79999e+06,1.14916e+07,3.86765e+06,6.79999e+06,1.14905e+07,3.73474e+06,6.79999e+06,1.14892e+07,3.58148e+06,6.79999e+06,1.14878e+07,3.40785e+06,6.79999e+06,1.14862e+07,3.21513e+06,6.79999e+06,1.14844e+07,3.00605e+06,6.79999e+06,1.14823e+07,2.7848e+06,6.79999e+06,1.148e+07,2.5568e+06,6.79999e+06,1.14773e+07,2.32825e+06,6.79999e+06,13.5742,8.52444,0.508366,16.8306,13.2585,0.162638,20.0035,17.569,0.0507846,23.2616,22.4214,0.0158319,26.7328,28.3297,0.00493498,30.5212,35.6974,0.00153831,34.7178,44.9473,0.000479527,39.4086,56.5822,0.000149456,44.6796,71.2245,4.66214e-05,50.6209,89.6543,1.45419e-05,57.3297,112.852,4.54748e-06,64.9129,142.051,1.43857e-06,73.4897,178.803,4.36618e-07,83.1934,225.062,1.40153e-07,94.1745,283.286,4.96378e-08,106.602,356.568,1.05434e-07,120.669,448.799,-6.49244e-08,136.59,564.873,1.70148e-07,154.611,710.948,-5.34594e-08,175.008,894.767,1.63407e-07,198.097,1126.06,8.04804e-08,224.231,1417.07,1.14667e-07,253.813,1783.15,-1.71227e-07,287.297,2243.62,-2.88466e-07,325.198,2822.67,-4.33651e-07,368.098,3550.67,7.9318e-08,416.657,4465.65,3.13319e-07,471.621,5615.16,3.4613e-07,533.835,7058.61,-1.19199e-07,604.255,8870.02,-2.79964e-07,683.962,11141.4,-2.30521e-07,774.182,13986.7,-2.55099e-07,876.299,17546.4,1.23585e-07,991.883,21993.1,1.41192e-07,1122.71,27536.7,-9.71886e-08,1270.78,34430.7,-3.68368e-07,1438.38,42977.7,-3.45379e-07,1628.07,53532.7,-3.25328e-09,1842.77,66504.6,2.6362e-07,2085.77,82350.2,2.53445e-07,2360.79,101560,-2.47407e-08,2672.05,124632,-3.80602e-07,3024.31,152018,-4.79005e-07,3422.98,184060,-1.14379e-07,3874.15,220884,2.64297e-07,4384.72,262283,3.44131e-07,4962.49,307576,7.5349e-08,5616.29,355497,-3.63097e-07,6356.1,404126,-6.05442e-07,7193.18,450932,-2.72333e-07,8140.28,492963,2.29675e-07,9211.79,527178,4.3387e-07,10424,550893,-1.0711e-07,10.102,8.06553,2.81012,10.6436,8.57909,0.869423,11.5336,10.2515,0.270869,12.7211,12.7138,0.0844293,14.1823,15.9373,0.0263173,15.9122,20.0383,0.0082035,17.9198,25.2154,0.00255722,20.2244,31.7373,0.000797017,22.8539,39.9486,0.000248622,25.8438,50.2851,7.75492e-05,29.237,63.2963,2.42508e-05,33.0837,79.6738,7.67162e-06,37.4415,100.288,2.32837e-06,42.3767,126.236,7.33e-07,47.9646,158.896,2.79256e-07,54.2906,200.003,9.87351e-09,61.452,251.741,1.61085e-07,69.5585,316.859,-2.47141e-07,78.7347,398.812,8.93552e-08,89.1218,501.948,-2.53231e-07,100.879,631.736,-1.25047e-07,114.188,795.049,-1.78808e-07,129.252,1000.53,2.6733e-07,146.304,1259.03,4.50292e-07,165.605,1584.19,6.76904e-07,187.452,1993.12,-1.23808e-07,212.181,2507.27,-4.89068e-07,240.173,3153.54,-5.40284e-07,271.856,3965.56,1.86061e-07,307.719,4985.38,4.37004e-07,348.313,6265.4,3.59828e-07,394.26,7870.83,3.98192e-07,446.268,9882.51,-1.92908e-07,505.135,12400.3,-2.20392e-07,571.766,15546.9,1.51705e-07,647.184,19472.2,5.74996e-07,732.547,24357.4,5.39112e-07,829.167,30420,5.07815e-09,938.526,37916.3,-4.11492e-07,1062.3,47143.9,-3.9561e-07,1202.4,58439.2,3.86185e-08,1360.96,72169.3,5.94093e-07,1540.42,88715.8,7.47693e-07,1743.53,108445,1.78537e-07,1973.41,131665,-4.12549e-07,2233.57,158557,-5.37164e-07,2528,189103,-1.17615e-07,2861.2,222986,5.66769e-07,3238.27,259510,9.45053e-07,3664.97,297540,4.25093e-07,4147.81,335497,-3.58506e-07,4694.17,371444,-6.7724e-07,5312.37,403256,1.67192e-07,1.61744,3.89446,9.84394,3.28846,7.5504,12.774,5.07607,11.7187,13.6844,7.03202,16.8147,13.9681,9.20215,23.1769,14.0566,11.6301,31.1672,14.0841,14.3598,41.2186,14.0927,17.4376,53.8688,14.0954,20.9137,69.7915,14.0962,24.8432,89.8341,14.0965,29.2879,115.063,14.0966,34.3168,146.819,14.0966,40.0078,186.792,14.0966,46.4487,237.107,14.0966,53.7388,300.44,14.0966,61.9903,380.158,14.0966,71.3301,480.499,14.0966,81.902,606.796,14.0966,93.8685,765.761,14.0966,107.414,965.837,14.0966,122.746,1217.65,14.0966,140.101,1534.57,14.0966,159.745,1933.41,14.0966,181.981,2435.3,14.0966,207.15,3066.85,14.0966,235.64,3861.46,14.0966,267.889,4861.11,14.0966,304.391,6118.54,14.0966,345.709,7699.91,14.0966,392.478,9688.22,14.0966,445.417,12187.5,14.0966,505.339,15327.7,14.0966,573.165,19271.6,14.0966,649.938,24222,14.0966,736.839,30430.9,14.0966,835.202,38211.5,14.0966,946.539,47950.3,14.0966,1072.56,60122.8,14.0966,1215.21,75309.9,14.0966,1376.66,94216.2,14.0966,1559.41,117688,14.0966,1766.26,146729,14.0966,2000.39,182510,14.0966,2265.39,226372,14.0966,2565.33,279806,14.0966,2904.81,344416,14.0966,3289.05,421845,14.0966,3723.93,513667,14.0966,4216.13,621231,14.0966,4773.18,745478,14.0966,5403.64,886744,14.0966,6117.15,1.04457e+06,14.0966,6924.63,1.2176e+06,14.0966,11.7194,11.96,12.6541,13.9321,16.1295,13.6434,16.6097,21.9702,13.9553,19.7532,29.5285,14.0526,23.3844,39.1143,14.0829,27.5423,51.2054,14.0923,32.2796,66.434,14.0953,37.662,85.6061,14.0962,43.7675,109.74,14.0965,50.687,140.119,14.0966,58.5249,178.359,14.0966,67.4005,226.493,14.0966,77.4493,287.08,14.0966,88.8254,363.343,14.0966,101.703,459.336,14.0966,116.281,580.161,14.0966,132.782,732.241,14.0966,151.46,923.655,14.0966,172.603,1164.57,14.0966,196.535,1467.79,14.0966,223.625,1849.39,14.0966,254.288,2329.62,14.0966,288.997,2933.93,14.0966,328.285,3694.33,14.0966,372.755,4651.04,14.0966,423.092,5854.57,14.0966,480.07,7368.38,14.0966,544.564,9272.08,14.0966,617.566,11665.5,14.0966,700.197,14673.6,14.0966,793.729,18452.9,14.0966,899.599,23198.6,14.0966,1019.43,29154.1,14.0966,1155.07,36622.3,14.0966,1308.6,45977.9,14.0966,1482.39,57683.7,14.0966,1679.09,72307.8,14.0966,1901.73,90542.8,14.0966,2153.73,113226,14.0966,2438.97,141360,14.0966,2761.81,176127,14.0966,3127.22,218898,14.0966,3540.81,271226,14.0966,4008.92,334817,14.0966,4538.74,411470,14.0966,5138.38,502973,14.0966,5817.04,610948,14.0966,6585.12,736653,14.0966,7454.39,880741,14.0966,8438.15,1.04302e+06,14.0966,9551.45,1.22224e+06,14.0966,10811.3,1.41602e+06,14.0966,12237,1.62086e+06,14.0966,11.7194,11.96,12.6541,2.21263,4.16949,0.989383,2.67766,5.84076,0.311842,3.14343,7.55825,0.0972771,3.63127,9.58578,0.0303237,4.15787,12.0912,0.00945211,4.73731,15.2286,0.00294633,5.38238,19.1721,0.000918508,6.10553,24.134,0.000286163,6.91951,30.3791,8.92692e-05,7.83792,38.2397,2.78121e-05,8.87555,48.1338,8.65134e-06,10.0489,60.5876,2.7882e-06,11.3761,76.2629,8.29036e-07,12.8779,95.9927,2.4373e-07,14.5775,120.825,4.33068e-09,16.5012,152.08,1.75749e-07,18.6784,191.415,-1.86328e-07,21.1428,240.917,1.91829e-07,23.9322,303.213,-1.81475e-07,27.0895,381.602,7.0186e-08,30.6634,480.231,-2.86769e-08,34.7087,604.316,2.40784e-07,39.2876,760.401,9.87368e-08,44.4705,956.705,1.22263e-07,50.3371,1203.54,-4.31966e-07,56.9776,1513.81,-1.9705e-07,64.494,1903.69,-2.763e-08,73.0018,2393.4,3.9185e-07,82.6317,3008.13,1.35379e-07,93.5318,3779.25,-4.16351e-08,105.869,4745.7,2.06965e-08,119.834,5955.6,-3.18887e-07,135.641,7468.12,-1.48271e-08,153.531,9355.62,2.00739e-07,173.781,11705.8,2.28358e-07,196.701,14624.1,-1.93587e-08,222.642,18235,-2.88101e-07,252.003,22683.4,-2.24732e-07,285.234,28134,8.56806e-09,322.845,34767,2.34258e-07,365.413,42770.9,2.99668e-07,413.588,52327.9,8.28644e-08,468.111,63591.2,-3.07049e-07,529.814,76653.2,-3.1888e-07,599.642,91502.5,-6.72276e-08,678.662,107975,2.26339e-07,768.083,125705,3.69212e-07,869.267,144088,2.04077e-07,983.76,162277,-2.80509e-07,1113.3,179223,-4.22737e-07,1259.87,193777,-1.71951e-07,1425.68,204839,4.55555e-07,11.7194,11.96,12.6541,2.21263,4.16949,0.989383,2.67766,5.84076,0.311842,3.14343,7.55825,0.0972771,3.63127,9.58578,0.0303237,4.15787,12.0912,0.00945211,4.73731,15.2286,0.00294633,5.38238,19.1721,0.000918508,6.10553,24.134,0.000286163,6.91951,30.3791,8.92692e-05,7.83792,38.2397,2.78121e-05,8.87555,48.1338,8.65134e-06,10.0489,60.5876,2.7882e-06,11.3761,76.2629,8.29036e-07,12.8779,95.9927,2.4373e-07,14.5775,120.825,1e-08,16.5012,152.08,1.75749e-07,18.6784,191.415,1e-08,21.1428,240.917,1.91829e-07,23.9322,303.213,1e-08,27.0895,381.602,7.0186e-08,30.6634,480.231,1e-08,34.7087,604.316,2.40784e-07,39.2876,760.401,9.87368e-08,44.4705,956.705,1.22263e-07,50.3371,1203.54,1e-08,56.9776,1513.81,1e-08,64.494,1903.69,1e-08,73.0018,2393.4,3.9185e-07,82.6317,3008.13,1.35379e-07,93.5318,3779.25,1e-08,105.869,4745.7,2.06965e-08,119.834,5955.6,1e-08,135.641,7468.12,1e-08,153.531,9355.62,2.00739e-07,173.781,11705.8,2.28358e-07,196.701,14624.1,1e-08,222.642,18235,1e-08,252.003,22683.4,1e-08,285.234,28134,1e-08,322.845,34767,2.34258e-07,365.413,42770.9,2.99668e-07,413.588,52327.9,8.28644e-08,468.111,63591.2,1e-08,529.814,76653.2,1e-08,599.642,91502.5,1e-08,678.662,107975,2.26339e-07,768.083,125705,3.69212e-07,869.267,144088,2.04077e-07,983.76,162277,1e-08,1113.3,179223,1e-08,1259.87,193777,1e-08,1425.68,204839,4.55555e-07,6.2823,3.27286,2.43537,0.219672,6.18826,2.24117,0.56371,6.87772,2.63624,0.308279,12,4,20,0,3,2,3,5,0,0,9,0,3,9,0,4,16,0,1,3,0,6,25,0,3,20,0,3,38,0,4,21,0,4,51,0,15,49,0,6,58,0,8,103,0,12,142,0,13,95,0,6,117,0,24,224,0,24,313,0,53,500,0,18,651,0,48,602,0,10,710,0,27,676,0,47,1634,0,29,1547,0,75,1349,0,85,2271,0,70,3757,0,71,4062,0,152,2488,0,193,4983,0,148,9010,0,215,8183,0,115,16257,0,167,18968,0,292,18677,0,418,32820,0,247,30876,0,288,32060,0,772,18533,0,540,59643,0,549,44866,0,341,45762,0,713,55804,0,1340,61868,0,731,92454,0,1169,44947,0,1019,146140,0,593,201837,0,859,117600,0,1157,236878,0
-1.05176e+08,1,8.88811e-15,10,1023,0,1.05176e+08,0.528882,1.08665,0.389689,0.145397,0.379329,3.24381,0.161596,0.446195,1.77396,0.159177,1.15e+07,4.49998e+06,6.79999e+06,1.15e+07,4.49997e+06,6.79999e+06,1.15e+07,4.49996e+06,6.79999e+06,1.15e+07,4.49995e+06,6.79999e+06,1.14999e+07,4.49993e+06,6.79999e+06,1.14999e+07,4.49991e+06,6.79999e+06,1.14999e+07,4.49989e+06,6.79999e+06,1.14999e+07,4.49986e+06,6.79999e+06,1.14999e+07,4.49982e+06,6.79999e+06,1.14999e+07,4.49977e+06,6.79999e+06,1.14999e+07,4.49971e+06,6.79999e+06,1.14999e+07,4.49963e+06,6.79999e+06,1.14998e+07,4.49953e+06,6.79999e+06,1.14998e+07,4.49941e+06,6.79999e+06,1.14998e+07,4.49926e+06,6.79999e+06,1.14998e+07,4.49906e+06,6.79999e+06,1.14997e+07,4.49882e+06,6.79999e+06,1.14997e+07,4.49851e+06,6.79999e+06,1.14997e+07,4.49812e+06,6.79999e+06,1.14996e+07,4.49764e+06,6.79999e+06,1.14996e+07,4.49702e+06,6.79999e+06,1.14995e+07,4.49625e+06,6.79999e+06,1.14995e+07,4.49528e+06,6.79999e+06,1.14994e+07,4.49406e+06,6.79999e+06,1.14993e+07,4.49253e+06,6.79999e+06,1.14992e+07,4.49059e+06,6.79999e+06,1.14991e+07,4.48817e+06,6.79999e+06,1.1499e+07,4.48511e+06,6.79999e+06,1.14988e+07,4.48128e+06,6.79999e+06,1.14987e+07,4.47646e+06,6.79999e+06,1.14985e+07,4.47041e+06,6.79999e+06,1.14983e+07,4.46281e+06,6.79999e+06,1.14981e+07,4.4533e+06,6.79999e+06,1.14979e+07,4.44138e+06,6.79999e+06,1.14976e+07,4.42649e+06,6.79999e+06,1.14972e+07,4.40789e+06,6.79999e+06,1.14969e+07,4.38471e+06,6.79999e+06,1.14965e+07,4.35592e+06,6.79999e+06,1.1496e+07,4.32027e+06,6.79999e+06,1.14955e+07,4.27629e+06,6.79999e+06,1.14949e+07,4.22231e+06,6.79999e+06,1.14942e+07,4.15647e+06,6.79999e+06,1.14934e+07,4.07676e+06,6.79999e+06,1.14926e+07,3.98112e+06,6.79999e+06,1.14916e+07,3.86765e+06,6.79999e+06,1.14905e+07,3.73474e+06,6.79999e+06,1.14892e+07,3.58148e+06,6.79999e+06,1.14878e+07,3.40785e+06,6.79999e+06,1.14862e+07,3.21513e+06,6.79999e+06,1.14844e+07,3.00605e+06,6.79999e+06,1.14823e+07,2.7848e+06,6.79999e+06,1.148e+07,2.5568e+06,6.79999e+06,1.14773e+07,2.32825e+06,6.79999e+06,13.5742,8.52444,0.508366,16.8306,13.2585,0.162638,20.0035,17.569,0.0507846,23.2616,22.4214,0.0158319,26.7328,28.3297,0.00493498,30.5212,35.6974,0.00153831,34.7178,44.9473,0.000479527,39.4086,56.5822,0.000149456,44.6796,71.2245,4.66214e-05,50.6209,89.6543,1.45419e-05,57.3297,112.852,4.54748e-06,64.9129,142.051,1.43857e-06,73.4897,178.803,4.36618e-07,83.1934,225.062,1.40153e-07,94.1745,283.286,4.96378e-08,106.602,356.568,1.05434e-07,120.669,448.799,-6.49244e-08,136.59,564.873,1.70148e-07,154.611,710.948,-5.34594e-08,175.008,894.767,1.63407e-07,198.097,1126.06,8.04804e-08,224.231,1417.07,1.14667e-07,253.813,1783.15,-1.71227e-07,287.297,2243.62,-2.88466e-07,325.198,2822.67,-4.33651e-07,368.098,3550.67,7.9318e-08,416.657,4465.65,3.13319e-07,471.621,5615.16,3.4613e-07,533.835,7058.61,-1.19199e-07,604.255,8870.02,-2.79964e-07,683.962,11141.4,-2.30521e-07,774.182,13986.7,-2.55099e-07,876.299,17546.4,1.23585e-07,991.883,21993.1,1.41192e-07,1122.71,27536.7,-9.71886e-08,1270.78,34430.7,-3.68368e-07,1438.38,42977.7,-3.45379e-07,1628.07,53532.7,-3.25328e-09,1842.77,66504.6,2.6362e-07,2085.77,82350.2,2.53445e-07,2360.79,101560,-2.47407e-08,2672.05,124632,-3.80602e-07,3024.31,152018,-4.79005e-07,3422.98,184060,-1.14379e-07,3874.15,220884,2.64297e-07,4384.72,262283,3.44131e-07,4962.49,307576,7.5349e-08,5616.29,355497,-3.63097e-07,6356.1,404126,-6.05442e-07,7193.18,450932,-2.72333e-07,8140.28,492963,2.29675e-07,9211.79,527178,4.3387e-07,10424,550893,-1.0711e-07,10.102,8.06553,2.81012,10.6436,8.57909,0.869423,11.5336,10.2515,0.270869,12.7211,12.7138,0.0844293,14.1823,15.9373,0.0263173,15.9122,20.0383,0.0082035,17.9198,25.2154,0.00255722,20.2244,31.7373,0.000797017,22.8539,39.9486,0.000248622,25.8438,50.2851,7.75492e-05,29.237,63.2963,2.42508e-05,33.0837,79.6738,7.67162e-06,37.4415,100.288,2.32837e-06,42.3767,126.236,7.33e-07,47.9646,158.896,2.79256e-07,54.2906,200.003,9.87351e-09,61.452,251.741,1.61085e-07,69.5585,316.859,-2.47141e-07,78.7347,398.812,8.93552e-08,89.1218,501.948,-2.53231e-07,100.879,631.736,-1.25047e-07,114.188,795.049,-1.78808e-07,129.252,1000.53,2.6733e-07,146.304,1259.03,4.50292e-07,165.605,1584.19,6.76904e-07,187.452,1993.12,-1.23808e-07,212.181,2507.27,-4.89068e-07,240.173,3153.54,-5.40284e-07,271.856,3965.56,1.86061e-07,307.719,4985.38,4.37004e-07,348.313,6265.4,3.59828e-07,394.26,7870.83,3.98192e-07,446.268,9882.51,-1.92908e-07,505.135,12400.3,-2.20392e-07,571.766,15546.9,1.51705e-07,647.184,19472.2,5.74996e-07,732.547,24357.4,5.39112e-07,829.167,30420,5.07815e-09,938.526,37916.3,-4.11492e-07,1062.3,47143.9,-3.9561e-07,1202.4,58439.2,3.86185e-08,1360.96,72169.3,5.94093e-07,1540.42,88715.8,7.47693e-07,1743.53,108445,1.78537e-07,1973.41,131665,-4.12549e-07,2233.57,158557,-5.37164e-07,2528,189103,-1.17615e-07,2861.2,222986,5.66769e-07,3238.27,259510,9.45053e-07,3664.97,297540,4.25093e-07,4147.81,335497,-3.58506e-07,4694.17,371444,-6.7724e-07,5312.37,403256,1.67192e-07,1.61744,3.89446,9.84394,3.28846,7.5504,12.774,5.07607,11.7187,13.6844,7.03202,16.8147,13.9681,9.20215,23.1769,14.0566,11.6301,31.1672,14.0841,14.3598,41.2186,14.0927,17.4376,53.8688,14.0954,20.9137,69.7915,14.0962,24.8432,89.8341,14.0965,29.2879,115.063,14.0966,34.3168,146.819,14.0966,40.0078,186.792,14.0966,46.4487,237.107,14.0966,53.7388,300.44,14.0966,61.9903,380.158,14.0966,71.3301,480.499,14.0966,81.902,606.796,14.0966,93.8685,765.761,14.0966,107.414,965.837,14.0966,122.746,1217.65,14.0966,140.101,1534.57,14.0966,159.745,1933.41,14.0966,181.981,2435.3,14.0966,207.15,3066.85,14.0966,235.64,3861.46,14.0966,267.889,4861.11,14.0966,304.391,6118.54,14.0966,345.709,7699.91,14.0966,392.478,9688.22,14.0966,445.417,12187.5,14.0966,505.339,15327.7,14.0966,573.165,19271.6,14.0966,649.938,24222,14.0966,736.839,30430.9,14.0966,835.202,38211.5,14.0966,946.539,47950.3,14.0966,1072.56,60122.8,14.0966,1215.21,75309.9,14.0966,1376.66,94216.2,14.0966,1559.41,117688,14.0966,1766.26,146729,14.0966,2000.39,182510,14.0966,2265.39,226372,14.0966,2565.33,279806,14.0966,2904.81,344416,14.0966,3289.05,421845,14.0966,3723.93,513667,14.0966,4216.13,621231,14.0966,4773.18,745478,14.0966,5403.64,886744,14.0966,6117.15,1.04457e+06,14.0966,6924.63,1.2176e+06,14.0966,11.7194,11.96,12.6541,13.9321,16.1295,13.6434,16.6097,21.9702,13.9553,19.7532,29.5285,14.0526,23.3844,39.1143,14.0829,27.5423,51.2054,14.0923,32.2796,66.434,14.0953,37.662,85.6061,14.0962,43.7675,109.74,14.0965,50.687,140.119,14.0966,58.5249,178.359,14.0966,67.4005,226.493,14.0966,77.4493,287.08,14.0966,88.8254,363.343,14.0966,101.703,459.336,14.0966,116.281,580.161,14.0966,132.782,732.241,14.0966,151.46,923.655,14.0966,172.603,1164.57,14.0966,196.535,1467.79,14.0966,223.625,1849.39,14.0966,254.288,2329.62,14.0966,288.997,2933.93,14.0966,328.285,3694.33,14.0966,372.755,4651.04,14.0966,423.092,5854.57,14.0966,480.07,7368.38,14.0966,544.564,9272.08,14.0966,617.566,11665.5,14.0966,700.197,14673.6,14.0966,793.729,18452.9,14.0966,899.599,23198.6,14.0966,1019.43,29154.1,14.0966,1155.07,36622.3,14.0966,1308.6,45977.9,14.0966,1482.39,57683.7,14.0966,1679.09,72307.8,14.0966,1901.73,90542.8,14.0966,2153.73,113226,14.0966,2438.97,141360,14.0966,2761.81,176127,14.0966,3127.22,218898,14.0966,3540.81,271226,14.0966,4008.92,334817,14.0966,4538.74,411470,14.0966,5138.38,502973,14.0966,5817.04,610948,14.0966,6585.12,736653,14.0966,7454.39,880741,14.0966,8438.15,1.04302e+06,14.0966,9551.45,1.22224e+06,14.0966,10811.3,1.41602e+06,14.0966,12237,1.62086e+06,14.0966,11.7194,11.96,12.6541,2.21263,4.16949,0.989383,2.67766,5.84076,0.311842,3.14343,7.55825,0.0972771,3.63127,9.58578,0.0303237,4.15787,12.0912,0.00945211,4.73731,15.2286,0.00294633,5.38238,19.1721,0.000918508,6.10553,24.134,0.000286163,6.91951,30.3791,8.92692e-05,7.83792,38.2397,2.78121e-05,8.87555,48.1338,8.65134e-06,10.0489,60.5876,2.7882e-06,11.3761,76.2629,8.29036e-07,12.8779,95.9927,2.4373e-07,14.5775,120.825,4.33068e-09,16.5012,152.08,1.75749e-07,18.6784,191.415,-1.86328e-07,21.1428,240.917,1.91829e-07,23.9322,303.213,-1.81475e-07,27.0895,381.602,7.0186e-08,30.6634,480.231,-2.86769e-08,34.7087,604.316,2.40784e-07,39.2876,760.401,9.87368e-08,44.4705,956.705,1.22263e-07,50.3371,1203.54,-4.31966e-07,56.9776,1513.81,-1.9705e-07,64.494,1903.69,-2.763e-08,73.0018,2393.4,3.9185e-07,82.6317,3008.13,1.35379e-07,93.5318,3779.25,-4.16351e-08,105.869,4745.7,2.06965e-08,119.834,5955.6,-3.18887e-07,135.641,7468.12,-1.48271e-08,153.531,9355.62,2.00739e-07,173.781,11705.8,2.28358e-07,196.701,14624.1,-1.93587e-08,222.642,18235,-2.88101e-07,252.003,22683.4,-2.24732e-07,285.234,28134,8.56806e-09,322.845,34767,2.34258e-07,365.413,42770.9,2.99668e-07,413.588,52327.9,8.28644e-08,468.111,63591.2,-3.07049e-07,529.814,76653.2,-3.1888e-07,599.642,91502.5,-6.72276e-08,678.662,107975,2.26339e-07,768.083,125705,3.69212e-07,869.267,144088,2.04077e-07,983.76,162277,-2.80509e-07,1113.3,179223,-4.22737e-07,1259.87,193777,-1.71951e-07,1425.68,204839,4.55555e-07,11.7194,11.96,12.6541,2.21263,4.16949,0.989383,2.67766,5.84076,0.311842,3.14343,7.55825,0.0972771,3.63127,9.58578,0.0303237,4.15787,12.0912,0.00945211,4.73731,15.2286,0.00294633,5.38238,19.1721,0.000918508,6.10553,24.134,0.000286163,6.91951,30.3791,8.92692e-05,7.83792,38.2397,2.78121e-05,8.87555,48.1338,8.65134e-06,10.0489,60.5876,2.7882e-06,11.3761,76.2629,8.29036e-07,12.8779,95.9927,2.4373e-07,14.5775,120.825,1e-08,16.5012,152.08,1.75749e-07,18.6784,191.415,1e-08,21.1428,240.917,1.91829e-07,23.9322,303.213,1e-08,27.0895,381.602,7.0186e-08,30.6634,480.231,1e-08,34.7087,604.316,2.40784e-07,39.2876,760.401,9.87368e-08,44.4705,956.705,1.22263e-07,50.3371,1203.54,1e-08,56.9776,1513.81,1e-08,64.494,1903.69,1e-08,73.0018,2393.4,3.9185e-07,82.6317,3008.13,1.35379e-07,93.5318,3779.25,1e-08,105.869,4745.7,2.06965e-08,119.834,5955.6,1e-08,135.641,7468.12,1e-08,153.531,9355.62,2.00739e-07,173.781,11705.8,2.28358e-07,196.701,14624.1,1e-08,222.642,18235,1e-08,252.003,22683.4,1e-08,285.234,28134,1e-08,322.845,34767,2.34258e-07,365.413,42770.9,2.99668e-07,413.588,52327.9,8.28644e-08,468.111,63591.2,1e-08,529.814,76653.2,1e-08,599.642,91502.5,1e-08,678.662,107975,2.26339e-07,768.083,125705,3.69212e-07,869.267,144088,2.04077e-07,983.76,162277,1e-08,1113.3,179223,1e-08,1259.87,193777,1e-08,1425.68,204839,4.55555e-07,6.2823,3.27286,2.43537,0.219672,6.18826,2.24117,0.56371,6.87772,2.63624,0.308279,5,16,12,0,3,0,3,2,0,7,7,0,3,12,0,2,8,0,2,21,0,8,13,0,7,16,0,7,22,0,1,81,0,10,74,0,4,59,0,1,94,0,16,111,0,24,114,0,11,172,0,23,137,0,15,226,0,37,236,0,42,479,0,25,225,0,25,707,0,40,893,0,29,996,0,48,1271,0,51,2611,0,45,1750,0,86,1803,0,57,2164,0,54,2945,0,99,9021,0,106,4772,0,63,5697,0,169,6808,0,104,7766,0,111,20963,0,281,19948,0,152,18734,0,245,23843,0,379,20080,0,625,34157,0,490,40582,0,936,70111,0,250,31409,0,438,122938,0,617,92263,0,1035,64487,0,911,60905,0,1003,165225,0,1408,177797,0,923,120935,0,984,192167,0
-1.05176e+08,1,8.88811e-15,10,1023,0,1.05176e+08,0.528882,1.08665,0.389689,0.145397,0.379329,3.24381,0.161596,0.446195,1.77396,0.159177,1.15e+07,4.49998e+06,6.79999e+06,1.15e+07,4.49997e+06,6.79999e+06,1.15e+07,4.49996e+06,6.79999e+06,1.15e+07,4.49995e+06,6.79999e+06,1.14999e+07,4.49993e+06,6.79999e+06,1.14999e+07,4.49991e+06,6.79999e+06,1.14999e+07,4.49989e+06,6.79999e+06,1.14999e+07,4.49986e+06,6.79999e+06,1.14999e+07,4.49982e+06,6.79999e+06,1.14999e+07,4.49977e+06,6.79999e+06,1.14999e+07,4.49971e+06,6.79999e+06,1.14999e+07,4.49963e+06,6.79999e+06,1.14998e+07,4.49953e+06,6.79999e+06,1.14998e+07,4.49941e+06,6.79999e+06,1.14998e+07,4.49926e+06,6.79999e+06,1.14998e+07,4.49906e+06,6.79999e+06,1.14997e+07,4.49882e+06,6.79999e+06,1.14997e+07,4.49851e+06,6.79999e+06,1.14997e+07,4.49812e+06,6.79999e+06,1.14996e+07,4.49764e+06,6.79999e+06,1.14996e+07,4.49702e+06,6.79999e+06,1.14995e+07,4.49625e+06,6.79999e+06,1.14995e+07,4.49528e+06,6.79999e+06,1.14994e+07,4.49406e+06,6.79999e+06,1.14993e+07,4.49253e+06,6.79999e+06,1.14992e+07,4.49059e+06,6.79999e+06,1.14991e+07,4.48817e+06,6.79999e+06,1.1499e+07,4.48511e+06,6.79999e+06,1.14988e+07,4.48128e+06,6.79999e+06,1.14987e+07,4.47646e+06,6.79999e+06,1.14985e+07,4.47041e+06,6.79999e+06,1.14983e+07,4.46281e+06,6.79999e+06,1.14981e+07,4.4533e+06,6.79999e+06,1.14979e+07,4.44138e+06,6.79999e+06,1.14976e+07,4.42649e+06,6.79999e+06,1.14972e+07,4.40789e+06,6.79999e+06,1.14969e+07,4.38471e+06,6.79999e+06,1.14965e+07,4.35592e+06,6.79999e+06,1.1496e+07,4.32027e+06,6.79999e+06,1.14955e+07,4.27629e+06,6.79999e+06,1.14949e+07,4.22231e+06,6.79999e+06,1.14942e+07,4.15647e+06,6.79999e+06,1.14934e+07,4.07676e+06,6.79999e+06,1.14926e+07,3.98112e+06,6.79999e+06,1.14916e+07,3.86765e+06,6.79999e+06,1.14905e+07,3.73474e+06,6.79999e+06,1.14892e+07,3.58148e+06,6.79999e+06,1.14878e+07,3.40785e+06,6.79999e+06,1.14862e+07,3.21513e+06,6.79999e+06,1.14844e+07,3.00605e+06,6.79999e+06,1.14823e+07,2.7848e+06,6.79999e+06,1.148e+07,2.5568e+06,6.79999e+06,1.14773e+07,2.32825e+06,6.79999e+06,13.5742,8.52444,0.508366,16.8306,13.2585,0.162638,20.0035,17.569,0.0507846,23.2616,22.4214,0.0158319,26.7328,28.3297,0.00493498,30.5212,35.6974,0.00153831,34.7178,44.9473,0.000479527,39.4086,56.5822,0.000149456,44.6796,71.2245,4.66214e-05,50.6209,89.6543,1.45419e-05,57.3297,112.852,4.54748e-06,64.9129,142.051,1.43857e-06,73.4897,178.803,4.36618e-07,83.1934,225.062,1.40153e-07,94.1745,283.286,4.96378e-08,106.602,356.568,1.05434e-07,120.669,448.799,-6.49244e-08,136.59,564.873,1.70148e-07,154.611,710.948,-5.34594e-08,175.008,894.767,1.63407e-07,198.097,1126.06,8.04804e-08,224.231,1417.07,1.14667e-07,253.813,1783.15,-1.71227e-07,287.297,2243.62,-2.88466e-07,325.198,2822.67,-4.33651e-07,368.098,3550.67,7.9318e-08,416.657,4465.65,3.13319e-07,471.621,5615.16,3.4613e-07,533.835,7058.61,-1.19199e-07,604.255,8870.02,-2.79964e-07,683.962,11141.4,-2.30521e-07,774.182,13986.7,-2.55099e-07,876.299,17546.4,1.23585e-07,991.883,21993.1,1.41192e-07,1122.71,27536.7,-9.71886e-08,1270.78,34430.7,-3.68368e-07,1438.38,42977.7,-3.45379e-07,1628.07,53532.7,-3.25328e-09,1842.77,66504.6,2.6362e-07,2085.77,82350.2,2.53445e-07,2360.79,101560,-2.47407e-08,2672.05,124632,-3.80602e-07,3024.31,152018,-4.79005e-07,3422.98,184060,-1.14379e-07,3874.15,220884,2.64297e-07,4384.72,262283,3.44131e-07,4962.49,307576,7.5349e-08,5616.29,355497,-3.63097e-07,6356.1,404126,-6.05442e-07,7193.18,450932,-2.72333e-07,8140.28,492963,2.29675e-07,9211.79,527178,4.3387e-07,10424,550893,-1.0711e-07,10.102,8.06553,2.81012,10.6436,8.57909,0.869423,11.5336,10.2515,0.270869,12.7211,12.7138,0.0844293,14.1823,15.9373,0.0263173,15.9122,20.0383,0.0082035,17.9198,25.2154,0.00255722,20.2244,31.7373,0.000797017,22.8539,39.9486,0.000248622,25.8438,50.2851,7.75492e-05,29.237,63.2963,2.42508e-05,33.0837,79.6738,7.67162e-06,37.4415,100.288,2.32837e-06,42.3767,126.236,7.33e-07,47.9646,158.896,2.79256e-07,54.2906,200.003,9.87351e-09,61.452,251.741,1.61085e-07,69.5585,316.859,-2.47141e-07,78.7347,398.812,8.93552e-08,89.1218,501.948,-2.53231e-07,100.879,631.736,-1.25047e-07,114.188,795.049,-1.78808e-07,129.252,1000.53,2.6733e-07,146.304,1259.03,4.50292e-07,165.605,1584.19,6.76904e-07,187.452,1993.12,-1.23808e-07,212.181,2507.27,-4.89068e-07,240.173,3153.54,-5.40284e-07,271.856,3965.56,1.86061e-07,307.719,4985.38,4.37004e-07,348.313,6265.4,3.59828e-07,394.26,7870.83,3.98192e-07,446.268,9882.51,-1.92908e-07,505.135,12400.3,-2.20392e-07,571.766,15546.9,1.51705e-07,647.184,19472.2,5.74996e-07,732.547,24357.4,5.39112e-07,829.167,30420,5.07815e-09,938.526,37916.3,-4.11492e-07,1062.3,47143.9,-3.9561e-07,1202.4,58439.2,3.86185e-08,1360.96,72169.3,5.94093e-07,1540.42,88715.8,7.47693e-07,1743.53,108445,1.78537e-07,1973.41,131665,-4.12549e-07,2233.57,158557,-5.37164e-07,2528,189103,-1.17615e-07,2861.2,222986,5.66769e-07,3238.27,259510,9.45053e-07,3664.97,297540,4.25093e-07,4147.81,335497,-3.58506e-07,4694.17,371444,-6.7724e-07,5312.37,403256,1.67192e-07,1.61744,3.89446,9.84394,3.28846,7.5504,12.774,5.07607,11.7187,13.6844,7.03202,16.8147,13.9681,9.20215,23.1769,14.0566,11.6301,31.1672,14.0841,14.3598,41.2186,14.0927,17.4376,53.8688,14.0954,20.9137,69.7915,14.0962,24.8432,89.8341,14.0965,29.2879,115.063,14.0966,34.3168,146.819,14.0966,40.0078,186.792,14.0966,46.4487,237.107,14.0966,53.7388,300.44,14.0966,61.9903,380.158,14.0966,71.3301,480.499,14.0966,81.902,606.796,14.0966,93.8685,765.761,14.0966,107.414,965.837,14.0966,122.746,1217.65,14.0966,140.101,1534.57,14.0966,159.745,1933.41,14.0966,181.981,2435.3,14.0966,207.15,3066.85,14.0966,235.64,3861.46,14.0966,267.889,4861.11,14.0966,304.391,6118.54,14.0966,345.709,7699.91,14.0966,392.478,9688.22,14.0966,445.417,12187.5,14.0966,505.339,15327.7,14.0966,573.165,19271.6,14.0966,649.938,24222,14.0966,736.839,30430.9,14.0966,835.202,38211.5,14.0966,946.539,47950.3,14.0966,1072.56,60122.8,14.0966,1215.21,75309.9,14.0966,1376.66,94216.2,14.0966,1559.41,117688,14.0966,1766.26,146729,14.0966,2000.39,182510,14.0966,2265.39,226372,14.0966,2565.33,279806,14.0966,2904.81,344416,14.0966,3289.05,421845,14.0966,3723.93,513667,14.0966,4216.13,621231,14.0966,4773.18,745478,14.0966,5403.64,886744,14.0966,6117.15,1.04457e+06,14.0966,6924.63,1.2176e+06,14.0966,11.7194,11.96,12.6541,13.9321,16.1295,13.6434,16.6097,21.9702,13.9553,19.7532,29.5285,14.0526,23.3844,39.1143,14.0829,27.5423,51.2054,14.0923,32.2796,66.434,14.0953,37.662,85.6061,14.0962,43.7675,109.74,14.0965,50.687,140.119,14.0966,58.5249,178.359,14.0966,67.4005,226.493,14.0966,77.4493,287.08,14.0966,88.8254,363.343,14.0966,101.703,459.336,14.0966,116.281,580.161,14.0966,132.782,732.241,14.0966,151.46,923.655,14.0966,172.603,1164.57,14.0966,196.535,1467.79,14.0966,223.625,1849.39,14.0966,254.288,2329.62,14.0966,288.997,2933.93,14.0966,328.285,3694.33,14.0966,372.755,4651.04,14.0966,423.092,5854.57,14.0966,480.07,7368.38,14.0966,544.564,9272.08,14.0966,617.566,11665.5,14.0966,700.197,14673.6,14.0966,793.729,18452.9,14.0966,899.599,23198.6,14.0966,1019.43,29154.1,14.0966,1155.07,36622.3,14.0966,1308.6,45977.9,14.0966,1482.39,57683.7,14.0966,1679.09,72307.8,14.0966,1901.73,90542.8,14.0966,2153.73,113226,14.0966,2438.97,141360,14.0966,2761.81,176127,14.0966,3127.22,218898,14.0966,3540.81,271226,14.0966,4008.92,334817,14.0966,4538.74,411470,14.0966,5138.38,502973,14.0966,5817.04,610948,14.0966,6585.12,736653,14.0966,7454.39,880741,14.0966,8438.15,1.04302e+06,14.0966,9551.45,1.22224e+06,14.0966,10811.3,1.41602e+06,14.0966,12237,1.62086e+06,14.0966,11.7194,11.96,12.6541,2.21263,4.16949,0.989383,2.67766,5.84076,0.311842,3.14343,7.55825,0.0972771,3.63127,9.58578,0.0303237,4.15787,12.0912,0.00945211,4.73731,15.2286,0.00294633,5.38238,19.1721,0.000918508,6.10553,24.134,0.000286163,6.91951,30.3791,8.92692e-05,7.83792,38.2397,2.78121e-05,8.87555,48.1338,8.65134e-06,10.0489,60.5876,2.7882e-06,11.3761,76.2629,8.29036e-07,12.8779,95.9927,2.4373e-07,14.5775,120.825,4.33068e-09,16.5012,152.08,1.75749e-07,18.6784,191.415,-1.86328e-07,21.1428,240.917,1.91829e-07,23.9322,303.213,-1.81475e-07,27.0895,381.602,7.0186e-08,30.6634,480.231,-2.86769e-08,34.7087,604.316,2.40784e-07,39.2876,760.401,9.87368e-08,44.4705,956.705,1.22263e-07,50.3371,1203.54,-4.31966e-07,56.9776,1513.81,-1.9705e-07,64.494,1903.69,-2.763e-08,73.0018,2393.4,3.9185e-07,82.6317,3008.13,1.35379e-07,93.5318,3779.25,-4.16351e-08,105.869,4745.7,2.06965e-08,119.834,5955.6,-3.18887e-07,135.641,7468.12,-1.48271e-08,153.531,9355.62,2.00739e-07,173.781,11705.8,2.28358e-07,196.701,14624.1,-1.93587e-08,222.642,18235,-2.88101e-07,252.003,22683.4,-2.24732e-07,285.234,28134,8.56806e-09,322.845,34767,2.34258e-07,365.413,42770.9,2.99668e-07,413.588,52327.9,8.28644e-08,468.111,63591.2,-3.07049e-07,529.814,76653.2,-3.1888e-07,599.642,91502.5,-6.72276e-08,678.662,107975,2.26339e-07,768.083,125705,3.69212e-07,869.267,144088,2.04077e-07,983.76,162277,-2.80509e-07,1113.3,179223,-4.22737e-07,1259.87,193777,-1.71951e-07,1425.68,204839,4.55555e-07,11.7194,11.96,12.6541,2.21263,4.16949,0.989383,2.67766,5.84076,0.311842,3.14343,7.55825,0.0972771,3.63127,9.58578,0.0303237,4.15787,12.0912,0.00945211,4.73731,15.2286,0.00294633,5.38238,19.1721,0.000918508,6.10553,24.134,0.000286163,6.91951,30.3791,8.92692e-05,7.83792,38.2397,2.78121e-05,8.87555,48.1338,8.65134e-06,10.0489,60.5876,2.7882e-06,11.3761,76.2629,8.29036e-07,12.8779,95.9927,2.4373e-07,14.5775,120.825,1e-08,16.5012,152.08,1.75749e-07,18.6784,191.415,1e-08,21.1428,240.917,1.91829e-07,23.9322,303.213,1e-08,27.0895,381.602,7.0186e-08,30.6634,480.231,1e-08,34.7087,604.316,2.40784e-07,39.2876,760.401,9.87368e-08,44.4705,956.705,1.22263e-07,50.3371,1203.54,1e-08,56.9776,1513.81,1e-08,64.494,1903.69,1e-08,73.0018,2393.4,3.9185e-07,82.6317,3008.13,1.35379e-07,93.5318,3779.25,1e-08,105.869,4745.7,2.06965e-08,119.834,5955.6,1e-08,135.641,7468.12,1e-08,153.531,9355.62,2.00739e-07,173.781,11705.8,2.28358e-07,196.701,14624.1,1e-08,222.642,18235,1e-08,252.003,22683.4,1e-08,285.234,28134,1e-08,322.845,34767,2.34258e-07,365.413,42770.9,2.99668e-07,413.588,52327.9,8.28644e-08,468.111,63591.2,1e-08,529.814,76653.2,1e-08,599.642,91502.5,1e-08,678.662,107975,2.26339e-07,768.083,125705,3.69212e-07,869.267,144088,2.04077e-07,983.76,162277,1e-08,1113.3,179223,1e-08,1259.87,193777,1e-08,1425.68,204839,4.55555e-07,6.2823,3.27286,2.43537,0.219672,6.18826,2.24117,0.56371,6.87772,2.63624,0.308279,8,18,13,1,10,1,4,6,1,2,8,0,7,6,0,2,20,0,6,15,0,4,19,0,7,23,0,2,36,0,4,32,0,4,15,0,9,92,0,17,106,0,23,81,0,4,51,0,14,43,0,20,202,0,11,356,0,33,242,0,19,678,0,22,698,0,28,448,0,49,831,0,17,750,0,43,294,0,45,1402,0,30,1073,0,68,1446,0,90,4143,0,152,3475,0,117,4023,0,113,3900,0,69,6076,0,159,8513,0,152,15636,0,114,12771,0,76,16188,0,142,15822,0,376,22521,0,318,39604,0,200,50665,0,351,43902,0,435,18231,0,328,93440,0,400,85255,0,437,111117,0,401,240946,0,858,137986,0,1313,147759,0,901,169293,0,1109,88830,0,660,174380,0
-1.05176e+08,1,8.88811e-15,10,1023,0,1.05176e+08,0.528882,1.08665,0.389689,0.145397,0.379329,3.24381,0.161596,0.446195,1.77396,0.159177,1.15e+07,4.49998e+06,6.79999e+06,1.15e+07,4.49997e+06,6.79999e+06,1.15e+07,4.49996e+06,6.79999e+06,1.15e+07,4.49995e+06,6.79999e+06,1.14999e+07,4.49993e+06,6.79999e+06,1.14999e+07,4.49991e+06,6.79999e+06,1.14999e+07,4.49989e+06,6.79999e+06,1.14999e+07,4.49986e+06,6.79999e+06,1.14999e+07,4.49982e+06,6.79999e+06,1.14999e+07,4.49977e+06,6.79999e+06,1.14999e+07,4.49971e+06,6.79999e+06,1.14999e+07,4.49963e+06,6.79999e+06,1.14998e+07,4.49953e+06,6.79999e+06,1.14998e+07,4.49941e+06,6.79999e+06,1.14998e+07,4.49926e+06,6.79999e+06,1.14998e+07,4.49906e+06,6.79999e+06,1.14997e+07,4.49882e+06,6.79999e+06,1.14997e+07,4.49851e+06,6.79999e+06,1.14997e+07,4.49812e+06,6.79999e+06,1.14996e+07,4.49764e+06,6.79999e+06,1.14996e+07,4.49702e+06,6.79999e+06,1.14995e+07,4.49625e+06,6.79999e+06,1.14995e+07,4.49528e+06,6.79999e+06,1.14994e+07,4.49406e+06,6.79999e+06,1.14993e+07,4.49253e+06,6.79999e+06,1.14992e+07,4.49059e+06,6.79999e+06,1.14991e+07,4.48817e+06,6.79999e+06,1.1499e+07,4.48511e+06,6.79999e+06,1.14988e+07,4.48128e+06,6.79999e+06,1.14987e+07,4.47646e+06,6.79999e+06,1.14985e+07,4.47041e+06,6.79999e+06,1.14983e+07,4.46281e+06,6.79999e+06,1.14981e+07,4.4533e+06,6.79999e+06,1.14979e+07,4.44138e+06,6.79999e+06,1.14976e+07,4.42649e+06,6.79999e+06,1.14972e+07,4.40789e+06,6.79999e+06,1.14969e+07,4.38471e+06,6.79999e+06,1.14965e+07,4.35592e+06,6.79999e+06,1.1496e+07,4.32027e+06,6.79999e+06,1.14955e+07,4.27629e+06,6.79999e+06,1.14949e+07,4.22231e+06,6.79999e+06,1.14942e+07,4.15647e+06,6.79999e+06,1.14934e+07,4.07676e+06,6.79999e+06,1.14926e+07,3.98112e+06,6.79999e+06,1.14916e+07,3.86765e+06,6.79999e+06,1.14905e+07,3.73474e+06,6.79999e+06,1.14892e+07,3.58148e+06,6.79999e+06,1.14878e+07,3.40785e+06,6.79999e+06,1.14862e+07,3.21513e+06,6.79999e+06,1.14844e+07,3.00605e+06,6.79999e+06,1.14823e+07,2.7848e+06,6.79999e+06,1.148e+07,2.5568e+06,6.79999e+06,1.14773e+07,2.32825e+06,6.79999e+06,13.5742,8.52444,0.508366,16.8306,13.2585,0.162638,20.0035,17.569,0.0507846,23.2616,22.4214,0.0158319,26.7328,28.3297,0.00493498,30.5212,35.6974,0.00153831,34.7178,44.9473,0.000479527,39.4086,56.5822,0.000149456,44.6796,71.2245,4.66214e-05,50.6209,89.6543,1.45419e-05,57.3297,112.852,4.54748e-06,64.9129,142.051,1.43857e-06,73.4897,178.803,4.36618e-07,83.1934,225.062,1.40153e-07,94.1745,283.286,4.96378e-08,106.602,356.568,1.05434e-07,120.669,448.799,-6.49244e-08,136.59,564.873,1.70148e-07,154.611,710.948,-5.34594e-08,175.008,894.767,1.63407e-07,198.097,1126.06,8.04804e-08,224.231,1417.07,1.14667e-07,253.813,1783.15,-1.71227e-07,287.297,2243.62,-2.88466e-07,325.198,2822.67,-4.33651e-07,368.098,3550.67,7.9318e-08,416.657,4465.65,3.13319e-07,471.621,5615.16,3.4613e-07,533.835,7058.61,-1.19199e-07,604.255,8870.02,-2.79964e-07,683.962,11141.4,-2.30521e-07,774.182,13986.7,-2.55099e-07,876.299,17546.4,1.23585e-07,991.883,21993.1,1.41192e-07,1122.71,27536.7,-9.71886e-08,1270.78,34430.7,-3.68368e-07,1438.38,42977.7,-3.45379e-07,1628.07,53532.7,-3.25328e-09,1842.77,66504.6,2.6362e-07,2085.77,82350.2,2.53445e-07,2360.79,101560,-2.47407e-08,2672.05,124632,-3.80602e-07,3024.31,152018,-4.79005e-07,3422.98,184060,-1.14379e-07,3874.15,220884,2.64297e-07,4384.72,262283,3.44131e-07,4962.49,307576,7.5349e-08,5616.29,355497,-3.63097e-07,6356.1,404126,-6.05442e-07,7193.18,450932,-2.72333e-07,8140.28,492963,2.29675e-07,9211.79,527178,4.3387e-07,10424,550893,-1.0711e-07,10.102,8.06553,2.81012,10.6436,8.57909,0.869423,11.5336,10.2515,0.270869,12.7211,12.7138,0.0844293,14.1823,15.9373,0.0263173,15.9122,20.0383,0.0082035,17.9198,25.2154,0.00255722,20.2244,31.7373,0.000797017,22.8539,39.9486,0.000248622,25.8438,50.2851,7.75492e-05,29.237,63.2963,2.42508e-05,33.0837,79.6738,7.67162e-06,37.4415,100.288,2.32837e-06,42.3767,126.236,7.33e-07,47.9646,158.896,2.79256e-07,54.2906,200.003,9.87351e-09,61.452,251.741,1.61085e-07,69.5585,316.859,-2.47141e-07,78.7347,398.812,8.93552e-08,89.1218,501.948,-2.53231e-07,100.879,631.736,-1.25047e-07,114.188,795.049,-1.78808e-07,129.252,1000.53,2.6733e-07,146.304,1259.03,4.50292e-07,165.605,1584.19,6.76904e-07,187.452,1993.12,-1.23808e-07,212.181,2507.27,-4.89068e-07,240.173,3153.54,-5.40284e-07,271.856,3965.56,1.86061e-07,307.719,4985.38,4.37004e-07,348.313,6265.4,3.59828e-07,394.26,7870.83,3.98192e-07,446.268,9882.51,-1.92908e-07,505.135,12400.3,-2.20392e-07,571.766,15546.9,1.51705e-07,647.184,19472.2,5.74996e-07,732.547,24357.4,5.39112e-07,829.167,30420,5.07815e-09,938.526,37916.3,-4.11492e-07,1062.3,47143.9,-3.9561e-07,1202.4,58439.2,3.86185e-08,1360.96,72169.3,5.94093e-07,1540.42,88715.8,7.47693e-07,1743.53,108445,1.78537e-07,1973.41,131665,-4.12549e-07,2233.57,158557,-5.37164e-07,2528,189103,-1.17615e-07,2861.2,222986,5.66769e-07,3238.27,259510,9.45053e-07,3664.97,297540,4.25093e-07,4147.81,335497,-3.58506e-07,4694.17,371444,-6.7724e-07,5312.37,403256,1.67192e-07,1.61744,3.89446,9.84394,3.28846,7.5504,12.774,5.07607,11.7187,13.6844,7.03202,16.8147,13.9681,9.20215,23.1769,14.0566,11.6301,31.1672,14.0841,14.3598,41.2186,14.0927,17.4376,53.8688,14.0954,20.9137,69.7915,14.0962,24.8432,89.8341,14.0965,29.2879,115.063,14.0966,34.3168,146.819,14.0966,40.0078,186.792,14.0966,46.4487,237.107,14.0966,53.7388,300.44,14.0966,61.9903,380.158,14.0966,71.3301,480.499,14.0966,81.902,606.796,14.0966,93.8685,765.761,14.0966,107.414,965.837,14.0966,122.746,1217.65,14.0966,140.101,1534.57,14.0966,159.745,1933.41,14.0966,181.981,2435.3,14.0966,207.15,3066.85,14.0966,235.64,3861.46,14.0966,267.889,4861.11,14.0966,304.391,6118.54,14.0966,345.709,7699.91,14.0966,392.478,9688.22,14.0966,445.417,12187.5,14.0966,505.339,15327.7,14.0966,573.165,19271.6,14.0966,649.938,24222,14.0966,736.839,30430.9,14.0966,835.202,38211.5,14.0966,946.539,47950.3,14.0966,1072.56,60122.8,14.0966,1215.21,75309.9,14.0966,1376.66,94216.2,14.0966,1559.41,117688,14.0966,1766.26,146729,14.0966,2000.39,182510,14.0966,2265.39,226372,14.0966,2565.33,279806,14.0966,2904.81,344416,14.0966,3289.05,421845,14.0966,3723.93,513667,14.0966,4216.13,621231,14.0966,4773.18,745478,14.0966,5403.64,886744,14.0966,6117.15,1.04457e+06,14.0966,6924.63,1.2176e+06,14.0966,11.7194,11.96,12.6541,13.9321,16.1295,13.6434,16.6097,21.9702,13.9553,19.7532,29.5285,14.0526,23.3844,39.1143,14.0829,27.5423,51.2054,14.0923,32.2796,66.434,14.0953,37.662,85.6061,14.0962,43.7675,109.74,14.0965,50.687,140.119,14.0966,58.5249,178.359,14.0966,67.4005,226.493,14.0966,77.4493,287.08,14.0966,88.8254,363.343,14.0966,101.703,459.336,14.0966,116.281,580.161,14.0966,132.782,732.241,14.0966,151.46,923.655,14.0966,172.603,1164.57,14.0966,196.535,1467.79,14.0966,223.625,1849.39,14.0966,254.288,2329.62,14.0966,288.997,2933.93,14.0966,328.285,3694.33,14.0966,372.755,4651.04,14.0966,423.092,5854.57,14.0966,480.07,7368.38,14.0966,544.564,9272.08,14.0966,617.566,11665.5,14.0966,700.197,14673.6,14.0966,793.729,18452.9,14.0966,899.599,23198.6,14.0966,1019.43,29154.1,14.0966,1155.07,36622.3,14.0966,1308.6,45977.9,14.0966,1482.39,57683.7,14.0966,1679.09,72307.8,14.0966,1901.73,90542.8,14.0966,2153.73,113226,14.0966,2438.97,141360,14.0966,2761.81,176127,14.0966,3127.22,218898,14.0966,3540.81,271226,14.0966,4008.92,334817,14.0966,4538.74,411470,14.0966,5138.38,502973,14.0966,5817.04,610948,14.0966,6585.12,736653,14.0966,7454.39,880741,14.0966,8438.15,1.04302e+06,14.0966,9551.45,1.22224e+06,14.0966,10811.3,1.41602e+06,14.0966,12237,1.62086e+06,14.0966,11.7194,11.96,12.6541,2.21263,4.16949,0.989383,2.67766,5.84076,0.311842,3.14343,7.55825,0.0972771,3.63127,9.58578,0.0303237,4.15787,12.0912,0.00945211,4.73731,15.2286,0.00294633,5.38238,19.1721,0.000918508,6.10553,24.134,0.000286163,6.91951,30.3791,8.92692e-05,7.83792,38.2397,2.78121e-05,8.87555,48.1338,8.65134e-06,10.0489,60.5876,2.7882e-06,11.3761,76.2629,8.29036e-07,12.8779,95.9927,2.4373e-07,14.5775,120.825,4.33068e-09,16.5012,152.08,1.75749e-07,18.6784,191.415,-1.86328e-07,21.1428,240.917,1.91829e-07,23.9322,303.213,-1.81475e-07,27.0895,381.602,7.0186e-08,30.6634,480.231,-2.86769e-08,34.7087,604.316,2.40784e-07,39.2876,760.401,9.87368e-08,44.4705,956.705,1.22263e-07,50.3371,1203.54,-4.31966e-07,56.9776,1513.81,-1.9705e-07,64.494,1903.69,-2.763e-08,73.0018,2393.4,3.9185e-07,82.6317,3008.13,1.35379e-07,93.5318,3779.25,-4.16351e-08,105.869,4745.7,2.06965e-08,119.834,5955.6,-3.18887e-07,135.641,7468.12,-1.48271e-08,153.531,9355.62,2.00739e-07,173.781,11705.8,2.28358e-07,196.701,14624.1,-1.93587e-08,222.642,18235,-2.88101e-07,252.003,22683.4,-2.24732e-07,285.234,28134,8.56806e-09,322.845,34767,2.34258e-07,365.413,42770.9,2.99668e-07,413.588,52327.9,8.28644e-08,468.111,63591.2,-3.07049e-07,529.814,76653.2,-3.1888e-07,599.642,91502.5,-6.72276e-08,678.662,107975,2.26339e-07,768.083,125705,3.69212e-07,869.267,144088,2.04077e-07,983.76,162277,-2.80509e-07,1113.3,179223,-4.22737e-07,1259.87,193777,-1.71951e-07,1425.68,204839,4.55555e-07,11.7194,11.96,12.6541,2.21263,4.16949,0.989383,2.67766,5.84076,0.311842,3.14343,7.55825,0.0972771,3.63127,9.58578,0.0303237,4.15787,12.0912,0.00945211,4.73731,15.2286,0.00294633,5.38238,19.1721,0.000918508,6.10553,24.134,0.000286163,6.91951,30.3791,8.92692e-05,7.83792,38.2397,2.78121e-05,8.87555,48.1338,8.65134e-06,10.0489,60.5876,2.7882e-06,11.3761,76.2629,8.29036e-07,12.8779,95.9927,2.4373e-07,14.5775,120.825,1e-08,16.5012,152.08,1.75749e-07,18.6784,191.415,1e-08,21.1428,240.917,1.91829e-07,23.9322,303.213,1e-08,27.0895,381.602,7.0186e-08,30.6634,480.231,1e-08,34.7087,604.316,2.40784e-07,39.2876,760.401,9.87368e-08,44.4705,956.705,1.22263e-07,50.3371,1203.54,1e-08,56.9776,1513.81,1e-08,64.494,1903.69,1e-08,73.0018,2393.4,3.9185e-07,82.6317,3008.13,1.35379e-07,93.5318,3779.25,1e-08,105.869,4745.7,2.06965e-08,119.834,5955.6,1e-08,135.641,7468.12,1e-08,153.531,9355.62,2.00739e-07,173.781,11705.8,2.28358e-07,196.701,14624.1,1e-08,222.642,18235,1e-08,252.003,22683.4,1e-08,285.234,28134,1e-08,322.845,34767,2.34258e-07,365.413,42770.9,2.99668e-07,413.588,52327.9,8.28644e-08,468.111,63591.2,1e-08,529.814,76653.2,1e-08,599.642,91502.5,1e-08,678.662,107975,2.26339e-07,768.083,125705,3.69212e-07,869.267,144088,2.04077e-07,983.76,162277,1e-08,1113.3,179223,1e-08,1259.87,193777,1e-08,1425.68,204839,4.55555e-07,6.2823,3.27286,2.43537,0.219672,6.18826,2.24117,0.56371,6.87772,2.63624,0.308279,14,12,15,3,2,1,0,9,0,5,2,0,4,14,0,11,13,0,3,12,0,4,28,0,5,34,0,0,15,0,8,60,0,14,23,0,3,29,0,16,41,0,14,57,0,17,109,0,26,139,0,11,91,0,29,256,0,21,424,0,14,459,0,20,388,0,34,593,0,33,827,0,59,1342,0,69,1177,0,42,1639,0,149,2129,0,71,1740,0,94,5511,0,64,5507,0,81,4928,0,152,2968,0,152,8401,0,119,6831,0,238,13589,0,182,25403,0,132,20652,0,214,42971,0,407,20089,0,549,38728,0,416,20671,0,281,62372,0,222,32601,0,598,34101,0,564,90630,0,1203,108846,0,481,99318,0,1164,198759,0,912,117223,0,691,113256,0,236,79334,0,1679,343272,0
-1.05176e+08,1,8.88811e-15,10,1023,0,1.05176e+08,0.528882,1.08665,0.389689,0.145397,0.379329,3.24381,0.161596,0.446195,1.77396,0.159177,1.15e+07,4.49998e+06,6.79999e+06,1.15e+07,4.49997e+06,6.79999e+06,1.15e+07,4.49996e+06,6.79999e+06,1.15e+07,4.49995e+06,6.79999e+06,1.14999e+07,4.49993e+06,6.79999e+06,1.14999e+07,4.49991e+06,6.79999e+06,1.14999e+07,4.49989e+06,6.79999e+06,1.14999e+07,4.49986e+06,6.79999e+06,1.14999e+07,4.49982e+06,6.79999e+06,1.14999e+07,4.49977e+06,6.79999e+06,1.14999e+07,4.49971e+06,6.79999e+06,1.14999e+07,4.49963e+06,6.79999e+06,1.14998e+07,4.49953e+06,6.79999e+06,1.14998e+07,4.49941e+06,6.79999e+06,1.14998e+07,4.49926e+06,6.79999e+06,1.14998e+07,4.49906e+06,6.79999e+06,1.14997e+07,4.49882e+06,6.79999e+06,1.14997e+07,4.49851e+06,6.79999e+06,1.14997e+07,4.49812e+06,6.79999e+06,1.14996e+07,4.49764e+06,6.79999e+06,1.14996e+07,4.49702e+06,6.79999e+06,1.14995e+07,4.49625e+06,6.79999e+06,1.14995e+07,4.49528e+06,6.79999e+06,1.14994e+07,4.49406e+06,6.79999e+06,1.14993e+07,4.49253e+06,6.79999e+06,1.14992e+07,4.49059e+06,6.79999e+06,1.14991e+07,4.48817e+06,6.79999e+06,1.1499e+07,4.48511e+06,6.79999e+06,1.14988e+07,4.48128e+06,6.79999e+06,1.14987e+07,4.47646e+06,6.79999e+06,1.14985e+07,4.47041e+06,6.79999e+06,1.14983e+07,4.46281e+06,6.79999e+06,1.14981e+07,4.4533e+06,6.79999e+06,1.14979e+07,4.44138e+06,6.79999e+06,1.14976e+07,4.42649e+06,6.79999e+06,1.14972e+07,4.40789e+06,6.79999e+06,1.14969e+07,4.38471e+06,6.79999e+06,1.14965e+07,4.35592e+06,6.79999e+06,1.1496e+07,4.32027e+06,6.79999e+06,1.14955e+07,4.27629e+06,6.79999e+06,1.14949e+07,4.22231e+06,6.79999e+06,1.14942e+07,4.15647e+06,6.79999e+06,1.14934e+07,4.07676e+06,6.79999e+06,1.14926e+07,3.98112e+06,6.79999e+06,1.14916e+07,3.86765e+06,6.79999e+06,1.14905e+07,3.73474e+06,6.79999e+06,1.14892e+07,3.58148e+06,6.79999e+06,1.14878e+07,3.40785e+06,6.79999e+06,1.14862e+07,3.21513e+06,6.79999e+06,1.14844e+07,3.00605e+06,6.79999e+06,1.14823e+07,2.7848e+06,6.79999e+06,1.148e+07,2.5568e+06,6.79999e+06,1.14773e+07,2.32825e+06,6.79999e+06,13.5742,8.52444,0.508366,16.8306,13.2585,0.162638,20.0035,17.569,0.0507846,23.2616,22.4214,0.0158319,26.7328,28.3297,0.00493498,30.5212,35.6974,0.00153831,34.7178,44.9473,0.000479527,39.4086,56.5822,0.000149456,44.6796,71.2245,4.66214e-05,50.6209,89.6543,1.45419e-05,57.3297,112.852,4.54748e-06,64.9129,142.051,1.43857e-06,73.4897,178.803,4.36618e-07,83.1934,225.062,1.40153e-07,94.1745,283.286,4.96378e-08,106.602,356.568,1.05434e-07,120.669,448.799,-6.49244e-08,136.59,564.873,1.70148e-07,154.611,710.948,-5.34594e-08,175.008,894.767,1.63407e-07,198.097,1126.06,8.04804e-08,224.231,1417.07,1.14667e-07,253.813,1783.15,-1.71227e-07,287.297,2243.62,-2.88466e-07,325.198,2822.67,-4.33651e-07,368.098,3550.67,7.9318e-08,416.657,4465.65,3.13319e-07,471.621,5615.16,3.4613e-07,533.835,7058.61,-1.19199e-07,604.255,8870.02,-2.79964e-07,683.962,11141.4,-2.30521e-07,774.182,13986.7,-2.55099e-07,876.299,17546.4,1.23585e-07,991.883,21993.1,1.41192e-07,1122.71,27536.7,-9.71886e-08,1270.78,34430.7,-3.68368e-07,1438.38,42977.7,-3.45379e-07,1628.07,53532.7,-3.25328e-09,1842.77,66504.6,2.6362e-07,2085.77,82350.2,2.53445e-07,2360.79,101560,-2.47407e-08,2672.05,124632,-3.80602e-07,3024.31,152018,-4.79005e-07,3422.98,184060,-1.14379e-07,3874.15,220884,2.64297e-07,4384.72,262283,3.44131e-07,4962.49,307576,7.5349e-08,5616.29,355497,-3.63097e-07,6356.1,404126,-6.05442e-07,7193.18,450932,-2.72333e-07,8140.28,492963,2.29675e-07,9211.79,527178,4.3387e-07,10424,550893,-1.0711e-07,10.102,8.06553,2.81012,10.6436,8.57909,0.869423,11.5336,10.2515,0.270869,12.7211,12.7138,0.0844293,14.1823,15.9373,0.0263173,15.9122,20.0383,0.0082035,17.9198,25.2154,0.00255722,20.2244,31.7373,0.000797017,22.8539,39.9486,0.000248622,25.8438,50.2851,7.75492e-05,29.237,63.2963,2.42508e-05,33.0837,79.6738,7.67162e-06,37.4415,100.288,2.32837e-06,42.3767,126.236,7.33e-07,47.9646,158.896,2.79256e-07,54.2906,200.003,9.87351e-09,61.452,251.741,1.61085e-07,69.5585,316.859,-2.47141e-07,78.7347,398.812,8.93552e-08,89.1218,501.948,-2.53231e-07,100.879,631.736,-1.25047e-07,114.188,795.049,-1.78808e-07,129.252,1000.53,2.6733e-07,146.304,1259.03,4.50292e-07,165.605,1584.19,6.76904e-07,187.452,1993.12,-1.23808e-07,212.181,2507.27,-4.89068e-07,240.173,3153.54,-5.40284e-07,271.856,3965.56,1.86061e-07,307.719,4985.38,4.37004e-07,348.313,6265.4,3.59828e-07,394.26,7870.83,3.98192e-07,446.268,9882.51,-1.92908e-07,505.135,12400.3,-2.20392e-07,571.766,15546.9,1.51705e-07,647.184,19472.2,5.74996e-07,732.547,24357.4,5.39112e-07,829.167,30420,5.07815e-09,938.526,37916.3,-4.11492e-07,1062.3,47143.9,-3.9561e-07,1202.4,58439.2,3.86185e-08,1360.96,72169.3,5.94093e-07,1540.42,88715.8,7.47693e-07,1743.53,108445,1.78537e-07,1973.41,131665,-4.12549e-07,2233.57,158557,-5.37164e-07,2528,189103,-1.17615e-07,2861.2,222986,5.66769e-07,3238.27,259510,9.45053e-07,3664.97,297540,4.25093e-07,4147.81,335497,-3.58506e-07,4694.17,371444,-6.7724e-07,5312.37,403256,1.67192e-07,1.61744,3.89446,9.84394,3.28846,7.5504,12.774,5.07607,11.7187,13.6844,7.03202,16.8147,13.9681,9.20215,23.1769,14.0566,11.6301,31.1672,14.0841,14.3598,41.2186,14.0927,17.4376,53.8688,14.0954,20.9137,69.7915,14.0962,24.8432,89.8341,14.0965,29.2879,115.063,14.0966,34.3168,146.819,14.0966,40.0078,186.792,14.0966,46.4487,237.107,14.0966,53.7388,300.44,14.0966,61.9903,380.158,14.0966,71.3301,480.499,14.0966,81.902,606.796,14.0966,93.8685,765.761,14.0966,107.414,965.837,14.0966,122.746,1217.65,14.0966,140.101,1534.57,14.0966,159.745,1933.41,14.0966,181.981,2435.3,14.0966,207.15,3066.85,14.0966,235.64,3861.46,14.0966,267.889,4861.11,14.0966,304.391,6118.54,14.0966,345.709,7699.91,14.0966,392.478,9688.22,14.0966,445.417,12187.5,14.0966,505.339,15327.7,14.0966,573.165,19271.6,14.0966,649.938,24222,14.0966,736.839,30430.9,14.0966,835.202,38211.5,14.0966,946.539,47950.3,14.0966,1072.56,60122.8,14.0966,1215.21,75309.9,14.0966,1376.66,94216.2,14.0966,1559.41,117688,14.0966,1766.26,146729,14.0966,2000.39,182510,14.0966,2265.39,226372,14.0966,2565.33,279806,14.0966,2904.81,344416,14.0966,3289.05,421845,14.0966,3723.93,513667,14.0966,4216.13,621231,14.0966,4773.18,745478,14.0966,5403.64,886744,14.0966,6117.15,1.04457e+06,14.0966,6924.63,1.2176e+06,14.0966,11.7194,11.96,12.6541,13.9321,16.1295,13.6434,16.6097,21.9702,13.9553,19.7532,29.5285,14.0526,23.3844,39.1143,14.0829,27.5423,51.2054,14.0923,32.2796,66.434,14.0953,37.662,85.6061,14.0962,43.7675,109.74,14.0965,50.687,140.119,14.0966,58.5249,178.359,14.0966,67.4005,226.493,14.0966,77.4493,287.08,14.0966,88.8254,363.343,14.0966,101.703,459.336,14.0966,116.281,580.161,14.0966,132.782,732.241,14.0966,151.46,923.655,14.0966,172.603,1164.57,14.0966,196.535,1467.79,14.0966,223.625,1849.39,14.0966,254.288,2329.62,14.0966,288.997,2933.93,14.0966,328.285,3694.33,14.0966,372.755,4651.04,14.0966,423.092,5854.57,14.0966,480.07,7368.38,14.0966,544.564,9272.08,14.0966,617.566,11665.5,14.0966,700.197,14673.6,14.0966,793.729,18452.9,14.0966,899.599,23198.6,14.0966,1019.43,29154.1,14.0966,1155.07,36622.3,14.0966,1308.6,45977.9,14.0966,1482.39,57683.7,14.0966,1679.09,72307.8,14.0966,1901.73,90542.8,14.0966,2153.73,113226,14.0966,2438.97,141360,14.0966,2761.81,176127,14.0966,3127.22,218898,14.0966,3540.81,271226,14.0966,4008.92,334817,14.0966,4538.74,411470,14.0966,5138.38,502973,14.0966,5817.04,610948,14.0966,6585.12,736653,14.0966,7454.39,880741,14.0966,8438.15,1.04302e+06,14.0966,9551.45,1.22224e+06,14.0966,10811.3,1.41602e+06,14.0966,12237,1.62086e+06,14.0966,11.7194,11.96,12.6541,2.21263,4.16949,0.989383,2.67766,5.84076,0.311842,3.14343,7.55825,0.0972771,3.63127,9.58578,0.0303237,4.15787,12.0912,0.00945211,4.73731,15.2286,0.00294633,5.38238,19.1721,0.000918508,6.10553,24.134,0.000286163,6.91951,30.3791,8.92692e-05,7.83792,38.2397,2.78121e-05,8.87555,48.1338,8.65134e-06,10.0489,60.5876,2.7882e-06,11.3761,76.2629,8.29036e-07,12.8779,95.9927,2.4373e-07,14.5775,120.825,4.33068e-09,16.5012,152.08,1.75749e-07,18.6784,191.415,-1.86328e-07,21.1428,240.917,1.91829e-07,23.9322,303.213,-1.81475e-07,27.0895,381.602,7.0186e-08,30.6634,480.231,-2.86769e-08,34.7087,604.316,2.40784e-07,39.2876,760.401,9.87368e-08,44.4705,956.705,1.22263e-07,50.3371,1203.54,-4.31966e-07,56.9776,1513.81,-1.9705e-07,64.494,1903.69,-2.763e-08,73.0018,2393.4,3.9185e-07,82.6317,3008.13,1.35379e-07,93.5318,3779.25,-4.16351e-08,105.869,4745.7,2.06965e-08,119.834,5955.6,-3.18887e-07,135.641,7468.12,-1.48271e-08,153.531,9355.62,2.00739e-07,173.781,11705.8,2.28358e-07,196.701,14624.1,-1.93587e-08,222.642,18235,-2.88101e-07,252.003,22683.4,-2.24732e-07,285.234,28134,8.56806e-09,322.845,34767,2.34258e-07,365.413,42770.9,2.99668e-07,413.588,52327.9,8.28644e-08,468.111,63591.2,-3.07049e-07,529.814,76653.2,-3.1888e-07,599.642,91502.5,-6.72276e-08,678.662,107975,2.26339e-07,768.083,125705,3.69212e-07,869.267,144088,2.04077e-07,983.76,162277,-2.80509e-07,1113.3,179223,-4.22737e-07,1259.87,193777,-1.71951e-07,1425.68,204839,4.55555e-07,11.7194,11.96,12.6541,2.21263,4.16949,0.989383,2.67766,5.84076,0.311842,3.14343,7.55825,0.0972771,3.63127,9.58578,0.0303237,4.15787,12.0912,0.00945211,4.73731,15.2286,0.00294633,5.38238,19.1721,0.000918508,6.10553,24.134,0.000286163,6.91951,30.3791,8.92692e-05,7.83792,38.2397,2.78121e-05,8.87555,48.1338,8.65134e-06,10.0489,60.5876,2.7882e-06,11.3761,76.2629,8.29036e-07,12.8779,95.9927,2.4373e-07,14.5775,120.825,1e-08,16.5012,152.08,1.75749e-07,18.6784,191.415,1e-08,21.1428,240.917,1.91829e-07,23.9322,303.213,1e-08,27.0895,381.602,7.0186e-08,30.6634,480.231,1e-08,34.7087,604.316,2.40784e-07,39.2876,760.401,9.87368e-08,44.4705,956.705,1.22263e-07,50.3371,1203.54,1e-08,56.9776,1513.81,1e-08,64.494,1903.69,1e-08,73.0018,2393.4,3.9185e-07,82.6317,3008.13,1.35379e-07,93.5318,3779.25,1e-08,105.869,4745.7,2.06965e-08,119.834,5955.6,1e-08,135.641,7468.12,1e-08,153.531,9355.62,2.00739e-07,173.781,11705.8,2.28358e-07,196.701,14624.1,1e-08,222.642,18235,1e-08,252.003,22683.4,1e-08,285.234,28134,1e-08,322.845,34767,2.34258e-07,365.413,42770.9,2.99668e-07,413.588,52327.9,8.28644e-08,468.111,63591.2,1e-08,529.814,76653.2,1e-08,599.642,91502.5,1e-08,678.662,107975,2.26339e-07,768.083,125705,3.69212e-07,869.267,144088,2.04077e-07,983.76,162277,1e-08,1113.3,179223,1e-08,1259.87,193777,1e-08,1425.68,204839,4.55555e-07,6.2823,3.27286,2.43537,0.219672,6.18826,2.24117,0.56371,6.87772,2.63624,0.308279,19,13,13,2,7,0,4,1,1,3,12,0,4,6,0,4,8,0,2,3,0,2,17,0,6,13,0,6,29,0,6,35,0,9,43,0,20,98,0,13,63,0,11,103,0,9,68,0,24,74,0,7,168,0,17,138,0,17,177,0,15,269,0,40,367,0,55,464,0,24,634,0,34,1003,0,35,1145,0,78,669,0,63,1819,0,66,4031,0,59,2977,0,58,7185,0,145,3327,0,102,2973,0,142,10283,0,84,10232,0,178,16388,0,232,13931,0,314,14501,0,59,15505,0,344,27149,0,277,31993,0,222,78949,0,468,21103,0,511,51645,0,1089,65074,0,511,92630,0,419,34936,0,449,155952,0,346,122933,0,1139,179427,0,1368,150346,0,784,284209,0,1339,208565,0
-1.05176e+08,8.09535e-47,8.88811e-15,10,1023,0,1.05176e+08,0.528882,1.08665,0.389689,0.145397,0.379329,3.24381,0.161596,0.446195,1.77396,0.159177,1.15e+07,4.49998e+06,6.79999e+06,1.15e+07,4.49997e+06,6.79999e+06,1.15e+07,4.49996e+06,6.79999e+06,1.15e+07,4.49995e+06,6.79999e+06,1.14999e+07,4.49993e+06,6.79999e+06,1.14999e+07,4.49991e+06,6.79999e+06,1.14999e+07,4.49989e+06,6.79999e+06,1.14999e+07,4.49986e+06,6.79999e+06,1.14999e+07,4.49982e+06,6.79999e+06,1.14999e+07,4.49977e+06,6.79999e+06,1.14999e+07,4.49971e+06,6.79999e+06,1.14999e+07,4.49963e+06,6.79999e+06,1.14998e+07,4.49953e+06,6.79999e+06,1.14998e+07,4.49941e+06,6.79999e+06,1.14998e+07,4.49926e+06,6.79999e+06,1.14998e+07,4.49906e+06,6.79999e+06,1.14997e+07,4.49882e+06,6.79999e+06,1.14997e+07,4.49851e+06,6.79999e+06,1.14997e+07,4.49812e+06,6.79999e+06,1.14996e+07,4.49764e+06,6.79999e+06,1.14996e+07,4.49702e+06,6.79999e+06,1.14995e+07,4.49625e+06,6.79999e+06,1.14995e+07,4.49528e+06,6.79999e+06,1.14994e+07,4.49406e+06,6.79999e+06,1.14993e+07,4.49253e+06,6.79999e+06,1.14992e+07,4.49059e+06,6.79999e+06,1.14991e+07,4.48817e+06,6.79999e+06,1.1499e+07,4.48511e+06,6.79999e+06,1.14988e+07,4.48128e+06,6.79999e+06,1.14987e+07,4.47646e+06,6.79999e+06,1.14985e+07,4.47041e+06,6.79999e+06,1.14983e+07,4.46281e+06,6.79999e+06,1.14981e+07,4.4533e+06,6.79999e+06,1.14979e+07,4.44138e+06,6.79999e+06,1.14976e+07,4.42649e+06,6.79999e+06,1.14972e+07,4.40789e+06,6.79999e+06,1.14969e+07,4.38471e+06,6.79999e+06,1.14965e+07,4.35592e+06,6.79999e+06,1.1496e+07,4.32027e+06,6.79999e+06,1.14955e+07,4.27629e+06,6.79999e+06,1.14949e+07,4.22231e+06,6.79999e+06,1.14942e+07,4.15647e+06,6.79999e+06,1.14934e+07,4.07676e+06,6.79999e+06,1.14926e+07,3.98112e+06,6.79999e+06,1.14916e+07,3.86765e+06,6.79999e+06,1.14905e+07,3.73474e+06,6.79999e+06,1.14892e+07,3.58148e+06,6.79999e+06,1.14878e+07,3.40785e+06,6.79999e+06,1.14862e+07,3.21513e+06,6.79999e+06,1.14844e+07,3.00605e+06,6.79999e+06,1.14823e+07,2.7848e+06,6.79999e+06,1.148e+07,2.5568e+06,6.79999e+06,1.14773e+07,2.32825e+06,6.79999e+06,13.5742,8.52444,0.508366,16.8306,13.2585,0.162638,20.0035,17.569,0.0507846,23.2616,22.4214,0.0158319,26.7328,28.3297,0.00493498,30.5212,35.6974,0.00153831,34.7178,44.9473,0.000479527,39.4086,56.5822,0.000149456,44.6796,71.2245,4.66214e-05,50.6209,89.6543,1.45419e-05,57.3297,112.852,4.54748e-06,64.9129,142.051,1.43857e-06,73.4897,178.803,4.36618e-07,83.1934,225.062,1.40153e-07,94.1745,283.286,4.96378e-08,106.602,356.568,1.05434e-07,120.669,448.799,-6.49244e-08,136.59,564.873,1.70148e-07,154.611,710.948,-5.34594e-08,175.008,894.767,1.63407e-07,198.097,1126.06,8.04804e-08,224.231,1417.07,1.14667e-07,253.813,1783.15,-1.71227e-07,287.297,2243.62,-2.88466e-07,325.198,2822.67,-4.33651e-07,368.098,3550.67,7.9318e-08,416.657,4465.65,3.13319e-07,471.621,5615.16,3.4613e-07,533.835,7058.61,-1.19199e-07,604.255,8870.02,-2.79964e-07,683.962,11141.4,-2.30521e-07,774.182,13986.7,-2.55099e-07,876.299,17546.4,1.23585e-07,991.883,21993.1,1.41192e-07,1122.71,27536.7,-9.71886e-08,1270.78,34430.7,-3.68368e-07,1438.38,42977.7,-3.45379e-07,1628.07,53532.7,-3.25328e-09,1842.77,66504.6,2.6362e-07,2085.77,82350.2,2.53445e-07,2360.79,101560,-2.47407e-08,2672.05,124632,-3.80602e-07,3024.31,152018,-4.79005e-07,3422.98,184060,-1.14379e-07,3874.15,220884,2.64297e-07,4384.72,262283,3.44131e-07,4962.49,307576,7.5349e-08,5616.29,355497,-3.63097e-07,6356.1,404126,-6.05442e-07,7193.18,450932,-2.72333e-07,8140.28,492963,2.29675e-07,9211.79,527178,4.3387e-07,10424,550893,-1.0711e-07,10.102,8.06553,2.81012,10.6436,8.57909,0.869423,11.5336,10.2515,0.270869,12.7211,12.7138,0.0844293,14.1823,15.9373,0.0263173,15.9122,20.0383,0.0082035,17.9198,25.2154,0.00255722,20.2244,31.7373,0.000797017,22.8539,39.9486,0.000248622,25.8438,50.2851,7.75492e-05,29.237,63.2963,2.42508e-05,33.0837,79.6738,7.67162e-06,37.4415,100.288,2.32837e-06,42.3767,126.236,7.33e-07,47.9646,158.896,2.79256e-07,54.2906,200.003,9.87351e-09,61.452,251.741,1.61085e-07,69.5585,316.859,-2.47141e-07,78.7347,398.812,8.93552e-08,89.1218,501.948,-2.53231e-07,100.879,631.736,-1.25047e-07,114.188,795.049,-1.78808e-07,129.252,1000.53,2.6733e-07,146.304,1259.03,4.50292e-07,165.605,1584.19,6.76904e-07,187.452,1993.12,-1.23808e-07,212.181,2507.27,-4.89068e-07,240.173,3153.54,-5.40284e-07,271.856,3965.56,1.86061e-07,307.719,4985.38,4.37004e-07,348.313,6265.4,3.59828e-07,394.26,7870.83,3.98192e-07,446.268,9882.51,-1.92908e-07,505.135,12400.3,-2.20392e-07,571.766,15546.9,1.51705e-07,647.184,19472.2,5.74996e-07,732.547,24357.4,5.39112e-07,829.167,30420,5.07815e-09,938.526,37916.3,-4.11492e-07,1062.3,47143.9,-3.9561e-07,1202.4,58439.2,3.86185e-08,1360.96,72169.3,5.94093e-07,1540.42,88715.8,7.47693e-07,1743.53,108445,1.78537e-07,1973.41,131665,-4.12549e-07,2233.57,158557,-5.37164e-07,2528,189103,-1.17615e-07,2861.2,222986,5.66769e-07,3238.27,259510,9.45053e-07,3664.97,297540,4.25093e-07,4147.81,335497,-3.58506e-07,4694.17,371444,-6.7724e-07,5312.37,403256,1.67192e-07,1.61744,3.89446,9.84394,3.28846,7.5504,12.774,5.07607,11.7187,13.6844,7.03202,16.8147,13.9681,9.20215,23.1769,14.0566,11.6301,31.1672,14.0841,14.3598,41.2186,14.0927,17.4376,53.8688,14.0954,20.9137,69.7915,14.0962,24.8432,89.8341,14.0965,29.2879,115.063,14.0966,34.3168,146.819,14.0966,40.0078,186.792,14.0966,46.4487,237.107,14.0966,53.7388,300.44,14.0966,61.9903,380.158,14.0966,71.3301,480.499,14.0966,81.902,606.796,14.0966,93.8685,765.761,14.0966,107.414,965.837,14.0966,122.746,1217.65,14.0966,140.101,1534.57,14.0966,159.745,1933.41,14.0966,181.981,2435.3,14.0966,207.15,3066.85,14.0966,235.64,3861.46,14.0966,267.889,4861.11,14.0966,304.391,6118.54,14.0966,345.709,7699.91,14.0966,392.478,9688.22,14.0966,445.417,12187.5,14.0966,505.339,15327.7,14.0966,573.165,19271.6,14.0966,649.938,24222,14.0966,736.839,30430.9,14.0966,835.202,38211.5,14.0966,946.539,47950.3,14.0966,1072.56,60122.8,14.0966,1215.21,75309.9,14.0966,1376.66,94216.2,14.0966,1559.41,117688,14.0966,1766.26,146729,14.0966,2000.39,182510,14.0966,2265.39,226372,14.0966,2565.33,279806,14.0966,2904.81,344416,14.0966,3289.05,421845,14.0966,3723.93,513667,14.0966,4216.13,621231,14.0966,4773.18,745478,14.0966,5403.64,886744,14.0966,6117.15,1.04457e+06,14.0966,6924.63,1.2176e+06,14.0966,11.7194,11.96,12.6541,13.9321,16.1295,13.6434,16.6097,21.9702,13.9553,19.7532,29.5285,14.0526,23.3844,39.1143,14.0829,27.5423,51.2054,14.0923,32.2796,66.434,14.0953,37.662,85.6061,14.0962,43.7675,109.74,14.0965,50.687,140.119,14.0966,58.5249,178.359,14.0966,67.4005,226.493,14.0966,77.4493,287.08,14.0966,88.8254,363.343,14.0966,101.703,459.336,14.0966,116.281,580.161,14.0966,132.782,732.241,14.0966,151.46,923.655,14.0966,172.603,1164.57,14.0966,196.535,1467.79,14.0966,223.625,1849.39,14.0966,254.288,2329.62,14.0966,288.997,2933.93,14.0966,328.285,3694.33,14.0966,372.755,4651.04,14.0966,423.092,5854.57,14.0966,480.07,7368.38,14.0966,544.564,9272.08,14.0966,617.566,11665.5,14.0966,700.197,14673.6,14.0966,793.729,18452.9,14.0966,899.599,23198.6,14.0966,1019.43,29154.1,14.0966,1155.07,36622.3,14.0966,1308.6,45977.9,14.0966,1482.39,57683.7,14.0966,1679.09,72307.8,14.0966,1901.73,90542.8,14.0966,2153.73,113226,14.0966,2438.97,141360,14.0966,2761.81,176127,14.0966,3127.22,218898,14.0966,3540.81,271226,14.0966,4008.92,334817,14.0966,4538.74,411470,14.0966,5138.38,502973,14.0966,5817.04,610948,14.0966,6585.12,736653,14.0966,7454.39,880741,14.0966,8438.15,1.04302e+06,14.0966,9551.45,1.22224e+06,14.0966,10811.3,1.41602e+06,14.0966,12237,1.62086e+06,14.0966,11.7194,11.96,12.6541,2.21263,4.16949,0.989383,2.67766,5.84076,0.311842,3.14343,7.55825,0.0972771,3.63127,9.58578,0.0303237,4.15787,12.0912,0.00945211,4.73731,15.2286,0.00294633,5.38238,19.1721,0.000918508,6.10553,24.134,0.000286163,6.91951,30.3791,8.92692e-05,7.83792,38.2397,2.78121e-05,8.87555,48.1338,8.65134e-06,10.0489,60.5876,2.7882e-06,11.3761,76.2629,8.29036e-07,12.8779,95.9927,2.4373e-07,14.5775,120.825,4.33068e-09,16.5012,152.08,1.75749e-07,18.6784,191.415,-1.86328e-07,21.1428,240.917,1.91829e-07,23.9322,303.213,-1.81475e-07,27.0895,381.602,7.0186e-08,30.6634,480.231,-2.86769e-08,34.7087,604.316,2.40784e-07,39.2876,760.401,9.87368e-08,44.4705,956.705,1.22263e-07,50.3371,1203.54,-4.31966e-07,56.9776,1513.81,-1.9705e-07,64.494,1903.69,-2.763e-08,73.0018,2393.4,3.9185e-07,82.6317,3008.13,1.35379e-07,93.5318,3779.25,-4.16351e-08,105.869,4745.7,2.06965e-08,119.834,5955.6,-3.18887e-07,135.641,7468.12,-1.48271e-08,153.531,9355.62,2.00739e-07,173.781,11705.8,2.28358e-07,196.701,14624.1,-1.93587e-08,222.642,18235,-2.88101e-07,252.003,22683.4,-2.24732e-07,285.234,28134,8.56806e-09,322.845,34767,2.34258e-07,365.413,42770.9,2.99668e-07,413.588,52327.9,8.28644e-08,468.111,63591.2,-3.07049e-07,529.814,76653.2,-3.1888e-07,599.642,91502.5,-6.72276e-08,678.662,107975,2.26339e-07,768.083,125705,3.69212e-07,869.267,144088,2.04077e-07,983.76,162277,-2.80509e-07,1113.3,179223,-4.22737e-07,1259.87,193777,-1.71951e-07,1425.68,204839,4.55555e-07,11.7194,11.96,12.6541,2.21263,4.16949,0.989383,2.67766,5.84076,0.311842,3.14343,7.55825,0.0972771,3.63127,9.58578,0.0303237,4.15787,12.0912,0.00945211,4.73731,15.2286,0.00294633,5.38238,19.1721,0.000918508,6.10553,24.134,0.000286163,6.91951,30.3791,8.92692e-05,7.83792,38.2397,2.78121e-05,8.87555,48.1338,8.65134e-06,10.0489,60.5876,2.7882e-06,11.3761,76.2629,8.29036e-07,12.8779,95.9927,2.4373e-07,14.5775,120.825,1e-08,16.5012,152.08,1.75749e-07,18.6784,191.415,1e-08,21.1428,240.917,1.91829e-07,23.9322,303.213,1e-08,27.0895,381.602,7.0186e-08,30.6634,480.231,1e-08,34.7087,604.316,2.40784e-07,39.2876,760.401,9.87368e-08,44.4705,956.705,1.22263e-07,50.3371,1203.54,1e-08,56.9776,1513.81,1e-08,64.494,1903.69,1e-08,73.0018,2393.4,3.9185e-07,82.6317,3008.13,1.35379e-07,93.5318,3779.25,1e-08,105.869,4745.7,2.06965e-08,119.834,5955.6,1e-08,135.641,7468.12,1e-08,153.531,9355.62,2.00739e-07,173.781,11705.8,2.28358e-07,196.701,14624.1,1e-08,222.642,18235,1e-08,252.003,22683.4,1e-08,285.234,28134,1e-08,322.845,34767,2.34258e-07,365.413,42770.9,2.99668e-07,413.588,52327.9,8.28644e-08,468.111,63591.2,1e-08,529.814,76653.2,1e-08,599.642,91502.5,1e-08,678.662,107975,2.26339e-07,768.083,125705,3.69212e-07,869.267,144088,2.04077e-07,983.76,162277,1e-08,1113.3,179223,1e-08,1259.87,193777,1e-08,1425.68,204839,4.55555e-07,6.2823,3.27286,2.43537,0.219672,6.18826,2.24117,0.56371,6.87772,2.63624,0.308279,19,6,15,4,4,0,0,9,0,3,15,0,2,17,0,3,7,0,3,16,0,2,13,0,5,35,0,10,35,0,13,24,0,2,33,0,5,72,0,15,89,0,8,87,0,9,125,0,31,146,0,20,218,0,24,292,0,25,367,0,18,286,0,18,178,0,36,727,0,24,1126,0,42,884,0,43,1165,0,62,1727,0,63,1870,0,65,3001,0,51,4061,0,66,2433,0,169,4564,0,137,9604,0,268,5712,0,142,12740,0,49,8232,0,417,16851,0,331,18516,0,411,35884,0,158,34398,0,306,23671,0,192,56343,0,327,88367,0,759,54546,0,366,72760,0,387,74233,0,467,109532,0,747,188129,0,650,114814,0,1170,143640,0,1083,118538,0,1197,90659,0,1879,190498,0
-1.05176e+08,1,8.88811e-15,10,1023,0,1.05176e+08,0.528882,1.08665,0.389689,0.145397,0.379329,3.24381,0.161596,0.446195,1.77396,0.159177,1.15e+07,4.49998e+06,6.79999e+06,1.15e+07,4.49997e+06,6.79999e+06,1.15e+07,4.49996e+06,6.79999e+06,1.15e+07,4.49995e+06,6.79999e+06,1.14999e+07,4.49993e+06,6.79999e+06,1.14999e+07,4.49991e+06,6.79999e+06,1.14999e+07,4.49989e+06,6.79999e+06,1.14999e+07,4.49986e+06,6.79999e+06,1.14999e+07,4.49982e+06,6.79999e+06,1.14999e+07,4.49977e+06,6.79999e+06,1.14999e+07,4.49971e+06,6.79999e+06,1.14999e+07,4.49963e+06,6.79999e+06,1.14998e+07,4.49953e+06,6.79999e+06,1.14998e+07,4.49941e+06,6.79999e+06,1.14998e+07,4.49926e+06,6.79999e+06,1.14998e+07,4.49906e+06,6.79999e+06,1.14997e+07,4.49882e+06,6.79999e+06,1.14997e+07,4.49851e+06,6.79999e+06,1.14997e+07,4.49812e+06,6.79999e+06,1.14996e+07,4.49764e+06,6.79999e+06,1.14996e+07,4.49702e+06,6.79999e+06,1.14995e+07,4.49625e+06,6.79999e+06,1.14995e+07,4.49528e+06,6.79999e+06,1.14994e+07,4.49406e+06,6.79999e+06,1.14993e+07,4.49253e+06,6.79999e+06,1.14992e+07,4.49059e+06,6.79999e+06,1.14991e+07,4.48817e+06,6.79999e+06,1.1499e+07,4.48511e+06,6.79999e+06,1.14988e+07,4.48128e+06,6.79999e+06,1.14987e+07,4.47646e+06,6.79999e+06,1.14985e+07,4.47041e+06,6.79999e+06,1.14983e+07,4.46281e+06,6.79999e+06,1.14981e+07,4.4533e+06,6.79999e+06,1.14979e+07,4.44138e+06,6.79999e+06,1.14976e+07,4.42649e+06,6.79999e+06,1.14972e+07,4.40789e+06,6.79999e+06,1.14969e+07,4.38471e+06,6.79999e+06,1.14965e+07,4.35592e+06,6.79999e+06,1.1496e+07,4.32027e+06,6.79999e+06,1.14955e+07,4.27629e+06,6.79999e+06,1.14949e+07,4.22231e+06,6.79999e+06,1.14942e+07,4.15647e+06,6.79999e+06,1.14934e+07,4.07676e+06,6.79999e+06,1.14926e+07,3.98112e+06,6.79999e+06,1.14916e+07,3.86765e+06,6.79999e+06,1.14905e+07,3.73474e+06,6.79999e+06,1.14892e+07,3.58148e+06,6.79999e+06,1.14878e+07,3.40785e+06,6.79999e+06,1.14862e+07,3.21513e+06,6.79999e+06,1.14844e+07,3.00605e+06,6.79999e+06,1.14823e+07,2.7848e+06,6.79999e+06,1.148e+07,2.5568e+06,6.79999e+06,1.14773e+07,2.32825e+06,6.79999e+06,13.5742,8.52444,0.508366,16.8306,13.2585,0.162638,20.0035,17.569,0.0507846,23.2616,22.4214,0.0158319,26.7328,28.3297,0.00493498,30.5212,35.6974,0.00153831,34.7178,44.9473,0.000479527,39.4086,56.5822,0.000149456,44.6796,71.2245,4.66214e-05,50.6209,89.6543,1.45419e-05,57.3297,112.852,4.54748e-06,64.9129,142.051,1.43857e-06,73.4897,178.803,4.36618e-07,83.1934,225.062,1.40153e-07,94.1745,283.286,4.96378e-08,106.602,356.568,1.05434e-07,120.669,448.799,-6.49244e-08,136.59,564.873,1.70148e-07,154.611,710.948,-5.34594e-08,175.008,894.767,1.63407e-07,198.097,1126.06,8.04804e-08,224.231,1417.07,1.14667e-07,253.813,1783.15,-1.71227e-07,287.297,2243.62,-2.88466e-07,325.198,2822.67,-4.33651e-07,368.098,3550.67,7.9318e-08,416.657,4465.65,3.13319e-07,471.621,5615.16,3.4613e-07,533.835,7058.61,-1.19199e-07,604.255,8870.02,-2.79964e-07,683.962,11141.4,-2.30521e-07,774.182,13986.7,-2.55099e-07,876.299,17546.4,1.23585e-07,991.883,21993.1,1.41192e-07,1122.71,27536.7,-9.71886e-08,1270.78,34430.7,-3.68368e-07,1438.38,42977.7,-3.45379e-07,1628.07,53532.7,-3.25328e-09,1842.77,66504.6,2.6362e-07,2085.77,82350.2,2.53445e-07,2360.79,101560,-2.47407e-08,2672.05,124632,-3.80602e-07,3024.31,152018,-4.79005e-07,3422.98,184060,-1.14379e-07,3874.15,220884,2.64297e-07,4384.72,262283,3.44131e-07,4962.49,307576,7.5349e-08,5616.29,355497,-3.63097e-07,6356.1,404126,-6.05442e-07,7193.18,450932,-2.72333e-07,8140.28,492963,2.29675e-07,9211.79,527178,4.3387e-07,10424,550893,-1.0711e-07,10.102,8.06553,2.81012,10.6436,8.57909,0.869423,11.5336,10.2515,0.270869,12.7211,12.7138,0.0844293,14.1823,15.9373,0.0263173,15.9122,20.0383,0.0082035,17.9198,25.2154,0.00255722,20.2244,31.7373,0.000797017,22.8539,39.9486,0.000248622,25.8438,50.2851,7.75492e-05,29.237,63.2963,2.42508e-05,33.0837,79.6738,7.67162e-06,37.4415,100.288,2.32837e-06,42.3767,126.236,7.33e-07,47.9646,158.896,2.79256e-07,54.2906,200.003,9.87351e-09,61.452,251.741,1.61085e-07,69.5585,316.859,-2.47141e-07,78.7347,398.812,8.93552e-08,89.1218,501.948,-2.53231e-07,100.879,631.736,-1.25047e-07,114.188,795.049,-1.78808e-07,129.252,1000.53,2.6733e-07,146.304,1259.03,4.50292e-07,165.605,1584.19,6.76904e-07,187.452,1993.12,-1.23808e-07,212.181,2507.27,-4.89068e-07,240.173,3153.54,-5.40284e-07,271.856,3965.56,1.86061e-07,307.719,4985.38,4.37004e-07,348.313,6265.4,3.59828e-07,394.26,7870.83,3.98192e-07,446.268,9882.51,-1.92908e-07,505.135,12400.3,-2.20392e-07,571.766,15546.9,1.51705e-07,647.184,19472.2,5.74996e-07,732.547,24357.4,5.39112e-07,829.167,30420,5.07815e-09,938.526,37916.3,-4.11492e-07,1062.3,47143.9,-3.9561e-07,1202.4,58439.2,3.86185e-08,1360.96,72169.3,5.94093e-07,1540.42,88715.8,7.47693e-07,1743.53,108445,1.78537e-07,1973.41,131665,-4.12549e-07,2233.57,158557,-5.37164e-07,2528,189103,-1.17615e-07,2861.2,222986,5.66769e-07,3238.27,259510,9.45053e-07,3664.97,297540,4.25093e-07,4147.81,335497,-3.58506e-07,4694.17,371444,-6.7724e-07,5312.37,403256,1.67192e-07,1.61744,3.89446,9.84394,3.28846,7.5504,12.774,5.07607,11.7187,13.6844,7.03202,16.8147,13.9681,9.20215,23.1769,14.0566,11.6301,31.1672,14.0841,14.3598,41.2186,14.0927,17.4376,53.8688,14.0954,20.9137,69.7915,14.0962,24.8432,89.8341,14.0965,29.2879,115.063,14.0966,34.3168,146.819,14.0966,40.0078,186.792,14.0966,46.4487,237.107,14.0966,53.7388,300.44,14.0966,61.9903,380.158,14.0966,71.3301,480.499,14.0966,81.902,606.796,14.0966,93.8685,765.761,14.0966,107.414,965.837,14.0966,122.746,1217.65,14.0966,140.101,1534.57,14.0966,159.745,1933.41,14.0966,181.981,2435.3,14.0966,207.15,3066.85,14.0966,235.64,3861.46,14.0966,267.889,4861.11,14.0966,304.391,6118.54,14.0966,345.709,7699.91,14.0966,392.478,9688.22,14.0966,445.417,12187.5,14.0966,505.339,15327.7,14.0966,573.165,19271.6,14.0966,649.938,24222,14.0966,736.839,30430.9,14.0966,835.202,38211.5,14.0966,946.539,47950.3,14.0966,1072.56,60122.8,14.0966,1215.21,75309.9,14.0966,1376.66,94216.2,14.0966,1559.41,117688,14.0966,1766.26,146729,14.0966,2000.39,182510,14.0966,2265.39,226372,14.0966,2565.33,279806,14.0966,2904.81,344416,14.0966,3289.05,421845,14.0966,3723.93,513667,14.0966,4216.13,621231,14.0966,4773.18,745478,14.0966,5403.64,886744,14.0966,6117.15,1.04457e+06,14.0966,6924.63,1.2176e+06,14.0966,11.7194,11.96,12.6541,13.9321,16.1295,13.6434,16.6097,21.9702,13.9553,19.7532,29.5285,14.0526,23.3844,39.1143,14.0829,27.5423,51.2054,14.0923,32.2796,66.434,14.0953,37.662,85.6061,14.0962,43.7675,109.74,14.0965,50.687,140.119,14.0966,58.5249,178.359,14.0966,67.4005,226.493,14.0966,77.4493,287.08,14.0966,88.8254,363.343,14.0966,101.703,459.336,14.0966,116.281,580.161,14.0966,132.782,732.241,14.0966,151.46,923.655,14.0966,172.603,1164.57,14.0966,196.535,1467.79,14.0966,223.625,1849.39,14.0966,254.288,2329.62,14.0966,288.997,2933.93,14.0966,328.285,3694.33,14.0966,372.755,4651.04,14.0966,423.092,5854.57,14.0966,480.07,7368.38,14.0966,544.564,9272.08,14.0966,617.566,11665.5,14.0966,700.197,14673.6,14.0966,793.729,18452.9,14.0966,899.599,23198.6,14.0966,1019.43,29154.1,14.0966,1155.07,36622.3,14.0966,1308.6,45977.9,14.0966,1482.39,57683.7,14.0966,1679.09,72307.8,14.0966,1901.73,90542.8,14.0966,2153.73,113226,14.0966,2438.97,141360,14.0966,2761.81,176127,14.0966,3127.22,218898,14.0966,3540.81,271226,14.0966,4008.92,334817,14.0966,4538.74,411470,14.0966,5138.38,502973,14.0966,5817.04,610948,14.0966,6585.12,736653,14.0966,7454.39,880741,14.0966,8438.15,1.04302e+06,14.0966,9551.45,1.22224e+06,14.0966,10811.3,1.41602e+06,14.0966,12237,1.62086e+06,14.0966,11.7194,11.96,12.6541,2.21263,4.16949,0.989383,2.67766,5.84076,0.311842,3.14343,7.55825,0.0972771,3.63127,9.58578,0.0303237,4.15787,12.0912,0.00945211,4.73731,15.2286,0.00294633,5.38238,19.1721,0.000918508,6.10553,24.134,0.000286163,6.91951,30.3791,8.92692e-05,7.83792,38.2397,2.78121e-05,8.87555,48.1338,8.65134e-06,10.0489,60.5876,2.7882e-06,11.3761,76.2629,8.29036e-07,12.8779,95.9927,2.4373e-07,14.5775,120.825,4.33068e-09,16.5012,152.08,1.75749e-07,18.6784,191.415,-1.86328e-07,21.1428,240.917,1.91829e-07,23.9322,303.213,-1.81475e-07,27.0895,381.602,7.0186e-08,30.6634,480.231,-2.86769e-08,34.7087,604.316,2.40784e-07,39.2876,760.401,9.87368e-08,44.4705,956.705,1.22263e-07,50.3371,1203.54,-4.31966e-07,56.9776,1513.81,-1.9705e-07,64.494,1903.69,-2.763e-08,73.0018,2393.4,3.9185e-07,82.6317,3008.13,1.35379e-07,93.5318,3779.25,-4.16351e-08,105.869,4745.7,2.06965e-08,119.834,5955.6,-3.18887e-07,135.641,7468.12,-1.48271e-08,153.531,9355.62,2.00739e-07,173.781,11705.8,2.28358e-07,196.701,14624.1,-1.93587e-08,222.642,18235,-2.88101e-07,252.003,22683.4,-2.24732e-07,285.234,28134,8.56806e-09,322.845,34767,2.34258e-07,365.413,42770.9,2.99668e-07,413.588,52327.9,8.28644e-08,468.111,63591.2,-3.07049e-07,529.814,76653.2,-3.1888e-07,599.642,91502.5,-6.72276e-08,678.662,107975,2.26339e-07,768.083,125705,3.69212e-07,869.267,144088,2.04077e-07,983.76,162277,-2.80509e-07,1113.3,179223,-4.22737e-07,1259.87,193777,-1.71951e-07,1425.68,204839,4.55555e-07,11.7194,11.96,12.6541,2.21263,4.16949,0.989383,2.67766,5.84076,0.311842,3.14343,7.55825,0.0972771,3.63127,9.58578,0.0303237,4.15787,12.0912,0.00945211,4.73731,15.2286,0.00294633,5.38238,19.1721,0.000918508,6.10553,24.134,0.000286163,6.91951,30.3791,8.92692e-05,7.83792,38.2397,2.78121e-05,8.87555,48.1338,8.65134e-06,10.0489,60.5876,2.7882e-06,11.3761,76.2629,8.29036e-07,12.8779,95.9927,2.4373e-07,14.5775,120.825,1e-08,16.5012,152.08,1.75749e-07,18.6784,191.415,1e-08,21.1428,240.917,1.91829e-07,23.9322,303.213,1e-08,27.0895,381.602,7.0186e-08,30.6634,480.231,1e-08,34.7087,604.316,2.40784e-07,39.2876,760.401,9.87368e-08,44.4705,956.705,1.22263e-07,50.3371,1203.54,1e-08,56.9776,1513.81,1e-08,64.494,1903.69,1e-08,73.0018,2393.4,3.9185e-07,82.6317,3008.13,1.35379e-07,93.5318,3779.25,1e-08,105.869,4745.7,2.06965e-08,119.834,5955.6,1e-08,135.641,7468.12,1e-08,153.531,9355.62,2.00739e-07,173.781,11705.8,2.28358e-07,196.701,14624.1,1e-08,222.642,18235,1e-08,252.003,22683.4,1e-08,285.234,28134,1e-08,322.845,34767,2.34258e-07,365.413,42770.9,2.99668e-07,413.588,52327.9,8.28644e-08,468.111,63591.2,1e-08,529.814,76653.2,1e-08,599.642,91502.5,1e-08,678.662,107975,2.26339e-07,768.083,125705,3.69212e-07,869.267,144088,2.04077e-07,983.76,162277,1e-08,1113.3,179223,1e-08,1259.87,193777,1e-08,1425.68,204839,4.55555e-07,6.2823,3.27286,2.43537,0.219672,6.18826,2.24117,0.56371,6.87772,2.63624,0.308279,11,11,12,6,1,0,2,6,1,7,3,0,1,7,0,3,11,0,5,13,0,7,30,0,2,33,0,11,26,0,6,29,0,9,46,0,9,73,0,11,60,0,18,134,0,13,159,0,18,143,0,7,113,0,13,617,0,33,259,0,20,458,0,16,237,0,24,382,0,24,760,0,50,778,0,36,883,0,23,2249,0,77,2517,0,81,3091,0,43,3032,0,133,4418,0,117,2950,0,88,6504,0,175,6203,0,174,14299,0,248,10490,0,282,36163,0,188,21278,0,136,37617,0,306,23707,0,125,21099,0,354,32519,0,207,19192,0,207,55983,0,390,62981,0,571,118157,0,369,127468,0,771,233389,0,1149,147638,0,551,79731,0,1330,46377,0,1288,141435,0,644,82026,0
-1.05176e+08,1,8.88811e-15,10,1023,0,1.05176e+08,0.528882,1.08665,0.389689,0.145397,0.379329,3.24381,0.161596,0.446195,1.77396,0.159177,1.15e+07,4.49998e+06,6.79999e+06,1.15e+07,4.49997e+06,6.79999e+06,1.15e+07,4.49996e+06,6.79999e+06,1.15e+07,4.49995e+06,6.79999e+06,1.14999e+07,4.49993e+06,6.79999e+06,1.14999e+07,4.49991e+06,6.79999e+06,1.14999e+07,4.49989e+06,6.79999e+06,1.14999e+07,4.49986e+06,6.79999e+06,1.14999e+07,4.49982e+06,6.79999e+06,1.14999e+07,4.49977e+06,6.79999e+06,1.14999e+07,4.49971e+06,6.79999e+06,1.14999e+07,4.49963e+06,6.79999e+06,1.14998e+07,4.49953e+06,6.79999e+06,1.14998e+07,4.49941e+06,6.79999e+06,1.14998e+07,4.49926e+06,6.79999e+06,1.14998e+07,4.49906e+06,6.79999e+06,1.14997e+07,4.49882e+06,6.79999e+06,1.14997e+07,4.49851e+06,6.79999e+06,1.14997e+07,4.49812e+06,6.79999e+06,1.14996e+07,4.49764e+06,6.79999e+06,1.14996e+07,4.49702e+06,6.79999e+06,1.14995e+07,4.49625e+06,6.79999e+06,1.14995e+07,4.49528e+06,6.79999e+06,1.14994e+07,4.49406e+06,6.79999e+06,1.14993e+07,4.49253e+06,6.79999e+06,1.14992e+07,4.49059e+06,6.79999e+06,1.14991e+07,4.48817e+06,6.79999e+06,1.1499e+07,4.48511e+06,6.79999e+06,1.14988e+07,4.48128e+06,6.79999e+06,1.14987e+07,4.47646e+06,6.79999e+06,1.14985e+07,4.47041e+06,6.79999e+06,1.14983e+07,4.46281e+06,6.79999e+06,1.14981e+07,4.4533e+06,6.79999e+06,1.14979e+07,4.44138e+06,6.79999e+06,1.14976e+07,4.42649e+06,6.79999e+06,1.14972e+07,4.40789e+06,6.79999e+06,1.14969e+07,4.38471e+06,6.79999e+06,1.14965e+07,4.35592e+06,6.79999e+06,1.1496e+07,4.32027e+06,6.79999e+06,1.14955e+07,4.27629e+06,6.79999e+06,1.14949e+07,4.22231e+06,6.79999e+06,1.14942e+07,4.15647e+06,6.79999e+06,1.14934e+07,4.07676e+06,6.79999e+06,1.14926e+07,3.98112e+06,6.79999e+06,1.14916e+07,3.86765e+06,6.79999e+06,1.14905e+07,3.73474e+06,6.79999e+06,1.14892e+07,3.58148e+06,6.79999e+06,1.14878e+07,3.40785e+06,6.79999e+06,1.14862e+07,3.21513e+06,6.79999e+06,1.14844e+07,3.00605e+06,6.79999e+06,1.14823e+07,2.7848e+06,6.79999e+06,1.148e+07,2.5568e+06,6.79999e+06,1.14773e+07,2.32825e+06,6.79999e+06,13.5742,8.52444,0.508366,16.8306,13.2585,0.162638,20.0035,17.569,0.0507846,23.2616,22.4214,0.0158319,26.7328,28.3297,0.00493498,30.5212,35.6974,0.00153831,34.7178,44.9473,0.000479527,39.4086,56.5822,0.000149456,44.6796,71.2245,4.66214e-05,50.6209,89.6543,1.45419e-05,57.3297,112.852,4.54748e-06,64.9129,142.051,1.43857e-06,73.4897,178.803,4.36618e-07,83.1934,225.062,1.40153e-07,94.1745,283.286,4.96378e-08,106.602,356.568,1.05434e-07,120.669,448.799,-6.49244e-08,136.59,564.873,1.70148e-07,154.611,710.948,-5.34594e-08,175.008,894.767,1.63407e-07,198.097,1126.06,8.04804e-08,224.231,1417.07,1.14667e-07,253.813,1783.15,-1.71227e-07,287.297,2243.62,-2.88466e-07,325.198,2822.67,-4.33651e-07,368.098,3550.67,7.9318e-08,416.657,4465.65,3.13319e-07,471.621,5615.16,3.4613e-07,533.835,7058.61,-1.19199e-07,604.255,8870.02,-2.79964e-07,683.962,11141.4,-2.30521e-07,774.182,13986.7,-2.55099e-07,876.299,17546.4,1.23585e-07,991.883,21993.1,1.41192e-07,1122.71,27536.7,-9.71886e-08,1270.78,34430.7,-3.68368e-07,1438.38,42977.7,-3.45379e-07,1628.07,53532.7,-3.25328e-09,1842.77,66504.6,2.6362e-07,2085.77,82350.2,2.53445e-07,2360.79,101560,-2.47407e-08,2672.05,124632,-3.80602e-07,3024.31,152018,-4.79005e-07,3422.98,184060,-1.14379e-07,3874.15,220884,2.64297e-07,4384.72,262283,3.44131e-07,4962.49,307576,7.5349e-08,5616.29,355497,-3.63097e-07,6356.1,404126,-6.05442e-07,7193.18,450932,-2.72333e-07,8140.28,492963,2.29675e-07,9211.79,527178,4.3387e-07,10424,550893,-1.0711e-07,10.102,8.06553,2.81012,10.6436,8.57909,0.869423,11.5336,10.2515,0.270869,12.7211,12.7138,0.0844293,14.1823,15.9373,0.0263173,15.9122,20.0383,0.0082035,17.9198,25.2154,0.00255722,20.2244,31.7373,0.000797017,22.8539,39.9486,0.000248622,25.8438,50.2851,7.75492e-05,29.237,63.2963,2.42508e-05,33.0837,79.6738,7.67162e-06,37.4415,100.288,2.32837e-06,42.3767,126.236,7.33e-07,47.9646,158.896,2.79256e-07,54.2906,200.003,9.87351e-09,61.452,251.741,1.61085e-07,69.5585,316.859,-2.47141e-07,78.7347,398.812,8.93552e-08,89.1218,501.948,-2.53231e-07,100.879,631.736,-1.25047e-07,114.188,795.049,-1.78808e-07,129.252,1000.53,2.6733e-07,146.304,1259.03,4.50292e-07,165.605,1584.19,6.76904e-07,187.452,1993.12,-1.23808e-07,212.181,2507.27,-4.89068e-07,240.173,3153.54,-5.40284e-07,271.856,3965.56,1.86061e-07,307.719,4985.38,4.37004e-07,348.313,6265.4,3.59828e-07,394.26,7870.83,3.98192e-07,446.268,9882.51,-1.92908e-07,505.135,12400.3,-2.20392e-07,571.766,15546.9,1.51705e-07,647.184,19472.2,5.74996e-07,732.547,24357.4,5.39112e-07,829.167,30420,5.07815e-09,938.526,37916.3,-4.11492e-07,1062.3,47143.9,-3.9561e-07,1202.4,58439.2,3.86185e-08,1360.96,72169.3,5.94093e-07,1540.42,88715.8,7.47693e-07,1743.53,108445,1.78537e-07,1973.41,131665,-4.12549e-07,2233.57,158557,-5.37164e-07,2528,189103,-1.17615e-07,2861.2,222986,5.66769e-07,3238.27,259510,9.45053e-07,3664.97,297540,4.25093e-07,4147.81,335497,-3.58506e-07,4694.17,371444,-6.7724e-07,5312.37,403256,1.67192e-07,1.61744,3.89446,9.84394,3.28846,7.5504,12.774,5.07607,11.7187,13.6844,7.03202,16.8147,13.9681,9.20215,23.1769,14.0566,11.6301,31.1672,14.0841,14.3598,41.2186,14.0927,17.4376,53.8688,14.0954,20.9137,69.7915,14.0962,24.8432,89.8341,14.0965,29.2879,115.063,14.0966,34.3168,146.819,14.0966,40.0078,186.792,14.0966,46.4487,237.107,14.0966,53.7388,300.44,14.0966,61.9903,380.158,14.0966,71.3301,480.499,14.0966,81.902,606.796,14.0966,93.8685,765.761,14.0966,107.414,965.837,14.0966,122.746,1217.65,14.0966,140.101,1534.57,14.0966,159.745,1933.41,14.0966,181.981,2435.3,14.0966,207.15,3066.85,14.0966,235.64,3861.46,14.0966,267.889,4861.11,14.0966,304.391,6118.54,14.0966,345.709,7699.91,14.0966,392.478,9688.22,14.0966,445.417,12187.5,14.0966,505.339,15327.7,14.0966,573.165,19271.6,14.0966,649.938,24222,14.0966,736.839,30430.9,14.0966,835.202,38211.5,14.0966,946.539,47950.3,14.0966,1072.56,60122.8,14.0966,1215.21,75309.9,14.0966,1376.66,94216.2,14.0966,1559.41,117688,14.0966,1766.26,146729,14.0966,2000.39,182510,14.0966,2265.39,226372,14.0966,2565.33,279806,14.0966,2904.81,344416,14.0966,3289.05,421845,14.0966,3723.93,513667,14.0966,4216.13,621231,14.0966,4773.18,745478,14.0966,5403.64,886744,14.0966,6117.15,1.04457e+06,14.0966,6924.63,1.2176e+06,14.0966,11.7194,11.96,12.6541,13.9321,16.1295,13.6434,16.6097,21.9702,13.9553,19.7532,29.5285,14.0526,23.3844,39.1143,14.0829,27.5423,51.2054,14.0923,32.2796,66.434,14.0953,37.662,85.6061,14.0962,43.7675,109.74,14.0965,50.687,140.119,14.0966,58.5249,178.359,14.0966,67.4005,226.493,14.0966,77.4493,287.08,14.0966,88.8254,363.343,14.0966,101.703,459.336,14.0966,116.281,580.161,14.0966,132.782,732.241,14.0966,151.46,923.655,14.0966,172.603,1164.57,14.0966,196.535,1467.79,14.0966,223.625,1849.39,14.0966,254.288,2329.62,14.0966,288.997,2933.93,14.0966,328.285,3694.33,14.0966,372.755,4651.04,14.0966,423.092,5854.57,14.0966,480.07,7368.38,14.0966,544.564,9272.08,14.0966,617.566,11665.5,14.0966,700.197,14673.6,14.0966,793.729,18452.9,14.0966,899.599,23198.6,14.0966,1019.43,29154.1,14.0966,1155.07,36622.3,14.0966,1308.6,45977.9,14.0966,1482.39,57683.7,14.0966,1679.09,72307.8,14.0966,1901.73,90542.8,14.0966,2153.73,113226,14.0966,2438.97,141360,14.0966,2761.81,176127,14.0966,3127.22,218898,14.0966,3540.81,271226,14.0966,4008.92,334817,14.0966,4538.74,411470,14.0966,5138.38,502973,14.0966,5817.04,610948,14.0966,6585.12,736653,14.0966,7454.39,880741,14.0966,8438.15,1.04302e+06,14.0966,9551.45,1.22224e+06,14.0966,10811.3,1.41602e+06,14.0966,12237,1.62086e+06,14.0966,11.7194,11.96,12.6541,2.21263,4.16949,0.989383,2.67766,5.84076,0.311842,3.14343,7.55825,0.0972771,3.63127,9.58578,0.0303237,4.15787,12.0912,0.00945211,4.73731,15.2286,0.00294633,5.38238,19.1721,0.000918508,6.10553,24.134,0.000286163,6.91951,30.3791,8.92692e-05,7.83792,38.2397,2.78121e-05,8.87555,48.1338,8.65134e-06,10.0489,60.5876,2.7882e-06,11.3761,76.2629,8.29036e-07,12.8779,95.9927,2.4373e-07,14.5775,120.825,4.33068e-09,16.5012,152.08,1.75749e-07,18.6784,191.415,-1.86328e-07,21.1428,240.917,1.91829e-07,23.9322,303.213,-1.81475e-07,27.0895,381.602,7.0186e-08,30.6634,480.231,-2.86769e-08,34.7087,604.316,2.40784e-07,39.2876,760.401,9.87368e-08,44.4705,956.705,1.22263e-07,50.3371,1203.54,-4.31966e-07,56.9776,1513.81,-1.9705e-07,64.494,1903.69,-2.763e-08,73.0018,2393.4,3.9185e-07,82.6317,3008.13,1.35379e-07,93.5318,3779.25,-4.16351e-08,105.869,4745.7,2.06965e-08,119.834,5955.6,-3.18887e-07,135.641,7468.12,-1.48271e-08,153.531,9355.62,2.00739e-07,173.781,11705.8,2.28358e-07,196.701,14624.1,-1.93587e-08,222.642,18235,-2.88101e-07,252.003,22683.4,-2.24732e-07,285.234,28134,8.56806e-09,322.845,34767,2.34258e-07,365.413,42770.9,2.99668e-07,413.588,52327.9,8.28644e-08,468.111,63591.2,-3.07049e-07,529.814,76653.2,-3.1888e-07,599.642,91502.5,-6.72276e-08,678.662,107975,2.26339e-07,768.083,125705,3.69212e-07,869.267,144088,2.04077e-07,983.76,162277,-2.80509e-07,1113.3,179223,-4.22737e-07,1259.87,193777,-1.71951e-07,1425.68,204839,4.55555e-07,11.7194,11.96,12.6541,2.21263,4.16949,0.989383,2.67766,5.84076,0.311842,3.14343,7.55825,0.0972771,3.63127,9.58578,0.0303237,4.15787,12.0912,0.00945211,4.73731,15.2286,0.00294633,5.38238,19.1721,0.000918508,6.10553,24.134,0.000286163,6.91951,30.3791,8.92692e-05,7.83792,38.2397,2.78121e-05,8.87555,48.1338,8.65134e-06,10.0489,60.5876,2.7882e-06,11.3761,76.2629,8.29036e-07,12.8779,95.9927,2.4373e-07,14.5775,120.825,1e-08,16.5012,152.08,1.75749e-07,18.6784,191.415,1e-08,21.1428,240.917,1.91829e-07,23.9322,303.213,1e-08,27.0895,381.602,7.0186e-08,30.6634,480.231,1e-08,34.7087,604.316,2.40784e-07,39.2876,760.401,9.87368e-08,44.4705,956.705,1.22263e-07,50.3371,1203.54,1e-08,56.9776,1513.81,1e-08,64.494,1903.69,1e-08,73.0018,2393.4,3.9185e-07,82.6317,3008.13,1.35379e-07,93.5318,3779.25,1e-08,105.869,4745.7,2.06965e-08,119.834,5955.6,1e-08,135.641,7468.12,1e-08,153.531,9355.62,2.00739e-07,173.781,11705.8,2.28358e-07,196.701,14624.1,1e-08,222.642,18235,1e-08,252.003,22683.4,1e-08,285.234,28134,1e-08,322.845,34767,2.34258e-07,365.413,42770.9,2.99668e-07,413.588,52327.9,8.28644e-08,468.111,63591.2,1e-08,529.814,76653.2,1e-08,599.642,91502.5,1e-08,678.662,107975,2.26339e-07,768.083,125705,3.69212e-07,869.267,144088,2.04077e-07,983.76,162277,1e-08,1113.3,179223,1e-08,1259.87,193777,1e-08,1425.68,204839,4.55555e-07,6.2823,3.27286,2.43537,0.219672,6.18826,2.24117,0.56371,6.87772,2.63624,0.308279,11,20,17,0,0,2,1,10,0,5,12,0,2,9,0,3,18,0,7,27,0,6,18,0,9,19,0,6,9,0,4,43,0,7,42,0,14,132,0,14,100,0,13,120,0,4,108,0,18,134,0,35,164,0,18,377,0,53,149,0,37,474,0,29,562,0,71,785,0,73,655,0,46,892,0,52,1349,0,38,797,0,31,2539,0,147,2982,0,64,3570,0,100,1609,0,113,6620,0,145,7702,0,164,2925,0,120,9843,0,199,12901,0,47,25355,0,190,20446,0,237,18968,0,338,26348,0,327,36586,0,311,77001,0,351,51982,0,328,51576,0,152,53984,0,461,71342,0,832,174193,0,466,79297,0,808,193632,0,948,151786,0,499,145624,0,1346,198788,0,2318,132805,0
-1.05176e+08,9.49891e-51,8.88811e-15,10,1023,0,1.05176e+08,0.528882,1.08665,0.389689,0.145397,0.379329,3.24381,0.161596,0.446195,1.77396,0.159177,1.15e+07,4.49998e+06,6.79999e+06,1.15e+07,4.49997e+06,6.79999e+06,1.15e+07,4.49996e+06,6.79999e+06,1.15e+07,4.49995e+06,6.79999e+06,1.14999e+07,4.49993e+06,6.79999e+06,1.14999e+07,4.49991e+06,6.79999e+06,1.14999e+07,4.49989e+06,6.79999e+06,1.14999e+07,4.49986e+06,6.79999e+06,1.14999e+07,4.49982e+06,6.79999e+06,1.14999e+07,4.49977e+06,6.79999e+06,1.14999e+07,4.49971e+06,6.79999e+06,1.14999e+07,4.49963e+06,6.79999e+06,1.14998e+07,4.49953e+06,6.79999e+06,1.14998e+07,4.49941e+06,6.79999e+06,1.14998e+07,4.49926e+06,6.79999e+06,1.14998e+07,4.49906e+06,6.79999e+06,1.14997e+07,4.49882e+06,6.79999e+06,1.14997e+07,4.49851e+06,6.79999e+06,1.14997e+07,4.49812e+06,6.79999e+06,1.14996e+07,4.49764e+06,6.79999e+06,1.14996e+07,4.49702e+06,6.79999e+06,1.14995e+07,4.49625e+06,6.79999e+06,1.14995e+07,4.49528e+06,6.79999e+06,1.14994e+07,4.49406e+06,6.79999e+06,1.14993e+07,4.49253e+06,6.79999e+06,1.14992e+07,4.49059e+06,6.79999e+06,1.14991e+07,4.48817e+06,6.79999e+06,1.1499e+07,4.48511e+06,6.79999e+06,1.14988e+07,4.48128e+06,6.79999e+06,1.14987e+07,4.47646e+06,6.79999e+06,1.14985e+07,4.47041e+06,6.79999e+06,1.14983e+07,4.46281e+06,6.79999e+06,1.14981e+07,4.4533e+06,6.79999e+06,1.14979e+07,4.44138e+06,6.79999e+06,1.14976e+07,4.42649e+06,6.79999e+06,1.14972e+07,4.40789e+06,6.79999e+06,1.14969e+07,4.38471e+06,6.79999e+06,1.14965e+07,4.35592e+06,6.79999e+06,1.1496e+07,4.32027e+06,6.79999e+06,1.14955e+07,4.27629e+06,6.79999e+06,1.14949e+07,4.22231e+06,6.79999e+06,1.14942e+07,4.15647e+06,6.79999e+06,1.14934e+07,4.07676e+06,6.79999e+06,1.14926e+07,3.98112e+06,6.79999e+06,1.14916e+07,3.86765e+06,6.79999e+06,1.14905e+07,3.73474e+06,6.79999e+06,1.14892e+07,3.58148e+06,6.79999e+06,1.14878e+07,3.40785e+06,6.79999e+06,1.14862e+07,3.21513e+06,6.79999e+06,1.14844e+07,3.00605e+06,6.79999e+06,1.14823e+07,2.7848e+06,6.79999e+06,1.148e+07,2.5568e+06,6.79999e+06,1.14773e+07,2.32825e+06,6.79999e+06,13.5742,8.52444,0.508366,16.8306,13.2585,0.162638,20.0035,17.569,0.0507846,23.2616,22.4214,0.0158319,26.7328,28.3297,0.00493498,30.5212,35.6974,0.00153831,34.7178,44.9473,0.000479527,39.4086,56.5822,0.000149456,44.6796,71.2245,4.66214e-05,50.6209,89.6543,1.45419e-05,57.3297,112.852,4.54748e-06,64.9129,142.051,1.43857e-06,73.4897,178.803,4.36618e-07,83.1934,225.062,1.40153e-07,94.1745,283.286,4.96378e-08,106.602,356.568,1.05434e-07,120.669,448.799,-6.49244e-08,136.59,564.873,1.70148e-07,154.611,710.948,-5.34594e-08,175.008,894.767,1.63407e-07,198.097,1126.06,8.04804e-08,224.231,1417.07,1.14667e-07,253.813,1783.15,-1.71227e-07,287.297,2243.62,-2.88466e-07,325.198,2822.67,-4.33651e-07,368.098,3550.67,7.9318e-08,416.657,4465.65,3.13319e-07,471.621,5615.16,3.4613e-07,533.835,7058.61,-1.19199e-07,604.255,8870.02,-2.79964e-07,683.962,11141.4,-2.30521e-07,774.182,13986.7,-2.55099e-07,876.299,17546.4,1.23585e-07,991.883,21993.1,1.41192e-07,1122.71,27536.7,-9.71886e-08,1270.78,34430.7,-3.68368e-07,1438.38,42977.7,-3.45379e-07,1628.07,53532.7,-3.25328e-09,1842.77,66504.6,2.6362e-07,2085.77,82350.2,2.53445e-07,2360.79,101560,-2.47407e-08,2672.05,124632,-3.80602e-07,3024.31,152018,-4.79005e-07,3422.98,184060,-1.14379e-07,3874.15,220884,2.64297e-07,4384.72,262283,3.44131e-07,4962.49,307576,7.5349e-08,5616.29,355497,-3.63097e-07,6356.1,404126,-6.05442e-07,7193.18,450932,-2.72333e-07,8140.28,492963,2.29675e-07,9211.79,527178,4.3387e-07,10424,550893,-1.0711e-07,10.102,8.06553,2.81012,10.6436,8.57909,0.869423,11.5336,10.2515,0.270869,12.7211,12.7138,0.0844293,14.1823,15.9373,0.0263173,15.9122,20.0383,0.0082035,17.9198,25.2154,0.00255722,20.2244,31.7373,0.000797017,22.8539,39.9486,0.000248622,25.8438,50.2851,7.75492e-05,29.237,63.2963,2.42508e-05,33.0837,79.6738,7.67162e-06,37.4415,100.288,2.32837e-06,42.3767,126.236,7.33e-07,47.9646,158.896,2.79256e-07,54.2906,200.003,9.87351e-09,61.452,251.741,1.61085e-07,69.5585,316.859,-2.47141e-07,78.7347,398.812,8.93552e-08,89.1218,501.948,-2.53231e-07,100.879,631.736,-1.25047e-07,114.188,795.049,-1.78808e-07,129.252,1000.53,2.6733e-07,146.304,1259.03,4.50292e-07,165.605,1584.19,6.76904e-07,187.452,1993.12,-1.23808e-07,212.181,2507.27,-4.89068e-07,240.173,3153.54,-5.40284e-07,271.856,3965.56,1.86061e-07,307.719,4985.38,4.37004e-07,348.313,6265.4,3.59828e-07,394.26,7870.83,3.98192e-07,446.268,9882.51,-1.92908e-07,505.135,12400.3,-2.20392e-07,571.766,15546.9,1.51705e-07,647.184,19472.2,5.74996e-07,732.547,24357.4,5.39112e-07,829.167,30420,5.07815e-09,938.526,37916.3,-4.11492e-07,1062.3,47143.9,-3.9561e-07,1202.4,58439.2,3.86185e-08,1360.96,72169.3,5.94093e-07,1540.42,88715.8,7.47693e-07,1743.53,108445,1.78537e-07,1973.41,131665,-4.12549e-07,2233.57,158557,-5.37164e-07,2528,189103,-1.17615e-07,2861.2,222986,5.66769e-07,3238.27,259510,9.45053e-07,3664.97,297540,4.25093e-07,4147.81,335497,-3.58506e-07,4694.17,371444,-6.7724e-07,5312.37,403256,1.67192e-07,1.61744,3.89446,9.84394,3.28846,7.5504,12.774,5.07607,11.7187,13.6844,7.03202,16.8147,13.9681,9.20215,23.1769,14.0566,11.6301,31.1672,14.0841,14.3598,41.2186,14.0927,17.4376,53.8688,14.0954,20.9137,69.7915,14.0962,24.8432,89.8341,14.0965,29.2879,115.063,14.0966,34.3168,146.819,14.0966,40.0078,186.792,14.0966,46.4487,237.107,14.0966,53.7388,300.44,14.0966,61.9903,380.158,14.0966,71.3301,480.499,14.0966,81.902,606.796,14.0966,93.8685,765.761,14.0966,107.414,965.837,14.0966,122.746,1217.65,14.0966,140.101,1534.57,14.0966,159.745,1933.41,14.0966,181.981,2435.3,14.0966,207.15,3066.85,14.0966,235.64,3861.46,14.0966,267.889,4861.11,14.0966,304.391,6118.54,14.0966,345.709,7699.91,14.0966,392.478,9688.22,14.0966,445.417,12187.5,14.0966,505.339,15327.7,14.0966,573.165,19271.6,14.0966,649.938,24222,14.0966,736.839,30430.9,14.0966,835.202,38211.5,14.0966,946.539,47950.3,14.0966,1072.56,60122.8,14.0966,1215.21,75309.9,14.0966,1376.66,94216.2,14.0966,1559.41,117688,14.0966,1766.26,146729,14.0966,2000.39,182510,14.0966,2265.39,226372,14.0966,2565.33,279806,14.0966,2904.81,344416,14.0966,3289.05,421845,14.0966,3723.93,513667,14.0966,4216.13,621231,14.0966,4773.18,745478,14.0966,5403.64,886744,14.0966,6117.15,1.04457e+06,14.0966,6924.63,1.2176e+06,14.0966,11.7194,11.96,12.6541,13.9321,16.1295,13.6434,16.6097,21.9702,13.9553,19.7532,29.5285,14.0526,23.3844,39.1143,14.0829,27.5423,51.2054,14.0923,32.2796,66.434,14.0953,37.662,85.6061,14.0962,43.7675,109.74,14.0965,50.687,140.119,14.0966,58.5249,178.359,14.0966,67.4005,226.493,14.0966,77.4493,287.08,14.0966,88.8254,363.343,14.0966,101.703,459.336,14.0966,116.281,580.161,14.0966,132.782,732.241,14.0966,151.46,923.655,14.0966,172.603,1164.57,14.0966,196.535,1467.79,14.0966,223.625,1849.39,14.0966,254.288,2329.62,14.0966,288.997,2933.93,14.0966,328.285,3694.33,14.0966,372.755,4651.04,14.0966,423.092,5854.57,14.0966,480.07,7368.38,14.0966,544.564,9272.08,14.0966,617.566,11665.5,14.0966,700.197,14673.6,14.0966,793.729,18452.9,14.0966,899.599,23198.6,14.0966,1019.43,29154.1,14.0966,1155.07,36622.3,14.0966,1308.6,45977.9,14.0966,1482.39,57683.7,14.0966,1679.09,72307.8,14.0966,1901.73,90542.8,14.0966,2153.73,113226,14.0966,2438.97,141360,14.0966,2761.81,176127,14.0966,3127.22,218898,14.0966,3540.81,271226,14.0966,4008.92,334817,14.0966,4538.74,411470,14.0966,5138.38,502973,14.0966,5817.04,610948,14.0966,6585.12,736653,14.0966,7454.39,880741,14.0966,8438.15,1.04302e+06,14.0966,9551.45,1.22224e+06,14.0966,10811.3,1.41602e+06,14.0966,12237,1.62086e+06,14.0966,11.7194,11.96,12.6541,2.21263,4.16949,0.989383,2.67766,5.84076,0.311842,3.14343,7.55825,0.0972771,3.63127,9.58578,0.0303237,4.15787,12.0912,0.00945211,4.73731,15.2286,0.00294633,5.38238,19.1721,0.000918508,6.10553,24.134,0.000286163,6.91951,30.3791,8.92692e-05,7.83792,38.2397,2.78121e-05,8.87555,48.1338,8.65134e-06,10.0489,60.5876,2.7882e-06,11.3761,76.2629,8.29036e-07,12.8779,95.9927,2.4373e-07,14.5775,120.825,4.33068e-09,16.5012,152.08,1.75749e-07,18.6784,191.415,-1.86328e-07,21.1428,240.917,1.91829e-07,23.9322,303.213,-1.81475e-07,27.0895,381.602,7.0186e-08,30.6634,480.231,-2.86769e-08,34.7087,604.316,2.40784e-07,39.2876,760.401,9.87368e-08,44.4705,956.705,1.22263e-07,50.3371,1203.54,-4.31966e-07,56.9776,1513.81,-1.9705e-07,64.494,1903.69,-2.763e-08,73.0018,2393.4,3.9185e-07,82.6317,3008.13,1.35379e-07,93.5318,3779.25,-4.16351e-08,105.869,4745.7,2.06965e-08,119.834,5955.6,-3.18887e-07,135.641,7468.12,-1.48271e-08,153.531,9355.62,2.00739e-07,173.781,11705.8,2.28358e-07,196.701,14624.1,-1.93587e-08,222.642,18235,-2.88101e-07,252.003,22683.4,-2.24732e-07,285.234,28134,8.56806e-09,322.845,34767,2.34258e-07,365.413,42770.9,2.99668e-07,413.588,52327.9,8.28644e-08,468.111,63591.2,-3.07049e-07,529.814,76653.2,-3.1888e-07,599.642,91502.5,-6.72276e-08,678.662,107975,2.26339e-07,768.083,125705,3.69212e-07,869.267,144088,2.04077e-07,983.76,162277,-2.80509e-07,1113.3,179223,-4.22737e-07,1259.87,193777,-1.71951e-07,1425.68,204839,4.55555e-07,11.7194,11.96,12.6541,2.21263,4.16949,0.989383,2.67766,5.84076,0.311842,3.14343,7.55825,0.0972771,3.63127,9.58578,0.0303237,4.15787,12.0912,0.00945211,4.73731,15.2286,0.00294633,5.38238,19.1721,0.000918508,6.10553,24.134,0.000286163,6.91951,30.3791,8.92692e-05,7.83792,38.2397,2.78121e-05,8.87555,48.1338,8.65134e-06,10.0489,60.5876,2.7882e-06,11.3761,76.2629,8.29036e-07,12.8779,95.9927,2.4373e-07,14.5775,120.825,1e-08,16.5012,152.08,1.75749e-07,18.6784,191.415,1e-08,21.1428,240.917,1.91829e-07,23.9322,303.213,1e-08,27.0895,381.602,7.0186e-08,30.6634,480.231,1e-08,34.7087,604.316,2.40784e-07,39.2876,760.401,9.87368e-08,44.4705,956.705,1.22263e-07,50.3371,1203.54,1e-08,56.9776,1513.81,1e-08,64.494,1903.69,1e-08,73.0018,2393.4,3.9185e-07,82.6317,3008.13,1.35379e-07,93.5318,3779.25,1e-08,105.869,4745.7,2.06965e-08,119.834,5955.6,1e-08,135.641,7468.12,1e-08,153.531,9355.62,2.00739e-07,173.781,11705.8,2.28358e-07,196.701,14624.1,1e-08,222.642,18235,1e-08,252.003,22683.4,1e-08,285.234,28134,1e-08,322.845,34767,2.34258e-07,365.413,42770.9,2.99668e-07,413.588,52327.9,8.28644e-08,468.111,63591.2,1e-08,529.814,76653.2,1e-08,599.642,91502.5,1e-08,678.662,107975,2.26339e-07,768.083,125705,3.69212e-07,869.267,144088,2.04077e-07,983.76,162277,1e-08,1113.3,179223,1e-08,1259.87,193777,1e-08,1425.68,204839,4.55555e-07,6.2823,3.27286,2.43537,0.219672,6.18826,2.24117,0.56371,6.87772,2.63624,0.308279,6,9,7,0,5,0,1,4,0,5,3,0,3,10,0,6,5,0,3,18,0,9,21,0,2,12,0,13,28,0,4,36,0,7,32,0,14,55,0,14,59,0,11,133,0,23,138,0,9,128,0,13,193,0,18,352,0,47,450,0,50,626,0,40,341,0,40,369,0,50,1624,0,44,799,0,48,2774,0,67,1508,0,41,1635,0,78,1582,0,111,5253,0,78,2606,0,111,3388,0,64,4108,0,101,6734,0,251,9422,0,208,18336,0,122,15860,0,190,14859,0,115,26297,0,121,32249,0,472,47854,0,664,49783,0,182,53994,0,673,19121,0,497,109222,0,479,89851,0,532,37163,0,270,223895,0,758,178263,0,1075,217508,0,1250,221624,0,1859,219124,0,808,112727,0
-1.05176e+08,1,8.88811e-15,10,1023,0,1.05176e+08,0.528882,1.08665,0.389689,0.145397,0.379329,3.24381,0.161596,0.446195,1.77396,0.159177,1.15e+07,4.49998e+06,6.79999e+06,1.15e+07,4.49997e+06,6.79999e+06,1.15e+07,4.49996e+06,6.79999e+06,1.15e+07,4.49995e+06,6.79999e+06,1.14999e+07,4.49993e+06,6.79999e+06,1.14999e+07,4.49991e+06,6.79999e+06,1.14999e+07,4.49989e+06,6.79999e+06,1.14999e+07,4.49986e+06,6.79999e+06,1.14999e+07,4.49982e+06,6.79999e+06,1.14999e+07,4.49977e+06,6.79999e+06,1.14999e+07,4.49971e+06,6.79999e+06,1.14999e+07,4.49963e+06,6.79999e+06,1.14998e+07,4.49953e+06,6.79999e+06,1.14998e+07,4.49941e+06,6.79999e+06,1.14998e+07,4.49926e+06,6.79999e+06,1.14998e+07,4.49906e+06,6.79999e+06,1.14997e+07,4.49882e+06,6.79999e+06,1.14997e+07,4.49851e+06,6.79999e+06,1.14997e+07,4.49812e+06,6.79999e+06,1.14996e+07,4.49764e+06,6.79999e+06,1.14996e+07,4.49702e+06,6.79999e+06,1.14995e+07,4.49625e+06,6.79999e+06,1.14995e+07,4.49528e+06,6.79999e+06,1.14994e+07,4.49406e+06,6.79999e+06,1.14993e+07,4.49253e+06,6.79999e+06,1.14992e+07,4.49059e+06,6.79999e+06,1.14991e+07,4.48817e+06,6.79999e+06,1.1499e+07,4.48511e+06,6.79999e+06,1.14988e+07,4.48128e+06,6.79999e+06,1.14987e+07,4.47646e+06,6.79999e+06,1.14985e+07,4.47041e+06,6.79999e+06,1.14983e+07,4.46281e+06,6.79999e+06,1.14981e+07,4.4533e+06,6.79999e+06,1.14979e+07,4.44138e+06,6.79999e+06,1.14976e+07,4.42649e+06,6.79999e+06,1.14972e+07,4.40789e+06,6.79999e+06,1.14969e+07,4.38471e+06,6.79999e+06,1.14965e+07,4.35592e+06,6.79999e+06,1.1496e+07,4.32027e+06,6.79999e+06,1.14955e+07,4.27629e+06,6.79999e+06,1.14949e+07,4.22231e+06,6.79999e+06,1.14942e+07,4.15647e+06,6.79999e+06,1.14934e+07,4.07676e+06,6.79999e+06,1.14926e+07,3.98112e+06,6.79999e+06,1.14916e+07,3.86765e+06,6.79999e+06,1.14905e+07,3.73474e+06,6.79999e+06,1.14892e+07,3.58148e+06,6.79999e+06,1.14878e+07,3.40785e+06,6.79999e+06,1.14862e+07,3.21513e+06,6.79999e+06,1.14844e+07,3.00605e+06,6.79999e+06,1.14823e+07,2.7848e+06,6.79999e+06,1.148e+07,2.5568e+06,6.79999e+06,1.14773e+07,2.32825e+06,6.79999e+06,13.5742,8.52444,0.508366,16.8306,13.2585,0.162638,20.0035,17.569,0.0507846,23.2616,22.4214,0.0158319,26.7328,28.3297,0.00493498,30.5212,35.6974,0.00153831,34.7178,44.9473,0.000479527,39.4086,56.5822,0.000149456,44.6796,71.2245,4.66214e-05,50.6209,89.6543,1.45419e-05,57.3297,112.852,4.54748e-06,64.9129,142.051,1.43857e-06,73.4897,178.803,4.36618e-07,83.1934,225.062,1.40153e-07,94.1745,283.286,4.96378e-08,106.602,356.568,1.05434e-07,120.669,448.799,-6.49244e-08,136.59,564.873,1.70148e-07,154.611,710.948,-5.34594e-08,175.008,894.767,1.63407e-07,198.097,1126.06,8.04804e-08,224.231,1417.07,1.14667e-07,253.813,1783.15,-1.71227e-07,287.297,2243.62,-2.88466e-07,325.198,2822.67,-4.33651e-07,368.098,3550.67,7.9318e-08,416.657,4465.65,3.13319e-07,471.621,5615.16,3.4613e-07,533.835,7058.61,-1.19199e-07,604.255,8870.02,-2.79964e-07,683.962,11141.4,-2.30521e-07,774.182,13986.7,-2.55099e-07,876.299,17546.4,1.23585e-07,991.883,21993.1,1.41192e-07,1122.71,27536.7,-9.71886e-08,1270.78,34430.7,-3.68368e-07,1438.38,42977.7,-3.45379e-07,1628.07,53532.7,-3.25328e-09,1842.77,66504.6,2.6362e-07,2085.77,82350.2,2.53445e-07,2360.79,101560,-2.47407e-08,2672.05,124632,-3.80602e-07,3024.31,152018,-4.79005e-07,3422.98,184060,-1.14379e-07,3874.15,220884,2.64297e-07,4384.72,262283,3.44131e-07,4962.49,307576,7.5349e-08,5616.29,355497,-3.63097e-07,6356.1,404126,-6.05442e-07,7193.18,450932,-2.72333e-07,8140.28,492963,2.29675e-07,9211.79,527178,4.3387e-07,10424,550893,-1.0711e-07,10.102,8.06553,2.81012,10.6436,8.57909,0.869423,11.5336,10.2515,0.270869,12.7211,12.7138,0.0844293,14.1823,15.9373,0.0263173,15.9122,20.0383,0.0082035,17.9198,25.2154,0.00255722,20.2244,31.7373,0.000797017,22.8539,39.9486,0.000248622,25.8438,50.2851,7.75492e-05,29.237,63.2963,2.42508e-05,33.0837,79.6738,7.67162e-06,37.4415,100.288,2.32837e-06,42.3767,126.236,7.33e-07,47.9646,158.896,2.79256e-07,54.2906,200.003,9.87351e-09,61.452,251.741,1.61085e-07,69.5585,316.859,-2.47141e-07,78.7347,398.812,8.93552e-08,89.1218,501.948,-2.53231e-07,100.879,631.736,-1.25047e-07,114.188,795.049,-1.78808e-07,129.252,1000.53,2.6733e-07,146.304,1259.03,4.50292e-07,165.605,1584.19,6.76904e-07,187.452,1993.12,-1.23808e-07,212.181,2507.27,-4.89068e-07,240.173,3153.54,-5.40284e-07,271.856,3965.56,1.86061e-07,307.719,4985.38,4.37004e-07,348.313,6265.4,3.59828e-07,394.26,7870.83,3.98192e-07,446.268,9882.51,-1.92908e-07,505.135,12400.3,-2.20392e-07,571.766,15546.9,1.51705e-07,647.184,19472.2,5.74996e-07,732.547,24357.4,5.39112e-07,829.167,30420,5.07815e-09,938.526,37916.3,-4.11492e-07,1062.3,47143.9,-3.9561e-07,1202.4,58439.2,3.86185e-08,1360.96,72169.3,5.94093e-07,1540.42,88715.8,7.47693e-07,1743.53,108445,1.78537e-07,1973.41,131665,-4.12549e-07,2233.57,158557,-5.37164e-07,2528,189103,-1.17615e-07,2861.2,222986,5.66769e-07,3238.27,259510,9.45053e-07,3664.97,297540,4.25093e-07,4147.81,335497,-3.58506e-07,4694.17,371444,-6.7724e-07,5312.37,403256,1.67192e-07,1.61744,3.89446,9.84394,3.28846,7.5504,12.774,5.07607,11.7187,13.6844,7.03202,16.8147,13.9681,9.20215,23.1769,14.0566,11.6301,31.1672,14.0841,14.3598,41.2186,14.0927,17.4376,53.8688,14.0954,20.9137,69.7915,14.0962,24.8432,89.8341,14.0965,29.2879,115.063,14.0966,34.3168,146.819,14.0966,40.0078,186.792,14.0966,46.4487,237.107,14.0966,53.7388,300.44,14.0966,61.9903,380.158,14.0966,71.3301,480.499,14.0966,81.902,606.796,14.0966,93.8685,765.761,14.0966,107.414,965.837,14.0966,122.746,1217.65,14.0966,140.101,1534.57,14.0966,159.745,1933.41,14.0966,181.981,2435.3,14.0966,207.15,3066.85,14.0966,235.64,3861.46,14.0966,267.889,4861.11,14.0966,304.391,6118.54,14.0966,345.709,7699.91,14.0966,392.478,9688.22,14.0966,445.417,12187.5,14.0966,505.339,15327.7,14.0966,573.165,19271.6,14.0966,649.938,24222,14.0966,736.839,30430.9,14.0966,835.202,38211.5,14.0966,946.539,47950.3,14.0966,1072.56,60122.8,14.0966,1215.21,75309.9,14.0966,1376.66,94216.2,14.0966,1559.41,117688,14.0966,1766.26,146729,14.0966,2000.39,182510,14.0966,2265.39,226372,14.0966,2565.33,279806,14.0966,2904.81,344416,14.0966,3289.05,421845,14.0966,3723.93,513667,14.0966,4216.13,621231,14.0966,4773.18,745478,14.0966,5403.64,886744,14.0966,6117.15,1.04457e+06,14.0966,6924.63,1.2176e+06,14.0966,11.7194,11.96,12.6541,13.9321,16.1295,13.6434,16.6097,21.9702,13.9553,19.7532,29.5285,14.0526,23.3844,39.1143,14.0829,27.5423,51.2054,14.0923,32.2796,66.434,14.0953,37.662,85.6061,14.0962,43.7675,109.74,14.0965,50.687,140.119,14.0966,58.5249,178.359,14.0966,67.4005,226.493,14.0966,77.4493,287.08,14.0966,88.8254,363.343,14.0966,101.703,459.336,14.0966,116.281,580.161,14.0966,132.782,732.241,14.0966,151.46,923.655,14.0966,172.603,1164.57,14.0966,196.535,1467.79,14.0966,223.625,1849.39,14.0966,254.288,2329.62,14.0966,288.997,2933.93,14.0966,328.285,3694.33,14.0966,372.755,4651.04,14.0966,423.092,5854.57,14.0966,480.07,7368.38,14.0966,544.564,9272.08,14.0966,617.566,11665.5,14.0966,700.197,14673.6,14.0966,793.729,18452.9,14.0966,899.599,23198.6,14.0966,1019.43,29154.1,14.0966,1155.07,36622.3,14.0966,1308.6,45977.9,14.0966,1482.39,57683.7,14.0966,1679.09,72307.8,14.0966,1901.73,90542.8,14.0966,2153.73,113226,14.0966,2438.97,141360,14.0966,2761.81,176127,14.0966,3127.22,218898,14.0966,3540.81,271226,14.0966,4008.92,334817,14.0966,4538.74,411470,14.0966,5138.38,502973,14.0966,5817.04,610948,14.0966,6585.12,736653,14.0966,7454.39,880741,14.0966,8438.15,1.04302e+06,14.0966,9551.45,1.22224e+06,14.0966,10811.3,1.41602e+06,14.0966,12237,1.62086e+06,14.0966,11.7194,11.96,12.6541,2.21263,4.16949,0.989383,2.67766,5.84076,0.311842,3.14343,7.55825,0.0972771,3.63127,9.58578,0.0303237,4.15787,12.0912,0.00945211,4.73731,15.2286,0.00294633,5.38238,19.1721,0.000918508,6.10553,24.134,0.000286163,6.91951,30.3791,8.92692e-05,7.83792,38.2397,2.78121e-05,8.87555,48.1338,8.65134e-06,10.0489,60.5876,2.7882e-06,11.3761,76.2629,8.29036e-07,12.8779,95.9927,2.4373e-07,14.5775,120.825,4.33068e-09,16.5012,152.08,1.75749e-07,18.6784,191.415,-1.86328e-07,21.1428,240.917,1.91829e-07,23.9322,303.213,-1.81475e-07,27.0895,381.602,7.0186e-08,30.6634,480.231,-2.86769e-08,34.7087,604.316,2.40784e-07,39.2876,760.401,9.87368e-08,44.4705,956.705,1.22263e-07,50.3371,1203.54,-4.31966e-07,56.9776,1513.81,-1.9705e-07,64.494,1903.69,-2.763e-08,73.0018,2393.4,3.9185e-07,82.6317,3008.13,1.35379e-07,93.5318,3779.25,-4.16351e-08,105.869,4745.7,2.06965e-08,119.834,5955.6,-3.18887e-07,135.641,7468.12,-1.48271e-08,153.531,9355.62,2.00739e-07,173.781,11705.8,2.28358e-07,196.701,14624.1,-1.93587e-08,222.642,18235,-2.88101e-07,252.003,22683.4,-2.24732e-07,285.234,28134,8.56806e-09,322.845,34767,2.34258e-07,365.413,42770.9,2.99668e-07,413.588,52327.9,8.28644e-08,468.111,63591.2,-3.07049e-07,529.814,76653.2,-3.1888e-07,599.642,91502.5,-6.72276e-08,678.662,107975,2.26339e-07,768.083,125705,3.69212e-07,869.267,144088,2.04077e-07,983.76,162277,-2.80509e-07,1113.3,179223,-4.22737e-07,1259.87,193777,-1.71951e-07,1425.68,204839,4.55555e-07,11.7194,11.96,12.6541,2.21263,4.16949,0.989383,2.67766,5.84076,0.311842,3.14343,7.55825,0.0972771,3.63127,9.58578,0.0303237,4.15787,12.0912,0.00945211,4.73731,15.2286,0.00294633,5.38238,19.1721,0.000918508,6.10553,24.134,0.000286163,6.91951,30.3791,8.92692e-05,7.83792,38.2397,2.78121e-05,8.87555,48.1338,8.65134e-06,10.0489,60.5876,2.7882e-06,11.3761,76.2629,8.29036e-07,12.8779,95.9927,2.4373e-07,14.5775,120.825,1e-08,16.5012,152.08,1.75749e-07,18.6784,191.415,1e-08,21.1428,240.917,1.91829e-07,23.9322,303.213,1e-08,27.0895,381.602,7.0186e-08,30.6634,480.231,1e-08,34.7087,604.316,2.40784e-07,39.2876,760.401,9.87368e-08,44.4705,956.705,1.22263e-07,50.3371,1203.54,1e-08,56.9776,1513.81,1e-08,64.494,1903.69,1e-08,73.0018,2393.4,3.9185e-07,82.6317,3008.13,1.35379e-07,93.5318,3779.25,1e-08,105.869,4745.7,2.06965e-08,119.834,5955.6,1e-08,135.641,7468.12,1e-08,153.531,9355.62,2.00739e-07,173.781,11705.8,2.28358e-07,196.701,14624.1,1e-08,222.642,18235,1e-08,252.003,22683.4,1e-08,285.234,28134,1e-08,322.845,34767,2.34258e-07,365.413,42770.9,2.99668e-07,413.588,52327.9,8.28644e-08,468.111,63591.2,1e-08,529.814,76653.2,1e-08,599.642,91502.5,1e-08,678.662,107975,2.26339e-07,768.083,125705,3.69212e-07,869.267,144088,2.04077e-07,983.76,162277,1e-08,1113.3,179223,1e-08,1259.87,193777,1e-08,1425.68,204839,4.55555e-07,6.2823,3.27286,2.43537,0.219672,6.18826,2.24117,0.56371,6.87772,2.63624,0.308279,6,19,22,4,1,0,2,4,0,4,4,0,5,3,0,0,6,0,0,12,0,6,32,0,11,22,0,3,18,0,10,31,0,12,65,0,7,47,0,7,54,0,10,49,0,12,161,0,21,131,0,9,179,0,27,255,0,14,320,0,9,472,0,16,344,0,27,838,0,64,1060,0,15,895,0,78,522,0,61,2297,0,79,1551,0,91,1853,0,101,2954,0,73,1982,0,128,10373,0,122,8430,0,94,7296,0,46,8247,0,326,14118,0,231,22405,0,148,17708,0,258,20554,0,208,47610,0,280,53626,0,326,52142,0,272,50658,0,712,55823,0,323,93170,0,805,68435,0,720,146910,0,1198,66319,0,1269,126305,0,1298,126125,0,980,209902,0,916,141358,0,924,311611,0
-1.05176e+08,1,8.88811e-15,10,1023,0,1.05176e+08,0.528882,1.08665,0.389689,0.145397,0.379329,3.24381,0.161596,0.446195,1.77396,0.159177,1.15e+07,4.49998e+06,6.79999e+06,1.15e+07,4.49997e+06,6.79999e+06,1.15e+07,4.49996e+06,6.79999e+06,1.15e+07,4.49995e+06,6.79999e+06,1.14999e+07,4.49993e+06,6.79999e+06,1.14999e+07,4.49991e+06,6.79999e+06,1.14999e+07,4.49989e+06,6.79999e+06,1.14999e+07,4.49986e+06,6.79999e+06,1.14999e+07,4.49982e+06,6.79999e+06,1.14999e+07,4.49977e+06,6.79999e+06,1.14999e+07,4.49971e+06,6.79999e+06,1.14999e+07,4.49963e+06,6.79999e+06,1.14998e+07,4.49953e+06,6.79999e+06,1.14998e+07,4.49941e+06,6.79999e+06,1.14998e+07,4.49926e+06,6.79999e+06,1.14998e+07,4.49906e+06,6.79999e+06,1.14997e+07,4.49882e+06,6.79999e+06,1.14997e+07,4.49851e+06,6.79999e+06,1.14997e+07,4.49812e+06,6.79999e+06,1.14996e+07,4.49764e+06,6.79999e+06,1.14996e+07,4.49702e+06,6.79999e+06,1.14995e+07,4.49625e+06,6.79999e+06,1.14995e+07,4.49528e+06,6.79999e+06,1.14994e+07,4.49406e+06,6.79999e+06,1.14993e+07,4.49253e+06,6.79999e+06,1.14992e+07,4.49059e+06,6.79999e+06,1.14991e+07,4.48817e+06,6.79999e+06,1.1499e+07,4.48511e+06,6.79999e+06,1.14988e+07,4.48128e+06,6.79999e+06,1.14987e+07,4.47646e+06,6.79999e+06,1.14985e+07,4.47041e+06,6.79999e+06,1.14983e+07,4.46281e+06,6.79999e+06,1.14981e+07,4.4533e+06,6.79999e+06,1.14979e+07,4.44138e+06,6.79999e+06,1.14976e+07,4.42649e+06,6.79999e+06,1.14972e+07,4.40789e+06,6.79999e+06,1.14969e+07,4.38471e+06,6.79999e+06,1.14965e+07,4.35592e+06,6.79999e+06,1.1496e+07,4.32027e+06,6.79999e+06,1.14955e+07,4.27629e+06,6.79999e+06,1.14949e+07,4.22231e+06,6.79999e+06,1.14942e+07,4.15647e+06,6.79999e+06,1.14934e+07,4.07676e+06,6.79999e+06,1.14926e+07,3.98112e+06,6.79999e+06,1.14916e+07,3.86765e+06,6.79999e+06,1.14905e+07,3.73474e+06,6.79999e+06,1.14892e+07,3.58148e+06,6.79999e+06,1.14878e+07,3.40785e+06,6.79999e+06,1.14862e+07,3.21513e+06,6.79999e+06,1.14844e+07,3.00605e+06,6.79999e+06,1.14823e+07,2.7848e+06,6.79999e+06,1.148e+07,2.5568e+06,6.79999e+06,1.14773e+07,2.32825e+06,6.79999e+06,13.5742,8.52444,0.508366,16.8306,13.2585,0.162638,20.0035,17.569,0.0507846,23.2616,22.4214,0.0158319,26.7328,28.3297,0.00493498,30.5212,35.6974,0.00153831,34.7178,44.9473,0.000479527,39.4086,56.5822,0.000149456,44.6796,71.2245,4.66214e-05,50.6209,89.6543,1.45419e-05,57.3297,112.852,4.54748e-06,64.9129,142.051,1.43857e-06,73.4897,178.803,4.36618e-07,83.1934,225.062,1.40153e-07,94.1745,283.286,4.96378e-08,106.602,356.568,1.05434e-07,120.669,448.799,-6.49244e-08,136.59,564.873,1.70148e-07,154.611,710.948,-5.34594e-08,175.008,894.767,1.63407e-07,198.097,1126.06,8.04804e-08,224.231,1417.07,1.14667e-07,253.813,1783.15,-1.71227e-07,287.297,2243.62,-2.88466e-07,325.198,2822.67,-4.33651e-07,368.098,3550.67,7.9318e-08,416.657,4465.65,3.13319e-07,471.621,5615.16,3.4613e-07,533.835,7058.61,-1.19199e-07,604.255,8870.02,-2.79964e-07,683.962,11141.4,-2.30521e-07,774.182,13986.7,-2.55099e-07,876.299,17546.4,1.23585e-07,991.883,21993.1,1.41192e-07,1122.71,27536.7,-9.71886e-08,1270.78,34430.7,-3.68368e-07,1438.38,42977.7,-3.45379e-07,1628.07,53532.7,-3.25328e-09,1842.77,66504.6,2.6362e-07,2085.77,82350.2,2.53445e-07,2360.79,101560,-2.47407e-08,2672.05,124632,-3.80602e-07,3024.31,152018,-4.79005e-07,3422.98,184060,-1.14379e-07,3874.15,220884,2.64297e-07,4384.72,262283,3.44131e-07,4962.49,307576,7.5349e-08,5616.29,355497,-3.63097e-07,6356.1,404126,-6.05442e-07,7193.18,450932,-2.72333e-07,8140.28,492963,2.29675e-07,9211.79,527178,4.3387e-07,10424,550893,-1.0711e-07,10.102,8.06553,2.81012,10.6436,8.57909,0.869423,11.5336,10.2515,0.270869,12.7211,12.7138,0.0844293,14.1823,15.9373,0.0263173,15.9122,20.0383,0.0082035,17.9198,25.2154,0.00255722,20.2244,31.7373,0.000797017,22.8539,39.9486,0.000248622,25.8438,50.2851,7.75492e-05,29.237,63.2963,2.42508e-05,33.0837,79.6738,7.67162e-06,37.4415,100.288,2.32837e-06,42.3767,126.236,7.33e-07,47.9646,158.896,2.79256e-07,54.2906,200.003,9.87351e-09,61.452,251.741,1.61085e-07,69.5585,316.859,-2.47141e-07,78.7347,398.812,8.93552e-08,89.1218,501.948,-2.53231e-07,100.879,631.736,-1.25047e-07,114.188,795.049,-1.78808e-07,129.252,1000.53,2.6733e-07,146.304,1259.03,4.50292e-07,165.605,1584.19,6.76904e-07,187.452,1993.12,-1.23808e-07,212.181,2507.27,-4.89068e-07,240.173,3153.54,-5.40284e-07,271.856,3965.56,1.86061e-07,307.719,4985.38,4.37004e-07,348.313,6265.4,3.59828e-07,394.26,7870.83,3.98192e-07,446.268,9882.51,-1.92908e-07,505.135,12400.3,-2.20392e-07,571.766,15546.9,1.51705e-07,647.184,19472.2,5.74996e-07,732.547,24357.4,5.39112e-07,829.167,30420,5.07815e-09,938.526,37916.3,-4.11492e-07,1062.3,47143.9,-3.9561e-07,1202.4,58439.2,3.86185e-08,1360.96,72169.3,5.94093e-07,1540.42,88715.8,7.47693e-07,1743.53,108445,1.78537e-07,1973.41,131665,-4.12549e-07,2233.57,158557,-5.37164e-07,2528,189103,-1.17615e-07,2861.2,222986,5.66769e-07,3238.27,259510,9.45053e-07,3664.97,297540,4.25093e-07,4147.81,335497,-3.58506e-07,4694.17,371444,-6.7724e-07,5312.37,403256,1.67192e-07,1.61744,3.89446,9.84394,3.28846,7.5504,12.774,5.07607,11.7187,13.6844,7.03202,16.8147,13.9681,9.20215,23.1769,14.0566,11.6301,31.1672,14.0841,14.3598,41.2186,14.0927,17.4376,53.8688,14.0954,20.9137,69.7915,14.0962,24.8432,89.8341,14.0965,29.2879,115.063,14.0966,34.3168,146.819,14.0966,40.0078,186.792,14.0966,46.4487,237.107,14.0966,53.7388,300.44,14.0966,61.9903,380.158,14.0966,71.3301,480.499,14.0966,81.902,606.796,14.0966,93.8685,765.761,14.0966,107.414,965.837,14.0966,122.746,1217.65,14.0966,140.101,1534.57,14.0966,159.745,1933.41,14.0966,181.981,2435.3,14.0966,207.15,3066.85,14.0966,235.64,3861.46,14.0966,267.889,4861.11,14.0966,304.391,6118.54,14.0966,345.709,7699.91,14.0966,392.478,9688.22,14.0966,445.417,12187.5,14.0966,505.339,15327.7,14.0966,573.165,19271.6,14.0966,649.938,24222,14.0966,736.839,30430.9,14.0966,835.202,38211.5,14.0966,946.539,47950.3,14.0966,1072.56,60122.8,14.0966,1215.21,75309.9,14.0966,1376.66,94216.2,14.0966,1559.41,117688,14.0966,1766.26,146729,14.0966,2000.39,182510,14.0966,2265.39,226372,14.0966,2565.33,279806,14.0966,2904.81,344416,14.0966,3289.05,421845,14.0966,3723.93,513667,14.0966,4216.13,621231,14.0966,4773.18,745478,14.0966,5403.64,886744,14.0966,6117.15,1.04457e+06,14.0966,6924.63,1.2176e+06,14.0966,11.7194,11.96,12.6541,13.9321,16.1295,13.6434,16.6097,21.9702,13.9553,19.7532,29.5285,14.0526,23.3844,39.1143,14.0829,27.5423,51.2054,14.0923,32.2796,66.434,14.0953,37.662,85.6061,14.0962,43.7675,109.74,14.0965,50.687,140.119,14.0966,58.5249,178.359,14.0966,67.4005,226.493,14.0966,77.4493,287.08,14.0966,88.8254,363.343,14.0966,101.703,459.336,14.0966,116.281,580.161,14.0966,132.782,732.241,14.0966,151.46,923.655,14.0966,172.603,1164.57,14.0966,196.535,1467.79,14.0966,223.625,1849.39,14.0966,254.288,2329.62,14.0966,288.997,2933.93,14.0966,328.285,3694.33,14.0966,372.755,4651.04,14.0966,423.092,5854.57,14.0966,480.07,7368.38,14.0966,544.564,9272.08,14.0966,617.566,11665.5,14.0966,700.197,14673.6,14.0966,793.729,18452.9,14.0966,899.599,23198.6,14.0966,1019.43,29154.1,14.0966,1155.07,36622.3,14.0966,1308.6,45977.9,14.0966,1482.39,57683.7,14.0966,1679.09,72307.8,14.0966,1901.73,90542.8,14.0966,2153.73,113226,14.0966,2438.97,141360,14.0966,2761.81,176127,14.0966,3127.22,218898,14.0966,3540.81,271226,14.0966,4008.92,334817,14.0966,4538.74,411470,14.0966,5138.38,502973,14.0966,5817.04,610948,14.0966,6585.12,736653,14.0966,7454.39,880741,14.0966,8438.15,1.04302e+06,14.0966,9551.45,1.22224e+06,14.0966,10811.3,1.41602e+06,14.0966,12237,1.62086e+06,14.0966,11.7194,11.96,12.6541,2.21263,4.16949,0.989383,2.67766,5.84076,0.311842,3.14343,7.55825,0.0972771,3.63127,9.58578,0.0303237,4.15787,12.0912,0.00945211,4.73731,15.2286,0.00294633,5.38238,19.1721,0.000918508,6.10553,24.134,0.000286163,6.91951,30.3791,8.92692e-05,7.83792,38.2397,2.78121e-05,8.87555,48.1338,8.65134e-06,10.0489,60.5876,2.7882e-06,11.3761,76.2629,8.29036e-07,12.8779,95.9927,2.4373e-07,14.5775,120.825,4.33068e-09,16.5012,152.08,1.75749e-07,18.6784,191.415,-1.86328e-07,21.1428,240.917,1.91829e-07,23.9322,303.213,-1.81475e-07,27.0895,381.602,7.0186e-08,30.6634,480.231,-2.86769e-08,34.7087,604.316,2.40784e-07,39.2876,760.401,9.87368e-08,44.4705,956.705,1.22263e-07,50.3371,1203.54,-4.31966e-07,56.9776,1513.81,-1.9705e-07,64.494,1903.69,-2.763e-08,73.0018,2393.4,3.9185e-07,82.6317,3008.13,1.35379e-07,93.5318,3779.25,-4.16351e-08,105.869,4745.7,2.06965e-08,119.834,5955.6,-3.18887e-07,135.641,7468.12,-1.48271e-08,153.531,9355.62,2.00739e-07,173.781,11705.8,2.28358e-07,196.701,14624.1,-1.93587e-08,222.642,18235,-2.88101e-07,252.003,22683.4,-2.24732e-07,285.234,28134,8.56806e-09,322.845,34767,2.34258e-07,365.413,42770.9,2.99668e-07,413.588,52327.9,8.28644e-08,468.111,63591.2,-3.07049e-07,529.814,76653.2,-3.1888e-07,599.642,91502.5,-6.72276e-08,678.662,107975,2.26339e-07,768.083,125705,3.69212e-07,869.267,144088,2.04077e-07,983.76,162277,-2.80509e-07,1113.3,179223,-4.22737e-07,1259.87,193777,-1.71951e-07,1425.68,204839,4.55555e-07,11.7194,11.96,12.6541,2.21263,4.16949,0.989383,2.67766,5.84076,0.311842,3.14343,7.55825,0.0972771,3.63127,9.58578,0.0303237,4.15787,12.0912,0.00945211,4.73731,15.2286,0.00294633,5.38238,19.1721,0.000918508,6.10553,24.134,0.000286163,6.91951,30.3791,8.92692e-05,7.83792,38.2397,2.78121e-05,8.87555,48.1338,8.65134e-06,10.0489,60.5876,2.7882e-06,11.3761,76.2629,8.29036e-07,12.8779,95.9927,2.4373e-07,14.5775,120.825,1e-08,16.5012,152.08,1.75749e-07,18.6784,191.415,1e-08,21.1428,240.917,1.91829e-07,23.9322,303.213,1e-08,27.0895,381.602,7.0186e-08,30.6634,480.231,1e-08,34.7087,604.316,2.40784e-07,39.2876,760.401,9.87368e-08,44.4705,956.705,1.22263e-07,50.3371,1203.54,1e-08,56.9776,1513.81,1e-08,64.494,1903.69,1e-08,73.0018,2393.4,3.9185e-07,82.6317,3008.13,1.35379e-07,93.5318,3779.25,1e-08,105.869,4745.7,2.06965e-08,119.834,5955.6,1e-08,135.641,7468.12,1e-08,153.531,9355.62,2.00739e-07,173.781,11705.8,2.28358e-07,196.701,14624.1,1e-08,222.642,18235,1e-08,252.003,22683.4,1e-08,285.234,28134,1e-08,322.845,34767,2.34258e-07,365.413,42770.9,2.99668e-07,413.588,52327.9,8.28644e-08,468.111,63591.2,1e-08,529.814,76653.2,1e-08,599.642,91502.5,1e-08,678.662,107975,2.26339e-07,768.083,125705,3.69212e-07,869.267,144088,2.04077e-07,983.76,162277,1e-08,1113.3,179223,1e-08,1259.87,193777,1e-08,1425.68,204839,4.55555e-07,6.2823,3.27286,2.43537,0.219672,6.18826,2.24117,0.56371,6.87772,2.63624,0.308279,13,9,5,4,3,0,1,11,0,6,8,0,6,12,0,11,29,0,10,13,0,7,14,0,1,17,0,4,22,0,8,42,0,12,51,0,8,30,0,15,61,0,11,83,0,17,198,0,22,212,0,6,132,0,12,269,0,26,358,0,29,309,0,40,583,0,44,419,0,50,1203,0,73,748,0,64,946,0,51,817,0,115,1398,0,68,2906,0,39,3067,0,133,7702,0,347,4953,0,118,5655,0,252,6078,0,107,15210,0,100,13129,0,226,20008,0,139,31499,0,194,25456,0,392,31232,0,157,18359,0,294,26866,0,387,20276,0,311,82685,0,580,114548,0,359,166458,0,398,102652,0,700,148171,0,285,217944,0,1269,125884,0,432,94814,0,944,177805,0,1920,317008,0
-1.05176e+08,1,8.88811e-15,10,1023,0,1.05176e+08,0.528882,1.08665,0.389689,0.145397,0.379329,3.24381,0.161596,0.446195,1.77396,0.159177,1.15e+07,4.49998e+06,6.79999e+06,1.15e+07,4.49997e+06,6.79999e+06,1.15e+07,4.49996e+06,6.79999e+06,1.15e+07,4.49995e+06,6.79999e+06,1.14999e+07,4.49993e+06,6.79999e+06,1.14999e+07,4.49991e+06,6.79999e+06,1.14999e+07,4.49989e+06,6.79999e+06,1.14999e+07,4.49986e+06,6.79999e+06,1.14999e+07,4.49982e+06,6.79999e+06,1.14999e+07,4.49977e+06,6.79999e+06,1.14999e+07,4.49971e+06,6.79999e+06,1.14999e+07,4.49963e+06,6.79999e+06,1.14998e+07,4.49953e+06,6.79999e+06,1.14998e+07,4.49941e+06,6.79999e+06,1.14998e+07,4.49926e+06,6.79999e+06,1.14998e+07,4.49906e+06,6.79999e+06,1.14997e+07,4.49882e+06,6.79999e+06,1.14997e+07,4.49851e+06,6.79999e+06,1.14997e+07,4.49812e+06,6.79999e+06,1.14996e+07,4.49764e+06,6.79999e+06,1.14996e+07,4.49702e+06,6.79999e+06,1.14995e+07,4.49625e+06,6.79999e+06,1.14995e+07,4.49528e+06,6.79999e+06,1.14994e+07,4.49406e+06,6.79999e+06,1.14993e+07,4.49253e+06,6.79999e+06,1.14992e+07,4.49059e+06,6.79999e+06,1.14991e+07,4.48817e+06,6.79999e+06,1.1499e+07,4.48511e+06,6.79999e+06,1.14988e+07,4.48128e+06,6.79999e+06,1.14987e+07,4.47646e+06,6.79999e+06,1.14985e+07,4.47041e+06,6.79999e+06,1.14983e+07,4.46281e+06,6.79999e+06,1.14981e+07,4.4533e+06,6.79999e+06,1.14979e+07,4.44138e+06,6.79999e+06,1.14976e+07,4.42649e+06,6.79999e+06,1.14972e+07,4.40789e+06,6.79999e+06,1.14969e+07,4.38471e+06,6.79999e+06,1.14965e+07,4.35592e+06,6.79999e+06,1.1496e+07,4.32027e+06,6.79999e+06,1.14955e+07,4.27629e+06,6.79999e+06,1.14949e+07,4.22231e+06,6.79999e+06,1.14942e+07,4.15647e+06,6.79999e+06,1.14934e+07,4.07676e+06,6.79999e+06,1.14926e+07,3.98112e+06,6.79999e+06,1.14916e+07,3.86765e+06,6.79999e+06,1.14905e+07,3.73474e+06,6.79999e+06,1.14892e+07,3.58148e+06,6.79999e+06,1.14878e+07,3.40785e+06,6.79999e+06,1.14862e+07,3.21513e+06,6.79999e+06,1.14844e+07,3.00605e+06,6.79999e+06,1.14823e+07,2.7848e+06,6.79999e+06,1.148e+07,2.5568e+06,6.79999e+06,1.14773e+07,2.32825e+06,6.79999e+06,13.5742,8.52444,0.508366,16.8306,13.2585,0.162638,20.0035,17.569,0.0507846,23.2616,22.4214,0.0158319,26.7328,28.3297,0.00493498,30.5212,35.6974,0.00153831,34.7178,44.9473,0.000479527,39.4086,56.5822,0.000149456,44.6796,71.2245,4.66214e-05,50.6209,89.6543,1.45419e-05,57.3297,112.852,4.54748e-06,64.9129,142.051,1.43857e-06,73.4897,178.803,4.36618e-07,83.1934,225.062,1.40153e-07,94.1745,283.286,4.96378e-08,106.602,356.568,1.05434e-07,120.669,448.799,-6.49244e-08,136.59,564.873,1.70148e-07,154.611,710.948,-5.34594e-08,175.008,894.767,1.63407e-07,198.097,1126.06,8.04804e-08,224.231,1417.07,1.14667e-07,253.813,1783.15,-1.71227e-07,287.297,2243.62,-2.88466e-07,325.198,2822.67,-4.33651e-07,368.098,3550.67,7.9318e-08,416.657,4465.65,3.13319e-07,471.621,5615.16,3.4613e-07,533.835,7058.61,-1.19199e-07,604.255,8870.02,-2.79964e-07,683.962,11141.4,-2.30521e-07,774.182,13986.7,-2.55099e-07,876.299,17546.4,1.23585e-07,991.883,21993.1,1.41192e-07,1122.71,27536.7,-9.71886e-08,1270.78,34430.7,-3.68368e-07,1438.38,42977.7,-3.45379e-07,1628.07,53532.7,-3.25328e-09,1842.77,66504.6,2.6362e-07,2085.77,82350.2,2.53445e-07,2360.79,101560,-2.47407e-08,2672.05,124632,-3.80602e-07,3024.31,152018,-4.79005e-07,3422.98,184060,-1.14379e-07,3874.15,220884,2.64297e-07,4384.72,262283,3.44131e-07,4962.49,307576,7.5349e-08,5616.29,355497,-3.63097e-07,6356.1,404126,-6.05442e-07,7193.18,450932,-2.72333e-07,8140.28,492963,2.29675e-07,9211.79,527178,4.3387e-07,10424,550893,-1.0711e-07,10.102,8.06553,2.81012,10.6436,8.57909,0.869423,11.5336,10.2515,0.270869,12.7211,12.7138,0.0844293,14.1823,15.9373,0.0263173,15.9122,20.0383,0.0082035,17.9198,25.2154,0.00255722,20.2244,31.7373,0.000797017,22.8539,39.9486,0.000248622,25.8438,50.2851,7.75492e-05,29.237,63.2963,2.42508e-05,33.0837,79.6738,7.67162e-06,37.4415,100.288,2.32837e-06,42.3767,126.236,7.33e-07,47.9646,158.896,2.79256e-07,54.2906,200.003,9.87351e-09,61.452,251.741,1.61085e-07,69.5585,316.859,-2.47141e-07,78.7347,398.812,8.93552e-08,89.1218,501.948,-2.53231e-07,100.879,631.736,-1.25047e-07,114.188,795.049,-1.78808e-07,129.252,1000.53,2.6733e-07,146.304,1259.03,4.50292e-07,165.605,1584.19,6.76904e-07,187.452,1993.12,-1.23808e-07,212.181,2507.27,-4.89068e-07,240.173,3153.54,-5.40284e-07,271.856,3965.56,1.86061e-07,307.719,4985.38,4.37004e-07,348.313,6265.4,3.59828e-07,394.26,7870.83,3.98192e-07,446.268,9882.51,-1.92908e-07,505.135,12400.3,-2.20392e-07,571.766,15546.9,1.51705e-07,647.184,19472.2,5.74996e-07,732.547,24357.4,5.39112e-07,829.167,30420,5.07815e-09,938.526,37916.3,-4.11492e-07,1062.3,47143.9,-3.9561e-07,1202.4,58439.2,3.86185e-08,1360.96,72169.3,5.94093e-07,1540.42,88715.8,7.47693e-07,1743.53,108445,1.78537e-07,1973.41,131665,-4.12549e-07,2233.57,158557,-5.37164e-07,2528,189103,-1.17615e-07,2861.2,222986,5.66769e-07,3238.27,259510,9.45053e-07,3664.97,297540,4.25093e-07,4147.81,335497,-3.58506e-07,4694.17,371444,-6.7724e-07,5312.37,403256,1.67192e-07,1.61744,3.89446,9.84394,3.28846,7.5504,12.774,5.07607,11.7187,13.6844,7.03202,16.8147,13.9681,9.20215,23.1769,14.0566,11.6301,31.1672,14.0841,14.3598,41.2186,14.0927,17.4376,53.8688,14.0954,20.9137,69.7915,14.0962,24.8432,89.8341,14.0965,29.2879,115.063,14.0966,34.3168,146.819,14.0966,40.0078,186.792,14.0966,46.4487,237.107,14.0966,53.7388,300.44,14.0966,61.9903,380.158,14.0966,71.3301,480.499,14.0966,81.902,606.796,14.0966,93.8685,765.761,14.0966,107.414,965.837,14.0966,122.746,1217.65,14.0966,140.101,1534.57,14.0966,159.745,1933.41,14.0966,181.981,2435.3,14.0966,207.15,3066.85,14.0966,235.64,3861.46,14.0966,267.889,4861.11,14.0966,304.391,6118.54,14.0966,345.709,7699.91,14.0966,392.478,9688.22,14.0966,445.417,12187.5,14.0966,505.339,15327.7,14.0966,573.165,19271.6,14.0966,649.938,24222,14.0966,736.839,30430.9,14.0966,835.202,38211.5,14.0966,946.539,47950.3,14.0966,1072.56,60122.8,14.0966,1215.21,75309.9,14.0966,1376.66,94216.2,14.0966,1559.41,117688,14.0966,1766.26,146729,14.0966,2000.39,182510,14.0966,2265.39,226372,14.0966,2565.33,279806,14.0966,2904.81,344416,14.0966,3289.05,421845,14.0966,3723.93,513667,14.0966,4216.13,621231,14.0966,4773.18,745478,14.0966,5403.64,886744,14.0966,6117.15,1.04457e+06,14.0966,6924.63,1.2176e+06,14.0966,11.7194,11.96,12.6541,13.9321,16.1295,13.6434,16.6097,21.9702,13.9553,19.7532,29.5285,14.0526,23.3844,39.1143,14.0829,27.5423,51.2054,14.0923,32.2796,66.434,14.0953,37.662,85.6061,14.0962,43.7675,109.74,14.0965,50.687,140.119,14.0966,58.5249,178.359,14.0966,67.4005,226.493,14.0966,77.4493,287.08,14.0966,88.8254,363.343,14.0966,101.703,459.336,14.0966,116.281,580.161,14.0966,132.782,732.241,14.0966,151.46,923.655,14.0966,172.603,1164.57,14.0966,196.535,1467.79,14.0966,223.625,1849.39,14.0966,254.288,2329.62,14.0966,288.997,2933.93,14.0966,328.285,3694.33,14.0966,372.755,4651.04,14.0966,423.092,5854.57,14.0966,480.07,7368.38,14.0966,544.564,9272.08,14.0966,617.566,11665.5,14.0966,700.197,14673.6,14.0966,793.729,18452.9,14.0966,899.599,23198.6,14.0966,1019.43,29154.1,14.0966,1155.07,36622.3,14.0966,1308.6,45977.9,14.0966,1482.39,57683.7,14.0966,1679.09,72307.8,14.0966,1901.73,90542.8,14.0966,2153.73,113226,14.0966,2438.97,141360,14.0966,2761.81,176127,14.0966,3127.22,218898,14.0966,3540.81,271226,14.0966,4008.92,334817,14.0966,4538.74,411470,14.0966,5138.38,502973,14.0966,5817.04,610948,14.0966,6585.12,736653,14.0966,7454.39,880741,14.0966,8438.15,1.04302e+06,14.0966,9551.45,1.22224e+06,14.0966,10811.3,1.41602e+06,14.0966,12237,1.62086e+06,14.0966,11.7194,11.96,12.6541,2.21263,4.16949,0.989383,2.67766,5.84076,0.311842,3.14343,7.55825,0.0972771,3.63127,9.58578,0.0303237,4.15787,12.0912,0.00945211,4.73731,15.2286,0.00294633,5.38238,19.1721,0.000918508,6.10553,24.134,0.000286163,6.91951,30.3791,8.92692e-05,7.83792,38.2397,2.78121e-05,8.87555,48.1338,8.65134e-06,10.0489,60.5876,2.7882e-06,11.3761,76.2629,8.29036e-07,12.8779,95.9927,2.4373e-07,14.5775,120.825,4.33068e-09,16.5012,152.08,1.75749e-07,18.6784,191.415,-1.86328e-07,21.1428,240.917,1.91829e-07,23.9322,303.213,-1.81475e-07,27.0895,381.602,7.0186e-08,30.6634,480.231,-2.86769e-08,34.7087,604.316,2.40784e-07,39.2876,760.401,9.87368e-08,44.4705,956.705,1.22263e-07,50.3371,1203.54,-4.31966e-07,56.9776,1513.81,-1.9705e-07,64.494,1903.69,-2.763e-08,73.0018,2393.4,3.9185e-07,82.6317,3008.13,1.35379e-07,93.5318,3779.25,-4.16351e-08,105.869,4745.7,2.06965e-08,119.834,5955.6,-3.18887e-07,135.641,7468.12,-1.48271e-08,153.531,9355.62,2.00739e-07,173.781,11705.8,2.28358e-07,196.701,14624.1,-1.93587e-08,222.642,18235,-2.88101e-07,252.003,22683.4,-2.24732e-07,285.234,28134,8.56806e-09,322.845,34767,2.34258e-07,365.413,42770.9,2.99668e-07,413.588,52327.9,8.28644e-08,468.111,63591.2,-3.07049e-07,529.814,76653.2,-3.1888e-07,599.642,91502.5,-6.72276e-08,678.662,107975,2.26339e-07,768.083,125705,3.69212e-07,869.267,144088,2.04077e-07,983.76,162277,-2.80509e-07,1113.3,179223,-4.22737e-07,1259.87,193777,-1.71951e-07,1425.68,204839,4.55555e-07,11.7194,11.96,12.6541,2.21263,4.16949,0.989383,2.67766,5.84076,0.311842,3.14343,7.55825,0.0972771,3.63127,9.58578,0.0303237,4.15787,12.0912,0.00945211,4.73731,15.2286,0.00294633,5.38238,19.1721,0.000918508,6.10553,24.134,0.000286163,6.91951,30.3791,8.92692e-05,7.83792,38.2397,2.78121e-05,8.87555,48.1338,8.65134e-06,10.0489,60.5876,2.7882e-06,11.3761,76.2629,8.29036e-07,12.8779,95.9927,2.4373e-07,14.5775,120.825,1e-08,16.5012,152.08,1.75749e-07,18.6784,191.415,1e-08,21.1428,240.917,1.91829e-07,23.9322,303.213,1e-08,27.0895,381.602,7.0186e-08,30.6634,480.231,1e-08,34.7087,604.316,2.40784e-07,39.2876,760.401,9.87368e-08,44.4705,956.705,1.22263e-07,50.3371,1203.54,1e-08,56.9776,1513.81,1e-08,64.494,1903.69,1e-08,73.0018,2393.4,3.9185e-07,82.6317,3008.13,1.35379e-07,93.5318,3779.25,1e-08,105.869,4745.7,2.06965e-08,119.834,5955.6,1e-08,135.641,7468.12,1e-08,153.531,9355.62,2.00739e-07,173.781,11705.8,2.28358e-07,196.701,14624.1,1e-08,222.642,18235,1e-08,252.003,22683.4,1e-08,285.234,28134,1e-08,322.845,34767,2.34258e-07,365.413,42770.9,2.99668e-07,413.588,52327.9,8.28644e-08,468.111,63591.2,1e-08,529.814,76653.2,1e-08,599.642,91502.5,1e-08,678.662,107975,2.26339e-07,768.083,125705,3.69212e-07,869.267,144088,2.04077e-07,983.76,162277,1e-08,1113.3,179223,1e-08,1259.87,193777,1e-08,1425.68,204839,4.55555e-07,6.2823,3.27286,2.43537,0.219672,6.18826,2.24117,0.56371,6.87772,2.63624,0.308279,8,10,22,1,2,0,3,1,0,5,12,0,7,5,0,4,14,0,9,5,0,3,13,0,4,15,0,6,58,0,7,35,0,4,83,0,1,53,0,16,40,0,21,47,0,7,67,0,14,70,0,19,206,0,39,183,0,9,239,0,12,558,0,59,527,0,46,786,0,26,1020,0,48,1042,0,66,2189,0,47,1670,0,53,1610,0,72,1576,0,62,2101,0,55,3047,0,173,5516,0,133,3250,0,180,9729,0,45,11858,0,97,8112,0,163,21411,0,108,14815,0,170,37307,0,230,10439,0,212,34942,0,577,35494,0,282,83335,0,186,25981,0,235,56346,0,543,115314,0,801,93463,0,929,63635,0,455,176645,0,678,158757,0,829,132165,0,529,280679,0,1330,195441,0
-1.05176e+08,1,8.88811e-15,10,1023,0,1.05176e+08,0.528882,1.08665,0.389689,0.145397,0.379329,3.24381,0.161596,0.446195,1.77396,0.159177,1.15e+07,4.49998e+06,6.79999e+06,1.15e+07,4.49997e+06,6.79999e+06,1.15e+07,4.49996e+06,6.79999e+06,1.15e+07,4.49995e+06,6.79999e+06,1.14999e+07,4.49993e+06,6.79999e+06,1.14999e+07,4.49991e+06,6.79999e+06,1.14999e+07,4.49989e+06,6.79999e+06,1.14999e+07,4.49986e+06,6.79999e+06,1.14999e+07,4.49982e+06,6.79999e+06,1.14999e+07,4.49977e+06,6.79999e+06,1.14999e+07,4.49971e+06,6.79999e+06,1.14999e+07,4.49963e+06,6.79999e+06,1.14998e+07,4.49953e+06,6.79999e+06,1.14998e+07,4.49941e+06,6.79999e+06,1.14998e+07,4.49926e+06,6.79999e+06,1.14998e+07,4.49906e+06,6.79999e+06,1.14997e+07,4.49882e+06,6.79999e+06,1.14997e+07,4.49851e+06,6.79999e+06,1.14997e+07,4.49812e+06,6.79999e+06,1.14996e+07,4.49764e+06,6.79999e+06,1.14996e+07,4.49702e+06,6.79999e+06,1.14995e+07,4.49625e+06,6.79999e+06,1.14995e+07,4.49528e+06,6.79999e+06,1.14994e+07,4.49406e+06,6.79999e+06,1.14993e+07,4.49253e+06,6.79999e+06,1.14992e+07,4.49059e+06,6.79999e+06,1.14991e+07,4.48817e+06,6.79999e+06,1.1499e+07,4.48511e+06,6.79999e+06,1.14988e+07,4.48128e+06,6.79999e+06,1.14987e+07,4.47646e+06,6.79999e+06,1.14985e+07,4.47041e+06,6.79999e+06,1.14983e+07,4.46281e+06,6.79999e+06,1.14981e+07,4.4533e+06,6.79999e+06,1.14979e+07,4.44138e+06,6.79999e+06,1.14976e+07,4.42649e+06,6.79999e+06,1.14972e+07,4.40789e+06,6.79999e+06,1.14969e+07,4.38471e+06,6.79999e+06,1.14965e+07,4.35592e+06,6.79999e+06,1.1496e+07,4.32027e+06,6.79999e+06,1.14955e+07,4.27629e+06,6.79999e+06,1.14949e+07,4.22231e+06,6.79999e+06,1.14942e+07,4.15647e+06,6.79999e+06,1.14934e+07,4.07676e+06,6.79999e+06,1.14926e+07,3.98112e+06,6.79999e+06,1.14916e+07,3.86765e+06,6.79999e+06,1.14905e+07,3.73474e+06,6.79999e+06,1.14892e+07,3.58148e+06,6.79999e+06,1.14878e+07,3.40785e+06,6.79999e+06,1.14862e+07,3.21513e+06,6.79999e+06,1.14844e+07,3.00605e+06,6.79999e+06,1.14823e+07,2.7848e+06,6.79999e+06,1.148e+07,2.5568e+06,6.79999e+06,1.14773e+07,2.32825e+06,6.79999e+06,13.5742,8.52444,0.508366,16.8306,13.2585,0.162638,20.0035,17.569,0.0507846,23.2616,22.4214,0.0158319,26.7328,28.3297,0.00493498,30.5212,35.6974,0.00153831,34.7178,44.9473,0.000479527,39.4086,56.5822,0.000149456,44.6796,71.2245,4.66214e-05,50.6209,89.6543,1.45419e-05,57.3297,112.852,4.54748e-06,64.9129,142.051,1.43857e-06,73.4897,178.803,4.36618e-07,83.1934,225.062,1.40153e-07,94.1745,283.286,4.96378e-08,106.602,356.568,1.05434e-07,120.669,448.799,-6.49244e-08,136.59,564.873,1.70148e-07,154.611,710.948,-5.34594e-08,175.008,894.767,1.63407e-07,198.097,1126.06,8.04804e-08,224.231,1417.07,1.14667e-07,253.813,1783.15,-1.71227e-07,287.297,2243.62,-2.88466e-07,325.198,2822.67,-4.33651e-07,368.098,3550.67,7.9318e-08,416.657,4465.65,3.13319e-07,471.621,5615.16,3.4613e-07,533.835,7058.61,-1.19199e-07,604.255,8870.02,-2.79964e-07,683.962,11141.4,-2.30521e-07,774.182,13986.7,-2.55099e-07,876.299,17546.4,1.23585e-07,991.883,21993.1,1.41192e-07,1122.71,27536.7,-9.71886e-08,1270.78,34430.7,-3.68368e-07,1438.38,42977.7,-3.45379e-07,1628.07,53532.7,-3.25328e-09,1842.77,66504.6,2.6362e-07,2085.77,82350.2,2.53445e-07,2360.79,101560,-2.47407e-08,2672.05,124632,-3.80602e-07,3024.31,152018,-4.79005e-07,3422.98,184060,-1.14379e-07,3874.15,220884,2.64297e-07,4384.72,262283,3.44131e-07,4962.49,307576,7.5349e-08,5616.29,355497,-3.63097e-07,6356.1,404126,-6.05442e-07,7193.18,450932,-2.72333e-07,8140.28,492963,2.29675e-07,9211.79,527178,4.3387e-07,10424,550893,-1.0711e-07,10.102,8.06553,2.81012,10.6436,8.57909,0.869423,11.5336,10.2515,0.270869,12.7211,12.7138,0.0844293,14.1823,15.9373,0.0263173,15.9122,20.0383,0.0082035,17.9198,25.2154,0.00255722,20.2244,31.7373,0.000797017,22.8539,39.9486,0.000248622,25.8438,50.2851,7.75492e-05,29.237,63.2963,2.42508e-05,33.0837,79.6738,7.67162e-06,37.4415,100.288,2.32837e-06,42.3767,126.236,7.33e-07,47.9646,158.896,2.79256e-07,54.2906,200.003,9.87351e-09,61.452,251.741,1.61085e-07,69.5585,316.859,-2.47141e-07,78.7347,398.812,8.93552e-08,89.1218,501.948,-2.53231e-07,100.879,631.736,-1.25047e-07,114.188,795.049,-1.78808e-07,129.252,1000.53,2.6733e-07,146.304,1259.03,4.50292e-07,165.605,1584.19,6.76904e-07,187.452,1993.12,-1.23808e-07,212.181,2507.27,-4.89068e-07,240.173,3153.54,-5.40284e-07,271.856,3965.56,1.86061e-07,307.719,4985.38,4.37004e-07,348.313,6265.4,3.59828e-07,394.26,7870.83,3.98192e-07,446.268,9882.51,-1.92908e-07,505.135,12400.3,-2.20392e-07,571.766,15546.9,1.51705e-07,647.184,19472.2,5.74996e-07,732.547,24357.4,5.39112e-07,829.167,30420,5.07815e-09,938.526,37916.3,-4.11492e-07,1062.3,47143.9,-3.9561e-07,1202.4,58439.2,3.86185e-08,1360.96,72169.3,5.94093e-07,1540.42,88715.8,7.47693e-07,1743.53,108445,1.78537e-07,1973.41,131665,-4.12549e-07,2233.57,158557,-5.37164e-07,2528,189103,-1.17615e-07,2861.2,222986,5.66769e-07,3238.27,259510,9.45053e-07,3664.97,297540,4.25093e-07,4147.81,335497,-3.58506e-07,4694.17,371444,-6.7724e-07,5312.37,403256,1.67192e-07,1.61744,3.89446,9.84394,3.28846,7.5504,12.774,5.07607,11.7187,13.6844,7.03202,16.8147,13.9681,9.20215,23.1769,14.0566,11.6301,31.1672,14.0841,14.3598,41.2186,14.0927,17.4376,53.8688,14.0954,20.9137,69.7915,14.0962,24.8432,89.8341,14.0965,29.2879,115.063,14.0966,34.3168,146.819,14.0966,40.0078,186.792,14.0966,46.4487,237.107,14.0966,53.7388,300.44,14.0966,61.9903,380.158,14.0966,71.3301,480.499,14.0966,81.902,606.796,14.0966,93.8685,765.761,14.0966,107.414,965.837,14.0966,122.746,1217.65,14.0966,140.101,1534.57,14.0966,159.745,1933.41,14.0966,181.981,2435.3,14.0966,207.15,3066.85,14.0966,235.64,3861.46,14.0966,267.889,4861.11,14.0966,304.391,6118.54,14.0966,345.709,7699.91,14.0966,392.478,9688.22,14.0966,445.417,12187.5,14.0966,505.339,15327.7,14.0966,573.165,19271.6,14.0966,649.938,24222,14.0966,736.839,30430.9,14.0966,835.202,38211.5,14.0966,946.539,47950.3,14.0966,1072.56,60122.8,14.0966,1215.21,75309.9,14.0966,1376.66,94216.2,14.0966,1559.41,117688,14.0966,1766.26,146729,14.0966,2000.39,182510,14.0966,2265.39,226372,14.0966,2565.33,279806,14.0966,2904.81,344416,14.0966,3289.05,421845,14.0966,3723.93,513667,14.0966,4216.13,621231,14.0966,4773.18,745478,14.0966,5403.64,886744,14.0966,6117.15,1.04457e+06,14.0966,6924.63,1.2176e+06,14.0966,11.7194,11.96,12.6541,13.9321,16.1295,13.6434,16.6097,21.9702,13.9553,19.7532,29.5285,14.0526,23.3844,39.1143,14.0829,27.5423,51.2054,14.0923,32.2796,66.434,14.0953,37.662,85.6061,14.0962,43.7675,109.74,14.0965,50.687,140.119,14.0966,58.5249,178.359,14.0966,67.4005,226.493,14.0966,77.4493,287.08,14.0966,88.8254,363.343,14.0966,101.703,459.336,14.0966,116.281,580.161,14.0966,132.782,732.241,14.0966,151.46,923.655,14.0966,172.603,1164.57,14.0966,196.535,1467.79,14.0966,223.625,1849.39,14.0966,254.288,2329.62,14.0966,288.997,2933.93,14.0966,328.285,3694.33,14.0966,372.755,4651.04,14.0966,423.092,5854.57,14.0966,480.07,7368.38,14.0966,544.564,9272.08,14.0966,617.566,11665.5,14.0966,700.197,14673.6,14.0966,793.729,18452.9,14.0966,899.599,23198.6,14.0966,1019.43,29154.1,14.0966,1155.07,36622.3,14.0966,1308.6,45977.9,14.0966,1482.39,57683.7,14.0966,1679.09,72307.8,14.0966,1901.73,90542.8,14.0966,2153.73,113226,14.0966,2438.97,141360,14.0966,2761.81,176127,14.0966,3127.22,218898,14.0966,3540.81,271226,14.0966,4008.92,334817,14.0966,4538.74,411470,14.0966,5138.38,502973,14.0966,5817.04,610948,14.0966,6585.12,736653,14.0966,7454.39,880741,14.0966,8438.15,1.04302e+06,14.0966,9551.45,1.22224e+06,14.0966,10811.3,1.41602e+06,14.0966,12237,1.62086e+06,14.0966,11.7194,11.96,12.6541,2.21263,4.16949,0.989383,2.67766,5.84076,0.311842,3.14343,7.55825,0.0972771,3.63127,9.58578,0.0303237,4.15787,12.0912,0.00945211,4.73731,15.2286,0.00294633,5.38238,19.1721,0.000918508,6.10553,24.134,0.000286163,6.91951,30.3791,8.92692e-05,7.83792,38.2397,2.78121e-05,8.87555,48.1338,8.65134e-06,10.0489,60.5876,2.7882e-06,11.3761,76.2629,8.29036e-07,12.8779,95.9927,2.4373e-07,14.5775,120.825,4.33068e-09,16.5012,152.08,1.75749e-07,18.6784,191.415,-1.86328e-07,21.1428,240.917,1.91829e-07,23.9322,303.213,-1.81475e-07,27.0895,381.602,7.0186e-08,30.6634,480.231,-2.86769e-08,34.7087,604.316,2.40784e-07,39.2876,760.401,9.87368e-08,44.4705,956.705,1.22263e-07,50.3371,1203.54,-4.31966e-07,56.9776,1513.81,-1.9705e-07,64.494,1903.69,-2.763e-08,73.0018,2393.4,3.9185e-07,82.6317,3008.13,1.35379e-07,93.5318,3779.25,-4.16351e-08,105.869,4745.7,2.06965e-08,119.834,5955.6,-3.18887e-07,135.641,7468.12,-1.48271e-08,153.531,9355.62,2.00739e-07,173.781,11705.8,2.28358e-07,196.701,14624.1,-1.93587e-08,222.642,18235,-2.88101e-07,252.003,22683.4,-2.24732e-07,285.234,28134,8.56806e-09,322.845,34767,2.34258e-07,365.413,42770.9,2.99668e-07,413.588,52327.9,8.28644e-08,468.111,63591.2,-3.07049e-07,529.814,76653.2,-3.1888e-07,599.642,91502.5,-6.72276e-08,678.662,107975,2.26339e-07,768.083,125705,3.69212e-07,869.267,144088,2.04077e-07,983.76,162277,-2.80509e-07,1113.3,179223,-4.22737e-07,1259.87,193777,-1.71951e-07,1425.68,204839,4.55555e-07,11.7194,11.96,12.6541,2.21263,4.16949,0.989383,2.67766,5.84076,0.311842,3.14343,7.55825,0.0972771,3.63127,9.58578,0.0303237,4.15787,12.0912,0.00945211,4.73731,15.2286,0.00294633,5.38238,19.1721,0.000918508,6.10553,24.134,0.000286163,6.91951,30.3791,8.92692e-05,7.83792,38.2397,2.78121e-05,8.87555,48.1338,8.65134e-06,10.0489,60.5876,2.7882e-06,11.3761,76.2629,8.29036e-07,12.8779,95.9927,2.4373e-07,14.5775,120.825,1e-08,16.5012,152.08,1.75749e-07,18.6784,191.415,1e-08,21.1428,240.917,1.91829e-07,23.9322,303.213,1e-08,27.0895,381.602,7.0186e-08,30.6634,480.231,1e-08,34.7087,604.316,2.40784e-07,39.2876,760.401,9.87368e-08,44.4705,956.705,1.22263e-07,50.3371,1203.54,1e-08,56.9776,1513.81,1e-08,64.494,1903.69,1e-08,73.0018,2393.4,3.9185e-07,82.6317,3008.13,1.35379e-07,93.5318,3779.25,1e-08,105.869,4745.7,2.06965e-08,119.834,5955.6,1e-08,135.641,7468.12,1e-08,153.531,9355.62,2.00739e-07,173.781,11705.8,2.28358e-07,196.701,14624.1,1e-08,222.642,18235,1e-08,252.003,22683.4,1e-08,285.234,28134,1e-08,322.845,34767,2.34258e-07,365.413,42770.9,2.99668e-07,413.588,52327.9,8.28644e-08,468.111,63591.2,1e-08,529.814,76653.2,1e-08,599.642,91502.5,1e-08,678.662,107975,2.26339e-07,768.083,125705,3.69212e-07,869.267,144088,2.04077e-07,983.76,162277,1e-08,1113.3,179223,1e-08,1259.87,193777,1e-08,1425.68,204839,4.55555e-07,6.2823,3.27286,2.43537,0.219672,6.18826,2.24117,0.56371,6.87772,2.63624,0.308279,27,10,6,0,8,0,3,1,1,1,3,1,4,13,1,1,10,0,5,23,0,6,4,0,3,27,0,9,53,0,2,47,0,6,35,0,31,41,0,20,108,0,13,36,0,23,47,0,11,199,0,3,160,0,21,261,0,14,218,0,30,105,0,25,535,0,21,517,0,41,326,0,30,2007,0,71,1103,0,64,1853,0,57,2051,0,109,2974,0,79,1648,0,41,1629,0,240,4933,0,128,12661,0,89,3836,0,205,14179,0,211,15247,0,162,18700,0,135,23172,0,176,15403,0,222,39768,0,441,30271,0,484,45464,0,155,67531,0,538,45543,0,737,99177,0,524,87580,0,934,99719,0,839,82312,0,1369,75597,0,704,243208,0,898,167368,0,921,162034,0,1560,175552,0
-1.05176e+08,1,8.88811e-15,10,1023,0,1.05176e+08,0.528882,1.08665,0.389689,0.145397,0.379329,3.24381,0.161596,0.446195,1.77396,0.159177,1.15e+07,4.49998e+06,6.79999e+06,1.15e+07,4.49997e+06,6.79999e+06,1.15e+07,4.49996e+06,6.79999e+06,1.15e+07,4.49995e+06,6.79999e+06,1.14999e+07,4.49993e+06,6.79999e+06,1.14999e+07,4.49991e+06,6.79999e+06,1.14999e+07,4.49989e+06,6.79999e+06,1.14999e+07,4.49986e+06,6.79999e+06,1.14999e+07,4.49982e+06,6.79999e+06,1.14999e+07,4.49977e+06,6.79999e+06,1.14999e+07,4.49971e+06,6.79999e+06,1.14999e+07,4.49963e+06,6.79999e+06,1.14998e+07,4.49953e+06,6.79999e+06,1.14998e+07,4.49941e+06,6.79999e+06,1.14998e+07,4.49926e+06,6.79999e+06,1.14998e+07,4.49906e+06,6.79999e+06,1.14997e+07,4.49882e+06,6.79999e+06,1.14997e+07,4.49851e+06,6.79999e+06,1.14997e+07,4.49812e+06,6.79999e+06,1.14996e+07,4.49764e+06,6.79999e+06,1.14996e+07,4.49702e+06,6.79999e+06,1.14995e+07,4.49625e+06,6.79999e+06,1.14995e+07,4.49528e+06,6.79999e+06,1.14994e+07,4.49406e+06,6.79999e+06,1.14993e+07,4.49253e+06,6.79999e+06,1.14992e+07,4.49059e+06,6.79999e+06,1.14991e+07,4.48817e+06,6.79999e+06,1.1499e+07,4.48511e+06,6.79999e+06,1.14988e+07,4.48128e+06,6.79999e+06,1.14987e+07,4.47646e+06,6.79999e+06,1.14985e+07,4.47041e+06,6.79999e+06,1.14983e+07,4.46281e+06,6.79999e+06,1.14981e+07,4.4533e+06,6.79999e+06,1.14979e+07,4.44138e+06,6.79999e+06,1.14976e+07,4.42649e+06,6.79999e+06,1.14972e+07,4.40789e+06,6.79999e+06,1.14969e+07,4.38471e+06,6.79999e+06,1.14965e+07,4.35592e+06,6.79999e+06,1.1496e+07,4.32027e+06,6.79999e+06,1.14955e+07,4.27629e+06,6.79999e+06,1.14949e+07,4.22231e+06,6.79999e+06,1.14942e+07,4.15647e+06,6.79999e+06,1.14934e+07,4.07676e+06,6.79999e+06,1.14926e+07,3.98112e+06,6.79999e+06,1.14916e+07,3.86765e+06,6.79999e+06,1.14905e+07,3.73474e+06,6.79999e+06,1.14892e+07,3.58148e+06,6.79999e+06,1.14878e+07,3.40785e+06,6.79999e+06,1.14862e+07,3.21513e+06,6.79999e+06,1.14844e+07,3.00605e+06,6.79999e+06,1.14823e+07,2.7848e+06,6.79999e+06,1.148e+07,2.5568e+06,6.79999e+06,1.14773e+07,2.32825e+06,6.79999e+06,13.5742,8.52444,0.508366,16.8306,13.2585,0.162638,20.0035,17.569,0.0507846,23.2616,22.4214,0.0158319,26.7328,28.3297,0.00493498,30.5212,35.6974,0.00153831,34.7178,44.9473,0.000479527,39.4086,56.5822,0.000149456,44.6796,71.2245,4.66214e-05,50.6209,89.6543,1.45419e-05,57.3297,112.852,4.54748e-06,64.9129,142.051,1.43857e-06,73.4897,178.803,4.36618e-07,83.1934,225.062,1.40153e-07,94.1745,283.286,4.96378e-08,106.602,356.568,1.05434e-07,120.669,448.799,-6.49244e-08,136.59,564.873,1.70148e-07,154.611,710.948,-5.34594e-08,175.008,894.767,1.63407e-07,198.097,1126.06,8.04804e-08,224.231,1417.07,1.14667e-07,253.813,1783.15,-1.71227e-07,287.297,2243.62,-2.88466e-07,325.198,2822.67,-4.33651e-07,368.098,3550.67,7.9318e-08,416.657,4465.65,3.13319e-07,471.621,5615.16,3.4613e-07,533.835,7058.61,-1.19199e-07,604.255,8870.02,-2.79964e-07,683.962,11141.4,-2.30521e-07,774.182,13986.7,-2.55099e-07,876.299,17546.4,1.23585e-07,991.883,21993.1,1.41192e-07,1122.71,27536.7,-9.71886e-08,1270.78,34430.7,-3.68368e-07,1438.38,42977.7,-3.45379e-07,1628.07,53532.7,-3.25328e-09,1842.77,66504.6,2.6362e-07,2085.77,82350.2,2.53445e-07,2360.79,101560,-2.47407e-08,2672.05,124632,-3.80602e-07,3024.31,152018,-4.79005e-07,3422.98,184060,-1.14379e-07,3874.15,220884,2.64297e-07,4384.72,262283,3.44131e-07,4962.49,307576,7.5349e-08,5616.29,355497,-3.63097e-07,6356.1,404126,-6.05442e-07,7193.18,450932,-2.72333e-07,8140.28,492963,2.29675e-07,9211.79,527178,4.3387e-07,10424,550893,-1.0711e-07,10.102,8.06553,2.81012,10.6436,8.57909,0.869423,11.5336,10.2515,0.270869,12.7211,12.7138,0.0844293,14.1823,15.9373,0.0263173,15.9122,20.0383,0.0082035,17.9198,25.2154,0.00255722,20.2244,31.7373,0.000797017,22.8539,39.9486,0.000248622,25.8438,50.2851,7.75492e-05,29.237,63.2963,2.42508e-05,33.0837,79.6738,7.67162e-06,37.4415,100.288,2.32837e-06,42.3767,126.236,7.33e-07,47.9646,158.896,2.79256e-07,54.2906,200.003,9.87351e-09,61.452,251.741,1.61085e-07,69.5585,316.859,-2.47141e-07,78.7347,398.812,8.93552e-08,89.1218,501.948,-2.53231e-07,100.879,631.736,-1.25047e-07,114.188,795.049,-1.78808e-07,129.252,1000.53,2.6733e-07,146.304,1259.03,4.50292e-07,165.605,1584.19,6.76904e-07,187.452,1993.12,-1.23808e-07,212.181,2507.27,-4.89068e-07,240.173,3153.54,-5.40284e-07,271.856,3965.56,1.86061e-07,307.719,4985.38,4.37004e-07,348.313,6265.4,3.59828e-07,394.26,7870.83,3.98192e-07,446.268,9882.51,-1.92908e-07,505.135,12400.3,-2.20392e-07,571.766,15546.9,1.51705e-07,647.184,19472.2,5.74996e-07,732.547,24357.4,5.39112e-07,829.167,30420,5.07815e-09,938.526,37916.3,-4.11492e-07,1062.3,47143.9,-3.9561e-07,1202.4,58439.2,3.86185e-08,1360.96,72169.3,5.94093e-07,1540.42,88715.8,7.47693e-07,1743.53,108445,1.78537e-07,1973.41,131665,-4.12549e-07,2233.57,158557,-5.37164e-07,2528,189103,-1.17615e-07,2861.2,222986,5.66769e-07,3238.27,259510,9.45053e-07,3664.97,297540,4.25093e-07,4147.81,335497,-3.58506e-07,4694.17,371444,-6.7724e-07,5312.37,403256,1.67192e-07,1.61744,3.89446,9.84394,3.28846,7.5504,12.774,5.07607,11.7187,13.6844,7.03202,16.8147,13.9681,9.20215,23.1769,14.0566,11.6301,31.1672,14.0841,14.3598,41.2186,14.0927,17.4376,53.8688,14.0954,20.9137,69.7915,14.0962,24.8432,89.8341,14.0965,29.2879,115.063,14.0966,34.3168,146.819,14.0966,40.0078,186.792,14.0966,46.4487,237.107,14.0966,53.7388,300.44,14.0966,61.9903,380.158,14.0966,71.3301,480.499,14.0966,81.902,606.796,14.0966,93.8685,765.761,14.0966,107.414,965.837,14.0966,122.746,1217.65,14.0966,140.101,1534.57,14.0966,159.745,1933.41,14.0966,181.981,2435.3,14.0966,207.15,3066.85,14.0966,235.64,3861.46,14.0966,267.889,4861.11,14.0966,304.391,6118.54,14.0966,345.709,7699.91,14.0966,392.478,9688.22,14.0966,445.417,12187.5,14.0966,505.339,15327.7,14.0966,573.165,19271.6,14.0966,649.938,24222,14.0966,736.839,30430.9,14.0966,835.202,38211.5,14.0966,946.539,47950.3,14.0966,1072.56,60122.8,14.0966,1215.21,75309.9,14.0966,1376.66,94216.2,14.0966,1559.41,117688,14.0966,1766.26,146729,14.0966,2000.39,182510,14.0966,2265.39,226372,14.0966,2565.33,279806,14.0966,2904.81,344416,14.0966,3289.05,421845,14.0966,3723.93,513667,14.0966,4216.13,621231,14.0966,4773.18,745478,14.0966,5403.64,886744,14.0966,6117.15,1.04457e+06,14.0966,6924.63,1.2176e+06,14.0966,11.7194,11.96,12.6541,13.9321,16.1295,13.6434,16.6097,21.9702,13.9553,19.7532,29.5285,14.0526,23.3844,39.1143,14.0829,27.5423,51.2054,14.0923,32.2796,66.434,14.0953,37.662,85.6061,14.0962,43.7675,109.74,14.0965,50.687,140.119,14.0966,58.5249,178.359,14.0966,67.4005,226.493,14.0966,77.4493,287.08,14.0966,88.8254,363.343,14.0966,101.703,459.336,14.0966,116.281,580.161,14.0966,132.782,732.241,14.0966,151.46,923.655,14.0966,172.603,1164.57,14.0966,196.535,1467.79,14.0966,223.625,1849.39,14.0966,254.288,2329.62,14.0966,288.997,2933.93,14.0966,328.285,3694.33,14.0966,372.755,4651.04,14.0966,423.092,5854.57,14.0966,480.07,7368.38,14.0966,544.564,9272.08,14.0966,617.566,11665.5,14.0966,700.197,14673.6,14.0966,793.729,18452.9,14.0966,899.599,23198.6,14.0966,1019.43,29154.1,14.0966,1155.07,36622.3,14.0966,1308.6,45977.9,14.0966,1482.39,57683.7,14.0966,1679.09,72307.8,14.0966,1901.73,90542.8,14.0966,2153.73,113226,14.0966,2438.97,141360,14.0966,2761.81,176127,14.0966,3127.22,218898,14.0966,3540.81,271226,14.0966,4008.92,334817,14.0966,4538.74,411470,14.0966,5138.38,502973,14.0966,5817.04,610948,14.0966,6585.12,736653,14.0966,7454.39,880741,14.0966,8438.15,1.04302e+06,14.0966,9551.45,1.22224e+06,14.0966,10811.3,1.41602e+06,14.0966,12237,1.62086e+06,14.0966,11.7194,11.96,12.6541,2.21263,4.16949,0.989383,2.67766,5.84076,0.311842,3.14343,7.55825,0.0972771,3.63127,9.58578,0.0303237,4.15787,12.0912,0.00945211,4.73731,15.2286,0.00294633,5.38238,19.1721,0.000918508,6.10553,24.134,0.000286163,6.91951,30.3791,8.92692e-05,7.83792,38.2397,2.78121e-05,8.87555,48.1338,8.65134e-06,10.0489,60.5876,2.7882e-06,11.3761,76.2629,8.29036e-07,12.8779,95.9927,2.4373e-07,14.5775,120.825,4.33068e-09,16.5012,152.08,1.75749e-07,18.6784,191.415,-1.86328e-07,21.1428,240.917,1.91829e-07,23.9322,303.213,-1.81475e-07,27.0895,381.602,7.0186e-08,30.6634,480.231,-2.86769e-08,34.7087,604.316,2.40784e-07,39.2876,760.401,9.87368e-08,44.4705,956.705,1.22263e-07,50.3371,1203.54,-4.31966e-07,56.9776,1513.81,-1.9705e-07,64.494,1903.69,-2.763e-08,73.0018,2393.4,3.9185e-07,82.6317,3008.13,1.35379e-07,93.5318,3779.25,-4.16351e-08,105.869,4745.7,2.06965e-08,119.834,5955.6,-3.18887e-07,135.641,7468.12,-1.48271e-08,153.531,9355.62,2.00739e-07,173.781,11705.8,2.28358e-07,196.701,14624.1,-1.93587e-08,222.642,18235,-2.88101e-07,252.003,22683.4,-2.24732e-07,285.234,28134,8.56806e-09,322.845,34767,2.34258e-07,365.413,42770.9,2.99668e-07,413.588,52327.9,8.28644e-08,468.111,63591.2,-3.07049e-07,529.814,76653.2,-3.1888e-07,599.642,91502.5,-6.72276e-08,678.662,107975,2.26339e-07,768.083,125705,3.69212e-07,869.267,144088,2.04077e-07,983.76,162277,-2.80509e-07,1113.3,179223,-4.22737e-07,1259.87,193777,-1.71951e-07,1425.68,204839,4.55555e-07,11.7194,11.96,12.6541,2.21263,4.16949,0.989383,2.67766,5.84076,0.311842,3.14343,7.55825,0.0972771,3.63127,9.58578,0.0303237,4.15787,12.0912,0.00945211,4.73731,15.2286,0.00294633,5.38238,19.1721,0.000918508,6.10553,24.134,0.000286163,6.91951,30.3791,8.92692e-05,7.83792,38.2397,2.78121e-05,8.87555,48.1338,8.65134e-06,10.0489,60.5876,2.7882e-06,11.3761,76.2629,8.29036e-07,12.8779,95.9927,2.4373e-07,14.5775,120.825,1e-08,16.5012,152.08,1.75749e-07,18.6784,191.415,1e-08,21.1428,240.917,1.91829e-07,23.9322,303.213,1e-08,27.0895,381.602,7.0186e-08,30.6634,480.231,1e-08,34.7087,604.316,2.40784e-07,39.2876,760.401,9.87368e-08,44.4705,956.705,1.22263e-07,50.3371,1203.54,1e-08,56.9776,1513.81,1e-08,64.494,1903.69,1e-08,73.0018,2393.4,3.9185e-07,82.6317,3008.13,1.35379e-07,93.5318,3779.25,1e-08,105.869,4745.7,2.06965e-08,119.834,5955.6,1e-08,135.641,7468.12,1e-08,153.531,9355.62,2.00739e-07,173.781,11705.8,2.28358e-07,196.701,14624.1,1e-08,222.642,18235,1e-08,252.003,22683.4,1e-08,285.234,28134,1e-08,322.845,34767,2.34258e-07,365.413,42770.9,2.99668e-07,413.588,52327.9,8.28644e-08,468.111,63591.2,1e-08,529.814,76653.2,1e-08,599.642,91502.5,1e-08,678.662,107975,2.26339e-07,768.083,125705,3.69212e-07,869.267,144088,2.04077e-07,983.76,162277,1e-08,1113.3,179223,1e-08,1259.87,193777,1e-08,1425.68,204839,4.55555e-07,6.2823,3.27286,2.43537,0.219672,6.18826,2.24117,0.56371,6.87772,2.63624,0.308279,4,10,5,2,2,2,1,8,0,0,8,0,3,7,0,4,4,0,2,7,0,5,19,0,2,41,0,6,25,0,3,43,0,4,57,0,7,41,0,11,120,0,10,70,0,24,118,0,26,74,0,19,222,0,34,206,0,30,173,0,15,430,0,38,409,0,23,332,0,17,971,0,25,975,0,88,1037,0,72,954,0,55,1718,0,35,2095,0,99,2241,0,210,4303,0,79,6196,0,47,5358,0,79,7504,0,171,12186,0,324,2720,0,231,16426,0,253,19989,0,346,22109,0,271,19399,0,266,44160,0,303,35828,0,484,71790,0,590,38386,0,344,45012,0,302,65702,0,462,77836,0,803,107881,0,716,193844,0,886,183292,0,826,302001,0,1058,99284,0,1318,232725,0
-1.05176e+08,1,8.88811e-15,10,1023,0,1.05176e+08,0.528882,1.08665,0.389689,0.145397,0.379329,3.24381,0.161596,0.446195,1.77396,0.159177,1.15e+07,4.49998e+06,6.79999e+06,1.15e+07,4.49997e+06,6.79999e+06,1.15e+07,4.49996e+06,6.79999e+06,1.15e+07,4.49995e+06,6.79999e+06,1.14999e+07,4.49993e+06,6.79999e+06,1.14999e+07,4.49991e+06,6.79999e+06,1.14999e+07,4.49989e+06,6.79999e+06,1.14999e+07,4.49986e+06,6.79999e+06,1.14999e+07,4.49982e+06,6.79999e+06,1.14999e+07,4.49977e+06,6.79999e+06,1.14999e+07,4.49971e+06,6.79999e+06,1.14999e+07,4.49963e+06,6.79999e+06,1.14998e+07,4.49953e+06,6.79999e+06,1.14998e+07,4.49941e+06,6.79999e+06,1.14998e+07,4.49926e+06,6.79999e+06,1.14998e+07,4.49906e+06,6.79999e+06,1.14997e+07,4.49882e+06,6.79999e+06,1.14997e+07,4.49851e+06,6.79999e+06,1.14997e+07,4.49812e+06,6.79999e+06,1.14996e+07,4.49764e+06,6.79999e+06,1.14996e+07,4.49702e+06,6.79999e+06,1.14995e+07,4.49625e+06,6.79999e+06,1.14995e+07,4.49528e+06,6.79999e+06,1.14994e+07,4.49406e+06,6.79999e+06,1.14993e+07,4.49253e+06,6.79999e+06,1.14992e+07,4.49059e+06,6.79999e+06,1.14991e+07,4.48817e+06,6.79999e+06,1.1499e+07,4.48511e+06,6.79999e+06,1.14988e+07,4.48128e+06,6.79999e+06,1.14987e+07,4.47646e+06,6.79999e+06,1.14985e+07,4.47041e+06,6.79999e+06,1.14983e+07,4.46281e+06,6.79999e+06,1.14981e+07,4.4533e+06,6.79999e+06,1.14979e+07,4.44138e+06,6.79999e+06,1.14976e+07,4.42649e+06,6.79999e+06,1.14972e+07,4.40789e+06,6.79999e+06,1.14969e+07,4.38471e+06,6.79999e+06,1.14965e+07,4.35592e+06,6.79999e+06,1.1496e+07,4.32027e+06,6.79999e+06,1.14955e+07,4.27629e+06,6.79999e+06,1.14949e+07,4.22231e+06,6.79999e+06,1.14942e+07,4.15647e+06,6.79999e+06,1.14934e+07,4.07676e+06,6.79999e+06,1.14926e+07,3.98112e+06,6.79999e+06,1.14916e+07,3.86765e+06,6.79999e+06,1.14905e+07,3.73474e+06,6.79999e+06,1.14892e+07,3.58148e+06,6.79999e+06,1.14878e+07,3.40785e+06,6.79999e+06,1.14862e+07,3.21513e+06,6.79999e+06,1.14844e+07,3.00605e+06,6.79999e+06,1.14823e+07,2.7848e+06,6.79999e+06,1.148e+07,2.5568e+06,6.79999e+06,1.14773e+07,2.32825e+06,6.79999e+06,13.5742,8.52444,0.508366,16.8306,13.2585,0.162638,20.0035,17.569,0.0507846,23.2616,22.4214,0.0158319,26.7328,28.3297,0.00493498,30.5212,35.6974,0.00153831,34.7178,44.9473,0.000479527,39.4086,56.5822,0.000149456,44.6796,71.2245,4.66214e-05,50.6209,89.6543,1.45419e-05,57.3297,112.852,4.54748e-06,64.9129,142.051,1.43857e-06,73.4897,178.803,4.36618e-07,83.1934,225.062,1.40153e-07,94.1745,283.286,4.96378e-08,106.602,356.568,1.05434e-07,120.669,448.799,-6.49244e-08,136.59,564.873,1.70148e-07,154.611,710.948,-5.34594e-08,175.008,894.767,1.63407e-07,198.097,1126.06,8.04804e-08,224.231,1417.07,1.14667e-07,253.813,1783.15,-1.71227e-07,287.297,2243.62,-2.88466e-07,325.198,2822.67,-4.33651e-07,368.098,3550.67,7.9318e-08,416.657,4465.65,3.13319e-07,471.621,5615.16,3.4613e-07,533.835,7058.61,-1.19199e-07,604.255,8870.02,-2.79964e-07,683.962,11141.4,-2.30521e-07,774.182,13986.7,-2.55099e-07,876.299,17546.4,1.23585e-07,991.883,21993.1,1.41192e-07,1122.71,27536.7,-9.71886e-08,1270.78,34430.7,-3.68368e-07,1438.38,42977.7,-3.45379e-07,1628.07,53532.7,-3.25328e-09,1842.77,66504.6,2.6362e-07,2085.77,82350.2,2.53445e-07,2360.79,101560,-2.47407e-08,2672.05,124632,-3.80602e-07,3024.31,152018,-4.79005e-07,3422.98,184060,-1.14379e-07,3874.15,220884,2.64297e-07,4384.72,262283,3.44131e-07,4962.49,307576,7.5349e-08,5616.29,355497,-3.63097e-07,6356.1,404126,-6.05442e-07,7193.18,450932,-2.72333e-07,8140.28,492963,2.29675e-07,9211.79,527178,4.3387e-07,10424,550893,-1.0711e-07,10.102,8.06553,2.81012,10.6436,8.57909,0.869423,11.5336,10.2515,0.270869,12.7211,12.7138,0.0844293,14.1823,15.9373,0.0263173,15.9122,20.0383,0.0082035,17.9198,25.2154,0.00255722,20.2244,31.7373,0.000797017,22.8539,39.9486,0.000248622,25.8438,50.2851,7.75492e-05,29.237,63.2963,2.42508e-05,33.0837,79.6738,7.67162e-06,37.4415,100.288,2.32837e-06,42.3767,126.236,7.33e-07,47.9646,158.896,2.79256e-07,54.2906,200.003,9.87351e-09,61.452,251.741,1.61085e-07,69.5585,316.859,-2.47141e-07,78.7347,398.812,8.93552e-08,89.1218,501.948,-2.53231e-07,100.879,631.736,-1.25047e-07,114.188,795.049,-1.78808e-07,129.252,1000.53,2.6733e-07,146.304,1259.03,4.50292e-07,165.605,1584.19,6.76904e-07,187.452,1993.12,-1.23808e-07,212.181,2507.27,-4.89068e-07,240.173,3153.54,-5.40284e-07,271.856,3965.56,1.86061e-07,307.719,4985.38,4.37004e-07,348.313,6265.4,3.59828e-07,394.26,7870.83,3.98192e-07,446.268,9882.51,-1.92908e-07,505.135,12400.3,-2.20392e-07,571.766,15546.9,1.51705e-07,647.184,19472.2,5.74996e-07,732.547,24357.4,5.39112e-07,829.167,30420,5.07815e-09,938.526,37916.3,-4.11492e-07,1062.3,47143.9,-3.9561e-07,1202.4,58439.2,3.86185e-08,1360.96,72169.3,5.94093e-07,1540.42,88715.8,7.47693e-07,1743.53,108445,1.78537e-07,1973.41,131665,-4.12549e-07,2233.57,158557,-5.37164e-07,2528,189103,-1.17615e-07,2861.2,222986,5.66769e-07,3238.27,259510,9.45053e-07,3664.97,297540,4.25093e-07,4147.81,335497,-3.58506e-07,4694.17,371444,-6.7724e-07,5312.37,403256,1.67192e-07,1.61744,3.89446,9.84394,3.28846,7.5504,12.774,5.07607,11.7187,13.6844,7.03202,16.8147,13.9681,9.20215,23.1769,14.0566,11.6301,31.1672,14.0841,14.3598,41.2186,14.0927,17.4376,53.8688,14.0954,20.9137,69.7915,14.0962,24.8432,89.8341,14.0965,29.2879,115.063,14.0966,34.3168,146.819,14.0966,40.0078,186.792,14.0966,46.4487,237.107,14.0966,53.7388,300.44,14.0966,61.9903,380.158,14.0966,71.3301,480.499,14.0966,81.902,606.796,14.0966,93.8685,765.761,14.0966,107.414,965.837,14.0966,122.746,1217.65,14.0966,140.101,1534.57,14.0966,159.745,1933.41,14.0966,181.981,2435.3,14.0966,207.15,3066.85,14.0966,235.64,3861.46,14.0966,267.889,4861.11,14.0966,304.391,6118.54,14.0966,345.709,7699.91,14.0966,392.478,9688.22,14.0966,445.417,12187.5,14.0966,505.339,15327.7,14.0966,573.165,19271.6,14.0966,649.938,24222,14.0966,736.839,30430.9,14.0966,835.202,38211.5,14.0966,946.539,47950.3,14.0966,1072.56,60122.8,14.0966,1215.21,75309.9,14.0966,1376.66,94216.2,14.0966,1559.41,117688,14.0966,1766.26,146729,14.0966,2000.39,182510,14.0966,2265.39,226372,14.0966,2565.33,279806,14.0966,2904.81,344416,14.0966,3289.05,421845,14.0966,3723.93,513667,14.0966,4216.13,621231,14.0966,4773.18,745478,14.0966,5403.64,886744,14.0966,6117.15,1.04457e+06,14.0966,6924.63,1.2176e+06,14.0966,11.7194,11.96,12.6541,13.9321,16.1295,13.6434,16.6097,21.9702,13.9553,19.7532,29.5285,14.0526,23.3844,39.1143,14.0829,27.5423,51.2054,14.0923,32.2796,66.434,14.0953,37.662,85.6061,14.0962,43.7675,109.74,14.0965,50.687,140.119,14.0966,58.5249,178.359,14.0966,67.4005,226.493,14.0966,77.4493,287.08,14.0966,88.8254,363.343,14.0966,101.703,459.336,14.0966,116.281,580.161,14.0966,132.782,732.241,14.0966,151.46,923.655,14.0966,172.603,1164.57,14.0966,196.535,1467.79,14.0966,223.625,1849.39,14.0966,254.288,2329.62,14.0966,288.997,2933.93,14.0966,328.285,3694.33,14.0966,372.755,4651.04,14.0966,423.092,5854.57,14.0966,480.07,7368.38,14.0966,544.564,9272.08,14.0966,617.566,11665.5,14.0966,700.197,14673.6,14.0966,793.729,18452.9,14.0966,899.599,23198.6,14.0966,1019.43,29154.1,14.0966,1155.07,36622.3,14.0966,1308.6,45977.9,14.0966,1482.39,57683.7,14.0966,1679.09,72307.8,14.0966,1901.73,90542.8,14.0966,2153.73,113226,14.0966,2438.97,141360,14.0966,2761.81,176127,14.0966,3127.22,218898,14.0966,3540.81,271226,14.0966,4008.92,334817,14.0966,4538.74,411470,14.0966,5138.38,502973,14.0966,5817.04,610948,14.0966,6585.12,736653,14.0966,7454.39,880741,14.0966,8438.15,1.04302e+06,14.0966,9551.45,1.22224e+06,14.0966,10811.3,1.41602e+06,14.0966,12237,1.62086e+06,14.0966,11.7194,11.96,12.6541,2.21263,4.16949,0.989383,2.67766,5.84076,0.311842,3.14343,7.55825,0.0972771,3.63127,9.58578,0.0303237,4.15787,12.0912,0.00945211,4.73731,15.2286,0.00294633,5.38238,19.1721,0.000918508,6.10553,24.134,0.000286163,6.91951,30.3791,8.92692e-05,7.83792,38.2397,2.78121e-05,8.87555,48.1338,8.65134e-06,10.0489,60.5876,2.7882e-06,11.3761,76.2629,8.29036e-07,12.8779,95.9927,2.4373e-07,14.5775,120.825,4.33068e-09,16.5012,152.08,1.75749e-07,18.6784,191.415,-1.86328e-07,21.1428,240.917,1.91829e-07,23.9322,303.213,-1.81475e-07,27.0895,381.602,7.0186e-08,30.6634,480.231,-2.86769e-08,34.7087,604.316,2.40784e-07,39.2876,760.401,9.87368e-08,44.4705,956.705,1.22263e-07,50.3371,1203.54,-4.31966e-07,56.9776,1513.81,-1.9705e-07,64.494,1903.69,-2.763e-08,73.0018,2393.4,3.9185e-07,82.6317,3008.13,1.35379e-07,93.5318,3779.25,-4.16351e-08,105.869,4745.7,2.06965e-08,119.834,5955.6,-3.18887e-07,135.641,7468.12,-1.48271e-08,153.531,9355.62,2.00739e-07,173.781,11705.8,2.28358e-07,196.701,14624.1,-1.93587e-08,222.642,18235,-2.88101e-07,252.003,22683.4,-2.24732e-07,285.234,28134,8.56806e-09,322.845,34767,2.34258e-07,365.413,42770.9,2.99668e-07,413.588,52327.9,8.28644e-08,468.111,63591.2,-3.07049e-07,529.814,76653.2,-3.1888e-07,599.642,91502.5,-6.72276e-08,678.662,107975,2.26339e-07,768.083,125705,3.69212e-07,869.267,144088,2.04077e-07,983.76,162277,-2.80509e-07,1113.3,179223,-4.22737e-07,1259.87,193777,-1.71951e-07,1425.68,204839,4.55555e-07,11.7194,11.96,12.6541,2.21263,4.16949,0.989383,2.67766,5.84076,0.311842,3.14343,7.55825,0.0972771,3.63127,9.58578,0.0303237,4.15787,12.0912,0.00945211,4.73731,15.2286,0.00294633,5.38238,19.1721,0.000918508,6.10553,24.134,0.000286163,6.91951,30.3791,8.92692e-05,7.83792,38.2397,2.78121e-05,8.87555,48.1338,8.65134e-06,10.0489,60.5876,2.7882e-06,11.3761,76.2629,8.29036e-07,12.8779,95.9927,2.4373e-07,14.5775,120.825,1e-08,16.5012,152.08,1.75749e-07,18.6784,191.415,1e-08,21.1428,240.917,1.91829e-07,23.9322,303.213,1e-08,27.0895,381.602,7.0186e-08,30.6634,480.231,1e-08,34.7087,604.316,2.40784e-07,39.2876,760.401,9.87368e-08,44.4705,956.705,1.22263e-07,50.3371,1203.54,1e-08,56.9776,1513.81,1e-08,64.494,1903.69,1e-08,73.0018,2393.4,3.9185e-07,82.6317,3008.13,1.35379e-07,93.5318,3779.25,1e-08,105.869,4745.7,2.06965e-08,119.834,5955.6,1e-08,135.641,7468.12,1e-08,153.531,9355.62,2.00739e-07,173.781,11705.8,2.28358e-07,196.701,14624.1,1e-08,222.642,18235,1e-08,252.003,22683.4,1e-08,285.234,28134,1e-08,322.845,34767,2.34258e-07,365.413,42770.9,2.99668e-07,413.588,52327.9,8.28644e-08,468.111,63591.2,1e-08,529.814,76653.2,1e-08,599.642,91502.5,1e-08,678.662,107975,2.26339e-07,768.083,125705,3.69212e-07,869.267,144088,2.04077e-07,983.76,162277,1e-08,1113.3,179223,1e-08,1259.87,193777,1e-08,1425.68,204839,4.55555e-07,6.2823,3.27286,2.43537,0.219672,6.18826,2.24117,0.56371,6.87772,2.63624,0.308279,13,11,16,2,3,1,1,6,0,1,2,0,5,13,0,6,24,0,7,11,0,2,20,0,3,15,0,8,29,0,9,16,0,10,23,0,20,26,0,17,120,0,10,144,0,7,83,0,16,202,0,20,67,0,10,433,0,14,435,0,9,501,0,62,503,0,18,686,0,15,564,0,31,1066,0,22,1864,0,61,1083,0,100,3216,0,101,523,0,111,2048,0,99,1876,0,85,3582,0,93,3895,0,104,12025,0,179,6503,0,167,17676,0,308,4888,0,149,19340,0,172,16721,0,243,13328,0,275,28533,0,324,32383,0,624,61064,0,456,147960,0,432,144386,0,813,145839,0,776,99508,0,410,154446,0,730,169761,0,604,215983,0,1110,153372,0,1316,348081,0,1259,111028,0
-1.05176e+08,1,8.88811e-15,10,1023,0,1.05176e+08,0.528882,1.08665,0.389689,0.145397,0.379329,3.24381,0.161596,0.446195,1.77396,0.159177,1.15e+07,4.49998e+06,6.79999e+06,1.15e+07,4.49997e+06,6.79999e+06,1.15e+07,4.49996e+06,6.79999e+06,1.15e+07,4.49995e+06,6.79999e+06,1.14999e+07,4.49993e+06,6.79999e+06,1.14999e+07,4.49991e+06,6.79999e+06,1.14999e+07,4.49989e+06,6.79999e+06,1.14999e+07,4.49986e+06,6.79999e+06,1.14999e+07,4.49982e+06,6.79999e+06,1.14999e+07,4.49977e+06,6.79999e+06,1.14999e+07,4.49971e+06,6.79999e+06,1.14999e+07,4.49963e+06,6.79999e+06,1.14998e+07,4.49953e+06,6.79999e+06,1.14998e+07,4.49941e+06,6.79999e+06,1.14998e+07,4.49926e+06,6.79999e+06,1.14998e+07,4.49906e+06,6.79999e+06,1.14997e+07,4.49882e+06,6.79999e+06,1.14997e+07,4.49851e+06,6.79999e+06,1.14997e+07,4.49812e+06,6.79999e+06,1.14996e+07,4.49764e+06,6.79999e+06,1.14996e+07,4.49702e+06,6.79999e+06,1.14995e+07,4.49625e+06,6.79999e+06,1.14995e+07,4.49528e+06,6.79999e+06,1.14994e+07,4.49406e+06,6.79999e+06,1.14993e+07,4.49253e+06,6.79999e+06,1.14992e+07,4.49059e+06,6.79999e+06,1.14991e+07,4.48817e+06,6.79999e+06,1.1499e+07,4.48511e+06,6.79999e+06,1.14988e+07,4.48128e+06,6.79999e+06,1.14987e+07,4.47646e+06,6.79999e+06,1.14985e+07,4.47041e+06,6.79999e+06,1.14983e+07,4.46281e+06,6.79999e+06,1.14981e+07,4.4533e+06,6.79999e+06,1.14979e+07,4.44138e+06,6.79999e+06,1.14976e+07,4.42649e+06,6.79999e+06,1.14972e+07,4.40789e+06,6.79999e+06,1.14969e+07,4.38471e+06,6.79999e+06,1.14965e+07,4.35592e+06,6.79999e+06,1.1496e+07,4.32027e+06,6.79999e+06,1.14955e+07,4.27629e+06,6.79999e+06,1.14949e+07,4.22231e+06,6.79999e+06,1.14942e+07,4.15647e+06,6.79999e+06,1.14934e+07,4.07676e+06,6.79999e+06,1.14926e+07,3.98112e+06,6.79999e+06,1.14916e+07,3.86765e+06,6.79999e+06,1.14905e+07,3.73474e+06,6.79999e+06,1.14892e+07,3.58148e+06,6.79999e+06,1.14878e+07,3.40785e+06,6.79999e+06,1.14862e+07,3.21513e+06,6.79999e+06,1.14844e+07,3.00605e+06,6.79999e+06,1.14823e+07,2.7848e+06,6.79999e+06,1.148e+07,2.5568e+06,6.79999e+06,1.14773e+07,2.32825e+06,6.79999e+06,13.5742,8.52444,0.508366,16.8306,13.2585,0.162638,20.0035,17.569,0.0507846,23.2616,22.4214,0.0158319,26.7328,28.3297,0.00493498,30.5212,35.6974,0.00153831,34.7178,44.9473,0.000479527,39.4086,56.5822,0.000149456,44.6796,71.2245,4.66214e-05,50.6209,89.6543,1.45419e-05,57.3297,112.852,4.54748e-06,64.9129,142.051,1.43857e-06,73.4897,178.803,4.36618e-07,83.1934,225.062,1.40153e-07,94.1745,283.286,4.96378e-08,106.602,356.568,1.05434e-07,120.669,448.799,-6.49244e-08,136.59,564.873,1.70148e-07,154.611,710.948,-5.34594e-08,175.008,894.767,1.63407e-07,198.097,1126.06,8.04804e-08,224.231,1417.07,1.14667e-07,253.813,1783.15,-1.71227e-07,287.297,2243.62,-2.88466e-07,325.198,2822.67,-4.33651e-07,368.098,3550.67,7.9318e-08,416.657,4465.65,3.13319e-07,471.621,5615.16,3.4613e-07,533.835,7058.61,-1.19199e-07,604.255,8870.02,-2.79964e-07,683.962,11141.4,-2.30521e-07,774.182,13986.7,-2.55099e-07,876.299,17546.4,1.23585e-07,991.883,21993.1,1.41192e-07,1122.71,27536.7,-9.71886e-08,1270.78,34430.7,-3.68368e-07,1438.38,42977.7,-3.45379e-07,1628.07,53532.7,-3.25328e-09,1842.77,66504.6,2.6362e-07,2085.77,82350.2,2.53445e-07,2360.79,101560,-2.47407e-08,2672.05,124632,-3.80602e-07,3024.31,152018,-4.79005e-07,3422.98,184060,-1.14379e-07,3874.15,220884,2.64297e-07,4384.72,262283,3.44131e-07,4962.49,307576,7.5349e-08,5616.29,355497,-3.63097e-07,6356.1,404126,-6.05442e-07,7193.18,450932,-2.72333e-07,8140.28,492963,2.29675e-07,9211.79,527178,4.3387e-07,10424,550893,-1.0711e-07,10.102,8.06553,2.81012,10.6436,8.57909,0.869423,11.5336,10.2515,0.270869,12.7211,12.7138,0.0844293,14.1823,15.9373,0.0263173,15.9122,20.0383,0.0082035,17.9198,25.2154,0.00255722,20.2244,31.7373,0.000797017,22.8539,39.9486,0.000248622,25.8438,50.2851,7.75492e-05,29.237,63.2963,2.42508e-05,33.0837,79.6738,7.67162e-06,37.4415,100.288,2.32837e-06,42.3767,126.236,7.33e-07,47.9646,158.896,2.79256e-07,54.2906,200.003,9.87351e-09,61.452,251.741,1.61085e-07,69.5585,316.859,-2.47141e-07,78.7347,398.812,8.93552e-08,89.1218,501.948,-2.53231e-07,100.879,631.736,-1.25047e-07,114.188,795.049,-1.78808e-07,129.252,1000.53,2.6733e-07,146.304,1259.03,4.50292e-07,165.605,1584.19,6.76904e-07,187.452,1993.12,-1.23808e-07,212.181,2507.27,-4.89068e-07,240.173,3153.54,-5.40284e-07,271.856,3965.56,1.86061e-07,307.719,4985.38,4.37004e-07,348.313,6265.4,3.59828e-07,394.26,7870.83,3.98192e-07,446.268,9882.51,-1.92908e-07,505.135,12400.3,-2.20392e-07,571.766,15546.9,1.51705e-07,647.184,19472.2,5.74996e-07,732.547,24357.4,5.39112e-07,829.167,30420,5.07815e-09,938.526,37916.3,-4.11492e-07,1062.3,47143.9,-3.9561e-07,1202.4,58439.2,3.86185e-08,1360.96,72169.3,5.94093e-07,1540.42,88715.8,7.47693e-07,1743.53,108445,1.78537e-07,1973.41,131665,-4.12549e-07,2233.57,158557,-5.37164e-07,2528,189103,-1.17615e-07,2861.2,222986,5.66769e-07,3238.27,259510,9.45053e-07,3664.97,297540,4.25093e-07,4147.81,335497,-3.58506e-07,4694.17,371444,-6.7724e-07,5312.37,403256,1.67192e-07,1.61744,3.89446,9.84394,3.28846,7.5504,12.774,5.07607,11.7187,13.6844,7.03202,16.8147,13.9681,9.20215,23.1769,14.0566,11.6301,31.1672,14.0841,14.3598,41.2186,14.0927,17.4376,53.8688,14.0954,20.9137,69.7915,14.0962,24.8432,89.8341,14.0965,29.2879,115.063,14.0966,34.3168,146.819,14.0966,40.0078,186.792,14.0966,46.4487,237.107,14.0966,53.7388,300.44,14.0966,61.9903,380.158,14.0966,71.3301,480.499,14.0966,81.902,606.796,14.0966,93.8685,765.761,14.0966,107.414,965.837,14.0966,122.746,1217.65,14.0966,140.101,1534.57,14.0966,159.745,1933.41,14.0966,181.981,2435.3,14.0966,207.15,3066.85,14.0966,235.64,3861.46,14.0966,267.889,4861.11,14.0966,304.391,6118.54,14.0966,345.709,7699.91,14.0966,392.478,9688.22,14.0966,445.417,12187.5,14.0966,505.339,15327.7,14.0966,573.165,19271.6,14.0966,649.938,24222,14.0966,736.839,30430.9,14.0966,835.202,38211.5,14.0966,946.539,47950.3,14.0966,1072.56,60122.8,14.0966,1215.21,75309.9,14.0966,1376.66,94216.2,14.0966,1559.41,117688,14.0966,1766.26,146729,14.0966,2000.39,182510,14.0966,2265.39,226372,14.0966,2565.33,279806,14.0966,2904.81,344416,14.0966,3289.05,421845,14.0966,3723.93,513667,14.0966,4216.13,621231,14.0966,4773.18,745478,14.0966,5403.64,886744,14.0966,6117.15,1.04457e+06,14.0966,6924.63,1.2176e+06,14.0966,11.7194,11.96,12.6541,13.9321,16.1295,13.6434,16.6097,21.9702,13.9553,19.7532,29.5285,14.0526,23.3844,39.1143,14.0829,27.5423,51.2054,14.0923,32.2796,66.434,14.0953,37.662,85.6061,14.0962,43.7675,109.74,14.0965,50.687,140.119,14.0966,58.5249,178.359,14.0966,67.4005,226.493,14.0966,77.4493,287.08,14.0966,88.8254,363.343,14.0966,101.703,459.336,14.0966,116.281,580.161,14.0966,132.782,732.241,14.0966,151.46,923.655,14.0966,172.603,1164.57,14.0966,196.535,1467.79,14.0966,223.625,1849.39,14.0966,254.288,2329.62,14.0966,288.997,2933.93,14.0966,328.285,3694.33,14.0966,372.755,4651.04,14.0966,423.092,5854.57,14.0966,480.07,7368.38,14.0966,544.564,9272.08,14.0966,617.566,11665.5,14.0966,700.197,14673.6,14.0966,793.729,18452.9,14.0966,899.599,23198.6,14.0966,1019.43,29154.1,14.0966,1155.07,36622.3,14.0966,1308.6,45977.9,14.0966,1482.39,57683.7,14.0966,1679.09,72307.8,14.0966,1901.73,90542.8,14.0966,2153.73,113226,14.0966,2438.97,141360,14.0966,2761.81,176127,14.0966,3127.22,218898,14.0966,3540.81,271226,14.0966,4008.92,334817,14.0966,4538.74,411470,14.0966,5138.38,502973,14.0966,5817.04,610948,14.0966,6585.12,736653,14.0966,7454.39,880741,14.0966,8438.15,1.04302e+06,14.0966,9551.45,1.22224e+06,14.0966,10811.3,1.41602e+06,14.0966,12237,1.62086e+06,14.0966,11.7194,11.96,12.6541,2.21263,4.16949,0.989383,2.67766,5.84076,0.311842,3.14343,7.55825,0.0972771,3.63127,9.58578,0.0303237,4.15787,12.0912,0.00945211,4.73731,15.2286,0.00294633,5.38238,19.1721,0.000918508,6.10553,24.134,0.000286163,6.91951,30.3791,8.92692e-05,7.83792,38.2397,2.78121e-05,8.87555,48.1338,8.65134e-06,10.0489,60.5876,2.7882e-06,11.3761,76.2629,8.29036e-07,12.8779,95.9927,2.4373e-07,14.5775,120.825,4.33068e-09,16.5012,152.08,1.75749e-07,18.6784,191.415,-1.86328e-07,21.1428,240.917,1.91829e-07,23.9322,303.213,-1.81475e-07,27.0895,381.602,7.0186e-08,30.6634,480.231,-2.86769e-08,34.7087,604.316,2.40784e-07,39.2876,760.401,9.87368e-08,44.4705,956.705,1.22263e-07,50.3371,1203.54,-4.31966e-07,56.9776,1513.81,-1.9705e-07,64.494,1903.69,-2.763e-08,73.0018,2393.4,3.9185e-07,82.6317,3008.13,1.35379e-07,93.5318,3779.25,-4.16351e-08,105.869,4745.7,2.06965e-08,119.834,5955.6,-3.18887e-07,135.641,7468.12,-1.48271e-08,153.531,9355.62,2.00739e-07,173.781,11705.8,2.28358e-07,196.701,14624.1,-1.93587e-08,222.642,18235,-2.88101e-07,252.003,22683.4,-2.24732e-07,285.234,28134,8.56806e-09,322.845,34767,2.34258e-07,365.413,42770.9,2.99668e-07,413.588,52327.9,8.28644e-08,468.111,63591.2,-3.07049e-07,529.814,76653.2,-3.1888e-07,599.642,91502.5,-6.72276e-08,678.662,107975,2.26339e-07,768.083,125705,3.69212e-07,869.267,144088,2.04077e-07,983.76,162277,-2.80509e-07,1113.3,179223,-4.22737e-07,1259.87,193777,-1.71951e-07,1425.68,204839,4.55555e-07,11.7194,11.96,12.6541,2.21263,4.16949,0.989383,2.67766,5.84076,0.311842,3.14343,7.55825,0.0972771,3.63127,9.58578,0.0303237,4.15787,12.0912,0.00945211,4.73731,15.2286,0.00294633,5.38238,19.1721,0.000918508,6.10553,24.134,0.000286163,6.91951,30.3791,8.92692e-05,7.83792,38.2397,2.78121e-05,8.87555,48.1338,8.65134e-06,10.0489,60.5876,2.7882e-06,11.3761,76.2629,8.29036e-07,12.8779,95.9927,2.4373e-07,14.5775,120.825,1e-08,16.5012,152.08,1.75749e-07,18.6784,191.415,1e-08,21.1428,240.917,1.91829e-07,23.9322,303.213,1e-08,27.0895,381.602,7.0186e-08,30.6634,480.231,1e-08,34.7087,604.316,2.40784e-07,39.2876,760.401,9.87368e-08,44.4705,956.705,1.22263e-07,50.3371,1203.54,1e-08,56.9776,1513.81,1e-08,64.494,1903.69,1e-08,73.0018,2393.4,3.9185e-07,82.6317,3008.13,1.35379e-07,93.5318,3779.25,1e-08,105.869,4745.7,2.06965e-08,119.834,5955.6,1e-08,135.641,7468.12,1e-08,153.531,9355.62,2.00739e-07,173.781,11705.8,2.28358e-07,196.701,14624.1,1e-08,222.642,18235,1e-08,252.003,22683.4,1e-08,285.234,28134,1e-08,322.845,34767,2.34258e-07,365.413,42770.9,2.99668e-07,413.588,52327.9,8.28644e-08,468.111,63591.2,1e-08,529.814,76653.2,1e-08,599.642,91502.5,1e-08,678.662,107975,2.26339e-07,768.083,125705,3.69212e-07,869.267,144088,2.04077e-07,983.76,162277,1e-08,1113.3,179223,1e-08,1259.87,193777,1e-08,1425.68,204839,4.55555e-07,6.2823,3.27286,2.43537,0.219672,6.18826,2.24117,0.56371,6.87772,2.63624,0.308279,9,13,17,0,4,2,2,4,0,1,6,0,5,8,0,5,7,0,4,15,0,1,10,0,4,20,0,1,49,0,15,46,0,9,51,0,8,23,0,11,77,0,11,55,0,18,105,0,27,187,0,15,228,0,8,259,0,35,260,0,22,343,0,28,895,0,34,251,0,45,892,0,77,881,0,26,1240,0,49,1785,0,81,310,0,66,2039,0,65,2267,0,20,2867,0,113,2598,0,126,2853,0,85,6933,0,151,11626,0,107,13416,0,138,15127,0,302,22287,0,152,17734,0,94,44174,0,266,35545,0,211,37285,0,449,80885,0,511,70616,0,566,25596,0,520,85120,0,955,153625,0,822,145881,0,457,154605,0,1185,188360,0,1532,140587,0,1247,149468,0,1396,154494,0
-1.05176e+08,1,8.88811e-15,10,1023,0,1.05176e+08,0.528882,1.08665,0.389689,0.145397,0.379329,3.24381,0.161596,0.446195,1.77396,0.159177,1.15e+07,4.49998e+06,6.79999e+06,1.15e+07,4.49997e+06,6.79999e+06,1.15e+07,4.49996e+06,6.79999e+06,1.15e+07,4.49995e+06,6.79999e+06,1.14999e+07,4.49993e+06,6.79999e+06,1.14999e+07,4.49991e+06,6.79999e+06,1.14999e+07,4.49989e+06,6.79999e+06,1.14999e+07,4.49986e+06,6.79999e+06,1.14999e+07,4.49982e+06,6.79999e+06,1.14999e+07,4.49977e+06,6.79999e+06,1.14999e+07,4.49971e+06,6.79999e+06,1.14999e+07,4.49963e+06,6.79999e+06,1.14998e+07,4.49953e+06,6.79999e+06,1.14998e+07,4.49941e+06,6.79999e+06,1.14998e+07,4.49926e+06,6.79999e+06,1.14998e+07,4.49906e+06,6.79999e+06,1.14997e+07,4.49882e+06,6.79999e+06,1.14997e+07,4.49851e+06,6.79999e+06,1.14997e+07,4.49812e+06,6.79999e+06,1.14996e+07,4.49764e+06,6.79999e+06,1.14996e+07,4.49702e+06,6.79999e+06,1.14995e+07,4.49625e+06,6.79999e+06,1.14995e+07,4.49528e+06,6.79999e+06,1.14994e+07,4.49406e+06,6.79999e+06,1.14993e+07,4.49253e+06,6.79999e+06,1.14992e+07,4.49059e+06,6.79999e+06,1.14991e+07,4.48817e+06,6.79999e+06,1.1499e+07,4.48511e+06,6.79999e+06,1.14988e+07,4.48128e+06,6.79999e+06,1.14987e+07,4.47646e+06,6.79999e+06,1.14985e+07,4.47041e+06,6.79999e+06,1.14983e+07,4.46281e+06,6.79999e+06,1.14981e+07,4.4533e+06,6.79999e+06,1.14979e+07,4.44138e+06,6.79999e+06,1.14976e+07,4.42649e+06,6.79999e+06,1.14972e+07,4.40789e+06,6.79999e+06,1.14969e+07,4.38471e+06,6.79999e+06,1.14965e+07,4.35592e+06,6.79999e+06,1.1496e+07,4.32027e+06,6.79999e+06,1.14955e+07,4.27629e+06,6.79999e+06,1.14949e+07,4.22231e+06,6.79999e+06,1.14942e+07,4.15647e+06,6.79999e+06,1.14934e+07,4.07676e+06,6.79999e+06,1.14926e+07,3.98112e+06,6.79999e+06,1.14916e+07,3.86765e+06,6.79999e+06,1.14905e+07,3.73474e+06,6.79999e+06,1.14892e+07,3.58148e+06,6.79999e+06,1.14878e+07,3.40785e+06,6.79999e+06,1.14862e+07,3.21513e+06,6.79999e+06,1.14844e+07,3.00605e+06,6.79999e+06,1.14823e+07,2.7848e+06,6.79999e+06,1.148e+07,2.5568e+06,6.79999e+06,1.14773e+07,2.32825e+06,6.79999e+06,13.5742,8.52444,0.508366,16.8306,13.2585,0.162638,20.0035,17.569,0.0507846,23.2616,22.4214,0.0158319,26.7328,28.3297,0.00493498,30.5212,35.6974,0.00153831,34.7178,44.9473,0.000479527,39.4086,56.5822,0.000149456,44.6796,71.2245,4.66214e-05,50.6209,89.6543,1.45419e-05,57.3297,112.852,4.54748e-06,64.9129,142.051,1.43857e-06,73.4897,178.803,4.36618e-07,83.1934,225.062,1.40153e-07,94.1745,283.286,4.96378e-08,106.602,356.568,1.05434e-07,120.669,448.799,-6.49244e-08,136.59,564.873,1.70148e-07,154.611,710.948,-5.34594e-08,175.008,894.767,1.63407e-07,198.097,1126.06,8.04804e-08,224.231,1417.07,1.14667e-07,253.813,1783.15,-1.71227e-07,287.297,2243.62,-2.88466e-07,325.198,2822.67,-4.33651e-07,368.098,3550.67,7.9318e-08,416.657,4465.65,3.13319e-07,471.621,5615.16,3.4613e-07,533.835,7058.61,-1.19199e-07,604.255,8870.02,-2.79964e-07,683.962,11141.4,-2.30521e-07,774.182,13986.7,-2.55099e-07,876.299,17546.4,1.23585e-07,991.883,21993.1,1.41192e-07,1122.71,27536.7,-9.71886e-08,1270.78,34430.7,-3.68368e-07,1438.38,42977.7,-3.45379e-07,1628.07,53532.7,-3.25328e-09,1842.77,66504.6,2.6362e-07,2085.77,82350.2,2.53445e-07,2360.79,101560,-2.47407e-08,2672.05,124632,-3.80602e-07,3024.31,152018,-4.79005e-07,3422.98,184060,-1.14379e-07,3874.15,220884,2.64297e-07,4384.72,262283,3.44131e-07,4962.49,307576,7.5349e-08,5616.29,355497,-3.63097e-07,6356.1,404126,-6.05442e-07,7193.18,450932,-2.72333e-07,8140.28,492963,2.29675e-07,9211.79,527178,4.3387e-07,10424,550893,-1.0711e-07,10.102,8.06553,2.81012,10.6436,8.57909,0.869423,11.5336,10.2515,0.270869,12.7211,12.7138,0.0844293,14.1823,15.9373,0.0263173,15.9122,20.0383,0.0082035,17.9198,25.2154,0.00255722,20.2244,31.7373,0.000797017,22.8539,39.9486,0.000248622,25.8438,50.2851,7.75492e-05,29.237,63.2963,2.42508e-05,33.0837,79.6738,7.67162e-06,37.4415,100.288,2.32837e-06,42.3767,126.236,7.33e-07,47.9646,158.896,2.79256e-07,54.2906,200.003,9.87351e-09,61.452,251.741,1.61085e-07,69.5585,316.859,-2.47141e-07,78.7347,398.812,8.93552e-08,89.1218,501.948,-2.53231e-07,100.879,631.736,-1.25047e-07,114.188,795.049,-1.78808e-07,129.252,1000.53,2.6733e-07,146.304,1259.03,4.50292e-07,165.605,1584.19,6.76904e-07,187.452,1993.12,-1.23808e-07,212.181,2507.27,-4.89068e-07,240.173,3153.54,-5.40284e-07,271.856,3965.56,1.86061e-07,307.719,4985.38,4.37004e-07,348.313,6265.4,3.59828e-07,394.26,7870.83,3.98192e-07,446.268,9882.51,-1.92908e-07,505.135,12400.3,-2.20392e-07,571.766,15546.9,1.51705e-07,647.184,19472.2,5.74996e-07,732.547,24357.4,5.39112e-07,829.167,30420,5.07815e-09,938.526,37916.3,-4.11492e-07,1062.3,47143.9,-3.9561e-07,1202.4,58439.2,3.86185e-08,1360.96,72169.3,5.94093e-07,1540.42,88715.8,7.47693e-07,1743.53,108445,1.78537e-07,1973.41,131665,-4.12549e-07,2233.57,158557,-5.37164e-07,2528,189103,-1.17615e-07,2861.2,222986,5.66769e-07,3238.27,259510,9.45053e-07,3664.97,297540,4.25093e-07,4147.81,335497,-3.58506e-07,4694.17,371444,-6.7724e-07,5312.37,403256,1.67192e-07,1.61744,3.89446,9.84394,3.28846,7.5504,12.774,5.07607,11.7187,13.6844,7.03202,16.8147,13.9681,9.20215,23.1769,14.0566,11.6301,31.1672,14.0841,14.3598,41.2186,14.0927,17.4376,53.8688,14.0954,20.9137,69.7915,14.0962,24.8432,89.8341,14.0965,29.2879,115.063,14.0966,34.3168,146.819,14.0966,40.0078,186.792,14.0966,46.4487,237.107,14.0966,53.7388,300.44,14.0966,61.9903,380.158,14.0966,71.3301,480.499,14.0966,81.902,606.796,14.0966,93.8685,765.761,14.0966,107.414,965.837,14.0966,122.746,1217.65,14.0966,140.101,1534.57,14.0966,159.745,1933.41,14.0966,181.981,2435.3,14.0966,207.15,3066.85,14.0966,235.64,3861.46,14.0966,267.889,4861.11,14.0966,304.391,6118.54,14.0966,345.709,7699.91,14.0966,392.478,9688.22,14.0966,445.417,12187.5,14.0966,505.339,15327.7,14.0966,573.165,19271.6,14.0966,649.938,24222,14.0966,736.839,30430.9,14.0966,835.202,38211.5,14.0966,946.539,47950.3,14.0966,1072.56,60122.8,14.0966,1215.21,75309.9,14.0966,1376.66,94216.2,14.0966,1559.41,117688,14.0966,1766.26,146729,14.0966,2000.39,182510,14.0966,2265.39,226372,14.0966,2565.33,279806,14.0966,2904.81,344416,14.0966,3289.05,421845,14.0966,3723.93,513667,14.0966,4216.13,621231,14.0966,4773.18,745478,14.0966,5403.64,886744,14.0966,6117.15,1.04457e+06,14.0966,6924.63,1.2176e+06,14.0966,11.7194,11.96,12.6541,13.9321,16.1295,13.6434,16.6097,21.9702,13.9553,19.7532,29.5285,14.0526,23.3844,39.1143,14.0829,27.5423,51.2054,14.0923,32.2796,66.434,14.0953,37.662,85.6061,14.0962,43.7675,109.74,14.0965,50.687,140.119,14.0966,58.5249,178.359,14.0966,67.4005,226.493,14.0966,77.4493,287.08,14.0966,88.8254,363.343,14.0966,101.703,459.336,14.0966,116.281,580.161,14.0966,132.782,732.241,14.0966,151.46,923.655,14.0966,172.603,1164.57,14.0966,196.535,1467.79,14.0966,223.625,1849.39,14.0966,254.288,2329.62,14.0966,288.997,2933.93,14.0966,328.285,3694.33,14.0966,372.755,4651.04,14.0966,423.092,5854.57,14.0966,480.07,7368.38,14.0966,544.564,9272.08,14.0966,617.566,11665.5,14.0966,700.197,14673.6,14.0966,793.729,18452.9,14.0966,899.599,23198.6,14.0966,1019.43,29154.1,14.0966,1155.07,36622.3,14.0966,1308.6,45977.9,14.0966,1482.39,57683.7,14.0966,1679.09,72307.8,14.0966,1901.73,90542.8,14.0966,2153.73,113226,14.0966,2438.97,141360,14.0966,2761.81,176127,14.0966,3127.22,218898,14.0966,3540.81,271226,14.0966,4008.92,334817,14.0966,4538.74,411470,14.0966,5138.38,502973,14.0966,5817.04,610948,14.0966,6585.12,736653,14.0966,7454.39,880741,14.0966,8438.15,1.04302e+06,14.0966,9551.45,1.22224e+06,14.0966,10811.3,1.41602e+06,14.0966,12237,1.62086e+06,14.0966,11.7194,11.96,12.6541,2.21263,4.16949,0.989383,2.67766,5.84076,0.311842,3.14343,7.55825,0.0972771,3.63127,9.58578,0.0303237,4.15787,12.0912,0.00945211,4.73731,15.2286,0.00294633,5.38238,19.1721,0.000918508,6.10553,24.134,0.000286163,6.91951,30.3791,8.92692e-05,7.83792,38.2397,2.78121e-05,8.87555,48.1338,8.65134e-06,10.0489,60.5876,2.7882e-06,11.3761,76.2629,8.29036e-07,12.8779,95.9927,2.4373e-07,14.5775,120.825,4.33068e-09,16.5012,152.08,1.75749e-07,18.6784,191.415,-1.86328e-07,21.1428,240.917,1.91829e-07,23.9322,303.213,-1.81475e-07,27.0895,381.602,7.0186e-08,30.6634,480.231,-2.86769e-08,34.7087,604.316,2.40784e-07,39.2876,760.401,9.87368e-08,44.4705,956.705,1.22263e-07,50.3371,1203.54,-4.31966e-07,56.9776,1513.81,-1.9705e-07,64.494,1903.69,-2.763e-08,73.0018,2393.4,3.9185e-07,82.6317,3008.13,1.35379e-07,93.5318,3779.25,-4.16351e-08,105.869,4745.7,2.06965e-08,119.834,5955.6,-3.18887e-07,135.641,7468.12,-1.48271e-08,153.531,9355.62,2.00739e-07,173.781,11705.8,2.28358e-07,196.701,14624.1,-1.93587e-08,222.642,18235,-2.88101e-07,252.003,22683.4,-2.24732e-07,285.234,28134,8.56806e-09,322.845,34767,2.34258e-07,365.413,42770.9,2.99668e-07,413.588,52327.9,8.28644e-08,468.111,63591.2,-3.07049e-07,529.814,76653.2,-3.1888e-07,599.642,91502.5,-6.72276e-08,678.662,107975,2.26339e-07,768.083,125705,3.69212e-07,869.267,144088,2.04077e-07,983.76,162277,-2.80509e-07,1113.3,179223,-4.22737e-07,1259.87,193777,-1.71951e-07,1425.68,204839,4.55555e-07,11.7194,11.96,12.6541,2.21263,4.16949,0.989383,2.67766,5.84076,0.311842,3.14343,7.55825,0.0972771,3.63127,9.58578,0.0303237,4.15787,12.0912,0.00945211,4.73731,15.2286,0.00294633,5.38238,19.1721,0.000918508,6.10553,24.134,0.000286163,6.91951,30.3791,8.92692e-05,7.83792,38.2397,2.78121e-05,8.87555,48.1338,8.65134e-06,10.0489,60.5876,2.7882e-06,11.3761,76.2629,8.29036e-07,12.8779,95.9927,2.4373e-07,14.5775,120.825,1e-08,16.5012,152.08,1.75749e-07,18.6784,191.415,1e-08,21.1428,240.917,1.91829e-07,23.9322,303.213,1e-08,27.0895,381.602,7.0186e-08,30.6634,480.231,1e-08,34.7087,604.316,2.40784e-07,39.2876,760.401,9.87368e-08,44.4705,956.705,1.22263e-07,50.3371,1203.54,1e-08,56.9776,1513.81,1e-08,64.494,1903.69,1e-08,73.0018,2393.4,3.9185e-07,82.6317,3008.13,1.35379e-07,93.5318,3779.25,1e-08,105.869,4745.7,2.06965e-08,119.834,5955.6,1e-08,135.641,7468.12,1e-08,153.531,9355.62,2.00739e-07,173.781,11705.8,2.28358e-07,196.701,14624.1,1e-08,222.642,18235,1e-08,252.003,22683.4,1e-08,285.234,28134,1e-08,322.845,34767,2.34258e-07,365.413,42770.9,2.99668e-07,413.588,52327.9,8.28644e-08,468.111,63591.2,1e-08,529.814,76653.2,1e-08,599.642,91502.5,1e-08,678.662,107975,2.26339e-07,768.083,125705,3.69212e-07,869.267,144088,2.04077e-07,983.76,162277,1e-08,1113.3,179223,1e-08,1259.87,193777,1e-08,1425.68,204839,4.55555e-07,6.2823,3.27286,2.43537,0.219672,6.18826,2.24117,0.56371,6.87772,2.63624,0.308279,4,9,5,0,3,1,1,4,1,5,5,0,8,14,0,6,12,0,5,13,0,2,10,0,10,15,0,5,12,0,5,51,0,9,63,0,27,54,0,15,69,0,13,85,0,6,150,0,28,108,0,27,254,0,19,466,0,38,385,0,9,672,0,22,438,0,50,1160,0,47,1080,0,46,1001,0,32,1128,0,30,687,0,58,1240,0,63,1010,0,72,4801,0,155,5669,0,79,2205,0,41,5708,0,118,9920,0,128,13061,0,153,13535,0,155,24356,0,87,37518,0,152,20570,0,267,39812,0,306,34004,0,283,20257,0,600,70818,0,786,43445,0,485,43635,0,730,91737,0,1066,80579,0,605,181225,0,1853,133777,0,1185,267681,0,545,101556,0,730,107325,0,2408,186911,0
-1.05176e+08,8.09535e-47,8.88811e-15,10,1023,0,1.05176e+08,0.528882,1.08665,0.389689,0.145397,0.379329,3.24381,0.161596,0.446195,1.77396,0.159177,1.15e+07,4.49998e+06,6.79999e+06,1.15e+07,4.49997e+06,6.79999e+06,1.15e+07,4.49996e+06,6.79999e+06,1.15e+07,4.49995e+06,6.79999e+06,1.14999e+07,4.49993e+06,6.79999e+06,1.14999e+07,4.49991e+06,6.79999e+06,1.14999e+07,4.49989e+06,6.79999e+06,1.14999e+07,4.49986e+06,6.79999e+06,1.14999e+07,4.49982e+06,6.79999e+06,1.14999e+07,4.49977e+06,6.79999e+06,1.14999e+07,4.49971e+06,6.79999e+06,1.14999e+07,4.49963e+06,6.79999e+06,1.14998e+07,4.49953e+06,6.79999e+06,1.14998e+07,4.49941e+06,6.79999e+06,1.14998e+07,4.49926e+06,6.79999e+06,1.14998e+07,4.49906e+06,6.79999e+06,1.14997e+07,4.49882e+06,6.79999e+06,1.14997e+07,4.49851e+06,6.79999e+06,1.14997e+07,4.49812e+06,6.79999e+06,1.14996e+07,4.49764e+06,6.79999e+06,1.14996e+07,4.49702e+06,6.79999e+06,1.14995e+07,4.49625e+06,6.79999e+06,1.14995e+07,4.49528e+06,6.79999e+06,1.14994e+07,4.49406e+06,6.79999e+06,1.14993e+07,4.49253e+06,6.79999e+06,1.14992e+07,4.49059e+06,6.79999e+06,1.14991e+07,4.48817e+06,6.79999e+06,1.1499e+07,4.48511e+06,6.79999e+06,1.14988e+07,4.48128e+06,6.79999e+06,1.14987e+07,4.47646e+06,6.79999e+06,1.14985e+07,4.47041e+06,6.79999e+06,1.14983e+07,4.46281e+06,6.79999e+06,1.14981e+07,4.4533e+06,6.79999e+06,1.14979e+07,4.44138e+06,6.79999e+06,1.14976e+07,4.42649e+06,6.79999e+06,1.14972e+07,4.40789e+06,6.79999e+06,1.14969e+07,4.38471e+06,6.79999e+06,1.14965e+07,4.35592e+06,6.79999e+06,1.1496e+07,4.32027e+06,6.79999e+06,1.14955e+07,4.27629e+06,6.79999e+06,1.14949e+07,4.22231e+06,6.79999e+06,1.14942e+07,4.15647e+06,6.79999e+06,1.14934e+07,4.07676e+06,6.79999e+06,1.14926e+07,3.98112e+06,6.79999e+06,1.14916e+07,3.86765e+06,6.79999e+06,1.14905e+07,3.73474e+06,6.79999e+06,1.14892e+07,3.58148e+06,6.79999e+06,1.14878e+07,3.40785e+06,6.79999e+06,1.14862e+07,3.21513e+06,6.79999e+06,1.14844e+07,3.00605e+06,6.79999e+06,1.14823e+07,2.7848e+06,6.79999e+06,1.148e+07,2.5568e+06,6.79999e+06,1.14773e+07,2.32825e+06,6.79999e+06,13.5742,8.52444,0.508366,16.8306,13.2585,0.162638,20.0035,17.569,0.0507846,23.2616,22.4214,0.0158319,26.7328,28.3297,0.00493498,30.5212,35.6974,0.00153831,34.7178,44.9473,0.000479527,39.4086,56.5822,0.000149456,44.6796,71.2245,4.66214e-05,50.6209,89.6543,1.45419e-05,57.3297,112.852,4.54748e-06,64.9129,142.051,1.43857e-06,73.4897,178.803,4.36618e-07,83.1934,225.062,1.40153e-07,94.1745,283.286,4.96378e-08,106.602,356.568,1.05434e-07,120.669,448.799,-6.49244e-08,136.59,564.873,1.70148e-07,154.611,710.948,-5.34594e-08,175.008,894.767,1.63407e-07,198.097,1126.06,8.04804e-08,224.231,1417.07,1.14667e-07,253.813,1783.15,-1.71227e-07,287.297,2243.62,-2.88466e-07,325.198,2822.67,-4.33651e-07,368.098,3550.67,7.9318e-08,416.657,4465.65,3.13319e-07,471.621,5615.16,3.4613e-07,533.835,7058.61,-1.19199e-07,604.255,8870.02,-2.79964e-07,683.962,11141.4,-2.30521e-07,774.182,13986.7,-2.55099e-07,876.299,17546.4,1.23585e-07,991.883,21993.1,1.41192e-07,1122.71,27536.7,-9.71886e-08,1270.78,34430.7,-3.68368e-07,1438.38,42977.7,-3.45379e-07,1628.07,53532.7,-3.25328e-09,1842.77,66504.6,2.6362e-07,2085.77,82350.2,2.53445e-07,2360.79,101560,-2.47407e-08,2672.05,124632,-3.80602e-07,3024.31,152018,-4.79005e-07,3422.98,184060,-1.14379e-07,3874.15,220884,2.64297e-07,4384.72,262283,3.44131e-07,4962.49,307576,7.5349e-08,5616.29,355497,-3.63097e-07,6356.1,404126,-6.05442e-07,7193.18,450932,-2.72333e-07,8140.28,492963,2.29675e-07,9211.79,527178,4.3387e-07,10424,550893,-1.0711e-07,10.102,8.06553,2.81012,10.6436,8.57909,0.869423,11.5336,10.2515,0.270869,12.7211,12.7138,0.0844293,14.1823,15.9373,0.0263173,15.9122,20.0383,0.0082035,17.9198,25.2154,0.00255722,20.2244,31.7373,0.000797017,22.8539,39.9486,0.000248622,25.8438,50.2851,7.75492e-05,29.237,63.2963,2.42508e-05,33.0837,79.6738,7.67162e-06,37.4415,100.288,2.32837e-06,42.3767,126.236,7.33e-07,47.9646,158.896,2.79256e-07,54.2906,200.003,9.87351e-09,61.452,251.741,1.61085e-07,69.5585,316.859,-2.47141e-07,78.7347,398.812,8.93552e-08,89.1218,501.948,-2.53231e-07,100.879,631.736,-1.25047e-07,114.188,795.049,-1.78808e-07,129.252,1000.53,2.6733e-07,146.304,1259.03,4.50292e-07,165.605,1584.19,6.76904e-07,187.452,1993.12,-1.23808e-07,212.181,2507.27,-4.89068e-07,240.173,3153.54,-5.40284e-07,271.856,3965.56,1.86061e-07,307.719,4985.38,4.37004e-07,348.313,6265.4,3.59828e-07,394.26,7870.83,3.98192e-07,446.268,9882.51,-1.92908e-07,505.135,12400.3,-2.20392e-07,571.766,15546.9,1.51705e-07,647.184,19472.2,5.74996e-07,732.547,24357.4,5.39112e-07,829.167,30420,5.07815e-09,938.526,37916.3,-4.11492e-07,1062.3,47143.9,-3.9561e-07,1202.4,58439.2,3.86185e-08,1360.96,72169.3,5.94093e-07,1540.42,88715.8,7.47693e-07,1743.53,108445,1.78537e-07,1973.41,131665,-4.12549e-07,2233.57,158557,-5.37164e-07,2528,189103,-1.17615e-07,2861.2,222986,5.66769e-07,3238.27,259510,9.45053e-07,3664.97,297540,4.25093e-07,4147.81,335497,-3.58506e-07,4694.17,371444,-6.7724e-07,5312.37,403256,1.67192e-07,1.61744,3.89446,9.84394,3.28846,7.5504,12.774,5.07607,11.7187,13.6844,7.03202,16.8147,13.9681,9.20215,23.1769,14.0566,11.6301,31.1672,14.0841,14.3598,41.2186,14.0927,17.4376,53.8688,14.0954,20.9137,69.7915,14.0962,24.8432,89.8341,14.0965,29.2879,115.063,14.0966,34.3168,146.819,14.0966,40.0078,186.792,14.0966,46.4487,237.107,14.0966,53.7388,300.44,14.0966,61.9903,380.158,14.0966,71.3301,480.499,14.0966,81.902,606.796,14.0966,93.8685,765.761,14.0966,107.414,965.837,14.0966,122.746,1217.65,14.0966,140.101,1534.57,14.0966,159.745,1933.41,14.0966,181.981,2435.3,14.0966,207.15,3066.85,14.0966,235.64,3861.46,14.0966,267.889,4861.11,14.0966,304.391,6118.54,14.0966,345.709,7699.91,14.0966,392.478,9688.22,14.0966,445.417,12187.5,14.0966,505.339,15327.7,14.0966,573.165,19271.6,14.0966,649.938,24222,14.0966,736.839,30430.9,14.0966,835.202,38211.5,14.0966,946.539,47950.3,14.0966,1072.56,60122.8,14.0966,1215.21,75309.9,14.0966,1376.66,94216.2,14.0966,1559.41,117688,14.0966,1766.26,146729,14.0966,2000.39,182510,14.0966,2265.39,226372,14.0966,2565.33,279806,14.0966,2904.81,344416,14.0966,3289.05,421845,14.0966,3723.93,513667,14.0966,4216.13,621231,14.0966,4773.18,745478,14.0966,5403.64,886744,14.0966,6117.15,1.04457e+06,14.0966,6924.63,1.2176e+06,14.0966,11.7194,11.96,12.6541,13.9321,16.1295,13.6434,16.6097,21.9702,13.9553,19.7532,29.5285,14.0526,23.3844,39.1143,14.0829,27.5423,51.2054,14.0923,32.2796,66.434,14.0953,37.662,85.6061,14.0962,43.7675,109.74,14.0965,50.687,140.119,14.0966,58.5249,178.359,14.0966,67.4005,226.493,14.0966,77.4493,287.08,14.0966,88.8254,363.343,14.0966,101.703,459.336,14.0966,116.281,580.161,14.0966,132.782,732.241,14.0966,151.46,923.655,14.0966,172.603,1164.57,14.0966,196.535,1467.79,14.0966,223.625,1849.39,14.0966,254.288,2329.62,14.0966,288.997,2933.93,14.0966,328.285,3694.33,14.0966,372.755,4651.04,14.0966,423.092,5854.57,14.0966,480.07,7368.38,14.0966,544.564,9272.08,14.0966,617.566,11665.5,14.0966,700.197,14673.6,14.0966,793.729,18452.9,14.0966,899.599,23198.6,14.0966,1019.43,29154.1,14.0966,1155.07,36622.3,14.0966,1308.6,45977.9,14.0966,1482.39,57683.7,14.0966,1679.09,72307.8,14.0966,1901.73,90542.8,14.0966,2153.73,113226,14.0966,2438.97,141360,14.0966,2761.81,176127,14.0966,3127.22,218898,14.0966,3540.81,271226,14.0966,4008.92,334817,14.0966,4538.74,411470,14.0966,5138.38,502973,14.0966,5817.04,610948,14.0966,6585.12,736653,14.0966,7454.39,880741,14.0966,8438.15,1.04302e+06,14.0966,9551.45,1.22224e+06,14.0966,10811.3,1.41602e+06,14.0966,12237,1.62086e+06,14.0966,11.7194,11.96,12.6541,2.21263,4.16949,0.989383,2.67766,5.84076,0.311842,3.14343,7.55825,0.0972771,3.63127,9.58578,0.0303237,4.15787,12.0912,0.00945211,4.73731,15.2286,0.00294633,5.38238,19.1721,0.000918508,6.10553,24.134,0.000286163,6.91951,30.3791,8.92692e-05,7.83792,38.2397,2.78121e-05,8.87555,48.1338,8.65134e-06,10.0489,60.5876,2.7882e-06,11.3761,76.2629,8.29036e-07,12.8779,95.9927,2.4373e-07,14.5775,120.825,4.33068e-09,16.5012,152.08,1.75749e-07,18.6784,191.415,-1.86328e-07,21.1428,240.917,1.91829e-07,23.9322,303.213,-1.81475e-07,27.0895,381.602,7.0186e-08,30.6634,480.231,-2.86769e-08,34.7087,604.316,2.40784e-07,39.2876,760.401,9.87368e-08,44.4705,956.705,1.22263e-07,50.3371,1203.54,-4.31966e-07,56.9776,1513.81,-1.9705e-07,64.494,1903.69,-2.763e-08,73.0018,2393.4,3.9185e-07,82.6317,3008.13,1.35379e-07,93.5318,3779.25,-4.16351e-08,105.869,4745.7,2.06965e-08,119.834,5955.6,-3.18887e-07,135.641,7468.12,-1.48271e-08,153.531,9355.62,2.00739e-07,173.781,11705.8,2.28358e-07,196.701,14624.1,-1.93587e-08,222.642,18235,-2.88101e-07,252.003,22683.4,-2.24732e-07,285.234,28134,8.56806e-09,322.845,34767,2.34258e-07,365.413,42770.9,2.99668e-07,413.588,52327.9,8.28644e-08,468.111,63591.2,-3.07049e-07,529.814,76653.2,-3.1888e-07,599.642,91502.5,-6.72276e-08,678.662,107975,2.26339e-07,768.083,125705,3.69212e-07,869.267,144088,2.04077e-07,983.76,162277,-2.80509e-07,1113.3,179223,-4.22737e-07,1259.87,193777,-1.71951e-07,1425.68,204839,4.55555e-07,11.7194,11.96,12.6541,2.21263,4.16949,0.989383,2.67766,5.84076,0.311842,3.14343,7.55825,0.0972771,3.63127,9.58578,0.0303237,4.15787,12.0912,0.00945211,4.73731,15.2286,0.00294633,5.38238,19.1721,0.000918508,6.10553,24.134,0.000286163,6.91951,30.3791,8.92692e-05,7.83792,38.2397,2.78121e-05,8.87555,48.1338,8.65134e-06,10.0489,60.5876,2.7882e-06,11.3761,76.2629,8.29036e-07,12.8779,95.9927,2.4373e-07,14.5775,120.825,1e-08,16.5012,152.08,1.75749e-07,18.6784,191.415,1e-08,21.1428,240.917,1.91829e-07,23.9322,303.213,1e-08,27.0895,381.602,7.0186e-08,30.6634,480.231,1e-08,34.7087,604.316,2.40784e-07,39.2876,760.401,9.87368e-08,44.4705,956.705,1.22263e-07,50.3371,1203.54,1e-08,56.9776,1513.81,1e-08,64.494,1903.69,1e-08,73.0018,2393.4,3.9185e-07,82.6317,3008.13,1.35379e-07,93.5318,3779.25,1e-08,105.869,4745.7,2.06965e-08,119.834,5955.6,1e-08,135.641,7468.12,1e-08,153.531,9355.62,2.00739e-07,173.781,11705.8,2.28358e-07,196.701,14624.1,1e-08,222.642,18235,1e-08,252.003,22683.4,1e-08,285.234,28134,1e-08,322.845,34767,2.34258e-07,365.413,42770.9,2.99668e-07,413.588,52327.9,8.28644e-08,468.111,63591.2,1e-08,529.814,76653.2,1e-08,599.642,91502.5,1e-08,678.662,107975,2.26339e-07,768.083,125705,3.69212e-07,869.267,144088,2.04077e-07,983.76,162277,1e-08,1113.3,179223,1e-08,1259.87,193777,1e-08,1425.68,204839,4.55555e-07,6.2823,3.27286,2.43537,0.219672,6.18826,2.24117,0.56371,6.87772,2.63624,0.308279,16,16,12,2,6,1,3,13,0,3,10,0,7,6,0,6,11,0,3,5,0,3,43,0,5,39,0,6,47,0,9,30,0,5,49,0,9,80,0,2,62,0,23,31,0,9,102,0,24,176,0,27,129,0,27,135,0,32,198,0,38,377,0,26,829,0,63,601,0,64,1926,0,58,513,0,40,1771,0,34,1975,0,41,1600,0,160,1565,0,54,1735,0,178,2709,0,172,3498,0,86,2837,0,104,1864,0,66,10450,0,84,7876,0,215,30595,0,285,12257,0,251,28779,0,459,21587,0,175,23691,0,584,52850,0,366,41086,0,407,44336,0,296,50944,0,765,63849,0,991,151847,0,750,162943,0,881,111435,0,920,82857,0,762,117908,0,1531,241712,0,1451,129286,0
-1.05176e+08,1,8.88811e-15,10,1023,0,1.05176e+08,0.528882,1.08665,0.389689,0.145397,0.379329,3.24381,0.161596,0.446195,1.77396,0.159177,1.15e+07,4.49998e+06,6.79999e+06,1.15e+07,4.49997e+06,6.79999e+06,1.15e+07,4.49996e+06,6.79999e+06,1.15e+07,4.49995e+06,6.79999e+06,1.14999e+07,4.49993e+06,6.79999e+06,1.14999e+07,4.49991e+06,6.79999e+06,1.14999e+07,4.49989e+06,6.79999e+06,1.14999e+07,4.49986e+06,6.79999e+06,1.14999e+07,4.49982e+06,6.79999e+06,1.14999e+07,4.49977e+06,6.79999e+06,1.14999e+07,4.49971e+06,6.79999e+06,1.14999e+07,4.49963e+06,6.79999e+06,1.14998e+07,4.49953e+06,6.79999e+06,1.14998e+07,4.49941e+06,6.79999e+06,1.14998e+07,4.49926e+06,6.79999e+06,1.14998e+07,4.49906e+06,6.79999e+06,1.14997e+07,4.49882e+06,6.79999e+06,1.14997e+07,4.49851e+06,6.79999e+06,1.14997e+07,4.49812e+06,6.79999e+06,1.14996e+07,4.49764e+06,6.79999e+06,1.14996e+07,4.49702e+06,6.79999e+06,1.14995e+07,4.49625e+06,6.79999e+06,1.14995e+07,4.49528e+06,6.79999e+06,1.14994e+07,4.49406e+06,6.79999e+06,1.14993e+07,4.49253e+06,6.79999e+06,1.14992e+07,4.49059e+06,6.79999e+06,1.14991e+07,4.48817e+06,6.79999e+06,1.1499e+07,4.48511e+06,6.79999e+06,1.14988e+07,4.48128e+06,6.79999e+06,1.14987e+07,4.47646e+06,6.79999e+06,1.14985e+07,4.47041e+06,6.79999e+06,1.14983e+07,4.46281e+06,6.79999e+06,1.14981e+07,4.4533e+06,6.79999e+06,1.14979e+07,4.44138e+06,6.79999e+06,1.14976e+07,4.42649e+06,6.79999e+06,1.14972e+07,4.40789e+06,6.79999e+06,1.14969e+07,4.38471e+06,6.79999e+06,1.14965e+07,4.35592e+06,6.79999e+06,1.1496e+07,4.32027e+06,6.79999e+06,1.14955e+07,4.27629e+06,6.79999e+06,1.14949e+07,4.22231e+06,6.79999e+06,1.14942e+07,4.15647e+06,6.79999e+06,1.14934e+07,4.07676e+06,6.79999e+06,1.14926e+07,3.98112e+06,6.79999e+06,1.14916e+07,3.86765e+06,6.79999e+06,1.14905e+07,3.73474e+06,6.79999e+06,1.14892e+07,3.58148e+06,6.79999e+06,1.14878e+07,3.40785e+06,6.79999e+06,1.14862e+07,3.21513e+06,6.79999e+06,1.14844e+07,3.00605e+06,6.79999e+06,1.14823e+07,2.7848e+06,6.79999e+06,1.148e+07,2.5568e+06,6.79999e+06,1.14773e+07,2.32825e+06,6.79999e+06,13.5742,8.52444,0.508366,16.8306,13.2585,0.162638,20.0035,17.569,0.0507846,23.2616,22.4214,0.0158319,26.7328,28.3297,0.00493498,30.5212,35.6974,0.00153831,34.7178,44.9473,0.000479527,39.4086,56.5822,0.000149456,44.6796,71.2245,4.66214e-05,50.6209,89.6543,1.45419e-05,57.3297,112.852,4.54748e-06,64.9129,142.051,1.43857e-06,73.4897,178.803,4.36618e-07,83.1934,225.062,1.40153e-07,94.1745,283.286,4.96378e-08,106.602,356.568,1.05434e-07,120.669,448.799,-6.49244e-08,136.59,564.873,1.70148e-07,154.611,710.948,-5.34594e-08,175.008,894.767,1.63407e-07,198.097,1126.06,8.04804e-08,224.231,1417.07,1.14667e-07,253.813,1783.15,-1.71227e-07,287.297,2243.62,-2.88466e-07,325.198,2822.67,-4.33651e-07,368.098,3550.67,7.9318e-08,416.657,4465.65,3.13319e-07,471.621,5615.16,3.4613e-07,533.835,7058.61,-1.19199e-07,604.255,8870.02,-2.79964e-07,683.962,11141.4,-2.30521e-07,774.182,13986.7,-2.55099e-07,876.299,17546.4,1.23585e-07,991.883,21993.1,1.41192e-07,1122.71,27536.7,-9.71886e-08,1270.78,34430.7,-3.68368e-07,1438.38,42977.7,-3.45379e-07,1628.07,53532.7,-3.25328e-09,1842.77,66504.6,2.6362e-07,2085.77,82350.2,2.53445e-07,2360.79,101560,-2.47407e-08,2672.05,124632,-3.80602e-07,3024.31,152018,-4.79005e-07,3422.98,184060,-1.14379e-07,3874.15,220884,2.64297e-07,4384.72,262283,3.44131e-07,4962.49,307576,7.5349e-08,5616.29,355497,-3.63097e-07,6356.1,404126,-6.05442e-07,7193.18,450932,-2.72333e-07,8140.28,492963,2.29675e-07,9211.79,527178,4.3387e-07,10424,550893,-1.0711e-07,10.102,8.06553,2.81012,10.6436,8.57909,0.869423,11.5336,10.2515,0.270869,12.7211,12.7138,0.0844293,14.1823,15.9373,0.0263173,15.9122,20.0383,0.0082035,17.9198,25.2154,0.00255722,20.2244,31.7373,0.000797017,22.8539,39.9486,0.000248622,25.8438,50.2851,7.75492e-05,29.237,63.2963,2.42508e-05,33.0837,79.6738,7.67162e-06,37.4415,100.288,2.32837e-06,42.3767,126.236,7.33e-07,47.9646,158.896,2.79256e-07,54.2906,200.003,9.87351e-09,61.452,251.741,1.61085e-07,69.5585,316.859,-2.47141e-07,78.7347,398.812,8.93552e-08,89.1218,501.948,-2.53231e-07,100.879,631.736,-1.25047e-07,114.188,795.049,-1.78808e-07,129.252,1000.53,2.6733e-07,146.304,1259.03,4.50292e-07,165.605,1584.19,6.76904e-07,187.452,1993.12,-1.23808e-07,212.181,2507.27,-4.89068e-07,240.173,3153.54,-5.40284e-07,271.856,3965.56,1.86061e-07,307.719,4985.38,4.37004e-07,348.313,6265.4,3.59828e-07,394.26,7870.83,3.98192e-07,446.268,9882.51,-1.92908e-07,505.135,12400.3,-2.20392e-07,571.766,15546.9,1.51705e-07,647.184,19472.2,5.74996e-07,732.547,24357.4,5.39112e-07,829.167,30420,5.07815e-09,938.526,37916.3,-4.11492e-07,1062.3,47143.9,-3.9561e-07,1202.4,58439.2,3.86185e-08,1360.96,72169.3,5.94093e-07,1540.42,88715.8,7.47693e-07,1743.53,108445,1.78537e-07,1973.41,131665,-4.12549e-07,2233.57,158557,-5.37164e-07,2528,189103,-1.17615e-07,2861.2,222986,5.66769e-07,3238.27,259510,9.45053e-07,3664.97,297540,4.25093e-07,4147.81,335497,-3.58506e-07,4694.17,371444,-6.7724e-07,5312.37,403256,1.67192e-07,1.61744,3.89446,9.84394,3.28846,7.5504,12.774,5.07607,11.7187,13.6844,7.03202,16.8147,13.9681,9.20215,23.1769,14.0566,11.6301,31.1672,14.0841,14.3598,41.2186,14.0927,17.4376,53.8688,14.0954,20.9137,69.7915,14.0962,24.8432,89.8341,14.0965,29.2879,115.063,14.0966,34.3168,146.819,14.0966,40.0078,186.792,14.0966,46.4487,237.107,14.0966,53.7388,300.44,14.0966,61.9903,380.158,14.0966,71.3301,480.499,14.0966,81.902,606.796,14.0966,93.8685,765.761,14.0966,107.414,965.837,14.0966,122.746,1217.65,14.0966,140.101,1534.57,14.0966,159.745,1933.41,14.0966,181.981,2435.3,14.0966,207.15,3066.85,14.0966,235.64,3861.46,14.0966,267.889,4861.11,14.0966,304.391,6118.54,14.0966,345.709,7699.91,14.0966,392.478,9688.22,14.0966,445.417,12187.5,14.0966,505.339,15327.7,14.0966,573.165,19271.6,14.0966,649.938,24222,14.0966,736.839,30430.9,14.0966,835.202,38211.5,14.0966,946.539,47950.3,14.0966,1072.56,60122.8,14.0966,1215.21,75309.9,14.0966,1376.66,94216.2,14.0966,1559.41,117688,14.0966,1766.26,146729,14.0966,2000.39,182510,14.0966,2265.39,226372,14.0966,2565.33,279806,14.0966,2904.81,344416,14.0966,3289.05,421845,14.0966,3723.93,513667,14.0966,4216.13,621231,14.0966,4773.18,745478,14.0966,5403.64,886744,14.0966,6117.15,1.04457e+06,14.0966,6924.63,1.2176e+06,14.0966,11.7194,11.96,12.6541,13.9321,16.1295,13.6434,16.6097,21.9702,13.9553,19.7532,29.5285,14.0526,23.3844,39.1143,14.0829,27.5423,51.2054,14.0923,32.2796,66.434,14.0953,37.662,85.6061,14.0962,43.7675,109.74,14.0965,50.687,140.119,14.0966,58.5249,178.359,14.0966,67.4005,226.493,14.0966,77.4493,287.08,14.0966,88.8254,363.343,14.0966,101.703,459.336,14.0966,116.281,580.161,14.0966,132.782,732.241,14.0966,151.46,923.655,14.0966,172.603,1164.57,14.0966,196.535,1467.79,14.0966,223.625,1849.39,14.0966,254.288,2329.62,14.0966,288.997,2933.93,14.0966,328.285,3694.33,14.0966,372.755,4651.04,14.0966,423.092,5854.57,14.0966,480.07,7368.38,14.0966,544.564,9272.08,14.0966,617.566,11665.5,14.0966,700.197,14673.6,14.0966,793.729,18452.9,14.0966,899.599,23198.6,14.0966,1019.43,29154.1,14.0966,1155.07,36622.3,14.0966,1308.6,45977.9,14.0966,1482.39,57683.7,14.0966,1679.09,72307.8,14.0966,1901.73,90542.8,14.0966,2153.73,113226,14.0966,2438.97,141360,14.0966,2761.81,176127,14.0966,3127.22,218898,14.0966,3540.81,271226,14.0966,4008.92,334817,14.0966,4538.74,411470,14.0966,5138.38,502973,14.0966,5817.04,610948,14.0966,6585.12,736653,14.0966,7454.39,880741,14.0966,8438.15,1.04302e+06,14.0966,9551.45,1.22224e+06,14.0966,10811.3,1.41602e+06,14.0966,12237,1.62086e+06,14.0966,11.7194,11.96,12.6541,2.21263,4.16949,0.989383,2.67766,5.84076,0.311842,3.14343,7.55825,0.0972771,3.63127,9.58578,0.0303237,4.15787,12.0912,0.00945211,4.73731,15.2286,0.00294633,5.38238,19.1721,0.000918508,6.10553,24.134,0.000286163,6.91951,30.3791,8.92692e-05,7.83792,38.2397,2.78121e-05,8.87555,48.1338,8.65134e-06,10.0489,60.5876,2.7882e-06,11.3761,76.2629,8.29036e-07,12.8779,95.9927,2.4373e-07,14.5775,120.825,4.33068e-09,16.5012,152.08,1.75749e-07,18.6784,191.415,-1.86328e-07,21.1428,240.917,1.91829e-07,23.9322,303.213,-1.81475e-07,27.0895,381.602,7.0186e-08,30.6634,480.231,-2.86769e-08,34.7087,604.316,2.40784e-07,39.2876,760.401,9.87368e-08,44.4705,956.705,1.22263e-07,50.3371,1203.54,-4.31966e-07,56.9776,1513.81,-1.9705e-07,64.494,1903.69,-2.763e-08,73.0018,2393.4,3.9185e-07,82.6317,3008.13,1.35379e-07,93.5318,3779.25,-4.16351e-08,105.869,4745.7,2.06965e-08,119.834,5955.6,-3.18887e-07,135.641,7468.12,-1.48271e-08,153.531,9355.62,2.00739e-07,173.781,11705.8,2.28358e-07,196.701,14624.1,-1.93587e-08,222.642,18235,-2.88101e-07,252.003,22683.4,-2.24732e-07,285.234,28134,8.56806e-09,322.845,34767,2.34258e-07,365.413,42770.9,2.99668e-07,413.588,52327.9,8.28644e-08,468.111,63591.2,-3.07049e-07,529.814,76653.2,-3.1888e-07,599.642,91502.5,-6.72276e-08,678.662,107975,2.26339e-07,768.083,125705,3.69212e-07,869.267,144088,2.04077e-07,983.76,162277,-2.80509e-07,1113.3,179223,-4.22737e-07,1259.87,193777,-1.71951e-07,1425.68,204839,4.55555e-07,11.7194,11.96,12.6541,2.21263,4.16949,0.989383,2.67766,5.84076,0.311842,3.14343,7.55825,0.0972771,3.63127,9.58578,0.0303237,4.15787,12.0912,0.00945211,4.73731,15.2286,0.00294633,5.38238,19.1721,0.000918508,6.10553,24.134,0.000286163,6.91951,30.3791,8.92692e-05,7.83792,38.2397,2.78121e-05,8.87555,48.1338,8.65134e-06,10.0489,60.5876,2.7882e-06,11.3761,76.2629,8.29036e-07,12.8779,95.9927,2.4373e-07,14.5775,120.825,1e-08,16.5012,152.08,1.75749e-07,18.6784,191.415,1e-08,21.1428,240.917,1.91829e-07,23.9322,303.213,1e-08,27.0895,381.602,7.0186e-08,30.6634,480.231,1e-08,34.7087,604.316,2.40784e-07,39.2876,760.401,9.87368e-08,44.4705,956.705,1.22263e-07,50.3371,1203.54,1e-08,56.9776,1513.81,1e-08,64.494,1903.69,1e-08,73.0018,2393.4,3.9185e-07,82.6317,3008.13,1.35379e-07,93.5318,3779.25,1e-08,105.869,4745.7,2.06965e-08,119.834,5955.6,1e-08,135.641,7468.12,1e-08,153.531,9355.62,2.00739e-07,173.781,11705.8,2.28358e-07,196.701,14624.1,1e-08,222.642,18235,1e-08,252.003,22683.4,1e-08,285.234,28134,1e-08,322.845,34767,2.34258e-07,365.413,42770.9,2.99668e-07,413.588,52327.9,8.28644e-08,468.111,63591.2,1e-08,529.814,76653.2,1e-08,599.642,91502.5,1e-08,678.662,107975,2.26339e-07,768.083,125705,3.69212e-07,869.267,144088,2.04077e-07,983.76,162277,1e-08,1113.3,179223,1e-08,1259.87,193777,1e-08,1425.68,204839,4.55555e-07,6.2823,3.27286,2.43537,0.219672,6.18826,2.24117,0.56371,6.87772,2.63624,0.308279,20,8,6,1,2,0,2,6,0,7,8,0,1,9,0,5,10,0,4,16,0,6,12,0,5,49,0,17,59,0,5,42,0,8,25,0,3,91,0,9,123,0,6,61,0,11,117,0,31,58,0,13,173,0,19,383,0,37,190,0,30,351,0,27,413,0,18,406,0,39,403,0,36,626,0,56,1523,0,35,1581,0,67,3560,0,28,3055,0,121,2240,0,129,3201,0,125,5796,0,180,10773,0,96,11433,0,134,6611,0,129,13717,0,133,14253,0,191,18710,0,163,26940,0,299,21779,0,296,47509,0,489,77051,0,413,70512,0,458,47958,0,364,55824,0,295,179216,0,614,157926,0,750,40751,0,832,90673,0,2023,137994,0,1040,96740,0,1491,120137,0,1245,255029,0
-1.05176e+08,1,8.88811e-15,10,1023,0,1.05176e+08,0.528882,1.08665,0.389689,0.145397,0.379329,3.24381,0.161596,0.446195,1.77396,0.159177,1.15e+07,4.49998e+06,6.79999e+06,1.15e+07,4.49997e+06,6.79999e+06,1.15e+07,4.49996e+06,6.79999e+06,1.15e+07,4.49995e+06,6.79999e+06,1.14999e+07,4.49993e+06,6.79999e+06,1.14999e+07,4.49991e+06,6.79999e+06,1.14999e+07,4.49989e+06,6.79999e+06,1.14999e+07,4.49986e+06,6.79999e+06,1.14999e+07,4.49982e+06,6.79999e+06,1.14999e+07,4.49977e+06,6.79999e+06,1.14999e+07,4.49971e+06,6.79999e+06,1.14999e+07,4.49963e+06,6.79999e+06,1.14998e+07,4.49953e+06,6.79999e+06,1.14998e+07,4.49941e+06,6.79999e+06,1.14998e+07,4.49926e+06,6.79999e+06,1.14998e+07,4.49906e+06,6.79999e+06,1.14997e+07,4.49882e+06,6.79999e+06,1.14997e+07,4.49851e+06,6.79999e+06,1.14997e+07,4.49812e+06,6.79999e+06,1.14996e+07,4.49764e+06,6.79999e+06,1.14996e+07,4.49702e+06,6.79999e+06,1.14995e+07,4.49625e+06,6.79999e+06,1.14995e+07,4.49528e+06,6.79999e+06,1.14994e+07,4.49406e+06,6.79999e+06,1.14993e+07,4.49253e+06,6.79999e+06,1.14992e+07,4.49059e+06,6.79999e+06,1.14991e+07,4.48817e+06,6.79999e+06,1.1499e+07,4.48511e+06,6.79999e+06,1.14988e+07,4.48128e+06,6.79999e+06,1.14987e+07,4.47646e+06,6.79999e+06,1.14985e+07,4.47041e+06,6.79999e+06,1.14983e+07,4.46281e+06,6.79999e+06,1.14981e+07,4.4533e+06,6.79999e+06,1.14979e+07,4.44138e+06,6.79999e+06,1.14976e+07,4.42649e+06,6.79999e+06,1.14972e+07,4.40789e+06,6.79999e+06,1.14969e+07,4.38471e+06,6.79999e+06,1.14965e+07,4.35592e+06,6.79999e+06,1.1496e+07,4.32027e+06,6.79999e+06,1.14955e+07,4.27629e+06,6.79999e+06,1.14949e+07,4.22231e+06,6.79999e+06,1.14942e+07,4.15647e+06,6.79999e+06,1.14934e+07,4.07676e+06,6.79999e+06,1.14926e+07,3.98112e+06,6.79999e+06,1.14916e+07,3.86765e+06,6.79999e+06,1.14905e+07,3.73474e+06,6.79999e+06,1.14892e+07,3.58148e+06,6.79999e+06,1.14878e+07,3.40785e+06,6.79999e+06,1.14862e+07,3.21513e+06,6.79999e+06,1.14844e+07,3.00605e+06,6.79999e+06,1.14823e+07,2.7848e+06,6.79999e+06,1.148e+07,2.5568e+06,6.79999e+06,1.14773e+07,2.32825e+06,6.79999e+06,13.5742,8.52444,0.508366,16.8306,13.2585,0.162638,20.0035,17.569,0.0507846,23.2616,22.4214,0.0158319,26.7328,28.3297,0.00493498,30.5212,35.6974,0.00153831,34.7178,44.9473,0.000479527,39.4086,56.5822,0.000149456,44.6796,71.2245,4.66214e-05,50.6209,89.6543,1.45419e-05,57.3297,112.852,4.54748e-06,64.9129,142.051,1.43857e-06,73.4897,178.803,4.36618e-07,83.1934,225.062,1.40153e-07,94.1745,283.286,4.96378e-08,106.602,356.568,1.05434e-07,120.669,448.799,-6.49244e-08,136.59,564.873,1.70148e-07,154.611,710.948,-5.34594e-08,175.008,894.767,1.63407e-07,198.097,1126.06,8.04804e-08,224.231,1417.07,1.14667e-07,253.813,1783.15,-1.71227e-07,287.297,2243.62,-2.88466e-07,325.198,2822.67,-4.33651e-07,368.098,3550.67,7.9318e-08,416.657,4465.65,3.13319e-07,471.621,5615.16,3.4613e-07,533.835,7058.61,-1.19199e-07,604.255,8870.02,-2.79964e-07,683.962,11141.4,-2.30521e-07,774.182,13986.7,-2.55099e-07,876.299,17546.4,1.23585e-07,991.883,21993.1,1.41192e-07,1122.71,27536.7,-9.71886e-08,1270.78,34430.7,-3.68368e-07,1438.38,42977.7,-3.45379e-07,1628.07,53532.7,-3.25328e-09,1842.77,66504.6,2.6362e-07,2085.77,82350.2,2.53445e-07,2360.79,101560,-2.47407e-08,2672.05,124632,-3.80602e-07,3024.31,152018,-4.79005e-07,3422.98,184060,-1.14379e-07,3874.15,220884,2.64297e-07,4384.72,262283,3.44131e-07,4962.49,307576,7.5349e-08,5616.29,355497,-3.63097e-07,6356.1,404126,-6.05442e-07,7193.18,450932,-2.72333e-07,8140.28,492963,2.29675e-07,9211.79,527178,4.3387e-07,10424,550893,-1.0711e-07,10.102,8.06553,2.81012,10.6436,8.57909,0.869423,11.5336,10.2515,0.270869,12.7211,12.7138,0.0844293,14.1823,15.9373,0.0263173,15.9122,20.0383,0.0082035,17.9198,25.2154,0.00255722,20.2244,31.7373,0.000797017,22.8539,39.9486,0.000248622,25.8438,50.2851,7.75492e-05,29.237,63.2963,2.42508e-05,33.0837,79.6738,7.67162e-06,37.4415,100.288,2.32837e-06,42.3767,126.236,7.33e-07,47.9646,158.896,2.79256e-07,54.2906,200.003,9.87351e-09,61.452,251.741,1.61085e-07,69.5585,316.859,-2.47141e-07,78.7347,398.812,8.93552e-08,89.1218,501.948,-2.53231e-07,100.879,631.736,-1.25047e-07,114.188,795.049,-1.78808e-07,129.252,1000.53,2.6733e-07,146.304,1259.03,4.50292e-07,165.605,1584.19,6.76904e-07,187.452,1993.12,-1.23808e-07,212.181,2507.27,-4.89068e-07,240.173,3153.54,-5.40284e-07,271.856,3965.56,1.86061e-07,307.719,4985.38,4.37004e-07,348.313,6265.4,3.59828e-07,394.26,7870.83,3.98192e-07,446.268,9882.51,-1.92908e-07,505.135,12400.3,-2.20392e-07,571.766,15546.9,1.51705e-07,647.184,19472.2,5.74996e-07,732.547,24357.4,5.39112e-07,829.167,30420,5.07815e-09,938.526,37916.3,-4.11492e-07,1062.3,47143.9,-3.9561e-07,1202.4,58439.2,3.86185e-08,1360.96,72169.3,5.94093e-07,1540.42,88715.8,7.47693e-07,1743.53,108445,1.78537e-07,1973.41,131665,-4.12549e-07,2233.57,158557,-5.37164e-07,2528,189103,-1.17615e-07,2861.2,222986,5.66769e-07,3238.27,259510,9.45053e-07,3664.97,297540,4.25093e-07,4147.81,335497,-3.58506e-07,4694.17,371444,-6.7724e-07,5312.37,403256,1.67192e-07,1.61744,3.89446,9.84394,3.28846,7.5504,12.774,5.07607,11.7187,13.6844,7.03202,16.8147,13.9681,9.20215,23.1769,14.0566,11.6301,31.1672,14.0841,14.3598,41.2186,14.0927,17.4376,53.8688,14.0954,20.9137,69.7915,14.0962,24.8432,89.8341,14.0965,29.2879,115.063,14.0966,34.3168,146.819,14.0966,40.0078,186.792,14.0966,46.4487,237.107,14.0966,53.7388,300.44,14.0966,61.9903,380.158,14.0966,71.3301,480.499,14.0966,81.902,606.796,14.0966,93.8685,765.761,14.0966,107.414,965.837,14.0966,122.746,1217.65,14.0966,140.101,1534.57,14.0966,159.745,1933.41,14.0966,181.981,2435.3,14.0966,207.15,3066.85,14.0966,235.64,3861.46,14.0966,267.889,4861.11,14.0966,304.391,6118.54,14.0966,345.709,7699.91,14.0966,392.478,9688.22,14.0966,445.417,12187.5,14.0966,505.339,15327.7,14.0966,573.165,19271.6,14.0966,649.938,24222,14.0966,736.839,30430.9,14.0966,835.202,38211.5,14.0966,946.539,47950.3,14.0966,1072.56,60122.8,14.0966,1215.21,75309.9,14.0966,1376.66,94216.2,14.0966,1559.41,117688,14.0966,1766.26,146729,14.0966,2000.39,182510,14.0966,2265.39,226372,14.0966,2565.33,279806,14.0966,2904.81,344416,14.0966,3289.05,421845,14.0966,3723.93,513667,14.0966,4216.13,621231,14.0966,4773.18,745478,14.0966,5403.64,886744,14.0966,6117.15,1.04457e+06,14.0966,6924.63,1.2176e+06,14.0966,11.7194,11.96,12.6541,13.9321,16.1295,13.6434,16.6097,21.9702,13.9553,19.7532,29.5285,14.0526,23.3844,39.1143,14.0829,27.5423,51.2054,14.0923,32.2796,66.434,14.0953,37.662,85.6061,14.0962,43.7675,109.74,14.0965,50.687,140.119,14.0966,58.5249,178.359,14.0966,67.4005,226.493,14.0966,77.4493,287.08,14.0966,88.8254,363.343,14.0966,101.703,459.336,14.0966,116.281,580.161,14.0966,132.782,732.241,14.0966,151.46,923.655,14.0966,172.603,1164.57,14.0966,196.535,1467.79,14.0966,223.625,1849.39,14.0966,254.288,2329.62,14.0966,288.997,2933.93,14.0966,328.285,3694.33,14.0966,372.755,4651.04,14.0966,423.092,5854.57,14.0966,480.07,7368.38,14.0966,544.564,9272.08,14.0966,617.566,11665.5,14.0966,700.197,14673.6,14.0966,793.729,18452.9,14.0966,899.599,23198.6,14.0966,1019.43,29154.1,14.0966,1155.07,36622.3,14.0966,1308.6,45977.9,14.0966,1482.39,57683.7,14.0966,1679.09,72307.8,14.0966,1901.73,90542.8,14.0966,2153.73,113226,14.0966,2438.97,141360,14.0966,2761.81,176127,14.0966,3127.22,218898,14.0966,3540.81,271226,14.0966,4008.92,334817,14.0966,4538.74,411470,14.0966,5138.38,502973,14.0966,5817.04,610948,14.0966,6585.12,736653,14.0966,7454.39,880741,14.0966,8438.15,1.04302e+06,14.0966,9551.45,1.22224e+06,14.0966,10811.3,1.41602e+06,14.0966,12237,1.62086e+06,14.0966,11.7194,11.96,12.6541,2.21263,4.16949,0.989383,2.67766,5.84076,0.311842,3.14343,7.55825,0.0972771,3.63127,9.58578,0.0303237,4.15787,12.0912,0.00945211,4.73731,15.2286,0.00294633,5.38238,19.1721,0.000918508,6.10553,24.134,0.000286163,6.91951,30.3791,8.92692e-05,7.83792,38.2397,2.78121e-05,8.87555,48.1338,8.65134e-06,10.0489,60.5876,2.7882e-06,11.3761,76.2629,8.29036e-07,12.8779,95.9927,2.4373e-07,14.5775,120.825,4.33068e-09,16.5012,152.08,1.75749e-07,18.6784,191.415,-1.86328e-07,21.1428,240.917,1.91829e-07,23.9322,303.213,-1.81475e-07,27.0895,381.602,7.0186e-08,30.6634,480.231,-2.86769e-08,34.7087,604.316,2.40784e-07,39.2876,760.401,9.87368e-08,44.4705,956.705,1.22263e-07,50.3371,1203.54,-4.31966e-07,56.9776,1513.81,-1.9705e-07,64.494,1903.69,-2.763e-08,73.0018,2393.4,3.9185e-07,82.6317,3008.13,1.35379e-07,93.5318,3779.25,-4.16351e-08,105.869,4745.7,2.06965e-08,119.834,5955.6,-3.18887e-07,135.641,7468.12,-1.48271e-08,153.531,9355.62,2.00739e-07,173.781,11705.8,2.28358e-07,196.701,14624.1,-1.93587e-08,222.642,18235,-2.88101e-07,252.003,22683.4,-2.24732e-07,285.234,28134,8.56806e-09,322.845,34767,2.34258e-07,365.413,42770.9,2.99668e-07,413.588,52327.9,8.28644e-08,468.111,63591.2,-3.07049e-07,529.814,76653.2,-3.1888e-07,599.642,91502.5,-6.72276e-08,678.662,107975,2.26339e-07,768.083,125705,3.69212e-07,869.267,144088,2.04077e-07,983.76,162277,-2.80509e-07,1113.3,179223,-4.22737e-07,1259.87,193777,-1.71951e-07,1425.68,204839,4.55555e-07,11.7194,11.96,12.6541,2.21263,4.16949,0.989383,2.67766,5.84076,0.311842,3.14343,7.55825,0.0972771,3.63127,9.58578,0.0303237,4.15787,12.0912,0.00945211,4.73731,15.2286,0.00294633,5.38238,19.1721,0.000918508,6.10553,24.134,0.000286163,6.91951,30.3791,8.92692e-05,7.83792,38.2397,2.78121e-05,8.87555,48.1338,8.65134e-06,10.0489,60.5876,2.7882e-06,11.3761,76.2629,8.29036e-07,12.8779,95.9927,2.4373e-07,14.5775,120.825,1e-08,16.5012,152.08,1.75749e-07,18.6784,191.415,1e-08,21.1428,240.917,1.91829e-07,23.9322,303.213,1e-08,27.0895,381.602,7.0186e-08,30.6634,480.231,1e-08,34.7087,604.316,2.40784e-07,39.2876,760.401,9.87368e-08,44.4705,956.705,1.22263e-07,50.3371,1203.54,1e-08,56.9776,1513.81,1e-08,64.494,1903.69,1e-08,73.0018,2393.4,3.9185e-07,82.6317,3008.13,1.35379e-07,93.5318,3779.25,1e-08,105.869,4745.7,2.06965e-08,119.834,5955.6,1e-08,135.641,7468.12,1e-08,153.531,9355.62,2.00739e-07,173.781,11705.8,2.28358e-07,196.701,14624.1,1e-08,222.642,18235,1e-08,252.003,22683.4,1e-08,285.234,28134,1e-08,322.845,34767,2.34258e-07,365.413,42770.9,2.99668e-07,413.588,52327.9,8.28644e-08,468.111,63591.2,1e-08,529.814,76653.2,1e-08,599.642,91502.5,1e-08,678.662,107975,2.26339e-07,768.083,125705,3.69212e-07,869.267,144088,2.04077e-07,983.76,162277,1e-08,1113.3,179223,1e-08,1259.87,193777,1e-08,1425.68,204839,4.55555e-07,6.2823,3.27286,2.43537,0.219672,6.18826,2.24117,0.56371,6.87772,2.63624,0.308279,15,9,2,2,1,2,2,3,0,1,5,0,6,9,0,0,16,0,7,16,0,6,6,0,6,28,0,5,26,0,7,27,0,5,38,0,8,100,0,5,66,0,28,35,0,10,114,0,20,144,0,25,202,0,7,221,0,25,216,0,41,279,0,29,255,0,27,673,0,25,1102,0,97,165,0,29,1249,0,49,875,0,58,2716,0,85,1447,0,52,2652,0,91,2757,0,114,4645,0,98,4880,0,156,7799,0,146,12012,0,97,12200,0,166,22510,0,101,14275,0,197,24300,0,571,19603,0,396,28512,0,339,55218,0,462,88708,0,297,140376,0,658,113409,0,567,149263,0,517,13679,0,1121,111765,0,970,144237,0,483,102752,0,2081,63354,0,1526,72810,0,1231,218658,0
-1.05176e+08,8.09535e-47,8.88811e-15,10,1023,0,1.05176e+08,0.528882,1.08665,0.389689,0.145397,0.379329,3.24381,0.161596,0.446195,1.77396,0.159177,1.15e+07,4.49998e+06,6.79999e+06,1.15e+07,4.49997e+06,6.79999e+06,1.15e+07,4.49996e+06,6.79999e+06,1.15e+07,4.49995e+06,6.79999e+06,1.14999e+07,4.49993e+06,6.79999e+06,1.14999e+07,4.49991e+06,6.79999e+06,1.14999e+07,4.49989e+06,6.79999e+06,1.14999e+07,4.49986e+06,6.79999e+06,1.14999e+07,4.49982e+06,6.79999e+06,1.14999e+07,4.49977e+06,6.79999e+06,1.14999e+07,4.49971e+06,6.79999e+06,1.14999e+07,4.49963e+06,6.79999e+06,1.14998e+07,4.49953e+06,6.79999e+06,1.14998e+07,4.49941e+06,6.79999e+06,1.14998e+07,4.49926e+06,6.79999e+06,1.14998e+07,4.49906e+06,6.79999e+06,1.14997e+07,4.49882e+06,6.79999e+06,1.14997e+07,4.49851e+06,6.79999e+06,1.14997e+07,4.49812e+06,6.79999e+06,1.14996e+07,4.49764e+06,6.79999e+06,1.14996e+07,4.49702e+06,6.79999e+06,1.14995e+07,4.49625e+06,6.79999e+06,1.14995e+07,4.49528e+06,6.79999e+06,1.14994e+07,4.49406e+06,6.79999e+06,1.14993e+07,4.49253e+06,6.79999e+06,1.14992e+07,4.49059e+06,6.79999e+06,1.14991e+07,4.48817e+06,6.79999e+06,1.1499e+07,4.48511e+06,6.79999e+06,1.14988e+07,4.48128e+06,6.79999e+06,1.14987e+07,4.47646e+06,6.79999e+06,1.14985e+07,4.47041e+06,6.79999e+06,1.14983e+07,4.46281e+06,6.79999e+06,1.14981e+07,4.4533e+06,6.79999e+06,1.14979e+07,4.44138e+06,6.79999e+06,1.14976e+07,4.42649e+06,6.79999e+06,1.14972e+07,4.40789e+06,6.79999e+06,1.14969e+07,4.38471e+06,6.79999e+06,1.14965e+07,4.35592e+06,6.79999e+06,1.1496e+07,4.32027e+06,6.79999e+06,1.14955e+07,4.27629e+06,6.79999e+06,1.14949e+07,4.22231e+06,6.79999e+06,1.14942e+07,4.15647e+06,6.79999e+06,1.14934e+07,4.07676e+06,6.79999e+06,1.14926e+07,3.98112e+06,6.79999e+06,1.14916e+07,3.86765e+06,6.79999e+06,1.14905e+07,3.73474e+06,6.79999e+06,1.14892e+07,3.58148e+06,6.79999e+06,1.14878e+07,3.40785e+06,6.79999e+06,1.14862e+07,3.21513e+06,6.79999e+06,1.14844e+07,3.00605e+06,6.79999e+06,1.14823e+07,2.7848e+06,6.79999e+06,1.148e+07,2.5568e+06,6.79999e+06,1.14773e+07,2.32825e+06,6.79999e+06,13.5742,8.52444,0.508366,16.8306,13.2585,0.162638,20.0035,17.569,0.0507846,23.2616,22.4214,0.0158319,26.7328,28.3297,0.00493498,30.5212,35.6974,0.00153831,34.7178,44.9473,0.000479527,39.4086,56.5822,0.000149456,44.6796,71.2245,4.66214e-05,50.6209,89.6543,1.45419e-05,57.3297,112.852,4.54748e-06,64.9129,142.051,1.43857e-06,73.4897,178.803,4.36618e-07,83.1934,225.062,1.40153e-07,94.1745,283.286,4.96378e-08,106.602,356.568,1.05434e-07,120.669,448.799,-6.49244e-08,136.59,564.873,1.70148e-07,154.611,710.948,-5.34594e-08,175.008,894.767,1.63407e-07,198.097,1126.06,8.04804e-08,224.231,1417.07,1.14667e-07,253.813,1783.15,-1.71227e-07,287.297,2243.62,-2.88466e-07,325.198,2822.67,-4.33651e-07,368.098,3550.67,7.9318e-08,416.657,4465.65,3.13319e-07,471.621,5615.16,3.4613e-07,533.835,7058.61,-1.19199e-07,604.255,8870.02,-2.79964e-07,683.962,11141.4,-2.30521e-07,774.182,13986.7,-2.55099e-07,876.299,17546.4,1.23585e-07,991.883,21993.1,1.41192e-07,1122.71,27536.7,-9.71886e-08,1270.78,34430.7,-3.68368e-07,1438.38,42977.7,-3.45379e-07,1628.07,53532.7,-3.25328e-09,1842.77,66504.6,2.6362e-07,2085.77,82350.2,2.53445e-07,2360.79,101560,-2.47407e-08,2672.05,124632,-3.80602e-07,3024.31,152018,-4.79005e-07,3422.98,184060,-1.14379e-07,3874.15,220884,2.64297e-07,4384.72,262283,3.44131e-07,4962.49,307576,7.5349e-08,5616.29,355497,-3.63097e-07,6356.1,404126,-6.05442e-07,7193.18,450932,-2.72333e-07,8140.28,492963,2.29675e-07,9211.79,527178,4.3387e-07,10424,550893,-1.0711e-07,10.102,8.06553,2.81012,10.6436,8.57909,0.869423,11.5336,10.2515,0.270869,12.7211,12.7138,0.0844293,14.1823,15.9373,0.0263173,15.9122,20.0383,0.0082035,17.9198,25.2154,0.00255722,20.2244,31.7373,0.000797017,22.8539,39.9486,0.000248622,25.8438,50.2851,7.75492e-05,29.237,63.2963,2.42508e-05,33.0837,79.6738,7.67162e-06,37.4415,100.288,2.32837e-06,42.3767,126.236,7.33e-07,47.9646,158.896,2.79256e-07,54.2906,200.003,9.87351e-09,61.452,251.741,1.61085e-07,69.5585,316.859,-2.47141e-07,78.7347,398.812,8.93552e-08,89.1218,501.948,-2.53231e-07,100.879,631.736,-1.25047e-07,114.188,795.049,-1.78808e-07,129.252,1000.53,2.6733e-07,146.304,1259.03,4.50292e-07,165.605,1584.19,6.76904e-07,187.452,1993.12,-1.23808e-07,212.181,2507.27,-4.89068e-07,240.173,3153.54,-5.40284e-07,271.856,3965.56,1.86061e-07,307.719,4985.38,4.37004e-07,348.313,6265.4,3.59828e-07,394.26,7870.83,3.98192e-07,446.268,9882.51,-1.92908e-07,505.135,12400.3,-2.20392e-07,571.766,15546.9,1.51705e-07,647.184,19472.2,5.74996e-07,732.547,24357.4,5.39112e-07,829.167,30420,5.07815e-09,938.526,37916.3,-4.11492e-07,1062.3,47143.9,-3.9561e-07,1202.4,58439.2,3.86185e-08,1360.96,72169.3,5.94093e-07,1540.42,88715.8,7.47693e-07,1743.53,108445,1.78537e-07,1973.41,131665,-4.12549e-07,2233.57,158557,-5.37164e-07,2528,189103,-1.17615e-07,2861.2,222986,5.66769e-07,3238.27,259510,9.45053e-07,3664.97,297540,4.25093e-07,4147.81,335497,-3.58506e-07,4694.17,371444,-6.7724e-07,5312.37,403256,1.67192e-07,1.61744,3.89446,9.84394,3.28846,7.5504,12.774,5.07607,11.7187,13.6844,7.03202,16.8147,13.9681,9.20215,23.1769,14.0566,11.6301,31.1672,14.0841,14.3598,41.2186,14.0927,17.4376,53.8688,14.0954,20.9137,69.7915,14.0962,24.8432,89.8341,14.0965,29.2879,115.063,14.0966,34.3168,146.819,14.0966,40.0078,186.792,14.0966,46.4487,237.107,14.0966,53.7388,300.44,14.0966,61.9903,380.158,14.0966,71.3301,480.499,14.0966,81.902,606.796,14.0966,93.8685,765.761,14.0966,107.414,965.837,14.0966,122.746,1217.65,14.0966,140.101,1534.57,14.0966,159.745,1933.41,14.0966,181.981,2435.3,14.0966,207.15,3066.85,14.0966,235.64,3861.46,14.0966,267.889,4861.11,14.0966,304.391,6118.54,14.0966,345.709,7699.91,14.0966,392.478,9688.22,14.0966,445.417,12187.5,14.0966,505.339,15327.7,14.0966,573.165,19271.6,14.0966,649.938,24222,14.0966,736.839,30430.9,14.0966,835.202,38211.5,14.0966,946.539,47950.3,14.0966,1072.56,60122.8,14.0966,1215.21,75309.9,14.0966,1376.66,94216.2,14.0966,1559.41,117688,14.0966,1766.26,146729,14.0966,2000.39,182510,14.0966,2265.39,226372,14.0966,2565.33,279806,14.0966,2904.81,344416,14.0966,3289.05,421845,14.0966,3723.93,513667,14.0966,4216.13,621231,14.0966,4773.18,745478,14.0966,5403.64,886744,14.0966,6117.15,1.04457e+06,14.0966,6924.63,1.2176e+06,14.0966,11.7194,11.96,12.6541,13.9321,16.1295,13.6434,16.6097,21.9702,13.9553,19.7532,29.5285,14.0526,23.3844,39.1143,14.0829,27.5423,51.2054,14.0923,32.2796,66.434,14.0953,37.662,85.6061,14.0962,43.7675,109.74,14.0965,50.687,140.119,14.0966,58.5249,178.359,14.0966,67.4005,226.493,14.0966,77.4493,287.08,14.0966,88.8254,363.343,14.0966,101.703,459.336,14.0966,116.281,580.161,14.0966,132.782,732.241,14.0966,151.46,923.655,14.0966,172.603,1164.57,14.0966,196.535,1467.79,14.0966,223.625,1849.39,14.0966,254.288,2329.62,14.0966,288.997,2933.93,14.0966,328.285,3694.33,14.0966,372.755,4651.04,14.0966,423.092,5854.57,14.0966,480.07,7368.38,14.0966,544.564,9272.08,14.0966,617.566,11665.5,14.0966,700.197,14673.6,14.0966,793.729,18452.9,14.0966,899.599,23198.6,14.0966,1019.43,29154.1,14.0966,1155.07,36622.3,14.0966,1308.6,45977.9,14.0966,1482.39,57683.7,14.0966,1679.09,72307.8,14.0966,1901.73,90542.8,14.0966,2153.73,113226,14.0966,2438.97,141360,14.0966,2761.81,176127,14.0966,3127.22,218898,14.0966,3540.81,271226,14.0966,4008.92,334817,14.0966,4538.74,411470,14.0966,5138.38,502973,14.0966,5817.04,610948,14.0966,6585.12,736653,14.0966,7454.39,880741,14.0966,8438.15,1.04302e+06,14.0966,9551.45,1.22224e+06,14.0966,10811.3,1.41602e+06,14.0966,12237,1.62086e+06,14.0966,11.7194,11.96,12.6541,2.21263,4.16949,0.989383,2.67766,5.84076,0.311842,3.14343,7.55825,0.0972771,3.63127,9.58578,0.0303237,4.15787,12.0912,0.00945211,4.73731,15.2286,0.00294633,5.38238,19.1721,0.000918508,6.10553,24.134,0.000286163,6.91951,30.3791,8.92692e-05,7.83792,38.2397,2.78121e-05,8.87555,48.1338,8.65134e-06,10.0489,60.5876,2.7882e-06,11.3761,76.2629,8.29036e-07,12.8779,95.9927,2.4373e-07,14.5775,120.825,4.33068e-09,16.5012,152.08,1.75749e-07,18.6784,191.415,-1.86328e-07,21.1428,240.917,1.91829e-07,23.9322,303.213,-1.81475e-07,27.0895,381.602,7.0186e-08,30.6634,480.231,-2.86769e-08,34.7087,604.316,2.40784e-07,39.2876,760.401,9.87368e-08,44.4705,956.705,1.22263e-07,50.3371,1203.54,-4.31966e-07,56.9776,1513.81,-1.9705e-07,64.494,1903.69,-2.763e-08,73.0018,2393.4,3.9185e-07,82.6317,3008.13,1.35379e-07,93.5318,3779.25,-4.16351e-08,105.869,4745.7,2.06965e-08,119.834,5955.6,-3.18887e-07,135.641,7468.12,-1.48271e-08,153.531,9355.62,2.00739e-07,173.781,11705.8,2.28358e-07,196.701,14624.1,-1.93587e-08,222.642,18235,-2.88101e-07,252.003,22683.4,-2.24732e-07,285.234,28134,8.56806e-09,322.845,34767,2.34258e-07,365.413,42770.9,2.99668e-07,413.588,52327.9,8.28644e-08,468.111,63591.2,-3.07049e-07,529.814,76653.2,-3.1888e-07,599.642,91502.5,-6.72276e-08,678.662,107975,2.26339e-07,768.083,125705,3.69212e-07,869.267,144088,2.04077e-07,983.76,162277,-2.80509e-07,1113.3,179223,-4.22737e-07,1259.87,193777,-1.71951e-07,1425.68,204839,4.55555e-07,11.7194,11.96,12.6541,2.21263,4.16949,0.989383,2.67766,5.84076,0.311842,3.14343,7.55825,0.0972771,3.63127,9.58578,0.0303237,4.15787,12.0912,0.00945211,4.73731,15.2286,0.00294633,5.38238,19.1721,0.000918508,6.10553,24.134,0.000286163,6.91951,30.3791,8.92692e-05,7.83792,38.2397,2.78121e-05,8.87555,48.1338,8.65134e-06,10.0489,60.5876,2.7882e-06,11.3761,76.2629,8.29036e-07,12.8779,95.9927,2.4373e-07,14.5775,120.825,1e-08,16.5012,152.08,1.75749e-07,18.6784,191.415,1e-08,21.1428,240.917,1.91829e-07,23.9322,303.213,1e-08,27.0895,381.602,7.0186e-08,30.6634,480.231,1e-08,34.7087,604.316,2.40784e-07,39.2876,760.401,9.87368e-08,44.4705,956.705,1.22263e-07,50.3371,1203.54,1e-08,56.9776,1513.81,1e-08,64.494,1903.69,1e-08,73.0018,2393.4,3.9185e-07,82.6317,3008.13,1.35379e-07,93.5318,3779.25,1e-08,105.869,4745.7,2.06965e-08,119.834,5955.6,1e-08,135.641,7468.12,1e-08,153.531,9355.62,2.00739e-07,173.781,11705.8,2.28358e-07,196.701,14624.1,1e-08,222.642,18235,1e-08,252.003,22683.4,1e-08,285.234,28134,1e-08,322.845,34767,2.34258e-07,365.413,42770.9,2.99668e-07,413.588,52327.9,8.28644e-08,468.111,63591.2,1e-08,529.814,76653.2,1e-08,599.642,91502.5,1e-08,678.662,107975,2.26339e-07,768.083,125705,3.69212e-07,869.267,144088,2.04077e-07,983.76,162277,1e-08,1113.3,179223,1e-08,1259.87,193777,1e-08,1425.68,204839,4.55555e-07,6.2823,3.27286,2.43537,0.219672,6.18826,2.24117,0.56371,6.87772,2.63624,0.308279,12,9,6,2,4,1,2,2,0,1,8,0,3,7,0,4,19,0,5,7,0,7,14,0,12,25,0,5,35,0,22,25,0,9,46,0,24,8,0,7,31,0,14,99,0,20,111,0,17,149,0,16,204,0,13,151,0,43,380,0,23,314,0,29,285,0,56,801,0,37,818,0,59,696,0,24,1658,0,83,1403,0,38,653,0,90,2704,0,110,861,0,95,5321,0,141,3278,0,106,5933,0,103,4148,0,128,11579,0,225,13545,0,101,14767,0,141,24376,0,110,21691,0,200,42546,0,276,29165,0,376,33305,0,399,41537,0,334,33926,0,254,80532,0,373,129293,0,872,135727,0,1218,58309,0,1145,68496,0,835,87612,0,1630,145955,0,1512,352629,0,1726,126046,0
-1.05176e+08,1,8.88811e-15,10,1023,0,1.05176e+08,0.528882,1.08665,0.389689,0.145397,0.379329,3.24381,0.161596,0.446195,1.77396,0.159177,1.15e+07,4.49998e+06,6.79999e+06,1.15e+07,4.49997e+06,6.79999e+06,1.15e+07,4.49996e+06,6.79999e+06,1.15e+07,4.49995e+06,6.79999e+06,1.14999e+07,4.49993e+06,6.79999e+06,1.14999e+07,4.49991e+06,6.79999e+06,1.14999e+07,4.49989e+06,6.79999e+06,1.14999e+07,4.49986e+06,6.79999e+06,1.14999e+07,4.49982e+06,6.79999e+06,1.14999e+07,4.49977e+06,6.79999e+06,1.14999e+07,4.49971e+06,6.79999e+06,1.14999e+07,4.49963e+06,6.79999e+06,1.14998e+07,4.49953e+06,6.79999e+06,1.14998e+07,4.49941e+06,6.79999e+06,1.14998e+07,4.49926e+06,6.79999e+06,1.14998e+07,4.49906e+06,6.79999e+06,1.14997e+07,4.49882e+06,6.79999e+06,1.14997e+07,4.49851e+06,6.79999e+06,1.14997e+07,4.49812e+06,6.79999e+06,1.14996e+07,4.49764e+06,6.79999e+06,1.14996e+07,4.49702e+06,6.79999e+06,1.14995e+07,4.49625e+06,6.79999e+06,1.14995e+07,4.49528e+06,6.79999e+06,1.14994e+07,4.49406e+06,6.79999e+06,1.14993e+07,4.49253e+06,6.79999e+06,1.14992e+07,4.49059e+06,6.79999e+06,1.14991e+07,4.48817e+06,6.79999e+06,1.1499e+07,4.48511e+06,6.79999e+06,1.14988e+07,4.48128e+06,6.79999e+06,1.14987e+07,4.47646e+06,6.79999e+06,1.14985e+07,4.47041e+06,6.79999e+06,1.14983e+07,4.46281e+06,6.79999e+06,1.14981e+07,4.4533e+06,6.79999e+06,1.14979e+07,4.44138e+06,6.79999e+06,1.14976e+07,4.42649e+06,6.79999e+06,1.14972e+07,4.40789e+06,6.79999e+06,1.14969e+07,4.38471e+06,6.79999e+06,1.14965e+07,4.35592e+06,6.79999e+06,1.1496e+07,4.32027e+06,6.79999e+06,1.14955e+07,4.27629e+06,6.79999e+06,1.14949e+07,4.22231e+06,6.79999e+06,1.14942e+07,4.15647e+06,6.79999e+06,1.14934e+07,4.07676e+06,6.79999e+06,1.14926e+07,3.98112e+06,6.79999e+06,1.14916e+07,3.86765e+06,6.79999e+06,1.14905e+07,3.73474e+06,6.79999e+06,1.14892e+07,3.58148e+06,6.79999e+06,1.14878e+07,3.40785e+06,6.79999e+06,1.14862e+07,3.21513e+06,6.79999e+06,1.14844e+07,3.00605e+06,6.79999e+06,1.14823e+07,2.7848e+06,6.79999e+06,1.148e+07,2.5568e+06,6.79999e+06,1.14773e+07,2.32825e+06,6.79999e+06,13.5742,8.52444,0.508366,16.8306,13.2585,0.162638,20.0035,17.569,0.0507846,23.2616,22.4214,0.0158319,26.7328,28.3297,0.00493498,30.5212,35.6974,0.00153831,34.7178,44.9473,0.000479527,39.4086,56.5822,0.000149456,44.6796,71.2245,4.66214e-05,50.6209,89.6543,1.45419e-05,57.3297,112.852,4.54748e-06,64.9129,142.051,1.43857e-06,73.4897,178.803,4.36618e-07,83.1934,225.062,1.40153e-07,94.1745,283.286,4.96378e-08,106.602,356.568,1.05434e-07,120.669,448.799,-6.49244e-08,136.59,564.873,1.70148e-07,154.611,710.948,-5.34594e-08,175.008,894.767,1.63407e-07,198.097,1126.06,8.04804e-08,224.231,1417.07,1.14667e-07,253.813,1783.15,-1.71227e-07,287.297,2243.62,-2.88466e-07,325.198,2822.67,-4.33651e-07,368.098,3550.67,7.9318e-08,416.657,4465.65,3.13319e-07,471.621,5615.16,3.4613e-07,533.835,7058.61,-1.19199e-07,604.255,8870.02,-2.79964e-07,683.962,11141.4,-2.30521e-07,774.182,13986.7,-2.55099e-07,876.299,17546.4,1.23585e-07,991.883,21993.1,1.41192e-07,1122.71,27536.7,-9.71886e-08,1270.78,34430.7,-3.68368e-07,1438.38,42977.7,-3.45379e-07,1628.07,53532.7,-3.25328e-09,1842.77,66504.6,2.6362e-07,2085.77,82350.2,2.53445e-07,2360.79,101560,-2.47407e-08,2672.05,124632,-3.80602e-07,3024.31,152018,-4.79005e-07,3422.98,184060,-1.14379e-07,3874.15,220884,2.64297e-07,4384.72,262283,3.44131e-07,4962.49,307576,7.5349e-08,5616.29,355497,-3.63097e-07,6356.1,404126,-6.05442e-07,7193.18,450932,-2.72333e-07,8140.28,492963,2.29675e-07,9211.79,527178,4.3387e-07,10424,550893,-1.0711e-07,10.102,8.06553,2.81012,10.6436,8.57909,0.869423,11.5336,10.2515,0.270869,12.7211,12.7138,0.0844293,14.1823,15.9373,0.0263173,15.9122,20.0383,0.0082035,17.9198,25.2154,0.00255722,20.2244,31.7373,0.000797017,22.8539,39.9486,0.000248622,25.8438,50.2851,7.75492e-05,29.237,63.2963,2.42508e-05,33.0837,79.6738,7.67162e-06,37.4415,100.288,2.32837e-06,42.3767,126.236,7.33e-07,47.9646,158.896,2.79256e-07,54.2906,200.003,9.87351e-09,61.452,251.741,1.61085e-07,69.5585,316.859,-2.47141e-07,78.7347,398.812,8.93552e-08,89.1218,501.948,-2.53231e-07,100.879,631.736,-1.25047e-07,114.188,795.049,-1.78808e-07,129.252,1000.53,2.6733e-07,146.304,1259.03,4.50292e-07,165.605,1584.19,6.76904e-07,187.452,1993.12,-1.23808e-07,212.181,2507.27,-4.89068e-07,240.173,3153.54,-5.40284e-07,271.856,3965.56,1.86061e-07,307.719,4985.38,4.37004e-07,348.313,6265.4,3.59828e-07,394.26,7870.83,3.98192e-07,446.268,9882.51,-1.92908e-07,505.135,12400.3,-2.20392e-07,571.766,15546.9,1.51705e-07,647.184,19472.2,5.74996e-07,732.547,24357.4,5.39112e-07,829.167,30420,5.07815e-09,938.526,37916.3,-4.11492e-07,1062.3,47143.9,-3.9561e-07,1202.4,58439.2,3.86185e-08,1360.96,72169.3,5.94093e-07,1540.42,88715.8,7.47693e-07,1743.53,108445,1.78537e-07,1973.41,131665,-4.12549e-07,2233.57,158557,-5.37164e-07,2528,189103,-1.17615e-07,2861.2,222986,5.66769e-07,3238.27,259510,9.45053e-07,3664.97,297540,4.25093e-07,4147.81,335497,-3.58506e-07,4694.17,371444,-6.7724e-07,5312.37,403256,1.67192e-07,1.61744,3.89446,9.84394,3.28846,7.5504,12.774,5.07607,11.7187,13.6844,7.03202,16.8147,13.9681,9.20215,23.1769,14.0566,11.6301,31.1672,14.0841,14.3598,41.2186,14.0927,17.4376,53.8688,14.0954,20.9137,69.7915,14.0962,24.8432,89.8341,14.0965,29.2879,115.063,14.0966,34.3168,146.819,14.0966,40.0078,186.792,14.0966,46.4487,237.107,14.0966,53.7388,300.44,14.0966,61.9903,380.158,14.0966,71.3301,480.499,14.0966,81.902,606.796,14.0966,93.8685,765.761,14.0966,107.414,965.837,14.0966,122.746,1217.65,14.0966,140.101,1534.57,14.0966,159.745,1933.41,14.0966,181.981,2435.3,14.0966,207.15,3066.85,14.0966,235.64,3861.46,14.0966,267.889,4861.11,14.0966,304.391,6118.54,14.0966,345.709,7699.91,14.0966,392.478,9688.22,14.0966,445.417,12187.5,14.0966,505.339,15327.7,14.0966,573.165,19271.6,14.0966,649.938,24222,14.0966,736.839,30430.9,14.0966,835.202,38211.5,14.0966,946.539,47950.3,14.0966,1072.56,60122.8,14.0966,1215.21,75309.9,14.0966,1376.66,94216.2,14.0966,1559.41,117688,14.0966,1766.26,146729,14.0966,2000.39,182510,14.0966,2265.39,226372,14.0966,2565.33,279806,14.0966,2904.81,344416,14.0966,3289.05,421845,14.0966,3723.93,513667,14.0966,4216.13,621231,14.0966,4773.18,745478,14.0966,5403.64,886744,14.0966,6117.15,1.04457e+06,14.0966,6924.63,1.2176e+06,14.0966,11.7194,11.96,12.6541,13.9321,16.1295,13.6434,16.6097,21.9702,13.9553,19.7532,29.5285,14.0526,23.3844,39.1143,14.0829,27.5423,51.2054,14.0923,32.2796,66.434,14.0953,37.662,85.6061,14.0962,43.7675,109.74,14.0965,50.687,140.119,14.0966,58.5249,178.359,14.0966,67.4005,226.493,14.0966,77.4493,287.08,14.0966,88.8254,363.343,14.0966,101.703,459.336,14.0966,116.281,580.161,14.0966,132.782,732.241,14.0966,151.46,923.655,14.0966,172.603,1164.57,14.0966,196.535,1467.79,14.0966,223.625,1849.39,14.0966,254.288,2329.62,14.0966,288.997,2933.93,14.0966,328.285,3694.33,14.0966,372.755,4651.04,14.0966,423.092,5854.57,14.0966,480.07,7368.38,14.0966,544.564,9272.08,14.0966,617.566,11665.5,14.0966,700.197,14673.6,14.0966,793.729,18452.9,14.0966,899.599,23198.6,14.0966,1019.43,29154.1,14.0966,1155.07,36622.3,14.0966,1308.6,45977.9,14.0966,1482.39,57683.7,14.0966,1679.09,72307.8,14.0966,1901.73,90542.8,14.0966,2153.73,113226,14.0966,2438.97,141360,14.0966,2761.81,176127,14.0966,3127.22,218898,14.0966,3540.81,271226,14.0966,4008.92,334817,14.0966,4538.74,411470,14.0966,5138.38,502973,14.0966,5817.04,610948,14.0966,6585.12,736653,14.0966,7454.39,880741,14.0966,8438.15,1.04302e+06,14.0966,9551.45,1.22224e+06,14.0966,10811.3,1.41602e+06,14.0966,12237,1.62086e+06,14.0966,11.7194,11.96,12.6541,2.21263,4.16949,0.989383,2.67766,5.84076,0.311842,3.14343,7.55825,0.0972771,3.63127,9.58578,0.0303237,4.15787,12.0912,0.00945211,4.73731,15.2286,0.00294633,5.38238,19.1721,0.000918508,6.10553,24.134,0.000286163,6.91951,30.3791,8.92692e-05,7.83792,38.2397,2.78121e-05,8.87555,48.1338,8.65134e-06,10.0489,60.5876,2.7882e-06,11.3761,76.2629,8.29036e-07,12.8779,95.9927,2.4373e-07,14.5775,120.825,4.33068e-09,16.5012,152.08,1.75749e-07,18.6784,191.415,-1.86328e-07,21.1428,240.917,1.91829e-07,23.9322,303.213,-1.81475e-07,27.0895,381.602,7.0186e-08,30.6634,480.231,-2.86769e-08,34.7087,604.316,2.40784e-07,39.2876,760.401,9.87368e-08,44.4705,956.705,1.22263e-07,50.3371,1203.54,-4.31966e-07,56.9776,1513.81,-1.9705e-07,64.494,1903.69,-2.763e-08,73.0018,2393.4,3.9185e-07,82.6317,3008.13,1.35379e-07,93.5318,3779.25,-4.16351e-08,105.869,4745.7,2.06965e-08,119.834,5955.6,-3.18887e-07,135.641,7468.12,-1.48271e-08,153.531,9355.62,2.00739e-07,173.781,11705.8,2.28358e-07,196.701,14624.1,-1.93587e-08,222.642,18235,-2.88101e-07,252.003,22683.4,-2.24732e-07,285.234,28134,8.56806e-09,322.845,34767,2.34258e-07,365.413,42770.9,2.99668e-07,413.588,52327.9,8.28644e-08,468.111,63591.2,-3.07049e-07,529.814,76653.2,-3.1888e-07,599.642,91502.5,-6.72276e-08,678.662,107975,2.26339e-07,768.083,125705,3.69212e-07,869.267,144088,2.04077e-07,983.76,162277,-2.80509e-07,1113.3,179223,-4.22737e-07,1259.87,193777,-1.71951e-07,1425.68,204839,4.55555e-07,11.7194,11.96,12.6541,2.21263,4.16949,0.989383,2.67766,5.84076,0.311842,3.14343,7.55825,0.0972771,3.63127,9.58578,0.0303237,4.15787,12.0912,0.00945211,4.73731,15.2286,0.00294633,5.38238,19.1721,0.000918508,6.10553,24.134,0.000286163,6.91951,30.3791,8.92692e-05,7.83792,38.2397,2.78121e-05,8.87555,48.1338,8.65134e-06,10.0489,60.5876,2.7882e-06,11.3761,76.2629,8.29036e-07,12.8779,95.9927,2.4373e-07,14.5775,120.825,1e-08,16.5012,152.08,1.75749e-07,18.6784,191.415,1e-08,21.1428,240.917,1.91829e-07,23.9322,303.213,1e-08,27.0895,381.602,7.0186e-08,30.6634,480.231,1e-08,34.7087,604.316,2.40784e-07,39.2876,760.401,9.87368e-08,44.4705,956.705,1.22263e-07,50.3371,1203.54,1e-08,56.9776,1513.81,1e-08,64.494,1903.69,1e-08,73.0018,2393.4,3.9185e-07,82.6317,3008.13,1.35379e-07,93.5318,3779.25,1e-08,105.869,4745.7,2.06965e-08,119.834,5955.6,1e-08,135.641,7468.12,1e-08,153.531,9355.62,2.00739e-07,173.781,11705.8,2.28358e-07,196.701,14624.1,1e-08,222.642,18235,1e-08,252.003,22683.4,1e-08,285.234,28134,1e-08,322.845,34767,2.34258e-07,365.413,42770.9,2.99668e-07,413.588,52327.9,8.28644e-08,468.111,63591.2,1e-08,529.814,76653.2,1e-08,599.642,91502.5,1e-08,678.662,107975,2.26339e-07,768.083,125705,3.69212e-07,869.267,144088,2.04077e-07,983.76,162277,1e-08,1113.3,179223,1e-08,1259.87,193777,1e-08,1425.68,204839,4.55555e-07,6.2823,3.27286,2.43537,0.219672,6.18826,2.24117,0.56371,6.87772,2.63624,0.308279,6,13,8,6,10,1,1,7,0,4,4,0,4,14,0,3,11,0,3,3,0,3,20,0,3,14,0,6,21,0,4,56,0,6,38,0,9,58,0,7,19,0,8,128,0,5,140,0,21,159,0,18,152,0,12,115,0,34,365,0,19,539,0,20,431,0,27,608,0,14,1402,0,68,1859,0,97,2517,0,38,601,0,55,2274,0,178,2512,0,77,1713,0,88,4209,0,88,6062,0,168,6349,0,82,4607,0,190,11572,0,157,6753,0,333,20706,0,277,20608,0,69,7654,0,269,24584,0,447,21778,0,465,32359,0,459,87132,0,533,63785,0,475,99136,0,382,205940,0,768,76522,0,977,97590,0,318,112546,0,488,186964,0,993,163282,0,1429,126935,0,719,75857,0
-1.05176e+08,1,8.88811e-15,10,1023,0,1.05176e+08,0.528882,1.08665,0.389689,0.145397,0.379329,3.24381,0.161596,0.446195,1.77396,0.159177,1.15e+07,4.49998e+06,6.79999e+06,1.15e+07,4.49997e+06,6.79999e+06,1.15e+07,4.49996e+06,6.79999e+06,1.15e+07,4.49995e+06,6.79999e+06,1.14999e+07,4.49993e+06,6.79999e+06,1.14999e+07,4.49991e+06,6.79999e+06,1.14999e+07,4.49989e+06,6.79999e+06,1.14999e+07,4.49986e+06,6.79999e+06,1.14999e+07,4.49982e+06,6.79999e+06,1.14999e+07,4.49977e+06,6.79999e+06,1.14999e+07,4.49971e+06,6.79999e+06,1.14999e+07,4.49963e+06,6.79999e+06,1.14998e+07,4.49953e+06,6.79999e+06,1.14998e+07,4.49941e+06,6.79999e+06,1.14998e+07,4.49926e+06,6.79999e+06,1.14998e+07,4.49906e+06,6.79999e+06,1.14997e+07,4.49882e+06,6.79999e+06,1.14997e+07,4.49851e+06,6.79999e+06,1.14997e+07,4.49812e+06,6.79999e+06,1.14996e+07,4.49764e+06,6.79999e+06,1.14996e+07,4.49702e+06,6.79999e+06,1.14995e+07,4.49625e+06,6.79999e+06,1.14995e+07,4.49528e+06,6.79999e+06,1.14994e+07,4.49406e+06,6.79999e+06,1.14993e+07,4.49253e+06,6.79999e+06,1.14992e+07,4.49059e+06,6.79999e+06,1.14991e+07,4.48817e+06,6.79999e+06,1.1499e+07,4.48511e+06,6.79999e+06,1.14988e+07,4.48128e+06,6.79999e+06,1.14987e+07,4.47646e+06,6.79999e+06,1.14985e+07,4.47041e+06,6.79999e+06,1.14983e+07,4.46281e+06,6.79999e+06,1.14981e+07,4.4533e+06,6.79999e+06,1.14979e+07,4.44138e+06,6.79999e+06,1.14976e+07,4.42649e+06,6.79999e+06,1.14972e+07,4.40789e+06,6.79999e+06,1.14969e+07,4.38471e+06,6.79999e+06,1.14965e+07,4.35592e+06,6.79999e+06,1.1496e+07,4.32027e+06,6.79999e+06,1.14955e+07,4.27629e+06,6.79999e+06,1.14949e+07,4.22231e+06,6.79999e+06,1.14942e+07,4.15647e+06,6.79999e+06,1.14934e+07,4.07676e+06,6.79999e+06,1.14926e+07,3.98112e+06,6.79999e+06,1.14916e+07,3.86765e+06,6.79999e+06,1.14905e+07,3.73474e+06,6.79999e+06,1.14892e+07,3.58148e+06,6.79999e+06,1.14878e+07,3.40785e+06,6.79999e+06,1.14862e+07,3.21513e+06,6.79999e+06,1.14844e+07,3.00605e+06,6.79999e+06,1.14823e+07,2.7848e+06,6.79999e+06,1.148e+07,2.5568e+06,6.79999e+06,1.14773e+07,2.32825e+06,6.79999e+06,13.5742,8.52444,0.508366,16.8306,13.2585,0.162638,20.0035,17.569,0.0507846,23.2616,22.4214,0.0158319,26.7328,28.3297,0.00493498,30.5212,35.6974,0.00153831,34.7178,44.9473,0.000479527,39.4086,56.5822,0.000149456,44.6796,71.2245,4.66214e-05,50.6209,89.6543,1.45419e-05,57.3297,112.852,4.54748e-06,64.9129,142.051,1.43857e-06,73.4897,178.803,4.36618e-07,83.1934,225.062,1.40153e-07,94.1745,283.286,4.96378e-08,106.602,356.568,1.05434e-07,120.669,448.799,-6.49244e-08,136.59,564.873,1.70148e-07,154.611,710.948,-5.34594e-08,175.008,894.767,1.63407e-07,198.097,1126.06,8.04804e-08,224.231,1417.07,1.14667e-07,253.813,1783.15,-1.71227e-07,287.297,2243.62,-2.88466e-07,325.198,2822.67,-4.33651e-07,368.098,3550.67,7.9318e-08,416.657,4465.65,3.13319e-07,471.621,5615.16,3.4613e-07,533.835,7058.61,-1.19199e-07,604.255,8870.02,-2.79964e-07,683.962,11141.4,-2.30521e-07,774.182,13986.7,-2.55099e-07,876.299,17546.4,1.23585e-07,991.883,21993.1,1.41192e-07,1122.71,27536.7,-9.71886e-08,1270.78,34430.7,-3.68368e-07,1438.38,42977.7,-3.45379e-07,1628.07,53532.7,-3.25328e-09,1842.77,66504.6,2.6362e-07,2085.77,82350.2,2.53445e-07,2360.79,101560,-2.47407e-08,2672.05,124632,-3.80602e-07,3024.31,152018,-4.79005e-07,3422.98,184060,-1.14379e-07,3874.15,220884,2.64297e-07,4384.72,262283,3.44131e-07,4962.49,307576,7.5349e-08,5616.29,355497,-3.63097e-07,6356.1,404126,-6.05442e-07,7193.18,450932,-2.72333e-07,8140.28,492963,2.29675e-07,9211.79,527178,4.3387e-07,10424,550893,-1.0711e-07,10.102,8.06553,2.81012,10.6436,8.57909,0.869423,11.5336,10.2515,0.270869,12.7211,12.7138,0.0844293,14.1823,15.9373,0.0263173,15.9122,20.0383,0.0082035,17.9198,25.2154,0.00255722,20.2244,31.7373,0.000797017,22.8539,39.9486,0.000248622,25.8438,50.2851,7.75492e-05,29.237,63.2963,2.42508e-05,33.0837,79.6738,7.67162e-06,37.4415,100.288,2.32837e-06,42.3767,126.236,7.33e-07,47.9646,158.896,2.79256e-07,54.2906,200.003,9.87351e-09,61.452,251.741,1.61085e-07,69.5585,316.859,-2.47141e-07,78.7347,398.812,8.93552e-08,89.1218,501.948,-2.53231e-07,100.879,631.736,-1.25047e-07,114.188,795.049,-1.78808e-07,129.252,1000.53,2.6733e-07,146.304,1259.03,4.50292e-07,165.605,1584.19,6.76904e-07,187.452,1993.12,-1.23808e-07,212.181,2507.27,-4.89068e-07,240.173,3153.54,-5.40284e-07,271.856,3965.56,1.86061e-07,307.719,4985.38,4.37004e-07,348.313,6265.4,3.59828e-07,394.26,7870.83,3.98192e-07,446.268,9882.51,-1.92908e-07,505.135,12400.3,-2.20392e-07,571.766,15546.9,1.51705e-07,647.184,19472.2,5.74996e-07,732.547,24357.4,5.39112e-07,829.167,30420,5.07815e-09,938.526,37916.3,-4.11492e-07,1062.3,47143.9,-3.9561e-07,1202.4,58439.2,3.86185e-08,1360.96,72169.3,5.94093e-07,1540.42,88715.8,7.47693e-07,1743.53,108445,1.78537e-07,1973.41,131665,-4.12549e-07,2233.57,158557,-5.37164e-07,2528,189103,-1.17615e-07,2861.2,222986,5.66769e-07,3238.27,259510,9.45053e-07,3664.97,297540,4.25093e-07,4147.81,335497,-3.58506e-07,4694.17,371444,-6.7724e-07,5312.37,403256,1.67192e-07,1.61744,3.89446,9.84394,3.28846,7.5504,12.774,5.07607,11.7187,13.6844,7.03202,16.8147,13.9681,9.20215,23.1769,14.0566,11.6301,31.1672,14.0841,14.3598,41.2186,14.0927,17.4376,53.8688,14.0954,20.9137,69.7915,14.0962,24.8432,89.8341,14.0965,29.2879,115.063,14.0966,34.3168,146.819,14.0966,40.0078,186.792,14.0966,46.4487,237.107,14.0966,53.7388,300.44,14.0966,61.9903,380.158,14.0966,71.3301,480.499,14.0966,81.902,606.796,14.0966,93.8685,765.761,14.0966,107.414,965.837,14.0966,122.746,1217.65,14.0966,140.101,1534.57,14.0966,159.745,1933.41,14.0966,181.981,2435.3,14.0966,207.15,3066.85,14.0966,235.64,3861.46,14.0966,267.889,4861.11,14.0966,304.391,6118.54,14.0966,345.709,7699.91,14.0966,392.478,9688.22,14.0966,445.417,12187.5,14.0966,505.339,15327.7,14.0966,573.165,19271.6,14.0966,649.938,24222,14.0966,736.839,30430.9,14.0966,835.202,38211.5,14.0966,946.539,47950.3,14.0966,1072.56,60122.8,14.0966,1215.21,75309.9,14.0966,1376.66,94216.2,14.0966,1559.41,117688,14.0966,1766.26,146729,14.0966,2000.39,182510,14.0966,2265.39,226372,14.0966,2565.33,279806,14.0966,2904.81,344416,14.0966,3289.05,421845,14.0966,3723.93,513667,14.0966,4216.13,621231,14.0966,4773.18,745478,14.0966,5403.64,886744,14.0966,6117.15,1.04457e+06,14.0966,6924.63,1.2176e+06,14.0966,11.7194,11.96,12.6541,13.9321,16.1295,13.6434,16.6097,21.9702,13.9553,19.7532,29.5285,14.0526,23.3844,39.1143,14.0829,27.5423,51.2054,14.0923,32.2796,66.434,14.0953,37.662,85.6061,14.0962,43.7675,109.74,14.0965,50.687,140.119,14.0966,58.5249,178.359,14.0966,67.4005,226.493,14.0966,77.4493,287.08,14.0966,88.8254,363.343,14.0966,101.703,459.336,14.0966,116.281,580.161,14.0966,132.782,732.241,14.0966,151.46,923.655,14.0966,172.603,1164.57,14.0966,196.535,1467.79,14.0966,223.625,1849.39,14.0966,254.288,2329.62,14.0966,288.997,2933.93,14.0966,328.285,3694.33,14.0966,372.755,4651.04,14.0966,423.092,5854.57,14.0966,480.07,7368.38,14.0966,544.564,9272.08,14.0966,617.566,11665.5,14.0966,700.197,14673.6,14.0966,793.729,18452.9,14.0966,899.599,23198.6,14.0966,1019.43,29154.1,14.0966,1155.07,36622.3,14.0966,1308.6,45977.9,14.0966,1482.39,57683.7,14.0966,1679.09,72307.8,14.0966,1901.73,90542.8,14.0966,2153.73,113226,14.0966,2438.97,141360,14.0966,2761.81,176127,14.0966,3127.22,218898,14.0966,3540.81,271226,14.0966,4008.92,334817,14.0966,4538.74,411470,14.0966,5138.38,502973,14.0966,5817.04,610948,14.0966,6585.12,736653,14.0966,7454.39,880741,14.0966,8438.15,1.04302e+06,14.0966,9551.45,1.22224e+06,14.0966,10811.3,1.41602e+06,14.0966,12237,1.62086e+06,14.0966,11.7194,11.96,12.6541,2.21263,4.16949,0.989383,2.67766,5.84076,0.311842,3.14343,7.55825,0.0972771,3.63127,9.58578,0.0303237,4.15787,12.0912,0.00945211,4.73731,15.2286,0.00294633,5.38238,19.1721,0.000918508,6.10553,24.134,0.000286163,6.91951,30.3791,8.92692e-05,7.83792,38.2397,2.78121e-05,8.87555,48.1338,8.65134e-06,10.0489,60.5876,2.7882e-06,11.3761,76.2629,8.29036e-07,12.8779,95.9927,2.4373e-07,14.5775,120.825,4.33068e-09,16.5012,152.08,1.75749e-07,18.6784,191.415,-1.86328e-07,21.1428,240.917,1.91829e-07,23.9322,303.213,-1.81475e-07,27.0895,381.602,7.0186e-08,30.6634,480.231,-2.86769e-08,34.7087,604.316,2.40784e-07,39.2876,760.401,9.87368e-08,44.4705,956.705,1.22263e-07,50.3371,1203.54,-4.31966e-07,56.9776,1513.81,-1.9705e-07,64.494,1903.69,-2.763e-08,73.0018,2393.4,3.9185e-07,82.6317,3008.13,1.35379e-07,93.5318,3779.25,-4.16351e-08,105.869,4745.7,2.06965e-08,119.834,5955.6,-3.18887e-07,135.641,7468.12,-1.48271e-08,153.531,9355.62,2.00739e-07,173.781,11705.8,2.28358e-07,196.701,14624.1,-1.93587e-08,222.642,18235,-2.88101e-07,252.003,22683.4,-2.24732e-07,285.234,28134,8.56806e-09,322.845,34767,2.34258e-07,365.413,42770.9,2.99668e-07,413.588,52327.9,8.28644e-08,468.111,63591.2,-3.07049e-07,529.814,76653.2,-3.1888e-07,599.642,91502.5,-6.72276e-08,678.662,107975,2.26339e-07,768.083,125705,3.69212e-07,869.267,144088,2.04077e-07,983.76,162277,-2.80509e-07,1113.3,179223,-4.22737e-07,1259.87,193777,-1.71951e-07,1425.68,204839,4.55555e-07,11.7194,11.96,12.6541,2.21263,4.16949,0.989383,2.67766,5.84076,0.311842,3.14343,7.55825,0.0972771,3.63127,9.58578,0.0303237,4.15787,12.0912,0.00945211,4.73731,15.2286,0.00294633,5.38238,19.1721,0.000918508,6.10553,24.134,0.000286163,6.91951,30.3791,8.92692e-05,7.83792,38.2397,2.78121e-05,8.87555,48.1338,8.65134e-06,10.0489,60.5876,2.7882e-06,11.3761,76.2629,8.29036e-07,12.8779,95.9927,2.4373e-07,14.5775,120.825,1e-08,16.5012,152.08,1.75749e-07,18.6784,191.415,1e-08,21.1428,240.917,1.91829e-07,23.9322,303.213,1e-08,27.0895,381.602,7.0186e-08,30.6634,480.231,1e-08,34.7087,604.316,2.40784e-07,39.2876,760.401,9.87368e-08,44.4705,956.705,1.22263e-07,50.3371,1203.54,1e-08,56.9776,1513.81,1e-08,64.494,1903.69,1e-08,73.0018,2393.4,3.9185e-07,82.6317,3008.13,1.35379e-07,93.5318,3779.25,1e-08,105.869,4745.7,2.06965e-08,119.834,5955.6,1e-08,135.641,7468.12,1e-08,153.531,9355.62,2.00739e-07,173.781,11705.8,2.28358e-07,196.701,14624.1,1e-08,222.642,18235,1e-08,252.003,22683.4,1e-08,285.234,28134,1e-08,322.845,34767,2.34258e-07,365.413,42770.9,2.99668e-07,413.588,52327.9,8.28644e-08,468.111,63591.2,1e-08,529.814,76653.2,1e-08,599.642,91502.5,1e-08,678.662,107975,2.26339e-07,768.083,125705,3.69212e-07,869.267,144088,2.04077e-07,983.76,162277,1e-08,1113.3,179223,1e-08,1259.87,193777,1e-08,1425.68,204839,4.55555e-07,6.2823,3.27286,2.43537,0.219672,6.18826,2.24117,0.56371,6.87772,2.63624,0.308279,17,7,10,3,2,2,0,8,1,7,1,0,1,8,0,10,16,0,4,15,0,3,25,0,5,22,0,4,40,0,11,77,0,7,47,0,8,121,0,11,128,0,8,75,0,14,90,0,27,99,0,9,154,0,7,662,0,30,134,0,17,121,0,28,733,0,29,255,0,20,874,0,44,849,0,90,1901,0,41,1236,0,39,1526,0,100,1910,0,87,4633,0,134,3174,0,115,5544,0,114,2948,0,63,14575,0,81,8894,0,139,10539,0,122,14309,0,220,30095,0,151,29157,0,403,32047,0,384,46651,0,273,86768,0,291,62785,0,471,42315,0,559,111158,0,337,40652,0,794,127321,0,965,109502,0,1447,18965,0,773,109879,0,1541,239129,0,1003,183245,0,1132,162960,0
-1.05176e+08,1,8.88811e-15,10,1023,0,1.05176e+08,0.528882,1.08665,0.389689,0.145397,0.379329,3.24381,0.161596,0.446195,1.77396,0.159177,1.15e+07,4.49998e+06,6.79999e+06,1.15e+07,4.49997e+06,6.79999e+06,1.15e+07,4.49996e+06,6.79999e+06,1.15e+07,4.49995e+06,6.79999e+06,1.14999e+07,4.49993e+06,6.79999e+06,1.14999e+07,4.49991e+06,6.79999e+06,1.14999e+07,4.49989e+06,6.79999e+06,1.14999e+07,4.49986e+06,6.79999e+06,1.14999e+07,4.49982e+06,6.79999e+06,1.14999e+07,4.49977e+06,6.79999e+06,1.14999e+07,4.49971e+06,6.79999e+06,1.14999e+07,4.49963e+06,6.79999e+06,1.14998e+07,4.49953e+06,6.79999e+06,1.14998e+07,4.49941e+06,6.79999e+06,1.14998e+07,4.49926e+06,6.79999e+06,1.14998e+07,4.49906e+06,6.79999e+06,1.14997e+07,4.49882e+06,6.79999e+06,1.14997e+07,4.49851e+06,6.79999e+06,1.14997e+07,4.49812e+06,6.79999e+06,1.14996e+07,4.49764e+06,6.79999e+06,1.14996e+07,4.49702e+06,6.79999e+06,1.14995e+07,4.49625e+06,6.79999e+06,1.14995e+07,4.49528e+06,6.79999e+06,1.14994e+07,4.49406e+06,6.79999e+06,1.14993e+07,4.49253e+06,6.79999e+06,1.14992e+07,4.49059e+06,6.79999e+06,1.14991e+07,4.48817e+06,6.79999e+06,1.1499e+07,4.48511e+06,6.79999e+06,1.14988e+07,4.48128e+06,6.79999e+06,1.14987e+07,4.47646e+06,6.79999e+06,1.14985e+07,4.47041e+06,6.79999e+06,1.14983e+07,4.46281e+06,6.79999e+06,1.14981e+07,4.4533e+06,6.79999e+06,1.14979e+07,4.44138e+06,6.79999e+06,1.14976e+07,4.42649e+06,6.79999e+06,1.14972e+07,4.40789e+06,6.79999e+06,1.14969e+07,4.38471e+06,6.79999e+06,1.14965e+07,4.35592e+06,6.79999e+06,1.1496e+07,4.32027e+06,6.79999e+06,1.14955e+07,4.27629e+06,6.79999e+06,1.14949e+07,4.22231e+06,6.79999e+06,1.14942e+07,4.15647e+06,6.79999e+06,1.14934e+07,4.07676e+06,6.79999e+06,1.14926e+07,3.98112e+06,6.79999e+06,1.14916e+07,3.86765e+06,6.79999e+06,1.14905e+07,3.73474e+06,6.79999e+06,1.14892e+07,3.58148e+06,6.79999e+06,1.14878e+07,3.40785e+06,6.79999e+06,1.14862e+07,3.21513e+06,6.79999e+06,1.14844e+07,3.00605e+06,6.79999e+06,1.14823e+07,2.7848e+06,6.79999e+06,1.148e+07,2.5568e+06,6.79999e+06,1.14773e+07,2.32825e+06,6.79999e+06,13.5742,8.52444,0.508366,16.8306,13.2585,0.162638,20.0035,17.569,0.0507846,23.2616,22.4214,0.0158319,26.7328,28.3297,0.00493498,30.5212,35.6974,0.00153831,34.7178,44.9473,0.000479527,39.4086,56.5822,0.000149456,44.6796,71.2245,4.66214e-05,50.6209,89.6543,1.45419e-05,57.3297,112.852,4.54748e-06,64.9129,142.051,1.43857e-06,73.4897,178.803,4.36618e-07,83.1934,225.062,1.40153e-07,94.1745,283.286,4.96378e-08,106.602,356.568,1.05434e-07,120.669,448.799,-6.49244e-08,136.59,564.873,1.70148e-07,154.611,710.948,-5.34594e-08,175.008,894.767,1.63407e-07,198.097,1126.06,8.04804e-08,224.231,1417.07,1.14667e-07,253.813,1783.15,-1.71227e-07,287.297,2243.62,-2.88466e-07,325.198,2822.67,-4.33651e-07,368.098,3550.67,7.9318e-08,416.657,4465.65,3.13319e-07,471.621,5615.16,3.4613e-07,533.835,7058.61,-1.19199e-07,604.255,8870.02,-2.79964e-07,683.962,11141.4,-2.30521e-07,774.182,13986.7,-2.55099e-07,876.299,17546.4,1.23585e-07,991.883,21993.1,1.41192e-07,1122.71,27536.7,-9.71886e-08,1270.78,34430.7,-3.68368e-07,1438.38,42977.7,-3.45379e-07,1628.07,53532.7,-3.25328e-09,1842.77,66504.6,2.6362e-07,2085.77,82350.2,2.53445e-07,2360.79,101560,-2.47407e-08,2672.05,124632,-3.80602e-07,3024.31,152018,-4.79005e-07,3422.98,184060,-1.14379e-07,3874.15,220884,2.64297e-07,4384.72,262283,3.44131e-07,4962.49,307576,7.5349e-08,5616.29,355497,-3.63097e-07,6356.1,404126,-6.05442e-07,7193.18,450932,-2.72333e-07,8140.28,492963,2.29675e-07,9211.79,527178,4.3387e-07,10424,550893,-1.0711e-07,10.102,8.06553,2.81012,10.6436,8.57909,0.869423,11.5336,10.2515,0.270869,12.7211,12.7138,0.0844293,14.1823,15.9373,0.0263173,15.9122,20.0383,0.0082035,17.9198,25.2154,0.00255722,20.2244,31.7373,0.000797017,22.8539,39.9486,0.000248622,25.8438,50.2851,7.75492e-05,29.237,63.2963,2.42508e-05,33.0837,79.6738,7.67162e-06,37.4415,100.288,2.32837e-06,42.3767,126.236,7.33e-07,47.9646,158.896,2.79256e-07,54.2906,200.003,9.87351e-09,61.452,251.741,1.61085e-07,69.5585,316.859,-2.47141e-07,78.7347,398.812,8.93552e-08,89.1218,501.948,-2.53231e-07,100.879,631.736,-1.25047e-07,114.188,795.049,-1.78808e-07,129.252,1000.53,2.6733e-07,146.304,1259.03,4.50292e-07,165.605,1584.19,6.76904e-07,187.452,1993.12,-1.23808e-07,212.181,2507.27,-4.89068e-07,240.173,3153.54,-5.40284e-07,271.856,3965.56,1.86061e-07,307.719,4985.38,4.37004e-07,348.313,6265.4,3.59828e-07,394.26,7870.83,3.98192e-07,446.268,9882.51,-1.92908e-07,505.135,12400.3,-2.20392e-07,571.766,15546.9,1.51705e-07,647.184,19472.2,5.74996e-07,732.547,24357.4,5.39112e-07,829.167,30420,5.07815e-09,938.526,37916.3,-4.11492e-07,1062.3,47143.9,-3.9561e-07,1202.4,58439.2,3.86185e-08,1360.96,72169.3,5.94093e-07,1540.42,88715.8,7.47693e-07,1743.53,108445,1.78537e-07,1973.41,131665,-4.12549e-07,2233.57,158557,-5.37164e-07,2528,189103,-1.17615e-07,2861.2,222986,5.66769e-07,3238.27,259510,9.45053e-07,3664.97,297540,4.25093e-07,4147.81,335497,-3.58506e-07,4694.17,371444,-6.7724e-07,5312.37,403256,1.67192e-07,1.61744,3.89446,9.84394,3.28846,7.5504,12.774,5.07607,11.7187,13.6844,7.03202,16.8147,13.9681,9.20215,23.1769,14.0566,11.6301,31.1672,14.0841,14.3598,41.2186,14.0927,17.4376,53.8688,14.0954,20.9137,69.7915,14.0962,24.8432,89.8341,14.0965,29.2879,115.063,14.0966,34.3168,146.819,14.0966,40.0078,186.792,14.0966,46.4487,237.107,14.0966,53.7388,300.44,14.0966,61.9903,380.158,14.0966,71.3301,480.499,14.0966,81.902,606.796,14.0966,93.8685,765.761,14.0966,107.414,965.837,14.0966,122.746,1217.65,14.0966,140.101,1534.57,14.0966,159.745,1933.41,14.0966,181.981,2435.3,14.0966,207.15,3066.85,14.0966,235.64,3861.46,14.0966,267.889,4861.11,14.0966,304.391,6118.54,14.0966,345.709,7699.91,14.0966,392.478,9688.22,14.0966,445.417,12187.5,14.0966,505.339,15327.7,14.0966,573.165,19271.6,14.0966,649.938,24222,14.0966,736.839,30430.9,14.0966,835.202,38211.5,14.0966,946.539,47950.3,14.0966,1072.56,60122.8,14.0966,1215.21,75309.9,14.0966,1376.66,94216.2,14.0966,1559.41,117688,14.0966,1766.26,146729,14.0966,2000.39,182510,14.0966,2265.39,226372,14.0966,2565.33,279806,14.0966,2904.81,344416,14.0966,3289.05,421845,14.0966,3723.93,513667,14.0966,4216.13,621231,14.0966,4773.18,745478,14.0966,5403.64,886744,14.0966,6117.15,1.04457e+06,14.0966,6924.63,1.2176e+06,14.0966,11.7194,11.96,12.6541,13.9321,16.1295,13.6434,16.6097,21.9702,13.9553,19.7532,29.5285,14.0526,23.3844,39.1143,14.0829,27.5423,51.2054,14.0923,32.2796,66.434,14.0953,37.662,85.6061,14.0962,43.7675,109.74,14.0965,50.687,140.119,14.0966,58.5249,178.359,14.0966,67.4005,226.493,14.0966,77.4493,287.08,14.0966,88.8254,363.343,14.0966,101.703,459.336,14.0966,116.281,580.161,14.0966,132.782,732.241,14.0966,151.46,923.655,14.0966,172.603,1164.57,14.0966,196.535,1467.79,14.0966,223.625,1849.39,14.0966,254.288,2329.62,14.0966,288.997,2933.93,14.0966,328.285,3694.33,14.0966,372.755,4651.04,14.0966,423.092,5854.57,14.0966,480.07,7368.38,14.0966,544.564,9272.08,14.0966,617.566,11665.5,14.0966,700.197,14673.6,14.0966,793.729,18452.9,14.0966,899.599,23198.6,14.0966,1019.43,29154.1,14.0966,1155.07,36622.3,14.0966,1308.6,45977.9,14.0966,1482.39,57683.7,14.0966,1679.09,72307.8,14.0966,1901.73,90542.8,14.0966,2153.73,113226,14.0966,2438.97,141360,14.0966,2761.81,176127,14.0966,3127.22,218898,14.0966,3540.81,271226,14.0966,4008.92,334817,14.0966,4538.74,411470,14.0966,5138.38,502973,14.0966,5817.04,610948,14.0966,6585.12,736653,14.0966,7454.39,880741,14.0966,8438.15,1.04302e+06,14.0966,9551.45,1.22224e+06,14.0966,10811.3,1.41602e+06,14.0966,12237,1.62086e+06,14.0966,11.7194,11.96,12.6541,2.21263,4.16949,0.989383,2.67766,5.84076,0.311842,3.14343,7.55825,0.0972771,3.63127,9.58578,0.0303237,4.15787,12.0912,0.00945211,4.73731,15.2286,0.00294633,5.38238,19.1721,0.000918508,6.10553,24.134,0.000286163,6.91951,30.3791,8.92692e-05,7.83792,38.2397,2.78121e-05,8.87555,48.1338,8.65134e-06,10.0489,60.5876,2.7882e-06,11.3761,76.2629,8.29036e-07,12.8779,95.9927,2.4373e-07,14.5775,120.825,4.33068e-09,16.5012,152.08,1.75749e-07,18.6784,191.415,-1.86328e-07,21.1428,240.917,1.91829e-07,23.9322,303.213,-1.81475e-07,27.0895,381.602,7.0186e-08,30.6634,480.231,-2.86769e-08,34.7087,604.316,2.40784e-07,39.2876,760.401,9.87368e-08,44.4705,956.705,1.22263e-07,50.3371,1203.54,-4.31966e-07,56.9776,1513.81,-1.9705e-07,64.494,1903.69,-2.763e-08,73.0018,2393.4,3.9185e-07,82.6317,3008.13,1.35379e-07,93.5318,3779.25,-4.16351e-08,105.869,4745.7,2.06965e-08,119.834,5955.6,-3.18887e-07,135.641,7468.12,-1.48271e-08,153.531,9355.62,2.00739e-07,173.781,11705.8,2.28358e-07,196.701,14624.1,-1.93587e-08,222.642,18235,-2.88101e-07,252.003,22683.4,-2.24732e-07,285.234,28134,8.56806e-09,322.845,34767,2.34258e-07,365.413,42770.9,2.99668e-07,413.588,52327.9,8.28644e-08,468.111,63591.2,-3.07049e-07,529.814,76653.2,-3.1888e-07,599.642,91502.5,-6.72276e-08,678.662,107975,2.26339e-07,768.083,125705,3.69212e-07,869.267,144088,2.04077e-07,983.76,162277,-2.80509e-07,1113.3,179223,-4.22737e-07,1259.87,193777,-1.71951e-07,1425.68,204839,4.55555e-07,11.7194,11.96,12.6541,2.21263,4.16949,0.989383,2.67766,5.84076,0.311842,3.14343,7.55825,0.0972771,3.63127,9.58578,0.0303237,4.15787,12.0912,0.00945211,4.73731,15.2286,0.00294633,5.38238,19.1721,0.000918508,6.10553,24.134,0.000286163,6.91951,30.3791,8.92692e-05,7.83792,38.2397,2.78121e-05,8.87555,48.1338,8.65134e-06,10.0489,60.5876,2.7882e-06,11.3761,76.2629,8.29036e-07,12.8779,95.9927,2.4373e-07,14.5775,120.825,1e-08,16.5012,152.08,1.75749e-07,18.6784,191.415,1e-08,21.1428,240.917,1.91829e-07,23.9322,303.213,1e-08,27.0895,381.602,7.0186e-08,30.6634,480.231,1e-08,34.7087,604.316,2.40784e-07,39.2876,760.401,9.87368e-08,44.4705,956.705,1.22263e-07,50.3371,1203.54,1e-08,56.9776,1513.81,1e-08,64.494,1903.69,1e-08,73.0018,2393.4,3.9185e-07,82.6317,3008.13,1.35379e-07,93.5318,3779.25,1e-08,105.869,4745.7,2.06965e-08,119.834,5955.6,1e-08,135.641,7468.12,1e-08,153.531,9355.62,2.00739e-07,173.781,11705.8,2.28358e-07,196.701,14624.1,1e-08,222.642,18235,1e-08,252.003,22683.4,1e-08,285.234,28134,1e-08,322.845,34767,2.34258e-07,365.413,42770.9,2.99668e-07,413.588,52327.9,8.28644e-08,468.111,63591.2,1e-08,529.814,76653.2,1e-08,599.642,91502.5,1e-08,678.662,107975,2.26339e-07,768.083,125705,3.69212e-07,869.267,144088,2.04077e-07,983.76,162277,1e-08,1113.3,179223,1e-08,1259.87,193777,1e-08,1425.68,204839,4.55555e-07,6.2823,3.27286,2.43537,0.219672,6.18826,2.24117,0.56371,6.87772,2.63624,0.308279,6,12,13,2,6,0,1,12,1,1,9,0,8,12,0,6,15,0,4,20,0,6,22,0,11,30,0,3,19,0,14,35,0,11,59,0,10,34,0,12,75,0,13,92,0,16,77,0,13,249,0,5,148,0,25,139,0,40,282,0,8,325,0,46,365,0,15,802,0,52,667,0,23,964,0,37,2929,0,53,1923,0,64,2151,0,109,1710,0,68,4221,0,94,2121,0,91,6638,0,69,3062,0,44,8503,0,84,10048,0,197,13169,0,394,5395,0,104,19623,0,247,33820,0,211,25178,0,245,62724,0,191,45259,0,242,26726,0,558,91611,0,910,71607,0,360,101894,0,522,79978,0,677,78146,0,888,129557,0,843,221649,0,805,131326,0,313,147134,0,623,297008,0
-1.05176e+08,1,8.88811e-15,10,1023,0,1.05176e+08,0.528882,1.08665,0.389689,0.145397,0.379329,3.24381,0.161596,0.446195,1.77396,0.159177,1.15e+07,4.49998e+06,6.79999e+06,1.15e+07,4.49997e+06,6.79999e+06,1.15e+07,4.49996e+06,6.79999e+06,1.15e+07,4.49995e+06,6.79999e+06,1.14999e+07,4.49993e+06,6.79999e+06,1.14999e+07,4.49991e+06,6.79999e+06,1.14999e+07,4.49989e+06,6.79999e+06,1.14999e+07,4.49986e+06,6.79999e+06,1.14999e+07,4.49982e+06,6.79999e+06,1.14999e+07,4.49977e+06,6.79999e+06,1.14999e+07,4.49971e+06,6.79999e+06,1.14999e+07,4.49963e+06,6.79999e+06,1.14998e+07,4.49953e+06,6.79999e+06,1.14998e+07,4.49941e+06,6.79999e+06,1.14998e+07,4.49926e+06,6.79999e+06,1.14998e+07,4.49906e+06,6.79999e+06,1.14997e+07,4.49882e+06,6.79999e+06,1.14997e+07,4.49851e+06,6.79999e+06,1.14997e+07,4.49812e+06,6.79999e+06,1.14996e+07,4.49764e+06,6.79999e+06,1.14996e+07,4.49702e+06,6.79999e+06,1.14995e+07,4.49625e+06,6.79999e+06,1.14995e+07,4.49528e+06,6.79999e+06,1.14994e+07,4.49406e+06,6.79999e+06,1.14993e+07,4.49253e+06,6.79999e+06,1.14992e+07,4.49059e+06,6.79999e+06,1.14991e+07,4.48817e+06,6.79999e+06,1.1499e+07,4.48511e+06,6.79999e+06,1.14988e+07,4.48128e+06,6.79999e+06,1.14987e+07,4.47646e+06,6.79999e+06,1.14985e+07,4.47041e+06,6.79999e+06,1.14983e+07,4.46281e+06,6.79999e+06,1.14981e+07,4.4533e+06,6.79999e+06,1.14979e+07,4.44138e+06,6.79999e+06,1.14976e+07,4.42649e+06,6.79999e+06,1.14972e+07,4.40789e+06,6.79999e+06,1.14969e+07,4.38471e+06,6.79999e+06,1.14965e+07,4.35592e+06,6.79999e+06,1.1496e+07,4.32027e+06,6.79999e+06,1.14955e+07,4.27629e+06,6.79999e+06,1.14949e+07,4.22231e+06,6.79999e+06,1.14942e+07,4.15647e+06,6.79999e+06,1.14934e+07,4.07676e+06,6.79999e+06,1.14926e+07,3.98112e+06,6.79999e+06,1.14916e+07,3.86765e+06,6.79999e+06,1.14905e+07,3.73474e+06,6.79999e+06,1.14892e+07,3.58148e+06,6.79999e+06,1.14878e+07,3.40785e+06,6.79999e+06,1.14862e+07,3.21513e+06,6.79999e+06,1.14844e+07,3.00605e+06,6.79999e+06,1.14823e+07,2.7848e+06,6.79999e+06,1.148e+07,2.5568e+06,6.79999e+06,1.14773e+07,2.32825e+06,6.79999e+06,13.5742,8.52444,0.508366,16.8306,13.2585,0.162638,20.0035,17.569,0.0507846,23.2616,22.4214,0.0158319,26.7328,28.3297,0.00493498,30.5212,35.6974,0.00153831,34.7178,44.9473,0.000479527,39.4086,56.5822,0.000149456,44.6796,71.2245,4.66214e-05,50.6209,89.6543,1.45419e-05,57.3297,112.852,4.54748e-06,64.9129,142.051,1.43857e-06,73.4897,178.803,4.36618e-07,83.1934,225.062,1.40153e-07,94.1745,283.286,4.96378e-08,106.602,356.568,1.05434e-07,120.669,448.799,-6.49244e-08,136.59,564.873,1.70148e-07,154.611,710.948,-5.34594e-08,175.008,894.767,1.63407e-07,198.097,1126.06,8.04804e-08,224.231,1417.07,1.14667e-07,253.813,1783.15,-1.71227e-07,287.297,2243.62,-2.88466e-07,325.198,2822.67,-4.33651e-07,368.098,3550.67,7.9318e-08,416.657,4465.65,3.13319e-07,471.621,5615.16,3.4613e-07,533.835,7058.61,-1.19199e-07,604.255,8870.02,-2.79964e-07,683.962,11141.4,-2.30521e-07,774.182,13986.7,-2.55099e-07,876.299,17546.4,1.23585e-07,991.883,21993.1,1.41192e-07,1122.71,27536.7,-9.71886e-08,1270.78,34430.7,-3.68368e-07,1438.38,42977.7,-3.45379e-07,1628.07,53532.7,-3.25328e-09,1842.77,66504.6,2.6362e-07,2085.77,82350.2,2.53445e-07,2360.79,101560,-2.47407e-08,2672.05,124632,-3.80602e-07,3024.31,152018,-4.79005e-07,3422.98,184060,-1.14379e-07,3874.15,220884,2.64297e-07,4384.72,262283,3.44131e-07,4962.49,307576,7.5349e-08,5616.29,355497,-3.63097e-07,6356.1,404126,-6.05442e-07,7193.18,450932,-2.72333e-07,8140.28,492963,2.29675e-07,9211.79,527178,4.3387e-07,10424,550893,-1.0711e-07,10.102,8.06553,2.81012,10.6436,8.57909,0.869423,11.5336,10.2515,0.270869,12.7211,12.7138,0.0844293,14.1823,15.9373,0.0263173,15.9122,20.0383,0.0082035,17.9198,25.2154,0.00255722,20.2244,31.7373,0.000797017,22.8539,39.9486,0.000248622,25.8438,50.2851,7.75492e-05,29.237,63.2963,2.42508e-05,33.0837,79.6738,7.67162e-06,37.4415,100.288,2.32837e-06,42.3767,126.236,7.33e-07,47.9646,158.896,2.79256e-07,54.2906,200.003,9.87351e-09,61.452,251.741,1.61085e-07,69.5585,316.859,-2.47141e-07,78.7347,398.812,8.93552e-08,89.1218,501.948,-2.53231e-07,100.879,631.736,-1.25047e-07,114.188,795.049,-1.78808e-07,129.252,1000.53,2.6733e-07,146.304,1259.03,4.50292e-07,165.605,1584.19,6.76904e-07,187.452,1993.12,-1.23808e-07,212.181,2507.27,-4.89068e-07,240.173,3153.54,-5.40284e-07,271.856,3965.56,1.86061e-07,307.719,4985.38,4.37004e-07,348.313,6265.4,3.59828e-07,394.26,7870.83,3.98192e-07,446.268,9882.51,-1.92908e-07,505.135,12400.3,-2.20392e-07,571.766,15546.9,1.51705e-07,647.184,19472.2,5.74996e-07,732.547,24357.4,5.39112e-07,829.167,30420,5.07815e-09,938.526,37916.3,-4.11492e-07,1062.3,47143.9,-3.9561e-07,1202.4,58439.2,3.86185e-08,1360.96,72169.3,5.94093e-07,1540.42,88715.8,7.47693e-07,1743.53,108445,1.78537e-07,1973.41,131665,-4.12549e-07,2233.57,158557,-5.37164e-07,2528,189103,-1.17615e-07,2861.2,222986,5.66769e-07,3238.27,259510,9.45053e-07,3664.97,297540,4.25093e-07,4147.81,335497,-3.58506e-07,4694.17,371444,-6.7724e-07,5312.37,403256,1.67192e-07,1.61744,3.89446,9.84394,3.28846,7.5504,12.774,5.07607,11.7187,13.6844,7.03202,16.8147,13.9681,9.20215,23.1769,14.0566,11.6301,31.1672,14.0841,14.3598,41.2186,14.0927,17.4376,53.8688,14.0954,20.9137,69.7915,14.0962,24.8432,89.8341,14.0965,29.2879,115.063,14.0966,34.3168,146.819,14.0966,40.0078,186.792,14.0966,46.4487,237.107,14.0966,53.7388,300.44,14.0966,61.9903,380.158,14.0966,71.3301,480.499,14.0966,81.902,606.796,14.0966,93.8685,765.761,14.0966,107.414,965.837,14.0966,122.746,1217.65,14.0966,140.101,1534.57,14.0966,159.745,1933.41,14.0966,181.981,2435.3,14.0966,207.15,3066.85,14.0966,235.64,3861.46,14.0966,267.889,4861.11,14.0966,304.391,6118.54,14.0966,345.709,7699.91,14.0966,392.478,9688.22,14.0966,445.417,12187.5,14.0966,505.339,15327.7,14.0966,573.165,19271.6,14.0966,649.938,24222,14.0966,736.839,30430.9,14.0966,835.202,38211.5,14.0966,946.539,47950.3,14.0966,1072.56,60122.8,14.0966,1215.21,75309.9,14.0966,1376.66,94216.2,14.0966,1559.41,117688,14.0966,1766.26,146729,14.0966,2000.39,182510,14.0966,2265.39,226372,14.0966,2565.33,279806,14.0966,2904.81,344416,14.0966,3289.05,421845,14.0966,3723.93,513667,14.0966,4216.13,621231,14.0966,4773.18,745478,14.0966,5403.64,886744,14.0966,6117.15,1.04457e+06,14.0966,6924.63,1.2176e+06,14.0966,11.7194,11.96,12.6541,13.9321,16.1295,13.6434,16.6097,21.9702,13.9553,19.7532,29.5285,14.0526,23.3844,39.1143,14.0829,27.5423,51.2054,14.0923,32.2796,66.434,14.0953,37.662,85.6061,14.0962,43.7675,109.74,14.0965,50.687,140.119,14.0966,58.5249,178.359,14.0966,67.4005,226.493,14.0966,77.4493,287.08,14.0966,88.8254,363.343,14.0966,101.703,459.336,14.0966,116.281,580.161,14.0966,132.782,732.241,14.0966,151.46,923.655,14.0966,172.603,1164.57,14.0966,196.535,1467.79,14.0966,223.625,1849.39,14.0966,254.288,2329.62,14.0966,288.997,2933.93,14.0966,328.285,3694.33,14.0966,372.755,4651.04,14.0966,423.092,5854.57,14.0966,480.07,7368.38,14.0966,544.564,9272.08,14.0966,617.566,11665.5,14.0966,700.197,14673.6,14.0966,793.729,18452.9,14.0966,899.599,23198.6,14.0966,1019.43,29154.1,14.0966,1155.07,36622.3,14.0966,1308.6,45977.9,14.0966,1482.39,57683.7,14.0966,1679.09,72307.8,14.0966,1901.73,90542.8,14.0966,2153.73,113226,14.0966,2438.97,141360,14.0966,2761.81,176127,14.0966,3127.22,218898,14.0966,3540.81,271226,14.0966,4008.92,334817,14.0966,4538.74,411470,14.0966,5138.38,502973,14.0966,5817.04,610948,14.0966,6585.12,736653,14.0966,7454.39,880741,14.0966,8438.15,1.04302e+06,14.0966,9551.45,1.22224e+06,14.0966,10811.3,1.41602e+06,14.0966,12237,1.62086e+06,14.0966,11.7194,11.96,12.6541,2.21263,4.16949,0.989383,2.67766,5.84076,0.311842,3.14343,7.55825,0.0972771,3.63127,9.58578,0.0303237,4.15787,12.0912,0.00945211,4.73731,15.2286,0.00294633,5.38238,19.1721,0.000918508,6.10553,24.134,0.000286163,6.91951,30.3791,8.92692e-05,7.83792,38.2397,2.78121e-05,8.87555,48.1338,8.65134e-06,10.0489,60.5876,2.7882e-06,11.3761,76.2629,8.29036e-07,12.8779,95.9927,2.4373e-07,14.5775,120.825,4.33068e-09,16.5012,152.08,1.75749e-07,18.6784,191.415,-1.86328e-07,21.1428,240.917,1.91829e-07,23.9322,303.213,-1.81475e-07,27.0895,381.602,7.0186e-08,30.6634,480.231,-2.86769e-08,34.7087,604.316,2.40784e-07,39.2876,760.401,9.87368e-08,44.4705,956.705,1.22263e-07,50.3371,1203.54,-4.31966e-07,56.9776,1513.81,-1.9705e-07,64.494,1903.69,-2.763e-08,73.0018,2393.4,3.9185e-07,82.6317,3008.13,1.35379e-07,93.5318,3779.25,-4.16351e-08,105.869,4745.7,2.06965e-08,119.834,5955.6,-3.18887e-07,135.641,7468.12,-1.48271e-08,153.531,9355.62,2.00739e-07,173.781,11705.8,2.28358e-07,196.701,14624.1,-1.93587e-08,222.642,18235,-2.88101e-07,252.003,22683.4,-2.24732e-07,285.234,28134,8.56806e-09,322.845,34767,2.34258e-07,365.413,42770.9,2.99668e-07,413.588,52327.9,8.28644e-08,468.111,63591.2,-3.07049e-07,529.814,76653.2,-3.1888e-07,599.642,91502.5,-6.72276e-08,678.662,107975,2.26339e-07,768.083,125705,3.69212e-07,869.267,144088,2.04077e-07,983.76,162277,-2.80509e-07,1113.3,179223,-4.22737e-07,1259.87,193777,-1.71951e-07,1425.68,204839,4.55555e-07,11.7194,11.96,12.6541,2.21263,4.16949,0.989383,2.67766,5.84076,0.311842,3.14343,7.55825,0.0972771,3.63127,9.58578,0.0303237,4.15787,12.0912,0.00945211,4.73731,15.2286,0.00294633,5.38238,19.1721,0.000918508,6.10553,24.134,0.000286163,6.91951,30.3791,8.92692e-05,7.83792,38.2397,2.78121e-05,8.87555,48.1338,8.65134e-06,10.0489,60.5876,2.7882e-06,11.3761,76.2629,8.29036e-07,12.8779,95.9927,2.4373e-07,14.5775,120.825,1e-08,16.5012,152.08,1.75749e-07,18.6784,191.415,1e-08,21.1428,240.917,1.91829e-07,23.9322,303.213,1e-08,27.0895,381.602,7.0186e-08,30.6634,480.231,1e-08,34.7087,604.316,2.40784e-07,39.2876,760.401,9.87368e-08,44.4705,956.705,1.22263e-07,50.3371,1203.54,1e-08,56.9776,1513.81,1e-08,64.494,1903.69,1e-08,73.0018,2393.4,3.9185e-07,82.6317,3008.13,1.35379e-07,93.5318,3779.25,1e-08,105.869,4745.7,2.06965e-08,119.834,5955.6,1e-08,135.641,7468.12,1e-08,153.531,9355.62,2.00739e-07,173.781,11705.8,2.28358e-07,196.701,14624.1,1e-08,222.642,18235,1e-08,252.003,22683.4,1e-08,285.234,28134,1e-08,322.845,34767,2.34258e-07,365.413,42770.9,2.99668e-07,413.588,52327.9,8.28644e-08,468.111,63591.2,1e-08,529.814,76653.2,1e-08,599.642,91502.5,1e-08,678.662,107975,2.26339e-07,768.083,125705,3.69212e-07,869.267,144088,2.04077e-07,983.76,162277,1e-08,1113.3,179223,1e-08,1259.87,193777,1e-08,1425.68,204839,4.55555e-07,6.2823,3.27286,2.43537,0.219672,6.18826,2.24117,0.56371,6.87772,2.63624,0.308279,16,6,8,5,0,0,0,4,0,3,2,0,7,11,0,4,12,0,6,11,0,4,11,0,7,20,0,2,33,0,8,35,0,6,73,0,11,61,0,23,119,0,19,86,0,18,144,0,17,158,0,11,211,0,15,245,0,29,117,0,31,335,0,26,303,0,32,1040,0,50,572,0,52,2077,0,87,886,0,112,1793,0,44,2959,0,88,2420,0,72,2972,0,130,2431,0,147,4395,0,168,5904,0,143,6737,0,178,4672,0,241,3068,0,154,19120,0,170,16024,0,187,11184,0,130,28169,0,423,35836,0,462,39620,0,221,67347,0,234,91486,0,538,153984,0,458,86853,0,554,137718,0,490,144262,0,1937,116759,0,553,145708,0,742,82292,0,554,259655,0,1567,214521,0
-1.05176e+08,1,8.88811e-15,10,1023,0,1.05176e+08,0.528882,1.08665,0.389689,0.145397,0.379329,3.24381,0.161596,0.446195,1.77396,0.159177,1.15e+07,4.49998e+06,6.79999e+06,1.15e+07,4.49997e+06,6.79999e+06,1.15e+07,4.49996e+06,6.79999e+06,1.15e+07,4.49995e+06,6.79999e+06,1.14999e+07,4.49993e+06,6.79999e+06,1.14999e+07,4.49991e+06,6.79999e+06,1.14999e+07,4.49989e+06,6.79999e+06,1.14999e+07,4.49986e+06,6.79999e+06,1.14999e+07,4.49982e+06,6.79999e+06,1.14999e+07,4.49977e+06,6.79999e+06,1.14999e+07,4.49971e+06,6.79999e+06,1.14999e+07,4.49963e+06,6.79999e+06,1.14998e+07,4.49953e+06,6.79999e+06,1.14998e+07,4.49941e+06,6.79999e+06,1.14998e+07,4.49926e+06,6.79999e+06,1.14998e+07,4.49906e+06,6.79999e+06,1.14997e+07,4.49882e+06,6.79999e+06,1.14997e+07,4.49851e+06,6.79999e+06,1.14997e+07,4.49812e+06,6.79999e+06,1.14996e+07,4.49764e+06,6.79999e+06,1.14996e+07,4.49702e+06,6.79999e+06,1.14995e+07,4.49625e+06,6.79999e+06,1.14995e+07,4.49528e+06,6.79999e+06,1.14994e+07,4.49406e+06,6.79999e+06,1.14993e+07,4.49253e+06,6.79999e+06,1.14992e+07,4.49059e+06,6.79999e+06,1.14991e+07,4.48817e+06,6.79999e+06,1.1499e+07,4.48511e+06,6.79999e+06,1.14988e+07,4.48128e+06,6.79999e+06,1.14987e+07,4.47646e+06,6.79999e+06,1.14985e+07,4.47041e+06,6.79999e+06,1.14983e+07,4.46281e+06,6.79999e+06,1.14981e+07,4.4533e+06,6.79999e+06,1.14979e+07,4.44138e+06,6.79999e+06,1.14976e+07,4.42649e+06,6.79999e+06,1.14972e+07,4.40789e+06,6.79999e+06,1.14969e+07,4.38471e+06,6.79999e+06,1.14965e+07,4.35592e+06,6.79999e+06,1.1496e+07,4.32027e+06,6.79999e+06,1.14955e+07,4.27629e+06,6.79999e+06,1.14949e+07,4.22231e+06,6.79999e+06,1.14942e+07,4.15647e+06,6.79999e+06,1.14934e+07,4.07676e+06,6.79999e+06,1.14926e+07,3.98112e+06,6.79999e+06,1.14916e+07,3.86765e+06,6.79999e+06,1.14905e+07,3.73474e+06,6.79999e+06,1.14892e+07,3.58148e+06,6.79999e+06,1.14878e+07,3.40785e+06,6.79999e+06,1.14862e+07,3.21513e+06,6.79999e+06,1.14844e+07,3.00605e+06,6.79999e+06,1.14823e+07,2.7848e+06,6.79999e+06,1.148e+07,2.5568e+06,6.79999e+06,1.14773e+07,2.32825e+06,6.79999e+06,13.5742,8.52444,0.508366,16.8306,13.2585,0.162638,20.0035,17.569,0.0507846,23.2616,22.4214,0.0158319,26.7328,28.3297,0.00493498,30.5212,35.6974,0.00153831,34.7178,44.9473,0.000479527,39.4086,56.5822,0.000149456,44.6796,71.2245,4.66214e-05,50.6209,89.6543,1.45419e-05,57.3297,112.852,4.54748e-06,64.9129,142.051,1.43857e-06,73.4897,178.803,4.36618e-07,83.1934,225.062,1.40153e-07,94.1745,283.286,4.96378e-08,106.602,356.568,1.05434e-07,120.669,448.799,-6.49244e-08,136.59,564.873,1.70148e-07,154.611,710.948,-5.34594e-08,175.008,894.767,1.63407e-07,198.097,1126.06,8.04804e-08,224.231,1417.07,1.14667e-07,253.813,1783.15,-1.71227e-07,287.297,2243.62,-2.88466e-07,325.198,2822.67,-4.33651e-07,368.098,3550.67,7.9318e-08,416.657,4465.65,3.13319e-07,471.621,5615.16,3.4613e-07,533.835,7058.61,-1.19199e-07,604.255,8870.02,-2.79964e-07,683.962,11141.4,-2.30521e-07,774.182,13986.7,-2.55099e-07,876.299,17546.4,1.23585e-07,991.883,21993.1,1.41192e-07,1122.71,27536.7,-9.71886e-08,1270.78,34430.7,-3.68368e-07,1438.38,42977.7,-3.45379e-07,1628.07,53532.7,-3.25328e-09,1842.77,66504.6,2.6362e-07,2085.77,82350.2,2.53445e-07,2360.79,101560,-2.47407e-08,2672.05,124632,-3.80602e-07,3024.31,152018,-4.79005e-07,3422.98,184060,-1.14379e-07,3874.15,220884,2.64297e-07,4384.72,262283,3.44131e-07,4962.49,307576,7.5349e-08,5616.29,355497,-3.63097e-07,6356.1,404126,-6.05442e-07,7193.18,450932,-2.72333e-07,8140.28,492963,2.29675e-07,9211.79,527178,4.3387e-07,10424,550893,-1.0711e-07,10.102,8.06553,2.81012,10.6436,8.57909,0.869423,11.5336,10.2515,0.270869,12.7211,12.7138,0.0844293,14.1823,15.9373,0.0263173,15.9122,20.0383,0.0082035,17.9198,25.2154,0.00255722,20.2244,31.7373,0.000797017,22.8539,39.9486,0.000248622,25.8438,50.2851,7.75492e-05,29.237,63.2963,2.42508e-05,33.0837,79.6738,7.67162e-06,37.4415,100.288,2.32837e-06,42.3767,126.236,7.33e-07,47.9646,158.896,2.79256e-07,54.2906,200.003,9.87351e-09,61.452,251.741,1.61085e-07,69.5585,316.859,-2.47141e-07,78.7347,398.812,8.93552e-08,89.1218,501.948,-2.53231e-07,100.879,631.736,-1.25047e-07,114.188,795.049,-1.78808e-07,129.252,1000.53,2.6733e-07,146.304,1259.03,4.50292e-07,165.605,1584.19,6.76904e-07,187.452,1993.12,-1.23808e-07,212.181,2507.27,-4.89068e-07,240.173,3153.54,-5.40284e-07,271.856,3965.56,1.86061e-07,307.719,4985.38,4.37004e-07,348.313,6265.4,3.59828e-07,394.26,7870.83,3.98192e-07,446.268,9882.51,-1.92908e-07,505.135,12400.3,-2.20392e-07,571.766,15546.9,1.51705e-07,647.184,19472.2,5.74996e-07,732.547,24357.4,5.39112e-07,829.167,30420,5.07815e-09,938.526,37916.3,-4.11492e-07,1062.3,47143.9,-3.9561e-07,1202.4,58439.2,3.86185e-08,1360.96,72169.3,5.94093e-07,1540.42,88715.8,7.47693e-07,1743.53,108445,1.78537e-07,1973.41,131665,-4.12549e-07,2233.57,158557,-5.37164e-07,2528,189103,-1.17615e-07,2861.2,222986,5.66769e-07,3238.27,259510,9.45053e-07,3664.97,297540,4.25093e-07,4147.81,335497,-3.58506e-07,4694.17,371444,-6.7724e-07,5312.37,403256,1.67192e-07,1.61744,3.89446,9.84394,3.28846,7.5504,12.774,5.07607,11.7187,13.6844,7.03202,16.8147,13.9681,9.20215,23.1769,14.0566,11.6301,31.1672,14.0841,14.3598,41.2186,14.0927,17.4376,53.8688,14.0954,20.9137,69.7915,14.0962,24.8432,89.8341,14.0965,29.2879,115.063,14.0966,34.3168,146.819,14.0966,40.0078,186.792,14.0966,46.4487,237.107,14.0966,53.7388,300.44,14.0966,61.9903,380.158,14.0966,71.3301,480.499,14.0966,81.902,606.796,14.0966,93.8685,765.761,14.0966,107.414,965.837,14.0966,122.746,1217.65,14.0966,140.101,1534.57,14.0966,159.745,1933.41,14.0966,181.981,2435.3,14.0966,207.15,3066.85,14.0966,235.64,3861.46,14.0966,267.889,4861.11,14.0966,304.391,6118.54,14.0966,345.709,7699.91,14.0966,392.478,9688.22,14.0966,445.417,12187.5,14.0966,505.339,15327.7,14.0966,573.165,19271.6,14.0966,649.938,24222,14.0966,736.839,30430.9,14.0966,835.202,38211.5,14.0966,946.539,47950.3,14.0966,1072.56,60122.8,14.0966,1215.21,75309.9,14.0966,1376.66,94216.2,14.0966,1559.41,117688,14.0966,1766.26,146729,14.0966,2000.39,182510,14.0966,2265.39,226372,14.0966,2565.33,279806,14.0966,2904.81,344416,14.0966,3289.05,421845,14.0966,3723.93,513667,14.0966,4216.13,621231,14.0966,4773.18,745478,14.0966,5403.64,886744,14.0966,6117.15,1.04457e+06,14.0966,6924.63,1.2176e+06,14.0966,11.7194,11.96,12.6541,13.9321,16.1295,13.6434,16.6097,21.9702,13.9553,19.7532,29.5285,14.0526,23.3844,39.1143,14.0829,27.5423,51.2054,14.0923,32.2796,66.434,14.0953,37.662,85.6061,14.0962,43.7675,109.74,14.0965,50.687,140.119,14.0966,58.5249,178.359,14.0966,67.4005,226.493,14.0966,77.4493,287.08,14.0966,88.8254,363.343,14.0966,101.703,459.336,14.0966,116.281,580.161,14.0966,132.782,732.241,14.0966,151.46,923.655,14.0966,172.603,1164.57,14.0966,196.535,1467.79,14.0966,223.625,1849.39,14.0966,254.288,2329.62,14.0966,288.997,2933.93,14.0966,328.285,3694.33,14.0966,372.755,4651.04,14.0966,423.092,5854.57,14.0966,480.07,7368.38,14.0966,544.564,9272.08,14.0966,617.566,11665.5,14.0966,700.197,14673.6,14.0966,793.729,18452.9,14.0966,899.599,23198.6,14.0966,1019.43,29154.1,14.0966,1155.07,36622.3,14.0966,1308.6,45977.9,14.0966,1482.39,57683.7,14.0966,1679.09,72307.8,14.0966,1901.73,90542.8,14.0966,2153.73,113226,14.0966,2438.97,141360,14.0966,2761.81,176127,14.0966,3127.22,218898,14.0966,3540.81,271226,14.0966,4008.92,334817,14.0966,4538.74,411470,14.0966,5138.38,502973,14.0966,5817.04,610948,14.0966,6585.12,736653,14.0966,7454.39,880741,14.0966,8438.15,1.04302e+06,14.0966,9551.45,1.22224e+06,14.0966,10811.3,1.41602e+06,14.0966,12237,1.62086e+06,14.0966,11.7194,11.96,12.6541,2.21263,4.16949,0.989383,2.67766,5.84076,0.311842,3.14343,7.55825,0.0972771,3.63127,9.58578,0.0303237,4.15787,12.0912,0.00945211,4.73731,15.2286,0.00294633,5.38238,19.1721,0.000918508,6.10553,24.134,0.000286163,6.91951,30.3791,8.92692e-05,7.83792,38.2397,2.78121e-05,8.87555,48.1338,8.65134e-06,10.0489,60.5876,2.7882e-06,11.3761,76.2629,8.29036e-07,12.8779,95.9927,2.4373e-07,14.5775,120.825,4.33068e-09,16.5012,152.08,1.75749e-07,18.6784,191.415,-1.86328e-07,21.1428,240.917,1.91829e-07,23.9322,303.213,-1.81475e-07,27.0895,381.602,7.0186e-08,30.6634,480.231,-2.86769e-08,34.7087,604.316,2.40784e-07,39.2876,760.401,9.87368e-08,44.4705,956.705,1.22263e-07,50.3371,1203.54,-4.31966e-07,56.9776,1513.81,-1.9705e-07,64.494,1903.69,-2.763e-08,73.0018,2393.4,3.9185e-07,82.6317,3008.13,1.35379e-07,93.5318,3779.25,-4.16351e-08,105.869,4745.7,2.06965e-08,119.834,5955.6,-3.18887e-07,135.641,7468.12,-1.48271e-08,153.531,9355.62,2.00739e-07,173.781,11705.8,2.28358e-07,196.701,14624.1,-1.93587e-08,222.642,18235,-2.88101e-07,252.003,22683.4,-2.24732e-07,285.234,28134,8.56806e-09,322.845,34767,2.34258e-07,365.413,42770.9,2.99668e-07,413.588,52327.9,8.28644e-08,468.111,63591.2,-3.07049e-07,529.814,76653.2,-3.1888e-07,599.642,91502.5,-6.72276e-08,678.662,107975,2.26339e-07,768.083,125705,3.69212e-07,869.267,144088,2.04077e-07,983.76,162277,-2.80509e-07,1113.3,179223,-4.22737e-07,1259.87,193777,-1.71951e-07,1425.68,204839,4.55555e-07,11.7194,11.96,12.6541,2.21263,4.16949,0.989383,2.67766,5.84076,0.311842,3.14343,7.55825,0.0972771,3.63127,9.58578,0.0303237,4.15787,12.0912,0.00945211,4.73731,15.2286,0.00294633,5.38238,19.1721,0.000918508,6.10553,24.134,0.000286163,6.91951,30.3791,8.92692e-05,7.83792,38.2397,2.78121e-05,8.87555,48.1338,8.65134e-06,10.0489,60.5876,2.7882e-06,11.3761,76.2629,8.29036e-07,12.8779,95.9927,2.4373e-07,14.5775,120.825,1e-08,16.5012,152.08,1.75749e-07,18.6784,191.415,1e-08,21.1428,240.917,1.91829e-07,23.9322,303.213,1e-08,27.0895,381.602,7.0186e-08,30.6634,480.231,1e-08,34.7087,604.316,2.40784e-07,39.2876,760.401,9.87368e-08,44.4705,956.705,1.22263e-07,50.3371,1203.54,1e-08,56.9776,1513.81,1e-08,64.494,1903.69,1e-08,73.0018,2393.4,3.9185e-07,82.6317,3008.13,1.35379e-07,93.5318,3779.25,1e-08,105.869,4745.7,2.06965e-08,119.834,5955.6,1e-08,135.641,7468.12,1e-08,153.531,9355.62,2.00739e-07,173.781,11705.8,2.28358e-07,196.701,14624.1,1e-08,222.642,18235,1e-08,252.003,22683.4,1e-08,285.234,28134,1e-08,322.845,34767,2.34258e-07,365.413,42770.9,2.99668e-07,413.588,52327.9,8.28644e-08,468.111,63591.2,1e-08,529.814,76653.2,1e-08,599.642,91502.5,1e-08,678.662,107975,2.26339e-07,768.083,125705,3.69212e-07,869.267,144088,2.04077e-07,983.76,162277,1e-08,1113.3,179223,1e-08,1259.87,193777,1e-08,1425.68,204839,4.55555e-07,6.2823,3.27286,2.43537,0.219672,6.18826,2.24117,0.56371,6.87772,2.63624,0.308279,4,10,12,1,5,2,2,6,0,4,1,0,3,6,0,0,6,0,6,10,0,6,40,0,1,15,0,3,40,0,9,32,0,17,69,0,18,32,0,9,86,0,6,76,0,6,113,0,11,178,0,19,150,0,19,294,0,26,153,0,14,400,0,15,757,0,40,762,0,13,998,0,60,977,0,33,1226,0,105,1978,0,71,1583,0,88,2293,0,79,2359,0,60,3763,0,42,6992,0,90,3234,0,183,6336,0,122,5916,0,199,9783,0,213,12670,0,87,23197,0,249,25868,0,92,24076,0,233,29614,0,319,35624,0,710,77084,0,240,57426,0,235,87213,0,314,66734,0,652,108572,0,1590,92841,0,723,121455,0,1525,169715,0,610,104721,0,1160,210730,0,987,132713,0
-1.05176e+08,1,8.88811e-15,10,1023,0,1.05176e+08,0.528882,1.08665,0.389689,0.145397,0.379329,3.24381,0.161596,0.446195,1.77396,0.159177,1.15e+07,4.49998e+06,6.79999e+06,1.15e+07,4.49997e+06,6.79999e+06,1.15e+07,4.49996e+06,6.79999e+06,1.15e+07,4.49995e+06,6.79999e+06,1.14999e+07,4.49993e+06,6.79999e+06,1.14999e+07,4.49991e+06,6.79999e+06,1.14999e+07,4.49989e+06,6.79999e+06,1.14999e+07,4.49986e+06,6.79999e+06,1.14999e+07,4.49982e+06,6.79999e+06,1.14999e+07,4.49977e+06,6.79999e+06,1.14999e+07,4.49971e+06,6.79999e+06,1.14999e+07,4.49963e+06,6.79999e+06,1.14998e+07,4.49953e+06,6.79999e+06,1.14998e+07,4.49941e+06,6.79999e+06,1.14998e+07,4.49926e+06,6.79999e+06,1.14998e+07,4.49906e+06,6.79999e+06,1.14997e+07,4.49882e+06,6.79999e+06,1.14997e+07,4.49851e+06,6.79999e+06,1.14997e+07,4.49812e+06,6.79999e+06,1.14996e+07,4.49764e+06,6.79999e+06,1.14996e+07,4.49702e+06,6.79999e+06,1.14995e+07,4.49625e+06,6.79999e+06,1.14995e+07,4.49528e+06,6.79999e+06,1.14994e+07,4.49406e+06,6.79999e+06,1.14993e+07,4.49253e+06,6.79999e+06,1.14992e+07,4.49059e+06,6.79999e+06,1.14991e+07,4.48817e+06,6.79999e+06,1.1499e+07,4.48511e+06,6.79999e+06,1.14988e+07,4.48128e+06,6.79999e+06,1.14987e+07,4.47646e+06,6.79999e+06,1.14985e+07,4.47041e+06,6.79999e+06,1.14983e+07,4.46281e+06,6.79999e+06,1.14981e+07,4.4533e+06,6.79999e+06,1.14979e+07,4.44138e+06,6.79999e+06,1.14976e+07,4.42649e+06,6.79999e+06,1.14972e+07,4.40789e+06,6.79999e+06,1.14969e+07,4.38471e+06,6.79999e+06,1.14965e+07,4.35592e+06,6.79999e+06,1.1496e+07,4.32027e+06,6.79999e+06,1.14955e+07,4.27629e+06,6.79999e+06,1.14949e+07,4.22231e+06,6.79999e+06,1.14942e+07,4.15647e+06,6.79999e+06,1.14934e+07,4.07676e+06,6.79999e+06,1.14926e+07,3.98112e+06,6.79999e+06,1.14916e+07,3.86765e+06,6.79999e+06,1.14905e+07,3.73474e+06,6.79999e+06,1.14892e+07,3.58148e+06,6.79999e+06,1.14878e+07,3.40785e+06,6.79999e+06,1.14862e+07,3.21513e+06,6.79999e+06,1.14844e+07,3.00605e+06,6.79999e+06,1.14823e+07,2.7848e+06,6.79999e+06,1.148e+07,2.5568e+06,6.79999e+06,1.14773e+07,2.32825e+06,6.79999e+06,13.5742,8.52444,0.508366,16.8306,13.2585,0.162638,20.0035,17.569,0.0507846,23.2616,22.4214,0.0158319,26.7328,28.3297,0.00493498,30.5212,35.6974,0.00153831,34.7178,44.9473,0.000479527,39.4086,56.5822,0.000149456,44.6796,71.2245,4.66214e-05,50.6209,89.6543,1.45419e-05,57.3297,112.852,4.54748e-06,64.9129,142.051,1.43857e-06,73.4897,178.803,4.36618e-07,83.1934,225.062,1.40153e-07,94.1745,283.286,4.96378e-08,106.602,356.568,1.05434e-07,120.669,448.799,-6.49244e-08,136.59,564.873,1.70148e-07,154.611,710.948,-5.34594e-08,175.008,894.767,1.63407e-07,198.097,1126.06,8.04804e-08,224.231,1417.07,1.14667e-07,253.813,1783.15,-1.71227e-07,287.297,2243.62,-2.88466e-07,325.198,2822.67,-4.33651e-07,368.098,3550.67,7.9318e-08,416.657,4465.65,3.13319e-07,471.621,5615.16,3.4613e-07,533.835,7058.61,-1.19199e-07,604.255,8870.02,-2.79964e-07,683.962,11141.4,-2.30521e-07,774.182,13986.7,-2.55099e-07,876.299,17546.4,1.23585e-07,991.883,21993.1,1.41192e-07,1122.71,27536.7,-9.71886e-08,1270.78,34430.7,-3.68368e-07,1438.38,42977.7,-3.45379e-07,1628.07,53532.7,-3.25328e-09,1842.77,66504.6,2.6362e-07,2085.77,82350.2,2.53445e-07,2360.79,101560,-2.47407e-08,2672.05,124632,-3.80602e-07,3024.31,152018,-4.79005e-07,3422.98,184060,-1.14379e-07,3874.15,220884,2.64297e-07,4384.72,262283,3.44131e-07,4962.49,307576,7.5349e-08,5616.29,355497,-3.63097e-07,6356.1,404126,-6.05442e-07,7193.18,450932,-2.72333e-07,8140.28,492963,2.29675e-07,9211.79,527178,4.3387e-07,10424,550893,-1.0711e-07,10.102,8.06553,2.81012,10.6436,8.57909,0.869423,11.5336,10.2515,0.270869,12.7211,12.7138,0.0844293,14.1823,15.9373,0.0263173,15.9122,20.0383,0.0082035,17.9198,25.2154,0.00255722,20.2244,31.7373,0.000797017,22.8539,39.9486,0.000248622,25.8438,50.2851,7.75492e-05,29.237,63.2963,2.42508e-05,33.0837,79.6738,7.67162e-06,37.4415,100.288,2.32837e-06,42.3767,126.236,7.33e-07,47.9646,158.896,2.79256e-07,54.2906,200.003,9.87351e-09,61.452,251.741,1.61085e-07,69.5585,316.859,-2.47141e-07,78.7347,398.812,8.93552e-08,89.1218,501.948,-2.53231e-07,100.879,631.736,-1.25047e-07,114.188,795.049,-1.78808e-07,129.252,1000.53,2.6733e-07,146.304,1259.03,4.50292e-07,165.605,1584.19,6.76904e-07,187.452,1993.12,-1.23808e-07,212.181,2507.27,-4.89068e-07,240.173,3153.54,-5.40284e-07,271.856,3965.56,1.86061e-07,307.719,4985.38,4.37004e-07,348.313,6265.4,3.59828e-07,394.26,7870.83,3.98192e-07,446.268,9882.51,-1.92908e-07,505.135,12400.3,-2.20392e-07,571.766,15546.9,1.51705e-07,647.184,19472.2,5.74996e-07,732.547,24357.4,5.39112e-07,829.167,30420,5.07815e-09,938.526,37916.3,-4.11492e-07,1062.3,47143.9,-3.9561e-07,1202.4,58439.2,3.86185e-08,1360.96,72169.3,5.94093e-07,1540.42,88715.8,7.47693e-07,1743.53,108445,1.78537e-07,1973.41,131665,-4.12549e-07,2233.57,158557,-5.37164e-07,2528,189103,-1.17615e-07,2861.2,222986,5.66769e-07,3238.27,259510,9.45053e-07,3664.97,297540,4.25093e-07,4147.81,335497,-3.58506e-07,4694.17,371444,-6.7724e-07,5312.37,403256,1.67192e-07,1.61744,3.89446,9.84394,3.28846,7.5504,12.774,5.07607,11.7187,13.6844,7.03202,16.8147,13.9681,9.20215,23.1769,14.0566,11.6301,31.1672,14.0841,14.3598,41.2186,14.0927,17.4376,53.8688,14.0954,20.9137,69.7915,14.0962,24.8432,89.8341,14.0965,29.2879,115.063,14.0966,34.3168,146.819,14.0966,40.0078,186.792,14.0966,46.4487,237.107,14.0966,53.7388,300.44,14.0966,61.9903,380.158,14.0966,71.3301,480.499,14.0966,81.902,606.796,14.0966,93.8685,765.761,14.0966,107.414,965.837,14.0966,122.746,1217.65,14.0966,140.101,1534.57,14.0966,159.745,1933.41,14.0966,181.981,2435.3,14.0966,207.15,3066.85,14.0966,235.64,3861.46,14.0966,267.889,4861.11,14.0966,304.391,6118.54,14.0966,345.709,7699.91,14.0966,392.478,9688.22,14.0966,445.417,12187.5,14.0966,505.339,15327.7,14.0966,573.165,19271.6,14.0966,649.938,24222,14.0966,736.839,30430.9,14.0966,835.202,38211.5,14.0966,946.539,47950.3,14.0966,1072.56,60122.8,14.0966,1215.21,75309.9,14.0966,1376.66,94216.2,14.0966,1559.41,117688,14.0966,1766.26,146729,14.0966,2000.39,182510,14.0966,2265.39,226372,14.0966,2565.33,279806,14.0966,2904.81,344416,14.0966,3289.05,421845,14.0966,3723.93,513667,14.0966,4216.13,621231,14.0966,4773.18,745478,14.0966,5403.64,886744,14.0966,6117.15,1.04457e+06,14.0966,6924.63,1.2176e+06,14.0966,11.7194,11.96,12.6541,13.9321,16.1295,13.6434,16.6097,21.9702,13.9553,19.7532,29.5285,14.0526,23.3844,39.1143,14.0829,27.5423,51.2054,14.0923,32.2796,66.434,14.0953,37.662,85.6061,14.0962,43.7675,109.74,14.0965,50.687,140.119,14.0966,58.5249,178.359,14.0966,67.4005,226.493,14.0966,77.4493,287.08,14.0966,88.8254,363.343,14.0966,101.703,459.336,14.0966,116.281,580.161,14.0966,132.782,732.241,14.0966,151.46,923.655,14.0966,172.603,1164.57,14.0966,196.535,1467.79,14.0966,223.625,1849.39,14.0966,254.288,2329.62,14.0966,288.997,2933.93,14.0966,328.285,3694.33,14.0966,372.755,4651.04,14.0966,423.092,5854.57,14.0966,480.07,7368.38,14.0966,544.564,9272.08,14.0966,617.566,11665.5,14.0966,700.197,14673.6,14.0966,793.729,18452.9,14.0966,899.599,23198.6,14.0966,1019.43,29154.1,14.0966,1155.07,36622.3,14.0966,1308.6,45977.9,14.0966,1482.39,57683.7,14.0966,1679.09,72307.8,14.0966,1901.73,90542.8,14.0966,2153.73,113226,14.0966,2438.97,141360,14.0966,2761.81,176127,14.0966,3127.22,218898,14.0966,3540.81,271226,14.0966,4008.92,334817,14.0966,4538.74,411470,14.0966,5138.38,502973,14.0966,5817.04,610948,14.0966,6585.12,736653,14.0966,7454.39,880741,14.0966,8438.15,1.04302e+06,14.0966,9551.45,1.22224e+06,14.0966,10811.3,1.41602e+06,14.0966,12237,1.62086e+06,14.0966,11.7194,11.96,12.6541,2.21263,4.16949,0.989383,2.67766,5.84076,0.311842,3.14343,7.55825,0.0972771,3.63127,9.58578,0.0303237,4.15787,12.0912,0.00945211,4.73731,15.2286,0.00294633,5.38238,19.1721,0.000918508,6.10553,24.134,0.000286163,6.91951,30.3791,8.92692e-05,7.83792,38.2397,2.78121e-05,8.87555,48.1338,8.65134e-06,10.0489,60.5876,2.7882e-06,11.3761,76.2629,8.29036e-07,12.8779,95.9927,2.4373e-07,14.5775,120.825,4.33068e-09,16.5012,152.08,1.75749e-07,18.6784,191.415,-1.86328e-07,21.1428,240.917,1.91829e-07,23.9322,303.213,-1.81475e-07,27.0895,381.602,7.0186e-08,30.6634,480.231,-2.86769e-08,34.7087,604.316,2.40784e-07,39.2876,760.401,9.87368e-08,44.4705,956.705,1.22263e-07,50.3371,1203.54,-4.31966e-07,56.9776,1513.81,-1.9705e-07,64.494,1903.69,-2.763e-08,73.0018,2393.4,3.9185e-07,82.6317,3008.13,1.35379e-07,93.5318,3779.25,-4.16351e-08,105.869,4745.7,2.06965e-08,119.834,5955.6,-3.18887e-07,135.641,7468.12,-1.48271e-08,153.531,9355.62,2.00739e-07,173.781,11705.8,2.28358e-07,196.701,14624.1,-1.93587e-08,222.642,18235,-2.88101e-07,252.003,22683.4,-2.24732e-07,285.234,28134,8.56806e-09,322.845,34767,2.34258e-07,365.413,42770.9,2.99668e-07,413.588,52327.9,8.28644e-08,468.111,63591.2,-3.07049e-07,529.814,76653.2,-3.1888e-07,599.642,91502.5,-6.72276e-08,678.662,107975,2.26339e-07,768.083,125705,3.69212e-07,869.267,144088,2.04077e-07,983.76,162277,-2.80509e-07,1113.3,179223,-4.22737e-07,1259.87,193777,-1.71951e-07,1425.68,204839,4.55555e-07,11.7194,11.96,12.6541,2.21263,4.16949,0.989383,2.67766,5.84076,0.311842,3.14343,7.55825,0.0972771,3.63127,9.58578,0.0303237,4.15787,12.0912,0.00945211,4.73731,15.2286,0.00294633,5.38238,19.1721,0.000918508,6.10553,24.134,0.000286163,6.91951,30.3791,8.92692e-05,7.83792,38.2397,2.78121e-05,8.87555,48.1338,8.65134e-06,10.0489,60.5876,2.7882e-06,11.3761,76.2629,8.29036e-07,12.8779,95.9927,2.4373e-07,14.5775,120.825,1e-08,16.5012,152.08,1.75749e-07,18.6784,191.415,1e-08,21.1428,240.917,1.91829e-07,23.9322,303.213,1e-08,27.0895,381.602,7.0186e-08,30.6634,480.231,1e-08,34.7087,604.316,2.40784e-07,39.2876,760.401,9.87368e-08,44.4705,956.705,1.22263e-07,50.3371,1203.54,1e-08,56.9776,1513.81,1e-08,64.494,1903.69,1e-08,73.0018,2393.4,3.9185e-07,82.6317,3008.13,1.35379e-07,93.5318,3779.25,1e-08,105.869,4745.7,2.06965e-08,119.834,5955.6,1e-08,135.641,7468.12,1e-08,153.531,9355.62,2.00739e-07,173.781,11705.8,2.28358e-07,196.701,14624.1,1e-08,222.642,18235,1e-08,252.003,22683.4,1e-08,285.234,28134,1e-08,322.845,34767,2.34258e-07,365.413,42770.9,2.99668e-07,413.588,52327.9,8.28644e-08,468.111,63591.2,1e-08,529.814,76653.2,1e-08,599.642,91502.5,1e-08,678.662,107975,2.26339e-07,768.083,125705,3.69212e-07,869.267,144088,2.04077e-07,983.76,162277,1e-08,1113.3,179223,1e-08,1259.87,193777,1e-08,1425.68,204839,4.55555e-07,6.2823,3.27286,2.43537,0.219672,6.18826,2.24117,0.56371,6.87772,2.63624,0.308279,10,14,8,2,2,0,2,4,0,5,7,0,4,5,0,1,13,0,5,10,0,6,31,0,4,51,0,9,19,0,17,37,0,8,23,0,7,60,0,9,46,0,12,198,0,29,155,0,22,165,0,21,156,0,10,271,0,23,475,0,19,272,0,11,322,0,79,250,0,34,469,0,75,1184,0,43,733,0,72,1630,0,66,1549,0,80,2374,0,41,983,0,116,7614,0,169,3923,0,33,7775,0,182,4553,0,107,11786,0,120,20938,0,339,20642,0,157,20216,0,132,15966,0,317,20783,0,464,24069,0,602,45488,0,280,82015,0,343,120754,0,1264,76352,0,684,73760,0,508,51799,0,671,203663,0,732,157580,0,1014,264100,0,940,93184,0,574,65240,0,1013,186911,0
-1.05176e+08,1,8.88811e-15,10,1023,0,1.05176e+08,0.528882,1.08665,0.389689,0.145397,0.379329,3.24381,0.161596,0.446195,1.77396,0.159177,1.15e+07,4.49998e+06,6.79999e+06,1.15e+07,4.49997e+06,6.79999e+06,1.15e+07,4.49996e+06,6.79999e+06,1.15e+07,4.49995e+06,6.79999e+06,1.14999e+07,4.49993e+06,6.79999e+06,1.14999e+07,4.49991e+06,6.79999e+06,1.14999e+07,4.49989e+06,6.79999e+06,1.14999e+07,4.49986e+06,6.79999e+06,1.14999e+07,4.49982e+06,6.79999e+06,1.14999e+07,4.49977e+06,6.79999e+06,1.14999e+07,4.49971e+06,6.79999e+06,1.14999e+07,4.49963e+06,6.79999e+06,1.14998e+07,4.49953e+06,6.79999e+06,1.14998e+07,4.49941e+06,6.79999e+06,1.14998e+07,4.49926e+06,6.79999e+06,1.14998e+07,4.49906e+06,6.79999e+06,1.14997e+07,4.49882e+06,6.79999e+06,1.14997e+07,4.49851e+06,6.79999e+06,1.14997e+07,4.49812e+06,6.79999e+06,1.14996e+07,4.49764e+06,6.79999e+06,1.14996e+07,4.49702e+06,6.79999e+06,1.14995e+07,4.49625e+06,6.79999e+06,1.14995e+07,4.49528e+06,6.79999e+06,1.14994e+07,4.49406e+06,6.79999e+06,1.14993e+07,4.49253e+06,6.79999e+06,1.14992e+07,4.49059e+06,6.79999e+06,1.14991e+07,4.48817e+06,6.79999e+06,1.1499e+07,4.48511e+06,6.79999e+06,1.14988e+07,4.48128e+06,6.79999e+06,1.14987e+07,4.47646e+06,6.79999e+06,1.14985e+07,4.47041e+06,6.79999e+06,1.14983e+07,4.46281e+06,6.79999e+06,1.14981e+07,4.4533e+06,6.79999e+06,1.14979e+07,4.44138e+06,6.79999e+06,1.14976e+07,4.42649e+06,6.79999e+06,1.14972e+07,4.40789e+06,6.79999e+06,1.14969e+07,4.38471e+06,6.79999e+06,1.14965e+07,4.35592e+06,6.79999e+06,1.1496e+07,4.32027e+06,6.79999e+06,1.14955e+07,4.27629e+06,6.79999e+06,1.14949e+07,4.22231e+06,6.79999e+06,1.14942e+07,4.15647e+06,6.79999e+06,1.14934e+07,4.07676e+06,6.79999e+06,1.14926e+07,3.98112e+06,6.79999e+06,1.14916e+07,3.86765e+06,6.79999e+06,1.14905e+07,3.73474e+06,6.79999e+06,1.14892e+07,3.58148e+06,6.79999e+06,1.14878e+07,3.40785e+06,6.79999e+06,1.14862e+07,3.21513e+06,6.79999e+06,1.14844e+07,3.00605e+06,6.79999e+06,1.14823e+07,2.7848e+06,6.79999e+06,1.148e+07,2.5568e+06,6.79999e+06,1.14773e+07,2.32825e+06,6.79999e+06,13.5742,8.52444,0.508366,16.8306,13.2585,0.162638,20.0035,17.569,0.0507846,23.2616,22.4214,0.0158319,26.7328,28.3297,0.00493498,30.5212,35.6974,0.00153831,34.7178,44.9473,0.000479527,39.4086,56.5822,0.000149456,44.6796,71.2245,4.66214e-05,50.6209,89.6543,1.45419e-05,57.3297,112.852,4.54748e-06,64.9129,142.051,1.43857e-06,73.4897,178.803,4.36618e-07,83.1934,225.062,1.40153e-07,94.1745,283.286,4.96378e-08,106.602,356.568,1.05434e-07,120.669,448.799,-6.49244e-08,136.59,564.873,1.70148e-07,154.611,710.948,-5.34594e-08,175.008,894.767,1.63407e-07,198.097,1126.06,8.04804e-08,224.231,1417.07,1.14667e-07,253.813,1783.15,-1.71227e-07,287.297,2243.62,-2.88466e-07,325.198,2822.67,-4.33651e-07,368.098,3550.67,7.9318e-08,416.657,4465.65,3.13319e-07,471.621,5615.16,3.4613e-07,533.835,7058.61,-1.19199e-07,604.255,8870.02,-2.79964e-07,683.962,11141.4,-2.30521e-07,774.182,13986.7,-2.55099e-07,876.299,17546.4,1.23585e-07,991.883,21993.1,1.41192e-07,1122.71,27536.7,-9.71886e-08,1270.78,34430.7,-3.68368e-07,1438.38,42977.7,-3.45379e-07,1628.07,53532.7,-3.25328e-09,1842.77,66504.6,2.6362e-07,2085.77,82350.2,2.53445e-07,2360.79,101560,-2.47407e-08,2672.05,124632,-3.80602e-07,3024.31,152018,-4.79005e-07,3422.98,184060,-1.14379e-07,3874.15,220884,2.64297e-07,4384.72,262283,3.44131e-07,4962.49,307576,7.5349e-08,5616.29,355497,-3.63097e-07,6356.1,404126,-6.05442e-07,7193.18,450932,-2.72333e-07,8140.28,492963,2.29675e-07,9211.79,527178,4.3387e-07,10424,550893,-1.0711e-07,10.102,8.06553,2.81012,10.6436,8.57909,0.869423,11.5336,10.2515,0.270869,12.7211,12.7138,0.0844293,14.1823,15.9373,0.0263173,15.9122,20.0383,0.0082035,17.9198,25.2154,0.00255722,20.2244,31.7373,0.000797017,22.8539,39.9486,0.000248622,25.8438,50.2851,7.75492e-05,29.237,63.2963,2.42508e-05,33.0837,79.6738,7.67162e-06,37.4415,100.288,2.32837e-06,42.3767,126.236,7.33e-07,47.9646,158.896,2.79256e-07,54.2906,200.003,9.87351e-09,61.452,251.741,1.61085e-07,69.5585,316.859,-2.47141e-07,78.7347,398.812,8.93552e-08,89.1218,501.948,-2.53231e-07,100.879,631.736,-1.25047e-07,114.188,795.049,-1.78808e-07,129.252,1000.53,2.6733e-07,146.304,1259.03,4.50292e-07,165.605,1584.19,6.76904e-07,187.452,1993.12,-1.23808e-07,212.181,2507.27,-4.89068e-07,240.173,3153.54,-5.40284e-07,271.856,3965.56,1.86061e-07,307.719,4985.38,4.37004e-07,348.313,6265.4,3.59828e-07,394.26,7870.83,3.98192e-07,446.268,9882.51,-1.92908e-07,505.135,12400.3,-2.20392e-07,571.766,15546.9,1.51705e-07,647.184,19472.2,5.74996e-07,732.547,24357.4,5.39112e-07,829.167,30420,5.07815e-09,938.526,37916.3,-4.11492e-07,1062.3,47143.9,-3.9561e-07,1202.4,58439.2,3.86185e-08,1360.96,72169.3,5.94093e-07,1540.42,88715.8,7.47693e-07,1743.53,108445,1.78537e-07,1973.41,131665,-4.12549e-07,2233.57,158557,-5.37164e-07,2528,189103,-1.17615e-07,2861.2,222986,5.66769e-07,3238.27,259510,9.45053e-07,3664.97,297540,4.25093e-07,4147.81,335497,-3.58506e-07,4694.17,371444,-6.7724e-07,5312.37,403256,1.67192e-07,1.61744,3.89446,9.84394,3.28846,7.5504,12.774,5.07607,11.7187,13.6844,7.03202,16.8147,13.9681,9.20215,23.1769,14.0566,11.6301,31.1672,14.0841,14.3598,41.2186,14.0927,17.4376,53.8688,14.0954,20.9137,69.7915,14.0962,24.8432,89.8341,14.0965,29.2879,115.063,14.0966,34.3168,146.819,14.0966,40.0078,186.792,14.0966,46.4487,237.107,14.0966,53.7388,300.44,14.0966,61.9903,380.158,14.0966,71.3301,480.499,14.0966,81.902,606.796,14.0966,93.8685,765.761,14.0966,107.414,965.837,14.0966,122.746,1217.65,14.0966,140.101,1534.57,14.0966,159.745,1933.41,14.0966,181.981,2435.3,14.0966,207.15,3066.85,14.0966,235.64,3861.46,14.0966,267.889,4861.11,14.0966,304.391,6118.54,14.0966,345.709,7699.91,14.0966,392.478,9688.22,14.0966,445.417,12187.5,14.0966,505.339,15327.7,14.0966,573.165,19271.6,14.0966,649.938,24222,14.0966,736.839,30430.9,14.0966,835.202,38211.5,14.0966,946.539,47950.3,14.0966,1072.56,60122.8,14.0966,1215.21,75309.9,14.0966,1376.66,94216.2,14.0966,1559.41,117688,14.0966,1766.26,146729,14.0966,2000.39,182510,14.0966,2265.39,226372,14.0966,2565.33,279806,14.0966,2904.81,344416,14.0966,3289.05,421845,14.0966,3723.93,513667,14.0966,4216.13,621231,14.0966,4773.18,745478,14.0966,5403.64,886744,14.0966,6117.15,1.04457e+06,14.0966,6924.63,1.2176e+06,14.0966,11.7194,11.96,12.6541,13.9321,16.1295,13.6434,16.6097,21.9702,13.9553,19.7532,29.5285,14.0526,23.3844,39.1143,14.0829,27.5423,51.2054,14.0923,32.2796,66.434,14.0953,37.662,85.6061,14.0962,43.7675,109.74,14.0965,50.687,140.119,14.0966,58.5249,178.359,14.0966,67.4005,226.493,14.0966,77.4493,287.08,14.0966,88.8254,363.343,14.0966,101.703,459.336,14.0966,116.281,580.161,14.0966,132.782,732.241,14.0966,151.46,923.655,14.0966,172.603,1164.57,14.0966,196.535,1467.79,14.0966,223.625,1849.39,14.0966,254.288,2329.62,14.0966,288.997,2933.93,14.0966,328.285,3694.33,14.0966,372.755,4651.04,14.0966,423.092,5854.57,14.0966,480.07,7368.38,14.0966,544.564,9272.08,14.0966,617.566,11665.5,14.0966,700.197,14673.6,14.0966,793.729,18452.9,14.0966,899.599,23198.6,14.0966,1019.43,29154.1,14.0966,1155.07,36622.3,14.0966,1308.6,45977.9,14.0966,1482.39,57683.7,14.0966,1679.09,72307.8,14.0966,1901.73,90542.8,14.0966,2153.73,113226,14.0966,2438.97,141360,14.0966,2761.81,176127,14.0966,3127.22,218898,14.0966,3540.81,271226,14.0966,4008.92,334817,14.0966,4538.74,411470,14.0966,5138.38,502973,14.0966,5817.04,610948,14.0966,6585.12,736653,14.0966,7454.39,880741,14.0966,8438.15,1.04302e+06,14.0966,9551.45,1.22224e+06,14.0966,10811.3,1.41602e+06,14.0966,12237,1.62086e+06,14.0966,11.7194,11.96,12.6541,2.21263,4.16949,0.989383,2.67766,5.84076,0.311842,3.14343,7.55825,0.0972771,3.63127,9.58578,0.0303237,4.15787,12.0912,0.00945211,4.73731,15.2286,0.00294633,5.38238,19.1721,0.000918508,6.10553,24.134,0.000286163,6.91951,30.3791,8.92692e-05,7.83792,38.2397,2.78121e-05,8.87555,48.1338,8.65134e-06,10.0489,60.5876,2.7882e-06,11.3761,76.2629,8.29036e-07,12.8779,95.9927,2.4373e-07,14.5775,120.825,4.33068e-09,16.5012,152.08,1.75749e-07,18.6784,191.415,-1.86328e-07,21.1428,240.917,1.91829e-07,23.9322,303.213,-1.81475e-07,27.0895,381.602,7.0186e-08,30.6634,480.231,-2.86769e-08,34.7087,604.316,2.40784e-07,39.2876,760.401,9.87368e-08,44.4705,956.705,1.22263e-07,50.3371,1203.54,-4.31966e-07,56.9776,1513.81,-1.9705e-07,64.494,1903.69,-2.763e-08,73.0018,2393.4,3.9185e-07,82.6317,3008.13,1.35379e-07,93.5318,3779.25,-4.16351e-08,105.869,4745.7,2.06965e-08,119.834,5955.6,-3.18887e-07,135.641,7468.12,-1.48271e-08,153.531,9355.62,2.00739e-07,173.781,11705.8,2.28358e-07,196.701,14624.1,-1.93587e-08,222.642,18235,-2.88101e-07,252.003,22683.4,-2.24732e-07,285.234,28134,8.56806e-09,322.845,34767,2.34258e-07,365.413,42770.9,2.99668e-07,413.588,52327.9,8.28644e-08,468.111,63591.2,-3.07049e-07,529.814,76653.2,-3.1888e-07,599.642,91502.5,-6.72276e-08,678.662,107975,2.26339e-07,768.083,125705,3.69212e-07,869.267,144088,2.04077e-07,983.76,162277,-2.80509e-07,1113.3,179223,-4.22737e-07,1259.87,193777,-1.71951e-07,1425.68,204839,4.55555e-07,11.7194,11.96,12.6541,2.21263,4.16949,0.989383,2.67766,5.84076,0.311842,3.14343,7.55825,0.0972771,3.63127,9.58578,0.0303237,4.15787,12.0912,0.00945211,4.73731,15.2286,0.00294633,5.38238,19.1721,0.000918508,6.10553,24.134,0.000286163,6.91951,30.3791,8.92692e-05,7.83792,38.2397,2.78121e-05,8.87555,48.1338,8.65134e-06,10.0489,60.5876,2.7882e-06,11.3761,76.2629,8.29036e-07,12.8779,95.9927,2.4373e-07,14.5775,120.825,1e-08,16.5012,152.08,1.75749e-07,18.6784,191.415,1e-08,21.1428,240.917,1.91829e-07,23.9322,303.213,1e-08,27.0895,381.602,7.0186e-08,30.6634,480.231,1e-08,34.7087,604.316,2.40784e-07,39.2876,760.401,9.87368e-08,44.4705,956.705,1.22263e-07,50.3371,1203.54,1e-08,56.9776,1513.81,1e-08,64.494,1903.69,1e-08,73.0018,2393.4,3.9185e-07,82.6317,3008.13,1.35379e-07,93.5318,3779.25,1e-08,105.869,4745.7,2.06965e-08,119.834,5955.6,1e-08,135.641,7468.12,1e-08,153.531,9355.62,2.00739e-07,173.781,11705.8,2.28358e-07,196.701,14624.1,1e-08,222.642,18235,1e-08,252.003,22683.4,1e-08,285.234,28134,1e-08,322.845,34767,2.34258e-07,365.413,42770.9,2.99668e-07,413.588,52327.9,8.28644e-08,468.111,63591.2,1e-08,529.814,76653.2,1e-08,599.642,91502.5,1e-08,678.662,107975,2.26339e-07,768.083,125705,3.69212e-07,869.267,144088,2.04077e-07,983.76,162277,1e-08,1113.3,179223,1e-08,1259.87,193777,1e-08,1425.68,204839,4.55555e-07,6.2823,3.27286,2.43537,0.219672,6.18826,2.24117,0.56371,6.87772,2.63624,0.308279,17,2,23,0,1,0,0,1,0,12,8,0,5,14,0,6,14,0,6,27,0,8,13,0,9,32,0,8,56,0,22,29,0,6,52,0,1,64,0,12,47,0,10,87,0,19,128,0,16,153,0,20,128,0,21,255,0,26,284,0,13,479,0,11,581,0,41,343,0,17,1360,0,66,827,0,74,1086,0,48,1354,0,104,973,0,58,2909,0,27,4653,0,36,3248,0,56,1324,0,98,10801,0,135,8830,0,143,7892,0,114,10665,0,174,13963,0,94,29441,0,310,27997,0,175,23778,0,155,51756,0,272,40210,0,222,41759,0,534,83510,0,711,74338,0,921,94241,0,635,76382,0,1317,109899,0,726,182249,0,1022,235966,0,658,153310,0,1600,371493,0,1191,189115,0
-1.05176e+08,1,8.88811e-15,10,1023,0,1.05176e+08,0.528882,1.08665,0.389689,0.145397,0.379329,3.24381,0.161596,0.446195,1.77396,0.159177,1.15e+07,4.49998e+06,6.79999e+06,1.15e+07,4.49997e+06,6.79999e+06,1.15e+07,4.49996e+06,6.79999e+06,1.15e+07,4.49995e+06,6.79999e+06,1.14999e+07,4.49993e+06,6.79999e+06,1.14999e+07,4.49991e+06,6.79999e+06,1.14999e+07,4.49989e+06,6.79999e+06,1.14999e+07,4.49986e+06,6.79999e+06,1.14999e+07,4.49982e+06,6.79999e+06,1.14999e+07,4.49977e+06,6.79999e+06,1.14999e+07,4.49971e+06,6.79999e+06,1.14999e+07,4.49963e+06,6.79999e+06,1.14998e+07,4.49953e+06,6.79999e+06,1.14998e+07,4.49941e+06,6.79999e+06,1.14998e+07,4.49926e+06,6.79999e+06,1.14998e+07,4.49906e+06,6.79999e+06,1.14997e+07,4.49882e+06,6.79999e+06,1.14997e+07,4.49851e+06,6.79999e+06,1.14997e+07,4.49812e+06,6.79999e+06,1.14996e+07,4.49764e+06,6.79999e+06,1.14996e+07,4.49702e+06,6.79999e+06,1.14995e+07,4.49625e+06,6.79999e+06,1.14995e+07,4.49528e+06,6.79999e+06,1.14994e+07,4.49406e+06,6.79999e+06,1.14993e+07,4.49253e+06,6.79999e+06,1.14992e+07,4.49059e+06,6.79999e+06,1.14991e+07,4.48817e+06,6.79999e+06,1.1499e+07,4.48511e+06,6.79999e+06,1.14988e+07,4.48128e+06,6.79999e+06,1.14987e+07,4.47646e+06,6.79999e+06,1.14985e+07,4.47041e+06,6.79999e+06,1.14983e+07,4.46281e+06,6.79999e+06,1.14981e+07,4.4533e+06,6.79999e+06,1.14979e+07,4.44138e+06,6.79999e+06,1.14976e+07,4.42649e+06,6.79999e+06,1.14972e+07,4.40789e+06,6.79999e+06,1.14969e+07,4.38471e+06,6.79999e+06,1.14965e+07,4.35592e+06,6.79999e+06,1.1496e+07,4.32027e+06,6.79999e+06,1.14955e+07,4.27629e+06,6.79999e+06,1.14949e+07,4.22231e+06,6.79999e+06,1.14942e+07,4.15647e+06,6.79999e+06,1.14934e+07,4.07676e+06,6.79999e+06,1.14926e+07,3.98112e+06,6.79999e+06,1.14916e+07,3.86765e+06,6.79999e+06,1.14905e+07,3.73474e+06,6.79999e+06,1.14892e+07,3.58148e+06,6.79999e+06,1.14878e+07,3.40785e+06,6.79999e+06,1.14862e+07,3.21513e+06,6.79999e+06,1.14844e+07,3.00605e+06,6.79999e+06,1.14823e+07,2.7848e+06,6.79999e+06,1.148e+07,2.5568e+06,6.79999e+06,1.14773e+07,2.32825e+06,6.79999e+06,13.5742,8.52444,0.508366,16.8306,13.2585,0.162638,20.0035,17.569,0.0507846,23.2616,22.4214,0.0158319,26.7328,28.3297,0.00493498,30.5212,35.6974,0.00153831,34.7178,44.9473,0.000479527,39.4086,56.5822,0.000149456,44.6796,71.2245,4.66214e-05,50.6209,89.6543,1.45419e-05,57.3297,112.852,4.54748e-06,64.9129,142.051,1.43857e-06,73.4897,178.803,4.36618e-07,83.1934,225.062,1.40153e-07,94.1745,283.286,4.96378e-08,106.602,356.568,1.05434e-07,120.669,448.799,-6.49244e-08,136.59,564.873,1.70148e-07,154.611,710.948,-5.34594e-08,175.008,894.767,1.63407e-07,198.097,1126.06,8.04804e-08,224.231,1417.07,1.14667e-07,253.813,1783.15,-1.71227e-07,287.297,2243.62,-2.88466e-07,325.198,2822.67,-4.33651e-07,368.098,3550.67,7.9318e-08,416.657,4465.65,3.13319e-07,471.621,5615.16,3.4613e-07,533.835,7058.61,-1.19199e-07,604.255,8870.02,-2.79964e-07,683.962,11141.4,-2.30521e-07,774.182,13986.7,-2.55099e-07,876.299,17546.4,1.23585e-07,991.883,21993.1,1.41192e-07,1122.71,27536.7,-9.71886e-08,1270.78,34430.7,-3.68368e-07,1438.38,42977.7,-3.45379e-07,1628.07,53532.7,-3.25328e-09,1842.77,66504.6,2.6362e-07,2085.77,82350.2,2.53445e-07,2360.79,101560,-2.47407e-08,2672.05,124632,-3.80602e-07,3024.31,152018,-4.79005e-07,3422.98,184060,-1.14379e-07,3874.15,220884,2.64297e-07,4384.72,262283,3.44131e-07,4962.49,307576,7.5349e-08,5616.29,355497,-3.63097e-07,6356.1,404126,-6.05442e-07,7193.18,450932,-2.72333e-07,8140.28,492963,2.29675e-07,9211.79,527178,4.3387e-07,10424,550893,-1.0711e-07,10.102,8.06553,2.81012,10.6436,8.57909,0.869423,11.5336,10.2515,0.270869,12.7211,12.7138,0.0844293,14.1823,15.9373,0.0263173,15.9122,20.0383,0.0082035,17.9198,25.2154,0.00255722,20.2244,31.7373,0.000797017,22.8539,39.9486,0.000248622,25.8438,50.2851,7.75492e-05,29.237,63.2963,2.42508e-05,33.0837,79.6738,7.67162e-06,37.4415,100.288,2.32837e-06,42.3767,126.236,7.33e-07,47.9646,158.896,2.79256e-07,54.2906,200.003,9.87351e-09,61.452,251.741,1.61085e-07,69.5585,316.859,-2.47141e-07,78.7347,398.812,8.93552e-08,89.1218,501.948,-2.53231e-07,100.879,631.736,-1.25047e-07,114.188,795.049,-1.78808e-07,129.252,1000.53,2.6733e-07,146.304,1259.03,4.50292e-07,165.605,1584.19,6.76904e-07,187.452,1993.12,-1.23808e-07,212.181,2507.27,-4.89068e-07,240.173,3153.54,-5.40284e-07,271.856,3965.56,1.86061e-07,307.719,4985.38,4.37004e-07,348.313,6265.4,3.59828e-07,394.26,7870.83,3.98192e-07,446.268,9882.51,-1.92908e-07,505.135,12400.3,-2.20392e-07,571.766,15546.9,1.51705e-07,647.184,19472.2,5.74996e-07,732.547,24357.4,5.39112e-07,829.167,30420,5.07815e-09,938.526,37916.3,-4.11492e-07,1062.3,47143.9,-3.9561e-07,1202.4,58439.2,3.86185e-08,1360.96,72169.3,5.94093e-07,1540.42,88715.8,7.47693e-07,1743.53,108445,1.78537e-07,1973.41,131665,-4.12549e-07,2233.57,158557,-5.37164e-07,2528,189103,-1.17615e-07,2861.2,222986,5.66769e-07,3238.27,259510,9.45053e-07,3664.97,297540,4.25093e-07,4147.81,335497,-3.58506e-07,4694.17,371444,-6.7724e-07,5312.37,403256,1.67192e-07,1.61744,3.89446,9.84394,3.28846,7.5504,12.774,5.07607,11.7187,13.6844,7.03202,16.8147,13.9681,9.20215,23.1769,14.0566,11.6301,31.1672,14.0841,14.3598,41.2186,14.0927,17.4376,53.8688,14.0954,20.9137,69.7915,14.0962,24.8432,89.8341,14.0965,29.2879,115.063,14.0966,34.3168,146.819,14.0966,40.0078,186.792,14.0966,46.4487,237.107,14.0966,53.7388,300.44,14.0966,61.9903,380.158,14.0966,71.3301,480.499,14.0966,81.902,606.796,14.0966,93.8685,765.761,14.0966,107.414,965.837,14.0966,122.746,1217.65,14.0966,140.101,1534.57,14.0966,159.745,1933.41,14.0966,181.981,2435.3,14.0966,207.15,3066.85,14.0966,235.64,3861.46,14.0966,267.889,4861.11,14.0966,304.391,6118.54,14.0966,345.709,7699.91,14.0966,392.478,9688.22,14.0966,445.417,12187.5,14.0966,505.339,15327.7,14.0966,573.165,19271.6,14.0966,649.938,24222,14.0966,736.839,30430.9,14.0966,835.202,38211.5,14.0966,946.539,47950.3,14.0966,1072.56,60122.8,14.0966,1215.21,75309.9,14.0966,1376.66,94216.2,14.0966,1559.41,117688,14.0966,1766.26,146729,14.0966,2000.39,182510,14.0966,2265.39,226372,14.0966,2565.33,279806,14.0966,2904.81,344416,14.0966,3289.05,421845,14.0966,3723.93,513667,14.0966,4216.13,621231,14.0966,4773.18,745478,14.0966,5403.64,886744,14.0966,6117.15,1.04457e+06,14.0966,6924.63,1.2176e+06,14.0966,11.7194,11.96,12.6541,13.9321,16.1295,13.6434,16.6097,21.9702,13.9553,19.7532,29.5285,14.0526,23.3844,39.1143,14.0829,27.5423,51.2054,14.0923,32.2796,66.434,14.0953,37.662,85.6061,14.0962,43.7675,109.74,14.0965,50.687,140.119,14.0966,58.5249,178.359,14.0966,67.4005,226.493,14.0966,77.4493,287.08,14.0966,88.8254,363.343,14.0966,101.703,459.336,14.0966,116.281,580.161,14.0966,132.782,732.241,14.0966,151.46,923.655,14.0966,172.603,1164.57,14.0966,196.535,1467.79,14.0966,223.625,1849.39,14.0966,254.288,2329.62,14.0966,288.997,2933.93,14.0966,328.285,3694.33,14.0966,372.755,4651.04,14.0966,423.092,5854.57,14.0966,480.07,7368.38,14.0966,544.564,9272.08,14.0966,617.566,11665.5,14.0966,700.197,14673.6,14.0966,793.729,18452.9,14.0966,899.599,23198.6,14.0966,1019.43,29154.1,14.0966,1155.07,36622.3,14.0966,1308.6,45977.9,14.0966,1482.39,57683.7,14.0966,1679.09,72307.8,14.0966,1901.73,90542.8,14.0966,2153.73,113226,14.0966,2438.97,141360,14.0966,2761.81,176127,14.0966,3127.22,218898,14.0966,3540.81,271226,14.0966,4008.92,334817,14.0966,4538.74,411470,14.0966,5138.38,502973,14.0966,5817.04,610948,14.0966,6585.12,736653,14.0966,7454.39,880741,14.0966,8438.15,1.04302e+06,14.0966,9551.45,1.22224e+06,14.0966,10811.3,1.41602e+06,14.0966,12237,1.62086e+06,14.0966,11.7194,11.96,12.6541,2.21263,4.16949,0.989383,2.67766,5.84076,0.311842,3.14343,7.55825,0.0972771,3.63127,9.58578,0.0303237,4.15787,12.0912,0.00945211,4.73731,15.2286,0.00294633,5.38238,19.1721,0.000918508,6.10553,24.134,0.000286163,6.91951,30.3791,8.92692e-05,7.83792,38.2397,2.78121e-05,8.87555,48.1338,8.65134e-06,10.0489,60.5876,2.7882e-06,11.3761,76.2629,8.29036e-07,12.8779,95.9927,2.4373e-07,14.5775,120.825,4.33068e-09,16.5012,152.08,1.75749e-07,18.6784,191.415,-1.86328e-07,21.1428,240.917,1.91829e-07,23.9322,303.213,-1.81475e-07,27.0895,381.602,7.0186e-08,30.6634,480.231,-2.86769e-08,34.7087,604.316,2.40784e-07,39.2876,760.401,9.87368e-08,44.4705,956.705,1.22263e-07,50.3371,1203.54,-4.31966e-07,56.9776,1513.81,-1.9705e-07,64.494,1903.69,-2.763e-08,73.0018,2393.4,3.9185e-07,82.6317,3008.13,1.35379e-07,93.5318,3779.25,-4.16351e-08,105.869,4745.7,2.06965e-08,119.834,5955.6,-3.18887e-07,135.641,7468.12,-1.48271e-08,153.531,9355.62,2.00739e-07,173.781,11705.8,2.28358e-07,196.701,14624.1,-1.93587e-08,222.642,18235,-2.88101e-07,252.003,22683.4,-2.24732e-07,285.234,28134,8.56806e-09,322.845,34767,2.34258e-07,365.413,42770.9,2.99668e-07,413.588,52327.9,8.28644e-08,468.111,63591.2,-3.07049e-07,529.814,76653.2,-3.1888e-07,599.642,91502.5,-6.72276e-08,678.662,107975,2.26339e-07,768.083,125705,3.69212e-07,869.267,144088,2.04077e-07,983.76,162277,-2.80509e-07,1113.3,179223,-4.22737e-07,1259.87,193777,-1.71951e-07,1425.68,204839,4.55555e-07,11.7194,11.96,12.6541,2.21263,4.16949,0.989383,2.67766,5.84076,0.311842,3.14343,7.55825,0.0972771,3.63127,9.58578,0.0303237,4.15787,12.0912,0.00945211,4.73731,15.2286,0.00294633,5.38238,19.1721,0.000918508,6.10553,24.134,0.000286163,6.91951,30.3791,8.92692e-05,7.83792,38.2397,2.78121e-05,8.87555,48.1338,8.65134e-06,10.0489,60.5876,2.7882e-06,11.3761,76.2629,8.29036e-07,12.8779,95.9927,2.4373e-07,14.5775,120.825,1e-08,16.5012,152.08,1.75749e-07,18.6784,191.415,1e-08,21.1428,240.917,1.91829e-07,23.9322,303.213,1e-08,27.0895,381.602,7.0186e-08,30.6634,480.231,1e-08,34.7087,604.316,2.40784e-07,39.2876,760.401,9.87368e-08,44.4705,956.705,1.22263e-07,50.3371,1203.54,1e-08,56.9776,1513.81,1e-08,64.494,1903.69,1e-08,73.0018,2393.4,3.9185e-07,82.6317,3008.13,1.35379e-07,93.5318,3779.25,1e-08,105.869,4745.7,2.06965e-08,119.834,5955.6,1e-08,135.641,7468.12,1e-08,153.531,9355.62,2.00739e-07,173.781,11705.8,2.28358e-07,196.701,14624.1,1e-08,222.642,18235,1e-08,252.003,22683.4,1e-08,285.234,28134,1e-08,322.845,34767,2.34258e-07,365.413,42770.9,2.99668e-07,413.588,52327.9,8.28644e-08,468.111,63591.2,1e-08,529.814,76653.2,1e-08,599.642,91502.5,1e-08,678.662,107975,2.26339e-07,768.083,125705,3.69212e-07,869.267,144088,2.04077e-07,983.76,162277,1e-08,1113.3,179223,1e-08,1259.87,193777,1e-08,1425.68,204839,4.55555e-07,6.2823,3.27286,2.43537,0.219672,6.18826,2.24117,0.56371,6.87772,2.63624,0.308279,11,6,12,2,6,0,4,4,0,5,8,0,3,5,1,3,6,0,3,13,0,5,30,0,9,20,0,4,17,0,15,41,0,5,57,0,15,68,0,7,63,0,5,63,0,17,128,0,28,110,0,31,306,0,16,194,0,30,168,0,8,225,0,17,724,0,26,394,0,24,254,0,28,979,0,60,1440,0,48,975,0,81,1198,0,76,2459,0,145,4858,0,98,2579,0,68,5076,0,62,5972,0,188,7258,0,210,2113,0,165,9946,0,255,10615,0,315,22336,0,189,30030,0,338,16488,0,250,46361,0,622,42855,0,479,73535,0,437,46391,0,780,51097,0,766,148279,0,402,111166,0,362,161822,0,579,207794,0,637,209647,0,966,127915,0,2041,228048,0,1075,392223,0
-1.05176e+08,1,8.88811e-15,10,1023,0,1.05176e+08,0.528882,1.08665,0.389689,0.145397,0.379329,3.24381,0.161596,0.446195,1.77396,0.159177,1.15e+07,4.49998e+06,6.79999e+06,1.15e+07,4.49997e+06,6.79999e+06,1.15e+07,4.49996e+06,6.79999e+06,1.15e+07,4.49995e+06,6.79999e+06,1.14999e+07,4.49993e+06,6.79999e+06,1.14999e+07,4.49991e+06,6.79999e+06,1.14999e+07,4.49989e+06,6.79999e+06,1.14999e+07,4.49986e+06,6.79999e+06,1.14999e+07,4.49982e+06,6.79999e+06,1.14999e+07,4.49977e+06,6.79999e+06,1.14999e+07,4.49971e+06,6.79999e+06,1.14999e+07,4.49963e+06,6.79999e+06,1.14998e+07,4.49953e+06,6.79999e+06,1.14998e+07,4.49941e+06,6.79999e+06,1.14998e+07,4.49926e+06,6.79999e+06,1.14998e+07,4.49906e+06,6.79999e+06,1.14997e+07,4.49882e+06,6.79999e+06,1.14997e+07,4.49851e+06,6.79999e+06,1.14997e+07,4.49812e+06,6.79999e+06,1.14996e+07,4.49764e+06,6.79999e+06,1.14996e+07,4.49702e+06,6.79999e+06,1.14995e+07,4.49625e+06,6.79999e+06,1.14995e+07,4.49528e+06,6.79999e+06,1.14994e+07,4.49406e+06,6.79999e+06,1.14993e+07,4.49253e+06,6.79999e+06,1.14992e+07,4.49059e+06,6.79999e+06,1.14991e+07,4.48817e+06,6.79999e+06,1.1499e+07,4.48511e+06,6.79999e+06,1.14988e+07,4.48128e+06,6.79999e+06,1.14987e+07,4.47646e+06,6.79999e+06,1.14985e+07,4.47041e+06,6.79999e+06,1.14983e+07,4.46281e+06,6.79999e+06,1.14981e+07,4.4533e+06,6.79999e+06,1.14979e+07,4.44138e+06,6.79999e+06,1.14976e+07,4.42649e+06,6.79999e+06,1.14972e+07,4.40789e+06,6.79999e+06,1.14969e+07,4.38471e+06,6.79999e+06,1.14965e+07,4.35592e+06,6.79999e+06,1.1496e+07,4.32027e+06,6.79999e+06,1.14955e+07,4.27629e+06,6.79999e+06,1.14949e+07,4.22231e+06,6.79999e+06,1.14942e+07,4.15647e+06,6.79999e+06,1.14934e+07,4.07676e+06,6.79999e+06,1.14926e+07,3.98112e+06,6.79999e+06,1.14916e+07,3.86765e+06,6.79999e+06,1.14905e+07,3.73474e+06,6.79999e+06,1.14892e+07,3.58148e+06,6.79999e+06,1.14878e+07,3.40785e+06,6.79999e+06,1.14862e+07,3.21513e+06,6.79999e+06,1.14844e+07,3.00605e+06,6.79999e+06,1.14823e+07,2.7848e+06,6.79999e+06,1.148e+07,2.5568e+06,6.79999e+06,1.14773e+07,2.32825e+06,6.79999e+06,13.5742,8.52444,0.508366,16.8306,13.2585,0.162638,20.0035,17.569,0.0507846,23.2616,22.4214,0.0158319,26.7328,28.3297,0.00493498,30.5212,35.6974,0.00153831,34.7178,44.9473,0.000479527,39.4086,56.5822,0.000149456,44.6796,71.2245,4.66214e-05,50.6209,89.6543,1.45419e-05,57.3297,112.852,4.54748e-06,64.9129,142.051,1.43857e-06,73.4897,178.803,4.36618e-07,83.1934,225.062,1.40153e-07,94.1745,283.286,4.96378e-08,106.602,356.568,1.05434e-07,120.669,448.799,-6.49244e-08,136.59,564.873,1.70148e-07,154.611,710.948,-5.34594e-08,175.008,894.767,1.63407e-07,198.097,1126.06,8.04804e-08,224.231,1417.07,1.14667e-07,253.813,1783.15,-1.71227e-07,287.297,2243.62,-2.88466e-07,325.198,2822.67,-4.33651e-07,368.098,3550.67,7.9318e-08,416.657,4465.65,3.13319e-07,471.621,5615.16,3.4613e-07,533.835,7058.61,-1.19199e-07,604.255,8870.02,-2.79964e-07,683.962,11141.4,-2.30521e-07,774.182,13986.7,-2.55099e-07,876.299,17546.4,1.23585e-07,991.883,21993.1,1.41192e-07,1122.71,27536.7,-9.71886e-08,1270.78,34430.7,-3.68368e-07,1438.38,42977.7,-3.45379e-07,1628.07,53532.7,-3.25328e-09,1842.77,66504.6,2.6362e-07,2085.77,82350.2,2.53445e-07,2360.79,101560,-2.47407e-08,2672.05,124632,-3.80602e-07,3024.31,152018,-4.79005e-07,3422.98,184060,-1.14379e-07,3874.15,220884,2.64297e-07,4384.72,262283,3.44131e-07,4962.49,307576,7.5349e-08,5616.29,355497,-3.63097e-07,6356.1,404126,-6.05442e-07,7193.18,450932,-2.72333e-07,8140.28,492963,2.29675e-07,9211.79,527178,4.3387e-07,10424,550893,-1.0711e-07,10.102,8.06553,2.81012,10.6436,8.57909,0.869423,11.5336,10.2515,0.270869,12.7211,12.7138,0.0844293,14.1823,15.9373,0.0263173,15.9122,20.0383,0.0082035,17.9198,25.2154,0.00255722,20.2244,31.7373,0.000797017,22.8539,39.9486,0.000248622,25.8438,50.2851,7.75492e-05,29.237,63.2963,2.42508e-05,33.0837,79.6738,7.67162e-06,37.4415,100.288,2.32837e-06,42.3767,126.236,7.33e-07,47.9646,158.896,2.79256e-07,54.2906,200.003,9.87351e-09,61.452,251.741,1.61085e-07,69.5585,316.859,-2.47141e-07,78.7347,398.812,8.93552e-08,89.1218,501.948,-2.53231e-07,100.879,631.736,-1.25047e-07,114.188,795.049,-1.78808e-07,129.252,1000.53,2.6733e-07,146.304,1259.03,4.50292e-07,165.605,1584.19,6.76904e-07,187.452,1993.12,-1.23808e-07,212.181,2507.27,-4.89068e-07,240.173,3153.54,-5.40284e-07,271.856,3965.56,1.86061e-07,307.719,4985.38,4.37004e-07,348.313,6265.4,3.59828e-07,394.26,7870.83,3.98192e-07,446.268,9882.51,-1.92908e-07,505.135,12400.3,-2.20392e-07,571.766,15546.9,1.51705e-07,647.184,19472.2,5.74996e-07,732.547,24357.4,5.39112e-07,829.167,30420,5.07815e-09,938.526,37916.3,-4.11492e-07,1062.3,47143.9,-3.9561e-07,1202.4,58439.2,3.86185e-08,1360.96,72169.3,5.94093e-07,1540.42,88715.8,7.47693e-07,1743.53,108445,1.78537e-07,1973.41,131665,-4.12549e-07,2233.57,158557,-5.37164e-07,2528,189103,-1.17615e-07,2861.2,222986,5.66769e-07,3238.27,259510,9.45053e-07,3664.97,297540,4.25093e-07,4147.81,335497,-3.58506e-07,4694.17,371444,-6.7724e-07,5312.37,403256,1.67192e-07,1.61744,3.89446,9.84394,3.28846,7.5504,12.774,5.07607,11.7187,13.6844,7.03202,16.8147,13.9681,9.20215,23.1769,14.0566,11.6301,31.1672,14.0841,14.3598,41.2186,14.0927,17.4376,53.8688,14.0954,20.9137,69.7915,14.0962,24.8432,89.8341,14.0965,29.2879,115.063,14.0966,34.3168,146.819,14.0966,40.0078,186.792,14.0966,46.4487,237.107,14.0966,53.7388,300.44,14.0966,61.9903,380.158,14.0966,71.3301,480.499,14.0966,81.902,606.796,14.0966,93.8685,765.761,14.0966,107.414,965.837,14.0966,122.746,1217.65,14.0966,140.101,1534.57,14.0966,159.745,1933.41,14.0966,181.981,2435.3,14.0966,207.15,3066.85,14.0966,235.64,3861.46,14.0966,267.889,4861.11,14.0966,304.391,6118.54,14.0966,345.709,7699.91,14.0966,392.478,9688.22,14.0966,445.417,12187.5,14.0966,505.339,15327.7,14.0966,573.165,19271.6,14.0966,649.938,24222,14.0966,736.839,30430.9,14.0966,835.202,38211.5,14.0966,946.539,47950.3,14.0966,1072.56,60122.8,14.0966,1215.21,75309.9,14.0966,1376.66,94216.2,14.0966,1559.41,117688,14.0966,1766.26,146729,14.0966,2000.39,182510,14.0966,2265.39,226372,14.0966,2565.33,279806,14.0966,2904.81,344416,14.0966,3289.05,421845,14.0966,3723.93,513667,14.0966,4216.13,621231,14.0966,4773.18,745478,14.0966,5403.64,886744,14.0966,6117.15,1.04457e+06,14.0966,6924.63,1.2176e+06,14.0966,11.7194,11.96,12.6541,13.9321,16.1295,13.6434,16.6097,21.9702,13.9553,19.7532,29.5285,14.0526,23.3844,39.1143,14.0829,27.5423,51.2054,14.0923,32.2796,66.434,14.0953,37.662,85.6061,14.0962,43.7675,109.74,14.0965,50.687,140.119,14.0966,58.5249,178.359,14.0966,67.4005,226.493,14.0966,77.4493,287.08,14.0966,88.8254,363.343,14.0966,101.703,459.336,14.0966,116.281,580.161,14.0966,132.782,732.241,14.0966,151.46,923.655,14.0966,172.603,1164.57,14.0966,196.535,1467.79,14.0966,223.625,1849.39,14.0966,254.288,2329.62,14.0966,288.997,2933.93,14.0966,328.285,3694.33,14.0966,372.755,4651.04,14.0966,423.092,5854.57,14.0966,480.07,7368.38,14.0966,544.564,9272.08,14.0966,617.566,11665.5,14.0966,700.197,14673.6,14.0966,793.729,18452.9,14.0966,899.599,23198.6,14.0966,1019.43,29154.1,14.0966,1155.07,36622.3,14.0966,1308.6,45977.9,14.0966,1482.39,57683.7,14.0966,1679.09,72307.8,14.0966,1901.73,90542.8,14.0966,2153.73,113226,14.0966,2438.97,141360,14.0966,2761.81,176127,14.0966,3127.22,218898,14.0966,3540.81,271226,14.0966,4008.92,334817,14.0966,4538.74,411470,14.0966,5138.38,502973,14.0966,5817.04,610948,14.0966,6585.12,736653,14.0966,7454.39,880741,14.0966,8438.15,1.04302e+06,14.0966,9551.45,1.22224e+06,14.0966,10811.3,1.41602e+06,14.0966,12237,1.62086e+06,14.0966,11.7194,11.96,12.6541,2.21263,4.16949,0.989383,2.67766,5.84076,0.311842,3.14343,7.55825,0.0972771,3.63127,9.58578,0.0303237,4.15787,12.0912,0.00945211,4.73731,15.2286,0.00294633,5.38238,19.1721,0.000918508,6.10553,24.134,0.000286163,6.91951,30.3791,8.92692e-05,7.83792,38.2397,2.78121e-05,8.87555,48.1338,8.65134e-06,10.0489,60.5876,2.7882e-06,11.3761,76.2629,8.29036e-07,12.8779,95.9927,2.4373e-07,14.5775,120.825,4.33068e-09,16.5012,152.08,1.75749e-07,18.6784,191.415,-1.86328e-07,21.1428,240.917,1.91829e-07,23.9322,303.213,-1.81475e-07,27.0895,381.602,7.0186e-08,30.6634,480.231,-2.86769e-08,34.7087,604.316,2.40784e-07,39.2876,760.401,9.87368e-08,44.4705,956.705,1.22263e-07,50.3371,1203.54,-4.31966e-07,56.9776,1513.81,-1.9705e-07,64.494,1903.69,-2.763e-08,73.0018,2393.4,3.9185e-07,82.6317,3008.13,1.35379e-07,93.5318,3779.25,-4.16351e-08,105.869,4745.7,2.06965e-08,119.834,5955.6,-3.18887e-07,135.641,7468.12,-1.48271e-08,153.531,9355.62,2.00739e-07,173.781,11705.8,2.28358e-07,196.701,14624.1,-1.93587e-08,222.642,18235,-2.88101e-07,252.003,22683.4,-2.24732e-07,285.234,28134,8.56806e-09,322.845,34767,2.34258e-07,365.413,42770.9,2.99668e-07,413.588,52327.9,8.28644e-08,468.111,63591.2,-3.07049e-07,529.814,76653.2,-3.1888e-07,599.642,91502.5,-6.72276e-08,678.662,107975,2.26339e-07,768.083,125705,3.69212e-07,869.267,144088,2.04077e-07,983.76,162277,-2.80509e-07,1113.3,179223,-4.22737e-07,1259.87,193777,-1.71951e-07,1425.68,204839,4.55555e-07,11.7194,11.96,12.6541,2.21263,4.16949,0.989383,2.67766,5.84076,0.311842,3.14343,7.55825,0.0972771,3.63127,9.58578,0.0303237,4.15787,12.0912,0.00945211,4.73731,15.2286,0.00294633,5.38238,19.1721,0.000918508,6.10553,24.134,0.000286163,6.91951,30.3791,8.92692e-05,7.83792,38.2397,2.78121e-05,8.87555,48.1338,8.65134e-06,10.0489,60.5876,2.7882e-06,11.3761,76.2629,8.29036e-07,12.8779,95.9927,2.4373e-07,14.5775,120.825,1e-08,16.5012,152.08,1.75749e-07,18.6784,191.415,1e-08,21.1428,240.917,1.91829e-07,23.9322,303.213,1e-08,27.0895,381.602,7.0186e-08,30.6634,480.231,1e-08,34.7087,604.316,2.40784e-07,39.2876,760.401,9.87368e-08,44.4705,956.705,1.22263e-07,50.3371,1203.54,1e-08,56.9776,1513.81,1e-08,64.494,1903.69,1e-08,73.0018,2393.4,3.9185e-07,82.6317,3008.13,1.35379e-07,93.5318,3779.25,1e-08,105.869,4745.7,2.06965e-08,119.834,5955.6,1e-08,135.641,7468.12,1e-08,153.531,9355.62,2.00739e-07,173.781,11705.8,2.28358e-07,196.701,14624.1,1e-08,222.642,18235,1e-08,252.003,22683.4,1e-08,285.234,28134,1e-08,322.845,34767,2.34258e-07,365.413,42770.9,2.99668e-07,413.588,52327.9,8.28644e-08,468.111,63591.2,1e-08,529.814,76653.2,1e-08,599.642,91502.5,1e-08,678.662,107975,2.26339e-07,768.083,125705,3.69212e-07,869.267,144088,2.04077e-07,983.76,162277,1e-08,1113.3,179223,1e-08,1259.87,193777,1e-08,1425.68,204839,4.55555e-07,6.2823,3.27286,2.43537,0.219672,6.18826,2.24117,0.56371,6.87772,2.63624,0.308279,4,9,11,0,4,0,1,7,0,1,15,0,5,5,0,2,13,0,3,26,0,4,20,0,20,56,0,9,10,0,21,55,0,8,43,0,8,65,0,15,100,0,15,42,0,16,115,0,32,159,0,15,168,0,30,223,0,13,362,0,12,269,0,17,305,0,19,604,0,34,739,0,86,623,0,56,1197,0,97,1650,0,63,3573,0,118,1750,0,127,2420,0,77,3319,0,38,8001,0,34,3506,0,155,8498,0,95,3861,0,145,11970,0,340,23776,0,259,29211,0,283,29738,0,186,15722,0,237,29657,0,864,38454,0,174,78783,0,463,40292,0,611,43093,0,267,231428,0,659,118013,0,914,86657,0,940,139311,0,449,197230,0,868,201651,0,961,188398,0,791,155056,0
-1.05176e+08,1,8.88811e-15,10,1023,0,1.05176e+08,0.528882,1.08665,0.389689,0.145397,0.379329,3.24381,0.161596,0.446195,1.77396,0.159177,1.15e+07,4.49998e+06,6.79999e+06,1.15e+07,4.49997e+06,6.79999e+06,1.15e+07,4.49996e+06,6.79999e+06,1.15e+07,4.49995e+06,6.79999e+06,1.14999e+07,4.49993e+06,6.79999e+06,1.14999e+07,4.49991e+06,6.79999e+06,1.14999e+07,4.49989e+06,6.79999e+06,1.14999e+07,4.49986e+06,6.79999e+06,1.14999e+07,4.49982e+06,6.79999e+06,1.14999e+07,4.49977e+06,6.79999e+06,1.14999e+07,4.49971e+06,6.79999e+06,1.14999e+07,4.49963e+06,6.79999e+06,1.14998e+07,4.49953e+06,6.79999e+06,1.14998e+07,4.49941e+06,6.79999e+06,1.14998e+07,4.49926e+06,6.79999e+06,1.14998e+07,4.49906e+06,6.79999e+06,1.14997e+07,4.49882e+06,6.79999e+06,1.14997e+07,4.49851e+06,6.79999e+06,1.14997e+07,4.49812e+06,6.79999e+06,1.14996e+07,4.49764e+06,6.79999e+06,1.14996e+07,4.49702e+06,6.79999e+06,1.14995e+07,4.49625e+06,6.79999e+06,1.14995e+07,4.49528e+06,6.79999e+06,1.14994e+07,4.49406e+06,6.79999e+06,1.14993e+07,4.49253e+06,6.79999e+06,1.14992e+07,4.49059e+06,6.79999e+06,1.14991e+07,4.48817e+06,6.79999e+06,1.1499e+07,4.48511e+06,6.79999e+06,1.14988e+07,4.48128e+06,6.79999e+06,1.14987e+07,4.47646e+06,6.79999e+06,1.14985e+07,4.47041e+06,6.79999e+06,1.14983e+07,4.46281e+06,6.79999e+06,1.14981e+07,4.4533e+06,6.79999e+06,1.14979e+07,4.44138e+06,6.79999e+06,1.14976e+07,4.42649e+06,6.79999e+06,1.14972e+07,4.40789e+06,6.79999e+06,1.14969e+07,4.38471e+06,6.79999e+06,1.14965e+07,4.35592e+06,6.79999e+06,1.1496e+07,4.32027e+06,6.79999e+06,1.14955e+07,4.27629e+06,6.79999e+06,1.14949e+07,4.22231e+06,6.79999e+06,1.14942e+07,4.15647e+06,6.79999e+06,1.14934e+07,4.07676e+06,6.79999e+06,1.14926e+07,3.98112e+06,6.79999e+06,1.14916e+07,3.86765e+06,6.79999e+06,1.14905e+07,3.73474e+06,6.79999e+06,1.14892e+07,3.58148e+06,6.79999e+06,1.14878e+07,3.40785e+06,6.79999e+06,1.14862e+07,3.21513e+06,6.79999e+06,1.14844e+07,3.00605e+06,6.79999e+06,1.14823e+07,2.7848e+06,6.79999e+06,1.148e+07,2.5568e+06,6.79999e+06,1.14773e+07,2.32825e+06,6.79999e+06,13.5742,8.52444,0.508366,16.8306,13.2585,0.162638,20.0035,17.569,0.0507846,23.2616,22.4214,0.0158319,26.7328,28.3297,0.00493498,30.5212,35.6974,0.00153831,34.7178,44.9473,0.000479527,39.4086,56.5822,0.000149456,44.6796,71.2245,4.66214e-05,50.6209,89.6543,1.45419e-05,57.3297,112.852,4.54748e-06,64.9129,142.051,1.43857e-06,73.4897,178.803,4.36618e-07,83.1934,225.062,1.40153e-07,94.1745,283.286,4.96378e-08,106.602,356.568,1.05434e-07,120.669,448.799,-6.49244e-08,136.59,564.873,1.70148e-07,154.611,710.948,-5.34594e-08,175.008,894.767,1.63407e-07,198.097,1126.06,8.04804e-08,224.231,1417.07,1.14667e-07,253.813,1783.15,-1.71227e-07,287.297,2243.62,-2.88466e-07,325.198,2822.67,-4.33651e-07,368.098,3550.67,7.9318e-08,416.657,4465.65,3.13319e-07,471.621,5615.16,3.4613e-07,533.835,7058.61,-1.19199e-07,604.255,8870.02,-2.79964e-07,683.962,11141.4,-2.30521e-07,774.182,13986.7,-2.55099e-07,876.299,17546.4,1.23585e-07,991.883,21993.1,1.41192e-07,1122.71,27536.7,-9.71886e-08,1270.78,34430.7,-3.68368e-07,1438.38,42977.7,-3.45379e-07,1628.07,53532.7,-3.25328e-09,1842.77,66504.6,2.6362e-07,2085.77,82350.2,2.53445e-07,2360.79,101560,-2.47407e-08,2672.05,124632,-3.80602e-07,3024.31,152018,-4.79005e-07,3422.98,184060,-1.14379e-07,3874.15,220884,2.64297e-07,4384.72,262283,3.44131e-07,4962.49,307576,7.5349e-08,5616.29,355497,-3.63097e-07,6356.1,404126,-6.05442e-07,7193.18,450932,-2.72333e-07,8140.28,492963,2.29675e-07,9211.79,527178,4.3387e-07,10424,550893,-1.0711e-07,10.102,8.06553,2.81012,10.6436,8.57909,0.869423,11.5336,10.2515,0.270869,12.7211,12.7138,0.0844293,14.1823,15.9373,0.0263173,15.9122,20.0383,0.0082035,17.9198,25.2154,0.00255722,20.2244,31.7373,0.000797017,22.8539,39.9486,0.000248622,25.8438,50.2851,7.75492e-05,29.237,63.2963,2.42508e-05,33.0837,79.6738,7.67162e-06,37.4415,100.288,2.32837e-06,42.3767,126.236,7.33e-07,47.9646,158.896,2.79256e-07,54.2906,200.003,9.87351e-09,61.452,251.741,1.61085e-07,69.5585,316.859,-2.47141e-07,78.7347,398.812,8.93552e-08,89.1218,501.948,-2.53231e-07,100.879,631.736,-1.25047e-07,114.188,795.049,-1.78808e-07,129.252,1000.53,2.6733e-07,146.304,1259.03,4.50292e-07,165.605,1584.19,6.76904e-07,187.452,1993.12,-1.23808e-07,212.181,2507.27,-4.89068e-07,240.173,3153.54,-5.40284e-07,271.856,3965.56,1.86061e-07,307.719,4985.38,4.37004e-07,348.313,6265.4,3.59828e-07,394.26,7870.83,3.98192e-07,446.268,9882.51,-1.92908e-07,505.135,12400.3,-2.20392e-07,571.766,15546.9,1.51705e-07,647.184,19472.2,5.74996e-07,732.547,24357.4,5.39112e-07,829.167,30420,5.07815e-09,938.526,37916.3,-4.11492e-07,1062.3,47143.9,-3.9561e-07,1202.4,58439.2,3.86185e-08,1360.96,72169.3,5.94093e-07,1540.42,88715.8,7.47693e-07,1743.53,108445,1.78537e-07,1973.41,131665,-4.12549e-07,2233.57,158557,-5.37164e-07,2528,189103,-1.17615e-07,2861.2,222986,5.66769e-07,3238.27,259510,9.45053e-07,3664.97,297540,4.25093e-07,4147.81,335497,-3.58506e-07,4694.17,371444,-6.7724e-07,5312.37,403256,1.67192e-07,1.61744,3.89446,9.84394,3.28846,7.5504,12.774,5.07607,11.7187,13.6844,7.03202,16.8147,13.9681,9.20215,23.1769,14.0566,11.6301,31.1672,14.0841,14.3598,41.2186,14.0927,17.4376,53.8688,14.0954,20.9137,69.7915,14.0962,24.8432,89.8341,14.0965,29.2879,115.063,14.0966,34.3168,146.819,14.0966,40.0078,186.792,14.0966,46.4487,237.107,14.0966,53.7388,300.44,14.0966,61.9903,380.158,14.0966,71.3301,480.499,14.0966,81.902,606.796,14.0966,93.8685,765.761,14.0966,107.414,965.837,14.0966,122.746,1217.65,14.0966,140.101,1534.57,14.0966,159.745,1933.41,14.0966,181.981,2435.3,14.0966,207.15,3066.85,14.0966,235.64,3861.46,14.0966,267.889,4861.11,14.0966,304.391,6118.54,14.0966,345.709,7699.91,14.0966,392.478,9688.22,14.0966,445.417,12187.5,14.0966,505.339,15327.7,14.0966,573.165,19271.6,14.0966,649.938,24222,14.0966,736.839,30430.9,14.0966,835.202,38211.5,14.0966,946.539,47950.3,14.0966,1072.56,60122.8,14.0966,1215.21,75309.9,14.0966,1376.66,94216.2,14.0966,1559.41,117688,14.0966,1766.26,146729,14.0966,2000.39,182510,14.0966,2265.39,226372,14.0966,2565.33,279806,14.0966,2904.81,344416,14.0966,3289.05,421845,14.0966,3723.93,513667,14.0966,4216.13,621231,14.0966,4773.18,745478,14.0966,5403.64,886744,14.0966,6117.15,1.04457e+06,14.0966,6924.63,1.2176e+06,14.0966,11.7194,11.96,12.6541,13.9321,16.1295,13.6434,16.6097,21.9702,13.9553,19.7532,29.5285,14.0526,23.3844,39.1143,14.0829,27.5423,51.2054,14.0923,32.2796,66.434,14.0953,37.662,85.6061,14.0962,43.7675,109.74,14.0965,50.687,140.119,14.0966,58.5249,178.359,14.0966,67.4005,226.493,14.0966,77.4493,287.08,14.0966,88.8254,363.343,14.0966,101.703,459.336,14.0966,116.281,580.161,14.0966,132.782,732.241,14.0966,151.46,923.655,14.0966,172.603,1164.57,14.0966,196.535,1467.79,14.0966,223.625,1849.39,14.0966,254.288,2329.62,14.0966,288.997,2933.93,14.0966,328.285,3694.33,14.0966,372.755,4651.04,14.0966,423.092,5854.57,14.0966,480.07,7368.38,14.0966,544.564,9272.08,14.0966,617.566,11665.5,14.0966,700.197,14673.6,14.0966,793.729,18452.9,14.0966,899.599,23198.6,14.0966,1019.43,29154.1,14.0966,1155.07,36622.3,14.0966,1308.6,45977.9,14.0966,1482.39,57683.7,14.0966,1679.09,72307.8,14.0966,1901.73,90542.8,14.0966,2153.73,113226,14.0966,2438.97,141360,14.0966,2761.81,176127,14.0966,3127.22,218898,14.0966,3540.81,271226,14.0966,4008.92,334817,14.0966,4538.74,411470,14.0966,5138.38,502973,14.0966,5817.04,610948,14.0966,6585.12,736653,14.0966,7454.39,880741,14.0966,8438.15,1.04302e+06,14.0966,9551.45,1.22224e+06,14.0966,10811.3,1.41602e+06,14.0966,12237,1.62086e+06,14.0966,11.7194,11.96,12.6541,2.21263,4.16949,0.989383,2.67766,5.84076,0.311842,3.14343,7.55825,0.0972771,3.63127,9.58578,0.0303237,4.15787,12.0912,0.00945211,4.73731,15.2286,0.00294633,5.38238,19.1721,0.000918508,6.10553,24.134,0.000286163,6.91951,30.3791,8.92692e-05,7.83792,38.2397,2.78121e-05,8.87555,48.1338,8.65134e-06,10.0489,60.5876,2.7882e-06,11.3761,76.2629,8.29036e-07,12.8779,95.9927,2.4373e-07,14.5775,120.825,4.33068e-09,16.5012,152.08,1.75749e-07,18.6784,191.415,-1.86328e-07,21.1428,240.917,1.91829e-07,23.9322,303.213,-1.81475e-07,27.0895,381.602,7.0186e-08,30.6634,480.231,-2.86769e-08,34.7087,604.316,2.40784e-07,39.2876,760.401,9.87368e-08,44.4705,956.705,1.22263e-07,50.3371,1203.54,-4.31966e-07,56.9776,1513.81,-1.9705e-07,64.494,1903.69,-2.763e-08,73.0018,2393.4,3.9185e-07,82.6317,3008.13,1.35379e-07,93.5318,3779.25,-4.16351e-08,105.869,4745.7,2.06965e-08,119.834,5955.6,-3.18887e-07,135.641,7468.12,-1.48271e-08,153.531,9355.62,2.00739e-07,173.781,11705.8,2.28358e-07,196.701,14624.1,-1.93587e-08,222.642,18235,-2.88101e-07,252.003,22683.4,-2.24732e-07,285.234,28134,8.56806e-09,322.845,34767,2.34258e-07,365.413,42770.9,2.99668e-07,413.588,52327.9,8.28644e-08,468.111,63591.2,-3.07049e-07,529.814,76653.2,-3.1888e-07,599.642,91502.5,-6.72276e-08,678.662,107975,2.26339e-07,768.083,125705,3.69212e-07,869.267,144088,2.04077e-07,983.76,162277,-2.80509e-07,1113.3,179223,-4.22737e-07,1259.87,193777,-1.71951e-07,1425.68,204839,4.55555e-07,11.7194,11.96,12.6541,2.21263,4.16949,0.989383,2.67766,5.84076,0.311842,3.14343,7.55825,0.0972771,3.63127,9.58578,0.0303237,4.15787,12.0912,0.00945211,4.73731,15.2286,0.00294633,5.38238,19.1721,0.000918508,6.10553,24.134,0.000286163,6.91951,30.3791,8.92692e-05,7.83792,38.2397,2.78121e-05,8.87555,48.1338,8.65134e-06,10.0489,60.5876,2.7882e-06,11.3761,76.2629,8.29036e-07,12.8779,95.9927,2.4373e-07,14.5775,120.825,1e-08,16.5012,152.08,1.75749e-07,18.6784,191.415,1e-08,21.1428,240.917,1.91829e-07,23.9322,303.213,1e-08,27.0895,381.602,7.0186e-08,30.6634,480.231,1e-08,34.7087,604.316,2.40784e-07,39.2876,760.401,9.87368e-08,44.4705,956.705,1.22263e-07,50.3371,1203.54,1e-08,56.9776,1513.81,1e-08,64.494,1903.69,1e-08,73.0018,2393.4,3.9185e-07,82.6317,3008.13,1.35379e-07,93.5318,3779.25,1e-08,105.869,4745.7,2.06965e-08,119.834,5955.6,1e-08,135.641,7468.12,1e-08,153.531,9355.62,2.00739e-07,173.781,11705.8,2.28358e-07,196.701,14624.1,1e-08,222.642,18235,1e-08,252.003,22683.4,1e-08,285.234,28134,1e-08,322.845,34767,2.34258e-07,365.413,42770.9,2.99668e-07,413.588,52327.9,8.28644e-08,468.111,63591.2,1e-08,529.814,76653.2,1e-08,599.642,91502.5,1e-08,678.662,107975,2.26339e-07,768.083,125705,3.69212e-07,869.267,144088,2.04077e-07,983.76,162277,1e-08,1113.3,179223,1e-08,1259.87,193777,1e-08,1425.68,204839,4.55555e-07,6.2823,3.27286,2.43537,0.219672,6.18826,2.24117,0.56371,6.87772,2.63624,0.308279,20,17,14,4,6,1,1,4,1,3,2,0,1,7,0,6,15,0,3,10,0,8,18,0,3,45,0,7,19,0,11,29,0,9,53,0,10,37,0,8,83,0,19,104,0,5,157,0,30,186,0,26,199,0,22,455,0,11,169,0,28,240,0,32,421,0,8,650,0,53,440,0,27,622,0,66,579,0,36,1979,0,58,2342,0,52,2549,0,96,2061,0,43,2597,0,94,2918,0,141,7880,0,144,5438,0,94,8089,0,220,6836,0,106,16442,0,160,6603,0,174,15524,0,178,10845,0,246,47063,0,491,34151,0,519,65059,0,414,68989,0,556,35395,0,447,65170,0,1715,86245,0,369,222387,0,925,149213,0,492,121683,0,1276,92382,0,357,213911,0,1428,132181,0
-1.05176e+08,1,8.88811e-15,10,1023,0,1.05176e+08,0.528882,1.08665,0.389689,0.145397,0.379329,3.24381,0.161596,0.446195,1.77396,0.159177,1.15e+07,4.49998e+06,6.79999e+06,1.15e+07,4.49997e+06,6.79999e+06,1.15e+07,4.49996e+06,6.79999e+06,1.15e+07,4.49995e+06,6.79999e+06,1.14999e+07,4.49993e+06,6.79999e+06,1.14999e+07,4.49991e+06,6.79999e+06,1.14999e+07,4.49989e+06,6.79999e+06,1.14999e+07,4.49986e+06,6.79999e+06,1.14999e+07,4.49982e+06,6.79999e+06,1.14999e+07,4.49977e+06,6.79999e+06,1.14999e+07,4.49971e+06,6.79999e+06,1.14999e+07,4.49963e+06,6.79999e+06,1.14998e+07,4.49953e+06,6.79999e+06,1.14998e+07,4.49941e+06,6.79999e+06,1.14998e+07,4.49926e+06,6.79999e+06,1.14998e+07,4.49906e+06,6.79999e+06,1.14997e+07,4.49882e+06,6.79999e+06,1.14997e+07,4.49851e+06,6.79999e+06,1.14997e+07,4.49812e+06,6.79999e+06,1.14996e+07,4.49764e+06,6.79999e+06,1.14996e+07,4.49702e+06,6.79999e+06,1.14995e+07,4.49625e+06,6.79999e+06,1.14995e+07,4.49528e+06,6.79999e+06,1.14994e+07,4.49406e+06,6.79999e+06,1.14993e+07,4.49253e+06,6.79999e+06,1.14992e+07,4.49059e+06,6.79999e+06,1.14991e+07,4.48817e+06,6.79999e+06,1.1499e+07,4.48511e+06,6.79999e+06,1.14988e+07,4.48128e+06,6.79999e+06,1.14987e+07,4.47646e+06,6.79999e+06,1.14985e+07,4.47041e+06,6.79999e+06,1.14983e+07,4.46281e+06,6.79999e+06,1.14981e+07,4.4533e+06,6.79999e+06,1.14979e+07,4.44138e+06,6.79999e+06,1.14976e+07,4.42649e+06,6.79999e+06,1.14972e+07,4.40789e+06,6.79999e+06,1.14969e+07,4.38471e+06,6.79999e+06,1.14965e+07,4.35592e+06,6.79999e+06,1.1496e+07,4.32027e+06,6.79999e+06,1.14955e+07,4.27629e+06,6.79999e+06,1.14949e+07,4.22231e+06,6.79999e+06,1.14942e+07,4.15647e+06,6.79999e+06,1.14934e+07,4.07676e+06,6.79999e+06,1.14926e+07,3.98112e+06,6.79999e+06,1.14916e+07,3.86765e+06,6.79999e+06,1.14905e+07,3.73474e+06,6.79999e+06,1.14892e+07,3.58148e+06,6.79999e+06,1.14878e+07,3.40785e+06,6.79999e+06,1.14862e+07,3.21513e+06,6.79999e+06,1.14844e+07,3.00605e+06,6.79999e+06,1.14823e+07,2.7848e+06,6.79999e+06,1.148e+07,2.5568e+06,6.79999e+06,1.14773e+07,2.32825e+06,6.79999e+06,13.5742,8.52444,0.508366,16.8306,13.2585,0.162638,20.0035,17.569,0.0507846,23.2616,22.4214,0.0158319,26.7328,28.3297,0.00493498,30.5212,35.6974,0.00153831,34.7178,44.9473,0.000479527,39.4086,56.5822,0.000149456,44.6796,71.2245,4.66214e-05,50.6209,89.6543,1.45419e-05,57.3297,112.852,4.54748e-06,64.9129,142.051,1.43857e-06,73.4897,178.803,4.36618e-07,83.1934,225.062,1.40153e-07,94.1745,283.286,4.96378e-08,106.602,356.568,1.05434e-07,120.669,448.799,-6.49244e-08,136.59,564.873,1.70148e-07,154.611,710.948,-5.34594e-08,175.008,894.767,1.63407e-07,198.097,1126.06,8.04804e-08,224.231,1417.07,1.14667e-07,253.813,1783.15,-1.71227e-07,287.297,2243.62,-2.88466e-07,325.198,2822.67,-4.33651e-07,368.098,3550.67,7.9318e-08,416.657,4465.65,3.13319e-07,471.621,5615.16,3.4613e-07,533.835,7058.61,-1.19199e-07,604.255,8870.02,-2.79964e-07,683.962,11141.4,-2.30521e-07,774.182,13986.7,-2.55099e-07,876.299,17546.4,1.23585e-07,991.883,21993.1,1.41192e-07,1122.71,27536.7,-9.71886e-08,1270.78,34430.7,-3.68368e-07,1438.38,42977.7,-3.45379e-07,1628.07,53532.7,-3.25328e-09,1842.77,66504.6,2.6362e-07,2085.77,82350.2,2.53445e-07,2360.79,101560,-2.47407e-08,2672.05,124632,-3.80602e-07,3024.31,152018,-4.79005e-07,3422.98,184060,-1.14379e-07,3874.15,220884,2.64297e-07,4384.72,262283,3.44131e-07,4962.49,307576,7.5349e-08,5616.29,355497,-3.63097e-07,6356.1,404126,-6.05442e-07,7193.18,450932,-2.72333e-07,8140.28,492963,2.29675e-07,9211.79,527178,4.3387e-07,10424,550893,-1.0711e-07,10.102,8.06553,2.81012,10.6436,8.57909,0.869423,11.5336,10.2515,0.270869,12.7211,12.7138,0.0844293,14.1823,15.9373,0.0263173,15.9122,20.0383,0.0082035,17.9198,25.2154,0.00255722,20.2244,31.7373,0.000797017,22.8539,39.9486,0.000248622,25.8438,50.2851,7.75492e-05,29.237,63.2963,2.42508e-05,33.0837,79.6738,7.67162e-06,37.4415,100.288,2.32837e-06,42.3767,126.236,7.33e-07,47.9646,158.896,2.79256e-07,54.2906,200.003,9.87351e-09,61.452,251.741,1.61085e-07,69.5585,316.859,-2.47141e-07,78.7347,398.812,8.93552e-08,89.1218,501.948,-2.53231e-07,100.879,631.736,-1.25047e-07,114.188,795.049,-1.78808e-07,129.252,1000.53,2.6733e-07,146.304,1259.03,4.50292e-07,165.605,1584.19,6.76904e-07,187.452,1993.12,-1.23808e-07,212.181,2507.27,-4.89068e-07,240.173,3153.54,-5.40284e-07,271.856,3965.56,1.86061e-07,307.719,4985.38,4.37004e-07,348.313,6265.4,3.59828e-07,394.26,7870.83,3.98192e-07,446.268,9882.51,-1.92908e-07,505.135,12400.3,-2.20392e-07,571.766,15546.9,1.51705e-07,647.184,19472.2,5.74996e-07,732.547,24357.4,5.39112e-07,829.167,30420,5.07815e-09,938.526,37916.3,-4.11492e-07,1062.3,47143.9,-3.9561e-07,1202.4,58439.2,3.86185e-08,1360.96,72169.3,5.94093e-07,1540.42,88715.8,7.47693e-07,1743.53,108445,1.78537e-07,1973.41,131665,-4.12549e-07,2233.57,158557,-5.37164e-07,2528,189103,-1.17615e-07,2861.2,222986,5.66769e-07,3238.27,259510,9.45053e-07,3664.97,297540,4.25093e-07,4147.81,335497,-3.58506e-07,4694.17,371444,-6.7724e-07,5312.37,403256,1.67192e-07,1.61744,3.89446,9.84394,3.28846,7.5504,12.774,5.07607,11.7187,13.6844,7.03202,16.8147,13.9681,9.20215,23.1769,14.0566,11.6301,31.1672,14.0841,14.3598,41.2186,14.0927,17.4376,53.8688,14.0954,20.9137,69.7915,14.0962,24.8432,89.8341,14.0965,29.2879,115.063,14.0966,34.3168,146.819,14.0966,40.0078,186.792,14.0966,46.4487,237.107,14.0966,53.7388,300.44,14.0966,61.9903,380.158,14.0966,71.3301,480.499,14.0966,81.902,606.796,14.0966,93.8685,765.761,14.0966,107.414,965.837,14.0966,122.746,1217.65,14.0966,140.101,1534.57,14.0966,159.745,1933.41,14.0966,181.981,2435.3,14.0966,207.15,3066.85,14.0966,235.64,3861.46,14.0966,267.889,4861.11,14.0966,304.391,6118.54,14.0966,345.709,7699.91,14.0966,392.478,9688.22,14.0966,445.417,12187.5,14.0966,505.339,15327.7,14.0966,573.165,19271.6,14.0966,649.938,24222,14.0966,736.839,30430.9,14.0966,835.202,38211.5,14.0966,946.539,47950.3,14.0966,1072.56,60122.8,14.0966,1215.21,75309.9,14.0966,1376.66,94216.2,14.0966,1559.41,117688,14.0966,1766.26,146729,14.0966,2000.39,182510,14.0966,2265.39,226372,14.0966,2565.33,279806,14.0966,2904.81,344416,14.0966,3289.05,421845,14.0966,3723.93,513667,14.0966,4216.13,621231,14.0966,4773.18,745478,14.0966,5403.64,886744,14.0966,6117.15,1.04457e+06,14.0966,6924.63,1.2176e+06,14.0966,11.7194,11.96,12.6541,13.9321,16.1295,13.6434,16.6097,21.9702,13.9553,19.7532,29.5285,14.0526,23.3844,39.1143,14.0829,27.5423,51.2054,14.0923,32.2796,66.434,14.0953,37.662,85.6061,14.0962,43.7675,109.74,14.0965,50.687,140.119,14.0966,58.5249,178.359,14.0966,67.4005,226.493,14.0966,77.4493,287.08,14.0966,88.8254,363.343,14.0966,101.703,459.336,14.0966,116.281,580.161,14.0966,132.782,732.241,14.0966,151.46,923.655,14.0966,172.603,1164.57,14.0966,196.535,1467.79,14.0966,223.625,1849.39,14.0966,254.288,2329.62,14.0966,288.997,2933.93,14.0966,328.285,3694.33,14.0966,372.755,4651.04,14.0966,423.092,5854.57,14.0966,480.07,7368.38,14.0966,544.564,9272.08,14.0966,617.566,11665.5,14.0966,700.197,14673.6,14.0966,793.729,18452.9,14.0966,899.599,23198.6,14.0966,1019.43,29154.1,14.0966,1155.07,36622.3,14.0966,1308.6,45977.9,14.0966,1482.39,57683.7,14.0966,1679.09,72307.8,14.0966,1901.73,90542.8,14.0966,2153.73,113226,14.0966,2438.97,141360,14.0966,2761.81,176127,14.0966,3127.22,218898,14.0966,3540.81,271226,14.0966,4008.92,334817,14.0966,4538.74,411470,14.0966,5138.38,502973,14.0966,5817.04,610948,14.0966,6585.12,736653,14.0966,7454.39,880741,14.0966,8438.15,1.04302e+06,14.0966,9551.45,1.22224e+06,14.0966,10811.3,1.41602e+06,14.0966,12237,1.62086e+06,14.0966,11.7194,11.96,12.6541,2.21263,4.16949,0.989383,2.67766,5.84076,0.311842,3.14343,7.55825,0.0972771,3.63127,9.58578,0.0303237,4.15787,12.0912,0.00945211,4.73731,15.2286,0.00294633,5.38238,19.1721,0.000918508,6.10553,24.134,0.000286163,6.91951,30.3791,8.92692e-05,7.83792,38.2397,2.78121e-05,8.87555,48.1338,8.65134e-06,10.0489,60.5876,2.7882e-06,11.3761,76.2629,8.29036e-07,12.8779,95.9927,2.4373e-07,14.5775,120.825,4.33068e-09,16.5012,152.08,1.75749e-07,18.6784,191.415,-1.86328e-07,21.1428,240.917,1.91829e-07,23.9322,303.213,-1.81475e-07,27.0895,381.602,7.0186e-08,30.6634,480.231,-2.86769e-08,34.7087,604.316,2.40784e-07,39.2876,760.401,9.87368e-08,44.4705,956.705,1.22263e-07,50.3371,1203.54,-4.31966e-07,56.9776,1513.81,-1.9705e-07,64.494,1903.69,-2.763e-08,73.0018,2393.4,3.9185e-07,82.6317,3008.13,1.35379e-07,93.5318,3779.25,-4.16351e-08,105.869,4745.7,2.06965e-08,119.834,5955.6,-3.18887e-07,135.641,7468.12,-1.48271e-08,153.531,9355.62,2.00739e-07,173.781,11705.8,2.28358e-07,196.701,14624.1,-1.93587e-08,222.642,18235,-2.88101e-07,252.003,22683.4,-2.24732e-07,285.234,28134,8.56806e-09,322.845,34767,2.34258e-07,365.413,42770.9,2.99668e-07,413.588,52327.9,8.28644e-08,468.111,63591.2,-3.07049e-07,529.814,76653.2,-3.1888e-07,599.642,91502.5,-6.72276e-08,678.662,107975,2.26339e-07,768.083,125705,3.69212e-07,869.267,144088,2.04077e-07,983.76,162277,-2.80509e-07,1113.3,179223,-4.22737e-07,1259.87,193777,-1.71951e-07,1425.68,204839,4.55555e-07,11.7194,11.96,12.6541,2.21263,4.16949,0.989383,2.67766,5.84076,0.311842,3.14343,7.55825,0.0972771,3.63127,9.58578,0.0303237,4.15787,12.0912,0.00945211,4.73731,15.2286,0.00294633,5.38238,19.1721,0.000918508,6.10553,24.134,0.000286163,6.91951,30.3791,8.92692e-05,7.83792,38.2397,2.78121e-05,8.87555,48.1338,8.65134e-06,10.0489,60.5876,2.7882e-06,11.3761,76.2629,8.29036e-07,12.8779,95.9927,2.4373e-07,14.5775,120.825,1e-08,16.5012,152.08,1.75749e-07,18.6784,191.415,1e-08,21.1428,240.917,1.91829e-07,23.9322,303.213,1e-08,27.0895,381.602,7.0186e-08,30.6634,480.231,1e-08,34.7087,604.316,2.40784e-07,39.2876,760.401,9.87368e-08,44.4705,956.705,1.22263e-07,50.3371,1203.54,1e-08,56.9776,1513.81,1e-08,64.494,1903.69,1e-08,73.0018,2393.4,3.9185e-07,82.6317,3008.13,1.35379e-07,93.5318,3779.25,1e-08,105.869,4745.7,2.06965e-08,119.834,5955.6,1e-08,135.641,7468.12,1e-08,153.531,9355.62,2.00739e-07,173.781,11705.8,2.28358e-07,196.701,14624.1,1e-08,222.642,18235,1e-08,252.003,22683.4,1e-08,285.234,28134,1e-08,322.845,34767,2.34258e-07,365.413,42770.9,2.99668e-07,413.588,52327.9,8.28644e-08,468.111,63591.2,1e-08,529.814,76653.2,1e-08,599.642,91502.5,1e-08,678.662,107975,2.26339e-07,768.083,125705,3.69212e-07,869.267,144088,2.04077e-07,983.76,162277,1e-08,1113.3,179223,1e-08,1259.87,193777,1e-08,1425.68,204839,4.55555e-07,6.2823,3.27286,2.43537,0.219672,6.18826,2.24117,0.56371,6.87772,2.63624,0.308279,7,13,12,1,8,0,5,4,0,4,12,1,3,16,0,4,21,0,3,13,0,10,18,0,5,31,0,2,24,0,10,26,0,13,27,0,6,72,0,18,64,0,11,132,0,17,135,0,14,133,0,10,281,0,22,184,0,20,437,0,16,459,0,21,498,0,30,665,0,34,617,0,43,543,0,20,518,0,43,874,0,87,1131,0,45,1571,0,128,2693,0,65,4011,0,47,4193,0,122,7958,0,102,7020,0,109,16595,0,185,13893,0,190,11692,0,276,9735,0,258,26875,0,276,31708,0,274,22247,0,340,35402,0,264,37621,0,256,130682,0,451,77710,0,1005,52161,0,723,187601,0,773,84995,0,1224,50460,0,715,177956,0,440,168434,0,1767,365678,0,1338,157506,0
-1.05176e+08,1,8.88811e-15,10,1023,0,1.05176e+08,0.528882,1.08665,0.389689,0.145397,0.379329,3.24381,0.161596,0.446195,1.77396,0.159177,1.15e+07,4.49998e+06,6.79999e+06,1.15e+07,4.49997e+06,6.79999e+06,1.15e+07,4.49996e+06,6.79999e+06,1.15e+07,4.49995e+06,6.79999e+06,1.14999e+07,4.49993e+06,6.79999e+06,1.14999e+07,4.49991e+06,6.79999e+06,1.14999e+07,4.49989e+06,6.79999e+06,1.14999e+07,4.49986e+06,6.79999e+06,1.14999e+07,4.49982e+06,6.79999e+06,1.14999e+07,4.49977e+06,6.79999e+06,1.14999e+07,4.49971e+06,6.79999e+06,1.14999e+07,4.49963e+06,6.79999e+06,1.14998e+07,4.49953e+06,6.79999e+06,1.14998e+07,4.49941e+06,6.79999e+06,1.14998e+07,4.49926e+06,6.79999e+06,1.14998e+07,4.49906e+06,6.79999e+06,1.14997e+07,4.49882e+06,6.79999e+06,1.14997e+07,4.49851e+06,6.79999e+06,1.14997e+07,4.49812e+06,6.79999e+06,1.14996e+07,4.49764e+06,6.79999e+06,1.14996e+07,4.49702e+06,6.79999e+06,1.14995e+07,4.49625e+06,6.79999e+06,1.14995e+07,4.49528e+06,6.79999e+06,1.14994e+07,4.49406e+06,6.79999e+06,1.14993e+07,4.49253e+06,6.79999e+06,1.14992e+07,4.49059e+06,6.79999e+06,1.14991e+07,4.48817e+06,6.79999e+06,1.1499e+07,4.48511e+06,6.79999e+06,1.14988e+07,4.48128e+06,6.79999e+06,1.14987e+07,4.47646e+06,6.79999e+06,1.14985e+07,4.47041e+06,6.79999e+06,1.14983e+07,4.46281e+06,6.79999e+06,1.14981e+07,4.4533e+06,6.79999e+06,1.14979e+07,4.44138e+06,6.79999e+06,1.14976e+07,4.42649e+06,6.79999e+06,1.14972e+07,4.40789e+06,6.79999e+06,1.14969e+07,4.38471e+06,6.79999e+06,1.14965e+07,4.35592e+06,6.79999e+06,1.1496e+07,4.32027e+06,6.79999e+06,1.14955e+07,4.27629e+06,6.79999e+06,1.14949e+07,4.22231e+06,6.79999e+06,1.14942e+07,4.15647e+06,6.79999e+06,1.14934e+07,4.07676e+06,6.79999e+06,1.14926e+07,3.98112e+06,6.79999e+06,1.14916e+07,3.86765e+06,6.79999e+06,1.14905e+07,3.73474e+06,6.79999e+06,1.14892e+07,3.58148e+06,6.79999e+06,1.14878e+07,3.40785e+06,6.79999e+06,1.14862e+07,3.21513e+06,6.79999e+06,1.14844e+07,3.00605e+06,6.79999e+06,1.14823e+07,2.7848e+06,6.79999e+06,1.148e+07,2.5568e+06,6.79999e+06,1.14773e+07,2.32825e+06,6.79999e+06,13.5742,8.52444,0.508366,16.8306,13.2585,0.162638,20.0035,17.569,0.0507846,23.2616,22.4214,0.0158319,26.7328,28.3297,0.00493498,30.5212,35.6974,0.00153831,34.7178,44.9473,0.000479527,39.4086,56.5822,0.000149456,44.6796,71.2245,4.66214e-05,50.6209,89.6543,1.45419e-05,57.3297,112.852,4.54748e-06,64.9129,142.051,1.43857e-06,73.4897,178.803,4.36618e-07,83.1934,225.062,1.40153e-07,94.1745,283.286,4.96378e-08,106.602,356.568,1.05434e-07,120.669,448.799,-6.49244e-08,136.59,564.873,1.70148e-07,154.611,710.948,-5.34594e-08,175.008,894.767,1.63407e-07,198.097,1126.06,8.04804e-08,224.231,1417.07,1.14667e-07,253.813,1783.15,-1.71227e-07,287.297,2243.62,-2.88466e-07,325.198,2822.67,-4.33651e-07,368.098,3550.67,7.9318e-08,416.657,4465.65,3.13319e-07,471.621,5615.16,3.4613e-07,533.835,7058.61,-1.19199e-07,604.255,8870.02,-2.79964e-07,683.962,11141.4,-2.30521e-07,774.182,13986.7,-2.55099e-07,876.299,17546.4,1.23585e-07,991.883,21993.1,1.41192e-07,1122.71,27536.7,-9.71886e-08,1270.78,34430.7,-3.68368e-07,1438.38,42977.7,-3.45379e-07,1628.07,53532.7,-3.25328e-09,1842.77,66504.6,2.6362e-07,2085.77,82350.2,2.53445e-07,2360.79,101560,-2.47407e-08,2672.05,124632,-3.80602e-07,3024.31,152018,-4.79005e-07,3422.98,184060,-1.14379e-07,3874.15,220884,2.64297e-07,4384.72,262283,3.44131e-07,4962.49,307576,7.5349e-08,5616.29,355497,-3.63097e-07,6356.1,404126,-6.05442e-07,7193.18,450932,-2.72333e-07,8140.28,492963,2.29675e-07,9211.79,527178,4.3387e-07,10424,550893,-1.0711e-07,10.102,8.06553,2.81012,10.6436,8.57909,0.869423,11.5336,10.2515,0.270869,12.7211,12.7138,0.0844293,14.1823,15.9373,0.0263173,15.9122,20.0383,0.0082035,17.9198,25.2154,0.00255722,20.2244,31.7373,0.000797017,22.8539,39.9486,0.000248622,25.8438,50.2851,7.75492e-05,29.237,63.2963,2.42508e-05,33.0837,79.6738,7.67162e-06,37.4415,100.288,2.32837e-06,42.3767,126.236,7.33e-07,47.9646,158.896,2.79256e-07,54.2906,200.003,9.87351e-09,61.452,251.741,1.61085e-07,69.5585,316.859,-2.47141e-07,78.7347,398.812,8.93552e-08,89.1218,501.948,-2.53231e-07,100.879,631.736,-1.25047e-07,114.188,795.049,-1.78808e-07,129.252,1000.53,2.6733e-07,146.304,1259.03,4.50292e-07,165.605,1584.19,6.76904e-07,187.452,1993.12,-1.23808e-07,212.181,2507.27,-4.89068e-07,240.173,3153.54,-5.40284e-07,271.856,3965.56,1.86061e-07,307.719,4985.38,4.37004e-07,348.313,6265.4,3.59828e-07,394.26,7870.83,3.98192e-07,446.268,9882.51,-1.92908e-07,505.135,12400.3,-2.20392e-07,571.766,15546.9,1.51705e-07,647.184,19472.2,5.74996e-07,732.547,24357.4,5.39112e-07,829.167,30420,5.07815e-09,938.526,37916.3,-4.11492e-07,1062.3,47143.9,-3.9561e-07,1202.4,58439.2,3.86185e-08,1360.96,72169.3,5.94093e-07,1540.42,88715.8,7.47693e-07,1743.53,108445,1.78537e-07,1973.41,131665,-4.12549e-07,2233.57,158557,-5.37164e-07,2528,189103,-1.17615e-07,2861.2,222986,5.66769e-07,3238.27,259510,9.45053e-07,3664.97,297540,4.25093e-07,4147.81,335497,-3.58506e-07,4694.17,371444,-6.7724e-07,5312.37,403256,1.67192e-07,1.61744,3.89446,9.84394,3.28846,7.5504,12.774,5.07607,11.7187,13.6844,7.03202,16.8147,13.9681,9.20215,23.1769,14.0566,11.6301,31.1672,14.0841,14.3598,41.2186,14.0927,17.4376,53.8688,14.0954,20.9137,69.7915,14.0962,24.8432,89.8341,14.0965,29.2879,115.063,14.0966,34.3168,146.819,14.0966,40.0078,186.792,14.0966,46.4487,237.107,14.0966,53.7388,300.44,14.0966,61.9903,380.158,14.0966,71.3301,480.499,14.0966,81.902,606.796,14.0966,93.8685,765.761,14.0966,107.414,965.837,14.0966,122.746,1217.65,14.0966,140.101,1534.57,14.0966,159.745,1933.41,14.0966,181.981,2435.3,14.0966,207.15,3066.85,14.0966,235.64,3861.46,14.0966,267.889,4861.11,14.0966,304.391,6118.54,14.0966,345.709,7699.91,14.0966,392.478,9688.22,14.0966,445.417,12187.5,14.0966,505.339,15327.7,14.0966,573.165,19271.6,14.0966,649.938,24222,14.0966,736.839,30430.9,14.0966,835.202,38211.5,14.0966,946.539,47950.3,14.0966,1072.56,60122.8,14.0966,1215.21,75309.9,14.0966,1376.66,94216.2,14.0966,1559.41,117688,14.0966,1766.26,146729,14.0966,2000.39,182510,14.0966,2265.39,226372,14.0966,2565.33,279806,14.0966,2904.81,344416,14.0966,3289.05,421845,14.0966,3723.93,513667,14.0966,4216.13,621231,14.0966,4773.18,745478,14.0966,5403.64,886744,14.0966,6117.15,1.04457e+06,14.0966,6924.63,1.2176e+06,14.0966,11.7194,11.96,12.6541,13.9321,16.1295,13.6434,16.6097,21.9702,13.9553,19.7532,29.5285,14.0526,23.3844,39.1143,14.0829,27.5423,51.2054,14.0923,32.2796,66.434,14.0953,37.662,85.6061,14.0962,43.7675,109.74,14.0965,50.687,140.119,14.0966,58.5249,178.359,14.0966,67.4005,226.493,14.0966,77.4493,287.08,14.0966,88.8254,363.343,14.0966,101.703,459.336,14.0966,116.281,580.161,14.0966,132.782,732.241,14.0966,151.46,923.655,14.0966,172.603,1164.57,14.0966,196.535,1467.79,14.0966,223.625,1849.39,14.0966,254.288,2329.62,14.0966,288.997,2933.93,14.0966,328.285,3694.33,14.0966,372.755,4651.04,14.0966,423.092,5854.57,14.0966,480.07,7368.38,14.0966,544.564,9272.08,14.0966,617.566,11665.5,14.0966,700.197,14673.6,14.0966,793.729,18452.9,14.0966,899.599,23198.6,14.0966,1019.43,29154.1,14.0966,1155.07,36622.3,14.0966,1308.6,45977.9,14.0966,1482.39,57683.7,14.0966,1679.09,72307.8,14.0966,1901.73,90542.8,14.0966,2153.73,113226,14.0966,2438.97,141360,14.0966,2761.81,176127,14.0966,3127.22,218898,14.0966,3540.81,271226,14.0966,4008.92,334817,14.0966,4538.74,411470,14.0966,5138.38,502973,14.0966,5817.04,610948,14.0966,6585.12,736653,14.0966,7454.39,880741,14.0966,8438.15,1.04302e+06,14.0966,9551.45,1.22224e+06,14.0966,10811.3,1.41602e+06,14.0966,12237,1.62086e+06,14.0966,11.7194,11.96,12.6541,2.21263,4.16949,0.989383,2.67766,5.84076,0.311842,3.14343,7.55825,0.0972771,3.63127,9.58578,0.0303237,4.15787,12.0912,0.00945211,4.73731,15.2286,0.00294633,5.38238,19.1721,0.000918508,6.10553,24.134,0.000286163,6.91951,30.3791,8.92692e-05,7.83792,38.2397,2.78121e-05,8.87555,48.1338,8.65134e-06,10.0489,60.5876,2.7882e-06,11.3761,76.2629,8.29036e-07,12.8779,95.9927,2.4373e-07,14.5775,120.825,4.33068e-09,16.5012,152.08,1.75749e-07,18.6784,191.415,-1.86328e-07,21.1428,240.917,1.91829e-07,23.9322,303.213,-1.81475e-07,27.0895,381.602,7.0186e-08,30.6634,480.231,-2.86769e-08,34.7087,604.316,2.40784e-07,39.2876,760.401,9.87368e-08,44.4705,956.705,1.22263e-07,50.3371,1203.54,-4.31966e-07,56.9776,1513.81,-1.9705e-07,64.494,1903.69,-2.763e-08,73.0018,2393.4,3.9185e-07,82.6317,3008.13,1.35379e-07,93.5318,3779.25,-4.16351e-08,105.869,4745.7,2.06965e-08,119.834,5955.6,-3.18887e-07,135.641,7468.12,-1.48271e-08,153.531,9355.62,2.00739e-07,173.781,11705.8,2.28358e-07,196.701,14624.1,-1.93587e-08,222.642,18235,-2.88101e-07,252.003,22683.4,-2.24732e-07,285.234,28134,8.56806e-09,322.845,34767,2.34258e-07,365.413,42770.9,2.99668e-07,413.588,52327.9,8.28644e-08,468.111,63591.2,-3.07049e-07,529.814,76653.2,-3.1888e-07,599.642,91502.5,-6.72276e-08,678.662,107975,2.26339e-07,768.083,125705,3.69212e-07,869.267,144088,2.04077e-07,983.76,162277,-2.80509e-07,1113.3,179223,-4.22737e-07,1259.87,193777,-1.71951e-07,1425.68,204839,4.55555e-07,11.7194,11.96,12.6541,2.21263,4.16949,0.989383,2.67766,5.84076,0.311842,3.14343,7.55825,0.0972771,3.63127,9.58578,0.0303237,4.15787,12.0912,0.00945211,4.73731,15.2286,0.00294633,5.38238,19.1721,0.000918508,6.10553,24.134,0.000286163,6.91951,30.3791,8.92692e-05,7.83792,38.2397,2.78121e-05,8.87555,48.1338,8.65134e-06,10.0489,60.5876,2.7882e-06,11.3761,76.2629,8.29036e-07,12.8779,95.9927,2.4373e-07,14.5775,120.825,1e-08,16.5012,152.08,1.75749e-07,18.6784,191.415,1e-08,21.1428,240.917,1.91829e-07,23.9322,303.213,1e-08,27.0895,381.602,7.0186e-08,30.6634,480.231,1e-08,34.7087,604.316,2.40784e-07,39.2876,760.401,9.87368e-08,44.4705,956.705,1.22263e-07,50.3371,1203.54,1e-08,56.9776,1513.81,1e-08,64.494,1903.69,1e-08,73.0018,2393.4,3.9185e-07,82.6317,3008.13,1.35379e-07,93.5318,3779.25,1e-08,105.869,4745.7,2.06965e-08,119.834,5955.6,1e-08,135.641,7468.12,1e-08,153.531,9355.62,2.00739e-07,173.781,11705.8,2.28358e-07,196.701,14624.1,1e-08,222.642,18235,1e-08,252.003,22683.4,1e-08,285.234,28134,1e-08,322.845,34767,2.34258e-07,365.413,42770.9,2.99668e-07,413.588,52327.9,8.28644e-08,468.111,63591.2,1e-08,529.814,76653.2,1e-08,599.642,91502.5,1e-08,678.662,107975,2.26339e-07,768.083,125705,3.69212e-07,869.267,144088,2.04077e-07,983.76,162277,1e-08,1113.3,179223,1e-08,1259.87,193777,1e-08,1425.68,204839,4.55555e-07,6.2823,3.27286,2.43537,0.219672,6.18826,2.24117,0.56371,6.87772,2.63624,0.308279,17,14,18,2,5,0,1,11,1,0,17,0,5,4,0,5,12,0,0,20,0,3,15,0,2,33,0,7,29,0,3,21,0,21,61,0,9,33,0,12,56,0,3,69,0,20,232,0,11,295,0,21,91,0,19,73,0,29,329,0,15,275,0,43,254,0,37,413,0,15,1039,0,37,685,0,59,1391,0,56,1914,0,41,3181,0,50,1512,0,80,2731,0,90,4305,0,113,7571,0,107,5836,0,115,12106,0,122,5261,0,131,14915,0,236,10784,0,112,21348,0,432,18220,0,350,35438,0,233,36180,0,289,40953,0,203,83884,0,935,53554,0,219,41826,0,652,94446,0,611,208963,0,275,94574,0,630,126166,0,973,205770,0,1602,91970,0,479,196038,0,1124,130489,0
-1.05176e+08,1,8.88811e-15,10,1023,0,1.05176e+08,0.528882,1.08665,0.389689,0.145397,0.379329,3.24381,0.161596,0.446195,1.77396,0.159177,1.15e+07,4.49998e+06,6.79999e+06,1.15e+07,4.49997e+06,6.79999e+06,1.15e+07,4.49996e+06,6.79999e+06,1.15e+07,4.49995e+06,6.79999e+06,1.14999e+07,4.49993e+06,6.79999e+06,1.14999e+07,4.49991e+06,6.79999e+06,1.14999e+07,4.49989e+06,6.79999e+06,1.14999e+07,4.49986e+06,6.79999e+06,1.14999e+07,4.49982e+06,6.79999e+06,1.14999e+07,4.49977e+06,6.79999e+06,1.14999e+07,4.49971e+06,6.79999e+06,1.14999e+07,4.49963e+06,6.79999e+06,1.14998e+07,4.49953e+06,6.79999e+06,1.14998e+07,4.49941e+06,6.79999e+06,1.14998e+07,4.49926e+06,6.79999e+06,1.14998e+07,4.49906e+06,6.79999e+06,1.14997e+07,4.49882e+06,6.79999e+06,1.14997e+07,4.49851e+06,6.79999e+06,1.14997e+07,4.49812e+06,6.79999e+06,1.14996e+07,4.49764e+06,6.79999e+06,1.14996e+07,4.49702e+06,6.79999e+06,1.14995e+07,4.49625e+06,6.79999e+06,1.14995e+07,4.49528e+06,6.79999e+06,1.14994e+07,4.49406e+06,6.79999e+06,1.14993e+07,4.49253e+06,6.79999e+06,1.14992e+07,4.49059e+06,6.79999e+06,1.14991e+07,4.48817e+06,6.79999e+06,1.1499e+07,4.48511e+06,6.79999e+06,1.14988e+07,4.48128e+06,6.79999e+06,1.14987e+07,4.47646e+06,6.79999e+06,1.14985e+07,4.47041e+06,6.79999e+06,1.14983e+07,4.46281e+06,6.79999e+06,1.14981e+07,4.4533e+06,6.79999e+06,1.14979e+07,4.44138e+06,6.79999e+06,1.14976e+07,4.42649e+06,6.79999e+06,1.14972e+07,4.40789e+06,6.79999e+06,1.14969e+07,4.38471e+06,6.79999e+06,1.14965e+07,4.35592e+06,6.79999e+06,1.1496e+07,4.32027e+06,6.79999e+06,1.14955e+07,4.27629e+06,6.79999e+06,1.14949e+07,4.22231e+06,6.79999e+06,1.14942e+07,4.15647e+06,6.79999e+06,1.14934e+07,4.07676e+06,6.79999e+06,1.14926e+07,3.98112e+06,6.79999e+06,1.14916e+07,3.86765e+06,6.79999e+06,1.14905e+07,3.73474e+06,6.79999e+06,1.14892e+07,3.58148e+06,6.79999e+06,1.14878e+07,3.40785e+06,6.79999e+06,1.14862e+07,3.21513e+06,6.79999e+06,1.14844e+07,3.00605e+06,6.79999e+06,1.14823e+07,2.7848e+06,6.79999e+06,1.148e+07,2.5568e+06,6.79999e+06,1.14773e+07,2.32825e+06,6.79999e+06,13.5742,8.52444,0.508366,16.8306,13.2585,0.162638,20.0035,17.569,0.0507846,23.2616,22.4214,0.0158319,26.7328,28.3297,0.00493498,30.5212,35.6974,0.00153831,34.7178,44.9473,0.000479527,39.4086,56.5822,0.000149456,44.6796,71.2245,4.66214e-05,50.6209,89.6543,1.45419e-05,57.3297,112.852,4.54748e-06,64.9129,142.051,1.43857e-06,73.4897,178.803,4.36618e-07,83.1934,225.062,1.40153e-07,94.1745,283.286,4.96378e-08,106.602,356.568,1.05434e-07,120.669,448.799,-6.49244e-08,136.59,564.873,1.70148e-07,154.611,710.948,-5.34594e-08,175.008,894.767,1.63407e-07,198.097,1126.06,8.04804e-08,224.231,1417.07,1.14667e-07,253.813,1783.15,-1.71227e-07,287.297,2243.62,-2.88466e-07,325.198,2822.67,-4.33651e-07,368.098,3550.67,7.9318e-08,416.657,4465.65,3.13319e-07,471.621,5615.16,3.4613e-07,533.835,7058.61,-1.19199e-07,604.255,8870.02,-2.79964e-07,683.962,11141.4,-2.30521e-07,774.182,13986.7,-2.55099e-07,876.299,17546.4,1.23585e-07,991.883,21993.1,1.41192e-07,1122.71,27536.7,-9.71886e-08,1270.78,34430.7,-3.68368e-07,1438.38,42977.7,-3.45379e-07,1628.07,53532.7,-3.25328e-09,1842.77,66504.6,2.6362e-07,2085.77,82350.2,2.53445e-07,2360.79,101560,-2.47407e-08,2672.05,124632,-3.80602e-07,3024.31,152018,-4.79005e-07,3422.98,184060,-1.14379e-07,3874.15,220884,2.64297e-07,4384.72,262283,3.44131e-07,4962.49,307576,7.5349e-08,5616.29,355497,-3.63097e-07,6356.1,404126,-6.05442e-07,7193.18,450932,-2.72333e-07,8140.28,492963,2.29675e-07,9211.79,527178,4.3387e-07,10424,550893,-1.0711e-07,10.102,8.06553,2.81012,10.6436,8.57909,0.869423,11.5336,10.2515,0.270869,12.7211,12.7138,0.0844293,14.1823,15.9373,0.0263173,15.9122,20.0383,0.0082035,17.9198,25.2154,0.00255722,20.2244,31.7373,0.000797017,22.8539,39.9486,0.000248622,25.8438,50.2851,7.75492e-05,29.237,63.2963,2.42508e-05,33.0837,79.6738,7.67162e-06,37.4415,100.288,2.32837e-06,42.3767,126.236,7.33e-07,47.9646,158.896,2.79256e-07,54.2906,200.003,9.87351e-09,61.452,251.741,1.61085e-07,69.5585,316.859,-2.47141e-07,78.7347,398.812,8.93552e-08,89.1218,501.948,-2.53231e-07,100.879,631.736,-1.25047e-07,114.188,795.049,-1.78808e-07,129.252,1000.53,2.6733e-07,146.304,1259.03,4.50292e-07,165.605,1584.19,6.76904e-07,187.452,1993.12,-1.23808e-07,212.181,2507.27,-4.89068e-07,240.173,3153.54,-5.40284e-07,271.856,3965.56,1.86061e-07,307.719,4985.38,4.37004e-07,348.313,6265.4,3.59828e-07,394.26,7870.83,3.98192e-07,446.268,9882.51,-1.92908e-07,505.135,12400.3,-2.20392e-07,571.766,15546.9,1.51705e-07,647.184,19472.2,5.74996e-07,732.547,24357.4,5.39112e-07,829.167,30420,5.07815e-09,938.526,37916.3,-4.11492e-07,1062.3,47143.9,-3.9561e-07,1202.4,58439.2,3.86185e-08,1360.96,72169.3,5.94093e-07,1540.42,88715.8,7.47693e-07,1743.53,108445,1.78537e-07,1973.41,131665,-4.12549e-07,2233.57,158557,-5.37164e-07,2528,189103,-1.17615e-07,2861.2,222986,5.66769e-07,3238.27,259510,9.45053e-07,3664.97,297540,4.25093e-07,4147.81,335497,-3.58506e-07,4694.17,371444,-6.7724e-07,5312.37,403256,1.67192e-07,1.61744,3.89446,9.84394,3.28846,7.5504,12.774,5.07607,11.7187,13.6844,7.03202,16.8147,13.9681,9.20215,23.1769,14.0566,11.6301,31.1672,14.0841,14.3598,41.2186,14.0927,17.4376,53.8688,14.0954,20.9137,69.7915,14.0962,24.8432,89.8341,14.0965,29.2879,115.063,14.0966,34.3168,146.819,14.0966,40.0078,186.792,14.0966,46.4487,237.107,14.0966,53.7388,300.44,14.0966,61.9903,380.158,14.0966,71.3301,480.499,14.0966,81.902,606.796,14.0966,93.8685,765.761,14.0966,107.414,965.837,14.0966,122.746,1217.65,14.0966,140.101,1534.57,14.0966,159.745,1933.41,14.0966,181.981,2435.3,14.0966,207.15,3066.85,14.0966,235.64,3861.46,14.0966,267.889,4861.11,14.0966,304.391,6118.54,14.0966,345.709,7699.91,14.0966,392.478,9688.22,14.0966,445.417,12187.5,14.0966,505.339,15327.7,14.0966,573.165,19271.6,14.0966,649.938,24222,14.0966,736.839,30430.9,14.0966,835.202,38211.5,14.0966,946.539,47950.3,14.0966,1072.56,60122.8,14.0966,1215.21,75309.9,14.0966,1376.66,94216.2,14.0966,1559.41,117688,14.0966,1766.26,146729,14.0966,2000.39,182510,14.0966,2265.39,226372,14.0966,2565.33,279806,14.0966,2904.81,344416,14.0966,3289.05,421845,14.0966,3723.93,513667,14.0966,4216.13,621231,14.0966,4773.18,745478,14.0966,5403.64,886744,14.0966,6117.15,1.04457e+06,14.0966,6924.63,1.2176e+06,14.0966,11.7194,11.96,12.6541,13.9321,16.1295,13.6434,16.6097,21.9702,13.9553,19.7532,29.5285,14.0526,23.3844,39.1143,14.0829,27.5423,51.2054,14.0923,32.2796,66.434,14.0953,37.662,85.6061,14.0962,43.7675,109.74,14.0965,50.687,140.119,14.0966,58.5249,178.359,14.0966,67.4005,226.493,14.0966,77.4493,287.08,14.0966,88.8254,363.343,14.0966,101.703,459.336,14.0966,116.281,580.161,14.0966,132.782,732.241,14.0966,151.46,923.655,14.0966,172.603,1164.57,14.0966,196.535,1467.79,14.0966,223.625,1849.39,14.0966,254.288,2329.62,14.0966,288.997,2933.93,14.0966,328.285,3694.33,14.0966,372.755,4651.04,14.0966,423.092,5854.57,14.0966,480.07,7368.38,14.0966,544.564,9272.08,14.0966,617.566,11665.5,14.0966,700.197,14673.6,14.0966,793.729,18452.9,14.0966,899.599,23198.6,14.0966,1019.43,29154.1,14.0966,1155.07,36622.3,14.0966,1308.6,45977.9,14.0966,1482.39,57683.7,14.0966,1679.09,72307.8,14.0966,1901.73,90542.8,14.0966,2153.73,113226,14.0966,2438.97,141360,14.0966,2761.81,176127,14.0966,3127.22,218898,14.0966,3540.81,271226,14.0966,4008.92,334817,14.0966,4538.74,411470,14.0966,5138.38,502973,14.0966,5817.04,610948,14.0966,6585.12,736653,14.0966,7454.39,880741,14.0966,8438.15,1.04302e+06,14.0966,9551.45,1.22224e+06,14.0966,10811.3,1.41602e+06,14.0966,12237,1.62086e+06,14.0966,11.7194,11.96,12.6541,2.21263,4.16949,0.989383,2.67766,5.84076,0.311842,3.14343,7.55825,0.0972771,3.63127,9.58578,0.0303237,4.15787,12.0912,0.00945211,4.73731,15.2286,0.00294633,5.38238,19.1721,0.000918508,6.10553,24.134,0.000286163,6.91951,30.3791,8.92692e-05,7.83792,38.2397,2.78121e-05,8.87555,48.1338,8.65134e-06,10.0489,60.5876,2.7882e-06,11.3761,76.2629,8.29036e-07,12.8779,95.9927,2.4373e-07,14.5775,120.825,4.33068e-09,16.5012,152.08,1.75749e-07,18.6784,191.415,-1.86328e-07,21.1428,240.917,1.91829e-07,23.9322,303.213,-1.81475e-07,27.0895,381.602,7.0186e-08,30.6634,480.231,-2.86769e-08,34.7087,604.316,2.40784e-07,39.2876,760.401,9.87368e-08,44.4705,956.705,1.22263e-07,50.3371,1203.54,-4.31966e-07,56.9776,1513.81,-1.9705e-07,64.494,1903.69,-2.763e-08,73.0018,2393.4,3.9185e-07,82.6317,3008.13,1.35379e-07,93.5318,3779.25,-4.16351e-08,105.869,4745.7,2.06965e-08,119.834,5955.6,-3.18887e-07,135.641,7468.12,-1.48271e-08,153.531,9355.62,2.00739e-07,173.781,11705.8,2.28358e-07,196.701,14624.1,-1.93587e-08,222.642,18235,-2.88101e-07,252.003,22683.4,-2.24732e-07,285.234,28134,8.56806e-09,322.845,34767,2.34258e-07,365.413,42770.9,2.99668e-07,413.588,52327.9,8.28644e-08,468.111,63591.2,-3.07049e-07,529.814,76653.2,-3.1888e-07,599.642,91502.5,-6.72276e-08,678.662,107975,2.26339e-07,768.083,125705,3.69212e-07,869.267,144088,2.04077e-07,983.76,162277,-2.80509e-07,1113.3,179223,-4.22737e-07,1259.87,193777,-1.71951e-07,1425.68,204839,4.55555e-07,11.7194,11.96,12.6541,2.21263,4.16949,0.989383,2.67766,5.84076,0.311842,3.14343,7.55825,0.0972771,3.63127,9.58578,0.0303237,4.15787,12.0912,0.00945211,4.73731,15.2286,0.00294633,5.38238,19.1721,0.000918508,6.10553,24.134,0.000286163,6.91951,30.3791,8.92692e-05,7.83792,38.2397,2.78121e-05,8.87555,48.1338,8.65134e-06,10.0489,60.5876,2.7882e-06,11.3761,76.2629,8.29036e-07,12.8779,95.9927,2.4373e-07,14.5775,120.825,1e-08,16.5012,152.08,1.75749e-07,18.6784,191.415,1e-08,21.1428,240.917,1.91829e-07,23.9322,303.213,1e-08,27.0895,381.602,7.0186e-08,30.6634,480.231,1e-08,34.7087,604.316,2.40784e-07,39.2876,760.401,9.87368e-08,44.4705,956.705,1.22263e-07,50.3371,1203.54,1e-08,56.9776,1513.81,1e-08,64.494,1903.69,1e-08,73.0018,2393.4,3.9185e-07,82.6317,3008.13,1.35379e-07,93.5318,3779.25,1e-08,105.869,4745.7,2.06965e-08,119.834,5955.6,1e-08,135.641,7468.12,1e-08,153.531,9355.62,2.00739e-07,173.781,11705.8,2.28358e-07,196.701,14624.1,1e-08,222.642,18235,1e-08,252.003,22683.4,1e-08,285.234,28134,1e-08,322.845,34767,2.34258e-07,365.413,42770.9,2.99668e-07,413.588,52327.9,8.28644e-08,468.111,63591.2,1e-08,529.814,76653.2,1e-08,599.642,91502.5,1e-08,678.662,107975,2.26339e-07,768.083,125705,3.69212e-07,869.267,144088,2.04077e-07,983.76,162277,1e-08,1113.3,179223,1e-08,1259.87,193777,1e-08,1425.68,204839,4.55555e-07,6.2823,3.27286,2.43537,0.219672,6.18826,2.24117,0.56371,6.87772,2.63624,0.308279,20,7,18,4,2,3,4,6,1,3,11,0,1,3,0,3,9,0,4,27,0,1,21,0,8,12,0,5,29,0,9,52,0,17,56,0,9,53,0,10,33,0,8,203,0,10,81,0,19,169,0,26,257,0,10,124,0,31,281,0,26,305,0,22,551,0,29,522,0,13,580,0,27,1171,0,18,2129,0,42,1420,0,22,1196,0,37,2767,0,40,1301,0,79,3723,0,114,3974,0,214,7444,0,125,3146,0,99,8432,0,188,6702,0,99,12614,0,151,25499,0,304,15781,0,126,21915,0,296,45132,0,273,24094,0,307,19764,0,527,35374,0,290,37786,0,457,104443,0,641,61766,0,200,90721,0,622,198096,0,611,169032,0,828,96696,0,558,204404,0,1192,194279,0
-1.05176e+08,8.09535e-47,8.88811e-15,10,1023,0,1.05176e+08,0.528882,1.08665,0.389689,0.145397,0.379329,3.24381,0.161596,0.446195,1.77396,0.159177,1.15e+07,4.49998e+06,6.79999e+06,1.15e+07,4.49997e+06,6.79999e+06,1.15e+07,4.49996e+06,6.79999e+06,1.15e+07,4.49995e+06,6.79999e+06,1.14999e+07,4.49993e+06,6.79999e+06,1.14999e+07,4.49991e+06,6.79999e+06,1.14999e+07,4.49989e+06,6.79999e+06,1.14999e+07,4.49986e+06,6.79999e+06,1.14999e+07,4.49982e+06,6.79999e+06,1.14999e+07,4.49977e+06,6.79999e+06,1.14999e+07,4.49971e+06,6.79999e+06,1.14999e+07,4.49963e+06,6.79999e+06,1.14998e+07,4.49953e+06,6.79999e+06,1.14998e+07,4.49941e+06,6.79999e+06,1.14998e+07,4.49926e+06,6.79999e+06,1.14998e+07,4.49906e+06,6.79999e+06,1.14997e+07,4.49882e+06,6.79999e+06,1.14997e+07,4.49851e+06,6.79999e+06,1.14997e+07,4.49812e+06,6.79999e+06,1.14996e+07,4.49764e+06,6.79999e+06,1.14996e+07,4.49702e+06,6.79999e+06,1.14995e+07,4.49625e+06,6.79999e+06,1.14995e+07,4.49528e+06,6.79999e+06,1.14994e+07,4.49406e+06,6.79999e+06,1.14993e+07,4.49253e+06,6.79999e+06,1.14992e+07,4.49059e+06,6.79999e+06,1.14991e+07,4.48817e+06,6.79999e+06,1.1499e+07,4.48511e+06,6.79999e+06,1.14988e+07,4.48128e+06,6.79999e+06,1.14987e+07,4.47646e+06,6.79999e+06,1.14985e+07,4.47041e+06,6.79999e+06,1.14983e+07,4.46281e+06,6.79999e+06,1.14981e+07,4.4533e+06,6.79999e+06,1.14979e+07,4.44138e+06,6.79999e+06,1.14976e+07,4.42649e+06,6.79999e+06,1.14972e+07,4.40789e+06,6.79999e+06,1.14969e+07,4.38471e+06,6.79999e+06,1.14965e+07,4.35592e+06,6.79999e+06,1.1496e+07,4.32027e+06,6.79999e+06,1.14955e+07,4.27629e+06,6.79999e+06,1.14949e+07,4.22231e+06,6.79999e+06,1.14942e+07,4.15647e+06,6.79999e+06,1.14934e+07,4.07676e+06,6.79999e+06,1.14926e+07,3.98112e+06,6.79999e+06,1.14916e+07,3.86765e+06,6.79999e+06,1.14905e+07,3.73474e+06,6.79999e+06,1.14892e+07,3.58148e+06,6.79999e+06,1.14878e+07,3.40785e+06,6.79999e+06,1.14862e+07,3.21513e+06,6.79999e+06,1.14844e+07,3.00605e+06,6.79999e+06,1.14823e+07,2.7848e+06,6.79999e+06,1.148e+07,2.5568e+06,6.79999e+06,1.14773e+07,2.32825e+06,6.79999e+06,13.5742,8.52444,0.508366,16.8306,13.2585,0.162638,20.0035,17.569,0.0507846,23.2616,22.4214,0.0158319,26.7328,28.3297,0.00493498,30.5212,35.6974,0.00153831,34.7178,44.9473,0.000479527,39.4086,56.5822,0.000149456,44.6796,71.2245,4.66214e-05,50.6209,89.6543,1.45419e-05,57.3297,112.852,4.54748e-06,64.9129,142.051,1.43857e-06,73.4897,178.803,4.36618e-07,83.1934,225.062,1.40153e-07,94.1745,283.286,4.96378e-08,106.602,356.568,1.05434e-07,120.669,448.799,-6.49244e-08,136.59,564.873,1.70148e-07,154.611,710.948,-5.34594e-08,175.008,894.767,1.63407e-07,198.097,1126.06,8.04804e-08,224.231,1417.07,1.14667e-07,253.813,1783.15,-1.71227e-07,287.297,2243.62,-2.88466e-07,325.198,2822.67,-4.33651e-07,368.098,3550.67,7.9318e-08,416.657,4465.65,3.13319e-07,471.621,5615.16,3.4613e-07,533.835,7058.61,-1.19199e-07,604.255,8870.02,-2.79964e-07,683.962,11141.4,-2.30521e-07,774.182,13986.7,-2.55099e-07,876.299,17546.4,1.23585e-07,991.883,21993.1,1.41192e-07,1122.71,27536.7,-9.71886e-08,1270.78,34430.7,-3.68368e-07,1438.38,42977.7,-3.45379e-07,1628.07,53532.7,-3.25328e-09,1842.77,66504.6,2.6362e-07,2085.77,82350.2,2.53445e-07,2360.79,101560,-2.47407e-08,2672.05,124632,-3.80602e-07,3024.31,152018,-4.79005e-07,3422.98,184060,-1.14379e-07,3874.15,220884,2.64297e-07,4384.72,262283,3.44131e-07,4962.49,307576,7.5349e-08,5616.29,355497,-3.63097e-07,6356.1,404126,-6.05442e-07,7193.18,450932,-2.72333e-07,8140.28,492963,2.29675e-07,9211.79,527178,4.3387e-07,10424,550893,-1.0711e-07,10.102,8.06553,2.81012,10.6436,8.57909,0.869423,11.5336,10.2515,0.270869,12.7211,12.7138,0.0844293,14.1823,15.9373,0.0263173,15.9122,20.0383,0.0082035,17.9198,25.2154,0.00255722,20.2244,31.7373,0.000797017,22.8539,39.9486,0.000248622,25.8438,50.2851,7.75492e-05,29.237,63.2963,2.42508e-05,33.0837,79.6738,7.67162e-06,37.4415,100.288,2.32837e-06,42.3767,126.236,7.33e-07,47.9646,158.896,2.79256e-07,54.2906,200.003,9.87351e-09,61.452,251.741,1.61085e-07,69.5585,316.859,-2.47141e-07,78.7347,398.812,8.93552e-08,89.1218,501.948,-2.53231e-07,100.879,631.736,-1.25047e-07,114.188,795.049,-1.78808e-07,129.252,1000.53,2.6733e-07,146.304,1259.03,4.50292e-07,165.605,1584.19,6.76904e-07,187.452,1993.12,-1.23808e-07,212.181,2507.27,-4.89068e-07,240.173,3153.54,-5.40284e-07,271.856,3965.56,1.86061e-07,307.719,4985.38,4.37004e-07,348.313,6265.4,3.59828e-07,394.26,7870.83,3.98192e-07,446.268,9882.51,-1.92908e-07,505.135,12400.3,-2.20392e-07,571.766,15546.9,1.51705e-07,647.184,19472.2,5.74996e-07,732.547,24357.4,5.39112e-07,829.167,30420,5.07815e-09,938.526,37916.3,-4.11492e-07,1062.3,47143.9,-3.9561e-07,1202.4,58439.2,3.86185e-08,1360.96,72169.3,5.94093e-07,1540.42,88715.8,7.47693e-07,1743.53,108445,1.78537e-07,1973.41,131665,-4.12549e-07,2233.57,158557,-5.37164e-07,2528,189103,-1.17615e-07,2861.2,222986,5.66769e-07,3238.27,259510,9.45053e-07,3664.97,297540,4.25093e-07,4147.81,335497,-3.58506e-07,4694.17,371444,-6.7724e-07,5312.37,403256,1.67192e-07,1.61744,3.89446,9.84394,3.28846,7.5504,12.774,5.07607,11.7187,13.6844,7.03202,16.8147,13.9681,9.20215,23.1769,14.0566,11.6301,31.1672,14.0841,14.3598,41.2186,14.0927,17.4376,53.8688,14.0954,20.9137,69.7915,14.0962,24.8432,89.8341,14.0965,29.2879,115.063,14.0966,34.3168,146.819,14.0966,40.0078,186.792,14.0966,46.4487,237.107,14.0966,53.7388,300.44,14.0966,61.9903,380.158,14.0966,71.3301,480.499,14.0966,81.902,606.796,14.0966,93.8685,765.761,14.0966,107.414,965.837,14.0966,122.746,1217.65,14.0966,140.101,1534.57,14.0966,159.745,1933.41,14.0966,181.981,2435.3,14.0966,207.15,3066.85,14.0966,235.64,3861.46,14.0966,267.889,4861.11,14.0966,304.391,6118.54,14.0966,345.709,7699.91,14.0966,392.478,9688.22,14.0966,445.417,12187.5,14.0966,505.339,15327.7,14.0966,573.165,19271.6,14.0966,649.938,24222,14.0966,736.839,30430.9,14.0966,835.202,38211.5,14.0966,946.539,47950.3,14.0966,1072.56,60122.8,14.0966,1215.21,75309.9,14.0966,1376.66,94216.2,14.0966,1559.41,117688,14.0966,1766.26,146729,14.0966,2000.39,182510,14.0966,2265.39,226372,14.0966,2565.33,279806,14.0966,2904.81,344416,14.0966,3289.05,421845,14.0966,3723.93,513667,14.0966,4216.13,621231,14.0966,4773.18,745478,14.0966,5403.64,886744,14.0966,6117.15,1.04457e+06,14.0966,6924.63,1.2176e+06,14.0966,11.7194,11.96,12.6541,13.9321,16.1295,13.6434,16.6097,21.9702,13.9553,19.7532,29.5285,14.0526,23.3844,39.1143,14.0829,27.5423,51.2054,14.0923,32.2796,66.434,14.0953,37.662,85.6061,14.0962,43.7675,109.74,14.0965,50.687,140.119,14.0966,58.5249,178.359,14.0966,67.4005,226.493,14.0966,77.4493,287.08,14.0966,88.8254,363.343,14.0966,101.703,459.336,14.0966,116.281,580.161,14.0966,132.782,732.241,14.0966,151.46,923.655,14.0966,172.603,1164.57,14.0966,196.535,1467.79,14.0966,223.625,1849.39,14.0966,254.288,2329.62,14.0966,288.997,2933.93,14.0966,328.285,3694.33,14.0966,372.755,4651.04,14.0966,423.092,5854.57,14.0966,480.07,7368.38,14.0966,544.564,9272.08,14.0966,617.566,11665.5,14.0966,700.197,14673.6,14.0966,793.729,18452.9,14.0966,899.599,23198.6,14.0966,1019.43,29154.1,14.0966,1155.07,36622.3,14.0966,1308.6,45977.9,14.0966,1482.39,57683.7,14.0966,1679.09,72307.8,14.0966,1901.73,90542.8,14.0966,2153.73,113226,14.0966,2438.97,141360,14.0966,2761.81,176127,14.0966,3127.22,218898,14.0966,3540.81,271226,14.0966,4008.92,334817,14.0966,4538.74,411470,14.0966,5138.38,502973,14.0966,5817.04,610948,14.0966,6585.12,736653,14.0966,7454.39,880741,14.0966,8438.15,1.04302e+06,14.0966,9551.45,1.22224e+06,14.0966,10811.3,1.41602e+06,14.0966,12237,1.62086e+06,14.0966,11.7194,11.96,12.6541,2.21263,4.16949,0.989383,2.67766,5.84076,0.311842,3.14343,7.55825,0.0972771,3.63127,9.58578,0.0303237,4.15787,12.0912,0.00945211,4.73731,15.2286,0.00294633,5.38238,19.1721,0.000918508,6.10553,24.134,0.000286163,6.91951,30.3791,8.92692e-05,7.83792,38.2397,2.78121e-05,8.87555,48.1338,8.65134e-06,10.0489,60.5876,2.7882e-06,11.3761,76.2629,8.29036e-07,12.8779,95.9927,2.4373e-07,14.5775,120.825,4.33068e-09,16.5012,152.08,1.75749e-07,18.6784,191.415,-1.86328e-07,21.1428,240.917,1.91829e-07,23.9322,303.213,-1.81475e-07,27.0895,381.602,7.0186e-08,30.6634,480.231,-2.86769e-08,34.7087,604.316,2.40784e-07,39.2876,760.401,9.87368e-08,44.4705,956.705,1.22263e-07,50.3371,1203.54,-4.31966e-07,56.9776,1513.81,-1.9705e-07,64.494,1903.69,-2.763e-08,73.0018,2393.4,3.9185e-07,82.6317,3008.13,1.35379e-07,93.5318,3779.25,-4.16351e-08,105.869,4745.7,2.06965e-08,119.834,5955.6,-3.18887e-07,135.641,7468.12,-1.48271e-08,153.531,9355.62,2.00739e-07,173.781,11705.8,2.28358e-07,196.701,14624.1,-1.93587e-08,222.642,18235,-2.88101e-07,252.003,22683.4,-2.24732e-07,285.234,28134,8.56806e-09,322.845,34767,2.34258e-07,365.413,42770.9,2.99668e-07,413.588,52327.9,8.28644e-08,468.111,63591.2,-3.07049e-07,529.814,76653.2,-3.1888e-07,599.642,91502.5,-6.72276e-08,678.662,107975,2.26339e-07,768.083,125705,3.69212e-07,869.267,144088,2.04077e-07,983.76,162277,-2.80509e-07,1113.3,179223,-4.22737e-07,1259.87,193777,-1.71951e-07,1425.68,204839,4.55555e-07,11.7194,11.96,12.6541,2.21263,4.16949,0.989383,2.67766,5.84076,0.311842,3.14343,7.55825,0.0972771,3.63127,9.58578,0.0303237,4.15787,12.0912,0.00945211,4.73731,15.2286,0.00294633,5.38238,19.1721,0.000918508,6.10553,24.134,0.000286163,6.91951,30.3791,8.92692e-05,7.83792,38.2397,2.78121e-05,8.87555,48.1338,8.65134e-06,10.0489,60.5876,2.7882e-06,11.3761,76.2629,8.29036e-07,12.8779,95.9927,2.4373e-07,14.5775,120.825,1e-08,16.5012,152.08,1.75749e-07,18.6784,191.415,1e-08,21.1428,240.917,1.91829e-07,23.9322,303.213,1e-08,27.0895,381.602,7.0186e-08,30.6634,480.231,1e-08,34.7087,604.316,2.40784e-07,39.2876,760.401,9.87368e-08,44.4705,956.705,1.22263e-07,50.3371,1203.54,1e-08,56.9776,1513.81,1e-08,64.494,1903.69,1e-08,73.0018,2393.4,3.9185e-07,82.6317,3008.13,1.35379e-07,93.5318,3779.25,1e-08,105.869,4745.7,2.06965e-08,119.834,5955.6,1e-08,135.641,7468.12,1e-08,153.531,9355.62,2.00739e-07,173.781,11705.8,2.28358e-07,196.701,14624.1,1e-08,222.642,18235,1e-08,252.003,22683.4,1e-08,285.234,28134,1e-08,322.845,34767,2.34258e-07,365.413,42770.9,2.99668e-07,413.588,52327.9,8.28644e-08,468.111,63591.2,1e-08,529.814,76653.2,1e-08,599.642,91502.5,1e-08,678.662,107975,2.26339e-07,768.083,125705,3.69212e-07,869.267,144088,2.04077e-07,983.76,162277,1e-08,1113.3,179223,1e-08,1259.87,193777,1e-08,1425.68,204839,4.55555e-07,6.2823,3.27286,2.43537,0.219672,6.18826,2.24117,0.56371,6.87772,2.63624,0.308279,7,4,13,3,0,1,1,6,1,2,5,0,2,8,0,2,17,0,4,12,0,5,21,0,6,23,0,1,24,0,5,71,0,8,28,0,24,74,0,23,47,0,8,47,0,9,188,0,13,148,0,17,163,0,15,253,0,10,417,0,18,633,0,14,400,0,26,509,0,48,1068,0,34,383,0,72,1534,0,71,1958,0,74,2926,0,72,1964,0,70,3016,0,117,3896,0,43,6591,0,28,7355,0,205,5793,0,195,13453,0,119,13055,0,371,21866,0,225,15807,0,303,58679,0,359,44773,0,392,30703,0,132,40600,0,470,95498,0,778,96210,0,588,65484,0,550,101056,0,533,189198,0,446,57899,0,1427,214341,0,1269,290752,0,950,234030,0,2345,217559,0,2313,134684,0
-1.05176e+08,1.48641e-52,8.88811e-15,10,1023,0,1.05176e+08,0.528882,1.08665,0.389689,0.145397,0.379329,3.24381,0.161596,0.446195,1.77396,0.159177,1.15e+07,4.49998e+06,6.79999e+06,1.15e+07,4.49997e+06,6.79999e+06,1.15e+07,4.49996e+06,6.79999e+06,1.15e+07,4.49995e+06,6.79999e+06,1.14999e+07,4.49993e+06,6.79999e+06,1.14999e+07,4.49991e+06,6.79999e+06,1.14999e+07,4.49989e+06,6.79999e+06,1.14999e+07,4.49986e+06,6.79999e+06,1.14999e+07,4.49982e+06,6.79999e+06,1.14999e+07,4.49977e+06,6.79999e+06,1.14999e+07,4.49971e+06,6.79999e+06,1.14999e+07,4.49963e+06,6.79999e+06,1.14998e+07,4.49953e+06,6.79999e+06,1.14998e+07,4.49941e+06,6.79999e+06,1.14998e+07,4.49926e+06,6.79999e+06,1.14998e+07,4.49906e+06,6.79999e+06,1.14997e+07,4.49882e+06,6.79999e+06,1.14997e+07,4.49851e+06,6.79999e+06,1.14997e+07,4.49812e+06,6.79999e+06,1.14996e+07,4.49764e+06,6.79999e+06,1.14996e+07,4.49702e+06,6.79999e+06,1.14995e+07,4.49625e+06,6.79999e+06,1.14995e+07,4.49528e+06,6.79999e+06,1.14994e+07,4.49406e+06,6.79999e+06,1.14993e+07,4.49253e+06,6.79999e+06,1.14992e+07,4.49059e+06,6.79999e+06,1.14991e+07,4.48817e+06,6.79999e+06,1.1499e+07,4.48511e+06,6.79999e+06,1.14988e+07,4.48128e+06,6.79999e+06,1.14987e+07,4.47646e+06,6.79999e+06,1.14985e+07,4.47041e+06,6.79999e+06,1.14983e+07,4.46281e+06,6.79999e+06,1.14981e+07,4.4533e+06,6.79999e+06,1.14979e+07,4.44138e+06,6.79999e+06,1.14976e+07,4.42649e+06,6.79999e+06,1.14972e+07,4.40789e+06,6.79999e+06,1.14969e+07,4.38471e+06,6.79999e+06,1.14965e+07,4.35592e+06,6.79999e+06,1.1496e+07,4.32027e+06,6.79999e+06,1.14955e+07,4.27629e+06,6.79999e+06,1.14949e+07,4.22231e+06,6.79999e+06,1.14942e+07,4.15647e+06,6.79999e+06,1.14934e+07,4.07676e+06,6.79999e+06,1.14926e+07,3.98112e+06,6.79999e+06,1.14916e+07,3.86765e+06,6.79999e+06,1.14905e+07,3.73474e+06,6.79999e+06,1.14892e+07,3.58148e+06,6.79999e+06,1.14878e+07,3.40785e+06,6.79999e+06,1.14862e+07,3.21513e+06,6.79999e+06,1.14844e+07,3.00605e+06,6.79999e+06,1.14823e+07,2.7848e+06,6.79999e+06,1.148e+07,2.5568e+06,6.79999e+06,1.14773e+07,2.32825e+06,6.79999e+06,13.5742,8.52444,0.508366,16.8306,13.2585,0.162638,20.0035,17.569,0.0507846,23.2616,22.4214,0.0158319,26.7328,28.3297,0.00493498,30.5212,35.6974,0.00153831,34.7178,44.9473,0.000479527,39.4086,56.5822,0.000149456,44.6796,71.2245,4.66214e-05,50.6209,89.6543,1.45419e-05,57.3297,112.852,4.54748e-06,64.9129,142.051,1.43857e-06,73.4897,178.803,4.36618e-07,83.1934,225.062,1.40153e-07,94.1745,283.286,4.96378e-08,106.602,356.568,1.05434e-07,120.669,448.799,-6.49244e-08,136.59,564.873,1.70148e-07,154.611,710.948,-5.34594e-08,175.008,894.767,1.63407e-07,198.097,1126.06,8.04804e-08,224.231,1417.07,1.14667e-07,253.813,1783.15,-1.71227e-07,287.297,2243.62,-2.88466e-07,325.198,2822.67,-4.33651e-07,368.098,3550.67,7.9318e-08,416.657,4465.65,3.13319e-07,471.621,5615.16,3.4613e-07,533.835,7058.61,-1.19199e-07,604.255,8870.02,-2.79964e-07,683.962,11141.4,-2.30521e-07,774.182,13986.7,-2.55099e-07,876.299,17546.4,1.23585e-07,991.883,21993.1,1.41192e-07,1122.71,27536.7,-9.71886e-08,1270.78,34430.7,-3.68368e-07,1438.38,42977.7,-3.45379e-07,1628.07,53532.7,-3.25328e-09,1842.77,66504.6,2.6362e-07,2085.77,82350.2,2.53445e-07,2360.79,101560,-2.47407e-08,2672.05,124632,-3.80602e-07,3024.31,152018,-4.79005e-07,3422.98,184060,-1.14379e-07,3874.15,220884,2.64297e-07,4384.72,262283,3.44131e-07,4962.49,307576,7.5349e-08,5616.29,355497,-3.63097e-07,6356.1,404126,-6.05442e-07,7193.18,450932,-2.72333e-07,8140.28,492963,2.29675e-07,9211.79,527178,4.3387e-07,10424,550893,-1.0711e-07,10.102,8.06553,2.81012,10.6436,8.57909,0.869423,11.5336,10.2515,0.270869,12.7211,12.7138,0.0844293,14.1823,15.9373,0.0263173,15.9122,20.0383,0.0082035,17.9198,25.2154,0.00255722,20.2244,31.7373,0.000797017,22.8539,39.9486,0.000248622,25.8438,50.2851,7.75492e-05,29.237,63.2963,2.42508e-05,33.0837,79.6738,7.67162e-06,37.4415,100.288,2.32837e-06,42.3767,126.236,7.33e-07,47.9646,158.896,2.79256e-07,54.2906,200.003,9.87351e-09,61.452,251.741,1.61085e-07,69.5585,316.859,-2.47141e-07,78.7347,398.812,8.93552e-08,89.1218,501.948,-2.53231e-07,100.879,631.736,-1.25047e-07,114.188,795.049,-1.78808e-07,129.252,1000.53,2.6733e-07,146.304,1259.03,4.50292e-07,165.605,1584.19,6.76904e-07,187.452,1993.12,-1.23808e-07,212.181,2507.27,-4.89068e-07,240.173,3153.54,-5.40284e-07,271.856,3965.56,1.86061e-07,307.719,4985.38,4.37004e-07,348.313,6265.4,3.59828e-07,394.26,7870.83,3.98192e-07,446.268,9882.51,-1.92908e-07,505.135,12400.3,-2.20392e-07,571.766,15546.9,1.51705e-07,647.184,19472.2,5.74996e-07,732.547,24357.4,5.39112e-07,829.167,30420,5.07815e-09,938.526,37916.3,-4.11492e-07,1062.3,47143.9,-3.9561e-07,1202.4,58439.2,3.86185e-08,1360.96,72169.3,5.94093e-07,1540.42,88715.8,7.47693e-07,1743.53,108445,1.78537e-07,1973.41,131665,-4.12549e-07,2233.57,158557,-5.37164e-07,2528,189103,-1.17615e-07,2861.2,222986,5.66769e-07,3238.27,259510,9.45053e-07,3664.97,297540,4.25093e-07,4147.81,335497,-3.58506e-07,4694.17,371444,-6.7724e-07,5312.37,403256,1.67192e-07,1.61744,3.89446,9.84394,3.28846,7.5504,12.774,5.07607,11.7187,13.6844,7.03202,16.8147,13.9681,9.20215,23.1769,14.0566,11.6301,31.1672,14.0841,14.3598,41.2186,14.0927,17.4376,53.8688,14.0954,20.9137,69.7915,14.0962,24.8432,89.8341,14.0965,29.2879,115.063,14.0966,34.3168,146.819,14.0966,40.0078,186.792,14.0966,46.4487,237.107,14.0966,53.7388,300.44,14.0966,61.9903,380.158,14.0966,71.3301,480.499,14.0966,81.902,606.796,14.0966,93.8685,765.761,14.0966,107.414,965.837,14.0966,122.746,1217.65,14.0966,140.101,1534.57,14.0966,159.745,1933.41,14.0966,181.981,2435.3,14.0966,207.15,3066.85,14.0966,235.64,3861.46,14.0966,267.889,4861.11,14.0966,304.391,6118.54,14.0966,345.709,7699.91,14.0966,392.478,9688.22,14.0966,445.417,12187.5,14.0966,505.339,15327.7,14.0966,573.165,19271.6,14.0966,649.938,24222,14.0966,736.839,30430.9,14.0966,835.202,38211.5,14.0966,946.539,47950.3,14.0966,1072.56,60122.8,14.0966,1215.21,75309.9,14.0966,1376.66,94216.2,14.0966,1559.41,117688,14.0966,1766.26,146729,14.0966,2000.39,182510,14.0966,2265.39,226372,14.0966,2565.33,279806,14.0966,2904.81,344416,14.0966,3289.05,421845,14.0966,3723.93,513667,14.0966,4216.13,621231,14.0966,4773.18,745478,14.0966,5403.64,886744,14.0966,6117.15,1.04457e+06,14.0966,6924.63,1.2176e+06,14.0966,11.7194,11.96,12.6541,13.9321,16.1295,13.6434,16.6097,21.9702,13.9553,19.7532,29.5285,14.0526,23.3844,39.1143,14.0829,27.5423,51.2054,14.0923,32.2796,66.434,14.0953,37.662,85.6061,14.0962,43.7675,109.74,14.0965,50.687,140.119,14.0966,58.5249,178.359,14.0966,67.4005,226.493,14.0966,77.4493,287.08,14.0966,88.8254,363.343,14.0966,101.703,459.336,14.0966,116.281,580.161,14.0966,132.782,732.241,14.0966,151.46,923.655,14.0966,172.603,1164.57,14.0966,196.535,1467.79,14.0966,223.625,1849.39,14.0966,254.288,2329.62,14.0966,288.997,2933.93,14.0966,328.285,3694.33,14.0966,372.755,4651.04,14.0966,423.092,5854.57,14.0966,480.07,7368.38,14.0966,544.564,9272.08,14.0966,617.566,11665.5,14.0966,700.197,14673.6,14.0966,793.729,18452.9,14.0966,899.599,23198.6,14.0966,1019.43,29154.1,14.0966,1155.07,36622.3,14.0966,1308.6,45977.9,14.0966,1482.39,57683.7,14.0966,1679.09,72307.8,14.0966,1901.73,90542.8,14.0966,2153.73,113226,14.0966,2438.97,141360,14.0966,2761.81,176127,14.0966,3127.22,218898,14.0966,3540.81,271226,14.0966,4008.92,334817,14.0966,4538.74,411470,14.0966,5138.38,502973,14.0966,5817.04,610948,14.0966,6585.12,736653,14.0966,7454.39,880741,14.0966,8438.15,1.04302e+06,14.0966,9551.45,1.22224e+06,14.0966,10811.3,1.41602e+06,14.0966,12237,1.62086e+06,14.0966,11.7194,11.96,12.6541,2.21263,4.16949,0.989383,2.67766,5.84076,0.311842,3.14343,7.55825,0.0972771,3.63127,9.58578,0.0303237,4.15787,12.0912,0.00945211,4.73731,15.2286,0.00294633,5.38238,19.1721,0.000918508,6.10553,24.134,0.000286163,6.91951,30.3791,8.92692e-05,7.83792,38.2397,2.78121e-05,8.87555,48.1338,8.65134e-06,10.0489,60.5876,2.7882e-06,11.3761,76.2629,8.29036e-07,12.8779,95.9927,2.4373e-07,14.5775,120.825,4.33068e-09,16.5012,152.08,1.75749e-07,18.6784,191.415,-1.86328e-07,21.1428,240.917,1.91829e-07,23.9322,303.213,-1.81475e-07,27.0895,381.602,7.0186e-08,30.6634,480.231,-2.86769e-08,34.7087,604.316,2.40784e-07,39.2876,760.401,9.87368e-08,44.4705,956.705,1.22263e-07,50.3371,1203.54,-4.31966e-07,56.9776,1513.81,-1.9705e-07,64.494,1903.69,-2.763e-08,73.0018,2393.4,3.9185e-07,82.6317,3008.13,1.35379e-07,93.5318,3779.25,-4.16351e-08,105.869,4745.7,2.06965e-08,119.834,5955.6,-3.18887e-07,135.641,7468.12,-1.48271e-08,153.531,9355.62,2.00739e-07,173.781,11705.8,2.28358e-07,196.701,14624.1,-1.93587e-08,222.642,18235,-2.88101e-07,252.003,22683.4,-2.24732e-07,285.234,28134,8.56806e-09,322.845,34767,2.34258e-07,365.413,42770.9,2.99668e-07,413.588,52327.9,8.28644e-08,468.111,63591.2,-3.07049e-07,529.814,76653.2,-3.1888e-07,599.642,91502.5,-6.72276e-08,678.662,107975,2.26339e-07,768.083,125705,3.69212e-07,869.267,144088,2.04077e-07,983.76,162277,-2.80509e-07,1113.3,179223,-4.22737e-07,1259.87,193777,-1.71951e-07,1425.68,204839,4.55555e-07,11.7194,11.96,12.6541,2.21263,4.16949,0.989383,2.67766,5.84076,0.311842,3.14343,7.55825,0.0972771,3.63127,9.58578,0.0303237,4.15787,12.0912,0.00945211,4.73731,15.2286,0.00294633,5.38238,19.1721,0.000918508,6.10553,24.134,0.000286163,6.91951,30.3791,8.92692e-05,7.83792,38.2397,2.78121e-05,8.87555,48.1338,8.65134e-06,10.0489,60.5876,2.7882e-06,11.3761,76.2629,8.29036e-07,12.8779,95.9927,2.4373e-07,14.5775,120.825,1e-08,16.5012,152.08,1.75749e-07,18.6784,191.415,1e-08,21.1428,240.917,1.91829e-07,23.9322,303.213,1e-08,27.0895,381.602,7.0186e-08,30.6634,480.231,1e-08,34.7087,604.316,2.40784e-07,39.2876,760.401,9.87368e-08,44.4705,956.705,1.22263e-07,50.3371,1203.54,1e-08,56.9776,1513.81,1e-08,64.494,1903.69,1e-08,73.0018,2393.4,3.9185e-07,82.6317,3008.13,1.35379e-07,93.5318,3779.25,1e-08,105.869,4745.7,2.06965e-08,119.834,5955.6,1e-08,135.641,7468.12,1e-08,153.531,9355.62,2.00739e-07,173.781,11705.8,2.28358e-07,196.701,14624.1,1e-08,222.642,18235,1e-08,252.003,22683.4,1e-08,285.234,28134,1e-08,322.845,34767,2.34258e-07,365.413,42770.9,2.99668e-07,413.588,52327.9,8.28644e-08,468.111,63591.2,1e-08,529.814,76653.2,1e-08,599.642,91502.5,1e-08,678.662,107975,2.26339e-07,768.083,125705,3.69212e-07,869.267,144088,2.04077e-07,983.76,162277,1e-08,1113.3,179223,1e-08,1259.87,193777,1e-08,1425.68,204839,4.55555e-07,6.2823,3.27286,2.43537,0.219672,6.18826,2.24117,0.56371,6.87772,2.63624,0.308279,1,7,3,3,4,1,2,9,0,8,15,0,2,11,0,7,7,0,1,32,0,5,23,0,8,8,0,8,28,0,3,42,0,3,26,0,12,75,0,16,82,0,7,107,0,15,99,0,6,94,0,18,249,0,17,192,0,24,330,0,48,248,0,28,395,0,11,637,0,46,280,0,33,465,0,54,1181,0,76,1472,0,110,2143,0,110,3451,0,56,4260,0,118,1948,0,113,3976,0,187,8482,0,43,4547,0,163,14610,0,107,6961,0,333,13735,0,168,11713,0,111,14718,0,421,25475,0,415,49286,0,382,51558,0,229,71806,0,180,71941,0,521,25710,0,1182,167962,0,1215,138180,0,392,189847,0,909,130997,0,1323,136988,0,1099,374307,0,797,160954,0,2615,240419,0
-1.05176e+08,1,8.88811e-15,10,1023,0,1.05176e+08,0.528882,1.08665,0.389689,0.145397,0.379329,3.24381,0.161596,0.446195,1.77396,0.159177,1.15e+07,4.49998e+06,6.79999e+06,1.15e+07,4.49997e+06,6.79999e+06,1.15e+07,4.49996e+06,6.79999e+06,1.15e+07,4.49995e+06,6.79999e+06,1.14999e+07,4.49993e+06,6.79999e+06,1.14999e+07,4.49991e+06,6.79999e+06,1.14999e+07,4.49989e+06,6.79999e+06,1.14999e+07,4.49986e+06,6.79999e+06,1.14999e+07,4.49982e+06,6.79999e+06,1.14999e+07,4.49977e+06,6.79999e+06,1.14999e+07,4.49971e+06,6.79999e+06,1.14999e+07,4.49963e+06,6.79999e+06,1.14998e+07,4.49953e+06,6.79999e+06,1.14998e+07,4.49941e+06,6.79999e+06,1.14998e+07,4.49926e+06,6.79999e+06,1.14998e+07,4.49906e+06,6.79999e+06,1.14997e+07,4.49882e+06,6.79999e+06,1.14997e+07,4.49851e+06,6.79999e+06,1.14997e+07,4.49812e+06,6.79999e+06,1.14996e+07,4.49764e+06,6.79999e+06,1.14996e+07,4.49702e+06,6.79999e+06,1.14995e+07,4.49625e+06,6.79999e+06,1.14995e+07,4.49528e+06,6.79999e+06,1.14994e+07,4.49406e+06,6.79999e+06,1.14993e+07,4.49253e+06,6.79999e+06,1.14992e+07,4.49059e+06,6.79999e+06,1.14991e+07,4.48817e+06,6.79999e+06,1.1499e+07,4.48511e+06,6.79999e+06,1.14988e+07,4.48128e+06,6.79999e+06,1.14987e+07,4.47646e+06,6.79999e+06,1.14985e+07,4.47041e+06,6.79999e+06,1.14983e+07,4.46281e+06,6.79999e+06,1.14981e+07,4.4533e+06,6.79999e+06,1.14979e+07,4.44138e+06,6.79999e+06,1.14976e+07,4.42649e+06,6.79999e+06,1.14972e+07,4.40789e+06,6.79999e+06,1.14969e+07,4.38471e+06,6.79999e+06,1.14965e+07,4.35592e+06,6.79999e+06,1.1496e+07,4.32027e+06,6.79999e+06,1.14955e+07,4.27629e+06,6.79999e+06,1.14949e+07,4.22231e+06,6.79999e+06,1.14942e+07,4.15647e+06,6.79999e+06,1.14934e+07,4.07676e+06,6.79999e+06,1.14926e+07,3.98112e+06,6.79999e+06,1.14916e+07,3.86765e+06,6.79999e+06,1.14905e+07,3.73474e+06,6.79999e+06,1.14892e+07,3.58148e+06,6.79999e+06,1.14878e+07,3.40785e+06,6.79999e+06,1.14862e+07,3.21513e+06,6.79999e+06,1.14844e+07,3.00605e+06,6.79999e+06,1.14823e+07,2.7848e+06,6.79999e+06,1.148e+07,2.5568e+06,6.79999e+06,1.14773e+07,2.32825e+06,6.79999e+06,13.5742,8.52444,0.508366,16.8306,13.2585,0.162638,20.0035,17.569,0.0507846,23.2616,22.4214,0.0158319,26.7328,28.3297,0.00493498,30.5212,35.6974,0.00153831,34.7178,44.9473,0.000479527,39.4086,56.5822,0.000149456,44.6796,71.2245,4.66214e-05,50.6209,89.6543,1.45419e-05,57.3297,112.852,4.54748e-06,64.9129,142.051,1.43857e-06,73.4897,178.803,4.36618e-07,83.1934,225.062,1.40153e-07,94.1745,283.286,4.96378e-08,106.602,356.568,1.05434e-07,120.669,448.799,-6.49244e-08,136.59,564.873,1.70148e-07,154.611,710.948,-5.34594e-08,175.008,894.767,1.63407e-07,198.097,1126.06,8.04804e-08,224.231,1417.07,1.14667e-07,253.813,1783.15,-1.71227e-07,287.297,2243.62,-2.88466e-07,325.198,2822.67,-4.33651e-07,368.098,3550.67,7.9318e-08,416.657,4465.65,3.13319e-07,471.621,5615.16,3.4613e-07,533.835,7058.61,-1.19199e-07,604.255,8870.02,-2.79964e-07,683.962,11141.4,-2.30521e-07,774.182,13986.7,-2.55099e-07,876.299,17546.4,1.23585e-07,991.883,21993.1,1.41192e-07,1122.71,27536.7,-9.71886e-08,1270.78,34430.7,-3.68368e-07,1438.38,42977.7,-3.45379e-07,1628.07,53532.7,-3.25328e-09,1842.77,66504.6,2.6362e-07,2085.77,82350.2,2.53445e-07,2360.79,101560,-2.47407e-08,2672.05,124632,-3.80602e-07,3024.31,152018,-4.79005e-07,3422.98,184060,-1.14379e-07,3874.15,220884,2.64297e-07,4384.72,262283,3.44131e-07,4962.49,307576,7.5349e-08,5616.29,355497,-3.63097e-07,6356.1,404126,-6.05442e-07,7193.18,450932,-2.72333e-07,8140.28,492963,2.29675e-07,9211.79,527178,4.3387e-07,10424,550893,-1.0711e-07,10.102,8.06553,2.81012,10.6436,8.57909,0.869423,11.5336,10.2515,0.270869,12.7211,12.7138,0.0844293,14.1823,15.9373,0.0263173,15.9122,20.0383,0.0082035,17.9198,25.2154,0.00255722,20.2244,31.7373,0.000797017,22.8539,39.9486,0.000248622,25.8438,50.2851,7.75492e-05,29.237,63.2963,2.42508e-05,33.0837,79.6738,7.67162e-06,37.4415,100.288,2.32837e-06,42.3767,126.236,7.33e-07,47.9646,158.896,2.79256e-07,54.2906,200.003,9.87351e-09,61.452,251.741,1.61085e-07,69.5585,316.859,-2.47141e-07,78.7347,398.812,8.93552e-08,89.1218,501.948,-2.53231e-07,100.879,631.736,-1.25047e-07,114.188,795.049,-1.78808e-07,129.252,1000.53,2.6733e-07,146.304,1259.03,4.50292e-07,165.605,1584.19,6.76904e-07,187.452,1993.12,-1.23808e-07,212.181,2507.27,-4.89068e-07,240.173,3153.54,-5.40284e-07,271.856,3965.56,1.86061e-07,307.719,4985.38,4.37004e-07,348.313,6265.4,3.59828e-07,394.26,7870.83,3.98192e-07,446.268,9882.51,-1.92908e-07,505.135,12400.3,-2.20392e-07,571.766,15546.9,1.51705e-07,647.184,19472.2,5.74996e-07,732.547,24357.4,5.39112e-07,829.167,30420,5.07815e-09,938.526,37916.3,-4.11492e-07,1062.3,47143.9,-3.9561e-07,1202.4,58439.2,3.86185e-08,1360.96,72169.3,5.94093e-07,1540.42,88715.8,7.47693e-07,1743.53,108445,1.78537e-07,1973.41,131665,-4.12549e-07,2233.57,158557,-5.37164e-07,2528,189103,-1.17615e-07,2861.2,222986,5.66769e-07,3238.27,259510,9.45053e-07,3664.97,297540,4.25093e-07,4147.81,335497,-3.58506e-07,4694.17,371444,-6.7724e-07,5312.37,403256,1.67192e-07,1.61744,3.89446,9.84394,3.28846,7.5504,12.774,5.07607,11.7187,13.6844,7.03202,16.8147,13.9681,9.20215,23.1769,14.0566,11.6301,31.1672,14.0841,14.3598,41.2186,14.0927,17.4376,53.8688,14.0954,20.9137,69.7915,14.0962,24.8432,89.8341,14.0965,29.2879,115.063,14.0966,34.3168,146.819,14.0966,40.0078,186.792,14.0966,46.4487,237.107,14.0966,53.7388,300.44,14.0966,61.9903,380.158,14.0966,71.3301,480.499,14.0966,81.902,606.796,14.0966,93.8685,765.761,14.0966,107.414,965.837,14.0966,122.746,1217.65,14.0966,140.101,1534.57,14.0966,159.745,1933.41,14.0966,181.981,2435.3,14.0966,207.15,3066.85,14.0966,235.64,3861.46,14.0966,267.889,4861.11,14.0966,304.391,6118.54,14.0966,345.709,7699.91,14.0966,392.478,9688.22,14.0966,445.417,12187.5,14.0966,505.339,15327.7,14.0966,573.165,19271.6,14.0966,649.938,24222,14.0966,736.839,30430.9,14.0966,835.202,38211.5,14.0966,946.539,47950.3,14.0966,1072.56,60122.8,14.0966,1215.21,75309.9,14.0966,1376.66,94216.2,14.0966,1559.41,117688,14.0966,1766.26,146729,14.0966,2000.39,182510,14.0966,2265.39,226372,14.0966,2565.33,279806,14.0966,2904.81,344416,14.0966,3289.05,421845,14.0966,3723.93,513667,14.0966,4216.13,621231,14.0966,4773.18,745478,14.0966,5403.64,886744,14.0966,6117.15,1.04457e+06,14.0966,6924.63,1.2176e+06,14.0966,11.7194,11.96,12.6541,13.9321,16.1295,13.6434,16.6097,21.9702,13.9553,19.7532,29.5285,14.0526,23.3844,39.1143,14.0829,27.5423,51.2054,14.0923,32.2796,66.434,14.0953,37.662,85.6061,14.0962,43.7675,109.74,14.0965,50.687,140.119,14.0966,58.5249,178.359,14.0966,67.4005,226.493,14.0966,77.4493,287.08,14.0966,88.8254,363.343,14.0966,101.703,459.336,14.0966,116.281,580.161,14.0966,132.782,732.241,14.0966,151.46,923.655,14.0966,172.603,1164.57,14.0966,196.535,1467.79,14.0966,223.625,1849.39,14.0966,254.288,2329.62,14.0966,288.997,2933.93,14.0966,328.285,3694.33,14.0966,372.755,4651.04,14.0966,423.092,5854.57,14.0966,480.07,7368.38,14.0966,544.564,9272.08,14.0966,617.566,11665.5,14.0966,700.197,14673.6,14.0966,793.729,18452.9,14.0966,899.599,23198.6,14.0966,1019.43,29154.1,14.0966,1155.07,36622.3,14.0966,1308.6,45977.9,14.0966,1482.39,57683.7,14.0966,1679.09,72307.8,14.0966,1901.73,90542.8,14.0966,2153.73,113226,14.0966,2438.97,141360,14.0966,2761.81,176127,14.0966,3127.22,218898,14.0966,3540.81,271226,14.0966,4008.92,334817,14.0966,4538.74,411470,14.0966,5138.38,502973,14.0966,5817.04,610948,14.0966,6585.12,736653,14.0966,7454.39,880741,14.0966,8438.15,1.04302e+06,14.0966,9551.45,1.22224e+06,14.0966,10811.3,1.41602e+06,14.0966,12237,1.62086e+06,14.0966,11.7194,11.96,12.6541,2.21263,4.16949,0.989383,2.67766,5.84076,0.311842,3.14343,7.55825,0.0972771,3.63127,9.58578,0.0303237,4.15787,12.0912,0.00945211,4.73731,15.2286,0.00294633,5.38238,19.1721,0.000918508,6.10553,24.134,0.000286163,6.91951,30.3791,8.92692e-05,7.83792,38.2397,2.78121e-05,8.87555,48.1338,8.65134e-06,10.0489,60.5876,2.7882e-06,11.3761,76.2629,8.29036e-07,12.8779,95.9927,2.4373e-07,14.5775,120.825,4.33068e-09,16.5012,152.08,1.75749e-07,18.6784,191.415,-1.86328e-07,21.1428,240.917,1.91829e-07,23.9322,303.213,-1.81475e-07,27.0895,381.602,7.0186e-08,30.6634,480.231,-2.86769e-08,34.7087,604.316,2.40784e-07,39.2876,760.401,9.87368e-08,44.4705,956.705,1.22263e-07,50.3371,1203.54,-4.31966e-07,56.9776,1513.81,-1.9705e-07,64.494,1903.69,-2.763e-08,73.0018,2393.4,3.9185e-07,82.6317,3008.13,1.35379e-07,93.5318,3779.25,-4.16351e-08,105.869,4745.7,2.06965e-08,119.834,5955.6,-3.18887e-07,135.641,7468.12,-1.48271e-08,153.531,9355.62,2.00739e-07,173.781,11705.8,2.28358e-07,196.701,14624.1,-1.93587e-08,222.642,18235,-2.88101e-07,252.003,22683.4,-2.24732e-07,285.234,28134,8.56806e-09,322.845,34767,2.34258e-07,365.413,42770.9,2.99668e-07,413.588,52327.9,8.28644e-08,468.111,63591.2,-3.07049e-07,529.814,76653.2,-3.1888e-07,599.642,91502.5,-6.72276e-08,678.662,107975,2.26339e-07,768.083,125705,3.69212e-07,869.267,144088,2.04077e-07,983.76,162277,-2.80509e-07,1113.3,179223,-4.22737e-07,1259.87,193777,-1.71951e-07,1425.68,204839,4.55555e-07,11.7194,11.96,12.6541,2.21263,4.16949,0.989383,2.67766,5.84076,0.311842,3.14343,7.55825,0.0972771,3.63127,9.58578,0.0303237,4.15787,12.0912,0.00945211,4.73731,15.2286,0.00294633,5.38238,19.1721,0.000918508,6.10553,24.134,0.000286163,6.91951,30.3791,8.92692e-05,7.83792,38.2397,2.78121e-05,8.87555,48.1338,8.65134e-06,10.0489,60.5876,2.7882e-06,11.3761,76.2629,8.29036e-07,12.8779,95.9927,2.4373e-07,14.5775,120.825,1e-08,16.5012,152.08,1.75749e-07,18.6784,191.415,1e-08,21.1428,240.917,1.91829e-07,23.9322,303.213,1e-08,27.0895,381.602,7.0186e-08,30.6634,480.231,1e-08,34.7087,604.316,2.40784e-07,39.2876,760.401,9.87368e-08,44.4705,956.705,1.22263e-07,50.3371,1203.54,1e-08,56.9776,1513.81,1e-08,64.494,1903.69,1e-08,73.0018,2393.4,3.9185e-07,82.6317,3008.13,1.35379e-07,93.5318,3779.25,1e-08,105.869,4745.7,2.06965e-08,119.834,5955.6,1e-08,135.641,7468.12,1e-08,153.531,9355.62,2.00739e-07,173.781,11705.8,2.28358e-07,196.701,14624.1,1e-08,222.642,18235,1e-08,252.003,22683.4,1e-08,285.234,28134,1e-08,322.845,34767,2.34258e-07,365.413,42770.9,2.99668e-07,413.588,52327.9,8.28644e-08,468.111,63591.2,1e-08,529.814,76653.2,1e-08,599.642,91502.5,1e-08,678.662,107975,2.26339e-07,768.083,125705,3.69212e-07,869.267,144088,2.04077e-07,983.76,162277,1e-08,1113.3,179223,1e-08,1259.87,193777,1e-08,1425.68,204839,4.55555e-07,6.2823,3.27286,2.43537,0.219672,6.18826,2.24117,0.56371,6.87772,2.63624,0.308279,18,12,18,0,6,2,1,8,1,2,8,0,4,10,0,3,8,0,4,11,0,13,7,0,2,17,0,5,21,0,6,48,0,5,41,0,11,79,0,20,33,0,15,103,0,6,108,0,12,195,0,23,167,0,36,278,0,27,418,0,18,509,0,45,557,0,31,332,0,29,708,0,49,1102,0,61,1662,0,49,753,0,102,2165,0,51,2434,0,50,2703,0,74,3550,0,68,3823,0,136,9050,0,87,5861,0,101,5237,0,108,18311,0,170,28366,0,156,5736,0,431,12841,0,342,20606,0,377,18225,0,234,25825,0,234,62812,0,505,61466,0,852,66387,0,694,124548,0,399,42213,0,612,130905,0,516,121175,0,1994,167553,0,1837,199821,0,623,134091,0,1855,314201,0
-1.05176e+08,1,8.88811e-15,10,1023,0,1.05176e+08,0.528882,1.08665,0.389689,0.145397,0.379329,3.24381,0.161596,0.446195,1.77396,0.159177,1.15e+07,4.49998e+06,6.79999e+06,1.15e+07,4.49997e+06,6.79999e+06,1.15e+07,4.49996e+06,6.79999e+06,1.15e+07,4.49995e+06,6.79999e+06,1.14999e+07,4.49993e+06,6.79999e+06,1.14999e+07,4.49991e+06,6.79999e+06,1.14999e+07,4.49989e+06,6.79999e+06,1.14999e+07,4.49986e+06,6.79999e+06,1.14999e+07,4.49982e+06,6.79999e+06,1.14999e+07,4.49977e+06,6.79999e+06,1.14999e+07,4.49971e+06,6.79999e+06,1.14999e+07,4.49963e+06,6.79999e+06,1.14998e+07,4.49953e+06,6.79999e+06,1.14998e+07,4.49941e+06,6.79999e+06,1.14998e+07,4.49926e+06,6.79999e+06,1.14998e+07,4.49906e+06,6.79999e+06,1.14997e+07,4.49882e+06,6.79999e+06,1.14997e+07,4.49851e+06,6.79999e+06,1.14997e+07,4.49812e+06,6.79999e+06,1.14996e+07,4.49764e+06,6.79999e+06,1.14996e+07,4.49702e+06,6.79999e+06,1.14995e+07,4.49625e+06,6.79999e+06,1.14995e+07,4.49528e+06,6.79999e+06,1.14994e+07,4.49406e+06,6.79999e+06,1.14993e+07,4.49253e+06,6.79999e+06,1.14992e+07,4.49059e+06,6.79999e+06,1.14991e+07,4.48817e+06,6.79999e+06,1.1499e+07,4.48511e+06,6.79999e+06,1.14988e+07,4.48128e+06,6.79999e+06,1.14987e+07,4.47646e+06,6.79999e+06,1.14985e+07,4.47041e+06,6.79999e+06,1.14983e+07,4.46281e+06,6.79999e+06,1.14981e+07,4.4533e+06,6.79999e+06,1.14979e+07,4.44138e+06,6.79999e+06,1.14976e+07,4.42649e+06,6.79999e+06,1.14972e+07,4.40789e+06,6.79999e+06,1.14969e+07,4.38471e+06,6.79999e+06,1.14965e+07,4.35592e+06,6.79999e+06,1.1496e+07,4.32027e+06,6.79999e+06,1.14955e+07,4.27629e+06,6.79999e+06,1.14949e+07,4.22231e+06,6.79999e+06,1.14942e+07,4.15647e+06,6.79999e+06,1.14934e+07,4.07676e+06,6.79999e+06,1.14926e+07,3.98112e+06,6.79999e+06,1.14916e+07,3.86765e+06,6.79999e+06,1.14905e+07,3.73474e+06,6.79999e+06,1.14892e+07,3.58148e+06,6.79999e+06,1.14878e+07,3.40785e+06,6.79999e+06,1.14862e+07,3.21513e+06,6.79999e+06,1.14844e+07,3.00605e+06,6.79999e+06,1.14823e+07,2.7848e+06,6.79999e+06,1.148e+07,2.5568e+06,6.79999e+06,1.14773e+07,2.32825e+06,6.79999e+06,13.5742,8.52444,0.508366,16.8306,13.2585,0.162638,20.0035,17.569,0.0507846,23.2616,22.4214,0.0158319,26.7328,28.3297,0.00493498,30.5212,35.6974,0.00153831,34.7178,44.9473,0.000479527,39.4086,56.5822,0.000149456,44.6796,71.2245,4.66214e-05,50.6209,89.6543,1.45419e-05,57.3297,112.852,4.54748e-06,64.9129,142.051,1.43857e-06,73.4897,178.803,4.36618e-07,83.1934,225.062,1.40153e-07,94.1745,283.286,4.96378e-08,106.602,356.568,1.05434e-07,120.669,448.799,-6.49244e-08,136.59,564.873,1.70148e-07,154.611,710.948,-5.34594e-08,175.008,894.767,1.63407e-07,198.097,1126.06,8.04804e-08,224.231,1417.07,1.14667e-07,253.813,1783.15,-1.71227e-07,287.297,2243.62,-2.88466e-07,325.198,2822.67,-4.33651e-07,368.098,3550.67,7.9318e-08,416.657,4465.65,3.13319e-07,471.621,5615.16,3.4613e-07,533.835,7058.61,-1.19199e-07,604.255,8870.02,-2.79964e-07,683.962,11141.4,-2.30521e-07,774.182,13986.7,-2.55099e-07,876.299,17546.4,1.23585e-07,991.883,21993.1,1.41192e-07,1122.71,27536.7,-9.71886e-08,1270.78,34430.7,-3.68368e-07,1438.38,42977.7,-3.45379e-07,1628.07,53532.7,-3.25328e-09,1842.77,66504.6,2.6362e-07,2085.77,82350.2,2.53445e-07,2360.79,101560,-2.47407e-08,2672.05,124632,-3.80602e-07,3024.31,152018,-4.79005e-07,3422.98,184060,-1.14379e-07,3874.15,220884,2.64297e-07,4384.72,262283,3.44131e-07,4962.49,307576,7.5349e-08,5616.29,355497,-3.63097e-07,6356.1,404126,-6.05442e-07,7193.18,450932,-2.72333e-07,8140.28,492963,2.29675e-07,9211.79,527178,4.3387e-07,10424,550893,-1.0711e-07,10.102,8.06553,2.81012,10.6436,8.57909,0.869423,11.5336,10.2515,0.270869,12.7211,12.7138,0.0844293,14.1823,15.9373,0.0263173,15.9122,20.0383,0.0082035,17.9198,25.2154,0.00255722,20.2244,31.7373,0.000797017,22.8539,39.9486,0.000248622,25.8438,50.2851,7.75492e-05,29.237,63.2963,2.42508e-05,33.0837,79.6738,7.67162e-06,37.4415,100.288,2.32837e-06,42.3767,126.236,7.33e-07,47.9646,158.896,2.79256e-07,54.2906,200.003,9.87351e-09,61.452,251.741,1.61085e-07,69.5585,316.859,-2.47141e-07,78.7347,398.812,8.93552e-08,89.1218,501.948,-2.53231e-07,100.879,631.736,-1.25047e-07,114.188,795.049,-1.78808e-07,129.252,1000.53,2.6733e-07,146.304,1259.03,4.50292e-07,165.605,1584.19,6.76904e-07,187.452,1993.12,-1.23808e-07,212.181,2507.27,-4.89068e-07,240.173,3153.54,-5.40284e-07,271.856,3965.56,1.86061e-07,307.719,4985.38,4.37004e-07,348.313,6265.4,3.59828e-07,394.26,7870.83,3.98192e-07,446.268,9882.51,-1.92908e-07,505.135,12400.3,-2.20392e-07,571.766,15546.9,1.51705e-07,647.184,19472.2,5.74996e-07,732.547,24357.4,5.39112e-07,829.167,30420,5.07815e-09,938.526,37916.3,-4.11492e-07,1062.3,47143.9,-3.9561e-07,1202.4,58439.2,3.86185e-08,1360.96,72169.3,5.94093e-07,1540.42,88715.8,7.47693e-07,1743.53,108445,1.78537e-07,1973.41,131665,-4.12549e-07,2233.57,158557,-5.37164e-07,2528,189103,-1.17615e-07,2861.2,222986,5.66769e-07,3238.27,259510,9.45053e-07,3664.97,297540,4.25093e-07,4147.81,335497,-3.58506e-07,4694.17,371444,-6.7724e-07,5312.37,403256,1.67192e-07,1.61744,3.89446,9.84394,3.28846,7.5504,12.774,5.07607,11.7187,13.6844,7.03202,16.8147,13.9681,9.20215,23.1769,14.0566,11.6301,31.1672,14.0841,14.3598,41.2186,14.0927,17.4376,53.8688,14.0954,20.9137,69.7915,14.0962,24.8432,89.8341,14.0965,29.2879,115.063,14.0966,34.3168,146.819,14.0966,40.0078,186.792,14.0966,46.4487,237.107,14.0966,53.7388,300.44,14.0966,61.9903,380.158,14.0966,71.3301,480.499,14.0966,81.902,606.796,14.0966,93.8685,765.761,14.0966,107.414,965.837,14.0966,122.746,1217.65,14.0966,140.101,1534.57,14.0966,159.745,1933.41,14.0966,181.981,2435.3,14.0966,207.15,3066.85,14.0966,235.64,3861.46,14.0966,267.889,4861.11,14.0966,304.391,6118.54,14.0966,345.709,7699.91,14.0966,392.478,9688.22,14.0966,445.417,12187.5,14.0966,505.339,15327.7,14.0966,573.165,19271.6,14.0966,649.938,24222,14.0966,736.839,30430.9,14.0966,835.202,38211.5,14.0966,946.539,47950.3,14.0966,1072.56,60122.8,14.0966,1215.21,75309.9,14.0966,1376.66,94216.2,14.0966,1559.41,117688,14.0966,1766.26,146729,14.0966,2000.39,182510,14.0966,2265.39,226372,14.0966,2565.33,279806,14.0966,2904.81,344416,14.0966,3289.05,421845,14.0966,3723.93,513667,14.0966,4216.13,621231,14.0966,4773.18,745478,14.0966,5403.64,886744,14.0966,6117.15,1.04457e+06,14.0966,6924.63,1.2176e+06,14.0966,11.7194,11.96,12.6541,13.9321,16.1295,13.6434,16.6097,21.9702,13.9553,19.7532,29.5285,14.0526,23.3844,39.1143,14.0829,27.5423,51.2054,14.0923,32.2796,66.434,14.0953,37.662,85.6061,14.0962,43.7675,109.74,14.0965,50.687,140.119,14.0966,58.5249,178.359,14.0966,67.4005,226.493,14.0966,77.4493,287.08,14.0966,88.8254,363.343,14.0966,101.703,459.336,14.0966,116.281,580.161,14.0966,132.782,732.241,14.0966,151.46,923.655,14.0966,172.603,1164.57,14.0966,196.535,1467.79,14.0966,223.625,1849.39,14.0966,254.288,2329.62,14.0966,288.997,2933.93,14.0966,328.285,3694.33,14.0966,372.755,4651.04,14.0966,423.092,5854.57,14.0966,480.07,7368.38,14.0966,544.564,9272.08,14.0966,617.566,11665.5,14.0966,700.197,14673.6,14.0966,793.729,18452.9,14.0966,899.599,23198.6,14.0966,1019.43,29154.1,14.0966,1155.07,36622.3,14.0966,1308.6,45977.9,14.0966,1482.39,57683.7,14.0966,1679.09,72307.8,14.0966,1901.73,90542.8,14.0966,2153.73,113226,14.0966,2438.97,141360,14.0966,2761.81,176127,14.0966,3127.22,218898,14.0966,3540.81,271226,14.0966,4008.92,334817,14.0966,4538.74,411470,14.0966,5138.38,502973,14.0966,5817.04,610948,14.0966,6585.12,736653,14.0966,7454.39,880741,14.0966,8438.15,1.04302e+06,14.0966,9551.45,1.22224e+06,14.0966,10811.3,1.41602e+06,14.0966,12237,1.62086e+06,14.0966,11.7194,11.96,12.6541,2.21263,4.16949,0.989383,2.67766,5.84076,0.311842,3.14343,7.55825,0.0972771,3.63127,9.58578,0.0303237,4.15787,12.0912,0.00945211,4.73731,15.2286,0.00294633,5.38238,19.1721,0.000918508,6.10553,24.134,0.000286163,6.91951,30.3791,8.92692e-05,7.83792,38.2397,2.78121e-05,8.87555,48.1338,8.65134e-06,10.0489,60.5876,2.7882e-06,11.3761,76.2629,8.29036e-07,12.8779,95.9927,2.4373e-07,14.5775,120.825,4.33068e-09,16.5012,152.08,1.75749e-07,18.6784,191.415,-1.86328e-07,21.1428,240.917,1.91829e-07,23.9322,303.213,-1.81475e-07,27.0895,381.602,7.0186e-08,30.6634,480.231,-2.86769e-08,34.7087,604.316,2.40784e-07,39.2876,760.401,9.87368e-08,44.4705,956.705,1.22263e-07,50.3371,1203.54,-4.31966e-07,56.9776,1513.81,-1.9705e-07,64.494,1903.69,-2.763e-08,73.0018,2393.4,3.9185e-07,82.6317,3008.13,1.35379e-07,93.5318,3779.25,-4.16351e-08,105.869,4745.7,2.06965e-08,119.834,5955.6,-3.18887e-07,135.641,7468.12,-1.48271e-08,153.531,9355.62,2.00739e-07,173.781,11705.8,2.28358e-07,196.701,14624.1,-1.93587e-08,222.642,18235,-2.88101e-07,252.003,22683.4,-2.24732e-07,285.234,28134,8.56806e-09,322.845,34767,2.34258e-07,365.413,42770.9,2.99668e-07,413.588,52327.9,8.28644e-08,468.111,63591.2,-3.07049e-07,529.814,76653.2,-3.1888e-07,599.642,91502.5,-6.72276e-08,678.662,107975,2.26339e-07,768.083,125705,3.69212e-07,869.267,144088,2.04077e-07,983.76,162277,-2.80509e-07,1113.3,179223,-4.22737e-07,1259.87,193777,-1.71951e-07,1425.68,204839,4.55555e-07,11.7194,11.96,12.6541,2.21263,4.16949,0.989383,2.67766,5.84076,0.311842,3.14343,7.55825,0.0972771,3.63127,9.58578,0.0303237,4.15787,12.0912,0.00945211,4.73731,15.2286,0.00294633,5.38238,19.1721,0.000918508,6.10553,24.134,0.000286163,6.91951,30.3791,8.92692e-05,7.83792,38.2397,2.78121e-05,8.87555,48.1338,8.65134e-06,10.0489,60.5876,2.7882e-06,11.3761,76.2629,8.29036e-07,12.8779,95.9927,2.4373e-07,14.5775,120.825,1e-08,16.5012,152.08,1.75749e-07,18.6784,191.415,1e-08,21.1428,240.917,1.91829e-07,23.9322,303.213,1e-08,27.0895,381.602,7.0186e-08,30.6634,480.231,1e-08,34.7087,604.316,2.40784e-07,39.2876,760.401,9.87368e-08,44.4705,956.705,1.22263e-07,50.3371,1203.54,1e-08,56.9776,1513.81,1e-08,64.494,1903.69,1e-08,73.0018,2393.4,3.9185e-07,82.6317,3008.13,1.35379e-07,93.5318,3779.25,1e-08,105.869,4745.7,2.06965e-08,119.834,5955.6,1e-08,135.641,7468.12,1e-08,153.531,9355.62,2.00739e-07,173.781,11705.8,2.28358e-07,196.701,14624.1,1e-08,222.642,18235,1e-08,252.003,22683.4,1e-08,285.234,28134,1e-08,322.845,34767,2.34258e-07,365.413,42770.9,2.99668e-07,413.588,52327.9,8.28644e-08,468.111,63591.2,1e-08,529.814,76653.2,1e-08,599.642,91502.5,1e-08,678.662,107975,2.26339e-07,768.083,125705,3.69212e-07,869.267,144088,2.04077e-07,983.76,162277,1e-08,1113.3,179223,1e-08,1259.87,193777,1e-08,1425.68,204839,4.55555e-07,6.2823,3.27286,2.43537,0.219672,6.18826,2.24117,0.56371,6.87772,2.63624,0.308279,16,11,18,0,6,3,2,2,1,0,10,0,0,8,0,3,2,0,6,10,0,8,20,0,8,24,0,10,26,0,3,45,0,7,72,0,11,42,0,10,78,0,7,116,0,12,151,0,17,99,0,9,141,0,14,194,0,54,380,0,26,464,0,67,304,0,23,1168,0,42,458,0,68,666,0,26,1202,0,38,911,0,39,2529,0,138,2597,0,103,1955,0,139,3617,0,104,3159,0,106,7953,0,138,10635,0,202,8983,0,133,13698,0,133,14717,0,349,25885,0,143,18285,0,188,18942,0,369,41500,0,263,45395,0,592,40403,0,386,45483,0,654,48939,0,382,69526,0,260,93742,0,1290,161980,0,1195,178665,0,1170,144594,0,917,327830,0,1187,253818,0,1494,424644,0
-1.05176e+08,1,8.88811e-15,10,1023,0,1.05176e+08,0.528882,1.08665,0.389689,0.145397,0.379329,3.24381,0.161596,0.446195,1.77396,0.159177,1.15e+07,4.49998e+06,6.79999e+06,1.15e+07,4.49997e+06,6.79999e+06,1.15e+07,4.49996e+06,6.79999e+06,1.15e+07,4.49995e+06,6.79999e+06,1.14999e+07,4.49993e+06,6.79999e+06,1.14999e+07,4.49991e+06,6.79999e+06,1.14999e+07,4.49989e+06,6.79999e+06,1.14999e+07,4.49986e+06,6.79999e+06,1.14999e+07,4.49982e+06,6.79999e+06,1.14999e+07,4.49977e+06,6.79999e+06,1.14999e+07,4.49971e+06,6.79999e+06,1.14999e+07,4.49963e+06,6.79999e+06,1.14998e+07,4.49953e+06,6.79999e+06,1.14998e+07,4.49941e+06,6.79999e+06,1.14998e+07,4.49926e+06,6.79999e+06,1.14998e+07,4.49906e+06,6.79999e+06,1.14997e+07,4.49882e+06,6.79999e+06,1.14997e+07,4.49851e+06,6.79999e+06,1.14997e+07,4.49812e+06,6.79999e+06,1.14996e+07,4.49764e+06,6.79999e+06,1.14996e+07,4.49702e+06,6.79999e+06,1.14995e+07,4.49625e+06,6.79999e+06,1.14995e+07,4.49528e+06,6.79999e+06,1.14994e+07,4.49406e+06,6.79999e+06,1.14993e+07,4.49253e+06,6.79999e+06,1.14992e+07,4.49059e+06,6.79999e+06,1.14991e+07,4.48817e+06,6.79999e+06,1.1499e+07,4.48511e+06,6.79999e+06,1.14988e+07,4.48128e+06,6.79999e+06,1.14987e+07,4.47646e+06,6.79999e+06,1.14985e+07,4.47041e+06,6.79999e+06,1.14983e+07,4.46281e+06,6.79999e+06,1.14981e+07,4.4533e+06,6.79999e+06,1.14979e+07,4.44138e+06,6.79999e+06,1.14976e+07,4.42649e+06,6.79999e+06,1.14972e+07,4.40789e+06,6.79999e+06,1.14969e+07,4.38471e+06,6.79999e+06,1.14965e+07,4.35592e+06,6.79999e+06,1.1496e+07,4.32027e+06,6.79999e+06,1.14955e+07,4.27629e+06,6.79999e+06,1.14949e+07,4.22231e+06,6.79999e+06,1.14942e+07,4.15647e+06,6.79999e+06,1.14934e+07,4.07676e+06,6.79999e+06,1.14926e+07,3.98112e+06,6.79999e+06,1.14916e+07,3.86765e+06,6.79999e+06,1.14905e+07,3.73474e+06,6.79999e+06,1.14892e+07,3.58148e+06,6.79999e+06,1.14878e+07,3.40785e+06,6.79999e+06,1.14862e+07,3.21513e+06,6.79999e+06,1.14844e+07,3.00605e+06,6.79999e+06,1.14823e+07,2.7848e+06,6.79999e+06,1.148e+07,2.5568e+06,6.79999e+06,1.14773e+07,2.32825e+06,6.79999e+06,13.5742,8.52444,0.508366,16.8306,13.2585,0.162638,20.0035,17.569,0.0507846,23.2616,22.4214,0.0158319,26.7328,28.3297,0.00493498,30.5212,35.6974,0.00153831,34.7178,44.9473,0.000479527,39.4086,56.5822,0.000149456,44.6796,71.2245,4.66214e-05,50.6209,89.6543,1.45419e-05,57.3297,112.852,4.54748e-06,64.9129,142.051,1.43857e-06,73.4897,178.803,4.36618e-07,83.1934,225.062,1.40153e-07,94.1745,283.286,4.96378e-08,106.602,356.568,1.05434e-07,120.669,448.799,-6.49244e-08,136.59,564.873,1.70148e-07,154.611,710.948,-5.34594e-08,175.008,894.767,1.63407e-07,198.097,1126.06,8.04804e-08,224.231,1417.07,1.14667e-07,253.813,1783.15,-1.71227e-07,287.297,2243.62,-2.88466e-07,325.198,2822.67,-4.33651e-07,368.098,3550.67,7.9318e-08,416.657,4465.65,3.13319e-07,471.621,5615.16,3.4613e-07,533.835,7058.61,-1.19199e-07,604.255,8870.02,-2.79964e-07,683.962,11141.4,-2.30521e-07,774.182,13986.7,-2.55099e-07,876.299,17546.4,1.23585e-07,991.883,21993.1,1.41192e-07,1122.71,27536.7,-9.71886e-08,1270.78,34430.7,-3.68368e-07,1438.38,42977.7,-3.45379e-07,1628.07,53532.7,-3.25328e-09,1842.77,66504.6,2.6362e-07,2085.77,82350.2,2.53445e-07,2360.79,101560,-2.47407e-08,2672.05,124632,-3.80602e-07,3024.31,152018,-4.79005e-07,3422.98,184060,-1.14379e-07,3874.15,220884,2.64297e-07,4384.72,262283,3.44131e-07,4962.49,307576,7.5349e-08,5616.29,355497,-3.63097e-07,6356.1,404126,-6.05442e-07,7193.18,450932,-2.72333e-07,8140.28,492963,2.29675e-07,9211.79,527178,4.3387e-07,10424,550893,-1.0711e-07,10.102,8.06553,2.81012,10.6436,8.57909,0.869423,11.5336,10.2515,0.270869,12.7211,12.7138,0.0844293,14.1823,15.9373,0.0263173,15.9122,20.0383,0.0082035,17.9198,25.2154,0.00255722,20.2244,31.7373,0.000797017,22.8539,39.9486,0.000248622,25.8438,50.2851,7.75492e-05,29.237,63.2963,2.42508e-05,33.0837,79.6738,7.67162e-06,37.4415,100.288,2.32837e-06,42.3767,126.236,7.33e-07,47.9646,158.896,2.79256e-07,54.2906,200.003,9.87351e-09,61.452,251.741,1.61085e-07,69.5585,316.859,-2.47141e-07,78.7347,398.812,8.93552e-08,89.1218,501.948,-2.53231e-07,100.879,631.736,-1.25047e-07,114.188,795.049,-1.78808e-07,129.252,1000.53,2.6733e-07,146.304,1259.03,4.50292e-07,165.605,1584.19,6.76904e-07,187.452,1993.12,-1.23808e-07,212.181,2507.27,-4.89068e-07,240.173,3153.54,-5.40284e-07,271.856,3965.56,1.86061e-07,307.719,4985.38,4.37004e-07,348.313,6265.4,3.59828e-07,394.26,7870.83,3.98192e-07,446.268,9882.51,-1.92908e-07,505.135,12400.3,-2.20392e-07,571.766,15546.9,1.51705e-07,647.184,19472.2,5.74996e-07,732.547,24357.4,5.39112e-07,829.167,30420,5.07815e-09,938.526,37916.3,-4.11492e-07,1062.3,47143.9,-3.9561e-07,1202.4,58439.2,3.86185e-08,1360.96,72169.3,5.94093e-07,1540.42,88715.8,7.47693e-07,1743.53,108445,1.78537e-07,1973.41,131665,-4.12549e-07,2233.57,158557,-5.37164e-07,2528,189103,-1.17615e-07,2861.2,222986,5.66769e-07,3238.27,259510,9.45053e-07,3664.97,297540,4.25093e-07,4147.81,335497,-3.58506e-07,4694.17,371444,-6.7724e-07,5312.37,403256,1.67192e-07,1.61744,3.89446,9.84394,3.28846,7.5504,12.774,5.07607,11.7187,13.6844,7.03202,16.8147,13.9681,9.20215,23.1769,14.0566,11.6301,31.1672,14.0841,14.3598,41.2186,14.0927,17.4376,53.8688,14.0954,20.9137,69.7915,14.0962,24.8432,89.8341,14.0965,29.2879,115.063,14.0966,34.3168,146.819,14.0966,40.0078,186.792,14.0966,46.4487,237.107,14.0966,53.7388,300.44,14.0966,61.9903,380.158,14.0966,71.3301,480.499,14.0966,81.902,606.796,14.0966,93.8685,765.761,14.0966,107.414,965.837,14.0966,122.746,1217.65,14.0966,140.101,1534.57,14.0966,159.745,1933.41,14.0966,181.981,2435.3,14.0966,207.15,3066.85,14.0966,235.64,3861.46,14.0966,267.889,4861.11,14.0966,304.391,6118.54,14.0966,345.709,7699.91,14.0966,392.478,9688.22,14.0966,445.417,12187.5,14.0966,505.339,15327.7,14.0966,573.165,19271.6,14.0966,649.938,24222,14.0966,736.839,30430.9,14.0966,835.202,38211.5,14.0966,946.539,47950.3,14.0966,1072.56,60122.8,14.0966,1215.21,75309.9,14.0966,1376.66,94216.2,14.0966,1559.41,117688,14.0966,1766.26,146729,14.0966,2000.39,182510,14.0966,2265.39,226372,14.0966,2565.33,279806,14.0966,2904.81,344416,14.0966,3289.05,421845,14.0966,3723.93,513667,14.0966,4216.13,621231,14.0966,4773.18,745478,14.0966,5403.64,886744,14.0966,6117.15,1.04457e+06,14.0966,6924.63,1.2176e+06,14.0966,11.7194,11.96,12.6541,13.9321,16.1295,13.6434,16.6097,21.9702,13.9553,19.7532,29.5285,14.0526,23.3844,39.1143,14.0829,27.5423,51.2054,14.0923,32.2796,66.434,14.0953,37.662,85.6061,14.0962,43.7675,109.74,14.0965,50.687,140.119,14.0966,58.5249,178.359,14.0966,67.4005,226.493,14.0966,77.4493,287.08,14.0966,88.8254,363.343,14.0966,101.703,459.336,14.0966,116.281,580.161,14.0966,132.782,732.241,14.0966,151.46,923.655,14.0966,172.603,1164.57,14.0966,196.535,1467.79,14.0966,223.625,1849.39,14.0966,254.288,2329.62,14.0966,288.997,2933.93,14.0966,328.285,3694.33,14.0966,372.755,4651.04,14.0966,423.092,5854.57,14.0966,480.07,7368.38,14.0966,544.564,9272.08,14.0966,617.566,11665.5,14.0966,700.197,14673.6,14.0966,793.729,18452.9,14.0966,899.599,23198.6,14.0966,1019.43,29154.1,14.0966,1155.07,36622.3,14.0966,1308.6,45977.9,14.0966,1482.39,57683.7,14.0966,1679.09,72307.8,14.0966,1901.73,90542.8,14.0966,2153.73,113226,14.0966,2438.97,141360,14.0966,2761.81,176127,14.0966,3127.22,218898,14.0966,3540.81,271226,14.0966,4008.92,334817,14.0966,4538.74,411470,14.0966,5138.38,502973,14.0966,5817.04,610948,14.0966,6585.12,736653,14.0966,7454.39,880741,14.0966,8438.15,1.04302e+06,14.0966,9551.45,1.22224e+06,14.0966,10811.3,1.41602e+06,14.0966,12237,1.62086e+06,14.0966,11.7194,11.96,12.6541,2.21263,4.16949,0.989383,2.67766,5.84076,0.311842,3.14343,7.55825,0.0972771,3.63127,9.58578,0.0303237,4.15787,12.0912,0.00945211,4.73731,15.2286,0.00294633,5.38238,19.1721,0.000918508,6.10553,24.134,0.000286163,6.91951,30.3791,8.92692e-05,7.83792,38.2397,2.78121e-05,8.87555,48.1338,8.65134e-06,10.0489,60.5876,2.7882e-06,11.3761,76.2629,8.29036e-07,12.8779,95.9927,2.4373e-07,14.5775,120.825,4.33068e-09,16.5012,152.08,1.75749e-07,18.6784,191.415,-1.86328e-07,21.1428,240.917,1.91829e-07,23.9322,303.213,-1.81475e-07,27.0895,381.602,7.0186e-08,30.6634,480.231,-2.86769e-08,34.7087,604.316,2.40784e-07,39.2876,760.401,9.87368e-08,44.4705,956.705,1.22263e-07,50.3371,1203.54,-4.31966e-07,56.9776,1513.81,-1.9705e-07,64.494,1903.69,-2.763e-08,73.0018,2393.4,3.9185e-07,82.6317,3008.13,1.35379e-07,93.5318,3779.25,-4.16351e-08,105.869,4745.7,2.06965e-08,119.834,5955.6,-3.18887e-07,135.641,7468.12,-1.48271e-08,153.531,9355.62,2.00739e-07,173.781,11705.8,2.28358e-07,196.701,14624.1,-1.93587e-08,222.642,18235,-2.88101e-07,252.003,22683.4,-2.24732e-07,285.234,28134,8.56806e-09,322.845,34767,2.34258e-07,365.413,42770.9,2.99668e-07,413.588,52327.9,8.28644e-08,468.111,63591.2,-3.07049e-07,529.814,76653.2,-3.1888e-07,599.642,91502.5,-6.72276e-08,678.662,107975,2.26339e-07,768.083,125705,3.69212e-07,869.267,144088,2.04077e-07,983.76,162277,-2.80509e-07,1113.3,179223,-4.22737e-07,1259.87,193777,-1.71951e-07,1425.68,204839,4.55555e-07,11.7194,11.96,12.6541,2.21263,4.16949,0.989383,2.67766,5.84076,0.311842,3.14343,7.55825,0.0972771,3.63127,9.58578,0.0303237,4.15787,12.0912,0.00945211,4.73731,15.2286,0.00294633,5.38238,19.1721,0.000918508,6.10553,24.134,0.000286163,6.91951,30.3791,8.92692e-05,7.83792,38.2397,2.78121e-05,8.87555,48.1338,8.65134e-06,10.0489,60.5876,2.7882e-06,11.3761,76.2629,8.29036e-07,12.8779,95.9927,2.4373e-07,14.5775,120.825,1e-08,16.5012,152.08,1.75749e-07,18.6784,191.415,1e-08,21.1428,240.917,1.91829e-07,23.9322,303.213,1e-08,27.0895,381.602,7.0186e-08,30.6634,480.231,1e-08,34.7087,604.316,2.40784e-07,39.2876,760.401,9.87368e-08,44.4705,956.705,1.22263e-07,50.3371,1203.54,1e-08,56.9776,1513.81,1e-08,64.494,1903.69,1e-08,73.0018,2393.4,3.9185e-07,82.6317,3008.13,1.35379e-07,93.5318,3779.25,1e-08,105.869,4745.7,2.06965e-08,119.834,5955.6,1e-08,135.641,7468.12,1e-08,153.531,9355.62,2.00739e-07,173.781,11705.8,2.28358e-07,196.701,14624.1,1e-08,222.642,18235,1e-08,252.003,22683.4,1e-08,285.234,28134,1e-08,322.845,34767,2.34258e-07,365.413,42770.9,2.99668e-07,413.588,52327.9,8.28644e-08,468.111,63591.2,1e-08,529.814,76653.2,1e-08,599.642,91502.5,1e-08,678.662,107975,2.26339e-07,768.083,125705,3.69212e-07,869.267,144088,2.04077e-07,983.76,162277,1e-08,1113.3,179223,1e-08,1259.87,193777,1e-08,1425.68,204839,4.55555e-07,6.2823,3.27286,2.43537,0.219672,6.18826,2.24117,0.56371,6.87772,2.63624,0.308279,13,6,8,5,2,1,2,2,0,2,14,0,5,14,0,1,11,0,2,10,0,5,19,0,1,35,0,2,33,0,4,36,0,12,36,0,9,16,0,8,82,0,12,160,0,13,122,0,5,253,0,15,169,0,30,227,0,21,242,0,29,230,0,25,1090,0,33,883,0,39,1167,0,42,547,0,33,501,0,21,1317,0,56,2137,0,134,3047,0,91,2454,0,46,1957,0,79,2337,0,200,4643,0,170,14222,0,179,16517,0,311,14110,0,230,15075,0,262,23742,0,190,39415,0,452,13751,0,135,42326,0,224,27106,0,280,59532,0,319,63546,0,475,89282,0,649,118535,0,509,152719,0,808,143336,0,759,128059,0,1355,285889,0,938,262584,0,1172,138543,0,870,253112,0
-1.05176e+08,0.999999,8.88811e-15,10,1023,0,1.05176e+08,0.528882,1.08665,0.389689,0.145397,0.379329,3.24381,0.161596,0.446195,1.77396,0.159177,1.15e+07,4.49998e+06,6.79999e+06,1.15e+07,4.49997e+06,6.79999e+06,1.15e+07,4.49996e+06,6.79999e+06,1.15e+07,4.49995e+06,6.79999e+06,1.14999e+07,4.49993e+06,6.79999e+06,1.14999e+07,4.49991e+06,6.79999e+06,1.14999e+07,4.49989e+06,6.79999e+06,1.14999e+07,4.49986e+06,6.79999e+06,1.14999e+07,4.49982e+06,6.79999e+06,1.14999e+07,4.49977e+06,6.79999e+06,1.14999e+07,4.49971e+06,6.79999e+06,1.14999e+07,4.49963e+06,6.79999e+06,1.14998e+07,4.49953e+06,6.79999e+06,1.14998e+07,4.49941e+06,6.79999e+06,1.14998e+07,4.49926e+06,6.79999e+06,1.14998e+07,4.49906e+06,6.79999e+06,1.14997e+07,4.49882e+06,6.79999e+06,1.14997e+07,4.49851e+06,6.79999e+06,1.14997e+07,4.49812e+06,6.79999e+06,1.14996e+07,4.49764e+06,6.79999e+06,1.14996e+07,4.49702e+06,6.79999e+06,1.14995e+07,4.49625e+06,6.79999e+06,1.14995e+07,4.49528e+06,6.79999e+06,1.14994e+07,4.49406e+06,6.79999e+06,1.14993e+07,4.49253e+06,6.79999e+06,1.14992e+07,4.49059e+06,6.79999e+06,1.14991e+07,4.48817e+06,6.79999e+06,1.1499e+07,4.48511e+06,6.79999e+06,1.14988e+07,4.48128e+06,6.79999e+06,1.14987e+07,4.47646e+06,6.79999e+06,1.14985e+07,4.47041e+06,6.79999e+06,1.14983e+07,4.46281e+06,6.79999e+06,1.14981e+07,4.4533e+06,6.79999e+06,1.14979e+07,4.44138e+06,6.79999e+06,1.14976e+07,4.42649e+06,6.79999e+06,1.14972e+07,4.40789e+06,6.79999e+06,1.14969e+07,4.38471e+06,6.79999e+06,1.14965e+07,4.35592e+06,6.79999e+06,1.1496e+07,4.32027e+06,6.79999e+06,1.14955e+07,4.27629e+06,6.79999e+06,1.14949e+07,4.22231e+06,6.79999e+06,1.14942e+07,4.15647e+06,6.79999e+06,1.14934e+07,4.07676e+06,6.79999e+06,1.14926e+07,3.98112e+06,6.79999e+06,1.14916e+07,3.86765e+06,6.79999e+06,1.14905e+07,3.73474e+06,6.79999e+06,1.14892e+07,3.58148e+06,6.79999e+06,1.14878e+07,3.40785e+06,6.79999e+06,1.14862e+07,3.21513e+06,6.79999e+06,1.14844e+07,3.00605e+06,6.79999e+06,1.14823e+07,2.7848e+06,6.79999e+06,1.148e+07,2.5568e+06,6.79999e+06,1.14773e+07,2.32825e+06,6.79999e+06,13.5742,8.52444,0.508366,16.8306,13.2585,0.162638,20.0035,17.569,0.0507846,23.2616,22.4214,0.0158319,26.7328,28.3297,0.00493498,30.5212,35.6974,0.00153831,34.7178,44.9473,0.000479527,39.4086,56.5822,0.000149456,44.6796,71.2245,4.66214e-05,50.6209,89.6543,1.45419e-05,57.3297,112.852,4.54748e-06,64.9129,142.051,1.43857e-06,73.4897,178.803,4.36618e-07,83.1934,225.062,1.40153e-07,94.1745,283.286,4.96378e-08,106.602,356.568,1.05434e-07,120.669,448.799,-6.49244e-08,136.59,564.873,1.70148e-07,154.611,710.948,-5.34594e-08,175.008,894.767,1.63407e-07,198.097,1126.06,8.04804e-08,224.231,1417.07,1.14667e-07,253.813,1783.15,-1.71227e-07,287.297,2243.62,-2.88466e-07,325.198,2822.67,-4.33651e-07,368.098,3550.67,7.9318e-08,416.657,4465.65,3.13319e-07,471.621,5615.16,3.4613e-07,533.835,7058.61,-1.19199e-07,604.255,8870.02,-2.79964e-07,683.962,11141.4,-2.30521e-07,774.182,13986.7,-2.55099e-07,876.299,17546.4,1.23585e-07,991.883,21993.1,1.41192e-07,1122.71,27536.7,-9.71886e-08,1270.78,34430.7,-3.68368e-07,1438.38,42977.7,-3.45379e-07,1628.07,53532.7,-3.25328e-09,1842.77,66504.6,2.6362e-07,2085.77,82350.2,2.53445e-07,2360.79,101560,-2.47407e-08,2672.05,124632,-3.80602e-07,3024.31,152018,-4.79005e-07,3422.98,184060,-1.14379e-07,3874.15,220884,2.64297e-07,4384.72,262283,3.44131e-07,4962.49,307576,7.5349e-08,5616.29,355497,-3.63097e-07,6356.1,404126,-6.05442e-07,7193.18,450932,-2.72333e-07,8140.28,492963,2.29675e-07,9211.79,527178,4.3387e-07,10424,550893,-1.0711e-07,10.102,8.06553,2.81012,10.6436,8.57909,0.869423,11.5336,10.2515,0.270869,12.7211,12.7138,0.0844293,14.1823,15.9373,0.0263173,15.9122,20.0383,0.0082035,17.9198,25.2154,0.00255722,20.2244,31.7373,0.000797017,22.8539,39.9486,0.000248622,25.8438,50.2851,7.75492e-05,29.237,63.2963,2.42508e-05,33.0837,79.6738,7.67162e-06,37.4415,100.288,2.32837e-06,42.3767,126.236,7.33e-07,47.9646,158.896,2.79256e-07,54.2906,200.003,9.87351e-09,61.452,251.741,1.61085e-07,69.5585,316.859,-2.47141e-07,78.7347,398.812,8.93552e-08,89.1218,501.948,-2.53231e-07,100.879,631.736,-1.25047e-07,114.188,795.049,-1.78808e-07,129.252,1000.53,2.6733e-07,146.304,1259.03,4.50292e-07,165.605,1584.19,6.76904e-07,187.452,1993.12,-1.23808e-07,212.181,2507.27,-4.89068e-07,240.173,3153.54,-5.40284e-07,271.856,3965.56,1.86061e-07,307.719,4985.38,4.37004e-07,348.313,6265.4,3.59828e-07,394.26,7870.83,3.98192e-07,446.268,9882.51,-1.92908e-07,505.135,12400.3,-2.20392e-07,571.766,15546.9,1.51705e-07,647.184,19472.2,5.74996e-07,732.547,24357.4,5.39112e-07,829.167,30420,5.07815e-09,938.526,37916.3,-4.11492e-07,1062.3,47143.9,-3.9561e-07,1202.4,58439.2,3.86185e-08,1360.96,72169.3,5.94093e-07,1540.42,88715.8,7.47693e-07,1743.53,108445,1.78537e-07,1973.41,131665,-4.12549e-07,2233.57,158557,-5.37164e-07,2528,189103,-1.17615e-07,2861.2,222986,5.66769e-07,3238.27,259510,9.45053e-07,3664.97,297540,4.25093e-07,4147.81,335497,-3.58506e-07,4694.17,371444,-6.7724e-07,5312.37,403256,1.67192e-07,1.61744,3.89446,9.84394,3.28846,7.5504,12.774,5.07607,11.7187,13.6844,7.03202,16.8147,13.9681,9.20215,23.1769,14.0566,11.6301,31.1672,14.0841,14.3598,41.2186,14.0927,17.4376,53.8688,14.0954,20.9137,69.7915,14.0962,24.8432,89.8341,14.0965,29.2879,115.063,14.0966,34.3168,146.819,14.0966,40.0078,186.792,14.0966,46.4487,237.107,14.0966,53.7388,300.44,14.0966,61.9903,380.158,14.0966,71.3301,480.499,14.0966,81.902,606.796,14.0966,93.8685,765.761,14.0966,107.414,965.837,14.0966,122.746,1217.65,14.0966,140.101,1534.57,14.0966,159.745,1933.41,14.0966,181.981,2435.3,14.0966,207.15,3066.85,14.0966,235.64,3861.46,14.0966,267.889,4861.11,14.0966,304.391,6118.54,14.0966,345.709,7699.91,14.0966,392.478,9688.22,14.0966,445.417,12187.5,14.0966,505.339,15327.7,14.0966,573.165,19271.6,14.0966,649.938,24222,14.0966,736.839,30430.9,14.0966,835.202,38211.5,14.0966,946.539,47950.3,14.0966,1072.56,60122.8,14.0966,1215.21,75309.9,14.0966,1376.66,94216.2,14.0966,1559.41,117688,14.0966,1766.26,146729,14.0966,2000.39,182510,14.0966,2265.39,226372,14.0966,2565.33,279806,14.0966,2904.81,344416,14.0966,3289.05,421845,14.0966,3723.93,513667,14.0966,4216.13,621231,14.0966,4773.18,745478,14.0966,5403.64,886744,14.0966,6117.15,1.04457e+06,14.0966,6924.63,1.2176e+06,14.0966,11.7194,11.96,12.6541,13.9321,16.1295,13.6434,16.6097,21.9702,13.9553,19.7532,29.5285,14.0526,23.3844,39.1143,14.0829,27.5423,51.2054,14.0923,32.2796,66.434,14.0953,37.662,85.6061,14.0962,43.7675,109.74,14.0965,50.687,140.119,14.0966,58.5249,178.359,14.0966,67.4005,226.493,14.0966,77.4493,287.08,14.0966,88.8254,363.343,14.0966,101.703,459.336,14.0966,116.281,580.161,14.0966,132.782,732.241,14.0966,151.46,923.655,14.0966,172.603,1164.57,14.0966,196.535,1467.79,14.0966,223.625,1849.39,14.0966,254.288,2329.62,14.0966,288.997,2933.93,14.0966,328.285,3694.33,14.0966,372.755,4651.04,14.0966,423.092,5854.57,14.0966,480.07,7368.38,14.0966,544.564,9272.08,14.0966,617.566,11665.5,14.0966,700.197,14673.6,14.0966,793.729,18452.9,14.0966,899.599,23198.6,14.0966,1019.43,29154.1,14.0966,1155.07,36622.3,14.0966,1308.6,45977.9,14.0966,1482.39,57683.7,14.0966,1679.09,72307.8,14.0966,1901.73,90542.8,14.0966,2153.73,113226,14.0966,2438.97,141360,14.0966,2761.81,176127,14.0966,3127.22,218898,14.0966,3540.81,271226,14.0966,4008.92,334817,14.0966,4538.74,411470,14.0966,5138.38,502973,14.0966,5817.04,610948,14.0966,6585.12,736653,14.0966,7454.39,880741,14.0966,8438.15,1.04302e+06,14.0966,9551.45,1.22224e+06,14.0966,10811.3,1.41602e+06,14.0966,12237,1.62086e+06,14.0966,11.7194,11.96,12.6541,2.21263,4.16949,0.989383,2.67766,5.84076,0.311842,3.14343,7.55825,0.0972771,3.63127,9.58578,0.0303237,4.15787,12.0912,0.00945211,4.73731,15.2286,0.00294633,5.38238,19.1721,0.000918508,6.10553,24.134,0.000286163,6.91951,30.3791,8.92692e-05,7.83792,38.2397,2.78121e-05,8.87555,48.1338,8.65134e-06,10.0489,60.5876,2.7882e-06,11.3761,76.2629,8.29036e-07,12.8779,95.9927,2.4373e-07,14.5775,120.825,4.33068e-09,16.5012,152.08,1.75749e-07,18.6784,191.415,-1.86328e-07,21.1428,240.917,1.91829e-07,23.9322,303.213,-1.81475e-07,27.0895,381.602,7.0186e-08,30.6634,480.231,-2.86769e-08,34.7087,604.316,2.40784e-07,39.2876,760.401,9.87368e-08,44.4705,956.705,1.22263e-07,50.3371,1203.54,-4.31966e-07,56.9776,1513.81,-1.9705e-07,64.494,1903.69,-2.763e-08,73.0018,2393.4,3.9185e-07,82.6317,3008.13,1.35379e-07,93.5318,3779.25,-4.16351e-08,105.869,4745.7,2.06965e-08,119.834,5955.6,-3.18887e-07,135.641,7468.12,-1.48271e-08,153.531,9355.62,2.00739e-07,173.781,11705.8,2.28358e-07,196.701,14624.1,-1.93587e-08,222.642,18235,-2.88101e-07,252.003,22683.4,-2.24732e-07,285.234,28134,8.56806e-09,322.845,34767,2.34258e-07,365.413,42770.9,2.99668e-07,413.588,52327.9,8.28644e-08,468.111,63591.2,-3.07049e-07,529.814,76653.2,-3.1888e-07,599.642,91502.5,-6.72276e-08,678.662,107975,2.26339e-07,768.083,125705,3.69212e-07,869.267,144088,2.04077e-07,983.76,162277,-2.80509e-07,1113.3,179223,-4.22737e-07,1259.87,193777,-1.71951e-07,1425.68,204839,4.55555e-07,11.7194,11.96,12.6541,2.21263,4.16949,0.989383,2.67766,5.84076,0.311842,3.14343,7.55825,0.0972771,3.63127,9.58578,0.0303237,4.15787,12.0912,0.00945211,4.73731,15.2286,0.00294633,5.38238,19.1721,0.000918508,6.10553,24.134,0.000286163,6.91951,30.3791,8.92692e-05,7.83792,38.2397,2.78121e-05,8.87555,48.1338,8.65134e-06,10.0489,60.5876,2.7882e-06,11.3761,76.2629,8.29036e-07,12.8779,95.9927,2.4373e-07,14.5775,120.825,1e-08,16.5012,152.08,1.75749e-07,18.6784,191.415,1e-08,21.1428,240.917,1.91829e-07,23.9322,303.213,1e-08,27.0895,381.602,7.0186e-08,30.6634,480.231,1e-08,34.7087,604.316,2.40784e-07,39.2876,760.401,9.87368e-08,44.4705,956.705,1.22263e-07,50.3371,1203.54,1e-08,56.9776,1513.81,1e-08,64.494,1903.69,1e-08,73.0018,2393.4,3.9185e-07,82.6317,3008.13,1.35379e-07,93.5318,3779.25,1e-08,105.869,4745.7,2.06965e-08,119.834,5955.6,1e-08,135.641,7468.12,1e-08,153.531,9355.62,2.00739e-07,173.781,11705.8,2.28358e-07,196.701,14624.1,1e-08,222.642,18235,1e-08,252.003,22683.4,1e-08,285.234,28134,1e-08,322.845,34767,2.34258e-07,365.413,42770.9,2.99668e-07,413.588,52327.9,8.28644e-08,468.111,63591.2,1e-08,529.814,76653.2,1e-08,599.642,91502.5,1e-08,678.662,107975,2.26339e-07,768.083,125705,3.69212e-07,869.267,144088,2.04077e-07,983.76,162277,1e-08,1113.3,179223,1e-08,1259.87,193777,1e-08,1425.68,204839,4.55555e-07,6.2823,3.27286,2.43537,0.219672,6.18826,2.24117,0.56371,6.87772,2.63624,0.308279,11,5,6,0,2,1,3,0,0,3,15,0,3,13,0,3,13,0,4,20,0,2,3,0,6,20,0,5,44,0,5,31,0,8,60,0,12,27,0,13,137,0,4,82,0,11,81,0,8,155,0,15,311,0,18,345,0,19,453,0,22,348,0,30,228,0,37,635,0,15,1140,0,48,630,0,43,1266,0,36,1516,0,83,1701,0,95,2081,0,60,3795,0,73,5234,0,160,2337,0,95,4132,0,100,9546,0,171,8559,0,223,13778,0,281,13396,0,185,18690,0,142,19506,0,230,16919,0,185,30551,0,473,48325,0,439,64165,0,503,128370,0,542,46934,0,673,85174,0,970,93427,0,786,166256,0,369,203590,0,1116,186592,0,765,155276,0,1135,202788,0,1815,259932,0
-1.05176e+08,3.03665e-61,8.88811e-15,10,1023,0,1.05176e+08,0.528882,1.08665,0.389689,0.145397,0.379329,3.24381,0.161596,0.446195,1.77396,0.159177,1.15e+07,4.49998e+06,6.79999e+06,1.15e+07,4.49997e+06,6.79999e+06,1.15e+07,4.49996e+06,6.79999e+06,1.15e+07,4.49995e+06,6.79999e+06,1.14999e+07,4.49993e+06,6.79999e+06,1.14999e+07,4.49991e+06,6.79999e+06,1.14999e+07,4.49989e+06,6.79999e+06,1.14999e+07,4.49986e+06,6.79999e+06,1.14999e+07,4.49982e+06,6.79999e+06,1.14999e+07,4.49977e+06,6.79999e+06,1.14999e+07,4.49971e+06,6.79999e+06,1.14999e+07,4.49963e+06,6.79999e+06,1.14998e+07,4.49953e+06,6.79999e+06,1.14998e+07,4.49941e+06,6.79999e+06,1.14998e+07,4.49926e+06,6.79999e+06,1.14998e+07,4.49906e+06,6.79999e+06,1.14997e+07,4.49882e+06,6.79999e+06,1.14997e+07,4.49851e+06,6.79999e+06,1.14997e+07,4.49812e+06,6.79999e+06,1.14996e+07,4.49764e+06,6.79999e+06,1.14996e+07,4.49702e+06,6.79999e+06,1.14995e+07,4.49625e+06,6.79999e+06,1.14995e+07,4.49528e+06,6.79999e+06,1.14994e+07,4.49406e+06,6.79999e+06,1.14993e+07,4.49253e+06,6.79999e+06,1.14992e+07,4.49059e+06,6.79999e+06,1.14991e+07,4.48817e+06,6.79999e+06,1.1499e+07,4.48511e+06,6.79999e+06,1.14988e+07,4.48128e+06,6.79999e+06,1.14987e+07,4.47646e+06,6.79999e+06,1.14985e+07,4.47041e+06,6.79999e+06,1.14983e+07,4.46281e+06,6.79999e+06,1.14981e+07,4.4533e+06,6.79999e+06,1.14979e+07,4.44138e+06,6.79999e+06,1.14976e+07,4.42649e+06,6.79999e+06,1.14972e+07,4.40789e+06,6.79999e+06,1.14969e+07,4.38471e+06,6.79999e+06,1.14965e+07,4.35592e+06,6.79999e+06,1.1496e+07,4.32027e+06,6.79999e+06,1.14955e+07,4.27629e+06,6.79999e+06,1.14949e+07,4.22231e+06,6.79999e+06,1.14942e+07,4.15647e+06,6.79999e+06,1.14934e+07,4.07676e+06,6.79999e+06,1.14926e+07,3.98112e+06,6.79999e+06,1.14916e+07,3.86765e+06,6.79999e+06,1.14905e+07,3.73474e+06,6.79999e+06,1.14892e+07,3.58148e+06,6.79999e+06,1.14878e+07,3.40785e+06,6.79999e+06,1.14862e+07,3.21513e+06,6.79999e+06,1.14844e+07,3.00605e+06,6.79999e+06,1.14823e+07,2.7848e+06,6.79999e+06,1.148e+07,2.5568e+06,6.79999e+06,1.14773e+07,2.32825e+06,6.79999e+06,13.5742,8.52444,0.508366,16.8306,13.2585,0.162638,20.0035,17.569,0.0507846,23.2616,22.4214,0.0158319,26.7328,28.3297,0.00493498,30.5212,35.6974,0.00153831,34.7178,44.9473,0.000479527,39.4086,56.5822,0.000149456,44.6796,71.2245,4.66214e-05,50.6209,89.6543,1.45419e-05,57.3297,112.852,4.54748e-06,64.9129,142.051,1.43857e-06,73.4897,178.803,4.36618e-07,83.1934,225.062,1.40153e-07,94.1745,283.286,4.96378e-08,106.602,356.568,1.05434e-07,120.669,448.799,-6.49244e-08,136.59,564.873,1.70148e-07,154.611,710.948,-5.34594e-08,175.008,894.767,1.63407e-07,198.097,1126.06,8.04804e-08,224.231,1417.07,1.14667e-07,253.813,1783.15,-1.71227e-07,287.297,2243.62,-2.88466e-07,325.198,2822.67,-4.33651e-07,368.098,3550.67,7.9318e-08,416.657,4465.65,3.13319e-07,471.621,5615.16,3.4613e-07,533.835,7058.61,-1.19199e-07,604.255,8870.02,-2.79964e-07,683.962,11141.4,-2.30521e-07,774.182,13986.7,-2.55099e-07,876.299,17546.4,1.23585e-07,991.883,21993.1,1.41192e-07,1122.71,27536.7,-9.71886e-08,1270.78,34430.7,-3.68368e-07,1438.38,42977.7,-3.45379e-07,1628.07,53532.7,-3.25328e-09,1842.77,66504.6,2.6362e-07,2085.77,82350.2,2.53445e-07,2360.79,101560,-2.47407e-08,2672.05,124632,-3.80602e-07,3024.31,152018,-4.79005e-07,3422.98,184060,-1.14379e-07,3874.15,220884,2.64297e-07,4384.72,262283,3.44131e-07,4962.49,307576,7.5349e-08,5616.29,355497,-3.63097e-07,6356.1,404126,-6.05442e-07,7193.18,450932,-2.72333e-07,8140.28,492963,2.29675e-07,9211.79,527178,4.3387e-07,10424,550893,-1.0711e-07,10.102,8.06553,2.81012,10.6436,8.57909,0.869423,11.5336,10.2515,0.270869,12.7211,12.7138,0.0844293,14.1823,15.9373,0.0263173,15.9122,20.0383,0.0082035,17.9198,25.2154,0.00255722,20.2244,31.7373,0.000797017,22.8539,39.9486,0.000248622,25.8438,50.2851,7.75492e-05,29.237,63.2963,2.42508e-05,33.0837,79.6738,7.67162e-06,37.4415,100.288,2.32837e-06,42.3767,126.236,7.33e-07,47.9646,158.896,2.79256e-07,54.2906,200.003,9.87351e-09,61.452,251.741,1.61085e-07,69.5585,316.859,-2.47141e-07,78.7347,398.812,8.93552e-08,89.1218,501.948,-2.53231e-07,100.879,631.736,-1.25047e-07,114.188,795.049,-1.78808e-07,129.252,1000.53,2.6733e-07,146.304,1259.03,4.50292e-07,165.605,1584.19,6.76904e-07,187.452,1993.12,-1.23808e-07,212.181,2507.27,-4.89068e-07,240.173,3153.54,-5.40284e-07,271.856,3965.56,1.86061e-07,307.719,4985.38,4.37004e-07,348.313,6265.4,3.59828e-07,394.26,7870.83,3.98192e-07,446.268,9882.51,-1.92908e-07,505.135,12400.3,-2.20392e-07,571.766,15546.9,1.51705e-07,647.184,19472.2,5.74996e-07,732.547,24357.4,5.39112e-07,829.167,30420,5.07815e-09,938.526,37916.3,-4.11492e-07,1062.3,47143.9,-3.9561e-07,1202.4,58439.2,3.86185e-08,1360.96,72169.3,5.94093e-07,1540.42,88715.8,7.47693e-07,1743.53,108445,1.78537e-07,1973.41,131665,-4.12549e-07,2233.57,158557,-5.37164e-07,2528,189103,-1.17615e-07,2861.2,222986,5.66769e-07,3238.27,259510,9.45053e-07,3664.97,297540,4.25093e-07,4147.81,335497,-3.58506e-07,4694.17,371444,-6.7724e-07,5312.37,403256,1.67192e-07,1.61744,3.89446,9.84394,3.28846,7.5504,12.774,5.07607,11.7187,13.6844,7.03202,16.8147,13.9681,9.20215,23.1769,14.0566,11.6301,31.1672,14.0841,14.3598,41.2186,14.0927,17.4376,53.8688,14.0954,20.9137,69.7915,14.0962,24.8432,89.8341,14.0965,29.2879,115.063,14.0966,34.3168,146.819,14.0966,40.0078,186.792,14.0966,46.4487,237.107,14.0966,53.7388,300.44,14.0966,61.9903,380.158,14.0966,71.3301,480.499,14.0966,81.902,606.796,14.0966,93.8685,765.761,14.0966,107.414,965.837,14.0966,122.746,1217.65,14.0966,140.101,1534.57,14.0966,159.745,1933.41,14.0966,181.981,2435.3,14.0966,207.15,3066.85,14.0966,235.64,3861.46,14.0966,267.889,4861.11,14.0966,304.391,6118.54,14.0966,345.709,7699.91,14.0966,392.478,9688.22,14.0966,445.417,12187.5,14.0966,505.339,15327.7,14.0966,573.165,19271.6,14.0966,649.938,24222,14.0966,736.839,30430.9,14.0966,835.202,38211.5,14.0966,946.539,47950.3,14.0966,1072.56,60122.8,14.0966,1215.21,75309.9,14.0966,1376.66,94216.2,14.0966,1559.41,117688,14.0966,1766.26,146729,14.0966,2000.39,182510,14.0966,2265.39,226372,14.0966,2565.33,279806,14.0966,2904.81,344416,14.0966,3289.05,421845,14.0966,3723.93,513667,14.0966,4216.13,621231,14.0966,4773.18,745478,14.0966,5403.64,886744,14.0966,6117.15,1.04457e+06,14.0966,6924.63,1.2176e+06,14.0966,11.7194,11.96,12.6541,13.9321,16.1295,13.6434,16.6097,21.9702,13.9553,19.7532,29.5285,14.0526,23.3844,39.1143,14.0829,27.5423,51.2054,14.0923,32.2796,66.434,14.0953,37.662,85.6061,14.0962,43.7675,109.74,14.0965,50.687,140.119,14.0966,58.5249,178.359,14.0966,67.4005,226.493,14.0966,77.4493,287.08,14.0966,88.8254,363.343,14.0966,101.703,459.336,14.0966,116.281,580.161,14.0966,132.782,732.241,14.0966,151.46,923.655,14.0966,172.603,1164.57,14.0966,196.535,1467.79,14.0966,223.625,1849.39,14.0966,254.288,2329.62,14.0966,288.997,2933.93,14.0966,328.285,3694.33,14.0966,372.755,4651.04,14.0966,423.092,5854.57,14.0966,480.07,7368.38,14.0966,544.564,9272.08,14.0966,617.566,11665.5,14.0966,700.197,14673.6,14.0966,793.729,18452.9,14.0966,899.599,23198.6,14.0966,1019.43,29154.1,14.0966,1155.07,36622.3,14.0966,1308.6,45977.9,14.0966,1482.39,57683.7,14.0966,1679.09,72307.8,14.0966,1901.73,90542.8,14.0966,2153.73,113226,14.0966,2438.97,141360,14.0966,2761.81,176127,14.0966,3127.22,218898,14.0966,3540.81,271226,14.0966,4008.92,334817,14.0966,4538.74,411470,14.0966,5138.38,502973,14.0966,5817.04,610948,14.0966,6585.12,736653,14.0966,7454.39,880741,14.0966,8438.15,1.04302e+06,14.0966,9551.45,1.22224e+06,14.0966,10811.3,1.41602e+06,14.0966,12237,1.62086e+06,14.0966,11.7194,11.96,12.6541,2.21263,4.16949,0.989383,2.67766,5.84076,0.311842,3.14343,7.55825,0.0972771,3.63127,9.58578,0.0303237,4.15787,12.0912,0.00945211,4.73731,15.2286,0.00294633,5.38238,19.1721,0.000918508,6.10553,24.134,0.000286163,6.91951,30.3791,8.92692e-05,7.83792,38.2397,2.78121e-05,8.87555,48.1338,8.65134e-06,10.0489,60.5876,2.7882e-06,11.3761,76.2629,8.29036e-07,12.8779,95.9927,2.4373e-07,14.5775,120.825,4.33068e-09,16.5012,152.08,1.75749e-07,18.6784,191.415,-1.86328e-07,21.1428,240.917,1.91829e-07,23.9322,303.213,-1.81475e-07,27.0895,381.602,7.0186e-08,30.6634,480.231,-2.86769e-08,34.7087,604.316,2.40784e-07,39.2876,760.401,9.87368e-08,44.4705,956.705,1.22263e-07,50.3371,1203.54,-4.31966e-07,56.9776,1513.81,-1.9705e-07,64.494,1903.69,-2.763e-08,73.0018,2393.4,3.9185e-07,82.6317,3008.13,1.35379e-07,93.5318,3779.25,-4.16351e-08,105.869,4745.7,2.06965e-08,119.834,5955.6,-3.18887e-07,135.641,7468.12,-1.48271e-08,153.531,9355.62,2.00739e-07,173.781,11705.8,2.28358e-07,196.701,14624.1,-1.93587e-08,222.642,18235,-2.88101e-07,252.003,22683.4,-2.24732e-07,285.234,28134,8.56806e-09,322.845,34767,2.34258e-07,365.413,42770.9,2.99668e-07,413.588,52327.9,8.28644e-08,468.111,63591.2,-3.07049e-07,529.814,76653.2,-3.1888e-07,599.642,91502.5,-6.72276e-08,678.662,107975,2.26339e-07,768.083,125705,3.69212e-07,869.267,144088,2.04077e-07,983.76,162277,-2.80509e-07,1113.3,179223,-4.22737e-07,1259.87,193777,-1.71951e-07,1425.68,204839,4.55555e-07,11.7194,11.96,12.6541,2.21263,4.16949,0.989383,2.67766,5.84076,0.311842,3.14343,7.55825,0.0972771,3.63127,9.58578,0.0303237,4.15787,12.0912,0.00945211,4.73731,15.2286,0.00294633,5.38238,19.1721,0.000918508,6.10553,24.134,0.000286163,6.91951,30.3791,8.92692e-05,7.83792,38.2397,2.78121e-05,8.87555,48.1338,8.65134e-06,10.0489,60.5876,2.7882e-06,11.3761,76.2629,8.29036e-07,12.8779,95.9927,2.4373e-07,14.5775,120.825,1e-08,16.5012,152.08,1.75749e-07,18.6784,191.415,1e-08,21.1428,240.917,1.91829e-07,23.9322,303.213,1e-08,27.0895,381.602,7.0186e-08,30.6634,480.231,1e-08,34.7087,604.316,2.40784e-07,39.2876,760.401,9.87368e-08,44.4705,956.705,1.22263e-07,50.3371,1203.54,1e-08,56.9776,1513.81,1e-08,64.494,1903.69,1e-08,73.0018,2393.4,3.9185e-07,82.6317,3008.13,1.35379e-07,93.5318,3779.25,1e-08,105.869,4745.7,2.06965e-08,119.834,5955.6,1e-08,135.641,7468.12,1e-08,153.531,9355.62,2.00739e-07,173.781,11705.8,2.28358e-07,196.701,14624.1,1e-08,222.642,18235,1e-08,252.003,22683.4,1e-08,285.234,28134,1e-08,322.845,34767,2.34258e-07,365.413,42770.9,2.99668e-07,413.588,52327.9,8.28644e-08,468.111,63591.2,1e-08,529.814,76653.2,1e-08,599.642,91502.5,1e-08,678.662,107975,2.26339e-07,768.083,125705,3.69212e-07,869.267,144088,2.04077e-07,983.76,162277,1e-08,1113.3,179223,1e-08,1259.87,193777,1e-08,1425.68,204839,4.55555e-07,6.2823,3.27286,2.43537,0.219672,6.18826,2.24117,0.56371,6.87772,2.63624,0.308279,16,6,15,4,2,0,6,4,1,4,10,0,5,4,0,8,8,0,2,10,0,3,15,0,9,12,0,8,19,0,6,41,0,11,35,0,16,61,0,13,34,0,12,133,0,21,137,0,11,97,0,15,262,0,16,296,0,31,302,0,54,301,0,19,420,0,26,553,0,48,518,0,51,1241,0,39,704,0,78,1580,0,28,821,0,32,3241,0,125,4797,0,76,4717,0,102,3877,0,92,5432,0,77,8492,0,138,5904,0,209,12161,0,128,9769,0,198,12360,0,108,22932,0,519,36301,0,332,26576,0,328,58389,0,365,101459,0,334,27942,0,621,70949,0,1027,140294,0,651,189558,0,1229,115950,0,1004,138423,0,1063,130804,0,1283,340246,0,1231,216921,0,1718,197002,0
-1.05176e+08,1,8.88811e-15,10,1023,0,1.05176e+08,0.528882,1.08665,0.389689,0.145397,0.379329,3.24381,0.161596,0.446195,1.77396,0.159177,1.15e+07,4.49998e+06,6.79999e+06,1.15e+07,4.49997e+06,6.79999e+06,1.15e+07,4.49996e+06,6.79999e+06,1.15e+07,4.49995e+06,6.79999e+06,1.14999e+07,4.49993e+06,6.79999e+06,1.14999e+07,4.49991e+06,6.79999e+06,1.14999e+07,4.49989e+06,6.79999e+06,1.14999e+07,4.49986e+06,6.79999e+06,1.14999e+07,4.49982e+06,6.79999e+06,1.14999e+07,4.49977e+06,6.79999e+06,1.14999e+07,4.49971e+06,6.79999e+06,1.14999e+07,4.49963e+06,6.79999e+06,1.14998e+07,4.49953e+06,6.79999e+06,1.14998e+07,4.49941e+06,6.79999e+06,1.14998e+07,4.49926e+06,6.79999e+06,1.14998e+07,4.49906e+06,6.79999e+06,1.14997e+07,4.49882e+06,6.79999e+06,1.14997e+07,4.49851e+06,6.79999e+06,1.14997e+07,4.49812e+06,6.79999e+06,1.14996e+07,4.49764e+06,6.79999e+06,1.14996e+07,4.49702e+06,6.79999e+06,1.14995e+07,4.49625e+06,6.79999e+06,1.14995e+07,4.49528e+06,6.79999e+06,1.14994e+07,4.49406e+06,6.79999e+06,1.14993e+07,4.49253e+06,6.79999e+06,1.14992e+07,4.49059e+06,6.79999e+06,1.14991e+07,4.48817e+06,6.79999e+06,1.1499e+07,4.48511e+06,6.79999e+06,1.14988e+07,4.48128e+06,6.79999e+06,1.14987e+07,4.47646e+06,6.79999e+06,1.14985e+07,4.47041e+06,6.79999e+06,1.14983e+07,4.46281e+06,6.79999e+06,1.14981e+07,4.4533e+06,6.79999e+06,1.14979e+07,4.44138e+06,6.79999e+06,1.14976e+07,4.42649e+06,6.79999e+06,1.14972e+07,4.40789e+06,6.79999e+06,1.14969e+07,4.38471e+06,6.79999e+06,1.14965e+07,4.35592e+06,6.79999e+06,1.1496e+07,4.32027e+06,6.79999e+06,1.14955e+07,4.27629e+06,6.79999e+06,1.14949e+07,4.22231e+06,6.79999e+06,1.14942e+07,4.15647e+06,6.79999e+06,1.14934e+07,4.07676e+06,6.79999e+06,1.14926e+07,3.98112e+06,6.79999e+06,1.14916e+07,3.86765e+06,6.79999e+06,1.14905e+07,3.73474e+06,6.79999e+06,1.14892e+07,3.58148e+06,6.79999e+06,1.14878e+07,3.40785e+06,6.79999e+06,1.14862e+07,3.21513e+06,6.79999e+06,1.14844e+07,3.00605e+06,6.79999e+06,1.14823e+07,2.7848e+06,6.79999e+06,1.148e+07,2.5568e+06,6.79999e+06,1.14773e+07,2.32825e+06,6.79999e+06,13.5742,8.52444,0.508366,16.8306,13.2585,0.162638,20.0035,17.569,0.0507846,23.2616,22.4214,0.0158319,26.7328,28.3297,0.00493498,30.5212,35.6974,0.00153831,34.7178,44.9473,0.000479527,39.4086,56.5822,0.000149456,44.6796,71.2245,4.66214e-05,50.6209,89.6543,1.45419e-05,57.3297,112.852,4.54748e-06,64.9129,142.051,1.43857e-06,73.4897,178.803,4.36618e-07,83.1934,225.062,1.40153e-07,94.1745,283.286,4.96378e-08,106.602,356.568,1.05434e-07,120.669,448.799,-6.49244e-08,136.59,564.873,1.70148e-07,154.611,710.948,-5.34594e-08,175.008,894.767,1.63407e-07,198.097,1126.06,8.04804e-08,224.231,1417.07,1.14667e-07,253.813,1783.15,-1.71227e-07,287.297,2243.62,-2.88466e-07,325.198,2822.67,-4.33651e-07,368.098,3550.67,7.9318e-08,416.657,4465.65,3.13319e-07,471.621,5615.16,3.4613e-07,533.835,7058.61,-1.19199e-07,604.255,8870.02,-2.79964e-07,683.962,11141.4,-2.30521e-07,774.182,13986.7,-2.55099e-07,876.299,17546.4,1.23585e-07,991.883,21993.1,1.41192e-07,1122.71,27536.7,-9.71886e-08,1270.78,34430.7,-3.68368e-07,1438.38,42977.7,-3.45379e-07,1628.07,53532.7,-3.25328e-09,1842.77,66504.6,2.6362e-07,2085.77,82350.2,2.53445e-07,2360.79,101560,-2.47407e-08,2672.05,124632,-3.80602e-07,3024.31,152018,-4.79005e-07,3422.98,184060,-1.14379e-07,3874.15,220884,2.64297e-07,4384.72,262283,3.44131e-07,4962.49,307576,7.5349e-08,5616.29,355497,-3.63097e-07,6356.1,404126,-6.05442e-07,7193.18,450932,-2.72333e-07,8140.28,492963,2.29675e-07,9211.79,527178,4.3387e-07,10424,550893,-1.0711e-07,10.102,8.06553,2.81012,10.6436,8.57909,0.869423,11.5336,10.2515,0.270869,12.7211,12.7138,0.0844293,14.1823,15.9373,0.0263173,15.9122,20.0383,0.0082035,17.9198,25.2154,0.00255722,20.2244,31.7373,0.000797017,22.8539,39.9486,0.000248622,25.8438,50.2851,7.75492e-05,29.237,63.2963,2.42508e-05,33.0837,79.6738,7.67162e-06,37.4415,100.288,2.32837e-06,42.3767,126.236,7.33e-07,47.9646,158.896,2.79256e-07,54.2906,200.003,9.87351e-09,61.452,251.741,1.61085e-07,69.5585,316.859,-2.47141e-07,78.7347,398.812,8.93552e-08,89.1218,501.948,-2.53231e-07,100.879,631.736,-1.25047e-07,114.188,795.049,-1.78808e-07,129.252,1000.53,2.6733e-07,146.304,1259.03,4.50292e-07,165.605,1584.19,6.76904e-07,187.452,1993.12,-1.23808e-07,212.181,2507.27,-4.89068e-07,240.173,3153.54,-5.40284e-07,271.856,3965.56,1.86061e-07,307.719,4985.38,4.37004e-07,348.313,6265.4,3.59828e-07,394.26,7870.83,3.98192e-07,446.268,9882.51,-1.92908e-07,505.135,12400.3,-2.20392e-07,571.766,15546.9,1.51705e-07,647.184,19472.2,5.74996e-07,732.547,24357.4,5.39112e-07,829.167,30420,5.07815e-09,938.526,37916.3,-4.11492e-07,1062.3,47143.9,-3.9561e-07,1202.4,58439.2,3.86185e-08,1360.96,72169.3,5.94093e-07,1540.42,88715.8,7.47693e-07,1743.53,108445,1.78537e-07,1973.41,131665,-4.12549e-07,2233.57,158557,-5.37164e-07,2528,189103,-1.17615e-07,2861.2,222986,5.66769e-07,3238.27,259510,9.45053e-07,3664.97,297540,4.25093e-07,4147.81,335497,-3.58506e-07,4694.17,371444,-6.7724e-07,5312.37,403256,1.67192e-07,1.61744,3.89446,9.84394,3.28846,7.5504,12.774,5.07607,11.7187,13.6844,7.03202,16.8147,13.9681,9.20215,23.1769,14.0566,11.6301,31.1672,14.0841,14.3598,41.2186,14.0927,17.4376,53.8688,14.0954,20.9137,69.7915,14.0962,24.8432,89.8341,14.0965,29.2879,115.063,14.0966,34.3168,146.819,14.0966,40.0078,186.792,14.0966,46.4487,237.107,14.0966,53.7388,300.44,14.0966,61.9903,380.158,14.0966,71.3301,480.499,14.0966,81.902,606.796,14.0966,93.8685,765.761,14.0966,107.414,965.837,14.0966,122.746,1217.65,14.0966,140.101,1534.57,14.0966,159.745,1933.41,14.0966,181.981,2435.3,14.0966,207.15,3066.85,14.0966,235.64,3861.46,14.0966,267.889,4861.11,14.0966,304.391,6118.54,14.0966,345.709,7699.91,14.0966,392.478,9688.22,14.0966,445.417,12187.5,14.0966,505.339,15327.7,14.0966,573.165,19271.6,14.0966,649.938,24222,14.0966,736.839,30430.9,14.0966,835.202,38211.5,14.0966,946.539,47950.3,14.0966,1072.56,60122.8,14.0966,1215.21,75309.9,14.0966,1376.66,94216.2,14.0966,1559.41,117688,14.0966,1766.26,146729,14.0966,2000.39,182510,14.0966,2265.39,226372,14.0966,2565.33,279806,14.0966,2904.81,344416,14.0966,3289.05,421845,14.0966,3723.93,513667,14.0966,4216.13,621231,14.0966,4773.18,745478,14.0966,5403.64,886744,14.0966,6117.15,1.04457e+06,14.0966,6924.63,1.2176e+06,14.0966,11.7194,11.96,12.6541,13.9321,16.1295,13.6434,16.6097,21.9702,13.9553,19.7532,29.5285,14.0526,23.3844,39.1143,14.0829,27.5423,51.2054,14.0923,32.2796,66.434,14.0953,37.662,85.6061,14.0962,43.7675,109.74,14.0965,50.687,140.119,14.0966,58.5249,178.359,14.0966,67.4005,226.493,14.0966,77.4493,287.08,14.0966,88.8254,363.343,14.0966,101.703,459.336,14.0966,116.281,580.161,14.0966,132.782,732.241,14.0966,151.46,923.655,14.0966,172.603,1164.57,14.0966,196.535,1467.79,14.0966,223.625,1849.39,14.0966,254.288,2329.62,14.0966,288.997,2933.93,14.0966,328.285,3694.33,14.0966,372.755,4651.04,14.0966,423.092,5854.57,14.0966,480.07,7368.38,14.0966,544.564,9272.08,14.0966,617.566,11665.5,14.0966,700.197,14673.6,14.0966,793.729,18452.9,14.0966,899.599,23198.6,14.0966,1019.43,29154.1,14.0966,1155.07,36622.3,14.0966,1308.6,45977.9,14.0966,1482.39,57683.7,14.0966,1679.09,72307.8,14.0966,1901.73,90542.8,14.0966,2153.73,113226,14.0966,2438.97,141360,14.0966,2761.81,176127,14.0966,3127.22,218898,14.0966,3540.81,271226,14.0966,4008.92,334817,14.0966,4538.74,411470,14.0966,5138.38,502973,14.0966,5817.04,610948,14.0966,6585.12,736653,14.0966,7454.39,880741,14.0966,8438.15,1.04302e+06,14.0966,9551.45,1.22224e+06,14.0966,10811.3,1.41602e+06,14.0966,12237,1.62086e+06,14.0966,11.7194,11.96,12.6541,2.21263,4.16949,0.989383,2.67766,5.84076,0.311842,3.14343,7.55825,0.0972771,3.63127,9.58578,0.0303237,4.15787,12.0912,0.00945211,4.73731,15.2286,0.00294633,5.38238,19.1721,0.000918508,6.10553,24.134,0.000286163,6.91951,30.3791,8.92692e-05,7.83792,38.2397,2.78121e-05,8.87555,48.1338,8.65134e-06,10.0489,60.5876,2.7882e-06,11.3761,76.2629,8.29036e-07,12.8779,95.9927,2.4373e-07,14.5775,120.825,4.33068e-09,16.5012,152.08,1.75749e-07,18.6784,191.415,-1.86328e-07,21.1428,240.917,1.91829e-07,23.9322,303.213,-1.81475e-07,27.0895,381.602,7.0186e-08,30.6634,480.231,-2.86769e-08,34.7087,604.316,2.40784e-07,39.2876,760.401,9.87368e-08,44.4705,956.705,1.22263e-07,50.3371,1203.54,-4.31966e-07,56.9776,1513.81,-1.9705e-07,64.494,1903.69,-2.763e-08,73.0018,2393.4,3.9185e-07,82.6317,3008.13,1.35379e-07,93.5318,3779.25,-4.16351e-08,105.869,4745.7,2.06965e-08,119.834,5955.6,-3.18887e-07,135.641,7468.12,-1.48271e-08,153.531,9355.62,2.00739e-07,173.781,11705.8,2.28358e-07,196.701,14624.1,-1.93587e-08,222.642,18235,-2.88101e-07,252.003,22683.4,-2.24732e-07,285.234,28134,8.56806e-09,322.845,34767,2.34258e-07,365.413,42770.9,2.99668e-07,413.588,52327.9,8.28644e-08,468.111,63591.2,-3.07049e-07,529.814,76653.2,-3.1888e-07,599.642,91502.5,-6.72276e-08,678.662,107975,2.26339e-07,768.083,125705,3.69212e-07,869.267,144088,2.04077e-07,983.76,162277,-2.80509e-07,1113.3,179223,-4.22737e-07,1259.87,193777,-1.71951e-07,1425.68,204839,4.55555e-07,11.7194,11.96,12.6541,2.21263,4.16949,0.989383,2.67766,5.84076,0.311842,3.14343,7.55825,0.0972771,3.63127,9.58578,0.0303237,4.15787,12.0912,0.00945211,4.73731,15.2286,0.00294633,5.38238,19.1721,0.000918508,6.10553,24.134,0.000286163,6.91951,30.3791,8.92692e-05,7.83792,38.2397,2.78121e-05,8.87555,48.1338,8.65134e-06,10.0489,60.5876,2.7882e-06,11.3761,76.2629,8.29036e-07,12.8779,95.9927,2.4373e-07,14.5775,120.825,1e-08,16.5012,152.08,1.75749e-07,18.6784,191.415,1e-08,21.1428,240.917,1.91829e-07,23.9322,303.213,1e-08,27.0895,381.602,7.0186e-08,30.6634,480.231,1e-08,34.7087,604.316,2.40784e-07,39.2876,760.401,9.87368e-08,44.4705,956.705,1.22263e-07,50.3371,1203.54,1e-08,56.9776,1513.81,1e-08,64.494,1903.69,1e-08,73.0018,2393.4,3.9185e-07,82.6317,3008.13,1.35379e-07,93.5318,3779.25,1e-08,105.869,4745.7,2.06965e-08,119.834,5955.6,1e-08,135.641,7468.12,1e-08,153.531,9355.62,2.00739e-07,173.781,11705.8,2.28358e-07,196.701,14624.1,1e-08,222.642,18235,1e-08,252.003,22683.4,1e-08,285.234,28134,1e-08,322.845,34767,2.34258e-07,365.413,42770.9,2.99668e-07,413.588,52327.9,8.28644e-08,468.111,63591.2,1e-08,529.814,76653.2,1e-08,599.642,91502.5,1e-08,678.662,107975,2.26339e-07,768.083,125705,3.69212e-07,869.267,144088,2.04077e-07,983.76,162277,1e-08,1113.3,179223,1e-08,1259.87,193777,1e-08,1425.68,204839,4.55555e-07,6.2823,3.27286,2.43537,0.219672,6.18826,2.24117,0.56371,6.87772,2.63624,0.308279,7,10,8,4,9,0,1,7,0,2,6,0,4,5,0,3,7,0,3,10,0,6,19,0,3,44,0,1,33,0,7,43,0,5,35,0,5,67,0,16,65,0,14,64,0,25,156,0,22,176,0,10,136,0,18,50,0,18,470,0,36,403,0,45,939,0,30,563,0,21,777,0,51,1113,0,64,1355,0,34,1364,0,41,3195,0,58,2085,0,97,1710,0,138,2861,0,59,3755,0,100,3670,0,94,10091,0,133,14896,0,205,6649,0,216,10639,0,264,13560,0,159,15807,0,199,34489,0,207,29555,0,690,70935,0,411,65133,0,607,60078,0,382,55871,0,450,77302,0,517,76738,0,656,138992,0,487,298285,0,570,116277,0,1216,227838,0,908,190933,0,1732,330198,0
-1.05176e+08,1,8.88811e-15,10,1023,0,1.05176e+08,0.528882,1.08665,0.389689,0.145397,0.379329,3.24381,0.161596,0.446195,1.77396,0.159177,1.15e+07,4.49998e+06,6.79999e+06,1.15e+07,4.49997e+06,6.79999e+06,1.15e+07,4.49996e+06,6.79999e+06,1.15e+07,4.49995e+06,6.79999e+06,1.14999e+07,4.49993e+06,6.79999e+06,1.14999e+07,4.49991e+06,6.79999e+06,1.14999e+07,4.49989e+06,6.79999e+06,1.14999e+07,4.49986e+06,6.79999e+06,1.14999e+07,4.49982e+06,6.79999e+06,1.14999e+07,4.49977e+06,6.79999e+06,1.14999e+07,4.49971e+06,6.79999e+06,1.14999e+07,4.49963e+06,6.79999e+06,1.14998e+07,4.49953e+06,6.79999e+06,1.14998e+07,4.49941e+06,6.79999e+06,1.14998e+07,4.49926e+06,6.79999e+06,1.14998e+07,4.49906e+06,6.79999e+06,1.14997e+07,4.49882e+06,6.79999e+06,1.14997e+07,4.49851e+06,6.79999e+06,1.14997e+07,4.49812e+06,6.79999e+06,1.14996e+07,4.49764e+06,6.79999e+06,1.14996e+07,4.49702e+06,6.79999e+06,1.14995e+07,4.49625e+06,6.79999e+06,1.14995e+07,4.49528e+06,6.79999e+06,1.14994e+07,4.49406e+06,6.79999e+06,1.14993e+07,4.49253e+06,6.79999e+06,1.14992e+07,4.49059e+06,6.79999e+06,1.14991e+07,4.48817e+06,6.79999e+06,1.1499e+07,4.48511e+06,6.79999e+06,1.14988e+07,4.48128e+06,6.79999e+06,1.14987e+07,4.47646e+06,6.79999e+06,1.14985e+07,4.47041e+06,6.79999e+06,1.14983e+07,4.46281e+06,6.79999e+06,1.14981e+07,4.4533e+06,6.79999e+06,1.14979e+07,4.44138e+06,6.79999e+06,1.14976e+07,4.42649e+06,6.79999e+06,1.14972e+07,4.40789e+06,6.79999e+06,1.14969e+07,4.38471e+06,6.79999e+06,1.14965e+07,4.35592e+06,6.79999e+06,1.1496e+07,4.32027e+06,6.79999e+06,1.14955e+07,4.27629e+06,6.79999e+06,1.14949e+07,4.22231e+06,6.79999e+06,1.14942e+07,4.15647e+06,6.79999e+06,1.14934e+07,4.07676e+06,6.79999e+06,1.14926e+07,3.98112e+06,6.79999e+06,1.14916e+07,3.86765e+06,6.79999e+06,1.14905e+07,3.73474e+06,6.79999e+06,1.14892e+07,3.58148e+06,6.79999e+06,1.14878e+07,3.40785e+06,6.79999e+06,1.14862e+07,3.21513e+06,6.79999e+06,1.14844e+07,3.00605e+06,6.79999e+06,1.14823e+07,2.7848e+06,6.79999e+06,1.148e+07,2.5568e+06,6.79999e+06,1.14773e+07,2.32825e+06,6.79999e+06,13.5742,8.52444,0.508366,16.8306,13.2585,0.162638,20.0035,17.569,0.0507846,23.2616,22.4214,0.0158319,26.7328,28.3297,0.00493498,30.5212,35.6974,0.00153831,34.7178,44.9473,0.000479527,39.4086,56.5822,0.000149456,44.6796,71.2245,4.66214e-05,50.6209,89.6543,1.45419e-05,57.3297,112.852,4.54748e-06,64.9129,142.051,1.43857e-06,73.4897,178.803,4.36618e-07,83.1934,225.062,1.40153e-07,94.1745,283.286,4.96378e-08,106.602,356.568,1.05434e-07,120.669,448.799,-6.49244e-08,136.59,564.873,1.70148e-07,154.611,710.948,-5.34594e-08,175.008,894.767,1.63407e-07,198.097,1126.06,8.04804e-08,224.231,1417.07,1.14667e-07,253.813,1783.15,-1.71227e-07,287.297,2243.62,-2.88466e-07,325.198,2822.67,-4.33651e-07,368.098,3550.67,7.9318e-08,416.657,4465.65,3.13319e-07,471.621,5615.16,3.4613e-07,533.835,7058.61,-1.19199e-07,604.255,8870.02,-2.79964e-07,683.962,11141.4,-2.30521e-07,774.182,13986.7,-2.55099e-07,876.299,17546.4,1.23585e-07,991.883,21993.1,1.41192e-07,1122.71,27536.7,-9.71886e-08,1270.78,34430.7,-3.68368e-07,1438.38,42977.7,-3.45379e-07,1628.07,53532.7,-3.25328e-09,1842.77,66504.6,2.6362e-07,2085.77,82350.2,2.53445e-07,2360.79,101560,-2.47407e-08,2672.05,124632,-3.80602e-07,3024.31,152018,-4.79005e-07,3422.98,184060,-1.14379e-07,3874.15,220884,2.64297e-07,4384.72,262283,3.44131e-07,4962.49,307576,7.5349e-08,5616.29,355497,-3.63097e-07,6356.1,404126,-6.05442e-07,7193.18,450932,-2.72333e-07,8140.28,492963,2.29675e-07,9211.79,527178,4.3387e-07,10424,550893,-1.0711e-07,10.102,8.06553,2.81012,10.6436,8.57909,0.869423,11.5336,10.2515,0.270869,12.7211,12.7138,0.0844293,14.1823,15.9373,0.0263173,15.9122,20.0383,0.0082035,17.9198,25.2154,0.00255722,20.2244,31.7373,0.000797017,22.8539,39.9486,0.000248622,25.8438,50.2851,7.75492e-05,29.237,63.2963,2.42508e-05,33.0837,79.6738,7.67162e-06,37.4415,100.288,2.32837e-06,42.3767,126.236,7.33e-07,47.9646,158.896,2.79256e-07,54.2906,200.003,9.87351e-09,61.452,251.741,1.61085e-07,69.5585,316.859,-2.47141e-07,78.7347,398.812,8.93552e-08,89.1218,501.948,-2.53231e-07,100.879,631.736,-1.25047e-07,114.188,795.049,-1.78808e-07,129.252,1000.53,2.6733e-07,146.304,1259.03,4.50292e-07,165.605,1584.19,6.76904e-07,187.452,1993.12,-1.23808e-07,212.181,2507.27,-4.89068e-07,240.173,3153.54,-5.40284e-07,271.856,3965.56,1.86061e-07,307.719,4985.38,4.37004e-07,348.313,6265.4,3.59828e-07,394.26,7870.83,3.98192e-07,446.268,9882.51,-1.92908e-07,505.135,12400.3,-2.20392e-07,571.766,15546.9,1.51705e-07,647.184,19472.2,5.74996e-07,732.547,24357.4,5.39112e-07,829.167,30420,5.07815e-09,938.526,37916.3,-4.11492e-07,1062.3,47143.9,-3.9561e-07,1202.4,58439.2,3.86185e-08,1360.96,72169.3,5.94093e-07,1540.42,88715.8,7.47693e-07,1743.53,108445,1.78537e-07,1973.41,131665,-4.12549e-07,2233.57,158557,-5.37164e-07,2528,189103,-1.17615e-07,2861.2,222986,5.66769e-07,3238.27,259510,9.45053e-07,3664.97,297540,4.25093e-07,4147.81,335497,-3.58506e-07,4694.17,371444,-6.7724e-07,5312.37,403256,1.67192e-07,1.61744,3.89446,9.84394,3.28846,7.5504,12.774,5.07607,11.7187,13.6844,7.03202,16.8147,13.9681,9.20215,23.1769,14.0566,11.6301,31.1672,14.0841,14.3598,41.2186,14.0927,17.4376,53.8688,14.0954,20.9137,69.7915,14.0962,24.8432,89.8341,14.0965,29.2879,115.063,14.0966,34.3168,146.819,14.0966,40.0078,186.792,14.0966,46.4487,237.107,14.0966,53.7388,300.44,14.0966,61.9903,380.158,14.0966,71.3301,480.499,14.0966,81.902,606.796,14.0966,93.8685,765.761,14.0966,107.414,965.837,14.0966,122.746,1217.65,14.0966,140.101,1534.57,14.0966,159.745,1933.41,14.0966,181.981,2435.3,14.0966,207.15,3066.85,14.0966,235.64,3861.46,14.0966,267.889,4861.11,14.0966,304.391,6118.54,14.0966,345.709,7699.91,14.0966,392.478,9688.22,14.0966,445.417,12187.5,14.0966,505.339,15327.7,14.0966,573.165,19271.6,14.0966,649.938,24222,14.0966,736.839,30430.9,14.0966,835.202,38211.5,14.0966,946.539,47950.3,14.0966,1072.56,60122.8,14.0966,1215.21,75309.9,14.0966,1376.66,94216.2,14.0966,1559.41,117688,14.0966,1766.26,146729,14.0966,2000.39,182510,14.0966,2265.39,226372,14.0966,2565.33,279806,14.0966,2904.81,344416,14.0966,3289.05,421845,14.0966,3723.93,513667,14.0966,4216.13,621231,14.0966,4773.18,745478,14.0966,5403.64,886744,14.0966,6117.15,1.04457e+06,14.0966,6924.63,1.2176e+06,14.0966,11.7194,11.96,12.6541,13.9321,16.1295,13.6434,16.6097,21.9702,13.9553,19.7532,29.5285,14.0526,23.3844,39.1143,14.0829,27.5423,51.2054,14.0923,32.2796,66.434,14.0953,37.662,85.6061,14.0962,43.7675,109.74,14.0965,50.687,140.119,14.0966,58.5249,178.359,14.0966,67.4005,226.493,14.0966,77.4493,287.08,14.0966,88.8254,363.343,14.0966,101.703,459.336,14.0966,116.281,580.161,14.0966,132.782,732.241,14.0966,151.46,923.655,14.0966,172.603,1164.57,14.0966,196.535,1467.79,14.0966,223.625,1849.39,14.0966,254.288,2329.62,14.0966,288.997,2933.93,14.0966,328.285,3694.33,14.0966,372.755,4651.04,14.0966,423.092,5854.57,14.0966,480.07,7368.38,14.0966,544.564,9272.08,14.0966,617.566,11665.5,14.0966,700.197,14673.6,14.0966,793.729,18452.9,14.0966,899.599,23198.6,14.0966,1019.43,29154.1,14.0966,1155.07,36622.3,14.0966,1308.6,45977.9,14.0966,1482.39,57683.7,14.0966,1679.09,72307.8,14.0966,1901.73,90542.8,14.0966,2153.73,113226,14.0966,2438.97,141360,14.0966,2761.81,176127,14.0966,3127.22,218898,14.0966,3540.81,271226,14.0966,4008.92,334817,14.0966,4538.74,411470,14.0966,5138.38,502973,14.0966,5817.04,610948,14.0966,6585.12,736653,14.0966,7454.39,880741,14.0966,8438.15,1.04302e+06,14.0966,9551.45,1.22224e+06,14.0966,10811.3,1.41602e+06,14.0966,12237,1.62086e+06,14.0966,11.7194,11.96,12.6541,2.21263,4.16949,0.989383,2.67766,5.84076,0.311842,3.14343,7.55825,0.0972771,3.63127,9.58578,0.0303237,4.15787,12.0912,0.00945211,4.73731,15.2286,0.00294633,5.38238,19.1721,0.000918508,6.10553,24.134,0.000286163,6.91951,30.3791,8.92692e-05,7.83792,38.2397,2.78121e-05,8.87555,48.1338,8.65134e-06,10.0489,60.5876,2.7882e-06,11.3761,76.2629,8.29036e-07,12.8779,95.9927,2.4373e-07,14.5775,120.825,4.33068e-09,16.5012,152.08,1.75749e-07,18.6784,191.415,-1.86328e-07,21.1428,240.917,1.91829e-07,23.9322,303.213,-1.81475e-07,27.0895,381.602,7.0186e-08,30.6634,480.231,-2.86769e-08,34.7087,604.316,2.40784e-07,39.2876,760.401,9.87368e-08,44.4705,956.705,1.22263e-07,50.3371,1203.54,-4.31966e-07,56.9776,1513.81,-1.9705e-07,64.494,1903.69,-2.763e-08,73.0018,2393.4,3.9185e-07,82.6317,3008.13,1.35379e-07,93.5318,3779.25,-4.16351e-08,105.869,4745.7,2.06965e-08,119.834,5955.6,-3.18887e-07,135.641,7468.12,-1.48271e-08,153.531,9355.62,2.00739e-07,173.781,11705.8,2.28358e-07,196.701,14624.1,-1.93587e-08,222.642,18235,-2.88101e-07,252.003,22683.4,-2.24732e-07,285.234,28134,8.56806e-09,322.845,34767,2.34258e-07,365.413,42770.9,2.99668e-07,413.588,52327.9,8.28644e-08,468.111,63591.2,-3.07049e-07,529.814,76653.2,-3.1888e-07,599.642,91502.5,-6.72276e-08,678.662,107975,2.26339e-07,768.083,125705,3.69212e-07,869.267,144088,2.04077e-07,983.76,162277,-2.80509e-07,1113.3,179223,-4.22737e-07,1259.87,193777,-1.71951e-07,1425.68,204839,4.55555e-07,11.7194,11.96,12.6541,2.21263,4.16949,0.989383,2.67766,5.84076,0.311842,3.14343,7.55825,0.0972771,3.63127,9.58578,0.0303237,4.15787,12.0912,0.00945211,4.73731,15.2286,0.00294633,5.38238,19.1721,0.000918508,6.10553,24.134,0.000286163,6.91951,30.3791,8.92692e-05,7.83792,38.2397,2.78121e-05,8.87555,48.1338,8.65134e-06,10.0489,60.5876,2.7882e-06,11.3761,76.2629,8.29036e-07,12.8779,95.9927,2.4373e-07,14.5775,120.825,1e-08,16.5012,152.08,1.75749e-07,18.6784,191.415,1e-08,21.1428,240.917,1.91829e-07,23.9322,303.213,1e-08,27.0895,381.602,7.0186e-08,30.6634,480.231,1e-08,34.7087,604.316,2.40784e-07,39.2876,760.401,9.87368e-08,44.4705,956.705,1.22263e-07,50.3371,1203.54,1e-08,56.9776,1513.81,1e-08,64.494,1903.69,1e-08,73.0018,2393.4,3.9185e-07,82.6317,3008.13,1.35379e-07,93.5318,3779.25,1e-08,105.869,4745.7,2.06965e-08,119.834,5955.6,1e-08,135.641,7468.12,1e-08,153.531,9355.62,2.00739e-07,173.781,11705.8,2.28358e-07,196.701,14624.1,1e-08,222.642,18235,1e-08,252.003,22683.4,1e-08,285.234,28134,1e-08,322.845,34767,2.34258e-07,365.413,42770.9,2.99668e-07,413.588,52327.9,8.28644e-08,468.111,63591.2,1e-08,529.814,76653.2,1e-08,599.642,91502.5,1e-08,678.662,107975,2.26339e-07,768.083,125705,3.69212e-07,869.267,144088,2.04077e-07,983.76,162277,1e-08,1113.3,179223,1e-08,1259.87,193777,1e-08,1425.68,204839,4.55555e-07,6.2823,3.27286,2.43537,0.219672,6.18826,2.24117,0.56371,6.87772,2.63624,0.308279,17,16,13,1,6,0,2,0,0,5,3,0,3,9,0,5,13,0,3,4,0,4,25,0,2,24,0,11,45,0,5,47,0,11,56,0,9,37,0,10,58,0,7,65,0,7,43,0,23,126,0,12,188,0,15,147,0,19,308,0,41,450,0,16,849,0,40,683,0,23,727,0,46,199,0,26,1237,0,47,1282,0,76,3064,0,67,3261,0,78,6098,0,105,2046,0,120,8314,0,87,3097,0,151,7634,0,103,9122,0,138,11355,0,64,12284,0,361,17271,0,184,27996,0,268,24056,0,596,53496,0,597,47897,0,603,54008,0,493,74562,0,720,83193,0,689,100258,0,971,106405,0,665,118028,0,1154,167158,0,426,65852,0,275,171094,0,1498,234550,0,1118,244211,0
-1.05176e+08,1,8.88811e-15,10,1023,0,1.05176e+08,0.528882,1.08665,0.389689,0.145397,0.379329,3.24381,0.161596,0.446195,1.77396,0.159177,1.15e+07,4.49998e+06,6.79999e+06,1.15e+07,4.49997e+06,6.79999e+06,1.15e+07,4.49996e+06,6.79999e+06,1.15e+07,4.49995e+06,6.79999e+06,1.14999e+07,4.49993e+06,6.79999e+06,1.14999e+07,4.49991e+06,6.79999e+06,1.14999e+07,4.49989e+06,6.79999e+06,1.14999e+07,4.49986e+06,6.79999e+06,1.14999e+07,4.49982e+06,6.79999e+06,1.14999e+07,4.49977e+06,6.79999e+06,1.14999e+07,4.49971e+06,6.79999e+06,1.14999e+07,4.49963e+06,6.79999e+06,1.14998e+07,4.49953e+06,6.79999e+06,1.14998e+07,4.49941e+06,6.79999e+06,1.14998e+07,4.49926e+06,6.79999e+06,1.14998e+07,4.49906e+06,6.79999e+06,1.14997e+07,4.49882e+06,6.79999e+06,1.14997e+07,4.49851e+06,6.79999e+06,1.14997e+07,4.49812e+06,6.79999e+06,1.14996e+07,4.49764e+06,6.79999e+06,1.14996e+07,4.49702e+06,6.79999e+06,1.14995e+07,4.49625e+06,6.79999e+06,1.14995e+07,4.49528e+06,6.79999e+06,1.14994e+07,4.49406e+06,6.79999e+06,1.14993e+07,4.49253e+06,6.79999e+06,1.14992e+07,4.49059e+06,6.79999e+06,1.14991e+07,4.48817e+06,6.79999e+06,1.1499e+07,4.48511e+06,6.79999e+06,1.14988e+07,4.48128e+06,6.79999e+06,1.14987e+07,4.47646e+06,6.79999e+06,1.14985e+07,4.47041e+06,6.79999e+06,1.14983e+07,4.46281e+06,6.79999e+06,1.14981e+07,4.4533e+06,6.79999e+06,1.14979e+07,4.44138e+06,6.79999e+06,1.14976e+07,4.42649e+06,6.79999e+06,1.14972e+07,4.40789e+06,6.79999e+06,1.14969e+07,4.38471e+06,6.79999e+06,1.14965e+07,4.35592e+06,6.79999e+06,1.1496e+07,4.32027e+06,6.79999e+06,1.14955e+07,4.27629e+06,6.79999e+06,1.14949e+07,4.22231e+06,6.79999e+06,1.14942e+07,4.15647e+06,6.79999e+06,1.14934e+07,4.07676e+06,6.79999e+06,1.14926e+07,3.98112e+06,6.79999e+06,1.14916e+07,3.86765e+06,6.79999e+06,1.14905e+07,3.73474e+06,6.79999e+06,1.14892e+07,3.58148e+06,6.79999e+06,1.14878e+07,3.40785e+06,6.79999e+06,1.14862e+07,3.21513e+06,6.79999e+06,1.14844e+07,3.00605e+06,6.79999e+06,1.14823e+07,2.7848e+06,6.79999e+06,1.148e+07,2.5568e+06,6.79999e+06,1.14773e+07,2.32825e+06,6.79999e+06,13.5742,8.52444,0.508366,16.8306,13.2585,0.162638,20.0035,17.569,0.0507846,23.2616,22.4214,0.0158319,26.7328,28.3297,0.00493498,30.5212,35.6974,0.00153831,34.7178,44.9473,0.000479527,39.4086,56.5822,0.000149456,44.6796,71.2245,4.66214e-05,50.6209,89.6543,1.45419e-05,57.3297,112.852,4.54748e-06,64.9129,142.051,1.43857e-06,73.4897,178.803,4.36618e-07,83.1934,225.062,1.40153e-07,94.1745,283.286,4.96378e-08,106.602,356.568,1.05434e-07,120.669,448.799,-6.49244e-08,136.59,564.873,1.70148e-07,154.611,710.948,-5.34594e-08,175.008,894.767,1.63407e-07,198.097,1126.06,8.04804e-08,224.231,1417.07,1.14667e-07,253.813,1783.15,-1.71227e-07,287.297,2243.62,-2.88466e-07,325.198,2822.67,-4.33651e-07,368.098,3550.67,7.9318e-08,416.657,4465.65,3.13319e-07,471.621,5615.16,3.4613e-07,533.835,7058.61,-1.19199e-07,604.255,8870.02,-2.79964e-07,683.962,11141.4,-2.30521e-07,774.182,13986.7,-2.55099e-07,876.299,17546.4,1.23585e-07,991.883,21993.1,1.41192e-07,1122.71,27536.7,-9.71886e-08,1270.78,34430.7,-3.68368e-07,1438.38,42977.7,-3.45379e-07,1628.07,53532.7,-3.25328e-09,1842.77,66504.6,2.6362e-07,2085.77,82350.2,2.53445e-07,2360.79,101560,-2.47407e-08,2672.05,124632,-3.80602e-07,3024.31,152018,-4.79005e-07,3422.98,184060,-1.14379e-07,3874.15,220884,2.64297e-07,4384.72,262283,3.44131e-07,4962.49,307576,7.5349e-08,5616.29,355497,-3.63097e-07,6356.1,404126,-6.05442e-07,7193.18,450932,-2.72333e-07,8140.28,492963,2.29675e-07,9211.79,527178,4.3387e-07,10424,550893,-1.0711e-07,10.102,8.06553,2.81012,10.6436,8.57909,0.869423,11.5336,10.2515,0.270869,12.7211,12.7138,0.0844293,14.1823,15.9373,0.0263173,15.9122,20.0383,0.0082035,17.9198,25.2154,0.00255722,20.2244,31.7373,0.000797017,22.8539,39.9486,0.000248622,25.8438,50.2851,7.75492e-05,29.237,63.2963,2.42508e-05,33.0837,79.6738,7.67162e-06,37.4415,100.288,2.32837e-06,42.3767,126.236,7.33e-07,47.9646,158.896,2.79256e-07,54.2906,200.003,9.87351e-09,61.452,251.741,1.61085e-07,69.5585,316.859,-2.47141e-07,78.7347,398.812,8.93552e-08,89.1218,501.948,-2.53231e-07,100.879,631.736,-1.25047e-07,114.188,795.049,-1.78808e-07,129.252,1000.53,2.6733e-07,146.304,1259.03,4.50292e-07,165.605,1584.19,6.76904e-07,187.452,1993.12,-1.23808e-07,212.181,2507.27,-4.89068e-07,240.173,3153.54,-5.40284e-07,271.856,3965.56,1.86061e-07,307.719,4985.38,4.37004e-07,348.313,6265.4,3.59828e-07,394.26,7870.83,3.98192e-07,446.268,9882.51,-1.92908e-07,505.135,12400.3,-2.20392e-07,571.766,15546.9,1.51705e-07,647.184,19472.2,5.74996e-07,732.547,24357.4,5.39112e-07,829.167,30420,5.07815e-09,938.526,37916.3,-4.11492e-07,1062.3,47143.9,-3.9561e-07,1202.4,58439.2,3.86185e-08,1360.96,72169.3,5.94093e-07,1540.42,88715.8,7.47693e-07,1743.53,108445,1.78537e-07,1973.41,131665,-4.12549e-07,2233.57,158557,-5.37164e-07,2528,189103,-1.17615e-07,2861.2,222986,5.66769e-07,3238.27,259510,9.45053e-07,3664.97,297540,4.25093e-07,4147.81,335497,-3.58506e-07,4694.17,371444,-6.7724e-07,5312.37,403256,1.67192e-07,1.61744,3.89446,9.84394,3.28846,7.5504,12.774,5.07607,11.7187,13.6844,7.03202,16.8147,13.9681,9.20215,23.1769,14.0566,11.6301,31.1672,14.0841,14.3598,41.2186,14.0927,17.4376,53.8688,14.0954,20.9137,69.7915,14.0962,24.8432,89.8341,14.0965,29.2879,115.063,14.0966,34.3168,146.819,14.0966,40.0078,186.792,14.0966,46.4487,237.107,14.0966,53.7388,300.44,14.0966,61.9903,380.158,14.0966,71.3301,480.499,14.0966,81.902,606.796,14.0966,93.8685,765.761,14.0966,107.414,965.837,14.0966,122.746,1217.65,14.0966,140.101,1534.57,14.0966,159.745,1933.41,14.0966,181.981,2435.3,14.0966,207.15,3066.85,14.0966,235.64,3861.46,14.0966,267.889,4861.11,14.0966,304.391,6118.54,14.0966,345.709,7699.91,14.0966,392.478,9688.22,14.0966,445.417,12187.5,14.0966,505.339,15327.7,14.0966,573.165,19271.6,14.0966,649.938,24222,14.0966,736.839,30430.9,14.0966,835.202,38211.5,14.0966,946.539,47950.3,14.0966,1072.56,60122.8,14.0966,1215.21,75309.9,14.0966,1376.66,94216.2,14.0966,1559.41,117688,14.0966,1766.26,146729,14.0966,2000.39,182510,14.0966,2265.39,226372,14.0966,2565.33,279806,14.0966,2904.81,344416,14.0966,3289.05,421845,14.0966,3723.93,513667,14.0966,4216.13,621231,14.0966,4773.18,745478,14.0966,5403.64,886744,14.0966,6117.15,1.04457e+06,14.0966,6924.63,1.2176e+06,14.0966,11.7194,11.96,12.6541,13.9321,16.1295,13.6434,16.6097,21.9702,13.9553,19.7532,29.5285,14.0526,23.3844,39.1143,14.0829,27.5423,51.2054,14.0923,32.2796,66.434,14.0953,37.662,85.6061,14.0962,43.7675,109.74,14.0965,50.687,140.119,14.0966,58.5249,178.359,14.0966,67.4005,226.493,14.0966,77.4493,287.08,14.0966,88.8254,363.343,14.0966,101.703,459.336,14.0966,116.281,580.161,14.0966,132.782,732.241,14.0966,151.46,923.655,14.0966,172.603,1164.57,14.0966,196.535,1467.79,14.0966,223.625,1849.39,14.0966,254.288,2329.62,14.0966,288.997,2933.93,14.0966,328.285,3694.33,14.0966,372.755,4651.04,14.0966,423.092,5854.57,14.0966,480.07,7368.38,14.0966,544.564,9272.08,14.0966,617.566,11665.5,14.0966,700.197,14673.6,14.0966,793.729,18452.9,14.0966,899.599,23198.6,14.0966,1019.43,29154.1,14.0966,1155.07,36622.3,14.0966,1308.6,45977.9,14.0966,1482.39,57683.7,14.0966,1679.09,72307.8,14.0966,1901.73,90542.8,14.0966,2153.73,113226,14.0966,2438.97,141360,14.0966,2761.81,176127,14.0966,3127.22,218898,14.0966,3540.81,271226,14.0966,4008.92,334817,14.0966,4538.74,411470,14.0966,5138.38,502973,14.0966,5817.04,610948,14.0966,6585.12,736653,14.0966,7454.39,880741,14.0966,8438.15,1.04302e+06,14.0966,9551.45,1.22224e+06,14.0966,10811.3,1.41602e+06,14.0966,12237,1.62086e+06,14.0966,11.7194,11.96,12.6541,2.21263,4.16949,0.989383,2.67766,5.84076,0.311842,3.14343,7.55825,0.0972771,3.63127,9.58578,0.0303237,4.15787,12.0912,0.00945211,4.73731,15.2286,0.00294633,5.38238,19.1721,0.000918508,6.10553,24.134,0.000286163,6.91951,30.3791,8.92692e-05,7.83792,38.2397,2.78121e-05,8.87555,48.1338,8.65134e-06,10.0489,60.5876,2.7882e-06,11.3761,76.2629,8.29036e-07,12.8779,95.9927,2.4373e-07,14.5775,120.825,4.33068e-09,16.5012,152.08,1.75749e-07,18.6784,191.415,-1.86328e-07,21.1428,240.917,1.91829e-07,23.9322,303.213,-1.81475e-07,27.0895,381.602,7.0186e-08,30.6634,480.231,-2.86769e-08,34.7087,604.316,2.40784e-07,39.2876,760.401,9.87368e-08,44.4705,956.705,1.22263e-07,50.3371,1203.54,-4.31966e-07,56.9776,1513.81,-1.9705e-07,64.494,1903.69,-2.763e-08,73.0018,2393.4,3.9185e-07,82.6317,3008.13,1.35379e-07,93.5318,3779.25,-4.16351e-08,105.869,4745.7,2.06965e-08,119.834,5955.6,-3.18887e-07,135.641,7468.12,-1.48271e-08,153.531,9355.62,2.00739e-07,173.781,11705.8,2.28358e-07,196.701,14624.1,-1.93587e-08,222.642,18235,-2.88101e-07,252.003,22683.4,-2.24732e-07,285.234,28134,8.56806e-09,322.845,34767,2.34258e-07,365.413,42770.9,2.99668e-07,413.588,52327.9,8.28644e-08,468.111,63591.2,-3.07049e-07,529.814,76653.2,-3.1888e-07,599.642,91502.5,-6.72276e-08,678.662,107975,2.26339e-07,768.083,125705,3.69212e-07,869.267,144088,2.04077e-07,983.76,162277,-2.80509e-07,1113.3,179223,-4.22737e-07,1259.87,193777,-1.71951e-07,1425.68,204839,4.55555e-07,11.7194,11.96,12.6541,2.21263,4.16949,0.989383,2.67766,5.84076,0.311842,3.14343,7.55825,0.0972771,3.63127,9.58578,0.0303237,4.15787,12.0912,0.00945211,4.73731,15.2286,0.00294633,5.38238,19.1721,0.000918508,6.10553,24.134,0.000286163,6.91951,30.3791,8.92692e-05,7.83792,38.2397,2.78121e-05,8.87555,48.1338,8.65134e-06,10.0489,60.5876,2.7882e-06,11.3761,76.2629,8.29036e-07,12.8779,95.9927,2.4373e-07,14.5775,120.825,1e-08,16.5012,152.08,1.75749e-07,18.6784,191.415,1e-08,21.1428,240.917,1.91829e-07,23.9322,303.213,1e-08,27.0895,381.602,7.0186e-08,30.6634,480.231,1e-08,34.7087,604.316,2.40784e-07,39.2876,760.401,9.87368e-08,44.4705,956.705,1.22263e-07,50.3371,1203.54,1e-08,56.9776,1513.81,1e-08,64.494,1903.69,1e-08,73.0018,2393.4,3.9185e-07,82.6317,3008.13,1.35379e-07,93.5318,3779.25,1e-08,105.869,4745.7,2.06965e-08,119.834,5955.6,1e-08,135.641,7468.12,1e-08,153.531,9355.62,2.00739e-07,173.781,11705.8,2.28358e-07,196.701,14624.1,1e-08,222.642,18235,1e-08,252.003,22683.4,1e-08,285.234,28134,1e-08,322.845,34767,2.34258e-07,365.413,42770.9,2.99668e-07,413.588,52327.9,8.28644e-08,468.111,63591.2,1e-08,529.814,76653.2,1e-08,599.642,91502.5,1e-08,678.662,107975,2.26339e-07,768.083,125705,3.69212e-07,869.267,144088,2.04077e-07,983.76,162277,1e-08,1113.3,179223,1e-08,1259.87,193777,1e-08,1425.68,204839,4.55555e-07,6.2823,3.27286,2.43537,0.219672,6.18826,2.24117,0.56371,6.87772,2.63624,0.308279,12,1,23,4,1,0,2,3,0,4,3,0,5,7,0,3,13,0,2,8,0,3,7,0,12,7,0,7,23,0,6,34,0,11,55,0,6,67,0,6,82,0,24,74,0,7,100,0,14,200,0,13,118,0,24,227,0,17,344,0,23,88,0,44,279,0,30,365,0,31,469,0,53,1388,0,36,931,0,33,1384,0,73,937,0,94,1971,0,93,2209,0,52,4874,0,37,2758,0,127,4260,0,284,6133,0,251,6096,0,177,23769,0,224,9582,0,126,15488,0,221,18774,0,328,18334,0,294,46324,0,472,35639,0,541,43428,0,727,43551,0,457,80667,0,551,87433,0,834,79658,0,414,85043,0,955,241321,0,1655,110119,0,882,186350,0,903,212181,0,1329,110284,0
-1.05176e+08,1,8.88811e-15,10,1023,0,1.05176e+08,0.528882,1.08665,0.389689,0.145397,0.379329,3.24381,0.161596,0.446195,1.77396,0.159177,1.15e+07,4.49998e+06,6.79999e+06,1.15e+07,4.49997e+06,6.79999e+06,1.15e+07,4.49996e+06,6.79999e+06,1.15e+07,4.49995e+06,6.79999e+06,1.14999e+07,4.49993e+06,6.79999e+06,1.14999e+07,4.49991e+06,6.79999e+06,1.14999e+07,4.49989e+06,6.79999e+06,1.14999e+07,4.49986e+06,6.79999e+06,1.14999e+07,4.49982e+06,6.79999e+06,1.14999e+07,4.49977e+06,6.79999e+06,1.14999e+07,4.49971e+06,6.79999e+06,1.14999e+07,4.49963e+06,6.79999e+06,1.14998e+07,4.49953e+06,6.79999e+06,1.14998e+07,4.49941e+06,6.79999e+06,1.14998e+07,4.49926e+06,6.79999e+06,1.14998e+07,4.49906e+06,6.79999e+06,1.14997e+07,4.49882e+06,6.79999e+06,1.14997e+07,4.49851e+06,6.79999e+06,1.14997e+07,4.49812e+06,6.79999e+06,1.14996e+07,4.49764e+06,6.79999e+06,1.14996e+07,4.49702e+06,6.79999e+06,1.14995e+07,4.49625e+06,6.79999e+06,1.14995e+07,4.49528e+06,6.79999e+06,1.14994e+07,4.49406e+06,6.79999e+06,1.14993e+07,4.49253e+06,6.79999e+06,1.14992e+07,4.49059e+06,6.79999e+06,1.14991e+07,4.48817e+06,6.79999e+06,1.1499e+07,4.48511e+06,6.79999e+06,1.14988e+07,4.48128e+06,6.79999e+06,1.14987e+07,4.47646e+06,6.79999e+06,1.14985e+07,4.47041e+06,6.79999e+06,1.14983e+07,4.46281e+06,6.79999e+06,1.14981e+07,4.4533e+06,6.79999e+06,1.14979e+07,4.44138e+06,6.79999e+06,1.14976e+07,4.42649e+06,6.79999e+06,1.14972e+07,4.40789e+06,6.79999e+06,1.14969e+07,4.38471e+06,6.79999e+06,1.14965e+07,4.35592e+06,6.79999e+06,1.1496e+07,4.32027e+06,6.79999e+06,1.14955e+07,4.27629e+06,6.79999e+06,1.14949e+07,4.22231e+06,6.79999e+06,1.14942e+07,4.15647e+06,6.79999e+06,1.14934e+07,4.07676e+06,6.79999e+06,1.14926e+07,3.98112e+06,6.79999e+06,1.14916e+07,3.86765e+06,6.79999e+06,1.14905e+07,3.73474e+06,6.79999e+06,1.14892e+07,3.58148e+06,6.79999e+06,1.14878e+07,3.40785e+06,6.79999e+06,1.14862e+07,3.21513e+06,6.79999e+06,1.14844e+07,3.00605e+06,6.79999e+06,1.14823e+07,2.7848e+06,6.79999e+06,1.148e+07,2.5568e+06,6.79999e+06,1.14773e+07,2.32825e+06,6.79999e+06,13.5742,8.52444,0.508366,16.8306,13.2585,0.162638,20.0035,17.569,0.0507846,23.2616,22.4214,0.0158319,26.7328,28.3297,0.00493498,30.5212,35.6974,0.00153831,34.7178,44.9473,0.000479527,39.4086,56.5822,0.000149456,44.6796,71.2245,4.66214e-05,50.6209,89.6543,1.45419e-05,57.3297,112.852,4.54748e-06,64.9129,142.051,1.43857e-06,73.4897,178.803,4.36618e-07,83.1934,225.062,1.40153e-07,94.1745,283.286,4.96378e-08,106.602,356.568,1.05434e-07,120.669,448.799,-6.49244e-08,136.59,564.873,1.70148e-07,154.611,710.948,-5.34594e-08,175.008,894.767,1.63407e-07,198.097,1126.06,8.04804e-08,224.231,1417.07,1.14667e-07,253.813,1783.15,-1.71227e-07,287.297,2243.62,-2.88466e-07,325.198,2822.67,-4.33651e-07,368.098,3550.67,7.9318e-08,416.657,4465.65,3.13319e-07,471.621,5615.16,3.4613e-07,533.835,7058.61,-1.19199e-07,604.255,8870.02,-2.79964e-07,683.962,11141.4,-2.30521e-07,774.182,13986.7,-2.55099e-07,876.299,17546.4,1.23585e-07,991.883,21993.1,1.41192e-07,1122.71,27536.7,-9.71886e-08,1270.78,34430.7,-3.68368e-07,1438.38,42977.7,-3.45379e-07,1628.07,53532.7,-3.25328e-09,1842.77,66504.6,2.6362e-07,2085.77,82350.2,2.53445e-07,2360.79,101560,-2.47407e-08,2672.05,124632,-3.80602e-07,3024.31,152018,-4.79005e-07,3422.98,184060,-1.14379e-07,3874.15,220884,2.64297e-07,4384.72,262283,3.44131e-07,4962.49,307576,7.5349e-08,5616.29,355497,-3.63097e-07,6356.1,404126,-6.05442e-07,7193.18,450932,-2.72333e-07,8140.28,492963,2.29675e-07,9211.79,527178,4.3387e-07,10424,550893,-1.0711e-07,10.102,8.06553,2.81012,10.6436,8.57909,0.869423,11.5336,10.2515,0.270869,12.7211,12.7138,0.0844293,14.1823,15.9373,0.0263173,15.9122,20.0383,0.0082035,17.9198,25.2154,0.00255722,20.2244,31.7373,0.000797017,22.8539,39.9486,0.000248622,25.8438,50.2851,7.75492e-05,29.237,63.2963,2.42508e-05,33.0837,79.6738,7.67162e-06,37.4415,100.288,2.32837e-06,42.3767,126.236,7.33e-07,47.9646,158.896,2.79256e-07,54.2906,200.003,9.87351e-09,61.452,251.741,1.61085e-07,69.5585,316.859,-2.47141e-07,78.7347,398.812,8.93552e-08,89.1218,501.948,-2.53231e-07,100.879,631.736,-1.25047e-07,114.188,795.049,-1.78808e-07,129.252,1000.53,2.6733e-07,146.304,1259.03,4.50292e-07,165.605,1584.19,6.76904e-07,187.452,1993.12,-1.23808e-07,212.181,2507.27,-4.89068e-07,240.173,3153.54,-5.40284e-07,271.856,3965.56,1.86061e-07,307.719,4985.38,4.37004e-07,348.313,6265.4,3.59828e-07,394.26,7870.83,3.98192e-07,446.268,9882.51,-1.92908e-07,505.135,12400.3,-2.20392e-07,571.766,15546.9,1.51705e-07,647.184,19472.2,5.74996e-07,732.547,24357.4,5.39112e-07,829.167,30420,5.07815e-09,938.526,37916.3,-4.11492e-07,1062.3,47143.9,-3.9561e-07,1202.4,58439.2,3.86185e-08,1360.96,72169.3,5.94093e-07,1540.42,88715.8,7.47693e-07,1743.53,108445,1.78537e-07,1973.41,131665,-4.12549e-07,2233.57,158557,-5.37164e-07,2528,189103,-1.17615e-07,2861.2,222986,5.66769e-07,3238.27,259510,9.45053e-07,3664.97,297540,4.25093e-07,4147.81,335497,-3.58506e-07,4694.17,371444,-6.7724e-07,5312.37,403256,1.67192e-07,1.61744,3.89446,9.84394,3.28846,7.5504,12.774,5.07607,11.7187,13.6844,7.03202,16.8147,13.9681,9.20215,23.1769,14.0566,11.6301,31.1672,14.0841,14.3598,41.2186,14.0927,17.4376,53.8688,14.0954,20.9137,69.7915,14.0962,24.8432,89.8341,14.0965,29.2879,115.063,14.0966,34.3168,146.819,14.0966,40.0078,186.792,14.0966,46.4487,237.107,14.0966,53.7388,300.44,14.0966,61.9903,380.158,14.0966,71.3301,480.499,14.0966,81.902,606.796,14.0966,93.8685,765.761,14.0966,107.414,965.837,14.0966,122.746,1217.65,14.0966,140.101,1534.57,14.0966,159.745,1933.41,14.0966,181.981,2435.3,14.0966,207.15,3066.85,14.0966,235.64,3861.46,14.0966,267.889,4861.11,14.0966,304.391,6118.54,14.0966,345.709,7699.91,14.0966,392.478,9688.22,14.0966,445.417,12187.5,14.0966,505.339,15327.7,14.0966,573.165,19271.6,14.0966,649.938,24222,14.0966,736.839,30430.9,14.0966,835.202,38211.5,14.0966,946.539,47950.3,14.0966,1072.56,60122.8,14.0966,1215.21,75309.9,14.0966,1376.66,94216.2,14.0966,1559.41,117688,14.0966,1766.26,146729,14.0966,2000.39,182510,14.0966,2265.39,226372,14.0966,2565.33,279806,14.0966,2904.81,344416,14.0966,3289.05,421845,14.0966,3723.93,513667,14.0966,4216.13,621231,14.0966,4773.18,745478,14.0966,5403.64,886744,14.0966,6117.15,1.04457e+06,14.0966,6924.63,1.2176e+06,14.0966,11.7194,11.96,12.6541,13.9321,16.1295,13.6434,16.6097,21.9702,13.9553,19.7532,29.5285,14.0526,23.3844,39.1143,14.0829,27.5423,51.2054,14.0923,32.2796,66.434,14.0953,37.662,85.6061,14.0962,43.7675,109.74,14.0965,50.687,140.119,14.0966,58.5249,178.359,14.0966,67.4005,226.493,14.0966,77.4493,287.08,14.0966,88.8254,363.343,14.0966,101.703,459.336,14.0966,116.281,580.161,14.0966,132.782,732.241,14.0966,151.46,923.655,14.0966,172.603,1164.57,14.0966,196.535,1467.79,14.0966,223.625,1849.39,14.0966,254.288,2329.62,14.0966,288.997,2933.93,14.0966,328.285,3694.33,14.0966,372.755,4651.04,14.0966,423.092,5854.57,14.0966,480.07,7368.38,14.0966,544.564,9272.08,14.0966,617.566,11665.5,14.0966,700.197,14673.6,14.0966,793.729,18452.9,14.0966,899.599,23198.6,14.0966,1019.43,29154.1,14.0966,1155.07,36622.3,14.0966,1308.6,45977.9,14.0966,1482.39,57683.7,14.0966,1679.09,72307.8,14.0966,1901.73,90542.8,14.0966,2153.73,113226,14.0966,2438.97,141360,14.0966,2761.81,176127,14.0966,3127.22,218898,14.0966,3540.81,271226,14.0966,4008.92,334817,14.0966,4538.74,411470,14.0966,5138.38,502973,14.0966,5817.04,610948,14.0966,6585.12,736653,14.0966,7454.39,880741,14.0966,8438.15,1.04302e+06,14.0966,9551.45,1.22224e+06,14.0966,10811.3,1.41602e+06,14.0966,12237,1.62086e+06,14.0966,11.7194,11.96,12.6541,2.21263,4.16949,0.989383,2.67766,5.84076,0.311842,3.14343,7.55825,0.0972771,3.63127,9.58578,0.0303237,4.15787,12.0912,0.00945211,4.73731,15.2286,0.00294633,5.38238,19.1721,0.000918508,6.10553,24.134,0.000286163,6.91951,30.3791,8.92692e-05,7.83792,38.2397,2.78121e-05,8.87555,48.1338,8.65134e-06,10.0489,60.5876,2.7882e-06,11.3761,76.2629,8.29036e-07,12.8779,95.9927,2.4373e-07,14.5775,120.825,4.33068e-09,16.5012,152.08,1.75749e-07,18.6784,191.415,-1.86328e-07,21.1428,240.917,1.91829e-07,23.9322,303.213,-1.81475e-07,27.0895,381.602,7.0186e-08,30.6634,480.231,-2.86769e-08,34.7087,604.316,2.40784e-07,39.2876,760.401,9.87368e-08,44.4705,956.705,1.22263e-07,50.3371,1203.54,-4.31966e-07,56.9776,1513.81,-1.9705e-07,64.494,1903.69,-2.763e-08,73.0018,2393.4,3.9185e-07,82.6317,3008.13,1.35379e-07,93.5318,3779.25,-4.16351e-08,105.869,4745.7,2.06965e-08,119.834,5955.6,-3.18887e-07,135.641,7468.12,-1.48271e-08,153.531,9355.62,2.00739e-07,173.781,11705.8,2.28358e-07,196.701,14624.1,-1.93587e-08,222.642,18235,-2.88101e-07,252.003,22683.4,-2.24732e-07,285.234,28134,8.56806e-09,322.845,34767,2.34258e-07,365.413,42770.9,2.99668e-07,413.588,52327.9,8.28644e-08,468.111,63591.2,-3.07049e-07,529.814,76653.2,-3.1888e-07,599.642,91502.5,-6.72276e-08,678.662,107975,2.26339e-07,768.083,125705,3.69212e-07,869.267,144088,2.04077e-07,983.76,162277,-2.80509e-07,1113.3,179223,-4.22737e-07,1259.87,193777,-1.71951e-07,1425.68,204839,4.55555e-07,11.7194,11.96,12.6541,2.21263,4.16949,0.989383,2.67766,5.84076,0.311842,3.14343,7.55825,0.0972771,3.63127,9.58578,0.0303237,4.15787,12.0912,0.00945211,4.73731,15.2286,0.00294633,5.38238,19.1721,0.000918508,6.10553,24.134,0.000286163,6.91951,30.3791,8.92692e-05,7.83792,38.2397,2.78121e-05,8.87555,48.1338,8.65134e-06,10.0489,60.5876,2.7882e-06,11.3761,76.2629,8.29036e-07,12.8779,95.9927,2.4373e-07,14.5775,120.825,1e-08,16.5012,152.08,1.75749e-07,18.6784,191.415,1e-08,21.1428,240.917,1.91829e-07,23.9322,303.213,1e-08,27.0895,381.602,7.0186e-08,30.6634,480.231,1e-08,34.7087,604.316,2.40784e-07,39.2876,760.401,9.87368e-08,44.4705,956.705,1.22263e-07,50.3371,1203.54,1e-08,56.9776,1513.81,1e-08,64.494,1903.69,1e-08,73.0018,2393.4,3.9185e-07,82.6317,3008.13,1.35379e-07,93.5318,3779.25,1e-08,105.869,4745.7,2.06965e-08,119.834,5955.6,1e-08,135.641,7468.12,1e-08,153.531,9355.62,2.00739e-07,173.781,11705.8,2.28358e-07,196.701,14624.1,1e-08,222.642,18235,1e-08,252.003,22683.4,1e-08,285.234,28134,1e-08,322.845,34767,2.34258e-07,365.413,42770.9,2.99668e-07,413.588,52327.9,8.28644e-08,468.111,63591.2,1e-08,529.814,76653.2,1e-08,599.642,91502.5,1e-08,678.662,107975,2.26339e-07,768.083,125705,3.69212e-07,869.267,144088,2.04077e-07,983.76,162277,1e-08,1113.3,179223,1e-08,1259.87,193777,1e-08,1425.68,204839,4.55555e-07,6.2823,3.27286,2.43537,0.219672,6.18826,2.24117,0.56371,6.87772,2.63624,0.308279,11,9,15,0,8,2,0,5,0,2,2,0,3,4,0,8,12,0,5,11,0,3,26,0,3,14,0,8,12,0,0,24,0,8,24,0,11,38,0,15,90,0,13,81,0,17,184,0,14,114,0,14,131,0,14,230,0,22,611,0,29,288,0,62,315,0,22,1037,0,49,539,0,53,572,0,75,1276,0,41,1470,0,45,1009,0,62,2158,0,108,1331,0,71,4055,0,46,5415,0,122,6049,0,91,6156,0,216,8256,0,102,14769,0,184,9631,0,148,10521,0,157,31443,0,305,12911,0,377,45670,0,548,50942,0,329,38315,0,996,40516,0,369,85491,0,534,101139,0,280,69326,0,1070,224907,0,1101,170658,0,939,147349,0,1365,185606,0,988,153363,0,865,119723,0
-1.05176e+08,1,8.88811e-15,10,1023,0,1.05176e+08,0.528882,1.08665,0.389689,0.145397,0.379329,3.24381,0.161596,0.446195,1.77396,0.159177,1.15e+07,4.49998e+06,6.79999e+06,1.15e+07,4.49997e+06,6.79999e+06,1.15e+07,4.49996e+06,6.79999e+06,1.15e+07,4.49995e+06,6.79999e+06,1.14999e+07,4.49993e+06,6.79999e+06,1.14999e+07,4.49991e+06,6.79999e+06,1.14999e+07,4.49989e+06,6.79999e+06,1.14999e+07,4.49986e+06,6.79999e+06,1.14999e+07,4.49982e+06,6.79999e+06,1.14999e+07,4.49977e+06,6.79999e+06,1.14999e+07,4.49971e+06,6.79999e+06,1.14999e+07,4.49963e+06,6.79999e+06,1.14998e+07,4.49953e+06,6.79999e+06,1.14998e+07,4.49941e+06,6.79999e+06,1.14998e+07,4.49926e+06,6.79999e+06,1.14998e+07,4.49906e+06,6.79999e+06,1.14997e+07,4.49882e+06,6.79999e+06,1.14997e+07,4.49851e+06,6.79999e+06,1.14997e+07,4.49812e+06,6.79999e+06,1.14996e+07,4.49764e+06,6.79999e+06,1.14996e+07,4.49702e+06,6.79999e+06,1.14995e+07,4.49625e+06,6.79999e+06,1.14995e+07,4.49528e+06,6.79999e+06,1.14994e+07,4.49406e+06,6.79999e+06,1.14993e+07,4.49253e+06,6.79999e+06,1.14992e+07,4.49059e+06,6.79999e+06,1.14991e+07,4.48817e+06,6.79999e+06,1.1499e+07,4.48511e+06,6.79999e+06,1.14988e+07,4.48128e+06,6.79999e+06,1.14987e+07,4.47646e+06,6.79999e+06,1.14985e+07,4.47041e+06,6.79999e+06,1.14983e+07,4.46281e+06,6.79999e+06,1.14981e+07,4.4533e+06,6.79999e+06,1.14979e+07,4.44138e+06,6.79999e+06,1.14976e+07,4.42649e+06,6.79999e+06,1.14972e+07,4.40789e+06,6.79999e+06,1.14969e+07,4.38471e+06,6.79999e+06,1.14965e+07,4.35592e+06,6.79999e+06,1.1496e+07,4.32027e+06,6.79999e+06,1.14955e+07,4.27629e+06,6.79999e+06,1.14949e+07,4.22231e+06,6.79999e+06,1.14942e+07,4.15647e+06,6.79999e+06,1.14934e+07,4.07676e+06,6.79999e+06,1.14926e+07,3.98112e+06,6.79999e+06,1.14916e+07,3.86765e+06,6.79999e+06,1.14905e+07,3.73474e+06,6.79999e+06,1.14892e+07,3.58148e+06,6.79999e+06,1.14878e+07,3.40785e+06,6.79999e+06,1.14862e+07,3.21513e+06,6.79999e+06,1.14844e+07,3.00605e+06,6.79999e+06,1.14823e+07,2.7848e+06,6.79999e+06,1.148e+07,2.5568e+06,6.79999e+06,1.14773e+07,2.32825e+06,6.79999e+06,13.5742,8.52444,0.508366,16.8306,13.2585,0.162638,20.0035,17.569,0.0507846,23.2616,22.4214,0.0158319,26.7328,28.3297,0.00493498,30.5212,35.6974,0.00153831,34.7178,44.9473,0.000479527,39.4086,56.5822,0.000149456,44.6796,71.2245,4.66214e-05,50.6209,89.6543,1.45419e-05,57.3297,112.852,4.54748e-06,64.9129,142.051,1.43857e-06,73.4897,178.803,4.36618e-07,83.1934,225.062,1.40153e-07,94.1745,283.286,4.96378e-08,106.602,356.568,1.05434e-07,120.669,448.799,-6.49244e-08,136.59,564.873,1.70148e-07,154.611,710.948,-5.34594e-08,175.008,894.767,1.63407e-07,198.097,1126.06,8.04804e-08,224.231,1417.07,1.14667e-07,253.813,1783.15,-1.71227e-07,287.297,2243.62,-2.88466e-07,325.198,2822.67,-4.33651e-07,368.098,3550.67,7.9318e-08,416.657,4465.65,3.13319e-07,471.621,5615.16,3.4613e-07,533.835,7058.61,-1.19199e-07,604.255,8870.02,-2.79964e-07,683.962,11141.4,-2.30521e-07,774.182,13986.7,-2.55099e-07,876.299,17546.4,1.23585e-07,991.883,21993.1,1.41192e-07,1122.71,27536.7,-9.71886e-08,1270.78,34430.7,-3.68368e-07,1438.38,42977.7,-3.45379e-07,1628.07,53532.7,-3.25328e-09,1842.77,66504.6,2.6362e-07,2085.77,82350.2,2.53445e-07,2360.79,101560,-2.47407e-08,2672.05,124632,-3.80602e-07,3024.31,152018,-4.79005e-07,3422.98,184060,-1.14379e-07,3874.15,220884,2.64297e-07,4384.72,262283,3.44131e-07,4962.49,307576,7.5349e-08,5616.29,355497,-3.63097e-07,6356.1,404126,-6.05442e-07,7193.18,450932,-2.72333e-07,8140.28,492963,2.29675e-07,9211.79,527178,4.3387e-07,10424,550893,-1.0711e-07,10.102,8.06553,2.81012,10.6436,8.57909,0.869423,11.5336,10.2515,0.270869,12.7211,12.7138,0.0844293,14.1823,15.9373,0.0263173,15.9122,20.0383,0.0082035,17.9198,25.2154,0.00255722,20.2244,31.7373,0.000797017,22.8539,39.9486,0.000248622,25.8438,50.2851,7.75492e-05,29.237,63.2963,2.42508e-05,33.0837,79.6738,7.67162e-06,37.4415,100.288,2.32837e-06,42.3767,126.236,7.33e-07,47.9646,158.896,2.79256e-07,54.2906,200.003,9.87351e-09,61.452,251.741,1.61085e-07,69.5585,316.859,-2.47141e-07,78.7347,398.812,8.93552e-08,89.1218,501.948,-2.53231e-07,100.879,631.736,-1.25047e-07,114.188,795.049,-1.78808e-07,129.252,1000.53,2.6733e-07,146.304,1259.03,4.50292e-07,165.605,1584.19,6.76904e-07,187.452,1993.12,-1.23808e-07,212.181,2507.27,-4.89068e-07,240.173,3153.54,-5.40284e-07,271.856,3965.56,1.86061e-07,307.719,4985.38,4.37004e-07,348.313,6265.4,3.59828e-07,394.26,7870.83,3.98192e-07,446.268,9882.51,-1.92908e-07,505.135,12400.3,-2.20392e-07,571.766,15546.9,1.51705e-07,647.184,19472.2,5.74996e-07,732.547,24357.4,5.39112e-07,829.167,30420,5.07815e-09,938.526,37916.3,-4.11492e-07,1062.3,47143.9,-3.9561e-07,1202.4,58439.2,3.86185e-08,1360.96,72169.3,5.94093e-07,1540.42,88715.8,7.47693e-07,1743.53,108445,1.78537e-07,1973.41,131665,-4.12549e-07,2233.57,158557,-5.37164e-07,2528,189103,-1.17615e-07,2861.2,222986,5.66769e-07,3238.27,259510,9.45053e-07,3664.97,297540,4.25093e-07,4147.81,335497,-3.58506e-07,4694.17,371444,-6.7724e-07,5312.37,403256,1.67192e-07,1.61744,3.89446,9.84394,3.28846,7.5504,12.774,5.07607,11.7187,13.6844,7.03202,16.8147,13.9681,9.20215,23.1769,14.0566,11.6301,31.1672,14.0841,14.3598,41.2186,14.0927,17.4376,53.8688,14.0954,20.9137,69.7915,14.0962,24.8432,89.8341,14.0965,29.2879,115.063,14.0966,34.3168,146.819,14.0966,40.0078,186.792,14.0966,46.4487,237.107,14.0966,53.7388,300.44,14.0966,61.9903,380.158,14.0966,71.3301,480.499,14.0966,81.902,606.796,14.0966,93.8685,765.761,14.0966,107.414,965.837,14.0966,122.746,1217.65,14.0966,140.101,1534.57,14.0966,159.745,1933.41,14.0966,181.981,2435.3,14.0966,207.15,3066.85,14.0966,235.64,3861.46,14.0966,267.889,4861.11,14.0966,304.391,6118.54,14.0966,345.709,7699.91,14.0966,392.478,9688.22,14.0966,445.417,12187.5,14.0966,505.339,15327.7,14.0966,573.165,19271.6,14.0966,649.938,24222,14.0966,736.839,30430.9,14.0966,835.202,38211.5,14.0966,946.539,47950.3,14.0966,1072.56,60122.8,14.0966,1215.21,75309.9,14.0966,1376.66,94216.2,14.0966,1559.41,117688,14.0966,1766.26,146729,14.0966,2000.39,182510,14.0966,2265.39,226372,14.0966,2565.33,279806,14.0966,2904.81,344416,14.0966,3289.05,421845,14.0966,3723.93,513667,14.0966,4216.13,621231,14.0966,4773.18,745478,14.0966,5403.64,886744,14.0966,6117.15,1.04457e+06,14.0966,6924.63,1.2176e+06,14.0966,11.7194,11.96,12.6541,13.9321,16.1295,13.6434,16.6097,21.9702,13.9553,19.7532,29.5285,14.0526,23.3844,39.1143,14.0829,27.5423,51.2054,14.0923,32.2796,66.434,14.0953,37.662,85.6061,14.0962,43.7675,109.74,14.0965,50.687,140.119,14.0966,58.5249,178.359,14.0966,67.4005,226.493,14.0966,77.4493,287.08,14.0966,88.8254,363.343,14.0966,101.703,459.336,14.0966,116.281,580.161,14.0966,132.782,732.241,14.0966,151.46,923.655,14.0966,172.603,1164.57,14.0966,196.535,1467.79,14.0966,223.625,1849.39,14.0966,254.288,2329.62,14.0966,288.997,2933.93,14.0966,328.285,3694.33,14.0966,372.755,4651.04,14.0966,423.092,5854.57,14.0966,480.07,7368.38,14.0966,544.564,9272.08,14.0966,617.566,11665.5,14.0966,700.197,14673.6,14.0966,793.729,18452.9,14.0966,899.599,23198.6,14.0966,1019.43,29154.1,14.0966,1155.07,36622.3,14.0966,1308.6,45977.9,14.0966,1482.39,57683.7,14.0966,1679.09,72307.8,14.0966,1901.73,90542.8,14.0966,2153.73,113226,14.0966,2438.97,141360,14.0966,2761.81,176127,14.0966,3127.22,218898,14.0966,3540.81,271226,14.0966,4008.92,334817,14.0966,4538.74,411470,14.0966,5138.38,502973,14.0966,5817.04,610948,14.0966,6585.12,736653,14.0966,7454.39,880741,14.0966,8438.15,1.04302e+06,14.0966,9551.45,1.22224e+06,14.0966,10811.3,1.41602e+06,14.0966,12237,1.62086e+06,14.0966,11.7194,11.96,12.6541,2.21263,4.16949,0.989383,2.67766,5.84076,0.311842,3.14343,7.55825,0.0972771,3.63127,9.58578,0.0303237,4.15787,12.0912,0.00945211,4.73731,15.2286,0.00294633,5.38238,19.1721,0.000918508,6.10553,24.134,0.000286163,6.91951,30.3791,8.92692e-05,7.83792,38.2397,2.78121e-05,8.87555,48.1338,8.65134e-06,10.0489,60.5876,2.7882e-06,11.3761,76.2629,8.29036e-07,12.8779,95.9927,2.4373e-07,14.5775,120.825,4.33068e-09,16.5012,152.08,1.75749e-07,18.6784,191.415,-1.86328e-07,21.1428,240.917,1.91829e-07,23.9322,303.213,-1.81475e-07,27.0895,381.602,7.0186e-08,30.6634,480.231,-2.86769e-08,34.7087,604.316,2.40784e-07,39.2876,760.401,9.87368e-08,44.4705,956.705,1.22263e-07,50.3371,1203.54,-4.31966e-07,56.9776,1513.81,-1.9705e-07,64.494,1903.69,-2.763e-08,73.0018,2393.4,3.9185e-07,82.6317,3008.13,1.35379e-07,93.5318,3779.25,-4.16351e-08,105.869,4745.7,2.06965e-08,119.834,5955.6,-3.18887e-07,135.641,7468.12,-1.48271e-08,153.531,9355.62,2.00739e-07,173.781,11705.8,2.28358e-07,196.701,14624.1,-1.93587e-08,222.642,18235,-2.88101e-07,252.003,22683.4,-2.24732e-07,285.234,28134,8.56806e-09,322.845,34767,2.34258e-07,365.413,42770.9,2.99668e-07,413.588,52327.9,8.28644e-08,468.111,63591.2,-3.07049e-07,529.814,76653.2,-3.1888e-07,599.642,91502.5,-6.72276e-08,678.662,107975,2.26339e-07,768.083,125705,3.69212e-07,869.267,144088,2.04077e-07,983.76,162277,-2.80509e-07,1113.3,179223,-4.22737e-07,1259.87,193777,-1.71951e-07,1425.68,204839,4.55555e-07,11.7194,11.96,12.6541,2.21263,4.16949,0.989383,2.67766,5.84076,0.311842,3.14343,7.55825,0.0972771,3.63127,9.58578,0.0303237,4.15787,12.0912,0.00945211,4.73731,15.2286,0.00294633,5.38238,19.1721,0.000918508,6.10553,24.134,0.000286163,6.91951,30.3791,8.92692e-05,7.83792,38.2397,2.78121e-05,8.87555,48.1338,8.65134e-06,10.0489,60.5876,2.7882e-06,11.3761,76.2629,8.29036e-07,12.8779,95.9927,2.4373e-07,14.5775,120.825,1e-08,16.5012,152.08,1.75749e-07,18.6784,191.415,1e-08,21.1428,240.917,1.91829e-07,23.9322,303.213,1e-08,27.0895,381.602,7.0186e-08,30.6634,480.231,1e-08,34.7087,604.316,2.40784e-07,39.2876,760.401,9.87368e-08,44.4705,956.705,1.22263e-07,50.3371,1203.54,1e-08,56.9776,1513.81,1e-08,64.494,1903.69,1e-08,73.0018,2393.4,3.9185e-07,82.6317,3008.13,1.35379e-07,93.5318,3779.25,1e-08,105.869,4745.7,2.06965e-08,119.834,5955.6,1e-08,135.641,7468.12,1e-08,153.531,9355.62,2.00739e-07,173.781,11705.8,2.28358e-07,196.701,14624.1,1e-08,222.642,18235,1e-08,252.003,22683.4,1e-08,285.234,28134,1e-08,322.845,34767,2.34258e-07,365.413,42770.9,2.99668e-07,413.588,52327.9,8.28644e-08,468.111,63591.2,1e-08,529.814,76653.2,1e-08,599.642,91502.5,1e-08,678.662,107975,2.26339e-07,768.083,125705,3.69212e-07,869.267,144088,2.04077e-07,983.76,162277,1e-08,1113.3,179223,1e-08,1259.87,193777,1e-08,1425.68,204839,4.55555e-07,6.2823,3.27286,2.43537,0.219672,6.18826,2.24117,0.56371,6.87772,2.63624,0.308279,16,13,15,7,5,1,7,6,0,3,6,0,4,17,0,5,7,0,10,7,0,4,25,0,7,24,0,12,19,0,7,28,0,7,124,0,6,83,0,15,106,0,24,75,0,25,247,0,16,64,0,24,150,0,13,174,0,20,172,0,20,479,0,71,333,0,22,553,0,25,754,0,115,1219,0,37,2651,0,37,1895,0,84,1538,0,128,2286,0,50,3876,0,62,1033,0,147,1347,0,151,5250,0,165,7005,0,109,5645,0,180,15326,0,154,18425,0,58,36479,0,209,13721,0,207,39325,0,240,33194,0,573,17166,0,494,45740,0,272,35336,0,419,38827,0,805,68637,0,757,53008,0,757,143609,0,982,249898,0,924,171110,0,862,166560,0,988,310322,0,1485,108122,0
-1.05176e+08,1,8.88811e-15,10,1023,0,1.05176e+08,0.528882,1.08665,0.389689,0.145397,0.379329,3.24381,0.161596,0.446195,1.77396,0.159177,1.15e+07,4.49998e+06,6.79999e+06,1.15e+07,4.49997e+06,6.79999e+06,1.15e+07,4.49996e+06,6.79999e+06,1.15e+07,4.49995e+06,6.79999e+06,1.14999e+07,4.49993e+06,6.79999e+06,1.14999e+07,4.49991e+06,6.79999e+06,1.14999e+07,4.49989e+06,6.79999e+06,1.14999e+07,4.49986e+06,6.79999e+06,1.14999e+07,4.49982e+06,6.79999e+06,1.14999e+07,4.49977e+06,6.79999e+06,1.14999e+07,4.49971e+06,6.79999e+06,1.14999e+07,4.49963e+06,6.79999e+06,1.14998e+07,4.49953e+06,6.79999e+06,1.14998e+07,4.49941e+06,6.79999e+06,1.14998e+07,4.49926e+06,6.79999e+06,1.14998e+07,4.49906e+06,6.79999e+06,1.14997e+07,4.49882e+06,6.79999e+06,1.14997e+07,4.49851e+06,6.79999e+06,1.14997e+07,4.49812e+06,6.79999e+06,1.14996e+07,4.49764e+06,6.79999e+06,1.14996e+07,4.49702e+06,6.79999e+06,1.14995e+07,4.49625e+06,6.79999e+06,1.14995e+07,4.49528e+06,6.79999e+06,1.14994e+07,4.49406e+06,6.79999e+06,1.14993e+07,4.49253e+06,6.79999e+06,1.14992e+07,4.49059e+06,6.79999e+06,1.14991e+07,4.48817e+06,6.79999e+06,1.1499e+07,4.48511e+06,6.79999e+06,1.14988e+07,4.48128e+06,6.79999e+06,1.14987e+07,4.47646e+06,6.79999e+06,1.14985e+07,4.47041e+06,6.79999e+06,1.14983e+07,4.46281e+06,6.79999e+06,1.14981e+07,4.4533e+06,6.79999e+06,1.14979e+07,4.44138e+06,6.79999e+06,1.14976e+07,4.42649e+06,6.79999e+06,1.14972e+07,4.40789e+06,6.79999e+06,1.14969e+07,4.38471e+06,6.79999e+06,1.14965e+07,4.35592e+06,6.79999e+06,1.1496e+07,4.32027e+06,6.79999e+06,1.14955e+07,4.27629e+06,6.79999e+06,1.14949e+07,4.22231e+06,6.79999e+06,1.14942e+07,4.15647e+06,6.79999e+06,1.14934e+07,4.07676e+06,6.79999e+06,1.14926e+07,3.98112e+06,6.79999e+06,1.14916e+07,3.86765e+06,6.79999e+06,1.14905e+07,3.73474e+06,6.79999e+06,1.14892e+07,3.58148e+06,6.79999e+06,1.14878e+07,3.40785e+06,6.79999e+06,1.14862e+07,3.21513e+06,6.79999e+06,1.14844e+07,3.00605e+06,6.79999e+06,1.14823e+07,2.7848e+06,6.79999e+06,1.148e+07,2.5568e+06,6.79999e+06,1.14773e+07,2.32825e+06,6.79999e+06,13.5742,8.52444,0.508366,16.8306,13.2585,0.162638,20.0035,17.569,0.0507846,23.2616,22.4214,0.0158319,26.7328,28.3297,0.00493498,30.5212,35.6974,0.00153831,34.7178,44.9473,0.000479527,39.4086,56.5822,0.000149456,44.6796,71.2245,4.66214e-05,50.6209,89.6543,1.45419e-05,57.3297,112.852,4.54748e-06,64.9129,142.051,1.43857e-06,73.4897,178.803,4.36618e-07,83.1934,225.062,1.40153e-07,94.1745,283.286,4.96378e-08,106.602,356.568,1.05434e-07,120.669,448.799,-6.49244e-08,136.59,564.873,1.70148e-07,154.611,710.948,-5.34594e-08,175.008,894.767,1.63407e-07,198.097,1126.06,8.04804e-08,224.231,1417.07,1.14667e-07,253.813,1783.15,-1.71227e-07,287.297,2243.62,-2.88466e-07,325.198,2822.67,-4.33651e-07,368.098,3550.67,7.9318e-08,416.657,4465.65,3.13319e-07,471.621,5615.16,3.4613e-07,533.835,7058.61,-1.19199e-07,604.255,8870.02,-2.79964e-07,683.962,11141.4,-2.30521e-07,774.182,13986.7,-2.55099e-07,876.299,17546.4,1.23585e-07,991.883,21993.1,1.41192e-07,1122.71,27536.7,-9.71886e-08,1270.78,34430.7,-3.68368e-07,1438.38,42977.7,-3.45379e-07,1628.07,53532.7,-3.25328e-09,1842.77,66504.6,2.6362e-07,2085.77,82350.2,2.53445e-07,2360.79,101560,-2.47407e-08,2672.05,124632,-3.80602e-07,3024.31,152018,-4.79005e-07,3422.98,184060,-1.14379e-07,3874.15,220884,2.64297e-07,4384.72,262283,3.44131e-07,4962.49,307576,7.5349e-08,5616.29,355497,-3.63097e-07,6356.1,404126,-6.05442e-07,7193.18,450932,-2.72333e-07,8140.28,492963,2.29675e-07,9211.79,527178,4.3387e-07,10424,550893,-1.0711e-07,10.102,8.06553,2.81012,10.6436,8.57909,0.869423,11.5336,10.2515,0.270869,12.7211,12.7138,0.0844293,14.1823,15.9373,0.0263173,15.9122,20.0383,0.0082035,17.9198,25.2154,0.00255722,20.2244,31.7373,0.000797017,22.8539,39.9486,0.000248622,25.8438,50.2851,7.75492e-05,29.237,63.2963,2.42508e-05,33.0837,79.6738,7.67162e-06,37.4415,100.288,2.32837e-06,42.3767,126.236,7.33e-07,47.9646,158.896,2.79256e-07,54.2906,200.003,9.87351e-09,61.452,251.741,1.61085e-07,69.5585,316.859,-2.47141e-07,78.7347,398.812,8.93552e-08,89.1218,501.948,-2.53231e-07,100.879,631.736,-1.25047e-07,114.188,795.049,-1.78808e-07,129.252,1000.53,2.6733e-07,146.304,1259.03,4.50292e-07,165.605,1584.19,6.76904e-07,187.452,1993.12,-1.23808e-07,212.181,2507.27,-4.89068e-07,240.173,3153.54,-5.40284e-07,271.856,3965.56,1.86061e-07,307.719,4985.38,4.37004e-07,348.313,6265.4,3.59828e-07,394.26,7870.83,3.98192e-07,446.268,9882.51,-1.92908e-07,505.135,12400.3,-2.20392e-07,571.766,15546.9,1.51705e-07,647.184,19472.2,5.74996e-07,732.547,24357.4,5.39112e-07,829.167,30420,5.07815e-09,938.526,37916.3,-4.11492e-07,1062.3,47143.9,-3.9561e-07,1202.4,58439.2,3.86185e-08,1360.96,72169.3,5.94093e-07,1540.42,88715.8,7.47693e-07,1743.53,108445,1.78537e-07,1973.41,131665,-4.12549e-07,2233.57,158557,-5.37164e-07,2528,189103,-1.17615e-07,2861.2,222986,5.66769e-07,3238.27,259510,9.45053e-07,3664.97,297540,4.25093e-07,4147.81,335497,-3.58506e-07,4694.17,371444,-6.7724e-07,5312.37,403256,1.67192e-07,1.61744,3.89446,9.84394,3.28846,7.5504,12.774,5.07607,11.7187,13.6844,7.03202,16.8147,13.9681,9.20215,23.1769,14.0566,11.6301,31.1672,14.0841,14.3598,41.2186,14.0927,17.4376,53.8688,14.0954,20.9137,69.7915,14.0962,24.8432,89.8341,14.0965,29.2879,115.063,14.0966,34.3168,146.819,14.0966,40.0078,186.792,14.0966,46.4487,237.107,14.0966,53.7388,300.44,14.0966,61.9903,380.158,14.0966,71.3301,480.499,14.0966,81.902,606.796,14.0966,93.8685,765.761,14.0966,107.414,965.837,14.0966,122.746,1217.65,14.0966,140.101,1534.57,14.0966,159.745,1933.41,14.0966,181.981,2435.3,14.0966,207.15,3066.85,14.0966,235.64,3861.46,14.0966,267.889,4861.11,14.0966,304.391,6118.54,14.0966,345.709,7699.91,14.0966,392.478,9688.22,14.0966,445.417,12187.5,14.0966,505.339,15327.7,14.0966,573.165,19271.6,14.0966,649.938,24222,14.0966,736.839,30430.9,14.0966,835.202,38211.5,14.0966,946.539,47950.3,14.0966,1072.56,60122.8,14.0966,1215.21,75309.9,14.0966,1376.66,94216.2,14.0966,1559.41,117688,14.0966,1766.26,146729,14.0966,2000.39,182510,14.0966,2265.39,226372,14.0966,2565.33,279806,14.0966,2904.81,344416,14.0966,3289.05,421845,14.0966,3723.93,513667,14.0966,4216.13,621231,14.0966,4773.18,745478,14.0966,5403.64,886744,14.0966,6117.15,1.04457e+06,14.0966,6924.63,1.2176e+06,14.0966,11.7194,11.96,12.6541,13.9321,16.1295,13.6434,16.6097,21.9702,13.9553,19.7532,29.5285,14.0526,23.3844,39.1143,14.0829,27.5423,51.2054,14.0923,32.2796,66.434,14.0953,37.662,85.6061,14.0962,43.7675,109.74,14.0965,50.687,140.119,14.0966,58.5249,178.359,14.0966,67.4005,226.493,14.0966,77.4493,287.08,14.0966,88.8254,363.343,14.0966,101.703,459.336,14.0966,116.281,580.161,14.0966,132.782,732.241,14.0966,151.46,923.655,14.0966,172.603,1164.57,14.0966,196.535,1467.79,14.0966,223.625,1849.39,14.0966,254.288,2329.62,14.0966,288.997,2933.93,14.0966,328.285,3694.33,14.0966,372.755,4651.04,14.0966,423.092,5854.57,14.0966,480.07,7368.38,14.0966,544.564,9272.08,14.0966,617.566,11665.5,14.0966,700.197,14673.6,14.0966,793.729,18452.9,14.0966,899.599,23198.6,14.0966,1019.43,29154.1,14.0966,1155.07,36622.3,14.0966,1308.6,45977.9,14.0966,1482.39,57683.7,14.0966,1679.09,72307.8,14.0966,1901.73,90542.8,14.0966,2153.73,113226,14.0966,2438.97,141360,14.0966,2761.81,176127,14.0966,3127.22,218898,14.0966,3540.81,271226,14.0966,4008.92,334817,14.0966,4538.74,411470,14.0966,5138.38,502973,14.0966,5817.04,610948,14.0966,6585.12,736653,14.0966,7454.39,880741,14.0966,8438.15,1.04302e+06,14.0966,9551.45,1.22224e+06,14.0966,10811.3,1.41602e+06,14.0966,12237,1.62086e+06,14.0966,11.7194,11.96,12.6541,2.21263,4.16949,0.989383,2.67766,5.84076,0.311842,3.14343,7.55825,0.0972771,3.63127,9.58578,0.0303237,4.15787,12.0912,0.00945211,4.73731,15.2286,0.00294633,5.38238,19.1721,0.000918508,6.10553,24.134,0.000286163,6.91951,30.3791,8.92692e-05,7.83792,38.2397,2.78121e-05,8.87555,48.1338,8.65134e-06,10.0489,60.5876,2.7882e-06,11.3761,76.2629,8.29036e-07,12.8779,95.9927,2.4373e-07,14.5775,120.825,4.33068e-09,16.5012,152.08,1.75749e-07,18.6784,191.415,-1.86328e-07,21.1428,240.917,1.91829e-07,23.9322,303.213,-1.81475e-07,27.0895,381.602,7.0186e-08,30.6634,480.231,-2.86769e-08,34.7087,604.316,2.40784e-07,39.2876,760.401,9.87368e-08,44.4705,956.705,1.22263e-07,50.3371,1203.54,-4.31966e-07,56.9776,1513.81,-1.9705e-07,64.494,1903.69,-2.763e-08,73.0018,2393.4,3.9185e-07,82.6317,3008.13,1.35379e-07,93.5318,3779.25,-4.16351e-08,105.869,4745.7,2.06965e-08,119.834,5955.6,-3.18887e-07,135.641,7468.12,-1.48271e-08,153.531,9355.62,2.00739e-07,173.781,11705.8,2.28358e-07,196.701,14624.1,-1.93587e-08,222.642,18235,-2.88101e-07,252.003,22683.4,-2.24732e-07,285.234,28134,8.56806e-09,322.845,34767,2.34258e-07,365.413,42770.9,2.99668e-07,413.588,52327.9,8.28644e-08,468.111,63591.2,-3.07049e-07,529.814,76653.2,-3.1888e-07,599.642,91502.5,-6.72276e-08,678.662,107975,2.26339e-07,768.083,125705,3.69212e-07,869.267,144088,2.04077e-07,983.76,162277,-2.80509e-07,1113.3,179223,-4.22737e-07,1259.87,193777,-1.71951e-07,1425.68,204839,4.55555e-07,11.7194,11.96,12.6541,2.21263,4.16949,0.989383,2.67766,5.84076,0.311842,3.14343,7.55825,0.0972771,3.63127,9.58578,0.0303237,4.15787,12.0912,0.00945211,4.73731,15.2286,0.00294633,5.38238,19.1721,0.000918508,6.10553,24.134,0.000286163,6.91951,30.3791,8.92692e-05,7.83792,38.2397,2.78121e-05,8.87555,48.1338,8.65134e-06,10.0489,60.5876,2.7882e-06,11.3761,76.2629,8.29036e-07,12.8779,95.9927,2.4373e-07,14.5775,120.825,1e-08,16.5012,152.08,1.75749e-07,18.6784,191.415,1e-08,21.1428,240.917,1.91829e-07,23.9322,303.213,1e-08,27.0895,381.602,7.0186e-08,30.6634,480.231,1e-08,34.7087,604.316,2.40784e-07,39.2876,760.401,9.87368e-08,44.4705,956.705,1.22263e-07,50.3371,1203.54,1e-08,56.9776,1513.81,1e-08,64.494,1903.69,1e-08,73.0018,2393.4,3.9185e-07,82.6317,3008.13,1.35379e-07,93.5318,3779.25,1e-08,105.869,4745.7,2.06965e-08,119.834,5955.6,1e-08,135.641,7468.12,1e-08,153.531,9355.62,2.00739e-07,173.781,11705.8,2.28358e-07,196.701,14624.1,1e-08,222.642,18235,1e-08,252.003,22683.4,1e-08,285.234,28134,1e-08,322.845,34767,2.34258e-07,365.413,42770.9,2.99668e-07,413.588,52327.9,8.28644e-08,468.111,63591.2,1e-08,529.814,76653.2,1e-08,599.642,91502.5,1e-08,678.662,107975,2.26339e-07,768.083,125705,3.69212e-07,869.267,144088,2.04077e-07,983.76,162277,1e-08,1113.3,179223,1e-08,1259.87,193777,1e-08,1425.68,204839,4.55555e-07,6.2823,3.27286,2.43537,0.219672,6.18826,2.24117,0.56371,6.87772,2.63624,0.308279,14,12,9,1,6,0,4,15,0,3,12,0,6,8,0,5,19,0,3,14,0,3,15,0,11,4,0,10,80,0,7,64,0,4,50,0,8,54,0,11,147,0,17,69,0,14,49,0,15,38,0,20,200,0,19,212,0,21,315,0,22,265,0,28,182,0,16,328,0,80,592,0,31,892,0,41,1602,0,54,1416,0,133,1332,0,96,2194,0,86,1422,0,82,2795,0,92,3974,0,100,7280,0,137,7291,0,160,11898,0,112,18658,0,143,16816,0,229,20361,0,542,23057,0,259,35222,0,218,42739,0,212,46419,0,324,58769,0,409,93264,0,622,163464,0,470,96161,0,277,198285,0,977,152304,0,508,53714,0,636,187225,0,230,135897,0,1065,210465,0,1479,291137,0
-1.05176e+08,1,8.88811e-15,10,1023,0,1.05176e+08,0.528882,1.08665,0.389689,0.145397,0.379329,3.24381,0.161596,0.446195,1.77396,0.159177,1.15e+07,4.49998e+06,6.79999e+06,1.15e+07,4.49997e+06,6.79999e+06,1.15e+07,4.49996e+06,6.79999e+06,1.15e+07,4.49995e+06,6.79999e+06,1.14999e+07,4.49993e+06,6.79999e+06,1.14999e+07,4.49991e+06,6.79999e+06,1.14999e+07,4.49989e+06,6.79999e+06,1.14999e+07,4.49986e+06,6.79999e+06,1.14999e+07,4.49982e+06,6.79999e+06,1.14999e+07,4.49977e+06,6.79999e+06,1.14999e+07,4.49971e+06,6.79999e+06,1.14999e+07,4.49963e+06,6.79999e+06,1.14998e+07,4.49953e+06,6.79999e+06,1.14998e+07,4.49941e+06,6.79999e+06,1.14998e+07,4.49926e+06,6.79999e+06,1.14998e+07,4.49906e+06,6.79999e+06,1.14997e+07,4.49882e+06,6.79999e+06,1.14997e+07,4.49851e+06,6.79999e+06,1.14997e+07,4.49812e+06,6.79999e+06,1.14996e+07,4.49764e+06,6.79999e+06,1.14996e+07,4.49702e+06,6.79999e+06,1.14995e+07,4.49625e+06,6.79999e+06,1.14995e+07,4.49528e+06,6.79999e+06,1.14994e+07,4.49406e+06,6.79999e+06,1.14993e+07,4.49253e+06,6.79999e+06,1.14992e+07,4.49059e+06,6.79999e+06,1.14991e+07,4.48817e+06,6.79999e+06,1.1499e+07,4.48511e+06,6.79999e+06,1.14988e+07,4.48128e+06,6.79999e+06,1.14987e+07,4.47646e+06,6.79999e+06,1.14985e+07,4.47041e+06,6.79999e+06,1.14983e+07,4.46281e+06,6.79999e+06,1.14981e+07,4.4533e+06,6.79999e+06,1.14979e+07,4.44138e+06,6.79999e+06,1.14976e+07,4.42649e+06,6.79999e+06,1.14972e+07,4.40789e+06,6.79999e+06,1.14969e+07,4.38471e+06,6.79999e+06,1.14965e+07,4.35592e+06,6.79999e+06,1.1496e+07,4.32027e+06,6.79999e+06,1.14955e+07,4.27629e+06,6.79999e+06,1.14949e+07,4.22231e+06,6.79999e+06,1.14942e+07,4.15647e+06,6.79999e+06,1.14934e+07,4.07676e+06,6.79999e+06,1.14926e+07,3.98112e+06,6.79999e+06,1.14916e+07,3.86765e+06,6.79999e+06,1.14905e+07,3.73474e+06,6.79999e+06,1.14892e+07,3.58148e+06,6.79999e+06,1.14878e+07,3.40785e+06,6.79999e+06,1.14862e+07,3.21513e+06,6.79999e+06,1.14844e+07,3.00605e+06,6.79999e+06,1.14823e+07,2.7848e+06,6.79999e+06,1.148e+07,2.5568e+06,6.79999e+06,1.14773e+07,2.32825e+06,6.79999e+06,13.5742,8.52444,0.508366,16.8306,13.2585,0.162638,20.0035,17.569,0.0507846,23.2616,22.4214,0.0158319,26.7328,28.3297,0.00493498,30.5212,35.6974,0.00153831,34.7178,44.9473,0.000479527,39.4086,56.5822,0.000149456,44.6796,71.2245,4.66214e-05,50.6209,89.6543,1.45419e-05,57.3297,112.852,4.54748e-06,64.9129,142.051,1.43857e-06,73.4897,178.803,4.36618e-07,83.1934,225.062,1.40153e-07,94.1745,283.286,4.96378e-08,106.602,356.568,1.05434e-07,120.669,448.799,-6.49244e-08,136.59,564.873,1.70148e-07,154.611,710.948,-5.34594e-08,175.008,894.767,1.63407e-07,198.097,1126.06,8.04804e-08,224.231,1417.07,1.14667e-07,253.813,1783.15,-1.71227e-07,287.297,2243.62,-2.88466e-07,325.198,2822.67,-4.33651e-07,368.098,3550.67,7.9318e-08,416.657,4465.65,3.13319e-07,471.621,5615.16,3.4613e-07,533.835,7058.61,-1.19199e-07,604.255,8870.02,-2.79964e-07,683.962,11141.4,-2.30521e-07,774.182,13986.7,-2.55099e-07,876.299,17546.4,1.23585e-07,991.883,21993.1,1.41192e-07,1122.71,27536.7,-9.71886e-08,1270.78,34430.7,-3.68368e-07,1438.38,42977.7,-3.45379e-07,1628.07,53532.7,-3.25328e-09,1842.77,66504.6,2.6362e-07,2085.77,82350.2,2.53445e-07,2360.79,101560,-2.47407e-08,2672.05,124632,-3.80602e-07,3024.31,152018,-4.79005e-07,3422.98,184060,-1.14379e-07,3874.15,220884,2.64297e-07,4384.72,262283,3.44131e-07,4962.49,307576,7.5349e-08,5616.29,355497,-3.63097e-07,6356.1,404126,-6.05442e-07,7193.18,450932,-2.72333e-07,8140.28,492963,2.29675e-07,9211.79,527178,4.3387e-07,10424,550893,-1.0711e-07,10.102,8.06553,2.81012,10.6436,8.57909,0.869423,11.5336,10.2515,0.270869,12.7211,12.7138,0.0844293,14.1823,15.9373,0.0263173,15.9122,20.0383,0.0082035,17.9198,25.2154,0.00255722,20.2244,31.7373,0.000797017,22.8539,39.9486,0.000248622,25.8438,50.2851,7.75492e-05,29.237,63.2963,2.42508e-05,33.0837,79.6738,7.67162e-06,37.4415,100.288,2.32837e-06,42.3767,126.236,7.33e-07,47.9646,158.896,2.79256e-07,54.2906,200.003,9.87351e-09,61.452,251.741,1.61085e-07,69.5585,316.859,-2.47141e-07,78.7347,398.812,8.93552e-08,89.1218,501.948,-2.53231e-07,100.879,631.736,-1.25047e-07,114.188,795.049,-1.78808e-07,129.252,1000.53,2.6733e-07,146.304,1259.03,4.50292e-07,165.605,1584.19,6.76904e-07,187.452,1993.12,-1.23808e-07,212.181,2507.27,-4.89068e-07,240.173,3153.54,-5.40284e-07,271.856,3965.56,1.86061e-07,307.719,4985.38,4.37004e-07,348.313,6265.4,3.59828e-07,394.26,7870.83,3.98192e-07,446.268,9882.51,-1.92908e-07,505.135,12400.3,-2.20392e-07,571.766,15546.9,1.51705e-07,647.184,19472.2,5.74996e-07,732.547,24357.4,5.39112e-07,829.167,30420,5.07815e-09,938.526,37916.3,-4.11492e-07,1062.3,47143.9,-3.9561e-07,1202.4,58439.2,3.86185e-08,1360.96,72169.3,5.94093e-07,1540.42,88715.8,7.47693e-07,1743.53,108445,1.78537e-07,1973.41,131665,-4.12549e-07,2233.57,158557,-5.37164e-07,2528,189103,-1.17615e-07,2861.2,222986,5.66769e-07,3238.27,259510,9.45053e-07,3664.97,297540,4.25093e-07,4147.81,335497,-3.58506e-07,4694.17,371444,-6.7724e-07,5312.37,403256,1.67192e-07,1.61744,3.89446,9.84394,3.28846,7.5504,12.774,5.07607,11.7187,13.6844,7.03202,16.8147,13.9681,9.20215,23.1769,14.0566,11.6301,31.1672,14.0841,14.3598,41.2186,14.0927,17.4376,53.8688,14.0954,20.9137,69.7915,14.0962,24.8432,89.8341,14.0965,29.2879,115.063,14.0966,34.3168,146.819,14.0966,40.0078,186.792,14.0966,46.4487,237.107,14.0966,53.7388,300.44,14.0966,61.9903,380.158,14.0966,71.3301,480.499,14.0966,81.902,606.796,14.0966,93.8685,765.761,14.0966,107.414,965.837,14.0966,122.746,1217.65,14.0966,140.101,1534.57,14.0966,159.745,1933.41,14.0966,181.981,2435.3,14.0966,207.15,3066.85,14.0966,235.64,3861.46,14.0966,267.889,4861.11,14.0966,304.391,6118.54,14.0966,345.709,7699.91,14.0966,392.478,9688.22,14.0966,445.417,12187.5,14.0966,505.339,15327.7,14.0966,573.165,19271.6,14.0966,649.938,24222,14.0966,736.839,30430.9,14.0966,835.202,38211.5,14.0966,946.539,47950.3,14.0966,1072.56,60122.8,14.0966,1215.21,75309.9,14.0966,1376.66,94216.2,14.0966,1559.41,117688,14.0966,1766.26,146729,14.0966,2000.39,182510,14.0966,2265.39,226372,14.0966,2565.33,279806,14.0966,2904.81,344416,14.0966,3289.05,421845,14.0966,3723.93,513667,14.0966,4216.13,621231,14.0966,4773.18,745478,14.0966,5403.64,886744,14.0966,6117.15,1.04457e+06,14.0966,6924.63,1.2176e+06,14.0966,11.7194,11.96,12.6541,13.9321,16.1295,13.6434,16.6097,21.9702,13.9553,19.7532,29.5285,14.0526,23.3844,39.1143,14.0829,27.5423,51.2054,14.0923,32.2796,66.434,14.0953,37.662,85.6061,14.0962,43.7675,109.74,14.0965,50.687,140.119,14.0966,58.5249,178.359,14.0966,67.4005,226.493,14.0966,77.4493,287.08,14.0966,88.8254,363.343,14.0966,101.703,459.336,14.0966,116.281,580.161,14.0966,132.782,732.241,14.0966,151.46,923.655,14.0966,172.603,1164.57,14.0966,196.535,1467.79,14.0966,223.625,1849.39,14.0966,254.288,2329.62,14.0966,288.997,2933.93,14.0966,328.285,3694.33,14.0966,372.755,4651.04,14.0966,423.092,5854.57,14.0966,480.07,7368.38,14.0966,544.564,9272.08,14.0966,617.566,11665.5,14.0966,700.197,14673.6,14.0966,793.729,18452.9,14.0966,899.599,23198.6,14.0966,1019.43,29154.1,14.0966,1155.07,36622.3,14.0966,1308.6,45977.9,14.0966,1482.39,57683.7,14.0966,1679.09,72307.8,14.0966,1901.73,90542.8,14.0966,2153.73,113226,14.0966,2438.97,141360,14.0966,2761.81,176127,14.0966,3127.22,218898,14.0966,3540.81,271226,14.0966,4008.92,334817,14.0966,4538.74,411470,14.0966,5138.38,502973,14.0966,5817.04,610948,14.0966,6585.12,736653,14.0966,7454.39,880741,14.0966,8438.15,1.04302e+06,14.0966,9551.45,1.22224e+06,14.0966,10811.3,1.41602e+06,14.0966,12237,1.62086e+06,14.0966,11.7194,11.96,12.6541,2.21263,4.16949,0.989383,2.67766,5.84076,0.311842,3.14343,7.55825,0.0972771,3.63127,9.58578,0.0303237,4.15787,12.0912,0.00945211,4.73731,15.2286,0.00294633,5.38238,19.1721,0.000918508,6.10553,24.134,0.000286163,6.91951,30.3791,8.92692e-05,7.83792,38.2397,2.78121e-05,8.87555,48.1338,8.65134e-06,10.0489,60.5876,2.7882e-06,11.3761,76.2629,8.29036e-07,12.8779,95.9927,2.4373e-07,14.5775,120.825,4.33068e-09,16.5012,152.08,1.75749e-07,18.6784,191.415,-1.86328e-07,21.1428,240.917,1.91829e-07,23.9322,303.213,-1.81475e-07,27.0895,381.602,7.0186e-08,30.6634,480.231,-2.86769e-08,34.7087,604.316,2.40784e-07,39.2876,760.401,9.87368e-08,44.4705,956.705,1.22263e-07,50.3371,1203.54,-4.31966e-07,56.9776,1513.81,-1.9705e-07,64.494,1903.69,-2.763e-08,73.0018,2393.4,3.9185e-07,82.6317,3008.13,1.35379e-07,93.5318,3779.25,-4.16351e-08,105.869,4745.7,2.06965e-08,119.834,5955.6,-3.18887e-07,135.641,7468.12,-1.48271e-08,153.531,9355.62,2.00739e-07,173.781,11705.8,2.28358e-07,196.701,14624.1,-1.93587e-08,222.642,18235,-2.88101e-07,252.003,22683.4,-2.24732e-07,285.234,28134,8.56806e-09,322.845,34767,2.34258e-07,365.413,42770.9,2.99668e-07,413.588,52327.9,8.28644e-08,468.111,63591.2,-3.07049e-07,529.814,76653.2,-3.1888e-07,599.642,91502.5,-6.72276e-08,678.662,107975,2.26339e-07,768.083,125705,3.69212e-07,869.267,144088,2.04077e-07,983.76,162277,-2.80509e-07,1113.3,179223,-4.22737e-07,1259.87,193777,-1.71951e-07,1425.68,204839,4.55555e-07,11.7194,11.96,12.6541,2.21263,4.16949,0.989383,2.67766,5.84076,0.311842,3.14343,7.55825,0.0972771,3.63127,9.58578,0.0303237,4.15787,12.0912,0.00945211,4.73731,15.2286,0.00294633,5.38238,19.1721,0.000918508,6.10553,24.134,0.000286163,6.91951,30.3791,8.92692e-05,7.83792,38.2397,2.78121e-05,8.87555,48.1338,8.65134e-06,10.0489,60.5876,2.7882e-06,11.3761,76.2629,8.29036e-07,12.8779,95.9927,2.4373e-07,14.5775,120.825,1e-08,16.5012,152.08,1.75749e-07,18.6784,191.415,1e-08,21.1428,240.917,1.91829e-07,23.9322,303.213,1e-08,27.0895,381.602,7.0186e-08,30.6634,480.231,1e-08,34.7087,604.316,2.40784e-07,39.2876,760.401,9.87368e-08,44.4705,956.705,1.22263e-07,50.3371,1203.54,1e-08,56.9776,1513.81,1e-08,64.494,1903.69,1e-08,73.0018,2393.4,3.9185e-07,82.6317,3008.13,1.35379e-07,93.5318,3779.25,1e-08,105.869,4745.7,2.06965e-08,119.834,5955.6,1e-08,135.641,7468.12,1e-08,153.531,9355.62,2.00739e-07,173.781,11705.8,2.28358e-07,196.701,14624.1,1e-08,222.642,18235,1e-08,252.003,22683.4,1e-08,285.234,28134,1e-08,322.845,34767,2.34258e-07,365.413,42770.9,2.99668e-07,413.588,52327.9,8.28644e-08,468.111,63591.2,1e-08,529.814,76653.2,1e-08,599.642,91502.5,1e-08,678.662,107975,2.26339e-07,768.083,125705,3.69212e-07,869.267,144088,2.04077e-07,983.76,162277,1e-08,1113.3,179223,1e-08,1259.87,193777,1e-08,1425.68,204839,4.55555e-07,6.2823,3.27286,2.43537,0.219672,6.18826,2.24117,0.56371,6.87772,2.63624,0.308279,23,15,14,4,0,1,6,7,0,4,8,0,3,13,0,8,4,0,5,5,0,9,15,0,3,20,0,2,7,0,9,49,0,14,30,0,8,27,0,16,75,0,17,178,0,22,139,0,15,150,0,16,253,0,23,201,0,14,295,0,32,592,0,31,396,0,52,834,0,42,850,0,42,1124,0,80,1820,0,32,669,0,42,3163,0,33,2427,0,107,2741,0,135,3314,0,162,5213,0,177,10023,0,112,11047,0,116,7522,0,148,13315,0,136,10225,0,282,19118,0,132,27440,0,266,18663,0,368,59218,0,377,41575,0,523,69414,0,729,39813,0,512,125808,0,831,165708,0,978,111577,0,883,87099,0,1081,61033,0,541,124354,0,1252,116817,0,1456,139258,0,602,312462,0
-1.05176e+08,1,8.88811e-15,10,1023,0,1.05176e+08,0.528882,1.08665,0.389689,0.145397,0.379329,3.24381,0.161596,0.446195,1.77396,0.159177,1.15e+07,4.49998e+06,6.79999e+06,1.15e+07,4.49997e+06,6.79999e+06,1.15e+07,4.49996e+06,6.79999e+06,1.15e+07,4.49995e+06,6.79999e+06,1.14999e+07,4.49993e+06,6.79999e+06,1.14999e+07,4.49991e+06,6.79999e+06,1.14999e+07,4.49989e+06,6.79999e+06,1.14999e+07,4.49986e+06,6.79999e+06,1.14999e+07,4.49982e+06,6.79999e+06,1.14999e+07,4.49977e+06,6.79999e+06,1.14999e+07,4.49971e+06,6.79999e+06,1.14999e+07,4.49963e+06,6.79999e+06,1.14998e+07,4.49953e+06,6.79999e+06,1.14998e+07,4.49941e+06,6.79999e+06,1.14998e+07,4.49926e+06,6.79999e+06,1.14998e+07,4.49906e+06,6.79999e+06,1.14997e+07,4.49882e+06,6.79999e+06,1.14997e+07,4.49851e+06,6.79999e+06,1.14997e+07,4.49812e+06,6.79999e+06,1.14996e+07,4.49764e+06,6.79999e+06,1.14996e+07,4.49702e+06,6.79999e+06,1.14995e+07,4.49625e+06,6.79999e+06,1.14995e+07,4.49528e+06,6.79999e+06,1.14994e+07,4.49406e+06,6.79999e+06,1.14993e+07,4.49253e+06,6.79999e+06,1.14992e+07,4.49059e+06,6.79999e+06,1.14991e+07,4.48817e+06,6.79999e+06,1.1499e+07,4.48511e+06,6.79999e+06,1.14988e+07,4.48128e+06,6.79999e+06,1.14987e+07,4.47646e+06,6.79999e+06,1.14985e+07,4.47041e+06,6.79999e+06,1.14983e+07,4.46281e+06,6.79999e+06,1.14981e+07,4.4533e+06,6.79999e+06,1.14979e+07,4.44138e+06,6.79999e+06,1.14976e+07,4.42649e+06,6.79999e+06,1.14972e+07,4.40789e+06,6.79999e+06,1.14969e+07,4.38471e+06,6.79999e+06,1.14965e+07,4.35592e+06,6.79999e+06,1.1496e+07,4.32027e+06,6.79999e+06,1.14955e+07,4.27629e+06,6.79999e+06,1.14949e+07,4.22231e+06,6.79999e+06,1.14942e+07,4.15647e+06,6.79999e+06,1.14934e+07,4.07676e+06,6.79999e+06,1.14926e+07,3.98112e+06,6.79999e+06,1.14916e+07,3.86765e+06,6.79999e+06,1.14905e+07,3.73474e+06,6.79999e+06,1.14892e+07,3.58148e+06,6.79999e+06,1.14878e+07,3.40785e+06,6.79999e+06,1.14862e+07,3.21513e+06,6.79999e+06,1.14844e+07,3.00605e+06,6.79999e+06,1.14823e+07,2.7848e+06,6.79999e+06,1.148e+07,2.5568e+06,6.79999e+06,1.14773e+07,2.32825e+06,6.79999e+06,13.5742,8.52444,0.508366,16.8306,13.2585,0.162638,20.0035,17.569,0.0507846,23.2616,22.4214,0.0158319,26.7328,28.3297,0.00493498,30.5212,35.6974,0.00153831,34.7178,44.9473,0.000479527,39.4086,56.5822,0.000149456,44.6796,71.2245,4.66214e-05,50.6209,89.6543,1.45419e-05,57.3297,112.852,4.54748e-06,64.9129,142.051,1.43857e-06,73.4897,178.803,4.36618e-07,83.1934,225.062,1.40153e-07,94.1745,283.286,4.96378e-08,106.602,356.568,1.05434e-07,120.669,448.799,-6.49244e-08,136.59,564.873,1.70148e-07,154.611,710.948,-5.34594e-08,175.008,894.767,1.63407e-07,198.097,1126.06,8.04804e-08,224.231,1417.07,1.14667e-07,253.813,1783.15,-1.71227e-07,287.297,2243.62,-2.88466e-07,325.198,2822.67,-4.33651e-07,368.098,3550.67,7.9318e-08,416.657,4465.65,3.13319e-07,471.621,5615.16,3.4613e-07,533.835,7058.61,-1.19199e-07,604.255,8870.02,-2.79964e-07,683.962,11141.4,-2.30521e-07,774.182,13986.7,-2.55099e-07,876.299,17546.4,1.23585e-07,991.883,21993.1,1.41192e-07,1122.71,27536.7,-9.71886e-08,1270.78,34430.7,-3.68368e-07,1438.38,42977.7,-3.45379e-07,1628.07,53532.7,-3.25328e-09,1842.77,66504.6,2.6362e-07,2085.77,82350.2,2.53445e-07,2360.79,101560,-2.47407e-08,2672.05,124632,-3.80602e-07,3024.31,152018,-4.79005e-07,3422.98,184060,-1.14379e-07,3874.15,220884,2.64297e-07,4384.72,262283,3.44131e-07,4962.49,307576,7.5349e-08,5616.29,355497,-3.63097e-07,6356.1,404126,-6.05442e-07,7193.18,450932,-2.72333e-07,8140.28,492963,2.29675e-07,9211.79,527178,4.3387e-07,10424,550893,-1.0711e-07,10.102,8.06553,2.81012,10.6436,8.57909,0.869423,11.5336,10.2515,0.270869,12.7211,12.7138,0.0844293,14.1823,15.9373,0.0263173,15.9122,20.0383,0.0082035,17.9198,25.2154,0.00255722,20.2244,31.7373,0.000797017,22.8539,39.9486,0.000248622,25.8438,50.2851,7.75492e-05,29.237,63.2963,2.42508e-05,33.0837,79.6738,7.67162e-06,37.4415,100.288,2.32837e-06,42.3767,126.236,7.33e-07,47.9646,158.896,2.79256e-07,54.2906,200.003,9.87351e-09,61.452,251.741,1.61085e-07,69.5585,316.859,-2.47141e-07,78.7347,398.812,8.93552e-08,89.1218,501.948,-2.53231e-07,100.879,631.736,-1.25047e-07,114.188,795.049,-1.78808e-07,129.252,1000.53,2.6733e-07,146.304,1259.03,4.50292e-07,165.605,1584.19,6.76904e-07,187.452,1993.12,-1.23808e-07,212.181,2507.27,-4.89068e-07,240.173,3153.54,-5.40284e-07,271.856,3965.56,1.86061e-07,307.719,4985.38,4.37004e-07,348.313,6265.4,3.59828e-07,394.26,7870.83,3.98192e-07,446.268,9882.51,-1.92908e-07,505.135,12400.3,-2.20392e-07,571.766,15546.9,1.51705e-07,647.184,19472.2,5.74996e-07,732.547,24357.4,5.39112e-07,829.167,30420,5.07815e-09,938.526,37916.3,-4.11492e-07,1062.3,47143.9,-3.9561e-07,1202.4,58439.2,3.86185e-08,1360.96,72169.3,5.94093e-07,1540.42,88715.8,7.47693e-07,1743.53,108445,1.78537e-07,1973.41,131665,-4.12549e-07,2233.57,158557,-5.37164e-07,2528,189103,-1.17615e-07,2861.2,222986,5.66769e-07,3238.27,259510,9.45053e-07,3664.97,297540,4.25093e-07,4147.81,335497,-3.58506e-07,4694.17,371444,-6.7724e-07,5312.37,403256,1.67192e-07,1.61744,3.89446,9.84394,3.28846,7.5504,12.774,5.07607,11.7187,13.6844,7.03202,16.8147,13.9681,9.20215,23.1769,14.0566,11.6301,31.1672,14.0841,14.3598,41.2186,14.0927,17.4376,53.8688,14.0954,20.9137,69.7915,14.0962,24.8432,89.8341,14.0965,29.2879,115.063,14.0966,34.3168,146.819,14.0966,40.0078,186.792,14.0966,46.4487,237.107,14.0966,53.7388,300.44,14.0966,61.9903,380.158,14.0966,71.3301,480.499,14.0966,81.902,606.796,14.0966,93.8685,765.761,14.0966,107.414,965.837,14.0966,122.746,1217.65,14.0966,140.101,1534.57,14.0966,159.745,1933.41,14.0966,181.981,2435.3,14.0966,207.15,3066.85,14.0966,235.64,3861.46,14.0966,267.889,4861.11,14.0966,304.391,6118.54,14.0966,345.709,7699.91,14.0966,392.478,9688.22,14.0966,445.417,12187.5,14.0966,505.339,15327.7,14.0966,573.165,19271.6,14.0966,649.938,24222,14.0966,736.839,30430.9,14.0966,835.202,38211.5,14.0966,946.539,47950.3,14.0966,1072.56,60122.8,14.0966,1215.21,75309.9,14.0966,1376.66,94216.2,14.0966,1559.41,117688,14.0966,1766.26,146729,14.0966,2000.39,182510,14.0966,2265.39,226372,14.0966,2565.33,279806,14.0966,2904.81,344416,14.0966,3289.05,421845,14.0966,3723.93,513667,14.0966,4216.13,621231,14.0966,4773.18,745478,14.0966,5403.64,886744,14.0966,6117.15,1.04457e+06,14.0966,6924.63,1.2176e+06,14.0966,11.7194,11.96,12.6541,13.9321,16.1295,13.6434,16.6097,21.9702,13.9553,19.7532,29.5285,14.0526,23.3844,39.1143,14.0829,27.5423,51.2054,14.0923,32.2796,66.434,14.0953,37.662,85.6061,14.0962,43.7675,109.74,14.0965,50.687,140.119,14.0966,58.5249,178.359,14.0966,67.4005,226.493,14.0966,77.4493,287.08,14.0966,88.8254,363.343,14.0966,101.703,459.336,14.0966,116.281,580.161,14.0966,132.782,732.241,14.0966,151.46,923.655,14.0966,172.603,1164.57,14.0966,196.535,1467.79,14.0966,223.625,1849.39,14.0966,254.288,2329.62,14.0966,288.997,2933.93,14.0966,328.285,3694.33,14.0966,372.755,4651.04,14.0966,423.092,5854.57,14.0966,480.07,7368.38,14.0966,544.564,9272.08,14.0966,617.566,11665.5,14.0966,700.197,14673.6,14.0966,793.729,18452.9,14.0966,899.599,23198.6,14.0966,1019.43,29154.1,14.0966,1155.07,36622.3,14.0966,1308.6,45977.9,14.0966,1482.39,57683.7,14.0966,1679.09,72307.8,14.0966,1901.73,90542.8,14.0966,2153.73,113226,14.0966,2438.97,141360,14.0966,2761.81,176127,14.0966,3127.22,218898,14.0966,3540.81,271226,14.0966,4008.92,334817,14.0966,4538.74,411470,14.0966,5138.38,502973,14.0966,5817.04,610948,14.0966,6585.12,736653,14.0966,7454.39,880741,14.0966,8438.15,1.04302e+06,14.0966,9551.45,1.22224e+06,14.0966,10811.3,1.41602e+06,14.0966,12237,1.62086e+06,14.0966,11.7194,11.96,12.6541,2.21263,4.16949,0.989383,2.67766,5.84076,0.311842,3.14343,7.55825,0.0972771,3.63127,9.58578,0.0303237,4.15787,12.0912,0.00945211,4.73731,15.2286,0.00294633,5.38238,19.1721,0.000918508,6.10553,24.134,0.000286163,6.91951,30.3791,8.92692e-05,7.83792,38.2397,2.78121e-05,8.87555,48.1338,8.65134e-06,10.0489,60.5876,2.7882e-06,11.3761,76.2629,8.29036e-07,12.8779,95.9927,2.4373e-07,14.5775,120.825,4.33068e-09,16.5012,152.08,1.75749e-07,18.6784,191.415,-1.86328e-07,21.1428,240.917,1.91829e-07,23.9322,303.213,-1.81475e-07,27.0895,381.602,7.0186e-08,30.6634,480.231,-2.86769e-08,34.7087,604.316,2.40784e-07,39.2876,760.401,9.87368e-08,44.4705,956.705,1.22263e-07,50.3371,1203.54,-4.31966e-07,56.9776,1513.81,-1.9705e-07,64.494,1903.69,-2.763e-08,73.0018,2393.4,3.9185e-07,82.6317,3008.13,1.35379e-07,93.5318,3779.25,-4.16351e-08,105.869,4745.7,2.06965e-08,119.834,5955.6,-3.18887e-07,135.641,7468.12,-1.48271e-08,153.531,9355.62,2.00739e-07,173.781,11705.8,2.28358e-07,196.701,14624.1,-1.93587e-08,222.642,18235,-2.88101e-07,252.003,22683.4,-2.24732e-07,285.234,28134,8.56806e-09,322.845,34767,2.34258e-07,365.413,42770.9,2.99668e-07,413.588,52327.9,8.28644e-08,468.111,63591.2,-3.07049e-07,529.814,76653.2,-3.1888e-07,599.642,91502.5,-6.72276e-08,678.662,107975,2.26339e-07,768.083,125705,3.69212e-07,869.267,144088,2.04077e-07,983.76,162277,-2.80509e-07,1113.3,179223,-4.22737e-07,1259.87,193777,-1.71951e-07,1425.68,204839,4.55555e-07,11.7194,11.96,12.6541,2.21263,4.16949,0.989383,2.67766,5.84076,0.311842,3.14343,7.55825,0.0972771,3.63127,9.58578,0.0303237,4.15787,12.0912,0.00945211,4.73731,15.2286,0.00294633,5.38238,19.1721,0.000918508,6.10553,24.134,0.000286163,6.91951,30.3791,8.92692e-05,7.83792,38.2397,2.78121e-05,8.87555,48.1338,8.65134e-06,10.0489,60.5876,2.7882e-06,11.3761,76.2629,8.29036e-07,12.8779,95.9927,2.4373e-07,14.5775,120.825,1e-08,16.5012,152.08,1.75749e-07,18.6784,191.415,1e-08,21.1428,240.917,1.91829e-07,23.9322,303.213,1e-08,27.0895,381.602,7.0186e-08,30.6634,480.231,1e-08,34.7087,604.316,2.40784e-07,39.2876,760.401,9.87368e-08,44.4705,956.705,1.22263e-07,50.3371,1203.54,1e-08,56.9776,1513.81,1e-08,64.494,1903.69,1e-08,73.0018,2393.4,3.9185e-07,82.6317,3008.13,1.35379e-07,93.5318,3779.25,1e-08,105.869,4745.7,2.06965e-08,119.834,5955.6,1e-08,135.641,7468.12,1e-08,153.531,9355.62,2.00739e-07,173.781,11705.8,2.28358e-07,196.701,14624.1,1e-08,222.642,18235,1e-08,252.003,22683.4,1e-08,285.234,28134,1e-08,322.845,34767,2.34258e-07,365.413,42770.9,2.99668e-07,413.588,52327.9,8.28644e-08,468.111,63591.2,1e-08,529.814,76653.2,1e-08,599.642,91502.5,1e-08,678.662,107975,2.26339e-07,768.083,125705,3.69212e-07,869.267,144088,2.04077e-07,983.76,162277,1e-08,1113.3,179223,1e-08,1259.87,193777,1e-08,1425.68,204839,4.55555e-07,6.2823,3.27286,2.43537,0.219672,6.18826,2.24117,0.56371,6.87772,2.63624,0.308279,10,13,18,1,3,0,2,6,0,4,6,0,2,13,0,1,9,0,6,6,0,5,13,0,3,15,0,7,60,0,11,43,0,7,45,0,11,27,0,8,78,0,4,91,0,20,206,0,22,70,0,10,108,0,36,182,0,12,402,0,21,325,0,28,373,0,20,1390,0,71,928,0,61,952,0,13,1623,0,46,1062,0,97,2305,0,27,2167,0,180,3397,0,107,3003,0,145,3375,0,204,4205,0,67,9453,0,78,8455,0,76,13142,0,234,17175,0,137,8470,0,177,22734,0,257,9758,0,355,48751,0,213,57227,0,383,85727,0,502,36170,0,477,50971,0,1147,129192,0,794,92174,0,1414,160682,0,495,148395,0,1222,125178,0,1976,378735,0,1041,307837,0,1617,128862,0
-1.05176e+08,1,8.88811e-15,10,1023,0,1.05176e+08,0.528882,1.08665,0.389689,0.145397,0.379329,3.24381,0.161596,0.446195,1.77396,0.159177,1.15e+07,4.49998e+06,6.79999e+06,1.15e+07,4.49997e+06,6.79999e+06,1.15e+07,4.49996e+06,6.79999e+06,1.15e+07,4.49995e+06,6.79999e+06,1.14999e+07,4.49993e+06,6.79999e+06,1.14999e+07,4.49991e+06,6.79999e+06,1.14999e+07,4.49989e+06,6.79999e+06,1.14999e+07,4.49986e+06,6.79999e+06,1.14999e+07,4.49982e+06,6.79999e+06,1.14999e+07,4.49977e+06,6.79999e+06,1.14999e+07,4.49971e+06,6.79999e+06,1.14999e+07,4.49963e+06,6.79999e+06,1.14998e+07,4.49953e+06,6.79999e+06,1.14998e+07,4.49941e+06,6.79999e+06,1.14998e+07,4.49926e+06,6.79999e+06,1.14998e+07,4.49906e+06,6.79999e+06,1.14997e+07,4.49882e+06,6.79999e+06,1.14997e+07,4.49851e+06,6.79999e+06,1.14997e+07,4.49812e+06,6.79999e+06,1.14996e+07,4.49764e+06,6.79999e+06,1.14996e+07,4.49702e+06,6.79999e+06,1.14995e+07,4.49625e+06,6.79999e+06,1.14995e+07,4.49528e+06,6.79999e+06,1.14994e+07,4.49406e+06,6.79999e+06,1.14993e+07,4.49253e+06,6.79999e+06,1.14992e+07,4.49059e+06,6.79999e+06,1.14991e+07,4.48817e+06,6.79999e+06,1.1499e+07,4.48511e+06,6.79999e+06,1.14988e+07,4.48128e+06,6.79999e+06,1.14987e+07,4.47646e+06,6.79999e+06,1.14985e+07,4.47041e+06,6.79999e+06,1.14983e+07,4.46281e+06,6.79999e+06,1.14981e+07,4.4533e+06,6.79999e+06,1.14979e+07,4.44138e+06,6.79999e+06,1.14976e+07,4.42649e+06,6.79999e+06,1.14972e+07,4.40789e+06,6.79999e+06,1.14969e+07,4.38471e+06,6.79999e+06,1.14965e+07,4.35592e+06,6.79999e+06,1.1496e+07,4.32027e+06,6.79999e+06,1.14955e+07,4.27629e+06,6.79999e+06,1.14949e+07,4.22231e+06,6.79999e+06,1.14942e+07,4.15647e+06,6.79999e+06,1.14934e+07,4.07676e+06,6.79999e+06,1.14926e+07,3.98112e+06,6.79999e+06,1.14916e+07,3.86765e+06,6.79999e+06,1.14905e+07,3.73474e+06,6.79999e+06,1.14892e+07,3.58148e+06,6.79999e+06,1.14878e+07,3.40785e+06,6.79999e+06,1.14862e+07,3.21513e+06,6.79999e+06,1.14844e+07,3.00605e+06,6.79999e+06,1.14823e+07,2.7848e+06,6.79999e+06,1.148e+07,2.5568e+06,6.79999e+06,1.14773e+07,2.32825e+06,6.79999e+06,13.5742,8.52444,0.508366,16.8306,13.2585,0.162638,20.0035,17.569,0.0507846,23.2616,22.4214,0.0158319,26.7328,28.3297,0.00493498,30.5212,35.6974,0.00153831,34.7178,44.9473,0.000479527,39.4086,56.5822,0.000149456,44.6796,71.2245,4.66214e-05,50.6209,89.6543,1.45419e-05,57.3297,112.852,4.54748e-06,64.9129,142.051,1.43857e-06,73.4897,178.803,4.36618e-07,83.1934,225.062,1.40153e-07,94.1745,283.286,4.96378e-08,106.602,356.568,1.05434e-07,120.669,448.799,-6.49244e-08,136.59,564.873,1.70148e-07,154.611,710.948,-5.34594e-08,175.008,894.767,1.63407e-07,198.097,1126.06,8.04804e-08,224.231,1417.07,1.14667e-07,253.813,1783.15,-1.71227e-07,287.297,2243.62,-2.88466e-07,325.198,2822.67,-4.33651e-07,368.098,3550.67,7.9318e-08,416.657,4465.65,3.13319e-07,471.621,5615.16,3.4613e-07,533.835,7058.61,-1.19199e-07,604.255,8870.02,-2.79964e-07,683.962,11141.4,-2.30521e-07,774.182,13986.7,-2.55099e-07,876.299,17546.4,1.23585e-07,991.883,21993.1,1.41192e-07,1122.71,27536.7,-9.71886e-08,1270.78,34430.7,-3.68368e-07,1438.38,42977.7,-3.45379e-07,1628.07,53532.7,-3.25328e-09,1842.77,66504.6,2.6362e-07,2085.77,82350.2,2.53445e-07,2360.79,101560,-2.47407e-08,2672.05,124632,-3.80602e-07,3024.31,152018,-4.79005e-07,3422.98,184060,-1.14379e-07,3874.15,220884,2.64297e-07,4384.72,262283,3.44131e-07,4962.49,307576,7.5349e-08,5616.29,355497,-3.63097e-07,6356.1,404126,-6.05442e-07,7193.18,450932,-2.72333e-07,8140.28,492963,2.29675e-07,9211.79,527178,4.3387e-07,10424,550893,-1.0711e-07,10.102,8.06553,2.81012,10.6436,8.57909,0.869423,11.5336,10.2515,0.270869,12.7211,12.7138,0.0844293,14.1823,15.9373,0.0263173,15.9122,20.0383,0.0082035,17.9198,25.2154,0.00255722,20.2244,31.7373,0.000797017,22.8539,39.9486,0.000248622,25.8438,50.2851,7.75492e-05,29.237,63.2963,2.42508e-05,33.0837,79.6738,7.67162e-06,37.4415,100.288,2.32837e-06,42.3767,126.236,7.33e-07,47.9646,158.896,2.79256e-07,54.2906,200.003,9.87351e-09,61.452,251.741,1.61085e-07,69.5585,316.859,-2.47141e-07,78.7347,398.812,8.93552e-08,89.1218,501.948,-2.53231e-07,100.879,631.736,-1.25047e-07,114.188,795.049,-1.78808e-07,129.252,1000.53,2.6733e-07,146.304,1259.03,4.50292e-07,165.605,1584.19,6.76904e-07,187.452,1993.12,-1.23808e-07,212.181,2507.27,-4.89068e-07,240.173,3153.54,-5.40284e-07,271.856,3965.56,1.86061e-07,307.719,4985.38,4.37004e-07,348.313,6265.4,3.59828e-07,394.26,7870.83,3.98192e-07,446.268,9882.51,-1.92908e-07,505.135,12400.3,-2.20392e-07,571.766,15546.9,1.51705e-07,647.184,19472.2,5.74996e-07,732.547,24357.4,5.39112e-07,829.167,30420,5.07815e-09,938.526,37916.3,-4.11492e-07,1062.3,47143.9,-3.9561e-07,1202.4,58439.2,3.86185e-08,1360.96,72169.3,5.94093e-07,1540.42,88715.8,7.47693e-07,1743.53,108445,1.78537e-07,1973.41,131665,-4.12549e-07,2233.57,158557,-5.37164e-07,2528,189103,-1.17615e-07,2861.2,222986,5.66769e-07,3238.27,259510,9.45053e-07,3664.97,297540,4.25093e-07,4147.81,335497,-3.58506e-07,4694.17,371444,-6.7724e-07,5312.37,403256,1.67192e-07,1.61744,3.89446,9.84394,3.28846,7.5504,12.774,5.07607,11.7187,13.6844,7.03202,16.8147,13.9681,9.20215,23.1769,14.0566,11.6301,31.1672,14.0841,14.3598,41.2186,14.0927,17.4376,53.8688,14.0954,20.9137,69.7915,14.0962,24.8432,89.8341,14.0965,29.2879,115.063,14.0966,34.3168,146.819,14.0966,40.0078,186.792,14.0966,46.4487,237.107,14.0966,53.7388,300.44,14.0966,61.9903,380.158,14.0966,71.3301,480.499,14.0966,81.902,606.796,14.0966,93.8685,765.761,14.0966,107.414,965.837,14.0966,122.746,1217.65,14.0966,140.101,1534.57,14.0966,159.745,1933.41,14.0966,181.981,2435.3,14.0966,207.15,3066.85,14.0966,235.64,3861.46,14.0966,267.889,4861.11,14.0966,304.391,6118.54,14.0966,345.709,7699.91,14.0966,392.478,9688.22,14.0966,445.417,12187.5,14.0966,505.339,15327.7,14.0966,573.165,19271.6,14.0966,649.938,24222,14.0966,736.839,30430.9,14.0966,835.202,38211.5,14.0966,946.539,47950.3,14.0966,1072.56,60122.8,14.0966,1215.21,75309.9,14.0966,1376.66,94216.2,14.0966,1559.41,117688,14.0966,1766.26,146729,14.0966,2000.39,182510,14.0966,2265.39,226372,14.0966,2565.33,279806,14.0966,2904.81,344416,14.0966,3289.05,421845,14.0966,3723.93,513667,14.0966,4216.13,621231,14.0966,4773.18,745478,14.0966,5403.64,886744,14.0966,6117.15,1.04457e+06,14.0966,6924.63,1.2176e+06,14.0966,11.7194,11.96,12.6541,13.9321,16.1295,13.6434,16.6097,21.9702,13.9553,19.7532,29.5285,14.0526,23.3844,39.1143,14.0829,27.5423,51.2054,14.0923,32.2796,66.434,14.0953,37.662,85.6061,14.0962,43.7675,109.74,14.0965,50.687,140.119,14.0966,58.5249,178.359,14.0966,67.4005,226.493,14.0966,77.4493,287.08,14.0966,88.8254,363.343,14.0966,101.703,459.336,14.0966,116.281,580.161,14.0966,132.782,732.241,14.0966,151.46,923.655,14.0966,172.603,1164.57,14.0966,196.535,1467.79,14.0966,223.625,1849.39,14.0966,254.288,2329.62,14.0966,288.997,2933.93,14.0966,328.285,3694.33,14.0966,372.755,4651.04,14.0966,423.092,5854.57,14.0966,480.07,7368.38,14.0966,544.564,9272.08,14.0966,617.566,11665.5,14.0966,700.197,14673.6,14.0966,793.729,18452.9,14.0966,899.599,23198.6,14.0966,1019.43,29154.1,14.0966,1155.07,36622.3,14.0966,1308.6,45977.9,14.0966,1482.39,57683.7,14.0966,1679.09,72307.8,14.0966,1901.73,90542.8,14.0966,2153.73,113226,14.0966,2438.97,141360,14.0966,2761.81,176127,14.0966,3127.22,218898,14.0966,3540.81,271226,14.0966,4008.92,334817,14.0966,4538.74,411470,14.0966,5138.38,502973,14.0966,5817.04,610948,14.0966,6585.12,736653,14.0966,7454.39,880741,14.0966,8438.15,1.04302e+06,14.0966,9551.45,1.22224e+06,14.0966,10811.3,1.41602e+06,14.0966,12237,1.62086e+06,14.0966,11.7194,11.96,12.6541,2.21263,4.16949,0.989383,2.67766,5.84076,0.311842,3.14343,7.55825,0.0972771,3.63127,9.58578,0.0303237,4.15787,12.0912,0.00945211,4.73731,15.2286,0.00294633,5.38238,19.1721,0.000918508,6.10553,24.134,0.000286163,6.91951,30.3791,8.92692e-05,7.83792,38.2397,2.78121e-05,8.87555,48.1338,8.65134e-06,10.0489,60.5876,2.7882e-06,11.3761,76.2629,8.29036e-07,12.8779,95.9927,2.4373e-07,14.5775,120.825,4.33068e-09,16.5012,152.08,1.75749e-07,18.6784,191.415,-1.86328e-07,21.1428,240.917,1.91829e-07,23.9322,303.213,-1.81475e-07,27.0895,381.602,7.0186e-08,30.6634,480.231,-2.86769e-08,34.7087,604.316,2.40784e-07,39.2876,760.401,9.87368e-08,44.4705,956.705,1.22263e-07,50.3371,1203.54,-4.31966e-07,56.9776,1513.81,-1.9705e-07,64.494,1903.69,-2.763e-08,73.0018,2393.4,3.9185e-07,82.6317,3008.13,1.35379e-07,93.5318,3779.25,-4.16351e-08,105.869,4745.7,2.06965e-08,119.834,5955.6,-3.18887e-07,135.641,7468.12,-1.48271e-08,153.531,9355.62,2.00739e-07,173.781,11705.8,2.28358e-07,196.701,14624.1,-1.93587e-08,222.642,18235,-2.88101e-07,252.003,22683.4,-2.24732e-07,285.234,28134,8.56806e-09,322.845,34767,2.34258e-07,365.413,42770.9,2.99668e-07,413.588,52327.9,8.28644e-08,468.111,63591.2,-3.07049e-07,529.814,76653.2,-3.1888e-07,599.642,91502.5,-6.72276e-08,678.662,107975,2.26339e-07,768.083,125705,3.69212e-07,869.267,144088,2.04077e-07,983.76,162277,-2.80509e-07,1113.3,179223,-4.22737e-07,1259.87,193777,-1.71951e-07,1425.68,204839,4.55555e-07,11.7194,11.96,12.6541,2.21263,4.16949,0.989383,2.67766,5.84076,0.311842,3.14343,7.55825,0.0972771,3.63127,9.58578,0.0303237,4.15787,12.0912,0.00945211,4.73731,15.2286,0.00294633,5.38238,19.1721,0.000918508,6.10553,24.134,0.000286163,6.91951,30.3791,8.92692e-05,7.83792,38.2397,2.78121e-05,8.87555,48.1338,8.65134e-06,10.0489,60.5876,2.7882e-06,11.3761,76.2629,8.29036e-07,12.8779,95.9927,2.4373e-07,14.5775,120.825,1e-08,16.5012,152.08,1.75749e-07,18.6784,191.415,1e-08,21.1428,240.917,1.91829e-07,23.9322,303.213,1e-08,27.0895,381.602,7.0186e-08,30.6634,480.231,1e-08,34.7087,604.316,2.40784e-07,39.2876,760.401,9.87368e-08,44.4705,956.705,1.22263e-07,50.3371,1203.54,1e-08,56.9776,1513.81,1e-08,64.494,1903.69,1e-08,73.0018,2393.4,3.9185e-07,82.6317,3008.13,1.35379e-07,93.5318,3779.25,1e-08,105.869,4745.7,2.06965e-08,119.834,5955.6,1e-08,135.641,7468.12,1e-08,153.531,9355.62,2.00739e-07,173.781,11705.8,2.28358e-07,196.701,14624.1,1e-08,222.642,18235,1e-08,252.003,22683.4,1e-08,285.234,28134,1e-08,322.845,34767,2.34258e-07,365.413,42770.9,2.99668e-07,413.588,52327.9,8.28644e-08,468.111,63591.2,1e-08,529.814,76653.2,1e-08,599.642,91502.5,1e-08,678.662,107975,2.26339e-07,768.083,125705,3.69212e-07,869.267,144088,2.04077e-07,983.76,162277,1e-08,1113.3,179223,1e-08,1259.87,193777,1e-08,1425.68,204839,4.55555e-07,6.2823,3.27286,2.43537,0.219672,6.18826,2.24117,0.56371,6.87772,2.63624,0.308279,19,11,11,1,3,0,1,3,0,7,10,0,6,9,0,3,18,0,4,22,0,8,30,0,4,44,0,5,55,0,10,48,0,8,35,0,10,51,0,4,32,0,12,40,0,17,183,0,7,270,0,13,135,0,24,283,0,36,196,0,43,338,0,41,676,0,64,389,0,40,1158,0,48,1123,0,81,782,0,43,1261,0,54,2690,0,111,1189,0,132,4149,0,60,2229,0,86,4248,0,83,6452,0,237,7576,0,90,8944,0,116,7305,0,178,22126,0,123,10247,0,154,20315,0,342,15799,0,619,22209,0,327,44061,0,229,20364,0,698,39501,0,888,114213,0,1016,107144,0,691,217951,0,704,135117,0,1276,122803,0,1002,56393,0,380,123933,0,1511,106145,0,2038,119853,0
-1.05176e+08,1,8.88811e-15,10,1023,0,1.05176e+08,0.528882,1.08665,0.389689,0.145397,0.379329,3.24381,0.161596,0.446195,1.77396,0.159177,1.15e+07,4.49998e+06,6.79999e+06,1.15e+07,4.49997e+06,6.79999e+06,1.15e+07,4.49996e+06,6.79999e+06,1.15e+07,4.49995e+06,6.79999e+06,1.14999e+07,4.49993e+06,6.79999e+06,1.14999e+07,4.49991e+06,6.79999e+06,1.14999e+07,4.49989e+06,6.79999e+06,1.14999e+07,4.49986e+06,6.79999e+06,1.14999e+07,4.49982e+06,6.79999e+06,1.14999e+07,4.49977e+06,6.79999e+06,1.14999e+07,4.49971e+06,6.79999e+06,1.14999e+07,4.49963e+06,6.79999e+06,1.14998e+07,4.49953e+06,6.79999e+06,1.14998e+07,4.49941e+06,6.79999e+06,1.14998e+07,4.49926e+06,6.79999e+06,1.14998e+07,4.49906e+06,6.79999e+06,1.14997e+07,4.49882e+06,6.79999e+06,1.14997e+07,4.49851e+06,6.79999e+06,1.14997e+07,4.49812e+06,6.79999e+06,1.14996e+07,4.49764e+06,6.79999e+06,1.14996e+07,4.49702e+06,6.79999e+06,1.14995e+07,4.49625e+06,6.79999e+06,1.14995e+07,4.49528e+06,6.79999e+06,1.14994e+07,4.49406e+06,6.79999e+06,1.14993e+07,4.49253e+06,6.79999e+06,1.14992e+07,4.49059e+06,6.79999e+06,1.14991e+07,4.48817e+06,6.79999e+06,1.1499e+07,4.48511e+06,6.79999e+06,1.14988e+07,4.48128e+06,6.79999e+06,1.14987e+07,4.47646e+06,6.79999e+06,1.14985e+07,4.47041e+06,6.79999e+06,1.14983e+07,4.46281e+06,6.79999e+06,1.14981e+07,4.4533e+06,6.79999e+06,1.14979e+07,4.44138e+06,6.79999e+06,1.14976e+07,4.42649e+06,6.79999e+06,1.14972e+07,4.40789e+06,6.79999e+06,1.14969e+07,4.38471e+06,6.79999e+06,1.14965e+07,4.35592e+06,6.79999e+06,1.1496e+07,4.32027e+06,6.79999e+06,1.14955e+07,4.27629e+06,6.79999e+06,1.14949e+07,4.22231e+06,6.79999e+06,1.14942e+07,4.15647e+06,6.79999e+06,1.14934e+07,4.07676e+06,6.79999e+06,1.14926e+07,3.98112e+06,6.79999e+06,1.14916e+07,3.86765e+06,6.79999e+06,1.14905e+07,3.73474e+06,6.79999e+06,1.14892e+07,3.58148e+06,6.79999e+06,1.14878e+07,3.40785e+06,6.79999e+06,1.14862e+07,3.21513e+06,6.79999e+06,1.14844e+07,3.00605e+06,6.79999e+06,1.14823e+07,2.7848e+06,6.79999e+06,1.148e+07,2.5568e+06,6.79999e+06,1.14773e+07,2.32825e+06,6.79999e+06,13.5742,8.52444,0.508366,16.8306,13.2585,0.162638,20.0035,17.569,0.0507846,23.2616,22.4214,0.0158319,26.7328,28.3297,0.00493498,30.5212,35.6974,0.00153831,34.7178,44.9473,0.000479527,39.4086,56.5822,0.000149456,44.6796,71.2245,4.66214e-05,50.6209,89.6543,1.45419e-05,57.3297,112.852,4.54748e-06,64.9129,142.051,1.43857e-06,73.4897,178.803,4.36618e-07,83.1934,225.062,1.40153e-07,94.1745,283.286,4.96378e-08,106.602,356.568,1.05434e-07,120.669,448.799,-6.49244e-08,136.59,564.873,1.70148e-07,154.611,710.948,-5.34594e-08,175.008,894.767,1.63407e-07,198.097,1126.06,8.04804e-08,224.231,1417.07,1.14667e-07,253.813,1783.15,-1.71227e-07,287.297,2243.62,-2.88466e-07,325.198,2822.67,-4.33651e-07,368.098,3550.67,7.9318e-08,416.657,4465.65,3.13319e-07,471.621,5615.16,3.4613e-07,533.835,7058.61,-1.19199e-07,604.255,8870.02,-2.79964e-07,683.962,11141.4,-2.30521e-07,774.182,13986.7,-2.55099e-07,876.299,17546.4,1.23585e-07,991.883,21993.1,1.41192e-07,1122.71,27536.7,-9.71886e-08,1270.78,34430.7,-3.68368e-07,1438.38,42977.7,-3.45379e-07,1628.07,53532.7,-3.25328e-09,1842.77,66504.6,2.6362e-07,2085.77,82350.2,2.53445e-07,2360.79,101560,-2.47407e-08,2672.05,124632,-3.80602e-07,3024.31,152018,-4.79005e-07,3422.98,184060,-1.14379e-07,3874.15,220884,2.64297e-07,4384.72,262283,3.44131e-07,4962.49,307576,7.5349e-08,5616.29,355497,-3.63097e-07,6356.1,404126,-6.05442e-07,7193.18,450932,-2.72333e-07,8140.28,492963,2.29675e-07,9211.79,527178,4.3387e-07,10424,550893,-1.0711e-07,10.102,8.06553,2.81012,10.6436,8.57909,0.869423,11.5336,10.2515,0.270869,12.7211,12.7138,0.0844293,14.1823,15.9373,0.0263173,15.9122,20.0383,0.0082035,17.9198,25.2154,0.00255722,20.2244,31.7373,0.000797017,22.8539,39.9486,0.000248622,25.8438,50.2851,7.75492e-05,29.237,63.2963,2.42508e-05,33.0837,79.6738,7.67162e-06,37.4415,100.288,2.32837e-06,42.3767,126.236,7.33e-07,47.9646,158.896,2.79256e-07,54.2906,200.003,9.87351e-09,61.452,251.741,1.61085e-07,69.5585,316.859,-2.47141e-07,78.7347,398.812,8.93552e-08,89.1218,501.948,-2.53231e-07,100.879,631.736,-1.25047e-07,114.188,795.049,-1.78808e-07,129.252,1000.53,2.6733e-07,146.304,1259.03,4.50292e-07,165.605,1584.19,6.76904e-07,187.452,1993.12,-1.23808e-07,212.181,2507.27,-4.89068e-07,240.173,3153.54,-5.40284e-07,271.856,3965.56,1.86061e-07,307.719,4985.38,4.37004e-07,348.313,6265.4,3.59828e-07,394.26,7870.83,3.98192e-07,446.268,9882.51,-1.92908e-07,505.135,12400.3,-2.20392e-07,571.766,15546.9,1.51705e-07,647.184,19472.2,5.74996e-07,732.547,24357.4,5.39112e-07,829.167,30420,5.07815e-09,938.526,37916.3,-4.11492e-07,1062.3,47143.9,-3.9561e-07,1202.4,58439.2,3.86185e-08,1360.96,72169.3,5.94093e-07,1540.42,88715.8,7.47693e-07,1743.53,108445,1.78537e-07,1973.41,131665,-4.12549e-07,2233.57,158557,-5.37164e-07,2528,189103,-1.17615e-07,2861.2,222986,5.66769e-07,3238.27,259510,9.45053e-07,3664.97,297540,4.25093e-07,4147.81,335497,-3.58506e-07,4694.17,371444,-6.7724e-07,5312.37,403256,1.67192e-07,1.61744,3.89446,9.84394,3.28846,7.5504,12.774,5.07607,11.7187,13.6844,7.03202,16.8147,13.9681,9.20215,23.1769,14.0566,11.6301,31.1672,14.0841,14.3598,41.2186,14.0927,17.4376,53.8688,14.0954,20.9137,69.7915,14.0962,24.8432,89.8341,14.0965,29.2879,115.063,14.0966,34.3168,146.819,14.0966,40.0078,186.792,14.0966,46.4487,237.107,14.0966,53.7388,300.44,14.0966,61.9903,380.158,14.0966,71.3301,480.499,14.0966,81.902,606.796,14.0966,93.8685,765.761,14.0966,107.414,965.837,14.0966,122.746,1217.65,14.0966,140.101,1534.57,14.0966,159.745,1933.41,14.0966,181.981,2435.3,14.0966,207.15,3066.85,14.0966,235.64,3861.46,14.0966,267.889,4861.11,14.0966,304.391,6118.54,14.0966,345.709,7699.91,14.0966,392.478,9688.22,14.0966,445.417,12187.5,14.0966,505.339,15327.7,14.0966,573.165,19271.6,14.0966,649.938,24222,14.0966,736.839,30430.9,14.0966,835.202,38211.5,14.0966,946.539,47950.3,14.0966,1072.56,60122.8,14.0966,1215.21,75309.9,14.0966,1376.66,94216.2,14.0966,1559.41,117688,14.0966,1766.26,146729,14.0966,2000.39,182510,14.0966,2265.39,226372,14.0966,2565.33,279806,14.0966,2904.81,344416,14.0966,3289.05,421845,14.0966,3723.93,513667,14.0966,4216.13,621231,14.0966,4773.18,745478,14.0966,5403.64,886744,14.0966,6117.15,1.04457e+06,14.0966,6924.63,1.2176e+06,14.0966,11.7194,11.96,12.6541,13.9321,16.1295,13.6434,16.6097,21.9702,13.9553,19.7532,29.5285,14.0526,23.3844,39.1143,14.0829,27.5423,51.2054,14.0923,32.2796,66.434,14.0953,37.662,85.6061,14.0962,43.7675,109.74,14.0965,50.687,140.119,14.0966,58.5249,178.359,14.0966,67.4005,226.493,14.0966,77.4493,287.08,14.0966,88.8254,363.343,14.0966,101.703,459.336,14.0966,116.281,580.161,14.0966,132.782,732.241,14.0966,151.46,923.655,14.0966,172.603,1164.57,14.0966,196.535,1467.79,14.0966,223.625,1849.39,14.0966,254.288,2329.62,14.0966,288.997,2933.93,14.0966,328.285,3694.33,14.0966,372.755,4651.04,14.0966,423.092,5854.57,14.0966,480.07,7368.38,14.0966,544.564,9272.08,14.0966,617.566,11665.5,14.0966,700.197,14673.6,14.0966,793.729,18452.9,14.0966,899.599,23198.6,14.0966,1019.43,29154.1,14.0966,1155.07,36622.3,14.0966,1308.6,45977.9,14.0966,1482.39,57683.7,14.0966,1679.09,72307.8,14.0966,1901.73,90542.8,14.0966,2153.73,113226,14.0966,2438.97,141360,14.0966,2761.81,176127,14.0966,3127.22,218898,14.0966,3540.81,271226,14.0966,4008.92,334817,14.0966,4538.74,411470,14.0966,5138.38,502973,14.0966,5817.04,610948,14.0966,6585.12,736653,14.0966,7454.39,880741,14.0966,8438.15,1.04302e+06,14.0966,9551.45,1.22224e+06,14.0966,10811.3,1.41602e+06,14.0966,12237,1.62086e+06,14.0966,11.7194,11.96,12.6541,2.21263,4.16949,0.989383,2.67766,5.84076,0.311842,3.14343,7.55825,0.0972771,3.63127,9.58578,0.0303237,4.15787,12.0912,0.00945211,4.73731,15.2286,0.00294633,5.38238,19.1721,0.000918508,6.10553,24.134,0.000286163,6.91951,30.3791,8.92692e-05,7.83792,38.2397,2.78121e-05,8.87555,48.1338,8.65134e-06,10.0489,60.5876,2.7882e-06,11.3761,76.2629,8.29036e-07,12.8779,95.9927,2.4373e-07,14.5775,120.825,4.33068e-09,16.5012,152.08,1.75749e-07,18.6784,191.415,-1.86328e-07,21.1428,240.917,1.91829e-07,23.9322,303.213,-1.81475e-07,27.0895,381.602,7.0186e-08,30.6634,480.231,-2.86769e-08,34.7087,604.316,2.40784e-07,39.2876,760.401,9.87368e-08,44.4705,956.705,1.22263e-07,50.3371,1203.54,-4.31966e-07,56.9776,1513.81,-1.9705e-07,64.494,1903.69,-2.763e-08,73.0018,2393.4,3.9185e-07,82.6317,3008.13,1.35379e-07,93.5318,3779.25,-4.16351e-08,105.869,4745.7,2.06965e-08,119.834,5955.6,-3.18887e-07,135.641,7468.12,-1.48271e-08,153.531,9355.62,2.00739e-07,173.781,11705.8,2.28358e-07,196.701,14624.1,-1.93587e-08,222.642,18235,-2.88101e-07,252.003,22683.4,-2.24732e-07,285.234,28134,8.56806e-09,322.845,34767,2.34258e-07,365.413,42770.9,2.99668e-07,413.588,52327.9,8.28644e-08,468.111,63591.2,-3.07049e-07,529.814,76653.2,-3.1888e-07,599.642,91502.5,-6.72276e-08,678.662,107975,2.26339e-07,768.083,125705,3.69212e-07,869.267,144088,2.04077e-07,983.76,162277,-2.80509e-07,1113.3,179223,-4.22737e-07,1259.87,193777,-1.71951e-07,1425.68,204839,4.55555e-07,11.7194,11.96,12.6541,2.21263,4.16949,0.989383,2.67766,5.84076,0.311842,3.14343,7.55825,0.0972771,3.63127,9.58578,0.0303237,4.15787,12.0912,0.00945211,4.73731,15.2286,0.00294633,5.38238,19.1721,0.000918508,6.10553,24.134,0.000286163,6.91951,30.3791,8.92692e-05,7.83792,38.2397,2.78121e-05,8.87555,48.1338,8.65134e-06,10.0489,60.5876,2.7882e-06,11.3761,76.2629,8.29036e-07,12.8779,95.9927,2.4373e-07,14.5775,120.825,1e-08,16.5012,152.08,1.75749e-07,18.6784,191.415,1e-08,21.1428,240.917,1.91829e-07,23.9322,303.213,1e-08,27.0895,381.602,7.0186e-08,30.6634,480.231,1e-08,34.7087,604.316,2.40784e-07,39.2876,760.401,9.87368e-08,44.4705,956.705,1.22263e-07,50.3371,1203.54,1e-08,56.9776,1513.81,1e-08,64.494,1903.69,1e-08,73.0018,2393.4,3.9185e-07,82.6317,3008.13,1.35379e-07,93.5318,3779.25,1e-08,105.869,4745.7,2.06965e-08,119.834,5955.6,1e-08,135.641,7468.12,1e-08,153.531,9355.62,2.00739e-07,173.781,11705.8,2.28358e-07,196.701,14624.1,1e-08,222.642,18235,1e-08,252.003,22683.4,1e-08,285.234,28134,1e-08,322.845,34767,2.34258e-07,365.413,42770.9,2.99668e-07,413.588,52327.9,8.28644e-08,468.111,63591.2,1e-08,529.814,76653.2,1e-08,599.642,91502.5,1e-08,678.662,107975,2.26339e-07,768.083,125705,3.69212e-07,869.267,144088,2.04077e-07,983.76,162277,1e-08,1113.3,179223,1e-08,1259.87,193777,1e-08,1425.68,204839,4.55555e-07,6.2823,3.27286,2.43537,0.219672,6.18826,2.24117,0.56371,6.87772,2.63624,0.308279,8,24,20,2,5,1,6,6,0,5,6,0,2,15,0,3,6,0,4,9,0,0,20,0,7,30,0,11,53,0,8,11,0,3,20,0,12,30,0,10,72,0,23,85,0,8,112,0,24,84,0,39,168,0,24,356,0,24,103,0,24,554,0,31,306,0,32,357,0,29,1317,0,46,469,0,47,937,0,42,274,0,64,2495,0,102,2669,0,131,3684,0,72,8166,0,137,2472,0,66,4594,0,106,4364,0,132,11864,0,133,13303,0,223,19677,0,196,15039,0,93,22885,0,326,23264,0,504,24766,0,224,72043,0,434,24902,0,477,28285,0,566,59916,0,754,110203,0,1004,67092,0,457,109694,0,1465,191198,0,1291,115321,0,1154,128836,0,1284,149750,0,2622,72253,0
-1.05176e+08,1,8.88811e-15,10,1023,0,1.05176e+08,0.528882,1.08665,0.389689,0.145397,0.379329,3.24381,0.161596,0.446195,1.77396,0.159177,1.15e+07,4.49998e+06,6.79999e+06,1.15e+07,4.49997e+06,6.79999e+06,1.15e+07,4.49996e+06,6.79999e+06,1.15e+07,4.49995e+06,6.79999e+06,1.14999e+07,4.49993e+06,6.79999e+06,1.14999e+07,4.49991e+06,6.79999e+06,1.14999e+07,4.49989e+06,6.79999e+06,1.14999e+07,4.49986e+06,6.79999e+06,1.14999e+07,4.49982e+06,6.79999e+06,1.14999e+07,4.49977e+06,6.79999e+06,1.14999e+07,4.49971e+06,6.79999e+06,1.14999e+07,4.49963e+06,6.79999e+06,1.14998e+07,4.49953e+06,6.79999e+06,1.14998e+07,4.49941e+06,6.79999e+06,1.14998e+07,4.49926e+06,6.79999e+06,1.14998e+07,4.49906e+06,6.79999e+06,1.14997e+07,4.49882e+06,6.79999e+06,1.14997e+07,4.49851e+06,6.79999e+06,1.14997e+07,4.49812e+06,6.79999e+06,1.14996e+07,4.49764e+06,6.79999e+06,1.14996e+07,4.49702e+06,6.79999e+06,1.14995e+07,4.49625e+06,6.79999e+06,1.14995e+07,4.49528e+06,6.79999e+06,1.14994e+07,4.49406e+06,6.79999e+06,1.14993e+07,4.49253e+06,6.79999e+06,1.14992e+07,4.49059e+06,6.79999e+06,1.14991e+07,4.48817e+06,6.79999e+06,1.1499e+07,4.48511e+06,6.79999e+06,1.14988e+07,4.48128e+06,6.79999e+06,1.14987e+07,4.47646e+06,6.79999e+06,1.14985e+07,4.47041e+06,6.79999e+06,1.14983e+07,4.46281e+06,6.79999e+06,1.14981e+07,4.4533e+06,6.79999e+06,1.14979e+07,4.44138e+06,6.79999e+06,1.14976e+07,4.42649e+06,6.79999e+06,1.14972e+07,4.40789e+06,6.79999e+06,1.14969e+07,4.38471e+06,6.79999e+06,1.14965e+07,4.35592e+06,6.79999e+06,1.1496e+07,4.32027e+06,6.79999e+06,1.14955e+07,4.27629e+06,6.79999e+06,1.14949e+07,4.22231e+06,6.79999e+06,1.14942e+07,4.15647e+06,6.79999e+06,1.14934e+07,4.07676e+06,6.79999e+06,1.14926e+07,3.98112e+06,6.79999e+06,1.14916e+07,3.86765e+06,6.79999e+06,1.14905e+07,3.73474e+06,6.79999e+06,1.14892e+07,3.58148e+06,6.79999e+06,1.14878e+07,3.40785e+06,6.79999e+06,1.14862e+07,3.21513e+06,6.79999e+06,1.14844e+07,3.00605e+06,6.79999e+06,1.14823e+07,2.7848e+06,6.79999e+06,1.148e+07,2.5568e+06,6.79999e+06,1.14773e+07,2.32825e+06,6.79999e+06,13.5742,8.52444,0.508366,16.8306,13.2585,0.162638,20.0035,17.569,0.0507846,23.2616,22.4214,0.0158319,26.7328,28.3297,0.00493498,30.5212,35.6974,0.00153831,34.7178,44.9473,0.000479527,39.4086,56.5822,0.000149456,44.6796,71.2245,4.66214e-05,50.6209,89.6543,1.45419e-05,57.3297,112.852,4.54748e-06,64.9129,142.051,1.43857e-06,73.4897,178.803,4.36618e-07,83.1934,225.062,1.40153e-07,94.1745,283.286,4.96378e-08,106.602,356.568,1.05434e-07,120.669,448.799,-6.49244e-08,136.59,564.873,1.70148e-07,154.611,710.948,-5.34594e-08,175.008,894.767,1.63407e-07,198.097,1126.06,8.04804e-08,224.231,1417.07,1.14667e-07,253.813,1783.15,-1.71227e-07,287.297,2243.62,-2.88466e-07,325.198,2822.67,-4.33651e-07,368.098,3550.67,7.9318e-08,416.657,4465.65,3.13319e-07,471.621,5615.16,3.4613e-07,533.835,7058.61,-1.19199e-07,604.255,8870.02,-2.79964e-07,683.962,11141.4,-2.30521e-07,774.182,13986.7,-2.55099e-07,876.299,17546.4,1.23585e-07,991.883,21993.1,1.41192e-07,1122.71,27536.7,-9.71886e-08,1270.78,34430.7,-3.68368e-07,1438.38,42977.7,-3.45379e-07,1628.07,53532.7,-3.25328e-09,1842.77,66504.6,2.6362e-07,2085.77,82350.2,2.53445e-07,2360.79,101560,-2.47407e-08,2672.05,124632,-3.80602e-07,3024.31,152018,-4.79005e-07,3422.98,184060,-1.14379e-07,3874.15,220884,2.64297e-07,4384.72,262283,3.44131e-07,4962.49,307576,7.5349e-08,5616.29,355497,-3.63097e-07,6356.1,404126,-6.05442e-07,7193.18,450932,-2.72333e-07,8140.28,492963,2.29675e-07,9211.79,527178,4.3387e-07,10424,550893,-1.0711e-07,10.102,8.06553,2.81012,10.6436,8.57909,0.869423,11.5336,10.2515,0.270869,12.7211,12.7138,0.0844293,14.1823,15.9373,0.0263173,15.9122,20.0383,0.0082035,17.9198,25.2154,0.00255722,20.2244,31.7373,0.000797017,22.8539,39.9486,0.000248622,25.8438,50.2851,7.75492e-05,29.237,63.2963,2.42508e-05,33.0837,79.6738,7.67162e-06,37.4415,100.288,2.32837e-06,42.3767,126.236,7.33e-07,47.9646,158.896,2.79256e-07,54.2906,200.003,9.87351e-09,61.452,251.741,1.61085e-07,69.5585,316.859,-2.47141e-07,78.7347,398.812,8.93552e-08,89.1218,501.948,-2.53231e-07,100.879,631.736,-1.25047e-07,114.188,795.049,-1.78808e-07,129.252,1000.53,2.6733e-07,146.304,1259.03,4.50292e-07,165.605,1584.19,6.76904e-07,187.452,1993.12,-1.23808e-07,212.181,2507.27,-4.89068e-07,240.173,3153.54,-5.40284e-07,271.856,3965.56,1.86061e-07,307.719,4985.38,4.37004e-07,348.313,6265.4,3.59828e-07,394.26,7870.83,3.98192e-07,446.268,9882.51,-1.92908e-07,505.135,12400.3,-2.20392e-07,571.766,15546.9,1.51705e-07,647.184,19472.2,5.74996e-07,732.547,24357.4,5.39112e-07,829.167,30420,5.07815e-09,938.526,37916.3,-4.11492e-07,1062.3,47143.9,-3.9561e-07,1202.4,58439.2,3.86185e-08,1360.96,72169.3,5.94093e-07,1540.42,88715.8,7.47693e-07,1743.53,108445,1.78537e-07,1973.41,131665,-4.12549e-07,2233.57,158557,-5.37164e-07,2528,189103,-1.17615e-07,2861.2,222986,5.66769e-07,3238.27,259510,9.45053e-07,3664.97,297540,4.25093e-07,4147.81,335497,-3.58506e-07,4694.17,371444,-6.7724e-07,5312.37,403256,1.67192e-07,1.61744,3.89446,9.84394,3.28846,7.5504,12.774,5.07607,11.7187,13.6844,7.03202,16.8147,13.9681,9.20215,23.1769,14.0566,11.6301,31.1672,14.0841,14.3598,41.2186,14.0927,17.4376,53.8688,14.0954,20.9137,69.7915,14.0962,24.8432,89.8341,14.0965,29.2879,115.063,14.0966,34.3168,146.819,14.0966,40.0078,186.792,14.0966,46.4487,237.107,14.0966,53.7388,300.44,14.0966,61.9903,380.158,14.0966,71.3301,480.499,14.0966,81.902,606.796,14.0966,93.8685,765.761,14.0966,107.414,965.837,14.0966,122.746,1217.65,14.0966,140.101,1534.57,14.0966,159.745,1933.41,14.0966,181.981,2435.3,14.0966,207.15,3066.85,14.0966,235.64,3861.46,14.0966,267.889,4861.11,14.0966,304.391,6118.54,14.0966,345.709,7699.91,14.0966,392.478,9688.22,14.0966,445.417,12187.5,14.0966,505.339,15327.7,14.0966,573.165,19271.6,14.0966,649.938,24222,14.0966,736.839,30430.9,14.0966,835.202,38211.5,14.0966,946.539,47950.3,14.0966,1072.56,60122.8,14.0966,1215.21,75309.9,14.0966,1376.66,94216.2,14.0966,1559.41,117688,14.0966,1766.26,146729,14.0966,2000.39,182510,14.0966,2265.39,226372,14.0966,2565.33,279806,14.0966,2904.81,344416,14.0966,3289.05,421845,14.0966,3723.93,513667,14.0966,4216.13,621231,14.0966,4773.18,745478,14.0966,5403.64,886744,14.0966,6117.15,1.04457e+06,14.0966,6924.63,1.2176e+06,14.0966,11.7194,11.96,12.6541,13.9321,16.1295,13.6434,16.6097,21.9702,13.9553,19.7532,29.5285,14.0526,23.3844,39.1143,14.0829,27.5423,51.2054,14.0923,32.2796,66.434,14.0953,37.662,85.6061,14.0962,43.7675,109.74,14.0965,50.687,140.119,14.0966,58.5249,178.359,14.0966,67.4005,226.493,14.0966,77.4493,287.08,14.0966,88.8254,363.343,14.0966,101.703,459.336,14.0966,116.281,580.161,14.0966,132.782,732.241,14.0966,151.46,923.655,14.0966,172.603,1164.57,14.0966,196.535,1467.79,14.0966,223.625,1849.39,14.0966,254.288,2329.62,14.0966,288.997,2933.93,14.0966,328.285,3694.33,14.0966,372.755,4651.04,14.0966,423.092,5854.57,14.0966,480.07,7368.38,14.0966,544.564,9272.08,14.0966,617.566,11665.5,14.0966,700.197,14673.6,14.0966,793.729,18452.9,14.0966,899.599,23198.6,14.0966,1019.43,29154.1,14.0966,1155.07,36622.3,14.0966,1308.6,45977.9,14.0966,1482.39,57683.7,14.0966,1679.09,72307.8,14.0966,1901.73,90542.8,14.0966,2153.73,113226,14.0966,2438.97,141360,14.0966,2761.81,176127,14.0966,3127.22,218898,14.0966,3540.81,271226,14.0966,4008.92,334817,14.0966,4538.74,411470,14.0966,5138.38,502973,14.0966,5817.04,610948,14.0966,6585.12,736653,14.0966,7454.39,880741,14.0966,8438.15,1.04302e+06,14.0966,9551.45,1.22224e+06,14.0966,10811.3,1.41602e+06,14.0966,12237,1.62086e+06,14.0966,11.7194,11.96,12.6541,2.21263,4.16949,0.989383,2.67766,5.84076,0.311842,3.14343,7.55825,0.0972771,3.63127,9.58578,0.0303237,4.15787,12.0912,0.00945211,4.73731,15.2286,0.00294633,5.38238,19.1721,0.000918508,6.10553,24.134,0.000286163,6.91951,30.3791,8.92692e-05,7.83792,38.2397,2.78121e-05,8.87555,48.1338,8.65134e-06,10.0489,60.5876,2.7882e-06,11.3761,76.2629,8.29036e-07,12.8779,95.9927,2.4373e-07,14.5775,120.825,4.33068e-09,16.5012,152.08,1.75749e-07,18.6784,191.415,-1.86328e-07,21.1428,240.917,1.91829e-07,23.9322,303.213,-1.81475e-07,27.0895,381.602,7.0186e-08,30.6634,480.231,-2.86769e-08,34.7087,604.316,2.40784e-07,39.2876,760.401,9.87368e-08,44.4705,956.705,1.22263e-07,50.3371,1203.54,-4.31966e-07,56.9776,1513.81,-1.9705e-07,64.494,1903.69,-2.763e-08,73.0018,2393.4,3.9185e-07,82.6317,3008.13,1.35379e-07,93.5318,3779.25,-4.16351e-08,105.869,4745.7,2.06965e-08,119.834,5955.6,-3.18887e-07,135.641,7468.12,-1.48271e-08,153.531,9355.62,2.00739e-07,173.781,11705.8,2.28358e-07,196.701,14624.1,-1.93587e-08,222.642,18235,-2.88101e-07,252.003,22683.4,-2.24732e-07,285.234,28134,8.56806e-09,322.845,34767,2.34258e-07,365.413,42770.9,2.99668e-07,413.588,52327.9,8.28644e-08,468.111,63591.2,-3.07049e-07,529.814,76653.2,-3.1888e-07,599.642,91502.5,-6.72276e-08,678.662,107975,2.26339e-07,768.083,125705,3.69212e-07,869.267,144088,2.04077e-07,983.76,162277,-2.80509e-07,1113.3,179223,-4.22737e-07,1259.87,193777,-1.71951e-07,1425.68,204839,4.55555e-07,11.7194,11.96,12.6541,2.21263,4.16949,0.989383,2.67766,5.84076,0.311842,3.14343,7.55825,0.0972771,3.63127,9.58578,0.0303237,4.15787,12.0912,0.00945211,4.73731,15.2286,0.00294633,5.38238,19.1721,0.000918508,6.10553,24.134,0.000286163,6.91951,30.3791,8.92692e-05,7.83792,38.2397,2.78121e-05,8.87555,48.1338,8.65134e-06,10.0489,60.5876,2.7882e-06,11.3761,76.2629,8.29036e-07,12.8779,95.9927,2.4373e-07,14.5775,120.825,1e-08,16.5012,152.08,1.75749e-07,18.6784,191.415,1e-08,21.1428,240.917,1.91829e-07,23.9322,303.213,1e-08,27.0895,381.602,7.0186e-08,30.6634,480.231,1e-08,34.7087,604.316,2.40784e-07,39.2876,760.401,9.87368e-08,44.4705,956.705,1.22263e-07,50.3371,1203.54,1e-08,56.9776,1513.81,1e-08,64.494,1903.69,1e-08,73.0018,2393.4,3.9185e-07,82.6317,3008.13,1.35379e-07,93.5318,3779.25,1e-08,105.869,4745.7,2.06965e-08,119.834,5955.6,1e-08,135.641,7468.12,1e-08,153.531,9355.62,2.00739e-07,173.781,11705.8,2.28358e-07,196.701,14624.1,1e-08,222.642,18235,1e-08,252.003,22683.4,1e-08,285.234,28134,1e-08,322.845,34767,2.34258e-07,365.413,42770.9,2.99668e-07,413.588,52327.9,8.28644e-08,468.111,63591.2,1e-08,529.814,76653.2,1e-08,599.642,91502.5,1e-08,678.662,107975,2.26339e-07,768.083,125705,3.69212e-07,869.267,144088,2.04077e-07,983.76,162277,1e-08,1113.3,179223,1e-08,1259.87,193777,1e-08,1425.68,204839,4.55555e-07,6.2823,3.27286,2.43537,0.219672,6.18826,2.24117,0.56371,6.87772,2.63624,0.308279,12,15,9,1,1,0,1,6,0,1,3,0,4,5,0,3,19,0,6,10,0,8,20,0,4,5,0,16,23,0,6,56,0,13,64,0,10,58,0,11,36,0,23,46,0,10,142,0,14,206,0,40,65,0,11,191,0,34,307,0,8,172,0,26,447,0,13,315,0,61,924,0,84,2222,0,38,1436,0,48,1599,0,27,2098,0,80,3245,0,106,2706,0,69,4117,0,88,4963,0,75,3940,0,233,5744,0,174,6643,0,136,13509,0,227,18202,0,222,24604,0,371,11952,0,210,25011,0,566,19480,0,201,34919,0,451,44565,0,498,81154,0,416,79327,0,317,98447,0,991,77498,0,1229,109028,0,614,114015,0,1119,76666,0,1737,56255,0,962,188291,0,2445,145192,0
-1.05176e+08,1,8.88811e-15,10,1023,0,1.05176e+08,0.528882,1.08665,0.389689,0.145397,0.379329,3.24381,0.161596,0.446195,1.77396,0.159177,1.15e+07,4.49998e+06,6.79999e+06,1.15e+07,4.49997e+06,6.79999e+06,1.15e+07,4.49996e+06,6.79999e+06,1.15e+07,4.49995e+06,6.79999e+06,1.14999e+07,4.49993e+06,6.79999e+06,1.14999e+07,4.49991e+06,6.79999e+06,1.14999e+07,4.49989e+06,6.79999e+06,1.14999e+07,4.49986e+06,6.79999e+06,1.14999e+07,4.49982e+06,6.79999e+06,1.14999e+07,4.49977e+06,6.79999e+06,1.14999e+07,4.49971e+06,6.79999e+06,1.14999e+07,4.49963e+06,6.79999e+06,1.14998e+07,4.49953e+06,6.79999e+06,1.14998e+07,4.49941e+06,6.79999e+06,1.14998e+07,4.49926e+06,6.79999e+06,1.14998e+07,4.49906e+06,6.79999e+06,1.14997e+07,4.49882e+06,6.79999e+06,1.14997e+07,4.49851e+06,6.79999e+06,1.14997e+07,4.49812e+06,6.79999e+06,1.14996e+07,4.49764e+06,6.79999e+06,1.14996e+07,4.49702e+06,6.79999e+06,1.14995e+07,4.49625e+06,6.79999e+06,1.14995e+07,4.49528e+06,6.79999e+06,1.14994e+07,4.49406e+06,6.79999e+06,1.14993e+07,4.49253e+06,6.79999e+06,1.14992e+07,4.49059e+06,6.79999e+06,1.14991e+07,4.48817e+06,6.79999e+06,1.1499e+07,4.48511e+06,6.79999e+06,1.14988e+07,4.48128e+06,6.79999e+06,1.14987e+07,4.47646e+06,6.79999e+06,1.14985e+07,4.47041e+06,6.79999e+06,1.14983e+07,4.46281e+06,6.79999e+06,1.14981e+07,4.4533e+06,6.79999e+06,1.14979e+07,4.44138e+06,6.79999e+06,1.14976e+07,4.42649e+06,6.79999e+06,1.14972e+07,4.40789e+06,6.79999e+06,1.14969e+07,4.38471e+06,6.79999e+06,1.14965e+07,4.35592e+06,6.79999e+06,1.1496e+07,4.32027e+06,6.79999e+06,1.14955e+07,4.27629e+06,6.79999e+06,1.14949e+07,4.22231e+06,6.79999e+06,1.14942e+07,4.15647e+06,6.79999e+06,1.14934e+07,4.07676e+06,6.79999e+06,1.14926e+07,3.98112e+06,6.79999e+06,1.14916e+07,3.86765e+06,6.79999e+06,1.14905e+07,3.73474e+06,6.79999e+06,1.14892e+07,3.58148e+06,6.79999e+06,1.14878e+07,3.40785e+06,6.79999e+06,1.14862e+07,3.21513e+06,6.79999e+06,1.14844e+07,3.00605e+06,6.79999e+06,1.14823e+07,2.7848e+06,6.79999e+06,1.148e+07,2.5568e+06,6.79999e+06,1.14773e+07,2.32825e+06,6.79999e+06,13.5742,8.52444,0.508366,16.8306,13.2585,0.162638,20.0035,17.569,0.0507846,23.2616,22.4214,0.0158319,26.7328,28.3297,0.00493498,30.5212,35.6974,0.00153831,34.7178,44.9473,0.000479527,39.4086,56.5822,0.000149456,44.6796,71.2245,4.66214e-05,50.6209,89.6543,1.45419e-05,57.3297,112.852,4.54748e-06,64.9129,142.051,1.43857e-06,73.4897,178.803,4.36618e-07,83.1934,225.062,1.40153e-07,94.1745,283.286,4.96378e-08,106.602,356.568,1.05434e-07,120.669,448.799,-6.49244e-08,136.59,564.873,1.70148e-07,154.611,710.948,-5.34594e-08,175.008,894.767,1.63407e-07,198.097,1126.06,8.04804e-08,224.231,1417.07,1.14667e-07,253.813,1783.15,-1.71227e-07,287.297,2243.62,-2.88466e-07,325.198,2822.67,-4.33651e-07,368.098,3550.67,7.9318e-08,416.657,4465.65,3.13319e-07,471.621,5615.16,3.4613e-07,533.835,7058.61,-1.19199e-07,604.255,8870.02,-2.79964e-07,683.962,11141.4,-2.30521e-07,774.182,13986.7,-2.55099e-07,876.299,17546.4,1.23585e-07,991.883,21993.1,1.41192e-07,1122.71,27536.7,-9.71886e-08,1270.78,34430.7,-3.68368e-07,1438.38,42977.7,-3.45379e-07,1628.07,53532.7,-3.25328e-09,1842.77,66504.6,2.6362e-07,2085.77,82350.2,2.53445e-07,2360.79,101560,-2.47407e-08,2672.05,124632,-3.80602e-07,3024.31,152018,-4.79005e-07,3422.98,184060,-1.14379e-07,3874.15,220884,2.64297e-07,4384.72,262283,3.44131e-07,4962.49,307576,7.5349e-08,5616.29,355497,-3.63097e-07,6356.1,404126,-6.05442e-07,7193.18,450932,-2.72333e-07,8140.28,492963,2.29675e-07,9211.79,527178,4.3387e-07,10424,550893,-1.0711e-07,10.102,8.06553,2.81012,10.6436,8.57909,0.869423,11.5336,10.2515,0.270869,12.7211,12.7138,0.0844293,14.1823,15.9373,0.0263173,15.9122,20.0383,0.0082035,17.9198,25.2154,0.00255722,20.2244,31.7373,0.000797017,22.8539,39.9486,0.000248622,25.8438,50.2851,7.75492e-05,29.237,63.2963,2.42508e-05,33.0837,79.6738,7.67162e-06,37.4415,100.288,2.32837e-06,42.3767,126.236,7.33e-07,47.9646,158.896,2.79256e-07,54.2906,200.003,9.87351e-09,61.452,251.741,1.61085e-07,69.5585,316.859,-2.47141e-07,78.7347,398.812,8.93552e-08,89.1218,501.948,-2.53231e-07,100.879,631.736,-1.25047e-07,114.188,795.049,-1.78808e-07,129.252,1000.53,2.6733e-07,146.304,1259.03,4.50292e-07,165.605,1584.19,6.76904e-07,187.452,1993.12,-1.23808e-07,212.181,2507.27,-4.89068e-07,240.173,3153.54,-5.40284e-07,271.856,3965.56,1.86061e-07,307.719,4985.38,4.37004e-07,348.313,6265.4,3.59828e-07,394.26,7870.83,3.98192e-07,446.268,9882.51,-1.92908e-07,505.135,12400.3,-2.20392e-07,571.766,15546.9,1.51705e-07,647.184,19472.2,5.74996e-07,732.547,24357.4,5.39112e-07,829.167,30420,5.07815e-09,938.526,37916.3,-4.11492e-07,1062.3,47143.9,-3.9561e-07,1202.4,58439.2,3.86185e-08,1360.96,72169.3,5.94093e-07,1540.42,88715.8,7.47693e-07,1743.53,108445,1.78537e-07,1973.41,131665,-4.12549e-07,2233.57,158557,-5.37164e-07,2528,189103,-1.17615e-07,2861.2,222986,5.66769e-07,3238.27,259510,9.45053e-07,3664.97,297540,4.25093e-07,4147.81,335497,-3.58506e-07,4694.17,371444,-6.7724e-07,5312.37,403256,1.67192e-07,1.61744,3.89446,9.84394,3.28846,7.5504,12.774,5.07607,11.7187,13.6844,7.03202,16.8147,13.9681,9.20215,23.1769,14.0566,11.6301,31.1672,14.0841,14.3598,41.2186,14.0927,17.4376,53.8688,14.0954,20.9137,69.7915,14.0962,24.8432,89.8341,14.0965,29.2879,115.063,14.0966,34.3168,146.819,14.0966,40.0078,186.792,14.0966,46.4487,237.107,14.0966,53.7388,300.44,14.0966,61.9903,380.158,14.0966,71.3301,480.499,14.0966,81.902,606.796,14.0966,93.8685,765.761,14.0966,107.414,965.837,14.0966,122.746,1217.65,14.0966,140.101,1534.57,14.0966,159.745,1933.41,14.0966,181.981,2435.3,14.0966,207.15,3066.85,14.0966,235.64,3861.46,14.0966,267.889,4861.11,14.0966,304.391,6118.54,14.0966,345.709,7699.91,14.0966,392.478,9688.22,14.0966,445.417,12187.5,14.0966,505.339,15327.7,14.0966,573.165,19271.6,14.0966,649.938,24222,14.0966,736.839,30430.9,14.0966,835.202,38211.5,14.0966,946.539,47950.3,14.0966,1072.56,60122.8,14.0966,1215.21,75309.9,14.0966,1376.66,94216.2,14.0966,1559.41,117688,14.0966,1766.26,146729,14.0966,2000.39,182510,14.0966,2265.39,226372,14.0966,2565.33,279806,14.0966,2904.81,344416,14.0966,3289.05,421845,14.0966,3723.93,513667,14.0966,4216.13,621231,14.0966,4773.18,745478,14.0966,5403.64,886744,14.0966,6117.15,1.04457e+06,14.0966,6924.63,1.2176e+06,14.0966,11.7194,11.96,12.6541,13.9321,16.1295,13.6434,16.6097,21.9702,13.9553,19.7532,29.5285,14.0526,23.3844,39.1143,14.0829,27.5423,51.2054,14.0923,32.2796,66.434,14.0953,37.662,85.6061,14.0962,43.7675,109.74,14.0965,50.687,140.119,14.0966,58.5249,178.359,14.0966,67.4005,226.493,14.0966,77.4493,287.08,14.0966,88.8254,363.343,14.0966,101.703,459.336,14.0966,116.281,580.161,14.0966,132.782,732.241,14.0966,151.46,923.655,14.0966,172.603,1164.57,14.0966,196.535,1467.79,14.0966,223.625,1849.39,14.0966,254.288,2329.62,14.0966,288.997,2933.93,14.0966,328.285,3694.33,14.0966,372.755,4651.04,14.0966,423.092,5854.57,14.0966,480.07,7368.38,14.0966,544.564,9272.08,14.0966,617.566,11665.5,14.0966,700.197,14673.6,14.0966,793.729,18452.9,14.0966,899.599,23198.6,14.0966,1019.43,29154.1,14.0966,1155.07,36622.3,14.0966,1308.6,45977.9,14.0966,1482.39,57683.7,14.0966,1679.09,72307.8,14.0966,1901.73,90542.8,14.0966,2153.73,113226,14.0966,2438.97,141360,14.0966,2761.81,176127,14.0966,3127.22,218898,14.0966,3540.81,271226,14.0966,4008.92,334817,14.0966,4538.74,411470,14.0966,5138.38,502973,14.0966,5817.04,610948,14.0966,6585.12,736653,14.0966,7454.39,880741,14.0966,8438.15,1.04302e+06,14.0966,9551.45,1.22224e+06,14.0966,10811.3,1.41602e+06,14.0966,12237,1.62086e+06,14.0966,11.7194,11.96,12.6541,2.21263,4.16949,0.989383,2.67766,5.84076,0.311842,3.14343,7.55825,0.0972771,3.63127,9.58578,0.0303237,4.15787,12.0912,0.00945211,4.73731,15.2286,0.00294633,5.38238,19.1721,0.000918508,6.10553,24.134,0.000286163,6.91951,30.3791,8.92692e-05,7.83792,38.2397,2.78121e-05,8.87555,48.1338,8.65134e-06,10.0489,60.5876,2.7882e-06,11.3761,76.2629,8.29036e-07,12.8779,95.9927,2.4373e-07,14.5775,120.825,4.33068e-09,16.5012,152.08,1.75749e-07,18.6784,191.415,-1.86328e-07,21.1428,240.917,1.91829e-07,23.9322,303.213,-1.81475e-07,27.0895,381.602,7.0186e-08,30.6634,480.231,-2.86769e-08,34.7087,604.316,2.40784e-07,39.2876,760.401,9.87368e-08,44.4705,956.705,1.22263e-07,50.3371,1203.54,-4.31966e-07,56.9776,1513.81,-1.9705e-07,64.494,1903.69,-2.763e-08,73.0018,2393.4,3.9185e-07,82.6317,3008.13,1.35379e-07,93.5318,3779.25,-4.16351e-08,105.869,4745.7,2.06965e-08,119.834,5955.6,-3.18887e-07,135.641,7468.12,-1.48271e-08,153.531,9355.62,2.00739e-07,173.781,11705.8,2.28358e-07,196.701,14624.1,-1.93587e-08,222.642,18235,-2.88101e-07,252.003,22683.4,-2.24732e-07,285.234,28134,8.56806e-09,322.845,34767,2.34258e-07,365.413,42770.9,2.99668e-07,413.588,52327.9,8.28644e-08,468.111,63591.2,-3.07049e-07,529.814,76653.2,-3.1888e-07,599.642,91502.5,-6.72276e-08,678.662,107975,2.26339e-07,768.083,125705,3.69212e-07,869.267,144088,2.04077e-07,983.76,162277,-2.80509e-07,1113.3,179223,-4.22737e-07,1259.87,193777,-1.71951e-07,1425.68,204839,4.55555e-07,11.7194,11.96,12.6541,2.21263,4.16949,0.989383,2.67766,5.84076,0.311842,3.14343,7.55825,0.0972771,3.63127,9.58578,0.0303237,4.15787,12.0912,0.00945211,4.73731,15.2286,0.00294633,5.38238,19.1721,0.000918508,6.10553,24.134,0.000286163,6.91951,30.3791,8.92692e-05,7.83792,38.2397,2.78121e-05,8.87555,48.1338,8.65134e-06,10.0489,60.5876,2.7882e-06,11.3761,76.2629,8.29036e-07,12.8779,95.9927,2.4373e-07,14.5775,120.825,1e-08,16.5012,152.08,1.75749e-07,18.6784,191.415,1e-08,21.1428,240.917,1.91829e-07,23.9322,303.213,1e-08,27.0895,381.602,7.0186e-08,30.6634,480.231,1e-08,34.7087,604.316,2.40784e-07,39.2876,760.401,9.87368e-08,44.4705,956.705,1.22263e-07,50.3371,1203.54,1e-08,56.9776,1513.81,1e-08,64.494,1903.69,1e-08,73.0018,2393.4,3.9185e-07,82.6317,3008.13,1.35379e-07,93.5318,3779.25,1e-08,105.869,4745.7,2.06965e-08,119.834,5955.6,1e-08,135.641,7468.12,1e-08,153.531,9355.62,2.00739e-07,173.781,11705.8,2.28358e-07,196.701,14624.1,1e-08,222.642,18235,1e-08,252.003,22683.4,1e-08,285.234,28134,1e-08,322.845,34767,2.34258e-07,365.413,42770.9,2.99668e-07,413.588,52327.9,8.28644e-08,468.111,63591.2,1e-08,529.814,76653.2,1e-08,599.642,91502.5,1e-08,678.662,107975,2.26339e-07,768.083,125705,3.69212e-07,869.267,144088,2.04077e-07,983.76,162277,1e-08,1113.3,179223,1e-08,1259.87,193777,1e-08,1425.68,204839,4.55555e-07,6.2823,3.27286,2.43537,0.219672,6.18826,2.24117,0.56371,6.87772,2.63624,0.308279,3,19,10,0,1,1,2,3,0,1,7,0,1,21,0,4,5,0,5,8,0,2,25,0,6,38,0,3,36,0,7,28,0,9,36,0,14,45,0,12,43,0,17,81,0,9,214,0,3,102,0,23,230,0,45,140,0,14,110,0,17,331,0,34,421,0,55,434,0,33,449,0,24,453,0,77,1870,0,60,1126,0,54,3178,0,103,1790,0,166,4243,0,71,3433,0,101,2871,0,119,5985,0,67,6212,0,174,7903,0,166,10552,0,222,16153,0,160,20211,0,194,19535,0,206,24925,0,467,48440,0,518,50850,0,422,28407,0,937,59951,0,373,57381,0,971,123348,0,658,190996,0,948,127929,0,559,129647,0,1106,270267,0,1105,130113,0,1496,149903,0,1037,181086,0
-1.05176e+08,1.48641e-52,8.88811e-15,10,1023,0,1.05176e+08,0.528882,1.08665,0.389689,0.145397,0.379329,3.24381,0.161596,0.446195,1.77396,0.159177,1.15e+07,4.49998e+06,6.79999e+06,1.15e+07,4.49997e+06,6.79999e+06,1.15e+07,4.49996e+06,6.79999e+06,1.15e+07,4.49995e+06,6.79999e+06,1.14999e+07,4.49993e+06,6.79999e+06,1.14999e+07,4.49991e+06,6.79999e+06,1.14999e+07,4.49989e+06,6.79999e+06,1.14999e+07,4.49986e+06,6.79999e+06,1.14999e+07,4.49982e+06,6.79999e+06,1.14999e+07,4.49977e+06,6.79999e+06,1.14999e+07,4.49971e+06,6.79999e+06,1.14999e+07,4.49963e+06,6.79999e+06,1.14998e+07,4.49953e+06,6.79999e+06,1.14998e+07,4.49941e+06,6.79999e+06,1.14998e+07,4.49926e+06,6.79999e+06,1.14998e+07,4.49906e+06,6.79999e+06,1.14997e+07,4.49882e+06,6.79999e+06,1.14997e+07,4.49851e+06,6.79999e+06,1.14997e+07,4.49812e+06,6.79999e+06,1.14996e+07,4.49764e+06,6.79999e+06,1.14996e+07,4.49702e+06,6.79999e+06,1.14995e+07,4.49625e+06,6.79999e+06,1.14995e+07,4.49528e+06,6.79999e+06,1.14994e+07,4.49406e+06,6.79999e+06,1.14993e+07,4.49253e+06,6.79999e+06,1.14992e+07,4.49059e+06,6.79999e+06,1.14991e+07,4.48817e+06,6.79999e+06,1.1499e+07,4.48511e+06,6.79999e+06,1.14988e+07,4.48128e+06,6.79999e+06,1.14987e+07,4.47646e+06,6.79999e+06,1.14985e+07,4.47041e+06,6.79999e+06,1.14983e+07,4.46281e+06,6.79999e+06,1.14981e+07,4.4533e+06,6.79999e+06,1.14979e+07,4.44138e+06,6.79999e+06,1.14976e+07,4.42649e+06,6.79999e+06,1.14972e+07,4.40789e+06,6.79999e+06,1.14969e+07,4.38471e+06,6.79999e+06,1.14965e+07,4.35592e+06,6.79999e+06,1.1496e+07,4.32027e+06,6.79999e+06,1.14955e+07,4.27629e+06,6.79999e+06,1.14949e+07,4.22231e+06,6.79999e+06,1.14942e+07,4.15647e+06,6.79999e+06,1.14934e+07,4.07676e+06,6.79999e+06,1.14926e+07,3.98112e+06,6.79999e+06,1.14916e+07,3.86765e+06,6.79999e+06,1.14905e+07,3.73474e+06,6.79999e+06,1.14892e+07,3.58148e+06,6.79999e+06,1.14878e+07,3.40785e+06,6.79999e+06,1.14862e+07,3.21513e+06,6.79999e+06,1.14844e+07,3.00605e+06,6.79999e+06,1.14823e+07,2.7848e+06,6.79999e+06,1.148e+07,2.5568e+06,6.79999e+06,1.14773e+07,2.32825e+06,6.79999e+06,13.5742,8.52444,0.508366,16.8306,13.2585,0.162638,20.0035,17.569,0.0507846,23.2616,22.4214,0.0158319,26.7328,28.3297,0.00493498,30.5212,35.6974,0.00153831,34.7178,44.9473,0.000479527,39.4086,56.5822,0.000149456,44.6796,71.2245,4.66214e-05,50.6209,89.6543,1.45419e-05,57.3297,112.852,4.54748e-06,64.9129,142.051,1.43857e-06,73.4897,178.803,4.36618e-07,83.1934,225.062,1.40153e-07,94.1745,283.286,4.96378e-08,106.602,356.568,1.05434e-07,120.669,448.799,-6.49244e-08,136.59,564.873,1.70148e-07,154.611,710.948,-5.34594e-08,175.008,894.767,1.63407e-07,198.097,1126.06,8.04804e-08,224.231,1417.07,1.14667e-07,253.813,1783.15,-1.71227e-07,287.297,2243.62,-2.88466e-07,325.198,2822.67,-4.33651e-07,368.098,3550.67,7.9318e-08,416.657,4465.65,3.13319e-07,471.621,5615.16,3.4613e-07,533.835,7058.61,-1.19199e-07,604.255,8870.02,-2.79964e-07,683.962,11141.4,-2.30521e-07,774.182,13986.7,-2.55099e-07,876.299,17546.4,1.23585e-07,991.883,21993.1,1.41192e-07,1122.71,27536.7,-9.71886e-08,1270.78,34430.7,-3.68368e-07,1438.38,42977.7,-3.45379e-07,1628.07,53532.7,-3.25328e-09,1842.77,66504.6,2.6362e-07,2085.77,82350.2,2.53445e-07,2360.79,101560,-2.47407e-08,2672.05,124632,-3.80602e-07,3024.31,152018,-4.79005e-07,3422.98,184060,-1.14379e-07,3874.15,220884,2.64297e-07,4384.72,262283,3.44131e-07,4962.49,307576,7.5349e-08,5616.29,355497,-3.63097e-07,6356.1,404126,-6.05442e-07,7193.18,450932,-2.72333e-07,8140.28,492963,2.29675e-07,9211.79,527178,4.3387e-07,10424,550893,-1.0711e-07,10.102,8.06553,2.81012,10.6436,8.57909,0.869423,11.5336,10.2515,0.270869,12.7211,12.7138,0.0844293,14.1823,15.9373,0.0263173,15.9122,20.0383,0.0082035,17.9198,25.2154,0.00255722,20.2244,31.7373,0.000797017,22.8539,39.9486,0.000248622,25.8438,50.2851,7.75492e-05,29.237,63.2963,2.42508e-05,33.0837,79.6738,7.67162e-06,37.4415,100.288,2.32837e-06,42.3767,126.236,7.33e-07,47.9646,158.896,2.79256e-07,54.2906,200.003,9.87351e-09,61.452,251.741,1.61085e-07,69.5585,316.859,-2.47141e-07,78.7347,398.812,8.93552e-08,89.1218,501.948,-2.53231e-07,100.879,631.736,-1.25047e-07,114.188,795.049,-1.78808e-07,129.252,1000.53,2.6733e-07,146.304,1259.03,4.50292e-07,165.605,1584.19,6.76904e-07,187.452,1993.12,-1.23808e-07,212.181,2507.27,-4.89068e-07,240.173,3153.54,-5.40284e-07,271.856,3965.56,1.86061e-07,307.719,4985.38,4.37004e-07,348.313,6265.4,3.59828e-07,394.26,7870.83,3.98192e-07,446.268,9882.51,-1.92908e-07,505.135,12400.3,-2.20392e-07,571.766,15546.9,1.51705e-07,647.184,19472.2,5.74996e-07,732.547,24357.4,5.39112e-07,829.167,30420,5.07815e-09,938.526,37916.3,-4.11492e-07,1062.3,47143.9,-3.9561e-07,1202.4,58439.2,3.86185e-08,1360.96,72169.3,5.94093e-07,1540.42,88715.8,7.47693e-07,1743.53,108445,1.78537e-07,1973.41,131665,-4.12549e-07,2233.57,158557,-5.37164e-07,2528,189103,-1.17615e-07,2861.2,222986,5.66769e-07,3238.27,259510,9.45053e-07,3664.97,297540,4.25093e-07,4147.81,335497,-3.58506e-07,4694.17,371444,-6.7724e-07,5312.37,403256,1.67192e-07,1.61744,3.89446,9.84394,3.28846,7.5504,12.774,5.07607,11.7187,13.6844,7.03202,16.8147,13.9681,9.20215,23.1769,14.0566,11.6301,31.1672,14.0841,14.3598,41.2186,14.0927,17.4376,53.8688,14.0954,20.9137,69.7915,14.0962,24.8432,89.8341,14.0965,29.2879,115.063,14.0966,34.3168,146.819,14.0966,40.0078,186.792,14.0966,46.4487,237.107,14.0966,53.7388,300.44,14.0966,61.9903,380.158,14.0966,71.3301,480.499,14.0966,81.902,606.796,14.0966,93.8685,765.761,14.0966,107.414,965.837,14.0966,122.746,1217.65,14.0966,140.101,1534.57,14.0966,159.745,1933.41,14.0966,181.981,2435.3,14.0966,207.15,3066.85,14.0966,235.64,3861.46,14.0966,267.889,4861.11,14.0966,304.391,6118.54,14.0966,345.709,7699.91,14.0966,392.478,9688.22,14.0966,445.417,12187.5,14.0966,505.339,15327.7,14.0966,573.165,19271.6,14.0966,649.938,24222,14.0966,736.839,30430.9,14.0966,835.202,38211.5,14.0966,946.539,47950.3,14.0966,1072.56,60122.8,14.0966,1215.21,75309.9,14.0966,1376.66,94216.2,14.0966,1559.41,117688,14.0966,1766.26,146729,14.0966,2000.39,182510,14.0966,2265.39,226372,14.0966,2565.33,279806,14.0966,2904.81,344416,14.0966,3289.05,421845,14.0966,3723.93,513667,14.0966,4216.13,621231,14.0966,4773.18,745478,14.0966,5403.64,886744,14.0966,6117.15,1.04457e+06,14.0966,6924.63,1.2176e+06,14.0966,11.7194,11.96,12.6541,13.9321,16.1295,13.6434,16.6097,21.9702,13.9553,19.7532,29.5285,14.0526,23.3844,39.1143,14.0829,27.5423,51.2054,14.0923,32.2796,66.434,14.0953,37.662,85.6061,14.0962,43.7675,109.74,14.0965,50.687,140.119,14.0966,58.5249,178.359,14.0966,67.4005,226.493,14.0966,77.4493,287.08,14.0966,88.8254,363.343,14.0966,101.703,459.336,14.0966,116.281,580.161,14.0966,132.782,732.241,14.0966,151.46,923.655,14.0966,172.603,1164.57,14.0966,196.535,1467.79,14.0966,223.625,1849.39,14.0966,254.288,2329.62,14.0966,288.997,2933.93,14.0966,328.285,3694.33,14.0966,372.755,4651.04,14.0966,423.092,5854.57,14.0966,480.07,7368.38,14.0966,544.564,9272.08,14.0966,617.566,11665.5,14.0966,700.197,14673.6,14.0966,793.729,18452.9,14.0966,899.599,23198.6,14.0966,1019.43,29154.1,14.0966,1155.07,36622.3,14.0966,1308.6,45977.9,14.0966,1482.39,57683.7,14.0966,1679.09,72307.8,14.0966,1901.73,90542.8,14.0966,2153.73,113226,14.0966,2438.97,141360,14.0966,2761.81,176127,14.0966,3127.22,218898,14.0966,3540.81,271226,14.0966,4008.92,334817,14.0966,4538.74,411470,14.0966,5138.38,502973,14.0966,5817.04,610948,14.0966,6585.12,736653,14.0966,7454.39,880741,14.0966,8438.15,1.04302e+06,14.0966,9551.45,1.22224e+06,14.0966,10811.3,1.41602e+06,14.0966,12237,1.62086e+06,14.0966,11.7194,11.96,12.6541,2.21263,4.16949,0.989383,2.67766,5.84076,0.311842,3.14343,7.55825,0.0972771,3.63127,9.58578,0.0303237,4.15787,12.0912,0.00945211,4.73731,15.2286,0.00294633,5.38238,19.1721,0.000918508,6.10553,24.134,0.000286163,6.91951,30.3791,8.92692e-05,7.83792,38.2397,2.78121e-05,8.87555,48.1338,8.65134e-06,10.0489,60.5876,2.7882e-06,11.3761,76.2629,8.29036e-07,12.8779,95.9927,2.4373e-07,14.5775,120.825,4.33068e-09,16.5012,152.08,1.75749e-07,18.6784,191.415,-1.86328e-07,21.1428,240.917,1.91829e-07,23.9322,303.213,-1.81475e-07,27.0895,381.602,7.0186e-08,30.6634,480.231,-2.86769e-08,34.7087,604.316,2.40784e-07,39.2876,760.401,9.87368e-08,44.4705,956.705,1.22263e-07,50.3371,1203.54,-4.31966e-07,56.9776,1513.81,-1.9705e-07,64.494,1903.69,-2.763e-08,73.0018,2393.4,3.9185e-07,82.6317,3008.13,1.35379e-07,93.5318,3779.25,-4.16351e-08,105.869,4745.7,2.06965e-08,119.834,5955.6,-3.18887e-07,135.641,7468.12,-1.48271e-08,153.531,9355.62,2.00739e-07,173.781,11705.8,2.28358e-07,196.701,14624.1,-1.93587e-08,222.642,18235,-2.88101e-07,252.003,22683.4,-2.24732e-07,285.234,28134,8.56806e-09,322.845,34767,2.34258e-07,365.413,42770.9,2.99668e-07,413.588,52327.9,8.28644e-08,468.111,63591.2,-3.07049e-07,529.814,76653.2,-3.1888e-07,599.642,91502.5,-6.72276e-08,678.662,107975,2.26339e-07,768.083,125705,3.69212e-07,869.267,144088,2.04077e-07,983.76,162277,-2.80509e-07,1113.3,179223,-4.22737e-07,1259.87,193777,-1.71951e-07,1425.68,204839,4.55555e-07,11.7194,11.96,12.6541,2.21263,4.16949,0.989383,2.67766,5.84076,0.311842,3.14343,7.55825,0.0972771,3.63127,9.58578,0.0303237,4.15787,12.0912,0.00945211,4.73731,15.2286,0.00294633,5.38238,19.1721,0.000918508,6.10553,24.134,0.000286163,6.91951,30.3791,8.92692e-05,7.83792,38.2397,2.78121e-05,8.87555,48.1338,8.65134e-06,10.0489,60.5876,2.7882e-06,11.3761,76.2629,8.29036e-07,12.8779,95.9927,2.4373e-07,14.5775,120.825,1e-08,16.5012,152.08,1.75749e-07,18.6784,191.415,1e-08,21.1428,240.917,1.91829e-07,23.9322,303.213,1e-08,27.0895,381.602,7.0186e-08,30.6634,480.231,1e-08,34.7087,604.316,2.40784e-07,39.2876,760.401,9.87368e-08,44.4705,956.705,1.22263e-07,50.3371,1203.54,1e-08,56.9776,1513.81,1e-08,64.494,1903.69,1e-08,73.0018,2393.4,3.9185e-07,82.6317,3008.13,1.35379e-07,93.5318,3779.25,1e-08,105.869,4745.7,2.06965e-08,119.834,5955.6,1e-08,135.641,7468.12,1e-08,153.531,9355.62,2.00739e-07,173.781,11705.8,2.28358e-07,196.701,14624.1,1e-08,222.642,18235,1e-08,252.003,22683.4,1e-08,285.234,28134,1e-08,322.845,34767,2.34258e-07,365.413,42770.9,2.99668e-07,413.588,52327.9,8.28644e-08,468.111,63591.2,1e-08,529.814,76653.2,1e-08,599.642,91502.5,1e-08,678.662,107975,2.26339e-07,768.083,125705,3.69212e-07,869.267,144088,2.04077e-07,983.76,162277,1e-08,1113.3,179223,1e-08,1259.87,193777,1e-08,1425.68,204839,4.55555e-07,6.2823,3.27286,2.43537,0.219672,6.18826,2.24117,0.56371,6.87772,2.63624,0.308279,11,28,23,5,2,1,5,2,0,0,6,0,4,6,0,7,4,0,4,11,0,9,10,0,8,14,0,2,40,0,9,40,0,7,36,0,17,75,0,9,41,0,11,154,0,4,159,0,33,227,0,10,130,0,41,144,0,16,232,0,22,447,0,29,323,0,25,671,0,75,1263,0,48,767,0,39,1142,0,68,2076,0,72,2593,0,107,1014,0,82,5571,0,63,5205,0,86,5862,0,42,6414,0,188,11094,0,214,7547,0,256,15760,0,189,11642,0,109,18465,0,295,35329,0,290,25964,0,241,38580,0,210,46355,0,426,53965,0,786,86837,0,523,101791,0,378,74531,0,367,114203,0,668,124164,0,821,132108,0,652,280209,0,1441,136870,0,1570,170306,0,1261,229997,0
-1.05176e+08,1,8.88811e-15,10,1023,0,1.05176e+08,0.528882,1.08665,0.389689,0.145397,0.379329,3.24381,0.161596,0.446195,1.77396,0.159177,1.15e+07,4.49998e+06,6.79999e+06,1.15e+07,4.49997e+06,6.79999e+06,1.15e+07,4.49996e+06,6.79999e+06,1.15e+07,4.49995e+06,6.79999e+06,1.14999e+07,4.49993e+06,6.79999e+06,1.14999e+07,4.49991e+06,6.79999e+06,1.14999e+07,4.49989e+06,6.79999e+06,1.14999e+07,4.49986e+06,6.79999e+06,1.14999e+07,4.49982e+06,6.79999e+06,1.14999e+07,4.49977e+06,6.79999e+06,1.14999e+07,4.49971e+06,6.79999e+06,1.14999e+07,4.49963e+06,6.79999e+06,1.14998e+07,4.49953e+06,6.79999e+06,1.14998e+07,4.49941e+06,6.79999e+06,1.14998e+07,4.49926e+06,6.79999e+06,1.14998e+07,4.49906e+06,6.79999e+06,1.14997e+07,4.49882e+06,6.79999e+06,1.14997e+07,4.49851e+06,6.79999e+06,1.14997e+07,4.49812e+06,6.79999e+06,1.14996e+07,4.49764e+06,6.79999e+06,1.14996e+07,4.49702e+06,6.79999e+06,1.14995e+07,4.49625e+06,6.79999e+06,1.14995e+07,4.49528e+06,6.79999e+06,1.14994e+07,4.49406e+06,6.79999e+06,1.14993e+07,4.49253e+06,6.79999e+06,1.14992e+07,4.49059e+06,6.79999e+06,1.14991e+07,4.48817e+06,6.79999e+06,1.1499e+07,4.48511e+06,6.79999e+06,1.14988e+07,4.48128e+06,6.79999e+06,1.14987e+07,4.47646e+06,6.79999e+06,1.14985e+07,4.47041e+06,6.79999e+06,1.14983e+07,4.46281e+06,6.79999e+06,1.14981e+07,4.4533e+06,6.79999e+06,1.14979e+07,4.44138e+06,6.79999e+06,1.14976e+07,4.42649e+06,6.79999e+06,1.14972e+07,4.40789e+06,6.79999e+06,1.14969e+07,4.38471e+06,6.79999e+06,1.14965e+07,4.35592e+06,6.79999e+06,1.1496e+07,4.32027e+06,6.79999e+06,1.14955e+07,4.27629e+06,6.79999e+06,1.14949e+07,4.22231e+06,6.79999e+06,1.14942e+07,4.15647e+06,6.79999e+06,1.14934e+07,4.07676e+06,6.79999e+06,1.14926e+07,3.98112e+06,6.79999e+06,1.14916e+07,3.86765e+06,6.79999e+06,1.14905e+07,3.73474e+06,6.79999e+06,1.14892e+07,3.58148e+06,6.79999e+06,1.14878e+07,3.40785e+06,6.79999e+06,1.14862e+07,3.21513e+06,6.79999e+06,1.14844e+07,3.00605e+06,6.79999e+06,1.14823e+07,2.7848e+06,6.79999e+06,1.148e+07,2.5568e+06,6.79999e+06,1.14773e+07,2.32825e+06,6.79999e+06,13.5742,8.52444,0.508366,16.8306,13.2585,0.162638,20.0035,17.569,0.0507846,23.2616,22.4214,0.0158319,26.7328,28.3297,0.00493498,30.5212,35.6974,0.00153831,34.7178,44.9473,0.000479527,39.4086,56.5822,0.000149456,44.6796,71.2245,4.66214e-05,50.6209,89.6543,1.45419e-05,57.3297,112.852,4.54748e-06,64.9129,142.051,1.43857e-06,73.4897,178.803,4.36618e-07,83.1934,225.062,1.40153e-07,94.1745,283.286,4.96378e-08,106.602,356.568,1.05434e-07,120.669,448.799,-6.49244e-08,136.59,564.873,1.70148e-07,154.611,710.948,-5.34594e-08,175.008,894.767,1.63407e-07,198.097,1126.06,8.04804e-08,224.231,1417.07,1.14667e-07,253.813,1783.15,-1.71227e-07,287.297,2243.62,-2.88466e-07,325.198,2822.67,-4.33651e-07,368.098,3550.67,7.9318e-08,416.657,4465.65,3.13319e-07,471.621,5615.16,3.4613e-07,533.835,7058.61,-1.19199e-07,604.255,8870.02,-2.79964e-07,683.962,11141.4,-2.30521e-07,774.182,13986.7,-2.55099e-07,876.299,17546.4,1.23585e-07,991.883,21993.1,1.41192e-07,1122.71,27536.7,-9.71886e-08,1270.78,34430.7,-3.68368e-07,1438.38,42977.7,-3.45379e-07,1628.07,53532.7,-3.25328e-09,1842.77,66504.6,2.6362e-07,2085.77,82350.2,2.53445e-07,2360.79,101560,-2.47407e-08,2672.05,124632,-3.80602e-07,3024.31,152018,-4.79005e-07,3422.98,184060,-1.14379e-07,3874.15,220884,2.64297e-07,4384.72,262283,3.44131e-07,4962.49,307576,7.5349e-08,5616.29,355497,-3.63097e-07,6356.1,404126,-6.05442e-07,7193.18,450932,-2.72333e-07,8140.28,492963,2.29675e-07,9211.79,527178,4.3387e-07,10424,550893,-1.0711e-07,10.102,8.06553,2.81012,10.6436,8.57909,0.869423,11.5336,10.2515,0.270869,12.7211,12.7138,0.0844293,14.1823,15.9373,0.0263173,15.9122,20.0383,0.0082035,17.9198,25.2154,0.00255722,20.2244,31.7373,0.000797017,22.8539,39.9486,0.000248622,25.8438,50.2851,7.75492e-05,29.237,63.2963,2.42508e-05,33.0837,79.6738,7.67162e-06,37.4415,100.288,2.32837e-06,42.3767,126.236,7.33e-07,47.9646,158.896,2.79256e-07,54.2906,200.003,9.87351e-09,61.452,251.741,1.61085e-07,69.5585,316.859,-2.47141e-07,78.7347,398.812,8.93552e-08,89.1218,501.948,-2.53231e-07,100.879,631.736,-1.25047e-07,114.188,795.049,-1.78808e-07,129.252,1000.53,2.6733e-07,146.304,1259.03,4.50292e-07,165.605,1584.19,6.76904e-07,187.452,1993.12,-1.23808e-07,212.181,2507.27,-4.89068e-07,240.173,3153.54,-5.40284e-07,271.856,3965.56,1.86061e-07,307.719,4985.38,4.37004e-07,348.313,6265.4,3.59828e-07,394.26,7870.83,3.98192e-07,446.268,9882.51,-1.92908e-07,505.135,12400.3,-2.20392e-07,571.766,15546.9,1.51705e-07,647.184,19472.2,5.74996e-07,732.547,24357.4,5.39112e-07,829.167,30420,5.07815e-09,938.526,37916.3,-4.11492e-07,1062.3,47143.9,-3.9561e-07,1202.4,58439.2,3.86185e-08,1360.96,72169.3,5.94093e-07,1540.42,88715.8,7.47693e-07,1743.53,108445,1.78537e-07,1973.41,131665,-4.12549e-07,2233.57,158557,-5.37164e-07,2528,189103,-1.17615e-07,2861.2,222986,5.66769e-07,3238.27,259510,9.45053e-07,3664.97,297540,4.25093e-07,4147.81,335497,-3.58506e-07,4694.17,371444,-6.7724e-07,5312.37,403256,1.67192e-07,1.61744,3.89446,9.84394,3.28846,7.5504,12.774,5.07607,11.7187,13.6844,7.03202,16.8147,13.9681,9.20215,23.1769,14.0566,11.6301,31.1672,14.0841,14.3598,41.2186,14.0927,17.4376,53.8688,14.0954,20.9137,69.7915,14.0962,24.8432,89.8341,14.0965,29.2879,115.063,14.0966,34.3168,146.819,14.0966,40.0078,186.792,14.0966,46.4487,237.107,14.0966,53.7388,300.44,14.0966,61.9903,380.158,14.0966,71.3301,480.499,14.0966,81.902,606.796,14.0966,93.8685,765.761,14.0966,107.414,965.837,14.0966,122.746,1217.65,14.0966,140.101,1534.57,14.0966,159.745,1933.41,14.0966,181.981,2435.3,14.0966,207.15,3066.85,14.0966,235.64,3861.46,14.0966,267.889,4861.11,14.0966,304.391,6118.54,14.0966,345.709,7699.91,14.0966,392.478,9688.22,14.0966,445.417,12187.5,14.0966,505.339,15327.7,14.0966,573.165,19271.6,14.0966,649.938,24222,14.0966,736.839,30430.9,14.0966,835.202,38211.5,14.0966,946.539,47950.3,14.0966,1072.56,60122.8,14.0966,1215.21,75309.9,14.0966,1376.66,94216.2,14.0966,1559.41,117688,14.0966,1766.26,146729,14.0966,2000.39,182510,14.0966,2265.39,226372,14.0966,2565.33,279806,14.0966,2904.81,344416,14.0966,3289.05,421845,14.0966,3723.93,513667,14.0966,4216.13,621231,14.0966,4773.18,745478,14.0966,5403.64,886744,14.0966,6117.15,1.04457e+06,14.0966,6924.63,1.2176e+06,14.0966,11.7194,11.96,12.6541,13.9321,16.1295,13.6434,16.6097,21.9702,13.9553,19.7532,29.5285,14.0526,23.3844,39.1143,14.0829,27.5423,51.2054,14.0923,32.2796,66.434,14.0953,37.662,85.6061,14.0962,43.7675,109.74,14.0965,50.687,140.119,14.0966,58.5249,178.359,14.0966,67.4005,226.493,14.0966,77.4493,287.08,14.0966,88.8254,363.343,14.0966,101.703,459.336,14.0966,116.281,580.161,14.0966,132.782,732.241,14.0966,151.46,923.655,14.0966,172.603,1164.57,14.0966,196.535,1467.79,14.0966,223.625,1849.39,14.0966,254.288,2329.62,14.0966,288.997,2933.93,14.0966,328.285,3694.33,14.0966,372.755,4651.04,14.0966,423.092,5854.57,14.0966,480.07,7368.38,14.0966,544.564,9272.08,14.0966,617.566,11665.5,14.0966,700.197,14673.6,14.0966,793.729,18452.9,14.0966,899.599,23198.6,14.0966,1019.43,29154.1,14.0966,1155.07,36622.3,14.0966,1308.6,45977.9,14.0966,1482.39,57683.7,14.0966,1679.09,72307.8,14.0966,1901.73,90542.8,14.0966,2153.73,113226,14.0966,2438.97,141360,14.0966,2761.81,176127,14.0966,3127.22,218898,14.0966,3540.81,271226,14.0966,4008.92,334817,14.0966,4538.74,411470,14.0966,5138.38,502973,14.0966,5817.04,610948,14.0966,6585.12,736653,14.0966,7454.39,880741,14.0966,8438.15,1.04302e+06,14.0966,9551.45,1.22224e+06,14.0966,10811.3,1.41602e+06,14.0966,12237,1.62086e+06,14.0966,11.7194,11.96,12.6541,2.21263,4.16949,0.989383,2.67766,5.84076,0.311842,3.14343,7.55825,0.0972771,3.63127,9.58578,0.0303237,4.15787,12.0912,0.00945211,4.73731,15.2286,0.00294633,5.38238,19.1721,0.000918508,6.10553,24.134,0.000286163,6.91951,30.3791,8.92692e-05,7.83792,38.2397,2.78121e-05,8.87555,48.1338,8.65134e-06,10.0489,60.5876,2.7882e-06,11.3761,76.2629,8.29036e-07,12.8779,95.9927,2.4373e-07,14.5775,120.825,4.33068e-09,16.5012,152.08,1.75749e-07,18.6784,191.415,-1.86328e-07,21.1428,240.917,1.91829e-07,23.9322,303.213,-1.81475e-07,27.0895,381.602,7.0186e-08,30.6634,480.231,-2.86769e-08,34.7087,604.316,2.40784e-07,39.2876,760.401,9.87368e-08,44.4705,956.705,1.22263e-07,50.3371,1203.54,-4.31966e-07,56.9776,1513.81,-1.9705e-07,64.494,1903.69,-2.763e-08,73.0018,2393.4,3.9185e-07,82.6317,3008.13,1.35379e-07,93.5318,3779.25,-4.16351e-08,105.869,4745.7,2.06965e-08,119.834,5955.6,-3.18887e-07,135.641,7468.12,-1.48271e-08,153.531,9355.62,2.00739e-07,173.781,11705.8,2.28358e-07,196.701,14624.1,-1.93587e-08,222.642,18235,-2.88101e-07,252.003,22683.4,-2.24732e-07,285.234,28134,8.56806e-09,322.845,34767,2.34258e-07,365.413,42770.9,2.99668e-07,413.588,52327.9,8.28644e-08,468.111,63591.2,-3.07049e-07,529.814,76653.2,-3.1888e-07,599.642,91502.5,-6.72276e-08,678.662,107975,2.26339e-07,768.083,125705,3.69212e-07,869.267,144088,2.04077e-07,983.76,162277,-2.80509e-07,1113.3,179223,-4.22737e-07,1259.87,193777,-1.71951e-07,1425.68,204839,4.55555e-07,11.7194,11.96,12.6541,2.21263,4.16949,0.989383,2.67766,5.84076,0.311842,3.14343,7.55825,0.0972771,3.63127,9.58578,0.0303237,4.15787,12.0912,0.00945211,4.73731,15.2286,0.00294633,5.38238,19.1721,0.000918508,6.10553,24.134,0.000286163,6.91951,30.3791,8.92692e-05,7.83792,38.2397,2.78121e-05,8.87555,48.1338,8.65134e-06,10.0489,60.5876,2.7882e-06,11.3761,76.2629,8.29036e-07,12.8779,95.9927,2.4373e-07,14.5775,120.825,1e-08,16.5012,152.08,1.75749e-07,18.6784,191.415,1e-08,21.1428,240.917,1.91829e-07,23.9322,303.213,1e-08,27.0895,381.602,7.0186e-08,30.6634,480.231,1e-08,34.7087,604.316,2.40784e-07,39.2876,760.401,9.87368e-08,44.4705,956.705,1.22263e-07,50.3371,1203.54,1e-08,56.9776,1513.81,1e-08,64.494,1903.69,1e-08,73.0018,2393.4,3.9185e-07,82.6317,3008.13,1.35379e-07,93.5318,3779.25,1e-08,105.869,4745.7,2.06965e-08,119.834,5955.6,1e-08,135.641,7468.12,1e-08,153.531,9355.62,2.00739e-07,173.781,11705.8,2.28358e-07,196.701,14624.1,1e-08,222.642,18235,1e-08,252.003,22683.4,1e-08,285.234,28134,1e-08,322.845,34767,2.34258e-07,365.413,42770.9,2.99668e-07,413.588,52327.9,8.28644e-08,468.111,63591.2,1e-08,529.814,76653.2,1e-08,599.642,91502.5,1e-08,678.662,107975,2.26339e-07,768.083,125705,3.69212e-07,869.267,144088,2.04077e-07,983.76,162277,1e-08,1113.3,179223,1e-08,1259.87,193777,1e-08,1425.68,204839,4.55555e-07,6.2823,3.27286,2.43537,0.219672,6.18826,2.24117,0.56371,6.87772,2.63624,0.308279,18,19,13,1,8,0,3,3,1,3,7,1,2,9,0,6,10,0,4,25,0,12,30,0,5,42,0,4,22,0,3,51,0,8,78,0,11,34,0,7,57,0,17,52,0,9,147,0,25,76,0,14,70,0,9,147,0,39,476,0,55,293,0,35,567,0,34,709,0,34,1294,0,50,1058,0,45,1126,0,50,1844,0,30,2606,0,73,2174,0,63,3347,0,87,3281,0,60,3842,0,48,4724,0,70,5517,0,206,5297,0,194,4247,0,94,7598,0,183,19156,0,178,13496,0,362,22001,0,83,27717,0,465,75858,0,409,33030,0,258,47781,0,483,79012,0,571,56699,0,549,109516,0,1401,95692,0,820,262629,0,1298,216370,0,1427,343987,0,1198,80408,0,624,249659,0
-1.05176e+08,1,8.88811e-15,10,1023,0,1.05176e+08,0.528882,1.08665,0.389689,0.145397,0.379329,3.24381,0.161596,0.446195,1.77396,0.159177,1.15e+07,4.49998e+06,6.79999e+06,1.15e+07,4.49997e+06,6.79999e+06,1.15e+07,4.49996e+06,6.79999e+06,1.15e+07,4.49995e+06,6.79999e+06,1.14999e+07,4.49993e+06,6.79999e+06,1.14999e+07,4.49991e+06,6.79999e+06,1.14999e+07,4.49989e+06,6.79999e+06,1.14999e+07,4.49986e+06,6.79999e+06,1.14999e+07,4.49982e+06,6.79999e+06,1.14999e+07,4.49977e+06,6.79999e+06,1.14999e+07,4.49971e+06,6.79999e+06,1.14999e+07,4.49963e+06,6.79999e+06,1.14998e+07,4.49953e+06,6.79999e+06,1.14998e+07,4.49941e+06,6.79999e+06,1.14998e+07,4.49926e+06,6.79999e+06,1.14998e+07,4.49906e+06,6.79999e+06,1.14997e+07,4.49882e+06,6.79999e+06,1.14997e+07,4.49851e+06,6.79999e+06,1.14997e+07,4.49812e+06,6.79999e+06,1.14996e+07,4.49764e+06,6.79999e+06,1.14996e+07,4.49702e+06,6.79999e+06,1.14995e+07,4.49625e+06,6.79999e+06,1.14995e+07,4.49528e+06,6.79999e+06,1.14994e+07,4.49406e+06,6.79999e+06,1.14993e+07,4.49253e+06,6.79999e+06,1.14992e+07,4.49059e+06,6.79999e+06,1.14991e+07,4.48817e+06,6.79999e+06,1.1499e+07,4.48511e+06,6.79999e+06,1.14988e+07,4.48128e+06,6.79999e+06,1.14987e+07,4.47646e+06,6.79999e+06,1.14985e+07,4.47041e+06,6.79999e+06,1.14983e+07,4.46281e+06,6.79999e+06,1.14981e+07,4.4533e+06,6.79999e+06,1.14979e+07,4.44138e+06,6.79999e+06,1.14976e+07,4.42649e+06,6.79999e+06,1.14972e+07,4.40789e+06,6.79999e+06,1.14969e+07,4.38471e+06,6.79999e+06,1.14965e+07,4.35592e+06,6.79999e+06,1.1496e+07,4.32027e+06,6.79999e+06,1.14955e+07,4.27629e+06,6.79999e+06,1.14949e+07,4.22231e+06,6.79999e+06,1.14942e+07,4.15647e+06,6.79999e+06,1.14934e+07,4.07676e+06,6.79999e+06,1.14926e+07,3.98112e+06,6.79999e+06,1.14916e+07,3.86765e+06,6.79999e+06,1.14905e+07,3.73474e+06,6.79999e+06,1.14892e+07,3.58148e+06,6.79999e+06,1.14878e+07,3.40785e+06,6.79999e+06,1.14862e+07,3.21513e+06,6.79999e+06,1.14844e+07,3.00605e+06,6.79999e+06,1.14823e+07,2.7848e+06,6.79999e+06,1.148e+07,2.5568e+06,6.79999e+06,1.14773e+07,2.32825e+06,6.79999e+06,13.5742,8.52444,0.508366,16.8306,13.2585,0.162638,20.0035,17.569,0.0507846,23.2616,22.4214,0.0158319,26.7328,28.3297,0.00493498,30.5212,35.6974,0.00153831,34.7178,44.9473,0.000479527,39.4086,56.5822,0.000149456,44.6796,71.2245,4.66214e-05,50.6209,89.6543,1.45419e-05,57.3297,112.852,4.54748e-06,64.9129,142.051,1.43857e-06,73.4897,178.803,4.36618e-07,83.1934,225.062,1.40153e-07,94.1745,283.286,4.96378e-08,106.602,356.568,1.05434e-07,120.669,448.799,-6.49244e-08,136.59,564.873,1.70148e-07,154.611,710.948,-5.34594e-08,175.008,894.767,1.63407e-07,198.097,1126.06,8.04804e-08,224.231,1417.07,1.14667e-07,253.813,1783.15,-1.71227e-07,287.297,2243.62,-2.88466e-07,325.198,2822.67,-4.33651e-07,368.098,3550.67,7.9318e-08,416.657,4465.65,3.13319e-07,471.621,5615.16,3.4613e-07,533.835,7058.61,-1.19199e-07,604.255,8870.02,-2.79964e-07,683.962,11141.4,-2.30521e-07,774.182,13986.7,-2.55099e-07,876.299,17546.4,1.23585e-07,991.883,21993.1,1.41192e-07,1122.71,27536.7,-9.71886e-08,1270.78,34430.7,-3.68368e-07,1438.38,42977.7,-3.45379e-07,1628.07,53532.7,-3.25328e-09,1842.77,66504.6,2.6362e-07,2085.77,82350.2,2.53445e-07,2360.79,101560,-2.47407e-08,2672.05,124632,-3.80602e-07,3024.31,152018,-4.79005e-07,3422.98,184060,-1.14379e-07,3874.15,220884,2.64297e-07,4384.72,262283,3.44131e-07,4962.49,307576,7.5349e-08,5616.29,355497,-3.63097e-07,6356.1,404126,-6.05442e-07,7193.18,450932,-2.72333e-07,8140.28,492963,2.29675e-07,9211.79,527178,4.3387e-07,10424,550893,-1.0711e-07,10.102,8.06553,2.81012,10.6436,8.57909,0.869423,11.5336,10.2515,0.270869,12.7211,12.7138,0.0844293,14.1823,15.9373,0.0263173,15.9122,20.0383,0.0082035,17.9198,25.2154,0.00255722,20.2244,31.7373,0.000797017,22.8539,39.9486,0.000248622,25.8438,50.2851,7.75492e-05,29.237,63.2963,2.42508e-05,33.0837,79.6738,7.67162e-06,37.4415,100.288,2.32837e-06,42.3767,126.236,7.33e-07,47.9646,158.896,2.79256e-07,54.2906,200.003,9.87351e-09,61.452,251.741,1.61085e-07,69.5585,316.859,-2.47141e-07,78.7347,398.812,8.93552e-08,89.1218,501.948,-2.53231e-07,100.879,631.736,-1.25047e-07,114.188,795.049,-1.78808e-07,129.252,1000.53,2.6733e-07,146.304,1259.03,4.50292e-07,165.605,1584.19,6.76904e-07,187.452,1993.12,-1.23808e-07,212.181,2507.27,-4.89068e-07,240.173,3153.54,-5.40284e-07,271.856,3965.56,1.86061e-07,307.719,4985.38,4.37004e-07,348.313,6265.4,3.59828e-07,394.26,7870.83,3.98192e-07,446.268,9882.51,-1.92908e-07,505.135,12400.3,-2.20392e-07,571.766,15546.9,1.51705e-07,647.184,19472.2,5.74996e-07,732.547,24357.4,5.39112e-07,829.167,30420,5.07815e-09,938.526,37916.3,-4.11492e-07,1062.3,47143.9,-3.9561e-07,1202.4,58439.2,3.86185e-08,1360.96,72169.3,5.94093e-07,1540.42,88715.8,7.47693e-07,1743.53,108445,1.78537e-07,1973.41,131665,-4.12549e-07,2233.57,158557,-5.37164e-07,2528,189103,-1.17615e-07,2861.2,222986,5.66769e-07,3238.27,259510,9.45053e-07,3664.97,297540,4.25093e-07,4147.81,335497,-3.58506e-07,4694.17,371444,-6.7724e-07,5312.37,403256,1.67192e-07,1.61744,3.89446,9.84394,3.28846,7.5504,12.774,5.07607,11.7187,13.6844,7.03202,16.8147,13.9681,9.20215,23.1769,14.0566,11.6301,31.1672,14.0841,14.3598,41.2186,14.0927,17.4376,53.8688,14.0954,20.9137,69.7915,14.0962,24.8432,89.8341,14.0965,29.2879,115.063,14.0966,34.3168,146.819,14.0966,40.0078,186.792,14.0966,46.4487,237.107,14.0966,53.7388,300.44,14.0966,61.9903,380.158,14.0966,71.3301,480.499,14.0966,81.902,606.796,14.0966,93.8685,765.761,14.0966,107.414,965.837,14.0966,122.746,1217.65,14.0966,140.101,1534.57,14.0966,159.745,1933.41,14.0966,181.981,2435.3,14.0966,207.15,3066.85,14.0966,235.64,3861.46,14.0966,267.889,4861.11,14.0966,304.391,6118.54,14.0966,345.709,7699.91,14.0966,392.478,9688.22,14.0966,445.417,12187.5,14.0966,505.339,15327.7,14.0966,573.165,19271.6,14.0966,649.938,24222,14.0966,736.839,30430.9,14.0966,835.202,38211.5,14.0966,946.539,47950.3,14.0966,1072.56,60122.8,14.0966,1215.21,75309.9,14.0966,1376.66,94216.2,14.0966,1559.41,117688,14.0966,1766.26,146729,14.0966,2000.39,182510,14.0966,2265.39,226372,14.0966,2565.33,279806,14.0966,2904.81,344416,14.0966,3289.05,421845,14.0966,3723.93,513667,14.0966,4216.13,621231,14.0966,4773.18,745478,14.0966,5403.64,886744,14.0966,6117.15,1.04457e+06,14.0966,6924.63,1.2176e+06,14.0966,11.7194,11.96,12.6541,13.9321,16.1295,13.6434,16.6097,21.9702,13.9553,19.7532,29.5285,14.0526,23.3844,39.1143,14.0829,27.5423,51.2054,14.0923,32.2796,66.434,14.0953,37.662,85.6061,14.0962,43.7675,109.74,14.0965,50.687,140.119,14.0966,58.5249,178.359,14.0966,67.4005,226.493,14.0966,77.4493,287.08,14.0966,88.8254,363.343,14.0966,101.703,459.336,14.0966,116.281,580.161,14.0966,132.782,732.241,14.0966,151.46,923.655,14.0966,172.603,1164.57,14.0966,196.535,1467.79,14.0966,223.625,1849.39,14.0966,254.288,2329.62,14.0966,288.997,2933.93,14.0966,328.285,3694.33,14.0966,372.755,4651.04,14.0966,423.092,5854.57,14.0966,480.07,7368.38,14.0966,544.564,9272.08,14.0966,617.566,11665.5,14.0966,700.197,14673.6,14.0966,793.729,18452.9,14.0966,899.599,23198.6,14.0966,1019.43,29154.1,14.0966,1155.07,36622.3,14.0966,1308.6,45977.9,14.0966,1482.39,57683.7,14.0966,1679.09,72307.8,14.0966,1901.73,90542.8,14.0966,2153.73,113226,14.0966,2438.97,141360,14.0966,2761.81,176127,14.0966,3127.22,218898,14.0966,3540.81,271226,14.0966,4008.92,334817,14.0966,4538.74,411470,14.0966,5138.38,502973,14.0966,5817.04,610948,14.0966,6585.12,736653,14.0966,7454.39,880741,14.0966,8438.15,1.04302e+06,14.0966,9551.45,1.22224e+06,14.0966,10811.3,1.41602e+06,14.0966,12237,1.62086e+06,14.0966,11.7194,11.96,12.6541,2.21263,4.16949,0.989383,2.67766,5.84076,0.311842,3.14343,7.55825,0.0972771,3.63127,9.58578,0.0303237,4.15787,12.0912,0.00945211,4.73731,15.2286,0.00294633,5.38238,19.1721,0.000918508,6.10553,24.134,0.000286163,6.91951,30.3791,8.92692e-05,7.83792,38.2397,2.78121e-05,8.87555,48.1338,8.65134e-06,10.0489,60.5876,2.7882e-06,11.3761,76.2629,8.29036e-07,12.8779,95.9927,2.4373e-07,14.5775,120.825,4.33068e-09,16.5012,152.08,1.75749e-07,18.6784,191.415,-1.86328e-07,21.1428,240.917,1.91829e-07,23.9322,303.213,-1.81475e-07,27.0895,381.602,7.0186e-08,30.6634,480.231,-2.86769e-08,34.7087,604.316,2.40784e-07,39.2876,760.401,9.87368e-08,44.4705,956.705,1.22263e-07,50.3371,1203.54,-4.31966e-07,56.9776,1513.81,-1.9705e-07,64.494,1903.69,-2.763e-08,73.0018,2393.4,3.9185e-07,82.6317,3008.13,1.35379e-07,93.5318,3779.25,-4.16351e-08,105.869,4745.7,2.06965e-08,119.834,5955.6,-3.18887e-07,135.641,7468.12,-1.48271e-08,153.531,9355.62,2.00739e-07,173.781,11705.8,2.28358e-07,196.701,14624.1,-1.93587e-08,222.642,18235,-2.88101e-07,252.003,22683.4,-2.24732e-07,285.234,28134,8.56806e-09,322.845,34767,2.34258e-07,365.413,42770.9,2.99668e-07,413.588,52327.9,8.28644e-08,468.111,63591.2,-3.07049e-07,529.814,76653.2,-3.1888e-07,599.642,91502.5,-6.72276e-08,678.662,107975,2.26339e-07,768.083,125705,3.69212e-07,869.267,144088,2.04077e-07,983.76,162277,-2.80509e-07,1113.3,179223,-4.22737e-07,1259.87,193777,-1.71951e-07,1425.68,204839,4.55555e-07,11.7194,11.96,12.6541,2.21263,4.16949,0.989383,2.67766,5.84076,0.311842,3.14343,7.55825,0.0972771,3.63127,9.58578,0.0303237,4.15787,12.0912,0.00945211,4.73731,15.2286,0.00294633,5.38238,19.1721,0.000918508,6.10553,24.134,0.000286163,6.91951,30.3791,8.92692e-05,7.83792,38.2397,2.78121e-05,8.87555,48.1338,8.65134e-06,10.0489,60.5876,2.7882e-06,11.3761,76.2629,8.29036e-07,12.8779,95.9927,2.4373e-07,14.5775,120.825,1e-08,16.5012,152.08,1.75749e-07,18.6784,191.415,1e-08,21.1428,240.917,1.91829e-07,23.9322,303.213,1e-08,27.0895,381.602,7.0186e-08,30.6634,480.231,1e-08,34.7087,604.316,2.40784e-07,39.2876,760.401,9.87368e-08,44.4705,956.705,1.22263e-07,50.3371,1203.54,1e-08,56.9776,1513.81,1e-08,64.494,1903.69,1e-08,73.0018,2393.4,3.9185e-07,82.6317,3008.13,1.35379e-07,93.5318,3779.25,1e-08,105.869,4745.7,2.06965e-08,119.834,5955.6,1e-08,135.641,7468.12,1e-08,153.531,9355.62,2.00739e-07,173.781,11705.8,2.28358e-07,196.701,14624.1,1e-08,222.642,18235,1e-08,252.003,22683.4,1e-08,285.234,28134,1e-08,322.845,34767,2.34258e-07,365.413,42770.9,2.99668e-07,413.588,52327.9,8.28644e-08,468.111,63591.2,1e-08,529.814,76653.2,1e-08,599.642,91502.5,1e-08,678.662,107975,2.26339e-07,768.083,125705,3.69212e-07,869.267,144088,2.04077e-07,983.76,162277,1e-08,1113.3,179223,1e-08,1259.87,193777,1e-08,1425.68,204839,4.55555e-07,6.2823,3.27286,2.43537,0.219672,6.18826,2.24117,0.56371,6.87772,2.63624,0.308279,18,17,16,1,6,0,4,8,2,3,11,0,8,6,0,2,8,0,6,3,0,3,13,0,4,23,0,11,20,0,14,25,0,12,92,0,9,76,0,13,92,0,13,90,0,13,117,0,20,121,0,25,293,0,29,285,0,20,132,0,42,502,0,17,318,0,31,1087,0,43,651,0,33,1304,0,65,879,0,49,485,0,72,1996,0,87,2767,0,193,3215,0,81,3911,0,69,7436,0,111,7543,0,209,13294,0,82,6844,0,134,14333,0,140,16942,0,143,21402,0,106,34217,0,223,36313,0,296,36352,0,341,61341,0,285,64789,0,299,96201,0,577,76602,0,812,82874,0,468,95403,0,236,106679,0,463,162331,0,1008,109735,0,1214,77508,0,577,131575,0,1602,119649,0
-1.05176e+08,7.86429e-46,8.88811e-15,10,1023,0,1.05176e+08,0.528882,1.08665,0.389689,0.145397,0.379329,3.24381,0.161596,0.446195,1.77396,0.159177,1.15e+07,4.49998e+06,6.79999e+06,1.15e+07,4.49997e+06,6.79999e+06,1.15e+07,4.49996e+06,6.79999e+06,1.15e+07,4.49995e+06,6.79999e+06,1.14999e+07,4.49993e+06,6.79999e+06,1.14999e+07,4.49991e+06,6.79999e+06,1.14999e+07,4.49989e+06,6.79999e+06,1.14999e+07,4.49986e+06,6.79999e+06,1.14999e+07,4.49982e+06,6.79999e+06,1.14999e+07,4.49977e+06,6.79999e+06,1.14999e+07,4.49971e+06,6.79999e+06,1.14999e+07,4.49963e+06,6.79999e+06,1.14998e+07,4.49953e+06,6.79999e+06,1.14998e+07,4.49941e+06,6.79999e+06,1.14998e+07,4.49926e+06,6.79999e+06,1.14998e+07,4.49906e+06,6.79999e+06,1.14997e+07,4.49882e+06,6.79999e+06,1.14997e+07,4.49851e+06,6.79999e+06,1.14997e+07,4.49812e+06,6.79999e+06,1.14996e+07,4.49764e+06,6.79999e+06,1.14996e+07,4.49702e+06,6.79999e+06,1.14995e+07,4.49625e+06,6.79999e+06,1.14995e+07,4.49528e+06,6.79999e+06,1.14994e+07,4.49406e+06,6.79999e+06,1.14993e+07,4.49253e+06,6.79999e+06,1.14992e+07,4.49059e+06,6.79999e+06,1.14991e+07,4.48817e+06,6.79999e+06,1.1499e+07,4.48511e+06,6.79999e+06,1.14988e+07,4.48128e+06,6.79999e+06,1.14987e+07,4.47646e+06,6.79999e+06,1.14985e+07,4.47041e+06,6.79999e+06,1.14983e+07,4.46281e+06,6.79999e+06,1.14981e+07,4.4533e+06,6.79999e+06,1.14979e+07,4.44138e+06,6.79999e+06,1.14976e+07,4.42649e+06,6.79999e+06,1.14972e+07,4.40789e+06,6.79999e+06,1.14969e+07,4.38471e+06,6.79999e+06,1.14965e+07,4.35592e+06,6.79999e+06,1.1496e+07,4.32027e+06,6.79999e+06,1.14955e+07,4.27629e+06,6.79999e+06,1.14949e+07,4.22231e+06,6.79999e+06,1.14942e+07,4.15647e+06,6.79999e+06,1.14934e+07,4.07676e+06,6.79999e+06,1.14926e+07,3.98112e+06,6.79999e+06,1.14916e+07,3.86765e+06,6.79999e+06,1.14905e+07,3.73474e+06,6.79999e+06,1.14892e+07,3.58148e+06,6.79999e+06,1.14878e+07,3.40785e+06,6.79999e+06,1.14862e+07,3.21513e+06,6.79999e+06,1.14844e+07,3.00605e+06,6.79999e+06,1.14823e+07,2.7848e+06,6.79999e+06,1.148e+07,2.5568e+06,6.79999e+06,1.14773e+07,2.32825e+06,6.79999e+06,13.5742,8.52444,0.508366,16.8306,13.2585,0.162638,20.0035,17.569,0.0507846,23.2616,22.4214,0.0158319,26.7328,28.3297,0.00493498,30.5212,35.6974,0.00153831,34.7178,44.9473,0.000479527,39.4086,56.5822,0.000149456,44.6796,71.2245,4.66214e-05,50.6209,89.6543,1.45419e-05,57.3297,112.852,4.54748e-06,64.9129,142.051,1.43857e-06,73.4897,178.803,4.36618e-07,83.1934,225.062,1.40153e-07,94.1745,283.286,4.96378e-08,106.602,356.568,1.05434e-07,120.669,448.799,-6.49244e-08,136.59,564.873,1.70148e-07,154.611,710.948,-5.34594e-08,175.008,894.767,1.63407e-07,198.097,1126.06,8.04804e-08,224.231,1417.07,1.14667e-07,253.813,1783.15,-1.71227e-07,287.297,2243.62,-2.88466e-07,325.198,2822.67,-4.33651e-07,368.098,3550.67,7.9318e-08,416.657,4465.65,3.13319e-07,471.621,5615.16,3.4613e-07,533.835,7058.61,-1.19199e-07,604.255,8870.02,-2.79964e-07,683.962,11141.4,-2.30521e-07,774.182,13986.7,-2.55099e-07,876.299,17546.4,1.23585e-07,991.883,21993.1,1.41192e-07,1122.71,27536.7,-9.71886e-08,1270.78,34430.7,-3.68368e-07,1438.38,42977.7,-3.45379e-07,1628.07,53532.7,-3.25328e-09,1842.77,66504.6,2.6362e-07,2085.77,82350.2,2.53445e-07,2360.79,101560,-2.47407e-08,2672.05,124632,-3.80602e-07,3024.31,152018,-4.79005e-07,3422.98,184060,-1.14379e-07,3874.15,220884,2.64297e-07,4384.72,262283,3.44131e-07,4962.49,307576,7.5349e-08,5616.29,355497,-3.63097e-07,6356.1,404126,-6.05442e-07,7193.18,450932,-2.72333e-07,8140.28,492963,2.29675e-07,9211.79,527178,4.3387e-07,10424,550893,-1.0711e-07,10.102,8.06553,2.81012,10.6436,8.57909,0.869423,11.5336,10.2515,0.270869,12.7211,12.7138,0.0844293,14.1823,15.9373,0.0263173,15.9122,20.0383,0.0082035,17.9198,25.2154,0.00255722,20.2244,31.7373,0.000797017,22.8539,39.9486,0.000248622,25.8438,50.2851,7.75492e-05,29.237,63.2963,2.42508e-05,33.0837,79.6738,7.67162e-06,37.4415,100.288,2.32837e-06,42.3767,126.236,7.33e-07,47.9646,158.896,2.79256e-07,54.2906,200.003,9.87351e-09,61.452,251.741,1.61085e-07,69.5585,316.859,-2.47141e-07,78.7347,398.812,8.93552e-08,89.1218,501.948,-2.53231e-07,100.879,631.736,-1.25047e-07,114.188,795.049,-1.78808e-07,129.252,1000.53,2.6733e-07,146.304,1259.03,4.50292e-07,165.605,1584.19,6.76904e-07,187.452,1993.12,-1.23808e-07,212.181,2507.27,-4.89068e-07,240.173,3153.54,-5.40284e-07,271.856,3965.56,1.86061e-07,307.719,4985.38,4.37004e-07,348.313,6265.4,3.59828e-07,394.26,7870.83,3.98192e-07,446.268,9882.51,-1.92908e-07,505.135,12400.3,-2.20392e-07,571.766,15546.9,1.51705e-07,647.184,19472.2,5.74996e-07,732.547,24357.4,5.39112e-07,829.167,30420,5.07815e-09,938.526,37916.3,-4.11492e-07,1062.3,47143.9,-3.9561e-07,1202.4,58439.2,3.86185e-08,1360.96,72169.3,5.94093e-07,1540.42,88715.8,7.47693e-07,1743.53,108445,1.78537e-07,1973.41,131665,-4.12549e-07,2233.57,158557,-5.37164e-07,2528,189103,-1.17615e-07,2861.2,222986,5.66769e-07,3238.27,259510,9.45053e-07,3664.97,297540,4.25093e-07,4147.81,335497,-3.58506e-07,4694.17,371444,-6.7724e-07,5312.37,403256,1.67192e-07,1.61744,3.89446,9.84394,3.28846,7.5504,12.774,5.07607,11.7187,13.6844,7.03202,16.8147,13.9681,9.20215,23.1769,14.0566,11.6301,31.1672,14.0841,14.3598,41.2186,14.0927,17.4376,53.8688,14.0954,20.9137,69.7915,14.0962,24.8432,89.8341,14.0965,29.2879,115.063,14.0966,34.3168,146.819,14.0966,40.0078,186.792,14.0966,46.4487,237.107,14.0966,53.7388,300.44,14.0966,61.9903,380.158,14.0966,71.3301,480.499,14.0966,81.902,606.796,14.0966,93.8685,765.761,14.0966,107.414,965.837,14.0966,122.746,1217.65,14.0966,140.101,1534.57,14.0966,159.745,1933.41,14.0966,181.981,2435.3,14.0966,207.15,3066.85,14.0966,235.64,3861.46,14.0966,267.889,4861.11,14.0966,304.391,6118.54,14.0966,345.709,7699.91,14.0966,392.478,9688.22,14.0966,445.417,12187.5,14.0966,505.339,15327.7,14.0966,573.165,19271.6,14.0966,649.938,24222,14.0966,736.839,30430.9,14.0966,835.202,38211.5,14.0966,946.539,47950.3,14.0966,1072.56,60122.8,14.0966,1215.21,75309.9,14.0966,1376.66,94216.2,14.0966,1559.41,117688,14.0966,1766.26,146729,14.0966,2000.39,182510,14.0966,2265.39,226372,14.0966,2565.33,279806,14.0966,2904.81,344416,14.0966,3289.05,421845,14.0966,3723.93,513667,14.0966,4216.13,621231,14.0966,4773.18,745478,14.0966,5403.64,886744,14.0966,6117.15,1.04457e+06,14.0966,6924.63,1.2176e+06,14.0966,11.7194,11.96,12.6541,13.9321,16.1295,13.6434,16.6097,21.9702,13.9553,19.7532,29.5285,14.0526,23.3844,39.1143,14.0829,27.5423,51.2054,14.0923,32.2796,66.434,14.0953,37.662,85.6061,14.0962,43.7675,109.74,14.0965,50.687,140.119,14.0966,58.5249,178.359,14.0966,67.4005,226.493,14.0966,77.4493,287.08,14.0966,88.8254,363.343,14.0966,101.703,459.336,14.0966,116.281,580.161,14.0966,132.782,732.241,14.0966,151.46,923.655,14.0966,172.603,1164.57,14.0966,196.535,1467.79,14.0966,223.625,1849.39,14.0966,254.288,2329.62,14.0966,288.997,2933.93,14.0966,328.285,3694.33,14.0966,372.755,4651.04,14.0966,423.092,5854.57,14.0966,480.07,7368.38,14.0966,544.564,9272.08,14.0966,617.566,11665.5,14.0966,700.197,14673.6,14.0966,793.729,18452.9,14.0966,899.599,23198.6,14.0966,1019.43,29154.1,14.0966,1155.07,36622.3,14.0966,1308.6,45977.9,14.0966,1482.39,57683.7,14.0966,1679.09,72307.8,14.0966,1901.73,90542.8,14.0966,2153.73,113226,14.0966,2438.97,141360,14.0966,2761.81,176127,14.0966,3127.22,218898,14.0966,3540.81,271226,14.0966,4008.92,334817,14.0966,4538.74,411470,14.0966,5138.38,502973,14.0966,5817.04,610948,14.0966,6585.12,736653,14.0966,7454.39,880741,14.0966,8438.15,1.04302e+06,14.0966,9551.45,1.22224e+06,14.0966,10811.3,1.41602e+06,14.0966,12237,1.62086e+06,14.0966,11.7194,11.96,12.6541,2.21263,4.16949,0.989383,2.67766,5.84076,0.311842,3.14343,7.55825,0.0972771,3.63127,9.58578,0.0303237,4.15787,12.0912,0.00945211,4.73731,15.2286,0.00294633,5.38238,19.1721,0.000918508,6.10553,24.134,0.000286163,6.91951,30.3791,8.92692e-05,7.83792,38.2397,2.78121e-05,8.87555,48.1338,8.65134e-06,10.0489,60.5876,2.7882e-06,11.3761,76.2629,8.29036e-07,12.8779,95.9927,2.4373e-07,14.5775,120.825,4.33068e-09,16.5012,152.08,1.75749e-07,18.6784,191.415,-1.86328e-07,21.1428,240.917,1.91829e-07,23.9322,303.213,-1.81475e-07,27.0895,381.602,7.0186e-08,30.6634,480.231,-2.86769e-08,34.7087,604.316,2.40784e-07,39.2876,760.401,9.87368e-08,44.4705,956.705,1.22263e-07,50.3371,1203.54,-4.31966e-07,56.9776,1513.81,-1.9705e-07,64.494,1903.69,-2.763e-08,73.0018,2393.4,3.9185e-07,82.6317,3008.13,1.35379e-07,93.5318,3779.25,-4.16351e-08,105.869,4745.7,2.06965e-08,119.834,5955.6,-3.18887e-07,135.641,7468.12,-1.48271e-08,153.531,9355.62,2.00739e-07,173.781,11705.8,2.28358e-07,196.701,14624.1,-1.93587e-08,222.642,18235,-2.88101e-07,252.003,22683.4,-2.24732e-07,285.234,28134,8.56806e-09,322.845,34767,2.34258e-07,365.413,42770.9,2.99668e-07,413.588,52327.9,8.28644e-08,468.111,63591.2,-3.07049e-07,529.814,76653.2,-3.1888e-07,599.642,91502.5,-6.72276e-08,678.662,107975,2.26339e-07,768.083,125705,3.69212e-07,869.267,144088,2.04077e-07,983.76,162277,-2.80509e-07,1113.3,179223,-4.22737e-07,1259.87,193777,-1.71951e-07,1425.68,204839,4.55555e-07,11.7194,11.96,12.6541,2.21263,4.16949,0.989383,2.67766,5.84076,0.311842,3.14343,7.55825,0.0972771,3.63127,9.58578,0.0303237,4.15787,12.0912,0.00945211,4.73731,15.2286,0.00294633,5.38238,19.1721,0.000918508,6.10553,24.134,0.000286163,6.91951,30.3791,8.92692e-05,7.83792,38.2397,2.78121e-05,8.87555,48.1338,8.65134e-06,10.0489,60.5876,2.7882e-06,11.3761,76.2629,8.29036e-07,12.8779,95.9927,2.4373e-07,14.5775,120.825,1e-08,16.5012,152.08,1.75749e-07,18.6784,191.415,1e-08,21.1428,240.917,1.91829e-07,23.9322,303.213,1e-08,27.0895,381.602,7.0186e-08,30.6634,480.231,1e-08,34.7087,604.316,2.40784e-07,39.2876,760.401,9.87368e-08,44.4705,956.705,1.22263e-07,50.3371,1203.54,1e-08,56.9776,1513.81,1e-08,64.494,1903.69,1e-08,73.0018,2393.4,3.9185e-07,82.6317,3008.13,1.35379e-07,93.5318,3779.25,1e-08,105.869,4745.7,2.06965e-08,119.834,5955.6,1e-08,135.641,7468.12,1e-08,153.531,9355.62,2.00739e-07,173.781,11705.8,2.28358e-07,196.701,14624.1,1e-08,222.642,18235,1e-08,252.003,22683.4,1e-08,285.234,28134,1e-08,322.845,34767,2.34258e-07,365.413,42770.9,2.99668e-07,413.588,52327.9,8.28644e-08,468.111,63591.2,1e-08,529.814,76653.2,1e-08,599.642,91502.5,1e-08,678.662,107975,2.26339e-07,768.083,125705,3.69212e-07,869.267,144088,2.04077e-07,983.76,162277,1e-08,1113.3,179223,1e-08,1259.87,193777,1e-08,1425.68,204839,4.55555e-07,6.2823,3.27286,2.43537,0.219672,6.18826,2.24117,0.56371,6.87772,2.63624,0.308279,7,20,6,0,3,1,2,5,0,4,3,0,12,13,0,1,4,0,6,18,0,7,19,0,4,26,0,11,45,0,5,34,0,11,71,0,17,48,0,10,83,0,12,102,0,12,134,0,7,236,0,26,170,0,17,264,0,28,326,0,12,218,0,21,644,0,39,504,0,28,259,0,23,1240,0,28,1445,0,93,1359,0,157,1433,0,29,2715,0,128,1628,0,107,6841,0,82,4773,0,95,4128,0,208,3722,0,103,8874,0,385,9402,0,168,8642,0,148,14981,0,169,38041,0,486,38639,0,308,32145,0,181,79401,0,375,42341,0,434,51767,0,196,158309,0,492,71042,0,740,105535,0,642,129317,0,731,132421,0,583,183326,0,307,146051,0,639,136779,0,664,313663,0
-1.05176e+08,1,8.88811e-15,10,1023,0,1.05176e+08,0.528882,1.08665,0.389689,0.145397,0.379329,3.24381,0.161596,0.446195,1.77396,0.159177,1.15e+07,4.49998e+06,6.79999e+06,1.15e+07,4.49997e+06,6.79999e+06,1.15e+07,4.49996e+06,6.79999e+06,1.15e+07,4.49995e+06,6.79999e+06,1.14999e+07,4.49993e+06,6.79999e+06,1.14999e+07,4.49991e+06,6.79999e+06,1.14999e+07,4.49989e+06,6.79999e+06,1.14999e+07,4.49986e+06,6.79999e+06,1.14999e+07,4.49982e+06,6.79999e+06,1.14999e+07,4.49977e+06,6.79999e+06,1.14999e+07,4.49971e+06,6.79999e+06,1.14999e+07,4.49963e+06,6.79999e+06,1.14998e+07,4.49953e+06,6.79999e+06,1.14998e+07,4.49941e+06,6.79999e+06,1.14998e+07,4.49926e+06,6.79999e+06,1.14998e+07,4.49906e+06,6.79999e+06,1.14997e+07,4.49882e+06,6.79999e+06,1.14997e+07,4.49851e+06,6.79999e+06,1.14997e+07,4.49812e+06,6.79999e+06,1.14996e+07,4.49764e+06,6.79999e+06,1.14996e+07,4.49702e+06,6.79999e+06,1.14995e+07,4.49625e+06,6.79999e+06,1.14995e+07,4.49528e+06,6.79999e+06,1.14994e+07,4.49406e+06,6.79999e+06,1.14993e+07,4.49253e+06,6.79999e+06,1.14992e+07,4.49059e+06,6.79999e+06,1.14991e+07,4.48817e+06,6.79999e+06,1.1499e+07,4.48511e+06,6.79999e+06,1.14988e+07,4.48128e+06,6.79999e+06,1.14987e+07,4.47646e+06,6.79999e+06,1.14985e+07,4.47041e+06,6.79999e+06,1.14983e+07,4.46281e+06,6.79999e+06,1.14981e+07,4.4533e+06,6.79999e+06,1.14979e+07,4.44138e+06,6.79999e+06,1.14976e+07,4.42649e+06,6.79999e+06,1.14972e+07,4.40789e+06,6.79999e+06,1.14969e+07,4.38471e+06,6.79999e+06,1.14965e+07,4.35592e+06,6.79999e+06,1.1496e+07,4.32027e+06,6.79999e+06,1.14955e+07,4.27629e+06,6.79999e+06,1.14949e+07,4.22231e+06,6.79999e+06,1.14942e+07,4.15647e+06,6.79999e+06,1.14934e+07,4.07676e+06,6.79999e+06,1.14926e+07,3.98112e+06,6.79999e+06,1.14916e+07,3.86765e+06,6.79999e+06,1.14905e+07,3.73474e+06,6.79999e+06,1.14892e+07,3.58148e+06,6.79999e+06,1.14878e+07,3.40785e+06,6.79999e+06,1.14862e+07,3.21513e+06,6.79999e+06,1.14844e+07,3.00605e+06,6.79999e+06,1.14823e+07,2.7848e+06,6.79999e+06,1.148e+07,2.5568e+06,6.79999e+06,1.14773e+07,2.32825e+06,6.79999e+06,13.5742,8.52444,0.508366,16.8306,13.2585,0.162638,20.0035,17.569,0.0507846,23.2616,22.4214,0.0158319,26.7328,28.3297,0.00493498,30.5212,35.6974,0.00153831,34.7178,44.9473,0.000479527,39.4086,56.5822,0.000149456,44.6796,71.2245,4.66214e-05,50.6209,89.6543,1.45419e-05,57.3297,112.852,4.54748e-06,64.9129,142.051,1.43857e-06,73.4897,178.803,4.36618e-07,83.1934,225.062,1.40153e-07,94.1745,283.286,4.96378e-08,106.602,356.568,1.05434e-07,120.669,448.799,-6.49244e-08,136.59,564.873,1.70148e-07,154.611,710.948,-5.34594e-08,175.008,894.767,1.63407e-07,198.097,1126.06,8.04804e-08,224.231,1417.07,1.14667e-07,253.813,1783.15,-1.71227e-07,287.297,2243.62,-2.88466e-07,325.198,2822.67,-4.33651e-07,368.098,3550.67,7.9318e-08,416.657,4465.65,3.13319e-07,471.621,5615.16,3.4613e-07,533.835,7058.61,-1.19199e-07,604.255,8870.02,-2.79964e-07,683.962,11141.4,-2.30521e-07,774.182,13986.7,-2.55099e-07,876.299,17546.4,1.23585e-07,991.883,21993.1,1.41192e-07,1122.71,27536.7,-9.71886e-08,1270.78,34430.7,-3.68368e-07,1438.38,42977.7,-3.45379e-07,1628.07,53532.7,-3.25328e-09,1842.77,66504.6,2.6362e-07,2085.77,82350.2,2.53445e-07,2360.79,101560,-2.47407e-08,2672.05,124632,-3.80602e-07,3024.31,152018,-4.79005e-07,3422.98,184060,-1.14379e-07,3874.15,220884,2.64297e-07,4384.72,262283,3.44131e-07,4962.49,307576,7.5349e-08,5616.29,355497,-3.63097e-07,6356.1,404126,-6.05442e-07,7193.18,450932,-2.72333e-07,8140.28,492963,2.29675e-07,9211.79,527178,4.3387e-07,10424,550893,-1.0711e-07,10.102,8.06553,2.81012,10.6436,8.57909,0.869423,11.5336,10.2515,0.270869,12.7211,12.7138,0.0844293,14.1823,15.9373,0.0263173,15.9122,20.0383,0.0082035,17.9198,25.2154,0.00255722,20.2244,31.7373,0.000797017,22.8539,39.9486,0.000248622,25.8438,50.2851,7.75492e-05,29.237,63.2963,2.42508e-05,33.0837,79.6738,7.67162e-06,37.4415,100.288,2.32837e-06,42.3767,126.236,7.33e-07,47.9646,158.896,2.79256e-07,54.2906,200.003,9.87351e-09,61.452,251.741,1.61085e-07,69.5585,316.859,-2.47141e-07,78.7347,398.812,8.93552e-08,89.1218,501.948,-2.53231e-07,100.879,631.736,-1.25047e-07,114.188,795.049,-1.78808e-07,129.252,1000.53,2.6733e-07,146.304,1259.03,4.50292e-07,165.605,1584.19,6.76904e-07,187.452,1993.12,-1.23808e-07,212.181,2507.27,-4.89068e-07,240.173,3153.54,-5.40284e-07,271.856,3965.56,1.86061e-07,307.719,4985.38,4.37004e-07,348.313,6265.4,3.59828e-07,394.26,7870.83,3.98192e-07,446.268,9882.51,-1.92908e-07,505.135,12400.3,-2.20392e-07,571.766,15546.9,1.51705e-07,647.184,19472.2,5.74996e-07,732.547,24357.4,5.39112e-07,829.167,30420,5.07815e-09,938.526,37916.3,-4.11492e-07,1062.3,47143.9,-3.9561e-07,1202.4,58439.2,3.86185e-08,1360.96,72169.3,5.94093e-07,1540.42,88715.8,7.47693e-07,1743.53,108445,1.78537e-07,1973.41,131665,-4.12549e-07,2233.57,158557,-5.37164e-07,2528,189103,-1.17615e-07,2861.2,222986,5.66769e-07,3238.27,259510,9.45053e-07,3664.97,297540,4.25093e-07,4147.81,335497,-3.58506e-07,4694.17,371444,-6.7724e-07,5312.37,403256,1.67192e-07,1.61744,3.89446,9.84394,3.28846,7.5504,12.774,5.07607,11.7187,13.6844,7.03202,16.8147,13.9681,9.20215,23.1769,14.0566,11.6301,31.1672,14.0841,14.3598,41.2186,14.0927,17.4376,53.8688,14.0954,20.9137,69.7915,14.0962,24.8432,89.8341,14.0965,29.2879,115.063,14.0966,34.3168,146.819,14.0966,40.0078,186.792,14.0966,46.4487,237.107,14.0966,53.7388,300.44,14.0966,61.9903,380.158,14.0966,71.3301,480.499,14.0966,81.902,606.796,14.0966,93.8685,765.761,14.0966,107.414,965.837,14.0966,122.746,1217.65,14.0966,140.101,1534.57,14.0966,159.745,1933.41,14.0966,181.981,2435.3,14.0966,207.15,3066.85,14.0966,235.64,3861.46,14.0966,267.889,4861.11,14.0966,304.391,6118.54,14.0966,345.709,7699.91,14.0966,392.478,9688.22,14.0966,445.417,12187.5,14.0966,505.339,15327.7,14.0966,573.165,19271.6,14.0966,649.938,24222,14.0966,736.839,30430.9,14.0966,835.202,38211.5,14.0966,946.539,47950.3,14.0966,1072.56,60122.8,14.0966,1215.21,75309.9,14.0966,1376.66,94216.2,14.0966,1559.41,117688,14.0966,1766.26,146729,14.0966,2000.39,182510,14.0966,2265.39,226372,14.0966,2565.33,279806,14.0966,2904.81,344416,14.0966,3289.05,421845,14.0966,3723.93,513667,14.0966,4216.13,621231,14.0966,4773.18,745478,14.0966,5403.64,886744,14.0966,6117.15,1.04457e+06,14.0966,6924.63,1.2176e+06,14.0966,11.7194,11.96,12.6541,13.9321,16.1295,13.6434,16.6097,21.9702,13.9553,19.7532,29.5285,14.0526,23.3844,39.1143,14.0829,27.5423,51.2054,14.0923,32.2796,66.434,14.0953,37.662,85.6061,14.0962,43.7675,109.74,14.0965,50.687,140.119,14.0966,58.5249,178.359,14.0966,67.4005,226.493,14.0966,77.4493,287.08,14.0966,88.8254,363.343,14.0966,101.703,459.336,14.0966,116.281,580.161,14.0966,132.782,732.241,14.0966,151.46,923.655,14.0966,172.603,1164.57,14.0966,196.535,1467.79,14.0966,223.625,1849.39,14.0966,254.288,2329.62,14.0966,288.997,2933.93,14.0966,328.285,3694.33,14.0966,372.755,4651.04,14.0966,423.092,5854.57,14.0966,480.07,7368.38,14.0966,544.564,9272.08,14.0966,617.566,11665.5,14.0966,700.197,14673.6,14.0966,793.729,18452.9,14.0966,899.599,23198.6,14.0966,1019.43,29154.1,14.0966,1155.07,36622.3,14.0966,1308.6,45977.9,14.0966,1482.39,57683.7,14.0966,1679.09,72307.8,14.0966,1901.73,90542.8,14.0966,2153.73,113226,14.0966,2438.97,141360,14.0966,2761.81,176127,14.0966,3127.22,218898,14.0966,3540.81,271226,14.0966,4008.92,334817,14.0966,4538.74,411470,14.0966,5138.38,502973,14.0966,5817.04,610948,14.0966,6585.12,736653,14.0966,7454.39,880741,14.0966,8438.15,1.04302e+06,14.0966,9551.45,1.22224e+06,14.0966,10811.3,1.41602e+06,14.0966,12237,1.62086e+06,14.0966,11.7194,11.96,12.6541,2.21263,4.16949,0.989383,2.67766,5.84076,0.311842,3.14343,7.55825,0.0972771,3.63127,9.58578,0.0303237,4.15787,12.0912,0.00945211,4.73731,15.2286,0.00294633,5.38238,19.1721,0.000918508,6.10553,24.134,0.000286163,6.91951,30.3791,8.92692e-05,7.83792,38.2397,2.78121e-05,8.87555,48.1338,8.65134e-06,10.0489,60.5876,2.7882e-06,11.3761,76.2629,8.29036e-07,12.8779,95.9927,2.4373e-07,14.5775,120.825,4.33068e-09,16.5012,152.08,1.75749e-07,18.6784,191.415,-1.86328e-07,21.1428,240.917,1.91829e-07,23.9322,303.213,-1.81475e-07,27.0895,381.602,7.0186e-08,30.6634,480.231,-2.86769e-08,34.7087,604.316,2.40784e-07,39.2876,760.401,9.87368e-08,44.4705,956.705,1.22263e-07,50.3371,1203.54,-4.31966e-07,56.9776,1513.81,-1.9705e-07,64.494,1903.69,-2.763e-08,73.0018,2393.4,3.9185e-07,82.6317,3008.13,1.35379e-07,93.5318,3779.25,-4.16351e-08,105.869,4745.7,2.06965e-08,119.834,5955.6,-3.18887e-07,135.641,7468.12,-1.48271e-08,153.531,9355.62,2.00739e-07,173.781,11705.8,2.28358e-07,196.701,14624.1,-1.93587e-08,222.642,18235,-2.88101e-07,252.003,22683.4,-2.24732e-07,285.234,28134,8.56806e-09,322.845,34767,2.34258e-07,365.413,42770.9,2.99668e-07,413.588,52327.9,8.28644e-08,468.111,63591.2,-3.07049e-07,529.814,76653.2,-3.1888e-07,599.642,91502.5,-6.72276e-08,678.662,107975,2.26339e-07,768.083,125705,3.69212e-07,869.267,144088,2.04077e-07,983.76,162277,-2.80509e-07,1113.3,179223,-4.22737e-07,1259.87,193777,-1.71951e-07,1425.68,204839,4.55555e-07,11.7194,11.96,12.6541,2.21263,4.16949,0.989383,2.67766,5.84076,0.311842,3.14343,7.55825,0.0972771,3.63127,9.58578,0.0303237,4.15787,12.0912,0.00945211,4.73731,15.2286,0.00294633,5.38238,19.1721,0.000918508,6.10553,24.134,0.000286163,6.91951,30.3791,8.92692e-05,7.83792,38.2397,2.78121e-05,8.87555,48.1338,8.65134e-06,10.0489,60.5876,2.7882e-06,11.3761,76.2629,8.29036e-07,12.8779,95.9927,2.4373e-07,14.5775,120.825,1e-08,16.5012,152.08,1.75749e-07,18.6784,191.415,1e-08,21.1428,240.917,1.91829e-07,23.9322,303.213,1e-08,27.0895,381.602,7.0186e-08,30.6634,480.231,1e-08,34.7087,604.316,2.40784e-07,39.2876,760.401,9.87368e-08,44.4705,956.705,1.22263e-07,50.3371,1203.54,1e-08,56.9776,1513.81,1e-08,64.494,1903.69,1e-08,73.0018,2393.4,3.9185e-07,82.6317,3008.13,1.35379e-07,93.5318,3779.25,1e-08,105.869,4745.7,2.06965e-08,119.834,5955.6,1e-08,135.641,7468.12,1e-08,153.531,9355.62,2.00739e-07,173.781,11705.8,2.28358e-07,196.701,14624.1,1e-08,222.642,18235,1e-08,252.003,22683.4,1e-08,285.234,28134,1e-08,322.845,34767,2.34258e-07,365.413,42770.9,2.99668e-07,413.588,52327.9,8.28644e-08,468.111,63591.2,1e-08,529.814,76653.2,1e-08,599.642,91502.5,1e-08,678.662,107975,2.26339e-07,768.083,125705,3.69212e-07,869.267,144088,2.04077e-07,983.76,162277,1e-08,1113.3,179223,1e-08,1259.87,193777,1e-08,1425.68,204839,4.55555e-07,6.2823,3.27286,2.43537,0.219672,6.18826,2.24117,0.56371,6.87772,2.63624,0.308279,23,4,13,4,2,1,3,9,0,3,4,1,3,7,0,5,14,0,6,56,0,11,19,0,4,38,0,7,36,0,5,30,0,5,52,0,7,60,0,11,114,0,26,94,0,11,122,0,25,161,0,15,183,0,42,161,0,36,259,0,33,565,0,22,488,0,31,367,0,13,794,0,52,269,0,67,691,0,50,1904,0,91,895,0,62,1622,0,80,3366,0,66,1378,0,75,2690,0,112,4419,0,128,12647,0,232,7021,0,129,8647,0,209,15110,0,189,6411,0,168,22377,0,230,31183,0,258,48212,0,541,40789,0,313,63972,0,310,80753,0,525,95609,0,696,60909,0,900,81413,0,578,156635,0,1502,126041,0,1297,298704,0,902,269916,0,1566,280737,0,770,151152,0
-1.05176e+08,1,8.88811e-15,10,1023,0,1.05176e+08,0.528882,1.08665,0.389689,0.145397,0.379329,3.24381,0.161596,0.446195,1.77396,0.159177,1.15e+07,4.49998e+06,6.79999e+06,1.15e+07,4.49997e+06,6.79999e+06,1.15e+07,4.49996e+06,6.79999e+06,1.15e+07,4.49995e+06,6.79999e+06,1.14999e+07,4.49993e+06,6.79999e+06,1.14999e+07,4.49991e+06,6.79999e+06,1.14999e+07,4.49989e+06,6.79999e+06,1.14999e+07,4.49986e+06,6.79999e+06,1.14999e+07,4.49982e+06,6.79999e+06,1.14999e+07,4.49977e+06,6.79999e+06,1.14999e+07,4.49971e+06,6.79999e+06,1.14999e+07,4.49963e+06,6.79999e+06,1.14998e+07,4.49953e+06,6.79999e+06,1.14998e+07,4.49941e+06,6.79999e+06,1.14998e+07,4.49926e+06,6.79999e+06,1.14998e+07,4.49906e+06,6.79999e+06,1.14997e+07,4.49882e+06,6.79999e+06,1.14997e+07,4.49851e+06,6.79999e+06,1.14997e+07,4.49812e+06,6.79999e+06,1.14996e+07,4.49764e+06,6.79999e+06,1.14996e+07,4.49702e+06,6.79999e+06,1.14995e+07,4.49625e+06,6.79999e+06,1.14995e+07,4.49528e+06,6.79999e+06,1.14994e+07,4.49406e+06,6.79999e+06,1.14993e+07,4.49253e+06,6.79999e+06,1.14992e+07,4.49059e+06,6.79999e+06,1.14991e+07,4.48817e+06,6.79999e+06,1.1499e+07,4.48511e+06,6.79999e+06,1.14988e+07,4.48128e+06,6.79999e+06,1.14987e+07,4.47646e+06,6.79999e+06,1.14985e+07,4.47041e+06,6.79999e+06,1.14983e+07,4.46281e+06,6.79999e+06,1.14981e+07,4.4533e+06,6.79999e+06,1.14979e+07,4.44138e+06,6.79999e+06,1.14976e+07,4.42649e+06,6.79999e+06,1.14972e+07,4.40789e+06,6.79999e+06,1.14969e+07,4.38471e+06,6.79999e+06,1.14965e+07,4.35592e+06,6.79999e+06,1.1496e+07,4.32027e+06,6.79999e+06,1.14955e+07,4.27629e+06,6.79999e+06,1.14949e+07,4.22231e+06,6.79999e+06,1.14942e+07,4.15647e+06,6.79999e+06,1.14934e+07,4.07676e+06,6.79999e+06,1.14926e+07,3.98112e+06,6.79999e+06,1.14916e+07,3.86765e+06,6.79999e+06,1.14905e+07,3.73474e+06,6.79999e+06,1.14892e+07,3.58148e+06,6.79999e+06,1.14878e+07,3.40785e+06,6.79999e+06,1.14862e+07,3.21513e+06,6.79999e+06,1.14844e+07,3.00605e+06,6.79999e+06,1.14823e+07,2.7848e+06,6.79999e+06,1.148e+07,2.5568e+06,6.79999e+06,1.14773e+07,2.32825e+06,6.79999e+06,13.5742,8.52444,0.508366,16.8306,13.2585,0.162638,20.0035,17.569,0.0507846,23.2616,22.4214,0.0158319,26.7328,28.3297,0.00493498,30.5212,35.6974,0.00153831,34.7178,44.9473,0.000479527,39.4086,56.5822,0.000149456,44.6796,71.2245,4.66214e-05,50.6209,89.6543,1.45419e-05,57.3297,112.852,4.54748e-06,64.9129,142.051,1.43857e-06,73.4897,178.803,4.36618e-07,83.1934,225.062,1.40153e-07,94.1745,283.286,4.96378e-08,106.602,356.568,1.05434e-07,120.669,448.799,-6.49244e-08,136.59,564.873,1.70148e-07,154.611,710.948,-5.34594e-08,175.008,894.767,1.63407e-07,198.097,1126.06,8.04804e-08,224.231,1417.07,1.14667e-07,253.813,1783.15,-1.71227e-07,287.297,2243.62,-2.88466e-07,325.198,2822.67,-4.33651e-07,368.098,3550.67,7.9318e-08,416.657,4465.65,3.13319e-07,471.621,5615.16,3.4613e-07,533.835,7058.61,-1.19199e-07,604.255,8870.02,-2.79964e-07,683.962,11141.4,-2.30521e-07,774.182,13986.7,-2.55099e-07,876.299,17546.4,1.23585e-07,991.883,21993.1,1.41192e-07,1122.71,27536.7,-9.71886e-08,1270.78,34430.7,-3.68368e-07,1438.38,42977.7,-3.45379e-07,1628.07,53532.7,-3.25328e-09,1842.77,66504.6,2.6362e-07,2085.77,82350.2,2.53445e-07,2360.79,101560,-2.47407e-08,2672.05,124632,-3.80602e-07,3024.31,152018,-4.79005e-07,3422.98,184060,-1.14379e-07,3874.15,220884,2.64297e-07,4384.72,262283,3.44131e-07,4962.49,307576,7.5349e-08,5616.29,355497,-3.63097e-07,6356.1,404126,-6.05442e-07,7193.18,450932,-2.72333e-07,8140.28,492963,2.29675e-07,9211.79,527178,4.3387e-07,10424,550893,-1.0711e-07,10.102,8.06553,2.81012,10.6436,8.57909,0.869423,11.5336,10.2515,0.270869,12.7211,12.7138,0.0844293,14.1823,15.9373,0.0263173,15.9122,20.0383,0.0082035,17.9198,25.2154,0.00255722,20.2244,31.7373,0.000797017,22.8539,39.9486,0.000248622,25.8438,50.2851,7.75492e-05,29.237,63.2963,2.42508e-05,33.0837,79.6738,7.67162e-06,37.4415,100.288,2.32837e-06,42.3767,126.236,7.33e-07,47.9646,158.896,2.79256e-07,54.2906,200.003,9.87351e-09,61.452,251.741,1.61085e-07,69.5585,316.859,-2.47141e-07,78.7347,398.812,8.93552e-08,89.1218,501.948,-2.53231e-07,100.879,631.736,-1.25047e-07,114.188,795.049,-1.78808e-07,129.252,1000.53,2.6733e-07,146.304,1259.03,4.50292e-07,165.605,1584.19,6.76904e-07,187.452,1993.12,-1.23808e-07,212.181,2507.27,-4.89068e-07,240.173,3153.54,-5.40284e-07,271.856,3965.56,1.86061e-07,307.719,4985.38,4.37004e-07,348.313,6265.4,3.59828e-07,394.26,7870.83,3.98192e-07,446.268,9882.51,-1.92908e-07,505.135,12400.3,-2.20392e-07,571.766,15546.9,1.51705e-07,647.184,19472.2,5.74996e-07,732.547,24357.4,5.39112e-07,829.167,30420,5.07815e-09,938.526,37916.3,-4.11492e-07,1062.3,47143.9,-3.9561e-07,1202.4,58439.2,3.86185e-08,1360.96,72169.3,5.94093e-07,1540.42,88715.8,7.47693e-07,1743.53,108445,1.78537e-07,1973.41,131665,-4.12549e-07,2233.57,158557,-5.37164e-07,2528,189103,-1.17615e-07,2861.2,222986,5.66769e-07,3238.27,259510,9.45053e-07,3664.97,297540,4.25093e-07,4147.81,335497,-3.58506e-07,4694.17,371444,-6.7724e-07,5312.37,403256,1.67192e-07,1.61744,3.89446,9.84394,3.28846,7.5504,12.774,5.07607,11.7187,13.6844,7.03202,16.8147,13.9681,9.20215,23.1769,14.0566,11.6301,31.1672,14.0841,14.3598,41.2186,14.0927,17.4376,53.8688,14.0954,20.9137,69.7915,14.0962,24.8432,89.8341,14.0965,29.2879,115.063,14.0966,34.3168,146.819,14.0966,40.0078,186.792,14.0966,46.4487,237.107,14.0966,53.7388,300.44,14.0966,61.9903,380.158,14.0966,71.3301,480.499,14.0966,81.902,606.796,14.0966,93.8685,765.761,14.0966,107.414,965.837,14.0966,122.746,1217.65,14.0966,140.101,1534.57,14.0966,159.745,1933.41,14.0966,181.981,2435.3,14.0966,207.15,3066.85,14.0966,235.64,3861.46,14.0966,267.889,4861.11,14.0966,304.391,6118.54,14.0966,345.709,7699.91,14.0966,392.478,9688.22,14.0966,445.417,12187.5,14.0966,505.339,15327.7,14.0966,573.165,19271.6,14.0966,649.938,24222,14.0966,736.839,30430.9,14.0966,835.202,38211.5,14.0966,946.539,47950.3,14.0966,1072.56,60122.8,14.0966,1215.21,75309.9,14.0966,1376.66,94216.2,14.0966,1559.41,117688,14.0966,1766.26,146729,14.0966,2000.39,182510,14.0966,2265.39,226372,14.0966,2565.33,279806,14.0966,2904.81,344416,14.0966,3289.05,421845,14.0966,3723.93,513667,14.0966,4216.13,621231,14.0966,4773.18,745478,14.0966,5403.64,886744,14.0966,6117.15,1.04457e+06,14.0966,6924.63,1.2176e+06,14.0966,11.7194,11.96,12.6541,13.9321,16.1295,13.6434,16.6097,21.9702,13.9553,19.7532,29.5285,14.0526,23.3844,39.1143,14.0829,27.5423,51.2054,14.0923,32.2796,66.434,14.0953,37.662,85.6061,14.0962,43.7675,109.74,14.0965,50.687,140.119,14.0966,58.5249,178.359,14.0966,67.4005,226.493,14.0966,77.4493,287.08,14.0966,88.8254,363.343,14.0966,101.703,459.336,14.0966,116.281,580.161,14.0966,132.782,732.241,14.0966,151.46,923.655,14.0966,172.603,1164.57,14.0966,196.535,1467.79,14.0966,223.625,1849.39,14.0966,254.288,2329.62,14.0966,288.997,2933.93,14.0966,328.285,3694.33,14.0966,372.755,4651.04,14.0966,423.092,5854.57,14.0966,480.07,7368.38,14.0966,544.564,9272.08,14.0966,617.566,11665.5,14.0966,700.197,14673.6,14.0966,793.729,18452.9,14.0966,899.599,23198.6,14.0966,1019.43,29154.1,14.0966,1155.07,36622.3,14.0966,1308.6,45977.9,14.0966,1482.39,57683.7,14.0966,1679.09,72307.8,14.0966,1901.73,90542.8,14.0966,2153.73,113226,14.0966,2438.97,141360,14.0966,2761.81,176127,14.0966,3127.22,218898,14.0966,3540.81,271226,14.0966,4008.92,334817,14.0966,4538.74,411470,14.0966,5138.38,502973,14.0966,5817.04,610948,14.0966,6585.12,736653,14.0966,7454.39,880741,14.0966,8438.15,1.04302e+06,14.0966,9551.45,1.22224e+06,14.0966,10811.3,1.41602e+06,14.0966,12237,1.62086e+06,14.0966,11.7194,11.96,12.6541,2.21263,4.16949,0.989383,2.67766,5.84076,0.311842,3.14343,7.55825,0.0972771,3.63127,9.58578,0.0303237,4.15787,12.0912,0.00945211,4.73731,15.2286,0.00294633,5.38238,19.1721,0.000918508,6.10553,24.134,0.000286163,6.91951,30.3791,8.92692e-05,7.83792,38.2397,2.78121e-05,8.87555,48.1338,8.65134e-06,10.0489,60.5876,2.7882e-06,11.3761,76.2629,8.29036e-07,12.8779,95.9927,2.4373e-07,14.5775,120.825,4.33068e-09,16.5012,152.08,1.75749e-07,18.6784,191.415,-1.86328e-07,21.1428,240.917,1.91829e-07,23.9322,303.213,-1.81475e-07,27.0895,381.602,7.0186e-08,30.6634,480.231,-2.86769e-08,34.7087,604.316,2.40784e-07,39.2876,760.401,9.87368e-08,44.4705,956.705,1.22263e-07,50.3371,1203.54,-4.31966e-07,56.9776,1513.81,-1.9705e-07,64.494,1903.69,-2.763e-08,73.0018,2393.4,3.9185e-07,82.6317,3008.13,1.35379e-07,93.5318,3779.25,-4.16351e-08,105.869,4745.7,2.06965e-08,119.834,5955.6,-3.18887e-07,135.641,7468.12,-1.48271e-08,153.531,9355.62,2.00739e-07,173.781,11705.8,2.28358e-07,196.701,14624.1,-1.93587e-08,222.642,18235,-2.88101e-07,252.003,22683.4,-2.24732e-07,285.234,28134,8.56806e-09,322.845,34767,2.34258e-07,365.413,42770.9,2.99668e-07,413.588,52327.9,8.28644e-08,468.111,63591.2,-3.07049e-07,529.814,76653.2,-3.1888e-07,599.642,91502.5,-6.72276e-08,678.662,107975,2.26339e-07,768.083,125705,3.69212e-07,869.267,144088,2.04077e-07,983.76,162277,-2.80509e-07,1113.3,179223,-4.22737e-07,1259.87,193777,-1.71951e-07,1425.68,204839,4.55555e-07,11.7194,11.96,12.6541,2.21263,4.16949,0.989383,2.67766,5.84076,0.311842,3.14343,7.55825,0.0972771,3.63127,9.58578,0.0303237,4.15787,12.0912,0.00945211,4.73731,15.2286,0.00294633,5.38238,19.1721,0.000918508,6.10553,24.134,0.000286163,6.91951,30.3791,8.92692e-05,7.83792,38.2397,2.78121e-05,8.87555,48.1338,8.65134e-06,10.0489,60.5876,2.7882e-06,11.3761,76.2629,8.29036e-07,12.8779,95.9927,2.4373e-07,14.5775,120.825,1e-08,16.5012,152.08,1.75749e-07,18.6784,191.415,1e-08,21.1428,240.917,1.91829e-07,23.9322,303.213,1e-08,27.0895,381.602,7.0186e-08,30.6634,480.231,1e-08,34.7087,604.316,2.40784e-07,39.2876,760.401,9.87368e-08,44.4705,956.705,1.22263e-07,50.3371,1203.54,1e-08,56.9776,1513.81,1e-08,64.494,1903.69,1e-08,73.0018,2393.4,3.9185e-07,82.6317,3008.13,1.35379e-07,93.5318,3779.25,1e-08,105.869,4745.7,2.06965e-08,119.834,5955.6,1e-08,135.641,7468.12,1e-08,153.531,9355.62,2.00739e-07,173.781,11705.8,2.28358e-07,196.701,14624.1,1e-08,222.642,18235,1e-08,252.003,22683.4,1e-08,285.234,28134,1e-08,322.845,34767,2.34258e-07,365.413,42770.9,2.99668e-07,413.588,52327.9,8.28644e-08,468.111,63591.2,1e-08,529.814,76653.2,1e-08,599.642,91502.5,1e-08,678.662,107975,2.26339e-07,768.083,125705,3.69212e-07,869.267,144088,2.04077e-07,983.76,162277,1e-08,1113.3,179223,1e-08,1259.87,193777,1e-08,1425.68,204839,4.55555e-07,6.2823,3.27286,2.43537,0.219672,6.18826,2.24117,0.56371,6.87772,2.63624,0.308279,4,14,7,1,5,2,4,4,0,2,3,0,7,12,0,5,12,0,12,18,0,10,15,0,7,24,0,6,31,0,2,46,0,8,40,0,13,59,0,19,133,0,9,18,0,19,43,0,23,214,0,26,311,0,16,153,0,18,172,0,39,989,0,66,547,0,24,492,0,20,451,0,33,1091,0,31,775,0,75,3235,0,52,814,0,48,2752,0,77,3310,0,75,2651,0,81,2024,0,92,7013,0,159,8197,0,162,16940,0,163,13788,0,109,21209,0,193,24762,0,329,19026,0,159,20559,0,394,45835,0,244,55486,0,236,59899,0,299,45200,0,452,123168,0,587,52343,0,609,95529,0,740,42197,0,991,197692,0,627,155602,0,1076,267932,0,1239,288278,0,1382,195906,0
-1.05176e+08,1,8.88811e-15,10,1023,0,1.05176e+08,0.528882,1.08665,0.389689,0.145397,0.379329,3.24381,0.161596,0.446195,1.77396,0.159177,1.15e+07,4.49998e+06,6.79999e+06,1.15e+07,4.49997e+06,6.79999e+06,1.15e+07,4.49996e+06,6.79999e+06,1.15e+07,4.49995e+06,6.79999e+06,1.14999e+07,4.49993e+06,6.79999e+06,1.14999e+07,4.49991e+06,6.79999e+06,1.14999e+07,4.49989e+06,6.79999e+06,1.14999e+07,4.49986e+06,6.79999e+06,1.14999e+07,4.49982e+06,6.79999e+06,1.14999e+07,4.49977e+06,6.79999e+06,1.14999e+07,4.49971e+06,6.79999e+06,1.14999e+07,4.49963e+06,6.79999e+06,1.14998e+07,4.49953e+06,6.79999e+06,1.14998e+07,4.49941e+06,6.79999e+06,1.14998e+07,4.49926e+06,6.79999e+06,1.14998e+07,4.49906e+06,6.79999e+06,1.14997e+07,4.49882e+06,6.79999e+06,1.14997e+07,4.49851e+06,6.79999e+06,1.14997e+07,4.49812e+06,6.79999e+06,1.14996e+07,4.49764e+06,6.79999e+06,1.14996e+07,4.49702e+06,6.79999e+06,1.14995e+07,4.49625e+06,6.79999e+06,1.14995e+07,4.49528e+06,6.79999e+06,1.14994e+07,4.49406e+06,6.79999e+06,1.14993e+07,4.49253e+06,6.79999e+06,1.14992e+07,4.49059e+06,6.79999e+06,1.14991e+07,4.48817e+06,6.79999e+06,1.1499e+07,4.48511e+06,6.79999e+06,1.14988e+07,4.48128e+06,6.79999e+06,1.14987e+07,4.47646e+06,6.79999e+06,1.14985e+07,4.47041e+06,6.79999e+06,1.14983e+07,4.46281e+06,6.79999e+06,1.14981e+07,4.4533e+06,6.79999e+06,1.14979e+07,4.44138e+06,6.79999e+06,1.14976e+07,4.42649e+06,6.79999e+06,1.14972e+07,4.40789e+06,6.79999e+06,1.14969e+07,4.38471e+06,6.79999e+06,1.14965e+07,4.35592e+06,6.79999e+06,1.1496e+07,4.32027e+06,6.79999e+06,1.14955e+07,4.27629e+06,6.79999e+06,1.14949e+07,4.22231e+06,6.79999e+06,1.14942e+07,4.15647e+06,6.79999e+06,1.14934e+07,4.07676e+06,6.79999e+06,1.14926e+07,3.98112e+06,6.79999e+06,1.14916e+07,3.86765e+06,6.79999e+06,1.14905e+07,3.73474e+06,6.79999e+06,1.14892e+07,3.58148e+06,6.79999e+06,1.14878e+07,3.40785e+06,6.79999e+06,1.14862e+07,3.21513e+06,6.79999e+06,1.14844e+07,3.00605e+06,6.79999e+06,1.14823e+07,2.7848e+06,6.79999e+06,1.148e+07,2.5568e+06,6.79999e+06,1.14773e+07,2.32825e+06,6.79999e+06,13.5742,8.52444,0.508366,16.8306,13.2585,0.162638,20.0035,17.569,0.0507846,23.2616,22.4214,0.0158319,26.7328,28.3297,0.00493498,30.5212,35.6974,0.00153831,34.7178,44.9473,0.000479527,39.4086,56.5822,0.000149456,44.6796,71.2245,4.66214e-05,50.6209,89.6543,1.45419e-05,57.3297,112.852,4.54748e-06,64.9129,142.051,1.43857e-06,73.4897,178.803,4.36618e-07,83.1934,225.062,1.40153e-07,94.1745,283.286,4.96378e-08,106.602,356.568,1.05434e-07,120.669,448.799,-6.49244e-08,136.59,564.873,1.70148e-07,154.611,710.948,-5.34594e-08,175.008,894.767,1.63407e-07,198.097,1126.06,8.04804e-08,224.231,1417.07,1.14667e-07,253.813,1783.15,-1.71227e-07,287.297,2243.62,-2.88466e-07,325.198,2822.67,-4.33651e-07,368.098,3550.67,7.9318e-08,416.657,4465.65,3.13319e-07,471.621,5615.16,3.4613e-07,533.835,7058.61,-1.19199e-07,604.255,8870.02,-2.79964e-07,683.962,11141.4,-2.30521e-07,774.182,13986.7,-2.55099e-07,876.299,17546.4,1.23585e-07,991.883,21993.1,1.41192e-07,1122.71,27536.7,-9.71886e-08,1270.78,34430.7,-3.68368e-07,1438.38,42977.7,-3.45379e-07,1628.07,53532.7,-3.25328e-09,1842.77,66504.6,2.6362e-07,2085.77,82350.2,2.53445e-07,2360.79,101560,-2.47407e-08,2672.05,124632,-3.80602e-07,3024.31,152018,-4.79005e-07,3422.98,184060,-1.14379e-07,3874.15,220884,2.64297e-07,4384.72,262283,3.44131e-07,4962.49,307576,7.5349e-08,5616.29,355497,-3.63097e-07,6356.1,404126,-6.05442e-07,7193.18,450932,-2.72333e-07,8140.28,492963,2.29675e-07,9211.79,527178,4.3387e-07,10424,550893,-1.0711e-07,10.102,8.06553,2.81012,10.6436,8.57909,0.869423,11.5336,10.2515,0.270869,12.7211,12.7138,0.0844293,14.1823,15.9373,0.0263173,15.9122,20.0383,0.0082035,17.9198,25.2154,0.00255722,20.2244,31.7373,0.000797017,22.8539,39.9486,0.000248622,25.8438,50.2851,7.75492e-05,29.237,63.2963,2.42508e-05,33.0837,79.6738,7.67162e-06,37.4415,100.288,2.32837e-06,42.3767,126.236,7.33e-07,47.9646,158.896,2.79256e-07,54.2906,200.003,9.87351e-09,61.452,251.741,1.61085e-07,69.5585,316.859,-2.47141e-07,78.7347,398.812,8.93552e-08,89.1218,501.948,-2.53231e-07,100.879,631.736,-1.25047e-07,114.188,795.049,-1.78808e-07,129.252,1000.53,2.6733e-07,146.304,1259.03,4.50292e-07,165.605,1584.19,6.76904e-07,187.452,1993.12,-1.23808e-07,212.181,2507.27,-4.89068e-07,240.173,3153.54,-5.40284e-07,271.856,3965.56,1.86061e-07,307.719,4985.38,4.37004e-07,348.313,6265.4,3.59828e-07,394.26,7870.83,3.98192e-07,446.268,9882.51,-1.92908e-07,505.135,12400.3,-2.20392e-07,571.766,15546.9,1.51705e-07,647.184,19472.2,5.74996e-07,732.547,24357.4,5.39112e-07,829.167,30420,5.07815e-09,938.526,37916.3,-4.11492e-07,1062.3,47143.9,-3.9561e-07,1202.4,58439.2,3.86185e-08,1360.96,72169.3,5.94093e-07,1540.42,88715.8,7.47693e-07,1743.53,108445,1.78537e-07,1973.41,131665,-4.12549e-07,2233.57,158557,-5.37164e-07,2528,189103,-1.17615e-07,2861.2,222986,5.66769e-07,3238.27,259510,9.45053e-07,3664.97,297540,4.25093e-07,4147.81,335497,-3.58506e-07,4694.17,371444,-6.7724e-07,5312.37,403256,1.67192e-07,1.61744,3.89446,9.84394,3.28846,7.5504,12.774,5.07607,11.7187,13.6844,7.03202,16.8147,13.9681,9.20215,23.1769,14.0566,11.6301,31.1672,14.0841,14.3598,41.2186,14.0927,17.4376,53.8688,14.0954,20.9137,69.7915,14.0962,24.8432,89.8341,14.0965,29.2879,115.063,14.0966,34.3168,146.819,14.0966,40.0078,186.792,14.0966,46.4487,237.107,14.0966,53.7388,300.44,14.0966,61.9903,380.158,14.0966,71.3301,480.499,14.0966,81.902,606.796,14.0966,93.8685,765.761,14.0966,107.414,965.837,14.0966,122.746,1217.65,14.0966,140.101,1534.57,14.0966,159.745,1933.41,14.0966,181.981,2435.3,14.0966,207.15,3066.85,14.0966,235.64,3861.46,14.0966,267.889,4861.11,14.0966,304.391,6118.54,14.0966,345.709,7699.91,14.0966,392.478,9688.22,14.0966,445.417,12187.5,14.0966,505.339,15327.7,14.0966,573.165,19271.6,14.0966,649.938,24222,14.0966,736.839,30430.9,14.0966,835.202,38211.5,14.0966,946.539,47950.3,14.0966,1072.56,60122.8,14.0966,1215.21,75309.9,14.0966,1376.66,94216.2,14.0966,1559.41,117688,14.0966,1766.26,146729,14.0966,2000.39,182510,14.0966,2265.39,226372,14.0966,2565.33,279806,14.0966,2904.81,344416,14.0966,3289.05,421845,14.0966,3723.93,513667,14.0966,4216.13,621231,14.0966,4773.18,745478,14.0966,5403.64,886744,14.0966,6117.15,1.04457e+06,14.0966,6924.63,1.2176e+06,14.0966,11.7194,11.96,12.6541,13.9321,16.1295,13.6434,16.6097,21.9702,13.9553,19.7532,29.5285,14.0526,23.3844,39.1143,14.0829,27.5423,51.2054,14.0923,32.2796,66.434,14.0953,37.662,85.6061,14.0962,43.7675,109.74,14.0965,50.687,140.119,14.0966,58.5249,178.359,14.0966,67.4005,226.493,14.0966,77.4493,287.08,14.0966,88.8254,363.343,14.0966,101.703,459.336,14.0966,116.281,580.161,14.0966,132.782,732.241,14.0966,151.46,923.655,14.0966,172.603,1164.57,14.0966,196.535,1467.79,14.0966,223.625,1849.39,14.0966,254.288,2329.62,14.0966,288.997,2933.93,14.0966,328.285,3694.33,14.0966,372.755,4651.04,14.0966,423.092,5854.57,14.0966,480.07,7368.38,14.0966,544.564,9272.08,14.0966,617.566,11665.5,14.0966,700.197,14673.6,14.0966,793.729,18452.9,14.0966,899.599,23198.6,14.0966,1019.43,29154.1,14.0966,1155.07,36622.3,14.0966,1308.6,45977.9,14.0966,1482.39,57683.7,14.0966,1679.09,72307.8,14.0966,1901.73,90542.8,14.0966,2153.73,113226,14.0966,2438.97,141360,14.0966,2761.81,176127,14.0966,3127.22,218898,14.0966,3540.81,271226,14.0966,4008.92,334817,14.0966,4538.74,411470,14.0966,5138.38,502973,14.0966,5817.04,610948,14.0966,6585.12,736653,14.0966,7454.39,880741,14.0966,8438.15,1.04302e+06,14.0966,9551.45,1.22224e+06,14.0966,10811.3,1.41602e+06,14.0966,12237,1.62086e+06,14.0966,11.7194,11.96,12.6541,2.21263,4.16949,0.989383,2.67766,5.84076,0.311842,3.14343,7.55825,0.0972771,3.63127,9.58578,0.0303237,4.15787,12.0912,0.00945211,4.73731,15.2286,0.00294633,5.38238,19.1721,0.000918508,6.10553,24.134,0.000286163,6.91951,30.3791,8.92692e-05,7.83792,38.2397,2.78121e-05,8.87555,48.1338,8.65134e-06,10.0489,60.5876,2.7882e-06,11.3761,76.2629,8.29036e-07,12.8779,95.9927,2.4373e-07,14.5775,120.825,4.33068e-09,16.5012,152.08,1.75749e-07,18.6784,191.415,-1.86328e-07,21.1428,240.917,1.91829e-07,23.9322,303.213,-1.81475e-07,27.0895,381.602,7.0186e-08,30.6634,480.231,-2.86769e-08,34.7087,604.316,2.40784e-07,39.2876,760.401,9.87368e-08,44.4705,956.705,1.22263e-07,50.3371,1203.54,-4.31966e-07,56.9776,1513.81,-1.9705e-07,64.494,1903.69,-2.763e-08,73.0018,2393.4,3.9185e-07,82.6317,3008.13,1.35379e-07,93.5318,3779.25,-4.16351e-08,105.869,4745.7,2.06965e-08,119.834,5955.6,-3.18887e-07,135.641,7468.12,-1.48271e-08,153.531,9355.62,2.00739e-07,173.781,11705.8,2.28358e-07,196.701,14624.1,-1.93587e-08,222.642,18235,-2.88101e-07,252.003,22683.4,-2.24732e-07,285.234,28134,8.56806e-09,322.845,34767,2.34258e-07,365.413,42770.9,2.99668e-07,413.588,52327.9,8.28644e-08,468.111,63591.2,-3.07049e-07,529.814,76653.2,-3.1888e-07,599.642,91502.5,-6.72276e-08,678.662,107975,2.26339e-07,768.083,125705,3.69212e-07,869.267,144088,2.04077e-07,983.76,162277,-2.80509e-07,1113.3,179223,-4.22737e-07,1259.87,193777,-1.71951e-07,1425.68,204839,4.55555e-07,11.7194,11.96,12.6541,2.21263,4.16949,0.989383,2.67766,5.84076,0.311842,3.14343,7.55825,0.0972771,3.63127,9.58578,0.0303237,4.15787,12.0912,0.00945211,4.73731,15.2286,0.00294633,5.38238,19.1721,0.000918508,6.10553,24.134,0.000286163,6.91951,30.3791,8.92692e-05,7.83792,38.2397,2.78121e-05,8.87555,48.1338,8.65134e-06,10.0489,60.5876,2.7882e-06,11.3761,76.2629,8.29036e-07,12.8779,95.9927,2.4373e-07,14.5775,120.825,1e-08,16.5012,152.08,1.75749e-07,18.6784,191.415,1e-08,21.1428,240.917,1.91829e-07,23.9322,303.213,1e-08,27.0895,381.602,7.0186e-08,30.6634,480.231,1e-08,34.7087,604.316,2.40784e-07,39.2876,760.401,9.87368e-08,44.4705,956.705,1.22263e-07,50.3371,1203.54,1e-08,56.9776,1513.81,1e-08,64.494,1903.69,1e-08,73.0018,2393.4,3.9185e-07,82.6317,3008.13,1.35379e-07,93.5318,3779.25,1e-08,105.869,4745.7,2.06965e-08,119.834,5955.6,1e-08,135.641,7468.12,1e-08,153.531,9355.62,2.00739e-07,173.781,11705.8,2.28358e-07,196.701,14624.1,1e-08,222.642,18235,1e-08,252.003,22683.4,1e-08,285.234,28134,1e-08,322.845,34767,2.34258e-07,365.413,42770.9,2.99668e-07,413.588,52327.9,8.28644e-08,468.111,63591.2,1e-08,529.814,76653.2,1e-08,599.642,91502.5,1e-08,678.662,107975,2.26339e-07,768.083,125705,3.69212e-07,869.267,144088,2.04077e-07,983.76,162277,1e-08,1113.3,179223,1e-08,1259.87,193777,1e-08,1425.68,204839,4.55555e-07,6.2823,3.27286,2.43537,0.219672,6.18826,2.24117,0.56371,6.87772,2.63624,0.308279,7,17,8,2,4,3,4,10,0,4,4,0,0,7,0,2,21,0,4,11,0,6,29,0,5,12,0,7,37,0,2,27,0,8,41,0,8,43,0,15,100,0,13,136,0,24,48,0,18,178,0,32,71,0,19,89,0,26,163,0,37,485,0,44,467,0,36,607,0,16,1060,0,17,1811,0,67,627,0,90,1523,0,105,2142,0,61,2690,0,154,4930,0,104,5728,0,132,5591,0,80,3523,0,180,7598,0,127,9266,0,241,10448,0,159,20454,0,270,14552,0,157,27179,0,169,22670,0,368,42193,0,586,34469,0,376,36635,0,437,48102,0,548,114601,0,393,91500,0,478,152254,0,395,61300,0,872,217839,0,808,205271,0,1508,112686,0,1174,242632,0,2371,345001,0
-1.05176e+08,1,8.88811e-15,10,1023,0,1.05176e+08,0.528882,1.08665,0.389689,0.145397,0.379329,3.24381,0.161596,0.446195,1.77396,0.159177,1.15e+07,4.49998e+06,6.79999e+06,1.15e+07,4.49997e+06,6.79999e+06,1.15e+07,4.49996e+06,6.79999e+06,1.15e+07,4.49995e+06,6.79999e+06,1.14999e+07,4.49993e+06,6.79999e+06,1.14999e+07,4.49991e+06,6.79999e+06,1.14999e+07,4.49989e+06,6.79999e+06,1.14999e+07,4.49986e+06,6.79999e+06,1.14999e+07,4.49982e+06,6.79999e+06,1.14999e+07,4.49977e+06,6.79999e+06,1.14999e+07,4.49971e+06,6.79999e+06,1.14999e+07,4.49963e+06,6.79999e+06,1.14998e+07,4.49953e+06,6.79999e+06,1.14998e+07,4.49941e+06,6.79999e+06,1.14998e+07,4.49926e+06,6.79999e+06,1.14998e+07,4.49906e+06,6.79999e+06,1.14997e+07,4.49882e+06,6.79999e+06,1.14997e+07,4.49851e+06,6.79999e+06,1.14997e+07,4.49812e+06,6.79999e+06,1.14996e+07,4.49764e+06,6.79999e+06,1.14996e+07,4.49702e+06,6.79999e+06,1.14995e+07,4.49625e+06,6.79999e+06,1.14995e+07,4.49528e+06,6.79999e+06,1.14994e+07,4.49406e+06,6.79999e+06,1.14993e+07,4.49253e+06,6.79999e+06,1.14992e+07,4.49059e+06,6.79999e+06,1.14991e+07,4.48817e+06,6.79999e+06,1.1499e+07,4.48511e+06,6.79999e+06,1.14988e+07,4.48128e+06,6.79999e+06,1.14987e+07,4.47646e+06,6.79999e+06,1.14985e+07,4.47041e+06,6.79999e+06,1.14983e+07,4.46281e+06,6.79999e+06,1.14981e+07,4.4533e+06,6.79999e+06,1.14979e+07,4.44138e+06,6.79999e+06,1.14976e+07,4.42649e+06,6.79999e+06,1.14972e+07,4.40789e+06,6.79999e+06,1.14969e+07,4.38471e+06,6.79999e+06,1.14965e+07,4.35592e+06,6.79999e+06,1.1496e+07,4.32027e+06,6.79999e+06,1.14955e+07,4.27629e+06,6.79999e+06,1.14949e+07,4.22231e+06,6.79999e+06,1.14942e+07,4.15647e+06,6.79999e+06,1.14934e+07,4.07676e+06,6.79999e+06,1.14926e+07,3.98112e+06,6.79999e+06,1.14916e+07,3.86765e+06,6.79999e+06,1.14905e+07,3.73474e+06,6.79999e+06,1.14892e+07,3.58148e+06,6.79999e+06,1.14878e+07,3.40785e+06,6.79999e+06,1.14862e+07,3.21513e+06,6.79999e+06,1.14844e+07,3.00605e+06,6.79999e+06,1.14823e+07,2.7848e+06,6.79999e+06,1.148e+07,2.5568e+06,6.79999e+06,1.14773e+07,2.32825e+06,6.79999e+06,13.5742,8.52444,0.508366,16.8306,13.2585,0.162638,20.0035,17.569,0.0507846,23.2616,22.4214,0.0158319,26.7328,28.3297,0.00493498,30.5212,35.6974,0.00153831,34.7178,44.9473,0.000479527,39.4086,56.5822,0.000149456,44.6796,71.2245,4.66214e-05,50.6209,89.6543,1.45419e-05,57.3297,112.852,4.54748e-06,64.9129,142.051,1.43857e-06,73.4897,178.803,4.36618e-07,83.1934,225.062,1.40153e-07,94.1745,283.286,4.96378e-08,106.602,356.568,1.05434e-07,120.669,448.799,-6.49244e-08,136.59,564.873,1.70148e-07,154.611,710.948,-5.34594e-08,175.008,894.767,1.63407e-07,198.097,1126.06,8.04804e-08,224.231,1417.07,1.14667e-07,253.813,1783.15,-1.71227e-07,287.297,2243.62,-2.88466e-07,325.198,2822.67,-4.33651e-07,368.098,3550.67,7.9318e-08,416.657,4465.65,3.13319e-07,471.621,5615.16,3.4613e-07,533.835,7058.61,-1.19199e-07,604.255,8870.02,-2.79964e-07,683.962,11141.4,-2.30521e-07,774.182,13986.7,-2.55099e-07,876.299,17546.4,1.23585e-07,991.883,21993.1,1.41192e-07,1122.71,27536.7,-9.71886e-08,1270.78,34430.7,-3.68368e-07,1438.38,42977.7,-3.45379e-07,1628.07,53532.7,-3.25328e-09,1842.77,66504.6,2.6362e-07,2085.77,82350.2,2.53445e-07,2360.79,101560,-2.47407e-08,2672.05,124632,-3.80602e-07,3024.31,152018,-4.79005e-07,3422.98,184060,-1.14379e-07,3874.15,220884,2.64297e-07,4384.72,262283,3.44131e-07,4962.49,307576,7.5349e-08,5616.29,355497,-3.63097e-07,6356.1,404126,-6.05442e-07,7193.18,450932,-2.72333e-07,8140.28,492963,2.29675e-07,9211.79,527178,4.3387e-07,10424,550893,-1.0711e-07,10.102,8.06553,2.81012,10.6436,8.57909,0.869423,11.5336,10.2515,0.270869,12.7211,12.7138,0.0844293,14.1823,15.9373,0.0263173,15.9122,20.0383,0.0082035,17.9198,25.2154,0.00255722,20.2244,31.7373,0.000797017,22.8539,39.9486,0.000248622,25.8438,50.2851,7.75492e-05,29.237,63.2963,2.42508e-05,33.0837,79.6738,7.67162e-06,37.4415,100.288,2.32837e-06,42.3767,126.236,7.33e-07,47.9646,158.896,2.79256e-07,54.2906,200.003,9.87351e-09,61.452,251.741,1.61085e-07,69.5585,316.859,-2.47141e-07,78.7347,398.812,8.93552e-08,89.1218,501.948,-2.53231e-07,100.879,631.736,-1.25047e-07,114.188,795.049,-1.78808e-07,129.252,1000.53,2.6733e-07,146.304,1259.03,4.50292e-07,165.605,1584.19,6.76904e-07,187.452,1993.12,-1.23808e-07,212.181,2507.27,-4.89068e-07,240.173,3153.54,-5.40284e-07,271.856,3965.56,1.86061e-07,307.719,4985.38,4.37004e-07,348.313,6265.4,3.59828e-07,394.26,7870.83,3.98192e-07,446.268,9882.51,-1.92908e-07,505.135,12400.3,-2.20392e-07,571.766,15546.9,1.51705e-07,647.184,19472.2,5.74996e-07,732.547,24357.4,5.39112e-07,829.167,30420,5.07815e-09,938.526,37916.3,-4.11492e-07,1062.3,47143.9,-3.9561e-07,1202.4,58439.2,3.86185e-08,1360.96,72169.3,5.94093e-07,1540.42,88715.8,7.47693e-07,1743.53,108445,1.78537e-07,1973.41,131665,-4.12549e-07,2233.57,158557,-5.37164e-07,2528,189103,-1.17615e-07,2861.2,222986,5.66769e-07,3238.27,259510,9.45053e-07,3664.97,297540,4.25093e-07,4147.81,335497,-3.58506e-07,4694.17,371444,-6.7724e-07,5312.37,403256,1.67192e-07,1.61744,3.89446,9.84394,3.28846,7.5504,12.774,5.07607,11.7187,13.6844,7.03202,16.8147,13.9681,9.20215,23.1769,14.0566,11.6301,31.1672,14.0841,14.3598,41.2186,14.0927,17.4376,53.8688,14.0954,20.9137,69.7915,14.0962,24.8432,89.8341,14.0965,29.2879,115.063,14.0966,34.3168,146.819,14.0966,40.0078,186.792,14.0966,46.4487,237.107,14.0966,53.7388,300.44,14.0966,61.9903,380.158,14.0966,71.3301,480.499,14.0966,81.902,606.796,14.0966,93.8685,765.761,14.0966,107.414,965.837,14.0966,122.746,1217.65,14.0966,140.101,1534.57,14.0966,159.745,1933.41,14.0966,181.981,2435.3,14.0966,207.15,3066.85,14.0966,235.64,3861.46,14.0966,267.889,4861.11,14.0966,304.391,6118.54,14.0966,345.709,7699.91,14.0966,392.478,9688.22,14.0966,445.417,12187.5,14.0966,505.339,15327.7,14.0966,573.165,19271.6,14.0966,649.938,24222,14.0966,736.839,30430.9,14.0966,835.202,38211.5,14.0966,946.539,47950.3,14.0966,1072.56,60122.8,14.0966,1215.21,75309.9,14.0966,1376.66,94216.2,14.0966,1559.41,117688,14.0966,1766.26,146729,14.0966,2000.39,182510,14.0966,2265.39,226372,14.0966,2565.33,279806,14.0966,2904.81,344416,14.0966,3289.05,421845,14.0966,3723.93,513667,14.0966,4216.13,621231,14.0966,4773.18,745478,14.0966,5403.64,886744,14.0966,6117.15,1.04457e+06,14.0966,6924.63,1.2176e+06,14.0966,11.7194,11.96,12.6541,13.9321,16.1295,13.6434,16.6097,21.9702,13.9553,19.7532,29.5285,14.0526,23.3844,39.1143,14.0829,27.5423,51.2054,14.0923,32.2796,66.434,14.0953,37.662,85.6061,14.0962,43.7675,109.74,14.0965,50.687,140.119,14.0966,58.5249,178.359,14.0966,67.4005,226.493,14.0966,77.4493,287.08,14.0966,88.8254,363.343,14.0966,101.703,459.336,14.0966,116.281,580.161,14.0966,132.782,732.241,14.0966,151.46,923.655,14.0966,172.603,1164.57,14.0966,196.535,1467.79,14.0966,223.625,1849.39,14.0966,254.288,2329.62,14.0966,288.997,2933.93,14.0966,328.285,3694.33,14.0966,372.755,4651.04,14.0966,423.092,5854.57,14.0966,480.07,7368.38,14.0966,544.564,9272.08,14.0966,617.566,11665.5,14.0966,700.197,14673.6,14.0966,793.729,18452.9,14.0966,899.599,23198.6,14.0966,1019.43,29154.1,14.0966,1155.07,36622.3,14.0966,1308.6,45977.9,14.0966,1482.39,57683.7,14.0966,1679.09,72307.8,14.0966,1901.73,90542.8,14.0966,2153.73,113226,14.0966,2438.97,141360,14.0966,2761.81,176127,14.0966,3127.22,218898,14.0966,3540.81,271226,14.0966,4008.92,334817,14.0966,4538.74,411470,14.0966,5138.38,502973,14.0966,5817.04,610948,14.0966,6585.12,736653,14.0966,7454.39,880741,14.0966,8438.15,1.04302e+06,14.0966,9551.45,1.22224e+06,14.0966,10811.3,1.41602e+06,14.0966,12237,1.62086e+06,14.0966,11.7194,11.96,12.6541,2.21263,4.16949,0.989383,2.67766,5.84076,0.311842,3.14343,7.55825,0.0972771,3.63127,9.58578,0.0303237,4.15787,12.0912,0.00945211,4.73731,15.2286,0.00294633,5.38238,19.1721,0.000918508,6.10553,24.134,0.000286163,6.91951,30.3791,8.92692e-05,7.83792,38.2397,2.78121e-05,8.87555,48.1338,8.65134e-06,10.0489,60.5876,2.7882e-06,11.3761,76.2629,8.29036e-07,12.8779,95.9927,2.4373e-07,14.5775,120.825,4.33068e-09,16.5012,152.08,1.75749e-07,18.6784,191.415,-1.86328e-07,21.1428,240.917,1.91829e-07,23.9322,303.213,-1.81475e-07,27.0895,381.602,7.0186e-08,30.6634,480.231,-2.86769e-08,34.7087,604.316,2.40784e-07,39.2876,760.401,9.87368e-08,44.4705,956.705,1.22263e-07,50.3371,1203.54,-4.31966e-07,56.9776,1513.81,-1.9705e-07,64.494,1903.69,-2.763e-08,73.0018,2393.4,3.9185e-07,82.6317,3008.13,1.35379e-07,93.5318,3779.25,-4.16351e-08,105.869,4745.7,2.06965e-08,119.834,5955.6,-3.18887e-07,135.641,7468.12,-1.48271e-08,153.531,9355.62,2.00739e-07,173.781,11705.8,2.28358e-07,196.701,14624.1,-1.93587e-08,222.642,18235,-2.88101e-07,252.003,22683.4,-2.24732e-07,285.234,28134,8.56806e-09,322.845,34767,2.34258e-07,365.413,42770.9,2.99668e-07,413.588,52327.9,8.28644e-08,468.111,63591.2,-3.07049e-07,529.814,76653.2,-3.1888e-07,599.642,91502.5,-6.72276e-08,678.662,107975,2.26339e-07,768.083,125705,3.69212e-07,869.267,144088,2.04077e-07,983.76,162277,-2.80509e-07,1113.3,179223,-4.22737e-07,1259.87,193777,-1.71951e-07,1425.68,204839,4.55555e-07,11.7194,11.96,12.6541,2.21263,4.16949,0.989383,2.67766,5.84076,0.311842,3.14343,7.55825,0.0972771,3.63127,9.58578,0.0303237,4.15787,12.0912,0.00945211,4.73731,15.2286,0.00294633,5.38238,19.1721,0.000918508,6.10553,24.134,0.000286163,6.91951,30.3791,8.92692e-05,7.83792,38.2397,2.78121e-05,8.87555,48.1338,8.65134e-06,10.0489,60.5876,2.7882e-06,11.3761,76.2629,8.29036e-07,12.8779,95.9927,2.4373e-07,14.5775,120.825,1e-08,16.5012,152.08,1.75749e-07,18.6784,191.415,1e-08,21.1428,240.917,1.91829e-07,23.9322,303.213,1e-08,27.0895,381.602,7.0186e-08,30.6634,480.231,1e-08,34.7087,604.316,2.40784e-07,39.2876,760.401,9.87368e-08,44.4705,956.705,1.22263e-07,50.3371,1203.54,1e-08,56.9776,1513.81,1e-08,64.494,1903.69,1e-08,73.0018,2393.4,3.9185e-07,82.6317,3008.13,1.35379e-07,93.5318,3779.25,1e-08,105.869,4745.7,2.06965e-08,119.834,5955.6,1e-08,135.641,7468.12,1e-08,153.531,9355.62,2.00739e-07,173.781,11705.8,2.28358e-07,196.701,14624.1,1e-08,222.642,18235,1e-08,252.003,22683.4,1e-08,285.234,28134,1e-08,322.845,34767,2.34258e-07,365.413,42770.9,2.99668e-07,413.588,52327.9,8.28644e-08,468.111,63591.2,1e-08,529.814,76653.2,1e-08,599.642,91502.5,1e-08,678.662,107975,2.26339e-07,768.083,125705,3.69212e-07,869.267,144088,2.04077e-07,983.76,162277,1e-08,1113.3,179223,1e-08,1259.87,193777,1e-08,1425.68,204839,4.55555e-07,6.2823,3.27286,2.43537,0.219672,6.18826,2.24117,0.56371,6.87772,2.63624,0.308279,16,14,8,0,3,2,2,8,0,2,8,0,7,1,0,5,21,0,10,18,0,6,19,0,3,15,0,4,13,0,3,43,0,8,36,0,10,31,0,14,96,0,10,67,0,37,163,0,12,116,0,30,180,0,5,262,0,9,234,0,38,483,0,57,588,0,40,776,0,54,780,0,67,1247,0,46,856,0,47,2131,0,37,901,0,50,1436,0,75,1748,0,79,2911,0,45,3035,0,132,3227,0,139,6885,0,148,3038,0,144,12586,0,125,35221,0,279,21113,0,284,29093,0,243,36560,0,321,33139,0,472,38667,0,753,27892,0,376,56804,0,608,50483,0,800,81967,0,840,119344,0,323,95184,0,1719,97630,0,948,216305,0,1207,185534,0,2712,161142,0,1658,225810,0
-1.05176e+08,1,8.88811e-15,10,1023,0,1.05176e+08,0.528882,1.08665,0.389689,0.145397,0.379329,3.24381,0.161596,0.446195,1.77396,0.159177,1.15e+07,4.49998e+06,6.79999e+06,1.15e+07,4.49997e+06,6.79999e+06,1.15e+07,4.49996e+06,6.79999e+06,1.15e+07,4.49995e+06,6.79999e+06,1.14999e+07,4.49993e+06,6.79999e+06,1.14999e+07,4.49991e+06,6.79999e+06,1.14999e+07,4.49989e+06,6.79999e+06,1.14999e+07,4.49986e+06,6.79999e+06,1.14999e+07,4.49982e+06,6.79999e+06,1.14999e+07,4.49977e+06,6.79999e+06,1.14999e+07,4.49971e+06,6.79999e+06,1.14999e+07,4.49963e+06,6.79999e+06,1.14998e+07,4.49953e+06,6.79999e+06,1.14998e+07,4.49941e+06,6.79999e+06,1.14998e+07,4.49926e+06,6.79999e+06,1.14998e+07,4.49906e+06,6.79999e+06,1.14997e+07,4.49882e+06,6.79999e+06,1.14997e+07,4.49851e+06,6.79999e+06,1.14997e+07,4.49812e+06,6.79999e+06,1.14996e+07,4.49764e+06,6.79999e+06,1.14996e+07,4.49702e+06,6.79999e+06,1.14995e+07,4.49625e+06,6.79999e+06,1.14995e+07,4.49528e+06,6.79999e+06,1.14994e+07,4.49406e+06,6.79999e+06,1.14993e+07,4.49253e+06,6.79999e+06,1.14992e+07,4.49059e+06,6.79999e+06,1.14991e+07,4.48817e+06,6.79999e+06,1.1499e+07,4.48511e+06,6.79999e+06,1.14988e+07,4.48128e+06,6.79999e+06,1.14987e+07,4.47646e+06,6.79999e+06,1.14985e+07,4.47041e+06,6.79999e+06,1.14983e+07,4.46281e+06,6.79999e+06,1.14981e+07,4.4533e+06,6.79999e+06,1.14979e+07,4.44138e+06,6.79999e+06,1.14976e+07,4.42649e+06,6.79999e+06,1.14972e+07,4.40789e+06,6.79999e+06,1.14969e+07,4.38471e+06,6.79999e+06,1.14965e+07,4.35592e+06,6.79999e+06,1.1496e+07,4.32027e+06,6.79999e+06,1.14955e+07,4.27629e+06,6.79999e+06,1.14949e+07,4.22231e+06,6.79999e+06,1.14942e+07,4.15647e+06,6.79999e+06,1.14934e+07,4.07676e+06,6.79999e+06,1.14926e+07,3.98112e+06,6.79999e+06,1.14916e+07,3.86765e+06,6.79999e+06,1.14905e+07,3.73474e+06,6.79999e+06,1.14892e+07,3.58148e+06,6.79999e+06,1.14878e+07,3.40785e+06,6.79999e+06,1.14862e+07,3.21513e+06,6.79999e+06,1.14844e+07,3.00605e+06,6.79999e+06,1.14823e+07,2.7848e+06,6.79999e+06,1.148e+07,2.5568e+06,6.79999e+06,1.14773e+07,2.32825e+06,6.79999e+06,13.5742,8.52444,0.508366,16.8306,13.2585,0.162638,20.0035,17.569,0.0507846,23.2616,22.4214,0.0158319,26.7328,28.3297,0.00493498,30.5212,35.6974,0.00153831,34.7178,44.9473,0.000479527,39.4086,56.5822,0.000149456,44.6796,71.2245,4.66214e-05,50.6209,89.6543,1.45419e-05,57.3297,112.852,4.54748e-06,64.9129,142.051,1.43857e-06,73.4897,178.803,4.36618e-07,83.1934,225.062,1.40153e-07,94.1745,283.286,4.96378e-08,106.602,356.568,1.05434e-07,120.669,448.799,-6.49244e-08,136.59,564.873,1.70148e-07,154.611,710.948,-5.34594e-08,175.008,894.767,1.63407e-07,198.097,1126.06,8.04804e-08,224.231,1417.07,1.14667e-07,253.813,1783.15,-1.71227e-07,287.297,2243.62,-2.88466e-07,325.198,2822.67,-4.33651e-07,368.098,3550.67,7.9318e-08,416.657,4465.65,3.13319e-07,471.621,5615.16,3.4613e-07,533.835,7058.61,-1.19199e-07,604.255,8870.02,-2.79964e-07,683.962,11141.4,-2.30521e-07,774.182,13986.7,-2.55099e-07,876.299,17546.4,1.23585e-07,991.883,21993.1,1.41192e-07,1122.71,27536.7,-9.71886e-08,1270.78,34430.7,-3.68368e-07,1438.38,42977.7,-3.45379e-07,1628.07,53532.7,-3.25328e-09,1842.77,66504.6,2.6362e-07,2085.77,82350.2,2.53445e-07,2360.79,101560,-2.47407e-08,2672.05,124632,-3.80602e-07,3024.31,152018,-4.79005e-07,3422.98,184060,-1.14379e-07,3874.15,220884,2.64297e-07,4384.72,262283,3.44131e-07,4962.49,307576,7.5349e-08,5616.29,355497,-3.63097e-07,6356.1,404126,-6.05442e-07,7193.18,450932,-2.72333e-07,8140.28,492963,2.29675e-07,9211.79,527178,4.3387e-07,10424,550893,-1.0711e-07,10.102,8.06553,2.81012,10.6436,8.57909,0.869423,11.5336,10.2515,0.270869,12.7211,12.7138,0.0844293,14.1823,15.9373,0.0263173,15.9122,20.0383,0.0082035,17.9198,25.2154,0.00255722,20.2244,31.7373,0.000797017,22.8539,39.9486,0.000248622,25.8438,50.2851,7.75492e-05,29.237,63.2963,2.42508e-05,33.0837,79.6738,7.67162e-06,37.4415,100.288,2.32837e-06,42.3767,126.236,7.33e-07,47.9646,158.896,2.79256e-07,54.2906,200.003,9.87351e-09,61.452,251.741,1.61085e-07,69.5585,316.859,-2.47141e-07,78.7347,398.812,8.93552e-08,89.1218,501.948,-2.53231e-07,100.879,631.736,-1.25047e-07,114.188,795.049,-1.78808e-07,129.252,1000.53,2.6733e-07,146.304,1259.03,4.50292e-07,165.605,1584.19,6.76904e-07,187.452,1993.12,-1.23808e-07,212.181,2507.27,-4.89068e-07,240.173,3153.54,-5.40284e-07,271.856,3965.56,1.86061e-07,307.719,4985.38,4.37004e-07,348.313,6265.4,3.59828e-07,394.26,7870.83,3.98192e-07,446.268,9882.51,-1.92908e-07,505.135,12400.3,-2.20392e-07,571.766,15546.9,1.51705e-07,647.184,19472.2,5.74996e-07,732.547,24357.4,5.39112e-07,829.167,30420,5.07815e-09,938.526,37916.3,-4.11492e-07,1062.3,47143.9,-3.9561e-07,1202.4,58439.2,3.86185e-08,1360.96,72169.3,5.94093e-07,1540.42,88715.8,7.47693e-07,1743.53,108445,1.78537e-07,1973.41,131665,-4.12549e-07,2233.57,158557,-5.37164e-07,2528,189103,-1.17615e-07,2861.2,222986,5.66769e-07,3238.27,259510,9.45053e-07,3664.97,297540,4.25093e-07,4147.81,335497,-3.58506e-07,4694.17,371444,-6.7724e-07,5312.37,403256,1.67192e-07,1.61744,3.89446,9.84394,3.28846,7.5504,12.774,5.07607,11.7187,13.6844,7.03202,16.8147,13.9681,9.20215,23.1769,14.0566,11.6301,31.1672,14.0841,14.3598,41.2186,14.0927,17.4376,53.8688,14.0954,20.9137,69.7915,14.0962,24.8432,89.8341,14.0965,29.2879,115.063,14.0966,34.3168,146.819,14.0966,40.0078,186.792,14.0966,46.4487,237.107,14.0966,53.7388,300.44,14.0966,61.9903,380.158,14.0966,71.3301,480.499,14.0966,81.902,606.796,14.0966,93.8685,765.761,14.0966,107.414,965.837,14.0966,122.746,1217.65,14.0966,140.101,1534.57,14.0966,159.745,1933.41,14.0966,181.981,2435.3,14.0966,207.15,3066.85,14.0966,235.64,3861.46,14.0966,267.889,4861.11,14.0966,304.391,6118.54,14.0966,345.709,7699.91,14.0966,392.478,9688.22,14.0966,445.417,12187.5,14.0966,505.339,15327.7,14.0966,573.165,19271.6,14.0966,649.938,24222,14.0966,736.839,30430.9,14.0966,835.202,38211.5,14.0966,946.539,47950.3,14.0966,1072.56,60122.8,14.0966,1215.21,75309.9,14.0966,1376.66,94216.2,14.0966,1559.41,117688,14.0966,1766.26,146729,14.0966,2000.39,182510,14.0966,2265.39,226372,14.0966,2565.33,279806,14.0966,2904.81,344416,14.0966,3289.05,421845,14.0966,3723.93,513667,14.0966,4216.13,621231,14.0966,4773.18,745478,14.0966,5403.64,886744,14.0966,6117.15,1.04457e+06,14.0966,6924.63,1.2176e+06,14.0966,11.7194,11.96,12.6541,13.9321,16.1295,13.6434,16.6097,21.9702,13.9553,19.7532,29.5285,14.0526,23.3844,39.1143,14.0829,27.5423,51.2054,14.0923,32.2796,66.434,14.0953,37.662,85.6061,14.0962,43.7675,109.74,14.0965,50.687,140.119,14.0966,58.5249,178.359,14.0966,67.4005,226.493,14.0966,77.4493,287.08,14.0966,88.8254,363.343,14.0966,101.703,459.336,14.0966,116.281,580.161,14.0966,132.782,732.241,14.0966,151.46,923.655,14.0966,172.603,1164.57,14.0966,196.535,1467.79,14.0966,223.625,1849.39,14.0966,254.288,2329.62,14.0966,288.997,2933.93,14.0966,328.285,3694.33,14.0966,372.755,4651.04,14.0966,423.092,5854.57,14.0966,480.07,7368.38,14.0966,544.564,9272.08,14.0966,617.566,11665.5,14.0966,700.197,14673.6,14.0966,793.729,18452.9,14.0966,899.599,23198.6,14.0966,1019.43,29154.1,14.0966,1155.07,36622.3,14.0966,1308.6,45977.9,14.0966,1482.39,57683.7,14.0966,1679.09,72307.8,14.0966,1901.73,90542.8,14.0966,2153.73,113226,14.0966,2438.97,141360,14.0966,2761.81,176127,14.0966,3127.22,218898,14.0966,3540.81,271226,14.0966,4008.92,334817,14.0966,4538.74,411470,14.0966,5138.38,502973,14.0966,5817.04,610948,14.0966,6585.12,736653,14.0966,7454.39,880741,14.0966,8438.15,1.04302e+06,14.0966,9551.45,1.22224e+06,14.0966,10811.3,1.41602e+06,14.0966,12237,1.62086e+06,14.0966,11.7194,11.96,12.6541,2.21263,4.16949,0.989383,2.67766,5.84076,0.311842,3.14343,7.55825,0.0972771,3.63127,9.58578,0.0303237,4.15787,12.0912,0.00945211,4.73731,15.2286,0.00294633,5.38238,19.1721,0.000918508,6.10553,24.134,0.000286163,6.91951,30.3791,8.92692e-05,7.83792,38.2397,2.78121e-05,8.87555,48.1338,8.65134e-06,10.0489,60.5876,2.7882e-06,11.3761,76.2629,8.29036e-07,12.8779,95.9927,2.4373e-07,14.5775,120.825,4.33068e-09,16.5012,152.08,1.75749e-07,18.6784,191.415,-1.86328e-07,21.1428,240.917,1.91829e-07,23.9322,303.213,-1.81475e-07,27.0895,381.602,7.0186e-08,30.6634,480.231,-2.86769e-08,34.7087,604.316,2.40784e-07,39.2876,760.401,9.87368e-08,44.4705,956.705,1.22263e-07,50.3371,1203.54,-4.31966e-07,56.9776,1513.81,-1.9705e-07,64.494,1903.69,-2.763e-08,73.0018,2393.4,3.9185e-07,82.6317,3008.13,1.35379e-07,93.5318,3779.25,-4.16351e-08,105.869,4745.7,2.06965e-08,119.834,5955.6,-3.18887e-07,135.641,7468.12,-1.48271e-08,153.531,9355.62,2.00739e-07,173.781,11705.8,2.28358e-07,196.701,14624.1,-1.93587e-08,222.642,18235,-2.88101e-07,252.003,22683.4,-2.24732e-07,285.234,28134,8.56806e-09,322.845,34767,2.34258e-07,365.413,42770.9,2.99668e-07,413.588,52327.9,8.28644e-08,468.111,63591.2,-3.07049e-07,529.814,76653.2,-3.1888e-07,599.642,91502.5,-6.72276e-08,678.662,107975,2.26339e-07,768.083,125705,3.69212e-07,869.267,144088,2.04077e-07,983.76,162277,-2.80509e-07,1113.3,179223,-4.22737e-07,1259.87,193777,-1.71951e-07,1425.68,204839,4.55555e-07,11.7194,11.96,12.6541,2.21263,4.16949,0.989383,2.67766,5.84076,0.311842,3.14343,7.55825,0.0972771,3.63127,9.58578,0.0303237,4.15787,12.0912,0.00945211,4.73731,15.2286,0.00294633,5.38238,19.1721,0.000918508,6.10553,24.134,0.000286163,6.91951,30.3791,8.92692e-05,7.83792,38.2397,2.78121e-05,8.87555,48.1338,8.65134e-06,10.0489,60.5876,2.7882e-06,11.3761,76.2629,8.29036e-07,12.8779,95.9927,2.4373e-07,14.5775,120.825,1e-08,16.5012,152.08,1.75749e-07,18.6784,191.415,1e-08,21.1428,240.917,1.91829e-07,23.9322,303.213,1e-08,27.0895,381.602,7.0186e-08,30.6634,480.231,1e-08,34.7087,604.316,2.40784e-07,39.2876,760.401,9.87368e-08,44.4705,956.705,1.22263e-07,50.3371,1203.54,1e-08,56.9776,1513.81,1e-08,64.494,1903.69,1e-08,73.0018,2393.4,3.9185e-07,82.6317,3008.13,1.35379e-07,93.5318,3779.25,1e-08,105.869,4745.7,2.06965e-08,119.834,5955.6,1e-08,135.641,7468.12,1e-08,153.531,9355.62,2.00739e-07,173.781,11705.8,2.28358e-07,196.701,14624.1,1e-08,222.642,18235,1e-08,252.003,22683.4,1e-08,285.234,28134,1e-08,322.845,34767,2.34258e-07,365.413,42770.9,2.99668e-07,413.588,52327.9,8.28644e-08,468.111,63591.2,1e-08,529.814,76653.2,1e-08,599.642,91502.5,1e-08,678.662,107975,2.26339e-07,768.083,125705,3.69212e-07,869.267,144088,2.04077e-07,983.76,162277,1e-08,1113.3,179223,1e-08,1259.87,193777,1e-08,1425.68,204839,4.55555e-07,6.2823,3.27286,2.43537,0.219672,6.18826,2.24117,0.56371,6.87772,2.63624,0.308279,24,21,12,0,12,2,4,2,0,6,4,0,7,19,0,4,26,0,9,10,0,13,14,0,13,31,0,17,58,0,5,23,0,4,31,0,12,60,0,10,63,0,23,146,0,16,192,0,32,145,0,26,94,0,23,222,0,6,275,0,30,363,0,60,563,0,18,615,0,34,521,0,44,771,0,54,604,0,46,2085,0,67,954,0,78,1534,0,69,2695,0,86,4653,0,88,3693,0,189,7089,0,108,7218,0,83,5913,0,156,5270,0,77,6862,0,239,10850,0,270,17910,0,128,39526,0,666,48544,0,734,43710,0,456,36123,0,543,32657,0,885,84687,0,446,136252,0,921,177091,0,917,105433,0,496,132429,0,1203,89187,0,1450,404044,0,776,255750,0,1154,95958,0
-1.05176e+08,1,8.88811e-15,10,1023,0,1.05176e+08,0.528882,1.08665,0.389689,0.145397,0.379329,3.24381,0.161596,0.446195,1.77396,0.159177,1.15e+07,4.49998e+06,6.79999e+06,1.15e+07,4.49997e+06,6.79999e+06,1.15e+07,4.49996e+06,6.79999e+06,1.15e+07,4.49995e+06,6.79999e+06,1.14999e+07,4.49993e+06,6.79999e+06,1.14999e+07,4.49991e+06,6.79999e+06,1.14999e+07,4.49989e+06,6.79999e+06,1.14999e+07,4.49986e+06,6.79999e+06,1.14999e+07,4.49982e+06,6.79999e+06,1.14999e+07,4.49977e+06,6.79999e+06,1.14999e+07,4.49971e+06,6.79999e+06,1.14999e+07,4.49963e+06,6.79999e+06,1.14998e+07,4.49953e+06,6.79999e+06,1.14998e+07,4.49941e+06,6.79999e+06,1.14998e+07,4.49926e+06,6.79999e+06,1.14998e+07,4.49906e+06,6.79999e+06,1.14997e+07,4.49882e+06,6.79999e+06,1.14997e+07,4.49851e+06,6.79999e+06,1.14997e+07,4.49812e+06,6.79999e+06,1.14996e+07,4.49764e+06,6.79999e+06,1.14996e+07,4.49702e+06,6.79999e+06,1.14995e+07,4.49625e+06,6.79999e+06,1.14995e+07,4.49528e+06,6.79999e+06,1.14994e+07,4.49406e+06,6.79999e+06,1.14993e+07,4.49253e+06,6.79999e+06,1.14992e+07,4.49059e+06,6.79999e+06,1.14991e+07,4.48817e+06,6.79999e+06,1.1499e+07,4.48511e+06,6.79999e+06,1.14988e+07,4.48128e+06,6.79999e+06,1.14987e+07,4.47646e+06,6.79999e+06,1.14985e+07,4.47041e+06,6.79999e+06,1.14983e+07,4.46281e+06,6.79999e+06,1.14981e+07,4.4533e+06,6.79999e+06,1.14979e+07,4.44138e+06,6.79999e+06,1.14976e+07,4.42649e+06,6.79999e+06,1.14972e+07,4.40789e+06,6.79999e+06,1.14969e+07,4.38471e+06,6.79999e+06,1.14965e+07,4.35592e+06,6.79999e+06,1.1496e+07,4.32027e+06,6.79999e+06,1.14955e+07,4.27629e+06,6.79999e+06,1.14949e+07,4.22231e+06,6.79999e+06,1.14942e+07,4.15647e+06,6.79999e+06,1.14934e+07,4.07676e+06,6.79999e+06,1.14926e+07,3.98112e+06,6.79999e+06,1.14916e+07,3.86765e+06,6.79999e+06,1.14905e+07,3.73474e+06,6.79999e+06,1.14892e+07,3.58148e+06,6.79999e+06,1.14878e+07,3.40785e+06,6.79999e+06,1.14862e+07,3.21513e+06,6.79999e+06,1.14844e+07,3.00605e+06,6.79999e+06,1.14823e+07,2.7848e+06,6.79999e+06,1.148e+07,2.5568e+06,6.79999e+06,1.14773e+07,2.32825e+06,6.79999e+06,13.5742,8.52444,0.508366,16.8306,13.2585,0.162638,20.0035,17.569,0.0507846,23.2616,22.4214,0.0158319,26.7328,28.3297,0.00493498,30.5212,35.6974,0.00153831,34.7178,44.9473,0.000479527,39.4086,56.5822,0.000149456,44.6796,71.2245,4.66214e-05,50.6209,89.6543,1.45419e-05,57.3297,112.852,4.54748e-06,64.9129,142.051,1.43857e-06,73.4897,178.803,4.36618e-07,83.1934,225.062,1.40153e-07,94.1745,283.286,4.96378e-08,106.602,356.568,1.05434e-07,120.669,448.799,-6.49244e-08,136.59,564.873,1.70148e-07,154.611,710.948,-5.34594e-08,175.008,894.767,1.63407e-07,198.097,1126.06,8.04804e-08,224.231,1417.07,1.14667e-07,253.813,1783.15,-1.71227e-07,287.297,2243.62,-2.88466e-07,325.198,2822.67,-4.33651e-07,368.098,3550.67,7.9318e-08,416.657,4465.65,3.13319e-07,471.621,5615.16,3.4613e-07,533.835,7058.61,-1.19199e-07,604.255,8870.02,-2.79964e-07,683.962,11141.4,-2.30521e-07,774.182,13986.7,-2.55099e-07,876.299,17546.4,1.23585e-07,991.883,21993.1,1.41192e-07,1122.71,27536.7,-9.71886e-08,1270.78,34430.7,-3.68368e-07,1438.38,42977.7,-3.45379e-07,1628.07,53532.7,-3.25328e-09,1842.77,66504.6,2.6362e-07,2085.77,82350.2,2.53445e-07,2360.79,101560,-2.47407e-08,2672.05,124632,-3.80602e-07,3024.31,152018,-4.79005e-07,3422.98,184060,-1.14379e-07,3874.15,220884,2.64297e-07,4384.72,262283,3.44131e-07,4962.49,307576,7.5349e-08,5616.29,355497,-3.63097e-07,6356.1,404126,-6.05442e-07,7193.18,450932,-2.72333e-07,8140.28,492963,2.29675e-07,9211.79,527178,4.3387e-07,10424,550893,-1.0711e-07,10.102,8.06553,2.81012,10.6436,8.57909,0.869423,11.5336,10.2515,0.270869,12.7211,12.7138,0.0844293,14.1823,15.9373,0.0263173,15.9122,20.0383,0.0082035,17.9198,25.2154,0.00255722,20.2244,31.7373,0.000797017,22.8539,39.9486,0.000248622,25.8438,50.2851,7.75492e-05,29.237,63.2963,2.42508e-05,33.0837,79.6738,7.67162e-06,37.4415,100.288,2.32837e-06,42.3767,126.236,7.33e-07,47.9646,158.896,2.79256e-07,54.2906,200.003,9.87351e-09,61.452,251.741,1.61085e-07,69.5585,316.859,-2.47141e-07,78.7347,398.812,8.93552e-08,89.1218,501.948,-2.53231e-07,100.879,631.736,-1.25047e-07,114.188,795.049,-1.78808e-07,129.252,1000.53,2.6733e-07,146.304,1259.03,4.50292e-07,165.605,1584.19,6.76904e-07,187.452,1993.12,-1.23808e-07,212.181,2507.27,-4.89068e-07,240.173,3153.54,-5.40284e-07,271.856,3965.56,1.86061e-07,307.719,4985.38,4.37004e-07,348.313,6265.4,3.59828e-07,394.26,7870.83,3.98192e-07,446.268,9882.51,-1.92908e-07,505.135,12400.3,-2.20392e-07,571.766,15546.9,1.51705e-07,647.184,19472.2,5.74996e-07,732.547,24357.4,5.39112e-07,829.167,30420,5.07815e-09,938.526,37916.3,-4.11492e-07,1062.3,47143.9,-3.9561e-07,1202.4,58439.2,3.86185e-08,1360.96,72169.3,5.94093e-07,1540.42,88715.8,7.47693e-07,1743.53,108445,1.78537e-07,1973.41,131665,-4.12549e-07,2233.57,158557,-5.37164e-07,2528,189103,-1.17615e-07,2861.2,222986,5.66769e-07,3238.27,259510,9.45053e-07,3664.97,297540,4.25093e-07,4147.81,335497,-3.58506e-07,4694.17,371444,-6.7724e-07,5312.37,403256,1.67192e-07,1.61744,3.89446,9.84394,3.28846,7.5504,12.774,5.07607,11.7187,13.6844,7.03202,16.8147,13.9681,9.20215,23.1769,14.0566,11.6301,31.1672,14.0841,14.3598,41.2186,14.0927,17.4376,53.8688,14.0954,20.9137,69.7915,14.0962,24.8432,89.8341,14.0965,29.2879,115.063,14.0966,34.3168,146.819,14.0966,40.0078,186.792,14.0966,46.4487,237.107,14.0966,53.7388,300.44,14.0966,61.9903,380.158,14.0966,71.3301,480.499,14.0966,81.902,606.796,14.0966,93.8685,765.761,14.0966,107.414,965.837,14.0966,122.746,1217.65,14.0966,140.101,1534.57,14.0966,159.745,1933.41,14.0966,181.981,2435.3,14.0966,207.15,3066.85,14.0966,235.64,3861.46,14.0966,267.889,4861.11,14.0966,304.391,6118.54,14.0966,345.709,7699.91,14.0966,392.478,9688.22,14.0966,445.417,12187.5,14.0966,505.339,15327.7,14.0966,573.165,19271.6,14.0966,649.938,24222,14.0966,736.839,30430.9,14.0966,835.202,38211.5,14.0966,946.539,47950.3,14.0966,1072.56,60122.8,14.0966,1215.21,75309.9,14.0966,1376.66,94216.2,14.0966,1559.41,117688,14.0966,1766.26,146729,14.0966,2000.39,182510,14.0966,2265.39,226372,14.0966,2565.33,279806,14.0966,2904.81,344416,14.0966,3289.05,421845,14.0966,3723.93,513667,14.0966,4216.13,621231,14.0966,4773.18,745478,14.0966,5403.64,886744,14.0966,6117.15,1.04457e+06,14.0966,6924.63,1.2176e+06,14.0966,11.7194,11.96,12.6541,13.9321,16.1295,13.6434,16.6097,21.9702,13.9553,19.7532,29.5285,14.0526,23.3844,39.1143,14.0829,27.5423,51.2054,14.0923,32.2796,66.434,14.0953,37.662,85.6061,14.0962,43.7675,109.74,14.0965,50.687,140.119,14.0966,58.5249,178.359,14.0966,67.4005,226.493,14.0966,77.4493,287.08,14.0966,88.8254,363.343,14.0966,101.703,459.336,14.0966,116.281,580.161,14.0966,132.782,732.241,14.0966,151.46,923.655,14.0966,172.603,1164.57,14.0966,196.535,1467.79,14.0966,223.625,1849.39,14.0966,254.288,2329.62,14.0966,288.997,2933.93,14.0966,328.285,3694.33,14.0966,372.755,4651.04,14.0966,423.092,5854.57,14.0966,480.07,7368.38,14.0966,544.564,9272.08,14.0966,617.566,11665.5,14.0966,700.197,14673.6,14.0966,793.729,18452.9,14.0966,899.599,23198.6,14.0966,1019.43,29154.1,14.0966,1155.07,36622.3,14.0966,1308.6,45977.9,14.0966,1482.39,57683.7,14.0966,1679.09,72307.8,14.0966,1901.73,90542.8,14.0966,2153.73,113226,14.0966,2438.97,141360,14.0966,2761.81,176127,14.0966,3127.22,218898,14.0966,3540.81,271226,14.0966,4008.92,334817,14.0966,4538.74,411470,14.0966,5138.38,502973,14.0966,5817.04,610948,14.0966,6585.12,736653,14.0966,7454.39,880741,14.0966,8438.15,1.04302e+06,14.0966,9551.45,1.22224e+06,14.0966,10811.3,1.41602e+06,14.0966,12237,1.62086e+06,14.0966,11.7194,11.96,12.6541,2.21263,4.16949,0.989383,2.67766,5.84076,0.311842,3.14343,7.55825,0.0972771,3.63127,9.58578,0.0303237,4.15787,12.0912,0.00945211,4.73731,15.2286,0.00294633,5.38238,19.1721,0.000918508,6.10553,24.134,0.000286163,6.91951,30.3791,8.92692e-05,7.83792,38.2397,2.78121e-05,8.87555,48.1338,8.65134e-06,10.0489,60.5876,2.7882e-06,11.3761,76.2629,8.29036e-07,12.8779,95.9927,2.4373e-07,14.5775,120.825,4.33068e-09,16.5012,152.08,1.75749e-07,18.6784,191.415,-1.86328e-07,21.1428,240.917,1.91829e-07,23.9322,303.213,-1.81475e-07,27.0895,381.602,7.0186e-08,30.6634,480.231,-2.86769e-08,34.7087,604.316,2.40784e-07,39.2876,760.401,9.87368e-08,44.4705,956.705,1.22263e-07,50.3371,1203.54,-4.31966e-07,56.9776,1513.81,-1.9705e-07,64.494,1903.69,-2.763e-08,73.0018,2393.4,3.9185e-07,82.6317,3008.13,1.35379e-07,93.5318,3779.25,-4.16351e-08,105.869,4745.7,2.06965e-08,119.834,5955.6,-3.18887e-07,135.641,7468.12,-1.48271e-08,153.531,9355.62,2.00739e-07,173.781,11705.8,2.28358e-07,196.701,14624.1,-1.93587e-08,222.642,18235,-2.88101e-07,252.003,22683.4,-2.24732e-07,285.234,28134,8.56806e-09,322.845,34767,2.34258e-07,365.413,42770.9,2.99668e-07,413.588,52327.9,8.28644e-08,468.111,63591.2,-3.07049e-07,529.814,76653.2,-3.1888e-07,599.642,91502.5,-6.72276e-08,678.662,107975,2.26339e-07,768.083,125705,3.69212e-07,869.267,144088,2.04077e-07,983.76,162277,-2.80509e-07,1113.3,179223,-4.22737e-07,1259.87,193777,-1.71951e-07,1425.68,204839,4.55555e-07,11.7194,11.96,12.6541,2.21263,4.16949,0.989383,2.67766,5.84076,0.311842,3.14343,7.55825,0.0972771,3.63127,9.58578,0.0303237,4.15787,12.0912,0.00945211,4.73731,15.2286,0.00294633,5.38238,19.1721,0.000918508,6.10553,24.134,0.000286163,6.91951,30.3791,8.92692e-05,7.83792,38.2397,2.78121e-05,8.87555,48.1338,8.65134e-06,10.0489,60.5876,2.7882e-06,11.3761,76.2629,8.29036e-07,12.8779,95.9927,2.4373e-07,14.5775,120.825,1e-08,16.5012,152.08,1.75749e-07,18.6784,191.415,1e-08,21.1428,240.917,1.91829e-07,23.9322,303.213,1e-08,27.0895,381.602,7.0186e-08,30.6634,480.231,1e-08,34.7087,604.316,2.40784e-07,39.2876,760.401,9.87368e-08,44.4705,956.705,1.22263e-07,50.3371,1203.54,1e-08,56.9776,1513.81,1e-08,64.494,1903.69,1e-08,73.0018,2393.4,3.9185e-07,82.6317,3008.13,1.35379e-07,93.5318,3779.25,1e-08,105.869,4745.7,2.06965e-08,119.834,5955.6,1e-08,135.641,7468.12,1e-08,153.531,9355.62,2.00739e-07,173.781,11705.8,2.28358e-07,196.701,14624.1,1e-08,222.642,18235,1e-08,252.003,22683.4,1e-08,285.234,28134,1e-08,322.845,34767,2.34258e-07,365.413,42770.9,2.99668e-07,413.588,52327.9,8.28644e-08,468.111,63591.2,1e-08,529.814,76653.2,1e-08,599.642,91502.5,1e-08,678.662,107975,2.26339e-07,768.083,125705,3.69212e-07,869.267,144088,2.04077e-07,983.76,162277,1e-08,1113.3,179223,1e-08,1259.87,193777,1e-08,1425.68,204839,4.55555e-07,6.2823,3.27286,2.43537,0.219672,6.18826,2.24117,0.56371,6.87772,2.63624,0.308279,11,25,19,2,2,1,3,9,0,6,6,0,5,10,0,6,11,0,3,11,0,5,14,0,6,27,0,5,13,0,5,47,0,8,40,0,13,76,0,12,38,0,25,100,0,23,90,0,21,188,0,14,308,0,12,391,0,14,455,0,34,328,0,33,329,0,54,611,0,42,742,0,62,988,0,60,937,0,32,623,0,48,1683,0,36,1716,0,70,5255,0,99,4620,0,156,3352,0,205,2180,0,188,5944,0,244,6165,0,210,11494,0,241,17428,0,376,27542,0,158,31118,0,298,23131,0,411,34935,0,191,45688,0,394,54164,0,511,25034,0,940,98362,0,553,51778,0,645,120056,0,431,124973,0,929,120510,0,920,93091,0,1098,86558,0,1193,315879,0,1452,275625,0
-1.05176e+08,1,8.88811e-15,10,1023,0,1.05176e+08,0.528882,1.08665,0.389689,0.145397,0.379329,3.24381,0.161596,0.446195,1.77396,0.159177,1.15e+07,4.49998e+06,6.79999e+06,1.15e+07,4.49997e+06,6.79999e+06,1.15e+07,4.49996e+06,6.79999e+06,1.15e+07,4.49995e+06,6.79999e+06,1.14999e+07,4.49993e+06,6.79999e+06,1.14999e+07,4.49991e+06,6.79999e+06,1.14999e+07,4.49989e+06,6.79999e+06,1.14999e+07,4.49986e+06,6.79999e+06,1.14999e+07,4.49982e+06,6.79999e+06,1.14999e+07,4.49977e+06,6.79999e+06,1.14999e+07,4.49971e+06,6.79999e+06,1.14999e+07,4.49963e+06,6.79999e+06,1.14998e+07,4.49953e+06,6.79999e+06,1.14998e+07,4.49941e+06,6.79999e+06,1.14998e+07,4.49926e+06,6.79999e+06,1.14998e+07,4.49906e+06,6.79999e+06,1.14997e+07,4.49882e+06,6.79999e+06,1.14997e+07,4.49851e+06,6.79999e+06,1.14997e+07,4.49812e+06,6.79999e+06,1.14996e+07,4.49764e+06,6.79999e+06,1.14996e+07,4.49702e+06,6.79999e+06,1.14995e+07,4.49625e+06,6.79999e+06,1.14995e+07,4.49528e+06,6.79999e+06,1.14994e+07,4.49406e+06,6.79999e+06,1.14993e+07,4.49253e+06,6.79999e+06,1.14992e+07,4.49059e+06,6.79999e+06,1.14991e+07,4.48817e+06,6.79999e+06,1.1499e+07,4.48511e+06,6.79999e+06,1.14988e+07,4.48128e+06,6.79999e+06,1.14987e+07,4.47646e+06,6.79999e+06,1.14985e+07,4.47041e+06,6.79999e+06,1.14983e+07,4.46281e+06,6.79999e+06,1.14981e+07,4.4533e+06,6.79999e+06,1.14979e+07,4.44138e+06,6.79999e+06,1.14976e+07,4.42649e+06,6.79999e+06,1.14972e+07,4.40789e+06,6.79999e+06,1.14969e+07,4.38471e+06,6.79999e+06,1.14965e+07,4.35592e+06,6.79999e+06,1.1496e+07,4.32027e+06,6.79999e+06,1.14955e+07,4.27629e+06,6.79999e+06,1.14949e+07,4.22231e+06,6.79999e+06,1.14942e+07,4.15647e+06,6.79999e+06,1.14934e+07,4.07676e+06,6.79999e+06,1.14926e+07,3.98112e+06,6.79999e+06,1.14916e+07,3.86765e+06,6.79999e+06,1.14905e+07,3.73474e+06,6.79999e+06,1.14892e+07,3.58148e+06,6.79999e+06,1.14878e+07,3.40785e+06,6.79999e+06,1.14862e+07,3.21513e+06,6.79999e+06,1.14844e+07,3.00605e+06,6.79999e+06,1.14823e+07,2.7848e+06,6.79999e+06,1.148e+07,2.5568e+06,6.79999e+06,1.14773e+07,2.32825e+06,6.79999e+06,13.5742,8.52444,0.508366,16.8306,13.2585,0.162638,20.0035,17.569,0.0507846,23.2616,22.4214,0.0158319,26.7328,28.3297,0.00493498,30.5212,35.6974,0.00153831,34.7178,44.9473,0.000479527,39.4086,56.5822,0.000149456,44.6796,71.2245,4.66214e-05,50.6209,89.6543,1.45419e-05,57.3297,112.852,4.54748e-06,64.9129,142.051,1.43857e-06,73.4897,178.803,4.36618e-07,83.1934,225.062,1.40153e-07,94.1745,283.286,4.96378e-08,106.602,356.568,1.05434e-07,120.669,448.799,-6.49244e-08,136.59,564.873,1.70148e-07,154.611,710.948,-5.34594e-08,175.008,894.767,1.63407e-07,198.097,1126.06,8.04804e-08,224.231,1417.07,1.14667e-07,253.813,1783.15,-1.71227e-07,287.297,2243.62,-2.88466e-07,325.198,2822.67,-4.33651e-07,368.098,3550.67,7.9318e-08,416.657,4465.65,3.13319e-07,471.621,5615.16,3.4613e-07,533.835,7058.61,-1.19199e-07,604.255,8870.02,-2.79964e-07,683.962,11141.4,-2.30521e-07,774.182,13986.7,-2.55099e-07,876.299,17546.4,1.23585e-07,991.883,21993.1,1.41192e-07,1122.71,27536.7,-9.71886e-08,1270.78,34430.7,-3.68368e-07,1438.38,42977.7,-3.45379e-07,1628.07,53532.7,-3.25328e-09,1842.77,66504.6,2.6362e-07,2085.77,82350.2,2.53445e-07,2360.79,101560,-2.47407e-08,2672.05,124632,-3.80602e-07,3024.31,152018,-4.79005e-07,3422.98,184060,-1.14379e-07,3874.15,220884,2.64297e-07,4384.72,262283,3.44131e-07,4962.49,307576,7.5349e-08,5616.29,355497,-3.63097e-07,6356.1,404126,-6.05442e-07,7193.18,450932,-2.72333e-07,8140.28,492963,2.29675e-07,9211.79,527178,4.3387e-07,10424,550893,-1.0711e-07,10.102,8.06553,2.81012,10.6436,8.57909,0.869423,11.5336,10.2515,0.270869,12.7211,12.7138,0.0844293,14.1823,15.9373,0.0263173,15.9122,20.0383,0.0082035,17.9198,25.2154,0.00255722,20.2244,31.7373,0.000797017,22.8539,39.9486,0.000248622,25.8438,50.2851,7.75492e-05,29.237,63.2963,2.42508e-05,33.0837,79.6738,7.67162e-06,37.4415,100.288,2.32837e-06,42.3767,126.236,7.33e-07,47.9646,158.896,2.79256e-07,54.2906,200.003,9.87351e-09,61.452,251.741,1.61085e-07,69.5585,316.859,-2.47141e-07,78.7347,398.812,8.93552e-08,89.1218,501.948,-2.53231e-07,100.879,631.736,-1.25047e-07,114.188,795.049,-1.78808e-07,129.252,1000.53,2.6733e-07,146.304,1259.03,4.50292e-07,165.605,1584.19,6.76904e-07,187.452,1993.12,-1.23808e-07,212.181,2507.27,-4.89068e-07,240.173,3153.54,-5.40284e-07,271.856,3965.56,1.86061e-07,307.719,4985.38,4.37004e-07,348.313,6265.4,3.59828e-07,394.26,7870.83,3.98192e-07,446.268,9882.51,-1.92908e-07,505.135,12400.3,-2.20392e-07,571.766,15546.9,1.51705e-07,647.184,19472.2,5.74996e-07,732.547,24357.4,5.39112e-07,829.167,30420,5.07815e-09,938.526,37916.3,-4.11492e-07,1062.3,47143.9,-3.9561e-07,1202.4,58439.2,3.86185e-08,1360.96,72169.3,5.94093e-07,1540.42,88715.8,7.47693e-07,1743.53,108445,1.78537e-07,1973.41,131665,-4.12549e-07,2233.57,158557,-5.37164e-07,2528,189103,-1.17615e-07,2861.2,222986,5.66769e-07,3238.27,259510,9.45053e-07,3664.97,297540,4.25093e-07,4147.81,335497,-3.58506e-07,4694.17,371444,-6.7724e-07,5312.37,403256,1.67192e-07,1.61744,3.89446,9.84394,3.28846,7.5504,12.774,5.07607,11.7187,13.6844,7.03202,16.8147,13.9681,9.20215,23.1769,14.0566,11.6301,31.1672,14.0841,14.3598,41.2186,14.0927,17.4376,53.8688,14.0954,20.9137,69.7915,14.0962,24.8432,89.8341,14.0965,29.2879,115.063,14.0966,34.3168,146.819,14.0966,40.0078,186.792,14.0966,46.4487,237.107,14.0966,53.7388,300.44,14.0966,61.9903,380.158,14.0966,71.3301,480.499,14.0966,81.902,606.796,14.0966,93.8685,765.761,14.0966,107.414,965.837,14.0966,122.746,1217.65,14.0966,140.101,1534.57,14.0966,159.745,1933.41,14.0966,181.981,2435.3,14.0966,207.15,3066.85,14.0966,235.64,3861.46,14.0966,267.889,4861.11,14.0966,304.391,6118.54,14.0966,345.709,7699.91,14.0966,392.478,9688.22,14.0966,445.417,12187.5,14.0966,505.339,15327.7,14.0966,573.165,19271.6,14.0966,649.938,24222,14.0966,736.839,30430.9,14.0966,835.202,38211.5,14.0966,946.539,47950.3,14.0966,1072.56,60122.8,14.0966,1215.21,75309.9,14.0966,1376.66,94216.2,14.0966,1559.41,117688,14.0966,1766.26,146729,14.0966,2000.39,182510,14.0966,2265.39,226372,14.0966,2565.33,279806,14.0966,2904.81,344416,14.0966,3289.05,421845,14.0966,3723.93,513667,14.0966,4216.13,621231,14.0966,4773.18,745478,14.0966,5403.64,886744,14.0966,6117.15,1.04457e+06,14.0966,6924.63,1.2176e+06,14.0966,11.7194,11.96,12.6541,13.9321,16.1295,13.6434,16.6097,21.9702,13.9553,19.7532,29.5285,14.0526,23.3844,39.1143,14.0829,27.5423,51.2054,14.0923,32.2796,66.434,14.0953,37.662,85.6061,14.0962,43.7675,109.74,14.0965,50.687,140.119,14.0966,58.5249,178.359,14.0966,67.4005,226.493,14.0966,77.4493,287.08,14.0966,88.8254,363.343,14.0966,101.703,459.336,14.0966,116.281,580.161,14.0966,132.782,732.241,14.0966,151.46,923.655,14.0966,172.603,1164.57,14.0966,196.535,1467.79,14.0966,223.625,1849.39,14.0966,254.288,2329.62,14.0966,288.997,2933.93,14.0966,328.285,3694.33,14.0966,372.755,4651.04,14.0966,423.092,5854.57,14.0966,480.07,7368.38,14.0966,544.564,9272.08,14.0966,617.566,11665.5,14.0966,700.197,14673.6,14.0966,793.729,18452.9,14.0966,899.599,23198.6,14.0966,1019.43,29154.1,14.0966,1155.07,36622.3,14.0966,1308.6,45977.9,14.0966,1482.39,57683.7,14.0966,1679.09,72307.8,14.0966,1901.73,90542.8,14.0966,2153.73,113226,14.0966,2438.97,141360,14.0966,2761.81,176127,14.0966,3127.22,218898,14.0966,3540.81,271226,14.0966,4008.92,334817,14.0966,4538.74,411470,14.0966,5138.38,502973,14.0966,5817.04,610948,14.0966,6585.12,736653,14.0966,7454.39,880741,14.0966,8438.15,1.04302e+06,14.0966,9551.45,1.22224e+06,14.0966,10811.3,1.41602e+06,14.0966,12237,1.62086e+06,14.0966,11.7194,11.96,12.6541,2.21263,4.16949,0.989383,2.67766,5.84076,0.311842,3.14343,7.55825,0.0972771,3.63127,9.58578,0.0303237,4.15787,12.0912,0.00945211,4.73731,15.2286,0.00294633,5.38238,19.1721,0.000918508,6.10553,24.134,0.000286163,6.91951,30.3791,8.92692e-05,7.83792,38.2397,2.78121e-05,8.87555,48.1338,8.65134e-06,10.0489,60.5876,2.7882e-06,11.3761,76.2629,8.29036e-07,12.8779,95.9927,2.4373e-07,14.5775,120.825,4.33068e-09,16.5012,152.08,1.75749e-07,18.6784,191.415,-1.86328e-07,21.1428,240.917,1.91829e-07,23.9322,303.213,-1.81475e-07,27.0895,381.602,7.0186e-08,30.6634,480.231,-2.86769e-08,34.7087,604.316,2.40784e-07,39.2876,760.401,9.87368e-08,44.4705,956.705,1.22263e-07,50.3371,1203.54,-4.31966e-07,56.9776,1513.81,-1.9705e-07,64.494,1903.69,-2.763e-08,73.0018,2393.4,3.9185e-07,82.6317,3008.13,1.35379e-07,93.5318,3779.25,-4.16351e-08,105.869,4745.7,2.06965e-08,119.834,5955.6,-3.18887e-07,135.641,7468.12,-1.48271e-08,153.531,9355.62,2.00739e-07,173.781,11705.8,2.28358e-07,196.701,14624.1,-1.93587e-08,222.642,18235,-2.88101e-07,252.003,22683.4,-2.24732e-07,285.234,28134,8.56806e-09,322.845,34767,2.34258e-07,365.413,42770.9,2.99668e-07,413.588,52327.9,8.28644e-08,468.111,63591.2,-3.07049e-07,529.814,76653.2,-3.1888e-07,599.642,91502.5,-6.72276e-08,678.662,107975,2.26339e-07,768.083,125705,3.69212e-07,869.267,144088,2.04077e-07,983.76,162277,-2.80509e-07,1113.3,179223,-4.22737e-07,1259.87,193777,-1.71951e-07,1425.68,204839,4.55555e-07,11.7194,11.96,12.6541,2.21263,4.16949,0.989383,2.67766,5.84076,0.311842,3.14343,7.55825,0.0972771,3.63127,9.58578,0.0303237,4.15787,12.0912,0.00945211,4.73731,15.2286,0.00294633,5.38238,19.1721,0.000918508,6.10553,24.134,0.000286163,6.91951,30.3791,8.92692e-05,7.83792,38.2397,2.78121e-05,8.87555,48.1338,8.65134e-06,10.0489,60.5876,2.7882e-06,11.3761,76.2629,8.29036e-07,12.8779,95.9927,2.4373e-07,14.5775,120.825,1e-08,16.5012,152.08,1.75749e-07,18.6784,191.415,1e-08,21.1428,240.917,1.91829e-07,23.9322,303.213,1e-08,27.0895,381.602,7.0186e-08,30.6634,480.231,1e-08,34.7087,604.316,2.40784e-07,39.2876,760.401,9.87368e-08,44.4705,956.705,1.22263e-07,50.3371,1203.54,1e-08,56.9776,1513.81,1e-08,64.494,1903.69,1e-08,73.0018,2393.4,3.9185e-07,82.6317,3008.13,1.35379e-07,93.5318,3779.25,1e-08,105.869,4745.7,2.06965e-08,119.834,5955.6,1e-08,135.641,7468.12,1e-08,153.531,9355.62,2.00739e-07,173.781,11705.8,2.28358e-07,196.701,14624.1,1e-08,222.642,18235,1e-08,252.003,22683.4,1e-08,285.234,28134,1e-08,322.845,34767,2.34258e-07,365.413,42770.9,2.99668e-07,413.588,52327.9,8.28644e-08,468.111,63591.2,1e-08,529.814,76653.2,1e-08,599.642,91502.5,1e-08,678.662,107975,2.26339e-07,768.083,125705,3.69212e-07,869.267,144088,2.04077e-07,983.76,162277,1e-08,1113.3,179223,1e-08,1259.87,193777,1e-08,1425.68,204839,4.55555e-07,6.2823,3.27286,2.43537,0.219672,6.18826,2.24117,0.56371,6.87772,2.63624,0.308279,14,12,2,0,3,0,6,10,0,3,8,0,4,14,0,5,12,0,1,26,0,1,18,0,11,20,0,8,16,0,8,38,0,14,17,0,3,49,0,11,106,0,17,91,0,15,161,0,16,127,0,30,175,0,22,191,0,34,302,0,35,448,0,14,255,0,29,467,0,32,884,0,21,1459,0,79,707,0,63,1435,0,87,3083,0,78,1790,0,137,3023,0,128,4009,0,87,7764,0,108,5978,0,300,4255,0,141,6088,0,41,7593,0,214,15838,0,544,11170,0,570,33009,0,507,17879,0,211,9596,0,416,40337,0,465,58862,0,185,96749,0,269,68004,0,669,106535,0,815,62929,0,1148,73384,0,656,60077,0,251,144459,0,1135,119597,0,763,168499,0,1273,83593,0
-1.05176e+08,1,8.88811e-15,10,1023,0,1.05176e+08,0.528882,1.08665,0.389689,0.145397,0.379329,3.24381,0.161596,0.446195,1.77396,0.159177,1.15e+07,4.49998e+06,6.79999e+06,1.15e+07,4.49997e+06,6.79999e+06,1.15e+07,4.49996e+06,6.79999e+06,1.15e+07,4.49995e+06,6.79999e+06,1.14999e+07,4.49993e+06,6.79999e+06,1.14999e+07,4.49991e+06,6.79999e+06,1.14999e+07,4.49989e+06,6.79999e+06,1.14999e+07,4.49986e+06,6.79999e+06,1.14999e+07,4.49982e+06,6.79999e+06,1.14999e+07,4.49977e+06,6.79999e+06,1.14999e+07,4.49971e+06,6.79999e+06,1.14999e+07,4.49963e+06,6.79999e+06,1.14998e+07,4.49953e+06,6.79999e+06,1.14998e+07,4.49941e+06,6.79999e+06,1.14998e+07,4.49926e+06,6.79999e+06,1.14998e+07,4.49906e+06,6.79999e+06,1.14997e+07,4.49882e+06,6.79999e+06,1.14997e+07,4.49851e+06,6.79999e+06,1.14997e+07,4.49812e+06,6.79999e+06,1.14996e+07,4.49764e+06,6.79999e+06,1.14996e+07,4.49702e+06,6.79999e+06,1.14995e+07,4.49625e+06,6.79999e+06,1.14995e+07,4.49528e+06,6.79999e+06,1.14994e+07,4.49406e+06,6.79999e+06,1.14993e+07,4.49253e+06,6.79999e+06,1.14992e+07,4.49059e+06,6.79999e+06,1.14991e+07,4.48817e+06,6.79999e+06,1.1499e+07,4.48511e+06,6.79999e+06,1.14988e+07,4.48128e+06,6.79999e+06,1.14987e+07,4.47646e+06,6.79999e+06,1.14985e+07,4.47041e+06,6.79999e+06,1.14983e+07,4.46281e+06,6.79999e+06,1.14981e+07,4.4533e+06,6.79999e+06,1.14979e+07,4.44138e+06,6.79999e+06,1.14976e+07,4.42649e+06,6.79999e+06,1.14972e+07,4.40789e+06,6.79999e+06,1.14969e+07,4.38471e+06,6.79999e+06,1.14965e+07,4.35592e+06,6.79999e+06,1.1496e+07,4.32027e+06,6.79999e+06,1.14955e+07,4.27629e+06,6.79999e+06,1.14949e+07,4.22231e+06,6.79999e+06,1.14942e+07,4.15647e+06,6.79999e+06,1.14934e+07,4.07676e+06,6.79999e+06,1.14926e+07,3.98112e+06,6.79999e+06,1.14916e+07,3.86765e+06,6.79999e+06,1.14905e+07,3.73474e+06,6.79999e+06,1.14892e+07,3.58148e+06,6.79999e+06,1.14878e+07,3.40785e+06,6.79999e+06,1.14862e+07,3.21513e+06,6.79999e+06,1.14844e+07,3.00605e+06,6.79999e+06,1.14823e+07,2.7848e+06,6.79999e+06,1.148e+07,2.5568e+06,6.79999e+06,1.14773e+07,2.32825e+06,6.79999e+06,13.5742,8.52444,0.508366,16.8306,13.2585,0.162638,20.0035,17.569,0.0507846,23.2616,22.4214,0.0158319,26.7328,28.3297,0.00493498,30.5212,35.6974,0.00153831,34.7178,44.9473,0.000479527,39.4086,56.5822,0.000149456,44.6796,71.2245,4.66214e-05,50.6209,89.6543,1.45419e-05,57.3297,112.852,4.54748e-06,64.9129,142.051,1.43857e-06,73.4897,178.803,4.36618e-07,83.1934,225.062,1.40153e-07,94.1745,283.286,4.96378e-08,106.602,356.568,1.05434e-07,120.669,448.799,-6.49244e-08,136.59,564.873,1.70148e-07,154.611,710.948,-5.34594e-08,175.008,894.767,1.63407e-07,198.097,1126.06,8.04804e-08,224.231,1417.07,1.14667e-07,253.813,1783.15,-1.71227e-07,287.297,2243.62,-2.88466e-07,325.198,2822.67,-4.33651e-07,368.098,3550.67,7.9318e-08,416.657,4465.65,3.13319e-07,471.621,5615.16,3.4613e-07,533.835,7058.61,-1.19199e-07,604.255,8870.02,-2.79964e-07,683.962,11141.4,-2.30521e-07,774.182,13986.7,-2.55099e-07,876.299,17546.4,1.23585e-07,991.883,21993.1,1.41192e-07,1122.71,27536.7,-9.71886e-08,1270.78,34430.7,-3.68368e-07,1438.38,42977.7,-3.45379e-07,1628.07,53532.7,-3.25328e-09,1842.77,66504.6,2.6362e-07,2085.77,82350.2,2.53445e-07,2360.79,101560,-2.47407e-08,2672.05,124632,-3.80602e-07,3024.31,152018,-4.79005e-07,3422.98,184060,-1.14379e-07,3874.15,220884,2.64297e-07,4384.72,262283,3.44131e-07,4962.49,307576,7.5349e-08,5616.29,355497,-3.63097e-07,6356.1,404126,-6.05442e-07,7193.18,450932,-2.72333e-07,8140.28,492963,2.29675e-07,9211.79,527178,4.3387e-07,10424,550893,-1.0711e-07,10.102,8.06553,2.81012,10.6436,8.57909,0.869423,11.5336,10.2515,0.270869,12.7211,12.7138,0.0844293,14.1823,15.9373,0.0263173,15.9122,20.0383,0.0082035,17.9198,25.2154,0.00255722,20.2244,31.7373,0.000797017,22.8539,39.9486,0.000248622,25.8438,50.2851,7.75492e-05,29.237,63.2963,2.42508e-05,33.0837,79.6738,7.67162e-06,37.4415,100.288,2.32837e-06,42.3767,126.236,7.33e-07,47.9646,158.896,2.79256e-07,54.2906,200.003,9.87351e-09,61.452,251.741,1.61085e-07,69.5585,316.859,-2.47141e-07,78.7347,398.812,8.93552e-08,89.1218,501.948,-2.53231e-07,100.879,631.736,-1.25047e-07,114.188,795.049,-1.78808e-07,129.252,1000.53,2.6733e-07,146.304,1259.03,4.50292e-07,165.605,1584.19,6.76904e-07,187.452,1993.12,-1.23808e-07,212.181,2507.27,-4.89068e-07,240.173,3153.54,-5.40284e-07,271.856,3965.56,1.86061e-07,307.719,4985.38,4.37004e-07,348.313,6265.4,3.59828e-07,394.26,7870.83,3.98192e-07,446.268,9882.51,-1.92908e-07,505.135,12400.3,-2.20392e-07,571.766,15546.9,1.51705e-07,647.184,19472.2,5.74996e-07,732.547,24357.4,5.39112e-07,829.167,30420,5.07815e-09,938.526,37916.3,-4.11492e-07,1062.3,47143.9,-3.9561e-07,1202.4,58439.2,3.86185e-08,1360.96,72169.3,5.94093e-07,1540.42,88715.8,7.47693e-07,1743.53,108445,1.78537e-07,1973.41,131665,-4.12549e-07,2233.57,158557,-5.37164e-07,2528,189103,-1.17615e-07,2861.2,222986,5.66769e-07,3238.27,259510,9.45053e-07,3664.97,297540,4.25093e-07,4147.81,335497,-3.58506e-07,4694.17,371444,-6.7724e-07,5312.37,403256,1.67192e-07,1.61744,3.89446,9.84394,3.28846,7.5504,12.774,5.07607,11.7187,13.6844,7.03202,16.8147,13.9681,9.20215,23.1769,14.0566,11.6301,31.1672,14.0841,14.3598,41.2186,14.0927,17.4376,53.8688,14.0954,20.9137,69.7915,14.0962,24.8432,89.8341,14.0965,29.2879,115.063,14.0966,34.3168,146.819,14.0966,40.0078,186.792,14.0966,46.4487,237.107,14.0966,53.7388,300.44,14.0966,61.9903,380.158,14.0966,71.3301,480.499,14.0966,81.902,606.796,14.0966,93.8685,765.761,14.0966,107.414,965.837,14.0966,122.746,1217.65,14.0966,140.101,1534.57,14.0966,159.745,1933.41,14.0966,181.981,2435.3,14.0966,207.15,3066.85,14.0966,235.64,3861.46,14.0966,267.889,4861.11,14.0966,304.391,6118.54,14.0966,345.709,7699.91,14.0966,392.478,9688.22,14.0966,445.417,12187.5,14.0966,505.339,15327.7,14.0966,573.165,19271.6,14.0966,649.938,24222,14.0966,736.839,30430.9,14.0966,835.202,38211.5,14.0966,946.539,47950.3,14.0966,1072.56,60122.8,14.0966,1215.21,75309.9,14.0966,1376.66,94216.2,14.0966,1559.41,117688,14.0966,1766.26,146729,14.0966,2000.39,182510,14.0966,2265.39,226372,14.0966,2565.33,279806,14.0966,2904.81,344416,14.0966,3289.05,421845,14.0966,3723.93,513667,14.0966,4216.13,621231,14.0966,4773.18,745478,14.0966,5403.64,886744,14.0966,6117.15,1.04457e+06,14.0966,6924.63,1.2176e+06,14.0966,11.7194,11.96,12.6541,13.9321,16.1295,13.6434,16.6097,21.9702,13.9553,19.7532,29.5285,14.0526,23.3844,39.1143,14.0829,27.5423,51.2054,14.0923,32.2796,66.434,14.0953,37.662,85.6061,14.0962,43.7675,109.74,14.0965,50.687,140.119,14.0966,58.5249,178.359,14.0966,67.4005,226.493,14.0966,77.4493,287.08,14.0966,88.8254,363.343,14.0966,101.703,459.336,14.0966,116.281,580.161,14.0966,132.782,732.241,14.0966,151.46,923.655,14.0966,172.603,1164.57,14.0966,196.535,1467.79,14.0966,223.625,1849.39,14.0966,254.288,2329.62,14.0966,288.997,2933.93,14.0966,328.285,3694.33,14.0966,372.755,4651.04,14.0966,423.092,5854.57,14.0966,480.07,7368.38,14.0966,544.564,9272.08,14.0966,617.566,11665.5,14.0966,700.197,14673.6,14.0966,793.729,18452.9,14.0966,899.599,23198.6,14.0966,1019.43,29154.1,14.0966,1155.07,36622.3,14.0966,1308.6,45977.9,14.0966,1482.39,57683.7,14.0966,1679.09,72307.8,14.0966,1901.73,90542.8,14.0966,2153.73,113226,14.0966,2438.97,141360,14.0966,2761.81,176127,14.0966,3127.22,218898,14.0966,3540.81,271226,14.0966,4008.92,334817,14.0966,4538.74,411470,14.0966,5138.38,502973,14.0966,5817.04,610948,14.0966,6585.12,736653,14.0966,7454.39,880741,14.0966,8438.15,1.04302e+06,14.0966,9551.45,1.22224e+06,14.0966,10811.3,1.41602e+06,14.0966,12237,1.62086e+06,14.0966,11.7194,11.96,12.6541,2.21263,4.16949,0.989383,2.67766,5.84076,0.311842,3.14343,7.55825,0.0972771,3.63127,9.58578,0.0303237,4.15787,12.0912,0.00945211,4.73731,15.2286,0.00294633,5.38238,19.1721,0.000918508,6.10553,24.134,0.000286163,6.91951,30.3791,8.92692e-05,7.83792,38.2397,2.78121e-05,8.87555,48.1338,8.65134e-06,10.0489,60.5876,2.7882e-06,11.3761,76.2629,8.29036e-07,12.8779,95.9927,2.4373e-07,14.5775,120.825,4.33068e-09,16.5012,152.08,1.75749e-07,18.6784,191.415,-1.86328e-07,21.1428,240.917,1.91829e-07,23.9322,303.213,-1.81475e-07,27.0895,381.602,7.0186e-08,30.6634,480.231,-2.86769e-08,34.7087,604.316,2.40784e-07,39.2876,760.401,9.87368e-08,44.4705,956.705,1.22263e-07,50.3371,1203.54,-4.31966e-07,56.9776,1513.81,-1.9705e-07,64.494,1903.69,-2.763e-08,73.0018,2393.4,3.9185e-07,82.6317,3008.13,1.35379e-07,93.5318,3779.25,-4.16351e-08,105.869,4745.7,2.06965e-08,119.834,5955.6,-3.18887e-07,135.641,7468.12,-1.48271e-08,153.531,9355.62,2.00739e-07,173.781,11705.8,2.28358e-07,196.701,14624.1,-1.93587e-08,222.642,18235,-2.88101e-07,252.003,22683.4,-2.24732e-07,285.234,28134,8.56806e-09,322.845,34767,2.34258e-07,365.413,42770.9,2.99668e-07,413.588,52327.9,8.28644e-08,468.111,63591.2,-3.07049e-07,529.814,76653.2,-3.1888e-07,599.642,91502.5,-6.72276e-08,678.662,107975,2.26339e-07,768.083,125705,3.69212e-07,869.267,144088,2.04077e-07,983.76,162277,-2.80509e-07,1113.3,179223,-4.22737e-07,1259.87,193777,-1.71951e-07,1425.68,204839,4.55555e-07,11.7194,11.96,12.6541,2.21263,4.16949,0.989383,2.67766,5.84076,0.311842,3.14343,7.55825,0.0972771,3.63127,9.58578,0.0303237,4.15787,12.0912,0.00945211,4.73731,15.2286,0.00294633,5.38238,19.1721,0.000918508,6.10553,24.134,0.000286163,6.91951,30.3791,8.92692e-05,7.83792,38.2397,2.78121e-05,8.87555,48.1338,8.65134e-06,10.0489,60.5876,2.7882e-06,11.3761,76.2629,8.29036e-07,12.8779,95.9927,2.4373e-07,14.5775,120.825,1e-08,16.5012,152.08,1.75749e-07,18.6784,191.415,1e-08,21.1428,240.917,1.91829e-07,23.9322,303.213,1e-08,27.0895,381.602,7.0186e-08,30.6634,480.231,1e-08,34.7087,604.316,2.40784e-07,39.2876,760.401,9.87368e-08,44.4705,956.705,1.22263e-07,50.3371,1203.54,1e-08,56.9776,1513.81,1e-08,64.494,1903.69,1e-08,73.0018,2393.4,3.9185e-07,82.6317,3008.13,1.35379e-07,93.5318,3779.25,1e-08,105.869,4745.7,2.06965e-08,119.834,5955.6,1e-08,135.641,7468.12,1e-08,153.531,9355.62,2.00739e-07,173.781,11705.8,2.28358e-07,196.701,14624.1,1e-08,222.642,18235,1e-08,252.003,22683.4,1e-08,285.234,28134,1e-08,322.845,34767,2.34258e-07,365.413,42770.9,2.99668e-07,413.588,52327.9,8.28644e-08,468.111,63591.2,1e-08,529.814,76653.2,1e-08,599.642,91502.5,1e-08,678.662,107975,2.26339e-07,768.083,125705,3.69212e-07,869.267,144088,2.04077e-07,983.76,162277,1e-08,1113.3,179223,1e-08,1259.87,193777,1e-08,1425.68,204839,4.55555e-07,6.2823,3.27286,2.43537,0.219672,6.18826,2.24117,0.56371,6.87772,2.63624,0.308279,14,14,10,4,5,0,4,10,0,4,12,0,4,18,0,7,17,0,4,20,0,2,30,0,4,32,0,7,33,0,4,41,0,12,80,0,28,48,0,3,130,0,11,127,0,13,83,0,9,157,0,19,178,0,12,274,0,32,184,0,40,287,0,49,326,0,30,453,0,57,922,0,26,698,0,46,881,0,32,2238,0,25,2707,0,98,1005,0,102,4001,0,45,5154,0,142,3085,0,85,4376,0,148,6498,0,54,9197,0,87,8124,0,222,13132,0,365,25325,0,251,21240,0,362,21818,0,459,25462,0,484,28305,0,884,50848,0,1112,54066,0,495,64593,0,450,96638,0,378,80140,0,466,109293,0,1003,78166,0,1175,110228,0,482,104953,0,1817,102305,0,1155,364849,0
-1.05176e+08,1,8.88811e-15,10,1023,0,1.05176e+08,0.528882,1.08665,0.389689,0.145397,0.379329,3.24381,0.161596,0.446195,1.77396,0.159177,1.15e+07,4.49998e+06,6.79999e+06,1.15e+07,4.49997e+06,6.79999e+06,1.15e+07,4.49996e+06,6.79999e+06,1.15e+07,4.49995e+06,6.79999e+06,1.14999e+07,4.49993e+06,6.79999e+06,1.14999e+07,4.49991e+06,6.79999e+06,1.14999e+07,4.49989e+06,6.79999e+06,1.14999e+07,4.49986e+06,6.79999e+06,1.14999e+07,4.49982e+06,6.79999e+06,1.14999e+07,4.49977e+06,6.79999e+06,1.14999e+07,4.49971e+06,6.79999e+06,1.14999e+07,4.49963e+06,6.79999e+06,1.14998e+07,4.49953e+06,6.79999e+06,1.14998e+07,4.49941e+06,6.79999e+06,1.14998e+07,4.49926e+06,6.79999e+06,1.14998e+07,4.49906e+06,6.79999e+06,1.14997e+07,4.49882e+06,6.79999e+06,1.14997e+07,4.49851e+06,6.79999e+06,1.14997e+07,4.49812e+06,6.79999e+06,1.14996e+07,4.49764e+06,6.79999e+06,1.14996e+07,4.49702e+06,6.79999e+06,1.14995e+07,4.49625e+06,6.79999e+06,1.14995e+07,4.49528e+06,6.79999e+06,1.14994e+07,4.49406e+06,6.79999e+06,1.14993e+07,4.49253e+06,6.79999e+06,1.14992e+07,4.49059e+06,6.79999e+06,1.14991e+07,4.48817e+06,6.79999e+06,1.1499e+07,4.48511e+06,6.79999e+06,1.14988e+07,4.48128e+06,6.79999e+06,1.14987e+07,4.47646e+06,6.79999e+06,1.14985e+07,4.47041e+06,6.79999e+06,1.14983e+07,4.46281e+06,6.79999e+06,1.14981e+07,4.4533e+06,6.79999e+06,1.14979e+07,4.44138e+06,6.79999e+06,1.14976e+07,4.42649e+06,6.79999e+06,1.14972e+07,4.40789e+06,6.79999e+06,1.14969e+07,4.38471e+06,6.79999e+06,1.14965e+07,4.35592e+06,6.79999e+06,1.1496e+07,4.32027e+06,6.79999e+06,1.14955e+07,4.27629e+06,6.79999e+06,1.14949e+07,4.22231e+06,6.79999e+06,1.14942e+07,4.15647e+06,6.79999e+06,1.14934e+07,4.07676e+06,6.79999e+06,1.14926e+07,3.98112e+06,6.79999e+06,1.14916e+07,3.86765e+06,6.79999e+06,1.14905e+07,3.73474e+06,6.79999e+06,1.14892e+07,3.58148e+06,6.79999e+06,1.14878e+07,3.40785e+06,6.79999e+06,1.14862e+07,3.21513e+06,6.79999e+06,1.14844e+07,3.00605e+06,6.79999e+06,1.14823e+07,2.7848e+06,6.79999e+06,1.148e+07,2.5568e+06,6.79999e+06,1.14773e+07,2.32825e+06,6.79999e+06,13.5742,8.52444,0.508366,16.8306,13.2585,0.162638,20.0035,17.569,0.0507846,23.2616,22.4214,0.0158319,26.7328,28.3297,0.00493498,30.5212,35.6974,0.00153831,34.7178,44.9473,0.000479527,39.4086,56.5822,0.000149456,44.6796,71.2245,4.66214e-05,50.6209,89.6543,1.45419e-05,57.3297,112.852,4.54748e-06,64.9129,142.051,1.43857e-06,73.4897,178.803,4.36618e-07,83.1934,225.062,1.40153e-07,94.1745,283.286,4.96378e-08,106.602,356.568,1.05434e-07,120.669,448.799,-6.49244e-08,136.59,564.873,1.70148e-07,154.611,710.948,-5.34594e-08,175.008,894.767,1.63407e-07,198.097,1126.06,8.04804e-08,224.231,1417.07,1.14667e-07,253.813,1783.15,-1.71227e-07,287.297,2243.62,-2.88466e-07,325.198,2822.67,-4.33651e-07,368.098,3550.67,7.9318e-08,416.657,4465.65,3.13319e-07,471.621,5615.16,3.4613e-07,533.835,7058.61,-1.19199e-07,604.255,8870.02,-2.79964e-07,683.962,11141.4,-2.30521e-07,774.182,13986.7,-2.55099e-07,876.299,17546.4,1.23585e-07,991.883,21993.1,1.41192e-07,1122.71,27536.7,-9.71886e-08,1270.78,34430.7,-3.68368e-07,1438.38,42977.7,-3.45379e-07,1628.07,53532.7,-3.25328e-09,1842.77,66504.6,2.6362e-07,2085.77,82350.2,2.53445e-07,2360.79,101560,-2.47407e-08,2672.05,124632,-3.80602e-07,3024.31,152018,-4.79005e-07,3422.98,184060,-1.14379e-07,3874.15,220884,2.64297e-07,4384.72,262283,3.44131e-07,4962.49,307576,7.5349e-08,5616.29,355497,-3.63097e-07,6356.1,404126,-6.05442e-07,7193.18,450932,-2.72333e-07,8140.28,492963,2.29675e-07,9211.79,527178,4.3387e-07,10424,550893,-1.0711e-07,10.102,8.06553,2.81012,10.6436,8.57909,0.869423,11.5336,10.2515,0.270869,12.7211,12.7138,0.0844293,14.1823,15.9373,0.0263173,15.9122,20.0383,0.0082035,17.9198,25.2154,0.00255722,20.2244,31.7373,0.000797017,22.8539,39.9486,0.000248622,25.8438,50.2851,7.75492e-05,29.237,63.2963,2.42508e-05,33.0837,79.6738,7.67162e-06,37.4415,100.288,2.32837e-06,42.3767,126.236,7.33e-07,47.9646,158.896,2.79256e-07,54.2906,200.003,9.87351e-09,61.452,251.741,1.61085e-07,69.5585,316.859,-2.47141e-07,78.7347,398.812,8.93552e-08,89.1218,501.948,-2.53231e-07,100.879,631.736,-1.25047e-07,114.188,795.049,-1.78808e-07,129.252,1000.53,2.6733e-07,146.304,1259.03,4.50292e-07,165.605,1584.19,6.76904e-07,187.452,1993.12,-1.23808e-07,212.181,2507.27,-4.89068e-07,240.173,3153.54,-5.40284e-07,271.856,3965.56,1.86061e-07,307.719,4985.38,4.37004e-07,348.313,6265.4,3.59828e-07,394.26,7870.83,3.98192e-07,446.268,9882.51,-1.92908e-07,505.135,12400.3,-2.20392e-07,571.766,15546.9,1.51705e-07,647.184,19472.2,5.74996e-07,732.547,24357.4,5.39112e-07,829.167,30420,5.07815e-09,938.526,37916.3,-4.11492e-07,1062.3,47143.9,-3.9561e-07,1202.4,58439.2,3.86185e-08,1360.96,72169.3,5.94093e-07,1540.42,88715.8,7.47693e-07,1743.53,108445,1.78537e-07,1973.41,131665,-4.12549e-07,2233.57,158557,-5.37164e-07,2528,189103,-1.17615e-07,2861.2,222986,5.66769e-07,3238.27,259510,9.45053e-07,3664.97,297540,4.25093e-07,4147.81,335497,-3.58506e-07,4694.17,371444,-6.7724e-07,5312.37,403256,1.67192e-07,1.61744,3.89446,9.84394,3.28846,7.5504,12.774,5.07607,11.7187,13.6844,7.03202,16.8147,13.9681,9.20215,23.1769,14.0566,11.6301,31.1672,14.0841,14.3598,41.2186,14.0927,17.4376,53.8688,14.0954,20.9137,69.7915,14.0962,24.8432,89.8341,14.0965,29.2879,115.063,14.0966,34.3168,146.819,14.0966,40.0078,186.792,14.0966,46.4487,237.107,14.0966,53.7388,300.44,14.0966,61.9903,380.158,14.0966,71.3301,480.499,14.0966,81.902,606.796,14.0966,93.8685,765.761,14.0966,107.414,965.837,14.0966,122.746,1217.65,14.0966,140.101,1534.57,14.0966,159.745,1933.41,14.0966,181.981,2435.3,14.0966,207.15,3066.85,14.0966,235.64,3861.46,14.0966,267.889,4861.11,14.0966,304.391,6118.54,14.0966,345.709,7699.91,14.0966,392.478,9688.22,14.0966,445.417,12187.5,14.0966,505.339,15327.7,14.0966,573.165,19271.6,14.0966,649.938,24222,14.0966,736.839,30430.9,14.0966,835.202,38211.5,14.0966,946.539,47950.3,14.0966,1072.56,60122.8,14.0966,1215.21,75309.9,14.0966,1376.66,94216.2,14.0966,1559.41,117688,14.0966,1766.26,146729,14.0966,2000.39,182510,14.0966,2265.39,226372,14.0966,2565.33,279806,14.0966,2904.81,344416,14.0966,3289.05,421845,14.0966,3723.93,513667,14.0966,4216.13,621231,14.0966,4773.18,745478,14.0966,5403.64,886744,14.0966,6117.15,1.04457e+06,14.0966,6924.63,1.2176e+06,14.0966,11.7194,11.96,12.6541,13.9321,16.1295,13.6434,16.6097,21.9702,13.9553,19.7532,29.5285,14.0526,23.3844,39.1143,14.0829,27.5423,51.2054,14.0923,32.2796,66.434,14.0953,37.662,85.6061,14.0962,43.7675,109.74,14.0965,50.687,140.119,14.0966,58.5249,178.359,14.0966,67.4005,226.493,14.0966,77.4493,287.08,14.0966,88.8254,363.343,14.0966,101.703,459.336,14.0966,116.281,580.161,14.0966,132.782,732.241,14.0966,151.46,923.655,14.0966,172.603,1164.57,14.0966,196.535,1467.79,14.0966,223.625,1849.39,14.0966,254.288,2329.62,14.0966,288.997,2933.93,14.0966,328.285,3694.33,14.0966,372.755,4651.04,14.0966,423.092,5854.57,14.0966,480.07,7368.38,14.0966,544.564,9272.08,14.0966,617.566,11665.5,14.0966,700.197,14673.6,14.0966,793.729,18452.9,14.0966,899.599,23198.6,14.0966,1019.43,29154.1,14.0966,1155.07,36622.3,14.0966,1308.6,45977.9,14.0966,1482.39,57683.7,14.0966,1679.09,72307.8,14.0966,1901.73,90542.8,14.0966,2153.73,113226,14.0966,2438.97,141360,14.0966,2761.81,176127,14.0966,3127.22,218898,14.0966,3540.81,271226,14.0966,4008.92,334817,14.0966,4538.74,411470,14.0966,5138.38,502973,14.0966,5817.04,610948,14.0966,6585.12,736653,14.0966,7454.39,880741,14.0966,8438.15,1.04302e+06,14.0966,9551.45,1.22224e+06,14.0966,10811.3,1.41602e+06,14.0966,12237,1.62086e+06,14.0966,11.7194,11.96,12.6541,2.21263,4.16949,0.989383,2.67766,5.84076,0.311842,3.14343,7.55825,0.0972771,3.63127,9.58578,0.0303237,4.15787,12.0912,0.00945211,4.73731,15.2286,0.00294633,5.38238,19.1721,0.000918508,6.10553,24.134,0.000286163,6.91951,30.3791,8.92692e-05,7.83792,38.2397,2.78121e-05,8.87555,48.1338,8.65134e-06,10.0489,60.5876,2.7882e-06,11.3761,76.2629,8.29036e-07,12.8779,95.9927,2.4373e-07,14.5775,120.825,4.33068e-09,16.5012,152.08,1.75749e-07,18.6784,191.415,-1.86328e-07,21.1428,240.917,1.91829e-07,23.9322,303.213,-1.81475e-07,27.0895,381.602,7.0186e-08,30.6634,480.231,-2.86769e-08,34.7087,604.316,2.40784e-07,39.2876,760.401,9.87368e-08,44.4705,956.705,1.22263e-07,50.3371,1203.54,-4.31966e-07,56.9776,1513.81,-1.9705e-07,64.494,1903.69,-2.763e-08,73.0018,2393.4,3.9185e-07,82.6317,3008.13,1.35379e-07,93.5318,3779.25,-4.16351e-08,105.869,4745.7,2.06965e-08,119.834,5955.6,-3.18887e-07,135.641,7468.12,-1.48271e-08,153.531,9355.62,2.00739e-07,173.781,11705.8,2.28358e-07,196.701,14624.1,-1.93587e-08,222.642,18235,-2.88101e-07,252.003,22683.4,-2.24732e-07,285.234,28134,8.56806e-09,322.845,34767,2.34258e-07,365.413,42770.9,2.99668e-07,413.588,52327.9,8.28644e-08,468.111,63591.2,-3.07049e-07,529.814,76653.2,-3.1888e-07,599.642,91502.5,-6.72276e-08,678.662,107975,2.26339e-07,768.083,125705,3.69212e-07,869.267,144088,2.04077e-07,983.76,162277,-2.80509e-07,1113.3,179223,-4.22737e-07,1259.87,193777,-1.71951e-07,1425.68,204839,4.55555e-07,11.7194,11.96,12.6541,2.21263,4.16949,0.989383,2.67766,5.84076,0.311842,3.14343,7.55825,0.0972771,3.63127,9.58578,0.0303237,4.15787,12.0912,0.00945211,4.73731,15.2286,0.00294633,5.38238,19.1721,0.000918508,6.10553,24.134,0.000286163,6.91951,30.3791,8.92692e-05,7.83792,38.2397,2.78121e-05,8.87555,48.1338,8.65134e-06,10.0489,60.5876,2.7882e-06,11.3761,76.2629,8.29036e-07,12.8779,95.9927,2.4373e-07,14.5775,120.825,1e-08,16.5012,152.08,1.75749e-07,18.6784,191.415,1e-08,21.1428,240.917,1.91829e-07,23.9322,303.213,1e-08,27.0895,381.602,7.0186e-08,30.6634,480.231,1e-08,34.7087,604.316,2.40784e-07,39.2876,760.401,9.87368e-08,44.4705,956.705,1.22263e-07,50.3371,1203.54,1e-08,56.9776,1513.81,1e-08,64.494,1903.69,1e-08,73.0018,2393.4,3.9185e-07,82.6317,3008.13,1.35379e-07,93.5318,3779.25,1e-08,105.869,4745.7,2.06965e-08,119.834,5955.6,1e-08,135.641,7468.12,1e-08,153.531,9355.62,2.00739e-07,173.781,11705.8,2.28358e-07,196.701,14624.1,1e-08,222.642,18235,1e-08,252.003,22683.4,1e-08,285.234,28134,1e-08,322.845,34767,2.34258e-07,365.413,42770.9,2.99668e-07,413.588,52327.9,8.28644e-08,468.111,63591.2,1e-08,529.814,76653.2,1e-08,599.642,91502.5,1e-08,678.662,107975,2.26339e-07,768.083,125705,3.69212e-07,869.267,144088,2.04077e-07,983.76,162277,1e-08,1113.3,179223,1e-08,1259.87,193777,1e-08,1425.68,204839,4.55555e-07,6.2823,3.27286,2.43537,0.219672,6.18826,2.24117,0.56371,6.87772,2.63624,0.308279,9,14,7,3,8,4,3,12,0,1,6,0,7,4,1,2,15,0,5,9,0,5,35,0,2,18,0,1,41,0,12,43,0,7,58,0,18,84,0,13,74,0,8,102,0,12,120,0,16,204,0,14,215,0,14,214,0,17,125,0,33,396,0,43,273,0,38,827,0,67,749,0,59,601,0,31,1245,0,59,945,0,86,1739,0,108,1932,0,59,5726,0,66,3175,0,66,2019,0,109,9935,0,199,9153,0,103,10145,0,93,20473,0,224,25399,0,523,14664,0,373,20189,0,474,16452,0,452,25269,0,549,44060,0,224,52073,0,573,40233,0,1041,51137,0,866,98308,0,718,113661,0,400,70572,0,1601,229559,0,880,452696,0,558,153951,0,1693,271222,0,1291,345147,0
-1.05176e+08,1.48641e-52,8.88811e-15,10,1023,0,1.05176e+08,0.528882,1.08665,0.389689,0.145397,0.379329,3.24381,0.161596,0.446195,1.77396,0.159177,1.15e+07,4.49998e+06,6.79999e+06,1.15e+07,4.49997e+06,6.79999e+06,1.15e+07,4.49996e+06,6.79999e+06,1.15e+07,4.49995e+06,6.79999e+06,1.14999e+07,4.49993e+06,6.79999e+06,1.14999e+07,4.49991e+06,6.79999e+06,1.14999e+07,4.49989e+06,6.79999e+06,1.14999e+07,4.49986e+06,6.79999e+06,1.14999e+07,4.49982e+06,6.79999e+06,1.14999e+07,4.49977e+06,6.79999e+06,1.14999e+07,4.49971e+06,6.79999e+06,1.14999e+07,4.49963e+06,6.79999e+06,1.14998e+07,4.49953e+06,6.79999e+06,1.14998e+07,4.49941e+06,6.79999e+06,1.14998e+07,4.49926e+06,6.79999e+06,1.14998e+07,4.49906e+06,6.79999e+06,1.14997e+07,4.49882e+06,6.79999e+06,1.14997e+07,4.49851e+06,6.79999e+06,1.14997e+07,4.49812e+06,6.79999e+06,1.14996e+07,4.49764e+06,6.79999e+06,1.14996e+07,4.49702e+06,6.79999e+06,1.14995e+07,4.49625e+06,6.79999e+06,1.14995e+07,4.49528e+06,6.79999e+06,1.14994e+07,4.49406e+06,6.79999e+06,1.14993e+07,4.49253e+06,6.79999e+06,1.14992e+07,4.49059e+06,6.79999e+06,1.14991e+07,4.48817e+06,6.79999e+06,1.1499e+07,4.48511e+06,6.79999e+06,1.14988e+07,4.48128e+06,6.79999e+06,1.14987e+07,4.47646e+06,6.79999e+06,1.14985e+07,4.47041e+06,6.79999e+06,1.14983e+07,4.46281e+06,6.79999e+06,1.14981e+07,4.4533e+06,6.79999e+06,1.14979e+07,4.44138e+06,6.79999e+06,1.14976e+07,4.42649e+06,6.79999e+06,1.14972e+07,4.40789e+06,6.79999e+06,1.14969e+07,4.38471e+06,6.79999e+06,1.14965e+07,4.35592e+06,6.79999e+06,1.1496e+07,4.32027e+06,6.79999e+06,1.14955e+07,4.27629e+06,6.79999e+06,1.14949e+07,4.22231e+06,6.79999e+06,1.14942e+07,4.15647e+06,6.79999e+06,1.14934e+07,4.07676e+06,6.79999e+06,1.14926e+07,3.98112e+06,6.79999e+06,1.14916e+07,3.86765e+06,6.79999e+06,1.14905e+07,3.73474e+06,6.79999e+06,1.14892e+07,3.58148e+06,6.79999e+06,1.14878e+07,3.40785e+06,6.79999e+06,1.14862e+07,3.21513e+06,6.79999e+06,1.14844e+07,3.00605e+06,6.79999e+06,1.14823e+07,2.7848e+06,6.79999e+06,1.148e+07,2.5568e+06,6.79999e+06,1.14773e+07,2.32825e+06,6.79999e+06,13.5742,8.52444,0.508366,16.8306,13.2585,0.162638,20.0035,17.569,0.0507846,23.2616,22.4214,0.0158319,26.7328,28.3297,0.00493498,30.5212,35.6974,0.00153831,34.7178,44.9473,0.000479527,39.4086,56.5822,0.000149456,44.6796,71.2245,4.66214e-05,50.6209,89.6543,1.45419e-05,57.3297,112.852,4.54748e-06,64.9129,142.051,1.43857e-06,73.4897,178.803,4.36618e-07,83.1934,225.062,1.40153e-07,94.1745,283.286,4.96378e-08,106.602,356.568,1.05434e-07,120.669,448.799,-6.49244e-08,136.59,564.873,1.70148e-07,154.611,710.948,-5.34594e-08,175.008,894.767,1.63407e-07,198.097,1126.06,8.04804e-08,224.231,1417.07,1.14667e-07,253.813,1783.15,-1.71227e-07,287.297,2243.62,-2.88466e-07,325.198,2822.67,-4.33651e-07,368.098,3550.67,7.9318e-08,416.657,4465.65,3.13319e-07,471.621,5615.16,3.4613e-07,533.835,7058.61,-1.19199e-07,604.255,8870.02,-2.79964e-07,683.962,11141.4,-2.30521e-07,774.182,13986.7,-2.55099e-07,876.299,17546.4,1.23585e-07,991.883,21993.1,1.41192e-07,1122.71,27536.7,-9.71886e-08,1270.78,34430.7,-3.68368e-07,1438.38,42977.7,-3.45379e-07,1628.07,53532.7,-3.25328e-09,1842.77,66504.6,2.6362e-07,2085.77,82350.2,2.53445e-07,2360.79,101560,-2.47407e-08,2672.05,124632,-3.80602e-07,3024.31,152018,-4.79005e-07,3422.98,184060,-1.14379e-07,3874.15,220884,2.64297e-07,4384.72,262283,3.44131e-07,4962.49,307576,7.5349e-08,5616.29,355497,-3.63097e-07,6356.1,404126,-6.05442e-07,7193.18,450932,-2.72333e-07,8140.28,492963,2.29675e-07,9211.79,527178,4.3387e-07,10424,550893,-1.0711e-07,10.102,8.06553,2.81012,10.6436,8.57909,0.869423,11.5336,10.2515,0.270869,12.7211,12.7138,0.0844293,14.1823,15.9373,0.0263173,15.9122,20.0383,0.0082035,17.9198,25.2154,0.00255722,20.2244,31.7373,0.000797017,22.8539,39.9486,0.000248622,25.8438,50.2851,7.75492e-05,29.237,63.2963,2.42508e-05,33.0837,79.6738,7.67162e-06,37.4415,100.288,2.32837e-06,42.3767,126.236,7.33e-07,47.9646,158.896,2.79256e-07,54.2906,200.003,9.87351e-09,61.452,251.741,1.61085e-07,69.5585,316.859,-2.47141e-07,78.7347,398.812,8.93552e-08,89.1218,501.948,-2.53231e-07,100.879,631.736,-1.25047e-07,114.188,795.049,-1.78808e-07,129.252,1000.53,2.6733e-07,146.304,1259.03,4.50292e-07,165.605,1584.19,6.76904e-07,187.452,1993.12,-1.23808e-07,212.181,2507.27,-4.89068e-07,240.173,3153.54,-5.40284e-07,271.856,3965.56,1.86061e-07,307.719,4985.38,4.37004e-07,348.313,6265.4,3.59828e-07,394.26,7870.83,3.98192e-07,446.268,9882.51,-1.92908e-07,505.135,12400.3,-2.20392e-07,571.766,15546.9,1.51705e-07,647.184,19472.2,5.74996e-07,732.547,24357.4,5.39112e-07,829.167,30420,5.07815e-09,938.526,37916.3,-4.11492e-07,1062.3,47143.9,-3.9561e-07,1202.4,58439.2,3.86185e-08,1360.96,72169.3,5.94093e-07,1540.42,88715.8,7.47693e-07,1743.53,108445,1.78537e-07,1973.41,131665,-4.12549e-07,2233.57,158557,-5.37164e-07,2528,189103,-1.17615e-07,2861.2,222986,5.66769e-07,3238.27,259510,9.45053e-07,3664.97,297540,4.25093e-07,4147.81,335497,-3.58506e-07,4694.17,371444,-6.7724e-07,5312.37,403256,1.67192e-07,1.61744,3.89446,9.84394,3.28846,7.5504,12.774,5.07607,11.7187,13.6844,7.03202,16.8147,13.9681,9.20215,23.1769,14.0566,11.6301,31.1672,14.0841,14.3598,41.2186,14.0927,17.4376,53.8688,14.0954,20.9137,69.7915,14.0962,24.8432,89.8341,14.0965,29.2879,115.063,14.0966,34.3168,146.819,14.0966,40.0078,186.792,14.0966,46.4487,237.107,14.0966,53.7388,300.44,14.0966,61.9903,380.158,14.0966,71.3301,480.499,14.0966,81.902,606.796,14.0966,93.8685,765.761,14.0966,107.414,965.837,14.0966,122.746,1217.65,14.0966,140.101,1534.57,14.0966,159.745,1933.41,14.0966,181.981,2435.3,14.0966,207.15,3066.85,14.0966,235.64,3861.46,14.0966,267.889,4861.11,14.0966,304.391,6118.54,14.0966,345.709,7699.91,14.0966,392.478,9688.22,14.0966,445.417,12187.5,14.0966,505.339,15327.7,14.0966,573.165,19271.6,14.0966,649.938,24222,14.0966,736.839,30430.9,14.0966,835.202,38211.5,14.0966,946.539,47950.3,14.0966,1072.56,60122.8,14.0966,1215.21,75309.9,14.0966,1376.66,94216.2,14.0966,1559.41,117688,14.0966,1766.26,146729,14.0966,2000.39,182510,14.0966,2265.39,226372,14.0966,2565.33,279806,14.0966,2904.81,344416,14.0966,3289.05,421845,14.0966,3723.93,513667,14.0966,4216.13,621231,14.0966,4773.18,745478,14.0966,5403.64,886744,14.0966,6117.15,1.04457e+06,14.0966,6924.63,1.2176e+06,14.0966,11.7194,11.96,12.6541,13.9321,16.1295,13.6434,16.6097,21.9702,13.9553,19.7532,29.5285,14.0526,23.3844,39.1143,14.0829,27.5423,51.2054,14.0923,32.2796,66.434,14.0953,37.662,85.6061,14.0962,43.7675,109.74,14.0965,50.687,140.119,14.0966,58.5249,178.359,14.0966,67.4005,226.493,14.0966,77.4493,287.08,14.0966,88.8254,363.343,14.0966,101.703,459.336,14.0966,116.281,580.161,14.0966,132.782,732.241,14.0966,151.46,923.655,14.0966,172.603,1164.57,14.0966,196.535,1467.79,14.0966,223.625,1849.39,14.0966,254.288,2329.62,14.0966,288.997,2933.93,14.0966,328.285,3694.33,14.0966,372.755,4651.04,14.0966,423.092,5854.57,14.0966,480.07,7368.38,14.0966,544.564,9272.08,14.0966,617.566,11665.5,14.0966,700.197,14673.6,14.0966,793.729,18452.9,14.0966,899.599,23198.6,14.0966,1019.43,29154.1,14.0966,1155.07,36622.3,14.0966,1308.6,45977.9,14.0966,1482.39,57683.7,14.0966,1679.09,72307.8,14.0966,1901.73,90542.8,14.0966,2153.73,113226,14.0966,2438.97,141360,14.0966,2761.81,176127,14.0966,3127.22,218898,14.0966,3540.81,271226,14.0966,4008.92,334817,14.0966,4538.74,411470,14.0966,5138.38,502973,14.0966,5817.04,610948,14.0966,6585.12,736653,14.0966,7454.39,880741,14.0966,8438.15,1.04302e+06,14.0966,9551.45,1.22224e+06,14.0966,10811.3,1.41602e+06,14.0966,12237,1.62086e+06,14.0966,11.7194,11.96,12.6541,2.21263,4.16949,0.989383,2.67766,5.84076,0.311842,3.14343,7.55825,0.0972771,3.63127,9.58578,0.0303237,4.15787,12.0912,0.00945211,4.73731,15.2286,0.00294633,5.38238,19.1721,0.000918508,6.10553,24.134,0.000286163,6.91951,30.3791,8.92692e-05,7.83792,38.2397,2.78121e-05,8.87555,48.1338,8.65134e-06,10.0489,60.5876,2.7882e-06,11.3761,76.2629,8.29036e-07,12.8779,95.9927,2.4373e-07,14.5775,120.825,4.33068e-09,16.5012,152.08,1.75749e-07,18.6784,191.415,-1.86328e-07,21.1428,240.917,1.91829e-07,23.9322,303.213,-1.81475e-07,27.0895,381.602,7.0186e-08,30.6634,480.231,-2.86769e-08,34.7087,604.316,2.40784e-07,39.2876,760.401,9.87368e-08,44.4705,956.705,1.22263e-07,50.3371,1203.54,-4.31966e-07,56.9776,1513.81,-1.9705e-07,64.494,1903.69,-2.763e-08,73.0018,2393.4,3.9185e-07,82.6317,3008.13,1.35379e-07,93.5318,3779.25,-4.16351e-08,105.869,4745.7,2.06965e-08,119.834,5955.6,-3.18887e-07,135.641,7468.12,-1.48271e-08,153.531,9355.62,2.00739e-07,173.781,11705.8,2.28358e-07,196.701,14624.1,-1.93587e-08,222.642,18235,-2.88101e-07,252.003,22683.4,-2.24732e-07,285.234,28134,8.56806e-09,322.845,34767,2.34258e-07,365.413,42770.9,2.99668e-07,413.588,52327.9,8.28644e-08,468.111,63591.2,-3.07049e-07,529.814,76653.2,-3.1888e-07,599.642,91502.5,-6.72276e-08,678.662,107975,2.26339e-07,768.083,125705,3.69212e-07,869.267,144088,2.04077e-07,983.76,162277,-2.80509e-07,1113.3,179223,-4.22737e-07,1259.87,193777,-1.71951e-07,1425.68,204839,4.55555e-07,11.7194,11.96,12.6541,2.21263,4.16949,0.989383,2.67766,5.84076,0.311842,3.14343,7.55825,0.0972771,3.63127,9.58578,0.0303237,4.15787,12.0912,0.00945211,4.73731,15.2286,0.00294633,5.38238,19.1721,0.000918508,6.10553,24.134,0.000286163,6.91951,30.3791,8.92692e-05,7.83792,38.2397,2.78121e-05,8.87555,48.1338,8.65134e-06,10.0489,60.5876,2.7882e-06,11.3761,76.2629,8.29036e-07,12.8779,95.9927,2.4373e-07,14.5775,120.825,1e-08,16.5012,152.08,1.75749e-07,18.6784,191.415,1e-08,21.1428,240.917,1.91829e-07,23.9322,303.213,1e-08,27.0895,381.602,7.0186e-08,30.6634,480.231,1e-08,34.7087,604.316,2.40784e-07,39.2876,760.401,9.87368e-08,44.4705,956.705,1.22263e-07,50.3371,1203.54,1e-08,56.9776,1513.81,1e-08,64.494,1903.69,1e-08,73.0018,2393.4,3.9185e-07,82.6317,3008.13,1.35379e-07,93.5318,3779.25,1e-08,105.869,4745.7,2.06965e-08,119.834,5955.6,1e-08,135.641,7468.12,1e-08,153.531,9355.62,2.00739e-07,173.781,11705.8,2.28358e-07,196.701,14624.1,1e-08,222.642,18235,1e-08,252.003,22683.4,1e-08,285.234,28134,1e-08,322.845,34767,2.34258e-07,365.413,42770.9,2.99668e-07,413.588,52327.9,8.28644e-08,468.111,63591.2,1e-08,529.814,76653.2,1e-08,599.642,91502.5,1e-08,678.662,107975,2.26339e-07,768.083,125705,3.69212e-07,869.267,144088,2.04077e-07,983.76,162277,1e-08,1113.3,179223,1e-08,1259.87,193777,1e-08,1425.68,204839,4.55555e-07,6.2823,3.27286,2.43537,0.219672,6.18826,2.24117,0.56371,6.87772,2.63624,0.308279,15,7,13,2,5,1,7,7,0,4,10,0,13,8,0,4,6,0,4,10,0,5,19,0,9,7,0,8,18,0,7,46,0,3,62,0,7,20,0,10,68,0,28,184,0,19,156,0,18,103,0,10,160,0,24,346,0,15,519,0,26,202,0,18,220,0,47,1046,0,43,784,0,78,1257,0,54,682,0,74,1539,0,42,1355,0,111,2146,0,48,1513,0,111,2543,0,129,5974,0,114,3376,0,131,4297,0,176,8615,0,126,14073,0,367,15326,0,221,14392,0,158,25381,0,353,16450,0,732,62766,0,271,22748,0,524,52703,0,247,59652,0,460,92026,0,344,69785,0,841,55565,0,590,115242,0,692,254311,0,997,252599,0,603,127624,0,1106,122957,0,1371,247630,0
-1.05176e+08,1,8.88811e-15,10,1023,0,1.05176e+08,0.528882,1.08665,0.389689,0.145397,0.379329,3.24381,0.161596,0.446195,1.77396,0.159177,1.15e+07,4.49998e+06,6.79999e+06,1.15e+07,4.49997e+06,6.79999e+06,1.15e+07,4.49996e+06,6.79999e+06,1.15e+07,4.49995e+06,6.79999e+06,1.14999e+07,4.49993e+06,6.79999e+06,1.14999e+07,4.49991e+06,6.79999e+06,1.14999e+07,4.49989e+06,6.79999e+06,1.14999e+07,4.49986e+06,6.79999e+06,1.14999e+07,4.49982e+06,6.79999e+06,1.14999e+07,4.49977e+06,6.79999e+06,1.14999e+07,4.49971e+06,6.79999e+06,1.14999e+07,4.49963e+06,6.79999e+06,1.14998e+07,4.49953e+06,6.79999e+06,1.14998e+07,4.49941e+06,6.79999e+06,1.14998e+07,4.49926e+06,6.79999e+06,1.14998e+07,4.49906e+06,6.79999e+06,1.14997e+07,4.49882e+06,6.79999e+06,1.14997e+07,4.49851e+06,6.79999e+06,1.14997e+07,4.49812e+06,6.79999e+06,1.14996e+07,4.49764e+06,6.79999e+06,1.14996e+07,4.49702e+06,6.79999e+06,1.14995e+07,4.49625e+06,6.79999e+06,1.14995e+07,4.49528e+06,6.79999e+06,1.14994e+07,4.49406e+06,6.79999e+06,1.14993e+07,4.49253e+06,6.79999e+06,1.14992e+07,4.49059e+06,6.79999e+06,1.14991e+07,4.48817e+06,6.79999e+06,1.1499e+07,4.48511e+06,6.79999e+06,1.14988e+07,4.48128e+06,6.79999e+06,1.14987e+07,4.47646e+06,6.79999e+06,1.14985e+07,4.47041e+06,6.79999e+06,1.14983e+07,4.46281e+06,6.79999e+06,1.14981e+07,4.4533e+06,6.79999e+06,1.14979e+07,4.44138e+06,6.79999e+06,1.14976e+07,4.42649e+06,6.79999e+06,1.14972e+07,4.40789e+06,6.79999e+06,1.14969e+07,4.38471e+06,6.79999e+06,1.14965e+07,4.35592e+06,6.79999e+06,1.1496e+07,4.32027e+06,6.79999e+06,1.14955e+07,4.27629e+06,6.79999e+06,1.14949e+07,4.22231e+06,6.79999e+06,1.14942e+07,4.15647e+06,6.79999e+06,1.14934e+07,4.07676e+06,6.79999e+06,1.14926e+07,3.98112e+06,6.79999e+06,1.14916e+07,3.86765e+06,6.79999e+06,1.14905e+07,3.73474e+06,6.79999e+06,1.14892e+07,3.58148e+06,6.79999e+06,1.14878e+07,3.40785e+06,6.79999e+06,1.14862e+07,3.21513e+06,6.79999e+06,1.14844e+07,3.00605e+06,6.79999e+06,1.14823e+07,2.7848e+06,6.79999e+06,1.148e+07,2.5568e+06,6.79999e+06,1.14773e+07,2.32825e+06,6.79999e+06,13.5742,8.52444,0.508366,16.8306,13.2585,0.162638,20.0035,17.569,0.0507846,23.2616,22.4214,0.0158319,26.7328,28.3297,0.00493498,30.5212,35.6974,0.00153831,34.7178,44.9473,0.000479527,39.4086,56.5822,0.000149456,44.6796,71.2245,4.66214e-05,50.6209,89.6543,1.45419e-05,57.3297,112.852,4.54748e-06,64.9129,142.051,1.43857e-06,73.4897,178.803,4.36618e-07,83.1934,225.062,1.40153e-07,94.1745,283.286,4.96378e-08,106.602,356.568,1.05434e-07,120.669,448.799,-6.49244e-08,136.59,564.873,1.70148e-07,154.611,710.948,-5.34594e-08,175.008,894.767,1.63407e-07,198.097,1126.06,8.04804e-08,224.231,1417.07,1.14667e-07,253.813,1783.15,-1.71227e-07,287.297,2243.62,-2.88466e-07,325.198,2822.67,-4.33651e-07,368.098,3550.67,7.9318e-08,416.657,4465.65,3.13319e-07,471.621,5615.16,3.4613e-07,533.835,7058.61,-1.19199e-07,604.255,8870.02,-2.79964e-07,683.962,11141.4,-2.30521e-07,774.182,13986.7,-2.55099e-07,876.299,17546.4,1.23585e-07,991.883,21993.1,1.41192e-07,1122.71,27536.7,-9.71886e-08,1270.78,34430.7,-3.68368e-07,1438.38,42977.7,-3.45379e-07,1628.07,53532.7,-3.25328e-09,1842.77,66504.6,2.6362e-07,2085.77,82350.2,2.53445e-07,2360.79,101560,-2.47407e-08,2672.05,124632,-3.80602e-07,3024.31,152018,-4.79005e-07,3422.98,184060,-1.14379e-07,3874.15,220884,2.64297e-07,4384.72,262283,3.44131e-07,4962.49,307576,7.5349e-08,5616.29,355497,-3.63097e-07,6356.1,404126,-6.05442e-07,7193.18,450932,-2.72333e-07,8140.28,492963,2.29675e-07,9211.79,527178,4.3387e-07,10424,550893,-1.0711e-07,10.102,8.06553,2.81012,10.6436,8.57909,0.869423,11.5336,10.2515,0.270869,12.7211,12.7138,0.0844293,14.1823,15.9373,0.0263173,15.9122,20.0383,0.0082035,17.9198,25.2154,0.00255722,20.2244,31.7373,0.000797017,22.8539,39.9486,0.000248622,25.8438,50.2851,7.75492e-05,29.237,63.2963,2.42508e-05,33.0837,79.6738,7.67162e-06,37.4415,100.288,2.32837e-06,42.3767,126.236,7.33e-07,47.9646,158.896,2.79256e-07,54.2906,200.003,9.87351e-09,61.452,251.741,1.61085e-07,69.5585,316.859,-2.47141e-07,78.7347,398.812,8.93552e-08,89.1218,501.948,-2.53231e-07,100.879,631.736,-1.25047e-07,114.188,795.049,-1.78808e-07,129.252,1000.53,2.6733e-07,146.304,1259.03,4.50292e-07,165.605,1584.19,6.76904e-07,187.452,1993.12,-1.23808e-07,212.181,2507.27,-4.89068e-07,240.173,3153.54,-5.40284e-07,271.856,3965.56,1.86061e-07,307.719,4985.38,4.37004e-07,348.313,6265.4,3.59828e-07,394.26,7870.83,3.98192e-07,446.268,9882.51,-1.92908e-07,505.135,12400.3,-2.20392e-07,571.766,15546.9,1.51705e-07,647.184,19472.2,5.74996e-07,732.547,24357.4,5.39112e-07,829.167,30420,5.07815e-09,938.526,37916.3,-4.11492e-07,1062.3,47143.9,-3.9561e-07,1202.4,58439.2,3.86185e-08,1360.96,72169.3,5.94093e-07,1540.42,88715.8,7.47693e-07,1743.53,108445,1.78537e-07,1973.41,131665,-4.12549e-07,2233.57,158557,-5.37164e-07,2528,189103,-1.17615e-07,2861.2,222986,5.66769e-07,3238.27,259510,9.45053e-07,3664.97,297540,4.25093e-07,4147.81,335497,-3.58506e-07,4694.17,371444,-6.7724e-07,5312.37,403256,1.67192e-07,1.61744,3.89446,9.84394,3.28846,7.5504,12.774,5.07607,11.7187,13.6844,7.03202,16.8147,13.9681,9.20215,23.1769,14.0566,11.6301,31.1672,14.0841,14.3598,41.2186,14.0927,17.4376,53.8688,14.0954,20.9137,69.7915,14.0962,24.8432,89.8341,14.0965,29.2879,115.063,14.0966,34.3168,146.819,14.0966,40.0078,186.792,14.0966,46.4487,237.107,14.0966,53.7388,300.44,14.0966,61.9903,380.158,14.0966,71.3301,480.499,14.0966,81.902,606.796,14.0966,93.8685,765.761,14.0966,107.414,965.837,14.0966,122.746,1217.65,14.0966,140.101,1534.57,14.0966,159.745,1933.41,14.0966,181.981,2435.3,14.0966,207.15,3066.85,14.0966,235.64,3861.46,14.0966,267.889,4861.11,14.0966,304.391,6118.54,14.0966,345.709,7699.91,14.0966,392.478,9688.22,14.0966,445.417,12187.5,14.0966,505.339,15327.7,14.0966,573.165,19271.6,14.0966,649.938,24222,14.0966,736.839,30430.9,14.0966,835.202,38211.5,14.0966,946.539,47950.3,14.0966,1072.56,60122.8,14.0966,1215.21,75309.9,14.0966,1376.66,94216.2,14.0966,1559.41,117688,14.0966,1766.26,146729,14.0966,2000.39,182510,14.0966,2265.39,226372,14.0966,2565.33,279806,14.0966,2904.81,344416,14.0966,3289.05,421845,14.0966,3723.93,513667,14.0966,4216.13,621231,14.0966,4773.18,745478,14.0966,5403.64,886744,14.0966,6117.15,1.04457e+06,14.0966,6924.63,1.2176e+06,14.0966,11.7194,11.96,12.6541,13.9321,16.1295,13.6434,16.6097,21.9702,13.9553,19.7532,29.5285,14.0526,23.3844,39.1143,14.0829,27.5423,51.2054,14.0923,32.2796,66.434,14.0953,37.662,85.6061,14.0962,43.7675,109.74,14.0965,50.687,140.119,14.0966,58.5249,178.359,14.0966,67.4005,226.493,14.0966,77.4493,287.08,14.0966,88.8254,363.343,14.0966,101.703,459.336,14.0966,116.281,580.161,14.0966,132.782,732.241,14.0966,151.46,923.655,14.0966,172.603,1164.57,14.0966,196.535,1467.79,14.0966,223.625,1849.39,14.0966,254.288,2329.62,14.0966,288.997,2933.93,14.0966,328.285,3694.33,14.0966,372.755,4651.04,14.0966,423.092,5854.57,14.0966,480.07,7368.38,14.0966,544.564,9272.08,14.0966,617.566,11665.5,14.0966,700.197,14673.6,14.0966,793.729,18452.9,14.0966,899.599,23198.6,14.0966,1019.43,29154.1,14.0966,1155.07,36622.3,14.0966,1308.6,45977.9,14.0966,1482.39,57683.7,14.0966,1679.09,72307.8,14.0966,1901.73,90542.8,14.0966,2153.73,113226,14.0966,2438.97,141360,14.0966,2761.81,176127,14.0966,3127.22,218898,14.0966,3540.81,271226,14.0966,4008.92,334817,14.0966,4538.74,411470,14.0966,5138.38,502973,14.0966,5817.04,610948,14.0966,6585.12,736653,14.0966,7454.39,880741,14.0966,8438.15,1.04302e+06,14.0966,9551.45,1.22224e+06,14.0966,10811.3,1.41602e+06,14.0966,12237,1.62086e+06,14.0966,11.7194,11.96,12.6541,2.21263,4.16949,0.989383,2.67766,5.84076,0.311842,3.14343,7.55825,0.0972771,3.63127,9.58578,0.0303237,4.15787,12.0912,0.00945211,4.73731,15.2286,0.00294633,5.38238,19.1721,0.000918508,6.10553,24.134,0.000286163,6.91951,30.3791,8.92692e-05,7.83792,38.2397,2.78121e-05,8.87555,48.1338,8.65134e-06,10.0489,60.5876,2.7882e-06,11.3761,76.2629,8.29036e-07,12.8779,95.9927,2.4373e-07,14.5775,120.825,4.33068e-09,16.5012,152.08,1.75749e-07,18.6784,191.415,-1.86328e-07,21.1428,240.917,1.91829e-07,23.9322,303.213,-1.81475e-07,27.0895,381.602,7.0186e-08,30.6634,480.231,-2.86769e-08,34.7087,604.316,2.40784e-07,39.2876,760.401,9.87368e-08,44.4705,956.705,1.22263e-07,50.3371,1203.54,-4.31966e-07,56.9776,1513.81,-1.9705e-07,64.494,1903.69,-2.763e-08,73.0018,2393.4,3.9185e-07,82.6317,3008.13,1.35379e-07,93.5318,3779.25,-4.16351e-08,105.869,4745.7,2.06965e-08,119.834,5955.6,-3.18887e-07,135.641,7468.12,-1.48271e-08,153.531,9355.62,2.00739e-07,173.781,11705.8,2.28358e-07,196.701,14624.1,-1.93587e-08,222.642,18235,-2.88101e-07,252.003,22683.4,-2.24732e-07,285.234,28134,8.56806e-09,322.845,34767,2.34258e-07,365.413,42770.9,2.99668e-07,413.588,52327.9,8.28644e-08,468.111,63591.2,-3.07049e-07,529.814,76653.2,-3.1888e-07,599.642,91502.5,-6.72276e-08,678.662,107975,2.26339e-07,768.083,125705,3.69212e-07,869.267,144088,2.04077e-07,983.76,162277,-2.80509e-07,1113.3,179223,-4.22737e-07,1259.87,193777,-1.71951e-07,1425.68,204839,4.55555e-07,11.7194,11.96,12.6541,2.21263,4.16949,0.989383,2.67766,5.84076,0.311842,3.14343,7.55825,0.0972771,3.63127,9.58578,0.0303237,4.15787,12.0912,0.00945211,4.73731,15.2286,0.00294633,5.38238,19.1721,0.000918508,6.10553,24.134,0.000286163,6.91951,30.3791,8.92692e-05,7.83792,38.2397,2.78121e-05,8.87555,48.1338,8.65134e-06,10.0489,60.5876,2.7882e-06,11.3761,76.2629,8.29036e-07,12.8779,95.9927,2.4373e-07,14.5775,120.825,1e-08,16.5012,152.08,1.75749e-07,18.6784,191.415,1e-08,21.1428,240.917,1.91829e-07,23.9322,303.213,1e-08,27.0895,381.602,7.0186e-08,30.6634,480.231,1e-08,34.7087,604.316,2.40784e-07,39.2876,760.401,9.87368e-08,44.4705,956.705,1.22263e-07,50.3371,1203.54,1e-08,56.9776,1513.81,1e-08,64.494,1903.69,1e-08,73.0018,2393.4,3.9185e-07,82.6317,3008.13,1.35379e-07,93.5318,3779.25,1e-08,105.869,4745.7,2.06965e-08,119.834,5955.6,1e-08,135.641,7468.12,1e-08,153.531,9355.62,2.00739e-07,173.781,11705.8,2.28358e-07,196.701,14624.1,1e-08,222.642,18235,1e-08,252.003,22683.4,1e-08,285.234,28134,1e-08,322.845,34767,2.34258e-07,365.413,42770.9,2.99668e-07,413.588,52327.9,8.28644e-08,468.111,63591.2,1e-08,529.814,76653.2,1e-08,599.642,91502.5,1e-08,678.662,107975,2.26339e-07,768.083,125705,3.69212e-07,869.267,144088,2.04077e-07,983.76,162277,1e-08,1113.3,179223,1e-08,1259.87,193777,1e-08,1425.68,204839,4.55555e-07,6.2823,3.27286,2.43537,0.219672,6.18826,2.24117,0.56371,6.87772,2.63624,0.308279,13,16,8,1,5,0,2,6,1,6,12,1,6,5,0,1,13,0,7,17,0,3,22,0,5,27,0,2,19,0,16,50,0,10,80,0,8,49,0,16,36,0,3,89,0,13,109,0,18,193,0,9,240,0,16,239,0,41,428,0,27,161,0,40,350,0,30,1551,0,42,1549,0,70,1131,0,68,687,0,41,1738,0,44,1373,0,111,5663,0,116,2793,0,86,4484,0,39,5551,0,70,2879,0,125,8590,0,255,3566,0,205,18041,0,128,9680,0,207,14864,0,244,20687,0,265,24309,0,498,28407,0,189,28859,0,356,88155,0,467,39137,0,595,41954,0,1165,106350,0,630,148444,0,467,116562,0,795,180562,0,712,87972,0,1596,257340,0,2083,322819,0,1557,142391,0
-1.05176e+08,1,8.88811e-15,10,1023,0,1.05176e+08,0.528882,1.08665,0.389689,0.145397,0.379329,3.24381,0.161596,0.446195,1.77396,0.159177,1.15e+07,4.49998e+06,6.79999e+06,1.15e+07,4.49997e+06,6.79999e+06,1.15e+07,4.49996e+06,6.79999e+06,1.15e+07,4.49995e+06,6.79999e+06,1.14999e+07,4.49993e+06,6.79999e+06,1.14999e+07,4.49991e+06,6.79999e+06,1.14999e+07,4.49989e+06,6.79999e+06,1.14999e+07,4.49986e+06,6.79999e+06,1.14999e+07,4.49982e+06,6.79999e+06,1.14999e+07,4.49977e+06,6.79999e+06,1.14999e+07,4.49971e+06,6.79999e+06,1.14999e+07,4.49963e+06,6.79999e+06,1.14998e+07,4.49953e+06,6.79999e+06,1.14998e+07,4.49941e+06,6.79999e+06,1.14998e+07,4.49926e+06,6.79999e+06,1.14998e+07,4.49906e+06,6.79999e+06,1.14997e+07,4.49882e+06,6.79999e+06,1.14997e+07,4.49851e+06,6.79999e+06,1.14997e+07,4.49812e+06,6.79999e+06,1.14996e+07,4.49764e+06,6.79999e+06,1.14996e+07,4.49702e+06,6.79999e+06,1.14995e+07,4.49625e+06,6.79999e+06,1.14995e+07,4.49528e+06,6.79999e+06,1.14994e+07,4.49406e+06,6.79999e+06,1.14993e+07,4.49253e+06,6.79999e+06,1.14992e+07,4.49059e+06,6.79999e+06,1.14991e+07,4.48817e+06,6.79999e+06,1.1499e+07,4.48511e+06,6.79999e+06,1.14988e+07,4.48128e+06,6.79999e+06,1.14987e+07,4.47646e+06,6.79999e+06,1.14985e+07,4.47041e+06,6.79999e+06,1.14983e+07,4.46281e+06,6.79999e+06,1.14981e+07,4.4533e+06,6.79999e+06,1.14979e+07,4.44138e+06,6.79999e+06,1.14976e+07,4.42649e+06,6.79999e+06,1.14972e+07,4.40789e+06,6.79999e+06,1.14969e+07,4.38471e+06,6.79999e+06,1.14965e+07,4.35592e+06,6.79999e+06,1.1496e+07,4.32027e+06,6.79999e+06,1.14955e+07,4.27629e+06,6.79999e+06,1.14949e+07,4.22231e+06,6.79999e+06,1.14942e+07,4.15647e+06,6.79999e+06,1.14934e+07,4.07676e+06,6.79999e+06,1.14926e+07,3.98112e+06,6.79999e+06,1.14916e+07,3.86765e+06,6.79999e+06,1.14905e+07,3.73474e+06,6.79999e+06,1.14892e+07,3.58148e+06,6.79999e+06,1.14878e+07,3.40785e+06,6.79999e+06,1.14862e+07,3.21513e+06,6.79999e+06,1.14844e+07,3.00605e+06,6.79999e+06,1.14823e+07,2.7848e+06,6.79999e+06,1.148e+07,2.5568e+06,6.79999e+06,1.14773e+07,2.32825e+06,6.79999e+06,13.5742,8.52444,0.508366,16.8306,13.2585,0.162638,20.0035,17.569,0.0507846,23.2616,22.4214,0.0158319,26.7328,28.3297,0.00493498,30.5212,35.6974,0.00153831,34.7178,44.9473,0.000479527,39.4086,56.5822,0.000149456,44.6796,71.2245,4.66214e-05,50.6209,89.6543,1.45419e-05,57.3297,112.852,4.54748e-06,64.9129,142.051,1.43857e-06,73.4897,178.803,4.36618e-07,83.1934,225.062,1.40153e-07,94.1745,283.286,4.96378e-08,106.602,356.568,1.05434e-07,120.669,448.799,-6.49244e-08,136.59,564.873,1.70148e-07,154.611,710.948,-5.34594e-08,175.008,894.767,1.63407e-07,198.097,1126.06,8.04804e-08,224.231,1417.07,1.14667e-07,253.813,1783.15,-1.71227e-07,287.297,2243.62,-2.88466e-07,325.198,2822.67,-4.33651e-07,368.098,3550.67,7.9318e-08,416.657,4465.65,3.13319e-07,471.621,5615.16,3.4613e-07,533.835,7058.61,-1.19199e-07,604.255,8870.02,-2.79964e-07,683.962,11141.4,-2.30521e-07,774.182,13986.7,-2.55099e-07,876.299,17546.4,1.23585e-07,991.883,21993.1,1.41192e-07,1122.71,27536.7,-9.71886e-08,1270.78,34430.7,-3.68368e-07,1438.38,42977.7,-3.45379e-07,1628.07,53532.7,-3.25328e-09,1842.77,66504.6,2.6362e-07,2085.77,82350.2,2.53445e-07,2360.79,101560,-2.47407e-08,2672.05,124632,-3.80602e-07,3024.31,152018,-4.79005e-07,3422.98,184060,-1.14379e-07,3874.15,220884,2.64297e-07,4384.72,262283,3.44131e-07,4962.49,307576,7.5349e-08,5616.29,355497,-3.63097e-07,6356.1,404126,-6.05442e-07,7193.18,450932,-2.72333e-07,8140.28,492963,2.29675e-07,9211.79,527178,4.3387e-07,10424,550893,-1.0711e-07,10.102,8.06553,2.81012,10.6436,8.57909,0.869423,11.5336,10.2515,0.270869,12.7211,12.7138,0.0844293,14.1823,15.9373,0.0263173,15.9122,20.0383,0.0082035,17.9198,25.2154,0.00255722,20.2244,31.7373,0.000797017,22.8539,39.9486,0.000248622,25.8438,50.2851,7.75492e-05,29.237,63.2963,2.42508e-05,33.0837,79.6738,7.67162e-06,37.4415,100.288,2.32837e-06,42.3767,126.236,7.33e-07,47.9646,158.896,2.79256e-07,54.2906,200.003,9.87351e-09,61.452,251.741,1.61085e-07,69.5585,316.859,-2.47141e-07,78.7347,398.812,8.93552e-08,89.1218,501.948,-2.53231e-07,100.879,631.736,-1.25047e-07,114.188,795.049,-1.78808e-07,129.252,1000.53,2.6733e-07,146.304,1259.03,4.50292e-07,165.605,1584.19,6.76904e-07,187.452,1993.12,-1.23808e-07,212.181,2507.27,-4.89068e-07,240.173,3153.54,-5.40284e-07,271.856,3965.56,1.86061e-07,307.719,4985.38,4.37004e-07,348.313,6265.4,3.59828e-07,394.26,7870.83,3.98192e-07,446.268,9882.51,-1.92908e-07,505.135,12400.3,-2.20392e-07,571.766,15546.9,1.51705e-07,647.184,19472.2,5.74996e-07,732.547,24357.4,5.39112e-07,829.167,30420,5.07815e-09,938.526,37916.3,-4.11492e-07,1062.3,47143.9,-3.9561e-07,1202.4,58439.2,3.86185e-08,1360.96,72169.3,5.94093e-07,1540.42,88715.8,7.47693e-07,1743.53,108445,1.78537e-07,1973.41,131665,-4.12549e-07,2233.57,158557,-5.37164e-07,2528,189103,-1.17615e-07,2861.2,222986,5.66769e-07,3238.27,259510,9.45053e-07,3664.97,297540,4.25093e-07,4147.81,335497,-3.58506e-07,4694.17,371444,-6.7724e-07,5312.37,403256,1.67192e-07,1.61744,3.89446,9.84394,3.28846,7.5504,12.774,5.07607,11.7187,13.6844,7.03202,16.8147,13.9681,9.20215,23.1769,14.0566,11.6301,31.1672,14.0841,14.3598,41.2186,14.0927,17.4376,53.8688,14.0954,20.9137,69.7915,14.0962,24.8432,89.8341,14.0965,29.2879,115.063,14.0966,34.3168,146.819,14.0966,40.0078,186.792,14.0966,46.4487,237.107,14.0966,53.7388,300.44,14.0966,61.9903,380.158,14.0966,71.3301,480.499,14.0966,81.902,606.796,14.0966,93.8685,765.761,14.0966,107.414,965.837,14.0966,122.746,1217.65,14.0966,140.101,1534.57,14.0966,159.745,1933.41,14.0966,181.981,2435.3,14.0966,207.15,3066.85,14.0966,235.64,3861.46,14.0966,267.889,4861.11,14.0966,304.391,6118.54,14.0966,345.709,7699.91,14.0966,392.478,9688.22,14.0966,445.417,12187.5,14.0966,505.339,15327.7,14.0966,573.165,19271.6,14.0966,649.938,24222,14.0966,736.839,30430.9,14.0966,835.202,38211.5,14.0966,946.539,47950.3,14.0966,1072.56,60122.8,14.0966,1215.21,75309.9,14.0966,1376.66,94216.2,14.0966,1559.41,117688,14.0966,1766.26,146729,14.0966,2000.39,182510,14.0966,2265.39,226372,14.0966,2565.33,279806,14.0966,2904.81,344416,14.0966,3289.05,421845,14.0966,3723.93,513667,14.0966,4216.13,621231,14.0966,4773.18,745478,14.0966,5403.64,886744,14.0966,6117.15,1.04457e+06,14.0966,6924.63,1.2176e+06,14.0966,11.7194,11.96,12.6541,13.9321,16.1295,13.6434,16.6097,21.9702,13.9553,19.7532,29.5285,14.0526,23.3844,39.1143,14.0829,27.5423,51.2054,14.0923,32.2796,66.434,14.0953,37.662,85.6061,14.0962,43.7675,109.74,14.0965,50.687,140.119,14.0966,58.5249,178.359,14.0966,67.4005,226.493,14.0966,77.4493,287.08,14.0966,88.8254,363.343,14.0966,101.703,459.336,14.0966,116.281,580.161,14.0966,132.782,732.241,14.0966,151.46,923.655,14.0966,172.603,1164.57,14.0966,196.535,1467.79,14.0966,223.625,1849.39,14.0966,254.288,2329.62,14.0966,288.997,2933.93,14.0966,328.285,3694.33,14.0966,372.755,4651.04,14.0966,423.092,5854.57,14.0966,480.07,7368.38,14.0966,544.564,9272.08,14.0966,617.566,11665.5,14.0966,700.197,14673.6,14.0966,793.729,18452.9,14.0966,899.599,23198.6,14.0966,1019.43,29154.1,14.0966,1155.07,36622.3,14.0966,1308.6,45977.9,14.0966,1482.39,57683.7,14.0966,1679.09,72307.8,14.0966,1901.73,90542.8,14.0966,2153.73,113226,14.0966,2438.97,141360,14.0966,2761.81,176127,14.0966,3127.22,218898,14.0966,3540.81,271226,14.0966,4008.92,334817,14.0966,4538.74,411470,14.0966,5138.38,502973,14.0966,5817.04,610948,14.0966,6585.12,736653,14.0966,7454.39,880741,14.0966,8438.15,1.04302e+06,14.0966,9551.45,1.22224e+06,14.0966,10811.3,1.41602e+06,14.0966,12237,1.62086e+06,14.0966,11.7194,11.96,12.6541,2.21263,4.16949,0.989383,2.67766,5.84076,0.311842,3.14343,7.55825,0.0972771,3.63127,9.58578,0.0303237,4.15787,12.0912,0.00945211,4.73731,15.2286,0.00294633,5.38238,19.1721,0.000918508,6.10553,24.134,0.000286163,6.91951,30.3791,8.92692e-05,7.83792,38.2397,2.78121e-05,8.87555,48.1338,8.65134e-06,10.0489,60.5876,2.7882e-06,11.3761,76.2629,8.29036e-07,12.8779,95.9927,2.4373e-07,14.5775,120.825,4.33068e-09,16.5012,152.08,1.75749e-07,18.6784,191.415,-1.86328e-07,21.1428,240.917,1.91829e-07,23.9322,303.213,-1.81475e-07,27.0895,381.602,7.0186e-08,30.6634,480.231,-2.86769e-08,34.7087,604.316,2.40784e-07,39.2876,760.401,9.87368e-08,44.4705,956.705,1.22263e-07,50.3371,1203.54,-4.31966e-07,56.9776,1513.81,-1.9705e-07,64.494,1903.69,-2.763e-08,73.0018,2393.4,3.9185e-07,82.6317,3008.13,1.35379e-07,93.5318,3779.25,-4.16351e-08,105.869,4745.7,2.06965e-08,119.834,5955.6,-3.18887e-07,135.641,7468.12,-1.48271e-08,153.531,9355.62,2.00739e-07,173.781,11705.8,2.28358e-07,196.701,14624.1,-1.93587e-08,222.642,18235,-2.88101e-07,252.003,22683.4,-2.24732e-07,285.234,28134,8.56806e-09,322.845,34767,2.34258e-07,365.413,42770.9,2.99668e-07,413.588,52327.9,8.28644e-08,468.111,63591.2,-3.07049e-07,529.814,76653.2,-3.1888e-07,599.642,91502.5,-6.72276e-08,678.662,107975,2.26339e-07,768.083,125705,3.69212e-07,869.267,144088,2.04077e-07,983.76,162277,-2.80509e-07,1113.3,179223,-4.22737e-07,1259.87,193777,-1.71951e-07,1425.68,204839,4.55555e-07,11.7194,11.96,12.6541,2.21263,4.16949,0.989383,2.67766,5.84076,0.311842,3.14343,7.55825,0.0972771,3.63127,9.58578,0.0303237,4.15787,12.0912,0.00945211,4.73731,15.2286,0.00294633,5.38238,19.1721,0.000918508,6.10553,24.134,0.000286163,6.91951,30.3791,8.92692e-05,7.83792,38.2397,2.78121e-05,8.87555,48.1338,8.65134e-06,10.0489,60.5876,2.7882e-06,11.3761,76.2629,8.29036e-07,12.8779,95.9927,2.4373e-07,14.5775,120.825,1e-08,16.5012,152.08,1.75749e-07,18.6784,191.415,1e-08,21.1428,240.917,1.91829e-07,23.9322,303.213,1e-08,27.0895,381.602,7.0186e-08,30.6634,480.231,1e-08,34.7087,604.316,2.40784e-07,39.2876,760.401,9.87368e-08,44.4705,956.705,1.22263e-07,50.3371,1203.54,1e-08,56.9776,1513.81,1e-08,64.494,1903.69,1e-08,73.0018,2393.4,3.9185e-07,82.6317,3008.13,1.35379e-07,93.5318,3779.25,1e-08,105.869,4745.7,2.06965e-08,119.834,5955.6,1e-08,135.641,7468.12,1e-08,153.531,9355.62,2.00739e-07,173.781,11705.8,2.28358e-07,196.701,14624.1,1e-08,222.642,18235,1e-08,252.003,22683.4,1e-08,285.234,28134,1e-08,322.845,34767,2.34258e-07,365.413,42770.9,2.99668e-07,413.588,52327.9,8.28644e-08,468.111,63591.2,1e-08,529.814,76653.2,1e-08,599.642,91502.5,1e-08,678.662,107975,2.26339e-07,768.083,125705,3.69212e-07,869.267,144088,2.04077e-07,983.76,162277,1e-08,1113.3,179223,1e-08,1259.87,193777,1e-08,1425.68,204839,4.55555e-07,6.2823,3.27286,2.43537,0.219672,6.18826,2.24117,0.56371,6.87772,2.63624,0.308279,16,8,8,0,3,3,2,5,0,1,4,0,3,1,0,5,13,0,5,15,0,4,13,0,1,25,0,7,15,0,7,35,0,4,33,0,3,89,0,15,67,0,11,46,0,12,107,0,13,81,0,18,196,0,8,164,0,14,269,0,34,694,0,32,359,0,50,868,0,31,1077,0,40,298,0,30,807,0,31,921,0,66,2913,0,84,2157,0,51,1493,0,152,3549,0,95,3006,0,219,3124,0,154,5138,0,170,4957,0,54,7156,0,141,18580,0,258,26136,0,359,18377,0,130,38074,0,175,20567,0,448,22496,0,109,85765,0,198,31168,0,566,65901,0,780,81248,0,448,70689,0,1511,157705,0,1604,97885,0,493,169145,0,1228,258728,0,1116,235017,0,1329,179684,0
-1.05176e+08,1,8.88811e-15,10,1023,0,1.05176e+08,0.528882,1.08665,0.389689,0.145397,0.379329,3.24381,0.161596,0.446195,1.77396,0.159177,1.15e+07,4.49998e+06,6.79999e+06,1.15e+07,4.49997e+06,6.79999e+06,1.15e+07,4.49996e+06,6.79999e+06,1.15e+07,4.49995e+06,6.79999e+06,1.14999e+07,4.49993e+06,6.79999e+06,1.14999e+07,4.49991e+06,6.79999e+06,1.14999e+07,4.49989e+06,6.79999e+06,1.14999e+07,4.49986e+06,6.79999e+06,1.14999e+07,4.49982e+06,6.79999e+06,1.14999e+07,4.49977e+06,6.79999e+06,1.14999e+07,4.49971e+06,6.79999e+06,1.14999e+07,4.49963e+06,6.79999e+06,1.14998e+07,4.49953e+06,6.79999e+06,1.14998e+07,4.49941e+06,6.79999e+06,1.14998e+07,4.49926e+06,6.79999e+06,1.14998e+07,4.49906e+06,6.79999e+06,1.14997e+07,4.49882e+06,6.79999e+06,1.14997e+07,4.49851e+06,6.79999e+06,1.14997e+07,4.49812e+06,6.79999e+06,1.14996e+07,4.49764e+06,6.79999e+06,1.14996e+07,4.49702e+06,6.79999e+06,1.14995e+07,4.49625e+06,6.79999e+06,1.14995e+07,4.49528e+06,6.79999e+06,1.14994e+07,4.49406e+06,6.79999e+06,1.14993e+07,4.49253e+06,6.79999e+06,1.14992e+07,4.49059e+06,6.79999e+06,1.14991e+07,4.48817e+06,6.79999e+06,1.1499e+07,4.48511e+06,6.79999e+06,1.14988e+07,4.48128e+06,6.79999e+06,1.14987e+07,4.47646e+06,6.79999e+06,1.14985e+07,4.47041e+06,6.79999e+06,1.14983e+07,4.46281e+06,6.79999e+06,1.14981e+07,4.4533e+06,6.79999e+06,1.14979e+07,4.44138e+06,6.79999e+06,1.14976e+07,4.42649e+06,6.79999e+06,1.14972e+07,4.40789e+06,6.79999e+06,1.14969e+07,4.38471e+06,6.79999e+06,1.14965e+07,4.35592e+06,6.79999e+06,1.1496e+07,4.32027e+06,6.79999e+06,1.14955e+07,4.27629e+06,6.79999e+06,1.14949e+07,4.22231e+06,6.79999e+06,1.14942e+07,4.15647e+06,6.79999e+06,1.14934e+07,4.07676e+06,6.79999e+06,1.14926e+07,3.98112e+06,6.79999e+06,1.14916e+07,3.86765e+06,6.79999e+06,1.14905e+07,3.73474e+06,6.79999e+06,1.14892e+07,3.58148e+06,6.79999e+06,1.14878e+07,3.40785e+06,6.79999e+06,1.14862e+07,3.21513e+06,6.79999e+06,1.14844e+07,3.00605e+06,6.79999e+06,1.14823e+07,2.7848e+06,6.79999e+06,1.148e+07,2.5568e+06,6.79999e+06,1.14773e+07,2.32825e+06,6.79999e+06,13.5742,8.52444,0.508366,16.8306,13.2585,0.162638,20.0035,17.569,0.0507846,23.2616,22.4214,0.0158319,26.7328,28.3297,0.00493498,30.5212,35.6974,0.00153831,34.7178,44.9473,0.000479527,39.4086,56.5822,0.000149456,44.6796,71.2245,4.66214e-05,50.6209,89.6543,1.45419e-05,57.3297,112.852,4.54748e-06,64.9129,142.051,1.43857e-06,73.4897,178.803,4.36618e-07,83.1934,225.062,1.40153e-07,94.1745,283.286,4.96378e-08,106.602,356.568,1.05434e-07,120.669,448.799,-6.49244e-08,136.59,564.873,1.70148e-07,154.611,710.948,-5.34594e-08,175.008,894.767,1.63407e-07,198.097,1126.06,8.04804e-08,224.231,1417.07,1.14667e-07,253.813,1783.15,-1.71227e-07,287.297,2243.62,-2.88466e-07,325.198,2822.67,-4.33651e-07,368.098,3550.67,7.9318e-08,416.657,4465.65,3.13319e-07,471.621,5615.16,3.4613e-07,533.835,7058.61,-1.19199e-07,604.255,8870.02,-2.79964e-07,683.962,11141.4,-2.30521e-07,774.182,13986.7,-2.55099e-07,876.299,17546.4,1.23585e-07,991.883,21993.1,1.41192e-07,1122.71,27536.7,-9.71886e-08,1270.78,34430.7,-3.68368e-07,1438.38,42977.7,-3.45379e-07,1628.07,53532.7,-3.25328e-09,1842.77,66504.6,2.6362e-07,2085.77,82350.2,2.53445e-07,2360.79,101560,-2.47407e-08,2672.05,124632,-3.80602e-07,3024.31,152018,-4.79005e-07,3422.98,184060,-1.14379e-07,3874.15,220884,2.64297e-07,4384.72,262283,3.44131e-07,4962.49,307576,7.5349e-08,5616.29,355497,-3.63097e-07,6356.1,404126,-6.05442e-07,7193.18,450932,-2.72333e-07,8140.28,492963,2.29675e-07,9211.79,527178,4.3387e-07,10424,550893,-1.0711e-07,10.102,8.06553,2.81012,10.6436,8.57909,0.869423,11.5336,10.2515,0.270869,12.7211,12.7138,0.0844293,14.1823,15.9373,0.0263173,15.9122,20.0383,0.0082035,17.9198,25.2154,0.00255722,20.2244,31.7373,0.000797017,22.8539,39.9486,0.000248622,25.8438,50.2851,7.75492e-05,29.237,63.2963,2.42508e-05,33.0837,79.6738,7.67162e-06,37.4415,100.288,2.32837e-06,42.3767,126.236,7.33e-07,47.9646,158.896,2.79256e-07,54.2906,200.003,9.87351e-09,61.452,251.741,1.61085e-07,69.5585,316.859,-2.47141e-07,78.7347,398.812,8.93552e-08,89.1218,501.948,-2.53231e-07,100.879,631.736,-1.25047e-07,114.188,795.049,-1.78808e-07,129.252,1000.53,2.6733e-07,146.304,1259.03,4.50292e-07,165.605,1584.19,6.76904e-07,187.452,1993.12,-1.23808e-07,212.181,2507.27,-4.89068e-07,240.173,3153.54,-5.40284e-07,271.856,3965.56,1.86061e-07,307.719,4985.38,4.37004e-07,348.313,6265.4,3.59828e-07,394.26,7870.83,3.98192e-07,446.268,9882.51,-1.92908e-07,505.135,12400.3,-2.20392e-07,571.766,15546.9,1.51705e-07,647.184,19472.2,5.74996e-07,732.547,24357.4,5.39112e-07,829.167,30420,5.07815e-09,938.526,37916.3,-4.11492e-07,1062.3,47143.9,-3.9561e-07,1202.4,58439.2,3.86185e-08,1360.96,72169.3,5.94093e-07,1540.42,88715.8,7.47693e-07,1743.53,108445,1.78537e-07,1973.41,131665,-4.12549e-07,2233.57,158557,-5.37164e-07,2528,189103,-1.17615e-07,2861.2,222986,5.66769e-07,3238.27,259510,9.45053e-07,3664.97,297540,4.25093e-07,4147.81,335497,-3.58506e-07,4694.17,371444,-6.7724e-07,5312.37,403256,1.67192e-07,1.61744,3.89446,9.84394,3.28846,7.5504,12.774,5.07607,11.7187,13.6844,7.03202,16.8147,13.9681,9.20215,23.1769,14.0566,11.6301,31.1672,14.0841,14.3598,41.2186,14.0927,17.4376,53.8688,14.0954,20.9137,69.7915,14.0962,24.8432,89.8341,14.0965,29.2879,115.063,14.0966,34.3168,146.819,14.0966,40.0078,186.792,14.0966,46.4487,237.107,14.0966,53.7388,300.44,14.0966,61.9903,380.158,14.0966,71.3301,480.499,14.0966,81.902,606.796,14.0966,93.8685,765.761,14.0966,107.414,965.837,14.0966,122.746,1217.65,14.0966,140.101,1534.57,14.0966,159.745,1933.41,14.0966,181.981,2435.3,14.0966,207.15,3066.85,14.0966,235.64,3861.46,14.0966,267.889,4861.11,14.0966,304.391,6118.54,14.0966,345.709,7699.91,14.0966,392.478,9688.22,14.0966,445.417,12187.5,14.0966,505.339,15327.7,14.0966,573.165,19271.6,14.0966,649.938,24222,14.0966,736.839,30430.9,14.0966,835.202,38211.5,14.0966,946.539,47950.3,14.0966,1072.56,60122.8,14.0966,1215.21,75309.9,14.0966,1376.66,94216.2,14.0966,1559.41,117688,14.0966,1766.26,146729,14.0966,2000.39,182510,14.0966,2265.39,226372,14.0966,2565.33,279806,14.0966,2904.81,344416,14.0966,3289.05,421845,14.0966,3723.93,513667,14.0966,4216.13,621231,14.0966,4773.18,745478,14.0966,5403.64,886744,14.0966,6117.15,1.04457e+06,14.0966,6924.63,1.2176e+06,14.0966,11.7194,11.96,12.6541,13.9321,16.1295,13.6434,16.6097,21.9702,13.9553,19.7532,29.5285,14.0526,23.3844,39.1143,14.0829,27.5423,51.2054,14.0923,32.2796,66.434,14.0953,37.662,85.6061,14.0962,43.7675,109.74,14.0965,50.687,140.119,14.0966,58.5249,178.359,14.0966,67.4005,226.493,14.0966,77.4493,287.08,14.0966,88.8254,363.343,14.0966,101.703,459.336,14.0966,116.281,580.161,14.0966,132.782,732.241,14.0966,151.46,923.655,14.0966,172.603,1164.57,14.0966,196.535,1467.79,14.0966,223.625,1849.39,14.0966,254.288,2329.62,14.0966,288.997,2933.93,14.0966,328.285,3694.33,14.0966,372.755,4651.04,14.0966,423.092,5854.57,14.0966,480.07,7368.38,14.0966,544.564,9272.08,14.0966,617.566,11665.5,14.0966,700.197,14673.6,14.0966,793.729,18452.9,14.0966,899.599,23198.6,14.0966,1019.43,29154.1,14.0966,1155.07,36622.3,14.0966,1308.6,45977.9,14.0966,1482.39,57683.7,14.0966,1679.09,72307.8,14.0966,1901.73,90542.8,14.0966,2153.73,113226,14.0966,2438.97,141360,14.0966,2761.81,176127,14.0966,3127.22,218898,14.0966,3540.81,271226,14.0966,4008.92,334817,14.0966,4538.74,411470,14.0966,5138.38,502973,14.0966,5817.04,610948,14.0966,6585.12,736653,14.0966,7454.39,880741,14.0966,8438.15,1.04302e+06,14.0966,9551.45,1.22224e+06,14.0966,10811.3,1.41602e+06,14.0966,12237,1.62086e+06,14.0966,11.7194,11.96,12.6541,2.21263,4.16949,0.989383,2.67766,5.84076,0.311842,3.14343,7.55825,0.0972771,3.63127,9.58578,0.0303237,4.15787,12.0912,0.00945211,4.73731,15.2286,0.00294633,5.38238,19.1721,0.000918508,6.10553,24.134,0.000286163,6.91951,30.3791,8.92692e-05,7.83792,38.2397,2.78121e-05,8.87555,48.1338,8.65134e-06,10.0489,60.5876,2.7882e-06,11.3761,76.2629,8.29036e-07,12.8779,95.9927,2.4373e-07,14.5775,120.825,4.33068e-09,16.5012,152.08,1.75749e-07,18.6784,191.415,-1.86328e-07,21.1428,240.917,1.91829e-07,23.9322,303.213,-1.81475e-07,27.0895,381.602,7.0186e-08,30.6634,480.231,-2.86769e-08,34.7087,604.316,2.40784e-07,39.2876,760.401,9.87368e-08,44.4705,956.705,1.22263e-07,50.3371,1203.54,-4.31966e-07,56.9776,1513.81,-1.9705e-07,64.494,1903.69,-2.763e-08,73.0018,2393.4,3.9185e-07,82.6317,3008.13,1.35379e-07,93.5318,3779.25,-4.16351e-08,105.869,4745.7,2.06965e-08,119.834,5955.6,-3.18887e-07,135.641,7468.12,-1.48271e-08,153.531,9355.62,2.00739e-07,173.781,11705.8,2.28358e-07,196.701,14624.1,-1.93587e-08,222.642,18235,-2.88101e-07,252.003,22683.4,-2.24732e-07,285.234,28134,8.56806e-09,322.845,34767,2.34258e-07,365.413,42770.9,2.99668e-07,413.588,52327.9,8.28644e-08,468.111,63591.2,-3.07049e-07,529.814,76653.2,-3.1888e-07,599.642,91502.5,-6.72276e-08,678.662,107975,2.26339e-07,768.083,125705,3.69212e-07,869.267,144088,2.04077e-07,983.76,162277,-2.80509e-07,1113.3,179223,-4.22737e-07,1259.87,193777,-1.71951e-07,1425.68,204839,4.55555e-07,11.7194,11.96,12.6541,2.21263,4.16949,0.989383,2.67766,5.84076,0.311842,3.14343,7.55825,0.0972771,3.63127,9.58578,0.0303237,4.15787,12.0912,0.00945211,4.73731,15.2286,0.00294633,5.38238,19.1721,0.000918508,6.10553,24.134,0.000286163,6.91951,30.3791,8.92692e-05,7.83792,38.2397,2.78121e-05,8.87555,48.1338,8.65134e-06,10.0489,60.5876,2.7882e-06,11.3761,76.2629,8.29036e-07,12.8779,95.9927,2.4373e-07,14.5775,120.825,1e-08,16.5012,152.08,1.75749e-07,18.6784,191.415,1e-08,21.1428,240.917,1.91829e-07,23.9322,303.213,1e-08,27.0895,381.602,7.0186e-08,30.6634,480.231,1e-08,34.7087,604.316,2.40784e-07,39.2876,760.401,9.87368e-08,44.4705,956.705,1.22263e-07,50.3371,1203.54,1e-08,56.9776,1513.81,1e-08,64.494,1903.69,1e-08,73.0018,2393.4,3.9185e-07,82.6317,3008.13,1.35379e-07,93.5318,3779.25,1e-08,105.869,4745.7,2.06965e-08,119.834,5955.6,1e-08,135.641,7468.12,1e-08,153.531,9355.62,2.00739e-07,173.781,11705.8,2.28358e-07,196.701,14624.1,1e-08,222.642,18235,1e-08,252.003,22683.4,1e-08,285.234,28134,1e-08,322.845,34767,2.34258e-07,365.413,42770.9,2.99668e-07,413.588,52327.9,8.28644e-08,468.111,63591.2,1e-08,529.814,76653.2,1e-08,599.642,91502.5,1e-08,678.662,107975,2.26339e-07,768.083,125705,3.69212e-07,869.267,144088,2.04077e-07,983.76,162277,1e-08,1113.3,179223,1e-08,1259.87,193777,1e-08,1425.68,204839,4.55555e-07,6.2823,3.27286,2.43537,0.219672,6.18826,2.24117,0.56371,6.87772,2.63624,0.308279,4,17,9,0,7,0,3,4,0,2,5,1,7,3,0,2,7,0,4,15,0,10,11,0,12,22,0,10,24,0,5,28,0,6,55,0,11,100,0,10,108,0,21,55,0,10,31,0,17,107,0,18,140,0,48,191,0,22,257,0,24,323,0,12,608,0,21,736,0,45,1094,0,52,1141,0,40,1805,0,31,1798,0,91,2391,0,68,3013,0,15,2409,0,52,2819,0,77,2895,0,91,8525,0,90,4987,0,89,15913,0,204,8295,0,201,23486,0,156,7650,0,123,17972,0,174,38928,0,363,42085,0,381,25349,0,397,67870,0,439,67282,0,505,68966,0,398,155812,0,328,148735,0,308,114778,0,1050,141115,0,807,126044,0,1147,165069,0,680,142209,0,881,93662,0
-1.05176e+08,1,8.88811e-15,10,1023,0,1.05176e+08,0.528882,1.08665,0.389689,0.145397,0.379329,3.24381,0.161596,0.446195,1.77396,0.159177,1.15e+07,4.49998e+06,6.79999e+06,1.15e+07,4.49997e+06,6.79999e+06,1.15e+07,4.49996e+06,6.79999e+06,1.15e+07,4.49995e+06,6.79999e+06,1.14999e+07,4.49993e+06,6.79999e+06,1.14999e+07,4.49991e+06,6.79999e+06,1.14999e+07,4.49989e+06,6.79999e+06,1.14999e+07,4.49986e+06,6.79999e+06,1.14999e+07,4.49982e+06,6.79999e+06,1.14999e+07,4.49977e+06,6.79999e+06,1.14999e+07,4.49971e+06,6.79999e+06,1.14999e+07,4.49963e+06,6.79999e+06,1.14998e+07,4.49953e+06,6.79999e+06,1.14998e+07,4.49941e+06,6.79999e+06,1.14998e+07,4.49926e+06,6.79999e+06,1.14998e+07,4.49906e+06,6.79999e+06,1.14997e+07,4.49882e+06,6.79999e+06,1.14997e+07,4.49851e+06,6.79999e+06,1.14997e+07,4.49812e+06,6.79999e+06,1.14996e+07,4.49764e+06,6.79999e+06,1.14996e+07,4.49702e+06,6.79999e+06,1.14995e+07,4.49625e+06,6.79999e+06,1.14995e+07,4.49528e+06,6.79999e+06,1.14994e+07,4.49406e+06,6.79999e+06,1.14993e+07,4.49253e+06,6.79999e+06,1.14992e+07,4.49059e+06,6.79999e+06,1.14991e+07,4.48817e+06,6.79999e+06,1.1499e+07,4.48511e+06,6.79999e+06,1.14988e+07,4.48128e+06,6.79999e+06,1.14987e+07,4.47646e+06,6.79999e+06,1.14985e+07,4.47041e+06,6.79999e+06,1.14983e+07,4.46281e+06,6.79999e+06,1.14981e+07,4.4533e+06,6.79999e+06,1.14979e+07,4.44138e+06,6.79999e+06,1.14976e+07,4.42649e+06,6.79999e+06,1.14972e+07,4.40789e+06,6.79999e+06,1.14969e+07,4.38471e+06,6.79999e+06,1.14965e+07,4.35592e+06,6.79999e+06,1.1496e+07,4.32027e+06,6.79999e+06,1.14955e+07,4.27629e+06,6.79999e+06,1.14949e+07,4.22231e+06,6.79999e+06,1.14942e+07,4.15647e+06,6.79999e+06,1.14934e+07,4.07676e+06,6.79999e+06,1.14926e+07,3.98112e+06,6.79999e+06,1.14916e+07,3.86765e+06,6.79999e+06,1.14905e+07,3.73474e+06,6.79999e+06,1.14892e+07,3.58148e+06,6.79999e+06,1.14878e+07,3.40785e+06,6.79999e+06,1.14862e+07,3.21513e+06,6.79999e+06,1.14844e+07,3.00605e+06,6.79999e+06,1.14823e+07,2.7848e+06,6.79999e+06,1.148e+07,2.5568e+06,6.79999e+06,1.14773e+07,2.32825e+06,6.79999e+06,13.5742,8.52444,0.508366,16.8306,13.2585,0.162638,20.0035,17.569,0.0507846,23.2616,22.4214,0.0158319,26.7328,28.3297,0.00493498,30.5212,35.6974,0.00153831,34.7178,44.9473,0.000479527,39.4086,56.5822,0.000149456,44.6796,71.2245,4.66214e-05,50.6209,89.6543,1.45419e-05,57.3297,112.852,4.54748e-06,64.9129,142.051,1.43857e-06,73.4897,178.803,4.36618e-07,83.1934,225.062,1.40153e-07,94.1745,283.286,4.96378e-08,106.602,356.568,1.05434e-07,120.669,448.799,-6.49244e-08,136.59,564.873,1.70148e-07,154.611,710.948,-5.34594e-08,175.008,894.767,1.63407e-07,198.097,1126.06,8.04804e-08,224.231,1417.07,1.14667e-07,253.813,1783.15,-1.71227e-07,287.297,2243.62,-2.88466e-07,325.198,2822.67,-4.33651e-07,368.098,3550.67,7.9318e-08,416.657,4465.65,3.13319e-07,471.621,5615.16,3.4613e-07,533.835,7058.61,-1.19199e-07,604.255,8870.02,-2.79964e-07,683.962,11141.4,-2.30521e-07,774.182,13986.7,-2.55099e-07,876.299,17546.4,1.23585e-07,991.883,21993.1,1.41192e-07,1122.71,27536.7,-9.71886e-08,1270.78,34430.7,-3.68368e-07,1438.38,42977.7,-3.45379e-07,1628.07,53532.7,-3.25328e-09,1842.77,66504.6,2.6362e-07,2085.77,82350.2,2.53445e-07,2360.79,101560,-2.47407e-08,2672.05,124632,-3.80602e-07,3024.31,152018,-4.79005e-07,3422.98,184060,-1.14379e-07,3874.15,220884,2.64297e-07,4384.72,262283,3.44131e-07,4962.49,307576,7.5349e-08,5616.29,355497,-3.63097e-07,6356.1,404126,-6.05442e-07,7193.18,450932,-2.72333e-07,8140.28,492963,2.29675e-07,9211.79,527178,4.3387e-07,10424,550893,-1.0711e-07,10.102,8.06553,2.81012,10.6436,8.57909,0.869423,11.5336,10.2515,0.270869,12.7211,12.7138,0.0844293,14.1823,15.9373,0.0263173,15.9122,20.0383,0.0082035,17.9198,25.2154,0.00255722,20.2244,31.7373,0.000797017,22.8539,39.9486,0.000248622,25.8438,50.2851,7.75492e-05,29.237,63.2963,2.42508e-05,33.0837,79.6738,7.67162e-06,37.4415,100.288,2.32837e-06,42.3767,126.236,7.33e-07,47.9646,158.896,2.79256e-07,54.2906,200.003,9.87351e-09,61.452,251.741,1.61085e-07,69.5585,316.859,-2.47141e-07,78.7347,398.812,8.93552e-08,89.1218,501.948,-2.53231e-07,100.879,631.736,-1.25047e-07,114.188,795.049,-1.78808e-07,129.252,1000.53,2.6733e-07,146.304,1259.03,4.50292e-07,165.605,1584.19,6.76904e-07,187.452,1993.12,-1.23808e-07,212.181,2507.27,-4.89068e-07,240.173,3153.54,-5.40284e-07,271.856,3965.56,1.86061e-07,307.719,4985.38,4.37004e-07,348.313,6265.4,3.59828e-07,394.26,7870.83,3.98192e-07,446.268,9882.51,-1.92908e-07,505.135,12400.3,-2.20392e-07,571.766,15546.9,1.51705e-07,647.184,19472.2,5.74996e-07,732.547,24357.4,5.39112e-07,829.167,30420,5.07815e-09,938.526,37916.3,-4.11492e-07,1062.3,47143.9,-3.9561e-07,1202.4,58439.2,3.86185e-08,1360.96,72169.3,5.94093e-07,1540.42,88715.8,7.47693e-07,1743.53,108445,1.78537e-07,1973.41,131665,-4.12549e-07,2233.57,158557,-5.37164e-07,2528,189103,-1.17615e-07,2861.2,222986,5.66769e-07,3238.27,259510,9.45053e-07,3664.97,297540,4.25093e-07,4147.81,335497,-3.58506e-07,4694.17,371444,-6.7724e-07,5312.37,403256,1.67192e-07,1.61744,3.89446,9.84394,3.28846,7.5504,12.774,5.07607,11.7187,13.6844,7.03202,16.8147,13.9681,9.20215,23.1769,14.0566,11.6301,31.1672,14.0841,14.3598,41.2186,14.0927,17.4376,53.8688,14.0954,20.9137,69.7915,14.0962,24.8432,89.8341,14.0965,29.2879,115.063,14.0966,34.3168,146.819,14.0966,40.0078,186.792,14.0966,46.4487,237.107,14.0966,53.7388,300.44,14.0966,61.9903,380.158,14.0966,71.3301,480.499,14.0966,81.902,606.796,14.0966,93.8685,765.761,14.0966,107.414,965.837,14.0966,122.746,1217.65,14.0966,140.101,1534.57,14.0966,159.745,1933.41,14.0966,181.981,2435.3,14.0966,207.15,3066.85,14.0966,235.64,3861.46,14.0966,267.889,4861.11,14.0966,304.391,6118.54,14.0966,345.709,7699.91,14.0966,392.478,9688.22,14.0966,445.417,12187.5,14.0966,505.339,15327.7,14.0966,573.165,19271.6,14.0966,649.938,24222,14.0966,736.839,30430.9,14.0966,835.202,38211.5,14.0966,946.539,47950.3,14.0966,1072.56,60122.8,14.0966,1215.21,75309.9,14.0966,1376.66,94216.2,14.0966,1559.41,117688,14.0966,1766.26,146729,14.0966,2000.39,182510,14.0966,2265.39,226372,14.0966,2565.33,279806,14.0966,2904.81,344416,14.0966,3289.05,421845,14.0966,3723.93,513667,14.0966,4216.13,621231,14.0966,4773.18,745478,14.0966,5403.64,886744,14.0966,6117.15,1.04457e+06,14.0966,6924.63,1.2176e+06,14.0966,11.7194,11.96,12.6541,13.9321,16.1295,13.6434,16.6097,21.9702,13.9553,19.7532,29.5285,14.0526,23.3844,39.1143,14.0829,27.5423,51.2054,14.0923,32.2796,66.434,14.0953,37.662,85.6061,14.0962,43.7675,109.74,14.0965,50.687,140.119,14.0966,58.5249,178.359,14.0966,67.4005,226.493,14.0966,77.4493,287.08,14.0966,88.8254,363.343,14.0966,101.703,459.336,14.0966,116.281,580.161,14.0966,132.782,732.241,14.0966,151.46,923.655,14.0966,172.603,1164.57,14.0966,196.535,1467.79,14.0966,223.625,1849.39,14.0966,254.288,2329.62,14.0966,288.997,2933.93,14.0966,328.285,3694.33,14.0966,372.755,4651.04,14.0966,423.092,5854.57,14.0966,480.07,7368.38,14.0966,544.564,9272.08,14.0966,617.566,11665.5,14.0966,700.197,14673.6,14.0966,793.729,18452.9,14.0966,899.599,23198.6,14.0966,1019.43,29154.1,14.0966,1155.07,36622.3,14.0966,1308.6,45977.9,14.0966,1482.39,57683.7,14.0966,1679.09,72307.8,14.0966,1901.73,90542.8,14.0966,2153.73,113226,14.0966,2438.97,141360,14.0966,2761.81,176127,14.0966,3127.22,218898,14.0966,3540.81,271226,14.0966,4008.92,334817,14.0966,4538.74,411470,14.0966,5138.38,502973,14.0966,5817.04,610948,14.0966,6585.12,736653,14.0966,7454.39,880741,14.0966,8438.15,1.04302e+06,14.0966,9551.45,1.22224e+06,14.0966,10811.3,1.41602e+06,14.0966,12237,1.62086e+06,14.0966,11.7194,11.96,12.6541,2.21263,4.16949,0.989383,2.67766,5.84076,0.311842,3.14343,7.55825,0.0972771,3.63127,9.58578,0.0303237,4.15787,12.0912,0.00945211,4.73731,15.2286,0.00294633,5.38238,19.1721,0.000918508,6.10553,24.134,0.000286163,6.91951,30.3791,8.92692e-05,7.83792,38.2397,2.78121e-05,8.87555,48.1338,8.65134e-06,10.0489,60.5876,2.7882e-06,11.3761,76.2629,8.29036e-07,12.8779,95.9927,2.4373e-07,14.5775,120.825,4.33068e-09,16.5012,152.08,1.75749e-07,18.6784,191.415,-1.86328e-07,21.1428,240.917,1.91829e-07,23.9322,303.213,-1.81475e-07,27.0895,381.602,7.0186e-08,30.6634,480.231,-2.86769e-08,34.7087,604.316,2.40784e-07,39.2876,760.401,9.87368e-08,44.4705,956.705,1.22263e-07,50.3371,1203.54,-4.31966e-07,56.9776,1513.81,-1.9705e-07,64.494,1903.69,-2.763e-08,73.0018,2393.4,3.9185e-07,82.6317,3008.13,1.35379e-07,93.5318,3779.25,-4.16351e-08,105.869,4745.7,2.06965e-08,119.834,5955.6,-3.18887e-07,135.641,7468.12,-1.48271e-08,153.531,9355.62,2.00739e-07,173.781,11705.8,2.28358e-07,196.701,14624.1,-1.93587e-08,222.642,18235,-2.88101e-07,252.003,22683.4,-2.24732e-07,285.234,28134,8.56806e-09,322.845,34767,2.34258e-07,365.413,42770.9,2.99668e-07,413.588,52327.9,8.28644e-08,468.111,63591.2,-3.07049e-07,529.814,76653.2,-3.1888e-07,599.642,91502.5,-6.72276e-08,678.662,107975,2.26339e-07,768.083,125705,3.69212e-07,869.267,144088,2.04077e-07,983.76,162277,-2.80509e-07,1113.3,179223,-4.22737e-07,1259.87,193777,-1.71951e-07,1425.68,204839,4.55555e-07,11.7194,11.96,12.6541,2.21263,4.16949,0.989383,2.67766,5.84076,0.311842,3.14343,7.55825,0.0972771,3.63127,9.58578,0.0303237,4.15787,12.0912,0.00945211,4.73731,15.2286,0.00294633,5.38238,19.1721,0.000918508,6.10553,24.134,0.000286163,6.91951,30.3791,8.92692e-05,7.83792,38.2397,2.78121e-05,8.87555,48.1338,8.65134e-06,10.0489,60.5876,2.7882e-06,11.3761,76.2629,8.29036e-07,12.8779,95.9927,2.4373e-07,14.5775,120.825,1e-08,16.5012,152.08,1.75749e-07,18.6784,191.415,1e-08,21.1428,240.917,1.91829e-07,23.9322,303.213,1e-08,27.0895,381.602,7.0186e-08,30.6634,480.231,1e-08,34.7087,604.316,2.40784e-07,39.2876,760.401,9.87368e-08,44.4705,956.705,1.22263e-07,50.3371,1203.54,1e-08,56.9776,1513.81,1e-08,64.494,1903.69,1e-08,73.0018,2393.4,3.9185e-07,82.6317,3008.13,1.35379e-07,93.5318,3779.25,1e-08,105.869,4745.7,2.06965e-08,119.834,5955.6,1e-08,135.641,7468.12,1e-08,153.531,9355.62,2.00739e-07,173.781,11705.8,2.28358e-07,196.701,14624.1,1e-08,222.642,18235,1e-08,252.003,22683.4,1e-08,285.234,28134,1e-08,322.845,34767,2.34258e-07,365.413,42770.9,2.99668e-07,413.588,52327.9,8.28644e-08,468.111,63591.2,1e-08,529.814,76653.2,1e-08,599.642,91502.5,1e-08,678.662,107975,2.26339e-07,768.083,125705,3.69212e-07,869.267,144088,2.04077e-07,983.76,162277,1e-08,1113.3,179223,1e-08,1259.87,193777,1e-08,1425.68,204839,4.55555e-07,6.2823,3.27286,2.43537,0.219672,6.18826,2.24117,0.56371,6.87772,2.63624,0.308279,11,5,14,1,2,2,2,2,0,7,6,0,3,19,0,3,11,0,2,9,0,6,6,0,12,19,0,10,44,0,3,78,0,8,14,0,8,72,0,11,64,0,12,87,0,15,132,0,11,128,0,8,173,0,13,310,0,14,281,0,23,779,0,29,214,0,32,215,0,51,451,0,30,1865,0,32,1785,0,70,1207,0,76,3854,0,43,1346,0,59,1718,0,143,5012,0,65,5646,0,80,6840,0,60,5319,0,203,5207,0,198,7219,0,92,9565,0,254,9647,0,217,27190,0,211,14688,0,474,36145,0,841,9208,0,441,69649,0,929,36678,0,609,90157,0,1574,78572,0,504,103765,0,951,118566,0,494,205000,0,825,128191,0,616,227712,0,1030,214066,0,2660,150618,0
-1.05176e+08,1,8.88811e-15,10,1023,0,1.05176e+08,0.528882,1.08665,0.389689,0.145397,0.379329,3.24381,0.161596,0.446195,1.77396,0.159177,1.15e+07,4.49998e+06,6.79999e+06,1.15e+07,4.49997e+06,6.79999e+06,1.15e+07,4.49996e+06,6.79999e+06,1.15e+07,4.49995e+06,6.79999e+06,1.14999e+07,4.49993e+06,6.79999e+06,1.14999e+07,4.49991e+06,6.79999e+06,1.14999e+07,4.49989e+06,6.79999e+06,1.14999e+07,4.49986e+06,6.79999e+06,1.14999e+07,4.49982e+06,6.79999e+06,1.14999e+07,4.49977e+06,6.79999e+06,1.14999e+07,4.49971e+06,6.79999e+06,1.14999e+07,4.49963e+06,6.79999e+06,1.14998e+07,4.49953e+06,6.79999e+06,1.14998e+07,4.49941e+06,6.79999e+06,1.14998e+07,4.49926e+06,6.79999e+06,1.14998e+07,4.49906e+06,6.79999e+06,1.14997e+07,4.49882e+06,6.79999e+06,1.14997e+07,4.49851e+06,6.79999e+06,1.14997e+07,4.49812e+06,6.79999e+06,1.14996e+07,4.49764e+06,6.79999e+06,1.14996e+07,4.49702e+06,6.79999e+06,1.14995e+07,4.49625e+06,6.79999e+06,1.14995e+07,4.49528e+06,6.79999e+06,1.14994e+07,4.49406e+06,6.79999e+06,1.14993e+07,4.49253e+06,6.79999e+06,1.14992e+07,4.49059e+06,6.79999e+06,1.14991e+07,4.48817e+06,6.79999e+06,1.1499e+07,4.48511e+06,6.79999e+06,1.14988e+07,4.48128e+06,6.79999e+06,1.14987e+07,4.47646e+06,6.79999e+06,1.14985e+07,4.47041e+06,6.79999e+06,1.14983e+07,4.46281e+06,6.79999e+06,1.14981e+07,4.4533e+06,6.79999e+06,1.14979e+07,4.44138e+06,6.79999e+06,1.14976e+07,4.42649e+06,6.79999e+06,1.14972e+07,4.40789e+06,6.79999e+06,1.14969e+07,4.38471e+06,6.79999e+06,1.14965e+07,4.35592e+06,6.79999e+06,1.1496e+07,4.32027e+06,6.79999e+06,1.14955e+07,4.27629e+06,6.79999e+06,1.14949e+07,4.22231e+06,6.79999e+06,1.14942e+07,4.15647e+06,6.79999e+06,1.14934e+07,4.07676e+06,6.79999e+06,1.14926e+07,3.98112e+06,6.79999e+06,1.14916e+07,3.86765e+06,6.79999e+06,1.14905e+07,3.73474e+06,6.79999e+06,1.14892e+07,3.58148e+06,6.79999e+06,1.14878e+07,3.40785e+06,6.79999e+06,1.14862e+07,3.21513e+06,6.79999e+06,1.14844e+07,3.00605e+06,6.79999e+06,1.14823e+07,2.7848e+06,6.79999e+06,1.148e+07,2.5568e+06,6.79999e+06,1.14773e+07,2.32825e+06,6.79999e+06,13.5742,8.52444,0.508366,16.8306,13.2585,0.162638,20.0035,17.569,0.0507846,23.2616,22.4214,0.0158319,26.7328,28.3297,0.00493498,30.5212,35.6974,0.00153831,34.7178,44.9473,0.000479527,39.4086,56.5822,0.000149456,44.6796,71.2245,4.66214e-05,50.6209,89.6543,1.45419e-05,57.3297,112.852,4.54748e-06,64.9129,142.051,1.43857e-06,73.4897,178.803,4.36618e-07,83.1934,225.062,1.40153e-07,94.1745,283.286,4.96378e-08,106.602,356.568,1.05434e-07,120.669,448.799,-6.49244e-08,136.59,564.873,1.70148e-07,154.611,710.948,-5.34594e-08,175.008,894.767,1.63407e-07,198.097,1126.06,8.04804e-08,224.231,1417.07,1.14667e-07,253.813,1783.15,-1.71227e-07,287.297,2243.62,-2.88466e-07,325.198,2822.67,-4.33651e-07,368.098,3550.67,7.9318e-08,416.657,4465.65,3.13319e-07,471.621,5615.16,3.4613e-07,533.835,7058.61,-1.19199e-07,604.255,8870.02,-2.79964e-07,683.962,11141.4,-2.30521e-07,774.182,13986.7,-2.55099e-07,876.299,17546.4,1.23585e-07,991.883,21993.1,1.41192e-07,1122.71,27536.7,-9.71886e-08,1270.78,34430.7,-3.68368e-07,1438.38,42977.7,-3.45379e-07,1628.07,53532.7,-3.25328e-09,1842.77,66504.6,2.6362e-07,2085.77,82350.2,2.53445e-07,2360.79,101560,-2.47407e-08,2672.05,124632,-3.80602e-07,3024.31,152018,-4.79005e-07,3422.98,184060,-1.14379e-07,3874.15,220884,2.64297e-07,4384.72,262283,3.44131e-07,4962.49,307576,7.5349e-08,5616.29,355497,-3.63097e-07,6356.1,404126,-6.05442e-07,7193.18,450932,-2.72333e-07,8140.28,492963,2.29675e-07,9211.79,527178,4.3387e-07,10424,550893,-1.0711e-07,10.102,8.06553,2.81012,10.6436,8.57909,0.869423,11.5336,10.2515,0.270869,12.7211,12.7138,0.0844293,14.1823,15.9373,0.0263173,15.9122,20.0383,0.0082035,17.9198,25.2154,0.00255722,20.2244,31.7373,0.000797017,22.8539,39.9486,0.000248622,25.8438,50.2851,7.75492e-05,29.237,63.2963,2.42508e-05,33.0837,79.6738,7.67162e-06,37.4415,100.288,2.32837e-06,42.3767,126.236,7.33e-07,47.9646,158.896,2.79256e-07,54.2906,200.003,9.87351e-09,61.452,251.741,1.61085e-07,69.5585,316.859,-2.47141e-07,78.7347,398.812,8.93552e-08,89.1218,501.948,-2.53231e-07,100.879,631.736,-1.25047e-07,114.188,795.049,-1.78808e-07,129.252,1000.53,2.6733e-07,146.304,1259.03,4.50292e-07,165.605,1584.19,6.76904e-07,187.452,1993.12,-1.23808e-07,212.181,2507.27,-4.89068e-07,240.173,3153.54,-5.40284e-07,271.856,3965.56,1.86061e-07,307.719,4985.38,4.37004e-07,348.313,6265.4,3.59828e-07,394.26,7870.83,3.98192e-07,446.268,9882.51,-1.92908e-07,505.135,12400.3,-2.20392e-07,571.766,15546.9,1.51705e-07,647.184,19472.2,5.74996e-07,732.547,24357.4,5.39112e-07,829.167,30420,5.07815e-09,938.526,37916.3,-4.11492e-07,1062.3,47143.9,-3.9561e-07,1202.4,58439.2,3.86185e-08,1360.96,72169.3,5.94093e-07,1540.42,88715.8,7.47693e-07,1743.53,108445,1.78537e-07,1973.41,131665,-4.12549e-07,2233.57,158557,-5.37164e-07,2528,189103,-1.17615e-07,2861.2,222986,5.66769e-07,3238.27,259510,9.45053e-07,3664.97,297540,4.25093e-07,4147.81,335497,-3.58506e-07,4694.17,371444,-6.7724e-07,5312.37,403256,1.67192e-07,1.61744,3.89446,9.84394,3.28846,7.5504,12.774,5.07607,11.7187,13.6844,7.03202,16.8147,13.9681,9.20215,23.1769,14.0566,11.6301,31.1672,14.0841,14.3598,41.2186,14.0927,17.4376,53.8688,14.0954,20.9137,69.7915,14.0962,24.8432,89.8341,14.0965,29.2879,115.063,14.0966,34.3168,146.819,14.0966,40.0078,186.792,14.0966,46.4487,237.107,14.0966,53.7388,300.44,14.0966,61.9903,380.158,14.0966,71.3301,480.499,14.0966,81.902,606.796,14.0966,93.8685,765.761,14.0966,107.414,965.837,14.0966,122.746,1217.65,14.0966,140.101,1534.57,14.0966,159.745,1933.41,14.0966,181.981,2435.3,14.0966,207.15,3066.85,14.0966,235.64,3861.46,14.0966,267.889,4861.11,14.0966,304.391,6118.54,14.0966,345.709,7699.91,14.0966,392.478,9688.22,14.0966,445.417,12187.5,14.0966,505.339,15327.7,14.0966,573.165,19271.6,14.0966,649.938,24222,14.0966,736.839,30430.9,14.0966,835.202,38211.5,14.0966,946.539,47950.3,14.0966,1072.56,60122.8,14.0966,1215.21,75309.9,14.0966,1376.66,94216.2,14.0966,1559.41,117688,14.0966,1766.26,146729,14.0966,2000.39,182510,14.0966,2265.39,226372,14.0966,2565.33,279806,14.0966,2904.81,344416,14.0966,3289.05,421845,14.0966,3723.93,513667,14.0966,4216.13,621231,14.0966,4773.18,745478,14.0966,5403.64,886744,14.0966,6117.15,1.04457e+06,14.0966,6924.63,1.2176e+06,14.0966,11.7194,11.96,12.6541,13.9321,16.1295,13.6434,16.6097,21.9702,13.9553,19.7532,29.5285,14.0526,23.3844,39.1143,14.0829,27.5423,51.2054,14.0923,32.2796,66.434,14.0953,37.662,85.6061,14.0962,43.7675,109.74,14.0965,50.687,140.119,14.0966,58.5249,178.359,14.0966,67.4005,226.493,14.0966,77.4493,287.08,14.0966,88.8254,363.343,14.0966,101.703,459.336,14.0966,116.281,580.161,14.0966,132.782,732.241,14.0966,151.46,923.655,14.0966,172.603,1164.57,14.0966,196.535,1467.79,14.0966,223.625,1849.39,14.0966,254.288,2329.62,14.0966,288.997,2933.93,14.0966,328.285,3694.33,14.0966,372.755,4651.04,14.0966,423.092,5854.57,14.0966,480.07,7368.38,14.0966,544.564,9272.08,14.0966,617.566,11665.5,14.0966,700.197,14673.6,14.0966,793.729,18452.9,14.0966,899.599,23198.6,14.0966,1019.43,29154.1,14.0966,1155.07,36622.3,14.0966,1308.6,45977.9,14.0966,1482.39,57683.7,14.0966,1679.09,72307.8,14.0966,1901.73,90542.8,14.0966,2153.73,113226,14.0966,2438.97,141360,14.0966,2761.81,176127,14.0966,3127.22,218898,14.0966,3540.81,271226,14.0966,4008.92,334817,14.0966,4538.74,411470,14.0966,5138.38,502973,14.0966,5817.04,610948,14.0966,6585.12,736653,14.0966,7454.39,880741,14.0966,8438.15,1.04302e+06,14.0966,9551.45,1.22224e+06,14.0966,10811.3,1.41602e+06,14.0966,12237,1.62086e+06,14.0966,11.7194,11.96,12.6541,2.21263,4.16949,0.989383,2.67766,5.84076,0.311842,3.14343,7.55825,0.0972771,3.63127,9.58578,0.0303237,4.15787,12.0912,0.00945211,4.73731,15.2286,0.00294633,5.38238,19.1721,0.000918508,6.10553,24.134,0.000286163,6.91951,30.3791,8.92692e-05,7.83792,38.2397,2.78121e-05,8.87555,48.1338,8.65134e-06,10.0489,60.5876,2.7882e-06,11.3761,76.2629,8.29036e-07,12.8779,95.9927,2.4373e-07,14.5775,120.825,4.33068e-09,16.5012,152.08,1.75749e-07,18.6784,191.415,-1.86328e-07,21.1428,240.917,1.91829e-07,23.9322,303.213,-1.81475e-07,27.0895,381.602,7.0186e-08,30.6634,480.231,-2.86769e-08,34.7087,604.316,2.40784e-07,39.2876,760.401,9.87368e-08,44.4705,956.705,1.22263e-07,50.3371,1203.54,-4.31966e-07,56.9776,1513.81,-1.9705e-07,64.494,1903.69,-2.763e-08,73.0018,2393.4,3.9185e-07,82.6317,3008.13,1.35379e-07,93.5318,3779.25,-4.16351e-08,105.869,4745.7,2.06965e-08,119.834,5955.6,-3.18887e-07,135.641,7468.12,-1.48271e-08,153.531,9355.62,2.00739e-07,173.781,11705.8,2.28358e-07,196.701,14624.1,-1.93587e-08,222.642,18235,-2.88101e-07,252.003,22683.4,-2.24732e-07,285.234,28134,8.56806e-09,322.845,34767,2.34258e-07,365.413,42770.9,2.99668e-07,413.588,52327.9,8.28644e-08,468.111,63591.2,-3.07049e-07,529.814,76653.2,-3.1888e-07,599.642,91502.5,-6.72276e-08,678.662,107975,2.26339e-07,768.083,125705,3.69212e-07,869.267,144088,2.04077e-07,983.76,162277,-2.80509e-07,1113.3,179223,-4.22737e-07,1259.87,193777,-1.71951e-07,1425.68,204839,4.55555e-07,11.7194,11.96,12.6541,2.21263,4.16949,0.989383,2.67766,5.84076,0.311842,3.14343,7.55825,0.0972771,3.63127,9.58578,0.0303237,4.15787,12.0912,0.00945211,4.73731,15.2286,0.00294633,5.38238,19.1721,0.000918508,6.10553,24.134,0.000286163,6.91951,30.3791,8.92692e-05,7.83792,38.2397,2.78121e-05,8.87555,48.1338,8.65134e-06,10.0489,60.5876,2.7882e-06,11.3761,76.2629,8.29036e-07,12.8779,95.9927,2.4373e-07,14.5775,120.825,1e-08,16.5012,152.08,1.75749e-07,18.6784,191.415,1e-08,21.1428,240.917,1.91829e-07,23.9322,303.213,1e-08,27.0895,381.602,7.0186e-08,30.6634,480.231,1e-08,34.7087,604.316,2.40784e-07,39.2876,760.401,9.87368e-08,44.4705,956.705,1.22263e-07,50.3371,1203.54,1e-08,56.9776,1513.81,1e-08,64.494,1903.69,1e-08,73.0018,2393.4,3.9185e-07,82.6317,3008.13,1.35379e-07,93.5318,3779.25,1e-08,105.869,4745.7,2.06965e-08,119.834,5955.6,1e-08,135.641,7468.12,1e-08,153.531,9355.62,2.00739e-07,173.781,11705.8,2.28358e-07,196.701,14624.1,1e-08,222.642,18235,1e-08,252.003,22683.4,1e-08,285.234,28134,1e-08,322.845,34767,2.34258e-07,365.413,42770.9,2.99668e-07,413.588,52327.9,8.28644e-08,468.111,63591.2,1e-08,529.814,76653.2,1e-08,599.642,91502.5,1e-08,678.662,107975,2.26339e-07,768.083,125705,3.69212e-07,869.267,144088,2.04077e-07,983.76,162277,1e-08,1113.3,179223,1e-08,1259.87,193777,1e-08,1425.68,204839,4.55555e-07,6.2823,3.27286,2.43537,0.219672,6.18826,2.24117,0.56371,6.87772,2.63624,0.308279,23,22,1,1,0,1,8,5,0,3,5,0,1,7,0,5,15,0,11,8,0,5,26,0,4,19,0,2,66,0,12,30,0,8,55,0,4,28,0,19,65,0,11,128,0,15,105,0,10,195,0,21,421,0,19,252,0,19,445,0,27,410,0,11,597,0,23,596,0,13,1121,0,26,1227,0,24,1232,0,127,1233,0,69,1931,0,35,4075,0,89,1882,0,24,2917,0,195,4158,0,84,6683,0,62,6544,0,160,10165,0,261,6190,0,101,10270,0,171,4668,0,203,21069,0,177,26242,0,147,24509,0,321,45401,0,457,79725,0,139,41399,0,503,117033,0,269,111888,0,779,94130,0,660,129904,0,879,96866,0,1377,79233,0,1291,179697,0,832,180797,0,801,105845,0
-1.05176e+08,1,8.88811e-15,10,1023,0,1.05176e+08,0.528882,1.08665,0.389689,0.145397,0.379329,3.24381,0.161596,0.446195,1.77396,0.159177,1.15e+07,4.49998e+06,6.79999e+06,1.15e+07,4.49997e+06,6.79999e+06,1.15e+07,4.49996e+06,6.79999e+06,1.15e+07,4.49995e+06,6.79999e+06,1.14999e+07,4.49993e+06,6.79999e+06,1.14999e+07,4.49991e+06,6.79999e+06,1.14999e+07,4.49989e+06,6.79999e+06,1.14999e+07,4.49986e+06,6.79999e+06,1.14999e+07,4.49982e+06,6.79999e+06,1.14999e+07,4.49977e+06,6.79999e+06,1.14999e+07,4.49971e+06,6.79999e+06,1.14999e+07,4.49963e+06,6.79999e+06,1.14998e+07,4.49953e+06,6.79999e+06,1.14998e+07,4.49941e+06,6.79999e+06,1.14998e+07,4.49926e+06,6.79999e+06,1.14998e+07,4.49906e+06,6.79999e+06,1.14997e+07,4.49882e+06,6.79999e+06,1.14997e+07,4.49851e+06,6.79999e+06,1.14997e+07,4.49812e+06,6.79999e+06,1.14996e+07,4.49764e+06,6.79999e+06,1.14996e+07,4.49702e+06,6.79999e+06,1.14995e+07,4.49625e+06,6.79999e+06,1.14995e+07,4.49528e+06,6.79999e+06,1.14994e+07,4.49406e+06,6.79999e+06,1.14993e+07,4.49253e+06,6.79999e+06,1.14992e+07,4.49059e+06,6.79999e+06,1.14991e+07,4.48817e+06,6.79999e+06,1.1499e+07,4.48511e+06,6.79999e+06,1.14988e+07,4.48128e+06,6.79999e+06,1.14987e+07,4.47646e+06,6.79999e+06,1.14985e+07,4.47041e+06,6.79999e+06,1.14983e+07,4.46281e+06,6.79999e+06,1.14981e+07,4.4533e+06,6.79999e+06,1.14979e+07,4.44138e+06,6.79999e+06,1.14976e+07,4.42649e+06,6.79999e+06,1.14972e+07,4.40789e+06,6.79999e+06,1.14969e+07,4.38471e+06,6.79999e+06,1.14965e+07,4.35592e+06,6.79999e+06,1.1496e+07,4.32027e+06,6.79999e+06,1.14955e+07,4.27629e+06,6.79999e+06,1.14949e+07,4.22231e+06,6.79999e+06,1.14942e+07,4.15647e+06,6.79999e+06,1.14934e+07,4.07676e+06,6.79999e+06,1.14926e+07,3.98112e+06,6.79999e+06,1.14916e+07,3.86765e+06,6.79999e+06,1.14905e+07,3.73474e+06,6.79999e+06,1.14892e+07,3.58148e+06,6.79999e+06,1.14878e+07,3.40785e+06,6.79999e+06,1.14862e+07,3.21513e+06,6.79999e+06,1.14844e+07,3.00605e+06,6.79999e+06,1.14823e+07,2.7848e+06,6.79999e+06,1.148e+07,2.5568e+06,6.79999e+06,1.14773e+07,2.32825e+06,6.79999e+06,13.5742,8.52444,0.508366,16.8306,13.2585,0.162638,20.0035,17.569,0.0507846,23.2616,22.4214,0.0158319,26.7328,28.3297,0.00493498,30.5212,35.6974,0.00153831,34.7178,44.9473,0.000479527,39.4086,56.5822,0.000149456,44.6796,71.2245,4.66214e-05,50.6209,89.6543,1.45419e-05,57.3297,112.852,4.54748e-06,64.9129,142.051,1.43857e-06,73.4897,178.803,4.36618e-07,83.1934,225.062,1.40153e-07,94.1745,283.286,4.96378e-08,106.602,356.568,1.05434e-07,120.669,448.799,-6.49244e-08,136.59,564.873,1.70148e-07,154.611,710.948,-5.34594e-08,175.008,894.767,1.63407e-07,198.097,1126.06,8.04804e-08,224.231,1417.07,1.14667e-07,253.813,1783.15,-1.71227e-07,287.297,2243.62,-2.88466e-07,325.198,2822.67,-4.33651e-07,368.098,3550.67,7.9318e-08,416.657,4465.65,3.13319e-07,471.621,5615.16,3.4613e-07,533.835,7058.61,-1.19199e-07,604.255,8870.02,-2.79964e-07,683.962,11141.4,-2.30521e-07,774.182,13986.7,-2.55099e-07,876.299,17546.4,1.23585e-07,991.883,21993.1,1.41192e-07,1122.71,27536.7,-9.71886e-08,1270.78,34430.7,-3.68368e-07,1438.38,42977.7,-3.45379e-07,1628.07,53532.7,-3.25328e-09,1842.77,66504.6,2.6362e-07,2085.77,82350.2,2.53445e-07,2360.79,101560,-2.47407e-08,2672.05,124632,-3.80602e-07,3024.31,152018,-4.79005e-07,3422.98,184060,-1.14379e-07,3874.15,220884,2.64297e-07,4384.72,262283,3.44131e-07,4962.49,307576,7.5349e-08,5616.29,355497,-3.63097e-07,6356.1,404126,-6.05442e-07,7193.18,450932,-2.72333e-07,8140.28,492963,2.29675e-07,9211.79,527178,4.3387e-07,10424,550893,-1.0711e-07,10.102,8.06553,2.81012,10.6436,8.57909,0.869423,11.5336,10.2515,0.270869,12.7211,12.7138,0.0844293,14.1823,15.9373,0.0263173,15.9122,20.0383,0.0082035,17.9198,25.2154,0.00255722,20.2244,31.7373,0.000797017,22.8539,39.9486,0.000248622,25.8438,50.2851,7.75492e-05,29.237,63.2963,2.42508e-05,33.0837,79.6738,7.67162e-06,37.4415,100.288,2.32837e-06,42.3767,126.236,7.33e-07,47.9646,158.896,2.79256e-07,54.2906,200.003,9.87351e-09,61.452,251.741,1.61085e-07,69.5585,316.859,-2.47141e-07,78.7347,398.812,8.93552e-08,89.1218,501.948,-2.53231e-07,100.879,631.736,-1.25047e-07,114.188,795.049,-1.78808e-07,129.252,1000.53,2.6733e-07,146.304,1259.03,4.50292e-07,165.605,1584.19,6.76904e-07,187.452,1993.12,-1.23808e-07,212.181,2507.27,-4.89068e-07,240.173,3153.54,-5.40284e-07,271.856,3965.56,1.86061e-07,307.719,4985.38,4.37004e-07,348.313,6265.4,3.59828e-07,394.26,7870.83,3.98192e-07,446.268,9882.51,-1.92908e-07,505.135,12400.3,-2.20392e-07,571.766,15546.9,1.51705e-07,647.184,19472.2,5.74996e-07,732.547,24357.4,5.39112e-07,829.167,30420,5.07815e-09,938.526,37916.3,-4.11492e-07,1062.3,47143.9,-3.9561e-07,1202.4,58439.2,3.86185e-08,1360.96,72169.3,5.94093e-07,1540.42,88715.8,7.47693e-07,1743.53,108445,1.78537e-07,1973.41,131665,-4.12549e-07,2233.57,158557,-5.37164e-07,2528,189103,-1.17615e-07,2861.2,222986,5.66769e-07,3238.27,259510,9.45053e-07,3664.97,297540,4.25093e-07,4147.81,335497,-3.58506e-07,4694.17,371444,-6.7724e-07,5312.37,403256,1.67192e-07,1.61744,3.89446,9.84394,3.28846,7.5504,12.774,5.07607,11.7187,13.6844,7.03202,16.8147,13.9681,9.20215,23.1769,14.0566,11.6301,31.1672,14.0841,14.3598,41.2186,14.0927,17.4376,53.8688,14.0954,20.9137,69.7915,14.0962,24.8432,89.8341,14.0965,29.2879,115.063,14.0966,34.3168,146.819,14.0966,40.0078,186.792,14.0966,46.4487,237.107,14.0966,53.7388,300.44,14.0966,61.9903,380.158,14.0966,71.3301,480.499,14.0966,81.902,606.796,14.0966,93.8685,765.761,14.0966,107.414,965.837,14.0966,122.746,1217.65,14.0966,140.101,1534.57,14.0966,159.745,1933.41,14.0966,181.981,2435.3,14.0966,207.15,3066.85,14.0966,235.64,3861.46,14.0966,267.889,4861.11,14.0966,304.391,6118.54,14.0966,345.709,7699.91,14.0966,392.478,9688.22,14.0966,445.417,12187.5,14.0966,505.339,15327.7,14.0966,573.165,19271.6,14.0966,649.938,24222,14.0966,736.839,30430.9,14.0966,835.202,38211.5,14.0966,946.539,47950.3,14.0966,1072.56,60122.8,14.0966,1215.21,75309.9,14.0966,1376.66,94216.2,14.0966,1559.41,117688,14.0966,1766.26,146729,14.0966,2000.39,182510,14.0966,2265.39,226372,14.0966,2565.33,279806,14.0966,2904.81,344416,14.0966,3289.05,421845,14.0966,3723.93,513667,14.0966,4216.13,621231,14.0966,4773.18,745478,14.0966,5403.64,886744,14.0966,6117.15,1.04457e+06,14.0966,6924.63,1.2176e+06,14.0966,11.7194,11.96,12.6541,13.9321,16.1295,13.6434,16.6097,21.9702,13.9553,19.7532,29.5285,14.0526,23.3844,39.1143,14.0829,27.5423,51.2054,14.0923,32.2796,66.434,14.0953,37.662,85.6061,14.0962,43.7675,109.74,14.0965,50.687,140.119,14.0966,58.5249,178.359,14.0966,67.4005,226.493,14.0966,77.4493,287.08,14.0966,88.8254,363.343,14.0966,101.703,459.336,14.0966,116.281,580.161,14.0966,132.782,732.241,14.0966,151.46,923.655,14.0966,172.603,1164.57,14.0966,196.535,1467.79,14.0966,223.625,1849.39,14.0966,254.288,2329.62,14.0966,288.997,2933.93,14.0966,328.285,3694.33,14.0966,372.755,4651.04,14.0966,423.092,5854.57,14.0966,480.07,7368.38,14.0966,544.564,9272.08,14.0966,617.566,11665.5,14.0966,700.197,14673.6,14.0966,793.729,18452.9,14.0966,899.599,23198.6,14.0966,1019.43,29154.1,14.0966,1155.07,36622.3,14.0966,1308.6,45977.9,14.0966,1482.39,57683.7,14.0966,1679.09,72307.8,14.0966,1901.73,90542.8,14.0966,2153.73,113226,14.0966,2438.97,141360,14.0966,2761.81,176127,14.0966,3127.22,218898,14.0966,3540.81,271226,14.0966,4008.92,334817,14.0966,4538.74,411470,14.0966,5138.38,502973,14.0966,5817.04,610948,14.0966,6585.12,736653,14.0966,7454.39,880741,14.0966,8438.15,1.04302e+06,14.0966,9551.45,1.22224e+06,14.0966,10811.3,1.41602e+06,14.0966,12237,1.62086e+06,14.0966,11.7194,11.96,12.6541,2.21263,4.16949,0.989383,2.67766,5.84076,0.311842,3.14343,7.55825,0.0972771,3.63127,9.58578,0.0303237,4.15787,12.0912,0.00945211,4.73731,15.2286,0.00294633,5.38238,19.1721,0.000918508,6.10553,24.134,0.000286163,6.91951,30.3791,8.92692e-05,7.83792,38.2397,2.78121e-05,8.87555,48.1338,8.65134e-06,10.0489,60.5876,2.7882e-06,11.3761,76.2629,8.29036e-07,12.8779,95.9927,2.4373e-07,14.5775,120.825,4.33068e-09,16.5012,152.08,1.75749e-07,18.6784,191.415,-1.86328e-07,21.1428,240.917,1.91829e-07,23.9322,303.213,-1.81475e-07,27.0895,381.602,7.0186e-08,30.6634,480.231,-2.86769e-08,34.7087,604.316,2.40784e-07,39.2876,760.401,9.87368e-08,44.4705,956.705,1.22263e-07,50.3371,1203.54,-4.31966e-07,56.9776,1513.81,-1.9705e-07,64.494,1903.69,-2.763e-08,73.0018,2393.4,3.9185e-07,82.6317,3008.13,1.35379e-07,93.5318,3779.25,-4.16351e-08,105.869,4745.7,2.06965e-08,119.834,5955.6,-3.18887e-07,135.641,7468.12,-1.48271e-08,153.531,9355.62,2.00739e-07,173.781,11705.8,2.28358e-07,196.701,14624.1,-1.93587e-08,222.642,18235,-2.88101e-07,252.003,22683.4,-2.24732e-07,285.234,28134,8.56806e-09,322.845,34767,2.34258e-07,365.413,42770.9,2.99668e-07,413.588,52327.9,8.28644e-08,468.111,63591.2,-3.07049e-07,529.814,76653.2,-3.1888e-07,599.642,91502.5,-6.72276e-08,678.662,107975,2.26339e-07,768.083,125705,3.69212e-07,869.267,144088,2.04077e-07,983.76,162277,-2.80509e-07,1113.3,179223,-4.22737e-07,1259.87,193777,-1.71951e-07,1425.68,204839,4.55555e-07,11.7194,11.96,12.6541,2.21263,4.16949,0.989383,2.67766,5.84076,0.311842,3.14343,7.55825,0.0972771,3.63127,9.58578,0.0303237,4.15787,12.0912,0.00945211,4.73731,15.2286,0.00294633,5.38238,19.1721,0.000918508,6.10553,24.134,0.000286163,6.91951,30.3791,8.92692e-05,7.83792,38.2397,2.78121e-05,8.87555,48.1338,8.65134e-06,10.0489,60.5876,2.7882e-06,11.3761,76.2629,8.29036e-07,12.8779,95.9927,2.4373e-07,14.5775,120.825,1e-08,16.5012,152.08,1.75749e-07,18.6784,191.415,1e-08,21.1428,240.917,1.91829e-07,23.9322,303.213,1e-08,27.0895,381.602,7.0186e-08,30.6634,480.231,1e-08,34.7087,604.316,2.40784e-07,39.2876,760.401,9.87368e-08,44.4705,956.705,1.22263e-07,50.3371,1203.54,1e-08,56.9776,1513.81,1e-08,64.494,1903.69,1e-08,73.0018,2393.4,3.9185e-07,82.6317,3008.13,1.35379e-07,93.5318,3779.25,1e-08,105.869,4745.7,2.06965e-08,119.834,5955.6,1e-08,135.641,7468.12,1e-08,153.531,9355.62,2.00739e-07,173.781,11705.8,2.28358e-07,196.701,14624.1,1e-08,222.642,18235,1e-08,252.003,22683.4,1e-08,285.234,28134,1e-08,322.845,34767,2.34258e-07,365.413,42770.9,2.99668e-07,413.588,52327.9,8.28644e-08,468.111,63591.2,1e-08,529.814,76653.2,1e-08,599.642,91502.5,1e-08,678.662,107975,2.26339e-07,768.083,125705,3.69212e-07,869.267,144088,2.04077e-07,983.76,162277,1e-08,1113.3,179223,1e-08,1259.87,193777,1e-08,1425.68,204839,4.55555e-07,6.2823,3.27286,2.43537,0.219672,6.18826,2.24117,0.56371,6.87772,2.63624,0.308279,15,16,9,1,5,2,2,4,0,1,12,0,5,9,0,2,12,0,4,7,0,2,26,0,2,42,0,10,45,0,4,43,0,13,30,0,14,16,0,4,21,0,15,64,0,12,229,0,22,137,0,39,238,0,28,187,0,4,211,0,36,330,0,37,264,0,22,870,0,31,563,0,35,1167,0,40,1867,0,45,1284,0,74,1263,0,38,1711,0,208,5016,0,108,6218,0,78,4116,0,87,6155,0,179,7870,0,89,27761,0,138,7202,0,185,7883,0,363,15779,0,226,17823,0,281,25308,0,517,19301,0,233,29358,0,423,32447,0,515,65512,0,450,96391,0,465,93417,0,737,56165,0,345,56465,0,1519,111190,0,1550,192044,0,654,146303,0,670,174469,0,1307,133600,0
-1.05176e+08,1,8.88811e-15,10,1023,0,1.05176e+08,0.528882,1.08665,0.389689,0.145397,0.379329,3.24381,0.161596,0.446195,1.77396,0.159177,1.15e+07,4.49998e+06,6.79999e+06,1.15e+07,4.49997e+06,6.79999e+06,1.15e+07,4.49996e+06,6.79999e+06,1.15e+07,4.49995e+06,6.79999e+06,1.14999e+07,4.49993e+06,6.79999e+06,1.14999e+07,4.49991e+06,6.79999e+06,1.14999e+07,4.49989e+06,6.79999e+06,1.14999e+07,4.49986e+06,6.79999e+06,1.14999e+07,4.49982e+06,6.79999e+06,1.14999e+07,4.49977e+06,6.79999e+06,1.14999e+07,4.49971e+06,6.79999e+06,1.14999e+07,4.49963e+06,6.79999e+06,1.14998e+07,4.49953e+06,6.79999e+06,1.14998e+07,4.49941e+06,6.79999e+06,1.14998e+07,4.49926e+06,6.79999e+06,1.14998e+07,4.49906e+06,6.79999e+06,1.14997e+07,4.49882e+06,6.79999e+06,1.14997e+07,4.49851e+06,6.79999e+06,1.14997e+07,4.49812e+06,6.79999e+06,1.14996e+07,4.49764e+06,6.79999e+06,1.14996e+07,4.49702e+06,6.79999e+06,1.14995e+07,4.49625e+06,6.79999e+06,1.14995e+07,4.49528e+06,6.79999e+06,1.14994e+07,4.49406e+06,6.79999e+06,1.14993e+07,4.49253e+06,6.79999e+06,1.14992e+07,4.49059e+06,6.79999e+06,1.14991e+07,4.48817e+06,6.79999e+06,1.1499e+07,4.48511e+06,6.79999e+06,1.14988e+07,4.48128e+06,6.79999e+06,1.14987e+07,4.47646e+06,6.79999e+06,1.14985e+07,4.47041e+06,6.79999e+06,1.14983e+07,4.46281e+06,6.79999e+06,1.14981e+07,4.4533e+06,6.79999e+06,1.14979e+07,4.44138e+06,6.79999e+06,1.14976e+07,4.42649e+06,6.79999e+06,1.14972e+07,4.40789e+06,6.79999e+06,1.14969e+07,4.38471e+06,6.79999e+06,1.14965e+07,4.35592e+06,6.79999e+06,1.1496e+07,4.32027e+06,6.79999e+06,1.14955e+07,4.27629e+06,6.79999e+06,1.14949e+07,4.22231e+06,6.79999e+06,1.14942e+07,4.15647e+06,6.79999e+06,1.14934e+07,4.07676e+06,6.79999e+06,1.14926e+07,3.98112e+06,6.79999e+06,1.14916e+07,3.86765e+06,6.79999e+06,1.14905e+07,3.73474e+06,6.79999e+06,1.14892e+07,3.58148e+06,6.79999e+06,1.14878e+07,3.40785e+06,6.79999e+06,1.14862e+07,3.21513e+06,6.79999e+06,1.14844e+07,3.00605e+06,6.79999e+06,1.14823e+07,2.7848e+06,6.79999e+06,1.148e+07,2.5568e+06,6.79999e+06,1.14773e+07,2.32825e+06,6.79999e+06,13.5742,8.52444,0.508366,16.8306,13.2585,0.162638,20.0035,17.569,0.0507846,23.2616,22.4214,0.0158319,26.7328,28.3297,0.00493498,30.5212,35.6974,0.00153831,34.7178,44.9473,0.000479527,39.4086,56.5822,0.000149456,44.6796,71.2245,4.66214e-05,50.6209,89.6543,1.45419e-05,57.3297,112.852,4.54748e-06,64.9129,142.051,1.43857e-06,73.4897,178.803,4.36618e-07,83.1934,225.062,1.40153e-07,94.1745,283.286,4.96378e-08,106.602,356.568,1.05434e-07,120.669,448.799,-6.49244e-08,136.59,564.873,1.70148e-07,154.611,710.948,-5.34594e-08,175.008,894.767,1.63407e-07,198.097,1126.06,8.04804e-08,224.231,1417.07,1.14667e-07,253.813,1783.15,-1.71227e-07,287.297,2243.62,-2.88466e-07,325.198,2822.67,-4.33651e-07,368.098,3550.67,7.9318e-08,416.657,4465.65,3.13319e-07,471.621,5615.16,3.4613e-07,533.835,7058.61,-1.19199e-07,604.255,8870.02,-2.79964e-07,683.962,11141.4,-2.30521e-07,774.182,13986.7,-2.55099e-07,876.299,17546.4,1.23585e-07,991.883,21993.1,1.41192e-07,1122.71,27536.7,-9.71886e-08,1270.78,34430.7,-3.68368e-07,1438.38,42977.7,-3.45379e-07,1628.07,53532.7,-3.25328e-09,1842.77,66504.6,2.6362e-07,2085.77,82350.2,2.53445e-07,2360.79,101560,-2.47407e-08,2672.05,124632,-3.80602e-07,3024.31,152018,-4.79005e-07,3422.98,184060,-1.14379e-07,3874.15,220884,2.64297e-07,4384.72,262283,3.44131e-07,4962.49,307576,7.5349e-08,5616.29,355497,-3.63097e-07,6356.1,404126,-6.05442e-07,7193.18,450932,-2.72333e-07,8140.28,492963,2.29675e-07,9211.79,527178,4.3387e-07,10424,550893,-1.0711e-07,10.102,8.06553,2.81012,10.6436,8.57909,0.869423,11.5336,10.2515,0.270869,12.7211,12.7138,0.0844293,14.1823,15.9373,0.0263173,15.9122,20.0383,0.0082035,17.9198,25.2154,0.00255722,20.2244,31.7373,0.000797017,22.8539,39.9486,0.000248622,25.8438,50.2851,7.75492e-05,29.237,63.2963,2.42508e-05,33.0837,79.6738,7.67162e-06,37.4415,100.288,2.32837e-06,42.3767,126.236,7.33e-07,47.9646,158.896,2.79256e-07,54.2906,200.003,9.87351e-09,61.452,251.741,1.61085e-07,69.5585,316.859,-2.47141e-07,78.7347,398.812,8.93552e-08,89.1218,501.948,-2.53231e-07,100.879,631.736,-1.25047e-07,114.188,795.049,-1.78808e-07,129.252,1000.53,2.6733e-07,146.304,1259.03,4.50292e-07,165.605,1584.19,6.76904e-07,187.452,1993.12,-1.23808e-07,212.181,2507.27,-4.89068e-07,240.173,3153.54,-5.40284e-07,271.856,3965.56,1.86061e-07,307.719,4985.38,4.37004e-07,348.313,6265.4,3.59828e-07,394.26,7870.83,3.98192e-07,446.268,9882.51,-1.92908e-07,505.135,12400.3,-2.20392e-07,571.766,15546.9,1.51705e-07,647.184,19472.2,5.74996e-07,732.547,24357.4,5.39112e-07,829.167,30420,5.07815e-09,938.526,37916.3,-4.11492e-07,1062.3,47143.9,-3.9561e-07,1202.4,58439.2,3.86185e-08,1360.96,72169.3,5.94093e-07,1540.42,88715.8,7.47693e-07,1743.53,108445,1.78537e-07,1973.41,131665,-4.12549e-07,2233.57,158557,-5.37164e-07,2528,189103,-1.17615e-07,2861.2,222986,5.66769e-07,3238.27,259510,9.45053e-07,3664.97,297540,4.25093e-07,4147.81,335497,-3.58506e-07,4694.17,371444,-6.7724e-07,5312.37,403256,1.67192e-07,1.61744,3.89446,9.84394,3.28846,7.5504,12.774,5.07607,11.7187,13.6844,7.03202,16.8147,13.9681,9.20215,23.1769,14.0566,11.6301,31.1672,14.0841,14.3598,41.2186,14.0927,17.4376,53.8688,14.0954,20.9137,69.7915,14.0962,24.8432,89.8341,14.0965,29.2879,115.063,14.0966,34.3168,146.819,14.0966,40.0078,186.792,14.0966,46.4487,237.107,14.0966,53.7388,300.44,14.0966,61.9903,380.158,14.0966,71.3301,480.499,14.0966,81.902,606.796,14.0966,93.8685,765.761,14.0966,107.414,965.837,14.0966,122.746,1217.65,14.0966,140.101,1534.57,14.0966,159.745,1933.41,14.0966,181.981,2435.3,14.0966,207.15,3066.85,14.0966,235.64,3861.46,14.0966,267.889,4861.11,14.0966,304.391,6118.54,14.0966,345.709,7699.91,14.0966,392.478,9688.22,14.0966,445.417,12187.5,14.0966,505.339,15327.7,14.0966,573.165,19271.6,14.0966,649.938,24222,14.0966,736.839,30430.9,14.0966,835.202,38211.5,14.0966,946.539,47950.3,14.0966,1072.56,60122.8,14.0966,1215.21,75309.9,14.0966,1376.66,94216.2,14.0966,1559.41,117688,14.0966,1766.26,146729,14.0966,2000.39,182510,14.0966,2265.39,226372,14.0966,2565.33,279806,14.0966,2904.81,344416,14.0966,3289.05,421845,14.0966,3723.93,513667,14.0966,4216.13,621231,14.0966,4773.18,745478,14.0966,5403.64,886744,14.0966,6117.15,1.04457e+06,14.0966,6924.63,1.2176e+06,14.0966,11.7194,11.96,12.6541,13.9321,16.1295,13.6434,16.6097,21.9702,13.9553,19.7532,29.5285,14.0526,23.3844,39.1143,14.0829,27.5423,51.2054,14.0923,32.2796,66.434,14.0953,37.662,85.6061,14.0962,43.7675,109.74,14.0965,50.687,140.119,14.0966,58.5249,178.359,14.0966,67.4005,226.493,14.0966,77.4493,287.08,14.0966,88.8254,363.343,14.0966,101.703,459.336,14.0966,116.281,580.161,14.0966,132.782,732.241,14.0966,151.46,923.655,14.0966,172.603,1164.57,14.0966,196.535,1467.79,14.0966,223.625,1849.39,14.0966,254.288,2329.62,14.0966,288.997,2933.93,14.0966,328.285,3694.33,14.0966,372.755,4651.04,14.0966,423.092,5854.57,14.0966,480.07,7368.38,14.0966,544.564,9272.08,14.0966,617.566,11665.5,14.0966,700.197,14673.6,14.0966,793.729,18452.9,14.0966,899.599,23198.6,14.0966,1019.43,29154.1,14.0966,1155.07,36622.3,14.0966,1308.6,45977.9,14.0966,1482.39,57683.7,14.0966,1679.09,72307.8,14.0966,1901.73,90542.8,14.0966,2153.73,113226,14.0966,2438.97,141360,14.0966,2761.81,176127,14.0966,3127.22,218898,14.0966,3540.81,271226,14.0966,4008.92,334817,14.0966,4538.74,411470,14.0966,5138.38,502973,14.0966,5817.04,610948,14.0966,6585.12,736653,14.0966,7454.39,880741,14.0966,8438.15,1.04302e+06,14.0966,9551.45,1.22224e+06,14.0966,10811.3,1.41602e+06,14.0966,12237,1.62086e+06,14.0966,11.7194,11.96,12.6541,2.21263,4.16949,0.989383,2.67766,5.84076,0.311842,3.14343,7.55825,0.0972771,3.63127,9.58578,0.0303237,4.15787,12.0912,0.00945211,4.73731,15.2286,0.00294633,5.38238,19.1721,0.000918508,6.10553,24.134,0.000286163,6.91951,30.3791,8.92692e-05,7.83792,38.2397,2.78121e-05,8.87555,48.1338,8.65134e-06,10.0489,60.5876,2.7882e-06,11.3761,76.2629,8.29036e-07,12.8779,95.9927,2.4373e-07,14.5775,120.825,4.33068e-09,16.5012,152.08,1.75749e-07,18.6784,191.415,-1.86328e-07,21.1428,240.917,1.91829e-07,23.9322,303.213,-1.81475e-07,27.0895,381.602,7.0186e-08,30.6634,480.231,-2.86769e-08,34.7087,604.316,2.40784e-07,39.2876,760.401,9.87368e-08,44.4705,956.705,1.22263e-07,50.3371,1203.54,-4.31966e-07,56.9776,1513.81,-1.9705e-07,64.494,1903.69,-2.763e-08,73.0018,2393.4,3.9185e-07,82.6317,3008.13,1.35379e-07,93.5318,3779.25,-4.16351e-08,105.869,4745.7,2.06965e-08,119.834,5955.6,-3.18887e-07,135.641,7468.12,-1.48271e-08,153.531,9355.62,2.00739e-07,173.781,11705.8,2.28358e-07,196.701,14624.1,-1.93587e-08,222.642,18235,-2.88101e-07,252.003,22683.4,-2.24732e-07,285.234,28134,8.56806e-09,322.845,34767,2.34258e-07,365.413,42770.9,2.99668e-07,413.588,52327.9,8.28644e-08,468.111,63591.2,-3.07049e-07,529.814,76653.2,-3.1888e-07,599.642,91502.5,-6.72276e-08,678.662,107975,2.26339e-07,768.083,125705,3.69212e-07,869.267,144088,2.04077e-07,983.76,162277,-2.80509e-07,1113.3,179223,-4.22737e-07,1259.87,193777,-1.71951e-07,1425.68,204839,4.55555e-07,11.7194,11.96,12.6541,2.21263,4.16949,0.989383,2.67766,5.84076,0.311842,3.14343,7.55825,0.0972771,3.63127,9.58578,0.0303237,4.15787,12.0912,0.00945211,4.73731,15.2286,0.00294633,5.38238,19.1721,0.000918508,6.10553,24.134,0.000286163,6.91951,30.3791,8.92692e-05,7.83792,38.2397,2.78121e-05,8.87555,48.1338,8.65134e-06,10.0489,60.5876,2.7882e-06,11.3761,76.2629,8.29036e-07,12.8779,95.9927,2.4373e-07,14.5775,120.825,1e-08,16.5012,152.08,1.75749e-07,18.6784,191.415,1e-08,21.1428,240.917,1.91829e-07,23.9322,303.213,1e-08,27.0895,381.602,7.0186e-08,30.6634,480.231,1e-08,34.7087,604.316,2.40784e-07,39.2876,760.401,9.87368e-08,44.4705,956.705,1.22263e-07,50.3371,1203.54,1e-08,56.9776,1513.81,1e-08,64.494,1903.69,1e-08,73.0018,2393.4,3.9185e-07,82.6317,3008.13,1.35379e-07,93.5318,3779.25,1e-08,105.869,4745.7,2.06965e-08,119.834,5955.6,1e-08,135.641,7468.12,1e-08,153.531,9355.62,2.00739e-07,173.781,11705.8,2.28358e-07,196.701,14624.1,1e-08,222.642,18235,1e-08,252.003,22683.4,1e-08,285.234,28134,1e-08,322.845,34767,2.34258e-07,365.413,42770.9,2.99668e-07,413.588,52327.9,8.28644e-08,468.111,63591.2,1e-08,529.814,76653.2,1e-08,599.642,91502.5,1e-08,678.662,107975,2.26339e-07,768.083,125705,3.69212e-07,869.267,144088,2.04077e-07,983.76,162277,1e-08,1113.3,179223,1e-08,1259.87,193777,1e-08,1425.68,204839,4.55555e-07,6.2823,3.27286,2.43537,0.219672,6.18826,2.24117,0.56371,6.87772,2.63624,0.308279,18,12,11,1,2,0,5,9,0,0,11,0,6,7,0,5,4,0,7,9,0,6,30,0,7,42,0,11,17,0,5,78,0,7,92,0,19,30,0,8,72,0,6,43,0,9,152,0,15,179,0,16,278,0,21,124,0,16,438,0,32,255,0,30,301,0,31,842,0,43,441,0,80,1119,0,34,1154,0,52,593,0,26,1024,0,40,3383,0,64,3848,0,141,5226,0,175,5602,0,131,3111,0,114,1719,0,285,8061,0,81,19800,0,198,8683,0,205,20123,0,118,58006,0,369,21940,0,407,20775,0,394,45243,0,459,30736,0,270,50964,0,670,54162,0,688,37856,0,477,147650,0,921,27347,0,884,260602,0,877,279317,0,551,313517,0,1059,266062,0,1584,98780,0
-1.05176e+08,1,8.88811e-15,10,1023,0,1.05176e+08,0.528882,1.08665,0.389689,0.145397,0.379329,3.24381,0.161596,0.446195,1.77396,0.159177,1.15e+07,4.49998e+06,6.79999e+06,1.15e+07,4.49997e+06,6.79999e+06,1.15e+07,4.49996e+06,6.79999e+06,1.15e+07,4.49995e+06,6.79999e+06,1.14999e+07,4.49993e+06,6.79999e+06,1.14999e+07,4.49991e+06,6.79999e+06,1.14999e+07,4.49989e+06,6.79999e+06,1.14999e+07,4.49986e+06,6.79999e+06,1.14999e+07,4.49982e+06,6.79999e+06,1.14999e+07,4.49977e+06,6.79999e+06,1.14999e+07,4.49971e+06,6.79999e+06,1.14999e+07,4.49963e+06,6.79999e+06,1.14998e+07,4.49953e+06,6.79999e+06,1.14998e+07,4.49941e+06,6.79999e+06,1.14998e+07,4.49926e+06,6.79999e+06,1.14998e+07,4.49906e+06,6.79999e+06,1.14997e+07,4.49882e+06,6.79999e+06,1.14997e+07,4.49851e+06,6.79999e+06,1.14997e+07,4.49812e+06,6.79999e+06,1.14996e+07,4.49764e+06,6.79999e+06,1.14996e+07,4.49702e+06,6.79999e+06,1.14995e+07,4.49625e+06,6.79999e+06,1.14995e+07,4.49528e+06,6.79999e+06,1.14994e+07,4.49406e+06,6.79999e+06,1.14993e+07,4.49253e+06,6.79999e+06,1.14992e+07,4.49059e+06,6.79999e+06,1.14991e+07,4.48817e+06,6.79999e+06,1.1499e+07,4.48511e+06,6.79999e+06,1.14988e+07,4.48128e+06,6.79999e+06,1.14987e+07,4.47646e+06,6.79999e+06,1.14985e+07,4.47041e+06,6.79999e+06,1.14983e+07,4.46281e+06,6.79999e+06,1.14981e+07,4.4533e+06,6.79999e+06,1.14979e+07,4.44138e+06,6.79999e+06,1.14976e+07,4.42649e+06,6.79999e+06,1.14972e+07,4.40789e+06,6.79999e+06,1.14969e+07,4.38471e+06,6.79999e+06,1.14965e+07,4.35592e+06,6.79999e+06,1.1496e+07,4.32027e+06,6.79999e+06,1.14955e+07,4.27629e+06,6.79999e+06,1.14949e+07,4.22231e+06,6.79999e+06,1.14942e+07,4.15647e+06,6.79999e+06,1.14934e+07,4.07676e+06,6.79999e+06,1.14926e+07,3.98112e+06,6.79999e+06,1.14916e+07,3.86765e+06,6.79999e+06,1.14905e+07,3.73474e+06,6.79999e+06,1.14892e+07,3.58148e+06,6.79999e+06,1.14878e+07,3.40785e+06,6.79999e+06,1.14862e+07,3.21513e+06,6.79999e+06,1.14844e+07,3.00605e+06,6.79999e+06,1.14823e+07,2.7848e+06,6.79999e+06,1.148e+07,2.5568e+06,6.79999e+06,1.14773e+07,2.32825e+06,6.79999e+06,13.5742,8.52444,0.508366,16.8306,13.2585,0.162638,20.0035,17.569,0.0507846,23.2616,22.4214,0.0158319,26.7328,28.3297,0.00493498,30.5212,35.6974,0.00153831,34.7178,44.9473,0.000479527,39.4086,56.5822,0.000149456,44.6796,71.2245,4.66214e-05,50.6209,89.6543,1.45419e-05,57.3297,112.852,4.54748e-06,64.9129,142.051,1.43857e-06,73.4897,178.803,4.36618e-07,83.1934,225.062,1.40153e-07,94.1745,283.286,4.96378e-08,106.602,356.568,1.05434e-07,120.669,448.799,-6.49244e-08,136.59,564.873,1.70148e-07,154.611,710.948,-5.34594e-08,175.008,894.767,1.63407e-07,198.097,1126.06,8.04804e-08,224.231,1417.07,1.14667e-07,253.813,1783.15,-1.71227e-07,287.297,2243.62,-2.88466e-07,325.198,2822.67,-4.33651e-07,368.098,3550.67,7.9318e-08,416.657,4465.65,3.13319e-07,471.621,5615.16,3.4613e-07,533.835,7058.61,-1.19199e-07,604.255,8870.02,-2.79964e-07,683.962,11141.4,-2.30521e-07,774.182,13986.7,-2.55099e-07,876.299,17546.4,1.23585e-07,991.883,21993.1,1.41192e-07,1122.71,27536.7,-9.71886e-08,1270.78,34430.7,-3.68368e-07,1438.38,42977.7,-3.45379e-07,1628.07,53532.7,-3.25328e-09,1842.77,66504.6,2.6362e-07,2085.77,82350.2,2.53445e-07,2360.79,101560,-2.47407e-08,2672.05,124632,-3.80602e-07,3024.31,152018,-4.79005e-07,3422.98,184060,-1.14379e-07,3874.15,220884,2.64297e-07,4384.72,262283,3.44131e-07,4962.49,307576,7.5349e-08,5616.29,355497,-3.63097e-07,6356.1,404126,-6.05442e-07,7193.18,450932,-2.72333e-07,8140.28,492963,2.29675e-07,9211.79,527178,4.3387e-07,10424,550893,-1.0711e-07,10.102,8.06553,2.81012,10.6436,8.57909,0.869423,11.5336,10.2515,0.270869,12.7211,12.7138,0.0844293,14.1823,15.9373,0.0263173,15.9122,20.0383,0.0082035,17.9198,25.2154,0.00255722,20.2244,31.7373,0.000797017,22.8539,39.9486,0.000248622,25.8438,50.2851,7.75492e-05,29.237,63.2963,2.42508e-05,33.0837,79.6738,7.67162e-06,37.4415,100.288,2.32837e-06,42.3767,126.236,7.33e-07,47.9646,158.896,2.79256e-07,54.2906,200.003,9.87351e-09,61.452,251.741,1.61085e-07,69.5585,316.859,-2.47141e-07,78.7347,398.812,8.93552e-08,89.1218,501.948,-2.53231e-07,100.879,631.736,-1.25047e-07,114.188,795.049,-1.78808e-07,129.252,1000.53,2.6733e-07,146.304,1259.03,4.50292e-07,165.605,1584.19,6.76904e-07,187.452,1993.12,-1.23808e-07,212.181,2507.27,-4.89068e-07,240.173,3153.54,-5.40284e-07,271.856,3965.56,1.86061e-07,307.719,4985.38,4.37004e-07,348.313,6265.4,3.59828e-07,394.26,7870.83,3.98192e-07,446.268,9882.51,-1.92908e-07,505.135,12400.3,-2.20392e-07,571.766,15546.9,1.51705e-07,647.184,19472.2,5.74996e-07,732.547,24357.4,5.39112e-07,829.167,30420,5.07815e-09,938.526,37916.3,-4.11492e-07,1062.3,47143.9,-3.9561e-07,1202.4,58439.2,3.86185e-08,1360.96,72169.3,5.94093e-07,1540.42,88715.8,7.47693e-07,1743.53,108445,1.78537e-07,1973.41,131665,-4.12549e-07,2233.57,158557,-5.37164e-07,2528,189103,-1.17615e-07,2861.2,222986,5.66769e-07,3238.27,259510,9.45053e-07,3664.97,297540,4.25093e-07,4147.81,335497,-3.58506e-07,4694.17,371444,-6.7724e-07,5312.37,403256,1.67192e-07,1.61744,3.89446,9.84394,3.28846,7.5504,12.774,5.07607,11.7187,13.6844,7.03202,16.8147,13.9681,9.20215,23.1769,14.0566,11.6301,31.1672,14.0841,14.3598,41.2186,14.0927,17.4376,53.8688,14.0954,20.9137,69.7915,14.0962,24.8432,89.8341,14.0965,29.2879,115.063,14.0966,34.3168,146.819,14.0966,40.0078,186.792,14.0966,46.4487,237.107,14.0966,53.7388,300.44,14.0966,61.9903,380.158,14.0966,71.3301,480.499,14.0966,81.902,606.796,14.0966,93.8685,765.761,14.0966,107.414,965.837,14.0966,122.746,1217.65,14.0966,140.101,1534.57,14.0966,159.745,1933.41,14.0966,181.981,2435.3,14.0966,207.15,3066.85,14.0966,235.64,3861.46,14.0966,267.889,4861.11,14.0966,304.391,6118.54,14.0966,345.709,7699.91,14.0966,392.478,9688.22,14.0966,445.417,12187.5,14.0966,505.339,15327.7,14.0966,573.165,19271.6,14.0966,649.938,24222,14.0966,736.839,30430.9,14.0966,835.202,38211.5,14.0966,946.539,47950.3,14.0966,1072.56,60122.8,14.0966,1215.21,75309.9,14.0966,1376.66,94216.2,14.0966,1559.41,117688,14.0966,1766.26,146729,14.0966,2000.39,182510,14.0966,2265.39,226372,14.0966,2565.33,279806,14.0966,2904.81,344416,14.0966,3289.05,421845,14.0966,3723.93,513667,14.0966,4216.13,621231,14.0966,4773.18,745478,14.0966,5403.64,886744,14.0966,6117.15,1.04457e+06,14.0966,6924.63,1.2176e+06,14.0966,11.7194,11.96,12.6541,13.9321,16.1295,13.6434,16.6097,21.9702,13.9553,19.7532,29.5285,14.0526,23.3844,39.1143,14.0829,27.5423,51.2054,14.0923,32.2796,66.434,14.0953,37.662,85.6061,14.0962,43.7675,109.74,14.0965,50.687,140.119,14.0966,58.5249,178.359,14.0966,67.4005,226.493,14.0966,77.4493,287.08,14.0966,88.8254,363.343,14.0966,101.703,459.336,14.0966,116.281,580.161,14.0966,132.782,732.241,14.0966,151.46,923.655,14.0966,172.603,1164.57,14.0966,196.535,1467.79,14.0966,223.625,1849.39,14.0966,254.288,2329.62,14.0966,288.997,2933.93,14.0966,328.285,3694.33,14.0966,372.755,4651.04,14.0966,423.092,5854.57,14.0966,480.07,7368.38,14.0966,544.564,9272.08,14.0966,617.566,11665.5,14.0966,700.197,14673.6,14.0966,793.729,18452.9,14.0966,899.599,23198.6,14.0966,1019.43,29154.1,14.0966,1155.07,36622.3,14.0966,1308.6,45977.9,14.0966,1482.39,57683.7,14.0966,1679.09,72307.8,14.0966,1901.73,90542.8,14.0966,2153.73,113226,14.0966,2438.97,141360,14.0966,2761.81,176127,14.0966,3127.22,218898,14.0966,3540.81,271226,14.0966,4008.92,334817,14.0966,4538.74,411470,14.0966,5138.38,502973,14.0966,5817.04,610948,14.0966,6585.12,736653,14.0966,7454.39,880741,14.0966,8438.15,1.04302e+06,14.0966,9551.45,1.22224e+06,14.0966,10811.3,1.41602e+06,14.0966,12237,1.62086e+06,14.0966,11.7194,11.96,12.6541,2.21263,4.16949,0.989383,2.67766,5.84076,0.311842,3.14343,7.55825,0.0972771,3.63127,9.58578,0.0303237,4.15787,12.0912,0.00945211,4.73731,15.2286,0.00294633,5.38238,19.1721,0.000918508,6.10553,24.134,0.000286163,6.91951,30.3791,8.92692e-05,7.83792,38.2397,2.78121e-05,8.87555,48.1338,8.65134e-06,10.0489,60.5876,2.7882e-06,11.3761,76.2629,8.29036e-07,12.8779,95.9927,2.4373e-07,14.5775,120.825,4.33068e-09,16.5012,152.08,1.75749e-07,18.6784,191.415,-1.86328e-07,21.1428,240.917,1.91829e-07,23.9322,303.213,-1.81475e-07,27.0895,381.602,7.0186e-08,30.6634,480.231,-2.86769e-08,34.7087,604.316,2.40784e-07,39.2876,760.401,9.87368e-08,44.4705,956.705,1.22263e-07,50.3371,1203.54,-4.31966e-07,56.9776,1513.81,-1.9705e-07,64.494,1903.69,-2.763e-08,73.0018,2393.4,3.9185e-07,82.6317,3008.13,1.35379e-07,93.5318,3779.25,-4.16351e-08,105.869,4745.7,2.06965e-08,119.834,5955.6,-3.18887e-07,135.641,7468.12,-1.48271e-08,153.531,9355.62,2.00739e-07,173.781,11705.8,2.28358e-07,196.701,14624.1,-1.93587e-08,222.642,18235,-2.88101e-07,252.003,22683.4,-2.24732e-07,285.234,28134,8.56806e-09,322.845,34767,2.34258e-07,365.413,42770.9,2.99668e-07,413.588,52327.9,8.28644e-08,468.111,63591.2,-3.07049e-07,529.814,76653.2,-3.1888e-07,599.642,91502.5,-6.72276e-08,678.662,107975,2.26339e-07,768.083,125705,3.69212e-07,869.267,144088,2.04077e-07,983.76,162277,-2.80509e-07,1113.3,179223,-4.22737e-07,1259.87,193777,-1.71951e-07,1425.68,204839,4.55555e-07,11.7194,11.96,12.6541,2.21263,4.16949,0.989383,2.67766,5.84076,0.311842,3.14343,7.55825,0.0972771,3.63127,9.58578,0.0303237,4.15787,12.0912,0.00945211,4.73731,15.2286,0.00294633,5.38238,19.1721,0.000918508,6.10553,24.134,0.000286163,6.91951,30.3791,8.92692e-05,7.83792,38.2397,2.78121e-05,8.87555,48.1338,8.65134e-06,10.0489,60.5876,2.7882e-06,11.3761,76.2629,8.29036e-07,12.8779,95.9927,2.4373e-07,14.5775,120.825,1e-08,16.5012,152.08,1.75749e-07,18.6784,191.415,1e-08,21.1428,240.917,1.91829e-07,23.9322,303.213,1e-08,27.0895,381.602,7.0186e-08,30.6634,480.231,1e-08,34.7087,604.316,2.40784e-07,39.2876,760.401,9.87368e-08,44.4705,956.705,1.22263e-07,50.3371,1203.54,1e-08,56.9776,1513.81,1e-08,64.494,1903.69,1e-08,73.0018,2393.4,3.9185e-07,82.6317,3008.13,1.35379e-07,93.5318,3779.25,1e-08,105.869,4745.7,2.06965e-08,119.834,5955.6,1e-08,135.641,7468.12,1e-08,153.531,9355.62,2.00739e-07,173.781,11705.8,2.28358e-07,196.701,14624.1,1e-08,222.642,18235,1e-08,252.003,22683.4,1e-08,285.234,28134,1e-08,322.845,34767,2.34258e-07,365.413,42770.9,2.99668e-07,413.588,52327.9,8.28644e-08,468.111,63591.2,1e-08,529.814,76653.2,1e-08,599.642,91502.5,1e-08,678.662,107975,2.26339e-07,768.083,125705,3.69212e-07,869.267,144088,2.04077e-07,983.76,162277,1e-08,1113.3,179223,1e-08,1259.87,193777,1e-08,1425.68,204839,4.55555e-07,6.2823,3.27286,2.43537,0.219672,6.18826,2.24117,0.56371,6.87772,2.63624,0.308279,6,8,12,2,2,0,4,8,0,1,2,0,3,8,0,9,12,0,3,7,0,14,27,0,4,33,0,9,68,0,11,27,0,16,85,0,33,42,0,14,57,0,16,19,0,15,98,0,6,176,0,38,295,0,31,565,0,34,267,0,31,477,0,61,244,0,45,605,0,38,696,0,28,2347,0,80,1035,0,49,843,0,43,1556,0,29,1323,0,54,1947,0,57,3053,0,68,4589,0,103,6968,0,165,11143,0,219,12182,0,207,20902,0,225,12963,0,134,12275,0,150,32388,0,98,30113,0,406,22687,0,258,31774,0,267,30263,0,617,71478,0,502,81149,0,1123,37825,0,425,58948,0,1223,232916,0,511,240675,0,776,104464,0,1133,238270,0,788,223790,0,1582,269450,0
-1.05176e+08,1,8.88811e-15,10,1023,0,1.05176e+08,0.528882,1.08665,0.389689,0.145397,0.379329,3.24381,0.161596,0.446195,1.77396,0.159177,1.15e+07,4.49998e+06,6.79999e+06,1.15e+07,4.49997e+06,6.79999e+06,1.15e+07,4.49996e+06,6.79999e+06,1.15e+07,4.49995e+06,6.79999e+06,1.14999e+07,4.49993e+06,6.79999e+06,1.14999e+07,4.49991e+06,6.79999e+06,1.14999e+07,4.49989e+06,6.79999e+06,1.14999e+07,4.49986e+06,6.79999e+06,1.14999e+07,4.49982e+06,6.79999e+06,1.14999e+07,4.49977e+06,6.79999e+06,1.14999e+07,4.49971e+06,6.79999e+06,1.14999e+07,4.49963e+06,6.79999e+06,1.14998e+07,4.49953e+06,6.79999e+06,1.14998e+07,4.49941e+06,6.79999e+06,1.14998e+07,4.49926e+06,6.79999e+06,1.14998e+07,4.49906e+06,6.79999e+06,1.14997e+07,4.49882e+06,6.79999e+06,1.14997e+07,4.49851e+06,6.79999e+06,1.14997e+07,4.49812e+06,6.79999e+06,1.14996e+07,4.49764e+06,6.79999e+06,1.14996e+07,4.49702e+06,6.79999e+06,1.14995e+07,4.49625e+06,6.79999e+06,1.14995e+07,4.49528e+06,6.79999e+06,1.14994e+07,4.49406e+06,6.79999e+06,1.14993e+07,4.49253e+06,6.79999e+06,1.14992e+07,4.49059e+06,6.79999e+06,1.14991e+07,4.48817e+06,6.79999e+06,1.1499e+07,4.48511e+06,6.79999e+06,1.14988e+07,4.48128e+06,6.79999e+06,1.14987e+07,4.47646e+06,6.79999e+06,1.14985e+07,4.47041e+06,6.79999e+06,1.14983e+07,4.46281e+06,6.79999e+06,1.14981e+07,4.4533e+06,6.79999e+06,1.14979e+07,4.44138e+06,6.79999e+06,1.14976e+07,4.42649e+06,6.79999e+06,1.14972e+07,4.40789e+06,6.79999e+06,1.14969e+07,4.38471e+06,6.79999e+06,1.14965e+07,4.35592e+06,6.79999e+06,1.1496e+07,4.32027e+06,6.79999e+06,1.14955e+07,4.27629e+06,6.79999e+06,1.14949e+07,4.22231e+06,6.79999e+06,1.14942e+07,4.15647e+06,6.79999e+06,1.14934e+07,4.07676e+06,6.79999e+06,1.14926e+07,3.98112e+06,6.79999e+06,1.14916e+07,3.86765e+06,6.79999e+06,1.14905e+07,3.73474e+06,6.79999e+06,1.14892e+07,3.58148e+06,6.79999e+06,1.14878e+07,3.40785e+06,6.79999e+06,1.14862e+07,3.21513e+06,6.79999e+06,1.14844e+07,3.00605e+06,6.79999e+06,1.14823e+07,2.7848e+06,6.79999e+06,1.148e+07,2.5568e+06,6.79999e+06,1.14773e+07,2.32825e+06,6.79999e+06,13.5742,8.52444,0.508366,16.8306,13.2585,0.162638,20.0035,17.569,0.0507846,23.2616,22.4214,0.0158319,26.7328,28.3297,0.00493498,30.5212,35.6974,0.00153831,34.7178,44.9473,0.000479527,39.4086,56.5822,0.000149456,44.6796,71.2245,4.66214e-05,50.6209,89.6543,1.45419e-05,57.3297,112.852,4.54748e-06,64.9129,142.051,1.43857e-06,73.4897,178.803,4.36618e-07,83.1934,225.062,1.40153e-07,94.1745,283.286,4.96378e-08,106.602,356.568,1.05434e-07,120.669,448.799,-6.49244e-08,136.59,564.873,1.70148e-07,154.611,710.948,-5.34594e-08,175.008,894.767,1.63407e-07,198.097,1126.06,8.04804e-08,224.231,1417.07,1.14667e-07,253.813,1783.15,-1.71227e-07,287.297,2243.62,-2.88466e-07,325.198,2822.67,-4.33651e-07,368.098,3550.67,7.9318e-08,416.657,4465.65,3.13319e-07,471.621,5615.16,3.4613e-07,533.835,7058.61,-1.19199e-07,604.255,8870.02,-2.79964e-07,683.962,11141.4,-2.30521e-07,774.182,13986.7,-2.55099e-07,876.299,17546.4,1.23585e-07,991.883,21993.1,1.41192e-07,1122.71,27536.7,-9.71886e-08,1270.78,34430.7,-3.68368e-07,1438.38,42977.7,-3.45379e-07,1628.07,53532.7,-3.25328e-09,1842.77,66504.6,2.6362e-07,2085.77,82350.2,2.53445e-07,2360.79,101560,-2.47407e-08,2672.05,124632,-3.80602e-07,3024.31,152018,-4.79005e-07,3422.98,184060,-1.14379e-07,3874.15,220884,2.64297e-07,4384.72,262283,3.44131e-07,4962.49,307576,7.5349e-08,5616.29,355497,-3.63097e-07,6356.1,404126,-6.05442e-07,7193.18,450932,-2.72333e-07,8140.28,492963,2.29675e-07,9211.79,527178,4.3387e-07,10424,550893,-1.0711e-07,10.102,8.06553,2.81012,10.6436,8.57909,0.869423,11.5336,10.2515,0.270869,12.7211,12.7138,0.0844293,14.1823,15.9373,0.0263173,15.9122,20.0383,0.0082035,17.9198,25.2154,0.00255722,20.2244,31.7373,0.000797017,22.8539,39.9486,0.000248622,25.8438,50.2851,7.75492e-05,29.237,63.2963,2.42508e-05,33.0837,79.6738,7.67162e-06,37.4415,100.288,2.32837e-06,42.3767,126.236,7.33e-07,47.9646,158.896,2.79256e-07,54.2906,200.003,9.87351e-09,61.452,251.741,1.61085e-07,69.5585,316.859,-2.47141e-07,78.7347,398.812,8.93552e-08,89.1218,501.948,-2.53231e-07,100.879,631.736,-1.25047e-07,114.188,795.049,-1.78808e-07,129.252,1000.53,2.6733e-07,146.304,1259.03,4.50292e-07,165.605,1584.19,6.76904e-07,187.452,1993.12,-1.23808e-07,212.181,2507.27,-4.89068e-07,240.173,3153.54,-5.40284e-07,271.856,3965.56,1.86061e-07,307.719,4985.38,4.37004e-07,348.313,6265.4,3.59828e-07,394.26,7870.83,3.98192e-07,446.268,9882.51,-1.92908e-07,505.135,12400.3,-2.20392e-07,571.766,15546.9,1.51705e-07,647.184,19472.2,5.74996e-07,732.547,24357.4,5.39112e-07,829.167,30420,5.07815e-09,938.526,37916.3,-4.11492e-07,1062.3,47143.9,-3.9561e-07,1202.4,58439.2,3.86185e-08,1360.96,72169.3,5.94093e-07,1540.42,88715.8,7.47693e-07,1743.53,108445,1.78537e-07,1973.41,131665,-4.12549e-07,2233.57,158557,-5.37164e-07,2528,189103,-1.17615e-07,2861.2,222986,5.66769e-07,3238.27,259510,9.45053e-07,3664.97,297540,4.25093e-07,4147.81,335497,-3.58506e-07,4694.17,371444,-6.7724e-07,5312.37,403256,1.67192e-07,1.61744,3.89446,9.84394,3.28846,7.5504,12.774,5.07607,11.7187,13.6844,7.03202,16.8147,13.9681,9.20215,23.1769,14.0566,11.6301,31.1672,14.0841,14.3598,41.2186,14.0927,17.4376,53.8688,14.0954,20.9137,69.7915,14.0962,24.8432,89.8341,14.0965,29.2879,115.063,14.0966,34.3168,146.819,14.0966,40.0078,186.792,14.0966,46.4487,237.107,14.0966,53.7388,300.44,14.0966,61.9903,380.158,14.0966,71.3301,480.499,14.0966,81.902,606.796,14.0966,93.8685,765.761,14.0966,107.414,965.837,14.0966,122.746,1217.65,14.0966,140.101,1534.57,14.0966,159.745,1933.41,14.0966,181.981,2435.3,14.0966,207.15,3066.85,14.0966,235.64,3861.46,14.0966,267.889,4861.11,14.0966,304.391,6118.54,14.0966,345.709,7699.91,14.0966,392.478,9688.22,14.0966,445.417,12187.5,14.0966,505.339,15327.7,14.0966,573.165,19271.6,14.0966,649.938,24222,14.0966,736.839,30430.9,14.0966,835.202,38211.5,14.0966,946.539,47950.3,14.0966,1072.56,60122.8,14.0966,1215.21,75309.9,14.0966,1376.66,94216.2,14.0966,1559.41,117688,14.0966,1766.26,146729,14.0966,2000.39,182510,14.0966,2265.39,226372,14.0966,2565.33,279806,14.0966,2904.81,344416,14.0966,3289.05,421845,14.0966,3723.93,513667,14.0966,4216.13,621231,14.0966,4773.18,745478,14.0966,5403.64,886744,14.0966,6117.15,1.04457e+06,14.0966,6924.63,1.2176e+06,14.0966,11.7194,11.96,12.6541,13.9321,16.1295,13.6434,16.6097,21.9702,13.9553,19.7532,29.5285,14.0526,23.3844,39.1143,14.0829,27.5423,51.2054,14.0923,32.2796,66.434,14.0953,37.662,85.6061,14.0962,43.7675,109.74,14.0965,50.687,140.119,14.0966,58.5249,178.359,14.0966,67.4005,226.493,14.0966,77.4493,287.08,14.0966,88.8254,363.343,14.0966,101.703,459.336,14.0966,116.281,580.161,14.0966,132.782,732.241,14.0966,151.46,923.655,14.0966,172.603,1164.57,14.0966,196.535,1467.79,14.0966,223.625,1849.39,14.0966,254.288,2329.62,14.0966,288.997,2933.93,14.0966,328.285,3694.33,14.0966,372.755,4651.04,14.0966,423.092,5854.57,14.0966,480.07,7368.38,14.0966,544.564,9272.08,14.0966,617.566,11665.5,14.0966,700.197,14673.6,14.0966,793.729,18452.9,14.0966,899.599,23198.6,14.0966,1019.43,29154.1,14.0966,1155.07,36622.3,14.0966,1308.6,45977.9,14.0966,1482.39,57683.7,14.0966,1679.09,72307.8,14.0966,1901.73,90542.8,14.0966,2153.73,113226,14.0966,2438.97,141360,14.0966,2761.81,176127,14.0966,3127.22,218898,14.0966,3540.81,271226,14.0966,4008.92,334817,14.0966,4538.74,411470,14.0966,5138.38,502973,14.0966,5817.04,610948,14.0966,6585.12,736653,14.0966,7454.39,880741,14.0966,8438.15,1.04302e+06,14.0966,9551.45,1.22224e+06,14.0966,10811.3,1.41602e+06,14.0966,12237,1.62086e+06,14.0966,11.7194,11.96,12.6541,2.21263,4.16949,0.989383,2.67766,5.84076,0.311842,3.14343,7.55825,0.0972771,3.63127,9.58578,0.0303237,4.15787,12.0912,0.00945211,4.73731,15.2286,0.00294633,5.38238,19.1721,0.000918508,6.10553,24.134,0.000286163,6.91951,30.3791,8.92692e-05,7.83792,38.2397,2.78121e-05,8.87555,48.1338,8.65134e-06,10.0489,60.5876,2.7882e-06,11.3761,76.2629,8.29036e-07,12.8779,95.9927,2.4373e-07,14.5775,120.825,4.33068e-09,16.5012,152.08,1.75749e-07,18.6784,191.415,-1.86328e-07,21.1428,240.917,1.91829e-07,23.9322,303.213,-1.81475e-07,27.0895,381.602,7.0186e-08,30.6634,480.231,-2.86769e-08,34.7087,604.316,2.40784e-07,39.2876,760.401,9.87368e-08,44.4705,956.705,1.22263e-07,50.3371,1203.54,-4.31966e-07,56.9776,1513.81,-1.9705e-07,64.494,1903.69,-2.763e-08,73.0018,2393.4,3.9185e-07,82.6317,3008.13,1.35379e-07,93.5318,3779.25,-4.16351e-08,105.869,4745.7,2.06965e-08,119.834,5955.6,-3.18887e-07,135.641,7468.12,-1.48271e-08,153.531,9355.62,2.00739e-07,173.781,11705.8,2.28358e-07,196.701,14624.1,-1.93587e-08,222.642,18235,-2.88101e-07,252.003,22683.4,-2.24732e-07,285.234,28134,8.56806e-09,322.845,34767,2.34258e-07,365.413,42770.9,2.99668e-07,413.588,52327.9,8.28644e-08,468.111,63591.2,-3.07049e-07,529.814,76653.2,-3.1888e-07,599.642,91502.5,-6.72276e-08,678.662,107975,2.26339e-07,768.083,125705,3.69212e-07,869.267,144088,2.04077e-07,983.76,162277,-2.80509e-07,1113.3,179223,-4.22737e-07,1259.87,193777,-1.71951e-07,1425.68,204839,4.55555e-07,11.7194,11.96,12.6541,2.21263,4.16949,0.989383,2.67766,5.84076,0.311842,3.14343,7.55825,0.0972771,3.63127,9.58578,0.0303237,4.15787,12.0912,0.00945211,4.73731,15.2286,0.00294633,5.38238,19.1721,0.000918508,6.10553,24.134,0.000286163,6.91951,30.3791,8.92692e-05,7.83792,38.2397,2.78121e-05,8.87555,48.1338,8.65134e-06,10.0489,60.5876,2.7882e-06,11.3761,76.2629,8.29036e-07,12.8779,95.9927,2.4373e-07,14.5775,120.825,1e-08,16.5012,152.08,1.75749e-07,18.6784,191.415,1e-08,21.1428,240.917,1.91829e-07,23.9322,303.213,1e-08,27.0895,381.602,7.0186e-08,30.6634,480.231,1e-08,34.7087,604.316,2.40784e-07,39.2876,760.401,9.87368e-08,44.4705,956.705,1.22263e-07,50.3371,1203.54,1e-08,56.9776,1513.81,1e-08,64.494,1903.69,1e-08,73.0018,2393.4,3.9185e-07,82.6317,3008.13,1.35379e-07,93.5318,3779.25,1e-08,105.869,4745.7,2.06965e-08,119.834,5955.6,1e-08,135.641,7468.12,1e-08,153.531,9355.62,2.00739e-07,173.781,11705.8,2.28358e-07,196.701,14624.1,1e-08,222.642,18235,1e-08,252.003,22683.4,1e-08,285.234,28134,1e-08,322.845,34767,2.34258e-07,365.413,42770.9,2.99668e-07,413.588,52327.9,8.28644e-08,468.111,63591.2,1e-08,529.814,76653.2,1e-08,599.642,91502.5,1e-08,678.662,107975,2.26339e-07,768.083,125705,3.69212e-07,869.267,144088,2.04077e-07,983.76,162277,1e-08,1113.3,179223,1e-08,1259.87,193777,1e-08,1425.68,204839,4.55555e-07,6.2823,3.27286,2.43537,0.219672,6.18826,2.24117,0.56371,6.87772,2.63624,0.308279,8,15,23,4,3,1,4,9,0,6,7,0,4,2,0,7,5,0,0,12,0,5,10,0,6,4,0,4,30,0,14,27,0,13,43,0,2,65,0,13,54,0,11,174,0,10,84,0,11,74,0,41,134,0,24,283,0,28,311,0,17,432,0,32,108,0,19,514,0,34,585,0,43,1157,0,50,1533,0,42,1235,0,69,1726,0,78,1844,0,64,2520,0,184,8175,0,119,7613,0,65,12523,0,105,2054,0,72,9511,0,271,7633,0,259,27475,0,85,12487,0,178,31992,0,135,29995,0,240,39757,0,124,58301,0,382,45896,0,372,29360,0,550,74328,0,484,103504,0,1476,113006,0,624,168114,0,616,149817,0,976,262538,0,1141,79283,0,1389,254557,0,1181,192656,0
-1.05176e+08,1,8.88811e-15,10,1023,0,1.05176e+08,0.528882,1.08665,0.389689,0.145397,0.379329,3.24381,0.161596,0.446195,1.77396,0.159177,1.15e+07,4.49998e+06,6.79999e+06,1.15e+07,4.49997e+06,6.79999e+06,1.15e+07,4.49996e+06,6.79999e+06,1.15e+07,4.49995e+06,6.79999e+06,1.14999e+07,4.49993e+06,6.79999e+06,1.14999e+07,4.49991e+06,6.79999e+06,1.14999e+07,4.49989e+06,6.79999e+06,1.14999e+07,4.49986e+06,6.79999e+06,1.14999e+07,4.49982e+06,6.79999e+06,1.14999e+07,4.49977e+06,6.79999e+06,1.14999e+07,4.49971e+06,6.79999e+06,1.14999e+07,4.49963e+06,6.79999e+06,1.14998e+07,4.49953e+06,6.79999e+06,1.14998e+07,4.49941e+06,6.79999e+06,1.14998e+07,4.49926e+06,6.79999e+06,1.14998e+07,4.49906e+06,6.79999e+06,1.14997e+07,4.49882e+06,6.79999e+06,1.14997e+07,4.49851e+06,6.79999e+06,1.14997e+07,4.49812e+06,6.79999e+06,1.14996e+07,4.49764e+06,6.79999e+06,1.14996e+07,4.49702e+06,6.79999e+06,1.14995e+07,4.49625e+06,6.79999e+06,1.14995e+07,4.49528e+06,6.79999e+06,1.14994e+07,4.49406e+06,6.79999e+06,1.14993e+07,4.49253e+06,6.79999e+06,1.14992e+07,4.49059e+06,6.79999e+06,1.14991e+07,4.48817e+06,6.79999e+06,1.1499e+07,4.48511e+06,6.79999e+06,1.14988e+07,4.48128e+06,6.79999e+06,1.14987e+07,4.47646e+06,6.79999e+06,1.14985e+07,4.47041e+06,6.79999e+06,1.14983e+07,4.46281e+06,6.79999e+06,1.14981e+07,4.4533e+06,6.79999e+06,1.14979e+07,4.44138e+06,6.79999e+06,1.14976e+07,4.42649e+06,6.79999e+06,1.14972e+07,4.40789e+06,6.79999e+06,1.14969e+07,4.38471e+06,6.79999e+06,1.14965e+07,4.35592e+06,6.79999e+06,1.1496e+07,4.32027e+06,6.79999e+06,1.14955e+07,4.27629e+06,6.79999e+06,1.14949e+07,4.22231e+06,6.79999e+06,1.14942e+07,4.15647e+06,6.79999e+06,1.14934e+07,4.07676e+06,6.79999e+06,1.14926e+07,3.98112e+06,6.79999e+06,1.14916e+07,3.86765e+06,6.79999e+06,1.14905e+07,3.73474e+06,6.79999e+06,1.14892e+07,3.58148e+06,6.79999e+06,1.14878e+07,3.40785e+06,6.79999e+06,1.14862e+07,3.21513e+06,6.79999e+06,1.14844e+07,3.00605e+06,6.79999e+06,1.14823e+07,2.7848e+06,6.79999e+06,1.148e+07,2.5568e+06,6.79999e+06,1.14773e+07,2.32825e+06,6.79999e+06,13.5742,8.52444,0.508366,16.8306,13.2585,0.162638,20.0035,17.569,0.0507846,23.2616,22.4214,0.0158319,26.7328,28.3297,0.00493498,30.5212,35.6974,0.00153831,34.7178,44.9473,0.000479527,39.4086,56.5822,0.000149456,44.6796,71.2245,4.66214e-05,50.6209,89.6543,1.45419e-05,57.3297,112.852,4.54748e-06,64.9129,142.051,1.43857e-06,73.4897,178.803,4.36618e-07,83.1934,225.062,1.40153e-07,94.1745,283.286,4.96378e-08,106.602,356.568,1.05434e-07,120.669,448.799,-6.49244e-08,136.59,564.873,1.70148e-07,154.611,710.948,-5.34594e-08,175.008,894.767,1.63407e-07,198.097,1126.06,8.04804e-08,224.231,1417.07,1.14667e-07,253.813,1783.15,-1.71227e-07,287.297,2243.62,-2.88466e-07,325.198,2822.67,-4.33651e-07,368.098,3550.67,7.9318e-08,416.657,4465.65,3.13319e-07,471.621,5615.16,3.4613e-07,533.835,7058.61,-1.19199e-07,604.255,8870.02,-2.79964e-07,683.962,11141.4,-2.30521e-07,774.182,13986.7,-2.55099e-07,876.299,17546.4,1.23585e-07,991.883,21993.1,1.41192e-07,1122.71,27536.7,-9.71886e-08,1270.78,34430.7,-3.68368e-07,1438.38,42977.7,-3.45379e-07,1628.07,53532.7,-3.25328e-09,1842.77,66504.6,2.6362e-07,2085.77,82350.2,2.53445e-07,2360.79,101560,-2.47407e-08,2672.05,124632,-3.80602e-07,3024.31,152018,-4.79005e-07,3422.98,184060,-1.14379e-07,3874.15,220884,2.64297e-07,4384.72,262283,3.44131e-07,4962.49,307576,7.5349e-08,5616.29,355497,-3.63097e-07,6356.1,404126,-6.05442e-07,7193.18,450932,-2.72333e-07,8140.28,492963,2.29675e-07,9211.79,527178,4.3387e-07,10424,550893,-1.0711e-07,10.102,8.06553,2.81012,10.6436,8.57909,0.869423,11.5336,10.2515,0.270869,12.7211,12.7138,0.0844293,14.1823,15.9373,0.0263173,15.9122,20.0383,0.0082035,17.9198,25.2154,0.00255722,20.2244,31.7373,0.000797017,22.8539,39.9486,0.000248622,25.8438,50.2851,7.75492e-05,29.237,63.2963,2.42508e-05,33.0837,79.6738,7.67162e-06,37.4415,100.288,2.32837e-06,42.3767,126.236,7.33e-07,47.9646,158.896,2.79256e-07,54.2906,200.003,9.87351e-09,61.452,251.741,1.61085e-07,69.5585,316.859,-2.47141e-07,78.7347,398.812,8.93552e-08,89.1218,501.948,-2.53231e-07,100.879,631.736,-1.25047e-07,114.188,795.049,-1.78808e-07,129.252,1000.53,2.6733e-07,146.304,1259.03,4.50292e-07,165.605,1584.19,6.76904e-07,187.452,1993.12,-1.23808e-07,212.181,2507.27,-4.89068e-07,240.173,3153.54,-5.40284e-07,271.856,3965.56,1.86061e-07,307.719,4985.38,4.37004e-07,348.313,6265.4,3.59828e-07,394.26,7870.83,3.98192e-07,446.268,9882.51,-1.92908e-07,505.135,12400.3,-2.20392e-07,571.766,15546.9,1.51705e-07,647.184,19472.2,5.74996e-07,732.547,24357.4,5.39112e-07,829.167,30420,5.07815e-09,938.526,37916.3,-4.11492e-07,1062.3,47143.9,-3.9561e-07,1202.4,58439.2,3.86185e-08,1360.96,72169.3,5.94093e-07,1540.42,88715.8,7.47693e-07,1743.53,108445,1.78537e-07,1973.41,131665,-4.12549e-07,2233.57,158557,-5.37164e-07,2528,189103,-1.17615e-07,2861.2,222986,5.66769e-07,3238.27,259510,9.45053e-07,3664.97,297540,4.25093e-07,4147.81,335497,-3.58506e-07,4694.17,371444,-6.7724e-07,5312.37,403256,1.67192e-07,1.61744,3.89446,9.84394,3.28846,7.5504,12.774,5.07607,11.7187,13.6844,7.03202,16.8147,13.9681,9.20215,23.1769,14.0566,11.6301,31.1672,14.0841,14.3598,41.2186,14.0927,17.4376,53.8688,14.0954,20.9137,69.7915,14.0962,24.8432,89.8341,14.0965,29.2879,115.063,14.0966,34.3168,146.819,14.0966,40.0078,186.792,14.0966,46.4487,237.107,14.0966,53.7388,300.44,14.0966,61.9903,380.158,14.0966,71.3301,480.499,14.0966,81.902,606.796,14.0966,93.8685,765.761,14.0966,107.414,965.837,14.0966,122.746,1217.65,14.0966,140.101,1534.57,14.0966,159.745,1933.41,14.0966,181.981,2435.3,14.0966,207.15,3066.85,14.0966,235.64,3861.46,14.0966,267.889,4861.11,14.0966,304.391,6118.54,14.0966,345.709,7699.91,14.0966,392.478,9688.22,14.0966,445.417,12187.5,14.0966,505.339,15327.7,14.0966,573.165,19271.6,14.0966,649.938,24222,14.0966,736.839,30430.9,14.0966,835.202,38211.5,14.0966,946.539,47950.3,14.0966,1072.56,60122.8,14.0966,1215.21,75309.9,14.0966,1376.66,94216.2,14.0966,1559.41,117688,14.0966,1766.26,146729,14.0966,2000.39,182510,14.0966,2265.39,226372,14.0966,2565.33,279806,14.0966,2904.81,344416,14.0966,3289.05,421845,14.0966,3723.93,513667,14.0966,4216.13,621231,14.0966,4773.18,745478,14.0966,5403.64,886744,14.0966,6117.15,1.04457e+06,14.0966,6924.63,1.2176e+06,14.0966,11.7194,11.96,12.6541,13.9321,16.1295,13.6434,16.6097,21.9702,13.9553,19.7532,29.5285,14.0526,23.3844,39.1143,14.0829,27.5423,51.2054,14.0923,32.2796,66.434,14.0953,37.662,85.6061,14.0962,43.7675,109.74,14.0965,50.687,140.119,14.0966,58.5249,178.359,14.0966,67.4005,226.493,14.0966,77.4493,287.08,14.0966,88.8254,363.343,14.0966,101.703,459.336,14.0966,116.281,580.161,14.0966,132.782,732.241,14.0966,151.46,923.655,14.0966,172.603,1164.57,14.0966,196.535,1467.79,14.0966,223.625,1849.39,14.0966,254.288,2329.62,14.0966,288.997,2933.93,14.0966,328.285,3694.33,14.0966,372.755,4651.04,14.0966,423.092,5854.57,14.0966,480.07,7368.38,14.0966,544.564,9272.08,14.0966,617.566,11665.5,14.0966,700.197,14673.6,14.0966,793.729,18452.9,14.0966,899.599,23198.6,14.0966,1019.43,29154.1,14.0966,1155.07,36622.3,14.0966,1308.6,45977.9,14.0966,1482.39,57683.7,14.0966,1679.09,72307.8,14.0966,1901.73,90542.8,14.0966,2153.73,113226,14.0966,2438.97,141360,14.0966,2761.81,176127,14.0966,3127.22,218898,14.0966,3540.81,271226,14.0966,4008.92,334817,14.0966,4538.74,411470,14.0966,5138.38,502973,14.0966,5817.04,610948,14.0966,6585.12,736653,14.0966,7454.39,880741,14.0966,8438.15,1.04302e+06,14.0966,9551.45,1.22224e+06,14.0966,10811.3,1.41602e+06,14.0966,12237,1.62086e+06,14.0966,11.7194,11.96,12.6541,2.21263,4.16949,0.989383,2.67766,5.84076,0.311842,3.14343,7.55825,0.0972771,3.63127,9.58578,0.0303237,4.15787,12.0912,0.00945211,4.73731,15.2286,0.00294633,5.38238,19.1721,0.000918508,6.10553,24.134,0.000286163,6.91951,30.3791,8.92692e-05,7.83792,38.2397,2.78121e-05,8.87555,48.1338,8.65134e-06,10.0489,60.5876,2.7882e-06,11.3761,76.2629,8.29036e-07,12.8779,95.9927,2.4373e-07,14.5775,120.825,4.33068e-09,16.5012,152.08,1.75749e-07,18.6784,191.415,-1.86328e-07,21.1428,240.917,1.91829e-07,23.9322,303.213,-1.81475e-07,27.0895,381.602,7.0186e-08,30.6634,480.231,-2.86769e-08,34.7087,604.316,2.40784e-07,39.2876,760.401,9.87368e-08,44.4705,956.705,1.22263e-07,50.3371,1203.54,-4.31966e-07,56.9776,1513.81,-1.9705e-07,64.494,1903.69,-2.763e-08,73.0018,2393.4,3.9185e-07,82.6317,3008.13,1.35379e-07,93.5318,3779.25,-4.16351e-08,105.869,4745.7,2.06965e-08,119.834,5955.6,-3.18887e-07,135.641,7468.12,-1.48271e-08,153.531,9355.62,2.00739e-07,173.781,11705.8,2.28358e-07,196.701,14624.1,-1.93587e-08,222.642,18235,-2.88101e-07,252.003,22683.4,-2.24732e-07,285.234,28134,8.56806e-09,322.845,34767,2.34258e-07,365.413,42770.9,2.99668e-07,413.588,52327.9,8.28644e-08,468.111,63591.2,-3.07049e-07,529.814,76653.2,-3.1888e-07,599.642,91502.5,-6.72276e-08,678.662,107975,2.26339e-07,768.083,125705,3.69212e-07,869.267,144088,2.04077e-07,983.76,162277,-2.80509e-07,1113.3,179223,-4.22737e-07,1259.87,193777,-1.71951e-07,1425.68,204839,4.55555e-07,11.7194,11.96,12.6541,2.21263,4.16949,0.989383,2.67766,5.84076,0.311842,3.14343,7.55825,0.0972771,3.63127,9.58578,0.0303237,4.15787,12.0912,0.00945211,4.73731,15.2286,0.00294633,5.38238,19.1721,0.000918508,6.10553,24.134,0.000286163,6.91951,30.3791,8.92692e-05,7.83792,38.2397,2.78121e-05,8.87555,48.1338,8.65134e-06,10.0489,60.5876,2.7882e-06,11.3761,76.2629,8.29036e-07,12.8779,95.9927,2.4373e-07,14.5775,120.825,1e-08,16.5012,152.08,1.75749e-07,18.6784,191.415,1e-08,21.1428,240.917,1.91829e-07,23.9322,303.213,1e-08,27.0895,381.602,7.0186e-08,30.6634,480.231,1e-08,34.7087,604.316,2.40784e-07,39.2876,760.401,9.87368e-08,44.4705,956.705,1.22263e-07,50.3371,1203.54,1e-08,56.9776,1513.81,1e-08,64.494,1903.69,1e-08,73.0018,2393.4,3.9185e-07,82.6317,3008.13,1.35379e-07,93.5318,3779.25,1e-08,105.869,4745.7,2.06965e-08,119.834,5955.6,1e-08,135.641,7468.12,1e-08,153.531,9355.62,2.00739e-07,173.781,11705.8,2.28358e-07,196.701,14624.1,1e-08,222.642,18235,1e-08,252.003,22683.4,1e-08,285.234,28134,1e-08,322.845,34767,2.34258e-07,365.413,42770.9,2.99668e-07,413.588,52327.9,8.28644e-08,468.111,63591.2,1e-08,529.814,76653.2,1e-08,599.642,91502.5,1e-08,678.662,107975,2.26339e-07,768.083,125705,3.69212e-07,869.267,144088,2.04077e-07,983.76,162277,1e-08,1113.3,179223,1e-08,1259.87,193777,1e-08,1425.68,204839,4.55555e-07,6.2823,3.27286,2.43537,0.219672,6.18826,2.24117,0.56371,6.87772,2.63624,0.308279,8,8,18,2,4,0,2,8,2,0,5,0,6,2,0,5,6,0,9,14,0,2,29,0,10,34,0,2,22,0,11,40,0,13,46,0,3,63,0,12,81,0,7,92,0,17,108,0,12,281,0,21,187,0,9,228,0,23,369,0,26,336,0,63,503,0,13,1302,0,48,980,0,35,1304,0,41,825,0,63,1374,0,123,1055,0,43,3624,0,126,1205,0,72,4155,0,144,7685,0,98,7961,0,91,2596,0,126,10464,0,218,16049,0,207,13654,0,282,9165,0,359,13029,0,187,43231,0,349,31860,0,165,32823,0,312,40957,0,700,74118,0,522,72071,0,855,100420,0,166,152958,0,526,126175,0,1707,282479,0,982,94987,0,1256,105858,0,1756,159997,0,3549,176424,0
-1.05176e+08,1,8.88811e-15,10,1023,0,1.05176e+08,0.528882,1.08665,0.389689,0.145397,0.379329,3.24381,0.161596,0.446195,1.77396,0.159177,1.15e+07,4.49998e+06,6.79999e+06,1.15e+07,4.49997e+06,6.79999e+06,1.15e+07,4.49996e+06,6.79999e+06,1.15e+07,4.49995e+06,6.79999e+06,1.14999e+07,4.49993e+06,6.79999e+06,1.14999e+07,4.49991e+06,6.79999e+06,1.14999e+07,4.49989e+06,6.79999e+06,1.14999e+07,4.49986e+06,6.79999e+06,1.14999e+07,4.49982e+06,6.79999e+06,1.14999e+07,4.49977e+06,6.79999e+06,1.14999e+07,4.49971e+06,6.79999e+06,1.14999e+07,4.49963e+06,6.79999e+06,1.14998e+07,4.49953e+06,6.79999e+06,1.14998e+07,4.49941e+06,6.79999e+06,1.14998e+07,4.49926e+06,6.79999e+06,1.14998e+07,4.49906e+06,6.79999e+06,1.14997e+07,4.49882e+06,6.79999e+06,1.14997e+07,4.49851e+06,6.79999e+06,1.14997e+07,4.49812e+06,6.79999e+06,1.14996e+07,4.49764e+06,6.79999e+06,1.14996e+07,4.49702e+06,6.79999e+06,1.14995e+07,4.49625e+06,6.79999e+06,1.14995e+07,4.49528e+06,6.79999e+06,1.14994e+07,4.49406e+06,6.79999e+06,1.14993e+07,4.49253e+06,6.79999e+06,1.14992e+07,4.49059e+06,6.79999e+06,1.14991e+07,4.48817e+06,6.79999e+06,1.1499e+07,4.48511e+06,6.79999e+06,1.14988e+07,4.48128e+06,6.79999e+06,1.14987e+07,4.47646e+06,6.79999e+06,1.14985e+07,4.47041e+06,6.79999e+06,1.14983e+07,4.46281e+06,6.79999e+06,1.14981e+07,4.4533e+06,6.79999e+06,1.14979e+07,4.44138e+06,6.79999e+06,1.14976e+07,4.42649e+06,6.79999e+06,1.14972e+07,4.40789e+06,6.79999e+06,1.14969e+07,4.38471e+06,6.79999e+06,1.14965e+07,4.35592e+06,6.79999e+06,1.1496e+07,4.32027e+06,6.79999e+06,1.14955e+07,4.27629e+06,6.79999e+06,1.14949e+07,4.22231e+06,6.79999e+06,1.14942e+07,4.15647e+06,6.79999e+06,1.14934e+07,4.07676e+06,6.79999e+06,1.14926e+07,3.98112e+06,6.79999e+06,1.14916e+07,3.86765e+06,6.79999e+06,1.14905e+07,3.73474e+06,6.79999e+06,1.14892e+07,3.58148e+06,6.79999e+06,1.14878e+07,3.40785e+06,6.79999e+06,1.14862e+07,3.21513e+06,6.79999e+06,1.14844e+07,3.00605e+06,6.79999e+06,1.14823e+07,2.7848e+06,6.79999e+06,1.148e+07,2.5568e+06,6.79999e+06,1.14773e+07,2.32825e+06,6.79999e+06,13.5742,8.52444,0.508366,16.8306,13.2585,0.162638,20.0035,17.569,0.0507846,23.2616,22.4214,0.0158319,26.7328,28.3297,0.00493498,30.5212,35.6974,0.00153831,34.7178,44.9473,0.000479527,39.4086,56.5822,0.000149456,44.6796,71.2245,4.66214e-05,50.6209,89.6543,1.45419e-05,57.3297,112.852,4.54748e-06,64.9129,142.051,1.43857e-06,73.4897,178.803,4.36618e-07,83.1934,225.062,1.40153e-07,94.1745,283.286,4.96378e-08,106.602,356.568,1.05434e-07,120.669,448.799,-6.49244e-08,136.59,564.873,1.70148e-07,154.611,710.948,-5.34594e-08,175.008,894.767,1.63407e-07,198.097,1126.06,8.04804e-08,224.231,1417.07,1.14667e-07,253.813,1783.15,-1.71227e-07,287.297,2243.62,-2.88466e-07,325.198,2822.67,-4.33651e-07,368.098,3550.67,7.9318e-08,416.657,4465.65,3.13319e-07,471.621,5615.16,3.4613e-07,533.835,7058.61,-1.19199e-07,604.255,8870.02,-2.79964e-07,683.962,11141.4,-2.30521e-07,774.182,13986.7,-2.55099e-07,876.299,17546.4,1.23585e-07,991.883,21993.1,1.41192e-07,1122.71,27536.7,-9.71886e-08,1270.78,34430.7,-3.68368e-07,1438.38,42977.7,-3.45379e-07,1628.07,53532.7,-3.25328e-09,1842.77,66504.6,2.6362e-07,2085.77,82350.2,2.53445e-07,2360.79,101560,-2.47407e-08,2672.05,124632,-3.80602e-07,3024.31,152018,-4.79005e-07,3422.98,184060,-1.14379e-07,3874.15,220884,2.64297e-07,4384.72,262283,3.44131e-07,4962.49,307576,7.5349e-08,5616.29,355497,-3.63097e-07,6356.1,404126,-6.05442e-07,7193.18,450932,-2.72333e-07,8140.28,492963,2.29675e-07,9211.79,527178,4.3387e-07,10424,550893,-1.0711e-07,10.102,8.06553,2.81012,10.6436,8.57909,0.869423,11.5336,10.2515,0.270869,12.7211,12.7138,0.0844293,14.1823,15.9373,0.0263173,15.9122,20.0383,0.0082035,17.9198,25.2154,0.00255722,20.2244,31.7373,0.000797017,22.8539,39.9486,0.000248622,25.8438,50.2851,7.75492e-05,29.237,63.2963,2.42508e-05,33.0837,79.6738,7.67162e-06,37.4415,100.288,2.32837e-06,42.3767,126.236,7.33e-07,47.9646,158.896,2.79256e-07,54.2906,200.003,9.87351e-09,61.452,251.741,1.61085e-07,69.5585,316.859,-2.47141e-07,78.7347,398.812,8.93552e-08,89.1218,501.948,-2.53231e-07,100.879,631.736,-1.25047e-07,114.188,795.049,-1.78808e-07,129.252,1000.53,2.6733e-07,146.304,1259.03,4.50292e-07,165.605,1584.19,6.76904e-07,187.452,1993.12,-1.23808e-07,212.181,2507.27,-4.89068e-07,240.173,3153.54,-5.40284e-07,271.856,3965.56,1.86061e-07,307.719,4985.38,4.37004e-07,348.313,6265.4,3.59828e-07,394.26,7870.83,3.98192e-07,446.268,9882.51,-1.92908e-07,505.135,12400.3,-2.20392e-07,571.766,15546.9,1.51705e-07,647.184,19472.2,5.74996e-07,732.547,24357.4,5.39112e-07,829.167,30420,5.07815e-09,938.526,37916.3,-4.11492e-07,1062.3,47143.9,-3.9561e-07,1202.4,58439.2,3.86185e-08,1360.96,72169.3,5.94093e-07,1540.42,88715.8,7.47693e-07,1743.53,108445,1.78537e-07,1973.41,131665,-4.12549e-07,2233.57,158557,-5.37164e-07,2528,189103,-1.17615e-07,2861.2,222986,5.66769e-07,3238.27,259510,9.45053e-07,3664.97,297540,4.25093e-07,4147.81,335497,-3.58506e-07,4694.17,371444,-6.7724e-07,5312.37,403256,1.67192e-07,1.61744,3.89446,9.84394,3.28846,7.5504,12.774,5.07607,11.7187,13.6844,7.03202,16.8147,13.9681,9.20215,23.1769,14.0566,11.6301,31.1672,14.0841,14.3598,41.2186,14.0927,17.4376,53.8688,14.0954,20.9137,69.7915,14.0962,24.8432,89.8341,14.0965,29.2879,115.063,14.0966,34.3168,146.819,14.0966,40.0078,186.792,14.0966,46.4487,237.107,14.0966,53.7388,300.44,14.0966,61.9903,380.158,14.0966,71.3301,480.499,14.0966,81.902,606.796,14.0966,93.8685,765.761,14.0966,107.414,965.837,14.0966,122.746,1217.65,14.0966,140.101,1534.57,14.0966,159.745,1933.41,14.0966,181.981,2435.3,14.0966,207.15,3066.85,14.0966,235.64,3861.46,14.0966,267.889,4861.11,14.0966,304.391,6118.54,14.0966,345.709,7699.91,14.0966,392.478,9688.22,14.0966,445.417,12187.5,14.0966,505.339,15327.7,14.0966,573.165,19271.6,14.0966,649.938,24222,14.0966,736.839,30430.9,14.0966,835.202,38211.5,14.0966,946.539,47950.3,14.0966,1072.56,60122.8,14.0966,1215.21,75309.9,14.0966,1376.66,94216.2,14.0966,1559.41,117688,14.0966,1766.26,146729,14.0966,2000.39,182510,14.0966,2265.39,226372,14.0966,2565.33,279806,14.0966,2904.81,344416,14.0966,3289.05,421845,14.0966,3723.93,513667,14.0966,4216.13,621231,14.0966,4773.18,745478,14.0966,5403.64,886744,14.0966,6117.15,1.04457e+06,14.0966,6924.63,1.2176e+06,14.0966,11.7194,11.96,12.6541,13.9321,16.1295,13.6434,16.6097,21.9702,13.9553,19.7532,29.5285,14.0526,23.3844,39.1143,14.0829,27.5423,51.2054,14.0923,32.2796,66.434,14.0953,37.662,85.6061,14.0962,43.7675,109.74,14.0965,50.687,140.119,14.0966,58.5249,178.359,14.0966,67.4005,226.493,14.0966,77.4493,287.08,14.0966,88.8254,363.343,14.0966,101.703,459.336,14.0966,116.281,580.161,14.0966,132.782,732.241,14.0966,151.46,923.655,14.0966,172.603,1164.57,14.0966,196.535,1467.79,14.0966,223.625,1849.39,14.0966,254.288,2329.62,14.0966,288.997,2933.93,14.0966,328.285,3694.33,14.0966,372.755,4651.04,14.0966,423.092,5854.57,14.0966,480.07,7368.38,14.0966,544.564,9272.08,14.0966,617.566,11665.5,14.0966,700.197,14673.6,14.0966,793.729,18452.9,14.0966,899.599,23198.6,14.0966,1019.43,29154.1,14.0966,1155.07,36622.3,14.0966,1308.6,45977.9,14.0966,1482.39,57683.7,14.0966,1679.09,72307.8,14.0966,1901.73,90542.8,14.0966,2153.73,113226,14.0966,2438.97,141360,14.0966,2761.81,176127,14.0966,3127.22,218898,14.0966,3540.81,271226,14.0966,4008.92,334817,14.0966,4538.74,411470,14.0966,5138.38,502973,14.0966,5817.04,610948,14.0966,6585.12,736653,14.0966,7454.39,880741,14.0966,8438.15,1.04302e+06,14.0966,9551.45,1.22224e+06,14.0966,10811.3,1.41602e+06,14.0966,12237,1.62086e+06,14.0966,11.7194,11.96,12.6541,2.21263,4.16949,0.989383,2.67766,5.84076,0.311842,3.14343,7.55825,0.0972771,3.63127,9.58578,0.0303237,4.15787,12.0912,0.00945211,4.73731,15.2286,0.00294633,5.38238,19.1721,0.000918508,6.10553,24.134,0.000286163,6.91951,30.3791,8.92692e-05,7.83792,38.2397,2.78121e-05,8.87555,48.1338,8.65134e-06,10.0489,60.5876,2.7882e-06,11.3761,76.2629,8.29036e-07,12.8779,95.9927,2.4373e-07,14.5775,120.825,4.33068e-09,16.5012,152.08,1.75749e-07,18.6784,191.415,-1.86328e-07,21.1428,240.917,1.91829e-07,23.9322,303.213,-1.81475e-07,27.0895,381.602,7.0186e-08,30.6634,480.231,-2.86769e-08,34.7087,604.316,2.40784e-07,39.2876,760.401,9.87368e-08,44.4705,956.705,1.22263e-07,50.3371,1203.54,-4.31966e-07,56.9776,1513.81,-1.9705e-07,64.494,1903.69,-2.763e-08,73.0018,2393.4,3.9185e-07,82.6317,3008.13,1.35379e-07,93.5318,3779.25,-4.16351e-08,105.869,4745.7,2.06965e-08,119.834,5955.6,-3.18887e-07,135.641,7468.12,-1.48271e-08,153.531,9355.62,2.00739e-07,173.781,11705.8,2.28358e-07,196.701,14624.1,-1.93587e-08,222.642,18235,-2.88101e-07,252.003,22683.4,-2.24732e-07,285.234,28134,8.56806e-09,322.845,34767,2.34258e-07,365.413,42770.9,2.99668e-07,413.588,52327.9,8.28644e-08,468.111,63591.2,-3.07049e-07,529.814,76653.2,-3.1888e-07,599.642,91502.5,-6.72276e-08,678.662,107975,2.26339e-07,768.083,125705,3.69212e-07,869.267,144088,2.04077e-07,983.76,162277,-2.80509e-07,1113.3,179223,-4.22737e-07,1259.87,193777,-1.71951e-07,1425.68,204839,4.55555e-07,11.7194,11.96,12.6541,2.21263,4.16949,0.989383,2.67766,5.84076,0.311842,3.14343,7.55825,0.0972771,3.63127,9.58578,0.0303237,4.15787,12.0912,0.00945211,4.73731,15.2286,0.00294633,5.38238,19.1721,0.000918508,6.10553,24.134,0.000286163,6.91951,30.3791,8.92692e-05,7.83792,38.2397,2.78121e-05,8.87555,48.1338,8.65134e-06,10.0489,60.5876,2.7882e-06,11.3761,76.2629,8.29036e-07,12.8779,95.9927,2.4373e-07,14.5775,120.825,1e-08,16.5012,152.08,1.75749e-07,18.6784,191.415,1e-08,21.1428,240.917,1.91829e-07,23.9322,303.213,1e-08,27.0895,381.602,7.0186e-08,30.6634,480.231,1e-08,34.7087,604.316,2.40784e-07,39.2876,760.401,9.87368e-08,44.4705,956.705,1.22263e-07,50.3371,1203.54,1e-08,56.9776,1513.81,1e-08,64.494,1903.69,1e-08,73.0018,2393.4,3.9185e-07,82.6317,3008.13,1.35379e-07,93.5318,3779.25,1e-08,105.869,4745.7,2.06965e-08,119.834,5955.6,1e-08,135.641,7468.12,1e-08,153.531,9355.62,2.00739e-07,173.781,11705.8,2.28358e-07,196.701,14624.1,1e-08,222.642,18235,1e-08,252.003,22683.4,1e-08,285.234,28134,1e-08,322.845,34767,2.34258e-07,365.413,42770.9,2.99668e-07,413.588,52327.9,8.28644e-08,468.111,63591.2,1e-08,529.814,76653.2,1e-08,599.642,91502.5,1e-08,678.662,107975,2.26339e-07,768.083,125705,3.69212e-07,869.267,144088,2.04077e-07,983.76,162277,1e-08,1113.3,179223,1e-08,1259.87,193777,1e-08,1425.68,204839,4.55555e-07,6.2823,3.27286,2.43537,0.219672,6.18826,2.24117,0.56371,6.87772,2.63624,0.308279,2,14,18,4,13,2,8,3,0,3,2,0,2,10,0,6,10,0,9,22,0,5,37,0,7,14,0,9,29,0,8,45,0,10,88,0,12,55,0,16,73,0,16,45,0,23,93,0,13,113,0,11,192,0,14,199,0,29,447,0,47,289,0,53,687,0,36,906,0,40,534,0,54,1015,0,51,410,0,93,997,0,47,1106,0,106,2971,0,66,2567,0,102,4080,0,170,6693,0,89,9593,0,57,13349,0,57,10208,0,149,15351,0,108,14208,0,299,17132,0,108,22951,0,275,31603,0,577,23865,0,530,90636,0,617,13736,0,388,33457,0,493,42351,0,392,83872,0,463,103140,0,1114,40348,0,827,66490,0,1651,252194,0,1852,187031,0,1006,268106,0,1561,313034,0
-1.05176e+08,1,8.88811e-15,10,1023,0,1.05176e+08,0.528882,1.08665,0.389689,0.145397,0.379329,3.24381,0.161596,0.446195,1.77396,0.159177,1.15e+07,4.49998e+06,6.79999e+06,1.15e+07,4.49997e+06,6.79999e+06,1.15e+07,4.49996e+06,6.79999e+06,1.15e+07,4.49995e+06,6.79999e+06,1.14999e+07,4.49993e+06,6.79999e+06,1.14999e+07,4.49991e+06,6.79999e+06,1.14999e+07,4.49989e+06,6.79999e+06,1.14999e+07,4.49986e+06,6.79999e+06,1.14999e+07,4.49982e+06,6.79999e+06,1.14999e+07,4.49977e+06,6.79999e+06,1.14999e+07,4.49971e+06,6.79999e+06,1.14999e+07,4.49963e+06,6.79999e+06,1.14998e+07,4.49953e+06,6.79999e+06,1.14998e+07,4.49941e+06,6.79999e+06,1.14998e+07,4.49926e+06,6.79999e+06,1.14998e+07,4.49906e+06,6.79999e+06,1.14997e+07,4.49882e+06,6.79999e+06,1.14997e+07,4.49851e+06,6.79999e+06,1.14997e+07,4.49812e+06,6.79999e+06,1.14996e+07,4.49764e+06,6.79999e+06,1.14996e+07,4.49702e+06,6.79999e+06,1.14995e+07,4.49625e+06,6.79999e+06,1.14995e+07,4.49528e+06,6.79999e+06,1.14994e+07,4.49406e+06,6.79999e+06,1.14993e+07,4.49253e+06,6.79999e+06,1.14992e+07,4.49059e+06,6.79999e+06,1.14991e+07,4.48817e+06,6.79999e+06,1.1499e+07,4.48511e+06,6.79999e+06,1.14988e+07,4.48128e+06,6.79999e+06,1.14987e+07,4.47646e+06,6.79999e+06,1.14985e+07,4.47041e+06,6.79999e+06,1.14983e+07,4.46281e+06,6.79999e+06,1.14981e+07,4.4533e+06,6.79999e+06,1.14979e+07,4.44138e+06,6.79999e+06,1.14976e+07,4.42649e+06,6.79999e+06,1.14972e+07,4.40789e+06,6.79999e+06,1.14969e+07,4.38471e+06,6.79999e+06,1.14965e+07,4.35592e+06,6.79999e+06,1.1496e+07,4.32027e+06,6.79999e+06,1.14955e+07,4.27629e+06,6.79999e+06,1.14949e+07,4.22231e+06,6.79999e+06,1.14942e+07,4.15647e+06,6.79999e+06,1.14934e+07,4.07676e+06,6.79999e+06,1.14926e+07,3.98112e+06,6.79999e+06,1.14916e+07,3.86765e+06,6.79999e+06,1.14905e+07,3.73474e+06,6.79999e+06,1.14892e+07,3.58148e+06,6.79999e+06,1.14878e+07,3.40785e+06,6.79999e+06,1.14862e+07,3.21513e+06,6.79999e+06,1.14844e+07,3.00605e+06,6.79999e+06,1.14823e+07,2.7848e+06,6.79999e+06,1.148e+07,2.5568e+06,6.79999e+06,1.14773e+07,2.32825e+06,6.79999e+06,13.5742,8.52444,0.508366,16.8306,13.2585,0.162638,20.0035,17.569,0.0507846,23.2616,22.4214,0.0158319,26.7328,28.3297,0.00493498,30.5212,35.6974,0.00153831,34.7178,44.9473,0.000479527,39.4086,56.5822,0.000149456,44.6796,71.2245,4.66214e-05,50.6209,89.6543,1.45419e-05,57.3297,112.852,4.54748e-06,64.9129,142.051,1.43857e-06,73.4897,178.803,4.36618e-07,83.1934,225.062,1.40153e-07,94.1745,283.286,4.96378e-08,106.602,356.568,1.05434e-07,120.669,448.799,-6.49244e-08,136.59,564.873,1.70148e-07,154.611,710.948,-5.34594e-08,175.008,894.767,1.63407e-07,198.097,1126.06,8.04804e-08,224.231,1417.07,1.14667e-07,253.813,1783.15,-1.71227e-07,287.297,2243.62,-2.88466e-07,325.198,2822.67,-4.33651e-07,368.098,3550.67,7.9318e-08,416.657,4465.65,3.13319e-07,471.621,5615.16,3.4613e-07,533.835,7058.61,-1.19199e-07,604.255,8870.02,-2.79964e-07,683.962,11141.4,-2.30521e-07,774.182,13986.7,-2.55099e-07,876.299,17546.4,1.23585e-07,991.883,21993.1,1.41192e-07,1122.71,27536.7,-9.71886e-08,1270.78,34430.7,-3.68368e-07,1438.38,42977.7,-3.45379e-07,1628.07,53532.7,-3.25328e-09,1842.77,66504.6,2.6362e-07,2085.77,82350.2,2.53445e-07,2360.79,101560,-2.47407e-08,2672.05,124632,-3.80602e-07,3024.31,152018,-4.79005e-07,3422.98,184060,-1.14379e-07,3874.15,220884,2.64297e-07,4384.72,262283,3.44131e-07,4962.49,307576,7.5349e-08,5616.29,355497,-3.63097e-07,6356.1,404126,-6.05442e-07,7193.18,450932,-2.72333e-07,8140.28,492963,2.29675e-07,9211.79,527178,4.3387e-07,10424,550893,-1.0711e-07,10.102,8.06553,2.81012,10.6436,8.57909,0.869423,11.5336,10.2515,0.270869,12.7211,12.7138,0.0844293,14.1823,15.9373,0.0263173,15.9122,20.0383,0.0082035,17.9198,25.2154,0.00255722,20.2244,31.7373,0.000797017,22.8539,39.9486,0.000248622,25.8438,50.2851,7.75492e-05,29.237,63.2963,2.42508e-05,33.0837,79.6738,7.67162e-06,37.4415,100.288,2.32837e-06,42.3767,126.236,7.33e-07,47.9646,158.896,2.79256e-07,54.2906,200.003,9.87351e-09,61.452,251.741,1.61085e-07,69.5585,316.859,-2.47141e-07,78.7347,398.812,8.93552e-08,89.1218,501.948,-2.53231e-07,100.879,631.736,-1.25047e-07,114.188,795.049,-1.78808e-07,129.252,1000.53,2.6733e-07,146.304,1259.03,4.50292e-07,165.605,1584.19,6.76904e-07,187.452,1993.12,-1.23808e-07,212.181,2507.27,-4.89068e-07,240.173,3153.54,-5.40284e-07,271.856,3965.56,1.86061e-07,307.719,4985.38,4.37004e-07,348.313,6265.4,3.59828e-07,394.26,7870.83,3.98192e-07,446.268,9882.51,-1.92908e-07,505.135,12400.3,-2.20392e-07,571.766,15546.9,1.51705e-07,647.184,19472.2,5.74996e-07,732.547,24357.4,5.39112e-07,829.167,30420,5.07815e-09,938.526,37916.3,-4.11492e-07,1062.3,47143.9,-3.9561e-07,1202.4,58439.2,3.86185e-08,1360.96,72169.3,5.94093e-07,1540.42,88715.8,7.47693e-07,1743.53,108445,1.78537e-07,1973.41,131665,-4.12549e-07,2233.57,158557,-5.37164e-07,2528,189103,-1.17615e-07,2861.2,222986,5.66769e-07,3238.27,259510,9.45053e-07,3664.97,297540,4.25093e-07,4147.81,335497,-3.58506e-07,4694.17,371444,-6.7724e-07,5312.37,403256,1.67192e-07,1.61744,3.89446,9.84394,3.28846,7.5504,12.774,5.07607,11.7187,13.6844,7.03202,16.8147,13.9681,9.20215,23.1769,14.0566,11.6301,31.1672,14.0841,14.3598,41.2186,14.0927,17.4376,53.8688,14.0954,20.9137,69.7915,14.0962,24.8432,89.8341,14.0965,29.2879,115.063,14.0966,34.3168,146.819,14.0966,40.0078,186.792,14.0966,46.4487,237.107,14.0966,53.7388,300.44,14.0966,61.9903,380.158,14.0966,71.3301,480.499,14.0966,81.902,606.796,14.0966,93.8685,765.761,14.0966,107.414,965.837,14.0966,122.746,1217.65,14.0966,140.101,1534.57,14.0966,159.745,1933.41,14.0966,181.981,2435.3,14.0966,207.15,3066.85,14.0966,235.64,3861.46,14.0966,267.889,4861.11,14.0966,304.391,6118.54,14.0966,345.709,7699.91,14.0966,392.478,9688.22,14.0966,445.417,12187.5,14.0966,505.339,15327.7,14.0966,573.165,19271.6,14.0966,649.938,24222,14.0966,736.839,30430.9,14.0966,835.202,38211.5,14.0966,946.539,47950.3,14.0966,1072.56,60122.8,14.0966,1215.21,75309.9,14.0966,1376.66,94216.2,14.0966,1559.41,117688,14.0966,1766.26,146729,14.0966,2000.39,182510,14.0966,2265.39,226372,14.0966,2565.33,279806,14.0966,2904.81,344416,14.0966,3289.05,421845,14.0966,3723.93,513667,14.0966,4216.13,621231,14.0966,4773.18,745478,14.0966,5403.64,886744,14.0966,6117.15,1.04457e+06,14.0966,6924.63,1.2176e+06,14.0966,11.7194,11.96,12.6541,13.9321,16.1295,13.6434,16.6097,21.9702,13.9553,19.7532,29.5285,14.0526,23.3844,39.1143,14.0829,27.5423,51.2054,14.0923,32.2796,66.434,14.0953,37.662,85.6061,14.0962,43.7675,109.74,14.0965,50.687,140.119,14.0966,58.5249,178.359,14.0966,67.4005,226.493,14.0966,77.4493,287.08,14.0966,88.8254,363.343,14.0966,101.703,459.336,14.0966,116.281,580.161,14.0966,132.782,732.241,14.0966,151.46,923.655,14.0966,172.603,1164.57,14.0966,196.535,1467.79,14.0966,223.625,1849.39,14.0966,254.288,2329.62,14.0966,288.997,2933.93,14.0966,328.285,3694.33,14.0966,372.755,4651.04,14.0966,423.092,5854.57,14.0966,480.07,7368.38,14.0966,544.564,9272.08,14.0966,617.566,11665.5,14.0966,700.197,14673.6,14.0966,793.729,18452.9,14.0966,899.599,23198.6,14.0966,1019.43,29154.1,14.0966,1155.07,36622.3,14.0966,1308.6,45977.9,14.0966,1482.39,57683.7,14.0966,1679.09,72307.8,14.0966,1901.73,90542.8,14.0966,2153.73,113226,14.0966,2438.97,141360,14.0966,2761.81,176127,14.0966,3127.22,218898,14.0966,3540.81,271226,14.0966,4008.92,334817,14.0966,4538.74,411470,14.0966,5138.38,502973,14.0966,5817.04,610948,14.0966,6585.12,736653,14.0966,7454.39,880741,14.0966,8438.15,1.04302e+06,14.0966,9551.45,1.22224e+06,14.0966,10811.3,1.41602e+06,14.0966,12237,1.62086e+06,14.0966,11.7194,11.96,12.6541,2.21263,4.16949,0.989383,2.67766,5.84076,0.311842,3.14343,7.55825,0.0972771,3.63127,9.58578,0.0303237,4.15787,12.0912,0.00945211,4.73731,15.2286,0.00294633,5.38238,19.1721,0.000918508,6.10553,24.134,0.000286163,6.91951,30.3791,8.92692e-05,7.83792,38.2397,2.78121e-05,8.87555,48.1338,8.65134e-06,10.0489,60.5876,2.7882e-06,11.3761,76.2629,8.29036e-07,12.8779,95.9927,2.4373e-07,14.5775,120.825,4.33068e-09,16.5012,152.08,1.75749e-07,18.6784,191.415,-1.86328e-07,21.1428,240.917,1.91829e-07,23.9322,303.213,-1.81475e-07,27.0895,381.602,7.0186e-08,30.6634,480.231,-2.86769e-08,34.7087,604.316,2.40784e-07,39.2876,760.401,9.87368e-08,44.4705,956.705,1.22263e-07,50.3371,1203.54,-4.31966e-07,56.9776,1513.81,-1.9705e-07,64.494,1903.69,-2.763e-08,73.0018,2393.4,3.9185e-07,82.6317,3008.13,1.35379e-07,93.5318,3779.25,-4.16351e-08,105.869,4745.7,2.06965e-08,119.834,5955.6,-3.18887e-07,135.641,7468.12,-1.48271e-08,153.531,9355.62,2.00739e-07,173.781,11705.8,2.28358e-07,196.701,14624.1,-1.93587e-08,222.642,18235,-2.88101e-07,252.003,22683.4,-2.24732e-07,285.234,28134,8.56806e-09,322.845,34767,2.34258e-07,365.413,42770.9,2.99668e-07,413.588,52327.9,8.28644e-08,468.111,63591.2,-3.07049e-07,529.814,76653.2,-3.1888e-07,599.642,91502.5,-6.72276e-08,678.662,107975,2.26339e-07,768.083,125705,3.69212e-07,869.267,144088,2.04077e-07,983.76,162277,-2.80509e-07,1113.3,179223,-4.22737e-07,1259.87,193777,-1.71951e-07,1425.68,204839,4.55555e-07,11.7194,11.96,12.6541,2.21263,4.16949,0.989383,2.67766,5.84076,0.311842,3.14343,7.55825,0.0972771,3.63127,9.58578,0.0303237,4.15787,12.0912,0.00945211,4.73731,15.2286,0.00294633,5.38238,19.1721,0.000918508,6.10553,24.134,0.000286163,6.91951,30.3791,8.92692e-05,7.83792,38.2397,2.78121e-05,8.87555,48.1338,8.65134e-06,10.0489,60.5876,2.7882e-06,11.3761,76.2629,8.29036e-07,12.8779,95.9927,2.4373e-07,14.5775,120.825,1e-08,16.5012,152.08,1.75749e-07,18.6784,191.415,1e-08,21.1428,240.917,1.91829e-07,23.9322,303.213,1e-08,27.0895,381.602,7.0186e-08,30.6634,480.231,1e-08,34.7087,604.316,2.40784e-07,39.2876,760.401,9.87368e-08,44.4705,956.705,1.22263e-07,50.3371,1203.54,1e-08,56.9776,1513.81,1e-08,64.494,1903.69,1e-08,73.0018,2393.4,3.9185e-07,82.6317,3008.13,1.35379e-07,93.5318,3779.25,1e-08,105.869,4745.7,2.06965e-08,119.834,5955.6,1e-08,135.641,7468.12,1e-08,153.531,9355.62,2.00739e-07,173.781,11705.8,2.28358e-07,196.701,14624.1,1e-08,222.642,18235,1e-08,252.003,22683.4,1e-08,285.234,28134,1e-08,322.845,34767,2.34258e-07,365.413,42770.9,2.99668e-07,413.588,52327.9,8.28644e-08,468.111,63591.2,1e-08,529.814,76653.2,1e-08,599.642,91502.5,1e-08,678.662,107975,2.26339e-07,768.083,125705,3.69212e-07,869.267,144088,2.04077e-07,983.76,162277,1e-08,1113.3,179223,1e-08,1259.87,193777,1e-08,1425.68,204839,4.55555e-07,6.2823,3.27286,2.43537,0.219672,6.18826,2.24117,0.56371,6.87772,2.63624,0.308279,12,33,12,1,6,1,1,9,0,2,11,0,2,5,0,9,17,0,11,19,0,3,10,0,3,29,0,6,34,0,8,40,0,22,57,0,11,33,0,8,59,0,13,245,0,23,192,0,16,114,0,21,114,0,7,62,0,14,585,0,17,198,0,34,524,0,111,444,0,46,721,0,21,939,0,15,1157,0,46,1901,0,23,2348,0,54,766,0,73,4460,0,63,1835,0,137,2780,0,163,2620,0,135,10036,0,200,6624,0,196,12731,0,177,8882,0,270,19460,0,200,41263,0,201,36968,0,465,14169,0,242,40986,0,339,70453,0,603,78409,0,813,96318,0,1409,60943,0,374,50319,0,889,160174,0,824,71404,0,1029,276726,0,1157,156263,0,1027,123024,0,1321,221585,0
-1.05176e+08,1,8.88811e-15,10,1023,0,1.05176e+08,0.528882,1.08665,0.389689,0.145397,0.379329,3.24381,0.161596,0.446195,1.77396,0.159177,1.15e+07,4.49998e+06,6.79999e+06,1.15e+07,4.49997e+06,6.79999e+06,1.15e+07,4.49996e+06,6.79999e+06,1.15e+07,4.49995e+06,6.79999e+06,1.14999e+07,4.49993e+06,6.79999e+06,1.14999e+07,4.49991e+06,6.79999e+06,1.14999e+07,4.49989e+06,6.79999e+06,1.14999e+07,4.49986e+06,6.79999e+06,1.14999e+07,4.49982e+06,6.79999e+06,1.14999e+07,4.49977e+06,6.79999e+06,1.14999e+07,4.49971e+06,6.79999e+06,1.14999e+07,4.49963e+06,6.79999e+06,1.14998e+07,4.49953e+06,6.79999e+06,1.14998e+07,4.49941e+06,6.79999e+06,1.14998e+07,4.49926e+06,6.79999e+06,1.14998e+07,4.49906e+06,6.79999e+06,1.14997e+07,4.49882e+06,6.79999e+06,1.14997e+07,4.49851e+06,6.79999e+06,1.14997e+07,4.49812e+06,6.79999e+06,1.14996e+07,4.49764e+06,6.79999e+06,1.14996e+07,4.49702e+06,6.79999e+06,1.14995e+07,4.49625e+06,6.79999e+06,1.14995e+07,4.49528e+06,6.79999e+06,1.14994e+07,4.49406e+06,6.79999e+06,1.14993e+07,4.49253e+06,6.79999e+06,1.14992e+07,4.49059e+06,6.79999e+06,1.14991e+07,4.48817e+06,6.79999e+06,1.1499e+07,4.48511e+06,6.79999e+06,1.14988e+07,4.48128e+06,6.79999e+06,1.14987e+07,4.47646e+06,6.79999e+06,1.14985e+07,4.47041e+06,6.79999e+06,1.14983e+07,4.46281e+06,6.79999e+06,1.14981e+07,4.4533e+06,6.79999e+06,1.14979e+07,4.44138e+06,6.79999e+06,1.14976e+07,4.42649e+06,6.79999e+06,1.14972e+07,4.40789e+06,6.79999e+06,1.14969e+07,4.38471e+06,6.79999e+06,1.14965e+07,4.35592e+06,6.79999e+06,1.1496e+07,4.32027e+06,6.79999e+06,1.14955e+07,4.27629e+06,6.79999e+06,1.14949e+07,4.22231e+06,6.79999e+06,1.14942e+07,4.15647e+06,6.79999e+06,1.14934e+07,4.07676e+06,6.79999e+06,1.14926e+07,3.98112e+06,6.79999e+06,1.14916e+07,3.86765e+06,6.79999e+06,1.14905e+07,3.73474e+06,6.79999e+06,1.14892e+07,3.58148e+06,6.79999e+06,1.14878e+07,3.40785e+06,6.79999e+06,1.14862e+07,3.21513e+06,6.79999e+06,1.14844e+07,3.00605e+06,6.79999e+06,1.14823e+07,2.7848e+06,6.79999e+06,1.148e+07,2.5568e+06,6.79999e+06,1.14773e+07,2.32825e+06,6.79999e+06,13.5742,8.52444,0.508366,16.8306,13.2585,0.162638,20.0035,17.569,0.0507846,23.2616,22.4214,0.0158319,26.7328,28.3297,0.00493498,30.5212,35.6974,0.00153831,34.7178,44.9473,0.000479527,39.4086,56.5822,0.000149456,44.6796,71.2245,4.66214e-05,50.6209,89.6543,1.45419e-05,57.3297,112.852,4.54748e-06,64.9129,142.051,1.43857e-06,73.4897,178.803,4.36618e-07,83.1934,225.062,1.40153e-07,94.1745,283.286,4.96378e-08,106.602,356.568,1.05434e-07,120.669,448.799,-6.49244e-08,136.59,564.873,1.70148e-07,154.611,710.948,-5.34594e-08,175.008,894.767,1.63407e-07,198.097,1126.06,8.04804e-08,224.231,1417.07,1.14667e-07,253.813,1783.15,-1.71227e-07,287.297,2243.62,-2.88466e-07,325.198,2822.67,-4.33651e-07,368.098,3550.67,7.9318e-08,416.657,4465.65,3.13319e-07,471.621,5615.16,3.4613e-07,533.835,7058.61,-1.19199e-07,604.255,8870.02,-2.79964e-07,683.962,11141.4,-2.30521e-07,774.182,13986.7,-2.55099e-07,876.299,17546.4,1.23585e-07,991.883,21993.1,1.41192e-07,1122.71,27536.7,-9.71886e-08,1270.78,34430.7,-3.68368e-07,1438.38,42977.7,-3.45379e-07,1628.07,53532.7,-3.25328e-09,1842.77,66504.6,2.6362e-07,2085.77,82350.2,2.53445e-07,2360.79,101560,-2.47407e-08,2672.05,124632,-3.80602e-07,3024.31,152018,-4.79005e-07,3422.98,184060,-1.14379e-07,3874.15,220884,2.64297e-07,4384.72,262283,3.44131e-07,4962.49,307576,7.5349e-08,5616.29,355497,-3.63097e-07,6356.1,404126,-6.05442e-07,7193.18,450932,-2.72333e-07,8140.28,492963,2.29675e-07,9211.79,527178,4.3387e-07,10424,550893,-1.0711e-07,10.102,8.06553,2.81012,10.6436,8.57909,0.869423,11.5336,10.2515,0.270869,12.7211,12.7138,0.0844293,14.1823,15.9373,0.0263173,15.9122,20.0383,0.0082035,17.9198,25.2154,0.00255722,20.2244,31.7373,0.000797017,22.8539,39.9486,0.000248622,25.8438,50.2851,7.75492e-05,29.237,63.2963,2.42508e-05,33.0837,79.6738,7.67162e-06,37.4415,100.288,2.32837e-06,42.3767,126.236,7.33e-07,47.9646,158.896,2.79256e-07,54.2906,200.003,9.87351e-09,61.452,251.741,1.61085e-07,69.5585,316.859,-2.47141e-07,78.7347,398.812,8.93552e-08,89.1218,501.948,-2.53231e-07,100.879,631.736,-1.25047e-07,114.188,795.049,-1.78808e-07,129.252,1000.53,2.6733e-07,146.304,1259.03,4.50292e-07,165.605,1584.19,6.76904e-07,187.452,1993.12,-1.23808e-07,212.181,2507.27,-4.89068e-07,240.173,3153.54,-5.40284e-07,271.856,3965.56,1.86061e-07,307.719,4985.38,4.37004e-07,348.313,6265.4,3.59828e-07,394.26,7870.83,3.98192e-07,446.268,9882.51,-1.92908e-07,505.135,12400.3,-2.20392e-07,571.766,15546.9,1.51705e-07,647.184,19472.2,5.74996e-07,732.547,24357.4,5.39112e-07,829.167,30420,5.07815e-09,938.526,37916.3,-4.11492e-07,1062.3,47143.9,-3.9561e-07,1202.4,58439.2,3.86185e-08,1360.96,72169.3,5.94093e-07,1540.42,88715.8,7.47693e-07,1743.53,108445,1.78537e-07,1973.41,131665,-4.12549e-07,2233.57,158557,-5.37164e-07,2528,189103,-1.17615e-07,2861.2,222986,5.66769e-07,3238.27,259510,9.45053e-07,3664.97,297540,4.25093e-07,4147.81,335497,-3.58506e-07,4694.17,371444,-6.7724e-07,5312.37,403256,1.67192e-07,1.61744,3.89446,9.84394,3.28846,7.5504,12.774,5.07607,11.7187,13.6844,7.03202,16.8147,13.9681,9.20215,23.1769,14.0566,11.6301,31.1672,14.0841,14.3598,41.2186,14.0927,17.4376,53.8688,14.0954,20.9137,69.7915,14.0962,24.8432,89.8341,14.0965,29.2879,115.063,14.0966,34.3168,146.819,14.0966,40.0078,186.792,14.0966,46.4487,237.107,14.0966,53.7388,300.44,14.0966,61.9903,380.158,14.0966,71.3301,480.499,14.0966,81.902,606.796,14.0966,93.8685,765.761,14.0966,107.414,965.837,14.0966,122.746,1217.65,14.0966,140.101,1534.57,14.0966,159.745,1933.41,14.0966,181.981,2435.3,14.0966,207.15,3066.85,14.0966,235.64,3861.46,14.0966,267.889,4861.11,14.0966,304.391,6118.54,14.0966,345.709,7699.91,14.0966,392.478,9688.22,14.0966,445.417,12187.5,14.0966,505.339,15327.7,14.0966,573.165,19271.6,14.0966,649.938,24222,14.0966,736.839,30430.9,14.0966,835.202,38211.5,14.0966,946.539,47950.3,14.0966,1072.56,60122.8,14.0966,1215.21,75309.9,14.0966,1376.66,94216.2,14.0966,1559.41,117688,14.0966,1766.26,146729,14.0966,2000.39,182510,14.0966,2265.39,226372,14.0966,2565.33,279806,14.0966,2904.81,344416,14.0966,3289.05,421845,14.0966,3723.93,513667,14.0966,4216.13,621231,14.0966,4773.18,745478,14.0966,5403.64,886744,14.0966,6117.15,1.04457e+06,14.0966,6924.63,1.2176e+06,14.0966,11.7194,11.96,12.6541,13.9321,16.1295,13.6434,16.6097,21.9702,13.9553,19.7532,29.5285,14.0526,23.3844,39.1143,14.0829,27.5423,51.2054,14.0923,32.2796,66.434,14.0953,37.662,85.6061,14.0962,43.7675,109.74,14.0965,50.687,140.119,14.0966,58.5249,178.359,14.0966,67.4005,226.493,14.0966,77.4493,287.08,14.0966,88.8254,363.343,14.0966,101.703,459.336,14.0966,116.281,580.161,14.0966,132.782,732.241,14.0966,151.46,923.655,14.0966,172.603,1164.57,14.0966,196.535,1467.79,14.0966,223.625,1849.39,14.0966,254.288,2329.62,14.0966,288.997,2933.93,14.0966,328.285,3694.33,14.0966,372.755,4651.04,14.0966,423.092,5854.57,14.0966,480.07,7368.38,14.0966,544.564,9272.08,14.0966,617.566,11665.5,14.0966,700.197,14673.6,14.0966,793.729,18452.9,14.0966,899.599,23198.6,14.0966,1019.43,29154.1,14.0966,1155.07,36622.3,14.0966,1308.6,45977.9,14.0966,1482.39,57683.7,14.0966,1679.09,72307.8,14.0966,1901.73,90542.8,14.0966,2153.73,113226,14.0966,2438.97,141360,14.0966,2761.81,176127,14.0966,3127.22,218898,14.0966,3540.81,271226,14.0966,4008.92,334817,14.0966,4538.74,411470,14.0966,5138.38,502973,14.0966,5817.04,610948,14.0966,6585.12,736653,14.0966,7454.39,880741,14.0966,8438.15,1.04302e+06,14.0966,9551.45,1.22224e+06,14.0966,10811.3,1.41602e+06,14.0966,12237,1.62086e+06,14.0966,11.7194,11.96,12.6541,2.21263,4.16949,0.989383,2.67766,5.84076,0.311842,3.14343,7.55825,0.0972771,3.63127,9.58578,0.0303237,4.15787,12.0912,0.00945211,4.73731,15.2286,0.00294633,5.38238,19.1721,0.000918508,6.10553,24.134,0.000286163,6.91951,30.3791,8.92692e-05,7.83792,38.2397,2.78121e-05,8.87555,48.1338,8.65134e-06,10.0489,60.5876,2.7882e-06,11.3761,76.2629,8.29036e-07,12.8779,95.9927,2.4373e-07,14.5775,120.825,4.33068e-09,16.5012,152.08,1.75749e-07,18.6784,191.415,-1.86328e-07,21.1428,240.917,1.91829e-07,23.9322,303.213,-1.81475e-07,27.0895,381.602,7.0186e-08,30.6634,480.231,-2.86769e-08,34.7087,604.316,2.40784e-07,39.2876,760.401,9.87368e-08,44.4705,956.705,1.22263e-07,50.3371,1203.54,-4.31966e-07,56.9776,1513.81,-1.9705e-07,64.494,1903.69,-2.763e-08,73.0018,2393.4,3.9185e-07,82.6317,3008.13,1.35379e-07,93.5318,3779.25,-4.16351e-08,105.869,4745.7,2.06965e-08,119.834,5955.6,-3.18887e-07,135.641,7468.12,-1.48271e-08,153.531,9355.62,2.00739e-07,173.781,11705.8,2.28358e-07,196.701,14624.1,-1.93587e-08,222.642,18235,-2.88101e-07,252.003,22683.4,-2.24732e-07,285.234,28134,8.56806e-09,322.845,34767,2.34258e-07,365.413,42770.9,2.99668e-07,413.588,52327.9,8.28644e-08,468.111,63591.2,-3.07049e-07,529.814,76653.2,-3.1888e-07,599.642,91502.5,-6.72276e-08,678.662,107975,2.26339e-07,768.083,125705,3.69212e-07,869.267,144088,2.04077e-07,983.76,162277,-2.80509e-07,1113.3,179223,-4.22737e-07,1259.87,193777,-1.71951e-07,1425.68,204839,4.55555e-07,11.7194,11.96,12.6541,2.21263,4.16949,0.989383,2.67766,5.84076,0.311842,3.14343,7.55825,0.0972771,3.63127,9.58578,0.0303237,4.15787,12.0912,0.00945211,4.73731,15.2286,0.00294633,5.38238,19.1721,0.000918508,6.10553,24.134,0.000286163,6.91951,30.3791,8.92692e-05,7.83792,38.2397,2.78121e-05,8.87555,48.1338,8.65134e-06,10.0489,60.5876,2.7882e-06,11.3761,76.2629,8.29036e-07,12.8779,95.9927,2.4373e-07,14.5775,120.825,1e-08,16.5012,152.08,1.75749e-07,18.6784,191.415,1e-08,21.1428,240.917,1.91829e-07,23.9322,303.213,1e-08,27.0895,381.602,7.0186e-08,30.6634,480.231,1e-08,34.7087,604.316,2.40784e-07,39.2876,760.401,9.87368e-08,44.4705,956.705,1.22263e-07,50.3371,1203.54,1e-08,56.9776,1513.81,1e-08,64.494,1903.69,1e-08,73.0018,2393.4,3.9185e-07,82.6317,3008.13,1.35379e-07,93.5318,3779.25,1e-08,105.869,4745.7,2.06965e-08,119.834,5955.6,1e-08,135.641,7468.12,1e-08,153.531,9355.62,2.00739e-07,173.781,11705.8,2.28358e-07,196.701,14624.1,1e-08,222.642,18235,1e-08,252.003,22683.4,1e-08,285.234,28134,1e-08,322.845,34767,2.34258e-07,365.413,42770.9,2.99668e-07,413.588,52327.9,8.28644e-08,468.111,63591.2,1e-08,529.814,76653.2,1e-08,599.642,91502.5,1e-08,678.662,107975,2.26339e-07,768.083,125705,3.69212e-07,869.267,144088,2.04077e-07,983.76,162277,1e-08,1113.3,179223,1e-08,1259.87,193777,1e-08,1425.68,204839,4.55555e-07,6.2823,3.27286,2.43537,0.219672,6.18826,2.24117,0.56371,6.87772,2.63624,0.308279,15,13,17,1,5,1,1,4,1,1,5,0,7,8,0,3,11,0,5,19,0,6,20,0,1,9,0,11,18,0,7,64,0,12,43,0,7,82,0,10,55,0,18,74,0,22,143,0,7,142,0,5,101,0,18,473,0,42,96,0,8,168,0,23,366,0,40,781,0,24,463,0,78,1096,0,33,904,0,29,957,0,128,1873,0,59,1437,0,125,1680,0,86,4346,0,91,2728,0,143,2402,0,92,4793,0,223,4858,0,227,10136,0,297,18832,0,88,25111,0,61,13125,0,354,27085,0,241,26451,0,606,42511,0,349,61062,0,589,40120,0,307,54109,0,423,109060,0,590,139026,0,672,79214,0,847,148653,0,1630,143816,0,1134,121893,0,1233,311440,0,1230,191806,0
-1.05176e+08,1,8.88811e-15,10,1023,0,1.05176e+08,0.528882,1.08665,0.389689,0.145397,0.379329,3.24381,0.161596,0.446195,1.77396,0.159177,1.15e+07,4.49998e+06,6.79999e+06,1.15e+07,4.49997e+06,6.79999e+06,1.15e+07,4.49996e+06,6.79999e+06,1.15e+07,4.49995e+06,6.79999e+06,1.14999e+07,4.49993e+06,6.79999e+06,1.14999e+07,4.49991e+06,6.79999e+06,1.14999e+07,4.49989e+06,6.79999e+06,1.14999e+07,4.49986e+06,6.79999e+06,1.14999e+07,4.49982e+06,6.79999e+06,1.14999e+07,4.49977e+06,6.79999e+06,1.14999e+07,4.49971e+06,6.79999e+06,1.14999e+07,4.49963e+06,6.79999e+06,1.14998e+07,4.49953e+06,6.79999e+06,1.14998e+07,4.49941e+06,6.79999e+06,1.14998e+07,4.49926e+06,6.79999e+06,1.14998e+07,4.49906e+06,6.79999e+06,1.14997e+07,4.49882e+06,6.79999e+06,1.14997e+07,4.49851e+06,6.79999e+06,1.14997e+07,4.49812e+06,6.79999e+06,1.14996e+07,4.49764e+06,6.79999e+06,1.14996e+07,4.49702e+06,6.79999e+06,1.14995e+07,4.49625e+06,6.79999e+06,1.14995e+07,4.49528e+06,6.79999e+06,1.14994e+07,4.49406e+06,6.79999e+06,1.14993e+07,4.49253e+06,6.79999e+06,1.14992e+07,4.49059e+06,6.79999e+06,1.14991e+07,4.48817e+06,6.79999e+06,1.1499e+07,4.48511e+06,6.79999e+06,1.14988e+07,4.48128e+06,6.79999e+06,1.14987e+07,4.47646e+06,6.79999e+06,1.14985e+07,4.47041e+06,6.79999e+06,1.14983e+07,4.46281e+06,6.79999e+06,1.14981e+07,4.4533e+06,6.79999e+06,1.14979e+07,4.44138e+06,6.79999e+06,1.14976e+07,4.42649e+06,6.79999e+06,1.14972e+07,4.40789e+06,6.79999e+06,1.14969e+07,4.38471e+06,6.79999e+06,1.14965e+07,4.35592e+06,6.79999e+06,1.1496e+07,4.32027e+06,6.79999e+06,1.14955e+07,4.27629e+06,6.79999e+06,1.14949e+07,4.22231e+06,6.79999e+06,1.14942e+07,4.15647e+06,6.79999e+06,1.14934e+07,4.07676e+06,6.79999e+06,1.14926e+07,3.98112e+06,6.79999e+06,1.14916e+07,3.86765e+06,6.79999e+06,1.14905e+07,3.73474e+06,6.79999e+06,1.14892e+07,3.58148e+06,6.79999e+06,1.14878e+07,3.40785e+06,6.79999e+06,1.14862e+07,3.21513e+06,6.79999e+06,1.14844e+07,3.00605e+06,6.79999e+06,1.14823e+07,2.7848e+06,6.79999e+06,1.148e+07,2.5568e+06,6.79999e+06,1.14773e+07,2.32825e+06,6.79999e+06,13.5742,8.52444,0.508366,16.8306,13.2585,0.162638,20.0035,17.569,0.0507846,23.2616,22.4214,0.0158319,26.7328,28.3297,0.00493498,30.5212,35.6974,0.00153831,34.7178,44.9473,0.000479527,39.4086,56.5822,0.000149456,44.6796,71.2245,4.66214e-05,50.6209,89.6543,1.45419e-05,57.3297,112.852,4.54748e-06,64.9129,142.051,1.43857e-06,73.4897,178.803,4.36618e-07,83.1934,225.062,1.40153e-07,94.1745,283.286,4.96378e-08,106.602,356.568,1.05434e-07,120.669,448.799,-6.49244e-08,136.59,564.873,1.70148e-07,154.611,710.948,-5.34594e-08,175.008,894.767,1.63407e-07,198.097,1126.06,8.04804e-08,224.231,1417.07,1.14667e-07,253.813,1783.15,-1.71227e-07,287.297,2243.62,-2.88466e-07,325.198,2822.67,-4.33651e-07,368.098,3550.67,7.9318e-08,416.657,4465.65,3.13319e-07,471.621,5615.16,3.4613e-07,533.835,7058.61,-1.19199e-07,604.255,8870.02,-2.79964e-07,683.962,11141.4,-2.30521e-07,774.182,13986.7,-2.55099e-07,876.299,17546.4,1.23585e-07,991.883,21993.1,1.41192e-07,1122.71,27536.7,-9.71886e-08,1270.78,34430.7,-3.68368e-07,1438.38,42977.7,-3.45379e-07,1628.07,53532.7,-3.25328e-09,1842.77,66504.6,2.6362e-07,2085.77,82350.2,2.53445e-07,2360.79,101560,-2.47407e-08,2672.05,124632,-3.80602e-07,3024.31,152018,-4.79005e-07,3422.98,184060,-1.14379e-07,3874.15,220884,2.64297e-07,4384.72,262283,3.44131e-07,4962.49,307576,7.5349e-08,5616.29,355497,-3.63097e-07,6356.1,404126,-6.05442e-07,7193.18,450932,-2.72333e-07,8140.28,492963,2.29675e-07,9211.79,527178,4.3387e-07,10424,550893,-1.0711e-07,10.102,8.06553,2.81012,10.6436,8.57909,0.869423,11.5336,10.2515,0.270869,12.7211,12.7138,0.0844293,14.1823,15.9373,0.0263173,15.9122,20.0383,0.0082035,17.9198,25.2154,0.00255722,20.2244,31.7373,0.000797017,22.8539,39.9486,0.000248622,25.8438,50.2851,7.75492e-05,29.237,63.2963,2.42508e-05,33.0837,79.6738,7.67162e-06,37.4415,100.288,2.32837e-06,42.3767,126.236,7.33e-07,47.9646,158.896,2.79256e-07,54.2906,200.003,9.87351e-09,61.452,251.741,1.61085e-07,69.5585,316.859,-2.47141e-07,78.7347,398.812,8.93552e-08,89.1218,501.948,-2.53231e-07,100.879,631.736,-1.25047e-07,114.188,795.049,-1.78808e-07,129.252,1000.53,2.6733e-07,146.304,1259.03,4.50292e-07,165.605,1584.19,6.76904e-07,187.452,1993.12,-1.23808e-07,212.181,2507.27,-4.89068e-07,240.173,3153.54,-5.40284e-07,271.856,3965.56,1.86061e-07,307.719,4985.38,4.37004e-07,348.313,6265.4,3.59828e-07,394.26,7870.83,3.98192e-07,446.268,9882.51,-1.92908e-07,505.135,12400.3,-2.20392e-07,571.766,15546.9,1.51705e-07,647.184,19472.2,5.74996e-07,732.547,24357.4,5.39112e-07,829.167,30420,5.07815e-09,938.526,37916.3,-4.11492e-07,1062.3,47143.9,-3.9561e-07,1202.4,58439.2,3.86185e-08,1360.96,72169.3,5.94093e-07,1540.42,88715.8,7.47693e-07,1743.53,108445,1.78537e-07,1973.41,131665,-4.12549e-07,2233.57,158557,-5.37164e-07,2528,189103,-1.17615e-07,2861.2,222986,5.66769e-07,3238.27,259510,9.45053e-07,3664.97,297540,4.25093e-07,4147.81,335497,-3.58506e-07,4694.17,371444,-6.7724e-07,5312.37,403256,1.67192e-07,1.61744,3.89446,9.84394,3.28846,7.5504,12.774,5.07607,11.7187,13.6844,7.03202,16.8147,13.9681,9.20215,23.1769,14.0566,11.6301,31.1672,14.0841,14.3598,41.2186,14.0927,17.4376,53.8688,14.0954,20.9137,69.7915,14.0962,24.8432,89.8341,14.0965,29.2879,115.063,14.0966,34.3168,146.819,14.0966,40.0078,186.792,14.0966,46.4487,237.107,14.0966,53.7388,300.44,14.0966,61.9903,380.158,14.0966,71.3301,480.499,14.0966,81.902,606.796,14.0966,93.8685,765.761,14.0966,107.414,965.837,14.0966,122.746,1217.65,14.0966,140.101,1534.57,14.0966,159.745,1933.41,14.0966,181.981,2435.3,14.0966,207.15,3066.85,14.0966,235.64,3861.46,14.0966,267.889,4861.11,14.0966,304.391,6118.54,14.0966,345.709,7699.91,14.0966,392.478,9688.22,14.0966,445.417,12187.5,14.0966,505.339,15327.7,14.0966,573.165,19271.6,14.0966,649.938,24222,14.0966,736.839,30430.9,14.0966,835.202,38211.5,14.0966,946.539,47950.3,14.0966,1072.56,60122.8,14.0966,1215.21,75309.9,14.0966,1376.66,94216.2,14.0966,1559.41,117688,14.0966,1766.26,146729,14.0966,2000.39,182510,14.0966,2265.39,226372,14.0966,2565.33,279806,14.0966,2904.81,344416,14.0966,3289.05,421845,14.0966,3723.93,513667,14.0966,4216.13,621231,14.0966,4773.18,745478,14.0966,5403.64,886744,14.0966,6117.15,1.04457e+06,14.0966,6924.63,1.2176e+06,14.0966,11.7194,11.96,12.6541,13.9321,16.1295,13.6434,16.6097,21.9702,13.9553,19.7532,29.5285,14.0526,23.3844,39.1143,14.0829,27.5423,51.2054,14.0923,32.2796,66.434,14.0953,37.662,85.6061,14.0962,43.7675,109.74,14.0965,50.687,140.119,14.0966,58.5249,178.359,14.0966,67.4005,226.493,14.0966,77.4493,287.08,14.0966,88.8254,363.343,14.0966,101.703,459.336,14.0966,116.281,580.161,14.0966,132.782,732.241,14.0966,151.46,923.655,14.0966,172.603,1164.57,14.0966,196.535,1467.79,14.0966,223.625,1849.39,14.0966,254.288,2329.62,14.0966,288.997,2933.93,14.0966,328.285,3694.33,14.0966,372.755,4651.04,14.0966,423.092,5854.57,14.0966,480.07,7368.38,14.0966,544.564,9272.08,14.0966,617.566,11665.5,14.0966,700.197,14673.6,14.0966,793.729,18452.9,14.0966,899.599,23198.6,14.0966,1019.43,29154.1,14.0966,1155.07,36622.3,14.0966,1308.6,45977.9,14.0966,1482.39,57683.7,14.0966,1679.09,72307.8,14.0966,1901.73,90542.8,14.0966,2153.73,113226,14.0966,2438.97,141360,14.0966,2761.81,176127,14.0966,3127.22,218898,14.0966,3540.81,271226,14.0966,4008.92,334817,14.0966,4538.74,411470,14.0966,5138.38,502973,14.0966,5817.04,610948,14.0966,6585.12,736653,14.0966,7454.39,880741,14.0966,8438.15,1.04302e+06,14.0966,9551.45,1.22224e+06,14.0966,10811.3,1.41602e+06,14.0966,12237,1.62086e+06,14.0966,11.7194,11.96,12.6541,2.21263,4.16949,0.989383,2.67766,5.84076,0.311842,3.14343,7.55825,0.0972771,3.63127,9.58578,0.0303237,4.15787,12.0912,0.00945211,4.73731,15.2286,0.00294633,5.38238,19.1721,0.000918508,6.10553,24.134,0.000286163,6.91951,30.3791,8.92692e-05,7.83792,38.2397,2.78121e-05,8.87555,48.1338,8.65134e-06,10.0489,60.5876,2.7882e-06,11.3761,76.2629,8.29036e-07,12.8779,95.9927,2.4373e-07,14.5775,120.825,4.33068e-09,16.5012,152.08,1.75749e-07,18.6784,191.415,-1.86328e-07,21.1428,240.917,1.91829e-07,23.9322,303.213,-1.81475e-07,27.0895,381.602,7.0186e-08,30.6634,480.231,-2.86769e-08,34.7087,604.316,2.40784e-07,39.2876,760.401,9.87368e-08,44.4705,956.705,1.22263e-07,50.3371,1203.54,-4.31966e-07,56.9776,1513.81,-1.9705e-07,64.494,1903.69,-2.763e-08,73.0018,2393.4,3.9185e-07,82.6317,3008.13,1.35379e-07,93.5318,3779.25,-4.16351e-08,105.869,4745.7,2.06965e-08,119.834,5955.6,-3.18887e-07,135.641,7468.12,-1.48271e-08,153.531,9355.62,2.00739e-07,173.781,11705.8,2.28358e-07,196.701,14624.1,-1.93587e-08,222.642,18235,-2.88101e-07,252.003,22683.4,-2.24732e-07,285.234,28134,8.56806e-09,322.845,34767,2.34258e-07,365.413,42770.9,2.99668e-07,413.588,52327.9,8.28644e-08,468.111,63591.2,-3.07049e-07,529.814,76653.2,-3.1888e-07,599.642,91502.5,-6.72276e-08,678.662,107975,2.26339e-07,768.083,125705,3.69212e-07,869.267,144088,2.04077e-07,983.76,162277,-2.80509e-07,1113.3,179223,-4.22737e-07,1259.87,193777,-1.71951e-07,1425.68,204839,4.55555e-07,11.7194,11.96,12.6541,2.21263,4.16949,0.989383,2.67766,5.84076,0.311842,3.14343,7.55825,0.0972771,3.63127,9.58578,0.0303237,4.15787,12.0912,0.00945211,4.73731,15.2286,0.00294633,5.38238,19.1721,0.000918508,6.10553,24.134,0.000286163,6.91951,30.3791,8.92692e-05,7.83792,38.2397,2.78121e-05,8.87555,48.1338,8.65134e-06,10.0489,60.5876,2.7882e-06,11.3761,76.2629,8.29036e-07,12.8779,95.9927,2.4373e-07,14.5775,120.825,1e-08,16.5012,152.08,1.75749e-07,18.6784,191.415,1e-08,21.1428,240.917,1.91829e-07,23.9322,303.213,1e-08,27.0895,381.602,7.0186e-08,30.6634,480.231,1e-08,34.7087,604.316,2.40784e-07,39.2876,760.401,9.87368e-08,44.4705,956.705,1.22263e-07,50.3371,1203.54,1e-08,56.9776,1513.81,1e-08,64.494,1903.69,1e-08,73.0018,2393.4,3.9185e-07,82.6317,3008.13,1.35379e-07,93.5318,3779.25,1e-08,105.869,4745.7,2.06965e-08,119.834,5955.6,1e-08,135.641,7468.12,1e-08,153.531,9355.62,2.00739e-07,173.781,11705.8,2.28358e-07,196.701,14624.1,1e-08,222.642,18235,1e-08,252.003,22683.4,1e-08,285.234,28134,1e-08,322.845,34767,2.34258e-07,365.413,42770.9,2.99668e-07,413.588,52327.9,8.28644e-08,468.111,63591.2,1e-08,529.814,76653.2,1e-08,599.642,91502.5,1e-08,678.662,107975,2.26339e-07,768.083,125705,3.69212e-07,869.267,144088,2.04077e-07,983.76,162277,1e-08,1113.3,179223,1e-08,1259.87,193777,1e-08,1425.68,204839,4.55555e-07,6.2823,3.27286,2.43537,0.219672,6.18826,2.24117,0.56371,6.87772,2.63624,0.308279,10,10,18,1,3,1,0,4,1,2,3,0,5,10,0,2,11,0,3,10,0,1,23,0,4,16,0,7,36,0,13,29,0,11,45,0,8,61,0,16,38,0,7,53,0,12,90,0,9,116,0,7,155,0,3,276,0,26,417,0,25,287,0,26,576,0,23,894,0,15,782,0,44,620,0,30,1200,0,75,2237,0,66,2896,0,56,2727,0,102,1350,0,119,3384,0,117,4705,0,179,1764,0,302,5907,0,218,12863,0,190,16213,0,260,8853,0,125,11312,0,280,23352,0,186,18902,0,180,39357,0,527,59950,0,154,36571,0,925,51338,0,350,74259,0,481,110793,0,572,67009,0,1118,155102,0,936,148754,0,1061,177800,0,836,78641,0,1017,97401,0,1492,156323,0
-1.05176e+08,1,8.88811e-15,10,1023,0,1.05176e+08,0.528882,1.08665,0.389689,0.145397,0.379329,3.24381,0.161596,0.446195,1.77396,0.159177,1.15e+07,4.49998e+06,6.79999e+06,1.15e+07,4.49997e+06,6.79999e+06,1.15e+07,4.49996e+06,6.79999e+06,1.15e+07,4.49995e+06,6.79999e+06,1.14999e+07,4.49993e+06,6.79999e+06,1.14999e+07,4.49991e+06,6.79999e+06,1.14999e+07,4.49989e+06,6.79999e+06,1.14999e+07,4.49986e+06,6.79999e+06,1.14999e+07,4.49982e+06,6.79999e+06,1.14999e+07,4.49977e+06,6.79999e+06,1.14999e+07,4.49971e+06,6.79999e+06,1.14999e+07,4.49963e+06,6.79999e+06,1.14998e+07,4.49953e+06,6.79999e+06,1.14998e+07,4.49941e+06,6.79999e+06,1.14998e+07,4.49926e+06,6.79999e+06,1.14998e+07,4.49906e+06,6.79999e+06,1.14997e+07,4.49882e+06,6.79999e+06,1.14997e+07,4.49851e+06,6.79999e+06,1.14997e+07,4.49812e+06,6.79999e+06,1.14996e+07,4.49764e+06,6.79999e+06,1.14996e+07,4.49702e+06,6.79999e+06,1.14995e+07,4.49625e+06,6.79999e+06,1.14995e+07,4.49528e+06,6.79999e+06,1.14994e+07,4.49406e+06,6.79999e+06,1.14993e+07,4.49253e+06,6.79999e+06,1.14992e+07,4.49059e+06,6.79999e+06,1.14991e+07,4.48817e+06,6.79999e+06,1.1499e+07,4.48511e+06,6.79999e+06,1.14988e+07,4.48128e+06,6.79999e+06,1.14987e+07,4.47646e+06,6.79999e+06,1.14985e+07,4.47041e+06,6.79999e+06,1.14983e+07,4.46281e+06,6.79999e+06,1.14981e+07,4.4533e+06,6.79999e+06,1.14979e+07,4.44138e+06,6.79999e+06,1.14976e+07,4.42649e+06,6.79999e+06,1.14972e+07,4.40789e+06,6.79999e+06,1.14969e+07,4.38471e+06,6.79999e+06,1.14965e+07,4.35592e+06,6.79999e+06,1.1496e+07,4.32027e+06,6.79999e+06,1.14955e+07,4.27629e+06,6.79999e+06,1.14949e+07,4.22231e+06,6.79999e+06,1.14942e+07,4.15647e+06,6.79999e+06,1.14934e+07,4.07676e+06,6.79999e+06,1.14926e+07,3.98112e+06,6.79999e+06,1.14916e+07,3.86765e+06,6.79999e+06,1.14905e+07,3.73474e+06,6.79999e+06,1.14892e+07,3.58148e+06,6.79999e+06,1.14878e+07,3.40785e+06,6.79999e+06,1.14862e+07,3.21513e+06,6.79999e+06,1.14844e+07,3.00605e+06,6.79999e+06,1.14823e+07,2.7848e+06,6.79999e+06,1.148e+07,2.5568e+06,6.79999e+06,1.14773e+07,2.32825e+06,6.79999e+06,13.5742,8.52444,0.508366,16.8306,13.2585,0.162638,20.0035,17.569,0.0507846,23.2616,22.4214,0.0158319,26.7328,28.3297,0.00493498,30.5212,35.6974,0.00153831,34.7178,44.9473,0.000479527,39.4086,56.5822,0.000149456,44.6796,71.2245,4.66214e-05,50.6209,89.6543,1.45419e-05,57.3297,112.852,4.54748e-06,64.9129,142.051,1.43857e-06,73.4897,178.803,4.36618e-07,83.1934,225.062,1.40153e-07,94.1745,283.286,4.96378e-08,106.602,356.568,1.05434e-07,120.669,448.799,-6.49244e-08,136.59,564.873,1.70148e-07,154.611,710.948,-5.34594e-08,175.008,894.767,1.63407e-07,198.097,1126.06,8.04804e-08,224.231,1417.07,1.14667e-07,253.813,1783.15,-1.71227e-07,287.297,2243.62,-2.88466e-07,325.198,2822.67,-4.33651e-07,368.098,3550.67,7.9318e-08,416.657,4465.65,3.13319e-07,471.621,5615.16,3.4613e-07,533.835,7058.61,-1.19199e-07,604.255,8870.02,-2.79964e-07,683.962,11141.4,-2.30521e-07,774.182,13986.7,-2.55099e-07,876.299,17546.4,1.23585e-07,991.883,21993.1,1.41192e-07,1122.71,27536.7,-9.71886e-08,1270.78,34430.7,-3.68368e-07,1438.38,42977.7,-3.45379e-07,1628.07,53532.7,-3.25328e-09,1842.77,66504.6,2.6362e-07,2085.77,82350.2,2.53445e-07,2360.79,101560,-2.47407e-08,2672.05,124632,-3.80602e-07,3024.31,152018,-4.79005e-07,3422.98,184060,-1.14379e-07,3874.15,220884,2.64297e-07,4384.72,262283,3.44131e-07,4962.49,307576,7.5349e-08,5616.29,355497,-3.63097e-07,6356.1,404126,-6.05442e-07,7193.18,450932,-2.72333e-07,8140.28,492963,2.29675e-07,9211.79,527178,4.3387e-07,10424,550893,-1.0711e-07,10.102,8.06553,2.81012,10.6436,8.57909,0.869423,11.5336,10.2515,0.270869,12.7211,12.7138,0.0844293,14.1823,15.9373,0.0263173,15.9122,20.0383,0.0082035,17.9198,25.2154,0.00255722,20.2244,31.7373,0.000797017,22.8539,39.9486,0.000248622,25.8438,50.2851,7.75492e-05,29.237,63.2963,2.42508e-05,33.0837,79.6738,7.67162e-06,37.4415,100.288,2.32837e-06,42.3767,126.236,7.33e-07,47.9646,158.896,2.79256e-07,54.2906,200.003,9.87351e-09,61.452,251.741,1.61085e-07,69.5585,316.859,-2.47141e-07,78.7347,398.812,8.93552e-08,89.1218,501.948,-2.53231e-07,100.879,631.736,-1.25047e-07,114.188,795.049,-1.78808e-07,129.252,1000.53,2.6733e-07,146.304,1259.03,4.50292e-07,165.605,1584.19,6.76904e-07,187.452,1993.12,-1.23808e-07,212.181,2507.27,-4.89068e-07,240.173,3153.54,-5.40284e-07,271.856,3965.56,1.86061e-07,307.719,4985.38,4.37004e-07,348.313,6265.4,3.59828e-07,394.26,7870.83,3.98192e-07,446.268,9882.51,-1.92908e-07,505.135,12400.3,-2.20392e-07,571.766,15546.9,1.51705e-07,647.184,19472.2,5.74996e-07,732.547,24357.4,5.39112e-07,829.167,30420,5.07815e-09,938.526,37916.3,-4.11492e-07,1062.3,47143.9,-3.9561e-07,1202.4,58439.2,3.86185e-08,1360.96,72169.3,5.94093e-07,1540.42,88715.8,7.47693e-07,1743.53,108445,1.78537e-07,1973.41,131665,-4.12549e-07,2233.57,158557,-5.37164e-07,2528,189103,-1.17615e-07,2861.2,222986,5.66769e-07,3238.27,259510,9.45053e-07,3664.97,297540,4.25093e-07,4147.81,335497,-3.58506e-07,4694.17,371444,-6.7724e-07,5312.37,403256,1.67192e-07,1.61744,3.89446,9.84394,3.28846,7.5504,12.774,5.07607,11.7187,13.6844,7.03202,16.8147,13.9681,9.20215,23.1769,14.0566,11.6301,31.1672,14.0841,14.3598,41.2186,14.0927,17.4376,53.8688,14.0954,20.9137,69.7915,14.0962,24.8432,89.8341,14.0965,29.2879,115.063,14.0966,34.3168,146.819,14.0966,40.0078,186.792,14.0966,46.4487,237.107,14.0966,53.7388,300.44,14.0966,61.9903,380.158,14.0966,71.3301,480.499,14.0966,81.902,606.796,14.0966,93.8685,765.761,14.0966,107.414,965.837,14.0966,122.746,1217.65,14.0966,140.101,1534.57,14.0966,159.745,1933.41,14.0966,181.981,2435.3,14.0966,207.15,3066.85,14.0966,235.64,3861.46,14.0966,267.889,4861.11,14.0966,304.391,6118.54,14.0966,345.709,7699.91,14.0966,392.478,9688.22,14.0966,445.417,12187.5,14.0966,505.339,15327.7,14.0966,573.165,19271.6,14.0966,649.938,24222,14.0966,736.839,30430.9,14.0966,835.202,38211.5,14.0966,946.539,47950.3,14.0966,1072.56,60122.8,14.0966,1215.21,75309.9,14.0966,1376.66,94216.2,14.0966,1559.41,117688,14.0966,1766.26,146729,14.0966,2000.39,182510,14.0966,2265.39,226372,14.0966,2565.33,279806,14.0966,2904.81,344416,14.0966,3289.05,421845,14.0966,3723.93,513667,14.0966,4216.13,621231,14.0966,4773.18,745478,14.0966,5403.64,886744,14.0966,6117.15,1.04457e+06,14.0966,6924.63,1.2176e+06,14.0966,11.7194,11.96,12.6541,13.9321,16.1295,13.6434,16.6097,21.9702,13.9553,19.7532,29.5285,14.0526,23.3844,39.1143,14.0829,27.5423,51.2054,14.0923,32.2796,66.434,14.0953,37.662,85.6061,14.0962,43.7675,109.74,14.0965,50.687,140.119,14.0966,58.5249,178.359,14.0966,67.4005,226.493,14.0966,77.4493,287.08,14.0966,88.8254,363.343,14.0966,101.703,459.336,14.0966,116.281,580.161,14.0966,132.782,732.241,14.0966,151.46,923.655,14.0966,172.603,1164.57,14.0966,196.535,1467.79,14.0966,223.625,1849.39,14.0966,254.288,2329.62,14.0966,288.997,2933.93,14.0966,328.285,3694.33,14.0966,372.755,4651.04,14.0966,423.092,5854.57,14.0966,480.07,7368.38,14.0966,544.564,9272.08,14.0966,617.566,11665.5,14.0966,700.197,14673.6,14.0966,793.729,18452.9,14.0966,899.599,23198.6,14.0966,1019.43,29154.1,14.0966,1155.07,36622.3,14.0966,1308.6,45977.9,14.0966,1482.39,57683.7,14.0966,1679.09,72307.8,14.0966,1901.73,90542.8,14.0966,2153.73,113226,14.0966,2438.97,141360,14.0966,2761.81,176127,14.0966,3127.22,218898,14.0966,3540.81,271226,14.0966,4008.92,334817,14.0966,4538.74,411470,14.0966,5138.38,502973,14.0966,5817.04,610948,14.0966,6585.12,736653,14.0966,7454.39,880741,14.0966,8438.15,1.04302e+06,14.0966,9551.45,1.22224e+06,14.0966,10811.3,1.41602e+06,14.0966,12237,1.62086e+06,14.0966,11.7194,11.96,12.6541,2.21263,4.16949,0.989383,2.67766,5.84076,0.311842,3.14343,7.55825,0.0972771,3.63127,9.58578,0.0303237,4.15787,12.0912,0.00945211,4.73731,15.2286,0.00294633,5.38238,19.1721,0.000918508,6.10553,24.134,0.000286163,6.91951,30.3791,8.92692e-05,7.83792,38.2397,2.78121e-05,8.87555,48.1338,8.65134e-06,10.0489,60.5876,2.7882e-06,11.3761,76.2629,8.29036e-07,12.8779,95.9927,2.4373e-07,14.5775,120.825,4.33068e-09,16.5012,152.08,1.75749e-07,18.6784,191.415,-1.86328e-07,21.1428,240.917,1.91829e-07,23.9322,303.213,-1.81475e-07,27.0895,381.602,7.0186e-08,30.6634,480.231,-2.86769e-08,34.7087,604.316,2.40784e-07,39.2876,760.401,9.87368e-08,44.4705,956.705,1.22263e-07,50.3371,1203.54,-4.31966e-07,56.9776,1513.81,-1.9705e-07,64.494,1903.69,-2.763e-08,73.0018,2393.4,3.9185e-07,82.6317,3008.13,1.35379e-07,93.5318,3779.25,-4.16351e-08,105.869,4745.7,2.06965e-08,119.834,5955.6,-3.18887e-07,135.641,7468.12,-1.48271e-08,153.531,9355.62,2.00739e-07,173.781,11705.8,2.28358e-07,196.701,14624.1,-1.93587e-08,222.642,18235,-2.88101e-07,252.003,22683.4,-2.24732e-07,285.234,28134,8.56806e-09,322.845,34767,2.34258e-07,365.413,42770.9,2.99668e-07,413.588,52327.9,8.28644e-08,468.111,63591.2,-3.07049e-07,529.814,76653.2,-3.1888e-07,599.642,91502.5,-6.72276e-08,678.662,107975,2.26339e-07,768.083,125705,3.69212e-07,869.267,144088,2.04077e-07,983.76,162277,-2.80509e-07,1113.3,179223,-4.22737e-07,1259.87,193777,-1.71951e-07,1425.68,204839,4.55555e-07,11.7194,11.96,12.6541,2.21263,4.16949,0.989383,2.67766,5.84076,0.311842,3.14343,7.55825,0.0972771,3.63127,9.58578,0.0303237,4.15787,12.0912,0.00945211,4.73731,15.2286,0.00294633,5.38238,19.1721,0.000918508,6.10553,24.134,0.000286163,6.91951,30.3791,8.92692e-05,7.83792,38.2397,2.78121e-05,8.87555,48.1338,8.65134e-06,10.0489,60.5876,2.7882e-06,11.3761,76.2629,8.29036e-07,12.8779,95.9927,2.4373e-07,14.5775,120.825,1e-08,16.5012,152.08,1.75749e-07,18.6784,191.415,1e-08,21.1428,240.917,1.91829e-07,23.9322,303.213,1e-08,27.0895,381.602,7.0186e-08,30.6634,480.231,1e-08,34.7087,604.316,2.40784e-07,39.2876,760.401,9.87368e-08,44.4705,956.705,1.22263e-07,50.3371,1203.54,1e-08,56.9776,1513.81,1e-08,64.494,1903.69,1e-08,73.0018,2393.4,3.9185e-07,82.6317,3008.13,1.35379e-07,93.5318,3779.25,1e-08,105.869,4745.7,2.06965e-08,119.834,5955.6,1e-08,135.641,7468.12,1e-08,153.531,9355.62,2.00739e-07,173.781,11705.8,2.28358e-07,196.701,14624.1,1e-08,222.642,18235,1e-08,252.003,22683.4,1e-08,285.234,28134,1e-08,322.845,34767,2.34258e-07,365.413,42770.9,2.99668e-07,413.588,52327.9,8.28644e-08,468.111,63591.2,1e-08,529.814,76653.2,1e-08,599.642,91502.5,1e-08,678.662,107975,2.26339e-07,768.083,125705,3.69212e-07,869.267,144088,2.04077e-07,983.76,162277,1e-08,1113.3,179223,1e-08,1259.87,193777,1e-08,1425.68,204839,4.55555e-07,6.2823,3.27286,2.43537,0.219672,6.18826,2.24117,0.56371,6.87772,2.63624,0.308279,10,12,12,0,2,1,1,2,1,3,9,0,2,8,0,4,8,0,2,10,0,6,10,0,10,49,0,11,33,0,7,33,0,11,38,0,13,55,0,8,115,0,5,87,0,10,198,0,20,89,0,20,260,0,12,92,0,28,128,0,21,521,0,44,495,0,31,483,0,37,837,0,30,1398,0,49,483,0,43,600,0,88,1990,0,59,3352,0,108,2036,0,90,3074,0,95,5566,0,102,6270,0,90,6385,0,141,5753,0,206,16796,0,314,16411,0,301,26262,0,410,12458,0,130,22611,0,249,41102,0,372,50715,0,220,67855,0,507,39433,0,424,75278,0,970,142304,0,207,131493,0,794,100953,0,1172,164385,0,1241,113851,0,1674,176159,0,1014,138740,0,2169,251930,0
-1.05176e+08,1,8.88811e-15,10,1023,0,1.05176e+08,0.528882,1.08665,0.389689,0.145397,0.379329,3.24381,0.161596,0.446195,1.77396,0.159177,1.15e+07,4.49998e+06,6.79999e+06,1.15e+07,4.49997e+06,6.79999e+06,1.15e+07,4.49996e+06,6.79999e+06,1.15e+07,4.49995e+06,6.79999e+06,1.14999e+07,4.49993e+06,6.79999e+06,1.14999e+07,4.49991e+06,6.79999e+06,1.14999e+07,4.49989e+06,6.79999e+06,1.14999e+07,4.49986e+06,6.79999e+06,1.14999e+07,4.49982e+06,6.79999e+06,1.14999e+07,4.49977e+06,6.79999e+06,1.14999e+07,4.49971e+06,6.79999e+06,1.14999e+07,4.49963e+06,6.79999e+06,1.14998e+07,4.49953e+06,6.79999e+06,1.14998e+07,4.49941e+06,6.79999e+06,1.14998e+07,4.49926e+06,6.79999e+06,1.14998e+07,4.49906e+06,6.79999e+06,1.14997e+07,4.49882e+06,6.79999e+06,1.14997e+07,4.49851e+06,6.79999e+06,1.14997e+07,4.49812e+06,6.79999e+06,1.14996e+07,4.49764e+06,6.79999e+06,1.14996e+07,4.49702e+06,6.79999e+06,1.14995e+07,4.49625e+06,6.79999e+06,1.14995e+07,4.49528e+06,6.79999e+06,1.14994e+07,4.49406e+06,6.79999e+06,1.14993e+07,4.49253e+06,6.79999e+06,1.14992e+07,4.49059e+06,6.79999e+06,1.14991e+07,4.48817e+06,6.79999e+06,1.1499e+07,4.48511e+06,6.79999e+06,1.14988e+07,4.48128e+06,6.79999e+06,1.14987e+07,4.47646e+06,6.79999e+06,1.14985e+07,4.47041e+06,6.79999e+06,1.14983e+07,4.46281e+06,6.79999e+06,1.14981e+07,4.4533e+06,6.79999e+06,1.14979e+07,4.44138e+06,6.79999e+06,1.14976e+07,4.42649e+06,6.79999e+06,1.14972e+07,4.40789e+06,6.79999e+06,1.14969e+07,4.38471e+06,6.79999e+06,1.14965e+07,4.35592e+06,6.79999e+06,1.1496e+07,4.32027e+06,6.79999e+06,1.14955e+07,4.27629e+06,6.79999e+06,1.14949e+07,4.22231e+06,6.79999e+06,1.14942e+07,4.15647e+06,6.79999e+06,1.14934e+07,4.07676e+06,6.79999e+06,1.14926e+07,3.98112e+06,6.79999e+06,1.14916e+07,3.86765e+06,6.79999e+06,1.14905e+07,3.73474e+06,6.79999e+06,1.14892e+07,3.58148e+06,6.79999e+06,1.14878e+07,3.40785e+06,6.79999e+06,1.14862e+07,3.21513e+06,6.79999e+06,1.14844e+07,3.00605e+06,6.79999e+06,1.14823e+07,2.7848e+06,6.79999e+06,1.148e+07,2.5568e+06,6.79999e+06,1.14773e+07,2.32825e+06,6.79999e+06,13.5742,8.52444,0.508366,16.8306,13.2585,0.162638,20.0035,17.569,0.0507846,23.2616,22.4214,0.0158319,26.7328,28.3297,0.00493498,30.5212,35.6974,0.00153831,34.7178,44.9473,0.000479527,39.4086,56.5822,0.000149456,44.6796,71.2245,4.66214e-05,50.6209,89.6543,1.45419e-05,57.3297,112.852,4.54748e-06,64.9129,142.051,1.43857e-06,73.4897,178.803,4.36618e-07,83.1934,225.062,1.40153e-07,94.1745,283.286,4.96378e-08,106.602,356.568,1.05434e-07,120.669,448.799,-6.49244e-08,136.59,564.873,1.70148e-07,154.611,710.948,-5.34594e-08,175.008,894.767,1.63407e-07,198.097,1126.06,8.04804e-08,224.231,1417.07,1.14667e-07,253.813,1783.15,-1.71227e-07,287.297,2243.62,-2.88466e-07,325.198,2822.67,-4.33651e-07,368.098,3550.67,7.9318e-08,416.657,4465.65,3.13319e-07,471.621,5615.16,3.4613e-07,533.835,7058.61,-1.19199e-07,604.255,8870.02,-2.79964e-07,683.962,11141.4,-2.30521e-07,774.182,13986.7,-2.55099e-07,876.299,17546.4,1.23585e-07,991.883,21993.1,1.41192e-07,1122.71,27536.7,-9.71886e-08,1270.78,34430.7,-3.68368e-07,1438.38,42977.7,-3.45379e-07,1628.07,53532.7,-3.25328e-09,1842.77,66504.6,2.6362e-07,2085.77,82350.2,2.53445e-07,2360.79,101560,-2.47407e-08,2672.05,124632,-3.80602e-07,3024.31,152018,-4.79005e-07,3422.98,184060,-1.14379e-07,3874.15,220884,2.64297e-07,4384.72,262283,3.44131e-07,4962.49,307576,7.5349e-08,5616.29,355497,-3.63097e-07,6356.1,404126,-6.05442e-07,7193.18,450932,-2.72333e-07,8140.28,492963,2.29675e-07,9211.79,527178,4.3387e-07,10424,550893,-1.0711e-07,10.102,8.06553,2.81012,10.6436,8.57909,0.869423,11.5336,10.2515,0.270869,12.7211,12.7138,0.0844293,14.1823,15.9373,0.0263173,15.9122,20.0383,0.0082035,17.9198,25.2154,0.00255722,20.2244,31.7373,0.000797017,22.8539,39.9486,0.000248622,25.8438,50.2851,7.75492e-05,29.237,63.2963,2.42508e-05,33.0837,79.6738,7.67162e-06,37.4415,100.288,2.32837e-06,42.3767,126.236,7.33e-07,47.9646,158.896,2.79256e-07,54.2906,200.003,9.87351e-09,61.452,251.741,1.61085e-07,69.5585,316.859,-2.47141e-07,78.7347,398.812,8.93552e-08,89.1218,501.948,-2.53231e-07,100.879,631.736,-1.25047e-07,114.188,795.049,-1.78808e-07,129.252,1000.53,2.6733e-07,146.304,1259.03,4.50292e-07,165.605,1584.19,6.76904e-07,187.452,1993.12,-1.23808e-07,212.181,2507.27,-4.89068e-07,240.173,3153.54,-5.40284e-07,271.856,3965.56,1.86061e-07,307.719,4985.38,4.37004e-07,348.313,6265.4,3.59828e-07,394.26,7870.83,3.98192e-07,446.268,9882.51,-1.92908e-07,505.135,12400.3,-2.20392e-07,571.766,15546.9,1.51705e-07,647.184,19472.2,5.74996e-07,732.547,24357.4,5.39112e-07,829.167,30420,5.07815e-09,938.526,37916.3,-4.11492e-07,1062.3,47143.9,-3.9561e-07,1202.4,58439.2,3.86185e-08,1360.96,72169.3,5.94093e-07,1540.42,88715.8,7.47693e-07,1743.53,108445,1.78537e-07,1973.41,131665,-4.12549e-07,2233.57,158557,-5.37164e-07,2528,189103,-1.17615e-07,2861.2,222986,5.66769e-07,3238.27,259510,9.45053e-07,3664.97,297540,4.25093e-07,4147.81,335497,-3.58506e-07,4694.17,371444,-6.7724e-07,5312.37,403256,1.67192e-07,1.61744,3.89446,9.84394,3.28846,7.5504,12.774,5.07607,11.7187,13.6844,7.03202,16.8147,13.9681,9.20215,23.1769,14.0566,11.6301,31.1672,14.0841,14.3598,41.2186,14.0927,17.4376,53.8688,14.0954,20.9137,69.7915,14.0962,24.8432,89.8341,14.0965,29.2879,115.063,14.0966,34.3168,146.819,14.0966,40.0078,186.792,14.0966,46.4487,237.107,14.0966,53.7388,300.44,14.0966,61.9903,380.158,14.0966,71.3301,480.499,14.0966,81.902,606.796,14.0966,93.8685,765.761,14.0966,107.414,965.837,14.0966,122.746,1217.65,14.0966,140.101,1534.57,14.0966,159.745,1933.41,14.0966,181.981,2435.3,14.0966,207.15,3066.85,14.0966,235.64,3861.46,14.0966,267.889,4861.11,14.0966,304.391,6118.54,14.0966,345.709,7699.91,14.0966,392.478,9688.22,14.0966,445.417,12187.5,14.0966,505.339,15327.7,14.0966,573.165,19271.6,14.0966,649.938,24222,14.0966,736.839,30430.9,14.0966,835.202,38211.5,14.0966,946.539,47950.3,14.0966,1072.56,60122.8,14.0966,1215.21,75309.9,14.0966,1376.66,94216.2,14.0966,1559.41,117688,14.0966,1766.26,146729,14.0966,2000.39,182510,14.0966,2265.39,226372,14.0966,2565.33,279806,14.0966,2904.81,344416,14.0966,3289.05,421845,14.0966,3723.93,513667,14.0966,4216.13,621231,14.0966,4773.18,745478,14.0966,5403.64,886744,14.0966,6117.15,1.04457e+06,14.0966,6924.63,1.2176e+06,14.0966,11.7194,11.96,12.6541,13.9321,16.1295,13.6434,16.6097,21.9702,13.9553,19.7532,29.5285,14.0526,23.3844,39.1143,14.0829,27.5423,51.2054,14.0923,32.2796,66.434,14.0953,37.662,85.6061,14.0962,43.7675,109.74,14.0965,50.687,140.119,14.0966,58.5249,178.359,14.0966,67.4005,226.493,14.0966,77.4493,287.08,14.0966,88.8254,363.343,14.0966,101.703,459.336,14.0966,116.281,580.161,14.0966,132.782,732.241,14.0966,151.46,923.655,14.0966,172.603,1164.57,14.0966,196.535,1467.79,14.0966,223.625,1849.39,14.0966,254.288,2329.62,14.0966,288.997,2933.93,14.0966,328.285,3694.33,14.0966,372.755,4651.04,14.0966,423.092,5854.57,14.0966,480.07,7368.38,14.0966,544.564,9272.08,14.0966,617.566,11665.5,14.0966,700.197,14673.6,14.0966,793.729,18452.9,14.0966,899.599,23198.6,14.0966,1019.43,29154.1,14.0966,1155.07,36622.3,14.0966,1308.6,45977.9,14.0966,1482.39,57683.7,14.0966,1679.09,72307.8,14.0966,1901.73,90542.8,14.0966,2153.73,113226,14.0966,2438.97,141360,14.0966,2761.81,176127,14.0966,3127.22,218898,14.0966,3540.81,271226,14.0966,4008.92,334817,14.0966,4538.74,411470,14.0966,5138.38,502973,14.0966,5817.04,610948,14.0966,6585.12,736653,14.0966,7454.39,880741,14.0966,8438.15,1.04302e+06,14.0966,9551.45,1.22224e+06,14.0966,10811.3,1.41602e+06,14.0966,12237,1.62086e+06,14.0966,11.7194,11.96,12.6541,2.21263,4.16949,0.989383,2.67766,5.84076,0.311842,3.14343,7.55825,0.0972771,3.63127,9.58578,0.0303237,4.15787,12.0912,0.00945211,4.73731,15.2286,0.00294633,5.38238,19.1721,0.000918508,6.10553,24.134,0.000286163,6.91951,30.3791,8.92692e-05,7.83792,38.2397,2.78121e-05,8.87555,48.1338,8.65134e-06,10.0489,60.5876,2.7882e-06,11.3761,76.2629,8.29036e-07,12.8779,95.9927,2.4373e-07,14.5775,120.825,4.33068e-09,16.5012,152.08,1.75749e-07,18.6784,191.415,-1.86328e-07,21.1428,240.917,1.91829e-07,23.9322,303.213,-1.81475e-07,27.0895,381.602,7.0186e-08,30.6634,480.231,-2.86769e-08,34.7087,604.316,2.40784e-07,39.2876,760.401,9.87368e-08,44.4705,956.705,1.22263e-07,50.3371,1203.54,-4.31966e-07,56.9776,1513.81,-1.9705e-07,64.494,1903.69,-2.763e-08,73.0018,2393.4,3.9185e-07,82.6317,3008.13,1.35379e-07,93.5318,3779.25,-4.16351e-08,105.869,4745.7,2.06965e-08,119.834,5955.6,-3.18887e-07,135.641,7468.12,-1.48271e-08,153.531,9355.62,2.00739e-07,173.781,11705.8,2.28358e-07,196.701,14624.1,-1.93587e-08,222.642,18235,-2.88101e-07,252.003,22683.4,-2.24732e-07,285.234,28134,8.56806e-09,322.845,34767,2.34258e-07,365.413,42770.9,2.99668e-07,413.588,52327.9,8.28644e-08,468.111,63591.2,-3.07049e-07,529.814,76653.2,-3.1888e-07,599.642,91502.5,-6.72276e-08,678.662,107975,2.26339e-07,768.083,125705,3.69212e-07,869.267,144088,2.04077e-07,983.76,162277,-2.80509e-07,1113.3,179223,-4.22737e-07,1259.87,193777,-1.71951e-07,1425.68,204839,4.55555e-07,11.7194,11.96,12.6541,2.21263,4.16949,0.989383,2.67766,5.84076,0.311842,3.14343,7.55825,0.0972771,3.63127,9.58578,0.0303237,4.15787,12.0912,0.00945211,4.73731,15.2286,0.00294633,5.38238,19.1721,0.000918508,6.10553,24.134,0.000286163,6.91951,30.3791,8.92692e-05,7.83792,38.2397,2.78121e-05,8.87555,48.1338,8.65134e-06,10.0489,60.5876,2.7882e-06,11.3761,76.2629,8.29036e-07,12.8779,95.9927,2.4373e-07,14.5775,120.825,1e-08,16.5012,152.08,1.75749e-07,18.6784,191.415,1e-08,21.1428,240.917,1.91829e-07,23.9322,303.213,1e-08,27.0895,381.602,7.0186e-08,30.6634,480.231,1e-08,34.7087,604.316,2.40784e-07,39.2876,760.401,9.87368e-08,44.4705,956.705,1.22263e-07,50.3371,1203.54,1e-08,56.9776,1513.81,1e-08,64.494,1903.69,1e-08,73.0018,2393.4,3.9185e-07,82.6317,3008.13,1.35379e-07,93.5318,3779.25,1e-08,105.869,4745.7,2.06965e-08,119.834,5955.6,1e-08,135.641,7468.12,1e-08,153.531,9355.62,2.00739e-07,173.781,11705.8,2.28358e-07,196.701,14624.1,1e-08,222.642,18235,1e-08,252.003,22683.4,1e-08,285.234,28134,1e-08,322.845,34767,2.34258e-07,365.413,42770.9,2.99668e-07,413.588,52327.9,8.28644e-08,468.111,63591.2,1e-08,529.814,76653.2,1e-08,599.642,91502.5,1e-08,678.662,107975,2.26339e-07,768.083,125705,3.69212e-07,869.267,144088,2.04077e-07,983.76,162277,1e-08,1113.3,179223,1e-08,1259.87,193777,1e-08,1425.68,204839,4.55555e-07,6.2823,3.27286,2.43537,0.219672,6.18826,2.24117,0.56371,6.87772,2.63624,0.308279,11,11,22,2,2,0,6,7,0,4,9,0,2,14,0,7,14,0,5,20,0,6,27,0,11,18,0,6,25,0,5,26,0,4,47,0,7,82,0,17,88,0,10,116,0,25,189,0,16,256,0,18,216,0,14,259,0,21,218,0,41,764,0,38,233,0,40,833,0,41,775,0,48,1046,0,56,918,0,43,1725,0,102,1271,0,44,1908,0,78,3388,0,51,3100,0,78,3237,0,183,7241,0,222,5381,0,93,11562,0,203,8504,0,353,18993,0,193,17626,0,272,31410,0,331,28569,0,237,24340,0,245,43108,0,73,58156,0,510,50343,0,816,57696,0,1243,68016,0,934,116467,0,747,127838,0,461,145792,0,882,219376,0,779,229668,0,702,79600,0,2663,229797,0
-1.05176e+08,7.86428e-46,8.88811e-15,10,1023,0,1.05176e+08,0.528882,1.08665,0.389689,0.145397,0.379329,3.24381,0.161596,0.446195,1.77396,0.159177,1.15e+07,4.49998e+06,6.79999e+06,1.15e+07,4.49997e+06,6.79999e+06,1.15e+07,4.49996e+06,6.79999e+06,1.15e+07,4.49995e+06,6.79999e+06,1.14999e+07,4.49993e+06,6.79999e+06,1.14999e+07,4.49991e+06,6.79999e+06,1.14999e+07,4.49989e+06,6.79999e+06,1.14999e+07,4.49986e+06,6.79999e+06,1.14999e+07,4.49982e+06,6.79999e+06,1.14999e+07,4.49977e+06,6.79999e+06,1.14999e+07,4.49971e+06,6.79999e+06,1.14999e+07,4.49963e+06,6.79999e+06,1.14998e+07,4.49953e+06,6.79999e+06,1.14998e+07,4.49941e+06,6.79999e+06,1.14998e+07,4.49926e+06,6.79999e+06,1.14998e+07,4.49906e+06,6.79999e+06,1.14997e+07,4.49882e+06,6.79999e+06,1.14997e+07,4.49851e+06,6.79999e+06,1.14997e+07,4.49812e+06,6.79999e+06,1.14996e+07,4.49764e+06,6.79999e+06,1.14996e+07,4.49702e+06,6.79999e+06,1.14995e+07,4.49625e+06,6.79999e+06,1.14995e+07,4.49528e+06,6.79999e+06,1.14994e+07,4.49406e+06,6.79999e+06,1.14993e+07,4.49253e+06,6.79999e+06,1.14992e+07,4.49059e+06,6.79999e+06,1.14991e+07,4.48817e+06,6.79999e+06,1.1499e+07,4.48511e+06,6.79999e+06,1.14988e+07,4.48128e+06,6.79999e+06,1.14987e+07,4.47646e+06,6.79999e+06,1.14985e+07,4.47041e+06,6.79999e+06,1.14983e+07,4.46281e+06,6.79999e+06,1.14981e+07,4.4533e+06,6.79999e+06,1.14979e+07,4.44138e+06,6.79999e+06,1.14976e+07,4.42649e+06,6.79999e+06,1.14972e+07,4.40789e+06,6.79999e+06,1.14969e+07,4.38471e+06,6.79999e+06,1.14965e+07,4.35592e+06,6.79999e+06,1.1496e+07,4.32027e+06,6.79999e+06,1.14955e+07,4.27629e+06,6.79999e+06,1.14949e+07,4.22231e+06,6.79999e+06,1.14942e+07,4.15647e+06,6.79999e+06,1.14934e+07,4.07676e+06,6.79999e+06,1.14926e+07,3.98112e+06,6.79999e+06,1.14916e+07,3.86765e+06,6.79999e+06,1.14905e+07,3.73474e+06,6.79999e+06,1.14892e+07,3.58148e+06,6.79999e+06,1.14878e+07,3.40785e+06,6.79999e+06,1.14862e+07,3.21513e+06,6.79999e+06,1.14844e+07,3.00605e+06,6.79999e+06,1.14823e+07,2.7848e+06,6.79999e+06,1.148e+07,2.5568e+06,6.79999e+06,1.14773e+07,2.32825e+06,6.79999e+06,13.5742,8.52444,0.508366,16.8306,13.2585,0.162638,20.0035,17.569,0.0507846,23.2616,22.4214,0.0158319,26.7328,28.3297,0.00493498,30.5212,35.6974,0.00153831,34.7178,44.9473,0.000479527,39.4086,56.5822,0.000149456,44.6796,71.2245,4.66214e-05,50.6209,89.6543,1.45419e-05,57.3297,112.852,4.54748e-06,64.9129,142.051,1.43857e-06,73.4897,178.803,4.36618e-07,83.1934,225.062,1.40153e-07,94.1745,283.286,4.96378e-08,106.602,356.568,1.05434e-07,120.669,448.799,-6.49244e-08,136.59,564.873,1.70148e-07,154.611,710.948,-5.34594e-08,175.008,894.767,1.63407e-07,198.097,1126.06,8.04804e-08,224.231,1417.07,1.14667e-07,253.813,1783.15,-1.71227e-07,287.297,2243.62,-2.88466e-07,325.198,2822.67,-4.33651e-07,368.098,3550.67,7.9318e-08,416.657,4465.65,3.13319e-07,471.621,5615.16,3.4613e-07,533.835,7058.61,-1.19199e-07,604.255,8870.02,-2.79964e-07,683.962,11141.4,-2.30521e-07,774.182,13986.7,-2.55099e-07,876.299,17546.4,1.23585e-07,991.883,21993.1,1.41192e-07,1122.71,27536.7,-9.71886e-08,1270.78,34430.7,-3.68368e-07,1438.38,42977.7,-3.45379e-07,1628.07,53532.7,-3.25328e-09,1842.77,66504.6,2.6362e-07,2085.77,82350.2,2.53445e-07,2360.79,101560,-2.47407e-08,2672.05,124632,-3.80602e-07,3024.31,152018,-4.79005e-07,3422.98,184060,-1.14379e-07,3874.15,220884,2.64297e-07,4384.72,262283,3.44131e-07,4962.49,307576,7.5349e-08,5616.29,355497,-3.63097e-07,6356.1,404126,-6.05442e-07,7193.18,450932,-2.72333e-07,8140.28,492963,2.29675e-07,9211.79,527178,4.3387e-07,10424,550893,-1.0711e-07,10.102,8.06553,2.81012,10.6436,8.57909,0.869423,11.5336,10.2515,0.270869,12.7211,12.7138,0.0844293,14.1823,15.9373,0.0263173,15.9122,20.0383,0.0082035,17.9198,25.2154,0.00255722,20.2244,31.7373,0.000797017,22.8539,39.9486,0.000248622,25.8438,50.2851,7.75492e-05,29.237,63.2963,2.42508e-05,33.0837,79.6738,7.67162e-06,37.4415,100.288,2.32837e-06,42.3767,126.236,7.33e-07,47.9646,158.896,2.79256e-07,54.2906,200.003,9.87351e-09,61.452,251.741,1.61085e-07,69.5585,316.859,-2.47141e-07,78.7347,398.812,8.93552e-08,89.1218,501.948,-2.53231e-07,100.879,631.736,-1.25047e-07,114.188,795.049,-1.78808e-07,129.252,1000.53,2.6733e-07,146.304,1259.03,4.50292e-07,165.605,1584.19,6.76904e-07,187.452,1993.12,-1.23808e-07,212.181,2507.27,-4.89068e-07,240.173,3153.54,-5.40284e-07,271.856,3965.56,1.86061e-07,307.719,4985.38,4.37004e-07,348.313,6265.4,3.59828e-07,394.26,7870.83,3.98192e-07,446.268,9882.51,-1.92908e-07,505.135,12400.3,-2.20392e-07,571.766,15546.9,1.51705e-07,647.184,19472.2,5.74996e-07,732.547,24357.4,5.39112e-07,829.167,30420,5.07815e-09,938.526,37916.3,-4.11492e-07,1062.3,47143.9,-3.9561e-07,1202.4,58439.2,3.86185e-08,1360.96,72169.3,5.94093e-07,1540.42,88715.8,7.47693e-07,1743.53,108445,1.78537e-07,1973.41,131665,-4.12549e-07,2233.57,158557,-5.37164e-07,2528,189103,-1.17615e-07,2861.2,222986,5.66769e-07,3238.27,259510,9.45053e-07,3664.97,297540,4.25093e-07,4147.81,335497,-3.58506e-07,4694.17,371444,-6.7724e-07,5312.37,403256,1.67192e-07,1.61744,3.89446,9.84394,3.28846,7.5504,12.774,5.07607,11.7187,13.6844,7.03202,16.8147,13.9681,9.20215,23.1769,14.0566,11.6301,31.1672,14.0841,14.3598,41.2186,14.0927,17.4376,53.8688,14.0954,20.9137,69.7915,14.0962,24.8432,89.8341,14.0965,29.2879,115.063,14.0966,34.3168,146.819,14.0966,40.0078,186.792,14.0966,46.4487,237.107,14.0966,53.7388,300.44,14.0966,61.9903,380.158,14.0966,71.3301,480.499,14.0966,81.902,606.796,14.0966,93.8685,765.761,14.0966,107.414,965.837,14.0966,122.746,1217.65,14.0966,140.101,1534.57,14.0966,159.745,1933.41,14.0966,181.981,2435.3,14.0966,207.15,3066.85,14.0966,235.64,3861.46,14.0966,267.889,4861.11,14.0966,304.391,6118.54,14.0966,345.709,7699.91,14.0966,392.478,9688.22,14.0966,445.417,12187.5,14.0966,505.339,15327.7,14.0966,573.165,19271.6,14.0966,649.938,24222,14.0966,736.839,30430.9,14.0966,835.202,38211.5,14.0966,946.539,47950.3,14.0966,1072.56,60122.8,14.0966,1215.21,75309.9,14.0966,1376.66,94216.2,14.0966,1559.41,117688,14.0966,1766.26,146729,14.0966,2000.39,182510,14.0966,2265.39,226372,14.0966,2565.33,279806,14.0966,2904.81,344416,14.0966,3289.05,421845,14.0966,3723.93,513667,14.0966,4216.13,621231,14.0966,4773.18,745478,14.0966,5403.64,886744,14.0966,6117.15,1.04457e+06,14.0966,6924.63,1.2176e+06,14.0966,11.7194,11.96,12.6541,13.9321,16.1295,13.6434,16.6097,21.9702,13.9553,19.7532,29.5285,14.0526,23.3844,39.1143,14.0829,27.5423,51.2054,14.0923,32.2796,66.434,14.0953,37.662,85.6061,14.0962,43.7675,109.74,14.0965,50.687,140.119,14.0966,58.5249,178.359,14.0966,67.4005,226.493,14.0966,77.4493,287.08,14.0966,88.8254,363.343,14.0966,101.703,459.336,14.0966,116.281,580.161,14.0966,132.782,732.241,14.0966,151.46,923.655,14.0966,172.603,1164.57,14.0966,196.535,1467.79,14.0966,223.625,1849.39,14.0966,254.288,2329.62,14.0966,288.997,2933.93,14.0966,328.285,3694.33,14.0966,372.755,4651.04,14.0966,423.092,5854.57,14.0966,480.07,7368.38,14.0966,544.564,9272.08,14.0966,617.566,11665.5,14.0966,700.197,14673.6,14.0966,793.729,18452.9,14.0966,899.599,23198.6,14.0966,1019.43,29154.1,14.0966,1155.07,36622.3,14.0966,1308.6,45977.9,14.0966,1482.39,57683.7,14.0966,1679.09,72307.8,14.0966,1901.73,90542.8,14.0966,2153.73,113226,14.0966,2438.97,141360,14.0966,2761.81,176127,14.0966,3127.22,218898,14.0966,3540.81,271226,14.0966,4008.92,334817,14.0966,4538.74,411470,14.0966,5138.38,502973,14.0966,5817.04,610948,14.0966,6585.12,736653,14.0966,7454.39,880741,14.0966,8438.15,1.04302e+06,14.0966,9551.45,1.22224e+06,14.0966,10811.3,1.41602e+06,14.0966,12237,1.62086e+06,14.0966,11.7194,11.96,12.6541,2.21263,4.16949,0.989383,2.67766,5.84076,0.311842,3.14343,7.55825,0.0972771,3.63127,9.58578,0.0303237,4.15787,12.0912,0.00945211,4.73731,15.2286,0.00294633,5.38238,19.1721,0.000918508,6.10553,24.134,0.000286163,6.91951,30.3791,8.92692e-05,7.83792,38.2397,2.78121e-05,8.87555,48.1338,8.65134e-06,10.0489,60.5876,2.7882e-06,11.3761,76.2629,8.29036e-07,12.8779,95.9927,2.4373e-07,14.5775,120.825,4.33068e-09,16.5012,152.08,1.75749e-07,18.6784,191.415,-1.86328e-07,21.1428,240.917,1.91829e-07,23.9322,303.213,-1.81475e-07,27.0895,381.602,7.0186e-08,30.6634,480.231,-2.86769e-08,34.7087,604.316,2.40784e-07,39.2876,760.401,9.87368e-08,44.4705,956.705,1.22263e-07,50.3371,1203.54,-4.31966e-07,56.9776,1513.81,-1.9705e-07,64.494,1903.69,-2.763e-08,73.0018,2393.4,3.9185e-07,82.6317,3008.13,1.35379e-07,93.5318,3779.25,-4.16351e-08,105.869,4745.7,2.06965e-08,119.834,5955.6,-3.18887e-07,135.641,7468.12,-1.48271e-08,153.531,9355.62,2.00739e-07,173.781,11705.8,2.28358e-07,196.701,14624.1,-1.93587e-08,222.642,18235,-2.88101e-07,252.003,22683.4,-2.24732e-07,285.234,28134,8.56806e-09,322.845,34767,2.34258e-07,365.413,42770.9,2.99668e-07,413.588,52327.9,8.28644e-08,468.111,63591.2,-3.07049e-07,529.814,76653.2,-3.1888e-07,599.642,91502.5,-6.72276e-08,678.662,107975,2.26339e-07,768.083,125705,3.69212e-07,869.267,144088,2.04077e-07,983.76,162277,-2.80509e-07,1113.3,179223,-4.22737e-07,1259.87,193777,-1.71951e-07,1425.68,204839,4.55555e-07,11.7194,11.96,12.6541,2.21263,4.16949,0.989383,2.67766,5.84076,0.311842,3.14343,7.55825,0.0972771,3.63127,9.58578,0.0303237,4.15787,12.0912,0.00945211,4.73731,15.2286,0.00294633,5.38238,19.1721,0.000918508,6.10553,24.134,0.000286163,6.91951,30.3791,8.92692e-05,7.83792,38.2397,2.78121e-05,8.87555,48.1338,8.65134e-06,10.0489,60.5876,2.7882e-06,11.3761,76.2629,8.29036e-07,12.8779,95.9927,2.4373e-07,14.5775,120.825,1e-08,16.5012,152.08,1.75749e-07,18.6784,191.415,1e-08,21.1428,240.917,1.91829e-07,23.9322,303.213,1e-08,27.0895,381.602,7.0186e-08,30.6634,480.231,1e-08,34.7087,604.316,2.40784e-07,39.2876,760.401,9.87368e-08,44.4705,956.705,1.22263e-07,50.3371,1203.54,1e-08,56.9776,1513.81,1e-08,64.494,1903.69,1e-08,73.0018,2393.4,3.9185e-07,82.6317,3008.13,1.35379e-07,93.5318,3779.25,1e-08,105.869,4745.7,2.06965e-08,119.834,5955.6,1e-08,135.641,7468.12,1e-08,153.531,9355.62,2.00739e-07,173.781,11705.8,2.28358e-07,196.701,14624.1,1e-08,222.642,18235,1e-08,252.003,22683.4,1e-08,285.234,28134,1e-08,322.845,34767,2.34258e-07,365.413,42770.9,2.99668e-07,413.588,52327.9,8.28644e-08,468.111,63591.2,1e-08,529.814,76653.2,1e-08,599.642,91502.5,1e-08,678.662,107975,2.26339e-07,768.083,125705,3.69212e-07,869.267,144088,2.04077e-07,983.76,162277,1e-08,1113.3,179223,1e-08,1259.87,193777,1e-08,1425.68,204839,4.55555e-07,6.2823,3.27286,2.43537,0.219672,6.18826,2.24117,0.56371,6.87772,2.63624,0.308279,13,8,8,0,5,0,1,7,2,4,15,0,4,7,0,6,12,0,8,21,0,4,19,0,7,19,0,6,29,0,11,38,0,5,48,0,4,97,0,3,61,0,7,75,0,25,137,0,12,118,0,13,131,0,32,267,0,22,285,0,12,230,0,57,337,0,42,366,0,48,593,0,22,506,0,41,905,0,46,1455,0,58,2414,0,45,2976,0,74,2047,0,95,3423,0,104,3809,0,148,7348,0,151,8572,0,76,10449,0,291,9670,0,134,17020,0,71,20094,0,105,55370,0,241,22605,0,254,47280,0,193,45976,0,484,79962,0,570,55528,0,357,50088,0,765,83349,0,535,140863,0,677,94356,0,1669,157535,0,1500,142034,0,748,152817,0,1247,224779,0,837,80474,0
-1.05176e+08,1,8.88811e-15,10,1023,0,1.05176e+08,0.528882,1.08665,0.389689,0.145397,0.379329,3.24381,0.161596,0.446195,1.77396,0.159177,1.15e+07,4.49998e+06,6.79999e+06,1.15e+07,4.49997e+06,6.79999e+06,1.15e+07,4.49996e+06,6.79999e+06,1.15e+07,4.49995e+06,6.79999e+06,1.14999e+07,4.49993e+06,6.79999e+06,1.14999e+07,4.49991e+06,6.79999e+06,1.14999e+07,4.49989e+06,6.79999e+06,1.14999e+07,4.49986e+06,6.79999e+06,1.14999e+07,4.49982e+06,6.79999e+06,1.14999e+07,4.49977e+06,6.79999e+06,1.14999e+07,4.49971e+06,6.79999e+06,1.14999e+07,4.49963e+06,6.79999e+06,1.14998e+07,4.49953e+06,6.79999e+06,1.14998e+07,4.49941e+06,6.79999e+06,1.14998e+07,4.49926e+06,6.79999e+06,1.14998e+07,4.49906e+06,6.79999e+06,1.14997e+07,4.49882e+06,6.79999e+06,1.14997e+07,4.49851e+06,6.79999e+06,1.14997e+07,4.49812e+06,6.79999e+06,1.14996e+07,4.49764e+06,6.79999e+06,1.14996e+07,4.49702e+06,6.79999e+06,1.14995e+07,4.49625e+06,6.79999e+06,1.14995e+07,4.49528e+06,6.79999e+06,1.14994e+07,4.49406e+06,6.79999e+06,1.14993e+07,4.49253e+06,6.79999e+06,1.14992e+07,4.49059e+06,6.79999e+06,1.14991e+07,4.48817e+06,6.79999e+06,1.1499e+07,4.48511e+06,6.79999e+06,1.14988e+07,4.48128e+06,6.79999e+06,1.14987e+07,4.47646e+06,6.79999e+06,1.14985e+07,4.47041e+06,6.79999e+06,1.14983e+07,4.46281e+06,6.79999e+06,1.14981e+07,4.4533e+06,6.79999e+06,1.14979e+07,4.44138e+06,6.79999e+06,1.14976e+07,4.42649e+06,6.79999e+06,1.14972e+07,4.40789e+06,6.79999e+06,1.14969e+07,4.38471e+06,6.79999e+06,1.14965e+07,4.35592e+06,6.79999e+06,1.1496e+07,4.32027e+06,6.79999e+06,1.14955e+07,4.27629e+06,6.79999e+06,1.14949e+07,4.22231e+06,6.79999e+06,1.14942e+07,4.15647e+06,6.79999e+06,1.14934e+07,4.07676e+06,6.79999e+06,1.14926e+07,3.98112e+06,6.79999e+06,1.14916e+07,3.86765e+06,6.79999e+06,1.14905e+07,3.73474e+06,6.79999e+06,1.14892e+07,3.58148e+06,6.79999e+06,1.14878e+07,3.40785e+06,6.79999e+06,1.14862e+07,3.21513e+06,6.79999e+06,1.14844e+07,3.00605e+06,6.79999e+06,1.14823e+07,2.7848e+06,6.79999e+06,1.148e+07,2.5568e+06,6.79999e+06,1.14773e+07,2.32825e+06,6.79999e+06,13.5742,8.52444,0.508366,16.8306,13.2585,0.162638,20.0035,17.569,0.0507846,23.2616,22.4214,0.0158319,26.7328,28.3297,0.00493498,30.5212,35.6974,0.00153831,34.7178,44.9473,0.000479527,39.4086,56.5822,0.000149456,44.6796,71.2245,4.66214e-05,50.6209,89.6543,1.45419e-05,57.3297,112.852,4.54748e-06,64.9129,142.051,1.43857e-06,73.4897,178.803,4.36618e-07,83.1934,225.062,1.40153e-07,94.1745,283.286,4.96378e-08,106.602,356.568,1.05434e-07,120.669,448.799,-6.49244e-08,136.59,564.873,1.70148e-07,154.611,710.948,-5.34594e-08,175.008,894.767,1.63407e-07,198.097,1126.06,8.04804e-08,224.231,1417.07,1.14667e-07,253.813,1783.15,-1.71227e-07,287.297,2243.62,-2.88466e-07,325.198,2822.67,-4.33651e-07,368.098,3550.67,7.9318e-08,416.657,4465.65,3.13319e-07,471.621,5615.16,3.4613e-07,533.835,7058.61,-1.19199e-07,604.255,8870.02,-2.79964e-07,683.962,11141.4,-2.30521e-07,774.182,13986.7,-2.55099e-07,876.299,17546.4,1.23585e-07,991.883,21993.1,1.41192e-07,1122.71,27536.7,-9.71886e-08,1270.78,34430.7,-3.68368e-07,1438.38,42977.7,-3.45379e-07,1628.07,53532.7,-3.25328e-09,1842.77,66504.6,2.6362e-07,2085.77,82350.2,2.53445e-07,2360.79,101560,-2.47407e-08,2672.05,124632,-3.80602e-07,3024.31,152018,-4.79005e-07,3422.98,184060,-1.14379e-07,3874.15,220884,2.64297e-07,4384.72,262283,3.44131e-07,4962.49,307576,7.5349e-08,5616.29,355497,-3.63097e-07,6356.1,404126,-6.05442e-07,7193.18,450932,-2.72333e-07,8140.28,492963,2.29675e-07,9211.79,527178,4.3387e-07,10424,550893,-1.0711e-07,10.102,8.06553,2.81012,10.6436,8.57909,0.869423,11.5336,10.2515,0.270869,12.7211,12.7138,0.0844293,14.1823,15.9373,0.0263173,15.9122,20.0383,0.0082035,17.9198,25.2154,0.00255722,20.2244,31.7373,0.000797017,22.8539,39.9486,0.000248622,25.8438,50.2851,7.75492e-05,29.237,63.2963,2.42508e-05,33.0837,79.6738,7.67162e-06,37.4415,100.288,2.32837e-06,42.3767,126.236,7.33e-07,47.9646,158.896,2.79256e-07,54.2906,200.003,9.87351e-09,61.452,251.741,1.61085e-07,69.5585,316.859,-2.47141e-07,78.7347,398.812,8.93552e-08,89.1218,501.948,-2.53231e-07,100.879,631.736,-1.25047e-07,114.188,795.049,-1.78808e-07,129.252,1000.53,2.6733e-07,146.304,1259.03,4.50292e-07,165.605,1584.19,6.76904e-07,187.452,1993.12,-1.23808e-07,212.181,2507.27,-4.89068e-07,240.173,3153.54,-5.40284e-07,271.856,3965.56,1.86061e-07,307.719,4985.38,4.37004e-07,348.313,6265.4,3.59828e-07,394.26,7870.83,3.98192e-07,446.268,9882.51,-1.92908e-07,505.135,12400.3,-2.20392e-07,571.766,15546.9,1.51705e-07,647.184,19472.2,5.74996e-07,732.547,24357.4,5.39112e-07,829.167,30420,5.07815e-09,938.526,37916.3,-4.11492e-07,1062.3,47143.9,-3.9561e-07,1202.4,58439.2,3.86185e-08,1360.96,72169.3,5.94093e-07,1540.42,88715.8,7.47693e-07,1743.53,108445,1.78537e-07,1973.41,131665,-4.12549e-07,2233.57,158557,-5.37164e-07,2528,189103,-1.17615e-07,2861.2,222986,5.66769e-07,3238.27,259510,9.45053e-07,3664.97,297540,4.25093e-07,4147.81,335497,-3.58506e-07,4694.17,371444,-6.7724e-07,5312.37,403256,1.67192e-07,1.61744,3.89446,9.84394,3.28846,7.5504,12.774,5.07607,11.7187,13.6844,7.03202,16.8147,13.9681,9.20215,23.1769,14.0566,11.6301,31.1672,14.0841,14.3598,41.2186,14.0927,17.4376,53.8688,14.0954,20.9137,69.7915,14.0962,24.8432,89.8341,14.0965,29.2879,115.063,14.0966,34.3168,146.819,14.0966,40.0078,186.792,14.0966,46.4487,237.107,14.0966,53.7388,300.44,14.0966,61.9903,380.158,14.0966,71.3301,480.499,14.0966,81.902,606.796,14.0966,93.8685,765.761,14.0966,107.414,965.837,14.0966,122.746,1217.65,14.0966,140.101,1534.57,14.0966,159.745,1933.41,14.0966,181.981,2435.3,14.0966,207.15,3066.85,14.0966,235.64,3861.46,14.0966,267.889,4861.11,14.0966,304.391,6118.54,14.0966,345.709,7699.91,14.0966,392.478,9688.22,14.0966,445.417,12187.5,14.0966,505.339,15327.7,14.0966,573.165,19271.6,14.0966,649.938,24222,14.0966,736.839,30430.9,14.0966,835.202,38211.5,14.0966,946.539,47950.3,14.0966,1072.56,60122.8,14.0966,1215.21,75309.9,14.0966,1376.66,94216.2,14.0966,1559.41,117688,14.0966,1766.26,146729,14.0966,2000.39,182510,14.0966,2265.39,226372,14.0966,2565.33,279806,14.0966,2904.81,344416,14.0966,3289.05,421845,14.0966,3723.93,513667,14.0966,4216.13,621231,14.0966,4773.18,745478,14.0966,5403.64,886744,14.0966,6117.15,1.04457e+06,14.0966,6924.63,1.2176e+06,14.0966,11.7194,11.96,12.6541,13.9321,16.1295,13.6434,16.6097,21.9702,13.9553,19.7532,29.5285,14.0526,23.3844,39.1143,14.0829,27.5423,51.2054,14.0923,32.2796,66.434,14.0953,37.662,85.6061,14.0962,43.7675,109.74,14.0965,50.687,140.119,14.0966,58.5249,178.359,14.0966,67.4005,226.493,14.0966,77.4493,287.08,14.0966,88.8254,363.343,14.0966,101.703,459.336,14.0966,116.281,580.161,14.0966,132.782,732.241,14.0966,151.46,923.655,14.0966,172.603,1164.57,14.0966,196.535,1467.79,14.0966,223.625,1849.39,14.0966,254.288,2329.62,14.0966,288.997,2933.93,14.0966,328.285,3694.33,14.0966,372.755,4651.04,14.0966,423.092,5854.57,14.0966,480.07,7368.38,14.0966,544.564,9272.08,14.0966,617.566,11665.5,14.0966,700.197,14673.6,14.0966,793.729,18452.9,14.0966,899.599,23198.6,14.0966,1019.43,29154.1,14.0966,1155.07,36622.3,14.0966,1308.6,45977.9,14.0966,1482.39,57683.7,14.0966,1679.09,72307.8,14.0966,1901.73,90542.8,14.0966,2153.73,113226,14.0966,2438.97,141360,14.0966,2761.81,176127,14.0966,3127.22,218898,14.0966,3540.81,271226,14.0966,4008.92,334817,14.0966,4538.74,411470,14.0966,5138.38,502973,14.0966,5817.04,610948,14.0966,6585.12,736653,14.0966,7454.39,880741,14.0966,8438.15,1.04302e+06,14.0966,9551.45,1.22224e+06,14.0966,10811.3,1.41602e+06,14.0966,12237,1.62086e+06,14.0966,11.7194,11.96,12.6541,2.21263,4.16949,0.989383,2.67766,5.84076,0.311842,3.14343,7.55825,0.0972771,3.63127,9.58578,0.0303237,4.15787,12.0912,0.00945211,4.73731,15.2286,0.00294633,5.38238,19.1721,0.000918508,6.10553,24.134,0.000286163,6.91951,30.3791,8.92692e-05,7.83792,38.2397,2.78121e-05,8.87555,48.1338,8.65134e-06,10.0489,60.5876,2.7882e-06,11.3761,76.2629,8.29036e-07,12.8779,95.9927,2.4373e-07,14.5775,120.825,4.33068e-09,16.5012,152.08,1.75749e-07,18.6784,191.415,-1.86328e-07,21.1428,240.917,1.91829e-07,23.9322,303.213,-1.81475e-07,27.0895,381.602,7.0186e-08,30.6634,480.231,-2.86769e-08,34.7087,604.316,2.40784e-07,39.2876,760.401,9.87368e-08,44.4705,956.705,1.22263e-07,50.3371,1203.54,-4.31966e-07,56.9776,1513.81,-1.9705e-07,64.494,1903.69,-2.763e-08,73.0018,2393.4,3.9185e-07,82.6317,3008.13,1.35379e-07,93.5318,3779.25,-4.16351e-08,105.869,4745.7,2.06965e-08,119.834,5955.6,-3.18887e-07,135.641,7468.12,-1.48271e-08,153.531,9355.62,2.00739e-07,173.781,11705.8,2.28358e-07,196.701,14624.1,-1.93587e-08,222.642,18235,-2.88101e-07,252.003,22683.4,-2.24732e-07,285.234,28134,8.56806e-09,322.845,34767,2.34258e-07,365.413,42770.9,2.99668e-07,413.588,52327.9,8.28644e-08,468.111,63591.2,-3.07049e-07,529.814,76653.2,-3.1888e-07,599.642,91502.5,-6.72276e-08,678.662,107975,2.26339e-07,768.083,125705,3.69212e-07,869.267,144088,2.04077e-07,983.76,162277,-2.80509e-07,1113.3,179223,-4.22737e-07,1259.87,193777,-1.71951e-07,1425.68,204839,4.55555e-07,11.7194,11.96,12.6541,2.21263,4.16949,0.989383,2.67766,5.84076,0.311842,3.14343,7.55825,0.0972771,3.63127,9.58578,0.0303237,4.15787,12.0912,0.00945211,4.73731,15.2286,0.00294633,5.38238,19.1721,0.000918508,6.10553,24.134,0.000286163,6.91951,30.3791,8.92692e-05,7.83792,38.2397,2.78121e-05,8.87555,48.1338,8.65134e-06,10.0489,60.5876,2.7882e-06,11.3761,76.2629,8.29036e-07,12.8779,95.9927,2.4373e-07,14.5775,120.825,1e-08,16.5012,152.08,1.75749e-07,18.6784,191.415,1e-08,21.1428,240.917,1.91829e-07,23.9322,303.213,1e-08,27.0895,381.602,7.0186e-08,30.6634,480.231,1e-08,34.7087,604.316,2.40784e-07,39.2876,760.401,9.87368e-08,44.4705,956.705,1.22263e-07,50.3371,1203.54,1e-08,56.9776,1513.81,1e-08,64.494,1903.69,1e-08,73.0018,2393.4,3.9185e-07,82.6317,3008.13,1.35379e-07,93.5318,3779.25,1e-08,105.869,4745.7,2.06965e-08,119.834,5955.6,1e-08,135.641,7468.12,1e-08,153.531,9355.62,2.00739e-07,173.781,11705.8,2.28358e-07,196.701,14624.1,1e-08,222.642,18235,1e-08,252.003,22683.4,1e-08,285.234,28134,1e-08,322.845,34767,2.34258e-07,365.413,42770.9,2.99668e-07,413.588,52327.9,8.28644e-08,468.111,63591.2,1e-08,529.814,76653.2,1e-08,599.642,91502.5,1e-08,678.662,107975,2.26339e-07,768.083,125705,3.69212e-07,869.267,144088,2.04077e-07,983.76,162277,1e-08,1113.3,179223,1e-08,1259.87,193777,1e-08,1425.68,204839,4.55555e-07,6.2823,3.27286,2.43537,0.219672,6.18826,2.24117,0.56371,6.87772,2.63624,0.308279,18,20,15,1,1,1,2,10,3,2,9,0,8,9,0,1,13,0,6,9,0,2,17,0,8,42,0,7,40,0,10,27,0,7,31,0,9,64,0,11,56,0,8,46,0,16,140,0,23,227,0,37,211,0,32,388,0,14,263,0,39,468,0,26,514,0,35,357,0,27,745,0,68,467,0,9,1917,0,58,2764,0,24,2165,0,28,2553,0,120,2657,0,160,4344,0,145,4658,0,111,7633,0,133,3994,0,265,3342,0,210,12138,0,85,26693,0,386,24050,0,194,35621,0,554,49162,0,223,29093,0,428,47903,0,179,41160,0,381,125266,0,564,93092,0,678,109715,0,878,121894,0,512,94140,0,1167,253332,0,1079,180475,0,1490,146096,0,1478,152837,0,648,154423,0
-1.05176e+08,1,8.88811e-15,10,1023,0,1.05176e+08,0.528882,1.08665,0.389689,0.145397,0.379329,3.24381,0.161596,0.446195,1.77396,0.159177,1.15e+07,4.49998e+06,6.79999e+06,1.15e+07,4.49997e+06,6.79999e+06,1.15e+07,4.49996e+06,6.79999e+06,1.15e+07,4.49995e+06,6.79999e+06,1.14999e+07,4.49993e+06,6.79999e+06,1.14999e+07,4.49991e+06,6.79999e+06,1.14999e+07,4.49989e+06,6.79999e+06,1.14999e+07,4.49986e+06,6.79999e+06,1.14999e+07,4.49982e+06,6.79999e+06,1.14999e+07,4.49977e+06,6.79999e+06,1.14999e+07,4.49971e+06,6.79999e+06,1.14999e+07,4.49963e+06,6.79999e+06,1.14998e+07,4.49953e+06,6.79999e+06,1.14998e+07,4.49941e+06,6.79999e+06,1.14998e+07,4.49926e+06,6.79999e+06,1.14998e+07,4.49906e+06,6.79999e+06,1.14997e+07,4.49882e+06,6.79999e+06,1.14997e+07,4.49851e+06,6.79999e+06,1.14997e+07,4.49812e+06,6.79999e+06,1.14996e+07,4.49764e+06,6.79999e+06,1.14996e+07,4.49702e+06,6.79999e+06,1.14995e+07,4.49625e+06,6.79999e+06,1.14995e+07,4.49528e+06,6.79999e+06,1.14994e+07,4.49406e+06,6.79999e+06,1.14993e+07,4.49253e+06,6.79999e+06,1.14992e+07,4.49059e+06,6.79999e+06,1.14991e+07,4.48817e+06,6.79999e+06,1.1499e+07,4.48511e+06,6.79999e+06,1.14988e+07,4.48128e+06,6.79999e+06,1.14987e+07,4.47646e+06,6.79999e+06,1.14985e+07,4.47041e+06,6.79999e+06,1.14983e+07,4.46281e+06,6.79999e+06,1.14981e+07,4.4533e+06,6.79999e+06,1.14979e+07,4.44138e+06,6.79999e+06,1.14976e+07,4.42649e+06,6.79999e+06,1.14972e+07,4.40789e+06,6.79999e+06,1.14969e+07,4.38471e+06,6.79999e+06,1.14965e+07,4.35592e+06,6.79999e+06,1.1496e+07,4.32027e+06,6.79999e+06,1.14955e+07,4.27629e+06,6.79999e+06,1.14949e+07,4.22231e+06,6.79999e+06,1.14942e+07,4.15647e+06,6.79999e+06,1.14934e+07,4.07676e+06,6.79999e+06,1.14926e+07,3.98112e+06,6.79999e+06,1.14916e+07,3.86765e+06,6.79999e+06,1.14905e+07,3.73474e+06,6.79999e+06,1.14892e+07,3.58148e+06,6.79999e+06,1.14878e+07,3.40785e+06,6.79999e+06,1.14862e+07,3.21513e+06,6.79999e+06,1.14844e+07,3.00605e+06,6.79999e+06,1.14823e+07,2.7848e+06,6.79999e+06,1.148e+07,2.5568e+06,6.79999e+06,1.14773e+07,2.32825e+06,6.79999e+06,13.5742,8.52444,0.508366,16.8306,13.2585,0.162638,20.0035,17.569,0.0507846,23.2616,22.4214,0.0158319,26.7328,28.3297,0.00493498,30.5212,35.6974,0.00153831,34.7178,44.9473,0.000479527,39.4086,56.5822,0.000149456,44.6796,71.2245,4.66214e-05,50.6209,89.6543,1.45419e-05,57.3297,112.852,4.54748e-06,64.9129,142.051,1.43857e-06,73.4897,178.803,4.36618e-07,83.1934,225.062,1.40153e-07,94.1745,283.286,4.96378e-08,106.602,356.568,1.05434e-07,120.669,448.799,-6.49244e-08,136.59,564.873,1.70148e-07,154.611,710.948,-5.34594e-08,175.008,894.767,1.63407e-07,198.097,1126.06,8.04804e-08,224.231,1417.07,1.14667e-07,253.813,1783.15,-1.71227e-07,287.297,2243.62,-2.88466e-07,325.198,2822.67,-4.33651e-07,368.098,3550.67,7.9318e-08,416.657,4465.65,3.13319e-07,471.621,5615.16,3.4613e-07,533.835,7058.61,-1.19199e-07,604.255,8870.02,-2.79964e-07,683.962,11141.4,-2.30521e-07,774.182,13986.7,-2.55099e-07,876.299,17546.4,1.23585e-07,991.883,21993.1,1.41192e-07,1122.71,27536.7,-9.71886e-08,1270.78,34430.7,-3.68368e-07,1438.38,42977.7,-3.45379e-07,1628.07,53532.7,-3.25328e-09,1842.77,66504.6,2.6362e-07,2085.77,82350.2,2.53445e-07,2360.79,101560,-2.47407e-08,2672.05,124632,-3.80602e-07,3024.31,152018,-4.79005e-07,3422.98,184060,-1.14379e-07,3874.15,220884,2.64297e-07,4384.72,262283,3.44131e-07,4962.49,307576,7.5349e-08,5616.29,355497,-3.63097e-07,6356.1,404126,-6.05442e-07,7193.18,450932,-2.72333e-07,8140.28,492963,2.29675e-07,9211.79,527178,4.3387e-07,10424,550893,-1.0711e-07,10.102,8.06553,2.81012,10.6436,8.57909,0.869423,11.5336,10.2515,0.270869,12.7211,12.7138,0.0844293,14.1823,15.9373,0.0263173,15.9122,20.0383,0.0082035,17.9198,25.2154,0.00255722,20.2244,31.7373,0.000797017,22.8539,39.9486,0.000248622,25.8438,50.2851,7.75492e-05,29.237,63.2963,2.42508e-05,33.0837,79.6738,7.67162e-06,37.4415,100.288,2.32837e-06,42.3767,126.236,7.33e-07,47.9646,158.896,2.79256e-07,54.2906,200.003,9.87351e-09,61.452,251.741,1.61085e-07,69.5585,316.859,-2.47141e-07,78.7347,398.812,8.93552e-08,89.1218,501.948,-2.53231e-07,100.879,631.736,-1.25047e-07,114.188,795.049,-1.78808e-07,129.252,1000.53,2.6733e-07,146.304,1259.03,4.50292e-07,165.605,1584.19,6.76904e-07,187.452,1993.12,-1.23808e-07,212.181,2507.27,-4.89068e-07,240.173,3153.54,-5.40284e-07,271.856,3965.56,1.86061e-07,307.719,4985.38,4.37004e-07,348.313,6265.4,3.59828e-07,394.26,7870.83,3.98192e-07,446.268,9882.51,-1.92908e-07,505.135,12400.3,-2.20392e-07,571.766,15546.9,1.51705e-07,647.184,19472.2,5.74996e-07,732.547,24357.4,5.39112e-07,829.167,30420,5.07815e-09,938.526,37916.3,-4.11492e-07,1062.3,47143.9,-3.9561e-07,1202.4,58439.2,3.86185e-08,1360.96,72169.3,5.94093e-07,1540.42,88715.8,7.47693e-07,1743.53,108445,1.78537e-07,1973.41,131665,-4.12549e-07,2233.57,158557,-5.37164e-07,2528,189103,-1.17615e-07,2861.2,222986,5.66769e-07,3238.27,259510,9.45053e-07,3664.97,297540,4.25093e-07,4147.81,335497,-3.58506e-07,4694.17,371444,-6.7724e-07,5312.37,403256,1.67192e-07,1.61744,3.89446,9.84394,3.28846,7.5504,12.774,5.07607,11.7187,13.6844,7.03202,16.8147,13.9681,9.20215,23.1769,14.0566,11.6301,31.1672,14.0841,14.3598,41.2186,14.0927,17.4376,53.8688,14.0954,20.9137,69.7915,14.0962,24.8432,89.8341,14.0965,29.2879,115.063,14.0966,34.3168,146.819,14.0966,40.0078,186.792,14.0966,46.4487,237.107,14.0966,53.7388,300.44,14.0966,61.9903,380.158,14.0966,71.3301,480.499,14.0966,81.902,606.796,14.0966,93.8685,765.761,14.0966,107.414,965.837,14.0966,122.746,1217.65,14.0966,140.101,1534.57,14.0966,159.745,1933.41,14.0966,181.981,2435.3,14.0966,207.15,3066.85,14.0966,235.64,3861.46,14.0966,267.889,4861.11,14.0966,304.391,6118.54,14.0966,345.709,7699.91,14.0966,392.478,9688.22,14.0966,445.417,12187.5,14.0966,505.339,15327.7,14.0966,573.165,19271.6,14.0966,649.938,24222,14.0966,736.839,30430.9,14.0966,835.202,38211.5,14.0966,946.539,47950.3,14.0966,1072.56,60122.8,14.0966,1215.21,75309.9,14.0966,1376.66,94216.2,14.0966,1559.41,117688,14.0966,1766.26,146729,14.0966,2000.39,182510,14.0966,2265.39,226372,14.0966,2565.33,279806,14.0966,2904.81,344416,14.0966,3289.05,421845,14.0966,3723.93,513667,14.0966,4216.13,621231,14.0966,4773.18,745478,14.0966,5403.64,886744,14.0966,6117.15,1.04457e+06,14.0966,6924.63,1.2176e+06,14.0966,11.7194,11.96,12.6541,13.9321,16.1295,13.6434,16.6097,21.9702,13.9553,19.7532,29.5285,14.0526,23.3844,39.1143,14.0829,27.5423,51.2054,14.0923,32.2796,66.434,14.0953,37.662,85.6061,14.0962,43.7675,109.74,14.0965,50.687,140.119,14.0966,58.5249,178.359,14.0966,67.4005,226.493,14.0966,77.4493,287.08,14.0966,88.8254,363.343,14.0966,101.703,459.336,14.0966,116.281,580.161,14.0966,132.782,732.241,14.0966,151.46,923.655,14.0966,172.603,1164.57,14.0966,196.535,1467.79,14.0966,223.625,1849.39,14.0966,254.288,2329.62,14.0966,288.997,2933.93,14.0966,328.285,3694.33,14.0966,372.755,4651.04,14.0966,423.092,5854.57,14.0966,480.07,7368.38,14.0966,544.564,9272.08,14.0966,617.566,11665.5,14.0966,700.197,14673.6,14.0966,793.729,18452.9,14.0966,899.599,23198.6,14.0966,1019.43,29154.1,14.0966,1155.07,36622.3,14.0966,1308.6,45977.9,14.0966,1482.39,57683.7,14.0966,1679.09,72307.8,14.0966,1901.73,90542.8,14.0966,2153.73,113226,14.0966,2438.97,141360,14.0966,2761.81,176127,14.0966,3127.22,218898,14.0966,3540.81,271226,14.0966,4008.92,334817,14.0966,4538.74,411470,14.0966,5138.38,502973,14.0966,5817.04,610948,14.0966,6585.12,736653,14.0966,7454.39,880741,14.0966,8438.15,1.04302e+06,14.0966,9551.45,1.22224e+06,14.0966,10811.3,1.41602e+06,14.0966,12237,1.62086e+06,14.0966,11.7194,11.96,12.6541,2.21263,4.16949,0.989383,2.67766,5.84076,0.311842,3.14343,7.55825,0.0972771,3.63127,9.58578,0.0303237,4.15787,12.0912,0.00945211,4.73731,15.2286,0.00294633,5.38238,19.1721,0.000918508,6.10553,24.134,0.000286163,6.91951,30.3791,8.92692e-05,7.83792,38.2397,2.78121e-05,8.87555,48.1338,8.65134e-06,10.0489,60.5876,2.7882e-06,11.3761,76.2629,8.29036e-07,12.8779,95.9927,2.4373e-07,14.5775,120.825,4.33068e-09,16.5012,152.08,1.75749e-07,18.6784,191.415,-1.86328e-07,21.1428,240.917,1.91829e-07,23.9322,303.213,-1.81475e-07,27.0895,381.602,7.0186e-08,30.6634,480.231,-2.86769e-08,34.7087,604.316,2.40784e-07,39.2876,760.401,9.87368e-08,44.4705,956.705,1.22263e-07,50.3371,1203.54,-4.31966e-07,56.9776,1513.81,-1.9705e-07,64.494,1903.69,-2.763e-08,73.0018,2393.4,3.9185e-07,82.6317,3008.13,1.35379e-07,93.5318,3779.25,-4.16351e-08,105.869,4745.7,2.06965e-08,119.834,5955.6,-3.18887e-07,135.641,7468.12,-1.48271e-08,153.531,9355.62,2.00739e-07,173.781,11705.8,2.28358e-07,196.701,14624.1,-1.93587e-08,222.642,18235,-2.88101e-07,252.003,22683.4,-2.24732e-07,285.234,28134,8.56806e-09,322.845,34767,2.34258e-07,365.413,42770.9,2.99668e-07,413.588,52327.9,8.28644e-08,468.111,63591.2,-3.07049e-07,529.814,76653.2,-3.1888e-07,599.642,91502.5,-6.72276e-08,678.662,107975,2.26339e-07,768.083,125705,3.69212e-07,869.267,144088,2.04077e-07,983.76,162277,-2.80509e-07,1113.3,179223,-4.22737e-07,1259.87,193777,-1.71951e-07,1425.68,204839,4.55555e-07,11.7194,11.96,12.6541,2.21263,4.16949,0.989383,2.67766,5.84076,0.311842,3.14343,7.55825,0.0972771,3.63127,9.58578,0.0303237,4.15787,12.0912,0.00945211,4.73731,15.2286,0.00294633,5.38238,19.1721,0.000918508,6.10553,24.134,0.000286163,6.91951,30.3791,8.92692e-05,7.83792,38.2397,2.78121e-05,8.87555,48.1338,8.65134e-06,10.0489,60.5876,2.7882e-06,11.3761,76.2629,8.29036e-07,12.8779,95.9927,2.4373e-07,14.5775,120.825,1e-08,16.5012,152.08,1.75749e-07,18.6784,191.415,1e-08,21.1428,240.917,1.91829e-07,23.9322,303.213,1e-08,27.0895,381.602,7.0186e-08,30.6634,480.231,1e-08,34.7087,604.316,2.40784e-07,39.2876,760.401,9.87368e-08,44.4705,956.705,1.22263e-07,50.3371,1203.54,1e-08,56.9776,1513.81,1e-08,64.494,1903.69,1e-08,73.0018,2393.4,3.9185e-07,82.6317,3008.13,1.35379e-07,93.5318,3779.25,1e-08,105.869,4745.7,2.06965e-08,119.834,5955.6,1e-08,135.641,7468.12,1e-08,153.531,9355.62,2.00739e-07,173.781,11705.8,2.28358e-07,196.701,14624.1,1e-08,222.642,18235,1e-08,252.003,22683.4,1e-08,285.234,28134,1e-08,322.845,34767,2.34258e-07,365.413,42770.9,2.99668e-07,413.588,52327.9,8.28644e-08,468.111,63591.2,1e-08,529.814,76653.2,1e-08,599.642,91502.5,1e-08,678.662,107975,2.26339e-07,768.083,125705,3.69212e-07,869.267,144088,2.04077e-07,983.76,162277,1e-08,1113.3,179223,1e-08,1259.87,193777,1e-08,1425.68,204839,4.55555e-07,6.2823,3.27286,2.43537,0.219672,6.18826,2.24117,0.56371,6.87772,2.63624,0.308279,21,5,38,3,0,0,4,11,0,1,8,0,2,12,0,3,7,0,9,8,0,7,13,0,3,37,0,13,25,0,8,18,0,16,61,0,7,91,0,5,54,0,11,98,0,19,188,0,15,205,0,29,481,0,27,144,0,26,295,0,30,264,0,52,333,0,32,1141,0,50,416,0,17,1140,0,45,810,0,29,1200,0,48,2524,0,101,2702,0,100,2467,0,25,4236,0,108,7332,0,179,2647,0,73,8594,0,97,5371,0,157,12416,0,119,16865,0,190,22542,0,283,6844,0,402,32696,0,207,19230,0,301,30859,0,435,57920,0,350,42377,0,287,81519,0,395,83353,0,640,50627,0,718,131091,0,975,167150,0,673,245224,0,740,151558,0,1554,319794,0,1512,253565,0
-1.05176e+08,1,8.88811e-15,10,1023,0,1.05176e+08,0.528882,1.08665,0.389689,0.145397,0.379329,3.24381,0.161596,0.446195,1.77396,0.159177,1.15e+07,4.49998e+06,6.79999e+06,1.15e+07,4.49997e+06,6.79999e+06,1.15e+07,4.49996e+06,6.79999e+06,1.15e+07,4.49995e+06,6.79999e+06,1.14999e+07,4.49993e+06,6.79999e+06,1.14999e+07,4.49991e+06,6.79999e+06,1.14999e+07,4.49989e+06,6.79999e+06,1.14999e+07,4.49986e+06,6.79999e+06,1.14999e+07,4.49982e+06,6.79999e+06,1.14999e+07,4.49977e+06,6.79999e+06,1.14999e+07,4.49971e+06,6.79999e+06,1.14999e+07,4.49963e+06,6.79999e+06,1.14998e+07,4.49953e+06,6.79999e+06,1.14998e+07,4.49941e+06,6.79999e+06,1.14998e+07,4.49926e+06,6.79999e+06,1.14998e+07,4.49906e+06,6.79999e+06,1.14997e+07,4.49882e+06,6.79999e+06,1.14997e+07,4.49851e+06,6.79999e+06,1.14997e+07,4.49812e+06,6.79999e+06,1.14996e+07,4.49764e+06,6.79999e+06,1.14996e+07,4.49702e+06,6.79999e+06,1.14995e+07,4.49625e+06,6.79999e+06,1.14995e+07,4.49528e+06,6.79999e+06,1.14994e+07,4.49406e+06,6.79999e+06,1.14993e+07,4.49253e+06,6.79999e+06,1.14992e+07,4.49059e+06,6.79999e+06,1.14991e+07,4.48817e+06,6.79999e+06,1.1499e+07,4.48511e+06,6.79999e+06,1.14988e+07,4.48128e+06,6.79999e+06,1.14987e+07,4.47646e+06,6.79999e+06,1.14985e+07,4.47041e+06,6.79999e+06,1.14983e+07,4.46281e+06,6.79999e+06,1.14981e+07,4.4533e+06,6.79999e+06,1.14979e+07,4.44138e+06,6.79999e+06,1.14976e+07,4.42649e+06,6.79999e+06,1.14972e+07,4.40789e+06,6.79999e+06,1.14969e+07,4.38471e+06,6.79999e+06,1.14965e+07,4.35592e+06,6.79999e+06,1.1496e+07,4.32027e+06,6.79999e+06,1.14955e+07,4.27629e+06,6.79999e+06,1.14949e+07,4.22231e+06,6.79999e+06,1.14942e+07,4.15647e+06,6.79999e+06,1.14934e+07,4.07676e+06,6.79999e+06,1.14926e+07,3.98112e+06,6.79999e+06,1.14916e+07,3.86765e+06,6.79999e+06,1.14905e+07,3.73474e+06,6.79999e+06,1.14892e+07,3.58148e+06,6.79999e+06,1.14878e+07,3.40785e+06,6.79999e+06,1.14862e+07,3.21513e+06,6.79999e+06,1.14844e+07,3.00605e+06,6.79999e+06,1.14823e+07,2.7848e+06,6.79999e+06,1.148e+07,2.5568e+06,6.79999e+06,1.14773e+07,2.32825e+06,6.79999e+06,13.5742,8.52444,0.508366,16.8306,13.2585,0.162638,20.0035,17.569,0.0507846,23.2616,22.4214,0.0158319,26.7328,28.3297,0.00493498,30.5212,35.6974,0.00153831,34.7178,44.9473,0.000479527,39.4086,56.5822,0.000149456,44.6796,71.2245,4.66214e-05,50.6209,89.6543,1.45419e-05,57.3297,112.852,4.54748e-06,64.9129,142.051,1.43857e-06,73.4897,178.803,4.36618e-07,83.1934,225.062,1.40153e-07,94.1745,283.286,4.96378e-08,106.602,356.568,1.05434e-07,120.669,448.799,-6.49244e-08,136.59,564.873,1.70148e-07,154.611,710.948,-5.34594e-08,175.008,894.767,1.63407e-07,198.097,1126.06,8.04804e-08,224.231,1417.07,1.14667e-07,253.813,1783.15,-1.71227e-07,287.297,2243.62,-2.88466e-07,325.198,2822.67,-4.33651e-07,368.098,3550.67,7.9318e-08,416.657,4465.65,3.13319e-07,471.621,5615.16,3.4613e-07,533.835,7058.61,-1.19199e-07,604.255,8870.02,-2.79964e-07,683.962,11141.4,-2.30521e-07,774.182,13986.7,-2.55099e-07,876.299,17546.4,1.23585e-07,991.883,21993.1,1.41192e-07,1122.71,27536.7,-9.71886e-08,1270.78,34430.7,-3.68368e-07,1438.38,42977.7,-3.45379e-07,1628.07,53532.7,-3.25328e-09,1842.77,66504.6,2.6362e-07,2085.77,82350.2,2.53445e-07,2360.79,101560,-2.47407e-08,2672.05,124632,-3.80602e-07,3024.31,152018,-4.79005e-07,3422.98,184060,-1.14379e-07,3874.15,220884,2.64297e-07,4384.72,262283,3.44131e-07,4962.49,307576,7.5349e-08,5616.29,355497,-3.63097e-07,6356.1,404126,-6.05442e-07,7193.18,450932,-2.72333e-07,8140.28,492963,2.29675e-07,9211.79,527178,4.3387e-07,10424,550893,-1.0711e-07,10.102,8.06553,2.81012,10.6436,8.57909,0.869423,11.5336,10.2515,0.270869,12.7211,12.7138,0.0844293,14.1823,15.9373,0.0263173,15.9122,20.0383,0.0082035,17.9198,25.2154,0.00255722,20.2244,31.7373,0.000797017,22.8539,39.9486,0.000248622,25.8438,50.2851,7.75492e-05,29.237,63.2963,2.42508e-05,33.0837,79.6738,7.67162e-06,37.4415,100.288,2.32837e-06,42.3767,126.236,7.33e-07,47.9646,158.896,2.79256e-07,54.2906,200.003,9.87351e-09,61.452,251.741,1.61085e-07,69.5585,316.859,-2.47141e-07,78.7347,398.812,8.93552e-08,89.1218,501.948,-2.53231e-07,100.879,631.736,-1.25047e-07,114.188,795.049,-1.78808e-07,129.252,1000.53,2.6733e-07,146.304,1259.03,4.50292e-07,165.605,1584.19,6.76904e-07,187.452,1993.12,-1.23808e-07,212.181,2507.27,-4.89068e-07,240.173,3153.54,-5.40284e-07,271.856,3965.56,1.86061e-07,307.719,4985.38,4.37004e-07,348.313,6265.4,3.59828e-07,394.26,7870.83,3.98192e-07,446.268,9882.51,-1.92908e-07,505.135,12400.3,-2.20392e-07,571.766,15546.9,1.51705e-07,647.184,19472.2,5.74996e-07,732.547,24357.4,5.39112e-07,829.167,30420,5.07815e-09,938.526,37916.3,-4.11492e-07,1062.3,47143.9,-3.9561e-07,1202.4,58439.2,3.86185e-08,1360.96,72169.3,5.94093e-07,1540.42,88715.8,7.47693e-07,1743.53,108445,1.78537e-07,1973.41,131665,-4.12549e-07,2233.57,158557,-5.37164e-07,2528,189103,-1.17615e-07,2861.2,222986,5.66769e-07,3238.27,259510,9.45053e-07,3664.97,297540,4.25093e-07,4147.81,335497,-3.58506e-07,4694.17,371444,-6.7724e-07,5312.37,403256,1.67192e-07,1.61744,3.89446,9.84394,3.28846,7.5504,12.774,5.07607,11.7187,13.6844,7.03202,16.8147,13.9681,9.20215,23.1769,14.0566,11.6301,31.1672,14.0841,14.3598,41.2186,14.0927,17.4376,53.8688,14.0954,20.9137,69.7915,14.0962,24.8432,89.8341,14.0965,29.2879,115.063,14.0966,34.3168,146.819,14.0966,40.0078,186.792,14.0966,46.4487,237.107,14.0966,53.7388,300.44,14.0966,61.9903,380.158,14.0966,71.3301,480.499,14.0966,81.902,606.796,14.0966,93.8685,765.761,14.0966,107.414,965.837,14.0966,122.746,1217.65,14.0966,140.101,1534.57,14.0966,159.745,1933.41,14.0966,181.981,2435.3,14.0966,207.15,3066.85,14.0966,235.64,3861.46,14.0966,267.889,4861.11,14.0966,304.391,6118.54,14.0966,345.709,7699.91,14.0966,392.478,9688.22,14.0966,445.417,12187.5,14.0966,505.339,15327.7,14.0966,573.165,19271.6,14.0966,649.938,24222,14.0966,736.839,30430.9,14.0966,835.202,38211.5,14.0966,946.539,47950.3,14.0966,1072.56,60122.8,14.0966,1215.21,75309.9,14.0966,1376.66,94216.2,14.0966,1559.41,117688,14.0966,1766.26,146729,14.0966,2000.39,182510,14.0966,2265.39,226372,14.0966,2565.33,279806,14.0966,2904.81,344416,14.0966,3289.05,421845,14.0966,3723.93,513667,14.0966,4216.13,621231,14.0966,4773.18,745478,14.0966,5403.64,886744,14.0966,6117.15,1.04457e+06,14.0966,6924.63,1.2176e+06,14.0966,11.7194,11.96,12.6541,13.9321,16.1295,13.6434,16.6097,21.9702,13.9553,19.7532,29.5285,14.0526,23.3844,39.1143,14.0829,27.5423,51.2054,14.0923,32.2796,66.434,14.0953,37.662,85.6061,14.0962,43.7675,109.74,14.0965,50.687,140.119,14.0966,58.5249,178.359,14.0966,67.4005,226.493,14.0966,77.4493,287.08,14.0966,88.8254,363.343,14.0966,101.703,459.336,14.0966,116.281,580.161,14.0966,132.782,732.241,14.0966,151.46,923.655,14.0966,172.603,1164.57,14.0966,196.535,1467.79,14.0966,223.625,1849.39,14.0966,254.288,2329.62,14.0966,288.997,2933.93,14.0966,328.285,3694.33,14.0966,372.755,4651.04,14.0966,423.092,5854.57,14.0966,480.07,7368.38,14.0966,544.564,9272.08,14.0966,617.566,11665.5,14.0966,700.197,14673.6,14.0966,793.729,18452.9,14.0966,899.599,23198.6,14.0966,1019.43,29154.1,14.0966,1155.07,36622.3,14.0966,1308.6,45977.9,14.0966,1482.39,57683.7,14.0966,1679.09,72307.8,14.0966,1901.73,90542.8,14.0966,2153.73,113226,14.0966,2438.97,141360,14.0966,2761.81,176127,14.0966,3127.22,218898,14.0966,3540.81,271226,14.0966,4008.92,334817,14.0966,4538.74,411470,14.0966,5138.38,502973,14.0966,5817.04,610948,14.0966,6585.12,736653,14.0966,7454.39,880741,14.0966,8438.15,1.04302e+06,14.0966,9551.45,1.22224e+06,14.0966,10811.3,1.41602e+06,14.0966,12237,1.62086e+06,14.0966,11.7194,11.96,12.6541,2.21263,4.16949,0.989383,2.67766,5.84076,0.311842,3.14343,7.55825,0.0972771,3.63127,9.58578,0.0303237,4.15787,12.0912,0.00945211,4.73731,15.2286,0.00294633,5.38238,19.1721,0.000918508,6.10553,24.134,0.000286163,6.91951,30.3791,8.92692e-05,7.83792,38.2397,2.78121e-05,8.87555,48.1338,8.65134e-06,10.0489,60.5876,2.7882e-06,11.3761,76.2629,8.29036e-07,12.8779,95.9927,2.4373e-07,14.5775,120.825,4.33068e-09,16.5012,152.08,1.75749e-07,18.6784,191.415,-1.86328e-07,21.1428,240.917,1.91829e-07,23.9322,303.213,-1.81475e-07,27.0895,381.602,7.0186e-08,30.6634,480.231,-2.86769e-08,34.7087,604.316,2.40784e-07,39.2876,760.401,9.87368e-08,44.4705,956.705,1.22263e-07,50.3371,1203.54,-4.31966e-07,56.9776,1513.81,-1.9705e-07,64.494,1903.69,-2.763e-08,73.0018,2393.4,3.9185e-07,82.6317,3008.13,1.35379e-07,93.5318,3779.25,-4.16351e-08,105.869,4745.7,2.06965e-08,119.834,5955.6,-3.18887e-07,135.641,7468.12,-1.48271e-08,153.531,9355.62,2.00739e-07,173.781,11705.8,2.28358e-07,196.701,14624.1,-1.93587e-08,222.642,18235,-2.88101e-07,252.003,22683.4,-2.24732e-07,285.234,28134,8.56806e-09,322.845,34767,2.34258e-07,365.413,42770.9,2.99668e-07,413.588,52327.9,8.28644e-08,468.111,63591.2,-3.07049e-07,529.814,76653.2,-3.1888e-07,599.642,91502.5,-6.72276e-08,678.662,107975,2.26339e-07,768.083,125705,3.69212e-07,869.267,144088,2.04077e-07,983.76,162277,-2.80509e-07,1113.3,179223,-4.22737e-07,1259.87,193777,-1.71951e-07,1425.68,204839,4.55555e-07,11.7194,11.96,12.6541,2.21263,4.16949,0.989383,2.67766,5.84076,0.311842,3.14343,7.55825,0.0972771,3.63127,9.58578,0.0303237,4.15787,12.0912,0.00945211,4.73731,15.2286,0.00294633,5.38238,19.1721,0.000918508,6.10553,24.134,0.000286163,6.91951,30.3791,8.92692e-05,7.83792,38.2397,2.78121e-05,8.87555,48.1338,8.65134e-06,10.0489,60.5876,2.7882e-06,11.3761,76.2629,8.29036e-07,12.8779,95.9927,2.4373e-07,14.5775,120.825,1e-08,16.5012,152.08,1.75749e-07,18.6784,191.415,1e-08,21.1428,240.917,1.91829e-07,23.9322,303.213,1e-08,27.0895,381.602,7.0186e-08,30.6634,480.231,1e-08,34.7087,604.316,2.40784e-07,39.2876,760.401,9.87368e-08,44.4705,956.705,1.22263e-07,50.3371,1203.54,1e-08,56.9776,1513.81,1e-08,64.494,1903.69,1e-08,73.0018,2393.4,3.9185e-07,82.6317,3008.13,1.35379e-07,93.5318,3779.25,1e-08,105.869,4745.7,2.06965e-08,119.834,5955.6,1e-08,135.641,7468.12,1e-08,153.531,9355.62,2.00739e-07,173.781,11705.8,2.28358e-07,196.701,14624.1,1e-08,222.642,18235,1e-08,252.003,22683.4,1e-08,285.234,28134,1e-08,322.845,34767,2.34258e-07,365.413,42770.9,2.99668e-07,413.588,52327.9,8.28644e-08,468.111,63591.2,1e-08,529.814,76653.2,1e-08,599.642,91502.5,1e-08,678.662,107975,2.26339e-07,768.083,125705,3.69212e-07,869.267,144088,2.04077e-07,983.76,162277,1e-08,1113.3,179223,1e-08,1259.87,193777,1e-08,1425.68,204839,4.55555e-07,6.2823,3.27286,2.43537,0.219672,6.18826,2.24117,0.56371,6.87772,2.63624,0.308279,0,9,9,3,4,0,4,4,0,0,8,0,5,8,0,5,6,0,8,15,0,4,26,0,8,16,0,9,37,0,4,71,0,8,99,0,5,119,0,10,46,0,6,96,0,5,130,0,11,103,0,21,305,0,14,169,0,23,309,0,17,437,0,56,699,0,28,889,0,39,690,0,52,303,0,14,1238,0,104,876,0,71,1618,0,55,3358,0,67,2691,0,203,5645,0,221,3248,0,226,7776,0,216,11851,0,129,9371,0,176,9190,0,186,25514,0,170,18392,0,294,9173,0,82,34956,0,568,15481,0,316,26540,0,764,49773,0,475,68672,0,334,51660,0,289,135816,0,377,66632,0,1603,88892,0,657,106986,0,939,228404,0,1305,180589,0,1552,206777,0,1311,75080,0
-1.05176e+08,1,8.88811e-15,10,1023,0,1.05176e+08,0.528882,1.08665,0.389689,0.145397,0.379329,3.24381,0.161596,0.446195,1.77396,0.159177,1.15e+07,4.49998e+06,6.79999e+06,1.15e+07,4.49997e+06,6.79999e+06,1.15e+07,4.49996e+06,6.79999e+06,1.15e+07,4.49995e+06,6.79999e+06,1.14999e+07,4.49993e+06,6.79999e+06,1.14999e+07,4.49991e+06,6.79999e+06,1.14999e+07,4.49989e+06,6.79999e+06,1.14999e+07,4.49986e+06,6.79999e+06,1.14999e+07,4.49982e+06,6.79999e+06,1.14999e+07,4.49977e+06,6.79999e+06,1.14999e+07,4.49971e+06,6.79999e+06,1.14999e+07,4.49963e+06,6.79999e+06,1.14998e+07,4.49953e+06,6.79999e+06,1.14998e+07,4.49941e+06,6.79999e+06,1.14998e+07,4.49926e+06,6.79999e+06,1.14998e+07,4.49906e+06,6.79999e+06,1.14997e+07,4.49882e+06,6.79999e+06,1.14997e+07,4.49851e+06,6.79999e+06,1.14997e+07,4.49812e+06,6.79999e+06,1.14996e+07,4.49764e+06,6.79999e+06,1.14996e+07,4.49702e+06,6.79999e+06,1.14995e+07,4.49625e+06,6.79999e+06,1.14995e+07,4.49528e+06,6.79999e+06,1.14994e+07,4.49406e+06,6.79999e+06,1.14993e+07,4.49253e+06,6.79999e+06,1.14992e+07,4.49059e+06,6.79999e+06,1.14991e+07,4.48817e+06,6.79999e+06,1.1499e+07,4.48511e+06,6.79999e+06,1.14988e+07,4.48128e+06,6.79999e+06,1.14987e+07,4.47646e+06,6.79999e+06,1.14985e+07,4.47041e+06,6.79999e+06,1.14983e+07,4.46281e+06,6.79999e+06,1.14981e+07,4.4533e+06,6.79999e+06,1.14979e+07,4.44138e+06,6.79999e+06,1.14976e+07,4.42649e+06,6.79999e+06,1.14972e+07,4.40789e+06,6.79999e+06,1.14969e+07,4.38471e+06,6.79999e+06,1.14965e+07,4.35592e+06,6.79999e+06,1.1496e+07,4.32027e+06,6.79999e+06,1.14955e+07,4.27629e+06,6.79999e+06,1.14949e+07,4.22231e+06,6.79999e+06,1.14942e+07,4.15647e+06,6.79999e+06,1.14934e+07,4.07676e+06,6.79999e+06,1.14926e+07,3.98112e+06,6.79999e+06,1.14916e+07,3.86765e+06,6.79999e+06,1.14905e+07,3.73474e+06,6.79999e+06,1.14892e+07,3.58148e+06,6.79999e+06,1.14878e+07,3.40785e+06,6.79999e+06,1.14862e+07,3.21513e+06,6.79999e+06,1.14844e+07,3.00605e+06,6.79999e+06,1.14823e+07,2.7848e+06,6.79999e+06,1.148e+07,2.5568e+06,6.79999e+06,1.14773e+07,2.32825e+06,6.79999e+06,13.5742,8.52444,0.508366,16.8306,13.2585,0.162638,20.0035,17.569,0.0507846,23.2616,22.4214,0.0158319,26.7328,28.3297,0.00493498,30.5212,35.6974,0.00153831,34.7178,44.9473,0.000479527,39.4086,56.5822,0.000149456,44.6796,71.2245,4.66214e-05,50.6209,89.6543,1.45419e-05,57.3297,112.852,4.54748e-06,64.9129,142.051,1.43857e-06,73.4897,178.803,4.36618e-07,83.1934,225.062,1.40153e-07,94.1745,283.286,4.96378e-08,106.602,356.568,1.05434e-07,120.669,448.799,-6.49244e-08,136.59,564.873,1.70148e-07,154.611,710.948,-5.34594e-08,175.008,894.767,1.63407e-07,198.097,1126.06,8.04804e-08,224.231,1417.07,1.14667e-07,253.813,1783.15,-1.71227e-07,287.297,2243.62,-2.88466e-07,325.198,2822.67,-4.33651e-07,368.098,3550.67,7.9318e-08,416.657,4465.65,3.13319e-07,471.621,5615.16,3.4613e-07,533.835,7058.61,-1.19199e-07,604.255,8870.02,-2.79964e-07,683.962,11141.4,-2.30521e-07,774.182,13986.7,-2.55099e-07,876.299,17546.4,1.23585e-07,991.883,21993.1,1.41192e-07,1122.71,27536.7,-9.71886e-08,1270.78,34430.7,-3.68368e-07,1438.38,42977.7,-3.45379e-07,1628.07,53532.7,-3.25328e-09,1842.77,66504.6,2.6362e-07,2085.77,82350.2,2.53445e-07,2360.79,101560,-2.47407e-08,2672.05,124632,-3.80602e-07,3024.31,152018,-4.79005e-07,3422.98,184060,-1.14379e-07,3874.15,220884,2.64297e-07,4384.72,262283,3.44131e-07,4962.49,307576,7.5349e-08,5616.29,355497,-3.63097e-07,6356.1,404126,-6.05442e-07,7193.18,450932,-2.72333e-07,8140.28,492963,2.29675e-07,9211.79,527178,4.3387e-07,10424,550893,-1.0711e-07,10.102,8.06553,2.81012,10.6436,8.57909,0.869423,11.5336,10.2515,0.270869,12.7211,12.7138,0.0844293,14.1823,15.9373,0.0263173,15.9122,20.0383,0.0082035,17.9198,25.2154,0.00255722,20.2244,31.7373,0.000797017,22.8539,39.9486,0.000248622,25.8438,50.2851,7.75492e-05,29.237,63.2963,2.42508e-05,33.0837,79.6738,7.67162e-06,37.4415,100.288,2.32837e-06,42.3767,126.236,7.33e-07,47.9646,158.896,2.79256e-07,54.2906,200.003,9.87351e-09,61.452,251.741,1.61085e-07,69.5585,316.859,-2.47141e-07,78.7347,398.812,8.93552e-08,89.1218,501.948,-2.53231e-07,100.879,631.736,-1.25047e-07,114.188,795.049,-1.78808e-07,129.252,1000.53,2.6733e-07,146.304,1259.03,4.50292e-07,165.605,1584.19,6.76904e-07,187.452,1993.12,-1.23808e-07,212.181,2507.27,-4.89068e-07,240.173,3153.54,-5.40284e-07,271.856,3965.56,1.86061e-07,307.719,4985.38,4.37004e-07,348.313,6265.4,3.59828e-07,394.26,7870.83,3.98192e-07,446.268,9882.51,-1.92908e-07,505.135,12400.3,-2.20392e-07,571.766,15546.9,1.51705e-07,647.184,19472.2,5.74996e-07,732.547,24357.4,5.39112e-07,829.167,30420,5.07815e-09,938.526,37916.3,-4.11492e-07,1062.3,47143.9,-3.9561e-07,1202.4,58439.2,3.86185e-08,1360.96,72169.3,5.94093e-07,1540.42,88715.8,7.47693e-07,1743.53,108445,1.78537e-07,1973.41,131665,-4.12549e-07,2233.57,158557,-5.37164e-07,2528,189103,-1.17615e-07,2861.2,222986,5.66769e-07,3238.27,259510,9.45053e-07,3664.97,297540,4.25093e-07,4147.81,335497,-3.58506e-07,4694.17,371444,-6.7724e-07,5312.37,403256,1.67192e-07,1.61744,3.89446,9.84394,3.28846,7.5504,12.774,5.07607,11.7187,13.6844,7.03202,16.8147,13.9681,9.20215,23.1769,14.0566,11.6301,31.1672,14.0841,14.3598,41.2186,14.0927,17.4376,53.8688,14.0954,20.9137,69.7915,14.0962,24.8432,89.8341,14.0965,29.2879,115.063,14.0966,34.3168,146.819,14.0966,40.0078,186.792,14.0966,46.4487,237.107,14.0966,53.7388,300.44,14.0966,61.9903,380.158,14.0966,71.3301,480.499,14.0966,81.902,606.796,14.0966,93.8685,765.761,14.0966,107.414,965.837,14.0966,122.746,1217.65,14.0966,140.101,1534.57,14.0966,159.745,1933.41,14.0966,181.981,2435.3,14.0966,207.15,3066.85,14.0966,235.64,3861.46,14.0966,267.889,4861.11,14.0966,304.391,6118.54,14.0966,345.709,7699.91,14.0966,392.478,9688.22,14.0966,445.417,12187.5,14.0966,505.339,15327.7,14.0966,573.165,19271.6,14.0966,649.938,24222,14.0966,736.839,30430.9,14.0966,835.202,38211.5,14.0966,946.539,47950.3,14.0966,1072.56,60122.8,14.0966,1215.21,75309.9,14.0966,1376.66,94216.2,14.0966,1559.41,117688,14.0966,1766.26,146729,14.0966,2000.39,182510,14.0966,2265.39,226372,14.0966,2565.33,279806,14.0966,2904.81,344416,14.0966,3289.05,421845,14.0966,3723.93,513667,14.0966,4216.13,621231,14.0966,4773.18,745478,14.0966,5403.64,886744,14.0966,6117.15,1.04457e+06,14.0966,6924.63,1.2176e+06,14.0966,11.7194,11.96,12.6541,13.9321,16.1295,13.6434,16.6097,21.9702,13.9553,19.7532,29.5285,14.0526,23.3844,39.1143,14.0829,27.5423,51.2054,14.0923,32.2796,66.434,14.0953,37.662,85.6061,14.0962,43.7675,109.74,14.0965,50.687,140.119,14.0966,58.5249,178.359,14.0966,67.4005,226.493,14.0966,77.4493,287.08,14.0966,88.8254,363.343,14.0966,101.703,459.336,14.0966,116.281,580.161,14.0966,132.782,732.241,14.0966,151.46,923.655,14.0966,172.603,1164.57,14.0966,196.535,1467.79,14.0966,223.625,1849.39,14.0966,254.288,2329.62,14.0966,288.997,2933.93,14.0966,328.285,3694.33,14.0966,372.755,4651.04,14.0966,423.092,5854.57,14.0966,480.07,7368.38,14.0966,544.564,9272.08,14.0966,617.566,11665.5,14.0966,700.197,14673.6,14.0966,793.729,18452.9,14.0966,899.599,23198.6,14.0966,1019.43,29154.1,14.0966,1155.07,36622.3,14.0966,1308.6,45977.9,14.0966,1482.39,57683.7,14.0966,1679.09,72307.8,14.0966,1901.73,90542.8,14.0966,2153.73,113226,14.0966,2438.97,141360,14.0966,2761.81,176127,14.0966,3127.22,218898,14.0966,3540.81,271226,14.0966,4008.92,334817,14.0966,4538.74,411470,14.0966,5138.38,502973,14.0966,5817.04,610948,14.0966,6585.12,736653,14.0966,7454.39,880741,14.0966,8438.15,1.04302e+06,14.0966,9551.45,1.22224e+06,14.0966,10811.3,1.41602e+06,14.0966,12237,1.62086e+06,14.0966,11.7194,11.96,12.6541,2.21263,4.16949,0.989383,2.67766,5.84076,0.311842,3.14343,7.55825,0.0972771,3.63127,9.58578,0.0303237,4.15787,12.0912,0.00945211,4.73731,15.2286,0.00294633,5.38238,19.1721,0.000918508,6.10553,24.134,0.000286163,6.91951,30.3791,8.92692e-05,7.83792,38.2397,2.78121e-05,8.87555,48.1338,8.65134e-06,10.0489,60.5876,2.7882e-06,11.3761,76.2629,8.29036e-07,12.8779,95.9927,2.4373e-07,14.5775,120.825,4.33068e-09,16.5012,152.08,1.75749e-07,18.6784,191.415,-1.86328e-07,21.1428,240.917,1.91829e-07,23.9322,303.213,-1.81475e-07,27.0895,381.602,7.0186e-08,30.6634,480.231,-2.86769e-08,34.7087,604.316,2.40784e-07,39.2876,760.401,9.87368e-08,44.4705,956.705,1.22263e-07,50.3371,1203.54,-4.31966e-07,56.9776,1513.81,-1.9705e-07,64.494,1903.69,-2.763e-08,73.0018,2393.4,3.9185e-07,82.6317,3008.13,1.35379e-07,93.5318,3779.25,-4.16351e-08,105.869,4745.7,2.06965e-08,119.834,5955.6,-3.18887e-07,135.641,7468.12,-1.48271e-08,153.531,9355.62,2.00739e-07,173.781,11705.8,2.28358e-07,196.701,14624.1,-1.93587e-08,222.642,18235,-2.88101e-07,252.003,22683.4,-2.24732e-07,285.234,28134,8.56806e-09,322.845,34767,2.34258e-07,365.413,42770.9,2.99668e-07,413.588,52327.9,8.28644e-08,468.111,63591.2,-3.07049e-07,529.814,76653.2,-3.1888e-07,599.642,91502.5,-6.72276e-08,678.662,107975,2.26339e-07,768.083,125705,3.69212e-07,869.267,144088,2.04077e-07,983.76,162277,-2.80509e-07,1113.3,179223,-4.22737e-07,1259.87,193777,-1.71951e-07,1425.68,204839,4.55555e-07,11.7194,11.96,12.6541,2.21263,4.16949,0.989383,2.67766,5.84076,0.311842,3.14343,7.55825,0.0972771,3.63127,9.58578,0.0303237,4.15787,12.0912,0.00945211,4.73731,15.2286,0.00294633,5.38238,19.1721,0.000918508,6.10553,24.134,0.000286163,6.91951,30.3791,8.92692e-05,7.83792,38.2397,2.78121e-05,8.87555,48.1338,8.65134e-06,10.0489,60.5876,2.7882e-06,11.3761,76.2629,8.29036e-07,12.8779,95.9927,2.4373e-07,14.5775,120.825,1e-08,16.5012,152.08,1.75749e-07,18.6784,191.415,1e-08,21.1428,240.917,1.91829e-07,23.9322,303.213,1e-08,27.0895,381.602,7.0186e-08,30.6634,480.231,1e-08,34.7087,604.316,2.40784e-07,39.2876,760.401,9.87368e-08,44.4705,956.705,1.22263e-07,50.3371,1203.54,1e-08,56.9776,1513.81,1e-08,64.494,1903.69,1e-08,73.0018,2393.4,3.9185e-07,82.6317,3008.13,1.35379e-07,93.5318,3779.25,1e-08,105.869,4745.7,2.06965e-08,119.834,5955.6,1e-08,135.641,7468.12,1e-08,153.531,9355.62,2.00739e-07,173.781,11705.8,2.28358e-07,196.701,14624.1,1e-08,222.642,18235,1e-08,252.003,22683.4,1e-08,285.234,28134,1e-08,322.845,34767,2.34258e-07,365.413,42770.9,2.99668e-07,413.588,52327.9,8.28644e-08,468.111,63591.2,1e-08,529.814,76653.2,1e-08,599.642,91502.5,1e-08,678.662,107975,2.26339e-07,768.083,125705,3.69212e-07,869.267,144088,2.04077e-07,983.76,162277,1e-08,1113.3,179223,1e-08,1259.87,193777,1e-08,1425.68,204839,4.55555e-07,6.2823,3.27286,2.43537,0.219672,6.18826,2.24117,0.56371,6.87772,2.63624,0.308279,17,11,27,0,1,1,2,5,0,4,9,1,8,5,0,4,7,0,5,19,1,2,5,0,6,26,0,9,49,0,9,75,0,2,57,0,14,61,0,10,44,0,10,68,0,12,83,0,23,178,0,25,189,0,19,353,0,15,456,0,21,507,0,21,414,0,15,473,0,46,1063,0,20,960,0,38,2088,0,38,1690,0,70,1298,0,63,4730,0,65,2035,0,111,5571,0,177,4991,0,106,12480,0,163,3730,0,187,9306,0,114,10175,0,139,17167,0,297,29191,0,350,41590,0,215,30457,0,379,34745,0,732,30675,0,174,47900,0,481,130663,0,428,59393,0,629,73158,0,443,84245,0,525,137203,0,890,137683,0,641,123789,0,449,149240,0,593,237583,0,1906,168962,0
-1.05176e+08,1,8.88811e-15,10,1023,0,1.05176e+08,0.528882,1.08665,0.389689,0.145397,0.379329,3.24381,0.161596,0.446195,1.77396,0.159177,1.15e+07,4.49998e+06,6.79999e+06,1.15e+07,4.49997e+06,6.79999e+06,1.15e+07,4.49996e+06,6.79999e+06,1.15e+07,4.49995e+06,6.79999e+06,1.14999e+07,4.49993e+06,6.79999e+06,1.14999e+07,4.49991e+06,6.79999e+06,1.14999e+07,4.49989e+06,6.79999e+06,1.14999e+07,4.49986e+06,6.79999e+06,1.14999e+07,4.49982e+06,6.79999e+06,1.14999e+07,4.49977e+06,6.79999e+06,1.14999e+07,4.49971e+06,6.79999e+06,1.14999e+07,4.49963e+06,6.79999e+06,1.14998e+07,4.49953e+06,6.79999e+06,1.14998e+07,4.49941e+06,6.79999e+06,1.14998e+07,4.49926e+06,6.79999e+06,1.14998e+07,4.49906e+06,6.79999e+06,1.14997e+07,4.49882e+06,6.79999e+06,1.14997e+07,4.49851e+06,6.79999e+06,1.14997e+07,4.49812e+06,6.79999e+06,1.14996e+07,4.49764e+06,6.79999e+06,1.14996e+07,4.49702e+06,6.79999e+06,1.14995e+07,4.49625e+06,6.79999e+06,1.14995e+07,4.49528e+06,6.79999e+06,1.14994e+07,4.49406e+06,6.79999e+06,1.14993e+07,4.49253e+06,6.79999e+06,1.14992e+07,4.49059e+06,6.79999e+06,1.14991e+07,4.48817e+06,6.79999e+06,1.1499e+07,4.48511e+06,6.79999e+06,1.14988e+07,4.48128e+06,6.79999e+06,1.14987e+07,4.47646e+06,6.79999e+06,1.14985e+07,4.47041e+06,6.79999e+06,1.14983e+07,4.46281e+06,6.79999e+06,1.14981e+07,4.4533e+06,6.79999e+06,1.14979e+07,4.44138e+06,6.79999e+06,1.14976e+07,4.42649e+06,6.79999e+06,1.14972e+07,4.40789e+06,6.79999e+06,1.14969e+07,4.38471e+06,6.79999e+06,1.14965e+07,4.35592e+06,6.79999e+06,1.1496e+07,4.32027e+06,6.79999e+06,1.14955e+07,4.27629e+06,6.79999e+06,1.14949e+07,4.22231e+06,6.79999e+06,1.14942e+07,4.15647e+06,6.79999e+06,1.14934e+07,4.07676e+06,6.79999e+06,1.14926e+07,3.98112e+06,6.79999e+06,1.14916e+07,3.86765e+06,6.79999e+06,1.14905e+07,3.73474e+06,6.79999e+06,1.14892e+07,3.58148e+06,6.79999e+06,1.14878e+07,3.40785e+06,6.79999e+06,1.14862e+07,3.21513e+06,6.79999e+06,1.14844e+07,3.00605e+06,6.79999e+06,1.14823e+07,2.7848e+06,6.79999e+06,1.148e+07,2.5568e+06,6.79999e+06,1.14773e+07,2.32825e+06,6.79999e+06,13.5742,8.52444,0.508366,16.8306,13.2585,0.162638,20.0035,17.569,0.0507846,23.2616,22.4214,0.0158319,26.7328,28.3297,0.00493498,30.5212,35.6974,0.00153831,34.7178,44.9473,0.000479527,39.4086,56.5822,0.000149456,44.6796,71.2245,4.66214e-05,50.6209,89.6543,1.45419e-05,57.3297,112.852,4.54748e-06,64.9129,142.051,1.43857e-06,73.4897,178.803,4.36618e-07,83.1934,225.062,1.40153e-07,94.1745,283.286,4.96378e-08,106.602,356.568,1.05434e-07,120.669,448.799,-6.49244e-08,136.59,564.873,1.70148e-07,154.611,710.948,-5.34594e-08,175.008,894.767,1.63407e-07,198.097,1126.06,8.04804e-08,224.231,1417.07,1.14667e-07,253.813,1783.15,-1.71227e-07,287.297,2243.62,-2.88466e-07,325.198,2822.67,-4.33651e-07,368.098,3550.67,7.9318e-08,416.657,4465.65,3.13319e-07,471.621,5615.16,3.4613e-07,533.835,7058.61,-1.19199e-07,604.255,8870.02,-2.79964e-07,683.962,11141.4,-2.30521e-07,774.182,13986.7,-2.55099e-07,876.299,17546.4,1.23585e-07,991.883,21993.1,1.41192e-07,1122.71,27536.7,-9.71886e-08,1270.78,34430.7,-3.68368e-07,1438.38,42977.7,-3.45379e-07,1628.07,53532.7,-3.25328e-09,1842.77,66504.6,2.6362e-07,2085.77,82350.2,2.53445e-07,2360.79,101560,-2.47407e-08,2672.05,124632,-3.80602e-07,3024.31,152018,-4.79005e-07,3422.98,184060,-1.14379e-07,3874.15,220884,2.64297e-07,4384.72,262283,3.44131e-07,4962.49,307576,7.5349e-08,5616.29,355497,-3.63097e-07,6356.1,404126,-6.05442e-07,7193.18,450932,-2.72333e-07,8140.28,492963,2.29675e-07,9211.79,527178,4.3387e-07,10424,550893,-1.0711e-07,10.102,8.06553,2.81012,10.6436,8.57909,0.869423,11.5336,10.2515,0.270869,12.7211,12.7138,0.0844293,14.1823,15.9373,0.0263173,15.9122,20.0383,0.0082035,17.9198,25.2154,0.00255722,20.2244,31.7373,0.000797017,22.8539,39.9486,0.000248622,25.8438,50.2851,7.75492e-05,29.237,63.2963,2.42508e-05,33.0837,79.6738,7.67162e-06,37.4415,100.288,2.32837e-06,42.3767,126.236,7.33e-07,47.9646,158.896,2.79256e-07,54.2906,200.003,9.87351e-09,61.452,251.741,1.61085e-07,69.5585,316.859,-2.47141e-07,78.7347,398.812,8.93552e-08,89.1218,501.948,-2.53231e-07,100.879,631.736,-1.25047e-07,114.188,795.049,-1.78808e-07,129.252,1000.53,2.6733e-07,146.304,1259.03,4.50292e-07,165.605,1584.19,6.76904e-07,187.452,1993.12,-1.23808e-07,212.181,2507.27,-4.89068e-07,240.173,3153.54,-5.40284e-07,271.856,3965.56,1.86061e-07,307.719,4985.38,4.37004e-07,348.313,6265.4,3.59828e-07,394.26,7870.83,3.98192e-07,446.268,9882.51,-1.92908e-07,505.135,12400.3,-2.20392e-07,571.766,15546.9,1.51705e-07,647.184,19472.2,5.74996e-07,732.547,24357.4,5.39112e-07,829.167,30420,5.07815e-09,938.526,37916.3,-4.11492e-07,1062.3,47143.9,-3.9561e-07,1202.4,58439.2,3.86185e-08,1360.96,72169.3,5.94093e-07,1540.42,88715.8,7.47693e-07,1743.53,108445,1.78537e-07,1973.41,131665,-4.12549e-07,2233.57,158557,-5.37164e-07,2528,189103,-1.17615e-07,2861.2,222986,5.66769e-07,3238.27,259510,9.45053e-07,3664.97,297540,4.25093e-07,4147.81,335497,-3.58506e-07,4694.17,371444,-6.7724e-07,5312.37,403256,1.67192e-07,1.61744,3.89446,9.84394,3.28846,7.5504,12.774,5.07607,11.7187,13.6844,7.03202,16.8147,13.9681,9.20215,23.1769,14.0566,11.6301,31.1672,14.0841,14.3598,41.2186,14.0927,17.4376,53.8688,14.0954,20.9137,69.7915,14.0962,24.8432,89.8341,14.0965,29.2879,115.063,14.0966,34.3168,146.819,14.0966,40.0078,186.792,14.0966,46.4487,237.107,14.0966,53.7388,300.44,14.0966,61.9903,380.158,14.0966,71.3301,480.499,14.0966,81.902,606.796,14.0966,93.8685,765.761,14.0966,107.414,965.837,14.0966,122.746,1217.65,14.0966,140.101,1534.57,14.0966,159.745,1933.41,14.0966,181.981,2435.3,14.0966,207.15,3066.85,14.0966,235.64,3861.46,14.0966,267.889,4861.11,14.0966,304.391,6118.54,14.0966,345.709,7699.91,14.0966,392.478,9688.22,14.0966,445.417,12187.5,14.0966,505.339,15327.7,14.0966,573.165,19271.6,14.0966,649.938,24222,14.0966,736.839,30430.9,14.0966,835.202,38211.5,14.0966,946.539,47950.3,14.0966,1072.56,60122.8,14.0966,1215.21,75309.9,14.0966,1376.66,94216.2,14.0966,1559.41,117688,14.0966,1766.26,146729,14.0966,2000.39,182510,14.0966,2265.39,226372,14.0966,2565.33,279806,14.0966,2904.81,344416,14.0966,3289.05,421845,14.0966,3723.93,513667,14.0966,4216.13,621231,14.0966,4773.18,745478,14.0966,5403.64,886744,14.0966,6117.15,1.04457e+06,14.0966,6924.63,1.2176e+06,14.0966,11.7194,11.96,12.6541,13.9321,16.1295,13.6434,16.6097,21.9702,13.9553,19.7532,29.5285,14.0526,23.3844,39.1143,14.0829,27.5423,51.2054,14.0923,32.2796,66.434,14.0953,37.662,85.6061,14.0962,43.7675,109.74,14.0965,50.687,140.119,14.0966,58.5249,178.359,14.0966,67.4005,226.493,14.0966,77.4493,287.08,14.0966,88.8254,363.343,14.0966,101.703,459.336,14.0966,116.281,580.161,14.0966,132.782,732.241,14.0966,151.46,923.655,14.0966,172.603,1164.57,14.0966,196.535,1467.79,14.0966,223.625,1849.39,14.0966,254.288,2329.62,14.0966,288.997,2933.93,14.0966,328.285,3694.33,14.0966,372.755,4651.04,14.0966,423.092,5854.57,14.0966,480.07,7368.38,14.0966,544.564,9272.08,14.0966,617.566,11665.5,14.0966,700.197,14673.6,14.0966,793.729,18452.9,14.0966,899.599,23198.6,14.0966,1019.43,29154.1,14.0966,1155.07,36622.3,14.0966,1308.6,45977.9,14.0966,1482.39,57683.7,14.0966,1679.09,72307.8,14.0966,1901.73,90542.8,14.0966,2153.73,113226,14.0966,2438.97,141360,14.0966,2761.81,176127,14.0966,3127.22,218898,14.0966,3540.81,271226,14.0966,4008.92,334817,14.0966,4538.74,411470,14.0966,5138.38,502973,14.0966,5817.04,610948,14.0966,6585.12,736653,14.0966,7454.39,880741,14.0966,8438.15,1.04302e+06,14.0966,9551.45,1.22224e+06,14.0966,10811.3,1.41602e+06,14.0966,12237,1.62086e+06,14.0966,11.7194,11.96,12.6541,2.21263,4.16949,0.989383,2.67766,5.84076,0.311842,3.14343,7.55825,0.0972771,3.63127,9.58578,0.0303237,4.15787,12.0912,0.00945211,4.73731,15.2286,0.00294633,5.38238,19.1721,0.000918508,6.10553,24.134,0.000286163,6.91951,30.3791,8.92692e-05,7.83792,38.2397,2.78121e-05,8.87555,48.1338,8.65134e-06,10.0489,60.5876,2.7882e-06,11.3761,76.2629,8.29036e-07,12.8779,95.9927,2.4373e-07,14.5775,120.825,4.33068e-09,16.5012,152.08,1.75749e-07,18.6784,191.415,-1.86328e-07,21.1428,240.917,1.91829e-07,23.9322,303.213,-1.81475e-07,27.0895,381.602,7.0186e-08,30.6634,480.231,-2.86769e-08,34.7087,604.316,2.40784e-07,39.2876,760.401,9.87368e-08,44.4705,956.705,1.22263e-07,50.3371,1203.54,-4.31966e-07,56.9776,1513.81,-1.9705e-07,64.494,1903.69,-2.763e-08,73.0018,2393.4,3.9185e-07,82.6317,3008.13,1.35379e-07,93.5318,3779.25,-4.16351e-08,105.869,4745.7,2.06965e-08,119.834,5955.6,-3.18887e-07,135.641,7468.12,-1.48271e-08,153.531,9355.62,2.00739e-07,173.781,11705.8,2.28358e-07,196.701,14624.1,-1.93587e-08,222.642,18235,-2.88101e-07,252.003,22683.4,-2.24732e-07,285.234,28134,8.56806e-09,322.845,34767,2.34258e-07,365.413,42770.9,2.99668e-07,413.588,52327.9,8.28644e-08,468.111,63591.2,-3.07049e-07,529.814,76653.2,-3.1888e-07,599.642,91502.5,-6.72276e-08,678.662,107975,2.26339e-07,768.083,125705,3.69212e-07,869.267,144088,2.04077e-07,983.76,162277,-2.80509e-07,1113.3,179223,-4.22737e-07,1259.87,193777,-1.71951e-07,1425.68,204839,4.55555e-07,11.7194,11.96,12.6541,2.21263,4.16949,0.989383,2.67766,5.84076,0.311842,3.14343,7.55825,0.0972771,3.63127,9.58578,0.0303237,4.15787,12.0912,0.00945211,4.73731,15.2286,0.00294633,5.38238,19.1721,0.000918508,6.10553,24.134,0.000286163,6.91951,30.3791,8.92692e-05,7.83792,38.2397,2.78121e-05,8.87555,48.1338,8.65134e-06,10.0489,60.5876,2.7882e-06,11.3761,76.2629,8.29036e-07,12.8779,95.9927,2.4373e-07,14.5775,120.825,1e-08,16.5012,152.08,1.75749e-07,18.6784,191.415,1e-08,21.1428,240.917,1.91829e-07,23.9322,303.213,1e-08,27.0895,381.602,7.0186e-08,30.6634,480.231,1e-08,34.7087,604.316,2.40784e-07,39.2876,760.401,9.87368e-08,44.4705,956.705,1.22263e-07,50.3371,1203.54,1e-08,56.9776,1513.81,1e-08,64.494,1903.69,1e-08,73.0018,2393.4,3.9185e-07,82.6317,3008.13,1.35379e-07,93.5318,3779.25,1e-08,105.869,4745.7,2.06965e-08,119.834,5955.6,1e-08,135.641,7468.12,1e-08,153.531,9355.62,2.00739e-07,173.781,11705.8,2.28358e-07,196.701,14624.1,1e-08,222.642,18235,1e-08,252.003,22683.4,1e-08,285.234,28134,1e-08,322.845,34767,2.34258e-07,365.413,42770.9,2.99668e-07,413.588,52327.9,8.28644e-08,468.111,63591.2,1e-08,529.814,76653.2,1e-08,599.642,91502.5,1e-08,678.662,107975,2.26339e-07,768.083,125705,3.69212e-07,869.267,144088,2.04077e-07,983.76,162277,1e-08,1113.3,179223,1e-08,1259.87,193777,1e-08,1425.68,204839,4.55555e-07,6.2823,3.27286,2.43537,0.219672,6.18826,2.24117,0.56371,6.87772,2.63624,0.308279,8,11,12,0,8,1,8,2,0,2,5,0,8,10,0,1,8,0,3,8,0,1,12,0,3,9,0,12,15,0,8,17,0,8,53,0,9,47,0,32,98,0,28,80,0,9,178,0,8,194,0,14,171,0,9,170,0,41,532,0,16,376,0,11,471,0,35,422,0,21,710,0,123,1299,0,62,1473,0,52,1444,0,23,2094,0,117,1803,0,37,2314,0,174,1758,0,51,7502,0,58,5778,0,90,10114,0,197,9675,0,68,12435,0,221,5309,0,68,28633,0,384,43203,0,216,34133,0,378,31484,0,575,24458,0,267,51045,0,340,26929,0,411,45050,0,601,45274,0,767,159617,0,256,140338,0,398,93278,0,515,85537,0,1823,167328,0,526,281077,0,2170,104941,0
-1.05176e+08,1,8.88811e-15,10,1023,0,1.05176e+08,0.528882,1.08665,0.389689,0.145397,0.379329,3.24381,0.161596,0.446195,1.77396,0.159177,1.15e+07,4.49998e+06,6.79999e+06,1.15e+07,4.49997e+06,6.79999e+06,1.15e+07,4.49996e+06,6.79999e+06,1.15e+07,4.49995e+06,6.79999e+06,1.14999e+07,4.49993e+06,6.79999e+06,1.14999e+07,4.49991e+06,6.79999e+06,1.14999e+07,4.49989e+06,6.79999e+06,1.14999e+07,4.49986e+06,6.79999e+06,1.14999e+07,4.49982e+06,6.79999e+06,1.14999e+07,4.49977e+06,6.79999e+06,1.14999e+07,4.49971e+06,6.79999e+06,1.14999e+07,4.49963e+06,6.79999e+06,1.14998e+07,4.49953e+06,6.79999e+06,1.14998e+07,4.49941e+06,6.79999e+06,1.14998e+07,4.49926e+06,6.79999e+06,1.14998e+07,4.49906e+06,6.79999e+06,1.14997e+07,4.49882e+06,6.79999e+06,1.14997e+07,4.49851e+06,6.79999e+06,1.14997e+07,4.49812e+06,6.79999e+06,1.14996e+07,4.49764e+06,6.79999e+06,1.14996e+07,4.49702e+06,6.79999e+06,1.14995e+07,4.49625e+06,6.79999e+06,1.14995e+07,4.49528e+06,6.79999e+06,1.14994e+07,4.49406e+06,6.79999e+06,1.14993e+07,4.49253e+06,6.79999e+06,1.14992e+07,4.49059e+06,6.79999e+06,1.14991e+07,4.48817e+06,6.79999e+06,1.1499e+07,4.48511e+06,6.79999e+06,1.14988e+07,4.48128e+06,6.79999e+06,1.14987e+07,4.47646e+06,6.79999e+06,1.14985e+07,4.47041e+06,6.79999e+06,1.14983e+07,4.46281e+06,6.79999e+06,1.14981e+07,4.4533e+06,6.79999e+06,1.14979e+07,4.44138e+06,6.79999e+06,1.14976e+07,4.42649e+06,6.79999e+06,1.14972e+07,4.40789e+06,6.79999e+06,1.14969e+07,4.38471e+06,6.79999e+06,1.14965e+07,4.35592e+06,6.79999e+06,1.1496e+07,4.32027e+06,6.79999e+06,1.14955e+07,4.27629e+06,6.79999e+06,1.14949e+07,4.22231e+06,6.79999e+06,1.14942e+07,4.15647e+06,6.79999e+06,1.14934e+07,4.07676e+06,6.79999e+06,1.14926e+07,3.98112e+06,6.79999e+06,1.14916e+07,3.86765e+06,6.79999e+06,1.14905e+07,3.73474e+06,6.79999e+06,1.14892e+07,3.58148e+06,6.79999e+06,1.14878e+07,3.40785e+06,6.79999e+06,1.14862e+07,3.21513e+06,6.79999e+06,1.14844e+07,3.00605e+06,6.79999e+06,1.14823e+07,2.7848e+06,6.79999e+06,1.148e+07,2.5568e+06,6.79999e+06,1.14773e+07,2.32825e+06,6.79999e+06,13.5742,8.52444,0.508366,16.8306,13.2585,0.162638,20.0035,17.569,0.0507846,23.2616,22.4214,0.0158319,26.7328,28.3297,0.00493498,30.5212,35.6974,0.00153831,34.7178,44.9473,0.000479527,39.4086,56.5822,0.000149456,44.6796,71.2245,4.66214e-05,50.6209,89.6543,1.45419e-05,57.3297,112.852,4.54748e-06,64.9129,142.051,1.43857e-06,73.4897,178.803,4.36618e-07,83.1934,225.062,1.40153e-07,94.1745,283.286,4.96378e-08,106.602,356.568,1.05434e-07,120.669,448.799,-6.49244e-08,136.59,564.873,1.70148e-07,154.611,710.948,-5.34594e-08,175.008,894.767,1.63407e-07,198.097,1126.06,8.04804e-08,224.231,1417.07,1.14667e-07,253.813,1783.15,-1.71227e-07,287.297,2243.62,-2.88466e-07,325.198,2822.67,-4.33651e-07,368.098,3550.67,7.9318e-08,416.657,4465.65,3.13319e-07,471.621,5615.16,3.4613e-07,533.835,7058.61,-1.19199e-07,604.255,8870.02,-2.79964e-07,683.962,11141.4,-2.30521e-07,774.182,13986.7,-2.55099e-07,876.299,17546.4,1.23585e-07,991.883,21993.1,1.41192e-07,1122.71,27536.7,-9.71886e-08,1270.78,34430.7,-3.68368e-07,1438.38,42977.7,-3.45379e-07,1628.07,53532.7,-3.25328e-09,1842.77,66504.6,2.6362e-07,2085.77,82350.2,2.53445e-07,2360.79,101560,-2.47407e-08,2672.05,124632,-3.80602e-07,3024.31,152018,-4.79005e-07,3422.98,184060,-1.14379e-07,3874.15,220884,2.64297e-07,4384.72,262283,3.44131e-07,4962.49,307576,7.5349e-08,5616.29,355497,-3.63097e-07,6356.1,404126,-6.05442e-07,7193.18,450932,-2.72333e-07,8140.28,492963,2.29675e-07,9211.79,527178,4.3387e-07,10424,550893,-1.0711e-07,10.102,8.06553,2.81012,10.6436,8.57909,0.869423,11.5336,10.2515,0.270869,12.7211,12.7138,0.0844293,14.1823,15.9373,0.0263173,15.9122,20.0383,0.0082035,17.9198,25.2154,0.00255722,20.2244,31.7373,0.000797017,22.8539,39.9486,0.000248622,25.8438,50.2851,7.75492e-05,29.237,63.2963,2.42508e-05,33.0837,79.6738,7.67162e-06,37.4415,100.288,2.32837e-06,42.3767,126.236,7.33e-07,47.9646,158.896,2.79256e-07,54.2906,200.003,9.87351e-09,61.452,251.741,1.61085e-07,69.5585,316.859,-2.47141e-07,78.7347,398.812,8.93552e-08,89.1218,501.948,-2.53231e-07,100.879,631.736,-1.25047e-07,114.188,795.049,-1.78808e-07,129.252,1000.53,2.6733e-07,146.304,1259.03,4.50292e-07,165.605,1584.19,6.76904e-07,187.452,1993.12,-1.23808e-07,212.181,2507.27,-4.89068e-07,240.173,3153.54,-5.40284e-07,271.856,3965.56,1.86061e-07,307.719,4985.38,4.37004e-07,348.313,6265.4,3.59828e-07,394.26,7870.83,3.98192e-07,446.268,9882.51,-1.92908e-07,505.135,12400.3,-2.20392e-07,571.766,15546.9,1.51705e-07,647.184,19472.2,5.74996e-07,732.547,24357.4,5.39112e-07,829.167,30420,5.07815e-09,938.526,37916.3,-4.11492e-07,1062.3,47143.9,-3.9561e-07,1202.4,58439.2,3.86185e-08,1360.96,72169.3,5.94093e-07,1540.42,88715.8,7.47693e-07,1743.53,108445,1.78537e-07,1973.41,131665,-4.12549e-07,2233.57,158557,-5.37164e-07,2528,189103,-1.17615e-07,2861.2,222986,5.66769e-07,3238.27,259510,9.45053e-07,3664.97,297540,4.25093e-07,4147.81,335497,-3.58506e-07,4694.17,371444,-6.7724e-07,5312.37,403256,1.67192e-07,1.61744,3.89446,9.84394,3.28846,7.5504,12.774,5.07607,11.7187,13.6844,7.03202,16.8147,13.9681,9.20215,23.1769,14.0566,11.6301,31.1672,14.0841,14.3598,41.2186,14.0927,17.4376,53.8688,14.0954,20.9137,69.7915,14.0962,24.8432,89.8341,14.0965,29.2879,115.063,14.0966,34.3168,146.819,14.0966,40.0078,186.792,14.0966,46.4487,237.107,14.0966,53.7388,300.44,14.0966,61.9903,380.158,14.0966,71.3301,480.499,14.0966,81.902,606.796,14.0966,93.8685,765.761,14.0966,107.414,965.837,14.0966,122.746,1217.65,14.0966,140.101,1534.57,14.0966,159.745,1933.41,14.0966,181.981,2435.3,14.0966,207.15,3066.85,14.0966,235.64,3861.46,14.0966,267.889,4861.11,14.0966,304.391,6118.54,14.0966,345.709,7699.91,14.0966,392.478,9688.22,14.0966,445.417,12187.5,14.0966,505.339,15327.7,14.0966,573.165,19271.6,14.0966,649.938,24222,14.0966,736.839,30430.9,14.0966,835.202,38211.5,14.0966,946.539,47950.3,14.0966,1072.56,60122.8,14.0966,1215.21,75309.9,14.0966,1376.66,94216.2,14.0966,1559.41,117688,14.0966,1766.26,146729,14.0966,2000.39,182510,14.0966,2265.39,226372,14.0966,2565.33,279806,14.0966,2904.81,344416,14.0966,3289.05,421845,14.0966,3723.93,513667,14.0966,4216.13,621231,14.0966,4773.18,745478,14.0966,5403.64,886744,14.0966,6117.15,1.04457e+06,14.0966,6924.63,1.2176e+06,14.0966,11.7194,11.96,12.6541,13.9321,16.1295,13.6434,16.6097,21.9702,13.9553,19.7532,29.5285,14.0526,23.3844,39.1143,14.0829,27.5423,51.2054,14.0923,32.2796,66.434,14.0953,37.662,85.6061,14.0962,43.7675,109.74,14.0965,50.687,140.119,14.0966,58.5249,178.359,14.0966,67.4005,226.493,14.0966,77.4493,287.08,14.0966,88.8254,363.343,14.0966,101.703,459.336,14.0966,116.281,580.161,14.0966,132.782,732.241,14.0966,151.46,923.655,14.0966,172.603,1164.57,14.0966,196.535,1467.79,14.0966,223.625,1849.39,14.0966,254.288,2329.62,14.0966,288.997,2933.93,14.0966,328.285,3694.33,14.0966,372.755,4651.04,14.0966,423.092,5854.57,14.0966,480.07,7368.38,14.0966,544.564,9272.08,14.0966,617.566,11665.5,14.0966,700.197,14673.6,14.0966,793.729,18452.9,14.0966,899.599,23198.6,14.0966,1019.43,29154.1,14.0966,1155.07,36622.3,14.0966,1308.6,45977.9,14.0966,1482.39,57683.7,14.0966,1679.09,72307.8,14.0966,1901.73,90542.8,14.0966,2153.73,113226,14.0966,2438.97,141360,14.0966,2761.81,176127,14.0966,3127.22,218898,14.0966,3540.81,271226,14.0966,4008.92,334817,14.0966,4538.74,411470,14.0966,5138.38,502973,14.0966,5817.04,610948,14.0966,6585.12,736653,14.0966,7454.39,880741,14.0966,8438.15,1.04302e+06,14.0966,9551.45,1.22224e+06,14.0966,10811.3,1.41602e+06,14.0966,12237,1.62086e+06,14.0966,11.7194,11.96,12.6541,2.21263,4.16949,0.989383,2.67766,5.84076,0.311842,3.14343,7.55825,0.0972771,3.63127,9.58578,0.0303237,4.15787,12.0912,0.00945211,4.73731,15.2286,0.00294633,5.38238,19.1721,0.000918508,6.10553,24.134,0.000286163,6.91951,30.3791,8.92692e-05,7.83792,38.2397,2.78121e-05,8.87555,48.1338,8.65134e-06,10.0489,60.5876,2.7882e-06,11.3761,76.2629,8.29036e-07,12.8779,95.9927,2.4373e-07,14.5775,120.825,4.33068e-09,16.5012,152.08,1.75749e-07,18.6784,191.415,-1.86328e-07,21.1428,240.917,1.91829e-07,23.9322,303.213,-1.81475e-07,27.0895,381.602,7.0186e-08,30.6634,480.231,-2.86769e-08,34.7087,604.316,2.40784e-07,39.2876,760.401,9.87368e-08,44.4705,956.705,1.22263e-07,50.3371,1203.54,-4.31966e-07,56.9776,1513.81,-1.9705e-07,64.494,1903.69,-2.763e-08,73.0018,2393.4,3.9185e-07,82.6317,3008.13,1.35379e-07,93.5318,3779.25,-4.16351e-08,105.869,4745.7,2.06965e-08,119.834,5955.6,-3.18887e-07,135.641,7468.12,-1.48271e-08,153.531,9355.62,2.00739e-07,173.781,11705.8,2.28358e-07,196.701,14624.1,-1.93587e-08,222.642,18235,-2.88101e-07,252.003,22683.4,-2.24732e-07,285.234,28134,8.56806e-09,322.845,34767,2.34258e-07,365.413,42770.9,2.99668e-07,413.588,52327.9,8.28644e-08,468.111,63591.2,-3.07049e-07,529.814,76653.2,-3.1888e-07,599.642,91502.5,-6.72276e-08,678.662,107975,2.26339e-07,768.083,125705,3.69212e-07,869.267,144088,2.04077e-07,983.76,162277,-2.80509e-07,1113.3,179223,-4.22737e-07,1259.87,193777,-1.71951e-07,1425.68,204839,4.55555e-07,11.7194,11.96,12.6541,2.21263,4.16949,0.989383,2.67766,5.84076,0.311842,3.14343,7.55825,0.0972771,3.63127,9.58578,0.0303237,4.15787,12.0912,0.00945211,4.73731,15.2286,0.00294633,5.38238,19.1721,0.000918508,6.10553,24.134,0.000286163,6.91951,30.3791,8.92692e-05,7.83792,38.2397,2.78121e-05,8.87555,48.1338,8.65134e-06,10.0489,60.5876,2.7882e-06,11.3761,76.2629,8.29036e-07,12.8779,95.9927,2.4373e-07,14.5775,120.825,1e-08,16.5012,152.08,1.75749e-07,18.6784,191.415,1e-08,21.1428,240.917,1.91829e-07,23.9322,303.213,1e-08,27.0895,381.602,7.0186e-08,30.6634,480.231,1e-08,34.7087,604.316,2.40784e-07,39.2876,760.401,9.87368e-08,44.4705,956.705,1.22263e-07,50.3371,1203.54,1e-08,56.9776,1513.81,1e-08,64.494,1903.69,1e-08,73.0018,2393.4,3.9185e-07,82.6317,3008.13,1.35379e-07,93.5318,3779.25,1e-08,105.869,4745.7,2.06965e-08,119.834,5955.6,1e-08,135.641,7468.12,1e-08,153.531,9355.62,2.00739e-07,173.781,11705.8,2.28358e-07,196.701,14624.1,1e-08,222.642,18235,1e-08,252.003,22683.4,1e-08,285.234,28134,1e-08,322.845,34767,2.34258e-07,365.413,42770.9,2.99668e-07,413.588,52327.9,8.28644e-08,468.111,63591.2,1e-08,529.814,76653.2,1e-08,599.642,91502.5,1e-08,678.662,107975,2.26339e-07,768.083,125705,3.69212e-07,869.267,144088,2.04077e-07,983.76,162277,1e-08,1113.3,179223,1e-08,1259.87,193777,1e-08,1425.68,204839,4.55555e-07,6.2823,3.27286,2.43537,0.219672,6.18826,2.24117,0.56371,6.87772,2.63624,0.308279,10,11,9,4,1,1,3,5,0,1,5,1,4,6,0,3,19,0,9,15,0,4,25,0,2,35,0,10,28,0,2,70,0,5,62,0,6,25,0,6,140,0,20,162,0,3,94,0,8,68,0,8,134,0,18,293,0,33,363,0,11,434,0,53,331,0,70,467,0,76,677,0,37,892,0,62,1814,0,88,1650,0,90,886,0,81,2756,0,117,3235,0,61,3125,0,88,8438,0,68,4436,0,106,8668,0,126,8707,0,140,7236,0,226,7651,0,227,19728,0,435,15232,0,448,25366,0,481,11038,0,461,30112,0,761,57244,0,553,98287,0,202,94123,0,931,93614,0,1186,63363,0,1644,45728,0,828,92942,0,1271,167885,0,1419,343456,0,439,198037,0,588,131977,0
-1.05176e+08,3.28222e-61,8.88811e-15,10,1023,0,1.05176e+08,0.528882,1.08665,0.389689,0.145397,0.379329,3.24381,0.161596,0.446195,1.77396,0.159177,1.15e+07,4.49998e+06,6.79999e+06,1.15e+07,4.49997e+06,6.79999e+06,1.15e+07,4.49996e+06,6.79999e+06,1.15e+07,4.49995e+06,6.79999e+06,1.14999e+07,4.49993e+06,6.79999e+06,1.14999e+07,4.49991e+06,6.79999e+06,1.14999e+07,4.49989e+06,6.79999e+06,1.14999e+07,4.49986e+06,6.79999e+06,1.14999e+07,4.49982e+06,6.79999e+06,1.14999e+07,4.49977e+06,6.79999e+06,1.14999e+07,4.49971e+06,6.79999e+06,1.14999e+07,4.49963e+06,6.79999e+06,1.14998e+07,4.49953e+06,6.79999e+06,1.14998e+07,4.49941e+06,6.79999e+06,1.14998e+07,4.49926e+06,6.79999e+06,1.14998e+07,4.49906e+06,6.79999e+06,1.14997e+07,4.49882e+06,6.79999e+06,1.14997e+07,4.49851e+06,6.79999e+06,1.14997e+07,4.49812e+06,6.79999e+06,1.14996e+07,4.49764e+06,6.79999e+06,1.14996e+07,4.49702e+06,6.79999e+06,1.14995e+07,4.49625e+06,6.79999e+06,1.14995e+07,4.49528e+06,6.79999e+06,1.14994e+07,4.49406e+06,6.79999e+06,1.14993e+07,4.49253e+06,6.79999e+06,1.14992e+07,4.49059e+06,6.79999e+06,1.14991e+07,4.48817e+06,6.79999e+06,1.1499e+07,4.48511e+06,6.79999e+06,1.14988e+07,4.48128e+06,6.79999e+06,1.14987e+07,4.47646e+06,6.79999e+06,1.14985e+07,4.47041e+06,6.79999e+06,1.14983e+07,4.46281e+06,6.79999e+06,1.14981e+07,4.4533e+06,6.79999e+06,1.14979e+07,4.44138e+06,6.79999e+06,1.14976e+07,4.42649e+06,6.79999e+06,1.14972e+07,4.40789e+06,6.79999e+06,1.14969e+07,4.38471e+06,6.79999e+06,1.14965e+07,4.35592e+06,6.79999e+06,1.1496e+07,4.32027e+06,6.79999e+06,1.14955e+07,4.27629e+06,6.79999e+06,1.14949e+07,4.22231e+06,6.79999e+06,1.14942e+07,4.15647e+06,6.79999e+06,1.14934e+07,4.07676e+06,6.79999e+06,1.14926e+07,3.98112e+06,6.79999e+06,1.14916e+07,3.86765e+06,6.79999e+06,1.14905e+07,3.73474e+06,6.79999e+06,1.14892e+07,3.58148e+06,6.79999e+06,1.14878e+07,3.40785e+06,6.79999e+06,1.14862e+07,3.21513e+06,6.79999e+06,1.14844e+07,3.00605e+06,6.79999e+06,1.14823e+07,2.7848e+06,6.79999e+06,1.148e+07,2.5568e+06,6.79999e+06,1.14773e+07,2.32825e+06,6.79999e+06,13.5742,8.52444,0.508366,16.8306,13.2585,0.162638,20.0035,17.569,0.0507846,23.2616,22.4214,0.0158319,26.7328,28.3297,0.00493498,30.5212,35.6974,0.00153831,34.7178,44.9473,0.000479527,39.4086,56.5822,0.000149456,44.6796,71.2245,4.66214e-05,50.6209,89.6543,1.45419e-05,57.3297,112.852,4.54748e-06,64.9129,142.051,1.43857e-06,73.4897,178.803,4.36618e-07,83.1934,225.062,1.40153e-07,94.1745,283.286,4.96378e-08,106.602,356.568,1.05434e-07,120.669,448.799,-6.49244e-08,136.59,564.873,1.70148e-07,154.611,710.948,-5.34594e-08,175.008,894.767,1.63407e-07,198.097,1126.06,8.04804e-08,224.231,1417.07,1.14667e-07,253.813,1783.15,-1.71227e-07,287.297,2243.62,-2.88466e-07,325.198,2822.67,-4.33651e-07,368.098,3550.67,7.9318e-08,416.657,4465.65,3.13319e-07,471.621,5615.16,3.4613e-07,533.835,7058.61,-1.19199e-07,604.255,8870.02,-2.79964e-07,683.962,11141.4,-2.30521e-07,774.182,13986.7,-2.55099e-07,876.299,17546.4,1.23585e-07,991.883,21993.1,1.41192e-07,1122.71,27536.7,-9.71886e-08,1270.78,34430.7,-3.68368e-07,1438.38,42977.7,-3.45379e-07,1628.07,53532.7,-3.25328e-09,1842.77,66504.6,2.6362e-07,2085.77,82350.2,2.53445e-07,2360.79,101560,-2.47407e-08,2672.05,124632,-3.80602e-07,3024.31,152018,-4.79005e-07,3422.98,184060,-1.14379e-07,3874.15,220884,2.64297e-07,4384.72,262283,3.44131e-07,4962.49,307576,7.5349e-08,5616.29,355497,-3.63097e-07,6356.1,404126,-6.05442e-07,7193.18,450932,-2.72333e-07,8140.28,492963,2.29675e-07,9211.79,527178,4.3387e-07,10424,550893,-1.0711e-07,10.102,8.06553,2.81012,10.6436,8.57909,0.869423,11.5336,10.2515,0.270869,12.7211,12.7138,0.0844293,14.1823,15.9373,0.0263173,15.9122,20.0383,0.0082035,17.9198,25.2154,0.00255722,20.2244,31.7373,0.000797017,22.8539,39.9486,0.000248622,25.8438,50.2851,7.75492e-05,29.237,63.2963,2.42508e-05,33.0837,79.6738,7.67162e-06,37.4415,100.288,2.32837e-06,42.3767,126.236,7.33e-07,47.9646,158.896,2.79256e-07,54.2906,200.003,9.87351e-09,61.452,251.741,1.61085e-07,69.5585,316.859,-2.47141e-07,78.7347,398.812,8.93552e-08,89.1218,501.948,-2.53231e-07,100.879,631.736,-1.25047e-07,114.188,795.049,-1.78808e-07,129.252,1000.53,2.6733e-07,146.304,1259.03,4.50292e-07,165.605,1584.19,6.76904e-07,187.452,1993.12,-1.23808e-07,212.181,2507.27,-4.89068e-07,240.173,3153.54,-5.40284e-07,271.856,3965.56,1.86061e-07,307.719,4985.38,4.37004e-07,348.313,6265.4,3.59828e-07,394.26,7870.83,3.98192e-07,446.268,9882.51,-1.92908e-07,505.135,12400.3,-2.20392e-07,571.766,15546.9,1.51705e-07,647.184,19472.2,5.74996e-07,732.547,24357.4,5.39112e-07,829.167,30420,5.07815e-09,938.526,37916.3,-4.11492e-07,1062.3,47143.9,-3.9561e-07,1202.4,58439.2,3.86185e-08,1360.96,72169.3,5.94093e-07,1540.42,88715.8,7.47693e-07,1743.53,108445,1.78537e-07,1973.41,131665,-4.12549e-07,2233.57,158557,-5.37164e-07,2528,189103,-1.17615e-07,2861.2,222986,5.66769e-07,3238.27,259510,9.45053e-07,3664.97,297540,4.25093e-07,4147.81,335497,-3.58506e-07,4694.17,371444,-6.7724e-07,5312.37,403256,1.67192e-07,1.61744,3.89446,9.84394,3.28846,7.5504,12.774,5.07607,11.7187,13.6844,7.03202,16.8147,13.9681,9.20215,23.1769,14.0566,11.6301,31.1672,14.0841,14.3598,41.2186,14.0927,17.4376,53.8688,14.0954,20.9137,69.7915,14.0962,24.8432,89.8341,14.0965,29.2879,115.063,14.0966,34.3168,146.819,14.0966,40.0078,186.792,14.0966,46.4487,237.107,14.0966,53.7388,300.44,14.0966,61.9903,380.158,14.0966,71.3301,480.499,14.0966,81.902,606.796,14.0966,93.8685,765.761,14.0966,107.414,965.837,14.0966,122.746,1217.65,14.0966,140.101,1534.57,14.0966,159.745,1933.41,14.0966,181.981,2435.3,14.0966,207.15,3066.85,14.0966,235.64,3861.46,14.0966,267.889,4861.11,14.0966,304.391,6118.54,14.0966,345.709,7699.91,14.0966,392.478,9688.22,14.0966,445.417,12187.5,14.0966,505.339,15327.7,14.0966,573.165,19271.6,14.0966,649.938,24222,14.0966,736.839,30430.9,14.0966,835.202,38211.5,14.0966,946.539,47950.3,14.0966,1072.56,60122.8,14.0966,1215.21,75309.9,14.0966,1376.66,94216.2,14.0966,1559.41,117688,14.0966,1766.26,146729,14.0966,2000.39,182510,14.0966,2265.39,226372,14.0966,2565.33,279806,14.0966,2904.81,344416,14.0966,3289.05,421845,14.0966,3723.93,513667,14.0966,4216.13,621231,14.0966,4773.18,745478,14.0966,5403.64,886744,14.0966,6117.15,1.04457e+06,14.0966,6924.63,1.2176e+06,14.0966,11.7194,11.96,12.6541,13.9321,16.1295,13.6434,16.6097,21.9702,13.9553,19.7532,29.5285,14.0526,23.3844,39.1143,14.0829,27.5423,51.2054,14.0923,32.2796,66.434,14.0953,37.662,85.6061,14.0962,43.7675,109.74,14.0965,50.687,140.119,14.0966,58.5249,178.359,14.0966,67.4005,226.493,14.0966,77.4493,287.08,14.0966,88.8254,363.343,14.0966,101.703,459.336,14.0966,116.281,580.161,14.0966,132.782,732.241,14.0966,151.46,923.655,14.0966,172.603,1164.57,14.0966,196.535,1467.79,14.0966,223.625,1849.39,14.0966,254.288,2329.62,14.0966,288.997,2933.93,14.0966,328.285,3694.33,14.0966,372.755,4651.04,14.0966,423.092,5854.57,14.0966,480.07,7368.38,14.0966,544.564,9272.08,14.0966,617.566,11665.5,14.0966,700.197,14673.6,14.0966,793.729,18452.9,14.0966,899.599,23198.6,14.0966,1019.43,29154.1,14.0966,1155.07,36622.3,14.0966,1308.6,45977.9,14.0966,1482.39,57683.7,14.0966,1679.09,72307.8,14.0966,1901.73,90542.8,14.0966,2153.73,113226,14.0966,2438.97,141360,14.0966,2761.81,176127,14.0966,3127.22,218898,14.0966,3540.81,271226,14.0966,4008.92,334817,14.0966,4538.74,411470,14.0966,5138.38,502973,14.0966,5817.04,610948,14.0966,6585.12,736653,14.0966,7454.39,880741,14.0966,8438.15,1.04302e+06,14.0966,9551.45,1.22224e+06,14.0966,10811.3,1.41602e+06,14.0966,12237,1.62086e+06,14.0966,11.7194,11.96,12.6541,2.21263,4.16949,0.989383,2.67766,5.84076,0.311842,3.14343,7.55825,0.0972771,3.63127,9.58578,0.0303237,4.15787,12.0912,0.00945211,4.73731,15.2286,0.00294633,5.38238,19.1721,0.000918508,6.10553,24.134,0.000286163,6.91951,30.3791,8.92692e-05,7.83792,38.2397,2.78121e-05,8.87555,48.1338,8.65134e-06,10.0489,60.5876,2.7882e-06,11.3761,76.2629,8.29036e-07,12.8779,95.9927,2.4373e-07,14.5775,120.825,4.33068e-09,16.5012,152.08,1.75749e-07,18.6784,191.415,-1.86328e-07,21.1428,240.917,1.91829e-07,23.9322,303.213,-1.81475e-07,27.0895,381.602,7.0186e-08,30.6634,480.231,-2.86769e-08,34.7087,604.316,2.40784e-07,39.2876,760.401,9.87368e-08,44.4705,956.705,1.22263e-07,50.3371,1203.54,-4.31966e-07,56.9776,1513.81,-1.9705e-07,64.494,1903.69,-2.763e-08,73.0018,2393.4,3.9185e-07,82.6317,3008.13,1.35379e-07,93.5318,3779.25,-4.16351e-08,105.869,4745.7,2.06965e-08,119.834,5955.6,-3.18887e-07,135.641,7468.12,-1.48271e-08,153.531,9355.62,2.00739e-07,173.781,11705.8,2.28358e-07,196.701,14624.1,-1.93587e-08,222.642,18235,-2.88101e-07,252.003,22683.4,-2.24732e-07,285.234,28134,8.56806e-09,322.845,34767,2.34258e-07,365.413,42770.9,2.99668e-07,413.588,52327.9,8.28644e-08,468.111,63591.2,-3.07049e-07,529.814,76653.2,-3.1888e-07,599.642,91502.5,-6.72276e-08,678.662,107975,2.26339e-07,768.083,125705,3.69212e-07,869.267,144088,2.04077e-07,983.76,162277,-2.80509e-07,1113.3,179223,-4.22737e-07,1259.87,193777,-1.71951e-07,1425.68,204839,4.55555e-07,11.7194,11.96,12.6541,2.21263,4.16949,0.989383,2.67766,5.84076,0.311842,3.14343,7.55825,0.0972771,3.63127,9.58578,0.0303237,4.15787,12.0912,0.00945211,4.73731,15.2286,0.00294633,5.38238,19.1721,0.000918508,6.10553,24.134,0.000286163,6.91951,30.3791,8.92692e-05,7.83792,38.2397,2.78121e-05,8.87555,48.1338,8.65134e-06,10.0489,60.5876,2.7882e-06,11.3761,76.2629,8.29036e-07,12.8779,95.9927,2.4373e-07,14.5775,120.825,1e-08,16.5012,152.08,1.75749e-07,18.6784,191.415,1e-08,21.1428,240.917,1.91829e-07,23.9322,303.213,1e-08,27.0895,381.602,7.0186e-08,30.6634,480.231,1e-08,34.7087,604.316,2.40784e-07,39.2876,760.401,9.87368e-08,44.4705,956.705,1.22263e-07,50.3371,1203.54,1e-08,56.9776,1513.81,1e-08,64.494,1903.69,1e-08,73.0018,2393.4,3.9185e-07,82.6317,3008.13,1.35379e-07,93.5318,3779.25,1e-08,105.869,4745.7,2.06965e-08,119.834,5955.6,1e-08,135.641,7468.12,1e-08,153.531,9355.62,2.00739e-07,173.781,11705.8,2.28358e-07,196.701,14624.1,1e-08,222.642,18235,1e-08,252.003,22683.4,1e-08,285.234,28134,1e-08,322.845,34767,2.34258e-07,365.413,42770.9,2.99668e-07,413.588,52327.9,8.28644e-08,468.111,63591.2,1e-08,529.814,76653.2,1e-08,599.642,91502.5,1e-08,678.662,107975,2.26339e-07,768.083,125705,3.69212e-07,869.267,144088,2.04077e-07,983.76,162277,1e-08,1113.3,179223,1e-08,1259.87,193777,1e-08,1425.68,204839,4.55555e-07,6.2823,3.27286,2.43537,0.219672,6.18826,2.24117,0.56371,6.87772,2.63624,0.308279,2,16,8,1,7,1,2,5,0,5,3,0,6,4,0,6,6,0,5,25,0,2,23,0,12,19,0,7,32,0,7,34,0,6,46,0,17,10,0,5,64,0,7,128,0,7,89,0,9,333,0,17,212,0,19,276,0,36,386,0,45,166,0,50,840,0,60,517,0,54,1210,0,45,999,0,78,1492,0,25,1536,0,78,2335,0,53,2486,0,59,6862,0,113,3297,0,92,5061,0,97,12370,0,136,6094,0,114,14459,0,75,9854,0,127,3439,0,207,24822,0,311,22108,0,501,49719,0,177,40506,0,180,41119,0,768,58546,0,268,28354,0,711,111223,0,320,59763,0,761,69741,0,391,51728,0,756,107690,0,724,158847,0,1145,184562,0,1405,115538,0,2163,248763,0
-1.05176e+08,1,8.88811e-15,10,1023,0,1.05176e+08,0.528882,1.08665,0.389689,0.145397,0.379329,3.24381,0.161596,0.446195,1.77396,0.159177,1.15e+07,4.49998e+06,6.79999e+06,1.15e+07,4.49997e+06,6.79999e+06,1.15e+07,4.49996e+06,6.79999e+06,1.15e+07,4.49995e+06,6.79999e+06,1.14999e+07,4.49993e+06,6.79999e+06,1.14999e+07,4.49991e+06,6.79999e+06,1.14999e+07,4.49989e+06,6.79999e+06,1.14999e+07,4.49986e+06,6.79999e+06,1.14999e+07,4.49982e+06,6.79999e+06,1.14999e+07,4.49977e+06,6.79999e+06,1.14999e+07,4.49971e+06,6.79999e+06,1.14999e+07,4.49963e+06,6.79999e+06,1.14998e+07,4.49953e+06,6.79999e+06,1.14998e+07,4.49941e+06,6.79999e+06,1.14998e+07,4.49926e+06,6.79999e+06,1.14998e+07,4.49906e+06,6.79999e+06,1.14997e+07,4.49882e+06,6.79999e+06,1.14997e+07,4.49851e+06,6.79999e+06,1.14997e+07,4.49812e+06,6.79999e+06,1.14996e+07,4.49764e+06,6.79999e+06,1.14996e+07,4.49702e+06,6.79999e+06,1.14995e+07,4.49625e+06,6.79999e+06,1.14995e+07,4.49528e+06,6.79999e+06,1.14994e+07,4.49406e+06,6.79999e+06,1.14993e+07,4.49253e+06,6.79999e+06,1.14992e+07,4.49059e+06,6.79999e+06,1.14991e+07,4.48817e+06,6.79999e+06,1.1499e+07,4.48511e+06,6.79999e+06,1.14988e+07,4.48128e+06,6.79999e+06,1.14987e+07,4.47646e+06,6.79999e+06,1.14985e+07,4.47041e+06,6.79999e+06,1.14983e+07,4.46281e+06,6.79999e+06,1.14981e+07,4.4533e+06,6.79999e+06,1.14979e+07,4.44138e+06,6.79999e+06,1.14976e+07,4.42649e+06,6.79999e+06,1.14972e+07,4.40789e+06,6.79999e+06,1.14969e+07,4.38471e+06,6.79999e+06,1.14965e+07,4.35592e+06,6.79999e+06,1.1496e+07,4.32027e+06,6.79999e+06,1.14955e+07,4.27629e+06,6.79999e+06,1.14949e+07,4.22231e+06,6.79999e+06,1.14942e+07,4.15647e+06,6.79999e+06,1.14934e+07,4.07676e+06,6.79999e+06,1.14926e+07,3.98112e+06,6.79999e+06,1.14916e+07,3.86765e+06,6.79999e+06,1.14905e+07,3.73474e+06,6.79999e+06,1.14892e+07,3.58148e+06,6.79999e+06,1.14878e+07,3.40785e+06,6.79999e+06,1.14862e+07,3.21513e+06,6.79999e+06,1.14844e+07,3.00605e+06,6.79999e+06,1.14823e+07,2.7848e+06,6.79999e+06,1.148e+07,2.5568e+06,6.79999e+06,1.14773e+07,2.32825e+06,6.79999e+06,13.5742,8.52444,0.508366,16.8306,13.2585,0.162638,20.0035,17.569,0.0507846,23.2616,22.4214,0.0158319,26.7328,28.3297,0.00493498,30.5212,35.6974,0.00153831,34.7178,44.9473,0.000479527,39.4086,56.5822,0.000149456,44.6796,71.2245,4.66214e-05,50.6209,89.6543,1.45419e-05,57.3297,112.852,4.54748e-06,64.9129,142.051,1.43857e-06,73.4897,178.803,4.36618e-07,83.1934,225.062,1.40153e-07,94.1745,283.286,4.96378e-08,106.602,356.568,1.05434e-07,120.669,448.799,-6.49244e-08,136.59,564.873,1.70148e-07,154.611,710.948,-5.34594e-08,175.008,894.767,1.63407e-07,198.097,1126.06,8.04804e-08,224.231,1417.07,1.14667e-07,253.813,1783.15,-1.71227e-07,287.297,2243.62,-2.88466e-07,325.198,2822.67,-4.33651e-07,368.098,3550.67,7.9318e-08,416.657,4465.65,3.13319e-07,471.621,5615.16,3.4613e-07,533.835,7058.61,-1.19199e-07,604.255,8870.02,-2.79964e-07,683.962,11141.4,-2.30521e-07,774.182,13986.7,-2.55099e-07,876.299,17546.4,1.23585e-07,991.883,21993.1,1.41192e-07,1122.71,27536.7,-9.71886e-08,1270.78,34430.7,-3.68368e-07,1438.38,42977.7,-3.45379e-07,1628.07,53532.7,-3.25328e-09,1842.77,66504.6,2.6362e-07,2085.77,82350.2,2.53445e-07,2360.79,101560,-2.47407e-08,2672.05,124632,-3.80602e-07,3024.31,152018,-4.79005e-07,3422.98,184060,-1.14379e-07,3874.15,220884,2.64297e-07,4384.72,262283,3.44131e-07,4962.49,307576,7.5349e-08,5616.29,355497,-3.63097e-07,6356.1,404126,-6.05442e-07,7193.18,450932,-2.72333e-07,8140.28,492963,2.29675e-07,9211.79,527178,4.3387e-07,10424,550893,-1.0711e-07,10.102,8.06553,2.81012,10.6436,8.57909,0.869423,11.5336,10.2515,0.270869,12.7211,12.7138,0.0844293,14.1823,15.9373,0.0263173,15.9122,20.0383,0.0082035,17.9198,25.2154,0.00255722,20.2244,31.7373,0.000797017,22.8539,39.9486,0.000248622,25.8438,50.2851,7.75492e-05,29.237,63.2963,2.42508e-05,33.0837,79.6738,7.67162e-06,37.4415,100.288,2.32837e-06,42.3767,126.236,7.33e-07,47.9646,158.896,2.79256e-07,54.2906,200.003,9.87351e-09,61.452,251.741,1.61085e-07,69.5585,316.859,-2.47141e-07,78.7347,398.812,8.93552e-08,89.1218,501.948,-2.53231e-07,100.879,631.736,-1.25047e-07,114.188,795.049,-1.78808e-07,129.252,1000.53,2.6733e-07,146.304,1259.03,4.50292e-07,165.605,1584.19,6.76904e-07,187.452,1993.12,-1.23808e-07,212.181,2507.27,-4.89068e-07,240.173,3153.54,-5.40284e-07,271.856,3965.56,1.86061e-07,307.719,4985.38,4.37004e-07,348.313,6265.4,3.59828e-07,394.26,7870.83,3.98192e-07,446.268,9882.51,-1.92908e-07,505.135,12400.3,-2.20392e-07,571.766,15546.9,1.51705e-07,647.184,19472.2,5.74996e-07,732.547,24357.4,5.39112e-07,829.167,30420,5.07815e-09,938.526,37916.3,-4.11492e-07,1062.3,47143.9,-3.9561e-07,1202.4,58439.2,3.86185e-08,1360.96,72169.3,5.94093e-07,1540.42,88715.8,7.47693e-07,1743.53,108445,1.78537e-07,1973.41,131665,-4.12549e-07,2233.57,158557,-5.37164e-07,2528,189103,-1.17615e-07,2861.2,222986,5.66769e-07,3238.27,259510,9.45053e-07,3664.97,297540,4.25093e-07,4147.81,335497,-3.58506e-07,4694.17,371444,-6.7724e-07,5312.37,403256,1.67192e-07,1.61744,3.89446,9.84394,3.28846,7.5504,12.774,5.07607,11.7187,13.6844,7.03202,16.8147,13.9681,9.20215,23.1769,14.0566,11.6301,31.1672,14.0841,14.3598,41.2186,14.0927,17.4376,53.8688,14.0954,20.9137,69.7915,14.0962,24.8432,89.8341,14.0965,29.2879,115.063,14.0966,34.3168,146.819,14.0966,40.0078,186.792,14.0966,46.4487,237.107,14.0966,53.7388,300.44,14.0966,61.9903,380.158,14.0966,71.3301,480.499,14.0966,81.902,606.796,14.0966,93.8685,765.761,14.0966,107.414,965.837,14.0966,122.746,1217.65,14.0966,140.101,1534.57,14.0966,159.745,1933.41,14.0966,181.981,2435.3,14.0966,207.15,3066.85,14.0966,235.64,3861.46,14.0966,267.889,4861.11,14.0966,304.391,6118.54,14.0966,345.709,7699.91,14.0966,392.478,9688.22,14.0966,445.417,12187.5,14.0966,505.339,15327.7,14.0966,573.165,19271.6,14.0966,649.938,24222,14.0966,736.839,30430.9,14.0966,835.202,38211.5,14.0966,946.539,47950.3,14.0966,1072.56,60122.8,14.0966,1215.21,75309.9,14.0966,1376.66,94216.2,14.0966,1559.41,117688,14.0966,1766.26,146729,14.0966,2000.39,182510,14.0966,2265.39,226372,14.0966,2565.33,279806,14.0966,2904.81,344416,14.0966,3289.05,421845,14.0966,3723.93,513667,14.0966,4216.13,621231,14.0966,4773.18,745478,14.0966,5403.64,886744,14.0966,6117.15,1.04457e+06,14.0966,6924.63,1.2176e+06,14.0966,11.7194,11.96,12.6541,13.9321,16.1295,13.6434,16.6097,21.9702,13.9553,19.7532,29.5285,14.0526,23.3844,39.1143,14.0829,27.5423,51.2054,14.0923,32.2796,66.434,14.0953,37.662,85.6061,14.0962,43.7675,109.74,14.0965,50.687,140.119,14.0966,58.5249,178.359,14.0966,67.4005,226.493,14.0966,77.4493,287.08,14.0966,88.8254,363.343,14.0966,101.703,459.336,14.0966,116.281,580.161,14.0966,132.782,732.241,14.0966,151.46,923.655,14.0966,172.603,1164.57,14.0966,196.535,1467.79,14.0966,223.625,1849.39,14.0966,254.288,2329.62,14.0966,288.997,2933.93,14.0966,328.285,3694.33,14.0966,372.755,4651.04,14.0966,423.092,5854.57,14.0966,480.07,7368.38,14.0966,544.564,9272.08,14.0966,617.566,11665.5,14.0966,700.197,14673.6,14.0966,793.729,18452.9,14.0966,899.599,23198.6,14.0966,1019.43,29154.1,14.0966,1155.07,36622.3,14.0966,1308.6,45977.9,14.0966,1482.39,57683.7,14.0966,1679.09,72307.8,14.0966,1901.73,90542.8,14.0966,2153.73,113226,14.0966,2438.97,141360,14.0966,2761.81,176127,14.0966,3127.22,218898,14.0966,3540.81,271226,14.0966,4008.92,334817,14.0966,4538.74,411470,14.0966,5138.38,502973,14.0966,5817.04,610948,14.0966,6585.12,736653,14.0966,7454.39,880741,14.0966,8438.15,1.04302e+06,14.0966,9551.45,1.22224e+06,14.0966,10811.3,1.41602e+06,14.0966,12237,1.62086e+06,14.0966,11.7194,11.96,12.6541,2.21263,4.16949,0.989383,2.67766,5.84076,0.311842,3.14343,7.55825,0.0972771,3.63127,9.58578,0.0303237,4.15787,12.0912,0.00945211,4.73731,15.2286,0.00294633,5.38238,19.1721,0.000918508,6.10553,24.134,0.000286163,6.91951,30.3791,8.92692e-05,7.83792,38.2397,2.78121e-05,8.87555,48.1338,8.65134e-06,10.0489,60.5876,2.7882e-06,11.3761,76.2629,8.29036e-07,12.8779,95.9927,2.4373e-07,14.5775,120.825,4.33068e-09,16.5012,152.08,1.75749e-07,18.6784,191.415,-1.86328e-07,21.1428,240.917,1.91829e-07,23.9322,303.213,-1.81475e-07,27.0895,381.602,7.0186e-08,30.6634,480.231,-2.86769e-08,34.7087,604.316,2.40784e-07,39.2876,760.401,9.87368e-08,44.4705,956.705,1.22263e-07,50.3371,1203.54,-4.31966e-07,56.9776,1513.81,-1.9705e-07,64.494,1903.69,-2.763e-08,73.0018,2393.4,3.9185e-07,82.6317,3008.13,1.35379e-07,93.5318,3779.25,-4.16351e-08,105.869,4745.7,2.06965e-08,119.834,5955.6,-3.18887e-07,135.641,7468.12,-1.48271e-08,153.531,9355.62,2.00739e-07,173.781,11705.8,2.28358e-07,196.701,14624.1,-1.93587e-08,222.642,18235,-2.88101e-07,252.003,22683.4,-2.24732e-07,285.234,28134,8.56806e-09,322.845,34767,2.34258e-07,365.413,42770.9,2.99668e-07,413.588,52327.9,8.28644e-08,468.111,63591.2,-3.07049e-07,529.814,76653.2,-3.1888e-07,599.642,91502.5,-6.72276e-08,678.662,107975,2.26339e-07,768.083,125705,3.69212e-07,869.267,144088,2.04077e-07,983.76,162277,-2.80509e-07,1113.3,179223,-4.22737e-07,1259.87,193777,-1.71951e-07,1425.68,204839,4.55555e-07,11.7194,11.96,12.6541,2.21263,4.16949,0.989383,2.67766,5.84076,0.311842,3.14343,7.55825,0.0972771,3.63127,9.58578,0.0303237,4.15787,12.0912,0.00945211,4.73731,15.2286,0.00294633,5.38238,19.1721,0.000918508,6.10553,24.134,0.000286163,6.91951,30.3791,8.92692e-05,7.83792,38.2397,2.78121e-05,8.87555,48.1338,8.65134e-06,10.0489,60.5876,2.7882e-06,11.3761,76.2629,8.29036e-07,12.8779,95.9927,2.4373e-07,14.5775,120.825,1e-08,16.5012,152.08,1.75749e-07,18.6784,191.415,1e-08,21.1428,240.917,1.91829e-07,23.9322,303.213,1e-08,27.0895,381.602,7.0186e-08,30.6634,480.231,1e-08,34.7087,604.316,2.40784e-07,39.2876,760.401,9.87368e-08,44.4705,956.705,1.22263e-07,50.3371,1203.54,1e-08,56.9776,1513.81,1e-08,64.494,1903.69,1e-08,73.0018,2393.4,3.9185e-07,82.6317,3008.13,1.35379e-07,93.5318,3779.25,1e-08,105.869,4745.7,2.06965e-08,119.834,5955.6,1e-08,135.641,7468.12,1e-08,153.531,9355.62,2.00739e-07,173.781,11705.8,2.28358e-07,196.701,14624.1,1e-08,222.642,18235,1e-08,252.003,22683.4,1e-08,285.234,28134,1e-08,322.845,34767,2.34258e-07,365.413,42770.9,2.99668e-07,413.588,52327.9,8.28644e-08,468.111,63591.2,1e-08,529.814,76653.2,1e-08,599.642,91502.5,1e-08,678.662,107975,2.26339e-07,768.083,125705,3.69212e-07,869.267,144088,2.04077e-07,983.76,162277,1e-08,1113.3,179223,1e-08,1259.87,193777,1e-08,1425.68,204839,4.55555e-07,6.2823,3.27286,2.43537,0.219672,6.18826,2.24117,0.56371,6.87772,2.63624,0.308279,32,9,11,4,11,3,2,11,0,13,10,0,4,12,0,5,7,0,6,20,0,2,8,0,12,24,0,1,14,0,4,15,0,3,77,0,10,53,0,9,48,0,16,81,0,2,254,0,26,81,0,31,255,0,29,249,0,18,213,0,29,382,0,27,149,0,25,687,0,36,1245,0,69,694,0,40,1629,0,82,2288,0,60,1394,0,77,2472,0,83,2029,0,130,5994,0,29,2650,0,109,3204,0,100,11432,0,167,3587,0,139,17141,0,208,11867,0,284,19663,0,407,19944,0,463,19427,0,175,63738,0,576,13104,0,353,52571,0,771,41171,0,384,59606,0,869,64363,0,735,126288,0,479,86922,0,502,89741,0,864,252709,0,1664,138743,0,831,208319,0,554,153969,0
-1.05176e+08,1,8.88811e-15,10,1023,0,1.05176e+08,0.528882,1.08665,0.389689,0.145397,0.379329,3.24381,0.161596,0.446195,1.77396,0.159177,1.15e+07,4.49998e+06,6.79999e+06,1.15e+07,4.49997e+06,6.79999e+06,1.15e+07,4.49996e+06,6.79999e+06,1.15e+07,4.49995e+06,6.79999e+06,1.14999e+07,4.49993e+06,6.79999e+06,1.14999e+07,4.49991e+06,6.79999e+06,1.14999e+07,4.49989e+06,6.79999e+06,1.14999e+07,4.49986e+06,6.79999e+06,1.14999e+07,4.49982e+06,6.79999e+06,1.14999e+07,4.49977e+06,6.79999e+06,1.14999e+07,4.49971e+06,6.79999e+06,1.14999e+07,4.49963e+06,6.79999e+06,1.14998e+07,4.49953e+06,6.79999e+06,1.14998e+07,4.49941e+06,6.79999e+06,1.14998e+07,4.49926e+06,6.79999e+06,1.14998e+07,4.49906e+06,6.79999e+06,1.14997e+07,4.49882e+06,6.79999e+06,1.14997e+07,4.49851e+06,6.79999e+06,1.14997e+07,4.49812e+06,6.79999e+06,1.14996e+07,4.49764e+06,6.79999e+06,1.14996e+07,4.49702e+06,6.79999e+06,1.14995e+07,4.49625e+06,6.79999e+06,1.14995e+07,4.49528e+06,6.79999e+06,1.14994e+07,4.49406e+06,6.79999e+06,1.14993e+07,4.49253e+06,6.79999e+06,1.14992e+07,4.49059e+06,6.79999e+06,1.14991e+07,4.48817e+06,6.79999e+06,1.1499e+07,4.48511e+06,6.79999e+06,1.14988e+07,4.48128e+06,6.79999e+06,1.14987e+07,4.47646e+06,6.79999e+06,1.14985e+07,4.47041e+06,6.79999e+06,1.14983e+07,4.46281e+06,6.79999e+06,1.14981e+07,4.4533e+06,6.79999e+06,1.14979e+07,4.44138e+06,6.79999e+06,1.14976e+07,4.42649e+06,6.79999e+06,1.14972e+07,4.40789e+06,6.79999e+06,1.14969e+07,4.38471e+06,6.79999e+06,1.14965e+07,4.35592e+06,6.79999e+06,1.1496e+07,4.32027e+06,6.79999e+06,1.14955e+07,4.27629e+06,6.79999e+06,1.14949e+07,4.22231e+06,6.79999e+06,1.14942e+07,4.15647e+06,6.79999e+06,1.14934e+07,4.07676e+06,6.79999e+06,1.14926e+07,3.98112e+06,6.79999e+06,1.14916e+07,3.86765e+06,6.79999e+06,1.14905e+07,3.73474e+06,6.79999e+06,1.14892e+07,3.58148e+06,6.79999e+06,1.14878e+07,3.40785e+06,6.79999e+06,1.14862e+07,3.21513e+06,6.79999e+06,1.14844e+07,3.00605e+06,6.79999e+06,1.14823e+07,2.7848e+06,6.79999e+06,1.148e+07,2.5568e+06,6.79999e+06,1.14773e+07,2.32825e+06,6.79999e+06,13.5742,8.52444,0.508366,16.8306,13.2585,0.162638,20.0035,17.569,0.0507846,23.2616,22.4214,0.0158319,26.7328,28.3297,0.00493498,30.5212,35.6974,0.00153831,34.7178,44.9473,0.000479527,39.4086,56.5822,0.000149456,44.6796,71.2245,4.66214e-05,50.6209,89.6543,1.45419e-05,57.3297,112.852,4.54748e-06,64.9129,142.051,1.43857e-06,73.4897,178.803,4.36618e-07,83.1934,225.062,1.40153e-07,94.1745,283.286,4.96378e-08,106.602,356.568,1.05434e-07,120.669,448.799,-6.49244e-08,136.59,564.873,1.70148e-07,154.611,710.948,-5.34594e-08,175.008,894.767,1.63407e-07,198.097,1126.06,8.04804e-08,224.231,1417.07,1.14667e-07,253.813,1783.15,-1.71227e-07,287.297,2243.62,-2.88466e-07,325.198,2822.67,-4.33651e-07,368.098,3550.67,7.9318e-08,416.657,4465.65,3.13319e-07,471.621,5615.16,3.4613e-07,533.835,7058.61,-1.19199e-07,604.255,8870.02,-2.79964e-07,683.962,11141.4,-2.30521e-07,774.182,13986.7,-2.55099e-07,876.299,17546.4,1.23585e-07,991.883,21993.1,1.41192e-07,1122.71,27536.7,-9.71886e-08,1270.78,34430.7,-3.68368e-07,1438.38,42977.7,-3.45379e-07,1628.07,53532.7,-3.25328e-09,1842.77,66504.6,2.6362e-07,2085.77,82350.2,2.53445e-07,2360.79,101560,-2.47407e-08,2672.05,124632,-3.80602e-07,3024.31,152018,-4.79005e-07,3422.98,184060,-1.14379e-07,3874.15,220884,2.64297e-07,4384.72,262283,3.44131e-07,4962.49,307576,7.5349e-08,5616.29,355497,-3.63097e-07,6356.1,404126,-6.05442e-07,7193.18,450932,-2.72333e-07,8140.28,492963,2.29675e-07,9211.79,527178,4.3387e-07,10424,550893,-1.0711e-07,10.102,8.06553,2.81012,10.6436,8.57909,0.869423,11.5336,10.2515,0.270869,12.7211,12.7138,0.0844293,14.1823,15.9373,0.0263173,15.9122,20.0383,0.0082035,17.9198,25.2154,0.00255722,20.2244,31.7373,0.000797017,22.8539,39.9486,0.000248622,25.8438,50.2851,7.75492e-05,29.237,63.2963,2.42508e-05,33.0837,79.6738,7.67162e-06,37.4415,100.288,2.32837e-06,42.3767,126.236,7.33e-07,47.9646,158.896,2.79256e-07,54.2906,200.003,9.87351e-09,61.452,251.741,1.61085e-07,69.5585,316.859,-2.47141e-07,78.7347,398.812,8.93552e-08,89.1218,501.948,-2.53231e-07,100.879,631.736,-1.25047e-07,114.188,795.049,-1.78808e-07,129.252,1000.53,2.6733e-07,146.304,1259.03,4.50292e-07,165.605,1584.19,6.76904e-07,187.452,1993.12,-1.23808e-07,212.181,2507.27,-4.89068e-07,240.173,3153.54,-5.40284e-07,271.856,3965.56,1.86061e-07,307.719,4985.38,4.37004e-07,348.313,6265.4,3.59828e-07,394.26,7870.83,3.98192e-07,446.268,9882.51,-1.92908e-07,505.135,12400.3,-2.20392e-07,571.766,15546.9,1.51705e-07,647.184,19472.2,5.74996e-07,732.547,24357.4,5.39112e-07,829.167,30420,5.07815e-09,938.526,37916.3,-4.11492e-07,1062.3,47143.9,-3.9561e-07,1202.4,58439.2,3.86185e-08,1360.96,72169.3,5.94093e-07,1540.42,88715.8,7.47693e-07,1743.53,108445,1.78537e-07,1973.41,131665,-4.12549e-07,2233.57,158557,-5.37164e-07,2528,189103,-1.17615e-07,2861.2,222986,5.66769e-07,3238.27,259510,9.45053e-07,3664.97,297540,4.25093e-07,4147.81,335497,-3.58506e-07,4694.17,371444,-6.7724e-07,5312.37,403256,1.67192e-07,1.61744,3.89446,9.84394,3.28846,7.5504,12.774,5.07607,11.7187,13.6844,7.03202,16.8147,13.9681,9.20215,23.1769,14.0566,11.6301,31.1672,14.0841,14.3598,41.2186,14.0927,17.4376,53.8688,14.0954,20.9137,69.7915,14.0962,24.8432,89.8341,14.0965,29.2879,115.063,14.0966,34.3168,146.819,14.0966,40.0078,186.792,14.0966,46.4487,237.107,14.0966,53.7388,300.44,14.0966,61.9903,380.158,14.0966,71.3301,480.499,14.0966,81.902,606.796,14.0966,93.8685,765.761,14.0966,107.414,965.837,14.0966,122.746,1217.65,14.0966,140.101,1534.57,14.0966,159.745,1933.41,14.0966,181.981,2435.3,14.0966,207.15,3066.85,14.0966,235.64,3861.46,14.0966,267.889,4861.11,14.0966,304.391,6118.54,14.0966,345.709,7699.91,14.0966,392.478,9688.22,14.0966,445.417,12187.5,14.0966,505.339,15327.7,14.0966,573.165,19271.6,14.0966,649.938,24222,14.0966,736.839,30430.9,14.0966,835.202,38211.5,14.0966,946.539,47950.3,14.0966,1072.56,60122.8,14.0966,1215.21,75309.9,14.0966,1376.66,94216.2,14.0966,1559.41,117688,14.0966,1766.26,146729,14.0966,2000.39,182510,14.0966,2265.39,226372,14.0966,2565.33,279806,14.0966,2904.81,344416,14.0966,3289.05,421845,14.0966,3723.93,513667,14.0966,4216.13,621231,14.0966,4773.18,745478,14.0966,5403.64,886744,14.0966,6117.15,1.04457e+06,14.0966,6924.63,1.2176e+06,14.0966,11.7194,11.96,12.6541,13.9321,16.1295,13.6434,16.6097,21.9702,13.9553,19.7532,29.5285,14.0526,23.3844,39.1143,14.0829,27.5423,51.2054,14.0923,32.2796,66.434,14.0953,37.662,85.6061,14.0962,43.7675,109.74,14.0965,50.687,140.119,14.0966,58.5249,178.359,14.0966,67.4005,226.493,14.0966,77.4493,287.08,14.0966,88.8254,363.343,14.0966,101.703,459.336,14.0966,116.281,580.161,14.0966,132.782,732.241,14.0966,151.46,923.655,14.0966,172.603,1164.57,14.0966,196.535,1467.79,14.0966,223.625,1849.39,14.0966,254.288,2329.62,14.0966,288.997,2933.93,14.0966,328.285,3694.33,14.0966,372.755,4651.04,14.0966,423.092,5854.57,14.0966,480.07,7368.38,14.0966,544.564,9272.08,14.0966,617.566,11665.5,14.0966,700.197,14673.6,14.0966,793.729,18452.9,14.0966,899.599,23198.6,14.0966,1019.43,29154.1,14.0966,1155.07,36622.3,14.0966,1308.6,45977.9,14.0966,1482.39,57683.7,14.0966,1679.09,72307.8,14.0966,1901.73,90542.8,14.0966,2153.73,113226,14.0966,2438.97,141360,14.0966,2761.81,176127,14.0966,3127.22,218898,14.0966,3540.81,271226,14.0966,4008.92,334817,14.0966,4538.74,411470,14.0966,5138.38,502973,14.0966,5817.04,610948,14.0966,6585.12,736653,14.0966,7454.39,880741,14.0966,8438.15,1.04302e+06,14.0966,9551.45,1.22224e+06,14.0966,10811.3,1.41602e+06,14.0966,12237,1.62086e+06,14.0966,11.7194,11.96,12.6541,2.21263,4.16949,0.989383,2.67766,5.84076,0.311842,3.14343,7.55825,0.0972771,3.63127,9.58578,0.0303237,4.15787,12.0912,0.00945211,4.73731,15.2286,0.00294633,5.38238,19.1721,0.000918508,6.10553,24.134,0.000286163,6.91951,30.3791,8.92692e-05,7.83792,38.2397,2.78121e-05,8.87555,48.1338,8.65134e-06,10.0489,60.5876,2.7882e-06,11.3761,76.2629,8.29036e-07,12.8779,95.9927,2.4373e-07,14.5775,120.825,4.33068e-09,16.5012,152.08,1.75749e-07,18.6784,191.415,-1.86328e-07,21.1428,240.917,1.91829e-07,23.9322,303.213,-1.81475e-07,27.0895,381.602,7.0186e-08,30.6634,480.231,-2.86769e-08,34.7087,604.316,2.40784e-07,39.2876,760.401,9.87368e-08,44.4705,956.705,1.22263e-07,50.3371,1203.54,-4.31966e-07,56.9776,1513.81,-1.9705e-07,64.494,1903.69,-2.763e-08,73.0018,2393.4,3.9185e-07,82.6317,3008.13,1.35379e-07,93.5318,3779.25,-4.16351e-08,105.869,4745.7,2.06965e-08,119.834,5955.6,-3.18887e-07,135.641,7468.12,-1.48271e-08,153.531,9355.62,2.00739e-07,173.781,11705.8,2.28358e-07,196.701,14624.1,-1.93587e-08,222.642,18235,-2.88101e-07,252.003,22683.4,-2.24732e-07,285.234,28134,8.56806e-09,322.845,34767,2.34258e-07,365.413,42770.9,2.99668e-07,413.588,52327.9,8.28644e-08,468.111,63591.2,-3.07049e-07,529.814,76653.2,-3.1888e-07,599.642,91502.5,-6.72276e-08,678.662,107975,2.26339e-07,768.083,125705,3.69212e-07,869.267,144088,2.04077e-07,983.76,162277,-2.80509e-07,1113.3,179223,-4.22737e-07,1259.87,193777,-1.71951e-07,1425.68,204839,4.55555e-07,11.7194,11.96,12.6541,2.21263,4.16949,0.989383,2.67766,5.84076,0.311842,3.14343,7.55825,0.0972771,3.63127,9.58578,0.0303237,4.15787,12.0912,0.00945211,4.73731,15.2286,0.00294633,5.38238,19.1721,0.000918508,6.10553,24.134,0.000286163,6.91951,30.3791,8.92692e-05,7.83792,38.2397,2.78121e-05,8.87555,48.1338,8.65134e-06,10.0489,60.5876,2.7882e-06,11.3761,76.2629,8.29036e-07,12.8779,95.9927,2.4373e-07,14.5775,120.825,1e-08,16.5012,152.08,1.75749e-07,18.6784,191.415,1e-08,21.1428,240.917,1.91829e-07,23.9322,303.213,1e-08,27.0895,381.602,7.0186e-08,30.6634,480.231,1e-08,34.7087,604.316,2.40784e-07,39.2876,760.401,9.87368e-08,44.4705,956.705,1.22263e-07,50.3371,1203.54,1e-08,56.9776,1513.81,1e-08,64.494,1903.69,1e-08,73.0018,2393.4,3.9185e-07,82.6317,3008.13,1.35379e-07,93.5318,3779.25,1e-08,105.869,4745.7,2.06965e-08,119.834,5955.6,1e-08,135.641,7468.12,1e-08,153.531,9355.62,2.00739e-07,173.781,11705.8,2.28358e-07,196.701,14624.1,1e-08,222.642,18235,1e-08,252.003,22683.4,1e-08,285.234,28134,1e-08,322.845,34767,2.34258e-07,365.413,42770.9,2.99668e-07,413.588,52327.9,8.28644e-08,468.111,63591.2,1e-08,529.814,76653.2,1e-08,599.642,91502.5,1e-08,678.662,107975,2.26339e-07,768.083,125705,3.69212e-07,869.267,144088,2.04077e-07,983.76,162277,1e-08,1113.3,179223,1e-08,1259.87,193777,1e-08,1425.68,204839,4.55555e-07,6.2823,3.27286,2.43537,0.219672,6.18826,2.24117,0.56371,6.87772,2.63624,0.308279,3,14,10,3,3,1,4,7,1,1,9,0,3,5,0,5,12,0,8,18,0,7,26,0,7,17,0,11,7,0,11,75,0,7,20,0,7,32,0,11,60,0,8,67,0,15,172,0,8,252,0,18,222,0,18,300,0,25,327,0,27,406,0,11,472,0,34,513,0,16,902,0,38,750,0,40,1636,0,61,1440,0,71,1867,0,164,3761,0,69,3835,0,70,3574,0,143,5946,0,67,4367,0,104,10514,0,82,14698,0,126,14477,0,173,19427,0,218,12359,0,309,18812,0,362,16057,0,225,32693,0,526,97084,0,275,28661,0,265,104250,0,522,61171,0,616,71739,0,352,136915,0,562,128781,0,576,43665,0,696,125302,0,1671,86703,0,1165,195275,0,1044,166386,0
-1.05176e+08,1,8.88811e-15,10,1023,0,1.05176e+08,0.528882,1.08665,0.389689,0.145397,0.379329,3.24381,0.161596,0.446195,1.77396,0.159177,1.15e+07,4.49998e+06,6.79999e+06,1.15e+07,4.49997e+06,6.79999e+06,1.15e+07,4.49996e+06,6.79999e+06,1.15e+07,4.49995e+06,6.79999e+06,1.14999e+07,4.49993e+06,6.79999e+06,1.14999e+07,4.49991e+06,6.79999e+06,1.14999e+07,4.49989e+06,6.79999e+06,1.14999e+07,4.49986e+06,6.79999e+06,1.14999e+07,4.49982e+06,6.79999e+06,1.14999e+07,4.49977e+06,6.79999e+06,1.14999e+07,4.49971e+06,6.79999e+06,1.14999e+07,4.49963e+06,6.79999e+06,1.14998e+07,4.49953e+06,6.79999e+06,1.14998e+07,4.49941e+06,6.79999e+06,1.14998e+07,4.49926e+06,6.79999e+06,1.14998e+07,4.49906e+06,6.79999e+06,1.14997e+07,4.49882e+06,6.79999e+06,1.14997e+07,4.49851e+06,6.79999e+06,1.14997e+07,4.49812e+06,6.79999e+06,1.14996e+07,4.49764e+06,6.79999e+06,1.14996e+07,4.49702e+06,6.79999e+06,1.14995e+07,4.49625e+06,6.79999e+06,1.14995e+07,4.49528e+06,6.79999e+06,1.14994e+07,4.49406e+06,6.79999e+06,1.14993e+07,4.49253e+06,6.79999e+06,1.14992e+07,4.49059e+06,6.79999e+06,1.14991e+07,4.48817e+06,6.79999e+06,1.1499e+07,4.48511e+06,6.79999e+06,1.14988e+07,4.48128e+06,6.79999e+06,1.14987e+07,4.47646e+06,6.79999e+06,1.14985e+07,4.47041e+06,6.79999e+06,1.14983e+07,4.46281e+06,6.79999e+06,1.14981e+07,4.4533e+06,6.79999e+06,1.14979e+07,4.44138e+06,6.79999e+06,1.14976e+07,4.42649e+06,6.79999e+06,1.14972e+07,4.40789e+06,6.79999e+06,1.14969e+07,4.38471e+06,6.79999e+06,1.14965e+07,4.35592e+06,6.79999e+06,1.1496e+07,4.32027e+06,6.79999e+06,1.14955e+07,4.27629e+06,6.79999e+06,1.14949e+07,4.22231e+06,6.79999e+06,1.14942e+07,4.15647e+06,6.79999e+06,1.14934e+07,4.07676e+06,6.79999e+06,1.14926e+07,3.98112e+06,6.79999e+06,1.14916e+07,3.86765e+06,6.79999e+06,1.14905e+07,3.73474e+06,6.79999e+06,1.14892e+07,3.58148e+06,6.79999e+06,1.14878e+07,3.40785e+06,6.79999e+06,1.14862e+07,3.21513e+06,6.79999e+06,1.14844e+07,3.00605e+06,6.79999e+06,1.14823e+07,2.7848e+06,6.79999e+06,1.148e+07,2.5568e+06,6.79999e+06,1.14773e+07,2.32825e+06,6.79999e+06,13.5742,8.52444,0.508366,16.8306,13.2585,0.162638,20.0035,17.569,0.0507846,23.2616,22.4214,0.0158319,26.7328,28.3297,0.00493498,30.5212,35.6974,0.00153831,34.7178,44.9473,0.000479527,39.4086,56.5822,0.000149456,44.6796,71.2245,4.66214e-05,50.6209,89.6543,1.45419e-05,57.3297,112.852,4.54748e-06,64.9129,142.051,1.43857e-06,73.4897,178.803,4.36618e-07,83.1934,225.062,1.40153e-07,94.1745,283.286,4.96378e-08,106.602,356.568,1.05434e-07,120.669,448.799,-6.49244e-08,136.59,564.873,1.70148e-07,154.611,710.948,-5.34594e-08,175.008,894.767,1.63407e-07,198.097,1126.06,8.04804e-08,224.231,1417.07,1.14667e-07,253.813,1783.15,-1.71227e-07,287.297,2243.62,-2.88466e-07,325.198,2822.67,-4.33651e-07,368.098,3550.67,7.9318e-08,416.657,4465.65,3.13319e-07,471.621,5615.16,3.4613e-07,533.835,7058.61,-1.19199e-07,604.255,8870.02,-2.79964e-07,683.962,11141.4,-2.30521e-07,774.182,13986.7,-2.55099e-07,876.299,17546.4,1.23585e-07,991.883,21993.1,1.41192e-07,1122.71,27536.7,-9.71886e-08,1270.78,34430.7,-3.68368e-07,1438.38,42977.7,-3.45379e-07,1628.07,53532.7,-3.25328e-09,1842.77,66504.6,2.6362e-07,2085.77,82350.2,2.53445e-07,2360.79,101560,-2.47407e-08,2672.05,124632,-3.80602e-07,3024.31,152018,-4.79005e-07,3422.98,184060,-1.14379e-07,3874.15,220884,2.64297e-07,4384.72,262283,3.44131e-07,4962.49,307576,7.5349e-08,5616.29,355497,-3.63097e-07,6356.1,404126,-6.05442e-07,7193.18,450932,-2.72333e-07,8140.28,492963,2.29675e-07,9211.79,527178,4.3387e-07,10424,550893,-1.0711e-07,10.102,8.06553,2.81012,10.6436,8.57909,0.869423,11.5336,10.2515,0.270869,12.7211,12.7138,0.0844293,14.1823,15.9373,0.0263173,15.9122,20.0383,0.0082035,17.9198,25.2154,0.00255722,20.2244,31.7373,0.000797017,22.8539,39.9486,0.000248622,25.8438,50.2851,7.75492e-05,29.237,63.2963,2.42508e-05,33.0837,79.6738,7.67162e-06,37.4415,100.288,2.32837e-06,42.3767,126.236,7.33e-07,47.9646,158.896,2.79256e-07,54.2906,200.003,9.87351e-09,61.452,251.741,1.61085e-07,69.5585,316.859,-2.47141e-07,78.7347,398.812,8.93552e-08,89.1218,501.948,-2.53231e-07,100.879,631.736,-1.25047e-07,114.188,795.049,-1.78808e-07,129.252,1000.53,2.6733e-07,146.304,1259.03,4.50292e-07,165.605,1584.19,6.76904e-07,187.452,1993.12,-1.23808e-07,212.181,2507.27,-4.89068e-07,240.173,3153.54,-5.40284e-07,271.856,3965.56,1.86061e-07,307.719,4985.38,4.37004e-07,348.313,6265.4,3.59828e-07,394.26,7870.83,3.98192e-07,446.268,9882.51,-1.92908e-07,505.135,12400.3,-2.20392e-07,571.766,15546.9,1.51705e-07,647.184,19472.2,5.74996e-07,732.547,24357.4,5.39112e-07,829.167,30420,5.07815e-09,938.526,37916.3,-4.11492e-07,1062.3,47143.9,-3.9561e-07,1202.4,58439.2,3.86185e-08,1360.96,72169.3,5.94093e-07,1540.42,88715.8,7.47693e-07,1743.53,108445,1.78537e-07,1973.41,131665,-4.12549e-07,2233.57,158557,-5.37164e-07,2528,189103,-1.17615e-07,2861.2,222986,5.66769e-07,3238.27,259510,9.45053e-07,3664.97,297540,4.25093e-07,4147.81,335497,-3.58506e-07,4694.17,371444,-6.7724e-07,5312.37,403256,1.67192e-07,1.61744,3.89446,9.84394,3.28846,7.5504,12.774,5.07607,11.7187,13.6844,7.03202,16.8147,13.9681,9.20215,23.1769,14.0566,11.6301,31.1672,14.0841,14.3598,41.2186,14.0927,17.4376,53.8688,14.0954,20.9137,69.7915,14.0962,24.8432,89.8341,14.0965,29.2879,115.063,14.0966,34.3168,146.819,14.0966,40.0078,186.792,14.0966,46.4487,237.107,14.0966,53.7388,300.44,14.0966,61.9903,380.158,14.0966,71.3301,480.499,14.0966,81.902,606.796,14.0966,93.8685,765.761,14.0966,107.414,965.837,14.0966,122.746,1217.65,14.0966,140.101,1534.57,14.0966,159.745,1933.41,14.0966,181.981,2435.3,14.0966,207.15,3066.85,14.0966,235.64,3861.46,14.0966,267.889,4861.11,14.0966,304.391,6118.54,14.0966,345.709,7699.91,14.0966,392.478,9688.22,14.0966,445.417,12187.5,14.0966,505.339,15327.7,14.0966,573.165,19271.6,14.0966,649.938,24222,14.0966,736.839,30430.9,14.0966,835.202,38211.5,14.0966,946.539,47950.3,14.0966,1072.56,60122.8,14.0966,1215.21,75309.9,14.0966,1376.66,94216.2,14.0966,1559.41,117688,14.0966,1766.26,146729,14.0966,2000.39,182510,14.0966,2265.39,226372,14.0966,2565.33,279806,14.0966,2904.81,344416,14.0966,3289.05,421845,14.0966,3723.93,513667,14.0966,4216.13,621231,14.0966,4773.18,745478,14.0966,5403.64,886744,14.0966,6117.15,1.04457e+06,14.0966,6924.63,1.2176e+06,14.0966,11.7194,11.96,12.6541,13.9321,16.1295,13.6434,16.6097,21.9702,13.9553,19.7532,29.5285,14.0526,23.3844,39.1143,14.0829,27.5423,51.2054,14.0923,32.2796,66.434,14.0953,37.662,85.6061,14.0962,43.7675,109.74,14.0965,50.687,140.119,14.0966,58.5249,178.359,14.0966,67.4005,226.493,14.0966,77.4493,287.08,14.0966,88.8254,363.343,14.0966,101.703,459.336,14.0966,116.281,580.161,14.0966,132.782,732.241,14.0966,151.46,923.655,14.0966,172.603,1164.57,14.0966,196.535,1467.79,14.0966,223.625,1849.39,14.0966,254.288,2329.62,14.0966,288.997,2933.93,14.0966,328.285,3694.33,14.0966,372.755,4651.04,14.0966,423.092,5854.57,14.0966,480.07,7368.38,14.0966,544.564,9272.08,14.0966,617.566,11665.5,14.0966,700.197,14673.6,14.0966,793.729,18452.9,14.0966,899.599,23198.6,14.0966,1019.43,29154.1,14.0966,1155.07,36622.3,14.0966,1308.6,45977.9,14.0966,1482.39,57683.7,14.0966,1679.09,72307.8,14.0966,1901.73,90542.8,14.0966,2153.73,113226,14.0966,2438.97,141360,14.0966,2761.81,176127,14.0966,3127.22,218898,14.0966,3540.81,271226,14.0966,4008.92,334817,14.0966,4538.74,411470,14.0966,5138.38,502973,14.0966,5817.04,610948,14.0966,6585.12,736653,14.0966,7454.39,880741,14.0966,8438.15,1.04302e+06,14.0966,9551.45,1.22224e+06,14.0966,10811.3,1.41602e+06,14.0966,12237,1.62086e+06,14.0966,11.7194,11.96,12.6541,2.21263,4.16949,0.989383,2.67766,5.84076,0.311842,3.14343,7.55825,0.0972771,3.63127,9.58578,0.0303237,4.15787,12.0912,0.00945211,4.73731,15.2286,0.00294633,5.38238,19.1721,0.000918508,6.10553,24.134,0.000286163,6.91951,30.3791,8.92692e-05,7.83792,38.2397,2.78121e-05,8.87555,48.1338,8.65134e-06,10.0489,60.5876,2.7882e-06,11.3761,76.2629,8.29036e-07,12.8779,95.9927,2.4373e-07,14.5775,120.825,4.33068e-09,16.5012,152.08,1.75749e-07,18.6784,191.415,-1.86328e-07,21.1428,240.917,1.91829e-07,23.9322,303.213,-1.81475e-07,27.0895,381.602,7.0186e-08,30.6634,480.231,-2.86769e-08,34.7087,604.316,2.40784e-07,39.2876,760.401,9.87368e-08,44.4705,956.705,1.22263e-07,50.3371,1203.54,-4.31966e-07,56.9776,1513.81,-1.9705e-07,64.494,1903.69,-2.763e-08,73.0018,2393.4,3.9185e-07,82.6317,3008.13,1.35379e-07,93.5318,3779.25,-4.16351e-08,105.869,4745.7,2.06965e-08,119.834,5955.6,-3.18887e-07,135.641,7468.12,-1.48271e-08,153.531,9355.62,2.00739e-07,173.781,11705.8,2.28358e-07,196.701,14624.1,-1.93587e-08,222.642,18235,-2.88101e-07,252.003,22683.4,-2.24732e-07,285.234,28134,8.56806e-09,322.845,34767,2.34258e-07,365.413,42770.9,2.99668e-07,413.588,52327.9,8.28644e-08,468.111,63591.2,-3.07049e-07,529.814,76653.2,-3.1888e-07,599.642,91502.5,-6.72276e-08,678.662,107975,2.26339e-07,768.083,125705,3.69212e-07,869.267,144088,2.04077e-07,983.76,162277,-2.80509e-07,1113.3,179223,-4.22737e-07,1259.87,193777,-1.71951e-07,1425.68,204839,4.55555e-07,11.7194,11.96,12.6541,2.21263,4.16949,0.989383,2.67766,5.84076,0.311842,3.14343,7.55825,0.0972771,3.63127,9.58578,0.0303237,4.15787,12.0912,0.00945211,4.73731,15.2286,0.00294633,5.38238,19.1721,0.000918508,6.10553,24.134,0.000286163,6.91951,30.3791,8.92692e-05,7.83792,38.2397,2.78121e-05,8.87555,48.1338,8.65134e-06,10.0489,60.5876,2.7882e-06,11.3761,76.2629,8.29036e-07,12.8779,95.9927,2.4373e-07,14.5775,120.825,1e-08,16.5012,152.08,1.75749e-07,18.6784,191.415,1e-08,21.1428,240.917,1.91829e-07,23.9322,303.213,1e-08,27.0895,381.602,7.0186e-08,30.6634,480.231,1e-08,34.7087,604.316,2.40784e-07,39.2876,760.401,9.87368e-08,44.4705,956.705,1.22263e-07,50.3371,1203.54,1e-08,56.9776,1513.81,1e-08,64.494,1903.69,1e-08,73.0018,2393.4,3.9185e-07,82.6317,3008.13,1.35379e-07,93.5318,3779.25,1e-08,105.869,4745.7,2.06965e-08,119.834,5955.6,1e-08,135.641,7468.12,1e-08,153.531,9355.62,2.00739e-07,173.781,11705.8,2.28358e-07,196.701,14624.1,1e-08,222.642,18235,1e-08,252.003,22683.4,1e-08,285.234,28134,1e-08,322.845,34767,2.34258e-07,365.413,42770.9,2.99668e-07,413.588,52327.9,8.28644e-08,468.111,63591.2,1e-08,529.814,76653.2,1e-08,599.642,91502.5,1e-08,678.662,107975,2.26339e-07,768.083,125705,3.69212e-07,869.267,144088,2.04077e-07,983.76,162277,1e-08,1113.3,179223,1e-08,1259.87,193777,1e-08,1425.68,204839,4.55555e-07,6.2823,3.27286,2.43537,0.219672,6.18826,2.24117,0.56371,6.87772,2.63624,0.308279,16,9,19,5,6,4,0,4,1,3,2,0,6,7,0,5,11,0,3,21,0,2,13,0,11,11,0,5,37,0,3,50,0,6,99,0,19,35,0,10,135,0,14,69,0,10,199,0,12,121,0,12,107,0,38,206,0,25,198,0,24,378,0,26,298,0,16,531,0,54,435,0,50,689,0,27,526,0,30,2082,0,45,3087,0,91,2986,0,108,3566,0,56,2687,0,105,2659,0,125,6193,0,200,12148,0,118,9086,0,250,14728,0,165,13899,0,224,4872,0,354,27443,0,368,32193,0,281,28334,0,549,36098,0,362,75790,0,393,74444,0,532,92904,0,652,40786,0,719,104515,0,531,83195,0,916,221302,0,654,123901,0,1973,174236,0,858,116258,0,2973,200370,0
-1.05176e+08,1,8.88811e-15,10,1023,0,1.05176e+08,0.528882,1.08665,0.389689,0.145397,0.379329,3.24381,0.161596,0.446195,1.77396,0.159177,1.15e+07,4.49998e+06,6.79999e+06,1.15e+07,4.49997e+06,6.79999e+06,1.15e+07,4.49996e+06,6.79999e+06,1.15e+07,4.49995e+06,6.79999e+06,1.14999e+07,4.49993e+06,6.79999e+06,1.14999e+07,4.49991e+06,6.79999e+06,1.14999e+07,4.49989e+06,6.79999e+06,1.14999e+07,4.49986e+06,6.79999e+06,1.14999e+07,4.49982e+06,6.79999e+06,1.14999e+07,4.49977e+06,6.79999e+06,1.14999e+07,4.49971e+06,6.79999e+06,1.14999e+07,4.49963e+06,6.79999e+06,1.14998e+07,4.49953e+06,6.79999e+06,1.14998e+07,4.49941e+06,6.79999e+06,1.14998e+07,4.49926e+06,6.79999e+06,1.14998e+07,4.49906e+06,6.79999e+06,1.14997e+07,4.49882e+06,6.79999e+06,1.14997e+07,4.49851e+06,6.79999e+06,1.14997e+07,4.49812e+06,6.79999e+06,1.14996e+07,4.49764e+06,6.79999e+06,1.14996e+07,4.49702e+06,6.79999e+06,1.14995e+07,4.49625e+06,6.79999e+06,1.14995e+07,4.49528e+06,6.79999e+06,1.14994e+07,4.49406e+06,6.79999e+06,1.14993e+07,4.49253e+06,6.79999e+06,1.14992e+07,4.49059e+06,6.79999e+06,1.14991e+07,4.48817e+06,6.79999e+06,1.1499e+07,4.48511e+06,6.79999e+06,1.14988e+07,4.48128e+06,6.79999e+06,1.14987e+07,4.47646e+06,6.79999e+06,1.14985e+07,4.47041e+06,6.79999e+06,1.14983e+07,4.46281e+06,6.79999e+06,1.14981e+07,4.4533e+06,6.79999e+06,1.14979e+07,4.44138e+06,6.79999e+06,1.14976e+07,4.42649e+06,6.79999e+06,1.14972e+07,4.40789e+06,6.79999e+06,1.14969e+07,4.38471e+06,6.79999e+06,1.14965e+07,4.35592e+06,6.79999e+06,1.1496e+07,4.32027e+06,6.79999e+06,1.14955e+07,4.27629e+06,6.79999e+06,1.14949e+07,4.22231e+06,6.79999e+06,1.14942e+07,4.15647e+06,6.79999e+06,1.14934e+07,4.07676e+06,6.79999e+06,1.14926e+07,3.98112e+06,6.79999e+06,1.14916e+07,3.86765e+06,6.79999e+06,1.14905e+07,3.73474e+06,6.79999e+06,1.14892e+07,3.58148e+06,6.79999e+06,1.14878e+07,3.40785e+06,6.79999e+06,1.14862e+07,3.21513e+06,6.79999e+06,1.14844e+07,3.00605e+06,6.79999e+06,1.14823e+07,2.7848e+06,6.79999e+06,1.148e+07,2.5568e+06,6.79999e+06,1.14773e+07,2.32825e+06,6.79999e+06,13.5742,8.52444,0.508366,16.8306,13.2585,0.162638,20.0035,17.569,0.0507846,23.2616,22.4214,0.0158319,26.7328,28.3297,0.00493498,30.5212,35.6974,0.00153831,34.7178,44.9473,0.000479527,39.4086,56.5822,0.000149456,44.6796,71.2245,4.66214e-05,50.6209,89.6543,1.45419e-05,57.3297,112.852,4.54748e-06,64.9129,142.051,1.43857e-06,73.4897,178.803,4.36618e-07,83.1934,225.062,1.40153e-07,94.1745,283.286,4.96378e-08,106.602,356.568,1.05434e-07,120.669,448.799,-6.49244e-08,136.59,564.873,1.70148e-07,154.611,710.948,-5.34594e-08,175.008,894.767,1.63407e-07,198.097,1126.06,8.04804e-08,224.231,1417.07,1.14667e-07,253.813,1783.15,-1.71227e-07,287.297,2243.62,-2.88466e-07,325.198,2822.67,-4.33651e-07,368.098,3550.67,7.9318e-08,416.657,4465.65,3.13319e-07,471.621,5615.16,3.4613e-07,533.835,7058.61,-1.19199e-07,604.255,8870.02,-2.79964e-07,683.962,11141.4,-2.30521e-07,774.182,13986.7,-2.55099e-07,876.299,17546.4,1.23585e-07,991.883,21993.1,1.41192e-07,1122.71,27536.7,-9.71886e-08,1270.78,34430.7,-3.68368e-07,1438.38,42977.7,-3.45379e-07,1628.07,53532.7,-3.25328e-09,1842.77,66504.6,2.6362e-07,2085.77,82350.2,2.53445e-07,2360.79,101560,-2.47407e-08,2672.05,124632,-3.80602e-07,3024.31,152018,-4.79005e-07,3422.98,184060,-1.14379e-07,3874.15,220884,2.64297e-07,4384.72,262283,3.44131e-07,4962.49,307576,7.5349e-08,5616.29,355497,-3.63097e-07,6356.1,404126,-6.05442e-07,7193.18,450932,-2.72333e-07,8140.28,492963,2.29675e-07,9211.79,527178,4.3387e-07,10424,550893,-1.0711e-07,10.102,8.06553,2.81012,10.6436,8.57909,0.869423,11.5336,10.2515,0.270869,12.7211,12.7138,0.0844293,14.1823,15.9373,0.0263173,15.9122,20.0383,0.0082035,17.9198,25.2154,0.00255722,20.2244,31.7373,0.000797017,22.8539,39.9486,0.000248622,25.8438,50.2851,7.75492e-05,29.237,63.2963,2.42508e-05,33.0837,79.6738,7.67162e-06,37.4415,100.288,2.32837e-06,42.3767,126.236,7.33e-07,47.9646,158.896,2.79256e-07,54.2906,200.003,9.87351e-09,61.452,251.741,1.61085e-07,69.5585,316.859,-2.47141e-07,78.7347,398.812,8.93552e-08,89.1218,501.948,-2.53231e-07,100.879,631.736,-1.25047e-07,114.188,795.049,-1.78808e-07,129.252,1000.53,2.6733e-07,146.304,1259.03,4.50292e-07,165.605,1584.19,6.76904e-07,187.452,1993.12,-1.23808e-07,212.181,2507.27,-4.89068e-07,240.173,3153.54,-5.40284e-07,271.856,3965.56,1.86061e-07,307.719,4985.38,4.37004e-07,348.313,6265.4,3.59828e-07,394.26,7870.83,3.98192e-07,446.268,9882.51,-1.92908e-07,505.135,12400.3,-2.20392e-07,571.766,15546.9,1.51705e-07,647.184,19472.2,5.74996e-07,732.547,24357.4,5.39112e-07,829.167,30420,5.07815e-09,938.526,37916.3,-4.11492e-07,1062.3,47143.9,-3.9561e-07,1202.4,58439.2,3.86185e-08,1360.96,72169.3,5.94093e-07,1540.42,88715.8,7.47693e-07,1743.53,108445,1.78537e-07,1973.41,131665,-4.12549e-07,2233.57,158557,-5.37164e-07,2528,189103,-1.17615e-07,2861.2,222986,5.66769e-07,3238.27,259510,9.45053e-07,3664.97,297540,4.25093e-07,4147.81,335497,-3.58506e-07,4694.17,371444,-6.7724e-07,5312.37,403256,1.67192e-07,1.61744,3.89446,9.84394,3.28846,7.5504,12.774,5.07607,11.7187,13.6844,7.03202,16.8147,13.9681,9.20215,23.1769,14.0566,11.6301,31.1672,14.0841,14.3598,41.2186,14.0927,17.4376,53.8688,14.0954,20.9137,69.7915,14.0962,24.8432,89.8341,14.0965,29.2879,115.063,14.0966,34.3168,146.819,14.0966,40.0078,186.792,14.0966,46.4487,237.107,14.0966,53.7388,300.44,14.0966,61.9903,380.158,14.0966,71.3301,480.499,14.0966,81.902,606.796,14.0966,93.8685,765.761,14.0966,107.414,965.837,14.0966,122.746,1217.65,14.0966,140.101,1534.57,14.0966,159.745,1933.41,14.0966,181.981,2435.3,14.0966,207.15,3066.85,14.0966,235.64,3861.46,14.0966,267.889,4861.11,14.0966,304.391,6118.54,14.0966,345.709,7699.91,14.0966,392.478,9688.22,14.0966,445.417,12187.5,14.0966,505.339,15327.7,14.0966,573.165,19271.6,14.0966,649.938,24222,14.0966,736.839,30430.9,14.0966,835.202,38211.5,14.0966,946.539,47950.3,14.0966,1072.56,60122.8,14.0966,1215.21,75309.9,14.0966,1376.66,94216.2,14.0966,1559.41,117688,14.0966,1766.26,146729,14.0966,2000.39,182510,14.0966,2265.39,226372,14.0966,2565.33,279806,14.0966,2904.81,344416,14.0966,3289.05,421845,14.0966,3723.93,513667,14.0966,4216.13,621231,14.0966,4773.18,745478,14.0966,5403.64,886744,14.0966,6117.15,1.04457e+06,14.0966,6924.63,1.2176e+06,14.0966,11.7194,11.96,12.6541,13.9321,16.1295,13.6434,16.6097,21.9702,13.9553,19.7532,29.5285,14.0526,23.3844,39.1143,14.0829,27.5423,51.2054,14.0923,32.2796,66.434,14.0953,37.662,85.6061,14.0962,43.7675,109.74,14.0965,50.687,140.119,14.0966,58.5249,178.359,14.0966,67.4005,226.493,14.0966,77.4493,287.08,14.0966,88.8254,363.343,14.0966,101.703,459.336,14.0966,116.281,580.161,14.0966,132.782,732.241,14.0966,151.46,923.655,14.0966,172.603,1164.57,14.0966,196.535,1467.79,14.0966,223.625,1849.39,14.0966,254.288,2329.62,14.0966,288.997,2933.93,14.0966,328.285,3694.33,14.0966,372.755,4651.04,14.0966,423.092,5854.57,14.0966,480.07,7368.38,14.0966,544.564,9272.08,14.0966,617.566,11665.5,14.0966,700.197,14673.6,14.0966,793.729,18452.9,14.0966,899.599,23198.6,14.0966,1019.43,29154.1,14.0966,1155.07,36622.3,14.0966,1308.6,45977.9,14.0966,1482.39,57683.7,14.0966,1679.09,72307.8,14.0966,1901.73,90542.8,14.0966,2153.73,113226,14.0966,2438.97,141360,14.0966,2761.81,176127,14.0966,3127.22,218898,14.0966,3540.81,271226,14.0966,4008.92,334817,14.0966,4538.74,411470,14.0966,5138.38,502973,14.0966,5817.04,610948,14.0966,6585.12,736653,14.0966,7454.39,880741,14.0966,8438.15,1.04302e+06,14.0966,9551.45,1.22224e+06,14.0966,10811.3,1.41602e+06,14.0966,12237,1.62086e+06,14.0966,11.7194,11.96,12.6541,2.21263,4.16949,0.989383,2.67766,5.84076,0.311842,3.14343,7.55825,0.0972771,3.63127,9.58578,0.0303237,4.15787,12.0912,0.00945211,4.73731,15.2286,0.00294633,5.38238,19.1721,0.000918508,6.10553,24.134,0.000286163,6.91951,30.3791,8.92692e-05,7.83792,38.2397,2.78121e-05,8.87555,48.1338,8.65134e-06,10.0489,60.5876,2.7882e-06,11.3761,76.2629,8.29036e-07,12.8779,95.9927,2.4373e-07,14.5775,120.825,4.33068e-09,16.5012,152.08,1.75749e-07,18.6784,191.415,-1.86328e-07,21.1428,240.917,1.91829e-07,23.9322,303.213,-1.81475e-07,27.0895,381.602,7.0186e-08,30.6634,480.231,-2.86769e-08,34.7087,604.316,2.40784e-07,39.2876,760.401,9.87368e-08,44.4705,956.705,1.22263e-07,50.3371,1203.54,-4.31966e-07,56.9776,1513.81,-1.9705e-07,64.494,1903.69,-2.763e-08,73.0018,2393.4,3.9185e-07,82.6317,3008.13,1.35379e-07,93.5318,3779.25,-4.16351e-08,105.869,4745.7,2.06965e-08,119.834,5955.6,-3.18887e-07,135.641,7468.12,-1.48271e-08,153.531,9355.62,2.00739e-07,173.781,11705.8,2.28358e-07,196.701,14624.1,-1.93587e-08,222.642,18235,-2.88101e-07,252.003,22683.4,-2.24732e-07,285.234,28134,8.56806e-09,322.845,34767,2.34258e-07,365.413,42770.9,2.99668e-07,413.588,52327.9,8.28644e-08,468.111,63591.2,-3.07049e-07,529.814,76653.2,-3.1888e-07,599.642,91502.5,-6.72276e-08,678.662,107975,2.26339e-07,768.083,125705,3.69212e-07,869.267,144088,2.04077e-07,983.76,162277,-2.80509e-07,1113.3,179223,-4.22737e-07,1259.87,193777,-1.71951e-07,1425.68,204839,4.55555e-07,11.7194,11.96,12.6541,2.21263,4.16949,0.989383,2.67766,5.84076,0.311842,3.14343,7.55825,0.0972771,3.63127,9.58578,0.0303237,4.15787,12.0912,0.00945211,4.73731,15.2286,0.00294633,5.38238,19.1721,0.000918508,6.10553,24.134,0.000286163,6.91951,30.3791,8.92692e-05,7.83792,38.2397,2.78121e-05,8.87555,48.1338,8.65134e-06,10.0489,60.5876,2.7882e-06,11.3761,76.2629,8.29036e-07,12.8779,95.9927,2.4373e-07,14.5775,120.825,1e-08,16.5012,152.08,1.75749e-07,18.6784,191.415,1e-08,21.1428,240.917,1.91829e-07,23.9322,303.213,1e-08,27.0895,381.602,7.0186e-08,30.6634,480.231,1e-08,34.7087,604.316,2.40784e-07,39.2876,760.401,9.87368e-08,44.4705,956.705,1.22263e-07,50.3371,1203.54,1e-08,56.9776,1513.81,1e-08,64.494,1903.69,1e-08,73.0018,2393.4,3.9185e-07,82.6317,3008.13,1.35379e-07,93.5318,3779.25,1e-08,105.869,4745.7,2.06965e-08,119.834,5955.6,1e-08,135.641,7468.12,1e-08,153.531,9355.62,2.00739e-07,173.781,11705.8,2.28358e-07,196.701,14624.1,1e-08,222.642,18235,1e-08,252.003,22683.4,1e-08,285.234,28134,1e-08,322.845,34767,2.34258e-07,365.413,42770.9,2.99668e-07,413.588,52327.9,8.28644e-08,468.111,63591.2,1e-08,529.814,76653.2,1e-08,599.642,91502.5,1e-08,678.662,107975,2.26339e-07,768.083,125705,3.69212e-07,869.267,144088,2.04077e-07,983.76,162277,1e-08,1113.3,179223,1e-08,1259.87,193777,1e-08,1425.68,204839,4.55555e-07,6.2823,3.27286,2.43537,0.219672,6.18826,2.24117,0.56371,6.87772,2.63624,0.308279,7,4,25,5,6,1,6,4,0,4,9,0,1,12,0,2,14,0,5,13,0,5,15,0,2,55,0,8,36,0,1,24,0,15,72,0,15,73,0,8,22,0,15,88,0,20,123,0,40,152,0,24,208,0,17,127,0,26,308,0,12,382,0,37,343,0,16,658,0,41,1044,0,57,1336,0,22,852,0,91,1622,0,90,2858,0,50,2180,0,58,2283,0,79,5478,0,121,5097,0,157,3480,0,213,5299,0,153,8014,0,155,13695,0,357,15150,0,200,30425,0,361,31026,0,257,59363,0,225,40781,0,207,43177,0,784,56576,0,643,40835,0,892,75374,0,657,67220,0,904,55345,0,1082,104979,0,969,244009,0,1883,130972,0,736,306874,0,1747,175641,0,2337,191911,0
-1.05176e+08,1,8.88811e-15,10,1023,0,1.05176e+08,0.528882,1.08665,0.389689,0.145397,0.379329,3.24381,0.161596,0.446195,1.77396,0.159177,1.15e+07,4.49998e+06,6.79999e+06,1.15e+07,4.49997e+06,6.79999e+06,1.15e+07,4.49996e+06,6.79999e+06,1.15e+07,4.49995e+06,6.79999e+06,1.14999e+07,4.49993e+06,6.79999e+06,1.14999e+07,4.49991e+06,6.79999e+06,1.14999e+07,4.49989e+06,6.79999e+06,1.14999e+07,4.49986e+06,6.79999e+06,1.14999e+07,4.49982e+06,6.79999e+06,1.14999e+07,4.49977e+06,6.79999e+06,1.14999e+07,4.49971e+06,6.79999e+06,1.14999e+07,4.49963e+06,6.79999e+06,1.14998e+07,4.49953e+06,6.79999e+06,1.14998e+07,4.49941e+06,6.79999e+06,1.14998e+07,4.49926e+06,6.79999e+06,1.14998e+07,4.49906e+06,6.79999e+06,1.14997e+07,4.49882e+06,6.79999e+06,1.14997e+07,4.49851e+06,6.79999e+06,1.14997e+07,4.49812e+06,6.79999e+06,1.14996e+07,4.49764e+06,6.79999e+06,1.14996e+07,4.49702e+06,6.79999e+06,1.14995e+07,4.49625e+06,6.79999e+06,1.14995e+07,4.49528e+06,6.79999e+06,1.14994e+07,4.49406e+06,6.79999e+06,1.14993e+07,4.49253e+06,6.79999e+06,1.14992e+07,4.49059e+06,6.79999e+06,1.14991e+07,4.48817e+06,6.79999e+06,1.1499e+07,4.48511e+06,6.79999e+06,1.14988e+07,4.48128e+06,6.79999e+06,1.14987e+07,4.47646e+06,6.79999e+06,1.14985e+07,4.47041e+06,6.79999e+06,1.14983e+07,4.46281e+06,6.79999e+06,1.14981e+07,4.4533e+06,6.79999e+06,1.14979e+07,4.44138e+06,6.79999e+06,1.14976e+07,4.42649e+06,6.79999e+06,1.14972e+07,4.40789e+06,6.79999e+06,1.14969e+07,4.38471e+06,6.79999e+06,1.14965e+07,4.35592e+06,6.79999e+06,1.1496e+07,4.32027e+06,6.79999e+06,1.14955e+07,4.27629e+06,6.79999e+06,1.14949e+07,4.22231e+06,6.79999e+06,1.14942e+07,4.15647e+06,6.79999e+06,1.14934e+07,4.07676e+06,6.79999e+06,1.14926e+07,3.98112e+06,6.79999e+06,1.14916e+07,3.86765e+06,6.79999e+06,1.14905e+07,3.73474e+06,6.79999e+06,1.14892e+07,3.58148e+06,6.79999e+06,1.14878e+07,3.40785e+06,6.79999e+06,1.14862e+07,3.21513e+06,6.79999e+06,1.14844e+07,3.00605e+06,6.79999e+06,1.14823e+07,2.7848e+06,6.79999e+06,1.148e+07,2.5568e+06,6.79999e+06,1.14773e+07,2.32825e+06,6.79999e+06,13.5742,8.52444,0.508366,16.8306,13.2585,0.162638,20.0035,17.569,0.0507846,23.2616,22.4214,0.0158319,26.7328,28.3297,0.00493498,30.5212,35.6974,0.00153831,34.7178,44.9473,0.000479527,39.4086,56.5822,0.000149456,44.6796,71.2245,4.66214e-05,50.6209,89.6543,1.45419e-05,57.3297,112.852,4.54748e-06,64.9129,142.051,1.43857e-06,73.4897,178.803,4.36618e-07,83.1934,225.062,1.40153e-07,94.1745,283.286,4.96378e-08,106.602,356.568,1.05434e-07,120.669,448.799,-6.49244e-08,136.59,564.873,1.70148e-07,154.611,710.948,-5.34594e-08,175.008,894.767,1.63407e-07,198.097,1126.06,8.04804e-08,224.231,1417.07,1.14667e-07,253.813,1783.15,-1.71227e-07,287.297,2243.62,-2.88466e-07,325.198,2822.67,-4.33651e-07,368.098,3550.67,7.9318e-08,416.657,4465.65,3.13319e-07,471.621,5615.16,3.4613e-07,533.835,7058.61,-1.19199e-07,604.255,8870.02,-2.79964e-07,683.962,11141.4,-2.30521e-07,774.182,13986.7,-2.55099e-07,876.299,17546.4,1.23585e-07,991.883,21993.1,1.41192e-07,1122.71,27536.7,-9.71886e-08,1270.78,34430.7,-3.68368e-07,1438.38,42977.7,-3.45379e-07,1628.07,53532.7,-3.25328e-09,1842.77,66504.6,2.6362e-07,2085.77,82350.2,2.53445e-07,2360.79,101560,-2.47407e-08,2672.05,124632,-3.80602e-07,3024.31,152018,-4.79005e-07,3422.98,184060,-1.14379e-07,3874.15,220884,2.64297e-07,4384.72,262283,3.44131e-07,4962.49,307576,7.5349e-08,5616.29,355497,-3.63097e-07,6356.1,404126,-6.05442e-07,7193.18,450932,-2.72333e-07,8140.28,492963,2.29675e-07,9211.79,527178,4.3387e-07,10424,550893,-1.0711e-07,10.102,8.06553,2.81012,10.6436,8.57909,0.869423,11.5336,10.2515,0.270869,12.7211,12.7138,0.0844293,14.1823,15.9373,0.0263173,15.9122,20.0383,0.0082035,17.9198,25.2154,0.00255722,20.2244,31.7373,0.000797017,22.8539,39.9486,0.000248622,25.8438,50.2851,7.75492e-05,29.237,63.2963,2.42508e-05,33.0837,79.6738,7.67162e-06,37.4415,100.288,2.32837e-06,42.3767,126.236,7.33e-07,47.9646,158.896,2.79256e-07,54.2906,200.003,9.87351e-09,61.452,251.741,1.61085e-07,69.5585,316.859,-2.47141e-07,78.7347,398.812,8.93552e-08,89.1218,501.948,-2.53231e-07,100.879,631.736,-1.25047e-07,114.188,795.049,-1.78808e-07,129.252,1000.53,2.6733e-07,146.304,1259.03,4.50292e-07,165.605,1584.19,6.76904e-07,187.452,1993.12,-1.23808e-07,212.181,2507.27,-4.89068e-07,240.173,3153.54,-5.40284e-07,271.856,3965.56,1.86061e-07,307.719,4985.38,4.37004e-07,348.313,6265.4,3.59828e-07,394.26,7870.83,3.98192e-07,446.268,9882.51,-1.92908e-07,505.135,12400.3,-2.20392e-07,571.766,15546.9,1.51705e-07,647.184,19472.2,5.74996e-07,732.547,24357.4,5.39112e-07,829.167,30420,5.07815e-09,938.526,37916.3,-4.11492e-07,1062.3,47143.9,-3.9561e-07,1202.4,58439.2,3.86185e-08,1360.96,72169.3,5.94093e-07,1540.42,88715.8,7.47693e-07,1743.53,108445,1.78537e-07,1973.41,131665,-4.12549e-07,2233.57,158557,-5.37164e-07,2528,189103,-1.17615e-07,2861.2,222986,5.66769e-07,3238.27,259510,9.45053e-07,3664.97,297540,4.25093e-07,4147.81,335497,-3.58506e-07,4694.17,371444,-6.7724e-07,5312.37,403256,1.67192e-07,1.61744,3.89446,9.84394,3.28846,7.5504,12.774,5.07607,11.7187,13.6844,7.03202,16.8147,13.9681,9.20215,23.1769,14.0566,11.6301,31.1672,14.0841,14.3598,41.2186,14.0927,17.4376,53.8688,14.0954,20.9137,69.7915,14.0962,24.8432,89.8341,14.0965,29.2879,115.063,14.0966,34.3168,146.819,14.0966,40.0078,186.792,14.0966,46.4487,237.107,14.0966,53.7388,300.44,14.0966,61.9903,380.158,14.0966,71.3301,480.499,14.0966,81.902,606.796,14.0966,93.8685,765.761,14.0966,107.414,965.837,14.0966,122.746,1217.65,14.0966,140.101,1534.57,14.0966,159.745,1933.41,14.0966,181.981,2435.3,14.0966,207.15,3066.85,14.0966,235.64,3861.46,14.0966,267.889,4861.11,14.0966,304.391,6118.54,14.0966,345.709,7699.91,14.0966,392.478,9688.22,14.0966,445.417,12187.5,14.0966,505.339,15327.7,14.0966,573.165,19271.6,14.0966,649.938,24222,14.0966,736.839,30430.9,14.0966,835.202,38211.5,14.0966,946.539,47950.3,14.0966,1072.56,60122.8,14.0966,1215.21,75309.9,14.0966,1376.66,94216.2,14.0966,1559.41,117688,14.0966,1766.26,146729,14.0966,2000.39,182510,14.0966,2265.39,226372,14.0966,2565.33,279806,14.0966,2904.81,344416,14.0966,3289.05,421845,14.0966,3723.93,513667,14.0966,4216.13,621231,14.0966,4773.18,745478,14.0966,5403.64,886744,14.0966,6117.15,1.04457e+06,14.0966,6924.63,1.2176e+06,14.0966,11.7194,11.96,12.6541,13.9321,16.1295,13.6434,16.6097,21.9702,13.9553,19.7532,29.5285,14.0526,23.3844,39.1143,14.0829,27.5423,51.2054,14.0923,32.2796,66.434,14.0953,37.662,85.6061,14.0962,43.7675,109.74,14.0965,50.687,140.119,14.0966,58.5249,178.359,14.0966,67.4005,226.493,14.0966,77.4493,287.08,14.0966,88.8254,363.343,14.0966,101.703,459.336,14.0966,116.281,580.161,14.0966,132.782,732.241,14.0966,151.46,923.655,14.0966,172.603,1164.57,14.0966,196.535,1467.79,14.0966,223.625,1849.39,14.0966,254.288,2329.62,14.0966,288.997,2933.93,14.0966,328.285,3694.33,14.0966,372.755,4651.04,14.0966,423.092,5854.57,14.0966,480.07,7368.38,14.0966,544.564,9272.08,14.0966,617.566,11665.5,14.0966,700.197,14673.6,14.0966,793.729,18452.9,14.0966,899.599,23198.6,14.0966,1019.43,29154.1,14.0966,1155.07,36622.3,14.0966,1308.6,45977.9,14.0966,1482.39,57683.7,14.0966,1679.09,72307.8,14.0966,1901.73,90542.8,14.0966,2153.73,113226,14.0966,2438.97,141360,14.0966,2761.81,176127,14.0966,3127.22,218898,14.0966,3540.81,271226,14.0966,4008.92,334817,14.0966,4538.74,411470,14.0966,5138.38,502973,14.0966,5817.04,610948,14.0966,6585.12,736653,14.0966,7454.39,880741,14.0966,8438.15,1.04302e+06,14.0966,9551.45,1.22224e+06,14.0966,10811.3,1.41602e+06,14.0966,12237,1.62086e+06,14.0966,11.7194,11.96,12.6541,2.21263,4.16949,0.989383,2.67766,5.84076,0.311842,3.14343,7.55825,0.0972771,3.63127,9.58578,0.0303237,4.15787,12.0912,0.00945211,4.73731,15.2286,0.00294633,5.38238,19.1721,0.000918508,6.10553,24.134,0.000286163,6.91951,30.3791,8.92692e-05,7.83792,38.2397,2.78121e-05,8.87555,48.1338,8.65134e-06,10.0489,60.5876,2.7882e-06,11.3761,76.2629,8.29036e-07,12.8779,95.9927,2.4373e-07,14.5775,120.825,4.33068e-09,16.5012,152.08,1.75749e-07,18.6784,191.415,-1.86328e-07,21.1428,240.917,1.91829e-07,23.9322,303.213,-1.81475e-07,27.0895,381.602,7.0186e-08,30.6634,480.231,-2.86769e-08,34.7087,604.316,2.40784e-07,39.2876,760.401,9.87368e-08,44.4705,956.705,1.22263e-07,50.3371,1203.54,-4.31966e-07,56.9776,1513.81,-1.9705e-07,64.494,1903.69,-2.763e-08,73.0018,2393.4,3.9185e-07,82.6317,3008.13,1.35379e-07,93.5318,3779.25,-4.16351e-08,105.869,4745.7,2.06965e-08,119.834,5955.6,-3.18887e-07,135.641,7468.12,-1.48271e-08,153.531,9355.62,2.00739e-07,173.781,11705.8,2.28358e-07,196.701,14624.1,-1.93587e-08,222.642,18235,-2.88101e-07,252.003,22683.4,-2.24732e-07,285.234,28134,8.56806e-09,322.845,34767,2.34258e-07,365.413,42770.9,2.99668e-07,413.588,52327.9,8.28644e-08,468.111,63591.2,-3.07049e-07,529.814,76653.2,-3.1888e-07,599.642,91502.5,-6.72276e-08,678.662,107975,2.26339e-07,768.083,125705,3.69212e-07,869.267,144088,2.04077e-07,983.76,162277,-2.80509e-07,1113.3,179223,-4.22737e-07,1259.87,193777,-1.71951e-07,1425.68,204839,4.55555e-07,11.7194,11.96,12.6541,2.21263,4.16949,0.989383,2.67766,5.84076,0.311842,3.14343,7.55825,0.0972771,3.63127,9.58578,0.0303237,4.15787,12.0912,0.00945211,4.73731,15.2286,0.00294633,5.38238,19.1721,0.000918508,6.10553,24.134,0.000286163,6.91951,30.3791,8.92692e-05,7.83792,38.2397,2.78121e-05,8.87555,48.1338,8.65134e-06,10.0489,60.5876,2.7882e-06,11.3761,76.2629,8.29036e-07,12.8779,95.9927,2.4373e-07,14.5775,120.825,1e-08,16.5012,152.08,1.75749e-07,18.6784,191.415,1e-08,21.1428,240.917,1.91829e-07,23.9322,303.213,1e-08,27.0895,381.602,7.0186e-08,30.6634,480.231,1e-08,34.7087,604.316,2.40784e-07,39.2876,760.401,9.87368e-08,44.4705,956.705,1.22263e-07,50.3371,1203.54,1e-08,56.9776,1513.81,1e-08,64.494,1903.69,1e-08,73.0018,2393.4,3.9185e-07,82.6317,3008.13,1.35379e-07,93.5318,3779.25,1e-08,105.869,4745.7,2.06965e-08,119.834,5955.6,1e-08,135.641,7468.12,1e-08,153.531,9355.62,2.00739e-07,173.781,11705.8,2.28358e-07,196.701,14624.1,1e-08,222.642,18235,1e-08,252.003,22683.4,1e-08,285.234,28134,1e-08,322.845,34767,2.34258e-07,365.413,42770.9,2.99668e-07,413.588,52327.9,8.28644e-08,468.111,63591.2,1e-08,529.814,76653.2,1e-08,599.642,91502.5,1e-08,678.662,107975,2.26339e-07,768.083,125705,3.69212e-07,869.267,144088,2.04077e-07,983.76,162277,1e-08,1113.3,179223,1e-08,1259.87,193777,1e-08,1425.68,204839,4.55555e-07,6.2823,3.27286,2.43537,0.219672,6.18826,2.24117,0.56371,6.87772,2.63624,0.308279,13,2,7,4,3,1,4,0,0,6,9,1,7,9,0,7,4,0,5,19,0,9,23,0,2,20,0,3,24,0,8,41,0,15,48,0,14,49,0,15,85,0,13,71,0,15,121,0,10,105,0,20,50,0,21,207,0,60,180,0,23,220,0,49,414,0,30,290,0,28,679,0,31,540,0,22,1087,0,34,1305,0,39,1846,0,35,2104,0,145,6030,0,50,4377,0,128,3167,0,261,5054,0,129,7858,0,120,5379,0,170,13151,0,219,19907,0,255,13773,0,372,21126,0,400,28994,0,787,62932,0,310,62011,0,391,37196,0,221,49909,0,682,98876,0,763,139201,0,626,125871,0,833,93363,0,1195,152734,0,1539,120011,0,1829,223606,0,1186,191517,0,1367,101842,0
-1.05176e+08,1,8.88811e-15,10,1023,0,1.05176e+08,0.528882,1.08665,0.389689,0.145397,0.379329,3.24381,0.161596,0.446195,1.77396,0.159177,1.15e+07,4.49998e+06,6.79999e+06,1.15e+07,4.49997e+06,6.79999e+06,1.15e+07,4.49996e+06,6.79999e+06,1.15e+07,4.49995e+06,6.79999e+06,1.14999e+07,4.49993e+06,6.79999e+06,1.14999e+07,4.49991e+06,6.79999e+06,1.14999e+07,4.49989e+06,6.79999e+06,1.14999e+07,4.49986e+06,6.79999e+06,1.14999e+07,4.49982e+06,6.79999e+06,1.14999e+07,4.49977e+06,6.79999e+06,1.14999e+07,4.49971e+06,6.79999e+06,1.14999e+07,4.49963e+06,6.79999e+06,1.14998e+07,4.49953e+06,6.79999e+06,1.14998e+07,4.49941e+06,6.79999e+06,1.14998e+07,4.49926e+06,6.79999e+06,1.14998e+07,4.49906e+06,6.79999e+06,1.14997e+07,4.49882e+06,6.79999e+06,1.14997e+07,4.49851e+06,6.79999e+06,1.14997e+07,4.49812e+06,6.79999e+06,1.14996e+07,4.49764e+06,6.79999e+06,1.14996e+07,4.49702e+06,6.79999e+06,1.14995e+07,4.49625e+06,6.79999e+06,1.14995e+07,4.49528e+06,6.79999e+06,1.14994e+07,4.49406e+06,6.79999e+06,1.14993e+07,4.49253e+06,6.79999e+06,1.14992e+07,4.49059e+06,6.79999e+06,1.14991e+07,4.48817e+06,6.79999e+06,1.1499e+07,4.48511e+06,6.79999e+06,1.14988e+07,4.48128e+06,6.79999e+06,1.14987e+07,4.47646e+06,6.79999e+06,1.14985e+07,4.47041e+06,6.79999e+06,1.14983e+07,4.46281e+06,6.79999e+06,1.14981e+07,4.4533e+06,6.79999e+06,1.14979e+07,4.44138e+06,6.79999e+06,1.14976e+07,4.42649e+06,6.79999e+06,1.14972e+07,4.40789e+06,6.79999e+06,1.14969e+07,4.38471e+06,6.79999e+06,1.14965e+07,4.35592e+06,6.79999e+06,1.1496e+07,4.32027e+06,6.79999e+06,1.14955e+07,4.27629e+06,6.79999e+06,1.14949e+07,4.22231e+06,6.79999e+06,1.14942e+07,4.15647e+06,6.79999e+06,1.14934e+07,4.07676e+06,6.79999e+06,1.14926e+07,3.98112e+06,6.79999e+06,1.14916e+07,3.86765e+06,6.79999e+06,1.14905e+07,3.73474e+06,6.79999e+06,1.14892e+07,3.58148e+06,6.79999e+06,1.14878e+07,3.40785e+06,6.79999e+06,1.14862e+07,3.21513e+06,6.79999e+06,1.14844e+07,3.00605e+06,6.79999e+06,1.14823e+07,2.7848e+06,6.79999e+06,1.148e+07,2.5568e+06,6.79999e+06,1.14773e+07,2.32825e+06,6.79999e+06,13.5742,8.52444,0.508366,16.8306,13.2585,0.162638,20.0035,17.569,0.0507846,23.2616,22.4214,0.0158319,26.7328,28.3297,0.00493498,30.5212,35.6974,0.00153831,34.7178,44.9473,0.000479527,39.4086,56.5822,0.000149456,44.6796,71.2245,4.66214e-05,50.6209,89.6543,1.45419e-05,57.3297,112.852,4.54748e-06,64.9129,142.051,1.43857e-06,73.4897,178.803,4.36618e-07,83.1934,225.062,1.40153e-07,94.1745,283.286,4.96378e-08,106.602,356.568,1.05434e-07,120.669,448.799,-6.49244e-08,136.59,564.873,1.70148e-07,154.611,710.948,-5.34594e-08,175.008,894.767,1.63407e-07,198.097,1126.06,8.04804e-08,224.231,1417.07,1.14667e-07,253.813,1783.15,-1.71227e-07,287.297,2243.62,-2.88466e-07,325.198,2822.67,-4.33651e-07,368.098,3550.67,7.9318e-08,416.657,4465.65,3.13319e-07,471.621,5615.16,3.4613e-07,533.835,7058.61,-1.19199e-07,604.255,8870.02,-2.79964e-07,683.962,11141.4,-2.30521e-07,774.182,13986.7,-2.55099e-07,876.299,17546.4,1.23585e-07,991.883,21993.1,1.41192e-07,1122.71,27536.7,-9.71886e-08,1270.78,34430.7,-3.68368e-07,1438.38,42977.7,-3.45379e-07,1628.07,53532.7,-3.25328e-09,1842.77,66504.6,2.6362e-07,2085.77,82350.2,2.53445e-07,2360.79,101560,-2.47407e-08,2672.05,124632,-3.80602e-07,3024.31,152018,-4.79005e-07,3422.98,184060,-1.14379e-07,3874.15,220884,2.64297e-07,4384.72,262283,3.44131e-07,4962.49,307576,7.5349e-08,5616.29,355497,-3.63097e-07,6356.1,404126,-6.05442e-07,7193.18,450932,-2.72333e-07,8140.28,492963,2.29675e-07,9211.79,527178,4.3387e-07,10424,550893,-1.0711e-07,10.102,8.06553,2.81012,10.6436,8.57909,0.869423,11.5336,10.2515,0.270869,12.7211,12.7138,0.0844293,14.1823,15.9373,0.0263173,15.9122,20.0383,0.0082035,17.9198,25.2154,0.00255722,20.2244,31.7373,0.000797017,22.8539,39.9486,0.000248622,25.8438,50.2851,7.75492e-05,29.237,63.2963,2.42508e-05,33.0837,79.6738,7.67162e-06,37.4415,100.288,2.32837e-06,42.3767,126.236,7.33e-07,47.9646,158.896,2.79256e-07,54.2906,200.003,9.87351e-09,61.452,251.741,1.61085e-07,69.5585,316.859,-2.47141e-07,78.7347,398.812,8.93552e-08,89.1218,501.948,-2.53231e-07,100.879,631.736,-1.25047e-07,114.188,795.049,-1.78808e-07,129.252,1000.53,2.6733e-07,146.304,1259.03,4.50292e-07,165.605,1584.19,6.76904e-07,187.452,1993.12,-1.23808e-07,212.181,2507.27,-4.89068e-07,240.173,3153.54,-5.40284e-07,271.856,3965.56,1.86061e-07,307.719,4985.38,4.37004e-07,348.313,6265.4,3.59828e-07,394.26,7870.83,3.98192e-07,446.268,9882.51,-1.92908e-07,505.135,12400.3,-2.20392e-07,571.766,15546.9,1.51705e-07,647.184,19472.2,5.74996e-07,732.547,24357.4,5.39112e-07,829.167,30420,5.07815e-09,938.526,37916.3,-4.11492e-07,1062.3,47143.9,-3.9561e-07,1202.4,58439.2,3.86185e-08,1360.96,72169.3,5.94093e-07,1540.42,88715.8,7.47693e-07,1743.53,108445,1.78537e-07,1973.41,131665,-4.12549e-07,2233.57,158557,-5.37164e-07,2528,189103,-1.17615e-07,2861.2,222986,5.66769e-07,3238.27,259510,9.45053e-07,3664.97,297540,4.25093e-07,4147.81,335497,-3.58506e-07,4694.17,371444,-6.7724e-07,5312.37,403256,1.67192e-07,1.61744,3.89446,9.84394,3.28846,7.5504,12.774,5.07607,11.7187,13.6844,7.03202,16.8147,13.9681,9.20215,23.1769,14.0566,11.6301,31.1672,14.0841,14.3598,41.2186,14.0927,17.4376,53.8688,14.0954,20.9137,69.7915,14.0962,24.8432,89.8341,14.0965,29.2879,115.063,14.0966,34.3168,146.819,14.0966,40.0078,186.792,14.0966,46.4487,237.107,14.0966,53.7388,300.44,14.0966,61.9903,380.158,14.0966,71.3301,480.499,14.0966,81.902,606.796,14.0966,93.8685,765.761,14.0966,107.414,965.837,14.0966,122.746,1217.65,14.0966,140.101,1534.57,14.0966,159.745,1933.41,14.0966,181.981,2435.3,14.0966,207.15,3066.85,14.0966,235.64,3861.46,14.0966,267.889,4861.11,14.0966,304.391,6118.54,14.0966,345.709,7699.91,14.0966,392.478,9688.22,14.0966,445.417,12187.5,14.0966,505.339,15327.7,14.0966,573.165,19271.6,14.0966,649.938,24222,14.0966,736.839,30430.9,14.0966,835.202,38211.5,14.0966,946.539,47950.3,14.0966,1072.56,60122.8,14.0966,1215.21,75309.9,14.0966,1376.66,94216.2,14.0966,1559.41,117688,14.0966,1766.26,146729,14.0966,2000.39,182510,14.0966,2265.39,226372,14.0966,2565.33,279806,14.0966,2904.81,344416,14.0966,3289.05,421845,14.0966,3723.93,513667,14.0966,4216.13,621231,14.0966,4773.18,745478,14.0966,5403.64,886744,14.0966,6117.15,1.04457e+06,14.0966,6924.63,1.2176e+06,14.0966,11.7194,11.96,12.6541,13.9321,16.1295,13.6434,16.6097,21.9702,13.9553,19.7532,29.5285,14.0526,23.3844,39.1143,14.0829,27.5423,51.2054,14.0923,32.2796,66.434,14.0953,37.662,85.6061,14.0962,43.7675,109.74,14.0965,50.687,140.119,14.0966,58.5249,178.359,14.0966,67.4005,226.493,14.0966,77.4493,287.08,14.0966,88.8254,363.343,14.0966,101.703,459.336,14.0966,116.281,580.161,14.0966,132.782,732.241,14.0966,151.46,923.655,14.0966,172.603,1164.57,14.0966,196.535,1467.79,14.0966,223.625,1849.39,14.0966,254.288,2329.62,14.0966,288.997,2933.93,14.0966,328.285,3694.33,14.0966,372.755,4651.04,14.0966,423.092,5854.57,14.0966,480.07,7368.38,14.0966,544.564,9272.08,14.0966,617.566,11665.5,14.0966,700.197,14673.6,14.0966,793.729,18452.9,14.0966,899.599,23198.6,14.0966,1019.43,29154.1,14.0966,1155.07,36622.3,14.0966,1308.6,45977.9,14.0966,1482.39,57683.7,14.0966,1679.09,72307.8,14.0966,1901.73,90542.8,14.0966,2153.73,113226,14.0966,2438.97,141360,14.0966,2761.81,176127,14.0966,3127.22,218898,14.0966,3540.81,271226,14.0966,4008.92,334817,14.0966,4538.74,411470,14.0966,5138.38,502973,14.0966,5817.04,610948,14.0966,6585.12,736653,14.0966,7454.39,880741,14.0966,8438.15,1.04302e+06,14.0966,9551.45,1.22224e+06,14.0966,10811.3,1.41602e+06,14.0966,12237,1.62086e+06,14.0966,11.7194,11.96,12.6541,2.21263,4.16949,0.989383,2.67766,5.84076,0.311842,3.14343,7.55825,0.0972771,3.63127,9.58578,0.0303237,4.15787,12.0912,0.00945211,4.73731,15.2286,0.00294633,5.38238,19.1721,0.000918508,6.10553,24.134,0.000286163,6.91951,30.3791,8.92692e-05,7.83792,38.2397,2.78121e-05,8.87555,48.1338,8.65134e-06,10.0489,60.5876,2.7882e-06,11.3761,76.2629,8.29036e-07,12.8779,95.9927,2.4373e-07,14.5775,120.825,4.33068e-09,16.5012,152.08,1.75749e-07,18.6784,191.415,-1.86328e-07,21.1428,240.917,1.91829e-07,23.9322,303.213,-1.81475e-07,27.0895,381.602,7.0186e-08,30.6634,480.231,-2.86769e-08,34.7087,604.316,2.40784e-07,39.2876,760.401,9.87368e-08,44.4705,956.705,1.22263e-07,50.3371,1203.54,-4.31966e-07,56.9776,1513.81,-1.9705e-07,64.494,1903.69,-2.763e-08,73.0018,2393.4,3.9185e-07,82.6317,3008.13,1.35379e-07,93.5318,3779.25,-4.16351e-08,105.869,4745.7,2.06965e-08,119.834,5955.6,-3.18887e-07,135.641,7468.12,-1.48271e-08,153.531,9355.62,2.00739e-07,173.781,11705.8,2.28358e-07,196.701,14624.1,-1.93587e-08,222.642,18235,-2.88101e-07,252.003,22683.4,-2.24732e-07,285.234,28134,8.56806e-09,322.845,34767,2.34258e-07,365.413,42770.9,2.99668e-07,413.588,52327.9,8.28644e-08,468.111,63591.2,-3.07049e-07,529.814,76653.2,-3.1888e-07,599.642,91502.5,-6.72276e-08,678.662,107975,2.26339e-07,768.083,125705,3.69212e-07,869.267,144088,2.04077e-07,983.76,162277,-2.80509e-07,1113.3,179223,-4.22737e-07,1259.87,193777,-1.71951e-07,1425.68,204839,4.55555e-07,11.7194,11.96,12.6541,2.21263,4.16949,0.989383,2.67766,5.84076,0.311842,3.14343,7.55825,0.0972771,3.63127,9.58578,0.0303237,4.15787,12.0912,0.00945211,4.73731,15.2286,0.00294633,5.38238,19.1721,0.000918508,6.10553,24.134,0.000286163,6.91951,30.3791,8.92692e-05,7.83792,38.2397,2.78121e-05,8.87555,48.1338,8.65134e-06,10.0489,60.5876,2.7882e-06,11.3761,76.2629,8.29036e-07,12.8779,95.9927,2.4373e-07,14.5775,120.825,1e-08,16.5012,152.08,1.75749e-07,18.6784,191.415,1e-08,21.1428,240.917,1.91829e-07,23.9322,303.213,1e-08,27.0895,381.602,7.0186e-08,30.6634,480.231,1e-08,34.7087,604.316,2.40784e-07,39.2876,760.401,9.87368e-08,44.4705,956.705,1.22263e-07,50.3371,1203.54,1e-08,56.9776,1513.81,1e-08,64.494,1903.69,1e-08,73.0018,2393.4,3.9185e-07,82.6317,3008.13,1.35379e-07,93.5318,3779.25,1e-08,105.869,4745.7,2.06965e-08,119.834,5955.6,1e-08,135.641,7468.12,1e-08,153.531,9355.62,2.00739e-07,173.781,11705.8,2.28358e-07,196.701,14624.1,1e-08,222.642,18235,1e-08,252.003,22683.4,1e-08,285.234,28134,1e-08,322.845,34767,2.34258e-07,365.413,42770.9,2.99668e-07,413.588,52327.9,8.28644e-08,468.111,63591.2,1e-08,529.814,76653.2,1e-08,599.642,91502.5,1e-08,678.662,107975,2.26339e-07,768.083,125705,3.69212e-07,869.267,144088,2.04077e-07,983.76,162277,1e-08,1113.3,179223,1e-08,1259.87,193777,1e-08,1425.68,204839,4.55555e-07,6.2823,3.27286,2.43537,0.219672,6.18826,2.24117,0.56371,6.87772,2.63624,0.308279,24,9,14,1,2,0,2,6,0,1,10,0,5,13,0,6,12,0,3,17,0,11,14,0,9,10,0,12,11,0,3,29,0,10,51,0,15,65,0,20,70,0,23,83,0,11,91,0,24,102,0,15,339,0,17,286,0,18,359,0,20,453,0,29,726,0,64,806,0,28,560,0,27,682,0,22,1624,0,78,870,0,58,3037,0,79,1491,0,88,2198,0,108,3285,0,126,2741,0,135,7814,0,119,3647,0,188,12109,0,177,7151,0,256,15149,0,187,10591,0,228,50465,0,123,29982,0,454,21904,0,406,29238,0,315,38698,0,487,48729,0,570,35865,0,803,95037,0,239,225351,0,698,83973,0,787,127014,0,1034,107335,0,1989,77248,0,1347,324426,0,2225,132636,0
-1.05176e+08,1,8.88811e-15,10,1023,0,1.05176e+08,0.528882,1.08665,0.389689,0.145397,0.379329,3.24381,0.161596,0.446195,1.77396,0.159177,1.15e+07,4.49998e+06,6.79999e+06,1.15e+07,4.49997e+06,6.79999e+06,1.15e+07,4.49996e+06,6.79999e+06,1.15e+07,4.49995e+06,6.79999e+06,1.14999e+07,4.49993e+06,6.79999e+06,1.14999e+07,4.49991e+06,6.79999e+06,1.14999e+07,4.49989e+06,6.79999e+06,1.14999e+07,4.49986e+06,6.79999e+06,1.14999e+07,4.49982e+06,6.79999e+06,1.14999e+07,4.49977e+06,6.79999e+06,1.14999e+07,4.49971e+06,6.79999e+06,1.14999e+07,4.49963e+06,6.79999e+06,1.14998e+07,4.49953e+06,6.79999e+06,1.14998e+07,4.49941e+06,6.79999e+06,1.14998e+07,4.49926e+06,6.79999e+06,1.14998e+07,4.49906e+06,6.79999e+06,1.14997e+07,4.49882e+06,6.79999e+06,1.14997e+07,4.49851e+06,6.79999e+06,1.14997e+07,4.49812e+06,6.79999e+06,1.14996e+07,4.49764e+06,6.79999e+06,1.14996e+07,4.49702e+06,6.79999e+06,1.14995e+07,4.49625e+06,6.79999e+06,1.14995e+07,4.49528e+06,6.79999e+06,1.14994e+07,4.49406e+06,6.79999e+06,1.14993e+07,4.49253e+06,6.79999e+06,1.14992e+07,4.49059e+06,6.79999e+06,1.14991e+07,4.48817e+06,6.79999e+06,1.1499e+07,4.48511e+06,6.79999e+06,1.14988e+07,4.48128e+06,6.79999e+06,1.14987e+07,4.47646e+06,6.79999e+06,1.14985e+07,4.47041e+06,6.79999e+06,1.14983e+07,4.46281e+06,6.79999e+06,1.14981e+07,4.4533e+06,6.79999e+06,1.14979e+07,4.44138e+06,6.79999e+06,1.14976e+07,4.42649e+06,6.79999e+06,1.14972e+07,4.40789e+06,6.79999e+06,1.14969e+07,4.38471e+06,6.79999e+06,1.14965e+07,4.35592e+06,6.79999e+06,1.1496e+07,4.32027e+06,6.79999e+06,1.14955e+07,4.27629e+06,6.79999e+06,1.14949e+07,4.22231e+06,6.79999e+06,1.14942e+07,4.15647e+06,6.79999e+06,1.14934e+07,4.07676e+06,6.79999e+06,1.14926e+07,3.98112e+06,6.79999e+06,1.14916e+07,3.86765e+06,6.79999e+06,1.14905e+07,3.73474e+06,6.79999e+06,1.14892e+07,3.58148e+06,6.79999e+06,1.14878e+07,3.40785e+06,6.79999e+06,1.14862e+07,3.21513e+06,6.79999e+06,1.14844e+07,3.00605e+06,6.79999e+06,1.14823e+07,2.7848e+06,6.79999e+06,1.148e+07,2.5568e+06,6.79999e+06,1.14773e+07,2.32825e+06,6.79999e+06,13.5742,8.52444,0.508366,16.8306,13.2585,0.162638,20.0035,17.569,0.0507846,23.2616,22.4214,0.0158319,26.7328,28.3297,0.00493498,30.5212,35.6974,0.00153831,34.7178,44.9473,0.000479527,39.4086,56.5822,0.000149456,44.6796,71.2245,4.66214e-05,50.6209,89.6543,1.45419e-05,57.3297,112.852,4.54748e-06,64.9129,142.051,1.43857e-06,73.4897,178.803,4.36618e-07,83.1934,225.062,1.40153e-07,94.1745,283.286,4.96378e-08,106.602,356.568,1.05434e-07,120.669,448.799,-6.49244e-08,136.59,564.873,1.70148e-07,154.611,710.948,-5.34594e-08,175.008,894.767,1.63407e-07,198.097,1126.06,8.04804e-08,224.231,1417.07,1.14667e-07,253.813,1783.15,-1.71227e-07,287.297,2243.62,-2.88466e-07,325.198,2822.67,-4.33651e-07,368.098,3550.67,7.9318e-08,416.657,4465.65,3.13319e-07,471.621,5615.16,3.4613e-07,533.835,7058.61,-1.19199e-07,604.255,8870.02,-2.79964e-07,683.962,11141.4,-2.30521e-07,774.182,13986.7,-2.55099e-07,876.299,17546.4,1.23585e-07,991.883,21993.1,1.41192e-07,1122.71,27536.7,-9.71886e-08,1270.78,34430.7,-3.68368e-07,1438.38,42977.7,-3.45379e-07,1628.07,53532.7,-3.25328e-09,1842.77,66504.6,2.6362e-07,2085.77,82350.2,2.53445e-07,2360.79,101560,-2.47407e-08,2672.05,124632,-3.80602e-07,3024.31,152018,-4.79005e-07,3422.98,184060,-1.14379e-07,3874.15,220884,2.64297e-07,4384.72,262283,3.44131e-07,4962.49,307576,7.5349e-08,5616.29,355497,-3.63097e-07,6356.1,404126,-6.05442e-07,7193.18,450932,-2.72333e-07,8140.28,492963,2.29675e-07,9211.79,527178,4.3387e-07,10424,550893,-1.0711e-07,10.102,8.06553,2.81012,10.6436,8.57909,0.869423,11.5336,10.2515,0.270869,12.7211,12.7138,0.0844293,14.1823,15.9373,0.0263173,15.9122,20.0383,0.0082035,17.9198,25.2154,0.00255722,20.2244,31.7373,0.000797017,22.8539,39.9486,0.000248622,25.8438,50.2851,7.75492e-05,29.237,63.2963,2.42508e-05,33.0837,79.6738,7.67162e-06,37.4415,100.288,2.32837e-06,42.3767,126.236,7.33e-07,47.9646,158.896,2.79256e-07,54.2906,200.003,9.87351e-09,61.452,251.741,1.61085e-07,69.5585,316.859,-2.47141e-07,78.7347,398.812,8.93552e-08,89.1218,501.948,-2.53231e-07,100.879,631.736,-1.25047e-07,114.188,795.049,-1.78808e-07,129.252,1000.53,2.6733e-07,146.304,1259.03,4.50292e-07,165.605,1584.19,6.76904e-07,187.452,1993.12,-1.23808e-07,212.181,2507.27,-4.89068e-07,240.173,3153.54,-5.40284e-07,271.856,3965.56,1.86061e-07,307.719,4985.38,4.37004e-07,348.313,6265.4,3.59828e-07,394.26,7870.83,3.98192e-07,446.268,9882.51,-1.92908e-07,505.135,12400.3,-2.20392e-07,571.766,15546.9,1.51705e-07,647.184,19472.2,5.74996e-07,732.547,24357.4,5.39112e-07,829.167,30420,5.07815e-09,938.526,37916.3,-4.11492e-07,1062.3,47143.9,-3.9561e-07,1202.4,58439.2,3.86185e-08,1360.96,72169.3,5.94093e-07,1540.42,88715.8,7.47693e-07,1743.53,108445,1.78537e-07,1973.41,131665,-4.12549e-07,2233.57,158557,-5.37164e-07,2528,189103,-1.17615e-07,2861.2,222986,5.66769e-07,3238.27,259510,9.45053e-07,3664.97,297540,4.25093e-07,4147.81,335497,-3.58506e-07,4694.17,371444,-6.7724e-07,5312.37,403256,1.67192e-07,1.61744,3.89446,9.84394,3.28846,7.5504,12.774,5.07607,11.7187,13.6844,7.03202,16.8147,13.9681,9.20215,23.1769,14.0566,11.6301,31.1672,14.0841,14.3598,41.2186,14.0927,17.4376,53.8688,14.0954,20.9137,69.7915,14.0962,24.8432,89.8341,14.0965,29.2879,115.063,14.0966,34.3168,146.819,14.0966,40.0078,186.792,14.0966,46.4487,237.107,14.0966,53.7388,300.44,14.0966,61.9903,380.158,14.0966,71.3301,480.499,14.0966,81.902,606.796,14.0966,93.8685,765.761,14.0966,107.414,965.837,14.0966,122.746,1217.65,14.0966,140.101,1534.57,14.0966,159.745,1933.41,14.0966,181.981,2435.3,14.0966,207.15,3066.85,14.0966,235.64,3861.46,14.0966,267.889,4861.11,14.0966,304.391,6118.54,14.0966,345.709,7699.91,14.0966,392.478,9688.22,14.0966,445.417,12187.5,14.0966,505.339,15327.7,14.0966,573.165,19271.6,14.0966,649.938,24222,14.0966,736.839,30430.9,14.0966,835.202,38211.5,14.0966,946.539,47950.3,14.0966,1072.56,60122.8,14.0966,1215.21,75309.9,14.0966,1376.66,94216.2,14.0966,1559.41,117688,14.0966,1766.26,146729,14.0966,2000.39,182510,14.0966,2265.39,226372,14.0966,2565.33,279806,14.0966,2904.81,344416,14.0966,3289.05,421845,14.0966,3723.93,513667,14.0966,4216.13,621231,14.0966,4773.18,745478,14.0966,5403.64,886744,14.0966,6117.15,1.04457e+06,14.0966,6924.63,1.2176e+06,14.0966,11.7194,11.96,12.6541,13.9321,16.1295,13.6434,16.6097,21.9702,13.9553,19.7532,29.5285,14.0526,23.3844,39.1143,14.0829,27.5423,51.2054,14.0923,32.2796,66.434,14.0953,37.662,85.6061,14.0962,43.7675,109.74,14.0965,50.687,140.119,14.0966,58.5249,178.359,14.0966,67.4005,226.493,14.0966,77.4493,287.08,14.0966,88.8254,363.343,14.0966,101.703,459.336,14.0966,116.281,580.161,14.0966,132.782,732.241,14.0966,151.46,923.655,14.0966,172.603,1164.57,14.0966,196.535,1467.79,14.0966,223.625,1849.39,14.0966,254.288,2329.62,14.0966,288.997,2933.93,14.0966,328.285,3694.33,14.0966,372.755,4651.04,14.0966,423.092,5854.57,14.0966,480.07,7368.38,14.0966,544.564,9272.08,14.0966,617.566,11665.5,14.0966,700.197,14673.6,14.0966,793.729,18452.9,14.0966,899.599,23198.6,14.0966,1019.43,29154.1,14.0966,1155.07,36622.3,14.0966,1308.6,45977.9,14.0966,1482.39,57683.7,14.0966,1679.09,72307.8,14.0966,1901.73,90542.8,14.0966,2153.73,113226,14.0966,2438.97,141360,14.0966,2761.81,176127,14.0966,3127.22,218898,14.0966,3540.81,271226,14.0966,4008.92,334817,14.0966,4538.74,411470,14.0966,5138.38,502973,14.0966,5817.04,610948,14.0966,6585.12,736653,14.0966,7454.39,880741,14.0966,8438.15,1.04302e+06,14.0966,9551.45,1.22224e+06,14.0966,10811.3,1.41602e+06,14.0966,12237,1.62086e+06,14.0966,11.7194,11.96,12.6541,2.21263,4.16949,0.989383,2.67766,5.84076,0.311842,3.14343,7.55825,0.0972771,3.63127,9.58578,0.0303237,4.15787,12.0912,0.00945211,4.73731,15.2286,0.00294633,5.38238,19.1721,0.000918508,6.10553,24.134,0.000286163,6.91951,30.3791,8.92692e-05,7.83792,38.2397,2.78121e-05,8.87555,48.1338,8.65134e-06,10.0489,60.5876,2.7882e-06,11.3761,76.2629,8.29036e-07,12.8779,95.9927,2.4373e-07,14.5775,120.825,4.33068e-09,16.5012,152.08,1.75749e-07,18.6784,191.415,-1.86328e-07,21.1428,240.917,1.91829e-07,23.9322,303.213,-1.81475e-07,27.0895,381.602,7.0186e-08,30.6634,480.231,-2.86769e-08,34.7087,604.316,2.40784e-07,39.2876,760.401,9.87368e-08,44.4705,956.705,1.22263e-07,50.3371,1203.54,-4.31966e-07,56.9776,1513.81,-1.9705e-07,64.494,1903.69,-2.763e-08,73.0018,2393.4,3.9185e-07,82.6317,3008.13,1.35379e-07,93.5318,3779.25,-4.16351e-08,105.869,4745.7,2.06965e-08,119.834,5955.6,-3.18887e-07,135.641,7468.12,-1.48271e-08,153.531,9355.62,2.00739e-07,173.781,11705.8,2.28358e-07,196.701,14624.1,-1.93587e-08,222.642,18235,-2.88101e-07,252.003,22683.4,-2.24732e-07,285.234,28134,8.56806e-09,322.845,34767,2.34258e-07,365.413,42770.9,2.99668e-07,413.588,52327.9,8.28644e-08,468.111,63591.2,-3.07049e-07,529.814,76653.2,-3.1888e-07,599.642,91502.5,-6.72276e-08,678.662,107975,2.26339e-07,768.083,125705,3.69212e-07,869.267,144088,2.04077e-07,983.76,162277,-2.80509e-07,1113.3,179223,-4.22737e-07,1259.87,193777,-1.71951e-07,1425.68,204839,4.55555e-07,11.7194,11.96,12.6541,2.21263,4.16949,0.989383,2.67766,5.84076,0.311842,3.14343,7.55825,0.0972771,3.63127,9.58578,0.0303237,4.15787,12.0912,0.00945211,4.73731,15.2286,0.00294633,5.38238,19.1721,0.000918508,6.10553,24.134,0.000286163,6.91951,30.3791,8.92692e-05,7.83792,38.2397,2.78121e-05,8.87555,48.1338,8.65134e-06,10.0489,60.5876,2.7882e-06,11.3761,76.2629,8.29036e-07,12.8779,95.9927,2.4373e-07,14.5775,120.825,1e-08,16.5012,152.08,1.75749e-07,18.6784,191.415,1e-08,21.1428,240.917,1.91829e-07,23.9322,303.213,1e-08,27.0895,381.602,7.0186e-08,30.6634,480.231,1e-08,34.7087,604.316,2.40784e-07,39.2876,760.401,9.87368e-08,44.4705,956.705,1.22263e-07,50.3371,1203.54,1e-08,56.9776,1513.81,1e-08,64.494,1903.69,1e-08,73.0018,2393.4,3.9185e-07,82.6317,3008.13,1.35379e-07,93.5318,3779.25,1e-08,105.869,4745.7,2.06965e-08,119.834,5955.6,1e-08,135.641,7468.12,1e-08,153.531,9355.62,2.00739e-07,173.781,11705.8,2.28358e-07,196.701,14624.1,1e-08,222.642,18235,1e-08,252.003,22683.4,1e-08,285.234,28134,1e-08,322.845,34767,2.34258e-07,365.413,42770.9,2.99668e-07,413.588,52327.9,8.28644e-08,468.111,63591.2,1e-08,529.814,76653.2,1e-08,599.642,91502.5,1e-08,678.662,107975,2.26339e-07,768.083,125705,3.69212e-07,869.267,144088,2.04077e-07,983.76,162277,1e-08,1113.3,179223,1e-08,1259.87,193777,1e-08,1425.68,204839,4.55555e-07,6.2823,3.27286,2.43537,0.219672,6.18826,2.24117,0.56371,6.87772,2.63624,0.308279,16,17,12,0,3,0,2,3,1,3,7,0,1,8,0,3,7,0,6,8,0,9,28,0,8,21,0,7,38,0,1,77,0,6,21,0,18,32,0,0,43,0,18,97,0,19,94,0,25,201,0,8,265,0,8,352,0,25,166,0,33,354,0,18,427,0,10,286,0,33,1360,0,71,558,0,28,672,0,79,1240,0,80,1602,0,43,965,0,60,4621,0,50,1275,0,69,12870,0,133,6792,0,186,4978,0,163,9479,0,203,14279,0,178,13171,0,187,6965,0,275,22024,0,354,33691,0,230,19725,0,161,26981,0,292,72166,0,478,62352,0,334,51706,0,349,90423,0,1556,112762,0,462,78277,0,888,173624,0,1189,117756,0,832,76625,0,942,215868,0,928,289530,0
-1.05176e+08,1.48641e-52,8.88811e-15,10,1023,0,1.05176e+08,0.528882,1.08665,0.389689,0.145397,0.379329,3.24381,0.161596,0.446195,1.77396,0.159177,1.15e+07,4.49998e+06,6.79999e+06,1.15e+07,4.49997e+06,6.79999e+06,1.15e+07,4.49996e+06,6.79999e+06,1.15e+07,4.49995e+06,6.79999e+06,1.14999e+07,4.49993e+06,6.79999e+06,1.14999e+07,4.49991e+06,6.79999e+06,1.14999e+07,4.49989e+06,6.79999e+06,1.14999e+07,4.49986e+06,6.79999e+06,1.14999e+07,4.49982e+06,6.79999e+06,1.14999e+07,4.49977e+06,6.79999e+06,1.14999e+07,4.49971e+06,6.79999e+06,1.14999e+07,4.49963e+06,6.79999e+06,1.14998e+07,4.49953e+06,6.79999e+06,1.14998e+07,4.49941e+06,6.79999e+06,1.14998e+07,4.49926e+06,6.79999e+06,1.14998e+07,4.49906e+06,6.79999e+06,1.14997e+07,4.49882e+06,6.79999e+06,1.14997e+07,4.49851e+06,6.79999e+06,1.14997e+07,4.49812e+06,6.79999e+06,1.14996e+07,4.49764e+06,6.79999e+06,1.14996e+07,4.49702e+06,6.79999e+06,1.14995e+07,4.49625e+06,6.79999e+06,1.14995e+07,4.49528e+06,6.79999e+06,1.14994e+07,4.49406e+06,6.79999e+06,1.14993e+07,4.49253e+06,6.79999e+06,1.14992e+07,4.49059e+06,6.79999e+06,1.14991e+07,4.48817e+06,6.79999e+06,1.1499e+07,4.48511e+06,6.79999e+06,1.14988e+07,4.48128e+06,6.79999e+06,1.14987e+07,4.47646e+06,6.79999e+06,1.14985e+07,4.47041e+06,6.79999e+06,1.14983e+07,4.46281e+06,6.79999e+06,1.14981e+07,4.4533e+06,6.79999e+06,1.14979e+07,4.44138e+06,6.79999e+06,1.14976e+07,4.42649e+06,6.79999e+06,1.14972e+07,4.40789e+06,6.79999e+06,1.14969e+07,4.38471e+06,6.79999e+06,1.14965e+07,4.35592e+06,6.79999e+06,1.1496e+07,4.32027e+06,6.79999e+06,1.14955e+07,4.27629e+06,6.79999e+06,1.14949e+07,4.22231e+06,6.79999e+06,1.14942e+07,4.15647e+06,6.79999e+06,1.14934e+07,4.07676e+06,6.79999e+06,1.14926e+07,3.98112e+06,6.79999e+06,1.14916e+07,3.86765e+06,6.79999e+06,1.14905e+07,3.73474e+06,6.79999e+06,1.14892e+07,3.58148e+06,6.79999e+06,1.14878e+07,3.40785e+06,6.79999e+06,1.14862e+07,3.21513e+06,6.79999e+06,1.14844e+07,3.00605e+06,6.79999e+06,1.14823e+07,2.7848e+06,6.79999e+06,1.148e+07,2.5568e+06,6.79999e+06,1.14773e+07,2.32825e+06,6.79999e+06,13.5742,8.52444,0.508366,16.8306,13.2585,0.162638,20.0035,17.569,0.0507846,23.2616,22.4214,0.0158319,26.7328,28.3297,0.00493498,30.5212,35.6974,0.00153831,34.7178,44.9473,0.000479527,39.4086,56.5822,0.000149456,44.6796,71.2245,4.66214e-05,50.6209,89.6543,1.45419e-05,57.3297,112.852,4.54748e-06,64.9129,142.051,1.43857e-06,73.4897,178.803,4.36618e-07,83.1934,225.062,1.40153e-07,94.1745,283.286,4.96378e-08,106.602,356.568,1.05434e-07,120.669,448.799,-6.49244e-08,136.59,564.873,1.70148e-07,154.611,710.948,-5.34594e-08,175.008,894.767,1.63407e-07,198.097,1126.06,8.04804e-08,224.231,1417.07,1.14667e-07,253.813,1783.15,-1.71227e-07,287.297,2243.62,-2.88466e-07,325.198,2822.67,-4.33651e-07,368.098,3550.67,7.9318e-08,416.657,4465.65,3.13319e-07,471.621,5615.16,3.4613e-07,533.835,7058.61,-1.19199e-07,604.255,8870.02,-2.79964e-07,683.962,11141.4,-2.30521e-07,774.182,13986.7,-2.55099e-07,876.299,17546.4,1.23585e-07,991.883,21993.1,1.41192e-07,1122.71,27536.7,-9.71886e-08,1270.78,34430.7,-3.68368e-07,1438.38,42977.7,-3.45379e-07,1628.07,53532.7,-3.25328e-09,1842.77,66504.6,2.6362e-07,2085.77,82350.2,2.53445e-07,2360.79,101560,-2.47407e-08,2672.05,124632,-3.80602e-07,3024.31,152018,-4.79005e-07,3422.98,184060,-1.14379e-07,3874.15,220884,2.64297e-07,4384.72,262283,3.44131e-07,4962.49,307576,7.5349e-08,5616.29,355497,-3.63097e-07,6356.1,404126,-6.05442e-07,7193.18,450932,-2.72333e-07,8140.28,492963,2.29675e-07,9211.79,527178,4.3387e-07,10424,550893,-1.0711e-07,10.102,8.06553,2.81012,10.6436,8.57909,0.869423,11.5336,10.2515,0.270869,12.7211,12.7138,0.0844293,14.1823,15.9373,0.0263173,15.9122,20.0383,0.0082035,17.9198,25.2154,0.00255722,20.2244,31.7373,0.000797017,22.8539,39.9486,0.000248622,25.8438,50.2851,7.75492e-05,29.237,63.2963,2.42508e-05,33.0837,79.6738,7.67162e-06,37.4415,100.288,2.32837e-06,42.3767,126.236,7.33e-07,47.9646,158.896,2.79256e-07,54.2906,200.003,9.87351e-09,61.452,251.741,1.61085e-07,69.5585,316.859,-2.47141e-07,78.7347,398.812,8.93552e-08,89.1218,501.948,-2.53231e-07,100.879,631.736,-1.25047e-07,114.188,795.049,-1.78808e-07,129.252,1000.53,2.6733e-07,146.304,1259.03,4.50292e-07,165.605,1584.19,6.76904e-07,187.452,1993.12,-1.23808e-07,212.181,2507.27,-4.89068e-07,240.173,3153.54,-5.40284e-07,271.856,3965.56,1.86061e-07,307.719,4985.38,4.37004e-07,348.313,6265.4,3.59828e-07,394.26,7870.83,3.98192e-07,446.268,9882.51,-1.92908e-07,505.135,12400.3,-2.20392e-07,571.766,15546.9,1.51705e-07,647.184,19472.2,5.74996e-07,732.547,24357.4,5.39112e-07,829.167,30420,5.07815e-09,938.526,37916.3,-4.11492e-07,1062.3,47143.9,-3.9561e-07,1202.4,58439.2,3.86185e-08,1360.96,72169.3,5.94093e-07,1540.42,88715.8,7.47693e-07,1743.53,108445,1.78537e-07,1973.41,131665,-4.12549e-07,2233.57,158557,-5.37164e-07,2528,189103,-1.17615e-07,2861.2,222986,5.66769e-07,3238.27,259510,9.45053e-07,3664.97,297540,4.25093e-07,4147.81,335497,-3.58506e-07,4694.17,371444,-6.7724e-07,5312.37,403256,1.67192e-07,1.61744,3.89446,9.84394,3.28846,7.5504,12.774,5.07607,11.7187,13.6844,7.03202,16.8147,13.9681,9.20215,23.1769,14.0566,11.6301,31.1672,14.0841,14.3598,41.2186,14.0927,17.4376,53.8688,14.0954,20.9137,69.7915,14.0962,24.8432,89.8341,14.0965,29.2879,115.063,14.0966,34.3168,146.819,14.0966,40.0078,186.792,14.0966,46.4487,237.107,14.0966,53.7388,300.44,14.0966,61.9903,380.158,14.0966,71.3301,480.499,14.0966,81.902,606.796,14.0966,93.8685,765.761,14.0966,107.414,965.837,14.0966,122.746,1217.65,14.0966,140.101,1534.57,14.0966,159.745,1933.41,14.0966,181.981,2435.3,14.0966,207.15,3066.85,14.0966,235.64,3861.46,14.0966,267.889,4861.11,14.0966,304.391,6118.54,14.0966,345.709,7699.91,14.0966,392.478,9688.22,14.0966,445.417,12187.5,14.0966,505.339,15327.7,14.0966,573.165,19271.6,14.0966,649.938,24222,14.0966,736.839,30430.9,14.0966,835.202,38211.5,14.0966,946.539,47950.3,14.0966,1072.56,60122.8,14.0966,1215.21,75309.9,14.0966,1376.66,94216.2,14.0966,1559.41,117688,14.0966,1766.26,146729,14.0966,2000.39,182510,14.0966,2265.39,226372,14.0966,2565.33,279806,14.0966,2904.81,344416,14.0966,3289.05,421845,14.0966,3723.93,513667,14.0966,4216.13,621231,14.0966,4773.18,745478,14.0966,5403.64,886744,14.0966,6117.15,1.04457e+06,14.0966,6924.63,1.2176e+06,14.0966,11.7194,11.96,12.6541,13.9321,16.1295,13.6434,16.6097,21.9702,13.9553,19.7532,29.5285,14.0526,23.3844,39.1143,14.0829,27.5423,51.2054,14.0923,32.2796,66.434,14.0953,37.662,85.6061,14.0962,43.7675,109.74,14.0965,50.687,140.119,14.0966,58.5249,178.359,14.0966,67.4005,226.493,14.0966,77.4493,287.08,14.0966,88.8254,363.343,14.0966,101.703,459.336,14.0966,116.281,580.161,14.0966,132.782,732.241,14.0966,151.46,923.655,14.0966,172.603,1164.57,14.0966,196.535,1467.79,14.0966,223.625,1849.39,14.0966,254.288,2329.62,14.0966,288.997,2933.93,14.0966,328.285,3694.33,14.0966,372.755,4651.04,14.0966,423.092,5854.57,14.0966,480.07,7368.38,14.0966,544.564,9272.08,14.0966,617.566,11665.5,14.0966,700.197,14673.6,14.0966,793.729,18452.9,14.0966,899.599,23198.6,14.0966,1019.43,29154.1,14.0966,1155.07,36622.3,14.0966,1308.6,45977.9,14.0966,1482.39,57683.7,14.0966,1679.09,72307.8,14.0966,1901.73,90542.8,14.0966,2153.73,113226,14.0966,2438.97,141360,14.0966,2761.81,176127,14.0966,3127.22,218898,14.0966,3540.81,271226,14.0966,4008.92,334817,14.0966,4538.74,411470,14.0966,5138.38,502973,14.0966,5817.04,610948,14.0966,6585.12,736653,14.0966,7454.39,880741,14.0966,8438.15,1.04302e+06,14.0966,9551.45,1.22224e+06,14.0966,10811.3,1.41602e+06,14.0966,12237,1.62086e+06,14.0966,11.7194,11.96,12.6541,2.21263,4.16949,0.989383,2.67766,5.84076,0.311842,3.14343,7.55825,0.0972771,3.63127,9.58578,0.0303237,4.15787,12.0912,0.00945211,4.73731,15.2286,0.00294633,5.38238,19.1721,0.000918508,6.10553,24.134,0.000286163,6.91951,30.3791,8.92692e-05,7.83792,38.2397,2.78121e-05,8.87555,48.1338,8.65134e-06,10.0489,60.5876,2.7882e-06,11.3761,76.2629,8.29036e-07,12.8779,95.9927,2.4373e-07,14.5775,120.825,4.33068e-09,16.5012,152.08,1.75749e-07,18.6784,191.415,-1.86328e-07,21.1428,240.917,1.91829e-07,23.9322,303.213,-1.81475e-07,27.0895,381.602,7.0186e-08,30.6634,480.231,-2.86769e-08,34.7087,604.316,2.40784e-07,39.2876,760.401,9.87368e-08,44.4705,956.705,1.22263e-07,50.3371,1203.54,-4.31966e-07,56.9776,1513.81,-1.9705e-07,64.494,1903.69,-2.763e-08,73.0018,2393.4,3.9185e-07,82.6317,3008.13,1.35379e-07,93.5318,3779.25,-4.16351e-08,105.869,4745.7,2.06965e-08,119.834,5955.6,-3.18887e-07,135.641,7468.12,-1.48271e-08,153.531,9355.62,2.00739e-07,173.781,11705.8,2.28358e-07,196.701,14624.1,-1.93587e-08,222.642,18235,-2.88101e-07,252.003,22683.4,-2.24732e-07,285.234,28134,8.56806e-09,322.845,34767,2.34258e-07,365.413,42770.9,2.99668e-07,413.588,52327.9,8.28644e-08,468.111,63591.2,-3.07049e-07,529.814,76653.2,-3.1888e-07,599.642,91502.5,-6.72276e-08,678.662,107975,2.26339e-07,768.083,125705,3.69212e-07,869.267,144088,2.04077e-07,983.76,162277,-2.80509e-07,1113.3,179223,-4.22737e-07,1259.87,193777,-1.71951e-07,1425.68,204839,4.55555e-07,11.7194,11.96,12.6541,2.21263,4.16949,0.989383,2.67766,5.84076,0.311842,3.14343,7.55825,0.0972771,3.63127,9.58578,0.0303237,4.15787,12.0912,0.00945211,4.73731,15.2286,0.00294633,5.38238,19.1721,0.000918508,6.10553,24.134,0.000286163,6.91951,30.3791,8.92692e-05,7.83792,38.2397,2.78121e-05,8.87555,48.1338,8.65134e-06,10.0489,60.5876,2.7882e-06,11.3761,76.2629,8.29036e-07,12.8779,95.9927,2.4373e-07,14.5775,120.825,1e-08,16.5012,152.08,1.75749e-07,18.6784,191.415,1e-08,21.1428,240.917,1.91829e-07,23.9322,303.213,1e-08,27.0895,381.602,7.0186e-08,30.6634,480.231,1e-08,34.7087,604.316,2.40784e-07,39.2876,760.401,9.87368e-08,44.4705,956.705,1.22263e-07,50.3371,1203.54,1e-08,56.9776,1513.81,1e-08,64.494,1903.69,1e-08,73.0018,2393.4,3.9185e-07,82.6317,3008.13,1.35379e-07,93.5318,3779.25,1e-08,105.869,4745.7,2.06965e-08,119.834,5955.6,1e-08,135.641,7468.12,1e-08,153.531,9355.62,2.00739e-07,173.781,11705.8,2.28358e-07,196.701,14624.1,1e-08,222.642,18235,1e-08,252.003,22683.4,1e-08,285.234,28134,1e-08,322.845,34767,2.34258e-07,365.413,42770.9,2.99668e-07,413.588,52327.9,8.28644e-08,468.111,63591.2,1e-08,529.814,76653.2,1e-08,599.642,91502.5,1e-08,678.662,107975,2.26339e-07,768.083,125705,3.69212e-07,869.267,144088,2.04077e-07,983.76,162277,1e-08,1113.3,179223,1e-08,1259.87,193777,1e-08,1425.68,204839,4.55555e-07,6.2823,3.27286,2.43537,0.219672,6.18826,2.24117,0.56371,6.87772,2.63624,0.308279,12,9,4,2,8,1,4,3,0,7,3,0,5,7,0,4,11,0,9,9,0,4,22,0,10,53,0,3,30,0,12,28,0,3,60,0,19,66,0,11,77,0,11,94,0,25,148,0,13,108,0,19,360,0,19,170,0,22,171,0,18,514,0,37,501,0,17,869,0,41,749,0,73,1185,0,27,2241,0,57,1004,0,56,2293,0,106,2800,0,83,3160,0,41,6690,0,85,4319,0,52,2865,0,197,7050,0,106,17164,0,83,10127,0,439,11247,0,220,21496,0,255,25842,0,476,35373,0,378,29002,0,195,36016,0,196,39211,0,462,50762,0,708,99643,0,486,77927,0,375,90095,0,1334,150845,0,407,110032,0,1221,254862,0,941,138202,0,677,350505,0,1046,97703,0
-1.05176e+08,1,8.88811e-15,10,1023,0,1.05176e+08,0.528882,1.08665,0.389689,0.145397,0.379329,3.24381,0.161596,0.446195,1.77396,0.159177,1.15e+07,4.49998e+06,6.79999e+06,1.15e+07,4.49997e+06,6.79999e+06,1.15e+07,4.49996e+06,6.79999e+06,1.15e+07,4.49995e+06,6.79999e+06,1.14999e+07,4.49993e+06,6.79999e+06,1.14999e+07,4.49991e+06,6.79999e+06,1.14999e+07,4.49989e+06,6.79999e+06,1.14999e+07,4.49986e+06,6.79999e+06,1.14999e+07,4.49982e+06,6.79999e+06,1.14999e+07,4.49977e+06,6.79999e+06,1.14999e+07,4.49971e+06,6.79999e+06,1.14999e+07,4.49963e+06,6.79999e+06,1.14998e+07,4.49953e+06,6.79999e+06,1.14998e+07,4.49941e+06,6.79999e+06,1.14998e+07,4.49926e+06,6.79999e+06,1.14998e+07,4.49906e+06,6.79999e+06,1.14997e+07,4.49882e+06,6.79999e+06,1.14997e+07,4.49851e+06,6.79999e+06,1.14997e+07,4.49812e+06,6.79999e+06,1.14996e+07,4.49764e+06,6.79999e+06,1.14996e+07,4.49702e+06,6.79999e+06,1.14995e+07,4.49625e+06,6.79999e+06,1.14995e+07,4.49528e+06,6.79999e+06,1.14994e+07,4.49406e+06,6.79999e+06,1.14993e+07,4.49253e+06,6.79999e+06,1.14992e+07,4.49059e+06,6.79999e+06,1.14991e+07,4.48817e+06,6.79999e+06,1.1499e+07,4.48511e+06,6.79999e+06,1.14988e+07,4.48128e+06,6.79999e+06,1.14987e+07,4.47646e+06,6.79999e+06,1.14985e+07,4.47041e+06,6.79999e+06,1.14983e+07,4.46281e+06,6.79999e+06,1.14981e+07,4.4533e+06,6.79999e+06,1.14979e+07,4.44138e+06,6.79999e+06,1.14976e+07,4.42649e+06,6.79999e+06,1.14972e+07,4.40789e+06,6.79999e+06,1.14969e+07,4.38471e+06,6.79999e+06,1.14965e+07,4.35592e+06,6.79999e+06,1.1496e+07,4.32027e+06,6.79999e+06,1.14955e+07,4.27629e+06,6.79999e+06,1.14949e+07,4.22231e+06,6.79999e+06,1.14942e+07,4.15647e+06,6.79999e+06,1.14934e+07,4.07676e+06,6.79999e+06,1.14926e+07,3.98112e+06,6.79999e+06,1.14916e+07,3.86765e+06,6.79999e+06,1.14905e+07,3.73474e+06,6.79999e+06,1.14892e+07,3.58148e+06,6.79999e+06,1.14878e+07,3.40785e+06,6.79999e+06,1.14862e+07,3.21513e+06,6.79999e+06,1.14844e+07,3.00605e+06,6.79999e+06,1.14823e+07,2.7848e+06,6.79999e+06,1.148e+07,2.5568e+06,6.79999e+06,1.14773e+07,2.32825e+06,6.79999e+06,13.5742,8.52444,0.508366,16.8306,13.2585,0.162638,20.0035,17.569,0.0507846,23.2616,22.4214,0.0158319,26.7328,28.3297,0.00493498,30.5212,35.6974,0.00153831,34.7178,44.9473,0.000479527,39.4086,56.5822,0.000149456,44.6796,71.2245,4.66214e-05,50.6209,89.6543,1.45419e-05,57.3297,112.852,4.54748e-06,64.9129,142.051,1.43857e-06,73.4897,178.803,4.36618e-07,83.1934,225.062,1.40153e-07,94.1745,283.286,4.96378e-08,106.602,356.568,1.05434e-07,120.669,448.799,-6.49244e-08,136.59,564.873,1.70148e-07,154.611,710.948,-5.34594e-08,175.008,894.767,1.63407e-07,198.097,1126.06,8.04804e-08,224.231,1417.07,1.14667e-07,253.813,1783.15,-1.71227e-07,287.297,2243.62,-2.88466e-07,325.198,2822.67,-4.33651e-07,368.098,3550.67,7.9318e-08,416.657,4465.65,3.13319e-07,471.621,5615.16,3.4613e-07,533.835,7058.61,-1.19199e-07,604.255,8870.02,-2.79964e-07,683.962,11141.4,-2.30521e-07,774.182,13986.7,-2.55099e-07,876.299,17546.4,1.23585e-07,991.883,21993.1,1.41192e-07,1122.71,27536.7,-9.71886e-08,1270.78,34430.7,-3.68368e-07,1438.38,42977.7,-3.45379e-07,1628.07,53532.7,-3.25328e-09,1842.77,66504.6,2.6362e-07,2085.77,82350.2,2.53445e-07,2360.79,101560,-2.47407e-08,2672.05,124632,-3.80602e-07,3024.31,152018,-4.79005e-07,3422.98,184060,-1.14379e-07,3874.15,220884,2.64297e-07,4384.72,262283,3.44131e-07,4962.49,307576,7.5349e-08,5616.29,355497,-3.63097e-07,6356.1,404126,-6.05442e-07,7193.18,450932,-2.72333e-07,8140.28,492963,2.29675e-07,9211.79,527178,4.3387e-07,10424,550893,-1.0711e-07,10.102,8.06553,2.81012,10.6436,8.57909,0.869423,11.5336,10.2515,0.270869,12.7211,12.7138,0.0844293,14.1823,15.9373,0.0263173,15.9122,20.0383,0.0082035,17.9198,25.2154,0.00255722,20.2244,31.7373,0.000797017,22.8539,39.9486,0.000248622,25.8438,50.2851,7.75492e-05,29.237,63.2963,2.42508e-05,33.0837,79.6738,7.67162e-06,37.4415,100.288,2.32837e-06,42.3767,126.236,7.33e-07,47.9646,158.896,2.79256e-07,54.2906,200.003,9.87351e-09,61.452,251.741,1.61085e-07,69.5585,316.859,-2.47141e-07,78.7347,398.812,8.93552e-08,89.1218,501.948,-2.53231e-07,100.879,631.736,-1.25047e-07,114.188,795.049,-1.78808e-07,129.252,1000.53,2.6733e-07,146.304,1259.03,4.50292e-07,165.605,1584.19,6.76904e-07,187.452,1993.12,-1.23808e-07,212.181,2507.27,-4.89068e-07,240.173,3153.54,-5.40284e-07,271.856,3965.56,1.86061e-07,307.719,4985.38,4.37004e-07,348.313,6265.4,3.59828e-07,394.26,7870.83,3.98192e-07,446.268,9882.51,-1.92908e-07,505.135,12400.3,-2.20392e-07,571.766,15546.9,1.51705e-07,647.184,19472.2,5.74996e-07,732.547,24357.4,5.39112e-07,829.167,30420,5.07815e-09,938.526,37916.3,-4.11492e-07,1062.3,47143.9,-3.9561e-07,1202.4,58439.2,3.86185e-08,1360.96,72169.3,5.94093e-07,1540.42,88715.8,7.47693e-07,1743.53,108445,1.78537e-07,1973.41,131665,-4.12549e-07,2233.57,158557,-5.37164e-07,2528,189103,-1.17615e-07,2861.2,222986,5.66769e-07,3238.27,259510,9.45053e-07,3664.97,297540,4.25093e-07,4147.81,335497,-3.58506e-07,4694.17,371444,-6.7724e-07,5312.37,403256,1.67192e-07,1.61744,3.89446,9.84394,3.28846,7.5504,12.774,5.07607,11.7187,13.6844,7.03202,16.8147,13.9681,9.20215,23.1769,14.0566,11.6301,31.1672,14.0841,14.3598,41.2186,14.0927,17.4376,53.8688,14.0954,20.9137,69.7915,14.0962,24.8432,89.8341,14.0965,29.2879,115.063,14.0966,34.3168,146.819,14.0966,40.0078,186.792,14.0966,46.4487,237.107,14.0966,53.7388,300.44,14.0966,61.9903,380.158,14.0966,71.3301,480.499,14.0966,81.902,606.796,14.0966,93.8685,765.761,14.0966,107.414,965.837,14.0966,122.746,1217.65,14.0966,140.101,1534.57,14.0966,159.745,1933.41,14.0966,181.981,2435.3,14.0966,207.15,3066.85,14.0966,235.64,3861.46,14.0966,267.889,4861.11,14.0966,304.391,6118.54,14.0966,345.709,7699.91,14.0966,392.478,9688.22,14.0966,445.417,12187.5,14.0966,505.339,15327.7,14.0966,573.165,19271.6,14.0966,649.938,24222,14.0966,736.839,30430.9,14.0966,835.202,38211.5,14.0966,946.539,47950.3,14.0966,1072.56,60122.8,14.0966,1215.21,75309.9,14.0966,1376.66,94216.2,14.0966,1559.41,117688,14.0966,1766.26,146729,14.0966,2000.39,182510,14.0966,2265.39,226372,14.0966,2565.33,279806,14.0966,2904.81,344416,14.0966,3289.05,421845,14.0966,3723.93,513667,14.0966,4216.13,621231,14.0966,4773.18,745478,14.0966,5403.64,886744,14.0966,6117.15,1.04457e+06,14.0966,6924.63,1.2176e+06,14.0966,11.7194,11.96,12.6541,13.9321,16.1295,13.6434,16.6097,21.9702,13.9553,19.7532,29.5285,14.0526,23.3844,39.1143,14.0829,27.5423,51.2054,14.0923,32.2796,66.434,14.0953,37.662,85.6061,14.0962,43.7675,109.74,14.0965,50.687,140.119,14.0966,58.5249,178.359,14.0966,67.4005,226.493,14.0966,77.4493,287.08,14.0966,88.8254,363.343,14.0966,101.703,459.336,14.0966,116.281,580.161,14.0966,132.782,732.241,14.0966,151.46,923.655,14.0966,172.603,1164.57,14.0966,196.535,1467.79,14.0966,223.625,1849.39,14.0966,254.288,2329.62,14.0966,288.997,2933.93,14.0966,328.285,3694.33,14.0966,372.755,4651.04,14.0966,423.092,5854.57,14.0966,480.07,7368.38,14.0966,544.564,9272.08,14.0966,617.566,11665.5,14.0966,700.197,14673.6,14.0966,793.729,18452.9,14.0966,899.599,23198.6,14.0966,1019.43,29154.1,14.0966,1155.07,36622.3,14.0966,1308.6,45977.9,14.0966,1482.39,57683.7,14.0966,1679.09,72307.8,14.0966,1901.73,90542.8,14.0966,2153.73,113226,14.0966,2438.97,141360,14.0966,2761.81,176127,14.0966,3127.22,218898,14.0966,3540.81,271226,14.0966,4008.92,334817,14.0966,4538.74,411470,14.0966,5138.38,502973,14.0966,5817.04,610948,14.0966,6585.12,736653,14.0966,7454.39,880741,14.0966,8438.15,1.04302e+06,14.0966,9551.45,1.22224e+06,14.0966,10811.3,1.41602e+06,14.0966,12237,1.62086e+06,14.0966,11.7194,11.96,12.6541,2.21263,4.16949,0.989383,2.67766,5.84076,0.311842,3.14343,7.55825,0.0972771,3.63127,9.58578,0.0303237,4.15787,12.0912,0.00945211,4.73731,15.2286,0.00294633,5.38238,19.1721,0.000918508,6.10553,24.134,0.000286163,6.91951,30.3791,8.92692e-05,7.83792,38.2397,2.78121e-05,8.87555,48.1338,8.65134e-06,10.0489,60.5876,2.7882e-06,11.3761,76.2629,8.29036e-07,12.8779,95.9927,2.4373e-07,14.5775,120.825,4.33068e-09,16.5012,152.08,1.75749e-07,18.6784,191.415,-1.86328e-07,21.1428,240.917,1.91829e-07,23.9322,303.213,-1.81475e-07,27.0895,381.602,7.0186e-08,30.6634,480.231,-2.86769e-08,34.7087,604.316,2.40784e-07,39.2876,760.401,9.87368e-08,44.4705,956.705,1.22263e-07,50.3371,1203.54,-4.31966e-07,56.9776,1513.81,-1.9705e-07,64.494,1903.69,-2.763e-08,73.0018,2393.4,3.9185e-07,82.6317,3008.13,1.35379e-07,93.5318,3779.25,-4.16351e-08,105.869,4745.7,2.06965e-08,119.834,5955.6,-3.18887e-07,135.641,7468.12,-1.48271e-08,153.531,9355.62,2.00739e-07,173.781,11705.8,2.28358e-07,196.701,14624.1,-1.93587e-08,222.642,18235,-2.88101e-07,252.003,22683.4,-2.24732e-07,285.234,28134,8.56806e-09,322.845,34767,2.34258e-07,365.413,42770.9,2.99668e-07,413.588,52327.9,8.28644e-08,468.111,63591.2,-3.07049e-07,529.814,76653.2,-3.1888e-07,599.642,91502.5,-6.72276e-08,678.662,107975,2.26339e-07,768.083,125705,3.69212e-07,869.267,144088,2.04077e-07,983.76,162277,-2.80509e-07,1113.3,179223,-4.22737e-07,1259.87,193777,-1.71951e-07,1425.68,204839,4.55555e-07,11.7194,11.96,12.6541,2.21263,4.16949,0.989383,2.67766,5.84076,0.311842,3.14343,7.55825,0.0972771,3.63127,9.58578,0.0303237,4.15787,12.0912,0.00945211,4.73731,15.2286,0.00294633,5.38238,19.1721,0.000918508,6.10553,24.134,0.000286163,6.91951,30.3791,8.92692e-05,7.83792,38.2397,2.78121e-05,8.87555,48.1338,8.65134e-06,10.0489,60.5876,2.7882e-06,11.3761,76.2629,8.29036e-07,12.8779,95.9927,2.4373e-07,14.5775,120.825,1e-08,16.5012,152.08,1.75749e-07,18.6784,191.415,1e-08,21.1428,240.917,1.91829e-07,23.9322,303.213,1e-08,27.0895,381.602,7.0186e-08,30.6634,480.231,1e-08,34.7087,604.316,2.40784e-07,39.2876,760.401,9.87368e-08,44.4705,956.705,1.22263e-07,50.3371,1203.54,1e-08,56.9776,1513.81,1e-08,64.494,1903.69,1e-08,73.0018,2393.4,3.9185e-07,82.6317,3008.13,1.35379e-07,93.5318,3779.25,1e-08,105.869,4745.7,2.06965e-08,119.834,5955.6,1e-08,135.641,7468.12,1e-08,153.531,9355.62,2.00739e-07,173.781,11705.8,2.28358e-07,196.701,14624.1,1e-08,222.642,18235,1e-08,252.003,22683.4,1e-08,285.234,28134,1e-08,322.845,34767,2.34258e-07,365.413,42770.9,2.99668e-07,413.588,52327.9,8.28644e-08,468.111,63591.2,1e-08,529.814,76653.2,1e-08,599.642,91502.5,1e-08,678.662,107975,2.26339e-07,768.083,125705,3.69212e-07,869.267,144088,2.04077e-07,983.76,162277,1e-08,1113.3,179223,1e-08,1259.87,193777,1e-08,1425.68,204839,4.55555e-07,6.2823,3.27286,2.43537,0.219672,6.18826,2.24117,0.56371,6.87772,2.63624,0.308279,9,14,15,5,3,1,1,4,0,3,5,0,2,9,0,15,15,0,2,6,0,3,19,0,6,17,0,4,28,0,2,43,0,5,16,0,7,22,0,4,83,0,14,115,0,22,61,0,15,76,0,14,123,0,5,329,0,9,148,0,11,345,0,48,573,0,24,279,0,19,603,0,26,1700,0,82,1251,0,83,1365,0,24,1872,0,57,2991,0,82,3523,0,50,3345,0,64,7584,0,77,11496,0,29,4921,0,187,7711,0,178,12515,0,129,16349,0,165,19434,0,174,9518,0,205,26912,0,277,44858,0,464,24465,0,344,75827,0,378,58791,0,351,143357,0,788,92096,0,305,181484,0,1501,211735,0,347,92816,0,662,172716,0,325,158655,0,1210,139979,0,628,107815,0
-1.05176e+08,1.88554e-64,8.88811e-15,10,1023,0,1.05176e+08,0.528882,1.08665,0.389689,0.145397,0.379329,3.24381,0.161596,0.446195,1.77396,0.159177,1.15e+07,4.49998e+06,6.79999e+06,1.15e+07,4.49997e+06,6.79999e+06,1.15e+07,4.49996e+06,6.79999e+06,1.15e+07,4.49995e+06,6.79999e+06,1.14999e+07,4.49993e+06,6.79999e+06,1.14999e+07,4.49991e+06,6.79999e+06,1.14999e+07,4.49989e+06,6.79999e+06,1.14999e+07,4.49986e+06,6.79999e+06,1.14999e+07,4.49982e+06,6.79999e+06,1.14999e+07,4.49977e+06,6.79999e+06,1.14999e+07,4.49971e+06,6.79999e+06,1.14999e+07,4.49963e+06,6.79999e+06,1.14998e+07,4.49953e+06,6.79999e+06,1.14998e+07,4.49941e+06,6.79999e+06,1.14998e+07,4.49926e+06,6.79999e+06,1.14998e+07,4.49906e+06,6.79999e+06,1.14997e+07,4.49882e+06,6.79999e+06,1.14997e+07,4.49851e+06,6.79999e+06,1.14997e+07,4.49812e+06,6.79999e+06,1.14996e+07,4.49764e+06,6.79999e+06,1.14996e+07,4.49702e+06,6.79999e+06,1.14995e+07,4.49625e+06,6.79999e+06,1.14995e+07,4.49528e+06,6.79999e+06,1.14994e+07,4.49406e+06,6.79999e+06,1.14993e+07,4.49253e+06,6.79999e+06,1.14992e+07,4.49059e+06,6.79999e+06,1.14991e+07,4.48817e+06,6.79999e+06,1.1499e+07,4.48511e+06,6.79999e+06,1.14988e+07,4.48128e+06,6.79999e+06,1.14987e+07,4.47646e+06,6.79999e+06,1.14985e+07,4.47041e+06,6.79999e+06,1.14983e+07,4.46281e+06,6.79999e+06,1.14981e+07,4.4533e+06,6.79999e+06,1.14979e+07,4.44138e+06,6.79999e+06,1.14976e+07,4.42649e+06,6.79999e+06,1.14972e+07,4.40789e+06,6.79999e+06,1.14969e+07,4.38471e+06,6.79999e+06,1.14965e+07,4.35592e+06,6.79999e+06,1.1496e+07,4.32027e+06,6.79999e+06,1.14955e+07,4.27629e+06,6.79999e+06,1.14949e+07,4.22231e+06,6.79999e+06,1.14942e+07,4.15647e+06,6.79999e+06,1.14934e+07,4.07676e+06,6.79999e+06,1.14926e+07,3.98112e+06,6.79999e+06,1.14916e+07,3.86765e+06,6.79999e+06,1.14905e+07,3.73474e+06,6.79999e+06,1.14892e+07,3.58148e+06,6.79999e+06,1.14878e+07,3.40785e+06,6.79999e+06,1.14862e+07,3.21513e+06,6.79999e+06,1.14844e+07,3.00605e+06,6.79999e+06,1.14823e+07,2.7848e+06,6.79999e+06,1.148e+07,2.5568e+06,6.79999e+06,1.14773e+07,2.32825e+06,6.79999e+06,13.5742,8.52444,0.508366,16.8306,13.2585,0.162638,20.0035,17.569,0.0507846,23.2616,22.4214,0.0158319,26.7328,28.3297,0.00493498,30.5212,35.6974,0.00153831,34.7178,44.9473,0.000479527,39.4086,56.5822,0.000149456,44.6796,71.2245,4.66214e-05,50.6209,89.6543,1.45419e-05,57.3297,112.852,4.54748e-06,64.9129,142.051,1.43857e-06,73.4897,178.803,4.36618e-07,83.1934,225.062,1.40153e-07,94.1745,283.286,4.96378e-08,106.602,356.568,1.05434e-07,120.669,448.799,-6.49244e-08,136.59,564.873,1.70148e-07,154.611,710.948,-5.34594e-08,175.008,894.767,1.63407e-07,198.097,1126.06,8.04804e-08,224.231,1417.07,1.14667e-07,253.813,1783.15,-1.71227e-07,287.297,2243.62,-2.88466e-07,325.198,2822.67,-4.33651e-07,368.098,3550.67,7.9318e-08,416.657,4465.65,3.13319e-07,471.621,5615.16,3.4613e-07,533.835,7058.61,-1.19199e-07,604.255,8870.02,-2.79964e-07,683.962,11141.4,-2.30521e-07,774.182,13986.7,-2.55099e-07,876.299,17546.4,1.23585e-07,991.883,21993.1,1.41192e-07,1122.71,27536.7,-9.71886e-08,1270.78,34430.7,-3.68368e-07,1438.38,42977.7,-3.45379e-07,1628.07,53532.7,-3.25328e-09,1842.77,66504.6,2.6362e-07,2085.77,82350.2,2.53445e-07,2360.79,101560,-2.47407e-08,2672.05,124632,-3.80602e-07,3024.31,152018,-4.79005e-07,3422.98,184060,-1.14379e-07,3874.15,220884,2.64297e-07,4384.72,262283,3.44131e-07,4962.49,307576,7.5349e-08,5616.29,355497,-3.63097e-07,6356.1,404126,-6.05442e-07,7193.18,450932,-2.72333e-07,8140.28,492963,2.29675e-07,9211.79,527178,4.3387e-07,10424,550893,-1.0711e-07,10.102,8.06553,2.81012,10.6436,8.57909,0.869423,11.5336,10.2515,0.270869,12.7211,12.7138,0.0844293,14.1823,15.9373,0.0263173,15.9122,20.0383,0.0082035,17.9198,25.2154,0.00255722,20.2244,31.7373,0.000797017,22.8539,39.9486,0.000248622,25.8438,50.2851,7.75492e-05,29.237,63.2963,2.42508e-05,33.0837,79.6738,7.67162e-06,37.4415,100.288,2.32837e-06,42.3767,126.236,7.33e-07,47.9646,158.896,2.79256e-07,54.2906,200.003,9.87351e-09,61.452,251.741,1.61085e-07,69.5585,316.859,-2.47141e-07,78.7347,398.812,8.93552e-08,89.1218,501.948,-2.53231e-07,100.879,631.736,-1.25047e-07,114.188,795.049,-1.78808e-07,129.252,1000.53,2.6733e-07,146.304,1259.03,4.50292e-07,165.605,1584.19,6.76904e-07,187.452,1993.12,-1.23808e-07,212.181,2507.27,-4.89068e-07,240.173,3153.54,-5.40284e-07,271.856,3965.56,1.86061e-07,307.719,4985.38,4.37004e-07,348.313,6265.4,3.59828e-07,394.26,7870.83,3.98192e-07,446.268,9882.51,-1.92908e-07,505.135,12400.3,-2.20392e-07,571.766,15546.9,1.51705e-07,647.184,19472.2,5.74996e-07,732.547,24357.4,5.39112e-07,829.167,30420,5.07815e-09,938.526,37916.3,-4.11492e-07,1062.3,47143.9,-3.9561e-07,1202.4,58439.2,3.86185e-08,1360.96,72169.3,5.94093e-07,1540.42,88715.8,7.47693e-07,1743.53,108445,1.78537e-07,1973.41,131665,-4.12549e-07,2233.57,158557,-5.37164e-07,2528,189103,-1.17615e-07,2861.2,222986,5.66769e-07,3238.27,259510,9.45053e-07,3664.97,297540,4.25093e-07,4147.81,335497,-3.58506e-07,4694.17,371444,-6.7724e-07,5312.37,403256,1.67192e-07,1.61744,3.89446,9.84394,3.28846,7.5504,12.774,5.07607,11.7187,13.6844,7.03202,16.8147,13.9681,9.20215,23.1769,14.0566,11.6301,31.1672,14.0841,14.3598,41.2186,14.0927,17.4376,53.8688,14.0954,20.9137,69.7915,14.0962,24.8432,89.8341,14.0965,29.2879,115.063,14.0966,34.3168,146.819,14.0966,40.0078,186.792,14.0966,46.4487,237.107,14.0966,53.7388,300.44,14.0966,61.9903,380.158,14.0966,71.3301,480.499,14.0966,81.902,606.796,14.0966,93.8685,765.761,14.0966,107.414,965.837,14.0966,122.746,1217.65,14.0966,140.101,1534.57,14.0966,159.745,1933.41,14.0966,181.981,2435.3,14.0966,207.15,3066.85,14.0966,235.64,3861.46,14.0966,267.889,4861.11,14.0966,304.391,6118.54,14.0966,345.709,7699.91,14.0966,392.478,9688.22,14.0966,445.417,12187.5,14.0966,505.339,15327.7,14.0966,573.165,19271.6,14.0966,649.938,24222,14.0966,736.839,30430.9,14.0966,835.202,38211.5,14.0966,946.539,47950.3,14.0966,1072.56,60122.8,14.0966,1215.21,75309.9,14.0966,1376.66,94216.2,14.0966,1559.41,117688,14.0966,1766.26,146729,14.0966,2000.39,182510,14.0966,2265.39,226372,14.0966,2565.33,279806,14.0966,2904.81,344416,14.0966,3289.05,421845,14.0966,3723.93,513667,14.0966,4216.13,621231,14.0966,4773.18,745478,14.0966,5403.64,886744,14.0966,6117.15,1.04457e+06,14.0966,6924.63,1.2176e+06,14.0966,11.7194,11.96,12.6541,13.9321,16.1295,13.6434,16.6097,21.9702,13.9553,19.7532,29.5285,14.0526,23.3844,39.1143,14.0829,27.5423,51.2054,14.0923,32.2796,66.434,14.0953,37.662,85.6061,14.0962,43.7675,109.74,14.0965,50.687,140.119,14.0966,58.5249,178.359,14.0966,67.4005,226.493,14.0966,77.4493,287.08,14.0966,88.8254,363.343,14.0966,101.703,459.336,14.0966,116.281,580.161,14.0966,132.782,732.241,14.0966,151.46,923.655,14.0966,172.603,1164.57,14.0966,196.535,1467.79,14.0966,223.625,1849.39,14.0966,254.288,2329.62,14.0966,288.997,2933.93,14.0966,328.285,3694.33,14.0966,372.755,4651.04,14.0966,423.092,5854.57,14.0966,480.07,7368.38,14.0966,544.564,9272.08,14.0966,617.566,11665.5,14.0966,700.197,14673.6,14.0966,793.729,18452.9,14.0966,899.599,23198.6,14.0966,1019.43,29154.1,14.0966,1155.07,36622.3,14.0966,1308.6,45977.9,14.0966,1482.39,57683.7,14.0966,1679.09,72307.8,14.0966,1901.73,90542.8,14.0966,2153.73,113226,14.0966,2438.97,141360,14.0966,2761.81,176127,14.0966,3127.22,218898,14.0966,3540.81,271226,14.0966,4008.92,334817,14.0966,4538.74,411470,14.0966,5138.38,502973,14.0966,5817.04,610948,14.0966,6585.12,736653,14.0966,7454.39,880741,14.0966,8438.15,1.04302e+06,14.0966,9551.45,1.22224e+06,14.0966,10811.3,1.41602e+06,14.0966,12237,1.62086e+06,14.0966,11.7194,11.96,12.6541,2.21263,4.16949,0.989383,2.67766,5.84076,0.311842,3.14343,7.55825,0.0972771,3.63127,9.58578,0.0303237,4.15787,12.0912,0.00945211,4.73731,15.2286,0.00294633,5.38238,19.1721,0.000918508,6.10553,24.134,0.000286163,6.91951,30.3791,8.92692e-05,7.83792,38.2397,2.78121e-05,8.87555,48.1338,8.65134e-06,10.0489,60.5876,2.7882e-06,11.3761,76.2629,8.29036e-07,12.8779,95.9927,2.4373e-07,14.5775,120.825,4.33068e-09,16.5012,152.08,1.75749e-07,18.6784,191.415,-1.86328e-07,21.1428,240.917,1.91829e-07,23.9322,303.213,-1.81475e-07,27.0895,381.602,7.0186e-08,30.6634,480.231,-2.86769e-08,34.7087,604.316,2.40784e-07,39.2876,760.401,9.87368e-08,44.4705,956.705,1.22263e-07,50.3371,1203.54,-4.31966e-07,56.9776,1513.81,-1.9705e-07,64.494,1903.69,-2.763e-08,73.0018,2393.4,3.9185e-07,82.6317,3008.13,1.35379e-07,93.5318,3779.25,-4.16351e-08,105.869,4745.7,2.06965e-08,119.834,5955.6,-3.18887e-07,135.641,7468.12,-1.48271e-08,153.531,9355.62,2.00739e-07,173.781,11705.8,2.28358e-07,196.701,14624.1,-1.93587e-08,222.642,18235,-2.88101e-07,252.003,22683.4,-2.24732e-07,285.234,28134,8.56806e-09,322.845,34767,2.34258e-07,365.413,42770.9,2.99668e-07,413.588,52327.9,8.28644e-08,468.111,63591.2,-3.07049e-07,529.814,76653.2,-3.1888e-07,599.642,91502.5,-6.72276e-08,678.662,107975,2.26339e-07,768.083,125705,3.69212e-07,869.267,144088,2.04077e-07,983.76,162277,-2.80509e-07,1113.3,179223,-4.22737e-07,1259.87,193777,-1.71951e-07,1425.68,204839,4.55555e-07,11.7194,11.96,12.6541,2.21263,4.16949,0.989383,2.67766,5.84076,0.311842,3.14343,7.55825,0.0972771,3.63127,9.58578,0.0303237,4.15787,12.0912,0.00945211,4.73731,15.2286,0.00294633,5.38238,19.1721,0.000918508,6.10553,24.134,0.000286163,6.91951,30.3791,8.92692e-05,7.83792,38.2397,2.78121e-05,8.87555,48.1338,8.65134e-06,10.0489,60.5876,2.7882e-06,11.3761,76.2629,8.29036e-07,12.8779,95.9927,2.4373e-07,14.5775,120.825,1e-08,16.5012,152.08,1.75749e-07,18.6784,191.415,1e-08,21.1428,240.917,1.91829e-07,23.9322,303.213,1e-08,27.0895,381.602,7.0186e-08,30.6634,480.231,1e-08,34.7087,604.316,2.40784e-07,39.2876,760.401,9.87368e-08,44.4705,956.705,1.22263e-07,50.3371,1203.54,1e-08,56.9776,1513.81,1e-08,64.494,1903.69,1e-08,73.0018,2393.4,3.9185e-07,82.6317,3008.13,1.35379e-07,93.5318,3779.25,1e-08,105.869,4745.7,2.06965e-08,119.834,5955.6,1e-08,135.641,7468.12,1e-08,153.531,9355.62,2.00739e-07,173.781,11705.8,2.28358e-07,196.701,14624.1,1e-08,222.642,18235,1e-08,252.003,22683.4,1e-08,285.234,28134,1e-08,322.845,34767,2.34258e-07,365.413,42770.9,2.99668e-07,413.588,52327.9,8.28644e-08,468.111,63591.2,1e-08,529.814,76653.2,1e-08,599.642,91502.5,1e-08,678.662,107975,2.26339e-07,768.083,125705,3.69212e-07,869.267,144088,2.04077e-07,983.76,162277,1e-08,1113.3,179223,1e-08,1259.87,193777,1e-08,1425.68,204839,4.55555e-07,6.2823,3.27286,2.43537,0.219672,6.18826,2.24117,0.56371,6.87772,2.63624,0.308279,8,14,3,1,2,1,2,3,0,2,2,0,8,12,0,0,9,0,5,13,0,7,35,0,14,8,0,7,36,0,4,15,0,3,28,0,9,37,0,4,22,0,18,96,0,6,110,0,7,192,0,24,204,0,34,91,0,20,138,0,19,398,0,36,322,0,20,238,0,32,511,0,25,1215,0,81,955,0,87,818,0,54,944,0,52,4662,0,132,2193,0,50,3952,0,125,3218,0,38,4665,0,163,7411,0,246,12667,0,144,7183,0,175,11910,0,159,18975,0,155,25717,0,292,19831,0,268,24292,0,312,32923,0,609,64660,0,190,47693,0,602,151436,0,888,85106,0,578,102222,0,664,176430,0,1164,119052,0,802,116902,0,1122,180295,0,1112,128366,0,1228,192743,0
-1.05176e+08,1,8.88811e-15,10,1023,0,1.05176e+08,0.528882,1.08665,0.389689,0.145397,0.379329,3.24381,0.161596,0.446195,1.77396,0.159177,1.15e+07,4.49998e+06,6.79999e+06,1.15e+07,4.49997e+06,6.79999e+06,1.15e+07,4.49996e+06,6.79999e+06,1.15e+07,4.49995e+06,6.79999e+06,1.14999e+07,4.49993e+06,6.79999e+06,1.14999e+07,4.49991e+06,6.79999e+06,1.14999e+07,4.49989e+06,6.79999e+06,1.14999e+07,4.49986e+06,6.79999e+06,1.14999e+07,4.49982e+06,6.79999e+06,1.14999e+07,4.49977e+06,6.79999e+06,1.14999e+07,4.49971e+06,6.79999e+06,1.14999e+07,4.49963e+06,6.79999e+06,1.14998e+07,4.49953e+06,6.79999e+06,1.14998e+07,4.49941e+06,6.79999e+06,1.14998e+07,4.49926e+06,6.79999e+06,1.14998e+07,4.49906e+06,6.79999e+06,1.14997e+07,4.49882e+06,6.79999e+06,1.14997e+07,4.49851e+06,6.79999e+06,1.14997e+07,4.49812e+06,6.79999e+06,1.14996e+07,4.49764e+06,6.79999e+06,1.14996e+07,4.49702e+06,6.79999e+06,1.14995e+07,4.49625e+06,6.79999e+06,1.14995e+07,4.49528e+06,6.79999e+06,1.14994e+07,4.49406e+06,6.79999e+06,1.14993e+07,4.49253e+06,6.79999e+06,1.14992e+07,4.49059e+06,6.79999e+06,1.14991e+07,4.48817e+06,6.79999e+06,1.1499e+07,4.48511e+06,6.79999e+06,1.14988e+07,4.48128e+06,6.79999e+06,1.14987e+07,4.47646e+06,6.79999e+06,1.14985e+07,4.47041e+06,6.79999e+06,1.14983e+07,4.46281e+06,6.79999e+06,1.14981e+07,4.4533e+06,6.79999e+06,1.14979e+07,4.44138e+06,6.79999e+06,1.14976e+07,4.42649e+06,6.79999e+06,1.14972e+07,4.40789e+06,6.79999e+06,1.14969e+07,4.38471e+06,6.79999e+06,1.14965e+07,4.35592e+06,6.79999e+06,1.1496e+07,4.32027e+06,6.79999e+06,1.14955e+07,4.27629e+06,6.79999e+06,1.14949e+07,4.22231e+06,6.79999e+06,1.14942e+07,4.15647e+06,6.79999e+06,1.14934e+07,4.07676e+06,6.79999e+06,1.14926e+07,3.98112e+06,6.79999e+06,1.14916e+07,3.86765e+06,6.79999e+06,1.14905e+07,3.73474e+06,6.79999e+06,1.14892e+07,3.58148e+06,6.79999e+06,1.14878e+07,3.40785e+06,6.79999e+06,1.14862e+07,3.21513e+06,6.79999e+06,1.14844e+07,3.00605e+06,6.79999e+06,1.14823e+07,2.7848e+06,6.79999e+06,1.148e+07,2.5568e+06,6.79999e+06,1.14773e+07,2.32825e+06,6.79999e+06,13.5742,8.52444,0.508366,16.8306,13.2585,0.162638,20.0035,17.569,0.0507846,23.2616,22.4214,0.0158319,26.7328,28.3297,0.00493498,30.5212,35.6974,0.00153831,34.7178,44.9473,0.000479527,39.4086,56.5822,0.000149456,44.6796,71.2245,4.66214e-05,50.6209,89.6543,1.45419e-05,57.3297,112.852,4.54748e-06,64.9129,142.051,1.43857e-06,73.4897,178.803,4.36618e-07,83.1934,225.062,1.40153e-07,94.1745,283.286,4.96378e-08,106.602,356.568,1.05434e-07,120.669,448.799,-6.49244e-08,136.59,564.873,1.70148e-07,154.611,710.948,-5.34594e-08,175.008,894.767,1.63407e-07,198.097,1126.06,8.04804e-08,224.231,1417.07,1.14667e-07,253.813,1783.15,-1.71227e-07,287.297,2243.62,-2.88466e-07,325.198,2822.67,-4.33651e-07,368.098,3550.67,7.9318e-08,416.657,4465.65,3.13319e-07,471.621,5615.16,3.4613e-07,533.835,7058.61,-1.19199e-07,604.255,8870.02,-2.79964e-07,683.962,11141.4,-2.30521e-07,774.182,13986.7,-2.55099e-07,876.299,17546.4,1.23585e-07,991.883,21993.1,1.41192e-07,1122.71,27536.7,-9.71886e-08,1270.78,34430.7,-3.68368e-07,1438.38,42977.7,-3.45379e-07,1628.07,53532.7,-3.25328e-09,1842.77,66504.6,2.6362e-07,2085.77,82350.2,2.53445e-07,2360.79,101560,-2.47407e-08,2672.05,124632,-3.80602e-07,3024.31,152018,-4.79005e-07,3422.98,184060,-1.14379e-07,3874.15,220884,2.64297e-07,4384.72,262283,3.44131e-07,4962.49,307576,7.5349e-08,5616.29,355497,-3.63097e-07,6356.1,404126,-6.05442e-07,7193.18,450932,-2.72333e-07,8140.28,492963,2.29675e-07,9211.79,527178,4.3387e-07,10424,550893,-1.0711e-07,10.102,8.06553,2.81012,10.6436,8.57909,0.869423,11.5336,10.2515,0.270869,12.7211,12.7138,0.0844293,14.1823,15.9373,0.0263173,15.9122,20.0383,0.0082035,17.9198,25.2154,0.00255722,20.2244,31.7373,0.000797017,22.8539,39.9486,0.000248622,25.8438,50.2851,7.75492e-05,29.237,63.2963,2.42508e-05,33.0837,79.6738,7.67162e-06,37.4415,100.288,2.32837e-06,42.3767,126.236,7.33e-07,47.9646,158.896,2.79256e-07,54.2906,200.003,9.87351e-09,61.452,251.741,1.61085e-07,69.5585,316.859,-2.47141e-07,78.7347,398.812,8.93552e-08,89.1218,501.948,-2.53231e-07,100.879,631.736,-1.25047e-07,114.188,795.049,-1.78808e-07,129.252,1000.53,2.6733e-07,146.304,1259.03,4.50292e-07,165.605,1584.19,6.76904e-07,187.452,1993.12,-1.23808e-07,212.181,2507.27,-4.89068e-07,240.173,3153.54,-5.40284e-07,271.856,3965.56,1.86061e-07,307.719,4985.38,4.37004e-07,348.313,6265.4,3.59828e-07,394.26,7870.83,3.98192e-07,446.268,9882.51,-1.92908e-07,505.135,12400.3,-2.20392e-07,571.766,15546.9,1.51705e-07,647.184,19472.2,5.74996e-07,732.547,24357.4,5.39112e-07,829.167,30420,5.07815e-09,938.526,37916.3,-4.11492e-07,1062.3,47143.9,-3.9561e-07,1202.4,58439.2,3.86185e-08,1360.96,72169.3,5.94093e-07,1540.42,88715.8,7.47693e-07,1743.53,108445,1.78537e-07,1973.41,131665,-4.12549e-07,2233.57,158557,-5.37164e-07,2528,189103,-1.17615e-07,2861.2,222986,5.66769e-07,3238.27,259510,9.45053e-07,3664.97,297540,4.25093e-07,4147.81,335497,-3.58506e-07,4694.17,371444,-6.7724e-07,5312.37,403256,1.67192e-07,1.61744,3.89446,9.84394,3.28846,7.5504,12.774,5.07607,11.7187,13.6844,7.03202,16.8147,13.9681,9.20215,23.1769,14.0566,11.6301,31.1672,14.0841,14.3598,41.2186,14.0927,17.4376,53.8688,14.0954,20.9137,69.7915,14.0962,24.8432,89.8341,14.0965,29.2879,115.063,14.0966,34.3168,146.819,14.0966,40.0078,186.792,14.0966,46.4487,237.107,14.0966,53.7388,300.44,14.0966,61.9903,380.158,14.0966,71.3301,480.499,14.0966,81.902,606.796,14.0966,93.8685,765.761,14.0966,107.414,965.837,14.0966,122.746,1217.65,14.0966,140.101,1534.57,14.0966,159.745,1933.41,14.0966,181.981,2435.3,14.0966,207.15,3066.85,14.0966,235.64,3861.46,14.0966,267.889,4861.11,14.0966,304.391,6118.54,14.0966,345.709,7699.91,14.0966,392.478,9688.22,14.0966,445.417,12187.5,14.0966,505.339,15327.7,14.0966,573.165,19271.6,14.0966,649.938,24222,14.0966,736.839,30430.9,14.0966,835.202,38211.5,14.0966,946.539,47950.3,14.0966,1072.56,60122.8,14.0966,1215.21,75309.9,14.0966,1376.66,94216.2,14.0966,1559.41,117688,14.0966,1766.26,146729,14.0966,2000.39,182510,14.0966,2265.39,226372,14.0966,2565.33,279806,14.0966,2904.81,344416,14.0966,3289.05,421845,14.0966,3723.93,513667,14.0966,4216.13,621231,14.0966,4773.18,745478,14.0966,5403.64,886744,14.0966,6117.15,1.04457e+06,14.0966,6924.63,1.2176e+06,14.0966,11.7194,11.96,12.6541,13.9321,16.1295,13.6434,16.6097,21.9702,13.9553,19.7532,29.5285,14.0526,23.3844,39.1143,14.0829,27.5423,51.2054,14.0923,32.2796,66.434,14.0953,37.662,85.6061,14.0962,43.7675,109.74,14.0965,50.687,140.119,14.0966,58.5249,178.359,14.0966,67.4005,226.493,14.0966,77.4493,287.08,14.0966,88.8254,363.343,14.0966,101.703,459.336,14.0966,116.281,580.161,14.0966,132.782,732.241,14.0966,151.46,923.655,14.0966,172.603,1164.57,14.0966,196.535,1467.79,14.0966,223.625,1849.39,14.0966,254.288,2329.62,14.0966,288.997,2933.93,14.0966,328.285,3694.33,14.0966,372.755,4651.04,14.0966,423.092,5854.57,14.0966,480.07,7368.38,14.0966,544.564,9272.08,14.0966,617.566,11665.5,14.0966,700.197,14673.6,14.0966,793.729,18452.9,14.0966,899.599,23198.6,14.0966,1019.43,29154.1,14.0966,1155.07,36622.3,14.0966,1308.6,45977.9,14.0966,1482.39,57683.7,14.0966,1679.09,72307.8,14.0966,1901.73,90542.8,14.0966,2153.73,113226,14.0966,2438.97,141360,14.0966,2761.81,176127,14.0966,3127.22,218898,14.0966,3540.81,271226,14.0966,4008.92,334817,14.0966,4538.74,411470,14.0966,5138.38,502973,14.0966,5817.04,610948,14.0966,6585.12,736653,14.0966,7454.39,880741,14.0966,8438.15,1.04302e+06,14.0966,9551.45,1.22224e+06,14.0966,10811.3,1.41602e+06,14.0966,12237,1.62086e+06,14.0966,11.7194,11.96,12.6541,2.21263,4.16949,0.989383,2.67766,5.84076,0.311842,3.14343,7.55825,0.0972771,3.63127,9.58578,0.0303237,4.15787,12.0912,0.00945211,4.73731,15.2286,0.00294633,5.38238,19.1721,0.000918508,6.10553,24.134,0.000286163,6.91951,30.3791,8.92692e-05,7.83792,38.2397,2.78121e-05,8.87555,48.1338,8.65134e-06,10.0489,60.5876,2.7882e-06,11.3761,76.2629,8.29036e-07,12.8779,95.9927,2.4373e-07,14.5775,120.825,4.33068e-09,16.5012,152.08,1.75749e-07,18.6784,191.415,-1.86328e-07,21.1428,240.917,1.91829e-07,23.9322,303.213,-1.81475e-07,27.0895,381.602,7.0186e-08,30.6634,480.231,-2.86769e-08,34.7087,604.316,2.40784e-07,39.2876,760.401,9.87368e-08,44.4705,956.705,1.22263e-07,50.3371,1203.54,-4.31966e-07,56.9776,1513.81,-1.9705e-07,64.494,1903.69,-2.763e-08,73.0018,2393.4,3.9185e-07,82.6317,3008.13,1.35379e-07,93.5318,3779.25,-4.16351e-08,105.869,4745.7,2.06965e-08,119.834,5955.6,-3.18887e-07,135.641,7468.12,-1.48271e-08,153.531,9355.62,2.00739e-07,173.781,11705.8,2.28358e-07,196.701,14624.1,-1.93587e-08,222.642,18235,-2.88101e-07,252.003,22683.4,-2.24732e-07,285.234,28134,8.56806e-09,322.845,34767,2.34258e-07,365.413,42770.9,2.99668e-07,413.588,52327.9,8.28644e-08,468.111,63591.2,-3.07049e-07,529.814,76653.2,-3.1888e-07,599.642,91502.5,-6.72276e-08,678.662,107975,2.26339e-07,768.083,125705,3.69212e-07,869.267,144088,2.04077e-07,983.76,162277,-2.80509e-07,1113.3,179223,-4.22737e-07,1259.87,193777,-1.71951e-07,1425.68,204839,4.55555e-07,11.7194,11.96,12.6541,2.21263,4.16949,0.989383,2.67766,5.84076,0.311842,3.14343,7.55825,0.0972771,3.63127,9.58578,0.0303237,4.15787,12.0912,0.00945211,4.73731,15.2286,0.00294633,5.38238,19.1721,0.000918508,6.10553,24.134,0.000286163,6.91951,30.3791,8.92692e-05,7.83792,38.2397,2.78121e-05,8.87555,48.1338,8.65134e-06,10.0489,60.5876,2.7882e-06,11.3761,76.2629,8.29036e-07,12.8779,95.9927,2.4373e-07,14.5775,120.825,1e-08,16.5012,152.08,1.75749e-07,18.6784,191.415,1e-08,21.1428,240.917,1.91829e-07,23.9322,303.213,1e-08,27.0895,381.602,7.0186e-08,30.6634,480.231,1e-08,34.7087,604.316,2.40784e-07,39.2876,760.401,9.87368e-08,44.4705,956.705,1.22263e-07,50.3371,1203.54,1e-08,56.9776,1513.81,1e-08,64.494,1903.69,1e-08,73.0018,2393.4,3.9185e-07,82.6317,3008.13,1.35379e-07,93.5318,3779.25,1e-08,105.869,4745.7,2.06965e-08,119.834,5955.6,1e-08,135.641,7468.12,1e-08,153.531,9355.62,2.00739e-07,173.781,11705.8,2.28358e-07,196.701,14624.1,1e-08,222.642,18235,1e-08,252.003,22683.4,1e-08,285.234,28134,1e-08,322.845,34767,2.34258e-07,365.413,42770.9,2.99668e-07,413.588,52327.9,8.28644e-08,468.111,63591.2,1e-08,529.814,76653.2,1e-08,599.642,91502.5,1e-08,678.662,107975,2.26339e-07,768.083,125705,3.69212e-07,869.267,144088,2.04077e-07,983.76,162277,1e-08,1113.3,179223,1e-08,1259.87,193777,1e-08,1425.68,204839,4.55555e-07,6.2823,3.27286,2.43537,0.219672,6.18826,2.24117,0.56371,6.87772,2.63624,0.308279,5,12,4,0,5,3,2,7,0,2,4,0,0,15,0,5,21,0,1,25,0,6,9,0,6,17,0,9,49,0,2,34,0,7,38,0,16,58,0,13,82,0,12,131,0,23,128,0,19,104,0,15,310,0,34,148,0,17,158,0,9,616,0,16,752,0,19,410,0,73,504,0,20,963,0,60,612,0,38,1425,0,63,1001,0,76,1697,0,44,3747,0,91,4789,0,93,3043,0,161,6170,0,133,4962,0,162,18029,0,247,5661,0,275,17869,0,97,16791,0,268,20419,0,336,23375,0,474,21972,0,402,45711,0,251,33681,0,233,82450,0,559,108316,0,319,68376,0,549,130957,0,1145,116060,0,543,36195,0,805,144365,0,1499,133632,0,548,151669,0,2037,93135,0
-1.05176e+08,1,8.88811e-15,10,1023,0,1.05176e+08,0.528882,1.08665,0.389689,0.145397,0.379329,3.24381,0.161596,0.446195,1.77396,0.159177,1.15e+07,4.49998e+06,6.79999e+06,1.15e+07,4.49997e+06,6.79999e+06,1.15e+07,4.49996e+06,6.79999e+06,1.15e+07,4.49995e+06,6.79999e+06,1.14999e+07,4.49993e+06,6.79999e+06,1.14999e+07,4.49991e+06,6.79999e+06,1.14999e+07,4.49989e+06,6.79999e+06,1.14999e+07,4.49986e+06,6.79999e+06,1.14999e+07,4.49982e+06,6.79999e+06,1.14999e+07,4.49977e+06,6.79999e+06,1.14999e+07,4.49971e+06,6.79999e+06,1.14999e+07,4.49963e+06,6.79999e+06,1.14998e+07,4.49953e+06,6.79999e+06,1.14998e+07,4.49941e+06,6.79999e+06,1.14998e+07,4.49926e+06,6.79999e+06,1.14998e+07,4.49906e+06,6.79999e+06,1.14997e+07,4.49882e+06,6.79999e+06,1.14997e+07,4.49851e+06,6.79999e+06,1.14997e+07,4.49812e+06,6.79999e+06,1.14996e+07,4.49764e+06,6.79999e+06,1.14996e+07,4.49702e+06,6.79999e+06,1.14995e+07,4.49625e+06,6.79999e+06,1.14995e+07,4.49528e+06,6.79999e+06,1.14994e+07,4.49406e+06,6.79999e+06,1.14993e+07,4.49253e+06,6.79999e+06,1.14992e+07,4.49059e+06,6.79999e+06,1.14991e+07,4.48817e+06,6.79999e+06,1.1499e+07,4.48511e+06,6.79999e+06,1.14988e+07,4.48128e+06,6.79999e+06,1.14987e+07,4.47646e+06,6.79999e+06,1.14985e+07,4.47041e+06,6.79999e+06,1.14983e+07,4.46281e+06,6.79999e+06,1.14981e+07,4.4533e+06,6.79999e+06,1.14979e+07,4.44138e+06,6.79999e+06,1.14976e+07,4.42649e+06,6.79999e+06,1.14972e+07,4.40789e+06,6.79999e+06,1.14969e+07,4.38471e+06,6.79999e+06,1.14965e+07,4.35592e+06,6.79999e+06,1.1496e+07,4.32027e+06,6.79999e+06,1.14955e+07,4.27629e+06,6.79999e+06,1.14949e+07,4.22231e+06,6.79999e+06,1.14942e+07,4.15647e+06,6.79999e+06,1.14934e+07,4.07676e+06,6.79999e+06,1.14926e+07,3.98112e+06,6.79999e+06,1.14916e+07,3.86765e+06,6.79999e+06,1.14905e+07,3.73474e+06,6.79999e+06,1.14892e+07,3.58148e+06,6.79999e+06,1.14878e+07,3.40785e+06,6.79999e+06,1.14862e+07,3.21513e+06,6.79999e+06,1.14844e+07,3.00605e+06,6.79999e+06,1.14823e+07,2.7848e+06,6.79999e+06,1.148e+07,2.5568e+06,6.79999e+06,1.14773e+07,2.32825e+06,6.79999e+06,13.5742,8.52444,0.508366,16.8306,13.2585,0.162638,20.0035,17.569,0.0507846,23.2616,22.4214,0.0158319,26.7328,28.3297,0.00493498,30.5212,35.6974,0.00153831,34.7178,44.9473,0.000479527,39.4086,56.5822,0.000149456,44.6796,71.2245,4.66214e-05,50.6209,89.6543,1.45419e-05,57.3297,112.852,4.54748e-06,64.9129,142.051,1.43857e-06,73.4897,178.803,4.36618e-07,83.1934,225.062,1.40153e-07,94.1745,283.286,4.96378e-08,106.602,356.568,1.05434e-07,120.669,448.799,-6.49244e-08,136.59,564.873,1.70148e-07,154.611,710.948,-5.34594e-08,175.008,894.767,1.63407e-07,198.097,1126.06,8.04804e-08,224.231,1417.07,1.14667e-07,253.813,1783.15,-1.71227e-07,287.297,2243.62,-2.88466e-07,325.198,2822.67,-4.33651e-07,368.098,3550.67,7.9318e-08,416.657,4465.65,3.13319e-07,471.621,5615.16,3.4613e-07,533.835,7058.61,-1.19199e-07,604.255,8870.02,-2.79964e-07,683.962,11141.4,-2.30521e-07,774.182,13986.7,-2.55099e-07,876.299,17546.4,1.23585e-07,991.883,21993.1,1.41192e-07,1122.71,27536.7,-9.71886e-08,1270.78,34430.7,-3.68368e-07,1438.38,42977.7,-3.45379e-07,1628.07,53532.7,-3.25328e-09,1842.77,66504.6,2.6362e-07,2085.77,82350.2,2.53445e-07,2360.79,101560,-2.47407e-08,2672.05,124632,-3.80602e-07,3024.31,152018,-4.79005e-07,3422.98,184060,-1.14379e-07,3874.15,220884,2.64297e-07,4384.72,262283,3.44131e-07,4962.49,307576,7.5349e-08,5616.29,355497,-3.63097e-07,6356.1,404126,-6.05442e-07,7193.18,450932,-2.72333e-07,8140.28,492963,2.29675e-07,9211.79,527178,4.3387e-07,10424,550893,-1.0711e-07,10.102,8.06553,2.81012,10.6436,8.57909,0.869423,11.5336,10.2515,0.270869,12.7211,12.7138,0.0844293,14.1823,15.9373,0.0263173,15.9122,20.0383,0.0082035,17.9198,25.2154,0.00255722,20.2244,31.7373,0.000797017,22.8539,39.9486,0.000248622,25.8438,50.2851,7.75492e-05,29.237,63.2963,2.42508e-05,33.0837,79.6738,7.67162e-06,37.4415,100.288,2.32837e-06,42.3767,126.236,7.33e-07,47.9646,158.896,2.79256e-07,54.2906,200.003,9.87351e-09,61.452,251.741,1.61085e-07,69.5585,316.859,-2.47141e-07,78.7347,398.812,8.93552e-08,89.1218,501.948,-2.53231e-07,100.879,631.736,-1.25047e-07,114.188,795.049,-1.78808e-07,129.252,1000.53,2.6733e-07,146.304,1259.03,4.50292e-07,165.605,1584.19,6.76904e-07,187.452,1993.12,-1.23808e-07,212.181,2507.27,-4.89068e-07,240.173,3153.54,-5.40284e-07,271.856,3965.56,1.86061e-07,307.719,4985.38,4.37004e-07,348.313,6265.4,3.59828e-07,394.26,7870.83,3.98192e-07,446.268,9882.51,-1.92908e-07,505.135,12400.3,-2.20392e-07,571.766,15546.9,1.51705e-07,647.184,19472.2,5.74996e-07,732.547,24357.4,5.39112e-07,829.167,30420,5.07815e-09,938.526,37916.3,-4.11492e-07,1062.3,47143.9,-3.9561e-07,1202.4,58439.2,3.86185e-08,1360.96,72169.3,5.94093e-07,1540.42,88715.8,7.47693e-07,1743.53,108445,1.78537e-07,1973.41,131665,-4.12549e-07,2233.57,158557,-5.37164e-07,2528,189103,-1.17615e-07,2861.2,222986,5.66769e-07,3238.27,259510,9.45053e-07,3664.97,297540,4.25093e-07,4147.81,335497,-3.58506e-07,4694.17,371444,-6.7724e-07,5312.37,403256,1.67192e-07,1.61744,3.89446,9.84394,3.28846,7.5504,12.774,5.07607,11.7187,13.6844,7.03202,16.8147,13.9681,9.20215,23.1769,14.0566,11.6301,31.1672,14.0841,14.3598,41.2186,14.0927,17.4376,53.8688,14.0954,20.9137,69.7915,14.0962,24.8432,89.8341,14.0965,29.2879,115.063,14.0966,34.3168,146.819,14.0966,40.0078,186.792,14.0966,46.4487,237.107,14.0966,53.7388,300.44,14.0966,61.9903,380.158,14.0966,71.3301,480.499,14.0966,81.902,606.796,14.0966,93.8685,765.761,14.0966,107.414,965.837,14.0966,122.746,1217.65,14.0966,140.101,1534.57,14.0966,159.745,1933.41,14.0966,181.981,2435.3,14.0966,207.15,3066.85,14.0966,235.64,3861.46,14.0966,267.889,4861.11,14.0966,304.391,6118.54,14.0966,345.709,7699.91,14.0966,392.478,9688.22,14.0966,445.417,12187.5,14.0966,505.339,15327.7,14.0966,573.165,19271.6,14.0966,649.938,24222,14.0966,736.839,30430.9,14.0966,835.202,38211.5,14.0966,946.539,47950.3,14.0966,1072.56,60122.8,14.0966,1215.21,75309.9,14.0966,1376.66,94216.2,14.0966,1559.41,117688,14.0966,1766.26,146729,14.0966,2000.39,182510,14.0966,2265.39,226372,14.0966,2565.33,279806,14.0966,2904.81,344416,14.0966,3289.05,421845,14.0966,3723.93,513667,14.0966,4216.13,621231,14.0966,4773.18,745478,14.0966,5403.64,886744,14.0966,6117.15,1.04457e+06,14.0966,6924.63,1.2176e+06,14.0966,11.7194,11.96,12.6541,13.9321,16.1295,13.6434,16.6097,21.9702,13.9553,19.7532,29.5285,14.0526,23.3844,39.1143,14.0829,27.5423,51.2054,14.0923,32.2796,66.434,14.0953,37.662,85.6061,14.0962,43.7675,109.74,14.0965,50.687,140.119,14.0966,58.5249,178.359,14.0966,67.4005,226.493,14.0966,77.4493,287.08,14.0966,88.8254,363.343,14.0966,101.703,459.336,14.0966,116.281,580.161,14.0966,132.782,732.241,14.0966,151.46,923.655,14.0966,172.603,1164.57,14.0966,196.535,1467.79,14.0966,223.625,1849.39,14.0966,254.288,2329.62,14.0966,288.997,2933.93,14.0966,328.285,3694.33,14.0966,372.755,4651.04,14.0966,423.092,5854.57,14.0966,480.07,7368.38,14.0966,544.564,9272.08,14.0966,617.566,11665.5,14.0966,700.197,14673.6,14.0966,793.729,18452.9,14.0966,899.599,23198.6,14.0966,1019.43,29154.1,14.0966,1155.07,36622.3,14.0966,1308.6,45977.9,14.0966,1482.39,57683.7,14.0966,1679.09,72307.8,14.0966,1901.73,90542.8,14.0966,2153.73,113226,14.0966,2438.97,141360,14.0966,2761.81,176127,14.0966,3127.22,218898,14.0966,3540.81,271226,14.0966,4008.92,334817,14.0966,4538.74,411470,14.0966,5138.38,502973,14.0966,5817.04,610948,14.0966,6585.12,736653,14.0966,7454.39,880741,14.0966,8438.15,1.04302e+06,14.0966,9551.45,1.22224e+06,14.0966,10811.3,1.41602e+06,14.0966,12237,1.62086e+06,14.0966,11.7194,11.96,12.6541,2.21263,4.16949,0.989383,2.67766,5.84076,0.311842,3.14343,7.55825,0.0972771,3.63127,9.58578,0.0303237,4.15787,12.0912,0.00945211,4.73731,15.2286,0.00294633,5.38238,19.1721,0.000918508,6.10553,24.134,0.000286163,6.91951,30.3791,8.92692e-05,7.83792,38.2397,2.78121e-05,8.87555,48.1338,8.65134e-06,10.0489,60.5876,2.7882e-06,11.3761,76.2629,8.29036e-07,12.8779,95.9927,2.4373e-07,14.5775,120.825,4.33068e-09,16.5012,152.08,1.75749e-07,18.6784,191.415,-1.86328e-07,21.1428,240.917,1.91829e-07,23.9322,303.213,-1.81475e-07,27.0895,381.602,7.0186e-08,30.6634,480.231,-2.86769e-08,34.7087,604.316,2.40784e-07,39.2876,760.401,9.87368e-08,44.4705,956.705,1.22263e-07,50.3371,1203.54,-4.31966e-07,56.9776,1513.81,-1.9705e-07,64.494,1903.69,-2.763e-08,73.0018,2393.4,3.9185e-07,82.6317,3008.13,1.35379e-07,93.5318,3779.25,-4.16351e-08,105.869,4745.7,2.06965e-08,119.834,5955.6,-3.18887e-07,135.641,7468.12,-1.48271e-08,153.531,9355.62,2.00739e-07,173.781,11705.8,2.28358e-07,196.701,14624.1,-1.93587e-08,222.642,18235,-2.88101e-07,252.003,22683.4,-2.24732e-07,285.234,28134,8.56806e-09,322.845,34767,2.34258e-07,365.413,42770.9,2.99668e-07,413.588,52327.9,8.28644e-08,468.111,63591.2,-3.07049e-07,529.814,76653.2,-3.1888e-07,599.642,91502.5,-6.72276e-08,678.662,107975,2.26339e-07,768.083,125705,3.69212e-07,869.267,144088,2.04077e-07,983.76,162277,-2.80509e-07,1113.3,179223,-4.22737e-07,1259.87,193777,-1.71951e-07,1425.68,204839,4.55555e-07,11.7194,11.96,12.6541,2.21263,4.16949,0.989383,2.67766,5.84076,0.311842,3.14343,7.55825,0.0972771,3.63127,9.58578,0.0303237,4.15787,12.0912,0.00945211,4.73731,15.2286,0.00294633,5.38238,19.1721,0.000918508,6.10553,24.134,0.000286163,6.91951,30.3791,8.92692e-05,7.83792,38.2397,2.78121e-05,8.87555,48.1338,8.65134e-06,10.0489,60.5876,2.7882e-06,11.3761,76.2629,8.29036e-07,12.8779,95.9927,2.4373e-07,14.5775,120.825,1e-08,16.5012,152.08,1.75749e-07,18.6784,191.415,1e-08,21.1428,240.917,1.91829e-07,23.9322,303.213,1e-08,27.0895,381.602,7.0186e-08,30.6634,480.231,1e-08,34.7087,604.316,2.40784e-07,39.2876,760.401,9.87368e-08,44.4705,956.705,1.22263e-07,50.3371,1203.54,1e-08,56.9776,1513.81,1e-08,64.494,1903.69,1e-08,73.0018,2393.4,3.9185e-07,82.6317,3008.13,1.35379e-07,93.5318,3779.25,1e-08,105.869,4745.7,2.06965e-08,119.834,5955.6,1e-08,135.641,7468.12,1e-08,153.531,9355.62,2.00739e-07,173.781,11705.8,2.28358e-07,196.701,14624.1,1e-08,222.642,18235,1e-08,252.003,22683.4,1e-08,285.234,28134,1e-08,322.845,34767,2.34258e-07,365.413,42770.9,2.99668e-07,413.588,52327.9,8.28644e-08,468.111,63591.2,1e-08,529.814,76653.2,1e-08,599.642,91502.5,1e-08,678.662,107975,2.26339e-07,768.083,125705,3.69212e-07,869.267,144088,2.04077e-07,983.76,162277,1e-08,1113.3,179223,1e-08,1259.87,193777,1e-08,1425.68,204839,4.55555e-07,6.2823,3.27286,2.43537,0.219672,6.18826,2.24117,0.56371,6.87772,2.63624,0.308279,13,12,4,1,4,1,5,1,0,8,3,0,9,16,0,2,19,0,4,20,0,3,33,0,4,28,0,7,34,0,1,26,0,5,58,0,6,130,0,17,108,0,17,69,0,34,120,0,15,280,0,13,183,0,20,207,0,23,368,0,26,629,0,12,305,0,26,573,0,31,698,0,49,660,0,61,2867,0,32,1692,0,136,1810,0,127,2182,0,79,2438,0,68,2578,0,136,3286,0,93,5789,0,191,7579,0,137,5492,0,350,24210,0,196,21506,0,273,6298,0,161,9543,0,197,21776,0,447,25386,0,253,32969,0,288,50658,0,548,52933,0,671,109250,0,881,158361,0,355,48241,0,622,110795,0,816,129379,0,933,182154,0,2347,203841,0,859,229073,0,1469,206479,0
-1.05176e+08,1,8.88811e-15,10,1023,0,1.05176e+08,0.528882,1.08665,0.389689,0.145397,0.379329,3.24381,0.161596,0.446195,1.77396,0.159177,1.15e+07,4.49998e+06,6.79999e+06,1.15e+07,4.49997e+06,6.79999e+06,1.15e+07,4.49996e+06,6.79999e+06,1.15e+07,4.49995e+06,6.79999e+06,1.14999e+07,4.49993e+06,6.79999e+06,1.14999e+07,4.49991e+06,6.79999e+06,1.14999e+07,4.49989e+06,6.79999e+06,1.14999e+07,4.49986e+06,6.79999e+06,1.14999e+07,4.49982e+06,6.79999e+06,1.14999e+07,4.49977e+06,6.79999e+06,1.14999e+07,4.49971e+06,6.79999e+06,1.14999e+07,4.49963e+06,6.79999e+06,1.14998e+07,4.49953e+06,6.79999e+06,1.14998e+07,4.49941e+06,6.79999e+06,1.14998e+07,4.49926e+06,6.79999e+06,1.14998e+07,4.49906e+06,6.79999e+06,1.14997e+07,4.49882e+06,6.79999e+06,1.14997e+07,4.49851e+06,6.79999e+06,1.14997e+07,4.49812e+06,6.79999e+06,1.14996e+07,4.49764e+06,6.79999e+06,1.14996e+07,4.49702e+06,6.79999e+06,1.14995e+07,4.49625e+06,6.79999e+06,1.14995e+07,4.49528e+06,6.79999e+06,1.14994e+07,4.49406e+06,6.79999e+06,1.14993e+07,4.49253e+06,6.79999e+06,1.14992e+07,4.49059e+06,6.79999e+06,1.14991e+07,4.48817e+06,6.79999e+06,1.1499e+07,4.48511e+06,6.79999e+06,1.14988e+07,4.48128e+06,6.79999e+06,1.14987e+07,4.47646e+06,6.79999e+06,1.14985e+07,4.47041e+06,6.79999e+06,1.14983e+07,4.46281e+06,6.79999e+06,1.14981e+07,4.4533e+06,6.79999e+06,1.14979e+07,4.44138e+06,6.79999e+06,1.14976e+07,4.42649e+06,6.79999e+06,1.14972e+07,4.40789e+06,6.79999e+06,1.14969e+07,4.38471e+06,6.79999e+06,1.14965e+07,4.35592e+06,6.79999e+06,1.1496e+07,4.32027e+06,6.79999e+06,1.14955e+07,4.27629e+06,6.79999e+06,1.14949e+07,4.22231e+06,6.79999e+06,1.14942e+07,4.15647e+06,6.79999e+06,1.14934e+07,4.07676e+06,6.79999e+06,1.14926e+07,3.98112e+06,6.79999e+06,1.14916e+07,3.86765e+06,6.79999e+06,1.14905e+07,3.73474e+06,6.79999e+06,1.14892e+07,3.58148e+06,6.79999e+06,1.14878e+07,3.40785e+06,6.79999e+06,1.14862e+07,3.21513e+06,6.79999e+06,1.14844e+07,3.00605e+06,6.79999e+06,1.14823e+07,2.7848e+06,6.79999e+06,1.148e+07,2.5568e+06,6.79999e+06,1.14773e+07,2.32825e+06,6.79999e+06,13.5742,8.52444,0.508366,16.8306,13.2585,0.162638,20.0035,17.569,0.0507846,23.2616,22.4214,0.0158319,26.7328,28.3297,0.00493498,30.5212,35.6974,0.00153831,34.7178,44.9473,0.000479527,39.4086,56.5822,0.000149456,44.6796,71.2245,4.66214e-05,50.6209,89.6543,1.45419e-05,57.3297,112.852,4.54748e-06,64.9129,142.051,1.43857e-06,73.4897,178.803,4.36618e-07,83.1934,225.062,1.40153e-07,94.1745,283.286,4.96378e-08,106.602,356.568,1.05434e-07,120.669,448.799,-6.49244e-08,136.59,564.873,1.70148e-07,154.611,710.948,-5.34594e-08,175.008,894.767,1.63407e-07,198.097,1126.06,8.04804e-08,224.231,1417.07,1.14667e-07,253.813,1783.15,-1.71227e-07,287.297,2243.62,-2.88466e-07,325.198,2822.67,-4.33651e-07,368.098,3550.67,7.9318e-08,416.657,4465.65,3.13319e-07,471.621,5615.16,3.4613e-07,533.835,7058.61,-1.19199e-07,604.255,8870.02,-2.79964e-07,683.962,11141.4,-2.30521e-07,774.182,13986.7,-2.55099e-07,876.299,17546.4,1.23585e-07,991.883,21993.1,1.41192e-07,1122.71,27536.7,-9.71886e-08,1270.78,34430.7,-3.68368e-07,1438.38,42977.7,-3.45379e-07,1628.07,53532.7,-3.25328e-09,1842.77,66504.6,2.6362e-07,2085.77,82350.2,2.53445e-07,2360.79,101560,-2.47407e-08,2672.05,124632,-3.80602e-07,3024.31,152018,-4.79005e-07,3422.98,184060,-1.14379e-07,3874.15,220884,2.64297e-07,4384.72,262283,3.44131e-07,4962.49,307576,7.5349e-08,5616.29,355497,-3.63097e-07,6356.1,404126,-6.05442e-07,7193.18,450932,-2.72333e-07,8140.28,492963,2.29675e-07,9211.79,527178,4.3387e-07,10424,550893,-1.0711e-07,10.102,8.06553,2.81012,10.6436,8.57909,0.869423,11.5336,10.2515,0.270869,12.7211,12.7138,0.0844293,14.1823,15.9373,0.0263173,15.9122,20.0383,0.0082035,17.9198,25.2154,0.00255722,20.2244,31.7373,0.000797017,22.8539,39.9486,0.000248622,25.8438,50.2851,7.75492e-05,29.237,63.2963,2.42508e-05,33.0837,79.6738,7.67162e-06,37.4415,100.288,2.32837e-06,42.3767,126.236,7.33e-07,47.9646,158.896,2.79256e-07,54.2906,200.003,9.87351e-09,61.452,251.741,1.61085e-07,69.5585,316.859,-2.47141e-07,78.7347,398.812,8.93552e-08,89.1218,501.948,-2.53231e-07,100.879,631.736,-1.25047e-07,114.188,795.049,-1.78808e-07,129.252,1000.53,2.6733e-07,146.304,1259.03,4.50292e-07,165.605,1584.19,6.76904e-07,187.452,1993.12,-1.23808e-07,212.181,2507.27,-4.89068e-07,240.173,3153.54,-5.40284e-07,271.856,3965.56,1.86061e-07,307.719,4985.38,4.37004e-07,348.313,6265.4,3.59828e-07,394.26,7870.83,3.98192e-07,446.268,9882.51,-1.92908e-07,505.135,12400.3,-2.20392e-07,571.766,15546.9,1.51705e-07,647.184,19472.2,5.74996e-07,732.547,24357.4,5.39112e-07,829.167,30420,5.07815e-09,938.526,37916.3,-4.11492e-07,1062.3,47143.9,-3.9561e-07,1202.4,58439.2,3.86185e-08,1360.96,72169.3,5.94093e-07,1540.42,88715.8,7.47693e-07,1743.53,108445,1.78537e-07,1973.41,131665,-4.12549e-07,2233.57,158557,-5.37164e-07,2528,189103,-1.17615e-07,2861.2,222986,5.66769e-07,3238.27,259510,9.45053e-07,3664.97,297540,4.25093e-07,4147.81,335497,-3.58506e-07,4694.17,371444,-6.7724e-07,5312.37,403256,1.67192e-07,1.61744,3.89446,9.84394,3.28846,7.5504,12.774,5.07607,11.7187,13.6844,7.03202,16.8147,13.9681,9.20215,23.1769,14.0566,11.6301,31.1672,14.0841,14.3598,41.2186,14.0927,17.4376,53.8688,14.0954,20.9137,69.7915,14.0962,24.8432,89.8341,14.0965,29.2879,115.063,14.0966,34.3168,146.819,14.0966,40.0078,186.792,14.0966,46.4487,237.107,14.0966,53.7388,300.44,14.0966,61.9903,380.158,14.0966,71.3301,480.499,14.0966,81.902,606.796,14.0966,93.8685,765.761,14.0966,107.414,965.837,14.0966,122.746,1217.65,14.0966,140.101,1534.57,14.0966,159.745,1933.41,14.0966,181.981,2435.3,14.0966,207.15,3066.85,14.0966,235.64,3861.46,14.0966,267.889,4861.11,14.0966,304.391,6118.54,14.0966,345.709,7699.91,14.0966,392.478,9688.22,14.0966,445.417,12187.5,14.0966,505.339,15327.7,14.0966,573.165,19271.6,14.0966,649.938,24222,14.0966,736.839,30430.9,14.0966,835.202,38211.5,14.0966,946.539,47950.3,14.0966,1072.56,60122.8,14.0966,1215.21,75309.9,14.0966,1376.66,94216.2,14.0966,1559.41,117688,14.0966,1766.26,146729,14.0966,2000.39,182510,14.0966,2265.39,226372,14.0966,2565.33,279806,14.0966,2904.81,344416,14.0966,3289.05,421845,14.0966,3723.93,513667,14.0966,4216.13,621231,14.0966,4773.18,745478,14.0966,5403.64,886744,14.0966,6117.15,1.04457e+06,14.0966,6924.63,1.2176e+06,14.0966,11.7194,11.96,12.6541,13.9321,16.1295,13.6434,16.6097,21.9702,13.9553,19.7532,29.5285,14.0526,23.3844,39.1143,14.0829,27.5423,51.2054,14.0923,32.2796,66.434,14.0953,37.662,85.6061,14.0962,43.7675,109.74,14.0965,50.687,140.119,14.0966,58.5249,178.359,14.0966,67.4005,226.493,14.0966,77.4493,287.08,14.0966,88.8254,363.343,14.0966,101.703,459.336,14.0966,116.281,580.161,14.0966,132.782,732.241,14.0966,151.46,923.655,14.0966,172.603,1164.57,14.0966,196.535,1467.79,14.0966,223.625,1849.39,14.0966,254.288,2329.62,14.0966,288.997,2933.93,14.0966,328.285,3694.33,14.0966,372.755,4651.04,14.0966,423.092,5854.57,14.0966,480.07,7368.38,14.0966,544.564,9272.08,14.0966,617.566,11665.5,14.0966,700.197,14673.6,14.0966,793.729,18452.9,14.0966,899.599,23198.6,14.0966,1019.43,29154.1,14.0966,1155.07,36622.3,14.0966,1308.6,45977.9,14.0966,1482.39,57683.7,14.0966,1679.09,72307.8,14.0966,1901.73,90542.8,14.0966,2153.73,113226,14.0966,2438.97,141360,14.0966,2761.81,176127,14.0966,3127.22,218898,14.0966,3540.81,271226,14.0966,4008.92,334817,14.0966,4538.74,411470,14.0966,5138.38,502973,14.0966,5817.04,610948,14.0966,6585.12,736653,14.0966,7454.39,880741,14.0966,8438.15,1.04302e+06,14.0966,9551.45,1.22224e+06,14.0966,10811.3,1.41602e+06,14.0966,12237,1.62086e+06,14.0966,11.7194,11.96,12.6541,2.21263,4.16949,0.989383,2.67766,5.84076,0.311842,3.14343,7.55825,0.0972771,3.63127,9.58578,0.0303237,4.15787,12.0912,0.00945211,4.73731,15.2286,0.00294633,5.38238,19.1721,0.000918508,6.10553,24.134,0.000286163,6.91951,30.3791,8.92692e-05,7.83792,38.2397,2.78121e-05,8.87555,48.1338,8.65134e-06,10.0489,60.5876,2.7882e-06,11.3761,76.2629,8.29036e-07,12.8779,95.9927,2.4373e-07,14.5775,120.825,4.33068e-09,16.5012,152.08,1.75749e-07,18.6784,191.415,-1.86328e-07,21.1428,240.917,1.91829e-07,23.9322,303.213,-1.81475e-07,27.0895,381.602,7.0186e-08,30.6634,480.231,-2.86769e-08,34.7087,604.316,2.40784e-07,39.2876,760.401,9.87368e-08,44.4705,956.705,1.22263e-07,50.3371,1203.54,-4.31966e-07,56.9776,1513.81,-1.9705e-07,64.494,1903.69,-2.763e-08,73.0018,2393.4,3.9185e-07,82.6317,3008.13,1.35379e-07,93.5318,3779.25,-4.16351e-08,105.869,4745.7,2.06965e-08,119.834,5955.6,-3.18887e-07,135.641,7468.12,-1.48271e-08,153.531,9355.62,2.00739e-07,173.781,11705.8,2.28358e-07,196.701,14624.1,-1.93587e-08,222.642,18235,-2.88101e-07,252.003,22683.4,-2.24732e-07,285.234,28134,8.56806e-09,322.845,34767,2.34258e-07,365.413,42770.9,2.99668e-07,413.588,52327.9,8.28644e-08,468.111,63591.2,-3.07049e-07,529.814,76653.2,-3.1888e-07,599.642,91502.5,-6.72276e-08,678.662,107975,2.26339e-07,768.083,125705,3.69212e-07,869.267,144088,2.04077e-07,983.76,162277,-2.80509e-07,1113.3,179223,-4.22737e-07,1259.87,193777,-1.71951e-07,1425.68,204839,4.55555e-07,11.7194,11.96,12.6541,2.21263,4.16949,0.989383,2.67766,5.84076,0.311842,3.14343,7.55825,0.0972771,3.63127,9.58578,0.0303237,4.15787,12.0912,0.00945211,4.73731,15.2286,0.00294633,5.38238,19.1721,0.000918508,6.10553,24.134,0.000286163,6.91951,30.3791,8.92692e-05,7.83792,38.2397,2.78121e-05,8.87555,48.1338,8.65134e-06,10.0489,60.5876,2.7882e-06,11.3761,76.2629,8.29036e-07,12.8779,95.9927,2.4373e-07,14.5775,120.825,1e-08,16.5012,152.08,1.75749e-07,18.6784,191.415,1e-08,21.1428,240.917,1.91829e-07,23.9322,303.213,1e-08,27.0895,381.602,7.0186e-08,30.6634,480.231,1e-08,34.7087,604.316,2.40784e-07,39.2876,760.401,9.87368e-08,44.4705,956.705,1.22263e-07,50.3371,1203.54,1e-08,56.9776,1513.81,1e-08,64.494,1903.69,1e-08,73.0018,2393.4,3.9185e-07,82.6317,3008.13,1.35379e-07,93.5318,3779.25,1e-08,105.869,4745.7,2.06965e-08,119.834,5955.6,1e-08,135.641,7468.12,1e-08,153.531,9355.62,2.00739e-07,173.781,11705.8,2.28358e-07,196.701,14624.1,1e-08,222.642,18235,1e-08,252.003,22683.4,1e-08,285.234,28134,1e-08,322.845,34767,2.34258e-07,365.413,42770.9,2.99668e-07,413.588,52327.9,8.28644e-08,468.111,63591.2,1e-08,529.814,76653.2,1e-08,599.642,91502.5,1e-08,678.662,107975,2.26339e-07,768.083,125705,3.69212e-07,869.267,144088,2.04077e-07,983.76,162277,1e-08,1113.3,179223,1e-08,1259.87,193777,1e-08,1425.68,204839,4.55555e-07,6.2823,3.27286,2.43537,0.219672,6.18826,2.24117,0.56371,6.87772,2.63624,0.308279,8,12,11,3,5,1,1,3,0,0,10,0,5,5,0,3,8,0,9,24,0,4,3,0,0,49,0,8,39,0,8,35,0,14,70,0,12,84,0,12,79,0,9,64,0,16,35,0,4,333,0,16,126,0,18,195,0,7,349,0,29,565,0,32,477,0,58,663,0,16,451,0,53,746,0,57,1361,0,35,1612,0,106,1304,0,40,3033,0,65,1682,0,136,4916,0,94,7386,0,145,5890,0,141,10257,0,205,8407,0,46,17706,0,216,16181,0,299,13459,0,143,18862,0,181,34492,0,302,33436,0,225,50356,0,427,32102,0,314,91279,0,565,39720,0,525,103375,0,528,108500,0,536,214590,0,899,159521,0,565,242035,0,1079,106180,0,1007,185328,0,1115,145993,0
-1.05176e+08,1,8.88811e-15,10,1023,0,1.05176e+08,0.528882,1.08665,0.389689,0.145397,0.379329,3.24381,0.161596,0.446195,1.77396,0.159177,1.15e+07,4.49998e+06,6.79999e+06,1.15e+07,4.49997e+06,6.79999e+06,1.15e+07,4.49996e+06,6.79999e+06,1.15e+07,4.49995e+06,6.79999e+06,1.14999e+07,4.49993e+06,6.79999e+06,1.14999e+07,4.49991e+06,6.79999e+06,1.14999e+07,4.49989e+06,6.79999e+06,1.14999e+07,4.49986e+06,6.79999e+06,1.14999e+07,4.49982e+06,6.79999e+06,1.14999e+07,4.49977e+06,6.79999e+06,1.14999e+07,4.49971e+06,6.79999e+06,1.14999e+07,4.49963e+06,6.79999e+06,1.14998e+07,4.49953e+06,6.79999e+06,1.14998e+07,4.49941e+06,6.79999e+06,1.14998e+07,4.49926e+06,6.79999e+06,1.14998e+07,4.49906e+06,6.79999e+06,1.14997e+07,4.49882e+06,6.79999e+06,1.14997e+07,4.49851e+06,6.79999e+06,1.14997e+07,4.49812e+06,6.79999e+06,1.14996e+07,4.49764e+06,6.79999e+06,1.14996e+07,4.49702e+06,6.79999e+06,1.14995e+07,4.49625e+06,6.79999e+06,1.14995e+07,4.49528e+06,6.79999e+06,1.14994e+07,4.49406e+06,6.79999e+06,1.14993e+07,4.49253e+06,6.79999e+06,1.14992e+07,4.49059e+06,6.79999e+06,1.14991e+07,4.48817e+06,6.79999e+06,1.1499e+07,4.48511e+06,6.79999e+06,1.14988e+07,4.48128e+06,6.79999e+06,1.14987e+07,4.47646e+06,6.79999e+06,1.14985e+07,4.47041e+06,6.79999e+06,1.14983e+07,4.46281e+06,6.79999e+06,1.14981e+07,4.4533e+06,6.79999e+06,1.14979e+07,4.44138e+06,6.79999e+06,1.14976e+07,4.42649e+06,6.79999e+06,1.14972e+07,4.40789e+06,6.79999e+06,1.14969e+07,4.38471e+06,6.79999e+06,1.14965e+07,4.35592e+06,6.79999e+06,1.1496e+07,4.32027e+06,6.79999e+06,1.14955e+07,4.27629e+06,6.79999e+06,1.14949e+07,4.22231e+06,6.79999e+06,1.14942e+07,4.15647e+06,6.79999e+06,1.14934e+07,4.07676e+06,6.79999e+06,1.14926e+07,3.98112e+06,6.79999e+06,1.14916e+07,3.86765e+06,6.79999e+06,1.14905e+07,3.73474e+06,6.79999e+06,1.14892e+07,3.58148e+06,6.79999e+06,1.14878e+07,3.40785e+06,6.79999e+06,1.14862e+07,3.21513e+06,6.79999e+06,1.14844e+07,3.00605e+06,6.79999e+06,1.14823e+07,2.7848e+06,6.79999e+06,1.148e+07,2.5568e+06,6.79999e+06,1.14773e+07,2.32825e+06,6.79999e+06,13.5742,8.52444,0.508366,16.8306,13.2585,0.162638,20.0035,17.569,0.0507846,23.2616,22.4214,0.0158319,26.7328,28.3297,0.00493498,30.5212,35.6974,0.00153831,34.7178,44.9473,0.000479527,39.4086,56.5822,0.000149456,44.6796,71.2245,4.66214e-05,50.6209,89.6543,1.45419e-05,57.3297,112.852,4.54748e-06,64.9129,142.051,1.43857e-06,73.4897,178.803,4.36618e-07,83.1934,225.062,1.40153e-07,94.1745,283.286,4.96378e-08,106.602,356.568,1.05434e-07,120.669,448.799,-6.49244e-08,136.59,564.873,1.70148e-07,154.611,710.948,-5.34594e-08,175.008,894.767,1.63407e-07,198.097,1126.06,8.04804e-08,224.231,1417.07,1.14667e-07,253.813,1783.15,-1.71227e-07,287.297,2243.62,-2.88466e-07,325.198,2822.67,-4.33651e-07,368.098,3550.67,7.9318e-08,416.657,4465.65,3.13319e-07,471.621,5615.16,3.4613e-07,533.835,7058.61,-1.19199e-07,604.255,8870.02,-2.79964e-07,683.962,11141.4,-2.30521e-07,774.182,13986.7,-2.55099e-07,876.299,17546.4,1.23585e-07,991.883,21993.1,1.41192e-07,1122.71,27536.7,-9.71886e-08,1270.78,34430.7,-3.68368e-07,1438.38,42977.7,-3.45379e-07,1628.07,53532.7,-3.25328e-09,1842.77,66504.6,2.6362e-07,2085.77,82350.2,2.53445e-07,2360.79,101560,-2.47407e-08,2672.05,124632,-3.80602e-07,3024.31,152018,-4.79005e-07,3422.98,184060,-1.14379e-07,3874.15,220884,2.64297e-07,4384.72,262283,3.44131e-07,4962.49,307576,7.5349e-08,5616.29,355497,-3.63097e-07,6356.1,404126,-6.05442e-07,7193.18,450932,-2.72333e-07,8140.28,492963,2.29675e-07,9211.79,527178,4.3387e-07,10424,550893,-1.0711e-07,10.102,8.06553,2.81012,10.6436,8.57909,0.869423,11.5336,10.2515,0.270869,12.7211,12.7138,0.0844293,14.1823,15.9373,0.0263173,15.9122,20.0383,0.0082035,17.9198,25.2154,0.00255722,20.2244,31.7373,0.000797017,22.8539,39.9486,0.000248622,25.8438,50.2851,7.75492e-05,29.237,63.2963,2.42508e-05,33.0837,79.6738,7.67162e-06,37.4415,100.288,2.32837e-06,42.3767,126.236,7.33e-07,47.9646,158.896,2.79256e-07,54.2906,200.003,9.87351e-09,61.452,251.741,1.61085e-07,69.5585,316.859,-2.47141e-07,78.7347,398.812,8.93552e-08,89.1218,501.948,-2.53231e-07,100.879,631.736,-1.25047e-07,114.188,795.049,-1.78808e-07,129.252,1000.53,2.6733e-07,146.304,1259.03,4.50292e-07,165.605,1584.19,6.76904e-07,187.452,1993.12,-1.23808e-07,212.181,2507.27,-4.89068e-07,240.173,3153.54,-5.40284e-07,271.856,3965.56,1.86061e-07,307.719,4985.38,4.37004e-07,348.313,6265.4,3.59828e-07,394.26,7870.83,3.98192e-07,446.268,9882.51,-1.92908e-07,505.135,12400.3,-2.20392e-07,571.766,15546.9,1.51705e-07,647.184,19472.2,5.74996e-07,732.547,24357.4,5.39112e-07,829.167,30420,5.07815e-09,938.526,37916.3,-4.11492e-07,1062.3,47143.9,-3.9561e-07,1202.4,58439.2,3.86185e-08,1360.96,72169.3,5.94093e-07,1540.42,88715.8,7.47693e-07,1743.53,108445,1.78537e-07,1973.41,131665,-4.12549e-07,2233.57,158557,-5.37164e-07,2528,189103,-1.17615e-07,2861.2,222986,5.66769e-07,3238.27,259510,9.45053e-07,3664.97,297540,4.25093e-07,4147.81,335497,-3.58506e-07,4694.17,371444,-6.7724e-07,5312.37,403256,1.67192e-07,1.61744,3.89446,9.84394,3.28846,7.5504,12.774,5.07607,11.7187,13.6844,7.03202,16.8147,13.9681,9.20215,23.1769,14.0566,11.6301,31.1672,14.0841,14.3598,41.2186,14.0927,17.4376,53.8688,14.0954,20.9137,69.7915,14.0962,24.8432,89.8341,14.0965,29.2879,115.063,14.0966,34.3168,146.819,14.0966,40.0078,186.792,14.0966,46.4487,237.107,14.0966,53.7388,300.44,14.0966,61.9903,380.158,14.0966,71.3301,480.499,14.0966,81.902,606.796,14.0966,93.8685,765.761,14.0966,107.414,965.837,14.0966,122.746,1217.65,14.0966,140.101,1534.57,14.0966,159.745,1933.41,14.0966,181.981,2435.3,14.0966,207.15,3066.85,14.0966,235.64,3861.46,14.0966,267.889,4861.11,14.0966,304.391,6118.54,14.0966,345.709,7699.91,14.0966,392.478,9688.22,14.0966,445.417,12187.5,14.0966,505.339,15327.7,14.0966,573.165,19271.6,14.0966,649.938,24222,14.0966,736.839,30430.9,14.0966,835.202,38211.5,14.0966,946.539,47950.3,14.0966,1072.56,60122.8,14.0966,1215.21,75309.9,14.0966,1376.66,94216.2,14.0966,1559.41,117688,14.0966,1766.26,146729,14.0966,2000.39,182510,14.0966,2265.39,226372,14.0966,2565.33,279806,14.0966,2904.81,344416,14.0966,3289.05,421845,14.0966,3723.93,513667,14.0966,4216.13,621231,14.0966,4773.18,745478,14.0966,5403.64,886744,14.0966,6117.15,1.04457e+06,14.0966,6924.63,1.2176e+06,14.0966,11.7194,11.96,12.6541,13.9321,16.1295,13.6434,16.6097,21.9702,13.9553,19.7532,29.5285,14.0526,23.3844,39.1143,14.0829,27.5423,51.2054,14.0923,32.2796,66.434,14.0953,37.662,85.6061,14.0962,43.7675,109.74,14.0965,50.687,140.119,14.0966,58.5249,178.359,14.0966,67.4005,226.493,14.0966,77.4493,287.08,14.0966,88.8254,363.343,14.0966,101.703,459.336,14.0966,116.281,580.161,14.0966,132.782,732.241,14.0966,151.46,923.655,14.0966,172.603,1164.57,14.0966,196.535,1467.79,14.0966,223.625,1849.39,14.0966,254.288,2329.62,14.0966,288.997,2933.93,14.0966,328.285,3694.33,14.0966,372.755,4651.04,14.0966,423.092,5854.57,14.0966,480.07,7368.38,14.0966,544.564,9272.08,14.0966,617.566,11665.5,14.0966,700.197,14673.6,14.0966,793.729,18452.9,14.0966,899.599,23198.6,14.0966,1019.43,29154.1,14.0966,1155.07,36622.3,14.0966,1308.6,45977.9,14.0966,1482.39,57683.7,14.0966,1679.09,72307.8,14.0966,1901.73,90542.8,14.0966,2153.73,113226,14.0966,2438.97,141360,14.0966,2761.81,176127,14.0966,3127.22,218898,14.0966,3540.81,271226,14.0966,4008.92,334817,14.0966,4538.74,411470,14.0966,5138.38,502973,14.0966,5817.04,610948,14.0966,6585.12,736653,14.0966,7454.39,880741,14.0966,8438.15,1.04302e+06,14.0966,9551.45,1.22224e+06,14.0966,10811.3,1.41602e+06,14.0966,12237,1.62086e+06,14.0966,11.7194,11.96,12.6541,2.21263,4.16949,0.989383,2.67766,5.84076,0.311842,3.14343,7.55825,0.0972771,3.63127,9.58578,0.0303237,4.15787,12.0912,0.00945211,4.73731,15.2286,0.00294633,5.38238,19.1721,0.000918508,6.10553,24.134,0.000286163,6.91951,30.3791,8.92692e-05,7.83792,38.2397,2.78121e-05,8.87555,48.1338,8.65134e-06,10.0489,60.5876,2.7882e-06,11.3761,76.2629,8.29036e-07,12.8779,95.9927,2.4373e-07,14.5775,120.825,4.33068e-09,16.5012,152.08,1.75749e-07,18.6784,191.415,-1.86328e-07,21.1428,240.917,1.91829e-07,23.9322,303.213,-1.81475e-07,27.0895,381.602,7.0186e-08,30.6634,480.231,-2.86769e-08,34.7087,604.316,2.40784e-07,39.2876,760.401,9.87368e-08,44.4705,956.705,1.22263e-07,50.3371,1203.54,-4.31966e-07,56.9776,1513.81,-1.9705e-07,64.494,1903.69,-2.763e-08,73.0018,2393.4,3.9185e-07,82.6317,3008.13,1.35379e-07,93.5318,3779.25,-4.16351e-08,105.869,4745.7,2.06965e-08,119.834,5955.6,-3.18887e-07,135.641,7468.12,-1.48271e-08,153.531,9355.62,2.00739e-07,173.781,11705.8,2.28358e-07,196.701,14624.1,-1.93587e-08,222.642,18235,-2.88101e-07,252.003,22683.4,-2.24732e-07,285.234,28134,8.56806e-09,322.845,34767,2.34258e-07,365.413,42770.9,2.99668e-07,413.588,52327.9,8.28644e-08,468.111,63591.2,-3.07049e-07,529.814,76653.2,-3.1888e-07,599.642,91502.5,-6.72276e-08,678.662,107975,2.26339e-07,768.083,125705,3.69212e-07,869.267,144088,2.04077e-07,983.76,162277,-2.80509e-07,1113.3,179223,-4.22737e-07,1259.87,193777,-1.71951e-07,1425.68,204839,4.55555e-07,11.7194,11.96,12.6541,2.21263,4.16949,0.989383,2.67766,5.84076,0.311842,3.14343,7.55825,0.0972771,3.63127,9.58578,0.0303237,4.15787,12.0912,0.00945211,4.73731,15.2286,0.00294633,5.38238,19.1721,0.000918508,6.10553,24.134,0.000286163,6.91951,30.3791,8.92692e-05,7.83792,38.2397,2.78121e-05,8.87555,48.1338,8.65134e-06,10.0489,60.5876,2.7882e-06,11.3761,76.2629,8.29036e-07,12.8779,95.9927,2.4373e-07,14.5775,120.825,1e-08,16.5012,152.08,1.75749e-07,18.6784,191.415,1e-08,21.1428,240.917,1.91829e-07,23.9322,303.213,1e-08,27.0895,381.602,7.0186e-08,30.6634,480.231,1e-08,34.7087,604.316,2.40784e-07,39.2876,760.401,9.87368e-08,44.4705,956.705,1.22263e-07,50.3371,1203.54,1e-08,56.9776,1513.81,1e-08,64.494,1903.69,1e-08,73.0018,2393.4,3.9185e-07,82.6317,3008.13,1.35379e-07,93.5318,3779.25,1e-08,105.869,4745.7,2.06965e-08,119.834,5955.6,1e-08,135.641,7468.12,1e-08,153.531,9355.62,2.00739e-07,173.781,11705.8,2.28358e-07,196.701,14624.1,1e-08,222.642,18235,1e-08,252.003,22683.4,1e-08,285.234,28134,1e-08,322.845,34767,2.34258e-07,365.413,42770.9,2.99668e-07,413.588,52327.9,8.28644e-08,468.111,63591.2,1e-08,529.814,76653.2,1e-08,599.642,91502.5,1e-08,678.662,107975,2.26339e-07,768.083,125705,3.69212e-07,869.267,144088,2.04077e-07,983.76,162277,1e-08,1113.3,179223,1e-08,1259.87,193777,1e-08,1425.68,204839,4.55555e-07,6.2823,3.27286,2.43537,0.219672,6.18826,2.24117,0.56371,6.87772,2.63624,0.308279,9,16,19,2,6,2,1,2,0,3,9,0,3,12,0,5,6,0,8,23,0,5,19,0,3,30,0,2,24,0,2,20,0,6,43,0,9,73,0,12,32,0,2,81,0,12,113,0,21,163,0,31,115,0,20,136,0,20,150,0,35,355,0,29,290,0,25,557,0,48,913,0,58,816,0,36,1308,0,30,1049,0,91,1840,0,110,2534,0,13,1950,0,71,3877,0,117,9992,0,87,3207,0,81,9304,0,174,9223,0,214,7681,0,125,18242,0,275,23775,0,391,32866,0,198,11492,0,167,24677,0,322,50239,0,225,84746,0,840,48478,0,285,149922,0,604,56751,0,1211,64332,0,385,76950,0,839,243922,0,1509,213442,0,833,194723,0,1486,325511,0,1201,202855,0
-1.05176e+08,1,8.88811e-15,10,1023,0,1.05176e+08,0.528882,1.08665,0.389689,0.145397,0.379329,3.24381,0.161596,0.446195,1.77396,0.159177,1.15e+07,4.49998e+06,6.79999e+06,1.15e+07,4.49997e+06,6.79999e+06,1.15e+07,4.49996e+06,6.79999e+06,1.15e+07,4.49995e+06,6.79999e+06,1.14999e+07,4.49993e+06,6.79999e+06,1.14999e+07,4.49991e+06,6.79999e+06,1.14999e+07,4.49989e+06,6.79999e+06,1.14999e+07,4.49986e+06,6.79999e+06,1.14999e+07,4.49982e+06,6.79999e+06,1.14999e+07,4.49977e+06,6.79999e+06,1.14999e+07,4.49971e+06,6.79999e+06,1.14999e+07,4.49963e+06,6.79999e+06,1.14998e+07,4.49953e+06,6.79999e+06,1.14998e+07,4.49941e+06,6.79999e+06,1.14998e+07,4.49926e+06,6.79999e+06,1.14998e+07,4.49906e+06,6.79999e+06,1.14997e+07,4.49882e+06,6.79999e+06,1.14997e+07,4.49851e+06,6.79999e+06,1.14997e+07,4.49812e+06,6.79999e+06,1.14996e+07,4.49764e+06,6.79999e+06,1.14996e+07,4.49702e+06,6.79999e+06,1.14995e+07,4.49625e+06,6.79999e+06,1.14995e+07,4.49528e+06,6.79999e+06,1.14994e+07,4.49406e+06,6.79999e+06,1.14993e+07,4.49253e+06,6.79999e+06,1.14992e+07,4.49059e+06,6.79999e+06,1.14991e+07,4.48817e+06,6.79999e+06,1.1499e+07,4.48511e+06,6.79999e+06,1.14988e+07,4.48128e+06,6.79999e+06,1.14987e+07,4.47646e+06,6.79999e+06,1.14985e+07,4.47041e+06,6.79999e+06,1.14983e+07,4.46281e+06,6.79999e+06,1.14981e+07,4.4533e+06,6.79999e+06,1.14979e+07,4.44138e+06,6.79999e+06,1.14976e+07,4.42649e+06,6.79999e+06,1.14972e+07,4.40789e+06,6.79999e+06,1.14969e+07,4.38471e+06,6.79999e+06,1.14965e+07,4.35592e+06,6.79999e+06,1.1496e+07,4.32027e+06,6.79999e+06,1.14955e+07,4.27629e+06,6.79999e+06,1.14949e+07,4.22231e+06,6.79999e+06,1.14942e+07,4.15647e+06,6.79999e+06,1.14934e+07,4.07676e+06,6.79999e+06,1.14926e+07,3.98112e+06,6.79999e+06,1.14916e+07,3.86765e+06,6.79999e+06,1.14905e+07,3.73474e+06,6.79999e+06,1.14892e+07,3.58148e+06,6.79999e+06,1.14878e+07,3.40785e+06,6.79999e+06,1.14862e+07,3.21513e+06,6.79999e+06,1.14844e+07,3.00605e+06,6.79999e+06,1.14823e+07,2.7848e+06,6.79999e+06,1.148e+07,2.5568e+06,6.79999e+06,1.14773e+07,2.32825e+06,6.79999e+06,13.5742,8.52444,0.508366,16.8306,13.2585,0.162638,20.0035,17.569,0.0507846,23.2616,22.4214,0.0158319,26.7328,28.3297,0.00493498,30.5212,35.6974,0.00153831,34.7178,44.9473,0.000479527,39.4086,56.5822,0.000149456,44.6796,71.2245,4.66214e-05,50.6209,89.6543,1.45419e-05,57.3297,112.852,4.54748e-06,64.9129,142.051,1.43857e-06,73.4897,178.803,4.36618e-07,83.1934,225.062,1.40153e-07,94.1745,283.286,4.96378e-08,106.602,356.568,1.05434e-07,120.669,448.799,-6.49244e-08,136.59,564.873,1.70148e-07,154.611,710.948,-5.34594e-08,175.008,894.767,1.63407e-07,198.097,1126.06,8.04804e-08,224.231,1417.07,1.14667e-07,253.813,1783.15,-1.71227e-07,287.297,2243.62,-2.88466e-07,325.198,2822.67,-4.33651e-07,368.098,3550.67,7.9318e-08,416.657,4465.65,3.13319e-07,471.621,5615.16,3.4613e-07,533.835,7058.61,-1.19199e-07,604.255,8870.02,-2.79964e-07,683.962,11141.4,-2.30521e-07,774.182,13986.7,-2.55099e-07,876.299,17546.4,1.23585e-07,991.883,21993.1,1.41192e-07,1122.71,27536.7,-9.71886e-08,1270.78,34430.7,-3.68368e-07,1438.38,42977.7,-3.45379e-07,1628.07,53532.7,-3.25328e-09,1842.77,66504.6,2.6362e-07,2085.77,82350.2,2.53445e-07,2360.79,101560,-2.47407e-08,2672.05,124632,-3.80602e-07,3024.31,152018,-4.79005e-07,3422.98,184060,-1.14379e-07,3874.15,220884,2.64297e-07,4384.72,262283,3.44131e-07,4962.49,307576,7.5349e-08,5616.29,355497,-3.63097e-07,6356.1,404126,-6.05442e-07,7193.18,450932,-2.72333e-07,8140.28,492963,2.29675e-07,9211.79,527178,4.3387e-07,10424,550893,-1.0711e-07,10.102,8.06553,2.81012,10.6436,8.57909,0.869423,11.5336,10.2515,0.270869,12.7211,12.7138,0.0844293,14.1823,15.9373,0.0263173,15.9122,20.0383,0.0082035,17.9198,25.2154,0.00255722,20.2244,31.7373,0.000797017,22.8539,39.9486,0.000248622,25.8438,50.2851,7.75492e-05,29.237,63.2963,2.42508e-05,33.0837,79.6738,7.67162e-06,37.4415,100.288,2.32837e-06,42.3767,126.236,7.33e-07,47.9646,158.896,2.79256e-07,54.2906,200.003,9.87351e-09,61.452,251.741,1.61085e-07,69.5585,316.859,-2.47141e-07,78.7347,398.812,8.93552e-08,89.1218,501.948,-2.53231e-07,100.879,631.736,-1.25047e-07,114.188,795.049,-1.78808e-07,129.252,1000.53,2.6733e-07,146.304,1259.03,4.50292e-07,165.605,1584.19,6.76904e-07,187.452,1993.12,-1.23808e-07,212.181,2507.27,-4.89068e-07,240.173,3153.54,-5.40284e-07,271.856,3965.56,1.86061e-07,307.719,4985.38,4.37004e-07,348.313,6265.4,3.59828e-07,394.26,7870.83,3.98192e-07,446.268,9882.51,-1.92908e-07,505.135,12400.3,-2.20392e-07,571.766,15546.9,1.51705e-07,647.184,19472.2,5.74996e-07,732.547,24357.4,5.39112e-07,829.167,30420,5.07815e-09,938.526,37916.3,-4.11492e-07,1062.3,47143.9,-3.9561e-07,1202.4,58439.2,3.86185e-08,1360.96,72169.3,5.94093e-07,1540.42,88715.8,7.47693e-07,1743.53,108445,1.78537e-07,1973.41,131665,-4.12549e-07,2233.57,158557,-5.37164e-07,2528,189103,-1.17615e-07,2861.2,222986,5.66769e-07,3238.27,259510,9.45053e-07,3664.97,297540,4.25093e-07,4147.81,335497,-3.58506e-07,4694.17,371444,-6.7724e-07,5312.37,403256,1.67192e-07,1.61744,3.89446,9.84394,3.28846,7.5504,12.774,5.07607,11.7187,13.6844,7.03202,16.8147,13.9681,9.20215,23.1769,14.0566,11.6301,31.1672,14.0841,14.3598,41.2186,14.0927,17.4376,53.8688,14.0954,20.9137,69.7915,14.0962,24.8432,89.8341,14.0965,29.2879,115.063,14.0966,34.3168,146.819,14.0966,40.0078,186.792,14.0966,46.4487,237.107,14.0966,53.7388,300.44,14.0966,61.9903,380.158,14.0966,71.3301,480.499,14.0966,81.902,606.796,14.0966,93.8685,765.761,14.0966,107.414,965.837,14.0966,122.746,1217.65,14.0966,140.101,1534.57,14.0966,159.745,1933.41,14.0966,181.981,2435.3,14.0966,207.15,3066.85,14.0966,235.64,3861.46,14.0966,267.889,4861.11,14.0966,304.391,6118.54,14.0966,345.709,7699.91,14.0966,392.478,9688.22,14.0966,445.417,12187.5,14.0966,505.339,15327.7,14.0966,573.165,19271.6,14.0966,649.938,24222,14.0966,736.839,30430.9,14.0966,835.202,38211.5,14.0966,946.539,47950.3,14.0966,1072.56,60122.8,14.0966,1215.21,75309.9,14.0966,1376.66,94216.2,14.0966,1559.41,117688,14.0966,1766.26,146729,14.0966,2000.39,182510,14.0966,2265.39,226372,14.0966,2565.33,279806,14.0966,2904.81,344416,14.0966,3289.05,421845,14.0966,3723.93,513667,14.0966,4216.13,621231,14.0966,4773.18,745478,14.0966,5403.64,886744,14.0966,6117.15,1.04457e+06,14.0966,6924.63,1.2176e+06,14.0966,11.7194,11.96,12.6541,13.9321,16.1295,13.6434,16.6097,21.9702,13.9553,19.7532,29.5285,14.0526,23.3844,39.1143,14.0829,27.5423,51.2054,14.0923,32.2796,66.434,14.0953,37.662,85.6061,14.0962,43.7675,109.74,14.0965,50.687,140.119,14.0966,58.5249,178.359,14.0966,67.4005,226.493,14.0966,77.4493,287.08,14.0966,88.8254,363.343,14.0966,101.703,459.336,14.0966,116.281,580.161,14.0966,132.782,732.241,14.0966,151.46,923.655,14.0966,172.603,1164.57,14.0966,196.535,1467.79,14.0966,223.625,1849.39,14.0966,254.288,2329.62,14.0966,288.997,2933.93,14.0966,328.285,3694.33,14.0966,372.755,4651.04,14.0966,423.092,5854.57,14.0966,480.07,7368.38,14.0966,544.564,9272.08,14.0966,617.566,11665.5,14.0966,700.197,14673.6,14.0966,793.729,18452.9,14.0966,899.599,23198.6,14.0966,1019.43,29154.1,14.0966,1155.07,36622.3,14.0966,1308.6,45977.9,14.0966,1482.39,57683.7,14.0966,1679.09,72307.8,14.0966,1901.73,90542.8,14.0966,2153.73,113226,14.0966,2438.97,141360,14.0966,2761.81,176127,14.0966,3127.22,218898,14.0966,3540.81,271226,14.0966,4008.92,334817,14.0966,4538.74,411470,14.0966,5138.38,502973,14.0966,5817.04,610948,14.0966,6585.12,736653,14.0966,7454.39,880741,14.0966,8438.15,1.04302e+06,14.0966,9551.45,1.22224e+06,14.0966,10811.3,1.41602e+06,14.0966,12237,1.62086e+06,14.0966,11.7194,11.96,12.6541,2.21263,4.16949,0.989383,2.67766,5.84076,0.311842,3.14343,7.55825,0.0972771,3.63127,9.58578,0.0303237,4.15787,12.0912,0.00945211,4.73731,15.2286,0.00294633,5.38238,19.1721,0.000918508,6.10553,24.134,0.000286163,6.91951,30.3791,8.92692e-05,7.83792,38.2397,2.78121e-05,8.87555,48.1338,8.65134e-06,10.0489,60.5876,2.7882e-06,11.3761,76.2629,8.29036e-07,12.8779,95.9927,2.4373e-07,14.5775,120.825,4.33068e-09,16.5012,152.08,1.75749e-07,18.6784,191.415,-1.86328e-07,21.1428,240.917,1.91829e-07,23.9322,303.213,-1.81475e-07,27.0895,381.602,7.0186e-08,30.6634,480.231,-2.86769e-08,34.7087,604.316,2.40784e-07,39.2876,760.401,9.87368e-08,44.4705,956.705,1.22263e-07,50.3371,1203.54,-4.31966e-07,56.9776,1513.81,-1.9705e-07,64.494,1903.69,-2.763e-08,73.0018,2393.4,3.9185e-07,82.6317,3008.13,1.35379e-07,93.5318,3779.25,-4.16351e-08,105.869,4745.7,2.06965e-08,119.834,5955.6,-3.18887e-07,135.641,7468.12,-1.48271e-08,153.531,9355.62,2.00739e-07,173.781,11705.8,2.28358e-07,196.701,14624.1,-1.93587e-08,222.642,18235,-2.88101e-07,252.003,22683.4,-2.24732e-07,285.234,28134,8.56806e-09,322.845,34767,2.34258e-07,365.413,42770.9,2.99668e-07,413.588,52327.9,8.28644e-08,468.111,63591.2,-3.07049e-07,529.814,76653.2,-3.1888e-07,599.642,91502.5,-6.72276e-08,678.662,107975,2.26339e-07,768.083,125705,3.69212e-07,869.267,144088,2.04077e-07,983.76,162277,-2.80509e-07,1113.3,179223,-4.22737e-07,1259.87,193777,-1.71951e-07,1425.68,204839,4.55555e-07,11.7194,11.96,12.6541,2.21263,4.16949,0.989383,2.67766,5.84076,0.311842,3.14343,7.55825,0.0972771,3.63127,9.58578,0.0303237,4.15787,12.0912,0.00945211,4.73731,15.2286,0.00294633,5.38238,19.1721,0.000918508,6.10553,24.134,0.000286163,6.91951,30.3791,8.92692e-05,7.83792,38.2397,2.78121e-05,8.87555,48.1338,8.65134e-06,10.0489,60.5876,2.7882e-06,11.3761,76.2629,8.29036e-07,12.8779,95.9927,2.4373e-07,14.5775,120.825,1e-08,16.5012,152.08,1.75749e-07,18.6784,191.415,1e-08,21.1428,240.917,1.91829e-07,23.9322,303.213,1e-08,27.0895,381.602,7.0186e-08,30.6634,480.231,1e-08,34.7087,604.316,2.40784e-07,39.2876,760.401,9.87368e-08,44.4705,956.705,1.22263e-07,50.3371,1203.54,1e-08,56.9776,1513.81,1e-08,64.494,1903.69,1e-08,73.0018,2393.4,3.9185e-07,82.6317,3008.13,1.35379e-07,93.5318,3779.25,1e-08,105.869,4745.7,2.06965e-08,119.834,5955.6,1e-08,135.641,7468.12,1e-08,153.531,9355.62,2.00739e-07,173.781,11705.8,2.28358e-07,196.701,14624.1,1e-08,222.642,18235,1e-08,252.003,22683.4,1e-08,285.234,28134,1e-08,322.845,34767,2.34258e-07,365.413,42770.9,2.99668e-07,413.588,52327.9,8.28644e-08,468.111,63591.2,1e-08,529.814,76653.2,1e-08,599.642,91502.5,1e-08,678.662,107975,2.26339e-07,768.083,125705,3.69212e-07,869.267,144088,2.04077e-07,983.76,162277,1e-08,1113.3,179223,1e-08,1259.87,193777,1e-08,1425.68,204839,4.55555e-07,6.2823,3.27286,2.43537,0.219672,6.18826,2.24117,0.56371,6.87772,2.63624,0.308279,12,9,6,2,2,0,2,10,1,5,4,0,7,4,0,3,20,0,1,20,0,3,9,0,4,26,0,8,7,0,3,43,0,5,56,0,17,107,0,2,73,0,24,122,0,8,119,0,36,166,0,25,137,0,25,240,0,30,604,0,27,235,0,56,739,0,31,544,0,25,864,0,49,599,0,74,922,0,82,963,0,36,1210,0,60,1380,0,68,2518,0,65,4782,0,79,1894,0,134,14070,0,96,16582,0,125,9678,0,178,8099,0,152,3020,0,153,26997,0,73,20687,0,246,21820,0,275,41201,0,396,33084,0,431,41212,0,666,84334,0,335,98414,0,684,37726,0,777,184470,0,938,174256,0,1364,101680,0,628,241659,0,563,296829,0,1533,154622,0,691,213128,0
-1.05176e+08,1,8.88811e-15,10,1023,0,1.05176e+08,0.528882,1.08665,0.389689,0.145397,0.379329,3.24381,0.161596,0.446195,1.77396,0.159177,1.15e+07,4.49998e+06,6.79999e+06,1.15e+07,4.49997e+06,6.79999e+06,1.15e+07,4.49996e+06,6.79999e+06,1.15e+07,4.49995e+06,6.79999e+06,1.14999e+07,4.49993e+06,6.79999e+06,1.14999e+07,4.49991e+06,6.79999e+06,1.14999e+07,4.49989e+06,6.79999e+06,1.14999e+07,4.49986e+06,6.79999e+06,1.14999e+07,4.49982e+06,6.79999e+06,1.14999e+07,4.49977e+06,6.79999e+06,1.14999e+07,4.49971e+06,6.79999e+06,1.14999e+07,4.49963e+06,6.79999e+06,1.14998e+07,4.49953e+06,6.79999e+06,1.14998e+07,4.49941e+06,6.79999e+06,1.14998e+07,4.49926e+06,6.79999e+06,1.14998e+07,4.49906e+06,6.79999e+06,1.14997e+07,4.49882e+06,6.79999e+06,1.14997e+07,4.49851e+06,6.79999e+06,1.14997e+07,4.49812e+06,6.79999e+06,1.14996e+07,4.49764e+06,6.79999e+06,1.14996e+07,4.49702e+06,6.79999e+06,1.14995e+07,4.49625e+06,6.79999e+06,1.14995e+07,4.49528e+06,6.79999e+06,1.14994e+07,4.49406e+06,6.79999e+06,1.14993e+07,4.49253e+06,6.79999e+06,1.14992e+07,4.49059e+06,6.79999e+06,1.14991e+07,4.48817e+06,6.79999e+06,1.1499e+07,4.48511e+06,6.79999e+06,1.14988e+07,4.48128e+06,6.79999e+06,1.14987e+07,4.47646e+06,6.79999e+06,1.14985e+07,4.47041e+06,6.79999e+06,1.14983e+07,4.46281e+06,6.79999e+06,1.14981e+07,4.4533e+06,6.79999e+06,1.14979e+07,4.44138e+06,6.79999e+06,1.14976e+07,4.42649e+06,6.79999e+06,1.14972e+07,4.40789e+06,6.79999e+06,1.14969e+07,4.38471e+06,6.79999e+06,1.14965e+07,4.35592e+06,6.79999e+06,1.1496e+07,4.32027e+06,6.79999e+06,1.14955e+07,4.27629e+06,6.79999e+06,1.14949e+07,4.22231e+06,6.79999e+06,1.14942e+07,4.15647e+06,6.79999e+06,1.14934e+07,4.07676e+06,6.79999e+06,1.14926e+07,3.98112e+06,6.79999e+06,1.14916e+07,3.86765e+06,6.79999e+06,1.14905e+07,3.73474e+06,6.79999e+06,1.14892e+07,3.58148e+06,6.79999e+06,1.14878e+07,3.40785e+06,6.79999e+06,1.14862e+07,3.21513e+06,6.79999e+06,1.14844e+07,3.00605e+06,6.79999e+06,1.14823e+07,2.7848e+06,6.79999e+06,1.148e+07,2.5568e+06,6.79999e+06,1.14773e+07,2.32825e+06,6.79999e+06,13.5742,8.52444,0.508366,16.8306,13.2585,0.162638,20.0035,17.569,0.0507846,23.2616,22.4214,0.0158319,26.7328,28.3297,0.00493498,30.5212,35.6974,0.00153831,34.7178,44.9473,0.000479527,39.4086,56.5822,0.000149456,44.6796,71.2245,4.66214e-05,50.6209,89.6543,1.45419e-05,57.3297,112.852,4.54748e-06,64.9129,142.051,1.43857e-06,73.4897,178.803,4.36618e-07,83.1934,225.062,1.40153e-07,94.1745,283.286,4.96378e-08,106.602,356.568,1.05434e-07,120.669,448.799,-6.49244e-08,136.59,564.873,1.70148e-07,154.611,710.948,-5.34594e-08,175.008,894.767,1.63407e-07,198.097,1126.06,8.04804e-08,224.231,1417.07,1.14667e-07,253.813,1783.15,-1.71227e-07,287.297,2243.62,-2.88466e-07,325.198,2822.67,-4.33651e-07,368.098,3550.67,7.9318e-08,416.657,4465.65,3.13319e-07,471.621,5615.16,3.4613e-07,533.835,7058.61,-1.19199e-07,604.255,8870.02,-2.79964e-07,683.962,11141.4,-2.30521e-07,774.182,13986.7,-2.55099e-07,876.299,17546.4,1.23585e-07,991.883,21993.1,1.41192e-07,1122.71,27536.7,-9.71886e-08,1270.78,34430.7,-3.68368e-07,1438.38,42977.7,-3.45379e-07,1628.07,53532.7,-3.25328e-09,1842.77,66504.6,2.6362e-07,2085.77,82350.2,2.53445e-07,2360.79,101560,-2.47407e-08,2672.05,124632,-3.80602e-07,3024.31,152018,-4.79005e-07,3422.98,184060,-1.14379e-07,3874.15,220884,2.64297e-07,4384.72,262283,3.44131e-07,4962.49,307576,7.5349e-08,5616.29,355497,-3.63097e-07,6356.1,404126,-6.05442e-07,7193.18,450932,-2.72333e-07,8140.28,492963,2.29675e-07,9211.79,527178,4.3387e-07,10424,550893,-1.0711e-07,10.102,8.06553,2.81012,10.6436,8.57909,0.869423,11.5336,10.2515,0.270869,12.7211,12.7138,0.0844293,14.1823,15.9373,0.0263173,15.9122,20.0383,0.0082035,17.9198,25.2154,0.00255722,20.2244,31.7373,0.000797017,22.8539,39.9486,0.000248622,25.8438,50.2851,7.75492e-05,29.237,63.2963,2.42508e-05,33.0837,79.6738,7.67162e-06,37.4415,100.288,2.32837e-06,42.3767,126.236,7.33e-07,47.9646,158.896,2.79256e-07,54.2906,200.003,9.87351e-09,61.452,251.741,1.61085e-07,69.5585,316.859,-2.47141e-07,78.7347,398.812,8.93552e-08,89.1218,501.948,-2.53231e-07,100.879,631.736,-1.25047e-07,114.188,795.049,-1.78808e-07,129.252,1000.53,2.6733e-07,146.304,1259.03,4.50292e-07,165.605,1584.19,6.76904e-07,187.452,1993.12,-1.23808e-07,212.181,2507.27,-4.89068e-07,240.173,3153.54,-5.40284e-07,271.856,3965.56,1.86061e-07,307.719,4985.38,4.37004e-07,348.313,6265.4,3.59828e-07,394.26,7870.83,3.98192e-07,446.268,9882.51,-1.92908e-07,505.135,12400.3,-2.20392e-07,571.766,15546.9,1.51705e-07,647.184,19472.2,5.74996e-07,732.547,24357.4,5.39112e-07,829.167,30420,5.07815e-09,938.526,37916.3,-4.11492e-07,1062.3,47143.9,-3.9561e-07,1202.4,58439.2,3.86185e-08,1360.96,72169.3,5.94093e-07,1540.42,88715.8,7.47693e-07,1743.53,108445,1.78537e-07,1973.41,131665,-4.12549e-07,2233.57,158557,-5.37164e-07,2528,189103,-1.17615e-07,2861.2,222986,5.66769e-07,3238.27,259510,9.45053e-07,3664.97,297540,4.25093e-07,4147.81,335497,-3.58506e-07,4694.17,371444,-6.7724e-07,5312.37,403256,1.67192e-07,1.61744,3.89446,9.84394,3.28846,7.5504,12.774,5.07607,11.7187,13.6844,7.03202,16.8147,13.9681,9.20215,23.1769,14.0566,11.6301,31.1672,14.0841,14.3598,41.2186,14.0927,17.4376,53.8688,14.0954,20.9137,69.7915,14.0962,24.8432,89.8341,14.0965,29.2879,115.063,14.0966,34.3168,146.819,14.0966,40.0078,186.792,14.0966,46.4487,237.107,14.0966,53.7388,300.44,14.0966,61.9903,380.158,14.0966,71.3301,480.499,14.0966,81.902,606.796,14.0966,93.8685,765.761,14.0966,107.414,965.837,14.0966,122.746,1217.65,14.0966,140.101,1534.57,14.0966,159.745,1933.41,14.0966,181.981,2435.3,14.0966,207.15,3066.85,14.0966,235.64,3861.46,14.0966,267.889,4861.11,14.0966,304.391,6118.54,14.0966,345.709,7699.91,14.0966,392.478,9688.22,14.0966,445.417,12187.5,14.0966,505.339,15327.7,14.0966,573.165,19271.6,14.0966,649.938,24222,14.0966,736.839,30430.9,14.0966,835.202,38211.5,14.0966,946.539,47950.3,14.0966,1072.56,60122.8,14.0966,1215.21,75309.9,14.0966,1376.66,94216.2,14.0966,1559.41,117688,14.0966,1766.26,146729,14.0966,2000.39,182510,14.0966,2265.39,226372,14.0966,2565.33,279806,14.0966,2904.81,344416,14.0966,3289.05,421845,14.0966,3723.93,513667,14.0966,4216.13,621231,14.0966,4773.18,745478,14.0966,5403.64,886744,14.0966,6117.15,1.04457e+06,14.0966,6924.63,1.2176e+06,14.0966,11.7194,11.96,12.6541,13.9321,16.1295,13.6434,16.6097,21.9702,13.9553,19.7532,29.5285,14.0526,23.3844,39.1143,14.0829,27.5423,51.2054,14.0923,32.2796,66.434,14.0953,37.662,85.6061,14.0962,43.7675,109.74,14.0965,50.687,140.119,14.0966,58.5249,178.359,14.0966,67.4005,226.493,14.0966,77.4493,287.08,14.0966,88.8254,363.343,14.0966,101.703,459.336,14.0966,116.281,580.161,14.0966,132.782,732.241,14.0966,151.46,923.655,14.0966,172.603,1164.57,14.0966,196.535,1467.79,14.0966,223.625,1849.39,14.0966,254.288,2329.62,14.0966,288.997,2933.93,14.0966,328.285,3694.33,14.0966,372.755,4651.04,14.0966,423.092,5854.57,14.0966,480.07,7368.38,14.0966,544.564,9272.08,14.0966,617.566,11665.5,14.0966,700.197,14673.6,14.0966,793.729,18452.9,14.0966,899.599,23198.6,14.0966,1019.43,29154.1,14.0966,1155.07,36622.3,14.0966,1308.6,45977.9,14.0966,1482.39,57683.7,14.0966,1679.09,72307.8,14.0966,1901.73,90542.8,14.0966,2153.73,113226,14.0966,2438.97,141360,14.0966,2761.81,176127,14.0966,3127.22,218898,14.0966,3540.81,271226,14.0966,4008.92,334817,14.0966,4538.74,411470,14.0966,5138.38,502973,14.0966,5817.04,610948,14.0966,6585.12,736653,14.0966,7454.39,880741,14.0966,8438.15,1.04302e+06,14.0966,9551.45,1.22224e+06,14.0966,10811.3,1.41602e+06,14.0966,12237,1.62086e+06,14.0966,11.7194,11.96,12.6541,2.21263,4.16949,0.989383,2.67766,5.84076,0.311842,3.14343,7.55825,0.0972771,3.63127,9.58578,0.0303237,4.15787,12.0912,0.00945211,4.73731,15.2286,0.00294633,5.38238,19.1721,0.000918508,6.10553,24.134,0.000286163,6.91951,30.3791,8.92692e-05,7.83792,38.2397,2.78121e-05,8.87555,48.1338,8.65134e-06,10.0489,60.5876,2.7882e-06,11.3761,76.2629,8.29036e-07,12.8779,95.9927,2.4373e-07,14.5775,120.825,4.33068e-09,16.5012,152.08,1.75749e-07,18.6784,191.415,-1.86328e-07,21.1428,240.917,1.91829e-07,23.9322,303.213,-1.81475e-07,27.0895,381.602,7.0186e-08,30.6634,480.231,-2.86769e-08,34.7087,604.316,2.40784e-07,39.2876,760.401,9.87368e-08,44.4705,956.705,1.22263e-07,50.3371,1203.54,-4.31966e-07,56.9776,1513.81,-1.9705e-07,64.494,1903.69,-2.763e-08,73.0018,2393.4,3.9185e-07,82.6317,3008.13,1.35379e-07,93.5318,3779.25,-4.16351e-08,105.869,4745.7,2.06965e-08,119.834,5955.6,-3.18887e-07,135.641,7468.12,-1.48271e-08,153.531,9355.62,2.00739e-07,173.781,11705.8,2.28358e-07,196.701,14624.1,-1.93587e-08,222.642,18235,-2.88101e-07,252.003,22683.4,-2.24732e-07,285.234,28134,8.56806e-09,322.845,34767,2.34258e-07,365.413,42770.9,2.99668e-07,413.588,52327.9,8.28644e-08,468.111,63591.2,-3.07049e-07,529.814,76653.2,-3.1888e-07,599.642,91502.5,-6.72276e-08,678.662,107975,2.26339e-07,768.083,125705,3.69212e-07,869.267,144088,2.04077e-07,983.76,162277,-2.80509e-07,1113.3,179223,-4.22737e-07,1259.87,193777,-1.71951e-07,1425.68,204839,4.55555e-07,11.7194,11.96,12.6541,2.21263,4.16949,0.989383,2.67766,5.84076,0.311842,3.14343,7.55825,0.0972771,3.63127,9.58578,0.0303237,4.15787,12.0912,0.00945211,4.73731,15.2286,0.00294633,5.38238,19.1721,0.000918508,6.10553,24.134,0.000286163,6.91951,30.3791,8.92692e-05,7.83792,38.2397,2.78121e-05,8.87555,48.1338,8.65134e-06,10.0489,60.5876,2.7882e-06,11.3761,76.2629,8.29036e-07,12.8779,95.9927,2.4373e-07,14.5775,120.825,1e-08,16.5012,152.08,1.75749e-07,18.6784,191.415,1e-08,21.1428,240.917,1.91829e-07,23.9322,303.213,1e-08,27.0895,381.602,7.0186e-08,30.6634,480.231,1e-08,34.7087,604.316,2.40784e-07,39.2876,760.401,9.87368e-08,44.4705,956.705,1.22263e-07,50.3371,1203.54,1e-08,56.9776,1513.81,1e-08,64.494,1903.69,1e-08,73.0018,2393.4,3.9185e-07,82.6317,3008.13,1.35379e-07,93.5318,3779.25,1e-08,105.869,4745.7,2.06965e-08,119.834,5955.6,1e-08,135.641,7468.12,1e-08,153.531,9355.62,2.00739e-07,173.781,11705.8,2.28358e-07,196.701,14624.1,1e-08,222.642,18235,1e-08,252.003,22683.4,1e-08,285.234,28134,1e-08,322.845,34767,2.34258e-07,365.413,42770.9,2.99668e-07,413.588,52327.9,8.28644e-08,468.111,63591.2,1e-08,529.814,76653.2,1e-08,599.642,91502.5,1e-08,678.662,107975,2.26339e-07,768.083,125705,3.69212e-07,869.267,144088,2.04077e-07,983.76,162277,1e-08,1113.3,179223,1e-08,1259.87,193777,1e-08,1425.68,204839,4.55555e-07,6.2823,3.27286,2.43537,0.219672,6.18826,2.24117,0.56371,6.87772,2.63624,0.308279,5,5,14,4,3,0,2,9,0,0,4,0,1,17,0,2,6,0,4,12,0,14,11,0,1,40,0,5,22,0,12,28,0,4,33,0,11,63,0,22,108,0,20,99,0,4,113,0,16,169,0,22,235,0,21,174,0,23,212,0,18,422,0,34,424,0,18,1230,0,41,444,0,44,1129,0,56,1728,0,28,1365,0,59,2024,0,82,3166,0,77,5431,0,52,3070,0,73,5623,0,80,7858,0,84,9877,0,56,2561,0,113,14806,0,134,25308,0,271,14192,0,283,26802,0,399,44689,0,308,51590,0,303,49246,0,464,30483,0,90,172334,0,659,86366,0,425,87805,0,272,163658,0,977,176574,0,649,100440,0,483,165757,0,1780,200020,0,1890,185975,0,1866,415622,0
-1.05176e+08,1,8.88811e-15,10,1023,0,1.05176e+08,0.528882,1.08665,0.389689,0.145397,0.379329,3.24381,0.161596,0.446195,1.77396,0.159177,1.15e+07,4.49998e+06,6.79999e+06,1.15e+07,4.49997e+06,6.79999e+06,1.15e+07,4.49996e+06,6.79999e+06,1.15e+07,4.49995e+06,6.79999e+06,1.14999e+07,4.49993e+06,6.79999e+06,1.14999e+07,4.49991e+06,6.79999e+06,1.14999e+07,4.49989e+06,6.79999e+06,1.14999e+07,4.49986e+06,6.79999e+06,1.14999e+07,4.49982e+06,6.79999e+06,1.14999e+07,4.49977e+06,6.79999e+06,1.14999e+07,4.49971e+06,6.79999e+06,1.14999e+07,4.49963e+06,6.79999e+06,1.14998e+07,4.49953e+06,6.79999e+06,1.14998e+07,4.49941e+06,6.79999e+06,1.14998e+07,4.49926e+06,6.79999e+06,1.14998e+07,4.49906e+06,6.79999e+06,1.14997e+07,4.49882e+06,6.79999e+06,1.14997e+07,4.49851e+06,6.79999e+06,1.14997e+07,4.49812e+06,6.79999e+06,1.14996e+07,4.49764e+06,6.79999e+06,1.14996e+07,4.49702e+06,6.79999e+06,1.14995e+07,4.49625e+06,6.79999e+06,1.14995e+07,4.49528e+06,6.79999e+06,1.14994e+07,4.49406e+06,6.79999e+06,1.14993e+07,4.49253e+06,6.79999e+06,1.14992e+07,4.49059e+06,6.79999e+06,1.14991e+07,4.48817e+06,6.79999e+06,1.1499e+07,4.48511e+06,6.79999e+06,1.14988e+07,4.48128e+06,6.79999e+06,1.14987e+07,4.47646e+06,6.79999e+06,1.14985e+07,4.47041e+06,6.79999e+06,1.14983e+07,4.46281e+06,6.79999e+06,1.14981e+07,4.4533e+06,6.79999e+06,1.14979e+07,4.44138e+06,6.79999e+06,1.14976e+07,4.42649e+06,6.79999e+06,1.14972e+07,4.40789e+06,6.79999e+06,1.14969e+07,4.38471e+06,6.79999e+06,1.14965e+07,4.35592e+06,6.79999e+06,1.1496e+07,4.32027e+06,6.79999e+06,1.14955e+07,4.27629e+06,6.79999e+06,1.14949e+07,4.22231e+06,6.79999e+06,1.14942e+07,4.15647e+06,6.79999e+06,1.14934e+07,4.07676e+06,6.79999e+06,1.14926e+07,3.98112e+06,6.79999e+06,1.14916e+07,3.86765e+06,6.79999e+06,1.14905e+07,3.73474e+06,6.79999e+06,1.14892e+07,3.58148e+06,6.79999e+06,1.14878e+07,3.40785e+06,6.79999e+06,1.14862e+07,3.21513e+06,6.79999e+06,1.14844e+07,3.00605e+06,6.79999e+06,1.14823e+07,2.7848e+06,6.79999e+06,1.148e+07,2.5568e+06,6.79999e+06,1.14773e+07,2.32825e+06,6.79999e+06,13.5742,8.52444,0.508366,16.8306,13.2585,0.162638,20.0035,17.569,0.0507846,23.2616,22.4214,0.0158319,26.7328,28.3297,0.00493498,30.5212,35.6974,0.00153831,34.7178,44.9473,0.000479527,39.4086,56.5822,0.000149456,44.6796,71.2245,4.66214e-05,50.6209,89.6543,1.45419e-05,57.3297,112.852,4.54748e-06,64.9129,142.051,1.43857e-06,73.4897,178.803,4.36618e-07,83.1934,225.062,1.40153e-07,94.1745,283.286,4.96378e-08,106.602,356.568,1.05434e-07,120.669,448.799,-6.49244e-08,136.59,564.873,1.70148e-07,154.611,710.948,-5.34594e-08,175.008,894.767,1.63407e-07,198.097,1126.06,8.04804e-08,224.231,1417.07,1.14667e-07,253.813,1783.15,-1.71227e-07,287.297,2243.62,-2.88466e-07,325.198,2822.67,-4.33651e-07,368.098,3550.67,7.9318e-08,416.657,4465.65,3.13319e-07,471.621,5615.16,3.4613e-07,533.835,7058.61,-1.19199e-07,604.255,8870.02,-2.79964e-07,683.962,11141.4,-2.30521e-07,774.182,13986.7,-2.55099e-07,876.299,17546.4,1.23585e-07,991.883,21993.1,1.41192e-07,1122.71,27536.7,-9.71886e-08,1270.78,34430.7,-3.68368e-07,1438.38,42977.7,-3.45379e-07,1628.07,53532.7,-3.25328e-09,1842.77,66504.6,2.6362e-07,2085.77,82350.2,2.53445e-07,2360.79,101560,-2.47407e-08,2672.05,124632,-3.80602e-07,3024.31,152018,-4.79005e-07,3422.98,184060,-1.14379e-07,3874.15,220884,2.64297e-07,4384.72,262283,3.44131e-07,4962.49,307576,7.5349e-08,5616.29,355497,-3.63097e-07,6356.1,404126,-6.05442e-07,7193.18,450932,-2.72333e-07,8140.28,492963,2.29675e-07,9211.79,527178,4.3387e-07,10424,550893,-1.0711e-07,10.102,8.06553,2.81012,10.6436,8.57909,0.869423,11.5336,10.2515,0.270869,12.7211,12.7138,0.0844293,14.1823,15.9373,0.0263173,15.9122,20.0383,0.0082035,17.9198,25.2154,0.00255722,20.2244,31.7373,0.000797017,22.8539,39.9486,0.000248622,25.8438,50.2851,7.75492e-05,29.237,63.2963,2.42508e-05,33.0837,79.6738,7.67162e-06,37.4415,100.288,2.32837e-06,42.3767,126.236,7.33e-07,47.9646,158.896,2.79256e-07,54.2906,200.003,9.87351e-09,61.452,251.741,1.61085e-07,69.5585,316.859,-2.47141e-07,78.7347,398.812,8.93552e-08,89.1218,501.948,-2.53231e-07,100.879,631.736,-1.25047e-07,114.188,795.049,-1.78808e-07,129.252,1000.53,2.6733e-07,146.304,1259.03,4.50292e-07,165.605,1584.19,6.76904e-07,187.452,1993.12,-1.23808e-07,212.181,2507.27,-4.89068e-07,240.173,3153.54,-5.40284e-07,271.856,3965.56,1.86061e-07,307.719,4985.38,4.37004e-07,348.313,6265.4,3.59828e-07,394.26,7870.83,3.98192e-07,446.268,9882.51,-1.92908e-07,505.135,12400.3,-2.20392e-07,571.766,15546.9,1.51705e-07,647.184,19472.2,5.74996e-07,732.547,24357.4,5.39112e-07,829.167,30420,5.07815e-09,938.526,37916.3,-4.11492e-07,1062.3,47143.9,-3.9561e-07,1202.4,58439.2,3.86185e-08,1360.96,72169.3,5.94093e-07,1540.42,88715.8,7.47693e-07,1743.53,108445,1.78537e-07,1973.41,131665,-4.12549e-07,2233.57,158557,-5.37164e-07,2528,189103,-1.17615e-07,2861.2,222986,5.66769e-07,3238.27,259510,9.45053e-07,3664.97,297540,4.25093e-07,4147.81,335497,-3.58506e-07,4694.17,371444,-6.7724e-07,5312.37,403256,1.67192e-07,1.61744,3.89446,9.84394,3.28846,7.5504,12.774,5.07607,11.7187,13.6844,7.03202,16.8147,13.9681,9.20215,23.1769,14.0566,11.6301,31.1672,14.0841,14.3598,41.2186,14.0927,17.4376,53.8688,14.0954,20.9137,69.7915,14.0962,24.8432,89.8341,14.0965,29.2879,115.063,14.0966,34.3168,146.819,14.0966,40.0078,186.792,14.0966,46.4487,237.107,14.0966,53.7388,300.44,14.0966,61.9903,380.158,14.0966,71.3301,480.499,14.0966,81.902,606.796,14.0966,93.8685,765.761,14.0966,107.414,965.837,14.0966,122.746,1217.65,14.0966,140.101,1534.57,14.0966,159.745,1933.41,14.0966,181.981,2435.3,14.0966,207.15,3066.85,14.0966,235.64,3861.46,14.0966,267.889,4861.11,14.0966,304.391,6118.54,14.0966,345.709,7699.91,14.0966,392.478,9688.22,14.0966,445.417,12187.5,14.0966,505.339,15327.7,14.0966,573.165,19271.6,14.0966,649.938,24222,14.0966,736.839,30430.9,14.0966,835.202,38211.5,14.0966,946.539,47950.3,14.0966,1072.56,60122.8,14.0966,1215.21,75309.9,14.0966,1376.66,94216.2,14.0966,1559.41,117688,14.0966,1766.26,146729,14.0966,2000.39,182510,14.0966,2265.39,226372,14.0966,2565.33,279806,14.0966,2904.81,344416,14.0966,3289.05,421845,14.0966,3723.93,513667,14.0966,4216.13,621231,14.0966,4773.18,745478,14.0966,5403.64,886744,14.0966,6117.15,1.04457e+06,14.0966,6924.63,1.2176e+06,14.0966,11.7194,11.96,12.6541,13.9321,16.1295,13.6434,16.6097,21.9702,13.9553,19.7532,29.5285,14.0526,23.3844,39.1143,14.0829,27.5423,51.2054,14.0923,32.2796,66.434,14.0953,37.662,85.6061,14.0962,43.7675,109.74,14.0965,50.687,140.119,14.0966,58.5249,178.359,14.0966,67.4005,226.493,14.0966,77.4493,287.08,14.0966,88.8254,363.343,14.0966,101.703,459.336,14.0966,116.281,580.161,14.0966,132.782,732.241,14.0966,151.46,923.655,14.0966,172.603,1164.57,14.0966,196.535,1467.79,14.0966,223.625,1849.39,14.0966,254.288,2329.62,14.0966,288.997,2933.93,14.0966,328.285,3694.33,14.0966,372.755,4651.04,14.0966,423.092,5854.57,14.0966,480.07,7368.38,14.0966,544.564,9272.08,14.0966,617.566,11665.5,14.0966,700.197,14673.6,14.0966,793.729,18452.9,14.0966,899.599,23198.6,14.0966,1019.43,29154.1,14.0966,1155.07,36622.3,14.0966,1308.6,45977.9,14.0966,1482.39,57683.7,14.0966,1679.09,72307.8,14.0966,1901.73,90542.8,14.0966,2153.73,113226,14.0966,2438.97,141360,14.0966,2761.81,176127,14.0966,3127.22,218898,14.0966,3540.81,271226,14.0966,4008.92,334817,14.0966,4538.74,411470,14.0966,5138.38,502973,14.0966,5817.04,610948,14.0966,6585.12,736653,14.0966,7454.39,880741,14.0966,8438.15,1.04302e+06,14.0966,9551.45,1.22224e+06,14.0966,10811.3,1.41602e+06,14.0966,12237,1.62086e+06,14.0966,11.7194,11.96,12.6541,2.21263,4.16949,0.989383,2.67766,5.84076,0.311842,3.14343,7.55825,0.0972771,3.63127,9.58578,0.0303237,4.15787,12.0912,0.00945211,4.73731,15.2286,0.00294633,5.38238,19.1721,0.000918508,6.10553,24.134,0.000286163,6.91951,30.3791,8.92692e-05,7.83792,38.2397,2.78121e-05,8.87555,48.1338,8.65134e-06,10.0489,60.5876,2.7882e-06,11.3761,76.2629,8.29036e-07,12.8779,95.9927,2.4373e-07,14.5775,120.825,4.33068e-09,16.5012,152.08,1.75749e-07,18.6784,191.415,-1.86328e-07,21.1428,240.917,1.91829e-07,23.9322,303.213,-1.81475e-07,27.0895,381.602,7.0186e-08,30.6634,480.231,-2.86769e-08,34.7087,604.316,2.40784e-07,39.2876,760.401,9.87368e-08,44.4705,956.705,1.22263e-07,50.3371,1203.54,-4.31966e-07,56.9776,1513.81,-1.9705e-07,64.494,1903.69,-2.763e-08,73.0018,2393.4,3.9185e-07,82.6317,3008.13,1.35379e-07,93.5318,3779.25,-4.16351e-08,105.869,4745.7,2.06965e-08,119.834,5955.6,-3.18887e-07,135.641,7468.12,-1.48271e-08,153.531,9355.62,2.00739e-07,173.781,11705.8,2.28358e-07,196.701,14624.1,-1.93587e-08,222.642,18235,-2.88101e-07,252.003,22683.4,-2.24732e-07,285.234,28134,8.56806e-09,322.845,34767,2.34258e-07,365.413,42770.9,2.99668e-07,413.588,52327.9,8.28644e-08,468.111,63591.2,-3.07049e-07,529.814,76653.2,-3.1888e-07,599.642,91502.5,-6.72276e-08,678.662,107975,2.26339e-07,768.083,125705,3.69212e-07,869.267,144088,2.04077e-07,983.76,162277,-2.80509e-07,1113.3,179223,-4.22737e-07,1259.87,193777,-1.71951e-07,1425.68,204839,4.55555e-07,11.7194,11.96,12.6541,2.21263,4.16949,0.989383,2.67766,5.84076,0.311842,3.14343,7.55825,0.0972771,3.63127,9.58578,0.0303237,4.15787,12.0912,0.00945211,4.73731,15.2286,0.00294633,5.38238,19.1721,0.000918508,6.10553,24.134,0.000286163,6.91951,30.3791,8.92692e-05,7.83792,38.2397,2.78121e-05,8.87555,48.1338,8.65134e-06,10.0489,60.5876,2.7882e-06,11.3761,76.2629,8.29036e-07,12.8779,95.9927,2.4373e-07,14.5775,120.825,1e-08,16.5012,152.08,1.75749e-07,18.6784,191.415,1e-08,21.1428,240.917,1.91829e-07,23.9322,303.213,1e-08,27.0895,381.602,7.0186e-08,30.6634,480.231,1e-08,34.7087,604.316,2.40784e-07,39.2876,760.401,9.87368e-08,44.4705,956.705,1.22263e-07,50.3371,1203.54,1e-08,56.9776,1513.81,1e-08,64.494,1903.69,1e-08,73.0018,2393.4,3.9185e-07,82.6317,3008.13,1.35379e-07,93.5318,3779.25,1e-08,105.869,4745.7,2.06965e-08,119.834,5955.6,1e-08,135.641,7468.12,1e-08,153.531,9355.62,2.00739e-07,173.781,11705.8,2.28358e-07,196.701,14624.1,1e-08,222.642,18235,1e-08,252.003,22683.4,1e-08,285.234,28134,1e-08,322.845,34767,2.34258e-07,365.413,42770.9,2.99668e-07,413.588,52327.9,8.28644e-08,468.111,63591.2,1e-08,529.814,76653.2,1e-08,599.642,91502.5,1e-08,678.662,107975,2.26339e-07,768.083,125705,3.69212e-07,869.267,144088,2.04077e-07,983.76,162277,1e-08,1113.3,179223,1e-08,1259.87,193777,1e-08,1425.68,204839,4.55555e-07,6.2823,3.27286,2.43537,0.219672,6.18826,2.24117,0.56371,6.87772,2.63624,0.308279,7,16,8,2,6,1,2,3,0,8,7,0,5,18,0,6,5,0,2,11,0,6,14,0,11,16,0,1,29,0,11,59,0,12,33,0,9,47,0,24,67,0,17,20,0,32,103,0,25,162,0,18,156,0,26,478,0,18,300,0,34,348,0,17,457,0,47,445,0,7,971,0,45,874,0,84,798,0,69,1341,0,50,1575,0,65,1500,0,38,2935,0,64,2090,0,111,2637,0,109,6565,0,83,2197,0,126,16283,0,133,13381,0,145,17219,0,170,23755,0,118,14589,0,274,28531,0,343,30623,0,543,35083,0,370,31687,0,340,29762,0,707,82510,0,453,54122,0,855,90018,0,533,170173,0,1061,114194,0,882,224833,0,654,168655,0,575,224338,0,1929,349025,0
-1.05176e+08,1,8.88811e-15,10,1023,0,1.05176e+08,0.528882,1.08665,0.389689,0.145397,0.379329,3.24381,0.161596,0.446195,1.77396,0.159177,1.15e+07,4.49998e+06,6.79999e+06,1.15e+07,4.49997e+06,6.79999e+06,1.15e+07,4.49996e+06,6.79999e+06,1.15e+07,4.49995e+06,6.79999e+06,1.14999e+07,4.49993e+06,6.79999e+06,1.14999e+07,4.49991e+06,6.79999e+06,1.14999e+07,4.49989e+06,6.79999e+06,1.14999e+07,4.49986e+06,6.79999e+06,1.14999e+07,4.49982e+06,6.79999e+06,1.14999e+07,4.49977e+06,6.79999e+06,1.14999e+07,4.49971e+06,6.79999e+06,1.14999e+07,4.49963e+06,6.79999e+06,1.14998e+07,4.49953e+06,6.79999e+06,1.14998e+07,4.49941e+06,6.79999e+06,1.14998e+07,4.49926e+06,6.79999e+06,1.14998e+07,4.49906e+06,6.79999e+06,1.14997e+07,4.49882e+06,6.79999e+06,1.14997e+07,4.49851e+06,6.79999e+06,1.14997e+07,4.49812e+06,6.79999e+06,1.14996e+07,4.49764e+06,6.79999e+06,1.14996e+07,4.49702e+06,6.79999e+06,1.14995e+07,4.49625e+06,6.79999e+06,1.14995e+07,4.49528e+06,6.79999e+06,1.14994e+07,4.49406e+06,6.79999e+06,1.14993e+07,4.49253e+06,6.79999e+06,1.14992e+07,4.49059e+06,6.79999e+06,1.14991e+07,4.48817e+06,6.79999e+06,1.1499e+07,4.48511e+06,6.79999e+06,1.14988e+07,4.48128e+06,6.79999e+06,1.14987e+07,4.47646e+06,6.79999e+06,1.14985e+07,4.47041e+06,6.79999e+06,1.14983e+07,4.46281e+06,6.79999e+06,1.14981e+07,4.4533e+06,6.79999e+06,1.14979e+07,4.44138e+06,6.79999e+06,1.14976e+07,4.42649e+06,6.79999e+06,1.14972e+07,4.40789e+06,6.79999e+06,1.14969e+07,4.38471e+06,6.79999e+06,1.14965e+07,4.35592e+06,6.79999e+06,1.1496e+07,4.32027e+06,6.79999e+06,1.14955e+07,4.27629e+06,6.79999e+06,1.14949e+07,4.22231e+06,6.79999e+06,1.14942e+07,4.15647e+06,6.79999e+06,1.14934e+07,4.07676e+06,6.79999e+06,1.14926e+07,3.98112e+06,6.79999e+06,1.14916e+07,3.86765e+06,6.79999e+06,1.14905e+07,3.73474e+06,6.79999e+06,1.14892e+07,3.58148e+06,6.79999e+06,1.14878e+07,3.40785e+06,6.79999e+06,1.14862e+07,3.21513e+06,6.79999e+06,1.14844e+07,3.00605e+06,6.79999e+06,1.14823e+07,2.7848e+06,6.79999e+06,1.148e+07,2.5568e+06,6.79999e+06,1.14773e+07,2.32825e+06,6.79999e+06,13.5742,8.52444,0.508366,16.8306,13.2585,0.162638,20.0035,17.569,0.0507846,23.2616,22.4214,0.0158319,26.7328,28.3297,0.00493498,30.5212,35.6974,0.00153831,34.7178,44.9473,0.000479527,39.4086,56.5822,0.000149456,44.6796,71.2245,4.66214e-05,50.6209,89.6543,1.45419e-05,57.3297,112.852,4.54748e-06,64.9129,142.051,1.43857e-06,73.4897,178.803,4.36618e-07,83.1934,225.062,1.40153e-07,94.1745,283.286,4.96378e-08,106.602,356.568,1.05434e-07,120.669,448.799,-6.49244e-08,136.59,564.873,1.70148e-07,154.611,710.948,-5.34594e-08,175.008,894.767,1.63407e-07,198.097,1126.06,8.04804e-08,224.231,1417.07,1.14667e-07,253.813,1783.15,-1.71227e-07,287.297,2243.62,-2.88466e-07,325.198,2822.67,-4.33651e-07,368.098,3550.67,7.9318e-08,416.657,4465.65,3.13319e-07,471.621,5615.16,3.4613e-07,533.835,7058.61,-1.19199e-07,604.255,8870.02,-2.79964e-07,683.962,11141.4,-2.30521e-07,774.182,13986.7,-2.55099e-07,876.299,17546.4,1.23585e-07,991.883,21993.1,1.41192e-07,1122.71,27536.7,-9.71886e-08,1270.78,34430.7,-3.68368e-07,1438.38,42977.7,-3.45379e-07,1628.07,53532.7,-3.25328e-09,1842.77,66504.6,2.6362e-07,2085.77,82350.2,2.53445e-07,2360.79,101560,-2.47407e-08,2672.05,124632,-3.80602e-07,3024.31,152018,-4.79005e-07,3422.98,184060,-1.14379e-07,3874.15,220884,2.64297e-07,4384.72,262283,3.44131e-07,4962.49,307576,7.5349e-08,5616.29,355497,-3.63097e-07,6356.1,404126,-6.05442e-07,7193.18,450932,-2.72333e-07,8140.28,492963,2.29675e-07,9211.79,527178,4.3387e-07,10424,550893,-1.0711e-07,10.102,8.06553,2.81012,10.6436,8.57909,0.869423,11.5336,10.2515,0.270869,12.7211,12.7138,0.0844293,14.1823,15.9373,0.0263173,15.9122,20.0383,0.0082035,17.9198,25.2154,0.00255722,20.2244,31.7373,0.000797017,22.8539,39.9486,0.000248622,25.8438,50.2851,7.75492e-05,29.237,63.2963,2.42508e-05,33.0837,79.6738,7.67162e-06,37.4415,100.288,2.32837e-06,42.3767,126.236,7.33e-07,47.9646,158.896,2.79256e-07,54.2906,200.003,9.87351e-09,61.452,251.741,1.61085e-07,69.5585,316.859,-2.47141e-07,78.7347,398.812,8.93552e-08,89.1218,501.948,-2.53231e-07,100.879,631.736,-1.25047e-07,114.188,795.049,-1.78808e-07,129.252,1000.53,2.6733e-07,146.304,1259.03,4.50292e-07,165.605,1584.19,6.76904e-07,187.452,1993.12,-1.23808e-07,212.181,2507.27,-4.89068e-07,240.173,3153.54,-5.40284e-07,271.856,3965.56,1.86061e-07,307.719,4985.38,4.37004e-07,348.313,6265.4,3.59828e-07,394.26,7870.83,3.98192e-07,446.268,9882.51,-1.92908e-07,505.135,12400.3,-2.20392e-07,571.766,15546.9,1.51705e-07,647.184,19472.2,5.74996e-07,732.547,24357.4,5.39112e-07,829.167,30420,5.07815e-09,938.526,37916.3,-4.11492e-07,1062.3,47143.9,-3.9561e-07,1202.4,58439.2,3.86185e-08,1360.96,72169.3,5.94093e-07,1540.42,88715.8,7.47693e-07,1743.53,108445,1.78537e-07,1973.41,131665,-4.12549e-07,2233.57,158557,-5.37164e-07,2528,189103,-1.17615e-07,2861.2,222986,5.66769e-07,3238.27,259510,9.45053e-07,3664.97,297540,4.25093e-07,4147.81,335497,-3.58506e-07,4694.17,371444,-6.7724e-07,5312.37,403256,1.67192e-07,1.61744,3.89446,9.84394,3.28846,7.5504,12.774,5.07607,11.7187,13.6844,7.03202,16.8147,13.9681,9.20215,23.1769,14.0566,11.6301,31.1672,14.0841,14.3598,41.2186,14.0927,17.4376,53.8688,14.0954,20.9137,69.7915,14.0962,24.8432,89.8341,14.0965,29.2879,115.063,14.0966,34.3168,146.819,14.0966,40.0078,186.792,14.0966,46.4487,237.107,14.0966,53.7388,300.44,14.0966,61.9903,380.158,14.0966,71.3301,480.499,14.0966,81.902,606.796,14.0966,93.8685,765.761,14.0966,107.414,965.837,14.0966,122.746,1217.65,14.0966,140.101,1534.57,14.0966,159.745,1933.41,14.0966,181.981,2435.3,14.0966,207.15,3066.85,14.0966,235.64,3861.46,14.0966,267.889,4861.11,14.0966,304.391,6118.54,14.0966,345.709,7699.91,14.0966,392.478,9688.22,14.0966,445.417,12187.5,14.0966,505.339,15327.7,14.0966,573.165,19271.6,14.0966,649.938,24222,14.0966,736.839,30430.9,14.0966,835.202,38211.5,14.0966,946.539,47950.3,14.0966,1072.56,60122.8,14.0966,1215.21,75309.9,14.0966,1376.66,94216.2,14.0966,1559.41,117688,14.0966,1766.26,146729,14.0966,2000.39,182510,14.0966,2265.39,226372,14.0966,2565.33,279806,14.0966,2904.81,344416,14.0966,3289.05,421845,14.0966,3723.93,513667,14.0966,4216.13,621231,14.0966,4773.18,745478,14.0966,5403.64,886744,14.0966,6117.15,1.04457e+06,14.0966,6924.63,1.2176e+06,14.0966,11.7194,11.96,12.6541,13.9321,16.1295,13.6434,16.6097,21.9702,13.9553,19.7532,29.5285,14.0526,23.3844,39.1143,14.0829,27.5423,51.2054,14.0923,32.2796,66.434,14.0953,37.662,85.6061,14.0962,43.7675,109.74,14.0965,50.687,140.119,14.0966,58.5249,178.359,14.0966,67.4005,226.493,14.0966,77.4493,287.08,14.0966,88.8254,363.343,14.0966,101.703,459.336,14.0966,116.281,580.161,14.0966,132.782,732.241,14.0966,151.46,923.655,14.0966,172.603,1164.57,14.0966,196.535,1467.79,14.0966,223.625,1849.39,14.0966,254.288,2329.62,14.0966,288.997,2933.93,14.0966,328.285,3694.33,14.0966,372.755,4651.04,14.0966,423.092,5854.57,14.0966,480.07,7368.38,14.0966,544.564,9272.08,14.0966,617.566,11665.5,14.0966,700.197,14673.6,14.0966,793.729,18452.9,14.0966,899.599,23198.6,14.0966,1019.43,29154.1,14.0966,1155.07,36622.3,14.0966,1308.6,45977.9,14.0966,1482.39,57683.7,14.0966,1679.09,72307.8,14.0966,1901.73,90542.8,14.0966,2153.73,113226,14.0966,2438.97,141360,14.0966,2761.81,176127,14.0966,3127.22,218898,14.0966,3540.81,271226,14.0966,4008.92,334817,14.0966,4538.74,411470,14.0966,5138.38,502973,14.0966,5817.04,610948,14.0966,6585.12,736653,14.0966,7454.39,880741,14.0966,8438.15,1.04302e+06,14.0966,9551.45,1.22224e+06,14.0966,10811.3,1.41602e+06,14.0966,12237,1.62086e+06,14.0966,11.7194,11.96,12.6541,2.21263,4.16949,0.989383,2.67766,5.84076,0.311842,3.14343,7.55825,0.0972771,3.63127,9.58578,0.0303237,4.15787,12.0912,0.00945211,4.73731,15.2286,0.00294633,5.38238,19.1721,0.000918508,6.10553,24.134,0.000286163,6.91951,30.3791,8.92692e-05,7.83792,38.2397,2.78121e-05,8.87555,48.1338,8.65134e-06,10.0489,60.5876,2.7882e-06,11.3761,76.2629,8.29036e-07,12.8779,95.9927,2.4373e-07,14.5775,120.825,4.33068e-09,16.5012,152.08,1.75749e-07,18.6784,191.415,-1.86328e-07,21.1428,240.917,1.91829e-07,23.9322,303.213,-1.81475e-07,27.0895,381.602,7.0186e-08,30.6634,480.231,-2.86769e-08,34.7087,604.316,2.40784e-07,39.2876,760.401,9.87368e-08,44.4705,956.705,1.22263e-07,50.3371,1203.54,-4.31966e-07,56.9776,1513.81,-1.9705e-07,64.494,1903.69,-2.763e-08,73.0018,2393.4,3.9185e-07,82.6317,3008.13,1.35379e-07,93.5318,3779.25,-4.16351e-08,105.869,4745.7,2.06965e-08,119.834,5955.6,-3.18887e-07,135.641,7468.12,-1.48271e-08,153.531,9355.62,2.00739e-07,173.781,11705.8,2.28358e-07,196.701,14624.1,-1.93587e-08,222.642,18235,-2.88101e-07,252.003,22683.4,-2.24732e-07,285.234,28134,8.56806e-09,322.845,34767,2.34258e-07,365.413,42770.9,2.99668e-07,413.588,52327.9,8.28644e-08,468.111,63591.2,-3.07049e-07,529.814,76653.2,-3.1888e-07,599.642,91502.5,-6.72276e-08,678.662,107975,2.26339e-07,768.083,125705,3.69212e-07,869.267,144088,2.04077e-07,983.76,162277,-2.80509e-07,1113.3,179223,-4.22737e-07,1259.87,193777,-1.71951e-07,1425.68,204839,4.55555e-07,11.7194,11.96,12.6541,2.21263,4.16949,0.989383,2.67766,5.84076,0.311842,3.14343,7.55825,0.0972771,3.63127,9.58578,0.0303237,4.15787,12.0912,0.00945211,4.73731,15.2286,0.00294633,5.38238,19.1721,0.000918508,6.10553,24.134,0.000286163,6.91951,30.3791,8.92692e-05,7.83792,38.2397,2.78121e-05,8.87555,48.1338,8.65134e-06,10.0489,60.5876,2.7882e-06,11.3761,76.2629,8.29036e-07,12.8779,95.9927,2.4373e-07,14.5775,120.825,1e-08,16.5012,152.08,1.75749e-07,18.6784,191.415,1e-08,21.1428,240.917,1.91829e-07,23.9322,303.213,1e-08,27.0895,381.602,7.0186e-08,30.6634,480.231,1e-08,34.7087,604.316,2.40784e-07,39.2876,760.401,9.87368e-08,44.4705,956.705,1.22263e-07,50.3371,1203.54,1e-08,56.9776,1513.81,1e-08,64.494,1903.69,1e-08,73.0018,2393.4,3.9185e-07,82.6317,3008.13,1.35379e-07,93.5318,3779.25,1e-08,105.869,4745.7,2.06965e-08,119.834,5955.6,1e-08,135.641,7468.12,1e-08,153.531,9355.62,2.00739e-07,173.781,11705.8,2.28358e-07,196.701,14624.1,1e-08,222.642,18235,1e-08,252.003,22683.4,1e-08,285.234,28134,1e-08,322.845,34767,2.34258e-07,365.413,42770.9,2.99668e-07,413.588,52327.9,8.28644e-08,468.111,63591.2,1e-08,529.814,76653.2,1e-08,599.642,91502.5,1e-08,678.662,107975,2.26339e-07,768.083,125705,3.69212e-07,869.267,144088,2.04077e-07,983.76,162277,1e-08,1113.3,179223,1e-08,1259.87,193777,1e-08,1425.68,204839,4.55555e-07,6.2823,3.27286,2.43537,0.219672,6.18826,2.24117,0.56371,6.87772,2.63624,0.308279,18,9,11,4,6,0,1,10,0,4,8,0,3,7,0,2,9,0,4,14,0,8,44,0,3,52,0,10,42,0,7,30,0,4,118,0,12,38,0,9,80,0,20,206,0,19,120,0,3,62,0,19,211,0,26,168,0,21,193,0,16,386,0,30,507,0,46,650,0,33,663,0,10,553,0,42,550,0,22,803,0,55,3094,0,93,3026,0,91,2110,0,81,2914,0,99,3481,0,181,5217,0,102,6539,0,188,14728,0,160,7196,0,99,8615,0,520,15476,0,304,30230,0,303,34380,0,377,37568,0,140,38430,0,433,75583,0,516,97142,0,585,69027,0,574,95281,0,360,38098,0,890,110204,0,606,203956,0,1410,149214,0,1100,145473,0,1273,110781,0,1809,114545,0
-1.05176e+08,1,8.88811e-15,10,1023,0,1.05176e+08,0.528882,1.08665,0.389689,0.145397,0.379329,3.24381,0.161596,0.446195,1.77396,0.159177,1.15e+07,4.49998e+06,6.79999e+06,1.15e+07,4.49997e+06,6.79999e+06,1.15e+07,4.49996e+06,6.79999e+06,1.15e+07,4.49995e+06,6.79999e+06,1.14999e+07,4.49993e+06,6.79999e+06,1.14999e+07,4.49991e+06,6.79999e+06,1.14999e+07,4.49989e+06,6.79999e+06,1.14999e+07,4.49986e+06,6.79999e+06,1.14999e+07,4.49982e+06,6.79999e+06,1.14999e+07,4.49977e+06,6.79999e+06,1.14999e+07,4.49971e+06,6.79999e+06,1.14999e+07,4.49963e+06,6.79999e+06,1.14998e+07,4.49953e+06,6.79999e+06,1.14998e+07,4.49941e+06,6.79999e+06,1.14998e+07,4.49926e+06,6.79999e+06,1.14998e+07,4.49906e+06,6.79999e+06,1.14997e+07,4.49882e+06,6.79999e+06,1.14997e+07,4.49851e+06,6.79999e+06,1.14997e+07,4.49812e+06,6.79999e+06,1.14996e+07,4.49764e+06,6.79999e+06,1.14996e+07,4.49702e+06,6.79999e+06,1.14995e+07,4.49625e+06,6.79999e+06,1.14995e+07,4.49528e+06,6.79999e+06,1.14994e+07,4.49406e+06,6.79999e+06,1.14993e+07,4.49253e+06,6.79999e+06,1.14992e+07,4.49059e+06,6.79999e+06,1.14991e+07,4.48817e+06,6.79999e+06,1.1499e+07,4.48511e+06,6.79999e+06,1.14988e+07,4.48128e+06,6.79999e+06,1.14987e+07,4.47646e+06,6.79999e+06,1.14985e+07,4.47041e+06,6.79999e+06,1.14983e+07,4.46281e+06,6.79999e+06,1.14981e+07,4.4533e+06,6.79999e+06,1.14979e+07,4.44138e+06,6.79999e+06,1.14976e+07,4.42649e+06,6.79999e+06,1.14972e+07,4.40789e+06,6.79999e+06,1.14969e+07,4.38471e+06,6.79999e+06,1.14965e+07,4.35592e+06,6.79999e+06,1.1496e+07,4.32027e+06,6.79999e+06,1.14955e+07,4.27629e+06,6.79999e+06,1.14949e+07,4.22231e+06,6.79999e+06,1.14942e+07,4.15647e+06,6.79999e+06,1.14934e+07,4.07676e+06,6.79999e+06,1.14926e+07,3.98112e+06,6.79999e+06,1.14916e+07,3.86765e+06,6.79999e+06,1.14905e+07,3.73474e+06,6.79999e+06,1.14892e+07,3.58148e+06,6.79999e+06,1.14878e+07,3.40785e+06,6.79999e+06,1.14862e+07,3.21513e+06,6.79999e+06,1.14844e+07,3.00605e+06,6.79999e+06,1.14823e+07,2.7848e+06,6.79999e+06,1.148e+07,2.5568e+06,6.79999e+06,1.14773e+07,2.32825e+06,6.79999e+06,13.5742,8.52444,0.508366,16.8306,13.2585,0.162638,20.0035,17.569,0.0507846,23.2616,22.4214,0.0158319,26.7328,28.3297,0.00493498,30.5212,35.6974,0.00153831,34.7178,44.9473,0.000479527,39.4086,56.5822,0.000149456,44.6796,71.2245,4.66214e-05,50.6209,89.6543,1.45419e-05,57.3297,112.852,4.54748e-06,64.9129,142.051,1.43857e-06,73.4897,178.803,4.36618e-07,83.1934,225.062,1.40153e-07,94.1745,283.286,4.96378e-08,106.602,356.568,1.05434e-07,120.669,448.799,-6.49244e-08,136.59,564.873,1.70148e-07,154.611,710.948,-5.34594e-08,175.008,894.767,1.63407e-07,198.097,1126.06,8.04804e-08,224.231,1417.07,1.14667e-07,253.813,1783.15,-1.71227e-07,287.297,2243.62,-2.88466e-07,325.198,2822.67,-4.33651e-07,368.098,3550.67,7.9318e-08,416.657,4465.65,3.13319e-07,471.621,5615.16,3.4613e-07,533.835,7058.61,-1.19199e-07,604.255,8870.02,-2.79964e-07,683.962,11141.4,-2.30521e-07,774.182,13986.7,-2.55099e-07,876.299,17546.4,1.23585e-07,991.883,21993.1,1.41192e-07,1122.71,27536.7,-9.71886e-08,1270.78,34430.7,-3.68368e-07,1438.38,42977.7,-3.45379e-07,1628.07,53532.7,-3.25328e-09,1842.77,66504.6,2.6362e-07,2085.77,82350.2,2.53445e-07,2360.79,101560,-2.47407e-08,2672.05,124632,-3.80602e-07,3024.31,152018,-4.79005e-07,3422.98,184060,-1.14379e-07,3874.15,220884,2.64297e-07,4384.72,262283,3.44131e-07,4962.49,307576,7.5349e-08,5616.29,355497,-3.63097e-07,6356.1,404126,-6.05442e-07,7193.18,450932,-2.72333e-07,8140.28,492963,2.29675e-07,9211.79,527178,4.3387e-07,10424,550893,-1.0711e-07,10.102,8.06553,2.81012,10.6436,8.57909,0.869423,11.5336,10.2515,0.270869,12.7211,12.7138,0.0844293,14.1823,15.9373,0.0263173,15.9122,20.0383,0.0082035,17.9198,25.2154,0.00255722,20.2244,31.7373,0.000797017,22.8539,39.9486,0.000248622,25.8438,50.2851,7.75492e-05,29.237,63.2963,2.42508e-05,33.0837,79.6738,7.67162e-06,37.4415,100.288,2.32837e-06,42.3767,126.236,7.33e-07,47.9646,158.896,2.79256e-07,54.2906,200.003,9.87351e-09,61.452,251.741,1.61085e-07,69.5585,316.859,-2.47141e-07,78.7347,398.812,8.93552e-08,89.1218,501.948,-2.53231e-07,100.879,631.736,-1.25047e-07,114.188,795.049,-1.78808e-07,129.252,1000.53,2.6733e-07,146.304,1259.03,4.50292e-07,165.605,1584.19,6.76904e-07,187.452,1993.12,-1.23808e-07,212.181,2507.27,-4.89068e-07,240.173,3153.54,-5.40284e-07,271.856,3965.56,1.86061e-07,307.719,4985.38,4.37004e-07,348.313,6265.4,3.59828e-07,394.26,7870.83,3.98192e-07,446.268,9882.51,-1.92908e-07,505.135,12400.3,-2.20392e-07,571.766,15546.9,1.51705e-07,647.184,19472.2,5.74996e-07,732.547,24357.4,5.39112e-07,829.167,30420,5.07815e-09,938.526,37916.3,-4.11492e-07,1062.3,47143.9,-3.9561e-07,1202.4,58439.2,3.86185e-08,1360.96,72169.3,5.94093e-07,1540.42,88715.8,7.47693e-07,1743.53,108445,1.78537e-07,1973.41,131665,-4.12549e-07,2233.57,158557,-5.37164e-07,2528,189103,-1.17615e-07,2861.2,222986,5.66769e-07,3238.27,259510,9.45053e-07,3664.97,297540,4.25093e-07,4147.81,335497,-3.58506e-07,4694.17,371444,-6.7724e-07,5312.37,403256,1.67192e-07,1.61744,3.89446,9.84394,3.28846,7.5504,12.774,5.07607,11.7187,13.6844,7.03202,16.8147,13.9681,9.20215,23.1769,14.0566,11.6301,31.1672,14.0841,14.3598,41.2186,14.0927,17.4376,53.8688,14.0954,20.9137,69.7915,14.0962,24.8432,89.8341,14.0965,29.2879,115.063,14.0966,34.3168,146.819,14.0966,40.0078,186.792,14.0966,46.4487,237.107,14.0966,53.7388,300.44,14.0966,61.9903,380.158,14.0966,71.3301,480.499,14.0966,81.902,606.796,14.0966,93.8685,765.761,14.0966,107.414,965.837,14.0966,122.746,1217.65,14.0966,140.101,1534.57,14.0966,159.745,1933.41,14.0966,181.981,2435.3,14.0966,207.15,3066.85,14.0966,235.64,3861.46,14.0966,267.889,4861.11,14.0966,304.391,6118.54,14.0966,345.709,7699.91,14.0966,392.478,9688.22,14.0966,445.417,12187.5,14.0966,505.339,15327.7,14.0966,573.165,19271.6,14.0966,649.938,24222,14.0966,736.839,30430.9,14.0966,835.202,38211.5,14.0966,946.539,47950.3,14.0966,1072.56,60122.8,14.0966,1215.21,75309.9,14.0966,1376.66,94216.2,14.0966,1559.41,117688,14.0966,1766.26,146729,14.0966,2000.39,182510,14.0966,2265.39,226372,14.0966,2565.33,279806,14.0966,2904.81,344416,14.0966,3289.05,421845,14.0966,3723.93,513667,14.0966,4216.13,621231,14.0966,4773.18,745478,14.0966,5403.64,886744,14.0966,6117.15,1.04457e+06,14.0966,6924.63,1.2176e+06,14.0966,11.7194,11.96,12.6541,13.9321,16.1295,13.6434,16.6097,21.9702,13.9553,19.7532,29.5285,14.0526,23.3844,39.1143,14.0829,27.5423,51.2054,14.0923,32.2796,66.434,14.0953,37.662,85.6061,14.0962,43.7675,109.74,14.0965,50.687,140.119,14.0966,58.5249,178.359,14.0966,67.4005,226.493,14.0966,77.4493,287.08,14.0966,88.8254,363.343,14.0966,101.703,459.336,14.0966,116.281,580.161,14.0966,132.782,732.241,14.0966,151.46,923.655,14.0966,172.603,1164.57,14.0966,196.535,1467.79,14.0966,223.625,1849.39,14.0966,254.288,2329.62,14.0966,288.997,2933.93,14.0966,328.285,3694.33,14.0966,372.755,4651.04,14.0966,423.092,5854.57,14.0966,480.07,7368.38,14.0966,544.564,9272.08,14.0966,617.566,11665.5,14.0966,700.197,14673.6,14.0966,793.729,18452.9,14.0966,899.599,23198.6,14.0966,1019.43,29154.1,14.0966,1155.07,36622.3,14.0966,1308.6,45977.9,14.0966,1482.39,57683.7,14.0966,1679.09,72307.8,14.0966,1901.73,90542.8,14.0966,2153.73,113226,14.0966,2438.97,141360,14.0966,2761.81,176127,14.0966,3127.22,218898,14.0966,3540.81,271226,14.0966,4008.92,334817,14.0966,4538.74,411470,14.0966,5138.38,502973,14.0966,5817.04,610948,14.0966,6585.12,736653,14.0966,7454.39,880741,14.0966,8438.15,1.04302e+06,14.0966,9551.45,1.22224e+06,14.0966,10811.3,1.41602e+06,14.0966,12237,1.62086e+06,14.0966,11.7194,11.96,12.6541,2.21263,4.16949,0.989383,2.67766,5.84076,0.311842,3.14343,7.55825,0.0972771,3.63127,9.58578,0.0303237,4.15787,12.0912,0.00945211,4.73731,15.2286,0.00294633,5.38238,19.1721,0.000918508,6.10553,24.134,0.000286163,6.91951,30.3791,8.92692e-05,7.83792,38.2397,2.78121e-05,8.87555,48.1338,8.65134e-06,10.0489,60.5876,2.7882e-06,11.3761,76.2629,8.29036e-07,12.8779,95.9927,2.4373e-07,14.5775,120.825,4.33068e-09,16.5012,152.08,1.75749e-07,18.6784,191.415,-1.86328e-07,21.1428,240.917,1.91829e-07,23.9322,303.213,-1.81475e-07,27.0895,381.602,7.0186e-08,30.6634,480.231,-2.86769e-08,34.7087,604.316,2.40784e-07,39.2876,760.401,9.87368e-08,44.4705,956.705,1.22263e-07,50.3371,1203.54,-4.31966e-07,56.9776,1513.81,-1.9705e-07,64.494,1903.69,-2.763e-08,73.0018,2393.4,3.9185e-07,82.6317,3008.13,1.35379e-07,93.5318,3779.25,-4.16351e-08,105.869,4745.7,2.06965e-08,119.834,5955.6,-3.18887e-07,135.641,7468.12,-1.48271e-08,153.531,9355.62,2.00739e-07,173.781,11705.8,2.28358e-07,196.701,14624.1,-1.93587e-08,222.642,18235,-2.88101e-07,252.003,22683.4,-2.24732e-07,285.234,28134,8.56806e-09,322.845,34767,2.34258e-07,365.413,42770.9,2.99668e-07,413.588,52327.9,8.28644e-08,468.111,63591.2,-3.07049e-07,529.814,76653.2,-3.1888e-07,599.642,91502.5,-6.72276e-08,678.662,107975,2.26339e-07,768.083,125705,3.69212e-07,869.267,144088,2.04077e-07,983.76,162277,-2.80509e-07,1113.3,179223,-4.22737e-07,1259.87,193777,-1.71951e-07,1425.68,204839,4.55555e-07,11.7194,11.96,12.6541,2.21263,4.16949,0.989383,2.67766,5.84076,0.311842,3.14343,7.55825,0.0972771,3.63127,9.58578,0.0303237,4.15787,12.0912,0.00945211,4.73731,15.2286,0.00294633,5.38238,19.1721,0.000918508,6.10553,24.134,0.000286163,6.91951,30.3791,8.92692e-05,7.83792,38.2397,2.78121e-05,8.87555,48.1338,8.65134e-06,10.0489,60.5876,2.7882e-06,11.3761,76.2629,8.29036e-07,12.8779,95.9927,2.4373e-07,14.5775,120.825,1e-08,16.5012,152.08,1.75749e-07,18.6784,191.415,1e-08,21.1428,240.917,1.91829e-07,23.9322,303.213,1e-08,27.0895,381.602,7.0186e-08,30.6634,480.231,1e-08,34.7087,604.316,2.40784e-07,39.2876,760.401,9.87368e-08,44.4705,956.705,1.22263e-07,50.3371,1203.54,1e-08,56.9776,1513.81,1e-08,64.494,1903.69,1e-08,73.0018,2393.4,3.9185e-07,82.6317,3008.13,1.35379e-07,93.5318,3779.25,1e-08,105.869,4745.7,2.06965e-08,119.834,5955.6,1e-08,135.641,7468.12,1e-08,153.531,9355.62,2.00739e-07,173.781,11705.8,2.28358e-07,196.701,14624.1,1e-08,222.642,18235,1e-08,252.003,22683.4,1e-08,285.234,28134,1e-08,322.845,34767,2.34258e-07,365.413,42770.9,2.99668e-07,413.588,52327.9,8.28644e-08,468.111,63591.2,1e-08,529.814,76653.2,1e-08,599.642,91502.5,1e-08,678.662,107975,2.26339e-07,768.083,125705,3.69212e-07,869.267,144088,2.04077e-07,983.76,162277,1e-08,1113.3,179223,1e-08,1259.87,193777,1e-08,1425.68,204839,4.55555e-07,6.2823,3.27286,2.43537,0.219672,6.18826,2.24117,0.56371,6.87772,2.63624,0.308279,15,5,9,4,6,0,9,7,0,4,4,0,1,15,0,2,10,0,7,11,0,6,17,0,6,45,0,14,28,0,15,9,0,4,72,0,6,48,0,8,67,0,9,74,0,16,209,0,12,91,0,19,311,0,26,248,0,25,292,0,17,247,0,13,207,0,45,610,0,72,220,0,47,1093,0,53,1127,0,74,672,0,62,1501,0,117,2256,0,82,5968,0,148,2867,0,149,7228,0,120,9500,0,127,8943,0,233,9716,0,247,16806,0,204,12662,0,90,11124,0,244,23163,0,298,19544,0,497,4884,0,382,43245,0,569,24229,0,355,82764,0,442,127127,0,630,103518,0,834,74363,0,763,141073,0,795,299315,0,1085,184489,0,1065,263377,0,1590,146753,0,1964,171869,0
-1.05176e+08,1,8.88811e-15,10,1023,0,1.05176e+08,0.528882,1.08665,0.389689,0.145397,0.379329,3.24381,0.161596,0.446195,1.77396,0.159177,1.15e+07,4.49998e+06,6.79999e+06,1.15e+07,4.49997e+06,6.79999e+06,1.15e+07,4.49996e+06,6.79999e+06,1.15e+07,4.49995e+06,6.79999e+06,1.14999e+07,4.49993e+06,6.79999e+06,1.14999e+07,4.49991e+06,6.79999e+06,1.14999e+07,4.49989e+06,6.79999e+06,1.14999e+07,4.49986e+06,6.79999e+06,1.14999e+07,4.49982e+06,6.79999e+06,1.14999e+07,4.49977e+06,6.79999e+06,1.14999e+07,4.49971e+06,6.79999e+06,1.14999e+07,4.49963e+06,6.79999e+06,1.14998e+07,4.49953e+06,6.79999e+06,1.14998e+07,4.49941e+06,6.79999e+06,1.14998e+07,4.49926e+06,6.79999e+06,1.14998e+07,4.49906e+06,6.79999e+06,1.14997e+07,4.49882e+06,6.79999e+06,1.14997e+07,4.49851e+06,6.79999e+06,1.14997e+07,4.49812e+06,6.79999e+06,1.14996e+07,4.49764e+06,6.79999e+06,1.14996e+07,4.49702e+06,6.79999e+06,1.14995e+07,4.49625e+06,6.79999e+06,1.14995e+07,4.49528e+06,6.79999e+06,1.14994e+07,4.49406e+06,6.79999e+06,1.14993e+07,4.49253e+06,6.79999e+06,1.14992e+07,4.49059e+06,6.79999e+06,1.14991e+07,4.48817e+06,6.79999e+06,1.1499e+07,4.48511e+06,6.79999e+06,1.14988e+07,4.48128e+06,6.79999e+06,1.14987e+07,4.47646e+06,6.79999e+06,1.14985e+07,4.47041e+06,6.79999e+06,1.14983e+07,4.46281e+06,6.79999e+06,1.14981e+07,4.4533e+06,6.79999e+06,1.14979e+07,4.44138e+06,6.79999e+06,1.14976e+07,4.42649e+06,6.79999e+06,1.14972e+07,4.40789e+06,6.79999e+06,1.14969e+07,4.38471e+06,6.79999e+06,1.14965e+07,4.35592e+06,6.79999e+06,1.1496e+07,4.32027e+06,6.79999e+06,1.14955e+07,4.27629e+06,6.79999e+06,1.14949e+07,4.22231e+06,6.79999e+06,1.14942e+07,4.15647e+06,6.79999e+06,1.14934e+07,4.07676e+06,6.79999e+06,1.14926e+07,3.98112e+06,6.79999e+06,1.14916e+07,3.86765e+06,6.79999e+06,1.14905e+07,3.73474e+06,6.79999e+06,1.14892e+07,3.58148e+06,6.79999e+06,1.14878e+07,3.40785e+06,6.79999e+06,1.14862e+07,3.21513e+06,6.79999e+06,1.14844e+07,3.00605e+06,6.79999e+06,1.14823e+07,2.7848e+06,6.79999e+06,1.148e+07,2.5568e+06,6.79999e+06,1.14773e+07,2.32825e+06,6.79999e+06,13.5742,8.52444,0.508366,16.8306,13.2585,0.162638,20.0035,17.569,0.0507846,23.2616,22.4214,0.0158319,26.7328,28.3297,0.00493498,30.5212,35.6974,0.00153831,34.7178,44.9473,0.000479527,39.4086,56.5822,0.000149456,44.6796,71.2245,4.66214e-05,50.6209,89.6543,1.45419e-05,57.3297,112.852,4.54748e-06,64.9129,142.051,1.43857e-06,73.4897,178.803,4.36618e-07,83.1934,225.062,1.40153e-07,94.1745,283.286,4.96378e-08,106.602,356.568,1.05434e-07,120.669,448.799,-6.49244e-08,136.59,564.873,1.70148e-07,154.611,710.948,-5.34594e-08,175.008,894.767,1.63407e-07,198.097,1126.06,8.04804e-08,224.231,1417.07,1.14667e-07,253.813,1783.15,-1.71227e-07,287.297,2243.62,-2.88466e-07,325.198,2822.67,-4.33651e-07,368.098,3550.67,7.9318e-08,416.657,4465.65,3.13319e-07,471.621,5615.16,3.4613e-07,533.835,7058.61,-1.19199e-07,604.255,8870.02,-2.79964e-07,683.962,11141.4,-2.30521e-07,774.182,13986.7,-2.55099e-07,876.299,17546.4,1.23585e-07,991.883,21993.1,1.41192e-07,1122.71,27536.7,-9.71886e-08,1270.78,34430.7,-3.68368e-07,1438.38,42977.7,-3.45379e-07,1628.07,53532.7,-3.25328e-09,1842.77,66504.6,2.6362e-07,2085.77,82350.2,2.53445e-07,2360.79,101560,-2.47407e-08,2672.05,124632,-3.80602e-07,3024.31,152018,-4.79005e-07,3422.98,184060,-1.14379e-07,3874.15,220884,2.64297e-07,4384.72,262283,3.44131e-07,4962.49,307576,7.5349e-08,5616.29,355497,-3.63097e-07,6356.1,404126,-6.05442e-07,7193.18,450932,-2.72333e-07,8140.28,492963,2.29675e-07,9211.79,527178,4.3387e-07,10424,550893,-1.0711e-07,10.102,8.06553,2.81012,10.6436,8.57909,0.869423,11.5336,10.2515,0.270869,12.7211,12.7138,0.0844293,14.1823,15.9373,0.0263173,15.9122,20.0383,0.0082035,17.9198,25.2154,0.00255722,20.2244,31.7373,0.000797017,22.8539,39.9486,0.000248622,25.8438,50.2851,7.75492e-05,29.237,63.2963,2.42508e-05,33.0837,79.6738,7.67162e-06,37.4415,100.288,2.32837e-06,42.3767,126.236,7.33e-07,47.9646,158.896,2.79256e-07,54.2906,200.003,9.87351e-09,61.452,251.741,1.61085e-07,69.5585,316.859,-2.47141e-07,78.7347,398.812,8.93552e-08,89.1218,501.948,-2.53231e-07,100.879,631.736,-1.25047e-07,114.188,795.049,-1.78808e-07,129.252,1000.53,2.6733e-07,146.304,1259.03,4.50292e-07,165.605,1584.19,6.76904e-07,187.452,1993.12,-1.23808e-07,212.181,2507.27,-4.89068e-07,240.173,3153.54,-5.40284e-07,271.856,3965.56,1.86061e-07,307.719,4985.38,4.37004e-07,348.313,6265.4,3.59828e-07,394.26,7870.83,3.98192e-07,446.268,9882.51,-1.92908e-07,505.135,12400.3,-2.20392e-07,571.766,15546.9,1.51705e-07,647.184,19472.2,5.74996e-07,732.547,24357.4,5.39112e-07,829.167,30420,5.07815e-09,938.526,37916.3,-4.11492e-07,1062.3,47143.9,-3.9561e-07,1202.4,58439.2,3.86185e-08,1360.96,72169.3,5.94093e-07,1540.42,88715.8,7.47693e-07,1743.53,108445,1.78537e-07,1973.41,131665,-4.12549e-07,2233.57,158557,-5.37164e-07,2528,189103,-1.17615e-07,2861.2,222986,5.66769e-07,3238.27,259510,9.45053e-07,3664.97,297540,4.25093e-07,4147.81,335497,-3.58506e-07,4694.17,371444,-6.7724e-07,5312.37,403256,1.67192e-07,1.61744,3.89446,9.84394,3.28846,7.5504,12.774,5.07607,11.7187,13.6844,7.03202,16.8147,13.9681,9.20215,23.1769,14.0566,11.6301,31.1672,14.0841,14.3598,41.2186,14.0927,17.4376,53.8688,14.0954,20.9137,69.7915,14.0962,24.8432,89.8341,14.0965,29.2879,115.063,14.0966,34.3168,146.819,14.0966,40.0078,186.792,14.0966,46.4487,237.107,14.0966,53.7388,300.44,14.0966,61.9903,380.158,14.0966,71.3301,480.499,14.0966,81.902,606.796,14.0966,93.8685,765.761,14.0966,107.414,965.837,14.0966,122.746,1217.65,14.0966,140.101,1534.57,14.0966,159.745,1933.41,14.0966,181.981,2435.3,14.0966,207.15,3066.85,14.0966,235.64,3861.46,14.0966,267.889,4861.11,14.0966,304.391,6118.54,14.0966,345.709,7699.91,14.0966,392.478,9688.22,14.0966,445.417,12187.5,14.0966,505.339,15327.7,14.0966,573.165,19271.6,14.0966,649.938,24222,14.0966,736.839,30430.9,14.0966,835.202,38211.5,14.0966,946.539,47950.3,14.0966,1072.56,60122.8,14.0966,1215.21,75309.9,14.0966,1376.66,94216.2,14.0966,1559.41,117688,14.0966,1766.26,146729,14.0966,2000.39,182510,14.0966,2265.39,226372,14.0966,2565.33,279806,14.0966,2904.81,344416,14.0966,3289.05,421845,14.0966,3723.93,513667,14.0966,4216.13,621231,14.0966,4773.18,745478,14.0966,5403.64,886744,14.0966,6117.15,1.04457e+06,14.0966,6924.63,1.2176e+06,14.0966,11.7194,11.96,12.6541,13.9321,16.1295,13.6434,16.6097,21.9702,13.9553,19.7532,29.5285,14.0526,23.3844,39.1143,14.0829,27.5423,51.2054,14.0923,32.2796,66.434,14.0953,37.662,85.6061,14.0962,43.7675,109.74,14.0965,50.687,140.119,14.0966,58.5249,178.359,14.0966,67.4005,226.493,14.0966,77.4493,287.08,14.0966,88.8254,363.343,14.0966,101.703,459.336,14.0966,116.281,580.161,14.0966,132.782,732.241,14.0966,151.46,923.655,14.0966,172.603,1164.57,14.0966,196.535,1467.79,14.0966,223.625,1849.39,14.0966,254.288,2329.62,14.0966,288.997,2933.93,14.0966,328.285,3694.33,14.0966,372.755,4651.04,14.0966,423.092,5854.57,14.0966,480.07,7368.38,14.0966,544.564,9272.08,14.0966,617.566,11665.5,14.0966,700.197,14673.6,14.0966,793.729,18452.9,14.0966,899.599,23198.6,14.0966,1019.43,29154.1,14.0966,1155.07,36622.3,14.0966,1308.6,45977.9,14.0966,1482.39,57683.7,14.0966,1679.09,72307.8,14.0966,1901.73,90542.8,14.0966,2153.73,113226,14.0966,2438.97,141360,14.0966,2761.81,176127,14.0966,3127.22,218898,14.0966,3540.81,271226,14.0966,4008.92,334817,14.0966,4538.74,411470,14.0966,5138.38,502973,14.0966,5817.04,610948,14.0966,6585.12,736653,14.0966,7454.39,880741,14.0966,8438.15,1.04302e+06,14.0966,9551.45,1.22224e+06,14.0966,10811.3,1.41602e+06,14.0966,12237,1.62086e+06,14.0966,11.7194,11.96,12.6541,2.21263,4.16949,0.989383,2.67766,5.84076,0.311842,3.14343,7.55825,0.0972771,3.63127,9.58578,0.0303237,4.15787,12.0912,0.00945211,4.73731,15.2286,0.00294633,5.38238,19.1721,0.000918508,6.10553,24.134,0.000286163,6.91951,30.3791,8.92692e-05,7.83792,38.2397,2.78121e-05,8.87555,48.1338,8.65134e-06,10.0489,60.5876,2.7882e-06,11.3761,76.2629,8.29036e-07,12.8779,95.9927,2.4373e-07,14.5775,120.825,4.33068e-09,16.5012,152.08,1.75749e-07,18.6784,191.415,-1.86328e-07,21.1428,240.917,1.91829e-07,23.9322,303.213,-1.81475e-07,27.0895,381.602,7.0186e-08,30.6634,480.231,-2.86769e-08,34.7087,604.316,2.40784e-07,39.2876,760.401,9.87368e-08,44.4705,956.705,1.22263e-07,50.3371,1203.54,-4.31966e-07,56.9776,1513.81,-1.9705e-07,64.494,1903.69,-2.763e-08,73.0018,2393.4,3.9185e-07,82.6317,3008.13,1.35379e-07,93.5318,3779.25,-4.16351e-08,105.869,4745.7,2.06965e-08,119.834,5955.6,-3.18887e-07,135.641,7468.12,-1.48271e-08,153.531,9355.62,2.00739e-07,173.781,11705.8,2.28358e-07,196.701,14624.1,-1.93587e-08,222.642,18235,-2.88101e-07,252.003,22683.4,-2.24732e-07,285.234,28134,8.56806e-09,322.845,34767,2.34258e-07,365.413,42770.9,2.99668e-07,413.588,52327.9,8.28644e-08,468.111,63591.2,-3.07049e-07,529.814,76653.2,-3.1888e-07,599.642,91502.5,-6.72276e-08,678.662,107975,2.26339e-07,768.083,125705,3.69212e-07,869.267,144088,2.04077e-07,983.76,162277,-2.80509e-07,1113.3,179223,-4.22737e-07,1259.87,193777,-1.71951e-07,1425.68,204839,4.55555e-07,11.7194,11.96,12.6541,2.21263,4.16949,0.989383,2.67766,5.84076,0.311842,3.14343,7.55825,0.0972771,3.63127,9.58578,0.0303237,4.15787,12.0912,0.00945211,4.73731,15.2286,0.00294633,5.38238,19.1721,0.000918508,6.10553,24.134,0.000286163,6.91951,30.3791,8.92692e-05,7.83792,38.2397,2.78121e-05,8.87555,48.1338,8.65134e-06,10.0489,60.5876,2.7882e-06,11.3761,76.2629,8.29036e-07,12.8779,95.9927,2.4373e-07,14.5775,120.825,1e-08,16.5012,152.08,1.75749e-07,18.6784,191.415,1e-08,21.1428,240.917,1.91829e-07,23.9322,303.213,1e-08,27.0895,381.602,7.0186e-08,30.6634,480.231,1e-08,34.7087,604.316,2.40784e-07,39.2876,760.401,9.87368e-08,44.4705,956.705,1.22263e-07,50.3371,1203.54,1e-08,56.9776,1513.81,1e-08,64.494,1903.69,1e-08,73.0018,2393.4,3.9185e-07,82.6317,3008.13,1.35379e-07,93.5318,3779.25,1e-08,105.869,4745.7,2.06965e-08,119.834,5955.6,1e-08,135.641,7468.12,1e-08,153.531,9355.62,2.00739e-07,173.781,11705.8,2.28358e-07,196.701,14624.1,1e-08,222.642,18235,1e-08,252.003,22683.4,1e-08,285.234,28134,1e-08,322.845,34767,2.34258e-07,365.413,42770.9,2.99668e-07,413.588,52327.9,8.28644e-08,468.111,63591.2,1e-08,529.814,76653.2,1e-08,599.642,91502.5,1e-08,678.662,107975,2.26339e-07,768.083,125705,3.69212e-07,869.267,144088,2.04077e-07,983.76,162277,1e-08,1113.3,179223,1e-08,1259.87,193777,1e-08,1425.68,204839,4.55555e-07,6.2823,3.27286,2.43537,0.219672,6.18826,2.24117,0.56371,6.87772,2.63624,0.308279,14,15,3,4,4,1,3,9,0,4,9,0,4,7,0,2,6,0,3,10,0,8,27,0,6,30,0,12,31,0,6,59,0,11,30,0,10,69,0,8,63,0,2,60,0,15,41,0,8,160,0,15,142,0,13,256,0,22,166,0,22,252,0,25,259,0,31,493,0,47,481,0,49,958,0,56,696,0,49,610,0,82,2020,0,62,2384,0,81,2790,0,223,3809,0,140,4136,0,223,5317,0,75,7691,0,88,2276,0,72,8195,0,197,13102,0,239,23089,0,412,26028,0,426,41728,0,204,43169,0,235,58828,0,446,24731,0,290,64967,0,638,62926,0,579,132042,0,860,36662,0,682,74086,0,1794,169349,0,1087,207360,0,359,85218,0,924,201334,0,1192,291618,0
-1.05176e+08,1,8.88811e-15,10,1023,0,1.05176e+08,0.528882,1.08665,0.389689,0.145397,0.379329,3.24381,0.161596,0.446195,1.77396,0.159177,1.15e+07,4.49998e+06,6.79999e+06,1.15e+07,4.49997e+06,6.79999e+06,1.15e+07,4.49996e+06,6.79999e+06,1.15e+07,4.49995e+06,6.79999e+06,1.14999e+07,4.49993e+06,6.79999e+06,1.14999e+07,4.49991e+06,6.79999e+06,1.14999e+07,4.49989e+06,6.79999e+06,1.14999e+07,4.49986e+06,6.79999e+06,1.14999e+07,4.49982e+06,6.79999e+06,1.14999e+07,4.49977e+06,6.79999e+06,1.14999e+07,4.49971e+06,6.79999e+06,1.14999e+07,4.49963e+06,6.79999e+06,1.14998e+07,4.49953e+06,6.79999e+06,1.14998e+07,4.49941e+06,6.79999e+06,1.14998e+07,4.49926e+06,6.79999e+06,1.14998e+07,4.49906e+06,6.79999e+06,1.14997e+07,4.49882e+06,6.79999e+06,1.14997e+07,4.49851e+06,6.79999e+06,1.14997e+07,4.49812e+06,6.79999e+06,1.14996e+07,4.49764e+06,6.79999e+06,1.14996e+07,4.49702e+06,6.79999e+06,1.14995e+07,4.49625e+06,6.79999e+06,1.14995e+07,4.49528e+06,6.79999e+06,1.14994e+07,4.49406e+06,6.79999e+06,1.14993e+07,4.49253e+06,6.79999e+06,1.14992e+07,4.49059e+06,6.79999e+06,1.14991e+07,4.48817e+06,6.79999e+06,1.1499e+07,4.48511e+06,6.79999e+06,1.14988e+07,4.48128e+06,6.79999e+06,1.14987e+07,4.47646e+06,6.79999e+06,1.14985e+07,4.47041e+06,6.79999e+06,1.14983e+07,4.46281e+06,6.79999e+06,1.14981e+07,4.4533e+06,6.79999e+06,1.14979e+07,4.44138e+06,6.79999e+06,1.14976e+07,4.42649e+06,6.79999e+06,1.14972e+07,4.40789e+06,6.79999e+06,1.14969e+07,4.38471e+06,6.79999e+06,1.14965e+07,4.35592e+06,6.79999e+06,1.1496e+07,4.32027e+06,6.79999e+06,1.14955e+07,4.27629e+06,6.79999e+06,1.14949e+07,4.22231e+06,6.79999e+06,1.14942e+07,4.15647e+06,6.79999e+06,1.14934e+07,4.07676e+06,6.79999e+06,1.14926e+07,3.98112e+06,6.79999e+06,1.14916e+07,3.86765e+06,6.79999e+06,1.14905e+07,3.73474e+06,6.79999e+06,1.14892e+07,3.58148e+06,6.79999e+06,1.14878e+07,3.40785e+06,6.79999e+06,1.14862e+07,3.21513e+06,6.79999e+06,1.14844e+07,3.00605e+06,6.79999e+06,1.14823e+07,2.7848e+06,6.79999e+06,1.148e+07,2.5568e+06,6.79999e+06,1.14773e+07,2.32825e+06,6.79999e+06,13.5742,8.52444,0.508366,16.8306,13.2585,0.162638,20.0035,17.569,0.0507846,23.2616,22.4214,0.0158319,26.7328,28.3297,0.00493498,30.5212,35.6974,0.00153831,34.7178,44.9473,0.000479527,39.4086,56.5822,0.000149456,44.6796,71.2245,4.66214e-05,50.6209,89.6543,1.45419e-05,57.3297,112.852,4.54748e-06,64.9129,142.051,1.43857e-06,73.4897,178.803,4.36618e-07,83.1934,225.062,1.40153e-07,94.1745,283.286,4.96378e-08,106.602,356.568,1.05434e-07,120.669,448.799,-6.49244e-08,136.59,564.873,1.70148e-07,154.611,710.948,-5.34594e-08,175.008,894.767,1.63407e-07,198.097,1126.06,8.04804e-08,224.231,1417.07,1.14667e-07,253.813,1783.15,-1.71227e-07,287.297,2243.62,-2.88466e-07,325.198,2822.67,-4.33651e-07,368.098,3550.67,7.9318e-08,416.657,4465.65,3.13319e-07,471.621,5615.16,3.4613e-07,533.835,7058.61,-1.19199e-07,604.255,8870.02,-2.79964e-07,683.962,11141.4,-2.30521e-07,774.182,13986.7,-2.55099e-07,876.299,17546.4,1.23585e-07,991.883,21993.1,1.41192e-07,1122.71,27536.7,-9.71886e-08,1270.78,34430.7,-3.68368e-07,1438.38,42977.7,-3.45379e-07,1628.07,53532.7,-3.25328e-09,1842.77,66504.6,2.6362e-07,2085.77,82350.2,2.53445e-07,2360.79,101560,-2.47407e-08,2672.05,124632,-3.80602e-07,3024.31,152018,-4.79005e-07,3422.98,184060,-1.14379e-07,3874.15,220884,2.64297e-07,4384.72,262283,3.44131e-07,4962.49,307576,7.5349e-08,5616.29,355497,-3.63097e-07,6356.1,404126,-6.05442e-07,7193.18,450932,-2.72333e-07,8140.28,492963,2.29675e-07,9211.79,527178,4.3387e-07,10424,550893,-1.0711e-07,10.102,8.06553,2.81012,10.6436,8.57909,0.869423,11.5336,10.2515,0.270869,12.7211,12.7138,0.0844293,14.1823,15.9373,0.0263173,15.9122,20.0383,0.0082035,17.9198,25.2154,0.00255722,20.2244,31.7373,0.000797017,22.8539,39.9486,0.000248622,25.8438,50.2851,7.75492e-05,29.237,63.2963,2.42508e-05,33.0837,79.6738,7.67162e-06,37.4415,100.288,2.32837e-06,42.3767,126.236,7.33e-07,47.9646,158.896,2.79256e-07,54.2906,200.003,9.87351e-09,61.452,251.741,1.61085e-07,69.5585,316.859,-2.47141e-07,78.7347,398.812,8.93552e-08,89.1218,501.948,-2.53231e-07,100.879,631.736,-1.25047e-07,114.188,795.049,-1.78808e-07,129.252,1000.53,2.6733e-07,146.304,1259.03,4.50292e-07,165.605,1584.19,6.76904e-07,187.452,1993.12,-1.23808e-07,212.181,2507.27,-4.89068e-07,240.173,3153.54,-5.40284e-07,271.856,3965.56,1.86061e-07,307.719,4985.38,4.37004e-07,348.313,6265.4,3.59828e-07,394.26,7870.83,3.98192e-07,446.268,9882.51,-1.92908e-07,505.135,12400.3,-2.20392e-07,571.766,15546.9,1.51705e-07,647.184,19472.2,5.74996e-07,732.547,24357.4,5.39112e-07,829.167,30420,5.07815e-09,938.526,37916.3,-4.11492e-07,1062.3,47143.9,-3.9561e-07,1202.4,58439.2,3.86185e-08,1360.96,72169.3,5.94093e-07,1540.42,88715.8,7.47693e-07,1743.53,108445,1.78537e-07,1973.41,131665,-4.12549e-07,2233.57,158557,-5.37164e-07,2528,189103,-1.17615e-07,2861.2,222986,5.66769e-07,3238.27,259510,9.45053e-07,3664.97,297540,4.25093e-07,4147.81,335497,-3.58506e-07,4694.17,371444,-6.7724e-07,5312.37,403256,1.67192e-07,1.61744,3.89446,9.84394,3.28846,7.5504,12.774,5.07607,11.7187,13.6844,7.03202,16.8147,13.9681,9.20215,23.1769,14.0566,11.6301,31.1672,14.0841,14.3598,41.2186,14.0927,17.4376,53.8688,14.0954,20.9137,69.7915,14.0962,24.8432,89.8341,14.0965,29.2879,115.063,14.0966,34.3168,146.819,14.0966,40.0078,186.792,14.0966,46.4487,237.107,14.0966,53.7388,300.44,14.0966,61.9903,380.158,14.0966,71.3301,480.499,14.0966,81.902,606.796,14.0966,93.8685,765.761,14.0966,107.414,965.837,14.0966,122.746,1217.65,14.0966,140.101,1534.57,14.0966,159.745,1933.41,14.0966,181.981,2435.3,14.0966,207.15,3066.85,14.0966,235.64,3861.46,14.0966,267.889,4861.11,14.0966,304.391,6118.54,14.0966,345.709,7699.91,14.0966,392.478,9688.22,14.0966,445.417,12187.5,14.0966,505.339,15327.7,14.0966,573.165,19271.6,14.0966,649.938,24222,14.0966,736.839,30430.9,14.0966,835.202,38211.5,14.0966,946.539,47950.3,14.0966,1072.56,60122.8,14.0966,1215.21,75309.9,14.0966,1376.66,94216.2,14.0966,1559.41,117688,14.0966,1766.26,146729,14.0966,2000.39,182510,14.0966,2265.39,226372,14.0966,2565.33,279806,14.0966,2904.81,344416,14.0966,3289.05,421845,14.0966,3723.93,513667,14.0966,4216.13,621231,14.0966,4773.18,745478,14.0966,5403.64,886744,14.0966,6117.15,1.04457e+06,14.0966,6924.63,1.2176e+06,14.0966,11.7194,11.96,12.6541,13.9321,16.1295,13.6434,16.6097,21.9702,13.9553,19.7532,29.5285,14.0526,23.3844,39.1143,14.0829,27.5423,51.2054,14.0923,32.2796,66.434,14.0953,37.662,85.6061,14.0962,43.7675,109.74,14.0965,50.687,140.119,14.0966,58.5249,178.359,14.0966,67.4005,226.493,14.0966,77.4493,287.08,14.0966,88.8254,363.343,14.0966,101.703,459.336,14.0966,116.281,580.161,14.0966,132.782,732.241,14.0966,151.46,923.655,14.0966,172.603,1164.57,14.0966,196.535,1467.79,14.0966,223.625,1849.39,14.0966,254.288,2329.62,14.0966,288.997,2933.93,14.0966,328.285,3694.33,14.0966,372.755,4651.04,14.0966,423.092,5854.57,14.0966,480.07,7368.38,14.0966,544.564,9272.08,14.0966,617.566,11665.5,14.0966,700.197,14673.6,14.0966,793.729,18452.9,14.0966,899.599,23198.6,14.0966,1019.43,29154.1,14.0966,1155.07,36622.3,14.0966,1308.6,45977.9,14.0966,1482.39,57683.7,14.0966,1679.09,72307.8,14.0966,1901.73,90542.8,14.0966,2153.73,113226,14.0966,2438.97,141360,14.0966,2761.81,176127,14.0966,3127.22,218898,14.0966,3540.81,271226,14.0966,4008.92,334817,14.0966,4538.74,411470,14.0966,5138.38,502973,14.0966,5817.04,610948,14.0966,6585.12,736653,14.0966,7454.39,880741,14.0966,8438.15,1.04302e+06,14.0966,9551.45,1.22224e+06,14.0966,10811.3,1.41602e+06,14.0966,12237,1.62086e+06,14.0966,11.7194,11.96,12.6541,2.21263,4.16949,0.989383,2.67766,5.84076,0.311842,3.14343,7.55825,0.0972771,3.63127,9.58578,0.0303237,4.15787,12.0912,0.00945211,4.73731,15.2286,0.00294633,5.38238,19.1721,0.000918508,6.10553,24.134,0.000286163,6.91951,30.3791,8.92692e-05,7.83792,38.2397,2.78121e-05,8.87555,48.1338,8.65134e-06,10.0489,60.5876,2.7882e-06,11.3761,76.2629,8.29036e-07,12.8779,95.9927,2.4373e-07,14.5775,120.825,4.33068e-09,16.5012,152.08,1.75749e-07,18.6784,191.415,-1.86328e-07,21.1428,240.917,1.91829e-07,23.9322,303.213,-1.81475e-07,27.0895,381.602,7.0186e-08,30.6634,480.231,-2.86769e-08,34.7087,604.316,2.40784e-07,39.2876,760.401,9.87368e-08,44.4705,956.705,1.22263e-07,50.3371,1203.54,-4.31966e-07,56.9776,1513.81,-1.9705e-07,64.494,1903.69,-2.763e-08,73.0018,2393.4,3.9185e-07,82.6317,3008.13,1.35379e-07,93.5318,3779.25,-4.16351e-08,105.869,4745.7,2.06965e-08,119.834,5955.6,-3.18887e-07,135.641,7468.12,-1.48271e-08,153.531,9355.62,2.00739e-07,173.781,11705.8,2.28358e-07,196.701,14624.1,-1.93587e-08,222.642,18235,-2.88101e-07,252.003,22683.4,-2.24732e-07,285.234,28134,8.56806e-09,322.845,34767,2.34258e-07,365.413,42770.9,2.99668e-07,413.588,52327.9,8.28644e-08,468.111,63591.2,-3.07049e-07,529.814,76653.2,-3.1888e-07,599.642,91502.5,-6.72276e-08,678.662,107975,2.26339e-07,768.083,125705,3.69212e-07,869.267,144088,2.04077e-07,983.76,162277,-2.80509e-07,1113.3,179223,-4.22737e-07,1259.87,193777,-1.71951e-07,1425.68,204839,4.55555e-07,11.7194,11.96,12.6541,2.21263,4.16949,0.989383,2.67766,5.84076,0.311842,3.14343,7.55825,0.0972771,3.63127,9.58578,0.0303237,4.15787,12.0912,0.00945211,4.73731,15.2286,0.00294633,5.38238,19.1721,0.000918508,6.10553,24.134,0.000286163,6.91951,30.3791,8.92692e-05,7.83792,38.2397,2.78121e-05,8.87555,48.1338,8.65134e-06,10.0489,60.5876,2.7882e-06,11.3761,76.2629,8.29036e-07,12.8779,95.9927,2.4373e-07,14.5775,120.825,1e-08,16.5012,152.08,1.75749e-07,18.6784,191.415,1e-08,21.1428,240.917,1.91829e-07,23.9322,303.213,1e-08,27.0895,381.602,7.0186e-08,30.6634,480.231,1e-08,34.7087,604.316,2.40784e-07,39.2876,760.401,9.87368e-08,44.4705,956.705,1.22263e-07,50.3371,1203.54,1e-08,56.9776,1513.81,1e-08,64.494,1903.69,1e-08,73.0018,2393.4,3.9185e-07,82.6317,3008.13,1.35379e-07,93.5318,3779.25,1e-08,105.869,4745.7,2.06965e-08,119.834,5955.6,1e-08,135.641,7468.12,1e-08,153.531,9355.62,2.00739e-07,173.781,11705.8,2.28358e-07,196.701,14624.1,1e-08,222.642,18235,1e-08,252.003,22683.4,1e-08,285.234,28134,1e-08,322.845,34767,2.34258e-07,365.413,42770.9,2.99668e-07,413.588,52327.9,8.28644e-08,468.111,63591.2,1e-08,529.814,76653.2,1e-08,599.642,91502.5,1e-08,678.662,107975,2.26339e-07,768.083,125705,3.69212e-07,869.267,144088,2.04077e-07,983.76,162277,1e-08,1113.3,179223,1e-08,1259.87,193777,1e-08,1425.68,204839,4.55555e-07,6.2823,3.27286,2.43537,0.219672,6.18826,2.24117,0.56371,6.87772,2.63624,0.308279,14,9,6,3,8,0,3,8,1,2,8,0,1,9,0,4,5,0,1,16,0,6,15,0,12,30,0,5,33,0,3,14,0,6,25,0,7,57,0,10,59,0,1,45,0,8,179,0,29,254,0,11,157,0,34,147,0,35,220,0,19,435,0,44,562,0,47,388,0,67,564,0,105,725,0,37,1683,0,46,2434,0,84,2115,0,39,3878,0,54,6575,0,54,2261,0,211,4757,0,67,9453,0,194,4337,0,201,7509,0,140,19841,0,124,13341,0,158,20092,0,214,35860,0,184,30910,0,400,29743,0,216,49139,0,261,49157,0,445,80986,0,307,38313,0,834,30785,0,877,119820,0,869,99213,0,1190,148909,0,1275,162420,0,1024,321331,0,1661,266060,0,3703,368500,0
-1.05176e+08,1,8.88811e-15,10,1023,0,1.05176e+08,0.528882,1.08665,0.389689,0.145397,0.379329,3.24381,0.161596,0.446195,1.77396,0.159177,1.15e+07,4.49998e+06,6.79999e+06,1.15e+07,4.49997e+06,6.79999e+06,1.15e+07,4.49996e+06,6.79999e+06,1.15e+07,4.49995e+06,6.79999e+06,1.14999e+07,4.49993e+06,6.79999e+06,1.14999e+07,4.49991e+06,6.79999e+06,1.14999e+07,4.49989e+06,6.79999e+06,1.14999e+07,4.49986e+06,6.79999e+06,1.14999e+07,4.49982e+06,6.79999e+06,1.14999e+07,4.49977e+06,6.79999e+06,1.14999e+07,4.49971e+06,6.79999e+06,1.14999e+07,4.49963e+06,6.79999e+06,1.14998e+07,4.49953e+06,6.79999e+06,1.14998e+07,4.49941e+06,6.79999e+06,1.14998e+07,4.49926e+06,6.79999e+06,1.14998e+07,4.49906e+06,6.79999e+06,1.14997e+07,4.49882e+06,6.79999e+06,1.14997e+07,4.49851e+06,6.79999e+06,1.14997e+07,4.49812e+06,6.79999e+06,1.14996e+07,4.49764e+06,6.79999e+06,1.14996e+07,4.49702e+06,6.79999e+06,1.14995e+07,4.49625e+06,6.79999e+06,1.14995e+07,4.49528e+06,6.79999e+06,1.14994e+07,4.49406e+06,6.79999e+06,1.14993e+07,4.49253e+06,6.79999e+06,1.14992e+07,4.49059e+06,6.79999e+06,1.14991e+07,4.48817e+06,6.79999e+06,1.1499e+07,4.48511e+06,6.79999e+06,1.14988e+07,4.48128e+06,6.79999e+06,1.14987e+07,4.47646e+06,6.79999e+06,1.14985e+07,4.47041e+06,6.79999e+06,1.14983e+07,4.46281e+06,6.79999e+06,1.14981e+07,4.4533e+06,6.79999e+06,1.14979e+07,4.44138e+06,6.79999e+06,1.14976e+07,4.42649e+06,6.79999e+06,1.14972e+07,4.40789e+06,6.79999e+06,1.14969e+07,4.38471e+06,6.79999e+06,1.14965e+07,4.35592e+06,6.79999e+06,1.1496e+07,4.32027e+06,6.79999e+06,1.14955e+07,4.27629e+06,6.79999e+06,1.14949e+07,4.22231e+06,6.79999e+06,1.14942e+07,4.15647e+06,6.79999e+06,1.14934e+07,4.07676e+06,6.79999e+06,1.14926e+07,3.98112e+06,6.79999e+06,1.14916e+07,3.86765e+06,6.79999e+06,1.14905e+07,3.73474e+06,6.79999e+06,1.14892e+07,3.58148e+06,6.79999e+06,1.14878e+07,3.40785e+06,6.79999e+06,1.14862e+07,3.21513e+06,6.79999e+06,1.14844e+07,3.00605e+06,6.79999e+06,1.14823e+07,2.7848e+06,6.79999e+06,1.148e+07,2.5568e+06,6.79999e+06,1.14773e+07,2.32825e+06,6.79999e+06,13.5742,8.52444,0.508366,16.8306,13.2585,0.162638,20.0035,17.569,0.0507846,23.2616,22.4214,0.0158319,26.7328,28.3297,0.00493498,30.5212,35.6974,0.00153831,34.7178,44.9473,0.000479527,39.4086,56.5822,0.000149456,44.6796,71.2245,4.66214e-05,50.6209,89.6543,1.45419e-05,57.3297,112.852,4.54748e-06,64.9129,142.051,1.43857e-06,73.4897,178.803,4.36618e-07,83.1934,225.062,1.40153e-07,94.1745,283.286,4.96378e-08,106.602,356.568,1.05434e-07,120.669,448.799,-6.49244e-08,136.59,564.873,1.70148e-07,154.611,710.948,-5.34594e-08,175.008,894.767,1.63407e-07,198.097,1126.06,8.04804e-08,224.231,1417.07,1.14667e-07,253.813,1783.15,-1.71227e-07,287.297,2243.62,-2.88466e-07,325.198,2822.67,-4.33651e-07,368.098,3550.67,7.9318e-08,416.657,4465.65,3.13319e-07,471.621,5615.16,3.4613e-07,533.835,7058.61,-1.19199e-07,604.255,8870.02,-2.79964e-07,683.962,11141.4,-2.30521e-07,774.182,13986.7,-2.55099e-07,876.299,17546.4,1.23585e-07,991.883,21993.1,1.41192e-07,1122.71,27536.7,-9.71886e-08,1270.78,34430.7,-3.68368e-07,1438.38,42977.7,-3.45379e-07,1628.07,53532.7,-3.25328e-09,1842.77,66504.6,2.6362e-07,2085.77,82350.2,2.53445e-07,2360.79,101560,-2.47407e-08,2672.05,124632,-3.80602e-07,3024.31,152018,-4.79005e-07,3422.98,184060,-1.14379e-07,3874.15,220884,2.64297e-07,4384.72,262283,3.44131e-07,4962.49,307576,7.5349e-08,5616.29,355497,-3.63097e-07,6356.1,404126,-6.05442e-07,7193.18,450932,-2.72333e-07,8140.28,492963,2.29675e-07,9211.79,527178,4.3387e-07,10424,550893,-1.0711e-07,10.102,8.06553,2.81012,10.6436,8.57909,0.869423,11.5336,10.2515,0.270869,12.7211,12.7138,0.0844293,14.1823,15.9373,0.0263173,15.9122,20.0383,0.0082035,17.9198,25.2154,0.00255722,20.2244,31.7373,0.000797017,22.8539,39.9486,0.000248622,25.8438,50.2851,7.75492e-05,29.237,63.2963,2.42508e-05,33.0837,79.6738,7.67162e-06,37.4415,100.288,2.32837e-06,42.3767,126.236,7.33e-07,47.9646,158.896,2.79256e-07,54.2906,200.003,9.87351e-09,61.452,251.741,1.61085e-07,69.5585,316.859,-2.47141e-07,78.7347,398.812,8.93552e-08,89.1218,501.948,-2.53231e-07,100.879,631.736,-1.25047e-07,114.188,795.049,-1.78808e-07,129.252,1000.53,2.6733e-07,146.304,1259.03,4.50292e-07,165.605,1584.19,6.76904e-07,187.452,1993.12,-1.23808e-07,212.181,2507.27,-4.89068e-07,240.173,3153.54,-5.40284e-07,271.856,3965.56,1.86061e-07,307.719,4985.38,4.37004e-07,348.313,6265.4,3.59828e-07,394.26,7870.83,3.98192e-07,446.268,9882.51,-1.92908e-07,505.135,12400.3,-2.20392e-07,571.766,15546.9,1.51705e-07,647.184,19472.2,5.74996e-07,732.547,24357.4,5.39112e-07,829.167,30420,5.07815e-09,938.526,37916.3,-4.11492e-07,1062.3,47143.9,-3.9561e-07,1202.4,58439.2,3.86185e-08,1360.96,72169.3,5.94093e-07,1540.42,88715.8,7.47693e-07,1743.53,108445,1.78537e-07,1973.41,131665,-4.12549e-07,2233.57,158557,-5.37164e-07,2528,189103,-1.17615e-07,2861.2,222986,5.66769e-07,3238.27,259510,9.45053e-07,3664.97,297540,4.25093e-07,4147.81,335497,-3.58506e-07,4694.17,371444,-6.7724e-07,5312.37,403256,1.67192e-07,1.61744,3.89446,9.84394,3.28846,7.5504,12.774,5.07607,11.7187,13.6844,7.03202,16.8147,13.9681,9.20215,23.1769,14.0566,11.6301,31.1672,14.0841,14.3598,41.2186,14.0927,17.4376,53.8688,14.0954,20.9137,69.7915,14.0962,24.8432,89.8341,14.0965,29.2879,115.063,14.0966,34.3168,146.819,14.0966,40.0078,186.792,14.0966,46.4487,237.107,14.0966,53.7388,300.44,14.0966,61.9903,380.158,14.0966,71.3301,480.499,14.0966,81.902,606.796,14.0966,93.8685,765.761,14.0966,107.414,965.837,14.0966,122.746,1217.65,14.0966,140.101,1534.57,14.0966,159.745,1933.41,14.0966,181.981,2435.3,14.0966,207.15,3066.85,14.0966,235.64,3861.46,14.0966,267.889,4861.11,14.0966,304.391,6118.54,14.0966,345.709,7699.91,14.0966,392.478,9688.22,14.0966,445.417,12187.5,14.0966,505.339,15327.7,14.0966,573.165,19271.6,14.0966,649.938,24222,14.0966,736.839,30430.9,14.0966,835.202,38211.5,14.0966,946.539,47950.3,14.0966,1072.56,60122.8,14.0966,1215.21,75309.9,14.0966,1376.66,94216.2,14.0966,1559.41,117688,14.0966,1766.26,146729,14.0966,2000.39,182510,14.0966,2265.39,226372,14.0966,2565.33,279806,14.0966,2904.81,344416,14.0966,3289.05,421845,14.0966,3723.93,513667,14.0966,4216.13,621231,14.0966,4773.18,745478,14.0966,5403.64,886744,14.0966,6117.15,1.04457e+06,14.0966,6924.63,1.2176e+06,14.0966,11.7194,11.96,12.6541,13.9321,16.1295,13.6434,16.6097,21.9702,13.9553,19.7532,29.5285,14.0526,23.3844,39.1143,14.0829,27.5423,51.2054,14.0923,32.2796,66.434,14.0953,37.662,85.6061,14.0962,43.7675,109.74,14.0965,50.687,140.119,14.0966,58.5249,178.359,14.0966,67.4005,226.493,14.0966,77.4493,287.08,14.0966,88.8254,363.343,14.0966,101.703,459.336,14.0966,116.281,580.161,14.0966,132.782,732.241,14.0966,151.46,923.655,14.0966,172.603,1164.57,14.0966,196.535,1467.79,14.0966,223.625,1849.39,14.0966,254.288,2329.62,14.0966,288.997,2933.93,14.0966,328.285,3694.33,14.0966,372.755,4651.04,14.0966,423.092,5854.57,14.0966,480.07,7368.38,14.0966,544.564,9272.08,14.0966,617.566,11665.5,14.0966,700.197,14673.6,14.0966,793.729,18452.9,14.0966,899.599,23198.6,14.0966,1019.43,29154.1,14.0966,1155.07,36622.3,14.0966,1308.6,45977.9,14.0966,1482.39,57683.7,14.0966,1679.09,72307.8,14.0966,1901.73,90542.8,14.0966,2153.73,113226,14.0966,2438.97,141360,14.0966,2761.81,176127,14.0966,3127.22,218898,14.0966,3540.81,271226,14.0966,4008.92,334817,14.0966,4538.74,411470,14.0966,5138.38,502973,14.0966,5817.04,610948,14.0966,6585.12,736653,14.0966,7454.39,880741,14.0966,8438.15,1.04302e+06,14.0966,9551.45,1.22224e+06,14.0966,10811.3,1.41602e+06,14.0966,12237,1.62086e+06,14.0966,11.7194,11.96,12.6541,2.21263,4.16949,0.989383,2.67766,5.84076,0.311842,3.14343,7.55825,0.0972771,3.63127,9.58578,0.0303237,4.15787,12.0912,0.00945211,4.73731,15.2286,0.00294633,5.38238,19.1721,0.000918508,6.10553,24.134,0.000286163,6.91951,30.3791,8.92692e-05,7.83792,38.2397,2.78121e-05,8.87555,48.1338,8.65134e-06,10.0489,60.5876,2.7882e-06,11.3761,76.2629,8.29036e-07,12.8779,95.9927,2.4373e-07,14.5775,120.825,4.33068e-09,16.5012,152.08,1.75749e-07,18.6784,191.415,-1.86328e-07,21.1428,240.917,1.91829e-07,23.9322,303.213,-1.81475e-07,27.0895,381.602,7.0186e-08,30.6634,480.231,-2.86769e-08,34.7087,604.316,2.40784e-07,39.2876,760.401,9.87368e-08,44.4705,956.705,1.22263e-07,50.3371,1203.54,-4.31966e-07,56.9776,1513.81,-1.9705e-07,64.494,1903.69,-2.763e-08,73.0018,2393.4,3.9185e-07,82.6317,3008.13,1.35379e-07,93.5318,3779.25,-4.16351e-08,105.869,4745.7,2.06965e-08,119.834,5955.6,-3.18887e-07,135.641,7468.12,-1.48271e-08,153.531,9355.62,2.00739e-07,173.781,11705.8,2.28358e-07,196.701,14624.1,-1.93587e-08,222.642,18235,-2.88101e-07,252.003,22683.4,-2.24732e-07,285.234,28134,8.56806e-09,322.845,34767,2.34258e-07,365.413,42770.9,2.99668e-07,413.588,52327.9,8.28644e-08,468.111,63591.2,-3.07049e-07,529.814,76653.2,-3.1888e-07,599.642,91502.5,-6.72276e-08,678.662,107975,2.26339e-07,768.083,125705,3.69212e-07,869.267,144088,2.04077e-07,983.76,162277,-2.80509e-07,1113.3,179223,-4.22737e-07,1259.87,193777,-1.71951e-07,1425.68,204839,4.55555e-07,11.7194,11.96,12.6541,2.21263,4.16949,0.989383,2.67766,5.84076,0.311842,3.14343,7.55825,0.0972771,3.63127,9.58578,0.0303237,4.15787,12.0912,0.00945211,4.73731,15.2286,0.00294633,5.38238,19.1721,0.000918508,6.10553,24.134,0.000286163,6.91951,30.3791,8.92692e-05,7.83792,38.2397,2.78121e-05,8.87555,48.1338,8.65134e-06,10.0489,60.5876,2.7882e-06,11.3761,76.2629,8.29036e-07,12.8779,95.9927,2.4373e-07,14.5775,120.825,1e-08,16.5012,152.08,1.75749e-07,18.6784,191.415,1e-08,21.1428,240.917,1.91829e-07,23.9322,303.213,1e-08,27.0895,381.602,7.0186e-08,30.6634,480.231,1e-08,34.7087,604.316,2.40784e-07,39.2876,760.401,9.87368e-08,44.4705,956.705,1.22263e-07,50.3371,1203.54,1e-08,56.9776,1513.81,1e-08,64.494,1903.69,1e-08,73.0018,2393.4,3.9185e-07,82.6317,3008.13,1.35379e-07,93.5318,3779.25,1e-08,105.869,4745.7,2.06965e-08,119.834,5955.6,1e-08,135.641,7468.12,1e-08,153.531,9355.62,2.00739e-07,173.781,11705.8,2.28358e-07,196.701,14624.1,1e-08,222.642,18235,1e-08,252.003,22683.4,1e-08,285.234,28134,1e-08,322.845,34767,2.34258e-07,365.413,42770.9,2.99668e-07,413.588,52327.9,8.28644e-08,468.111,63591.2,1e-08,529.814,76653.2,1e-08,599.642,91502.5,1e-08,678.662,107975,2.26339e-07,768.083,125705,3.69212e-07,869.267,144088,2.04077e-07,983.76,162277,1e-08,1113.3,179223,1e-08,1259.87,193777,1e-08,1425.68,204839,4.55555e-07,6.2823,3.27286,2.43537,0.219672,6.18826,2.24117,0.56371,6.87772,2.63624,0.308279,8,10,8,3,5,3,2,1,0,1,15,0,9,4,0,1,16,0,4,19,0,2,10,0,10,37,0,11,40,0,10,41,0,5,51,0,4,67,0,13,70,0,6,111,0,19,176,0,11,191,0,19,193,0,25,166,0,27,468,0,30,477,0,17,815,0,34,536,0,48,753,0,67,970,0,47,1334,0,99,1383,0,31,1934,0,33,3634,0,87,3081,0,104,5944,0,124,5591,0,120,9376,0,58,5114,0,95,11689,0,138,14235,0,252,17609,0,238,12522,0,208,28360,0,336,14369,0,495,44690,0,214,55173,0,398,56999,0,432,95668,0,738,92492,0,720,149734,0,655,87755,0,685,146177,0,537,187470,0,1325,117743,0,1246,232322,0,817,299667,0,1761,187893,0
-1.05176e+08,1.3692e-11,8.88811e-15,10,1023,0,1.05176e+08,0.528882,1.08665,0.389689,0.145397,0.379329,3.24381,0.161596,0.446195,1.77396,0.159177,1.15e+07,4.49998e+06,6.79999e+06,1.15e+07,4.49997e+06,6.79999e+06,1.15e+07,4.49996e+06,6.79999e+06,1.15e+07,4.49995e+06,6.79999e+06,1.14999e+07,4.49993e+06,6.79999e+06,1.14999e+07,4.49991e+06,6.79999e+06,1.14999e+07,4.49989e+06,6.79999e+06,1.14999e+07,4.49986e+06,6.79999e+06,1.14999e+07,4.49982e+06,6.79999e+06,1.14999e+07,4.49977e+06,6.79999e+06,1.14999e+07,4.49971e+06,6.79999e+06,1.14999e+07,4.49963e+06,6.79999e+06,1.14998e+07,4.49953e+06,6.79999e+06,1.14998e+07,4.49941e+06,6.79999e+06,1.14998e+07,4.49926e+06,6.79999e+06,1.14998e+07,4.49906e+06,6.79999e+06,1.14997e+07,4.49882e+06,6.79999e+06,1.14997e+07,4.49851e+06,6.79999e+06,1.14997e+07,4.49812e+06,6.79999e+06,1.14996e+07,4.49764e+06,6.79999e+06,1.14996e+07,4.49702e+06,6.79999e+06,1.14995e+07,4.49625e+06,6.79999e+06,1.14995e+07,4.49528e+06,6.79999e+06,1.14994e+07,4.49406e+06,6.79999e+06,1.14993e+07,4.49253e+06,6.79999e+06,1.14992e+07,4.49059e+06,6.79999e+06,1.14991e+07,4.48817e+06,6.79999e+06,1.1499e+07,4.48511e+06,6.79999e+06,1.14988e+07,4.48128e+06,6.79999e+06,1.14987e+07,4.47646e+06,6.79999e+06,1.14985e+07,4.47041e+06,6.79999e+06,1.14983e+07,4.46281e+06,6.79999e+06,1.14981e+07,4.4533e+06,6.79999e+06,1.14979e+07,4.44138e+06,6.79999e+06,1.14976e+07,4.42649e+06,6.79999e+06,1.14972e+07,4.40789e+06,6.79999e+06,1.14969e+07,4.38471e+06,6.79999e+06,1.14965e+07,4.35592e+06,6.79999e+06,1.1496e+07,4.32027e+06,6.79999e+06,1.14955e+07,4.27629e+06,6.79999e+06,1.14949e+07,4.22231e+06,6.79999e+06,1.14942e+07,4.15647e+06,6.79999e+06,1.14934e+07,4.07676e+06,6.79999e+06,1.14926e+07,3.98112e+06,6.79999e+06,1.14916e+07,3.86765e+06,6.79999e+06,1.14905e+07,3.73474e+06,6.79999e+06,1.14892e+07,3.58148e+06,6.79999e+06,1.14878e+07,3.40785e+06,6.79999e+06,1.14862e+07,3.21513e+06,6.79999e+06,1.14844e+07,3.00605e+06,6.79999e+06,1.14823e+07,2.7848e+06,6.79999e+06,1.148e+07,2.5568e+06,6.79999e+06,1.14773e+07,2.32825e+06,6.79999e+06,13.5742,8.52444,0.508366,16.8306,13.2585,0.162638,20.0035,17.569,0.0507846,23.2616,22.4214,0.0158319,26.7328,28.3297,0.00493498,30.5212,35.6974,0.00153831,34.7178,44.9473,0.000479527,39.4086,56.5822,0.000149456,44.6796,71.2245,4.66214e-05,50.6209,89.6543,1.45419e-05,57.3297,112.852,4.54748e-06,64.9129,142.051,1.43857e-06,73.4897,178.803,4.36618e-07,83.1934,225.062,1.40153e-07,94.1745,283.286,4.96378e-08,106.602,356.568,1.05434e-07,120.669,448.799,-6.49244e-08,136.59,564.873,1.70148e-07,154.611,710.948,-5.34594e-08,175.008,894.767,1.63407e-07,198.097,1126.06,8.04804e-08,224.231,1417.07,1.14667e-07,253.813,1783.15,-1.71227e-07,287.297,2243.62,-2.88466e-07,325.198,2822.67,-4.33651e-07,368.098,3550.67,7.9318e-08,416.657,4465.65,3.13319e-07,471.621,5615.16,3.4613e-07,533.835,7058.61,-1.19199e-07,604.255,8870.02,-2.79964e-07,683.962,11141.4,-2.30521e-07,774.182,13986.7,-2.55099e-07,876.299,17546.4,1.23585e-07,991.883,21993.1,1.41192e-07,1122.71,27536.7,-9.71886e-08,1270.78,34430.7,-3.68368e-07,1438.38,42977.7,-3.45379e-07,1628.07,53532.7,-3.25328e-09,1842.77,66504.6,2.6362e-07,2085.77,82350.2,2.53445e-07,2360.79,101560,-2.47407e-08,2672.05,124632,-3.80602e-07,3024.31,152018,-4.79005e-07,3422.98,184060,-1.14379e-07,3874.15,220884,2.64297e-07,4384.72,262283,3.44131e-07,4962.49,307576,7.5349e-08,5616.29,355497,-3.63097e-07,6356.1,404126,-6.05442e-07,7193.18,450932,-2.72333e-07,8140.28,492963,2.29675e-07,9211.79,527178,4.3387e-07,10424,550893,-1.0711e-07,10.102,8.06553,2.81012,10.6436,8.57909,0.869423,11.5336,10.2515,0.270869,12.7211,12.7138,0.0844293,14.1823,15.9373,0.0263173,15.9122,20.0383,0.0082035,17.9198,25.2154,0.00255722,20.2244,31.7373,0.000797017,22.8539,39.9486,0.000248622,25.8438,50.2851,7.75492e-05,29.237,63.2963,2.42508e-05,33.0837,79.6738,7.67162e-06,37.4415,100.288,2.32837e-06,42.3767,126.236,7.33e-07,47.9646,158.896,2.79256e-07,54.2906,200.003,9.87351e-09,61.452,251.741,1.61085e-07,69.5585,316.859,-2.47141e-07,78.7347,398.812,8.93552e-08,89.1218,501.948,-2.53231e-07,100.879,631.736,-1.25047e-07,114.188,795.049,-1.78808e-07,129.252,1000.53,2.6733e-07,146.304,1259.03,4.50292e-07,165.605,1584.19,6.76904e-07,187.452,1993.12,-1.23808e-07,212.181,2507.27,-4.89068e-07,240.173,3153.54,-5.40284e-07,271.856,3965.56,1.86061e-07,307.719,4985.38,4.37004e-07,348.313,6265.4,3.59828e-07,394.26,7870.83,3.98192e-07,446.268,9882.51,-1.92908e-07,505.135,12400.3,-2.20392e-07,571.766,15546.9,1.51705e-07,647.184,19472.2,5.74996e-07,732.547,24357.4,5.39112e-07,829.167,30420,5.07815e-09,938.526,37916.3,-4.11492e-07,1062.3,47143.9,-3.9561e-07,1202.4,58439.2,3.86185e-08,1360.96,72169.3,5.94093e-07,1540.42,88715.8,7.47693e-07,1743.53,108445,1.78537e-07,1973.41,131665,-4.12549e-07,2233.57,158557,-5.37164e-07,2528,189103,-1.17615e-07,2861.2,222986,5.66769e-07,3238.27,259510,9.45053e-07,3664.97,297540,4.25093e-07,4147.81,335497,-3.58506e-07,4694.17,371444,-6.7724e-07,5312.37,403256,1.67192e-07,1.61744,3.89446,9.84394,3.28846,7.5504,12.774,5.07607,11.7187,13.6844,7.03202,16.8147,13.9681,9.20215,23.1769,14.0566,11.6301,31.1672,14.0841,14.3598,41.2186,14.0927,17.4376,53.8688,14.0954,20.9137,69.7915,14.0962,24.8432,89.8341,14.0965,29.2879,115.063,14.0966,34.3168,146.819,14.0966,40.0078,186.792,14.0966,46.4487,237.107,14.0966,53.7388,300.44,14.0966,61.9903,380.158,14.0966,71.3301,480.499,14.0966,81.902,606.796,14.0966,93.8685,765.761,14.0966,107.414,965.837,14.0966,122.746,1217.65,14.0966,140.101,1534.57,14.0966,159.745,1933.41,14.0966,181.981,2435.3,14.0966,207.15,3066.85,14.0966,235.64,3861.46,14.0966,267.889,4861.11,14.0966,304.391,6118.54,14.0966,345.709,7699.91,14.0966,392.478,9688.22,14.0966,445.417,12187.5,14.0966,505.339,15327.7,14.0966,573.165,19271.6,14.0966,649.938,24222,14.0966,736.839,30430.9,14.0966,835.202,38211.5,14.0966,946.539,47950.3,14.0966,1072.56,60122.8,14.0966,1215.21,75309.9,14.0966,1376.66,94216.2,14.0966,1559.41,117688,14.0966,1766.26,146729,14.0966,2000.39,182510,14.0966,2265.39,226372,14.0966,2565.33,279806,14.0966,2904.81,344416,14.0966,3289.05,421845,14.0966,3723.93,513667,14.0966,4216.13,621231,14.0966,4773.18,745478,14.0966,5403.64,886744,14.0966,6117.15,1.04457e+06,14.0966,6924.63,1.2176e+06,14.0966,11.7194,11.96,12.6541,13.9321,16.1295,13.6434,16.6097,21.9702,13.9553,19.7532,29.5285,14.0526,23.3844,39.1143,14.0829,27.5423,51.2054,14.0923,32.2796,66.434,14.0953,37.662,85.6061,14.0962,43.7675,109.74,14.0965,50.687,140.119,14.0966,58.5249,178.359,14.0966,67.4005,226.493,14.0966,77.4493,287.08,14.0966,88.8254,363.343,14.0966,101.703,459.336,14.0966,116.281,580.161,14.0966,132.782,732.241,14.0966,151.46,923.655,14.0966,172.603,1164.57,14.0966,196.535,1467.79,14.0966,223.625,1849.39,14.0966,254.288,2329.62,14.0966,288.997,2933.93,14.0966,328.285,3694.33,14.0966,372.755,4651.04,14.0966,423.092,5854.57,14.0966,480.07,7368.38,14.0966,544.564,9272.08,14.0966,617.566,11665.5,14.0966,700.197,14673.6,14.0966,793.729,18452.9,14.0966,899.599,23198.6,14.0966,1019.43,29154.1,14.0966,1155.07,36622.3,14.0966,1308.6,45977.9,14.0966,1482.39,57683.7,14.0966,1679.09,72307.8,14.0966,1901.73,90542.8,14.0966,2153.73,113226,14.0966,2438.97,141360,14.0966,2761.81,176127,14.0966,3127.22,218898,14.0966,3540.81,271226,14.0966,4008.92,334817,14.0966,4538.74,411470,14.0966,5138.38,502973,14.0966,5817.04,610948,14.0966,6585.12,736653,14.0966,7454.39,880741,14.0966,8438.15,1.04302e+06,14.0966,9551.45,1.22224e+06,14.0966,10811.3,1.41602e+06,14.0966,12237,1.62086e+06,14.0966,11.7194,11.96,12.6541,2.21263,4.16949,0.989383,2.67766,5.84076,0.311842,3.14343,7.55825,0.0972771,3.63127,9.58578,0.0303237,4.15787,12.0912,0.00945211,4.73731,15.2286,0.00294633,5.38238,19.1721,0.000918508,6.10553,24.134,0.000286163,6.91951,30.3791,8.92692e-05,7.83792,38.2397,2.78121e-05,8.87555,48.1338,8.65134e-06,10.0489,60.5876,2.7882e-06,11.3761,76.2629,8.29036e-07,12.8779,95.9927,2.4373e-07,14.5775,120.825,4.33068e-09,16.5012,152.08,1.75749e-07,18.6784,191.415,-1.86328e-07,21.1428,240.917,1.91829e-07,23.9322,303.213,-1.81475e-07,27.0895,381.602,7.0186e-08,30.6634,480.231,-2.86769e-08,34.7087,604.316,2.40784e-07,39.2876,760.401,9.87368e-08,44.4705,956.705,1.22263e-07,50.3371,1203.54,-4.31966e-07,56.9776,1513.81,-1.9705e-07,64.494,1903.69,-2.763e-08,73.0018,2393.4,3.9185e-07,82.6317,3008.13,1.35379e-07,93.5318,3779.25,-4.16351e-08,105.869,4745.7,2.06965e-08,119.834,5955.6,-3.18887e-07,135.641,7468.12,-1.48271e-08,153.531,9355.62,2.00739e-07,173.781,11705.8,2.28358e-07,196.701,14624.1,-1.93587e-08,222.642,18235,-2.88101e-07,252.003,22683.4,-2.24732e-07,285.234,28134,8.56806e-09,322.845,34767,2.34258e-07,365.413,42770.9,2.99668e-07,413.588,52327.9,8.28644e-08,468.111,63591.2,-3.07049e-07,529.814,76653.2,-3.1888e-07,599.642,91502.5,-6.72276e-08,678.662,107975,2.26339e-07,768.083,125705,3.69212e-07,869.267,144088,2.04077e-07,983.76,162277,-2.80509e-07,1113.3,179223,-4.22737e-07,1259.87,193777,-1.71951e-07,1425.68,204839,4.55555e-07,11.7194,11.96,12.6541,2.21263,4.16949,0.989383,2.67766,5.84076,0.311842,3.14343,7.55825,0.0972771,3.63127,9.58578,0.0303237,4.15787,12.0912,0.00945211,4.73731,15.2286,0.00294633,5.38238,19.1721,0.000918508,6.10553,24.134,0.000286163,6.91951,30.3791,8.92692e-05,7.83792,38.2397,2.78121e-05,8.87555,48.1338,8.65134e-06,10.0489,60.5876,2.7882e-06,11.3761,76.2629,8.29036e-07,12.8779,95.9927,2.4373e-07,14.5775,120.825,1e-08,16.5012,152.08,1.75749e-07,18.6784,191.415,1e-08,21.1428,240.917,1.91829e-07,23.9322,303.213,1e-08,27.0895,381.602,7.0186e-08,30.6634,480.231,1e-08,34.7087,604.316,2.40784e-07,39.2876,760.401,9.87368e-08,44.4705,956.705,1.22263e-07,50.3371,1203.54,1e-08,56.9776,1513.81,1e-08,64.494,1903.69,1e-08,73.0018,2393.4,3.9185e-07,82.6317,3008.13,1.35379e-07,93.5318,3779.25,1e-08,105.869,4745.7,2.06965e-08,119.834,5955.6,1e-08,135.641,7468.12,1e-08,153.531,9355.62,2.00739e-07,173.781,11705.8,2.28358e-07,196.701,14624.1,1e-08,222.642,18235,1e-08,252.003,22683.4,1e-08,285.234,28134,1e-08,322.845,34767,2.34258e-07,365.413,42770.9,2.99668e-07,413.588,52327.9,8.28644e-08,468.111,63591.2,1e-08,529.814,76653.2,1e-08,599.642,91502.5,1e-08,678.662,107975,2.26339e-07,768.083,125705,3.69212e-07,869.267,144088,2.04077e-07,983.76,162277,1e-08,1113.3,179223,1e-08,1259.87,193777,1e-08,1425.68,204839,4.55555e-07,6.2823,3.27286,2.43537,0.219672,6.18826,2.24117,0.56371,6.87772,2.63624,0.308279,30,15,8,4,3,1,3,5,1,7,1,0,3,5,0,10,24,0,3,15,0,2,18,0,3,25,0,6,44,0,5,24,0,5,72,0,12,46,0,10,43,0,12,79,0,24,78,0,11,101,0,15,397,0,30,278,0,27,758,0,24,181,0,30,706,0,32,736,0,83,1364,0,36,1187,0,36,1612,0,92,2020,0,69,1631,0,74,2084,0,70,3622,0,136,3443,0,91,1515,0,132,7890,0,137,3699,0,110,3818,0,97,9124,0,383,10026,0,214,15386,0,165,8469,0,213,16733,0,319,41066,0,456,62329,0,364,42628,0,433,65795,0,439,43769,0,664,51283,0,453,62018,0,446,143717,0,992,90938,0,746,207842,0,1164,261801,0,1733,168795,0,1657,50791,0
-1.05176e+08,1,8.88811e-15,10,1023,0,1.05176e+08,0.528882,1.08665,0.389689,0.145397,0.379329,3.24381,0.161596,0.446195,1.77396,0.159177,1.15e+07,4.49998e+06,6.79999e+06,1.15e+07,4.49997e+06,6.79999e+06,1.15e+07,4.49996e+06,6.79999e+06,1.15e+07,4.49995e+06,6.79999e+06,1.14999e+07,4.49993e+06,6.79999e+06,1.14999e+07,4.49991e+06,6.79999e+06,1.14999e+07,4.49989e+06,6.79999e+06,1.14999e+07,4.49986e+06,6.79999e+06,1.14999e+07,4.49982e+06,6.79999e+06,1.14999e+07,4.49977e+06,6.79999e+06,1.14999e+07,4.49971e+06,6.79999e+06,1.14999e+07,4.49963e+06,6.79999e+06,1.14998e+07,4.49953e+06,6.79999e+06,1.14998e+07,4.49941e+06,6.79999e+06,1.14998e+07,4.49926e+06,6.79999e+06,1.14998e+07,4.49906e+06,6.79999e+06,1.14997e+07,4.49882e+06,6.79999e+06,1.14997e+07,4.49851e+06,6.79999e+06,1.14997e+07,4.49812e+06,6.79999e+06,1.14996e+07,4.49764e+06,6.79999e+06,1.14996e+07,4.49702e+06,6.79999e+06,1.14995e+07,4.49625e+06,6.79999e+06,1.14995e+07,4.49528e+06,6.79999e+06,1.14994e+07,4.49406e+06,6.79999e+06,1.14993e+07,4.49253e+06,6.79999e+06,1.14992e+07,4.49059e+06,6.79999e+06,1.14991e+07,4.48817e+06,6.79999e+06,1.1499e+07,4.48511e+06,6.79999e+06,1.14988e+07,4.48128e+06,6.79999e+06,1.14987e+07,4.47646e+06,6.79999e+06,1.14985e+07,4.47041e+06,6.79999e+06,1.14983e+07,4.46281e+06,6.79999e+06,1.14981e+07,4.4533e+06,6.79999e+06,1.14979e+07,4.44138e+06,6.79999e+06,1.14976e+07,4.42649e+06,6.79999e+06,1.14972e+07,4.40789e+06,6.79999e+06,1.14969e+07,4.38471e+06,6.79999e+06,1.14965e+07,4.35592e+06,6.79999e+06,1.1496e+07,4.32027e+06,6.79999e+06,1.14955e+07,4.27629e+06,6.79999e+06,1.14949e+07,4.22231e+06,6.79999e+06,1.14942e+07,4.15647e+06,6.79999e+06,1.14934e+07,4.07676e+06,6.79999e+06,1.14926e+07,3.98112e+06,6.79999e+06,1.14916e+07,3.86765e+06,6.79999e+06,1.14905e+07,3.73474e+06,6.79999e+06,1.14892e+07,3.58148e+06,6.79999e+06,1.14878e+07,3.40785e+06,6.79999e+06,1.14862e+07,3.21513e+06,6.79999e+06,1.14844e+07,3.00605e+06,6.79999e+06,1.14823e+07,2.7848e+06,6.79999e+06,1.148e+07,2.5568e+06,6.79999e+06,1.14773e+07,2.32825e+06,6.79999e+06,13.5742,8.52444,0.508366,16.8306,13.2585,0.162638,20.0035,17.569,0.0507846,23.2616,22.4214,0.0158319,26.7328,28.3297,0.00493498,30.5212,35.6974,0.00153831,34.7178,44.9473,0.000479527,39.4086,56.5822,0.000149456,44.6796,71.2245,4.66214e-05,50.6209,89.6543,1.45419e-05,57.3297,112.852,4.54748e-06,64.9129,142.051,1.43857e-06,73.4897,178.803,4.36618e-07,83.1934,225.062,1.40153e-07,94.1745,283.286,4.96378e-08,106.602,356.568,1.05434e-07,120.669,448.799,-6.49244e-08,136.59,564.873,1.70148e-07,154.611,710.948,-5.34594e-08,175.008,894.767,1.63407e-07,198.097,1126.06,8.04804e-08,224.231,1417.07,1.14667e-07,253.813,1783.15,-1.71227e-07,287.297,2243.62,-2.88466e-07,325.198,2822.67,-4.33651e-07,368.098,3550.67,7.9318e-08,416.657,4465.65,3.13319e-07,471.621,5615.16,3.4613e-07,533.835,7058.61,-1.19199e-07,604.255,8870.02,-2.79964e-07,683.962,11141.4,-2.30521e-07,774.182,13986.7,-2.55099e-07,876.299,17546.4,1.23585e-07,991.883,21993.1,1.41192e-07,1122.71,27536.7,-9.71886e-08,1270.78,34430.7,-3.68368e-07,1438.38,42977.7,-3.45379e-07,1628.07,53532.7,-3.25328e-09,1842.77,66504.6,2.6362e-07,2085.77,82350.2,2.53445e-07,2360.79,101560,-2.47407e-08,2672.05,124632,-3.80602e-07,3024.31,152018,-4.79005e-07,3422.98,184060,-1.14379e-07,3874.15,220884,2.64297e-07,4384.72,262283,3.44131e-07,4962.49,307576,7.5349e-08,5616.29,355497,-3.63097e-07,6356.1,404126,-6.05442e-07,7193.18,450932,-2.72333e-07,8140.28,492963,2.29675e-07,9211.79,527178,4.3387e-07,10424,550893,-1.0711e-07,10.102,8.06553,2.81012,10.6436,8.57909,0.869423,11.5336,10.2515,0.270869,12.7211,12.7138,0.0844293,14.1823,15.9373,0.0263173,15.9122,20.0383,0.0082035,17.9198,25.2154,0.00255722,20.2244,31.7373,0.000797017,22.8539,39.9486,0.000248622,25.8438,50.2851,7.75492e-05,29.237,63.2963,2.42508e-05,33.0837,79.6738,7.67162e-06,37.4415,100.288,2.32837e-06,42.3767,126.236,7.33e-07,47.9646,158.896,2.79256e-07,54.2906,200.003,9.87351e-09,61.452,251.741,1.61085e-07,69.5585,316.859,-2.47141e-07,78.7347,398.812,8.93552e-08,89.1218,501.948,-2.53231e-07,100.879,631.736,-1.25047e-07,114.188,795.049,-1.78808e-07,129.252,1000.53,2.6733e-07,146.304,1259.03,4.50292e-07,165.605,1584.19,6.76904e-07,187.452,1993.12,-1.23808e-07,212.181,2507.27,-4.89068e-07,240.173,3153.54,-5.40284e-07,271.856,3965.56,1.86061e-07,307.719,4985.38,4.37004e-07,348.313,6265.4,3.59828e-07,394.26,7870.83,3.98192e-07,446.268,9882.51,-1.92908e-07,505.135,12400.3,-2.20392e-07,571.766,15546.9,1.51705e-07,647.184,19472.2,5.74996e-07,732.547,24357.4,5.39112e-07,829.167,30420,5.07815e-09,938.526,37916.3,-4.11492e-07,1062.3,47143.9,-3.9561e-07,1202.4,58439.2,3.86185e-08,1360.96,72169.3,5.94093e-07,1540.42,88715.8,7.47693e-07,1743.53,108445,1.78537e-07,1973.41,131665,-4.12549e-07,2233.57,158557,-5.37164e-07,2528,189103,-1.17615e-07,2861.2,222986,5.66769e-07,3238.27,259510,9.45053e-07,3664.97,297540,4.25093e-07,4147.81,335497,-3.58506e-07,4694.17,371444,-6.7724e-07,5312.37,403256,1.67192e-07,1.61744,3.89446,9.84394,3.28846,7.5504,12.774,5.07607,11.7187,13.6844,7.03202,16.8147,13.9681,9.20215,23.1769,14.0566,11.6301,31.1672,14.0841,14.3598,41.2186,14.0927,17.4376,53.8688,14.0954,20.9137,69.7915,14.0962,24.8432,89.8341,14.0965,29.2879,115.063,14.0966,34.3168,146.819,14.0966,40.0078,186.792,14.0966,46.4487,237.107,14.0966,53.7388,300.44,14.0966,61.9903,380.158,14.0966,71.3301,480.499,14.0966,81.902,606.796,14.0966,93.8685,765.761,14.0966,107.414,965.837,14.0966,122.746,1217.65,14.0966,140.101,1534.57,14.0966,159.745,1933.41,14.0966,181.981,2435.3,14.0966,207.15,3066.85,14.0966,235.64,3861.46,14.0966,267.889,4861.11,14.0966,304.391,6118.54,14.0966,345.709,7699.91,14.0966,392.478,9688.22,14.0966,445.417,12187.5,14.0966,505.339,15327.7,14.0966,573.165,19271.6,14.0966,649.938,24222,14.0966,736.839,30430.9,14.0966,835.202,38211.5,14.0966,946.539,47950.3,14.0966,1072.56,60122.8,14.0966,1215.21,75309.9,14.0966,1376.66,94216.2,14.0966,1559.41,117688,14.0966,1766.26,146729,14.0966,2000.39,182510,14.0966,2265.39,226372,14.0966,2565.33,279806,14.0966,2904.81,344416,14.0966,3289.05,421845,14.0966,3723.93,513667,14.0966,4216.13,621231,14.0966,4773.18,745478,14.0966,5403.64,886744,14.0966,6117.15,1.04457e+06,14.0966,6924.63,1.2176e+06,14.0966,11.7194,11.96,12.6541,13.9321,16.1295,13.6434,16.6097,21.9702,13.9553,19.7532,29.5285,14.0526,23.3844,39.1143,14.0829,27.5423,51.2054,14.0923,32.2796,66.434,14.0953,37.662,85.6061,14.0962,43.7675,109.74,14.0965,50.687,140.119,14.0966,58.5249,178.359,14.0966,67.4005,226.493,14.0966,77.4493,287.08,14.0966,88.8254,363.343,14.0966,101.703,459.336,14.0966,116.281,580.161,14.0966,132.782,732.241,14.0966,151.46,923.655,14.0966,172.603,1164.57,14.0966,196.535,1467.79,14.0966,223.625,1849.39,14.0966,254.288,2329.62,14.0966,288.997,2933.93,14.0966,328.285,3694.33,14.0966,372.755,4651.04,14.0966,423.092,5854.57,14.0966,480.07,7368.38,14.0966,544.564,9272.08,14.0966,617.566,11665.5,14.0966,700.197,14673.6,14.0966,793.729,18452.9,14.0966,899.599,23198.6,14.0966,1019.43,29154.1,14.0966,1155.07,36622.3,14.0966,1308.6,45977.9,14.0966,1482.39,57683.7,14.0966,1679.09,72307.8,14.0966,1901.73,90542.8,14.0966,2153.73,113226,14.0966,2438.97,141360,14.0966,2761.81,176127,14.0966,3127.22,218898,14.0966,3540.81,271226,14.0966,4008.92,334817,14.0966,4538.74,411470,14.0966,5138.38,502973,14.0966,5817.04,610948,14.0966,6585.12,736653,14.0966,7454.39,880741,14.0966,8438.15,1.04302e+06,14.0966,9551.45,1.22224e+06,14.0966,10811.3,1.41602e+06,14.0966,12237,1.62086e+06,14.0966,11.7194,11.96,12.6541,2.21263,4.16949,0.989383,2.67766,5.84076,0.311842,3.14343,7.55825,0.0972771,3.63127,9.58578,0.0303237,4.15787,12.0912,0.00945211,4.73731,15.2286,0.00294633,5.38238,19.1721,0.000918508,6.10553,24.134,0.000286163,6.91951,30.3791,8.92692e-05,7.83792,38.2397,2.78121e-05,8.87555,48.1338,8.65134e-06,10.0489,60.5876,2.7882e-06,11.3761,76.2629,8.29036e-07,12.8779,95.9927,2.4373e-07,14.5775,120.825,4.33068e-09,16.5012,152.08,1.75749e-07,18.6784,191.415,-1.86328e-07,21.1428,240.917,1.91829e-07,23.9322,303.213,-1.81475e-07,27.0895,381.602,7.0186e-08,30.6634,480.231,-2.86769e-08,34.7087,604.316,2.40784e-07,39.2876,760.401,9.87368e-08,44.4705,956.705,1.22263e-07,50.3371,1203.54,-4.31966e-07,56.9776,1513.81,-1.9705e-07,64.494,1903.69,-2.763e-08,73.0018,2393.4,3.9185e-07,82.6317,3008.13,1.35379e-07,93.5318,3779.25,-4.16351e-08,105.869,4745.7,2.06965e-08,119.834,5955.6,-3.18887e-07,135.641,7468.12,-1.48271e-08,153.531,9355.62,2.00739e-07,173.781,11705.8,2.28358e-07,196.701,14624.1,-1.93587e-08,222.642,18235,-2.88101e-07,252.003,22683.4,-2.24732e-07,285.234,28134,8.56806e-09,322.845,34767,2.34258e-07,365.413,42770.9,2.99668e-07,413.588,52327.9,8.28644e-08,468.111,63591.2,-3.07049e-07,529.814,76653.2,-3.1888e-07,599.642,91502.5,-6.72276e-08,678.662,107975,2.26339e-07,768.083,125705,3.69212e-07,869.267,144088,2.04077e-07,983.76,162277,-2.80509e-07,1113.3,179223,-4.22737e-07,1259.87,193777,-1.71951e-07,1425.68,204839,4.55555e-07,11.7194,11.96,12.6541,2.21263,4.16949,0.989383,2.67766,5.84076,0.311842,3.14343,7.55825,0.0972771,3.63127,9.58578,0.0303237,4.15787,12.0912,0.00945211,4.73731,15.2286,0.00294633,5.38238,19.1721,0.000918508,6.10553,24.134,0.000286163,6.91951,30.3791,8.92692e-05,7.83792,38.2397,2.78121e-05,8.87555,48.1338,8.65134e-06,10.0489,60.5876,2.7882e-06,11.3761,76.2629,8.29036e-07,12.8779,95.9927,2.4373e-07,14.5775,120.825,1e-08,16.5012,152.08,1.75749e-07,18.6784,191.415,1e-08,21.1428,240.917,1.91829e-07,23.9322,303.213,1e-08,27.0895,381.602,7.0186e-08,30.6634,480.231,1e-08,34.7087,604.316,2.40784e-07,39.2876,760.401,9.87368e-08,44.4705,956.705,1.22263e-07,50.3371,1203.54,1e-08,56.9776,1513.81,1e-08,64.494,1903.69,1e-08,73.0018,2393.4,3.9185e-07,82.6317,3008.13,1.35379e-07,93.5318,3779.25,1e-08,105.869,4745.7,2.06965e-08,119.834,5955.6,1e-08,135.641,7468.12,1e-08,153.531,9355.62,2.00739e-07,173.781,11705.8,2.28358e-07,196.701,14624.1,1e-08,222.642,18235,1e-08,252.003,22683.4,1e-08,285.234,28134,1e-08,322.845,34767,2.34258e-07,365.413,42770.9,2.99668e-07,413.588,52327.9,8.28644e-08,468.111,63591.2,1e-08,529.814,76653.2,1e-08,599.642,91502.5,1e-08,678.662,107975,2.26339e-07,768.083,125705,3.69212e-07,869.267,144088,2.04077e-07,983.76,162277,1e-08,1113.3,179223,1e-08,1259.87,193777,1e-08,1425.68,204839,4.55555e-07,6.2823,3.27286,2.43537,0.219672,6.18826,2.24117,0.56371,6.87772,2.63624,0.308279,8,11,24,7,3,1,3,4,0,1,7,0,2,10,0,4,21,0,2,8,0,7,34,0,6,7,0,10,45,0,6,51,0,6,66,0,16,83,0,9,99,0,13,132,0,7,167,0,28,132,0,25,227,0,38,163,0,17,366,0,34,645,0,26,301,0,37,952,0,32,974,0,44,899,0,30,1141,0,75,2446,0,78,4207,0,103,1190,0,87,2773,0,130,3485,0,96,5200,0,59,7792,0,113,5916,0,94,7908,0,160,15064,0,251,16599,0,404,18011,0,160,22479,0,154,20348,0,404,33225,0,324,34636,0,708,64983,0,579,42264,0,627,113255,0,572,73914,0,808,136349,0,677,106195,0,665,74169,0,549,64847,0,891,143175,0,1323,367681,0,1945,137756,0
-1.05176e+08,1,8.88811e-15,10,1023,0,1.05176e+08,0.528882,1.08665,0.389689,0.145397,0.379329,3.24381,0.161596,0.446195,1.77396,0.159177,1.15e+07,4.49998e+06,6.79999e+06,1.15e+07,4.49997e+06,6.79999e+06,1.15e+07,4.49996e+06,6.79999e+06,1.15e+07,4.49995e+06,6.79999e+06,1.14999e+07,4.49993e+06,6.79999e+06,1.14999e+07,4.49991e+06,6.79999e+06,1.14999e+07,4.49989e+06,6.79999e+06,1.14999e+07,4.49986e+06,6.79999e+06,1.14999e+07,4.49982e+06,6.79999e+06,1.14999e+07,4.49977e+06,6.79999e+06,1.14999e+07,4.49971e+06,6.79999e+06,1.14999e+07,4.49963e+06,6.79999e+06,1.14998e+07,4.49953e+06,6.79999e+06,1.14998e+07,4.49941e+06,6.79999e+06,1.14998e+07,4.49926e+06,6.79999e+06,1.14998e+07,4.49906e+06,6.79999e+06,1.14997e+07,4.49882e+06,6.79999e+06,1.14997e+07,4.49851e+06,6.79999e+06,1.14997e+07,4.49812e+06,6.79999e+06,1.14996e+07,4.49764e+06,6.79999e+06,1.14996e+07,4.49702e+06,6.79999e+06,1.14995e+07,4.49625e+06,6.79999e+06,1.14995e+07,4.49528e+06,6.79999e+06,1.14994e+07,4.49406e+06,6.79999e+06,1.14993e+07,4.49253e+06,6.79999e+06,1.14992e+07,4.49059e+06,6.79999e+06,1.14991e+07,4.48817e+06,6.79999e+06,1.1499e+07,4.48511e+06,6.79999e+06,1.14988e+07,4.48128e+06,6.79999e+06,1.14987e+07,4.47646e+06,6.79999e+06,1.14985e+07,4.47041e+06,6.79999e+06,1.14983e+07,4.46281e+06,6.79999e+06,1.14981e+07,4.4533e+06,6.79999e+06,1.14979e+07,4.44138e+06,6.79999e+06,1.14976e+07,4.42649e+06,6.79999e+06,1.14972e+07,4.40789e+06,6.79999e+06,1.14969e+07,4.38471e+06,6.79999e+06,1.14965e+07,4.35592e+06,6.79999e+06,1.1496e+07,4.32027e+06,6.79999e+06,1.14955e+07,4.27629e+06,6.79999e+06,1.14949e+07,4.22231e+06,6.79999e+06,1.14942e+07,4.15647e+06,6.79999e+06,1.14934e+07,4.07676e+06,6.79999e+06,1.14926e+07,3.98112e+06,6.79999e+06,1.14916e+07,3.86765e+06,6.79999e+06,1.14905e+07,3.73474e+06,6.79999e+06,1.14892e+07,3.58148e+06,6.79999e+06,1.14878e+07,3.40785e+06,6.79999e+06,1.14862e+07,3.21513e+06,6.79999e+06,1.14844e+07,3.00605e+06,6.79999e+06,1.14823e+07,2.7848e+06,6.79999e+06,1.148e+07,2.5568e+06,6.79999e+06,1.14773e+07,2.32825e+06,6.79999e+06,13.5742,8.52444,0.508366,16.8306,13.2585,0.162638,20.0035,17.569,0.0507846,23.2616,22.4214,0.0158319,26.7328,28.3297,0.00493498,30.5212,35.6974,0.00153831,34.7178,44.9473,0.000479527,39.4086,56.5822,0.000149456,44.6796,71.2245,4.66214e-05,50.6209,89.6543,1.45419e-05,57.3297,112.852,4.54748e-06,64.9129,142.051,1.43857e-06,73.4897,178.803,4.36618e-07,83.1934,225.062,1.40153e-07,94.1745,283.286,4.96378e-08,106.602,356.568,1.05434e-07,120.669,448.799,-6.49244e-08,136.59,564.873,1.70148e-07,154.611,710.948,-5.34594e-08,175.008,894.767,1.63407e-07,198.097,1126.06,8.04804e-08,224.231,1417.07,1.14667e-07,253.813,1783.15,-1.71227e-07,287.297,2243.62,-2.88466e-07,325.198,2822.67,-4.33651e-07,368.098,3550.67,7.9318e-08,416.657,4465.65,3.13319e-07,471.621,5615.16,3.4613e-07,533.835,7058.61,-1.19199e-07,604.255,8870.02,-2.79964e-07,683.962,11141.4,-2.30521e-07,774.182,13986.7,-2.55099e-07,876.299,17546.4,1.23585e-07,991.883,21993.1,1.41192e-07,1122.71,27536.7,-9.71886e-08,1270.78,34430.7,-3.68368e-07,1438.38,42977.7,-3.45379e-07,1628.07,53532.7,-3.25328e-09,1842.77,66504.6,2.6362e-07,2085.77,82350.2,2.53445e-07,2360.79,101560,-2.47407e-08,2672.05,124632,-3.80602e-07,3024.31,152018,-4.79005e-07,3422.98,184060,-1.14379e-07,3874.15,220884,2.64297e-07,4384.72,262283,3.44131e-07,4962.49,307576,7.5349e-08,5616.29,355497,-3.63097e-07,6356.1,404126,-6.05442e-07,7193.18,450932,-2.72333e-07,8140.28,492963,2.29675e-07,9211.79,527178,4.3387e-07,10424,550893,-1.0711e-07,10.102,8.06553,2.81012,10.6436,8.57909,0.869423,11.5336,10.2515,0.270869,12.7211,12.7138,0.0844293,14.1823,15.9373,0.0263173,15.9122,20.0383,0.0082035,17.9198,25.2154,0.00255722,20.2244,31.7373,0.000797017,22.8539,39.9486,0.000248622,25.8438,50.2851,7.75492e-05,29.237,63.2963,2.42508e-05,33.0837,79.6738,7.67162e-06,37.4415,100.288,2.32837e-06,42.3767,126.236,7.33e-07,47.9646,158.896,2.79256e-07,54.2906,200.003,9.87351e-09,61.452,251.741,1.61085e-07,69.5585,316.859,-2.47141e-07,78.7347,398.812,8.93552e-08,89.1218,501.948,-2.53231e-07,100.879,631.736,-1.25047e-07,114.188,795.049,-1.78808e-07,129.252,1000.53,2.6733e-07,146.304,1259.03,4.50292e-07,165.605,1584.19,6.76904e-07,187.452,1993.12,-1.23808e-07,212.181,2507.27,-4.89068e-07,240.173,3153.54,-5.40284e-07,271.856,3965.56,1.86061e-07,307.719,4985.38,4.37004e-07,348.313,6265.4,3.59828e-07,394.26,7870.83,3.98192e-07,446.268,9882.51,-1.92908e-07,505.135,12400.3,-2.20392e-07,571.766,15546.9,1.51705e-07,647.184,19472.2,5.74996e-07,732.547,24357.4,5.39112e-07,829.167,30420,5.07815e-09,938.526,37916.3,-4.11492e-07,1062.3,47143.9,-3.9561e-07,1202.4,58439.2,3.86185e-08,1360.96,72169.3,5.94093e-07,1540.42,88715.8,7.47693e-07,1743.53,108445,1.78537e-07,1973.41,131665,-4.12549e-07,2233.57,158557,-5.37164e-07,2528,189103,-1.17615e-07,2861.2,222986,5.66769e-07,3238.27,259510,9.45053e-07,3664.97,297540,4.25093e-07,4147.81,335497,-3.58506e-07,4694.17,371444,-6.7724e-07,5312.37,403256,1.67192e-07,1.61744,3.89446,9.84394,3.28846,7.5504,12.774,5.07607,11.7187,13.6844,7.03202,16.8147,13.9681,9.20215,23.1769,14.0566,11.6301,31.1672,14.0841,14.3598,41.2186,14.0927,17.4376,53.8688,14.0954,20.9137,69.7915,14.0962,24.8432,89.8341,14.0965,29.2879,115.063,14.0966,34.3168,146.819,14.0966,40.0078,186.792,14.0966,46.4487,237.107,14.0966,53.7388,300.44,14.0966,61.9903,380.158,14.0966,71.3301,480.499,14.0966,81.902,606.796,14.0966,93.8685,765.761,14.0966,107.414,965.837,14.0966,122.746,1217.65,14.0966,140.101,1534.57,14.0966,159.745,1933.41,14.0966,181.981,2435.3,14.0966,207.15,3066.85,14.0966,235.64,3861.46,14.0966,267.889,4861.11,14.0966,304.391,6118.54,14.0966,345.709,7699.91,14.0966,392.478,9688.22,14.0966,445.417,12187.5,14.0966,505.339,15327.7,14.0966,573.165,19271.6,14.0966,649.938,24222,14.0966,736.839,30430.9,14.0966,835.202,38211.5,14.0966,946.539,47950.3,14.0966,1072.56,60122.8,14.0966,1215.21,75309.9,14.0966,1376.66,94216.2,14.0966,1559.41,117688,14.0966,1766.26,146729,14.0966,2000.39,182510,14.0966,2265.39,226372,14.0966,2565.33,279806,14.0966,2904.81,344416,14.0966,3289.05,421845,14.0966,3723.93,513667,14.0966,4216.13,621231,14.0966,4773.18,745478,14.0966,5403.64,886744,14.0966,6117.15,1.04457e+06,14.0966,6924.63,1.2176e+06,14.0966,11.7194,11.96,12.6541,13.9321,16.1295,13.6434,16.6097,21.9702,13.9553,19.7532,29.5285,14.0526,23.3844,39.1143,14.0829,27.5423,51.2054,14.0923,32.2796,66.434,14.0953,37.662,85.6061,14.0962,43.7675,109.74,14.0965,50.687,140.119,14.0966,58.5249,178.359,14.0966,67.4005,226.493,14.0966,77.4493,287.08,14.0966,88.8254,363.343,14.0966,101.703,459.336,14.0966,116.281,580.161,14.0966,132.782,732.241,14.0966,151.46,923.655,14.0966,172.603,1164.57,14.0966,196.535,1467.79,14.0966,223.625,1849.39,14.0966,254.288,2329.62,14.0966,288.997,2933.93,14.0966,328.285,3694.33,14.0966,372.755,4651.04,14.0966,423.092,5854.57,14.0966,480.07,7368.38,14.0966,544.564,9272.08,14.0966,617.566,11665.5,14.0966,700.197,14673.6,14.0966,793.729,18452.9,14.0966,899.599,23198.6,14.0966,1019.43,29154.1,14.0966,1155.07,36622.3,14.0966,1308.6,45977.9,14.0966,1482.39,57683.7,14.0966,1679.09,72307.8,14.0966,1901.73,90542.8,14.0966,2153.73,113226,14.0966,2438.97,141360,14.0966,2761.81,176127,14.0966,3127.22,218898,14.0966,3540.81,271226,14.0966,4008.92,334817,14.0966,4538.74,411470,14.0966,5138.38,502973,14.0966,5817.04,610948,14.0966,6585.12,736653,14.0966,7454.39,880741,14.0966,8438.15,1.04302e+06,14.0966,9551.45,1.22224e+06,14.0966,10811.3,1.41602e+06,14.0966,12237,1.62086e+06,14.0966,11.7194,11.96,12.6541,2.21263,4.16949,0.989383,2.67766,5.84076,0.311842,3.14343,7.55825,0.0972771,3.63127,9.58578,0.0303237,4.15787,12.0912,0.00945211,4.73731,15.2286,0.00294633,5.38238,19.1721,0.000918508,6.10553,24.134,0.000286163,6.91951,30.3791,8.92692e-05,7.83792,38.2397,2.78121e-05,8.87555,48.1338,8.65134e-06,10.0489,60.5876,2.7882e-06,11.3761,76.2629,8.29036e-07,12.8779,95.9927,2.4373e-07,14.5775,120.825,4.33068e-09,16.5012,152.08,1.75749e-07,18.6784,191.415,-1.86328e-07,21.1428,240.917,1.91829e-07,23.9322,303.213,-1.81475e-07,27.0895,381.602,7.0186e-08,30.6634,480.231,-2.86769e-08,34.7087,604.316,2.40784e-07,39.2876,760.401,9.87368e-08,44.4705,956.705,1.22263e-07,50.3371,1203.54,-4.31966e-07,56.9776,1513.81,-1.9705e-07,64.494,1903.69,-2.763e-08,73.0018,2393.4,3.9185e-07,82.6317,3008.13,1.35379e-07,93.5318,3779.25,-4.16351e-08,105.869,4745.7,2.06965e-08,119.834,5955.6,-3.18887e-07,135.641,7468.12,-1.48271e-08,153.531,9355.62,2.00739e-07,173.781,11705.8,2.28358e-07,196.701,14624.1,-1.93587e-08,222.642,18235,-2.88101e-07,252.003,22683.4,-2.24732e-07,285.234,28134,8.56806e-09,322.845,34767,2.34258e-07,365.413,42770.9,2.99668e-07,413.588,52327.9,8.28644e-08,468.111,63591.2,-3.07049e-07,529.814,76653.2,-3.1888e-07,599.642,91502.5,-6.72276e-08,678.662,107975,2.26339e-07,768.083,125705,3.69212e-07,869.267,144088,2.04077e-07,983.76,162277,-2.80509e-07,1113.3,179223,-4.22737e-07,1259.87,193777,-1.71951e-07,1425.68,204839,4.55555e-07,11.7194,11.96,12.6541,2.21263,4.16949,0.989383,2.67766,5.84076,0.311842,3.14343,7.55825,0.0972771,3.63127,9.58578,0.0303237,4.15787,12.0912,0.00945211,4.73731,15.2286,0.00294633,5.38238,19.1721,0.000918508,6.10553,24.134,0.000286163,6.91951,30.3791,8.92692e-05,7.83792,38.2397,2.78121e-05,8.87555,48.1338,8.65134e-06,10.0489,60.5876,2.7882e-06,11.3761,76.2629,8.29036e-07,12.8779,95.9927,2.4373e-07,14.5775,120.825,1e-08,16.5012,152.08,1.75749e-07,18.6784,191.415,1e-08,21.1428,240.917,1.91829e-07,23.9322,303.213,1e-08,27.0895,381.602,7.0186e-08,30.6634,480.231,1e-08,34.7087,604.316,2.40784e-07,39.2876,760.401,9.87368e-08,44.4705,956.705,1.22263e-07,50.3371,1203.54,1e-08,56.9776,1513.81,1e-08,64.494,1903.69,1e-08,73.0018,2393.4,3.9185e-07,82.6317,3008.13,1.35379e-07,93.5318,3779.25,1e-08,105.869,4745.7,2.06965e-08,119.834,5955.6,1e-08,135.641,7468.12,1e-08,153.531,9355.62,2.00739e-07,173.781,11705.8,2.28358e-07,196.701,14624.1,1e-08,222.642,18235,1e-08,252.003,22683.4,1e-08,285.234,28134,1e-08,322.845,34767,2.34258e-07,365.413,42770.9,2.99668e-07,413.588,52327.9,8.28644e-08,468.111,63591.2,1e-08,529.814,76653.2,1e-08,599.642,91502.5,1e-08,678.662,107975,2.26339e-07,768.083,125705,3.69212e-07,869.267,144088,2.04077e-07,983.76,162277,1e-08,1113.3,179223,1e-08,1259.87,193777,1e-08,1425.68,204839,4.55555e-07,6.2823,3.27286,2.43537,0.219672,6.18826,2.24117,0.56371,6.87772,2.63624,0.308279,14,20,16,3,5,1,2,3,0,1,10,2,3,12,0,1,15,0,3,13,0,9,27,0,3,36,0,6,28,0,5,33,0,4,54,0,11,56,0,4,66,0,10,215,0,19,92,0,12,120,0,16,154,0,22,287,0,21,452,0,28,321,0,25,230,0,41,870,0,27,1343,0,57,669,0,51,2123,0,48,637,0,21,835,0,65,2554,0,172,2780,0,117,2554,0,98,4089,0,82,8316,0,93,12671,0,78,7009,0,248,7226,0,279,15701,0,304,25342,0,280,23521,0,258,33463,0,251,19232,0,341,61439,0,575,46127,0,524,73260,0,685,114162,0,535,46836,0,467,58405,0,1024,125211,0,357,165155,0,1005,282474,0,1380,251708,0,1086,178747,0,2141,250647,0
-1.05176e+08,1,8.88811e-15,10,1023,0,1.05176e+08,0.528882,1.08665,0.389689,0.145397,0.379329,3.24381,0.161596,0.446195,1.77396,0.159177,1.15e+07,4.49998e+06,6.79999e+06,1.15e+07,4.49997e+06,6.79999e+06,1.15e+07,4.49996e+06,6.79999e+06,1.15e+07,4.49995e+06,6.79999e+06,1.14999e+07,4.49993e+06,6.79999e+06,1.14999e+07,4.49991e+06,6.79999e+06,1.14999e+07,4.49989e+06,6.79999e+06,1.14999e+07,4.49986e+06,6.79999e+06,1.14999e+07,4.49982e+06,6.79999e+06,1.14999e+07,4.49977e+06,6.79999e+06,1.14999e+07,4.49971e+06,6.79999e+06,1.14999e+07,4.49963e+06,6.79999e+06,1.14998e+07,4.49953e+06,6.79999e+06,1.14998e+07,4.49941e+06,6.79999e+06,1.14998e+07,4.49926e+06,6.79999e+06,1.14998e+07,4.49906e+06,6.79999e+06,1.14997e+07,4.49882e+06,6.79999e+06,1.14997e+07,4.49851e+06,6.79999e+06,1.14997e+07,4.49812e+06,6.79999e+06,1.14996e+07,4.49764e+06,6.79999e+06,1.14996e+07,4.49702e+06,6.79999e+06,1.14995e+07,4.49625e+06,6.79999e+06,1.14995e+07,4.49528e+06,6.79999e+06,1.14994e+07,4.49406e+06,6.79999e+06,1.14993e+07,4.49253e+06,6.79999e+06,1.14992e+07,4.49059e+06,6.79999e+06,1.14991e+07,4.48817e+06,6.79999e+06,1.1499e+07,4.48511e+06,6.79999e+06,1.14988e+07,4.48128e+06,6.79999e+06,1.14987e+07,4.47646e+06,6.79999e+06,1.14985e+07,4.47041e+06,6.79999e+06,1.14983e+07,4.46281e+06,6.79999e+06,1.14981e+07,4.4533e+06,6.79999e+06,1.14979e+07,4.44138e+06,6.79999e+06,1.14976e+07,4.42649e+06,6.79999e+06,1.14972e+07,4.40789e+06,6.79999e+06,1.14969e+07,4.38471e+06,6.79999e+06,1.14965e+07,4.35592e+06,6.79999e+06,1.1496e+07,4.32027e+06,6.79999e+06,1.14955e+07,4.27629e+06,6.79999e+06,1.14949e+07,4.22231e+06,6.79999e+06,1.14942e+07,4.15647e+06,6.79999e+06,1.14934e+07,4.07676e+06,6.79999e+06,1.14926e+07,3.98112e+06,6.79999e+06,1.14916e+07,3.86765e+06,6.79999e+06,1.14905e+07,3.73474e+06,6.79999e+06,1.14892e+07,3.58148e+06,6.79999e+06,1.14878e+07,3.40785e+06,6.79999e+06,1.14862e+07,3.21513e+06,6.79999e+06,1.14844e+07,3.00605e+06,6.79999e+06,1.14823e+07,2.7848e+06,6.79999e+06,1.148e+07,2.5568e+06,6.79999e+06,1.14773e+07,2.32825e+06,6.79999e+06,13.5742,8.52444,0.508366,16.8306,13.2585,0.162638,20.0035,17.569,0.0507846,23.2616,22.4214,0.0158319,26.7328,28.3297,0.00493498,30.5212,35.6974,0.00153831,34.7178,44.9473,0.000479527,39.4086,56.5822,0.000149456,44.6796,71.2245,4.66214e-05,50.6209,89.6543,1.45419e-05,57.3297,112.852,4.54748e-06,64.9129,142.051,1.43857e-06,73.4897,178.803,4.36618e-07,83.1934,225.062,1.40153e-07,94.1745,283.286,4.96378e-08,106.602,356.568,1.05434e-07,120.669,448.799,-6.49244e-08,136.59,564.873,1.70148e-07,154.611,710.948,-5.34594e-08,175.008,894.767,1.63407e-07,198.097,1126.06,8.04804e-08,224.231,1417.07,1.14667e-07,253.813,1783.15,-1.71227e-07,287.297,2243.62,-2.88466e-07,325.198,2822.67,-4.33651e-07,368.098,3550.67,7.9318e-08,416.657,4465.65,3.13319e-07,471.621,5615.16,3.4613e-07,533.835,7058.61,-1.19199e-07,604.255,8870.02,-2.79964e-07,683.962,11141.4,-2.30521e-07,774.182,13986.7,-2.55099e-07,876.299,17546.4,1.23585e-07,991.883,21993.1,1.41192e-07,1122.71,27536.7,-9.71886e-08,1270.78,34430.7,-3.68368e-07,1438.38,42977.7,-3.45379e-07,1628.07,53532.7,-3.25328e-09,1842.77,66504.6,2.6362e-07,2085.77,82350.2,2.53445e-07,2360.79,101560,-2.47407e-08,2672.05,124632,-3.80602e-07,3024.31,152018,-4.79005e-07,3422.98,184060,-1.14379e-07,3874.15,220884,2.64297e-07,4384.72,262283,3.44131e-07,4962.49,307576,7.5349e-08,5616.29,355497,-3.63097e-07,6356.1,404126,-6.05442e-07,7193.18,450932,-2.72333e-07,8140.28,492963,2.29675e-07,9211.79,527178,4.3387e-07,10424,550893,-1.0711e-07,10.102,8.06553,2.81012,10.6436,8.57909,0.869423,11.5336,10.2515,0.270869,12.7211,12.7138,0.0844293,14.1823,15.9373,0.0263173,15.9122,20.0383,0.0082035,17.9198,25.2154,0.00255722,20.2244,31.7373,0.000797017,22.8539,39.9486,0.000248622,25.8438,50.2851,7.75492e-05,29.237,63.2963,2.42508e-05,33.0837,79.6738,7.67162e-06,37.4415,100.288,2.32837e-06,42.3767,126.236,7.33e-07,47.9646,158.896,2.79256e-07,54.2906,200.003,9.87351e-09,61.452,251.741,1.61085e-07,69.5585,316.859,-2.47141e-07,78.7347,398.812,8.93552e-08,89.1218,501.948,-2.53231e-07,100.879,631.736,-1.25047e-07,114.188,795.049,-1.78808e-07,129.252,1000.53,2.6733e-07,146.304,1259.03,4.50292e-07,165.605,1584.19,6.76904e-07,187.452,1993.12,-1.23808e-07,212.181,2507.27,-4.89068e-07,240.173,3153.54,-5.40284e-07,271.856,3965.56,1.86061e-07,307.719,4985.38,4.37004e-07,348.313,6265.4,3.59828e-07,394.26,7870.83,3.98192e-07,446.268,9882.51,-1.92908e-07,505.135,12400.3,-2.20392e-07,571.766,15546.9,1.51705e-07,647.184,19472.2,5.74996e-07,732.547,24357.4,5.39112e-07,829.167,30420,5.07815e-09,938.526,37916.3,-4.11492e-07,1062.3,47143.9,-3.9561e-07,1202.4,58439.2,3.86185e-08,1360.96,72169.3,5.94093e-07,1540.42,88715.8,7.47693e-07,1743.53,108445,1.78537e-07,1973.41,131665,-4.12549e-07,2233.57,158557,-5.37164e-07,2528,189103,-1.17615e-07,2861.2,222986,5.66769e-07,3238.27,259510,9.45053e-07,3664.97,297540,4.25093e-07,4147.81,335497,-3.58506e-07,4694.17,371444,-6.7724e-07,5312.37,403256,1.67192e-07,1.61744,3.89446,9.84394,3.28846,7.5504,12.774,5.07607,11.7187,13.6844,7.03202,16.8147,13.9681,9.20215,23.1769,14.0566,11.6301,31.1672,14.0841,14.3598,41.2186,14.0927,17.4376,53.8688,14.0954,20.9137,69.7915,14.0962,24.8432,89.8341,14.0965,29.2879,115.063,14.0966,34.3168,146.819,14.0966,40.0078,186.792,14.0966,46.4487,237.107,14.0966,53.7388,300.44,14.0966,61.9903,380.158,14.0966,71.3301,480.499,14.0966,81.902,606.796,14.0966,93.8685,765.761,14.0966,107.414,965.837,14.0966,122.746,1217.65,14.0966,140.101,1534.57,14.0966,159.745,1933.41,14.0966,181.981,2435.3,14.0966,207.15,3066.85,14.0966,235.64,3861.46,14.0966,267.889,4861.11,14.0966,304.391,6118.54,14.0966,345.709,7699.91,14.0966,392.478,9688.22,14.0966,445.417,12187.5,14.0966,505.339,15327.7,14.0966,573.165,19271.6,14.0966,649.938,24222,14.0966,736.839,30430.9,14.0966,835.202,38211.5,14.0966,946.539,47950.3,14.0966,1072.56,60122.8,14.0966,1215.21,75309.9,14.0966,1376.66,94216.2,14.0966,1559.41,117688,14.0966,1766.26,146729,14.0966,2000.39,182510,14.0966,2265.39,226372,14.0966,2565.33,279806,14.0966,2904.81,344416,14.0966,3289.05,421845,14.0966,3723.93,513667,14.0966,4216.13,621231,14.0966,4773.18,745478,14.0966,5403.64,886744,14.0966,6117.15,1.04457e+06,14.0966,6924.63,1.2176e+06,14.0966,11.7194,11.96,12.6541,13.9321,16.1295,13.6434,16.6097,21.9702,13.9553,19.7532,29.5285,14.0526,23.3844,39.1143,14.0829,27.5423,51.2054,14.0923,32.2796,66.434,14.0953,37.662,85.6061,14.0962,43.7675,109.74,14.0965,50.687,140.119,14.0966,58.5249,178.359,14.0966,67.4005,226.493,14.0966,77.4493,287.08,14.0966,88.8254,363.343,14.0966,101.703,459.336,14.0966,116.281,580.161,14.0966,132.782,732.241,14.0966,151.46,923.655,14.0966,172.603,1164.57,14.0966,196.535,1467.79,14.0966,223.625,1849.39,14.0966,254.288,2329.62,14.0966,288.997,2933.93,14.0966,328.285,3694.33,14.0966,372.755,4651.04,14.0966,423.092,5854.57,14.0966,480.07,7368.38,14.0966,544.564,9272.08,14.0966,617.566,11665.5,14.0966,700.197,14673.6,14.0966,793.729,18452.9,14.0966,899.599,23198.6,14.0966,1019.43,29154.1,14.0966,1155.07,36622.3,14.0966,1308.6,45977.9,14.0966,1482.39,57683.7,14.0966,1679.09,72307.8,14.0966,1901.73,90542.8,14.0966,2153.73,113226,14.0966,2438.97,141360,14.0966,2761.81,176127,14.0966,3127.22,218898,14.0966,3540.81,271226,14.0966,4008.92,334817,14.0966,4538.74,411470,14.0966,5138.38,502973,14.0966,5817.04,610948,14.0966,6585.12,736653,14.0966,7454.39,880741,14.0966,8438.15,1.04302e+06,14.0966,9551.45,1.22224e+06,14.0966,10811.3,1.41602e+06,14.0966,12237,1.62086e+06,14.0966,11.7194,11.96,12.6541,2.21263,4.16949,0.989383,2.67766,5.84076,0.311842,3.14343,7.55825,0.0972771,3.63127,9.58578,0.0303237,4.15787,12.0912,0.00945211,4.73731,15.2286,0.00294633,5.38238,19.1721,0.000918508,6.10553,24.134,0.000286163,6.91951,30.3791,8.92692e-05,7.83792,38.2397,2.78121e-05,8.87555,48.1338,8.65134e-06,10.0489,60.5876,2.7882e-06,11.3761,76.2629,8.29036e-07,12.8779,95.9927,2.4373e-07,14.5775,120.825,4.33068e-09,16.5012,152.08,1.75749e-07,18.6784,191.415,-1.86328e-07,21.1428,240.917,1.91829e-07,23.9322,303.213,-1.81475e-07,27.0895,381.602,7.0186e-08,30.6634,480.231,-2.86769e-08,34.7087,604.316,2.40784e-07,39.2876,760.401,9.87368e-08,44.4705,956.705,1.22263e-07,50.3371,1203.54,-4.31966e-07,56.9776,1513.81,-1.9705e-07,64.494,1903.69,-2.763e-08,73.0018,2393.4,3.9185e-07,82.6317,3008.13,1.35379e-07,93.5318,3779.25,-4.16351e-08,105.869,4745.7,2.06965e-08,119.834,5955.6,-3.18887e-07,135.641,7468.12,-1.48271e-08,153.531,9355.62,2.00739e-07,173.781,11705.8,2.28358e-07,196.701,14624.1,-1.93587e-08,222.642,18235,-2.88101e-07,252.003,22683.4,-2.24732e-07,285.234,28134,8.56806e-09,322.845,34767,2.34258e-07,365.413,42770.9,2.99668e-07,413.588,52327.9,8.28644e-08,468.111,63591.2,-3.07049e-07,529.814,76653.2,-3.1888e-07,599.642,91502.5,-6.72276e-08,678.662,107975,2.26339e-07,768.083,125705,3.69212e-07,869.267,144088,2.04077e-07,983.76,162277,-2.80509e-07,1113.3,179223,-4.22737e-07,1259.87,193777,-1.71951e-07,1425.68,204839,4.55555e-07,11.7194,11.96,12.6541,2.21263,4.16949,0.989383,2.67766,5.84076,0.311842,3.14343,7.55825,0.0972771,3.63127,9.58578,0.0303237,4.15787,12.0912,0.00945211,4.73731,15.2286,0.00294633,5.38238,19.1721,0.000918508,6.10553,24.134,0.000286163,6.91951,30.3791,8.92692e-05,7.83792,38.2397,2.78121e-05,8.87555,48.1338,8.65134e-06,10.0489,60.5876,2.7882e-06,11.3761,76.2629,8.29036e-07,12.8779,95.9927,2.4373e-07,14.5775,120.825,1e-08,16.5012,152.08,1.75749e-07,18.6784,191.415,1e-08,21.1428,240.917,1.91829e-07,23.9322,303.213,1e-08,27.0895,381.602,7.0186e-08,30.6634,480.231,1e-08,34.7087,604.316,2.40784e-07,39.2876,760.401,9.87368e-08,44.4705,956.705,1.22263e-07,50.3371,1203.54,1e-08,56.9776,1513.81,1e-08,64.494,1903.69,1e-08,73.0018,2393.4,3.9185e-07,82.6317,3008.13,1.35379e-07,93.5318,3779.25,1e-08,105.869,4745.7,2.06965e-08,119.834,5955.6,1e-08,135.641,7468.12,1e-08,153.531,9355.62,2.00739e-07,173.781,11705.8,2.28358e-07,196.701,14624.1,1e-08,222.642,18235,1e-08,252.003,22683.4,1e-08,285.234,28134,1e-08,322.845,34767,2.34258e-07,365.413,42770.9,2.99668e-07,413.588,52327.9,8.28644e-08,468.111,63591.2,1e-08,529.814,76653.2,1e-08,599.642,91502.5,1e-08,678.662,107975,2.26339e-07,768.083,125705,3.69212e-07,869.267,144088,2.04077e-07,983.76,162277,1e-08,1113.3,179223,1e-08,1259.87,193777,1e-08,1425.68,204839,4.55555e-07,6.2823,3.27286,2.43537,0.219672,6.18826,2.24117,0.56371,6.87772,2.63624,0.308279,4,35,7,0,1,1,0,3,0,2,4,0,1,10,0,4,9,0,11,9,0,3,15,0,9,42,0,3,30,0,14,26,0,11,24,0,2,71,0,29,36,0,7,62,0,16,125,0,27,87,0,10,210,0,19,195,0,19,192,0,18,569,0,28,223,0,34,344,0,12,785,0,75,641,0,24,953,0,32,1765,0,135,1096,0,104,3202,0,72,4669,0,80,2018,0,106,2904,0,74,3018,0,163,10352,0,140,8685,0,97,10440,0,169,17348,0,282,27716,0,396,26349,0,126,19241,0,317,48410,0,329,41568,0,523,75376,0,244,73749,0,472,60518,0,812,79172,0,558,87487,0,382,137490,0,907,155784,0,1298,176183,0,1311,262201,0,954,175094,0,2396,318538,0
-1.05176e+08,1,8.88811e-15,10,1023,0,1.05176e+08,0.528882,1.08665,0.389689,0.145397,0.379329,3.24381,0.161596,0.446195,1.77396,0.159177,1.15e+07,4.49998e+06,6.79999e+06,1.15e+07,4.49997e+06,6.79999e+06,1.15e+07,4.49996e+06,6.79999e+06,1.15e+07,4.49995e+06,6.79999e+06,1.14999e+07,4.49993e+06,6.79999e+06,1.14999e+07,4.49991e+06,6.79999e+06,1.14999e+07,4.49989e+06,6.79999e+06,1.14999e+07,4.49986e+06,6.79999e+06,1.14999e+07,4.49982e+06,6.79999e+06,1.14999e+07,4.49977e+06,6.79999e+06,1.14999e+07,4.49971e+06,6.79999e+06,1.14999e+07,4.49963e+06,6.79999e+06,1.14998e+07,4.49953e+06,6.79999e+06,1.14998e+07,4.49941e+06,6.79999e+06,1.14998e+07,4.49926e+06,6.79999e+06,1.14998e+07,4.49906e+06,6.79999e+06,1.14997e+07,4.49882e+06,6.79999e+06,1.14997e+07,4.49851e+06,6.79999e+06,1.14997e+07,4.49812e+06,6.79999e+06,1.14996e+07,4.49764e+06,6.79999e+06,1.14996e+07,4.49702e+06,6.79999e+06,1.14995e+07,4.49625e+06,6.79999e+06,1.14995e+07,4.49528e+06,6.79999e+06,1.14994e+07,4.49406e+06,6.79999e+06,1.14993e+07,4.49253e+06,6.79999e+06,1.14992e+07,4.49059e+06,6.79999e+06,1.14991e+07,4.48817e+06,6.79999e+06,1.1499e+07,4.48511e+06,6.79999e+06,1.14988e+07,4.48128e+06,6.79999e+06,1.14987e+07,4.47646e+06,6.79999e+06,1.14985e+07,4.47041e+06,6.79999e+06,1.14983e+07,4.46281e+06,6.79999e+06,1.14981e+07,4.4533e+06,6.79999e+06,1.14979e+07,4.44138e+06,6.79999e+06,1.14976e+07,4.42649e+06,6.79999e+06,1.14972e+07,4.40789e+06,6.79999e+06,1.14969e+07,4.38471e+06,6.79999e+06,1.14965e+07,4.35592e+06,6.79999e+06,1.1496e+07,4.32027e+06,6.79999e+06,1.14955e+07,4.27629e+06,6.79999e+06,1.14949e+07,4.22231e+06,6.79999e+06,1.14942e+07,4.15647e+06,6.79999e+06,1.14934e+07,4.07676e+06,6.79999e+06,1.14926e+07,3.98112e+06,6.79999e+06,1.14916e+07,3.86765e+06,6.79999e+06,1.14905e+07,3.73474e+06,6.79999e+06,1.14892e+07,3.58148e+06,6.79999e+06,1.14878e+07,3.40785e+06,6.79999e+06,1.14862e+07,3.21513e+06,6.79999e+06,1.14844e+07,3.00605e+06,6.79999e+06,1.14823e+07,2.7848e+06,6.79999e+06,1.148e+07,2.5568e+06,6.79999e+06,1.14773e+07,2.32825e+06,6.79999e+06,13.5742,8.52444,0.508366,16.8306,13.2585,0.162638,20.0035,17.569,0.0507846,23.2616,22.4214,0.0158319,26.7328,28.3297,0.00493498,30.5212,35.6974,0.00153831,34.7178,44.9473,0.000479527,39.4086,56.5822,0.000149456,44.6796,71.2245,4.66214e-05,50.6209,89.6543,1.45419e-05,57.3297,112.852,4.54748e-06,64.9129,142.051,1.43857e-06,73.4897,178.803,4.36618e-07,83.1934,225.062,1.40153e-07,94.1745,283.286,4.96378e-08,106.602,356.568,1.05434e-07,120.669,448.799,-6.49244e-08,136.59,564.873,1.70148e-07,154.611,710.948,-5.34594e-08,175.008,894.767,1.63407e-07,198.097,1126.06,8.04804e-08,224.231,1417.07,1.14667e-07,253.813,1783.15,-1.71227e-07,287.297,2243.62,-2.88466e-07,325.198,2822.67,-4.33651e-07,368.098,3550.67,7.9318e-08,416.657,4465.65,3.13319e-07,471.621,5615.16,3.4613e-07,533.835,7058.61,-1.19199e-07,604.255,8870.02,-2.79964e-07,683.962,11141.4,-2.30521e-07,774.182,13986.7,-2.55099e-07,876.299,17546.4,1.23585e-07,991.883,21993.1,1.41192e-07,1122.71,27536.7,-9.71886e-08,1270.78,34430.7,-3.68368e-07,1438.38,42977.7,-3.45379e-07,1628.07,53532.7,-3.25328e-09,1842.77,66504.6,2.6362e-07,2085.77,82350.2,2.53445e-07,2360.79,101560,-2.47407e-08,2672.05,124632,-3.80602e-07,3024.31,152018,-4.79005e-07,3422.98,184060,-1.14379e-07,3874.15,220884,2.64297e-07,4384.72,262283,3.44131e-07,4962.49,307576,7.5349e-08,5616.29,355497,-3.63097e-07,6356.1,404126,-6.05442e-07,7193.18,450932,-2.72333e-07,8140.28,492963,2.29675e-07,9211.79,527178,4.3387e-07,10424,550893,-1.0711e-07,10.102,8.06553,2.81012,10.6436,8.57909,0.869423,11.5336,10.2515,0.270869,12.7211,12.7138,0.0844293,14.1823,15.9373,0.0263173,15.9122,20.0383,0.0082035,17.9198,25.2154,0.00255722,20.2244,31.7373,0.000797017,22.8539,39.9486,0.000248622,25.8438,50.2851,7.75492e-05,29.237,63.2963,2.42508e-05,33.0837,79.6738,7.67162e-06,37.4415,100.288,2.32837e-06,42.3767,126.236,7.33e-07,47.9646,158.896,2.79256e-07,54.2906,200.003,9.87351e-09,61.452,251.741,1.61085e-07,69.5585,316.859,-2.47141e-07,78.7347,398.812,8.93552e-08,89.1218,501.948,-2.53231e-07,100.879,631.736,-1.25047e-07,114.188,795.049,-1.78808e-07,129.252,1000.53,2.6733e-07,146.304,1259.03,4.50292e-07,165.605,1584.19,6.76904e-07,187.452,1993.12,-1.23808e-07,212.181,2507.27,-4.89068e-07,240.173,3153.54,-5.40284e-07,271.856,3965.56,1.86061e-07,307.719,4985.38,4.37004e-07,348.313,6265.4,3.59828e-07,394.26,7870.83,3.98192e-07,446.268,9882.51,-1.92908e-07,505.135,12400.3,-2.20392e-07,571.766,15546.9,1.51705e-07,647.184,19472.2,5.74996e-07,732.547,24357.4,5.39112e-07,829.167,30420,5.07815e-09,938.526,37916.3,-4.11492e-07,1062.3,47143.9,-3.9561e-07,1202.4,58439.2,3.86185e-08,1360.96,72169.3,5.94093e-07,1540.42,88715.8,7.47693e-07,1743.53,108445,1.78537e-07,1973.41,131665,-4.12549e-07,2233.57,158557,-5.37164e-07,2528,189103,-1.17615e-07,2861.2,222986,5.66769e-07,3238.27,259510,9.45053e-07,3664.97,297540,4.25093e-07,4147.81,335497,-3.58506e-07,4694.17,371444,-6.7724e-07,5312.37,403256,1.67192e-07,1.61744,3.89446,9.84394,3.28846,7.5504,12.774,5.07607,11.7187,13.6844,7.03202,16.8147,13.9681,9.20215,23.1769,14.0566,11.6301,31.1672,14.0841,14.3598,41.2186,14.0927,17.4376,53.8688,14.0954,20.9137,69.7915,14.0962,24.8432,89.8341,14.0965,29.2879,115.063,14.0966,34.3168,146.819,14.0966,40.0078,186.792,14.0966,46.4487,237.107,14.0966,53.7388,300.44,14.0966,61.9903,380.158,14.0966,71.3301,480.499,14.0966,81.902,606.796,14.0966,93.8685,765.761,14.0966,107.414,965.837,14.0966,122.746,1217.65,14.0966,140.101,1534.57,14.0966,159.745,1933.41,14.0966,181.981,2435.3,14.0966,207.15,3066.85,14.0966,235.64,3861.46,14.0966,267.889,4861.11,14.0966,304.391,6118.54,14.0966,345.709,7699.91,14.0966,392.478,9688.22,14.0966,445.417,12187.5,14.0966,505.339,15327.7,14.0966,573.165,19271.6,14.0966,649.938,24222,14.0966,736.839,30430.9,14.0966,835.202,38211.5,14.0966,946.539,47950.3,14.0966,1072.56,60122.8,14.0966,1215.21,75309.9,14.0966,1376.66,94216.2,14.0966,1559.41,117688,14.0966,1766.26,146729,14.0966,2000.39,182510,14.0966,2265.39,226372,14.0966,2565.33,279806,14.0966,2904.81,344416,14.0966,3289.05,421845,14.0966,3723.93,513667,14.0966,4216.13,621231,14.0966,4773.18,745478,14.0966,5403.64,886744,14.0966,6117.15,1.04457e+06,14.0966,6924.63,1.2176e+06,14.0966,11.7194,11.96,12.6541,13.9321,16.1295,13.6434,16.6097,21.9702,13.9553,19.7532,29.5285,14.0526,23.3844,39.1143,14.0829,27.5423,51.2054,14.0923,32.2796,66.434,14.0953,37.662,85.6061,14.0962,43.7675,109.74,14.0965,50.687,140.119,14.0966,58.5249,178.359,14.0966,67.4005,226.493,14.0966,77.4493,287.08,14.0966,88.8254,363.343,14.0966,101.703,459.336,14.0966,116.281,580.161,14.0966,132.782,732.241,14.0966,151.46,923.655,14.0966,172.603,1164.57,14.0966,196.535,1467.79,14.0966,223.625,1849.39,14.0966,254.288,2329.62,14.0966,288.997,2933.93,14.0966,328.285,3694.33,14.0966,372.755,4651.04,14.0966,423.092,5854.57,14.0966,480.07,7368.38,14.0966,544.564,9272.08,14.0966,617.566,11665.5,14.0966,700.197,14673.6,14.0966,793.729,18452.9,14.0966,899.599,23198.6,14.0966,1019.43,29154.1,14.0966,1155.07,36622.3,14.0966,1308.6,45977.9,14.0966,1482.39,57683.7,14.0966,1679.09,72307.8,14.0966,1901.73,90542.8,14.0966,2153.73,113226,14.0966,2438.97,141360,14.0966,2761.81,176127,14.0966,3127.22,218898,14.0966,3540.81,271226,14.0966,4008.92,334817,14.0966,4538.74,411470,14.0966,5138.38,502973,14.0966,5817.04,610948,14.0966,6585.12,736653,14.0966,7454.39,880741,14.0966,8438.15,1.04302e+06,14.0966,9551.45,1.22224e+06,14.0966,10811.3,1.41602e+06,14.0966,12237,1.62086e+06,14.0966,11.7194,11.96,12.6541,2.21263,4.16949,0.989383,2.67766,5.84076,0.311842,3.14343,7.55825,0.0972771,3.63127,9.58578,0.0303237,4.15787,12.0912,0.00945211,4.73731,15.2286,0.00294633,5.38238,19.1721,0.000918508,6.10553,24.134,0.000286163,6.91951,30.3791,8.92692e-05,7.83792,38.2397,2.78121e-05,8.87555,48.1338,8.65134e-06,10.0489,60.5876,2.7882e-06,11.3761,76.2629,8.29036e-07,12.8779,95.9927,2.4373e-07,14.5775,120.825,4.33068e-09,16.5012,152.08,1.75749e-07,18.6784,191.415,-1.86328e-07,21.1428,240.917,1.91829e-07,23.9322,303.213,-1.81475e-07,27.0895,381.602,7.0186e-08,30.6634,480.231,-2.86769e-08,34.7087,604.316,2.40784e-07,39.2876,760.401,9.87368e-08,44.4705,956.705,1.22263e-07,50.3371,1203.54,-4.31966e-07,56.9776,1513.81,-1.9705e-07,64.494,1903.69,-2.763e-08,73.0018,2393.4,3.9185e-07,82.6317,3008.13,1.35379e-07,93.5318,3779.25,-4.16351e-08,105.869,4745.7,2.06965e-08,119.834,5955.6,-3.18887e-07,135.641,7468.12,-1.48271e-08,153.531,9355.62,2.00739e-07,173.781,11705.8,2.28358e-07,196.701,14624.1,-1.93587e-08,222.642,18235,-2.88101e-07,252.003,22683.4,-2.24732e-07,285.234,28134,8.56806e-09,322.845,34767,2.34258e-07,365.413,42770.9,2.99668e-07,413.588,52327.9,8.28644e-08,468.111,63591.2,-3.07049e-07,529.814,76653.2,-3.1888e-07,599.642,91502.5,-6.72276e-08,678.662,107975,2.26339e-07,768.083,125705,3.69212e-07,869.267,144088,2.04077e-07,983.76,162277,-2.80509e-07,1113.3,179223,-4.22737e-07,1259.87,193777,-1.71951e-07,1425.68,204839,4.55555e-07,11.7194,11.96,12.6541,2.21263,4.16949,0.989383,2.67766,5.84076,0.311842,3.14343,7.55825,0.0972771,3.63127,9.58578,0.0303237,4.15787,12.0912,0.00945211,4.73731,15.2286,0.00294633,5.38238,19.1721,0.000918508,6.10553,24.134,0.000286163,6.91951,30.3791,8.92692e-05,7.83792,38.2397,2.78121e-05,8.87555,48.1338,8.65134e-06,10.0489,60.5876,2.7882e-06,11.3761,76.2629,8.29036e-07,12.8779,95.9927,2.4373e-07,14.5775,120.825,1e-08,16.5012,152.08,1.75749e-07,18.6784,191.415,1e-08,21.1428,240.917,1.91829e-07,23.9322,303.213,1e-08,27.0895,381.602,7.0186e-08,30.6634,480.231,1e-08,34.7087,604.316,2.40784e-07,39.2876,760.401,9.87368e-08,44.4705,956.705,1.22263e-07,50.3371,1203.54,1e-08,56.9776,1513.81,1e-08,64.494,1903.69,1e-08,73.0018,2393.4,3.9185e-07,82.6317,3008.13,1.35379e-07,93.5318,3779.25,1e-08,105.869,4745.7,2.06965e-08,119.834,5955.6,1e-08,135.641,7468.12,1e-08,153.531,9355.62,2.00739e-07,173.781,11705.8,2.28358e-07,196.701,14624.1,1e-08,222.642,18235,1e-08,252.003,22683.4,1e-08,285.234,28134,1e-08,322.845,34767,2.34258e-07,365.413,42770.9,2.99668e-07,413.588,52327.9,8.28644e-08,468.111,63591.2,1e-08,529.814,76653.2,1e-08,599.642,91502.5,1e-08,678.662,107975,2.26339e-07,768.083,125705,3.69212e-07,869.267,144088,2.04077e-07,983.76,162277,1e-08,1113.3,179223,1e-08,1259.87,193777,1e-08,1425.68,204839,4.55555e-07,6.2823,3.27286,2.43537,0.219672,6.18826,2.24117,0.56371,6.87772,2.63624,0.308279,5,8,11,0,6,0,3,7,1,1,14,0,2,11,0,2,6,0,4,6,0,3,22,0,1,33,0,4,31,0,9,46,0,12,56,0,37,35,0,18,62,0,17,110,0,13,95,0,16,108,0,16,360,0,24,177,0,27,238,0,60,379,0,16,491,0,27,526,0,26,1029,0,53,1211,0,18,1036,0,33,1325,0,99,2812,0,59,1592,0,39,1243,0,94,6567,0,165,5136,0,108,6276,0,279,5383,0,123,3981,0,126,13263,0,211,11889,0,217,11181,0,257,12537,0,183,24111,0,78,52224,0,399,23884,0,123,24708,0,490,71143,0,106,60532,0,513,80882,0,668,97887,0,754,124276,0,1106,176535,0,598,148263,0,798,149876,0,581,305050,0,738,175772,0
-1.05176e+08,1,8.88811e-15,10,1023,0,1.05176e+08,0.528882,1.08665,0.389689,0.145397,0.379329,3.24381,0.161596,0.446195,1.77396,0.159177,1.15e+07,4.49998e+06,6.79999e+06,1.15e+07,4.49997e+06,6.79999e+06,1.15e+07,4.49996e+06,6.79999e+06,1.15e+07,4.49995e+06,6.79999e+06,1.14999e+07,4.49993e+06,6.79999e+06,1.14999e+07,4.49991e+06,6.79999e+06,1.14999e+07,4.49989e+06,6.79999e+06,1.14999e+07,4.49986e+06,6.79999e+06,1.14999e+07,4.49982e+06,6.79999e+06,1.14999e+07,4.49977e+06,6.79999e+06,1.14999e+07,4.49971e+06,6.79999e+06,1.14999e+07,4.49963e+06,6.79999e+06,1.14998e+07,4.49953e+06,6.79999e+06,1.14998e+07,4.49941e+06,6.79999e+06,1.14998e+07,4.49926e+06,6.79999e+06,1.14998e+07,4.49906e+06,6.79999e+06,1.14997e+07,4.49882e+06,6.79999e+06,1.14997e+07,4.49851e+06,6.79999e+06,1.14997e+07,4.49812e+06,6.79999e+06,1.14996e+07,4.49764e+06,6.79999e+06,1.14996e+07,4.49702e+06,6.79999e+06,1.14995e+07,4.49625e+06,6.79999e+06,1.14995e+07,4.49528e+06,6.79999e+06,1.14994e+07,4.49406e+06,6.79999e+06,1.14993e+07,4.49253e+06,6.79999e+06,1.14992e+07,4.49059e+06,6.79999e+06,1.14991e+07,4.48817e+06,6.79999e+06,1.1499e+07,4.48511e+06,6.79999e+06,1.14988e+07,4.48128e+06,6.79999e+06,1.14987e+07,4.47646e+06,6.79999e+06,1.14985e+07,4.47041e+06,6.79999e+06,1.14983e+07,4.46281e+06,6.79999e+06,1.14981e+07,4.4533e+06,6.79999e+06,1.14979e+07,4.44138e+06,6.79999e+06,1.14976e+07,4.42649e+06,6.79999e+06,1.14972e+07,4.40789e+06,6.79999e+06,1.14969e+07,4.38471e+06,6.79999e+06,1.14965e+07,4.35592e+06,6.79999e+06,1.1496e+07,4.32027e+06,6.79999e+06,1.14955e+07,4.27629e+06,6.79999e+06,1.14949e+07,4.22231e+06,6.79999e+06,1.14942e+07,4.15647e+06,6.79999e+06,1.14934e+07,4.07676e+06,6.79999e+06,1.14926e+07,3.98112e+06,6.79999e+06,1.14916e+07,3.86765e+06,6.79999e+06,1.14905e+07,3.73474e+06,6.79999e+06,1.14892e+07,3.58148e+06,6.79999e+06,1.14878e+07,3.40785e+06,6.79999e+06,1.14862e+07,3.21513e+06,6.79999e+06,1.14844e+07,3.00605e+06,6.79999e+06,1.14823e+07,2.7848e+06,6.79999e+06,1.148e+07,2.5568e+06,6.79999e+06,1.14773e+07,2.32825e+06,6.79999e+06,13.5742,8.52444,0.508366,16.8306,13.2585,0.162638,20.0035,17.569,0.0507846,23.2616,22.4214,0.0158319,26.7328,28.3297,0.00493498,30.5212,35.6974,0.00153831,34.7178,44.9473,0.000479527,39.4086,56.5822,0.000149456,44.6796,71.2245,4.66214e-05,50.6209,89.6543,1.45419e-05,57.3297,112.852,4.54748e-06,64.9129,142.051,1.43857e-06,73.4897,178.803,4.36618e-07,83.1934,225.062,1.40153e-07,94.1745,283.286,4.96378e-08,106.602,356.568,1.05434e-07,120.669,448.799,-6.49244e-08,136.59,564.873,1.70148e-07,154.611,710.948,-5.34594e-08,175.008,894.767,1.63407e-07,198.097,1126.06,8.04804e-08,224.231,1417.07,1.14667e-07,253.813,1783.15,-1.71227e-07,287.297,2243.62,-2.88466e-07,325.198,2822.67,-4.33651e-07,368.098,3550.67,7.9318e-08,416.657,4465.65,3.13319e-07,471.621,5615.16,3.4613e-07,533.835,7058.61,-1.19199e-07,604.255,8870.02,-2.79964e-07,683.962,11141.4,-2.30521e-07,774.182,13986.7,-2.55099e-07,876.299,17546.4,1.23585e-07,991.883,21993.1,1.41192e-07,1122.71,27536.7,-9.71886e-08,1270.78,34430.7,-3.68368e-07,1438.38,42977.7,-3.45379e-07,1628.07,53532.7,-3.25328e-09,1842.77,66504.6,2.6362e-07,2085.77,82350.2,2.53445e-07,2360.79,101560,-2.47407e-08,2672.05,124632,-3.80602e-07,3024.31,152018,-4.79005e-07,3422.98,184060,-1.14379e-07,3874.15,220884,2.64297e-07,4384.72,262283,3.44131e-07,4962.49,307576,7.5349e-08,5616.29,355497,-3.63097e-07,6356.1,404126,-6.05442e-07,7193.18,450932,-2.72333e-07,8140.28,492963,2.29675e-07,9211.79,527178,4.3387e-07,10424,550893,-1.0711e-07,10.102,8.06553,2.81012,10.6436,8.57909,0.869423,11.5336,10.2515,0.270869,12.7211,12.7138,0.0844293,14.1823,15.9373,0.0263173,15.9122,20.0383,0.0082035,17.9198,25.2154,0.00255722,20.2244,31.7373,0.000797017,22.8539,39.9486,0.000248622,25.8438,50.2851,7.75492e-05,29.237,63.2963,2.42508e-05,33.0837,79.6738,7.67162e-06,37.4415,100.288,2.32837e-06,42.3767,126.236,7.33e-07,47.9646,158.896,2.79256e-07,54.2906,200.003,9.87351e-09,61.452,251.741,1.61085e-07,69.5585,316.859,-2.47141e-07,78.7347,398.812,8.93552e-08,89.1218,501.948,-2.53231e-07,100.879,631.736,-1.25047e-07,114.188,795.049,-1.78808e-07,129.252,1000.53,2.6733e-07,146.304,1259.03,4.50292e-07,165.605,1584.19,6.76904e-07,187.452,1993.12,-1.23808e-07,212.181,2507.27,-4.89068e-07,240.173,3153.54,-5.40284e-07,271.856,3965.56,1.86061e-07,307.719,4985.38,4.37004e-07,348.313,6265.4,3.59828e-07,394.26,7870.83,3.98192e-07,446.268,9882.51,-1.92908e-07,505.135,12400.3,-2.20392e-07,571.766,15546.9,1.51705e-07,647.184,19472.2,5.74996e-07,732.547,24357.4,5.39112e-07,829.167,30420,5.07815e-09,938.526,37916.3,-4.11492e-07,1062.3,47143.9,-3.9561e-07,1202.4,58439.2,3.86185e-08,1360.96,72169.3,5.94093e-07,1540.42,88715.8,7.47693e-07,1743.53,108445,1.78537e-07,1973.41,131665,-4.12549e-07,2233.57,158557,-5.37164e-07,2528,189103,-1.17615e-07,2861.2,222986,5.66769e-07,3238.27,259510,9.45053e-07,3664.97,297540,4.25093e-07,4147.81,335497,-3.58506e-07,4694.17,371444,-6.7724e-07,5312.37,403256,1.67192e-07,1.61744,3.89446,9.84394,3.28846,7.5504,12.774,5.07607,11.7187,13.6844,7.03202,16.8147,13.9681,9.20215,23.1769,14.0566,11.6301,31.1672,14.0841,14.3598,41.2186,14.0927,17.4376,53.8688,14.0954,20.9137,69.7915,14.0962,24.8432,89.8341,14.0965,29.2879,115.063,14.0966,34.3168,146.819,14.0966,40.0078,186.792,14.0966,46.4487,237.107,14.0966,53.7388,300.44,14.0966,61.9903,380.158,14.0966,71.3301,480.499,14.0966,81.902,606.796,14.0966,93.8685,765.761,14.0966,107.414,965.837,14.0966,122.746,1217.65,14.0966,140.101,1534.57,14.0966,159.745,1933.41,14.0966,181.981,2435.3,14.0966,207.15,3066.85,14.0966,235.64,3861.46,14.0966,267.889,4861.11,14.0966,304.391,6118.54,14.0966,345.709,7699.91,14.0966,392.478,9688.22,14.0966,445.417,12187.5,14.0966,505.339,15327.7,14.0966,573.165,19271.6,14.0966,649.938,24222,14.0966,736.839,30430.9,14.0966,835.202,38211.5,14.0966,946.539,47950.3,14.0966,1072.56,60122.8,14.0966,1215.21,75309.9,14.0966,1376.66,94216.2,14.0966,1559.41,117688,14.0966,1766.26,146729,14.0966,2000.39,182510,14.0966,2265.39,226372,14.0966,2565.33,279806,14.0966,2904.81,344416,14.0966,3289.05,421845,14.0966,3723.93,513667,14.0966,4216.13,621231,14.0966,4773.18,745478,14.0966,5403.64,886744,14.0966,6117.15,1.04457e+06,14.0966,6924.63,1.2176e+06,14.0966,11.7194,11.96,12.6541,13.9321,16.1295,13.6434,16.6097,21.9702,13.9553,19.7532,29.5285,14.0526,23.3844,39.1143,14.0829,27.5423,51.2054,14.0923,32.2796,66.434,14.0953,37.662,85.6061,14.0962,43.7675,109.74,14.0965,50.687,140.119,14.0966,58.5249,178.359,14.0966,67.4005,226.493,14.0966,77.4493,287.08,14.0966,88.8254,363.343,14.0966,101.703,459.336,14.0966,116.281,580.161,14.0966,132.782,732.241,14.0966,151.46,923.655,14.0966,172.603,1164.57,14.0966,196.535,1467.79,14.0966,223.625,1849.39,14.0966,254.288,2329.62,14.0966,288.997,2933.93,14.0966,328.285,3694.33,14.0966,372.755,4651.04,14.0966,423.092,5854.57,14.0966,480.07,7368.38,14.0966,544.564,9272.08,14.0966,617.566,11665.5,14.0966,700.197,14673.6,14.0966,793.729,18452.9,14.0966,899.599,23198.6,14.0966,1019.43,29154.1,14.0966,1155.07,36622.3,14.0966,1308.6,45977.9,14.0966,1482.39,57683.7,14.0966,1679.09,72307.8,14.0966,1901.73,90542.8,14.0966,2153.73,113226,14.0966,2438.97,141360,14.0966,2761.81,176127,14.0966,3127.22,218898,14.0966,3540.81,271226,14.0966,4008.92,334817,14.0966,4538.74,411470,14.0966,5138.38,502973,14.0966,5817.04,610948,14.0966,6585.12,736653,14.0966,7454.39,880741,14.0966,8438.15,1.04302e+06,14.0966,9551.45,1.22224e+06,14.0966,10811.3,1.41602e+06,14.0966,12237,1.62086e+06,14.0966,11.7194,11.96,12.6541,2.21263,4.16949,0.989383,2.67766,5.84076,0.311842,3.14343,7.55825,0.0972771,3.63127,9.58578,0.0303237,4.15787,12.0912,0.00945211,4.73731,15.2286,0.00294633,5.38238,19.1721,0.000918508,6.10553,24.134,0.000286163,6.91951,30.3791,8.92692e-05,7.83792,38.2397,2.78121e-05,8.87555,48.1338,8.65134e-06,10.0489,60.5876,2.7882e-06,11.3761,76.2629,8.29036e-07,12.8779,95.9927,2.4373e-07,14.5775,120.825,4.33068e-09,16.5012,152.08,1.75749e-07,18.6784,191.415,-1.86328e-07,21.1428,240.917,1.91829e-07,23.9322,303.213,-1.81475e-07,27.0895,381.602,7.0186e-08,30.6634,480.231,-2.86769e-08,34.7087,604.316,2.40784e-07,39.2876,760.401,9.87368e-08,44.4705,956.705,1.22263e-07,50.3371,1203.54,-4.31966e-07,56.9776,1513.81,-1.9705e-07,64.494,1903.69,-2.763e-08,73.0018,2393.4,3.9185e-07,82.6317,3008.13,1.35379e-07,93.5318,3779.25,-4.16351e-08,105.869,4745.7,2.06965e-08,119.834,5955.6,-3.18887e-07,135.641,7468.12,-1.48271e-08,153.531,9355.62,2.00739e-07,173.781,11705.8,2.28358e-07,196.701,14624.1,-1.93587e-08,222.642,18235,-2.88101e-07,252.003,22683.4,-2.24732e-07,285.234,28134,8.56806e-09,322.845,34767,2.34258e-07,365.413,42770.9,2.99668e-07,413.588,52327.9,8.28644e-08,468.111,63591.2,-3.07049e-07,529.814,76653.2,-3.1888e-07,599.642,91502.5,-6.72276e-08,678.662,107975,2.26339e-07,768.083,125705,3.69212e-07,869.267,144088,2.04077e-07,983.76,162277,-2.80509e-07,1113.3,179223,-4.22737e-07,1259.87,193777,-1.71951e-07,1425.68,204839,4.55555e-07,11.7194,11.96,12.6541,2.21263,4.16949,0.989383,2.67766,5.84076,0.311842,3.14343,7.55825,0.0972771,3.63127,9.58578,0.0303237,4.15787,12.0912,0.00945211,4.73731,15.2286,0.00294633,5.38238,19.1721,0.000918508,6.10553,24.134,0.000286163,6.91951,30.3791,8.92692e-05,7.83792,38.2397,2.78121e-05,8.87555,48.1338,8.65134e-06,10.0489,60.5876,2.7882e-06,11.3761,76.2629,8.29036e-07,12.8779,95.9927,2.4373e-07,14.5775,120.825,1e-08,16.5012,152.08,1.75749e-07,18.6784,191.415,1e-08,21.1428,240.917,1.91829e-07,23.9322,303.213,1e-08,27.0895,381.602,7.0186e-08,30.6634,480.231,1e-08,34.7087,604.316,2.40784e-07,39.2876,760.401,9.87368e-08,44.4705,956.705,1.22263e-07,50.3371,1203.54,1e-08,56.9776,1513.81,1e-08,64.494,1903.69,1e-08,73.0018,2393.4,3.9185e-07,82.6317,3008.13,1.35379e-07,93.5318,3779.25,1e-08,105.869,4745.7,2.06965e-08,119.834,5955.6,1e-08,135.641,7468.12,1e-08,153.531,9355.62,2.00739e-07,173.781,11705.8,2.28358e-07,196.701,14624.1,1e-08,222.642,18235,1e-08,252.003,22683.4,1e-08,285.234,28134,1e-08,322.845,34767,2.34258e-07,365.413,42770.9,2.99668e-07,413.588,52327.9,8.28644e-08,468.111,63591.2,1e-08,529.814,76653.2,1e-08,599.642,91502.5,1e-08,678.662,107975,2.26339e-07,768.083,125705,3.69212e-07,869.267,144088,2.04077e-07,983.76,162277,1e-08,1113.3,179223,1e-08,1259.87,193777,1e-08,1425.68,204839,4.55555e-07,6.2823,3.27286,2.43537,0.219672,6.18826,2.24117,0.56371,6.87772,2.63624,0.308279,20,23,13,2,6,3,3,3,0,4,8,0,5,6,0,1,2,0,11,16,0,6,7,0,7,6,0,8,45,0,13,47,0,12,39,0,20,63,0,5,143,0,11,103,0,10,136,0,13,123,0,39,140,0,19,109,0,16,126,0,18,317,0,38,311,0,52,908,0,45,756,0,27,1305,0,37,1067,0,25,852,0,71,1744,0,67,2011,0,77,4748,0,89,5060,0,117,6135,0,179,5799,0,123,6080,0,83,15689,0,303,6010,0,185,11557,0,251,17486,0,211,32120,0,464,25972,0,611,31222,0,412,40162,0,501,56388,0,496,88167,0,453,111500,0,241,114653,0,855,99508,0,681,98577,0,1429,146559,0,769,87707,0,1001,174616,0,1000,157762,0,1580,313707,0
-1.05176e+08,1.48641e-52,8.88811e-15,10,1023,0,1.05176e+08,0.528882,1.08665,0.389689,0.145397,0.379329,3.24381,0.161596,0.446195,1.77396,0.159177,1.15e+07,4.49998e+06,6.79999e+06,1.15e+07,4.49997e+06,6.79999e+06,1.15e+07,4.49996e+06,6.79999e+06,1.15e+07,4.49995e+06,6.79999e+06,1.14999e+07,4.49993e+06,6.79999e+06,1.14999e+07,4.49991e+06,6.79999e+06,1.14999e+07,4.49989e+06,6.79999e+06,1.14999e+07,4.49986e+06,6.79999e+06,1.14999e+07,4.49982e+06,6.79999e+06,1.14999e+07,4.49977e+06,6.79999e+06,1.14999e+07,4.49971e+06,6.79999e+06,1.14999e+07,4.49963e+06,6.79999e+06,1.14998e+07,4.49953e+06,6.79999e+06,1.14998e+07,4.49941e+06,6.79999e+06,1.14998e+07,4.49926e+06,6.79999e+06,1.14998e+07,4.49906e+06,6.79999e+06,1.14997e+07,4.49882e+06,6.79999e+06,1.14997e+07,4.49851e+06,6.79999e+06,1.14997e+07,4.49812e+06,6.79999e+06,1.14996e+07,4.49764e+06,6.79999e+06,1.14996e+07,4.49702e+06,6.79999e+06,1.14995e+07,4.49625e+06,6.79999e+06,1.14995e+07,4.49528e+06,6.79999e+06,1.14994e+07,4.49406e+06,6.79999e+06,1.14993e+07,4.49253e+06,6.79999e+06,1.14992e+07,4.49059e+06,6.79999e+06,1.14991e+07,4.48817e+06,6.79999e+06,1.1499e+07,4.48511e+06,6.79999e+06,1.14988e+07,4.48128e+06,6.79999e+06,1.14987e+07,4.47646e+06,6.79999e+06,1.14985e+07,4.47041e+06,6.79999e+06,1.14983e+07,4.46281e+06,6.79999e+06,1.14981e+07,4.4533e+06,6.79999e+06,1.14979e+07,4.44138e+06,6.79999e+06,1.14976e+07,4.42649e+06,6.79999e+06,1.14972e+07,4.40789e+06,6.79999e+06,1.14969e+07,4.38471e+06,6.79999e+06,1.14965e+07,4.35592e+06,6.79999e+06,1.1496e+07,4.32027e+06,6.79999e+06,1.14955e+07,4.27629e+06,6.79999e+06,1.14949e+07,4.22231e+06,6.79999e+06,1.14942e+07,4.15647e+06,6.79999e+06,1.14934e+07,4.07676e+06,6.79999e+06,1.14926e+07,3.98112e+06,6.79999e+06,1.14916e+07,3.86765e+06,6.79999e+06,1.14905e+07,3.73474e+06,6.79999e+06,1.14892e+07,3.58148e+06,6.79999e+06,1.14878e+07,3.40785e+06,6.79999e+06,1.14862e+07,3.21513e+06,6.79999e+06,1.14844e+07,3.00605e+06,6.79999e+06,1.14823e+07,2.7848e+06,6.79999e+06,1.148e+07,2.5568e+06,6.79999e+06,1.14773e+07,2.32825e+06,6.79999e+06,13.5742,8.52444,0.508366,16.8306,13.2585,0.162638,20.0035,17.569,0.0507846,23.2616,22.4214,0.0158319,26.7328,28.3297,0.00493498,30.5212,35.6974,0.00153831,34.7178,44.9473,0.000479527,39.4086,56.5822,0.000149456,44.6796,71.2245,4.66214e-05,50.6209,89.6543,1.45419e-05,57.3297,112.852,4.54748e-06,64.9129,142.051,1.43857e-06,73.4897,178.803,4.36618e-07,83.1934,225.062,1.40153e-07,94.1745,283.286,4.96378e-08,106.602,356.568,1.05434e-07,120.669,448.799,-6.49244e-08,136.59,564.873,1.70148e-07,154.611,710.948,-5.34594e-08,175.008,894.767,1.63407e-07,198.097,1126.06,8.04804e-08,224.231,1417.07,1.14667e-07,253.813,1783.15,-1.71227e-07,287.297,2243.62,-2.88466e-07,325.198,2822.67,-4.33651e-07,368.098,3550.67,7.9318e-08,416.657,4465.65,3.13319e-07,471.621,5615.16,3.4613e-07,533.835,7058.61,-1.19199e-07,604.255,8870.02,-2.79964e-07,683.962,11141.4,-2.30521e-07,774.182,13986.7,-2.55099e-07,876.299,17546.4,1.23585e-07,991.883,21993.1,1.41192e-07,1122.71,27536.7,-9.71886e-08,1270.78,34430.7,-3.68368e-07,1438.38,42977.7,-3.45379e-07,1628.07,53532.7,-3.25328e-09,1842.77,66504.6,2.6362e-07,2085.77,82350.2,2.53445e-07,2360.79,101560,-2.47407e-08,2672.05,124632,-3.80602e-07,3024.31,152018,-4.79005e-07,3422.98,184060,-1.14379e-07,3874.15,220884,2.64297e-07,4384.72,262283,3.44131e-07,4962.49,307576,7.5349e-08,5616.29,355497,-3.63097e-07,6356.1,404126,-6.05442e-07,7193.18,450932,-2.72333e-07,8140.28,492963,2.29675e-07,9211.79,527178,4.3387e-07,10424,550893,-1.0711e-07,10.102,8.06553,2.81012,10.6436,8.57909,0.869423,11.5336,10.2515,0.270869,12.7211,12.7138,0.0844293,14.1823,15.9373,0.0263173,15.9122,20.0383,0.0082035,17.9198,25.2154,0.00255722,20.2244,31.7373,0.000797017,22.8539,39.9486,0.000248622,25.8438,50.2851,7.75492e-05,29.237,63.2963,2.42508e-05,33.0837,79.6738,7.67162e-06,37.4415,100.288,2.32837e-06,42.3767,126.236,7.33e-07,47.9646,158.896,2.79256e-07,54.2906,200.003,9.87351e-09,61.452,251.741,1.61085e-07,69.5585,316.859,-2.47141e-07,78.7347,398.812,8.93552e-08,89.1218,501.948,-2.53231e-07,100.879,631.736,-1.25047e-07,114.188,795.049,-1.78808e-07,129.252,1000.53,2.6733e-07,146.304,1259.03,4.50292e-07,165.605,1584.19,6.76904e-07,187.452,1993.12,-1.23808e-07,212.181,2507.27,-4.89068e-07,240.173,3153.54,-5.40284e-07,271.856,3965.56,1.86061e-07,307.719,4985.38,4.37004e-07,348.313,6265.4,3.59828e-07,394.26,7870.83,3.98192e-07,446.268,9882.51,-1.92908e-07,505.135,12400.3,-2.20392e-07,571.766,15546.9,1.51705e-07,647.184,19472.2,5.74996e-07,732.547,24357.4,5.39112e-07,829.167,30420,5.07815e-09,938.526,37916.3,-4.11492e-07,1062.3,47143.9,-3.9561e-07,1202.4,58439.2,3.86185e-08,1360.96,72169.3,5.94093e-07,1540.42,88715.8,7.47693e-07,1743.53,108445,1.78537e-07,1973.41,131665,-4.12549e-07,2233.57,158557,-5.37164e-07,2528,189103,-1.17615e-07,2861.2,222986,5.66769e-07,3238.27,259510,9.45053e-07,3664.97,297540,4.25093e-07,4147.81,335497,-3.58506e-07,4694.17,371444,-6.7724e-07,5312.37,403256,1.67192e-07,1.61744,3.89446,9.84394,3.28846,7.5504,12.774,5.07607,11.7187,13.6844,7.03202,16.8147,13.9681,9.20215,23.1769,14.0566,11.6301,31.1672,14.0841,14.3598,41.2186,14.0927,17.4376,53.8688,14.0954,20.9137,69.7915,14.0962,24.8432,89.8341,14.0965,29.2879,115.063,14.0966,34.3168,146.819,14.0966,40.0078,186.792,14.0966,46.4487,237.107,14.0966,53.7388,300.44,14.0966,61.9903,380.158,14.0966,71.3301,480.499,14.0966,81.902,606.796,14.0966,93.8685,765.761,14.0966,107.414,965.837,14.0966,122.746,1217.65,14.0966,140.101,1534.57,14.0966,159.745,1933.41,14.0966,181.981,2435.3,14.0966,207.15,3066.85,14.0966,235.64,3861.46,14.0966,267.889,4861.11,14.0966,304.391,6118.54,14.0966,345.709,7699.91,14.0966,392.478,9688.22,14.0966,445.417,12187.5,14.0966,505.339,15327.7,14.0966,573.165,19271.6,14.0966,649.938,24222,14.0966,736.839,30430.9,14.0966,835.202,38211.5,14.0966,946.539,47950.3,14.0966,1072.56,60122.8,14.0966,1215.21,75309.9,14.0966,1376.66,94216.2,14.0966,1559.41,117688,14.0966,1766.26,146729,14.0966,2000.39,182510,14.0966,2265.39,226372,14.0966,2565.33,279806,14.0966,2904.81,344416,14.0966,3289.05,421845,14.0966,3723.93,513667,14.0966,4216.13,621231,14.0966,4773.18,745478,14.0966,5403.64,886744,14.0966,6117.15,1.04457e+06,14.0966,6924.63,1.2176e+06,14.0966,11.7194,11.96,12.6541,13.9321,16.1295,13.6434,16.6097,21.9702,13.9553,19.7532,29.5285,14.0526,23.3844,39.1143,14.0829,27.5423,51.2054,14.0923,32.2796,66.434,14.0953,37.662,85.6061,14.0962,43.7675,109.74,14.0965,50.687,140.119,14.0966,58.5249,178.359,14.0966,67.4005,226.493,14.0966,77.4493,287.08,14.0966,88.8254,363.343,14.0966,101.703,459.336,14.0966,116.281,580.161,14.0966,132.782,732.241,14.0966,151.46,923.655,14.0966,172.603,1164.57,14.0966,196.535,1467.79,14.0966,223.625,1849.39,14.0966,254.288,2329.62,14.0966,288.997,2933.93,14.0966,328.285,3694.33,14.0966,372.755,4651.04,14.0966,423.092,5854.57,14.0966,480.07,7368.38,14.0966,544.564,9272.08,14.0966,617.566,11665.5,14.0966,700.197,14673.6,14.0966,793.729,18452.9,14.0966,899.599,23198.6,14.0966,1019.43,29154.1,14.0966,1155.07,36622.3,14.0966,1308.6,45977.9,14.0966,1482.39,57683.7,14.0966,1679.09,72307.8,14.0966,1901.73,90542.8,14.0966,2153.73,113226,14.0966,2438.97,141360,14.0966,2761.81,176127,14.0966,3127.22,218898,14.0966,3540.81,271226,14.0966,4008.92,334817,14.0966,4538.74,411470,14.0966,5138.38,502973,14.0966,5817.04,610948,14.0966,6585.12,736653,14.0966,7454.39,880741,14.0966,8438.15,1.04302e+06,14.0966,9551.45,1.22224e+06,14.0966,10811.3,1.41602e+06,14.0966,12237,1.62086e+06,14.0966,11.7194,11.96,12.6541,2.21263,4.16949,0.989383,2.67766,5.84076,0.311842,3.14343,7.55825,0.0972771,3.63127,9.58578,0.0303237,4.15787,12.0912,0.00945211,4.73731,15.2286,0.00294633,5.38238,19.1721,0.000918508,6.10553,24.134,0.000286163,6.91951,30.3791,8.92692e-05,7.83792,38.2397,2.78121e-05,8.87555,48.1338,8.65134e-06,10.0489,60.5876,2.7882e-06,11.3761,76.2629,8.29036e-07,12.8779,95.9927,2.4373e-07,14.5775,120.825,4.33068e-09,16.5012,152.08,1.75749e-07,18.6784,191.415,-1.86328e-07,21.1428,240.917,1.91829e-07,23.9322,303.213,-1.81475e-07,27.0895,381.602,7.0186e-08,30.6634,480.231,-2.86769e-08,34.7087,604.316,2.40784e-07,39.2876,760.401,9.87368e-08,44.4705,956.705,1.22263e-07,50.3371,1203.54,-4.31966e-07,56.9776,1513.81,-1.9705e-07,64.494,1903.69,-2.763e-08,73.0018,2393.4,3.9185e-07,82.6317,3008.13,1.35379e-07,93.5318,3779.25,-4.16351e-08,105.869,4745.7,2.06965e-08,119.834,5955.6,-3.18887e-07,135.641,7468.12,-1.48271e-08,153.531,9355.62,2.00739e-07,173.781,11705.8,2.28358e-07,196.701,14624.1,-1.93587e-08,222.642,18235,-2.88101e-07,252.003,22683.4,-2.24732e-07,285.234,28134,8.56806e-09,322.845,34767,2.34258e-07,365.413,42770.9,2.99668e-07,413.588,52327.9,8.28644e-08,468.111,63591.2,-3.07049e-07,529.814,76653.2,-3.1888e-07,599.642,91502.5,-6.72276e-08,678.662,107975,2.26339e-07,768.083,125705,3.69212e-07,869.267,144088,2.04077e-07,983.76,162277,-2.80509e-07,1113.3,179223,-4.22737e-07,1259.87,193777,-1.71951e-07,1425.68,204839,4.55555e-07,11.7194,11.96,12.6541,2.21263,4.16949,0.989383,2.67766,5.84076,0.311842,3.14343,7.55825,0.0972771,3.63127,9.58578,0.0303237,4.15787,12.0912,0.00945211,4.73731,15.2286,0.00294633,5.38238,19.1721,0.000918508,6.10553,24.134,0.000286163,6.91951,30.3791,8.92692e-05,7.83792,38.2397,2.78121e-05,8.87555,48.1338,8.65134e-06,10.0489,60.5876,2.7882e-06,11.3761,76.2629,8.29036e-07,12.8779,95.9927,2.4373e-07,14.5775,120.825,1e-08,16.5012,152.08,1.75749e-07,18.6784,191.415,1e-08,21.1428,240.917,1.91829e-07,23.9322,303.213,1e-08,27.0895,381.602,7.0186e-08,30.6634,480.231,1e-08,34.7087,604.316,2.40784e-07,39.2876,760.401,9.87368e-08,44.4705,956.705,1.22263e-07,50.3371,1203.54,1e-08,56.9776,1513.81,1e-08,64.494,1903.69,1e-08,73.0018,2393.4,3.9185e-07,82.6317,3008.13,1.35379e-07,93.5318,3779.25,1e-08,105.869,4745.7,2.06965e-08,119.834,5955.6,1e-08,135.641,7468.12,1e-08,153.531,9355.62,2.00739e-07,173.781,11705.8,2.28358e-07,196.701,14624.1,1e-08,222.642,18235,1e-08,252.003,22683.4,1e-08,285.234,28134,1e-08,322.845,34767,2.34258e-07,365.413,42770.9,2.99668e-07,413.588,52327.9,8.28644e-08,468.111,63591.2,1e-08,529.814,76653.2,1e-08,599.642,91502.5,1e-08,678.662,107975,2.26339e-07,768.083,125705,3.69212e-07,869.267,144088,2.04077e-07,983.76,162277,1e-08,1113.3,179223,1e-08,1259.87,193777,1e-08,1425.68,204839,4.55555e-07,6.2823,3.27286,2.43537,0.219672,6.18826,2.24117,0.56371,6.87772,2.63624,0.308279,14,10,14,2,3,0,2,9,0,6,4,0,5,10,0,4,22,0,5,13,0,9,4,0,11,29,0,5,18,0,11,33,0,6,55,0,11,48,0,19,72,0,7,56,0,1,108,0,27,67,0,24,128,0,35,298,0,18,184,0,18,480,0,34,564,0,91,508,0,73,1207,0,56,983,0,28,1027,0,28,1268,0,86,2710,0,161,1330,0,50,3989,0,66,3679,0,159,8966,0,147,7235,0,112,2765,0,211,4180,0,231,9535,0,141,11260,0,354,15643,0,274,18570,0,196,44261,0,138,30193,0,285,32974,0,264,20735,0,280,76725,0,524,119767,0,456,74969,0,370,231597,0,337,100580,0,738,113617,0,891,113613,0,1644,156884,0,1766,224232,0,1193,252039,0
-1.05176e+08,1,8.88811e-15,10,1023,0,1.05176e+08,0.528882,1.08665,0.389689,0.145397,0.379329,3.24381,0.161596,0.446195,1.77396,0.159177,1.15e+07,4.49998e+06,6.79999e+06,1.15e+07,4.49997e+06,6.79999e+06,1.15e+07,4.49996e+06,6.79999e+06,1.15e+07,4.49995e+06,6.79999e+06,1.14999e+07,4.49993e+06,6.79999e+06,1.14999e+07,4.49991e+06,6.79999e+06,1.14999e+07,4.49989e+06,6.79999e+06,1.14999e+07,4.49986e+06,6.79999e+06,1.14999e+07,4.49982e+06,6.79999e+06,1.14999e+07,4.49977e+06,6.79999e+06,1.14999e+07,4.49971e+06,6.79999e+06,1.14999e+07,4.49963e+06,6.79999e+06,1.14998e+07,4.49953e+06,6.79999e+06,1.14998e+07,4.49941e+06,6.79999e+06,1.14998e+07,4.49926e+06,6.79999e+06,1.14998e+07,4.49906e+06,6.79999e+06,1.14997e+07,4.49882e+06,6.79999e+06,1.14997e+07,4.49851e+06,6.79999e+06,1.14997e+07,4.49812e+06,6.79999e+06,1.14996e+07,4.49764e+06,6.79999e+06,1.14996e+07,4.49702e+06,6.79999e+06,1.14995e+07,4.49625e+06,6.79999e+06,1.14995e+07,4.49528e+06,6.79999e+06,1.14994e+07,4.49406e+06,6.79999e+06,1.14993e+07,4.49253e+06,6.79999e+06,1.14992e+07,4.49059e+06,6.79999e+06,1.14991e+07,4.48817e+06,6.79999e+06,1.1499e+07,4.48511e+06,6.79999e+06,1.14988e+07,4.48128e+06,6.79999e+06,1.14987e+07,4.47646e+06,6.79999e+06,1.14985e+07,4.47041e+06,6.79999e+06,1.14983e+07,4.46281e+06,6.79999e+06,1.14981e+07,4.4533e+06,6.79999e+06,1.14979e+07,4.44138e+06,6.79999e+06,1.14976e+07,4.42649e+06,6.79999e+06,1.14972e+07,4.40789e+06,6.79999e+06,1.14969e+07,4.38471e+06,6.79999e+06,1.14965e+07,4.35592e+06,6.79999e+06,1.1496e+07,4.32027e+06,6.79999e+06,1.14955e+07,4.27629e+06,6.79999e+06,1.14949e+07,4.22231e+06,6.79999e+06,1.14942e+07,4.15647e+06,6.79999e+06,1.14934e+07,4.07676e+06,6.79999e+06,1.14926e+07,3.98112e+06,6.79999e+06,1.14916e+07,3.86765e+06,6.79999e+06,1.14905e+07,3.73474e+06,6.79999e+06,1.14892e+07,3.58148e+06,6.79999e+06,1.14878e+07,3.40785e+06,6.79999e+06,1.14862e+07,3.21513e+06,6.79999e+06,1.14844e+07,3.00605e+06,6.79999e+06,1.14823e+07,2.7848e+06,6.79999e+06,1.148e+07,2.5568e+06,6.79999e+06,1.14773e+07,2.32825e+06,6.79999e+06,13.5742,8.52444,0.508366,16.8306,13.2585,0.162638,20.0035,17.569,0.0507846,23.2616,22.4214,0.0158319,26.7328,28.3297,0.00493498,30.5212,35.6974,0.00153831,34.7178,44.9473,0.000479527,39.4086,56.5822,0.000149456,44.6796,71.2245,4.66214e-05,50.6209,89.6543,1.45419e-05,57.3297,112.852,4.54748e-06,64.9129,142.051,1.43857e-06,73.4897,178.803,4.36618e-07,83.1934,225.062,1.40153e-07,94.1745,283.286,4.96378e-08,106.602,356.568,1.05434e-07,120.669,448.799,-6.49244e-08,136.59,564.873,1.70148e-07,154.611,710.948,-5.34594e-08,175.008,894.767,1.63407e-07,198.097,1126.06,8.04804e-08,224.231,1417.07,1.14667e-07,253.813,1783.15,-1.71227e-07,287.297,2243.62,-2.88466e-07,325.198,2822.67,-4.33651e-07,368.098,3550.67,7.9318e-08,416.657,4465.65,3.13319e-07,471.621,5615.16,3.4613e-07,533.835,7058.61,-1.19199e-07,604.255,8870.02,-2.79964e-07,683.962,11141.4,-2.30521e-07,774.182,13986.7,-2.55099e-07,876.299,17546.4,1.23585e-07,991.883,21993.1,1.41192e-07,1122.71,27536.7,-9.71886e-08,1270.78,34430.7,-3.68368e-07,1438.38,42977.7,-3.45379e-07,1628.07,53532.7,-3.25328e-09,1842.77,66504.6,2.6362e-07,2085.77,82350.2,2.53445e-07,2360.79,101560,-2.47407e-08,2672.05,124632,-3.80602e-07,3024.31,152018,-4.79005e-07,3422.98,184060,-1.14379e-07,3874.15,220884,2.64297e-07,4384.72,262283,3.44131e-07,4962.49,307576,7.5349e-08,5616.29,355497,-3.63097e-07,6356.1,404126,-6.05442e-07,7193.18,450932,-2.72333e-07,8140.28,492963,2.29675e-07,9211.79,527178,4.3387e-07,10424,550893,-1.0711e-07,10.102,8.06553,2.81012,10.6436,8.57909,0.869423,11.5336,10.2515,0.270869,12.7211,12.7138,0.0844293,14.1823,15.9373,0.0263173,15.9122,20.0383,0.0082035,17.9198,25.2154,0.00255722,20.2244,31.7373,0.000797017,22.8539,39.9486,0.000248622,25.8438,50.2851,7.75492e-05,29.237,63.2963,2.42508e-05,33.0837,79.6738,7.67162e-06,37.4415,100.288,2.32837e-06,42.3767,126.236,7.33e-07,47.9646,158.896,2.79256e-07,54.2906,200.003,9.87351e-09,61.452,251.741,1.61085e-07,69.5585,316.859,-2.47141e-07,78.7347,398.812,8.93552e-08,89.1218,501.948,-2.53231e-07,100.879,631.736,-1.25047e-07,114.188,795.049,-1.78808e-07,129.252,1000.53,2.6733e-07,146.304,1259.03,4.50292e-07,165.605,1584.19,6.76904e-07,187.452,1993.12,-1.23808e-07,212.181,2507.27,-4.89068e-07,240.173,3153.54,-5.40284e-07,271.856,3965.56,1.86061e-07,307.719,4985.38,4.37004e-07,348.313,6265.4,3.59828e-07,394.26,7870.83,3.98192e-07,446.268,9882.51,-1.92908e-07,505.135,12400.3,-2.20392e-07,571.766,15546.9,1.51705e-07,647.184,19472.2,5.74996e-07,732.547,24357.4,5.39112e-07,829.167,30420,5.07815e-09,938.526,37916.3,-4.11492e-07,1062.3,47143.9,-3.9561e-07,1202.4,58439.2,3.86185e-08,1360.96,72169.3,5.94093e-07,1540.42,88715.8,7.47693e-07,1743.53,108445,1.78537e-07,1973.41,131665,-4.12549e-07,2233.57,158557,-5.37164e-07,2528,189103,-1.17615e-07,2861.2,222986,5.66769e-07,3238.27,259510,9.45053e-07,3664.97,297540,4.25093e-07,4147.81,335497,-3.58506e-07,4694.17,371444,-6.7724e-07,5312.37,403256,1.67192e-07,1.61744,3.89446,9.84394,3.28846,7.5504,12.774,5.07607,11.7187,13.6844,7.03202,16.8147,13.9681,9.20215,23.1769,14.0566,11.6301,31.1672,14.0841,14.3598,41.2186,14.0927,17.4376,53.8688,14.0954,20.9137,69.7915,14.0962,24.8432,89.8341,14.0965,29.2879,115.063,14.0966,34.3168,146.819,14.0966,40.0078,186.792,14.0966,46.4487,237.107,14.0966,53.7388,300.44,14.0966,61.9903,380.158,14.0966,71.3301,480.499,14.0966,81.902,606.796,14.0966,93.8685,765.761,14.0966,107.414,965.837,14.0966,122.746,1217.65,14.0966,140.101,1534.57,14.0966,159.745,1933.41,14.0966,181.981,2435.3,14.0966,207.15,3066.85,14.0966,235.64,3861.46,14.0966,267.889,4861.11,14.0966,304.391,6118.54,14.0966,345.709,7699.91,14.0966,392.478,9688.22,14.0966,445.417,12187.5,14.0966,505.339,15327.7,14.0966,573.165,19271.6,14.0966,649.938,24222,14.0966,736.839,30430.9,14.0966,835.202,38211.5,14.0966,946.539,47950.3,14.0966,1072.56,60122.8,14.0966,1215.21,75309.9,14.0966,1376.66,94216.2,14.0966,1559.41,117688,14.0966,1766.26,146729,14.0966,2000.39,182510,14.0966,2265.39,226372,14.0966,2565.33,279806,14.0966,2904.81,344416,14.0966,3289.05,421845,14.0966,3723.93,513667,14.0966,4216.13,621231,14.0966,4773.18,745478,14.0966,5403.64,886744,14.0966,6117.15,1.04457e+06,14.0966,6924.63,1.2176e+06,14.0966,11.7194,11.96,12.6541,13.9321,16.1295,13.6434,16.6097,21.9702,13.9553,19.7532,29.5285,14.0526,23.3844,39.1143,14.0829,27.5423,51.2054,14.0923,32.2796,66.434,14.0953,37.662,85.6061,14.0962,43.7675,109.74,14.0965,50.687,140.119,14.0966,58.5249,178.359,14.0966,67.4005,226.493,14.0966,77.4493,287.08,14.0966,88.8254,363.343,14.0966,101.703,459.336,14.0966,116.281,580.161,14.0966,132.782,732.241,14.0966,151.46,923.655,14.0966,172.603,1164.57,14.0966,196.535,1467.79,14.0966,223.625,1849.39,14.0966,254.288,2329.62,14.0966,288.997,2933.93,14.0966,328.285,3694.33,14.0966,372.755,4651.04,14.0966,423.092,5854.57,14.0966,480.07,7368.38,14.0966,544.564,9272.08,14.0966,617.566,11665.5,14.0966,700.197,14673.6,14.0966,793.729,18452.9,14.0966,899.599,23198.6,14.0966,1019.43,29154.1,14.0966,1155.07,36622.3,14.0966,1308.6,45977.9,14.0966,1482.39,57683.7,14.0966,1679.09,72307.8,14.0966,1901.73,90542.8,14.0966,2153.73,113226,14.0966,2438.97,141360,14.0966,2761.81,176127,14.0966,3127.22,218898,14.0966,3540.81,271226,14.0966,4008.92,334817,14.0966,4538.74,411470,14.0966,5138.38,502973,14.0966,5817.04,610948,14.0966,6585.12,736653,14.0966,7454.39,880741,14.0966,8438.15,1.04302e+06,14.0966,9551.45,1.22224e+06,14.0966,10811.3,1.41602e+06,14.0966,12237,1.62086e+06,14.0966,11.7194,11.96,12.6541,2.21263,4.16949,0.989383,2.67766,5.84076,0.311842,3.14343,7.55825,0.0972771,3.63127,9.58578,0.0303237,4.15787,12.0912,0.00945211,4.73731,15.2286,0.00294633,5.38238,19.1721,0.000918508,6.10553,24.134,0.000286163,6.91951,30.3791,8.92692e-05,7.83792,38.2397,2.78121e-05,8.87555,48.1338,8.65134e-06,10.0489,60.5876,2.7882e-06,11.3761,76.2629,8.29036e-07,12.8779,95.9927,2.4373e-07,14.5775,120.825,4.33068e-09,16.5012,152.08,1.75749e-07,18.6784,191.415,-1.86328e-07,21.1428,240.917,1.91829e-07,23.9322,303.213,-1.81475e-07,27.0895,381.602,7.0186e-08,30.6634,480.231,-2.86769e-08,34.7087,604.316,2.40784e-07,39.2876,760.401,9.87368e-08,44.4705,956.705,1.22263e-07,50.3371,1203.54,-4.31966e-07,56.9776,1513.81,-1.9705e-07,64.494,1903.69,-2.763e-08,73.0018,2393.4,3.9185e-07,82.6317,3008.13,1.35379e-07,93.5318,3779.25,-4.16351e-08,105.869,4745.7,2.06965e-08,119.834,5955.6,-3.18887e-07,135.641,7468.12,-1.48271e-08,153.531,9355.62,2.00739e-07,173.781,11705.8,2.28358e-07,196.701,14624.1,-1.93587e-08,222.642,18235,-2.88101e-07,252.003,22683.4,-2.24732e-07,285.234,28134,8.56806e-09,322.845,34767,2.34258e-07,365.413,42770.9,2.99668e-07,413.588,52327.9,8.28644e-08,468.111,63591.2,-3.07049e-07,529.814,76653.2,-3.1888e-07,599.642,91502.5,-6.72276e-08,678.662,107975,2.26339e-07,768.083,125705,3.69212e-07,869.267,144088,2.04077e-07,983.76,162277,-2.80509e-07,1113.3,179223,-4.22737e-07,1259.87,193777,-1.71951e-07,1425.68,204839,4.55555e-07,11.7194,11.96,12.6541,2.21263,4.16949,0.989383,2.67766,5.84076,0.311842,3.14343,7.55825,0.0972771,3.63127,9.58578,0.0303237,4.15787,12.0912,0.00945211,4.73731,15.2286,0.00294633,5.38238,19.1721,0.000918508,6.10553,24.134,0.000286163,6.91951,30.3791,8.92692e-05,7.83792,38.2397,2.78121e-05,8.87555,48.1338,8.65134e-06,10.0489,60.5876,2.7882e-06,11.3761,76.2629,8.29036e-07,12.8779,95.9927,2.4373e-07,14.5775,120.825,1e-08,16.5012,152.08,1.75749e-07,18.6784,191.415,1e-08,21.1428,240.917,1.91829e-07,23.9322,303.213,1e-08,27.0895,381.602,7.0186e-08,30.6634,480.231,1e-08,34.7087,604.316,2.40784e-07,39.2876,760.401,9.87368e-08,44.4705,956.705,1.22263e-07,50.3371,1203.54,1e-08,56.9776,1513.81,1e-08,64.494,1903.69,1e-08,73.0018,2393.4,3.9185e-07,82.6317,3008.13,1.35379e-07,93.5318,3779.25,1e-08,105.869,4745.7,2.06965e-08,119.834,5955.6,1e-08,135.641,7468.12,1e-08,153.531,9355.62,2.00739e-07,173.781,11705.8,2.28358e-07,196.701,14624.1,1e-08,222.642,18235,1e-08,252.003,22683.4,1e-08,285.234,28134,1e-08,322.845,34767,2.34258e-07,365.413,42770.9,2.99668e-07,413.588,52327.9,8.28644e-08,468.111,63591.2,1e-08,529.814,76653.2,1e-08,599.642,91502.5,1e-08,678.662,107975,2.26339e-07,768.083,125705,3.69212e-07,869.267,144088,2.04077e-07,983.76,162277,1e-08,1113.3,179223,1e-08,1259.87,193777,1e-08,1425.68,204839,4.55555e-07,6.2823,3.27286,2.43537,0.219672,6.18826,2.24117,0.56371,6.87772,2.63624,0.308279,4,6,15,1,4,2,0,5,0,5,4,0,3,6,0,3,17,0,1,5,0,11,26,0,7,16,0,9,27,0,16,36,0,15,39,0,16,51,0,20,99,0,19,101,0,15,93,0,43,114,0,14,247,0,24,448,0,17,241,0,38,396,0,10,266,0,34,884,0,50,665,0,82,469,0,41,934,0,53,892,0,29,2061,0,125,2813,0,90,4347,0,59,1110,0,133,5541,0,108,6244,0,49,9516,0,168,9211,0,154,5302,0,135,16834,0,333,30063,0,269,18068,0,464,36214,0,196,28793,0,365,53779,0,319,25676,0,631,116740,0,631,120449,0,1286,109501,0,564,72290,0,1025,275948,0,888,139420,0,625,251374,0,2078,161433,0,871,295517,0,1221,187564,0
-1.05176e+08,1,8.88811e-15,10,1023,0,1.05176e+08,0.528882,1.08665,0.389689,0.145397,0.379329,3.24381,0.161596,0.446195,1.77396,0.159177,1.15e+07,4.49998e+06,6.79999e+06,1.15e+07,4.49997e+06,6.79999e+06,1.15e+07,4.49996e+06,6.79999e+06,1.15e+07,4.49995e+06,6.79999e+06,1.14999e+07,4.49993e+06,6.79999e+06,1.14999e+07,4.49991e+06,6.79999e+06,1.14999e+07,4.49989e+06,6.79999e+06,1.14999e+07,4.49986e+06,6.79999e+06,1.14999e+07,4.49982e+06,6.79999e+06,1.14999e+07,4.49977e+06,6.79999e+06,1.14999e+07,4.49971e+06,6.79999e+06,1.14999e+07,4.49963e+06,6.79999e+06,1.14998e+07,4.49953e+06,6.79999e+06,1.14998e+07,4.49941e+06,6.79999e+06,1.14998e+07,4.49926e+06,6.79999e+06,1.14998e+07,4.49906e+06,6.79999e+06,1.14997e+07,4.49882e+06,6.79999e+06,1.14997e+07,4.49851e+06,6.79999e+06,1.14997e+07,4.49812e+06,6.79999e+06,1.14996e+07,4.49764e+06,6.79999e+06,1.14996e+07,4.49702e+06,6.79999e+06,1.14995e+07,4.49625e+06,6.79999e+06,1.14995e+07,4.49528e+06,6.79999e+06,1.14994e+07,4.49406e+06,6.79999e+06,1.14993e+07,4.49253e+06,6.79999e+06,1.14992e+07,4.49059e+06,6.79999e+06,1.14991e+07,4.48817e+06,6.79999e+06,1.1499e+07,4.48511e+06,6.79999e+06,1.14988e+07,4.48128e+06,6.79999e+06,1.14987e+07,4.47646e+06,6.79999e+06,1.14985e+07,4.47041e+06,6.79999e+06,1.14983e+07,4.46281e+06,6.79999e+06,1.14981e+07,4.4533e+06,6.79999e+06,1.14979e+07,4.44138e+06,6.79999e+06,1.14976e+07,4.42649e+06,6.79999e+06,1.14972e+07,4.40789e+06,6.79999e+06,1.14969e+07,4.38471e+06,6.79999e+06,1.14965e+07,4.35592e+06,6.79999e+06,1.1496e+07,4.32027e+06,6.79999e+06,1.14955e+07,4.27629e+06,6.79999e+06,1.14949e+07,4.22231e+06,6.79999e+06,1.14942e+07,4.15647e+06,6.79999e+06,1.14934e+07,4.07676e+06,6.79999e+06,1.14926e+07,3.98112e+06,6.79999e+06,1.14916e+07,3.86765e+06,6.79999e+06,1.14905e+07,3.73474e+06,6.79999e+06,1.14892e+07,3.58148e+06,6.79999e+06,1.14878e+07,3.40785e+06,6.79999e+06,1.14862e+07,3.21513e+06,6.79999e+06,1.14844e+07,3.00605e+06,6.79999e+06,1.14823e+07,2.7848e+06,6.79999e+06,1.148e+07,2.5568e+06,6.79999e+06,1.14773e+07,2.32825e+06,6.79999e+06,13.5742,8.52444,0.508366,16.8306,13.2585,0.162638,20.0035,17.569,0.0507846,23.2616,22.4214,0.0158319,26.7328,28.3297,0.00493498,30.5212,35.6974,0.00153831,34.7178,44.9473,0.000479527,39.4086,56.5822,0.000149456,44.6796,71.2245,4.66214e-05,50.6209,89.6543,1.45419e-05,57.3297,112.852,4.54748e-06,64.9129,142.051,1.43857e-06,73.4897,178.803,4.36618e-07,83.1934,225.062,1.40153e-07,94.1745,283.286,4.96378e-08,106.602,356.568,1.05434e-07,120.669,448.799,-6.49244e-08,136.59,564.873,1.70148e-07,154.611,710.948,-5.34594e-08,175.008,894.767,1.63407e-07,198.097,1126.06,8.04804e-08,224.231,1417.07,1.14667e-07,253.813,1783.15,-1.71227e-07,287.297,2243.62,-2.88466e-07,325.198,2822.67,-4.33651e-07,368.098,3550.67,7.9318e-08,416.657,4465.65,3.13319e-07,471.621,5615.16,3.4613e-07,533.835,7058.61,-1.19199e-07,604.255,8870.02,-2.79964e-07,683.962,11141.4,-2.30521e-07,774.182,13986.7,-2.55099e-07,876.299,17546.4,1.23585e-07,991.883,21993.1,1.41192e-07,1122.71,27536.7,-9.71886e-08,1270.78,34430.7,-3.68368e-07,1438.38,42977.7,-3.45379e-07,1628.07,53532.7,-3.25328e-09,1842.77,66504.6,2.6362e-07,2085.77,82350.2,2.53445e-07,2360.79,101560,-2.47407e-08,2672.05,124632,-3.80602e-07,3024.31,152018,-4.79005e-07,3422.98,184060,-1.14379e-07,3874.15,220884,2.64297e-07,4384.72,262283,3.44131e-07,4962.49,307576,7.5349e-08,5616.29,355497,-3.63097e-07,6356.1,404126,-6.05442e-07,7193.18,450932,-2.72333e-07,8140.28,492963,2.29675e-07,9211.79,527178,4.3387e-07,10424,550893,-1.0711e-07,10.102,8.06553,2.81012,10.6436,8.57909,0.869423,11.5336,10.2515,0.270869,12.7211,12.7138,0.0844293,14.1823,15.9373,0.0263173,15.9122,20.0383,0.0082035,17.9198,25.2154,0.00255722,20.2244,31.7373,0.000797017,22.8539,39.9486,0.000248622,25.8438,50.2851,7.75492e-05,29.237,63.2963,2.42508e-05,33.0837,79.6738,7.67162e-06,37.4415,100.288,2.32837e-06,42.3767,126.236,7.33e-07,47.9646,158.896,2.79256e-07,54.2906,200.003,9.87351e-09,61.452,251.741,1.61085e-07,69.5585,316.859,-2.47141e-07,78.7347,398.812,8.93552e-08,89.1218,501.948,-2.53231e-07,100.879,631.736,-1.25047e-07,114.188,795.049,-1.78808e-07,129.252,1000.53,2.6733e-07,146.304,1259.03,4.50292e-07,165.605,1584.19,6.76904e-07,187.452,1993.12,-1.23808e-07,212.181,2507.27,-4.89068e-07,240.173,3153.54,-5.40284e-07,271.856,3965.56,1.86061e-07,307.719,4985.38,4.37004e-07,348.313,6265.4,3.59828e-07,394.26,7870.83,3.98192e-07,446.268,9882.51,-1.92908e-07,505.135,12400.3,-2.20392e-07,571.766,15546.9,1.51705e-07,647.184,19472.2,5.74996e-07,732.547,24357.4,5.39112e-07,829.167,30420,5.07815e-09,938.526,37916.3,-4.11492e-07,1062.3,47143.9,-3.9561e-07,1202.4,58439.2,3.86185e-08,1360.96,72169.3,5.94093e-07,1540.42,88715.8,7.47693e-07,1743.53,108445,1.78537e-07,1973.41,131665,-4.12549e-07,2233.57,158557,-5.37164e-07,2528,189103,-1.17615e-07,2861.2,222986,5.66769e-07,3238.27,259510,9.45053e-07,3664.97,297540,4.25093e-07,4147.81,335497,-3.58506e-07,4694.17,371444,-6.7724e-07,5312.37,403256,1.67192e-07,1.61744,3.89446,9.84394,3.28846,7.5504,12.774,5.07607,11.7187,13.6844,7.03202,16.8147,13.9681,9.20215,23.1769,14.0566,11.6301,31.1672,14.0841,14.3598,41.2186,14.0927,17.4376,53.8688,14.0954,20.9137,69.7915,14.0962,24.8432,89.8341,14.0965,29.2879,115.063,14.0966,34.3168,146.819,14.0966,40.0078,186.792,14.0966,46.4487,237.107,14.0966,53.7388,300.44,14.0966,61.9903,380.158,14.0966,71.3301,480.499,14.0966,81.902,606.796,14.0966,93.8685,765.761,14.0966,107.414,965.837,14.0966,122.746,1217.65,14.0966,140.101,1534.57,14.0966,159.745,1933.41,14.0966,181.981,2435.3,14.0966,207.15,3066.85,14.0966,235.64,3861.46,14.0966,267.889,4861.11,14.0966,304.391,6118.54,14.0966,345.709,7699.91,14.0966,392.478,9688.22,14.0966,445.417,12187.5,14.0966,505.339,15327.7,14.0966,573.165,19271.6,14.0966,649.938,24222,14.0966,736.839,30430.9,14.0966,835.202,38211.5,14.0966,946.539,47950.3,14.0966,1072.56,60122.8,14.0966,1215.21,75309.9,14.0966,1376.66,94216.2,14.0966,1559.41,117688,14.0966,1766.26,146729,14.0966,2000.39,182510,14.0966,2265.39,226372,14.0966,2565.33,279806,14.0966,2904.81,344416,14.0966,3289.05,421845,14.0966,3723.93,513667,14.0966,4216.13,621231,14.0966,4773.18,745478,14.0966,5403.64,886744,14.0966,6117.15,1.04457e+06,14.0966,6924.63,1.2176e+06,14.0966,11.7194,11.96,12.6541,13.9321,16.1295,13.6434,16.6097,21.9702,13.9553,19.7532,29.5285,14.0526,23.3844,39.1143,14.0829,27.5423,51.2054,14.0923,32.2796,66.434,14.0953,37.662,85.6061,14.0962,43.7675,109.74,14.0965,50.687,140.119,14.0966,58.5249,178.359,14.0966,67.4005,226.493,14.0966,77.4493,287.08,14.0966,88.8254,363.343,14.0966,101.703,459.336,14.0966,116.281,580.161,14.0966,132.782,732.241,14.0966,151.46,923.655,14.0966,172.603,1164.57,14.0966,196.535,1467.79,14.0966,223.625,1849.39,14.0966,254.288,2329.62,14.0966,288.997,2933.93,14.0966,328.285,3694.33,14.0966,372.755,4651.04,14.0966,423.092,5854.57,14.0966,480.07,7368.38,14.0966,544.564,9272.08,14.0966,617.566,11665.5,14.0966,700.197,14673.6,14.0966,793.729,18452.9,14.0966,899.599,23198.6,14.0966,1019.43,29154.1,14.0966,1155.07,36622.3,14.0966,1308.6,45977.9,14.0966,1482.39,57683.7,14.0966,1679.09,72307.8,14.0966,1901.73,90542.8,14.0966,2153.73,113226,14.0966,2438.97,141360,14.0966,2761.81,176127,14.0966,3127.22,218898,14.0966,3540.81,271226,14.0966,4008.92,334817,14.0966,4538.74,411470,14.0966,5138.38,502973,14.0966,5817.04,610948,14.0966,6585.12,736653,14.0966,7454.39,880741,14.0966,8438.15,1.04302e+06,14.0966,9551.45,1.22224e+06,14.0966,10811.3,1.41602e+06,14.0966,12237,1.62086e+06,14.0966,11.7194,11.96,12.6541,2.21263,4.16949,0.989383,2.67766,5.84076,0.311842,3.14343,7.55825,0.0972771,3.63127,9.58578,0.0303237,4.15787,12.0912,0.00945211,4.73731,15.2286,0.00294633,5.38238,19.1721,0.000918508,6.10553,24.134,0.000286163,6.91951,30.3791,8.92692e-05,7.83792,38.2397,2.78121e-05,8.87555,48.1338,8.65134e-06,10.0489,60.5876,2.7882e-06,11.3761,76.2629,8.29036e-07,12.8779,95.9927,2.4373e-07,14.5775,120.825,4.33068e-09,16.5012,152.08,1.75749e-07,18.6784,191.415,-1.86328e-07,21.1428,240.917,1.91829e-07,23.9322,303.213,-1.81475e-07,27.0895,381.602,7.0186e-08,30.6634,480.231,-2.86769e-08,34.7087,604.316,2.40784e-07,39.2876,760.401,9.87368e-08,44.4705,956.705,1.22263e-07,50.3371,1203.54,-4.31966e-07,56.9776,1513.81,-1.9705e-07,64.494,1903.69,-2.763e-08,73.0018,2393.4,3.9185e-07,82.6317,3008.13,1.35379e-07,93.5318,3779.25,-4.16351e-08,105.869,4745.7,2.06965e-08,119.834,5955.6,-3.18887e-07,135.641,7468.12,-1.48271e-08,153.531,9355.62,2.00739e-07,173.781,11705.8,2.28358e-07,196.701,14624.1,-1.93587e-08,222.642,18235,-2.88101e-07,252.003,22683.4,-2.24732e-07,285.234,28134,8.56806e-09,322.845,34767,2.34258e-07,365.413,42770.9,2.99668e-07,413.588,52327.9,8.28644e-08,468.111,63591.2,-3.07049e-07,529.814,76653.2,-3.1888e-07,599.642,91502.5,-6.72276e-08,678.662,107975,2.26339e-07,768.083,125705,3.69212e-07,869.267,144088,2.04077e-07,983.76,162277,-2.80509e-07,1113.3,179223,-4.22737e-07,1259.87,193777,-1.71951e-07,1425.68,204839,4.55555e-07,11.7194,11.96,12.6541,2.21263,4.16949,0.989383,2.67766,5.84076,0.311842,3.14343,7.55825,0.0972771,3.63127,9.58578,0.0303237,4.15787,12.0912,0.00945211,4.73731,15.2286,0.00294633,5.38238,19.1721,0.000918508,6.10553,24.134,0.000286163,6.91951,30.3791,8.92692e-05,7.83792,38.2397,2.78121e-05,8.87555,48.1338,8.65134e-06,10.0489,60.5876,2.7882e-06,11.3761,76.2629,8.29036e-07,12.8779,95.9927,2.4373e-07,14.5775,120.825,1e-08,16.5012,152.08,1.75749e-07,18.6784,191.415,1e-08,21.1428,240.917,1.91829e-07,23.9322,303.213,1e-08,27.0895,381.602,7.0186e-08,30.6634,480.231,1e-08,34.7087,604.316,2.40784e-07,39.2876,760.401,9.87368e-08,44.4705,956.705,1.22263e-07,50.3371,1203.54,1e-08,56.9776,1513.81,1e-08,64.494,1903.69,1e-08,73.0018,2393.4,3.9185e-07,82.6317,3008.13,1.35379e-07,93.5318,3779.25,1e-08,105.869,4745.7,2.06965e-08,119.834,5955.6,1e-08,135.641,7468.12,1e-08,153.531,9355.62,2.00739e-07,173.781,11705.8,2.28358e-07,196.701,14624.1,1e-08,222.642,18235,1e-08,252.003,22683.4,1e-08,285.234,28134,1e-08,322.845,34767,2.34258e-07,365.413,42770.9,2.99668e-07,413.588,52327.9,8.28644e-08,468.111,63591.2,1e-08,529.814,76653.2,1e-08,599.642,91502.5,1e-08,678.662,107975,2.26339e-07,768.083,125705,3.69212e-07,869.267,144088,2.04077e-07,983.76,162277,1e-08,1113.3,179223,1e-08,1259.87,193777,1e-08,1425.68,204839,4.55555e-07,6.2823,3.27286,2.43537,0.219672,6.18826,2.24117,0.56371,6.87772,2.63624,0.308279,9,13,13,2,3,3,5,8,0,4,6,0,4,5,0,10,9,0,8,20,0,7,7,0,4,14,0,12,40,0,3,34,0,15,22,0,11,43,0,10,92,0,11,88,0,27,45,0,14,86,0,55,102,0,15,120,0,32,304,0,18,261,0,62,135,0,39,667,0,36,565,0,38,823,0,29,1242,0,38,1963,0,60,1094,0,98,2419,0,121,4879,0,111,3479,0,69,2744,0,185,3187,0,192,11352,0,117,8394,0,128,15526,0,291,33007,0,305,27786,0,187,19458,0,238,30435,0,274,59958,0,306,57364,0,316,34720,0,318,20911,0,432,101602,0,786,55102,0,816,71649,0,691,201898,0,593,150449,0,1542,213141,0,426,178379,0,966,209077,0,1575,177300,0
-1.05176e+08,1,8.88811e-15,10,1023,0,1.05176e+08,0.528882,1.08665,0.389689,0.145397,0.379329,3.24381,0.161596,0.446195,1.77396,0.159177,1.15e+07,4.49998e+06,6.79999e+06,1.15e+07,4.49997e+06,6.79999e+06,1.15e+07,4.49996e+06,6.79999e+06,1.15e+07,4.49995e+06,6.79999e+06,1.14999e+07,4.49993e+06,6.79999e+06,1.14999e+07,4.49991e+06,6.79999e+06,1.14999e+07,4.49989e+06,6.79999e+06,1.14999e+07,4.49986e+06,6.79999e+06,1.14999e+07,4.49982e+06,6.79999e+06,1.14999e+07,4.49977e+06,6.79999e+06,1.14999e+07,4.49971e+06,6.79999e+06,1.14999e+07,4.49963e+06,6.79999e+06,1.14998e+07,4.49953e+06,6.79999e+06,1.14998e+07,4.49941e+06,6.79999e+06,1.14998e+07,4.49926e+06,6.79999e+06,1.14998e+07,4.49906e+06,6.79999e+06,1.14997e+07,4.49882e+06,6.79999e+06,1.14997e+07,4.49851e+06,6.79999e+06,1.14997e+07,4.49812e+06,6.79999e+06,1.14996e+07,4.49764e+06,6.79999e+06,1.14996e+07,4.49702e+06,6.79999e+06,1.14995e+07,4.49625e+06,6.79999e+06,1.14995e+07,4.49528e+06,6.79999e+06,1.14994e+07,4.49406e+06,6.79999e+06,1.14993e+07,4.49253e+06,6.79999e+06,1.14992e+07,4.49059e+06,6.79999e+06,1.14991e+07,4.48817e+06,6.79999e+06,1.1499e+07,4.48511e+06,6.79999e+06,1.14988e+07,4.48128e+06,6.79999e+06,1.14987e+07,4.47646e+06,6.79999e+06,1.14985e+07,4.47041e+06,6.79999e+06,1.14983e+07,4.46281e+06,6.79999e+06,1.14981e+07,4.4533e+06,6.79999e+06,1.14979e+07,4.44138e+06,6.79999e+06,1.14976e+07,4.42649e+06,6.79999e+06,1.14972e+07,4.40789e+06,6.79999e+06,1.14969e+07,4.38471e+06,6.79999e+06,1.14965e+07,4.35592e+06,6.79999e+06,1.1496e+07,4.32027e+06,6.79999e+06,1.14955e+07,4.27629e+06,6.79999e+06,1.14949e+07,4.22231e+06,6.79999e+06,1.14942e+07,4.15647e+06,6.79999e+06,1.14934e+07,4.07676e+06,6.79999e+06,1.14926e+07,3.98112e+06,6.79999e+06,1.14916e+07,3.86765e+06,6.79999e+06,1.14905e+07,3.73474e+06,6.79999e+06,1.14892e+07,3.58148e+06,6.79999e+06,1.14878e+07,3.40785e+06,6.79999e+06,1.14862e+07,3.21513e+06,6.79999e+06,1.14844e+07,3.00605e+06,6.79999e+06,1.14823e+07,2.7848e+06,6.79999e+06,1.148e+07,2.5568e+06,6.79999e+06,1.14773e+07,2.32825e+06,6.79999e+06,13.5742,8.52444,0.508366,16.8306,13.2585,0.162638,20.0035,17.569,0.0507846,23.2616,22.4214,0.0158319,26.7328,28.3297,0.00493498,30.5212,35.6974,0.00153831,34.7178,44.9473,0.000479527,39.4086,56.5822,0.000149456,44.6796,71.2245,4.66214e-05,50.6209,89.6543,1.45419e-05,57.3297,112.852,4.54748e-06,64.9129,142.051,1.43857e-06,73.4897,178.803,4.36618e-07,83.1934,225.062,1.40153e-07,94.1745,283.286,4.96378e-08,106.602,356.568,1.05434e-07,120.669,448.799,-6.49244e-08,136.59,564.873,1.70148e-07,154.611,710.948,-5.34594e-08,175.008,894.767,1.63407e-07,198.097,1126.06,8.04804e-08,224.231,1417.07,1.14667e-07,253.813,1783.15,-1.71227e-07,287.297,2243.62,-2.88466e-07,325.198,2822.67,-4.33651e-07,368.098,3550.67,7.9318e-08,416.657,4465.65,3.13319e-07,471.621,5615.16,3.4613e-07,533.835,7058.61,-1.19199e-07,604.255,8870.02,-2.79964e-07,683.962,11141.4,-2.30521e-07,774.182,13986.7,-2.55099e-07,876.299,17546.4,1.23585e-07,991.883,21993.1,1.41192e-07,1122.71,27536.7,-9.71886e-08,1270.78,34430.7,-3.68368e-07,1438.38,42977.7,-3.45379e-07,1628.07,53532.7,-3.25328e-09,1842.77,66504.6,2.6362e-07,2085.77,82350.2,2.53445e-07,2360.79,101560,-2.47407e-08,2672.05,124632,-3.80602e-07,3024.31,152018,-4.79005e-07,3422.98,184060,-1.14379e-07,3874.15,220884,2.64297e-07,4384.72,262283,3.44131e-07,4962.49,307576,7.5349e-08,5616.29,355497,-3.63097e-07,6356.1,404126,-6.05442e-07,7193.18,450932,-2.72333e-07,8140.28,492963,2.29675e-07,9211.79,527178,4.3387e-07,10424,550893,-1.0711e-07,10.102,8.06553,2.81012,10.6436,8.57909,0.869423,11.5336,10.2515,0.270869,12.7211,12.7138,0.0844293,14.1823,15.9373,0.0263173,15.9122,20.0383,0.0082035,17.9198,25.2154,0.00255722,20.2244,31.7373,0.000797017,22.8539,39.9486,0.000248622,25.8438,50.2851,7.75492e-05,29.237,63.2963,2.42508e-05,33.0837,79.6738,7.67162e-06,37.4415,100.288,2.32837e-06,42.3767,126.236,7.33e-07,47.9646,158.896,2.79256e-07,54.2906,200.003,9.87351e-09,61.452,251.741,1.61085e-07,69.5585,316.859,-2.47141e-07,78.7347,398.812,8.93552e-08,89.1218,501.948,-2.53231e-07,100.879,631.736,-1.25047e-07,114.188,795.049,-1.78808e-07,129.252,1000.53,2.6733e-07,146.304,1259.03,4.50292e-07,165.605,1584.19,6.76904e-07,187.452,1993.12,-1.23808e-07,212.181,2507.27,-4.89068e-07,240.173,3153.54,-5.40284e-07,271.856,3965.56,1.86061e-07,307.719,4985.38,4.37004e-07,348.313,6265.4,3.59828e-07,394.26,7870.83,3.98192e-07,446.268,9882.51,-1.92908e-07,505.135,12400.3,-2.20392e-07,571.766,15546.9,1.51705e-07,647.184,19472.2,5.74996e-07,732.547,24357.4,5.39112e-07,829.167,30420,5.07815e-09,938.526,37916.3,-4.11492e-07,1062.3,47143.9,-3.9561e-07,1202.4,58439.2,3.86185e-08,1360.96,72169.3,5.94093e-07,1540.42,88715.8,7.47693e-07,1743.53,108445,1.78537e-07,1973.41,131665,-4.12549e-07,2233.57,158557,-5.37164e-07,2528,189103,-1.17615e-07,2861.2,222986,5.66769e-07,3238.27,259510,9.45053e-07,3664.97,297540,4.25093e-07,4147.81,335497,-3.58506e-07,4694.17,371444,-6.7724e-07,5312.37,403256,1.67192e-07,1.61744,3.89446,9.84394,3.28846,7.5504,12.774,5.07607,11.7187,13.6844,7.03202,16.8147,13.9681,9.20215,23.1769,14.0566,11.6301,31.1672,14.0841,14.3598,41.2186,14.0927,17.4376,53.8688,14.0954,20.9137,69.7915,14.0962,24.8432,89.8341,14.0965,29.2879,115.063,14.0966,34.3168,146.819,14.0966,40.0078,186.792,14.0966,46.4487,237.107,14.0966,53.7388,300.44,14.0966,61.9903,380.158,14.0966,71.3301,480.499,14.0966,81.902,606.796,14.0966,93.8685,765.761,14.0966,107.414,965.837,14.0966,122.746,1217.65,14.0966,140.101,1534.57,14.0966,159.745,1933.41,14.0966,181.981,2435.3,14.0966,207.15,3066.85,14.0966,235.64,3861.46,14.0966,267.889,4861.11,14.0966,304.391,6118.54,14.0966,345.709,7699.91,14.0966,392.478,9688.22,14.0966,445.417,12187.5,14.0966,505.339,15327.7,14.0966,573.165,19271.6,14.0966,649.938,24222,14.0966,736.839,30430.9,14.0966,835.202,38211.5,14.0966,946.539,47950.3,14.0966,1072.56,60122.8,14.0966,1215.21,75309.9,14.0966,1376.66,94216.2,14.0966,1559.41,117688,14.0966,1766.26,146729,14.0966,2000.39,182510,14.0966,2265.39,226372,14.0966,2565.33,279806,14.0966,2904.81,344416,14.0966,3289.05,421845,14.0966,3723.93,513667,14.0966,4216.13,621231,14.0966,4773.18,745478,14.0966,5403.64,886744,14.0966,6117.15,1.04457e+06,14.0966,6924.63,1.2176e+06,14.0966,11.7194,11.96,12.6541,13.9321,16.1295,13.6434,16.6097,21.9702,13.9553,19.7532,29.5285,14.0526,23.3844,39.1143,14.0829,27.5423,51.2054,14.0923,32.2796,66.434,14.0953,37.662,85.6061,14.0962,43.7675,109.74,14.0965,50.687,140.119,14.0966,58.5249,178.359,14.0966,67.4005,226.493,14.0966,77.4493,287.08,14.0966,88.8254,363.343,14.0966,101.703,459.336,14.0966,116.281,580.161,14.0966,132.782,732.241,14.0966,151.46,923.655,14.0966,172.603,1164.57,14.0966,196.535,1467.79,14.0966,223.625,1849.39,14.0966,254.288,2329.62,14.0966,288.997,2933.93,14.0966,328.285,3694.33,14.0966,372.755,4651.04,14.0966,423.092,5854.57,14.0966,480.07,7368.38,14.0966,544.564,9272.08,14.0966,617.566,11665.5,14.0966,700.197,14673.6,14.0966,793.729,18452.9,14.0966,899.599,23198.6,14.0966,1019.43,29154.1,14.0966,1155.07,36622.3,14.0966,1308.6,45977.9,14.0966,1482.39,57683.7,14.0966,1679.09,72307.8,14.0966,1901.73,90542.8,14.0966,2153.73,113226,14.0966,2438.97,141360,14.0966,2761.81,176127,14.0966,3127.22,218898,14.0966,3540.81,271226,14.0966,4008.92,334817,14.0966,4538.74,411470,14.0966,5138.38,502973,14.0966,5817.04,610948,14.0966,6585.12,736653,14.0966,7454.39,880741,14.0966,8438.15,1.04302e+06,14.0966,9551.45,1.22224e+06,14.0966,10811.3,1.41602e+06,14.0966,12237,1.62086e+06,14.0966,11.7194,11.96,12.6541,2.21263,4.16949,0.989383,2.67766,5.84076,0.311842,3.14343,7.55825,0.0972771,3.63127,9.58578,0.0303237,4.15787,12.0912,0.00945211,4.73731,15.2286,0.00294633,5.38238,19.1721,0.000918508,6.10553,24.134,0.000286163,6.91951,30.3791,8.92692e-05,7.83792,38.2397,2.78121e-05,8.87555,48.1338,8.65134e-06,10.0489,60.5876,2.7882e-06,11.3761,76.2629,8.29036e-07,12.8779,95.9927,2.4373e-07,14.5775,120.825,4.33068e-09,16.5012,152.08,1.75749e-07,18.6784,191.415,-1.86328e-07,21.1428,240.917,1.91829e-07,23.9322,303.213,-1.81475e-07,27.0895,381.602,7.0186e-08,30.6634,480.231,-2.86769e-08,34.7087,604.316,2.40784e-07,39.2876,760.401,9.87368e-08,44.4705,956.705,1.22263e-07,50.3371,1203.54,-4.31966e-07,56.9776,1513.81,-1.9705e-07,64.494,1903.69,-2.763e-08,73.0018,2393.4,3.9185e-07,82.6317,3008.13,1.35379e-07,93.5318,3779.25,-4.16351e-08,105.869,4745.7,2.06965e-08,119.834,5955.6,-3.18887e-07,135.641,7468.12,-1.48271e-08,153.531,9355.62,2.00739e-07,173.781,11705.8,2.28358e-07,196.701,14624.1,-1.93587e-08,222.642,18235,-2.88101e-07,252.003,22683.4,-2.24732e-07,285.234,28134,8.56806e-09,322.845,34767,2.34258e-07,365.413,42770.9,2.99668e-07,413.588,52327.9,8.28644e-08,468.111,63591.2,-3.07049e-07,529.814,76653.2,-3.1888e-07,599.642,91502.5,-6.72276e-08,678.662,107975,2.26339e-07,768.083,125705,3.69212e-07,869.267,144088,2.04077e-07,983.76,162277,-2.80509e-07,1113.3,179223,-4.22737e-07,1259.87,193777,-1.71951e-07,1425.68,204839,4.55555e-07,11.7194,11.96,12.6541,2.21263,4.16949,0.989383,2.67766,5.84076,0.311842,3.14343,7.55825,0.0972771,3.63127,9.58578,0.0303237,4.15787,12.0912,0.00945211,4.73731,15.2286,0.00294633,5.38238,19.1721,0.000918508,6.10553,24.134,0.000286163,6.91951,30.3791,8.92692e-05,7.83792,38.2397,2.78121e-05,8.87555,48.1338,8.65134e-06,10.0489,60.5876,2.7882e-06,11.3761,76.2629,8.29036e-07,12.8779,95.9927,2.4373e-07,14.5775,120.825,1e-08,16.5012,152.08,1.75749e-07,18.6784,191.415,1e-08,21.1428,240.917,1.91829e-07,23.9322,303.213,1e-08,27.0895,381.602,7.0186e-08,30.6634,480.231,1e-08,34.7087,604.316,2.40784e-07,39.2876,760.401,9.87368e-08,44.4705,956.705,1.22263e-07,50.3371,1203.54,1e-08,56.9776,1513.81,1e-08,64.494,1903.69,1e-08,73.0018,2393.4,3.9185e-07,82.6317,3008.13,1.35379e-07,93.5318,3779.25,1e-08,105.869,4745.7,2.06965e-08,119.834,5955.6,1e-08,135.641,7468.12,1e-08,153.531,9355.62,2.00739e-07,173.781,11705.8,2.28358e-07,196.701,14624.1,1e-08,222.642,18235,1e-08,252.003,22683.4,1e-08,285.234,28134,1e-08,322.845,34767,2.34258e-07,365.413,42770.9,2.99668e-07,413.588,52327.9,8.28644e-08,468.111,63591.2,1e-08,529.814,76653.2,1e-08,599.642,91502.5,1e-08,678.662,107975,2.26339e-07,768.083,125705,3.69212e-07,869.267,144088,2.04077e-07,983.76,162277,1e-08,1113.3,179223,1e-08,1259.87,193777,1e-08,1425.68,204839,4.55555e-07,6.2823,3.27286,2.43537,0.219672,6.18826,2.24117,0.56371,6.87772,2.63624,0.308279,5,7,12,4,4,1,2,4,0,3,12,0,7,12,0,2,17,0,3,7,0,8,4,0,8,29,0,10,46,0,5,35,0,9,35,0,14,38,0,23,37,0,11,66,0,13,79,0,18,61,0,42,201,0,14,278,0,31,335,0,35,220,0,19,444,0,26,628,0,24,707,0,33,1190,0,58,920,0,59,2120,0,62,1853,0,39,4658,0,37,3035,0,82,4814,0,144,5226,0,141,3309,0,81,4272,0,126,7073,0,186,9914,0,140,9842,0,262,10162,0,165,13178,0,159,38550,0,334,28585,0,637,43170,0,869,24890,0,337,92505,0,411,128515,0,782,54943,0,424,64234,0,1058,153585,0,1337,202654,0,739,195581,0,608,214341,0,1220,226176,0,2832,190505,0
-1.05176e+08,1,8.88811e-15,10,1023,0,1.05176e+08,0.528882,1.08665,0.389689,0.145397,0.379329,3.24381,0.161596,0.446195,1.77396,0.159177,1.15e+07,4.49998e+06,6.79999e+06,1.15e+07,4.49997e+06,6.79999e+06,1.15e+07,4.49996e+06,6.79999e+06,1.15e+07,4.49995e+06,6.79999e+06,1.14999e+07,4.49993e+06,6.79999e+06,1.14999e+07,4.49991e+06,6.79999e+06,1.14999e+07,4.49989e+06,6.79999e+06,1.14999e+07,4.49986e+06,6.79999e+06,1.14999e+07,4.49982e+06,6.79999e+06,1.14999e+07,4.49977e+06,6.79999e+06,1.14999e+07,4.49971e+06,6.79999e+06,1.14999e+07,4.49963e+06,6.79999e+06,1.14998e+07,4.49953e+06,6.79999e+06,1.14998e+07,4.49941e+06,6.79999e+06,1.14998e+07,4.49926e+06,6.79999e+06,1.14998e+07,4.49906e+06,6.79999e+06,1.14997e+07,4.49882e+06,6.79999e+06,1.14997e+07,4.49851e+06,6.79999e+06,1.14997e+07,4.49812e+06,6.79999e+06,1.14996e+07,4.49764e+06,6.79999e+06,1.14996e+07,4.49702e+06,6.79999e+06,1.14995e+07,4.49625e+06,6.79999e+06,1.14995e+07,4.49528e+06,6.79999e+06,1.14994e+07,4.49406e+06,6.79999e+06,1.14993e+07,4.49253e+06,6.79999e+06,1.14992e+07,4.49059e+06,6.79999e+06,1.14991e+07,4.48817e+06,6.79999e+06,1.1499e+07,4.48511e+06,6.79999e+06,1.14988e+07,4.48128e+06,6.79999e+06,1.14987e+07,4.47646e+06,6.79999e+06,1.14985e+07,4.47041e+06,6.79999e+06,1.14983e+07,4.46281e+06,6.79999e+06,1.14981e+07,4.4533e+06,6.79999e+06,1.14979e+07,4.44138e+06,6.79999e+06,1.14976e+07,4.42649e+06,6.79999e+06,1.14972e+07,4.40789e+06,6.79999e+06,1.14969e+07,4.38471e+06,6.79999e+06,1.14965e+07,4.35592e+06,6.79999e+06,1.1496e+07,4.32027e+06,6.79999e+06,1.14955e+07,4.27629e+06,6.79999e+06,1.14949e+07,4.22231e+06,6.79999e+06,1.14942e+07,4.15647e+06,6.79999e+06,1.14934e+07,4.07676e+06,6.79999e+06,1.14926e+07,3.98112e+06,6.79999e+06,1.14916e+07,3.86765e+06,6.79999e+06,1.14905e+07,3.73474e+06,6.79999e+06,1.14892e+07,3.58148e+06,6.79999e+06,1.14878e+07,3.40785e+06,6.79999e+06,1.14862e+07,3.21513e+06,6.79999e+06,1.14844e+07,3.00605e+06,6.79999e+06,1.14823e+07,2.7848e+06,6.79999e+06,1.148e+07,2.5568e+06,6.79999e+06,1.14773e+07,2.32825e+06,6.79999e+06,13.5742,8.52444,0.508366,16.8306,13.2585,0.162638,20.0035,17.569,0.0507846,23.2616,22.4214,0.0158319,26.7328,28.3297,0.00493498,30.5212,35.6974,0.00153831,34.7178,44.9473,0.000479527,39.4086,56.5822,0.000149456,44.6796,71.2245,4.66214e-05,50.6209,89.6543,1.45419e-05,57.3297,112.852,4.54748e-06,64.9129,142.051,1.43857e-06,73.4897,178.803,4.36618e-07,83.1934,225.062,1.40153e-07,94.1745,283.286,4.96378e-08,106.602,356.568,1.05434e-07,120.669,448.799,-6.49244e-08,136.59,564.873,1.70148e-07,154.611,710.948,-5.34594e-08,175.008,894.767,1.63407e-07,198.097,1126.06,8.04804e-08,224.231,1417.07,1.14667e-07,253.813,1783.15,-1.71227e-07,287.297,2243.62,-2.88466e-07,325.198,2822.67,-4.33651e-07,368.098,3550.67,7.9318e-08,416.657,4465.65,3.13319e-07,471.621,5615.16,3.4613e-07,533.835,7058.61,-1.19199e-07,604.255,8870.02,-2.79964e-07,683.962,11141.4,-2.30521e-07,774.182,13986.7,-2.55099e-07,876.299,17546.4,1.23585e-07,991.883,21993.1,1.41192e-07,1122.71,27536.7,-9.71886e-08,1270.78,34430.7,-3.68368e-07,1438.38,42977.7,-3.45379e-07,1628.07,53532.7,-3.25328e-09,1842.77,66504.6,2.6362e-07,2085.77,82350.2,2.53445e-07,2360.79,101560,-2.47407e-08,2672.05,124632,-3.80602e-07,3024.31,152018,-4.79005e-07,3422.98,184060,-1.14379e-07,3874.15,220884,2.64297e-07,4384.72,262283,3.44131e-07,4962.49,307576,7.5349e-08,5616.29,355497,-3.63097e-07,6356.1,404126,-6.05442e-07,7193.18,450932,-2.72333e-07,8140.28,492963,2.29675e-07,9211.79,527178,4.3387e-07,10424,550893,-1.0711e-07,10.102,8.06553,2.81012,10.6436,8.57909,0.869423,11.5336,10.2515,0.270869,12.7211,12.7138,0.0844293,14.1823,15.9373,0.0263173,15.9122,20.0383,0.0082035,17.9198,25.2154,0.00255722,20.2244,31.7373,0.000797017,22.8539,39.9486,0.000248622,25.8438,50.2851,7.75492e-05,29.237,63.2963,2.42508e-05,33.0837,79.6738,7.67162e-06,37.4415,100.288,2.32837e-06,42.3767,126.236,7.33e-07,47.9646,158.896,2.79256e-07,54.2906,200.003,9.87351e-09,61.452,251.741,1.61085e-07,69.5585,316.859,-2.47141e-07,78.7347,398.812,8.93552e-08,89.1218,501.948,-2.53231e-07,100.879,631.736,-1.25047e-07,114.188,795.049,-1.78808e-07,129.252,1000.53,2.6733e-07,146.304,1259.03,4.50292e-07,165.605,1584.19,6.76904e-07,187.452,1993.12,-1.23808e-07,212.181,2507.27,-4.89068e-07,240.173,3153.54,-5.40284e-07,271.856,3965.56,1.86061e-07,307.719,4985.38,4.37004e-07,348.313,6265.4,3.59828e-07,394.26,7870.83,3.98192e-07,446.268,9882.51,-1.92908e-07,505.135,12400.3,-2.20392e-07,571.766,15546.9,1.51705e-07,647.184,19472.2,5.74996e-07,732.547,24357.4,5.39112e-07,829.167,30420,5.07815e-09,938.526,37916.3,-4.11492e-07,1062.3,47143.9,-3.9561e-07,1202.4,58439.2,3.86185e-08,1360.96,72169.3,5.94093e-07,1540.42,88715.8,7.47693e-07,1743.53,108445,1.78537e-07,1973.41,131665,-4.12549e-07,2233.57,158557,-5.37164e-07,2528,189103,-1.17615e-07,2861.2,222986,5.66769e-07,3238.27,259510,9.45053e-07,3664.97,297540,4.25093e-07,4147.81,335497,-3.58506e-07,4694.17,371444,-6.7724e-07,5312.37,403256,1.67192e-07,1.61744,3.89446,9.84394,3.28846,7.5504,12.774,5.07607,11.7187,13.6844,7.03202,16.8147,13.9681,9.20215,23.1769,14.0566,11.6301,31.1672,14.0841,14.3598,41.2186,14.0927,17.4376,53.8688,14.0954,20.9137,69.7915,14.0962,24.8432,89.8341,14.0965,29.2879,115.063,14.0966,34.3168,146.819,14.0966,40.0078,186.792,14.0966,46.4487,237.107,14.0966,53.7388,300.44,14.0966,61.9903,380.158,14.0966,71.3301,480.499,14.0966,81.902,606.796,14.0966,93.8685,765.761,14.0966,107.414,965.837,14.0966,122.746,1217.65,14.0966,140.101,1534.57,14.0966,159.745,1933.41,14.0966,181.981,2435.3,14.0966,207.15,3066.85,14.0966,235.64,3861.46,14.0966,267.889,4861.11,14.0966,304.391,6118.54,14.0966,345.709,7699.91,14.0966,392.478,9688.22,14.0966,445.417,12187.5,14.0966,505.339,15327.7,14.0966,573.165,19271.6,14.0966,649.938,24222,14.0966,736.839,30430.9,14.0966,835.202,38211.5,14.0966,946.539,47950.3,14.0966,1072.56,60122.8,14.0966,1215.21,75309.9,14.0966,1376.66,94216.2,14.0966,1559.41,117688,14.0966,1766.26,146729,14.0966,2000.39,182510,14.0966,2265.39,226372,14.0966,2565.33,279806,14.0966,2904.81,344416,14.0966,3289.05,421845,14.0966,3723.93,513667,14.0966,4216.13,621231,14.0966,4773.18,745478,14.0966,5403.64,886744,14.0966,6117.15,1.04457e+06,14.0966,6924.63,1.2176e+06,14.0966,11.7194,11.96,12.6541,13.9321,16.1295,13.6434,16.6097,21.9702,13.9553,19.7532,29.5285,14.0526,23.3844,39.1143,14.0829,27.5423,51.2054,14.0923,32.2796,66.434,14.0953,37.662,85.6061,14.0962,43.7675,109.74,14.0965,50.687,140.119,14.0966,58.5249,178.359,14.0966,67.4005,226.493,14.0966,77.4493,287.08,14.0966,88.8254,363.343,14.0966,101.703,459.336,14.0966,116.281,580.161,14.0966,132.782,732.241,14.0966,151.46,923.655,14.0966,172.603,1164.57,14.0966,196.535,1467.79,14.0966,223.625,1849.39,14.0966,254.288,2329.62,14.0966,288.997,2933.93,14.0966,328.285,3694.33,14.0966,372.755,4651.04,14.0966,423.092,5854.57,14.0966,480.07,7368.38,14.0966,544.564,9272.08,14.0966,617.566,11665.5,14.0966,700.197,14673.6,14.0966,793.729,18452.9,14.0966,899.599,23198.6,14.0966,1019.43,29154.1,14.0966,1155.07,36622.3,14.0966,1308.6,45977.9,14.0966,1482.39,57683.7,14.0966,1679.09,72307.8,14.0966,1901.73,90542.8,14.0966,2153.73,113226,14.0966,2438.97,141360,14.0966,2761.81,176127,14.0966,3127.22,218898,14.0966,3540.81,271226,14.0966,4008.92,334817,14.0966,4538.74,411470,14.0966,5138.38,502973,14.0966,5817.04,610948,14.0966,6585.12,736653,14.0966,7454.39,880741,14.0966,8438.15,1.04302e+06,14.0966,9551.45,1.22224e+06,14.0966,10811.3,1.41602e+06,14.0966,12237,1.62086e+06,14.0966,11.7194,11.96,12.6541,2.21263,4.16949,0.989383,2.67766,5.84076,0.311842,3.14343,7.55825,0.0972771,3.63127,9.58578,0.0303237,4.15787,12.0912,0.00945211,4.73731,15.2286,0.00294633,5.38238,19.1721,0.000918508,6.10553,24.134,0.000286163,6.91951,30.3791,8.92692e-05,7.83792,38.2397,2.78121e-05,8.87555,48.1338,8.65134e-06,10.0489,60.5876,2.7882e-06,11.3761,76.2629,8.29036e-07,12.8779,95.9927,2.4373e-07,14.5775,120.825,4.33068e-09,16.5012,152.08,1.75749e-07,18.6784,191.415,-1.86328e-07,21.1428,240.917,1.91829e-07,23.9322,303.213,-1.81475e-07,27.0895,381.602,7.0186e-08,30.6634,480.231,-2.86769e-08,34.7087,604.316,2.40784e-07,39.2876,760.401,9.87368e-08,44.4705,956.705,1.22263e-07,50.3371,1203.54,-4.31966e-07,56.9776,1513.81,-1.9705e-07,64.494,1903.69,-2.763e-08,73.0018,2393.4,3.9185e-07,82.6317,3008.13,1.35379e-07,93.5318,3779.25,-4.16351e-08,105.869,4745.7,2.06965e-08,119.834,5955.6,-3.18887e-07,135.641,7468.12,-1.48271e-08,153.531,9355.62,2.00739e-07,173.781,11705.8,2.28358e-07,196.701,14624.1,-1.93587e-08,222.642,18235,-2.88101e-07,252.003,22683.4,-2.24732e-07,285.234,28134,8.56806e-09,322.845,34767,2.34258e-07,365.413,42770.9,2.99668e-07,413.588,52327.9,8.28644e-08,468.111,63591.2,-3.07049e-07,529.814,76653.2,-3.1888e-07,599.642,91502.5,-6.72276e-08,678.662,107975,2.26339e-07,768.083,125705,3.69212e-07,869.267,144088,2.04077e-07,983.76,162277,-2.80509e-07,1113.3,179223,-4.22737e-07,1259.87,193777,-1.71951e-07,1425.68,204839,4.55555e-07,11.7194,11.96,12.6541,2.21263,4.16949,0.989383,2.67766,5.84076,0.311842,3.14343,7.55825,0.0972771,3.63127,9.58578,0.0303237,4.15787,12.0912,0.00945211,4.73731,15.2286,0.00294633,5.38238,19.1721,0.000918508,6.10553,24.134,0.000286163,6.91951,30.3791,8.92692e-05,7.83792,38.2397,2.78121e-05,8.87555,48.1338,8.65134e-06,10.0489,60.5876,2.7882e-06,11.3761,76.2629,8.29036e-07,12.8779,95.9927,2.4373e-07,14.5775,120.825,1e-08,16.5012,152.08,1.75749e-07,18.6784,191.415,1e-08,21.1428,240.917,1.91829e-07,23.9322,303.213,1e-08,27.0895,381.602,7.0186e-08,30.6634,480.231,1e-08,34.7087,604.316,2.40784e-07,39.2876,760.401,9.87368e-08,44.4705,956.705,1.22263e-07,50.3371,1203.54,1e-08,56.9776,1513.81,1e-08,64.494,1903.69,1e-08,73.0018,2393.4,3.9185e-07,82.6317,3008.13,1.35379e-07,93.5318,3779.25,1e-08,105.869,4745.7,2.06965e-08,119.834,5955.6,1e-08,135.641,7468.12,1e-08,153.531,9355.62,2.00739e-07,173.781,11705.8,2.28358e-07,196.701,14624.1,1e-08,222.642,18235,1e-08,252.003,22683.4,1e-08,285.234,28134,1e-08,322.845,34767,2.34258e-07,365.413,42770.9,2.99668e-07,413.588,52327.9,8.28644e-08,468.111,63591.2,1e-08,529.814,76653.2,1e-08,599.642,91502.5,1e-08,678.662,107975,2.26339e-07,768.083,125705,3.69212e-07,869.267,144088,2.04077e-07,983.76,162277,1e-08,1113.3,179223,1e-08,1259.87,193777,1e-08,1425.68,204839,4.55555e-07,6.2823,3.27286,2.43537,0.219672,6.18826,2.24117,0.56371,6.87772,2.63624,0.308279,10,6,24,2,4,4,4,6,0,3,7,0,7,16,0,3,11,0,7,20,0,13,21,0,3,29,0,11,44,0,4,25,0,7,53,0,9,24,0,8,81,0,20,42,0,20,232,0,12,189,0,8,177,0,32,364,0,34,312,0,35,624,0,42,432,0,21,752,0,37,816,0,46,791,0,37,1379,0,21,826,0,72,3123,0,74,3036,0,33,4046,0,49,4264,0,85,4450,0,132,8145,0,146,8394,0,256,12345,0,148,37514,0,161,15328,0,154,5709,0,310,14838,0,167,22415,0,324,23071,0,373,58045,0,605,33305,0,412,78677,0,406,86262,0,891,112185,0,396,126035,0,758,223616,0,978,69844,0,901,120102,0,920,111291,0,1741,91640,0,1204,263014,0
-1.05176e+08,1,8.88811e-15,10,1023,0,1.05176e+08,0.528882,1.08665,0.389689,0.145397,0.379329,3.24381,0.161596,0.446195,1.77396,0.159177,1.15e+07,4.49998e+06,6.79999e+06,1.15e+07,4.49997e+06,6.79999e+06,1.15e+07,4.49996e+06,6.79999e+06,1.15e+07,4.49995e+06,6.79999e+06,1.14999e+07,4.49993e+06,6.79999e+06,1.14999e+07,4.49991e+06,6.79999e+06,1.14999e+07,4.49989e+06,6.79999e+06,1.14999e+07,4.49986e+06,6.79999e+06,1.14999e+07,4.49982e+06,6.79999e+06,1.14999e+07,4.49977e+06,6.79999e+06,1.14999e+07,4.49971e+06,6.79999e+06,1.14999e+07,4.49963e+06,6.79999e+06,1.14998e+07,4.49953e+06,6.79999e+06,1.14998e+07,4.49941e+06,6.79999e+06,1.14998e+07,4.49926e+06,6.79999e+06,1.14998e+07,4.49906e+06,6.79999e+06,1.14997e+07,4.49882e+06,6.79999e+06,1.14997e+07,4.49851e+06,6.79999e+06,1.14997e+07,4.49812e+06,6.79999e+06,1.14996e+07,4.49764e+06,6.79999e+06,1.14996e+07,4.49702e+06,6.79999e+06,1.14995e+07,4.49625e+06,6.79999e+06,1.14995e+07,4.49528e+06,6.79999e+06,1.14994e+07,4.49406e+06,6.79999e+06,1.14993e+07,4.49253e+06,6.79999e+06,1.14992e+07,4.49059e+06,6.79999e+06,1.14991e+07,4.48817e+06,6.79999e+06,1.1499e+07,4.48511e+06,6.79999e+06,1.14988e+07,4.48128e+06,6.79999e+06,1.14987e+07,4.47646e+06,6.79999e+06,1.14985e+07,4.47041e+06,6.79999e+06,1.14983e+07,4.46281e+06,6.79999e+06,1.14981e+07,4.4533e+06,6.79999e+06,1.14979e+07,4.44138e+06,6.79999e+06,1.14976e+07,4.42649e+06,6.79999e+06,1.14972e+07,4.40789e+06,6.79999e+06,1.14969e+07,4.38471e+06,6.79999e+06,1.14965e+07,4.35592e+06,6.79999e+06,1.1496e+07,4.32027e+06,6.79999e+06,1.14955e+07,4.27629e+06,6.79999e+06,1.14949e+07,4.22231e+06,6.79999e+06,1.14942e+07,4.15647e+06,6.79999e+06,1.14934e+07,4.07676e+06,6.79999e+06,1.14926e+07,3.98112e+06,6.79999e+06,1.14916e+07,3.86765e+06,6.79999e+06,1.14905e+07,3.73474e+06,6.79999e+06,1.14892e+07,3.58148e+06,6.79999e+06,1.14878e+07,3.40785e+06,6.79999e+06,1.14862e+07,3.21513e+06,6.79999e+06,1.14844e+07,3.00605e+06,6.79999e+06,1.14823e+07,2.7848e+06,6.79999e+06,1.148e+07,2.5568e+06,6.79999e+06,1.14773e+07,2.32825e+06,6.79999e+06,13.5742,8.52444,0.508366,16.8306,13.2585,0.162638,20.0035,17.569,0.0507846,23.2616,22.4214,0.0158319,26.7328,28.3297,0.00493498,30.5212,35.6974,0.00153831,34.7178,44.9473,0.000479527,39.4086,56.5822,0.000149456,44.6796,71.2245,4.66214e-05,50.6209,89.6543,1.45419e-05,57.3297,112.852,4.54748e-06,64.9129,142.051,1.43857e-06,73.4897,178.803,4.36618e-07,83.1934,225.062,1.40153e-07,94.1745,283.286,4.96378e-08,106.602,356.568,1.05434e-07,120.669,448.799,-6.49244e-08,136.59,564.873,1.70148e-07,154.611,710.948,-5.34594e-08,175.008,894.767,1.63407e-07,198.097,1126.06,8.04804e-08,224.231,1417.07,1.14667e-07,253.813,1783.15,-1.71227e-07,287.297,2243.62,-2.88466e-07,325.198,2822.67,-4.33651e-07,368.098,3550.67,7.9318e-08,416.657,4465.65,3.13319e-07,471.621,5615.16,3.4613e-07,533.835,7058.61,-1.19199e-07,604.255,8870.02,-2.79964e-07,683.962,11141.4,-2.30521e-07,774.182,13986.7,-2.55099e-07,876.299,17546.4,1.23585e-07,991.883,21993.1,1.41192e-07,1122.71,27536.7,-9.71886e-08,1270.78,34430.7,-3.68368e-07,1438.38,42977.7,-3.45379e-07,1628.07,53532.7,-3.25328e-09,1842.77,66504.6,2.6362e-07,2085.77,82350.2,2.53445e-07,2360.79,101560,-2.47407e-08,2672.05,124632,-3.80602e-07,3024.31,152018,-4.79005e-07,3422.98,184060,-1.14379e-07,3874.15,220884,2.64297e-07,4384.72,262283,3.44131e-07,4962.49,307576,7.5349e-08,5616.29,355497,-3.63097e-07,6356.1,404126,-6.05442e-07,7193.18,450932,-2.72333e-07,8140.28,492963,2.29675e-07,9211.79,527178,4.3387e-07,10424,550893,-1.0711e-07,10.102,8.06553,2.81012,10.6436,8.57909,0.869423,11.5336,10.2515,0.270869,12.7211,12.7138,0.0844293,14.1823,15.9373,0.0263173,15.9122,20.0383,0.0082035,17.9198,25.2154,0.00255722,20.2244,31.7373,0.000797017,22.8539,39.9486,0.000248622,25.8438,50.2851,7.75492e-05,29.237,63.2963,2.42508e-05,33.0837,79.6738,7.67162e-06,37.4415,100.288,2.32837e-06,42.3767,126.236,7.33e-07,47.9646,158.896,2.79256e-07,54.2906,200.003,9.87351e-09,61.452,251.741,1.61085e-07,69.5585,316.859,-2.47141e-07,78.7347,398.812,8.93552e-08,89.1218,501.948,-2.53231e-07,100.879,631.736,-1.25047e-07,114.188,795.049,-1.78808e-07,129.252,1000.53,2.6733e-07,146.304,1259.03,4.50292e-07,165.605,1584.19,6.76904e-07,187.452,1993.12,-1.23808e-07,212.181,2507.27,-4.89068e-07,240.173,3153.54,-5.40284e-07,271.856,3965.56,1.86061e-07,307.719,4985.38,4.37004e-07,348.313,6265.4,3.59828e-07,394.26,7870.83,3.98192e-07,446.268,9882.51,-1.92908e-07,505.135,12400.3,-2.20392e-07,571.766,15546.9,1.51705e-07,647.184,19472.2,5.74996e-07,732.547,24357.4,5.39112e-07,829.167,30420,5.07815e-09,938.526,37916.3,-4.11492e-07,1062.3,47143.9,-3.9561e-07,1202.4,58439.2,3.86185e-08,1360.96,72169.3,5.94093e-07,1540.42,88715.8,7.47693e-07,1743.53,108445,1.78537e-07,1973.41,131665,-4.12549e-07,2233.57,158557,-5.37164e-07,2528,189103,-1.17615e-07,2861.2,222986,5.66769e-07,3238.27,259510,9.45053e-07,3664.97,297540,4.25093e-07,4147.81,335497,-3.58506e-07,4694.17,371444,-6.7724e-07,5312.37,403256,1.67192e-07,1.61744,3.89446,9.84394,3.28846,7.5504,12.774,5.07607,11.7187,13.6844,7.03202,16.8147,13.9681,9.20215,23.1769,14.0566,11.6301,31.1672,14.0841,14.3598,41.2186,14.0927,17.4376,53.8688,14.0954,20.9137,69.7915,14.0962,24.8432,89.8341,14.0965,29.2879,115.063,14.0966,34.3168,146.819,14.0966,40.0078,186.792,14.0966,46.4487,237.107,14.0966,53.7388,300.44,14.0966,61.9903,380.158,14.0966,71.3301,480.499,14.0966,81.902,606.796,14.0966,93.8685,765.761,14.0966,107.414,965.837,14.0966,122.746,1217.65,14.0966,140.101,1534.57,14.0966,159.745,1933.41,14.0966,181.981,2435.3,14.0966,207.15,3066.85,14.0966,235.64,3861.46,14.0966,267.889,4861.11,14.0966,304.391,6118.54,14.0966,345.709,7699.91,14.0966,392.478,9688.22,14.0966,445.417,12187.5,14.0966,505.339,15327.7,14.0966,573.165,19271.6,14.0966,649.938,24222,14.0966,736.839,30430.9,14.0966,835.202,38211.5,14.0966,946.539,47950.3,14.0966,1072.56,60122.8,14.0966,1215.21,75309.9,14.0966,1376.66,94216.2,14.0966,1559.41,117688,14.0966,1766.26,146729,14.0966,2000.39,182510,14.0966,2265.39,226372,14.0966,2565.33,279806,14.0966,2904.81,344416,14.0966,3289.05,421845,14.0966,3723.93,513667,14.0966,4216.13,621231,14.0966,4773.18,745478,14.0966,5403.64,886744,14.0966,6117.15,1.04457e+06,14.0966,6924.63,1.2176e+06,14.0966,11.7194,11.96,12.6541,13.9321,16.1295,13.6434,16.6097,21.9702,13.9553,19.7532,29.5285,14.0526,23.3844,39.1143,14.0829,27.5423,51.2054,14.0923,32.2796,66.434,14.0953,37.662,85.6061,14.0962,43.7675,109.74,14.0965,50.687,140.119,14.0966,58.5249,178.359,14.0966,67.4005,226.493,14.0966,77.4493,287.08,14.0966,88.8254,363.343,14.0966,101.703,459.336,14.0966,116.281,580.161,14.0966,132.782,732.241,14.0966,151.46,923.655,14.0966,172.603,1164.57,14.0966,196.535,1467.79,14.0966,223.625,1849.39,14.0966,254.288,2329.62,14.0966,288.997,2933.93,14.0966,328.285,3694.33,14.0966,372.755,4651.04,14.0966,423.092,5854.57,14.0966,480.07,7368.38,14.0966,544.564,9272.08,14.0966,617.566,11665.5,14.0966,700.197,14673.6,14.0966,793.729,18452.9,14.0966,899.599,23198.6,14.0966,1019.43,29154.1,14.0966,1155.07,36622.3,14.0966,1308.6,45977.9,14.0966,1482.39,57683.7,14.0966,1679.09,72307.8,14.0966,1901.73,90542.8,14.0966,2153.73,113226,14.0966,2438.97,141360,14.0966,2761.81,176127,14.0966,3127.22,218898,14.0966,3540.81,271226,14.0966,4008.92,334817,14.0966,4538.74,411470,14.0966,5138.38,502973,14.0966,5817.04,610948,14.0966,6585.12,736653,14.0966,7454.39,880741,14.0966,8438.15,1.04302e+06,14.0966,9551.45,1.22224e+06,14.0966,10811.3,1.41602e+06,14.0966,12237,1.62086e+06,14.0966,11.7194,11.96,12.6541,2.21263,4.16949,0.989383,2.67766,5.84076,0.311842,3.14343,7.55825,0.0972771,3.63127,9.58578,0.0303237,4.15787,12.0912,0.00945211,4.73731,15.2286,0.00294633,5.38238,19.1721,0.000918508,6.10553,24.134,0.000286163,6.91951,30.3791,8.92692e-05,7.83792,38.2397,2.78121e-05,8.87555,48.1338,8.65134e-06,10.0489,60.5876,2.7882e-06,11.3761,76.2629,8.29036e-07,12.8779,95.9927,2.4373e-07,14.5775,120.825,4.33068e-09,16.5012,152.08,1.75749e-07,18.6784,191.415,-1.86328e-07,21.1428,240.917,1.91829e-07,23.9322,303.213,-1.81475e-07,27.0895,381.602,7.0186e-08,30.6634,480.231,-2.86769e-08,34.7087,604.316,2.40784e-07,39.2876,760.401,9.87368e-08,44.4705,956.705,1.22263e-07,50.3371,1203.54,-4.31966e-07,56.9776,1513.81,-1.9705e-07,64.494,1903.69,-2.763e-08,73.0018,2393.4,3.9185e-07,82.6317,3008.13,1.35379e-07,93.5318,3779.25,-4.16351e-08,105.869,4745.7,2.06965e-08,119.834,5955.6,-3.18887e-07,135.641,7468.12,-1.48271e-08,153.531,9355.62,2.00739e-07,173.781,11705.8,2.28358e-07,196.701,14624.1,-1.93587e-08,222.642,18235,-2.88101e-07,252.003,22683.4,-2.24732e-07,285.234,28134,8.56806e-09,322.845,34767,2.34258e-07,365.413,42770.9,2.99668e-07,413.588,52327.9,8.28644e-08,468.111,63591.2,-3.07049e-07,529.814,76653.2,-3.1888e-07,599.642,91502.5,-6.72276e-08,678.662,107975,2.26339e-07,768.083,125705,3.69212e-07,869.267,144088,2.04077e-07,983.76,162277,-2.80509e-07,1113.3,179223,-4.22737e-07,1259.87,193777,-1.71951e-07,1425.68,204839,4.55555e-07,11.7194,11.96,12.6541,2.21263,4.16949,0.989383,2.67766,5.84076,0.311842,3.14343,7.55825,0.0972771,3.63127,9.58578,0.0303237,4.15787,12.0912,0.00945211,4.73731,15.2286,0.00294633,5.38238,19.1721,0.000918508,6.10553,24.134,0.000286163,6.91951,30.3791,8.92692e-05,7.83792,38.2397,2.78121e-05,8.87555,48.1338,8.65134e-06,10.0489,60.5876,2.7882e-06,11.3761,76.2629,8.29036e-07,12.8779,95.9927,2.4373e-07,14.5775,120.825,1e-08,16.5012,152.08,1.75749e-07,18.6784,191.415,1e-08,21.1428,240.917,1.91829e-07,23.9322,303.213,1e-08,27.0895,381.602,7.0186e-08,30.6634,480.231,1e-08,34.7087,604.316,2.40784e-07,39.2876,760.401,9.87368e-08,44.4705,956.705,1.22263e-07,50.3371,1203.54,1e-08,56.9776,1513.81,1e-08,64.494,1903.69,1e-08,73.0018,2393.4,3.9185e-07,82.6317,3008.13,1.35379e-07,93.5318,3779.25,1e-08,105.869,4745.7,2.06965e-08,119.834,5955.6,1e-08,135.641,7468.12,1e-08,153.531,9355.62,2.00739e-07,173.781,11705.8,2.28358e-07,196.701,14624.1,1e-08,222.642,18235,1e-08,252.003,22683.4,1e-08,285.234,28134,1e-08,322.845,34767,2.34258e-07,365.413,42770.9,2.99668e-07,413.588,52327.9,8.28644e-08,468.111,63591.2,1e-08,529.814,76653.2,1e-08,599.642,91502.5,1e-08,678.662,107975,2.26339e-07,768.083,125705,3.69212e-07,869.267,144088,2.04077e-07,983.76,162277,1e-08,1113.3,179223,1e-08,1259.87,193777,1e-08,1425.68,204839,4.55555e-07,6.2823,3.27286,2.43537,0.219672,6.18826,2.24117,0.56371,6.87772,2.63624,0.308279,3,8,6,1,2,1,4,10,0,5,2,0,4,7,0,3,19,0,4,11,0,4,20,0,17,10,0,8,36,0,7,61,0,12,38,0,5,65,0,15,86,0,16,99,0,11,74,0,39,108,0,18,321,0,8,153,0,13,260,0,13,579,0,9,532,0,41,401,0,62,335,0,45,143,0,38,877,0,82,873,0,107,1995,0,137,3137,0,134,2571,0,136,1894,0,150,3989,0,61,10855,0,125,8476,0,222,4855,0,97,10348,0,159,32449,0,223,22817,0,41,27202,0,396,11302,0,236,53521,0,414,70118,0,989,58390,0,430,94449,0,534,141425,0,537,103384,0,490,94750,0,885,82767,0,1140,310275,0,1022,77867,0,855,253193,0,1289,257801,0,1093,36188,0
-1.05176e+08,1,8.88811e-15,10,1023,0,1.05176e+08,0.528882,1.08665,0.389689,0.145397,0.379329,3.24381,0.161596,0.446195,1.77396,0.159177,1.15e+07,4.49998e+06,6.79999e+06,1.15e+07,4.49997e+06,6.79999e+06,1.15e+07,4.49996e+06,6.79999e+06,1.15e+07,4.49995e+06,6.79999e+06,1.14999e+07,4.49993e+06,6.79999e+06,1.14999e+07,4.49991e+06,6.79999e+06,1.14999e+07,4.49989e+06,6.79999e+06,1.14999e+07,4.49986e+06,6.79999e+06,1.14999e+07,4.49982e+06,6.79999e+06,1.14999e+07,4.49977e+06,6.79999e+06,1.14999e+07,4.49971e+06,6.79999e+06,1.14999e+07,4.49963e+06,6.79999e+06,1.14998e+07,4.49953e+06,6.79999e+06,1.14998e+07,4.49941e+06,6.79999e+06,1.14998e+07,4.49926e+06,6.79999e+06,1.14998e+07,4.49906e+06,6.79999e+06,1.14997e+07,4.49882e+06,6.79999e+06,1.14997e+07,4.49851e+06,6.79999e+06,1.14997e+07,4.49812e+06,6.79999e+06,1.14996e+07,4.49764e+06,6.79999e+06,1.14996e+07,4.49702e+06,6.79999e+06,1.14995e+07,4.49625e+06,6.79999e+06,1.14995e+07,4.49528e+06,6.79999e+06,1.14994e+07,4.49406e+06,6.79999e+06,1.14993e+07,4.49253e+06,6.79999e+06,1.14992e+07,4.49059e+06,6.79999e+06,1.14991e+07,4.48817e+06,6.79999e+06,1.1499e+07,4.48511e+06,6.79999e+06,1.14988e+07,4.48128e+06,6.79999e+06,1.14987e+07,4.47646e+06,6.79999e+06,1.14985e+07,4.47041e+06,6.79999e+06,1.14983e+07,4.46281e+06,6.79999e+06,1.14981e+07,4.4533e+06,6.79999e+06,1.14979e+07,4.44138e+06,6.79999e+06,1.14976e+07,4.42649e+06,6.79999e+06,1.14972e+07,4.40789e+06,6.79999e+06,1.14969e+07,4.38471e+06,6.79999e+06,1.14965e+07,4.35592e+06,6.79999e+06,1.1496e+07,4.32027e+06,6.79999e+06,1.14955e+07,4.27629e+06,6.79999e+06,1.14949e+07,4.22231e+06,6.79999e+06,1.14942e+07,4.15647e+06,6.79999e+06,1.14934e+07,4.07676e+06,6.79999e+06,1.14926e+07,3.98112e+06,6.79999e+06,1.14916e+07,3.86765e+06,6.79999e+06,1.14905e+07,3.73474e+06,6.79999e+06,1.14892e+07,3.58148e+06,6.79999e+06,1.14878e+07,3.40785e+06,6.79999e+06,1.14862e+07,3.21513e+06,6.79999e+06,1.14844e+07,3.00605e+06,6.79999e+06,1.14823e+07,2.7848e+06,6.79999e+06,1.148e+07,2.5568e+06,6.79999e+06,1.14773e+07,2.32825e+06,6.79999e+06,13.5742,8.52444,0.508366,16.8306,13.2585,0.162638,20.0035,17.569,0.0507846,23.2616,22.4214,0.0158319,26.7328,28.3297,0.00493498,30.5212,35.6974,0.00153831,34.7178,44.9473,0.000479527,39.4086,56.5822,0.000149456,44.6796,71.2245,4.66214e-05,50.6209,89.6543,1.45419e-05,57.3297,112.852,4.54748e-06,64.9129,142.051,1.43857e-06,73.4897,178.803,4.36618e-07,83.1934,225.062,1.40153e-07,94.1745,283.286,4.96378e-08,106.602,356.568,1.05434e-07,120.669,448.799,-6.49244e-08,136.59,564.873,1.70148e-07,154.611,710.948,-5.34594e-08,175.008,894.767,1.63407e-07,198.097,1126.06,8.04804e-08,224.231,1417.07,1.14667e-07,253.813,1783.15,-1.71227e-07,287.297,2243.62,-2.88466e-07,325.198,2822.67,-4.33651e-07,368.098,3550.67,7.9318e-08,416.657,4465.65,3.13319e-07,471.621,5615.16,3.4613e-07,533.835,7058.61,-1.19199e-07,604.255,8870.02,-2.79964e-07,683.962,11141.4,-2.30521e-07,774.182,13986.7,-2.55099e-07,876.299,17546.4,1.23585e-07,991.883,21993.1,1.41192e-07,1122.71,27536.7,-9.71886e-08,1270.78,34430.7,-3.68368e-07,1438.38,42977.7,-3.45379e-07,1628.07,53532.7,-3.25328e-09,1842.77,66504.6,2.6362e-07,2085.77,82350.2,2.53445e-07,2360.79,101560,-2.47407e-08,2672.05,124632,-3.80602e-07,3024.31,152018,-4.79005e-07,3422.98,184060,-1.14379e-07,3874.15,220884,2.64297e-07,4384.72,262283,3.44131e-07,4962.49,307576,7.5349e-08,5616.29,355497,-3.63097e-07,6356.1,404126,-6.05442e-07,7193.18,450932,-2.72333e-07,8140.28,492963,2.29675e-07,9211.79,527178,4.3387e-07,10424,550893,-1.0711e-07,10.102,8.06553,2.81012,10.6436,8.57909,0.869423,11.5336,10.2515,0.270869,12.7211,12.7138,0.0844293,14.1823,15.9373,0.0263173,15.9122,20.0383,0.0082035,17.9198,25.2154,0.00255722,20.2244,31.7373,0.000797017,22.8539,39.9486,0.000248622,25.8438,50.2851,7.75492e-05,29.237,63.2963,2.42508e-05,33.0837,79.6738,7.67162e-06,37.4415,100.288,2.32837e-06,42.3767,126.236,7.33e-07,47.9646,158.896,2.79256e-07,54.2906,200.003,9.87351e-09,61.452,251.741,1.61085e-07,69.5585,316.859,-2.47141e-07,78.7347,398.812,8.93552e-08,89.1218,501.948,-2.53231e-07,100.879,631.736,-1.25047e-07,114.188,795.049,-1.78808e-07,129.252,1000.53,2.6733e-07,146.304,1259.03,4.50292e-07,165.605,1584.19,6.76904e-07,187.452,1993.12,-1.23808e-07,212.181,2507.27,-4.89068e-07,240.173,3153.54,-5.40284e-07,271.856,3965.56,1.86061e-07,307.719,4985.38,4.37004e-07,348.313,6265.4,3.59828e-07,394.26,7870.83,3.98192e-07,446.268,9882.51,-1.92908e-07,505.135,12400.3,-2.20392e-07,571.766,15546.9,1.51705e-07,647.184,19472.2,5.74996e-07,732.547,24357.4,5.39112e-07,829.167,30420,5.07815e-09,938.526,37916.3,-4.11492e-07,1062.3,47143.9,-3.9561e-07,1202.4,58439.2,3.86185e-08,1360.96,72169.3,5.94093e-07,1540.42,88715.8,7.47693e-07,1743.53,108445,1.78537e-07,1973.41,131665,-4.12549e-07,2233.57,158557,-5.37164e-07,2528,189103,-1.17615e-07,2861.2,222986,5.66769e-07,3238.27,259510,9.45053e-07,3664.97,297540,4.25093e-07,4147.81,335497,-3.58506e-07,4694.17,371444,-6.7724e-07,5312.37,403256,1.67192e-07,1.61744,3.89446,9.84394,3.28846,7.5504,12.774,5.07607,11.7187,13.6844,7.03202,16.8147,13.9681,9.20215,23.1769,14.0566,11.6301,31.1672,14.0841,14.3598,41.2186,14.0927,17.4376,53.8688,14.0954,20.9137,69.7915,14.0962,24.8432,89.8341,14.0965,29.2879,115.063,14.0966,34.3168,146.819,14.0966,40.0078,186.792,14.0966,46.4487,237.107,14.0966,53.7388,300.44,14.0966,61.9903,380.158,14.0966,71.3301,480.499,14.0966,81.902,606.796,14.0966,93.8685,765.761,14.0966,107.414,965.837,14.0966,122.746,1217.65,14.0966,140.101,1534.57,14.0966,159.745,1933.41,14.0966,181.981,2435.3,14.0966,207.15,3066.85,14.0966,235.64,3861.46,14.0966,267.889,4861.11,14.0966,304.391,6118.54,14.0966,345.709,7699.91,14.0966,392.478,9688.22,14.0966,445.417,12187.5,14.0966,505.339,15327.7,14.0966,573.165,19271.6,14.0966,649.938,24222,14.0966,736.839,30430.9,14.0966,835.202,38211.5,14.0966,946.539,47950.3,14.0966,1072.56,60122.8,14.0966,1215.21,75309.9,14.0966,1376.66,94216.2,14.0966,1559.41,117688,14.0966,1766.26,146729,14.0966,2000.39,182510,14.0966,2265.39,226372,14.0966,2565.33,279806,14.0966,2904.81,344416,14.0966,3289.05,421845,14.0966,3723.93,513667,14.0966,4216.13,621231,14.0966,4773.18,745478,14.0966,5403.64,886744,14.0966,6117.15,1.04457e+06,14.0966,6924.63,1.2176e+06,14.0966,11.7194,11.96,12.6541,13.9321,16.1295,13.6434,16.6097,21.9702,13.9553,19.7532,29.5285,14.0526,23.3844,39.1143,14.0829,27.5423,51.2054,14.0923,32.2796,66.434,14.0953,37.662,85.6061,14.0962,43.7675,109.74,14.0965,50.687,140.119,14.0966,58.5249,178.359,14.0966,67.4005,226.493,14.0966,77.4493,287.08,14.0966,88.8254,363.343,14.0966,101.703,459.336,14.0966,116.281,580.161,14.0966,132.782,732.241,14.0966,151.46,923.655,14.0966,172.603,1164.57,14.0966,196.535,1467.79,14.0966,223.625,1849.39,14.0966,254.288,2329.62,14.0966,288.997,2933.93,14.0966,328.285,3694.33,14.0966,372.755,4651.04,14.0966,423.092,5854.57,14.0966,480.07,7368.38,14.0966,544.564,9272.08,14.0966,617.566,11665.5,14.0966,700.197,14673.6,14.0966,793.729,18452.9,14.0966,899.599,23198.6,14.0966,1019.43,29154.1,14.0966,1155.07,36622.3,14.0966,1308.6,45977.9,14.0966,1482.39,57683.7,14.0966,1679.09,72307.8,14.0966,1901.73,90542.8,14.0966,2153.73,113226,14.0966,2438.97,141360,14.0966,2761.81,176127,14.0966,3127.22,218898,14.0966,3540.81,271226,14.0966,4008.92,334817,14.0966,4538.74,411470,14.0966,5138.38,502973,14.0966,5817.04,610948,14.0966,6585.12,736653,14.0966,7454.39,880741,14.0966,8438.15,1.04302e+06,14.0966,9551.45,1.22224e+06,14.0966,10811.3,1.41602e+06,14.0966,12237,1.62086e+06,14.0966,11.7194,11.96,12.6541,2.21263,4.16949,0.989383,2.67766,5.84076,0.311842,3.14343,7.55825,0.0972771,3.63127,9.58578,0.0303237,4.15787,12.0912,0.00945211,4.73731,15.2286,0.00294633,5.38238,19.1721,0.000918508,6.10553,24.134,0.000286163,6.91951,30.3791,8.92692e-05,7.83792,38.2397,2.78121e-05,8.87555,48.1338,8.65134e-06,10.0489,60.5876,2.7882e-06,11.3761,76.2629,8.29036e-07,12.8779,95.9927,2.4373e-07,14.5775,120.825,4.33068e-09,16.5012,152.08,1.75749e-07,18.6784,191.415,-1.86328e-07,21.1428,240.917,1.91829e-07,23.9322,303.213,-1.81475e-07,27.0895,381.602,7.0186e-08,30.6634,480.231,-2.86769e-08,34.7087,604.316,2.40784e-07,39.2876,760.401,9.87368e-08,44.4705,956.705,1.22263e-07,50.3371,1203.54,-4.31966e-07,56.9776,1513.81,-1.9705e-07,64.494,1903.69,-2.763e-08,73.0018,2393.4,3.9185e-07,82.6317,3008.13,1.35379e-07,93.5318,3779.25,-4.16351e-08,105.869,4745.7,2.06965e-08,119.834,5955.6,-3.18887e-07,135.641,7468.12,-1.48271e-08,153.531,9355.62,2.00739e-07,173.781,11705.8,2.28358e-07,196.701,14624.1,-1.93587e-08,222.642,18235,-2.88101e-07,252.003,22683.4,-2.24732e-07,285.234,28134,8.56806e-09,322.845,34767,2.34258e-07,365.413,42770.9,2.99668e-07,413.588,52327.9,8.28644e-08,468.111,63591.2,-3.07049e-07,529.814,76653.2,-3.1888e-07,599.642,91502.5,-6.72276e-08,678.662,107975,2.26339e-07,768.083,125705,3.69212e-07,869.267,144088,2.04077e-07,983.76,162277,-2.80509e-07,1113.3,179223,-4.22737e-07,1259.87,193777,-1.71951e-07,1425.68,204839,4.55555e-07,11.7194,11.96,12.6541,2.21263,4.16949,0.989383,2.67766,5.84076,0.311842,3.14343,7.55825,0.0972771,3.63127,9.58578,0.0303237,4.15787,12.0912,0.00945211,4.73731,15.2286,0.00294633,5.38238,19.1721,0.000918508,6.10553,24.134,0.000286163,6.91951,30.3791,8.92692e-05,7.83792,38.2397,2.78121e-05,8.87555,48.1338,8.65134e-06,10.0489,60.5876,2.7882e-06,11.3761,76.2629,8.29036e-07,12.8779,95.9927,2.4373e-07,14.5775,120.825,1e-08,16.5012,152.08,1.75749e-07,18.6784,191.415,1e-08,21.1428,240.917,1.91829e-07,23.9322,303.213,1e-08,27.0895,381.602,7.0186e-08,30.6634,480.231,1e-08,34.7087,604.316,2.40784e-07,39.2876,760.401,9.87368e-08,44.4705,956.705,1.22263e-07,50.3371,1203.54,1e-08,56.9776,1513.81,1e-08,64.494,1903.69,1e-08,73.0018,2393.4,3.9185e-07,82.6317,3008.13,1.35379e-07,93.5318,3779.25,1e-08,105.869,4745.7,2.06965e-08,119.834,5955.6,1e-08,135.641,7468.12,1e-08,153.531,9355.62,2.00739e-07,173.781,11705.8,2.28358e-07,196.701,14624.1,1e-08,222.642,18235,1e-08,252.003,22683.4,1e-08,285.234,28134,1e-08,322.845,34767,2.34258e-07,365.413,42770.9,2.99668e-07,413.588,52327.9,8.28644e-08,468.111,63591.2,1e-08,529.814,76653.2,1e-08,599.642,91502.5,1e-08,678.662,107975,2.26339e-07,768.083,125705,3.69212e-07,869.267,144088,2.04077e-07,983.76,162277,1e-08,1113.3,179223,1e-08,1259.87,193777,1e-08,1425.68,204839,4.55555e-07,6.2823,3.27286,2.43537,0.219672,6.18826,2.24117,0.56371,6.87772,2.63624,0.308279,13,9,8,3,2,0,1,6,0,3,19,0,5,17,0,3,22,0,5,30,0,1,28,0,13,28,0,8,26,0,6,37,0,15,45,0,17,22,0,16,47,0,11,98,0,7,84,0,29,199,0,13,127,0,30,485,0,16,472,0,20,334,0,25,651,0,30,550,0,26,533,0,57,963,0,75,308,0,65,2772,0,80,2242,0,56,2829,0,96,1596,0,127,6690,0,189,3893,0,126,6244,0,91,12835,0,123,8503,0,155,9288,0,149,16696,0,256,16999,0,55,23458,0,445,19063,0,105,16141,0,125,53917,0,400,45950,0,799,87395,0,397,69065,0,713,39948,0,418,84662,0,952,72383,0,864,118452,0,877,157208,0,924,139004,0,1047,46790,0,2363,158921,0
-1.05176e+08,1,8.88811e-15,10,1023,0,1.05176e+08,0.528882,1.08665,0.389689,0.145397,0.379329,3.24381,0.161596,0.446195,1.77396,0.159177,1.15e+07,4.49998e+06,6.79999e+06,1.15e+07,4.49997e+06,6.79999e+06,1.15e+07,4.49996e+06,6.79999e+06,1.15e+07,4.49995e+06,6.79999e+06,1.14999e+07,4.49993e+06,6.79999e+06,1.14999e+07,4.49991e+06,6.79999e+06,1.14999e+07,4.49989e+06,6.79999e+06,1.14999e+07,4.49986e+06,6.79999e+06,1.14999e+07,4.49982e+06,6.79999e+06,1.14999e+07,4.49977e+06,6.79999e+06,1.14999e+07,4.49971e+06,6.79999e+06,1.14999e+07,4.49963e+06,6.79999e+06,1.14998e+07,4.49953e+06,6.79999e+06,1.14998e+07,4.49941e+06,6.79999e+06,1.14998e+07,4.49926e+06,6.79999e+06,1.14998e+07,4.49906e+06,6.79999e+06,1.14997e+07,4.49882e+06,6.79999e+06,1.14997e+07,4.49851e+06,6.79999e+06,1.14997e+07,4.49812e+06,6.79999e+06,1.14996e+07,4.49764e+06,6.79999e+06,1.14996e+07,4.49702e+06,6.79999e+06,1.14995e+07,4.49625e+06,6.79999e+06,1.14995e+07,4.49528e+06,6.79999e+06,1.14994e+07,4.49406e+06,6.79999e+06,1.14993e+07,4.49253e+06,6.79999e+06,1.14992e+07,4.49059e+06,6.79999e+06,1.14991e+07,4.48817e+06,6.79999e+06,1.1499e+07,4.48511e+06,6.79999e+06,1.14988e+07,4.48128e+06,6.79999e+06,1.14987e+07,4.47646e+06,6.79999e+06,1.14985e+07,4.47041e+06,6.79999e+06,1.14983e+07,4.46281e+06,6.79999e+06,1.14981e+07,4.4533e+06,6.79999e+06,1.14979e+07,4.44138e+06,6.79999e+06,1.14976e+07,4.42649e+06,6.79999e+06,1.14972e+07,4.40789e+06,6.79999e+06,1.14969e+07,4.38471e+06,6.79999e+06,1.14965e+07,4.35592e+06,6.79999e+06,1.1496e+07,4.32027e+06,6.79999e+06,1.14955e+07,4.27629e+06,6.79999e+06,1.14949e+07,4.22231e+06,6.79999e+06,1.14942e+07,4.15647e+06,6.79999e+06,1.14934e+07,4.07676e+06,6.79999e+06,1.14926e+07,3.98112e+06,6.79999e+06,1.14916e+07,3.86765e+06,6.79999e+06,1.14905e+07,3.73474e+06,6.79999e+06,1.14892e+07,3.58148e+06,6.79999e+06,1.14878e+07,3.40785e+06,6.79999e+06,1.14862e+07,3.21513e+06,6.79999e+06,1.14844e+07,3.00605e+06,6.79999e+06,1.14823e+07,2.7848e+06,6.79999e+06,1.148e+07,2.5568e+06,6.79999e+06,1.14773e+07,2.32825e+06,6.79999e+06,13.5742,8.52444,0.508366,16.8306,13.2585,0.162638,20.0035,17.569,0.0507846,23.2616,22.4214,0.0158319,26.7328,28.3297,0.00493498,30.5212,35.6974,0.00153831,34.7178,44.9473,0.000479527,39.4086,56.5822,0.000149456,44.6796,71.2245,4.66214e-05,50.6209,89.6543,1.45419e-05,57.3297,112.852,4.54748e-06,64.9129,142.051,1.43857e-06,73.4897,178.803,4.36618e-07,83.1934,225.062,1.40153e-07,94.1745,283.286,4.96378e-08,106.602,356.568,1.05434e-07,120.669,448.799,-6.49244e-08,136.59,564.873,1.70148e-07,154.611,710.948,-5.34594e-08,175.008,894.767,1.63407e-07,198.097,1126.06,8.04804e-08,224.231,1417.07,1.14667e-07,253.813,1783.15,-1.71227e-07,287.297,2243.62,-2.88466e-07,325.198,2822.67,-4.33651e-07,368.098,3550.67,7.9318e-08,416.657,4465.65,3.13319e-07,471.621,5615.16,3.4613e-07,533.835,7058.61,-1.19199e-07,604.255,8870.02,-2.79964e-07,683.962,11141.4,-2.30521e-07,774.182,13986.7,-2.55099e-07,876.299,17546.4,1.23585e-07,991.883,21993.1,1.41192e-07,1122.71,27536.7,-9.71886e-08,1270.78,34430.7,-3.68368e-07,1438.38,42977.7,-3.45379e-07,1628.07,53532.7,-3.25328e-09,1842.77,66504.6,2.6362e-07,2085.77,82350.2,2.53445e-07,2360.79,101560,-2.47407e-08,2672.05,124632,-3.80602e-07,3024.31,152018,-4.79005e-07,3422.98,184060,-1.14379e-07,3874.15,220884,2.64297e-07,4384.72,262283,3.44131e-07,4962.49,307576,7.5349e-08,5616.29,355497,-3.63097e-07,6356.1,404126,-6.05442e-07,7193.18,450932,-2.72333e-07,8140.28,492963,2.29675e-07,9211.79,527178,4.3387e-07,10424,550893,-1.0711e-07,10.102,8.06553,2.81012,10.6436,8.57909,0.869423,11.5336,10.2515,0.270869,12.7211,12.7138,0.0844293,14.1823,15.9373,0.0263173,15.9122,20.0383,0.0082035,17.9198,25.2154,0.00255722,20.2244,31.7373,0.000797017,22.8539,39.9486,0.000248622,25.8438,50.2851,7.75492e-05,29.237,63.2963,2.42508e-05,33.0837,79.6738,7.67162e-06,37.4415,100.288,2.32837e-06,42.3767,126.236,7.33e-07,47.9646,158.896,2.79256e-07,54.2906,200.003,9.87351e-09,61.452,251.741,1.61085e-07,69.5585,316.859,-2.47141e-07,78.7347,398.812,8.93552e-08,89.1218,501.948,-2.53231e-07,100.879,631.736,-1.25047e-07,114.188,795.049,-1.78808e-07,129.252,1000.53,2.6733e-07,146.304,1259.03,4.50292e-07,165.605,1584.19,6.76904e-07,187.452,1993.12,-1.23808e-07,212.181,2507.27,-4.89068e-07,240.173,3153.54,-5.40284e-07,271.856,3965.56,1.86061e-07,307.719,4985.38,4.37004e-07,348.313,6265.4,3.59828e-07,394.26,7870.83,3.98192e-07,446.268,9882.51,-1.92908e-07,505.135,12400.3,-2.20392e-07,571.766,15546.9,1.51705e-07,647.184,19472.2,5.74996e-07,732.547,24357.4,5.39112e-07,829.167,30420,5.07815e-09,938.526,37916.3,-4.11492e-07,1062.3,47143.9,-3.9561e-07,1202.4,58439.2,3.86185e-08,1360.96,72169.3,5.94093e-07,1540.42,88715.8,7.47693e-07,1743.53,108445,1.78537e-07,1973.41,131665,-4.12549e-07,2233.57,158557,-5.37164e-07,2528,189103,-1.17615e-07,2861.2,222986,5.66769e-07,3238.27,259510,9.45053e-07,3664.97,297540,4.25093e-07,4147.81,335497,-3.58506e-07,4694.17,371444,-6.7724e-07,5312.37,403256,1.67192e-07,1.61744,3.89446,9.84394,3.28846,7.5504,12.774,5.07607,11.7187,13.6844,7.03202,16.8147,13.9681,9.20215,23.1769,14.0566,11.6301,31.1672,14.0841,14.3598,41.2186,14.0927,17.4376,53.8688,14.0954,20.9137,69.7915,14.0962,24.8432,89.8341,14.0965,29.2879,115.063,14.0966,34.3168,146.819,14.0966,40.0078,186.792,14.0966,46.4487,237.107,14.0966,53.7388,300.44,14.0966,61.9903,380.158,14.0966,71.3301,480.499,14.0966,81.902,606.796,14.0966,93.8685,765.761,14.0966,107.414,965.837,14.0966,122.746,1217.65,14.0966,140.101,1534.57,14.0966,159.745,1933.41,14.0966,181.981,2435.3,14.0966,207.15,3066.85,14.0966,235.64,3861.46,14.0966,267.889,4861.11,14.0966,304.391,6118.54,14.0966,345.709,7699.91,14.0966,392.478,9688.22,14.0966,445.417,12187.5,14.0966,505.339,15327.7,14.0966,573.165,19271.6,14.0966,649.938,24222,14.0966,736.839,30430.9,14.0966,835.202,38211.5,14.0966,946.539,47950.3,14.0966,1072.56,60122.8,14.0966,1215.21,75309.9,14.0966,1376.66,94216.2,14.0966,1559.41,117688,14.0966,1766.26,146729,14.0966,2000.39,182510,14.0966,2265.39,226372,14.0966,2565.33,279806,14.0966,2904.81,344416,14.0966,3289.05,421845,14.0966,3723.93,513667,14.0966,4216.13,621231,14.0966,4773.18,745478,14.0966,5403.64,886744,14.0966,6117.15,1.04457e+06,14.0966,6924.63,1.2176e+06,14.0966,11.7194,11.96,12.6541,13.9321,16.1295,13.6434,16.6097,21.9702,13.9553,19.7532,29.5285,14.0526,23.3844,39.1143,14.0829,27.5423,51.2054,14.0923,32.2796,66.434,14.0953,37.662,85.6061,14.0962,43.7675,109.74,14.0965,50.687,140.119,14.0966,58.5249,178.359,14.0966,67.4005,226.493,14.0966,77.4493,287.08,14.0966,88.8254,363.343,14.0966,101.703,459.336,14.0966,116.281,580.161,14.0966,132.782,732.241,14.0966,151.46,923.655,14.0966,172.603,1164.57,14.0966,196.535,1467.79,14.0966,223.625,1849.39,14.0966,254.288,2329.62,14.0966,288.997,2933.93,14.0966,328.285,3694.33,14.0966,372.755,4651.04,14.0966,423.092,5854.57,14.0966,480.07,7368.38,14.0966,544.564,9272.08,14.0966,617.566,11665.5,14.0966,700.197,14673.6,14.0966,793.729,18452.9,14.0966,899.599,23198.6,14.0966,1019.43,29154.1,14.0966,1155.07,36622.3,14.0966,1308.6,45977.9,14.0966,1482.39,57683.7,14.0966,1679.09,72307.8,14.0966,1901.73,90542.8,14.0966,2153.73,113226,14.0966,2438.97,141360,14.0966,2761.81,176127,14.0966,3127.22,218898,14.0966,3540.81,271226,14.0966,4008.92,334817,14.0966,4538.74,411470,14.0966,5138.38,502973,14.0966,5817.04,610948,14.0966,6585.12,736653,14.0966,7454.39,880741,14.0966,8438.15,1.04302e+06,14.0966,9551.45,1.22224e+06,14.0966,10811.3,1.41602e+06,14.0966,12237,1.62086e+06,14.0966,11.7194,11.96,12.6541,2.21263,4.16949,0.989383,2.67766,5.84076,0.311842,3.14343,7.55825,0.0972771,3.63127,9.58578,0.0303237,4.15787,12.0912,0.00945211,4.73731,15.2286,0.00294633,5.38238,19.1721,0.000918508,6.10553,24.134,0.000286163,6.91951,30.3791,8.92692e-05,7.83792,38.2397,2.78121e-05,8.87555,48.1338,8.65134e-06,10.0489,60.5876,2.7882e-06,11.3761,76.2629,8.29036e-07,12.8779,95.9927,2.4373e-07,14.5775,120.825,4.33068e-09,16.5012,152.08,1.75749e-07,18.6784,191.415,-1.86328e-07,21.1428,240.917,1.91829e-07,23.9322,303.213,-1.81475e-07,27.0895,381.602,7.0186e-08,30.6634,480.231,-2.86769e-08,34.7087,604.316,2.40784e-07,39.2876,760.401,9.87368e-08,44.4705,956.705,1.22263e-07,50.3371,1203.54,-4.31966e-07,56.9776,1513.81,-1.9705e-07,64.494,1903.69,-2.763e-08,73.0018,2393.4,3.9185e-07,82.6317,3008.13,1.35379e-07,93.5318,3779.25,-4.16351e-08,105.869,4745.7,2.06965e-08,119.834,5955.6,-3.18887e-07,135.641,7468.12,-1.48271e-08,153.531,9355.62,2.00739e-07,173.781,11705.8,2.28358e-07,196.701,14624.1,-1.93587e-08,222.642,18235,-2.88101e-07,252.003,22683.4,-2.24732e-07,285.234,28134,8.56806e-09,322.845,34767,2.34258e-07,365.413,42770.9,2.99668e-07,413.588,52327.9,8.28644e-08,468.111,63591.2,-3.07049e-07,529.814,76653.2,-3.1888e-07,599.642,91502.5,-6.72276e-08,678.662,107975,2.26339e-07,768.083,125705,3.69212e-07,869.267,144088,2.04077e-07,983.76,162277,-2.80509e-07,1113.3,179223,-4.22737e-07,1259.87,193777,-1.71951e-07,1425.68,204839,4.55555e-07,11.7194,11.96,12.6541,2.21263,4.16949,0.989383,2.67766,5.84076,0.311842,3.14343,7.55825,0.0972771,3.63127,9.58578,0.0303237,4.15787,12.0912,0.00945211,4.73731,15.2286,0.00294633,5.38238,19.1721,0.000918508,6.10553,24.134,0.000286163,6.91951,30.3791,8.92692e-05,7.83792,38.2397,2.78121e-05,8.87555,48.1338,8.65134e-06,10.0489,60.5876,2.7882e-06,11.3761,76.2629,8.29036e-07,12.8779,95.9927,2.4373e-07,14.5775,120.825,1e-08,16.5012,152.08,1.75749e-07,18.6784,191.415,1e-08,21.1428,240.917,1.91829e-07,23.9322,303.213,1e-08,27.0895,381.602,7.0186e-08,30.6634,480.231,1e-08,34.7087,604.316,2.40784e-07,39.2876,760.401,9.87368e-08,44.4705,956.705,1.22263e-07,50.3371,1203.54,1e-08,56.9776,1513.81,1e-08,64.494,1903.69,1e-08,73.0018,2393.4,3.9185e-07,82.6317,3008.13,1.35379e-07,93.5318,3779.25,1e-08,105.869,4745.7,2.06965e-08,119.834,5955.6,1e-08,135.641,7468.12,1e-08,153.531,9355.62,2.00739e-07,173.781,11705.8,2.28358e-07,196.701,14624.1,1e-08,222.642,18235,1e-08,252.003,22683.4,1e-08,285.234,28134,1e-08,322.845,34767,2.34258e-07,365.413,42770.9,2.99668e-07,413.588,52327.9,8.28644e-08,468.111,63591.2,1e-08,529.814,76653.2,1e-08,599.642,91502.5,1e-08,678.662,107975,2.26339e-07,768.083,125705,3.69212e-07,869.267,144088,2.04077e-07,983.76,162277,1e-08,1113.3,179223,1e-08,1259.87,193777,1e-08,1425.68,204839,4.55555e-07,6.2823,3.27286,2.43537,0.219672,6.18826,2.24117,0.56371,6.87772,2.63624,0.308279,16,4,10,2,6,2,6,4,0,8,1,0,5,14,0,6,19,0,3,12,0,4,31,0,10,30,0,2,21,0,6,24,0,15,32,0,10,79,0,10,113,0,18,88,0,12,95,0,16,104,0,13,305,0,44,175,0,13,151,0,26,299,0,4,301,0,23,709,0,28,713,0,34,812,0,54,1155,0,59,1695,0,59,1182,0,33,1574,0,138,2300,0,120,4424,0,48,3548,0,98,4149,0,110,6699,0,182,4970,0,84,6635,0,112,8252,0,213,18870,0,281,16434,0,294,22106,0,182,51296,0,376,30151,0,617,57103,0,478,33986,0,595,93091,0,621,103773,0,558,110051,0,1006,348514,0,301,112614,0,790,130420,0,530,225349,0,1264,125459,0,1512,337068,0
-1.05176e+08,1,8.88811e-15,10,1023,0,1.05176e+08,0.528882,1.08665,0.389689,0.145397,0.379329,3.24381,0.161596,0.446195,1.77396,0.159177,1.15e+07,4.49998e+06,6.79999e+06,1.15e+07,4.49997e+06,6.79999e+06,1.15e+07,4.49996e+06,6.79999e+06,1.15e+07,4.49995e+06,6.79999e+06,1.14999e+07,4.49993e+06,6.79999e+06,1.14999e+07,4.49991e+06,6.79999e+06,1.14999e+07,4.49989e+06,6.79999e+06,1.14999e+07,4.49986e+06,6.79999e+06,1.14999e+07,4.49982e+06,6.79999e+06,1.14999e+07,4.49977e+06,6.79999e+06,1.14999e+07,4.49971e+06,6.79999e+06,1.14999e+07,4.49963e+06,6.79999e+06,1.14998e+07,4.49953e+06,6.79999e+06,1.14998e+07,4.49941e+06,6.79999e+06,1.14998e+07,4.49926e+06,6.79999e+06,1.14998e+07,4.49906e+06,6.79999e+06,1.14997e+07,4.49882e+06,6.79999e+06,1.14997e+07,4.49851e+06,6.79999e+06,1.14997e+07,4.49812e+06,6.79999e+06,1.14996e+07,4.49764e+06,6.79999e+06,1.14996e+07,4.49702e+06,6.79999e+06,1.14995e+07,4.49625e+06,6.79999e+06,1.14995e+07,4.49528e+06,6.79999e+06,1.14994e+07,4.49406e+06,6.79999e+06,1.14993e+07,4.49253e+06,6.79999e+06,1.14992e+07,4.49059e+06,6.79999e+06,1.14991e+07,4.48817e+06,6.79999e+06,1.1499e+07,4.48511e+06,6.79999e+06,1.14988e+07,4.48128e+06,6.79999e+06,1.14987e+07,4.47646e+06,6.79999e+06,1.14985e+07,4.47041e+06,6.79999e+06,1.14983e+07,4.46281e+06,6.79999e+06,1.14981e+07,4.4533e+06,6.79999e+06,1.14979e+07,4.44138e+06,6.79999e+06,1.14976e+07,4.42649e+06,6.79999e+06,1.14972e+07,4.40789e+06,6.79999e+06,1.14969e+07,4.38471e+06,6.79999e+06,1.14965e+07,4.35592e+06,6.79999e+06,1.1496e+07,4.32027e+06,6.79999e+06,1.14955e+07,4.27629e+06,6.79999e+06,1.14949e+07,4.22231e+06,6.79999e+06,1.14942e+07,4.15647e+06,6.79999e+06,1.14934e+07,4.07676e+06,6.79999e+06,1.14926e+07,3.98112e+06,6.79999e+06,1.14916e+07,3.86765e+06,6.79999e+06,1.14905e+07,3.73474e+06,6.79999e+06,1.14892e+07,3.58148e+06,6.79999e+06,1.14878e+07,3.40785e+06,6.79999e+06,1.14862e+07,3.21513e+06,6.79999e+06,1.14844e+07,3.00605e+06,6.79999e+06,1.14823e+07,2.7848e+06,6.79999e+06,1.148e+07,2.5568e+06,6.79999e+06,1.14773e+07,2.32825e+06,6.79999e+06,13.5742,8.52444,0.508366,16.8306,13.2585,0.162638,20.0035,17.569,0.0507846,23.2616,22.4214,0.0158319,26.7328,28.3297,0.00493498,30.5212,35.6974,0.00153831,34.7178,44.9473,0.000479527,39.4086,56.5822,0.000149456,44.6796,71.2245,4.66214e-05,50.6209,89.6543,1.45419e-05,57.3297,112.852,4.54748e-06,64.9129,142.051,1.43857e-06,73.4897,178.803,4.36618e-07,83.1934,225.062,1.40153e-07,94.1745,283.286,4.96378e-08,106.602,356.568,1.05434e-07,120.669,448.799,-6.49244e-08,136.59,564.873,1.70148e-07,154.611,710.948,-5.34594e-08,175.008,894.767,1.63407e-07,198.097,1126.06,8.04804e-08,224.231,1417.07,1.14667e-07,253.813,1783.15,-1.71227e-07,287.297,2243.62,-2.88466e-07,325.198,2822.67,-4.33651e-07,368.098,3550.67,7.9318e-08,416.657,4465.65,3.13319e-07,471.621,5615.16,3.4613e-07,533.835,7058.61,-1.19199e-07,604.255,8870.02,-2.79964e-07,683.962,11141.4,-2.30521e-07,774.182,13986.7,-2.55099e-07,876.299,17546.4,1.23585e-07,991.883,21993.1,1.41192e-07,1122.71,27536.7,-9.71886e-08,1270.78,34430.7,-3.68368e-07,1438.38,42977.7,-3.45379e-07,1628.07,53532.7,-3.25328e-09,1842.77,66504.6,2.6362e-07,2085.77,82350.2,2.53445e-07,2360.79,101560,-2.47407e-08,2672.05,124632,-3.80602e-07,3024.31,152018,-4.79005e-07,3422.98,184060,-1.14379e-07,3874.15,220884,2.64297e-07,4384.72,262283,3.44131e-07,4962.49,307576,7.5349e-08,5616.29,355497,-3.63097e-07,6356.1,404126,-6.05442e-07,7193.18,450932,-2.72333e-07,8140.28,492963,2.29675e-07,9211.79,527178,4.3387e-07,10424,550893,-1.0711e-07,10.102,8.06553,2.81012,10.6436,8.57909,0.869423,11.5336,10.2515,0.270869,12.7211,12.7138,0.0844293,14.1823,15.9373,0.0263173,15.9122,20.0383,0.0082035,17.9198,25.2154,0.00255722,20.2244,31.7373,0.000797017,22.8539,39.9486,0.000248622,25.8438,50.2851,7.75492e-05,29.237,63.2963,2.42508e-05,33.0837,79.6738,7.67162e-06,37.4415,100.288,2.32837e-06,42.3767,126.236,7.33e-07,47.9646,158.896,2.79256e-07,54.2906,200.003,9.87351e-09,61.452,251.741,1.61085e-07,69.5585,316.859,-2.47141e-07,78.7347,398.812,8.93552e-08,89.1218,501.948,-2.53231e-07,100.879,631.736,-1.25047e-07,114.188,795.049,-1.78808e-07,129.252,1000.53,2.6733e-07,146.304,1259.03,4.50292e-07,165.605,1584.19,6.76904e-07,187.452,1993.12,-1.23808e-07,212.181,2507.27,-4.89068e-07,240.173,3153.54,-5.40284e-07,271.856,3965.56,1.86061e-07,307.719,4985.38,4.37004e-07,348.313,6265.4,3.59828e-07,394.26,7870.83,3.98192e-07,446.268,9882.51,-1.92908e-07,505.135,12400.3,-2.20392e-07,571.766,15546.9,1.51705e-07,647.184,19472.2,5.74996e-07,732.547,24357.4,5.39112e-07,829.167,30420,5.07815e-09,938.526,37916.3,-4.11492e-07,1062.3,47143.9,-3.9561e-07,1202.4,58439.2,3.86185e-08,1360.96,72169.3,5.94093e-07,1540.42,88715.8,7.47693e-07,1743.53,108445,1.78537e-07,1973.41,131665,-4.12549e-07,2233.57,158557,-5.37164e-07,2528,189103,-1.17615e-07,2861.2,222986,5.66769e-07,3238.27,259510,9.45053e-07,3664.97,297540,4.25093e-07,4147.81,335497,-3.58506e-07,4694.17,371444,-6.7724e-07,5312.37,403256,1.67192e-07,1.61744,3.89446,9.84394,3.28846,7.5504,12.774,5.07607,11.7187,13.6844,7.03202,16.8147,13.9681,9.20215,23.1769,14.0566,11.6301,31.1672,14.0841,14.3598,41.2186,14.0927,17.4376,53.8688,14.0954,20.9137,69.7915,14.0962,24.8432,89.8341,14.0965,29.2879,115.063,14.0966,34.3168,146.819,14.0966,40.0078,186.792,14.0966,46.4487,237.107,14.0966,53.7388,300.44,14.0966,61.9903,380.158,14.0966,71.3301,480.499,14.0966,81.902,606.796,14.0966,93.8685,765.761,14.0966,107.414,965.837,14.0966,122.746,1217.65,14.0966,140.101,1534.57,14.0966,159.745,1933.41,14.0966,181.981,2435.3,14.0966,207.15,3066.85,14.0966,235.64,3861.46,14.0966,267.889,4861.11,14.0966,304.391,6118.54,14.0966,345.709,7699.91,14.0966,392.478,9688.22,14.0966,445.417,12187.5,14.0966,505.339,15327.7,14.0966,573.165,19271.6,14.0966,649.938,24222,14.0966,736.839,30430.9,14.0966,835.202,38211.5,14.0966,946.539,47950.3,14.0966,1072.56,60122.8,14.0966,1215.21,75309.9,14.0966,1376.66,94216.2,14.0966,1559.41,117688,14.0966,1766.26,146729,14.0966,2000.39,182510,14.0966,2265.39,226372,14.0966,2565.33,279806,14.0966,2904.81,344416,14.0966,3289.05,421845,14.0966,3723.93,513667,14.0966,4216.13,621231,14.0966,4773.18,745478,14.0966,5403.64,886744,14.0966,6117.15,1.04457e+06,14.0966,6924.63,1.2176e+06,14.0966,11.7194,11.96,12.6541,13.9321,16.1295,13.6434,16.6097,21.9702,13.9553,19.7532,29.5285,14.0526,23.3844,39.1143,14.0829,27.5423,51.2054,14.0923,32.2796,66.434,14.0953,37.662,85.6061,14.0962,43.7675,109.74,14.0965,50.687,140.119,14.0966,58.5249,178.359,14.0966,67.4005,226.493,14.0966,77.4493,287.08,14.0966,88.8254,363.343,14.0966,101.703,459.336,14.0966,116.281,580.161,14.0966,132.782,732.241,14.0966,151.46,923.655,14.0966,172.603,1164.57,14.0966,196.535,1467.79,14.0966,223.625,1849.39,14.0966,254.288,2329.62,14.0966,288.997,2933.93,14.0966,328.285,3694.33,14.0966,372.755,4651.04,14.0966,423.092,5854.57,14.0966,480.07,7368.38,14.0966,544.564,9272.08,14.0966,617.566,11665.5,14.0966,700.197,14673.6,14.0966,793.729,18452.9,14.0966,899.599,23198.6,14.0966,1019.43,29154.1,14.0966,1155.07,36622.3,14.0966,1308.6,45977.9,14.0966,1482.39,57683.7,14.0966,1679.09,72307.8,14.0966,1901.73,90542.8,14.0966,2153.73,113226,14.0966,2438.97,141360,14.0966,2761.81,176127,14.0966,3127.22,218898,14.0966,3540.81,271226,14.0966,4008.92,334817,14.0966,4538.74,411470,14.0966,5138.38,502973,14.0966,5817.04,610948,14.0966,6585.12,736653,14.0966,7454.39,880741,14.0966,8438.15,1.04302e+06,14.0966,9551.45,1.22224e+06,14.0966,10811.3,1.41602e+06,14.0966,12237,1.62086e+06,14.0966,11.7194,11.96,12.6541,2.21263,4.16949,0.989383,2.67766,5.84076,0.311842,3.14343,7.55825,0.0972771,3.63127,9.58578,0.0303237,4.15787,12.0912,0.00945211,4.73731,15.2286,0.00294633,5.38238,19.1721,0.000918508,6.10553,24.134,0.000286163,6.91951,30.3791,8.92692e-05,7.83792,38.2397,2.78121e-05,8.87555,48.1338,8.65134e-06,10.0489,60.5876,2.7882e-06,11.3761,76.2629,8.29036e-07,12.8779,95.9927,2.4373e-07,14.5775,120.825,4.33068e-09,16.5012,152.08,1.75749e-07,18.6784,191.415,-1.86328e-07,21.1428,240.917,1.91829e-07,23.9322,303.213,-1.81475e-07,27.0895,381.602,7.0186e-08,30.6634,480.231,-2.86769e-08,34.7087,604.316,2.40784e-07,39.2876,760.401,9.87368e-08,44.4705,956.705,1.22263e-07,50.3371,1203.54,-4.31966e-07,56.9776,1513.81,-1.9705e-07,64.494,1903.69,-2.763e-08,73.0018,2393.4,3.9185e-07,82.6317,3008.13,1.35379e-07,93.5318,3779.25,-4.16351e-08,105.869,4745.7,2.06965e-08,119.834,5955.6,-3.18887e-07,135.641,7468.12,-1.48271e-08,153.531,9355.62,2.00739e-07,173.781,11705.8,2.28358e-07,196.701,14624.1,-1.93587e-08,222.642,18235,-2.88101e-07,252.003,22683.4,-2.24732e-07,285.234,28134,8.56806e-09,322.845,34767,2.34258e-07,365.413,42770.9,2.99668e-07,413.588,52327.9,8.28644e-08,468.111,63591.2,-3.07049e-07,529.814,76653.2,-3.1888e-07,599.642,91502.5,-6.72276e-08,678.662,107975,2.26339e-07,768.083,125705,3.69212e-07,869.267,144088,2.04077e-07,983.76,162277,-2.80509e-07,1113.3,179223,-4.22737e-07,1259.87,193777,-1.71951e-07,1425.68,204839,4.55555e-07,11.7194,11.96,12.6541,2.21263,4.16949,0.989383,2.67766,5.84076,0.311842,3.14343,7.55825,0.0972771,3.63127,9.58578,0.0303237,4.15787,12.0912,0.00945211,4.73731,15.2286,0.00294633,5.38238,19.1721,0.000918508,6.10553,24.134,0.000286163,6.91951,30.3791,8.92692e-05,7.83792,38.2397,2.78121e-05,8.87555,48.1338,8.65134e-06,10.0489,60.5876,2.7882e-06,11.3761,76.2629,8.29036e-07,12.8779,95.9927,2.4373e-07,14.5775,120.825,1e-08,16.5012,152.08,1.75749e-07,18.6784,191.415,1e-08,21.1428,240.917,1.91829e-07,23.9322,303.213,1e-08,27.0895,381.602,7.0186e-08,30.6634,480.231,1e-08,34.7087,604.316,2.40784e-07,39.2876,760.401,9.87368e-08,44.4705,956.705,1.22263e-07,50.3371,1203.54,1e-08,56.9776,1513.81,1e-08,64.494,1903.69,1e-08,73.0018,2393.4,3.9185e-07,82.6317,3008.13,1.35379e-07,93.5318,3779.25,1e-08,105.869,4745.7,2.06965e-08,119.834,5955.6,1e-08,135.641,7468.12,1e-08,153.531,9355.62,2.00739e-07,173.781,11705.8,2.28358e-07,196.701,14624.1,1e-08,222.642,18235,1e-08,252.003,22683.4,1e-08,285.234,28134,1e-08,322.845,34767,2.34258e-07,365.413,42770.9,2.99668e-07,413.588,52327.9,8.28644e-08,468.111,63591.2,1e-08,529.814,76653.2,1e-08,599.642,91502.5,1e-08,678.662,107975,2.26339e-07,768.083,125705,3.69212e-07,869.267,144088,2.04077e-07,983.76,162277,1e-08,1113.3,179223,1e-08,1259.87,193777,1e-08,1425.68,204839,4.55555e-07,6.2823,3.27286,2.43537,0.219672,6.18826,2.24117,0.56371,6.87772,2.63624,0.308279,10,16,6,0,3,0,6,7,0,2,9,0,5,21,0,3,8,0,7,15,0,1,17,0,8,23,0,3,19,0,5,16,0,3,45,0,6,53,0,12,62,0,9,69,0,7,185,0,16,90,0,37,239,0,35,111,0,19,672,0,25,119,0,34,682,0,15,858,0,39,1132,0,47,819,0,40,1967,0,110,1193,0,50,3880,0,125,3340,0,119,4792,0,123,2987,0,111,4122,0,127,4374,0,140,9519,0,124,10285,0,223,20081,0,247,8993,0,147,33477,0,307,24500,0,352,10024,0,396,35691,0,376,55656,0,635,66038,0,331,28718,0,315,84292,0,662,81740,0,296,138600,0,614,159145,0,684,126112,0,937,160567,0,714,155436,0,481,175675,0,802,261361,0
-1.05176e+08,1,8.88811e-15,10,1023,0,1.05176e+08,0.528882,1.08665,0.389689,0.145397,0.379329,3.24381,0.161596,0.446195,1.77396,0.159177,1.15e+07,4.49998e+06,6.79999e+06,1.15e+07,4.49997e+06,6.79999e+06,1.15e+07,4.49996e+06,6.79999e+06,1.15e+07,4.49995e+06,6.79999e+06,1.14999e+07,4.49993e+06,6.79999e+06,1.14999e+07,4.49991e+06,6.79999e+06,1.14999e+07,4.49989e+06,6.79999e+06,1.14999e+07,4.49986e+06,6.79999e+06,1.14999e+07,4.49982e+06,6.79999e+06,1.14999e+07,4.49977e+06,6.79999e+06,1.14999e+07,4.49971e+06,6.79999e+06,1.14999e+07,4.49963e+06,6.79999e+06,1.14998e+07,4.49953e+06,6.79999e+06,1.14998e+07,4.49941e+06,6.79999e+06,1.14998e+07,4.49926e+06,6.79999e+06,1.14998e+07,4.49906e+06,6.79999e+06,1.14997e+07,4.49882e+06,6.79999e+06,1.14997e+07,4.49851e+06,6.79999e+06,1.14997e+07,4.49812e+06,6.79999e+06,1.14996e+07,4.49764e+06,6.79999e+06,1.14996e+07,4.49702e+06,6.79999e+06,1.14995e+07,4.49625e+06,6.79999e+06,1.14995e+07,4.49528e+06,6.79999e+06,1.14994e+07,4.49406e+06,6.79999e+06,1.14993e+07,4.49253e+06,6.79999e+06,1.14992e+07,4.49059e+06,6.79999e+06,1.14991e+07,4.48817e+06,6.79999e+06,1.1499e+07,4.48511e+06,6.79999e+06,1.14988e+07,4.48128e+06,6.79999e+06,1.14987e+07,4.47646e+06,6.79999e+06,1.14985e+07,4.47041e+06,6.79999e+06,1.14983e+07,4.46281e+06,6.79999e+06,1.14981e+07,4.4533e+06,6.79999e+06,1.14979e+07,4.44138e+06,6.79999e+06,1.14976e+07,4.42649e+06,6.79999e+06,1.14972e+07,4.40789e+06,6.79999e+06,1.14969e+07,4.38471e+06,6.79999e+06,1.14965e+07,4.35592e+06,6.79999e+06,1.1496e+07,4.32027e+06,6.79999e+06,1.14955e+07,4.27629e+06,6.79999e+06,1.14949e+07,4.22231e+06,6.79999e+06,1.14942e+07,4.15647e+06,6.79999e+06,1.14934e+07,4.07676e+06,6.79999e+06,1.14926e+07,3.98112e+06,6.79999e+06,1.14916e+07,3.86765e+06,6.79999e+06,1.14905e+07,3.73474e+06,6.79999e+06,1.14892e+07,3.58148e+06,6.79999e+06,1.14878e+07,3.40785e+06,6.79999e+06,1.14862e+07,3.21513e+06,6.79999e+06,1.14844e+07,3.00605e+06,6.79999e+06,1.14823e+07,2.7848e+06,6.79999e+06,1.148e+07,2.5568e+06,6.79999e+06,1.14773e+07,2.32825e+06,6.79999e+06,13.5742,8.52444,0.508366,16.8306,13.2585,0.162638,20.0035,17.569,0.0507846,23.2616,22.4214,0.0158319,26.7328,28.3297,0.00493498,30.5212,35.6974,0.00153831,34.7178,44.9473,0.000479527,39.4086,56.5822,0.000149456,44.6796,71.2245,4.66214e-05,50.6209,89.6543,1.45419e-05,57.3297,112.852,4.54748e-06,64.9129,142.051,1.43857e-06,73.4897,178.803,4.36618e-07,83.1934,225.062,1.40153e-07,94.1745,283.286,4.96378e-08,106.602,356.568,1.05434e-07,120.669,448.799,-6.49244e-08,136.59,564.873,1.70148e-07,154.611,710.948,-5.34594e-08,175.008,894.767,1.63407e-07,198.097,1126.06,8.04804e-08,224.231,1417.07,1.14667e-07,253.813,1783.15,-1.71227e-07,287.297,2243.62,-2.88466e-07,325.198,2822.67,-4.33651e-07,368.098,3550.67,7.9318e-08,416.657,4465.65,3.13319e-07,471.621,5615.16,3.4613e-07,533.835,7058.61,-1.19199e-07,604.255,8870.02,-2.79964e-07,683.962,11141.4,-2.30521e-07,774.182,13986.7,-2.55099e-07,876.299,17546.4,1.23585e-07,991.883,21993.1,1.41192e-07,1122.71,27536.7,-9.71886e-08,1270.78,34430.7,-3.68368e-07,1438.38,42977.7,-3.45379e-07,1628.07,53532.7,-3.25328e-09,1842.77,66504.6,2.6362e-07,2085.77,82350.2,2.53445e-07,2360.79,101560,-2.47407e-08,2672.05,124632,-3.80602e-07,3024.31,152018,-4.79005e-07,3422.98,184060,-1.14379e-07,3874.15,220884,2.64297e-07,4384.72,262283,3.44131e-07,4962.49,307576,7.5349e-08,5616.29,355497,-3.63097e-07,6356.1,404126,-6.05442e-07,7193.18,450932,-2.72333e-07,8140.28,492963,2.29675e-07,9211.79,527178,4.3387e-07,10424,550893,-1.0711e-07,10.102,8.06553,2.81012,10.6436,8.57909,0.869423,11.5336,10.2515,0.270869,12.7211,12.7138,0.0844293,14.1823,15.9373,0.0263173,15.9122,20.0383,0.0082035,17.9198,25.2154,0.00255722,20.2244,31.7373,0.000797017,22.8539,39.9486,0.000248622,25.8438,50.2851,7.75492e-05,29.237,63.2963,2.42508e-05,33.0837,79.6738,7.67162e-06,37.4415,100.288,2.32837e-06,42.3767,126.236,7.33e-07,47.9646,158.896,2.79256e-07,54.2906,200.003,9.87351e-09,61.452,251.741,1.61085e-07,69.5585,316.859,-2.47141e-07,78.7347,398.812,8.93552e-08,89.1218,501.948,-2.53231e-07,100.879,631.736,-1.25047e-07,114.188,795.049,-1.78808e-07,129.252,1000.53,2.6733e-07,146.304,1259.03,4.50292e-07,165.605,1584.19,6.76904e-07,187.452,1993.12,-1.23808e-07,212.181,2507.27,-4.89068e-07,240.173,3153.54,-5.40284e-07,271.856,3965.56,1.86061e-07,307.719,4985.38,4.37004e-07,348.313,6265.4,3.59828e-07,394.26,7870.83,3.98192e-07,446.268,9882.51,-1.92908e-07,505.135,12400.3,-2.20392e-07,571.766,15546.9,1.51705e-07,647.184,19472.2,5.74996e-07,732.547,24357.4,5.39112e-07,829.167,30420,5.07815e-09,938.526,37916.3,-4.11492e-07,1062.3,47143.9,-3.9561e-07,1202.4,58439.2,3.86185e-08,1360.96,72169.3,5.94093e-07,1540.42,88715.8,7.47693e-07,1743.53,108445,1.78537e-07,1973.41,131665,-4.12549e-07,2233.57,158557,-5.37164e-07,2528,189103,-1.17615e-07,2861.2,222986,5.66769e-07,3238.27,259510,9.45053e-07,3664.97,297540,4.25093e-07,4147.81,335497,-3.58506e-07,4694.17,371444,-6.7724e-07,5312.37,403256,1.67192e-07,1.61744,3.89446,9.84394,3.28846,7.5504,12.774,5.07607,11.7187,13.6844,7.03202,16.8147,13.9681,9.20215,23.1769,14.0566,11.6301,31.1672,14.0841,14.3598,41.2186,14.0927,17.4376,53.8688,14.0954,20.9137,69.7915,14.0962,24.8432,89.8341,14.0965,29.2879,115.063,14.0966,34.3168,146.819,14.0966,40.0078,186.792,14.0966,46.4487,237.107,14.0966,53.7388,300.44,14.0966,61.9903,380.158,14.0966,71.3301,480.499,14.0966,81.902,606.796,14.0966,93.8685,765.761,14.0966,107.414,965.837,14.0966,122.746,1217.65,14.0966,140.101,1534.57,14.0966,159.745,1933.41,14.0966,181.981,2435.3,14.0966,207.15,3066.85,14.0966,235.64,3861.46,14.0966,267.889,4861.11,14.0966,304.391,6118.54,14.0966,345.709,7699.91,14.0966,392.478,9688.22,14.0966,445.417,12187.5,14.0966,505.339,15327.7,14.0966,573.165,19271.6,14.0966,649.938,24222,14.0966,736.839,30430.9,14.0966,835.202,38211.5,14.0966,946.539,47950.3,14.0966,1072.56,60122.8,14.0966,1215.21,75309.9,14.0966,1376.66,94216.2,14.0966,1559.41,117688,14.0966,1766.26,146729,14.0966,2000.39,182510,14.0966,2265.39,226372,14.0966,2565.33,279806,14.0966,2904.81,344416,14.0966,3289.05,421845,14.0966,3723.93,513667,14.0966,4216.13,621231,14.0966,4773.18,745478,14.0966,5403.64,886744,14.0966,6117.15,1.04457e+06,14.0966,6924.63,1.2176e+06,14.0966,11.7194,11.96,12.6541,13.9321,16.1295,13.6434,16.6097,21.9702,13.9553,19.7532,29.5285,14.0526,23.3844,39.1143,14.0829,27.5423,51.2054,14.0923,32.2796,66.434,14.0953,37.662,85.6061,14.0962,43.7675,109.74,14.0965,50.687,140.119,14.0966,58.5249,178.359,14.0966,67.4005,226.493,14.0966,77.4493,287.08,14.0966,88.8254,363.343,14.0966,101.703,459.336,14.0966,116.281,580.161,14.0966,132.782,732.241,14.0966,151.46,923.655,14.0966,172.603,1164.57,14.0966,196.535,1467.79,14.0966,223.625,1849.39,14.0966,254.288,2329.62,14.0966,288.997,2933.93,14.0966,328.285,3694.33,14.0966,372.755,4651.04,14.0966,423.092,5854.57,14.0966,480.07,7368.38,14.0966,544.564,9272.08,14.0966,617.566,11665.5,14.0966,700.197,14673.6,14.0966,793.729,18452.9,14.0966,899.599,23198.6,14.0966,1019.43,29154.1,14.0966,1155.07,36622.3,14.0966,1308.6,45977.9,14.0966,1482.39,57683.7,14.0966,1679.09,72307.8,14.0966,1901.73,90542.8,14.0966,2153.73,113226,14.0966,2438.97,141360,14.0966,2761.81,176127,14.0966,3127.22,218898,14.0966,3540.81,271226,14.0966,4008.92,334817,14.0966,4538.74,411470,14.0966,5138.38,502973,14.0966,5817.04,610948,14.0966,6585.12,736653,14.0966,7454.39,880741,14.0966,8438.15,1.04302e+06,14.0966,9551.45,1.22224e+06,14.0966,10811.3,1.41602e+06,14.0966,12237,1.62086e+06,14.0966,11.7194,11.96,12.6541,2.21263,4.16949,0.989383,2.67766,5.84076,0.311842,3.14343,7.55825,0.0972771,3.63127,9.58578,0.0303237,4.15787,12.0912,0.00945211,4.73731,15.2286,0.00294633,5.38238,19.1721,0.000918508,6.10553,24.134,0.000286163,6.91951,30.3791,8.92692e-05,7.83792,38.2397,2.78121e-05,8.87555,48.1338,8.65134e-06,10.0489,60.5876,2.7882e-06,11.3761,76.2629,8.29036e-07,12.8779,95.9927,2.4373e-07,14.5775,120.825,4.33068e-09,16.5012,152.08,1.75749e-07,18.6784,191.415,-1.86328e-07,21.1428,240.917,1.91829e-07,23.9322,303.213,-1.81475e-07,27.0895,381.602,7.0186e-08,30.6634,480.231,-2.86769e-08,34.7087,604.316,2.40784e-07,39.2876,760.401,9.87368e-08,44.4705,956.705,1.22263e-07,50.3371,1203.54,-4.31966e-07,56.9776,1513.81,-1.9705e-07,64.494,1903.69,-2.763e-08,73.0018,2393.4,3.9185e-07,82.6317,3008.13,1.35379e-07,93.5318,3779.25,-4.16351e-08,105.869,4745.7,2.06965e-08,119.834,5955.6,-3.18887e-07,135.641,7468.12,-1.48271e-08,153.531,9355.62,2.00739e-07,173.781,11705.8,2.28358e-07,196.701,14624.1,-1.93587e-08,222.642,18235,-2.88101e-07,252.003,22683.4,-2.24732e-07,285.234,28134,8.56806e-09,322.845,34767,2.34258e-07,365.413,42770.9,2.99668e-07,413.588,52327.9,8.28644e-08,468.111,63591.2,-3.07049e-07,529.814,76653.2,-3.1888e-07,599.642,91502.5,-6.72276e-08,678.662,107975,2.26339e-07,768.083,125705,3.69212e-07,869.267,144088,2.04077e-07,983.76,162277,-2.80509e-07,1113.3,179223,-4.22737e-07,1259.87,193777,-1.71951e-07,1425.68,204839,4.55555e-07,11.7194,11.96,12.6541,2.21263,4.16949,0.989383,2.67766,5.84076,0.311842,3.14343,7.55825,0.0972771,3.63127,9.58578,0.0303237,4.15787,12.0912,0.00945211,4.73731,15.2286,0.00294633,5.38238,19.1721,0.000918508,6.10553,24.134,0.000286163,6.91951,30.3791,8.92692e-05,7.83792,38.2397,2.78121e-05,8.87555,48.1338,8.65134e-06,10.0489,60.5876,2.7882e-06,11.3761,76.2629,8.29036e-07,12.8779,95.9927,2.4373e-07,14.5775,120.825,1e-08,16.5012,152.08,1.75749e-07,18.6784,191.415,1e-08,21.1428,240.917,1.91829e-07,23.9322,303.213,1e-08,27.0895,381.602,7.0186e-08,30.6634,480.231,1e-08,34.7087,604.316,2.40784e-07,39.2876,760.401,9.87368e-08,44.4705,956.705,1.22263e-07,50.3371,1203.54,1e-08,56.9776,1513.81,1e-08,64.494,1903.69,1e-08,73.0018,2393.4,3.9185e-07,82.6317,3008.13,1.35379e-07,93.5318,3779.25,1e-08,105.869,4745.7,2.06965e-08,119.834,5955.6,1e-08,135.641,7468.12,1e-08,153.531,9355.62,2.00739e-07,173.781,11705.8,2.28358e-07,196.701,14624.1,1e-08,222.642,18235,1e-08,252.003,22683.4,1e-08,285.234,28134,1e-08,322.845,34767,2.34258e-07,365.413,42770.9,2.99668e-07,413.588,52327.9,8.28644e-08,468.111,63591.2,1e-08,529.814,76653.2,1e-08,599.642,91502.5,1e-08,678.662,107975,2.26339e-07,768.083,125705,3.69212e-07,869.267,144088,2.04077e-07,983.76,162277,1e-08,1113.3,179223,1e-08,1259.87,193777,1e-08,1425.68,204839,4.55555e-07,6.2823,3.27286,2.43537,0.219672,6.18826,2.24117,0.56371,6.87772,2.63624,0.308279,6,12,9,1,6,0,3,5,0,6,3,0,2,11,0,6,13,0,6,4,0,5,8,0,5,30,0,14,14,0,4,43,0,9,59,0,4,67,0,5,20,0,10,86,0,14,68,0,14,117,0,17,392,0,14,299,0,27,119,0,25,348,0,17,501,0,35,698,0,54,661,0,51,566,0,58,1445,0,84,1831,0,61,2533,0,71,1884,0,40,3244,0,79,3884,0,103,5421,0,95,6709,0,70,4461,0,91,8029,0,136,12719,0,210,9466,0,307,21167,0,439,30150,0,346,32664,0,226,58061,0,366,32622,0,250,48266,0,356,57215,0,567,81060,0,724,55503,0,765,72919,0,772,132608,0,1354,161742,0,750,142163,0,1175,212585,0,1146,121483,0,1925,155002,0
-1.05176e+08,1,8.88811e-15,10,1023,0,1.05176e+08,0.528882,1.08665,0.389689,0.145397,0.379329,3.24381,0.161596,0.446195,1.77396,0.159177,1.15e+07,4.49998e+06,6.79999e+06,1.15e+07,4.49997e+06,6.79999e+06,1.15e+07,4.49996e+06,6.79999e+06,1.15e+07,4.49995e+06,6.79999e+06,1.14999e+07,4.49993e+06,6.79999e+06,1.14999e+07,4.49991e+06,6.79999e+06,1.14999e+07,4.49989e+06,6.79999e+06,1.14999e+07,4.49986e+06,6.79999e+06,1.14999e+07,4.49982e+06,6.79999e+06,1.14999e+07,4.49977e+06,6.79999e+06,1.14999e+07,4.49971e+06,6.79999e+06,1.14999e+07,4.49963e+06,6.79999e+06,1.14998e+07,4.49953e+06,6.79999e+06,1.14998e+07,4.49941e+06,6.79999e+06,1.14998e+07,4.49926e+06,6.79999e+06,1.14998e+07,4.49906e+06,6.79999e+06,1.14997e+07,4.49882e+06,6.79999e+06,1.14997e+07,4.49851e+06,6.79999e+06,1.14997e+07,4.49812e+06,6.79999e+06,1.14996e+07,4.49764e+06,6.79999e+06,1.14996e+07,4.49702e+06,6.79999e+06,1.14995e+07,4.49625e+06,6.79999e+06,1.14995e+07,4.49528e+06,6.79999e+06,1.14994e+07,4.49406e+06,6.79999e+06,1.14993e+07,4.49253e+06,6.79999e+06,1.14992e+07,4.49059e+06,6.79999e+06,1.14991e+07,4.48817e+06,6.79999e+06,1.1499e+07,4.48511e+06,6.79999e+06,1.14988e+07,4.48128e+06,6.79999e+06,1.14987e+07,4.47646e+06,6.79999e+06,1.14985e+07,4.47041e+06,6.79999e+06,1.14983e+07,4.46281e+06,6.79999e+06,1.14981e+07,4.4533e+06,6.79999e+06,1.14979e+07,4.44138e+06,6.79999e+06,1.14976e+07,4.42649e+06,6.79999e+06,1.14972e+07,4.40789e+06,6.79999e+06,1.14969e+07,4.38471e+06,6.79999e+06,1.14965e+07,4.35592e+06,6.79999e+06,1.1496e+07,4.32027e+06,6.79999e+06,1.14955e+07,4.27629e+06,6.79999e+06,1.14949e+07,4.22231e+06,6.79999e+06,1.14942e+07,4.15647e+06,6.79999e+06,1.14934e+07,4.07676e+06,6.79999e+06,1.14926e+07,3.98112e+06,6.79999e+06,1.14916e+07,3.86765e+06,6.79999e+06,1.14905e+07,3.73474e+06,6.79999e+06,1.14892e+07,3.58148e+06,6.79999e+06,1.14878e+07,3.40785e+06,6.79999e+06,1.14862e+07,3.21513e+06,6.79999e+06,1.14844e+07,3.00605e+06,6.79999e+06,1.14823e+07,2.7848e+06,6.79999e+06,1.148e+07,2.5568e+06,6.79999e+06,1.14773e+07,2.32825e+06,6.79999e+06,13.5742,8.52444,0.508366,16.8306,13.2585,0.162638,20.0035,17.569,0.0507846,23.2616,22.4214,0.0158319,26.7328,28.3297,0.00493498,30.5212,35.6974,0.00153831,34.7178,44.9473,0.000479527,39.4086,56.5822,0.000149456,44.6796,71.2245,4.66214e-05,50.6209,89.6543,1.45419e-05,57.3297,112.852,4.54748e-06,64.9129,142.051,1.43857e-06,73.4897,178.803,4.36618e-07,83.1934,225.062,1.40153e-07,94.1745,283.286,4.96378e-08,106.602,356.568,1.05434e-07,120.669,448.799,-6.49244e-08,136.59,564.873,1.70148e-07,154.611,710.948,-5.34594e-08,175.008,894.767,1.63407e-07,198.097,1126.06,8.04804e-08,224.231,1417.07,1.14667e-07,253.813,1783.15,-1.71227e-07,287.297,2243.62,-2.88466e-07,325.198,2822.67,-4.33651e-07,368.098,3550.67,7.9318e-08,416.657,4465.65,3.13319e-07,471.621,5615.16,3.4613e-07,533.835,7058.61,-1.19199e-07,604.255,8870.02,-2.79964e-07,683.962,11141.4,-2.30521e-07,774.182,13986.7,-2.55099e-07,876.299,17546.4,1.23585e-07,991.883,21993.1,1.41192e-07,1122.71,27536.7,-9.71886e-08,1270.78,34430.7,-3.68368e-07,1438.38,42977.7,-3.45379e-07,1628.07,53532.7,-3.25328e-09,1842.77,66504.6,2.6362e-07,2085.77,82350.2,2.53445e-07,2360.79,101560,-2.47407e-08,2672.05,124632,-3.80602e-07,3024.31,152018,-4.79005e-07,3422.98,184060,-1.14379e-07,3874.15,220884,2.64297e-07,4384.72,262283,3.44131e-07,4962.49,307576,7.5349e-08,5616.29,355497,-3.63097e-07,6356.1,404126,-6.05442e-07,7193.18,450932,-2.72333e-07,8140.28,492963,2.29675e-07,9211.79,527178,4.3387e-07,10424,550893,-1.0711e-07,10.102,8.06553,2.81012,10.6436,8.57909,0.869423,11.5336,10.2515,0.270869,12.7211,12.7138,0.0844293,14.1823,15.9373,0.0263173,15.9122,20.0383,0.0082035,17.9198,25.2154,0.00255722,20.2244,31.7373,0.000797017,22.8539,39.9486,0.000248622,25.8438,50.2851,7.75492e-05,29.237,63.2963,2.42508e-05,33.0837,79.6738,7.67162e-06,37.4415,100.288,2.32837e-06,42.3767,126.236,7.33e-07,47.9646,158.896,2.79256e-07,54.2906,200.003,9.87351e-09,61.452,251.741,1.61085e-07,69.5585,316.859,-2.47141e-07,78.7347,398.812,8.93552e-08,89.1218,501.948,-2.53231e-07,100.879,631.736,-1.25047e-07,114.188,795.049,-1.78808e-07,129.252,1000.53,2.6733e-07,146.304,1259.03,4.50292e-07,165.605,1584.19,6.76904e-07,187.452,1993.12,-1.23808e-07,212.181,2507.27,-4.89068e-07,240.173,3153.54,-5.40284e-07,271.856,3965.56,1.86061e-07,307.719,4985.38,4.37004e-07,348.313,6265.4,3.59828e-07,394.26,7870.83,3.98192e-07,446.268,9882.51,-1.92908e-07,505.135,12400.3,-2.20392e-07,571.766,15546.9,1.51705e-07,647.184,19472.2,5.74996e-07,732.547,24357.4,5.39112e-07,829.167,30420,5.07815e-09,938.526,37916.3,-4.11492e-07,1062.3,47143.9,-3.9561e-07,1202.4,58439.2,3.86185e-08,1360.96,72169.3,5.94093e-07,1540.42,88715.8,7.47693e-07,1743.53,108445,1.78537e-07,1973.41,131665,-4.12549e-07,2233.57,158557,-5.37164e-07,2528,189103,-1.17615e-07,2861.2,222986,5.66769e-07,3238.27,259510,9.45053e-07,3664.97,297540,4.25093e-07,4147.81,335497,-3.58506e-07,4694.17,371444,-6.7724e-07,5312.37,403256,1.67192e-07,1.61744,3.89446,9.84394,3.28846,7.5504,12.774,5.07607,11.7187,13.6844,7.03202,16.8147,13.9681,9.20215,23.1769,14.0566,11.6301,31.1672,14.0841,14.3598,41.2186,14.0927,17.4376,53.8688,14.0954,20.9137,69.7915,14.0962,24.8432,89.8341,14.0965,29.2879,115.063,14.0966,34.3168,146.819,14.0966,40.0078,186.792,14.0966,46.4487,237.107,14.0966,53.7388,300.44,14.0966,61.9903,380.158,14.0966,71.3301,480.499,14.0966,81.902,606.796,14.0966,93.8685,765.761,14.0966,107.414,965.837,14.0966,122.746,1217.65,14.0966,140.101,1534.57,14.0966,159.745,1933.41,14.0966,181.981,2435.3,14.0966,207.15,3066.85,14.0966,235.64,3861.46,14.0966,267.889,4861.11,14.0966,304.391,6118.54,14.0966,345.709,7699.91,14.0966,392.478,9688.22,14.0966,445.417,12187.5,14.0966,505.339,15327.7,14.0966,573.165,19271.6,14.0966,649.938,24222,14.0966,736.839,30430.9,14.0966,835.202,38211.5,14.0966,946.539,47950.3,14.0966,1072.56,60122.8,14.0966,1215.21,75309.9,14.0966,1376.66,94216.2,14.0966,1559.41,117688,14.0966,1766.26,146729,14.0966,2000.39,182510,14.0966,2265.39,226372,14.0966,2565.33,279806,14.0966,2904.81,344416,14.0966,3289.05,421845,14.0966,3723.93,513667,14.0966,4216.13,621231,14.0966,4773.18,745478,14.0966,5403.64,886744,14.0966,6117.15,1.04457e+06,14.0966,6924.63,1.2176e+06,14.0966,11.7194,11.96,12.6541,13.9321,16.1295,13.6434,16.6097,21.9702,13.9553,19.7532,29.5285,14.0526,23.3844,39.1143,14.0829,27.5423,51.2054,14.0923,32.2796,66.434,14.0953,37.662,85.6061,14.0962,43.7675,109.74,14.0965,50.687,140.119,14.0966,58.5249,178.359,14.0966,67.4005,226.493,14.0966,77.4493,287.08,14.0966,88.8254,363.343,14.0966,101.703,459.336,14.0966,116.281,580.161,14.0966,132.782,732.241,14.0966,151.46,923.655,14.0966,172.603,1164.57,14.0966,196.535,1467.79,14.0966,223.625,1849.39,14.0966,254.288,2329.62,14.0966,288.997,2933.93,14.0966,328.285,3694.33,14.0966,372.755,4651.04,14.0966,423.092,5854.57,14.0966,480.07,7368.38,14.0966,544.564,9272.08,14.0966,617.566,11665.5,14.0966,700.197,14673.6,14.0966,793.729,18452.9,14.0966,899.599,23198.6,14.0966,1019.43,29154.1,14.0966,1155.07,36622.3,14.0966,1308.6,45977.9,14.0966,1482.39,57683.7,14.0966,1679.09,72307.8,14.0966,1901.73,90542.8,14.0966,2153.73,113226,14.0966,2438.97,141360,14.0966,2761.81,176127,14.0966,3127.22,218898,14.0966,3540.81,271226,14.0966,4008.92,334817,14.0966,4538.74,411470,14.0966,5138.38,502973,14.0966,5817.04,610948,14.0966,6585.12,736653,14.0966,7454.39,880741,14.0966,8438.15,1.04302e+06,14.0966,9551.45,1.22224e+06,14.0966,10811.3,1.41602e+06,14.0966,12237,1.62086e+06,14.0966,11.7194,11.96,12.6541,2.21263,4.16949,0.989383,2.67766,5.84076,0.311842,3.14343,7.55825,0.0972771,3.63127,9.58578,0.0303237,4.15787,12.0912,0.00945211,4.73731,15.2286,0.00294633,5.38238,19.1721,0.000918508,6.10553,24.134,0.000286163,6.91951,30.3791,8.92692e-05,7.83792,38.2397,2.78121e-05,8.87555,48.1338,8.65134e-06,10.0489,60.5876,2.7882e-06,11.3761,76.2629,8.29036e-07,12.8779,95.9927,2.4373e-07,14.5775,120.825,4.33068e-09,16.5012,152.08,1.75749e-07,18.6784,191.415,-1.86328e-07,21.1428,240.917,1.91829e-07,23.9322,303.213,-1.81475e-07,27.0895,381.602,7.0186e-08,30.6634,480.231,-2.86769e-08,34.7087,604.316,2.40784e-07,39.2876,760.401,9.87368e-08,44.4705,956.705,1.22263e-07,50.3371,1203.54,-4.31966e-07,56.9776,1513.81,-1.9705e-07,64.494,1903.69,-2.763e-08,73.0018,2393.4,3.9185e-07,82.6317,3008.13,1.35379e-07,93.5318,3779.25,-4.16351e-08,105.869,4745.7,2.06965e-08,119.834,5955.6,-3.18887e-07,135.641,7468.12,-1.48271e-08,153.531,9355.62,2.00739e-07,173.781,11705.8,2.28358e-07,196.701,14624.1,-1.93587e-08,222.642,18235,-2.88101e-07,252.003,22683.4,-2.24732e-07,285.234,28134,8.56806e-09,322.845,34767,2.34258e-07,365.413,42770.9,2.99668e-07,413.588,52327.9,8.28644e-08,468.111,63591.2,-3.07049e-07,529.814,76653.2,-3.1888e-07,599.642,91502.5,-6.72276e-08,678.662,107975,2.26339e-07,768.083,125705,3.69212e-07,869.267,144088,2.04077e-07,983.76,162277,-2.80509e-07,1113.3,179223,-4.22737e-07,1259.87,193777,-1.71951e-07,1425.68,204839,4.55555e-07,11.7194,11.96,12.6541,2.21263,4.16949,0.989383,2.67766,5.84076,0.311842,3.14343,7.55825,0.0972771,3.63127,9.58578,0.0303237,4.15787,12.0912,0.00945211,4.73731,15.2286,0.00294633,5.38238,19.1721,0.000918508,6.10553,24.134,0.000286163,6.91951,30.3791,8.92692e-05,7.83792,38.2397,2.78121e-05,8.87555,48.1338,8.65134e-06,10.0489,60.5876,2.7882e-06,11.3761,76.2629,8.29036e-07,12.8779,95.9927,2.4373e-07,14.5775,120.825,1e-08,16.5012,152.08,1.75749e-07,18.6784,191.415,1e-08,21.1428,240.917,1.91829e-07,23.9322,303.213,1e-08,27.0895,381.602,7.0186e-08,30.6634,480.231,1e-08,34.7087,604.316,2.40784e-07,39.2876,760.401,9.87368e-08,44.4705,956.705,1.22263e-07,50.3371,1203.54,1e-08,56.9776,1513.81,1e-08,64.494,1903.69,1e-08,73.0018,2393.4,3.9185e-07,82.6317,3008.13,1.35379e-07,93.5318,3779.25,1e-08,105.869,4745.7,2.06965e-08,119.834,5955.6,1e-08,135.641,7468.12,1e-08,153.531,9355.62,2.00739e-07,173.781,11705.8,2.28358e-07,196.701,14624.1,1e-08,222.642,18235,1e-08,252.003,22683.4,1e-08,285.234,28134,1e-08,322.845,34767,2.34258e-07,365.413,42770.9,2.99668e-07,413.588,52327.9,8.28644e-08,468.111,63591.2,1e-08,529.814,76653.2,1e-08,599.642,91502.5,1e-08,678.662,107975,2.26339e-07,768.083,125705,3.69212e-07,869.267,144088,2.04077e-07,983.76,162277,1e-08,1113.3,179223,1e-08,1259.87,193777,1e-08,1425.68,204839,4.55555e-07,6.2823,3.27286,2.43537,0.219672,6.18826,2.24117,0.56371,6.87772,2.63624,0.308279,13,4,21,1,3,1,5,12,0,2,17,0,2,9,0,1,10,0,3,8,0,2,18,0,6,25,0,11,31,0,10,23,0,6,31,0,10,94,0,10,48,0,9,57,0,17,101,0,15,172,0,12,220,0,20,334,0,15,381,0,10,78,0,24,607,0,22,277,0,35,499,0,24,630,0,65,1323,0,72,1251,0,54,1934,0,38,1776,0,43,2334,0,91,1538,0,56,3305,0,47,6118,0,129,5709,0,163,11327,0,195,14259,0,129,15740,0,109,13008,0,496,16144,0,308,14960,0,378,31951,0,320,71606,0,286,27879,0,610,91482,0,800,91997,0,596,119812,0,854,136077,0,171,194333,0,432,102540,0,1215,303667,0,1362,176495,0,871,246279,0,1755,354104,0
-1.05176e+08,1,8.88811e-15,10,1023,0,1.05176e+08,0.528882,1.08665,0.389689,0.145397,0.379329,3.24381,0.161596,0.446195,1.77396,0.159177,1.15e+07,4.49998e+06,6.79999e+06,1.15e+07,4.49997e+06,6.79999e+06,1.15e+07,4.49996e+06,6.79999e+06,1.15e+07,4.49995e+06,6.79999e+06,1.14999e+07,4.49993e+06,6.79999e+06,1.14999e+07,4.49991e+06,6.79999e+06,1.14999e+07,4.49989e+06,6.79999e+06,1.14999e+07,4.49986e+06,6.79999e+06,1.14999e+07,4.49982e+06,6.79999e+06,1.14999e+07,4.49977e+06,6.79999e+06,1.14999e+07,4.49971e+06,6.79999e+06,1.14999e+07,4.49963e+06,6.79999e+06,1.14998e+07,4.49953e+06,6.79999e+06,1.14998e+07,4.49941e+06,6.79999e+06,1.14998e+07,4.49926e+06,6.79999e+06,1.14998e+07,4.49906e+06,6.79999e+06,1.14997e+07,4.49882e+06,6.79999e+06,1.14997e+07,4.49851e+06,6.79999e+06,1.14997e+07,4.49812e+06,6.79999e+06,1.14996e+07,4.49764e+06,6.79999e+06,1.14996e+07,4.49702e+06,6.79999e+06,1.14995e+07,4.49625e+06,6.79999e+06,1.14995e+07,4.49528e+06,6.79999e+06,1.14994e+07,4.49406e+06,6.79999e+06,1.14993e+07,4.49253e+06,6.79999e+06,1.14992e+07,4.49059e+06,6.79999e+06,1.14991e+07,4.48817e+06,6.79999e+06,1.1499e+07,4.48511e+06,6.79999e+06,1.14988e+07,4.48128e+06,6.79999e+06,1.14987e+07,4.47646e+06,6.79999e+06,1.14985e+07,4.47041e+06,6.79999e+06,1.14983e+07,4.46281e+06,6.79999e+06,1.14981e+07,4.4533e+06,6.79999e+06,1.14979e+07,4.44138e+06,6.79999e+06,1.14976e+07,4.42649e+06,6.79999e+06,1.14972e+07,4.40789e+06,6.79999e+06,1.14969e+07,4.38471e+06,6.79999e+06,1.14965e+07,4.35592e+06,6.79999e+06,1.1496e+07,4.32027e+06,6.79999e+06,1.14955e+07,4.27629e+06,6.79999e+06,1.14949e+07,4.22231e+06,6.79999e+06,1.14942e+07,4.15647e+06,6.79999e+06,1.14934e+07,4.07676e+06,6.79999e+06,1.14926e+07,3.98112e+06,6.79999e+06,1.14916e+07,3.86765e+06,6.79999e+06,1.14905e+07,3.73474e+06,6.79999e+06,1.14892e+07,3.58148e+06,6.79999e+06,1.14878e+07,3.40785e+06,6.79999e+06,1.14862e+07,3.21513e+06,6.79999e+06,1.14844e+07,3.00605e+06,6.79999e+06,1.14823e+07,2.7848e+06,6.79999e+06,1.148e+07,2.5568e+06,6.79999e+06,1.14773e+07,2.32825e+06,6.79999e+06,13.5742,8.52444,0.508366,16.8306,13.2585,0.162638,20.0035,17.569,0.0507846,23.2616,22.4214,0.0158319,26.7328,28.3297,0.00493498,30.5212,35.6974,0.00153831,34.7178,44.9473,0.000479527,39.4086,56.5822,0.000149456,44.6796,71.2245,4.66214e-05,50.6209,89.6543,1.45419e-05,57.3297,112.852,4.54748e-06,64.9129,142.051,1.43857e-06,73.4897,178.803,4.36618e-07,83.1934,225.062,1.40153e-07,94.1745,283.286,4.96378e-08,106.602,356.568,1.05434e-07,120.669,448.799,-6.49244e-08,136.59,564.873,1.70148e-07,154.611,710.948,-5.34594e-08,175.008,894.767,1.63407e-07,198.097,1126.06,8.04804e-08,224.231,1417.07,1.14667e-07,253.813,1783.15,-1.71227e-07,287.297,2243.62,-2.88466e-07,325.198,2822.67,-4.33651e-07,368.098,3550.67,7.9318e-08,416.657,4465.65,3.13319e-07,471.621,5615.16,3.4613e-07,533.835,7058.61,-1.19199e-07,604.255,8870.02,-2.79964e-07,683.962,11141.4,-2.30521e-07,774.182,13986.7,-2.55099e-07,876.299,17546.4,1.23585e-07,991.883,21993.1,1.41192e-07,1122.71,27536.7,-9.71886e-08,1270.78,34430.7,-3.68368e-07,1438.38,42977.7,-3.45379e-07,1628.07,53532.7,-3.25328e-09,1842.77,66504.6,2.6362e-07,2085.77,82350.2,2.53445e-07,2360.79,101560,-2.47407e-08,2672.05,124632,-3.80602e-07,3024.31,152018,-4.79005e-07,3422.98,184060,-1.14379e-07,3874.15,220884,2.64297e-07,4384.72,262283,3.44131e-07,4962.49,307576,7.5349e-08,5616.29,355497,-3.63097e-07,6356.1,404126,-6.05442e-07,7193.18,450932,-2.72333e-07,8140.28,492963,2.29675e-07,9211.79,527178,4.3387e-07,10424,550893,-1.0711e-07,10.102,8.06553,2.81012,10.6436,8.57909,0.869423,11.5336,10.2515,0.270869,12.7211,12.7138,0.0844293,14.1823,15.9373,0.0263173,15.9122,20.0383,0.0082035,17.9198,25.2154,0.00255722,20.2244,31.7373,0.000797017,22.8539,39.9486,0.000248622,25.8438,50.2851,7.75492e-05,29.237,63.2963,2.42508e-05,33.0837,79.6738,7.67162e-06,37.4415,100.288,2.32837e-06,42.3767,126.236,7.33e-07,47.9646,158.896,2.79256e-07,54.2906,200.003,9.87351e-09,61.452,251.741,1.61085e-07,69.5585,316.859,-2.47141e-07,78.7347,398.812,8.93552e-08,89.1218,501.948,-2.53231e-07,100.879,631.736,-1.25047e-07,114.188,795.049,-1.78808e-07,129.252,1000.53,2.6733e-07,146.304,1259.03,4.50292e-07,165.605,1584.19,6.76904e-07,187.452,1993.12,-1.23808e-07,212.181,2507.27,-4.89068e-07,240.173,3153.54,-5.40284e-07,271.856,3965.56,1.86061e-07,307.719,4985.38,4.37004e-07,348.313,6265.4,3.59828e-07,394.26,7870.83,3.98192e-07,446.268,9882.51,-1.92908e-07,505.135,12400.3,-2.20392e-07,571.766,15546.9,1.51705e-07,647.184,19472.2,5.74996e-07,732.547,24357.4,5.39112e-07,829.167,30420,5.07815e-09,938.526,37916.3,-4.11492e-07,1062.3,47143.9,-3.9561e-07,1202.4,58439.2,3.86185e-08,1360.96,72169.3,5.94093e-07,1540.42,88715.8,7.47693e-07,1743.53,108445,1.78537e-07,1973.41,131665,-4.12549e-07,2233.57,158557,-5.37164e-07,2528,189103,-1.17615e-07,2861.2,222986,5.66769e-07,3238.27,259510,9.45053e-07,3664.97,297540,4.25093e-07,4147.81,335497,-3.58506e-07,4694.17,371444,-6.7724e-07,5312.37,403256,1.67192e-07,1.61744,3.89446,9.84394,3.28846,7.5504,12.774,5.07607,11.7187,13.6844,7.03202,16.8147,13.9681,9.20215,23.1769,14.0566,11.6301,31.1672,14.0841,14.3598,41.2186,14.0927,17.4376,53.8688,14.0954,20.9137,69.7915,14.0962,24.8432,89.8341,14.0965,29.2879,115.063,14.0966,34.3168,146.819,14.0966,40.0078,186.792,14.0966,46.4487,237.107,14.0966,53.7388,300.44,14.0966,61.9903,380.158,14.0966,71.3301,480.499,14.0966,81.902,606.796,14.0966,93.8685,765.761,14.0966,107.414,965.837,14.0966,122.746,1217.65,14.0966,140.101,1534.57,14.0966,159.745,1933.41,14.0966,181.981,2435.3,14.0966,207.15,3066.85,14.0966,235.64,3861.46,14.0966,267.889,4861.11,14.0966,304.391,6118.54,14.0966,345.709,7699.91,14.0966,392.478,9688.22,14.0966,445.417,12187.5,14.0966,505.339,15327.7,14.0966,573.165,19271.6,14.0966,649.938,24222,14.0966,736.839,30430.9,14.0966,835.202,38211.5,14.0966,946.539,47950.3,14.0966,1072.56,60122.8,14.0966,1215.21,75309.9,14.0966,1376.66,94216.2,14.0966,1559.41,117688,14.0966,1766.26,146729,14.0966,2000.39,182510,14.0966,2265.39,226372,14.0966,2565.33,279806,14.0966,2904.81,344416,14.0966,3289.05,421845,14.0966,3723.93,513667,14.0966,4216.13,621231,14.0966,4773.18,745478,14.0966,5403.64,886744,14.0966,6117.15,1.04457e+06,14.0966,6924.63,1.2176e+06,14.0966,11.7194,11.96,12.6541,13.9321,16.1295,13.6434,16.6097,21.9702,13.9553,19.7532,29.5285,14.0526,23.3844,39.1143,14.0829,27.5423,51.2054,14.0923,32.2796,66.434,14.0953,37.662,85.6061,14.0962,43.7675,109.74,14.0965,50.687,140.119,14.0966,58.5249,178.359,14.0966,67.4005,226.493,14.0966,77.4493,287.08,14.0966,88.8254,363.343,14.0966,101.703,459.336,14.0966,116.281,580.161,14.0966,132.782,732.241,14.0966,151.46,923.655,14.0966,172.603,1164.57,14.0966,196.535,1467.79,14.0966,223.625,1849.39,14.0966,254.288,2329.62,14.0966,288.997,2933.93,14.0966,328.285,3694.33,14.0966,372.755,4651.04,14.0966,423.092,5854.57,14.0966,480.07,7368.38,14.0966,544.564,9272.08,14.0966,617.566,11665.5,14.0966,700.197,14673.6,14.0966,793.729,18452.9,14.0966,899.599,23198.6,14.0966,1019.43,29154.1,14.0966,1155.07,36622.3,14.0966,1308.6,45977.9,14.0966,1482.39,57683.7,14.0966,1679.09,72307.8,14.0966,1901.73,90542.8,14.0966,2153.73,113226,14.0966,2438.97,141360,14.0966,2761.81,176127,14.0966,3127.22,218898,14.0966,3540.81,271226,14.0966,4008.92,334817,14.0966,4538.74,411470,14.0966,5138.38,502973,14.0966,5817.04,610948,14.0966,6585.12,736653,14.0966,7454.39,880741,14.0966,8438.15,1.04302e+06,14.0966,9551.45,1.22224e+06,14.0966,10811.3,1.41602e+06,14.0966,12237,1.62086e+06,14.0966,11.7194,11.96,12.6541,2.21263,4.16949,0.989383,2.67766,5.84076,0.311842,3.14343,7.55825,0.0972771,3.63127,9.58578,0.0303237,4.15787,12.0912,0.00945211,4.73731,15.2286,0.00294633,5.38238,19.1721,0.000918508,6.10553,24.134,0.000286163,6.91951,30.3791,8.92692e-05,7.83792,38.2397,2.78121e-05,8.87555,48.1338,8.65134e-06,10.0489,60.5876,2.7882e-06,11.3761,76.2629,8.29036e-07,12.8779,95.9927,2.4373e-07,14.5775,120.825,4.33068e-09,16.5012,152.08,1.75749e-07,18.6784,191.415,-1.86328e-07,21.1428,240.917,1.91829e-07,23.9322,303.213,-1.81475e-07,27.0895,381.602,7.0186e-08,30.6634,480.231,-2.86769e-08,34.7087,604.316,2.40784e-07,39.2876,760.401,9.87368e-08,44.4705,956.705,1.22263e-07,50.3371,1203.54,-4.31966e-07,56.9776,1513.81,-1.9705e-07,64.494,1903.69,-2.763e-08,73.0018,2393.4,3.9185e-07,82.6317,3008.13,1.35379e-07,93.5318,3779.25,-4.16351e-08,105.869,4745.7,2.06965e-08,119.834,5955.6,-3.18887e-07,135.641,7468.12,-1.48271e-08,153.531,9355.62,2.00739e-07,173.781,11705.8,2.28358e-07,196.701,14624.1,-1.93587e-08,222.642,18235,-2.88101e-07,252.003,22683.4,-2.24732e-07,285.234,28134,8.56806e-09,322.845,34767,2.34258e-07,365.413,42770.9,2.99668e-07,413.588,52327.9,8.28644e-08,468.111,63591.2,-3.07049e-07,529.814,76653.2,-3.1888e-07,599.642,91502.5,-6.72276e-08,678.662,107975,2.26339e-07,768.083,125705,3.69212e-07,869.267,144088,2.04077e-07,983.76,162277,-2.80509e-07,1113.3,179223,-4.22737e-07,1259.87,193777,-1.71951e-07,1425.68,204839,4.55555e-07,11.7194,11.96,12.6541,2.21263,4.16949,0.989383,2.67766,5.84076,0.311842,3.14343,7.55825,0.0972771,3.63127,9.58578,0.0303237,4.15787,12.0912,0.00945211,4.73731,15.2286,0.00294633,5.38238,19.1721,0.000918508,6.10553,24.134,0.000286163,6.91951,30.3791,8.92692e-05,7.83792,38.2397,2.78121e-05,8.87555,48.1338,8.65134e-06,10.0489,60.5876,2.7882e-06,11.3761,76.2629,8.29036e-07,12.8779,95.9927,2.4373e-07,14.5775,120.825,1e-08,16.5012,152.08,1.75749e-07,18.6784,191.415,1e-08,21.1428,240.917,1.91829e-07,23.9322,303.213,1e-08,27.0895,381.602,7.0186e-08,30.6634,480.231,1e-08,34.7087,604.316,2.40784e-07,39.2876,760.401,9.87368e-08,44.4705,956.705,1.22263e-07,50.3371,1203.54,1e-08,56.9776,1513.81,1e-08,64.494,1903.69,1e-08,73.0018,2393.4,3.9185e-07,82.6317,3008.13,1.35379e-07,93.5318,3779.25,1e-08,105.869,4745.7,2.06965e-08,119.834,5955.6,1e-08,135.641,7468.12,1e-08,153.531,9355.62,2.00739e-07,173.781,11705.8,2.28358e-07,196.701,14624.1,1e-08,222.642,18235,1e-08,252.003,22683.4,1e-08,285.234,28134,1e-08,322.845,34767,2.34258e-07,365.413,42770.9,2.99668e-07,413.588,52327.9,8.28644e-08,468.111,63591.2,1e-08,529.814,76653.2,1e-08,599.642,91502.5,1e-08,678.662,107975,2.26339e-07,768.083,125705,3.69212e-07,869.267,144088,2.04077e-07,983.76,162277,1e-08,1113.3,179223,1e-08,1259.87,193777,1e-08,1425.68,204839,4.55555e-07,6.2823,3.27286,2.43537,0.219672,6.18826,2.24117,0.56371,6.87772,2.63624,0.308279,6,4,0,2,3,2,4,11,0,5,4,0,5,23,0,11,11,0,11,19,0,4,14,0,6,37,0,2,34,0,5,72,0,8,47,0,11,28,0,5,88,0,7,128,0,24,61,0,28,131,0,6,242,0,23,151,0,15,209,0,27,330,0,20,328,0,45,1007,0,46,638,0,61,742,0,58,1323,0,70,1298,0,109,2784,0,84,2658,0,124,3520,0,86,3339,0,79,4093,0,92,5714,0,171,3442,0,115,14186,0,241,8410,0,218,21124,0,243,18223,0,131,28726,0,188,21493,0,332,44220,0,286,73678,0,1015,20983,0,542,59459,0,325,66443,0,661,53421,0,711,103328,0,599,189687,0,1141,123533,0,1218,205417,0,1285,160144,0,1398,145261,0,2332,172724,0
-1.05176e+08,9.49891e-51,8.88811e-15,10,1023,0,1.05176e+08,0.528882,1.08665,0.389689,0.145397,0.379329,3.24381,0.161596,0.446195,1.77396,0.159177,1.15e+07,4.49998e+06,6.79999e+06,1.15e+07,4.49997e+06,6.79999e+06,1.15e+07,4.49996e+06,6.79999e+06,1.15e+07,4.49995e+06,6.79999e+06,1.14999e+07,4.49993e+06,6.79999e+06,1.14999e+07,4.49991e+06,6.79999e+06,1.14999e+07,4.49989e+06,6.79999e+06,1.14999e+07,4.49986e+06,6.79999e+06,1.14999e+07,4.49982e+06,6.79999e+06,1.14999e+07,4.49977e+06,6.79999e+06,1.14999e+07,4.49971e+06,6.79999e+06,1.14999e+07,4.49963e+06,6.79999e+06,1.14998e+07,4.49953e+06,6.79999e+06,1.14998e+07,4.49941e+06,6.79999e+06,1.14998e+07,4.49926e+06,6.79999e+06,1.14998e+07,4.49906e+06,6.79999e+06,1.14997e+07,4.49882e+06,6.79999e+06,1.14997e+07,4.49851e+06,6.79999e+06,1.14997e+07,4.49812e+06,6.79999e+06,1.14996e+07,4.49764e+06,6.79999e+06,1.14996e+07,4.49702e+06,6.79999e+06,1.14995e+07,4.49625e+06,6.79999e+06,1.14995e+07,4.49528e+06,6.79999e+06,1.14994e+07,4.49406e+06,6.79999e+06,1.14993e+07,4.49253e+06,6.79999e+06,1.14992e+07,4.49059e+06,6.79999e+06,1.14991e+07,4.48817e+06,6.79999e+06,1.1499e+07,4.48511e+06,6.79999e+06,1.14988e+07,4.48128e+06,6.79999e+06,1.14987e+07,4.47646e+06,6.79999e+06,1.14985e+07,4.47041e+06,6.79999e+06,1.14983e+07,4.46281e+06,6.79999e+06,1.14981e+07,4.4533e+06,6.79999e+06,1.14979e+07,4.44138e+06,6.79999e+06,1.14976e+07,4.42649e+06,6.79999e+06,1.14972e+07,4.40789e+06,6.79999e+06,1.14969e+07,4.38471e+06,6.79999e+06,1.14965e+07,4.35592e+06,6.79999e+06,1.1496e+07,4.32027e+06,6.79999e+06,1.14955e+07,4.27629e+06,6.79999e+06,1.14949e+07,4.22231e+06,6.79999e+06,1.14942e+07,4.15647e+06,6.79999e+06,1.14934e+07,4.07676e+06,6.79999e+06,1.14926e+07,3.98112e+06,6.79999e+06,1.14916e+07,3.86765e+06,6.79999e+06,1.14905e+07,3.73474e+06,6.79999e+06,1.14892e+07,3.58148e+06,6.79999e+06,1.14878e+07,3.40785e+06,6.79999e+06,1.14862e+07,3.21513e+06,6.79999e+06,1.14844e+07,3.00605e+06,6.79999e+06,1.14823e+07,2.7848e+06,6.79999e+06,1.148e+07,2.5568e+06,6.79999e+06,1.14773e+07,2.32825e+06,6.79999e+06,13.5742,8.52444,0.508366,16.8306,13.2585,0.162638,20.0035,17.569,0.0507846,23.2616,22.4214,0.0158319,26.7328,28.3297,0.00493498,30.5212,35.6974,0.00153831,34.7178,44.9473,0.000479527,39.4086,56.5822,0.000149456,44.6796,71.2245,4.66214e-05,50.6209,89.6543,1.45419e-05,57.3297,112.852,4.54748e-06,64.9129,142.051,1.43857e-06,73.4897,178.803,4.36618e-07,83.1934,225.062,1.40153e-07,94.1745,283.286,4.96378e-08,106.602,356.568,1.05434e-07,120.669,448.799,-6.49244e-08,136.59,564.873,1.70148e-07,154.611,710.948,-5.34594e-08,175.008,894.767,1.63407e-07,198.097,1126.06,8.04804e-08,224.231,1417.07,1.14667e-07,253.813,1783.15,-1.71227e-07,287.297,2243.62,-2.88466e-07,325.198,2822.67,-4.33651e-07,368.098,3550.67,7.9318e-08,416.657,4465.65,3.13319e-07,471.621,5615.16,3.4613e-07,533.835,7058.61,-1.19199e-07,604.255,8870.02,-2.79964e-07,683.962,11141.4,-2.30521e-07,774.182,13986.7,-2.55099e-07,876.299,17546.4,1.23585e-07,991.883,21993.1,1.41192e-07,1122.71,27536.7,-9.71886e-08,1270.78,34430.7,-3.68368e-07,1438.38,42977.7,-3.45379e-07,1628.07,53532.7,-3.25328e-09,1842.77,66504.6,2.6362e-07,2085.77,82350.2,2.53445e-07,2360.79,101560,-2.47407e-08,2672.05,124632,-3.80602e-07,3024.31,152018,-4.79005e-07,3422.98,184060,-1.14379e-07,3874.15,220884,2.64297e-07,4384.72,262283,3.44131e-07,4962.49,307576,7.5349e-08,5616.29,355497,-3.63097e-07,6356.1,404126,-6.05442e-07,7193.18,450932,-2.72333e-07,8140.28,492963,2.29675e-07,9211.79,527178,4.3387e-07,10424,550893,-1.0711e-07,10.102,8.06553,2.81012,10.6436,8.57909,0.869423,11.5336,10.2515,0.270869,12.7211,12.7138,0.0844293,14.1823,15.9373,0.0263173,15.9122,20.0383,0.0082035,17.9198,25.2154,0.00255722,20.2244,31.7373,0.000797017,22.8539,39.9486,0.000248622,25.8438,50.2851,7.75492e-05,29.237,63.2963,2.42508e-05,33.0837,79.6738,7.67162e-06,37.4415,100.288,2.32837e-06,42.3767,126.236,7.33e-07,47.9646,158.896,2.79256e-07,54.2906,200.003,9.87351e-09,61.452,251.741,1.61085e-07,69.5585,316.859,-2.47141e-07,78.7347,398.812,8.93552e-08,89.1218,501.948,-2.53231e-07,100.879,631.736,-1.25047e-07,114.188,795.049,-1.78808e-07,129.252,1000.53,2.6733e-07,146.304,1259.03,4.50292e-07,165.605,1584.19,6.76904e-07,187.452,1993.12,-1.23808e-07,212.181,2507.27,-4.89068e-07,240.173,3153.54,-5.40284e-07,271.856,3965.56,1.86061e-07,307.719,4985.38,4.37004e-07,348.313,6265.4,3.59828e-07,394.26,7870.83,3.98192e-07,446.268,9882.51,-1.92908e-07,505.135,12400.3,-2.20392e-07,571.766,15546.9,1.51705e-07,647.184,19472.2,5.74996e-07,732.547,24357.4,5.39112e-07,829.167,30420,5.07815e-09,938.526,37916.3,-4.11492e-07,1062.3,47143.9,-3.9561e-07,1202.4,58439.2,3.86185e-08,1360.96,72169.3,5.94093e-07,1540.42,88715.8,7.47693e-07,1743.53,108445,1.78537e-07,1973.41,131665,-4.12549e-07,2233.57,158557,-5.37164e-07,2528,189103,-1.17615e-07,2861.2,222986,5.66769e-07,3238.27,259510,9.45053e-07,3664.97,297540,4.25093e-07,4147.81,335497,-3.58506e-07,4694.17,371444,-6.7724e-07,5312.37,403256,1.67192e-07,1.61744,3.89446,9.84394,3.28846,7.5504,12.774,5.07607,11.7187,13.6844,7.03202,16.8147,13.9681,9.20215,23.1769,14.0566,11.6301,31.1672,14.0841,14.3598,41.2186,14.0927,17.4376,53.8688,14.0954,20.9137,69.7915,14.0962,24.8432,89.8341,14.0965,29.2879,115.063,14.0966,34.3168,146.819,14.0966,40.0078,186.792,14.0966,46.4487,237.107,14.0966,53.7388,300.44,14.0966,61.9903,380.158,14.0966,71.3301,480.499,14.0966,81.902,606.796,14.0966,93.8685,765.761,14.0966,107.414,965.837,14.0966,122.746,1217.65,14.0966,140.101,1534.57,14.0966,159.745,1933.41,14.0966,181.981,2435.3,14.0966,207.15,3066.85,14.0966,235.64,3861.46,14.0966,267.889,4861.11,14.0966,304.391,6118.54,14.0966,345.709,7699.91,14.0966,392.478,9688.22,14.0966,445.417,12187.5,14.0966,505.339,15327.7,14.0966,573.165,19271.6,14.0966,649.938,24222,14.0966,736.839,30430.9,14.0966,835.202,38211.5,14.0966,946.539,47950.3,14.0966,1072.56,60122.8,14.0966,1215.21,75309.9,14.0966,1376.66,94216.2,14.0966,1559.41,117688,14.0966,1766.26,146729,14.0966,2000.39,182510,14.0966,2265.39,226372,14.0966,2565.33,279806,14.0966,2904.81,344416,14.0966,3289.05,421845,14.0966,3723.93,513667,14.0966,4216.13,621231,14.0966,4773.18,745478,14.0966,5403.64,886744,14.0966,6117.15,1.04457e+06,14.0966,6924.63,1.2176e+06,14.0966,11.7194,11.96,12.6541,13.9321,16.1295,13.6434,16.6097,21.9702,13.9553,19.7532,29.5285,14.0526,23.3844,39.1143,14.0829,27.5423,51.2054,14.0923,32.2796,66.434,14.0953,37.662,85.6061,14.0962,43.7675,109.74,14.0965,50.687,140.119,14.0966,58.5249,178.359,14.0966,67.4005,226.493,14.0966,77.4493,287.08,14.0966,88.8254,363.343,14.0966,101.703,459.336,14.0966,116.281,580.161,14.0966,132.782,732.241,14.0966,151.46,923.655,14.0966,172.603,1164.57,14.0966,196.535,1467.79,14.0966,223.625,1849.39,14.0966,254.288,2329.62,14.0966,288.997,2933.93,14.0966,328.285,3694.33,14.0966,372.755,4651.04,14.0966,423.092,5854.57,14.0966,480.07,7368.38,14.0966,544.564,9272.08,14.0966,617.566,11665.5,14.0966,700.197,14673.6,14.0966,793.729,18452.9,14.0966,899.599,23198.6,14.0966,1019.43,29154.1,14.0966,1155.07,36622.3,14.0966,1308.6,45977.9,14.0966,1482.39,57683.7,14.0966,1679.09,72307.8,14.0966,1901.73,90542.8,14.0966,2153.73,113226,14.0966,2438.97,141360,14.0966,2761.81,176127,14.0966,3127.22,218898,14.0966,3540.81,271226,14.0966,4008.92,334817,14.0966,4538.74,411470,14.0966,5138.38,502973,14.0966,5817.04,610948,14.0966,6585.12,736653,14.0966,7454.39,880741,14.0966,8438.15,1.04302e+06,14.0966,9551.45,1.22224e+06,14.0966,10811.3,1.41602e+06,14.0966,12237,1.62086e+06,14.0966,11.7194,11.96,12.6541,2.21263,4.16949,0.989383,2.67766,5.84076,0.311842,3.14343,7.55825,0.0972771,3.63127,9.58578,0.0303237,4.15787,12.0912,0.00945211,4.73731,15.2286,0.00294633,5.38238,19.1721,0.000918508,6.10553,24.134,0.000286163,6.91951,30.3791,8.92692e-05,7.83792,38.2397,2.78121e-05,8.87555,48.1338,8.65134e-06,10.0489,60.5876,2.7882e-06,11.3761,76.2629,8.29036e-07,12.8779,95.9927,2.4373e-07,14.5775,120.825,4.33068e-09,16.5012,152.08,1.75749e-07,18.6784,191.415,-1.86328e-07,21.1428,240.917,1.91829e-07,23.9322,303.213,-1.81475e-07,27.0895,381.602,7.0186e-08,30.6634,480.231,-2.86769e-08,34.7087,604.316,2.40784e-07,39.2876,760.401,9.87368e-08,44.4705,956.705,1.22263e-07,50.3371,1203.54,-4.31966e-07,56.9776,1513.81,-1.9705e-07,64.494,1903.69,-2.763e-08,73.0018,2393.4,3.9185e-07,82.6317,3008.13,1.35379e-07,93.5318,3779.25,-4.16351e-08,105.869,4745.7,2.06965e-08,119.834,5955.6,-3.18887e-07,135.641,7468.12,-1.48271e-08,153.531,9355.62,2.00739e-07,173.781,11705.8,2.28358e-07,196.701,14624.1,-1.93587e-08,222.642,18235,-2.88101e-07,252.003,22683.4,-2.24732e-07,285.234,28134,8.56806e-09,322.845,34767,2.34258e-07,365.413,42770.9,2.99668e-07,413.588,52327.9,8.28644e-08,468.111,63591.2,-3.07049e-07,529.814,76653.2,-3.1888e-07,599.642,91502.5,-6.72276e-08,678.662,107975,2.26339e-07,768.083,125705,3.69212e-07,869.267,144088,2.04077e-07,983.76,162277,-2.80509e-07,1113.3,179223,-4.22737e-07,1259.87,193777,-1.71951e-07,1425.68,204839,4.55555e-07,11.7194,11.96,12.6541,2.21263,4.16949,0.989383,2.67766,5.84076,0.311842,3.14343,7.55825,0.0972771,3.63127,9.58578,0.0303237,4.15787,12.0912,0.00945211,4.73731,15.2286,0.00294633,5.38238,19.1721,0.000918508,6.10553,24.134,0.000286163,6.91951,30.3791,8.92692e-05,7.83792,38.2397,2.78121e-05,8.87555,48.1338,8.65134e-06,10.0489,60.5876,2.7882e-06,11.3761,76.2629,8.29036e-07,12.8779,95.9927,2.4373e-07,14.5775,120.825,1e-08,16.5012,152.08,1.75749e-07,18.6784,191.415,1e-08,21.1428,240.917,1.91829e-07,23.9322,303.213,1e-08,27.0895,381.602,7.0186e-08,30.6634,480.231,1e-08,34.7087,604.316,2.40784e-07,39.2876,760.401,9.87368e-08,44.4705,956.705,1.22263e-07,50.3371,1203.54,1e-08,56.9776,1513.81,1e-08,64.494,1903.69,1e-08,73.0018,2393.4,3.9185e-07,82.6317,3008.13,1.35379e-07,93.5318,3779.25,1e-08,105.869,4745.7,2.06965e-08,119.834,5955.6,1e-08,135.641,7468.12,1e-08,153.531,9355.62,2.00739e-07,173.781,11705.8,2.28358e-07,196.701,14624.1,1e-08,222.642,18235,1e-08,252.003,22683.4,1e-08,285.234,28134,1e-08,322.845,34767,2.34258e-07,365.413,42770.9,2.99668e-07,413.588,52327.9,8.28644e-08,468.111,63591.2,1e-08,529.814,76653.2,1e-08,599.642,91502.5,1e-08,678.662,107975,2.26339e-07,768.083,125705,3.69212e-07,869.267,144088,2.04077e-07,983.76,162277,1e-08,1113.3,179223,1e-08,1259.87,193777,1e-08,1425.68,204839,4.55555e-07,6.2823,3.27286,2.43537,0.219672,6.18826,2.24117,0.56371,6.87772,2.63624,0.308279,15,15,4,0,3,0,1,4,0,0,8,0,5,14,0,5,16,0,7,14,0,7,21,0,4,20,0,11,16,0,13,66,0,3,29,0,15,111,0,6,67,0,26,85,0,10,105,0,15,179,0,25,166,0,14,125,0,22,387,0,31,257,0,28,1069,0,38,468,0,30,417,0,58,1130,0,70,1150,0,59,1762,0,84,1844,0,54,1610,0,45,4217,0,102,7061,0,127,4517,0,108,6106,0,119,3686,0,185,11012,0,100,11389,0,197,19829,0,199,15249,0,195,21542,0,239,25074,0,209,40806,0,723,30759,0,212,30103,0,258,65289,0,441,109614,0,727,109525,0,548,65052,0,916,116350,0,382,216320,0,1078,168503,0,952,120533,0,1276,219830,0,938,97277,0
-1.05176e+08,1,8.88811e-15,10,1023,0,1.05176e+08,0.528882,1.08665,0.389689,0.145397,0.379329,3.24381,0.161596,0.446195,1.77396,0.159177,1.15e+07,4.49998e+06,6.79999e+06,1.15e+07,4.49997e+06,6.79999e+06,1.15e+07,4.49996e+06,6.79999e+06,1.15e+07,4.49995e+06,6.79999e+06,1.14999e+07,4.49993e+06,6.79999e+06,1.14999e+07,4.49991e+06,6.79999e+06,1.14999e+07,4.49989e+06,6.79999e+06,1.14999e+07,4.49986e+06,6.79999e+06,1.14999e+07,4.49982e+06,6.79999e+06,1.14999e+07,4.49977e+06,6.79999e+06,1.14999e+07,4.49971e+06,6.79999e+06,1.14999e+07,4.49963e+06,6.79999e+06,1.14998e+07,4.49953e+06,6.79999e+06,1.14998e+07,4.49941e+06,6.79999e+06,1.14998e+07,4.49926e+06,6.79999e+06,1.14998e+07,4.49906e+06,6.79999e+06,1.14997e+07,4.49882e+06,6.79999e+06,1.14997e+07,4.49851e+06,6.79999e+06,1.14997e+07,4.49812e+06,6.79999e+06,1.14996e+07,4.49764e+06,6.79999e+06,1.14996e+07,4.49702e+06,6.79999e+06,1.14995e+07,4.49625e+06,6.79999e+06,1.14995e+07,4.49528e+06,6.79999e+06,1.14994e+07,4.49406e+06,6.79999e+06,1.14993e+07,4.49253e+06,6.79999e+06,1.14992e+07,4.49059e+06,6.79999e+06,1.14991e+07,4.48817e+06,6.79999e+06,1.1499e+07,4.48511e+06,6.79999e+06,1.14988e+07,4.48128e+06,6.79999e+06,1.14987e+07,4.47646e+06,6.79999e+06,1.14985e+07,4.47041e+06,6.79999e+06,1.14983e+07,4.46281e+06,6.79999e+06,1.14981e+07,4.4533e+06,6.79999e+06,1.14979e+07,4.44138e+06,6.79999e+06,1.14976e+07,4.42649e+06,6.79999e+06,1.14972e+07,4.40789e+06,6.79999e+06,1.14969e+07,4.38471e+06,6.79999e+06,1.14965e+07,4.35592e+06,6.79999e+06,1.1496e+07,4.32027e+06,6.79999e+06,1.14955e+07,4.27629e+06,6.79999e+06,1.14949e+07,4.22231e+06,6.79999e+06,1.14942e+07,4.15647e+06,6.79999e+06,1.14934e+07,4.07676e+06,6.79999e+06,1.14926e+07,3.98112e+06,6.79999e+06,1.14916e+07,3.86765e+06,6.79999e+06,1.14905e+07,3.73474e+06,6.79999e+06,1.14892e+07,3.58148e+06,6.79999e+06,1.14878e+07,3.40785e+06,6.79999e+06,1.14862e+07,3.21513e+06,6.79999e+06,1.14844e+07,3.00605e+06,6.79999e+06,1.14823e+07,2.7848e+06,6.79999e+06,1.148e+07,2.5568e+06,6.79999e+06,1.14773e+07,2.32825e+06,6.79999e+06,13.5742,8.52444,0.508366,16.8306,13.2585,0.162638,20.0035,17.569,0.0507846,23.2616,22.4214,0.0158319,26.7328,28.3297,0.00493498,30.5212,35.6974,0.00153831,34.7178,44.9473,0.000479527,39.4086,56.5822,0.000149456,44.6796,71.2245,4.66214e-05,50.6209,89.6543,1.45419e-05,57.3297,112.852,4.54748e-06,64.9129,142.051,1.43857e-06,73.4897,178.803,4.36618e-07,83.1934,225.062,1.40153e-07,94.1745,283.286,4.96378e-08,106.602,356.568,1.05434e-07,120.669,448.799,-6.49244e-08,136.59,564.873,1.70148e-07,154.611,710.948,-5.34594e-08,175.008,894.767,1.63407e-07,198.097,1126.06,8.04804e-08,224.231,1417.07,1.14667e-07,253.813,1783.15,-1.71227e-07,287.297,2243.62,-2.88466e-07,325.198,2822.67,-4.33651e-07,368.098,3550.67,7.9318e-08,416.657,4465.65,3.13319e-07,471.621,5615.16,3.4613e-07,533.835,7058.61,-1.19199e-07,604.255,8870.02,-2.79964e-07,683.962,11141.4,-2.30521e-07,774.182,13986.7,-2.55099e-07,876.299,17546.4,1.23585e-07,991.883,21993.1,1.41192e-07,1122.71,27536.7,-9.71886e-08,1270.78,34430.7,-3.68368e-07,1438.38,42977.7,-3.45379e-07,1628.07,53532.7,-3.25328e-09,1842.77,66504.6,2.6362e-07,2085.77,82350.2,2.53445e-07,2360.79,101560,-2.47407e-08,2672.05,124632,-3.80602e-07,3024.31,152018,-4.79005e-07,3422.98,184060,-1.14379e-07,3874.15,220884,2.64297e-07,4384.72,262283,3.44131e-07,4962.49,307576,7.5349e-08,5616.29,355497,-3.63097e-07,6356.1,404126,-6.05442e-07,7193.18,450932,-2.72333e-07,8140.28,492963,2.29675e-07,9211.79,527178,4.3387e-07,10424,550893,-1.0711e-07,10.102,8.06553,2.81012,10.6436,8.57909,0.869423,11.5336,10.2515,0.270869,12.7211,12.7138,0.0844293,14.1823,15.9373,0.0263173,15.9122,20.0383,0.0082035,17.9198,25.2154,0.00255722,20.2244,31.7373,0.000797017,22.8539,39.9486,0.000248622,25.8438,50.2851,7.75492e-05,29.237,63.2963,2.42508e-05,33.0837,79.6738,7.67162e-06,37.4415,100.288,2.32837e-06,42.3767,126.236,7.33e-07,47.9646,158.896,2.79256e-07,54.2906,200.003,9.87351e-09,61.452,251.741,1.61085e-07,69.5585,316.859,-2.47141e-07,78.7347,398.812,8.93552e-08,89.1218,501.948,-2.53231e-07,100.879,631.736,-1.25047e-07,114.188,795.049,-1.78808e-07,129.252,1000.53,2.6733e-07,146.304,1259.03,4.50292e-07,165.605,1584.19,6.76904e-07,187.452,1993.12,-1.23808e-07,212.181,2507.27,-4.89068e-07,240.173,3153.54,-5.40284e-07,271.856,3965.56,1.86061e-07,307.719,4985.38,4.37004e-07,348.313,6265.4,3.59828e-07,394.26,7870.83,3.98192e-07,446.268,9882.51,-1.92908e-07,505.135,12400.3,-2.20392e-07,571.766,15546.9,1.51705e-07,647.184,19472.2,5.74996e-07,732.547,24357.4,5.39112e-07,829.167,30420,5.07815e-09,938.526,37916.3,-4.11492e-07,1062.3,47143.9,-3.9561e-07,1202.4,58439.2,3.86185e-08,1360.96,72169.3,5.94093e-07,1540.42,88715.8,7.47693e-07,1743.53,108445,1.78537e-07,1973.41,131665,-4.12549e-07,2233.57,158557,-5.37164e-07,2528,189103,-1.17615e-07,2861.2,222986,5.66769e-07,3238.27,259510,9.45053e-07,3664.97,297540,4.25093e-07,4147.81,335497,-3.58506e-07,4694.17,371444,-6.7724e-07,5312.37,403256,1.67192e-07,1.61744,3.89446,9.84394,3.28846,7.5504,12.774,5.07607,11.7187,13.6844,7.03202,16.8147,13.9681,9.20215,23.1769,14.0566,11.6301,31.1672,14.0841,14.3598,41.2186,14.0927,17.4376,53.8688,14.0954,20.9137,69.7915,14.0962,24.8432,89.8341,14.0965,29.2879,115.063,14.0966,34.3168,146.819,14.0966,40.0078,186.792,14.0966,46.4487,237.107,14.0966,53.7388,300.44,14.0966,61.9903,380.158,14.0966,71.3301,480.499,14.0966,81.902,606.796,14.0966,93.8685,765.761,14.0966,107.414,965.837,14.0966,122.746,1217.65,14.0966,140.101,1534.57,14.0966,159.745,1933.41,14.0966,181.981,2435.3,14.0966,207.15,3066.85,14.0966,235.64,3861.46,14.0966,267.889,4861.11,14.0966,304.391,6118.54,14.0966,345.709,7699.91,14.0966,392.478,9688.22,14.0966,445.417,12187.5,14.0966,505.339,15327.7,14.0966,573.165,19271.6,14.0966,649.938,24222,14.0966,736.839,30430.9,14.0966,835.202,38211.5,14.0966,946.539,47950.3,14.0966,1072.56,60122.8,14.0966,1215.21,75309.9,14.0966,1376.66,94216.2,14.0966,1559.41,117688,14.0966,1766.26,146729,14.0966,2000.39,182510,14.0966,2265.39,226372,14.0966,2565.33,279806,14.0966,2904.81,344416,14.0966,3289.05,421845,14.0966,3723.93,513667,14.0966,4216.13,621231,14.0966,4773.18,745478,14.0966,5403.64,886744,14.0966,6117.15,1.04457e+06,14.0966,6924.63,1.2176e+06,14.0966,11.7194,11.96,12.6541,13.9321,16.1295,13.6434,16.6097,21.9702,13.9553,19.7532,29.5285,14.0526,23.3844,39.1143,14.0829,27.5423,51.2054,14.0923,32.2796,66.434,14.0953,37.662,85.6061,14.0962,43.7675,109.74,14.0965,50.687,140.119,14.0966,58.5249,178.359,14.0966,67.4005,226.493,14.0966,77.4493,287.08,14.0966,88.8254,363.343,14.0966,101.703,459.336,14.0966,116.281,580.161,14.0966,132.782,732.241,14.0966,151.46,923.655,14.0966,172.603,1164.57,14.0966,196.535,1467.79,14.0966,223.625,1849.39,14.0966,254.288,2329.62,14.0966,288.997,2933.93,14.0966,328.285,3694.33,14.0966,372.755,4651.04,14.0966,423.092,5854.57,14.0966,480.07,7368.38,14.0966,544.564,9272.08,14.0966,617.566,11665.5,14.0966,700.197,14673.6,14.0966,793.729,18452.9,14.0966,899.599,23198.6,14.0966,1019.43,29154.1,14.0966,1155.07,36622.3,14.0966,1308.6,45977.9,14.0966,1482.39,57683.7,14.0966,1679.09,72307.8,14.0966,1901.73,90542.8,14.0966,2153.73,113226,14.0966,2438.97,141360,14.0966,2761.81,176127,14.0966,3127.22,218898,14.0966,3540.81,271226,14.0966,4008.92,334817,14.0966,4538.74,411470,14.0966,5138.38,502973,14.0966,5817.04,610948,14.0966,6585.12,736653,14.0966,7454.39,880741,14.0966,8438.15,1.04302e+06,14.0966,9551.45,1.22224e+06,14.0966,10811.3,1.41602e+06,14.0966,12237,1.62086e+06,14.0966,11.7194,11.96,12.6541,2.21263,4.16949,0.989383,2.67766,5.84076,0.311842,3.14343,7.55825,0.0972771,3.63127,9.58578,0.0303237,4.15787,12.0912,0.00945211,4.73731,15.2286,0.00294633,5.38238,19.1721,0.000918508,6.10553,24.134,0.000286163,6.91951,30.3791,8.92692e-05,7.83792,38.2397,2.78121e-05,8.87555,48.1338,8.65134e-06,10.0489,60.5876,2.7882e-06,11.3761,76.2629,8.29036e-07,12.8779,95.9927,2.4373e-07,14.5775,120.825,4.33068e-09,16.5012,152.08,1.75749e-07,18.6784,191.415,-1.86328e-07,21.1428,240.917,1.91829e-07,23.9322,303.213,-1.81475e-07,27.0895,381.602,7.0186e-08,30.6634,480.231,-2.86769e-08,34.7087,604.316,2.40784e-07,39.2876,760.401,9.87368e-08,44.4705,956.705,1.22263e-07,50.3371,1203.54,-4.31966e-07,56.9776,1513.81,-1.9705e-07,64.494,1903.69,-2.763e-08,73.0018,2393.4,3.9185e-07,82.6317,3008.13,1.35379e-07,93.5318,3779.25,-4.16351e-08,105.869,4745.7,2.06965e-08,119.834,5955.6,-3.18887e-07,135.641,7468.12,-1.48271e-08,153.531,9355.62,2.00739e-07,173.781,11705.8,2.28358e-07,196.701,14624.1,-1.93587e-08,222.642,18235,-2.88101e-07,252.003,22683.4,-2.24732e-07,285.234,28134,8.56806e-09,322.845,34767,2.34258e-07,365.413,42770.9,2.99668e-07,413.588,52327.9,8.28644e-08,468.111,63591.2,-3.07049e-07,529.814,76653.2,-3.1888e-07,599.642,91502.5,-6.72276e-08,678.662,107975,2.26339e-07,768.083,125705,3.69212e-07,869.267,144088,2.04077e-07,983.76,162277,-2.80509e-07,1113.3,179223,-4.22737e-07,1259.87,193777,-1.71951e-07,1425.68,204839,4.55555e-07,11.7194,11.96,12.6541,2.21263,4.16949,0.989383,2.67766,5.84076,0.311842,3.14343,7.55825,0.0972771,3.63127,9.58578,0.0303237,4.15787,12.0912,0.00945211,4.73731,15.2286,0.00294633,5.38238,19.1721,0.000918508,6.10553,24.134,0.000286163,6.91951,30.3791,8.92692e-05,7.83792,38.2397,2.78121e-05,8.87555,48.1338,8.65134e-06,10.0489,60.5876,2.7882e-06,11.3761,76.2629,8.29036e-07,12.8779,95.9927,2.4373e-07,14.5775,120.825,1e-08,16.5012,152.08,1.75749e-07,18.6784,191.415,1e-08,21.1428,240.917,1.91829e-07,23.9322,303.213,1e-08,27.0895,381.602,7.0186e-08,30.6634,480.231,1e-08,34.7087,604.316,2.40784e-07,39.2876,760.401,9.87368e-08,44.4705,956.705,1.22263e-07,50.3371,1203.54,1e-08,56.9776,1513.81,1e-08,64.494,1903.69,1e-08,73.0018,2393.4,3.9185e-07,82.6317,3008.13,1.35379e-07,93.5318,3779.25,1e-08,105.869,4745.7,2.06965e-08,119.834,5955.6,1e-08,135.641,7468.12,1e-08,153.531,9355.62,2.00739e-07,173.781,11705.8,2.28358e-07,196.701,14624.1,1e-08,222.642,18235,1e-08,252.003,22683.4,1e-08,285.234,28134,1e-08,322.845,34767,2.34258e-07,365.413,42770.9,2.99668e-07,413.588,52327.9,8.28644e-08,468.111,63591.2,1e-08,529.814,76653.2,1e-08,599.642,91502.5,1e-08,678.662,107975,2.26339e-07,768.083,125705,3.69212e-07,869.267,144088,2.04077e-07,983.76,162277,1e-08,1113.3,179223,1e-08,1259.87,193777,1e-08,1425.68,204839,4.55555e-07,6.2823,3.27286,2.43537,0.219672,6.18826,2.24117,0.56371,6.87772,2.63624,0.308279,11,19,11,3,10,0,2,4,0,4,8,0,3,3,0,3,11,0,7,30,0,4,21,0,8,28,0,12,35,0,6,33,0,11,50,0,7,83,0,9,51,0,12,61,0,11,115,0,12,257,0,22,64,0,24,189,0,22,249,0,30,378,0,20,379,0,56,300,0,22,663,0,79,1306,0,43,1012,0,57,1031,0,46,1460,0,101,1293,0,90,2995,0,97,3668,0,187,5332,0,69,3994,0,80,4584,0,176,5413,0,217,16420,0,179,11732,0,304,15053,0,159,26960,0,313,35260,0,295,29248,0,283,48843,0,348,46888,0,442,45584,0,617,86088,0,466,96096,0,697,111455,0,1072,83254,0,651,53228,0,1012,104574,0,866,215991,0,1263,216875,0,1876,194071,0
-1.05176e+08,1,8.88811e-15,10,1023,0,1.05176e+08,0.528882,1.08665,0.389689,0.145397,0.379329,3.24381,0.161596,0.446195,1.77396,0.159177,1.15e+07,4.49998e+06,6.79999e+06,1.15e+07,4.49997e+06,6.79999e+06,1.15e+07,4.49996e+06,6.79999e+06,1.15e+07,4.49995e+06,6.79999e+06,1.14999e+07,4.49993e+06,6.79999e+06,1.14999e+07,4.49991e+06,6.79999e+06,1.14999e+07,4.49989e+06,6.79999e+06,1.14999e+07,4.49986e+06,6.79999e+06,1.14999e+07,4.49982e+06,6.79999e+06,1.14999e+07,4.49977e+06,6.79999e+06,1.14999e+07,4.49971e+06,6.79999e+06,1.14999e+07,4.49963e+06,6.79999e+06,1.14998e+07,4.49953e+06,6.79999e+06,1.14998e+07,4.49941e+06,6.79999e+06,1.14998e+07,4.49926e+06,6.79999e+06,1.14998e+07,4.49906e+06,6.79999e+06,1.14997e+07,4.49882e+06,6.79999e+06,1.14997e+07,4.49851e+06,6.79999e+06,1.14997e+07,4.49812e+06,6.79999e+06,1.14996e+07,4.49764e+06,6.79999e+06,1.14996e+07,4.49702e+06,6.79999e+06,1.14995e+07,4.49625e+06,6.79999e+06,1.14995e+07,4.49528e+06,6.79999e+06,1.14994e+07,4.49406e+06,6.79999e+06,1.14993e+07,4.49253e+06,6.79999e+06,1.14992e+07,4.49059e+06,6.79999e+06,1.14991e+07,4.48817e+06,6.79999e+06,1.1499e+07,4.48511e+06,6.79999e+06,1.14988e+07,4.48128e+06,6.79999e+06,1.14987e+07,4.47646e+06,6.79999e+06,1.14985e+07,4.47041e+06,6.79999e+06,1.14983e+07,4.46281e+06,6.79999e+06,1.14981e+07,4.4533e+06,6.79999e+06,1.14979e+07,4.44138e+06,6.79999e+06,1.14976e+07,4.42649e+06,6.79999e+06,1.14972e+07,4.40789e+06,6.79999e+06,1.14969e+07,4.38471e+06,6.79999e+06,1.14965e+07,4.35592e+06,6.79999e+06,1.1496e+07,4.32027e+06,6.79999e+06,1.14955e+07,4.27629e+06,6.79999e+06,1.14949e+07,4.22231e+06,6.79999e+06,1.14942e+07,4.15647e+06,6.79999e+06,1.14934e+07,4.07676e+06,6.79999e+06,1.14926e+07,3.98112e+06,6.79999e+06,1.14916e+07,3.86765e+06,6.79999e+06,1.14905e+07,3.73474e+06,6.79999e+06,1.14892e+07,3.58148e+06,6.79999e+06,1.14878e+07,3.40785e+06,6.79999e+06,1.14862e+07,3.21513e+06,6.79999e+06,1.14844e+07,3.00605e+06,6.79999e+06,1.14823e+07,2.7848e+06,6.79999e+06,1.148e+07,2.5568e+06,6.79999e+06,1.14773e+07,2.32825e+06,6.79999e+06,13.5742,8.52444,0.508366,16.8306,13.2585,0.162638,20.0035,17.569,0.0507846,23.2616,22.4214,0.0158319,26.7328,28.3297,0.00493498,30.5212,35.6974,0.00153831,34.7178,44.9473,0.000479527,39.4086,56.5822,0.000149456,44.6796,71.2245,4.66214e-05,50.6209,89.6543,1.45419e-05,57.3297,112.852,4.54748e-06,64.9129,142.051,1.43857e-06,73.4897,178.803,4.36618e-07,83.1934,225.062,1.40153e-07,94.1745,283.286,4.96378e-08,106.602,356.568,1.05434e-07,120.669,448.799,-6.49244e-08,136.59,564.873,1.70148e-07,154.611,710.948,-5.34594e-08,175.008,894.767,1.63407e-07,198.097,1126.06,8.04804e-08,224.231,1417.07,1.14667e-07,253.813,1783.15,-1.71227e-07,287.297,2243.62,-2.88466e-07,325.198,2822.67,-4.33651e-07,368.098,3550.67,7.9318e-08,416.657,4465.65,3.13319e-07,471.621,5615.16,3.4613e-07,533.835,7058.61,-1.19199e-07,604.255,8870.02,-2.79964e-07,683.962,11141.4,-2.30521e-07,774.182,13986.7,-2.55099e-07,876.299,17546.4,1.23585e-07,991.883,21993.1,1.41192e-07,1122.71,27536.7,-9.71886e-08,1270.78,34430.7,-3.68368e-07,1438.38,42977.7,-3.45379e-07,1628.07,53532.7,-3.25328e-09,1842.77,66504.6,2.6362e-07,2085.77,82350.2,2.53445e-07,2360.79,101560,-2.47407e-08,2672.05,124632,-3.80602e-07,3024.31,152018,-4.79005e-07,3422.98,184060,-1.14379e-07,3874.15,220884,2.64297e-07,4384.72,262283,3.44131e-07,4962.49,307576,7.5349e-08,5616.29,355497,-3.63097e-07,6356.1,404126,-6.05442e-07,7193.18,450932,-2.72333e-07,8140.28,492963,2.29675e-07,9211.79,527178,4.3387e-07,10424,550893,-1.0711e-07,10.102,8.06553,2.81012,10.6436,8.57909,0.869423,11.5336,10.2515,0.270869,12.7211,12.7138,0.0844293,14.1823,15.9373,0.0263173,15.9122,20.0383,0.0082035,17.9198,25.2154,0.00255722,20.2244,31.7373,0.000797017,22.8539,39.9486,0.000248622,25.8438,50.2851,7.75492e-05,29.237,63.2963,2.42508e-05,33.0837,79.6738,7.67162e-06,37.4415,100.288,2.32837e-06,42.3767,126.236,7.33e-07,47.9646,158.896,2.79256e-07,54.2906,200.003,9.87351e-09,61.452,251.741,1.61085e-07,69.5585,316.859,-2.47141e-07,78.7347,398.812,8.93552e-08,89.1218,501.948,-2.53231e-07,100.879,631.736,-1.25047e-07,114.188,795.049,-1.78808e-07,129.252,1000.53,2.6733e-07,146.304,1259.03,4.50292e-07,165.605,1584.19,6.76904e-07,187.452,1993.12,-1.23808e-07,212.181,2507.27,-4.89068e-07,240.173,3153.54,-5.40284e-07,271.856,3965.56,1.86061e-07,307.719,4985.38,4.37004e-07,348.313,6265.4,3.59828e-07,394.26,7870.83,3.98192e-07,446.268,9882.51,-1.92908e-07,505.135,12400.3,-2.20392e-07,571.766,15546.9,1.51705e-07,647.184,19472.2,5.74996e-07,732.547,24357.4,5.39112e-07,829.167,30420,5.07815e-09,938.526,37916.3,-4.11492e-07,1062.3,47143.9,-3.9561e-07,1202.4,58439.2,3.86185e-08,1360.96,72169.3,5.94093e-07,1540.42,88715.8,7.47693e-07,1743.53,108445,1.78537e-07,1973.41,131665,-4.12549e-07,2233.57,158557,-5.37164e-07,2528,189103,-1.17615e-07,2861.2,222986,5.66769e-07,3238.27,259510,9.45053e-07,3664.97,297540,4.25093e-07,4147.81,335497,-3.58506e-07,4694.17,371444,-6.7724e-07,5312.37,403256,1.67192e-07,1.61744,3.89446,9.84394,3.28846,7.5504,12.774,5.07607,11.7187,13.6844,7.03202,16.8147,13.9681,9.20215,23.1769,14.0566,11.6301,31.1672,14.0841,14.3598,41.2186,14.0927,17.4376,53.8688,14.0954,20.9137,69.7915,14.0962,24.8432,89.8341,14.0965,29.2879,115.063,14.0966,34.3168,146.819,14.0966,40.0078,186.792,14.0966,46.4487,237.107,14.0966,53.7388,300.44,14.0966,61.9903,380.158,14.0966,71.3301,480.499,14.0966,81.902,606.796,14.0966,93.8685,765.761,14.0966,107.414,965.837,14.0966,122.746,1217.65,14.0966,140.101,1534.57,14.0966,159.745,1933.41,14.0966,181.981,2435.3,14.0966,207.15,3066.85,14.0966,235.64,3861.46,14.0966,267.889,4861.11,14.0966,304.391,6118.54,14.0966,345.709,7699.91,14.0966,392.478,9688.22,14.0966,445.417,12187.5,14.0966,505.339,15327.7,14.0966,573.165,19271.6,14.0966,649.938,24222,14.0966,736.839,30430.9,14.0966,835.202,38211.5,14.0966,946.539,47950.3,14.0966,1072.56,60122.8,14.0966,1215.21,75309.9,14.0966,1376.66,94216.2,14.0966,1559.41,117688,14.0966,1766.26,146729,14.0966,2000.39,182510,14.0966,2265.39,226372,14.0966,2565.33,279806,14.0966,2904.81,344416,14.0966,3289.05,421845,14.0966,3723.93,513667,14.0966,4216.13,621231,14.0966,4773.18,745478,14.0966,5403.64,886744,14.0966,6117.15,1.04457e+06,14.0966,6924.63,1.2176e+06,14.0966,11.7194,11.96,12.6541,13.9321,16.1295,13.6434,16.6097,21.9702,13.9553,19.7532,29.5285,14.0526,23.3844,39.1143,14.0829,27.5423,51.2054,14.0923,32.2796,66.434,14.0953,37.662,85.6061,14.0962,43.7675,109.74,14.0965,50.687,140.119,14.0966,58.5249,178.359,14.0966,67.4005,226.493,14.0966,77.4493,287.08,14.0966,88.8254,363.343,14.0966,101.703,459.336,14.0966,116.281,580.161,14.0966,132.782,732.241,14.0966,151.46,923.655,14.0966,172.603,1164.57,14.0966,196.535,1467.79,14.0966,223.625,1849.39,14.0966,254.288,2329.62,14.0966,288.997,2933.93,14.0966,328.285,3694.33,14.0966,372.755,4651.04,14.0966,423.092,5854.57,14.0966,480.07,7368.38,14.0966,544.564,9272.08,14.0966,617.566,11665.5,14.0966,700.197,14673.6,14.0966,793.729,18452.9,14.0966,899.599,23198.6,14.0966,1019.43,29154.1,14.0966,1155.07,36622.3,14.0966,1308.6,45977.9,14.0966,1482.39,57683.7,14.0966,1679.09,72307.8,14.0966,1901.73,90542.8,14.0966,2153.73,113226,14.0966,2438.97,141360,14.0966,2761.81,176127,14.0966,3127.22,218898,14.0966,3540.81,271226,14.0966,4008.92,334817,14.0966,4538.74,411470,14.0966,5138.38,502973,14.0966,5817.04,610948,14.0966,6585.12,736653,14.0966,7454.39,880741,14.0966,8438.15,1.04302e+06,14.0966,9551.45,1.22224e+06,14.0966,10811.3,1.41602e+06,14.0966,12237,1.62086e+06,14.0966,11.7194,11.96,12.6541,2.21263,4.16949,0.989383,2.67766,5.84076,0.311842,3.14343,7.55825,0.0972771,3.63127,9.58578,0.0303237,4.15787,12.0912,0.00945211,4.73731,15.2286,0.00294633,5.38238,19.1721,0.000918508,6.10553,24.134,0.000286163,6.91951,30.3791,8.92692e-05,7.83792,38.2397,2.78121e-05,8.87555,48.1338,8.65134e-06,10.0489,60.5876,2.7882e-06,11.3761,76.2629,8.29036e-07,12.8779,95.9927,2.4373e-07,14.5775,120.825,4.33068e-09,16.5012,152.08,1.75749e-07,18.6784,191.415,-1.86328e-07,21.1428,240.917,1.91829e-07,23.9322,303.213,-1.81475e-07,27.0895,381.602,7.0186e-08,30.6634,480.231,-2.86769e-08,34.7087,604.316,2.40784e-07,39.2876,760.401,9.87368e-08,44.4705,956.705,1.22263e-07,50.3371,1203.54,-4.31966e-07,56.9776,1513.81,-1.9705e-07,64.494,1903.69,-2.763e-08,73.0018,2393.4,3.9185e-07,82.6317,3008.13,1.35379e-07,93.5318,3779.25,-4.16351e-08,105.869,4745.7,2.06965e-08,119.834,5955.6,-3.18887e-07,135.641,7468.12,-1.48271e-08,153.531,9355.62,2.00739e-07,173.781,11705.8,2.28358e-07,196.701,14624.1,-1.93587e-08,222.642,18235,-2.88101e-07,252.003,22683.4,-2.24732e-07,285.234,28134,8.56806e-09,322.845,34767,2.34258e-07,365.413,42770.9,2.99668e-07,413.588,52327.9,8.28644e-08,468.111,63591.2,-3.07049e-07,529.814,76653.2,-3.1888e-07,599.642,91502.5,-6.72276e-08,678.662,107975,2.26339e-07,768.083,125705,3.69212e-07,869.267,144088,2.04077e-07,983.76,162277,-2.80509e-07,1113.3,179223,-4.22737e-07,1259.87,193777,-1.71951e-07,1425.68,204839,4.55555e-07,11.7194,11.96,12.6541,2.21263,4.16949,0.989383,2.67766,5.84076,0.311842,3.14343,7.55825,0.0972771,3.63127,9.58578,0.0303237,4.15787,12.0912,0.00945211,4.73731,15.2286,0.00294633,5.38238,19.1721,0.000918508,6.10553,24.134,0.000286163,6.91951,30.3791,8.92692e-05,7.83792,38.2397,2.78121e-05,8.87555,48.1338,8.65134e-06,10.0489,60.5876,2.7882e-06,11.3761,76.2629,8.29036e-07,12.8779,95.9927,2.4373e-07,14.5775,120.825,1e-08,16.5012,152.08,1.75749e-07,18.6784,191.415,1e-08,21.1428,240.917,1.91829e-07,23.9322,303.213,1e-08,27.0895,381.602,7.0186e-08,30.6634,480.231,1e-08,34.7087,604.316,2.40784e-07,39.2876,760.401,9.87368e-08,44.4705,956.705,1.22263e-07,50.3371,1203.54,1e-08,56.9776,1513.81,1e-08,64.494,1903.69,1e-08,73.0018,2393.4,3.9185e-07,82.6317,3008.13,1.35379e-07,93.5318,3779.25,1e-08,105.869,4745.7,2.06965e-08,119.834,5955.6,1e-08,135.641,7468.12,1e-08,153.531,9355.62,2.00739e-07,173.781,11705.8,2.28358e-07,196.701,14624.1,1e-08,222.642,18235,1e-08,252.003,22683.4,1e-08,285.234,28134,1e-08,322.845,34767,2.34258e-07,365.413,42770.9,2.99668e-07,413.588,52327.9,8.28644e-08,468.111,63591.2,1e-08,529.814,76653.2,1e-08,599.642,91502.5,1e-08,678.662,107975,2.26339e-07,768.083,125705,3.69212e-07,869.267,144088,2.04077e-07,983.76,162277,1e-08,1113.3,179223,1e-08,1259.87,193777,1e-08,1425.68,204839,4.55555e-07,6.2823,3.27286,2.43537,0.219672,6.18826,2.24117,0.56371,6.87772,2.63624,0.308279,24,20,10,0,4,3,2,4,0,3,4,1,1,12,0,6,14,0,7,29,0,3,10,0,9,13,0,4,35,0,11,30,0,13,46,0,8,71,0,13,82,0,9,130,0,15,61,0,25,71,0,2,166,0,17,451,0,10,236,0,34,319,0,39,281,0,39,878,0,27,394,0,36,520,0,47,513,0,111,1347,0,36,2025,0,100,1837,0,56,3031,0,144,5723,0,69,4413,0,176,7044,0,62,14087,0,195,11541,0,215,3812,0,281,11796,0,213,17814,0,515,25895,0,375,11009,0,327,13369,0,295,52480,0,335,123816,0,238,39380,0,196,94021,0,752,97914,0,635,67158,0,433,136332,0,653,140736,0,913,148579,0,438,219715,0,1206,149147,0,1705,295526,0
-1.05176e+08,1,8.88811e-15,10,1023,0,1.05176e+08,0.528882,1.08665,0.389689,0.145397,0.379329,3.24381,0.161596,0.446195,1.77396,0.159177,1.15e+07,4.49998e+06,6.79999e+06,1.15e+07,4.49997e+06,6.79999e+06,1.15e+07,4.49996e+06,6.79999e+06,1.15e+07,4.49995e+06,6.79999e+06,1.14999e+07,4.49993e+06,6.79999e+06,1.14999e+07,4.49991e+06,6.79999e+06,1.14999e+07,4.49989e+06,6.79999e+06,1.14999e+07,4.49986e+06,6.79999e+06,1.14999e+07,4.49982e+06,6.79999e+06,1.14999e+07,4.49977e+06,6.79999e+06,1.14999e+07,4.49971e+06,6.79999e+06,1.14999e+07,4.49963e+06,6.79999e+06,1.14998e+07,4.49953e+06,6.79999e+06,1.14998e+07,4.49941e+06,6.79999e+06,1.14998e+07,4.49926e+06,6.79999e+06,1.14998e+07,4.49906e+06,6.79999e+06,1.14997e+07,4.49882e+06,6.79999e+06,1.14997e+07,4.49851e+06,6.79999e+06,1.14997e+07,4.49812e+06,6.79999e+06,1.14996e+07,4.49764e+06,6.79999e+06,1.14996e+07,4.49702e+06,6.79999e+06,1.14995e+07,4.49625e+06,6.79999e+06,1.14995e+07,4.49528e+06,6.79999e+06,1.14994e+07,4.49406e+06,6.79999e+06,1.14993e+07,4.49253e+06,6.79999e+06,1.14992e+07,4.49059e+06,6.79999e+06,1.14991e+07,4.48817e+06,6.79999e+06,1.1499e+07,4.48511e+06,6.79999e+06,1.14988e+07,4.48128e+06,6.79999e+06,1.14987e+07,4.47646e+06,6.79999e+06,1.14985e+07,4.47041e+06,6.79999e+06,1.14983e+07,4.46281e+06,6.79999e+06,1.14981e+07,4.4533e+06,6.79999e+06,1.14979e+07,4.44138e+06,6.79999e+06,1.14976e+07,4.42649e+06,6.79999e+06,1.14972e+07,4.40789e+06,6.79999e+06,1.14969e+07,4.38471e+06,6.79999e+06,1.14965e+07,4.35592e+06,6.79999e+06,1.1496e+07,4.32027e+06,6.79999e+06,1.14955e+07,4.27629e+06,6.79999e+06,1.14949e+07,4.22231e+06,6.79999e+06,1.14942e+07,4.15647e+06,6.79999e+06,1.14934e+07,4.07676e+06,6.79999e+06,1.14926e+07,3.98112e+06,6.79999e+06,1.14916e+07,3.86765e+06,6.79999e+06,1.14905e+07,3.73474e+06,6.79999e+06,1.14892e+07,3.58148e+06,6.79999e+06,1.14878e+07,3.40785e+06,6.79999e+06,1.14862e+07,3.21513e+06,6.79999e+06,1.14844e+07,3.00605e+06,6.79999e+06,1.14823e+07,2.7848e+06,6.79999e+06,1.148e+07,2.5568e+06,6.79999e+06,1.14773e+07,2.32825e+06,6.79999e+06,13.5742,8.52444,0.508366,16.8306,13.2585,0.162638,20.0035,17.569,0.0507846,23.2616,22.4214,0.0158319,26.7328,28.3297,0.00493498,30.5212,35.6974,0.00153831,34.7178,44.9473,0.000479527,39.4086,56.5822,0.000149456,44.6796,71.2245,4.66214e-05,50.6209,89.6543,1.45419e-05,57.3297,112.852,4.54748e-06,64.9129,142.051,1.43857e-06,73.4897,178.803,4.36618e-07,83.1934,225.062,1.40153e-07,94.1745,283.286,4.96378e-08,106.602,356.568,1.05434e-07,120.669,448.799,-6.49244e-08,136.59,564.873,1.70148e-07,154.611,710.948,-5.34594e-08,175.008,894.767,1.63407e-07,198.097,1126.06,8.04804e-08,224.231,1417.07,1.14667e-07,253.813,1783.15,-1.71227e-07,287.297,2243.62,-2.88466e-07,325.198,2822.67,-4.33651e-07,368.098,3550.67,7.9318e-08,416.657,4465.65,3.13319e-07,471.621,5615.16,3.4613e-07,533.835,7058.61,-1.19199e-07,604.255,8870.02,-2.79964e-07,683.962,11141.4,-2.30521e-07,774.182,13986.7,-2.55099e-07,876.299,17546.4,1.23585e-07,991.883,21993.1,1.41192e-07,1122.71,27536.7,-9.71886e-08,1270.78,34430.7,-3.68368e-07,1438.38,42977.7,-3.45379e-07,1628.07,53532.7,-3.25328e-09,1842.77,66504.6,2.6362e-07,2085.77,82350.2,2.53445e-07,2360.79,101560,-2.47407e-08,2672.05,124632,-3.80602e-07,3024.31,152018,-4.79005e-07,3422.98,184060,-1.14379e-07,3874.15,220884,2.64297e-07,4384.72,262283,3.44131e-07,4962.49,307576,7.5349e-08,5616.29,355497,-3.63097e-07,6356.1,404126,-6.05442e-07,7193.18,450932,-2.72333e-07,8140.28,492963,2.29675e-07,9211.79,527178,4.3387e-07,10424,550893,-1.0711e-07,10.102,8.06553,2.81012,10.6436,8.57909,0.869423,11.5336,10.2515,0.270869,12.7211,12.7138,0.0844293,14.1823,15.9373,0.0263173,15.9122,20.0383,0.0082035,17.9198,25.2154,0.00255722,20.2244,31.7373,0.000797017,22.8539,39.9486,0.000248622,25.8438,50.2851,7.75492e-05,29.237,63.2963,2.42508e-05,33.0837,79.6738,7.67162e-06,37.4415,100.288,2.32837e-06,42.3767,126.236,7.33e-07,47.9646,158.896,2.79256e-07,54.2906,200.003,9.87351e-09,61.452,251.741,1.61085e-07,69.5585,316.859,-2.47141e-07,78.7347,398.812,8.93552e-08,89.1218,501.948,-2.53231e-07,100.879,631.736,-1.25047e-07,114.188,795.049,-1.78808e-07,129.252,1000.53,2.6733e-07,146.304,1259.03,4.50292e-07,165.605,1584.19,6.76904e-07,187.452,1993.12,-1.23808e-07,212.181,2507.27,-4.89068e-07,240.173,3153.54,-5.40284e-07,271.856,3965.56,1.86061e-07,307.719,4985.38,4.37004e-07,348.313,6265.4,3.59828e-07,394.26,7870.83,3.98192e-07,446.268,9882.51,-1.92908e-07,505.135,12400.3,-2.20392e-07,571.766,15546.9,1.51705e-07,647.184,19472.2,5.74996e-07,732.547,24357.4,5.39112e-07,829.167,30420,5.07815e-09,938.526,37916.3,-4.11492e-07,1062.3,47143.9,-3.9561e-07,1202.4,58439.2,3.86185e-08,1360.96,72169.3,5.94093e-07,1540.42,88715.8,7.47693e-07,1743.53,108445,1.78537e-07,1973.41,131665,-4.12549e-07,2233.57,158557,-5.37164e-07,2528,189103,-1.17615e-07,2861.2,222986,5.66769e-07,3238.27,259510,9.45053e-07,3664.97,297540,4.25093e-07,4147.81,335497,-3.58506e-07,4694.17,371444,-6.7724e-07,5312.37,403256,1.67192e-07,1.61744,3.89446,9.84394,3.28846,7.5504,12.774,5.07607,11.7187,13.6844,7.03202,16.8147,13.9681,9.20215,23.1769,14.0566,11.6301,31.1672,14.0841,14.3598,41.2186,14.0927,17.4376,53.8688,14.0954,20.9137,69.7915,14.0962,24.8432,89.8341,14.0965,29.2879,115.063,14.0966,34.3168,146.819,14.0966,40.0078,186.792,14.0966,46.4487,237.107,14.0966,53.7388,300.44,14.0966,61.9903,380.158,14.0966,71.3301,480.499,14.0966,81.902,606.796,14.0966,93.8685,765.761,14.0966,107.414,965.837,14.0966,122.746,1217.65,14.0966,140.101,1534.57,14.0966,159.745,1933.41,14.0966,181.981,2435.3,14.0966,207.15,3066.85,14.0966,235.64,3861.46,14.0966,267.889,4861.11,14.0966,304.391,6118.54,14.0966,345.709,7699.91,14.0966,392.478,9688.22,14.0966,445.417,12187.5,14.0966,505.339,15327.7,14.0966,573.165,19271.6,14.0966,649.938,24222,14.0966,736.839,30430.9,14.0966,835.202,38211.5,14.0966,946.539,47950.3,14.0966,1072.56,60122.8,14.0966,1215.21,75309.9,14.0966,1376.66,94216.2,14.0966,1559.41,117688,14.0966,1766.26,146729,14.0966,2000.39,182510,14.0966,2265.39,226372,14.0966,2565.33,279806,14.0966,2904.81,344416,14.0966,3289.05,421845,14.0966,3723.93,513667,14.0966,4216.13,621231,14.0966,4773.18,745478,14.0966,5403.64,886744,14.0966,6117.15,1.04457e+06,14.0966,6924.63,1.2176e+06,14.0966,11.7194,11.96,12.6541,13.9321,16.1295,13.6434,16.6097,21.9702,13.9553,19.7532,29.5285,14.0526,23.3844,39.1143,14.0829,27.5423,51.2054,14.0923,32.2796,66.434,14.0953,37.662,85.6061,14.0962,43.7675,109.74,14.0965,50.687,140.119,14.0966,58.5249,178.359,14.0966,67.4005,226.493,14.0966,77.4493,287.08,14.0966,88.8254,363.343,14.0966,101.703,459.336,14.0966,116.281,580.161,14.0966,132.782,732.241,14.0966,151.46,923.655,14.0966,172.603,1164.57,14.0966,196.535,1467.79,14.0966,223.625,1849.39,14.0966,254.288,2329.62,14.0966,288.997,2933.93,14.0966,328.285,3694.33,14.0966,372.755,4651.04,14.0966,423.092,5854.57,14.0966,480.07,7368.38,14.0966,544.564,9272.08,14.0966,617.566,11665.5,14.0966,700.197,14673.6,14.0966,793.729,18452.9,14.0966,899.599,23198.6,14.0966,1019.43,29154.1,14.0966,1155.07,36622.3,14.0966,1308.6,45977.9,14.0966,1482.39,57683.7,14.0966,1679.09,72307.8,14.0966,1901.73,90542.8,14.0966,2153.73,113226,14.0966,2438.97,141360,14.0966,2761.81,176127,14.0966,3127.22,218898,14.0966,3540.81,271226,14.0966,4008.92,334817,14.0966,4538.74,411470,14.0966,5138.38,502973,14.0966,5817.04,610948,14.0966,6585.12,736653,14.0966,7454.39,880741,14.0966,8438.15,1.04302e+06,14.0966,9551.45,1.22224e+06,14.0966,10811.3,1.41602e+06,14.0966,12237,1.62086e+06,14.0966,11.7194,11.96,12.6541,2.21263,4.16949,0.989383,2.67766,5.84076,0.311842,3.14343,7.55825,0.0972771,3.63127,9.58578,0.0303237,4.15787,12.0912,0.00945211,4.73731,15.2286,0.00294633,5.38238,19.1721,0.000918508,6.10553,24.134,0.000286163,6.91951,30.3791,8.92692e-05,7.83792,38.2397,2.78121e-05,8.87555,48.1338,8.65134e-06,10.0489,60.5876,2.7882e-06,11.3761,76.2629,8.29036e-07,12.8779,95.9927,2.4373e-07,14.5775,120.825,4.33068e-09,16.5012,152.08,1.75749e-07,18.6784,191.415,-1.86328e-07,21.1428,240.917,1.91829e-07,23.9322,303.213,-1.81475e-07,27.0895,381.602,7.0186e-08,30.6634,480.231,-2.86769e-08,34.7087,604.316,2.40784e-07,39.2876,760.401,9.87368e-08,44.4705,956.705,1.22263e-07,50.3371,1203.54,-4.31966e-07,56.9776,1513.81,-1.9705e-07,64.494,1903.69,-2.763e-08,73.0018,2393.4,3.9185e-07,82.6317,3008.13,1.35379e-07,93.5318,3779.25,-4.16351e-08,105.869,4745.7,2.06965e-08,119.834,5955.6,-3.18887e-07,135.641,7468.12,-1.48271e-08,153.531,9355.62,2.00739e-07,173.781,11705.8,2.28358e-07,196.701,14624.1,-1.93587e-08,222.642,18235,-2.88101e-07,252.003,22683.4,-2.24732e-07,285.234,28134,8.56806e-09,322.845,34767,2.34258e-07,365.413,42770.9,2.99668e-07,413.588,52327.9,8.28644e-08,468.111,63591.2,-3.07049e-07,529.814,76653.2,-3.1888e-07,599.642,91502.5,-6.72276e-08,678.662,107975,2.26339e-07,768.083,125705,3.69212e-07,869.267,144088,2.04077e-07,983.76,162277,-2.80509e-07,1113.3,179223,-4.22737e-07,1259.87,193777,-1.71951e-07,1425.68,204839,4.55555e-07,11.7194,11.96,12.6541,2.21263,4.16949,0.989383,2.67766,5.84076,0.311842,3.14343,7.55825,0.0972771,3.63127,9.58578,0.0303237,4.15787,12.0912,0.00945211,4.73731,15.2286,0.00294633,5.38238,19.1721,0.000918508,6.10553,24.134,0.000286163,6.91951,30.3791,8.92692e-05,7.83792,38.2397,2.78121e-05,8.87555,48.1338,8.65134e-06,10.0489,60.5876,2.7882e-06,11.3761,76.2629,8.29036e-07,12.8779,95.9927,2.4373e-07,14.5775,120.825,1e-08,16.5012,152.08,1.75749e-07,18.6784,191.415,1e-08,21.1428,240.917,1.91829e-07,23.9322,303.213,1e-08,27.0895,381.602,7.0186e-08,30.6634,480.231,1e-08,34.7087,604.316,2.40784e-07,39.2876,760.401,9.87368e-08,44.4705,956.705,1.22263e-07,50.3371,1203.54,1e-08,56.9776,1513.81,1e-08,64.494,1903.69,1e-08,73.0018,2393.4,3.9185e-07,82.6317,3008.13,1.35379e-07,93.5318,3779.25,1e-08,105.869,4745.7,2.06965e-08,119.834,5955.6,1e-08,135.641,7468.12,1e-08,153.531,9355.62,2.00739e-07,173.781,11705.8,2.28358e-07,196.701,14624.1,1e-08,222.642,18235,1e-08,252.003,22683.4,1e-08,285.234,28134,1e-08,322.845,34767,2.34258e-07,365.413,42770.9,2.99668e-07,413.588,52327.9,8.28644e-08,468.111,63591.2,1e-08,529.814,76653.2,1e-08,599.642,91502.5,1e-08,678.662,107975,2.26339e-07,768.083,125705,3.69212e-07,869.267,144088,2.04077e-07,983.76,162277,1e-08,1113.3,179223,1e-08,1259.87,193777,1e-08,1425.68,204839,4.55555e-07,6.2823,3.27286,2.43537,0.219672,6.18826,2.24117,0.56371,6.87772,2.63624,0.308279,14,9,15,7,8,0,3,6,1,1,15,0,4,5,0,4,17,0,1,3,0,8,16,0,2,30,0,6,23,0,15,17,0,6,19,0,5,50,0,4,70,0,16,63,0,15,81,0,13,118,0,32,126,0,17,308,0,13,545,0,12,441,0,41,325,0,26,391,0,72,888,0,24,1517,0,60,1526,0,50,726,0,52,1531,0,60,931,0,53,2365,0,179,3877,0,108,4473,0,237,9222,0,53,10467,0,151,6867,0,130,12257,0,225,14237,0,135,33633,0,360,32277,0,126,13703,0,464,21205,0,392,31835,0,504,67216,0,337,41200,0,450,131288,0,501,77580,0,888,74078,0,457,183797,0,555,143537,0,391,175251,0,1683,107575,0,1820,206686,0,1197,202945,0
-1.05176e+08,1,8.88811e-15,10,1023,0,1.05176e+08,0.528882,1.08665,0.389689,0.145397,0.379329,3.24381,0.161596,0.446195,1.77396,0.159177,1.15e+07,4.49998e+06,6.79999e+06,1.15e+07,4.49997e+06,6.79999e+06,1.15e+07,4.49996e+06,6.79999e+06,1.15e+07,4.49995e+06,6.79999e+06,1.14999e+07,4.49993e+06,6.79999e+06,1.14999e+07,4.49991e+06,6.79999e+06,1.14999e+07,4.49989e+06,6.79999e+06,1.14999e+07,4.49986e+06,6.79999e+06,1.14999e+07,4.49982e+06,6.79999e+06,1.14999e+07,4.49977e+06,6.79999e+06,1.14999e+07,4.49971e+06,6.79999e+06,1.14999e+07,4.49963e+06,6.79999e+06,1.14998e+07,4.49953e+06,6.79999e+06,1.14998e+07,4.49941e+06,6.79999e+06,1.14998e+07,4.49926e+06,6.79999e+06,1.14998e+07,4.49906e+06,6.79999e+06,1.14997e+07,4.49882e+06,6.79999e+06,1.14997e+07,4.49851e+06,6.79999e+06,1.14997e+07,4.49812e+06,6.79999e+06,1.14996e+07,4.49764e+06,6.79999e+06,1.14996e+07,4.49702e+06,6.79999e+06,1.14995e+07,4.49625e+06,6.79999e+06,1.14995e+07,4.49528e+06,6.79999e+06,1.14994e+07,4.49406e+06,6.79999e+06,1.14993e+07,4.49253e+06,6.79999e+06,1.14992e+07,4.49059e+06,6.79999e+06,1.14991e+07,4.48817e+06,6.79999e+06,1.1499e+07,4.48511e+06,6.79999e+06,1.14988e+07,4.48128e+06,6.79999e+06,1.14987e+07,4.47646e+06,6.79999e+06,1.14985e+07,4.47041e+06,6.79999e+06,1.14983e+07,4.46281e+06,6.79999e+06,1.14981e+07,4.4533e+06,6.79999e+06,1.14979e+07,4.44138e+06,6.79999e+06,1.14976e+07,4.42649e+06,6.79999e+06,1.14972e+07,4.40789e+06,6.79999e+06,1.14969e+07,4.38471e+06,6.79999e+06,1.14965e+07,4.35592e+06,6.79999e+06,1.1496e+07,4.32027e+06,6.79999e+06,1.14955e+07,4.27629e+06,6.79999e+06,1.14949e+07,4.22231e+06,6.79999e+06,1.14942e+07,4.15647e+06,6.79999e+06,1.14934e+07,4.07676e+06,6.79999e+06,1.14926e+07,3.98112e+06,6.79999e+06,1.14916e+07,3.86765e+06,6.79999e+06,1.14905e+07,3.73474e+06,6.79999e+06,1.14892e+07,3.58148e+06,6.79999e+06,1.14878e+07,3.40785e+06,6.79999e+06,1.14862e+07,3.21513e+06,6.79999e+06,1.14844e+07,3.00605e+06,6.79999e+06,1.14823e+07,2.7848e+06,6.79999e+06,1.148e+07,2.5568e+06,6.79999e+06,1.14773e+07,2.32825e+06,6.79999e+06,13.5742,8.52444,0.508366,16.8306,13.2585,0.162638,20.0035,17.569,0.0507846,23.2616,22.4214,0.0158319,26.7328,28.3297,0.00493498,30.5212,35.6974,0.00153831,34.7178,44.9473,0.000479527,39.4086,56.5822,0.000149456,44.6796,71.2245,4.66214e-05,50.6209,89.6543,1.45419e-05,57.3297,112.852,4.54748e-06,64.9129,142.051,1.43857e-06,73.4897,178.803,4.36618e-07,83.1934,225.062,1.40153e-07,94.1745,283.286,4.96378e-08,106.602,356.568,1.05434e-07,120.669,448.799,-6.49244e-08,136.59,564.873,1.70148e-07,154.611,710.948,-5.34594e-08,175.008,894.767,1.63407e-07,198.097,1126.06,8.04804e-08,224.231,1417.07,1.14667e-07,253.813,1783.15,-1.71227e-07,287.297,2243.62,-2.88466e-07,325.198,2822.67,-4.33651e-07,368.098,3550.67,7.9318e-08,416.657,4465.65,3.13319e-07,471.621,5615.16,3.4613e-07,533.835,7058.61,-1.19199e-07,604.255,8870.02,-2.79964e-07,683.962,11141.4,-2.30521e-07,774.182,13986.7,-2.55099e-07,876.299,17546.4,1.23585e-07,991.883,21993.1,1.41192e-07,1122.71,27536.7,-9.71886e-08,1270.78,34430.7,-3.68368e-07,1438.38,42977.7,-3.45379e-07,1628.07,53532.7,-3.25328e-09,1842.77,66504.6,2.6362e-07,2085.77,82350.2,2.53445e-07,2360.79,101560,-2.47407e-08,2672.05,124632,-3.80602e-07,3024.31,152018,-4.79005e-07,3422.98,184060,-1.14379e-07,3874.15,220884,2.64297e-07,4384.72,262283,3.44131e-07,4962.49,307576,7.5349e-08,5616.29,355497,-3.63097e-07,6356.1,404126,-6.05442e-07,7193.18,450932,-2.72333e-07,8140.28,492963,2.29675e-07,9211.79,527178,4.3387e-07,10424,550893,-1.0711e-07,10.102,8.06553,2.81012,10.6436,8.57909,0.869423,11.5336,10.2515,0.270869,12.7211,12.7138,0.0844293,14.1823,15.9373,0.0263173,15.9122,20.0383,0.0082035,17.9198,25.2154,0.00255722,20.2244,31.7373,0.000797017,22.8539,39.9486,0.000248622,25.8438,50.2851,7.75492e-05,29.237,63.2963,2.42508e-05,33.0837,79.6738,7.67162e-06,37.4415,100.288,2.32837e-06,42.3767,126.236,7.33e-07,47.9646,158.896,2.79256e-07,54.2906,200.003,9.87351e-09,61.452,251.741,1.61085e-07,69.5585,316.859,-2.47141e-07,78.7347,398.812,8.93552e-08,89.1218,501.948,-2.53231e-07,100.879,631.736,-1.25047e-07,114.188,795.049,-1.78808e-07,129.252,1000.53,2.6733e-07,146.304,1259.03,4.50292e-07,165.605,1584.19,6.76904e-07,187.452,1993.12,-1.23808e-07,212.181,2507.27,-4.89068e-07,240.173,3153.54,-5.40284e-07,271.856,3965.56,1.86061e-07,307.719,4985.38,4.37004e-07,348.313,6265.4,3.59828e-07,394.26,7870.83,3.98192e-07,446.268,9882.51,-1.92908e-07,505.135,12400.3,-2.20392e-07,571.766,15546.9,1.51705e-07,647.184,19472.2,5.74996e-07,732.547,24357.4,5.39112e-07,829.167,30420,5.07815e-09,938.526,37916.3,-4.11492e-07,1062.3,47143.9,-3.9561e-07,1202.4,58439.2,3.86185e-08,1360.96,72169.3,5.94093e-07,1540.42,88715.8,7.47693e-07,1743.53,108445,1.78537e-07,1973.41,131665,-4.12549e-07,2233.57,158557,-5.37164e-07,2528,189103,-1.17615e-07,2861.2,222986,5.66769e-07,3238.27,259510,9.45053e-07,3664.97,297540,4.25093e-07,4147.81,335497,-3.58506e-07,4694.17,371444,-6.7724e-07,5312.37,403256,1.67192e-07,1.61744,3.89446,9.84394,3.28846,7.5504,12.774,5.07607,11.7187,13.6844,7.03202,16.8147,13.9681,9.20215,23.1769,14.0566,11.6301,31.1672,14.0841,14.3598,41.2186,14.0927,17.4376,53.8688,14.0954,20.9137,69.7915,14.0962,24.8432,89.8341,14.0965,29.2879,115.063,14.0966,34.3168,146.819,14.0966,40.0078,186.792,14.0966,46.4487,237.107,14.0966,53.7388,300.44,14.0966,61.9903,380.158,14.0966,71.3301,480.499,14.0966,81.902,606.796,14.0966,93.8685,765.761,14.0966,107.414,965.837,14.0966,122.746,1217.65,14.0966,140.101,1534.57,14.0966,159.745,1933.41,14.0966,181.981,2435.3,14.0966,207.15,3066.85,14.0966,235.64,3861.46,14.0966,267.889,4861.11,14.0966,304.391,6118.54,14.0966,345.709,7699.91,14.0966,392.478,9688.22,14.0966,445.417,12187.5,14.0966,505.339,15327.7,14.0966,573.165,19271.6,14.0966,649.938,24222,14.0966,736.839,30430.9,14.0966,835.202,38211.5,14.0966,946.539,47950.3,14.0966,1072.56,60122.8,14.0966,1215.21,75309.9,14.0966,1376.66,94216.2,14.0966,1559.41,117688,14.0966,1766.26,146729,14.0966,2000.39,182510,14.0966,2265.39,226372,14.0966,2565.33,279806,14.0966,2904.81,344416,14.0966,3289.05,421845,14.0966,3723.93,513667,14.0966,4216.13,621231,14.0966,4773.18,745478,14.0966,5403.64,886744,14.0966,6117.15,1.04457e+06,14.0966,6924.63,1.2176e+06,14.0966,11.7194,11.96,12.6541,13.9321,16.1295,13.6434,16.6097,21.9702,13.9553,19.7532,29.5285,14.0526,23.3844,39.1143,14.0829,27.5423,51.2054,14.0923,32.2796,66.434,14.0953,37.662,85.6061,14.0962,43.7675,109.74,14.0965,50.687,140.119,14.0966,58.5249,178.359,14.0966,67.4005,226.493,14.0966,77.4493,287.08,14.0966,88.8254,363.343,14.0966,101.703,459.336,14.0966,116.281,580.161,14.0966,132.782,732.241,14.0966,151.46,923.655,14.0966,172.603,1164.57,14.0966,196.535,1467.79,14.0966,223.625,1849.39,14.0966,254.288,2329.62,14.0966,288.997,2933.93,14.0966,328.285,3694.33,14.0966,372.755,4651.04,14.0966,423.092,5854.57,14.0966,480.07,7368.38,14.0966,544.564,9272.08,14.0966,617.566,11665.5,14.0966,700.197,14673.6,14.0966,793.729,18452.9,14.0966,899.599,23198.6,14.0966,1019.43,29154.1,14.0966,1155.07,36622.3,14.0966,1308.6,45977.9,14.0966,1482.39,57683.7,14.0966,1679.09,72307.8,14.0966,1901.73,90542.8,14.0966,2153.73,113226,14.0966,2438.97,141360,14.0966,2761.81,176127,14.0966,3127.22,218898,14.0966,3540.81,271226,14.0966,4008.92,334817,14.0966,4538.74,411470,14.0966,5138.38,502973,14.0966,5817.04,610948,14.0966,6585.12,736653,14.0966,7454.39,880741,14.0966,8438.15,1.04302e+06,14.0966,9551.45,1.22224e+06,14.0966,10811.3,1.41602e+06,14.0966,12237,1.62086e+06,14.0966,11.7194,11.96,12.6541,2.21263,4.16949,0.989383,2.67766,5.84076,0.311842,3.14343,7.55825,0.0972771,3.63127,9.58578,0.0303237,4.15787,12.0912,0.00945211,4.73731,15.2286,0.00294633,5.38238,19.1721,0.000918508,6.10553,24.134,0.000286163,6.91951,30.3791,8.92692e-05,7.83792,38.2397,2.78121e-05,8.87555,48.1338,8.65134e-06,10.0489,60.5876,2.7882e-06,11.3761,76.2629,8.29036e-07,12.8779,95.9927,2.4373e-07,14.5775,120.825,4.33068e-09,16.5012,152.08,1.75749e-07,18.6784,191.415,-1.86328e-07,21.1428,240.917,1.91829e-07,23.9322,303.213,-1.81475e-07,27.0895,381.602,7.0186e-08,30.6634,480.231,-2.86769e-08,34.7087,604.316,2.40784e-07,39.2876,760.401,9.87368e-08,44.4705,956.705,1.22263e-07,50.3371,1203.54,-4.31966e-07,56.9776,1513.81,-1.9705e-07,64.494,1903.69,-2.763e-08,73.0018,2393.4,3.9185e-07,82.6317,3008.13,1.35379e-07,93.5318,3779.25,-4.16351e-08,105.869,4745.7,2.06965e-08,119.834,5955.6,-3.18887e-07,135.641,7468.12,-1.48271e-08,153.531,9355.62,2.00739e-07,173.781,11705.8,2.28358e-07,196.701,14624.1,-1.93587e-08,222.642,18235,-2.88101e-07,252.003,22683.4,-2.24732e-07,285.234,28134,8.56806e-09,322.845,34767,2.34258e-07,365.413,42770.9,2.99668e-07,413.588,52327.9,8.28644e-08,468.111,63591.2,-3.07049e-07,529.814,76653.2,-3.1888e-07,599.642,91502.5,-6.72276e-08,678.662,107975,2.26339e-07,768.083,125705,3.69212e-07,869.267,144088,2.04077e-07,983.76,162277,-2.80509e-07,1113.3,179223,-4.22737e-07,1259.87,193777,-1.71951e-07,1425.68,204839,4.55555e-07,11.7194,11.96,12.6541,2.21263,4.16949,0.989383,2.67766,5.84076,0.311842,3.14343,7.55825,0.0972771,3.63127,9.58578,0.0303237,4.15787,12.0912,0.00945211,4.73731,15.2286,0.00294633,5.38238,19.1721,0.000918508,6.10553,24.134,0.000286163,6.91951,30.3791,8.92692e-05,7.83792,38.2397,2.78121e-05,8.87555,48.1338,8.65134e-06,10.0489,60.5876,2.7882e-06,11.3761,76.2629,8.29036e-07,12.8779,95.9927,2.4373e-07,14.5775,120.825,1e-08,16.5012,152.08,1.75749e-07,18.6784,191.415,1e-08,21.1428,240.917,1.91829e-07,23.9322,303.213,1e-08,27.0895,381.602,7.0186e-08,30.6634,480.231,1e-08,34.7087,604.316,2.40784e-07,39.2876,760.401,9.87368e-08,44.4705,956.705,1.22263e-07,50.3371,1203.54,1e-08,56.9776,1513.81,1e-08,64.494,1903.69,1e-08,73.0018,2393.4,3.9185e-07,82.6317,3008.13,1.35379e-07,93.5318,3779.25,1e-08,105.869,4745.7,2.06965e-08,119.834,5955.6,1e-08,135.641,7468.12,1e-08,153.531,9355.62,2.00739e-07,173.781,11705.8,2.28358e-07,196.701,14624.1,1e-08,222.642,18235,1e-08,252.003,22683.4,1e-08,285.234,28134,1e-08,322.845,34767,2.34258e-07,365.413,42770.9,2.99668e-07,413.588,52327.9,8.28644e-08,468.111,63591.2,1e-08,529.814,76653.2,1e-08,599.642,91502.5,1e-08,678.662,107975,2.26339e-07,768.083,125705,3.69212e-07,869.267,144088,2.04077e-07,983.76,162277,1e-08,1113.3,179223,1e-08,1259.87,193777,1e-08,1425.68,204839,4.55555e-07,6.2823,3.27286,2.43537,0.219672,6.18826,2.24117,0.56371,6.87772,2.63624,0.308279,6,18,5,4,5,0,0,12,0,0,2,0,1,10,0,3,7,0,7,14,0,11,15,0,10,19,0,7,8,0,11,57,0,12,37,0,4,45,0,17,95,0,17,27,0,20,229,0,9,205,0,20,140,0,19,220,0,15,169,0,35,209,0,33,887,0,38,378,0,19,534,0,40,277,0,47,877,0,38,1841,0,80,1470,0,35,2789,0,85,3505,0,51,2485,0,131,4214,0,170,6229,0,101,9850,0,141,7528,0,124,8805,0,184,12948,0,194,13637,0,122,35704,0,488,29270,0,342,17080,0,301,28034,0,395,36026,0,523,89444,0,482,64285,0,535,48033,0,687,120237,0,744,243614,0,499,160599,0,1061,127527,0,796,177040,0,980,230775,0,257,190968,0
-1.05176e+08,1,8.88811e-15,10,1023,0,1.05176e+08,0.528882,1.08665,0.389689,0.145397,0.379329,3.24381,0.161596,0.446195,1.77396,0.159177,1.15e+07,4.49998e+06,6.79999e+06,1.15e+07,4.49997e+06,6.79999e+06,1.15e+07,4.49996e+06,6.79999e+06,1.15e+07,4.49995e+06,6.79999e+06,1.14999e+07,4.49993e+06,6.79999e+06,1.14999e+07,4.49991e+06,6.79999e+06,1.14999e+07,4.49989e+06,6.79999e+06,1.14999e+07,4.49986e+06,6.79999e+06,1.14999e+07,4.49982e+06,6.79999e+06,1.14999e+07,4.49977e+06,6.79999e+06,1.14999e+07,4.49971e+06,6.79999e+06,1.14999e+07,4.49963e+06,6.79999e+06,1.14998e+07,4.49953e+06,6.79999e+06,1.14998e+07,4.49941e+06,6.79999e+06,1.14998e+07,4.49926e+06,6.79999e+06,1.14998e+07,4.49906e+06,6.79999e+06,1.14997e+07,4.49882e+06,6.79999e+06,1.14997e+07,4.49851e+06,6.79999e+06,1.14997e+07,4.49812e+06,6.79999e+06,1.14996e+07,4.49764e+06,6.79999e+06,1.14996e+07,4.49702e+06,6.79999e+06,1.14995e+07,4.49625e+06,6.79999e+06,1.14995e+07,4.49528e+06,6.79999e+06,1.14994e+07,4.49406e+06,6.79999e+06,1.14993e+07,4.49253e+06,6.79999e+06,1.14992e+07,4.49059e+06,6.79999e+06,1.14991e+07,4.48817e+06,6.79999e+06,1.1499e+07,4.48511e+06,6.79999e+06,1.14988e+07,4.48128e+06,6.79999e+06,1.14987e+07,4.47646e+06,6.79999e+06,1.14985e+07,4.47041e+06,6.79999e+06,1.14983e+07,4.46281e+06,6.79999e+06,1.14981e+07,4.4533e+06,6.79999e+06,1.14979e+07,4.44138e+06,6.79999e+06,1.14976e+07,4.42649e+06,6.79999e+06,1.14972e+07,4.40789e+06,6.79999e+06,1.14969e+07,4.38471e+06,6.79999e+06,1.14965e+07,4.35592e+06,6.79999e+06,1.1496e+07,4.32027e+06,6.79999e+06,1.14955e+07,4.27629e+06,6.79999e+06,1.14949e+07,4.22231e+06,6.79999e+06,1.14942e+07,4.15647e+06,6.79999e+06,1.14934e+07,4.07676e+06,6.79999e+06,1.14926e+07,3.98112e+06,6.79999e+06,1.14916e+07,3.86765e+06,6.79999e+06,1.14905e+07,3.73474e+06,6.79999e+06,1.14892e+07,3.58148e+06,6.79999e+06,1.14878e+07,3.40785e+06,6.79999e+06,1.14862e+07,3.21513e+06,6.79999e+06,1.14844e+07,3.00605e+06,6.79999e+06,1.14823e+07,2.7848e+06,6.79999e+06,1.148e+07,2.5568e+06,6.79999e+06,1.14773e+07,2.32825e+06,6.79999e+06,13.5742,8.52444,0.508366,16.8306,13.2585,0.162638,20.0035,17.569,0.0507846,23.2616,22.4214,0.0158319,26.7328,28.3297,0.00493498,30.5212,35.6974,0.00153831,34.7178,44.9473,0.000479527,39.4086,56.5822,0.000149456,44.6796,71.2245,4.66214e-05,50.6209,89.6543,1.45419e-05,57.3297,112.852,4.54748e-06,64.9129,142.051,1.43857e-06,73.4897,178.803,4.36618e-07,83.1934,225.062,1.40153e-07,94.1745,283.286,4.96378e-08,106.602,356.568,1.05434e-07,120.669,448.799,-6.49244e-08,136.59,564.873,1.70148e-07,154.611,710.948,-5.34594e-08,175.008,894.767,1.63407e-07,198.097,1126.06,8.04804e-08,224.231,1417.07,1.14667e-07,253.813,1783.15,-1.71227e-07,287.297,2243.62,-2.88466e-07,325.198,2822.67,-4.33651e-07,368.098,3550.67,7.9318e-08,416.657,4465.65,3.13319e-07,471.621,5615.16,3.4613e-07,533.835,7058.61,-1.19199e-07,604.255,8870.02,-2.79964e-07,683.962,11141.4,-2.30521e-07,774.182,13986.7,-2.55099e-07,876.299,17546.4,1.23585e-07,991.883,21993.1,1.41192e-07,1122.71,27536.7,-9.71886e-08,1270.78,34430.7,-3.68368e-07,1438.38,42977.7,-3.45379e-07,1628.07,53532.7,-3.25328e-09,1842.77,66504.6,2.6362e-07,2085.77,82350.2,2.53445e-07,2360.79,101560,-2.47407e-08,2672.05,124632,-3.80602e-07,3024.31,152018,-4.79005e-07,3422.98,184060,-1.14379e-07,3874.15,220884,2.64297e-07,4384.72,262283,3.44131e-07,4962.49,307576,7.5349e-08,5616.29,355497,-3.63097e-07,6356.1,404126,-6.05442e-07,7193.18,450932,-2.72333e-07,8140.28,492963,2.29675e-07,9211.79,527178,4.3387e-07,10424,550893,-1.0711e-07,10.102,8.06553,2.81012,10.6436,8.57909,0.869423,11.5336,10.2515,0.270869,12.7211,12.7138,0.0844293,14.1823,15.9373,0.0263173,15.9122,20.0383,0.0082035,17.9198,25.2154,0.00255722,20.2244,31.7373,0.000797017,22.8539,39.9486,0.000248622,25.8438,50.2851,7.75492e-05,29.237,63.2963,2.42508e-05,33.0837,79.6738,7.67162e-06,37.4415,100.288,2.32837e-06,42.3767,126.236,7.33e-07,47.9646,158.896,2.79256e-07,54.2906,200.003,9.87351e-09,61.452,251.741,1.61085e-07,69.5585,316.859,-2.47141e-07,78.7347,398.812,8.93552e-08,89.1218,501.948,-2.53231e-07,100.879,631.736,-1.25047e-07,114.188,795.049,-1.78808e-07,129.252,1000.53,2.6733e-07,146.304,1259.03,4.50292e-07,165.605,1584.19,6.76904e-07,187.452,1993.12,-1.23808e-07,212.181,2507.27,-4.89068e-07,240.173,3153.54,-5.40284e-07,271.856,3965.56,1.86061e-07,307.719,4985.38,4.37004e-07,348.313,6265.4,3.59828e-07,394.26,7870.83,3.98192e-07,446.268,9882.51,-1.92908e-07,505.135,12400.3,-2.20392e-07,571.766,15546.9,1.51705e-07,647.184,19472.2,5.74996e-07,732.547,24357.4,5.39112e-07,829.167,30420,5.07815e-09,938.526,37916.3,-4.11492e-07,1062.3,47143.9,-3.9561e-07,1202.4,58439.2,3.86185e-08,1360.96,72169.3,5.94093e-07,1540.42,88715.8,7.47693e-07,1743.53,108445,1.78537e-07,1973.41,131665,-4.12549e-07,2233.57,158557,-5.37164e-07,2528,189103,-1.17615e-07,2861.2,222986,5.66769e-07,3238.27,259510,9.45053e-07,3664.97,297540,4.25093e-07,4147.81,335497,-3.58506e-07,4694.17,371444,-6.7724e-07,5312.37,403256,1.67192e-07,1.61744,3.89446,9.84394,3.28846,7.5504,12.774,5.07607,11.7187,13.6844,7.03202,16.8147,13.9681,9.20215,23.1769,14.0566,11.6301,31.1672,14.0841,14.3598,41.2186,14.0927,17.4376,53.8688,14.0954,20.9137,69.7915,14.0962,24.8432,89.8341,14.0965,29.2879,115.063,14.0966,34.3168,146.819,14.0966,40.0078,186.792,14.0966,46.4487,237.107,14.0966,53.7388,300.44,14.0966,61.9903,380.158,14.0966,71.3301,480.499,14.0966,81.902,606.796,14.0966,93.8685,765.761,14.0966,107.414,965.837,14.0966,122.746,1217.65,14.0966,140.101,1534.57,14.0966,159.745,1933.41,14.0966,181.981,2435.3,14.0966,207.15,3066.85,14.0966,235.64,3861.46,14.0966,267.889,4861.11,14.0966,304.391,6118.54,14.0966,345.709,7699.91,14.0966,392.478,9688.22,14.0966,445.417,12187.5,14.0966,505.339,15327.7,14.0966,573.165,19271.6,14.0966,649.938,24222,14.0966,736.839,30430.9,14.0966,835.202,38211.5,14.0966,946.539,47950.3,14.0966,1072.56,60122.8,14.0966,1215.21,75309.9,14.0966,1376.66,94216.2,14.0966,1559.41,117688,14.0966,1766.26,146729,14.0966,2000.39,182510,14.0966,2265.39,226372,14.0966,2565.33,279806,14.0966,2904.81,344416,14.0966,3289.05,421845,14.0966,3723.93,513667,14.0966,4216.13,621231,14.0966,4773.18,745478,14.0966,5403.64,886744,14.0966,6117.15,1.04457e+06,14.0966,6924.63,1.2176e+06,14.0966,11.7194,11.96,12.6541,13.9321,16.1295,13.6434,16.6097,21.9702,13.9553,19.7532,29.5285,14.0526,23.3844,39.1143,14.0829,27.5423,51.2054,14.0923,32.2796,66.434,14.0953,37.662,85.6061,14.0962,43.7675,109.74,14.0965,50.687,140.119,14.0966,58.5249,178.359,14.0966,67.4005,226.493,14.0966,77.4493,287.08,14.0966,88.8254,363.343,14.0966,101.703,459.336,14.0966,116.281,580.161,14.0966,132.782,732.241,14.0966,151.46,923.655,14.0966,172.603,1164.57,14.0966,196.535,1467.79,14.0966,223.625,1849.39,14.0966,254.288,2329.62,14.0966,288.997,2933.93,14.0966,328.285,3694.33,14.0966,372.755,4651.04,14.0966,423.092,5854.57,14.0966,480.07,7368.38,14.0966,544.564,9272.08,14.0966,617.566,11665.5,14.0966,700.197,14673.6,14.0966,793.729,18452.9,14.0966,899.599,23198.6,14.0966,1019.43,29154.1,14.0966,1155.07,36622.3,14.0966,1308.6,45977.9,14.0966,1482.39,57683.7,14.0966,1679.09,72307.8,14.0966,1901.73,90542.8,14.0966,2153.73,113226,14.0966,2438.97,141360,14.0966,2761.81,176127,14.0966,3127.22,218898,14.0966,3540.81,271226,14.0966,4008.92,334817,14.0966,4538.74,411470,14.0966,5138.38,502973,14.0966,5817.04,610948,14.0966,6585.12,736653,14.0966,7454.39,880741,14.0966,8438.15,1.04302e+06,14.0966,9551.45,1.22224e+06,14.0966,10811.3,1.41602e+06,14.0966,12237,1.62086e+06,14.0966,11.7194,11.96,12.6541,2.21263,4.16949,0.989383,2.67766,5.84076,0.311842,3.14343,7.55825,0.0972771,3.63127,9.58578,0.0303237,4.15787,12.0912,0.00945211,4.73731,15.2286,0.00294633,5.38238,19.1721,0.000918508,6.10553,24.134,0.000286163,6.91951,30.3791,8.92692e-05,7.83792,38.2397,2.78121e-05,8.87555,48.1338,8.65134e-06,10.0489,60.5876,2.7882e-06,11.3761,76.2629,8.29036e-07,12.8779,95.9927,2.4373e-07,14.5775,120.825,4.33068e-09,16.5012,152.08,1.75749e-07,18.6784,191.415,-1.86328e-07,21.1428,240.917,1.91829e-07,23.9322,303.213,-1.81475e-07,27.0895,381.602,7.0186e-08,30.6634,480.231,-2.86769e-08,34.7087,604.316,2.40784e-07,39.2876,760.401,9.87368e-08,44.4705,956.705,1.22263e-07,50.3371,1203.54,-4.31966e-07,56.9776,1513.81,-1.9705e-07,64.494,1903.69,-2.763e-08,73.0018,2393.4,3.9185e-07,82.6317,3008.13,1.35379e-07,93.5318,3779.25,-4.16351e-08,105.869,4745.7,2.06965e-08,119.834,5955.6,-3.18887e-07,135.641,7468.12,-1.48271e-08,153.531,9355.62,2.00739e-07,173.781,11705.8,2.28358e-07,196.701,14624.1,-1.93587e-08,222.642,18235,-2.88101e-07,252.003,22683.4,-2.24732e-07,285.234,28134,8.56806e-09,322.845,34767,2.34258e-07,365.413,42770.9,2.99668e-07,413.588,52327.9,8.28644e-08,468.111,63591.2,-3.07049e-07,529.814,76653.2,-3.1888e-07,599.642,91502.5,-6.72276e-08,678.662,107975,2.26339e-07,768.083,125705,3.69212e-07,869.267,144088,2.04077e-07,983.76,162277,-2.80509e-07,1113.3,179223,-4.22737e-07,1259.87,193777,-1.71951e-07,1425.68,204839,4.55555e-07,11.7194,11.96,12.6541,2.21263,4.16949,0.989383,2.67766,5.84076,0.311842,3.14343,7.55825,0.0972771,3.63127,9.58578,0.0303237,4.15787,12.0912,0.00945211,4.73731,15.2286,0.00294633,5.38238,19.1721,0.000918508,6.10553,24.134,0.000286163,6.91951,30.3791,8.92692e-05,7.83792,38.2397,2.78121e-05,8.87555,48.1338,8.65134e-06,10.0489,60.5876,2.7882e-06,11.3761,76.2629,8.29036e-07,12.8779,95.9927,2.4373e-07,14.5775,120.825,1e-08,16.5012,152.08,1.75749e-07,18.6784,191.415,1e-08,21.1428,240.917,1.91829e-07,23.9322,303.213,1e-08,27.0895,381.602,7.0186e-08,30.6634,480.231,1e-08,34.7087,604.316,2.40784e-07,39.2876,760.401,9.87368e-08,44.4705,956.705,1.22263e-07,50.3371,1203.54,1e-08,56.9776,1513.81,1e-08,64.494,1903.69,1e-08,73.0018,2393.4,3.9185e-07,82.6317,3008.13,1.35379e-07,93.5318,3779.25,1e-08,105.869,4745.7,2.06965e-08,119.834,5955.6,1e-08,135.641,7468.12,1e-08,153.531,9355.62,2.00739e-07,173.781,11705.8,2.28358e-07,196.701,14624.1,1e-08,222.642,18235,1e-08,252.003,22683.4,1e-08,285.234,28134,1e-08,322.845,34767,2.34258e-07,365.413,42770.9,2.99668e-07,413.588,52327.9,8.28644e-08,468.111,63591.2,1e-08,529.814,76653.2,1e-08,599.642,91502.5,1e-08,678.662,107975,2.26339e-07,768.083,125705,3.69212e-07,869.267,144088,2.04077e-07,983.76,162277,1e-08,1113.3,179223,1e-08,1259.87,193777,1e-08,1425.68,204839,4.55555e-07,6.2823,3.27286,2.43537,0.219672,6.18826,2.24117,0.56371,6.87772,2.63624,0.308279,25,21,29,2,2,1,3,4,0,1,3,1,1,8,0,3,13,0,3,12,0,1,19,0,1,48,0,2,19,0,15,37,0,16,54,0,12,62,0,9,41,0,2,49,0,31,185,0,9,207,0,7,345,0,32,274,0,14,289,0,14,356,0,32,804,0,84,550,0,47,522,0,44,540,0,35,1008,0,70,1445,0,176,4148,0,93,1678,0,67,4964,0,128,5973,0,133,5644,0,149,4061,0,94,7226,0,98,16750,0,243,16891,0,120,21966,0,223,11910,0,147,9202,0,385,23250,0,354,30449,0,196,29164,0,281,62461,0,128,103739,0,560,88007,0,401,90657,0,406,58345,0,979,165180,0,610,127321,0,490,87468,0,955,146536,0,1659,158269,0,2807,107875,0
-1.05176e+08,3.03665e-61,8.88811e-15,10,1023,0,1.05176e+08,0.528882,1.08665,0.389689,0.145397,0.379329,3.24381,0.161596,0.446195,1.77396,0.159177,1.15e+07,4.49998e+06,6.79999e+06,1.15e+07,4.49997e+06,6.79999e+06,1.15e+07,4.49996e+06,6.79999e+06,1.15e+07,4.49995e+06,6.79999e+06,1.14999e+07,4.49993e+06,6.79999e+06,1.14999e+07,4.49991e+06,6.79999e+06,1.14999e+07,4.49989e+06,6.79999e+06,1.14999e+07,4.49986e+06,6.79999e+06,1.14999e+07,4.49982e+06,6.79999e+06,1.14999e+07,4.49977e+06,6.79999e+06,1.14999e+07,4.49971e+06,6.79999e+06,1.14999e+07,4.49963e+06,6.79999e+06,1.14998e+07,4.49953e+06,6.79999e+06,1.14998e+07,4.49941e+06,6.79999e+06,1.14998e+07,4.49926e+06,6.79999e+06,1.14998e+07,4.49906e+06,6.79999e+06,1.14997e+07,4.49882e+06,6.79999e+06,1.14997e+07,4.49851e+06,6.79999e+06,1.14997e+07,4.49812e+06,6.79999e+06,1.14996e+07,4.49764e+06,6.79999e+06,1.14996e+07,4.49702e+06,6.79999e+06,1.14995e+07,4.49625e+06,6.79999e+06,1.14995e+07,4.49528e+06,6.79999e+06,1.14994e+07,4.49406e+06,6.79999e+06,1.14993e+07,4.49253e+06,6.79999e+06,1.14992e+07,4.49059e+06,6.79999e+06,1.14991e+07,4.48817e+06,6.79999e+06,1.1499e+07,4.48511e+06,6.79999e+06,1.14988e+07,4.48128e+06,6.79999e+06,1.14987e+07,4.47646e+06,6.79999e+06,1.14985e+07,4.47041e+06,6.79999e+06,1.14983e+07,4.46281e+06,6.79999e+06,1.14981e+07,4.4533e+06,6.79999e+06,1.14979e+07,4.44138e+06,6.79999e+06,1.14976e+07,4.42649e+06,6.79999e+06,1.14972e+07,4.40789e+06,6.79999e+06,1.14969e+07,4.38471e+06,6.79999e+06,1.14965e+07,4.35592e+06,6.79999e+06,1.1496e+07,4.32027e+06,6.79999e+06,1.14955e+07,4.27629e+06,6.79999e+06,1.14949e+07,4.22231e+06,6.79999e+06,1.14942e+07,4.15647e+06,6.79999e+06,1.14934e+07,4.07676e+06,6.79999e+06,1.14926e+07,3.98112e+06,6.79999e+06,1.14916e+07,3.86765e+06,6.79999e+06,1.14905e+07,3.73474e+06,6.79999e+06,1.14892e+07,3.58148e+06,6.79999e+06,1.14878e+07,3.40785e+06,6.79999e+06,1.14862e+07,3.21513e+06,6.79999e+06,1.14844e+07,3.00605e+06,6.79999e+06,1.14823e+07,2.7848e+06,6.79999e+06,1.148e+07,2.5568e+06,6.79999e+06,1.14773e+07,2.32825e+06,6.79999e+06,13.5742,8.52444,0.508366,16.8306,13.2585,0.162638,20.0035,17.569,0.0507846,23.2616,22.4214,0.0158319,26.7328,28.3297,0.00493498,30.5212,35.6974,0.00153831,34.7178,44.9473,0.000479527,39.4086,56.5822,0.000149456,44.6796,71.2245,4.66214e-05,50.6209,89.6543,1.45419e-05,57.3297,112.852,4.54748e-06,64.9129,142.051,1.43857e-06,73.4897,178.803,4.36618e-07,83.1934,225.062,1.40153e-07,94.1745,283.286,4.96378e-08,106.602,356.568,1.05434e-07,120.669,448.799,-6.49244e-08,136.59,564.873,1.70148e-07,154.611,710.948,-5.34594e-08,175.008,894.767,1.63407e-07,198.097,1126.06,8.04804e-08,224.231,1417.07,1.14667e-07,253.813,1783.15,-1.71227e-07,287.297,2243.62,-2.88466e-07,325.198,2822.67,-4.33651e-07,368.098,3550.67,7.9318e-08,416.657,4465.65,3.13319e-07,471.621,5615.16,3.4613e-07,533.835,7058.61,-1.19199e-07,604.255,8870.02,-2.79964e-07,683.962,11141.4,-2.30521e-07,774.182,13986.7,-2.55099e-07,876.299,17546.4,1.23585e-07,991.883,21993.1,1.41192e-07,1122.71,27536.7,-9.71886e-08,1270.78,34430.7,-3.68368e-07,1438.38,42977.7,-3.45379e-07,1628.07,53532.7,-3.25328e-09,1842.77,66504.6,2.6362e-07,2085.77,82350.2,2.53445e-07,2360.79,101560,-2.47407e-08,2672.05,124632,-3.80602e-07,3024.31,152018,-4.79005e-07,3422.98,184060,-1.14379e-07,3874.15,220884,2.64297e-07,4384.72,262283,3.44131e-07,4962.49,307576,7.5349e-08,5616.29,355497,-3.63097e-07,6356.1,404126,-6.05442e-07,7193.18,450932,-2.72333e-07,8140.28,492963,2.29675e-07,9211.79,527178,4.3387e-07,10424,550893,-1.0711e-07,10.102,8.06553,2.81012,10.6436,8.57909,0.869423,11.5336,10.2515,0.270869,12.7211,12.7138,0.0844293,14.1823,15.9373,0.0263173,15.9122,20.0383,0.0082035,17.9198,25.2154,0.00255722,20.2244,31.7373,0.000797017,22.8539,39.9486,0.000248622,25.8438,50.2851,7.75492e-05,29.237,63.2963,2.42508e-05,33.0837,79.6738,7.67162e-06,37.4415,100.288,2.32837e-06,42.3767,126.236,7.33e-07,47.9646,158.896,2.79256e-07,54.2906,200.003,9.87351e-09,61.452,251.741,1.61085e-07,69.5585,316.859,-2.47141e-07,78.7347,398.812,8.93552e-08,89.1218,501.948,-2.53231e-07,100.879,631.736,-1.25047e-07,114.188,795.049,-1.78808e-07,129.252,1000.53,2.6733e-07,146.304,1259.03,4.50292e-07,165.605,1584.19,6.76904e-07,187.452,1993.12,-1.23808e-07,212.181,2507.27,-4.89068e-07,240.173,3153.54,-5.40284e-07,271.856,3965.56,1.86061e-07,307.719,4985.38,4.37004e-07,348.313,6265.4,3.59828e-07,394.26,7870.83,3.98192e-07,446.268,9882.51,-1.92908e-07,505.135,12400.3,-2.20392e-07,571.766,15546.9,1.51705e-07,647.184,19472.2,5.74996e-07,732.547,24357.4,5.39112e-07,829.167,30420,5.07815e-09,938.526,37916.3,-4.11492e-07,1062.3,47143.9,-3.9561e-07,1202.4,58439.2,3.86185e-08,1360.96,72169.3,5.94093e-07,1540.42,88715.8,7.47693e-07,1743.53,108445,1.78537e-07,1973.41,131665,-4.12549e-07,2233.57,158557,-5.37164e-07,2528,189103,-1.17615e-07,2861.2,222986,5.66769e-07,3238.27,259510,9.45053e-07,3664.97,297540,4.25093e-07,4147.81,335497,-3.58506e-07,4694.17,371444,-6.7724e-07,5312.37,403256,1.67192e-07,1.61744,3.89446,9.84394,3.28846,7.5504,12.774,5.07607,11.7187,13.6844,7.03202,16.8147,13.9681,9.20215,23.1769,14.0566,11.6301,31.1672,14.0841,14.3598,41.2186,14.0927,17.4376,53.8688,14.0954,20.9137,69.7915,14.0962,24.8432,89.8341,14.0965,29.2879,115.063,14.0966,34.3168,146.819,14.0966,40.0078,186.792,14.0966,46.4487,237.107,14.0966,53.7388,300.44,14.0966,61.9903,380.158,14.0966,71.3301,480.499,14.0966,81.902,606.796,14.0966,93.8685,765.761,14.0966,107.414,965.837,14.0966,122.746,1217.65,14.0966,140.101,1534.57,14.0966,159.745,1933.41,14.0966,181.981,2435.3,14.0966,207.15,3066.85,14.0966,235.64,3861.46,14.0966,267.889,4861.11,14.0966,304.391,6118.54,14.0966,345.709,7699.91,14.0966,392.478,9688.22,14.0966,445.417,12187.5,14.0966,505.339,15327.7,14.0966,573.165,19271.6,14.0966,649.938,24222,14.0966,736.839,30430.9,14.0966,835.202,38211.5,14.0966,946.539,47950.3,14.0966,1072.56,60122.8,14.0966,1215.21,75309.9,14.0966,1376.66,94216.2,14.0966,1559.41,117688,14.0966,1766.26,146729,14.0966,2000.39,182510,14.0966,2265.39,226372,14.0966,2565.33,279806,14.0966,2904.81,344416,14.0966,3289.05,421845,14.0966,3723.93,513667,14.0966,4216.13,621231,14.0966,4773.18,745478,14.0966,5403.64,886744,14.0966,6117.15,1.04457e+06,14.0966,6924.63,1.2176e+06,14.0966,11.7194,11.96,12.6541,13.9321,16.1295,13.6434,16.6097,21.9702,13.9553,19.7532,29.5285,14.0526,23.3844,39.1143,14.0829,27.5423,51.2054,14.0923,32.2796,66.434,14.0953,37.662,85.6061,14.0962,43.7675,109.74,14.0965,50.687,140.119,14.0966,58.5249,178.359,14.0966,67.4005,226.493,14.0966,77.4493,287.08,14.0966,88.8254,363.343,14.0966,101.703,459.336,14.0966,116.281,580.161,14.0966,132.782,732.241,14.0966,151.46,923.655,14.0966,172.603,1164.57,14.0966,196.535,1467.79,14.0966,223.625,1849.39,14.0966,254.288,2329.62,14.0966,288.997,2933.93,14.0966,328.285,3694.33,14.0966,372.755,4651.04,14.0966,423.092,5854.57,14.0966,480.07,7368.38,14.0966,544.564,9272.08,14.0966,617.566,11665.5,14.0966,700.197,14673.6,14.0966,793.729,18452.9,14.0966,899.599,23198.6,14.0966,1019.43,29154.1,14.0966,1155.07,36622.3,14.0966,1308.6,45977.9,14.0966,1482.39,57683.7,14.0966,1679.09,72307.8,14.0966,1901.73,90542.8,14.0966,2153.73,113226,14.0966,2438.97,141360,14.0966,2761.81,176127,14.0966,3127.22,218898,14.0966,3540.81,271226,14.0966,4008.92,334817,14.0966,4538.74,411470,14.0966,5138.38,502973,14.0966,5817.04,610948,14.0966,6585.12,736653,14.0966,7454.39,880741,14.0966,8438.15,1.04302e+06,14.0966,9551.45,1.22224e+06,14.0966,10811.3,1.41602e+06,14.0966,12237,1.62086e+06,14.0966,11.7194,11.96,12.6541,2.21263,4.16949,0.989383,2.67766,5.84076,0.311842,3.14343,7.55825,0.0972771,3.63127,9.58578,0.0303237,4.15787,12.0912,0.00945211,4.73731,15.2286,0.00294633,5.38238,19.1721,0.000918508,6.10553,24.134,0.000286163,6.91951,30.3791,8.92692e-05,7.83792,38.2397,2.78121e-05,8.87555,48.1338,8.65134e-06,10.0489,60.5876,2.7882e-06,11.3761,76.2629,8.29036e-07,12.8779,95.9927,2.4373e-07,14.5775,120.825,4.33068e-09,16.5012,152.08,1.75749e-07,18.6784,191.415,-1.86328e-07,21.1428,240.917,1.91829e-07,23.9322,303.213,-1.81475e-07,27.0895,381.602,7.0186e-08,30.6634,480.231,-2.86769e-08,34.7087,604.316,2.40784e-07,39.2876,760.401,9.87368e-08,44.4705,956.705,1.22263e-07,50.3371,1203.54,-4.31966e-07,56.9776,1513.81,-1.9705e-07,64.494,1903.69,-2.763e-08,73.0018,2393.4,3.9185e-07,82.6317,3008.13,1.35379e-07,93.5318,3779.25,-4.16351e-08,105.869,4745.7,2.06965e-08,119.834,5955.6,-3.18887e-07,135.641,7468.12,-1.48271e-08,153.531,9355.62,2.00739e-07,173.781,11705.8,2.28358e-07,196.701,14624.1,-1.93587e-08,222.642,18235,-2.88101e-07,252.003,22683.4,-2.24732e-07,285.234,28134,8.56806e-09,322.845,34767,2.34258e-07,365.413,42770.9,2.99668e-07,413.588,52327.9,8.28644e-08,468.111,63591.2,-3.07049e-07,529.814,76653.2,-3.1888e-07,599.642,91502.5,-6.72276e-08,678.662,107975,2.26339e-07,768.083,125705,3.69212e-07,869.267,144088,2.04077e-07,983.76,162277,-2.80509e-07,1113.3,179223,-4.22737e-07,1259.87,193777,-1.71951e-07,1425.68,204839,4.55555e-07,11.7194,11.96,12.6541,2.21263,4.16949,0.989383,2.67766,5.84076,0.311842,3.14343,7.55825,0.0972771,3.63127,9.58578,0.0303237,4.15787,12.0912,0.00945211,4.73731,15.2286,0.00294633,5.38238,19.1721,0.000918508,6.10553,24.134,0.000286163,6.91951,30.3791,8.92692e-05,7.83792,38.2397,2.78121e-05,8.87555,48.1338,8.65134e-06,10.0489,60.5876,2.7882e-06,11.3761,76.2629,8.29036e-07,12.8779,95.9927,2.4373e-07,14.5775,120.825,1e-08,16.5012,152.08,1.75749e-07,18.6784,191.415,1e-08,21.1428,240.917,1.91829e-07,23.9322,303.213,1e-08,27.0895,381.602,7.0186e-08,30.6634,480.231,1e-08,34.7087,604.316,2.40784e-07,39.2876,760.401,9.87368e-08,44.4705,956.705,1.22263e-07,50.3371,1203.54,1e-08,56.9776,1513.81,1e-08,64.494,1903.69,1e-08,73.0018,2393.4,3.9185e-07,82.6317,3008.13,1.35379e-07,93.5318,3779.25,1e-08,105.869,4745.7,2.06965e-08,119.834,5955.6,1e-08,135.641,7468.12,1e-08,153.531,9355.62,2.00739e-07,173.781,11705.8,2.28358e-07,196.701,14624.1,1e-08,222.642,18235,1e-08,252.003,22683.4,1e-08,285.234,28134,1e-08,322.845,34767,2.34258e-07,365.413,42770.9,2.99668e-07,413.588,52327.9,8.28644e-08,468.111,63591.2,1e-08,529.814,76653.2,1e-08,599.642,91502.5,1e-08,678.662,107975,2.26339e-07,768.083,125705,3.69212e-07,869.267,144088,2.04077e-07,983.76,162277,1e-08,1113.3,179223,1e-08,1259.87,193777,1e-08,1425.68,204839,4.55555e-07,6.2823,3.27286,2.43537,0.219672,6.18826,2.24117,0.56371,6.87772,2.63624,0.308279,14,21,13,2,4,0,3,7,1,2,6,0,6,0,0,2,12,0,7,16,0,5,23,0,0,41,0,4,24,0,12,46,0,4,40,0,16,59,0,8,70,0,11,109,0,21,103,0,12,155,0,17,234,0,13,280,0,34,173,0,33,217,0,27,319,0,26,1049,0,61,1621,0,72,1416,0,31,1468,0,41,2497,0,56,2734,0,57,2300,0,126,1824,0,116,1851,0,98,1362,0,102,4256,0,143,8298,0,207,8817,0,181,6654,0,173,11101,0,253,23346,0,238,15917,0,107,30653,0,374,34434,0,301,71880,0,386,51349,0,843,87524,0,679,99424,0,430,81010,0,1280,186688,0,1303,62266,0,1317,79960,0,1398,74199,0,628,244337,0,937,193522,0,1188,199336,0
-1.05176e+08,1,8.88811e-15,10,1023,0,1.05176e+08,0.528882,1.08665,0.389689,0.145397,0.379329,3.24381,0.161596,0.446195,1.77396,0.159177,1.15e+07,4.49998e+06,6.79999e+06,1.15e+07,4.49997e+06,6.79999e+06,1.15e+07,4.49996e+06,6.79999e+06,1.15e+07,4.49995e+06,6.79999e+06,1.14999e+07,4.49993e+06,6.79999e+06,1.14999e+07,4.49991e+06,6.79999e+06,1.14999e+07,4.49989e+06,6.79999e+06,1.14999e+07,4.49986e+06,6.79999e+06,1.14999e+07,4.49982e+06,6.79999e+06,1.14999e+07,4.49977e+06,6.79999e+06,1.14999e+07,4.49971e+06,6.79999e+06,1.14999e+07,4.49963e+06,6.79999e+06,1.14998e+07,4.49953e+06,6.79999e+06,1.14998e+07,4.49941e+06,6.79999e+06,1.14998e+07,4.49926e+06,6.79999e+06,1.14998e+07,4.49906e+06,6.79999e+06,1.14997e+07,4.49882e+06,6.79999e+06,1.14997e+07,4.49851e+06,6.79999e+06,1.14997e+07,4.49812e+06,6.79999e+06,1.14996e+07,4.49764e+06,6.79999e+06,1.14996e+07,4.49702e+06,6.79999e+06,1.14995e+07,4.49625e+06,6.79999e+06,1.14995e+07,4.49528e+06,6.79999e+06,1.14994e+07,4.49406e+06,6.79999e+06,1.14993e+07,4.49253e+06,6.79999e+06,1.14992e+07,4.49059e+06,6.79999e+06,1.14991e+07,4.48817e+06,6.79999e+06,1.1499e+07,4.48511e+06,6.79999e+06,1.14988e+07,4.48128e+06,6.79999e+06,1.14987e+07,4.47646e+06,6.79999e+06,1.14985e+07,4.47041e+06,6.79999e+06,1.14983e+07,4.46281e+06,6.79999e+06,1.14981e+07,4.4533e+06,6.79999e+06,1.14979e+07,4.44138e+06,6.79999e+06,1.14976e+07,4.42649e+06,6.79999e+06,1.14972e+07,4.40789e+06,6.79999e+06,1.14969e+07,4.38471e+06,6.79999e+06,1.14965e+07,4.35592e+06,6.79999e+06,1.1496e+07,4.32027e+06,6.79999e+06,1.14955e+07,4.27629e+06,6.79999e+06,1.14949e+07,4.22231e+06,6.79999e+06,1.14942e+07,4.15647e+06,6.79999e+06,1.14934e+07,4.07676e+06,6.79999e+06,1.14926e+07,3.98112e+06,6.79999e+06,1.14916e+07,3.86765e+06,6.79999e+06,1.14905e+07,3.73474e+06,6.79999e+06,1.14892e+07,3.58148e+06,6.79999e+06,1.14878e+07,3.40785e+06,6.79999e+06,1.14862e+07,3.21513e+06,6.79999e+06,1.14844e+07,3.00605e+06,6.79999e+06,1.14823e+07,2.7848e+06,6.79999e+06,1.148e+07,2.5568e+06,6.79999e+06,1.14773e+07,2.32825e+06,6.79999e+06,13.5742,8.52444,0.508366,16.8306,13.2585,0.162638,20.0035,17.569,0.0507846,23.2616,22.4214,0.0158319,26.7328,28.3297,0.00493498,30.5212,35.6974,0.00153831,34.7178,44.9473,0.000479527,39.4086,56.5822,0.000149456,44.6796,71.2245,4.66214e-05,50.6209,89.6543,1.45419e-05,57.3297,112.852,4.54748e-06,64.9129,142.051,1.43857e-06,73.4897,178.803,4.36618e-07,83.1934,225.062,1.40153e-07,94.1745,283.286,4.96378e-08,106.602,356.568,1.05434e-07,120.669,448.799,-6.49244e-08,136.59,564.873,1.70148e-07,154.611,710.948,-5.34594e-08,175.008,894.767,1.63407e-07,198.097,1126.06,8.04804e-08,224.231,1417.07,1.14667e-07,253.813,1783.15,-1.71227e-07,287.297,2243.62,-2.88466e-07,325.198,2822.67,-4.33651e-07,368.098,3550.67,7.9318e-08,416.657,4465.65,3.13319e-07,471.621,5615.16,3.4613e-07,533.835,7058.61,-1.19199e-07,604.255,8870.02,-2.79964e-07,683.962,11141.4,-2.30521e-07,774.182,13986.7,-2.55099e-07,876.299,17546.4,1.23585e-07,991.883,21993.1,1.41192e-07,1122.71,27536.7,-9.71886e-08,1270.78,34430.7,-3.68368e-07,1438.38,42977.7,-3.45379e-07,1628.07,53532.7,-3.25328e-09,1842.77,66504.6,2.6362e-07,2085.77,82350.2,2.53445e-07,2360.79,101560,-2.47407e-08,2672.05,124632,-3.80602e-07,3024.31,152018,-4.79005e-07,3422.98,184060,-1.14379e-07,3874.15,220884,2.64297e-07,4384.72,262283,3.44131e-07,4962.49,307576,7.5349e-08,5616.29,355497,-3.63097e-07,6356.1,404126,-6.05442e-07,7193.18,450932,-2.72333e-07,8140.28,492963,2.29675e-07,9211.79,527178,4.3387e-07,10424,550893,-1.0711e-07,10.102,8.06553,2.81012,10.6436,8.57909,0.869423,11.5336,10.2515,0.270869,12.7211,12.7138,0.0844293,14.1823,15.9373,0.0263173,15.9122,20.0383,0.0082035,17.9198,25.2154,0.00255722,20.2244,31.7373,0.000797017,22.8539,39.9486,0.000248622,25.8438,50.2851,7.75492e-05,29.237,63.2963,2.42508e-05,33.0837,79.6738,7.67162e-06,37.4415,100.288,2.32837e-06,42.3767,126.236,7.33e-07,47.9646,158.896,2.79256e-07,54.2906,200.003,9.87351e-09,61.452,251.741,1.61085e-07,69.5585,316.859,-2.47141e-07,78.7347,398.812,8.93552e-08,89.1218,501.948,-2.53231e-07,100.879,631.736,-1.25047e-07,114.188,795.049,-1.78808e-07,129.252,1000.53,2.6733e-07,146.304,1259.03,4.50292e-07,165.605,1584.19,6.76904e-07,187.452,1993.12,-1.23808e-07,212.181,2507.27,-4.89068e-07,240.173,3153.54,-5.40284e-07,271.856,3965.56,1.86061e-07,307.719,4985.38,4.37004e-07,348.313,6265.4,3.59828e-07,394.26,7870.83,3.98192e-07,446.268,9882.51,-1.92908e-07,505.135,12400.3,-2.20392e-07,571.766,15546.9,1.51705e-07,647.184,19472.2,5.74996e-07,732.547,24357.4,5.39112e-07,829.167,30420,5.07815e-09,938.526,37916.3,-4.11492e-07,1062.3,47143.9,-3.9561e-07,1202.4,58439.2,3.86185e-08,1360.96,72169.3,5.94093e-07,1540.42,88715.8,7.47693e-07,1743.53,108445,1.78537e-07,1973.41,131665,-4.12549e-07,2233.57,158557,-5.37164e-07,2528,189103,-1.17615e-07,2861.2,222986,5.66769e-07,3238.27,259510,9.45053e-07,3664.97,297540,4.25093e-07,4147.81,335497,-3.58506e-07,4694.17,371444,-6.7724e-07,5312.37,403256,1.67192e-07,1.61744,3.89446,9.84394,3.28846,7.5504,12.774,5.07607,11.7187,13.6844,7.03202,16.8147,13.9681,9.20215,23.1769,14.0566,11.6301,31.1672,14.0841,14.3598,41.2186,14.0927,17.4376,53.8688,14.0954,20.9137,69.7915,14.0962,24.8432,89.8341,14.0965,29.2879,115.063,14.0966,34.3168,146.819,14.0966,40.0078,186.792,14.0966,46.4487,237.107,14.0966,53.7388,300.44,14.0966,61.9903,380.158,14.0966,71.3301,480.499,14.0966,81.902,606.796,14.0966,93.8685,765.761,14.0966,107.414,965.837,14.0966,122.746,1217.65,14.0966,140.101,1534.57,14.0966,159.745,1933.41,14.0966,181.981,2435.3,14.0966,207.15,3066.85,14.0966,235.64,3861.46,14.0966,267.889,4861.11,14.0966,304.391,6118.54,14.0966,345.709,7699.91,14.0966,392.478,9688.22,14.0966,445.417,12187.5,14.0966,505.339,15327.7,14.0966,573.165,19271.6,14.0966,649.938,24222,14.0966,736.839,30430.9,14.0966,835.202,38211.5,14.0966,946.539,47950.3,14.0966,1072.56,60122.8,14.0966,1215.21,75309.9,14.0966,1376.66,94216.2,14.0966,1559.41,117688,14.0966,1766.26,146729,14.0966,2000.39,182510,14.0966,2265.39,226372,14.0966,2565.33,279806,14.0966,2904.81,344416,14.0966,3289.05,421845,14.0966,3723.93,513667,14.0966,4216.13,621231,14.0966,4773.18,745478,14.0966,5403.64,886744,14.0966,6117.15,1.04457e+06,14.0966,6924.63,1.2176e+06,14.0966,11.7194,11.96,12.6541,13.9321,16.1295,13.6434,16.6097,21.9702,13.9553,19.7532,29.5285,14.0526,23.3844,39.1143,14.0829,27.5423,51.2054,14.0923,32.2796,66.434,14.0953,37.662,85.6061,14.0962,43.7675,109.74,14.0965,50.687,140.119,14.0966,58.5249,178.359,14.0966,67.4005,226.493,14.0966,77.4493,287.08,14.0966,88.8254,363.343,14.0966,101.703,459.336,14.0966,116.281,580.161,14.0966,132.782,732.241,14.0966,151.46,923.655,14.0966,172.603,1164.57,14.0966,196.535,1467.79,14.0966,223.625,1849.39,14.0966,254.288,2329.62,14.0966,288.997,2933.93,14.0966,328.285,3694.33,14.0966,372.755,4651.04,14.0966,423.092,5854.57,14.0966,480.07,7368.38,14.0966,544.564,9272.08,14.0966,617.566,11665.5,14.0966,700.197,14673.6,14.0966,793.729,18452.9,14.0966,899.599,23198.6,14.0966,1019.43,29154.1,14.0966,1155.07,36622.3,14.0966,1308.6,45977.9,14.0966,1482.39,57683.7,14.0966,1679.09,72307.8,14.0966,1901.73,90542.8,14.0966,2153.73,113226,14.0966,2438.97,141360,14.0966,2761.81,176127,14.0966,3127.22,218898,14.0966,3540.81,271226,14.0966,4008.92,334817,14.0966,4538.74,411470,14.0966,5138.38,502973,14.0966,5817.04,610948,14.0966,6585.12,736653,14.0966,7454.39,880741,14.0966,8438.15,1.04302e+06,14.0966,9551.45,1.22224e+06,14.0966,10811.3,1.41602e+06,14.0966,12237,1.62086e+06,14.0966,11.7194,11.96,12.6541,2.21263,4.16949,0.989383,2.67766,5.84076,0.311842,3.14343,7.55825,0.0972771,3.63127,9.58578,0.0303237,4.15787,12.0912,0.00945211,4.73731,15.2286,0.00294633,5.38238,19.1721,0.000918508,6.10553,24.134,0.000286163,6.91951,30.3791,8.92692e-05,7.83792,38.2397,2.78121e-05,8.87555,48.1338,8.65134e-06,10.0489,60.5876,2.7882e-06,11.3761,76.2629,8.29036e-07,12.8779,95.9927,2.4373e-07,14.5775,120.825,4.33068e-09,16.5012,152.08,1.75749e-07,18.6784,191.415,-1.86328e-07,21.1428,240.917,1.91829e-07,23.9322,303.213,-1.81475e-07,27.0895,381.602,7.0186e-08,30.6634,480.231,-2.86769e-08,34.7087,604.316,2.40784e-07,39.2876,760.401,9.87368e-08,44.4705,956.705,1.22263e-07,50.3371,1203.54,-4.31966e-07,56.9776,1513.81,-1.9705e-07,64.494,1903.69,-2.763e-08,73.0018,2393.4,3.9185e-07,82.6317,3008.13,1.35379e-07,93.5318,3779.25,-4.16351e-08,105.869,4745.7,2.06965e-08,119.834,5955.6,-3.18887e-07,135.641,7468.12,-1.48271e-08,153.531,9355.62,2.00739e-07,173.781,11705.8,2.28358e-07,196.701,14624.1,-1.93587e-08,222.642,18235,-2.88101e-07,252.003,22683.4,-2.24732e-07,285.234,28134,8.56806e-09,322.845,34767,2.34258e-07,365.413,42770.9,2.99668e-07,413.588,52327.9,8.28644e-08,468.111,63591.2,-3.07049e-07,529.814,76653.2,-3.1888e-07,599.642,91502.5,-6.72276e-08,678.662,107975,2.26339e-07,768.083,125705,3.69212e-07,869.267,144088,2.04077e-07,983.76,162277,-2.80509e-07,1113.3,179223,-4.22737e-07,1259.87,193777,-1.71951e-07,1425.68,204839,4.55555e-07,11.7194,11.96,12.6541,2.21263,4.16949,0.989383,2.67766,5.84076,0.311842,3.14343,7.55825,0.0972771,3.63127,9.58578,0.0303237,4.15787,12.0912,0.00945211,4.73731,15.2286,0.00294633,5.38238,19.1721,0.000918508,6.10553,24.134,0.000286163,6.91951,30.3791,8.92692e-05,7.83792,38.2397,2.78121e-05,8.87555,48.1338,8.65134e-06,10.0489,60.5876,2.7882e-06,11.3761,76.2629,8.29036e-07,12.8779,95.9927,2.4373e-07,14.5775,120.825,1e-08,16.5012,152.08,1.75749e-07,18.6784,191.415,1e-08,21.1428,240.917,1.91829e-07,23.9322,303.213,1e-08,27.0895,381.602,7.0186e-08,30.6634,480.231,1e-08,34.7087,604.316,2.40784e-07,39.2876,760.401,9.87368e-08,44.4705,956.705,1.22263e-07,50.3371,1203.54,1e-08,56.9776,1513.81,1e-08,64.494,1903.69,1e-08,73.0018,2393.4,3.9185e-07,82.6317,3008.13,1.35379e-07,93.5318,3779.25,1e-08,105.869,4745.7,2.06965e-08,119.834,5955.6,1e-08,135.641,7468.12,1e-08,153.531,9355.62,2.00739e-07,173.781,11705.8,2.28358e-07,196.701,14624.1,1e-08,222.642,18235,1e-08,252.003,22683.4,1e-08,285.234,28134,1e-08,322.845,34767,2.34258e-07,365.413,42770.9,2.99668e-07,413.588,52327.9,8.28644e-08,468.111,63591.2,1e-08,529.814,76653.2,1e-08,599.642,91502.5,1e-08,678.662,107975,2.26339e-07,768.083,125705,3.69212e-07,869.267,144088,2.04077e-07,983.76,162277,1e-08,1113.3,179223,1e-08,1259.87,193777,1e-08,1425.68,204839,4.55555e-07,6.2823,3.27286,2.43537,0.219672,6.18826,2.24117,0.56371,6.87772,2.63624,0.308279,14,10,3,0,6,0,4,2,1,1,7,0,8,2,0,1,4,0,5,13,0,2,32,0,6,23,0,4,33,0,11,43,0,6,45,0,16,44,0,23,108,0,16,46,0,17,79,0,22,180,0,14,165,0,13,294,0,29,212,0,26,453,0,22,294,0,14,586,0,25,1122,0,36,1290,0,73,1002,0,84,710,0,87,2711,0,82,1647,0,43,2057,0,97,3445,0,110,3266,0,64,2675,0,129,3935,0,58,8496,0,194,8026,0,169,14339,0,118,26918,0,223,19131,0,281,27142,0,458,38422,0,456,54631,0,374,24214,0,374,102174,0,374,74477,0,619,76496,0,509,95096,0,362,91813,0,1616,175422,0,889,161756,0,962,236215,0,660,206668,0,1309,225809,0
-1.05176e+08,1,8.88811e-15,10,1023,0,1.05176e+08,0.528882,1.08665,0.389689,0.145397,0.379329,3.24381,0.161596,0.446195,1.77396,0.159177,1.15e+07,4.49998e+06,6.79999e+06,1.15e+07,4.49997e+06,6.79999e+06,1.15e+07,4.49996e+06,6.79999e+06,1.15e+07,4.49995e+06,6.79999e+06,1.14999e+07,4.49993e+06,6.79999e+06,1.14999e+07,4.49991e+06,6.79999e+06,1.14999e+07,4.49989e+06,6.79999e+06,1.14999e+07,4.49986e+06,6.79999e+06,1.14999e+07,4.49982e+06,6.79999e+06,1.14999e+07,4.49977e+06,6.79999e+06,1.14999e+07,4.49971e+06,6.79999e+06,1.14999e+07,4.49963e+06,6.79999e+06,1.14998e+07,4.49953e+06,6.79999e+06,1.14998e+07,4.49941e+06,6.79999e+06,1.14998e+07,4.49926e+06,6.79999e+06,1.14998e+07,4.49906e+06,6.79999e+06,1.14997e+07,4.49882e+06,6.79999e+06,1.14997e+07,4.49851e+06,6.79999e+06,1.14997e+07,4.49812e+06,6.79999e+06,1.14996e+07,4.49764e+06,6.79999e+06,1.14996e+07,4.49702e+06,6.79999e+06,1.14995e+07,4.49625e+06,6.79999e+06,1.14995e+07,4.49528e+06,6.79999e+06,1.14994e+07,4.49406e+06,6.79999e+06,1.14993e+07,4.49253e+06,6.79999e+06,1.14992e+07,4.49059e+06,6.79999e+06,1.14991e+07,4.48817e+06,6.79999e+06,1.1499e+07,4.48511e+06,6.79999e+06,1.14988e+07,4.48128e+06,6.79999e+06,1.14987e+07,4.47646e+06,6.79999e+06,1.14985e+07,4.47041e+06,6.79999e+06,1.14983e+07,4.46281e+06,6.79999e+06,1.14981e+07,4.4533e+06,6.79999e+06,1.14979e+07,4.44138e+06,6.79999e+06,1.14976e+07,4.42649e+06,6.79999e+06,1.14972e+07,4.40789e+06,6.79999e+06,1.14969e+07,4.38471e+06,6.79999e+06,1.14965e+07,4.35592e+06,6.79999e+06,1.1496e+07,4.32027e+06,6.79999e+06,1.14955e+07,4.27629e+06,6.79999e+06,1.14949e+07,4.22231e+06,6.79999e+06,1.14942e+07,4.15647e+06,6.79999e+06,1.14934e+07,4.07676e+06,6.79999e+06,1.14926e+07,3.98112e+06,6.79999e+06,1.14916e+07,3.86765e+06,6.79999e+06,1.14905e+07,3.73474e+06,6.79999e+06,1.14892e+07,3.58148e+06,6.79999e+06,1.14878e+07,3.40785e+06,6.79999e+06,1.14862e+07,3.21513e+06,6.79999e+06,1.14844e+07,3.00605e+06,6.79999e+06,1.14823e+07,2.7848e+06,6.79999e+06,1.148e+07,2.5568e+06,6.79999e+06,1.14773e+07,2.32825e+06,6.79999e+06,13.5742,8.52444,0.508366,16.8306,13.2585,0.162638,20.0035,17.569,0.0507846,23.2616,22.4214,0.0158319,26.7328,28.3297,0.00493498,30.5212,35.6974,0.00153831,34.7178,44.9473,0.000479527,39.4086,56.5822,0.000149456,44.6796,71.2245,4.66214e-05,50.6209,89.6543,1.45419e-05,57.3297,112.852,4.54748e-06,64.9129,142.051,1.43857e-06,73.4897,178.803,4.36618e-07,83.1934,225.062,1.40153e-07,94.1745,283.286,4.96378e-08,106.602,356.568,1.05434e-07,120.669,448.799,-6.49244e-08,136.59,564.873,1.70148e-07,154.611,710.948,-5.34594e-08,175.008,894.767,1.63407e-07,198.097,1126.06,8.04804e-08,224.231,1417.07,1.14667e-07,253.813,1783.15,-1.71227e-07,287.297,2243.62,-2.88466e-07,325.198,2822.67,-4.33651e-07,368.098,3550.67,7.9318e-08,416.657,4465.65,3.13319e-07,471.621,5615.16,3.4613e-07,533.835,7058.61,-1.19199e-07,604.255,8870.02,-2.79964e-07,683.962,11141.4,-2.30521e-07,774.182,13986.7,-2.55099e-07,876.299,17546.4,1.23585e-07,991.883,21993.1,1.41192e-07,1122.71,27536.7,-9.71886e-08,1270.78,34430.7,-3.68368e-07,1438.38,42977.7,-3.45379e-07,1628.07,53532.7,-3.25328e-09,1842.77,66504.6,2.6362e-07,2085.77,82350.2,2.53445e-07,2360.79,101560,-2.47407e-08,2672.05,124632,-3.80602e-07,3024.31,152018,-4.79005e-07,3422.98,184060,-1.14379e-07,3874.15,220884,2.64297e-07,4384.72,262283,3.44131e-07,4962.49,307576,7.5349e-08,5616.29,355497,-3.63097e-07,6356.1,404126,-6.05442e-07,7193.18,450932,-2.72333e-07,8140.28,492963,2.29675e-07,9211.79,527178,4.3387e-07,10424,550893,-1.0711e-07,10.102,8.06553,2.81012,10.6436,8.57909,0.869423,11.5336,10.2515,0.270869,12.7211,12.7138,0.0844293,14.1823,15.9373,0.0263173,15.9122,20.0383,0.0082035,17.9198,25.2154,0.00255722,20.2244,31.7373,0.000797017,22.8539,39.9486,0.000248622,25.8438,50.2851,7.75492e-05,29.237,63.2963,2.42508e-05,33.0837,79.6738,7.67162e-06,37.4415,100.288,2.32837e-06,42.3767,126.236,7.33e-07,47.9646,158.896,2.79256e-07,54.2906,200.003,9.87351e-09,61.452,251.741,1.61085e-07,69.5585,316.859,-2.47141e-07,78.7347,398.812,8.93552e-08,89.1218,501.948,-2.53231e-07,100.879,631.736,-1.25047e-07,114.188,795.049,-1.78808e-07,129.252,1000.53,2.6733e-07,146.304,1259.03,4.50292e-07,165.605,1584.19,6.76904e-07,187.452,1993.12,-1.23808e-07,212.181,2507.27,-4.89068e-07,240.173,3153.54,-5.40284e-07,271.856,3965.56,1.86061e-07,307.719,4985.38,4.37004e-07,348.313,6265.4,3.59828e-07,394.26,7870.83,3.98192e-07,446.268,9882.51,-1.92908e-07,505.135,12400.3,-2.20392e-07,571.766,15546.9,1.51705e-07,647.184,19472.2,5.74996e-07,732.547,24357.4,5.39112e-07,829.167,30420,5.07815e-09,938.526,37916.3,-4.11492e-07,1062.3,47143.9,-3.9561e-07,1202.4,58439.2,3.86185e-08,1360.96,72169.3,5.94093e-07,1540.42,88715.8,7.47693e-07,1743.53,108445,1.78537e-07,1973.41,131665,-4.12549e-07,2233.57,158557,-5.37164e-07,2528,189103,-1.17615e-07,2861.2,222986,5.66769e-07,3238.27,259510,9.45053e-07,3664.97,297540,4.25093e-07,4147.81,335497,-3.58506e-07,4694.17,371444,-6.7724e-07,5312.37,403256,1.67192e-07,1.61744,3.89446,9.84394,3.28846,7.5504,12.774,5.07607,11.7187,13.6844,7.03202,16.8147,13.9681,9.20215,23.1769,14.0566,11.6301,31.1672,14.0841,14.3598,41.2186,14.0927,17.4376,53.8688,14.0954,20.9137,69.7915,14.0962,24.8432,89.8341,14.0965,29.2879,115.063,14.0966,34.3168,146.819,14.0966,40.0078,186.792,14.0966,46.4487,237.107,14.0966,53.7388,300.44,14.0966,61.9903,380.158,14.0966,71.3301,480.499,14.0966,81.902,606.796,14.0966,93.8685,765.761,14.0966,107.414,965.837,14.0966,122.746,1217.65,14.0966,140.101,1534.57,14.0966,159.745,1933.41,14.0966,181.981,2435.3,14.0966,207.15,3066.85,14.0966,235.64,3861.46,14.0966,267.889,4861.11,14.0966,304.391,6118.54,14.0966,345.709,7699.91,14.0966,392.478,9688.22,14.0966,445.417,12187.5,14.0966,505.339,15327.7,14.0966,573.165,19271.6,14.0966,649.938,24222,14.0966,736.839,30430.9,14.0966,835.202,38211.5,14.0966,946.539,47950.3,14.0966,1072.56,60122.8,14.0966,1215.21,75309.9,14.0966,1376.66,94216.2,14.0966,1559.41,117688,14.0966,1766.26,146729,14.0966,2000.39,182510,14.0966,2265.39,226372,14.0966,2565.33,279806,14.0966,2904.81,344416,14.0966,3289.05,421845,14.0966,3723.93,513667,14.0966,4216.13,621231,14.0966,4773.18,745478,14.0966,5403.64,886744,14.0966,6117.15,1.04457e+06,14.0966,6924.63,1.2176e+06,14.0966,11.7194,11.96,12.6541,13.9321,16.1295,13.6434,16.6097,21.9702,13.9553,19.7532,29.5285,14.0526,23.3844,39.1143,14.0829,27.5423,51.2054,14.0923,32.2796,66.434,14.0953,37.662,85.6061,14.0962,43.7675,109.74,14.0965,50.687,140.119,14.0966,58.5249,178.359,14.0966,67.4005,226.493,14.0966,77.4493,287.08,14.0966,88.8254,363.343,14.0966,101.703,459.336,14.0966,116.281,580.161,14.0966,132.782,732.241,14.0966,151.46,923.655,14.0966,172.603,1164.57,14.0966,196.535,1467.79,14.0966,223.625,1849.39,14.0966,254.288,2329.62,14.0966,288.997,2933.93,14.0966,328.285,3694.33,14.0966,372.755,4651.04,14.0966,423.092,5854.57,14.0966,480.07,7368.38,14.0966,544.564,9272.08,14.0966,617.566,11665.5,14.0966,700.197,14673.6,14.0966,793.729,18452.9,14.0966,899.599,23198.6,14.0966,1019.43,29154.1,14.0966,1155.07,36622.3,14.0966,1308.6,45977.9,14.0966,1482.39,57683.7,14.0966,1679.09,72307.8,14.0966,1901.73,90542.8,14.0966,2153.73,113226,14.0966,2438.97,141360,14.0966,2761.81,176127,14.0966,3127.22,218898,14.0966,3540.81,271226,14.0966,4008.92,334817,14.0966,4538.74,411470,14.0966,5138.38,502973,14.0966,5817.04,610948,14.0966,6585.12,736653,14.0966,7454.39,880741,14.0966,8438.15,1.04302e+06,14.0966,9551.45,1.22224e+06,14.0966,10811.3,1.41602e+06,14.0966,12237,1.62086e+06,14.0966,11.7194,11.96,12.6541,2.21263,4.16949,0.989383,2.67766,5.84076,0.311842,3.14343,7.55825,0.0972771,3.63127,9.58578,0.0303237,4.15787,12.0912,0.00945211,4.73731,15.2286,0.00294633,5.38238,19.1721,0.000918508,6.10553,24.134,0.000286163,6.91951,30.3791,8.92692e-05,7.83792,38.2397,2.78121e-05,8.87555,48.1338,8.65134e-06,10.0489,60.5876,2.7882e-06,11.3761,76.2629,8.29036e-07,12.8779,95.9927,2.4373e-07,14.5775,120.825,4.33068e-09,16.5012,152.08,1.75749e-07,18.6784,191.415,-1.86328e-07,21.1428,240.917,1.91829e-07,23.9322,303.213,-1.81475e-07,27.0895,381.602,7.0186e-08,30.6634,480.231,-2.86769e-08,34.7087,604.316,2.40784e-07,39.2876,760.401,9.87368e-08,44.4705,956.705,1.22263e-07,50.3371,1203.54,-4.31966e-07,56.9776,1513.81,-1.9705e-07,64.494,1903.69,-2.763e-08,73.0018,2393.4,3.9185e-07,82.6317,3008.13,1.35379e-07,93.5318,3779.25,-4.16351e-08,105.869,4745.7,2.06965e-08,119.834,5955.6,-3.18887e-07,135.641,7468.12,-1.48271e-08,153.531,9355.62,2.00739e-07,173.781,11705.8,2.28358e-07,196.701,14624.1,-1.93587e-08,222.642,18235,-2.88101e-07,252.003,22683.4,-2.24732e-07,285.234,28134,8.56806e-09,322.845,34767,2.34258e-07,365.413,42770.9,2.99668e-07,413.588,52327.9,8.28644e-08,468.111,63591.2,-3.07049e-07,529.814,76653.2,-3.1888e-07,599.642,91502.5,-6.72276e-08,678.662,107975,2.26339e-07,768.083,125705,3.69212e-07,869.267,144088,2.04077e-07,983.76,162277,-2.80509e-07,1113.3,179223,-4.22737e-07,1259.87,193777,-1.71951e-07,1425.68,204839,4.55555e-07,11.7194,11.96,12.6541,2.21263,4.16949,0.989383,2.67766,5.84076,0.311842,3.14343,7.55825,0.0972771,3.63127,9.58578,0.0303237,4.15787,12.0912,0.00945211,4.73731,15.2286,0.00294633,5.38238,19.1721,0.000918508,6.10553,24.134,0.000286163,6.91951,30.3791,8.92692e-05,7.83792,38.2397,2.78121e-05,8.87555,48.1338,8.65134e-06,10.0489,60.5876,2.7882e-06,11.3761,76.2629,8.29036e-07,12.8779,95.9927,2.4373e-07,14.5775,120.825,1e-08,16.5012,152.08,1.75749e-07,18.6784,191.415,1e-08,21.1428,240.917,1.91829e-07,23.9322,303.213,1e-08,27.0895,381.602,7.0186e-08,30.6634,480.231,1e-08,34.7087,604.316,2.40784e-07,39.2876,760.401,9.87368e-08,44.4705,956.705,1.22263e-07,50.3371,1203.54,1e-08,56.9776,1513.81,1e-08,64.494,1903.69,1e-08,73.0018,2393.4,3.9185e-07,82.6317,3008.13,1.35379e-07,93.5318,3779.25,1e-08,105.869,4745.7,2.06965e-08,119.834,5955.6,1e-08,135.641,7468.12,1e-08,153.531,9355.62,2.00739e-07,173.781,11705.8,2.28358e-07,196.701,14624.1,1e-08,222.642,18235,1e-08,252.003,22683.4,1e-08,285.234,28134,1e-08,322.845,34767,2.34258e-07,365.413,42770.9,2.99668e-07,413.588,52327.9,8.28644e-08,468.111,63591.2,1e-08,529.814,76653.2,1e-08,599.642,91502.5,1e-08,678.662,107975,2.26339e-07,768.083,125705,3.69212e-07,869.267,144088,2.04077e-07,983.76,162277,1e-08,1113.3,179223,1e-08,1259.87,193777,1e-08,1425.68,204839,4.55555e-07,6.2823,3.27286,2.43537,0.219672,6.18826,2.24117,0.56371,6.87772,2.63624,0.308279,5,10,11,0,1,3,0,4,2,10,8,0,4,15,0,2,11,0,4,8,0,8,17,0,5,16,0,7,39,0,4,45,0,15,20,0,16,24,0,9,47,0,21,53,0,15,114,0,38,135,0,3,139,0,17,168,0,12,127,0,19,557,0,40,323,0,29,627,0,28,577,0,101,976,0,49,1152,0,29,1155,0,65,1627,0,119,2213,0,91,5148,0,29,1853,0,180,903,0,162,7456,0,135,5063,0,257,6450,0,266,15505,0,103,13212,0,159,5583,0,140,20329,0,170,35854,0,452,31931,0,412,50742,0,507,77232,0,149,34164,0,540,66956,0,423,132532,0,1085,107905,0,447,108046,0,910,134767,0,746,89234,0,871,118419,0,921,334606,0,1725,236778,0
-1.05176e+08,1,8.88811e-15,10,1023,0,1.05176e+08,0.528882,1.08665,0.389689,0.145397,0.379329,3.24381,0.161596,0.446195,1.77396,0.159177,1.15e+07,4.49998e+06,6.79999e+06,1.15e+07,4.49997e+06,6.79999e+06,1.15e+07,4.49996e+06,6.79999e+06,1.15e+07,4.49995e+06,6.79999e+06,1.14999e+07,4.49993e+06,6.79999e+06,1.14999e+07,4.49991e+06,6.79999e+06,1.14999e+07,4.49989e+06,6.79999e+06,1.14999e+07,4.49986e+06,6.79999e+06,1.14999e+07,4.49982e+06,6.79999e+06,1.14999e+07,4.49977e+06,6.79999e+06,1.14999e+07,4.49971e+06,6.79999e+06,1.14999e+07,4.49963e+06,6.79999e+06,1.14998e+07,4.49953e+06,6.79999e+06,1.14998e+07,4.49941e+06,6.79999e+06,1.14998e+07,4.49926e+06,6.79999e+06,1.14998e+07,4.49906e+06,6.79999e+06,1.14997e+07,4.49882e+06,6.79999e+06,1.14997e+07,4.49851e+06,6.79999e+06,1.14997e+07,4.49812e+06,6.79999e+06,1.14996e+07,4.49764e+06,6.79999e+06,1.14996e+07,4.49702e+06,6.79999e+06,1.14995e+07,4.49625e+06,6.79999e+06,1.14995e+07,4.49528e+06,6.79999e+06,1.14994e+07,4.49406e+06,6.79999e+06,1.14993e+07,4.49253e+06,6.79999e+06,1.14992e+07,4.49059e+06,6.79999e+06,1.14991e+07,4.48817e+06,6.79999e+06,1.1499e+07,4.48511e+06,6.79999e+06,1.14988e+07,4.48128e+06,6.79999e+06,1.14987e+07,4.47646e+06,6.79999e+06,1.14985e+07,4.47041e+06,6.79999e+06,1.14983e+07,4.46281e+06,6.79999e+06,1.14981e+07,4.4533e+06,6.79999e+06,1.14979e+07,4.44138e+06,6.79999e+06,1.14976e+07,4.42649e+06,6.79999e+06,1.14972e+07,4.40789e+06,6.79999e+06,1.14969e+07,4.38471e+06,6.79999e+06,1.14965e+07,4.35592e+06,6.79999e+06,1.1496e+07,4.32027e+06,6.79999e+06,1.14955e+07,4.27629e+06,6.79999e+06,1.14949e+07,4.22231e+06,6.79999e+06,1.14942e+07,4.15647e+06,6.79999e+06,1.14934e+07,4.07676e+06,6.79999e+06,1.14926e+07,3.98112e+06,6.79999e+06,1.14916e+07,3.86765e+06,6.79999e+06,1.14905e+07,3.73474e+06,6.79999e+06,1.14892e+07,3.58148e+06,6.79999e+06,1.14878e+07,3.40785e+06,6.79999e+06,1.14862e+07,3.21513e+06,6.79999e+06,1.14844e+07,3.00605e+06,6.79999e+06,1.14823e+07,2.7848e+06,6.79999e+06,1.148e+07,2.5568e+06,6.79999e+06,1.14773e+07,2.32825e+06,6.79999e+06,13.5742,8.52444,0.508366,16.8306,13.2585,0.162638,20.0035,17.569,0.0507846,23.2616,22.4214,0.0158319,26.7328,28.3297,0.00493498,30.5212,35.6974,0.00153831,34.7178,44.9473,0.000479527,39.4086,56.5822,0.000149456,44.6796,71.2245,4.66214e-05,50.6209,89.6543,1.45419e-05,57.3297,112.852,4.54748e-06,64.9129,142.051,1.43857e-06,73.4897,178.803,4.36618e-07,83.1934,225.062,1.40153e-07,94.1745,283.286,4.96378e-08,106.602,356.568,1.05434e-07,120.669,448.799,-6.49244e-08,136.59,564.873,1.70148e-07,154.611,710.948,-5.34594e-08,175.008,894.767,1.63407e-07,198.097,1126.06,8.04804e-08,224.231,1417.07,1.14667e-07,253.813,1783.15,-1.71227e-07,287.297,2243.62,-2.88466e-07,325.198,2822.67,-4.33651e-07,368.098,3550.67,7.9318e-08,416.657,4465.65,3.13319e-07,471.621,5615.16,3.4613e-07,533.835,7058.61,-1.19199e-07,604.255,8870.02,-2.79964e-07,683.962,11141.4,-2.30521e-07,774.182,13986.7,-2.55099e-07,876.299,17546.4,1.23585e-07,991.883,21993.1,1.41192e-07,1122.71,27536.7,-9.71886e-08,1270.78,34430.7,-3.68368e-07,1438.38,42977.7,-3.45379e-07,1628.07,53532.7,-3.25328e-09,1842.77,66504.6,2.6362e-07,2085.77,82350.2,2.53445e-07,2360.79,101560,-2.47407e-08,2672.05,124632,-3.80602e-07,3024.31,152018,-4.79005e-07,3422.98,184060,-1.14379e-07,3874.15,220884,2.64297e-07,4384.72,262283,3.44131e-07,4962.49,307576,7.5349e-08,5616.29,355497,-3.63097e-07,6356.1,404126,-6.05442e-07,7193.18,450932,-2.72333e-07,8140.28,492963,2.29675e-07,9211.79,527178,4.3387e-07,10424,550893,-1.0711e-07,10.102,8.06553,2.81012,10.6436,8.57909,0.869423,11.5336,10.2515,0.270869,12.7211,12.7138,0.0844293,14.1823,15.9373,0.0263173,15.9122,20.0383,0.0082035,17.9198,25.2154,0.00255722,20.2244,31.7373,0.000797017,22.8539,39.9486,0.000248622,25.8438,50.2851,7.75492e-05,29.237,63.2963,2.42508e-05,33.0837,79.6738,7.67162e-06,37.4415,100.288,2.32837e-06,42.3767,126.236,7.33e-07,47.9646,158.896,2.79256e-07,54.2906,200.003,9.87351e-09,61.452,251.741,1.61085e-07,69.5585,316.859,-2.47141e-07,78.7347,398.812,8.93552e-08,89.1218,501.948,-2.53231e-07,100.879,631.736,-1.25047e-07,114.188,795.049,-1.78808e-07,129.252,1000.53,2.6733e-07,146.304,1259.03,4.50292e-07,165.605,1584.19,6.76904e-07,187.452,1993.12,-1.23808e-07,212.181,2507.27,-4.89068e-07,240.173,3153.54,-5.40284e-07,271.856,3965.56,1.86061e-07,307.719,4985.38,4.37004e-07,348.313,6265.4,3.59828e-07,394.26,7870.83,3.98192e-07,446.268,9882.51,-1.92908e-07,505.135,12400.3,-2.20392e-07,571.766,15546.9,1.51705e-07,647.184,19472.2,5.74996e-07,732.547,24357.4,5.39112e-07,829.167,30420,5.07815e-09,938.526,37916.3,-4.11492e-07,1062.3,47143.9,-3.9561e-07,1202.4,58439.2,3.86185e-08,1360.96,72169.3,5.94093e-07,1540.42,88715.8,7.47693e-07,1743.53,108445,1.78537e-07,1973.41,131665,-4.12549e-07,2233.57,158557,-5.37164e-07,2528,189103,-1.17615e-07,2861.2,222986,5.66769e-07,3238.27,259510,9.45053e-07,3664.97,297540,4.25093e-07,4147.81,335497,-3.58506e-07,4694.17,371444,-6.7724e-07,5312.37,403256,1.67192e-07,1.61744,3.89446,9.84394,3.28846,7.5504,12.774,5.07607,11.7187,13.6844,7.03202,16.8147,13.9681,9.20215,23.1769,14.0566,11.6301,31.1672,14.0841,14.3598,41.2186,14.0927,17.4376,53.8688,14.0954,20.9137,69.7915,14.0962,24.8432,89.8341,14.0965,29.2879,115.063,14.0966,34.3168,146.819,14.0966,40.0078,186.792,14.0966,46.4487,237.107,14.0966,53.7388,300.44,14.0966,61.9903,380.158,14.0966,71.3301,480.499,14.0966,81.902,606.796,14.0966,93.8685,765.761,14.0966,107.414,965.837,14.0966,122.746,1217.65,14.0966,140.101,1534.57,14.0966,159.745,1933.41,14.0966,181.981,2435.3,14.0966,207.15,3066.85,14.0966,235.64,3861.46,14.0966,267.889,4861.11,14.0966,304.391,6118.54,14.0966,345.709,7699.91,14.0966,392.478,9688.22,14.0966,445.417,12187.5,14.0966,505.339,15327.7,14.0966,573.165,19271.6,14.0966,649.938,24222,14.0966,736.839,30430.9,14.0966,835.202,38211.5,14.0966,946.539,47950.3,14.0966,1072.56,60122.8,14.0966,1215.21,75309.9,14.0966,1376.66,94216.2,14.0966,1559.41,117688,14.0966,1766.26,146729,14.0966,2000.39,182510,14.0966,2265.39,226372,14.0966,2565.33,279806,14.0966,2904.81,344416,14.0966,3289.05,421845,14.0966,3723.93,513667,14.0966,4216.13,621231,14.0966,4773.18,745478,14.0966,5403.64,886744,14.0966,6117.15,1.04457e+06,14.0966,6924.63,1.2176e+06,14.0966,11.7194,11.96,12.6541,13.9321,16.1295,13.6434,16.6097,21.9702,13.9553,19.7532,29.5285,14.0526,23.3844,39.1143,14.0829,27.5423,51.2054,14.0923,32.2796,66.434,14.0953,37.662,85.6061,14.0962,43.7675,109.74,14.0965,50.687,140.119,14.0966,58.5249,178.359,14.0966,67.4005,226.493,14.0966,77.4493,287.08,14.0966,88.8254,363.343,14.0966,101.703,459.336,14.0966,116.281,580.161,14.0966,132.782,732.241,14.0966,151.46,923.655,14.0966,172.603,1164.57,14.0966,196.535,1467.79,14.0966,223.625,1849.39,14.0966,254.288,2329.62,14.0966,288.997,2933.93,14.0966,328.285,3694.33,14.0966,372.755,4651.04,14.0966,423.092,5854.57,14.0966,480.07,7368.38,14.0966,544.564,9272.08,14.0966,617.566,11665.5,14.0966,700.197,14673.6,14.0966,793.729,18452.9,14.0966,899.599,23198.6,14.0966,1019.43,29154.1,14.0966,1155.07,36622.3,14.0966,1308.6,45977.9,14.0966,1482.39,57683.7,14.0966,1679.09,72307.8,14.0966,1901.73,90542.8,14.0966,2153.73,113226,14.0966,2438.97,141360,14.0966,2761.81,176127,14.0966,3127.22,218898,14.0966,3540.81,271226,14.0966,4008.92,334817,14.0966,4538.74,411470,14.0966,5138.38,502973,14.0966,5817.04,610948,14.0966,6585.12,736653,14.0966,7454.39,880741,14.0966,8438.15,1.04302e+06,14.0966,9551.45,1.22224e+06,14.0966,10811.3,1.41602e+06,14.0966,12237,1.62086e+06,14.0966,11.7194,11.96,12.6541,2.21263,4.16949,0.989383,2.67766,5.84076,0.311842,3.14343,7.55825,0.0972771,3.63127,9.58578,0.0303237,4.15787,12.0912,0.00945211,4.73731,15.2286,0.00294633,5.38238,19.1721,0.000918508,6.10553,24.134,0.000286163,6.91951,30.3791,8.92692e-05,7.83792,38.2397,2.78121e-05,8.87555,48.1338,8.65134e-06,10.0489,60.5876,2.7882e-06,11.3761,76.2629,8.29036e-07,12.8779,95.9927,2.4373e-07,14.5775,120.825,4.33068e-09,16.5012,152.08,1.75749e-07,18.6784,191.415,-1.86328e-07,21.1428,240.917,1.91829e-07,23.9322,303.213,-1.81475e-07,27.0895,381.602,7.0186e-08,30.6634,480.231,-2.86769e-08,34.7087,604.316,2.40784e-07,39.2876,760.401,9.87368e-08,44.4705,956.705,1.22263e-07,50.3371,1203.54,-4.31966e-07,56.9776,1513.81,-1.9705e-07,64.494,1903.69,-2.763e-08,73.0018,2393.4,3.9185e-07,82.6317,3008.13,1.35379e-07,93.5318,3779.25,-4.16351e-08,105.869,4745.7,2.06965e-08,119.834,5955.6,-3.18887e-07,135.641,7468.12,-1.48271e-08,153.531,9355.62,2.00739e-07,173.781,11705.8,2.28358e-07,196.701,14624.1,-1.93587e-08,222.642,18235,-2.88101e-07,252.003,22683.4,-2.24732e-07,285.234,28134,8.56806e-09,322.845,34767,2.34258e-07,365.413,42770.9,2.99668e-07,413.588,52327.9,8.28644e-08,468.111,63591.2,-3.07049e-07,529.814,76653.2,-3.1888e-07,599.642,91502.5,-6.72276e-08,678.662,107975,2.26339e-07,768.083,125705,3.69212e-07,869.267,144088,2.04077e-07,983.76,162277,-2.80509e-07,1113.3,179223,-4.22737e-07,1259.87,193777,-1.71951e-07,1425.68,204839,4.55555e-07,11.7194,11.96,12.6541,2.21263,4.16949,0.989383,2.67766,5.84076,0.311842,3.14343,7.55825,0.0972771,3.63127,9.58578,0.0303237,4.15787,12.0912,0.00945211,4.73731,15.2286,0.00294633,5.38238,19.1721,0.000918508,6.10553,24.134,0.000286163,6.91951,30.3791,8.92692e-05,7.83792,38.2397,2.78121e-05,8.87555,48.1338,8.65134e-06,10.0489,60.5876,2.7882e-06,11.3761,76.2629,8.29036e-07,12.8779,95.9927,2.4373e-07,14.5775,120.825,1e-08,16.5012,152.08,1.75749e-07,18.6784,191.415,1e-08,21.1428,240.917,1.91829e-07,23.9322,303.213,1e-08,27.0895,381.602,7.0186e-08,30.6634,480.231,1e-08,34.7087,604.316,2.40784e-07,39.2876,760.401,9.87368e-08,44.4705,956.705,1.22263e-07,50.3371,1203.54,1e-08,56.9776,1513.81,1e-08,64.494,1903.69,1e-08,73.0018,2393.4,3.9185e-07,82.6317,3008.13,1.35379e-07,93.5318,3779.25,1e-08,105.869,4745.7,2.06965e-08,119.834,5955.6,1e-08,135.641,7468.12,1e-08,153.531,9355.62,2.00739e-07,173.781,11705.8,2.28358e-07,196.701,14624.1,1e-08,222.642,18235,1e-08,252.003,22683.4,1e-08,285.234,28134,1e-08,322.845,34767,2.34258e-07,365.413,42770.9,2.99668e-07,413.588,52327.9,8.28644e-08,468.111,63591.2,1e-08,529.814,76653.2,1e-08,599.642,91502.5,1e-08,678.662,107975,2.26339e-07,768.083,125705,3.69212e-07,869.267,144088,2.04077e-07,983.76,162277,1e-08,1113.3,179223,1e-08,1259.87,193777,1e-08,1425.68,204839,4.55555e-07,6.2823,3.27286,2.43537,0.219672,6.18826,2.24117,0.56371,6.87772,2.63624,0.308279,17,8,12,5,1,0,2,6,0,11,6,0,8,11,0,5,5,0,3,18,0,2,3,0,6,15,0,2,38,0,4,48,0,8,98,0,4,77,0,11,82,0,6,207,0,5,81,0,11,200,0,18,121,0,6,172,0,5,395,0,25,85,0,34,508,0,53,563,0,55,1066,0,34,762,0,37,1221,0,76,2235,0,38,1784,0,74,2163,0,66,2727,0,74,6510,0,111,3744,0,83,5743,0,54,8681,0,84,7612,0,76,6993,0,92,7455,0,302,10104,0,147,15364,0,255,34128,0,329,17656,0,205,53665,0,578,27484,0,632,110669,0,772,38579,0,674,43491,0,491,98225,0,953,155480,0,720,89167,0,692,281553,0,1751,148128,0,980,195605,0,1744,185668,0
-1.05176e+08,1,8.88811e-15,10,1023,0,1.05176e+08,0.528882,1.08665,0.389689,0.145397,0.379329,3.24381,0.161596,0.446195,1.77396,0.159177,1.15e+07,4.49998e+06,6.79999e+06,1.15e+07,4.49997e+06,6.79999e+06,1.15e+07,4.49996e+06,6.79999e+06,1.15e+07,4.49995e+06,6.79999e+06,1.14999e+07,4.49993e+06,6.79999e+06,1.14999e+07,4.49991e+06,6.79999e+06,1.14999e+07,4.49989e+06,6.79999e+06,1.14999e+07,4.49986e+06,6.79999e+06,1.14999e+07,4.49982e+06,6.79999e+06,1.14999e+07,4.49977e+06,6.79999e+06,1.14999e+07,4.49971e+06,6.79999e+06,1.14999e+07,4.49963e+06,6.79999e+06,1.14998e+07,4.49953e+06,6.79999e+06,1.14998e+07,4.49941e+06,6.79999e+06,1.14998e+07,4.49926e+06,6.79999e+06,1.14998e+07,4.49906e+06,6.79999e+06,1.14997e+07,4.49882e+06,6.79999e+06,1.14997e+07,4.49851e+06,6.79999e+06,1.14997e+07,4.49812e+06,6.79999e+06,1.14996e+07,4.49764e+06,6.79999e+06,1.14996e+07,4.49702e+06,6.79999e+06,1.14995e+07,4.49625e+06,6.79999e+06,1.14995e+07,4.49528e+06,6.79999e+06,1.14994e+07,4.49406e+06,6.79999e+06,1.14993e+07,4.49253e+06,6.79999e+06,1.14992e+07,4.49059e+06,6.79999e+06,1.14991e+07,4.48817e+06,6.79999e+06,1.1499e+07,4.48511e+06,6.79999e+06,1.14988e+07,4.48128e+06,6.79999e+06,1.14987e+07,4.47646e+06,6.79999e+06,1.14985e+07,4.47041e+06,6.79999e+06,1.14983e+07,4.46281e+06,6.79999e+06,1.14981e+07,4.4533e+06,6.79999e+06,1.14979e+07,4.44138e+06,6.79999e+06,1.14976e+07,4.42649e+06,6.79999e+06,1.14972e+07,4.40789e+06,6.79999e+06,1.14969e+07,4.38471e+06,6.79999e+06,1.14965e+07,4.35592e+06,6.79999e+06,1.1496e+07,4.32027e+06,6.79999e+06,1.14955e+07,4.27629e+06,6.79999e+06,1.14949e+07,4.22231e+06,6.79999e+06,1.14942e+07,4.15647e+06,6.79999e+06,1.14934e+07,4.07676e+06,6.79999e+06,1.14926e+07,3.98112e+06,6.79999e+06,1.14916e+07,3.86765e+06,6.79999e+06,1.14905e+07,3.73474e+06,6.79999e+06,1.14892e+07,3.58148e+06,6.79999e+06,1.14878e+07,3.40785e+06,6.79999e+06,1.14862e+07,3.21513e+06,6.79999e+06,1.14844e+07,3.00605e+06,6.79999e+06,1.14823e+07,2.7848e+06,6.79999e+06,1.148e+07,2.5568e+06,6.79999e+06,1.14773e+07,2.32825e+06,6.79999e+06,13.5742,8.52444,0.508366,16.8306,13.2585,0.162638,20.0035,17.569,0.0507846,23.2616,22.4214,0.0158319,26.7328,28.3297,0.00493498,30.5212,35.6974,0.00153831,34.7178,44.9473,0.000479527,39.4086,56.5822,0.000149456,44.6796,71.2245,4.66214e-05,50.6209,89.6543,1.45419e-05,57.3297,112.852,4.54748e-06,64.9129,142.051,1.43857e-06,73.4897,178.803,4.36618e-07,83.1934,225.062,1.40153e-07,94.1745,283.286,4.96378e-08,106.602,356.568,1.05434e-07,120.669,448.799,-6.49244e-08,136.59,564.873,1.70148e-07,154.611,710.948,-5.34594e-08,175.008,894.767,1.63407e-07,198.097,1126.06,8.04804e-08,224.231,1417.07,1.14667e-07,253.813,1783.15,-1.71227e-07,287.297,2243.62,-2.88466e-07,325.198,2822.67,-4.33651e-07,368.098,3550.67,7.9318e-08,416.657,4465.65,3.13319e-07,471.621,5615.16,3.4613e-07,533.835,7058.61,-1.19199e-07,604.255,8870.02,-2.79964e-07,683.962,11141.4,-2.30521e-07,774.182,13986.7,-2.55099e-07,876.299,17546.4,1.23585e-07,991.883,21993.1,1.41192e-07,1122.71,27536.7,-9.71886e-08,1270.78,34430.7,-3.68368e-07,1438.38,42977.7,-3.45379e-07,1628.07,53532.7,-3.25328e-09,1842.77,66504.6,2.6362e-07,2085.77,82350.2,2.53445e-07,2360.79,101560,-2.47407e-08,2672.05,124632,-3.80602e-07,3024.31,152018,-4.79005e-07,3422.98,184060,-1.14379e-07,3874.15,220884,2.64297e-07,4384.72,262283,3.44131e-07,4962.49,307576,7.5349e-08,5616.29,355497,-3.63097e-07,6356.1,404126,-6.05442e-07,7193.18,450932,-2.72333e-07,8140.28,492963,2.29675e-07,9211.79,527178,4.3387e-07,10424,550893,-1.0711e-07,10.102,8.06553,2.81012,10.6436,8.57909,0.869423,11.5336,10.2515,0.270869,12.7211,12.7138,0.0844293,14.1823,15.9373,0.0263173,15.9122,20.0383,0.0082035,17.9198,25.2154,0.00255722,20.2244,31.7373,0.000797017,22.8539,39.9486,0.000248622,25.8438,50.2851,7.75492e-05,29.237,63.2963,2.42508e-05,33.0837,79.6738,7.67162e-06,37.4415,100.288,2.32837e-06,42.3767,126.236,7.33e-07,47.9646,158.896,2.79256e-07,54.2906,200.003,9.87351e-09,61.452,251.741,1.61085e-07,69.5585,316.859,-2.47141e-07,78.7347,398.812,8.93552e-08,89.1218,501.948,-2.53231e-07,100.879,631.736,-1.25047e-07,114.188,795.049,-1.78808e-07,129.252,1000.53,2.6733e-07,146.304,1259.03,4.50292e-07,165.605,1584.19,6.76904e-07,187.452,1993.12,-1.23808e-07,212.181,2507.27,-4.89068e-07,240.173,3153.54,-5.40284e-07,271.856,3965.56,1.86061e-07,307.719,4985.38,4.37004e-07,348.313,6265.4,3.59828e-07,394.26,7870.83,3.98192e-07,446.268,9882.51,-1.92908e-07,505.135,12400.3,-2.20392e-07,571.766,15546.9,1.51705e-07,647.184,19472.2,5.74996e-07,732.547,24357.4,5.39112e-07,829.167,30420,5.07815e-09,938.526,37916.3,-4.11492e-07,1062.3,47143.9,-3.9561e-07,1202.4,58439.2,3.86185e-08,1360.96,72169.3,5.94093e-07,1540.42,88715.8,7.47693e-07,1743.53,108445,1.78537e-07,1973.41,131665,-4.12549e-07,2233.57,158557,-5.37164e-07,2528,189103,-1.17615e-07,2861.2,222986,5.66769e-07,3238.27,259510,9.45053e-07,3664.97,297540,4.25093e-07,4147.81,335497,-3.58506e-07,4694.17,371444,-6.7724e-07,5312.37,403256,1.67192e-07,1.61744,3.89446,9.84394,3.28846,7.5504,12.774,5.07607,11.7187,13.6844,7.03202,16.8147,13.9681,9.20215,23.1769,14.0566,11.6301,31.1672,14.0841,14.3598,41.2186,14.0927,17.4376,53.8688,14.0954,20.9137,69.7915,14.0962,24.8432,89.8341,14.0965,29.2879,115.063,14.0966,34.3168,146.819,14.0966,40.0078,186.792,14.0966,46.4487,237.107,14.0966,53.7388,300.44,14.0966,61.9903,380.158,14.0966,71.3301,480.499,14.0966,81.902,606.796,14.0966,93.8685,765.761,14.0966,107.414,965.837,14.0966,122.746,1217.65,14.0966,140.101,1534.57,14.0966,159.745,1933.41,14.0966,181.981,2435.3,14.0966,207.15,3066.85,14.0966,235.64,3861.46,14.0966,267.889,4861.11,14.0966,304.391,6118.54,14.0966,345.709,7699.91,14.0966,392.478,9688.22,14.0966,445.417,12187.5,14.0966,505.339,15327.7,14.0966,573.165,19271.6,14.0966,649.938,24222,14.0966,736.839,30430.9,14.0966,835.202,38211.5,14.0966,946.539,47950.3,14.0966,1072.56,60122.8,14.0966,1215.21,75309.9,14.0966,1376.66,94216.2,14.0966,1559.41,117688,14.0966,1766.26,146729,14.0966,2000.39,182510,14.0966,2265.39,226372,14.0966,2565.33,279806,14.0966,2904.81,344416,14.0966,3289.05,421845,14.0966,3723.93,513667,14.0966,4216.13,621231,14.0966,4773.18,745478,14.0966,5403.64,886744,14.0966,6117.15,1.04457e+06,14.0966,6924.63,1.2176e+06,14.0966,11.7194,11.96,12.6541,13.9321,16.1295,13.6434,16.6097,21.9702,13.9553,19.7532,29.5285,14.0526,23.3844,39.1143,14.0829,27.5423,51.2054,14.0923,32.2796,66.434,14.0953,37.662,85.6061,14.0962,43.7675,109.74,14.0965,50.687,140.119,14.0966,58.5249,178.359,14.0966,67.4005,226.493,14.0966,77.4493,287.08,14.0966,88.8254,363.343,14.0966,101.703,459.336,14.0966,116.281,580.161,14.0966,132.782,732.241,14.0966,151.46,923.655,14.0966,172.603,1164.57,14.0966,196.535,1467.79,14.0966,223.625,1849.39,14.0966,254.288,2329.62,14.0966,288.997,2933.93,14.0966,328.285,3694.33,14.0966,372.755,4651.04,14.0966,423.092,5854.57,14.0966,480.07,7368.38,14.0966,544.564,9272.08,14.0966,617.566,11665.5,14.0966,700.197,14673.6,14.0966,793.729,18452.9,14.0966,899.599,23198.6,14.0966,1019.43,29154.1,14.0966,1155.07,36622.3,14.0966,1308.6,45977.9,14.0966,1482.39,57683.7,14.0966,1679.09,72307.8,14.0966,1901.73,90542.8,14.0966,2153.73,113226,14.0966,2438.97,141360,14.0966,2761.81,176127,14.0966,3127.22,218898,14.0966,3540.81,271226,14.0966,4008.92,334817,14.0966,4538.74,411470,14.0966,5138.38,502973,14.0966,5817.04,610948,14.0966,6585.12,736653,14.0966,7454.39,880741,14.0966,8438.15,1.04302e+06,14.0966,9551.45,1.22224e+06,14.0966,10811.3,1.41602e+06,14.0966,12237,1.62086e+06,14.0966,11.7194,11.96,12.6541,2.21263,4.16949,0.989383,2.67766,5.84076,0.311842,3.14343,7.55825,0.0972771,3.63127,9.58578,0.0303237,4.15787,12.0912,0.00945211,4.73731,15.2286,0.00294633,5.38238,19.1721,0.000918508,6.10553,24.134,0.000286163,6.91951,30.3791,8.92692e-05,7.83792,38.2397,2.78121e-05,8.87555,48.1338,8.65134e-06,10.0489,60.5876,2.7882e-06,11.3761,76.2629,8.29036e-07,12.8779,95.9927,2.4373e-07,14.5775,120.825,4.33068e-09,16.5012,152.08,1.75749e-07,18.6784,191.415,-1.86328e-07,21.1428,240.917,1.91829e-07,23.9322,303.213,-1.81475e-07,27.0895,381.602,7.0186e-08,30.6634,480.231,-2.86769e-08,34.7087,604.316,2.40784e-07,39.2876,760.401,9.87368e-08,44.4705,956.705,1.22263e-07,50.3371,1203.54,-4.31966e-07,56.9776,1513.81,-1.9705e-07,64.494,1903.69,-2.763e-08,73.0018,2393.4,3.9185e-07,82.6317,3008.13,1.35379e-07,93.5318,3779.25,-4.16351e-08,105.869,4745.7,2.06965e-08,119.834,5955.6,-3.18887e-07,135.641,7468.12,-1.48271e-08,153.531,9355.62,2.00739e-07,173.781,11705.8,2.28358e-07,196.701,14624.1,-1.93587e-08,222.642,18235,-2.88101e-07,252.003,22683.4,-2.24732e-07,285.234,28134,8.56806e-09,322.845,34767,2.34258e-07,365.413,42770.9,2.99668e-07,413.588,52327.9,8.28644e-08,468.111,63591.2,-3.07049e-07,529.814,76653.2,-3.1888e-07,599.642,91502.5,-6.72276e-08,678.662,107975,2.26339e-07,768.083,125705,3.69212e-07,869.267,144088,2.04077e-07,983.76,162277,-2.80509e-07,1113.3,179223,-4.22737e-07,1259.87,193777,-1.71951e-07,1425.68,204839,4.55555e-07,11.7194,11.96,12.6541,2.21263,4.16949,0.989383,2.67766,5.84076,0.311842,3.14343,7.55825,0.0972771,3.63127,9.58578,0.0303237,4.15787,12.0912,0.00945211,4.73731,15.2286,0.00294633,5.38238,19.1721,0.000918508,6.10553,24.134,0.000286163,6.91951,30.3791,8.92692e-05,7.83792,38.2397,2.78121e-05,8.87555,48.1338,8.65134e-06,10.0489,60.5876,2.7882e-06,11.3761,76.2629,8.29036e-07,12.8779,95.9927,2.4373e-07,14.5775,120.825,1e-08,16.5012,152.08,1.75749e-07,18.6784,191.415,1e-08,21.1428,240.917,1.91829e-07,23.9322,303.213,1e-08,27.0895,381.602,7.0186e-08,30.6634,480.231,1e-08,34.7087,604.316,2.40784e-07,39.2876,760.401,9.87368e-08,44.4705,956.705,1.22263e-07,50.3371,1203.54,1e-08,56.9776,1513.81,1e-08,64.494,1903.69,1e-08,73.0018,2393.4,3.9185e-07,82.6317,3008.13,1.35379e-07,93.5318,3779.25,1e-08,105.869,4745.7,2.06965e-08,119.834,5955.6,1e-08,135.641,7468.12,1e-08,153.531,9355.62,2.00739e-07,173.781,11705.8,2.28358e-07,196.701,14624.1,1e-08,222.642,18235,1e-08,252.003,22683.4,1e-08,285.234,28134,1e-08,322.845,34767,2.34258e-07,365.413,42770.9,2.99668e-07,413.588,52327.9,8.28644e-08,468.111,63591.2,1e-08,529.814,76653.2,1e-08,599.642,91502.5,1e-08,678.662,107975,2.26339e-07,768.083,125705,3.69212e-07,869.267,144088,2.04077e-07,983.76,162277,1e-08,1113.3,179223,1e-08,1259.87,193777,1e-08,1425.68,204839,4.55555e-07,6.2823,3.27286,2.43537,0.219672,6.18826,2.24117,0.56371,6.87772,2.63624,0.308279,16,7,13,4,4,2,1,3,0,5,4,0,2,16,0,4,16,0,3,5,0,5,14,0,4,30,0,8,28,0,5,52,0,8,25,0,2,84,0,9,52,0,5,91,0,14,69,0,24,210,0,11,91,0,44,301,0,17,457,0,15,329,0,23,273,0,22,565,0,7,588,0,13,758,0,71,685,0,47,2341,0,33,2063,0,52,1106,0,119,2365,0,122,5654,0,85,7268,0,77,7231,0,76,3368,0,223,16175,0,250,14584,0,181,11474,0,377,7660,0,648,38380,0,116,51068,0,469,35643,0,215,35080,0,452,44446,0,567,51846,0,458,59020,0,749,61935,0,753,18822,0,419,164893,0,447,265126,0,1612,213785,0,837,98529,0,1397,86239,0,1512,598155,0
-1.05176e+08,1,8.88811e-15,10,1023,0,1.05176e+08,0.528882,1.08665,0.389689,0.145397,0.379329,3.24381,0.161596,0.446195,1.77396,0.159177,1.15e+07,4.49998e+06,6.79999e+06,1.15e+07,4.49997e+06,6.79999e+06,1.15e+07,4.49996e+06,6.79999e+06,1.15e+07,4.49995e+06,6.79999e+06,1.14999e+07,4.49993e+06,6.79999e+06,1.14999e+07,4.49991e+06,6.79999e+06,1.14999e+07,4.49989e+06,6.79999e+06,1.14999e+07,4.49986e+06,6.79999e+06,1.14999e+07,4.49982e+06,6.79999e+06,1.14999e+07,4.49977e+06,6.79999e+06,1.14999e+07,4.49971e+06,6.79999e+06,1.14999e+07,4.49963e+06,6.79999e+06,1.14998e+07,4.49953e+06,6.79999e+06,1.14998e+07,4.49941e+06,6.79999e+06,1.14998e+07,4.49926e+06,6.79999e+06,1.14998e+07,4.49906e+06,6.79999e+06,1.14997e+07,4.49882e+06,6.79999e+06,1.14997e+07,4.49851e+06,6.79999e+06,1.14997e+07,4.49812e+06,6.79999e+06,1.14996e+07,4.49764e+06,6.79999e+06,1.14996e+07,4.49702e+06,6.79999e+06,1.14995e+07,4.49625e+06,6.79999e+06,1.14995e+07,4.49528e+06,6.79999e+06,1.14994e+07,4.49406e+06,6.79999e+06,1.14993e+07,4.49253e+06,6.79999e+06,1.14992e+07,4.49059e+06,6.79999e+06,1.14991e+07,4.48817e+06,6.79999e+06,1.1499e+07,4.48511e+06,6.79999e+06,1.14988e+07,4.48128e+06,6.79999e+06,1.14987e+07,4.47646e+06,6.79999e+06,1.14985e+07,4.47041e+06,6.79999e+06,1.14983e+07,4.46281e+06,6.79999e+06,1.14981e+07,4.4533e+06,6.79999e+06,1.14979e+07,4.44138e+06,6.79999e+06,1.14976e+07,4.42649e+06,6.79999e+06,1.14972e+07,4.40789e+06,6.79999e+06,1.14969e+07,4.38471e+06,6.79999e+06,1.14965e+07,4.35592e+06,6.79999e+06,1.1496e+07,4.32027e+06,6.79999e+06,1.14955e+07,4.27629e+06,6.79999e+06,1.14949e+07,4.22231e+06,6.79999e+06,1.14942e+07,4.15647e+06,6.79999e+06,1.14934e+07,4.07676e+06,6.79999e+06,1.14926e+07,3.98112e+06,6.79999e+06,1.14916e+07,3.86765e+06,6.79999e+06,1.14905e+07,3.73474e+06,6.79999e+06,1.14892e+07,3.58148e+06,6.79999e+06,1.14878e+07,3.40785e+06,6.79999e+06,1.14862e+07,3.21513e+06,6.79999e+06,1.14844e+07,3.00605e+06,6.79999e+06,1.14823e+07,2.7848e+06,6.79999e+06,1.148e+07,2.5568e+06,6.79999e+06,1.14773e+07,2.32825e+06,6.79999e+06,13.5742,8.52444,0.508366,16.8306,13.2585,0.162638,20.0035,17.569,0.0507846,23.2616,22.4214,0.0158319,26.7328,28.3297,0.00493498,30.5212,35.6974,0.00153831,34.7178,44.9473,0.000479527,39.4086,56.5822,0.000149456,44.6796,71.2245,4.66214e-05,50.6209,89.6543,1.45419e-05,57.3297,112.852,4.54748e-06,64.9129,142.051,1.43857e-06,73.4897,178.803,4.36618e-07,83.1934,225.062,1.40153e-07,94.1745,283.286,4.96378e-08,106.602,356.568,1.05434e-07,120.669,448.799,-6.49244e-08,136.59,564.873,1.70148e-07,154.611,710.948,-5.34594e-08,175.008,894.767,1.63407e-07,198.097,1126.06,8.04804e-08,224.231,1417.07,1.14667e-07,253.813,1783.15,-1.71227e-07,287.297,2243.62,-2.88466e-07,325.198,2822.67,-4.33651e-07,368.098,3550.67,7.9318e-08,416.657,4465.65,3.13319e-07,471.621,5615.16,3.4613e-07,533.835,7058.61,-1.19199e-07,604.255,8870.02,-2.79964e-07,683.962,11141.4,-2.30521e-07,774.182,13986.7,-2.55099e-07,876.299,17546.4,1.23585e-07,991.883,21993.1,1.41192e-07,1122.71,27536.7,-9.71886e-08,1270.78,34430.7,-3.68368e-07,1438.38,42977.7,-3.45379e-07,1628.07,53532.7,-3.25328e-09,1842.77,66504.6,2.6362e-07,2085.77,82350.2,2.53445e-07,2360.79,101560,-2.47407e-08,2672.05,124632,-3.80602e-07,3024.31,152018,-4.79005e-07,3422.98,184060,-1.14379e-07,3874.15,220884,2.64297e-07,4384.72,262283,3.44131e-07,4962.49,307576,7.5349e-08,5616.29,355497,-3.63097e-07,6356.1,404126,-6.05442e-07,7193.18,450932,-2.72333e-07,8140.28,492963,2.29675e-07,9211.79,527178,4.3387e-07,10424,550893,-1.0711e-07,10.102,8.06553,2.81012,10.6436,8.57909,0.869423,11.5336,10.2515,0.270869,12.7211,12.7138,0.0844293,14.1823,15.9373,0.0263173,15.9122,20.0383,0.0082035,17.9198,25.2154,0.00255722,20.2244,31.7373,0.000797017,22.8539,39.9486,0.000248622,25.8438,50.2851,7.75492e-05,29.237,63.2963,2.42508e-05,33.0837,79.6738,7.67162e-06,37.4415,100.288,2.32837e-06,42.3767,126.236,7.33e-07,47.9646,158.896,2.79256e-07,54.2906,200.003,9.87351e-09,61.452,251.741,1.61085e-07,69.5585,316.859,-2.47141e-07,78.7347,398.812,8.93552e-08,89.1218,501.948,-2.53231e-07,100.879,631.736,-1.25047e-07,114.188,795.049,-1.78808e-07,129.252,1000.53,2.6733e-07,146.304,1259.03,4.50292e-07,165.605,1584.19,6.76904e-07,187.452,1993.12,-1.23808e-07,212.181,2507.27,-4.89068e-07,240.173,3153.54,-5.40284e-07,271.856,3965.56,1.86061e-07,307.719,4985.38,4.37004e-07,348.313,6265.4,3.59828e-07,394.26,7870.83,3.98192e-07,446.268,9882.51,-1.92908e-07,505.135,12400.3,-2.20392e-07,571.766,15546.9,1.51705e-07,647.184,19472.2,5.74996e-07,732.547,24357.4,5.39112e-07,829.167,30420,5.07815e-09,938.526,37916.3,-4.11492e-07,1062.3,47143.9,-3.9561e-07,1202.4,58439.2,3.86185e-08,1360.96,72169.3,5.94093e-07,1540.42,88715.8,7.47693e-07,1743.53,108445,1.78537e-07,1973.41,131665,-4.12549e-07,2233.57,158557,-5.37164e-07,2528,189103,-1.17615e-07,2861.2,222986,5.66769e-07,3238.27,259510,9.45053e-07,3664.97,297540,4.25093e-07,4147.81,335497,-3.58506e-07,4694.17,371444,-6.7724e-07,5312.37,403256,1.67192e-07,1.61744,3.89446,9.84394,3.28846,7.5504,12.774,5.07607,11.7187,13.6844,7.03202,16.8147,13.9681,9.20215,23.1769,14.0566,11.6301,31.1672,14.0841,14.3598,41.2186,14.0927,17.4376,53.8688,14.0954,20.9137,69.7915,14.0962,24.8432,89.8341,14.0965,29.2879,115.063,14.0966,34.3168,146.819,14.0966,40.0078,186.792,14.0966,46.4487,237.107,14.0966,53.7388,300.44,14.0966,61.9903,380.158,14.0966,71.3301,480.499,14.0966,81.902,606.796,14.0966,93.8685,765.761,14.0966,107.414,965.837,14.0966,122.746,1217.65,14.0966,140.101,1534.57,14.0966,159.745,1933.41,14.0966,181.981,2435.3,14.0966,207.15,3066.85,14.0966,235.64,3861.46,14.0966,267.889,4861.11,14.0966,304.391,6118.54,14.0966,345.709,7699.91,14.0966,392.478,9688.22,14.0966,445.417,12187.5,14.0966,505.339,15327.7,14.0966,573.165,19271.6,14.0966,649.938,24222,14.0966,736.839,30430.9,14.0966,835.202,38211.5,14.0966,946.539,47950.3,14.0966,1072.56,60122.8,14.0966,1215.21,75309.9,14.0966,1376.66,94216.2,14.0966,1559.41,117688,14.0966,1766.26,146729,14.0966,2000.39,182510,14.0966,2265.39,226372,14.0966,2565.33,279806,14.0966,2904.81,344416,14.0966,3289.05,421845,14.0966,3723.93,513667,14.0966,4216.13,621231,14.0966,4773.18,745478,14.0966,5403.64,886744,14.0966,6117.15,1.04457e+06,14.0966,6924.63,1.2176e+06,14.0966,11.7194,11.96,12.6541,13.9321,16.1295,13.6434,16.6097,21.9702,13.9553,19.7532,29.5285,14.0526,23.3844,39.1143,14.0829,27.5423,51.2054,14.0923,32.2796,66.434,14.0953,37.662,85.6061,14.0962,43.7675,109.74,14.0965,50.687,140.119,14.0966,58.5249,178.359,14.0966,67.4005,226.493,14.0966,77.4493,287.08,14.0966,88.8254,363.343,14.0966,101.703,459.336,14.0966,116.281,580.161,14.0966,132.782,732.241,14.0966,151.46,923.655,14.0966,172.603,1164.57,14.0966,196.535,1467.79,14.0966,223.625,1849.39,14.0966,254.288,2329.62,14.0966,288.997,2933.93,14.0966,328.285,3694.33,14.0966,372.755,4651.04,14.0966,423.092,5854.57,14.0966,480.07,7368.38,14.0966,544.564,9272.08,14.0966,617.566,11665.5,14.0966,700.197,14673.6,14.0966,793.729,18452.9,14.0966,899.599,23198.6,14.0966,1019.43,29154.1,14.0966,1155.07,36622.3,14.0966,1308.6,45977.9,14.0966,1482.39,57683.7,14.0966,1679.09,72307.8,14.0966,1901.73,90542.8,14.0966,2153.73,113226,14.0966,2438.97,141360,14.0966,2761.81,176127,14.0966,3127.22,218898,14.0966,3540.81,271226,14.0966,4008.92,334817,14.0966,4538.74,411470,14.0966,5138.38,502973,14.0966,5817.04,610948,14.0966,6585.12,736653,14.0966,7454.39,880741,14.0966,8438.15,1.04302e+06,14.0966,9551.45,1.22224e+06,14.0966,10811.3,1.41602e+06,14.0966,12237,1.62086e+06,14.0966,11.7194,11.96,12.6541,2.21263,4.16949,0.989383,2.67766,5.84076,0.311842,3.14343,7.55825,0.0972771,3.63127,9.58578,0.0303237,4.15787,12.0912,0.00945211,4.73731,15.2286,0.00294633,5.38238,19.1721,0.000918508,6.10553,24.134,0.000286163,6.91951,30.3791,8.92692e-05,7.83792,38.2397,2.78121e-05,8.87555,48.1338,8.65134e-06,10.0489,60.5876,2.7882e-06,11.3761,76.2629,8.29036e-07,12.8779,95.9927,2.4373e-07,14.5775,120.825,4.33068e-09,16.5012,152.08,1.75749e-07,18.6784,191.415,-1.86328e-07,21.1428,240.917,1.91829e-07,23.9322,303.213,-1.81475e-07,27.0895,381.602,7.0186e-08,30.6634,480.231,-2.86769e-08,34.7087,604.316,2.40784e-07,39.2876,760.401,9.87368e-08,44.4705,956.705,1.22263e-07,50.3371,1203.54,-4.31966e-07,56.9776,1513.81,-1.9705e-07,64.494,1903.69,-2.763e-08,73.0018,2393.4,3.9185e-07,82.6317,3008.13,1.35379e-07,93.5318,3779.25,-4.16351e-08,105.869,4745.7,2.06965e-08,119.834,5955.6,-3.18887e-07,135.641,7468.12,-1.48271e-08,153.531,9355.62,2.00739e-07,173.781,11705.8,2.28358e-07,196.701,14624.1,-1.93587e-08,222.642,18235,-2.88101e-07,252.003,22683.4,-2.24732e-07,285.234,28134,8.56806e-09,322.845,34767,2.34258e-07,365.413,42770.9,2.99668e-07,413.588,52327.9,8.28644e-08,468.111,63591.2,-3.07049e-07,529.814,76653.2,-3.1888e-07,599.642,91502.5,-6.72276e-08,678.662,107975,2.26339e-07,768.083,125705,3.69212e-07,869.267,144088,2.04077e-07,983.76,162277,-2.80509e-07,1113.3,179223,-4.22737e-07,1259.87,193777,-1.71951e-07,1425.68,204839,4.55555e-07,11.7194,11.96,12.6541,2.21263,4.16949,0.989383,2.67766,5.84076,0.311842,3.14343,7.55825,0.0972771,3.63127,9.58578,0.0303237,4.15787,12.0912,0.00945211,4.73731,15.2286,0.00294633,5.38238,19.1721,0.000918508,6.10553,24.134,0.000286163,6.91951,30.3791,8.92692e-05,7.83792,38.2397,2.78121e-05,8.87555,48.1338,8.65134e-06,10.0489,60.5876,2.7882e-06,11.3761,76.2629,8.29036e-07,12.8779,95.9927,2.4373e-07,14.5775,120.825,1e-08,16.5012,152.08,1.75749e-07,18.6784,191.415,1e-08,21.1428,240.917,1.91829e-07,23.9322,303.213,1e-08,27.0895,381.602,7.0186e-08,30.6634,480.231,1e-08,34.7087,604.316,2.40784e-07,39.2876,760.401,9.87368e-08,44.4705,956.705,1.22263e-07,50.3371,1203.54,1e-08,56.9776,1513.81,1e-08,64.494,1903.69,1e-08,73.0018,2393.4,3.9185e-07,82.6317,3008.13,1.35379e-07,93.5318,3779.25,1e-08,105.869,4745.7,2.06965e-08,119.834,5955.6,1e-08,135.641,7468.12,1e-08,153.531,9355.62,2.00739e-07,173.781,11705.8,2.28358e-07,196.701,14624.1,1e-08,222.642,18235,1e-08,252.003,22683.4,1e-08,285.234,28134,1e-08,322.845,34767,2.34258e-07,365.413,42770.9,2.99668e-07,413.588,52327.9,8.28644e-08,468.111,63591.2,1e-08,529.814,76653.2,1e-08,599.642,91502.5,1e-08,678.662,107975,2.26339e-07,768.083,125705,3.69212e-07,869.267,144088,2.04077e-07,983.76,162277,1e-08,1113.3,179223,1e-08,1259.87,193777,1e-08,1425.68,204839,4.55555e-07,6.2823,3.27286,2.43537,0.219672,6.18826,2.24117,0.56371,6.87772,2.63624,0.308279,15,17,13,3,1,1,3,9,1,2,8,0,3,12,0,2,22,0,10,6,0,4,24,0,6,7,0,8,21,0,15,34,0,2,34,0,7,73,0,5,92,0,9,103,0,14,142,0,12,105,0,12,179,0,19,144,0,22,310,0,17,347,0,20,376,0,34,528,0,42,511,0,62,1288,0,122,1677,0,69,928,0,51,1491,0,49,3881,0,129,1205,0,222,1944,0,91,5616,0,132,4398,0,273,1823,0,169,11632,0,118,3154,0,52,3838,0,172,21842,0,242,25106,0,271,25637,0,259,44417,0,390,35212,0,450,49521,0,207,46455,0,816,101693,0,354,47827,0,882,95632,0,572,149751,0,1035,215095,0,489,203931,0,807,133560,0,779,176736,0,2295,118428,0
-1.05176e+08,1,8.88811e-15,10,1023,0,1.05176e+08,0.528882,1.08665,0.389689,0.145397,0.379329,3.24381,0.161596,0.446195,1.77396,0.159177,1.15e+07,4.49998e+06,6.79999e+06,1.15e+07,4.49997e+06,6.79999e+06,1.15e+07,4.49996e+06,6.79999e+06,1.15e+07,4.49995e+06,6.79999e+06,1.14999e+07,4.49993e+06,6.79999e+06,1.14999e+07,4.49991e+06,6.79999e+06,1.14999e+07,4.49989e+06,6.79999e+06,1.14999e+07,4.49986e+06,6.79999e+06,1.14999e+07,4.49982e+06,6.79999e+06,1.14999e+07,4.49977e+06,6.79999e+06,1.14999e+07,4.49971e+06,6.79999e+06,1.14999e+07,4.49963e+06,6.79999e+06,1.14998e+07,4.49953e+06,6.79999e+06,1.14998e+07,4.49941e+06,6.79999e+06,1.14998e+07,4.49926e+06,6.79999e+06,1.14998e+07,4.49906e+06,6.79999e+06,1.14997e+07,4.49882e+06,6.79999e+06,1.14997e+07,4.49851e+06,6.79999e+06,1.14997e+07,4.49812e+06,6.79999e+06,1.14996e+07,4.49764e+06,6.79999e+06,1.14996e+07,4.49702e+06,6.79999e+06,1.14995e+07,4.49625e+06,6.79999e+06,1.14995e+07,4.49528e+06,6.79999e+06,1.14994e+07,4.49406e+06,6.79999e+06,1.14993e+07,4.49253e+06,6.79999e+06,1.14992e+07,4.49059e+06,6.79999e+06,1.14991e+07,4.48817e+06,6.79999e+06,1.1499e+07,4.48511e+06,6.79999e+06,1.14988e+07,4.48128e+06,6.79999e+06,1.14987e+07,4.47646e+06,6.79999e+06,1.14985e+07,4.47041e+06,6.79999e+06,1.14983e+07,4.46281e+06,6.79999e+06,1.14981e+07,4.4533e+06,6.79999e+06,1.14979e+07,4.44138e+06,6.79999e+06,1.14976e+07,4.42649e+06,6.79999e+06,1.14972e+07,4.40789e+06,6.79999e+06,1.14969e+07,4.38471e+06,6.79999e+06,1.14965e+07,4.35592e+06,6.79999e+06,1.1496e+07,4.32027e+06,6.79999e+06,1.14955e+07,4.27629e+06,6.79999e+06,1.14949e+07,4.22231e+06,6.79999e+06,1.14942e+07,4.15647e+06,6.79999e+06,1.14934e+07,4.07676e+06,6.79999e+06,1.14926e+07,3.98112e+06,6.79999e+06,1.14916e+07,3.86765e+06,6.79999e+06,1.14905e+07,3.73474e+06,6.79999e+06,1.14892e+07,3.58148e+06,6.79999e+06,1.14878e+07,3.40785e+06,6.79999e+06,1.14862e+07,3.21513e+06,6.79999e+06,1.14844e+07,3.00605e+06,6.79999e+06,1.14823e+07,2.7848e+06,6.79999e+06,1.148e+07,2.5568e+06,6.79999e+06,1.14773e+07,2.32825e+06,6.79999e+06,13.5742,8.52444,0.508366,16.8306,13.2585,0.162638,20.0035,17.569,0.0507846,23.2616,22.4214,0.0158319,26.7328,28.3297,0.00493498,30.5212,35.6974,0.00153831,34.7178,44.9473,0.000479527,39.4086,56.5822,0.000149456,44.6796,71.2245,4.66214e-05,50.6209,89.6543,1.45419e-05,57.3297,112.852,4.54748e-06,64.9129,142.051,1.43857e-06,73.4897,178.803,4.36618e-07,83.1934,225.062,1.40153e-07,94.1745,283.286,4.96378e-08,106.602,356.568,1.05434e-07,120.669,448.799,-6.49244e-08,136.59,564.873,1.70148e-07,154.611,710.948,-5.34594e-08,175.008,894.767,1.63407e-07,198.097,1126.06,8.04804e-08,224.231,1417.07,1.14667e-07,253.813,1783.15,-1.71227e-07,287.297,2243.62,-2.88466e-07,325.198,2822.67,-4.33651e-07,368.098,3550.67,7.9318e-08,416.657,4465.65,3.13319e-07,471.621,5615.16,3.4613e-07,533.835,7058.61,-1.19199e-07,604.255,8870.02,-2.79964e-07,683.962,11141.4,-2.30521e-07,774.182,13986.7,-2.55099e-07,876.299,17546.4,1.23585e-07,991.883,21993.1,1.41192e-07,1122.71,27536.7,-9.71886e-08,1270.78,34430.7,-3.68368e-07,1438.38,42977.7,-3.45379e-07,1628.07,53532.7,-3.25328e-09,1842.77,66504.6,2.6362e-07,2085.77,82350.2,2.53445e-07,2360.79,101560,-2.47407e-08,2672.05,124632,-3.80602e-07,3024.31,152018,-4.79005e-07,3422.98,184060,-1.14379e-07,3874.15,220884,2.64297e-07,4384.72,262283,3.44131e-07,4962.49,307576,7.5349e-08,5616.29,355497,-3.63097e-07,6356.1,404126,-6.05442e-07,7193.18,450932,-2.72333e-07,8140.28,492963,2.29675e-07,9211.79,527178,4.3387e-07,10424,550893,-1.0711e-07,10.102,8.06553,2.81012,10.6436,8.57909,0.869423,11.5336,10.2515,0.270869,12.7211,12.7138,0.0844293,14.1823,15.9373,0.0263173,15.9122,20.0383,0.0082035,17.9198,25.2154,0.00255722,20.2244,31.7373,0.000797017,22.8539,39.9486,0.000248622,25.8438,50.2851,7.75492e-05,29.237,63.2963,2.42508e-05,33.0837,79.6738,7.67162e-06,37.4415,100.288,2.32837e-06,42.3767,126.236,7.33e-07,47.9646,158.896,2.79256e-07,54.2906,200.003,9.87351e-09,61.452,251.741,1.61085e-07,69.5585,316.859,-2.47141e-07,78.7347,398.812,8.93552e-08,89.1218,501.948,-2.53231e-07,100.879,631.736,-1.25047e-07,114.188,795.049,-1.78808e-07,129.252,1000.53,2.6733e-07,146.304,1259.03,4.50292e-07,165.605,1584.19,6.76904e-07,187.452,1993.12,-1.23808e-07,212.181,2507.27,-4.89068e-07,240.173,3153.54,-5.40284e-07,271.856,3965.56,1.86061e-07,307.719,4985.38,4.37004e-07,348.313,6265.4,3.59828e-07,394.26,7870.83,3.98192e-07,446.268,9882.51,-1.92908e-07,505.135,12400.3,-2.20392e-07,571.766,15546.9,1.51705e-07,647.184,19472.2,5.74996e-07,732.547,24357.4,5.39112e-07,829.167,30420,5.07815e-09,938.526,37916.3,-4.11492e-07,1062.3,47143.9,-3.9561e-07,1202.4,58439.2,3.86185e-08,1360.96,72169.3,5.94093e-07,1540.42,88715.8,7.47693e-07,1743.53,108445,1.78537e-07,1973.41,131665,-4.12549e-07,2233.57,158557,-5.37164e-07,2528,189103,-1.17615e-07,2861.2,222986,5.66769e-07,3238.27,259510,9.45053e-07,3664.97,297540,4.25093e-07,4147.81,335497,-3.58506e-07,4694.17,371444,-6.7724e-07,5312.37,403256,1.67192e-07,1.61744,3.89446,9.84394,3.28846,7.5504,12.774,5.07607,11.7187,13.6844,7.03202,16.8147,13.9681,9.20215,23.1769,14.0566,11.6301,31.1672,14.0841,14.3598,41.2186,14.0927,17.4376,53.8688,14.0954,20.9137,69.7915,14.0962,24.8432,89.8341,14.0965,29.2879,115.063,14.0966,34.3168,146.819,14.0966,40.0078,186.792,14.0966,46.4487,237.107,14.0966,53.7388,300.44,14.0966,61.9903,380.158,14.0966,71.3301,480.499,14.0966,81.902,606.796,14.0966,93.8685,765.761,14.0966,107.414,965.837,14.0966,122.746,1217.65,14.0966,140.101,1534.57,14.0966,159.745,1933.41,14.0966,181.981,2435.3,14.0966,207.15,3066.85,14.0966,235.64,3861.46,14.0966,267.889,4861.11,14.0966,304.391,6118.54,14.0966,345.709,7699.91,14.0966,392.478,9688.22,14.0966,445.417,12187.5,14.0966,505.339,15327.7,14.0966,573.165,19271.6,14.0966,649.938,24222,14.0966,736.839,30430.9,14.0966,835.202,38211.5,14.0966,946.539,47950.3,14.0966,1072.56,60122.8,14.0966,1215.21,75309.9,14.0966,1376.66,94216.2,14.0966,1559.41,117688,14.0966,1766.26,146729,14.0966,2000.39,182510,14.0966,2265.39,226372,14.0966,2565.33,279806,14.0966,2904.81,344416,14.0966,3289.05,421845,14.0966,3723.93,513667,14.0966,4216.13,621231,14.0966,4773.18,745478,14.0966,5403.64,886744,14.0966,6117.15,1.04457e+06,14.0966,6924.63,1.2176e+06,14.0966,11.7194,11.96,12.6541,13.9321,16.1295,13.6434,16.6097,21.9702,13.9553,19.7532,29.5285,14.0526,23.3844,39.1143,14.0829,27.5423,51.2054,14.0923,32.2796,66.434,14.0953,37.662,85.6061,14.0962,43.7675,109.74,14.0965,50.687,140.119,14.0966,58.5249,178.359,14.0966,67.4005,226.493,14.0966,77.4493,287.08,14.0966,88.8254,363.343,14.0966,101.703,459.336,14.0966,116.281,580.161,14.0966,132.782,732.241,14.0966,151.46,923.655,14.0966,172.603,1164.57,14.0966,196.535,1467.79,14.0966,223.625,1849.39,14.0966,254.288,2329.62,14.0966,288.997,2933.93,14.0966,328.285,3694.33,14.0966,372.755,4651.04,14.0966,423.092,5854.57,14.0966,480.07,7368.38,14.0966,544.564,9272.08,14.0966,617.566,11665.5,14.0966,700.197,14673.6,14.0966,793.729,18452.9,14.0966,899.599,23198.6,14.0966,1019.43,29154.1,14.0966,1155.07,36622.3,14.0966,1308.6,45977.9,14.0966,1482.39,57683.7,14.0966,1679.09,72307.8,14.0966,1901.73,90542.8,14.0966,2153.73,113226,14.0966,2438.97,141360,14.0966,2761.81,176127,14.0966,3127.22,218898,14.0966,3540.81,271226,14.0966,4008.92,334817,14.0966,4538.74,411470,14.0966,5138.38,502973,14.0966,5817.04,610948,14.0966,6585.12,736653,14.0966,7454.39,880741,14.0966,8438.15,1.04302e+06,14.0966,9551.45,1.22224e+06,14.0966,10811.3,1.41602e+06,14.0966,12237,1.62086e+06,14.0966,11.7194,11.96,12.6541,2.21263,4.16949,0.989383,2.67766,5.84076,0.311842,3.14343,7.55825,0.0972771,3.63127,9.58578,0.0303237,4.15787,12.0912,0.00945211,4.73731,15.2286,0.00294633,5.38238,19.1721,0.000918508,6.10553,24.134,0.000286163,6.91951,30.3791,8.92692e-05,7.83792,38.2397,2.78121e-05,8.87555,48.1338,8.65134e-06,10.0489,60.5876,2.7882e-06,11.3761,76.2629,8.29036e-07,12.8779,95.9927,2.4373e-07,14.5775,120.825,4.33068e-09,16.5012,152.08,1.75749e-07,18.6784,191.415,-1.86328e-07,21.1428,240.917,1.91829e-07,23.9322,303.213,-1.81475e-07,27.0895,381.602,7.0186e-08,30.6634,480.231,-2.86769e-08,34.7087,604.316,2.40784e-07,39.2876,760.401,9.87368e-08,44.4705,956.705,1.22263e-07,50.3371,1203.54,-4.31966e-07,56.9776,1513.81,-1.9705e-07,64.494,1903.69,-2.763e-08,73.0018,2393.4,3.9185e-07,82.6317,3008.13,1.35379e-07,93.5318,3779.25,-4.16351e-08,105.869,4745.7,2.06965e-08,119.834,5955.6,-3.18887e-07,135.641,7468.12,-1.48271e-08,153.531,9355.62,2.00739e-07,173.781,11705.8,2.28358e-07,196.701,14624.1,-1.93587e-08,222.642,18235,-2.88101e-07,252.003,22683.4,-2.24732e-07,285.234,28134,8.56806e-09,322.845,34767,2.34258e-07,365.413,42770.9,2.99668e-07,413.588,52327.9,8.28644e-08,468.111,63591.2,-3.07049e-07,529.814,76653.2,-3.1888e-07,599.642,91502.5,-6.72276e-08,678.662,107975,2.26339e-07,768.083,125705,3.69212e-07,869.267,144088,2.04077e-07,983.76,162277,-2.80509e-07,1113.3,179223,-4.22737e-07,1259.87,193777,-1.71951e-07,1425.68,204839,4.55555e-07,11.7194,11.96,12.6541,2.21263,4.16949,0.989383,2.67766,5.84076,0.311842,3.14343,7.55825,0.0972771,3.63127,9.58578,0.0303237,4.15787,12.0912,0.00945211,4.73731,15.2286,0.00294633,5.38238,19.1721,0.000918508,6.10553,24.134,0.000286163,6.91951,30.3791,8.92692e-05,7.83792,38.2397,2.78121e-05,8.87555,48.1338,8.65134e-06,10.0489,60.5876,2.7882e-06,11.3761,76.2629,8.29036e-07,12.8779,95.9927,2.4373e-07,14.5775,120.825,1e-08,16.5012,152.08,1.75749e-07,18.6784,191.415,1e-08,21.1428,240.917,1.91829e-07,23.9322,303.213,1e-08,27.0895,381.602,7.0186e-08,30.6634,480.231,1e-08,34.7087,604.316,2.40784e-07,39.2876,760.401,9.87368e-08,44.4705,956.705,1.22263e-07,50.3371,1203.54,1e-08,56.9776,1513.81,1e-08,64.494,1903.69,1e-08,73.0018,2393.4,3.9185e-07,82.6317,3008.13,1.35379e-07,93.5318,3779.25,1e-08,105.869,4745.7,2.06965e-08,119.834,5955.6,1e-08,135.641,7468.12,1e-08,153.531,9355.62,2.00739e-07,173.781,11705.8,2.28358e-07,196.701,14624.1,1e-08,222.642,18235,1e-08,252.003,22683.4,1e-08,285.234,28134,1e-08,322.845,34767,2.34258e-07,365.413,42770.9,2.99668e-07,413.588,52327.9,8.28644e-08,468.111,63591.2,1e-08,529.814,76653.2,1e-08,599.642,91502.5,1e-08,678.662,107975,2.26339e-07,768.083,125705,3.69212e-07,869.267,144088,2.04077e-07,983.76,162277,1e-08,1113.3,179223,1e-08,1259.87,193777,1e-08,1425.68,204839,4.55555e-07,6.2823,3.27286,2.43537,0.219672,6.18826,2.24117,0.56371,6.87772,2.63624,0.308279,9,8,17,1,4,1,5,9,0,3,8,0,3,10,0,1,16,0,3,29,0,3,25,0,5,22,0,8,26,0,9,41,0,5,30,0,5,76,0,6,112,0,15,90,0,5,137,0,17,329,0,5,209,0,13,210,0,24,95,0,18,401,0,25,301,0,38,622,0,61,871,0,70,1205,0,50,1374,0,111,2591,0,54,1773,0,76,1201,0,76,2320,0,54,2200,0,70,5044,0,112,8360,0,140,7497,0,80,9585,0,220,6890,0,351,6712,0,131,22798,0,239,19805,0,228,33419,0,309,40623,0,553,60497,0,667,64731,0,376,83653,0,460,112188,0,674,43268,0,592,164308,0,649,100463,0,635,138143,0,1632,193884,0,550,206560,0,759,171929,0,1423,198055,0
-1.05176e+08,1,8.88811e-15,10,1023,0,1.05176e+08,0.528882,1.08665,0.389689,0.145397,0.379329,3.24381,0.161596,0.446195,1.77396,0.159177,1.15e+07,4.49998e+06,6.79999e+06,1.15e+07,4.49997e+06,6.79999e+06,1.15e+07,4.49996e+06,6.79999e+06,1.15e+07,4.49995e+06,6.79999e+06,1.14999e+07,4.49993e+06,6.79999e+06,1.14999e+07,4.49991e+06,6.79999e+06,1.14999e+07,4.49989e+06,6.79999e+06,1.14999e+07,4.49986e+06,6.79999e+06,1.14999e+07,4.49982e+06,6.79999e+06,1.14999e+07,4.49977e+06,6.79999e+06,1.14999e+07,4.49971e+06,6.79999e+06,1.14999e+07,4.49963e+06,6.79999e+06,1.14998e+07,4.49953e+06,6.79999e+06,1.14998e+07,4.49941e+06,6.79999e+06,1.14998e+07,4.49926e+06,6.79999e+06,1.14998e+07,4.49906e+06,6.79999e+06,1.14997e+07,4.49882e+06,6.79999e+06,1.14997e+07,4.49851e+06,6.79999e+06,1.14997e+07,4.49812e+06,6.79999e+06,1.14996e+07,4.49764e+06,6.79999e+06,1.14996e+07,4.49702e+06,6.79999e+06,1.14995e+07,4.49625e+06,6.79999e+06,1.14995e+07,4.49528e+06,6.79999e+06,1.14994e+07,4.49406e+06,6.79999e+06,1.14993e+07,4.49253e+06,6.79999e+06,1.14992e+07,4.49059e+06,6.79999e+06,1.14991e+07,4.48817e+06,6.79999e+06,1.1499e+07,4.48511e+06,6.79999e+06,1.14988e+07,4.48128e+06,6.79999e+06,1.14987e+07,4.47646e+06,6.79999e+06,1.14985e+07,4.47041e+06,6.79999e+06,1.14983e+07,4.46281e+06,6.79999e+06,1.14981e+07,4.4533e+06,6.79999e+06,1.14979e+07,4.44138e+06,6.79999e+06,1.14976e+07,4.42649e+06,6.79999e+06,1.14972e+07,4.40789e+06,6.79999e+06,1.14969e+07,4.38471e+06,6.79999e+06,1.14965e+07,4.35592e+06,6.79999e+06,1.1496e+07,4.32027e+06,6.79999e+06,1.14955e+07,4.27629e+06,6.79999e+06,1.14949e+07,4.22231e+06,6.79999e+06,1.14942e+07,4.15647e+06,6.79999e+06,1.14934e+07,4.07676e+06,6.79999e+06,1.14926e+07,3.98112e+06,6.79999e+06,1.14916e+07,3.86765e+06,6.79999e+06,1.14905e+07,3.73474e+06,6.79999e+06,1.14892e+07,3.58148e+06,6.79999e+06,1.14878e+07,3.40785e+06,6.79999e+06,1.14862e+07,3.21513e+06,6.79999e+06,1.14844e+07,3.00605e+06,6.79999e+06,1.14823e+07,2.7848e+06,6.79999e+06,1.148e+07,2.5568e+06,6.79999e+06,1.14773e+07,2.32825e+06,6.79999e+06,13.5742,8.52444,0.508366,16.8306,13.2585,0.162638,20.0035,17.569,0.0507846,23.2616,22.4214,0.0158319,26.7328,28.3297,0.00493498,30.5212,35.6974,0.00153831,34.7178,44.9473,0.000479527,39.4086,56.5822,0.000149456,44.6796,71.2245,4.66214e-05,50.6209,89.6543,1.45419e-05,57.3297,112.852,4.54748e-06,64.9129,142.051,1.43857e-06,73.4897,178.803,4.36618e-07,83.1934,225.062,1.40153e-07,94.1745,283.286,4.96378e-08,106.602,356.568,1.05434e-07,120.669,448.799,-6.49244e-08,136.59,564.873,1.70148e-07,154.611,710.948,-5.34594e-08,175.008,894.767,1.63407e-07,198.097,1126.06,8.04804e-08,224.231,1417.07,1.14667e-07,253.813,1783.15,-1.71227e-07,287.297,2243.62,-2.88466e-07,325.198,2822.67,-4.33651e-07,368.098,3550.67,7.9318e-08,416.657,4465.65,3.13319e-07,471.621,5615.16,3.4613e-07,533.835,7058.61,-1.19199e-07,604.255,8870.02,-2.79964e-07,683.962,11141.4,-2.30521e-07,774.182,13986.7,-2.55099e-07,876.299,17546.4,1.23585e-07,991.883,21993.1,1.41192e-07,1122.71,27536.7,-9.71886e-08,1270.78,34430.7,-3.68368e-07,1438.38,42977.7,-3.45379e-07,1628.07,53532.7,-3.25328e-09,1842.77,66504.6,2.6362e-07,2085.77,82350.2,2.53445e-07,2360.79,101560,-2.47407e-08,2672.05,124632,-3.80602e-07,3024.31,152018,-4.79005e-07,3422.98,184060,-1.14379e-07,3874.15,220884,2.64297e-07,4384.72,262283,3.44131e-07,4962.49,307576,7.5349e-08,5616.29,355497,-3.63097e-07,6356.1,404126,-6.05442e-07,7193.18,450932,-2.72333e-07,8140.28,492963,2.29675e-07,9211.79,527178,4.3387e-07,10424,550893,-1.0711e-07,10.102,8.06553,2.81012,10.6436,8.57909,0.869423,11.5336,10.2515,0.270869,12.7211,12.7138,0.0844293,14.1823,15.9373,0.0263173,15.9122,20.0383,0.0082035,17.9198,25.2154,0.00255722,20.2244,31.7373,0.000797017,22.8539,39.9486,0.000248622,25.8438,50.2851,7.75492e-05,29.237,63.2963,2.42508e-05,33.0837,79.6738,7.67162e-06,37.4415,100.288,2.32837e-06,42.3767,126.236,7.33e-07,47.9646,158.896,2.79256e-07,54.2906,200.003,9.87351e-09,61.452,251.741,1.61085e-07,69.5585,316.859,-2.47141e-07,78.7347,398.812,8.93552e-08,89.1218,501.948,-2.53231e-07,100.879,631.736,-1.25047e-07,114.188,795.049,-1.78808e-07,129.252,1000.53,2.6733e-07,146.304,1259.03,4.50292e-07,165.605,1584.19,6.76904e-07,187.452,1993.12,-1.23808e-07,212.181,2507.27,-4.89068e-07,240.173,3153.54,-5.40284e-07,271.856,3965.56,1.86061e-07,307.719,4985.38,4.37004e-07,348.313,6265.4,3.59828e-07,394.26,7870.83,3.98192e-07,446.268,9882.51,-1.92908e-07,505.135,12400.3,-2.20392e-07,571.766,15546.9,1.51705e-07,647.184,19472.2,5.74996e-07,732.547,24357.4,5.39112e-07,829.167,30420,5.07815e-09,938.526,37916.3,-4.11492e-07,1062.3,47143.9,-3.9561e-07,1202.4,58439.2,3.86185e-08,1360.96,72169.3,5.94093e-07,1540.42,88715.8,7.47693e-07,1743.53,108445,1.78537e-07,1973.41,131665,-4.12549e-07,2233.57,158557,-5.37164e-07,2528,189103,-1.17615e-07,2861.2,222986,5.66769e-07,3238.27,259510,9.45053e-07,3664.97,297540,4.25093e-07,4147.81,335497,-3.58506e-07,4694.17,371444,-6.7724e-07,5312.37,403256,1.67192e-07,1.61744,3.89446,9.84394,3.28846,7.5504,12.774,5.07607,11.7187,13.6844,7.03202,16.8147,13.9681,9.20215,23.1769,14.0566,11.6301,31.1672,14.0841,14.3598,41.2186,14.0927,17.4376,53.8688,14.0954,20.9137,69.7915,14.0962,24.8432,89.8341,14.0965,29.2879,115.063,14.0966,34.3168,146.819,14.0966,40.0078,186.792,14.0966,46.4487,237.107,14.0966,53.7388,300.44,14.0966,61.9903,380.158,14.0966,71.3301,480.499,14.0966,81.902,606.796,14.0966,93.8685,765.761,14.0966,107.414,965.837,14.0966,122.746,1217.65,14.0966,140.101,1534.57,14.0966,159.745,1933.41,14.0966,181.981,2435.3,14.0966,207.15,3066.85,14.0966,235.64,3861.46,14.0966,267.889,4861.11,14.0966,304.391,6118.54,14.0966,345.709,7699.91,14.0966,392.478,9688.22,14.0966,445.417,12187.5,14.0966,505.339,15327.7,14.0966,573.165,19271.6,14.0966,649.938,24222,14.0966,736.839,30430.9,14.0966,835.202,38211.5,14.0966,946.539,47950.3,14.0966,1072.56,60122.8,14.0966,1215.21,75309.9,14.0966,1376.66,94216.2,14.0966,1559.41,117688,14.0966,1766.26,146729,14.0966,2000.39,182510,14.0966,2265.39,226372,14.0966,2565.33,279806,14.0966,2904.81,344416,14.0966,3289.05,421845,14.0966,3723.93,513667,14.0966,4216.13,621231,14.0966,4773.18,745478,14.0966,5403.64,886744,14.0966,6117.15,1.04457e+06,14.0966,6924.63,1.2176e+06,14.0966,11.7194,11.96,12.6541,13.9321,16.1295,13.6434,16.6097,21.9702,13.9553,19.7532,29.5285,14.0526,23.3844,39.1143,14.0829,27.5423,51.2054,14.0923,32.2796,66.434,14.0953,37.662,85.6061,14.0962,43.7675,109.74,14.0965,50.687,140.119,14.0966,58.5249,178.359,14.0966,67.4005,226.493,14.0966,77.4493,287.08,14.0966,88.8254,363.343,14.0966,101.703,459.336,14.0966,116.281,580.161,14.0966,132.782,732.241,14.0966,151.46,923.655,14.0966,172.603,1164.57,14.0966,196.535,1467.79,14.0966,223.625,1849.39,14.0966,254.288,2329.62,14.0966,288.997,2933.93,14.0966,328.285,3694.33,14.0966,372.755,4651.04,14.0966,423.092,5854.57,14.0966,480.07,7368.38,14.0966,544.564,9272.08,14.0966,617.566,11665.5,14.0966,700.197,14673.6,14.0966,793.729,18452.9,14.0966,899.599,23198.6,14.0966,1019.43,29154.1,14.0966,1155.07,36622.3,14.0966,1308.6,45977.9,14.0966,1482.39,57683.7,14.0966,1679.09,72307.8,14.0966,1901.73,90542.8,14.0966,2153.73,113226,14.0966,2438.97,141360,14.0966,2761.81,176127,14.0966,3127.22,218898,14.0966,3540.81,271226,14.0966,4008.92,334817,14.0966,4538.74,411470,14.0966,5138.38,502973,14.0966,5817.04,610948,14.0966,6585.12,736653,14.0966,7454.39,880741,14.0966,8438.15,1.04302e+06,14.0966,9551.45,1.22224e+06,14.0966,10811.3,1.41602e+06,14.0966,12237,1.62086e+06,14.0966,11.7194,11.96,12.6541,2.21263,4.16949,0.989383,2.67766,5.84076,0.311842,3.14343,7.55825,0.0972771,3.63127,9.58578,0.0303237,4.15787,12.0912,0.00945211,4.73731,15.2286,0.00294633,5.38238,19.1721,0.000918508,6.10553,24.134,0.000286163,6.91951,30.3791,8.92692e-05,7.83792,38.2397,2.78121e-05,8.87555,48.1338,8.65134e-06,10.0489,60.5876,2.7882e-06,11.3761,76.2629,8.29036e-07,12.8779,95.9927,2.4373e-07,14.5775,120.825,4.33068e-09,16.5012,152.08,1.75749e-07,18.6784,191.415,-1.86328e-07,21.1428,240.917,1.91829e-07,23.9322,303.213,-1.81475e-07,27.0895,381.602,7.0186e-08,30.6634,480.231,-2.86769e-08,34.7087,604.316,2.40784e-07,39.2876,760.401,9.87368e-08,44.4705,956.705,1.22263e-07,50.3371,1203.54,-4.31966e-07,56.9776,1513.81,-1.9705e-07,64.494,1903.69,-2.763e-08,73.0018,2393.4,3.9185e-07,82.6317,3008.13,1.35379e-07,93.5318,3779.25,-4.16351e-08,105.869,4745.7,2.06965e-08,119.834,5955.6,-3.18887e-07,135.641,7468.12,-1.48271e-08,153.531,9355.62,2.00739e-07,173.781,11705.8,2.28358e-07,196.701,14624.1,-1.93587e-08,222.642,18235,-2.88101e-07,252.003,22683.4,-2.24732e-07,285.234,28134,8.56806e-09,322.845,34767,2.34258e-07,365.413,42770.9,2.99668e-07,413.588,52327.9,8.28644e-08,468.111,63591.2,-3.07049e-07,529.814,76653.2,-3.1888e-07,599.642,91502.5,-6.72276e-08,678.662,107975,2.26339e-07,768.083,125705,3.69212e-07,869.267,144088,2.04077e-07,983.76,162277,-2.80509e-07,1113.3,179223,-4.22737e-07,1259.87,193777,-1.71951e-07,1425.68,204839,4.55555e-07,11.7194,11.96,12.6541,2.21263,4.16949,0.989383,2.67766,5.84076,0.311842,3.14343,7.55825,0.0972771,3.63127,9.58578,0.0303237,4.15787,12.0912,0.00945211,4.73731,15.2286,0.00294633,5.38238,19.1721,0.000918508,6.10553,24.134,0.000286163,6.91951,30.3791,8.92692e-05,7.83792,38.2397,2.78121e-05,8.87555,48.1338,8.65134e-06,10.0489,60.5876,2.7882e-06,11.3761,76.2629,8.29036e-07,12.8779,95.9927,2.4373e-07,14.5775,120.825,1e-08,16.5012,152.08,1.75749e-07,18.6784,191.415,1e-08,21.1428,240.917,1.91829e-07,23.9322,303.213,1e-08,27.0895,381.602,7.0186e-08,30.6634,480.231,1e-08,34.7087,604.316,2.40784e-07,39.2876,760.401,9.87368e-08,44.4705,956.705,1.22263e-07,50.3371,1203.54,1e-08,56.9776,1513.81,1e-08,64.494,1903.69,1e-08,73.0018,2393.4,3.9185e-07,82.6317,3008.13,1.35379e-07,93.5318,3779.25,1e-08,105.869,4745.7,2.06965e-08,119.834,5955.6,1e-08,135.641,7468.12,1e-08,153.531,9355.62,2.00739e-07,173.781,11705.8,2.28358e-07,196.701,14624.1,1e-08,222.642,18235,1e-08,252.003,22683.4,1e-08,285.234,28134,1e-08,322.845,34767,2.34258e-07,365.413,42770.9,2.99668e-07,413.588,52327.9,8.28644e-08,468.111,63591.2,1e-08,529.814,76653.2,1e-08,599.642,91502.5,1e-08,678.662,107975,2.26339e-07,768.083,125705,3.69212e-07,869.267,144088,2.04077e-07,983.76,162277,1e-08,1113.3,179223,1e-08,1259.87,193777,1e-08,1425.68,204839,4.55555e-07,6.2823,3.27286,2.43537,0.219672,6.18826,2.24117,0.56371,6.87772,2.63624,0.308279,18,16,10,3,2,0,1,3,0,4,6,2,5,6,0,5,11,0,5,9,0,8,11,0,8,19,0,8,24,0,8,80,0,8,12,0,8,38,0,17,124,0,15,74,0,20,80,0,21,280,0,4,143,0,38,245,0,24,609,0,16,162,0,32,441,0,47,226,0,41,1211,0,44,587,0,35,891,0,80,1420,0,95,3028,0,47,2659,0,55,3940,0,66,6255,0,111,3325,0,94,5293,0,183,6398,0,207,7335,0,116,18684,0,113,12308,0,210,16695,0,116,23064,0,252,24609,0,236,28655,0,284,55945,0,372,36509,0,321,54564,0,845,119617,0,567,145101,0,1159,126203,0,581,160980,0,630,197778,0,819,99192,0,1201,223761,0,672,161222,0,1576,201782,0
-1.05176e+08,1,8.88811e-15,10,1023,0,1.05176e+08,0.528882,1.08665,0.389689,0.145397,0.379329,3.24381,0.161596,0.446195,1.77396,0.159177,1.15e+07,4.49998e+06,6.79999e+06,1.15e+07,4.49997e+06,6.79999e+06,1.15e+07,4.49996e+06,6.79999e+06,1.15e+07,4.49995e+06,6.79999e+06,1.14999e+07,4.49993e+06,6.79999e+06,1.14999e+07,4.49991e+06,6.79999e+06,1.14999e+07,4.49989e+06,6.79999e+06,1.14999e+07,4.49986e+06,6.79999e+06,1.14999e+07,4.49982e+06,6.79999e+06,1.14999e+07,4.49977e+06,6.79999e+06,1.14999e+07,4.49971e+06,6.79999e+06,1.14999e+07,4.49963e+06,6.79999e+06,1.14998e+07,4.49953e+06,6.79999e+06,1.14998e+07,4.49941e+06,6.79999e+06,1.14998e+07,4.49926e+06,6.79999e+06,1.14998e+07,4.49906e+06,6.79999e+06,1.14997e+07,4.49882e+06,6.79999e+06,1.14997e+07,4.49851e+06,6.79999e+06,1.14997e+07,4.49812e+06,6.79999e+06,1.14996e+07,4.49764e+06,6.79999e+06,1.14996e+07,4.49702e+06,6.79999e+06,1.14995e+07,4.49625e+06,6.79999e+06,1.14995e+07,4.49528e+06,6.79999e+06,1.14994e+07,4.49406e+06,6.79999e+06,1.14993e+07,4.49253e+06,6.79999e+06,1.14992e+07,4.49059e+06,6.79999e+06,1.14991e+07,4.48817e+06,6.79999e+06,1.1499e+07,4.48511e+06,6.79999e+06,1.14988e+07,4.48128e+06,6.79999e+06,1.14987e+07,4.47646e+06,6.79999e+06,1.14985e+07,4.47041e+06,6.79999e+06,1.14983e+07,4.46281e+06,6.79999e+06,1.14981e+07,4.4533e+06,6.79999e+06,1.14979e+07,4.44138e+06,6.79999e+06,1.14976e+07,4.42649e+06,6.79999e+06,1.14972e+07,4.40789e+06,6.79999e+06,1.14969e+07,4.38471e+06,6.79999e+06,1.14965e+07,4.35592e+06,6.79999e+06,1.1496e+07,4.32027e+06,6.79999e+06,1.14955e+07,4.27629e+06,6.79999e+06,1.14949e+07,4.22231e+06,6.79999e+06,1.14942e+07,4.15647e+06,6.79999e+06,1.14934e+07,4.07676e+06,6.79999e+06,1.14926e+07,3.98112e+06,6.79999e+06,1.14916e+07,3.86765e+06,6.79999e+06,1.14905e+07,3.73474e+06,6.79999e+06,1.14892e+07,3.58148e+06,6.79999e+06,1.14878e+07,3.40785e+06,6.79999e+06,1.14862e+07,3.21513e+06,6.79999e+06,1.14844e+07,3.00605e+06,6.79999e+06,1.14823e+07,2.7848e+06,6.79999e+06,1.148e+07,2.5568e+06,6.79999e+06,1.14773e+07,2.32825e+06,6.79999e+06,13.5742,8.52444,0.508366,16.8306,13.2585,0.162638,20.0035,17.569,0.0507846,23.2616,22.4214,0.0158319,26.7328,28.3297,0.00493498,30.5212,35.6974,0.00153831,34.7178,44.9473,0.000479527,39.4086,56.5822,0.000149456,44.6796,71.2245,4.66214e-05,50.6209,89.6543,1.45419e-05,57.3297,112.852,4.54748e-06,64.9129,142.051,1.43857e-06,73.4897,178.803,4.36618e-07,83.1934,225.062,1.40153e-07,94.1745,283.286,4.96378e-08,106.602,356.568,1.05434e-07,120.669,448.799,-6.49244e-08,136.59,564.873,1.70148e-07,154.611,710.948,-5.34594e-08,175.008,894.767,1.63407e-07,198.097,1126.06,8.04804e-08,224.231,1417.07,1.14667e-07,253.813,1783.15,-1.71227e-07,287.297,2243.62,-2.88466e-07,325.198,2822.67,-4.33651e-07,368.098,3550.67,7.9318e-08,416.657,4465.65,3.13319e-07,471.621,5615.16,3.4613e-07,533.835,7058.61,-1.19199e-07,604.255,8870.02,-2.79964e-07,683.962,11141.4,-2.30521e-07,774.182,13986.7,-2.55099e-07,876.299,17546.4,1.23585e-07,991.883,21993.1,1.41192e-07,1122.71,27536.7,-9.71886e-08,1270.78,34430.7,-3.68368e-07,1438.38,42977.7,-3.45379e-07,1628.07,53532.7,-3.25328e-09,1842.77,66504.6,2.6362e-07,2085.77,82350.2,2.53445e-07,2360.79,101560,-2.47407e-08,2672.05,124632,-3.80602e-07,3024.31,152018,-4.79005e-07,3422.98,184060,-1.14379e-07,3874.15,220884,2.64297e-07,4384.72,262283,3.44131e-07,4962.49,307576,7.5349e-08,5616.29,355497,-3.63097e-07,6356.1,404126,-6.05442e-07,7193.18,450932,-2.72333e-07,8140.28,492963,2.29675e-07,9211.79,527178,4.3387e-07,10424,550893,-1.0711e-07,10.102,8.06553,2.81012,10.6436,8.57909,0.869423,11.5336,10.2515,0.270869,12.7211,12.7138,0.0844293,14.1823,15.9373,0.0263173,15.9122,20.0383,0.0082035,17.9198,25.2154,0.00255722,20.2244,31.7373,0.000797017,22.8539,39.9486,0.000248622,25.8438,50.2851,7.75492e-05,29.237,63.2963,2.42508e-05,33.0837,79.6738,7.67162e-06,37.4415,100.288,2.32837e-06,42.3767,126.236,7.33e-07,47.9646,158.896,2.79256e-07,54.2906,200.003,9.87351e-09,61.452,251.741,1.61085e-07,69.5585,316.859,-2.47141e-07,78.7347,398.812,8.93552e-08,89.1218,501.948,-2.53231e-07,100.879,631.736,-1.25047e-07,114.188,795.049,-1.78808e-07,129.252,1000.53,2.6733e-07,146.304,1259.03,4.50292e-07,165.605,1584.19,6.76904e-07,187.452,1993.12,-1.23808e-07,212.181,2507.27,-4.89068e-07,240.173,3153.54,-5.40284e-07,271.856,3965.56,1.86061e-07,307.719,4985.38,4.37004e-07,348.313,6265.4,3.59828e-07,394.26,7870.83,3.98192e-07,446.268,9882.51,-1.92908e-07,505.135,12400.3,-2.20392e-07,571.766,15546.9,1.51705e-07,647.184,19472.2,5.74996e-07,732.547,24357.4,5.39112e-07,829.167,30420,5.07815e-09,938.526,37916.3,-4.11492e-07,1062.3,47143.9,-3.9561e-07,1202.4,58439.2,3.86185e-08,1360.96,72169.3,5.94093e-07,1540.42,88715.8,7.47693e-07,1743.53,108445,1.78537e-07,1973.41,131665,-4.12549e-07,2233.57,158557,-5.37164e-07,2528,189103,-1.17615e-07,2861.2,222986,5.66769e-07,3238.27,259510,9.45053e-07,3664.97,297540,4.25093e-07,4147.81,335497,-3.58506e-07,4694.17,371444,-6.7724e-07,5312.37,403256,1.67192e-07,1.61744,3.89446,9.84394,3.28846,7.5504,12.774,5.07607,11.7187,13.6844,7.03202,16.8147,13.9681,9.20215,23.1769,14.0566,11.6301,31.1672,14.0841,14.3598,41.2186,14.0927,17.4376,53.8688,14.0954,20.9137,69.7915,14.0962,24.8432,89.8341,14.0965,29.2879,115.063,14.0966,34.3168,146.819,14.0966,40.0078,186.792,14.0966,46.4487,237.107,14.0966,53.7388,300.44,14.0966,61.9903,380.158,14.0966,71.3301,480.499,14.0966,81.902,606.796,14.0966,93.8685,765.761,14.0966,107.414,965.837,14.0966,122.746,1217.65,14.0966,140.101,1534.57,14.0966,159.745,1933.41,14.0966,181.981,2435.3,14.0966,207.15,3066.85,14.0966,235.64,3861.46,14.0966,267.889,4861.11,14.0966,304.391,6118.54,14.0966,345.709,7699.91,14.0966,392.478,9688.22,14.0966,445.417,12187.5,14.0966,505.339,15327.7,14.0966,573.165,19271.6,14.0966,649.938,24222,14.0966,736.839,30430.9,14.0966,835.202,38211.5,14.0966,946.539,47950.3,14.0966,1072.56,60122.8,14.0966,1215.21,75309.9,14.0966,1376.66,94216.2,14.0966,1559.41,117688,14.0966,1766.26,146729,14.0966,2000.39,182510,14.0966,2265.39,226372,14.0966,2565.33,279806,14.0966,2904.81,344416,14.0966,3289.05,421845,14.0966,3723.93,513667,14.0966,4216.13,621231,14.0966,4773.18,745478,14.0966,5403.64,886744,14.0966,6117.15,1.04457e+06,14.0966,6924.63,1.2176e+06,14.0966,11.7194,11.96,12.6541,13.9321,16.1295,13.6434,16.6097,21.9702,13.9553,19.7532,29.5285,14.0526,23.3844,39.1143,14.0829,27.5423,51.2054,14.0923,32.2796,66.434,14.0953,37.662,85.6061,14.0962,43.7675,109.74,14.0965,50.687,140.119,14.0966,58.5249,178.359,14.0966,67.4005,226.493,14.0966,77.4493,287.08,14.0966,88.8254,363.343,14.0966,101.703,459.336,14.0966,116.281,580.161,14.0966,132.782,732.241,14.0966,151.46,923.655,14.0966,172.603,1164.57,14.0966,196.535,1467.79,14.0966,223.625,1849.39,14.0966,254.288,2329.62,14.0966,288.997,2933.93,14.0966,328.285,3694.33,14.0966,372.755,4651.04,14.0966,423.092,5854.57,14.0966,480.07,7368.38,14.0966,544.564,9272.08,14.0966,617.566,11665.5,14.0966,700.197,14673.6,14.0966,793.729,18452.9,14.0966,899.599,23198.6,14.0966,1019.43,29154.1,14.0966,1155.07,36622.3,14.0966,1308.6,45977.9,14.0966,1482.39,57683.7,14.0966,1679.09,72307.8,14.0966,1901.73,90542.8,14.0966,2153.73,113226,14.0966,2438.97,141360,14.0966,2761.81,176127,14.0966,3127.22,218898,14.0966,3540.81,271226,14.0966,4008.92,334817,14.0966,4538.74,411470,14.0966,5138.38,502973,14.0966,5817.04,610948,14.0966,6585.12,736653,14.0966,7454.39,880741,14.0966,8438.15,1.04302e+06,14.0966,9551.45,1.22224e+06,14.0966,10811.3,1.41602e+06,14.0966,12237,1.62086e+06,14.0966,11.7194,11.96,12.6541,2.21263,4.16949,0.989383,2.67766,5.84076,0.311842,3.14343,7.55825,0.0972771,3.63127,9.58578,0.0303237,4.15787,12.0912,0.00945211,4.73731,15.2286,0.00294633,5.38238,19.1721,0.000918508,6.10553,24.134,0.000286163,6.91951,30.3791,8.92692e-05,7.83792,38.2397,2.78121e-05,8.87555,48.1338,8.65134e-06,10.0489,60.5876,2.7882e-06,11.3761,76.2629,8.29036e-07,12.8779,95.9927,2.4373e-07,14.5775,120.825,4.33068e-09,16.5012,152.08,1.75749e-07,18.6784,191.415,-1.86328e-07,21.1428,240.917,1.91829e-07,23.9322,303.213,-1.81475e-07,27.0895,381.602,7.0186e-08,30.6634,480.231,-2.86769e-08,34.7087,604.316,2.40784e-07,39.2876,760.401,9.87368e-08,44.4705,956.705,1.22263e-07,50.3371,1203.54,-4.31966e-07,56.9776,1513.81,-1.9705e-07,64.494,1903.69,-2.763e-08,73.0018,2393.4,3.9185e-07,82.6317,3008.13,1.35379e-07,93.5318,3779.25,-4.16351e-08,105.869,4745.7,2.06965e-08,119.834,5955.6,-3.18887e-07,135.641,7468.12,-1.48271e-08,153.531,9355.62,2.00739e-07,173.781,11705.8,2.28358e-07,196.701,14624.1,-1.93587e-08,222.642,18235,-2.88101e-07,252.003,22683.4,-2.24732e-07,285.234,28134,8.56806e-09,322.845,34767,2.34258e-07,365.413,42770.9,2.99668e-07,413.588,52327.9,8.28644e-08,468.111,63591.2,-3.07049e-07,529.814,76653.2,-3.1888e-07,599.642,91502.5,-6.72276e-08,678.662,107975,2.26339e-07,768.083,125705,3.69212e-07,869.267,144088,2.04077e-07,983.76,162277,-2.80509e-07,1113.3,179223,-4.22737e-07,1259.87,193777,-1.71951e-07,1425.68,204839,4.55555e-07,11.7194,11.96,12.6541,2.21263,4.16949,0.989383,2.67766,5.84076,0.311842,3.14343,7.55825,0.0972771,3.63127,9.58578,0.0303237,4.15787,12.0912,0.00945211,4.73731,15.2286,0.00294633,5.38238,19.1721,0.000918508,6.10553,24.134,0.000286163,6.91951,30.3791,8.92692e-05,7.83792,38.2397,2.78121e-05,8.87555,48.1338,8.65134e-06,10.0489,60.5876,2.7882e-06,11.3761,76.2629,8.29036e-07,12.8779,95.9927,2.4373e-07,14.5775,120.825,1e-08,16.5012,152.08,1.75749e-07,18.6784,191.415,1e-08,21.1428,240.917,1.91829e-07,23.9322,303.213,1e-08,27.0895,381.602,7.0186e-08,30.6634,480.231,1e-08,34.7087,604.316,2.40784e-07,39.2876,760.401,9.87368e-08,44.4705,956.705,1.22263e-07,50.3371,1203.54,1e-08,56.9776,1513.81,1e-08,64.494,1903.69,1e-08,73.0018,2393.4,3.9185e-07,82.6317,3008.13,1.35379e-07,93.5318,3779.25,1e-08,105.869,4745.7,2.06965e-08,119.834,5955.6,1e-08,135.641,7468.12,1e-08,153.531,9355.62,2.00739e-07,173.781,11705.8,2.28358e-07,196.701,14624.1,1e-08,222.642,18235,1e-08,252.003,22683.4,1e-08,285.234,28134,1e-08,322.845,34767,2.34258e-07,365.413,42770.9,2.99668e-07,413.588,52327.9,8.28644e-08,468.111,63591.2,1e-08,529.814,76653.2,1e-08,599.642,91502.5,1e-08,678.662,107975,2.26339e-07,768.083,125705,3.69212e-07,869.267,144088,2.04077e-07,983.76,162277,1e-08,1113.3,179223,1e-08,1259.87,193777,1e-08,1425.68,204839,4.55555e-07,6.2823,3.27286,2.43537,0.219672,6.18826,2.24117,0.56371,6.87772,2.63624,0.308279,9,14,11,3,4,0,2,3,0,4,6,0,2,5,0,4,19,0,5,18,0,2,9,0,3,26,0,19,39,0,9,25,0,14,21,0,4,77,0,13,71,0,21,90,0,11,264,0,13,123,0,19,265,0,13,287,0,35,222,0,15,324,0,35,682,0,29,585,0,51,678,0,50,1432,0,62,627,0,58,1388,0,38,1795,0,103,1288,0,65,3371,0,52,5082,0,99,6475,0,164,3888,0,81,6202,0,117,11384,0,160,4489,0,242,10644,0,214,17040,0,241,13091,0,229,25581,0,385,28039,0,267,42205,0,631,20715,0,486,56486,0,912,66865,0,1057,163653,0,550,118750,0,757,130935,0,920,143043,0,858,185761,0,1618,229373,0,2197,180337,0,1376,202053,0
-1.05176e+08,1,8.88811e-15,10,1023,0,1.05176e+08,0.528882,1.08665,0.389689,0.145397,0.379329,3.24381,0.161596,0.446195,1.77396,0.159177,1.15e+07,4.49998e+06,6.79999e+06,1.15e+07,4.49997e+06,6.79999e+06,1.15e+07,4.49996e+06,6.79999e+06,1.15e+07,4.49995e+06,6.79999e+06,1.14999e+07,4.49993e+06,6.79999e+06,1.14999e+07,4.49991e+06,6.79999e+06,1.14999e+07,4.49989e+06,6.79999e+06,1.14999e+07,4.49986e+06,6.79999e+06,1.14999e+07,4.49982e+06,6.79999e+06,1.14999e+07,4.49977e+06,6.79999e+06,1.14999e+07,4.49971e+06,6.79999e+06,1.14999e+07,4.49963e+06,6.79999e+06,1.14998e+07,4.49953e+06,6.79999e+06,1.14998e+07,4.49941e+06,6.79999e+06,1.14998e+07,4.49926e+06,6.79999e+06,1.14998e+07,4.49906e+06,6.79999e+06,1.14997e+07,4.49882e+06,6.79999e+06,1.14997e+07,4.49851e+06,6.79999e+06,1.14997e+07,4.49812e+06,6.79999e+06,1.14996e+07,4.49764e+06,6.79999e+06,1.14996e+07,4.49702e+06,6.79999e+06,1.14995e+07,4.49625e+06,6.79999e+06,1.14995e+07,4.49528e+06,6.79999e+06,1.14994e+07,4.49406e+06,6.79999e+06,1.14993e+07,4.49253e+06,6.79999e+06,1.14992e+07,4.49059e+06,6.79999e+06,1.14991e+07,4.48817e+06,6.79999e+06,1.1499e+07,4.48511e+06,6.79999e+06,1.14988e+07,4.48128e+06,6.79999e+06,1.14987e+07,4.47646e+06,6.79999e+06,1.14985e+07,4.47041e+06,6.79999e+06,1.14983e+07,4.46281e+06,6.79999e+06,1.14981e+07,4.4533e+06,6.79999e+06,1.14979e+07,4.44138e+06,6.79999e+06,1.14976e+07,4.42649e+06,6.79999e+06,1.14972e+07,4.40789e+06,6.79999e+06,1.14969e+07,4.38471e+06,6.79999e+06,1.14965e+07,4.35592e+06,6.79999e+06,1.1496e+07,4.32027e+06,6.79999e+06,1.14955e+07,4.27629e+06,6.79999e+06,1.14949e+07,4.22231e+06,6.79999e+06,1.14942e+07,4.15647e+06,6.79999e+06,1.14934e+07,4.07676e+06,6.79999e+06,1.14926e+07,3.98112e+06,6.79999e+06,1.14916e+07,3.86765e+06,6.79999e+06,1.14905e+07,3.73474e+06,6.79999e+06,1.14892e+07,3.58148e+06,6.79999e+06,1.14878e+07,3.40785e+06,6.79999e+06,1.14862e+07,3.21513e+06,6.79999e+06,1.14844e+07,3.00605e+06,6.79999e+06,1.14823e+07,2.7848e+06,6.79999e+06,1.148e+07,2.5568e+06,6.79999e+06,1.14773e+07,2.32825e+06,6.79999e+06,13.5742,8.52444,0.508366,16.8306,13.2585,0.162638,20.0035,17.569,0.0507846,23.2616,22.4214,0.0158319,26.7328,28.3297,0.00493498,30.5212,35.6974,0.00153831,34.7178,44.9473,0.000479527,39.4086,56.5822,0.000149456,44.6796,71.2245,4.66214e-05,50.6209,89.6543,1.45419e-05,57.3297,112.852,4.54748e-06,64.9129,142.051,1.43857e-06,73.4897,178.803,4.36618e-07,83.1934,225.062,1.40153e-07,94.1745,283.286,4.96378e-08,106.602,356.568,1.05434e-07,120.669,448.799,-6.49244e-08,136.59,564.873,1.70148e-07,154.611,710.948,-5.34594e-08,175.008,894.767,1.63407e-07,198.097,1126.06,8.04804e-08,224.231,1417.07,1.14667e-07,253.813,1783.15,-1.71227e-07,287.297,2243.62,-2.88466e-07,325.198,2822.67,-4.33651e-07,368.098,3550.67,7.9318e-08,416.657,4465.65,3.13319e-07,471.621,5615.16,3.4613e-07,533.835,7058.61,-1.19199e-07,604.255,8870.02,-2.79964e-07,683.962,11141.4,-2.30521e-07,774.182,13986.7,-2.55099e-07,876.299,17546.4,1.23585e-07,991.883,21993.1,1.41192e-07,1122.71,27536.7,-9.71886e-08,1270.78,34430.7,-3.68368e-07,1438.38,42977.7,-3.45379e-07,1628.07,53532.7,-3.25328e-09,1842.77,66504.6,2.6362e-07,2085.77,82350.2,2.53445e-07,2360.79,101560,-2.47407e-08,2672.05,124632,-3.80602e-07,3024.31,152018,-4.79005e-07,3422.98,184060,-1.14379e-07,3874.15,220884,2.64297e-07,4384.72,262283,3.44131e-07,4962.49,307576,7.5349e-08,5616.29,355497,-3.63097e-07,6356.1,404126,-6.05442e-07,7193.18,450932,-2.72333e-07,8140.28,492963,2.29675e-07,9211.79,527178,4.3387e-07,10424,550893,-1.0711e-07,10.102,8.06553,2.81012,10.6436,8.57909,0.869423,11.5336,10.2515,0.270869,12.7211,12.7138,0.0844293,14.1823,15.9373,0.0263173,15.9122,20.0383,0.0082035,17.9198,25.2154,0.00255722,20.2244,31.7373,0.000797017,22.8539,39.9486,0.000248622,25.8438,50.2851,7.75492e-05,29.237,63.2963,2.42508e-05,33.0837,79.6738,7.67162e-06,37.4415,100.288,2.32837e-06,42.3767,126.236,7.33e-07,47.9646,158.896,2.79256e-07,54.2906,200.003,9.87351e-09,61.452,251.741,1.61085e-07,69.5585,316.859,-2.47141e-07,78.7347,398.812,8.93552e-08,89.1218,501.948,-2.53231e-07,100.879,631.736,-1.25047e-07,114.188,795.049,-1.78808e-07,129.252,1000.53,2.6733e-07,146.304,1259.03,4.50292e-07,165.605,1584.19,6.76904e-07,187.452,1993.12,-1.23808e-07,212.181,2507.27,-4.89068e-07,240.173,3153.54,-5.40284e-07,271.856,3965.56,1.86061e-07,307.719,4985.38,4.37004e-07,348.313,6265.4,3.59828e-07,394.26,7870.83,3.98192e-07,446.268,9882.51,-1.92908e-07,505.135,12400.3,-2.20392e-07,571.766,15546.9,1.51705e-07,647.184,19472.2,5.74996e-07,732.547,24357.4,5.39112e-07,829.167,30420,5.07815e-09,938.526,37916.3,-4.11492e-07,1062.3,47143.9,-3.9561e-07,1202.4,58439.2,3.86185e-08,1360.96,72169.3,5.94093e-07,1540.42,88715.8,7.47693e-07,1743.53,108445,1.78537e-07,1973.41,131665,-4.12549e-07,2233.57,158557,-5.37164e-07,2528,189103,-1.17615e-07,2861.2,222986,5.66769e-07,3238.27,259510,9.45053e-07,3664.97,297540,4.25093e-07,4147.81,335497,-3.58506e-07,4694.17,371444,-6.7724e-07,5312.37,403256,1.67192e-07,1.61744,3.89446,9.84394,3.28846,7.5504,12.774,5.07607,11.7187,13.6844,7.03202,16.8147,13.9681,9.20215,23.1769,14.0566,11.6301,31.1672,14.0841,14.3598,41.2186,14.0927,17.4376,53.8688,14.0954,20.9137,69.7915,14.0962,24.8432,89.8341,14.0965,29.2879,115.063,14.0966,34.3168,146.819,14.0966,40.0078,186.792,14.0966,46.4487,237.107,14.0966,53.7388,300.44,14.0966,61.9903,380.158,14.0966,71.3301,480.499,14.0966,81.902,606.796,14.0966,93.8685,765.761,14.0966,107.414,965.837,14.0966,122.746,1217.65,14.0966,140.101,1534.57,14.0966,159.745,1933.41,14.0966,181.981,2435.3,14.0966,207.15,3066.85,14.0966,235.64,3861.46,14.0966,267.889,4861.11,14.0966,304.391,6118.54,14.0966,345.709,7699.91,14.0966,392.478,9688.22,14.0966,445.417,12187.5,14.0966,505.339,15327.7,14.0966,573.165,19271.6,14.0966,649.938,24222,14.0966,736.839,30430.9,14.0966,835.202,38211.5,14.0966,946.539,47950.3,14.0966,1072.56,60122.8,14.0966,1215.21,75309.9,14.0966,1376.66,94216.2,14.0966,1559.41,117688,14.0966,1766.26,146729,14.0966,2000.39,182510,14.0966,2265.39,226372,14.0966,2565.33,279806,14.0966,2904.81,344416,14.0966,3289.05,421845,14.0966,3723.93,513667,14.0966,4216.13,621231,14.0966,4773.18,745478,14.0966,5403.64,886744,14.0966,6117.15,1.04457e+06,14.0966,6924.63,1.2176e+06,14.0966,11.7194,11.96,12.6541,13.9321,16.1295,13.6434,16.6097,21.9702,13.9553,19.7532,29.5285,14.0526,23.3844,39.1143,14.0829,27.5423,51.2054,14.0923,32.2796,66.434,14.0953,37.662,85.6061,14.0962,43.7675,109.74,14.0965,50.687,140.119,14.0966,58.5249,178.359,14.0966,67.4005,226.493,14.0966,77.4493,287.08,14.0966,88.8254,363.343,14.0966,101.703,459.336,14.0966,116.281,580.161,14.0966,132.782,732.241,14.0966,151.46,923.655,14.0966,172.603,1164.57,14.0966,196.535,1467.79,14.0966,223.625,1849.39,14.0966,254.288,2329.62,14.0966,288.997,2933.93,14.0966,328.285,3694.33,14.0966,372.755,4651.04,14.0966,423.092,5854.57,14.0966,480.07,7368.38,14.0966,544.564,9272.08,14.0966,617.566,11665.5,14.0966,700.197,14673.6,14.0966,793.729,18452.9,14.0966,899.599,23198.6,14.0966,1019.43,29154.1,14.0966,1155.07,36622.3,14.0966,1308.6,45977.9,14.0966,1482.39,57683.7,14.0966,1679.09,72307.8,14.0966,1901.73,90542.8,14.0966,2153.73,113226,14.0966,2438.97,141360,14.0966,2761.81,176127,14.0966,3127.22,218898,14.0966,3540.81,271226,14.0966,4008.92,334817,14.0966,4538.74,411470,14.0966,5138.38,502973,14.0966,5817.04,610948,14.0966,6585.12,736653,14.0966,7454.39,880741,14.0966,8438.15,1.04302e+06,14.0966,9551.45,1.22224e+06,14.0966,10811.3,1.41602e+06,14.0966,12237,1.62086e+06,14.0966,11.7194,11.96,12.6541,2.21263,4.16949,0.989383,2.67766,5.84076,0.311842,3.14343,7.55825,0.0972771,3.63127,9.58578,0.0303237,4.15787,12.0912,0.00945211,4.73731,15.2286,0.00294633,5.38238,19.1721,0.000918508,6.10553,24.134,0.000286163,6.91951,30.3791,8.92692e-05,7.83792,38.2397,2.78121e-05,8.87555,48.1338,8.65134e-06,10.0489,60.5876,2.7882e-06,11.3761,76.2629,8.29036e-07,12.8779,95.9927,2.4373e-07,14.5775,120.825,4.33068e-09,16.5012,152.08,1.75749e-07,18.6784,191.415,-1.86328e-07,21.1428,240.917,1.91829e-07,23.9322,303.213,-1.81475e-07,27.0895,381.602,7.0186e-08,30.6634,480.231,-2.86769e-08,34.7087,604.316,2.40784e-07,39.2876,760.401,9.87368e-08,44.4705,956.705,1.22263e-07,50.3371,1203.54,-4.31966e-07,56.9776,1513.81,-1.9705e-07,64.494,1903.69,-2.763e-08,73.0018,2393.4,3.9185e-07,82.6317,3008.13,1.35379e-07,93.5318,3779.25,-4.16351e-08,105.869,4745.7,2.06965e-08,119.834,5955.6,-3.18887e-07,135.641,7468.12,-1.48271e-08,153.531,9355.62,2.00739e-07,173.781,11705.8,2.28358e-07,196.701,14624.1,-1.93587e-08,222.642,18235,-2.88101e-07,252.003,22683.4,-2.24732e-07,285.234,28134,8.56806e-09,322.845,34767,2.34258e-07,365.413,42770.9,2.99668e-07,413.588,52327.9,8.28644e-08,468.111,63591.2,-3.07049e-07,529.814,76653.2,-3.1888e-07,599.642,91502.5,-6.72276e-08,678.662,107975,2.26339e-07,768.083,125705,3.69212e-07,869.267,144088,2.04077e-07,983.76,162277,-2.80509e-07,1113.3,179223,-4.22737e-07,1259.87,193777,-1.71951e-07,1425.68,204839,4.55555e-07,11.7194,11.96,12.6541,2.21263,4.16949,0.989383,2.67766,5.84076,0.311842,3.14343,7.55825,0.0972771,3.63127,9.58578,0.0303237,4.15787,12.0912,0.00945211,4.73731,15.2286,0.00294633,5.38238,19.1721,0.000918508,6.10553,24.134,0.000286163,6.91951,30.3791,8.92692e-05,7.83792,38.2397,2.78121e-05,8.87555,48.1338,8.65134e-06,10.0489,60.5876,2.7882e-06,11.3761,76.2629,8.29036e-07,12.8779,95.9927,2.4373e-07,14.5775,120.825,1e-08,16.5012,152.08,1.75749e-07,18.6784,191.415,1e-08,21.1428,240.917,1.91829e-07,23.9322,303.213,1e-08,27.0895,381.602,7.0186e-08,30.6634,480.231,1e-08,34.7087,604.316,2.40784e-07,39.2876,760.401,9.87368e-08,44.4705,956.705,1.22263e-07,50.3371,1203.54,1e-08,56.9776,1513.81,1e-08,64.494,1903.69,1e-08,73.0018,2393.4,3.9185e-07,82.6317,3008.13,1.35379e-07,93.5318,3779.25,1e-08,105.869,4745.7,2.06965e-08,119.834,5955.6,1e-08,135.641,7468.12,1e-08,153.531,9355.62,2.00739e-07,173.781,11705.8,2.28358e-07,196.701,14624.1,1e-08,222.642,18235,1e-08,252.003,22683.4,1e-08,285.234,28134,1e-08,322.845,34767,2.34258e-07,365.413,42770.9,2.99668e-07,413.588,52327.9,8.28644e-08,468.111,63591.2,1e-08,529.814,76653.2,1e-08,599.642,91502.5,1e-08,678.662,107975,2.26339e-07,768.083,125705,3.69212e-07,869.267,144088,2.04077e-07,983.76,162277,1e-08,1113.3,179223,1e-08,1259.87,193777,1e-08,1425.68,204839,4.55555e-07,6.2823,3.27286,2.43537,0.219672,6.18826,2.24117,0.56371,6.87772,2.63624,0.308279,8,13,20,2,2,0,1,5,0,3,9,0,8,9,0,2,24,0,9,15,0,3,8,0,0,22,0,4,18,0,14,30,0,5,19,0,6,67,0,8,59,0,12,48,0,14,95,0,16,173,0,18,87,0,12,205,0,43,575,0,18,241,0,12,747,0,24,370,0,28,619,0,64,418,0,33,1039,0,34,1813,0,73,2838,0,65,3456,0,93,1750,0,92,6245,0,93,6831,0,85,8873,0,139,5035,0,274,8755,0,200,5490,0,103,18544,0,238,12720,0,183,15935,0,261,19984,0,568,46033,0,354,43104,0,386,57285,0,429,77995,0,329,117504,0,547,59587,0,1071,130522,0,492,22974,0,1002,119874,0,1312,80443,0,1037,327900,0,890,146056,0,1750,103014,0
-1.05176e+08,1,8.88811e-15,10,1023,0,1.05176e+08,0.528882,1.08665,0.389689,0.145397,0.379329,3.24381,0.161596,0.446195,1.77396,0.159177,1.15e+07,4.49998e+06,6.79999e+06,1.15e+07,4.49997e+06,6.79999e+06,1.15e+07,4.49996e+06,6.79999e+06,1.15e+07,4.49995e+06,6.79999e+06,1.14999e+07,4.49993e+06,6.79999e+06,1.14999e+07,4.49991e+06,6.79999e+06,1.14999e+07,4.49989e+06,6.79999e+06,1.14999e+07,4.49986e+06,6.79999e+06,1.14999e+07,4.49982e+06,6.79999e+06,1.14999e+07,4.49977e+06,6.79999e+06,1.14999e+07,4.49971e+06,6.79999e+06,1.14999e+07,4.49963e+06,6.79999e+06,1.14998e+07,4.49953e+06,6.79999e+06,1.14998e+07,4.49941e+06,6.79999e+06,1.14998e+07,4.49926e+06,6.79999e+06,1.14998e+07,4.49906e+06,6.79999e+06,1.14997e+07,4.49882e+06,6.79999e+06,1.14997e+07,4.49851e+06,6.79999e+06,1.14997e+07,4.49812e+06,6.79999e+06,1.14996e+07,4.49764e+06,6.79999e+06,1.14996e+07,4.49702e+06,6.79999e+06,1.14995e+07,4.49625e+06,6.79999e+06,1.14995e+07,4.49528e+06,6.79999e+06,1.14994e+07,4.49406e+06,6.79999e+06,1.14993e+07,4.49253e+06,6.79999e+06,1.14992e+07,4.49059e+06,6.79999e+06,1.14991e+07,4.48817e+06,6.79999e+06,1.1499e+07,4.48511e+06,6.79999e+06,1.14988e+07,4.48128e+06,6.79999e+06,1.14987e+07,4.47646e+06,6.79999e+06,1.14985e+07,4.47041e+06,6.79999e+06,1.14983e+07,4.46281e+06,6.79999e+06,1.14981e+07,4.4533e+06,6.79999e+06,1.14979e+07,4.44138e+06,6.79999e+06,1.14976e+07,4.42649e+06,6.79999e+06,1.14972e+07,4.40789e+06,6.79999e+06,1.14969e+07,4.38471e+06,6.79999e+06,1.14965e+07,4.35592e+06,6.79999e+06,1.1496e+07,4.32027e+06,6.79999e+06,1.14955e+07,4.27629e+06,6.79999e+06,1.14949e+07,4.22231e+06,6.79999e+06,1.14942e+07,4.15647e+06,6.79999e+06,1.14934e+07,4.07676e+06,6.79999e+06,1.14926e+07,3.98112e+06,6.79999e+06,1.14916e+07,3.86765e+06,6.79999e+06,1.14905e+07,3.73474e+06,6.79999e+06,1.14892e+07,3.58148e+06,6.79999e+06,1.14878e+07,3.40785e+06,6.79999e+06,1.14862e+07,3.21513e+06,6.79999e+06,1.14844e+07,3.00605e+06,6.79999e+06,1.14823e+07,2.7848e+06,6.79999e+06,1.148e+07,2.5568e+06,6.79999e+06,1.14773e+07,2.32825e+06,6.79999e+06,13.5742,8.52444,0.508366,16.8306,13.2585,0.162638,20.0035,17.569,0.0507846,23.2616,22.4214,0.0158319,26.7328,28.3297,0.00493498,30.5212,35.6974,0.00153831,34.7178,44.9473,0.000479527,39.4086,56.5822,0.000149456,44.6796,71.2245,4.66214e-05,50.6209,89.6543,1.45419e-05,57.3297,112.852,4.54748e-06,64.9129,142.051,1.43857e-06,73.4897,178.803,4.36618e-07,83.1934,225.062,1.40153e-07,94.1745,283.286,4.96378e-08,106.602,356.568,1.05434e-07,120.669,448.799,-6.49244e-08,136.59,564.873,1.70148e-07,154.611,710.948,-5.34594e-08,175.008,894.767,1.63407e-07,198.097,1126.06,8.04804e-08,224.231,1417.07,1.14667e-07,253.813,1783.15,-1.71227e-07,287.297,2243.62,-2.88466e-07,325.198,2822.67,-4.33651e-07,368.098,3550.67,7.9318e-08,416.657,4465.65,3.13319e-07,471.621,5615.16,3.4613e-07,533.835,7058.61,-1.19199e-07,604.255,8870.02,-2.79964e-07,683.962,11141.4,-2.30521e-07,774.182,13986.7,-2.55099e-07,876.299,17546.4,1.23585e-07,991.883,21993.1,1.41192e-07,1122.71,27536.7,-9.71886e-08,1270.78,34430.7,-3.68368e-07,1438.38,42977.7,-3.45379e-07,1628.07,53532.7,-3.25328e-09,1842.77,66504.6,2.6362e-07,2085.77,82350.2,2.53445e-07,2360.79,101560,-2.47407e-08,2672.05,124632,-3.80602e-07,3024.31,152018,-4.79005e-07,3422.98,184060,-1.14379e-07,3874.15,220884,2.64297e-07,4384.72,262283,3.44131e-07,4962.49,307576,7.5349e-08,5616.29,355497,-3.63097e-07,6356.1,404126,-6.05442e-07,7193.18,450932,-2.72333e-07,8140.28,492963,2.29675e-07,9211.79,527178,4.3387e-07,10424,550893,-1.0711e-07,10.102,8.06553,2.81012,10.6436,8.57909,0.869423,11.5336,10.2515,0.270869,12.7211,12.7138,0.0844293,14.1823,15.9373,0.0263173,15.9122,20.0383,0.0082035,17.9198,25.2154,0.00255722,20.2244,31.7373,0.000797017,22.8539,39.9486,0.000248622,25.8438,50.2851,7.75492e-05,29.237,63.2963,2.42508e-05,33.0837,79.6738,7.67162e-06,37.4415,100.288,2.32837e-06,42.3767,126.236,7.33e-07,47.9646,158.896,2.79256e-07,54.2906,200.003,9.87351e-09,61.452,251.741,1.61085e-07,69.5585,316.859,-2.47141e-07,78.7347,398.812,8.93552e-08,89.1218,501.948,-2.53231e-07,100.879,631.736,-1.25047e-07,114.188,795.049,-1.78808e-07,129.252,1000.53,2.6733e-07,146.304,1259.03,4.50292e-07,165.605,1584.19,6.76904e-07,187.452,1993.12,-1.23808e-07,212.181,2507.27,-4.89068e-07,240.173,3153.54,-5.40284e-07,271.856,3965.56,1.86061e-07,307.719,4985.38,4.37004e-07,348.313,6265.4,3.59828e-07,394.26,7870.83,3.98192e-07,446.268,9882.51,-1.92908e-07,505.135,12400.3,-2.20392e-07,571.766,15546.9,1.51705e-07,647.184,19472.2,5.74996e-07,732.547,24357.4,5.39112e-07,829.167,30420,5.07815e-09,938.526,37916.3,-4.11492e-07,1062.3,47143.9,-3.9561e-07,1202.4,58439.2,3.86185e-08,1360.96,72169.3,5.94093e-07,1540.42,88715.8,7.47693e-07,1743.53,108445,1.78537e-07,1973.41,131665,-4.12549e-07,2233.57,158557,-5.37164e-07,2528,189103,-1.17615e-07,2861.2,222986,5.66769e-07,3238.27,259510,9.45053e-07,3664.97,297540,4.25093e-07,4147.81,335497,-3.58506e-07,4694.17,371444,-6.7724e-07,5312.37,403256,1.67192e-07,1.61744,3.89446,9.84394,3.28846,7.5504,12.774,5.07607,11.7187,13.6844,7.03202,16.8147,13.9681,9.20215,23.1769,14.0566,11.6301,31.1672,14.0841,14.3598,41.2186,14.0927,17.4376,53.8688,14.0954,20.9137,69.7915,14.0962,24.8432,89.8341,14.0965,29.2879,115.063,14.0966,34.3168,146.819,14.0966,40.0078,186.792,14.0966,46.4487,237.107,14.0966,53.7388,300.44,14.0966,61.9903,380.158,14.0966,71.3301,480.499,14.0966,81.902,606.796,14.0966,93.8685,765.761,14.0966,107.414,965.837,14.0966,122.746,1217.65,14.0966,140.101,1534.57,14.0966,159.745,1933.41,14.0966,181.981,2435.3,14.0966,207.15,3066.85,14.0966,235.64,3861.46,14.0966,267.889,4861.11,14.0966,304.391,6118.54,14.0966,345.709,7699.91,14.0966,392.478,9688.22,14.0966,445.417,12187.5,14.0966,505.339,15327.7,14.0966,573.165,19271.6,14.0966,649.938,24222,14.0966,736.839,30430.9,14.0966,835.202,38211.5,14.0966,946.539,47950.3,14.0966,1072.56,60122.8,14.0966,1215.21,75309.9,14.0966,1376.66,94216.2,14.0966,1559.41,117688,14.0966,1766.26,146729,14.0966,2000.39,182510,14.0966,2265.39,226372,14.0966,2565.33,279806,14.0966,2904.81,344416,14.0966,3289.05,421845,14.0966,3723.93,513667,14.0966,4216.13,621231,14.0966,4773.18,745478,14.0966,5403.64,886744,14.0966,6117.15,1.04457e+06,14.0966,6924.63,1.2176e+06,14.0966,11.7194,11.96,12.6541,13.9321,16.1295,13.6434,16.6097,21.9702,13.9553,19.7532,29.5285,14.0526,23.3844,39.1143,14.0829,27.5423,51.2054,14.0923,32.2796,66.434,14.0953,37.662,85.6061,14.0962,43.7675,109.74,14.0965,50.687,140.119,14.0966,58.5249,178.359,14.0966,67.4005,226.493,14.0966,77.4493,287.08,14.0966,88.8254,363.343,14.0966,101.703,459.336,14.0966,116.281,580.161,14.0966,132.782,732.241,14.0966,151.46,923.655,14.0966,172.603,1164.57,14.0966,196.535,1467.79,14.0966,223.625,1849.39,14.0966,254.288,2329.62,14.0966,288.997,2933.93,14.0966,328.285,3694.33,14.0966,372.755,4651.04,14.0966,423.092,5854.57,14.0966,480.07,7368.38,14.0966,544.564,9272.08,14.0966,617.566,11665.5,14.0966,700.197,14673.6,14.0966,793.729,18452.9,14.0966,899.599,23198.6,14.0966,1019.43,29154.1,14.0966,1155.07,36622.3,14.0966,1308.6,45977.9,14.0966,1482.39,57683.7,14.0966,1679.09,72307.8,14.0966,1901.73,90542.8,14.0966,2153.73,113226,14.0966,2438.97,141360,14.0966,2761.81,176127,14.0966,3127.22,218898,14.0966,3540.81,271226,14.0966,4008.92,334817,14.0966,4538.74,411470,14.0966,5138.38,502973,14.0966,5817.04,610948,14.0966,6585.12,736653,14.0966,7454.39,880741,14.0966,8438.15,1.04302e+06,14.0966,9551.45,1.22224e+06,14.0966,10811.3,1.41602e+06,14.0966,12237,1.62086e+06,14.0966,11.7194,11.96,12.6541,2.21263,4.16949,0.989383,2.67766,5.84076,0.311842,3.14343,7.55825,0.0972771,3.63127,9.58578,0.0303237,4.15787,12.0912,0.00945211,4.73731,15.2286,0.00294633,5.38238,19.1721,0.000918508,6.10553,24.134,0.000286163,6.91951,30.3791,8.92692e-05,7.83792,38.2397,2.78121e-05,8.87555,48.1338,8.65134e-06,10.0489,60.5876,2.7882e-06,11.3761,76.2629,8.29036e-07,12.8779,95.9927,2.4373e-07,14.5775,120.825,4.33068e-09,16.5012,152.08,1.75749e-07,18.6784,191.415,-1.86328e-07,21.1428,240.917,1.91829e-07,23.9322,303.213,-1.81475e-07,27.0895,381.602,7.0186e-08,30.6634,480.231,-2.86769e-08,34.7087,604.316,2.40784e-07,39.2876,760.401,9.87368e-08,44.4705,956.705,1.22263e-07,50.3371,1203.54,-4.31966e-07,56.9776,1513.81,-1.9705e-07,64.494,1903.69,-2.763e-08,73.0018,2393.4,3.9185e-07,82.6317,3008.13,1.35379e-07,93.5318,3779.25,-4.16351e-08,105.869,4745.7,2.06965e-08,119.834,5955.6,-3.18887e-07,135.641,7468.12,-1.48271e-08,153.531,9355.62,2.00739e-07,173.781,11705.8,2.28358e-07,196.701,14624.1,-1.93587e-08,222.642,18235,-2.88101e-07,252.003,22683.4,-2.24732e-07,285.234,28134,8.56806e-09,322.845,34767,2.34258e-07,365.413,42770.9,2.99668e-07,413.588,52327.9,8.28644e-08,468.111,63591.2,-3.07049e-07,529.814,76653.2,-3.1888e-07,599.642,91502.5,-6.72276e-08,678.662,107975,2.26339e-07,768.083,125705,3.69212e-07,869.267,144088,2.04077e-07,983.76,162277,-2.80509e-07,1113.3,179223,-4.22737e-07,1259.87,193777,-1.71951e-07,1425.68,204839,4.55555e-07,11.7194,11.96,12.6541,2.21263,4.16949,0.989383,2.67766,5.84076,0.311842,3.14343,7.55825,0.0972771,3.63127,9.58578,0.0303237,4.15787,12.0912,0.00945211,4.73731,15.2286,0.00294633,5.38238,19.1721,0.000918508,6.10553,24.134,0.000286163,6.91951,30.3791,8.92692e-05,7.83792,38.2397,2.78121e-05,8.87555,48.1338,8.65134e-06,10.0489,60.5876,2.7882e-06,11.3761,76.2629,8.29036e-07,12.8779,95.9927,2.4373e-07,14.5775,120.825,1e-08,16.5012,152.08,1.75749e-07,18.6784,191.415,1e-08,21.1428,240.917,1.91829e-07,23.9322,303.213,1e-08,27.0895,381.602,7.0186e-08,30.6634,480.231,1e-08,34.7087,604.316,2.40784e-07,39.2876,760.401,9.87368e-08,44.4705,956.705,1.22263e-07,50.3371,1203.54,1e-08,56.9776,1513.81,1e-08,64.494,1903.69,1e-08,73.0018,2393.4,3.9185e-07,82.6317,3008.13,1.35379e-07,93.5318,3779.25,1e-08,105.869,4745.7,2.06965e-08,119.834,5955.6,1e-08,135.641,7468.12,1e-08,153.531,9355.62,2.00739e-07,173.781,11705.8,2.28358e-07,196.701,14624.1,1e-08,222.642,18235,1e-08,252.003,22683.4,1e-08,285.234,28134,1e-08,322.845,34767,2.34258e-07,365.413,42770.9,2.99668e-07,413.588,52327.9,8.28644e-08,468.111,63591.2,1e-08,529.814,76653.2,1e-08,599.642,91502.5,1e-08,678.662,107975,2.26339e-07,768.083,125705,3.69212e-07,869.267,144088,2.04077e-07,983.76,162277,1e-08,1113.3,179223,1e-08,1259.87,193777,1e-08,1425.68,204839,4.55555e-07,6.2823,3.27286,2.43537,0.219672,6.18826,2.24117,0.56371,6.87772,2.63624,0.308279,5,13,13,1,2,1,0,4,0,1,7,0,3,5,0,6,21,0,4,11,0,3,4,0,9,31,0,2,32,0,13,61,0,4,49,0,4,97,0,9,67,0,12,164,0,11,146,0,16,169,0,11,93,0,16,335,0,21,129,0,8,538,0,53,510,0,62,253,0,52,549,0,18,264,0,20,1289,0,86,1360,0,72,1414,0,37,3013,0,129,2470,0,55,3060,0,102,2649,0,132,4736,0,88,6504,0,137,10511,0,150,12208,0,137,7294,0,280,15980,0,134,33183,0,302,22224,0,110,34614,0,247,28168,0,181,50911,0,999,80518,0,749,53578,0,1191,99676,0,599,110058,0,1599,88275,0,874,103243,0,1100,75868,0,1150,175655,0,2186,228867,0,1052,286654,0
-1.05176e+08,8.09535e-47,8.88811e-15,10,1023,0,1.05176e+08,0.528882,1.08665,0.389689,0.145397,0.379329,3.24381,0.161596,0.446195,1.77396,0.159177,1.15e+07,4.49998e+06,6.79999e+06,1.15e+07,4.49997e+06,6.79999e+06,1.15e+07,4.49996e+06,6.79999e+06,1.15e+07,4.49995e+06,6.79999e+06,1.14999e+07,4.49993e+06,6.79999e+06,1.14999e+07,4.49991e+06,6.79999e+06,1.14999e+07,4.49989e+06,6.79999e+06,1.14999e+07,4.49986e+06,6.79999e+06,1.14999e+07,4.49982e+06,6.79999e+06,1.14999e+07,4.49977e+06,6.79999e+06,1.14999e+07,4.49971e+06,6.79999e+06,1.14999e+07,4.49963e+06,6.79999e+06,1.14998e+07,4.49953e+06,6.79999e+06,1.14998e+07,4.49941e+06,6.79999e+06,1.14998e+07,4.49926e+06,6.79999e+06,1.14998e+07,4.49906e+06,6.79999e+06,1.14997e+07,4.49882e+06,6.79999e+06,1.14997e+07,4.49851e+06,6.79999e+06,1.14997e+07,4.49812e+06,6.79999e+06,1.14996e+07,4.49764e+06,6.79999e+06,1.14996e+07,4.49702e+06,6.79999e+06,1.14995e+07,4.49625e+06,6.79999e+06,1.14995e+07,4.49528e+06,6.79999e+06,1.14994e+07,4.49406e+06,6.79999e+06,1.14993e+07,4.49253e+06,6.79999e+06,1.14992e+07,4.49059e+06,6.79999e+06,1.14991e+07,4.48817e+06,6.79999e+06,1.1499e+07,4.48511e+06,6.79999e+06,1.14988e+07,4.48128e+06,6.79999e+06,1.14987e+07,4.47646e+06,6.79999e+06,1.14985e+07,4.47041e+06,6.79999e+06,1.14983e+07,4.46281e+06,6.79999e+06,1.14981e+07,4.4533e+06,6.79999e+06,1.14979e+07,4.44138e+06,6.79999e+06,1.14976e+07,4.42649e+06,6.79999e+06,1.14972e+07,4.40789e+06,6.79999e+06,1.14969e+07,4.38471e+06,6.79999e+06,1.14965e+07,4.35592e+06,6.79999e+06,1.1496e+07,4.32027e+06,6.79999e+06,1.14955e+07,4.27629e+06,6.79999e+06,1.14949e+07,4.22231e+06,6.79999e+06,1.14942e+07,4.15647e+06,6.79999e+06,1.14934e+07,4.07676e+06,6.79999e+06,1.14926e+07,3.98112e+06,6.79999e+06,1.14916e+07,3.86765e+06,6.79999e+06,1.14905e+07,3.73474e+06,6.79999e+06,1.14892e+07,3.58148e+06,6.79999e+06,1.14878e+07,3.40785e+06,6.79999e+06,1.14862e+07,3.21513e+06,6.79999e+06,1.14844e+07,3.00605e+06,6.79999e+06,1.14823e+07,2.7848e+06,6.79999e+06,1.148e+07,2.5568e+06,6.79999e+06,1.14773e+07,2.32825e+06,6.79999e+06,13.5742,8.52444,0.508366,16.8306,13.2585,0.162638,20.0035,17.569,0.0507846,23.2616,22.4214,0.0158319,26.7328,28.3297,0.00493498,30.5212,35.6974,0.00153831,34.7178,44.9473,0.000479527,39.4086,56.5822,0.000149456,44.6796,71.2245,4.66214e-05,50.6209,89.6543,1.45419e-05,57.3297,112.852,4.54748e-06,64.9129,142.051,1.43857e-06,73.4897,178.803,4.36618e-07,83.1934,225.062,1.40153e-07,94.1745,283.286,4.96378e-08,106.602,356.568,1.05434e-07,120.669,448.799,-6.49244e-08,136.59,564.873,1.70148e-07,154.611,710.948,-5.34594e-08,175.008,894.767,1.63407e-07,198.097,1126.06,8.04804e-08,224.231,1417.07,1.14667e-07,253.813,1783.15,-1.71227e-07,287.297,2243.62,-2.88466e-07,325.198,2822.67,-4.33651e-07,368.098,3550.67,7.9318e-08,416.657,4465.65,3.13319e-07,471.621,5615.16,3.4613e-07,533.835,7058.61,-1.19199e-07,604.255,8870.02,-2.79964e-07,683.962,11141.4,-2.30521e-07,774.182,13986.7,-2.55099e-07,876.299,17546.4,1.23585e-07,991.883,21993.1,1.41192e-07,1122.71,27536.7,-9.71886e-08,1270.78,34430.7,-3.68368e-07,1438.38,42977.7,-3.45379e-07,1628.07,53532.7,-3.25328e-09,1842.77,66504.6,2.6362e-07,2085.77,82350.2,2.53445e-07,2360.79,101560,-2.47407e-08,2672.05,124632,-3.80602e-07,3024.31,152018,-4.79005e-07,3422.98,184060,-1.14379e-07,3874.15,220884,2.64297e-07,4384.72,262283,3.44131e-07,4962.49,307576,7.5349e-08,5616.29,355497,-3.63097e-07,6356.1,404126,-6.05442e-07,7193.18,450932,-2.72333e-07,8140.28,492963,2.29675e-07,9211.79,527178,4.3387e-07,10424,550893,-1.0711e-07,10.102,8.06553,2.81012,10.6436,8.57909,0.869423,11.5336,10.2515,0.270869,12.7211,12.7138,0.0844293,14.1823,15.9373,0.0263173,15.9122,20.0383,0.0082035,17.9198,25.2154,0.00255722,20.2244,31.7373,0.000797017,22.8539,39.9486,0.000248622,25.8438,50.2851,7.75492e-05,29.237,63.2963,2.42508e-05,33.0837,79.6738,7.67162e-06,37.4415,100.288,2.32837e-06,42.3767,126.236,7.33e-07,47.9646,158.896,2.79256e-07,54.2906,200.003,9.87351e-09,61.452,251.741,1.61085e-07,69.5585,316.859,-2.47141e-07,78.7347,398.812,8.93552e-08,89.1218,501.948,-2.53231e-07,100.879,631.736,-1.25047e-07,114.188,795.049,-1.78808e-07,129.252,1000.53,2.6733e-07,146.304,1259.03,4.50292e-07,165.605,1584.19,6.76904e-07,187.452,1993.12,-1.23808e-07,212.181,2507.27,-4.89068e-07,240.173,3153.54,-5.40284e-07,271.856,3965.56,1.86061e-07,307.719,4985.38,4.37004e-07,348.313,6265.4,3.59828e-07,394.26,7870.83,3.98192e-07,446.268,9882.51,-1.92908e-07,505.135,12400.3,-2.20392e-07,571.766,15546.9,1.51705e-07,647.184,19472.2,5.74996e-07,732.547,24357.4,5.39112e-07,829.167,30420,5.07815e-09,938.526,37916.3,-4.11492e-07,1062.3,47143.9,-3.9561e-07,1202.4,58439.2,3.86185e-08,1360.96,72169.3,5.94093e-07,1540.42,88715.8,7.47693e-07,1743.53,108445,1.78537e-07,1973.41,131665,-4.12549e-07,2233.57,158557,-5.37164e-07,2528,189103,-1.17615e-07,2861.2,222986,5.66769e-07,3238.27,259510,9.45053e-07,3664.97,297540,4.25093e-07,4147.81,335497,-3.58506e-07,4694.17,371444,-6.7724e-07,5312.37,403256,1.67192e-07,1.61744,3.89446,9.84394,3.28846,7.5504,12.774,5.07607,11.7187,13.6844,7.03202,16.8147,13.9681,9.20215,23.1769,14.0566,11.6301,31.1672,14.0841,14.3598,41.2186,14.0927,17.4376,53.8688,14.0954,20.9137,69.7915,14.0962,24.8432,89.8341,14.0965,29.2879,115.063,14.0966,34.3168,146.819,14.0966,40.0078,186.792,14.0966,46.4487,237.107,14.0966,53.7388,300.44,14.0966,61.9903,380.158,14.0966,71.3301,480.499,14.0966,81.902,606.796,14.0966,93.8685,765.761,14.0966,107.414,965.837,14.0966,122.746,1217.65,14.0966,140.101,1534.57,14.0966,159.745,1933.41,14.0966,181.981,2435.3,14.0966,207.15,3066.85,14.0966,235.64,3861.46,14.0966,267.889,4861.11,14.0966,304.391,6118.54,14.0966,345.709,7699.91,14.0966,392.478,9688.22,14.0966,445.417,12187.5,14.0966,505.339,15327.7,14.0966,573.165,19271.6,14.0966,649.938,24222,14.0966,736.839,30430.9,14.0966,835.202,38211.5,14.0966,946.539,47950.3,14.0966,1072.56,60122.8,14.0966,1215.21,75309.9,14.0966,1376.66,94216.2,14.0966,1559.41,117688,14.0966,1766.26,146729,14.0966,2000.39,182510,14.0966,2265.39,226372,14.0966,2565.33,279806,14.0966,2904.81,344416,14.0966,3289.05,421845,14.0966,3723.93,513667,14.0966,4216.13,621231,14.0966,4773.18,745478,14.0966,5403.64,886744,14.0966,6117.15,1.04457e+06,14.0966,6924.63,1.2176e+06,14.0966,11.7194,11.96,12.6541,13.9321,16.1295,13.6434,16.6097,21.9702,13.9553,19.7532,29.5285,14.0526,23.3844,39.1143,14.0829,27.5423,51.2054,14.0923,32.2796,66.434,14.0953,37.662,85.6061,14.0962,43.7675,109.74,14.0965,50.687,140.119,14.0966,58.5249,178.359,14.0966,67.4005,226.493,14.0966,77.4493,287.08,14.0966,88.8254,363.343,14.0966,101.703,459.336,14.0966,116.281,580.161,14.0966,132.782,732.241,14.0966,151.46,923.655,14.0966,172.603,1164.57,14.0966,196.535,1467.79,14.0966,223.625,1849.39,14.0966,254.288,2329.62,14.0966,288.997,2933.93,14.0966,328.285,3694.33,14.0966,372.755,4651.04,14.0966,423.092,5854.57,14.0966,480.07,7368.38,14.0966,544.564,9272.08,14.0966,617.566,11665.5,14.0966,700.197,14673.6,14.0966,793.729,18452.9,14.0966,899.599,23198.6,14.0966,1019.43,29154.1,14.0966,1155.07,36622.3,14.0966,1308.6,45977.9,14.0966,1482.39,57683.7,14.0966,1679.09,72307.8,14.0966,1901.73,90542.8,14.0966,2153.73,113226,14.0966,2438.97,141360,14.0966,2761.81,176127,14.0966,3127.22,218898,14.0966,3540.81,271226,14.0966,4008.92,334817,14.0966,4538.74,411470,14.0966,5138.38,502973,14.0966,5817.04,610948,14.0966,6585.12,736653,14.0966,7454.39,880741,14.0966,8438.15,1.04302e+06,14.0966,9551.45,1.22224e+06,14.0966,10811.3,1.41602e+06,14.0966,12237,1.62086e+06,14.0966,11.7194,11.96,12.6541,2.21263,4.16949,0.989383,2.67766,5.84076,0.311842,3.14343,7.55825,0.0972771,3.63127,9.58578,0.0303237,4.15787,12.0912,0.00945211,4.73731,15.2286,0.00294633,5.38238,19.1721,0.000918508,6.10553,24.134,0.000286163,6.91951,30.3791,8.92692e-05,7.83792,38.2397,2.78121e-05,8.87555,48.1338,8.65134e-06,10.0489,60.5876,2.7882e-06,11.3761,76.2629,8.29036e-07,12.8779,95.9927,2.4373e-07,14.5775,120.825,4.33068e-09,16.5012,152.08,1.75749e-07,18.6784,191.415,-1.86328e-07,21.1428,240.917,1.91829e-07,23.9322,303.213,-1.81475e-07,27.0895,381.602,7.0186e-08,30.6634,480.231,-2.86769e-08,34.7087,604.316,2.40784e-07,39.2876,760.401,9.87368e-08,44.4705,956.705,1.22263e-07,50.3371,1203.54,-4.31966e-07,56.9776,1513.81,-1.9705e-07,64.494,1903.69,-2.763e-08,73.0018,2393.4,3.9185e-07,82.6317,3008.13,1.35379e-07,93.5318,3779.25,-4.16351e-08,105.869,4745.7,2.06965e-08,119.834,5955.6,-3.18887e-07,135.641,7468.12,-1.48271e-08,153.531,9355.62,2.00739e-07,173.781,11705.8,2.28358e-07,196.701,14624.1,-1.93587e-08,222.642,18235,-2.88101e-07,252.003,22683.4,-2.24732e-07,285.234,28134,8.56806e-09,322.845,34767,2.34258e-07,365.413,42770.9,2.99668e-07,413.588,52327.9,8.28644e-08,468.111,63591.2,-3.07049e-07,529.814,76653.2,-3.1888e-07,599.642,91502.5,-6.72276e-08,678.662,107975,2.26339e-07,768.083,125705,3.69212e-07,869.267,144088,2.04077e-07,983.76,162277,-2.80509e-07,1113.3,179223,-4.22737e-07,1259.87,193777,-1.71951e-07,1425.68,204839,4.55555e-07,11.7194,11.96,12.6541,2.21263,4.16949,0.989383,2.67766,5.84076,0.311842,3.14343,7.55825,0.0972771,3.63127,9.58578,0.0303237,4.15787,12.0912,0.00945211,4.73731,15.2286,0.00294633,5.38238,19.1721,0.000918508,6.10553,24.134,0.000286163,6.91951,30.3791,8.92692e-05,7.83792,38.2397,2.78121e-05,8.87555,48.1338,8.65134e-06,10.0489,60.5876,2.7882e-06,11.3761,76.2629,8.29036e-07,12.8779,95.9927,2.4373e-07,14.5775,120.825,1e-08,16.5012,152.08,1.75749e-07,18.6784,191.415,1e-08,21.1428,240.917,1.91829e-07,23.9322,303.213,1e-08,27.0895,381.602,7.0186e-08,30.6634,480.231,1e-08,34.7087,604.316,2.40784e-07,39.2876,760.401,9.87368e-08,44.4705,956.705,1.22263e-07,50.3371,1203.54,1e-08,56.9776,1513.81,1e-08,64.494,1903.69,1e-08,73.0018,2393.4,3.9185e-07,82.6317,3008.13,1.35379e-07,93.5318,3779.25,1e-08,105.869,4745.7,2.06965e-08,119.834,5955.6,1e-08,135.641,7468.12,1e-08,153.531,9355.62,2.00739e-07,173.781,11705.8,2.28358e-07,196.701,14624.1,1e-08,222.642,18235,1e-08,252.003,22683.4,1e-08,285.234,28134,1e-08,322.845,34767,2.34258e-07,365.413,42770.9,2.99668e-07,413.588,52327.9,8.28644e-08,468.111,63591.2,1e-08,529.814,76653.2,1e-08,599.642,91502.5,1e-08,678.662,107975,2.26339e-07,768.083,125705,3.69212e-07,869.267,144088,2.04077e-07,983.76,162277,1e-08,1113.3,179223,1e-08,1259.87,193777,1e-08,1425.68,204839,4.55555e-07,6.2823,3.27286,2.43537,0.219672,6.18826,2.24117,0.56371,6.87772,2.63624,0.308279,28,14,1,1,4,2,0,2,0,3,9,0,2,15,0,2,12,0,5,22,0,1,38,0,4,25,0,9,26,0,9,21,0,11,70,0,13,54,0,8,93,0,7,41,0,19,142,0,5,91,0,4,96,0,23,243,0,31,221,0,31,747,0,29,430,0,16,798,0,67,642,0,48,2231,0,47,696,0,106,1101,0,53,2113,0,71,2409,0,92,1104,0,85,2992,0,109,3129,0,46,7734,0,42,10339,0,156,11846,0,174,2522,0,197,19801,0,184,20589,0,447,23513,0,473,25658,0,224,37625,0,173,17671,0,552,50236,0,700,102908,0,265,46541,0,242,109747,0,380,173623,0,603,150168,0,608,114122,0,1465,75333,0,867,250032,0,1645,268297,0,1461,135441,0
-1.05176e+08,1,8.88811e-15,10,1023,0,1.05176e+08,0.528882,1.08665,0.389689,0.145397,0.379329,3.24381,0.161596,0.446195,1.77396,0.159177,1.15e+07,4.49998e+06,6.79999e+06,1.15e+07,4.49997e+06,6.79999e+06,1.15e+07,4.49996e+06,6.79999e+06,1.15e+07,4.49995e+06,6.79999e+06,1.14999e+07,4.49993e+06,6.79999e+06,1.14999e+07,4.49991e+06,6.79999e+06,1.14999e+07,4.49989e+06,6.79999e+06,1.14999e+07,4.49986e+06,6.79999e+06,1.14999e+07,4.49982e+06,6.79999e+06,1.14999e+07,4.49977e+06,6.79999e+06,1.14999e+07,4.49971e+06,6.79999e+06,1.14999e+07,4.49963e+06,6.79999e+06,1.14998e+07,4.49953e+06,6.79999e+06,1.14998e+07,4.49941e+06,6.79999e+06,1.14998e+07,4.49926e+06,6.79999e+06,1.14998e+07,4.49906e+06,6.79999e+06,1.14997e+07,4.49882e+06,6.79999e+06,1.14997e+07,4.49851e+06,6.79999e+06,1.14997e+07,4.49812e+06,6.79999e+06,1.14996e+07,4.49764e+06,6.79999e+06,1.14996e+07,4.49702e+06,6.79999e+06,1.14995e+07,4.49625e+06,6.79999e+06,1.14995e+07,4.49528e+06,6.79999e+06,1.14994e+07,4.49406e+06,6.79999e+06,1.14993e+07,4.49253e+06,6.79999e+06,1.14992e+07,4.49059e+06,6.79999e+06,1.14991e+07,4.48817e+06,6.79999e+06,1.1499e+07,4.48511e+06,6.79999e+06,1.14988e+07,4.48128e+06,6.79999e+06,1.14987e+07,4.47646e+06,6.79999e+06,1.14985e+07,4.47041e+06,6.79999e+06,1.14983e+07,4.46281e+06,6.79999e+06,1.14981e+07,4.4533e+06,6.79999e+06,1.14979e+07,4.44138e+06,6.79999e+06,1.14976e+07,4.42649e+06,6.79999e+06,1.14972e+07,4.40789e+06,6.79999e+06,1.14969e+07,4.38471e+06,6.79999e+06,1.14965e+07,4.35592e+06,6.79999e+06,1.1496e+07,4.32027e+06,6.79999e+06,1.14955e+07,4.27629e+06,6.79999e+06,1.14949e+07,4.22231e+06,6.79999e+06,1.14942e+07,4.15647e+06,6.79999e+06,1.14934e+07,4.07676e+06,6.79999e+06,1.14926e+07,3.98112e+06,6.79999e+06,1.14916e+07,3.86765e+06,6.79999e+06,1.14905e+07,3.73474e+06,6.79999e+06,1.14892e+07,3.58148e+06,6.79999e+06,1.14878e+07,3.40785e+06,6.79999e+06,1.14862e+07,3.21513e+06,6.79999e+06,1.14844e+07,3.00605e+06,6.79999e+06,1.14823e+07,2.7848e+06,6.79999e+06,1.148e+07,2.5568e+06,6.79999e+06,1.14773e+07,2.32825e+06,6.79999e+06,13.5742,8.52444,0.508366,16.8306,13.2585,0.162638,20.0035,17.569,0.0507846,23.2616,22.4214,0.0158319,26.7328,28.3297,0.00493498,30.5212,35.6974,0.00153831,34.7178,44.9473,0.000479527,39.4086,56.5822,0.000149456,44.6796,71.2245,4.66214e-05,50.6209,89.6543,1.45419e-05,57.3297,112.852,4.54748e-06,64.9129,142.051,1.43857e-06,73.4897,178.803,4.36618e-07,83.1934,225.062,1.40153e-07,94.1745,283.286,4.96378e-08,106.602,356.568,1.05434e-07,120.669,448.799,-6.49244e-08,136.59,564.873,1.70148e-07,154.611,710.948,-5.34594e-08,175.008,894.767,1.63407e-07,198.097,1126.06,8.04804e-08,224.231,1417.07,1.14667e-07,253.813,1783.15,-1.71227e-07,287.297,2243.62,-2.88466e-07,325.198,2822.67,-4.33651e-07,368.098,3550.67,7.9318e-08,416.657,4465.65,3.13319e-07,471.621,5615.16,3.4613e-07,533.835,7058.61,-1.19199e-07,604.255,8870.02,-2.79964e-07,683.962,11141.4,-2.30521e-07,774.182,13986.7,-2.55099e-07,876.299,17546.4,1.23585e-07,991.883,21993.1,1.41192e-07,1122.71,27536.7,-9.71886e-08,1270.78,34430.7,-3.68368e-07,1438.38,42977.7,-3.45379e-07,1628.07,53532.7,-3.25328e-09,1842.77,66504.6,2.6362e-07,2085.77,82350.2,2.53445e-07,2360.79,101560,-2.47407e-08,2672.05,124632,-3.80602e-07,3024.31,152018,-4.79005e-07,3422.98,184060,-1.14379e-07,3874.15,220884,2.64297e-07,4384.72,262283,3.44131e-07,4962.49,307576,7.5349e-08,5616.29,355497,-3.63097e-07,6356.1,404126,-6.05442e-07,7193.18,450932,-2.72333e-07,8140.28,492963,2.29675e-07,9211.79,527178,4.3387e-07,10424,550893,-1.0711e-07,10.102,8.06553,2.81012,10.6436,8.57909,0.869423,11.5336,10.2515,0.270869,12.7211,12.7138,0.0844293,14.1823,15.9373,0.0263173,15.9122,20.0383,0.0082035,17.9198,25.2154,0.00255722,20.2244,31.7373,0.000797017,22.8539,39.9486,0.000248622,25.8438,50.2851,7.75492e-05,29.237,63.2963,2.42508e-05,33.0837,79.6738,7.67162e-06,37.4415,100.288,2.32837e-06,42.3767,126.236,7.33e-07,47.9646,158.896,2.79256e-07,54.2906,200.003,9.87351e-09,61.452,251.741,1.61085e-07,69.5585,316.859,-2.47141e-07,78.7347,398.812,8.93552e-08,89.1218,501.948,-2.53231e-07,100.879,631.736,-1.25047e-07,114.188,795.049,-1.78808e-07,129.252,1000.53,2.6733e-07,146.304,1259.03,4.50292e-07,165.605,1584.19,6.76904e-07,187.452,1993.12,-1.23808e-07,212.181,2507.27,-4.89068e-07,240.173,3153.54,-5.40284e-07,271.856,3965.56,1.86061e-07,307.719,4985.38,4.37004e-07,348.313,6265.4,3.59828e-07,394.26,7870.83,3.98192e-07,446.268,9882.51,-1.92908e-07,505.135,12400.3,-2.20392e-07,571.766,15546.9,1.51705e-07,647.184,19472.2,5.74996e-07,732.547,24357.4,5.39112e-07,829.167,30420,5.07815e-09,938.526,37916.3,-4.11492e-07,1062.3,47143.9,-3.9561e-07,1202.4,58439.2,3.86185e-08,1360.96,72169.3,5.94093e-07,1540.42,88715.8,7.47693e-07,1743.53,108445,1.78537e-07,1973.41,131665,-4.12549e-07,2233.57,158557,-5.37164e-07,2528,189103,-1.17615e-07,2861.2,222986,5.66769e-07,3238.27,259510,9.45053e-07,3664.97,297540,4.25093e-07,4147.81,335497,-3.58506e-07,4694.17,371444,-6.7724e-07,5312.37,403256,1.67192e-07,1.61744,3.89446,9.84394,3.28846,7.5504,12.774,5.07607,11.7187,13.6844,7.03202,16.8147,13.9681,9.20215,23.1769,14.0566,11.6301,31.1672,14.0841,14.3598,41.2186,14.0927,17.4376,53.8688,14.0954,20.9137,69.7915,14.0962,24.8432,89.8341,14.0965,29.2879,115.063,14.0966,34.3168,146.819,14.0966,40.0078,186.792,14.0966,46.4487,237.107,14.0966,53.7388,300.44,14.0966,61.9903,380.158,14.0966,71.3301,480.499,14.0966,81.902,606.796,14.0966,93.8685,765.761,14.0966,107.414,965.837,14.0966,122.746,1217.65,14.0966,140.101,1534.57,14.0966,159.745,1933.41,14.0966,181.981,2435.3,14.0966,207.15,3066.85,14.0966,235.64,3861.46,14.0966,267.889,4861.11,14.0966,304.391,6118.54,14.0966,345.709,7699.91,14.0966,392.478,9688.22,14.0966,445.417,12187.5,14.0966,505.339,15327.7,14.0966,573.165,19271.6,14.0966,649.938,24222,14.0966,736.839,30430.9,14.0966,835.202,38211.5,14.0966,946.539,47950.3,14.0966,1072.56,60122.8,14.0966,1215.21,75309.9,14.0966,1376.66,94216.2,14.0966,1559.41,117688,14.0966,1766.26,146729,14.0966,2000.39,182510,14.0966,2265.39,226372,14.0966,2565.33,279806,14.0966,2904.81,344416,14.0966,3289.05,421845,14.0966,3723.93,513667,14.0966,4216.13,621231,14.0966,4773.18,745478,14.0966,5403.64,886744,14.0966,6117.15,1.04457e+06,14.0966,6924.63,1.2176e+06,14.0966,11.7194,11.96,12.6541,13.9321,16.1295,13.6434,16.6097,21.9702,13.9553,19.7532,29.5285,14.0526,23.3844,39.1143,14.0829,27.5423,51.2054,14.0923,32.2796,66.434,14.0953,37.662,85.6061,14.0962,43.7675,109.74,14.0965,50.687,140.119,14.0966,58.5249,178.359,14.0966,67.4005,226.493,14.0966,77.4493,287.08,14.0966,88.8254,363.343,14.0966,101.703,459.336,14.0966,116.281,580.161,14.0966,132.782,732.241,14.0966,151.46,923.655,14.0966,172.603,1164.57,14.0966,196.535,1467.79,14.0966,223.625,1849.39,14.0966,254.288,2329.62,14.0966,288.997,2933.93,14.0966,328.285,3694.33,14.0966,372.755,4651.04,14.0966,423.092,5854.57,14.0966,480.07,7368.38,14.0966,544.564,9272.08,14.0966,617.566,11665.5,14.0966,700.197,14673.6,14.0966,793.729,18452.9,14.0966,899.599,23198.6,14.0966,1019.43,29154.1,14.0966,1155.07,36622.3,14.0966,1308.6,45977.9,14.0966,1482.39,57683.7,14.0966,1679.09,72307.8,14.0966,1901.73,90542.8,14.0966,2153.73,113226,14.0966,2438.97,141360,14.0966,2761.81,176127,14.0966,3127.22,218898,14.0966,3540.81,271226,14.0966,4008.92,334817,14.0966,4538.74,411470,14.0966,5138.38,502973,14.0966,5817.04,610948,14.0966,6585.12,736653,14.0966,7454.39,880741,14.0966,8438.15,1.04302e+06,14.0966,9551.45,1.22224e+06,14.0966,10811.3,1.41602e+06,14.0966,12237,1.62086e+06,14.0966,11.7194,11.96,12.6541,2.21263,4.16949,0.989383,2.67766,5.84076,0.311842,3.14343,7.55825,0.0972771,3.63127,9.58578,0.0303237,4.15787,12.0912,0.00945211,4.73731,15.2286,0.00294633,5.38238,19.1721,0.000918508,6.10553,24.134,0.000286163,6.91951,30.3791,8.92692e-05,7.83792,38.2397,2.78121e-05,8.87555,48.1338,8.65134e-06,10.0489,60.5876,2.7882e-06,11.3761,76.2629,8.29036e-07,12.8779,95.9927,2.4373e-07,14.5775,120.825,4.33068e-09,16.5012,152.08,1.75749e-07,18.6784,191.415,-1.86328e-07,21.1428,240.917,1.91829e-07,23.9322,303.213,-1.81475e-07,27.0895,381.602,7.0186e-08,30.6634,480.231,-2.86769e-08,34.7087,604.316,2.40784e-07,39.2876,760.401,9.87368e-08,44.4705,956.705,1.22263e-07,50.3371,1203.54,-4.31966e-07,56.9776,1513.81,-1.9705e-07,64.494,1903.69,-2.763e-08,73.0018,2393.4,3.9185e-07,82.6317,3008.13,1.35379e-07,93.5318,3779.25,-4.16351e-08,105.869,4745.7,2.06965e-08,119.834,5955.6,-3.18887e-07,135.641,7468.12,-1.48271e-08,153.531,9355.62,2.00739e-07,173.781,11705.8,2.28358e-07,196.701,14624.1,-1.93587e-08,222.642,18235,-2.88101e-07,252.003,22683.4,-2.24732e-07,285.234,28134,8.56806e-09,322.845,34767,2.34258e-07,365.413,42770.9,2.99668e-07,413.588,52327.9,8.28644e-08,468.111,63591.2,-3.07049e-07,529.814,76653.2,-3.1888e-07,599.642,91502.5,-6.72276e-08,678.662,107975,2.26339e-07,768.083,125705,3.69212e-07,869.267,144088,2.04077e-07,983.76,162277,-2.80509e-07,1113.3,179223,-4.22737e-07,1259.87,193777,-1.71951e-07,1425.68,204839,4.55555e-07,11.7194,11.96,12.6541,2.21263,4.16949,0.989383,2.67766,5.84076,0.311842,3.14343,7.55825,0.0972771,3.63127,9.58578,0.0303237,4.15787,12.0912,0.00945211,4.73731,15.2286,0.00294633,5.38238,19.1721,0.000918508,6.10553,24.134,0.000286163,6.91951,30.3791,8.92692e-05,7.83792,38.2397,2.78121e-05,8.87555,48.1338,8.65134e-06,10.0489,60.5876,2.7882e-06,11.3761,76.2629,8.29036e-07,12.8779,95.9927,2.4373e-07,14.5775,120.825,1e-08,16.5012,152.08,1.75749e-07,18.6784,191.415,1e-08,21.1428,240.917,1.91829e-07,23.9322,303.213,1e-08,27.0895,381.602,7.0186e-08,30.6634,480.231,1e-08,34.7087,604.316,2.40784e-07,39.2876,760.401,9.87368e-08,44.4705,956.705,1.22263e-07,50.3371,1203.54,1e-08,56.9776,1513.81,1e-08,64.494,1903.69,1e-08,73.0018,2393.4,3.9185e-07,82.6317,3008.13,1.35379e-07,93.5318,3779.25,1e-08,105.869,4745.7,2.06965e-08,119.834,5955.6,1e-08,135.641,7468.12,1e-08,153.531,9355.62,2.00739e-07,173.781,11705.8,2.28358e-07,196.701,14624.1,1e-08,222.642,18235,1e-08,252.003,22683.4,1e-08,285.234,28134,1e-08,322.845,34767,2.34258e-07,365.413,42770.9,2.99668e-07,413.588,52327.9,8.28644e-08,468.111,63591.2,1e-08,529.814,76653.2,1e-08,599.642,91502.5,1e-08,678.662,107975,2.26339e-07,768.083,125705,3.69212e-07,869.267,144088,2.04077e-07,983.76,162277,1e-08,1113.3,179223,1e-08,1259.87,193777,1e-08,1425.68,204839,4.55555e-07,6.2823,3.27286,2.43537,0.219672,6.18826,2.24117,0.56371,6.87772,2.63624,0.308279,22,11,6,1,6,1,3,3,1,4,9,0,5,2,0,2,15,0,1,26,0,4,34,0,3,24,0,4,9,0,8,21,0,6,65,0,9,70,0,9,35,0,5,95,0,2,106,0,16,146,0,46,186,0,9,141,0,28,272,0,18,520,0,35,662,0,31,680,0,44,738,0,52,674,0,37,672,0,54,1682,0,23,1991,0,100,4973,0,108,3373,0,168,2311,0,45,2649,0,128,3771,0,122,6126,0,158,13141,0,115,8924,0,153,10902,0,236,20377,0,179,17455,0,129,12380,0,566,27964,0,303,21541,0,419,48249,0,540,41058,0,605,88518,0,408,113151,0,650,34195,0,679,233407,0,1246,112010,0,1313,146708,0,1128,73899,0,880,146778,0,2600,231374,0
-1.05176e+08,1,8.88811e-15,10,1023,0,1.05176e+08,0.528882,1.08665,0.389689,0.145397,0.379329,3.24381,0.161596,0.446195,1.77396,0.159177,1.15e+07,4.49998e+06,6.79999e+06,1.15e+07,4.49997e+06,6.79999e+06,1.15e+07,4.49996e+06,6.79999e+06,1.15e+07,4.49995e+06,6.79999e+06,1.14999e+07,4.49993e+06,6.79999e+06,1.14999e+07,4.49991e+06,6.79999e+06,1.14999e+07,4.49989e+06,6.79999e+06,1.14999e+07,4.49986e+06,6.79999e+06,1.14999e+07,4.49982e+06,6.79999e+06,1.14999e+07,4.49977e+06,6.79999e+06,1.14999e+07,4.49971e+06,6.79999e+06,1.14999e+07,4.49963e+06,6.79999e+06,1.14998e+07,4.49953e+06,6.79999e+06,1.14998e+07,4.49941e+06,6.79999e+06,1.14998e+07,4.49926e+06,6.79999e+06,1.14998e+07,4.49906e+06,6.79999e+06,1.14997e+07,4.49882e+06,6.79999e+06,1.14997e+07,4.49851e+06,6.79999e+06,1.14997e+07,4.49812e+06,6.79999e+06,1.14996e+07,4.49764e+06,6.79999e+06,1.14996e+07,4.49702e+06,6.79999e+06,1.14995e+07,4.49625e+06,6.79999e+06,1.14995e+07,4.49528e+06,6.79999e+06,1.14994e+07,4.49406e+06,6.79999e+06,1.14993e+07,4.49253e+06,6.79999e+06,1.14992e+07,4.49059e+06,6.79999e+06,1.14991e+07,4.48817e+06,6.79999e+06,1.1499e+07,4.48511e+06,6.79999e+06,1.14988e+07,4.48128e+06,6.79999e+06,1.14987e+07,4.47646e+06,6.79999e+06,1.14985e+07,4.47041e+06,6.79999e+06,1.14983e+07,4.46281e+06,6.79999e+06,1.14981e+07,4.4533e+06,6.79999e+06,1.14979e+07,4.44138e+06,6.79999e+06,1.14976e+07,4.42649e+06,6.79999e+06,1.14972e+07,4.40789e+06,6.79999e+06,1.14969e+07,4.38471e+06,6.79999e+06,1.14965e+07,4.35592e+06,6.79999e+06,1.1496e+07,4.32027e+06,6.79999e+06,1.14955e+07,4.27629e+06,6.79999e+06,1.14949e+07,4.22231e+06,6.79999e+06,1.14942e+07,4.15647e+06,6.79999e+06,1.14934e+07,4.07676e+06,6.79999e+06,1.14926e+07,3.98112e+06,6.79999e+06,1.14916e+07,3.86765e+06,6.79999e+06,1.14905e+07,3.73474e+06,6.79999e+06,1.14892e+07,3.58148e+06,6.79999e+06,1.14878e+07,3.40785e+06,6.79999e+06,1.14862e+07,3.21513e+06,6.79999e+06,1.14844e+07,3.00605e+06,6.79999e+06,1.14823e+07,2.7848e+06,6.79999e+06,1.148e+07,2.5568e+06,6.79999e+06,1.14773e+07,2.32825e+06,6.79999e+06,13.5742,8.52444,0.508366,16.8306,13.2585,0.162638,20.0035,17.569,0.0507846,23.2616,22.4214,0.0158319,26.7328,28.3297,0.00493498,30.5212,35.6974,0.00153831,34.7178,44.9473,0.000479527,39.4086,56.5822,0.000149456,44.6796,71.2245,4.66214e-05,50.6209,89.6543,1.45419e-05,57.3297,112.852,4.54748e-06,64.9129,142.051,1.43857e-06,73.4897,178.803,4.36618e-07,83.1934,225.062,1.40153e-07,94.1745,283.286,4.96378e-08,106.602,356.568,1.05434e-07,120.669,448.799,-6.49244e-08,136.59,564.873,1.70148e-07,154.611,710.948,-5.34594e-08,175.008,894.767,1.63407e-07,198.097,1126.06,8.04804e-08,224.231,1417.07,1.14667e-07,253.813,1783.15,-1.71227e-07,287.297,2243.62,-2.88466e-07,325.198,2822.67,-4.33651e-07,368.098,3550.67,7.9318e-08,416.657,4465.65,3.13319e-07,471.621,5615.16,3.4613e-07,533.835,7058.61,-1.19199e-07,604.255,8870.02,-2.79964e-07,683.962,11141.4,-2.30521e-07,774.182,13986.7,-2.55099e-07,876.299,17546.4,1.23585e-07,991.883,21993.1,1.41192e-07,1122.71,27536.7,-9.71886e-08,1270.78,34430.7,-3.68368e-07,1438.38,42977.7,-3.45379e-07,1628.07,53532.7,-3.25328e-09,1842.77,66504.6,2.6362e-07,2085.77,82350.2,2.53445e-07,2360.79,101560,-2.47407e-08,2672.05,124632,-3.80602e-07,3024.31,152018,-4.79005e-07,3422.98,184060,-1.14379e-07,3874.15,220884,2.64297e-07,4384.72,262283,3.44131e-07,4962.49,307576,7.5349e-08,5616.29,355497,-3.63097e-07,6356.1,404126,-6.05442e-07,7193.18,450932,-2.72333e-07,8140.28,492963,2.29675e-07,9211.79,527178,4.3387e-07,10424,550893,-1.0711e-07,10.102,8.06553,2.81012,10.6436,8.57909,0.869423,11.5336,10.2515,0.270869,12.7211,12.7138,0.0844293,14.1823,15.9373,0.0263173,15.9122,20.0383,0.0082035,17.9198,25.2154,0.00255722,20.2244,31.7373,0.000797017,22.8539,39.9486,0.000248622,25.8438,50.2851,7.75492e-05,29.237,63.2963,2.42508e-05,33.0837,79.6738,7.67162e-06,37.4415,100.288,2.32837e-06,42.3767,126.236,7.33e-07,47.9646,158.896,2.79256e-07,54.2906,200.003,9.87351e-09,61.452,251.741,1.61085e-07,69.5585,316.859,-2.47141e-07,78.7347,398.812,8.93552e-08,89.1218,501.948,-2.53231e-07,100.879,631.736,-1.25047e-07,114.188,795.049,-1.78808e-07,129.252,1000.53,2.6733e-07,146.304,1259.03,4.50292e-07,165.605,1584.19,6.76904e-07,187.452,1993.12,-1.23808e-07,212.181,2507.27,-4.89068e-07,240.173,3153.54,-5.40284e-07,271.856,3965.56,1.86061e-07,307.719,4985.38,4.37004e-07,348.313,6265.4,3.59828e-07,394.26,7870.83,3.98192e-07,446.268,9882.51,-1.92908e-07,505.135,12400.3,-2.20392e-07,571.766,15546.9,1.51705e-07,647.184,19472.2,5.74996e-07,732.547,24357.4,5.39112e-07,829.167,30420,5.07815e-09,938.526,37916.3,-4.11492e-07,1062.3,47143.9,-3.9561e-07,1202.4,58439.2,3.86185e-08,1360.96,72169.3,5.94093e-07,1540.42,88715.8,7.47693e-07,1743.53,108445,1.78537e-07,1973.41,131665,-4.12549e-07,2233.57,158557,-5.37164e-07,2528,189103,-1.17615e-07,2861.2,222986,5.66769e-07,3238.27,259510,9.45053e-07,3664.97,297540,4.25093e-07,4147.81,335497,-3.58506e-07,4694.17,371444,-6.7724e-07,5312.37,403256,1.67192e-07,1.61744,3.89446,9.84394,3.28846,7.5504,12.774,5.07607,11.7187,13.6844,7.03202,16.8147,13.9681,9.20215,23.1769,14.0566,11.6301,31.1672,14.0841,14.3598,41.2186,14.0927,17.4376,53.8688,14.0954,20.9137,69.7915,14.0962,24.8432,89.8341,14.0965,29.2879,115.063,14.0966,34.3168,146.819,14.0966,40.0078,186.792,14.0966,46.4487,237.107,14.0966,53.7388,300.44,14.0966,61.9903,380.158,14.0966,71.3301,480.499,14.0966,81.902,606.796,14.0966,93.8685,765.761,14.0966,107.414,965.837,14.0966,122.746,1217.65,14.0966,140.101,1534.57,14.0966,159.745,1933.41,14.0966,181.981,2435.3,14.0966,207.15,3066.85,14.0966,235.64,3861.46,14.0966,267.889,4861.11,14.0966,304.391,6118.54,14.0966,345.709,7699.91,14.0966,392.478,9688.22,14.0966,445.417,12187.5,14.0966,505.339,15327.7,14.0966,573.165,19271.6,14.0966,649.938,24222,14.0966,736.839,30430.9,14.0966,835.202,38211.5,14.0966,946.539,47950.3,14.0966,1072.56,60122.8,14.0966,1215.21,75309.9,14.0966,1376.66,94216.2,14.0966,1559.41,117688,14.0966,1766.26,146729,14.0966,2000.39,182510,14.0966,2265.39,226372,14.0966,2565.33,279806,14.0966,2904.81,344416,14.0966,3289.05,421845,14.0966,3723.93,513667,14.0966,4216.13,621231,14.0966,4773.18,745478,14.0966,5403.64,886744,14.0966,6117.15,1.04457e+06,14.0966,6924.63,1.2176e+06,14.0966,11.7194,11.96,12.6541,13.9321,16.1295,13.6434,16.6097,21.9702,13.9553,19.7532,29.5285,14.0526,23.3844,39.1143,14.0829,27.5423,51.2054,14.0923,32.2796,66.434,14.0953,37.662,85.6061,14.0962,43.7675,109.74,14.0965,50.687,140.119,14.0966,58.5249,178.359,14.0966,67.4005,226.493,14.0966,77.4493,287.08,14.0966,88.8254,363.343,14.0966,101.703,459.336,14.0966,116.281,580.161,14.0966,132.782,732.241,14.0966,151.46,923.655,14.0966,172.603,1164.57,14.0966,196.535,1467.79,14.0966,223.625,1849.39,14.0966,254.288,2329.62,14.0966,288.997,2933.93,14.0966,328.285,3694.33,14.0966,372.755,4651.04,14.0966,423.092,5854.57,14.0966,480.07,7368.38,14.0966,544.564,9272.08,14.0966,617.566,11665.5,14.0966,700.197,14673.6,14.0966,793.729,18452.9,14.0966,899.599,23198.6,14.0966,1019.43,29154.1,14.0966,1155.07,36622.3,14.0966,1308.6,45977.9,14.0966,1482.39,57683.7,14.0966,1679.09,72307.8,14.0966,1901.73,90542.8,14.0966,2153.73,113226,14.0966,2438.97,141360,14.0966,2761.81,176127,14.0966,3127.22,218898,14.0966,3540.81,271226,14.0966,4008.92,334817,14.0966,4538.74,411470,14.0966,5138.38,502973,14.0966,5817.04,610948,14.0966,6585.12,736653,14.0966,7454.39,880741,14.0966,8438.15,1.04302e+06,14.0966,9551.45,1.22224e+06,14.0966,10811.3,1.41602e+06,14.0966,12237,1.62086e+06,14.0966,11.7194,11.96,12.6541,2.21263,4.16949,0.989383,2.67766,5.84076,0.311842,3.14343,7.55825,0.0972771,3.63127,9.58578,0.0303237,4.15787,12.0912,0.00945211,4.73731,15.2286,0.00294633,5.38238,19.1721,0.000918508,6.10553,24.134,0.000286163,6.91951,30.3791,8.92692e-05,7.83792,38.2397,2.78121e-05,8.87555,48.1338,8.65134e-06,10.0489,60.5876,2.7882e-06,11.3761,76.2629,8.29036e-07,12.8779,95.9927,2.4373e-07,14.5775,120.825,4.33068e-09,16.5012,152.08,1.75749e-07,18.6784,191.415,-1.86328e-07,21.1428,240.917,1.91829e-07,23.9322,303.213,-1.81475e-07,27.0895,381.602,7.0186e-08,30.6634,480.231,-2.86769e-08,34.7087,604.316,2.40784e-07,39.2876,760.401,9.87368e-08,44.4705,956.705,1.22263e-07,50.3371,1203.54,-4.31966e-07,56.9776,1513.81,-1.9705e-07,64.494,1903.69,-2.763e-08,73.0018,2393.4,3.9185e-07,82.6317,3008.13,1.35379e-07,93.5318,3779.25,-4.16351e-08,105.869,4745.7,2.06965e-08,119.834,5955.6,-3.18887e-07,135.641,7468.12,-1.48271e-08,153.531,9355.62,2.00739e-07,173.781,11705.8,2.28358e-07,196.701,14624.1,-1.93587e-08,222.642,18235,-2.88101e-07,252.003,22683.4,-2.24732e-07,285.234,28134,8.56806e-09,322.845,34767,2.34258e-07,365.413,42770.9,2.99668e-07,413.588,52327.9,8.28644e-08,468.111,63591.2,-3.07049e-07,529.814,76653.2,-3.1888e-07,599.642,91502.5,-6.72276e-08,678.662,107975,2.26339e-07,768.083,125705,3.69212e-07,869.267,144088,2.04077e-07,983.76,162277,-2.80509e-07,1113.3,179223,-4.22737e-07,1259.87,193777,-1.71951e-07,1425.68,204839,4.55555e-07,11.7194,11.96,12.6541,2.21263,4.16949,0.989383,2.67766,5.84076,0.311842,3.14343,7.55825,0.0972771,3.63127,9.58578,0.0303237,4.15787,12.0912,0.00945211,4.73731,15.2286,0.00294633,5.38238,19.1721,0.000918508,6.10553,24.134,0.000286163,6.91951,30.3791,8.92692e-05,7.83792,38.2397,2.78121e-05,8.87555,48.1338,8.65134e-06,10.0489,60.5876,2.7882e-06,11.3761,76.2629,8.29036e-07,12.8779,95.9927,2.4373e-07,14.5775,120.825,1e-08,16.5012,152.08,1.75749e-07,18.6784,191.415,1e-08,21.1428,240.917,1.91829e-07,23.9322,303.213,1e-08,27.0895,381.602,7.0186e-08,30.6634,480.231,1e-08,34.7087,604.316,2.40784e-07,39.2876,760.401,9.87368e-08,44.4705,956.705,1.22263e-07,50.3371,1203.54,1e-08,56.9776,1513.81,1e-08,64.494,1903.69,1e-08,73.0018,2393.4,3.9185e-07,82.6317,3008.13,1.35379e-07,93.5318,3779.25,1e-08,105.869,4745.7,2.06965e-08,119.834,5955.6,1e-08,135.641,7468.12,1e-08,153.531,9355.62,2.00739e-07,173.781,11705.8,2.28358e-07,196.701,14624.1,1e-08,222.642,18235,1e-08,252.003,22683.4,1e-08,285.234,28134,1e-08,322.845,34767,2.34258e-07,365.413,42770.9,2.99668e-07,413.588,52327.9,8.28644e-08,468.111,63591.2,1e-08,529.814,76653.2,1e-08,599.642,91502.5,1e-08,678.662,107975,2.26339e-07,768.083,125705,3.69212e-07,869.267,144088,2.04077e-07,983.76,162277,1e-08,1113.3,179223,1e-08,1259.87,193777,1e-08,1425.68,204839,4.55555e-07,6.2823,3.27286,2.43537,0.219672,6.18826,2.24117,0.56371,6.87772,2.63624,0.308279,5,16,9,0,5,3,0,3,0,6,9,1,5,11,0,0,14,0,5,22,0,6,9,0,5,14,0,6,14,0,6,61,0,4,43,0,11,71,0,6,62,0,31,90,0,15,130,0,7,94,0,20,266,0,24,183,0,28,182,0,16,143,0,49,357,0,38,464,0,41,597,0,67,797,0,73,923,0,55,1082,0,67,1940,0,31,3393,0,75,2242,0,120,4078,0,96,4873,0,101,5872,0,165,7143,0,97,11671,0,268,14120,0,81,12658,0,420,25854,0,238,8969,0,88,45244,0,270,39829,0,96,42830,0,360,65650,0,302,48004,0,607,62578,0,1072,48748,0,748,135767,0,1173,164664,0,978,65663,0,1292,227013,0,660,260023,0,567,163027,0,969,88632,0
-1.05176e+08,1,8.88811e-15,10,1023,0,1.05176e+08,0.528882,1.08665,0.389689,0.145397,0.379329,3.24381,0.161596,0.446195,1.77396,0.159177,1.15e+07,4.49998e+06,6.79999e+06,1.15e+07,4.49997e+06,6.79999e+06,1.15e+07,4.49996e+06,6.79999e+06,1.15e+07,4.49995e+06,6.79999e+06,1.14999e+07,4.49993e+06,6.79999e+06,1.14999e+07,4.49991e+06,6.79999e+06,1.14999e+07,4.49989e+06,6.79999e+06,1.14999e+07,4.49986e+06,6.79999e+06,1.14999e+07,4.49982e+06,6.79999e+06,1.14999e+07,4.49977e+06,6.79999e+06,1.14999e+07,4.49971e+06,6.79999e+06,1.14999e+07,4.49963e+06,6.79999e+06,1.14998e+07,4.49953e+06,6.79999e+06,1.14998e+07,4.49941e+06,6.79999e+06,1.14998e+07,4.49926e+06,6.79999e+06,1.14998e+07,4.49906e+06,6.79999e+06,1.14997e+07,4.49882e+06,6.79999e+06,1.14997e+07,4.49851e+06,6.79999e+06,1.14997e+07,4.49812e+06,6.79999e+06,1.14996e+07,4.49764e+06,6.79999e+06,1.14996e+07,4.49702e+06,6.79999e+06,1.14995e+07,4.49625e+06,6.79999e+06,1.14995e+07,4.49528e+06,6.79999e+06,1.14994e+07,4.49406e+06,6.79999e+06,1.14993e+07,4.49253e+06,6.79999e+06,1.14992e+07,4.49059e+06,6.79999e+06,1.14991e+07,4.48817e+06,6.79999e+06,1.1499e+07,4.48511e+06,6.79999e+06,1.14988e+07,4.48128e+06,6.79999e+06,1.14987e+07,4.47646e+06,6.79999e+06,1.14985e+07,4.47041e+06,6.79999e+06,1.14983e+07,4.46281e+06,6.79999e+06,1.14981e+07,4.4533e+06,6.79999e+06,1.14979e+07,4.44138e+06,6.79999e+06,1.14976e+07,4.42649e+06,6.79999e+06,1.14972e+07,4.40789e+06,6.79999e+06,1.14969e+07,4.38471e+06,6.79999e+06,1.14965e+07,4.35592e+06,6.79999e+06,1.1496e+07,4.32027e+06,6.79999e+06,1.14955e+07,4.27629e+06,6.79999e+06,1.14949e+07,4.22231e+06,6.79999e+06,1.14942e+07,4.15647e+06,6.79999e+06,1.14934e+07,4.07676e+06,6.79999e+06,1.14926e+07,3.98112e+06,6.79999e+06,1.14916e+07,3.86765e+06,6.79999e+06,1.14905e+07,3.73474e+06,6.79999e+06,1.14892e+07,3.58148e+06,6.79999e+06,1.14878e+07,3.40785e+06,6.79999e+06,1.14862e+07,3.21513e+06,6.79999e+06,1.14844e+07,3.00605e+06,6.79999e+06,1.14823e+07,2.7848e+06,6.79999e+06,1.148e+07,2.5568e+06,6.79999e+06,1.14773e+07,2.32825e+06,6.79999e+06,13.5742,8.52444,0.508366,16.8306,13.2585,0.162638,20.0035,17.569,0.0507846,23.2616,22.4214,0.0158319,26.7328,28.3297,0.00493498,30.5212,35.6974,0.00153831,34.7178,44.9473,0.000479527,39.4086,56.5822,0.000149456,44.6796,71.2245,4.66214e-05,50.6209,89.6543,1.45419e-05,57.3297,112.852,4.54748e-06,64.9129,142.051,1.43857e-06,73.4897,178.803,4.36618e-07,83.1934,225.062,1.40153e-07,94.1745,283.286,4.96378e-08,106.602,356.568,1.05434e-07,120.669,448.799,-6.49244e-08,136.59,564.873,1.70148e-07,154.611,710.948,-5.34594e-08,175.008,894.767,1.63407e-07,198.097,1126.06,8.04804e-08,224.231,1417.07,1.14667e-07,253.813,1783.15,-1.71227e-07,287.297,2243.62,-2.88466e-07,325.198,2822.67,-4.33651e-07,368.098,3550.67,7.9318e-08,416.657,4465.65,3.13319e-07,471.621,5615.16,3.4613e-07,533.835,7058.61,-1.19199e-07,604.255,8870.02,-2.79964e-07,683.962,11141.4,-2.30521e-07,774.182,13986.7,-2.55099e-07,876.299,17546.4,1.23585e-07,991.883,21993.1,1.41192e-07,1122.71,27536.7,-9.71886e-08,1270.78,34430.7,-3.68368e-07,1438.38,42977.7,-3.45379e-07,1628.07,53532.7,-3.25328e-09,1842.77,66504.6,2.6362e-07,2085.77,82350.2,2.53445e-07,2360.79,101560,-2.47407e-08,2672.05,124632,-3.80602e-07,3024.31,152018,-4.79005e-07,3422.98,184060,-1.14379e-07,3874.15,220884,2.64297e-07,4384.72,262283,3.44131e-07,4962.49,307576,7.5349e-08,5616.29,355497,-3.63097e-07,6356.1,404126,-6.05442e-07,7193.18,450932,-2.72333e-07,8140.28,492963,2.29675e-07,9211.79,527178,4.3387e-07,10424,550893,-1.0711e-07,10.102,8.06553,2.81012,10.6436,8.57909,0.869423,11.5336,10.2515,0.270869,12.7211,12.7138,0.0844293,14.1823,15.9373,0.0263173,15.9122,20.0383,0.0082035,17.9198,25.2154,0.00255722,20.2244,31.7373,0.000797017,22.8539,39.9486,0.000248622,25.8438,50.2851,7.75492e-05,29.237,63.2963,2.42508e-05,33.0837,79.6738,7.67162e-06,37.4415,100.288,2.32837e-06,42.3767,126.236,7.33e-07,47.9646,158.896,2.79256e-07,54.2906,200.003,9.87351e-09,61.452,251.741,1.61085e-07,69.5585,316.859,-2.47141e-07,78.7347,398.812,8.93552e-08,89.1218,501.948,-2.53231e-07,100.879,631.736,-1.25047e-07,114.188,795.049,-1.78808e-07,129.252,1000.53,2.6733e-07,146.304,1259.03,4.50292e-07,165.605,1584.19,6.76904e-07,187.452,1993.12,-1.23808e-07,212.181,2507.27,-4.89068e-07,240.173,3153.54,-5.40284e-07,271.856,3965.56,1.86061e-07,307.719,4985.38,4.37004e-07,348.313,6265.4,3.59828e-07,394.26,7870.83,3.98192e-07,446.268,9882.51,-1.92908e-07,505.135,12400.3,-2.20392e-07,571.766,15546.9,1.51705e-07,647.184,19472.2,5.74996e-07,732.547,24357.4,5.39112e-07,829.167,30420,5.07815e-09,938.526,37916.3,-4.11492e-07,1062.3,47143.9,-3.9561e-07,1202.4,58439.2,3.86185e-08,1360.96,72169.3,5.94093e-07,1540.42,88715.8,7.47693e-07,1743.53,108445,1.78537e-07,1973.41,131665,-4.12549e-07,2233.57,158557,-5.37164e-07,2528,189103,-1.17615e-07,2861.2,222986,5.66769e-07,3238.27,259510,9.45053e-07,3664.97,297540,4.25093e-07,4147.81,335497,-3.58506e-07,4694.17,371444,-6.7724e-07,5312.37,403256,1.67192e-07,1.61744,3.89446,9.84394,3.28846,7.5504,12.774,5.07607,11.7187,13.6844,7.03202,16.8147,13.9681,9.20215,23.1769,14.0566,11.6301,31.1672,14.0841,14.3598,41.2186,14.0927,17.4376,53.8688,14.0954,20.9137,69.7915,14.0962,24.8432,89.8341,14.0965,29.2879,115.063,14.0966,34.3168,146.819,14.0966,40.0078,186.792,14.0966,46.4487,237.107,14.0966,53.7388,300.44,14.0966,61.9903,380.158,14.0966,71.3301,480.499,14.0966,81.902,606.796,14.0966,93.8685,765.761,14.0966,107.414,965.837,14.0966,122.746,1217.65,14.0966,140.101,1534.57,14.0966,159.745,1933.41,14.0966,181.981,2435.3,14.0966,207.15,3066.85,14.0966,235.64,3861.46,14.0966,267.889,4861.11,14.0966,304.391,6118.54,14.0966,345.709,7699.91,14.0966,392.478,9688.22,14.0966,445.417,12187.5,14.0966,505.339,15327.7,14.0966,573.165,19271.6,14.0966,649.938,24222,14.0966,736.839,30430.9,14.0966,835.202,38211.5,14.0966,946.539,47950.3,14.0966,1072.56,60122.8,14.0966,1215.21,75309.9,14.0966,1376.66,94216.2,14.0966,1559.41,117688,14.0966,1766.26,146729,14.0966,2000.39,182510,14.0966,2265.39,226372,14.0966,2565.33,279806,14.0966,2904.81,344416,14.0966,3289.05,421845,14.0966,3723.93,513667,14.0966,4216.13,621231,14.0966,4773.18,745478,14.0966,5403.64,886744,14.0966,6117.15,1.04457e+06,14.0966,6924.63,1.2176e+06,14.0966,11.7194,11.96,12.6541,13.9321,16.1295,13.6434,16.6097,21.9702,13.9553,19.7532,29.5285,14.0526,23.3844,39.1143,14.0829,27.5423,51.2054,14.0923,32.2796,66.434,14.0953,37.662,85.6061,14.0962,43.7675,109.74,14.0965,50.687,140.119,14.0966,58.5249,178.359,14.0966,67.4005,226.493,14.0966,77.4493,287.08,14.0966,88.8254,363.343,14.0966,101.703,459.336,14.0966,116.281,580.161,14.0966,132.782,732.241,14.0966,151.46,923.655,14.0966,172.603,1164.57,14.0966,196.535,1467.79,14.0966,223.625,1849.39,14.0966,254.288,2329.62,14.0966,288.997,2933.93,14.0966,328.285,3694.33,14.0966,372.755,4651.04,14.0966,423.092,5854.57,14.0966,480.07,7368.38,14.0966,544.564,9272.08,14.0966,617.566,11665.5,14.0966,700.197,14673.6,14.0966,793.729,18452.9,14.0966,899.599,23198.6,14.0966,1019.43,29154.1,14.0966,1155.07,36622.3,14.0966,1308.6,45977.9,14.0966,1482.39,57683.7,14.0966,1679.09,72307.8,14.0966,1901.73,90542.8,14.0966,2153.73,113226,14.0966,2438.97,141360,14.0966,2761.81,176127,14.0966,3127.22,218898,14.0966,3540.81,271226,14.0966,4008.92,334817,14.0966,4538.74,411470,14.0966,5138.38,502973,14.0966,5817.04,610948,14.0966,6585.12,736653,14.0966,7454.39,880741,14.0966,8438.15,1.04302e+06,14.0966,9551.45,1.22224e+06,14.0966,10811.3,1.41602e+06,14.0966,12237,1.62086e+06,14.0966,11.7194,11.96,12.6541,2.21263,4.16949,0.989383,2.67766,5.84076,0.311842,3.14343,7.55825,0.0972771,3.63127,9.58578,0.0303237,4.15787,12.0912,0.00945211,4.73731,15.2286,0.00294633,5.38238,19.1721,0.000918508,6.10553,24.134,0.000286163,6.91951,30.3791,8.92692e-05,7.83792,38.2397,2.78121e-05,8.87555,48.1338,8.65134e-06,10.0489,60.5876,2.7882e-06,11.3761,76.2629,8.29036e-07,12.8779,95.9927,2.4373e-07,14.5775,120.825,4.33068e-09,16.5012,152.08,1.75749e-07,18.6784,191.415,-1.86328e-07,21.1428,240.917,1.91829e-07,23.9322,303.213,-1.81475e-07,27.0895,381.602,7.0186e-08,30.6634,480.231,-2.86769e-08,34.7087,604.316,2.40784e-07,39.2876,760.401,9.87368e-08,44.4705,956.705,1.22263e-07,50.3371,1203.54,-4.31966e-07,56.9776,1513.81,-1.9705e-07,64.494,1903.69,-2.763e-08,73.0018,2393.4,3.9185e-07,82.6317,3008.13,1.35379e-07,93.5318,3779.25,-4.16351e-08,105.869,4745.7,2.06965e-08,119.834,5955.6,-3.18887e-07,135.641,7468.12,-1.48271e-08,153.531,9355.62,2.00739e-07,173.781,11705.8,2.28358e-07,196.701,14624.1,-1.93587e-08,222.642,18235,-2.88101e-07,252.003,22683.4,-2.24732e-07,285.234,28134,8.56806e-09,322.845,34767,2.34258e-07,365.413,42770.9,2.99668e-07,413.588,52327.9,8.28644e-08,468.111,63591.2,-3.07049e-07,529.814,76653.2,-3.1888e-07,599.642,91502.5,-6.72276e-08,678.662,107975,2.26339e-07,768.083,125705,3.69212e-07,869.267,144088,2.04077e-07,983.76,162277,-2.80509e-07,1113.3,179223,-4.22737e-07,1259.87,193777,-1.71951e-07,1425.68,204839,4.55555e-07,11.7194,11.96,12.6541,2.21263,4.16949,0.989383,2.67766,5.84076,0.311842,3.14343,7.55825,0.0972771,3.63127,9.58578,0.0303237,4.15787,12.0912,0.00945211,4.73731,15.2286,0.00294633,5.38238,19.1721,0.000918508,6.10553,24.134,0.000286163,6.91951,30.3791,8.92692e-05,7.83792,38.2397,2.78121e-05,8.87555,48.1338,8.65134e-06,10.0489,60.5876,2.7882e-06,11.3761,76.2629,8.29036e-07,12.8779,95.9927,2.4373e-07,14.5775,120.825,1e-08,16.5012,152.08,1.75749e-07,18.6784,191.415,1e-08,21.1428,240.917,1.91829e-07,23.9322,303.213,1e-08,27.0895,381.602,7.0186e-08,30.6634,480.231,1e-08,34.7087,604.316,2.40784e-07,39.2876,760.401,9.87368e-08,44.4705,956.705,1.22263e-07,50.3371,1203.54,1e-08,56.9776,1513.81,1e-08,64.494,1903.69,1e-08,73.0018,2393.4,3.9185e-07,82.6317,3008.13,1.35379e-07,93.5318,3779.25,1e-08,105.869,4745.7,2.06965e-08,119.834,5955.6,1e-08,135.641,7468.12,1e-08,153.531,9355.62,2.00739e-07,173.781,11705.8,2.28358e-07,196.701,14624.1,1e-08,222.642,18235,1e-08,252.003,22683.4,1e-08,285.234,28134,1e-08,322.845,34767,2.34258e-07,365.413,42770.9,2.99668e-07,413.588,52327.9,8.28644e-08,468.111,63591.2,1e-08,529.814,76653.2,1e-08,599.642,91502.5,1e-08,678.662,107975,2.26339e-07,768.083,125705,3.69212e-07,869.267,144088,2.04077e-07,983.76,162277,1e-08,1113.3,179223,1e-08,1259.87,193777,1e-08,1425.68,204839,4.55555e-07,6.2823,3.27286,2.43537,0.219672,6.18826,2.24117,0.56371,6.87772,2.63624,0.308279,7,12,10,2,1,0,0,7,0,1,5,0,6,7,0,5,13,0,2,28,0,2,10,0,5,33,0,6,32,0,5,30,0,6,25,0,9,56,0,8,78,0,14,116,0,34,148,0,20,209,0,12,244,0,22,135,0,44,235,0,30,139,0,10,438,0,39,289,0,32,567,0,21,1428,0,72,580,0,107,913,0,57,2610,0,76,2060,0,48,5750,0,99,4880,0,54,4887,0,102,5419,0,188,4125,0,135,10075,0,224,8434,0,160,25382,0,156,24075,0,161,17224,0,546,22584,0,239,54738,0,624,51424,0,177,37973,0,530,50431,0,527,80366,0,618,81648,0,799,208191,0,462,65590,0,1234,150807,0,1206,274983,0,690,334780,0,1134,139685,0,1612,148814,0
-1.05176e+08,1,8.88811e-15,10,1023,0,1.05176e+08,0.528882,1.08665,0.389689,0.145397,0.379329,3.24381,0.161596,0.446195,1.77396,0.159177,1.15e+07,4.49998e+06,6.79999e+06,1.15e+07,4.49997e+06,6.79999e+06,1.15e+07,4.49996e+06,6.79999e+06,1.15e+07,4.49995e+06,6.79999e+06,1.14999e+07,4.49993e+06,6.79999e+06,1.14999e+07,4.49991e+06,6.79999e+06,1.14999e+07,4.49989e+06,6.79999e+06,1.14999e+07,4.49986e+06,6.79999e+06,1.14999e+07,4.49982e+06,6.79999e+06,1.14999e+07,4.49977e+06,6.79999e+06,1.14999e+07,4.49971e+06,6.79999e+06,1.14999e+07,4.49963e+06,6.79999e+06,1.14998e+07,4.49953e+06,6.79999e+06,1.14998e+07,4.49941e+06,6.79999e+06,1.14998e+07,4.49926e+06,6.79999e+06,1.14998e+07,4.49906e+06,6.79999e+06,1.14997e+07,4.49882e+06,6.79999e+06,1.14997e+07,4.49851e+06,6.79999e+06,1.14997e+07,4.49812e+06,6.79999e+06,1.14996e+07,4.49764e+06,6.79999e+06,1.14996e+07,4.49702e+06,6.79999e+06,1.14995e+07,4.49625e+06,6.79999e+06,1.14995e+07,4.49528e+06,6.79999e+06,1.14994e+07,4.49406e+06,6.79999e+06,1.14993e+07,4.49253e+06,6.79999e+06,1.14992e+07,4.49059e+06,6.79999e+06,1.14991e+07,4.48817e+06,6.79999e+06,1.1499e+07,4.48511e+06,6.79999e+06,1.14988e+07,4.48128e+06,6.79999e+06,1.14987e+07,4.47646e+06,6.79999e+06,1.14985e+07,4.47041e+06,6.79999e+06,1.14983e+07,4.46281e+06,6.79999e+06,1.14981e+07,4.4533e+06,6.79999e+06,1.14979e+07,4.44138e+06,6.79999e+06,1.14976e+07,4.42649e+06,6.79999e+06,1.14972e+07,4.40789e+06,6.79999e+06,1.14969e+07,4.38471e+06,6.79999e+06,1.14965e+07,4.35592e+06,6.79999e+06,1.1496e+07,4.32027e+06,6.79999e+06,1.14955e+07,4.27629e+06,6.79999e+06,1.14949e+07,4.22231e+06,6.79999e+06,1.14942e+07,4.15647e+06,6.79999e+06,1.14934e+07,4.07676e+06,6.79999e+06,1.14926e+07,3.98112e+06,6.79999e+06,1.14916e+07,3.86765e+06,6.79999e+06,1.14905e+07,3.73474e+06,6.79999e+06,1.14892e+07,3.58148e+06,6.79999e+06,1.14878e+07,3.40785e+06,6.79999e+06,1.14862e+07,3.21513e+06,6.79999e+06,1.14844e+07,3.00605e+06,6.79999e+06,1.14823e+07,2.7848e+06,6.79999e+06,1.148e+07,2.5568e+06,6.79999e+06,1.14773e+07,2.32825e+06,6.79999e+06,13.5742,8.52444,0.508366,16.8306,13.2585,0.162638,20.0035,17.569,0.0507846,23.2616,22.4214,0.0158319,26.7328,28.3297,0.00493498,30.5212,35.6974,0.00153831,34.7178,44.9473,0.000479527,39.4086,56.5822,0.000149456,44.6796,71.2245,4.66214e-05,50.6209,89.6543,1.45419e-05,57.3297,112.852,4.54748e-06,64.9129,142.051,1.43857e-06,73.4897,178.803,4.36618e-07,83.1934,225.062,1.40153e-07,94.1745,283.286,4.96378e-08,106.602,356.568,1.05434e-07,120.669,448.799,-6.49244e-08,136.59,564.873,1.70148e-07,154.611,710.948,-5.34594e-08,175.008,894.767,1.63407e-07,198.097,1126.06,8.04804e-08,224.231,1417.07,1.14667e-07,253.813,1783.15,-1.71227e-07,287.297,2243.62,-2.88466e-07,325.198,2822.67,-4.33651e-07,368.098,3550.67,7.9318e-08,416.657,4465.65,3.13319e-07,471.621,5615.16,3.4613e-07,533.835,7058.61,-1.19199e-07,604.255,8870.02,-2.79964e-07,683.962,11141.4,-2.30521e-07,774.182,13986.7,-2.55099e-07,876.299,17546.4,1.23585e-07,991.883,21993.1,1.41192e-07,1122.71,27536.7,-9.71886e-08,1270.78,34430.7,-3.68368e-07,1438.38,42977.7,-3.45379e-07,1628.07,53532.7,-3.25328e-09,1842.77,66504.6,2.6362e-07,2085.77,82350.2,2.53445e-07,2360.79,101560,-2.47407e-08,2672.05,124632,-3.80602e-07,3024.31,152018,-4.79005e-07,3422.98,184060,-1.14379e-07,3874.15,220884,2.64297e-07,4384.72,262283,3.44131e-07,4962.49,307576,7.5349e-08,5616.29,355497,-3.63097e-07,6356.1,404126,-6.05442e-07,7193.18,450932,-2.72333e-07,8140.28,492963,2.29675e-07,9211.79,527178,4.3387e-07,10424,550893,-1.0711e-07,10.102,8.06553,2.81012,10.6436,8.57909,0.869423,11.5336,10.2515,0.270869,12.7211,12.7138,0.0844293,14.1823,15.9373,0.0263173,15.9122,20.0383,0.0082035,17.9198,25.2154,0.00255722,20.2244,31.7373,0.000797017,22.8539,39.9486,0.000248622,25.8438,50.2851,7.75492e-05,29.237,63.2963,2.42508e-05,33.0837,79.6738,7.67162e-06,37.4415,100.288,2.32837e-06,42.3767,126.236,7.33e-07,47.9646,158.896,2.79256e-07,54.2906,200.003,9.87351e-09,61.452,251.741,1.61085e-07,69.5585,316.859,-2.47141e-07,78.7347,398.812,8.93552e-08,89.1218,501.948,-2.53231e-07,100.879,631.736,-1.25047e-07,114.188,795.049,-1.78808e-07,129.252,1000.53,2.6733e-07,146.304,1259.03,4.50292e-07,165.605,1584.19,6.76904e-07,187.452,1993.12,-1.23808e-07,212.181,2507.27,-4.89068e-07,240.173,3153.54,-5.40284e-07,271.856,3965.56,1.86061e-07,307.719,4985.38,4.37004e-07,348.313,6265.4,3.59828e-07,394.26,7870.83,3.98192e-07,446.268,9882.51,-1.92908e-07,505.135,12400.3,-2.20392e-07,571.766,15546.9,1.51705e-07,647.184,19472.2,5.74996e-07,732.547,24357.4,5.39112e-07,829.167,30420,5.07815e-09,938.526,37916.3,-4.11492e-07,1062.3,47143.9,-3.9561e-07,1202.4,58439.2,3.86185e-08,1360.96,72169.3,5.94093e-07,1540.42,88715.8,7.47693e-07,1743.53,108445,1.78537e-07,1973.41,131665,-4.12549e-07,2233.57,158557,-5.37164e-07,2528,189103,-1.17615e-07,2861.2,222986,5.66769e-07,3238.27,259510,9.45053e-07,3664.97,297540,4.25093e-07,4147.81,335497,-3.58506e-07,4694.17,371444,-6.7724e-07,5312.37,403256,1.67192e-07,1.61744,3.89446,9.84394,3.28846,7.5504,12.774,5.07607,11.7187,13.6844,7.03202,16.8147,13.9681,9.20215,23.1769,14.0566,11.6301,31.1672,14.0841,14.3598,41.2186,14.0927,17.4376,53.8688,14.0954,20.9137,69.7915,14.0962,24.8432,89.8341,14.0965,29.2879,115.063,14.0966,34.3168,146.819,14.0966,40.0078,186.792,14.0966,46.4487,237.107,14.0966,53.7388,300.44,14.0966,61.9903,380.158,14.0966,71.3301,480.499,14.0966,81.902,606.796,14.0966,93.8685,765.761,14.0966,107.414,965.837,14.0966,122.746,1217.65,14.0966,140.101,1534.57,14.0966,159.745,1933.41,14.0966,181.981,2435.3,14.0966,207.15,3066.85,14.0966,235.64,3861.46,14.0966,267.889,4861.11,14.0966,304.391,6118.54,14.0966,345.709,7699.91,14.0966,392.478,9688.22,14.0966,445.417,12187.5,14.0966,505.339,15327.7,14.0966,573.165,19271.6,14.0966,649.938,24222,14.0966,736.839,30430.9,14.0966,835.202,38211.5,14.0966,946.539,47950.3,14.0966,1072.56,60122.8,14.0966,1215.21,75309.9,14.0966,1376.66,94216.2,14.0966,1559.41,117688,14.0966,1766.26,146729,14.0966,2000.39,182510,14.0966,2265.39,226372,14.0966,2565.33,279806,14.0966,2904.81,344416,14.0966,3289.05,421845,14.0966,3723.93,513667,14.0966,4216.13,621231,14.0966,4773.18,745478,14.0966,5403.64,886744,14.0966,6117.15,1.04457e+06,14.0966,6924.63,1.2176e+06,14.0966,11.7194,11.96,12.6541,13.9321,16.1295,13.6434,16.6097,21.9702,13.9553,19.7532,29.5285,14.0526,23.3844,39.1143,14.0829,27.5423,51.2054,14.0923,32.2796,66.434,14.0953,37.662,85.6061,14.0962,43.7675,109.74,14.0965,50.687,140.119,14.0966,58.5249,178.359,14.0966,67.4005,226.493,14.0966,77.4493,287.08,14.0966,88.8254,363.343,14.0966,101.703,459.336,14.0966,116.281,580.161,14.0966,132.782,732.241,14.0966,151.46,923.655,14.0966,172.603,1164.57,14.0966,196.535,1467.79,14.0966,223.625,1849.39,14.0966,254.288,2329.62,14.0966,288.997,2933.93,14.0966,328.285,3694.33,14.0966,372.755,4651.04,14.0966,423.092,5854.57,14.0966,480.07,7368.38,14.0966,544.564,9272.08,14.0966,617.566,11665.5,14.0966,700.197,14673.6,14.0966,793.729,18452.9,14.0966,899.599,23198.6,14.0966,1019.43,29154.1,14.0966,1155.07,36622.3,14.0966,1308.6,45977.9,14.0966,1482.39,57683.7,14.0966,1679.09,72307.8,14.0966,1901.73,90542.8,14.0966,2153.73,113226,14.0966,2438.97,141360,14.0966,2761.81,176127,14.0966,3127.22,218898,14.0966,3540.81,271226,14.0966,4008.92,334817,14.0966,4538.74,411470,14.0966,5138.38,502973,14.0966,5817.04,610948,14.0966,6585.12,736653,14.0966,7454.39,880741,14.0966,8438.15,1.04302e+06,14.0966,9551.45,1.22224e+06,14.0966,10811.3,1.41602e+06,14.0966,12237,1.62086e+06,14.0966,11.7194,11.96,12.6541,2.21263,4.16949,0.989383,2.67766,5.84076,0.311842,3.14343,7.55825,0.0972771,3.63127,9.58578,0.0303237,4.15787,12.0912,0.00945211,4.73731,15.2286,0.00294633,5.38238,19.1721,0.000918508,6.10553,24.134,0.000286163,6.91951,30.3791,8.92692e-05,7.83792,38.2397,2.78121e-05,8.87555,48.1338,8.65134e-06,10.0489,60.5876,2.7882e-06,11.3761,76.2629,8.29036e-07,12.8779,95.9927,2.4373e-07,14.5775,120.825,4.33068e-09,16.5012,152.08,1.75749e-07,18.6784,191.415,-1.86328e-07,21.1428,240.917,1.91829e-07,23.9322,303.213,-1.81475e-07,27.0895,381.602,7.0186e-08,30.6634,480.231,-2.86769e-08,34.7087,604.316,2.40784e-07,39.2876,760.401,9.87368e-08,44.4705,956.705,1.22263e-07,50.3371,1203.54,-4.31966e-07,56.9776,1513.81,-1.9705e-07,64.494,1903.69,-2.763e-08,73.0018,2393.4,3.9185e-07,82.6317,3008.13,1.35379e-07,93.5318,3779.25,-4.16351e-08,105.869,4745.7,2.06965e-08,119.834,5955.6,-3.18887e-07,135.641,7468.12,-1.48271e-08,153.531,9355.62,2.00739e-07,173.781,11705.8,2.28358e-07,196.701,14624.1,-1.93587e-08,222.642,18235,-2.88101e-07,252.003,22683.4,-2.24732e-07,285.234,28134,8.56806e-09,322.845,34767,2.34258e-07,365.413,42770.9,2.99668e-07,413.588,52327.9,8.28644e-08,468.111,63591.2,-3.07049e-07,529.814,76653.2,-3.1888e-07,599.642,91502.5,-6.72276e-08,678.662,107975,2.26339e-07,768.083,125705,3.69212e-07,869.267,144088,2.04077e-07,983.76,162277,-2.80509e-07,1113.3,179223,-4.22737e-07,1259.87,193777,-1.71951e-07,1425.68,204839,4.55555e-07,11.7194,11.96,12.6541,2.21263,4.16949,0.989383,2.67766,5.84076,0.311842,3.14343,7.55825,0.0972771,3.63127,9.58578,0.0303237,4.15787,12.0912,0.00945211,4.73731,15.2286,0.00294633,5.38238,19.1721,0.000918508,6.10553,24.134,0.000286163,6.91951,30.3791,8.92692e-05,7.83792,38.2397,2.78121e-05,8.87555,48.1338,8.65134e-06,10.0489,60.5876,2.7882e-06,11.3761,76.2629,8.29036e-07,12.8779,95.9927,2.4373e-07,14.5775,120.825,1e-08,16.5012,152.08,1.75749e-07,18.6784,191.415,1e-08,21.1428,240.917,1.91829e-07,23.9322,303.213,1e-08,27.0895,381.602,7.0186e-08,30.6634,480.231,1e-08,34.7087,604.316,2.40784e-07,39.2876,760.401,9.87368e-08,44.4705,956.705,1.22263e-07,50.3371,1203.54,1e-08,56.9776,1513.81,1e-08,64.494,1903.69,1e-08,73.0018,2393.4,3.9185e-07,82.6317,3008.13,1.35379e-07,93.5318,3779.25,1e-08,105.869,4745.7,2.06965e-08,119.834,5955.6,1e-08,135.641,7468.12,1e-08,153.531,9355.62,2.00739e-07,173.781,11705.8,2.28358e-07,196.701,14624.1,1e-08,222.642,18235,1e-08,252.003,22683.4,1e-08,285.234,28134,1e-08,322.845,34767,2.34258e-07,365.413,42770.9,2.99668e-07,413.588,52327.9,8.28644e-08,468.111,63591.2,1e-08,529.814,76653.2,1e-08,599.642,91502.5,1e-08,678.662,107975,2.26339e-07,768.083,125705,3.69212e-07,869.267,144088,2.04077e-07,983.76,162277,1e-08,1113.3,179223,1e-08,1259.87,193777,1e-08,1425.68,204839,4.55555e-07,6.2823,3.27286,2.43537,0.219672,6.18826,2.24117,0.56371,6.87772,2.63624,0.308279,11,10,10,1,1,2,2,2,0,1,1,0,3,15,0,4,16,0,6,10,0,4,19,0,10,22,0,10,43,0,11,35,0,6,42,0,10,54,0,9,20,0,14,159,0,19,85,0,38,249,0,24,209,0,30,237,0,11,233,0,22,291,0,19,604,0,43,366,0,36,992,0,34,2140,0,100,1125,0,38,1719,0,40,1204,0,100,1541,0,63,3455,0,120,1844,0,64,5031,0,98,6905,0,108,8920,0,211,7756,0,166,12878,0,171,6068,0,139,27595,0,154,18050,0,218,27765,0,248,31714,0,197,46147,0,445,43491,0,356,88356,0,432,92667,0,664,23843,0,689,88495,0,1107,102633,0,1089,149924,0,573,90059,0,975,290533,0,1030,87784,0,1744,282481,0
-1.05176e+08,1,8.88811e-15,10,1023,0,1.05176e+08,0.528882,1.08665,0.389689,0.145397,0.379329,3.24381,0.161596,0.446195,1.77396,0.159177,1.15e+07,4.49998e+06,6.79999e+06,1.15e+07,4.49997e+06,6.79999e+06,1.15e+07,4.49996e+06,6.79999e+06,1.15e+07,4.49995e+06,6.79999e+06,1.14999e+07,4.49993e+06,6.79999e+06,1.14999e+07,4.49991e+06,6.79999e+06,1.14999e+07,4.49989e+06,6.79999e+06,1.14999e+07,4.49986e+06,6.79999e+06,1.14999e+07,4.49982e+06,6.79999e+06,1.14999e+07,4.49977e+06,6.79999e+06,1.14999e+07,4.49971e+06,6.79999e+06,1.14999e+07,4.49963e+06,6.79999e+06,1.14998e+07,4.49953e+06,6.79999e+06,1.14998e+07,4.49941e+06,6.79999e+06,1.14998e+07,4.49926e+06,6.79999e+06,1.14998e+07,4.49906e+06,6.79999e+06,1.14997e+07,4.49882e+06,6.79999e+06,1.14997e+07,4.49851e+06,6.79999e+06,1.14997e+07,4.49812e+06,6.79999e+06,1.14996e+07,4.49764e+06,6.79999e+06,1.14996e+07,4.49702e+06,6.79999e+06,1.14995e+07,4.49625e+06,6.79999e+06,1.14995e+07,4.49528e+06,6.79999e+06,1.14994e+07,4.49406e+06,6.79999e+06,1.14993e+07,4.49253e+06,6.79999e+06,1.14992e+07,4.49059e+06,6.79999e+06,1.14991e+07,4.48817e+06,6.79999e+06,1.1499e+07,4.48511e+06,6.79999e+06,1.14988e+07,4.48128e+06,6.79999e+06,1.14987e+07,4.47646e+06,6.79999e+06,1.14985e+07,4.47041e+06,6.79999e+06,1.14983e+07,4.46281e+06,6.79999e+06,1.14981e+07,4.4533e+06,6.79999e+06,1.14979e+07,4.44138e+06,6.79999e+06,1.14976e+07,4.42649e+06,6.79999e+06,1.14972e+07,4.40789e+06,6.79999e+06,1.14969e+07,4.38471e+06,6.79999e+06,1.14965e+07,4.35592e+06,6.79999e+06,1.1496e+07,4.32027e+06,6.79999e+06,1.14955e+07,4.27629e+06,6.79999e+06,1.14949e+07,4.22231e+06,6.79999e+06,1.14942e+07,4.15647e+06,6.79999e+06,1.14934e+07,4.07676e+06,6.79999e+06,1.14926e+07,3.98112e+06,6.79999e+06,1.14916e+07,3.86765e+06,6.79999e+06,1.14905e+07,3.73474e+06,6.79999e+06,1.14892e+07,3.58148e+06,6.79999e+06,1.14878e+07,3.40785e+06,6.79999e+06,1.14862e+07,3.21513e+06,6.79999e+06,1.14844e+07,3.00605e+06,6.79999e+06,1.14823e+07,2.7848e+06,6.79999e+06,1.148e+07,2.5568e+06,6.79999e+06,1.14773e+07,2.32825e+06,6.79999e+06,13.5742,8.52444,0.508366,16.8306,13.2585,0.162638,20.0035,17.569,0.0507846,23.2616,22.4214,0.0158319,26.7328,28.3297,0.00493498,30.5212,35.6974,0.00153831,34.7178,44.9473,0.000479527,39.4086,56.5822,0.000149456,44.6796,71.2245,4.66214e-05,50.6209,89.6543,1.45419e-05,57.3297,112.852,4.54748e-06,64.9129,142.051,1.43857e-06,73.4897,178.803,4.36618e-07,83.1934,225.062,1.40153e-07,94.1745,283.286,4.96378e-08,106.602,356.568,1.05434e-07,120.669,448.799,-6.49244e-08,136.59,564.873,1.70148e-07,154.611,710.948,-5.34594e-08,175.008,894.767,1.63407e-07,198.097,1126.06,8.04804e-08,224.231,1417.07,1.14667e-07,253.813,1783.15,-1.71227e-07,287.297,2243.62,-2.88466e-07,325.198,2822.67,-4.33651e-07,368.098,3550.67,7.9318e-08,416.657,4465.65,3.13319e-07,471.621,5615.16,3.4613e-07,533.835,7058.61,-1.19199e-07,604.255,8870.02,-2.79964e-07,683.962,11141.4,-2.30521e-07,774.182,13986.7,-2.55099e-07,876.299,17546.4,1.23585e-07,991.883,21993.1,1.41192e-07,1122.71,27536.7,-9.71886e-08,1270.78,34430.7,-3.68368e-07,1438.38,42977.7,-3.45379e-07,1628.07,53532.7,-3.25328e-09,1842.77,66504.6,2.6362e-07,2085.77,82350.2,2.53445e-07,2360.79,101560,-2.47407e-08,2672.05,124632,-3.80602e-07,3024.31,152018,-4.79005e-07,3422.98,184060,-1.14379e-07,3874.15,220884,2.64297e-07,4384.72,262283,3.44131e-07,4962.49,307576,7.5349e-08,5616.29,355497,-3.63097e-07,6356.1,404126,-6.05442e-07,7193.18,450932,-2.72333e-07,8140.28,492963,2.29675e-07,9211.79,527178,4.3387e-07,10424,550893,-1.0711e-07,10.102,8.06553,2.81012,10.6436,8.57909,0.869423,11.5336,10.2515,0.270869,12.7211,12.7138,0.0844293,14.1823,15.9373,0.0263173,15.9122,20.0383,0.0082035,17.9198,25.2154,0.00255722,20.2244,31.7373,0.000797017,22.8539,39.9486,0.000248622,25.8438,50.2851,7.75492e-05,29.237,63.2963,2.42508e-05,33.0837,79.6738,7.67162e-06,37.4415,100.288,2.32837e-06,42.3767,126.236,7.33e-07,47.9646,158.896,2.79256e-07,54.2906,200.003,9.87351e-09,61.452,251.741,1.61085e-07,69.5585,316.859,-2.47141e-07,78.7347,398.812,8.93552e-08,89.1218,501.948,-2.53231e-07,100.879,631.736,-1.25047e-07,114.188,795.049,-1.78808e-07,129.252,1000.53,2.6733e-07,146.304,1259.03,4.50292e-07,165.605,1584.19,6.76904e-07,187.452,1993.12,-1.23808e-07,212.181,2507.27,-4.89068e-07,240.173,3153.54,-5.40284e-07,271.856,3965.56,1.86061e-07,307.719,4985.38,4.37004e-07,348.313,6265.4,3.59828e-07,394.26,7870.83,3.98192e-07,446.268,9882.51,-1.92908e-07,505.135,12400.3,-2.20392e-07,571.766,15546.9,1.51705e-07,647.184,19472.2,5.74996e-07,732.547,24357.4,5.39112e-07,829.167,30420,5.07815e-09,938.526,37916.3,-4.11492e-07,1062.3,47143.9,-3.9561e-07,1202.4,58439.2,3.86185e-08,1360.96,72169.3,5.94093e-07,1540.42,88715.8,7.47693e-07,1743.53,108445,1.78537e-07,1973.41,131665,-4.12549e-07,2233.57,158557,-5.37164e-07,2528,189103,-1.17615e-07,2861.2,222986,5.66769e-07,3238.27,259510,9.45053e-07,3664.97,297540,4.25093e-07,4147.81,335497,-3.58506e-07,4694.17,371444,-6.7724e-07,5312.37,403256,1.67192e-07,1.61744,3.89446,9.84394,3.28846,7.5504,12.774,5.07607,11.7187,13.6844,7.03202,16.8147,13.9681,9.20215,23.1769,14.0566,11.6301,31.1672,14.0841,14.3598,41.2186,14.0927,17.4376,53.8688,14.0954,20.9137,69.7915,14.0962,24.8432,89.8341,14.0965,29.2879,115.063,14.0966,34.3168,146.819,14.0966,40.0078,186.792,14.0966,46.4487,237.107,14.0966,53.7388,300.44,14.0966,61.9903,380.158,14.0966,71.3301,480.499,14.0966,81.902,606.796,14.0966,93.8685,765.761,14.0966,107.414,965.837,14.0966,122.746,1217.65,14.0966,140.101,1534.57,14.0966,159.745,1933.41,14.0966,181.981,2435.3,14.0966,207.15,3066.85,14.0966,235.64,3861.46,14.0966,267.889,4861.11,14.0966,304.391,6118.54,14.0966,345.709,7699.91,14.0966,392.478,9688.22,14.0966,445.417,12187.5,14.0966,505.339,15327.7,14.0966,573.165,19271.6,14.0966,649.938,24222,14.0966,736.839,30430.9,14.0966,835.202,38211.5,14.0966,946.539,47950.3,14.0966,1072.56,60122.8,14.0966,1215.21,75309.9,14.0966,1376.66,94216.2,14.0966,1559.41,117688,14.0966,1766.26,146729,14.0966,2000.39,182510,14.0966,2265.39,226372,14.0966,2565.33,279806,14.0966,2904.81,344416,14.0966,3289.05,421845,14.0966,3723.93,513667,14.0966,4216.13,621231,14.0966,4773.18,745478,14.0966,5403.64,886744,14.0966,6117.15,1.04457e+06,14.0966,6924.63,1.2176e+06,14.0966,11.7194,11.96,12.6541,13.9321,16.1295,13.6434,16.6097,21.9702,13.9553,19.7532,29.5285,14.0526,23.3844,39.1143,14.0829,27.5423,51.2054,14.0923,32.2796,66.434,14.0953,37.662,85.6061,14.0962,43.7675,109.74,14.0965,50.687,140.119,14.0966,58.5249,178.359,14.0966,67.4005,226.493,14.0966,77.4493,287.08,14.0966,88.8254,363.343,14.0966,101.703,459.336,14.0966,116.281,580.161,14.0966,132.782,732.241,14.0966,151.46,923.655,14.0966,172.603,1164.57,14.0966,196.535,1467.79,14.0966,223.625,1849.39,14.0966,254.288,2329.62,14.0966,288.997,2933.93,14.0966,328.285,3694.33,14.0966,372.755,4651.04,14.0966,423.092,5854.57,14.0966,480.07,7368.38,14.0966,544.564,9272.08,14.0966,617.566,11665.5,14.0966,700.197,14673.6,14.0966,793.729,18452.9,14.0966,899.599,23198.6,14.0966,1019.43,29154.1,14.0966,1155.07,36622.3,14.0966,1308.6,45977.9,14.0966,1482.39,57683.7,14.0966,1679.09,72307.8,14.0966,1901.73,90542.8,14.0966,2153.73,113226,14.0966,2438.97,141360,14.0966,2761.81,176127,14.0966,3127.22,218898,14.0966,3540.81,271226,14.0966,4008.92,334817,14.0966,4538.74,411470,14.0966,5138.38,502973,14.0966,5817.04,610948,14.0966,6585.12,736653,14.0966,7454.39,880741,14.0966,8438.15,1.04302e+06,14.0966,9551.45,1.22224e+06,14.0966,10811.3,1.41602e+06,14.0966,12237,1.62086e+06,14.0966,11.7194,11.96,12.6541,2.21263,4.16949,0.989383,2.67766,5.84076,0.311842,3.14343,7.55825,0.0972771,3.63127,9.58578,0.0303237,4.15787,12.0912,0.00945211,4.73731,15.2286,0.00294633,5.38238,19.1721,0.000918508,6.10553,24.134,0.000286163,6.91951,30.3791,8.92692e-05,7.83792,38.2397,2.78121e-05,8.87555,48.1338,8.65134e-06,10.0489,60.5876,2.7882e-06,11.3761,76.2629,8.29036e-07,12.8779,95.9927,2.4373e-07,14.5775,120.825,4.33068e-09,16.5012,152.08,1.75749e-07,18.6784,191.415,-1.86328e-07,21.1428,240.917,1.91829e-07,23.9322,303.213,-1.81475e-07,27.0895,381.602,7.0186e-08,30.6634,480.231,-2.86769e-08,34.7087,604.316,2.40784e-07,39.2876,760.401,9.87368e-08,44.4705,956.705,1.22263e-07,50.3371,1203.54,-4.31966e-07,56.9776,1513.81,-1.9705e-07,64.494,1903.69,-2.763e-08,73.0018,2393.4,3.9185e-07,82.6317,3008.13,1.35379e-07,93.5318,3779.25,-4.16351e-08,105.869,4745.7,2.06965e-08,119.834,5955.6,-3.18887e-07,135.641,7468.12,-1.48271e-08,153.531,9355.62,2.00739e-07,173.781,11705.8,2.28358e-07,196.701,14624.1,-1.93587e-08,222.642,18235,-2.88101e-07,252.003,22683.4,-2.24732e-07,285.234,28134,8.56806e-09,322.845,34767,2.34258e-07,365.413,42770.9,2.99668e-07,413.588,52327.9,8.28644e-08,468.111,63591.2,-3.07049e-07,529.814,76653.2,-3.1888e-07,599.642,91502.5,-6.72276e-08,678.662,107975,2.26339e-07,768.083,125705,3.69212e-07,869.267,144088,2.04077e-07,983.76,162277,-2.80509e-07,1113.3,179223,-4.22737e-07,1259.87,193777,-1.71951e-07,1425.68,204839,4.55555e-07,11.7194,11.96,12.6541,2.21263,4.16949,0.989383,2.67766,5.84076,0.311842,3.14343,7.55825,0.0972771,3.63127,9.58578,0.0303237,4.15787,12.0912,0.00945211,4.73731,15.2286,0.00294633,5.38238,19.1721,0.000918508,6.10553,24.134,0.000286163,6.91951,30.3791,8.92692e-05,7.83792,38.2397,2.78121e-05,8.87555,48.1338,8.65134e-06,10.0489,60.5876,2.7882e-06,11.3761,76.2629,8.29036e-07,12.8779,95.9927,2.4373e-07,14.5775,120.825,1e-08,16.5012,152.08,1.75749e-07,18.6784,191.415,1e-08,21.1428,240.917,1.91829e-07,23.9322,303.213,1e-08,27.0895,381.602,7.0186e-08,30.6634,480.231,1e-08,34.7087,604.316,2.40784e-07,39.2876,760.401,9.87368e-08,44.4705,956.705,1.22263e-07,50.3371,1203.54,1e-08,56.9776,1513.81,1e-08,64.494,1903.69,1e-08,73.0018,2393.4,3.9185e-07,82.6317,3008.13,1.35379e-07,93.5318,3779.25,1e-08,105.869,4745.7,2.06965e-08,119.834,5955.6,1e-08,135.641,7468.12,1e-08,153.531,9355.62,2.00739e-07,173.781,11705.8,2.28358e-07,196.701,14624.1,1e-08,222.642,18235,1e-08,252.003,22683.4,1e-08,285.234,28134,1e-08,322.845,34767,2.34258e-07,365.413,42770.9,2.99668e-07,413.588,52327.9,8.28644e-08,468.111,63591.2,1e-08,529.814,76653.2,1e-08,599.642,91502.5,1e-08,678.662,107975,2.26339e-07,768.083,125705,3.69212e-07,869.267,144088,2.04077e-07,983.76,162277,1e-08,1113.3,179223,1e-08,1259.87,193777,1e-08,1425.68,204839,4.55555e-07,6.2823,3.27286,2.43537,0.219672,6.18826,2.24117,0.56371,6.87772,2.63624,0.308279,10,15,18,3,5,3,3,5,0,1,11,0,4,8,0,1,6,0,7,26,0,6,27,0,8,24,0,16,28,0,6,75,0,2,15,0,17,60,0,5,50,0,21,26,0,18,27,0,23,151,0,16,176,0,26,420,0,27,209,0,36,309,0,44,478,0,69,1343,0,39,737,0,17,734,0,35,3057,0,30,1245,0,46,1718,0,62,1851,0,53,5824,0,116,2389,0,139,4070,0,142,8353,0,69,6791,0,179,11270,0,157,12462,0,145,12339,0,153,11868,0,339,25856,0,174,21997,0,200,41176,0,345,39380,0,201,50955,0,316,88433,0,506,99177,0,939,152665,0,1354,143786,0,940,94213,0,373,97956,0,782,129527,0,678,103154,0,1117,129197,0,1657,189276,0
-1.05176e+08,1,8.88811e-15,10,1023,0,1.05176e+08,0.528882,1.08665,0.389689,0.145397,0.379329,3.24381,0.161596,0.446195,1.77396,0.159177,1.15e+07,4.49998e+06,6.79999e+06,1.15e+07,4.49997e+06,6.79999e+06,1.15e+07,4.49996e+06,6.79999e+06,1.15e+07,4.49995e+06,6.79999e+06,1.14999e+07,4.49993e+06,6.79999e+06,1.14999e+07,4.49991e+06,6.79999e+06,1.14999e+07,4.49989e+06,6.79999e+06,1.14999e+07,4.49986e+06,6.79999e+06,1.14999e+07,4.49982e+06,6.79999e+06,1.14999e+07,4.49977e+06,6.79999e+06,1.14999e+07,4.49971e+06,6.79999e+06,1.14999e+07,4.49963e+06,6.79999e+06,1.14998e+07,4.49953e+06,6.79999e+06,1.14998e+07,4.49941e+06,6.79999e+06,1.14998e+07,4.49926e+06,6.79999e+06,1.14998e+07,4.49906e+06,6.79999e+06,1.14997e+07,4.49882e+06,6.79999e+06,1.14997e+07,4.49851e+06,6.79999e+06,1.14997e+07,4.49812e+06,6.79999e+06,1.14996e+07,4.49764e+06,6.79999e+06,1.14996e+07,4.49702e+06,6.79999e+06,1.14995e+07,4.49625e+06,6.79999e+06,1.14995e+07,4.49528e+06,6.79999e+06,1.14994e+07,4.49406e+06,6.79999e+06,1.14993e+07,4.49253e+06,6.79999e+06,1.14992e+07,4.49059e+06,6.79999e+06,1.14991e+07,4.48817e+06,6.79999e+06,1.1499e+07,4.48511e+06,6.79999e+06,1.14988e+07,4.48128e+06,6.79999e+06,1.14987e+07,4.47646e+06,6.79999e+06,1.14985e+07,4.47041e+06,6.79999e+06,1.14983e+07,4.46281e+06,6.79999e+06,1.14981e+07,4.4533e+06,6.79999e+06,1.14979e+07,4.44138e+06,6.79999e+06,1.14976e+07,4.42649e+06,6.79999e+06,1.14972e+07,4.40789e+06,6.79999e+06,1.14969e+07,4.38471e+06,6.79999e+06,1.14965e+07,4.35592e+06,6.79999e+06,1.1496e+07,4.32027e+06,6.79999e+06,1.14955e+07,4.27629e+06,6.79999e+06,1.14949e+07,4.22231e+06,6.79999e+06,1.14942e+07,4.15647e+06,6.79999e+06,1.14934e+07,4.07676e+06,6.79999e+06,1.14926e+07,3.98112e+06,6.79999e+06,1.14916e+07,3.86765e+06,6.79999e+06,1.14905e+07,3.73474e+06,6.79999e+06,1.14892e+07,3.58148e+06,6.79999e+06,1.14878e+07,3.40785e+06,6.79999e+06,1.14862e+07,3.21513e+06,6.79999e+06,1.14844e+07,3.00605e+06,6.79999e+06,1.14823e+07,2.7848e+06,6.79999e+06,1.148e+07,2.5568e+06,6.79999e+06,1.14773e+07,2.32825e+06,6.79999e+06,13.5742,8.52444,0.508366,16.8306,13.2585,0.162638,20.0035,17.569,0.0507846,23.2616,22.4214,0.0158319,26.7328,28.3297,0.00493498,30.5212,35.6974,0.00153831,34.7178,44.9473,0.000479527,39.4086,56.5822,0.000149456,44.6796,71.2245,4.66214e-05,50.6209,89.6543,1.45419e-05,57.3297,112.852,4.54748e-06,64.9129,142.051,1.43857e-06,73.4897,178.803,4.36618e-07,83.1934,225.062,1.40153e-07,94.1745,283.286,4.96378e-08,106.602,356.568,1.05434e-07,120.669,448.799,-6.49244e-08,136.59,564.873,1.70148e-07,154.611,710.948,-5.34594e-08,175.008,894.767,1.63407e-07,198.097,1126.06,8.04804e-08,224.231,1417.07,1.14667e-07,253.813,1783.15,-1.71227e-07,287.297,2243.62,-2.88466e-07,325.198,2822.67,-4.33651e-07,368.098,3550.67,7.9318e-08,416.657,4465.65,3.13319e-07,471.621,5615.16,3.4613e-07,533.835,7058.61,-1.19199e-07,604.255,8870.02,-2.79964e-07,683.962,11141.4,-2.30521e-07,774.182,13986.7,-2.55099e-07,876.299,17546.4,1.23585e-07,991.883,21993.1,1.41192e-07,1122.71,27536.7,-9.71886e-08,1270.78,34430.7,-3.68368e-07,1438.38,42977.7,-3.45379e-07,1628.07,53532.7,-3.25328e-09,1842.77,66504.6,2.6362e-07,2085.77,82350.2,2.53445e-07,2360.79,101560,-2.47407e-08,2672.05,124632,-3.80602e-07,3024.31,152018,-4.79005e-07,3422.98,184060,-1.14379e-07,3874.15,220884,2.64297e-07,4384.72,262283,3.44131e-07,4962.49,307576,7.5349e-08,5616.29,355497,-3.63097e-07,6356.1,404126,-6.05442e-07,7193.18,450932,-2.72333e-07,8140.28,492963,2.29675e-07,9211.79,527178,4.3387e-07,10424,550893,-1.0711e-07,10.102,8.06553,2.81012,10.6436,8.57909,0.869423,11.5336,10.2515,0.270869,12.7211,12.7138,0.0844293,14.1823,15.9373,0.0263173,15.9122,20.0383,0.0082035,17.9198,25.2154,0.00255722,20.2244,31.7373,0.000797017,22.8539,39.9486,0.000248622,25.8438,50.2851,7.75492e-05,29.237,63.2963,2.42508e-05,33.0837,79.6738,7.67162e-06,37.4415,100.288,2.32837e-06,42.3767,126.236,7.33e-07,47.9646,158.896,2.79256e-07,54.2906,200.003,9.87351e-09,61.452,251.741,1.61085e-07,69.5585,316.859,-2.47141e-07,78.7347,398.812,8.93552e-08,89.1218,501.948,-2.53231e-07,100.879,631.736,-1.25047e-07,114.188,795.049,-1.78808e-07,129.252,1000.53,2.6733e-07,146.304,1259.03,4.50292e-07,165.605,1584.19,6.76904e-07,187.452,1993.12,-1.23808e-07,212.181,2507.27,-4.89068e-07,240.173,3153.54,-5.40284e-07,271.856,3965.56,1.86061e-07,307.719,4985.38,4.37004e-07,348.313,6265.4,3.59828e-07,394.26,7870.83,3.98192e-07,446.268,9882.51,-1.92908e-07,505.135,12400.3,-2.20392e-07,571.766,15546.9,1.51705e-07,647.184,19472.2,5.74996e-07,732.547,24357.4,5.39112e-07,829.167,30420,5.07815e-09,938.526,37916.3,-4.11492e-07,1062.3,47143.9,-3.9561e-07,1202.4,58439.2,3.86185e-08,1360.96,72169.3,5.94093e-07,1540.42,88715.8,7.47693e-07,1743.53,108445,1.78537e-07,1973.41,131665,-4.12549e-07,2233.57,158557,-5.37164e-07,2528,189103,-1.17615e-07,2861.2,222986,5.66769e-07,3238.27,259510,9.45053e-07,3664.97,297540,4.25093e-07,4147.81,335497,-3.58506e-07,4694.17,371444,-6.7724e-07,5312.37,403256,1.67192e-07,1.61744,3.89446,9.84394,3.28846,7.5504,12.774,5.07607,11.7187,13.6844,7.03202,16.8147,13.9681,9.20215,23.1769,14.0566,11.6301,31.1672,14.0841,14.3598,41.2186,14.0927,17.4376,53.8688,14.0954,20.9137,69.7915,14.0962,24.8432,89.8341,14.0965,29.2879,115.063,14.0966,34.3168,146.819,14.0966,40.0078,186.792,14.0966,46.4487,237.107,14.0966,53.7388,300.44,14.0966,61.9903,380.158,14.0966,71.3301,480.499,14.0966,81.902,606.796,14.0966,93.8685,765.761,14.0966,107.414,965.837,14.0966,122.746,1217.65,14.0966,140.101,1534.57,14.0966,159.745,1933.41,14.0966,181.981,2435.3,14.0966,207.15,3066.85,14.0966,235.64,3861.46,14.0966,267.889,4861.11,14.0966,304.391,6118.54,14.0966,345.709,7699.91,14.0966,392.478,9688.22,14.0966,445.417,12187.5,14.0966,505.339,15327.7,14.0966,573.165,19271.6,14.0966,649.938,24222,14.0966,736.839,30430.9,14.0966,835.202,38211.5,14.0966,946.539,47950.3,14.0966,1072.56,60122.8,14.0966,1215.21,75309.9,14.0966,1376.66,94216.2,14.0966,1559.41,117688,14.0966,1766.26,146729,14.0966,2000.39,182510,14.0966,2265.39,226372,14.0966,2565.33,279806,14.0966,2904.81,344416,14.0966,3289.05,421845,14.0966,3723.93,513667,14.0966,4216.13,621231,14.0966,4773.18,745478,14.0966,5403.64,886744,14.0966,6117.15,1.04457e+06,14.0966,6924.63,1.2176e+06,14.0966,11.7194,11.96,12.6541,13.9321,16.1295,13.6434,16.6097,21.9702,13.9553,19.7532,29.5285,14.0526,23.3844,39.1143,14.0829,27.5423,51.2054,14.0923,32.2796,66.434,14.0953,37.662,85.6061,14.0962,43.7675,109.74,14.0965,50.687,140.119,14.0966,58.5249,178.359,14.0966,67.4005,226.493,14.0966,77.4493,287.08,14.0966,88.8254,363.343,14.0966,101.703,459.336,14.0966,116.281,580.161,14.0966,132.782,732.241,14.0966,151.46,923.655,14.0966,172.603,1164.57,14.0966,196.535,1467.79,14.0966,223.625,1849.39,14.0966,254.288,2329.62,14.0966,288.997,2933.93,14.0966,328.285,3694.33,14.0966,372.755,4651.04,14.0966,423.092,5854.57,14.0966,480.07,7368.38,14.0966,544.564,9272.08,14.0966,617.566,11665.5,14.0966,700.197,14673.6,14.0966,793.729,18452.9,14.0966,899.599,23198.6,14.0966,1019.43,29154.1,14.0966,1155.07,36622.3,14.0966,1308.6,45977.9,14.0966,1482.39,57683.7,14.0966,1679.09,72307.8,14.0966,1901.73,90542.8,14.0966,2153.73,113226,14.0966,2438.97,141360,14.0966,2761.81,176127,14.0966,3127.22,218898,14.0966,3540.81,271226,14.0966,4008.92,334817,14.0966,4538.74,411470,14.0966,5138.38,502973,14.0966,5817.04,610948,14.0966,6585.12,736653,14.0966,7454.39,880741,14.0966,8438.15,1.04302e+06,14.0966,9551.45,1.22224e+06,14.0966,10811.3,1.41602e+06,14.0966,12237,1.62086e+06,14.0966,11.7194,11.96,12.6541,2.21263,4.16949,0.989383,2.67766,5.84076,0.311842,3.14343,7.55825,0.0972771,3.63127,9.58578,0.0303237,4.15787,12.0912,0.00945211,4.73731,15.2286,0.00294633,5.38238,19.1721,0.000918508,6.10553,24.134,0.000286163,6.91951,30.3791,8.92692e-05,7.83792,38.2397,2.78121e-05,8.87555,48.1338,8.65134e-06,10.0489,60.5876,2.7882e-06,11.3761,76.2629,8.29036e-07,12.8779,95.9927,2.4373e-07,14.5775,120.825,4.33068e-09,16.5012,152.08,1.75749e-07,18.6784,191.415,-1.86328e-07,21.1428,240.917,1.91829e-07,23.9322,303.213,-1.81475e-07,27.0895,381.602,7.0186e-08,30.6634,480.231,-2.86769e-08,34.7087,604.316,2.40784e-07,39.2876,760.401,9.87368e-08,44.4705,956.705,1.22263e-07,50.3371,1203.54,-4.31966e-07,56.9776,1513.81,-1.9705e-07,64.494,1903.69,-2.763e-08,73.0018,2393.4,3.9185e-07,82.6317,3008.13,1.35379e-07,93.5318,3779.25,-4.16351e-08,105.869,4745.7,2.06965e-08,119.834,5955.6,-3.18887e-07,135.641,7468.12,-1.48271e-08,153.531,9355.62,2.00739e-07,173.781,11705.8,2.28358e-07,196.701,14624.1,-1.93587e-08,222.642,18235,-2.88101e-07,252.003,22683.4,-2.24732e-07,285.234,28134,8.56806e-09,322.845,34767,2.34258e-07,365.413,42770.9,2.99668e-07,413.588,52327.9,8.28644e-08,468.111,63591.2,-3.07049e-07,529.814,76653.2,-3.1888e-07,599.642,91502.5,-6.72276e-08,678.662,107975,2.26339e-07,768.083,125705,3.69212e-07,869.267,144088,2.04077e-07,983.76,162277,-2.80509e-07,1113.3,179223,-4.22737e-07,1259.87,193777,-1.71951e-07,1425.68,204839,4.55555e-07,11.7194,11.96,12.6541,2.21263,4.16949,0.989383,2.67766,5.84076,0.311842,3.14343,7.55825,0.0972771,3.63127,9.58578,0.0303237,4.15787,12.0912,0.00945211,4.73731,15.2286,0.00294633,5.38238,19.1721,0.000918508,6.10553,24.134,0.000286163,6.91951,30.3791,8.92692e-05,7.83792,38.2397,2.78121e-05,8.87555,48.1338,8.65134e-06,10.0489,60.5876,2.7882e-06,11.3761,76.2629,8.29036e-07,12.8779,95.9927,2.4373e-07,14.5775,120.825,1e-08,16.5012,152.08,1.75749e-07,18.6784,191.415,1e-08,21.1428,240.917,1.91829e-07,23.9322,303.213,1e-08,27.0895,381.602,7.0186e-08,30.6634,480.231,1e-08,34.7087,604.316,2.40784e-07,39.2876,760.401,9.87368e-08,44.4705,956.705,1.22263e-07,50.3371,1203.54,1e-08,56.9776,1513.81,1e-08,64.494,1903.69,1e-08,73.0018,2393.4,3.9185e-07,82.6317,3008.13,1.35379e-07,93.5318,3779.25,1e-08,105.869,4745.7,2.06965e-08,119.834,5955.6,1e-08,135.641,7468.12,1e-08,153.531,9355.62,2.00739e-07,173.781,11705.8,2.28358e-07,196.701,14624.1,1e-08,222.642,18235,1e-08,252.003,22683.4,1e-08,285.234,28134,1e-08,322.845,34767,2.34258e-07,365.413,42770.9,2.99668e-07,413.588,52327.9,8.28644e-08,468.111,63591.2,1e-08,529.814,76653.2,1e-08,599.642,91502.5,1e-08,678.662,107975,2.26339e-07,768.083,125705,3.69212e-07,869.267,144088,2.04077e-07,983.76,162277,1e-08,1113.3,179223,1e-08,1259.87,193777,1e-08,1425.68,204839,4.55555e-07,6.2823,3.27286,2.43537,0.219672,6.18826,2.24117,0.56371,6.87772,2.63624,0.308279,15,9,3,2,2,2,5,1,0,3,13,1,3,11,0,3,10,0,12,20,0,6,18,0,9,19,0,3,23,0,2,32,0,4,29,0,9,89,0,12,86,0,11,77,0,21,112,0,12,119,0,16,85,0,33,135,0,16,206,0,28,364,0,8,360,0,27,1060,0,21,742,0,37,1040,0,27,1846,0,71,1751,0,46,2245,0,141,2749,0,195,2781,0,85,1777,0,45,6934,0,88,9939,0,113,8623,0,225,1744,0,256,14396,0,266,8111,0,243,27077,0,235,14495,0,123,50810,0,242,56421,0,162,21716,0,306,42044,0,490,65060,0,458,52102,0,407,89805,0,561,115013,0,431,55829,0,560,62309,0,1126,189960,0,1093,238964,0,1915,182004,0,1288,147015,0
-1.05176e+08,1,8.88811e-15,10,1023,0,1.05176e+08,0.528882,1.08665,0.389689,0.145397,0.379329,3.24381,0.161596,0.446195,1.77396,0.159177,1.15e+07,4.49998e+06,6.79999e+06,1.15e+07,4.49997e+06,6.79999e+06,1.15e+07,4.49996e+06,6.79999e+06,1.15e+07,4.49995e+06,6.79999e+06,1.14999e+07,4.49993e+06,6.79999e+06,1.14999e+07,4.49991e+06,6.79999e+06,1.14999e+07,4.49989e+06,6.79999e+06,1.14999e+07,4.49986e+06,6.79999e+06,1.14999e+07,4.49982e+06,6.79999e+06,1.14999e+07,4.49977e+06,6.79999e+06,1.14999e+07,4.49971e+06,6.79999e+06,1.14999e+07,4.49963e+06,6.79999e+06,1.14998e+07,4.49953e+06,6.79999e+06,1.14998e+07,4.49941e+06,6.79999e+06,1.14998e+07,4.49926e+06,6.79999e+06,1.14998e+07,4.49906e+06,6.79999e+06,1.14997e+07,4.49882e+06,6.79999e+06,1.14997e+07,4.49851e+06,6.79999e+06,1.14997e+07,4.49812e+06,6.79999e+06,1.14996e+07,4.49764e+06,6.79999e+06,1.14996e+07,4.49702e+06,6.79999e+06,1.14995e+07,4.49625e+06,6.79999e+06,1.14995e+07,4.49528e+06,6.79999e+06,1.14994e+07,4.49406e+06,6.79999e+06,1.14993e+07,4.49253e+06,6.79999e+06,1.14992e+07,4.49059e+06,6.79999e+06,1.14991e+07,4.48817e+06,6.79999e+06,1.1499e+07,4.48511e+06,6.79999e+06,1.14988e+07,4.48128e+06,6.79999e+06,1.14987e+07,4.47646e+06,6.79999e+06,1.14985e+07,4.47041e+06,6.79999e+06,1.14983e+07,4.46281e+06,6.79999e+06,1.14981e+07,4.4533e+06,6.79999e+06,1.14979e+07,4.44138e+06,6.79999e+06,1.14976e+07,4.42649e+06,6.79999e+06,1.14972e+07,4.40789e+06,6.79999e+06,1.14969e+07,4.38471e+06,6.79999e+06,1.14965e+07,4.35592e+06,6.79999e+06,1.1496e+07,4.32027e+06,6.79999e+06,1.14955e+07,4.27629e+06,6.79999e+06,1.14949e+07,4.22231e+06,6.79999e+06,1.14942e+07,4.15647e+06,6.79999e+06,1.14934e+07,4.07676e+06,6.79999e+06,1.14926e+07,3.98112e+06,6.79999e+06,1.14916e+07,3.86765e+06,6.79999e+06,1.14905e+07,3.73474e+06,6.79999e+06,1.14892e+07,3.58148e+06,6.79999e+06,1.14878e+07,3.40785e+06,6.79999e+06,1.14862e+07,3.21513e+06,6.79999e+06,1.14844e+07,3.00605e+06,6.79999e+06,1.14823e+07,2.7848e+06,6.79999e+06,1.148e+07,2.5568e+06,6.79999e+06,1.14773e+07,2.32825e+06,6.79999e+06,13.5742,8.52444,0.508366,16.8306,13.2585,0.162638,20.0035,17.569,0.0507846,23.2616,22.4214,0.0158319,26.7328,28.3297,0.00493498,30.5212,35.6974,0.00153831,34.7178,44.9473,0.000479527,39.4086,56.5822,0.000149456,44.6796,71.2245,4.66214e-05,50.6209,89.6543,1.45419e-05,57.3297,112.852,4.54748e-06,64.9129,142.051,1.43857e-06,73.4897,178.803,4.36618e-07,83.1934,225.062,1.40153e-07,94.1745,283.286,4.96378e-08,106.602,356.568,1.05434e-07,120.669,448.799,-6.49244e-08,136.59,564.873,1.70148e-07,154.611,710.948,-5.34594e-08,175.008,894.767,1.63407e-07,198.097,1126.06,8.04804e-08,224.231,1417.07,1.14667e-07,253.813,1783.15,-1.71227e-07,287.297,2243.62,-2.88466e-07,325.198,2822.67,-4.33651e-07,368.098,3550.67,7.9318e-08,416.657,4465.65,3.13319e-07,471.621,5615.16,3.4613e-07,533.835,7058.61,-1.19199e-07,604.255,8870.02,-2.79964e-07,683.962,11141.4,-2.30521e-07,774.182,13986.7,-2.55099e-07,876.299,17546.4,1.23585e-07,991.883,21993.1,1.41192e-07,1122.71,27536.7,-9.71886e-08,1270.78,34430.7,-3.68368e-07,1438.38,42977.7,-3.45379e-07,1628.07,53532.7,-3.25328e-09,1842.77,66504.6,2.6362e-07,2085.77,82350.2,2.53445e-07,2360.79,101560,-2.47407e-08,2672.05,124632,-3.80602e-07,3024.31,152018,-4.79005e-07,3422.98,184060,-1.14379e-07,3874.15,220884,2.64297e-07,4384.72,262283,3.44131e-07,4962.49,307576,7.5349e-08,5616.29,355497,-3.63097e-07,6356.1,404126,-6.05442e-07,7193.18,450932,-2.72333e-07,8140.28,492963,2.29675e-07,9211.79,527178,4.3387e-07,10424,550893,-1.0711e-07,10.102,8.06553,2.81012,10.6436,8.57909,0.869423,11.5336,10.2515,0.270869,12.7211,12.7138,0.0844293,14.1823,15.9373,0.0263173,15.9122,20.0383,0.0082035,17.9198,25.2154,0.00255722,20.2244,31.7373,0.000797017,22.8539,39.9486,0.000248622,25.8438,50.2851,7.75492e-05,29.237,63.2963,2.42508e-05,33.0837,79.6738,7.67162e-06,37.4415,100.288,2.32837e-06,42.3767,126.236,7.33e-07,47.9646,158.896,2.79256e-07,54.2906,200.003,9.87351e-09,61.452,251.741,1.61085e-07,69.5585,316.859,-2.47141e-07,78.7347,398.812,8.93552e-08,89.1218,501.948,-2.53231e-07,100.879,631.736,-1.25047e-07,114.188,795.049,-1.78808e-07,129.252,1000.53,2.6733e-07,146.304,1259.03,4.50292e-07,165.605,1584.19,6.76904e-07,187.452,1993.12,-1.23808e-07,212.181,2507.27,-4.89068e-07,240.173,3153.54,-5.40284e-07,271.856,3965.56,1.86061e-07,307.719,4985.38,4.37004e-07,348.313,6265.4,3.59828e-07,394.26,7870.83,3.98192e-07,446.268,9882.51,-1.92908e-07,505.135,12400.3,-2.20392e-07,571.766,15546.9,1.51705e-07,647.184,19472.2,5.74996e-07,732.547,24357.4,5.39112e-07,829.167,30420,5.07815e-09,938.526,37916.3,-4.11492e-07,1062.3,47143.9,-3.9561e-07,1202.4,58439.2,3.86185e-08,1360.96,72169.3,5.94093e-07,1540.42,88715.8,7.47693e-07,1743.53,108445,1.78537e-07,1973.41,131665,-4.12549e-07,2233.57,158557,-5.37164e-07,2528,189103,-1.17615e-07,2861.2,222986,5.66769e-07,3238.27,259510,9.45053e-07,3664.97,297540,4.25093e-07,4147.81,335497,-3.58506e-07,4694.17,371444,-6.7724e-07,5312.37,403256,1.67192e-07,1.61744,3.89446,9.84394,3.28846,7.5504,12.774,5.07607,11.7187,13.6844,7.03202,16.8147,13.9681,9.20215,23.1769,14.0566,11.6301,31.1672,14.0841,14.3598,41.2186,14.0927,17.4376,53.8688,14.0954,20.9137,69.7915,14.0962,24.8432,89.8341,14.0965,29.2879,115.063,14.0966,34.3168,146.819,14.0966,40.0078,186.792,14.0966,46.4487,237.107,14.0966,53.7388,300.44,14.0966,61.9903,380.158,14.0966,71.3301,480.499,14.0966,81.902,606.796,14.0966,93.8685,765.761,14.0966,107.414,965.837,14.0966,122.746,1217.65,14.0966,140.101,1534.57,14.0966,159.745,1933.41,14.0966,181.981,2435.3,14.0966,207.15,3066.85,14.0966,235.64,3861.46,14.0966,267.889,4861.11,14.0966,304.391,6118.54,14.0966,345.709,7699.91,14.0966,392.478,9688.22,14.0966,445.417,12187.5,14.0966,505.339,15327.7,14.0966,573.165,19271.6,14.0966,649.938,24222,14.0966,736.839,30430.9,14.0966,835.202,38211.5,14.0966,946.539,47950.3,14.0966,1072.56,60122.8,14.0966,1215.21,75309.9,14.0966,1376.66,94216.2,14.0966,1559.41,117688,14.0966,1766.26,146729,14.0966,2000.39,182510,14.0966,2265.39,226372,14.0966,2565.33,279806,14.0966,2904.81,344416,14.0966,3289.05,421845,14.0966,3723.93,513667,14.0966,4216.13,621231,14.0966,4773.18,745478,14.0966,5403.64,886744,14.0966,6117.15,1.04457e+06,14.0966,6924.63,1.2176e+06,14.0966,11.7194,11.96,12.6541,13.9321,16.1295,13.6434,16.6097,21.9702,13.9553,19.7532,29.5285,14.0526,23.3844,39.1143,14.0829,27.5423,51.2054,14.0923,32.2796,66.434,14.0953,37.662,85.6061,14.0962,43.7675,109.74,14.0965,50.687,140.119,14.0966,58.5249,178.359,14.0966,67.4005,226.493,14.0966,77.4493,287.08,14.0966,88.8254,363.343,14.0966,101.703,459.336,14.0966,116.281,580.161,14.0966,132.782,732.241,14.0966,151.46,923.655,14.0966,172.603,1164.57,14.0966,196.535,1467.79,14.0966,223.625,1849.39,14.0966,254.288,2329.62,14.0966,288.997,2933.93,14.0966,328.285,3694.33,14.0966,372.755,4651.04,14.0966,423.092,5854.57,14.0966,480.07,7368.38,14.0966,544.564,9272.08,14.0966,617.566,11665.5,14.0966,700.197,14673.6,14.0966,793.729,18452.9,14.0966,899.599,23198.6,14.0966,1019.43,29154.1,14.0966,1155.07,36622.3,14.0966,1308.6,45977.9,14.0966,1482.39,57683.7,14.0966,1679.09,72307.8,14.0966,1901.73,90542.8,14.0966,2153.73,113226,14.0966,2438.97,141360,14.0966,2761.81,176127,14.0966,3127.22,218898,14.0966,3540.81,271226,14.0966,4008.92,334817,14.0966,4538.74,411470,14.0966,5138.38,502973,14.0966,5817.04,610948,14.0966,6585.12,736653,14.0966,7454.39,880741,14.0966,8438.15,1.04302e+06,14.0966,9551.45,1.22224e+06,14.0966,10811.3,1.41602e+06,14.0966,12237,1.62086e+06,14.0966,11.7194,11.96,12.6541,2.21263,4.16949,0.989383,2.67766,5.84076,0.311842,3.14343,7.55825,0.0972771,3.63127,9.58578,0.0303237,4.15787,12.0912,0.00945211,4.73731,15.2286,0.00294633,5.38238,19.1721,0.000918508,6.10553,24.134,0.000286163,6.91951,30.3791,8.92692e-05,7.83792,38.2397,2.78121e-05,8.87555,48.1338,8.65134e-06,10.0489,60.5876,2.7882e-06,11.3761,76.2629,8.29036e-07,12.8779,95.9927,2.4373e-07,14.5775,120.825,4.33068e-09,16.5012,152.08,1.75749e-07,18.6784,191.415,-1.86328e-07,21.1428,240.917,1.91829e-07,23.9322,303.213,-1.81475e-07,27.0895,381.602,7.0186e-08,30.6634,480.231,-2.86769e-08,34.7087,604.316,2.40784e-07,39.2876,760.401,9.87368e-08,44.4705,956.705,1.22263e-07,50.3371,1203.54,-4.31966e-07,56.9776,1513.81,-1.9705e-07,64.494,1903.69,-2.763e-08,73.0018,2393.4,3.9185e-07,82.6317,3008.13,1.35379e-07,93.5318,3779.25,-4.16351e-08,105.869,4745.7,2.06965e-08,119.834,5955.6,-3.18887e-07,135.641,7468.12,-1.48271e-08,153.531,9355.62,2.00739e-07,173.781,11705.8,2.28358e-07,196.701,14624.1,-1.93587e-08,222.642,18235,-2.88101e-07,252.003,22683.4,-2.24732e-07,285.234,28134,8.56806e-09,322.845,34767,2.34258e-07,365.413,42770.9,2.99668e-07,413.588,52327.9,8.28644e-08,468.111,63591.2,-3.07049e-07,529.814,76653.2,-3.1888e-07,599.642,91502.5,-6.72276e-08,678.662,107975,2.26339e-07,768.083,125705,3.69212e-07,869.267,144088,2.04077e-07,983.76,162277,-2.80509e-07,1113.3,179223,-4.22737e-07,1259.87,193777,-1.71951e-07,1425.68,204839,4.55555e-07,11.7194,11.96,12.6541,2.21263,4.16949,0.989383,2.67766,5.84076,0.311842,3.14343,7.55825,0.0972771,3.63127,9.58578,0.0303237,4.15787,12.0912,0.00945211,4.73731,15.2286,0.00294633,5.38238,19.1721,0.000918508,6.10553,24.134,0.000286163,6.91951,30.3791,8.92692e-05,7.83792,38.2397,2.78121e-05,8.87555,48.1338,8.65134e-06,10.0489,60.5876,2.7882e-06,11.3761,76.2629,8.29036e-07,12.8779,95.9927,2.4373e-07,14.5775,120.825,1e-08,16.5012,152.08,1.75749e-07,18.6784,191.415,1e-08,21.1428,240.917,1.91829e-07,23.9322,303.213,1e-08,27.0895,381.602,7.0186e-08,30.6634,480.231,1e-08,34.7087,604.316,2.40784e-07,39.2876,760.401,9.87368e-08,44.4705,956.705,1.22263e-07,50.3371,1203.54,1e-08,56.9776,1513.81,1e-08,64.494,1903.69,1e-08,73.0018,2393.4,3.9185e-07,82.6317,3008.13,1.35379e-07,93.5318,3779.25,1e-08,105.869,4745.7,2.06965e-08,119.834,5955.6,1e-08,135.641,7468.12,1e-08,153.531,9355.62,2.00739e-07,173.781,11705.8,2.28358e-07,196.701,14624.1,1e-08,222.642,18235,1e-08,252.003,22683.4,1e-08,285.234,28134,1e-08,322.845,34767,2.34258e-07,365.413,42770.9,2.99668e-07,413.588,52327.9,8.28644e-08,468.111,63591.2,1e-08,529.814,76653.2,1e-08,599.642,91502.5,1e-08,678.662,107975,2.26339e-07,768.083,125705,3.69212e-07,869.267,144088,2.04077e-07,983.76,162277,1e-08,1113.3,179223,1e-08,1259.87,193777,1e-08,1425.68,204839,4.55555e-07,6.2823,3.27286,2.43537,0.219672,6.18826,2.24117,0.56371,6.87772,2.63624,0.308279,6,9,13,2,2,1,4,3,0,2,10,0,1,10,0,4,7,0,3,16,0,5,17,0,12,29,0,6,36,0,7,58,0,8,61,0,4,45,0,14,92,0,3,114,0,18,30,0,21,184,0,5,303,0,31,270,0,41,228,0,47,235,0,31,351,0,26,568,0,37,878,0,47,545,0,52,2103,0,76,1624,0,88,2310,0,58,1953,0,68,2151,0,106,3626,0,101,3389,0,140,7896,0,97,6014,0,239,4863,0,171,10352,0,251,14424,0,138,11163,0,509,23420,0,331,21256,0,237,54105,0,347,15698,0,537,34103,0,631,82224,0,701,97072,0,465,73145,0,706,134945,0,647,57227,0,323,97066,0,779,83130,0,1583,177705,0,1585,76675,0,787,206791,0
-1.05176e+08,1,8.88811e-15,10,1023,0,1.05176e+08,0.528882,1.08665,0.389689,0.145397,0.379329,3.24381,0.161596,0.446195,1.77396,0.159177,1.15e+07,4.49998e+06,6.79999e+06,1.15e+07,4.49997e+06,6.79999e+06,1.15e+07,4.49996e+06,6.79999e+06,1.15e+07,4.49995e+06,6.79999e+06,1.14999e+07,4.49993e+06,6.79999e+06,1.14999e+07,4.49991e+06,6.79999e+06,1.14999e+07,4.49989e+06,6.79999e+06,1.14999e+07,4.49986e+06,6.79999e+06,1.14999e+07,4.49982e+06,6.79999e+06,1.14999e+07,4.49977e+06,6.79999e+06,1.14999e+07,4.49971e+06,6.79999e+06,1.14999e+07,4.49963e+06,6.79999e+06,1.14998e+07,4.49953e+06,6.79999e+06,1.14998e+07,4.49941e+06,6.79999e+06,1.14998e+07,4.49926e+06,6.79999e+06,1.14998e+07,4.49906e+06,6.79999e+06,1.14997e+07,4.49882e+06,6.79999e+06,1.14997e+07,4.49851e+06,6.79999e+06,1.14997e+07,4.49812e+06,6.79999e+06,1.14996e+07,4.49764e+06,6.79999e+06,1.14996e+07,4.49702e+06,6.79999e+06,1.14995e+07,4.49625e+06,6.79999e+06,1.14995e+07,4.49528e+06,6.79999e+06,1.14994e+07,4.49406e+06,6.79999e+06,1.14993e+07,4.49253e+06,6.79999e+06,1.14992e+07,4.49059e+06,6.79999e+06,1.14991e+07,4.48817e+06,6.79999e+06,1.1499e+07,4.48511e+06,6.79999e+06,1.14988e+07,4.48128e+06,6.79999e+06,1.14987e+07,4.47646e+06,6.79999e+06,1.14985e+07,4.47041e+06,6.79999e+06,1.14983e+07,4.46281e+06,6.79999e+06,1.14981e+07,4.4533e+06,6.79999e+06,1.14979e+07,4.44138e+06,6.79999e+06,1.14976e+07,4.42649e+06,6.79999e+06,1.14972e+07,4.40789e+06,6.79999e+06,1.14969e+07,4.38471e+06,6.79999e+06,1.14965e+07,4.35592e+06,6.79999e+06,1.1496e+07,4.32027e+06,6.79999e+06,1.14955e+07,4.27629e+06,6.79999e+06,1.14949e+07,4.22231e+06,6.79999e+06,1.14942e+07,4.15647e+06,6.79999e+06,1.14934e+07,4.07676e+06,6.79999e+06,1.14926e+07,3.98112e+06,6.79999e+06,1.14916e+07,3.86765e+06,6.79999e+06,1.14905e+07,3.73474e+06,6.79999e+06,1.14892e+07,3.58148e+06,6.79999e+06,1.14878e+07,3.40785e+06,6.79999e+06,1.14862e+07,3.21513e+06,6.79999e+06,1.14844e+07,3.00605e+06,6.79999e+06,1.14823e+07,2.7848e+06,6.79999e+06,1.148e+07,2.5568e+06,6.79999e+06,1.14773e+07,2.32825e+06,6.79999e+06,13.5742,8.52444,0.508366,16.8306,13.2585,0.162638,20.0035,17.569,0.0507846,23.2616,22.4214,0.0158319,26.7328,28.3297,0.00493498,30.5212,35.6974,0.00153831,34.7178,44.9473,0.000479527,39.4086,56.5822,0.000149456,44.6796,71.2245,4.66214e-05,50.6209,89.6543,1.45419e-05,57.3297,112.852,4.54748e-06,64.9129,142.051,1.43857e-06,73.4897,178.803,4.36618e-07,83.1934,225.062,1.40153e-07,94.1745,283.286,4.96378e-08,106.602,356.568,1.05434e-07,120.669,448.799,-6.49244e-08,136.59,564.873,1.70148e-07,154.611,710.948,-5.34594e-08,175.008,894.767,1.63407e-07,198.097,1126.06,8.04804e-08,224.231,1417.07,1.14667e-07,253.813,1783.15,-1.71227e-07,287.297,2243.62,-2.88466e-07,325.198,2822.67,-4.33651e-07,368.098,3550.67,7.9318e-08,416.657,4465.65,3.13319e-07,471.621,5615.16,3.4613e-07,533.835,7058.61,-1.19199e-07,604.255,8870.02,-2.79964e-07,683.962,11141.4,-2.30521e-07,774.182,13986.7,-2.55099e-07,876.299,17546.4,1.23585e-07,991.883,21993.1,1.41192e-07,1122.71,27536.7,-9.71886e-08,1270.78,34430.7,-3.68368e-07,1438.38,42977.7,-3.45379e-07,1628.07,53532.7,-3.25328e-09,1842.77,66504.6,2.6362e-07,2085.77,82350.2,2.53445e-07,2360.79,101560,-2.47407e-08,2672.05,124632,-3.80602e-07,3024.31,152018,-4.79005e-07,3422.98,184060,-1.14379e-07,3874.15,220884,2.64297e-07,4384.72,262283,3.44131e-07,4962.49,307576,7.5349e-08,5616.29,355497,-3.63097e-07,6356.1,404126,-6.05442e-07,7193.18,450932,-2.72333e-07,8140.28,492963,2.29675e-07,9211.79,527178,4.3387e-07,10424,550893,-1.0711e-07,10.102,8.06553,2.81012,10.6436,8.57909,0.869423,11.5336,10.2515,0.270869,12.7211,12.7138,0.0844293,14.1823,15.9373,0.0263173,15.9122,20.0383,0.0082035,17.9198,25.2154,0.00255722,20.2244,31.7373,0.000797017,22.8539,39.9486,0.000248622,25.8438,50.2851,7.75492e-05,29.237,63.2963,2.42508e-05,33.0837,79.6738,7.67162e-06,37.4415,100.288,2.32837e-06,42.3767,126.236,7.33e-07,47.9646,158.896,2.79256e-07,54.2906,200.003,9.87351e-09,61.452,251.741,1.61085e-07,69.5585,316.859,-2.47141e-07,78.7347,398.812,8.93552e-08,89.1218,501.948,-2.53231e-07,100.879,631.736,-1.25047e-07,114.188,795.049,-1.78808e-07,129.252,1000.53,2.6733e-07,146.304,1259.03,4.50292e-07,165.605,1584.19,6.76904e-07,187.452,1993.12,-1.23808e-07,212.181,2507.27,-4.89068e-07,240.173,3153.54,-5.40284e-07,271.856,3965.56,1.86061e-07,307.719,4985.38,4.37004e-07,348.313,6265.4,3.59828e-07,394.26,7870.83,3.98192e-07,446.268,9882.51,-1.92908e-07,505.135,12400.3,-2.20392e-07,571.766,15546.9,1.51705e-07,647.184,19472.2,5.74996e-07,732.547,24357.4,5.39112e-07,829.167,30420,5.07815e-09,938.526,37916.3,-4.11492e-07,1062.3,47143.9,-3.9561e-07,1202.4,58439.2,3.86185e-08,1360.96,72169.3,5.94093e-07,1540.42,88715.8,7.47693e-07,1743.53,108445,1.78537e-07,1973.41,131665,-4.12549e-07,2233.57,158557,-5.37164e-07,2528,189103,-1.17615e-07,2861.2,222986,5.66769e-07,3238.27,259510,9.45053e-07,3664.97,297540,4.25093e-07,4147.81,335497,-3.58506e-07,4694.17,371444,-6.7724e-07,5312.37,403256,1.67192e-07,1.61744,3.89446,9.84394,3.28846,7.5504,12.774,5.07607,11.7187,13.6844,7.03202,16.8147,13.9681,9.20215,23.1769,14.0566,11.6301,31.1672,14.0841,14.3598,41.2186,14.0927,17.4376,53.8688,14.0954,20.9137,69.7915,14.0962,24.8432,89.8341,14.0965,29.2879,115.063,14.0966,34.3168,146.819,14.0966,40.0078,186.792,14.0966,46.4487,237.107,14.0966,53.7388,300.44,14.0966,61.9903,380.158,14.0966,71.3301,480.499,14.0966,81.902,606.796,14.0966,93.8685,765.761,14.0966,107.414,965.837,14.0966,122.746,1217.65,14.0966,140.101,1534.57,14.0966,159.745,1933.41,14.0966,181.981,2435.3,14.0966,207.15,3066.85,14.0966,235.64,3861.46,14.0966,267.889,4861.11,14.0966,304.391,6118.54,14.0966,345.709,7699.91,14.0966,392.478,9688.22,14.0966,445.417,12187.5,14.0966,505.339,15327.7,14.0966,573.165,19271.6,14.0966,649.938,24222,14.0966,736.839,30430.9,14.0966,835.202,38211.5,14.0966,946.539,47950.3,14.0966,1072.56,60122.8,14.0966,1215.21,75309.9,14.0966,1376.66,94216.2,14.0966,1559.41,117688,14.0966,1766.26,146729,14.0966,2000.39,182510,14.0966,2265.39,226372,14.0966,2565.33,279806,14.0966,2904.81,344416,14.0966,3289.05,421845,14.0966,3723.93,513667,14.0966,4216.13,621231,14.0966,4773.18,745478,14.0966,5403.64,886744,14.0966,6117.15,1.04457e+06,14.0966,6924.63,1.2176e+06,14.0966,11.7194,11.96,12.6541,13.9321,16.1295,13.6434,16.6097,21.9702,13.9553,19.7532,29.5285,14.0526,23.3844,39.1143,14.0829,27.5423,51.2054,14.0923,32.2796,66.434,14.0953,37.662,85.6061,14.0962,43.7675,109.74,14.0965,50.687,140.119,14.0966,58.5249,178.359,14.0966,67.4005,226.493,14.0966,77.4493,287.08,14.0966,88.8254,363.343,14.0966,101.703,459.336,14.0966,116.281,580.161,14.0966,132.782,732.241,14.0966,151.46,923.655,14.0966,172.603,1164.57,14.0966,196.535,1467.79,14.0966,223.625,1849.39,14.0966,254.288,2329.62,14.0966,288.997,2933.93,14.0966,328.285,3694.33,14.0966,372.755,4651.04,14.0966,423.092,5854.57,14.0966,480.07,7368.38,14.0966,544.564,9272.08,14.0966,617.566,11665.5,14.0966,700.197,14673.6,14.0966,793.729,18452.9,14.0966,899.599,23198.6,14.0966,1019.43,29154.1,14.0966,1155.07,36622.3,14.0966,1308.6,45977.9,14.0966,1482.39,57683.7,14.0966,1679.09,72307.8,14.0966,1901.73,90542.8,14.0966,2153.73,113226,14.0966,2438.97,141360,14.0966,2761.81,176127,14.0966,3127.22,218898,14.0966,3540.81,271226,14.0966,4008.92,334817,14.0966,4538.74,411470,14.0966,5138.38,502973,14.0966,5817.04,610948,14.0966,6585.12,736653,14.0966,7454.39,880741,14.0966,8438.15,1.04302e+06,14.0966,9551.45,1.22224e+06,14.0966,10811.3,1.41602e+06,14.0966,12237,1.62086e+06,14.0966,11.7194,11.96,12.6541,2.21263,4.16949,0.989383,2.67766,5.84076,0.311842,3.14343,7.55825,0.0972771,3.63127,9.58578,0.0303237,4.15787,12.0912,0.00945211,4.73731,15.2286,0.00294633,5.38238,19.1721,0.000918508,6.10553,24.134,0.000286163,6.91951,30.3791,8.92692e-05,7.83792,38.2397,2.78121e-05,8.87555,48.1338,8.65134e-06,10.0489,60.5876,2.7882e-06,11.3761,76.2629,8.29036e-07,12.8779,95.9927,2.4373e-07,14.5775,120.825,4.33068e-09,16.5012,152.08,1.75749e-07,18.6784,191.415,-1.86328e-07,21.1428,240.917,1.91829e-07,23.9322,303.213,-1.81475e-07,27.0895,381.602,7.0186e-08,30.6634,480.231,-2.86769e-08,34.7087,604.316,2.40784e-07,39.2876,760.401,9.87368e-08,44.4705,956.705,1.22263e-07,50.3371,1203.54,-4.31966e-07,56.9776,1513.81,-1.9705e-07,64.494,1903.69,-2.763e-08,73.0018,2393.4,3.9185e-07,82.6317,3008.13,1.35379e-07,93.5318,3779.25,-4.16351e-08,105.869,4745.7,2.06965e-08,119.834,5955.6,-3.18887e-07,135.641,7468.12,-1.48271e-08,153.531,9355.62,2.00739e-07,173.781,11705.8,2.28358e-07,196.701,14624.1,-1.93587e-08,222.642,18235,-2.88101e-07,252.003,22683.4,-2.24732e-07,285.234,28134,8.56806e-09,322.845,34767,2.34258e-07,365.413,42770.9,2.99668e-07,413.588,52327.9,8.28644e-08,468.111,63591.2,-3.07049e-07,529.814,76653.2,-3.1888e-07,599.642,91502.5,-6.72276e-08,678.662,107975,2.26339e-07,768.083,125705,3.69212e-07,869.267,144088,2.04077e-07,983.76,162277,-2.80509e-07,1113.3,179223,-4.22737e-07,1259.87,193777,-1.71951e-07,1425.68,204839,4.55555e-07,11.7194,11.96,12.6541,2.21263,4.16949,0.989383,2.67766,5.84076,0.311842,3.14343,7.55825,0.0972771,3.63127,9.58578,0.0303237,4.15787,12.0912,0.00945211,4.73731,15.2286,0.00294633,5.38238,19.1721,0.000918508,6.10553,24.134,0.000286163,6.91951,30.3791,8.92692e-05,7.83792,38.2397,2.78121e-05,8.87555,48.1338,8.65134e-06,10.0489,60.5876,2.7882e-06,11.3761,76.2629,8.29036e-07,12.8779,95.9927,2.4373e-07,14.5775,120.825,1e-08,16.5012,152.08,1.75749e-07,18.6784,191.415,1e-08,21.1428,240.917,1.91829e-07,23.9322,303.213,1e-08,27.0895,381.602,7.0186e-08,30.6634,480.231,1e-08,34.7087,604.316,2.40784e-07,39.2876,760.401,9.87368e-08,44.4705,956.705,1.22263e-07,50.3371,1203.54,1e-08,56.9776,1513.81,1e-08,64.494,1903.69,1e-08,73.0018,2393.4,3.9185e-07,82.6317,3008.13,1.35379e-07,93.5318,3779.25,1e-08,105.869,4745.7,2.06965e-08,119.834,5955.6,1e-08,135.641,7468.12,1e-08,153.531,9355.62,2.00739e-07,173.781,11705.8,2.28358e-07,196.701,14624.1,1e-08,222.642,18235,1e-08,252.003,22683.4,1e-08,285.234,28134,1e-08,322.845,34767,2.34258e-07,365.413,42770.9,2.99668e-07,413.588,52327.9,8.28644e-08,468.111,63591.2,1e-08,529.814,76653.2,1e-08,599.642,91502.5,1e-08,678.662,107975,2.26339e-07,768.083,125705,3.69212e-07,869.267,144088,2.04077e-07,983.76,162277,1e-08,1113.3,179223,1e-08,1259.87,193777,1e-08,1425.68,204839,4.55555e-07,6.2823,3.27286,2.43537,0.219672,6.18826,2.24117,0.56371,6.87772,2.63624,0.308279,7,18,29,2,13,1,3,6,1,4,9,0,5,14,0,4,4,0,7,41,0,12,22,0,6,35,0,9,26,0,12,16,0,5,65,0,8,65,0,18,53,0,3,78,0,18,144,0,25,94,0,9,157,0,25,221,0,16,141,0,28,355,0,44,440,0,29,499,0,27,1246,0,33,1065,0,28,1730,0,41,1048,0,48,3937,0,79,1975,0,75,1486,0,178,5346,0,81,3688,0,95,2614,0,150,5881,0,92,9049,0,90,8385,0,211,16316,0,181,12907,0,393,32522,0,164,31745,0,202,28407,0,141,32490,0,411,123801,0,197,52386,0,298,89163,0,215,71252,0,1002,112007,0,630,73015,0,1096,136621,0,895,137999,0,312,101366,0,693,185459,0,895,226764,0
-1.05176e+08,1,8.88811e-15,10,1023,0,1.05176e+08,0.528882,1.08665,0.389689,0.145397,0.379329,3.24381,0.161596,0.446195,1.77396,0.159177,1.15e+07,4.49998e+06,6.79999e+06,1.15e+07,4.49997e+06,6.79999e+06,1.15e+07,4.49996e+06,6.79999e+06,1.15e+07,4.49995e+06,6.79999e+06,1.14999e+07,4.49993e+06,6.79999e+06,1.14999e+07,4.49991e+06,6.79999e+06,1.14999e+07,4.49989e+06,6.79999e+06,1.14999e+07,4.49986e+06,6.79999e+06,1.14999e+07,4.49982e+06,6.79999e+06,1.14999e+07,4.49977e+06,6.79999e+06,1.14999e+07,4.49971e+06,6.79999e+06,1.14999e+07,4.49963e+06,6.79999e+06,1.14998e+07,4.49953e+06,6.79999e+06,1.14998e+07,4.49941e+06,6.79999e+06,1.14998e+07,4.49926e+06,6.79999e+06,1.14998e+07,4.49906e+06,6.79999e+06,1.14997e+07,4.49882e+06,6.79999e+06,1.14997e+07,4.49851e+06,6.79999e+06,1.14997e+07,4.49812e+06,6.79999e+06,1.14996e+07,4.49764e+06,6.79999e+06,1.14996e+07,4.49702e+06,6.79999e+06,1.14995e+07,4.49625e+06,6.79999e+06,1.14995e+07,4.49528e+06,6.79999e+06,1.14994e+07,4.49406e+06,6.79999e+06,1.14993e+07,4.49253e+06,6.79999e+06,1.14992e+07,4.49059e+06,6.79999e+06,1.14991e+07,4.48817e+06,6.79999e+06,1.1499e+07,4.48511e+06,6.79999e+06,1.14988e+07,4.48128e+06,6.79999e+06,1.14987e+07,4.47646e+06,6.79999e+06,1.14985e+07,4.47041e+06,6.79999e+06,1.14983e+07,4.46281e+06,6.79999e+06,1.14981e+07,4.4533e+06,6.79999e+06,1.14979e+07,4.44138e+06,6.79999e+06,1.14976e+07,4.42649e+06,6.79999e+06,1.14972e+07,4.40789e+06,6.79999e+06,1.14969e+07,4.38471e+06,6.79999e+06,1.14965e+07,4.35592e+06,6.79999e+06,1.1496e+07,4.32027e+06,6.79999e+06,1.14955e+07,4.27629e+06,6.79999e+06,1.14949e+07,4.22231e+06,6.79999e+06,1.14942e+07,4.15647e+06,6.79999e+06,1.14934e+07,4.07676e+06,6.79999e+06,1.14926e+07,3.98112e+06,6.79999e+06,1.14916e+07,3.86765e+06,6.79999e+06,1.14905e+07,3.73474e+06,6.79999e+06,1.14892e+07,3.58148e+06,6.79999e+06,1.14878e+07,3.40785e+06,6.79999e+06,1.14862e+07,3.21513e+06,6.79999e+06,1.14844e+07,3.00605e+06,6.79999e+06,1.14823e+07,2.7848e+06,6.79999e+06,1.148e+07,2.5568e+06,6.79999e+06,1.14773e+07,2.32825e+06,6.79999e+06,13.5742,8.52444,0.508366,16.8306,13.2585,0.162638,20.0035,17.569,0.0507846,23.2616,22.4214,0.0158319,26.7328,28.3297,0.00493498,30.5212,35.6974,0.00153831,34.7178,44.9473,0.000479527,39.4086,56.5822,0.000149456,44.6796,71.2245,4.66214e-05,50.6209,89.6543,1.45419e-05,57.3297,112.852,4.54748e-06,64.9129,142.051,1.43857e-06,73.4897,178.803,4.36618e-07,83.1934,225.062,1.40153e-07,94.1745,283.286,4.96378e-08,106.602,356.568,1.05434e-07,120.669,448.799,-6.49244e-08,136.59,564.873,1.70148e-07,154.611,710.948,-5.34594e-08,175.008,894.767,1.63407e-07,198.097,1126.06,8.04804e-08,224.231,1417.07,1.14667e-07,253.813,1783.15,-1.71227e-07,287.297,2243.62,-2.88466e-07,325.198,2822.67,-4.33651e-07,368.098,3550.67,7.9318e-08,416.657,4465.65,3.13319e-07,471.621,5615.16,3.4613e-07,533.835,7058.61,-1.19199e-07,604.255,8870.02,-2.79964e-07,683.962,11141.4,-2.30521e-07,774.182,13986.7,-2.55099e-07,876.299,17546.4,1.23585e-07,991.883,21993.1,1.41192e-07,1122.71,27536.7,-9.71886e-08,1270.78,34430.7,-3.68368e-07,1438.38,42977.7,-3.45379e-07,1628.07,53532.7,-3.25328e-09,1842.77,66504.6,2.6362e-07,2085.77,82350.2,2.53445e-07,2360.79,101560,-2.47407e-08,2672.05,124632,-3.80602e-07,3024.31,152018,-4.79005e-07,3422.98,184060,-1.14379e-07,3874.15,220884,2.64297e-07,4384.72,262283,3.44131e-07,4962.49,307576,7.5349e-08,5616.29,355497,-3.63097e-07,6356.1,404126,-6.05442e-07,7193.18,450932,-2.72333e-07,8140.28,492963,2.29675e-07,9211.79,527178,4.3387e-07,10424,550893,-1.0711e-07,10.102,8.06553,2.81012,10.6436,8.57909,0.869423,11.5336,10.2515,0.270869,12.7211,12.7138,0.0844293,14.1823,15.9373,0.0263173,15.9122,20.0383,0.0082035,17.9198,25.2154,0.00255722,20.2244,31.7373,0.000797017,22.8539,39.9486,0.000248622,25.8438,50.2851,7.75492e-05,29.237,63.2963,2.42508e-05,33.0837,79.6738,7.67162e-06,37.4415,100.288,2.32837e-06,42.3767,126.236,7.33e-07,47.9646,158.896,2.79256e-07,54.2906,200.003,9.87351e-09,61.452,251.741,1.61085e-07,69.5585,316.859,-2.47141e-07,78.7347,398.812,8.93552e-08,89.1218,501.948,-2.53231e-07,100.879,631.736,-1.25047e-07,114.188,795.049,-1.78808e-07,129.252,1000.53,2.6733e-07,146.304,1259.03,4.50292e-07,165.605,1584.19,6.76904e-07,187.452,1993.12,-1.23808e-07,212.181,2507.27,-4.89068e-07,240.173,3153.54,-5.40284e-07,271.856,3965.56,1.86061e-07,307.719,4985.38,4.37004e-07,348.313,6265.4,3.59828e-07,394.26,7870.83,3.98192e-07,446.268,9882.51,-1.92908e-07,505.135,12400.3,-2.20392e-07,571.766,15546.9,1.51705e-07,647.184,19472.2,5.74996e-07,732.547,24357.4,5.39112e-07,829.167,30420,5.07815e-09,938.526,37916.3,-4.11492e-07,1062.3,47143.9,-3.9561e-07,1202.4,58439.2,3.86185e-08,1360.96,72169.3,5.94093e-07,1540.42,88715.8,7.47693e-07,1743.53,108445,1.78537e-07,1973.41,131665,-4.12549e-07,2233.57,158557,-5.37164e-07,2528,189103,-1.17615e-07,2861.2,222986,5.66769e-07,3238.27,259510,9.45053e-07,3664.97,297540,4.25093e-07,4147.81,335497,-3.58506e-07,4694.17,371444,-6.7724e-07,5312.37,403256,1.67192e-07,1.61744,3.89446,9.84394,3.28846,7.5504,12.774,5.07607,11.7187,13.6844,7.03202,16.8147,13.9681,9.20215,23.1769,14.0566,11.6301,31.1672,14.0841,14.3598,41.2186,14.0927,17.4376,53.8688,14.0954,20.9137,69.7915,14.0962,24.8432,89.8341,14.0965,29.2879,115.063,14.0966,34.3168,146.819,14.0966,40.0078,186.792,14.0966,46.4487,237.107,14.0966,53.7388,300.44,14.0966,61.9903,380.158,14.0966,71.3301,480.499,14.0966,81.902,606.796,14.0966,93.8685,765.761,14.0966,107.414,965.837,14.0966,122.746,1217.65,14.0966,140.101,1534.57,14.0966,159.745,1933.41,14.0966,181.981,2435.3,14.0966,207.15,3066.85,14.0966,235.64,3861.46,14.0966,267.889,4861.11,14.0966,304.391,6118.54,14.0966,345.709,7699.91,14.0966,392.478,9688.22,14.0966,445.417,12187.5,14.0966,505.339,15327.7,14.0966,573.165,19271.6,14.0966,649.938,24222,14.0966,736.839,30430.9,14.0966,835.202,38211.5,14.0966,946.539,47950.3,14.0966,1072.56,60122.8,14.0966,1215.21,75309.9,14.0966,1376.66,94216.2,14.0966,1559.41,117688,14.0966,1766.26,146729,14.0966,2000.39,182510,14.0966,2265.39,226372,14.0966,2565.33,279806,14.0966,2904.81,344416,14.0966,3289.05,421845,14.0966,3723.93,513667,14.0966,4216.13,621231,14.0966,4773.18,745478,14.0966,5403.64,886744,14.0966,6117.15,1.04457e+06,14.0966,6924.63,1.2176e+06,14.0966,11.7194,11.96,12.6541,13.9321,16.1295,13.6434,16.6097,21.9702,13.9553,19.7532,29.5285,14.0526,23.3844,39.1143,14.0829,27.5423,51.2054,14.0923,32.2796,66.434,14.0953,37.662,85.6061,14.0962,43.7675,109.74,14.0965,50.687,140.119,14.0966,58.5249,178.359,14.0966,67.4005,226.493,14.0966,77.4493,287.08,14.0966,88.8254,363.343,14.0966,101.703,459.336,14.0966,116.281,580.161,14.0966,132.782,732.241,14.0966,151.46,923.655,14.0966,172.603,1164.57,14.0966,196.535,1467.79,14.0966,223.625,1849.39,14.0966,254.288,2329.62,14.0966,288.997,2933.93,14.0966,328.285,3694.33,14.0966,372.755,4651.04,14.0966,423.092,5854.57,14.0966,480.07,7368.38,14.0966,544.564,9272.08,14.0966,617.566,11665.5,14.0966,700.197,14673.6,14.0966,793.729,18452.9,14.0966,899.599,23198.6,14.0966,1019.43,29154.1,14.0966,1155.07,36622.3,14.0966,1308.6,45977.9,14.0966,1482.39,57683.7,14.0966,1679.09,72307.8,14.0966,1901.73,90542.8,14.0966,2153.73,113226,14.0966,2438.97,141360,14.0966,2761.81,176127,14.0966,3127.22,218898,14.0966,3540.81,271226,14.0966,4008.92,334817,14.0966,4538.74,411470,14.0966,5138.38,502973,14.0966,5817.04,610948,14.0966,6585.12,736653,14.0966,7454.39,880741,14.0966,8438.15,1.04302e+06,14.0966,9551.45,1.22224e+06,14.0966,10811.3,1.41602e+06,14.0966,12237,1.62086e+06,14.0966,11.7194,11.96,12.6541,2.21263,4.16949,0.989383,2.67766,5.84076,0.311842,3.14343,7.55825,0.0972771,3.63127,9.58578,0.0303237,4.15787,12.0912,0.00945211,4.73731,15.2286,0.00294633,5.38238,19.1721,0.000918508,6.10553,24.134,0.000286163,6.91951,30.3791,8.92692e-05,7.83792,38.2397,2.78121e-05,8.87555,48.1338,8.65134e-06,10.0489,60.5876,2.7882e-06,11.3761,76.2629,8.29036e-07,12.8779,95.9927,2.4373e-07,14.5775,120.825,4.33068e-09,16.5012,152.08,1.75749e-07,18.6784,191.415,-1.86328e-07,21.1428,240.917,1.91829e-07,23.9322,303.213,-1.81475e-07,27.0895,381.602,7.0186e-08,30.6634,480.231,-2.86769e-08,34.7087,604.316,2.40784e-07,39.2876,760.401,9.87368e-08,44.4705,956.705,1.22263e-07,50.3371,1203.54,-4.31966e-07,56.9776,1513.81,-1.9705e-07,64.494,1903.69,-2.763e-08,73.0018,2393.4,3.9185e-07,82.6317,3008.13,1.35379e-07,93.5318,3779.25,-4.16351e-08,105.869,4745.7,2.06965e-08,119.834,5955.6,-3.18887e-07,135.641,7468.12,-1.48271e-08,153.531,9355.62,2.00739e-07,173.781,11705.8,2.28358e-07,196.701,14624.1,-1.93587e-08,222.642,18235,-2.88101e-07,252.003,22683.4,-2.24732e-07,285.234,28134,8.56806e-09,322.845,34767,2.34258e-07,365.413,42770.9,2.99668e-07,413.588,52327.9,8.28644e-08,468.111,63591.2,-3.07049e-07,529.814,76653.2,-3.1888e-07,599.642,91502.5,-6.72276e-08,678.662,107975,2.26339e-07,768.083,125705,3.69212e-07,869.267,144088,2.04077e-07,983.76,162277,-2.80509e-07,1113.3,179223,-4.22737e-07,1259.87,193777,-1.71951e-07,1425.68,204839,4.55555e-07,11.7194,11.96,12.6541,2.21263,4.16949,0.989383,2.67766,5.84076,0.311842,3.14343,7.55825,0.0972771,3.63127,9.58578,0.0303237,4.15787,12.0912,0.00945211,4.73731,15.2286,0.00294633,5.38238,19.1721,0.000918508,6.10553,24.134,0.000286163,6.91951,30.3791,8.92692e-05,7.83792,38.2397,2.78121e-05,8.87555,48.1338,8.65134e-06,10.0489,60.5876,2.7882e-06,11.3761,76.2629,8.29036e-07,12.8779,95.9927,2.4373e-07,14.5775,120.825,1e-08,16.5012,152.08,1.75749e-07,18.6784,191.415,1e-08,21.1428,240.917,1.91829e-07,23.9322,303.213,1e-08,27.0895,381.602,7.0186e-08,30.6634,480.231,1e-08,34.7087,604.316,2.40784e-07,39.2876,760.401,9.87368e-08,44.4705,956.705,1.22263e-07,50.3371,1203.54,1e-08,56.9776,1513.81,1e-08,64.494,1903.69,1e-08,73.0018,2393.4,3.9185e-07,82.6317,3008.13,1.35379e-07,93.5318,3779.25,1e-08,105.869,4745.7,2.06965e-08,119.834,5955.6,1e-08,135.641,7468.12,1e-08,153.531,9355.62,2.00739e-07,173.781,11705.8,2.28358e-07,196.701,14624.1,1e-08,222.642,18235,1e-08,252.003,22683.4,1e-08,285.234,28134,1e-08,322.845,34767,2.34258e-07,365.413,42770.9,2.99668e-07,413.588,52327.9,8.28644e-08,468.111,63591.2,1e-08,529.814,76653.2,1e-08,599.642,91502.5,1e-08,678.662,107975,2.26339e-07,768.083,125705,3.69212e-07,869.267,144088,2.04077e-07,983.76,162277,1e-08,1113.3,179223,1e-08,1259.87,193777,1e-08,1425.68,204839,4.55555e-07,6.2823,3.27286,2.43537,0.219672,6.18826,2.24117,0.56371,6.87772,2.63624,0.308279,10,16,6,8,5,1,3,2,0,3,14,2,2,12,0,3,8,0,3,7,0,6,15,0,6,32,0,4,28,0,7,33,0,12,31,0,24,52,0,14,41,0,11,55,0,21,73,0,17,162,0,22,348,0,22,141,0,22,308,0,11,468,0,38,337,0,42,422,0,38,940,0,31,846,0,44,1178,0,32,1031,0,43,742,0,107,4007,0,81,2027,0,96,2004,0,94,5215,0,87,7466,0,93,4765,0,51,8430,0,95,14447,0,201,16750,0,199,6357,0,285,6253,0,259,21764,0,435,43504,0,358,30191,0,249,46448,0,267,66908,0,925,21929,0,954,71538,0,854,52694,0,485,81916,0,1503,159709,0,741,202080,0,922,145705,0,1563,135422,0,710,302742,0
-1.05176e+08,1,8.88811e-15,10,1023,0,1.05176e+08,0.528882,1.08665,0.389689,0.145397,0.379329,3.24381,0.161596,0.446195,1.77396,0.159177,1.15e+07,4.49998e+06,6.79999e+06,1.15e+07,4.49997e+06,6.79999e+06,1.15e+07,4.49996e+06,6.79999e+06,1.15e+07,4.49995e+06,6.79999e+06,1.14999e+07,4.49993e+06,6.79999e+06,1.14999e+07,4.49991e+06,6.79999e+06,1.14999e+07,4.49989e+06,6.79999e+06,1.14999e+07,4.49986e+06,6.79999e+06,1.14999e+07,4.49982e+06,6.79999e+06,1.14999e+07,4.49977e+06,6.79999e+06,1.14999e+07,4.49971e+06,6.79999e+06,1.14999e+07,4.49963e+06,6.79999e+06,1.14998e+07,4.49953e+06,6.79999e+06,1.14998e+07,4.49941e+06,6.79999e+06,1.14998e+07,4.49926e+06,6.79999e+06,1.14998e+07,4.49906e+06,6.79999e+06,1.14997e+07,4.49882e+06,6.79999e+06,1.14997e+07,4.49851e+06,6.79999e+06,1.14997e+07,4.49812e+06,6.79999e+06,1.14996e+07,4.49764e+06,6.79999e+06,1.14996e+07,4.49702e+06,6.79999e+06,1.14995e+07,4.49625e+06,6.79999e+06,1.14995e+07,4.49528e+06,6.79999e+06,1.14994e+07,4.49406e+06,6.79999e+06,1.14993e+07,4.49253e+06,6.79999e+06,1.14992e+07,4.49059e+06,6.79999e+06,1.14991e+07,4.48817e+06,6.79999e+06,1.1499e+07,4.48511e+06,6.79999e+06,1.14988e+07,4.48128e+06,6.79999e+06,1.14987e+07,4.47646e+06,6.79999e+06,1.14985e+07,4.47041e+06,6.79999e+06,1.14983e+07,4.46281e+06,6.79999e+06,1.14981e+07,4.4533e+06,6.79999e+06,1.14979e+07,4.44138e+06,6.79999e+06,1.14976e+07,4.42649e+06,6.79999e+06,1.14972e+07,4.40789e+06,6.79999e+06,1.14969e+07,4.38471e+06,6.79999e+06,1.14965e+07,4.35592e+06,6.79999e+06,1.1496e+07,4.32027e+06,6.79999e+06,1.14955e+07,4.27629e+06,6.79999e+06,1.14949e+07,4.22231e+06,6.79999e+06,1.14942e+07,4.15647e+06,6.79999e+06,1.14934e+07,4.07676e+06,6.79999e+06,1.14926e+07,3.98112e+06,6.79999e+06,1.14916e+07,3.86765e+06,6.79999e+06,1.14905e+07,3.73474e+06,6.79999e+06,1.14892e+07,3.58148e+06,6.79999e+06,1.14878e+07,3.40785e+06,6.79999e+06,1.14862e+07,3.21513e+06,6.79999e+06,1.14844e+07,3.00605e+06,6.79999e+06,1.14823e+07,2.7848e+06,6.79999e+06,1.148e+07,2.5568e+06,6.79999e+06,1.14773e+07,2.32825e+06,6.79999e+06,13.5742,8.52444,0.508366,16.8306,13.2585,0.162638,20.0035,17.569,0.0507846,23.2616,22.4214,0.0158319,26.7328,28.3297,0.00493498,30.5212,35.6974,0.00153831,34.7178,44.9473,0.000479527,39.4086,56.5822,0.000149456,44.6796,71.2245,4.66214e-05,50.6209,89.6543,1.45419e-05,57.3297,112.852,4.54748e-06,64.9129,142.051,1.43857e-06,73.4897,178.803,4.36618e-07,83.1934,225.062,1.40153e-07,94.1745,283.286,4.96378e-08,106.602,356.568,1.05434e-07,120.669,448.799,-6.49244e-08,136.59,564.873,1.70148e-07,154.611,710.948,-5.34594e-08,175.008,894.767,1.63407e-07,198.097,1126.06,8.04804e-08,224.231,1417.07,1.14667e-07,253.813,1783.15,-1.71227e-07,287.297,2243.62,-2.88466e-07,325.198,2822.67,-4.33651e-07,368.098,3550.67,7.9318e-08,416.657,4465.65,3.13319e-07,471.621,5615.16,3.4613e-07,533.835,7058.61,-1.19199e-07,604.255,8870.02,-2.79964e-07,683.962,11141.4,-2.30521e-07,774.182,13986.7,-2.55099e-07,876.299,17546.4,1.23585e-07,991.883,21993.1,1.41192e-07,1122.71,27536.7,-9.71886e-08,1270.78,34430.7,-3.68368e-07,1438.38,42977.7,-3.45379e-07,1628.07,53532.7,-3.25328e-09,1842.77,66504.6,2.6362e-07,2085.77,82350.2,2.53445e-07,2360.79,101560,-2.47407e-08,2672.05,124632,-3.80602e-07,3024.31,152018,-4.79005e-07,3422.98,184060,-1.14379e-07,3874.15,220884,2.64297e-07,4384.72,262283,3.44131e-07,4962.49,307576,7.5349e-08,5616.29,355497,-3.63097e-07,6356.1,404126,-6.05442e-07,7193.18,450932,-2.72333e-07,8140.28,492963,2.29675e-07,9211.79,527178,4.3387e-07,10424,550893,-1.0711e-07,10.102,8.06553,2.81012,10.6436,8.57909,0.869423,11.5336,10.2515,0.270869,12.7211,12.7138,0.0844293,14.1823,15.9373,0.0263173,15.9122,20.0383,0.0082035,17.9198,25.2154,0.00255722,20.2244,31.7373,0.000797017,22.8539,39.9486,0.000248622,25.8438,50.2851,7.75492e-05,29.237,63.2963,2.42508e-05,33.0837,79.6738,7.67162e-06,37.4415,100.288,2.32837e-06,42.3767,126.236,7.33e-07,47.9646,158.896,2.79256e-07,54.2906,200.003,9.87351e-09,61.452,251.741,1.61085e-07,69.5585,316.859,-2.47141e-07,78.7347,398.812,8.93552e-08,89.1218,501.948,-2.53231e-07,100.879,631.736,-1.25047e-07,114.188,795.049,-1.78808e-07,129.252,1000.53,2.6733e-07,146.304,1259.03,4.50292e-07,165.605,1584.19,6.76904e-07,187.452,1993.12,-1.23808e-07,212.181,2507.27,-4.89068e-07,240.173,3153.54,-5.40284e-07,271.856,3965.56,1.86061e-07,307.719,4985.38,4.37004e-07,348.313,6265.4,3.59828e-07,394.26,7870.83,3.98192e-07,446.268,9882.51,-1.92908e-07,505.135,12400.3,-2.20392e-07,571.766,15546.9,1.51705e-07,647.184,19472.2,5.74996e-07,732.547,24357.4,5.39112e-07,829.167,30420,5.07815e-09,938.526,37916.3,-4.11492e-07,1062.3,47143.9,-3.9561e-07,1202.4,58439.2,3.86185e-08,1360.96,72169.3,5.94093e-07,1540.42,88715.8,7.47693e-07,1743.53,108445,1.78537e-07,1973.41,131665,-4.12549e-07,2233.57,158557,-5.37164e-07,2528,189103,-1.17615e-07,2861.2,222986,5.66769e-07,3238.27,259510,9.45053e-07,3664.97,297540,4.25093e-07,4147.81,335497,-3.58506e-07,4694.17,371444,-6.7724e-07,5312.37,403256,1.67192e-07,1.61744,3.89446,9.84394,3.28846,7.5504,12.774,5.07607,11.7187,13.6844,7.03202,16.8147,13.9681,9.20215,23.1769,14.0566,11.6301,31.1672,14.0841,14.3598,41.2186,14.0927,17.4376,53.8688,14.0954,20.9137,69.7915,14.0962,24.8432,89.8341,14.0965,29.2879,115.063,14.0966,34.3168,146.819,14.0966,40.0078,186.792,14.0966,46.4487,237.107,14.0966,53.7388,300.44,14.0966,61.9903,380.158,14.0966,71.3301,480.499,14.0966,81.902,606.796,14.0966,93.8685,765.761,14.0966,107.414,965.837,14.0966,122.746,1217.65,14.0966,140.101,1534.57,14.0966,159.745,1933.41,14.0966,181.981,2435.3,14.0966,207.15,3066.85,14.0966,235.64,3861.46,14.0966,267.889,4861.11,14.0966,304.391,6118.54,14.0966,345.709,7699.91,14.0966,392.478,9688.22,14.0966,445.417,12187.5,14.0966,505.339,15327.7,14.0966,573.165,19271.6,14.0966,649.938,24222,14.0966,736.839,30430.9,14.0966,835.202,38211.5,14.0966,946.539,47950.3,14.0966,1072.56,60122.8,14.0966,1215.21,75309.9,14.0966,1376.66,94216.2,14.0966,1559.41,117688,14.0966,1766.26,146729,14.0966,2000.39,182510,14.0966,2265.39,226372,14.0966,2565.33,279806,14.0966,2904.81,344416,14.0966,3289.05,421845,14.0966,3723.93,513667,14.0966,4216.13,621231,14.0966,4773.18,745478,14.0966,5403.64,886744,14.0966,6117.15,1.04457e+06,14.0966,6924.63,1.2176e+06,14.0966,11.7194,11.96,12.6541,13.9321,16.1295,13.6434,16.6097,21.9702,13.9553,19.7532,29.5285,14.0526,23.3844,39.1143,14.0829,27.5423,51.2054,14.0923,32.2796,66.434,14.0953,37.662,85.6061,14.0962,43.7675,109.74,14.0965,50.687,140.119,14.0966,58.5249,178.359,14.0966,67.4005,226.493,14.0966,77.4493,287.08,14.0966,88.8254,363.343,14.0966,101.703,459.336,14.0966,116.281,580.161,14.0966,132.782,732.241,14.0966,151.46,923.655,14.0966,172.603,1164.57,14.0966,196.535,1467.79,14.0966,223.625,1849.39,14.0966,254.288,2329.62,14.0966,288.997,2933.93,14.0966,328.285,3694.33,14.0966,372.755,4651.04,14.0966,423.092,5854.57,14.0966,480.07,7368.38,14.0966,544.564,9272.08,14.0966,617.566,11665.5,14.0966,700.197,14673.6,14.0966,793.729,18452.9,14.0966,899.599,23198.6,14.0966,1019.43,29154.1,14.0966,1155.07,36622.3,14.0966,1308.6,45977.9,14.0966,1482.39,57683.7,14.0966,1679.09,72307.8,14.0966,1901.73,90542.8,14.0966,2153.73,113226,14.0966,2438.97,141360,14.0966,2761.81,176127,14.0966,3127.22,218898,14.0966,3540.81,271226,14.0966,4008.92,334817,14.0966,4538.74,411470,14.0966,5138.38,502973,14.0966,5817.04,610948,14.0966,6585.12,736653,14.0966,7454.39,880741,14.0966,8438.15,1.04302e+06,14.0966,9551.45,1.22224e+06,14.0966,10811.3,1.41602e+06,14.0966,12237,1.62086e+06,14.0966,11.7194,11.96,12.6541,2.21263,4.16949,0.989383,2.67766,5.84076,0.311842,3.14343,7.55825,0.0972771,3.63127,9.58578,0.0303237,4.15787,12.0912,0.00945211,4.73731,15.2286,0.00294633,5.38238,19.1721,0.000918508,6.10553,24.134,0.000286163,6.91951,30.3791,8.92692e-05,7.83792,38.2397,2.78121e-05,8.87555,48.1338,8.65134e-06,10.0489,60.5876,2.7882e-06,11.3761,76.2629,8.29036e-07,12.8779,95.9927,2.4373e-07,14.5775,120.825,4.33068e-09,16.5012,152.08,1.75749e-07,18.6784,191.415,-1.86328e-07,21.1428,240.917,1.91829e-07,23.9322,303.213,-1.81475e-07,27.0895,381.602,7.0186e-08,30.6634,480.231,-2.86769e-08,34.7087,604.316,2.40784e-07,39.2876,760.401,9.87368e-08,44.4705,956.705,1.22263e-07,50.3371,1203.54,-4.31966e-07,56.9776,1513.81,-1.9705e-07,64.494,1903.69,-2.763e-08,73.0018,2393.4,3.9185e-07,82.6317,3008.13,1.35379e-07,93.5318,3779.25,-4.16351e-08,105.869,4745.7,2.06965e-08,119.834,5955.6,-3.18887e-07,135.641,7468.12,-1.48271e-08,153.531,9355.62,2.00739e-07,173.781,11705.8,2.28358e-07,196.701,14624.1,-1.93587e-08,222.642,18235,-2.88101e-07,252.003,22683.4,-2.24732e-07,285.234,28134,8.56806e-09,322.845,34767,2.34258e-07,365.413,42770.9,2.99668e-07,413.588,52327.9,8.28644e-08,468.111,63591.2,-3.07049e-07,529.814,76653.2,-3.1888e-07,599.642,91502.5,-6.72276e-08,678.662,107975,2.26339e-07,768.083,125705,3.69212e-07,869.267,144088,2.04077e-07,983.76,162277,-2.80509e-07,1113.3,179223,-4.22737e-07,1259.87,193777,-1.71951e-07,1425.68,204839,4.55555e-07,11.7194,11.96,12.6541,2.21263,4.16949,0.989383,2.67766,5.84076,0.311842,3.14343,7.55825,0.0972771,3.63127,9.58578,0.0303237,4.15787,12.0912,0.00945211,4.73731,15.2286,0.00294633,5.38238,19.1721,0.000918508,6.10553,24.134,0.000286163,6.91951,30.3791,8.92692e-05,7.83792,38.2397,2.78121e-05,8.87555,48.1338,8.65134e-06,10.0489,60.5876,2.7882e-06,11.3761,76.2629,8.29036e-07,12.8779,95.9927,2.4373e-07,14.5775,120.825,1e-08,16.5012,152.08,1.75749e-07,18.6784,191.415,1e-08,21.1428,240.917,1.91829e-07,23.9322,303.213,1e-08,27.0895,381.602,7.0186e-08,30.6634,480.231,1e-08,34.7087,604.316,2.40784e-07,39.2876,760.401,9.87368e-08,44.4705,956.705,1.22263e-07,50.3371,1203.54,1e-08,56.9776,1513.81,1e-08,64.494,1903.69,1e-08,73.0018,2393.4,3.9185e-07,82.6317,3008.13,1.35379e-07,93.5318,3779.25,1e-08,105.869,4745.7,2.06965e-08,119.834,5955.6,1e-08,135.641,7468.12,1e-08,153.531,9355.62,2.00739e-07,173.781,11705.8,2.28358e-07,196.701,14624.1,1e-08,222.642,18235,1e-08,252.003,22683.4,1e-08,285.234,28134,1e-08,322.845,34767,2.34258e-07,365.413,42770.9,2.99668e-07,413.588,52327.9,8.28644e-08,468.111,63591.2,1e-08,529.814,76653.2,1e-08,599.642,91502.5,1e-08,678.662,107975,2.26339e-07,768.083,125705,3.69212e-07,869.267,144088,2.04077e-07,983.76,162277,1e-08,1113.3,179223,1e-08,1259.87,193777,1e-08,1425.68,204839,4.55555e-07,6.2823,3.27286,2.43537,0.219672,6.18826,2.24117,0.56371,6.87772,2.63624,0.308279,6,13,6,6,4,3,2,9,0,2,10,0,1,5,0,2,6,0,1,13,0,4,19,0,11,26,0,10,19,0,7,17,0,6,44,0,16,47,0,11,112,0,16,110,0,24,85,0,8,233,0,8,125,0,15,337,0,19,149,0,44,454,0,33,632,0,35,713,0,41,621,0,32,554,0,73,1899,0,31,438,0,58,1037,0,83,3452,0,91,3195,0,85,3217,0,98,5731,0,135,6096,0,125,8569,0,209,8529,0,137,9485,0,260,14000,0,358,8741,0,312,36177,0,118,13168,0,408,72764,0,349,26485,0,320,56842,0,169,12147,0,534,93703,0,557,170924,0,923,85140,0,809,68442,0,659,89570,0,341,216080,0,2648,147574,0,1246,338798,0,1341,133252,0
-1.05176e+08,1,8.88811e-15,10,1023,0,1.05176e+08,0.528882,1.08665,0.389689,0.145397,0.379329,3.24381,0.161596,0.446195,1.77396,0.159177,1.15e+07,4.49998e+06,6.79999e+06,1.15e+07,4.49997e+06,6.79999e+06,1.15e+07,4.49996e+06,6.79999e+06,1.15e+07,4.49995e+06,6.79999e+06,1.14999e+07,4.49993e+06,6.79999e+06,1.14999e+07,4.49991e+06,6.79999e+06,1.14999e+07,4.49989e+06,6.79999e+06,1.14999e+07,4.49986e+06,6.79999e+06,1.14999e+07,4.49982e+06,6.79999e+06,1.14999e+07,4.49977e+06,6.79999e+06,1.14999e+07,4.49971e+06,6.79999e+06,1.14999e+07,4.49963e+06,6.79999e+06,1.14998e+07,4.49953e+06,6.79999e+06,1.14998e+07,4.49941e+06,6.79999e+06,1.14998e+07,4.49926e+06,6.79999e+06,1.14998e+07,4.49906e+06,6.79999e+06,1.14997e+07,4.49882e+06,6.79999e+06,1.14997e+07,4.49851e+06,6.79999e+06,1.14997e+07,4.49812e+06,6.79999e+06,1.14996e+07,4.49764e+06,6.79999e+06,1.14996e+07,4.49702e+06,6.79999e+06,1.14995e+07,4.49625e+06,6.79999e+06,1.14995e+07,4.49528e+06,6.79999e+06,1.14994e+07,4.49406e+06,6.79999e+06,1.14993e+07,4.49253e+06,6.79999e+06,1.14992e+07,4.49059e+06,6.79999e+06,1.14991e+07,4.48817e+06,6.79999e+06,1.1499e+07,4.48511e+06,6.79999e+06,1.14988e+07,4.48128e+06,6.79999e+06,1.14987e+07,4.47646e+06,6.79999e+06,1.14985e+07,4.47041e+06,6.79999e+06,1.14983e+07,4.46281e+06,6.79999e+06,1.14981e+07,4.4533e+06,6.79999e+06,1.14979e+07,4.44138e+06,6.79999e+06,1.14976e+07,4.42649e+06,6.79999e+06,1.14972e+07,4.40789e+06,6.79999e+06,1.14969e+07,4.38471e+06,6.79999e+06,1.14965e+07,4.35592e+06,6.79999e+06,1.1496e+07,4.32027e+06,6.79999e+06,1.14955e+07,4.27629e+06,6.79999e+06,1.14949e+07,4.22231e+06,6.79999e+06,1.14942e+07,4.15647e+06,6.79999e+06,1.14934e+07,4.07676e+06,6.79999e+06,1.14926e+07,3.98112e+06,6.79999e+06,1.14916e+07,3.86765e+06,6.79999e+06,1.14905e+07,3.73474e+06,6.79999e+06,1.14892e+07,3.58148e+06,6.79999e+06,1.14878e+07,3.40785e+06,6.79999e+06,1.14862e+07,3.21513e+06,6.79999e+06,1.14844e+07,3.00605e+06,6.79999e+06,1.14823e+07,2.7848e+06,6.79999e+06,1.148e+07,2.5568e+06,6.79999e+06,1.14773e+07,2.32825e+06,6.79999e+06,13.5742,8.52444,0.508366,16.8306,13.2585,0.162638,20.0035,17.569,0.0507846,23.2616,22.4214,0.0158319,26.7328,28.3297,0.00493498,30.5212,35.6974,0.00153831,34.7178,44.9473,0.000479527,39.4086,56.5822,0.000149456,44.6796,71.2245,4.66214e-05,50.6209,89.6543,1.45419e-05,57.3297,112.852,4.54748e-06,64.9129,142.051,1.43857e-06,73.4897,178.803,4.36618e-07,83.1934,225.062,1.40153e-07,94.1745,283.286,4.96378e-08,106.602,356.568,1.05434e-07,120.669,448.799,-6.49244e-08,136.59,564.873,1.70148e-07,154.611,710.948,-5.34594e-08,175.008,894.767,1.63407e-07,198.097,1126.06,8.04804e-08,224.231,1417.07,1.14667e-07,253.813,1783.15,-1.71227e-07,287.297,2243.62,-2.88466e-07,325.198,2822.67,-4.33651e-07,368.098,3550.67,7.9318e-08,416.657,4465.65,3.13319e-07,471.621,5615.16,3.4613e-07,533.835,7058.61,-1.19199e-07,604.255,8870.02,-2.79964e-07,683.962,11141.4,-2.30521e-07,774.182,13986.7,-2.55099e-07,876.299,17546.4,1.23585e-07,991.883,21993.1,1.41192e-07,1122.71,27536.7,-9.71886e-08,1270.78,34430.7,-3.68368e-07,1438.38,42977.7,-3.45379e-07,1628.07,53532.7,-3.25328e-09,1842.77,66504.6,2.6362e-07,2085.77,82350.2,2.53445e-07,2360.79,101560,-2.47407e-08,2672.05,124632,-3.80602e-07,3024.31,152018,-4.79005e-07,3422.98,184060,-1.14379e-07,3874.15,220884,2.64297e-07,4384.72,262283,3.44131e-07,4962.49,307576,7.5349e-08,5616.29,355497,-3.63097e-07,6356.1,404126,-6.05442e-07,7193.18,450932,-2.72333e-07,8140.28,492963,2.29675e-07,9211.79,527178,4.3387e-07,10424,550893,-1.0711e-07,10.102,8.06553,2.81012,10.6436,8.57909,0.869423,11.5336,10.2515,0.270869,12.7211,12.7138,0.0844293,14.1823,15.9373,0.0263173,15.9122,20.0383,0.0082035,17.9198,25.2154,0.00255722,20.2244,31.7373,0.000797017,22.8539,39.9486,0.000248622,25.8438,50.2851,7.75492e-05,29.237,63.2963,2.42508e-05,33.0837,79.6738,7.67162e-06,37.4415,100.288,2.32837e-06,42.3767,126.236,7.33e-07,47.9646,158.896,2.79256e-07,54.2906,200.003,9.87351e-09,61.452,251.741,1.61085e-07,69.5585,316.859,-2.47141e-07,78.7347,398.812,8.93552e-08,89.1218,501.948,-2.53231e-07,100.879,631.736,-1.25047e-07,114.188,795.049,-1.78808e-07,129.252,1000.53,2.6733e-07,146.304,1259.03,4.50292e-07,165.605,1584.19,6.76904e-07,187.452,1993.12,-1.23808e-07,212.181,2507.27,-4.89068e-07,240.173,3153.54,-5.40284e-07,271.856,3965.56,1.86061e-07,307.719,4985.38,4.37004e-07,348.313,6265.4,3.59828e-07,394.26,7870.83,3.98192e-07,446.268,9882.51,-1.92908e-07,505.135,12400.3,-2.20392e-07,571.766,15546.9,1.51705e-07,647.184,19472.2,5.74996e-07,732.547,24357.4,5.39112e-07,829.167,30420,5.07815e-09,938.526,37916.3,-4.11492e-07,1062.3,47143.9,-3.9561e-07,1202.4,58439.2,3.86185e-08,1360.96,72169.3,5.94093e-07,1540.42,88715.8,7.47693e-07,1743.53,108445,1.78537e-07,1973.41,131665,-4.12549e-07,2233.57,158557,-5.37164e-07,2528,189103,-1.17615e-07,2861.2,222986,5.66769e-07,3238.27,259510,9.45053e-07,3664.97,297540,4.25093e-07,4147.81,335497,-3.58506e-07,4694.17,371444,-6.7724e-07,5312.37,403256,1.67192e-07,1.61744,3.89446,9.84394,3.28846,7.5504,12.774,5.07607,11.7187,13.6844,7.03202,16.8147,13.9681,9.20215,23.1769,14.0566,11.6301,31.1672,14.0841,14.3598,41.2186,14.0927,17.4376,53.8688,14.0954,20.9137,69.7915,14.0962,24.8432,89.8341,14.0965,29.2879,115.063,14.0966,34.3168,146.819,14.0966,40.0078,186.792,14.0966,46.4487,237.107,14.0966,53.7388,300.44,14.0966,61.9903,380.158,14.0966,71.3301,480.499,14.0966,81.902,606.796,14.0966,93.8685,765.761,14.0966,107.414,965.837,14.0966,122.746,1217.65,14.0966,140.101,1534.57,14.0966,159.745,1933.41,14.0966,181.981,2435.3,14.0966,207.15,3066.85,14.0966,235.64,3861.46,14.0966,267.889,4861.11,14.0966,304.391,6118.54,14.0966,345.709,7699.91,14.0966,392.478,9688.22,14.0966,445.417,12187.5,14.0966,505.339,15327.7,14.0966,573.165,19271.6,14.0966,649.938,24222,14.0966,736.839,30430.9,14.0966,835.202,38211.5,14.0966,946.539,47950.3,14.0966,1072.56,60122.8,14.0966,1215.21,75309.9,14.0966,1376.66,94216.2,14.0966,1559.41,117688,14.0966,1766.26,146729,14.0966,2000.39,182510,14.0966,2265.39,226372,14.0966,2565.33,279806,14.0966,2904.81,344416,14.0966,3289.05,421845,14.0966,3723.93,513667,14.0966,4216.13,621231,14.0966,4773.18,745478,14.0966,5403.64,886744,14.0966,6117.15,1.04457e+06,14.0966,6924.63,1.2176e+06,14.0966,11.7194,11.96,12.6541,13.9321,16.1295,13.6434,16.6097,21.9702,13.9553,19.7532,29.5285,14.0526,23.3844,39.1143,14.0829,27.5423,51.2054,14.0923,32.2796,66.434,14.0953,37.662,85.6061,14.0962,43.7675,109.74,14.0965,50.687,140.119,14.0966,58.5249,178.359,14.0966,67.4005,226.493,14.0966,77.4493,287.08,14.0966,88.8254,363.343,14.0966,101.703,459.336,14.0966,116.281,580.161,14.0966,132.782,732.241,14.0966,151.46,923.655,14.0966,172.603,1164.57,14.0966,196.535,1467.79,14.0966,223.625,1849.39,14.0966,254.288,2329.62,14.0966,288.997,2933.93,14.0966,328.285,3694.33,14.0966,372.755,4651.04,14.0966,423.092,5854.57,14.0966,480.07,7368.38,14.0966,544.564,9272.08,14.0966,617.566,11665.5,14.0966,700.197,14673.6,14.0966,793.729,18452.9,14.0966,899.599,23198.6,14.0966,1019.43,29154.1,14.0966,1155.07,36622.3,14.0966,1308.6,45977.9,14.0966,1482.39,57683.7,14.0966,1679.09,72307.8,14.0966,1901.73,90542.8,14.0966,2153.73,113226,14.0966,2438.97,141360,14.0966,2761.81,176127,14.0966,3127.22,218898,14.0966,3540.81,271226,14.0966,4008.92,334817,14.0966,4538.74,411470,14.0966,5138.38,502973,14.0966,5817.04,610948,14.0966,6585.12,736653,14.0966,7454.39,880741,14.0966,8438.15,1.04302e+06,14.0966,9551.45,1.22224e+06,14.0966,10811.3,1.41602e+06,14.0966,12237,1.62086e+06,14.0966,11.7194,11.96,12.6541,2.21263,4.16949,0.989383,2.67766,5.84076,0.311842,3.14343,7.55825,0.0972771,3.63127,9.58578,0.0303237,4.15787,12.0912,0.00945211,4.73731,15.2286,0.00294633,5.38238,19.1721,0.000918508,6.10553,24.134,0.000286163,6.91951,30.3791,8.92692e-05,7.83792,38.2397,2.78121e-05,8.87555,48.1338,8.65134e-06,10.0489,60.5876,2.7882e-06,11.3761,76.2629,8.29036e-07,12.8779,95.9927,2.4373e-07,14.5775,120.825,4.33068e-09,16.5012,152.08,1.75749e-07,18.6784,191.415,-1.86328e-07,21.1428,240.917,1.91829e-07,23.9322,303.213,-1.81475e-07,27.0895,381.602,7.0186e-08,30.6634,480.231,-2.86769e-08,34.7087,604.316,2.40784e-07,39.2876,760.401,9.87368e-08,44.4705,956.705,1.22263e-07,50.3371,1203.54,-4.31966e-07,56.9776,1513.81,-1.9705e-07,64.494,1903.69,-2.763e-08,73.0018,2393.4,3.9185e-07,82.6317,3008.13,1.35379e-07,93.5318,3779.25,-4.16351e-08,105.869,4745.7,2.06965e-08,119.834,5955.6,-3.18887e-07,135.641,7468.12,-1.48271e-08,153.531,9355.62,2.00739e-07,173.781,11705.8,2.28358e-07,196.701,14624.1,-1.93587e-08,222.642,18235,-2.88101e-07,252.003,22683.4,-2.24732e-07,285.234,28134,8.56806e-09,322.845,34767,2.34258e-07,365.413,42770.9,2.99668e-07,413.588,52327.9,8.28644e-08,468.111,63591.2,-3.07049e-07,529.814,76653.2,-3.1888e-07,599.642,91502.5,-6.72276e-08,678.662,107975,2.26339e-07,768.083,125705,3.69212e-07,869.267,144088,2.04077e-07,983.76,162277,-2.80509e-07,1113.3,179223,-4.22737e-07,1259.87,193777,-1.71951e-07,1425.68,204839,4.55555e-07,11.7194,11.96,12.6541,2.21263,4.16949,0.989383,2.67766,5.84076,0.311842,3.14343,7.55825,0.0972771,3.63127,9.58578,0.0303237,4.15787,12.0912,0.00945211,4.73731,15.2286,0.00294633,5.38238,19.1721,0.000918508,6.10553,24.134,0.000286163,6.91951,30.3791,8.92692e-05,7.83792,38.2397,2.78121e-05,8.87555,48.1338,8.65134e-06,10.0489,60.5876,2.7882e-06,11.3761,76.2629,8.29036e-07,12.8779,95.9927,2.4373e-07,14.5775,120.825,1e-08,16.5012,152.08,1.75749e-07,18.6784,191.415,1e-08,21.1428,240.917,1.91829e-07,23.9322,303.213,1e-08,27.0895,381.602,7.0186e-08,30.6634,480.231,1e-08,34.7087,604.316,2.40784e-07,39.2876,760.401,9.87368e-08,44.4705,956.705,1.22263e-07,50.3371,1203.54,1e-08,56.9776,1513.81,1e-08,64.494,1903.69,1e-08,73.0018,2393.4,3.9185e-07,82.6317,3008.13,1.35379e-07,93.5318,3779.25,1e-08,105.869,4745.7,2.06965e-08,119.834,5955.6,1e-08,135.641,7468.12,1e-08,153.531,9355.62,2.00739e-07,173.781,11705.8,2.28358e-07,196.701,14624.1,1e-08,222.642,18235,1e-08,252.003,22683.4,1e-08,285.234,28134,1e-08,322.845,34767,2.34258e-07,365.413,42770.9,2.99668e-07,413.588,52327.9,8.28644e-08,468.111,63591.2,1e-08,529.814,76653.2,1e-08,599.642,91502.5,1e-08,678.662,107975,2.26339e-07,768.083,125705,3.69212e-07,869.267,144088,2.04077e-07,983.76,162277,1e-08,1113.3,179223,1e-08,1259.87,193777,1e-08,1425.68,204839,4.55555e-07,6.2823,3.27286,2.43537,0.219672,6.18826,2.24117,0.56371,6.87772,2.63624,0.308279,7,3,19,2,4,1,1,2,0,3,9,0,3,8,1,0,9,0,2,7,0,7,9,0,6,38,0,13,47,0,7,36,0,10,72,0,18,57,0,10,36,0,13,105,0,10,120,0,23,114,0,7,88,0,7,237,0,22,528,0,3,357,0,58,467,0,31,732,0,49,735,0,33,544,0,22,1264,0,42,1063,0,68,1373,0,24,3027,0,58,4061,0,71,2382,0,117,3375,0,102,4531,0,136,7992,0,120,9195,0,257,5737,0,294,19000,0,305,13108,0,248,11241,0,275,31518,0,310,50775,0,283,67071,0,335,62764,0,867,62420,0,381,58536,0,821,77701,0,845,41463,0,832,222913,0,1530,72729,0,953,114510,0,1445,127600,0,794,279916,0,1954,157581,0
-1.05176e+08,1,8.88811e-15,10,1023,0,1.05176e+08,0.528882,1.08665,0.389689,0.145397,0.379329,3.24381,0.161596,0.446195,1.77396,0.159177,1.15e+07,4.49998e+06,6.79999e+06,1.15e+07,4.49997e+06,6.79999e+06,1.15e+07,4.49996e+06,6.79999e+06,1.15e+07,4.49995e+06,6.79999e+06,1.14999e+07,4.49993e+06,6.79999e+06,1.14999e+07,4.49991e+06,6.79999e+06,1.14999e+07,4.49989e+06,6.79999e+06,1.14999e+07,4.49986e+06,6.79999e+06,1.14999e+07,4.49982e+06,6.79999e+06,1.14999e+07,4.49977e+06,6.79999e+06,1.14999e+07,4.49971e+06,6.79999e+06,1.14999e+07,4.49963e+06,6.79999e+06,1.14998e+07,4.49953e+06,6.79999e+06,1.14998e+07,4.49941e+06,6.79999e+06,1.14998e+07,4.49926e+06,6.79999e+06,1.14998e+07,4.49906e+06,6.79999e+06,1.14997e+07,4.49882e+06,6.79999e+06,1.14997e+07,4.49851e+06,6.79999e+06,1.14997e+07,4.49812e+06,6.79999e+06,1.14996e+07,4.49764e+06,6.79999e+06,1.14996e+07,4.49702e+06,6.79999e+06,1.14995e+07,4.49625e+06,6.79999e+06,1.14995e+07,4.49528e+06,6.79999e+06,1.14994e+07,4.49406e+06,6.79999e+06,1.14993e+07,4.49253e+06,6.79999e+06,1.14992e+07,4.49059e+06,6.79999e+06,1.14991e+07,4.48817e+06,6.79999e+06,1.1499e+07,4.48511e+06,6.79999e+06,1.14988e+07,4.48128e+06,6.79999e+06,1.14987e+07,4.47646e+06,6.79999e+06,1.14985e+07,4.47041e+06,6.79999e+06,1.14983e+07,4.46281e+06,6.79999e+06,1.14981e+07,4.4533e+06,6.79999e+06,1.14979e+07,4.44138e+06,6.79999e+06,1.14976e+07,4.42649e+06,6.79999e+06,1.14972e+07,4.40789e+06,6.79999e+06,1.14969e+07,4.38471e+06,6.79999e+06,1.14965e+07,4.35592e+06,6.79999e+06,1.1496e+07,4.32027e+06,6.79999e+06,1.14955e+07,4.27629e+06,6.79999e+06,1.14949e+07,4.22231e+06,6.79999e+06,1.14942e+07,4.15647e+06,6.79999e+06,1.14934e+07,4.07676e+06,6.79999e+06,1.14926e+07,3.98112e+06,6.79999e+06,1.14916e+07,3.86765e+06,6.79999e+06,1.14905e+07,3.73474e+06,6.79999e+06,1.14892e+07,3.58148e+06,6.79999e+06,1.14878e+07,3.40785e+06,6.79999e+06,1.14862e+07,3.21513e+06,6.79999e+06,1.14844e+07,3.00605e+06,6.79999e+06,1.14823e+07,2.7848e+06,6.79999e+06,1.148e+07,2.5568e+06,6.79999e+06,1.14773e+07,2.32825e+06,6.79999e+06,13.5742,8.52444,0.508366,16.8306,13.2585,0.162638,20.0035,17.569,0.0507846,23.2616,22.4214,0.0158319,26.7328,28.3297,0.00493498,30.5212,35.6974,0.00153831,34.7178,44.9473,0.000479527,39.4086,56.5822,0.000149456,44.6796,71.2245,4.66214e-05,50.6209,89.6543,1.45419e-05,57.3297,112.852,4.54748e-06,64.9129,142.051,1.43857e-06,73.4897,178.803,4.36618e-07,83.1934,225.062,1.40153e-07,94.1745,283.286,4.96378e-08,106.602,356.568,1.05434e-07,120.669,448.799,-6.49244e-08,136.59,564.873,1.70148e-07,154.611,710.948,-5.34594e-08,175.008,894.767,1.63407e-07,198.097,1126.06,8.04804e-08,224.231,1417.07,1.14667e-07,253.813,1783.15,-1.71227e-07,287.297,2243.62,-2.88466e-07,325.198,2822.67,-4.33651e-07,368.098,3550.67,7.9318e-08,416.657,4465.65,3.13319e-07,471.621,5615.16,3.4613e-07,533.835,7058.61,-1.19199e-07,604.255,8870.02,-2.79964e-07,683.962,11141.4,-2.30521e-07,774.182,13986.7,-2.55099e-07,876.299,17546.4,1.23585e-07,991.883,21993.1,1.41192e-07,1122.71,27536.7,-9.71886e-08,1270.78,34430.7,-3.68368e-07,1438.38,42977.7,-3.45379e-07,1628.07,53532.7,-3.25328e-09,1842.77,66504.6,2.6362e-07,2085.77,82350.2,2.53445e-07,2360.79,101560,-2.47407e-08,2672.05,124632,-3.80602e-07,3024.31,152018,-4.79005e-07,3422.98,184060,-1.14379e-07,3874.15,220884,2.64297e-07,4384.72,262283,3.44131e-07,4962.49,307576,7.5349e-08,5616.29,355497,-3.63097e-07,6356.1,404126,-6.05442e-07,7193.18,450932,-2.72333e-07,8140.28,492963,2.29675e-07,9211.79,527178,4.3387e-07,10424,550893,-1.0711e-07,10.102,8.06553,2.81012,10.6436,8.57909,0.869423,11.5336,10.2515,0.270869,12.7211,12.7138,0.0844293,14.1823,15.9373,0.0263173,15.9122,20.0383,0.0082035,17.9198,25.2154,0.00255722,20.2244,31.7373,0.000797017,22.8539,39.9486,0.000248622,25.8438,50.2851,7.75492e-05,29.237,63.2963,2.42508e-05,33.0837,79.6738,7.67162e-06,37.4415,100.288,2.32837e-06,42.3767,126.236,7.33e-07,47.9646,158.896,2.79256e-07,54.2906,200.003,9.87351e-09,61.452,251.741,1.61085e-07,69.5585,316.859,-2.47141e-07,78.7347,398.812,8.93552e-08,89.1218,501.948,-2.53231e-07,100.879,631.736,-1.25047e-07,114.188,795.049,-1.78808e-07,129.252,1000.53,2.6733e-07,146.304,1259.03,4.50292e-07,165.605,1584.19,6.76904e-07,187.452,1993.12,-1.23808e-07,212.181,2507.27,-4.89068e-07,240.173,3153.54,-5.40284e-07,271.856,3965.56,1.86061e-07,307.719,4985.38,4.37004e-07,348.313,6265.4,3.59828e-07,394.26,7870.83,3.98192e-07,446.268,9882.51,-1.92908e-07,505.135,12400.3,-2.20392e-07,571.766,15546.9,1.51705e-07,647.184,19472.2,5.74996e-07,732.547,24357.4,5.39112e-07,829.167,30420,5.07815e-09,938.526,37916.3,-4.11492e-07,1062.3,47143.9,-3.9561e-07,1202.4,58439.2,3.86185e-08,1360.96,72169.3,5.94093e-07,1540.42,88715.8,7.47693e-07,1743.53,108445,1.78537e-07,1973.41,131665,-4.12549e-07,2233.57,158557,-5.37164e-07,2528,189103,-1.17615e-07,2861.2,222986,5.66769e-07,3238.27,259510,9.45053e-07,3664.97,297540,4.25093e-07,4147.81,335497,-3.58506e-07,4694.17,371444,-6.7724e-07,5312.37,403256,1.67192e-07,1.61744,3.89446,9.84394,3.28846,7.5504,12.774,5.07607,11.7187,13.6844,7.03202,16.8147,13.9681,9.20215,23.1769,14.0566,11.6301,31.1672,14.0841,14.3598,41.2186,14.0927,17.4376,53.8688,14.0954,20.9137,69.7915,14.0962,24.8432,89.8341,14.0965,29.2879,115.063,14.0966,34.3168,146.819,14.0966,40.0078,186.792,14.0966,46.4487,237.107,14.0966,53.7388,300.44,14.0966,61.9903,380.158,14.0966,71.3301,480.499,14.0966,81.902,606.796,14.0966,93.8685,765.761,14.0966,107.414,965.837,14.0966,122.746,1217.65,14.0966,140.101,1534.57,14.0966,159.745,1933.41,14.0966,181.981,2435.3,14.0966,207.15,3066.85,14.0966,235.64,3861.46,14.0966,267.889,4861.11,14.0966,304.391,6118.54,14.0966,345.709,7699.91,14.0966,392.478,9688.22,14.0966,445.417,12187.5,14.0966,505.339,15327.7,14.0966,573.165,19271.6,14.0966,649.938,24222,14.0966,736.839,30430.9,14.0966,835.202,38211.5,14.0966,946.539,47950.3,14.0966,1072.56,60122.8,14.0966,1215.21,75309.9,14.0966,1376.66,94216.2,14.0966,1559.41,117688,14.0966,1766.26,146729,14.0966,2000.39,182510,14.0966,2265.39,226372,14.0966,2565.33,279806,14.0966,2904.81,344416,14.0966,3289.05,421845,14.0966,3723.93,513667,14.0966,4216.13,621231,14.0966,4773.18,745478,14.0966,5403.64,886744,14.0966,6117.15,1.04457e+06,14.0966,6924.63,1.2176e+06,14.0966,11.7194,11.96,12.6541,13.9321,16.1295,13.6434,16.6097,21.9702,13.9553,19.7532,29.5285,14.0526,23.3844,39.1143,14.0829,27.5423,51.2054,14.0923,32.2796,66.434,14.0953,37.662,85.6061,14.0962,43.7675,109.74,14.0965,50.687,140.119,14.0966,58.5249,178.359,14.0966,67.4005,226.493,14.0966,77.4493,287.08,14.0966,88.8254,363.343,14.0966,101.703,459.336,14.0966,116.281,580.161,14.0966,132.782,732.241,14.0966,151.46,923.655,14.0966,172.603,1164.57,14.0966,196.535,1467.79,14.0966,223.625,1849.39,14.0966,254.288,2329.62,14.0966,288.997,2933.93,14.0966,328.285,3694.33,14.0966,372.755,4651.04,14.0966,423.092,5854.57,14.0966,480.07,7368.38,14.0966,544.564,9272.08,14.0966,617.566,11665.5,14.0966,700.197,14673.6,14.0966,793.729,18452.9,14.0966,899.599,23198.6,14.0966,1019.43,29154.1,14.0966,1155.07,36622.3,14.0966,1308.6,45977.9,14.0966,1482.39,57683.7,14.0966,1679.09,72307.8,14.0966,1901.73,90542.8,14.0966,2153.73,113226,14.0966,2438.97,141360,14.0966,2761.81,176127,14.0966,3127.22,218898,14.0966,3540.81,271226,14.0966,4008.92,334817,14.0966,4538.74,411470,14.0966,5138.38,502973,14.0966,5817.04,610948,14.0966,6585.12,736653,14.0966,7454.39,880741,14.0966,8438.15,1.04302e+06,14.0966,9551.45,1.22224e+06,14.0966,10811.3,1.41602e+06,14.0966,12237,1.62086e+06,14.0966,11.7194,11.96,12.6541,2.21263,4.16949,0.989383,2.67766,5.84076,0.311842,3.14343,7.55825,0.0972771,3.63127,9.58578,0.0303237,4.15787,12.0912,0.00945211,4.73731,15.2286,0.00294633,5.38238,19.1721,0.000918508,6.10553,24.134,0.000286163,6.91951,30.3791,8.92692e-05,7.83792,38.2397,2.78121e-05,8.87555,48.1338,8.65134e-06,10.0489,60.5876,2.7882e-06,11.3761,76.2629,8.29036e-07,12.8779,95.9927,2.4373e-07,14.5775,120.825,4.33068e-09,16.5012,152.08,1.75749e-07,18.6784,191.415,-1.86328e-07,21.1428,240.917,1.91829e-07,23.9322,303.213,-1.81475e-07,27.0895,381.602,7.0186e-08,30.6634,480.231,-2.86769e-08,34.7087,604.316,2.40784e-07,39.2876,760.401,9.87368e-08,44.4705,956.705,1.22263e-07,50.3371,1203.54,-4.31966e-07,56.9776,1513.81,-1.9705e-07,64.494,1903.69,-2.763e-08,73.0018,2393.4,3.9185e-07,82.6317,3008.13,1.35379e-07,93.5318,3779.25,-4.16351e-08,105.869,4745.7,2.06965e-08,119.834,5955.6,-3.18887e-07,135.641,7468.12,-1.48271e-08,153.531,9355.62,2.00739e-07,173.781,11705.8,2.28358e-07,196.701,14624.1,-1.93587e-08,222.642,18235,-2.88101e-07,252.003,22683.4,-2.24732e-07,285.234,28134,8.56806e-09,322.845,34767,2.34258e-07,365.413,42770.9,2.99668e-07,413.588,52327.9,8.28644e-08,468.111,63591.2,-3.07049e-07,529.814,76653.2,-3.1888e-07,599.642,91502.5,-6.72276e-08,678.662,107975,2.26339e-07,768.083,125705,3.69212e-07,869.267,144088,2.04077e-07,983.76,162277,-2.80509e-07,1113.3,179223,-4.22737e-07,1259.87,193777,-1.71951e-07,1425.68,204839,4.55555e-07,11.7194,11.96,12.6541,2.21263,4.16949,0.989383,2.67766,5.84076,0.311842,3.14343,7.55825,0.0972771,3.63127,9.58578,0.0303237,4.15787,12.0912,0.00945211,4.73731,15.2286,0.00294633,5.38238,19.1721,0.000918508,6.10553,24.134,0.000286163,6.91951,30.3791,8.92692e-05,7.83792,38.2397,2.78121e-05,8.87555,48.1338,8.65134e-06,10.0489,60.5876,2.7882e-06,11.3761,76.2629,8.29036e-07,12.8779,95.9927,2.4373e-07,14.5775,120.825,1e-08,16.5012,152.08,1.75749e-07,18.6784,191.415,1e-08,21.1428,240.917,1.91829e-07,23.9322,303.213,1e-08,27.0895,381.602,7.0186e-08,30.6634,480.231,1e-08,34.7087,604.316,2.40784e-07,39.2876,760.401,9.87368e-08,44.4705,956.705,1.22263e-07,50.3371,1203.54,1e-08,56.9776,1513.81,1e-08,64.494,1903.69,1e-08,73.0018,2393.4,3.9185e-07,82.6317,3008.13,1.35379e-07,93.5318,3779.25,1e-08,105.869,4745.7,2.06965e-08,119.834,5955.6,1e-08,135.641,7468.12,1e-08,153.531,9355.62,2.00739e-07,173.781,11705.8,2.28358e-07,196.701,14624.1,1e-08,222.642,18235,1e-08,252.003,22683.4,1e-08,285.234,28134,1e-08,322.845,34767,2.34258e-07,365.413,42770.9,2.99668e-07,413.588,52327.9,8.28644e-08,468.111,63591.2,1e-08,529.814,76653.2,1e-08,599.642,91502.5,1e-08,678.662,107975,2.26339e-07,768.083,125705,3.69212e-07,869.267,144088,2.04077e-07,983.76,162277,1e-08,1113.3,179223,1e-08,1259.87,193777,1e-08,1425.68,204839,4.55555e-07,6.2823,3.27286,2.43537,0.219672,6.18826,2.24117,0.56371,6.87772,2.63624,0.308279,7,19,18,1,6,2,3,10,0,2,6,1,0,4,0,1,9,0,5,23,0,4,13,0,7,14,0,10,47,0,10,24,0,7,49,0,15,63,0,1,126,0,1,97,0,17,87,0,5,120,0,6,122,0,26,229,0,28,188,0,21,367,0,36,701,0,60,379,0,41,572,0,43,1337,0,43,2027,0,50,946,0,46,1755,0,31,1130,0,113,1935,0,100,6750,0,47,7397,0,163,11184,0,98,15452,0,273,3655,0,144,8726,0,471,15575,0,182,12286,0,297,14808,0,373,37578,0,355,47477,0,254,53438,0,591,58990,0,601,52168,0,675,150899,0,371,121102,0,189,62030,0,549,49466,0,611,74325,0,420,144252,0,732,46623,0,751,301877,0,1082,193006,0
-1.05176e+08,1,8.88811e-15,10,1023,0,1.05176e+08,0.528882,1.08665,0.389689,0.145397,0.379329,3.24381,0.161596,0.446195,1.77396,0.159177,1.15e+07,4.49998e+06,6.79999e+06,1.15e+07,4.49997e+06,6.79999e+06,1.15e+07,4.49996e+06,6.79999e+06,1.15e+07,4.49995e+06,6.79999e+06,1.14999e+07,4.49993e+06,6.79999e+06,1.14999e+07,4.49991e+06,6.79999e+06,1.14999e+07,4.49989e+06,6.79999e+06,1.14999e+07,4.49986e+06,6.79999e+06,1.14999e+07,4.49982e+06,6.79999e+06,1.14999e+07,4.49977e+06,6.79999e+06,1.14999e+07,4.49971e+06,6.79999e+06,1.14999e+07,4.49963e+06,6.79999e+06,1.14998e+07,4.49953e+06,6.79999e+06,1.14998e+07,4.49941e+06,6.79999e+06,1.14998e+07,4.49926e+06,6.79999e+06,1.14998e+07,4.49906e+06,6.79999e+06,1.14997e+07,4.49882e+06,6.79999e+06,1.14997e+07,4.49851e+06,6.79999e+06,1.14997e+07,4.49812e+06,6.79999e+06,1.14996e+07,4.49764e+06,6.79999e+06,1.14996e+07,4.49702e+06,6.79999e+06,1.14995e+07,4.49625e+06,6.79999e+06,1.14995e+07,4.49528e+06,6.79999e+06,1.14994e+07,4.49406e+06,6.79999e+06,1.14993e+07,4.49253e+06,6.79999e+06,1.14992e+07,4.49059e+06,6.79999e+06,1.14991e+07,4.48817e+06,6.79999e+06,1.1499e+07,4.48511e+06,6.79999e+06,1.14988e+07,4.48128e+06,6.79999e+06,1.14987e+07,4.47646e+06,6.79999e+06,1.14985e+07,4.47041e+06,6.79999e+06,1.14983e+07,4.46281e+06,6.79999e+06,1.14981e+07,4.4533e+06,6.79999e+06,1.14979e+07,4.44138e+06,6.79999e+06,1.14976e+07,4.42649e+06,6.79999e+06,1.14972e+07,4.40789e+06,6.79999e+06,1.14969e+07,4.38471e+06,6.79999e+06,1.14965e+07,4.35592e+06,6.79999e+06,1.1496e+07,4.32027e+06,6.79999e+06,1.14955e+07,4.27629e+06,6.79999e+06,1.14949e+07,4.22231e+06,6.79999e+06,1.14942e+07,4.15647e+06,6.79999e+06,1.14934e+07,4.07676e+06,6.79999e+06,1.14926e+07,3.98112e+06,6.79999e+06,1.14916e+07,3.86765e+06,6.79999e+06,1.14905e+07,3.73474e+06,6.79999e+06,1.14892e+07,3.58148e+06,6.79999e+06,1.14878e+07,3.40785e+06,6.79999e+06,1.14862e+07,3.21513e+06,6.79999e+06,1.14844e+07,3.00605e+06,6.79999e+06,1.14823e+07,2.7848e+06,6.79999e+06,1.148e+07,2.5568e+06,6.79999e+06,1.14773e+07,2.32825e+06,6.79999e+06,13.5742,8.52444,0.508366,16.8306,13.2585,0.162638,20.0035,17.569,0.0507846,23.2616,22.4214,0.0158319,26.7328,28.3297,0.00493498,30.5212,35.6974,0.00153831,34.7178,44.9473,0.000479527,39.4086,56.5822,0.000149456,44.6796,71.2245,4.66214e-05,50.6209,89.6543,1.45419e-05,57.3297,112.852,4.54748e-06,64.9129,142.051,1.43857e-06,73.4897,178.803,4.36618e-07,83.1934,225.062,1.40153e-07,94.1745,283.286,4.96378e-08,106.602,356.568,1.05434e-07,120.669,448.799,-6.49244e-08,136.59,564.873,1.70148e-07,154.611,710.948,-5.34594e-08,175.008,894.767,1.63407e-07,198.097,1126.06,8.04804e-08,224.231,1417.07,1.14667e-07,253.813,1783.15,-1.71227e-07,287.297,2243.62,-2.88466e-07,325.198,2822.67,-4.33651e-07,368.098,3550.67,7.9318e-08,416.657,4465.65,3.13319e-07,471.621,5615.16,3.4613e-07,533.835,7058.61,-1.19199e-07,604.255,8870.02,-2.79964e-07,683.962,11141.4,-2.30521e-07,774.182,13986.7,-2.55099e-07,876.299,17546.4,1.23585e-07,991.883,21993.1,1.41192e-07,1122.71,27536.7,-9.71886e-08,1270.78,34430.7,-3.68368e-07,1438.38,42977.7,-3.45379e-07,1628.07,53532.7,-3.25328e-09,1842.77,66504.6,2.6362e-07,2085.77,82350.2,2.53445e-07,2360.79,101560,-2.47407e-08,2672.05,124632,-3.80602e-07,3024.31,152018,-4.79005e-07,3422.98,184060,-1.14379e-07,3874.15,220884,2.64297e-07,4384.72,262283,3.44131e-07,4962.49,307576,7.5349e-08,5616.29,355497,-3.63097e-07,6356.1,404126,-6.05442e-07,7193.18,450932,-2.72333e-07,8140.28,492963,2.29675e-07,9211.79,527178,4.3387e-07,10424,550893,-1.0711e-07,10.102,8.06553,2.81012,10.6436,8.57909,0.869423,11.5336,10.2515,0.270869,12.7211,12.7138,0.0844293,14.1823,15.9373,0.0263173,15.9122,20.0383,0.0082035,17.9198,25.2154,0.00255722,20.2244,31.7373,0.000797017,22.8539,39.9486,0.000248622,25.8438,50.2851,7.75492e-05,29.237,63.2963,2.42508e-05,33.0837,79.6738,7.67162e-06,37.4415,100.288,2.32837e-06,42.3767,126.236,7.33e-07,47.9646,158.896,2.79256e-07,54.2906,200.003,9.87351e-09,61.452,251.741,1.61085e-07,69.5585,316.859,-2.47141e-07,78.7347,398.812,8.93552e-08,89.1218,501.948,-2.53231e-07,100.879,631.736,-1.25047e-07,114.188,795.049,-1.78808e-07,129.252,1000.53,2.6733e-07,146.304,1259.03,4.50292e-07,165.605,1584.19,6.76904e-07,187.452,1993.12,-1.23808e-07,212.181,2507.27,-4.89068e-07,240.173,3153.54,-5.40284e-07,271.856,3965.56,1.86061e-07,307.719,4985.38,4.37004e-07,348.313,6265.4,3.59828e-07,394.26,7870.83,3.98192e-07,446.268,9882.51,-1.92908e-07,505.135,12400.3,-2.20392e-07,571.766,15546.9,1.51705e-07,647.184,19472.2,5.74996e-07,732.547,24357.4,5.39112e-07,829.167,30420,5.07815e-09,938.526,37916.3,-4.11492e-07,1062.3,47143.9,-3.9561e-07,1202.4,58439.2,3.86185e-08,1360.96,72169.3,5.94093e-07,1540.42,88715.8,7.47693e-07,1743.53,108445,1.78537e-07,1973.41,131665,-4.12549e-07,2233.57,158557,-5.37164e-07,2528,189103,-1.17615e-07,2861.2,222986,5.66769e-07,3238.27,259510,9.45053e-07,3664.97,297540,4.25093e-07,4147.81,335497,-3.58506e-07,4694.17,371444,-6.7724e-07,5312.37,403256,1.67192e-07,1.61744,3.89446,9.84394,3.28846,7.5504,12.774,5.07607,11.7187,13.6844,7.03202,16.8147,13.9681,9.20215,23.1769,14.0566,11.6301,31.1672,14.0841,14.3598,41.2186,14.0927,17.4376,53.8688,14.0954,20.9137,69.7915,14.0962,24.8432,89.8341,14.0965,29.2879,115.063,14.0966,34.3168,146.819,14.0966,40.0078,186.792,14.0966,46.4487,237.107,14.0966,53.7388,300.44,14.0966,61.9903,380.158,14.0966,71.3301,480.499,14.0966,81.902,606.796,14.0966,93.8685,765.761,14.0966,107.414,965.837,14.0966,122.746,1217.65,14.0966,140.101,1534.57,14.0966,159.745,1933.41,14.0966,181.981,2435.3,14.0966,207.15,3066.85,14.0966,235.64,3861.46,14.0966,267.889,4861.11,14.0966,304.391,6118.54,14.0966,345.709,7699.91,14.0966,392.478,9688.22,14.0966,445.417,12187.5,14.0966,505.339,15327.7,14.0966,573.165,19271.6,14.0966,649.938,24222,14.0966,736.839,30430.9,14.0966,835.202,38211.5,14.0966,946.539,47950.3,14.0966,1072.56,60122.8,14.0966,1215.21,75309.9,14.0966,1376.66,94216.2,14.0966,1559.41,117688,14.0966,1766.26,146729,14.0966,2000.39,182510,14.0966,2265.39,226372,14.0966,2565.33,279806,14.0966,2904.81,344416,14.0966,3289.05,421845,14.0966,3723.93,513667,14.0966,4216.13,621231,14.0966,4773.18,745478,14.0966,5403.64,886744,14.0966,6117.15,1.04457e+06,14.0966,6924.63,1.2176e+06,14.0966,11.7194,11.96,12.6541,13.9321,16.1295,13.6434,16.6097,21.9702,13.9553,19.7532,29.5285,14.0526,23.3844,39.1143,14.0829,27.5423,51.2054,14.0923,32.2796,66.434,14.0953,37.662,85.6061,14.0962,43.7675,109.74,14.0965,50.687,140.119,14.0966,58.5249,178.359,14.0966,67.4005,226.493,14.0966,77.4493,287.08,14.0966,88.8254,363.343,14.0966,101.703,459.336,14.0966,116.281,580.161,14.0966,132.782,732.241,14.0966,151.46,923.655,14.0966,172.603,1164.57,14.0966,196.535,1467.79,14.0966,223.625,1849.39,14.0966,254.288,2329.62,14.0966,288.997,2933.93,14.0966,328.285,3694.33,14.0966,372.755,4651.04,14.0966,423.092,5854.57,14.0966,480.07,7368.38,14.0966,544.564,9272.08,14.0966,617.566,11665.5,14.0966,700.197,14673.6,14.0966,793.729,18452.9,14.0966,899.599,23198.6,14.0966,1019.43,29154.1,14.0966,1155.07,36622.3,14.0966,1308.6,45977.9,14.0966,1482.39,57683.7,14.0966,1679.09,72307.8,14.0966,1901.73,90542.8,14.0966,2153.73,113226,14.0966,2438.97,141360,14.0966,2761.81,176127,14.0966,3127.22,218898,14.0966,3540.81,271226,14.0966,4008.92,334817,14.0966,4538.74,411470,14.0966,5138.38,502973,14.0966,5817.04,610948,14.0966,6585.12,736653,14.0966,7454.39,880741,14.0966,8438.15,1.04302e+06,14.0966,9551.45,1.22224e+06,14.0966,10811.3,1.41602e+06,14.0966,12237,1.62086e+06,14.0966,11.7194,11.96,12.6541,2.21263,4.16949,0.989383,2.67766,5.84076,0.311842,3.14343,7.55825,0.0972771,3.63127,9.58578,0.0303237,4.15787,12.0912,0.00945211,4.73731,15.2286,0.00294633,5.38238,19.1721,0.000918508,6.10553,24.134,0.000286163,6.91951,30.3791,8.92692e-05,7.83792,38.2397,2.78121e-05,8.87555,48.1338,8.65134e-06,10.0489,60.5876,2.7882e-06,11.3761,76.2629,8.29036e-07,12.8779,95.9927,2.4373e-07,14.5775,120.825,4.33068e-09,16.5012,152.08,1.75749e-07,18.6784,191.415,-1.86328e-07,21.1428,240.917,1.91829e-07,23.9322,303.213,-1.81475e-07,27.0895,381.602,7.0186e-08,30.6634,480.231,-2.86769e-08,34.7087,604.316,2.40784e-07,39.2876,760.401,9.87368e-08,44.4705,956.705,1.22263e-07,50.3371,1203.54,-4.31966e-07,56.9776,1513.81,-1.9705e-07,64.494,1903.69,-2.763e-08,73.0018,2393.4,3.9185e-07,82.6317,3008.13,1.35379e-07,93.5318,3779.25,-4.16351e-08,105.869,4745.7,2.06965e-08,119.834,5955.6,-3.18887e-07,135.641,7468.12,-1.48271e-08,153.531,9355.62,2.00739e-07,173.781,11705.8,2.28358e-07,196.701,14624.1,-1.93587e-08,222.642,18235,-2.88101e-07,252.003,22683.4,-2.24732e-07,285.234,28134,8.56806e-09,322.845,34767,2.34258e-07,365.413,42770.9,2.99668e-07,413.588,52327.9,8.28644e-08,468.111,63591.2,-3.07049e-07,529.814,76653.2,-3.1888e-07,599.642,91502.5,-6.72276e-08,678.662,107975,2.26339e-07,768.083,125705,3.69212e-07,869.267,144088,2.04077e-07,983.76,162277,-2.80509e-07,1113.3,179223,-4.22737e-07,1259.87,193777,-1.71951e-07,1425.68,204839,4.55555e-07,11.7194,11.96,12.6541,2.21263,4.16949,0.989383,2.67766,5.84076,0.311842,3.14343,7.55825,0.0972771,3.63127,9.58578,0.0303237,4.15787,12.0912,0.00945211,4.73731,15.2286,0.00294633,5.38238,19.1721,0.000918508,6.10553,24.134,0.000286163,6.91951,30.3791,8.92692e-05,7.83792,38.2397,2.78121e-05,8.87555,48.1338,8.65134e-06,10.0489,60.5876,2.7882e-06,11.3761,76.2629,8.29036e-07,12.8779,95.9927,2.4373e-07,14.5775,120.825,1e-08,16.5012,152.08,1.75749e-07,18.6784,191.415,1e-08,21.1428,240.917,1.91829e-07,23.9322,303.213,1e-08,27.0895,381.602,7.0186e-08,30.6634,480.231,1e-08,34.7087,604.316,2.40784e-07,39.2876,760.401,9.87368e-08,44.4705,956.705,1.22263e-07,50.3371,1203.54,1e-08,56.9776,1513.81,1e-08,64.494,1903.69,1e-08,73.0018,2393.4,3.9185e-07,82.6317,3008.13,1.35379e-07,93.5318,3779.25,1e-08,105.869,4745.7,2.06965e-08,119.834,5955.6,1e-08,135.641,7468.12,1e-08,153.531,9355.62,2.00739e-07,173.781,11705.8,2.28358e-07,196.701,14624.1,1e-08,222.642,18235,1e-08,252.003,22683.4,1e-08,285.234,28134,1e-08,322.845,34767,2.34258e-07,365.413,42770.9,2.99668e-07,413.588,52327.9,8.28644e-08,468.111,63591.2,1e-08,529.814,76653.2,1e-08,599.642,91502.5,1e-08,678.662,107975,2.26339e-07,768.083,125705,3.69212e-07,869.267,144088,2.04077e-07,983.76,162277,1e-08,1113.3,179223,1e-08,1259.87,193777,1e-08,1425.68,204839,4.55555e-07,6.2823,3.27286,2.43537,0.219672,6.18826,2.24117,0.56371,6.87772,2.63624,0.308279,11,10,21,1,5,1,2,9,0,2,5,0,0,6,0,1,20,0,8,16,0,9,15,0,11,34,0,5,27,0,8,32,0,5,31,0,13,108,0,5,56,0,8,119,0,12,140,0,24,106,0,14,202,0,11,234,0,23,321,0,69,383,0,41,625,0,19,566,0,35,974,0,40,1181,0,57,1819,0,96,758,0,77,2392,0,60,3008,0,166,4928,0,150,2598,0,129,3641,0,75,5392,0,153,7379,0,50,8556,0,222,9009,0,80,12003,0,134,10275,0,254,14928,0,298,41380,0,338,10916,0,243,28867,0,150,36659,0,729,42815,0,362,70589,0,181,77251,0,596,75145,0,941,108089,0,1495,271943,0,1503,106444,0,1020,102474,0,431,205192,0,1308,224549,0
-1.05176e+08,1,8.88811e-15,10,1023,0,1.05176e+08,0.528882,1.08665,0.389689,0.145397,0.379329,3.24381,0.161596,0.446195,1.77396,0.159177,1.15e+07,4.49998e+06,6.79999e+06,1.15e+07,4.49997e+06,6.79999e+06,1.15e+07,4.49996e+06,6.79999e+06,1.15e+07,4.49995e+06,6.79999e+06,1.14999e+07,4.49993e+06,6.79999e+06,1.14999e+07,4.49991e+06,6.79999e+06,1.14999e+07,4.49989e+06,6.79999e+06,1.14999e+07,4.49986e+06,6.79999e+06,1.14999e+07,4.49982e+06,6.79999e+06,1.14999e+07,4.49977e+06,6.79999e+06,1.14999e+07,4.49971e+06,6.79999e+06,1.14999e+07,4.49963e+06,6.79999e+06,1.14998e+07,4.49953e+06,6.79999e+06,1.14998e+07,4.49941e+06,6.79999e+06,1.14998e+07,4.49926e+06,6.79999e+06,1.14998e+07,4.49906e+06,6.79999e+06,1.14997e+07,4.49882e+06,6.79999e+06,1.14997e+07,4.49851e+06,6.79999e+06,1.14997e+07,4.49812e+06,6.79999e+06,1.14996e+07,4.49764e+06,6.79999e+06,1.14996e+07,4.49702e+06,6.79999e+06,1.14995e+07,4.49625e+06,6.79999e+06,1.14995e+07,4.49528e+06,6.79999e+06,1.14994e+07,4.49406e+06,6.79999e+06,1.14993e+07,4.49253e+06,6.79999e+06,1.14992e+07,4.49059e+06,6.79999e+06,1.14991e+07,4.48817e+06,6.79999e+06,1.1499e+07,4.48511e+06,6.79999e+06,1.14988e+07,4.48128e+06,6.79999e+06,1.14987e+07,4.47646e+06,6.79999e+06,1.14985e+07,4.47041e+06,6.79999e+06,1.14983e+07,4.46281e+06,6.79999e+06,1.14981e+07,4.4533e+06,6.79999e+06,1.14979e+07,4.44138e+06,6.79999e+06,1.14976e+07,4.42649e+06,6.79999e+06,1.14972e+07,4.40789e+06,6.79999e+06,1.14969e+07,4.38471e+06,6.79999e+06,1.14965e+07,4.35592e+06,6.79999e+06,1.1496e+07,4.32027e+06,6.79999e+06,1.14955e+07,4.27629e+06,6.79999e+06,1.14949e+07,4.22231e+06,6.79999e+06,1.14942e+07,4.15647e+06,6.79999e+06,1.14934e+07,4.07676e+06,6.79999e+06,1.14926e+07,3.98112e+06,6.79999e+06,1.14916e+07,3.86765e+06,6.79999e+06,1.14905e+07,3.73474e+06,6.79999e+06,1.14892e+07,3.58148e+06,6.79999e+06,1.14878e+07,3.40785e+06,6.79999e+06,1.14862e+07,3.21513e+06,6.79999e+06,1.14844e+07,3.00605e+06,6.79999e+06,1.14823e+07,2.7848e+06,6.79999e+06,1.148e+07,2.5568e+06,6.79999e+06,1.14773e+07,2.32825e+06,6.79999e+06,13.5742,8.52444,0.508366,16.8306,13.2585,0.162638,20.0035,17.569,0.0507846,23.2616,22.4214,0.0158319,26.7328,28.3297,0.00493498,30.5212,35.6974,0.00153831,34.7178,44.9473,0.000479527,39.4086,56.5822,0.000149456,44.6796,71.2245,4.66214e-05,50.6209,89.6543,1.45419e-05,57.3297,112.852,4.54748e-06,64.9129,142.051,1.43857e-06,73.4897,178.803,4.36618e-07,83.1934,225.062,1.40153e-07,94.1745,283.286,4.96378e-08,106.602,356.568,1.05434e-07,120.669,448.799,-6.49244e-08,136.59,564.873,1.70148e-07,154.611,710.948,-5.34594e-08,175.008,894.767,1.63407e-07,198.097,1126.06,8.04804e-08,224.231,1417.07,1.14667e-07,253.813,1783.15,-1.71227e-07,287.297,2243.62,-2.88466e-07,325.198,2822.67,-4.33651e-07,368.098,3550.67,7.9318e-08,416.657,4465.65,3.13319e-07,471.621,5615.16,3.4613e-07,533.835,7058.61,-1.19199e-07,604.255,8870.02,-2.79964e-07,683.962,11141.4,-2.30521e-07,774.182,13986.7,-2.55099e-07,876.299,17546.4,1.23585e-07,991.883,21993.1,1.41192e-07,1122.71,27536.7,-9.71886e-08,1270.78,34430.7,-3.68368e-07,1438.38,42977.7,-3.45379e-07,1628.07,53532.7,-3.25328e-09,1842.77,66504.6,2.6362e-07,2085.77,82350.2,2.53445e-07,2360.79,101560,-2.47407e-08,2672.05,124632,-3.80602e-07,3024.31,152018,-4.79005e-07,3422.98,184060,-1.14379e-07,3874.15,220884,2.64297e-07,4384.72,262283,3.44131e-07,4962.49,307576,7.5349e-08,5616.29,355497,-3.63097e-07,6356.1,404126,-6.05442e-07,7193.18,450932,-2.72333e-07,8140.28,492963,2.29675e-07,9211.79,527178,4.3387e-07,10424,550893,-1.0711e-07,10.102,8.06553,2.81012,10.6436,8.57909,0.869423,11.5336,10.2515,0.270869,12.7211,12.7138,0.0844293,14.1823,15.9373,0.0263173,15.9122,20.0383,0.0082035,17.9198,25.2154,0.00255722,20.2244,31.7373,0.000797017,22.8539,39.9486,0.000248622,25.8438,50.2851,7.75492e-05,29.237,63.2963,2.42508e-05,33.0837,79.6738,7.67162e-06,37.4415,100.288,2.32837e-06,42.3767,126.236,7.33e-07,47.9646,158.896,2.79256e-07,54.2906,200.003,9.87351e-09,61.452,251.741,1.61085e-07,69.5585,316.859,-2.47141e-07,78.7347,398.812,8.93552e-08,89.1218,501.948,-2.53231e-07,100.879,631.736,-1.25047e-07,114.188,795.049,-1.78808e-07,129.252,1000.53,2.6733e-07,146.304,1259.03,4.50292e-07,165.605,1584.19,6.76904e-07,187.452,1993.12,-1.23808e-07,212.181,2507.27,-4.89068e-07,240.173,3153.54,-5.40284e-07,271.856,3965.56,1.86061e-07,307.719,4985.38,4.37004e-07,348.313,6265.4,3.59828e-07,394.26,7870.83,3.98192e-07,446.268,9882.51,-1.92908e-07,505.135,12400.3,-2.20392e-07,571.766,15546.9,1.51705e-07,647.184,19472.2,5.74996e-07,732.547,24357.4,5.39112e-07,829.167,30420,5.07815e-09,938.526,37916.3,-4.11492e-07,1062.3,47143.9,-3.9561e-07,1202.4,58439.2,3.86185e-08,1360.96,72169.3,5.94093e-07,1540.42,88715.8,7.47693e-07,1743.53,108445,1.78537e-07,1973.41,131665,-4.12549e-07,2233.57,158557,-5.37164e-07,2528,189103,-1.17615e-07,2861.2,222986,5.66769e-07,3238.27,259510,9.45053e-07,3664.97,297540,4.25093e-07,4147.81,335497,-3.58506e-07,4694.17,371444,-6.7724e-07,5312.37,403256,1.67192e-07,1.61744,3.89446,9.84394,3.28846,7.5504,12.774,5.07607,11.7187,13.6844,7.03202,16.8147,13.9681,9.20215,23.1769,14.0566,11.6301,31.1672,14.0841,14.3598,41.2186,14.0927,17.4376,53.8688,14.0954,20.9137,69.7915,14.0962,24.8432,89.8341,14.0965,29.2879,115.063,14.0966,34.3168,146.819,14.0966,40.0078,186.792,14.0966,46.4487,237.107,14.0966,53.7388,300.44,14.0966,61.9903,380.158,14.0966,71.3301,480.499,14.0966,81.902,606.796,14.0966,93.8685,765.761,14.0966,107.414,965.837,14.0966,122.746,1217.65,14.0966,140.101,1534.57,14.0966,159.745,1933.41,14.0966,181.981,2435.3,14.0966,207.15,3066.85,14.0966,235.64,3861.46,14.0966,267.889,4861.11,14.0966,304.391,6118.54,14.0966,345.709,7699.91,14.0966,392.478,9688.22,14.0966,445.417,12187.5,14.0966,505.339,15327.7,14.0966,573.165,19271.6,14.0966,649.938,24222,14.0966,736.839,30430.9,14.0966,835.202,38211.5,14.0966,946.539,47950.3,14.0966,1072.56,60122.8,14.0966,1215.21,75309.9,14.0966,1376.66,94216.2,14.0966,1559.41,117688,14.0966,1766.26,146729,14.0966,2000.39,182510,14.0966,2265.39,226372,14.0966,2565.33,279806,14.0966,2904.81,344416,14.0966,3289.05,421845,14.0966,3723.93,513667,14.0966,4216.13,621231,14.0966,4773.18,745478,14.0966,5403.64,886744,14.0966,6117.15,1.04457e+06,14.0966,6924.63,1.2176e+06,14.0966,11.7194,11.96,12.6541,13.9321,16.1295,13.6434,16.6097,21.9702,13.9553,19.7532,29.5285,14.0526,23.3844,39.1143,14.0829,27.5423,51.2054,14.0923,32.2796,66.434,14.0953,37.662,85.6061,14.0962,43.7675,109.74,14.0965,50.687,140.119,14.0966,58.5249,178.359,14.0966,67.4005,226.493,14.0966,77.4493,287.08,14.0966,88.8254,363.343,14.0966,101.703,459.336,14.0966,116.281,580.161,14.0966,132.782,732.241,14.0966,151.46,923.655,14.0966,172.603,1164.57,14.0966,196.535,1467.79,14.0966,223.625,1849.39,14.0966,254.288,2329.62,14.0966,288.997,2933.93,14.0966,328.285,3694.33,14.0966,372.755,4651.04,14.0966,423.092,5854.57,14.0966,480.07,7368.38,14.0966,544.564,9272.08,14.0966,617.566,11665.5,14.0966,700.197,14673.6,14.0966,793.729,18452.9,14.0966,899.599,23198.6,14.0966,1019.43,29154.1,14.0966,1155.07,36622.3,14.0966,1308.6,45977.9,14.0966,1482.39,57683.7,14.0966,1679.09,72307.8,14.0966,1901.73,90542.8,14.0966,2153.73,113226,14.0966,2438.97,141360,14.0966,2761.81,176127,14.0966,3127.22,218898,14.0966,3540.81,271226,14.0966,4008.92,334817,14.0966,4538.74,411470,14.0966,5138.38,502973,14.0966,5817.04,610948,14.0966,6585.12,736653,14.0966,7454.39,880741,14.0966,8438.15,1.04302e+06,14.0966,9551.45,1.22224e+06,14.0966,10811.3,1.41602e+06,14.0966,12237,1.62086e+06,14.0966,11.7194,11.96,12.6541,2.21263,4.16949,0.989383,2.67766,5.84076,0.311842,3.14343,7.55825,0.0972771,3.63127,9.58578,0.0303237,4.15787,12.0912,0.00945211,4.73731,15.2286,0.00294633,5.38238,19.1721,0.000918508,6.10553,24.134,0.000286163,6.91951,30.3791,8.92692e-05,7.83792,38.2397,2.78121e-05,8.87555,48.1338,8.65134e-06,10.0489,60.5876,2.7882e-06,11.3761,76.2629,8.29036e-07,12.8779,95.9927,2.4373e-07,14.5775,120.825,4.33068e-09,16.5012,152.08,1.75749e-07,18.6784,191.415,-1.86328e-07,21.1428,240.917,1.91829e-07,23.9322,303.213,-1.81475e-07,27.0895,381.602,7.0186e-08,30.6634,480.231,-2.86769e-08,34.7087,604.316,2.40784e-07,39.2876,760.401,9.87368e-08,44.4705,956.705,1.22263e-07,50.3371,1203.54,-4.31966e-07,56.9776,1513.81,-1.9705e-07,64.494,1903.69,-2.763e-08,73.0018,2393.4,3.9185e-07,82.6317,3008.13,1.35379e-07,93.5318,3779.25,-4.16351e-08,105.869,4745.7,2.06965e-08,119.834,5955.6,-3.18887e-07,135.641,7468.12,-1.48271e-08,153.531,9355.62,2.00739e-07,173.781,11705.8,2.28358e-07,196.701,14624.1,-1.93587e-08,222.642,18235,-2.88101e-07,252.003,22683.4,-2.24732e-07,285.234,28134,8.56806e-09,322.845,34767,2.34258e-07,365.413,42770.9,2.99668e-07,413.588,52327.9,8.28644e-08,468.111,63591.2,-3.07049e-07,529.814,76653.2,-3.1888e-07,599.642,91502.5,-6.72276e-08,678.662,107975,2.26339e-07,768.083,125705,3.69212e-07,869.267,144088,2.04077e-07,983.76,162277,-2.80509e-07,1113.3,179223,-4.22737e-07,1259.87,193777,-1.71951e-07,1425.68,204839,4.55555e-07,11.7194,11.96,12.6541,2.21263,4.16949,0.989383,2.67766,5.84076,0.311842,3.14343,7.55825,0.0972771,3.63127,9.58578,0.0303237,4.15787,12.0912,0.00945211,4.73731,15.2286,0.00294633,5.38238,19.1721,0.000918508,6.10553,24.134,0.000286163,6.91951,30.3791,8.92692e-05,7.83792,38.2397,2.78121e-05,8.87555,48.1338,8.65134e-06,10.0489,60.5876,2.7882e-06,11.3761,76.2629,8.29036e-07,12.8779,95.9927,2.4373e-07,14.5775,120.825,1e-08,16.5012,152.08,1.75749e-07,18.6784,191.415,1e-08,21.1428,240.917,1.91829e-07,23.9322,303.213,1e-08,27.0895,381.602,7.0186e-08,30.6634,480.231,1e-08,34.7087,604.316,2.40784e-07,39.2876,760.401,9.87368e-08,44.4705,956.705,1.22263e-07,50.3371,1203.54,1e-08,56.9776,1513.81,1e-08,64.494,1903.69,1e-08,73.0018,2393.4,3.9185e-07,82.6317,3008.13,1.35379e-07,93.5318,3779.25,1e-08,105.869,4745.7,2.06965e-08,119.834,5955.6,1e-08,135.641,7468.12,1e-08,153.531,9355.62,2.00739e-07,173.781,11705.8,2.28358e-07,196.701,14624.1,1e-08,222.642,18235,1e-08,252.003,22683.4,1e-08,285.234,28134,1e-08,322.845,34767,2.34258e-07,365.413,42770.9,2.99668e-07,413.588,52327.9,8.28644e-08,468.111,63591.2,1e-08,529.814,76653.2,1e-08,599.642,91502.5,1e-08,678.662,107975,2.26339e-07,768.083,125705,3.69212e-07,869.267,144088,2.04077e-07,983.76,162277,1e-08,1113.3,179223,1e-08,1259.87,193777,1e-08,1425.68,204839,4.55555e-07,6.2823,3.27286,2.43537,0.219672,6.18826,2.24117,0.56371,6.87772,2.63624,0.308279,18,17,12,3,9,1,4,2,1,1,15,0,5,6,0,3,24,0,4,24,0,8,25,0,9,26,0,8,33,0,5,47,0,2,71,0,14,92,0,16,93,0,9,83,0,18,86,0,23,189,0,13,118,0,17,228,0,21,230,0,23,132,0,31,296,0,37,1088,0,43,674,0,54,565,0,62,479,0,70,1464,0,45,2512,0,103,2673,0,87,2282,0,34,2862,0,69,5762,0,119,6004,0,135,4779,0,93,3040,0,124,8206,0,478,21075,0,159,18608,0,186,22154,0,242,13301,0,383,40495,0,159,45475,0,265,94803,0,443,94473,0,589,92465,0,713,82416,0,1232,99917,0,1172,257832,0,1916,189805,0,774,190410,0,1070,103308,0,2350,69696,0,823,272078,0
-1.05176e+08,8.09535e-47,8.88811e-15,10,1023,0,1.05176e+08,0.528882,1.08665,0.389689,0.145397,0.379329,3.24381,0.161596,0.446195,1.77396,0.159177,1.15e+07,4.49998e+06,6.79999e+06,1.15e+07,4.49997e+06,6.79999e+06,1.15e+07,4.49996e+06,6.79999e+06,1.15e+07,4.49995e+06,6.79999e+06,1.14999e+07,4.49993e+06,6.79999e+06,1.14999e+07,4.49991e+06,6.79999e+06,1.14999e+07,4.49989e+06,6.79999e+06,1.14999e+07,4.49986e+06,6.79999e+06,1.14999e+07,4.49982e+06,6.79999e+06,1.14999e+07,4.49977e+06,6.79999e+06,1.14999e+07,4.49971e+06,6.79999e+06,1.14999e+07,4.49963e+06,6.79999e+06,1.14998e+07,4.49953e+06,6.79999e+06,1.14998e+07,4.49941e+06,6.79999e+06,1.14998e+07,4.49926e+06,6.79999e+06,1.14998e+07,4.49906e+06,6.79999e+06,1.14997e+07,4.49882e+06,6.79999e+06,1.14997e+07,4.49851e+06,6.79999e+06,1.14997e+07,4.49812e+06,6.79999e+06,1.14996e+07,4.49764e+06,6.79999e+06,1.14996e+07,4.49702e+06,6.79999e+06,1.14995e+07,4.49625e+06,6.79999e+06,1.14995e+07,4.49528e+06,6.79999e+06,1.14994e+07,4.49406e+06,6.79999e+06,1.14993e+07,4.49253e+06,6.79999e+06,1.14992e+07,4.49059e+06,6.79999e+06,1.14991e+07,4.48817e+06,6.79999e+06,1.1499e+07,4.48511e+06,6.79999e+06,1.14988e+07,4.48128e+06,6.79999e+06,1.14987e+07,4.47646e+06,6.79999e+06,1.14985e+07,4.47041e+06,6.79999e+06,1.14983e+07,4.46281e+06,6.79999e+06,1.14981e+07,4.4533e+06,6.79999e+06,1.14979e+07,4.44138e+06,6.79999e+06,1.14976e+07,4.42649e+06,6.79999e+06,1.14972e+07,4.40789e+06,6.79999e+06,1.14969e+07,4.38471e+06,6.79999e+06,1.14965e+07,4.35592e+06,6.79999e+06,1.1496e+07,4.32027e+06,6.79999e+06,1.14955e+07,4.27629e+06,6.79999e+06,1.14949e+07,4.22231e+06,6.79999e+06,1.14942e+07,4.15647e+06,6.79999e+06,1.14934e+07,4.07676e+06,6.79999e+06,1.14926e+07,3.98112e+06,6.79999e+06,1.14916e+07,3.86765e+06,6.79999e+06,1.14905e+07,3.73474e+06,6.79999e+06,1.14892e+07,3.58148e+06,6.79999e+06,1.14878e+07,3.40785e+06,6.79999e+06,1.14862e+07,3.21513e+06,6.79999e+06,1.14844e+07,3.00605e+06,6.79999e+06,1.14823e+07,2.7848e+06,6.79999e+06,1.148e+07,2.5568e+06,6.79999e+06,1.14773e+07,2.32825e+06,6.79999e+06,13.5742,8.52444,0.508366,16.8306,13.2585,0.162638,20.0035,17.569,0.0507846,23.2616,22.4214,0.0158319,26.7328,28.3297,0.00493498,30.5212,35.6974,0.00153831,34.7178,44.9473,0.000479527,39.4086,56.5822,0.000149456,44.6796,71.2245,4.66214e-05,50.6209,89.6543,1.45419e-05,57.3297,112.852,4.54748e-06,64.9129,142.051,1.43857e-06,73.4897,178.803,4.36618e-07,83.1934,225.062,1.40153e-07,94.1745,283.286,4.96378e-08,106.602,356.568,1.05434e-07,120.669,448.799,-6.49244e-08,136.59,564.873,1.70148e-07,154.611,710.948,-5.34594e-08,175.008,894.767,1.63407e-07,198.097,1126.06,8.04804e-08,224.231,1417.07,1.14667e-07,253.813,1783.15,-1.71227e-07,287.297,2243.62,-2.88466e-07,325.198,2822.67,-4.33651e-07,368.098,3550.67,7.9318e-08,416.657,4465.65,3.13319e-07,471.621,5615.16,3.4613e-07,533.835,7058.61,-1.19199e-07,604.255,8870.02,-2.79964e-07,683.962,11141.4,-2.30521e-07,774.182,13986.7,-2.55099e-07,876.299,17546.4,1.23585e-07,991.883,21993.1,1.41192e-07,1122.71,27536.7,-9.71886e-08,1270.78,34430.7,-3.68368e-07,1438.38,42977.7,-3.45379e-07,1628.07,53532.7,-3.25328e-09,1842.77,66504.6,2.6362e-07,2085.77,82350.2,2.53445e-07,2360.79,101560,-2.47407e-08,2672.05,124632,-3.80602e-07,3024.31,152018,-4.79005e-07,3422.98,184060,-1.14379e-07,3874.15,220884,2.64297e-07,4384.72,262283,3.44131e-07,4962.49,307576,7.5349e-08,5616.29,355497,-3.63097e-07,6356.1,404126,-6.05442e-07,7193.18,450932,-2.72333e-07,8140.28,492963,2.29675e-07,9211.79,527178,4.3387e-07,10424,550893,-1.0711e-07,10.102,8.06553,2.81012,10.6436,8.57909,0.869423,11.5336,10.2515,0.270869,12.7211,12.7138,0.0844293,14.1823,15.9373,0.0263173,15.9122,20.0383,0.0082035,17.9198,25.2154,0.00255722,20.2244,31.7373,0.000797017,22.8539,39.9486,0.000248622,25.8438,50.2851,7.75492e-05,29.237,63.2963,2.42508e-05,33.0837,79.6738,7.67162e-06,37.4415,100.288,2.32837e-06,42.3767,126.236,7.33e-07,47.9646,158.896,2.79256e-07,54.2906,200.003,9.87351e-09,61.452,251.741,1.61085e-07,69.5585,316.859,-2.47141e-07,78.7347,398.812,8.93552e-08,89.1218,501.948,-2.53231e-07,100.879,631.736,-1.25047e-07,114.188,795.049,-1.78808e-07,129.252,1000.53,2.6733e-07,146.304,1259.03,4.50292e-07,165.605,1584.19,6.76904e-07,187.452,1993.12,-1.23808e-07,212.181,2507.27,-4.89068e-07,240.173,3153.54,-5.40284e-07,271.856,3965.56,1.86061e-07,307.719,4985.38,4.37004e-07,348.313,6265.4,3.59828e-07,394.26,7870.83,3.98192e-07,446.268,9882.51,-1.92908e-07,505.135,12400.3,-2.20392e-07,571.766,15546.9,1.51705e-07,647.184,19472.2,5.74996e-07,732.547,24357.4,5.39112e-07,829.167,30420,5.07815e-09,938.526,37916.3,-4.11492e-07,1062.3,47143.9,-3.9561e-07,1202.4,58439.2,3.86185e-08,1360.96,72169.3,5.94093e-07,1540.42,88715.8,7.47693e-07,1743.53,108445,1.78537e-07,1973.41,131665,-4.12549e-07,2233.57,158557,-5.37164e-07,2528,189103,-1.17615e-07,2861.2,222986,5.66769e-07,3238.27,259510,9.45053e-07,3664.97,297540,4.25093e-07,4147.81,335497,-3.58506e-07,4694.17,371444,-6.7724e-07,5312.37,403256,1.67192e-07,1.61744,3.89446,9.84394,3.28846,7.5504,12.774,5.07607,11.7187,13.6844,7.03202,16.8147,13.9681,9.20215,23.1769,14.0566,11.6301,31.1672,14.0841,14.3598,41.2186,14.0927,17.4376,53.8688,14.0954,20.9137,69.7915,14.0962,24.8432,89.8341,14.0965,29.2879,115.063,14.0966,34.3168,146.819,14.0966,40.0078,186.792,14.0966,46.4487,237.107,14.0966,53.7388,300.44,14.0966,61.9903,380.158,14.0966,71.3301,480.499,14.0966,81.902,606.796,14.0966,93.8685,765.761,14.0966,107.414,965.837,14.0966,122.746,1217.65,14.0966,140.101,1534.57,14.0966,159.745,1933.41,14.0966,181.981,2435.3,14.0966,207.15,3066.85,14.0966,235.64,3861.46,14.0966,267.889,4861.11,14.0966,304.391,6118.54,14.0966,345.709,7699.91,14.0966,392.478,9688.22,14.0966,445.417,12187.5,14.0966,505.339,15327.7,14.0966,573.165,19271.6,14.0966,649.938,24222,14.0966,736.839,30430.9,14.0966,835.202,38211.5,14.0966,946.539,47950.3,14.0966,1072.56,60122.8,14.0966,1215.21,75309.9,14.0966,1376.66,94216.2,14.0966,1559.41,117688,14.0966,1766.26,146729,14.0966,2000.39,182510,14.0966,2265.39,226372,14.0966,2565.33,279806,14.0966,2904.81,344416,14.0966,3289.05,421845,14.0966,3723.93,513667,14.0966,4216.13,621231,14.0966,4773.18,745478,14.0966,5403.64,886744,14.0966,6117.15,1.04457e+06,14.0966,6924.63,1.2176e+06,14.0966,11.7194,11.96,12.6541,13.9321,16.1295,13.6434,16.6097,21.9702,13.9553,19.7532,29.5285,14.0526,23.3844,39.1143,14.0829,27.5423,51.2054,14.0923,32.2796,66.434,14.0953,37.662,85.6061,14.0962,43.7675,109.74,14.0965,50.687,140.119,14.0966,58.5249,178.359,14.0966,67.4005,226.493,14.0966,77.4493,287.08,14.0966,88.8254,363.343,14.0966,101.703,459.336,14.0966,116.281,580.161,14.0966,132.782,732.241,14.0966,151.46,923.655,14.0966,172.603,1164.57,14.0966,196.535,1467.79,14.0966,223.625,1849.39,14.0966,254.288,2329.62,14.0966,288.997,2933.93,14.0966,328.285,3694.33,14.0966,372.755,4651.04,14.0966,423.092,5854.57,14.0966,480.07,7368.38,14.0966,544.564,9272.08,14.0966,617.566,11665.5,14.0966,700.197,14673.6,14.0966,793.729,18452.9,14.0966,899.599,23198.6,14.0966,1019.43,29154.1,14.0966,1155.07,36622.3,14.0966,1308.6,45977.9,14.0966,1482.39,57683.7,14.0966,1679.09,72307.8,14.0966,1901.73,90542.8,14.0966,2153.73,113226,14.0966,2438.97,141360,14.0966,2761.81,176127,14.0966,3127.22,218898,14.0966,3540.81,271226,14.0966,4008.92,334817,14.0966,4538.74,411470,14.0966,5138.38,502973,14.0966,5817.04,610948,14.0966,6585.12,736653,14.0966,7454.39,880741,14.0966,8438.15,1.04302e+06,14.0966,9551.45,1.22224e+06,14.0966,10811.3,1.41602e+06,14.0966,12237,1.62086e+06,14.0966,11.7194,11.96,12.6541,2.21263,4.16949,0.989383,2.67766,5.84076,0.311842,3.14343,7.55825,0.0972771,3.63127,9.58578,0.0303237,4.15787,12.0912,0.00945211,4.73731,15.2286,0.00294633,5.38238,19.1721,0.000918508,6.10553,24.134,0.000286163,6.91951,30.3791,8.92692e-05,7.83792,38.2397,2.78121e-05,8.87555,48.1338,8.65134e-06,10.0489,60.5876,2.7882e-06,11.3761,76.2629,8.29036e-07,12.8779,95.9927,2.4373e-07,14.5775,120.825,4.33068e-09,16.5012,152.08,1.75749e-07,18.6784,191.415,-1.86328e-07,21.1428,240.917,1.91829e-07,23.9322,303.213,-1.81475e-07,27.0895,381.602,7.0186e-08,30.6634,480.231,-2.86769e-08,34.7087,604.316,2.40784e-07,39.2876,760.401,9.87368e-08,44.4705,956.705,1.22263e-07,50.3371,1203.54,-4.31966e-07,56.9776,1513.81,-1.9705e-07,64.494,1903.69,-2.763e-08,73.0018,2393.4,3.9185e-07,82.6317,3008.13,1.35379e-07,93.5318,3779.25,-4.16351e-08,105.869,4745.7,2.06965e-08,119.834,5955.6,-3.18887e-07,135.641,7468.12,-1.48271e-08,153.531,9355.62,2.00739e-07,173.781,11705.8,2.28358e-07,196.701,14624.1,-1.93587e-08,222.642,18235,-2.88101e-07,252.003,22683.4,-2.24732e-07,285.234,28134,8.56806e-09,322.845,34767,2.34258e-07,365.413,42770.9,2.99668e-07,413.588,52327.9,8.28644e-08,468.111,63591.2,-3.07049e-07,529.814,76653.2,-3.1888e-07,599.642,91502.5,-6.72276e-08,678.662,107975,2.26339e-07,768.083,125705,3.69212e-07,869.267,144088,2.04077e-07,983.76,162277,-2.80509e-07,1113.3,179223,-4.22737e-07,1259.87,193777,-1.71951e-07,1425.68,204839,4.55555e-07,11.7194,11.96,12.6541,2.21263,4.16949,0.989383,2.67766,5.84076,0.311842,3.14343,7.55825,0.0972771,3.63127,9.58578,0.0303237,4.15787,12.0912,0.00945211,4.73731,15.2286,0.00294633,5.38238,19.1721,0.000918508,6.10553,24.134,0.000286163,6.91951,30.3791,8.92692e-05,7.83792,38.2397,2.78121e-05,8.87555,48.1338,8.65134e-06,10.0489,60.5876,2.7882e-06,11.3761,76.2629,8.29036e-07,12.8779,95.9927,2.4373e-07,14.5775,120.825,1e-08,16.5012,152.08,1.75749e-07,18.6784,191.415,1e-08,21.1428,240.917,1.91829e-07,23.9322,303.213,1e-08,27.0895,381.602,7.0186e-08,30.6634,480.231,1e-08,34.7087,604.316,2.40784e-07,39.2876,760.401,9.87368e-08,44.4705,956.705,1.22263e-07,50.3371,1203.54,1e-08,56.9776,1513.81,1e-08,64.494,1903.69,1e-08,73.0018,2393.4,3.9185e-07,82.6317,3008.13,1.35379e-07,93.5318,3779.25,1e-08,105.869,4745.7,2.06965e-08,119.834,5955.6,1e-08,135.641,7468.12,1e-08,153.531,9355.62,2.00739e-07,173.781,11705.8,2.28358e-07,196.701,14624.1,1e-08,222.642,18235,1e-08,252.003,22683.4,1e-08,285.234,28134,1e-08,322.845,34767,2.34258e-07,365.413,42770.9,2.99668e-07,413.588,52327.9,8.28644e-08,468.111,63591.2,1e-08,529.814,76653.2,1e-08,599.642,91502.5,1e-08,678.662,107975,2.26339e-07,768.083,125705,3.69212e-07,869.267,144088,2.04077e-07,983.76,162277,1e-08,1113.3,179223,1e-08,1259.87,193777,1e-08,1425.68,204839,4.55555e-07,6.2823,3.27286,2.43537,0.219672,6.18826,2.24117,0.56371,6.87772,2.63624,0.308279,9,7,22,0,10,3,1,9,0,9,6,0,5,7,0,7,19,0,4,12,0,1,5,0,7,17,0,4,12,0,8,31,0,4,72,0,9,113,0,13,46,0,16,65,0,17,92,0,11,102,0,25,118,0,31,174,0,45,210,0,21,293,0,14,953,0,7,607,0,25,947,0,25,1052,0,114,509,0,26,1175,0,82,1927,0,43,2892,0,97,4009,0,92,1538,0,313,2686,0,111,8403,0,149,3164,0,178,7790,0,149,13779,0,145,15139,0,144,19630,0,186,13179,0,282,37177,0,303,29694,0,441,68499,0,579,32160,0,411,52546,0,427,88077,0,179,94893,0,435,181205,0,1018,156432,0,1040,119624,0,681,158278,0,581,86560,0,565,301447,0,1285,192801,0
-1.05176e+08,1,8.88811e-15,10,1023,0,1.05176e+08,0.528882,1.08665,0.389689,0.145397,0.379329,3.24381,0.161596,0.446195,1.77396,0.159177,1.15e+07,4.49998e+06,6.79999e+06,1.15e+07,4.49997e+06,6.79999e+06,1.15e+07,4.49996e+06,6.79999e+06,1.15e+07,4.49995e+06,6.79999e+06,1.14999e+07,4.49993e+06,6.79999e+06,1.14999e+07,4.49991e+06,6.79999e+06,1.14999e+07,4.49989e+06,6.79999e+06,1.14999e+07,4.49986e+06,6.79999e+06,1.14999e+07,4.49982e+06,6.79999e+06,1.14999e+07,4.49977e+06,6.79999e+06,1.14999e+07,4.49971e+06,6.79999e+06,1.14999e+07,4.49963e+06,6.79999e+06,1.14998e+07,4.49953e+06,6.79999e+06,1.14998e+07,4.49941e+06,6.79999e+06,1.14998e+07,4.49926e+06,6.79999e+06,1.14998e+07,4.49906e+06,6.79999e+06,1.14997e+07,4.49882e+06,6.79999e+06,1.14997e+07,4.49851e+06,6.79999e+06,1.14997e+07,4.49812e+06,6.79999e+06,1.14996e+07,4.49764e+06,6.79999e+06,1.14996e+07,4.49702e+06,6.79999e+06,1.14995e+07,4.49625e+06,6.79999e+06,1.14995e+07,4.49528e+06,6.79999e+06,1.14994e+07,4.49406e+06,6.79999e+06,1.14993e+07,4.49253e+06,6.79999e+06,1.14992e+07,4.49059e+06,6.79999e+06,1.14991e+07,4.48817e+06,6.79999e+06,1.1499e+07,4.48511e+06,6.79999e+06,1.14988e+07,4.48128e+06,6.79999e+06,1.14987e+07,4.47646e+06,6.79999e+06,1.14985e+07,4.47041e+06,6.79999e+06,1.14983e+07,4.46281e+06,6.79999e+06,1.14981e+07,4.4533e+06,6.79999e+06,1.14979e+07,4.44138e+06,6.79999e+06,1.14976e+07,4.42649e+06,6.79999e+06,1.14972e+07,4.40789e+06,6.79999e+06,1.14969e+07,4.38471e+06,6.79999e+06,1.14965e+07,4.35592e+06,6.79999e+06,1.1496e+07,4.32027e+06,6.79999e+06,1.14955e+07,4.27629e+06,6.79999e+06,1.14949e+07,4.22231e+06,6.79999e+06,1.14942e+07,4.15647e+06,6.79999e+06,1.14934e+07,4.07676e+06,6.79999e+06,1.14926e+07,3.98112e+06,6.79999e+06,1.14916e+07,3.86765e+06,6.79999e+06,1.14905e+07,3.73474e+06,6.79999e+06,1.14892e+07,3.58148e+06,6.79999e+06,1.14878e+07,3.40785e+06,6.79999e+06,1.14862e+07,3.21513e+06,6.79999e+06,1.14844e+07,3.00605e+06,6.79999e+06,1.14823e+07,2.7848e+06,6.79999e+06,1.148e+07,2.5568e+06,6.79999e+06,1.14773e+07,2.32825e+06,6.79999e+06,13.5742,8.52444,0.508366,16.8306,13.2585,0.162638,20.0035,17.569,0.0507846,23.2616,22.4214,0.0158319,26.7328,28.3297,0.00493498,30.5212,35.6974,0.00153831,34.7178,44.9473,0.000479527,39.4086,56.5822,0.000149456,44.6796,71.2245,4.66214e-05,50.6209,89.6543,1.45419e-05,57.3297,112.852,4.54748e-06,64.9129,142.051,1.43857e-06,73.4897,178.803,4.36618e-07,83.1934,225.062,1.40153e-07,94.1745,283.286,4.96378e-08,106.602,356.568,1.05434e-07,120.669,448.799,-6.49244e-08,136.59,564.873,1.70148e-07,154.611,710.948,-5.34594e-08,175.008,894.767,1.63407e-07,198.097,1126.06,8.04804e-08,224.231,1417.07,1.14667e-07,253.813,1783.15,-1.71227e-07,287.297,2243.62,-2.88466e-07,325.198,2822.67,-4.33651e-07,368.098,3550.67,7.9318e-08,416.657,4465.65,3.13319e-07,471.621,5615.16,3.4613e-07,533.835,7058.61,-1.19199e-07,604.255,8870.02,-2.79964e-07,683.962,11141.4,-2.30521e-07,774.182,13986.7,-2.55099e-07,876.299,17546.4,1.23585e-07,991.883,21993.1,1.41192e-07,1122.71,27536.7,-9.71886e-08,1270.78,34430.7,-3.68368e-07,1438.38,42977.7,-3.45379e-07,1628.07,53532.7,-3.25328e-09,1842.77,66504.6,2.6362e-07,2085.77,82350.2,2.53445e-07,2360.79,101560,-2.47407e-08,2672.05,124632,-3.80602e-07,3024.31,152018,-4.79005e-07,3422.98,184060,-1.14379e-07,3874.15,220884,2.64297e-07,4384.72,262283,3.44131e-07,4962.49,307576,7.5349e-08,5616.29,355497,-3.63097e-07,6356.1,404126,-6.05442e-07,7193.18,450932,-2.72333e-07,8140.28,492963,2.29675e-07,9211.79,527178,4.3387e-07,10424,550893,-1.0711e-07,10.102,8.06553,2.81012,10.6436,8.57909,0.869423,11.5336,10.2515,0.270869,12.7211,12.7138,0.0844293,14.1823,15.9373,0.0263173,15.9122,20.0383,0.0082035,17.9198,25.2154,0.00255722,20.2244,31.7373,0.000797017,22.8539,39.9486,0.000248622,25.8438,50.2851,7.75492e-05,29.237,63.2963,2.42508e-05,33.0837,79.6738,7.67162e-06,37.4415,100.288,2.32837e-06,42.3767,126.236,7.33e-07,47.9646,158.896,2.79256e-07,54.2906,200.003,9.87351e-09,61.452,251.741,1.61085e-07,69.5585,316.859,-2.47141e-07,78.7347,398.812,8.93552e-08,89.1218,501.948,-2.53231e-07,100.879,631.736,-1.25047e-07,114.188,795.049,-1.78808e-07,129.252,1000.53,2.6733e-07,146.304,1259.03,4.50292e-07,165.605,1584.19,6.76904e-07,187.452,1993.12,-1.23808e-07,212.181,2507.27,-4.89068e-07,240.173,3153.54,-5.40284e-07,271.856,3965.56,1.86061e-07,307.719,4985.38,4.37004e-07,348.313,6265.4,3.59828e-07,394.26,7870.83,3.98192e-07,446.268,9882.51,-1.92908e-07,505.135,12400.3,-2.20392e-07,571.766,15546.9,1.51705e-07,647.184,19472.2,5.74996e-07,732.547,24357.4,5.39112e-07,829.167,30420,5.07815e-09,938.526,37916.3,-4.11492e-07,1062.3,47143.9,-3.9561e-07,1202.4,58439.2,3.86185e-08,1360.96,72169.3,5.94093e-07,1540.42,88715.8,7.47693e-07,1743.53,108445,1.78537e-07,1973.41,131665,-4.12549e-07,2233.57,158557,-5.37164e-07,2528,189103,-1.17615e-07,2861.2,222986,5.66769e-07,3238.27,259510,9.45053e-07,3664.97,297540,4.25093e-07,4147.81,335497,-3.58506e-07,4694.17,371444,-6.7724e-07,5312.37,403256,1.67192e-07,1.61744,3.89446,9.84394,3.28846,7.5504,12.774,5.07607,11.7187,13.6844,7.03202,16.8147,13.9681,9.20215,23.1769,14.0566,11.6301,31.1672,14.0841,14.3598,41.2186,14.0927,17.4376,53.8688,14.0954,20.9137,69.7915,14.0962,24.8432,89.8341,14.0965,29.2879,115.063,14.0966,34.3168,146.819,14.0966,40.0078,186.792,14.0966,46.4487,237.107,14.0966,53.7388,300.44,14.0966,61.9903,380.158,14.0966,71.3301,480.499,14.0966,81.902,606.796,14.0966,93.8685,765.761,14.0966,107.414,965.837,14.0966,122.746,1217.65,14.0966,140.101,1534.57,14.0966,159.745,1933.41,14.0966,181.981,2435.3,14.0966,207.15,3066.85,14.0966,235.64,3861.46,14.0966,267.889,4861.11,14.0966,304.391,6118.54,14.0966,345.709,7699.91,14.0966,392.478,9688.22,14.0966,445.417,12187.5,14.0966,505.339,15327.7,14.0966,573.165,19271.6,14.0966,649.938,24222,14.0966,736.839,30430.9,14.0966,835.202,38211.5,14.0966,946.539,47950.3,14.0966,1072.56,60122.8,14.0966,1215.21,75309.9,14.0966,1376.66,94216.2,14.0966,1559.41,117688,14.0966,1766.26,146729,14.0966,2000.39,182510,14.0966,2265.39,226372,14.0966,2565.33,279806,14.0966,2904.81,344416,14.0966,3289.05,421845,14.0966,3723.93,513667,14.0966,4216.13,621231,14.0966,4773.18,745478,14.0966,5403.64,886744,14.0966,6117.15,1.04457e+06,14.0966,6924.63,1.2176e+06,14.0966,11.7194,11.96,12.6541,13.9321,16.1295,13.6434,16.6097,21.9702,13.9553,19.7532,29.5285,14.0526,23.3844,39.1143,14.0829,27.5423,51.2054,14.0923,32.2796,66.434,14.0953,37.662,85.6061,14.0962,43.7675,109.74,14.0965,50.687,140.119,14.0966,58.5249,178.359,14.0966,67.4005,226.493,14.0966,77.4493,287.08,14.0966,88.8254,363.343,14.0966,101.703,459.336,14.0966,116.281,580.161,14.0966,132.782,732.241,14.0966,151.46,923.655,14.0966,172.603,1164.57,14.0966,196.535,1467.79,14.0966,223.625,1849.39,14.0966,254.288,2329.62,14.0966,288.997,2933.93,14.0966,328.285,3694.33,14.0966,372.755,4651.04,14.0966,423.092,5854.57,14.0966,480.07,7368.38,14.0966,544.564,9272.08,14.0966,617.566,11665.5,14.0966,700.197,14673.6,14.0966,793.729,18452.9,14.0966,899.599,23198.6,14.0966,1019.43,29154.1,14.0966,1155.07,36622.3,14.0966,1308.6,45977.9,14.0966,1482.39,57683.7,14.0966,1679.09,72307.8,14.0966,1901.73,90542.8,14.0966,2153.73,113226,14.0966,2438.97,141360,14.0966,2761.81,176127,14.0966,3127.22,218898,14.0966,3540.81,271226,14.0966,4008.92,334817,14.0966,4538.74,411470,14.0966,5138.38,502973,14.0966,5817.04,610948,14.0966,6585.12,736653,14.0966,7454.39,880741,14.0966,8438.15,1.04302e+06,14.0966,9551.45,1.22224e+06,14.0966,10811.3,1.41602e+06,14.0966,12237,1.62086e+06,14.0966,11.7194,11.96,12.6541,2.21263,4.16949,0.989383,2.67766,5.84076,0.311842,3.14343,7.55825,0.0972771,3.63127,9.58578,0.0303237,4.15787,12.0912,0.00945211,4.73731,15.2286,0.00294633,5.38238,19.1721,0.000918508,6.10553,24.134,0.000286163,6.91951,30.3791,8.92692e-05,7.83792,38.2397,2.78121e-05,8.87555,48.1338,8.65134e-06,10.0489,60.5876,2.7882e-06,11.3761,76.2629,8.29036e-07,12.8779,95.9927,2.4373e-07,14.5775,120.825,4.33068e-09,16.5012,152.08,1.75749e-07,18.6784,191.415,-1.86328e-07,21.1428,240.917,1.91829e-07,23.9322,303.213,-1.81475e-07,27.0895,381.602,7.0186e-08,30.6634,480.231,-2.86769e-08,34.7087,604.316,2.40784e-07,39.2876,760.401,9.87368e-08,44.4705,956.705,1.22263e-07,50.3371,1203.54,-4.31966e-07,56.9776,1513.81,-1.9705e-07,64.494,1903.69,-2.763e-08,73.0018,2393.4,3.9185e-07,82.6317,3008.13,1.35379e-07,93.5318,3779.25,-4.16351e-08,105.869,4745.7,2.06965e-08,119.834,5955.6,-3.18887e-07,135.641,7468.12,-1.48271e-08,153.531,9355.62,2.00739e-07,173.781,11705.8,2.28358e-07,196.701,14624.1,-1.93587e-08,222.642,18235,-2.88101e-07,252.003,22683.4,-2.24732e-07,285.234,28134,8.56806e-09,322.845,34767,2.34258e-07,365.413,42770.9,2.99668e-07,413.588,52327.9,8.28644e-08,468.111,63591.2,-3.07049e-07,529.814,76653.2,-3.1888e-07,599.642,91502.5,-6.72276e-08,678.662,107975,2.26339e-07,768.083,125705,3.69212e-07,869.267,144088,2.04077e-07,983.76,162277,-2.80509e-07,1113.3,179223,-4.22737e-07,1259.87,193777,-1.71951e-07,1425.68,204839,4.55555e-07,11.7194,11.96,12.6541,2.21263,4.16949,0.989383,2.67766,5.84076,0.311842,3.14343,7.55825,0.0972771,3.63127,9.58578,0.0303237,4.15787,12.0912,0.00945211,4.73731,15.2286,0.00294633,5.38238,19.1721,0.000918508,6.10553,24.134,0.000286163,6.91951,30.3791,8.92692e-05,7.83792,38.2397,2.78121e-05,8.87555,48.1338,8.65134e-06,10.0489,60.5876,2.7882e-06,11.3761,76.2629,8.29036e-07,12.8779,95.9927,2.4373e-07,14.5775,120.825,1e-08,16.5012,152.08,1.75749e-07,18.6784,191.415,1e-08,21.1428,240.917,1.91829e-07,23.9322,303.213,1e-08,27.0895,381.602,7.0186e-08,30.6634,480.231,1e-08,34.7087,604.316,2.40784e-07,39.2876,760.401,9.87368e-08,44.4705,956.705,1.22263e-07,50.3371,1203.54,1e-08,56.9776,1513.81,1e-08,64.494,1903.69,1e-08,73.0018,2393.4,3.9185e-07,82.6317,3008.13,1.35379e-07,93.5318,3779.25,1e-08,105.869,4745.7,2.06965e-08,119.834,5955.6,1e-08,135.641,7468.12,1e-08,153.531,9355.62,2.00739e-07,173.781,11705.8,2.28358e-07,196.701,14624.1,1e-08,222.642,18235,1e-08,252.003,22683.4,1e-08,285.234,28134,1e-08,322.845,34767,2.34258e-07,365.413,42770.9,2.99668e-07,413.588,52327.9,8.28644e-08,468.111,63591.2,1e-08,529.814,76653.2,1e-08,599.642,91502.5,1e-08,678.662,107975,2.26339e-07,768.083,125705,3.69212e-07,869.267,144088,2.04077e-07,983.76,162277,1e-08,1113.3,179223,1e-08,1259.87,193777,1e-08,1425.68,204839,4.55555e-07,6.2823,3.27286,2.43537,0.219672,6.18826,2.24117,0.56371,6.87772,2.63624,0.308279,18,11,11,2,3,4,2,2,1,0,8,0,2,6,0,2,7,0,3,9,0,3,6,0,2,24,0,6,49,0,4,68,0,7,38,0,13,46,0,7,92,0,12,65,0,13,91,0,7,245,0,21,339,0,13,288,0,20,260,0,32,228,0,34,533,0,39,797,0,55,1274,0,28,1619,0,56,1073,0,34,1138,0,47,1591,0,65,3033,0,88,3533,0,80,3075,0,132,2212,0,105,7283,0,162,5220,0,87,5898,0,250,8824,0,152,9720,0,406,10446,0,244,12675,0,267,20412,0,157,35430,0,243,62638,0,493,49088,0,472,63087,0,228,144606,0,749,123236,0,624,39480,0,339,134431,0,660,107724,0,903,246853,0,795,214133,0,355,205561,0,1584,441342,0
-1.05176e+08,1,8.88811e-15,10,1023,0,1.05176e+08,0.528882,1.08665,0.389689,0.145397,0.379329,3.24381,0.161596,0.446195,1.77396,0.159177,1.15e+07,4.49998e+06,6.79999e+06,1.15e+07,4.49997e+06,6.79999e+06,1.15e+07,4.49996e+06,6.79999e+06,1.15e+07,4.49995e+06,6.79999e+06,1.14999e+07,4.49993e+06,6.79999e+06,1.14999e+07,4.49991e+06,6.79999e+06,1.14999e+07,4.49989e+06,6.79999e+06,1.14999e+07,4.49986e+06,6.79999e+06,1.14999e+07,4.49982e+06,6.79999e+06,1.14999e+07,4.49977e+06,6.79999e+06,1.14999e+07,4.49971e+06,6.79999e+06,1.14999e+07,4.49963e+06,6.79999e+06,1.14998e+07,4.49953e+06,6.79999e+06,1.14998e+07,4.49941e+06,6.79999e+06,1.14998e+07,4.49926e+06,6.79999e+06,1.14998e+07,4.49906e+06,6.79999e+06,1.14997e+07,4.49882e+06,6.79999e+06,1.14997e+07,4.49851e+06,6.79999e+06,1.14997e+07,4.49812e+06,6.79999e+06,1.14996e+07,4.49764e+06,6.79999e+06,1.14996e+07,4.49702e+06,6.79999e+06,1.14995e+07,4.49625e+06,6.79999e+06,1.14995e+07,4.49528e+06,6.79999e+06,1.14994e+07,4.49406e+06,6.79999e+06,1.14993e+07,4.49253e+06,6.79999e+06,1.14992e+07,4.49059e+06,6.79999e+06,1.14991e+07,4.48817e+06,6.79999e+06,1.1499e+07,4.48511e+06,6.79999e+06,1.14988e+07,4.48128e+06,6.79999e+06,1.14987e+07,4.47646e+06,6.79999e+06,1.14985e+07,4.47041e+06,6.79999e+06,1.14983e+07,4.46281e+06,6.79999e+06,1.14981e+07,4.4533e+06,6.79999e+06,1.14979e+07,4.44138e+06,6.79999e+06,1.14976e+07,4.42649e+06,6.79999e+06,1.14972e+07,4.40789e+06,6.79999e+06,1.14969e+07,4.38471e+06,6.79999e+06,1.14965e+07,4.35592e+06,6.79999e+06,1.1496e+07,4.32027e+06,6.79999e+06,1.14955e+07,4.27629e+06,6.79999e+06,1.14949e+07,4.22231e+06,6.79999e+06,1.14942e+07,4.15647e+06,6.79999e+06,1.14934e+07,4.07676e+06,6.79999e+06,1.14926e+07,3.98112e+06,6.79999e+06,1.14916e+07,3.86765e+06,6.79999e+06,1.14905e+07,3.73474e+06,6.79999e+06,1.14892e+07,3.58148e+06,6.79999e+06,1.14878e+07,3.40785e+06,6.79999e+06,1.14862e+07,3.21513e+06,6.79999e+06,1.14844e+07,3.00605e+06,6.79999e+06,1.14823e+07,2.7848e+06,6.79999e+06,1.148e+07,2.5568e+06,6.79999e+06,1.14773e+07,2.32825e+06,6.79999e+06,13.5742,8.52444,0.508366,16.8306,13.2585,0.162638,20.0035,17.569,0.0507846,23.2616,22.4214,0.0158319,26.7328,28.3297,0.00493498,30.5212,35.6974,0.00153831,34.7178,44.9473,0.000479527,39.4086,56.5822,0.000149456,44.6796,71.2245,4.66214e-05,50.6209,89.6543,1.45419e-05,57.3297,112.852,4.54748e-06,64.9129,142.051,1.43857e-06,73.4897,178.803,4.36618e-07,83.1934,225.062,1.40153e-07,94.1745,283.286,4.96378e-08,106.602,356.568,1.05434e-07,120.669,448.799,-6.49244e-08,136.59,564.873,1.70148e-07,154.611,710.948,-5.34594e-08,175.008,894.767,1.63407e-07,198.097,1126.06,8.04804e-08,224.231,1417.07,1.14667e-07,253.813,1783.15,-1.71227e-07,287.297,2243.62,-2.88466e-07,325.198,2822.67,-4.33651e-07,368.098,3550.67,7.9318e-08,416.657,4465.65,3.13319e-07,471.621,5615.16,3.4613e-07,533.835,7058.61,-1.19199e-07,604.255,8870.02,-2.79964e-07,683.962,11141.4,-2.30521e-07,774.182,13986.7,-2.55099e-07,876.299,17546.4,1.23585e-07,991.883,21993.1,1.41192e-07,1122.71,27536.7,-9.71886e-08,1270.78,34430.7,-3.68368e-07,1438.38,42977.7,-3.45379e-07,1628.07,53532.7,-3.25328e-09,1842.77,66504.6,2.6362e-07,2085.77,82350.2,2.53445e-07,2360.79,101560,-2.47407e-08,2672.05,124632,-3.80602e-07,3024.31,152018,-4.79005e-07,3422.98,184060,-1.14379e-07,3874.15,220884,2.64297e-07,4384.72,262283,3.44131e-07,4962.49,307576,7.5349e-08,5616.29,355497,-3.63097e-07,6356.1,404126,-6.05442e-07,7193.18,450932,-2.72333e-07,8140.28,492963,2.29675e-07,9211.79,527178,4.3387e-07,10424,550893,-1.0711e-07,10.102,8.06553,2.81012,10.6436,8.57909,0.869423,11.5336,10.2515,0.270869,12.7211,12.7138,0.0844293,14.1823,15.9373,0.0263173,15.9122,20.0383,0.0082035,17.9198,25.2154,0.00255722,20.2244,31.7373,0.000797017,22.8539,39.9486,0.000248622,25.8438,50.2851,7.75492e-05,29.237,63.2963,2.42508e-05,33.0837,79.6738,7.67162e-06,37.4415,100.288,2.32837e-06,42.3767,126.236,7.33e-07,47.9646,158.896,2.79256e-07,54.2906,200.003,9.87351e-09,61.452,251.741,1.61085e-07,69.5585,316.859,-2.47141e-07,78.7347,398.812,8.93552e-08,89.1218,501.948,-2.53231e-07,100.879,631.736,-1.25047e-07,114.188,795.049,-1.78808e-07,129.252,1000.53,2.6733e-07,146.304,1259.03,4.50292e-07,165.605,1584.19,6.76904e-07,187.452,1993.12,-1.23808e-07,212.181,2507.27,-4.89068e-07,240.173,3153.54,-5.40284e-07,271.856,3965.56,1.86061e-07,307.719,4985.38,4.37004e-07,348.313,6265.4,3.59828e-07,394.26,7870.83,3.98192e-07,446.268,9882.51,-1.92908e-07,505.135,12400.3,-2.20392e-07,571.766,15546.9,1.51705e-07,647.184,19472.2,5.74996e-07,732.547,24357.4,5.39112e-07,829.167,30420,5.07815e-09,938.526,37916.3,-4.11492e-07,1062.3,47143.9,-3.9561e-07,1202.4,58439.2,3.86185e-08,1360.96,72169.3,5.94093e-07,1540.42,88715.8,7.47693e-07,1743.53,108445,1.78537e-07,1973.41,131665,-4.12549e-07,2233.57,158557,-5.37164e-07,2528,189103,-1.17615e-07,2861.2,222986,5.66769e-07,3238.27,259510,9.45053e-07,3664.97,297540,4.25093e-07,4147.81,335497,-3.58506e-07,4694.17,371444,-6.7724e-07,5312.37,403256,1.67192e-07,1.61744,3.89446,9.84394,3.28846,7.5504,12.774,5.07607,11.7187,13.6844,7.03202,16.8147,13.9681,9.20215,23.1769,14.0566,11.6301,31.1672,14.0841,14.3598,41.2186,14.0927,17.4376,53.8688,14.0954,20.9137,69.7915,14.0962,24.8432,89.8341,14.0965,29.2879,115.063,14.0966,34.3168,146.819,14.0966,40.0078,186.792,14.0966,46.4487,237.107,14.0966,53.7388,300.44,14.0966,61.9903,380.158,14.0966,71.3301,480.499,14.0966,81.902,606.796,14.0966,93.8685,765.761,14.0966,107.414,965.837,14.0966,122.746,1217.65,14.0966,140.101,1534.57,14.0966,159.745,1933.41,14.0966,181.981,2435.3,14.0966,207.15,3066.85,14.0966,235.64,3861.46,14.0966,267.889,4861.11,14.0966,304.391,6118.54,14.0966,345.709,7699.91,14.0966,392.478,9688.22,14.0966,445.417,12187.5,14.0966,505.339,15327.7,14.0966,573.165,19271.6,14.0966,649.938,24222,14.0966,736.839,30430.9,14.0966,835.202,38211.5,14.0966,946.539,47950.3,14.0966,1072.56,60122.8,14.0966,1215.21,75309.9,14.0966,1376.66,94216.2,14.0966,1559.41,117688,14.0966,1766.26,146729,14.0966,2000.39,182510,14.0966,2265.39,226372,14.0966,2565.33,279806,14.0966,2904.81,344416,14.0966,3289.05,421845,14.0966,3723.93,513667,14.0966,4216.13,621231,14.0966,4773.18,745478,14.0966,5403.64,886744,14.0966,6117.15,1.04457e+06,14.0966,6924.63,1.2176e+06,14.0966,11.7194,11.96,12.6541,13.9321,16.1295,13.6434,16.6097,21.9702,13.9553,19.7532,29.5285,14.0526,23.3844,39.1143,14.0829,27.5423,51.2054,14.0923,32.2796,66.434,14.0953,37.662,85.6061,14.0962,43.7675,109.74,14.0965,50.687,140.119,14.0966,58.5249,178.359,14.0966,67.4005,226.493,14.0966,77.4493,287.08,14.0966,88.8254,363.343,14.0966,101.703,459.336,14.0966,116.281,580.161,14.0966,132.782,732.241,14.0966,151.46,923.655,14.0966,172.603,1164.57,14.0966,196.535,1467.79,14.0966,223.625,1849.39,14.0966,254.288,2329.62,14.0966,288.997,2933.93,14.0966,328.285,3694.33,14.0966,372.755,4651.04,14.0966,423.092,5854.57,14.0966,480.07,7368.38,14.0966,544.564,9272.08,14.0966,617.566,11665.5,14.0966,700.197,14673.6,14.0966,793.729,18452.9,14.0966,899.599,23198.6,14.0966,1019.43,29154.1,14.0966,1155.07,36622.3,14.0966,1308.6,45977.9,14.0966,1482.39,57683.7,14.0966,1679.09,72307.8,14.0966,1901.73,90542.8,14.0966,2153.73,113226,14.0966,2438.97,141360,14.0966,2761.81,176127,14.0966,3127.22,218898,14.0966,3540.81,271226,14.0966,4008.92,334817,14.0966,4538.74,411470,14.0966,5138.38,502973,14.0966,5817.04,610948,14.0966,6585.12,736653,14.0966,7454.39,880741,14.0966,8438.15,1.04302e+06,14.0966,9551.45,1.22224e+06,14.0966,10811.3,1.41602e+06,14.0966,12237,1.62086e+06,14.0966,11.7194,11.96,12.6541,2.21263,4.16949,0.989383,2.67766,5.84076,0.311842,3.14343,7.55825,0.0972771,3.63127,9.58578,0.0303237,4.15787,12.0912,0.00945211,4.73731,15.2286,0.00294633,5.38238,19.1721,0.000918508,6.10553,24.134,0.000286163,6.91951,30.3791,8.92692e-05,7.83792,38.2397,2.78121e-05,8.87555,48.1338,8.65134e-06,10.0489,60.5876,2.7882e-06,11.3761,76.2629,8.29036e-07,12.8779,95.9927,2.4373e-07,14.5775,120.825,4.33068e-09,16.5012,152.08,1.75749e-07,18.6784,191.415,-1.86328e-07,21.1428,240.917,1.91829e-07,23.9322,303.213,-1.81475e-07,27.0895,381.602,7.0186e-08,30.6634,480.231,-2.86769e-08,34.7087,604.316,2.40784e-07,39.2876,760.401,9.87368e-08,44.4705,956.705,1.22263e-07,50.3371,1203.54,-4.31966e-07,56.9776,1513.81,-1.9705e-07,64.494,1903.69,-2.763e-08,73.0018,2393.4,3.9185e-07,82.6317,3008.13,1.35379e-07,93.5318,3779.25,-4.16351e-08,105.869,4745.7,2.06965e-08,119.834,5955.6,-3.18887e-07,135.641,7468.12,-1.48271e-08,153.531,9355.62,2.00739e-07,173.781,11705.8,2.28358e-07,196.701,14624.1,-1.93587e-08,222.642,18235,-2.88101e-07,252.003,22683.4,-2.24732e-07,285.234,28134,8.56806e-09,322.845,34767,2.34258e-07,365.413,42770.9,2.99668e-07,413.588,52327.9,8.28644e-08,468.111,63591.2,-3.07049e-07,529.814,76653.2,-3.1888e-07,599.642,91502.5,-6.72276e-08,678.662,107975,2.26339e-07,768.083,125705,3.69212e-07,869.267,144088,2.04077e-07,983.76,162277,-2.80509e-07,1113.3,179223,-4.22737e-07,1259.87,193777,-1.71951e-07,1425.68,204839,4.55555e-07,11.7194,11.96,12.6541,2.21263,4.16949,0.989383,2.67766,5.84076,0.311842,3.14343,7.55825,0.0972771,3.63127,9.58578,0.0303237,4.15787,12.0912,0.00945211,4.73731,15.2286,0.00294633,5.38238,19.1721,0.000918508,6.10553,24.134,0.000286163,6.91951,30.3791,8.92692e-05,7.83792,38.2397,2.78121e-05,8.87555,48.1338,8.65134e-06,10.0489,60.5876,2.7882e-06,11.3761,76.2629,8.29036e-07,12.8779,95.9927,2.4373e-07,14.5775,120.825,1e-08,16.5012,152.08,1.75749e-07,18.6784,191.415,1e-08,21.1428,240.917,1.91829e-07,23.9322,303.213,1e-08,27.0895,381.602,7.0186e-08,30.6634,480.231,1e-08,34.7087,604.316,2.40784e-07,39.2876,760.401,9.87368e-08,44.4705,956.705,1.22263e-07,50.3371,1203.54,1e-08,56.9776,1513.81,1e-08,64.494,1903.69,1e-08,73.0018,2393.4,3.9185e-07,82.6317,3008.13,1.35379e-07,93.5318,3779.25,1e-08,105.869,4745.7,2.06965e-08,119.834,5955.6,1e-08,135.641,7468.12,1e-08,153.531,9355.62,2.00739e-07,173.781,11705.8,2.28358e-07,196.701,14624.1,1e-08,222.642,18235,1e-08,252.003,22683.4,1e-08,285.234,28134,1e-08,322.845,34767,2.34258e-07,365.413,42770.9,2.99668e-07,413.588,52327.9,8.28644e-08,468.111,63591.2,1e-08,529.814,76653.2,1e-08,599.642,91502.5,1e-08,678.662,107975,2.26339e-07,768.083,125705,3.69212e-07,869.267,144088,2.04077e-07,983.76,162277,1e-08,1113.3,179223,1e-08,1259.87,193777,1e-08,1425.68,204839,4.55555e-07,6.2823,3.27286,2.43537,0.219672,6.18826,2.24117,0.56371,6.87772,2.63624,0.308279,19,18,11,6,7,2,2,7,0,2,10,0,7,4,0,8,10,0,4,20,0,4,13,0,5,28,0,5,46,0,6,14,0,8,61,0,1,61,0,5,97,0,19,84,0,16,109,0,25,162,0,35,102,0,21,221,0,8,454,0,37,420,0,16,475,0,37,457,0,88,120,0,56,2440,0,46,2217,0,50,1634,0,67,1965,0,34,6109,0,41,3314,0,155,2991,0,87,3030,0,138,9391,0,99,9558,0,221,11531,0,125,14651,0,310,15957,0,261,21002,0,333,37990,0,236,32374,0,214,51873,0,394,33767,0,565,57062,0,469,104066,0,767,97922,0,547,79394,0,1211,149815,0,923,229574,0,701,140743,0,920,67564,0,1472,202993,0,1667,214214,0,1193,217284,0
-1.05176e+08,1,8.88811e-15,10,1023,0,1.05176e+08,0.528882,1.08665,0.389689,0.145397,0.379329,3.24381,0.161596,0.446195,1.77396,0.159177,1.15e+07,4.49998e+06,6.79999e+06,1.15e+07,4.49997e+06,6.79999e+06,1.15e+07,4.49996e+06,6.79999e+06,1.15e+07,4.49995e+06,6.79999e+06,1.14999e+07,4.49993e+06,6.79999e+06,1.14999e+07,4.49991e+06,6.79999e+06,1.14999e+07,4.49989e+06,6.79999e+06,1.14999e+07,4.49986e+06,6.79999e+06,1.14999e+07,4.49982e+06,6.79999e+06,1.14999e+07,4.49977e+06,6.79999e+06,1.14999e+07,4.49971e+06,6.79999e+06,1.14999e+07,4.49963e+06,6.79999e+06,1.14998e+07,4.49953e+06,6.79999e+06,1.14998e+07,4.49941e+06,6.79999e+06,1.14998e+07,4.49926e+06,6.79999e+06,1.14998e+07,4.49906e+06,6.79999e+06,1.14997e+07,4.49882e+06,6.79999e+06,1.14997e+07,4.49851e+06,6.79999e+06,1.14997e+07,4.49812e+06,6.79999e+06,1.14996e+07,4.49764e+06,6.79999e+06,1.14996e+07,4.49702e+06,6.79999e+06,1.14995e+07,4.49625e+06,6.79999e+06,1.14995e+07,4.49528e+06,6.79999e+06,1.14994e+07,4.49406e+06,6.79999e+06,1.14993e+07,4.49253e+06,6.79999e+06,1.14992e+07,4.49059e+06,6.79999e+06,1.14991e+07,4.48817e+06,6.79999e+06,1.1499e+07,4.48511e+06,6.79999e+06,1.14988e+07,4.48128e+06,6.79999e+06,1.14987e+07,4.47646e+06,6.79999e+06,1.14985e+07,4.47041e+06,6.79999e+06,1.14983e+07,4.46281e+06,6.79999e+06,1.14981e+07,4.4533e+06,6.79999e+06,1.14979e+07,4.44138e+06,6.79999e+06,1.14976e+07,4.42649e+06,6.79999e+06,1.14972e+07,4.40789e+06,6.79999e+06,1.14969e+07,4.38471e+06,6.79999e+06,1.14965e+07,4.35592e+06,6.79999e+06,1.1496e+07,4.32027e+06,6.79999e+06,1.14955e+07,4.27629e+06,6.79999e+06,1.14949e+07,4.22231e+06,6.79999e+06,1.14942e+07,4.15647e+06,6.79999e+06,1.14934e+07,4.07676e+06,6.79999e+06,1.14926e+07,3.98112e+06,6.79999e+06,1.14916e+07,3.86765e+06,6.79999e+06,1.14905e+07,3.73474e+06,6.79999e+06,1.14892e+07,3.58148e+06,6.79999e+06,1.14878e+07,3.40785e+06,6.79999e+06,1.14862e+07,3.21513e+06,6.79999e+06,1.14844e+07,3.00605e+06,6.79999e+06,1.14823e+07,2.7848e+06,6.79999e+06,1.148e+07,2.5568e+06,6.79999e+06,1.14773e+07,2.32825e+06,6.79999e+06,13.5742,8.52444,0.508366,16.8306,13.2585,0.162638,20.0035,17.569,0.0507846,23.2616,22.4214,0.0158319,26.7328,28.3297,0.00493498,30.5212,35.6974,0.00153831,34.7178,44.9473,0.000479527,39.4086,56.5822,0.000149456,44.6796,71.2245,4.66214e-05,50.6209,89.6543,1.45419e-05,57.3297,112.852,4.54748e-06,64.9129,142.051,1.43857e-06,73.4897,178.803,4.36618e-07,83.1934,225.062,1.40153e-07,94.1745,283.286,4.96378e-08,106.602,356.568,1.05434e-07,120.669,448.799,-6.49244e-08,136.59,564.873,1.70148e-07,154.611,710.948,-5.34594e-08,175.008,894.767,1.63407e-07,198.097,1126.06,8.04804e-08,224.231,1417.07,1.14667e-07,253.813,1783.15,-1.71227e-07,287.297,2243.62,-2.88466e-07,325.198,2822.67,-4.33651e-07,368.098,3550.67,7.9318e-08,416.657,4465.65,3.13319e-07,471.621,5615.16,3.4613e-07,533.835,7058.61,-1.19199e-07,604.255,8870.02,-2.79964e-07,683.962,11141.4,-2.30521e-07,774.182,13986.7,-2.55099e-07,876.299,17546.4,1.23585e-07,991.883,21993.1,1.41192e-07,1122.71,27536.7,-9.71886e-08,1270.78,34430.7,-3.68368e-07,1438.38,42977.7,-3.45379e-07,1628.07,53532.7,-3.25328e-09,1842.77,66504.6,2.6362e-07,2085.77,82350.2,2.53445e-07,2360.79,101560,-2.47407e-08,2672.05,124632,-3.80602e-07,3024.31,152018,-4.79005e-07,3422.98,184060,-1.14379e-07,3874.15,220884,2.64297e-07,4384.72,262283,3.44131e-07,4962.49,307576,7.5349e-08,5616.29,355497,-3.63097e-07,6356.1,404126,-6.05442e-07,7193.18,450932,-2.72333e-07,8140.28,492963,2.29675e-07,9211.79,527178,4.3387e-07,10424,550893,-1.0711e-07,10.102,8.06553,2.81012,10.6436,8.57909,0.869423,11.5336,10.2515,0.270869,12.7211,12.7138,0.0844293,14.1823,15.9373,0.0263173,15.9122,20.0383,0.0082035,17.9198,25.2154,0.00255722,20.2244,31.7373,0.000797017,22.8539,39.9486,0.000248622,25.8438,50.2851,7.75492e-05,29.237,63.2963,2.42508e-05,33.0837,79.6738,7.67162e-06,37.4415,100.288,2.32837e-06,42.3767,126.236,7.33e-07,47.9646,158.896,2.79256e-07,54.2906,200.003,9.87351e-09,61.452,251.741,1.61085e-07,69.5585,316.859,-2.47141e-07,78.7347,398.812,8.93552e-08,89.1218,501.948,-2.53231e-07,100.879,631.736,-1.25047e-07,114.188,795.049,-1.78808e-07,129.252,1000.53,2.6733e-07,146.304,1259.03,4.50292e-07,165.605,1584.19,6.76904e-07,187.452,1993.12,-1.23808e-07,212.181,2507.27,-4.89068e-07,240.173,3153.54,-5.40284e-07,271.856,3965.56,1.86061e-07,307.719,4985.38,4.37004e-07,348.313,6265.4,3.59828e-07,394.26,7870.83,3.98192e-07,446.268,9882.51,-1.92908e-07,505.135,12400.3,-2.20392e-07,571.766,15546.9,1.51705e-07,647.184,19472.2,5.74996e-07,732.547,24357.4,5.39112e-07,829.167,30420,5.07815e-09,938.526,37916.3,-4.11492e-07,1062.3,47143.9,-3.9561e-07,1202.4,58439.2,3.86185e-08,1360.96,72169.3,5.94093e-07,1540.42,88715.8,7.47693e-07,1743.53,108445,1.78537e-07,1973.41,131665,-4.12549e-07,2233.57,158557,-5.37164e-07,2528,189103,-1.17615e-07,2861.2,222986,5.66769e-07,3238.27,259510,9.45053e-07,3664.97,297540,4.25093e-07,4147.81,335497,-3.58506e-07,4694.17,371444,-6.7724e-07,5312.37,403256,1.67192e-07,1.61744,3.89446,9.84394,3.28846,7.5504,12.774,5.07607,11.7187,13.6844,7.03202,16.8147,13.9681,9.20215,23.1769,14.0566,11.6301,31.1672,14.0841,14.3598,41.2186,14.0927,17.4376,53.8688,14.0954,20.9137,69.7915,14.0962,24.8432,89.8341,14.0965,29.2879,115.063,14.0966,34.3168,146.819,14.0966,40.0078,186.792,14.0966,46.4487,237.107,14.0966,53.7388,300.44,14.0966,61.9903,380.158,14.0966,71.3301,480.499,14.0966,81.902,606.796,14.0966,93.8685,765.761,14.0966,107.414,965.837,14.0966,122.746,1217.65,14.0966,140.101,1534.57,14.0966,159.745,1933.41,14.0966,181.981,2435.3,14.0966,207.15,3066.85,14.0966,235.64,3861.46,14.0966,267.889,4861.11,14.0966,304.391,6118.54,14.0966,345.709,7699.91,14.0966,392.478,9688.22,14.0966,445.417,12187.5,14.0966,505.339,15327.7,14.0966,573.165,19271.6,14.0966,649.938,24222,14.0966,736.839,30430.9,14.0966,835.202,38211.5,14.0966,946.539,47950.3,14.0966,1072.56,60122.8,14.0966,1215.21,75309.9,14.0966,1376.66,94216.2,14.0966,1559.41,117688,14.0966,1766.26,146729,14.0966,2000.39,182510,14.0966,2265.39,226372,14.0966,2565.33,279806,14.0966,2904.81,344416,14.0966,3289.05,421845,14.0966,3723.93,513667,14.0966,4216.13,621231,14.0966,4773.18,745478,14.0966,5403.64,886744,14.0966,6117.15,1.04457e+06,14.0966,6924.63,1.2176e+06,14.0966,11.7194,11.96,12.6541,13.9321,16.1295,13.6434,16.6097,21.9702,13.9553,19.7532,29.5285,14.0526,23.3844,39.1143,14.0829,27.5423,51.2054,14.0923,32.2796,66.434,14.0953,37.662,85.6061,14.0962,43.7675,109.74,14.0965,50.687,140.119,14.0966,58.5249,178.359,14.0966,67.4005,226.493,14.0966,77.4493,287.08,14.0966,88.8254,363.343,14.0966,101.703,459.336,14.0966,116.281,580.161,14.0966,132.782,732.241,14.0966,151.46,923.655,14.0966,172.603,1164.57,14.0966,196.535,1467.79,14.0966,223.625,1849.39,14.0966,254.288,2329.62,14.0966,288.997,2933.93,14.0966,328.285,3694.33,14.0966,372.755,4651.04,14.0966,423.092,5854.57,14.0966,480.07,7368.38,14.0966,544.564,9272.08,14.0966,617.566,11665.5,14.0966,700.197,14673.6,14.0966,793.729,18452.9,14.0966,899.599,23198.6,14.0966,1019.43,29154.1,14.0966,1155.07,36622.3,14.0966,1308.6,45977.9,14.0966,1482.39,57683.7,14.0966,1679.09,72307.8,14.0966,1901.73,90542.8,14.0966,2153.73,113226,14.0966,2438.97,141360,14.0966,2761.81,176127,14.0966,3127.22,218898,14.0966,3540.81,271226,14.0966,4008.92,334817,14.0966,4538.74,411470,14.0966,5138.38,502973,14.0966,5817.04,610948,14.0966,6585.12,736653,14.0966,7454.39,880741,14.0966,8438.15,1.04302e+06,14.0966,9551.45,1.22224e+06,14.0966,10811.3,1.41602e+06,14.0966,12237,1.62086e+06,14.0966,11.7194,11.96,12.6541,2.21263,4.16949,0.989383,2.67766,5.84076,0.311842,3.14343,7.55825,0.0972771,3.63127,9.58578,0.0303237,4.15787,12.0912,0.00945211,4.73731,15.2286,0.00294633,5.38238,19.1721,0.000918508,6.10553,24.134,0.000286163,6.91951,30.3791,8.92692e-05,7.83792,38.2397,2.78121e-05,8.87555,48.1338,8.65134e-06,10.0489,60.5876,2.7882e-06,11.3761,76.2629,8.29036e-07,12.8779,95.9927,2.4373e-07,14.5775,120.825,4.33068e-09,16.5012,152.08,1.75749e-07,18.6784,191.415,-1.86328e-07,21.1428,240.917,1.91829e-07,23.9322,303.213,-1.81475e-07,27.0895,381.602,7.0186e-08,30.6634,480.231,-2.86769e-08,34.7087,604.316,2.40784e-07,39.2876,760.401,9.87368e-08,44.4705,956.705,1.22263e-07,50.3371,1203.54,-4.31966e-07,56.9776,1513.81,-1.9705e-07,64.494,1903.69,-2.763e-08,73.0018,2393.4,3.9185e-07,82.6317,3008.13,1.35379e-07,93.5318,3779.25,-4.16351e-08,105.869,4745.7,2.06965e-08,119.834,5955.6,-3.18887e-07,135.641,7468.12,-1.48271e-08,153.531,9355.62,2.00739e-07,173.781,11705.8,2.28358e-07,196.701,14624.1,-1.93587e-08,222.642,18235,-2.88101e-07,252.003,22683.4,-2.24732e-07,285.234,28134,8.56806e-09,322.845,34767,2.34258e-07,365.413,42770.9,2.99668e-07,413.588,52327.9,8.28644e-08,468.111,63591.2,-3.07049e-07,529.814,76653.2,-3.1888e-07,599.642,91502.5,-6.72276e-08,678.662,107975,2.26339e-07,768.083,125705,3.69212e-07,869.267,144088,2.04077e-07,983.76,162277,-2.80509e-07,1113.3,179223,-4.22737e-07,1259.87,193777,-1.71951e-07,1425.68,204839,4.55555e-07,11.7194,11.96,12.6541,2.21263,4.16949,0.989383,2.67766,5.84076,0.311842,3.14343,7.55825,0.0972771,3.63127,9.58578,0.0303237,4.15787,12.0912,0.00945211,4.73731,15.2286,0.00294633,5.38238,19.1721,0.000918508,6.10553,24.134,0.000286163,6.91951,30.3791,8.92692e-05,7.83792,38.2397,2.78121e-05,8.87555,48.1338,8.65134e-06,10.0489,60.5876,2.7882e-06,11.3761,76.2629,8.29036e-07,12.8779,95.9927,2.4373e-07,14.5775,120.825,1e-08,16.5012,152.08,1.75749e-07,18.6784,191.415,1e-08,21.1428,240.917,1.91829e-07,23.9322,303.213,1e-08,27.0895,381.602,7.0186e-08,30.6634,480.231,1e-08,34.7087,604.316,2.40784e-07,39.2876,760.401,9.87368e-08,44.4705,956.705,1.22263e-07,50.3371,1203.54,1e-08,56.9776,1513.81,1e-08,64.494,1903.69,1e-08,73.0018,2393.4,3.9185e-07,82.6317,3008.13,1.35379e-07,93.5318,3779.25,1e-08,105.869,4745.7,2.06965e-08,119.834,5955.6,1e-08,135.641,7468.12,1e-08,153.531,9355.62,2.00739e-07,173.781,11705.8,2.28358e-07,196.701,14624.1,1e-08,222.642,18235,1e-08,252.003,22683.4,1e-08,285.234,28134,1e-08,322.845,34767,2.34258e-07,365.413,42770.9,2.99668e-07,413.588,52327.9,8.28644e-08,468.111,63591.2,1e-08,529.814,76653.2,1e-08,599.642,91502.5,1e-08,678.662,107975,2.26339e-07,768.083,125705,3.69212e-07,869.267,144088,2.04077e-07,983.76,162277,1e-08,1113.3,179223,1e-08,1259.87,193777,1e-08,1425.68,204839,4.55555e-07,6.2823,3.27286,2.43537,0.219672,6.18826,2.24117,0.56371,6.87772,2.63624,0.308279,10,11,22,5,4,4,2,3,2,6,3,0,6,8,0,7,5,0,2,17,0,3,7,0,2,30,0,8,7,0,10,41,0,12,27,0,5,99,0,8,51,0,16,52,0,6,158,0,19,150,0,15,177,0,9,265,0,30,238,0,32,257,0,31,271,0,61,365,0,32,753,0,41,1355,0,57,2213,0,46,2835,0,19,1012,0,60,1273,0,73,4747,0,120,2828,0,76,3343,0,123,7919,0,167,6078,0,187,4718,0,277,9606,0,180,17683,0,136,28809,0,94,6386,0,285,20091,0,541,43507,0,458,19968,0,378,54917,0,418,38209,0,490,66541,0,425,34558,0,544,178256,0,804,190693,0,1607,111087,0,835,277698,0,1436,157345,0,1660,228365,0,1642,108037,0
-1.05176e+08,1,8.88811e-15,10,1023,0,1.05176e+08,0.528882,1.08665,0.389689,0.145397,0.379329,3.24381,0.161596,0.446195,1.77396,0.159177,1.15e+07,4.49998e+06,6.79999e+06,1.15e+07,4.49997e+06,6.79999e+06,1.15e+07,4.49996e+06,6.79999e+06,1.15e+07,4.49995e+06,6.79999e+06,1.14999e+07,4.49993e+06,6.79999e+06,1.14999e+07,4.49991e+06,6.79999e+06,1.14999e+07,4.49989e+06,6.79999e+06,1.14999e+07,4.49986e+06,6.79999e+06,1.14999e+07,4.49982e+06,6.79999e+06,1.14999e+07,4.49977e+06,6.79999e+06,1.14999e+07,4.49971e+06,6.79999e+06,1.14999e+07,4.49963e+06,6.79999e+06,1.14998e+07,4.49953e+06,6.79999e+06,1.14998e+07,4.49941e+06,6.79999e+06,1.14998e+07,4.49926e+06,6.79999e+06,1.14998e+07,4.49906e+06,6.79999e+06,1.14997e+07,4.49882e+06,6.79999e+06,1.14997e+07,4.49851e+06,6.79999e+06,1.14997e+07,4.49812e+06,6.79999e+06,1.14996e+07,4.49764e+06,6.79999e+06,1.14996e+07,4.49702e+06,6.79999e+06,1.14995e+07,4.49625e+06,6.79999e+06,1.14995e+07,4.49528e+06,6.79999e+06,1.14994e+07,4.49406e+06,6.79999e+06,1.14993e+07,4.49253e+06,6.79999e+06,1.14992e+07,4.49059e+06,6.79999e+06,1.14991e+07,4.48817e+06,6.79999e+06,1.1499e+07,4.48511e+06,6.79999e+06,1.14988e+07,4.48128e+06,6.79999e+06,1.14987e+07,4.47646e+06,6.79999e+06,1.14985e+07,4.47041e+06,6.79999e+06,1.14983e+07,4.46281e+06,6.79999e+06,1.14981e+07,4.4533e+06,6.79999e+06,1.14979e+07,4.44138e+06,6.79999e+06,1.14976e+07,4.42649e+06,6.79999e+06,1.14972e+07,4.40789e+06,6.79999e+06,1.14969e+07,4.38471e+06,6.79999e+06,1.14965e+07,4.35592e+06,6.79999e+06,1.1496e+07,4.32027e+06,6.79999e+06,1.14955e+07,4.27629e+06,6.79999e+06,1.14949e+07,4.22231e+06,6.79999e+06,1.14942e+07,4.15647e+06,6.79999e+06,1.14934e+07,4.07676e+06,6.79999e+06,1.14926e+07,3.98112e+06,6.79999e+06,1.14916e+07,3.86765e+06,6.79999e+06,1.14905e+07,3.73474e+06,6.79999e+06,1.14892e+07,3.58148e+06,6.79999e+06,1.14878e+07,3.40785e+06,6.79999e+06,1.14862e+07,3.21513e+06,6.79999e+06,1.14844e+07,3.00605e+06,6.79999e+06,1.14823e+07,2.7848e+06,6.79999e+06,1.148e+07,2.5568e+06,6.79999e+06,1.14773e+07,2.32825e+06,6.79999e+06,13.5742,8.52444,0.508366,16.8306,13.2585,0.162638,20.0035,17.569,0.0507846,23.2616,22.4214,0.0158319,26.7328,28.3297,0.00493498,30.5212,35.6974,0.00153831,34.7178,44.9473,0.000479527,39.4086,56.5822,0.000149456,44.6796,71.2245,4.66214e-05,50.6209,89.6543,1.45419e-05,57.3297,112.852,4.54748e-06,64.9129,142.051,1.43857e-06,73.4897,178.803,4.36618e-07,83.1934,225.062,1.40153e-07,94.1745,283.286,4.96378e-08,106.602,356.568,1.05434e-07,120.669,448.799,-6.49244e-08,136.59,564.873,1.70148e-07,154.611,710.948,-5.34594e-08,175.008,894.767,1.63407e-07,198.097,1126.06,8.04804e-08,224.231,1417.07,1.14667e-07,253.813,1783.15,-1.71227e-07,287.297,2243.62,-2.88466e-07,325.198,2822.67,-4.33651e-07,368.098,3550.67,7.9318e-08,416.657,4465.65,3.13319e-07,471.621,5615.16,3.4613e-07,533.835,7058.61,-1.19199e-07,604.255,8870.02,-2.79964e-07,683.962,11141.4,-2.30521e-07,774.182,13986.7,-2.55099e-07,876.299,17546.4,1.23585e-07,991.883,21993.1,1.41192e-07,1122.71,27536.7,-9.71886e-08,1270.78,34430.7,-3.68368e-07,1438.38,42977.7,-3.45379e-07,1628.07,53532.7,-3.25328e-09,1842.77,66504.6,2.6362e-07,2085.77,82350.2,2.53445e-07,2360.79,101560,-2.47407e-08,2672.05,124632,-3.80602e-07,3024.31,152018,-4.79005e-07,3422.98,184060,-1.14379e-07,3874.15,220884,2.64297e-07,4384.72,262283,3.44131e-07,4962.49,307576,7.5349e-08,5616.29,355497,-3.63097e-07,6356.1,404126,-6.05442e-07,7193.18,450932,-2.72333e-07,8140.28,492963,2.29675e-07,9211.79,527178,4.3387e-07,10424,550893,-1.0711e-07,10.102,8.06553,2.81012,10.6436,8.57909,0.869423,11.5336,10.2515,0.270869,12.7211,12.7138,0.0844293,14.1823,15.9373,0.0263173,15.9122,20.0383,0.0082035,17.9198,25.2154,0.00255722,20.2244,31.7373,0.000797017,22.8539,39.9486,0.000248622,25.8438,50.2851,7.75492e-05,29.237,63.2963,2.42508e-05,33.0837,79.6738,7.67162e-06,37.4415,100.288,2.32837e-06,42.3767,126.236,7.33e-07,47.9646,158.896,2.79256e-07,54.2906,200.003,9.87351e-09,61.452,251.741,1.61085e-07,69.5585,316.859,-2.47141e-07,78.7347,398.812,8.93552e-08,89.1218,501.948,-2.53231e-07,100.879,631.736,-1.25047e-07,114.188,795.049,-1.78808e-07,129.252,1000.53,2.6733e-07,146.304,1259.03,4.50292e-07,165.605,1584.19,6.76904e-07,187.452,1993.12,-1.23808e-07,212.181,2507.27,-4.89068e-07,240.173,3153.54,-5.40284e-07,271.856,3965.56,1.86061e-07,307.719,4985.38,4.37004e-07,348.313,6265.4,3.59828e-07,394.26,7870.83,3.98192e-07,446.268,9882.51,-1.92908e-07,505.135,12400.3,-2.20392e-07,571.766,15546.9,1.51705e-07,647.184,19472.2,5.74996e-07,732.547,24357.4,5.39112e-07,829.167,30420,5.07815e-09,938.526,37916.3,-4.11492e-07,1062.3,47143.9,-3.9561e-07,1202.4,58439.2,3.86185e-08,1360.96,72169.3,5.94093e-07,1540.42,88715.8,7.47693e-07,1743.53,108445,1.78537e-07,1973.41,131665,-4.12549e-07,2233.57,158557,-5.37164e-07,2528,189103,-1.17615e-07,2861.2,222986,5.66769e-07,3238.27,259510,9.45053e-07,3664.97,297540,4.25093e-07,4147.81,335497,-3.58506e-07,4694.17,371444,-6.7724e-07,5312.37,403256,1.67192e-07,1.61744,3.89446,9.84394,3.28846,7.5504,12.774,5.07607,11.7187,13.6844,7.03202,16.8147,13.9681,9.20215,23.1769,14.0566,11.6301,31.1672,14.0841,14.3598,41.2186,14.0927,17.4376,53.8688,14.0954,20.9137,69.7915,14.0962,24.8432,89.8341,14.0965,29.2879,115.063,14.0966,34.3168,146.819,14.0966,40.0078,186.792,14.0966,46.4487,237.107,14.0966,53.7388,300.44,14.0966,61.9903,380.158,14.0966,71.3301,480.499,14.0966,81.902,606.796,14.0966,93.8685,765.761,14.0966,107.414,965.837,14.0966,122.746,1217.65,14.0966,140.101,1534.57,14.0966,159.745,1933.41,14.0966,181.981,2435.3,14.0966,207.15,3066.85,14.0966,235.64,3861.46,14.0966,267.889,4861.11,14.0966,304.391,6118.54,14.0966,345.709,7699.91,14.0966,392.478,9688.22,14.0966,445.417,12187.5,14.0966,505.339,15327.7,14.0966,573.165,19271.6,14.0966,649.938,24222,14.0966,736.839,30430.9,14.0966,835.202,38211.5,14.0966,946.539,47950.3,14.0966,1072.56,60122.8,14.0966,1215.21,75309.9,14.0966,1376.66,94216.2,14.0966,1559.41,117688,14.0966,1766.26,146729,14.0966,2000.39,182510,14.0966,2265.39,226372,14.0966,2565.33,279806,14.0966,2904.81,344416,14.0966,3289.05,421845,14.0966,3723.93,513667,14.0966,4216.13,621231,14.0966,4773.18,745478,14.0966,5403.64,886744,14.0966,6117.15,1.04457e+06,14.0966,6924.63,1.2176e+06,14.0966,11.7194,11.96,12.6541,13.9321,16.1295,13.6434,16.6097,21.9702,13.9553,19.7532,29.5285,14.0526,23.3844,39.1143,14.0829,27.5423,51.2054,14.0923,32.2796,66.434,14.0953,37.662,85.6061,14.0962,43.7675,109.74,14.0965,50.687,140.119,14.0966,58.5249,178.359,14.0966,67.4005,226.493,14.0966,77.4493,287.08,14.0966,88.8254,363.343,14.0966,101.703,459.336,14.0966,116.281,580.161,14.0966,132.782,732.241,14.0966,151.46,923.655,14.0966,172.603,1164.57,14.0966,196.535,1467.79,14.0966,223.625,1849.39,14.0966,254.288,2329.62,14.0966,288.997,2933.93,14.0966,328.285,3694.33,14.0966,372.755,4651.04,14.0966,423.092,5854.57,14.0966,480.07,7368.38,14.0966,544.564,9272.08,14.0966,617.566,11665.5,14.0966,700.197,14673.6,14.0966,793.729,18452.9,14.0966,899.599,23198.6,14.0966,1019.43,29154.1,14.0966,1155.07,36622.3,14.0966,1308.6,45977.9,14.0966,1482.39,57683.7,14.0966,1679.09,72307.8,14.0966,1901.73,90542.8,14.0966,2153.73,113226,14.0966,2438.97,141360,14.0966,2761.81,176127,14.0966,3127.22,218898,14.0966,3540.81,271226,14.0966,4008.92,334817,14.0966,4538.74,411470,14.0966,5138.38,502973,14.0966,5817.04,610948,14.0966,6585.12,736653,14.0966,7454.39,880741,14.0966,8438.15,1.04302e+06,14.0966,9551.45,1.22224e+06,14.0966,10811.3,1.41602e+06,14.0966,12237,1.62086e+06,14.0966,11.7194,11.96,12.6541,2.21263,4.16949,0.989383,2.67766,5.84076,0.311842,3.14343,7.55825,0.0972771,3.63127,9.58578,0.0303237,4.15787,12.0912,0.00945211,4.73731,15.2286,0.00294633,5.38238,19.1721,0.000918508,6.10553,24.134,0.000286163,6.91951,30.3791,8.92692e-05,7.83792,38.2397,2.78121e-05,8.87555,48.1338,8.65134e-06,10.0489,60.5876,2.7882e-06,11.3761,76.2629,8.29036e-07,12.8779,95.9927,2.4373e-07,14.5775,120.825,4.33068e-09,16.5012,152.08,1.75749e-07,18.6784,191.415,-1.86328e-07,21.1428,240.917,1.91829e-07,23.9322,303.213,-1.81475e-07,27.0895,381.602,7.0186e-08,30.6634,480.231,-2.86769e-08,34.7087,604.316,2.40784e-07,39.2876,760.401,9.87368e-08,44.4705,956.705,1.22263e-07,50.3371,1203.54,-4.31966e-07,56.9776,1513.81,-1.9705e-07,64.494,1903.69,-2.763e-08,73.0018,2393.4,3.9185e-07,82.6317,3008.13,1.35379e-07,93.5318,3779.25,-4.16351e-08,105.869,4745.7,2.06965e-08,119.834,5955.6,-3.18887e-07,135.641,7468.12,-1.48271e-08,153.531,9355.62,2.00739e-07,173.781,11705.8,2.28358e-07,196.701,14624.1,-1.93587e-08,222.642,18235,-2.88101e-07,252.003,22683.4,-2.24732e-07,285.234,28134,8.56806e-09,322.845,34767,2.34258e-07,365.413,42770.9,2.99668e-07,413.588,52327.9,8.28644e-08,468.111,63591.2,-3.07049e-07,529.814,76653.2,-3.1888e-07,599.642,91502.5,-6.72276e-08,678.662,107975,2.26339e-07,768.083,125705,3.69212e-07,869.267,144088,2.04077e-07,983.76,162277,-2.80509e-07,1113.3,179223,-4.22737e-07,1259.87,193777,-1.71951e-07,1425.68,204839,4.55555e-07,11.7194,11.96,12.6541,2.21263,4.16949,0.989383,2.67766,5.84076,0.311842,3.14343,7.55825,0.0972771,3.63127,9.58578,0.0303237,4.15787,12.0912,0.00945211,4.73731,15.2286,0.00294633,5.38238,19.1721,0.000918508,6.10553,24.134,0.000286163,6.91951,30.3791,8.92692e-05,7.83792,38.2397,2.78121e-05,8.87555,48.1338,8.65134e-06,10.0489,60.5876,2.7882e-06,11.3761,76.2629,8.29036e-07,12.8779,95.9927,2.4373e-07,14.5775,120.825,1e-08,16.5012,152.08,1.75749e-07,18.6784,191.415,1e-08,21.1428,240.917,1.91829e-07,23.9322,303.213,1e-08,27.0895,381.602,7.0186e-08,30.6634,480.231,1e-08,34.7087,604.316,2.40784e-07,39.2876,760.401,9.87368e-08,44.4705,956.705,1.22263e-07,50.3371,1203.54,1e-08,56.9776,1513.81,1e-08,64.494,1903.69,1e-08,73.0018,2393.4,3.9185e-07,82.6317,3008.13,1.35379e-07,93.5318,3779.25,1e-08,105.869,4745.7,2.06965e-08,119.834,5955.6,1e-08,135.641,7468.12,1e-08,153.531,9355.62,2.00739e-07,173.781,11705.8,2.28358e-07,196.701,14624.1,1e-08,222.642,18235,1e-08,252.003,22683.4,1e-08,285.234,28134,1e-08,322.845,34767,2.34258e-07,365.413,42770.9,2.99668e-07,413.588,52327.9,8.28644e-08,468.111,63591.2,1e-08,529.814,76653.2,1e-08,599.642,91502.5,1e-08,678.662,107975,2.26339e-07,768.083,125705,3.69212e-07,869.267,144088,2.04077e-07,983.76,162277,1e-08,1113.3,179223,1e-08,1259.87,193777,1e-08,1425.68,204839,4.55555e-07,6.2823,3.27286,2.43537,0.219672,6.18826,2.24117,0.56371,6.87772,2.63624,0.308279,20,6,11,4,5,1,7,11,1,6,2,0,4,8,0,4,9,0,2,26,0,2,34,0,11,11,0,6,24,0,7,46,0,8,62,0,9,59,0,21,92,0,23,48,0,17,122,0,15,139,0,15,268,0,15,155,0,20,159,0,20,478,0,31,414,0,37,461,0,35,266,0,53,920,0,26,460,0,53,1784,0,63,3758,0,48,3125,0,124,4267,0,127,4252,0,108,7954,0,70,4090,0,95,3123,0,179,6517,0,206,19447,0,119,10266,0,252,7906,0,286,29213,0,182,25385,0,152,39618,0,397,36673,0,414,41113,0,723,34317,0,737,57431,0,1390,73266,0,675,120663,0,839,131147,0,517,123894,0,1981,225847,0,1696,202753,0,1170,105165,0,2030,213918,0
-1.05176e+08,1,8.88811e-15,10,1023,0,1.05176e+08,0.528882,1.08665,0.389689,0.145397,0.379329,3.24381,0.161596,0.446195,1.77396,0.159177,1.15e+07,4.49998e+06,6.79999e+06,1.15e+07,4.49997e+06,6.79999e+06,1.15e+07,4.49996e+06,6.79999e+06,1.15e+07,4.49995e+06,6.79999e+06,1.14999e+07,4.49993e+06,6.79999e+06,1.14999e+07,4.49991e+06,6.79999e+06,1.14999e+07,4.49989e+06,6.79999e+06,1.14999e+07,4.49986e+06,6.79999e+06,1.14999e+07,4.49982e+06,6.79999e+06,1.14999e+07,4.49977e+06,6.79999e+06,1.14999e+07,4.49971e+06,6.79999e+06,1.14999e+07,4.49963e+06,6.79999e+06,1.14998e+07,4.49953e+06,6.79999e+06,1.14998e+07,4.49941e+06,6.79999e+06,1.14998e+07,4.49926e+06,6.79999e+06,1.14998e+07,4.49906e+06,6.79999e+06,1.14997e+07,4.49882e+06,6.79999e+06,1.14997e+07,4.49851e+06,6.79999e+06,1.14997e+07,4.49812e+06,6.79999e+06,1.14996e+07,4.49764e+06,6.79999e+06,1.14996e+07,4.49702e+06,6.79999e+06,1.14995e+07,4.49625e+06,6.79999e+06,1.14995e+07,4.49528e+06,6.79999e+06,1.14994e+07,4.49406e+06,6.79999e+06,1.14993e+07,4.49253e+06,6.79999e+06,1.14992e+07,4.49059e+06,6.79999e+06,1.14991e+07,4.48817e+06,6.79999e+06,1.1499e+07,4.48511e+06,6.79999e+06,1.14988e+07,4.48128e+06,6.79999e+06,1.14987e+07,4.47646e+06,6.79999e+06,1.14985e+07,4.47041e+06,6.79999e+06,1.14983e+07,4.46281e+06,6.79999e+06,1.14981e+07,4.4533e+06,6.79999e+06,1.14979e+07,4.44138e+06,6.79999e+06,1.14976e+07,4.42649e+06,6.79999e+06,1.14972e+07,4.40789e+06,6.79999e+06,1.14969e+07,4.38471e+06,6.79999e+06,1.14965e+07,4.35592e+06,6.79999e+06,1.1496e+07,4.32027e+06,6.79999e+06,1.14955e+07,4.27629e+06,6.79999e+06,1.14949e+07,4.22231e+06,6.79999e+06,1.14942e+07,4.15647e+06,6.79999e+06,1.14934e+07,4.07676e+06,6.79999e+06,1.14926e+07,3.98112e+06,6.79999e+06,1.14916e+07,3.86765e+06,6.79999e+06,1.14905e+07,3.73474e+06,6.79999e+06,1.14892e+07,3.58148e+06,6.79999e+06,1.14878e+07,3.40785e+06,6.79999e+06,1.14862e+07,3.21513e+06,6.79999e+06,1.14844e+07,3.00605e+06,6.79999e+06,1.14823e+07,2.7848e+06,6.79999e+06,1.148e+07,2.5568e+06,6.79999e+06,1.14773e+07,2.32825e+06,6.79999e+06,13.5742,8.52444,0.508366,16.8306,13.2585,0.162638,20.0035,17.569,0.0507846,23.2616,22.4214,0.0158319,26.7328,28.3297,0.00493498,30.5212,35.6974,0.00153831,34.7178,44.9473,0.000479527,39.4086,56.5822,0.000149456,44.6796,71.2245,4.66214e-05,50.6209,89.6543,1.45419e-05,57.3297,112.852,4.54748e-06,64.9129,142.051,1.43857e-06,73.4897,178.803,4.36618e-07,83.1934,225.062,1.40153e-07,94.1745,283.286,4.96378e-08,106.602,356.568,1.05434e-07,120.669,448.799,-6.49244e-08,136.59,564.873,1.70148e-07,154.611,710.948,-5.34594e-08,175.008,894.767,1.63407e-07,198.097,1126.06,8.04804e-08,224.231,1417.07,1.14667e-07,253.813,1783.15,-1.71227e-07,287.297,2243.62,-2.88466e-07,325.198,2822.67,-4.33651e-07,368.098,3550.67,7.9318e-08,416.657,4465.65,3.13319e-07,471.621,5615.16,3.4613e-07,533.835,7058.61,-1.19199e-07,604.255,8870.02,-2.79964e-07,683.962,11141.4,-2.30521e-07,774.182,13986.7,-2.55099e-07,876.299,17546.4,1.23585e-07,991.883,21993.1,1.41192e-07,1122.71,27536.7,-9.71886e-08,1270.78,34430.7,-3.68368e-07,1438.38,42977.7,-3.45379e-07,1628.07,53532.7,-3.25328e-09,1842.77,66504.6,2.6362e-07,2085.77,82350.2,2.53445e-07,2360.79,101560,-2.47407e-08,2672.05,124632,-3.80602e-07,3024.31,152018,-4.79005e-07,3422.98,184060,-1.14379e-07,3874.15,220884,2.64297e-07,4384.72,262283,3.44131e-07,4962.49,307576,7.5349e-08,5616.29,355497,-3.63097e-07,6356.1,404126,-6.05442e-07,7193.18,450932,-2.72333e-07,8140.28,492963,2.29675e-07,9211.79,527178,4.3387e-07,10424,550893,-1.0711e-07,10.102,8.06553,2.81012,10.6436,8.57909,0.869423,11.5336,10.2515,0.270869,12.7211,12.7138,0.0844293,14.1823,15.9373,0.0263173,15.9122,20.0383,0.0082035,17.9198,25.2154,0.00255722,20.2244,31.7373,0.000797017,22.8539,39.9486,0.000248622,25.8438,50.2851,7.75492e-05,29.237,63.2963,2.42508e-05,33.0837,79.6738,7.67162e-06,37.4415,100.288,2.32837e-06,42.3767,126.236,7.33e-07,47.9646,158.896,2.79256e-07,54.2906,200.003,9.87351e-09,61.452,251.741,1.61085e-07,69.5585,316.859,-2.47141e-07,78.7347,398.812,8.93552e-08,89.1218,501.948,-2.53231e-07,100.879,631.736,-1.25047e-07,114.188,795.049,-1.78808e-07,129.252,1000.53,2.6733e-07,146.304,1259.03,4.50292e-07,165.605,1584.19,6.76904e-07,187.452,1993.12,-1.23808e-07,212.181,2507.27,-4.89068e-07,240.173,3153.54,-5.40284e-07,271.856,3965.56,1.86061e-07,307.719,4985.38,4.37004e-07,348.313,6265.4,3.59828e-07,394.26,7870.83,3.98192e-07,446.268,9882.51,-1.92908e-07,505.135,12400.3,-2.20392e-07,571.766,15546.9,1.51705e-07,647.184,19472.2,5.74996e-07,732.547,24357.4,5.39112e-07,829.167,30420,5.07815e-09,938.526,37916.3,-4.11492e-07,1062.3,47143.9,-3.9561e-07,1202.4,58439.2,3.86185e-08,1360.96,72169.3,5.94093e-07,1540.42,88715.8,7.47693e-07,1743.53,108445,1.78537e-07,1973.41,131665,-4.12549e-07,2233.57,158557,-5.37164e-07,2528,189103,-1.17615e-07,2861.2,222986,5.66769e-07,3238.27,259510,9.45053e-07,3664.97,297540,4.25093e-07,4147.81,335497,-3.58506e-07,4694.17,371444,-6.7724e-07,5312.37,403256,1.67192e-07,1.61744,3.89446,9.84394,3.28846,7.5504,12.774,5.07607,11.7187,13.6844,7.03202,16.8147,13.9681,9.20215,23.1769,14.0566,11.6301,31.1672,14.0841,14.3598,41.2186,14.0927,17.4376,53.8688,14.0954,20.9137,69.7915,14.0962,24.8432,89.8341,14.0965,29.2879,115.063,14.0966,34.3168,146.819,14.0966,40.0078,186.792,14.0966,46.4487,237.107,14.0966,53.7388,300.44,14.0966,61.9903,380.158,14.0966,71.3301,480.499,14.0966,81.902,606.796,14.0966,93.8685,765.761,14.0966,107.414,965.837,14.0966,122.746,1217.65,14.0966,140.101,1534.57,14.0966,159.745,1933.41,14.0966,181.981,2435.3,14.0966,207.15,3066.85,14.0966,235.64,3861.46,14.0966,267.889,4861.11,14.0966,304.391,6118.54,14.0966,345.709,7699.91,14.0966,392.478,9688.22,14.0966,445.417,12187.5,14.0966,505.339,15327.7,14.0966,573.165,19271.6,14.0966,649.938,24222,14.0966,736.839,30430.9,14.0966,835.202,38211.5,14.0966,946.539,47950.3,14.0966,1072.56,60122.8,14.0966,1215.21,75309.9,14.0966,1376.66,94216.2,14.0966,1559.41,117688,14.0966,1766.26,146729,14.0966,2000.39,182510,14.0966,2265.39,226372,14.0966,2565.33,279806,14.0966,2904.81,344416,14.0966,3289.05,421845,14.0966,3723.93,513667,14.0966,4216.13,621231,14.0966,4773.18,745478,14.0966,5403.64,886744,14.0966,6117.15,1.04457e+06,14.0966,6924.63,1.2176e+06,14.0966,11.7194,11.96,12.6541,13.9321,16.1295,13.6434,16.6097,21.9702,13.9553,19.7532,29.5285,14.0526,23.3844,39.1143,14.0829,27.5423,51.2054,14.0923,32.2796,66.434,14.0953,37.662,85.6061,14.0962,43.7675,109.74,14.0965,50.687,140.119,14.0966,58.5249,178.359,14.0966,67.4005,226.493,14.0966,77.4493,287.08,14.0966,88.8254,363.343,14.0966,101.703,459.336,14.0966,116.281,580.161,14.0966,132.782,732.241,14.0966,151.46,923.655,14.0966,172.603,1164.57,14.0966,196.535,1467.79,14.0966,223.625,1849.39,14.0966,254.288,2329.62,14.0966,288.997,2933.93,14.0966,328.285,3694.33,14.0966,372.755,4651.04,14.0966,423.092,5854.57,14.0966,480.07,7368.38,14.0966,544.564,9272.08,14.0966,617.566,11665.5,14.0966,700.197,14673.6,14.0966,793.729,18452.9,14.0966,899.599,23198.6,14.0966,1019.43,29154.1,14.0966,1155.07,36622.3,14.0966,1308.6,45977.9,14.0966,1482.39,57683.7,14.0966,1679.09,72307.8,14.0966,1901.73,90542.8,14.0966,2153.73,113226,14.0966,2438.97,141360,14.0966,2761.81,176127,14.0966,3127.22,218898,14.0966,3540.81,271226,14.0966,4008.92,334817,14.0966,4538.74,411470,14.0966,5138.38,502973,14.0966,5817.04,610948,14.0966,6585.12,736653,14.0966,7454.39,880741,14.0966,8438.15,1.04302e+06,14.0966,9551.45,1.22224e+06,14.0966,10811.3,1.41602e+06,14.0966,12237,1.62086e+06,14.0966,11.7194,11.96,12.6541,2.21263,4.16949,0.989383,2.67766,5.84076,0.311842,3.14343,7.55825,0.0972771,3.63127,9.58578,0.0303237,4.15787,12.0912,0.00945211,4.73731,15.2286,0.00294633,5.38238,19.1721,0.000918508,6.10553,24.134,0.000286163,6.91951,30.3791,8.92692e-05,7.83792,38.2397,2.78121e-05,8.87555,48.1338,8.65134e-06,10.0489,60.5876,2.7882e-06,11.3761,76.2629,8.29036e-07,12.8779,95.9927,2.4373e-07,14.5775,120.825,4.33068e-09,16.5012,152.08,1.75749e-07,18.6784,191.415,-1.86328e-07,21.1428,240.917,1.91829e-07,23.9322,303.213,-1.81475e-07,27.0895,381.602,7.0186e-08,30.6634,480.231,-2.86769e-08,34.7087,604.316,2.40784e-07,39.2876,760.401,9.87368e-08,44.4705,956.705,1.22263e-07,50.3371,1203.54,-4.31966e-07,56.9776,1513.81,-1.9705e-07,64.494,1903.69,-2.763e-08,73.0018,2393.4,3.9185e-07,82.6317,3008.13,1.35379e-07,93.5318,3779.25,-4.16351e-08,105.869,4745.7,2.06965e-08,119.834,5955.6,-3.18887e-07,135.641,7468.12,-1.48271e-08,153.531,9355.62,2.00739e-07,173.781,11705.8,2.28358e-07,196.701,14624.1,-1.93587e-08,222.642,18235,-2.88101e-07,252.003,22683.4,-2.24732e-07,285.234,28134,8.56806e-09,322.845,34767,2.34258e-07,365.413,42770.9,2.99668e-07,413.588,52327.9,8.28644e-08,468.111,63591.2,-3.07049e-07,529.814,76653.2,-3.1888e-07,599.642,91502.5,-6.72276e-08,678.662,107975,2.26339e-07,768.083,125705,3.69212e-07,869.267,144088,2.04077e-07,983.76,162277,-2.80509e-07,1113.3,179223,-4.22737e-07,1259.87,193777,-1.71951e-07,1425.68,204839,4.55555e-07,11.7194,11.96,12.6541,2.21263,4.16949,0.989383,2.67766,5.84076,0.311842,3.14343,7.55825,0.0972771,3.63127,9.58578,0.0303237,4.15787,12.0912,0.00945211,4.73731,15.2286,0.00294633,5.38238,19.1721,0.000918508,6.10553,24.134,0.000286163,6.91951,30.3791,8.92692e-05,7.83792,38.2397,2.78121e-05,8.87555,48.1338,8.65134e-06,10.0489,60.5876,2.7882e-06,11.3761,76.2629,8.29036e-07,12.8779,95.9927,2.4373e-07,14.5775,120.825,1e-08,16.5012,152.08,1.75749e-07,18.6784,191.415,1e-08,21.1428,240.917,1.91829e-07,23.9322,303.213,1e-08,27.0895,381.602,7.0186e-08,30.6634,480.231,1e-08,34.7087,604.316,2.40784e-07,39.2876,760.401,9.87368e-08,44.4705,956.705,1.22263e-07,50.3371,1203.54,1e-08,56.9776,1513.81,1e-08,64.494,1903.69,1e-08,73.0018,2393.4,3.9185e-07,82.6317,3008.13,1.35379e-07,93.5318,3779.25,1e-08,105.869,4745.7,2.06965e-08,119.834,5955.6,1e-08,135.641,7468.12,1e-08,153.531,9355.62,2.00739e-07,173.781,11705.8,2.28358e-07,196.701,14624.1,1e-08,222.642,18235,1e-08,252.003,22683.4,1e-08,285.234,28134,1e-08,322.845,34767,2.34258e-07,365.413,42770.9,2.99668e-07,413.588,52327.9,8.28644e-08,468.111,63591.2,1e-08,529.814,76653.2,1e-08,599.642,91502.5,1e-08,678.662,107975,2.26339e-07,768.083,125705,3.69212e-07,869.267,144088,2.04077e-07,983.76,162277,1e-08,1113.3,179223,1e-08,1259.87,193777,1e-08,1425.68,204839,4.55555e-07,6.2823,3.27286,2.43537,0.219672,6.18826,2.24117,0.56371,6.87772,2.63624,0.308279,12,6,6,2,2,3,3,2,0,7,15,0,4,17,0,4,16,0,1,21,0,3,7,0,5,23,0,11,13,0,16,39,0,10,70,0,6,38,0,19,36,0,5,158,0,10,160,0,22,25,0,9,200,0,12,211,0,28,159,0,49,486,0,14,526,0,36,668,0,30,960,0,30,579,0,37,1037,0,56,828,0,53,2402,0,47,1384,0,157,2709,0,102,5864,0,122,6925,0,172,4606,0,197,2468,0,237,5669,0,68,13583,0,340,16604,0,158,17009,0,216,38755,0,244,35499,0,317,51208,0,345,59671,0,411,44363,0,224,34201,0,348,45764,0,453,146371,0,751,76020,0,671,163254,0,1165,188984,0,554,135430,0,1273,173457,0,1205,286115,0,1545,142161,0
-1.05176e+08,1,8.88811e-15,10,1023,0,1.05176e+08,0.528882,1.08665,0.389689,0.145397,0.379329,3.24381,0.161596,0.446195,1.77396,0.159177,1.15e+07,4.49998e+06,6.79999e+06,1.15e+07,4.49997e+06,6.79999e+06,1.15e+07,4.49996e+06,6.79999e+06,1.15e+07,4.49995e+06,6.79999e+06,1.14999e+07,4.49993e+06,6.79999e+06,1.14999e+07,4.49991e+06,6.79999e+06,1.14999e+07,4.49989e+06,6.79999e+06,1.14999e+07,4.49986e+06,6.79999e+06,1.14999e+07,4.49982e+06,6.79999e+06,1.14999e+07,4.49977e+06,6.79999e+06,1.14999e+07,4.49971e+06,6.79999e+06,1.14999e+07,4.49963e+06,6.79999e+06,1.14998e+07,4.49953e+06,6.79999e+06,1.14998e+07,4.49941e+06,6.79999e+06,1.14998e+07,4.49926e+06,6.79999e+06,1.14998e+07,4.49906e+06,6.79999e+06,1.14997e+07,4.49882e+06,6.79999e+06,1.14997e+07,4.49851e+06,6.79999e+06,1.14997e+07,4.49812e+06,6.79999e+06,1.14996e+07,4.49764e+06,6.79999e+06,1.14996e+07,4.49702e+06,6.79999e+06,1.14995e+07,4.49625e+06,6.79999e+06,1.14995e+07,4.49528e+06,6.79999e+06,1.14994e+07,4.49406e+06,6.79999e+06,1.14993e+07,4.49253e+06,6.79999e+06,1.14992e+07,4.49059e+06,6.79999e+06,1.14991e+07,4.48817e+06,6.79999e+06,1.1499e+07,4.48511e+06,6.79999e+06,1.14988e+07,4.48128e+06,6.79999e+06,1.14987e+07,4.47646e+06,6.79999e+06,1.14985e+07,4.47041e+06,6.79999e+06,1.14983e+07,4.46281e+06,6.79999e+06,1.14981e+07,4.4533e+06,6.79999e+06,1.14979e+07,4.44138e+06,6.79999e+06,1.14976e+07,4.42649e+06,6.79999e+06,1.14972e+07,4.40789e+06,6.79999e+06,1.14969e+07,4.38471e+06,6.79999e+06,1.14965e+07,4.35592e+06,6.79999e+06,1.1496e+07,4.32027e+06,6.79999e+06,1.14955e+07,4.27629e+06,6.79999e+06,1.14949e+07,4.22231e+06,6.79999e+06,1.14942e+07,4.15647e+06,6.79999e+06,1.14934e+07,4.07676e+06,6.79999e+06,1.14926e+07,3.98112e+06,6.79999e+06,1.14916e+07,3.86765e+06,6.79999e+06,1.14905e+07,3.73474e+06,6.79999e+06,1.14892e+07,3.58148e+06,6.79999e+06,1.14878e+07,3.40785e+06,6.79999e+06,1.14862e+07,3.21513e+06,6.79999e+06,1.14844e+07,3.00605e+06,6.79999e+06,1.14823e+07,2.7848e+06,6.79999e+06,1.148e+07,2.5568e+06,6.79999e+06,1.14773e+07,2.32825e+06,6.79999e+06,13.5742,8.52444,0.508366,16.8306,13.2585,0.162638,20.0035,17.569,0.0507846,23.2616,22.4214,0.0158319,26.7328,28.3297,0.00493498,30.5212,35.6974,0.00153831,34.7178,44.9473,0.000479527,39.4086,56.5822,0.000149456,44.6796,71.2245,4.66214e-05,50.6209,89.6543,1.45419e-05,57.3297,112.852,4.54748e-06,64.9129,142.051,1.43857e-06,73.4897,178.803,4.36618e-07,83.1934,225.062,1.40153e-07,94.1745,283.286,4.96378e-08,106.602,356.568,1.05434e-07,120.669,448.799,-6.49244e-08,136.59,564.873,1.70148e-07,154.611,710.948,-5.34594e-08,175.008,894.767,1.63407e-07,198.097,1126.06,8.04804e-08,224.231,1417.07,1.14667e-07,253.813,1783.15,-1.71227e-07,287.297,2243.62,-2.88466e-07,325.198,2822.67,-4.33651e-07,368.098,3550.67,7.9318e-08,416.657,4465.65,3.13319e-07,471.621,5615.16,3.4613e-07,533.835,7058.61,-1.19199e-07,604.255,8870.02,-2.79964e-07,683.962,11141.4,-2.30521e-07,774.182,13986.7,-2.55099e-07,876.299,17546.4,1.23585e-07,991.883,21993.1,1.41192e-07,1122.71,27536.7,-9.71886e-08,1270.78,34430.7,-3.68368e-07,1438.38,42977.7,-3.45379e-07,1628.07,53532.7,-3.25328e-09,1842.77,66504.6,2.6362e-07,2085.77,82350.2,2.53445e-07,2360.79,101560,-2.47407e-08,2672.05,124632,-3.80602e-07,3024.31,152018,-4.79005e-07,3422.98,184060,-1.14379e-07,3874.15,220884,2.64297e-07,4384.72,262283,3.44131e-07,4962.49,307576,7.5349e-08,5616.29,355497,-3.63097e-07,6356.1,404126,-6.05442e-07,7193.18,450932,-2.72333e-07,8140.28,492963,2.29675e-07,9211.79,527178,4.3387e-07,10424,550893,-1.0711e-07,10.102,8.06553,2.81012,10.6436,8.57909,0.869423,11.5336,10.2515,0.270869,12.7211,12.7138,0.0844293,14.1823,15.9373,0.0263173,15.9122,20.0383,0.0082035,17.9198,25.2154,0.00255722,20.2244,31.7373,0.000797017,22.8539,39.9486,0.000248622,25.8438,50.2851,7.75492e-05,29.237,63.2963,2.42508e-05,33.0837,79.6738,7.67162e-06,37.4415,100.288,2.32837e-06,42.3767,126.236,7.33e-07,47.9646,158.896,2.79256e-07,54.2906,200.003,9.87351e-09,61.452,251.741,1.61085e-07,69.5585,316.859,-2.47141e-07,78.7347,398.812,8.93552e-08,89.1218,501.948,-2.53231e-07,100.879,631.736,-1.25047e-07,114.188,795.049,-1.78808e-07,129.252,1000.53,2.6733e-07,146.304,1259.03,4.50292e-07,165.605,1584.19,6.76904e-07,187.452,1993.12,-1.23808e-07,212.181,2507.27,-4.89068e-07,240.173,3153.54,-5.40284e-07,271.856,3965.56,1.86061e-07,307.719,4985.38,4.37004e-07,348.313,6265.4,3.59828e-07,394.26,7870.83,3.98192e-07,446.268,9882.51,-1.92908e-07,505.135,12400.3,-2.20392e-07,571.766,15546.9,1.51705e-07,647.184,19472.2,5.74996e-07,732.547,24357.4,5.39112e-07,829.167,30420,5.07815e-09,938.526,37916.3,-4.11492e-07,1062.3,47143.9,-3.9561e-07,1202.4,58439.2,3.86185e-08,1360.96,72169.3,5.94093e-07,1540.42,88715.8,7.47693e-07,1743.53,108445,1.78537e-07,1973.41,131665,-4.12549e-07,2233.57,158557,-5.37164e-07,2528,189103,-1.17615e-07,2861.2,222986,5.66769e-07,3238.27,259510,9.45053e-07,3664.97,297540,4.25093e-07,4147.81,335497,-3.58506e-07,4694.17,371444,-6.7724e-07,5312.37,403256,1.67192e-07,1.61744,3.89446,9.84394,3.28846,7.5504,12.774,5.07607,11.7187,13.6844,7.03202,16.8147,13.9681,9.20215,23.1769,14.0566,11.6301,31.1672,14.0841,14.3598,41.2186,14.0927,17.4376,53.8688,14.0954,20.9137,69.7915,14.0962,24.8432,89.8341,14.0965,29.2879,115.063,14.0966,34.3168,146.819,14.0966,40.0078,186.792,14.0966,46.4487,237.107,14.0966,53.7388,300.44,14.0966,61.9903,380.158,14.0966,71.3301,480.499,14.0966,81.902,606.796,14.0966,93.8685,765.761,14.0966,107.414,965.837,14.0966,122.746,1217.65,14.0966,140.101,1534.57,14.0966,159.745,1933.41,14.0966,181.981,2435.3,14.0966,207.15,3066.85,14.0966,235.64,3861.46,14.0966,267.889,4861.11,14.0966,304.391,6118.54,14.0966,345.709,7699.91,14.0966,392.478,9688.22,14.0966,445.417,12187.5,14.0966,505.339,15327.7,14.0966,573.165,19271.6,14.0966,649.938,24222,14.0966,736.839,30430.9,14.0966,835.202,38211.5,14.0966,946.539,47950.3,14.0966,1072.56,60122.8,14.0966,1215.21,75309.9,14.0966,1376.66,94216.2,14.0966,1559.41,117688,14.0966,1766.26,146729,14.0966,2000.39,182510,14.0966,2265.39,226372,14.0966,2565.33,279806,14.0966,2904.81,344416,14.0966,3289.05,421845,14.0966,3723.93,513667,14.0966,4216.13,621231,14.0966,4773.18,745478,14.0966,5403.64,886744,14.0966,6117.15,1.04457e+06,14.0966,6924.63,1.2176e+06,14.0966,11.7194,11.96,12.6541,13.9321,16.1295,13.6434,16.6097,21.9702,13.9553,19.7532,29.5285,14.0526,23.3844,39.1143,14.0829,27.5423,51.2054,14.0923,32.2796,66.434,14.0953,37.662,85.6061,14.0962,43.7675,109.74,14.0965,50.687,140.119,14.0966,58.5249,178.359,14.0966,67.4005,226.493,14.0966,77.4493,287.08,14.0966,88.8254,363.343,14.0966,101.703,459.336,14.0966,116.281,580.161,14.0966,132.782,732.241,14.0966,151.46,923.655,14.0966,172.603,1164.57,14.0966,196.535,1467.79,14.0966,223.625,1849.39,14.0966,254.288,2329.62,14.0966,288.997,2933.93,14.0966,328.285,3694.33,14.0966,372.755,4651.04,14.0966,423.092,5854.57,14.0966,480.07,7368.38,14.0966,544.564,9272.08,14.0966,617.566,11665.5,14.0966,700.197,14673.6,14.0966,793.729,18452.9,14.0966,899.599,23198.6,14.0966,1019.43,29154.1,14.0966,1155.07,36622.3,14.0966,1308.6,45977.9,14.0966,1482.39,57683.7,14.0966,1679.09,72307.8,14.0966,1901.73,90542.8,14.0966,2153.73,113226,14.0966,2438.97,141360,14.0966,2761.81,176127,14.0966,3127.22,218898,14.0966,3540.81,271226,14.0966,4008.92,334817,14.0966,4538.74,411470,14.0966,5138.38,502973,14.0966,5817.04,610948,14.0966,6585.12,736653,14.0966,7454.39,880741,14.0966,8438.15,1.04302e+06,14.0966,9551.45,1.22224e+06,14.0966,10811.3,1.41602e+06,14.0966,12237,1.62086e+06,14.0966,11.7194,11.96,12.6541,2.21263,4.16949,0.989383,2.67766,5.84076,0.311842,3.14343,7.55825,0.0972771,3.63127,9.58578,0.0303237,4.15787,12.0912,0.00945211,4.73731,15.2286,0.00294633,5.38238,19.1721,0.000918508,6.10553,24.134,0.000286163,6.91951,30.3791,8.92692e-05,7.83792,38.2397,2.78121e-05,8.87555,48.1338,8.65134e-06,10.0489,60.5876,2.7882e-06,11.3761,76.2629,8.29036e-07,12.8779,95.9927,2.4373e-07,14.5775,120.825,4.33068e-09,16.5012,152.08,1.75749e-07,18.6784,191.415,-1.86328e-07,21.1428,240.917,1.91829e-07,23.9322,303.213,-1.81475e-07,27.0895,381.602,7.0186e-08,30.6634,480.231,-2.86769e-08,34.7087,604.316,2.40784e-07,39.2876,760.401,9.87368e-08,44.4705,956.705,1.22263e-07,50.3371,1203.54,-4.31966e-07,56.9776,1513.81,-1.9705e-07,64.494,1903.69,-2.763e-08,73.0018,2393.4,3.9185e-07,82.6317,3008.13,1.35379e-07,93.5318,3779.25,-4.16351e-08,105.869,4745.7,2.06965e-08,119.834,5955.6,-3.18887e-07,135.641,7468.12,-1.48271e-08,153.531,9355.62,2.00739e-07,173.781,11705.8,2.28358e-07,196.701,14624.1,-1.93587e-08,222.642,18235,-2.88101e-07,252.003,22683.4,-2.24732e-07,285.234,28134,8.56806e-09,322.845,34767,2.34258e-07,365.413,42770.9,2.99668e-07,413.588,52327.9,8.28644e-08,468.111,63591.2,-3.07049e-07,529.814,76653.2,-3.1888e-07,599.642,91502.5,-6.72276e-08,678.662,107975,2.26339e-07,768.083,125705,3.69212e-07,869.267,144088,2.04077e-07,983.76,162277,-2.80509e-07,1113.3,179223,-4.22737e-07,1259.87,193777,-1.71951e-07,1425.68,204839,4.55555e-07,11.7194,11.96,12.6541,2.21263,4.16949,0.989383,2.67766,5.84076,0.311842,3.14343,7.55825,0.0972771,3.63127,9.58578,0.0303237,4.15787,12.0912,0.00945211,4.73731,15.2286,0.00294633,5.38238,19.1721,0.000918508,6.10553,24.134,0.000286163,6.91951,30.3791,8.92692e-05,7.83792,38.2397,2.78121e-05,8.87555,48.1338,8.65134e-06,10.0489,60.5876,2.7882e-06,11.3761,76.2629,8.29036e-07,12.8779,95.9927,2.4373e-07,14.5775,120.825,1e-08,16.5012,152.08,1.75749e-07,18.6784,191.415,1e-08,21.1428,240.917,1.91829e-07,23.9322,303.213,1e-08,27.0895,381.602,7.0186e-08,30.6634,480.231,1e-08,34.7087,604.316,2.40784e-07,39.2876,760.401,9.87368e-08,44.4705,956.705,1.22263e-07,50.3371,1203.54,1e-08,56.9776,1513.81,1e-08,64.494,1903.69,1e-08,73.0018,2393.4,3.9185e-07,82.6317,3008.13,1.35379e-07,93.5318,3779.25,1e-08,105.869,4745.7,2.06965e-08,119.834,5955.6,1e-08,135.641,7468.12,1e-08,153.531,9355.62,2.00739e-07,173.781,11705.8,2.28358e-07,196.701,14624.1,1e-08,222.642,18235,1e-08,252.003,22683.4,1e-08,285.234,28134,1e-08,322.845,34767,2.34258e-07,365.413,42770.9,2.99668e-07,413.588,52327.9,8.28644e-08,468.111,63591.2,1e-08,529.814,76653.2,1e-08,599.642,91502.5,1e-08,678.662,107975,2.26339e-07,768.083,125705,3.69212e-07,869.267,144088,2.04077e-07,983.76,162277,1e-08,1113.3,179223,1e-08,1259.87,193777,1e-08,1425.68,204839,4.55555e-07,6.2823,3.27286,2.43537,0.219672,6.18826,2.24117,0.56371,6.87772,2.63624,0.308279,9,10,22,2,7,0,4,7,1,1,5,0,10,6,0,3,31,0,4,19,0,4,16,0,7,16,0,9,29,0,10,49,0,10,41,0,10,36,0,14,54,0,10,94,0,8,88,0,15,90,0,13,121,0,10,294,0,14,296,0,51,394,0,36,579,0,61,604,0,46,495,0,25,1098,0,75,1064,0,20,1193,0,77,1729,0,45,3552,0,31,3653,0,115,2042,0,80,4090,0,121,5905,0,95,5625,0,69,9282,0,75,10980,0,164,24079,0,304,12322,0,460,15979,0,238,38422,0,377,28358,0,398,35765,0,389,37193,0,725,147599,0,527,64538,0,371,120509,0,551,113756,0,290,159502,0,935,169477,0,963,166612,0,1099,99260,0,2277,328558,0,1244,237116,0
-1.05176e+08,1,8.88811e-15,10,1023,0,1.05176e+08,0.528882,1.08665,0.389689,0.145397,0.379329,3.24381,0.161596,0.446195,1.77396,0.159177,1.15e+07,4.49998e+06,6.79999e+06,1.15e+07,4.49997e+06,6.79999e+06,1.15e+07,4.49996e+06,6.79999e+06,1.15e+07,4.49995e+06,6.79999e+06,1.14999e+07,4.49993e+06,6.79999e+06,1.14999e+07,4.49991e+06,6.79999e+06,1.14999e+07,4.49989e+06,6.79999e+06,1.14999e+07,4.49986e+06,6.79999e+06,1.14999e+07,4.49982e+06,6.79999e+06,1.14999e+07,4.49977e+06,6.79999e+06,1.14999e+07,4.49971e+06,6.79999e+06,1.14999e+07,4.49963e+06,6.79999e+06,1.14998e+07,4.49953e+06,6.79999e+06,1.14998e+07,4.49941e+06,6.79999e+06,1.14998e+07,4.49926e+06,6.79999e+06,1.14998e+07,4.49906e+06,6.79999e+06,1.14997e+07,4.49882e+06,6.79999e+06,1.14997e+07,4.49851e+06,6.79999e+06,1.14997e+07,4.49812e+06,6.79999e+06,1.14996e+07,4.49764e+06,6.79999e+06,1.14996e+07,4.49702e+06,6.79999e+06,1.14995e+07,4.49625e+06,6.79999e+06,1.14995e+07,4.49528e+06,6.79999e+06,1.14994e+07,4.49406e+06,6.79999e+06,1.14993e+07,4.49253e+06,6.79999e+06,1.14992e+07,4.49059e+06,6.79999e+06,1.14991e+07,4.48817e+06,6.79999e+06,1.1499e+07,4.48511e+06,6.79999e+06,1.14988e+07,4.48128e+06,6.79999e+06,1.14987e+07,4.47646e+06,6.79999e+06,1.14985e+07,4.47041e+06,6.79999e+06,1.14983e+07,4.46281e+06,6.79999e+06,1.14981e+07,4.4533e+06,6.79999e+06,1.14979e+07,4.44138e+06,6.79999e+06,1.14976e+07,4.42649e+06,6.79999e+06,1.14972e+07,4.40789e+06,6.79999e+06,1.14969e+07,4.38471e+06,6.79999e+06,1.14965e+07,4.35592e+06,6.79999e+06,1.1496e+07,4.32027e+06,6.79999e+06,1.14955e+07,4.27629e+06,6.79999e+06,1.14949e+07,4.22231e+06,6.79999e+06,1.14942e+07,4.15647e+06,6.79999e+06,1.14934e+07,4.07676e+06,6.79999e+06,1.14926e+07,3.98112e+06,6.79999e+06,1.14916e+07,3.86765e+06,6.79999e+06,1.14905e+07,3.73474e+06,6.79999e+06,1.14892e+07,3.58148e+06,6.79999e+06,1.14878e+07,3.40785e+06,6.79999e+06,1.14862e+07,3.21513e+06,6.79999e+06,1.14844e+07,3.00605e+06,6.79999e+06,1.14823e+07,2.7848e+06,6.79999e+06,1.148e+07,2.5568e+06,6.79999e+06,1.14773e+07,2.32825e+06,6.79999e+06,13.5742,8.52444,0.508366,16.8306,13.2585,0.162638,20.0035,17.569,0.0507846,23.2616,22.4214,0.0158319,26.7328,28.3297,0.00493498,30.5212,35.6974,0.00153831,34.7178,44.9473,0.000479527,39.4086,56.5822,0.000149456,44.6796,71.2245,4.66214e-05,50.6209,89.6543,1.45419e-05,57.3297,112.852,4.54748e-06,64.9129,142.051,1.43857e-06,73.4897,178.803,4.36618e-07,83.1934,225.062,1.40153e-07,94.1745,283.286,4.96378e-08,106.602,356.568,1.05434e-07,120.669,448.799,-6.49244e-08,136.59,564.873,1.70148e-07,154.611,710.948,-5.34594e-08,175.008,894.767,1.63407e-07,198.097,1126.06,8.04804e-08,224.231,1417.07,1.14667e-07,253.813,1783.15,-1.71227e-07,287.297,2243.62,-2.88466e-07,325.198,2822.67,-4.33651e-07,368.098,3550.67,7.9318e-08,416.657,4465.65,3.13319e-07,471.621,5615.16,3.4613e-07,533.835,7058.61,-1.19199e-07,604.255,8870.02,-2.79964e-07,683.962,11141.4,-2.30521e-07,774.182,13986.7,-2.55099e-07,876.299,17546.4,1.23585e-07,991.883,21993.1,1.41192e-07,1122.71,27536.7,-9.71886e-08,1270.78,34430.7,-3.68368e-07,1438.38,42977.7,-3.45379e-07,1628.07,53532.7,-3.25328e-09,1842.77,66504.6,2.6362e-07,2085.77,82350.2,2.53445e-07,2360.79,101560,-2.47407e-08,2672.05,124632,-3.80602e-07,3024.31,152018,-4.79005e-07,3422.98,184060,-1.14379e-07,3874.15,220884,2.64297e-07,4384.72,262283,3.44131e-07,4962.49,307576,7.5349e-08,5616.29,355497,-3.63097e-07,6356.1,404126,-6.05442e-07,7193.18,450932,-2.72333e-07,8140.28,492963,2.29675e-07,9211.79,527178,4.3387e-07,10424,550893,-1.0711e-07,10.102,8.06553,2.81012,10.6436,8.57909,0.869423,11.5336,10.2515,0.270869,12.7211,12.7138,0.0844293,14.1823,15.9373,0.0263173,15.9122,20.0383,0.0082035,17.9198,25.2154,0.00255722,20.2244,31.7373,0.000797017,22.8539,39.9486,0.000248622,25.8438,50.2851,7.75492e-05,29.237,63.2963,2.42508e-05,33.0837,79.6738,7.67162e-06,37.4415,100.288,2.32837e-06,42.3767,126.236,7.33e-07,47.9646,158.896,2.79256e-07,54.2906,200.003,9.87351e-09,61.452,251.741,1.61085e-07,69.5585,316.859,-2.47141e-07,78.7347,398.812,8.93552e-08,89.1218,501.948,-2.53231e-07,100.879,631.736,-1.25047e-07,114.188,795.049,-1.78808e-07,129.252,1000.53,2.6733e-07,146.304,1259.03,4.50292e-07,165.605,1584.19,6.76904e-07,187.452,1993.12,-1.23808e-07,212.181,2507.27,-4.89068e-07,240.173,3153.54,-5.40284e-07,271.856,3965.56,1.86061e-07,307.719,4985.38,4.37004e-07,348.313,6265.4,3.59828e-07,394.26,7870.83,3.98192e-07,446.268,9882.51,-1.92908e-07,505.135,12400.3,-2.20392e-07,571.766,15546.9,1.51705e-07,647.184,19472.2,5.74996e-07,732.547,24357.4,5.39112e-07,829.167,30420,5.07815e-09,938.526,37916.3,-4.11492e-07,1062.3,47143.9,-3.9561e-07,1202.4,58439.2,3.86185e-08,1360.96,72169.3,5.94093e-07,1540.42,88715.8,7.47693e-07,1743.53,108445,1.78537e-07,1973.41,131665,-4.12549e-07,2233.57,158557,-5.37164e-07,2528,189103,-1.17615e-07,2861.2,222986,5.66769e-07,3238.27,259510,9.45053e-07,3664.97,297540,4.25093e-07,4147.81,335497,-3.58506e-07,4694.17,371444,-6.7724e-07,5312.37,403256,1.67192e-07,1.61744,3.89446,9.84394,3.28846,7.5504,12.774,5.07607,11.7187,13.6844,7.03202,16.8147,13.9681,9.20215,23.1769,14.0566,11.6301,31.1672,14.0841,14.3598,41.2186,14.0927,17.4376,53.8688,14.0954,20.9137,69.7915,14.0962,24.8432,89.8341,14.0965,29.2879,115.063,14.0966,34.3168,146.819,14.0966,40.0078,186.792,14.0966,46.4487,237.107,14.0966,53.7388,300.44,14.0966,61.9903,380.158,14.0966,71.3301,480.499,14.0966,81.902,606.796,14.0966,93.8685,765.761,14.0966,107.414,965.837,14.0966,122.746,1217.65,14.0966,140.101,1534.57,14.0966,159.745,1933.41,14.0966,181.981,2435.3,14.0966,207.15,3066.85,14.0966,235.64,3861.46,14.0966,267.889,4861.11,14.0966,304.391,6118.54,14.0966,345.709,7699.91,14.0966,392.478,9688.22,14.0966,445.417,12187.5,14.0966,505.339,15327.7,14.0966,573.165,19271.6,14.0966,649.938,24222,14.0966,736.839,30430.9,14.0966,835.202,38211.5,14.0966,946.539,47950.3,14.0966,1072.56,60122.8,14.0966,1215.21,75309.9,14.0966,1376.66,94216.2,14.0966,1559.41,117688,14.0966,1766.26,146729,14.0966,2000.39,182510,14.0966,2265.39,226372,14.0966,2565.33,279806,14.0966,2904.81,344416,14.0966,3289.05,421845,14.0966,3723.93,513667,14.0966,4216.13,621231,14.0966,4773.18,745478,14.0966,5403.64,886744,14.0966,6117.15,1.04457e+06,14.0966,6924.63,1.2176e+06,14.0966,11.7194,11.96,12.6541,13.9321,16.1295,13.6434,16.6097,21.9702,13.9553,19.7532,29.5285,14.0526,23.3844,39.1143,14.0829,27.5423,51.2054,14.0923,32.2796,66.434,14.0953,37.662,85.6061,14.0962,43.7675,109.74,14.0965,50.687,140.119,14.0966,58.5249,178.359,14.0966,67.4005,226.493,14.0966,77.4493,287.08,14.0966,88.8254,363.343,14.0966,101.703,459.336,14.0966,116.281,580.161,14.0966,132.782,732.241,14.0966,151.46,923.655,14.0966,172.603,1164.57,14.0966,196.535,1467.79,14.0966,223.625,1849.39,14.0966,254.288,2329.62,14.0966,288.997,2933.93,14.0966,328.285,3694.33,14.0966,372.755,4651.04,14.0966,423.092,5854.57,14.0966,480.07,7368.38,14.0966,544.564,9272.08,14.0966,617.566,11665.5,14.0966,700.197,14673.6,14.0966,793.729,18452.9,14.0966,899.599,23198.6,14.0966,1019.43,29154.1,14.0966,1155.07,36622.3,14.0966,1308.6,45977.9,14.0966,1482.39,57683.7,14.0966,1679.09,72307.8,14.0966,1901.73,90542.8,14.0966,2153.73,113226,14.0966,2438.97,141360,14.0966,2761.81,176127,14.0966,3127.22,218898,14.0966,3540.81,271226,14.0966,4008.92,334817,14.0966,4538.74,411470,14.0966,5138.38,502973,14.0966,5817.04,610948,14.0966,6585.12,736653,14.0966,7454.39,880741,14.0966,8438.15,1.04302e+06,14.0966,9551.45,1.22224e+06,14.0966,10811.3,1.41602e+06,14.0966,12237,1.62086e+06,14.0966,11.7194,11.96,12.6541,2.21263,4.16949,0.989383,2.67766,5.84076,0.311842,3.14343,7.55825,0.0972771,3.63127,9.58578,0.0303237,4.15787,12.0912,0.00945211,4.73731,15.2286,0.00294633,5.38238,19.1721,0.000918508,6.10553,24.134,0.000286163,6.91951,30.3791,8.92692e-05,7.83792,38.2397,2.78121e-05,8.87555,48.1338,8.65134e-06,10.0489,60.5876,2.7882e-06,11.3761,76.2629,8.29036e-07,12.8779,95.9927,2.4373e-07,14.5775,120.825,4.33068e-09,16.5012,152.08,1.75749e-07,18.6784,191.415,-1.86328e-07,21.1428,240.917,1.91829e-07,23.9322,303.213,-1.81475e-07,27.0895,381.602,7.0186e-08,30.6634,480.231,-2.86769e-08,34.7087,604.316,2.40784e-07,39.2876,760.401,9.87368e-08,44.4705,956.705,1.22263e-07,50.3371,1203.54,-4.31966e-07,56.9776,1513.81,-1.9705e-07,64.494,1903.69,-2.763e-08,73.0018,2393.4,3.9185e-07,82.6317,3008.13,1.35379e-07,93.5318,3779.25,-4.16351e-08,105.869,4745.7,2.06965e-08,119.834,5955.6,-3.18887e-07,135.641,7468.12,-1.48271e-08,153.531,9355.62,2.00739e-07,173.781,11705.8,2.28358e-07,196.701,14624.1,-1.93587e-08,222.642,18235,-2.88101e-07,252.003,22683.4,-2.24732e-07,285.234,28134,8.56806e-09,322.845,34767,2.34258e-07,365.413,42770.9,2.99668e-07,413.588,52327.9,8.28644e-08,468.111,63591.2,-3.07049e-07,529.814,76653.2,-3.1888e-07,599.642,91502.5,-6.72276e-08,678.662,107975,2.26339e-07,768.083,125705,3.69212e-07,869.267,144088,2.04077e-07,983.76,162277,-2.80509e-07,1113.3,179223,-4.22737e-07,1259.87,193777,-1.71951e-07,1425.68,204839,4.55555e-07,11.7194,11.96,12.6541,2.21263,4.16949,0.989383,2.67766,5.84076,0.311842,3.14343,7.55825,0.0972771,3.63127,9.58578,0.0303237,4.15787,12.0912,0.00945211,4.73731,15.2286,0.00294633,5.38238,19.1721,0.000918508,6.10553,24.134,0.000286163,6.91951,30.3791,8.92692e-05,7.83792,38.2397,2.78121e-05,8.87555,48.1338,8.65134e-06,10.0489,60.5876,2.7882e-06,11.3761,76.2629,8.29036e-07,12.8779,95.9927,2.4373e-07,14.5775,120.825,1e-08,16.5012,152.08,1.75749e-07,18.6784,191.415,1e-08,21.1428,240.917,1.91829e-07,23.9322,303.213,1e-08,27.0895,381.602,7.0186e-08,30.6634,480.231,1e-08,34.7087,604.316,2.40784e-07,39.2876,760.401,9.87368e-08,44.4705,956.705,1.22263e-07,50.3371,1203.54,1e-08,56.9776,1513.81,1e-08,64.494,1903.69,1e-08,73.0018,2393.4,3.9185e-07,82.6317,3008.13,1.35379e-07,93.5318,3779.25,1e-08,105.869,4745.7,2.06965e-08,119.834,5955.6,1e-08,135.641,7468.12,1e-08,153.531,9355.62,2.00739e-07,173.781,11705.8,2.28358e-07,196.701,14624.1,1e-08,222.642,18235,1e-08,252.003,22683.4,1e-08,285.234,28134,1e-08,322.845,34767,2.34258e-07,365.413,42770.9,2.99668e-07,413.588,52327.9,8.28644e-08,468.111,63591.2,1e-08,529.814,76653.2,1e-08,599.642,91502.5,1e-08,678.662,107975,2.26339e-07,768.083,125705,3.69212e-07,869.267,144088,2.04077e-07,983.76,162277,1e-08,1113.3,179223,1e-08,1259.87,193777,1e-08,1425.68,204839,4.55555e-07,6.2823,3.27286,2.43537,0.219672,6.18826,2.24117,0.56371,6.87772,2.63624,0.308279,14,13,24,2,4,1,2,1,0,3,12,0,5,7,0,3,5,0,2,11,0,7,10,0,9,29,0,5,18,0,9,74,0,11,64,0,21,35,0,12,66,0,14,163,0,15,85,0,13,163,0,36,204,0,13,113,0,14,225,0,29,329,0,29,228,0,38,375,0,33,1282,0,44,1763,0,25,1500,0,48,1753,0,60,1932,0,78,3245,0,127,2401,0,102,4129,0,172,4705,0,80,9739,0,249,5017,0,126,7264,0,244,7372,0,202,21525,0,241,28073,0,422,21737,0,139,43701,0,370,56789,0,263,41178,0,345,29326,0,731,26280,0,654,66600,0,687,107955,0,1304,53773,0,1222,139621,0,866,138643,0,1068,295049,0,464,248874,0,1455,80686,0,505,257847,0
-1.05176e+08,1,8.88811e-15,10,1023,0,1.05176e+08,0.528882,1.08665,0.389689,0.145397,0.379329,3.24381,0.161596,0.446195,1.77396,0.159177,1.15e+07,4.49998e+06,6.79999e+06,1.15e+07,4.49997e+06,6.79999e+06,1.15e+07,4.49996e+06,6.79999e+06,1.15e+07,4.49995e+06,6.79999e+06,1.14999e+07,4.49993e+06,6.79999e+06,1.14999e+07,4.49991e+06,6.79999e+06,1.14999e+07,4.49989e+06,6.79999e+06,1.14999e+07,4.49986e+06,6.79999e+06,1.14999e+07,4.49982e+06,6.79999e+06,1.14999e+07,4.49977e+06,6.79999e+06,1.14999e+07,4.49971e+06,6.79999e+06,1.14999e+07,4.49963e+06,6.79999e+06,1.14998e+07,4.49953e+06,6.79999e+06,1.14998e+07,4.49941e+06,6.79999e+06,1.14998e+07,4.49926e+06,6.79999e+06,1.14998e+07,4.49906e+06,6.79999e+06,1.14997e+07,4.49882e+06,6.79999e+06,1.14997e+07,4.49851e+06,6.79999e+06,1.14997e+07,4.49812e+06,6.79999e+06,1.14996e+07,4.49764e+06,6.79999e+06,1.14996e+07,4.49702e+06,6.79999e+06,1.14995e+07,4.49625e+06,6.79999e+06,1.14995e+07,4.49528e+06,6.79999e+06,1.14994e+07,4.49406e+06,6.79999e+06,1.14993e+07,4.49253e+06,6.79999e+06,1.14992e+07,4.49059e+06,6.79999e+06,1.14991e+07,4.48817e+06,6.79999e+06,1.1499e+07,4.48511e+06,6.79999e+06,1.14988e+07,4.48128e+06,6.79999e+06,1.14987e+07,4.47646e+06,6.79999e+06,1.14985e+07,4.47041e+06,6.79999e+06,1.14983e+07,4.46281e+06,6.79999e+06,1.14981e+07,4.4533e+06,6.79999e+06,1.14979e+07,4.44138e+06,6.79999e+06,1.14976e+07,4.42649e+06,6.79999e+06,1.14972e+07,4.40789e+06,6.79999e+06,1.14969e+07,4.38471e+06,6.79999e+06,1.14965e+07,4.35592e+06,6.79999e+06,1.1496e+07,4.32027e+06,6.79999e+06,1.14955e+07,4.27629e+06,6.79999e+06,1.14949e+07,4.22231e+06,6.79999e+06,1.14942e+07,4.15647e+06,6.79999e+06,1.14934e+07,4.07676e+06,6.79999e+06,1.14926e+07,3.98112e+06,6.79999e+06,1.14916e+07,3.86765e+06,6.79999e+06,1.14905e+07,3.73474e+06,6.79999e+06,1.14892e+07,3.58148e+06,6.79999e+06,1.14878e+07,3.40785e+06,6.79999e+06,1.14862e+07,3.21513e+06,6.79999e+06,1.14844e+07,3.00605e+06,6.79999e+06,1.14823e+07,2.7848e+06,6.79999e+06,1.148e+07,2.5568e+06,6.79999e+06,1.14773e+07,2.32825e+06,6.79999e+06,13.5742,8.52444,0.508366,16.8306,13.2585,0.162638,20.0035,17.569,0.0507846,23.2616,22.4214,0.0158319,26.7328,28.3297,0.00493498,30.5212,35.6974,0.00153831,34.7178,44.9473,0.000479527,39.4086,56.5822,0.000149456,44.6796,71.2245,4.66214e-05,50.6209,89.6543,1.45419e-05,57.3297,112.852,4.54748e-06,64.9129,142.051,1.43857e-06,73.4897,178.803,4.36618e-07,83.1934,225.062,1.40153e-07,94.1745,283.286,4.96378e-08,106.602,356.568,1.05434e-07,120.669,448.799,-6.49244e-08,136.59,564.873,1.70148e-07,154.611,710.948,-5.34594e-08,175.008,894.767,1.63407e-07,198.097,1126.06,8.04804e-08,224.231,1417.07,1.14667e-07,253.813,1783.15,-1.71227e-07,287.297,2243.62,-2.88466e-07,325.198,2822.67,-4.33651e-07,368.098,3550.67,7.9318e-08,416.657,4465.65,3.13319e-07,471.621,5615.16,3.4613e-07,533.835,7058.61,-1.19199e-07,604.255,8870.02,-2.79964e-07,683.962,11141.4,-2.30521e-07,774.182,13986.7,-2.55099e-07,876.299,17546.4,1.23585e-07,991.883,21993.1,1.41192e-07,1122.71,27536.7,-9.71886e-08,1270.78,34430.7,-3.68368e-07,1438.38,42977.7,-3.45379e-07,1628.07,53532.7,-3.25328e-09,1842.77,66504.6,2.6362e-07,2085.77,82350.2,2.53445e-07,2360.79,101560,-2.47407e-08,2672.05,124632,-3.80602e-07,3024.31,152018,-4.79005e-07,3422.98,184060,-1.14379e-07,3874.15,220884,2.64297e-07,4384.72,262283,3.44131e-07,4962.49,307576,7.5349e-08,5616.29,355497,-3.63097e-07,6356.1,404126,-6.05442e-07,7193.18,450932,-2.72333e-07,8140.28,492963,2.29675e-07,9211.79,527178,4.3387e-07,10424,550893,-1.0711e-07,10.102,8.06553,2.81012,10.6436,8.57909,0.869423,11.5336,10.2515,0.270869,12.7211,12.7138,0.0844293,14.1823,15.9373,0.0263173,15.9122,20.0383,0.0082035,17.9198,25.2154,0.00255722,20.2244,31.7373,0.000797017,22.8539,39.9486,0.000248622,25.8438,50.2851,7.75492e-05,29.237,63.2963,2.42508e-05,33.0837,79.6738,7.67162e-06,37.4415,100.288,2.32837e-06,42.3767,126.236,7.33e-07,47.9646,158.896,2.79256e-07,54.2906,200.003,9.87351e-09,61.452,251.741,1.61085e-07,69.5585,316.859,-2.47141e-07,78.7347,398.812,8.93552e-08,89.1218,501.948,-2.53231e-07,100.879,631.736,-1.25047e-07,114.188,795.049,-1.78808e-07,129.252,1000.53,2.6733e-07,146.304,1259.03,4.50292e-07,165.605,1584.19,6.76904e-07,187.452,1993.12,-1.23808e-07,212.181,2507.27,-4.89068e-07,240.173,3153.54,-5.40284e-07,271.856,3965.56,1.86061e-07,307.719,4985.38,4.37004e-07,348.313,6265.4,3.59828e-07,394.26,7870.83,3.98192e-07,446.268,9882.51,-1.92908e-07,505.135,12400.3,-2.20392e-07,571.766,15546.9,1.51705e-07,647.184,19472.2,5.74996e-07,732.547,24357.4,5.39112e-07,829.167,30420,5.07815e-09,938.526,37916.3,-4.11492e-07,1062.3,47143.9,-3.9561e-07,1202.4,58439.2,3.86185e-08,1360.96,72169.3,5.94093e-07,1540.42,88715.8,7.47693e-07,1743.53,108445,1.78537e-07,1973.41,131665,-4.12549e-07,2233.57,158557,-5.37164e-07,2528,189103,-1.17615e-07,2861.2,222986,5.66769e-07,3238.27,259510,9.45053e-07,3664.97,297540,4.25093e-07,4147.81,335497,-3.58506e-07,4694.17,371444,-6.7724e-07,5312.37,403256,1.67192e-07,1.61744,3.89446,9.84394,3.28846,7.5504,12.774,5.07607,11.7187,13.6844,7.03202,16.8147,13.9681,9.20215,23.1769,14.0566,11.6301,31.1672,14.0841,14.3598,41.2186,14.0927,17.4376,53.8688,14.0954,20.9137,69.7915,14.0962,24.8432,89.8341,14.0965,29.2879,115.063,14.0966,34.3168,146.819,14.0966,40.0078,186.792,14.0966,46.4487,237.107,14.0966,53.7388,300.44,14.0966,61.9903,380.158,14.0966,71.3301,480.499,14.0966,81.902,606.796,14.0966,93.8685,765.761,14.0966,107.414,965.837,14.0966,122.746,1217.65,14.0966,140.101,1534.57,14.0966,159.745,1933.41,14.0966,181.981,2435.3,14.0966,207.15,3066.85,14.0966,235.64,3861.46,14.0966,267.889,4861.11,14.0966,304.391,6118.54,14.0966,345.709,7699.91,14.0966,392.478,9688.22,14.0966,445.417,12187.5,14.0966,505.339,15327.7,14.0966,573.165,19271.6,14.0966,649.938,24222,14.0966,736.839,30430.9,14.0966,835.202,38211.5,14.0966,946.539,47950.3,14.0966,1072.56,60122.8,14.0966,1215.21,75309.9,14.0966,1376.66,94216.2,14.0966,1559.41,117688,14.0966,1766.26,146729,14.0966,2000.39,182510,14.0966,2265.39,226372,14.0966,2565.33,279806,14.0966,2904.81,344416,14.0966,3289.05,421845,14.0966,3723.93,513667,14.0966,4216.13,621231,14.0966,4773.18,745478,14.0966,5403.64,886744,14.0966,6117.15,1.04457e+06,14.0966,6924.63,1.2176e+06,14.0966,11.7194,11.96,12.6541,13.9321,16.1295,13.6434,16.6097,21.9702,13.9553,19.7532,29.5285,14.0526,23.3844,39.1143,14.0829,27.5423,51.2054,14.0923,32.2796,66.434,14.0953,37.662,85.6061,14.0962,43.7675,109.74,14.0965,50.687,140.119,14.0966,58.5249,178.359,14.0966,67.4005,226.493,14.0966,77.4493,287.08,14.0966,88.8254,363.343,14.0966,101.703,459.336,14.0966,116.281,580.161,14.0966,132.782,732.241,14.0966,151.46,923.655,14.0966,172.603,1164.57,14.0966,196.535,1467.79,14.0966,223.625,1849.39,14.0966,254.288,2329.62,14.0966,288.997,2933.93,14.0966,328.285,3694.33,14.0966,372.755,4651.04,14.0966,423.092,5854.57,14.0966,480.07,7368.38,14.0966,544.564,9272.08,14.0966,617.566,11665.5,14.0966,700.197,14673.6,14.0966,793.729,18452.9,14.0966,899.599,23198.6,14.0966,1019.43,29154.1,14.0966,1155.07,36622.3,14.0966,1308.6,45977.9,14.0966,1482.39,57683.7,14.0966,1679.09,72307.8,14.0966,1901.73,90542.8,14.0966,2153.73,113226,14.0966,2438.97,141360,14.0966,2761.81,176127,14.0966,3127.22,218898,14.0966,3540.81,271226,14.0966,4008.92,334817,14.0966,4538.74,411470,14.0966,5138.38,502973,14.0966,5817.04,610948,14.0966,6585.12,736653,14.0966,7454.39,880741,14.0966,8438.15,1.04302e+06,14.0966,9551.45,1.22224e+06,14.0966,10811.3,1.41602e+06,14.0966,12237,1.62086e+06,14.0966,11.7194,11.96,12.6541,2.21263,4.16949,0.989383,2.67766,5.84076,0.311842,3.14343,7.55825,0.0972771,3.63127,9.58578,0.0303237,4.15787,12.0912,0.00945211,4.73731,15.2286,0.00294633,5.38238,19.1721,0.000918508,6.10553,24.134,0.000286163,6.91951,30.3791,8.92692e-05,7.83792,38.2397,2.78121e-05,8.87555,48.1338,8.65134e-06,10.0489,60.5876,2.7882e-06,11.3761,76.2629,8.29036e-07,12.8779,95.9927,2.4373e-07,14.5775,120.825,4.33068e-09,16.5012,152.08,1.75749e-07,18.6784,191.415,-1.86328e-07,21.1428,240.917,1.91829e-07,23.9322,303.213,-1.81475e-07,27.0895,381.602,7.0186e-08,30.6634,480.231,-2.86769e-08,34.7087,604.316,2.40784e-07,39.2876,760.401,9.87368e-08,44.4705,956.705,1.22263e-07,50.3371,1203.54,-4.31966e-07,56.9776,1513.81,-1.9705e-07,64.494,1903.69,-2.763e-08,73.0018,2393.4,3.9185e-07,82.6317,3008.13,1.35379e-07,93.5318,3779.25,-4.16351e-08,105.869,4745.7,2.06965e-08,119.834,5955.6,-3.18887e-07,135.641,7468.12,-1.48271e-08,153.531,9355.62,2.00739e-07,173.781,11705.8,2.28358e-07,196.701,14624.1,-1.93587e-08,222.642,18235,-2.88101e-07,252.003,22683.4,-2.24732e-07,285.234,28134,8.56806e-09,322.845,34767,2.34258e-07,365.413,42770.9,2.99668e-07,413.588,52327.9,8.28644e-08,468.111,63591.2,-3.07049e-07,529.814,76653.2,-3.1888e-07,599.642,91502.5,-6.72276e-08,678.662,107975,2.26339e-07,768.083,125705,3.69212e-07,869.267,144088,2.04077e-07,983.76,162277,-2.80509e-07,1113.3,179223,-4.22737e-07,1259.87,193777,-1.71951e-07,1425.68,204839,4.55555e-07,11.7194,11.96,12.6541,2.21263,4.16949,0.989383,2.67766,5.84076,0.311842,3.14343,7.55825,0.0972771,3.63127,9.58578,0.0303237,4.15787,12.0912,0.00945211,4.73731,15.2286,0.00294633,5.38238,19.1721,0.000918508,6.10553,24.134,0.000286163,6.91951,30.3791,8.92692e-05,7.83792,38.2397,2.78121e-05,8.87555,48.1338,8.65134e-06,10.0489,60.5876,2.7882e-06,11.3761,76.2629,8.29036e-07,12.8779,95.9927,2.4373e-07,14.5775,120.825,1e-08,16.5012,152.08,1.75749e-07,18.6784,191.415,1e-08,21.1428,240.917,1.91829e-07,23.9322,303.213,1e-08,27.0895,381.602,7.0186e-08,30.6634,480.231,1e-08,34.7087,604.316,2.40784e-07,39.2876,760.401,9.87368e-08,44.4705,956.705,1.22263e-07,50.3371,1203.54,1e-08,56.9776,1513.81,1e-08,64.494,1903.69,1e-08,73.0018,2393.4,3.9185e-07,82.6317,3008.13,1.35379e-07,93.5318,3779.25,1e-08,105.869,4745.7,2.06965e-08,119.834,5955.6,1e-08,135.641,7468.12,1e-08,153.531,9355.62,2.00739e-07,173.781,11705.8,2.28358e-07,196.701,14624.1,1e-08,222.642,18235,1e-08,252.003,22683.4,1e-08,285.234,28134,1e-08,322.845,34767,2.34258e-07,365.413,42770.9,2.99668e-07,413.588,52327.9,8.28644e-08,468.111,63591.2,1e-08,529.814,76653.2,1e-08,599.642,91502.5,1e-08,678.662,107975,2.26339e-07,768.083,125705,3.69212e-07,869.267,144088,2.04077e-07,983.76,162277,1e-08,1113.3,179223,1e-08,1259.87,193777,1e-08,1425.68,204839,4.55555e-07,6.2823,3.27286,2.43537,0.219672,6.18826,2.24117,0.56371,6.87772,2.63624,0.308279,16,5,14,1,4,3,0,5,0,3,11,0,3,2,0,6,8,0,2,11,0,3,9,0,5,33,0,8,18,0,10,15,0,6,49,0,6,29,0,10,90,0,7,62,0,12,126,0,17,133,0,18,206,0,22,154,0,31,141,0,31,278,0,45,308,0,35,724,0,63,460,0,40,995,0,70,677,0,36,1039,0,68,1463,0,70,3587,0,163,4432,0,68,921,0,95,4860,0,121,7505,0,200,6317,0,269,7708,0,190,14576,0,266,11283,0,205,37068,0,92,17135,0,417,21295,0,184,12083,0,178,54372,0,226,49546,0,551,41660,0,223,69839,0,554,154114,0,226,173019,0,1068,96048,0,1200,85059,0,1192,211018,0,685,178914,0,1731,257987,0,919,108614,0
-1.05176e+08,1,8.88811e-15,10,1023,0,1.05176e+08,0.528882,1.08665,0.389689,0.145397,0.379329,3.24381,0.161596,0.446195,1.77396,0.159177,1.15e+07,4.49998e+06,6.79999e+06,1.15e+07,4.49997e+06,6.79999e+06,1.15e+07,4.49996e+06,6.79999e+06,1.15e+07,4.49995e+06,6.79999e+06,1.14999e+07,4.49993e+06,6.79999e+06,1.14999e+07,4.49991e+06,6.79999e+06,1.14999e+07,4.49989e+06,6.79999e+06,1.14999e+07,4.49986e+06,6.79999e+06,1.14999e+07,4.49982e+06,6.79999e+06,1.14999e+07,4.49977e+06,6.79999e+06,1.14999e+07,4.49971e+06,6.79999e+06,1.14999e+07,4.49963e+06,6.79999e+06,1.14998e+07,4.49953e+06,6.79999e+06,1.14998e+07,4.49941e+06,6.79999e+06,1.14998e+07,4.49926e+06,6.79999e+06,1.14998e+07,4.49906e+06,6.79999e+06,1.14997e+07,4.49882e+06,6.79999e+06,1.14997e+07,4.49851e+06,6.79999e+06,1.14997e+07,4.49812e+06,6.79999e+06,1.14996e+07,4.49764e+06,6.79999e+06,1.14996e+07,4.49702e+06,6.79999e+06,1.14995e+07,4.49625e+06,6.79999e+06,1.14995e+07,4.49528e+06,6.79999e+06,1.14994e+07,4.49406e+06,6.79999e+06,1.14993e+07,4.49253e+06,6.79999e+06,1.14992e+07,4.49059e+06,6.79999e+06,1.14991e+07,4.48817e+06,6.79999e+06,1.1499e+07,4.48511e+06,6.79999e+06,1.14988e+07,4.48128e+06,6.79999e+06,1.14987e+07,4.47646e+06,6.79999e+06,1.14985e+07,4.47041e+06,6.79999e+06,1.14983e+07,4.46281e+06,6.79999e+06,1.14981e+07,4.4533e+06,6.79999e+06,1.14979e+07,4.44138e+06,6.79999e+06,1.14976e+07,4.42649e+06,6.79999e+06,1.14972e+07,4.40789e+06,6.79999e+06,1.14969e+07,4.38471e+06,6.79999e+06,1.14965e+07,4.35592e+06,6.79999e+06,1.1496e+07,4.32027e+06,6.79999e+06,1.14955e+07,4.27629e+06,6.79999e+06,1.14949e+07,4.22231e+06,6.79999e+06,1.14942e+07,4.15647e+06,6.79999e+06,1.14934e+07,4.07676e+06,6.79999e+06,1.14926e+07,3.98112e+06,6.79999e+06,1.14916e+07,3.86765e+06,6.79999e+06,1.14905e+07,3.73474e+06,6.79999e+06,1.14892e+07,3.58148e+06,6.79999e+06,1.14878e+07,3.40785e+06,6.79999e+06,1.14862e+07,3.21513e+06,6.79999e+06,1.14844e+07,3.00605e+06,6.79999e+06,1.14823e+07,2.7848e+06,6.79999e+06,1.148e+07,2.5568e+06,6.79999e+06,1.14773e+07,2.32825e+06,6.79999e+06,13.5742,8.52444,0.508366,16.8306,13.2585,0.162638,20.0035,17.569,0.0507846,23.2616,22.4214,0.0158319,26.7328,28.3297,0.00493498,30.5212,35.6974,0.00153831,34.7178,44.9473,0.000479527,39.4086,56.5822,0.000149456,44.6796,71.2245,4.66214e-05,50.6209,89.6543,1.45419e-05,57.3297,112.852,4.54748e-06,64.9129,142.051,1.43857e-06,73.4897,178.803,4.36618e-07,83.1934,225.062,1.40153e-07,94.1745,283.286,4.96378e-08,106.602,356.568,1.05434e-07,120.669,448.799,-6.49244e-08,136.59,564.873,1.70148e-07,154.611,710.948,-5.34594e-08,175.008,894.767,1.63407e-07,198.097,1126.06,8.04804e-08,224.231,1417.07,1.14667e-07,253.813,1783.15,-1.71227e-07,287.297,2243.62,-2.88466e-07,325.198,2822.67,-4.33651e-07,368.098,3550.67,7.9318e-08,416.657,4465.65,3.13319e-07,471.621,5615.16,3.4613e-07,533.835,7058.61,-1.19199e-07,604.255,8870.02,-2.79964e-07,683.962,11141.4,-2.30521e-07,774.182,13986.7,-2.55099e-07,876.299,17546.4,1.23585e-07,991.883,21993.1,1.41192e-07,1122.71,27536.7,-9.71886e-08,1270.78,34430.7,-3.68368e-07,1438.38,42977.7,-3.45379e-07,1628.07,53532.7,-3.25328e-09,1842.77,66504.6,2.6362e-07,2085.77,82350.2,2.53445e-07,2360.79,101560,-2.47407e-08,2672.05,124632,-3.80602e-07,3024.31,152018,-4.79005e-07,3422.98,184060,-1.14379e-07,3874.15,220884,2.64297e-07,4384.72,262283,3.44131e-07,4962.49,307576,7.5349e-08,5616.29,355497,-3.63097e-07,6356.1,404126,-6.05442e-07,7193.18,450932,-2.72333e-07,8140.28,492963,2.29675e-07,9211.79,527178,4.3387e-07,10424,550893,-1.0711e-07,10.102,8.06553,2.81012,10.6436,8.57909,0.869423,11.5336,10.2515,0.270869,12.7211,12.7138,0.0844293,14.1823,15.9373,0.0263173,15.9122,20.0383,0.0082035,17.9198,25.2154,0.00255722,20.2244,31.7373,0.000797017,22.8539,39.9486,0.000248622,25.8438,50.2851,7.75492e-05,29.237,63.2963,2.42508e-05,33.0837,79.6738,7.67162e-06,37.4415,100.288,2.32837e-06,42.3767,126.236,7.33e-07,47.9646,158.896,2.79256e-07,54.2906,200.003,9.87351e-09,61.452,251.741,1.61085e-07,69.5585,316.859,-2.47141e-07,78.7347,398.812,8.93552e-08,89.1218,501.948,-2.53231e-07,100.879,631.736,-1.25047e-07,114.188,795.049,-1.78808e-07,129.252,1000.53,2.6733e-07,146.304,1259.03,4.50292e-07,165.605,1584.19,6.76904e-07,187.452,1993.12,-1.23808e-07,212.181,2507.27,-4.89068e-07,240.173,3153.54,-5.40284e-07,271.856,3965.56,1.86061e-07,307.719,4985.38,4.37004e-07,348.313,6265.4,3.59828e-07,394.26,7870.83,3.98192e-07,446.268,9882.51,-1.92908e-07,505.135,12400.3,-2.20392e-07,571.766,15546.9,1.51705e-07,647.184,19472.2,5.74996e-07,732.547,24357.4,5.39112e-07,829.167,30420,5.07815e-09,938.526,37916.3,-4.11492e-07,1062.3,47143.9,-3.9561e-07,1202.4,58439.2,3.86185e-08,1360.96,72169.3,5.94093e-07,1540.42,88715.8,7.47693e-07,1743.53,108445,1.78537e-07,1973.41,131665,-4.12549e-07,2233.57,158557,-5.37164e-07,2528,189103,-1.17615e-07,2861.2,222986,5.66769e-07,3238.27,259510,9.45053e-07,3664.97,297540,4.25093e-07,4147.81,335497,-3.58506e-07,4694.17,371444,-6.7724e-07,5312.37,403256,1.67192e-07,1.61744,3.89446,9.84394,3.28846,7.5504,12.774,5.07607,11.7187,13.6844,7.03202,16.8147,13.9681,9.20215,23.1769,14.0566,11.6301,31.1672,14.0841,14.3598,41.2186,14.0927,17.4376,53.8688,14.0954,20.9137,69.7915,14.0962,24.8432,89.8341,14.0965,29.2879,115.063,14.0966,34.3168,146.819,14.0966,40.0078,186.792,14.0966,46.4487,237.107,14.0966,53.7388,300.44,14.0966,61.9903,380.158,14.0966,71.3301,480.499,14.0966,81.902,606.796,14.0966,93.8685,765.761,14.0966,107.414,965.837,14.0966,122.746,1217.65,14.0966,140.101,1534.57,14.0966,159.745,1933.41,14.0966,181.981,2435.3,14.0966,207.15,3066.85,14.0966,235.64,3861.46,14.0966,267.889,4861.11,14.0966,304.391,6118.54,14.0966,345.709,7699.91,14.0966,392.478,9688.22,14.0966,445.417,12187.5,14.0966,505.339,15327.7,14.0966,573.165,19271.6,14.0966,649.938,24222,14.0966,736.839,30430.9,14.0966,835.202,38211.5,14.0966,946.539,47950.3,14.0966,1072.56,60122.8,14.0966,1215.21,75309.9,14.0966,1376.66,94216.2,14.0966,1559.41,117688,14.0966,1766.26,146729,14.0966,2000.39,182510,14.0966,2265.39,226372,14.0966,2565.33,279806,14.0966,2904.81,344416,14.0966,3289.05,421845,14.0966,3723.93,513667,14.0966,4216.13,621231,14.0966,4773.18,745478,14.0966,5403.64,886744,14.0966,6117.15,1.04457e+06,14.0966,6924.63,1.2176e+06,14.0966,11.7194,11.96,12.6541,13.9321,16.1295,13.6434,16.6097,21.9702,13.9553,19.7532,29.5285,14.0526,23.3844,39.1143,14.0829,27.5423,51.2054,14.0923,32.2796,66.434,14.0953,37.662,85.6061,14.0962,43.7675,109.74,14.0965,50.687,140.119,14.0966,58.5249,178.359,14.0966,67.4005,226.493,14.0966,77.4493,287.08,14.0966,88.8254,363.343,14.0966,101.703,459.336,14.0966,116.281,580.161,14.0966,132.782,732.241,14.0966,151.46,923.655,14.0966,172.603,1164.57,14.0966,196.535,1467.79,14.0966,223.625,1849.39,14.0966,254.288,2329.62,14.0966,288.997,2933.93,14.0966,328.285,3694.33,14.0966,372.755,4651.04,14.0966,423.092,5854.57,14.0966,480.07,7368.38,14.0966,544.564,9272.08,14.0966,617.566,11665.5,14.0966,700.197,14673.6,14.0966,793.729,18452.9,14.0966,899.599,23198.6,14.0966,1019.43,29154.1,14.0966,1155.07,36622.3,14.0966,1308.6,45977.9,14.0966,1482.39,57683.7,14.0966,1679.09,72307.8,14.0966,1901.73,90542.8,14.0966,2153.73,113226,14.0966,2438.97,141360,14.0966,2761.81,176127,14.0966,3127.22,218898,14.0966,3540.81,271226,14.0966,4008.92,334817,14.0966,4538.74,411470,14.0966,5138.38,502973,14.0966,5817.04,610948,14.0966,6585.12,736653,14.0966,7454.39,880741,14.0966,8438.15,1.04302e+06,14.0966,9551.45,1.22224e+06,14.0966,10811.3,1.41602e+06,14.0966,12237,1.62086e+06,14.0966,11.7194,11.96,12.6541,2.21263,4.16949,0.989383,2.67766,5.84076,0.311842,3.14343,7.55825,0.0972771,3.63127,9.58578,0.0303237,4.15787,12.0912,0.00945211,4.73731,15.2286,0.00294633,5.38238,19.1721,0.000918508,6.10553,24.134,0.000286163,6.91951,30.3791,8.92692e-05,7.83792,38.2397,2.78121e-05,8.87555,48.1338,8.65134e-06,10.0489,60.5876,2.7882e-06,11.3761,76.2629,8.29036e-07,12.8779,95.9927,2.4373e-07,14.5775,120.825,4.33068e-09,16.5012,152.08,1.75749e-07,18.6784,191.415,-1.86328e-07,21.1428,240.917,1.91829e-07,23.9322,303.213,-1.81475e-07,27.0895,381.602,7.0186e-08,30.6634,480.231,-2.86769e-08,34.7087,604.316,2.40784e-07,39.2876,760.401,9.87368e-08,44.4705,956.705,1.22263e-07,50.3371,1203.54,-4.31966e-07,56.9776,1513.81,-1.9705e-07,64.494,1903.69,-2.763e-08,73.0018,2393.4,3.9185e-07,82.6317,3008.13,1.35379e-07,93.5318,3779.25,-4.16351e-08,105.869,4745.7,2.06965e-08,119.834,5955.6,-3.18887e-07,135.641,7468.12,-1.48271e-08,153.531,9355.62,2.00739e-07,173.781,11705.8,2.28358e-07,196.701,14624.1,-1.93587e-08,222.642,18235,-2.88101e-07,252.003,22683.4,-2.24732e-07,285.234,28134,8.56806e-09,322.845,34767,2.34258e-07,365.413,42770.9,2.99668e-07,413.588,52327.9,8.28644e-08,468.111,63591.2,-3.07049e-07,529.814,76653.2,-3.1888e-07,599.642,91502.5,-6.72276e-08,678.662,107975,2.26339e-07,768.083,125705,3.69212e-07,869.267,144088,2.04077e-07,983.76,162277,-2.80509e-07,1113.3,179223,-4.22737e-07,1259.87,193777,-1.71951e-07,1425.68,204839,4.55555e-07,11.7194,11.96,12.6541,2.21263,4.16949,0.989383,2.67766,5.84076,0.311842,3.14343,7.55825,0.0972771,3.63127,9.58578,0.0303237,4.15787,12.0912,0.00945211,4.73731,15.2286,0.00294633,5.38238,19.1721,0.000918508,6.10553,24.134,0.000286163,6.91951,30.3791,8.92692e-05,7.83792,38.2397,2.78121e-05,8.87555,48.1338,8.65134e-06,10.0489,60.5876,2.7882e-06,11.3761,76.2629,8.29036e-07,12.8779,95.9927,2.4373e-07,14.5775,120.825,1e-08,16.5012,152.08,1.75749e-07,18.6784,191.415,1e-08,21.1428,240.917,1.91829e-07,23.9322,303.213,1e-08,27.0895,381.602,7.0186e-08,30.6634,480.231,1e-08,34.7087,604.316,2.40784e-07,39.2876,760.401,9.87368e-08,44.4705,956.705,1.22263e-07,50.3371,1203.54,1e-08,56.9776,1513.81,1e-08,64.494,1903.69,1e-08,73.0018,2393.4,3.9185e-07,82.6317,3008.13,1.35379e-07,93.5318,3779.25,1e-08,105.869,4745.7,2.06965e-08,119.834,5955.6,1e-08,135.641,7468.12,1e-08,153.531,9355.62,2.00739e-07,173.781,11705.8,2.28358e-07,196.701,14624.1,1e-08,222.642,18235,1e-08,252.003,22683.4,1e-08,285.234,28134,1e-08,322.845,34767,2.34258e-07,365.413,42770.9,2.99668e-07,413.588,52327.9,8.28644e-08,468.111,63591.2,1e-08,529.814,76653.2,1e-08,599.642,91502.5,1e-08,678.662,107975,2.26339e-07,768.083,125705,3.69212e-07,869.267,144088,2.04077e-07,983.76,162277,1e-08,1113.3,179223,1e-08,1259.87,193777,1e-08,1425.68,204839,4.55555e-07,6.2823,3.27286,2.43537,0.219672,6.18826,2.24117,0.56371,6.87772,2.63624,0.308279,10,15,3,1,3,0,1,4,0,2,3,0,7,18,0,4,6,0,2,13,0,7,12,0,4,10,0,3,28,0,1,47,0,21,26,0,16,60,0,11,30,0,16,83,0,12,106,0,18,276,0,9,342,0,11,185,0,20,206,0,20,478,0,30,970,0,29,874,0,42,799,0,13,1695,0,55,1179,0,15,1023,0,50,3305,0,67,2889,0,81,2948,0,79,3001,0,121,5820,0,189,5550,0,172,8010,0,209,9016,0,114,12156,0,199,8288,0,77,17434,0,349,51925,0,275,13523,0,293,19888,0,671,20834,0,356,32398,0,84,62413,0,356,78090,0,421,273870,0,1030,109758,0,764,115685,0,589,110634,0,1745,156451,0,1726,118926,0,621,167983,0,1750,208722,0
-1.05176e+08,1,8.88811e-15,10,1023,0,1.05176e+08,0.528882,1.08665,0.389689,0.145397,0.379329,3.24381,0.161596,0.446195,1.77396,0.159177,1.15e+07,4.49998e+06,6.79999e+06,1.15e+07,4.49997e+06,6.79999e+06,1.15e+07,4.49996e+06,6.79999e+06,1.15e+07,4.49995e+06,6.79999e+06,1.14999e+07,4.49993e+06,6.79999e+06,1.14999e+07,4.49991e+06,6.79999e+06,1.14999e+07,4.49989e+06,6.79999e+06,1.14999e+07,4.49986e+06,6.79999e+06,1.14999e+07,4.49982e+06,6.79999e+06,1.14999e+07,4.49977e+06,6.79999e+06,1.14999e+07,4.49971e+06,6.79999e+06,1.14999e+07,4.49963e+06,6.79999e+06,1.14998e+07,4.49953e+06,6.79999e+06,1.14998e+07,4.49941e+06,6.79999e+06,1.14998e+07,4.49926e+06,6.79999e+06,1.14998e+07,4.49906e+06,6.79999e+06,1.14997e+07,4.49882e+06,6.79999e+06,1.14997e+07,4.49851e+06,6.79999e+06,1.14997e+07,4.49812e+06,6.79999e+06,1.14996e+07,4.49764e+06,6.79999e+06,1.14996e+07,4.49702e+06,6.79999e+06,1.14995e+07,4.49625e+06,6.79999e+06,1.14995e+07,4.49528e+06,6.79999e+06,1.14994e+07,4.49406e+06,6.79999e+06,1.14993e+07,4.49253e+06,6.79999e+06,1.14992e+07,4.49059e+06,6.79999e+06,1.14991e+07,4.48817e+06,6.79999e+06,1.1499e+07,4.48511e+06,6.79999e+06,1.14988e+07,4.48128e+06,6.79999e+06,1.14987e+07,4.47646e+06,6.79999e+06,1.14985e+07,4.47041e+06,6.79999e+06,1.14983e+07,4.46281e+06,6.79999e+06,1.14981e+07,4.4533e+06,6.79999e+06,1.14979e+07,4.44138e+06,6.79999e+06,1.14976e+07,4.42649e+06,6.79999e+06,1.14972e+07,4.40789e+06,6.79999e+06,1.14969e+07,4.38471e+06,6.79999e+06,1.14965e+07,4.35592e+06,6.79999e+06,1.1496e+07,4.32027e+06,6.79999e+06,1.14955e+07,4.27629e+06,6.79999e+06,1.14949e+07,4.22231e+06,6.79999e+06,1.14942e+07,4.15647e+06,6.79999e+06,1.14934e+07,4.07676e+06,6.79999e+06,1.14926e+07,3.98112e+06,6.79999e+06,1.14916e+07,3.86765e+06,6.79999e+06,1.14905e+07,3.73474e+06,6.79999e+06,1.14892e+07,3.58148e+06,6.79999e+06,1.14878e+07,3.40785e+06,6.79999e+06,1.14862e+07,3.21513e+06,6.79999e+06,1.14844e+07,3.00605e+06,6.79999e+06,1.14823e+07,2.7848e+06,6.79999e+06,1.148e+07,2.5568e+06,6.79999e+06,1.14773e+07,2.32825e+06,6.79999e+06,13.5742,8.52444,0.508366,16.8306,13.2585,0.162638,20.0035,17.569,0.0507846,23.2616,22.4214,0.0158319,26.7328,28.3297,0.00493498,30.5212,35.6974,0.00153831,34.7178,44.9473,0.000479527,39.4086,56.5822,0.000149456,44.6796,71.2245,4.66214e-05,50.6209,89.6543,1.45419e-05,57.3297,112.852,4.54748e-06,64.9129,142.051,1.43857e-06,73.4897,178.803,4.36618e-07,83.1934,225.062,1.40153e-07,94.1745,283.286,4.96378e-08,106.602,356.568,1.05434e-07,120.669,448.799,-6.49244e-08,136.59,564.873,1.70148e-07,154.611,710.948,-5.34594e-08,175.008,894.767,1.63407e-07,198.097,1126.06,8.04804e-08,224.231,1417.07,1.14667e-07,253.813,1783.15,-1.71227e-07,287.297,2243.62,-2.88466e-07,325.198,2822.67,-4.33651e-07,368.098,3550.67,7.9318e-08,416.657,4465.65,3.13319e-07,471.621,5615.16,3.4613e-07,533.835,7058.61,-1.19199e-07,604.255,8870.02,-2.79964e-07,683.962,11141.4,-2.30521e-07,774.182,13986.7,-2.55099e-07,876.299,17546.4,1.23585e-07,991.883,21993.1,1.41192e-07,1122.71,27536.7,-9.71886e-08,1270.78,34430.7,-3.68368e-07,1438.38,42977.7,-3.45379e-07,1628.07,53532.7,-3.25328e-09,1842.77,66504.6,2.6362e-07,2085.77,82350.2,2.53445e-07,2360.79,101560,-2.47407e-08,2672.05,124632,-3.80602e-07,3024.31,152018,-4.79005e-07,3422.98,184060,-1.14379e-07,3874.15,220884,2.64297e-07,4384.72,262283,3.44131e-07,4962.49,307576,7.5349e-08,5616.29,355497,-3.63097e-07,6356.1,404126,-6.05442e-07,7193.18,450932,-2.72333e-07,8140.28,492963,2.29675e-07,9211.79,527178,4.3387e-07,10424,550893,-1.0711e-07,10.102,8.06553,2.81012,10.6436,8.57909,0.869423,11.5336,10.2515,0.270869,12.7211,12.7138,0.0844293,14.1823,15.9373,0.0263173,15.9122,20.0383,0.0082035,17.9198,25.2154,0.00255722,20.2244,31.7373,0.000797017,22.8539,39.9486,0.000248622,25.8438,50.2851,7.75492e-05,29.237,63.2963,2.42508e-05,33.0837,79.6738,7.67162e-06,37.4415,100.288,2.32837e-06,42.3767,126.236,7.33e-07,47.9646,158.896,2.79256e-07,54.2906,200.003,9.87351e-09,61.452,251.741,1.61085e-07,69.5585,316.859,-2.47141e-07,78.7347,398.812,8.93552e-08,89.1218,501.948,-2.53231e-07,100.879,631.736,-1.25047e-07,114.188,795.049,-1.78808e-07,129.252,1000.53,2.6733e-07,146.304,1259.03,4.50292e-07,165.605,1584.19,6.76904e-07,187.452,1993.12,-1.23808e-07,212.181,2507.27,-4.89068e-07,240.173,3153.54,-5.40284e-07,271.856,3965.56,1.86061e-07,307.719,4985.38,4.37004e-07,348.313,6265.4,3.59828e-07,394.26,7870.83,3.98192e-07,446.268,9882.51,-1.92908e-07,505.135,12400.3,-2.20392e-07,571.766,15546.9,1.51705e-07,647.184,19472.2,5.74996e-07,732.547,24357.4,5.39112e-07,829.167,30420,5.07815e-09,938.526,37916.3,-4.11492e-07,1062.3,47143.9,-3.9561e-07,1202.4,58439.2,3.86185e-08,1360.96,72169.3,5.94093e-07,1540.42,88715.8,7.47693e-07,1743.53,108445,1.78537e-07,1973.41,131665,-4.12549e-07,2233.57,158557,-5.37164e-07,2528,189103,-1.17615e-07,2861.2,222986,5.66769e-07,3238.27,259510,9.45053e-07,3664.97,297540,4.25093e-07,4147.81,335497,-3.58506e-07,4694.17,371444,-6.7724e-07,5312.37,403256,1.67192e-07,1.61744,3.89446,9.84394,3.28846,7.5504,12.774,5.07607,11.7187,13.6844,7.03202,16.8147,13.9681,9.20215,23.1769,14.0566,11.6301,31.1672,14.0841,14.3598,41.2186,14.0927,17.4376,53.8688,14.0954,20.9137,69.7915,14.0962,24.8432,89.8341,14.0965,29.2879,115.063,14.0966,34.3168,146.819,14.0966,40.0078,186.792,14.0966,46.4487,237.107,14.0966,53.7388,300.44,14.0966,61.9903,380.158,14.0966,71.3301,480.499,14.0966,81.902,606.796,14.0966,93.8685,765.761,14.0966,107.414,965.837,14.0966,122.746,1217.65,14.0966,140.101,1534.57,14.0966,159.745,1933.41,14.0966,181.981,2435.3,14.0966,207.15,3066.85,14.0966,235.64,3861.46,14.0966,267.889,4861.11,14.0966,304.391,6118.54,14.0966,345.709,7699.91,14.0966,392.478,9688.22,14.0966,445.417,12187.5,14.0966,505.339,15327.7,14.0966,573.165,19271.6,14.0966,649.938,24222,14.0966,736.839,30430.9,14.0966,835.202,38211.5,14.0966,946.539,47950.3,14.0966,1072.56,60122.8,14.0966,1215.21,75309.9,14.0966,1376.66,94216.2,14.0966,1559.41,117688,14.0966,1766.26,146729,14.0966,2000.39,182510,14.0966,2265.39,226372,14.0966,2565.33,279806,14.0966,2904.81,344416,14.0966,3289.05,421845,14.0966,3723.93,513667,14.0966,4216.13,621231,14.0966,4773.18,745478,14.0966,5403.64,886744,14.0966,6117.15,1.04457e+06,14.0966,6924.63,1.2176e+06,14.0966,11.7194,11.96,12.6541,13.9321,16.1295,13.6434,16.6097,21.9702,13.9553,19.7532,29.5285,14.0526,23.3844,39.1143,14.0829,27.5423,51.2054,14.0923,32.2796,66.434,14.0953,37.662,85.6061,14.0962,43.7675,109.74,14.0965,50.687,140.119,14.0966,58.5249,178.359,14.0966,67.4005,226.493,14.0966,77.4493,287.08,14.0966,88.8254,363.343,14.0966,101.703,459.336,14.0966,116.281,580.161,14.0966,132.782,732.241,14.0966,151.46,923.655,14.0966,172.603,1164.57,14.0966,196.535,1467.79,14.0966,223.625,1849.39,14.0966,254.288,2329.62,14.0966,288.997,2933.93,14.0966,328.285,3694.33,14.0966,372.755,4651.04,14.0966,423.092,5854.57,14.0966,480.07,7368.38,14.0966,544.564,9272.08,14.0966,617.566,11665.5,14.0966,700.197,14673.6,14.0966,793.729,18452.9,14.0966,899.599,23198.6,14.0966,1019.43,29154.1,14.0966,1155.07,36622.3,14.0966,1308.6,45977.9,14.0966,1482.39,57683.7,14.0966,1679.09,72307.8,14.0966,1901.73,90542.8,14.0966,2153.73,113226,14.0966,2438.97,141360,14.0966,2761.81,176127,14.0966,3127.22,218898,14.0966,3540.81,271226,14.0966,4008.92,334817,14.0966,4538.74,411470,14.0966,5138.38,502973,14.0966,5817.04,610948,14.0966,6585.12,736653,14.0966,7454.39,880741,14.0966,8438.15,1.04302e+06,14.0966,9551.45,1.22224e+06,14.0966,10811.3,1.41602e+06,14.0966,12237,1.62086e+06,14.0966,11.7194,11.96,12.6541,2.21263,4.16949,0.989383,2.67766,5.84076,0.311842,3.14343,7.55825,0.0972771,3.63127,9.58578,0.0303237,4.15787,12.0912,0.00945211,4.73731,15.2286,0.00294633,5.38238,19.1721,0.000918508,6.10553,24.134,0.000286163,6.91951,30.3791,8.92692e-05,7.83792,38.2397,2.78121e-05,8.87555,48.1338,8.65134e-06,10.0489,60.5876,2.7882e-06,11.3761,76.2629,8.29036e-07,12.8779,95.9927,2.4373e-07,14.5775,120.825,4.33068e-09,16.5012,152.08,1.75749e-07,18.6784,191.415,-1.86328e-07,21.1428,240.917,1.91829e-07,23.9322,303.213,-1.81475e-07,27.0895,381.602,7.0186e-08,30.6634,480.231,-2.86769e-08,34.7087,604.316,2.40784e-07,39.2876,760.401,9.87368e-08,44.4705,956.705,1.22263e-07,50.3371,1203.54,-4.31966e-07,56.9776,1513.81,-1.9705e-07,64.494,1903.69,-2.763e-08,73.0018,2393.4,3.9185e-07,82.6317,3008.13,1.35379e-07,93.5318,3779.25,-4.16351e-08,105.869,4745.7,2.06965e-08,119.834,5955.6,-3.18887e-07,135.641,7468.12,-1.48271e-08,153.531,9355.62,2.00739e-07,173.781,11705.8,2.28358e-07,196.701,14624.1,-1.93587e-08,222.642,18235,-2.88101e-07,252.003,22683.4,-2.24732e-07,285.234,28134,8.56806e-09,322.845,34767,2.34258e-07,365.413,42770.9,2.99668e-07,413.588,52327.9,8.28644e-08,468.111,63591.2,-3.07049e-07,529.814,76653.2,-3.1888e-07,599.642,91502.5,-6.72276e-08,678.662,107975,2.26339e-07,768.083,125705,3.69212e-07,869.267,144088,2.04077e-07,983.76,162277,-2.80509e-07,1113.3,179223,-4.22737e-07,1259.87,193777,-1.71951e-07,1425.68,204839,4.55555e-07,11.7194,11.96,12.6541,2.21263,4.16949,0.989383,2.67766,5.84076,0.311842,3.14343,7.55825,0.0972771,3.63127,9.58578,0.0303237,4.15787,12.0912,0.00945211,4.73731,15.2286,0.00294633,5.38238,19.1721,0.000918508,6.10553,24.134,0.000286163,6.91951,30.3791,8.92692e-05,7.83792,38.2397,2.78121e-05,8.87555,48.1338,8.65134e-06,10.0489,60.5876,2.7882e-06,11.3761,76.2629,8.29036e-07,12.8779,95.9927,2.4373e-07,14.5775,120.825,1e-08,16.5012,152.08,1.75749e-07,18.6784,191.415,1e-08,21.1428,240.917,1.91829e-07,23.9322,303.213,1e-08,27.0895,381.602,7.0186e-08,30.6634,480.231,1e-08,34.7087,604.316,2.40784e-07,39.2876,760.401,9.87368e-08,44.4705,956.705,1.22263e-07,50.3371,1203.54,1e-08,56.9776,1513.81,1e-08,64.494,1903.69,1e-08,73.0018,2393.4,3.9185e-07,82.6317,3008.13,1.35379e-07,93.5318,3779.25,1e-08,105.869,4745.7,2.06965e-08,119.834,5955.6,1e-08,135.641,7468.12,1e-08,153.531,9355.62,2.00739e-07,173.781,11705.8,2.28358e-07,196.701,14624.1,1e-08,222.642,18235,1e-08,252.003,22683.4,1e-08,285.234,28134,1e-08,322.845,34767,2.34258e-07,365.413,42770.9,2.99668e-07,413.588,52327.9,8.28644e-08,468.111,63591.2,1e-08,529.814,76653.2,1e-08,599.642,91502.5,1e-08,678.662,107975,2.26339e-07,768.083,125705,3.69212e-07,869.267,144088,2.04077e-07,983.76,162277,1e-08,1113.3,179223,1e-08,1259.87,193777,1e-08,1425.68,204839,4.55555e-07,6.2823,3.27286,2.43537,0.219672,6.18826,2.24117,0.56371,6.87772,2.63624,0.308279,7,20,11,3,5,0,1,4,0,5,6,0,8,6,0,3,10,0,2,17,0,2,54,0,3,25,0,10,17,0,10,12,0,9,50,0,7,103,0,21,87,0,7,109,0,19,254,0,17,141,0,26,192,0,29,235,0,6,391,0,17,640,0,28,416,0,45,706,0,53,864,0,36,1103,0,36,1193,0,35,1965,0,24,1256,0,71,1378,0,35,2570,0,117,2425,0,101,3271,0,183,5365,0,163,3963,0,132,10909,0,298,10761,0,196,24956,0,187,21703,0,283,20145,0,427,30473,0,238,32832,0,388,43237,0,405,84636,0,852,73400,0,630,116708,0,530,80207,0,973,112525,0,893,47865,0,939,158936,0,1985,128718,0,1618,296086,0,1467,437295,0,1616,101180,0
-1.05176e+08,1,8.88811e-15,10,1023,0,1.05176e+08,0.528882,1.08665,0.389689,0.145397,0.379329,3.24381,0.161596,0.446195,1.77396,0.159177,1.15e+07,4.49998e+06,6.79999e+06,1.15e+07,4.49997e+06,6.79999e+06,1.15e+07,4.49996e+06,6.79999e+06,1.15e+07,4.49995e+06,6.79999e+06,1.14999e+07,4.49993e+06,6.79999e+06,1.14999e+07,4.49991e+06,6.79999e+06,1.14999e+07,4.49989e+06,6.79999e+06,1.14999e+07,4.49986e+06,6.79999e+06,1.14999e+07,4.49982e+06,6.79999e+06,1.14999e+07,4.49977e+06,6.79999e+06,1.14999e+07,4.49971e+06,6.79999e+06,1.14999e+07,4.49963e+06,6.79999e+06,1.14998e+07,4.49953e+06,6.79999e+06,1.14998e+07,4.49941e+06,6.79999e+06,1.14998e+07,4.49926e+06,6.79999e+06,1.14998e+07,4.49906e+06,6.79999e+06,1.14997e+07,4.49882e+06,6.79999e+06,1.14997e+07,4.49851e+06,6.79999e+06,1.14997e+07,4.49812e+06,6.79999e+06,1.14996e+07,4.49764e+06,6.79999e+06,1.14996e+07,4.49702e+06,6.79999e+06,1.14995e+07,4.49625e+06,6.79999e+06,1.14995e+07,4.49528e+06,6.79999e+06,1.14994e+07,4.49406e+06,6.79999e+06,1.14993e+07,4.49253e+06,6.79999e+06,1.14992e+07,4.49059e+06,6.79999e+06,1.14991e+07,4.48817e+06,6.79999e+06,1.1499e+07,4.48511e+06,6.79999e+06,1.14988e+07,4.48128e+06,6.79999e+06,1.14987e+07,4.47646e+06,6.79999e+06,1.14985e+07,4.47041e+06,6.79999e+06,1.14983e+07,4.46281e+06,6.79999e+06,1.14981e+07,4.4533e+06,6.79999e+06,1.14979e+07,4.44138e+06,6.79999e+06,1.14976e+07,4.42649e+06,6.79999e+06,1.14972e+07,4.40789e+06,6.79999e+06,1.14969e+07,4.38471e+06,6.79999e+06,1.14965e+07,4.35592e+06,6.79999e+06,1.1496e+07,4.32027e+06,6.79999e+06,1.14955e+07,4.27629e+06,6.79999e+06,1.14949e+07,4.22231e+06,6.79999e+06,1.14942e+07,4.15647e+06,6.79999e+06,1.14934e+07,4.07676e+06,6.79999e+06,1.14926e+07,3.98112e+06,6.79999e+06,1.14916e+07,3.86765e+06,6.79999e+06,1.14905e+07,3.73474e+06,6.79999e+06,1.14892e+07,3.58148e+06,6.79999e+06,1.14878e+07,3.40785e+06,6.79999e+06,1.14862e+07,3.21513e+06,6.79999e+06,1.14844e+07,3.00605e+06,6.79999e+06,1.14823e+07,2.7848e+06,6.79999e+06,1.148e+07,2.5568e+06,6.79999e+06,1.14773e+07,2.32825e+06,6.79999e+06,13.5742,8.52444,0.508366,16.8306,13.2585,0.162638,20.0035,17.569,0.0507846,23.2616,22.4214,0.0158319,26.7328,28.3297,0.00493498,30.5212,35.6974,0.00153831,34.7178,44.9473,0.000479527,39.4086,56.5822,0.000149456,44.6796,71.2245,4.66214e-05,50.6209,89.6543,1.45419e-05,57.3297,112.852,4.54748e-06,64.9129,142.051,1.43857e-06,73.4897,178.803,4.36618e-07,83.1934,225.062,1.40153e-07,94.1745,283.286,4.96378e-08,106.602,356.568,1.05434e-07,120.669,448.799,-6.49244e-08,136.59,564.873,1.70148e-07,154.611,710.948,-5.34594e-08,175.008,894.767,1.63407e-07,198.097,1126.06,8.04804e-08,224.231,1417.07,1.14667e-07,253.813,1783.15,-1.71227e-07,287.297,2243.62,-2.88466e-07,325.198,2822.67,-4.33651e-07,368.098,3550.67,7.9318e-08,416.657,4465.65,3.13319e-07,471.621,5615.16,3.4613e-07,533.835,7058.61,-1.19199e-07,604.255,8870.02,-2.79964e-07,683.962,11141.4,-2.30521e-07,774.182,13986.7,-2.55099e-07,876.299,17546.4,1.23585e-07,991.883,21993.1,1.41192e-07,1122.71,27536.7,-9.71886e-08,1270.78,34430.7,-3.68368e-07,1438.38,42977.7,-3.45379e-07,1628.07,53532.7,-3.25328e-09,1842.77,66504.6,2.6362e-07,2085.77,82350.2,2.53445e-07,2360.79,101560,-2.47407e-08,2672.05,124632,-3.80602e-07,3024.31,152018,-4.79005e-07,3422.98,184060,-1.14379e-07,3874.15,220884,2.64297e-07,4384.72,262283,3.44131e-07,4962.49,307576,7.5349e-08,5616.29,355497,-3.63097e-07,6356.1,404126,-6.05442e-07,7193.18,450932,-2.72333e-07,8140.28,492963,2.29675e-07,9211.79,527178,4.3387e-07,10424,550893,-1.0711e-07,10.102,8.06553,2.81012,10.6436,8.57909,0.869423,11.5336,10.2515,0.270869,12.7211,12.7138,0.0844293,14.1823,15.9373,0.0263173,15.9122,20.0383,0.0082035,17.9198,25.2154,0.00255722,20.2244,31.7373,0.000797017,22.8539,39.9486,0.000248622,25.8438,50.2851,7.75492e-05,29.237,63.2963,2.42508e-05,33.0837,79.6738,7.67162e-06,37.4415,100.288,2.32837e-06,42.3767,126.236,7.33e-07,47.9646,158.896,2.79256e-07,54.2906,200.003,9.87351e-09,61.452,251.741,1.61085e-07,69.5585,316.859,-2.47141e-07,78.7347,398.812,8.93552e-08,89.1218,501.948,-2.53231e-07,100.879,631.736,-1.25047e-07,114.188,795.049,-1.78808e-07,129.252,1000.53,2.6733e-07,146.304,1259.03,4.50292e-07,165.605,1584.19,6.76904e-07,187.452,1993.12,-1.23808e-07,212.181,2507.27,-4.89068e-07,240.173,3153.54,-5.40284e-07,271.856,3965.56,1.86061e-07,307.719,4985.38,4.37004e-07,348.313,6265.4,3.59828e-07,394.26,7870.83,3.98192e-07,446.268,9882.51,-1.92908e-07,505.135,12400.3,-2.20392e-07,571.766,15546.9,1.51705e-07,647.184,19472.2,5.74996e-07,732.547,24357.4,5.39112e-07,829.167,30420,5.07815e-09,938.526,37916.3,-4.11492e-07,1062.3,47143.9,-3.9561e-07,1202.4,58439.2,3.86185e-08,1360.96,72169.3,5.94093e-07,1540.42,88715.8,7.47693e-07,1743.53,108445,1.78537e-07,1973.41,131665,-4.12549e-07,2233.57,158557,-5.37164e-07,2528,189103,-1.17615e-07,2861.2,222986,5.66769e-07,3238.27,259510,9.45053e-07,3664.97,297540,4.25093e-07,4147.81,335497,-3.58506e-07,4694.17,371444,-6.7724e-07,5312.37,403256,1.67192e-07,1.61744,3.89446,9.84394,3.28846,7.5504,12.774,5.07607,11.7187,13.6844,7.03202,16.8147,13.9681,9.20215,23.1769,14.0566,11.6301,31.1672,14.0841,14.3598,41.2186,14.0927,17.4376,53.8688,14.0954,20.9137,69.7915,14.0962,24.8432,89.8341,14.0965,29.2879,115.063,14.0966,34.3168,146.819,14.0966,40.0078,186.792,14.0966,46.4487,237.107,14.0966,53.7388,300.44,14.0966,61.9903,380.158,14.0966,71.3301,480.499,14.0966,81.902,606.796,14.0966,93.8685,765.761,14.0966,107.414,965.837,14.0966,122.746,1217.65,14.0966,140.101,1534.57,14.0966,159.745,1933.41,14.0966,181.981,2435.3,14.0966,207.15,3066.85,14.0966,235.64,3861.46,14.0966,267.889,4861.11,14.0966,304.391,6118.54,14.0966,345.709,7699.91,14.0966,392.478,9688.22,14.0966,445.417,12187.5,14.0966,505.339,15327.7,14.0966,573.165,19271.6,14.0966,649.938,24222,14.0966,736.839,30430.9,14.0966,835.202,38211.5,14.0966,946.539,47950.3,14.0966,1072.56,60122.8,14.0966,1215.21,75309.9,14.0966,1376.66,94216.2,14.0966,1559.41,117688,14.0966,1766.26,146729,14.0966,2000.39,182510,14.0966,2265.39,226372,14.0966,2565.33,279806,14.0966,2904.81,344416,14.0966,3289.05,421845,14.0966,3723.93,513667,14.0966,4216.13,621231,14.0966,4773.18,745478,14.0966,5403.64,886744,14.0966,6117.15,1.04457e+06,14.0966,6924.63,1.2176e+06,14.0966,11.7194,11.96,12.6541,13.9321,16.1295,13.6434,16.6097,21.9702,13.9553,19.7532,29.5285,14.0526,23.3844,39.1143,14.0829,27.5423,51.2054,14.0923,32.2796,66.434,14.0953,37.662,85.6061,14.0962,43.7675,109.74,14.0965,50.687,140.119,14.0966,58.5249,178.359,14.0966,67.4005,226.493,14.0966,77.4493,287.08,14.0966,88.8254,363.343,14.0966,101.703,459.336,14.0966,116.281,580.161,14.0966,132.782,732.241,14.0966,151.46,923.655,14.0966,172.603,1164.57,14.0966,196.535,1467.79,14.0966,223.625,1849.39,14.0966,254.288,2329.62,14.0966,288.997,2933.93,14.0966,328.285,3694.33,14.0966,372.755,4651.04,14.0966,423.092,5854.57,14.0966,480.07,7368.38,14.0966,544.564,9272.08,14.0966,617.566,11665.5,14.0966,700.197,14673.6,14.0966,793.729,18452.9,14.0966,899.599,23198.6,14.0966,1019.43,29154.1,14.0966,1155.07,36622.3,14.0966,1308.6,45977.9,14.0966,1482.39,57683.7,14.0966,1679.09,72307.8,14.0966,1901.73,90542.8,14.0966,2153.73,113226,14.0966,2438.97,141360,14.0966,2761.81,176127,14.0966,3127.22,218898,14.0966,3540.81,271226,14.0966,4008.92,334817,14.0966,4538.74,411470,14.0966,5138.38,502973,14.0966,5817.04,610948,14.0966,6585.12,736653,14.0966,7454.39,880741,14.0966,8438.15,1.04302e+06,14.0966,9551.45,1.22224e+06,14.0966,10811.3,1.41602e+06,14.0966,12237,1.62086e+06,14.0966,11.7194,11.96,12.6541,2.21263,4.16949,0.989383,2.67766,5.84076,0.311842,3.14343,7.55825,0.0972771,3.63127,9.58578,0.0303237,4.15787,12.0912,0.00945211,4.73731,15.2286,0.00294633,5.38238,19.1721,0.000918508,6.10553,24.134,0.000286163,6.91951,30.3791,8.92692e-05,7.83792,38.2397,2.78121e-05,8.87555,48.1338,8.65134e-06,10.0489,60.5876,2.7882e-06,11.3761,76.2629,8.29036e-07,12.8779,95.9927,2.4373e-07,14.5775,120.825,4.33068e-09,16.5012,152.08,1.75749e-07,18.6784,191.415,-1.86328e-07,21.1428,240.917,1.91829e-07,23.9322,303.213,-1.81475e-07,27.0895,381.602,7.0186e-08,30.6634,480.231,-2.86769e-08,34.7087,604.316,2.40784e-07,39.2876,760.401,9.87368e-08,44.4705,956.705,1.22263e-07,50.3371,1203.54,-4.31966e-07,56.9776,1513.81,-1.9705e-07,64.494,1903.69,-2.763e-08,73.0018,2393.4,3.9185e-07,82.6317,3008.13,1.35379e-07,93.5318,3779.25,-4.16351e-08,105.869,4745.7,2.06965e-08,119.834,5955.6,-3.18887e-07,135.641,7468.12,-1.48271e-08,153.531,9355.62,2.00739e-07,173.781,11705.8,2.28358e-07,196.701,14624.1,-1.93587e-08,222.642,18235,-2.88101e-07,252.003,22683.4,-2.24732e-07,285.234,28134,8.56806e-09,322.845,34767,2.34258e-07,365.413,42770.9,2.99668e-07,413.588,52327.9,8.28644e-08,468.111,63591.2,-3.07049e-07,529.814,76653.2,-3.1888e-07,599.642,91502.5,-6.72276e-08,678.662,107975,2.26339e-07,768.083,125705,3.69212e-07,869.267,144088,2.04077e-07,983.76,162277,-2.80509e-07,1113.3,179223,-4.22737e-07,1259.87,193777,-1.71951e-07,1425.68,204839,4.55555e-07,11.7194,11.96,12.6541,2.21263,4.16949,0.989383,2.67766,5.84076,0.311842,3.14343,7.55825,0.0972771,3.63127,9.58578,0.0303237,4.15787,12.0912,0.00945211,4.73731,15.2286,0.00294633,5.38238,19.1721,0.000918508,6.10553,24.134,0.000286163,6.91951,30.3791,8.92692e-05,7.83792,38.2397,2.78121e-05,8.87555,48.1338,8.65134e-06,10.0489,60.5876,2.7882e-06,11.3761,76.2629,8.29036e-07,12.8779,95.9927,2.4373e-07,14.5775,120.825,1e-08,16.5012,152.08,1.75749e-07,18.6784,191.415,1e-08,21.1428,240.917,1.91829e-07,23.9322,303.213,1e-08,27.0895,381.602,7.0186e-08,30.6634,480.231,1e-08,34.7087,604.316,2.40784e-07,39.2876,760.401,9.87368e-08,44.4705,956.705,1.22263e-07,50.3371,1203.54,1e-08,56.9776,1513.81,1e-08,64.494,1903.69,1e-08,73.0018,2393.4,3.9185e-07,82.6317,3008.13,1.35379e-07,93.5318,3779.25,1e-08,105.869,4745.7,2.06965e-08,119.834,5955.6,1e-08,135.641,7468.12,1e-08,153.531,9355.62,2.00739e-07,173.781,11705.8,2.28358e-07,196.701,14624.1,1e-08,222.642,18235,1e-08,252.003,22683.4,1e-08,285.234,28134,1e-08,322.845,34767,2.34258e-07,365.413,42770.9,2.99668e-07,413.588,52327.9,8.28644e-08,468.111,63591.2,1e-08,529.814,76653.2,1e-08,599.642,91502.5,1e-08,678.662,107975,2.26339e-07,768.083,125705,3.69212e-07,869.267,144088,2.04077e-07,983.76,162277,1e-08,1113.3,179223,1e-08,1259.87,193777,1e-08,1425.68,204839,4.55555e-07,6.2823,3.27286,2.43537,0.219672,6.18826,2.24117,0.56371,6.87772,2.63624,0.308279,24,19,10,4,6,3,3,3,0,4,7,0,1,7,0,6,16,0,5,12,0,10,39,0,2,23,0,15,29,0,9,60,0,7,38,0,2,82,0,8,67,0,11,35,0,23,91,0,21,100,0,40,167,0,12,121,0,22,236,0,16,460,0,36,506,0,17,379,0,58,1847,0,54,451,0,97,1129,0,44,3008,0,69,1209,0,74,1433,0,61,3412,0,103,3148,0,61,3583,0,85,4394,0,254,11113,0,89,20971,0,182,10711,0,292,12863,0,88,10441,0,198,15940,0,428,26164,0,383,15824,0,216,52965,0,336,61783,0,362,59968,0,249,54927,0,378,50918,0,207,89381,0,541,145881,0,898,146654,0,2320,143404,0,1291,197109,0,1391,335939,0,1658,220202,0
-1.05176e+08,1,8.88811e-15,10,1023,0,1.05176e+08,0.528882,1.08665,0.389689,0.145397,0.379329,3.24381,0.161596,0.446195,1.77396,0.159177,1.15e+07,4.49998e+06,6.79999e+06,1.15e+07,4.49997e+06,6.79999e+06,1.15e+07,4.49996e+06,6.79999e+06,1.15e+07,4.49995e+06,6.79999e+06,1.14999e+07,4.49993e+06,6.79999e+06,1.14999e+07,4.49991e+06,6.79999e+06,1.14999e+07,4.49989e+06,6.79999e+06,1.14999e+07,4.49986e+06,6.79999e+06,1.14999e+07,4.49982e+06,6.79999e+06,1.14999e+07,4.49977e+06,6.79999e+06,1.14999e+07,4.49971e+06,6.79999e+06,1.14999e+07,4.49963e+06,6.79999e+06,1.14998e+07,4.49953e+06,6.79999e+06,1.14998e+07,4.49941e+06,6.79999e+06,1.14998e+07,4.49926e+06,6.79999e+06,1.14998e+07,4.49906e+06,6.79999e+06,1.14997e+07,4.49882e+06,6.79999e+06,1.14997e+07,4.49851e+06,6.79999e+06,1.14997e+07,4.49812e+06,6.79999e+06,1.14996e+07,4.49764e+06,6.79999e+06,1.14996e+07,4.49702e+06,6.79999e+06,1.14995e+07,4.49625e+06,6.79999e+06,1.14995e+07,4.49528e+06,6.79999e+06,1.14994e+07,4.49406e+06,6.79999e+06,1.14993e+07,4.49253e+06,6.79999e+06,1.14992e+07,4.49059e+06,6.79999e+06,1.14991e+07,4.48817e+06,6.79999e+06,1.1499e+07,4.48511e+06,6.79999e+06,1.14988e+07,4.48128e+06,6.79999e+06,1.14987e+07,4.47646e+06,6.79999e+06,1.14985e+07,4.47041e+06,6.79999e+06,1.14983e+07,4.46281e+06,6.79999e+06,1.14981e+07,4.4533e+06,6.79999e+06,1.14979e+07,4.44138e+06,6.79999e+06,1.14976e+07,4.42649e+06,6.79999e+06,1.14972e+07,4.40789e+06,6.79999e+06,1.14969e+07,4.38471e+06,6.79999e+06,1.14965e+07,4.35592e+06,6.79999e+06,1.1496e+07,4.32027e+06,6.79999e+06,1.14955e+07,4.27629e+06,6.79999e+06,1.14949e+07,4.22231e+06,6.79999e+06,1.14942e+07,4.15647e+06,6.79999e+06,1.14934e+07,4.07676e+06,6.79999e+06,1.14926e+07,3.98112e+06,6.79999e+06,1.14916e+07,3.86765e+06,6.79999e+06,1.14905e+07,3.73474e+06,6.79999e+06,1.14892e+07,3.58148e+06,6.79999e+06,1.14878e+07,3.40785e+06,6.79999e+06,1.14862e+07,3.21513e+06,6.79999e+06,1.14844e+07,3.00605e+06,6.79999e+06,1.14823e+07,2.7848e+06,6.79999e+06,1.148e+07,2.5568e+06,6.79999e+06,1.14773e+07,2.32825e+06,6.79999e+06,13.5742,8.52444,0.508366,16.8306,13.2585,0.162638,20.0035,17.569,0.0507846,23.2616,22.4214,0.0158319,26.7328,28.3297,0.00493498,30.5212,35.6974,0.00153831,34.7178,44.9473,0.000479527,39.4086,56.5822,0.000149456,44.6796,71.2245,4.66214e-05,50.6209,89.6543,1.45419e-05,57.3297,112.852,4.54748e-06,64.9129,142.051,1.43857e-06,73.4897,178.803,4.36618e-07,83.1934,225.062,1.40153e-07,94.1745,283.286,4.96378e-08,106.602,356.568,1.05434e-07,120.669,448.799,-6.49244e-08,136.59,564.873,1.70148e-07,154.611,710.948,-5.34594e-08,175.008,894.767,1.63407e-07,198.097,1126.06,8.04804e-08,224.231,1417.07,1.14667e-07,253.813,1783.15,-1.71227e-07,287.297,2243.62,-2.88466e-07,325.198,2822.67,-4.33651e-07,368.098,3550.67,7.9318e-08,416.657,4465.65,3.13319e-07,471.621,5615.16,3.4613e-07,533.835,7058.61,-1.19199e-07,604.255,8870.02,-2.79964e-07,683.962,11141.4,-2.30521e-07,774.182,13986.7,-2.55099e-07,876.299,17546.4,1.23585e-07,991.883,21993.1,1.41192e-07,1122.71,27536.7,-9.71886e-08,1270.78,34430.7,-3.68368e-07,1438.38,42977.7,-3.45379e-07,1628.07,53532.7,-3.25328e-09,1842.77,66504.6,2.6362e-07,2085.77,82350.2,2.53445e-07,2360.79,101560,-2.47407e-08,2672.05,124632,-3.80602e-07,3024.31,152018,-4.79005e-07,3422.98,184060,-1.14379e-07,3874.15,220884,2.64297e-07,4384.72,262283,3.44131e-07,4962.49,307576,7.5349e-08,5616.29,355497,-3.63097e-07,6356.1,404126,-6.05442e-07,7193.18,450932,-2.72333e-07,8140.28,492963,2.29675e-07,9211.79,527178,4.3387e-07,10424,550893,-1.0711e-07,10.102,8.06553,2.81012,10.6436,8.57909,0.869423,11.5336,10.2515,0.270869,12.7211,12.7138,0.0844293,14.1823,15.9373,0.0263173,15.9122,20.0383,0.0082035,17.9198,25.2154,0.00255722,20.2244,31.7373,0.000797017,22.8539,39.9486,0.000248622,25.8438,50.2851,7.75492e-05,29.237,63.2963,2.42508e-05,33.0837,79.6738,7.67162e-06,37.4415,100.288,2.32837e-06,42.3767,126.236,7.33e-07,47.9646,158.896,2.79256e-07,54.2906,200.003,9.87351e-09,61.452,251.741,1.61085e-07,69.5585,316.859,-2.47141e-07,78.7347,398.812,8.93552e-08,89.1218,501.948,-2.53231e-07,100.879,631.736,-1.25047e-07,114.188,795.049,-1.78808e-07,129.252,1000.53,2.6733e-07,146.304,1259.03,4.50292e-07,165.605,1584.19,6.76904e-07,187.452,1993.12,-1.23808e-07,212.181,2507.27,-4.89068e-07,240.173,3153.54,-5.40284e-07,271.856,3965.56,1.86061e-07,307.719,4985.38,4.37004e-07,348.313,6265.4,3.59828e-07,394.26,7870.83,3.98192e-07,446.268,9882.51,-1.92908e-07,505.135,12400.3,-2.20392e-07,571.766,15546.9,1.51705e-07,647.184,19472.2,5.74996e-07,732.547,24357.4,5.39112e-07,829.167,30420,5.07815e-09,938.526,37916.3,-4.11492e-07,1062.3,47143.9,-3.9561e-07,1202.4,58439.2,3.86185e-08,1360.96,72169.3,5.94093e-07,1540.42,88715.8,7.47693e-07,1743.53,108445,1.78537e-07,1973.41,131665,-4.12549e-07,2233.57,158557,-5.37164e-07,2528,189103,-1.17615e-07,2861.2,222986,5.66769e-07,3238.27,259510,9.45053e-07,3664.97,297540,4.25093e-07,4147.81,335497,-3.58506e-07,4694.17,371444,-6.7724e-07,5312.37,403256,1.67192e-07,1.61744,3.89446,9.84394,3.28846,7.5504,12.774,5.07607,11.7187,13.6844,7.03202,16.8147,13.9681,9.20215,23.1769,14.0566,11.6301,31.1672,14.0841,14.3598,41.2186,14.0927,17.4376,53.8688,14.0954,20.9137,69.7915,14.0962,24.8432,89.8341,14.0965,29.2879,115.063,14.0966,34.3168,146.819,14.0966,40.0078,186.792,14.0966,46.4487,237.107,14.0966,53.7388,300.44,14.0966,61.9903,380.158,14.0966,71.3301,480.499,14.0966,81.902,606.796,14.0966,93.8685,765.761,14.0966,107.414,965.837,14.0966,122.746,1217.65,14.0966,140.101,1534.57,14.0966,159.745,1933.41,14.0966,181.981,2435.3,14.0966,207.15,3066.85,14.0966,235.64,3861.46,14.0966,267.889,4861.11,14.0966,304.391,6118.54,14.0966,345.709,7699.91,14.0966,392.478,9688.22,14.0966,445.417,12187.5,14.0966,505.339,15327.7,14.0966,573.165,19271.6,14.0966,649.938,24222,14.0966,736.839,30430.9,14.0966,835.202,38211.5,14.0966,946.539,47950.3,14.0966,1072.56,60122.8,14.0966,1215.21,75309.9,14.0966,1376.66,94216.2,14.0966,1559.41,117688,14.0966,1766.26,146729,14.0966,2000.39,182510,14.0966,2265.39,226372,14.0966,2565.33,279806,14.0966,2904.81,344416,14.0966,3289.05,421845,14.0966,3723.93,513667,14.0966,4216.13,621231,14.0966,4773.18,745478,14.0966,5403.64,886744,14.0966,6117.15,1.04457e+06,14.0966,6924.63,1.2176e+06,14.0966,11.7194,11.96,12.6541,13.9321,16.1295,13.6434,16.6097,21.9702,13.9553,19.7532,29.5285,14.0526,23.3844,39.1143,14.0829,27.5423,51.2054,14.0923,32.2796,66.434,14.0953,37.662,85.6061,14.0962,43.7675,109.74,14.0965,50.687,140.119,14.0966,58.5249,178.359,14.0966,67.4005,226.493,14.0966,77.4493,287.08,14.0966,88.8254,363.343,14.0966,101.703,459.336,14.0966,116.281,580.161,14.0966,132.782,732.241,14.0966,151.46,923.655,14.0966,172.603,1164.57,14.0966,196.535,1467.79,14.0966,223.625,1849.39,14.0966,254.288,2329.62,14.0966,288.997,2933.93,14.0966,328.285,3694.33,14.0966,372.755,4651.04,14.0966,423.092,5854.57,14.0966,480.07,7368.38,14.0966,544.564,9272.08,14.0966,617.566,11665.5,14.0966,700.197,14673.6,14.0966,793.729,18452.9,14.0966,899.599,23198.6,14.0966,1019.43,29154.1,14.0966,1155.07,36622.3,14.0966,1308.6,45977.9,14.0966,1482.39,57683.7,14.0966,1679.09,72307.8,14.0966,1901.73,90542.8,14.0966,2153.73,113226,14.0966,2438.97,141360,14.0966,2761.81,176127,14.0966,3127.22,218898,14.0966,3540.81,271226,14.0966,4008.92,334817,14.0966,4538.74,411470,14.0966,5138.38,502973,14.0966,5817.04,610948,14.0966,6585.12,736653,14.0966,7454.39,880741,14.0966,8438.15,1.04302e+06,14.0966,9551.45,1.22224e+06,14.0966,10811.3,1.41602e+06,14.0966,12237,1.62086e+06,14.0966,11.7194,11.96,12.6541,2.21263,4.16949,0.989383,2.67766,5.84076,0.311842,3.14343,7.55825,0.0972771,3.63127,9.58578,0.0303237,4.15787,12.0912,0.00945211,4.73731,15.2286,0.00294633,5.38238,19.1721,0.000918508,6.10553,24.134,0.000286163,6.91951,30.3791,8.92692e-05,7.83792,38.2397,2.78121e-05,8.87555,48.1338,8.65134e-06,10.0489,60.5876,2.7882e-06,11.3761,76.2629,8.29036e-07,12.8779,95.9927,2.4373e-07,14.5775,120.825,4.33068e-09,16.5012,152.08,1.75749e-07,18.6784,191.415,-1.86328e-07,21.1428,240.917,1.91829e-07,23.9322,303.213,-1.81475e-07,27.0895,381.602,7.0186e-08,30.6634,480.231,-2.86769e-08,34.7087,604.316,2.40784e-07,39.2876,760.401,9.87368e-08,44.4705,956.705,1.22263e-07,50.3371,1203.54,-4.31966e-07,56.9776,1513.81,-1.9705e-07,64.494,1903.69,-2.763e-08,73.0018,2393.4,3.9185e-07,82.6317,3008.13,1.35379e-07,93.5318,3779.25,-4.16351e-08,105.869,4745.7,2.06965e-08,119.834,5955.6,-3.18887e-07,135.641,7468.12,-1.48271e-08,153.531,9355.62,2.00739e-07,173.781,11705.8,2.28358e-07,196.701,14624.1,-1.93587e-08,222.642,18235,-2.88101e-07,252.003,22683.4,-2.24732e-07,285.234,28134,8.56806e-09,322.845,34767,2.34258e-07,365.413,42770.9,2.99668e-07,413.588,52327.9,8.28644e-08,468.111,63591.2,-3.07049e-07,529.814,76653.2,-3.1888e-07,599.642,91502.5,-6.72276e-08,678.662,107975,2.26339e-07,768.083,125705,3.69212e-07,869.267,144088,2.04077e-07,983.76,162277,-2.80509e-07,1113.3,179223,-4.22737e-07,1259.87,193777,-1.71951e-07,1425.68,204839,4.55555e-07,11.7194,11.96,12.6541,2.21263,4.16949,0.989383,2.67766,5.84076,0.311842,3.14343,7.55825,0.0972771,3.63127,9.58578,0.0303237,4.15787,12.0912,0.00945211,4.73731,15.2286,0.00294633,5.38238,19.1721,0.000918508,6.10553,24.134,0.000286163,6.91951,30.3791,8.92692e-05,7.83792,38.2397,2.78121e-05,8.87555,48.1338,8.65134e-06,10.0489,60.5876,2.7882e-06,11.3761,76.2629,8.29036e-07,12.8779,95.9927,2.4373e-07,14.5775,120.825,1e-08,16.5012,152.08,1.75749e-07,18.6784,191.415,1e-08,21.1428,240.917,1.91829e-07,23.9322,303.213,1e-08,27.0895,381.602,7.0186e-08,30.6634,480.231,1e-08,34.7087,604.316,2.40784e-07,39.2876,760.401,9.87368e-08,44.4705,956.705,1.22263e-07,50.3371,1203.54,1e-08,56.9776,1513.81,1e-08,64.494,1903.69,1e-08,73.0018,2393.4,3.9185e-07,82.6317,3008.13,1.35379e-07,93.5318,3779.25,1e-08,105.869,4745.7,2.06965e-08,119.834,5955.6,1e-08,135.641,7468.12,1e-08,153.531,9355.62,2.00739e-07,173.781,11705.8,2.28358e-07,196.701,14624.1,1e-08,222.642,18235,1e-08,252.003,22683.4,1e-08,285.234,28134,1e-08,322.845,34767,2.34258e-07,365.413,42770.9,2.99668e-07,413.588,52327.9,8.28644e-08,468.111,63591.2,1e-08,529.814,76653.2,1e-08,599.642,91502.5,1e-08,678.662,107975,2.26339e-07,768.083,125705,3.69212e-07,869.267,144088,2.04077e-07,983.76,162277,1e-08,1113.3,179223,1e-08,1259.87,193777,1e-08,1425.68,204839,4.55555e-07,6.2823,3.27286,2.43537,0.219672,6.18826,2.24117,0.56371,6.87772,2.63624,0.308279,14,20,14,2,5,1,3,10,0,5,11,0,5,13,0,1,4,0,7,15,0,0,17,0,7,11,0,5,44,0,5,43,0,1,22,0,10,20,0,6,86,0,12,62,0,4,75,0,21,191,0,28,309,0,14,256,0,40,232,0,22,334,0,42,558,0,36,749,0,61,764,0,37,817,0,30,1464,0,30,3444,0,17,641,0,53,2474,0,110,1330,0,149,1464,0,93,2699,0,63,3905,0,174,7613,0,103,7993,0,151,8949,0,243,11073,0,371,8813,0,339,35705,0,391,18502,0,440,24104,0,849,34190,0,690,49548,0,533,101873,0,379,90830,0,773,117039,0,1187,171166,0,606,122704,0,1395,58734,0,515,196080,0,1459,122628,0,1672,178009,0,663,114760,0
-1.05176e+08,1,8.88811e-15,10,1023,0,1.05176e+08,0.528882,1.08665,0.389689,0.145397,0.379329,3.24381,0.161596,0.446195,1.77396,0.159177,1.15e+07,4.49998e+06,6.79999e+06,1.15e+07,4.49997e+06,6.79999e+06,1.15e+07,4.49996e+06,6.79999e+06,1.15e+07,4.49995e+06,6.79999e+06,1.14999e+07,4.49993e+06,6.79999e+06,1.14999e+07,4.49991e+06,6.79999e+06,1.14999e+07,4.49989e+06,6.79999e+06,1.14999e+07,4.49986e+06,6.79999e+06,1.14999e+07,4.49982e+06,6.79999e+06,1.14999e+07,4.49977e+06,6.79999e+06,1.14999e+07,4.49971e+06,6.79999e+06,1.14999e+07,4.49963e+06,6.79999e+06,1.14998e+07,4.49953e+06,6.79999e+06,1.14998e+07,4.49941e+06,6.79999e+06,1.14998e+07,4.49926e+06,6.79999e+06,1.14998e+07,4.49906e+06,6.79999e+06,1.14997e+07,4.49882e+06,6.79999e+06,1.14997e+07,4.49851e+06,6.79999e+06,1.14997e+07,4.49812e+06,6.79999e+06,1.14996e+07,4.49764e+06,6.79999e+06,1.14996e+07,4.49702e+06,6.79999e+06,1.14995e+07,4.49625e+06,6.79999e+06,1.14995e+07,4.49528e+06,6.79999e+06,1.14994e+07,4.49406e+06,6.79999e+06,1.14993e+07,4.49253e+06,6.79999e+06,1.14992e+07,4.49059e+06,6.79999e+06,1.14991e+07,4.48817e+06,6.79999e+06,1.1499e+07,4.48511e+06,6.79999e+06,1.14988e+07,4.48128e+06,6.79999e+06,1.14987e+07,4.47646e+06,6.79999e+06,1.14985e+07,4.47041e+06,6.79999e+06,1.14983e+07,4.46281e+06,6.79999e+06,1.14981e+07,4.4533e+06,6.79999e+06,1.14979e+07,4.44138e+06,6.79999e+06,1.14976e+07,4.42649e+06,6.79999e+06,1.14972e+07,4.40789e+06,6.79999e+06,1.14969e+07,4.38471e+06,6.79999e+06,1.14965e+07,4.35592e+06,6.79999e+06,1.1496e+07,4.32027e+06,6.79999e+06,1.14955e+07,4.27629e+06,6.79999e+06,1.14949e+07,4.22231e+06,6.79999e+06,1.14942e+07,4.15647e+06,6.79999e+06,1.14934e+07,4.07676e+06,6.79999e+06,1.14926e+07,3.98112e+06,6.79999e+06,1.14916e+07,3.86765e+06,6.79999e+06,1.14905e+07,3.73474e+06,6.79999e+06,1.14892e+07,3.58148e+06,6.79999e+06,1.14878e+07,3.40785e+06,6.79999e+06,1.14862e+07,3.21513e+06,6.79999e+06,1.14844e+07,3.00605e+06,6.79999e+06,1.14823e+07,2.7848e+06,6.79999e+06,1.148e+07,2.5568e+06,6.79999e+06,1.14773e+07,2.32825e+06,6.79999e+06,13.5742,8.52444,0.508366,16.8306,13.2585,0.162638,20.0035,17.569,0.0507846,23.2616,22.4214,0.0158319,26.7328,28.3297,0.00493498,30.5212,35.6974,0.00153831,34.7178,44.9473,0.000479527,39.4086,56.5822,0.000149456,44.6796,71.2245,4.66214e-05,50.6209,89.6543,1.45419e-05,57.3297,112.852,4.54748e-06,64.9129,142.051,1.43857e-06,73.4897,178.803,4.36618e-07,83.1934,225.062,1.40153e-07,94.1745,283.286,4.96378e-08,106.602,356.568,1.05434e-07,120.669,448.799,-6.49244e-08,136.59,564.873,1.70148e-07,154.611,710.948,-5.34594e-08,175.008,894.767,1.63407e-07,198.097,1126.06,8.04804e-08,224.231,1417.07,1.14667e-07,253.813,1783.15,-1.71227e-07,287.297,2243.62,-2.88466e-07,325.198,2822.67,-4.33651e-07,368.098,3550.67,7.9318e-08,416.657,4465.65,3.13319e-07,471.621,5615.16,3.4613e-07,533.835,7058.61,-1.19199e-07,604.255,8870.02,-2.79964e-07,683.962,11141.4,-2.30521e-07,774.182,13986.7,-2.55099e-07,876.299,17546.4,1.23585e-07,991.883,21993.1,1.41192e-07,1122.71,27536.7,-9.71886e-08,1270.78,34430.7,-3.68368e-07,1438.38,42977.7,-3.45379e-07,1628.07,53532.7,-3.25328e-09,1842.77,66504.6,2.6362e-07,2085.77,82350.2,2.53445e-07,2360.79,101560,-2.47407e-08,2672.05,124632,-3.80602e-07,3024.31,152018,-4.79005e-07,3422.98,184060,-1.14379e-07,3874.15,220884,2.64297e-07,4384.72,262283,3.44131e-07,4962.49,307576,7.5349e-08,5616.29,355497,-3.63097e-07,6356.1,404126,-6.05442e-07,7193.18,450932,-2.72333e-07,8140.28,492963,2.29675e-07,9211.79,527178,4.3387e-07,10424,550893,-1.0711e-07,10.102,8.06553,2.81012,10.6436,8.57909,0.869423,11.5336,10.2515,0.270869,12.7211,12.7138,0.0844293,14.1823,15.9373,0.0263173,15.9122,20.0383,0.0082035,17.9198,25.2154,0.00255722,20.2244,31.7373,0.000797017,22.8539,39.9486,0.000248622,25.8438,50.2851,7.75492e-05,29.237,63.2963,2.42508e-05,33.0837,79.6738,7.67162e-06,37.4415,100.288,2.32837e-06,42.3767,126.236,7.33e-07,47.9646,158.896,2.79256e-07,54.2906,200.003,9.87351e-09,61.452,251.741,1.61085e-07,69.5585,316.859,-2.47141e-07,78.7347,398.812,8.93552e-08,89.1218,501.948,-2.53231e-07,100.879,631.736,-1.25047e-07,114.188,795.049,-1.78808e-07,129.252,1000.53,2.6733e-07,146.304,1259.03,4.50292e-07,165.605,1584.19,6.76904e-07,187.452,1993.12,-1.23808e-07,212.181,2507.27,-4.89068e-07,240.173,3153.54,-5.40284e-07,271.856,3965.56,1.86061e-07,307.719,4985.38,4.37004e-07,348.313,6265.4,3.59828e-07,394.26,7870.83,3.98192e-07,446.268,9882.51,-1.92908e-07,505.135,12400.3,-2.20392e-07,571.766,15546.9,1.51705e-07,647.184,19472.2,5.74996e-07,732.547,24357.4,5.39112e-07,829.167,30420,5.07815e-09,938.526,37916.3,-4.11492e-07,1062.3,47143.9,-3.9561e-07,1202.4,58439.2,3.86185e-08,1360.96,72169.3,5.94093e-07,1540.42,88715.8,7.47693e-07,1743.53,108445,1.78537e-07,1973.41,131665,-4.12549e-07,2233.57,158557,-5.37164e-07,2528,189103,-1.17615e-07,2861.2,222986,5.66769e-07,3238.27,259510,9.45053e-07,3664.97,297540,4.25093e-07,4147.81,335497,-3.58506e-07,4694.17,371444,-6.7724e-07,5312.37,403256,1.67192e-07,1.61744,3.89446,9.84394,3.28846,7.5504,12.774,5.07607,11.7187,13.6844,7.03202,16.8147,13.9681,9.20215,23.1769,14.0566,11.6301,31.1672,14.0841,14.3598,41.2186,14.0927,17.4376,53.8688,14.0954,20.9137,69.7915,14.0962,24.8432,89.8341,14.0965,29.2879,115.063,14.0966,34.3168,146.819,14.0966,40.0078,186.792,14.0966,46.4487,237.107,14.0966,53.7388,300.44,14.0966,61.9903,380.158,14.0966,71.3301,480.499,14.0966,81.902,606.796,14.0966,93.8685,765.761,14.0966,107.414,965.837,14.0966,122.746,1217.65,14.0966,140.101,1534.57,14.0966,159.745,1933.41,14.0966,181.981,2435.3,14.0966,207.15,3066.85,14.0966,235.64,3861.46,14.0966,267.889,4861.11,14.0966,304.391,6118.54,14.0966,345.709,7699.91,14.0966,392.478,9688.22,14.0966,445.417,12187.5,14.0966,505.339,15327.7,14.0966,573.165,19271.6,14.0966,649.938,24222,14.0966,736.839,30430.9,14.0966,835.202,38211.5,14.0966,946.539,47950.3,14.0966,1072.56,60122.8,14.0966,1215.21,75309.9,14.0966,1376.66,94216.2,14.0966,1559.41,117688,14.0966,1766.26,146729,14.0966,2000.39,182510,14.0966,2265.39,226372,14.0966,2565.33,279806,14.0966,2904.81,344416,14.0966,3289.05,421845,14.0966,3723.93,513667,14.0966,4216.13,621231,14.0966,4773.18,745478,14.0966,5403.64,886744,14.0966,6117.15,1.04457e+06,14.0966,6924.63,1.2176e+06,14.0966,11.7194,11.96,12.6541,13.9321,16.1295,13.6434,16.6097,21.9702,13.9553,19.7532,29.5285,14.0526,23.3844,39.1143,14.0829,27.5423,51.2054,14.0923,32.2796,66.434,14.0953,37.662,85.6061,14.0962,43.7675,109.74,14.0965,50.687,140.119,14.0966,58.5249,178.359,14.0966,67.4005,226.493,14.0966,77.4493,287.08,14.0966,88.8254,363.343,14.0966,101.703,459.336,14.0966,116.281,580.161,14.0966,132.782,732.241,14.0966,151.46,923.655,14.0966,172.603,1164.57,14.0966,196.535,1467.79,14.0966,223.625,1849.39,14.0966,254.288,2329.62,14.0966,288.997,2933.93,14.0966,328.285,3694.33,14.0966,372.755,4651.04,14.0966,423.092,5854.57,14.0966,480.07,7368.38,14.0966,544.564,9272.08,14.0966,617.566,11665.5,14.0966,700.197,14673.6,14.0966,793.729,18452.9,14.0966,899.599,23198.6,14.0966,1019.43,29154.1,14.0966,1155.07,36622.3,14.0966,1308.6,45977.9,14.0966,1482.39,57683.7,14.0966,1679.09,72307.8,14.0966,1901.73,90542.8,14.0966,2153.73,113226,14.0966,2438.97,141360,14.0966,2761.81,176127,14.0966,3127.22,218898,14.0966,3540.81,271226,14.0966,4008.92,334817,14.0966,4538.74,411470,14.0966,5138.38,502973,14.0966,5817.04,610948,14.0966,6585.12,736653,14.0966,7454.39,880741,14.0966,8438.15,1.04302e+06,14.0966,9551.45,1.22224e+06,14.0966,10811.3,1.41602e+06,14.0966,12237,1.62086e+06,14.0966,11.7194,11.96,12.6541,2.21263,4.16949,0.989383,2.67766,5.84076,0.311842,3.14343,7.55825,0.0972771,3.63127,9.58578,0.0303237,4.15787,12.0912,0.00945211,4.73731,15.2286,0.00294633,5.38238,19.1721,0.000918508,6.10553,24.134,0.000286163,6.91951,30.3791,8.92692e-05,7.83792,38.2397,2.78121e-05,8.87555,48.1338,8.65134e-06,10.0489,60.5876,2.7882e-06,11.3761,76.2629,8.29036e-07,12.8779,95.9927,2.4373e-07,14.5775,120.825,4.33068e-09,16.5012,152.08,1.75749e-07,18.6784,191.415,-1.86328e-07,21.1428,240.917,1.91829e-07,23.9322,303.213,-1.81475e-07,27.0895,381.602,7.0186e-08,30.6634,480.231,-2.86769e-08,34.7087,604.316,2.40784e-07,39.2876,760.401,9.87368e-08,44.4705,956.705,1.22263e-07,50.3371,1203.54,-4.31966e-07,56.9776,1513.81,-1.9705e-07,64.494,1903.69,-2.763e-08,73.0018,2393.4,3.9185e-07,82.6317,3008.13,1.35379e-07,93.5318,3779.25,-4.16351e-08,105.869,4745.7,2.06965e-08,119.834,5955.6,-3.18887e-07,135.641,7468.12,-1.48271e-08,153.531,9355.62,2.00739e-07,173.781,11705.8,2.28358e-07,196.701,14624.1,-1.93587e-08,222.642,18235,-2.88101e-07,252.003,22683.4,-2.24732e-07,285.234,28134,8.56806e-09,322.845,34767,2.34258e-07,365.413,42770.9,2.99668e-07,413.588,52327.9,8.28644e-08,468.111,63591.2,-3.07049e-07,529.814,76653.2,-3.1888e-07,599.642,91502.5,-6.72276e-08,678.662,107975,2.26339e-07,768.083,125705,3.69212e-07,869.267,144088,2.04077e-07,983.76,162277,-2.80509e-07,1113.3,179223,-4.22737e-07,1259.87,193777,-1.71951e-07,1425.68,204839,4.55555e-07,11.7194,11.96,12.6541,2.21263,4.16949,0.989383,2.67766,5.84076,0.311842,3.14343,7.55825,0.0972771,3.63127,9.58578,0.0303237,4.15787,12.0912,0.00945211,4.73731,15.2286,0.00294633,5.38238,19.1721,0.000918508,6.10553,24.134,0.000286163,6.91951,30.3791,8.92692e-05,7.83792,38.2397,2.78121e-05,8.87555,48.1338,8.65134e-06,10.0489,60.5876,2.7882e-06,11.3761,76.2629,8.29036e-07,12.8779,95.9927,2.4373e-07,14.5775,120.825,1e-08,16.5012,152.08,1.75749e-07,18.6784,191.415,1e-08,21.1428,240.917,1.91829e-07,23.9322,303.213,1e-08,27.0895,381.602,7.0186e-08,30.6634,480.231,1e-08,34.7087,604.316,2.40784e-07,39.2876,760.401,9.87368e-08,44.4705,956.705,1.22263e-07,50.3371,1203.54,1e-08,56.9776,1513.81,1e-08,64.494,1903.69,1e-08,73.0018,2393.4,3.9185e-07,82.6317,3008.13,1.35379e-07,93.5318,3779.25,1e-08,105.869,4745.7,2.06965e-08,119.834,5955.6,1e-08,135.641,7468.12,1e-08,153.531,9355.62,2.00739e-07,173.781,11705.8,2.28358e-07,196.701,14624.1,1e-08,222.642,18235,1e-08,252.003,22683.4,1e-08,285.234,28134,1e-08,322.845,34767,2.34258e-07,365.413,42770.9,2.99668e-07,413.588,52327.9,8.28644e-08,468.111,63591.2,1e-08,529.814,76653.2,1e-08,599.642,91502.5,1e-08,678.662,107975,2.26339e-07,768.083,125705,3.69212e-07,869.267,144088,2.04077e-07,983.76,162277,1e-08,1113.3,179223,1e-08,1259.87,193777,1e-08,1425.68,204839,4.55555e-07,6.2823,3.27286,2.43537,0.219672,6.18826,2.24117,0.56371,6.87772,2.63624,0.308279,11,14,19,1,3,2,1,5,0,1,8,0,1,9,0,3,5,0,0,9,0,11,13,0,9,9,0,7,47,0,7,38,0,4,51,0,21,50,0,7,51,0,7,104,0,15,135,0,8,149,0,14,173,0,17,149,0,11,205,0,34,285,0,18,595,0,31,940,0,50,139,0,74,1807,0,63,502,0,57,862,0,37,1498,0,38,1193,0,72,3110,0,72,5746,0,97,7863,0,111,7432,0,206,6296,0,242,4801,0,42,7376,0,115,7842,0,237,18020,0,289,36253,0,270,16329,0,153,27140,0,347,41293,0,192,39799,0,510,118086,0,413,135617,0,397,67988,0,661,58119,0,763,70304,0,656,26256,0,1153,169140,0,574,245297,0,701,123727,0,1526,189019,0
-1.05176e+08,1,8.88811e-15,10,1023,0,1.05176e+08,0.528882,1.08665,0.389689,0.145397,0.379329,3.24381,0.161596,0.446195,1.77396,0.159177,1.15e+07,4.49998e+06,6.79999e+06,1.15e+07,4.49997e+06,6.79999e+06,1.15e+07,4.49996e+06,6.79999e+06,1.15e+07,4.49995e+06,6.79999e+06,1.14999e+07,4.49993e+06,6.79999e+06,1.14999e+07,4.49991e+06,6.79999e+06,1.14999e+07,4.49989e+06,6.79999e+06,1.14999e+07,4.49986e+06,6.79999e+06,1.14999e+07,4.49982e+06,6.79999e+06,1.14999e+07,4.49977e+06,6.79999e+06,1.14999e+07,4.49971e+06,6.79999e+06,1.14999e+07,4.49963e+06,6.79999e+06,1.14998e+07,4.49953e+06,6.79999e+06,1.14998e+07,4.49941e+06,6.79999e+06,1.14998e+07,4.49926e+06,6.79999e+06,1.14998e+07,4.49906e+06,6.79999e+06,1.14997e+07,4.49882e+06,6.79999e+06,1.14997e+07,4.49851e+06,6.79999e+06,1.14997e+07,4.49812e+06,6.79999e+06,1.14996e+07,4.49764e+06,6.79999e+06,1.14996e+07,4.49702e+06,6.79999e+06,1.14995e+07,4.49625e+06,6.79999e+06,1.14995e+07,4.49528e+06,6.79999e+06,1.14994e+07,4.49406e+06,6.79999e+06,1.14993e+07,4.49253e+06,6.79999e+06,1.14992e+07,4.49059e+06,6.79999e+06,1.14991e+07,4.48817e+06,6.79999e+06,1.1499e+07,4.48511e+06,6.79999e+06,1.14988e+07,4.48128e+06,6.79999e+06,1.14987e+07,4.47646e+06,6.79999e+06,1.14985e+07,4.47041e+06,6.79999e+06,1.14983e+07,4.46281e+06,6.79999e+06,1.14981e+07,4.4533e+06,6.79999e+06,1.14979e+07,4.44138e+06,6.79999e+06,1.14976e+07,4.42649e+06,6.79999e+06,1.14972e+07,4.40789e+06,6.79999e+06,1.14969e+07,4.38471e+06,6.79999e+06,1.14965e+07,4.35592e+06,6.79999e+06,1.1496e+07,4.32027e+06,6.79999e+06,1.14955e+07,4.27629e+06,6.79999e+06,1.14949e+07,4.22231e+06,6.79999e+06,1.14942e+07,4.15647e+06,6.79999e+06,1.14934e+07,4.07676e+06,6.79999e+06,1.14926e+07,3.98112e+06,6.79999e+06,1.14916e+07,3.86765e+06,6.79999e+06,1.14905e+07,3.73474e+06,6.79999e+06,1.14892e+07,3.58148e+06,6.79999e+06,1.14878e+07,3.40785e+06,6.79999e+06,1.14862e+07,3.21513e+06,6.79999e+06,1.14844e+07,3.00605e+06,6.79999e+06,1.14823e+07,2.7848e+06,6.79999e+06,1.148e+07,2.5568e+06,6.79999e+06,1.14773e+07,2.32825e+06,6.79999e+06,13.5742,8.52444,0.508366,16.8306,13.2585,0.162638,20.0035,17.569,0.0507846,23.2616,22.4214,0.0158319,26.7328,28.3297,0.00493498,30.5212,35.6974,0.00153831,34.7178,44.9473,0.000479527,39.4086,56.5822,0.000149456,44.6796,71.2245,4.66214e-05,50.6209,89.6543,1.45419e-05,57.3297,112.852,4.54748e-06,64.9129,142.051,1.43857e-06,73.4897,178.803,4.36618e-07,83.1934,225.062,1.40153e-07,94.1745,283.286,4.96378e-08,106.602,356.568,1.05434e-07,120.669,448.799,-6.49244e-08,136.59,564.873,1.70148e-07,154.611,710.948,-5.34594e-08,175.008,894.767,1.63407e-07,198.097,1126.06,8.04804e-08,224.231,1417.07,1.14667e-07,253.813,1783.15,-1.71227e-07,287.297,2243.62,-2.88466e-07,325.198,2822.67,-4.33651e-07,368.098,3550.67,7.9318e-08,416.657,4465.65,3.13319e-07,471.621,5615.16,3.4613e-07,533.835,7058.61,-1.19199e-07,604.255,8870.02,-2.79964e-07,683.962,11141.4,-2.30521e-07,774.182,13986.7,-2.55099e-07,876.299,17546.4,1.23585e-07,991.883,21993.1,1.41192e-07,1122.71,27536.7,-9.71886e-08,1270.78,34430.7,-3.68368e-07,1438.38,42977.7,-3.45379e-07,1628.07,53532.7,-3.25328e-09,1842.77,66504.6,2.6362e-07,2085.77,82350.2,2.53445e-07,2360.79,101560,-2.47407e-08,2672.05,124632,-3.80602e-07,3024.31,152018,-4.79005e-07,3422.98,184060,-1.14379e-07,3874.15,220884,2.64297e-07,4384.72,262283,3.44131e-07,4962.49,307576,7.5349e-08,5616.29,355497,-3.63097e-07,6356.1,404126,-6.05442e-07,7193.18,450932,-2.72333e-07,8140.28,492963,2.29675e-07,9211.79,527178,4.3387e-07,10424,550893,-1.0711e-07,10.102,8.06553,2.81012,10.6436,8.57909,0.869423,11.5336,10.2515,0.270869,12.7211,12.7138,0.0844293,14.1823,15.9373,0.0263173,15.9122,20.0383,0.0082035,17.9198,25.2154,0.00255722,20.2244,31.7373,0.000797017,22.8539,39.9486,0.000248622,25.8438,50.2851,7.75492e-05,29.237,63.2963,2.42508e-05,33.0837,79.6738,7.67162e-06,37.4415,100.288,2.32837e-06,42.3767,126.236,7.33e-07,47.9646,158.896,2.79256e-07,54.2906,200.003,9.87351e-09,61.452,251.741,1.61085e-07,69.5585,316.859,-2.47141e-07,78.7347,398.812,8.93552e-08,89.1218,501.948,-2.53231e-07,100.879,631.736,-1.25047e-07,114.188,795.049,-1.78808e-07,129.252,1000.53,2.6733e-07,146.304,1259.03,4.50292e-07,165.605,1584.19,6.76904e-07,187.452,1993.12,-1.23808e-07,212.181,2507.27,-4.89068e-07,240.173,3153.54,-5.40284e-07,271.856,3965.56,1.86061e-07,307.719,4985.38,4.37004e-07,348.313,6265.4,3.59828e-07,394.26,7870.83,3.98192e-07,446.268,9882.51,-1.92908e-07,505.135,12400.3,-2.20392e-07,571.766,15546.9,1.51705e-07,647.184,19472.2,5.74996e-07,732.547,24357.4,5.39112e-07,829.167,30420,5.07815e-09,938.526,37916.3,-4.11492e-07,1062.3,47143.9,-3.9561e-07,1202.4,58439.2,3.86185e-08,1360.96,72169.3,5.94093e-07,1540.42,88715.8,7.47693e-07,1743.53,108445,1.78537e-07,1973.41,131665,-4.12549e-07,2233.57,158557,-5.37164e-07,2528,189103,-1.17615e-07,2861.2,222986,5.66769e-07,3238.27,259510,9.45053e-07,3664.97,297540,4.25093e-07,4147.81,335497,-3.58506e-07,4694.17,371444,-6.7724e-07,5312.37,403256,1.67192e-07,1.61744,3.89446,9.84394,3.28846,7.5504,12.774,5.07607,11.7187,13.6844,7.03202,16.8147,13.9681,9.20215,23.1769,14.0566,11.6301,31.1672,14.0841,14.3598,41.2186,14.0927,17.4376,53.8688,14.0954,20.9137,69.7915,14.0962,24.8432,89.8341,14.0965,29.2879,115.063,14.0966,34.3168,146.819,14.0966,40.0078,186.792,14.0966,46.4487,237.107,14.0966,53.7388,300.44,14.0966,61.9903,380.158,14.0966,71.3301,480.499,14.0966,81.902,606.796,14.0966,93.8685,765.761,14.0966,107.414,965.837,14.0966,122.746,1217.65,14.0966,140.101,1534.57,14.0966,159.745,1933.41,14.0966,181.981,2435.3,14.0966,207.15,3066.85,14.0966,235.64,3861.46,14.0966,267.889,4861.11,14.0966,304.391,6118.54,14.0966,345.709,7699.91,14.0966,392.478,9688.22,14.0966,445.417,12187.5,14.0966,505.339,15327.7,14.0966,573.165,19271.6,14.0966,649.938,24222,14.0966,736.839,30430.9,14.0966,835.202,38211.5,14.0966,946.539,47950.3,14.0966,1072.56,60122.8,14.0966,1215.21,75309.9,14.0966,1376.66,94216.2,14.0966,1559.41,117688,14.0966,1766.26,146729,14.0966,2000.39,182510,14.0966,2265.39,226372,14.0966,2565.33,279806,14.0966,2904.81,344416,14.0966,3289.05,421845,14.0966,3723.93,513667,14.0966,4216.13,621231,14.0966,4773.18,745478,14.0966,5403.64,886744,14.0966,6117.15,1.04457e+06,14.0966,6924.63,1.2176e+06,14.0966,11.7194,11.96,12.6541,13.9321,16.1295,13.6434,16.6097,21.9702,13.9553,19.7532,29.5285,14.0526,23.3844,39.1143,14.0829,27.5423,51.2054,14.0923,32.2796,66.434,14.0953,37.662,85.6061,14.0962,43.7675,109.74,14.0965,50.687,140.119,14.0966,58.5249,178.359,14.0966,67.4005,226.493,14.0966,77.4493,287.08,14.0966,88.8254,363.343,14.0966,101.703,459.336,14.0966,116.281,580.161,14.0966,132.782,732.241,14.0966,151.46,923.655,14.0966,172.603,1164.57,14.0966,196.535,1467.79,14.0966,223.625,1849.39,14.0966,254.288,2329.62,14.0966,288.997,2933.93,14.0966,328.285,3694.33,14.0966,372.755,4651.04,14.0966,423.092,5854.57,14.0966,480.07,7368.38,14.0966,544.564,9272.08,14.0966,617.566,11665.5,14.0966,700.197,14673.6,14.0966,793.729,18452.9,14.0966,899.599,23198.6,14.0966,1019.43,29154.1,14.0966,1155.07,36622.3,14.0966,1308.6,45977.9,14.0966,1482.39,57683.7,14.0966,1679.09,72307.8,14.0966,1901.73,90542.8,14.0966,2153.73,113226,14.0966,2438.97,141360,14.0966,2761.81,176127,14.0966,3127.22,218898,14.0966,3540.81,271226,14.0966,4008.92,334817,14.0966,4538.74,411470,14.0966,5138.38,502973,14.0966,5817.04,610948,14.0966,6585.12,736653,14.0966,7454.39,880741,14.0966,8438.15,1.04302e+06,14.0966,9551.45,1.22224e+06,14.0966,10811.3,1.41602e+06,14.0966,12237,1.62086e+06,14.0966,11.7194,11.96,12.6541,2.21263,4.16949,0.989383,2.67766,5.84076,0.311842,3.14343,7.55825,0.0972771,3.63127,9.58578,0.0303237,4.15787,12.0912,0.00945211,4.73731,15.2286,0.00294633,5.38238,19.1721,0.000918508,6.10553,24.134,0.000286163,6.91951,30.3791,8.92692e-05,7.83792,38.2397,2.78121e-05,8.87555,48.1338,8.65134e-06,10.0489,60.5876,2.7882e-06,11.3761,76.2629,8.29036e-07,12.8779,95.9927,2.4373e-07,14.5775,120.825,4.33068e-09,16.5012,152.08,1.75749e-07,18.6784,191.415,-1.86328e-07,21.1428,240.917,1.91829e-07,23.9322,303.213,-1.81475e-07,27.0895,381.602,7.0186e-08,30.6634,480.231,-2.86769e-08,34.7087,604.316,2.40784e-07,39.2876,760.401,9.87368e-08,44.4705,956.705,1.22263e-07,50.3371,1203.54,-4.31966e-07,56.9776,1513.81,-1.9705e-07,64.494,1903.69,-2.763e-08,73.0018,2393.4,3.9185e-07,82.6317,3008.13,1.35379e-07,93.5318,3779.25,-4.16351e-08,105.869,4745.7,2.06965e-08,119.834,5955.6,-3.18887e-07,135.641,7468.12,-1.48271e-08,153.531,9355.62,2.00739e-07,173.781,11705.8,2.28358e-07,196.701,14624.1,-1.93587e-08,222.642,18235,-2.88101e-07,252.003,22683.4,-2.24732e-07,285.234,28134,8.56806e-09,322.845,34767,2.34258e-07,365.413,42770.9,2.99668e-07,413.588,52327.9,8.28644e-08,468.111,63591.2,-3.07049e-07,529.814,76653.2,-3.1888e-07,599.642,91502.5,-6.72276e-08,678.662,107975,2.26339e-07,768.083,125705,3.69212e-07,869.267,144088,2.04077e-07,983.76,162277,-2.80509e-07,1113.3,179223,-4.22737e-07,1259.87,193777,-1.71951e-07,1425.68,204839,4.55555e-07,11.7194,11.96,12.6541,2.21263,4.16949,0.989383,2.67766,5.84076,0.311842,3.14343,7.55825,0.0972771,3.63127,9.58578,0.0303237,4.15787,12.0912,0.00945211,4.73731,15.2286,0.00294633,5.38238,19.1721,0.000918508,6.10553,24.134,0.000286163,6.91951,30.3791,8.92692e-05,7.83792,38.2397,2.78121e-05,8.87555,48.1338,8.65134e-06,10.0489,60.5876,2.7882e-06,11.3761,76.2629,8.29036e-07,12.8779,95.9927,2.4373e-07,14.5775,120.825,1e-08,16.5012,152.08,1.75749e-07,18.6784,191.415,1e-08,21.1428,240.917,1.91829e-07,23.9322,303.213,1e-08,27.0895,381.602,7.0186e-08,30.6634,480.231,1e-08,34.7087,604.316,2.40784e-07,39.2876,760.401,9.87368e-08,44.4705,956.705,1.22263e-07,50.3371,1203.54,1e-08,56.9776,1513.81,1e-08,64.494,1903.69,1e-08,73.0018,2393.4,3.9185e-07,82.6317,3008.13,1.35379e-07,93.5318,3779.25,1e-08,105.869,4745.7,2.06965e-08,119.834,5955.6,1e-08,135.641,7468.12,1e-08,153.531,9355.62,2.00739e-07,173.781,11705.8,2.28358e-07,196.701,14624.1,1e-08,222.642,18235,1e-08,252.003,22683.4,1e-08,285.234,28134,1e-08,322.845,34767,2.34258e-07,365.413,42770.9,2.99668e-07,413.588,52327.9,8.28644e-08,468.111,63591.2,1e-08,529.814,76653.2,1e-08,599.642,91502.5,1e-08,678.662,107975,2.26339e-07,768.083,125705,3.69212e-07,869.267,144088,2.04077e-07,983.76,162277,1e-08,1113.3,179223,1e-08,1259.87,193777,1e-08,1425.68,204839,4.55555e-07,6.2823,3.27286,2.43537,0.219672,6.18826,2.24117,0.56371,6.87772,2.63624,0.308279,4,7,17,2,3,1,0,4,0,3,8,0,2,7,0,0,10,0,4,7,0,3,19,0,6,5,0,7,14,0,3,65,0,11,18,0,15,84,0,23,76,0,6,77,0,8,53,0,13,199,0,12,280,0,8,140,0,61,364,0,17,298,0,18,413,0,30,576,0,50,612,0,66,612,0,54,1735,0,27,2835,0,56,1422,0,95,1138,0,161,2324,0,62,1259,0,192,5240,0,101,6962,0,264,5786,0,157,6468,0,342,8666,0,195,12777,0,150,26066,0,221,26748,0,302,15386,0,353,56555,0,304,82697,0,399,38228,0,387,78365,0,347,52305,0,549,115809,0,611,143057,0,793,201535,0,484,163834,0,1071,219577,0,596,124635,0,957,153064,0,1382,195814,0
-1.05176e+08,1,8.88811e-15,10,1023,0,1.05176e+08,0.528882,1.08665,0.389689,0.145397,0.379329,3.24381,0.161596,0.446195,1.77396,0.159177,1.15e+07,4.49998e+06,6.79999e+06,1.15e+07,4.49997e+06,6.79999e+06,1.15e+07,4.49996e+06,6.79999e+06,1.15e+07,4.49995e+06,6.79999e+06,1.14999e+07,4.49993e+06,6.79999e+06,1.14999e+07,4.49991e+06,6.79999e+06,1.14999e+07,4.49989e+06,6.79999e+06,1.14999e+07,4.49986e+06,6.79999e+06,1.14999e+07,4.49982e+06,6.79999e+06,1.14999e+07,4.49977e+06,6.79999e+06,1.14999e+07,4.49971e+06,6.79999e+06,1.14999e+07,4.49963e+06,6.79999e+06,1.14998e+07,4.49953e+06,6.79999e+06,1.14998e+07,4.49941e+06,6.79999e+06,1.14998e+07,4.49926e+06,6.79999e+06,1.14998e+07,4.49906e+06,6.79999e+06,1.14997e+07,4.49882e+06,6.79999e+06,1.14997e+07,4.49851e+06,6.79999e+06,1.14997e+07,4.49812e+06,6.79999e+06,1.14996e+07,4.49764e+06,6.79999e+06,1.14996e+07,4.49702e+06,6.79999e+06,1.14995e+07,4.49625e+06,6.79999e+06,1.14995e+07,4.49528e+06,6.79999e+06,1.14994e+07,4.49406e+06,6.79999e+06,1.14993e+07,4.49253e+06,6.79999e+06,1.14992e+07,4.49059e+06,6.79999e+06,1.14991e+07,4.48817e+06,6.79999e+06,1.1499e+07,4.48511e+06,6.79999e+06,1.14988e+07,4.48128e+06,6.79999e+06,1.14987e+07,4.47646e+06,6.79999e+06,1.14985e+07,4.47041e+06,6.79999e+06,1.14983e+07,4.46281e+06,6.79999e+06,1.14981e+07,4.4533e+06,6.79999e+06,1.14979e+07,4.44138e+06,6.79999e+06,1.14976e+07,4.42649e+06,6.79999e+06,1.14972e+07,4.40789e+06,6.79999e+06,1.14969e+07,4.38471e+06,6.79999e+06,1.14965e+07,4.35592e+06,6.79999e+06,1.1496e+07,4.32027e+06,6.79999e+06,1.14955e+07,4.27629e+06,6.79999e+06,1.14949e+07,4.22231e+06,6.79999e+06,1.14942e+07,4.15647e+06,6.79999e+06,1.14934e+07,4.07676e+06,6.79999e+06,1.14926e+07,3.98112e+06,6.79999e+06,1.14916e+07,3.86765e+06,6.79999e+06,1.14905e+07,3.73474e+06,6.79999e+06,1.14892e+07,3.58148e+06,6.79999e+06,1.14878e+07,3.40785e+06,6.79999e+06,1.14862e+07,3.21513e+06,6.79999e+06,1.14844e+07,3.00605e+06,6.79999e+06,1.14823e+07,2.7848e+06,6.79999e+06,1.148e+07,2.5568e+06,6.79999e+06,1.14773e+07,2.32825e+06,6.79999e+06,13.5742,8.52444,0.508366,16.8306,13.2585,0.162638,20.0035,17.569,0.0507846,23.2616,22.4214,0.0158319,26.7328,28.3297,0.00493498,30.5212,35.6974,0.00153831,34.7178,44.9473,0.000479527,39.4086,56.5822,0.000149456,44.6796,71.2245,4.66214e-05,50.6209,89.6543,1.45419e-05,57.3297,112.852,4.54748e-06,64.9129,142.051,1.43857e-06,73.4897,178.803,4.36618e-07,83.1934,225.062,1.40153e-07,94.1745,283.286,4.96378e-08,106.602,356.568,1.05434e-07,120.669,448.799,-6.49244e-08,136.59,564.873,1.70148e-07,154.611,710.948,-5.34594e-08,175.008,894.767,1.63407e-07,198.097,1126.06,8.04804e-08,224.231,1417.07,1.14667e-07,253.813,1783.15,-1.71227e-07,287.297,2243.62,-2.88466e-07,325.198,2822.67,-4.33651e-07,368.098,3550.67,7.9318e-08,416.657,4465.65,3.13319e-07,471.621,5615.16,3.4613e-07,533.835,7058.61,-1.19199e-07,604.255,8870.02,-2.79964e-07,683.962,11141.4,-2.30521e-07,774.182,13986.7,-2.55099e-07,876.299,17546.4,1.23585e-07,991.883,21993.1,1.41192e-07,1122.71,27536.7,-9.71886e-08,1270.78,34430.7,-3.68368e-07,1438.38,42977.7,-3.45379e-07,1628.07,53532.7,-3.25328e-09,1842.77,66504.6,2.6362e-07,2085.77,82350.2,2.53445e-07,2360.79,101560,-2.47407e-08,2672.05,124632,-3.80602e-07,3024.31,152018,-4.79005e-07,3422.98,184060,-1.14379e-07,3874.15,220884,2.64297e-07,4384.72,262283,3.44131e-07,4962.49,307576,7.5349e-08,5616.29,355497,-3.63097e-07,6356.1,404126,-6.05442e-07,7193.18,450932,-2.72333e-07,8140.28,492963,2.29675e-07,9211.79,527178,4.3387e-07,10424,550893,-1.0711e-07,10.102,8.06553,2.81012,10.6436,8.57909,0.869423,11.5336,10.2515,0.270869,12.7211,12.7138,0.0844293,14.1823,15.9373,0.0263173,15.9122,20.0383,0.0082035,17.9198,25.2154,0.00255722,20.2244,31.7373,0.000797017,22.8539,39.9486,0.000248622,25.8438,50.2851,7.75492e-05,29.237,63.2963,2.42508e-05,33.0837,79.6738,7.67162e-06,37.4415,100.288,2.32837e-06,42.3767,126.236,7.33e-07,47.9646,158.896,2.79256e-07,54.2906,200.003,9.87351e-09,61.452,251.741,1.61085e-07,69.5585,316.859,-2.47141e-07,78.7347,398.812,8.93552e-08,89.1218,501.948,-2.53231e-07,100.879,631.736,-1.25047e-07,114.188,795.049,-1.78808e-07,129.252,1000.53,2.6733e-07,146.304,1259.03,4.50292e-07,165.605,1584.19,6.76904e-07,187.452,1993.12,-1.23808e-07,212.181,2507.27,-4.89068e-07,240.173,3153.54,-5.40284e-07,271.856,3965.56,1.86061e-07,307.719,4985.38,4.37004e-07,348.313,6265.4,3.59828e-07,394.26,7870.83,3.98192e-07,446.268,9882.51,-1.92908e-07,505.135,12400.3,-2.20392e-07,571.766,15546.9,1.51705e-07,647.184,19472.2,5.74996e-07,732.547,24357.4,5.39112e-07,829.167,30420,5.07815e-09,938.526,37916.3,-4.11492e-07,1062.3,47143.9,-3.9561e-07,1202.4,58439.2,3.86185e-08,1360.96,72169.3,5.94093e-07,1540.42,88715.8,7.47693e-07,1743.53,108445,1.78537e-07,1973.41,131665,-4.12549e-07,2233.57,158557,-5.37164e-07,2528,189103,-1.17615e-07,2861.2,222986,5.66769e-07,3238.27,259510,9.45053e-07,3664.97,297540,4.25093e-07,4147.81,335497,-3.58506e-07,4694.17,371444,-6.7724e-07,5312.37,403256,1.67192e-07,1.61744,3.89446,9.84394,3.28846,7.5504,12.774,5.07607,11.7187,13.6844,7.03202,16.8147,13.9681,9.20215,23.1769,14.0566,11.6301,31.1672,14.0841,14.3598,41.2186,14.0927,17.4376,53.8688,14.0954,20.9137,69.7915,14.0962,24.8432,89.8341,14.0965,29.2879,115.063,14.0966,34.3168,146.819,14.0966,40.0078,186.792,14.0966,46.4487,237.107,14.0966,53.7388,300.44,14.0966,61.9903,380.158,14.0966,71.3301,480.499,14.0966,81.902,606.796,14.0966,93.8685,765.761,14.0966,107.414,965.837,14.0966,122.746,1217.65,14.0966,140.101,1534.57,14.0966,159.745,1933.41,14.0966,181.981,2435.3,14.0966,207.15,3066.85,14.0966,235.64,3861.46,14.0966,267.889,4861.11,14.0966,304.391,6118.54,14.0966,345.709,7699.91,14.0966,392.478,9688.22,14.0966,445.417,12187.5,14.0966,505.339,15327.7,14.0966,573.165,19271.6,14.0966,649.938,24222,14.0966,736.839,30430.9,14.0966,835.202,38211.5,14.0966,946.539,47950.3,14.0966,1072.56,60122.8,14.0966,1215.21,75309.9,14.0966,1376.66,94216.2,14.0966,1559.41,117688,14.0966,1766.26,146729,14.0966,2000.39,182510,14.0966,2265.39,226372,14.0966,2565.33,279806,14.0966,2904.81,344416,14.0966,3289.05,421845,14.0966,3723.93,513667,14.0966,4216.13,621231,14.0966,4773.18,745478,14.0966,5403.64,886744,14.0966,6117.15,1.04457e+06,14.0966,6924.63,1.2176e+06,14.0966,11.7194,11.96,12.6541,13.9321,16.1295,13.6434,16.6097,21.9702,13.9553,19.7532,29.5285,14.0526,23.3844,39.1143,14.0829,27.5423,51.2054,14.0923,32.2796,66.434,14.0953,37.662,85.6061,14.0962,43.7675,109.74,14.0965,50.687,140.119,14.0966,58.5249,178.359,14.0966,67.4005,226.493,14.0966,77.4493,287.08,14.0966,88.8254,363.343,14.0966,101.703,459.336,14.0966,116.281,580.161,14.0966,132.782,732.241,14.0966,151.46,923.655,14.0966,172.603,1164.57,14.0966,196.535,1467.79,14.0966,223.625,1849.39,14.0966,254.288,2329.62,14.0966,288.997,2933.93,14.0966,328.285,3694.33,14.0966,372.755,4651.04,14.0966,423.092,5854.57,14.0966,480.07,7368.38,14.0966,544.564,9272.08,14.0966,617.566,11665.5,14.0966,700.197,14673.6,14.0966,793.729,18452.9,14.0966,899.599,23198.6,14.0966,1019.43,29154.1,14.0966,1155.07,36622.3,14.0966,1308.6,45977.9,14.0966,1482.39,57683.7,14.0966,1679.09,72307.8,14.0966,1901.73,90542.8,14.0966,2153.73,113226,14.0966,2438.97,141360,14.0966,2761.81,176127,14.0966,3127.22,218898,14.0966,3540.81,271226,14.0966,4008.92,334817,14.0966,4538.74,411470,14.0966,5138.38,502973,14.0966,5817.04,610948,14.0966,6585.12,736653,14.0966,7454.39,880741,14.0966,8438.15,1.04302e+06,14.0966,9551.45,1.22224e+06,14.0966,10811.3,1.41602e+06,14.0966,12237,1.62086e+06,14.0966,11.7194,11.96,12.6541,2.21263,4.16949,0.989383,2.67766,5.84076,0.311842,3.14343,7.55825,0.0972771,3.63127,9.58578,0.0303237,4.15787,12.0912,0.00945211,4.73731,15.2286,0.00294633,5.38238,19.1721,0.000918508,6.10553,24.134,0.000286163,6.91951,30.3791,8.92692e-05,7.83792,38.2397,2.78121e-05,8.87555,48.1338,8.65134e-06,10.0489,60.5876,2.7882e-06,11.3761,76.2629,8.29036e-07,12.8779,95.9927,2.4373e-07,14.5775,120.825,4.33068e-09,16.5012,152.08,1.75749e-07,18.6784,191.415,-1.86328e-07,21.1428,240.917,1.91829e-07,23.9322,303.213,-1.81475e-07,27.0895,381.602,7.0186e-08,30.6634,480.231,-2.86769e-08,34.7087,604.316,2.40784e-07,39.2876,760.401,9.87368e-08,44.4705,956.705,1.22263e-07,50.3371,1203.54,-4.31966e-07,56.9776,1513.81,-1.9705e-07,64.494,1903.69,-2.763e-08,73.0018,2393.4,3.9185e-07,82.6317,3008.13,1.35379e-07,93.5318,3779.25,-4.16351e-08,105.869,4745.7,2.06965e-08,119.834,5955.6,-3.18887e-07,135.641,7468.12,-1.48271e-08,153.531,9355.62,2.00739e-07,173.781,11705.8,2.28358e-07,196.701,14624.1,-1.93587e-08,222.642,18235,-2.88101e-07,252.003,22683.4,-2.24732e-07,285.234,28134,8.56806e-09,322.845,34767,2.34258e-07,365.413,42770.9,2.99668e-07,413.588,52327.9,8.28644e-08,468.111,63591.2,-3.07049e-07,529.814,76653.2,-3.1888e-07,599.642,91502.5,-6.72276e-08,678.662,107975,2.26339e-07,768.083,125705,3.69212e-07,869.267,144088,2.04077e-07,983.76,162277,-2.80509e-07,1113.3,179223,-4.22737e-07,1259.87,193777,-1.71951e-07,1425.68,204839,4.55555e-07,11.7194,11.96,12.6541,2.21263,4.16949,0.989383,2.67766,5.84076,0.311842,3.14343,7.55825,0.0972771,3.63127,9.58578,0.0303237,4.15787,12.0912,0.00945211,4.73731,15.2286,0.00294633,5.38238,19.1721,0.000918508,6.10553,24.134,0.000286163,6.91951,30.3791,8.92692e-05,7.83792,38.2397,2.78121e-05,8.87555,48.1338,8.65134e-06,10.0489,60.5876,2.7882e-06,11.3761,76.2629,8.29036e-07,12.8779,95.9927,2.4373e-07,14.5775,120.825,1e-08,16.5012,152.08,1.75749e-07,18.6784,191.415,1e-08,21.1428,240.917,1.91829e-07,23.9322,303.213,1e-08,27.0895,381.602,7.0186e-08,30.6634,480.231,1e-08,34.7087,604.316,2.40784e-07,39.2876,760.401,9.87368e-08,44.4705,956.705,1.22263e-07,50.3371,1203.54,1e-08,56.9776,1513.81,1e-08,64.494,1903.69,1e-08,73.0018,2393.4,3.9185e-07,82.6317,3008.13,1.35379e-07,93.5318,3779.25,1e-08,105.869,4745.7,2.06965e-08,119.834,5955.6,1e-08,135.641,7468.12,1e-08,153.531,9355.62,2.00739e-07,173.781,11705.8,2.28358e-07,196.701,14624.1,1e-08,222.642,18235,1e-08,252.003,22683.4,1e-08,285.234,28134,1e-08,322.845,34767,2.34258e-07,365.413,42770.9,2.99668e-07,413.588,52327.9,8.28644e-08,468.111,63591.2,1e-08,529.814,76653.2,1e-08,599.642,91502.5,1e-08,678.662,107975,2.26339e-07,768.083,125705,3.69212e-07,869.267,144088,2.04077e-07,983.76,162277,1e-08,1113.3,179223,1e-08,1259.87,193777,1e-08,1425.68,204839,4.55555e-07,6.2823,3.27286,2.43537,0.219672,6.18826,2.24117,0.56371,6.87772,2.63624,0.308279,11,3,12,1,1,0,0,6,1,4,6,0,1,15,0,4,18,0,3,15,0,7,23,0,5,31,0,11,7,0,10,42,0,8,102,0,11,48,0,12,93,0,12,134,0,8,196,0,7,112,0,29,79,0,18,186,0,8,300,0,20,384,0,64,819,0,36,310,0,7,1966,0,76,1172,0,61,1454,0,52,1291,0,85,2066,0,122,2823,0,105,4341,0,74,2358,0,96,10008,0,129,7983,0,112,5288,0,163,6830,0,174,13905,0,161,19022,0,485,10094,0,180,26905,0,354,12080,0,204,23346,0,258,33818,0,260,64363,0,473,77830,0,313,62384,0,1128,90750,0,815,177460,0,562,107519,0,871,150946,0,800,146314,0,1088,250060,0,401,200716,0,1345,287379,0
-1.05176e+08,1,8.88811e-15,10,1023,0,1.05176e+08,0.528882,1.08665,0.389689,0.145397,0.379329,3.24381,0.161596,0.446195,1.77396,0.159177,1.15e+07,4.49998e+06,6.79999e+06,1.15e+07,4.49997e+06,6.79999e+06,1.15e+07,4.49996e+06,6.79999e+06,1.15e+07,4.49995e+06,6.79999e+06,1.14999e+07,4.49993e+06,6.79999e+06,1.14999e+07,4.49991e+06,6.79999e+06,1.14999e+07,4.49989e+06,6.79999e+06,1.14999e+07,4.49986e+06,6.79999e+06,1.14999e+07,4.49982e+06,6.79999e+06,1.14999e+07,4.49977e+06,6.79999e+06,1.14999e+07,4.49971e+06,6.79999e+06,1.14999e+07,4.49963e+06,6.79999e+06,1.14998e+07,4.49953e+06,6.79999e+06,1.14998e+07,4.49941e+06,6.79999e+06,1.14998e+07,4.49926e+06,6.79999e+06,1.14998e+07,4.49906e+06,6.79999e+06,1.14997e+07,4.49882e+06,6.79999e+06,1.14997e+07,4.49851e+06,6.79999e+06,1.14997e+07,4.49812e+06,6.79999e+06,1.14996e+07,4.49764e+06,6.79999e+06,1.14996e+07,4.49702e+06,6.79999e+06,1.14995e+07,4.49625e+06,6.79999e+06,1.14995e+07,4.49528e+06,6.79999e+06,1.14994e+07,4.49406e+06,6.79999e+06,1.14993e+07,4.49253e+06,6.79999e+06,1.14992e+07,4.49059e+06,6.79999e+06,1.14991e+07,4.48817e+06,6.79999e+06,1.1499e+07,4.48511e+06,6.79999e+06,1.14988e+07,4.48128e+06,6.79999e+06,1.14987e+07,4.47646e+06,6.79999e+06,1.14985e+07,4.47041e+06,6.79999e+06,1.14983e+07,4.46281e+06,6.79999e+06,1.14981e+07,4.4533e+06,6.79999e+06,1.14979e+07,4.44138e+06,6.79999e+06,1.14976e+07,4.42649e+06,6.79999e+06,1.14972e+07,4.40789e+06,6.79999e+06,1.14969e+07,4.38471e+06,6.79999e+06,1.14965e+07,4.35592e+06,6.79999e+06,1.1496e+07,4.32027e+06,6.79999e+06,1.14955e+07,4.27629e+06,6.79999e+06,1.14949e+07,4.22231e+06,6.79999e+06,1.14942e+07,4.15647e+06,6.79999e+06,1.14934e+07,4.07676e+06,6.79999e+06,1.14926e+07,3.98112e+06,6.79999e+06,1.14916e+07,3.86765e+06,6.79999e+06,1.14905e+07,3.73474e+06,6.79999e+06,1.14892e+07,3.58148e+06,6.79999e+06,1.14878e+07,3.40785e+06,6.79999e+06,1.14862e+07,3.21513e+06,6.79999e+06,1.14844e+07,3.00605e+06,6.79999e+06,1.14823e+07,2.7848e+06,6.79999e+06,1.148e+07,2.5568e+06,6.79999e+06,1.14773e+07,2.32825e+06,6.79999e+06,13.5742,8.52444,0.508366,16.8306,13.2585,0.162638,20.0035,17.569,0.0507846,23.2616,22.4214,0.0158319,26.7328,28.3297,0.00493498,30.5212,35.6974,0.00153831,34.7178,44.9473,0.000479527,39.4086,56.5822,0.000149456,44.6796,71.2245,4.66214e-05,50.6209,89.6543,1.45419e-05,57.3297,112.852,4.54748e-06,64.9129,142.051,1.43857e-06,73.4897,178.803,4.36618e-07,83.1934,225.062,1.40153e-07,94.1745,283.286,4.96378e-08,106.602,356.568,1.05434e-07,120.669,448.799,-6.49244e-08,136.59,564.873,1.70148e-07,154.611,710.948,-5.34594e-08,175.008,894.767,1.63407e-07,198.097,1126.06,8.04804e-08,224.231,1417.07,1.14667e-07,253.813,1783.15,-1.71227e-07,287.297,2243.62,-2.88466e-07,325.198,2822.67,-4.33651e-07,368.098,3550.67,7.9318e-08,416.657,4465.65,3.13319e-07,471.621,5615.16,3.4613e-07,533.835,7058.61,-1.19199e-07,604.255,8870.02,-2.79964e-07,683.962,11141.4,-2.30521e-07,774.182,13986.7,-2.55099e-07,876.299,17546.4,1.23585e-07,991.883,21993.1,1.41192e-07,1122.71,27536.7,-9.71886e-08,1270.78,34430.7,-3.68368e-07,1438.38,42977.7,-3.45379e-07,1628.07,53532.7,-3.25328e-09,1842.77,66504.6,2.6362e-07,2085.77,82350.2,2.53445e-07,2360.79,101560,-2.47407e-08,2672.05,124632,-3.80602e-07,3024.31,152018,-4.79005e-07,3422.98,184060,-1.14379e-07,3874.15,220884,2.64297e-07,4384.72,262283,3.44131e-07,4962.49,307576,7.5349e-08,5616.29,355497,-3.63097e-07,6356.1,404126,-6.05442e-07,7193.18,450932,-2.72333e-07,8140.28,492963,2.29675e-07,9211.79,527178,4.3387e-07,10424,550893,-1.0711e-07,10.102,8.06553,2.81012,10.6436,8.57909,0.869423,11.5336,10.2515,0.270869,12.7211,12.7138,0.0844293,14.1823,15.9373,0.0263173,15.9122,20.0383,0.0082035,17.9198,25.2154,0.00255722,20.2244,31.7373,0.000797017,22.8539,39.9486,0.000248622,25.8438,50.2851,7.75492e-05,29.237,63.2963,2.42508e-05,33.0837,79.6738,7.67162e-06,37.4415,100.288,2.32837e-06,42.3767,126.236,7.33e-07,47.9646,158.896,2.79256e-07,54.2906,200.003,9.87351e-09,61.452,251.741,1.61085e-07,69.5585,316.859,-2.47141e-07,78.7347,398.812,8.93552e-08,89.1218,501.948,-2.53231e-07,100.879,631.736,-1.25047e-07,114.188,795.049,-1.78808e-07,129.252,1000.53,2.6733e-07,146.304,1259.03,4.50292e-07,165.605,1584.19,6.76904e-07,187.452,1993.12,-1.23808e-07,212.181,2507.27,-4.89068e-07,240.173,3153.54,-5.40284e-07,271.856,3965.56,1.86061e-07,307.719,4985.38,4.37004e-07,348.313,6265.4,3.59828e-07,394.26,7870.83,3.98192e-07,446.268,9882.51,-1.92908e-07,505.135,12400.3,-2.20392e-07,571.766,15546.9,1.51705e-07,647.184,19472.2,5.74996e-07,732.547,24357.4,5.39112e-07,829.167,30420,5.07815e-09,938.526,37916.3,-4.11492e-07,1062.3,47143.9,-3.9561e-07,1202.4,58439.2,3.86185e-08,1360.96,72169.3,5.94093e-07,1540.42,88715.8,7.47693e-07,1743.53,108445,1.78537e-07,1973.41,131665,-4.12549e-07,2233.57,158557,-5.37164e-07,2528,189103,-1.17615e-07,2861.2,222986,5.66769e-07,3238.27,259510,9.45053e-07,3664.97,297540,4.25093e-07,4147.81,335497,-3.58506e-07,4694.17,371444,-6.7724e-07,5312.37,403256,1.67192e-07,1.61744,3.89446,9.84394,3.28846,7.5504,12.774,5.07607,11.7187,13.6844,7.03202,16.8147,13.9681,9.20215,23.1769,14.0566,11.6301,31.1672,14.0841,14.3598,41.2186,14.0927,17.4376,53.8688,14.0954,20.9137,69.7915,14.0962,24.8432,89.8341,14.0965,29.2879,115.063,14.0966,34.3168,146.819,14.0966,40.0078,186.792,14.0966,46.4487,237.107,14.0966,53.7388,300.44,14.0966,61.9903,380.158,14.0966,71.3301,480.499,14.0966,81.902,606.796,14.0966,93.8685,765.761,14.0966,107.414,965.837,14.0966,122.746,1217.65,14.0966,140.101,1534.57,14.0966,159.745,1933.41,14.0966,181.981,2435.3,14.0966,207.15,3066.85,14.0966,235.64,3861.46,14.0966,267.889,4861.11,14.0966,304.391,6118.54,14.0966,345.709,7699.91,14.0966,392.478,9688.22,14.0966,445.417,12187.5,14.0966,505.339,15327.7,14.0966,573.165,19271.6,14.0966,649.938,24222,14.0966,736.839,30430.9,14.0966,835.202,38211.5,14.0966,946.539,47950.3,14.0966,1072.56,60122.8,14.0966,1215.21,75309.9,14.0966,1376.66,94216.2,14.0966,1559.41,117688,14.0966,1766.26,146729,14.0966,2000.39,182510,14.0966,2265.39,226372,14.0966,2565.33,279806,14.0966,2904.81,344416,14.0966,3289.05,421845,14.0966,3723.93,513667,14.0966,4216.13,621231,14.0966,4773.18,745478,14.0966,5403.64,886744,14.0966,6117.15,1.04457e+06,14.0966,6924.63,1.2176e+06,14.0966,11.7194,11.96,12.6541,13.9321,16.1295,13.6434,16.6097,21.9702,13.9553,19.7532,29.5285,14.0526,23.3844,39.1143,14.0829,27.5423,51.2054,14.0923,32.2796,66.434,14.0953,37.662,85.6061,14.0962,43.7675,109.74,14.0965,50.687,140.119,14.0966,58.5249,178.359,14.0966,67.4005,226.493,14.0966,77.4493,287.08,14.0966,88.8254,363.343,14.0966,101.703,459.336,14.0966,116.281,580.161,14.0966,132.782,732.241,14.0966,151.46,923.655,14.0966,172.603,1164.57,14.0966,196.535,1467.79,14.0966,223.625,1849.39,14.0966,254.288,2329.62,14.0966,288.997,2933.93,14.0966,328.285,3694.33,14.0966,372.755,4651.04,14.0966,423.092,5854.57,14.0966,480.07,7368.38,14.0966,544.564,9272.08,14.0966,617.566,11665.5,14.0966,700.197,14673.6,14.0966,793.729,18452.9,14.0966,899.599,23198.6,14.0966,1019.43,29154.1,14.0966,1155.07,36622.3,14.0966,1308.6,45977.9,14.0966,1482.39,57683.7,14.0966,1679.09,72307.8,14.0966,1901.73,90542.8,14.0966,2153.73,113226,14.0966,2438.97,141360,14.0966,2761.81,176127,14.0966,3127.22,218898,14.0966,3540.81,271226,14.0966,4008.92,334817,14.0966,4538.74,411470,14.0966,5138.38,502973,14.0966,5817.04,610948,14.0966,6585.12,736653,14.0966,7454.39,880741,14.0966,8438.15,1.04302e+06,14.0966,9551.45,1.22224e+06,14.0966,10811.3,1.41602e+06,14.0966,12237,1.62086e+06,14.0966,11.7194,11.96,12.6541,2.21263,4.16949,0.989383,2.67766,5.84076,0.311842,3.14343,7.55825,0.0972771,3.63127,9.58578,0.0303237,4.15787,12.0912,0.00945211,4.73731,15.2286,0.00294633,5.38238,19.1721,0.000918508,6.10553,24.134,0.000286163,6.91951,30.3791,8.92692e-05,7.83792,38.2397,2.78121e-05,8.87555,48.1338,8.65134e-06,10.0489,60.5876,2.7882e-06,11.3761,76.2629,8.29036e-07,12.8779,95.9927,2.4373e-07,14.5775,120.825,4.33068e-09,16.5012,152.08,1.75749e-07,18.6784,191.415,-1.86328e-07,21.1428,240.917,1.91829e-07,23.9322,303.213,-1.81475e-07,27.0895,381.602,7.0186e-08,30.6634,480.231,-2.86769e-08,34.7087,604.316,2.40784e-07,39.2876,760.401,9.87368e-08,44.4705,956.705,1.22263e-07,50.3371,1203.54,-4.31966e-07,56.9776,1513.81,-1.9705e-07,64.494,1903.69,-2.763e-08,73.0018,2393.4,3.9185e-07,82.6317,3008.13,1.35379e-07,93.5318,3779.25,-4.16351e-08,105.869,4745.7,2.06965e-08,119.834,5955.6,-3.18887e-07,135.641,7468.12,-1.48271e-08,153.531,9355.62,2.00739e-07,173.781,11705.8,2.28358e-07,196.701,14624.1,-1.93587e-08,222.642,18235,-2.88101e-07,252.003,22683.4,-2.24732e-07,285.234,28134,8.56806e-09,322.845,34767,2.34258e-07,365.413,42770.9,2.99668e-07,413.588,52327.9,8.28644e-08,468.111,63591.2,-3.07049e-07,529.814,76653.2,-3.1888e-07,599.642,91502.5,-6.72276e-08,678.662,107975,2.26339e-07,768.083,125705,3.69212e-07,869.267,144088,2.04077e-07,983.76,162277,-2.80509e-07,1113.3,179223,-4.22737e-07,1259.87,193777,-1.71951e-07,1425.68,204839,4.55555e-07,11.7194,11.96,12.6541,2.21263,4.16949,0.989383,2.67766,5.84076,0.311842,3.14343,7.55825,0.0972771,3.63127,9.58578,0.0303237,4.15787,12.0912,0.00945211,4.73731,15.2286,0.00294633,5.38238,19.1721,0.000918508,6.10553,24.134,0.000286163,6.91951,30.3791,8.92692e-05,7.83792,38.2397,2.78121e-05,8.87555,48.1338,8.65134e-06,10.0489,60.5876,2.7882e-06,11.3761,76.2629,8.29036e-07,12.8779,95.9927,2.4373e-07,14.5775,120.825,1e-08,16.5012,152.08,1.75749e-07,18.6784,191.415,1e-08,21.1428,240.917,1.91829e-07,23.9322,303.213,1e-08,27.0895,381.602,7.0186e-08,30.6634,480.231,1e-08,34.7087,604.316,2.40784e-07,39.2876,760.401,9.87368e-08,44.4705,956.705,1.22263e-07,50.3371,1203.54,1e-08,56.9776,1513.81,1e-08,64.494,1903.69,1e-08,73.0018,2393.4,3.9185e-07,82.6317,3008.13,1.35379e-07,93.5318,3779.25,1e-08,105.869,4745.7,2.06965e-08,119.834,5955.6,1e-08,135.641,7468.12,1e-08,153.531,9355.62,2.00739e-07,173.781,11705.8,2.28358e-07,196.701,14624.1,1e-08,222.642,18235,1e-08,252.003,22683.4,1e-08,285.234,28134,1e-08,322.845,34767,2.34258e-07,365.413,42770.9,2.99668e-07,413.588,52327.9,8.28644e-08,468.111,63591.2,1e-08,529.814,76653.2,1e-08,599.642,91502.5,1e-08,678.662,107975,2.26339e-07,768.083,125705,3.69212e-07,869.267,144088,2.04077e-07,983.76,162277,1e-08,1113.3,179223,1e-08,1259.87,193777,1e-08,1425.68,204839,4.55555e-07,6.2823,3.27286,2.43537,0.219672,6.18826,2.24117,0.56371,6.87772,2.63624,0.308279,9,9,6,2,2,0,0,9,0,2,18,0,0,7,0,2,4,0,1,13,0,11,32,0,7,17,0,10,44,0,6,51,0,9,28,0,15,28,0,2,131,0,14,107,0,11,89,0,27,121,0,37,165,0,20,401,0,30,284,0,18,320,0,14,245,0,38,680,0,29,362,0,49,747,0,33,1608,0,22,925,0,56,687,0,67,2427,0,61,4410,0,70,6494,0,87,4563,0,59,7478,0,176,5577,0,179,7971,0,134,19828,0,227,21127,0,212,18867,0,174,28920,0,282,17619,0,536,17851,0,452,39717,0,406,76589,0,546,88259,0,763,33881,0,369,78134,0,1670,161164,0,560,115047,0,794,78340,0,1550,107191,0,1112,195437,0,2282,317776,0,571,160216,0
-1.05176e+08,1,8.88811e-15,10,1023,0,1.05176e+08,0.528882,1.08665,0.389689,0.145397,0.379329,3.24381,0.161596,0.446195,1.77396,0.159177,1.15e+07,4.49998e+06,6.79999e+06,1.15e+07,4.49997e+06,6.79999e+06,1.15e+07,4.49996e+06,6.79999e+06,1.15e+07,4.49995e+06,6.79999e+06,1.14999e+07,4.49993e+06,6.79999e+06,1.14999e+07,4.49991e+06,6.79999e+06,1.14999e+07,4.49989e+06,6.79999e+06,1.14999e+07,4.49986e+06,6.79999e+06,1.14999e+07,4.49982e+06,6.79999e+06,1.14999e+07,4.49977e+06,6.79999e+06,1.14999e+07,4.49971e+06,6.79999e+06,1.14999e+07,4.49963e+06,6.79999e+06,1.14998e+07,4.49953e+06,6.79999e+06,1.14998e+07,4.49941e+06,6.79999e+06,1.14998e+07,4.49926e+06,6.79999e+06,1.14998e+07,4.49906e+06,6.79999e+06,1.14997e+07,4.49882e+06,6.79999e+06,1.14997e+07,4.49851e+06,6.79999e+06,1.14997e+07,4.49812e+06,6.79999e+06,1.14996e+07,4.49764e+06,6.79999e+06,1.14996e+07,4.49702e+06,6.79999e+06,1.14995e+07,4.49625e+06,6.79999e+06,1.14995e+07,4.49528e+06,6.79999e+06,1.14994e+07,4.49406e+06,6.79999e+06,1.14993e+07,4.49253e+06,6.79999e+06,1.14992e+07,4.49059e+06,6.79999e+06,1.14991e+07,4.48817e+06,6.79999e+06,1.1499e+07,4.48511e+06,6.79999e+06,1.14988e+07,4.48128e+06,6.79999e+06,1.14987e+07,4.47646e+06,6.79999e+06,1.14985e+07,4.47041e+06,6.79999e+06,1.14983e+07,4.46281e+06,6.79999e+06,1.14981e+07,4.4533e+06,6.79999e+06,1.14979e+07,4.44138e+06,6.79999e+06,1.14976e+07,4.42649e+06,6.79999e+06,1.14972e+07,4.40789e+06,6.79999e+06,1.14969e+07,4.38471e+06,6.79999e+06,1.14965e+07,4.35592e+06,6.79999e+06,1.1496e+07,4.32027e+06,6.79999e+06,1.14955e+07,4.27629e+06,6.79999e+06,1.14949e+07,4.22231e+06,6.79999e+06,1.14942e+07,4.15647e+06,6.79999e+06,1.14934e+07,4.07676e+06,6.79999e+06,1.14926e+07,3.98112e+06,6.79999e+06,1.14916e+07,3.86765e+06,6.79999e+06,1.14905e+07,3.73474e+06,6.79999e+06,1.14892e+07,3.58148e+06,6.79999e+06,1.14878e+07,3.40785e+06,6.79999e+06,1.14862e+07,3.21513e+06,6.79999e+06,1.14844e+07,3.00605e+06,6.79999e+06,1.14823e+07,2.7848e+06,6.79999e+06,1.148e+07,2.5568e+06,6.79999e+06,1.14773e+07,2.32825e+06,6.79999e+06,13.5742,8.52444,0.508366,16.8306,13.2585,0.162638,20.0035,17.569,0.0507846,23.2616,22.4214,0.0158319,26.7328,28.3297,0.00493498,30.5212,35.6974,0.00153831,34.7178,44.9473,0.000479527,39.4086,56.5822,0.000149456,44.6796,71.2245,4.66214e-05,50.6209,89.6543,1.45419e-05,57.3297,112.852,4.54748e-06,64.9129,142.051,1.43857e-06,73.4897,178.803,4.36618e-07,83.1934,225.062,1.40153e-07,94.1745,283.286,4.96378e-08,106.602,356.568,1.05434e-07,120.669,448.799,-6.49244e-08,136.59,564.873,1.70148e-07,154.611,710.948,-5.34594e-08,175.008,894.767,1.63407e-07,198.097,1126.06,8.04804e-08,224.231,1417.07,1.14667e-07,253.813,1783.15,-1.71227e-07,287.297,2243.62,-2.88466e-07,325.198,2822.67,-4.33651e-07,368.098,3550.67,7.9318e-08,416.657,4465.65,3.13319e-07,471.621,5615.16,3.4613e-07,533.835,7058.61,-1.19199e-07,604.255,8870.02,-2.79964e-07,683.962,11141.4,-2.30521e-07,774.182,13986.7,-2.55099e-07,876.299,17546.4,1.23585e-07,991.883,21993.1,1.41192e-07,1122.71,27536.7,-9.71886e-08,1270.78,34430.7,-3.68368e-07,1438.38,42977.7,-3.45379e-07,1628.07,53532.7,-3.25328e-09,1842.77,66504.6,2.6362e-07,2085.77,82350.2,2.53445e-07,2360.79,101560,-2.47407e-08,2672.05,124632,-3.80602e-07,3024.31,152018,-4.79005e-07,3422.98,184060,-1.14379e-07,3874.15,220884,2.64297e-07,4384.72,262283,3.44131e-07,4962.49,307576,7.5349e-08,5616.29,355497,-3.63097e-07,6356.1,404126,-6.05442e-07,7193.18,450932,-2.72333e-07,8140.28,492963,2.29675e-07,9211.79,527178,4.3387e-07,10424,550893,-1.0711e-07,10.102,8.06553,2.81012,10.6436,8.57909,0.869423,11.5336,10.2515,0.270869,12.7211,12.7138,0.0844293,14.1823,15.9373,0.0263173,15.9122,20.0383,0.0082035,17.9198,25.2154,0.00255722,20.2244,31.7373,0.000797017,22.8539,39.9486,0.000248622,25.8438,50.2851,7.75492e-05,29.237,63.2963,2.42508e-05,33.0837,79.6738,7.67162e-06,37.4415,100.288,2.32837e-06,42.3767,126.236,7.33e-07,47.9646,158.896,2.79256e-07,54.2906,200.003,9.87351e-09,61.452,251.741,1.61085e-07,69.5585,316.859,-2.47141e-07,78.7347,398.812,8.93552e-08,89.1218,501.948,-2.53231e-07,100.879,631.736,-1.25047e-07,114.188,795.049,-1.78808e-07,129.252,1000.53,2.6733e-07,146.304,1259.03,4.50292e-07,165.605,1584.19,6.76904e-07,187.452,1993.12,-1.23808e-07,212.181,2507.27,-4.89068e-07,240.173,3153.54,-5.40284e-07,271.856,3965.56,1.86061e-07,307.719,4985.38,4.37004e-07,348.313,6265.4,3.59828e-07,394.26,7870.83,3.98192e-07,446.268,9882.51,-1.92908e-07,505.135,12400.3,-2.20392e-07,571.766,15546.9,1.51705e-07,647.184,19472.2,5.74996e-07,732.547,24357.4,5.39112e-07,829.167,30420,5.07815e-09,938.526,37916.3,-4.11492e-07,1062.3,47143.9,-3.9561e-07,1202.4,58439.2,3.86185e-08,1360.96,72169.3,5.94093e-07,1540.42,88715.8,7.47693e-07,1743.53,108445,1.78537e-07,1973.41,131665,-4.12549e-07,2233.57,158557,-5.37164e-07,2528,189103,-1.17615e-07,2861.2,222986,5.66769e-07,3238.27,259510,9.45053e-07,3664.97,297540,4.25093e-07,4147.81,335497,-3.58506e-07,4694.17,371444,-6.7724e-07,5312.37,403256,1.67192e-07,1.61744,3.89446,9.84394,3.28846,7.5504,12.774,5.07607,11.7187,13.6844,7.03202,16.8147,13.9681,9.20215,23.1769,14.0566,11.6301,31.1672,14.0841,14.3598,41.2186,14.0927,17.4376,53.8688,14.0954,20.9137,69.7915,14.0962,24.8432,89.8341,14.0965,29.2879,115.063,14.0966,34.3168,146.819,14.0966,40.0078,186.792,14.0966,46.4487,237.107,14.0966,53.7388,300.44,14.0966,61.9903,380.158,14.0966,71.3301,480.499,14.0966,81.902,606.796,14.0966,93.8685,765.761,14.0966,107.414,965.837,14.0966,122.746,1217.65,14.0966,140.101,1534.57,14.0966,159.745,1933.41,14.0966,181.981,2435.3,14.0966,207.15,3066.85,14.0966,235.64,3861.46,14.0966,267.889,4861.11,14.0966,304.391,6118.54,14.0966,345.709,7699.91,14.0966,392.478,9688.22,14.0966,445.417,12187.5,14.0966,505.339,15327.7,14.0966,573.165,19271.6,14.0966,649.938,24222,14.0966,736.839,30430.9,14.0966,835.202,38211.5,14.0966,946.539,47950.3,14.0966,1072.56,60122.8,14.0966,1215.21,75309.9,14.0966,1376.66,94216.2,14.0966,1559.41,117688,14.0966,1766.26,146729,14.0966,2000.39,182510,14.0966,2265.39,226372,14.0966,2565.33,279806,14.0966,2904.81,344416,14.0966,3289.05,421845,14.0966,3723.93,513667,14.0966,4216.13,621231,14.0966,4773.18,745478,14.0966,5403.64,886744,14.0966,6117.15,1.04457e+06,14.0966,6924.63,1.2176e+06,14.0966,11.7194,11.96,12.6541,13.9321,16.1295,13.6434,16.6097,21.9702,13.9553,19.7532,29.5285,14.0526,23.3844,39.1143,14.0829,27.5423,51.2054,14.0923,32.2796,66.434,14.0953,37.662,85.6061,14.0962,43.7675,109.74,14.0965,50.687,140.119,14.0966,58.5249,178.359,14.0966,67.4005,226.493,14.0966,77.4493,287.08,14.0966,88.8254,363.343,14.0966,101.703,459.336,14.0966,116.281,580.161,14.0966,132.782,732.241,14.0966,151.46,923.655,14.0966,172.603,1164.57,14.0966,196.535,1467.79,14.0966,223.625,1849.39,14.0966,254.288,2329.62,14.0966,288.997,2933.93,14.0966,328.285,3694.33,14.0966,372.755,4651.04,14.0966,423.092,5854.57,14.0966,480.07,7368.38,14.0966,544.564,9272.08,14.0966,617.566,11665.5,14.0966,700.197,14673.6,14.0966,793.729,18452.9,14.0966,899.599,23198.6,14.0966,1019.43,29154.1,14.0966,1155.07,36622.3,14.0966,1308.6,45977.9,14.0966,1482.39,57683.7,14.0966,1679.09,72307.8,14.0966,1901.73,90542.8,14.0966,2153.73,113226,14.0966,2438.97,141360,14.0966,2761.81,176127,14.0966,3127.22,218898,14.0966,3540.81,271226,14.0966,4008.92,334817,14.0966,4538.74,411470,14.0966,5138.38,502973,14.0966,5817.04,610948,14.0966,6585.12,736653,14.0966,7454.39,880741,14.0966,8438.15,1.04302e+06,14.0966,9551.45,1.22224e+06,14.0966,10811.3,1.41602e+06,14.0966,12237,1.62086e+06,14.0966,11.7194,11.96,12.6541,2.21263,4.16949,0.989383,2.67766,5.84076,0.311842,3.14343,7.55825,0.0972771,3.63127,9.58578,0.0303237,4.15787,12.0912,0.00945211,4.73731,15.2286,0.00294633,5.38238,19.1721,0.000918508,6.10553,24.134,0.000286163,6.91951,30.3791,8.92692e-05,7.83792,38.2397,2.78121e-05,8.87555,48.1338,8.65134e-06,10.0489,60.5876,2.7882e-06,11.3761,76.2629,8.29036e-07,12.8779,95.9927,2.4373e-07,14.5775,120.825,4.33068e-09,16.5012,152.08,1.75749e-07,18.6784,191.415,-1.86328e-07,21.1428,240.917,1.91829e-07,23.9322,303.213,-1.81475e-07,27.0895,381.602,7.0186e-08,30.6634,480.231,-2.86769e-08,34.7087,604.316,2.40784e-07,39.2876,760.401,9.87368e-08,44.4705,956.705,1.22263e-07,50.3371,1203.54,-4.31966e-07,56.9776,1513.81,-1.9705e-07,64.494,1903.69,-2.763e-08,73.0018,2393.4,3.9185e-07,82.6317,3008.13,1.35379e-07,93.5318,3779.25,-4.16351e-08,105.869,4745.7,2.06965e-08,119.834,5955.6,-3.18887e-07,135.641,7468.12,-1.48271e-08,153.531,9355.62,2.00739e-07,173.781,11705.8,2.28358e-07,196.701,14624.1,-1.93587e-08,222.642,18235,-2.88101e-07,252.003,22683.4,-2.24732e-07,285.234,28134,8.56806e-09,322.845,34767,2.34258e-07,365.413,42770.9,2.99668e-07,413.588,52327.9,8.28644e-08,468.111,63591.2,-3.07049e-07,529.814,76653.2,-3.1888e-07,599.642,91502.5,-6.72276e-08,678.662,107975,2.26339e-07,768.083,125705,3.69212e-07,869.267,144088,2.04077e-07,983.76,162277,-2.80509e-07,1113.3,179223,-4.22737e-07,1259.87,193777,-1.71951e-07,1425.68,204839,4.55555e-07,11.7194,11.96,12.6541,2.21263,4.16949,0.989383,2.67766,5.84076,0.311842,3.14343,7.55825,0.0972771,3.63127,9.58578,0.0303237,4.15787,12.0912,0.00945211,4.73731,15.2286,0.00294633,5.38238,19.1721,0.000918508,6.10553,24.134,0.000286163,6.91951,30.3791,8.92692e-05,7.83792,38.2397,2.78121e-05,8.87555,48.1338,8.65134e-06,10.0489,60.5876,2.7882e-06,11.3761,76.2629,8.29036e-07,12.8779,95.9927,2.4373e-07,14.5775,120.825,1e-08,16.5012,152.08,1.75749e-07,18.6784,191.415,1e-08,21.1428,240.917,1.91829e-07,23.9322,303.213,1e-08,27.0895,381.602,7.0186e-08,30.6634,480.231,1e-08,34.7087,604.316,2.40784e-07,39.2876,760.401,9.87368e-08,44.4705,956.705,1.22263e-07,50.3371,1203.54,1e-08,56.9776,1513.81,1e-08,64.494,1903.69,1e-08,73.0018,2393.4,3.9185e-07,82.6317,3008.13,1.35379e-07,93.5318,3779.25,1e-08,105.869,4745.7,2.06965e-08,119.834,5955.6,1e-08,135.641,7468.12,1e-08,153.531,9355.62,2.00739e-07,173.781,11705.8,2.28358e-07,196.701,14624.1,1e-08,222.642,18235,1e-08,252.003,22683.4,1e-08,285.234,28134,1e-08,322.845,34767,2.34258e-07,365.413,42770.9,2.99668e-07,413.588,52327.9,8.28644e-08,468.111,63591.2,1e-08,529.814,76653.2,1e-08,599.642,91502.5,1e-08,678.662,107975,2.26339e-07,768.083,125705,3.69212e-07,869.267,144088,2.04077e-07,983.76,162277,1e-08,1113.3,179223,1e-08,1259.87,193777,1e-08,1425.68,204839,4.55555e-07,6.2823,3.27286,2.43537,0.219672,6.18826,2.24117,0.56371,6.87772,2.63624,0.308279,7,9,17,0,6,1,3,10,0,2,8,0,6,21,0,5,21,0,4,14,0,1,3,0,8,17,0,9,21,0,12,80,0,8,55,0,21,36,0,18,73,0,14,142,0,22,90,0,33,97,0,12,114,0,51,303,0,49,245,0,43,308,0,37,463,0,26,328,0,46,1393,0,69,573,0,67,1052,0,91,1392,0,44,2228,0,62,2422,0,39,3008,0,85,3536,0,98,6031,0,51,4919,0,116,6051,0,77,10727,0,160,17520,0,183,21345,0,159,36841,0,330,7248,0,619,18330,0,431,27597,0,288,32515,0,257,38730,0,395,74845,0,420,51117,0,551,122628,0,699,171733,0,954,160265,0,676,106421,0,1458,169728,0,677,105833,0,1280,137734,0,1084,190411,0
-1.05176e+08,1,8.88811e-15,10,1023,0,1.05176e+08,0.528882,1.08665,0.389689,0.145397,0.379329,3.24381,0.161596,0.446195,1.77396,0.159177,1.15e+07,4.49998e+06,6.79999e+06,1.15e+07,4.49997e+06,6.79999e+06,1.15e+07,4.49996e+06,6.79999e+06,1.15e+07,4.49995e+06,6.79999e+06,1.14999e+07,4.49993e+06,6.79999e+06,1.14999e+07,4.49991e+06,6.79999e+06,1.14999e+07,4.49989e+06,6.79999e+06,1.14999e+07,4.49986e+06,6.79999e+06,1.14999e+07,4.49982e+06,6.79999e+06,1.14999e+07,4.49977e+06,6.79999e+06,1.14999e+07,4.49971e+06,6.79999e+06,1.14999e+07,4.49963e+06,6.79999e+06,1.14998e+07,4.49953e+06,6.79999e+06,1.14998e+07,4.49941e+06,6.79999e+06,1.14998e+07,4.49926e+06,6.79999e+06,1.14998e+07,4.49906e+06,6.79999e+06,1.14997e+07,4.49882e+06,6.79999e+06,1.14997e+07,4.49851e+06,6.79999e+06,1.14997e+07,4.49812e+06,6.79999e+06,1.14996e+07,4.49764e+06,6.79999e+06,1.14996e+07,4.49702e+06,6.79999e+06,1.14995e+07,4.49625e+06,6.79999e+06,1.14995e+07,4.49528e+06,6.79999e+06,1.14994e+07,4.49406e+06,6.79999e+06,1.14993e+07,4.49253e+06,6.79999e+06,1.14992e+07,4.49059e+06,6.79999e+06,1.14991e+07,4.48817e+06,6.79999e+06,1.1499e+07,4.48511e+06,6.79999e+06,1.14988e+07,4.48128e+06,6.79999e+06,1.14987e+07,4.47646e+06,6.79999e+06,1.14985e+07,4.47041e+06,6.79999e+06,1.14983e+07,4.46281e+06,6.79999e+06,1.14981e+07,4.4533e+06,6.79999e+06,1.14979e+07,4.44138e+06,6.79999e+06,1.14976e+07,4.42649e+06,6.79999e+06,1.14972e+07,4.40789e+06,6.79999e+06,1.14969e+07,4.38471e+06,6.79999e+06,1.14965e+07,4.35592e+06,6.79999e+06,1.1496e+07,4.32027e+06,6.79999e+06,1.14955e+07,4.27629e+06,6.79999e+06,1.14949e+07,4.22231e+06,6.79999e+06,1.14942e+07,4.15647e+06,6.79999e+06,1.14934e+07,4.07676e+06,6.79999e+06,1.14926e+07,3.98112e+06,6.79999e+06,1.14916e+07,3.86765e+06,6.79999e+06,1.14905e+07,3.73474e+06,6.79999e+06,1.14892e+07,3.58148e+06,6.79999e+06,1.14878e+07,3.40785e+06,6.79999e+06,1.14862e+07,3.21513e+06,6.79999e+06,1.14844e+07,3.00605e+06,6.79999e+06,1.14823e+07,2.7848e+06,6.79999e+06,1.148e+07,2.5568e+06,6.79999e+06,1.14773e+07,2.32825e+06,6.79999e+06,13.5742,8.52444,0.508366,16.8306,13.2585,0.162638,20.0035,17.569,0.0507846,23.2616,22.4214,0.0158319,26.7328,28.3297,0.00493498,30.5212,35.6974,0.00153831,34.7178,44.9473,0.000479527,39.4086,56.5822,0.000149456,44.6796,71.2245,4.66214e-05,50.6209,89.6543,1.45419e-05,57.3297,112.852,4.54748e-06,64.9129,142.051,1.43857e-06,73.4897,178.803,4.36618e-07,83.1934,225.062,1.40153e-07,94.1745,283.286,4.96378e-08,106.602,356.568,1.05434e-07,120.669,448.799,-6.49244e-08,136.59,564.873,1.70148e-07,154.611,710.948,-5.34594e-08,175.008,894.767,1.63407e-07,198.097,1126.06,8.04804e-08,224.231,1417.07,1.14667e-07,253.813,1783.15,-1.71227e-07,287.297,2243.62,-2.88466e-07,325.198,2822.67,-4.33651e-07,368.098,3550.67,7.9318e-08,416.657,4465.65,3.13319e-07,471.621,5615.16,3.4613e-07,533.835,7058.61,-1.19199e-07,604.255,8870.02,-2.79964e-07,683.962,11141.4,-2.30521e-07,774.182,13986.7,-2.55099e-07,876.299,17546.4,1.23585e-07,991.883,21993.1,1.41192e-07,1122.71,27536.7,-9.71886e-08,1270.78,34430.7,-3.68368e-07,1438.38,42977.7,-3.45379e-07,1628.07,53532.7,-3.25328e-09,1842.77,66504.6,2.6362e-07,2085.77,82350.2,2.53445e-07,2360.79,101560,-2.47407e-08,2672.05,124632,-3.80602e-07,3024.31,152018,-4.79005e-07,3422.98,184060,-1.14379e-07,3874.15,220884,2.64297e-07,4384.72,262283,3.44131e-07,4962.49,307576,7.5349e-08,5616.29,355497,-3.63097e-07,6356.1,404126,-6.05442e-07,7193.18,450932,-2.72333e-07,8140.28,492963,2.29675e-07,9211.79,527178,4.3387e-07,10424,550893,-1.0711e-07,10.102,8.06553,2.81012,10.6436,8.57909,0.869423,11.5336,10.2515,0.270869,12.7211,12.7138,0.0844293,14.1823,15.9373,0.0263173,15.9122,20.0383,0.0082035,17.9198,25.2154,0.00255722,20.2244,31.7373,0.000797017,22.8539,39.9486,0.000248622,25.8438,50.2851,7.75492e-05,29.237,63.2963,2.42508e-05,33.0837,79.6738,7.67162e-06,37.4415,100.288,2.32837e-06,42.3767,126.236,7.33e-07,47.9646,158.896,2.79256e-07,54.2906,200.003,9.87351e-09,61.452,251.741,1.61085e-07,69.5585,316.859,-2.47141e-07,78.7347,398.812,8.93552e-08,89.1218,501.948,-2.53231e-07,100.879,631.736,-1.25047e-07,114.188,795.049,-1.78808e-07,129.252,1000.53,2.6733e-07,146.304,1259.03,4.50292e-07,165.605,1584.19,6.76904e-07,187.452,1993.12,-1.23808e-07,212.181,2507.27,-4.89068e-07,240.173,3153.54,-5.40284e-07,271.856,3965.56,1.86061e-07,307.719,4985.38,4.37004e-07,348.313,6265.4,3.59828e-07,394.26,7870.83,3.98192e-07,446.268,9882.51,-1.92908e-07,505.135,12400.3,-2.20392e-07,571.766,15546.9,1.51705e-07,647.184,19472.2,5.74996e-07,732.547,24357.4,5.39112e-07,829.167,30420,5.07815e-09,938.526,37916.3,-4.11492e-07,1062.3,47143.9,-3.9561e-07,1202.4,58439.2,3.86185e-08,1360.96,72169.3,5.94093e-07,1540.42,88715.8,7.47693e-07,1743.53,108445,1.78537e-07,1973.41,131665,-4.12549e-07,2233.57,158557,-5.37164e-07,2528,189103,-1.17615e-07,2861.2,222986,5.66769e-07,3238.27,259510,9.45053e-07,3664.97,297540,4.25093e-07,4147.81,335497,-3.58506e-07,4694.17,371444,-6.7724e-07,5312.37,403256,1.67192e-07,1.61744,3.89446,9.84394,3.28846,7.5504,12.774,5.07607,11.7187,13.6844,7.03202,16.8147,13.9681,9.20215,23.1769,14.0566,11.6301,31.1672,14.0841,14.3598,41.2186,14.0927,17.4376,53.8688,14.0954,20.9137,69.7915,14.0962,24.8432,89.8341,14.0965,29.2879,115.063,14.0966,34.3168,146.819,14.0966,40.0078,186.792,14.0966,46.4487,237.107,14.0966,53.7388,300.44,14.0966,61.9903,380.158,14.0966,71.3301,480.499,14.0966,81.902,606.796,14.0966,93.8685,765.761,14.0966,107.414,965.837,14.0966,122.746,1217.65,14.0966,140.101,1534.57,14.0966,159.745,1933.41,14.0966,181.981,2435.3,14.0966,207.15,3066.85,14.0966,235.64,3861.46,14.0966,267.889,4861.11,14.0966,304.391,6118.54,14.0966,345.709,7699.91,14.0966,392.478,9688.22,14.0966,445.417,12187.5,14.0966,505.339,15327.7,14.0966,573.165,19271.6,14.0966,649.938,24222,14.0966,736.839,30430.9,14.0966,835.202,38211.5,14.0966,946.539,47950.3,14.0966,1072.56,60122.8,14.0966,1215.21,75309.9,14.0966,1376.66,94216.2,14.0966,1559.41,117688,14.0966,1766.26,146729,14.0966,2000.39,182510,14.0966,2265.39,226372,14.0966,2565.33,279806,14.0966,2904.81,344416,14.0966,3289.05,421845,14.0966,3723.93,513667,14.0966,4216.13,621231,14.0966,4773.18,745478,14.0966,5403.64,886744,14.0966,6117.15,1.04457e+06,14.0966,6924.63,1.2176e+06,14.0966,11.7194,11.96,12.6541,13.9321,16.1295,13.6434,16.6097,21.9702,13.9553,19.7532,29.5285,14.0526,23.3844,39.1143,14.0829,27.5423,51.2054,14.0923,32.2796,66.434,14.0953,37.662,85.6061,14.0962,43.7675,109.74,14.0965,50.687,140.119,14.0966,58.5249,178.359,14.0966,67.4005,226.493,14.0966,77.4493,287.08,14.0966,88.8254,363.343,14.0966,101.703,459.336,14.0966,116.281,580.161,14.0966,132.782,732.241,14.0966,151.46,923.655,14.0966,172.603,1164.57,14.0966,196.535,1467.79,14.0966,223.625,1849.39,14.0966,254.288,2329.62,14.0966,288.997,2933.93,14.0966,328.285,3694.33,14.0966,372.755,4651.04,14.0966,423.092,5854.57,14.0966,480.07,7368.38,14.0966,544.564,9272.08,14.0966,617.566,11665.5,14.0966,700.197,14673.6,14.0966,793.729,18452.9,14.0966,899.599,23198.6,14.0966,1019.43,29154.1,14.0966,1155.07,36622.3,14.0966,1308.6,45977.9,14.0966,1482.39,57683.7,14.0966,1679.09,72307.8,14.0966,1901.73,90542.8,14.0966,2153.73,113226,14.0966,2438.97,141360,14.0966,2761.81,176127,14.0966,3127.22,218898,14.0966,3540.81,271226,14.0966,4008.92,334817,14.0966,4538.74,411470,14.0966,5138.38,502973,14.0966,5817.04,610948,14.0966,6585.12,736653,14.0966,7454.39,880741,14.0966,8438.15,1.04302e+06,14.0966,9551.45,1.22224e+06,14.0966,10811.3,1.41602e+06,14.0966,12237,1.62086e+06,14.0966,11.7194,11.96,12.6541,2.21263,4.16949,0.989383,2.67766,5.84076,0.311842,3.14343,7.55825,0.0972771,3.63127,9.58578,0.0303237,4.15787,12.0912,0.00945211,4.73731,15.2286,0.00294633,5.38238,19.1721,0.000918508,6.10553,24.134,0.000286163,6.91951,30.3791,8.92692e-05,7.83792,38.2397,2.78121e-05,8.87555,48.1338,8.65134e-06,10.0489,60.5876,2.7882e-06,11.3761,76.2629,8.29036e-07,12.8779,95.9927,2.4373e-07,14.5775,120.825,4.33068e-09,16.5012,152.08,1.75749e-07,18.6784,191.415,-1.86328e-07,21.1428,240.917,1.91829e-07,23.9322,303.213,-1.81475e-07,27.0895,381.602,7.0186e-08,30.6634,480.231,-2.86769e-08,34.7087,604.316,2.40784e-07,39.2876,760.401,9.87368e-08,44.4705,956.705,1.22263e-07,50.3371,1203.54,-4.31966e-07,56.9776,1513.81,-1.9705e-07,64.494,1903.69,-2.763e-08,73.0018,2393.4,3.9185e-07,82.6317,3008.13,1.35379e-07,93.5318,3779.25,-4.16351e-08,105.869,4745.7,2.06965e-08,119.834,5955.6,-3.18887e-07,135.641,7468.12,-1.48271e-08,153.531,9355.62,2.00739e-07,173.781,11705.8,2.28358e-07,196.701,14624.1,-1.93587e-08,222.642,18235,-2.88101e-07,252.003,22683.4,-2.24732e-07,285.234,28134,8.56806e-09,322.845,34767,2.34258e-07,365.413,42770.9,2.99668e-07,413.588,52327.9,8.28644e-08,468.111,63591.2,-3.07049e-07,529.814,76653.2,-3.1888e-07,599.642,91502.5,-6.72276e-08,678.662,107975,2.26339e-07,768.083,125705,3.69212e-07,869.267,144088,2.04077e-07,983.76,162277,-2.80509e-07,1113.3,179223,-4.22737e-07,1259.87,193777,-1.71951e-07,1425.68,204839,4.55555e-07,11.7194,11.96,12.6541,2.21263,4.16949,0.989383,2.67766,5.84076,0.311842,3.14343,7.55825,0.0972771,3.63127,9.58578,0.0303237,4.15787,12.0912,0.00945211,4.73731,15.2286,0.00294633,5.38238,19.1721,0.000918508,6.10553,24.134,0.000286163,6.91951,30.3791,8.92692e-05,7.83792,38.2397,2.78121e-05,8.87555,48.1338,8.65134e-06,10.0489,60.5876,2.7882e-06,11.3761,76.2629,8.29036e-07,12.8779,95.9927,2.4373e-07,14.5775,120.825,1e-08,16.5012,152.08,1.75749e-07,18.6784,191.415,1e-08,21.1428,240.917,1.91829e-07,23.9322,303.213,1e-08,27.0895,381.602,7.0186e-08,30.6634,480.231,1e-08,34.7087,604.316,2.40784e-07,39.2876,760.401,9.87368e-08,44.4705,956.705,1.22263e-07,50.3371,1203.54,1e-08,56.9776,1513.81,1e-08,64.494,1903.69,1e-08,73.0018,2393.4,3.9185e-07,82.6317,3008.13,1.35379e-07,93.5318,3779.25,1e-08,105.869,4745.7,2.06965e-08,119.834,5955.6,1e-08,135.641,7468.12,1e-08,153.531,9355.62,2.00739e-07,173.781,11705.8,2.28358e-07,196.701,14624.1,1e-08,222.642,18235,1e-08,252.003,22683.4,1e-08,285.234,28134,1e-08,322.845,34767,2.34258e-07,365.413,42770.9,2.99668e-07,413.588,52327.9,8.28644e-08,468.111,63591.2,1e-08,529.814,76653.2,1e-08,599.642,91502.5,1e-08,678.662,107975,2.26339e-07,768.083,125705,3.69212e-07,869.267,144088,2.04077e-07,983.76,162277,1e-08,1113.3,179223,1e-08,1259.87,193777,1e-08,1425.68,204839,4.55555e-07,6.2823,3.27286,2.43537,0.219672,6.18826,2.24117,0.56371,6.87772,2.63624,0.308279,9,10,12,2,4,4,2,11,0,3,10,0,2,8,0,1,20,0,3,19,0,4,24,0,8,28,0,9,34,0,4,51,0,5,40,0,20,36,0,13,136,0,14,84,0,11,208,0,10,108,0,27,128,0,7,445,0,27,218,0,41,491,0,23,584,0,42,584,0,33,340,0,86,652,0,36,940,0,83,1116,0,111,935,0,122,3286,0,89,2085,0,55,7526,0,138,3673,0,128,5282,0,65,4768,0,166,7892,0,251,8385,0,196,6183,0,118,22099,0,261,28829,0,234,48874,0,303,25374,0,245,48103,0,411,26961,0,326,77301,0,1126,76658,0,608,74085,0,920,84209,0,734,65176,0,1032,192185,0,1158,175102,0,1119,252911,0,1858,239759,0,1603,252473,0
-1.05176e+08,1,8.88811e-15,10,1023,0,1.05176e+08,0.528882,1.08665,0.389689,0.145397,0.379329,3.24381,0.161596,0.446195,1.77396,0.159177,1.15e+07,4.49998e+06,6.79999e+06,1.15e+07,4.49997e+06,6.79999e+06,1.15e+07,4.49996e+06,6.79999e+06,1.15e+07,4.49995e+06,6.79999e+06,1.14999e+07,4.49993e+06,6.79999e+06,1.14999e+07,4.49991e+06,6.79999e+06,1.14999e+07,4.49989e+06,6.79999e+06,1.14999e+07,4.49986e+06,6.79999e+06,1.14999e+07,4.49982e+06,6.79999e+06,1.14999e+07,4.49977e+06,6.79999e+06,1.14999e+07,4.49971e+06,6.79999e+06,1.14999e+07,4.49963e+06,6.79999e+06,1.14998e+07,4.49953e+06,6.79999e+06,1.14998e+07,4.49941e+06,6.79999e+06,1.14998e+07,4.49926e+06,6.79999e+06,1.14998e+07,4.49906e+06,6.79999e+06,1.14997e+07,4.49882e+06,6.79999e+06,1.14997e+07,4.49851e+06,6.79999e+06,1.14997e+07,4.49812e+06,6.79999e+06,1.14996e+07,4.49764e+06,6.79999e+06,1.14996e+07,4.49702e+06,6.79999e+06,1.14995e+07,4.49625e+06,6.79999e+06,1.14995e+07,4.49528e+06,6.79999e+06,1.14994e+07,4.49406e+06,6.79999e+06,1.14993e+07,4.49253e+06,6.79999e+06,1.14992e+07,4.49059e+06,6.79999e+06,1.14991e+07,4.48817e+06,6.79999e+06,1.1499e+07,4.48511e+06,6.79999e+06,1.14988e+07,4.48128e+06,6.79999e+06,1.14987e+07,4.47646e+06,6.79999e+06,1.14985e+07,4.47041e+06,6.79999e+06,1.14983e+07,4.46281e+06,6.79999e+06,1.14981e+07,4.4533e+06,6.79999e+06,1.14979e+07,4.44138e+06,6.79999e+06,1.14976e+07,4.42649e+06,6.79999e+06,1.14972e+07,4.40789e+06,6.79999e+06,1.14969e+07,4.38471e+06,6.79999e+06,1.14965e+07,4.35592e+06,6.79999e+06,1.1496e+07,4.32027e+06,6.79999e+06,1.14955e+07,4.27629e+06,6.79999e+06,1.14949e+07,4.22231e+06,6.79999e+06,1.14942e+07,4.15647e+06,6.79999e+06,1.14934e+07,4.07676e+06,6.79999e+06,1.14926e+07,3.98112e+06,6.79999e+06,1.14916e+07,3.86765e+06,6.79999e+06,1.14905e+07,3.73474e+06,6.79999e+06,1.14892e+07,3.58148e+06,6.79999e+06,1.14878e+07,3.40785e+06,6.79999e+06,1.14862e+07,3.21513e+06,6.79999e+06,1.14844e+07,3.00605e+06,6.79999e+06,1.14823e+07,2.7848e+06,6.79999e+06,1.148e+07,2.5568e+06,6.79999e+06,1.14773e+07,2.32825e+06,6.79999e+06,13.5742,8.52444,0.508366,16.8306,13.2585,0.162638,20.0035,17.569,0.0507846,23.2616,22.4214,0.0158319,26.7328,28.3297,0.00493498,30.5212,35.6974,0.00153831,34.7178,44.9473,0.000479527,39.4086,56.5822,0.000149456,44.6796,71.2245,4.66214e-05,50.6209,89.6543,1.45419e-05,57.3297,112.852,4.54748e-06,64.9129,142.051,1.43857e-06,73.4897,178.803,4.36618e-07,83.1934,225.062,1.40153e-07,94.1745,283.286,4.96378e-08,106.602,356.568,1.05434e-07,120.669,448.799,-6.49244e-08,136.59,564.873,1.70148e-07,154.611,710.948,-5.34594e-08,175.008,894.767,1.63407e-07,198.097,1126.06,8.04804e-08,224.231,1417.07,1.14667e-07,253.813,1783.15,-1.71227e-07,287.297,2243.62,-2.88466e-07,325.198,2822.67,-4.33651e-07,368.098,3550.67,7.9318e-08,416.657,4465.65,3.13319e-07,471.621,5615.16,3.4613e-07,533.835,7058.61,-1.19199e-07,604.255,8870.02,-2.79964e-07,683.962,11141.4,-2.30521e-07,774.182,13986.7,-2.55099e-07,876.299,17546.4,1.23585e-07,991.883,21993.1,1.41192e-07,1122.71,27536.7,-9.71886e-08,1270.78,34430.7,-3.68368e-07,1438.38,42977.7,-3.45379e-07,1628.07,53532.7,-3.25328e-09,1842.77,66504.6,2.6362e-07,2085.77,82350.2,2.53445e-07,2360.79,101560,-2.47407e-08,2672.05,124632,-3.80602e-07,3024.31,152018,-4.79005e-07,3422.98,184060,-1.14379e-07,3874.15,220884,2.64297e-07,4384.72,262283,3.44131e-07,4962.49,307576,7.5349e-08,5616.29,355497,-3.63097e-07,6356.1,404126,-6.05442e-07,7193.18,450932,-2.72333e-07,8140.28,492963,2.29675e-07,9211.79,527178,4.3387e-07,10424,550893,-1.0711e-07,10.102,8.06553,2.81012,10.6436,8.57909,0.869423,11.5336,10.2515,0.270869,12.7211,12.7138,0.0844293,14.1823,15.9373,0.0263173,15.9122,20.0383,0.0082035,17.9198,25.2154,0.00255722,20.2244,31.7373,0.000797017,22.8539,39.9486,0.000248622,25.8438,50.2851,7.75492e-05,29.237,63.2963,2.42508e-05,33.0837,79.6738,7.67162e-06,37.4415,100.288,2.32837e-06,42.3767,126.236,7.33e-07,47.9646,158.896,2.79256e-07,54.2906,200.003,9.87351e-09,61.452,251.741,1.61085e-07,69.5585,316.859,-2.47141e-07,78.7347,398.812,8.93552e-08,89.1218,501.948,-2.53231e-07,100.879,631.736,-1.25047e-07,114.188,795.049,-1.78808e-07,129.252,1000.53,2.6733e-07,146.304,1259.03,4.50292e-07,165.605,1584.19,6.76904e-07,187.452,1993.12,-1.23808e-07,212.181,2507.27,-4.89068e-07,240.173,3153.54,-5.40284e-07,271.856,3965.56,1.86061e-07,307.719,4985.38,4.37004e-07,348.313,6265.4,3.59828e-07,394.26,7870.83,3.98192e-07,446.268,9882.51,-1.92908e-07,505.135,12400.3,-2.20392e-07,571.766,15546.9,1.51705e-07,647.184,19472.2,5.74996e-07,732.547,24357.4,5.39112e-07,829.167,30420,5.07815e-09,938.526,37916.3,-4.11492e-07,1062.3,47143.9,-3.9561e-07,1202.4,58439.2,3.86185e-08,1360.96,72169.3,5.94093e-07,1540.42,88715.8,7.47693e-07,1743.53,108445,1.78537e-07,1973.41,131665,-4.12549e-07,2233.57,158557,-5.37164e-07,2528,189103,-1.17615e-07,2861.2,222986,5.66769e-07,3238.27,259510,9.45053e-07,3664.97,297540,4.25093e-07,4147.81,335497,-3.58506e-07,4694.17,371444,-6.7724e-07,5312.37,403256,1.67192e-07,1.61744,3.89446,9.84394,3.28846,7.5504,12.774,5.07607,11.7187,13.6844,7.03202,16.8147,13.9681,9.20215,23.1769,14.0566,11.6301,31.1672,14.0841,14.3598,41.2186,14.0927,17.4376,53.8688,14.0954,20.9137,69.7915,14.0962,24.8432,89.8341,14.0965,29.2879,115.063,14.0966,34.3168,146.819,14.0966,40.0078,186.792,14.0966,46.4487,237.107,14.0966,53.7388,300.44,14.0966,61.9903,380.158,14.0966,71.3301,480.499,14.0966,81.902,606.796,14.0966,93.8685,765.761,14.0966,107.414,965.837,14.0966,122.746,1217.65,14.0966,140.101,1534.57,14.0966,159.745,1933.41,14.0966,181.981,2435.3,14.0966,207.15,3066.85,14.0966,235.64,3861.46,14.0966,267.889,4861.11,14.0966,304.391,6118.54,14.0966,345.709,7699.91,14.0966,392.478,9688.22,14.0966,445.417,12187.5,14.0966,505.339,15327.7,14.0966,573.165,19271.6,14.0966,649.938,24222,14.0966,736.839,30430.9,14.0966,835.202,38211.5,14.0966,946.539,47950.3,14.0966,1072.56,60122.8,14.0966,1215.21,75309.9,14.0966,1376.66,94216.2,14.0966,1559.41,117688,14.0966,1766.26,146729,14.0966,2000.39,182510,14.0966,2265.39,226372,14.0966,2565.33,279806,14.0966,2904.81,344416,14.0966,3289.05,421845,14.0966,3723.93,513667,14.0966,4216.13,621231,14.0966,4773.18,745478,14.0966,5403.64,886744,14.0966,6117.15,1.04457e+06,14.0966,6924.63,1.2176e+06,14.0966,11.7194,11.96,12.6541,13.9321,16.1295,13.6434,16.6097,21.9702,13.9553,19.7532,29.5285,14.0526,23.3844,39.1143,14.0829,27.5423,51.2054,14.0923,32.2796,66.434,14.0953,37.662,85.6061,14.0962,43.7675,109.74,14.0965,50.687,140.119,14.0966,58.5249,178.359,14.0966,67.4005,226.493,14.0966,77.4493,287.08,14.0966,88.8254,363.343,14.0966,101.703,459.336,14.0966,116.281,580.161,14.0966,132.782,732.241,14.0966,151.46,923.655,14.0966,172.603,1164.57,14.0966,196.535,1467.79,14.0966,223.625,1849.39,14.0966,254.288,2329.62,14.0966,288.997,2933.93,14.0966,328.285,3694.33,14.0966,372.755,4651.04,14.0966,423.092,5854.57,14.0966,480.07,7368.38,14.0966,544.564,9272.08,14.0966,617.566,11665.5,14.0966,700.197,14673.6,14.0966,793.729,18452.9,14.0966,899.599,23198.6,14.0966,1019.43,29154.1,14.0966,1155.07,36622.3,14.0966,1308.6,45977.9,14.0966,1482.39,57683.7,14.0966,1679.09,72307.8,14.0966,1901.73,90542.8,14.0966,2153.73,113226,14.0966,2438.97,141360,14.0966,2761.81,176127,14.0966,3127.22,218898,14.0966,3540.81,271226,14.0966,4008.92,334817,14.0966,4538.74,411470,14.0966,5138.38,502973,14.0966,5817.04,610948,14.0966,6585.12,736653,14.0966,7454.39,880741,14.0966,8438.15,1.04302e+06,14.0966,9551.45,1.22224e+06,14.0966,10811.3,1.41602e+06,14.0966,12237,1.62086e+06,14.0966,11.7194,11.96,12.6541,2.21263,4.16949,0.989383,2.67766,5.84076,0.311842,3.14343,7.55825,0.0972771,3.63127,9.58578,0.0303237,4.15787,12.0912,0.00945211,4.73731,15.2286,0.00294633,5.38238,19.1721,0.000918508,6.10553,24.134,0.000286163,6.91951,30.3791,8.92692e-05,7.83792,38.2397,2.78121e-05,8.87555,48.1338,8.65134e-06,10.0489,60.5876,2.7882e-06,11.3761,76.2629,8.29036e-07,12.8779,95.9927,2.4373e-07,14.5775,120.825,4.33068e-09,16.5012,152.08,1.75749e-07,18.6784,191.415,-1.86328e-07,21.1428,240.917,1.91829e-07,23.9322,303.213,-1.81475e-07,27.0895,381.602,7.0186e-08,30.6634,480.231,-2.86769e-08,34.7087,604.316,2.40784e-07,39.2876,760.401,9.87368e-08,44.4705,956.705,1.22263e-07,50.3371,1203.54,-4.31966e-07,56.9776,1513.81,-1.9705e-07,64.494,1903.69,-2.763e-08,73.0018,2393.4,3.9185e-07,82.6317,3008.13,1.35379e-07,93.5318,3779.25,-4.16351e-08,105.869,4745.7,2.06965e-08,119.834,5955.6,-3.18887e-07,135.641,7468.12,-1.48271e-08,153.531,9355.62,2.00739e-07,173.781,11705.8,2.28358e-07,196.701,14624.1,-1.93587e-08,222.642,18235,-2.88101e-07,252.003,22683.4,-2.24732e-07,285.234,28134,8.56806e-09,322.845,34767,2.34258e-07,365.413,42770.9,2.99668e-07,413.588,52327.9,8.28644e-08,468.111,63591.2,-3.07049e-07,529.814,76653.2,-3.1888e-07,599.642,91502.5,-6.72276e-08,678.662,107975,2.26339e-07,768.083,125705,3.69212e-07,869.267,144088,2.04077e-07,983.76,162277,-2.80509e-07,1113.3,179223,-4.22737e-07,1259.87,193777,-1.71951e-07,1425.68,204839,4.55555e-07,11.7194,11.96,12.6541,2.21263,4.16949,0.989383,2.67766,5.84076,0.311842,3.14343,7.55825,0.0972771,3.63127,9.58578,0.0303237,4.15787,12.0912,0.00945211,4.73731,15.2286,0.00294633,5.38238,19.1721,0.000918508,6.10553,24.134,0.000286163,6.91951,30.3791,8.92692e-05,7.83792,38.2397,2.78121e-05,8.87555,48.1338,8.65134e-06,10.0489,60.5876,2.7882e-06,11.3761,76.2629,8.29036e-07,12.8779,95.9927,2.4373e-07,14.5775,120.825,1e-08,16.5012,152.08,1.75749e-07,18.6784,191.415,1e-08,21.1428,240.917,1.91829e-07,23.9322,303.213,1e-08,27.0895,381.602,7.0186e-08,30.6634,480.231,1e-08,34.7087,604.316,2.40784e-07,39.2876,760.401,9.87368e-08,44.4705,956.705,1.22263e-07,50.3371,1203.54,1e-08,56.9776,1513.81,1e-08,64.494,1903.69,1e-08,73.0018,2393.4,3.9185e-07,82.6317,3008.13,1.35379e-07,93.5318,3779.25,1e-08,105.869,4745.7,2.06965e-08,119.834,5955.6,1e-08,135.641,7468.12,1e-08,153.531,9355.62,2.00739e-07,173.781,11705.8,2.28358e-07,196.701,14624.1,1e-08,222.642,18235,1e-08,252.003,22683.4,1e-08,285.234,28134,1e-08,322.845,34767,2.34258e-07,365.413,42770.9,2.99668e-07,413.588,52327.9,8.28644e-08,468.111,63591.2,1e-08,529.814,76653.2,1e-08,599.642,91502.5,1e-08,678.662,107975,2.26339e-07,768.083,125705,3.69212e-07,869.267,144088,2.04077e-07,983.76,162277,1e-08,1113.3,179223,1e-08,1259.87,193777,1e-08,1425.68,204839,4.55555e-07,6.2823,3.27286,2.43537,0.219672,6.18826,2.24117,0.56371,6.87772,2.63624,0.308279,5,10,13,0,3,0,1,4,0,5,4,0,5,3,0,8,8,0,6,24,0,3,9,0,9,43,0,4,29,0,6,74,0,21,30,0,8,18,0,8,29,0,28,60,0,10,158,0,35,172,0,31,131,0,24,148,0,12,388,0,12,355,0,11,359,0,39,188,0,24,636,0,53,851,0,61,859,0,40,1670,0,72,1379,0,91,985,0,98,3495,0,51,3441,0,160,2777,0,50,10330,0,151,14507,0,295,8918,0,186,7938,0,98,20753,0,177,24380,0,314,30737,0,250,26121,0,492,34508,0,456,39889,0,733,54486,0,629,42529,0,267,81353,0,792,61864,0,924,42745,0,705,165262,0,580,251909,0,983,97393,0,983,104038,0,1877,176687,0,1958,292339,0
-1.05176e+08,1,8.88811e-15,10,1023,0,1.05176e+08,0.528882,1.08665,0.389689,0.145397,0.379329,3.24381,0.161596,0.446195,1.77396,0.159177,1.15e+07,4.49998e+06,6.79999e+06,1.15e+07,4.49997e+06,6.79999e+06,1.15e+07,4.49996e+06,6.79999e+06,1.15e+07,4.49995e+06,6.79999e+06,1.14999e+07,4.49993e+06,6.79999e+06,1.14999e+07,4.49991e+06,6.79999e+06,1.14999e+07,4.49989e+06,6.79999e+06,1.14999e+07,4.49986e+06,6.79999e+06,1.14999e+07,4.49982e+06,6.79999e+06,1.14999e+07,4.49977e+06,6.79999e+06,1.14999e+07,4.49971e+06,6.79999e+06,1.14999e+07,4.49963e+06,6.79999e+06,1.14998e+07,4.49953e+06,6.79999e+06,1.14998e+07,4.49941e+06,6.79999e+06,1.14998e+07,4.49926e+06,6.79999e+06,1.14998e+07,4.49906e+06,6.79999e+06,1.14997e+07,4.49882e+06,6.79999e+06,1.14997e+07,4.49851e+06,6.79999e+06,1.14997e+07,4.49812e+06,6.79999e+06,1.14996e+07,4.49764e+06,6.79999e+06,1.14996e+07,4.49702e+06,6.79999e+06,1.14995e+07,4.49625e+06,6.79999e+06,1.14995e+07,4.49528e+06,6.79999e+06,1.14994e+07,4.49406e+06,6.79999e+06,1.14993e+07,4.49253e+06,6.79999e+06,1.14992e+07,4.49059e+06,6.79999e+06,1.14991e+07,4.48817e+06,6.79999e+06,1.1499e+07,4.48511e+06,6.79999e+06,1.14988e+07,4.48128e+06,6.79999e+06,1.14987e+07,4.47646e+06,6.79999e+06,1.14985e+07,4.47041e+06,6.79999e+06,1.14983e+07,4.46281e+06,6.79999e+06,1.14981e+07,4.4533e+06,6.79999e+06,1.14979e+07,4.44138e+06,6.79999e+06,1.14976e+07,4.42649e+06,6.79999e+06,1.14972e+07,4.40789e+06,6.79999e+06,1.14969e+07,4.38471e+06,6.79999e+06,1.14965e+07,4.35592e+06,6.79999e+06,1.1496e+07,4.32027e+06,6.79999e+06,1.14955e+07,4.27629e+06,6.79999e+06,1.14949e+07,4.22231e+06,6.79999e+06,1.14942e+07,4.15647e+06,6.79999e+06,1.14934e+07,4.07676e+06,6.79999e+06,1.14926e+07,3.98112e+06,6.79999e+06,1.14916e+07,3.86765e+06,6.79999e+06,1.14905e+07,3.73474e+06,6.79999e+06,1.14892e+07,3.58148e+06,6.79999e+06,1.14878e+07,3.40785e+06,6.79999e+06,1.14862e+07,3.21513e+06,6.79999e+06,1.14844e+07,3.00605e+06,6.79999e+06,1.14823e+07,2.7848e+06,6.79999e+06,1.148e+07,2.5568e+06,6.79999e+06,1.14773e+07,2.32825e+06,6.79999e+06,13.5742,8.52444,0.508366,16.8306,13.2585,0.162638,20.0035,17.569,0.0507846,23.2616,22.4214,0.0158319,26.7328,28.3297,0.00493498,30.5212,35.6974,0.00153831,34.7178,44.9473,0.000479527,39.4086,56.5822,0.000149456,44.6796,71.2245,4.66214e-05,50.6209,89.6543,1.45419e-05,57.3297,112.852,4.54748e-06,64.9129,142.051,1.43857e-06,73.4897,178.803,4.36618e-07,83.1934,225.062,1.40153e-07,94.1745,283.286,4.96378e-08,106.602,356.568,1.05434e-07,120.669,448.799,-6.49244e-08,136.59,564.873,1.70148e-07,154.611,710.948,-5.34594e-08,175.008,894.767,1.63407e-07,198.097,1126.06,8.04804e-08,224.231,1417.07,1.14667e-07,253.813,1783.15,-1.71227e-07,287.297,2243.62,-2.88466e-07,325.198,2822.67,-4.33651e-07,368.098,3550.67,7.9318e-08,416.657,4465.65,3.13319e-07,471.621,5615.16,3.4613e-07,533.835,7058.61,-1.19199e-07,604.255,8870.02,-2.79964e-07,683.962,11141.4,-2.30521e-07,774.182,13986.7,-2.55099e-07,876.299,17546.4,1.23585e-07,991.883,21993.1,1.41192e-07,1122.71,27536.7,-9.71886e-08,1270.78,34430.7,-3.68368e-07,1438.38,42977.7,-3.45379e-07,1628.07,53532.7,-3.25328e-09,1842.77,66504.6,2.6362e-07,2085.77,82350.2,2.53445e-07,2360.79,101560,-2.47407e-08,2672.05,124632,-3.80602e-07,3024.31,152018,-4.79005e-07,3422.98,184060,-1.14379e-07,3874.15,220884,2.64297e-07,4384.72,262283,3.44131e-07,4962.49,307576,7.5349e-08,5616.29,355497,-3.63097e-07,6356.1,404126,-6.05442e-07,7193.18,450932,-2.72333e-07,8140.28,492963,2.29675e-07,9211.79,527178,4.3387e-07,10424,550893,-1.0711e-07,10.102,8.06553,2.81012,10.6436,8.57909,0.869423,11.5336,10.2515,0.270869,12.7211,12.7138,0.0844293,14.1823,15.9373,0.0263173,15.9122,20.0383,0.0082035,17.9198,25.2154,0.00255722,20.2244,31.7373,0.000797017,22.8539,39.9486,0.000248622,25.8438,50.2851,7.75492e-05,29.237,63.2963,2.42508e-05,33.0837,79.6738,7.67162e-06,37.4415,100.288,2.32837e-06,42.3767,126.236,7.33e-07,47.9646,158.896,2.79256e-07,54.2906,200.003,9.87351e-09,61.452,251.741,1.61085e-07,69.5585,316.859,-2.47141e-07,78.7347,398.812,8.93552e-08,89.1218,501.948,-2.53231e-07,100.879,631.736,-1.25047e-07,114.188,795.049,-1.78808e-07,129.252,1000.53,2.6733e-07,146.304,1259.03,4.50292e-07,165.605,1584.19,6.76904e-07,187.452,1993.12,-1.23808e-07,212.181,2507.27,-4.89068e-07,240.173,3153.54,-5.40284e-07,271.856,3965.56,1.86061e-07,307.719,4985.38,4.37004e-07,348.313,6265.4,3.59828e-07,394.26,7870.83,3.98192e-07,446.268,9882.51,-1.92908e-07,505.135,12400.3,-2.20392e-07,571.766,15546.9,1.51705e-07,647.184,19472.2,5.74996e-07,732.547,24357.4,5.39112e-07,829.167,30420,5.07815e-09,938.526,37916.3,-4.11492e-07,1062.3,47143.9,-3.9561e-07,1202.4,58439.2,3.86185e-08,1360.96,72169.3,5.94093e-07,1540.42,88715.8,7.47693e-07,1743.53,108445,1.78537e-07,1973.41,131665,-4.12549e-07,2233.57,158557,-5.37164e-07,2528,189103,-1.17615e-07,2861.2,222986,5.66769e-07,3238.27,259510,9.45053e-07,3664.97,297540,4.25093e-07,4147.81,335497,-3.58506e-07,4694.17,371444,-6.7724e-07,5312.37,403256,1.67192e-07,1.61744,3.89446,9.84394,3.28846,7.5504,12.774,5.07607,11.7187,13.6844,7.03202,16.8147,13.9681,9.20215,23.1769,14.0566,11.6301,31.1672,14.0841,14.3598,41.2186,14.0927,17.4376,53.8688,14.0954,20.9137,69.7915,14.0962,24.8432,89.8341,14.0965,29.2879,115.063,14.0966,34.3168,146.819,14.0966,40.0078,186.792,14.0966,46.4487,237.107,14.0966,53.7388,300.44,14.0966,61.9903,380.158,14.0966,71.3301,480.499,14.0966,81.902,606.796,14.0966,93.8685,765.761,14.0966,107.414,965.837,14.0966,122.746,1217.65,14.0966,140.101,1534.57,14.0966,159.745,1933.41,14.0966,181.981,2435.3,14.0966,207.15,3066.85,14.0966,235.64,3861.46,14.0966,267.889,4861.11,14.0966,304.391,6118.54,14.0966,345.709,7699.91,14.0966,392.478,9688.22,14.0966,445.417,12187.5,14.0966,505.339,15327.7,14.0966,573.165,19271.6,14.0966,649.938,24222,14.0966,736.839,30430.9,14.0966,835.202,38211.5,14.0966,946.539,47950.3,14.0966,1072.56,60122.8,14.0966,1215.21,75309.9,14.0966,1376.66,94216.2,14.0966,1559.41,117688,14.0966,1766.26,146729,14.0966,2000.39,182510,14.0966,2265.39,226372,14.0966,2565.33,279806,14.0966,2904.81,344416,14.0966,3289.05,421845,14.0966,3723.93,513667,14.0966,4216.13,621231,14.0966,4773.18,745478,14.0966,5403.64,886744,14.0966,6117.15,1.04457e+06,14.0966,6924.63,1.2176e+06,14.0966,11.7194,11.96,12.6541,13.9321,16.1295,13.6434,16.6097,21.9702,13.9553,19.7532,29.5285,14.0526,23.3844,39.1143,14.0829,27.5423,51.2054,14.0923,32.2796,66.434,14.0953,37.662,85.6061,14.0962,43.7675,109.74,14.0965,50.687,140.119,14.0966,58.5249,178.359,14.0966,67.4005,226.493,14.0966,77.4493,287.08,14.0966,88.8254,363.343,14.0966,101.703,459.336,14.0966,116.281,580.161,14.0966,132.782,732.241,14.0966,151.46,923.655,14.0966,172.603,1164.57,14.0966,196.535,1467.79,14.0966,223.625,1849.39,14.0966,254.288,2329.62,14.0966,288.997,2933.93,14.0966,328.285,3694.33,14.0966,372.755,4651.04,14.0966,423.092,5854.57,14.0966,480.07,7368.38,14.0966,544.564,9272.08,14.0966,617.566,11665.5,14.0966,700.197,14673.6,14.0966,793.729,18452.9,14.0966,899.599,23198.6,14.0966,1019.43,29154.1,14.0966,1155.07,36622.3,14.0966,1308.6,45977.9,14.0966,1482.39,57683.7,14.0966,1679.09,72307.8,14.0966,1901.73,90542.8,14.0966,2153.73,113226,14.0966,2438.97,141360,14.0966,2761.81,176127,14.0966,3127.22,218898,14.0966,3540.81,271226,14.0966,4008.92,334817,14.0966,4538.74,411470,14.0966,5138.38,502973,14.0966,5817.04,610948,14.0966,6585.12,736653,14.0966,7454.39,880741,14.0966,8438.15,1.04302e+06,14.0966,9551.45,1.22224e+06,14.0966,10811.3,1.41602e+06,14.0966,12237,1.62086e+06,14.0966,11.7194,11.96,12.6541,2.21263,4.16949,0.989383,2.67766,5.84076,0.311842,3.14343,7.55825,0.0972771,3.63127,9.58578,0.0303237,4.15787,12.0912,0.00945211,4.73731,15.2286,0.00294633,5.38238,19.1721,0.000918508,6.10553,24.134,0.000286163,6.91951,30.3791,8.92692e-05,7.83792,38.2397,2.78121e-05,8.87555,48.1338,8.65134e-06,10.0489,60.5876,2.7882e-06,11.3761,76.2629,8.29036e-07,12.8779,95.9927,2.4373e-07,14.5775,120.825,4.33068e-09,16.5012,152.08,1.75749e-07,18.6784,191.415,-1.86328e-07,21.1428,240.917,1.91829e-07,23.9322,303.213,-1.81475e-07,27.0895,381.602,7.0186e-08,30.6634,480.231,-2.86769e-08,34.7087,604.316,2.40784e-07,39.2876,760.401,9.87368e-08,44.4705,956.705,1.22263e-07,50.3371,1203.54,-4.31966e-07,56.9776,1513.81,-1.9705e-07,64.494,1903.69,-2.763e-08,73.0018,2393.4,3.9185e-07,82.6317,3008.13,1.35379e-07,93.5318,3779.25,-4.16351e-08,105.869,4745.7,2.06965e-08,119.834,5955.6,-3.18887e-07,135.641,7468.12,-1.48271e-08,153.531,9355.62,2.00739e-07,173.781,11705.8,2.28358e-07,196.701,14624.1,-1.93587e-08,222.642,18235,-2.88101e-07,252.003,22683.4,-2.24732e-07,285.234,28134,8.56806e-09,322.845,34767,2.34258e-07,365.413,42770.9,2.99668e-07,413.588,52327.9,8.28644e-08,468.111,63591.2,-3.07049e-07,529.814,76653.2,-3.1888e-07,599.642,91502.5,-6.72276e-08,678.662,107975,2.26339e-07,768.083,125705,3.69212e-07,869.267,144088,2.04077e-07,983.76,162277,-2.80509e-07,1113.3,179223,-4.22737e-07,1259.87,193777,-1.71951e-07,1425.68,204839,4.55555e-07,11.7194,11.96,12.6541,2.21263,4.16949,0.989383,2.67766,5.84076,0.311842,3.14343,7.55825,0.0972771,3.63127,9.58578,0.0303237,4.15787,12.0912,0.00945211,4.73731,15.2286,0.00294633,5.38238,19.1721,0.000918508,6.10553,24.134,0.000286163,6.91951,30.3791,8.92692e-05,7.83792,38.2397,2.78121e-05,8.87555,48.1338,8.65134e-06,10.0489,60.5876,2.7882e-06,11.3761,76.2629,8.29036e-07,12.8779,95.9927,2.4373e-07,14.5775,120.825,1e-08,16.5012,152.08,1.75749e-07,18.6784,191.415,1e-08,21.1428,240.917,1.91829e-07,23.9322,303.213,1e-08,27.0895,381.602,7.0186e-08,30.6634,480.231,1e-08,34.7087,604.316,2.40784e-07,39.2876,760.401,9.87368e-08,44.4705,956.705,1.22263e-07,50.3371,1203.54,1e-08,56.9776,1513.81,1e-08,64.494,1903.69,1e-08,73.0018,2393.4,3.9185e-07,82.6317,3008.13,1.35379e-07,93.5318,3779.25,1e-08,105.869,4745.7,2.06965e-08,119.834,5955.6,1e-08,135.641,7468.12,1e-08,153.531,9355.62,2.00739e-07,173.781,11705.8,2.28358e-07,196.701,14624.1,1e-08,222.642,18235,1e-08,252.003,22683.4,1e-08,285.234,28134,1e-08,322.845,34767,2.34258e-07,365.413,42770.9,2.99668e-07,413.588,52327.9,8.28644e-08,468.111,63591.2,1e-08,529.814,76653.2,1e-08,599.642,91502.5,1e-08,678.662,107975,2.26339e-07,768.083,125705,3.69212e-07,869.267,144088,2.04077e-07,983.76,162277,1e-08,1113.3,179223,1e-08,1259.87,193777,1e-08,1425.68,204839,4.55555e-07,6.2823,3.27286,2.43537,0.219672,6.18826,2.24117,0.56371,6.87772,2.63624,0.308279,3,16,0,1,2,2,2,3,1,4,13,0,4,8,0,1,13,0,5,9,0,2,41,0,6,33,0,5,22,0,9,47,0,10,72,0,4,47,0,21,32,0,12,113,0,35,203,0,18,127,0,11,330,0,28,219,0,27,282,0,14,696,0,46,523,0,40,227,0,38,286,0,51,1722,0,12,735,0,53,2020,0,56,1290,0,44,1915,0,67,2787,0,114,5755,0,66,5637,0,96,4836,0,263,5775,0,84,8599,0,216,7119,0,201,7357,0,173,16954,0,137,9189,0,176,32806,0,333,37251,0,322,43207,0,515,39538,0,639,81361,0,379,31279,0,626,121564,0,1253,29262,0,1336,94728,0,632,85683,0,1102,176983,0,1103,292193,0,809,74396,0,939,315408,0
-1.05176e+08,1,8.88811e-15,10,1023,0,1.05176e+08,0.528882,1.08665,0.389689,0.145397,0.379329,3.24381,0.161596,0.446195,1.77396,0.159177,1.15e+07,4.49998e+06,6.79999e+06,1.15e+07,4.49997e+06,6.79999e+06,1.15e+07,4.49996e+06,6.79999e+06,1.15e+07,4.49995e+06,6.79999e+06,1.14999e+07,4.49993e+06,6.79999e+06,1.14999e+07,4.49991e+06,6.79999e+06,1.14999e+07,4.49989e+06,6.79999e+06,1.14999e+07,4.49986e+06,6.79999e+06,1.14999e+07,4.49982e+06,6.79999e+06,1.14999e+07,4.49977e+06,6.79999e+06,1.14999e+07,4.49971e+06,6.79999e+06,1.14999e+07,4.49963e+06,6.79999e+06,1.14998e+07,4.49953e+06,6.79999e+06,1.14998e+07,4.49941e+06,6.79999e+06,1.14998e+07,4.49926e+06,6.79999e+06,1.14998e+07,4.49906e+06,6.79999e+06,1.14997e+07,4.49882e+06,6.79999e+06,1.14997e+07,4.49851e+06,6.79999e+06,1.14997e+07,4.49812e+06,6.79999e+06,1.14996e+07,4.49764e+06,6.79999e+06,1.14996e+07,4.49702e+06,6.79999e+06,1.14995e+07,4.49625e+06,6.79999e+06,1.14995e+07,4.49528e+06,6.79999e+06,1.14994e+07,4.49406e+06,6.79999e+06,1.14993e+07,4.49253e+06,6.79999e+06,1.14992e+07,4.49059e+06,6.79999e+06,1.14991e+07,4.48817e+06,6.79999e+06,1.1499e+07,4.48511e+06,6.79999e+06,1.14988e+07,4.48128e+06,6.79999e+06,1.14987e+07,4.47646e+06,6.79999e+06,1.14985e+07,4.47041e+06,6.79999e+06,1.14983e+07,4.46281e+06,6.79999e+06,1.14981e+07,4.4533e+06,6.79999e+06,1.14979e+07,4.44138e+06,6.79999e+06,1.14976e+07,4.42649e+06,6.79999e+06,1.14972e+07,4.40789e+06,6.79999e+06,1.14969e+07,4.38471e+06,6.79999e+06,1.14965e+07,4.35592e+06,6.79999e+06,1.1496e+07,4.32027e+06,6.79999e+06,1.14955e+07,4.27629e+06,6.79999e+06,1.14949e+07,4.22231e+06,6.79999e+06,1.14942e+07,4.15647e+06,6.79999e+06,1.14934e+07,4.07676e+06,6.79999e+06,1.14926e+07,3.98112e+06,6.79999e+06,1.14916e+07,3.86765e+06,6.79999e+06,1.14905e+07,3.73474e+06,6.79999e+06,1.14892e+07,3.58148e+06,6.79999e+06,1.14878e+07,3.40785e+06,6.79999e+06,1.14862e+07,3.21513e+06,6.79999e+06,1.14844e+07,3.00605e+06,6.79999e+06,1.14823e+07,2.7848e+06,6.79999e+06,1.148e+07,2.5568e+06,6.79999e+06,1.14773e+07,2.32825e+06,6.79999e+06,13.5742,8.52444,0.508366,16.8306,13.2585,0.162638,20.0035,17.569,0.0507846,23.2616,22.4214,0.0158319,26.7328,28.3297,0.00493498,30.5212,35.6974,0.00153831,34.7178,44.9473,0.000479527,39.4086,56.5822,0.000149456,44.6796,71.2245,4.66214e-05,50.6209,89.6543,1.45419e-05,57.3297,112.852,4.54748e-06,64.9129,142.051,1.43857e-06,73.4897,178.803,4.36618e-07,83.1934,225.062,1.40153e-07,94.1745,283.286,4.96378e-08,106.602,356.568,1.05434e-07,120.669,448.799,-6.49244e-08,136.59,564.873,1.70148e-07,154.611,710.948,-5.34594e-08,175.008,894.767,1.63407e-07,198.097,1126.06,8.04804e-08,224.231,1417.07,1.14667e-07,253.813,1783.15,-1.71227e-07,287.297,2243.62,-2.88466e-07,325.198,2822.67,-4.33651e-07,368.098,3550.67,7.9318e-08,416.657,4465.65,3.13319e-07,471.621,5615.16,3.4613e-07,533.835,7058.61,-1.19199e-07,604.255,8870.02,-2.79964e-07,683.962,11141.4,-2.30521e-07,774.182,13986.7,-2.55099e-07,876.299,17546.4,1.23585e-07,991.883,21993.1,1.41192e-07,1122.71,27536.7,-9.71886e-08,1270.78,34430.7,-3.68368e-07,1438.38,42977.7,-3.45379e-07,1628.07,53532.7,-3.25328e-09,1842.77,66504.6,2.6362e-07,2085.77,82350.2,2.53445e-07,2360.79,101560,-2.47407e-08,2672.05,124632,-3.80602e-07,3024.31,152018,-4.79005e-07,3422.98,184060,-1.14379e-07,3874.15,220884,2.64297e-07,4384.72,262283,3.44131e-07,4962.49,307576,7.5349e-08,5616.29,355497,-3.63097e-07,6356.1,404126,-6.05442e-07,7193.18,450932,-2.72333e-07,8140.28,492963,2.29675e-07,9211.79,527178,4.3387e-07,10424,550893,-1.0711e-07,10.102,8.06553,2.81012,10.6436,8.57909,0.869423,11.5336,10.2515,0.270869,12.7211,12.7138,0.0844293,14.1823,15.9373,0.0263173,15.9122,20.0383,0.0082035,17.9198,25.2154,0.00255722,20.2244,31.7373,0.000797017,22.8539,39.9486,0.000248622,25.8438,50.2851,7.75492e-05,29.237,63.2963,2.42508e-05,33.0837,79.6738,7.67162e-06,37.4415,100.288,2.32837e-06,42.3767,126.236,7.33e-07,47.9646,158.896,2.79256e-07,54.2906,200.003,9.87351e-09,61.452,251.741,1.61085e-07,69.5585,316.859,-2.47141e-07,78.7347,398.812,8.93552e-08,89.1218,501.948,-2.53231e-07,100.879,631.736,-1.25047e-07,114.188,795.049,-1.78808e-07,129.252,1000.53,2.6733e-07,146.304,1259.03,4.50292e-07,165.605,1584.19,6.76904e-07,187.452,1993.12,-1.23808e-07,212.181,2507.27,-4.89068e-07,240.173,3153.54,-5.40284e-07,271.856,3965.56,1.86061e-07,307.719,4985.38,4.37004e-07,348.313,6265.4,3.59828e-07,394.26,7870.83,3.98192e-07,446.268,9882.51,-1.92908e-07,505.135,12400.3,-2.20392e-07,571.766,15546.9,1.51705e-07,647.184,19472.2,5.74996e-07,732.547,24357.4,5.39112e-07,829.167,30420,5.07815e-09,938.526,37916.3,-4.11492e-07,1062.3,47143.9,-3.9561e-07,1202.4,58439.2,3.86185e-08,1360.96,72169.3,5.94093e-07,1540.42,88715.8,7.47693e-07,1743.53,108445,1.78537e-07,1973.41,131665,-4.12549e-07,2233.57,158557,-5.37164e-07,2528,189103,-1.17615e-07,2861.2,222986,5.66769e-07,3238.27,259510,9.45053e-07,3664.97,297540,4.25093e-07,4147.81,335497,-3.58506e-07,4694.17,371444,-6.7724e-07,5312.37,403256,1.67192e-07,1.61744,3.89446,9.84394,3.28846,7.5504,12.774,5.07607,11.7187,13.6844,7.03202,16.8147,13.9681,9.20215,23.1769,14.0566,11.6301,31.1672,14.0841,14.3598,41.2186,14.0927,17.4376,53.8688,14.0954,20.9137,69.7915,14.0962,24.8432,89.8341,14.0965,29.2879,115.063,14.0966,34.3168,146.819,14.0966,40.0078,186.792,14.0966,46.4487,237.107,14.0966,53.7388,300.44,14.0966,61.9903,380.158,14.0966,71.3301,480.499,14.0966,81.902,606.796,14.0966,93.8685,765.761,14.0966,107.414,965.837,14.0966,122.746,1217.65,14.0966,140.101,1534.57,14.0966,159.745,1933.41,14.0966,181.981,2435.3,14.0966,207.15,3066.85,14.0966,235.64,3861.46,14.0966,267.889,4861.11,14.0966,304.391,6118.54,14.0966,345.709,7699.91,14.0966,392.478,9688.22,14.0966,445.417,12187.5,14.0966,505.339,15327.7,14.0966,573.165,19271.6,14.0966,649.938,24222,14.0966,736.839,30430.9,14.0966,835.202,38211.5,14.0966,946.539,47950.3,14.0966,1072.56,60122.8,14.0966,1215.21,75309.9,14.0966,1376.66,94216.2,14.0966,1559.41,117688,14.0966,1766.26,146729,14.0966,2000.39,182510,14.0966,2265.39,226372,14.0966,2565.33,279806,14.0966,2904.81,344416,14.0966,3289.05,421845,14.0966,3723.93,513667,14.0966,4216.13,621231,14.0966,4773.18,745478,14.0966,5403.64,886744,14.0966,6117.15,1.04457e+06,14.0966,6924.63,1.2176e+06,14.0966,11.7194,11.96,12.6541,13.9321,16.1295,13.6434,16.6097,21.9702,13.9553,19.7532,29.5285,14.0526,23.3844,39.1143,14.0829,27.5423,51.2054,14.0923,32.2796,66.434,14.0953,37.662,85.6061,14.0962,43.7675,109.74,14.0965,50.687,140.119,14.0966,58.5249,178.359,14.0966,67.4005,226.493,14.0966,77.4493,287.08,14.0966,88.8254,363.343,14.0966,101.703,459.336,14.0966,116.281,580.161,14.0966,132.782,732.241,14.0966,151.46,923.655,14.0966,172.603,1164.57,14.0966,196.535,1467.79,14.0966,223.625,1849.39,14.0966,254.288,2329.62,14.0966,288.997,2933.93,14.0966,328.285,3694.33,14.0966,372.755,4651.04,14.0966,423.092,5854.57,14.0966,480.07,7368.38,14.0966,544.564,9272.08,14.0966,617.566,11665.5,14.0966,700.197,14673.6,14.0966,793.729,18452.9,14.0966,899.599,23198.6,14.0966,1019.43,29154.1,14.0966,1155.07,36622.3,14.0966,1308.6,45977.9,14.0966,1482.39,57683.7,14.0966,1679.09,72307.8,14.0966,1901.73,90542.8,14.0966,2153.73,113226,14.0966,2438.97,141360,14.0966,2761.81,176127,14.0966,3127.22,218898,14.0966,3540.81,271226,14.0966,4008.92,334817,14.0966,4538.74,411470,14.0966,5138.38,502973,14.0966,5817.04,610948,14.0966,6585.12,736653,14.0966,7454.39,880741,14.0966,8438.15,1.04302e+06,14.0966,9551.45,1.22224e+06,14.0966,10811.3,1.41602e+06,14.0966,12237,1.62086e+06,14.0966,11.7194,11.96,12.6541,2.21263,4.16949,0.989383,2.67766,5.84076,0.311842,3.14343,7.55825,0.0972771,3.63127,9.58578,0.0303237,4.15787,12.0912,0.00945211,4.73731,15.2286,0.00294633,5.38238,19.1721,0.000918508,6.10553,24.134,0.000286163,6.91951,30.3791,8.92692e-05,7.83792,38.2397,2.78121e-05,8.87555,48.1338,8.65134e-06,10.0489,60.5876,2.7882e-06,11.3761,76.2629,8.29036e-07,12.8779,95.9927,2.4373e-07,14.5775,120.825,4.33068e-09,16.5012,152.08,1.75749e-07,18.6784,191.415,-1.86328e-07,21.1428,240.917,1.91829e-07,23.9322,303.213,-1.81475e-07,27.0895,381.602,7.0186e-08,30.6634,480.231,-2.86769e-08,34.7087,604.316,2.40784e-07,39.2876,760.401,9.87368e-08,44.4705,956.705,1.22263e-07,50.3371,1203.54,-4.31966e-07,56.9776,1513.81,-1.9705e-07,64.494,1903.69,-2.763e-08,73.0018,2393.4,3.9185e-07,82.6317,3008.13,1.35379e-07,93.5318,3779.25,-4.16351e-08,105.869,4745.7,2.06965e-08,119.834,5955.6,-3.18887e-07,135.641,7468.12,-1.48271e-08,153.531,9355.62,2.00739e-07,173.781,11705.8,2.28358e-07,196.701,14624.1,-1.93587e-08,222.642,18235,-2.88101e-07,252.003,22683.4,-2.24732e-07,285.234,28134,8.56806e-09,322.845,34767,2.34258e-07,365.413,42770.9,2.99668e-07,413.588,52327.9,8.28644e-08,468.111,63591.2,-3.07049e-07,529.814,76653.2,-3.1888e-07,599.642,91502.5,-6.72276e-08,678.662,107975,2.26339e-07,768.083,125705,3.69212e-07,869.267,144088,2.04077e-07,983.76,162277,-2.80509e-07,1113.3,179223,-4.22737e-07,1259.87,193777,-1.71951e-07,1425.68,204839,4.55555e-07,11.7194,11.96,12.6541,2.21263,4.16949,0.989383,2.67766,5.84076,0.311842,3.14343,7.55825,0.0972771,3.63127,9.58578,0.0303237,4.15787,12.0912,0.00945211,4.73731,15.2286,0.00294633,5.38238,19.1721,0.000918508,6.10553,24.134,0.000286163,6.91951,30.3791,8.92692e-05,7.83792,38.2397,2.78121e-05,8.87555,48.1338,8.65134e-06,10.0489,60.5876,2.7882e-06,11.3761,76.2629,8.29036e-07,12.8779,95.9927,2.4373e-07,14.5775,120.825,1e-08,16.5012,152.08,1.75749e-07,18.6784,191.415,1e-08,21.1428,240.917,1.91829e-07,23.9322,303.213,1e-08,27.0895,381.602,7.0186e-08,30.6634,480.231,1e-08,34.7087,604.316,2.40784e-07,39.2876,760.401,9.87368e-08,44.4705,956.705,1.22263e-07,50.3371,1203.54,1e-08,56.9776,1513.81,1e-08,64.494,1903.69,1e-08,73.0018,2393.4,3.9185e-07,82.6317,3008.13,1.35379e-07,93.5318,3779.25,1e-08,105.869,4745.7,2.06965e-08,119.834,5955.6,1e-08,135.641,7468.12,1e-08,153.531,9355.62,2.00739e-07,173.781,11705.8,2.28358e-07,196.701,14624.1,1e-08,222.642,18235,1e-08,252.003,22683.4,1e-08,285.234,28134,1e-08,322.845,34767,2.34258e-07,365.413,42770.9,2.99668e-07,413.588,52327.9,8.28644e-08,468.111,63591.2,1e-08,529.814,76653.2,1e-08,599.642,91502.5,1e-08,678.662,107975,2.26339e-07,768.083,125705,3.69212e-07,869.267,144088,2.04077e-07,983.76,162277,1e-08,1113.3,179223,1e-08,1259.87,193777,1e-08,1425.68,204839,4.55555e-07,6.2823,3.27286,2.43537,0.219672,6.18826,2.24117,0.56371,6.87772,2.63624,0.308279,11,11,16,5,13,1,2,3,0,1,6,0,3,12,0,7,17,0,2,29,0,9,14,0,5,20,0,1,35,0,14,56,0,4,61,0,16,58,0,15,69,0,15,67,0,10,119,0,31,96,0,18,128,0,14,88,0,9,196,0,36,326,0,56,628,0,44,563,0,61,985,0,87,601,0,88,1013,0,55,1333,0,48,1745,0,111,1621,0,58,3347,0,52,4577,0,138,4190,0,101,4219,0,141,12138,0,82,10919,0,259,7470,0,356,21762,0,220,13295,0,270,23779,0,280,36730,0,400,34735,0,418,46356,0,197,44852,0,188,45750,0,423,61756,0,761,93769,0,1595,144246,0,1075,175410,0,703,105349,0,465,82610,0,859,149871,0,1476,203781,0,2100,244955,0
-1.05176e+08,1,8.88811e-15,10,1023,0,1.05176e+08,0.528882,1.08665,0.389689,0.145397,0.379329,3.24381,0.161596,0.446195,1.77396,0.159177,1.15e+07,4.49998e+06,6.79999e+06,1.15e+07,4.49997e+06,6.79999e+06,1.15e+07,4.49996e+06,6.79999e+06,1.15e+07,4.49995e+06,6.79999e+06,1.14999e+07,4.49993e+06,6.79999e+06,1.14999e+07,4.49991e+06,6.79999e+06,1.14999e+07,4.49989e+06,6.79999e+06,1.14999e+07,4.49986e+06,6.79999e+06,1.14999e+07,4.49982e+06,6.79999e+06,1.14999e+07,4.49977e+06,6.79999e+06,1.14999e+07,4.49971e+06,6.79999e+06,1.14999e+07,4.49963e+06,6.79999e+06,1.14998e+07,4.49953e+06,6.79999e+06,1.14998e+07,4.49941e+06,6.79999e+06,1.14998e+07,4.49926e+06,6.79999e+06,1.14998e+07,4.49906e+06,6.79999e+06,1.14997e+07,4.49882e+06,6.79999e+06,1.14997e+07,4.49851e+06,6.79999e+06,1.14997e+07,4.49812e+06,6.79999e+06,1.14996e+07,4.49764e+06,6.79999e+06,1.14996e+07,4.49702e+06,6.79999e+06,1.14995e+07,4.49625e+06,6.79999e+06,1.14995e+07,4.49528e+06,6.79999e+06,1.14994e+07,4.49406e+06,6.79999e+06,1.14993e+07,4.49253e+06,6.79999e+06,1.14992e+07,4.49059e+06,6.79999e+06,1.14991e+07,4.48817e+06,6.79999e+06,1.1499e+07,4.48511e+06,6.79999e+06,1.14988e+07,4.48128e+06,6.79999e+06,1.14987e+07,4.47646e+06,6.79999e+06,1.14985e+07,4.47041e+06,6.79999e+06,1.14983e+07,4.46281e+06,6.79999e+06,1.14981e+07,4.4533e+06,6.79999e+06,1.14979e+07,4.44138e+06,6.79999e+06,1.14976e+07,4.42649e+06,6.79999e+06,1.14972e+07,4.40789e+06,6.79999e+06,1.14969e+07,4.38471e+06,6.79999e+06,1.14965e+07,4.35592e+06,6.79999e+06,1.1496e+07,4.32027e+06,6.79999e+06,1.14955e+07,4.27629e+06,6.79999e+06,1.14949e+07,4.22231e+06,6.79999e+06,1.14942e+07,4.15647e+06,6.79999e+06,1.14934e+07,4.07676e+06,6.79999e+06,1.14926e+07,3.98112e+06,6.79999e+06,1.14916e+07,3.86765e+06,6.79999e+06,1.14905e+07,3.73474e+06,6.79999e+06,1.14892e+07,3.58148e+06,6.79999e+06,1.14878e+07,3.40785e+06,6.79999e+06,1.14862e+07,3.21513e+06,6.79999e+06,1.14844e+07,3.00605e+06,6.79999e+06,1.14823e+07,2.7848e+06,6.79999e+06,1.148e+07,2.5568e+06,6.79999e+06,1.14773e+07,2.32825e+06,6.79999e+06,13.5742,8.52444,0.508366,16.8306,13.2585,0.162638,20.0035,17.569,0.0507846,23.2616,22.4214,0.0158319,26.7328,28.3297,0.00493498,30.5212,35.6974,0.00153831,34.7178,44.9473,0.000479527,39.4086,56.5822,0.000149456,44.6796,71.2245,4.66214e-05,50.6209,89.6543,1.45419e-05,57.3297,112.852,4.54748e-06,64.9129,142.051,1.43857e-06,73.4897,178.803,4.36618e-07,83.1934,225.062,1.40153e-07,94.1745,283.286,4.96378e-08,106.602,356.568,1.05434e-07,120.669,448.799,-6.49244e-08,136.59,564.873,1.70148e-07,154.611,710.948,-5.34594e-08,175.008,894.767,1.63407e-07,198.097,1126.06,8.04804e-08,224.231,1417.07,1.14667e-07,253.813,1783.15,-1.71227e-07,287.297,2243.62,-2.88466e-07,325.198,2822.67,-4.33651e-07,368.098,3550.67,7.9318e-08,416.657,4465.65,3.13319e-07,471.621,5615.16,3.4613e-07,533.835,7058.61,-1.19199e-07,604.255,8870.02,-2.79964e-07,683.962,11141.4,-2.30521e-07,774.182,13986.7,-2.55099e-07,876.299,17546.4,1.23585e-07,991.883,21993.1,1.41192e-07,1122.71,27536.7,-9.71886e-08,1270.78,34430.7,-3.68368e-07,1438.38,42977.7,-3.45379e-07,1628.07,53532.7,-3.25328e-09,1842.77,66504.6,2.6362e-07,2085.77,82350.2,2.53445e-07,2360.79,101560,-2.47407e-08,2672.05,124632,-3.80602e-07,3024.31,152018,-4.79005e-07,3422.98,184060,-1.14379e-07,3874.15,220884,2.64297e-07,4384.72,262283,3.44131e-07,4962.49,307576,7.5349e-08,5616.29,355497,-3.63097e-07,6356.1,404126,-6.05442e-07,7193.18,450932,-2.72333e-07,8140.28,492963,2.29675e-07,9211.79,527178,4.3387e-07,10424,550893,-1.0711e-07,10.102,8.06553,2.81012,10.6436,8.57909,0.869423,11.5336,10.2515,0.270869,12.7211,12.7138,0.0844293,14.1823,15.9373,0.0263173,15.9122,20.0383,0.0082035,17.9198,25.2154,0.00255722,20.2244,31.7373,0.000797017,22.8539,39.9486,0.000248622,25.8438,50.2851,7.75492e-05,29.237,63.2963,2.42508e-05,33.0837,79.6738,7.67162e-06,37.4415,100.288,2.32837e-06,42.3767,126.236,7.33e-07,47.9646,158.896,2.79256e-07,54.2906,200.003,9.87351e-09,61.452,251.741,1.61085e-07,69.5585,316.859,-2.47141e-07,78.7347,398.812,8.93552e-08,89.1218,501.948,-2.53231e-07,100.879,631.736,-1.25047e-07,114.188,795.049,-1.78808e-07,129.252,1000.53,2.6733e-07,146.304,1259.03,4.50292e-07,165.605,1584.19,6.76904e-07,187.452,1993.12,-1.23808e-07,212.181,2507.27,-4.89068e-07,240.173,3153.54,-5.40284e-07,271.856,3965.56,1.86061e-07,307.719,4985.38,4.37004e-07,348.313,6265.4,3.59828e-07,394.26,7870.83,3.98192e-07,446.268,9882.51,-1.92908e-07,505.135,12400.3,-2.20392e-07,571.766,15546.9,1.51705e-07,647.184,19472.2,5.74996e-07,732.547,24357.4,5.39112e-07,829.167,30420,5.07815e-09,938.526,37916.3,-4.11492e-07,1062.3,47143.9,-3.9561e-07,1202.4,58439.2,3.86185e-08,1360.96,72169.3,5.94093e-07,1540.42,88715.8,7.47693e-07,1743.53,108445,1.78537e-07,1973.41,131665,-4.12549e-07,2233.57,158557,-5.37164e-07,2528,189103,-1.17615e-07,2861.2,222986,5.66769e-07,3238.27,259510,9.45053e-07,3664.97,297540,4.25093e-07,4147.81,335497,-3.58506e-07,4694.17,371444,-6.7724e-07,5312.37,403256,1.67192e-07,1.61744,3.89446,9.84394,3.28846,7.5504,12.774,5.07607,11.7187,13.6844,7.03202,16.8147,13.9681,9.20215,23.1769,14.0566,11.6301,31.1672,14.0841,14.3598,41.2186,14.0927,17.4376,53.8688,14.0954,20.9137,69.7915,14.0962,24.8432,89.8341,14.0965,29.2879,115.063,14.0966,34.3168,146.819,14.0966,40.0078,186.792,14.0966,46.4487,237.107,14.0966,53.7388,300.44,14.0966,61.9903,380.158,14.0966,71.3301,480.499,14.0966,81.902,606.796,14.0966,93.8685,765.761,14.0966,107.414,965.837,14.0966,122.746,1217.65,14.0966,140.101,1534.57,14.0966,159.745,1933.41,14.0966,181.981,2435.3,14.0966,207.15,3066.85,14.0966,235.64,3861.46,14.0966,267.889,4861.11,14.0966,304.391,6118.54,14.0966,345.709,7699.91,14.0966,392.478,9688.22,14.0966,445.417,12187.5,14.0966,505.339,15327.7,14.0966,573.165,19271.6,14.0966,649.938,24222,14.0966,736.839,30430.9,14.0966,835.202,38211.5,14.0966,946.539,47950.3,14.0966,1072.56,60122.8,14.0966,1215.21,75309.9,14.0966,1376.66,94216.2,14.0966,1559.41,117688,14.0966,1766.26,146729,14.0966,2000.39,182510,14.0966,2265.39,226372,14.0966,2565.33,279806,14.0966,2904.81,344416,14.0966,3289.05,421845,14.0966,3723.93,513667,14.0966,4216.13,621231,14.0966,4773.18,745478,14.0966,5403.64,886744,14.0966,6117.15,1.04457e+06,14.0966,6924.63,1.2176e+06,14.0966,11.7194,11.96,12.6541,13.9321,16.1295,13.6434,16.6097,21.9702,13.9553,19.7532,29.5285,14.0526,23.3844,39.1143,14.0829,27.5423,51.2054,14.0923,32.2796,66.434,14.0953,37.662,85.6061,14.0962,43.7675,109.74,14.0965,50.687,140.119,14.0966,58.5249,178.359,14.0966,67.4005,226.493,14.0966,77.4493,287.08,14.0966,88.8254,363.343,14.0966,101.703,459.336,14.0966,116.281,580.161,14.0966,132.782,732.241,14.0966,151.46,923.655,14.0966,172.603,1164.57,14.0966,196.535,1467.79,14.0966,223.625,1849.39,14.0966,254.288,2329.62,14.0966,288.997,2933.93,14.0966,328.285,3694.33,14.0966,372.755,4651.04,14.0966,423.092,5854.57,14.0966,480.07,7368.38,14.0966,544.564,9272.08,14.0966,617.566,11665.5,14.0966,700.197,14673.6,14.0966,793.729,18452.9,14.0966,899.599,23198.6,14.0966,1019.43,29154.1,14.0966,1155.07,36622.3,14.0966,1308.6,45977.9,14.0966,1482.39,57683.7,14.0966,1679.09,72307.8,14.0966,1901.73,90542.8,14.0966,2153.73,113226,14.0966,2438.97,141360,14.0966,2761.81,176127,14.0966,3127.22,218898,14.0966,3540.81,271226,14.0966,4008.92,334817,14.0966,4538.74,411470,14.0966,5138.38,502973,14.0966,5817.04,610948,14.0966,6585.12,736653,14.0966,7454.39,880741,14.0966,8438.15,1.04302e+06,14.0966,9551.45,1.22224e+06,14.0966,10811.3,1.41602e+06,14.0966,12237,1.62086e+06,14.0966,11.7194,11.96,12.6541,2.21263,4.16949,0.989383,2.67766,5.84076,0.311842,3.14343,7.55825,0.0972771,3.63127,9.58578,0.0303237,4.15787,12.0912,0.00945211,4.73731,15.2286,0.00294633,5.38238,19.1721,0.000918508,6.10553,24.134,0.000286163,6.91951,30.3791,8.92692e-05,7.83792,38.2397,2.78121e-05,8.87555,48.1338,8.65134e-06,10.0489,60.5876,2.7882e-06,11.3761,76.2629,8.29036e-07,12.8779,95.9927,2.4373e-07,14.5775,120.825,4.33068e-09,16.5012,152.08,1.75749e-07,18.6784,191.415,-1.86328e-07,21.1428,240.917,1.91829e-07,23.9322,303.213,-1.81475e-07,27.0895,381.602,7.0186e-08,30.6634,480.231,-2.86769e-08,34.7087,604.316,2.40784e-07,39.2876,760.401,9.87368e-08,44.4705,956.705,1.22263e-07,50.3371,1203.54,-4.31966e-07,56.9776,1513.81,-1.9705e-07,64.494,1903.69,-2.763e-08,73.0018,2393.4,3.9185e-07,82.6317,3008.13,1.35379e-07,93.5318,3779.25,-4.16351e-08,105.869,4745.7,2.06965e-08,119.834,5955.6,-3.18887e-07,135.641,7468.12,-1.48271e-08,153.531,9355.62,2.00739e-07,173.781,11705.8,2.28358e-07,196.701,14624.1,-1.93587e-08,222.642,18235,-2.88101e-07,252.003,22683.4,-2.24732e-07,285.234,28134,8.56806e-09,322.845,34767,2.34258e-07,365.413,42770.9,2.99668e-07,413.588,52327.9,8.28644e-08,468.111,63591.2,-3.07049e-07,529.814,76653.2,-3.1888e-07,599.642,91502.5,-6.72276e-08,678.662,107975,2.26339e-07,768.083,125705,3.69212e-07,869.267,144088,2.04077e-07,983.76,162277,-2.80509e-07,1113.3,179223,-4.22737e-07,1259.87,193777,-1.71951e-07,1425.68,204839,4.55555e-07,11.7194,11.96,12.6541,2.21263,4.16949,0.989383,2.67766,5.84076,0.311842,3.14343,7.55825,0.0972771,3.63127,9.58578,0.0303237,4.15787,12.0912,0.00945211,4.73731,15.2286,0.00294633,5.38238,19.1721,0.000918508,6.10553,24.134,0.000286163,6.91951,30.3791,8.92692e-05,7.83792,38.2397,2.78121e-05,8.87555,48.1338,8.65134e-06,10.0489,60.5876,2.7882e-06,11.3761,76.2629,8.29036e-07,12.8779,95.9927,2.4373e-07,14.5775,120.825,1e-08,16.5012,152.08,1.75749e-07,18.6784,191.415,1e-08,21.1428,240.917,1.91829e-07,23.9322,303.213,1e-08,27.0895,381.602,7.0186e-08,30.6634,480.231,1e-08,34.7087,604.316,2.40784e-07,39.2876,760.401,9.87368e-08,44.4705,956.705,1.22263e-07,50.3371,1203.54,1e-08,56.9776,1513.81,1e-08,64.494,1903.69,1e-08,73.0018,2393.4,3.9185e-07,82.6317,3008.13,1.35379e-07,93.5318,3779.25,1e-08,105.869,4745.7,2.06965e-08,119.834,5955.6,1e-08,135.641,7468.12,1e-08,153.531,9355.62,2.00739e-07,173.781,11705.8,2.28358e-07,196.701,14624.1,1e-08,222.642,18235,1e-08,252.003,22683.4,1e-08,285.234,28134,1e-08,322.845,34767,2.34258e-07,365.413,42770.9,2.99668e-07,413.588,52327.9,8.28644e-08,468.111,63591.2,1e-08,529.814,76653.2,1e-08,599.642,91502.5,1e-08,678.662,107975,2.26339e-07,768.083,125705,3.69212e-07,869.267,144088,2.04077e-07,983.76,162277,1e-08,1113.3,179223,1e-08,1259.87,193777,1e-08,1425.68,204839,4.55555e-07,6.2823,3.27286,2.43537,0.219672,6.18826,2.24117,0.56371,6.87772,2.63624,0.308279,7,18,6,3,7,0,3,8,1,3,6,0,4,3,0,5,11,0,2,7,0,2,28,0,8,6,0,13,23,0,11,34,0,12,30,0,16,41,0,24,130,0,12,55,0,24,43,0,15,80,0,16,128,0,14,238,0,15,344,0,26,562,0,59,824,0,23,306,0,30,425,0,26,921,0,42,2033,0,143,1137,0,84,1748,0,38,2626,0,82,2504,0,58,1516,0,103,4133,0,137,3694,0,127,7668,0,184,9510,0,364,6239,0,163,22465,0,227,26561,0,243,12540,0,277,18315,0,251,19753,0,747,70662,0,259,33243,0,570,72292,0,783,49817,0,691,75334,0,471,118471,0,999,90349,0,719,112523,0,1202,143459,0,2349,251734,0,1952,143266,0,938,216996,0
-1.05176e+08,1,8.88811e-15,10,1023,0,1.05176e+08,0.528882,1.08665,0.389689,0.145397,0.379329,3.24381,0.161596,0.446195,1.77396,0.159177,1.15e+07,4.49998e+06,6.79999e+06,1.15e+07,4.49997e+06,6.79999e+06,1.15e+07,4.49996e+06,6.79999e+06,1.15e+07,4.49995e+06,6.79999e+06,1.14999e+07,4.49993e+06,6.79999e+06,1.14999e+07,4.49991e+06,6.79999e+06,1.14999e+07,4.49989e+06,6.79999e+06,1.14999e+07,4.49986e+06,6.79999e+06,1.14999e+07,4.49982e+06,6.79999e+06,1.14999e+07,4.49977e+06,6.79999e+06,1.14999e+07,4.49971e+06,6.79999e+06,1.14999e+07,4.49963e+06,6.79999e+06,1.14998e+07,4.49953e+06,6.79999e+06,1.14998e+07,4.49941e+06,6.79999e+06,1.14998e+07,4.49926e+06,6.79999e+06,1.14998e+07,4.49906e+06,6.79999e+06,1.14997e+07,4.49882e+06,6.79999e+06,1.14997e+07,4.49851e+06,6.79999e+06,1.14997e+07,4.49812e+06,6.79999e+06,1.14996e+07,4.49764e+06,6.79999e+06,1.14996e+07,4.49702e+06,6.79999e+06,1.14995e+07,4.49625e+06,6.79999e+06,1.14995e+07,4.49528e+06,6.79999e+06,1.14994e+07,4.49406e+06,6.79999e+06,1.14993e+07,4.49253e+06,6.79999e+06,1.14992e+07,4.49059e+06,6.79999e+06,1.14991e+07,4.48817e+06,6.79999e+06,1.1499e+07,4.48511e+06,6.79999e+06,1.14988e+07,4.48128e+06,6.79999e+06,1.14987e+07,4.47646e+06,6.79999e+06,1.14985e+07,4.47041e+06,6.79999e+06,1.14983e+07,4.46281e+06,6.79999e+06,1.14981e+07,4.4533e+06,6.79999e+06,1.14979e+07,4.44138e+06,6.79999e+06,1.14976e+07,4.42649e+06,6.79999e+06,1.14972e+07,4.40789e+06,6.79999e+06,1.14969e+07,4.38471e+06,6.79999e+06,1.14965e+07,4.35592e+06,6.79999e+06,1.1496e+07,4.32027e+06,6.79999e+06,1.14955e+07,4.27629e+06,6.79999e+06,1.14949e+07,4.22231e+06,6.79999e+06,1.14942e+07,4.15647e+06,6.79999e+06,1.14934e+07,4.07676e+06,6.79999e+06,1.14926e+07,3.98112e+06,6.79999e+06,1.14916e+07,3.86765e+06,6.79999e+06,1.14905e+07,3.73474e+06,6.79999e+06,1.14892e+07,3.58148e+06,6.79999e+06,1.14878e+07,3.40785e+06,6.79999e+06,1.14862e+07,3.21513e+06,6.79999e+06,1.14844e+07,3.00605e+06,6.79999e+06,1.14823e+07,2.7848e+06,6.79999e+06,1.148e+07,2.5568e+06,6.79999e+06,1.14773e+07,2.32825e+06,6.79999e+06,13.5742,8.52444,0.508366,16.8306,13.2585,0.162638,20.0035,17.569,0.0507846,23.2616,22.4214,0.0158319,26.7328,28.3297,0.00493498,30.5212,35.6974,0.00153831,34.7178,44.9473,0.000479527,39.4086,56.5822,0.000149456,44.6796,71.2245,4.66214e-05,50.6209,89.6543,1.45419e-05,57.3297,112.852,4.54748e-06,64.9129,142.051,1.43857e-06,73.4897,178.803,4.36618e-07,83.1934,225.062,1.40153e-07,94.1745,283.286,4.96378e-08,106.602,356.568,1.05434e-07,120.669,448.799,-6.49244e-08,136.59,564.873,1.70148e-07,154.611,710.948,-5.34594e-08,175.008,894.767,1.63407e-07,198.097,1126.06,8.04804e-08,224.231,1417.07,1.14667e-07,253.813,1783.15,-1.71227e-07,287.297,2243.62,-2.88466e-07,325.198,2822.67,-4.33651e-07,368.098,3550.67,7.9318e-08,416.657,4465.65,3.13319e-07,471.621,5615.16,3.4613e-07,533.835,7058.61,-1.19199e-07,604.255,8870.02,-2.79964e-07,683.962,11141.4,-2.30521e-07,774.182,13986.7,-2.55099e-07,876.299,17546.4,1.23585e-07,991.883,21993.1,1.41192e-07,1122.71,27536.7,-9.71886e-08,1270.78,34430.7,-3.68368e-07,1438.38,42977.7,-3.45379e-07,1628.07,53532.7,-3.25328e-09,1842.77,66504.6,2.6362e-07,2085.77,82350.2,2.53445e-07,2360.79,101560,-2.47407e-08,2672.05,124632,-3.80602e-07,3024.31,152018,-4.79005e-07,3422.98,184060,-1.14379e-07,3874.15,220884,2.64297e-07,4384.72,262283,3.44131e-07,4962.49,307576,7.5349e-08,5616.29,355497,-3.63097e-07,6356.1,404126,-6.05442e-07,7193.18,450932,-2.72333e-07,8140.28,492963,2.29675e-07,9211.79,527178,4.3387e-07,10424,550893,-1.0711e-07,10.102,8.06553,2.81012,10.6436,8.57909,0.869423,11.5336,10.2515,0.270869,12.7211,12.7138,0.0844293,14.1823,15.9373,0.0263173,15.9122,20.0383,0.0082035,17.9198,25.2154,0.00255722,20.2244,31.7373,0.000797017,22.8539,39.9486,0.000248622,25.8438,50.2851,7.75492e-05,29.237,63.2963,2.42508e-05,33.0837,79.6738,7.67162e-06,37.4415,100.288,2.32837e-06,42.3767,126.236,7.33e-07,47.9646,158.896,2.79256e-07,54.2906,200.003,9.87351e-09,61.452,251.741,1.61085e-07,69.5585,316.859,-2.47141e-07,78.7347,398.812,8.93552e-08,89.1218,501.948,-2.53231e-07,100.879,631.736,-1.25047e-07,114.188,795.049,-1.78808e-07,129.252,1000.53,2.6733e-07,146.304,1259.03,4.50292e-07,165.605,1584.19,6.76904e-07,187.452,1993.12,-1.23808e-07,212.181,2507.27,-4.89068e-07,240.173,3153.54,-5.40284e-07,271.856,3965.56,1.86061e-07,307.719,4985.38,4.37004e-07,348.313,6265.4,3.59828e-07,394.26,7870.83,3.98192e-07,446.268,9882.51,-1.92908e-07,505.135,12400.3,-2.20392e-07,571.766,15546.9,1.51705e-07,647.184,19472.2,5.74996e-07,732.547,24357.4,5.39112e-07,829.167,30420,5.07815e-09,938.526,37916.3,-4.11492e-07,1062.3,47143.9,-3.9561e-07,1202.4,58439.2,3.86185e-08,1360.96,72169.3,5.94093e-07,1540.42,88715.8,7.47693e-07,1743.53,108445,1.78537e-07,1973.41,131665,-4.12549e-07,2233.57,158557,-5.37164e-07,2528,189103,-1.17615e-07,2861.2,222986,5.66769e-07,3238.27,259510,9.45053e-07,3664.97,297540,4.25093e-07,4147.81,335497,-3.58506e-07,4694.17,371444,-6.7724e-07,5312.37,403256,1.67192e-07,1.61744,3.89446,9.84394,3.28846,7.5504,12.774,5.07607,11.7187,13.6844,7.03202,16.8147,13.9681,9.20215,23.1769,14.0566,11.6301,31.1672,14.0841,14.3598,41.2186,14.0927,17.4376,53.8688,14.0954,20.9137,69.7915,14.0962,24.8432,89.8341,14.0965,29.2879,115.063,14.0966,34.3168,146.819,14.0966,40.0078,186.792,14.0966,46.4487,237.107,14.0966,53.7388,300.44,14.0966,61.9903,380.158,14.0966,71.3301,480.499,14.0966,81.902,606.796,14.0966,93.8685,765.761,14.0966,107.414,965.837,14.0966,122.746,1217.65,14.0966,140.101,1534.57,14.0966,159.745,1933.41,14.0966,181.981,2435.3,14.0966,207.15,3066.85,14.0966,235.64,3861.46,14.0966,267.889,4861.11,14.0966,304.391,6118.54,14.0966,345.709,7699.91,14.0966,392.478,9688.22,14.0966,445.417,12187.5,14.0966,505.339,15327.7,14.0966,573.165,19271.6,14.0966,649.938,24222,14.0966,736.839,30430.9,14.0966,835.202,38211.5,14.0966,946.539,47950.3,14.0966,1072.56,60122.8,14.0966,1215.21,75309.9,14.0966,1376.66,94216.2,14.0966,1559.41,117688,14.0966,1766.26,146729,14.0966,2000.39,182510,14.0966,2265.39,226372,14.0966,2565.33,279806,14.0966,2904.81,344416,14.0966,3289.05,421845,14.0966,3723.93,513667,14.0966,4216.13,621231,14.0966,4773.18,745478,14.0966,5403.64,886744,14.0966,6117.15,1.04457e+06,14.0966,6924.63,1.2176e+06,14.0966,11.7194,11.96,12.6541,13.9321,16.1295,13.6434,16.6097,21.9702,13.9553,19.7532,29.5285,14.0526,23.3844,39.1143,14.0829,27.5423,51.2054,14.0923,32.2796,66.434,14.0953,37.662,85.6061,14.0962,43.7675,109.74,14.0965,50.687,140.119,14.0966,58.5249,178.359,14.0966,67.4005,226.493,14.0966,77.4493,287.08,14.0966,88.8254,363.343,14.0966,101.703,459.336,14.0966,116.281,580.161,14.0966,132.782,732.241,14.0966,151.46,923.655,14.0966,172.603,1164.57,14.0966,196.535,1467.79,14.0966,223.625,1849.39,14.0966,254.288,2329.62,14.0966,288.997,2933.93,14.0966,328.285,3694.33,14.0966,372.755,4651.04,14.0966,423.092,5854.57,14.0966,480.07,7368.38,14.0966,544.564,9272.08,14.0966,617.566,11665.5,14.0966,700.197,14673.6,14.0966,793.729,18452.9,14.0966,899.599,23198.6,14.0966,1019.43,29154.1,14.0966,1155.07,36622.3,14.0966,1308.6,45977.9,14.0966,1482.39,57683.7,14.0966,1679.09,72307.8,14.0966,1901.73,90542.8,14.0966,2153.73,113226,14.0966,2438.97,141360,14.0966,2761.81,176127,14.0966,3127.22,218898,14.0966,3540.81,271226,14.0966,4008.92,334817,14.0966,4538.74,411470,14.0966,5138.38,502973,14.0966,5817.04,610948,14.0966,6585.12,736653,14.0966,7454.39,880741,14.0966,8438.15,1.04302e+06,14.0966,9551.45,1.22224e+06,14.0966,10811.3,1.41602e+06,14.0966,12237,1.62086e+06,14.0966,11.7194,11.96,12.6541,2.21263,4.16949,0.989383,2.67766,5.84076,0.311842,3.14343,7.55825,0.0972771,3.63127,9.58578,0.0303237,4.15787,12.0912,0.00945211,4.73731,15.2286,0.00294633,5.38238,19.1721,0.000918508,6.10553,24.134,0.000286163,6.91951,30.3791,8.92692e-05,7.83792,38.2397,2.78121e-05,8.87555,48.1338,8.65134e-06,10.0489,60.5876,2.7882e-06,11.3761,76.2629,8.29036e-07,12.8779,95.9927,2.4373e-07,14.5775,120.825,4.33068e-09,16.5012,152.08,1.75749e-07,18.6784,191.415,-1.86328e-07,21.1428,240.917,1.91829e-07,23.9322,303.213,-1.81475e-07,27.0895,381.602,7.0186e-08,30.6634,480.231,-2.86769e-08,34.7087,604.316,2.40784e-07,39.2876,760.401,9.87368e-08,44.4705,956.705,1.22263e-07,50.3371,1203.54,-4.31966e-07,56.9776,1513.81,-1.9705e-07,64.494,1903.69,-2.763e-08,73.0018,2393.4,3.9185e-07,82.6317,3008.13,1.35379e-07,93.5318,3779.25,-4.16351e-08,105.869,4745.7,2.06965e-08,119.834,5955.6,-3.18887e-07,135.641,7468.12,-1.48271e-08,153.531,9355.62,2.00739e-07,173.781,11705.8,2.28358e-07,196.701,14624.1,-1.93587e-08,222.642,18235,-2.88101e-07,252.003,22683.4,-2.24732e-07,285.234,28134,8.56806e-09,322.845,34767,2.34258e-07,365.413,42770.9,2.99668e-07,413.588,52327.9,8.28644e-08,468.111,63591.2,-3.07049e-07,529.814,76653.2,-3.1888e-07,599.642,91502.5,-6.72276e-08,678.662,107975,2.26339e-07,768.083,125705,3.69212e-07,869.267,144088,2.04077e-07,983.76,162277,-2.80509e-07,1113.3,179223,-4.22737e-07,1259.87,193777,-1.71951e-07,1425.68,204839,4.55555e-07,11.7194,11.96,12.6541,2.21263,4.16949,0.989383,2.67766,5.84076,0.311842,3.14343,7.55825,0.0972771,3.63127,9.58578,0.0303237,4.15787,12.0912,0.00945211,4.73731,15.2286,0.00294633,5.38238,19.1721,0.000918508,6.10553,24.134,0.000286163,6.91951,30.3791,8.92692e-05,7.83792,38.2397,2.78121e-05,8.87555,48.1338,8.65134e-06,10.0489,60.5876,2.7882e-06,11.3761,76.2629,8.29036e-07,12.8779,95.9927,2.4373e-07,14.5775,120.825,1e-08,16.5012,152.08,1.75749e-07,18.6784,191.415,1e-08,21.1428,240.917,1.91829e-07,23.9322,303.213,1e-08,27.0895,381.602,7.0186e-08,30.6634,480.231,1e-08,34.7087,604.316,2.40784e-07,39.2876,760.401,9.87368e-08,44.4705,956.705,1.22263e-07,50.3371,1203.54,1e-08,56.9776,1513.81,1e-08,64.494,1903.69,1e-08,73.0018,2393.4,3.9185e-07,82.6317,3008.13,1.35379e-07,93.5318,3779.25,1e-08,105.869,4745.7,2.06965e-08,119.834,5955.6,1e-08,135.641,7468.12,1e-08,153.531,9355.62,2.00739e-07,173.781,11705.8,2.28358e-07,196.701,14624.1,1e-08,222.642,18235,1e-08,252.003,22683.4,1e-08,285.234,28134,1e-08,322.845,34767,2.34258e-07,365.413,42770.9,2.99668e-07,413.588,52327.9,8.28644e-08,468.111,63591.2,1e-08,529.814,76653.2,1e-08,599.642,91502.5,1e-08,678.662,107975,2.26339e-07,768.083,125705,3.69212e-07,869.267,144088,2.04077e-07,983.76,162277,1e-08,1113.3,179223,1e-08,1259.87,193777,1e-08,1425.68,204839,4.55555e-07,6.2823,3.27286,2.43537,0.219672,6.18826,2.24117,0.56371,6.87772,2.63624,0.308279,28,14,3,1,3,0,4,8,2,3,7,0,2,8,0,5,9,0,8,10,0,6,11,0,4,13,0,7,21,0,5,59,0,18,59,0,12,40,0,4,83,0,9,151,0,6,123,0,8,232,0,4,160,0,14,463,0,17,383,0,13,301,0,27,707,0,30,588,0,47,485,0,22,748,0,27,1156,0,71,1972,0,69,1514,0,54,6171,0,109,5124,0,81,4119,0,106,5103,0,141,5617,0,175,4662,0,138,11490,0,205,3097,0,217,11501,0,245,12912,0,181,36576,0,246,14712,0,276,16053,0,240,60541,0,201,104534,0,309,70212,0,314,43201,0,506,140308,0,1448,48868,0,1039,149973,0,941,123360,0,924,128733,0,996,242337,0,1096,210052,0,628,120794,0
-1.05176e+08,1,8.88811e-15,10,1023,0,1.05176e+08,0.528882,1.08665,0.389689,0.145397,0.379329,3.24381,0.161596,0.446195,1.77396,0.159177,1.15e+07,4.49998e+06,6.79999e+06,1.15e+07,4.49997e+06,6.79999e+06,1.15e+07,4.49996e+06,6.79999e+06,1.15e+07,4.49995e+06,6.79999e+06,1.14999e+07,4.49993e+06,6.79999e+06,1.14999e+07,4.49991e+06,6.79999e+06,1.14999e+07,4.49989e+06,6.79999e+06,1.14999e+07,4.49986e+06,6.79999e+06,1.14999e+07,4.49982e+06,6.79999e+06,1.14999e+07,4.49977e+06,6.79999e+06,1.14999e+07,4.49971e+06,6.79999e+06,1.14999e+07,4.49963e+06,6.79999e+06,1.14998e+07,4.49953e+06,6.79999e+06,1.14998e+07,4.49941e+06,6.79999e+06,1.14998e+07,4.49926e+06,6.79999e+06,1.14998e+07,4.49906e+06,6.79999e+06,1.14997e+07,4.49882e+06,6.79999e+06,1.14997e+07,4.49851e+06,6.79999e+06,1.14997e+07,4.49812e+06,6.79999e+06,1.14996e+07,4.49764e+06,6.79999e+06,1.14996e+07,4.49702e+06,6.79999e+06,1.14995e+07,4.49625e+06,6.79999e+06,1.14995e+07,4.49528e+06,6.79999e+06,1.14994e+07,4.49406e+06,6.79999e+06,1.14993e+07,4.49253e+06,6.79999e+06,1.14992e+07,4.49059e+06,6.79999e+06,1.14991e+07,4.48817e+06,6.79999e+06,1.1499e+07,4.48511e+06,6.79999e+06,1.14988e+07,4.48128e+06,6.79999e+06,1.14987e+07,4.47646e+06,6.79999e+06,1.14985e+07,4.47041e+06,6.79999e+06,1.14983e+07,4.46281e+06,6.79999e+06,1.14981e+07,4.4533e+06,6.79999e+06,1.14979e+07,4.44138e+06,6.79999e+06,1.14976e+07,4.42649e+06,6.79999e+06,1.14972e+07,4.40789e+06,6.79999e+06,1.14969e+07,4.38471e+06,6.79999e+06,1.14965e+07,4.35592e+06,6.79999e+06,1.1496e+07,4.32027e+06,6.79999e+06,1.14955e+07,4.27629e+06,6.79999e+06,1.14949e+07,4.22231e+06,6.79999e+06,1.14942e+07,4.15647e+06,6.79999e+06,1.14934e+07,4.07676e+06,6.79999e+06,1.14926e+07,3.98112e+06,6.79999e+06,1.14916e+07,3.86765e+06,6.79999e+06,1.14905e+07,3.73474e+06,6.79999e+06,1.14892e+07,3.58148e+06,6.79999e+06,1.14878e+07,3.40785e+06,6.79999e+06,1.14862e+07,3.21513e+06,6.79999e+06,1.14844e+07,3.00605e+06,6.79999e+06,1.14823e+07,2.7848e+06,6.79999e+06,1.148e+07,2.5568e+06,6.79999e+06,1.14773e+07,2.32825e+06,6.79999e+06,13.5742,8.52444,0.508366,16.8306,13.2585,0.162638,20.0035,17.569,0.0507846,23.2616,22.4214,0.0158319,26.7328,28.3297,0.00493498,30.5212,35.6974,0.00153831,34.7178,44.9473,0.000479527,39.4086,56.5822,0.000149456,44.6796,71.2245,4.66214e-05,50.6209,89.6543,1.45419e-05,57.3297,112.852,4.54748e-06,64.9129,142.051,1.43857e-06,73.4897,178.803,4.36618e-07,83.1934,225.062,1.40153e-07,94.1745,283.286,4.96378e-08,106.602,356.568,1.05434e-07,120.669,448.799,-6.49244e-08,136.59,564.873,1.70148e-07,154.611,710.948,-5.34594e-08,175.008,894.767,1.63407e-07,198.097,1126.06,8.04804e-08,224.231,1417.07,1.14667e-07,253.813,1783.15,-1.71227e-07,287.297,2243.62,-2.88466e-07,325.198,2822.67,-4.33651e-07,368.098,3550.67,7.9318e-08,416.657,4465.65,3.13319e-07,471.621,5615.16,3.4613e-07,533.835,7058.61,-1.19199e-07,604.255,8870.02,-2.79964e-07,683.962,11141.4,-2.30521e-07,774.182,13986.7,-2.55099e-07,876.299,17546.4,1.23585e-07,991.883,21993.1,1.41192e-07,1122.71,27536.7,-9.71886e-08,1270.78,34430.7,-3.68368e-07,1438.38,42977.7,-3.45379e-07,1628.07,53532.7,-3.25328e-09,1842.77,66504.6,2.6362e-07,2085.77,82350.2,2.53445e-07,2360.79,101560,-2.47407e-08,2672.05,124632,-3.80602e-07,3024.31,152018,-4.79005e-07,3422.98,184060,-1.14379e-07,3874.15,220884,2.64297e-07,4384.72,262283,3.44131e-07,4962.49,307576,7.5349e-08,5616.29,355497,-3.63097e-07,6356.1,404126,-6.05442e-07,7193.18,450932,-2.72333e-07,8140.28,492963,2.29675e-07,9211.79,527178,4.3387e-07,10424,550893,-1.0711e-07,10.102,8.06553,2.81012,10.6436,8.57909,0.869423,11.5336,10.2515,0.270869,12.7211,12.7138,0.0844293,14.1823,15.9373,0.0263173,15.9122,20.0383,0.0082035,17.9198,25.2154,0.00255722,20.2244,31.7373,0.000797017,22.8539,39.9486,0.000248622,25.8438,50.2851,7.75492e-05,29.237,63.2963,2.42508e-05,33.0837,79.6738,7.67162e-06,37.4415,100.288,2.32837e-06,42.3767,126.236,7.33e-07,47.9646,158.896,2.79256e-07,54.2906,200.003,9.87351e-09,61.452,251.741,1.61085e-07,69.5585,316.859,-2.47141e-07,78.7347,398.812,8.93552e-08,89.1218,501.948,-2.53231e-07,100.879,631.736,-1.25047e-07,114.188,795.049,-1.78808e-07,129.252,1000.53,2.6733e-07,146.304,1259.03,4.50292e-07,165.605,1584.19,6.76904e-07,187.452,1993.12,-1.23808e-07,212.181,2507.27,-4.89068e-07,240.173,3153.54,-5.40284e-07,271.856,3965.56,1.86061e-07,307.719,4985.38,4.37004e-07,348.313,6265.4,3.59828e-07,394.26,7870.83,3.98192e-07,446.268,9882.51,-1.92908e-07,505.135,12400.3,-2.20392e-07,571.766,15546.9,1.51705e-07,647.184,19472.2,5.74996e-07,732.547,24357.4,5.39112e-07,829.167,30420,5.07815e-09,938.526,37916.3,-4.11492e-07,1062.3,47143.9,-3.9561e-07,1202.4,58439.2,3.86185e-08,1360.96,72169.3,5.94093e-07,1540.42,88715.8,7.47693e-07,1743.53,108445,1.78537e-07,1973.41,131665,-4.12549e-07,2233.57,158557,-5.37164e-07,2528,189103,-1.17615e-07,2861.2,222986,5.66769e-07,3238.27,259510,9.45053e-07,3664.97,297540,4.25093e-07,4147.81,335497,-3.58506e-07,4694.17,371444,-6.7724e-07,5312.37,403256,1.67192e-07,1.61744,3.89446,9.84394,3.28846,7.5504,12.774,5.07607,11.7187,13.6844,7.03202,16.8147,13.9681,9.20215,23.1769,14.0566,11.6301,31.1672,14.0841,14.3598,41.2186,14.0927,17.4376,53.8688,14.0954,20.9137,69.7915,14.0962,24.8432,89.8341,14.0965,29.2879,115.063,14.0966,34.3168,146.819,14.0966,40.0078,186.792,14.0966,46.4487,237.107,14.0966,53.7388,300.44,14.0966,61.9903,380.158,14.0966,71.3301,480.499,14.0966,81.902,606.796,14.0966,93.8685,765.761,14.0966,107.414,965.837,14.0966,122.746,1217.65,14.0966,140.101,1534.57,14.0966,159.745,1933.41,14.0966,181.981,2435.3,14.0966,207.15,3066.85,14.0966,235.64,3861.46,14.0966,267.889,4861.11,14.0966,304.391,6118.54,14.0966,345.709,7699.91,14.0966,392.478,9688.22,14.0966,445.417,12187.5,14.0966,505.339,15327.7,14.0966,573.165,19271.6,14.0966,649.938,24222,14.0966,736.839,30430.9,14.0966,835.202,38211.5,14.0966,946.539,47950.3,14.0966,1072.56,60122.8,14.0966,1215.21,75309.9,14.0966,1376.66,94216.2,14.0966,1559.41,117688,14.0966,1766.26,146729,14.0966,2000.39,182510,14.0966,2265.39,226372,14.0966,2565.33,279806,14.0966,2904.81,344416,14.0966,3289.05,421845,14.0966,3723.93,513667,14.0966,4216.13,621231,14.0966,4773.18,745478,14.0966,5403.64,886744,14.0966,6117.15,1.04457e+06,14.0966,6924.63,1.2176e+06,14.0966,11.7194,11.96,12.6541,13.9321,16.1295,13.6434,16.6097,21.9702,13.9553,19.7532,29.5285,14.0526,23.3844,39.1143,14.0829,27.5423,51.2054,14.0923,32.2796,66.434,14.0953,37.662,85.6061,14.0962,43.7675,109.74,14.0965,50.687,140.119,14.0966,58.5249,178.359,14.0966,67.4005,226.493,14.0966,77.4493,287.08,14.0966,88.8254,363.343,14.0966,101.703,459.336,14.0966,116.281,580.161,14.0966,132.782,732.241,14.0966,151.46,923.655,14.0966,172.603,1164.57,14.0966,196.535,1467.79,14.0966,223.625,1849.39,14.0966,254.288,2329.62,14.0966,288.997,2933.93,14.0966,328.285,3694.33,14.0966,372.755,4651.04,14.0966,423.092,5854.57,14.0966,480.07,7368.38,14.0966,544.564,9272.08,14.0966,617.566,11665.5,14.0966,700.197,14673.6,14.0966,793.729,18452.9,14.0966,899.599,23198.6,14.0966,1019.43,29154.1,14.0966,1155.07,36622.3,14.0966,1308.6,45977.9,14.0966,1482.39,57683.7,14.0966,1679.09,72307.8,14.0966,1901.73,90542.8,14.0966,2153.73,113226,14.0966,2438.97,141360,14.0966,2761.81,176127,14.0966,3127.22,218898,14.0966,3540.81,271226,14.0966,4008.92,334817,14.0966,4538.74,411470,14.0966,5138.38,502973,14.0966,5817.04,610948,14.0966,6585.12,736653,14.0966,7454.39,880741,14.0966,8438.15,1.04302e+06,14.0966,9551.45,1.22224e+06,14.0966,10811.3,1.41602e+06,14.0966,12237,1.62086e+06,14.0966,11.7194,11.96,12.6541,2.21263,4.16949,0.989383,2.67766,5.84076,0.311842,3.14343,7.55825,0.0972771,3.63127,9.58578,0.0303237,4.15787,12.0912,0.00945211,4.73731,15.2286,0.00294633,5.38238,19.1721,0.000918508,6.10553,24.134,0.000286163,6.91951,30.3791,8.92692e-05,7.83792,38.2397,2.78121e-05,8.87555,48.1338,8.65134e-06,10.0489,60.5876,2.7882e-06,11.3761,76.2629,8.29036e-07,12.8779,95.9927,2.4373e-07,14.5775,120.825,4.33068e-09,16.5012,152.08,1.75749e-07,18.6784,191.415,-1.86328e-07,21.1428,240.917,1.91829e-07,23.9322,303.213,-1.81475e-07,27.0895,381.602,7.0186e-08,30.6634,480.231,-2.86769e-08,34.7087,604.316,2.40784e-07,39.2876,760.401,9.87368e-08,44.4705,956.705,1.22263e-07,50.3371,1203.54,-4.31966e-07,56.9776,1513.81,-1.9705e-07,64.494,1903.69,-2.763e-08,73.0018,2393.4,3.9185e-07,82.6317,3008.13,1.35379e-07,93.5318,3779.25,-4.16351e-08,105.869,4745.7,2.06965e-08,119.834,5955.6,-3.18887e-07,135.641,7468.12,-1.48271e-08,153.531,9355.62,2.00739e-07,173.781,11705.8,2.28358e-07,196.701,14624.1,-1.93587e-08,222.642,18235,-2.88101e-07,252.003,22683.4,-2.24732e-07,285.234,28134,8.56806e-09,322.845,34767,2.34258e-07,365.413,42770.9,2.99668e-07,413.588,52327.9,8.28644e-08,468.111,63591.2,-3.07049e-07,529.814,76653.2,-3.1888e-07,599.642,91502.5,-6.72276e-08,678.662,107975,2.26339e-07,768.083,125705,3.69212e-07,869.267,144088,2.04077e-07,983.76,162277,-2.80509e-07,1113.3,179223,-4.22737e-07,1259.87,193777,-1.71951e-07,1425.68,204839,4.55555e-07,11.7194,11.96,12.6541,2.21263,4.16949,0.989383,2.67766,5.84076,0.311842,3.14343,7.55825,0.0972771,3.63127,9.58578,0.0303237,4.15787,12.0912,0.00945211,4.73731,15.2286,0.00294633,5.38238,19.1721,0.000918508,6.10553,24.134,0.000286163,6.91951,30.3791,8.92692e-05,7.83792,38.2397,2.78121e-05,8.87555,48.1338,8.65134e-06,10.0489,60.5876,2.7882e-06,11.3761,76.2629,8.29036e-07,12.8779,95.9927,2.4373e-07,14.5775,120.825,1e-08,16.5012,152.08,1.75749e-07,18.6784,191.415,1e-08,21.1428,240.917,1.91829e-07,23.9322,303.213,1e-08,27.0895,381.602,7.0186e-08,30.6634,480.231,1e-08,34.7087,604.316,2.40784e-07,39.2876,760.401,9.87368e-08,44.4705,956.705,1.22263e-07,50.3371,1203.54,1e-08,56.9776,1513.81,1e-08,64.494,1903.69,1e-08,73.0018,2393.4,3.9185e-07,82.6317,3008.13,1.35379e-07,93.5318,3779.25,1e-08,105.869,4745.7,2.06965e-08,119.834,5955.6,1e-08,135.641,7468.12,1e-08,153.531,9355.62,2.00739e-07,173.781,11705.8,2.28358e-07,196.701,14624.1,1e-08,222.642,18235,1e-08,252.003,22683.4,1e-08,285.234,28134,1e-08,322.845,34767,2.34258e-07,365.413,42770.9,2.99668e-07,413.588,52327.9,8.28644e-08,468.111,63591.2,1e-08,529.814,76653.2,1e-08,599.642,91502.5,1e-08,678.662,107975,2.26339e-07,768.083,125705,3.69212e-07,869.267,144088,2.04077e-07,983.76,162277,1e-08,1113.3,179223,1e-08,1259.87,193777,1e-08,1425.68,204839,4.55555e-07,6.2823,3.27286,2.43537,0.219672,6.18826,2.24117,0.56371,6.87772,2.63624,0.308279,11,33,2,1,7,2,3,6,0,4,1,0,3,8,0,4,18,0,3,14,0,6,12,0,9,19,0,4,23,0,16,39,0,8,75,0,11,74,0,22,78,0,15,147,0,19,141,0,8,190,0,27,232,0,30,280,0,18,323,0,28,352,0,50,471,0,59,510,0,68,350,0,55,794,0,23,1146,0,68,2181,0,60,1297,0,66,1679,0,77,1764,0,140,2428,0,78,3557,0,110,11023,0,121,2732,0,97,18246,0,129,8665,0,120,31464,0,186,11156,0,214,13082,0,344,42458,0,180,14362,0,398,40033,0,290,47815,0,294,49962,0,379,45073,0,939,99351,0,933,107558,0,845,139071,0,1005,216776,0,1619,128965,0,766,326419,0,2150,208198,0,1169,146895,0
-1.05176e+08,1,8.88811e-15,10,1023,0,1.05176e+08,0.528882,1.08665,0.389689,0.145397,0.379329,3.24381,0.161596,0.446195,1.77396,0.159177,1.15e+07,4.49998e+06,6.79999e+06,1.15e+07,4.49997e+06,6.79999e+06,1.15e+07,4.49996e+06,6.79999e+06,1.15e+07,4.49995e+06,6.79999e+06,1.14999e+07,4.49993e+06,6.79999e+06,1.14999e+07,4.49991e+06,6.79999e+06,1.14999e+07,4.49989e+06,6.79999e+06,1.14999e+07,4.49986e+06,6.79999e+06,1.14999e+07,4.49982e+06,6.79999e+06,1.14999e+07,4.49977e+06,6.79999e+06,1.14999e+07,4.49971e+06,6.79999e+06,1.14999e+07,4.49963e+06,6.79999e+06,1.14998e+07,4.49953e+06,6.79999e+06,1.14998e+07,4.49941e+06,6.79999e+06,1.14998e+07,4.49926e+06,6.79999e+06,1.14998e+07,4.49906e+06,6.79999e+06,1.14997e+07,4.49882e+06,6.79999e+06,1.14997e+07,4.49851e+06,6.79999e+06,1.14997e+07,4.49812e+06,6.79999e+06,1.14996e+07,4.49764e+06,6.79999e+06,1.14996e+07,4.49702e+06,6.79999e+06,1.14995e+07,4.49625e+06,6.79999e+06,1.14995e+07,4.49528e+06,6.79999e+06,1.14994e+07,4.49406e+06,6.79999e+06,1.14993e+07,4.49253e+06,6.79999e+06,1.14992e+07,4.49059e+06,6.79999e+06,1.14991e+07,4.48817e+06,6.79999e+06,1.1499e+07,4.48511e+06,6.79999e+06,1.14988e+07,4.48128e+06,6.79999e+06,1.14987e+07,4.47646e+06,6.79999e+06,1.14985e+07,4.47041e+06,6.79999e+06,1.14983e+07,4.46281e+06,6.79999e+06,1.14981e+07,4.4533e+06,6.79999e+06,1.14979e+07,4.44138e+06,6.79999e+06,1.14976e+07,4.42649e+06,6.79999e+06,1.14972e+07,4.40789e+06,6.79999e+06,1.14969e+07,4.38471e+06,6.79999e+06,1.14965e+07,4.35592e+06,6.79999e+06,1.1496e+07,4.32027e+06,6.79999e+06,1.14955e+07,4.27629e+06,6.79999e+06,1.14949e+07,4.22231e+06,6.79999e+06,1.14942e+07,4.15647e+06,6.79999e+06,1.14934e+07,4.07676e+06,6.79999e+06,1.14926e+07,3.98112e+06,6.79999e+06,1.14916e+07,3.86765e+06,6.79999e+06,1.14905e+07,3.73474e+06,6.79999e+06,1.14892e+07,3.58148e+06,6.79999e+06,1.14878e+07,3.40785e+06,6.79999e+06,1.14862e+07,3.21513e+06,6.79999e+06,1.14844e+07,3.00605e+06,6.79999e+06,1.14823e+07,2.7848e+06,6.79999e+06,1.148e+07,2.5568e+06,6.79999e+06,1.14773e+07,2.32825e+06,6.79999e+06,13.5742,8.52444,0.508366,16.8306,13.2585,0.162638,20.0035,17.569,0.0507846,23.2616,22.4214,0.0158319,26.7328,28.3297,0.00493498,30.5212,35.6974,0.00153831,34.7178,44.9473,0.000479527,39.4086,56.5822,0.000149456,44.6796,71.2245,4.66214e-05,50.6209,89.6543,1.45419e-05,57.3297,112.852,4.54748e-06,64.9129,142.051,1.43857e-06,73.4897,178.803,4.36618e-07,83.1934,225.062,1.40153e-07,94.1745,283.286,4.96378e-08,106.602,356.568,1.05434e-07,120.669,448.799,-6.49244e-08,136.59,564.873,1.70148e-07,154.611,710.948,-5.34594e-08,175.008,894.767,1.63407e-07,198.097,1126.06,8.04804e-08,224.231,1417.07,1.14667e-07,253.813,1783.15,-1.71227e-07,287.297,2243.62,-2.88466e-07,325.198,2822.67,-4.33651e-07,368.098,3550.67,7.9318e-08,416.657,4465.65,3.13319e-07,471.621,5615.16,3.4613e-07,533.835,7058.61,-1.19199e-07,604.255,8870.02,-2.79964e-07,683.962,11141.4,-2.30521e-07,774.182,13986.7,-2.55099e-07,876.299,17546.4,1.23585e-07,991.883,21993.1,1.41192e-07,1122.71,27536.7,-9.71886e-08,1270.78,34430.7,-3.68368e-07,1438.38,42977.7,-3.45379e-07,1628.07,53532.7,-3.25328e-09,1842.77,66504.6,2.6362e-07,2085.77,82350.2,2.53445e-07,2360.79,101560,-2.47407e-08,2672.05,124632,-3.80602e-07,3024.31,152018,-4.79005e-07,3422.98,184060,-1.14379e-07,3874.15,220884,2.64297e-07,4384.72,262283,3.44131e-07,4962.49,307576,7.5349e-08,5616.29,355497,-3.63097e-07,6356.1,404126,-6.05442e-07,7193.18,450932,-2.72333e-07,8140.28,492963,2.29675e-07,9211.79,527178,4.3387e-07,10424,550893,-1.0711e-07,10.102,8.06553,2.81012,10.6436,8.57909,0.869423,11.5336,10.2515,0.270869,12.7211,12.7138,0.0844293,14.1823,15.9373,0.0263173,15.9122,20.0383,0.0082035,17.9198,25.2154,0.00255722,20.2244,31.7373,0.000797017,22.8539,39.9486,0.000248622,25.8438,50.2851,7.75492e-05,29.237,63.2963,2.42508e-05,33.0837,79.6738,7.67162e-06,37.4415,100.288,2.32837e-06,42.3767,126.236,7.33e-07,47.9646,158.896,2.79256e-07,54.2906,200.003,9.87351e-09,61.452,251.741,1.61085e-07,69.5585,316.859,-2.47141e-07,78.7347,398.812,8.93552e-08,89.1218,501.948,-2.53231e-07,100.879,631.736,-1.25047e-07,114.188,795.049,-1.78808e-07,129.252,1000.53,2.6733e-07,146.304,1259.03,4.50292e-07,165.605,1584.19,6.76904e-07,187.452,1993.12,-1.23808e-07,212.181,2507.27,-4.89068e-07,240.173,3153.54,-5.40284e-07,271.856,3965.56,1.86061e-07,307.719,4985.38,4.37004e-07,348.313,6265.4,3.59828e-07,394.26,7870.83,3.98192e-07,446.268,9882.51,-1.92908e-07,505.135,12400.3,-2.20392e-07,571.766,15546.9,1.51705e-07,647.184,19472.2,5.74996e-07,732.547,24357.4,5.39112e-07,829.167,30420,5.07815e-09,938.526,37916.3,-4.11492e-07,1062.3,47143.9,-3.9561e-07,1202.4,58439.2,3.86185e-08,1360.96,72169.3,5.94093e-07,1540.42,88715.8,7.47693e-07,1743.53,108445,1.78537e-07,1973.41,131665,-4.12549e-07,2233.57,158557,-5.37164e-07,2528,189103,-1.17615e-07,2861.2,222986,5.66769e-07,3238.27,259510,9.45053e-07,3664.97,297540,4.25093e-07,4147.81,335497,-3.58506e-07,4694.17,371444,-6.7724e-07,5312.37,403256,1.67192e-07,1.61744,3.89446,9.84394,3.28846,7.5504,12.774,5.07607,11.7187,13.6844,7.03202,16.8147,13.9681,9.20215,23.1769,14.0566,11.6301,31.1672,14.0841,14.3598,41.2186,14.0927,17.4376,53.8688,14.0954,20.9137,69.7915,14.0962,24.8432,89.8341,14.0965,29.2879,115.063,14.0966,34.3168,146.819,14.0966,40.0078,186.792,14.0966,46.4487,237.107,14.0966,53.7388,300.44,14.0966,61.9903,380.158,14.0966,71.3301,480.499,14.0966,81.902,606.796,14.0966,93.8685,765.761,14.0966,107.414,965.837,14.0966,122.746,1217.65,14.0966,140.101,1534.57,14.0966,159.745,1933.41,14.0966,181.981,2435.3,14.0966,207.15,3066.85,14.0966,235.64,3861.46,14.0966,267.889,4861.11,14.0966,304.391,6118.54,14.0966,345.709,7699.91,14.0966,392.478,9688.22,14.0966,445.417,12187.5,14.0966,505.339,15327.7,14.0966,573.165,19271.6,14.0966,649.938,24222,14.0966,736.839,30430.9,14.0966,835.202,38211.5,14.0966,946.539,47950.3,14.0966,1072.56,60122.8,14.0966,1215.21,75309.9,14.0966,1376.66,94216.2,14.0966,1559.41,117688,14.0966,1766.26,146729,14.0966,2000.39,182510,14.0966,2265.39,226372,14.0966,2565.33,279806,14.0966,2904.81,344416,14.0966,3289.05,421845,14.0966,3723.93,513667,14.0966,4216.13,621231,14.0966,4773.18,745478,14.0966,5403.64,886744,14.0966,6117.15,1.04457e+06,14.0966,6924.63,1.2176e+06,14.0966,11.7194,11.96,12.6541,13.9321,16.1295,13.6434,16.6097,21.9702,13.9553,19.7532,29.5285,14.0526,23.3844,39.1143,14.0829,27.5423,51.2054,14.0923,32.2796,66.434,14.0953,37.662,85.6061,14.0962,43.7675,109.74,14.0965,50.687,140.119,14.0966,58.5249,178.359,14.0966,67.4005,226.493,14.0966,77.4493,287.08,14.0966,88.8254,363.343,14.0966,101.703,459.336,14.0966,116.281,580.161,14.0966,132.782,732.241,14.0966,151.46,923.655,14.0966,172.603,1164.57,14.0966,196.535,1467.79,14.0966,223.625,1849.39,14.0966,254.288,2329.62,14.0966,288.997,2933.93,14.0966,328.285,3694.33,14.0966,372.755,4651.04,14.0966,423.092,5854.57,14.0966,480.07,7368.38,14.0966,544.564,9272.08,14.0966,617.566,11665.5,14.0966,700.197,14673.6,14.0966,793.729,18452.9,14.0966,899.599,23198.6,14.0966,1019.43,29154.1,14.0966,1155.07,36622.3,14.0966,1308.6,45977.9,14.0966,1482.39,57683.7,14.0966,1679.09,72307.8,14.0966,1901.73,90542.8,14.0966,2153.73,113226,14.0966,2438.97,141360,14.0966,2761.81,176127,14.0966,3127.22,218898,14.0966,3540.81,271226,14.0966,4008.92,334817,14.0966,4538.74,411470,14.0966,5138.38,502973,14.0966,5817.04,610948,14.0966,6585.12,736653,14.0966,7454.39,880741,14.0966,8438.15,1.04302e+06,14.0966,9551.45,1.22224e+06,14.0966,10811.3,1.41602e+06,14.0966,12237,1.62086e+06,14.0966,11.7194,11.96,12.6541,2.21263,4.16949,0.989383,2.67766,5.84076,0.311842,3.14343,7.55825,0.0972771,3.63127,9.58578,0.0303237,4.15787,12.0912,0.00945211,4.73731,15.2286,0.00294633,5.38238,19.1721,0.000918508,6.10553,24.134,0.000286163,6.91951,30.3791,8.92692e-05,7.83792,38.2397,2.78121e-05,8.87555,48.1338,8.65134e-06,10.0489,60.5876,2.7882e-06,11.3761,76.2629,8.29036e-07,12.8779,95.9927,2.4373e-07,14.5775,120.825,4.33068e-09,16.5012,152.08,1.75749e-07,18.6784,191.415,-1.86328e-07,21.1428,240.917,1.91829e-07,23.9322,303.213,-1.81475e-07,27.0895,381.602,7.0186e-08,30.6634,480.231,-2.86769e-08,34.7087,604.316,2.40784e-07,39.2876,760.401,9.87368e-08,44.4705,956.705,1.22263e-07,50.3371,1203.54,-4.31966e-07,56.9776,1513.81,-1.9705e-07,64.494,1903.69,-2.763e-08,73.0018,2393.4,3.9185e-07,82.6317,3008.13,1.35379e-07,93.5318,3779.25,-4.16351e-08,105.869,4745.7,2.06965e-08,119.834,5955.6,-3.18887e-07,135.641,7468.12,-1.48271e-08,153.531,9355.62,2.00739e-07,173.781,11705.8,2.28358e-07,196.701,14624.1,-1.93587e-08,222.642,18235,-2.88101e-07,252.003,22683.4,-2.24732e-07,285.234,28134,8.56806e-09,322.845,34767,2.34258e-07,365.413,42770.9,2.99668e-07,413.588,52327.9,8.28644e-08,468.111,63591.2,-3.07049e-07,529.814,76653.2,-3.1888e-07,599.642,91502.5,-6.72276e-08,678.662,107975,2.26339e-07,768.083,125705,3.69212e-07,869.267,144088,2.04077e-07,983.76,162277,-2.80509e-07,1113.3,179223,-4.22737e-07,1259.87,193777,-1.71951e-07,1425.68,204839,4.55555e-07,11.7194,11.96,12.6541,2.21263,4.16949,0.989383,2.67766,5.84076,0.311842,3.14343,7.55825,0.0972771,3.63127,9.58578,0.0303237,4.15787,12.0912,0.00945211,4.73731,15.2286,0.00294633,5.38238,19.1721,0.000918508,6.10553,24.134,0.000286163,6.91951,30.3791,8.92692e-05,7.83792,38.2397,2.78121e-05,8.87555,48.1338,8.65134e-06,10.0489,60.5876,2.7882e-06,11.3761,76.2629,8.29036e-07,12.8779,95.9927,2.4373e-07,14.5775,120.825,1e-08,16.5012,152.08,1.75749e-07,18.6784,191.415,1e-08,21.1428,240.917,1.91829e-07,23.9322,303.213,1e-08,27.0895,381.602,7.0186e-08,30.6634,480.231,1e-08,34.7087,604.316,2.40784e-07,39.2876,760.401,9.87368e-08,44.4705,956.705,1.22263e-07,50.3371,1203.54,1e-08,56.9776,1513.81,1e-08,64.494,1903.69,1e-08,73.0018,2393.4,3.9185e-07,82.6317,3008.13,1.35379e-07,93.5318,3779.25,1e-08,105.869,4745.7,2.06965e-08,119.834,5955.6,1e-08,135.641,7468.12,1e-08,153.531,9355.62,2.00739e-07,173.781,11705.8,2.28358e-07,196.701,14624.1,1e-08,222.642,18235,1e-08,252.003,22683.4,1e-08,285.234,28134,1e-08,322.845,34767,2.34258e-07,365.413,42770.9,2.99668e-07,413.588,52327.9,8.28644e-08,468.111,63591.2,1e-08,529.814,76653.2,1e-08,599.642,91502.5,1e-08,678.662,107975,2.26339e-07,768.083,125705,3.69212e-07,869.267,144088,2.04077e-07,983.76,162277,1e-08,1113.3,179223,1e-08,1259.87,193777,1e-08,1425.68,204839,4.55555e-07,6.2823,3.27286,2.43537,0.219672,6.18826,2.24117,0.56371,6.87772,2.63624,0.308279,11,18,23,0,1,2,2,4,0,1,5,0,1,19,0,6,17,0,4,14,0,4,23,0,3,16,0,7,18,0,10,21,0,12,39,0,6,95,0,7,108,0,21,44,0,14,181,0,24,183,0,15,215,0,20,289,0,21,288,0,8,476,0,39,399,0,41,543,0,58,292,0,35,738,0,42,2067,0,65,1126,0,36,1679,0,137,2007,0,83,2373,0,46,2079,0,139,5356,0,141,4317,0,124,8182,0,268,7128,0,224,15475,0,264,11402,0,219,7165,0,156,20413,0,119,24163,0,325,30920,0,285,67446,0,383,35402,0,291,76512,0,840,124043,0,545,108381,0,754,80408,0,267,145374,0,783,130880,0,1097,76436,0,721,199210,0,1248,299109,0,1626,136401,0
-1.05176e+08,3.28222e-61,8.88811e-15,10,1023,0,1.05176e+08,0.528882,1.08665,0.389689,0.145397,0.379329,3.24381,0.161596,0.446195,1.77396,0.159177,1.15e+07,4.49998e+06,6.79999e+06,1.15e+07,4.49997e+06,6.79999e+06,1.15e+07,4.49996e+06,6.79999e+06,1.15e+07,4.49995e+06,6.79999e+06,1.14999e+07,4.49993e+06,6.79999e+06,1.14999e+07,4.49991e+06,6.79999e+06,1.14999e+07,4.49989e+06,6.79999e+06,1.14999e+07,4.49986e+06,6.79999e+06,1.14999e+07,4.49982e+06,6.79999e+06,1.14999e+07,4.49977e+06,6.79999e+06,1.14999e+07,4.49971e+06,6.79999e+06,1.14999e+07,4.49963e+06,6.79999e+06,1.14998e+07,4.49953e+06,6.79999e+06,1.14998e+07,4.49941e+06,6.79999e+06,1.14998e+07,4.49926e+06,6.79999e+06,1.14998e+07,4.49906e+06,6.79999e+06,1.14997e+07,4.49882e+06,6.79999e+06,1.14997e+07,4.49851e+06,6.79999e+06,1.14997e+07,4.49812e+06,6.79999e+06,1.14996e+07,4.49764e+06,6.79999e+06,1.14996e+07,4.49702e+06,6.79999e+06,1.14995e+07,4.49625e+06,6.79999e+06,1.14995e+07,4.49528e+06,6.79999e+06,1.14994e+07,4.49406e+06,6.79999e+06,1.14993e+07,4.49253e+06,6.79999e+06,1.14992e+07,4.49059e+06,6.79999e+06,1.14991e+07,4.48817e+06,6.79999e+06,1.1499e+07,4.48511e+06,6.79999e+06,1.14988e+07,4.48128e+06,6.79999e+06,1.14987e+07,4.47646e+06,6.79999e+06,1.14985e+07,4.47041e+06,6.79999e+06,1.14983e+07,4.46281e+06,6.79999e+06,1.14981e+07,4.4533e+06,6.79999e+06,1.14979e+07,4.44138e+06,6.79999e+06,1.14976e+07,4.42649e+06,6.79999e+06,1.14972e+07,4.40789e+06,6.79999e+06,1.14969e+07,4.38471e+06,6.79999e+06,1.14965e+07,4.35592e+06,6.79999e+06,1.1496e+07,4.32027e+06,6.79999e+06,1.14955e+07,4.27629e+06,6.79999e+06,1.14949e+07,4.22231e+06,6.79999e+06,1.14942e+07,4.15647e+06,6.79999e+06,1.14934e+07,4.07676e+06,6.79999e+06,1.14926e+07,3.98112e+06,6.79999e+06,1.14916e+07,3.86765e+06,6.79999e+06,1.14905e+07,3.73474e+06,6.79999e+06,1.14892e+07,3.58148e+06,6.79999e+06,1.14878e+07,3.40785e+06,6.79999e+06,1.14862e+07,3.21513e+06,6.79999e+06,1.14844e+07,3.00605e+06,6.79999e+06,1.14823e+07,2.7848e+06,6.79999e+06,1.148e+07,2.5568e+06,6.79999e+06,1.14773e+07,2.32825e+06,6.79999e+06,13.5742,8.52444,0.508366,16.8306,13.2585,0.162638,20.0035,17.569,0.0507846,23.2616,22.4214,0.0158319,26.7328,28.3297,0.00493498,30.5212,35.6974,0.00153831,34.7178,44.9473,0.000479527,39.4086,56.5822,0.000149456,44.6796,71.2245,4.66214e-05,50.6209,89.6543,1.45419e-05,57.3297,112.852,4.54748e-06,64.9129,142.051,1.43857e-06,73.4897,178.803,4.36618e-07,83.1934,225.062,1.40153e-07,94.1745,283.286,4.96378e-08,106.602,356.568,1.05434e-07,120.669,448.799,-6.49244e-08,136.59,564.873,1.70148e-07,154.611,710.948,-5.34594e-08,175.008,894.767,1.63407e-07,198.097,1126.06,8.04804e-08,224.231,1417.07,1.14667e-07,253.813,1783.15,-1.71227e-07,287.297,2243.62,-2.88466e-07,325.198,2822.67,-4.33651e-07,368.098,3550.67,7.9318e-08,416.657,4465.65,3.13319e-07,471.621,5615.16,3.4613e-07,533.835,7058.61,-1.19199e-07,604.255,8870.02,-2.79964e-07,683.962,11141.4,-2.30521e-07,774.182,13986.7,-2.55099e-07,876.299,17546.4,1.23585e-07,991.883,21993.1,1.41192e-07,1122.71,27536.7,-9.71886e-08,1270.78,34430.7,-3.68368e-07,1438.38,42977.7,-3.45379e-07,1628.07,53532.7,-3.25328e-09,1842.77,66504.6,2.6362e-07,2085.77,82350.2,2.53445e-07,2360.79,101560,-2.47407e-08,2672.05,124632,-3.80602e-07,3024.31,152018,-4.79005e-07,3422.98,184060,-1.14379e-07,3874.15,220884,2.64297e-07,4384.72,262283,3.44131e-07,4962.49,307576,7.5349e-08,5616.29,355497,-3.63097e-07,6356.1,404126,-6.05442e-07,7193.18,450932,-2.72333e-07,8140.28,492963,2.29675e-07,9211.79,527178,4.3387e-07,10424,550893,-1.0711e-07,10.102,8.06553,2.81012,10.6436,8.57909,0.869423,11.5336,10.2515,0.270869,12.7211,12.7138,0.0844293,14.1823,15.9373,0.0263173,15.9122,20.0383,0.0082035,17.9198,25.2154,0.00255722,20.2244,31.7373,0.000797017,22.8539,39.9486,0.000248622,25.8438,50.2851,7.75492e-05,29.237,63.2963,2.42508e-05,33.0837,79.6738,7.67162e-06,37.4415,100.288,2.32837e-06,42.3767,126.236,7.33e-07,47.9646,158.896,2.79256e-07,54.2906,200.003,9.87351e-09,61.452,251.741,1.61085e-07,69.5585,316.859,-2.47141e-07,78.7347,398.812,8.93552e-08,89.1218,501.948,-2.53231e-07,100.879,631.736,-1.25047e-07,114.188,795.049,-1.78808e-07,129.252,1000.53,2.6733e-07,146.304,1259.03,4.50292e-07,165.605,1584.19,6.76904e-07,187.452,1993.12,-1.23808e-07,212.181,2507.27,-4.89068e-07,240.173,3153.54,-5.40284e-07,271.856,3965.56,1.86061e-07,307.719,4985.38,4.37004e-07,348.313,6265.4,3.59828e-07,394.26,7870.83,3.98192e-07,446.268,9882.51,-1.92908e-07,505.135,12400.3,-2.20392e-07,571.766,15546.9,1.51705e-07,647.184,19472.2,5.74996e-07,732.547,24357.4,5.39112e-07,829.167,30420,5.07815e-09,938.526,37916.3,-4.11492e-07,1062.3,47143.9,-3.9561e-07,1202.4,58439.2,3.86185e-08,1360.96,72169.3,5.94093e-07,1540.42,88715.8,7.47693e-07,1743.53,108445,1.78537e-07,1973.41,131665,-4.12549e-07,2233.57,158557,-5.37164e-07,2528,189103,-1.17615e-07,2861.2,222986,5.66769e-07,3238.27,259510,9.45053e-07,3664.97,297540,4.25093e-07,4147.81,335497,-3.58506e-07,4694.17,371444,-6.7724e-07,5312.37,403256,1.67192e-07,1.61744,3.89446,9.84394,3.28846,7.5504,12.774,5.07607,11.7187,13.6844,7.03202,16.8147,13.9681,9.20215,23.1769,14.0566,11.6301,31.1672,14.0841,14.3598,41.2186,14.0927,17.4376,53.8688,14.0954,20.9137,69.7915,14.0962,24.8432,89.8341,14.0965,29.2879,115.063,14.0966,34.3168,146.819,14.0966,40.0078,186.792,14.0966,46.4487,237.107,14.0966,53.7388,300.44,14.0966,61.9903,380.158,14.0966,71.3301,480.499,14.0966,81.902,606.796,14.0966,93.8685,765.761,14.0966,107.414,965.837,14.0966,122.746,1217.65,14.0966,140.101,1534.57,14.0966,159.745,1933.41,14.0966,181.981,2435.3,14.0966,207.15,3066.85,14.0966,235.64,3861.46,14.0966,267.889,4861.11,14.0966,304.391,6118.54,14.0966,345.709,7699.91,14.0966,392.478,9688.22,14.0966,445.417,12187.5,14.0966,505.339,15327.7,14.0966,573.165,19271.6,14.0966,649.938,24222,14.0966,736.839,30430.9,14.0966,835.202,38211.5,14.0966,946.539,47950.3,14.0966,1072.56,60122.8,14.0966,1215.21,75309.9,14.0966,1376.66,94216.2,14.0966,1559.41,117688,14.0966,1766.26,146729,14.0966,2000.39,182510,14.0966,2265.39,226372,14.0966,2565.33,279806,14.0966,2904.81,344416,14.0966,3289.05,421845,14.0966,3723.93,513667,14.0966,4216.13,621231,14.0966,4773.18,745478,14.0966,5403.64,886744,14.0966,6117.15,1.04457e+06,14.0966,6924.63,1.2176e+06,14.0966,11.7194,11.96,12.6541,13.9321,16.1295,13.6434,16.6097,21.9702,13.9553,19.7532,29.5285,14.0526,23.3844,39.1143,14.0829,27.5423,51.2054,14.0923,32.2796,66.434,14.0953,37.662,85.6061,14.0962,43.7675,109.74,14.0965,50.687,140.119,14.0966,58.5249,178.359,14.0966,67.4005,226.493,14.0966,77.4493,287.08,14.0966,88.8254,363.343,14.0966,101.703,459.336,14.0966,116.281,580.161,14.0966,132.782,732.241,14.0966,151.46,923.655,14.0966,172.603,1164.57,14.0966,196.535,1467.79,14.0966,223.625,1849.39,14.0966,254.288,2329.62,14.0966,288.997,2933.93,14.0966,328.285,3694.33,14.0966,372.755,4651.04,14.0966,423.092,5854.57,14.0966,480.07,7368.38,14.0966,544.564,9272.08,14.0966,617.566,11665.5,14.0966,700.197,14673.6,14.0966,793.729,18452.9,14.0966,899.599,23198.6,14.0966,1019.43,29154.1,14.0966,1155.07,36622.3,14.0966,1308.6,45977.9,14.0966,1482.39,57683.7,14.0966,1679.09,72307.8,14.0966,1901.73,90542.8,14.0966,2153.73,113226,14.0966,2438.97,141360,14.0966,2761.81,176127,14.0966,3127.22,218898,14.0966,3540.81,271226,14.0966,4008.92,334817,14.0966,4538.74,411470,14.0966,5138.38,502973,14.0966,5817.04,610948,14.0966,6585.12,736653,14.0966,7454.39,880741,14.0966,8438.15,1.04302e+06,14.0966,9551.45,1.22224e+06,14.0966,10811.3,1.41602e+06,14.0966,12237,1.62086e+06,14.0966,11.7194,11.96,12.6541,2.21263,4.16949,0.989383,2.67766,5.84076,0.311842,3.14343,7.55825,0.0972771,3.63127,9.58578,0.0303237,4.15787,12.0912,0.00945211,4.73731,15.2286,0.00294633,5.38238,19.1721,0.000918508,6.10553,24.134,0.000286163,6.91951,30.3791,8.92692e-05,7.83792,38.2397,2.78121e-05,8.87555,48.1338,8.65134e-06,10.0489,60.5876,2.7882e-06,11.3761,76.2629,8.29036e-07,12.8779,95.9927,2.4373e-07,14.5775,120.825,4.33068e-09,16.5012,152.08,1.75749e-07,18.6784,191.415,-1.86328e-07,21.1428,240.917,1.91829e-07,23.9322,303.213,-1.81475e-07,27.0895,381.602,7.0186e-08,30.6634,480.231,-2.86769e-08,34.7087,604.316,2.40784e-07,39.2876,760.401,9.87368e-08,44.4705,956.705,1.22263e-07,50.3371,1203.54,-4.31966e-07,56.9776,1513.81,-1.9705e-07,64.494,1903.69,-2.763e-08,73.0018,2393.4,3.9185e-07,82.6317,3008.13,1.35379e-07,93.5318,3779.25,-4.16351e-08,105.869,4745.7,2.06965e-08,119.834,5955.6,-3.18887e-07,135.641,7468.12,-1.48271e-08,153.531,9355.62,2.00739e-07,173.781,11705.8,2.28358e-07,196.701,14624.1,-1.93587e-08,222.642,18235,-2.88101e-07,252.003,22683.4,-2.24732e-07,285.234,28134,8.56806e-09,322.845,34767,2.34258e-07,365.413,42770.9,2.99668e-07,413.588,52327.9,8.28644e-08,468.111,63591.2,-3.07049e-07,529.814,76653.2,-3.1888e-07,599.642,91502.5,-6.72276e-08,678.662,107975,2.26339e-07,768.083,125705,3.69212e-07,869.267,144088,2.04077e-07,983.76,162277,-2.80509e-07,1113.3,179223,-4.22737e-07,1259.87,193777,-1.71951e-07,1425.68,204839,4.55555e-07,11.7194,11.96,12.6541,2.21263,4.16949,0.989383,2.67766,5.84076,0.311842,3.14343,7.55825,0.0972771,3.63127,9.58578,0.0303237,4.15787,12.0912,0.00945211,4.73731,15.2286,0.00294633,5.38238,19.1721,0.000918508,6.10553,24.134,0.000286163,6.91951,30.3791,8.92692e-05,7.83792,38.2397,2.78121e-05,8.87555,48.1338,8.65134e-06,10.0489,60.5876,2.7882e-06,11.3761,76.2629,8.29036e-07,12.8779,95.9927,2.4373e-07,14.5775,120.825,1e-08,16.5012,152.08,1.75749e-07,18.6784,191.415,1e-08,21.1428,240.917,1.91829e-07,23.9322,303.213,1e-08,27.0895,381.602,7.0186e-08,30.6634,480.231,1e-08,34.7087,604.316,2.40784e-07,39.2876,760.401,9.87368e-08,44.4705,956.705,1.22263e-07,50.3371,1203.54,1e-08,56.9776,1513.81,1e-08,64.494,1903.69,1e-08,73.0018,2393.4,3.9185e-07,82.6317,3008.13,1.35379e-07,93.5318,3779.25,1e-08,105.869,4745.7,2.06965e-08,119.834,5955.6,1e-08,135.641,7468.12,1e-08,153.531,9355.62,2.00739e-07,173.781,11705.8,2.28358e-07,196.701,14624.1,1e-08,222.642,18235,1e-08,252.003,22683.4,1e-08,285.234,28134,1e-08,322.845,34767,2.34258e-07,365.413,42770.9,2.99668e-07,413.588,52327.9,8.28644e-08,468.111,63591.2,1e-08,529.814,76653.2,1e-08,599.642,91502.5,1e-08,678.662,107975,2.26339e-07,768.083,125705,3.69212e-07,869.267,144088,2.04077e-07,983.76,162277,1e-08,1113.3,179223,1e-08,1259.87,193777,1e-08,1425.68,204839,4.55555e-07,6.2823,3.27286,2.43537,0.219672,6.18826,2.24117,0.56371,6.87772,2.63624,0.308279,10,15,11,1,5,0,1,3,0,4,8,1,4,12,0,5,6,0,9,16,0,5,12,0,5,29,0,7,56,0,11,49,0,11,27,0,9,66,0,15,44,0,29,76,0,4,92,0,16,156,0,12,233,0,22,301,0,38,227,0,26,234,0,33,443,0,35,595,0,23,408,0,71,599,0,57,1659,0,46,1459,0,64,1512,0,108,3228,0,104,3432,0,112,2049,0,49,3354,0,95,5244,0,91,5440,0,128,11368,0,228,13018,0,193,17342,0,119,9758,0,523,9726,0,348,19352,0,390,11600,0,342,20031,0,164,75057,0,256,39066,0,459,56922,0,442,91947,0,198,109483,0,620,145335,0,378,128845,0,1095,115311,0,794,284688,0,930,311452,0,1284,172719,0
-1.05176e+08,1,8.88811e-15,10,1023,0,1.05176e+08,0.528882,1.08665,0.389689,0.145397,0.379329,3.24381,0.161596,0.446195,1.77396,0.159177,1.15e+07,4.49998e+06,6.79999e+06,1.15e+07,4.49997e+06,6.79999e+06,1.15e+07,4.49996e+06,6.79999e+06,1.15e+07,4.49995e+06,6.79999e+06,1.14999e+07,4.49993e+06,6.79999e+06,1.14999e+07,4.49991e+06,6.79999e+06,1.14999e+07,4.49989e+06,6.79999e+06,1.14999e+07,4.49986e+06,6.79999e+06,1.14999e+07,4.49982e+06,6.79999e+06,1.14999e+07,4.49977e+06,6.79999e+06,1.14999e+07,4.49971e+06,6.79999e+06,1.14999e+07,4.49963e+06,6.79999e+06,1.14998e+07,4.49953e+06,6.79999e+06,1.14998e+07,4.49941e+06,6.79999e+06,1.14998e+07,4.49926e+06,6.79999e+06,1.14998e+07,4.49906e+06,6.79999e+06,1.14997e+07,4.49882e+06,6.79999e+06,1.14997e+07,4.49851e+06,6.79999e+06,1.14997e+07,4.49812e+06,6.79999e+06,1.14996e+07,4.49764e+06,6.79999e+06,1.14996e+07,4.49702e+06,6.79999e+06,1.14995e+07,4.49625e+06,6.79999e+06,1.14995e+07,4.49528e+06,6.79999e+06,1.14994e+07,4.49406e+06,6.79999e+06,1.14993e+07,4.49253e+06,6.79999e+06,1.14992e+07,4.49059e+06,6.79999e+06,1.14991e+07,4.48817e+06,6.79999e+06,1.1499e+07,4.48511e+06,6.79999e+06,1.14988e+07,4.48128e+06,6.79999e+06,1.14987e+07,4.47646e+06,6.79999e+06,1.14985e+07,4.47041e+06,6.79999e+06,1.14983e+07,4.46281e+06,6.79999e+06,1.14981e+07,4.4533e+06,6.79999e+06,1.14979e+07,4.44138e+06,6.79999e+06,1.14976e+07,4.42649e+06,6.79999e+06,1.14972e+07,4.40789e+06,6.79999e+06,1.14969e+07,4.38471e+06,6.79999e+06,1.14965e+07,4.35592e+06,6.79999e+06,1.1496e+07,4.32027e+06,6.79999e+06,1.14955e+07,4.27629e+06,6.79999e+06,1.14949e+07,4.22231e+06,6.79999e+06,1.14942e+07,4.15647e+06,6.79999e+06,1.14934e+07,4.07676e+06,6.79999e+06,1.14926e+07,3.98112e+06,6.79999e+06,1.14916e+07,3.86765e+06,6.79999e+06,1.14905e+07,3.73474e+06,6.79999e+06,1.14892e+07,3.58148e+06,6.79999e+06,1.14878e+07,3.40785e+06,6.79999e+06,1.14862e+07,3.21513e+06,6.79999e+06,1.14844e+07,3.00605e+06,6.79999e+06,1.14823e+07,2.7848e+06,6.79999e+06,1.148e+07,2.5568e+06,6.79999e+06,1.14773e+07,2.32825e+06,6.79999e+06,13.5742,8.52444,0.508366,16.8306,13.2585,0.162638,20.0035,17.569,0.0507846,23.2616,22.4214,0.0158319,26.7328,28.3297,0.00493498,30.5212,35.6974,0.00153831,34.7178,44.9473,0.000479527,39.4086,56.5822,0.000149456,44.6796,71.2245,4.66214e-05,50.6209,89.6543,1.45419e-05,57.3297,112.852,4.54748e-06,64.9129,142.051,1.43857e-06,73.4897,178.803,4.36618e-07,83.1934,225.062,1.40153e-07,94.1745,283.286,4.96378e-08,106.602,356.568,1.05434e-07,120.669,448.799,-6.49244e-08,136.59,564.873,1.70148e-07,154.611,710.948,-5.34594e-08,175.008,894.767,1.63407e-07,198.097,1126.06,8.04804e-08,224.231,1417.07,1.14667e-07,253.813,1783.15,-1.71227e-07,287.297,2243.62,-2.88466e-07,325.198,2822.67,-4.33651e-07,368.098,3550.67,7.9318e-08,416.657,4465.65,3.13319e-07,471.621,5615.16,3.4613e-07,533.835,7058.61,-1.19199e-07,604.255,8870.02,-2.79964e-07,683.962,11141.4,-2.30521e-07,774.182,13986.7,-2.55099e-07,876.299,17546.4,1.23585e-07,991.883,21993.1,1.41192e-07,1122.71,27536.7,-9.71886e-08,1270.78,34430.7,-3.68368e-07,1438.38,42977.7,-3.45379e-07,1628.07,53532.7,-3.25328e-09,1842.77,66504.6,2.6362e-07,2085.77,82350.2,2.53445e-07,2360.79,101560,-2.47407e-08,2672.05,124632,-3.80602e-07,3024.31,152018,-4.79005e-07,3422.98,184060,-1.14379e-07,3874.15,220884,2.64297e-07,4384.72,262283,3.44131e-07,4962.49,307576,7.5349e-08,5616.29,355497,-3.63097e-07,6356.1,404126,-6.05442e-07,7193.18,450932,-2.72333e-07,8140.28,492963,2.29675e-07,9211.79,527178,4.3387e-07,10424,550893,-1.0711e-07,10.102,8.06553,2.81012,10.6436,8.57909,0.869423,11.5336,10.2515,0.270869,12.7211,12.7138,0.0844293,14.1823,15.9373,0.0263173,15.9122,20.0383,0.0082035,17.9198,25.2154,0.00255722,20.2244,31.7373,0.000797017,22.8539,39.9486,0.000248622,25.8438,50.2851,7.75492e-05,29.237,63.2963,2.42508e-05,33.0837,79.6738,7.67162e-06,37.4415,100.288,2.32837e-06,42.3767,126.236,7.33e-07,47.9646,158.896,2.79256e-07,54.2906,200.003,9.87351e-09,61.452,251.741,1.61085e-07,69.5585,316.859,-2.47141e-07,78.7347,398.812,8.93552e-08,89.1218,501.948,-2.53231e-07,100.879,631.736,-1.25047e-07,114.188,795.049,-1.78808e-07,129.252,1000.53,2.6733e-07,146.304,1259.03,4.50292e-07,165.605,1584.19,6.76904e-07,187.452,1993.12,-1.23808e-07,212.181,2507.27,-4.89068e-07,240.173,3153.54,-5.40284e-07,271.856,3965.56,1.86061e-07,307.719,4985.38,4.37004e-07,348.313,6265.4,3.59828e-07,394.26,7870.83,3.98192e-07,446.268,9882.51,-1.92908e-07,505.135,12400.3,-2.20392e-07,571.766,15546.9,1.51705e-07,647.184,19472.2,5.74996e-07,732.547,24357.4,5.39112e-07,829.167,30420,5.07815e-09,938.526,37916.3,-4.11492e-07,1062.3,47143.9,-3.9561e-07,1202.4,58439.2,3.86185e-08,1360.96,72169.3,5.94093e-07,1540.42,88715.8,7.47693e-07,1743.53,108445,1.78537e-07,1973.41,131665,-4.12549e-07,2233.57,158557,-5.37164e-07,2528,189103,-1.17615e-07,2861.2,222986,5.66769e-07,3238.27,259510,9.45053e-07,3664.97,297540,4.25093e-07,4147.81,335497,-3.58506e-07,4694.17,371444,-6.7724e-07,5312.37,403256,1.67192e-07,1.61744,3.89446,9.84394,3.28846,7.5504,12.774,5.07607,11.7187,13.6844,7.03202,16.8147,13.9681,9.20215,23.1769,14.0566,11.6301,31.1672,14.0841,14.3598,41.2186,14.0927,17.4376,53.8688,14.0954,20.9137,69.7915,14.0962,24.8432,89.8341,14.0965,29.2879,115.063,14.0966,34.3168,146.819,14.0966,40.0078,186.792,14.0966,46.4487,237.107,14.0966,53.7388,300.44,14.0966,61.9903,380.158,14.0966,71.3301,480.499,14.0966,81.902,606.796,14.0966,93.8685,765.761,14.0966,107.414,965.837,14.0966,122.746,1217.65,14.0966,140.101,1534.57,14.0966,159.745,1933.41,14.0966,181.981,2435.3,14.0966,207.15,3066.85,14.0966,235.64,3861.46,14.0966,267.889,4861.11,14.0966,304.391,6118.54,14.0966,345.709,7699.91,14.0966,392.478,9688.22,14.0966,445.417,12187.5,14.0966,505.339,15327.7,14.0966,573.165,19271.6,14.0966,649.938,24222,14.0966,736.839,30430.9,14.0966,835.202,38211.5,14.0966,946.539,47950.3,14.0966,1072.56,60122.8,14.0966,1215.21,75309.9,14.0966,1376.66,94216.2,14.0966,1559.41,117688,14.0966,1766.26,146729,14.0966,2000.39,182510,14.0966,2265.39,226372,14.0966,2565.33,279806,14.0966,2904.81,344416,14.0966,3289.05,421845,14.0966,3723.93,513667,14.0966,4216.13,621231,14.0966,4773.18,745478,14.0966,5403.64,886744,14.0966,6117.15,1.04457e+06,14.0966,6924.63,1.2176e+06,14.0966,11.7194,11.96,12.6541,13.9321,16.1295,13.6434,16.6097,21.9702,13.9553,19.7532,29.5285,14.0526,23.3844,39.1143,14.0829,27.5423,51.2054,14.0923,32.2796,66.434,14.0953,37.662,85.6061,14.0962,43.7675,109.74,14.0965,50.687,140.119,14.0966,58.5249,178.359,14.0966,67.4005,226.493,14.0966,77.4493,287.08,14.0966,88.8254,363.343,14.0966,101.703,459.336,14.0966,116.281,580.161,14.0966,132.782,732.241,14.0966,151.46,923.655,14.0966,172.603,1164.57,14.0966,196.535,1467.79,14.0966,223.625,1849.39,14.0966,254.288,2329.62,14.0966,288.997,2933.93,14.0966,328.285,3694.33,14.0966,372.755,4651.04,14.0966,423.092,5854.57,14.0966,480.07,7368.38,14.0966,544.564,9272.08,14.0966,617.566,11665.5,14.0966,700.197,14673.6,14.0966,793.729,18452.9,14.0966,899.599,23198.6,14.0966,1019.43,29154.1,14.0966,1155.07,36622.3,14.0966,1308.6,45977.9,14.0966,1482.39,57683.7,14.0966,1679.09,72307.8,14.0966,1901.73,90542.8,14.0966,2153.73,113226,14.0966,2438.97,141360,14.0966,2761.81,176127,14.0966,3127.22,218898,14.0966,3540.81,271226,14.0966,4008.92,334817,14.0966,4538.74,411470,14.0966,5138.38,502973,14.0966,5817.04,610948,14.0966,6585.12,736653,14.0966,7454.39,880741,14.0966,8438.15,1.04302e+06,14.0966,9551.45,1.22224e+06,14.0966,10811.3,1.41602e+06,14.0966,12237,1.62086e+06,14.0966,11.7194,11.96,12.6541,2.21263,4.16949,0.989383,2.67766,5.84076,0.311842,3.14343,7.55825,0.0972771,3.63127,9.58578,0.0303237,4.15787,12.0912,0.00945211,4.73731,15.2286,0.00294633,5.38238,19.1721,0.000918508,6.10553,24.134,0.000286163,6.91951,30.3791,8.92692e-05,7.83792,38.2397,2.78121e-05,8.87555,48.1338,8.65134e-06,10.0489,60.5876,2.7882e-06,11.3761,76.2629,8.29036e-07,12.8779,95.9927,2.4373e-07,14.5775,120.825,4.33068e-09,16.5012,152.08,1.75749e-07,18.6784,191.415,-1.86328e-07,21.1428,240.917,1.91829e-07,23.9322,303.213,-1.81475e-07,27.0895,381.602,7.0186e-08,30.6634,480.231,-2.86769e-08,34.7087,604.316,2.40784e-07,39.2876,760.401,9.87368e-08,44.4705,956.705,1.22263e-07,50.3371,1203.54,-4.31966e-07,56.9776,1513.81,-1.9705e-07,64.494,1903.69,-2.763e-08,73.0018,2393.4,3.9185e-07,82.6317,3008.13,1.35379e-07,93.5318,3779.25,-4.16351e-08,105.869,4745.7,2.06965e-08,119.834,5955.6,-3.18887e-07,135.641,7468.12,-1.48271e-08,153.531,9355.62,2.00739e-07,173.781,11705.8,2.28358e-07,196.701,14624.1,-1.93587e-08,222.642,18235,-2.88101e-07,252.003,22683.4,-2.24732e-07,285.234,28134,8.56806e-09,322.845,34767,2.34258e-07,365.413,42770.9,2.99668e-07,413.588,52327.9,8.28644e-08,468.111,63591.2,-3.07049e-07,529.814,76653.2,-3.1888e-07,599.642,91502.5,-6.72276e-08,678.662,107975,2.26339e-07,768.083,125705,3.69212e-07,869.267,144088,2.04077e-07,983.76,162277,-2.80509e-07,1113.3,179223,-4.22737e-07,1259.87,193777,-1.71951e-07,1425.68,204839,4.55555e-07,11.7194,11.96,12.6541,2.21263,4.16949,0.989383,2.67766,5.84076,0.311842,3.14343,7.55825,0.0972771,3.63127,9.58578,0.0303237,4.15787,12.0912,0.00945211,4.73731,15.2286,0.00294633,5.38238,19.1721,0.000918508,6.10553,24.134,0.000286163,6.91951,30.3791,8.92692e-05,7.83792,38.2397,2.78121e-05,8.87555,48.1338,8.65134e-06,10.0489,60.5876,2.7882e-06,11.3761,76.2629,8.29036e-07,12.8779,95.9927,2.4373e-07,14.5775,120.825,1e-08,16.5012,152.08,1.75749e-07,18.6784,191.415,1e-08,21.1428,240.917,1.91829e-07,23.9322,303.213,1e-08,27.0895,381.602,7.0186e-08,30.6634,480.231,1e-08,34.7087,604.316,2.40784e-07,39.2876,760.401,9.87368e-08,44.4705,956.705,1.22263e-07,50.3371,1203.54,1e-08,56.9776,1513.81,1e-08,64.494,1903.69,1e-08,73.0018,2393.4,3.9185e-07,82.6317,3008.13,1.35379e-07,93.5318,3779.25,1e-08,105.869,4745.7,2.06965e-08,119.834,5955.6,1e-08,135.641,7468.12,1e-08,153.531,9355.62,2.00739e-07,173.781,11705.8,2.28358e-07,196.701,14624.1,1e-08,222.642,18235,1e-08,252.003,22683.4,1e-08,285.234,28134,1e-08,322.845,34767,2.34258e-07,365.413,42770.9,2.99668e-07,413.588,52327.9,8.28644e-08,468.111,63591.2,1e-08,529.814,76653.2,1e-08,599.642,91502.5,1e-08,678.662,107975,2.26339e-07,768.083,125705,3.69212e-07,869.267,144088,2.04077e-07,983.76,162277,1e-08,1113.3,179223,1e-08,1259.87,193777,1e-08,1425.68,204839,4.55555e-07,6.2823,3.27286,2.43537,0.219672,6.18826,2.24117,0.56371,6.87772,2.63624,0.308279,9,7,10,2,5,3,2,8,0,1,1,1,6,3,0,5,23,0,10,10,0,1,29,0,12,25,0,8,22,0,10,31,0,6,21,0,11,42,0,11,60,0,4,141,0,16,131,0,9,46,0,13,104,0,11,268,0,15,199,0,29,471,0,32,683,0,43,186,0,23,550,0,35,355,0,44,483,0,76,1452,0,96,1371,0,49,1540,0,61,1957,0,73,4455,0,87,4999,0,241,6167,0,105,6910,0,135,5644,0,187,7156,0,147,12922,0,392,16201,0,163,24304,0,337,27761,0,214,38210,0,362,36045,0,563,22602,0,260,59797,0,714,79059,0,614,59731,0,812,79513,0,495,146369,0,1355,133034,0,1206,251737,0,1315,179507,0,1029,193123,0,1864,205186,0
-1.05176e+08,1,8.88811e-15,10,1023,0,1.05176e+08,0.528882,1.08665,0.389689,0.145397,0.379329,3.24381,0.161596,0.446195,1.77396,0.159177,1.15e+07,4.49998e+06,6.79999e+06,1.15e+07,4.49997e+06,6.79999e+06,1.15e+07,4.49996e+06,6.79999e+06,1.15e+07,4.49995e+06,6.79999e+06,1.14999e+07,4.49993e+06,6.79999e+06,1.14999e+07,4.49991e+06,6.79999e+06,1.14999e+07,4.49989e+06,6.79999e+06,1.14999e+07,4.49986e+06,6.79999e+06,1.14999e+07,4.49982e+06,6.79999e+06,1.14999e+07,4.49977e+06,6.79999e+06,1.14999e+07,4.49971e+06,6.79999e+06,1.14999e+07,4.49963e+06,6.79999e+06,1.14998e+07,4.49953e+06,6.79999e+06,1.14998e+07,4.49941e+06,6.79999e+06,1.14998e+07,4.49926e+06,6.79999e+06,1.14998e+07,4.49906e+06,6.79999e+06,1.14997e+07,4.49882e+06,6.79999e+06,1.14997e+07,4.49851e+06,6.79999e+06,1.14997e+07,4.49812e+06,6.79999e+06,1.14996e+07,4.49764e+06,6.79999e+06,1.14996e+07,4.49702e+06,6.79999e+06,1.14995e+07,4.49625e+06,6.79999e+06,1.14995e+07,4.49528e+06,6.79999e+06,1.14994e+07,4.49406e+06,6.79999e+06,1.14993e+07,4.49253e+06,6.79999e+06,1.14992e+07,4.49059e+06,6.79999e+06,1.14991e+07,4.48817e+06,6.79999e+06,1.1499e+07,4.48511e+06,6.79999e+06,1.14988e+07,4.48128e+06,6.79999e+06,1.14987e+07,4.47646e+06,6.79999e+06,1.14985e+07,4.47041e+06,6.79999e+06,1.14983e+07,4.46281e+06,6.79999e+06,1.14981e+07,4.4533e+06,6.79999e+06,1.14979e+07,4.44138e+06,6.79999e+06,1.14976e+07,4.42649e+06,6.79999e+06,1.14972e+07,4.40789e+06,6.79999e+06,1.14969e+07,4.38471e+06,6.79999e+06,1.14965e+07,4.35592e+06,6.79999e+06,1.1496e+07,4.32027e+06,6.79999e+06,1.14955e+07,4.27629e+06,6.79999e+06,1.14949e+07,4.22231e+06,6.79999e+06,1.14942e+07,4.15647e+06,6.79999e+06,1.14934e+07,4.07676e+06,6.79999e+06,1.14926e+07,3.98112e+06,6.79999e+06,1.14916e+07,3.86765e+06,6.79999e+06,1.14905e+07,3.73474e+06,6.79999e+06,1.14892e+07,3.58148e+06,6.79999e+06,1.14878e+07,3.40785e+06,6.79999e+06,1.14862e+07,3.21513e+06,6.79999e+06,1.14844e+07,3.00605e+06,6.79999e+06,1.14823e+07,2.7848e+06,6.79999e+06,1.148e+07,2.5568e+06,6.79999e+06,1.14773e+07,2.32825e+06,6.79999e+06,13.5742,8.52444,0.508366,16.8306,13.2585,0.162638,20.0035,17.569,0.0507846,23.2616,22.4214,0.0158319,26.7328,28.3297,0.00493498,30.5212,35.6974,0.00153831,34.7178,44.9473,0.000479527,39.4086,56.5822,0.000149456,44.6796,71.2245,4.66214e-05,50.6209,89.6543,1.45419e-05,57.3297,112.852,4.54748e-06,64.9129,142.051,1.43857e-06,73.4897,178.803,4.36618e-07,83.1934,225.062,1.40153e-07,94.1745,283.286,4.96378e-08,106.602,356.568,1.05434e-07,120.669,448.799,-6.49244e-08,136.59,564.873,1.70148e-07,154.611,710.948,-5.34594e-08,175.008,894.767,1.63407e-07,198.097,1126.06,8.04804e-08,224.231,1417.07,1.14667e-07,253.813,1783.15,-1.71227e-07,287.297,2243.62,-2.88466e-07,325.198,2822.67,-4.33651e-07,368.098,3550.67,7.9318e-08,416.657,4465.65,3.13319e-07,471.621,5615.16,3.4613e-07,533.835,7058.61,-1.19199e-07,604.255,8870.02,-2.79964e-07,683.962,11141.4,-2.30521e-07,774.182,13986.7,-2.55099e-07,876.299,17546.4,1.23585e-07,991.883,21993.1,1.41192e-07,1122.71,27536.7,-9.71886e-08,1270.78,34430.7,-3.68368e-07,1438.38,42977.7,-3.45379e-07,1628.07,53532.7,-3.25328e-09,1842.77,66504.6,2.6362e-07,2085.77,82350.2,2.53445e-07,2360.79,101560,-2.47407e-08,2672.05,124632,-3.80602e-07,3024.31,152018,-4.79005e-07,3422.98,184060,-1.14379e-07,3874.15,220884,2.64297e-07,4384.72,262283,3.44131e-07,4962.49,307576,7.5349e-08,5616.29,355497,-3.63097e-07,6356.1,404126,-6.05442e-07,7193.18,450932,-2.72333e-07,8140.28,492963,2.29675e-07,9211.79,527178,4.3387e-07,10424,550893,-1.0711e-07,10.102,8.06553,2.81012,10.6436,8.57909,0.869423,11.5336,10.2515,0.270869,12.7211,12.7138,0.0844293,14.1823,15.9373,0.0263173,15.9122,20.0383,0.0082035,17.9198,25.2154,0.00255722,20.2244,31.7373,0.000797017,22.8539,39.9486,0.000248622,25.8438,50.2851,7.75492e-05,29.237,63.2963,2.42508e-05,33.0837,79.6738,7.67162e-06,37.4415,100.288,2.32837e-06,42.3767,126.236,7.33e-07,47.9646,158.896,2.79256e-07,54.2906,200.003,9.87351e-09,61.452,251.741,1.61085e-07,69.5585,316.859,-2.47141e-07,78.7347,398.812,8.93552e-08,89.1218,501.948,-2.53231e-07,100.879,631.736,-1.25047e-07,114.188,795.049,-1.78808e-07,129.252,1000.53,2.6733e-07,146.304,1259.03,4.50292e-07,165.605,1584.19,6.76904e-07,187.452,1993.12,-1.23808e-07,212.181,2507.27,-4.89068e-07,240.173,3153.54,-5.40284e-07,271.856,3965.56,1.86061e-07,307.719,4985.38,4.37004e-07,348.313,6265.4,3.59828e-07,394.26,7870.83,3.98192e-07,446.268,9882.51,-1.92908e-07,505.135,12400.3,-2.20392e-07,571.766,15546.9,1.51705e-07,647.184,19472.2,5.74996e-07,732.547,24357.4,5.39112e-07,829.167,30420,5.07815e-09,938.526,37916.3,-4.11492e-07,1062.3,47143.9,-3.9561e-07,1202.4,58439.2,3.86185e-08,1360.96,72169.3,5.94093e-07,1540.42,88715.8,7.47693e-07,1743.53,108445,1.78537e-07,1973.41,131665,-4.12549e-07,2233.57,158557,-5.37164e-07,2528,189103,-1.17615e-07,2861.2,222986,5.66769e-07,3238.27,259510,9.45053e-07,3664.97,297540,4.25093e-07,4147.81,335497,-3.58506e-07,4694.17,371444,-6.7724e-07,5312.37,403256,1.67192e-07,1.61744,3.89446,9.84394,3.28846,7.5504,12.774,5.07607,11.7187,13.6844,7.03202,16.8147,13.9681,9.20215,23.1769,14.0566,11.6301,31.1672,14.0841,14.3598,41.2186,14.0927,17.4376,53.8688,14.0954,20.9137,69.7915,14.0962,24.8432,89.8341,14.0965,29.2879,115.063,14.0966,34.3168,146.819,14.0966,40.0078,186.792,14.0966,46.4487,237.107,14.0966,53.7388,300.44,14.0966,61.9903,380.158,14.0966,71.3301,480.499,14.0966,81.902,606.796,14.0966,93.8685,765.761,14.0966,107.414,965.837,14.0966,122.746,1217.65,14.0966,140.101,1534.57,14.0966,159.745,1933.41,14.0966,181.981,2435.3,14.0966,207.15,3066.85,14.0966,235.64,3861.46,14.0966,267.889,4861.11,14.0966,304.391,6118.54,14.0966,345.709,7699.91,14.0966,392.478,9688.22,14.0966,445.417,12187.5,14.0966,505.339,15327.7,14.0966,573.165,19271.6,14.0966,649.938,24222,14.0966,736.839,30430.9,14.0966,835.202,38211.5,14.0966,946.539,47950.3,14.0966,1072.56,60122.8,14.0966,1215.21,75309.9,14.0966,1376.66,94216.2,14.0966,1559.41,117688,14.0966,1766.26,146729,14.0966,2000.39,182510,14.0966,2265.39,226372,14.0966,2565.33,279806,14.0966,2904.81,344416,14.0966,3289.05,421845,14.0966,3723.93,513667,14.0966,4216.13,621231,14.0966,4773.18,745478,14.0966,5403.64,886744,14.0966,6117.15,1.04457e+06,14.0966,6924.63,1.2176e+06,14.0966,11.7194,11.96,12.6541,13.9321,16.1295,13.6434,16.6097,21.9702,13.9553,19.7532,29.5285,14.0526,23.3844,39.1143,14.0829,27.5423,51.2054,14.0923,32.2796,66.434,14.0953,37.662,85.6061,14.0962,43.7675,109.74,14.0965,50.687,140.119,14.0966,58.5249,178.359,14.0966,67.4005,226.493,14.0966,77.4493,287.08,14.0966,88.8254,363.343,14.0966,101.703,459.336,14.0966,116.281,580.161,14.0966,132.782,732.241,14.0966,151.46,923.655,14.0966,172.603,1164.57,14.0966,196.535,1467.79,14.0966,223.625,1849.39,14.0966,254.288,2329.62,14.0966,288.997,2933.93,14.0966,328.285,3694.33,14.0966,372.755,4651.04,14.0966,423.092,5854.57,14.0966,480.07,7368.38,14.0966,544.564,9272.08,14.0966,617.566,11665.5,14.0966,700.197,14673.6,14.0966,793.729,18452.9,14.0966,899.599,23198.6,14.0966,1019.43,29154.1,14.0966,1155.07,36622.3,14.0966,1308.6,45977.9,14.0966,1482.39,57683.7,14.0966,1679.09,72307.8,14.0966,1901.73,90542.8,14.0966,2153.73,113226,14.0966,2438.97,141360,14.0966,2761.81,176127,14.0966,3127.22,218898,14.0966,3540.81,271226,14.0966,4008.92,334817,14.0966,4538.74,411470,14.0966,5138.38,502973,14.0966,5817.04,610948,14.0966,6585.12,736653,14.0966,7454.39,880741,14.0966,8438.15,1.04302e+06,14.0966,9551.45,1.22224e+06,14.0966,10811.3,1.41602e+06,14.0966,12237,1.62086e+06,14.0966,11.7194,11.96,12.6541,2.21263,4.16949,0.989383,2.67766,5.84076,0.311842,3.14343,7.55825,0.0972771,3.63127,9.58578,0.0303237,4.15787,12.0912,0.00945211,4.73731,15.2286,0.00294633,5.38238,19.1721,0.000918508,6.10553,24.134,0.000286163,6.91951,30.3791,8.92692e-05,7.83792,38.2397,2.78121e-05,8.87555,48.1338,8.65134e-06,10.0489,60.5876,2.7882e-06,11.3761,76.2629,8.29036e-07,12.8779,95.9927,2.4373e-07,14.5775,120.825,4.33068e-09,16.5012,152.08,1.75749e-07,18.6784,191.415,-1.86328e-07,21.1428,240.917,1.91829e-07,23.9322,303.213,-1.81475e-07,27.0895,381.602,7.0186e-08,30.6634,480.231,-2.86769e-08,34.7087,604.316,2.40784e-07,39.2876,760.401,9.87368e-08,44.4705,956.705,1.22263e-07,50.3371,1203.54,-4.31966e-07,56.9776,1513.81,-1.9705e-07,64.494,1903.69,-2.763e-08,73.0018,2393.4,3.9185e-07,82.6317,3008.13,1.35379e-07,93.5318,3779.25,-4.16351e-08,105.869,4745.7,2.06965e-08,119.834,5955.6,-3.18887e-07,135.641,7468.12,-1.48271e-08,153.531,9355.62,2.00739e-07,173.781,11705.8,2.28358e-07,196.701,14624.1,-1.93587e-08,222.642,18235,-2.88101e-07,252.003,22683.4,-2.24732e-07,285.234,28134,8.56806e-09,322.845,34767,2.34258e-07,365.413,42770.9,2.99668e-07,413.588,52327.9,8.28644e-08,468.111,63591.2,-3.07049e-07,529.814,76653.2,-3.1888e-07,599.642,91502.5,-6.72276e-08,678.662,107975,2.26339e-07,768.083,125705,3.69212e-07,869.267,144088,2.04077e-07,983.76,162277,-2.80509e-07,1113.3,179223,-4.22737e-07,1259.87,193777,-1.71951e-07,1425.68,204839,4.55555e-07,11.7194,11.96,12.6541,2.21263,4.16949,0.989383,2.67766,5.84076,0.311842,3.14343,7.55825,0.0972771,3.63127,9.58578,0.0303237,4.15787,12.0912,0.00945211,4.73731,15.2286,0.00294633,5.38238,19.1721,0.000918508,6.10553,24.134,0.000286163,6.91951,30.3791,8.92692e-05,7.83792,38.2397,2.78121e-05,8.87555,48.1338,8.65134e-06,10.0489,60.5876,2.7882e-06,11.3761,76.2629,8.29036e-07,12.8779,95.9927,2.4373e-07,14.5775,120.825,1e-08,16.5012,152.08,1.75749e-07,18.6784,191.415,1e-08,21.1428,240.917,1.91829e-07,23.9322,303.213,1e-08,27.0895,381.602,7.0186e-08,30.6634,480.231,1e-08,34.7087,604.316,2.40784e-07,39.2876,760.401,9.87368e-08,44.4705,956.705,1.22263e-07,50.3371,1203.54,1e-08,56.9776,1513.81,1e-08,64.494,1903.69,1e-08,73.0018,2393.4,3.9185e-07,82.6317,3008.13,1.35379e-07,93.5318,3779.25,1e-08,105.869,4745.7,2.06965e-08,119.834,5955.6,1e-08,135.641,7468.12,1e-08,153.531,9355.62,2.00739e-07,173.781,11705.8,2.28358e-07,196.701,14624.1,1e-08,222.642,18235,1e-08,252.003,22683.4,1e-08,285.234,28134,1e-08,322.845,34767,2.34258e-07,365.413,42770.9,2.99668e-07,413.588,52327.9,8.28644e-08,468.111,63591.2,1e-08,529.814,76653.2,1e-08,599.642,91502.5,1e-08,678.662,107975,2.26339e-07,768.083,125705,3.69212e-07,869.267,144088,2.04077e-07,983.76,162277,1e-08,1113.3,179223,1e-08,1259.87,193777,1e-08,1425.68,204839,4.55555e-07,6.2823,3.27286,2.43537,0.219672,6.18826,2.24117,0.56371,6.87772,2.63624,0.308279,10,4,20,0,3,1,3,6,0,3,5,0,5,5,0,1,10,0,5,16,0,3,11,0,7,52,0,10,46,0,4,42,0,8,54,0,8,157,0,10,54,0,15,74,0,12,114,0,23,144,0,18,108,0,8,183,0,21,222,0,36,802,0,24,593,0,50,509,0,19,725,0,54,860,0,90,985,0,61,2092,0,54,1653,0,116,3335,0,108,1875,0,60,2124,0,177,4502,0,149,2784,0,99,4802,0,150,10154,0,187,6476,0,301,11960,0,364,11475,0,221,11089,0,385,53584,0,273,31251,0,168,32955,0,394,30486,0,612,28559,0,405,96262,0,922,69488,0,398,134574,0,875,87853,0,649,128469,0,1180,259076,0,957,162992,0,1242,172692,0,1947,104780,0
-1.05176e+08,1,8.88811e-15,10,1023,0,1.05176e+08,0.528882,1.08665,0.389689,0.145397,0.379329,3.24381,0.161596,0.446195,1.77396,0.159177,1.15e+07,4.49998e+06,6.79999e+06,1.15e+07,4.49997e+06,6.79999e+06,1.15e+07,4.49996e+06,6.79999e+06,1.15e+07,4.49995e+06,6.79999e+06,1.14999e+07,4.49993e+06,6.79999e+06,1.14999e+07,4.49991e+06,6.79999e+06,1.14999e+07,4.49989e+06,6.79999e+06,1.14999e+07,4.49986e+06,6.79999e+06,1.14999e+07,4.49982e+06,6.79999e+06,1.14999e+07,4.49977e+06,6.79999e+06,1.14999e+07,4.49971e+06,6.79999e+06,1.14999e+07,4.49963e+06,6.79999e+06,1.14998e+07,4.49953e+06,6.79999e+06,1.14998e+07,4.49941e+06,6.79999e+06,1.14998e+07,4.49926e+06,6.79999e+06,1.14998e+07,4.49906e+06,6.79999e+06,1.14997e+07,4.49882e+06,6.79999e+06,1.14997e+07,4.49851e+06,6.79999e+06,1.14997e+07,4.49812e+06,6.79999e+06,1.14996e+07,4.49764e+06,6.79999e+06,1.14996e+07,4.49702e+06,6.79999e+06,1.14995e+07,4.49625e+06,6.79999e+06,1.14995e+07,4.49528e+06,6.79999e+06,1.14994e+07,4.49406e+06,6.79999e+06,1.14993e+07,4.49253e+06,6.79999e+06,1.14992e+07,4.49059e+06,6.79999e+06,1.14991e+07,4.48817e+06,6.79999e+06,1.1499e+07,4.48511e+06,6.79999e+06,1.14988e+07,4.48128e+06,6.79999e+06,1.14987e+07,4.47646e+06,6.79999e+06,1.14985e+07,4.47041e+06,6.79999e+06,1.14983e+07,4.46281e+06,6.79999e+06,1.14981e+07,4.4533e+06,6.79999e+06,1.14979e+07,4.44138e+06,6.79999e+06,1.14976e+07,4.42649e+06,6.79999e+06,1.14972e+07,4.40789e+06,6.79999e+06,1.14969e+07,4.38471e+06,6.79999e+06,1.14965e+07,4.35592e+06,6.79999e+06,1.1496e+07,4.32027e+06,6.79999e+06,1.14955e+07,4.27629e+06,6.79999e+06,1.14949e+07,4.22231e+06,6.79999e+06,1.14942e+07,4.15647e+06,6.79999e+06,1.14934e+07,4.07676e+06,6.79999e+06,1.14926e+07,3.98112e+06,6.79999e+06,1.14916e+07,3.86765e+06,6.79999e+06,1.14905e+07,3.73474e+06,6.79999e+06,1.14892e+07,3.58148e+06,6.79999e+06,1.14878e+07,3.40785e+06,6.79999e+06,1.14862e+07,3.21513e+06,6.79999e+06,1.14844e+07,3.00605e+06,6.79999e+06,1.14823e+07,2.7848e+06,6.79999e+06,1.148e+07,2.5568e+06,6.79999e+06,1.14773e+07,2.32825e+06,6.79999e+06,13.5742,8.52444,0.508366,16.8306,13.2585,0.162638,20.0035,17.569,0.0507846,23.2616,22.4214,0.0158319,26.7328,28.3297,0.00493498,30.5212,35.6974,0.00153831,34.7178,44.9473,0.000479527,39.4086,56.5822,0.000149456,44.6796,71.2245,4.66214e-05,50.6209,89.6543,1.45419e-05,57.3297,112.852,4.54748e-06,64.9129,142.051,1.43857e-06,73.4897,178.803,4.36618e-07,83.1934,225.062,1.40153e-07,94.1745,283.286,4.96378e-08,106.602,356.568,1.05434e-07,120.669,448.799,-6.49244e-08,136.59,564.873,1.70148e-07,154.611,710.948,-5.34594e-08,175.008,894.767,1.63407e-07,198.097,1126.06,8.04804e-08,224.231,1417.07,1.14667e-07,253.813,1783.15,-1.71227e-07,287.297,2243.62,-2.88466e-07,325.198,2822.67,-4.33651e-07,368.098,3550.67,7.9318e-08,416.657,4465.65,3.13319e-07,471.621,5615.16,3.4613e-07,533.835,7058.61,-1.19199e-07,604.255,8870.02,-2.79964e-07,683.962,11141.4,-2.30521e-07,774.182,13986.7,-2.55099e-07,876.299,17546.4,1.23585e-07,991.883,21993.1,1.41192e-07,1122.71,27536.7,-9.71886e-08,1270.78,34430.7,-3.68368e-07,1438.38,42977.7,-3.45379e-07,1628.07,53532.7,-3.25328e-09,1842.77,66504.6,2.6362e-07,2085.77,82350.2,2.53445e-07,2360.79,101560,-2.47407e-08,2672.05,124632,-3.80602e-07,3024.31,152018,-4.79005e-07,3422.98,184060,-1.14379e-07,3874.15,220884,2.64297e-07,4384.72,262283,3.44131e-07,4962.49,307576,7.5349e-08,5616.29,355497,-3.63097e-07,6356.1,404126,-6.05442e-07,7193.18,450932,-2.72333e-07,8140.28,492963,2.29675e-07,9211.79,527178,4.3387e-07,10424,550893,-1.0711e-07,10.102,8.06553,2.81012,10.6436,8.57909,0.869423,11.5336,10.2515,0.270869,12.7211,12.7138,0.0844293,14.1823,15.9373,0.0263173,15.9122,20.0383,0.0082035,17.9198,25.2154,0.00255722,20.2244,31.7373,0.000797017,22.8539,39.9486,0.000248622,25.8438,50.2851,7.75492e-05,29.237,63.2963,2.42508e-05,33.0837,79.6738,7.67162e-06,37.4415,100.288,2.32837e-06,42.3767,126.236,7.33e-07,47.9646,158.896,2.79256e-07,54.2906,200.003,9.87351e-09,61.452,251.741,1.61085e-07,69.5585,316.859,-2.47141e-07,78.7347,398.812,8.93552e-08,89.1218,501.948,-2.53231e-07,100.879,631.736,-1.25047e-07,114.188,795.049,-1.78808e-07,129.252,1000.53,2.6733e-07,146.304,1259.03,4.50292e-07,165.605,1584.19,6.76904e-07,187.452,1993.12,-1.23808e-07,212.181,2507.27,-4.89068e-07,240.173,3153.54,-5.40284e-07,271.856,3965.56,1.86061e-07,307.719,4985.38,4.37004e-07,348.313,6265.4,3.59828e-07,394.26,7870.83,3.98192e-07,446.268,9882.51,-1.92908e-07,505.135,12400.3,-2.20392e-07,571.766,15546.9,1.51705e-07,647.184,19472.2,5.74996e-07,732.547,24357.4,5.39112e-07,829.167,30420,5.07815e-09,938.526,37916.3,-4.11492e-07,1062.3,47143.9,-3.9561e-07,1202.4,58439.2,3.86185e-08,1360.96,72169.3,5.94093e-07,1540.42,88715.8,7.47693e-07,1743.53,108445,1.78537e-07,1973.41,131665,-4.12549e-07,2233.57,158557,-5.37164e-07,2528,189103,-1.17615e-07,2861.2,222986,5.66769e-07,3238.27,259510,9.45053e-07,3664.97,297540,4.25093e-07,4147.81,335497,-3.58506e-07,4694.17,371444,-6.7724e-07,5312.37,403256,1.67192e-07,1.61744,3.89446,9.84394,3.28846,7.5504,12.774,5.07607,11.7187,13.6844,7.03202,16.8147,13.9681,9.20215,23.1769,14.0566,11.6301,31.1672,14.0841,14.3598,41.2186,14.0927,17.4376,53.8688,14.0954,20.9137,69.7915,14.0962,24.8432,89.8341,14.0965,29.2879,115.063,14.0966,34.3168,146.819,14.0966,40.0078,186.792,14.0966,46.4487,237.107,14.0966,53.7388,300.44,14.0966,61.9903,380.158,14.0966,71.3301,480.499,14.0966,81.902,606.796,14.0966,93.8685,765.761,14.0966,107.414,965.837,14.0966,122.746,1217.65,14.0966,140.101,1534.57,14.0966,159.745,1933.41,14.0966,181.981,2435.3,14.0966,207.15,3066.85,14.0966,235.64,3861.46,14.0966,267.889,4861.11,14.0966,304.391,6118.54,14.0966,345.709,7699.91,14.0966,392.478,9688.22,14.0966,445.417,12187.5,14.0966,505.339,15327.7,14.0966,573.165,19271.6,14.0966,649.938,24222,14.0966,736.839,30430.9,14.0966,835.202,38211.5,14.0966,946.539,47950.3,14.0966,1072.56,60122.8,14.0966,1215.21,75309.9,14.0966,1376.66,94216.2,14.0966,1559.41,117688,14.0966,1766.26,146729,14.0966,2000.39,182510,14.0966,2265.39,226372,14.0966,2565.33,279806,14.0966,2904.81,344416,14.0966,3289.05,421845,14.0966,3723.93,513667,14.0966,4216.13,621231,14.0966,4773.18,745478,14.0966,5403.64,886744,14.0966,6117.15,1.04457e+06,14.0966,6924.63,1.2176e+06,14.0966,11.7194,11.96,12.6541,13.9321,16.1295,13.6434,16.6097,21.9702,13.9553,19.7532,29.5285,14.0526,23.3844,39.1143,14.0829,27.5423,51.2054,14.0923,32.2796,66.434,14.0953,37.662,85.6061,14.0962,43.7675,109.74,14.0965,50.687,140.119,14.0966,58.5249,178.359,14.0966,67.4005,226.493,14.0966,77.4493,287.08,14.0966,88.8254,363.343,14.0966,101.703,459.336,14.0966,116.281,580.161,14.0966,132.782,732.241,14.0966,151.46,923.655,14.0966,172.603,1164.57,14.0966,196.535,1467.79,14.0966,223.625,1849.39,14.0966,254.288,2329.62,14.0966,288.997,2933.93,14.0966,328.285,3694.33,14.0966,372.755,4651.04,14.0966,423.092,5854.57,14.0966,480.07,7368.38,14.0966,544.564,9272.08,14.0966,617.566,11665.5,14.0966,700.197,14673.6,14.0966,793.729,18452.9,14.0966,899.599,23198.6,14.0966,1019.43,29154.1,14.0966,1155.07,36622.3,14.0966,1308.6,45977.9,14.0966,1482.39,57683.7,14.0966,1679.09,72307.8,14.0966,1901.73,90542.8,14.0966,2153.73,113226,14.0966,2438.97,141360,14.0966,2761.81,176127,14.0966,3127.22,218898,14.0966,3540.81,271226,14.0966,4008.92,334817,14.0966,4538.74,411470,14.0966,5138.38,502973,14.0966,5817.04,610948,14.0966,6585.12,736653,14.0966,7454.39,880741,14.0966,8438.15,1.04302e+06,14.0966,9551.45,1.22224e+06,14.0966,10811.3,1.41602e+06,14.0966,12237,1.62086e+06,14.0966,11.7194,11.96,12.6541,2.21263,4.16949,0.989383,2.67766,5.84076,0.311842,3.14343,7.55825,0.0972771,3.63127,9.58578,0.0303237,4.15787,12.0912,0.00945211,4.73731,15.2286,0.00294633,5.38238,19.1721,0.000918508,6.10553,24.134,0.000286163,6.91951,30.3791,8.92692e-05,7.83792,38.2397,2.78121e-05,8.87555,48.1338,8.65134e-06,10.0489,60.5876,2.7882e-06,11.3761,76.2629,8.29036e-07,12.8779,95.9927,2.4373e-07,14.5775,120.825,4.33068e-09,16.5012,152.08,1.75749e-07,18.6784,191.415,-1.86328e-07,21.1428,240.917,1.91829e-07,23.9322,303.213,-1.81475e-07,27.0895,381.602,7.0186e-08,30.6634,480.231,-2.86769e-08,34.7087,604.316,2.40784e-07,39.2876,760.401,9.87368e-08,44.4705,956.705,1.22263e-07,50.3371,1203.54,-4.31966e-07,56.9776,1513.81,-1.9705e-07,64.494,1903.69,-2.763e-08,73.0018,2393.4,3.9185e-07,82.6317,3008.13,1.35379e-07,93.5318,3779.25,-4.16351e-08,105.869,4745.7,2.06965e-08,119.834,5955.6,-3.18887e-07,135.641,7468.12,-1.48271e-08,153.531,9355.62,2.00739e-07,173.781,11705.8,2.28358e-07,196.701,14624.1,-1.93587e-08,222.642,18235,-2.88101e-07,252.003,22683.4,-2.24732e-07,285.234,28134,8.56806e-09,322.845,34767,2.34258e-07,365.413,42770.9,2.99668e-07,413.588,52327.9,8.28644e-08,468.111,63591.2,-3.07049e-07,529.814,76653.2,-3.1888e-07,599.642,91502.5,-6.72276e-08,678.662,107975,2.26339e-07,768.083,125705,3.69212e-07,869.267,144088,2.04077e-07,983.76,162277,-2.80509e-07,1113.3,179223,-4.22737e-07,1259.87,193777,-1.71951e-07,1425.68,204839,4.55555e-07,11.7194,11.96,12.6541,2.21263,4.16949,0.989383,2.67766,5.84076,0.311842,3.14343,7.55825,0.0972771,3.63127,9.58578,0.0303237,4.15787,12.0912,0.00945211,4.73731,15.2286,0.00294633,5.38238,19.1721,0.000918508,6.10553,24.134,0.000286163,6.91951,30.3791,8.92692e-05,7.83792,38.2397,2.78121e-05,8.87555,48.1338,8.65134e-06,10.0489,60.5876,2.7882e-06,11.3761,76.2629,8.29036e-07,12.8779,95.9927,2.4373e-07,14.5775,120.825,1e-08,16.5012,152.08,1.75749e-07,18.6784,191.415,1e-08,21.1428,240.917,1.91829e-07,23.9322,303.213,1e-08,27.0895,381.602,7.0186e-08,30.6634,480.231,1e-08,34.7087,604.316,2.40784e-07,39.2876,760.401,9.87368e-08,44.4705,956.705,1.22263e-07,50.3371,1203.54,1e-08,56.9776,1513.81,1e-08,64.494,1903.69,1e-08,73.0018,2393.4,3.9185e-07,82.6317,3008.13,1.35379e-07,93.5318,3779.25,1e-08,105.869,4745.7,2.06965e-08,119.834,5955.6,1e-08,135.641,7468.12,1e-08,153.531,9355.62,2.00739e-07,173.781,11705.8,2.28358e-07,196.701,14624.1,1e-08,222.642,18235,1e-08,252.003,22683.4,1e-08,285.234,28134,1e-08,322.845,34767,2.34258e-07,365.413,42770.9,2.99668e-07,413.588,52327.9,8.28644e-08,468.111,63591.2,1e-08,529.814,76653.2,1e-08,599.642,91502.5,1e-08,678.662,107975,2.26339e-07,768.083,125705,3.69212e-07,869.267,144088,2.04077e-07,983.76,162277,1e-08,1113.3,179223,1e-08,1259.87,193777,1e-08,1425.68,204839,4.55555e-07,6.2823,3.27286,2.43537,0.219672,6.18826,2.24117,0.56371,6.87772,2.63624,0.308279,21,11,20,4,3,0,10,0,2,1,7,0,2,8,0,5,1,0,3,9,0,1,19,0,9,29,0,7,30,0,13,27,0,15,54,0,11,58,0,1,70,0,13,70,0,10,89,0,23,169,0,13,78,0,17,391,0,19,357,0,33,502,0,39,905,0,20,1088,0,32,496,0,34,1562,0,50,1189,0,32,1280,0,51,2879,0,83,3229,0,51,2196,0,113,3024,0,78,2162,0,147,3344,0,183,5154,0,230,12867,0,252,11046,0,60,24115,0,158,21405,0,124,26734,0,441,35279,0,301,32989,0,353,34647,0,488,135262,0,211,76445,0,539,71297,0,812,45244,0,416,72747,0,799,87541,0,1303,237255,0,760,115901,0,1087,134794,0,2430,177143,0,982,325725,0
-1.05176e+08,1,8.88811e-15,10,1023,0,1.05176e+08,0.528882,1.08665,0.389689,0.145397,0.379329,3.24381,0.161596,0.446195,1.77396,0.159177,1.15e+07,4.49998e+06,6.79999e+06,1.15e+07,4.49997e+06,6.79999e+06,1.15e+07,4.49996e+06,6.79999e+06,1.15e+07,4.49995e+06,6.79999e+06,1.14999e+07,4.49993e+06,6.79999e+06,1.14999e+07,4.49991e+06,6.79999e+06,1.14999e+07,4.49989e+06,6.79999e+06,1.14999e+07,4.49986e+06,6.79999e+06,1.14999e+07,4.49982e+06,6.79999e+06,1.14999e+07,4.49977e+06,6.79999e+06,1.14999e+07,4.49971e+06,6.79999e+06,1.14999e+07,4.49963e+06,6.79999e+06,1.14998e+07,4.49953e+06,6.79999e+06,1.14998e+07,4.49941e+06,6.79999e+06,1.14998e+07,4.49926e+06,6.79999e+06,1.14998e+07,4.49906e+06,6.79999e+06,1.14997e+07,4.49882e+06,6.79999e+06,1.14997e+07,4.49851e+06,6.79999e+06,1.14997e+07,4.49812e+06,6.79999e+06,1.14996e+07,4.49764e+06,6.79999e+06,1.14996e+07,4.49702e+06,6.79999e+06,1.14995e+07,4.49625e+06,6.79999e+06,1.14995e+07,4.49528e+06,6.79999e+06,1.14994e+07,4.49406e+06,6.79999e+06,1.14993e+07,4.49253e+06,6.79999e+06,1.14992e+07,4.49059e+06,6.79999e+06,1.14991e+07,4.48817e+06,6.79999e+06,1.1499e+07,4.48511e+06,6.79999e+06,1.14988e+07,4.48128e+06,6.79999e+06,1.14987e+07,4.47646e+06,6.79999e+06,1.14985e+07,4.47041e+06,6.79999e+06,1.14983e+07,4.46281e+06,6.79999e+06,1.14981e+07,4.4533e+06,6.79999e+06,1.14979e+07,4.44138e+06,6.79999e+06,1.14976e+07,4.42649e+06,6.79999e+06,1.14972e+07,4.40789e+06,6.79999e+06,1.14969e+07,4.38471e+06,6.79999e+06,1.14965e+07,4.35592e+06,6.79999e+06,1.1496e+07,4.32027e+06,6.79999e+06,1.14955e+07,4.27629e+06,6.79999e+06,1.14949e+07,4.22231e+06,6.79999e+06,1.14942e+07,4.15647e+06,6.79999e+06,1.14934e+07,4.07676e+06,6.79999e+06,1.14926e+07,3.98112e+06,6.79999e+06,1.14916e+07,3.86765e+06,6.79999e+06,1.14905e+07,3.73474e+06,6.79999e+06,1.14892e+07,3.58148e+06,6.79999e+06,1.14878e+07,3.40785e+06,6.79999e+06,1.14862e+07,3.21513e+06,6.79999e+06,1.14844e+07,3.00605e+06,6.79999e+06,1.14823e+07,2.7848e+06,6.79999e+06,1.148e+07,2.5568e+06,6.79999e+06,1.14773e+07,2.32825e+06,6.79999e+06,13.5742,8.52444,0.508366,16.8306,13.2585,0.162638,20.0035,17.569,0.0507846,23.2616,22.4214,0.0158319,26.7328,28.3297,0.00493498,30.5212,35.6974,0.00153831,34.7178,44.9473,0.000479527,39.4086,56.5822,0.000149456,44.6796,71.2245,4.66214e-05,50.6209,89.6543,1.45419e-05,57.3297,112.852,4.54748e-06,64.9129,142.051,1.43857e-06,73.4897,178.803,4.36618e-07,83.1934,225.062,1.40153e-07,94.1745,283.286,4.96378e-08,106.602,356.568,1.05434e-07,120.669,448.799,-6.49244e-08,136.59,564.873,1.70148e-07,154.611,710.948,-5.34594e-08,175.008,894.767,1.63407e-07,198.097,1126.06,8.04804e-08,224.231,1417.07,1.14667e-07,253.813,1783.15,-1.71227e-07,287.297,2243.62,-2.88466e-07,325.198,2822.67,-4.33651e-07,368.098,3550.67,7.9318e-08,416.657,4465.65,3.13319e-07,471.621,5615.16,3.4613e-07,533.835,7058.61,-1.19199e-07,604.255,8870.02,-2.79964e-07,683.962,11141.4,-2.30521e-07,774.182,13986.7,-2.55099e-07,876.299,17546.4,1.23585e-07,991.883,21993.1,1.41192e-07,1122.71,27536.7,-9.71886e-08,1270.78,34430.7,-3.68368e-07,1438.38,42977.7,-3.45379e-07,1628.07,53532.7,-3.25328e-09,1842.77,66504.6,2.6362e-07,2085.77,82350.2,2.53445e-07,2360.79,101560,-2.47407e-08,2672.05,124632,-3.80602e-07,3024.31,152018,-4.79005e-07,3422.98,184060,-1.14379e-07,3874.15,220884,2.64297e-07,4384.72,262283,3.44131e-07,4962.49,307576,7.5349e-08,5616.29,355497,-3.63097e-07,6356.1,404126,-6.05442e-07,7193.18,450932,-2.72333e-07,8140.28,492963,2.29675e-07,9211.79,527178,4.3387e-07,10424,550893,-1.0711e-07,10.102,8.06553,2.81012,10.6436,8.57909,0.869423,11.5336,10.2515,0.270869,12.7211,12.7138,0.0844293,14.1823,15.9373,0.0263173,15.9122,20.0383,0.0082035,17.9198,25.2154,0.00255722,20.2244,31.7373,0.000797017,22.8539,39.9486,0.000248622,25.8438,50.2851,7.75492e-05,29.237,63.2963,2.42508e-05,33.0837,79.6738,7.67162e-06,37.4415,100.288,2.32837e-06,42.3767,126.236,7.33e-07,47.9646,158.896,2.79256e-07,54.2906,200.003,9.87351e-09,61.452,251.741,1.61085e-07,69.5585,316.859,-2.47141e-07,78.7347,398.812,8.93552e-08,89.1218,501.948,-2.53231e-07,100.879,631.736,-1.25047e-07,114.188,795.049,-1.78808e-07,129.252,1000.53,2.6733e-07,146.304,1259.03,4.50292e-07,165.605,1584.19,6.76904e-07,187.452,1993.12,-1.23808e-07,212.181,2507.27,-4.89068e-07,240.173,3153.54,-5.40284e-07,271.856,3965.56,1.86061e-07,307.719,4985.38,4.37004e-07,348.313,6265.4,3.59828e-07,394.26,7870.83,3.98192e-07,446.268,9882.51,-1.92908e-07,505.135,12400.3,-2.20392e-07,571.766,15546.9,1.51705e-07,647.184,19472.2,5.74996e-07,732.547,24357.4,5.39112e-07,829.167,30420,5.07815e-09,938.526,37916.3,-4.11492e-07,1062.3,47143.9,-3.9561e-07,1202.4,58439.2,3.86185e-08,1360.96,72169.3,5.94093e-07,1540.42,88715.8,7.47693e-07,1743.53,108445,1.78537e-07,1973.41,131665,-4.12549e-07,2233.57,158557,-5.37164e-07,2528,189103,-1.17615e-07,2861.2,222986,5.66769e-07,3238.27,259510,9.45053e-07,3664.97,297540,4.25093e-07,4147.81,335497,-3.58506e-07,4694.17,371444,-6.7724e-07,5312.37,403256,1.67192e-07,1.61744,3.89446,9.84394,3.28846,7.5504,12.774,5.07607,11.7187,13.6844,7.03202,16.8147,13.9681,9.20215,23.1769,14.0566,11.6301,31.1672,14.0841,14.3598,41.2186,14.0927,17.4376,53.8688,14.0954,20.9137,69.7915,14.0962,24.8432,89.8341,14.0965,29.2879,115.063,14.0966,34.3168,146.819,14.0966,40.0078,186.792,14.0966,46.4487,237.107,14.0966,53.7388,300.44,14.0966,61.9903,380.158,14.0966,71.3301,480.499,14.0966,81.902,606.796,14.0966,93.8685,765.761,14.0966,107.414,965.837,14.0966,122.746,1217.65,14.0966,140.101,1534.57,14.0966,159.745,1933.41,14.0966,181.981,2435.3,14.0966,207.15,3066.85,14.0966,235.64,3861.46,14.0966,267.889,4861.11,14.0966,304.391,6118.54,14.0966,345.709,7699.91,14.0966,392.478,9688.22,14.0966,445.417,12187.5,14.0966,505.339,15327.7,14.0966,573.165,19271.6,14.0966,649.938,24222,14.0966,736.839,30430.9,14.0966,835.202,38211.5,14.0966,946.539,47950.3,14.0966,1072.56,60122.8,14.0966,1215.21,75309.9,14.0966,1376.66,94216.2,14.0966,1559.41,117688,14.0966,1766.26,146729,14.0966,2000.39,182510,14.0966,2265.39,226372,14.0966,2565.33,279806,14.0966,2904.81,344416,14.0966,3289.05,421845,14.0966,3723.93,513667,14.0966,4216.13,621231,14.0966,4773.18,745478,14.0966,5403.64,886744,14.0966,6117.15,1.04457e+06,14.0966,6924.63,1.2176e+06,14.0966,11.7194,11.96,12.6541,13.9321,16.1295,13.6434,16.6097,21.9702,13.9553,19.7532,29.5285,14.0526,23.3844,39.1143,14.0829,27.5423,51.2054,14.0923,32.2796,66.434,14.0953,37.662,85.6061,14.0962,43.7675,109.74,14.0965,50.687,140.119,14.0966,58.5249,178.359,14.0966,67.4005,226.493,14.0966,77.4493,287.08,14.0966,88.8254,363.343,14.0966,101.703,459.336,14.0966,116.281,580.161,14.0966,132.782,732.241,14.0966,151.46,923.655,14.0966,172.603,1164.57,14.0966,196.535,1467.79,14.0966,223.625,1849.39,14.0966,254.288,2329.62,14.0966,288.997,2933.93,14.0966,328.285,3694.33,14.0966,372.755,4651.04,14.0966,423.092,5854.57,14.0966,480.07,7368.38,14.0966,544.564,9272.08,14.0966,617.566,11665.5,14.0966,700.197,14673.6,14.0966,793.729,18452.9,14.0966,899.599,23198.6,14.0966,1019.43,29154.1,14.0966,1155.07,36622.3,14.0966,1308.6,45977.9,14.0966,1482.39,57683.7,14.0966,1679.09,72307.8,14.0966,1901.73,90542.8,14.0966,2153.73,113226,14.0966,2438.97,141360,14.0966,2761.81,176127,14.0966,3127.22,218898,14.0966,3540.81,271226,14.0966,4008.92,334817,14.0966,4538.74,411470,14.0966,5138.38,502973,14.0966,5817.04,610948,14.0966,6585.12,736653,14.0966,7454.39,880741,14.0966,8438.15,1.04302e+06,14.0966,9551.45,1.22224e+06,14.0966,10811.3,1.41602e+06,14.0966,12237,1.62086e+06,14.0966,11.7194,11.96,12.6541,2.21263,4.16949,0.989383,2.67766,5.84076,0.311842,3.14343,7.55825,0.0972771,3.63127,9.58578,0.0303237,4.15787,12.0912,0.00945211,4.73731,15.2286,0.00294633,5.38238,19.1721,0.000918508,6.10553,24.134,0.000286163,6.91951,30.3791,8.92692e-05,7.83792,38.2397,2.78121e-05,8.87555,48.1338,8.65134e-06,10.0489,60.5876,2.7882e-06,11.3761,76.2629,8.29036e-07,12.8779,95.9927,2.4373e-07,14.5775,120.825,4.33068e-09,16.5012,152.08,1.75749e-07,18.6784,191.415,-1.86328e-07,21.1428,240.917,1.91829e-07,23.9322,303.213,-1.81475e-07,27.0895,381.602,7.0186e-08,30.6634,480.231,-2.86769e-08,34.7087,604.316,2.40784e-07,39.2876,760.401,9.87368e-08,44.4705,956.705,1.22263e-07,50.3371,1203.54,-4.31966e-07,56.9776,1513.81,-1.9705e-07,64.494,1903.69,-2.763e-08,73.0018,2393.4,3.9185e-07,82.6317,3008.13,1.35379e-07,93.5318,3779.25,-4.16351e-08,105.869,4745.7,2.06965e-08,119.834,5955.6,-3.18887e-07,135.641,7468.12,-1.48271e-08,153.531,9355.62,2.00739e-07,173.781,11705.8,2.28358e-07,196.701,14624.1,-1.93587e-08,222.642,18235,-2.88101e-07,252.003,22683.4,-2.24732e-07,285.234,28134,8.56806e-09,322.845,34767,2.34258e-07,365.413,42770.9,2.99668e-07,413.588,52327.9,8.28644e-08,468.111,63591.2,-3.07049e-07,529.814,76653.2,-3.1888e-07,599.642,91502.5,-6.72276e-08,678.662,107975,2.26339e-07,768.083,125705,3.69212e-07,869.267,144088,2.04077e-07,983.76,162277,-2.80509e-07,1113.3,179223,-4.22737e-07,1259.87,193777,-1.71951e-07,1425.68,204839,4.55555e-07,11.7194,11.96,12.6541,2.21263,4.16949,0.989383,2.67766,5.84076,0.311842,3.14343,7.55825,0.0972771,3.63127,9.58578,0.0303237,4.15787,12.0912,0.00945211,4.73731,15.2286,0.00294633,5.38238,19.1721,0.000918508,6.10553,24.134,0.000286163,6.91951,30.3791,8.92692e-05,7.83792,38.2397,2.78121e-05,8.87555,48.1338,8.65134e-06,10.0489,60.5876,2.7882e-06,11.3761,76.2629,8.29036e-07,12.8779,95.9927,2.4373e-07,14.5775,120.825,1e-08,16.5012,152.08,1.75749e-07,18.6784,191.415,1e-08,21.1428,240.917,1.91829e-07,23.9322,303.213,1e-08,27.0895,381.602,7.0186e-08,30.6634,480.231,1e-08,34.7087,604.316,2.40784e-07,39.2876,760.401,9.87368e-08,44.4705,956.705,1.22263e-07,50.3371,1203.54,1e-08,56.9776,1513.81,1e-08,64.494,1903.69,1e-08,73.0018,2393.4,3.9185e-07,82.6317,3008.13,1.35379e-07,93.5318,3779.25,1e-08,105.869,4745.7,2.06965e-08,119.834,5955.6,1e-08,135.641,7468.12,1e-08,153.531,9355.62,2.00739e-07,173.781,11705.8,2.28358e-07,196.701,14624.1,1e-08,222.642,18235,1e-08,252.003,22683.4,1e-08,285.234,28134,1e-08,322.845,34767,2.34258e-07,365.413,42770.9,2.99668e-07,413.588,52327.9,8.28644e-08,468.111,63591.2,1e-08,529.814,76653.2,1e-08,599.642,91502.5,1e-08,678.662,107975,2.26339e-07,768.083,125705,3.69212e-07,869.267,144088,2.04077e-07,983.76,162277,1e-08,1113.3,179223,1e-08,1259.87,193777,1e-08,1425.68,204839,4.55555e-07,6.2823,3.27286,2.43537,0.219672,6.18826,2.24117,0.56371,6.87772,2.63624,0.308279,11,9,9,3,4,1,0,4,0,2,10,0,3,8,0,2,19,0,3,17,0,3,56,0,3,27,0,5,40,0,5,29,0,8,45,0,5,49,0,12,76,0,14,85,0,14,180,0,9,296,0,10,157,0,45,523,0,31,546,0,31,437,0,24,799,0,60,305,0,79,697,0,26,841,0,124,759,0,30,329,0,136,1623,0,94,2243,0,40,5571,0,127,1909,0,86,4599,0,67,5495,0,150,7593,0,112,12046,0,149,10539,0,335,26219,0,386,21081,0,217,28158,0,420,26331,0,367,32538,0,255,65133,0,380,49539,0,535,69071,0,569,74315,0,635,108079,0,756,189240,0,1138,176256,0,978,120457,0,1230,118532,0,1575,129061,0,433,168383,0,608,206671,0
-1.05176e+08,1,8.88811e-15,10,1023,0,1.05176e+08,0.528882,1.08665,0.389689,0.145397,0.379329,3.24381,0.161596,0.446195,1.77396,0.159177,1.15e+07,4.49998e+06,6.79999e+06,1.15e+07,4.49997e+06,6.79999e+06,1.15e+07,4.49996e+06,6.79999e+06,1.15e+07,4.49995e+06,6.79999e+06,1.14999e+07,4.49993e+06,6.79999e+06,1.14999e+07,4.49991e+06,6.79999e+06,1.14999e+07,4.49989e+06,6.79999e+06,1.14999e+07,4.49986e+06,6.79999e+06,1.14999e+07,4.49982e+06,6.79999e+06,1.14999e+07,4.49977e+06,6.79999e+06,1.14999e+07,4.49971e+06,6.79999e+06,1.14999e+07,4.49963e+06,6.79999e+06,1.14998e+07,4.49953e+06,6.79999e+06,1.14998e+07,4.49941e+06,6.79999e+06,1.14998e+07,4.49926e+06,6.79999e+06,1.14998e+07,4.49906e+06,6.79999e+06,1.14997e+07,4.49882e+06,6.79999e+06,1.14997e+07,4.49851e+06,6.79999e+06,1.14997e+07,4.49812e+06,6.79999e+06,1.14996e+07,4.49764e+06,6.79999e+06,1.14996e+07,4.49702e+06,6.79999e+06,1.14995e+07,4.49625e+06,6.79999e+06,1.14995e+07,4.49528e+06,6.79999e+06,1.14994e+07,4.49406e+06,6.79999e+06,1.14993e+07,4.49253e+06,6.79999e+06,1.14992e+07,4.49059e+06,6.79999e+06,1.14991e+07,4.48817e+06,6.79999e+06,1.1499e+07,4.48511e+06,6.79999e+06,1.14988e+07,4.48128e+06,6.79999e+06,1.14987e+07,4.47646e+06,6.79999e+06,1.14985e+07,4.47041e+06,6.79999e+06,1.14983e+07,4.46281e+06,6.79999e+06,1.14981e+07,4.4533e+06,6.79999e+06,1.14979e+07,4.44138e+06,6.79999e+06,1.14976e+07,4.42649e+06,6.79999e+06,1.14972e+07,4.40789e+06,6.79999e+06,1.14969e+07,4.38471e+06,6.79999e+06,1.14965e+07,4.35592e+06,6.79999e+06,1.1496e+07,4.32027e+06,6.79999e+06,1.14955e+07,4.27629e+06,6.79999e+06,1.14949e+07,4.22231e+06,6.79999e+06,1.14942e+07,4.15647e+06,6.79999e+06,1.14934e+07,4.07676e+06,6.79999e+06,1.14926e+07,3.98112e+06,6.79999e+06,1.14916e+07,3.86765e+06,6.79999e+06,1.14905e+07,3.73474e+06,6.79999e+06,1.14892e+07,3.58148e+06,6.79999e+06,1.14878e+07,3.40785e+06,6.79999e+06,1.14862e+07,3.21513e+06,6.79999e+06,1.14844e+07,3.00605e+06,6.79999e+06,1.14823e+07,2.7848e+06,6.79999e+06,1.148e+07,2.5568e+06,6.79999e+06,1.14773e+07,2.32825e+06,6.79999e+06,13.5742,8.52444,0.508366,16.8306,13.2585,0.162638,20.0035,17.569,0.0507846,23.2616,22.4214,0.0158319,26.7328,28.3297,0.00493498,30.5212,35.6974,0.00153831,34.7178,44.9473,0.000479527,39.4086,56.5822,0.000149456,44.6796,71.2245,4.66214e-05,50.6209,89.6543,1.45419e-05,57.3297,112.852,4.54748e-06,64.9129,142.051,1.43857e-06,73.4897,178.803,4.36618e-07,83.1934,225.062,1.40153e-07,94.1745,283.286,4.96378e-08,106.602,356.568,1.05434e-07,120.669,448.799,-6.49244e-08,136.59,564.873,1.70148e-07,154.611,710.948,-5.34594e-08,175.008,894.767,1.63407e-07,198.097,1126.06,8.04804e-08,224.231,1417.07,1.14667e-07,253.813,1783.15,-1.71227e-07,287.297,2243.62,-2.88466e-07,325.198,2822.67,-4.33651e-07,368.098,3550.67,7.9318e-08,416.657,4465.65,3.13319e-07,471.621,5615.16,3.4613e-07,533.835,7058.61,-1.19199e-07,604.255,8870.02,-2.79964e-07,683.962,11141.4,-2.30521e-07,774.182,13986.7,-2.55099e-07,876.299,17546.4,1.23585e-07,991.883,21993.1,1.41192e-07,1122.71,27536.7,-9.71886e-08,1270.78,34430.7,-3.68368e-07,1438.38,42977.7,-3.45379e-07,1628.07,53532.7,-3.25328e-09,1842.77,66504.6,2.6362e-07,2085.77,82350.2,2.53445e-07,2360.79,101560,-2.47407e-08,2672.05,124632,-3.80602e-07,3024.31,152018,-4.79005e-07,3422.98,184060,-1.14379e-07,3874.15,220884,2.64297e-07,4384.72,262283,3.44131e-07,4962.49,307576,7.5349e-08,5616.29,355497,-3.63097e-07,6356.1,404126,-6.05442e-07,7193.18,450932,-2.72333e-07,8140.28,492963,2.29675e-07,9211.79,527178,4.3387e-07,10424,550893,-1.0711e-07,10.102,8.06553,2.81012,10.6436,8.57909,0.869423,11.5336,10.2515,0.270869,12.7211,12.7138,0.0844293,14.1823,15.9373,0.0263173,15.9122,20.0383,0.0082035,17.9198,25.2154,0.00255722,20.2244,31.7373,0.000797017,22.8539,39.9486,0.000248622,25.8438,50.2851,7.75492e-05,29.237,63.2963,2.42508e-05,33.0837,79.6738,7.67162e-06,37.4415,100.288,2.32837e-06,42.3767,126.236,7.33e-07,47.9646,158.896,2.79256e-07,54.2906,200.003,9.87351e-09,61.452,251.741,1.61085e-07,69.5585,316.859,-2.47141e-07,78.7347,398.812,8.93552e-08,89.1218,501.948,-2.53231e-07,100.879,631.736,-1.25047e-07,114.188,795.049,-1.78808e-07,129.252,1000.53,2.6733e-07,146.304,1259.03,4.50292e-07,165.605,1584.19,6.76904e-07,187.452,1993.12,-1.23808e-07,212.181,2507.27,-4.89068e-07,240.173,3153.54,-5.40284e-07,271.856,3965.56,1.86061e-07,307.719,4985.38,4.37004e-07,348.313,6265.4,3.59828e-07,394.26,7870.83,3.98192e-07,446.268,9882.51,-1.92908e-07,505.135,12400.3,-2.20392e-07,571.766,15546.9,1.51705e-07,647.184,19472.2,5.74996e-07,732.547,24357.4,5.39112e-07,829.167,30420,5.07815e-09,938.526,37916.3,-4.11492e-07,1062.3,47143.9,-3.9561e-07,1202.4,58439.2,3.86185e-08,1360.96,72169.3,5.94093e-07,1540.42,88715.8,7.47693e-07,1743.53,108445,1.78537e-07,1973.41,131665,-4.12549e-07,2233.57,158557,-5.37164e-07,2528,189103,-1.17615e-07,2861.2,222986,5.66769e-07,3238.27,259510,9.45053e-07,3664.97,297540,4.25093e-07,4147.81,335497,-3.58506e-07,4694.17,371444,-6.7724e-07,5312.37,403256,1.67192e-07,1.61744,3.89446,9.84394,3.28846,7.5504,12.774,5.07607,11.7187,13.6844,7.03202,16.8147,13.9681,9.20215,23.1769,14.0566,11.6301,31.1672,14.0841,14.3598,41.2186,14.0927,17.4376,53.8688,14.0954,20.9137,69.7915,14.0962,24.8432,89.8341,14.0965,29.2879,115.063,14.0966,34.3168,146.819,14.0966,40.0078,186.792,14.0966,46.4487,237.107,14.0966,53.7388,300.44,14.0966,61.9903,380.158,14.0966,71.3301,480.499,14.0966,81.902,606.796,14.0966,93.8685,765.761,14.0966,107.414,965.837,14.0966,122.746,1217.65,14.0966,140.101,1534.57,14.0966,159.745,1933.41,14.0966,181.981,2435.3,14.0966,207.15,3066.85,14.0966,235.64,3861.46,14.0966,267.889,4861.11,14.0966,304.391,6118.54,14.0966,345.709,7699.91,14.0966,392.478,9688.22,14.0966,445.417,12187.5,14.0966,505.339,15327.7,14.0966,573.165,19271.6,14.0966,649.938,24222,14.0966,736.839,30430.9,14.0966,835.202,38211.5,14.0966,946.539,47950.3,14.0966,1072.56,60122.8,14.0966,1215.21,75309.9,14.0966,1376.66,94216.2,14.0966,1559.41,117688,14.0966,1766.26,146729,14.0966,2000.39,182510,14.0966,2265.39,226372,14.0966,2565.33,279806,14.0966,2904.81,344416,14.0966,3289.05,421845,14.0966,3723.93,513667,14.0966,4216.13,621231,14.0966,4773.18,745478,14.0966,5403.64,886744,14.0966,6117.15,1.04457e+06,14.0966,6924.63,1.2176e+06,14.0966,11.7194,11.96,12.6541,13.9321,16.1295,13.6434,16.6097,21.9702,13.9553,19.7532,29.5285,14.0526,23.3844,39.1143,14.0829,27.5423,51.2054,14.0923,32.2796,66.434,14.0953,37.662,85.6061,14.0962,43.7675,109.74,14.0965,50.687,140.119,14.0966,58.5249,178.359,14.0966,67.4005,226.493,14.0966,77.4493,287.08,14.0966,88.8254,363.343,14.0966,101.703,459.336,14.0966,116.281,580.161,14.0966,132.782,732.241,14.0966,151.46,923.655,14.0966,172.603,1164.57,14.0966,196.535,1467.79,14.0966,223.625,1849.39,14.0966,254.288,2329.62,14.0966,288.997,2933.93,14.0966,328.285,3694.33,14.0966,372.755,4651.04,14.0966,423.092,5854.57,14.0966,480.07,7368.38,14.0966,544.564,9272.08,14.0966,617.566,11665.5,14.0966,700.197,14673.6,14.0966,793.729,18452.9,14.0966,899.599,23198.6,14.0966,1019.43,29154.1,14.0966,1155.07,36622.3,14.0966,1308.6,45977.9,14.0966,1482.39,57683.7,14.0966,1679.09,72307.8,14.0966,1901.73,90542.8,14.0966,2153.73,113226,14.0966,2438.97,141360,14.0966,2761.81,176127,14.0966,3127.22,218898,14.0966,3540.81,271226,14.0966,4008.92,334817,14.0966,4538.74,411470,14.0966,5138.38,502973,14.0966,5817.04,610948,14.0966,6585.12,736653,14.0966,7454.39,880741,14.0966,8438.15,1.04302e+06,14.0966,9551.45,1.22224e+06,14.0966,10811.3,1.41602e+06,14.0966,12237,1.62086e+06,14.0966,11.7194,11.96,12.6541,2.21263,4.16949,0.989383,2.67766,5.84076,0.311842,3.14343,7.55825,0.0972771,3.63127,9.58578,0.0303237,4.15787,12.0912,0.00945211,4.73731,15.2286,0.00294633,5.38238,19.1721,0.000918508,6.10553,24.134,0.000286163,6.91951,30.3791,8.92692e-05,7.83792,38.2397,2.78121e-05,8.87555,48.1338,8.65134e-06,10.0489,60.5876,2.7882e-06,11.3761,76.2629,8.29036e-07,12.8779,95.9927,2.4373e-07,14.5775,120.825,4.33068e-09,16.5012,152.08,1.75749e-07,18.6784,191.415,-1.86328e-07,21.1428,240.917,1.91829e-07,23.9322,303.213,-1.81475e-07,27.0895,381.602,7.0186e-08,30.6634,480.231,-2.86769e-08,34.7087,604.316,2.40784e-07,39.2876,760.401,9.87368e-08,44.4705,956.705,1.22263e-07,50.3371,1203.54,-4.31966e-07,56.9776,1513.81,-1.9705e-07,64.494,1903.69,-2.763e-08,73.0018,2393.4,3.9185e-07,82.6317,3008.13,1.35379e-07,93.5318,3779.25,-4.16351e-08,105.869,4745.7,2.06965e-08,119.834,5955.6,-3.18887e-07,135.641,7468.12,-1.48271e-08,153.531,9355.62,2.00739e-07,173.781,11705.8,2.28358e-07,196.701,14624.1,-1.93587e-08,222.642,18235,-2.88101e-07,252.003,22683.4,-2.24732e-07,285.234,28134,8.56806e-09,322.845,34767,2.34258e-07,365.413,42770.9,2.99668e-07,413.588,52327.9,8.28644e-08,468.111,63591.2,-3.07049e-07,529.814,76653.2,-3.1888e-07,599.642,91502.5,-6.72276e-08,678.662,107975,2.26339e-07,768.083,125705,3.69212e-07,869.267,144088,2.04077e-07,983.76,162277,-2.80509e-07,1113.3,179223,-4.22737e-07,1259.87,193777,-1.71951e-07,1425.68,204839,4.55555e-07,11.7194,11.96,12.6541,2.21263,4.16949,0.989383,2.67766,5.84076,0.311842,3.14343,7.55825,0.0972771,3.63127,9.58578,0.0303237,4.15787,12.0912,0.00945211,4.73731,15.2286,0.00294633,5.38238,19.1721,0.000918508,6.10553,24.134,0.000286163,6.91951,30.3791,8.92692e-05,7.83792,38.2397,2.78121e-05,8.87555,48.1338,8.65134e-06,10.0489,60.5876,2.7882e-06,11.3761,76.2629,8.29036e-07,12.8779,95.9927,2.4373e-07,14.5775,120.825,1e-08,16.5012,152.08,1.75749e-07,18.6784,191.415,1e-08,21.1428,240.917,1.91829e-07,23.9322,303.213,1e-08,27.0895,381.602,7.0186e-08,30.6634,480.231,1e-08,34.7087,604.316,2.40784e-07,39.2876,760.401,9.87368e-08,44.4705,956.705,1.22263e-07,50.3371,1203.54,1e-08,56.9776,1513.81,1e-08,64.494,1903.69,1e-08,73.0018,2393.4,3.9185e-07,82.6317,3008.13,1.35379e-07,93.5318,3779.25,1e-08,105.869,4745.7,2.06965e-08,119.834,5955.6,1e-08,135.641,7468.12,1e-08,153.531,9355.62,2.00739e-07,173.781,11705.8,2.28358e-07,196.701,14624.1,1e-08,222.642,18235,1e-08,252.003,22683.4,1e-08,285.234,28134,1e-08,322.845,34767,2.34258e-07,365.413,42770.9,2.99668e-07,413.588,52327.9,8.28644e-08,468.111,63591.2,1e-08,529.814,76653.2,1e-08,599.642,91502.5,1e-08,678.662,107975,2.26339e-07,768.083,125705,3.69212e-07,869.267,144088,2.04077e-07,983.76,162277,1e-08,1113.3,179223,1e-08,1259.87,193777,1e-08,1425.68,204839,4.55555e-07,6.2823,3.27286,2.43537,0.219672,6.18826,2.24117,0.56371,6.87772,2.63624,0.308279,6,18,14,1,2,1,3,5,0,4,3,0,4,10,0,2,10,0,6,6,0,3,11,0,8,16,0,8,37,0,6,44,0,10,30,0,7,64,0,7,51,0,17,108,0,11,165,0,10,151,0,11,166,0,6,201,0,19,209,0,22,463,0,28,435,0,70,729,0,52,879,0,16,801,0,77,870,0,64,1958,0,83,2879,0,68,1778,0,83,1607,0,68,2725,0,68,6920,0,21,2952,0,93,10475,0,119,9298,0,186,6156,0,109,32028,0,158,31465,0,300,32733,0,172,37234,0,467,27842,0,172,39169,0,246,49016,0,576,73955,0,339,63630,0,684,107385,0,1047,136135,0,569,165183,0,977,104115,0,610,55354,0,810,295207,0,1760,194368,0,2195,282179,0
-1.05176e+08,1,8.88811e-15,10,1023,0,1.05176e+08,0.528882,1.08665,0.389689,0.145397,0.379329,3.24381,0.161596,0.446195,1.77396,0.159177,1.15e+07,4.49998e+06,6.79999e+06,1.15e+07,4.49997e+06,6.79999e+06,1.15e+07,4.49996e+06,6.79999e+06,1.15e+07,4.49995e+06,6.79999e+06,1.14999e+07,4.49993e+06,6.79999e+06,1.14999e+07,4.49991e+06,6.79999e+06,1.14999e+07,4.49989e+06,6.79999e+06,1.14999e+07,4.49986e+06,6.79999e+06,1.14999e+07,4.49982e+06,6.79999e+06,1.14999e+07,4.49977e+06,6.79999e+06,1.14999e+07,4.49971e+06,6.79999e+06,1.14999e+07,4.49963e+06,6.79999e+06,1.14998e+07,4.49953e+06,6.79999e+06,1.14998e+07,4.49941e+06,6.79999e+06,1.14998e+07,4.49926e+06,6.79999e+06,1.14998e+07,4.49906e+06,6.79999e+06,1.14997e+07,4.49882e+06,6.79999e+06,1.14997e+07,4.49851e+06,6.79999e+06,1.14997e+07,4.49812e+06,6.79999e+06,1.14996e+07,4.49764e+06,6.79999e+06,1.14996e+07,4.49702e+06,6.79999e+06,1.14995e+07,4.49625e+06,6.79999e+06,1.14995e+07,4.49528e+06,6.79999e+06,1.14994e+07,4.49406e+06,6.79999e+06,1.14993e+07,4.49253e+06,6.79999e+06,1.14992e+07,4.49059e+06,6.79999e+06,1.14991e+07,4.48817e+06,6.79999e+06,1.1499e+07,4.48511e+06,6.79999e+06,1.14988e+07,4.48128e+06,6.79999e+06,1.14987e+07,4.47646e+06,6.79999e+06,1.14985e+07,4.47041e+06,6.79999e+06,1.14983e+07,4.46281e+06,6.79999e+06,1.14981e+07,4.4533e+06,6.79999e+06,1.14979e+07,4.44138e+06,6.79999e+06,1.14976e+07,4.42649e+06,6.79999e+06,1.14972e+07,4.40789e+06,6.79999e+06,1.14969e+07,4.38471e+06,6.79999e+06,1.14965e+07,4.35592e+06,6.79999e+06,1.1496e+07,4.32027e+06,6.79999e+06,1.14955e+07,4.27629e+06,6.79999e+06,1.14949e+07,4.22231e+06,6.79999e+06,1.14942e+07,4.15647e+06,6.79999e+06,1.14934e+07,4.07676e+06,6.79999e+06,1.14926e+07,3.98112e+06,6.79999e+06,1.14916e+07,3.86765e+06,6.79999e+06,1.14905e+07,3.73474e+06,6.79999e+06,1.14892e+07,3.58148e+06,6.79999e+06,1.14878e+07,3.40785e+06,6.79999e+06,1.14862e+07,3.21513e+06,6.79999e+06,1.14844e+07,3.00605e+06,6.79999e+06,1.14823e+07,2.7848e+06,6.79999e+06,1.148e+07,2.5568e+06,6.79999e+06,1.14773e+07,2.32825e+06,6.79999e+06,13.5742,8.52444,0.508366,16.8306,13.2585,0.162638,20.0035,17.569,0.0507846,23.2616,22.4214,0.0158319,26.7328,28.3297,0.00493498,30.5212,35.6974,0.00153831,34.7178,44.9473,0.000479527,39.4086,56.5822,0.000149456,44.6796,71.2245,4.66214e-05,50.6209,89.6543,1.45419e-05,57.3297,112.852,4.54748e-06,64.9129,142.051,1.43857e-06,73.4897,178.803,4.36618e-07,83.1934,225.062,1.40153e-07,94.1745,283.286,4.96378e-08,106.602,356.568,1.05434e-07,120.669,448.799,-6.49244e-08,136.59,564.873,1.70148e-07,154.611,710.948,-5.34594e-08,175.008,894.767,1.63407e-07,198.097,1126.06,8.04804e-08,224.231,1417.07,1.14667e-07,253.813,1783.15,-1.71227e-07,287.297,2243.62,-2.88466e-07,325.198,2822.67,-4.33651e-07,368.098,3550.67,7.9318e-08,416.657,4465.65,3.13319e-07,471.621,5615.16,3.4613e-07,533.835,7058.61,-1.19199e-07,604.255,8870.02,-2.79964e-07,683.962,11141.4,-2.30521e-07,774.182,13986.7,-2.55099e-07,876.299,17546.4,1.23585e-07,991.883,21993.1,1.41192e-07,1122.71,27536.7,-9.71886e-08,1270.78,34430.7,-3.68368e-07,1438.38,42977.7,-3.45379e-07,1628.07,53532.7,-3.25328e-09,1842.77,66504.6,2.6362e-07,2085.77,82350.2,2.53445e-07,2360.79,101560,-2.47407e-08,2672.05,124632,-3.80602e-07,3024.31,152018,-4.79005e-07,3422.98,184060,-1.14379e-07,3874.15,220884,2.64297e-07,4384.72,262283,3.44131e-07,4962.49,307576,7.5349e-08,5616.29,355497,-3.63097e-07,6356.1,404126,-6.05442e-07,7193.18,450932,-2.72333e-07,8140.28,492963,2.29675e-07,9211.79,527178,4.3387e-07,10424,550893,-1.0711e-07,10.102,8.06553,2.81012,10.6436,8.57909,0.869423,11.5336,10.2515,0.270869,12.7211,12.7138,0.0844293,14.1823,15.9373,0.0263173,15.9122,20.0383,0.0082035,17.9198,25.2154,0.00255722,20.2244,31.7373,0.000797017,22.8539,39.9486,0.000248622,25.8438,50.2851,7.75492e-05,29.237,63.2963,2.42508e-05,33.0837,79.6738,7.67162e-06,37.4415,100.288,2.32837e-06,42.3767,126.236,7.33e-07,47.9646,158.896,2.79256e-07,54.2906,200.003,9.87351e-09,61.452,251.741,1.61085e-07,69.5585,316.859,-2.47141e-07,78.7347,398.812,8.93552e-08,89.1218,501.948,-2.53231e-07,100.879,631.736,-1.25047e-07,114.188,795.049,-1.78808e-07,129.252,1000.53,2.6733e-07,146.304,1259.03,4.50292e-07,165.605,1584.19,6.76904e-07,187.452,1993.12,-1.23808e-07,212.181,2507.27,-4.89068e-07,240.173,3153.54,-5.40284e-07,271.856,3965.56,1.86061e-07,307.719,4985.38,4.37004e-07,348.313,6265.4,3.59828e-07,394.26,7870.83,3.98192e-07,446.268,9882.51,-1.92908e-07,505.135,12400.3,-2.20392e-07,571.766,15546.9,1.51705e-07,647.184,19472.2,5.74996e-07,732.547,24357.4,5.39112e-07,829.167,30420,5.07815e-09,938.526,37916.3,-4.11492e-07,1062.3,47143.9,-3.9561e-07,1202.4,58439.2,3.86185e-08,1360.96,72169.3,5.94093e-07,1540.42,88715.8,7.47693e-07,1743.53,108445,1.78537e-07,1973.41,131665,-4.12549e-07,2233.57,158557,-5.37164e-07,2528,189103,-1.17615e-07,2861.2,222986,5.66769e-07,3238.27,259510,9.45053e-07,3664.97,297540,4.25093e-07,4147.81,335497,-3.58506e-07,4694.17,371444,-6.7724e-07,5312.37,403256,1.67192e-07,1.61744,3.89446,9.84394,3.28846,7.5504,12.774,5.07607,11.7187,13.6844,7.03202,16.8147,13.9681,9.20215,23.1769,14.0566,11.6301,31.1672,14.0841,14.3598,41.2186,14.0927,17.4376,53.8688,14.0954,20.9137,69.7915,14.0962,24.8432,89.8341,14.0965,29.2879,115.063,14.0966,34.3168,146.819,14.0966,40.0078,186.792,14.0966,46.4487,237.107,14.0966,53.7388,300.44,14.0966,61.9903,380.158,14.0966,71.3301,480.499,14.0966,81.902,606.796,14.0966,93.8685,765.761,14.0966,107.414,965.837,14.0966,122.746,1217.65,14.0966,140.101,1534.57,14.0966,159.745,1933.41,14.0966,181.981,2435.3,14.0966,207.15,3066.85,14.0966,235.64,3861.46,14.0966,267.889,4861.11,14.0966,304.391,6118.54,14.0966,345.709,7699.91,14.0966,392.478,9688.22,14.0966,445.417,12187.5,14.0966,505.339,15327.7,14.0966,573.165,19271.6,14.0966,649.938,24222,14.0966,736.839,30430.9,14.0966,835.202,38211.5,14.0966,946.539,47950.3,14.0966,1072.56,60122.8,14.0966,1215.21,75309.9,14.0966,1376.66,94216.2,14.0966,1559.41,117688,14.0966,1766.26,146729,14.0966,2000.39,182510,14.0966,2265.39,226372,14.0966,2565.33,279806,14.0966,2904.81,344416,14.0966,3289.05,421845,14.0966,3723.93,513667,14.0966,4216.13,621231,14.0966,4773.18,745478,14.0966,5403.64,886744,14.0966,6117.15,1.04457e+06,14.0966,6924.63,1.2176e+06,14.0966,11.7194,11.96,12.6541,13.9321,16.1295,13.6434,16.6097,21.9702,13.9553,19.7532,29.5285,14.0526,23.3844,39.1143,14.0829,27.5423,51.2054,14.0923,32.2796,66.434,14.0953,37.662,85.6061,14.0962,43.7675,109.74,14.0965,50.687,140.119,14.0966,58.5249,178.359,14.0966,67.4005,226.493,14.0966,77.4493,287.08,14.0966,88.8254,363.343,14.0966,101.703,459.336,14.0966,116.281,580.161,14.0966,132.782,732.241,14.0966,151.46,923.655,14.0966,172.603,1164.57,14.0966,196.535,1467.79,14.0966,223.625,1849.39,14.0966,254.288,2329.62,14.0966,288.997,2933.93,14.0966,328.285,3694.33,14.0966,372.755,4651.04,14.0966,423.092,5854.57,14.0966,480.07,7368.38,14.0966,544.564,9272.08,14.0966,617.566,11665.5,14.0966,700.197,14673.6,14.0966,793.729,18452.9,14.0966,899.599,23198.6,14.0966,1019.43,29154.1,14.0966,1155.07,36622.3,14.0966,1308.6,45977.9,14.0966,1482.39,57683.7,14.0966,1679.09,72307.8,14.0966,1901.73,90542.8,14.0966,2153.73,113226,14.0966,2438.97,141360,14.0966,2761.81,176127,14.0966,3127.22,218898,14.0966,3540.81,271226,14.0966,4008.92,334817,14.0966,4538.74,411470,14.0966,5138.38,502973,14.0966,5817.04,610948,14.0966,6585.12,736653,14.0966,7454.39,880741,14.0966,8438.15,1.04302e+06,14.0966,9551.45,1.22224e+06,14.0966,10811.3,1.41602e+06,14.0966,12237,1.62086e+06,14.0966,11.7194,11.96,12.6541,2.21263,4.16949,0.989383,2.67766,5.84076,0.311842,3.14343,7.55825,0.0972771,3.63127,9.58578,0.0303237,4.15787,12.0912,0.00945211,4.73731,15.2286,0.00294633,5.38238,19.1721,0.000918508,6.10553,24.134,0.000286163,6.91951,30.3791,8.92692e-05,7.83792,38.2397,2.78121e-05,8.87555,48.1338,8.65134e-06,10.0489,60.5876,2.7882e-06,11.3761,76.2629,8.29036e-07,12.8779,95.9927,2.4373e-07,14.5775,120.825,4.33068e-09,16.5012,152.08,1.75749e-07,18.6784,191.415,-1.86328e-07,21.1428,240.917,1.91829e-07,23.9322,303.213,-1.81475e-07,27.0895,381.602,7.0186e-08,30.6634,480.231,-2.86769e-08,34.7087,604.316,2.40784e-07,39.2876,760.401,9.87368e-08,44.4705,956.705,1.22263e-07,50.3371,1203.54,-4.31966e-07,56.9776,1513.81,-1.9705e-07,64.494,1903.69,-2.763e-08,73.0018,2393.4,3.9185e-07,82.6317,3008.13,1.35379e-07,93.5318,3779.25,-4.16351e-08,105.869,4745.7,2.06965e-08,119.834,5955.6,-3.18887e-07,135.641,7468.12,-1.48271e-08,153.531,9355.62,2.00739e-07,173.781,11705.8,2.28358e-07,196.701,14624.1,-1.93587e-08,222.642,18235,-2.88101e-07,252.003,22683.4,-2.24732e-07,285.234,28134,8.56806e-09,322.845,34767,2.34258e-07,365.413,42770.9,2.99668e-07,413.588,52327.9,8.28644e-08,468.111,63591.2,-3.07049e-07,529.814,76653.2,-3.1888e-07,599.642,91502.5,-6.72276e-08,678.662,107975,2.26339e-07,768.083,125705,3.69212e-07,869.267,144088,2.04077e-07,983.76,162277,-2.80509e-07,1113.3,179223,-4.22737e-07,1259.87,193777,-1.71951e-07,1425.68,204839,4.55555e-07,11.7194,11.96,12.6541,2.21263,4.16949,0.989383,2.67766,5.84076,0.311842,3.14343,7.55825,0.0972771,3.63127,9.58578,0.0303237,4.15787,12.0912,0.00945211,4.73731,15.2286,0.00294633,5.38238,19.1721,0.000918508,6.10553,24.134,0.000286163,6.91951,30.3791,8.92692e-05,7.83792,38.2397,2.78121e-05,8.87555,48.1338,8.65134e-06,10.0489,60.5876,2.7882e-06,11.3761,76.2629,8.29036e-07,12.8779,95.9927,2.4373e-07,14.5775,120.825,1e-08,16.5012,152.08,1.75749e-07,18.6784,191.415,1e-08,21.1428,240.917,1.91829e-07,23.9322,303.213,1e-08,27.0895,381.602,7.0186e-08,30.6634,480.231,1e-08,34.7087,604.316,2.40784e-07,39.2876,760.401,9.87368e-08,44.4705,956.705,1.22263e-07,50.3371,1203.54,1e-08,56.9776,1513.81,1e-08,64.494,1903.69,1e-08,73.0018,2393.4,3.9185e-07,82.6317,3008.13,1.35379e-07,93.5318,3779.25,1e-08,105.869,4745.7,2.06965e-08,119.834,5955.6,1e-08,135.641,7468.12,1e-08,153.531,9355.62,2.00739e-07,173.781,11705.8,2.28358e-07,196.701,14624.1,1e-08,222.642,18235,1e-08,252.003,22683.4,1e-08,285.234,28134,1e-08,322.845,34767,2.34258e-07,365.413,42770.9,2.99668e-07,413.588,52327.9,8.28644e-08,468.111,63591.2,1e-08,529.814,76653.2,1e-08,599.642,91502.5,1e-08,678.662,107975,2.26339e-07,768.083,125705,3.69212e-07,869.267,144088,2.04077e-07,983.76,162277,1e-08,1113.3,179223,1e-08,1259.87,193777,1e-08,1425.68,204839,4.55555e-07,6.2823,3.27286,2.43537,0.219672,6.18826,2.24117,0.56371,6.87772,2.63624,0.308279,19,16,15,2,3,1,3,6,0,2,1,0,2,5,0,6,8,0,2,11,0,5,12,0,9,14,0,2,25,0,4,47,0,26,66,0,20,83,0,13,21,0,12,77,0,13,104,0,27,130,0,16,120,0,6,268,0,31,298,0,49,314,0,20,452,0,40,1037,0,38,1010,0,16,403,0,59,754,0,38,1308,0,33,1554,0,73,2617,0,33,1995,0,116,1963,0,192,2886,0,55,2778,0,203,5181,0,67,9160,0,190,12492,0,331,16325,0,154,28769,0,210,24105,0,163,53014,0,306,39819,0,335,41182,0,524,79473,0,360,70932,0,488,49952,0,307,87438,0,904,120918,0,935,81980,0,1208,87573,0,1323,100002,0,1248,357257,0,1677,125741,0,939,253657,0
-1.05176e+08,7.86428e-46,8.88811e-15,10,1023,0,1.05176e+08,0.528882,1.08665,0.389689,0.145397,0.379329,3.24381,0.161596,0.446195,1.77396,0.159177,1.15e+07,4.49998e+06,6.79999e+06,1.15e+07,4.49997e+06,6.79999e+06,1.15e+07,4.49996e+06,6.79999e+06,1.15e+07,4.49995e+06,6.79999e+06,1.14999e+07,4.49993e+06,6.79999e+06,1.14999e+07,4.49991e+06,6.79999e+06,1.14999e+07,4.49989e+06,6.79999e+06,1.14999e+07,4.49986e+06,6.79999e+06,1.14999e+07,4.49982e+06,6.79999e+06,1.14999e+07,4.49977e+06,6.79999e+06,1.14999e+07,4.49971e+06,6.79999e+06,1.14999e+07,4.49963e+06,6.79999e+06,1.14998e+07,4.49953e+06,6.79999e+06,1.14998e+07,4.49941e+06,6.79999e+06,1.14998e+07,4.49926e+06,6.79999e+06,1.14998e+07,4.49906e+06,6.79999e+06,1.14997e+07,4.49882e+06,6.79999e+06,1.14997e+07,4.49851e+06,6.79999e+06,1.14997e+07,4.49812e+06,6.79999e+06,1.14996e+07,4.49764e+06,6.79999e+06,1.14996e+07,4.49702e+06,6.79999e+06,1.14995e+07,4.49625e+06,6.79999e+06,1.14995e+07,4.49528e+06,6.79999e+06,1.14994e+07,4.49406e+06,6.79999e+06,1.14993e+07,4.49253e+06,6.79999e+06,1.14992e+07,4.49059e+06,6.79999e+06,1.14991e+07,4.48817e+06,6.79999e+06,1.1499e+07,4.48511e+06,6.79999e+06,1.14988e+07,4.48128e+06,6.79999e+06,1.14987e+07,4.47646e+06,6.79999e+06,1.14985e+07,4.47041e+06,6.79999e+06,1.14983e+07,4.46281e+06,6.79999e+06,1.14981e+07,4.4533e+06,6.79999e+06,1.14979e+07,4.44138e+06,6.79999e+06,1.14976e+07,4.42649e+06,6.79999e+06,1.14972e+07,4.40789e+06,6.79999e+06,1.14969e+07,4.38471e+06,6.79999e+06,1.14965e+07,4.35592e+06,6.79999e+06,1.1496e+07,4.32027e+06,6.79999e+06,1.14955e+07,4.27629e+06,6.79999e+06,1.14949e+07,4.22231e+06,6.79999e+06,1.14942e+07,4.15647e+06,6.79999e+06,1.14934e+07,4.07676e+06,6.79999e+06,1.14926e+07,3.98112e+06,6.79999e+06,1.14916e+07,3.86765e+06,6.79999e+06,1.14905e+07,3.73474e+06,6.79999e+06,1.14892e+07,3.58148e+06,6.79999e+06,1.14878e+07,3.40785e+06,6.79999e+06,1.14862e+07,3.21513e+06,6.79999e+06,1.14844e+07,3.00605e+06,6.79999e+06,1.14823e+07,2.7848e+06,6.79999e+06,1.148e+07,2.5568e+06,6.79999e+06,1.14773e+07,2.32825e+06,6.79999e+06,13.5742,8.52444,0.508366,16.8306,13.2585,0.162638,20.0035,17.569,0.0507846,23.2616,22.4214,0.0158319,26.7328,28.3297,0.00493498,30.5212,35.6974,0.00153831,34.7178,44.9473,0.000479527,39.4086,56.5822,0.000149456,44.6796,71.2245,4.66214e-05,50.6209,89.6543,1.45419e-05,57.3297,112.852,4.54748e-06,64.9129,142.051,1.43857e-06,73.4897,178.803,4.36618e-07,83.1934,225.062,1.40153e-07,94.1745,283.286,4.96378e-08,106.602,356.568,1.05434e-07,120.669,448.799,-6.49244e-08,136.59,564.873,1.70148e-07,154.611,710.948,-5.34594e-08,175.008,894.767,1.63407e-07,198.097,1126.06,8.04804e-08,224.231,1417.07,1.14667e-07,253.813,1783.15,-1.71227e-07,287.297,2243.62,-2.88466e-07,325.198,2822.67,-4.33651e-07,368.098,3550.67,7.9318e-08,416.657,4465.65,3.13319e-07,471.621,5615.16,3.4613e-07,533.835,7058.61,-1.19199e-07,604.255,8870.02,-2.79964e-07,683.962,11141.4,-2.30521e-07,774.182,13986.7,-2.55099e-07,876.299,17546.4,1.23585e-07,991.883,21993.1,1.41192e-07,1122.71,27536.7,-9.71886e-08,1270.78,34430.7,-3.68368e-07,1438.38,42977.7,-3.45379e-07,1628.07,53532.7,-3.25328e-09,1842.77,66504.6,2.6362e-07,2085.77,82350.2,2.53445e-07,2360.79,101560,-2.47407e-08,2672.05,124632,-3.80602e-07,3024.31,152018,-4.79005e-07,3422.98,184060,-1.14379e-07,3874.15,220884,2.64297e-07,4384.72,262283,3.44131e-07,4962.49,307576,7.5349e-08,5616.29,355497,-3.63097e-07,6356.1,404126,-6.05442e-07,7193.18,450932,-2.72333e-07,8140.28,492963,2.29675e-07,9211.79,527178,4.3387e-07,10424,550893,-1.0711e-07,10.102,8.06553,2.81012,10.6436,8.57909,0.869423,11.5336,10.2515,0.270869,12.7211,12.7138,0.0844293,14.1823,15.9373,0.0263173,15.9122,20.0383,0.0082035,17.9198,25.2154,0.00255722,20.2244,31.7373,0.000797017,22.8539,39.9486,0.000248622,25.8438,50.2851,7.75492e-05,29.237,63.2963,2.42508e-05,33.0837,79.6738,7.67162e-06,37.4415,100.288,2.32837e-06,42.3767,126.236,7.33e-07,47.9646,158.896,2.79256e-07,54.2906,200.003,9.87351e-09,61.452,251.741,1.61085e-07,69.5585,316.859,-2.47141e-07,78.7347,398.812,8.93552e-08,89.1218,501.948,-2.53231e-07,100.879,631.736,-1.25047e-07,114.188,795.049,-1.78808e-07,129.252,1000.53,2.6733e-07,146.304,1259.03,4.50292e-07,165.605,1584.19,6.76904e-07,187.452,1993.12,-1.23808e-07,212.181,2507.27,-4.89068e-07,240.173,3153.54,-5.40284e-07,271.856,3965.56,1.86061e-07,307.719,4985.38,4.37004e-07,348.313,6265.4,3.59828e-07,394.26,7870.83,3.98192e-07,446.268,9882.51,-1.92908e-07,505.135,12400.3,-2.20392e-07,571.766,15546.9,1.51705e-07,647.184,19472.2,5.74996e-07,732.547,24357.4,5.39112e-07,829.167,30420,5.07815e-09,938.526,37916.3,-4.11492e-07,1062.3,47143.9,-3.9561e-07,1202.4,58439.2,3.86185e-08,1360.96,72169.3,5.94093e-07,1540.42,88715.8,7.47693e-07,1743.53,108445,1.78537e-07,1973.41,131665,-4.12549e-07,2233.57,158557,-5.37164e-07,2528,189103,-1.17615e-07,2861.2,222986,5.66769e-07,3238.27,259510,9.45053e-07,3664.97,297540,4.25093e-07,4147.81,335497,-3.58506e-07,4694.17,371444,-6.7724e-07,5312.37,403256,1.67192e-07,1.61744,3.89446,9.84394,3.28846,7.5504,12.774,5.07607,11.7187,13.6844,7.03202,16.8147,13.9681,9.20215,23.1769,14.0566,11.6301,31.1672,14.0841,14.3598,41.2186,14.0927,17.4376,53.8688,14.0954,20.9137,69.7915,14.0962,24.8432,89.8341,14.0965,29.2879,115.063,14.0966,34.3168,146.819,14.0966,40.0078,186.792,14.0966,46.4487,237.107,14.0966,53.7388,300.44,14.0966,61.9903,380.158,14.0966,71.3301,480.499,14.0966,81.902,606.796,14.0966,93.8685,765.761,14.0966,107.414,965.837,14.0966,122.746,1217.65,14.0966,140.101,1534.57,14.0966,159.745,1933.41,14.0966,181.981,2435.3,14.0966,207.15,3066.85,14.0966,235.64,3861.46,14.0966,267.889,4861.11,14.0966,304.391,6118.54,14.0966,345.709,7699.91,14.0966,392.478,9688.22,14.0966,445.417,12187.5,14.0966,505.339,15327.7,14.0966,573.165,19271.6,14.0966,649.938,24222,14.0966,736.839,30430.9,14.0966,835.202,38211.5,14.0966,946.539,47950.3,14.0966,1072.56,60122.8,14.0966,1215.21,75309.9,14.0966,1376.66,94216.2,14.0966,1559.41,117688,14.0966,1766.26,146729,14.0966,2000.39,182510,14.0966,2265.39,226372,14.0966,2565.33,279806,14.0966,2904.81,344416,14.0966,3289.05,421845,14.0966,3723.93,513667,14.0966,4216.13,621231,14.0966,4773.18,745478,14.0966,5403.64,886744,14.0966,6117.15,1.04457e+06,14.0966,6924.63,1.2176e+06,14.0966,11.7194,11.96,12.6541,13.9321,16.1295,13.6434,16.6097,21.9702,13.9553,19.7532,29.5285,14.0526,23.3844,39.1143,14.0829,27.5423,51.2054,14.0923,32.2796,66.434,14.0953,37.662,85.6061,14.0962,43.7675,109.74,14.0965,50.687,140.119,14.0966,58.5249,178.359,14.0966,67.4005,226.493,14.0966,77.4493,287.08,14.0966,88.8254,363.343,14.0966,101.703,459.336,14.0966,116.281,580.161,14.0966,132.782,732.241,14.0966,151.46,923.655,14.0966,172.603,1164.57,14.0966,196.535,1467.79,14.0966,223.625,1849.39,14.0966,254.288,2329.62,14.0966,288.997,2933.93,14.0966,328.285,3694.33,14.0966,372.755,4651.04,14.0966,423.092,5854.57,14.0966,480.07,7368.38,14.0966,544.564,9272.08,14.0966,617.566,11665.5,14.0966,700.197,14673.6,14.0966,793.729,18452.9,14.0966,899.599,23198.6,14.0966,1019.43,29154.1,14.0966,1155.07,36622.3,14.0966,1308.6,45977.9,14.0966,1482.39,57683.7,14.0966,1679.09,72307.8,14.0966,1901.73,90542.8,14.0966,2153.73,113226,14.0966,2438.97,141360,14.0966,2761.81,176127,14.0966,3127.22,218898,14.0966,3540.81,271226,14.0966,4008.92,334817,14.0966,4538.74,411470,14.0966,5138.38,502973,14.0966,5817.04,610948,14.0966,6585.12,736653,14.0966,7454.39,880741,14.0966,8438.15,1.04302e+06,14.0966,9551.45,1.22224e+06,14.0966,10811.3,1.41602e+06,14.0966,12237,1.62086e+06,14.0966,11.7194,11.96,12.6541,2.21263,4.16949,0.989383,2.67766,5.84076,0.311842,3.14343,7.55825,0.0972771,3.63127,9.58578,0.0303237,4.15787,12.0912,0.00945211,4.73731,15.2286,0.00294633,5.38238,19.1721,0.000918508,6.10553,24.134,0.000286163,6.91951,30.3791,8.92692e-05,7.83792,38.2397,2.78121e-05,8.87555,48.1338,8.65134e-06,10.0489,60.5876,2.7882e-06,11.3761,76.2629,8.29036e-07,12.8779,95.9927,2.4373e-07,14.5775,120.825,4.33068e-09,16.5012,152.08,1.75749e-07,18.6784,191.415,-1.86328e-07,21.1428,240.917,1.91829e-07,23.9322,303.213,-1.81475e-07,27.0895,381.602,7.0186e-08,30.6634,480.231,-2.86769e-08,34.7087,604.316,2.40784e-07,39.2876,760.401,9.87368e-08,44.4705,956.705,1.22263e-07,50.3371,1203.54,-4.31966e-07,56.9776,1513.81,-1.9705e-07,64.494,1903.69,-2.763e-08,73.0018,2393.4,3.9185e-07,82.6317,3008.13,1.35379e-07,93.5318,3779.25,-4.16351e-08,105.869,4745.7,2.06965e-08,119.834,5955.6,-3.18887e-07,135.641,7468.12,-1.48271e-08,153.531,9355.62,2.00739e-07,173.781,11705.8,2.28358e-07,196.701,14624.1,-1.93587e-08,222.642,18235,-2.88101e-07,252.003,22683.4,-2.24732e-07,285.234,28134,8.56806e-09,322.845,34767,2.34258e-07,365.413,42770.9,2.99668e-07,413.588,52327.9,8.28644e-08,468.111,63591.2,-3.07049e-07,529.814,76653.2,-3.1888e-07,599.642,91502.5,-6.72276e-08,678.662,107975,2.26339e-07,768.083,125705,3.69212e-07,869.267,144088,2.04077e-07,983.76,162277,-2.80509e-07,1113.3,179223,-4.22737e-07,1259.87,193777,-1.71951e-07,1425.68,204839,4.55555e-07,11.7194,11.96,12.6541,2.21263,4.16949,0.989383,2.67766,5.84076,0.311842,3.14343,7.55825,0.0972771,3.63127,9.58578,0.0303237,4.15787,12.0912,0.00945211,4.73731,15.2286,0.00294633,5.38238,19.1721,0.000918508,6.10553,24.134,0.000286163,6.91951,30.3791,8.92692e-05,7.83792,38.2397,2.78121e-05,8.87555,48.1338,8.65134e-06,10.0489,60.5876,2.7882e-06,11.3761,76.2629,8.29036e-07,12.8779,95.9927,2.4373e-07,14.5775,120.825,1e-08,16.5012,152.08,1.75749e-07,18.6784,191.415,1e-08,21.1428,240.917,1.91829e-07,23.9322,303.213,1e-08,27.0895,381.602,7.0186e-08,30.6634,480.231,1e-08,34.7087,604.316,2.40784e-07,39.2876,760.401,9.87368e-08,44.4705,956.705,1.22263e-07,50.3371,1203.54,1e-08,56.9776,1513.81,1e-08,64.494,1903.69,1e-08,73.0018,2393.4,3.9185e-07,82.6317,3008.13,1.35379e-07,93.5318,3779.25,1e-08,105.869,4745.7,2.06965e-08,119.834,5955.6,1e-08,135.641,7468.12,1e-08,153.531,9355.62,2.00739e-07,173.781,11705.8,2.28358e-07,196.701,14624.1,1e-08,222.642,18235,1e-08,252.003,22683.4,1e-08,285.234,28134,1e-08,322.845,34767,2.34258e-07,365.413,42770.9,2.99668e-07,413.588,52327.9,8.28644e-08,468.111,63591.2,1e-08,529.814,76653.2,1e-08,599.642,91502.5,1e-08,678.662,107975,2.26339e-07,768.083,125705,3.69212e-07,869.267,144088,2.04077e-07,983.76,162277,1e-08,1113.3,179223,1e-08,1259.87,193777,1e-08,1425.68,204839,4.55555e-07,6.2823,3.27286,2.43537,0.219672,6.18826,2.24117,0.56371,6.87772,2.63624,0.308279,9,14,6,3,1,1,0,4,0,4,15,0,1,17,0,6,14,0,3,12,0,2,14,0,4,21,0,10,17,0,11,12,0,11,55,0,7,57,0,10,23,0,25,73,0,16,166,0,12,126,0,15,154,0,7,194,0,15,270,0,23,305,0,38,490,0,25,551,0,8,1010,0,26,746,0,40,464,0,95,1324,0,104,1949,0,71,3758,0,94,4788,0,70,3410,0,93,1974,0,129,7465,0,103,6265,0,152,5448,0,165,9443,0,57,29129,0,225,14271,0,314,13251,0,372,28641,0,152,22716,0,409,39301,0,333,34188,0,493,46315,0,487,34624,0,562,29931,0,856,66039,0,1188,121870,0,462,112546,0,579,130935,0,524,151362,0,2275,161598,0,1640,394652,0
-1.05176e+08,1,8.88811e-15,10,1023,0,1.05176e+08,0.528882,1.08665,0.389689,0.145397,0.379329,3.24381,0.161596,0.446195,1.77396,0.159177,1.15e+07,4.49998e+06,6.79999e+06,1.15e+07,4.49997e+06,6.79999e+06,1.15e+07,4.49996e+06,6.79999e+06,1.15e+07,4.49995e+06,6.79999e+06,1.14999e+07,4.49993e+06,6.79999e+06,1.14999e+07,4.49991e+06,6.79999e+06,1.14999e+07,4.49989e+06,6.79999e+06,1.14999e+07,4.49986e+06,6.79999e+06,1.14999e+07,4.49982e+06,6.79999e+06,1.14999e+07,4.49977e+06,6.79999e+06,1.14999e+07,4.49971e+06,6.79999e+06,1.14999e+07,4.49963e+06,6.79999e+06,1.14998e+07,4.49953e+06,6.79999e+06,1.14998e+07,4.49941e+06,6.79999e+06,1.14998e+07,4.49926e+06,6.79999e+06,1.14998e+07,4.49906e+06,6.79999e+06,1.14997e+07,4.49882e+06,6.79999e+06,1.14997e+07,4.49851e+06,6.79999e+06,1.14997e+07,4.49812e+06,6.79999e+06,1.14996e+07,4.49764e+06,6.79999e+06,1.14996e+07,4.49702e+06,6.79999e+06,1.14995e+07,4.49625e+06,6.79999e+06,1.14995e+07,4.49528e+06,6.79999e+06,1.14994e+07,4.49406e+06,6.79999e+06,1.14993e+07,4.49253e+06,6.79999e+06,1.14992e+07,4.49059e+06,6.79999e+06,1.14991e+07,4.48817e+06,6.79999e+06,1.1499e+07,4.48511e+06,6.79999e+06,1.14988e+07,4.48128e+06,6.79999e+06,1.14987e+07,4.47646e+06,6.79999e+06,1.14985e+07,4.47041e+06,6.79999e+06,1.14983e+07,4.46281e+06,6.79999e+06,1.14981e+07,4.4533e+06,6.79999e+06,1.14979e+07,4.44138e+06,6.79999e+06,1.14976e+07,4.42649e+06,6.79999e+06,1.14972e+07,4.40789e+06,6.79999e+06,1.14969e+07,4.38471e+06,6.79999e+06,1.14965e+07,4.35592e+06,6.79999e+06,1.1496e+07,4.32027e+06,6.79999e+06,1.14955e+07,4.27629e+06,6.79999e+06,1.14949e+07,4.22231e+06,6.79999e+06,1.14942e+07,4.15647e+06,6.79999e+06,1.14934e+07,4.07676e+06,6.79999e+06,1.14926e+07,3.98112e+06,6.79999e+06,1.14916e+07,3.86765e+06,6.79999e+06,1.14905e+07,3.73474e+06,6.79999e+06,1.14892e+07,3.58148e+06,6.79999e+06,1.14878e+07,3.40785e+06,6.79999e+06,1.14862e+07,3.21513e+06,6.79999e+06,1.14844e+07,3.00605e+06,6.79999e+06,1.14823e+07,2.7848e+06,6.79999e+06,1.148e+07,2.5568e+06,6.79999e+06,1.14773e+07,2.32825e+06,6.79999e+06,13.5742,8.52444,0.508366,16.8306,13.2585,0.162638,20.0035,17.569,0.0507846,23.2616,22.4214,0.0158319,26.7328,28.3297,0.00493498,30.5212,35.6974,0.00153831,34.7178,44.9473,0.000479527,39.4086,56.5822,0.000149456,44.6796,71.2245,4.66214e-05,50.6209,89.6543,1.45419e-05,57.3297,112.852,4.54748e-06,64.9129,142.051,1.43857e-06,73.4897,178.803,4.36618e-07,83.1934,225.062,1.40153e-07,94.1745,283.286,4.96378e-08,106.602,356.568,1.05434e-07,120.669,448.799,-6.49244e-08,136.59,564.873,1.70148e-07,154.611,710.948,-5.34594e-08,175.008,894.767,1.63407e-07,198.097,1126.06,8.04804e-08,224.231,1417.07,1.14667e-07,253.813,1783.15,-1.71227e-07,287.297,2243.62,-2.88466e-07,325.198,2822.67,-4.33651e-07,368.098,3550.67,7.9318e-08,416.657,4465.65,3.13319e-07,471.621,5615.16,3.4613e-07,533.835,7058.61,-1.19199e-07,604.255,8870.02,-2.79964e-07,683.962,11141.4,-2.30521e-07,774.182,13986.7,-2.55099e-07,876.299,17546.4,1.23585e-07,991.883,21993.1,1.41192e-07,1122.71,27536.7,-9.71886e-08,1270.78,34430.7,-3.68368e-07,1438.38,42977.7,-3.45379e-07,1628.07,53532.7,-3.25328e-09,1842.77,66504.6,2.6362e-07,2085.77,82350.2,2.53445e-07,2360.79,101560,-2.47407e-08,2672.05,124632,-3.80602e-07,3024.31,152018,-4.79005e-07,3422.98,184060,-1.14379e-07,3874.15,220884,2.64297e-07,4384.72,262283,3.44131e-07,4962.49,307576,7.5349e-08,5616.29,355497,-3.63097e-07,6356.1,404126,-6.05442e-07,7193.18,450932,-2.72333e-07,8140.28,492963,2.29675e-07,9211.79,527178,4.3387e-07,10424,550893,-1.0711e-07,10.102,8.06553,2.81012,10.6436,8.57909,0.869423,11.5336,10.2515,0.270869,12.7211,12.7138,0.0844293,14.1823,15.9373,0.0263173,15.9122,20.0383,0.0082035,17.9198,25.2154,0.00255722,20.2244,31.7373,0.000797017,22.8539,39.9486,0.000248622,25.8438,50.2851,7.75492e-05,29.237,63.2963,2.42508e-05,33.0837,79.6738,7.67162e-06,37.4415,100.288,2.32837e-06,42.3767,126.236,7.33e-07,47.9646,158.896,2.79256e-07,54.2906,200.003,9.87351e-09,61.452,251.741,1.61085e-07,69.5585,316.859,-2.47141e-07,78.7347,398.812,8.93552e-08,89.1218,501.948,-2.53231e-07,100.879,631.736,-1.25047e-07,114.188,795.049,-1.78808e-07,129.252,1000.53,2.6733e-07,146.304,1259.03,4.50292e-07,165.605,1584.19,6.76904e-07,187.452,1993.12,-1.23808e-07,212.181,2507.27,-4.89068e-07,240.173,3153.54,-5.40284e-07,271.856,3965.56,1.86061e-07,307.719,4985.38,4.37004e-07,348.313,6265.4,3.59828e-07,394.26,7870.83,3.98192e-07,446.268,9882.51,-1.92908e-07,505.135,12400.3,-2.20392e-07,571.766,15546.9,1.51705e-07,647.184,19472.2,5.74996e-07,732.547,24357.4,5.39112e-07,829.167,30420,5.07815e-09,938.526,37916.3,-4.11492e-07,1062.3,47143.9,-3.9561e-07,1202.4,58439.2,3.86185e-08,1360.96,72169.3,5.94093e-07,1540.42,88715.8,7.47693e-07,1743.53,108445,1.78537e-07,1973.41,131665,-4.12549e-07,2233.57,158557,-5.37164e-07,2528,189103,-1.17615e-07,2861.2,222986,5.66769e-07,3238.27,259510,9.45053e-07,3664.97,297540,4.25093e-07,4147.81,335497,-3.58506e-07,4694.17,371444,-6.7724e-07,5312.37,403256,1.67192e-07,1.61744,3.89446,9.84394,3.28846,7.5504,12.774,5.07607,11.7187,13.6844,7.03202,16.8147,13.9681,9.20215,23.1769,14.0566,11.6301,31.1672,14.0841,14.3598,41.2186,14.0927,17.4376,53.8688,14.0954,20.9137,69.7915,14.0962,24.8432,89.8341,14.0965,29.2879,115.063,14.0966,34.3168,146.819,14.0966,40.0078,186.792,14.0966,46.4487,237.107,14.0966,53.7388,300.44,14.0966,61.9903,380.158,14.0966,71.3301,480.499,14.0966,81.902,606.796,14.0966,93.8685,765.761,14.0966,107.414,965.837,14.0966,122.746,1217.65,14.0966,140.101,1534.57,14.0966,159.745,1933.41,14.0966,181.981,2435.3,14.0966,207.15,3066.85,14.0966,235.64,3861.46,14.0966,267.889,4861.11,14.0966,304.391,6118.54,14.0966,345.709,7699.91,14.0966,392.478,9688.22,14.0966,445.417,12187.5,14.0966,505.339,15327.7,14.0966,573.165,19271.6,14.0966,649.938,24222,14.0966,736.839,30430.9,14.0966,835.202,38211.5,14.0966,946.539,47950.3,14.0966,1072.56,60122.8,14.0966,1215.21,75309.9,14.0966,1376.66,94216.2,14.0966,1559.41,117688,14.0966,1766.26,146729,14.0966,2000.39,182510,14.0966,2265.39,226372,14.0966,2565.33,279806,14.0966,2904.81,344416,14.0966,3289.05,421845,14.0966,3723.93,513667,14.0966,4216.13,621231,14.0966,4773.18,745478,14.0966,5403.64,886744,14.0966,6117.15,1.04457e+06,14.0966,6924.63,1.2176e+06,14.0966,11.7194,11.96,12.6541,13.9321,16.1295,13.6434,16.6097,21.9702,13.9553,19.7532,29.5285,14.0526,23.3844,39.1143,14.0829,27.5423,51.2054,14.0923,32.2796,66.434,14.0953,37.662,85.6061,14.0962,43.7675,109.74,14.0965,50.687,140.119,14.0966,58.5249,178.359,14.0966,67.4005,226.493,14.0966,77.4493,287.08,14.0966,88.8254,363.343,14.0966,101.703,459.336,14.0966,116.281,580.161,14.0966,132.782,732.241,14.0966,151.46,923.655,14.0966,172.603,1164.57,14.0966,196.535,1467.79,14.0966,223.625,1849.39,14.0966,254.288,2329.62,14.0966,288.997,2933.93,14.0966,328.285,3694.33,14.0966,372.755,4651.04,14.0966,423.092,5854.57,14.0966,480.07,7368.38,14.0966,544.564,9272.08,14.0966,617.566,11665.5,14.0966,700.197,14673.6,14.0966,793.729,18452.9,14.0966,899.599,23198.6,14.0966,1019.43,29154.1,14.0966,1155.07,36622.3,14.0966,1308.6,45977.9,14.0966,1482.39,57683.7,14.0966,1679.09,72307.8,14.0966,1901.73,90542.8,14.0966,2153.73,113226,14.0966,2438.97,141360,14.0966,2761.81,176127,14.0966,3127.22,218898,14.0966,3540.81,271226,14.0966,4008.92,334817,14.0966,4538.74,411470,14.0966,5138.38,502973,14.0966,5817.04,610948,14.0966,6585.12,736653,14.0966,7454.39,880741,14.0966,8438.15,1.04302e+06,14.0966,9551.45,1.22224e+06,14.0966,10811.3,1.41602e+06,14.0966,12237,1.62086e+06,14.0966,11.7194,11.96,12.6541,2.21263,4.16949,0.989383,2.67766,5.84076,0.311842,3.14343,7.55825,0.0972771,3.63127,9.58578,0.0303237,4.15787,12.0912,0.00945211,4.73731,15.2286,0.00294633,5.38238,19.1721,0.000918508,6.10553,24.134,0.000286163,6.91951,30.3791,8.92692e-05,7.83792,38.2397,2.78121e-05,8.87555,48.1338,8.65134e-06,10.0489,60.5876,2.7882e-06,11.3761,76.2629,8.29036e-07,12.8779,95.9927,2.4373e-07,14.5775,120.825,4.33068e-09,16.5012,152.08,1.75749e-07,18.6784,191.415,-1.86328e-07,21.1428,240.917,1.91829e-07,23.9322,303.213,-1.81475e-07,27.0895,381.602,7.0186e-08,30.6634,480.231,-2.86769e-08,34.7087,604.316,2.40784e-07,39.2876,760.401,9.87368e-08,44.4705,956.705,1.22263e-07,50.3371,1203.54,-4.31966e-07,56.9776,1513.81,-1.9705e-07,64.494,1903.69,-2.763e-08,73.0018,2393.4,3.9185e-07,82.6317,3008.13,1.35379e-07,93.5318,3779.25,-4.16351e-08,105.869,4745.7,2.06965e-08,119.834,5955.6,-3.18887e-07,135.641,7468.12,-1.48271e-08,153.531,9355.62,2.00739e-07,173.781,11705.8,2.28358e-07,196.701,14624.1,-1.93587e-08,222.642,18235,-2.88101e-07,252.003,22683.4,-2.24732e-07,285.234,28134,8.56806e-09,322.845,34767,2.34258e-07,365.413,42770.9,2.99668e-07,413.588,52327.9,8.28644e-08,468.111,63591.2,-3.07049e-07,529.814,76653.2,-3.1888e-07,599.642,91502.5,-6.72276e-08,678.662,107975,2.26339e-07,768.083,125705,3.69212e-07,869.267,144088,2.04077e-07,983.76,162277,-2.80509e-07,1113.3,179223,-4.22737e-07,1259.87,193777,-1.71951e-07,1425.68,204839,4.55555e-07,11.7194,11.96,12.6541,2.21263,4.16949,0.989383,2.67766,5.84076,0.311842,3.14343,7.55825,0.0972771,3.63127,9.58578,0.0303237,4.15787,12.0912,0.00945211,4.73731,15.2286,0.00294633,5.38238,19.1721,0.000918508,6.10553,24.134,0.000286163,6.91951,30.3791,8.92692e-05,7.83792,38.2397,2.78121e-05,8.87555,48.1338,8.65134e-06,10.0489,60.5876,2.7882e-06,11.3761,76.2629,8.29036e-07,12.8779,95.9927,2.4373e-07,14.5775,120.825,1e-08,16.5012,152.08,1.75749e-07,18.6784,191.415,1e-08,21.1428,240.917,1.91829e-07,23.9322,303.213,1e-08,27.0895,381.602,7.0186e-08,30.6634,480.231,1e-08,34.7087,604.316,2.40784e-07,39.2876,760.401,9.87368e-08,44.4705,956.705,1.22263e-07,50.3371,1203.54,1e-08,56.9776,1513.81,1e-08,64.494,1903.69,1e-08,73.0018,2393.4,3.9185e-07,82.6317,3008.13,1.35379e-07,93.5318,3779.25,1e-08,105.869,4745.7,2.06965e-08,119.834,5955.6,1e-08,135.641,7468.12,1e-08,153.531,9355.62,2.00739e-07,173.781,11705.8,2.28358e-07,196.701,14624.1,1e-08,222.642,18235,1e-08,252.003,22683.4,1e-08,285.234,28134,1e-08,322.845,34767,2.34258e-07,365.413,42770.9,2.99668e-07,413.588,52327.9,8.28644e-08,468.111,63591.2,1e-08,529.814,76653.2,1e-08,599.642,91502.5,1e-08,678.662,107975,2.26339e-07,768.083,125705,3.69212e-07,869.267,144088,2.04077e-07,983.76,162277,1e-08,1113.3,179223,1e-08,1259.87,193777,1e-08,1425.68,204839,4.55555e-07,6.2823,3.27286,2.43537,0.219672,6.18826,2.24117,0.56371,6.87772,2.63624,0.308279,20,19,23,2,7,2,2,8,1,2,6,0,5,11,0,2,11,0,1,5,0,2,14,0,1,18,0,14,10,0,8,18,0,13,26,0,11,46,0,10,74,0,16,80,0,5,49,0,17,83,0,6,201,0,6,504,0,25,234,0,41,623,0,7,472,0,26,601,0,40,759,0,45,567,0,44,1191,0,63,1925,0,120,2747,0,104,2808,0,58,3070,0,134,6445,0,62,5753,0,100,7557,0,82,4312,0,100,4601,0,168,12187,0,102,14089,0,165,15901,0,302,16948,0,191,29897,0,392,15427,0,200,31028,0,781,50885,0,342,52877,0,438,85084,0,350,52803,0,635,143945,0,1227,76377,0,544,145259,0,993,85530,0,2185,236076,0,805,196401,0,1631,360374,0
-1.05176e+08,3.03692e-61,8.88811e-15,10,1023,0,1.05176e+08,0.528882,1.08665,0.389689,0.145397,0.379329,3.24381,0.161596,0.446195,1.77396,0.159177,1.15e+07,4.49998e+06,6.79999e+06,1.15e+07,4.49997e+06,6.79999e+06,1.15e+07,4.49996e+06,6.79999e+06,1.15e+07,4.49995e+06,6.79999e+06,1.14999e+07,4.49993e+06,6.79999e+06,1.14999e+07,4.49991e+06,6.79999e+06,1.14999e+07,4.49989e+06,6.79999e+06,1.14999e+07,4.49986e+06,6.79999e+06,1.14999e+07,4.49982e+06,6.79999e+06,1.14999e+07,4.49977e+06,6.79999e+06,1.14999e+07,4.49971e+06,6.79999e+06,1.14999e+07,4.49963e+06,6.79999e+06,1.14998e+07,4.49953e+06,6.79999e+06,1.14998e+07,4.49941e+06,6.79999e+06,1.14998e+07,4.49926e+06,6.79999e+06,1.14998e+07,4.49906e+06,6.79999e+06,1.14997e+07,4.49882e+06,6.79999e+06,1.14997e+07,4.49851e+06,6.79999e+06,1.14997e+07,4.49812e+06,6.79999e+06,1.14996e+07,4.49764e+06,6.79999e+06,1.14996e+07,4.49702e+06,6.79999e+06,1.14995e+07,4.49625e+06,6.79999e+06,1.14995e+07,4.49528e+06,6.79999e+06,1.14994e+07,4.49406e+06,6.79999e+06,1.14993e+07,4.49253e+06,6.79999e+06,1.14992e+07,4.49059e+06,6.79999e+06,1.14991e+07,4.48817e+06,6.79999e+06,1.1499e+07,4.48511e+06,6.79999e+06,1.14988e+07,4.48128e+06,6.79999e+06,1.14987e+07,4.47646e+06,6.79999e+06,1.14985e+07,4.47041e+06,6.79999e+06,1.14983e+07,4.46281e+06,6.79999e+06,1.14981e+07,4.4533e+06,6.79999e+06,1.14979e+07,4.44138e+06,6.79999e+06,1.14976e+07,4.42649e+06,6.79999e+06,1.14972e+07,4.40789e+06,6.79999e+06,1.14969e+07,4.38471e+06,6.79999e+06,1.14965e+07,4.35592e+06,6.79999e+06,1.1496e+07,4.32027e+06,6.79999e+06,1.14955e+07,4.27629e+06,6.79999e+06,1.14949e+07,4.22231e+06,6.79999e+06,1.14942e+07,4.15647e+06,6.79999e+06,1.14934e+07,4.07676e+06,6.79999e+06,1.14926e+07,3.98112e+06,6.79999e+06,1.14916e+07,3.86765e+06,6.79999e+06,1.14905e+07,3.73474e+06,6.79999e+06,1.14892e+07,3.58148e+06,6.79999e+06,1.14878e+07,3.40785e+06,6.79999e+06,1.14862e+07,3.21513e+06,6.79999e+06,1.14844e+07,3.00605e+06,6.79999e+06,1.14823e+07,2.7848e+06,6.79999e+06,1.148e+07,2.5568e+06,6.79999e+06,1.14773e+07,2.32825e+06,6.79999e+06,13.5742,8.52444,0.508366,16.8306,13.2585,0.162638,20.0035,17.569,0.0507846,23.2616,22.4214,0.0158319,26.7328,28.3297,0.00493498,30.5212,35.6974,0.00153831,34.7178,44.9473,0.000479527,39.4086,56.5822,0.000149456,44.6796,71.2245,4.66214e-05,50.6209,89.6543,1.45419e-05,57.3297,112.852,4.54748e-06,64.9129,142.051,1.43857e-06,73.4897,178.803,4.36618e-07,83.1934,225.062,1.40153e-07,94.1745,283.286,4.96378e-08,106.602,356.568,1.05434e-07,120.669,448.799,-6.49244e-08,136.59,564.873,1.70148e-07,154.611,710.948,-5.34594e-08,175.008,894.767,1.63407e-07,198.097,1126.06,8.04804e-08,224.231,1417.07,1.14667e-07,253.813,1783.15,-1.71227e-07,287.297,2243.62,-2.88466e-07,325.198,2822.67,-4.33651e-07,368.098,3550.67,7.9318e-08,416.657,4465.65,3.13319e-07,471.621,5615.16,3.4613e-07,533.835,7058.61,-1.19199e-07,604.255,8870.02,-2.79964e-07,683.962,11141.4,-2.30521e-07,774.182,13986.7,-2.55099e-07,876.299,17546.4,1.23585e-07,991.883,21993.1,1.41192e-07,1122.71,27536.7,-9.71886e-08,1270.78,34430.7,-3.68368e-07,1438.38,42977.7,-3.45379e-07,1628.07,53532.7,-3.25328e-09,1842.77,66504.6,2.6362e-07,2085.77,82350.2,2.53445e-07,2360.79,101560,-2.47407e-08,2672.05,124632,-3.80602e-07,3024.31,152018,-4.79005e-07,3422.98,184060,-1.14379e-07,3874.15,220884,2.64297e-07,4384.72,262283,3.44131e-07,4962.49,307576,7.5349e-08,5616.29,355497,-3.63097e-07,6356.1,404126,-6.05442e-07,7193.18,450932,-2.72333e-07,8140.28,492963,2.29675e-07,9211.79,527178,4.3387e-07,10424,550893,-1.0711e-07,10.102,8.06553,2.81012,10.6436,8.57909,0.869423,11.5336,10.2515,0.270869,12.7211,12.7138,0.0844293,14.1823,15.9373,0.0263173,15.9122,20.0383,0.0082035,17.9198,25.2154,0.00255722,20.2244,31.7373,0.000797017,22.8539,39.9486,0.000248622,25.8438,50.2851,7.75492e-05,29.237,63.2963,2.42508e-05,33.0837,79.6738,7.67162e-06,37.4415,100.288,2.32837e-06,42.3767,126.236,7.33e-07,47.9646,158.896,2.79256e-07,54.2906,200.003,9.87351e-09,61.452,251.741,1.61085e-07,69.5585,316.859,-2.47141e-07,78.7347,398.812,8.93552e-08,89.1218,501.948,-2.53231e-07,100.879,631.736,-1.25047e-07,114.188,795.049,-1.78808e-07,129.252,1000.53,2.6733e-07,146.304,1259.03,4.50292e-07,165.605,1584.19,6.76904e-07,187.452,1993.12,-1.23808e-07,212.181,2507.27,-4.89068e-07,240.173,3153.54,-5.40284e-07,271.856,3965.56,1.86061e-07,307.719,4985.38,4.37004e-07,348.313,6265.4,3.59828e-07,394.26,7870.83,3.98192e-07,446.268,9882.51,-1.92908e-07,505.135,12400.3,-2.20392e-07,571.766,15546.9,1.51705e-07,647.184,19472.2,5.74996e-07,732.547,24357.4,5.39112e-07,829.167,30420,5.07815e-09,938.526,37916.3,-4.11492e-07,1062.3,47143.9,-3.9561e-07,1202.4,58439.2,3.86185e-08,1360.96,72169.3,5.94093e-07,1540.42,88715.8,7.47693e-07,1743.53,108445,1.78537e-07,1973.41,131665,-4.12549e-07,2233.57,158557,-5.37164e-07,2528,189103,-1.17615e-07,2861.2,222986,5.66769e-07,3238.27,259510,9.45053e-07,3664.97,297540,4.25093e-07,4147.81,335497,-3.58506e-07,4694.17,371444,-6.7724e-07,5312.37,403256,1.67192e-07,1.61744,3.89446,9.84394,3.28846,7.5504,12.774,5.07607,11.7187,13.6844,7.03202,16.8147,13.9681,9.20215,23.1769,14.0566,11.6301,31.1672,14.0841,14.3598,41.2186,14.0927,17.4376,53.8688,14.0954,20.9137,69.7915,14.0962,24.8432,89.8341,14.0965,29.2879,115.063,14.0966,34.3168,146.819,14.0966,40.0078,186.792,14.0966,46.4487,237.107,14.0966,53.7388,300.44,14.0966,61.9903,380.158,14.0966,71.3301,480.499,14.0966,81.902,606.796,14.0966,93.8685,765.761,14.0966,107.414,965.837,14.0966,122.746,1217.65,14.0966,140.101,1534.57,14.0966,159.745,1933.41,14.0966,181.981,2435.3,14.0966,207.15,3066.85,14.0966,235.64,3861.46,14.0966,267.889,4861.11,14.0966,304.391,6118.54,14.0966,345.709,7699.91,14.0966,392.478,9688.22,14.0966,445.417,12187.5,14.0966,505.339,15327.7,14.0966,573.165,19271.6,14.0966,649.938,24222,14.0966,736.839,30430.9,14.0966,835.202,38211.5,14.0966,946.539,47950.3,14.0966,1072.56,60122.8,14.0966,1215.21,75309.9,14.0966,1376.66,94216.2,14.0966,1559.41,117688,14.0966,1766.26,146729,14.0966,2000.39,182510,14.0966,2265.39,226372,14.0966,2565.33,279806,14.0966,2904.81,344416,14.0966,3289.05,421845,14.0966,3723.93,513667,14.0966,4216.13,621231,14.0966,4773.18,745478,14.0966,5403.64,886744,14.0966,6117.15,1.04457e+06,14.0966,6924.63,1.2176e+06,14.0966,11.7194,11.96,12.6541,13.9321,16.1295,13.6434,16.6097,21.9702,13.9553,19.7532,29.5285,14.0526,23.3844,39.1143,14.0829,27.5423,51.2054,14.0923,32.2796,66.434,14.0953,37.662,85.6061,14.0962,43.7675,109.74,14.0965,50.687,140.119,14.0966,58.5249,178.359,14.0966,67.4005,226.493,14.0966,77.4493,287.08,14.0966,88.8254,363.343,14.0966,101.703,459.336,14.0966,116.281,580.161,14.0966,132.782,732.241,14.0966,151.46,923.655,14.0966,172.603,1164.57,14.0966,196.535,1467.79,14.0966,223.625,1849.39,14.0966,254.288,2329.62,14.0966,288.997,2933.93,14.0966,328.285,3694.33,14.0966,372.755,4651.04,14.0966,423.092,5854.57,14.0966,480.07,7368.38,14.0966,544.564,9272.08,14.0966,617.566,11665.5,14.0966,700.197,14673.6,14.0966,793.729,18452.9,14.0966,899.599,23198.6,14.0966,1019.43,29154.1,14.0966,1155.07,36622.3,14.0966,1308.6,45977.9,14.0966,1482.39,57683.7,14.0966,1679.09,72307.8,14.0966,1901.73,90542.8,14.0966,2153.73,113226,14.0966,2438.97,141360,14.0966,2761.81,176127,14.0966,3127.22,218898,14.0966,3540.81,271226,14.0966,4008.92,334817,14.0966,4538.74,411470,14.0966,5138.38,502973,14.0966,5817.04,610948,14.0966,6585.12,736653,14.0966,7454.39,880741,14.0966,8438.15,1.04302e+06,14.0966,9551.45,1.22224e+06,14.0966,10811.3,1.41602e+06,14.0966,12237,1.62086e+06,14.0966,11.7194,11.96,12.6541,2.21263,4.16949,0.989383,2.67766,5.84076,0.311842,3.14343,7.55825,0.0972771,3.63127,9.58578,0.0303237,4.15787,12.0912,0.00945211,4.73731,15.2286,0.00294633,5.38238,19.1721,0.000918508,6.10553,24.134,0.000286163,6.91951,30.3791,8.92692e-05,7.83792,38.2397,2.78121e-05,8.87555,48.1338,8.65134e-06,10.0489,60.5876,2.7882e-06,11.3761,76.2629,8.29036e-07,12.8779,95.9927,2.4373e-07,14.5775,120.825,4.33068e-09,16.5012,152.08,1.75749e-07,18.6784,191.415,-1.86328e-07,21.1428,240.917,1.91829e-07,23.9322,303.213,-1.81475e-07,27.0895,381.602,7.0186e-08,30.6634,480.231,-2.86769e-08,34.7087,604.316,2.40784e-07,39.2876,760.401,9.87368e-08,44.4705,956.705,1.22263e-07,50.3371,1203.54,-4.31966e-07,56.9776,1513.81,-1.9705e-07,64.494,1903.69,-2.763e-08,73.0018,2393.4,3.9185e-07,82.6317,3008.13,1.35379e-07,93.5318,3779.25,-4.16351e-08,105.869,4745.7,2.06965e-08,119.834,5955.6,-3.18887e-07,135.641,7468.12,-1.48271e-08,153.531,9355.62,2.00739e-07,173.781,11705.8,2.28358e-07,196.701,14624.1,-1.93587e-08,222.642,18235,-2.88101e-07,252.003,22683.4,-2.24732e-07,285.234,28134,8.56806e-09,322.845,34767,2.34258e-07,365.413,42770.9,2.99668e-07,413.588,52327.9,8.28644e-08,468.111,63591.2,-3.07049e-07,529.814,76653.2,-3.1888e-07,599.642,91502.5,-6.72276e-08,678.662,107975,2.26339e-07,768.083,125705,3.69212e-07,869.267,144088,2.04077e-07,983.76,162277,-2.80509e-07,1113.3,179223,-4.22737e-07,1259.87,193777,-1.71951e-07,1425.68,204839,4.55555e-07,11.7194,11.96,12.6541,2.21263,4.16949,0.989383,2.67766,5.84076,0.311842,3.14343,7.55825,0.0972771,3.63127,9.58578,0.0303237,4.15787,12.0912,0.00945211,4.73731,15.2286,0.00294633,5.38238,19.1721,0.000918508,6.10553,24.134,0.000286163,6.91951,30.3791,8.92692e-05,7.83792,38.2397,2.78121e-05,8.87555,48.1338,8.65134e-06,10.0489,60.5876,2.7882e-06,11.3761,76.2629,8.29036e-07,12.8779,95.9927,2.4373e-07,14.5775,120.825,1e-08,16.5012,152.08,1.75749e-07,18.6784,191.415,1e-08,21.1428,240.917,1.91829e-07,23.9322,303.213,1e-08,27.0895,381.602,7.0186e-08,30.6634,480.231,1e-08,34.7087,604.316,2.40784e-07,39.2876,760.401,9.87368e-08,44.4705,956.705,1.22263e-07,50.3371,1203.54,1e-08,56.9776,1513.81,1e-08,64.494,1903.69,1e-08,73.0018,2393.4,3.9185e-07,82.6317,3008.13,1.35379e-07,93.5318,3779.25,1e-08,105.869,4745.7,2.06965e-08,119.834,5955.6,1e-08,135.641,7468.12,1e-08,153.531,9355.62,2.00739e-07,173.781,11705.8,2.28358e-07,196.701,14624.1,1e-08,222.642,18235,1e-08,252.003,22683.4,1e-08,285.234,28134,1e-08,322.845,34767,2.34258e-07,365.413,42770.9,2.99668e-07,413.588,52327.9,8.28644e-08,468.111,63591.2,1e-08,529.814,76653.2,1e-08,599.642,91502.5,1e-08,678.662,107975,2.26339e-07,768.083,125705,3.69212e-07,869.267,144088,2.04077e-07,983.76,162277,1e-08,1113.3,179223,1e-08,1259.87,193777,1e-08,1425.68,204839,4.55555e-07,6.2823,3.27286,2.43537,0.219672,6.18826,2.24117,0.56371,6.87772,2.63624,0.308279,12,9,8,3,1,0,2,9,0,6,9,1,4,5,0,2,11,0,8,9,0,3,19,0,9,30,0,4,25,0,3,18,0,0,46,0,2,51,0,15,75,0,14,64,0,20,257,0,18,48,0,18,181,0,11,736,0,24,141,0,19,169,0,42,373,0,71,276,0,85,815,0,26,643,0,60,1070,0,61,1378,0,32,3875,0,54,2097,0,69,2374,0,81,2509,0,67,3519,0,200,3914,0,130,6559,0,215,11372,0,110,8213,0,135,9555,0,327,25064,0,168,33258,0,262,12406,0,257,31361,0,463,37646,0,612,38040,0,748,84064,0,462,58080,0,314,98911,0,784,98154,0,452,213132,0,1156,104766,0,1236,103687,0,1081,227195,0,1242,172255,0,970,198101,0
-1.05176e+08,1,8.88811e-15,10,1023,0,1.05176e+08,0.528882,1.08665,0.389689,0.145397,0.379329,3.24381,0.161596,0.446195,1.77396,0.159177,1.15e+07,4.49998e+06,6.79999e+06,1.15e+07,4.49997e+06,6.79999e+06,1.15e+07,4.49996e+06,6.79999e+06,1.15e+07,4.49995e+06,6.79999e+06,1.14999e+07,4.49993e+06,6.79999e+06,1.14999e+07,4.49991e+06,6.79999e+06,1.14999e+07,4.49989e+06,6.79999e+06,1.14999e+07,4.49986e+06,6.79999e+06,1.14999e+07,4.49982e+06,6.79999e+06,1.14999e+07,4.49977e+06,6.79999e+06,1.14999e+07,4.49971e+06,6.79999e+06,1.14999e+07,4.49963e+06,6.79999e+06,1.14998e+07,4.49953e+06,6.79999e+06,1.14998e+07,4.49941e+06,6.79999e+06,1.14998e+07,4.49926e+06,6.79999e+06,1.14998e+07,4.49906e+06,6.79999e+06,1.14997e+07,4.49882e+06,6.79999e+06,1.14997e+07,4.49851e+06,6.79999e+06,1.14997e+07,4.49812e+06,6.79999e+06,1.14996e+07,4.49764e+06,6.79999e+06,1.14996e+07,4.49702e+06,6.79999e+06,1.14995e+07,4.49625e+06,6.79999e+06,1.14995e+07,4.49528e+06,6.79999e+06,1.14994e+07,4.49406e+06,6.79999e+06,1.14993e+07,4.49253e+06,6.79999e+06,1.14992e+07,4.49059e+06,6.79999e+06,1.14991e+07,4.48817e+06,6.79999e+06,1.1499e+07,4.48511e+06,6.79999e+06,1.14988e+07,4.48128e+06,6.79999e+06,1.14987e+07,4.47646e+06,6.79999e+06,1.14985e+07,4.47041e+06,6.79999e+06,1.14983e+07,4.46281e+06,6.79999e+06,1.14981e+07,4.4533e+06,6.79999e+06,1.14979e+07,4.44138e+06,6.79999e+06,1.14976e+07,4.42649e+06,6.79999e+06,1.14972e+07,4.40789e+06,6.79999e+06,1.14969e+07,4.38471e+06,6.79999e+06,1.14965e+07,4.35592e+06,6.79999e+06,1.1496e+07,4.32027e+06,6.79999e+06,1.14955e+07,4.27629e+06,6.79999e+06,1.14949e+07,4.22231e+06,6.79999e+06,1.14942e+07,4.15647e+06,6.79999e+06,1.14934e+07,4.07676e+06,6.79999e+06,1.14926e+07,3.98112e+06,6.79999e+06,1.14916e+07,3.86765e+06,6.79999e+06,1.14905e+07,3.73474e+06,6.79999e+06,1.14892e+07,3.58148e+06,6.79999e+06,1.14878e+07,3.40785e+06,6.79999e+06,1.14862e+07,3.21513e+06,6.79999e+06,1.14844e+07,3.00605e+06,6.79999e+06,1.14823e+07,2.7848e+06,6.79999e+06,1.148e+07,2.5568e+06,6.79999e+06,1.14773e+07,2.32825e+06,6.79999e+06,13.5742,8.52444,0.508366,16.8306,13.2585,0.162638,20.0035,17.569,0.0507846,23.2616,22.4214,0.0158319,26.7328,28.3297,0.00493498,30.5212,35.6974,0.00153831,34.7178,44.9473,0.000479527,39.4086,56.5822,0.000149456,44.6796,71.2245,4.66214e-05,50.6209,89.6543,1.45419e-05,57.3297,112.852,4.54748e-06,64.9129,142.051,1.43857e-06,73.4897,178.803,4.36618e-07,83.1934,225.062,1.40153e-07,94.1745,283.286,4.96378e-08,106.602,356.568,1.05434e-07,120.669,448.799,-6.49244e-08,136.59,564.873,1.70148e-07,154.611,710.948,-5.34594e-08,175.008,894.767,1.63407e-07,198.097,1126.06,8.04804e-08,224.231,1417.07,1.14667e-07,253.813,1783.15,-1.71227e-07,287.297,2243.62,-2.88466e-07,325.198,2822.67,-4.33651e-07,368.098,3550.67,7.9318e-08,416.657,4465.65,3.13319e-07,471.621,5615.16,3.4613e-07,533.835,7058.61,-1.19199e-07,604.255,8870.02,-2.79964e-07,683.962,11141.4,-2.30521e-07,774.182,13986.7,-2.55099e-07,876.299,17546.4,1.23585e-07,991.883,21993.1,1.41192e-07,1122.71,27536.7,-9.71886e-08,1270.78,34430.7,-3.68368e-07,1438.38,42977.7,-3.45379e-07,1628.07,53532.7,-3.25328e-09,1842.77,66504.6,2.6362e-07,2085.77,82350.2,2.53445e-07,2360.79,101560,-2.47407e-08,2672.05,124632,-3.80602e-07,3024.31,152018,-4.79005e-07,3422.98,184060,-1.14379e-07,3874.15,220884,2.64297e-07,4384.72,262283,3.44131e-07,4962.49,307576,7.5349e-08,5616.29,355497,-3.63097e-07,6356.1,404126,-6.05442e-07,7193.18,450932,-2.72333e-07,8140.28,492963,2.29675e-07,9211.79,527178,4.3387e-07,10424,550893,-1.0711e-07,10.102,8.06553,2.81012,10.6436,8.57909,0.869423,11.5336,10.2515,0.270869,12.7211,12.7138,0.0844293,14.1823,15.9373,0.0263173,15.9122,20.0383,0.0082035,17.9198,25.2154,0.00255722,20.2244,31.7373,0.000797017,22.8539,39.9486,0.000248622,25.8438,50.2851,7.75492e-05,29.237,63.2963,2.42508e-05,33.0837,79.6738,7.67162e-06,37.4415,100.288,2.32837e-06,42.3767,126.236,7.33e-07,47.9646,158.896,2.79256e-07,54.2906,200.003,9.87351e-09,61.452,251.741,1.61085e-07,69.5585,316.859,-2.47141e-07,78.7347,398.812,8.93552e-08,89.1218,501.948,-2.53231e-07,100.879,631.736,-1.25047e-07,114.188,795.049,-1.78808e-07,129.252,1000.53,2.6733e-07,146.304,1259.03,4.50292e-07,165.605,1584.19,6.76904e-07,187.452,1993.12,-1.23808e-07,212.181,2507.27,-4.89068e-07,240.173,3153.54,-5.40284e-07,271.856,3965.56,1.86061e-07,307.719,4985.38,4.37004e-07,348.313,6265.4,3.59828e-07,394.26,7870.83,3.98192e-07,446.268,9882.51,-1.92908e-07,505.135,12400.3,-2.20392e-07,571.766,15546.9,1.51705e-07,647.184,19472.2,5.74996e-07,732.547,24357.4,5.39112e-07,829.167,30420,5.07815e-09,938.526,37916.3,-4.11492e-07,1062.3,47143.9,-3.9561e-07,1202.4,58439.2,3.86185e-08,1360.96,72169.3,5.94093e-07,1540.42,88715.8,7.47693e-07,1743.53,108445,1.78537e-07,1973.41,131665,-4.12549e-07,2233.57,158557,-5.37164e-07,2528,189103,-1.17615e-07,2861.2,222986,5.66769e-07,3238.27,259510,9.45053e-07,3664.97,297540,4.25093e-07,4147.81,335497,-3.58506e-07,4694.17,371444,-6.7724e-07,5312.37,403256,1.67192e-07,1.61744,3.89446,9.84394,3.28846,7.5504,12.774,5.07607,11.7187,13.6844,7.03202,16.8147,13.9681,9.20215,23.1769,14.0566,11.6301,31.1672,14.0841,14.3598,41.2186,14.0927,17.4376,53.8688,14.0954,20.9137,69.7915,14.0962,24.8432,89.8341,14.0965,29.2879,115.063,14.0966,34.3168,146.819,14.0966,40.0078,186.792,14.0966,46.4487,237.107,14.0966,53.7388,300.44,14.0966,61.9903,380.158,14.0966,71.3301,480.499,14.0966,81.902,606.796,14.0966,93.8685,765.761,14.0966,107.414,965.837,14.0966,122.746,1217.65,14.0966,140.101,1534.57,14.0966,159.745,1933.41,14.0966,181.981,2435.3,14.0966,207.15,3066.85,14.0966,235.64,3861.46,14.0966,267.889,4861.11,14.0966,304.391,6118.54,14.0966,345.709,7699.91,14.0966,392.478,9688.22,14.0966,445.417,12187.5,14.0966,505.339,15327.7,14.0966,573.165,19271.6,14.0966,649.938,24222,14.0966,736.839,30430.9,14.0966,835.202,38211.5,14.0966,946.539,47950.3,14.0966,1072.56,60122.8,14.0966,1215.21,75309.9,14.0966,1376.66,94216.2,14.0966,1559.41,117688,14.0966,1766.26,146729,14.0966,2000.39,182510,14.0966,2265.39,226372,14.0966,2565.33,279806,14.0966,2904.81,344416,14.0966,3289.05,421845,14.0966,3723.93,513667,14.0966,4216.13,621231,14.0966,4773.18,745478,14.0966,5403.64,886744,14.0966,6117.15,1.04457e+06,14.0966,6924.63,1.2176e+06,14.0966,11.7194,11.96,12.6541,13.9321,16.1295,13.6434,16.6097,21.9702,13.9553,19.7532,29.5285,14.0526,23.3844,39.1143,14.0829,27.5423,51.2054,14.0923,32.2796,66.434,14.0953,37.662,85.6061,14.0962,43.7675,109.74,14.0965,50.687,140.119,14.0966,58.5249,178.359,14.0966,67.4005,226.493,14.0966,77.4493,287.08,14.0966,88.8254,363.343,14.0966,101.703,459.336,14.0966,116.281,580.161,14.0966,132.782,732.241,14.0966,151.46,923.655,14.0966,172.603,1164.57,14.0966,196.535,1467.79,14.0966,223.625,1849.39,14.0966,254.288,2329.62,14.0966,288.997,2933.93,14.0966,328.285,3694.33,14.0966,372.755,4651.04,14.0966,423.092,5854.57,14.0966,480.07,7368.38,14.0966,544.564,9272.08,14.0966,617.566,11665.5,14.0966,700.197,14673.6,14.0966,793.729,18452.9,14.0966,899.599,23198.6,14.0966,1019.43,29154.1,14.0966,1155.07,36622.3,14.0966,1308.6,45977.9,14.0966,1482.39,57683.7,14.0966,1679.09,72307.8,14.0966,1901.73,90542.8,14.0966,2153.73,113226,14.0966,2438.97,141360,14.0966,2761.81,176127,14.0966,3127.22,218898,14.0966,3540.81,271226,14.0966,4008.92,334817,14.0966,4538.74,411470,14.0966,5138.38,502973,14.0966,5817.04,610948,14.0966,6585.12,736653,14.0966,7454.39,880741,14.0966,8438.15,1.04302e+06,14.0966,9551.45,1.22224e+06,14.0966,10811.3,1.41602e+06,14.0966,12237,1.62086e+06,14.0966,11.7194,11.96,12.6541,2.21263,4.16949,0.989383,2.67766,5.84076,0.311842,3.14343,7.55825,0.0972771,3.63127,9.58578,0.0303237,4.15787,12.0912,0.00945211,4.73731,15.2286,0.00294633,5.38238,19.1721,0.000918508,6.10553,24.134,0.000286163,6.91951,30.3791,8.92692e-05,7.83792,38.2397,2.78121e-05,8.87555,48.1338,8.65134e-06,10.0489,60.5876,2.7882e-06,11.3761,76.2629,8.29036e-07,12.8779,95.9927,2.4373e-07,14.5775,120.825,4.33068e-09,16.5012,152.08,1.75749e-07,18.6784,191.415,-1.86328e-07,21.1428,240.917,1.91829e-07,23.9322,303.213,-1.81475e-07,27.0895,381.602,7.0186e-08,30.6634,480.231,-2.86769e-08,34.7087,604.316,2.40784e-07,39.2876,760.401,9.87368e-08,44.4705,956.705,1.22263e-07,50.3371,1203.54,-4.31966e-07,56.9776,1513.81,-1.9705e-07,64.494,1903.69,-2.763e-08,73.0018,2393.4,3.9185e-07,82.6317,3008.13,1.35379e-07,93.5318,3779.25,-4.16351e-08,105.869,4745.7,2.06965e-08,119.834,5955.6,-3.18887e-07,135.641,7468.12,-1.48271e-08,153.531,9355.62,2.00739e-07,173.781,11705.8,2.28358e-07,196.701,14624.1,-1.93587e-08,222.642,18235,-2.88101e-07,252.003,22683.4,-2.24732e-07,285.234,28134,8.56806e-09,322.845,34767,2.34258e-07,365.413,42770.9,2.99668e-07,413.588,52327.9,8.28644e-08,468.111,63591.2,-3.07049e-07,529.814,76653.2,-3.1888e-07,599.642,91502.5,-6.72276e-08,678.662,107975,2.26339e-07,768.083,125705,3.69212e-07,869.267,144088,2.04077e-07,983.76,162277,-2.80509e-07,1113.3,179223,-4.22737e-07,1259.87,193777,-1.71951e-07,1425.68,204839,4.55555e-07,11.7194,11.96,12.6541,2.21263,4.16949,0.989383,2.67766,5.84076,0.311842,3.14343,7.55825,0.0972771,3.63127,9.58578,0.0303237,4.15787,12.0912,0.00945211,4.73731,15.2286,0.00294633,5.38238,19.1721,0.000918508,6.10553,24.134,0.000286163,6.91951,30.3791,8.92692e-05,7.83792,38.2397,2.78121e-05,8.87555,48.1338,8.65134e-06,10.0489,60.5876,2.7882e-06,11.3761,76.2629,8.29036e-07,12.8779,95.9927,2.4373e-07,14.5775,120.825,1e-08,16.5012,152.08,1.75749e-07,18.6784,191.415,1e-08,21.1428,240.917,1.91829e-07,23.9322,303.213,1e-08,27.0895,381.602,7.0186e-08,30.6634,480.231,1e-08,34.7087,604.316,2.40784e-07,39.2876,760.401,9.87368e-08,44.4705,956.705,1.22263e-07,50.3371,1203.54,1e-08,56.9776,1513.81,1e-08,64.494,1903.69,1e-08,73.0018,2393.4,3.9185e-07,82.6317,3008.13,1.35379e-07,93.5318,3779.25,1e-08,105.869,4745.7,2.06965e-08,119.834,5955.6,1e-08,135.641,7468.12,1e-08,153.531,9355.62,2.00739e-07,173.781,11705.8,2.28358e-07,196.701,14624.1,1e-08,222.642,18235,1e-08,252.003,22683.4,1e-08,285.234,28134,1e-08,322.845,34767,2.34258e-07,365.413,42770.9,2.99668e-07,413.588,52327.9,8.28644e-08,468.111,63591.2,1e-08,529.814,76653.2,1e-08,599.642,91502.5,1e-08,678.662,107975,2.26339e-07,768.083,125705,3.69212e-07,869.267,144088,2.04077e-07,983.76,162277,1e-08,1113.3,179223,1e-08,1259.87,193777,1e-08,1425.68,204839,4.55555e-07,6.2823,3.27286,2.43537,0.219672,6.18826,2.24117,0.56371,6.87772,2.63624,0.308279,11,7,18,0,3,4,1,4,0,2,10,0,7,17,0,3,13,0,7,10,0,2,10,0,5,41,0,8,19,0,8,28,0,8,56,0,12,25,0,34,114,0,19,72,0,10,129,0,13,127,0,25,284,0,22,95,0,17,451,0,29,462,0,14,627,0,52,962,0,40,1150,0,56,1336,0,28,880,0,38,859,0,24,2968,0,55,3643,0,71,4000,0,53,3413,0,291,4822,0,99,3870,0,163,3926,0,118,11372,0,161,16745,0,148,21655,0,136,6545,0,242,10122,0,235,27090,0,271,35684,0,226,40629,0,584,58773,0,632,47832,0,546,74502,0,415,130854,0,333,66649,0,395,84871,0,811,143943,0,1188,194164,0,694,100446,0,273,213914,0,1254,188083,0
-1.05176e+08,1,8.88811e-15,10,1023,0,1.05176e+08,0.528882,1.08665,0.389689,0.145397,0.379329,3.24381,0.161596,0.446195,1.77396,0.159177,1.15e+07,4.49998e+06,6.79999e+06,1.15e+07,4.49997e+06,6.79999e+06,1.15e+07,4.49996e+06,6.79999e+06,1.15e+07,4.49995e+06,6.79999e+06,1.14999e+07,4.49993e+06,6.79999e+06,1.14999e+07,4.49991e+06,6.79999e+06,1.14999e+07,4.49989e+06,6.79999e+06,1.14999e+07,4.49986e+06,6.79999e+06,1.14999e+07,4.49982e+06,6.79999e+06,1.14999e+07,4.49977e+06,6.79999e+06,1.14999e+07,4.49971e+06,6.79999e+06,1.14999e+07,4.49963e+06,6.79999e+06,1.14998e+07,4.49953e+06,6.79999e+06,1.14998e+07,4.49941e+06,6.79999e+06,1.14998e+07,4.49926e+06,6.79999e+06,1.14998e+07,4.49906e+06,6.79999e+06,1.14997e+07,4.49882e+06,6.79999e+06,1.14997e+07,4.49851e+06,6.79999e+06,1.14997e+07,4.49812e+06,6.79999e+06,1.14996e+07,4.49764e+06,6.79999e+06,1.14996e+07,4.49702e+06,6.79999e+06,1.14995e+07,4.49625e+06,6.79999e+06,1.14995e+07,4.49528e+06,6.79999e+06,1.14994e+07,4.49406e+06,6.79999e+06,1.14993e+07,4.49253e+06,6.79999e+06,1.14992e+07,4.49059e+06,6.79999e+06,1.14991e+07,4.48817e+06,6.79999e+06,1.1499e+07,4.48511e+06,6.79999e+06,1.14988e+07,4.48128e+06,6.79999e+06,1.14987e+07,4.47646e+06,6.79999e+06,1.14985e+07,4.47041e+06,6.79999e+06,1.14983e+07,4.46281e+06,6.79999e+06,1.14981e+07,4.4533e+06,6.79999e+06,1.14979e+07,4.44138e+06,6.79999e+06,1.14976e+07,4.42649e+06,6.79999e+06,1.14972e+07,4.40789e+06,6.79999e+06,1.14969e+07,4.38471e+06,6.79999e+06,1.14965e+07,4.35592e+06,6.79999e+06,1.1496e+07,4.32027e+06,6.79999e+06,1.14955e+07,4.27629e+06,6.79999e+06,1.14949e+07,4.22231e+06,6.79999e+06,1.14942e+07,4.15647e+06,6.79999e+06,1.14934e+07,4.07676e+06,6.79999e+06,1.14926e+07,3.98112e+06,6.79999e+06,1.14916e+07,3.86765e+06,6.79999e+06,1.14905e+07,3.73474e+06,6.79999e+06,1.14892e+07,3.58148e+06,6.79999e+06,1.14878e+07,3.40785e+06,6.79999e+06,1.14862e+07,3.21513e+06,6.79999e+06,1.14844e+07,3.00605e+06,6.79999e+06,1.14823e+07,2.7848e+06,6.79999e+06,1.148e+07,2.5568e+06,6.79999e+06,1.14773e+07,2.32825e+06,6.79999e+06,13.5742,8.52444,0.508366,16.8306,13.2585,0.162638,20.0035,17.569,0.0507846,23.2616,22.4214,0.0158319,26.7328,28.3297,0.00493498,30.5212,35.6974,0.00153831,34.7178,44.9473,0.000479527,39.4086,56.5822,0.000149456,44.6796,71.2245,4.66214e-05,50.6209,89.6543,1.45419e-05,57.3297,112.852,4.54748e-06,64.9129,142.051,1.43857e-06,73.4897,178.803,4.36618e-07,83.1934,225.062,1.40153e-07,94.1745,283.286,4.96378e-08,106.602,356.568,1.05434e-07,120.669,448.799,-6.49244e-08,136.59,564.873,1.70148e-07,154.611,710.948,-5.34594e-08,175.008,894.767,1.63407e-07,198.097,1126.06,8.04804e-08,224.231,1417.07,1.14667e-07,253.813,1783.15,-1.71227e-07,287.297,2243.62,-2.88466e-07,325.198,2822.67,-4.33651e-07,368.098,3550.67,7.9318e-08,416.657,4465.65,3.13319e-07,471.621,5615.16,3.4613e-07,533.835,7058.61,-1.19199e-07,604.255,8870.02,-2.79964e-07,683.962,11141.4,-2.30521e-07,774.182,13986.7,-2.55099e-07,876.299,17546.4,1.23585e-07,991.883,21993.1,1.41192e-07,1122.71,27536.7,-9.71886e-08,1270.78,34430.7,-3.68368e-07,1438.38,42977.7,-3.45379e-07,1628.07,53532.7,-3.25328e-09,1842.77,66504.6,2.6362e-07,2085.77,82350.2,2.53445e-07,2360.79,101560,-2.47407e-08,2672.05,124632,-3.80602e-07,3024.31,152018,-4.79005e-07,3422.98,184060,-1.14379e-07,3874.15,220884,2.64297e-07,4384.72,262283,3.44131e-07,4962.49,307576,7.5349e-08,5616.29,355497,-3.63097e-07,6356.1,404126,-6.05442e-07,7193.18,450932,-2.72333e-07,8140.28,492963,2.29675e-07,9211.79,527178,4.3387e-07,10424,550893,-1.0711e-07,10.102,8.06553,2.81012,10.6436,8.57909,0.869423,11.5336,10.2515,0.270869,12.7211,12.7138,0.0844293,14.1823,15.9373,0.0263173,15.9122,20.0383,0.0082035,17.9198,25.2154,0.00255722,20.2244,31.7373,0.000797017,22.8539,39.9486,0.000248622,25.8438,50.2851,7.75492e-05,29.237,63.2963,2.42508e-05,33.0837,79.6738,7.67162e-06,37.4415,100.288,2.32837e-06,42.3767,126.236,7.33e-07,47.9646,158.896,2.79256e-07,54.2906,200.003,9.87351e-09,61.452,251.741,1.61085e-07,69.5585,316.859,-2.47141e-07,78.7347,398.812,8.93552e-08,89.1218,501.948,-2.53231e-07,100.879,631.736,-1.25047e-07,114.188,795.049,-1.78808e-07,129.252,1000.53,2.6733e-07,146.304,1259.03,4.50292e-07,165.605,1584.19,6.76904e-07,187.452,1993.12,-1.23808e-07,212.181,2507.27,-4.89068e-07,240.173,3153.54,-5.40284e-07,271.856,3965.56,1.86061e-07,307.719,4985.38,4.37004e-07,348.313,6265.4,3.59828e-07,394.26,7870.83,3.98192e-07,446.268,9882.51,-1.92908e-07,505.135,12400.3,-2.20392e-07,571.766,15546.9,1.51705e-07,647.184,19472.2,5.74996e-07,732.547,24357.4,5.39112e-07,829.167,30420,5.07815e-09,938.526,37916.3,-4.11492e-07,1062.3,47143.9,-3.9561e-07,1202.4,58439.2,3.86185e-08,1360.96,72169.3,5.94093e-07,1540.42,88715.8,7.47693e-07,1743.53,108445,1.78537e-07,1973.41,131665,-4.12549e-07,2233.57,158557,-5.37164e-07,2528,189103,-1.17615e-07,2861.2,222986,5.66769e-07,3238.27,259510,9.45053e-07,3664.97,297540,4.25093e-07,4147.81,335497,-3.58506e-07,4694.17,371444,-6.7724e-07,5312.37,403256,1.67192e-07,1.61744,3.89446,9.84394,3.28846,7.5504,12.774,5.07607,11.7187,13.6844,7.03202,16.8147,13.9681,9.20215,23.1769,14.0566,11.6301,31.1672,14.0841,14.3598,41.2186,14.0927,17.4376,53.8688,14.0954,20.9137,69.7915,14.0962,24.8432,89.8341,14.0965,29.2879,115.063,14.0966,34.3168,146.819,14.0966,40.0078,186.792,14.0966,46.4487,237.107,14.0966,53.7388,300.44,14.0966,61.9903,380.158,14.0966,71.3301,480.499,14.0966,81.902,606.796,14.0966,93.8685,765.761,14.0966,107.414,965.837,14.0966,122.746,1217.65,14.0966,140.101,1534.57,14.0966,159.745,1933.41,14.0966,181.981,2435.3,14.0966,207.15,3066.85,14.0966,235.64,3861.46,14.0966,267.889,4861.11,14.0966,304.391,6118.54,14.0966,345.709,7699.91,14.0966,392.478,9688.22,14.0966,445.417,12187.5,14.0966,505.339,15327.7,14.0966,573.165,19271.6,14.0966,649.938,24222,14.0966,736.839,30430.9,14.0966,835.202,38211.5,14.0966,946.539,47950.3,14.0966,1072.56,60122.8,14.0966,1215.21,75309.9,14.0966,1376.66,94216.2,14.0966,1559.41,117688,14.0966,1766.26,146729,14.0966,2000.39,182510,14.0966,2265.39,226372,14.0966,2565.33,279806,14.0966,2904.81,344416,14.0966,3289.05,421845,14.0966,3723.93,513667,14.0966,4216.13,621231,14.0966,4773.18,745478,14.0966,5403.64,886744,14.0966,6117.15,1.04457e+06,14.0966,6924.63,1.2176e+06,14.0966,11.7194,11.96,12.6541,13.9321,16.1295,13.6434,16.6097,21.9702,13.9553,19.7532,29.5285,14.0526,23.3844,39.1143,14.0829,27.5423,51.2054,14.0923,32.2796,66.434,14.0953,37.662,85.6061,14.0962,43.7675,109.74,14.0965,50.687,140.119,14.0966,58.5249,178.359,14.0966,67.4005,226.493,14.0966,77.4493,287.08,14.0966,88.8254,363.343,14.0966,101.703,459.336,14.0966,116.281,580.161,14.0966,132.782,732.241,14.0966,151.46,923.655,14.0966,172.603,1164.57,14.0966,196.535,1467.79,14.0966,223.625,1849.39,14.0966,254.288,2329.62,14.0966,288.997,2933.93,14.0966,328.285,3694.33,14.0966,372.755,4651.04,14.0966,423.092,5854.57,14.0966,480.07,7368.38,14.0966,544.564,9272.08,14.0966,617.566,11665.5,14.0966,700.197,14673.6,14.0966,793.729,18452.9,14.0966,899.599,23198.6,14.0966,1019.43,29154.1,14.0966,1155.07,36622.3,14.0966,1308.6,45977.9,14.0966,1482.39,57683.7,14.0966,1679.09,72307.8,14.0966,1901.73,90542.8,14.0966,2153.73,113226,14.0966,2438.97,141360,14.0966,2761.81,176127,14.0966,3127.22,218898,14.0966,3540.81,271226,14.0966,4008.92,334817,14.0966,4538.74,411470,14.0966,5138.38,502973,14.0966,5817.04,610948,14.0966,6585.12,736653,14.0966,7454.39,880741,14.0966,8438.15,1.04302e+06,14.0966,9551.45,1.22224e+06,14.0966,10811.3,1.41602e+06,14.0966,12237,1.62086e+06,14.0966,11.7194,11.96,12.6541,2.21263,4.16949,0.989383,2.67766,5.84076,0.311842,3.14343,7.55825,0.0972771,3.63127,9.58578,0.0303237,4.15787,12.0912,0.00945211,4.73731,15.2286,0.00294633,5.38238,19.1721,0.000918508,6.10553,24.134,0.000286163,6.91951,30.3791,8.92692e-05,7.83792,38.2397,2.78121e-05,8.87555,48.1338,8.65134e-06,10.0489,60.5876,2.7882e-06,11.3761,76.2629,8.29036e-07,12.8779,95.9927,2.4373e-07,14.5775,120.825,4.33068e-09,16.5012,152.08,1.75749e-07,18.6784,191.415,-1.86328e-07,21.1428,240.917,1.91829e-07,23.9322,303.213,-1.81475e-07,27.0895,381.602,7.0186e-08,30.6634,480.231,-2.86769e-08,34.7087,604.316,2.40784e-07,39.2876,760.401,9.87368e-08,44.4705,956.705,1.22263e-07,50.3371,1203.54,-4.31966e-07,56.9776,1513.81,-1.9705e-07,64.494,1903.69,-2.763e-08,73.0018,2393.4,3.9185e-07,82.6317,3008.13,1.35379e-07,93.5318,3779.25,-4.16351e-08,105.869,4745.7,2.06965e-08,119.834,5955.6,-3.18887e-07,135.641,7468.12,-1.48271e-08,153.531,9355.62,2.00739e-07,173.781,11705.8,2.28358e-07,196.701,14624.1,-1.93587e-08,222.642,18235,-2.88101e-07,252.003,22683.4,-2.24732e-07,285.234,28134,8.56806e-09,322.845,34767,2.34258e-07,365.413,42770.9,2.99668e-07,413.588,52327.9,8.28644e-08,468.111,63591.2,-3.07049e-07,529.814,76653.2,-3.1888e-07,599.642,91502.5,-6.72276e-08,678.662,107975,2.26339e-07,768.083,125705,3.69212e-07,869.267,144088,2.04077e-07,983.76,162277,-2.80509e-07,1113.3,179223,-4.22737e-07,1259.87,193777,-1.71951e-07,1425.68,204839,4.55555e-07,11.7194,11.96,12.6541,2.21263,4.16949,0.989383,2.67766,5.84076,0.311842,3.14343,7.55825,0.0972771,3.63127,9.58578,0.0303237,4.15787,12.0912,0.00945211,4.73731,15.2286,0.00294633,5.38238,19.1721,0.000918508,6.10553,24.134,0.000286163,6.91951,30.3791,8.92692e-05,7.83792,38.2397,2.78121e-05,8.87555,48.1338,8.65134e-06,10.0489,60.5876,2.7882e-06,11.3761,76.2629,8.29036e-07,12.8779,95.9927,2.4373e-07,14.5775,120.825,1e-08,16.5012,152.08,1.75749e-07,18.6784,191.415,1e-08,21.1428,240.917,1.91829e-07,23.9322,303.213,1e-08,27.0895,381.602,7.0186e-08,30.6634,480.231,1e-08,34.7087,604.316,2.40784e-07,39.2876,760.401,9.87368e-08,44.4705,956.705,1.22263e-07,50.3371,1203.54,1e-08,56.9776,1513.81,1e-08,64.494,1903.69,1e-08,73.0018,2393.4,3.9185e-07,82.6317,3008.13,1.35379e-07,93.5318,3779.25,1e-08,105.869,4745.7,2.06965e-08,119.834,5955.6,1e-08,135.641,7468.12,1e-08,153.531,9355.62,2.00739e-07,173.781,11705.8,2.28358e-07,196.701,14624.1,1e-08,222.642,18235,1e-08,252.003,22683.4,1e-08,285.234,28134,1e-08,322.845,34767,2.34258e-07,365.413,42770.9,2.99668e-07,413.588,52327.9,8.28644e-08,468.111,63591.2,1e-08,529.814,76653.2,1e-08,599.642,91502.5,1e-08,678.662,107975,2.26339e-07,768.083,125705,3.69212e-07,869.267,144088,2.04077e-07,983.76,162277,1e-08,1113.3,179223,1e-08,1259.87,193777,1e-08,1425.68,204839,4.55555e-07,6.2823,3.27286,2.43537,0.219672,6.18826,2.24117,0.56371,6.87772,2.63624,0.308279,8,8,10,1,2,2,1,4,2,4,7,0,2,12,0,5,6,0,1,9,0,2,8,0,4,37,0,8,25,0,5,14,0,11,37,0,9,75,0,15,81,0,13,92,0,14,144,0,28,109,0,21,164,0,26,180,0,11,193,0,34,249,0,48,239,0,25,347,0,30,576,0,31,615,0,36,1083,0,105,568,0,63,1695,0,43,1037,0,34,5402,0,64,5779,0,163,2370,0,92,7341,0,134,3884,0,200,10053,0,457,10852,0,154,8964,0,161,25381,0,107,36731,0,255,32526,0,541,77545,0,324,28551,0,596,47544,0,484,77436,0,829,79390,0,290,99188,0,897,35813,0,727,57037,0,783,170470,0,1625,137208,0,1064,283239,0,976,212799,0,1151,210587,0
-1.05176e+08,1,8.88811e-15,10,1023,0,1.05176e+08,0.528882,1.08665,0.389689,0.145397,0.379329,3.24381,0.161596,0.446195,1.77396,0.159177,1.15e+07,4.49998e+06,6.79999e+06,1.15e+07,4.49997e+06,6.79999e+06,1.15e+07,4.49996e+06,6.79999e+06,1.15e+07,4.49995e+06,6.79999e+06,1.14999e+07,4.49993e+06,6.79999e+06,1.14999e+07,4.49991e+06,6.79999e+06,1.14999e+07,4.49989e+06,6.79999e+06,1.14999e+07,4.49986e+06,6.79999e+06,1.14999e+07,4.49982e+06,6.79999e+06,1.14999e+07,4.49977e+06,6.79999e+06,1.14999e+07,4.49971e+06,6.79999e+06,1.14999e+07,4.49963e+06,6.79999e+06,1.14998e+07,4.49953e+06,6.79999e+06,1.14998e+07,4.49941e+06,6.79999e+06,1.14998e+07,4.49926e+06,6.79999e+06,1.14998e+07,4.49906e+06,6.79999e+06,1.14997e+07,4.49882e+06,6.79999e+06,1.14997e+07,4.49851e+06,6.79999e+06,1.14997e+07,4.49812e+06,6.79999e+06,1.14996e+07,4.49764e+06,6.79999e+06,1.14996e+07,4.49702e+06,6.79999e+06,1.14995e+07,4.49625e+06,6.79999e+06,1.14995e+07,4.49528e+06,6.79999e+06,1.14994e+07,4.49406e+06,6.79999e+06,1.14993e+07,4.49253e+06,6.79999e+06,1.14992e+07,4.49059e+06,6.79999e+06,1.14991e+07,4.48817e+06,6.79999e+06,1.1499e+07,4.48511e+06,6.79999e+06,1.14988e+07,4.48128e+06,6.79999e+06,1.14987e+07,4.47646e+06,6.79999e+06,1.14985e+07,4.47041e+06,6.79999e+06,1.14983e+07,4.46281e+06,6.79999e+06,1.14981e+07,4.4533e+06,6.79999e+06,1.14979e+07,4.44138e+06,6.79999e+06,1.14976e+07,4.42649e+06,6.79999e+06,1.14972e+07,4.40789e+06,6.79999e+06,1.14969e+07,4.38471e+06,6.79999e+06,1.14965e+07,4.35592e+06,6.79999e+06,1.1496e+07,4.32027e+06,6.79999e+06,1.14955e+07,4.27629e+06,6.79999e+06,1.14949e+07,4.22231e+06,6.79999e+06,1.14942e+07,4.15647e+06,6.79999e+06,1.14934e+07,4.07676e+06,6.79999e+06,1.14926e+07,3.98112e+06,6.79999e+06,1.14916e+07,3.86765e+06,6.79999e+06,1.14905e+07,3.73474e+06,6.79999e+06,1.14892e+07,3.58148e+06,6.79999e+06,1.14878e+07,3.40785e+06,6.79999e+06,1.14862e+07,3.21513e+06,6.79999e+06,1.14844e+07,3.00605e+06,6.79999e+06,1.14823e+07,2.7848e+06,6.79999e+06,1.148e+07,2.5568e+06,6.79999e+06,1.14773e+07,2.32825e+06,6.79999e+06,13.5742,8.52444,0.508366,16.8306,13.2585,0.162638,20.0035,17.569,0.0507846,23.2616,22.4214,0.0158319,26.7328,28.3297,0.00493498,30.5212,35.6974,0.00153831,34.7178,44.9473,0.000479527,39.4086,56.5822,0.000149456,44.6796,71.2245,4.66214e-05,50.6209,89.6543,1.45419e-05,57.3297,112.852,4.54748e-06,64.9129,142.051,1.43857e-06,73.4897,178.803,4.36618e-07,83.1934,225.062,1.40153e-07,94.1745,283.286,4.96378e-08,106.602,356.568,1.05434e-07,120.669,448.799,-6.49244e-08,136.59,564.873,1.70148e-07,154.611,710.948,-5.34594e-08,175.008,894.767,1.63407e-07,198.097,1126.06,8.04804e-08,224.231,1417.07,1.14667e-07,253.813,1783.15,-1.71227e-07,287.297,2243.62,-2.88466e-07,325.198,2822.67,-4.33651e-07,368.098,3550.67,7.9318e-08,416.657,4465.65,3.13319e-07,471.621,5615.16,3.4613e-07,533.835,7058.61,-1.19199e-07,604.255,8870.02,-2.79964e-07,683.962,11141.4,-2.30521e-07,774.182,13986.7,-2.55099e-07,876.299,17546.4,1.23585e-07,991.883,21993.1,1.41192e-07,1122.71,27536.7,-9.71886e-08,1270.78,34430.7,-3.68368e-07,1438.38,42977.7,-3.45379e-07,1628.07,53532.7,-3.25328e-09,1842.77,66504.6,2.6362e-07,2085.77,82350.2,2.53445e-07,2360.79,101560,-2.47407e-08,2672.05,124632,-3.80602e-07,3024.31,152018,-4.79005e-07,3422.98,184060,-1.14379e-07,3874.15,220884,2.64297e-07,4384.72,262283,3.44131e-07,4962.49,307576,7.5349e-08,5616.29,355497,-3.63097e-07,6356.1,404126,-6.05442e-07,7193.18,450932,-2.72333e-07,8140.28,492963,2.29675e-07,9211.79,527178,4.3387e-07,10424,550893,-1.0711e-07,10.102,8.06553,2.81012,10.6436,8.57909,0.869423,11.5336,10.2515,0.270869,12.7211,12.7138,0.0844293,14.1823,15.9373,0.0263173,15.9122,20.0383,0.0082035,17.9198,25.2154,0.00255722,20.2244,31.7373,0.000797017,22.8539,39.9486,0.000248622,25.8438,50.2851,7.75492e-05,29.237,63.2963,2.42508e-05,33.0837,79.6738,7.67162e-06,37.4415,100.288,2.32837e-06,42.3767,126.236,7.33e-07,47.9646,158.896,2.79256e-07,54.2906,200.003,9.87351e-09,61.452,251.741,1.61085e-07,69.5585,316.859,-2.47141e-07,78.7347,398.812,8.93552e-08,89.1218,501.948,-2.53231e-07,100.879,631.736,-1.25047e-07,114.188,795.049,-1.78808e-07,129.252,1000.53,2.6733e-07,146.304,1259.03,4.50292e-07,165.605,1584.19,6.76904e-07,187.452,1993.12,-1.23808e-07,212.181,2507.27,-4.89068e-07,240.173,3153.54,-5.40284e-07,271.856,3965.56,1.86061e-07,307.719,4985.38,4.37004e-07,348.313,6265.4,3.59828e-07,394.26,7870.83,3.98192e-07,446.268,9882.51,-1.92908e-07,505.135,12400.3,-2.20392e-07,571.766,15546.9,1.51705e-07,647.184,19472.2,5.74996e-07,732.547,24357.4,5.39112e-07,829.167,30420,5.07815e-09,938.526,37916.3,-4.11492e-07,1062.3,47143.9,-3.9561e-07,1202.4,58439.2,3.86185e-08,1360.96,72169.3,5.94093e-07,1540.42,88715.8,7.47693e-07,1743.53,108445,1.78537e-07,1973.41,131665,-4.12549e-07,2233.57,158557,-5.37164e-07,2528,189103,-1.17615e-07,2861.2,222986,5.66769e-07,3238.27,259510,9.45053e-07,3664.97,297540,4.25093e-07,4147.81,335497,-3.58506e-07,4694.17,371444,-6.7724e-07,5312.37,403256,1.67192e-07,1.61744,3.89446,9.84394,3.28846,7.5504,12.774,5.07607,11.7187,13.6844,7.03202,16.8147,13.9681,9.20215,23.1769,14.0566,11.6301,31.1672,14.0841,14.3598,41.2186,14.0927,17.4376,53.8688,14.0954,20.9137,69.7915,14.0962,24.8432,89.8341,14.0965,29.2879,115.063,14.0966,34.3168,146.819,14.0966,40.0078,186.792,14.0966,46.4487,237.107,14.0966,53.7388,300.44,14.0966,61.9903,380.158,14.0966,71.3301,480.499,14.0966,81.902,606.796,14.0966,93.8685,765.761,14.0966,107.414,965.837,14.0966,122.746,1217.65,14.0966,140.101,1534.57,14.0966,159.745,1933.41,14.0966,181.981,2435.3,14.0966,207.15,3066.85,14.0966,235.64,3861.46,14.0966,267.889,4861.11,14.0966,304.391,6118.54,14.0966,345.709,7699.91,14.0966,392.478,9688.22,14.0966,445.417,12187.5,14.0966,505.339,15327.7,14.0966,573.165,19271.6,14.0966,649.938,24222,14.0966,736.839,30430.9,14.0966,835.202,38211.5,14.0966,946.539,47950.3,14.0966,1072.56,60122.8,14.0966,1215.21,75309.9,14.0966,1376.66,94216.2,14.0966,1559.41,117688,14.0966,1766.26,146729,14.0966,2000.39,182510,14.0966,2265.39,226372,14.0966,2565.33,279806,14.0966,2904.81,344416,14.0966,3289.05,421845,14.0966,3723.93,513667,14.0966,4216.13,621231,14.0966,4773.18,745478,14.0966,5403.64,886744,14.0966,6117.15,1.04457e+06,14.0966,6924.63,1.2176e+06,14.0966,11.7194,11.96,12.6541,13.9321,16.1295,13.6434,16.6097,21.9702,13.9553,19.7532,29.5285,14.0526,23.3844,39.1143,14.0829,27.5423,51.2054,14.0923,32.2796,66.434,14.0953,37.662,85.6061,14.0962,43.7675,109.74,14.0965,50.687,140.119,14.0966,58.5249,178.359,14.0966,67.4005,226.493,14.0966,77.4493,287.08,14.0966,88.8254,363.343,14.0966,101.703,459.336,14.0966,116.281,580.161,14.0966,132.782,732.241,14.0966,151.46,923.655,14.0966,172.603,1164.57,14.0966,196.535,1467.79,14.0966,223.625,1849.39,14.0966,254.288,2329.62,14.0966,288.997,2933.93,14.0966,328.285,3694.33,14.0966,372.755,4651.04,14.0966,423.092,5854.57,14.0966,480.07,7368.38,14.0966,544.564,9272.08,14.0966,617.566,11665.5,14.0966,700.197,14673.6,14.0966,793.729,18452.9,14.0966,899.599,23198.6,14.0966,1019.43,29154.1,14.0966,1155.07,36622.3,14.0966,1308.6,45977.9,14.0966,1482.39,57683.7,14.0966,1679.09,72307.8,14.0966,1901.73,90542.8,14.0966,2153.73,113226,14.0966,2438.97,141360,14.0966,2761.81,176127,14.0966,3127.22,218898,14.0966,3540.81,271226,14.0966,4008.92,334817,14.0966,4538.74,411470,14.0966,5138.38,502973,14.0966,5817.04,610948,14.0966,6585.12,736653,14.0966,7454.39,880741,14.0966,8438.15,1.04302e+06,14.0966,9551.45,1.22224e+06,14.0966,10811.3,1.41602e+06,14.0966,12237,1.62086e+06,14.0966,11.7194,11.96,12.6541,2.21263,4.16949,0.989383,2.67766,5.84076,0.311842,3.14343,7.55825,0.0972771,3.63127,9.58578,0.0303237,4.15787,12.0912,0.00945211,4.73731,15.2286,0.00294633,5.38238,19.1721,0.000918508,6.10553,24.134,0.000286163,6.91951,30.3791,8.92692e-05,7.83792,38.2397,2.78121e-05,8.87555,48.1338,8.65134e-06,10.0489,60.5876,2.7882e-06,11.3761,76.2629,8.29036e-07,12.8779,95.9927,2.4373e-07,14.5775,120.825,4.33068e-09,16.5012,152.08,1.75749e-07,18.6784,191.415,-1.86328e-07,21.1428,240.917,1.91829e-07,23.9322,303.213,-1.81475e-07,27.0895,381.602,7.0186e-08,30.6634,480.231,-2.86769e-08,34.7087,604.316,2.40784e-07,39.2876,760.401,9.87368e-08,44.4705,956.705,1.22263e-07,50.3371,1203.54,-4.31966e-07,56.9776,1513.81,-1.9705e-07,64.494,1903.69,-2.763e-08,73.0018,2393.4,3.9185e-07,82.6317,3008.13,1.35379e-07,93.5318,3779.25,-4.16351e-08,105.869,4745.7,2.06965e-08,119.834,5955.6,-3.18887e-07,135.641,7468.12,-1.48271e-08,153.531,9355.62,2.00739e-07,173.781,11705.8,2.28358e-07,196.701,14624.1,-1.93587e-08,222.642,18235,-2.88101e-07,252.003,22683.4,-2.24732e-07,285.234,28134,8.56806e-09,322.845,34767,2.34258e-07,365.413,42770.9,2.99668e-07,413.588,52327.9,8.28644e-08,468.111,63591.2,-3.07049e-07,529.814,76653.2,-3.1888e-07,599.642,91502.5,-6.72276e-08,678.662,107975,2.26339e-07,768.083,125705,3.69212e-07,869.267,144088,2.04077e-07,983.76,162277,-2.80509e-07,1113.3,179223,-4.22737e-07,1259.87,193777,-1.71951e-07,1425.68,204839,4.55555e-07,11.7194,11.96,12.6541,2.21263,4.16949,0.989383,2.67766,5.84076,0.311842,3.14343,7.55825,0.0972771,3.63127,9.58578,0.0303237,4.15787,12.0912,0.00945211,4.73731,15.2286,0.00294633,5.38238,19.1721,0.000918508,6.10553,24.134,0.000286163,6.91951,30.3791,8.92692e-05,7.83792,38.2397,2.78121e-05,8.87555,48.1338,8.65134e-06,10.0489,60.5876,2.7882e-06,11.3761,76.2629,8.29036e-07,12.8779,95.9927,2.4373e-07,14.5775,120.825,1e-08,16.5012,152.08,1.75749e-07,18.6784,191.415,1e-08,21.1428,240.917,1.91829e-07,23.9322,303.213,1e-08,27.0895,381.602,7.0186e-08,30.6634,480.231,1e-08,34.7087,604.316,2.40784e-07,39.2876,760.401,9.87368e-08,44.4705,956.705,1.22263e-07,50.3371,1203.54,1e-08,56.9776,1513.81,1e-08,64.494,1903.69,1e-08,73.0018,2393.4,3.9185e-07,82.6317,3008.13,1.35379e-07,93.5318,3779.25,1e-08,105.869,4745.7,2.06965e-08,119.834,5955.6,1e-08,135.641,7468.12,1e-08,153.531,9355.62,2.00739e-07,173.781,11705.8,2.28358e-07,196.701,14624.1,1e-08,222.642,18235,1e-08,252.003,22683.4,1e-08,285.234,28134,1e-08,322.845,34767,2.34258e-07,365.413,42770.9,2.99668e-07,413.588,52327.9,8.28644e-08,468.111,63591.2,1e-08,529.814,76653.2,1e-08,599.642,91502.5,1e-08,678.662,107975,2.26339e-07,768.083,125705,3.69212e-07,869.267,144088,2.04077e-07,983.76,162277,1e-08,1113.3,179223,1e-08,1259.87,193777,1e-08,1425.68,204839,4.55555e-07,6.2823,3.27286,2.43537,0.219672,6.18826,2.24117,0.56371,6.87772,2.63624,0.308279,15,15,15,0,5,1,5,4,0,0,4,0,7,6,0,2,16,0,5,7,0,6,23,0,4,19,0,14,42,0,9,24,0,5,55,0,1,60,0,18,45,0,12,72,0,11,212,0,23,209,0,12,216,0,12,312,0,14,177,0,32,280,0,34,593,0,47,814,0,66,603,0,56,1202,0,35,1047,0,75,1503,0,77,1462,0,121,2684,0,69,1812,0,54,3338,0,191,4268,0,178,4871,0,198,7150,0,210,7722,0,89,10675,0,202,14448,0,316,18373,0,377,28132,0,432,31447,0,253,18668,0,301,16962,0,383,46593,0,342,45536,0,279,144641,0,522,89520,0,540,117319,0,1037,252666,0,669,226509,0,1010,98242,0,371,130618,0,567,249185,0,1603,239886,0
-1.05176e+08,1,8.88811e-15,10,1023,0,1.05176e+08,0.528882,1.08665,0.389689,0.145397,0.379329,3.24381,0.161596,0.446195,1.77396,0.159177,1.15e+07,4.49998e+06,6.79999e+06,1.15e+07,4.49997e+06,6.79999e+06,1.15e+07,4.49996e+06,6.79999e+06,1.15e+07,4.49995e+06,6.79999e+06,1.14999e+07,4.49993e+06,6.79999e+06,1.14999e+07,4.49991e+06,6.79999e+06,1.14999e+07,4.49989e+06,6.79999e+06,1.14999e+07,4.49986e+06,6.79999e+06,1.14999e+07,4.49982e+06,6.79999e+06,1.14999e+07,4.49977e+06,6.79999e+06,1.14999e+07,4.49971e+06,6.79999e+06,1.14999e+07,4.49963e+06,6.79999e+06,1.14998e+07,4.49953e+06,6.79999e+06,1.14998e+07,4.49941e+06,6.79999e+06,1.14998e+07,4.49926e+06,6.79999e+06,1.14998e+07,4.49906e+06,6.79999e+06,1.14997e+07,4.49882e+06,6.79999e+06,1.14997e+07,4.49851e+06,6.79999e+06,1.14997e+07,4.49812e+06,6.79999e+06,1.14996e+07,4.49764e+06,6.79999e+06,1.14996e+07,4.49702e+06,6.79999e+06,1.14995e+07,4.49625e+06,6.79999e+06,1.14995e+07,4.49528e+06,6.79999e+06,1.14994e+07,4.49406e+06,6.79999e+06,1.14993e+07,4.49253e+06,6.79999e+06,1.14992e+07,4.49059e+06,6.79999e+06,1.14991e+07,4.48817e+06,6.79999e+06,1.1499e+07,4.48511e+06,6.79999e+06,1.14988e+07,4.48128e+06,6.79999e+06,1.14987e+07,4.47646e+06,6.79999e+06,1.14985e+07,4.47041e+06,6.79999e+06,1.14983e+07,4.46281e+06,6.79999e+06,1.14981e+07,4.4533e+06,6.79999e+06,1.14979e+07,4.44138e+06,6.79999e+06,1.14976e+07,4.42649e+06,6.79999e+06,1.14972e+07,4.40789e+06,6.79999e+06,1.14969e+07,4.38471e+06,6.79999e+06,1.14965e+07,4.35592e+06,6.79999e+06,1.1496e+07,4.32027e+06,6.79999e+06,1.14955e+07,4.27629e+06,6.79999e+06,1.14949e+07,4.22231e+06,6.79999e+06,1.14942e+07,4.15647e+06,6.79999e+06,1.14934e+07,4.07676e+06,6.79999e+06,1.14926e+07,3.98112e+06,6.79999e+06,1.14916e+07,3.86765e+06,6.79999e+06,1.14905e+07,3.73474e+06,6.79999e+06,1.14892e+07,3.58148e+06,6.79999e+06,1.14878e+07,3.40785e+06,6.79999e+06,1.14862e+07,3.21513e+06,6.79999e+06,1.14844e+07,3.00605e+06,6.79999e+06,1.14823e+07,2.7848e+06,6.79999e+06,1.148e+07,2.5568e+06,6.79999e+06,1.14773e+07,2.32825e+06,6.79999e+06,13.5742,8.52444,0.508366,16.8306,13.2585,0.162638,20.0035,17.569,0.0507846,23.2616,22.4214,0.0158319,26.7328,28.3297,0.00493498,30.5212,35.6974,0.00153831,34.7178,44.9473,0.000479527,39.4086,56.5822,0.000149456,44.6796,71.2245,4.66214e-05,50.6209,89.6543,1.45419e-05,57.3297,112.852,4.54748e-06,64.9129,142.051,1.43857e-06,73.4897,178.803,4.36618e-07,83.1934,225.062,1.40153e-07,94.1745,283.286,4.96378e-08,106.602,356.568,1.05434e-07,120.669,448.799,-6.49244e-08,136.59,564.873,1.70148e-07,154.611,710.948,-5.34594e-08,175.008,894.767,1.63407e-07,198.097,1126.06,8.04804e-08,224.231,1417.07,1.14667e-07,253.813,1783.15,-1.71227e-07,287.297,2243.62,-2.88466e-07,325.198,2822.67,-4.33651e-07,368.098,3550.67,7.9318e-08,416.657,4465.65,3.13319e-07,471.621,5615.16,3.4613e-07,533.835,7058.61,-1.19199e-07,604.255,8870.02,-2.79964e-07,683.962,11141.4,-2.30521e-07,774.182,13986.7,-2.55099e-07,876.299,17546.4,1.23585e-07,991.883,21993.1,1.41192e-07,1122.71,27536.7,-9.71886e-08,1270.78,34430.7,-3.68368e-07,1438.38,42977.7,-3.45379e-07,1628.07,53532.7,-3.25328e-09,1842.77,66504.6,2.6362e-07,2085.77,82350.2,2.53445e-07,2360.79,101560,-2.47407e-08,2672.05,124632,-3.80602e-07,3024.31,152018,-4.79005e-07,3422.98,184060,-1.14379e-07,3874.15,220884,2.64297e-07,4384.72,262283,3.44131e-07,4962.49,307576,7.5349e-08,5616.29,355497,-3.63097e-07,6356.1,404126,-6.05442e-07,7193.18,450932,-2.72333e-07,8140.28,492963,2.29675e-07,9211.79,527178,4.3387e-07,10424,550893,-1.0711e-07,10.102,8.06553,2.81012,10.6436,8.57909,0.869423,11.5336,10.2515,0.270869,12.7211,12.7138,0.0844293,14.1823,15.9373,0.0263173,15.9122,20.0383,0.0082035,17.9198,25.2154,0.00255722,20.2244,31.7373,0.000797017,22.8539,39.9486,0.000248622,25.8438,50.2851,7.75492e-05,29.237,63.2963,2.42508e-05,33.0837,79.6738,7.67162e-06,37.4415,100.288,2.32837e-06,42.3767,126.236,7.33e-07,47.9646,158.896,2.79256e-07,54.2906,200.003,9.87351e-09,61.452,251.741,1.61085e-07,69.5585,316.859,-2.47141e-07,78.7347,398.812,8.93552e-08,89.1218,501.948,-2.53231e-07,100.879,631.736,-1.25047e-07,114.188,795.049,-1.78808e-07,129.252,1000.53,2.6733e-07,146.304,1259.03,4.50292e-07,165.605,1584.19,6.76904e-07,187.452,1993.12,-1.23808e-07,212.181,2507.27,-4.89068e-07,240.173,3153.54,-5.40284e-07,271.856,3965.56,1.86061e-07,307.719,4985.38,4.37004e-07,348.313,6265.4,3.59828e-07,394.26,7870.83,3.98192e-07,446.268,9882.51,-1.92908e-07,505.135,12400.3,-2.20392e-07,571.766,15546.9,1.51705e-07,647.184,19472.2,5.74996e-07,732.547,24357.4,5.39112e-07,829.167,30420,5.07815e-09,938.526,37916.3,-4.11492e-07,1062.3,47143.9,-3.9561e-07,1202.4,58439.2,3.86185e-08,1360.96,72169.3,5.94093e-07,1540.42,88715.8,7.47693e-07,1743.53,108445,1.78537e-07,1973.41,131665,-4.12549e-07,2233.57,158557,-5.37164e-07,2528,189103,-1.17615e-07,2861.2,222986,5.66769e-07,3238.27,259510,9.45053e-07,3664.97,297540,4.25093e-07,4147.81,335497,-3.58506e-07,4694.17,371444,-6.7724e-07,5312.37,403256,1.67192e-07,1.61744,3.89446,9.84394,3.28846,7.5504,12.774,5.07607,11.7187,13.6844,7.03202,16.8147,13.9681,9.20215,23.1769,14.0566,11.6301,31.1672,14.0841,14.3598,41.2186,14.0927,17.4376,53.8688,14.0954,20.9137,69.7915,14.0962,24.8432,89.8341,14.0965,29.2879,115.063,14.0966,34.3168,146.819,14.0966,40.0078,186.792,14.0966,46.4487,237.107,14.0966,53.7388,300.44,14.0966,61.9903,380.158,14.0966,71.3301,480.499,14.0966,81.902,606.796,14.0966,93.8685,765.761,14.0966,107.414,965.837,14.0966,122.746,1217.65,14.0966,140.101,1534.57,14.0966,159.745,1933.41,14.0966,181.981,2435.3,14.0966,207.15,3066.85,14.0966,235.64,3861.46,14.0966,267.889,4861.11,14.0966,304.391,6118.54,14.0966,345.709,7699.91,14.0966,392.478,9688.22,14.0966,445.417,12187.5,14.0966,505.339,15327.7,14.0966,573.165,19271.6,14.0966,649.938,24222,14.0966,736.839,30430.9,14.0966,835.202,38211.5,14.0966,946.539,47950.3,14.0966,1072.56,60122.8,14.0966,1215.21,75309.9,14.0966,1376.66,94216.2,14.0966,1559.41,117688,14.0966,1766.26,146729,14.0966,2000.39,182510,14.0966,2265.39,226372,14.0966,2565.33,279806,14.0966,2904.81,344416,14.0966,3289.05,421845,14.0966,3723.93,513667,14.0966,4216.13,621231,14.0966,4773.18,745478,14.0966,5403.64,886744,14.0966,6117.15,1.04457e+06,14.0966,6924.63,1.2176e+06,14.0966,11.7194,11.96,12.6541,13.9321,16.1295,13.6434,16.6097,21.9702,13.9553,19.7532,29.5285,14.0526,23.3844,39.1143,14.0829,27.5423,51.2054,14.0923,32.2796,66.434,14.0953,37.662,85.6061,14.0962,43.7675,109.74,14.0965,50.687,140.119,14.0966,58.5249,178.359,14.0966,67.4005,226.493,14.0966,77.4493,287.08,14.0966,88.8254,363.343,14.0966,101.703,459.336,14.0966,116.281,580.161,14.0966,132.782,732.241,14.0966,151.46,923.655,14.0966,172.603,1164.57,14.0966,196.535,1467.79,14.0966,223.625,1849.39,14.0966,254.288,2329.62,14.0966,288.997,2933.93,14.0966,328.285,3694.33,14.0966,372.755,4651.04,14.0966,423.092,5854.57,14.0966,480.07,7368.38,14.0966,544.564,9272.08,14.0966,617.566,11665.5,14.0966,700.197,14673.6,14.0966,793.729,18452.9,14.0966,899.599,23198.6,14.0966,1019.43,29154.1,14.0966,1155.07,36622.3,14.0966,1308.6,45977.9,14.0966,1482.39,57683.7,14.0966,1679.09,72307.8,14.0966,1901.73,90542.8,14.0966,2153.73,113226,14.0966,2438.97,141360,14.0966,2761.81,176127,14.0966,3127.22,218898,14.0966,3540.81,271226,14.0966,4008.92,334817,14.0966,4538.74,411470,14.0966,5138.38,502973,14.0966,5817.04,610948,14.0966,6585.12,736653,14.0966,7454.39,880741,14.0966,8438.15,1.04302e+06,14.0966,9551.45,1.22224e+06,14.0966,10811.3,1.41602e+06,14.0966,12237,1.62086e+06,14.0966,11.7194,11.96,12.6541,2.21263,4.16949,0.989383,2.67766,5.84076,0.311842,3.14343,7.55825,0.0972771,3.63127,9.58578,0.0303237,4.15787,12.0912,0.00945211,4.73731,15.2286,0.00294633,5.38238,19.1721,0.000918508,6.10553,24.134,0.000286163,6.91951,30.3791,8.92692e-05,7.83792,38.2397,2.78121e-05,8.87555,48.1338,8.65134e-06,10.0489,60.5876,2.7882e-06,11.3761,76.2629,8.29036e-07,12.8779,95.9927,2.4373e-07,14.5775,120.825,4.33068e-09,16.5012,152.08,1.75749e-07,18.6784,191.415,-1.86328e-07,21.1428,240.917,1.91829e-07,23.9322,303.213,-1.81475e-07,27.0895,381.602,7.0186e-08,30.6634,480.231,-2.86769e-08,34.7087,604.316,2.40784e-07,39.2876,760.401,9.87368e-08,44.4705,956.705,1.22263e-07,50.3371,1203.54,-4.31966e-07,56.9776,1513.81,-1.9705e-07,64.494,1903.69,-2.763e-08,73.0018,2393.4,3.9185e-07,82.6317,3008.13,1.35379e-07,93.5318,3779.25,-4.16351e-08,105.869,4745.7,2.06965e-08,119.834,5955.6,-3.18887e-07,135.641,7468.12,-1.48271e-08,153.531,9355.62,2.00739e-07,173.781,11705.8,2.28358e-07,196.701,14624.1,-1.93587e-08,222.642,18235,-2.88101e-07,252.003,22683.4,-2.24732e-07,285.234,28134,8.56806e-09,322.845,34767,2.34258e-07,365.413,42770.9,2.99668e-07,413.588,52327.9,8.28644e-08,468.111,63591.2,-3.07049e-07,529.814,76653.2,-3.1888e-07,599.642,91502.5,-6.72276e-08,678.662,107975,2.26339e-07,768.083,125705,3.69212e-07,869.267,144088,2.04077e-07,983.76,162277,-2.80509e-07,1113.3,179223,-4.22737e-07,1259.87,193777,-1.71951e-07,1425.68,204839,4.55555e-07,11.7194,11.96,12.6541,2.21263,4.16949,0.989383,2.67766,5.84076,0.311842,3.14343,7.55825,0.0972771,3.63127,9.58578,0.0303237,4.15787,12.0912,0.00945211,4.73731,15.2286,0.00294633,5.38238,19.1721,0.000918508,6.10553,24.134,0.000286163,6.91951,30.3791,8.92692e-05,7.83792,38.2397,2.78121e-05,8.87555,48.1338,8.65134e-06,10.0489,60.5876,2.7882e-06,11.3761,76.2629,8.29036e-07,12.8779,95.9927,2.4373e-07,14.5775,120.825,1e-08,16.5012,152.08,1.75749e-07,18.6784,191.415,1e-08,21.1428,240.917,1.91829e-07,23.9322,303.213,1e-08,27.0895,381.602,7.0186e-08,30.6634,480.231,1e-08,34.7087,604.316,2.40784e-07,39.2876,760.401,9.87368e-08,44.4705,956.705,1.22263e-07,50.3371,1203.54,1e-08,56.9776,1513.81,1e-08,64.494,1903.69,1e-08,73.0018,2393.4,3.9185e-07,82.6317,3008.13,1.35379e-07,93.5318,3779.25,1e-08,105.869,4745.7,2.06965e-08,119.834,5955.6,1e-08,135.641,7468.12,1e-08,153.531,9355.62,2.00739e-07,173.781,11705.8,2.28358e-07,196.701,14624.1,1e-08,222.642,18235,1e-08,252.003,22683.4,1e-08,285.234,28134,1e-08,322.845,34767,2.34258e-07,365.413,42770.9,2.99668e-07,413.588,52327.9,8.28644e-08,468.111,63591.2,1e-08,529.814,76653.2,1e-08,599.642,91502.5,1e-08,678.662,107975,2.26339e-07,768.083,125705,3.69212e-07,869.267,144088,2.04077e-07,983.76,162277,1e-08,1113.3,179223,1e-08,1259.87,193777,1e-08,1425.68,204839,4.55555e-07,6.2823,3.27286,2.43537,0.219672,6.18826,2.24117,0.56371,6.87772,2.63624,0.308279,13,28,2,2,7,1,1,1,0,1,12,0,2,13,0,12,4,0,6,17,0,4,22,0,4,25,0,6,15,0,6,44,0,15,66,0,18,27,0,4,141,0,16,56,0,10,86,0,17,124,0,9,154,0,21,296,0,27,212,0,18,430,0,14,615,0,37,567,0,49,541,0,54,544,0,54,1274,0,54,1873,0,137,816,0,116,2286,0,97,3962,0,104,3663,0,152,5734,0,265,5116,0,111,5501,0,106,4923,0,129,5568,0,122,13739,0,185,20418,0,162,15455,0,145,25417,0,129,26315,0,294,20566,0,598,45307,0,587,28300,0,257,91701,0,360,83487,0,567,77052,0,1439,146737,0,620,181413,0,347,72958,0,2297,241840,0,1655,114862,0,2006,124448,0
-1.05176e+08,1,8.88811e-15,10,1023,0,1.05176e+08,0.528882,1.08665,0.389689,0.145397,0.379329,3.24381,0.161596,0.446195,1.77396,0.159177,1.15e+07,4.49998e+06,6.79999e+06,1.15e+07,4.49997e+06,6.79999e+06,1.15e+07,4.49996e+06,6.79999e+06,1.15e+07,4.49995e+06,6.79999e+06,1.14999e+07,4.49993e+06,6.79999e+06,1.14999e+07,4.49991e+06,6.79999e+06,1.14999e+07,4.49989e+06,6.79999e+06,1.14999e+07,4.49986e+06,6.79999e+06,1.14999e+07,4.49982e+06,6.79999e+06,1.14999e+07,4.49977e+06,6.79999e+06,1.14999e+07,4.49971e+06,6.79999e+06,1.14999e+07,4.49963e+06,6.79999e+06,1.14998e+07,4.49953e+06,6.79999e+06,1.14998e+07,4.49941e+06,6.79999e+06,1.14998e+07,4.49926e+06,6.79999e+06,1.14998e+07,4.49906e+06,6.79999e+06,1.14997e+07,4.49882e+06,6.79999e+06,1.14997e+07,4.49851e+06,6.79999e+06,1.14997e+07,4.49812e+06,6.79999e+06,1.14996e+07,4.49764e+06,6.79999e+06,1.14996e+07,4.49702e+06,6.79999e+06,1.14995e+07,4.49625e+06,6.79999e+06,1.14995e+07,4.49528e+06,6.79999e+06,1.14994e+07,4.49406e+06,6.79999e+06,1.14993e+07,4.49253e+06,6.79999e+06,1.14992e+07,4.49059e+06,6.79999e+06,1.14991e+07,4.48817e+06,6.79999e+06,1.1499e+07,4.48511e+06,6.79999e+06,1.14988e+07,4.48128e+06,6.79999e+06,1.14987e+07,4.47646e+06,6.79999e+06,1.14985e+07,4.47041e+06,6.79999e+06,1.14983e+07,4.46281e+06,6.79999e+06,1.14981e+07,4.4533e+06,6.79999e+06,1.14979e+07,4.44138e+06,6.79999e+06,1.14976e+07,4.42649e+06,6.79999e+06,1.14972e+07,4.40789e+06,6.79999e+06,1.14969e+07,4.38471e+06,6.79999e+06,1.14965e+07,4.35592e+06,6.79999e+06,1.1496e+07,4.32027e+06,6.79999e+06,1.14955e+07,4.27629e+06,6.79999e+06,1.14949e+07,4.22231e+06,6.79999e+06,1.14942e+07,4.15647e+06,6.79999e+06,1.14934e+07,4.07676e+06,6.79999e+06,1.14926e+07,3.98112e+06,6.79999e+06,1.14916e+07,3.86765e+06,6.79999e+06,1.14905e+07,3.73474e+06,6.79999e+06,1.14892e+07,3.58148e+06,6.79999e+06,1.14878e+07,3.40785e+06,6.79999e+06,1.14862e+07,3.21513e+06,6.79999e+06,1.14844e+07,3.00605e+06,6.79999e+06,1.14823e+07,2.7848e+06,6.79999e+06,1.148e+07,2.5568e+06,6.79999e+06,1.14773e+07,2.32825e+06,6.79999e+06,13.5742,8.52444,0.508366,16.8306,13.2585,0.162638,20.0035,17.569,0.0507846,23.2616,22.4214,0.0158319,26.7328,28.3297,0.00493498,30.5212,35.6974,0.00153831,34.7178,44.9473,0.000479527,39.4086,56.5822,0.000149456,44.6796,71.2245,4.66214e-05,50.6209,89.6543,1.45419e-05,57.3297,112.852,4.54748e-06,64.9129,142.051,1.43857e-06,73.4897,178.803,4.36618e-07,83.1934,225.062,1.40153e-07,94.1745,283.286,4.96378e-08,106.602,356.568,1.05434e-07,120.669,448.799,-6.49244e-08,136.59,564.873,1.70148e-07,154.611,710.948,-5.34594e-08,175.008,894.767,1.63407e-07,198.097,1126.06,8.04804e-08,224.231,1417.07,1.14667e-07,253.813,1783.15,-1.71227e-07,287.297,2243.62,-2.88466e-07,325.198,2822.67,-4.33651e-07,368.098,3550.67,7.9318e-08,416.657,4465.65,3.13319e-07,471.621,5615.16,3.4613e-07,533.835,7058.61,-1.19199e-07,604.255,8870.02,-2.79964e-07,683.962,11141.4,-2.30521e-07,774.182,13986.7,-2.55099e-07,876.299,17546.4,1.23585e-07,991.883,21993.1,1.41192e-07,1122.71,27536.7,-9.71886e-08,1270.78,34430.7,-3.68368e-07,1438.38,42977.7,-3.45379e-07,1628.07,53532.7,-3.25328e-09,1842.77,66504.6,2.6362e-07,2085.77,82350.2,2.53445e-07,2360.79,101560,-2.47407e-08,2672.05,124632,-3.80602e-07,3024.31,152018,-4.79005e-07,3422.98,184060,-1.14379e-07,3874.15,220884,2.64297e-07,4384.72,262283,3.44131e-07,4962.49,307576,7.5349e-08,5616.29,355497,-3.63097e-07,6356.1,404126,-6.05442e-07,7193.18,450932,-2.72333e-07,8140.28,492963,2.29675e-07,9211.79,527178,4.3387e-07,10424,550893,-1.0711e-07,10.102,8.06553,2.81012,10.6436,8.57909,0.869423,11.5336,10.2515,0.270869,12.7211,12.7138,0.0844293,14.1823,15.9373,0.0263173,15.9122,20.0383,0.0082035,17.9198,25.2154,0.00255722,20.2244,31.7373,0.000797017,22.8539,39.9486,0.000248622,25.8438,50.2851,7.75492e-05,29.237,63.2963,2.42508e-05,33.0837,79.6738,7.67162e-06,37.4415,100.288,2.32837e-06,42.3767,126.236,7.33e-07,47.9646,158.896,2.79256e-07,54.2906,200.003,9.87351e-09,61.452,251.741,1.61085e-07,69.5585,316.859,-2.47141e-07,78.7347,398.812,8.93552e-08,89.1218,501.948,-2.53231e-07,100.879,631.736,-1.25047e-07,114.188,795.049,-1.78808e-07,129.252,1000.53,2.6733e-07,146.304,1259.03,4.50292e-07,165.605,1584.19,6.76904e-07,187.452,1993.12,-1.23808e-07,212.181,2507.27,-4.89068e-07,240.173,3153.54,-5.40284e-07,271.856,3965.56,1.86061e-07,307.719,4985.38,4.37004e-07,348.313,6265.4,3.59828e-07,394.26,7870.83,3.98192e-07,446.268,9882.51,-1.92908e-07,505.135,12400.3,-2.20392e-07,571.766,15546.9,1.51705e-07,647.184,19472.2,5.74996e-07,732.547,24357.4,5.39112e-07,829.167,30420,5.07815e-09,938.526,37916.3,-4.11492e-07,1062.3,47143.9,-3.9561e-07,1202.4,58439.2,3.86185e-08,1360.96,72169.3,5.94093e-07,1540.42,88715.8,7.47693e-07,1743.53,108445,1.78537e-07,1973.41,131665,-4.12549e-07,2233.57,158557,-5.37164e-07,2528,189103,-1.17615e-07,2861.2,222986,5.66769e-07,3238.27,259510,9.45053e-07,3664.97,297540,4.25093e-07,4147.81,335497,-3.58506e-07,4694.17,371444,-6.7724e-07,5312.37,403256,1.67192e-07,1.61744,3.89446,9.84394,3.28846,7.5504,12.774,5.07607,11.7187,13.6844,7.03202,16.8147,13.9681,9.20215,23.1769,14.0566,11.6301,31.1672,14.0841,14.3598,41.2186,14.0927,17.4376,53.8688,14.0954,20.9137,69.7915,14.0962,24.8432,89.8341,14.0965,29.2879,115.063,14.0966,34.3168,146.819,14.0966,40.0078,186.792,14.0966,46.4487,237.107,14.0966,53.7388,300.44,14.0966,61.9903,380.158,14.0966,71.3301,480.499,14.0966,81.902,606.796,14.0966,93.8685,765.761,14.0966,107.414,965.837,14.0966,122.746,1217.65,14.0966,140.101,1534.57,14.0966,159.745,1933.41,14.0966,181.981,2435.3,14.0966,207.15,3066.85,14.0966,235.64,3861.46,14.0966,267.889,4861.11,14.0966,304.391,6118.54,14.0966,345.709,7699.91,14.0966,392.478,9688.22,14.0966,445.417,12187.5,14.0966,505.339,15327.7,14.0966,573.165,19271.6,14.0966,649.938,24222,14.0966,736.839,30430.9,14.0966,835.202,38211.5,14.0966,946.539,47950.3,14.0966,1072.56,60122.8,14.0966,1215.21,75309.9,14.0966,1376.66,94216.2,14.0966,1559.41,117688,14.0966,1766.26,146729,14.0966,2000.39,182510,14.0966,2265.39,226372,14.0966,2565.33,279806,14.0966,2904.81,344416,14.0966,3289.05,421845,14.0966,3723.93,513667,14.0966,4216.13,621231,14.0966,4773.18,745478,14.0966,5403.64,886744,14.0966,6117.15,1.04457e+06,14.0966,6924.63,1.2176e+06,14.0966,11.7194,11.96,12.6541,13.9321,16.1295,13.6434,16.6097,21.9702,13.9553,19.7532,29.5285,14.0526,23.3844,39.1143,14.0829,27.5423,51.2054,14.0923,32.2796,66.434,14.0953,37.662,85.6061,14.0962,43.7675,109.74,14.0965,50.687,140.119,14.0966,58.5249,178.359,14.0966,67.4005,226.493,14.0966,77.4493,287.08,14.0966,88.8254,363.343,14.0966,101.703,459.336,14.0966,116.281,580.161,14.0966,132.782,732.241,14.0966,151.46,923.655,14.0966,172.603,1164.57,14.0966,196.535,1467.79,14.0966,223.625,1849.39,14.0966,254.288,2329.62,14.0966,288.997,2933.93,14.0966,328.285,3694.33,14.0966,372.755,4651.04,14.0966,423.092,5854.57,14.0966,480.07,7368.38,14.0966,544.564,9272.08,14.0966,617.566,11665.5,14.0966,700.197,14673.6,14.0966,793.729,18452.9,14.0966,899.599,23198.6,14.0966,1019.43,29154.1,14.0966,1155.07,36622.3,14.0966,1308.6,45977.9,14.0966,1482.39,57683.7,14.0966,1679.09,72307.8,14.0966,1901.73,90542.8,14.0966,2153.73,113226,14.0966,2438.97,141360,14.0966,2761.81,176127,14.0966,3127.22,218898,14.0966,3540.81,271226,14.0966,4008.92,334817,14.0966,4538.74,411470,14.0966,5138.38,502973,14.0966,5817.04,610948,14.0966,6585.12,736653,14.0966,7454.39,880741,14.0966,8438.15,1.04302e+06,14.0966,9551.45,1.22224e+06,14.0966,10811.3,1.41602e+06,14.0966,12237,1.62086e+06,14.0966,11.7194,11.96,12.6541,2.21263,4.16949,0.989383,2.67766,5.84076,0.311842,3.14343,7.55825,0.0972771,3.63127,9.58578,0.0303237,4.15787,12.0912,0.00945211,4.73731,15.2286,0.00294633,5.38238,19.1721,0.000918508,6.10553,24.134,0.000286163,6.91951,30.3791,8.92692e-05,7.83792,38.2397,2.78121e-05,8.87555,48.1338,8.65134e-06,10.0489,60.5876,2.7882e-06,11.3761,76.2629,8.29036e-07,12.8779,95.9927,2.4373e-07,14.5775,120.825,4.33068e-09,16.5012,152.08,1.75749e-07,18.6784,191.415,-1.86328e-07,21.1428,240.917,1.91829e-07,23.9322,303.213,-1.81475e-07,27.0895,381.602,7.0186e-08,30.6634,480.231,-2.86769e-08,34.7087,604.316,2.40784e-07,39.2876,760.401,9.87368e-08,44.4705,956.705,1.22263e-07,50.3371,1203.54,-4.31966e-07,56.9776,1513.81,-1.9705e-07,64.494,1903.69,-2.763e-08,73.0018,2393.4,3.9185e-07,82.6317,3008.13,1.35379e-07,93.5318,3779.25,-4.16351e-08,105.869,4745.7,2.06965e-08,119.834,5955.6,-3.18887e-07,135.641,7468.12,-1.48271e-08,153.531,9355.62,2.00739e-07,173.781,11705.8,2.28358e-07,196.701,14624.1,-1.93587e-08,222.642,18235,-2.88101e-07,252.003,22683.4,-2.24732e-07,285.234,28134,8.56806e-09,322.845,34767,2.34258e-07,365.413,42770.9,2.99668e-07,413.588,52327.9,8.28644e-08,468.111,63591.2,-3.07049e-07,529.814,76653.2,-3.1888e-07,599.642,91502.5,-6.72276e-08,678.662,107975,2.26339e-07,768.083,125705,3.69212e-07,869.267,144088,2.04077e-07,983.76,162277,-2.80509e-07,1113.3,179223,-4.22737e-07,1259.87,193777,-1.71951e-07,1425.68,204839,4.55555e-07,11.7194,11.96,12.6541,2.21263,4.16949,0.989383,2.67766,5.84076,0.311842,3.14343,7.55825,0.0972771,3.63127,9.58578,0.0303237,4.15787,12.0912,0.00945211,4.73731,15.2286,0.00294633,5.38238,19.1721,0.000918508,6.10553,24.134,0.000286163,6.91951,30.3791,8.92692e-05,7.83792,38.2397,2.78121e-05,8.87555,48.1338,8.65134e-06,10.0489,60.5876,2.7882e-06,11.3761,76.2629,8.29036e-07,12.8779,95.9927,2.4373e-07,14.5775,120.825,1e-08,16.5012,152.08,1.75749e-07,18.6784,191.415,1e-08,21.1428,240.917,1.91829e-07,23.9322,303.213,1e-08,27.0895,381.602,7.0186e-08,30.6634,480.231,1e-08,34.7087,604.316,2.40784e-07,39.2876,760.401,9.87368e-08,44.4705,956.705,1.22263e-07,50.3371,1203.54,1e-08,56.9776,1513.81,1e-08,64.494,1903.69,1e-08,73.0018,2393.4,3.9185e-07,82.6317,3008.13,1.35379e-07,93.5318,3779.25,1e-08,105.869,4745.7,2.06965e-08,119.834,5955.6,1e-08,135.641,7468.12,1e-08,153.531,9355.62,2.00739e-07,173.781,11705.8,2.28358e-07,196.701,14624.1,1e-08,222.642,18235,1e-08,252.003,22683.4,1e-08,285.234,28134,1e-08,322.845,34767,2.34258e-07,365.413,42770.9,2.99668e-07,413.588,52327.9,8.28644e-08,468.111,63591.2,1e-08,529.814,76653.2,1e-08,599.642,91502.5,1e-08,678.662,107975,2.26339e-07,768.083,125705,3.69212e-07,869.267,144088,2.04077e-07,983.76,162277,1e-08,1113.3,179223,1e-08,1259.87,193777,1e-08,1425.68,204839,4.55555e-07,6.2823,3.27286,2.43537,0.219672,6.18826,2.24117,0.56371,6.87772,2.63624,0.308279,4,10,17,1,7,2,1,7,0,2,5,0,0,15,0,4,6,0,5,11,0,6,26,0,5,30,0,5,29,0,19,30,0,6,41,0,11,44,0,8,87,0,6,135,0,7,165,0,26,151,0,17,170,0,21,232,0,9,312,0,32,293,0,22,368,0,53,581,0,60,516,0,27,1796,0,42,747,0,65,2641,0,66,5288,0,172,4751,0,87,2171,0,97,1321,0,59,6717,0,134,4746,0,153,6435,0,148,15855,0,158,9248,0,306,9009,0,185,9788,0,155,24284,0,158,10987,0,433,26321,0,479,30692,0,710,68697,0,464,70001,0,589,151048,0,631,84940,0,554,116907,0,983,122209,0,774,239987,0,1126,161746,0,1353,264106,0,1011,136182,0,952,144519,0
-1.05176e+08,1.3692e-11,8.88811e-15,10,1023,0,1.05176e+08,0.528882,1.08665,0.389689,0.145397,0.379329,3.24381,0.161596,0.446195,1.77396,0.159177,1.15e+07,4.49998e+06,6.79999e+06,1.15e+07,4.49997e+06,6.79999e+06,1.15e+07,4.49996e+06,6.79999e+06,1.15e+07,4.49995e+06,6.79999e+06,1.14999e+07,4.49993e+06,6.79999e+06,1.14999e+07,4.49991e+06,6.79999e+06,1.14999e+07,4.49989e+06,6.79999e+06,1.14999e+07,4.49986e+06,6.79999e+06,1.14999e+07,4.49982e+06,6.79999e+06,1.14999e+07,4.49977e+06,6.79999e+06,1.14999e+07,4.49971e+06,6.79999e+06,1.14999e+07,4.49963e+06,6.79999e+06,1.14998e+07,4.49953e+06,6.79999e+06,1.14998e+07,4.49941e+06,6.79999e+06,1.14998e+07,4.49926e+06,6.79999e+06,1.14998e+07,4.49906e+06,6.79999e+06,1.14997e+07,4.49882e+06,6.79999e+06,1.14997e+07,4.49851e+06,6.79999e+06,1.14997e+07,4.49812e+06,6.79999e+06,1.14996e+07,4.49764e+06,6.79999e+06,1.14996e+07,4.49702e+06,6.79999e+06,1.14995e+07,4.49625e+06,6.79999e+06,1.14995e+07,4.49528e+06,6.79999e+06,1.14994e+07,4.49406e+06,6.79999e+06,1.14993e+07,4.49253e+06,6.79999e+06,1.14992e+07,4.49059e+06,6.79999e+06,1.14991e+07,4.48817e+06,6.79999e+06,1.1499e+07,4.48511e+06,6.79999e+06,1.14988e+07,4.48128e+06,6.79999e+06,1.14987e+07,4.47646e+06,6.79999e+06,1.14985e+07,4.47041e+06,6.79999e+06,1.14983e+07,4.46281e+06,6.79999e+06,1.14981e+07,4.4533e+06,6.79999e+06,1.14979e+07,4.44138e+06,6.79999e+06,1.14976e+07,4.42649e+06,6.79999e+06,1.14972e+07,4.40789e+06,6.79999e+06,1.14969e+07,4.38471e+06,6.79999e+06,1.14965e+07,4.35592e+06,6.79999e+06,1.1496e+07,4.32027e+06,6.79999e+06,1.14955e+07,4.27629e+06,6.79999e+06,1.14949e+07,4.22231e+06,6.79999e+06,1.14942e+07,4.15647e+06,6.79999e+06,1.14934e+07,4.07676e+06,6.79999e+06,1.14926e+07,3.98112e+06,6.79999e+06,1.14916e+07,3.86765e+06,6.79999e+06,1.14905e+07,3.73474e+06,6.79999e+06,1.14892e+07,3.58148e+06,6.79999e+06,1.14878e+07,3.40785e+06,6.79999e+06,1.14862e+07,3.21513e+06,6.79999e+06,1.14844e+07,3.00605e+06,6.79999e+06,1.14823e+07,2.7848e+06,6.79999e+06,1.148e+07,2.5568e+06,6.79999e+06,1.14773e+07,2.32825e+06,6.79999e+06,13.5742,8.52444,0.508366,16.8306,13.2585,0.162638,20.0035,17.569,0.0507846,23.2616,22.4214,0.0158319,26.7328,28.3297,0.00493498,30.5212,35.6974,0.00153831,34.7178,44.9473,0.000479527,39.4086,56.5822,0.000149456,44.6796,71.2245,4.66214e-05,50.6209,89.6543,1.45419e-05,57.3297,112.852,4.54748e-06,64.9129,142.051,1.43857e-06,73.4897,178.803,4.36618e-07,83.1934,225.062,1.40153e-07,94.1745,283.286,4.96378e-08,106.602,356.568,1.05434e-07,120.669,448.799,-6.49244e-08,136.59,564.873,1.70148e-07,154.611,710.948,-5.34594e-08,175.008,894.767,1.63407e-07,198.097,1126.06,8.04804e-08,224.231,1417.07,1.14667e-07,253.813,1783.15,-1.71227e-07,287.297,2243.62,-2.88466e-07,325.198,2822.67,-4.33651e-07,368.098,3550.67,7.9318e-08,416.657,4465.65,3.13319e-07,471.621,5615.16,3.4613e-07,533.835,7058.61,-1.19199e-07,604.255,8870.02,-2.79964e-07,683.962,11141.4,-2.30521e-07,774.182,13986.7,-2.55099e-07,876.299,17546.4,1.23585e-07,991.883,21993.1,1.41192e-07,1122.71,27536.7,-9.71886e-08,1270.78,34430.7,-3.68368e-07,1438.38,42977.7,-3.45379e-07,1628.07,53532.7,-3.25328e-09,1842.77,66504.6,2.6362e-07,2085.77,82350.2,2.53445e-07,2360.79,101560,-2.47407e-08,2672.05,124632,-3.80602e-07,3024.31,152018,-4.79005e-07,3422.98,184060,-1.14379e-07,3874.15,220884,2.64297e-07,4384.72,262283,3.44131e-07,4962.49,307576,7.5349e-08,5616.29,355497,-3.63097e-07,6356.1,404126,-6.05442e-07,7193.18,450932,-2.72333e-07,8140.28,492963,2.29675e-07,9211.79,527178,4.3387e-07,10424,550893,-1.0711e-07,10.102,8.06553,2.81012,10.6436,8.57909,0.869423,11.5336,10.2515,0.270869,12.7211,12.7138,0.0844293,14.1823,15.9373,0.0263173,15.9122,20.0383,0.0082035,17.9198,25.2154,0.00255722,20.2244,31.7373,0.000797017,22.8539,39.9486,0.000248622,25.8438,50.2851,7.75492e-05,29.237,63.2963,2.42508e-05,33.0837,79.6738,7.67162e-06,37.4415,100.288,2.32837e-06,42.3767,126.236,7.33e-07,47.9646,158.896,2.79256e-07,54.2906,200.003,9.87351e-09,61.452,251.741,1.61085e-07,69.5585,316.859,-2.47141e-07,78.7347,398.812,8.93552e-08,89.1218,501.948,-2.53231e-07,100.879,631.736,-1.25047e-07,114.188,795.049,-1.78808e-07,129.252,1000.53,2.6733e-07,146.304,1259.03,4.50292e-07,165.605,1584.19,6.76904e-07,187.452,1993.12,-1.23808e-07,212.181,2507.27,-4.89068e-07,240.173,3153.54,-5.40284e-07,271.856,3965.56,1.86061e-07,307.719,4985.38,4.37004e-07,348.313,6265.4,3.59828e-07,394.26,7870.83,3.98192e-07,446.268,9882.51,-1.92908e-07,505.135,12400.3,-2.20392e-07,571.766,15546.9,1.51705e-07,647.184,19472.2,5.74996e-07,732.547,24357.4,5.39112e-07,829.167,30420,5.07815e-09,938.526,37916.3,-4.11492e-07,1062.3,47143.9,-3.9561e-07,1202.4,58439.2,3.86185e-08,1360.96,72169.3,5.94093e-07,1540.42,88715.8,7.47693e-07,1743.53,108445,1.78537e-07,1973.41,131665,-4.12549e-07,2233.57,158557,-5.37164e-07,2528,189103,-1.17615e-07,2861.2,222986,5.66769e-07,3238.27,259510,9.45053e-07,3664.97,297540,4.25093e-07,4147.81,335497,-3.58506e-07,4694.17,371444,-6.7724e-07,5312.37,403256,1.67192e-07,1.61744,3.89446,9.84394,3.28846,7.5504,12.774,5.07607,11.7187,13.6844,7.03202,16.8147,13.9681,9.20215,23.1769,14.0566,11.6301,31.1672,14.0841,14.3598,41.2186,14.0927,17.4376,53.8688,14.0954,20.9137,69.7915,14.0962,24.8432,89.8341,14.0965,29.2879,115.063,14.0966,34.3168,146.819,14.0966,40.0078,186.792,14.0966,46.4487,237.107,14.0966,53.7388,300.44,14.0966,61.9903,380.158,14.0966,71.3301,480.499,14.0966,81.902,606.796,14.0966,93.8685,765.761,14.0966,107.414,965.837,14.0966,122.746,1217.65,14.0966,140.101,1534.57,14.0966,159.745,1933.41,14.0966,181.981,2435.3,14.0966,207.15,3066.85,14.0966,235.64,3861.46,14.0966,267.889,4861.11,14.0966,304.391,6118.54,14.0966,345.709,7699.91,14.0966,392.478,9688.22,14.0966,445.417,12187.5,14.0966,505.339,15327.7,14.0966,573.165,19271.6,14.0966,649.938,24222,14.0966,736.839,30430.9,14.0966,835.202,38211.5,14.0966,946.539,47950.3,14.0966,1072.56,60122.8,14.0966,1215.21,75309.9,14.0966,1376.66,94216.2,14.0966,1559.41,117688,14.0966,1766.26,146729,14.0966,2000.39,182510,14.0966,2265.39,226372,14.0966,2565.33,279806,14.0966,2904.81,344416,14.0966,3289.05,421845,14.0966,3723.93,513667,14.0966,4216.13,621231,14.0966,4773.18,745478,14.0966,5403.64,886744,14.0966,6117.15,1.04457e+06,14.0966,6924.63,1.2176e+06,14.0966,11.7194,11.96,12.6541,13.9321,16.1295,13.6434,16.6097,21.9702,13.9553,19.7532,29.5285,14.0526,23.3844,39.1143,14.0829,27.5423,51.2054,14.0923,32.2796,66.434,14.0953,37.662,85.6061,14.0962,43.7675,109.74,14.0965,50.687,140.119,14.0966,58.5249,178.359,14.0966,67.4005,226.493,14.0966,77.4493,287.08,14.0966,88.8254,363.343,14.0966,101.703,459.336,14.0966,116.281,580.161,14.0966,132.782,732.241,14.0966,151.46,923.655,14.0966,172.603,1164.57,14.0966,196.535,1467.79,14.0966,223.625,1849.39,14.0966,254.288,2329.62,14.0966,288.997,2933.93,14.0966,328.285,3694.33,14.0966,372.755,4651.04,14.0966,423.092,5854.57,14.0966,480.07,7368.38,14.0966,544.564,9272.08,14.0966,617.566,11665.5,14.0966,700.197,14673.6,14.0966,793.729,18452.9,14.0966,899.599,23198.6,14.0966,1019.43,29154.1,14.0966,1155.07,36622.3,14.0966,1308.6,45977.9,14.0966,1482.39,57683.7,14.0966,1679.09,72307.8,14.0966,1901.73,90542.8,14.0966,2153.73,113226,14.0966,2438.97,141360,14.0966,2761.81,176127,14.0966,3127.22,218898,14.0966,3540.81,271226,14.0966,4008.92,334817,14.0966,4538.74,411470,14.0966,5138.38,502973,14.0966,5817.04,610948,14.0966,6585.12,736653,14.0966,7454.39,880741,14.0966,8438.15,1.04302e+06,14.0966,9551.45,1.22224e+06,14.0966,10811.3,1.41602e+06,14.0966,12237,1.62086e+06,14.0966,11.7194,11.96,12.6541,2.21263,4.16949,0.989383,2.67766,5.84076,0.311842,3.14343,7.55825,0.0972771,3.63127,9.58578,0.0303237,4.15787,12.0912,0.00945211,4.73731,15.2286,0.00294633,5.38238,19.1721,0.000918508,6.10553,24.134,0.000286163,6.91951,30.3791,8.92692e-05,7.83792,38.2397,2.78121e-05,8.87555,48.1338,8.65134e-06,10.0489,60.5876,2.7882e-06,11.3761,76.2629,8.29036e-07,12.8779,95.9927,2.4373e-07,14.5775,120.825,4.33068e-09,16.5012,152.08,1.75749e-07,18.6784,191.415,-1.86328e-07,21.1428,240.917,1.91829e-07,23.9322,303.213,-1.81475e-07,27.0895,381.602,7.0186e-08,30.6634,480.231,-2.86769e-08,34.7087,604.316,2.40784e-07,39.2876,760.401,9.87368e-08,44.4705,956.705,1.22263e-07,50.3371,1203.54,-4.31966e-07,56.9776,1513.81,-1.9705e-07,64.494,1903.69,-2.763e-08,73.0018,2393.4,3.9185e-07,82.6317,3008.13,1.35379e-07,93.5318,3779.25,-4.16351e-08,105.869,4745.7,2.06965e-08,119.834,5955.6,-3.18887e-07,135.641,7468.12,-1.48271e-08,153.531,9355.62,2.00739e-07,173.781,11705.8,2.28358e-07,196.701,14624.1,-1.93587e-08,222.642,18235,-2.88101e-07,252.003,22683.4,-2.24732e-07,285.234,28134,8.56806e-09,322.845,34767,2.34258e-07,365.413,42770.9,2.99668e-07,413.588,52327.9,8.28644e-08,468.111,63591.2,-3.07049e-07,529.814,76653.2,-3.1888e-07,599.642,91502.5,-6.72276e-08,678.662,107975,2.26339e-07,768.083,125705,3.69212e-07,869.267,144088,2.04077e-07,983.76,162277,-2.80509e-07,1113.3,179223,-4.22737e-07,1259.87,193777,-1.71951e-07,1425.68,204839,4.55555e-07,11.7194,11.96,12.6541,2.21263,4.16949,0.989383,2.67766,5.84076,0.311842,3.14343,7.55825,0.0972771,3.63127,9.58578,0.0303237,4.15787,12.0912,0.00945211,4.73731,15.2286,0.00294633,5.38238,19.1721,0.000918508,6.10553,24.134,0.000286163,6.91951,30.3791,8.92692e-05,7.83792,38.2397,2.78121e-05,8.87555,48.1338,8.65134e-06,10.0489,60.5876,2.7882e-06,11.3761,76.2629,8.29036e-07,12.8779,95.9927,2.4373e-07,14.5775,120.825,1e-08,16.5012,152.08,1.75749e-07,18.6784,191.415,1e-08,21.1428,240.917,1.91829e-07,23.9322,303.213,1e-08,27.0895,381.602,7.0186e-08,30.6634,480.231,1e-08,34.7087,604.316,2.40784e-07,39.2876,760.401,9.87368e-08,44.4705,956.705,1.22263e-07,50.3371,1203.54,1e-08,56.9776,1513.81,1e-08,64.494,1903.69,1e-08,73.0018,2393.4,3.9185e-07,82.6317,3008.13,1.35379e-07,93.5318,3779.25,1e-08,105.869,4745.7,2.06965e-08,119.834,5955.6,1e-08,135.641,7468.12,1e-08,153.531,9355.62,2.00739e-07,173.781,11705.8,2.28358e-07,196.701,14624.1,1e-08,222.642,18235,1e-08,252.003,22683.4,1e-08,285.234,28134,1e-08,322.845,34767,2.34258e-07,365.413,42770.9,2.99668e-07,413.588,52327.9,8.28644e-08,468.111,63591.2,1e-08,529.814,76653.2,1e-08,599.642,91502.5,1e-08,678.662,107975,2.26339e-07,768.083,125705,3.69212e-07,869.267,144088,2.04077e-07,983.76,162277,1e-08,1113.3,179223,1e-08,1259.87,193777,1e-08,1425.68,204839,4.55555e-07,6.2823,3.27286,2.43537,0.219672,6.18826,2.24117,0.56371,6.87772,2.63624,0.308279,12,6,13,0,4,0,7,1,0,5,2,0,3,4,0,3,15,0,6,12,0,5,8,0,8,25,0,4,13,0,6,25,0,0,40,0,19,52,0,6,52,0,18,157,0,12,170,0,21,103,0,11,76,0,11,294,0,20,388,0,20,406,0,20,474,0,48,757,0,76,419,0,23,713,0,61,1157,0,50,1060,0,65,2290,0,75,3475,0,53,3243,0,178,2549,0,91,1035,0,102,5915,0,130,4715,0,298,11097,0,208,8134,0,404,20193,0,296,15796,0,213,21627,0,210,30983,0,462,35525,0,366,45211,0,511,80842,0,586,53761,0,217,111418,0,503,86880,0,397,142581,0,863,111662,0,1067,103637,0,654,133722,0,1778,161409,0,1061,163377,0,735,184468,0
-1.05176e+08,1,8.88811e-15,10,1023,0,1.05176e+08,0.528882,1.08665,0.389689,0.145397,0.379329,3.24381,0.161596,0.446195,1.77396,0.159177,1.15e+07,4.49998e+06,6.79999e+06,1.15e+07,4.49997e+06,6.79999e+06,1.15e+07,4.49996e+06,6.79999e+06,1.15e+07,4.49995e+06,6.79999e+06,1.14999e+07,4.49993e+06,6.79999e+06,1.14999e+07,4.49991e+06,6.79999e+06,1.14999e+07,4.49989e+06,6.79999e+06,1.14999e+07,4.49986e+06,6.79999e+06,1.14999e+07,4.49982e+06,6.79999e+06,1.14999e+07,4.49977e+06,6.79999e+06,1.14999e+07,4.49971e+06,6.79999e+06,1.14999e+07,4.49963e+06,6.79999e+06,1.14998e+07,4.49953e+06,6.79999e+06,1.14998e+07,4.49941e+06,6.79999e+06,1.14998e+07,4.49926e+06,6.79999e+06,1.14998e+07,4.49906e+06,6.79999e+06,1.14997e+07,4.49882e+06,6.79999e+06,1.14997e+07,4.49851e+06,6.79999e+06,1.14997e+07,4.49812e+06,6.79999e+06,1.14996e+07,4.49764e+06,6.79999e+06,1.14996e+07,4.49702e+06,6.79999e+06,1.14995e+07,4.49625e+06,6.79999e+06,1.14995e+07,4.49528e+06,6.79999e+06,1.14994e+07,4.49406e+06,6.79999e+06,1.14993e+07,4.49253e+06,6.79999e+06,1.14992e+07,4.49059e+06,6.79999e+06,1.14991e+07,4.48817e+06,6.79999e+06,1.1499e+07,4.48511e+06,6.79999e+06,1.14988e+07,4.48128e+06,6.79999e+06,1.14987e+07,4.47646e+06,6.79999e+06,1.14985e+07,4.47041e+06,6.79999e+06,1.14983e+07,4.46281e+06,6.79999e+06,1.14981e+07,4.4533e+06,6.79999e+06,1.14979e+07,4.44138e+06,6.79999e+06,1.14976e+07,4.42649e+06,6.79999e+06,1.14972e+07,4.40789e+06,6.79999e+06,1.14969e+07,4.38471e+06,6.79999e+06,1.14965e+07,4.35592e+06,6.79999e+06,1.1496e+07,4.32027e+06,6.79999e+06,1.14955e+07,4.27629e+06,6.79999e+06,1.14949e+07,4.22231e+06,6.79999e+06,1.14942e+07,4.15647e+06,6.79999e+06,1.14934e+07,4.07676e+06,6.79999e+06,1.14926e+07,3.98112e+06,6.79999e+06,1.14916e+07,3.86765e+06,6.79999e+06,1.14905e+07,3.73474e+06,6.79999e+06,1.14892e+07,3.58148e+06,6.79999e+06,1.14878e+07,3.40785e+06,6.79999e+06,1.14862e+07,3.21513e+06,6.79999e+06,1.14844e+07,3.00605e+06,6.79999e+06,1.14823e+07,2.7848e+06,6.79999e+06,1.148e+07,2.5568e+06,6.79999e+06,1.14773e+07,2.32825e+06,6.79999e+06,13.5742,8.52444,0.508366,16.8306,13.2585,0.162638,20.0035,17.569,0.0507846,23.2616,22.4214,0.0158319,26.7328,28.3297,0.00493498,30.5212,35.6974,0.00153831,34.7178,44.9473,0.000479527,39.4086,56.5822,0.000149456,44.6796,71.2245,4.66214e-05,50.6209,89.6543,1.45419e-05,57.3297,112.852,4.54748e-06,64.9129,142.051,1.43857e-06,73.4897,178.803,4.36618e-07,83.1934,225.062,1.40153e-07,94.1745,283.286,4.96378e-08,106.602,356.568,1.05434e-07,120.669,448.799,-6.49244e-08,136.59,564.873,1.70148e-07,154.611,710.948,-5.34594e-08,175.008,894.767,1.63407e-07,198.097,1126.06,8.04804e-08,224.231,1417.07,1.14667e-07,253.813,1783.15,-1.71227e-07,287.297,2243.62,-2.88466e-07,325.198,2822.67,-4.33651e-07,368.098,3550.67,7.9318e-08,416.657,4465.65,3.13319e-07,471.621,5615.16,3.4613e-07,533.835,7058.61,-1.19199e-07,604.255,8870.02,-2.79964e-07,683.962,11141.4,-2.30521e-07,774.182,13986.7,-2.55099e-07,876.299,17546.4,1.23585e-07,991.883,21993.1,1.41192e-07,1122.71,27536.7,-9.71886e-08,1270.78,34430.7,-3.68368e-07,1438.38,42977.7,-3.45379e-07,1628.07,53532.7,-3.25328e-09,1842.77,66504.6,2.6362e-07,2085.77,82350.2,2.53445e-07,2360.79,101560,-2.47407e-08,2672.05,124632,-3.80602e-07,3024.31,152018,-4.79005e-07,3422.98,184060,-1.14379e-07,3874.15,220884,2.64297e-07,4384.72,262283,3.44131e-07,4962.49,307576,7.5349e-08,5616.29,355497,-3.63097e-07,6356.1,404126,-6.05442e-07,7193.18,450932,-2.72333e-07,8140.28,492963,2.29675e-07,9211.79,527178,4.3387e-07,10424,550893,-1.0711e-07,10.102,8.06553,2.81012,10.6436,8.57909,0.869423,11.5336,10.2515,0.270869,12.7211,12.7138,0.0844293,14.1823,15.9373,0.0263173,15.9122,20.0383,0.0082035,17.9198,25.2154,0.00255722,20.2244,31.7373,0.000797017,22.8539,39.9486,0.000248622,25.8438,50.2851,7.75492e-05,29.237,63.2963,2.42508e-05,33.0837,79.6738,7.67162e-06,37.4415,100.288,2.32837e-06,42.3767,126.236,7.33e-07,47.9646,158.896,2.79256e-07,54.2906,200.003,9.87351e-09,61.452,251.741,1.61085e-07,69.5585,316.859,-2.47141e-07,78.7347,398.812,8.93552e-08,89.1218,501.948,-2.53231e-07,100.879,631.736,-1.25047e-07,114.188,795.049,-1.78808e-07,129.252,1000.53,2.6733e-07,146.304,1259.03,4.50292e-07,165.605,1584.19,6.76904e-07,187.452,1993.12,-1.23808e-07,212.181,2507.27,-4.89068e-07,240.173,3153.54,-5.40284e-07,271.856,3965.56,1.86061e-07,307.719,4985.38,4.37004e-07,348.313,6265.4,3.59828e-07,394.26,7870.83,3.98192e-07,446.268,9882.51,-1.92908e-07,505.135,12400.3,-2.20392e-07,571.766,15546.9,1.51705e-07,647.184,19472.2,5.74996e-07,732.547,24357.4,5.39112e-07,829.167,30420,5.07815e-09,938.526,37916.3,-4.11492e-07,1062.3,47143.9,-3.9561e-07,1202.4,58439.2,3.86185e-08,1360.96,72169.3,5.94093e-07,1540.42,88715.8,7.47693e-07,1743.53,108445,1.78537e-07,1973.41,131665,-4.12549e-07,2233.57,158557,-5.37164e-07,2528,189103,-1.17615e-07,2861.2,222986,5.66769e-07,3238.27,259510,9.45053e-07,3664.97,297540,4.25093e-07,4147.81,335497,-3.58506e-07,4694.17,371444,-6.7724e-07,5312.37,403256,1.67192e-07,1.61744,3.89446,9.84394,3.28846,7.5504,12.774,5.07607,11.7187,13.6844,7.03202,16.8147,13.9681,9.20215,23.1769,14.0566,11.6301,31.1672,14.0841,14.3598,41.2186,14.0927,17.4376,53.8688,14.0954,20.9137,69.7915,14.0962,24.8432,89.8341,14.0965,29.2879,115.063,14.0966,34.3168,146.819,14.0966,40.0078,186.792,14.0966,46.4487,237.107,14.0966,53.7388,300.44,14.0966,61.9903,380.158,14.0966,71.3301,480.499,14.0966,81.902,606.796,14.0966,93.8685,765.761,14.0966,107.414,965.837,14.0966,122.746,1217.65,14.0966,140.101,1534.57,14.0966,159.745,1933.41,14.0966,181.981,2435.3,14.0966,207.15,3066.85,14.0966,235.64,3861.46,14.0966,267.889,4861.11,14.0966,304.391,6118.54,14.0966,345.709,7699.91,14.0966,392.478,9688.22,14.0966,445.417,12187.5,14.0966,505.339,15327.7,14.0966,573.165,19271.6,14.0966,649.938,24222,14.0966,736.839,30430.9,14.0966,835.202,38211.5,14.0966,946.539,47950.3,14.0966,1072.56,60122.8,14.0966,1215.21,75309.9,14.0966,1376.66,94216.2,14.0966,1559.41,117688,14.0966,1766.26,146729,14.0966,2000.39,182510,14.0966,2265.39,226372,14.0966,2565.33,279806,14.0966,2904.81,344416,14.0966,3289.05,421845,14.0966,3723.93,513667,14.0966,4216.13,621231,14.0966,4773.18,745478,14.0966,5403.64,886744,14.0966,6117.15,1.04457e+06,14.0966,6924.63,1.2176e+06,14.0966,11.7194,11.96,12.6541,13.9321,16.1295,13.6434,16.6097,21.9702,13.9553,19.7532,29.5285,14.0526,23.3844,39.1143,14.0829,27.5423,51.2054,14.0923,32.2796,66.434,14.0953,37.662,85.6061,14.0962,43.7675,109.74,14.0965,50.687,140.119,14.0966,58.5249,178.359,14.0966,67.4005,226.493,14.0966,77.4493,287.08,14.0966,88.8254,363.343,14.0966,101.703,459.336,14.0966,116.281,580.161,14.0966,132.782,732.241,14.0966,151.46,923.655,14.0966,172.603,1164.57,14.0966,196.535,1467.79,14.0966,223.625,1849.39,14.0966,254.288,2329.62,14.0966,288.997,2933.93,14.0966,328.285,3694.33,14.0966,372.755,4651.04,14.0966,423.092,5854.57,14.0966,480.07,7368.38,14.0966,544.564,9272.08,14.0966,617.566,11665.5,14.0966,700.197,14673.6,14.0966,793.729,18452.9,14.0966,899.599,23198.6,14.0966,1019.43,29154.1,14.0966,1155.07,36622.3,14.0966,1308.6,45977.9,14.0966,1482.39,57683.7,14.0966,1679.09,72307.8,14.0966,1901.73,90542.8,14.0966,2153.73,113226,14.0966,2438.97,141360,14.0966,2761.81,176127,14.0966,3127.22,218898,14.0966,3540.81,271226,14.0966,4008.92,334817,14.0966,4538.74,411470,14.0966,5138.38,502973,14.0966,5817.04,610948,14.0966,6585.12,736653,14.0966,7454.39,880741,14.0966,8438.15,1.04302e+06,14.0966,9551.45,1.22224e+06,14.0966,10811.3,1.41602e+06,14.0966,12237,1.62086e+06,14.0966,11.7194,11.96,12.6541,2.21263,4.16949,0.989383,2.67766,5.84076,0.311842,3.14343,7.55825,0.0972771,3.63127,9.58578,0.0303237,4.15787,12.0912,0.00945211,4.73731,15.2286,0.00294633,5.38238,19.1721,0.000918508,6.10553,24.134,0.000286163,6.91951,30.3791,8.92692e-05,7.83792,38.2397,2.78121e-05,8.87555,48.1338,8.65134e-06,10.0489,60.5876,2.7882e-06,11.3761,76.2629,8.29036e-07,12.8779,95.9927,2.4373e-07,14.5775,120.825,4.33068e-09,16.5012,152.08,1.75749e-07,18.6784,191.415,-1.86328e-07,21.1428,240.917,1.91829e-07,23.9322,303.213,-1.81475e-07,27.0895,381.602,7.0186e-08,30.6634,480.231,-2.86769e-08,34.7087,604.316,2.40784e-07,39.2876,760.401,9.87368e-08,44.4705,956.705,1.22263e-07,50.3371,1203.54,-4.31966e-07,56.9776,1513.81,-1.9705e-07,64.494,1903.69,-2.763e-08,73.0018,2393.4,3.9185e-07,82.6317,3008.13,1.35379e-07,93.5318,3779.25,-4.16351e-08,105.869,4745.7,2.06965e-08,119.834,5955.6,-3.18887e-07,135.641,7468.12,-1.48271e-08,153.531,9355.62,2.00739e-07,173.781,11705.8,2.28358e-07,196.701,14624.1,-1.93587e-08,222.642,18235,-2.88101e-07,252.003,22683.4,-2.24732e-07,285.234,28134,8.56806e-09,322.845,34767,2.34258e-07,365.413,42770.9,2.99668e-07,413.588,52327.9,8.28644e-08,468.111,63591.2,-3.07049e-07,529.814,76653.2,-3.1888e-07,599.642,91502.5,-6.72276e-08,678.662,107975,2.26339e-07,768.083,125705,3.69212e-07,869.267,144088,2.04077e-07,983.76,162277,-2.80509e-07,1113.3,179223,-4.22737e-07,1259.87,193777,-1.71951e-07,1425.68,204839,4.55555e-07,11.7194,11.96,12.6541,2.21263,4.16949,0.989383,2.67766,5.84076,0.311842,3.14343,7.55825,0.0972771,3.63127,9.58578,0.0303237,4.15787,12.0912,0.00945211,4.73731,15.2286,0.00294633,5.38238,19.1721,0.000918508,6.10553,24.134,0.000286163,6.91951,30.3791,8.92692e-05,7.83792,38.2397,2.78121e-05,8.87555,48.1338,8.65134e-06,10.0489,60.5876,2.7882e-06,11.3761,76.2629,8.29036e-07,12.8779,95.9927,2.4373e-07,14.5775,120.825,1e-08,16.5012,152.08,1.75749e-07,18.6784,191.415,1e-08,21.1428,240.917,1.91829e-07,23.9322,303.213,1e-08,27.0895,381.602,7.0186e-08,30.6634,480.231,1e-08,34.7087,604.316,2.40784e-07,39.2876,760.401,9.87368e-08,44.4705,956.705,1.22263e-07,50.3371,1203.54,1e-08,56.9776,1513.81,1e-08,64.494,1903.69,1e-08,73.0018,2393.4,3.9185e-07,82.6317,3008.13,1.35379e-07,93.5318,3779.25,1e-08,105.869,4745.7,2.06965e-08,119.834,5955.6,1e-08,135.641,7468.12,1e-08,153.531,9355.62,2.00739e-07,173.781,11705.8,2.28358e-07,196.701,14624.1,1e-08,222.642,18235,1e-08,252.003,22683.4,1e-08,285.234,28134,1e-08,322.845,34767,2.34258e-07,365.413,42770.9,2.99668e-07,413.588,52327.9,8.28644e-08,468.111,63591.2,1e-08,529.814,76653.2,1e-08,599.642,91502.5,1e-08,678.662,107975,2.26339e-07,768.083,125705,3.69212e-07,869.267,144088,2.04077e-07,983.76,162277,1e-08,1113.3,179223,1e-08,1259.87,193777,1e-08,1425.68,204839,4.55555e-07,6.2823,3.27286,2.43537,0.219672,6.18826,2.24117,0.56371,6.87772,2.63624,0.308279,18,12,6,3,7,2,1,2,2,10,17,0,2,5,0,3,15,0,3,13,0,5,21,0,8,49,0,5,30,0,7,49,0,10,55,0,18,60,0,10,147,0,10,73,0,18,91,0,20,129,0,17,220,0,29,241,0,18,162,0,43,659,0,7,489,0,49,316,0,44,1410,0,27,944,0,27,1003,0,57,1886,0,34,755,0,115,1638,0,46,2293,0,50,2975,0,107,6171,0,271,4692,0,161,8727,0,183,7171,0,183,14398,0,218,13198,0,181,10142,0,142,27554,0,176,29998,0,221,22585,0,242,16492,0,444,65071,0,295,94368,0,324,85621,0,445,87309,0,1334,86747,0,990,156974,0,559,112220,0,741,148560,0,694,254133,0,768,553862,0,1357,172412,0
-1.05176e+08,1,8.88811e-15,10,1023,0,1.05176e+08,0.528882,1.08665,0.389689,0.145397,0.379329,3.24381,0.161596,0.446195,1.77396,0.159177,1.15e+07,4.49998e+06,6.79999e+06,1.15e+07,4.49997e+06,6.79999e+06,1.15e+07,4.49996e+06,6.79999e+06,1.15e+07,4.49995e+06,6.79999e+06,1.14999e+07,4.49993e+06,6.79999e+06,1.14999e+07,4.49991e+06,6.79999e+06,1.14999e+07,4.49989e+06,6.79999e+06,1.14999e+07,4.49986e+06,6.79999e+06,1.14999e+07,4.49982e+06,6.79999e+06,1.14999e+07,4.49977e+06,6.79999e+06,1.14999e+07,4.49971e+06,6.79999e+06,1.14999e+07,4.49963e+06,6.79999e+06,1.14998e+07,4.49953e+06,6.79999e+06,1.14998e+07,4.49941e+06,6.79999e+06,1.14998e+07,4.49926e+06,6.79999e+06,1.14998e+07,4.49906e+06,6.79999e+06,1.14997e+07,4.49882e+06,6.79999e+06,1.14997e+07,4.49851e+06,6.79999e+06,1.14997e+07,4.49812e+06,6.79999e+06,1.14996e+07,4.49764e+06,6.79999e+06,1.14996e+07,4.49702e+06,6.79999e+06,1.14995e+07,4.49625e+06,6.79999e+06,1.14995e+07,4.49528e+06,6.79999e+06,1.14994e+07,4.49406e+06,6.79999e+06,1.14993e+07,4.49253e+06,6.79999e+06,1.14992e+07,4.49059e+06,6.79999e+06,1.14991e+07,4.48817e+06,6.79999e+06,1.1499e+07,4.48511e+06,6.79999e+06,1.14988e+07,4.48128e+06,6.79999e+06,1.14987e+07,4.47646e+06,6.79999e+06,1.14985e+07,4.47041e+06,6.79999e+06,1.14983e+07,4.46281e+06,6.79999e+06,1.14981e+07,4.4533e+06,6.79999e+06,1.14979e+07,4.44138e+06,6.79999e+06,1.14976e+07,4.42649e+06,6.79999e+06,1.14972e+07,4.40789e+06,6.79999e+06,1.14969e+07,4.38471e+06,6.79999e+06,1.14965e+07,4.35592e+06,6.79999e+06,1.1496e+07,4.32027e+06,6.79999e+06,1.14955e+07,4.27629e+06,6.79999e+06,1.14949e+07,4.22231e+06,6.79999e+06,1.14942e+07,4.15647e+06,6.79999e+06,1.14934e+07,4.07676e+06,6.79999e+06,1.14926e+07,3.98112e+06,6.79999e+06,1.14916e+07,3.86765e+06,6.79999e+06,1.14905e+07,3.73474e+06,6.79999e+06,1.14892e+07,3.58148e+06,6.79999e+06,1.14878e+07,3.40785e+06,6.79999e+06,1.14862e+07,3.21513e+06,6.79999e+06,1.14844e+07,3.00605e+06,6.79999e+06,1.14823e+07,2.7848e+06,6.79999e+06,1.148e+07,2.5568e+06,6.79999e+06,1.14773e+07,2.32825e+06,6.79999e+06,13.5742,8.52444,0.508366,16.8306,13.2585,0.162638,20.0035,17.569,0.0507846,23.2616,22.4214,0.0158319,26.7328,28.3297,0.00493498,30.5212,35.6974,0.00153831,34.7178,44.9473,0.000479527,39.4086,56.5822,0.000149456,44.6796,71.2245,4.66214e-05,50.6209,89.6543,1.45419e-05,57.3297,112.852,4.54748e-06,64.9129,142.051,1.43857e-06,73.4897,178.803,4.36618e-07,83.1934,225.062,1.40153e-07,94.1745,283.286,4.96378e-08,106.602,356.568,1.05434e-07,120.669,448.799,-6.49244e-08,136.59,564.873,1.70148e-07,154.611,710.948,-5.34594e-08,175.008,894.767,1.63407e-07,198.097,1126.06,8.04804e-08,224.231,1417.07,1.14667e-07,253.813,1783.15,-1.71227e-07,287.297,2243.62,-2.88466e-07,325.198,2822.67,-4.33651e-07,368.098,3550.67,7.9318e-08,416.657,4465.65,3.13319e-07,471.621,5615.16,3.4613e-07,533.835,7058.61,-1.19199e-07,604.255,8870.02,-2.79964e-07,683.962,11141.4,-2.30521e-07,774.182,13986.7,-2.55099e-07,876.299,17546.4,1.23585e-07,991.883,21993.1,1.41192e-07,1122.71,27536.7,-9.71886e-08,1270.78,34430.7,-3.68368e-07,1438.38,42977.7,-3.45379e-07,1628.07,53532.7,-3.25328e-09,1842.77,66504.6,2.6362e-07,2085.77,82350.2,2.53445e-07,2360.79,101560,-2.47407e-08,2672.05,124632,-3.80602e-07,3024.31,152018,-4.79005e-07,3422.98,184060,-1.14379e-07,3874.15,220884,2.64297e-07,4384.72,262283,3.44131e-07,4962.49,307576,7.5349e-08,5616.29,355497,-3.63097e-07,6356.1,404126,-6.05442e-07,7193.18,450932,-2.72333e-07,8140.28,492963,2.29675e-07,9211.79,527178,4.3387e-07,10424,550893,-1.0711e-07,10.102,8.06553,2.81012,10.6436,8.57909,0.869423,11.5336,10.2515,0.270869,12.7211,12.7138,0.0844293,14.1823,15.9373,0.0263173,15.9122,20.0383,0.0082035,17.9198,25.2154,0.00255722,20.2244,31.7373,0.000797017,22.8539,39.9486,0.000248622,25.8438,50.2851,7.75492e-05,29.237,63.2963,2.42508e-05,33.0837,79.6738,7.67162e-06,37.4415,100.288,2.32837e-06,42.3767,126.236,7.33e-07,47.9646,158.896,2.79256e-07,54.2906,200.003,9.87351e-09,61.452,251.741,1.61085e-07,69.5585,316.859,-2.47141e-07,78.7347,398.812,8.93552e-08,89.1218,501.948,-2.53231e-07,100.879,631.736,-1.25047e-07,114.188,795.049,-1.78808e-07,129.252,1000.53,2.6733e-07,146.304,1259.03,4.50292e-07,165.605,1584.19,6.76904e-07,187.452,1993.12,-1.23808e-07,212.181,2507.27,-4.89068e-07,240.173,3153.54,-5.40284e-07,271.856,3965.56,1.86061e-07,307.719,4985.38,4.37004e-07,348.313,6265.4,3.59828e-07,394.26,7870.83,3.98192e-07,446.268,9882.51,-1.92908e-07,505.135,12400.3,-2.20392e-07,571.766,15546.9,1.51705e-07,647.184,19472.2,5.74996e-07,732.547,24357.4,5.39112e-07,829.167,30420,5.07815e-09,938.526,37916.3,-4.11492e-07,1062.3,47143.9,-3.9561e-07,1202.4,58439.2,3.86185e-08,1360.96,72169.3,5.94093e-07,1540.42,88715.8,7.47693e-07,1743.53,108445,1.78537e-07,1973.41,131665,-4.12549e-07,2233.57,158557,-5.37164e-07,2528,189103,-1.17615e-07,2861.2,222986,5.66769e-07,3238.27,259510,9.45053e-07,3664.97,297540,4.25093e-07,4147.81,335497,-3.58506e-07,4694.17,371444,-6.7724e-07,5312.37,403256,1.67192e-07,1.61744,3.89446,9.84394,3.28846,7.5504,12.774,5.07607,11.7187,13.6844,7.03202,16.8147,13.9681,9.20215,23.1769,14.0566,11.6301,31.1672,14.0841,14.3598,41.2186,14.0927,17.4376,53.8688,14.0954,20.9137,69.7915,14.0962,24.8432,89.8341,14.0965,29.2879,115.063,14.0966,34.3168,146.819,14.0966,40.0078,186.792,14.0966,46.4487,237.107,14.0966,53.7388,300.44,14.0966,61.9903,380.158,14.0966,71.3301,480.499,14.0966,81.902,606.796,14.0966,93.8685,765.761,14.0966,107.414,965.837,14.0966,122.746,1217.65,14.0966,140.101,1534.57,14.0966,159.745,1933.41,14.0966,181.981,2435.3,14.0966,207.15,3066.85,14.0966,235.64,3861.46,14.0966,267.889,4861.11,14.0966,304.391,6118.54,14.0966,345.709,7699.91,14.0966,392.478,9688.22,14.0966,445.417,12187.5,14.0966,505.339,15327.7,14.0966,573.165,19271.6,14.0966,649.938,24222,14.0966,736.839,30430.9,14.0966,835.202,38211.5,14.0966,946.539,47950.3,14.0966,1072.56,60122.8,14.0966,1215.21,75309.9,14.0966,1376.66,94216.2,14.0966,1559.41,117688,14.0966,1766.26,146729,14.0966,2000.39,182510,14.0966,2265.39,226372,14.0966,2565.33,279806,14.0966,2904.81,344416,14.0966,3289.05,421845,14.0966,3723.93,513667,14.0966,4216.13,621231,14.0966,4773.18,745478,14.0966,5403.64,886744,14.0966,6117.15,1.04457e+06,14.0966,6924.63,1.2176e+06,14.0966,11.7194,11.96,12.6541,13.9321,16.1295,13.6434,16.6097,21.9702,13.9553,19.7532,29.5285,14.0526,23.3844,39.1143,14.0829,27.5423,51.2054,14.0923,32.2796,66.434,14.0953,37.662,85.6061,14.0962,43.7675,109.74,14.0965,50.687,140.119,14.0966,58.5249,178.359,14.0966,67.4005,226.493,14.0966,77.4493,287.08,14.0966,88.8254,363.343,14.0966,101.703,459.336,14.0966,116.281,580.161,14.0966,132.782,732.241,14.0966,151.46,923.655,14.0966,172.603,1164.57,14.0966,196.535,1467.79,14.0966,223.625,1849.39,14.0966,254.288,2329.62,14.0966,288.997,2933.93,14.0966,328.285,3694.33,14.0966,372.755,4651.04,14.0966,423.092,5854.57,14.0966,480.07,7368.38,14.0966,544.564,9272.08,14.0966,617.566,11665.5,14.0966,700.197,14673.6,14.0966,793.729,18452.9,14.0966,899.599,23198.6,14.0966,1019.43,29154.1,14.0966,1155.07,36622.3,14.0966,1308.6,45977.9,14.0966,1482.39,57683.7,14.0966,1679.09,72307.8,14.0966,1901.73,90542.8,14.0966,2153.73,113226,14.0966,2438.97,141360,14.0966,2761.81,176127,14.0966,3127.22,218898,14.0966,3540.81,271226,14.0966,4008.92,334817,14.0966,4538.74,411470,14.0966,5138.38,502973,14.0966,5817.04,610948,14.0966,6585.12,736653,14.0966,7454.39,880741,14.0966,8438.15,1.04302e+06,14.0966,9551.45,1.22224e+06,14.0966,10811.3,1.41602e+06,14.0966,12237,1.62086e+06,14.0966,11.7194,11.96,12.6541,2.21263,4.16949,0.989383,2.67766,5.84076,0.311842,3.14343,7.55825,0.0972771,3.63127,9.58578,0.0303237,4.15787,12.0912,0.00945211,4.73731,15.2286,0.00294633,5.38238,19.1721,0.000918508,6.10553,24.134,0.000286163,6.91951,30.3791,8.92692e-05,7.83792,38.2397,2.78121e-05,8.87555,48.1338,8.65134e-06,10.0489,60.5876,2.7882e-06,11.3761,76.2629,8.29036e-07,12.8779,95.9927,2.4373e-07,14.5775,120.825,4.33068e-09,16.5012,152.08,1.75749e-07,18.6784,191.415,-1.86328e-07,21.1428,240.917,1.91829e-07,23.9322,303.213,-1.81475e-07,27.0895,381.602,7.0186e-08,30.6634,480.231,-2.86769e-08,34.7087,604.316,2.40784e-07,39.2876,760.401,9.87368e-08,44.4705,956.705,1.22263e-07,50.3371,1203.54,-4.31966e-07,56.9776,1513.81,-1.9705e-07,64.494,1903.69,-2.763e-08,73.0018,2393.4,3.9185e-07,82.6317,3008.13,1.35379e-07,93.5318,3779.25,-4.16351e-08,105.869,4745.7,2.06965e-08,119.834,5955.6,-3.18887e-07,135.641,7468.12,-1.48271e-08,153.531,9355.62,2.00739e-07,173.781,11705.8,2.28358e-07,196.701,14624.1,-1.93587e-08,222.642,18235,-2.88101e-07,252.003,22683.4,-2.24732e-07,285.234,28134,8.56806e-09,322.845,34767,2.34258e-07,365.413,42770.9,2.99668e-07,413.588,52327.9,8.28644e-08,468.111,63591.2,-3.07049e-07,529.814,76653.2,-3.1888e-07,599.642,91502.5,-6.72276e-08,678.662,107975,2.26339e-07,768.083,125705,3.69212e-07,869.267,144088,2.04077e-07,983.76,162277,-2.80509e-07,1113.3,179223,-4.22737e-07,1259.87,193777,-1.71951e-07,1425.68,204839,4.55555e-07,11.7194,11.96,12.6541,2.21263,4.16949,0.989383,2.67766,5.84076,0.311842,3.14343,7.55825,0.0972771,3.63127,9.58578,0.0303237,4.15787,12.0912,0.00945211,4.73731,15.2286,0.00294633,5.38238,19.1721,0.000918508,6.10553,24.134,0.000286163,6.91951,30.3791,8.92692e-05,7.83792,38.2397,2.78121e-05,8.87555,48.1338,8.65134e-06,10.0489,60.5876,2.7882e-06,11.3761,76.2629,8.29036e-07,12.8779,95.9927,2.4373e-07,14.5775,120.825,1e-08,16.5012,152.08,1.75749e-07,18.6784,191.415,1e-08,21.1428,240.917,1.91829e-07,23.9322,303.213,1e-08,27.0895,381.602,7.0186e-08,30.6634,480.231,1e-08,34.7087,604.316,2.40784e-07,39.2876,760.401,9.87368e-08,44.4705,956.705,1.22263e-07,50.3371,1203.54,1e-08,56.9776,1513.81,1e-08,64.494,1903.69,1e-08,73.0018,2393.4,3.9185e-07,82.6317,3008.13,1.35379e-07,93.5318,3779.25,1e-08,105.869,4745.7,2.06965e-08,119.834,5955.6,1e-08,135.641,7468.12,1e-08,153.531,9355.62,2.00739e-07,173.781,11705.8,2.28358e-07,196.701,14624.1,1e-08,222.642,18235,1e-08,252.003,22683.4,1e-08,285.234,28134,1e-08,322.845,34767,2.34258e-07,365.413,42770.9,2.99668e-07,413.588,52327.9,8.28644e-08,468.111,63591.2,1e-08,529.814,76653.2,1e-08,599.642,91502.5,1e-08,678.662,107975,2.26339e-07,768.083,125705,3.69212e-07,869.267,144088,2.04077e-07,983.76,162277,1e-08,1113.3,179223,1e-08,1259.87,193777,1e-08,1425.68,204839,4.55555e-07,6.2823,3.27286,2.43537,0.219672,6.18826,2.24117,0.56371,6.87772,2.63624,0.308279,15,9,9,0,2,3,0,11,1,5,4,0,7,5,0,6,9,0,2,8,0,5,15,0,5,41,0,4,17,0,7,26,0,18,28,0,8,65,0,9,89,0,13,35,0,16,109,0,22,66,0,11,298,0,9,272,0,18,392,0,30,346,0,14,312,0,26,423,0,38,574,0,33,918,0,53,1195,0,62,1796,0,106,2375,0,79,4802,0,43,1802,0,105,5410,0,112,5670,0,123,6467,0,97,5416,0,73,7623,0,201,10834,0,187,30452,0,255,15132,0,211,44473,0,275,36380,0,226,40082,0,783,51792,0,787,38189,0,356,87812,0,428,96233,0,559,42886,0,822,93756,0,1099,147406,0,1200,119199,0,1648,129087,0,644,148699,0,1358,209531,0,1714,204377,0
-1.05176e+08,9.49891e-51,8.88811e-15,10,1023,0,1.05176e+08,0.528882,1.08665,0.389689,0.145397,0.379329,3.24381,0.161596,0.446195,1.77396,0.159177,1.15e+07,4.49998e+06,6.79999e+06,1.15e+07,4.49997e+06,6.79999e+06,1.15e+07,4.49996e+06,6.79999e+06,1.15e+07,4.49995e+06,6.79999e+06,1.14999e+07,4.49993e+06,6.79999e+06,1.14999e+07,4.49991e+06,6.79999e+06,1.14999e+07,4.49989e+06,6.79999e+06,1.14999e+07,4.49986e+06,6.79999e+06,1.14999e+07,4.49982e+06,6.79999e+06,1.14999e+07,4.49977e+06,6.79999e+06,1.14999e+07,4.49971e+06,6.79999e+06,1.14999e+07,4.49963e+06,6.79999e+06,1.14998e+07,4.49953e+06,6.79999e+06,1.14998e+07,4.49941e+06,6.79999e+06,1.14998e+07,4.49926e+06,6.79999e+06,1.14998e+07,4.49906e+06,6.79999e+06,1.14997e+07,4.49882e+06,6.79999e+06,1.14997e+07,4.49851e+06,6.79999e+06,1.14997e+07,4.49812e+06,6.79999e+06,1.14996e+07,4.49764e+06,6.79999e+06,1.14996e+07,4.49702e+06,6.79999e+06,1.14995e+07,4.49625e+06,6.79999e+06,1.14995e+07,4.49528e+06,6.79999e+06,1.14994e+07,4.49406e+06,6.79999e+06,1.14993e+07,4.49253e+06,6.79999e+06,1.14992e+07,4.49059e+06,6.79999e+06,1.14991e+07,4.48817e+06,6.79999e+06,1.1499e+07,4.48511e+06,6.79999e+06,1.14988e+07,4.48128e+06,6.79999e+06,1.14987e+07,4.47646e+06,6.79999e+06,1.14985e+07,4.47041e+06,6.79999e+06,1.14983e+07,4.46281e+06,6.79999e+06,1.14981e+07,4.4533e+06,6.79999e+06,1.14979e+07,4.44138e+06,6.79999e+06,1.14976e+07,4.42649e+06,6.79999e+06,1.14972e+07,4.40789e+06,6.79999e+06,1.14969e+07,4.38471e+06,6.79999e+06,1.14965e+07,4.35592e+06,6.79999e+06,1.1496e+07,4.32027e+06,6.79999e+06,1.14955e+07,4.27629e+06,6.79999e+06,1.14949e+07,4.22231e+06,6.79999e+06,1.14942e+07,4.15647e+06,6.79999e+06,1.14934e+07,4.07676e+06,6.79999e+06,1.14926e+07,3.98112e+06,6.79999e+06,1.14916e+07,3.86765e+06,6.79999e+06,1.14905e+07,3.73474e+06,6.79999e+06,1.14892e+07,3.58148e+06,6.79999e+06,1.14878e+07,3.40785e+06,6.79999e+06,1.14862e+07,3.21513e+06,6.79999e+06,1.14844e+07,3.00605e+06,6.79999e+06,1.14823e+07,2.7848e+06,6.79999e+06,1.148e+07,2.5568e+06,6.79999e+06,1.14773e+07,2.32825e+06,6.79999e+06,13.5742,8.52444,0.508366,16.8306,13.2585,0.162638,20.0035,17.569,0.0507846,23.2616,22.4214,0.0158319,26.7328,28.3297,0.00493498,30.5212,35.6974,0.00153831,34.7178,44.9473,0.000479527,39.4086,56.5822,0.000149456,44.6796,71.2245,4.66214e-05,50.6209,89.6543,1.45419e-05,57.3297,112.852,4.54748e-06,64.9129,142.051,1.43857e-06,73.4897,178.803,4.36618e-07,83.1934,225.062,1.40153e-07,94.1745,283.286,4.96378e-08,106.602,356.568,1.05434e-07,120.669,448.799,-6.49244e-08,136.59,564.873,1.70148e-07,154.611,710.948,-5.34594e-08,175.008,894.767,1.63407e-07,198.097,1126.06,8.04804e-08,224.231,1417.07,1.14667e-07,253.813,1783.15,-1.71227e-07,287.297,2243.62,-2.88466e-07,325.198,2822.67,-4.33651e-07,368.098,3550.67,7.9318e-08,416.657,4465.65,3.13319e-07,471.621,5615.16,3.4613e-07,533.835,7058.61,-1.19199e-07,604.255,8870.02,-2.79964e-07,683.962,11141.4,-2.30521e-07,774.182,13986.7,-2.55099e-07,876.299,17546.4,1.23585e-07,991.883,21993.1,1.41192e-07,1122.71,27536.7,-9.71886e-08,1270.78,34430.7,-3.68368e-07,1438.38,42977.7,-3.45379e-07,1628.07,53532.7,-3.25328e-09,1842.77,66504.6,2.6362e-07,2085.77,82350.2,2.53445e-07,2360.79,101560,-2.47407e-08,2672.05,124632,-3.80602e-07,3024.31,152018,-4.79005e-07,3422.98,184060,-1.14379e-07,3874.15,220884,2.64297e-07,4384.72,262283,3.44131e-07,4962.49,307576,7.5349e-08,5616.29,355497,-3.63097e-07,6356.1,404126,-6.05442e-07,7193.18,450932,-2.72333e-07,8140.28,492963,2.29675e-07,9211.79,527178,4.3387e-07,10424,550893,-1.0711e-07,10.102,8.06553,2.81012,10.6436,8.57909,0.869423,11.5336,10.2515,0.270869,12.7211,12.7138,0.0844293,14.1823,15.9373,0.0263173,15.9122,20.0383,0.0082035,17.9198,25.2154,0.00255722,20.2244,31.7373,0.000797017,22.8539,39.9486,0.000248622,25.8438,50.2851,7.75492e-05,29.237,63.2963,2.42508e-05,33.0837,79.6738,7.67162e-06,37.4415,100.288,2.32837e-06,42.3767,126.236,7.33e-07,47.9646,158.896,2.79256e-07,54.2906,200.003,9.87351e-09,61.452,251.741,1.61085e-07,69.5585,316.859,-2.47141e-07,78.7347,398.812,8.93552e-08,89.1218,501.948,-2.53231e-07,100.879,631.736,-1.25047e-07,114.188,795.049,-1.78808e-07,129.252,1000.53,2.6733e-07,146.304,1259.03,4.50292e-07,165.605,1584.19,6.76904e-07,187.452,1993.12,-1.23808e-07,212.181,2507.27,-4.89068e-07,240.173,3153.54,-5.40284e-07,271.856,3965.56,1.86061e-07,307.719,4985.38,4.37004e-07,348.313,6265.4,3.59828e-07,394.26,7870.83,3.98192e-07,446.268,9882.51,-1.92908e-07,505.135,12400.3,-2.20392e-07,571.766,15546.9,1.51705e-07,647.184,19472.2,5.74996e-07,732.547,24357.4,5.39112e-07,829.167,30420,5.07815e-09,938.526,37916.3,-4.11492e-07,1062.3,47143.9,-3.9561e-07,1202.4,58439.2,3.86185e-08,1360.96,72169.3,5.94093e-07,1540.42,88715.8,7.47693e-07,1743.53,108445,1.78537e-07,1973.41,131665,-4.12549e-07,2233.57,158557,-5.37164e-07,2528,189103,-1.17615e-07,2861.2,222986,5.66769e-07,3238.27,259510,9.45053e-07,3664.97,297540,4.25093e-07,4147.81,335497,-3.58506e-07,4694.17,371444,-6.7724e-07,5312.37,403256,1.67192e-07,1.61744,3.89446,9.84394,3.28846,7.5504,12.774,5.07607,11.7187,13.6844,7.03202,16.8147,13.9681,9.20215,23.1769,14.0566,11.6301,31.1672,14.0841,14.3598,41.2186,14.0927,17.4376,53.8688,14.0954,20.9137,69.7915,14.0962,24.8432,89.8341,14.0965,29.2879,115.063,14.0966,34.3168,146.819,14.0966,40.0078,186.792,14.0966,46.4487,237.107,14.0966,53.7388,300.44,14.0966,61.9903,380.158,14.0966,71.3301,480.499,14.0966,81.902,606.796,14.0966,93.8685,765.761,14.0966,107.414,965.837,14.0966,122.746,1217.65,14.0966,140.101,1534.57,14.0966,159.745,1933.41,14.0966,181.981,2435.3,14.0966,207.15,3066.85,14.0966,235.64,3861.46,14.0966,267.889,4861.11,14.0966,304.391,6118.54,14.0966,345.709,7699.91,14.0966,392.478,9688.22,14.0966,445.417,12187.5,14.0966,505.339,15327.7,14.0966,573.165,19271.6,14.0966,649.938,24222,14.0966,736.839,30430.9,14.0966,835.202,38211.5,14.0966,946.539,47950.3,14.0966,1072.56,60122.8,14.0966,1215.21,75309.9,14.0966,1376.66,94216.2,14.0966,1559.41,117688,14.0966,1766.26,146729,14.0966,2000.39,182510,14.0966,2265.39,226372,14.0966,2565.33,279806,14.0966,2904.81,344416,14.0966,3289.05,421845,14.0966,3723.93,513667,14.0966,4216.13,621231,14.0966,4773.18,745478,14.0966,5403.64,886744,14.0966,6117.15,1.04457e+06,14.0966,6924.63,1.2176e+06,14.0966,11.7194,11.96,12.6541,13.9321,16.1295,13.6434,16.6097,21.9702,13.9553,19.7532,29.5285,14.0526,23.3844,39.1143,14.0829,27.5423,51.2054,14.0923,32.2796,66.434,14.0953,37.662,85.6061,14.0962,43.7675,109.74,14.0965,50.687,140.119,14.0966,58.5249,178.359,14.0966,67.4005,226.493,14.0966,77.4493,287.08,14.0966,88.8254,363.343,14.0966,101.703,459.336,14.0966,116.281,580.161,14.0966,132.782,732.241,14.0966,151.46,923.655,14.0966,172.603,1164.57,14.0966,196.535,1467.79,14.0966,223.625,1849.39,14.0966,254.288,2329.62,14.0966,288.997,2933.93,14.0966,328.285,3694.33,14.0966,372.755,4651.04,14.0966,423.092,5854.57,14.0966,480.07,7368.38,14.0966,544.564,9272.08,14.0966,617.566,11665.5,14.0966,700.197,14673.6,14.0966,793.729,18452.9,14.0966,899.599,23198.6,14.0966,1019.43,29154.1,14.0966,1155.07,36622.3,14.0966,1308.6,45977.9,14.0966,1482.39,57683.7,14.0966,1679.09,72307.8,14.0966,1901.73,90542.8,14.0966,2153.73,113226,14.0966,2438.97,141360,14.0966,2761.81,176127,14.0966,3127.22,218898,14.0966,3540.81,271226,14.0966,4008.92,334817,14.0966,4538.74,411470,14.0966,5138.38,502973,14.0966,5817.04,610948,14.0966,6585.12,736653,14.0966,7454.39,880741,14.0966,8438.15,1.04302e+06,14.0966,9551.45,1.22224e+06,14.0966,10811.3,1.41602e+06,14.0966,12237,1.62086e+06,14.0966,11.7194,11.96,12.6541,2.21263,4.16949,0.989383,2.67766,5.84076,0.311842,3.14343,7.55825,0.0972771,3.63127,9.58578,0.0303237,4.15787,12.0912,0.00945211,4.73731,15.2286,0.00294633,5.38238,19.1721,0.000918508,6.10553,24.134,0.000286163,6.91951,30.3791,8.92692e-05,7.83792,38.2397,2.78121e-05,8.87555,48.1338,8.65134e-06,10.0489,60.5876,2.7882e-06,11.3761,76.2629,8.29036e-07,12.8779,95.9927,2.4373e-07,14.5775,120.825,4.33068e-09,16.5012,152.08,1.75749e-07,18.6784,191.415,-1.86328e-07,21.1428,240.917,1.91829e-07,23.9322,303.213,-1.81475e-07,27.0895,381.602,7.0186e-08,30.6634,480.231,-2.86769e-08,34.7087,604.316,2.40784e-07,39.2876,760.401,9.87368e-08,44.4705,956.705,1.22263e-07,50.3371,1203.54,-4.31966e-07,56.9776,1513.81,-1.9705e-07,64.494,1903.69,-2.763e-08,73.0018,2393.4,3.9185e-07,82.6317,3008.13,1.35379e-07,93.5318,3779.25,-4.16351e-08,105.869,4745.7,2.06965e-08,119.834,5955.6,-3.18887e-07,135.641,7468.12,-1.48271e-08,153.531,9355.62,2.00739e-07,173.781,11705.8,2.28358e-07,196.701,14624.1,-1.93587e-08,222.642,18235,-2.88101e-07,252.003,22683.4,-2.24732e-07,285.234,28134,8.56806e-09,322.845,34767,2.34258e-07,365.413,42770.9,2.99668e-07,413.588,52327.9,8.28644e-08,468.111,63591.2,-3.07049e-07,529.814,76653.2,-3.1888e-07,599.642,91502.5,-6.72276e-08,678.662,107975,2.26339e-07,768.083,125705,3.69212e-07,869.267,144088,2.04077e-07,983.76,162277,-2.80509e-07,1113.3,179223,-4.22737e-07,1259.87,193777,-1.71951e-07,1425.68,204839,4.55555e-07,11.7194,11.96,12.6541,2.21263,4.16949,0.989383,2.67766,5.84076,0.311842,3.14343,7.55825,0.0972771,3.63127,9.58578,0.0303237,4.15787,12.0912,0.00945211,4.73731,15.2286,0.00294633,5.38238,19.1721,0.000918508,6.10553,24.134,0.000286163,6.91951,30.3791,8.92692e-05,7.83792,38.2397,2.78121e-05,8.87555,48.1338,8.65134e-06,10.0489,60.5876,2.7882e-06,11.3761,76.2629,8.29036e-07,12.8779,95.9927,2.4373e-07,14.5775,120.825,1e-08,16.5012,152.08,1.75749e-07,18.6784,191.415,1e-08,21.1428,240.917,1.91829e-07,23.9322,303.213,1e-08,27.0895,381.602,7.0186e-08,30.6634,480.231,1e-08,34.7087,604.316,2.40784e-07,39.2876,760.401,9.87368e-08,44.4705,956.705,1.22263e-07,50.3371,1203.54,1e-08,56.9776,1513.81,1e-08,64.494,1903.69,1e-08,73.0018,2393.4,3.9185e-07,82.6317,3008.13,1.35379e-07,93.5318,3779.25,1e-08,105.869,4745.7,2.06965e-08,119.834,5955.6,1e-08,135.641,7468.12,1e-08,153.531,9355.62,2.00739e-07,173.781,11705.8,2.28358e-07,196.701,14624.1,1e-08,222.642,18235,1e-08,252.003,22683.4,1e-08,285.234,28134,1e-08,322.845,34767,2.34258e-07,365.413,42770.9,2.99668e-07,413.588,52327.9,8.28644e-08,468.111,63591.2,1e-08,529.814,76653.2,1e-08,599.642,91502.5,1e-08,678.662,107975,2.26339e-07,768.083,125705,3.69212e-07,869.267,144088,2.04077e-07,983.76,162277,1e-08,1113.3,179223,1e-08,1259.87,193777,1e-08,1425.68,204839,4.55555e-07,6.2823,3.27286,2.43537,0.219672,6.18826,2.24117,0.56371,6.87772,2.63624,0.308279,10,6,11,2,10,0,3,4,0,4,10,0,2,18,0,5,10,0,3,22,0,4,24,0,9,15,0,10,21,0,8,28,0,6,24,0,19,44,0,4,69,0,19,74,0,16,83,0,29,194,0,29,226,0,23,172,0,12,328,0,37,530,0,97,237,0,34,307,0,51,601,0,23,1015,0,41,1235,0,56,1614,0,44,1308,0,15,3174,0,131,838,0,89,1773,0,84,7196,0,129,2877,0,195,11295,0,207,7502,0,94,7569,0,194,6875,0,151,14634,0,142,10806,0,155,41373,0,328,51131,0,154,17276,0,341,35744,0,276,42934,0,581,88232,0,278,118145,0,411,113206,0,614,173351,0,915,103133,0,1759,88579,0,573,190316,0,1164,116952,0,1466,154198,0
-1.05176e+08,1,8.88811e-15,10,1023,0,1.05176e+08,0.528882,1.08665,0.389689,0.145397,0.379329,3.24381,0.161596,0.446195,1.77396,0.159177,1.15e+07,4.49998e+06,6.79999e+06,1.15e+07,4.49997e+06,6.79999e+06,1.15e+07,4.49996e+06,6.79999e+06,1.15e+07,4.49995e+06,6.79999e+06,1.14999e+07,4.49993e+06,6.79999e+06,1.14999e+07,4.49991e+06,6.79999e+06,1.14999e+07,4.49989e+06,6.79999e+06,1.14999e+07,4.49986e+06,6.79999e+06,1.14999e+07,4.49982e+06,6.79999e+06,1.14999e+07,4.49977e+06,6.79999e+06,1.14999e+07,4.49971e+06,6.79999e+06,1.14999e+07,4.49963e+06,6.79999e+06,1.14998e+07,4.49953e+06,6.79999e+06,1.14998e+07,4.49941e+06,6.79999e+06,1.14998e+07,4.49926e+06,6.79999e+06,1.14998e+07,4.49906e+06,6.79999e+06,1.14997e+07,4.49882e+06,6.79999e+06,1.14997e+07,4.49851e+06,6.79999e+06,1.14997e+07,4.49812e+06,6.79999e+06,1.14996e+07,4.49764e+06,6.79999e+06,1.14996e+07,4.49702e+06,6.79999e+06,1.14995e+07,4.49625e+06,6.79999e+06,1.14995e+07,4.49528e+06,6.79999e+06,1.14994e+07,4.49406e+06,6.79999e+06,1.14993e+07,4.49253e+06,6.79999e+06,1.14992e+07,4.49059e+06,6.79999e+06,1.14991e+07,4.48817e+06,6.79999e+06,1.1499e+07,4.48511e+06,6.79999e+06,1.14988e+07,4.48128e+06,6.79999e+06,1.14987e+07,4.47646e+06,6.79999e+06,1.14985e+07,4.47041e+06,6.79999e+06,1.14983e+07,4.46281e+06,6.79999e+06,1.14981e+07,4.4533e+06,6.79999e+06,1.14979e+07,4.44138e+06,6.79999e+06,1.14976e+07,4.42649e+06,6.79999e+06,1.14972e+07,4.40789e+06,6.79999e+06,1.14969e+07,4.38471e+06,6.79999e+06,1.14965e+07,4.35592e+06,6.79999e+06,1.1496e+07,4.32027e+06,6.79999e+06,1.14955e+07,4.27629e+06,6.79999e+06,1.14949e+07,4.22231e+06,6.79999e+06,1.14942e+07,4.15647e+06,6.79999e+06,1.14934e+07,4.07676e+06,6.79999e+06,1.14926e+07,3.98112e+06,6.79999e+06,1.14916e+07,3.86765e+06,6.79999e+06,1.14905e+07,3.73474e+06,6.79999e+06,1.14892e+07,3.58148e+06,6.79999e+06,1.14878e+07,3.40785e+06,6.79999e+06,1.14862e+07,3.21513e+06,6.79999e+06,1.14844e+07,3.00605e+06,6.79999e+06,1.14823e+07,2.7848e+06,6.79999e+06,1.148e+07,2.5568e+06,6.79999e+06,1.14773e+07,2.32825e+06,6.79999e+06,13.5742,8.52444,0.508366,16.8306,13.2585,0.162638,20.0035,17.569,0.0507846,23.2616,22.4214,0.0158319,26.7328,28.3297,0.00493498,30.5212,35.6974,0.00153831,34.7178,44.9473,0.000479527,39.4086,56.5822,0.000149456,44.6796,71.2245,4.66214e-05,50.6209,89.6543,1.45419e-05,57.3297,112.852,4.54748e-06,64.9129,142.051,1.43857e-06,73.4897,178.803,4.36618e-07,83.1934,225.062,1.40153e-07,94.1745,283.286,4.96378e-08,106.602,356.568,1.05434e-07,120.669,448.799,-6.49244e-08,136.59,564.873,1.70148e-07,154.611,710.948,-5.34594e-08,175.008,894.767,1.63407e-07,198.097,1126.06,8.04804e-08,224.231,1417.07,1.14667e-07,253.813,1783.15,-1.71227e-07,287.297,2243.62,-2.88466e-07,325.198,2822.67,-4.33651e-07,368.098,3550.67,7.9318e-08,416.657,4465.65,3.13319e-07,471.621,5615.16,3.4613e-07,533.835,7058.61,-1.19199e-07,604.255,8870.02,-2.79964e-07,683.962,11141.4,-2.30521e-07,774.182,13986.7,-2.55099e-07,876.299,17546.4,1.23585e-07,991.883,21993.1,1.41192e-07,1122.71,27536.7,-9.71886e-08,1270.78,34430.7,-3.68368e-07,1438.38,42977.7,-3.45379e-07,1628.07,53532.7,-3.25328e-09,1842.77,66504.6,2.6362e-07,2085.77,82350.2,2.53445e-07,2360.79,101560,-2.47407e-08,2672.05,124632,-3.80602e-07,3024.31,152018,-4.79005e-07,3422.98,184060,-1.14379e-07,3874.15,220884,2.64297e-07,4384.72,262283,3.44131e-07,4962.49,307576,7.5349e-08,5616.29,355497,-3.63097e-07,6356.1,404126,-6.05442e-07,7193.18,450932,-2.72333e-07,8140.28,492963,2.29675e-07,9211.79,527178,4.3387e-07,10424,550893,-1.0711e-07,10.102,8.06553,2.81012,10.6436,8.57909,0.869423,11.5336,10.2515,0.270869,12.7211,12.7138,0.0844293,14.1823,15.9373,0.0263173,15.9122,20.0383,0.0082035,17.9198,25.2154,0.00255722,20.2244,31.7373,0.000797017,22.8539,39.9486,0.000248622,25.8438,50.2851,7.75492e-05,29.237,63.2963,2.42508e-05,33.0837,79.6738,7.67162e-06,37.4415,100.288,2.32837e-06,42.3767,126.236,7.33e-07,47.9646,158.896,2.79256e-07,54.2906,200.003,9.87351e-09,61.452,251.741,1.61085e-07,69.5585,316.859,-2.47141e-07,78.7347,398.812,8.93552e-08,89.1218,501.948,-2.53231e-07,100.879,631.736,-1.25047e-07,114.188,795.049,-1.78808e-07,129.252,1000.53,2.6733e-07,146.304,1259.03,4.50292e-07,165.605,1584.19,6.76904e-07,187.452,1993.12,-1.23808e-07,212.181,2507.27,-4.89068e-07,240.173,3153.54,-5.40284e-07,271.856,3965.56,1.86061e-07,307.719,4985.38,4.37004e-07,348.313,6265.4,3.59828e-07,394.26,7870.83,3.98192e-07,446.268,9882.51,-1.92908e-07,505.135,12400.3,-2.20392e-07,571.766,15546.9,1.51705e-07,647.184,19472.2,5.74996e-07,732.547,24357.4,5.39112e-07,829.167,30420,5.07815e-09,938.526,37916.3,-4.11492e-07,1062.3,47143.9,-3.9561e-07,1202.4,58439.2,3.86185e-08,1360.96,72169.3,5.94093e-07,1540.42,88715.8,7.47693e-07,1743.53,108445,1.78537e-07,1973.41,131665,-4.12549e-07,2233.57,158557,-5.37164e-07,2528,189103,-1.17615e-07,2861.2,222986,5.66769e-07,3238.27,259510,9.45053e-07,3664.97,297540,4.25093e-07,4147.81,335497,-3.58506e-07,4694.17,371444,-6.7724e-07,5312.37,403256,1.67192e-07,1.61744,3.89446,9.84394,3.28846,7.5504,12.774,5.07607,11.7187,13.6844,7.03202,16.8147,13.9681,9.20215,23.1769,14.0566,11.6301,31.1672,14.0841,14.3598,41.2186,14.0927,17.4376,53.8688,14.0954,20.9137,69.7915,14.0962,24.8432,89.8341,14.0965,29.2879,115.063,14.0966,34.3168,146.819,14.0966,40.0078,186.792,14.0966,46.4487,237.107,14.0966,53.7388,300.44,14.0966,61.9903,380.158,14.0966,71.3301,480.499,14.0966,81.902,606.796,14.0966,93.8685,765.761,14.0966,107.414,965.837,14.0966,122.746,1217.65,14.0966,140.101,1534.57,14.0966,159.745,1933.41,14.0966,181.981,2435.3,14.0966,207.15,3066.85,14.0966,235.64,3861.46,14.0966,267.889,4861.11,14.0966,304.391,6118.54,14.0966,345.709,7699.91,14.0966,392.478,9688.22,14.0966,445.417,12187.5,14.0966,505.339,15327.7,14.0966,573.165,19271.6,14.0966,649.938,24222,14.0966,736.839,30430.9,14.0966,835.202,38211.5,14.0966,946.539,47950.3,14.0966,1072.56,60122.8,14.0966,1215.21,75309.9,14.0966,1376.66,94216.2,14.0966,1559.41,117688,14.0966,1766.26,146729,14.0966,2000.39,182510,14.0966,2265.39,226372,14.0966,2565.33,279806,14.0966,2904.81,344416,14.0966,3289.05,421845,14.0966,3723.93,513667,14.0966,4216.13,621231,14.0966,4773.18,745478,14.0966,5403.64,886744,14.0966,6117.15,1.04457e+06,14.0966,6924.63,1.2176e+06,14.0966,11.7194,11.96,12.6541,13.9321,16.1295,13.6434,16.6097,21.9702,13.9553,19.7532,29.5285,14.0526,23.3844,39.1143,14.0829,27.5423,51.2054,14.0923,32.2796,66.434,14.0953,37.662,85.6061,14.0962,43.7675,109.74,14.0965,50.687,140.119,14.0966,58.5249,178.359,14.0966,67.4005,226.493,14.0966,77.4493,287.08,14.0966,88.8254,363.343,14.0966,101.703,459.336,14.0966,116.281,580.161,14.0966,132.782,732.241,14.0966,151.46,923.655,14.0966,172.603,1164.57,14.0966,196.535,1467.79,14.0966,223.625,1849.39,14.0966,254.288,2329.62,14.0966,288.997,2933.93,14.0966,328.285,3694.33,14.0966,372.755,4651.04,14.0966,423.092,5854.57,14.0966,480.07,7368.38,14.0966,544.564,9272.08,14.0966,617.566,11665.5,14.0966,700.197,14673.6,14.0966,793.729,18452.9,14.0966,899.599,23198.6,14.0966,1019.43,29154.1,14.0966,1155.07,36622.3,14.0966,1308.6,45977.9,14.0966,1482.39,57683.7,14.0966,1679.09,72307.8,14.0966,1901.73,90542.8,14.0966,2153.73,113226,14.0966,2438.97,141360,14.0966,2761.81,176127,14.0966,3127.22,218898,14.0966,3540.81,271226,14.0966,4008.92,334817,14.0966,4538.74,411470,14.0966,5138.38,502973,14.0966,5817.04,610948,14.0966,6585.12,736653,14.0966,7454.39,880741,14.0966,8438.15,1.04302e+06,14.0966,9551.45,1.22224e+06,14.0966,10811.3,1.41602e+06,14.0966,12237,1.62086e+06,14.0966,11.7194,11.96,12.6541,2.21263,4.16949,0.989383,2.67766,5.84076,0.311842,3.14343,7.55825,0.0972771,3.63127,9.58578,0.0303237,4.15787,12.0912,0.00945211,4.73731,15.2286,0.00294633,5.38238,19.1721,0.000918508,6.10553,24.134,0.000286163,6.91951,30.3791,8.92692e-05,7.83792,38.2397,2.78121e-05,8.87555,48.1338,8.65134e-06,10.0489,60.5876,2.7882e-06,11.3761,76.2629,8.29036e-07,12.8779,95.9927,2.4373e-07,14.5775,120.825,4.33068e-09,16.5012,152.08,1.75749e-07,18.6784,191.415,-1.86328e-07,21.1428,240.917,1.91829e-07,23.9322,303.213,-1.81475e-07,27.0895,381.602,7.0186e-08,30.6634,480.231,-2.86769e-08,34.7087,604.316,2.40784e-07,39.2876,760.401,9.87368e-08,44.4705,956.705,1.22263e-07,50.3371,1203.54,-4.31966e-07,56.9776,1513.81,-1.9705e-07,64.494,1903.69,-2.763e-08,73.0018,2393.4,3.9185e-07,82.6317,3008.13,1.35379e-07,93.5318,3779.25,-4.16351e-08,105.869,4745.7,2.06965e-08,119.834,5955.6,-3.18887e-07,135.641,7468.12,-1.48271e-08,153.531,9355.62,2.00739e-07,173.781,11705.8,2.28358e-07,196.701,14624.1,-1.93587e-08,222.642,18235,-2.88101e-07,252.003,22683.4,-2.24732e-07,285.234,28134,8.56806e-09,322.845,34767,2.34258e-07,365.413,42770.9,2.99668e-07,413.588,52327.9,8.28644e-08,468.111,63591.2,-3.07049e-07,529.814,76653.2,-3.1888e-07,599.642,91502.5,-6.72276e-08,678.662,107975,2.26339e-07,768.083,125705,3.69212e-07,869.267,144088,2.04077e-07,983.76,162277,-2.80509e-07,1113.3,179223,-4.22737e-07,1259.87,193777,-1.71951e-07,1425.68,204839,4.55555e-07,11.7194,11.96,12.6541,2.21263,4.16949,0.989383,2.67766,5.84076,0.311842,3.14343,7.55825,0.0972771,3.63127,9.58578,0.0303237,4.15787,12.0912,0.00945211,4.73731,15.2286,0.00294633,5.38238,19.1721,0.000918508,6.10553,24.134,0.000286163,6.91951,30.3791,8.92692e-05,7.83792,38.2397,2.78121e-05,8.87555,48.1338,8.65134e-06,10.0489,60.5876,2.7882e-06,11.3761,76.2629,8.29036e-07,12.8779,95.9927,2.4373e-07,14.5775,120.825,1e-08,16.5012,152.08,1.75749e-07,18.6784,191.415,1e-08,21.1428,240.917,1.91829e-07,23.9322,303.213,1e-08,27.0895,381.602,7.0186e-08,30.6634,480.231,1e-08,34.7087,604.316,2.40784e-07,39.2876,760.401,9.87368e-08,44.4705,956.705,1.22263e-07,50.3371,1203.54,1e-08,56.9776,1513.81,1e-08,64.494,1903.69,1e-08,73.0018,2393.4,3.9185e-07,82.6317,3008.13,1.35379e-07,93.5318,3779.25,1e-08,105.869,4745.7,2.06965e-08,119.834,5955.6,1e-08,135.641,7468.12,1e-08,153.531,9355.62,2.00739e-07,173.781,11705.8,2.28358e-07,196.701,14624.1,1e-08,222.642,18235,1e-08,252.003,22683.4,1e-08,285.234,28134,1e-08,322.845,34767,2.34258e-07,365.413,42770.9,2.99668e-07,413.588,52327.9,8.28644e-08,468.111,63591.2,1e-08,529.814,76653.2,1e-08,599.642,91502.5,1e-08,678.662,107975,2.26339e-07,768.083,125705,3.69212e-07,869.267,144088,2.04077e-07,983.76,162277,1e-08,1113.3,179223,1e-08,1259.87,193777,1e-08,1425.68,204839,4.55555e-07,6.2823,3.27286,2.43537,0.219672,6.18826,2.24117,0.56371,6.87772,2.63624,0.308279,9,16,17,2,3,0,2,4,0,1,6,0,4,7,0,9,18,0,4,16,0,1,12,0,8,14,0,3,31,0,1,33,0,10,48,0,6,43,0,10,87,0,7,58,0,6,152,0,30,150,0,17,178,0,29,223,0,33,216,0,20,293,0,23,208,0,35,495,0,16,531,0,65,1007,0,19,2831,0,48,801,0,50,925,0,59,2069,0,67,5551,0,94,1663,0,88,2739,0,162,5047,0,135,6135,0,112,10121,0,256,19647,0,202,10150,0,217,22552,0,206,29584,0,403,31831,0,161,41562,0,496,47960,0,312,49751,0,590,65108,0,668,62591,0,605,91063,0,352,55727,0,476,112753,0,622,239990,0,854,110749,0,761,176932,0,904,284674,0,1762,190327,0
-1.05176e+08,1,8.88811e-15,10,1023,0,1.05176e+08,0.528882,1.08665,0.389689,0.145397,0.379329,3.24381,0.161596,0.446195,1.77396,0.159177,1.15e+07,4.49998e+06,6.79999e+06,1.15e+07,4.49997e+06,6.79999e+06,1.15e+07,4.49996e+06,6.79999e+06,1.15e+07,4.49995e+06,6.79999e+06,1.14999e+07,4.49993e+06,6.79999e+06,1.14999e+07,4.49991e+06,6.79999e+06,1.14999e+07,4.49989e+06,6.79999e+06,1.14999e+07,4.49986e+06,6.79999e+06,1.14999e+07,4.49982e+06,6.79999e+06,1.14999e+07,4.49977e+06,6.79999e+06,1.14999e+07,4.49971e+06,6.79999e+06,1.14999e+07,4.49963e+06,6.79999e+06,1.14998e+07,4.49953e+06,6.79999e+06,1.14998e+07,4.49941e+06,6.79999e+06,1.14998e+07,4.49926e+06,6.79999e+06,1.14998e+07,4.49906e+06,6.79999e+06,1.14997e+07,4.49882e+06,6.79999e+06,1.14997e+07,4.49851e+06,6.79999e+06,1.14997e+07,4.49812e+06,6.79999e+06,1.14996e+07,4.49764e+06,6.79999e+06,1.14996e+07,4.49702e+06,6.79999e+06,1.14995e+07,4.49625e+06,6.79999e+06,1.14995e+07,4.49528e+06,6.79999e+06,1.14994e+07,4.49406e+06,6.79999e+06,1.14993e+07,4.49253e+06,6.79999e+06,1.14992e+07,4.49059e+06,6.79999e+06,1.14991e+07,4.48817e+06,6.79999e+06,1.1499e+07,4.48511e+06,6.79999e+06,1.14988e+07,4.48128e+06,6.79999e+06,1.14987e+07,4.47646e+06,6.79999e+06,1.14985e+07,4.47041e+06,6.79999e+06,1.14983e+07,4.46281e+06,6.79999e+06,1.14981e+07,4.4533e+06,6.79999e+06,1.14979e+07,4.44138e+06,6.79999e+06,1.14976e+07,4.42649e+06,6.79999e+06,1.14972e+07,4.40789e+06,6.79999e+06,1.14969e+07,4.38471e+06,6.79999e+06,1.14965e+07,4.35592e+06,6.79999e+06,1.1496e+07,4.32027e+06,6.79999e+06,1.14955e+07,4.27629e+06,6.79999e+06,1.14949e+07,4.22231e+06,6.79999e+06,1.14942e+07,4.15647e+06,6.79999e+06,1.14934e+07,4.07676e+06,6.79999e+06,1.14926e+07,3.98112e+06,6.79999e+06,1.14916e+07,3.86765e+06,6.79999e+06,1.14905e+07,3.73474e+06,6.79999e+06,1.14892e+07,3.58148e+06,6.79999e+06,1.14878e+07,3.40785e+06,6.79999e+06,1.14862e+07,3.21513e+06,6.79999e+06,1.14844e+07,3.00605e+06,6.79999e+06,1.14823e+07,2.7848e+06,6.79999e+06,1.148e+07,2.5568e+06,6.79999e+06,1.14773e+07,2.32825e+06,6.79999e+06,13.5742,8.52444,0.508366,16.8306,13.2585,0.162638,20.0035,17.569,0.0507846,23.2616,22.4214,0.0158319,26.7328,28.3297,0.00493498,30.5212,35.6974,0.00153831,34.7178,44.9473,0.000479527,39.4086,56.5822,0.000149456,44.6796,71.2245,4.66214e-05,50.6209,89.6543,1.45419e-05,57.3297,112.852,4.54748e-06,64.9129,142.051,1.43857e-06,73.4897,178.803,4.36618e-07,83.1934,225.062,1.40153e-07,94.1745,283.286,4.96378e-08,106.602,356.568,1.05434e-07,120.669,448.799,-6.49244e-08,136.59,564.873,1.70148e-07,154.611,710.948,-5.34594e-08,175.008,894.767,1.63407e-07,198.097,1126.06,8.04804e-08,224.231,1417.07,1.14667e-07,253.813,1783.15,-1.71227e-07,287.297,2243.62,-2.88466e-07,325.198,2822.67,-4.33651e-07,368.098,3550.67,7.9318e-08,416.657,4465.65,3.13319e-07,471.621,5615.16,3.4613e-07,533.835,7058.61,-1.19199e-07,604.255,8870.02,-2.79964e-07,683.962,11141.4,-2.30521e-07,774.182,13986.7,-2.55099e-07,876.299,17546.4,1.23585e-07,991.883,21993.1,1.41192e-07,1122.71,27536.7,-9.71886e-08,1270.78,34430.7,-3.68368e-07,1438.38,42977.7,-3.45379e-07,1628.07,53532.7,-3.25328e-09,1842.77,66504.6,2.6362e-07,2085.77,82350.2,2.53445e-07,2360.79,101560,-2.47407e-08,2672.05,124632,-3.80602e-07,3024.31,152018,-4.79005e-07,3422.98,184060,-1.14379e-07,3874.15,220884,2.64297e-07,4384.72,262283,3.44131e-07,4962.49,307576,7.5349e-08,5616.29,355497,-3.63097e-07,6356.1,404126,-6.05442e-07,7193.18,450932,-2.72333e-07,8140.28,492963,2.29675e-07,9211.79,527178,4.3387e-07,10424,550893,-1.0711e-07,10.102,8.06553,2.81012,10.6436,8.57909,0.869423,11.5336,10.2515,0.270869,12.7211,12.7138,0.0844293,14.1823,15.9373,0.0263173,15.9122,20.0383,0.0082035,17.9198,25.2154,0.00255722,20.2244,31.7373,0.000797017,22.8539,39.9486,0.000248622,25.8438,50.2851,7.75492e-05,29.237,63.2963,2.42508e-05,33.0837,79.6738,7.67162e-06,37.4415,100.288,2.32837e-06,42.3767,126.236,7.33e-07,47.9646,158.896,2.79256e-07,54.2906,200.003,9.87351e-09,61.452,251.741,1.61085e-07,69.5585,316.859,-2.47141e-07,78.7347,398.812,8.93552e-08,89.1218,501.948,-2.53231e-07,100.879,631.736,-1.25047e-07,114.188,795.049,-1.78808e-07,129.252,1000.53,2.6733e-07,146.304,1259.03,4.50292e-07,165.605,1584.19,6.76904e-07,187.452,1993.12,-1.23808e-07,212.181,2507.27,-4.89068e-07,240.173,3153.54,-5.40284e-07,271.856,3965.56,1.86061e-07,307.719,4985.38,4.37004e-07,348.313,6265.4,3.59828e-07,394.26,7870.83,3.98192e-07,446.268,9882.51,-1.92908e-07,505.135,12400.3,-2.20392e-07,571.766,15546.9,1.51705e-07,647.184,19472.2,5.74996e-07,732.547,24357.4,5.39112e-07,829.167,30420,5.07815e-09,938.526,37916.3,-4.11492e-07,1062.3,47143.9,-3.9561e-07,1202.4,58439.2,3.86185e-08,1360.96,72169.3,5.94093e-07,1540.42,88715.8,7.47693e-07,1743.53,108445,1.78537e-07,1973.41,131665,-4.12549e-07,2233.57,158557,-5.37164e-07,2528,189103,-1.17615e-07,2861.2,222986,5.66769e-07,3238.27,259510,9.45053e-07,3664.97,297540,4.25093e-07,4147.81,335497,-3.58506e-07,4694.17,371444,-6.7724e-07,5312.37,403256,1.67192e-07,1.61744,3.89446,9.84394,3.28846,7.5504,12.774,5.07607,11.7187,13.6844,7.03202,16.8147,13.9681,9.20215,23.1769,14.0566,11.6301,31.1672,14.0841,14.3598,41.2186,14.0927,17.4376,53.8688,14.0954,20.9137,69.7915,14.0962,24.8432,89.8341,14.0965,29.2879,115.063,14.0966,34.3168,146.819,14.0966,40.0078,186.792,14.0966,46.4487,237.107,14.0966,53.7388,300.44,14.0966,61.9903,380.158,14.0966,71.3301,480.499,14.0966,81.902,606.796,14.0966,93.8685,765.761,14.0966,107.414,965.837,14.0966,122.746,1217.65,14.0966,140.101,1534.57,14.0966,159.745,1933.41,14.0966,181.981,2435.3,14.0966,207.15,3066.85,14.0966,235.64,3861.46,14.0966,267.889,4861.11,14.0966,304.391,6118.54,14.0966,345.709,7699.91,14.0966,392.478,9688.22,14.0966,445.417,12187.5,14.0966,505.339,15327.7,14.0966,573.165,19271.6,14.0966,649.938,24222,14.0966,736.839,30430.9,14.0966,835.202,38211.5,14.0966,946.539,47950.3,14.0966,1072.56,60122.8,14.0966,1215.21,75309.9,14.0966,1376.66,94216.2,14.0966,1559.41,117688,14.0966,1766.26,146729,14.0966,2000.39,182510,14.0966,2265.39,226372,14.0966,2565.33,279806,14.0966,2904.81,344416,14.0966,3289.05,421845,14.0966,3723.93,513667,14.0966,4216.13,621231,14.0966,4773.18,745478,14.0966,5403.64,886744,14.0966,6117.15,1.04457e+06,14.0966,6924.63,1.2176e+06,14.0966,11.7194,11.96,12.6541,13.9321,16.1295,13.6434,16.6097,21.9702,13.9553,19.7532,29.5285,14.0526,23.3844,39.1143,14.0829,27.5423,51.2054,14.0923,32.2796,66.434,14.0953,37.662,85.6061,14.0962,43.7675,109.74,14.0965,50.687,140.119,14.0966,58.5249,178.359,14.0966,67.4005,226.493,14.0966,77.4493,287.08,14.0966,88.8254,363.343,14.0966,101.703,459.336,14.0966,116.281,580.161,14.0966,132.782,732.241,14.0966,151.46,923.655,14.0966,172.603,1164.57,14.0966,196.535,1467.79,14.0966,223.625,1849.39,14.0966,254.288,2329.62,14.0966,288.997,2933.93,14.0966,328.285,3694.33,14.0966,372.755,4651.04,14.0966,423.092,5854.57,14.0966,480.07,7368.38,14.0966,544.564,9272.08,14.0966,617.566,11665.5,14.0966,700.197,14673.6,14.0966,793.729,18452.9,14.0966,899.599,23198.6,14.0966,1019.43,29154.1,14.0966,1155.07,36622.3,14.0966,1308.6,45977.9,14.0966,1482.39,57683.7,14.0966,1679.09,72307.8,14.0966,1901.73,90542.8,14.0966,2153.73,113226,14.0966,2438.97,141360,14.0966,2761.81,176127,14.0966,3127.22,218898,14.0966,3540.81,271226,14.0966,4008.92,334817,14.0966,4538.74,411470,14.0966,5138.38,502973,14.0966,5817.04,610948,14.0966,6585.12,736653,14.0966,7454.39,880741,14.0966,8438.15,1.04302e+06,14.0966,9551.45,1.22224e+06,14.0966,10811.3,1.41602e+06,14.0966,12237,1.62086e+06,14.0966,11.7194,11.96,12.6541,2.21263,4.16949,0.989383,2.67766,5.84076,0.311842,3.14343,7.55825,0.0972771,3.63127,9.58578,0.0303237,4.15787,12.0912,0.00945211,4.73731,15.2286,0.00294633,5.38238,19.1721,0.000918508,6.10553,24.134,0.000286163,6.91951,30.3791,8.92692e-05,7.83792,38.2397,2.78121e-05,8.87555,48.1338,8.65134e-06,10.0489,60.5876,2.7882e-06,11.3761,76.2629,8.29036e-07,12.8779,95.9927,2.4373e-07,14.5775,120.825,4.33068e-09,16.5012,152.08,1.75749e-07,18.6784,191.415,-1.86328e-07,21.1428,240.917,1.91829e-07,23.9322,303.213,-1.81475e-07,27.0895,381.602,7.0186e-08,30.6634,480.231,-2.86769e-08,34.7087,604.316,2.40784e-07,39.2876,760.401,9.87368e-08,44.4705,956.705,1.22263e-07,50.3371,1203.54,-4.31966e-07,56.9776,1513.81,-1.9705e-07,64.494,1903.69,-2.763e-08,73.0018,2393.4,3.9185e-07,82.6317,3008.13,1.35379e-07,93.5318,3779.25,-4.16351e-08,105.869,4745.7,2.06965e-08,119.834,5955.6,-3.18887e-07,135.641,7468.12,-1.48271e-08,153.531,9355.62,2.00739e-07,173.781,11705.8,2.28358e-07,196.701,14624.1,-1.93587e-08,222.642,18235,-2.88101e-07,252.003,22683.4,-2.24732e-07,285.234,28134,8.56806e-09,322.845,34767,2.34258e-07,365.413,42770.9,2.99668e-07,413.588,52327.9,8.28644e-08,468.111,63591.2,-3.07049e-07,529.814,76653.2,-3.1888e-07,599.642,91502.5,-6.72276e-08,678.662,107975,2.26339e-07,768.083,125705,3.69212e-07,869.267,144088,2.04077e-07,983.76,162277,-2.80509e-07,1113.3,179223,-4.22737e-07,1259.87,193777,-1.71951e-07,1425.68,204839,4.55555e-07,11.7194,11.96,12.6541,2.21263,4.16949,0.989383,2.67766,5.84076,0.311842,3.14343,7.55825,0.0972771,3.63127,9.58578,0.0303237,4.15787,12.0912,0.00945211,4.73731,15.2286,0.00294633,5.38238,19.1721,0.000918508,6.10553,24.134,0.000286163,6.91951,30.3791,8.92692e-05,7.83792,38.2397,2.78121e-05,8.87555,48.1338,8.65134e-06,10.0489,60.5876,2.7882e-06,11.3761,76.2629,8.29036e-07,12.8779,95.9927,2.4373e-07,14.5775,120.825,1e-08,16.5012,152.08,1.75749e-07,18.6784,191.415,1e-08,21.1428,240.917,1.91829e-07,23.9322,303.213,1e-08,27.0895,381.602,7.0186e-08,30.6634,480.231,1e-08,34.7087,604.316,2.40784e-07,39.2876,760.401,9.87368e-08,44.4705,956.705,1.22263e-07,50.3371,1203.54,1e-08,56.9776,1513.81,1e-08,64.494,1903.69,1e-08,73.0018,2393.4,3.9185e-07,82.6317,3008.13,1.35379e-07,93.5318,3779.25,1e-08,105.869,4745.7,2.06965e-08,119.834,5955.6,1e-08,135.641,7468.12,1e-08,153.531,9355.62,2.00739e-07,173.781,11705.8,2.28358e-07,196.701,14624.1,1e-08,222.642,18235,1e-08,252.003,22683.4,1e-08,285.234,28134,1e-08,322.845,34767,2.34258e-07,365.413,42770.9,2.99668e-07,413.588,52327.9,8.28644e-08,468.111,63591.2,1e-08,529.814,76653.2,1e-08,599.642,91502.5,1e-08,678.662,107975,2.26339e-07,768.083,125705,3.69212e-07,869.267,144088,2.04077e-07,983.76,162277,1e-08,1113.3,179223,1e-08,1259.87,193777,1e-08,1425.68,204839,4.55555e-07,6.2823,3.27286,2.43537,0.219672,6.18826,2.24117,0.56371,6.87772,2.63624,0.308279,18,9,8,1,10,2,2,6,0,2,20,0,5,4,1,1,19,0,3,7,0,4,28,0,8,21,0,6,42,0,5,33,0,3,67,0,3,100,0,18,66,0,5,76,0,18,107,0,8,124,0,22,111,0,25,178,0,31,202,0,30,474,0,42,672,0,25,751,0,40,725,0,18,556,0,70,1330,0,37,1999,0,62,857,0,59,1071,0,35,6118,0,149,3856,0,185,3389,0,100,4338,0,191,12618,0,109,9169,0,164,14923,0,149,18040,0,207,11441,0,166,5340,0,483,57779,0,300,23754,0,502,45894,0,486,50438,0,338,83400,0,384,62839,0,350,42026,0,711,168936,0,737,80856,0,884,86331,0,1166,126755,0,1097,141316,0,1506,162027,0,983,270922,0
-1.05176e+08,1,8.88811e-15,10,1023,0,1.05176e+08,0.528882,1.08665,0.389689,0.145397,0.379329,3.24381,0.161596,0.446195,1.77396,0.159177,1.15e+07,4.49998e+06,6.79999e+06,1.15e+07,4.49997e+06,6.79999e+06,1.15e+07,4.49996e+06,6.79999e+06,1.15e+07,4.49995e+06,6.79999e+06,1.14999e+07,4.49993e+06,6.79999e+06,1.14999e+07,4.49991e+06,6.79999e+06,1.14999e+07,4.49989e+06,6.79999e+06,1.14999e+07,4.49986e+06,6.79999e+06,1.14999e+07,4.49982e+06,6.79999e+06,1.14999e+07,4.49977e+06,6.79999e+06,1.14999e+07,4.49971e+06,6.79999e+06,1.14999e+07,4.49963e+06,6.79999e+06,1.14998e+07,4.49953e+06,6.79999e+06,1.14998e+07,4.49941e+06,6.79999e+06,1.14998e+07,4.49926e+06,6.79999e+06,1.14998e+07,4.49906e+06,6.79999e+06,1.14997e+07,4.49882e+06,6.79999e+06,1.14997e+07,4.49851e+06,6.79999e+06,1.14997e+07,4.49812e+06,6.79999e+06,1.14996e+07,4.49764e+06,6.79999e+06,1.14996e+07,4.49702e+06,6.79999e+06,1.14995e+07,4.49625e+06,6.79999e+06,1.14995e+07,4.49528e+06,6.79999e+06,1.14994e+07,4.49406e+06,6.79999e+06,1.14993e+07,4.49253e+06,6.79999e+06,1.14992e+07,4.49059e+06,6.79999e+06,1.14991e+07,4.48817e+06,6.79999e+06,1.1499e+07,4.48511e+06,6.79999e+06,1.14988e+07,4.48128e+06,6.79999e+06,1.14987e+07,4.47646e+06,6.79999e+06,1.14985e+07,4.47041e+06,6.79999e+06,1.14983e+07,4.46281e+06,6.79999e+06,1.14981e+07,4.4533e+06,6.79999e+06,1.14979e+07,4.44138e+06,6.79999e+06,1.14976e+07,4.42649e+06,6.79999e+06,1.14972e+07,4.40789e+06,6.79999e+06,1.14969e+07,4.38471e+06,6.79999e+06,1.14965e+07,4.35592e+06,6.79999e+06,1.1496e+07,4.32027e+06,6.79999e+06,1.14955e+07,4.27629e+06,6.79999e+06,1.14949e+07,4.22231e+06,6.79999e+06,1.14942e+07,4.15647e+06,6.79999e+06,1.14934e+07,4.07676e+06,6.79999e+06,1.14926e+07,3.98112e+06,6.79999e+06,1.14916e+07,3.86765e+06,6.79999e+06,1.14905e+07,3.73474e+06,6.79999e+06,1.14892e+07,3.58148e+06,6.79999e+06,1.14878e+07,3.40785e+06,6.79999e+06,1.14862e+07,3.21513e+06,6.79999e+06,1.14844e+07,3.00605e+06,6.79999e+06,1.14823e+07,2.7848e+06,6.79999e+06,1.148e+07,2.5568e+06,6.79999e+06,1.14773e+07,2.32825e+06,6.79999e+06,13.5742,8.52444,0.508366,16.8306,13.2585,0.162638,20.0035,17.569,0.0507846,23.2616,22.4214,0.0158319,26.7328,28.3297,0.00493498,30.5212,35.6974,0.00153831,34.7178,44.9473,0.000479527,39.4086,56.5822,0.000149456,44.6796,71.2245,4.66214e-05,50.6209,89.6543,1.45419e-05,57.3297,112.852,4.54748e-06,64.9129,142.051,1.43857e-06,73.4897,178.803,4.36618e-07,83.1934,225.062,1.40153e-07,94.1745,283.286,4.96378e-08,106.602,356.568,1.05434e-07,120.669,448.799,-6.49244e-08,136.59,564.873,1.70148e-07,154.611,710.948,-5.34594e-08,175.008,894.767,1.63407e-07,198.097,1126.06,8.04804e-08,224.231,1417.07,1.14667e-07,253.813,1783.15,-1.71227e-07,287.297,2243.62,-2.88466e-07,325.198,2822.67,-4.33651e-07,368.098,3550.67,7.9318e-08,416.657,4465.65,3.13319e-07,471.621,5615.16,3.4613e-07,533.835,7058.61,-1.19199e-07,604.255,8870.02,-2.79964e-07,683.962,11141.4,-2.30521e-07,774.182,13986.7,-2.55099e-07,876.299,17546.4,1.23585e-07,991.883,21993.1,1.41192e-07,1122.71,27536.7,-9.71886e-08,1270.78,34430.7,-3.68368e-07,1438.38,42977.7,-3.45379e-07,1628.07,53532.7,-3.25328e-09,1842.77,66504.6,2.6362e-07,2085.77,82350.2,2.53445e-07,2360.79,101560,-2.47407e-08,2672.05,124632,-3.80602e-07,3024.31,152018,-4.79005e-07,3422.98,184060,-1.14379e-07,3874.15,220884,2.64297e-07,4384.72,262283,3.44131e-07,4962.49,307576,7.5349e-08,5616.29,355497,-3.63097e-07,6356.1,404126,-6.05442e-07,7193.18,450932,-2.72333e-07,8140.28,492963,2.29675e-07,9211.79,527178,4.3387e-07,10424,550893,-1.0711e-07,10.102,8.06553,2.81012,10.6436,8.57909,0.869423,11.5336,10.2515,0.270869,12.7211,12.7138,0.0844293,14.1823,15.9373,0.0263173,15.9122,20.0383,0.0082035,17.9198,25.2154,0.00255722,20.2244,31.7373,0.000797017,22.8539,39.9486,0.000248622,25.8438,50.2851,7.75492e-05,29.237,63.2963,2.42508e-05,33.0837,79.6738,7.67162e-06,37.4415,100.288,2.32837e-06,42.3767,126.236,7.33e-07,47.9646,158.896,2.79256e-07,54.2906,200.003,9.87351e-09,61.452,251.741,1.61085e-07,69.5585,316.859,-2.47141e-07,78.7347,398.812,8.93552e-08,89.1218,501.948,-2.53231e-07,100.879,631.736,-1.25047e-07,114.188,795.049,-1.78808e-07,129.252,1000.53,2.6733e-07,146.304,1259.03,4.50292e-07,165.605,1584.19,6.76904e-07,187.452,1993.12,-1.23808e-07,212.181,2507.27,-4.89068e-07,240.173,3153.54,-5.40284e-07,271.856,3965.56,1.86061e-07,307.719,4985.38,4.37004e-07,348.313,6265.4,3.59828e-07,394.26,7870.83,3.98192e-07,446.268,9882.51,-1.92908e-07,505.135,12400.3,-2.20392e-07,571.766,15546.9,1.51705e-07,647.184,19472.2,5.74996e-07,732.547,24357.4,5.39112e-07,829.167,30420,5.07815e-09,938.526,37916.3,-4.11492e-07,1062.3,47143.9,-3.9561e-07,1202.4,58439.2,3.86185e-08,1360.96,72169.3,5.94093e-07,1540.42,88715.8,7.47693e-07,1743.53,108445,1.78537e-07,1973.41,131665,-4.12549e-07,2233.57,158557,-5.37164e-07,2528,189103,-1.17615e-07,2861.2,222986,5.66769e-07,3238.27,259510,9.45053e-07,3664.97,297540,4.25093e-07,4147.81,335497,-3.58506e-07,4694.17,371444,-6.7724e-07,5312.37,403256,1.67192e-07,1.61744,3.89446,9.84394,3.28846,7.5504,12.774,5.07607,11.7187,13.6844,7.03202,16.8147,13.9681,9.20215,23.1769,14.0566,11.6301,31.1672,14.0841,14.3598,41.2186,14.0927,17.4376,53.8688,14.0954,20.9137,69.7915,14.0962,24.8432,89.8341,14.0965,29.2879,115.063,14.0966,34.3168,146.819,14.0966,40.0078,186.792,14.0966,46.4487,237.107,14.0966,53.7388,300.44,14.0966,61.9903,380.158,14.0966,71.3301,480.499,14.0966,81.902,606.796,14.0966,93.8685,765.761,14.0966,107.414,965.837,14.0966,122.746,1217.65,14.0966,140.101,1534.57,14.0966,159.745,1933.41,14.0966,181.981,2435.3,14.0966,207.15,3066.85,14.0966,235.64,3861.46,14.0966,267.889,4861.11,14.0966,304.391,6118.54,14.0966,345.709,7699.91,14.0966,392.478,9688.22,14.0966,445.417,12187.5,14.0966,505.339,15327.7,14.0966,573.165,19271.6,14.0966,649.938,24222,14.0966,736.839,30430.9,14.0966,835.202,38211.5,14.0966,946.539,47950.3,14.0966,1072.56,60122.8,14.0966,1215.21,75309.9,14.0966,1376.66,94216.2,14.0966,1559.41,117688,14.0966,1766.26,146729,14.0966,2000.39,182510,14.0966,2265.39,226372,14.0966,2565.33,279806,14.0966,2904.81,344416,14.0966,3289.05,421845,14.0966,3723.93,513667,14.0966,4216.13,621231,14.0966,4773.18,745478,14.0966,5403.64,886744,14.0966,6117.15,1.04457e+06,14.0966,6924.63,1.2176e+06,14.0966,11.7194,11.96,12.6541,13.9321,16.1295,13.6434,16.6097,21.9702,13.9553,19.7532,29.5285,14.0526,23.3844,39.1143,14.0829,27.5423,51.2054,14.0923,32.2796,66.434,14.0953,37.662,85.6061,14.0962,43.7675,109.74,14.0965,50.687,140.119,14.0966,58.5249,178.359,14.0966,67.4005,226.493,14.0966,77.4493,287.08,14.0966,88.8254,363.343,14.0966,101.703,459.336,14.0966,116.281,580.161,14.0966,132.782,732.241,14.0966,151.46,923.655,14.0966,172.603,1164.57,14.0966,196.535,1467.79,14.0966,223.625,1849.39,14.0966,254.288,2329.62,14.0966,288.997,2933.93,14.0966,328.285,3694.33,14.0966,372.755,4651.04,14.0966,423.092,5854.57,14.0966,480.07,7368.38,14.0966,544.564,9272.08,14.0966,617.566,11665.5,14.0966,700.197,14673.6,14.0966,793.729,18452.9,14.0966,899.599,23198.6,14.0966,1019.43,29154.1,14.0966,1155.07,36622.3,14.0966,1308.6,45977.9,14.0966,1482.39,57683.7,14.0966,1679.09,72307.8,14.0966,1901.73,90542.8,14.0966,2153.73,113226,14.0966,2438.97,141360,14.0966,2761.81,176127,14.0966,3127.22,218898,14.0966,3540.81,271226,14.0966,4008.92,334817,14.0966,4538.74,411470,14.0966,5138.38,502973,14.0966,5817.04,610948,14.0966,6585.12,736653,14.0966,7454.39,880741,14.0966,8438.15,1.04302e+06,14.0966,9551.45,1.22224e+06,14.0966,10811.3,1.41602e+06,14.0966,12237,1.62086e+06,14.0966,11.7194,11.96,12.6541,2.21263,4.16949,0.989383,2.67766,5.84076,0.311842,3.14343,7.55825,0.0972771,3.63127,9.58578,0.0303237,4.15787,12.0912,0.00945211,4.73731,15.2286,0.00294633,5.38238,19.1721,0.000918508,6.10553,24.134,0.000286163,6.91951,30.3791,8.92692e-05,7.83792,38.2397,2.78121e-05,8.87555,48.1338,8.65134e-06,10.0489,60.5876,2.7882e-06,11.3761,76.2629,8.29036e-07,12.8779,95.9927,2.4373e-07,14.5775,120.825,4.33068e-09,16.5012,152.08,1.75749e-07,18.6784,191.415,-1.86328e-07,21.1428,240.917,1.91829e-07,23.9322,303.213,-1.81475e-07,27.0895,381.602,7.0186e-08,30.6634,480.231,-2.86769e-08,34.7087,604.316,2.40784e-07,39.2876,760.401,9.87368e-08,44.4705,956.705,1.22263e-07,50.3371,1203.54,-4.31966e-07,56.9776,1513.81,-1.9705e-07,64.494,1903.69,-2.763e-08,73.0018,2393.4,3.9185e-07,82.6317,3008.13,1.35379e-07,93.5318,3779.25,-4.16351e-08,105.869,4745.7,2.06965e-08,119.834,5955.6,-3.18887e-07,135.641,7468.12,-1.48271e-08,153.531,9355.62,2.00739e-07,173.781,11705.8,2.28358e-07,196.701,14624.1,-1.93587e-08,222.642,18235,-2.88101e-07,252.003,22683.4,-2.24732e-07,285.234,28134,8.56806e-09,322.845,34767,2.34258e-07,365.413,42770.9,2.99668e-07,413.588,52327.9,8.28644e-08,468.111,63591.2,-3.07049e-07,529.814,76653.2,-3.1888e-07,599.642,91502.5,-6.72276e-08,678.662,107975,2.26339e-07,768.083,125705,3.69212e-07,869.267,144088,2.04077e-07,983.76,162277,-2.80509e-07,1113.3,179223,-4.22737e-07,1259.87,193777,-1.71951e-07,1425.68,204839,4.55555e-07,11.7194,11.96,12.6541,2.21263,4.16949,0.989383,2.67766,5.84076,0.311842,3.14343,7.55825,0.0972771,3.63127,9.58578,0.0303237,4.15787,12.0912,0.00945211,4.73731,15.2286,0.00294633,5.38238,19.1721,0.000918508,6.10553,24.134,0.000286163,6.91951,30.3791,8.92692e-05,7.83792,38.2397,2.78121e-05,8.87555,48.1338,8.65134e-06,10.0489,60.5876,2.7882e-06,11.3761,76.2629,8.29036e-07,12.8779,95.9927,2.4373e-07,14.5775,120.825,1e-08,16.5012,152.08,1.75749e-07,18.6784,191.415,1e-08,21.1428,240.917,1.91829e-07,23.9322,303.213,1e-08,27.0895,381.602,7.0186e-08,30.6634,480.231,1e-08,34.7087,604.316,2.40784e-07,39.2876,760.401,9.87368e-08,44.4705,956.705,1.22263e-07,50.3371,1203.54,1e-08,56.9776,1513.81,1e-08,64.494,1903.69,1e-08,73.0018,2393.4,3.9185e-07,82.6317,3008.13,1.35379e-07,93.5318,3779.25,1e-08,105.869,4745.7,2.06965e-08,119.834,5955.6,1e-08,135.641,7468.12,1e-08,153.531,9355.62,2.00739e-07,173.781,11705.8,2.28358e-07,196.701,14624.1,1e-08,222.642,18235,1e-08,252.003,22683.4,1e-08,285.234,28134,1e-08,322.845,34767,2.34258e-07,365.413,42770.9,2.99668e-07,413.588,52327.9,8.28644e-08,468.111,63591.2,1e-08,529.814,76653.2,1e-08,599.642,91502.5,1e-08,678.662,107975,2.26339e-07,768.083,125705,3.69212e-07,869.267,144088,2.04077e-07,983.76,162277,1e-08,1113.3,179223,1e-08,1259.87,193777,1e-08,1425.68,204839,4.55555e-07,6.2823,3.27286,2.43537,0.219672,6.18826,2.24117,0.56371,6.87772,2.63624,0.308279,19,8,19,1,10,0,4,3,0,5,12,0,1,9,0,3,3,0,11,7,0,3,29,0,3,33,0,9,25,0,4,9,0,9,48,0,13,28,0,3,82,0,8,67,0,16,83,0,20,164,0,12,170,0,45,136,0,23,145,0,17,617,0,26,278,0,21,437,0,48,1414,0,47,814,0,53,1604,0,47,1565,0,48,1930,0,97,1738,0,105,2256,0,21,2788,0,92,3858,0,87,3122,0,139,7041,0,115,10413,0,147,19016,0,146,10238,0,84,38503,0,156,21954,0,462,23120,0,134,55624,0,285,11395,0,419,57369,0,555,37583,0,992,54247,0,373,74762,0,293,139772,0,454,164772,0,889,62814,0,772,109635,0,1192,91142,0,984,113848,0,884,344021,0
-1.05176e+08,1,8.88811e-15,10,1023,0,1.05176e+08,0.528882,1.08665,0.389689,0.145397,0.379329,3.24381,0.161596,0.446195,1.77396,0.159177,1.15e+07,4.49998e+06,6.79999e+06,1.15e+07,4.49997e+06,6.79999e+06,1.15e+07,4.49996e+06,6.79999e+06,1.15e+07,4.49995e+06,6.79999e+06,1.14999e+07,4.49993e+06,6.79999e+06,1.14999e+07,4.49991e+06,6.79999e+06,1.14999e+07,4.49989e+06,6.79999e+06,1.14999e+07,4.49986e+06,6.79999e+06,1.14999e+07,4.49982e+06,6.79999e+06,1.14999e+07,4.49977e+06,6.79999e+06,1.14999e+07,4.49971e+06,6.79999e+06,1.14999e+07,4.49963e+06,6.79999e+06,1.14998e+07,4.49953e+06,6.79999e+06,1.14998e+07,4.49941e+06,6.79999e+06,1.14998e+07,4.49926e+06,6.79999e+06,1.14998e+07,4.49906e+06,6.79999e+06,1.14997e+07,4.49882e+06,6.79999e+06,1.14997e+07,4.49851e+06,6.79999e+06,1.14997e+07,4.49812e+06,6.79999e+06,1.14996e+07,4.49764e+06,6.79999e+06,1.14996e+07,4.49702e+06,6.79999e+06,1.14995e+07,4.49625e+06,6.79999e+06,1.14995e+07,4.49528e+06,6.79999e+06,1.14994e+07,4.49406e+06,6.79999e+06,1.14993e+07,4.49253e+06,6.79999e+06,1.14992e+07,4.49059e+06,6.79999e+06,1.14991e+07,4.48817e+06,6.79999e+06,1.1499e+07,4.48511e+06,6.79999e+06,1.14988e+07,4.48128e+06,6.79999e+06,1.14987e+07,4.47646e+06,6.79999e+06,1.14985e+07,4.47041e+06,6.79999e+06,1.14983e+07,4.46281e+06,6.79999e+06,1.14981e+07,4.4533e+06,6.79999e+06,1.14979e+07,4.44138e+06,6.79999e+06,1.14976e+07,4.42649e+06,6.79999e+06,1.14972e+07,4.40789e+06,6.79999e+06,1.14969e+07,4.38471e+06,6.79999e+06,1.14965e+07,4.35592e+06,6.79999e+06,1.1496e+07,4.32027e+06,6.79999e+06,1.14955e+07,4.27629e+06,6.79999e+06,1.14949e+07,4.22231e+06,6.79999e+06,1.14942e+07,4.15647e+06,6.79999e+06,1.14934e+07,4.07676e+06,6.79999e+06,1.14926e+07,3.98112e+06,6.79999e+06,1.14916e+07,3.86765e+06,6.79999e+06,1.14905e+07,3.73474e+06,6.79999e+06,1.14892e+07,3.58148e+06,6.79999e+06,1.14878e+07,3.40785e+06,6.79999e+06,1.14862e+07,3.21513e+06,6.79999e+06,1.14844e+07,3.00605e+06,6.79999e+06,1.14823e+07,2.7848e+06,6.79999e+06,1.148e+07,2.5568e+06,6.79999e+06,1.14773e+07,2.32825e+06,6.79999e+06,13.5742,8.52444,0.508366,16.8306,13.2585,0.162638,20.0035,17.569,0.0507846,23.2616,22.4214,0.0158319,26.7328,28.3297,0.00493498,30.5212,35.6974,0.00153831,34.7178,44.9473,0.000479527,39.4086,56.5822,0.000149456,44.6796,71.2245,4.66214e-05,50.6209,89.6543,1.45419e-05,57.3297,112.852,4.54748e-06,64.9129,142.051,1.43857e-06,73.4897,178.803,4.36618e-07,83.1934,225.062,1.40153e-07,94.1745,283.286,4.96378e-08,106.602,356.568,1.05434e-07,120.669,448.799,-6.49244e-08,136.59,564.873,1.70148e-07,154.611,710.948,-5.34594e-08,175.008,894.767,1.63407e-07,198.097,1126.06,8.04804e-08,224.231,1417.07,1.14667e-07,253.813,1783.15,-1.71227e-07,287.297,2243.62,-2.88466e-07,325.198,2822.67,-4.33651e-07,368.098,3550.67,7.9318e-08,416.657,4465.65,3.13319e-07,471.621,5615.16,3.4613e-07,533.835,7058.61,-1.19199e-07,604.255,8870.02,-2.79964e-07,683.962,11141.4,-2.30521e-07,774.182,13986.7,-2.55099e-07,876.299,17546.4,1.23585e-07,991.883,21993.1,1.41192e-07,1122.71,27536.7,-9.71886e-08,1270.78,34430.7,-3.68368e-07,1438.38,42977.7,-3.45379e-07,1628.07,53532.7,-3.25328e-09,1842.77,66504.6,2.6362e-07,2085.77,82350.2,2.53445e-07,2360.79,101560,-2.47407e-08,2672.05,124632,-3.80602e-07,3024.31,152018,-4.79005e-07,3422.98,184060,-1.14379e-07,3874.15,220884,2.64297e-07,4384.72,262283,3.44131e-07,4962.49,307576,7.5349e-08,5616.29,355497,-3.63097e-07,6356.1,404126,-6.05442e-07,7193.18,450932,-2.72333e-07,8140.28,492963,2.29675e-07,9211.79,527178,4.3387e-07,10424,550893,-1.0711e-07,10.102,8.06553,2.81012,10.6436,8.57909,0.869423,11.5336,10.2515,0.270869,12.7211,12.7138,0.0844293,14.1823,15.9373,0.0263173,15.9122,20.0383,0.0082035,17.9198,25.2154,0.00255722,20.2244,31.7373,0.000797017,22.8539,39.9486,0.000248622,25.8438,50.2851,7.75492e-05,29.237,63.2963,2.42508e-05,33.0837,79.6738,7.67162e-06,37.4415,100.288,2.32837e-06,42.3767,126.236,7.33e-07,47.9646,158.896,2.79256e-07,54.2906,200.003,9.87351e-09,61.452,251.741,1.61085e-07,69.5585,316.859,-2.47141e-07,78.7347,398.812,8.93552e-08,89.1218,501.948,-2.53231e-07,100.879,631.736,-1.25047e-07,114.188,795.049,-1.78808e-07,129.252,1000.53,2.6733e-07,146.304,1259.03,4.50292e-07,165.605,1584.19,6.76904e-07,187.452,1993.12,-1.23808e-07,212.181,2507.27,-4.89068e-07,240.173,3153.54,-5.40284e-07,271.856,3965.56,1.86061e-07,307.719,4985.38,4.37004e-07,348.313,6265.4,3.59828e-07,394.26,7870.83,3.98192e-07,446.268,9882.51,-1.92908e-07,505.135,12400.3,-2.20392e-07,571.766,15546.9,1.51705e-07,647.184,19472.2,5.74996e-07,732.547,24357.4,5.39112e-07,829.167,30420,5.07815e-09,938.526,37916.3,-4.11492e-07,1062.3,47143.9,-3.9561e-07,1202.4,58439.2,3.86185e-08,1360.96,72169.3,5.94093e-07,1540.42,88715.8,7.47693e-07,1743.53,108445,1.78537e-07,1973.41,131665,-4.12549e-07,2233.57,158557,-5.37164e-07,2528,189103,-1.17615e-07,2861.2,222986,5.66769e-07,3238.27,259510,9.45053e-07,3664.97,297540,4.25093e-07,4147.81,335497,-3.58506e-07,4694.17,371444,-6.7724e-07,5312.37,403256,1.67192e-07,1.61744,3.89446,9.84394,3.28846,7.5504,12.774,5.07607,11.7187,13.6844,7.03202,16.8147,13.9681,9.20215,23.1769,14.0566,11.6301,31.1672,14.0841,14.3598,41.2186,14.0927,17.4376,53.8688,14.0954,20.9137,69.7915,14.0962,24.8432,89.8341,14.0965,29.2879,115.063,14.0966,34.3168,146.819,14.0966,40.0078,186.792,14.0966,46.4487,237.107,14.0966,53.7388,300.44,14.0966,61.9903,380.158,14.0966,71.3301,480.499,14.0966,81.902,606.796,14.0966,93.8685,765.761,14.0966,107.414,965.837,14.0966,122.746,1217.65,14.0966,140.101,1534.57,14.0966,159.745,1933.41,14.0966,181.981,2435.3,14.0966,207.15,3066.85,14.0966,235.64,3861.46,14.0966,267.889,4861.11,14.0966,304.391,6118.54,14.0966,345.709,7699.91,14.0966,392.478,9688.22,14.0966,445.417,12187.5,14.0966,505.339,15327.7,14.0966,573.165,19271.6,14.0966,649.938,24222,14.0966,736.839,30430.9,14.0966,835.202,38211.5,14.0966,946.539,47950.3,14.0966,1072.56,60122.8,14.0966,1215.21,75309.9,14.0966,1376.66,94216.2,14.0966,1559.41,117688,14.0966,1766.26,146729,14.0966,2000.39,182510,14.0966,2265.39,226372,14.0966,2565.33,279806,14.0966,2904.81,344416,14.0966,3289.05,421845,14.0966,3723.93,513667,14.0966,4216.13,621231,14.0966,4773.18,745478,14.0966,5403.64,886744,14.0966,6117.15,1.04457e+06,14.0966,6924.63,1.2176e+06,14.0966,11.7194,11.96,12.6541,13.9321,16.1295,13.6434,16.6097,21.9702,13.9553,19.7532,29.5285,14.0526,23.3844,39.1143,14.0829,27.5423,51.2054,14.0923,32.2796,66.434,14.0953,37.662,85.6061,14.0962,43.7675,109.74,14.0965,50.687,140.119,14.0966,58.5249,178.359,14.0966,67.4005,226.493,14.0966,77.4493,287.08,14.0966,88.8254,363.343,14.0966,101.703,459.336,14.0966,116.281,580.161,14.0966,132.782,732.241,14.0966,151.46,923.655,14.0966,172.603,1164.57,14.0966,196.535,1467.79,14.0966,223.625,1849.39,14.0966,254.288,2329.62,14.0966,288.997,2933.93,14.0966,328.285,3694.33,14.0966,372.755,4651.04,14.0966,423.092,5854.57,14.0966,480.07,7368.38,14.0966,544.564,9272.08,14.0966,617.566,11665.5,14.0966,700.197,14673.6,14.0966,793.729,18452.9,14.0966,899.599,23198.6,14.0966,1019.43,29154.1,14.0966,1155.07,36622.3,14.0966,1308.6,45977.9,14.0966,1482.39,57683.7,14.0966,1679.09,72307.8,14.0966,1901.73,90542.8,14.0966,2153.73,113226,14.0966,2438.97,141360,14.0966,2761.81,176127,14.0966,3127.22,218898,14.0966,3540.81,271226,14.0966,4008.92,334817,14.0966,4538.74,411470,14.0966,5138.38,502973,14.0966,5817.04,610948,14.0966,6585.12,736653,14.0966,7454.39,880741,14.0966,8438.15,1.04302e+06,14.0966,9551.45,1.22224e+06,14.0966,10811.3,1.41602e+06,14.0966,12237,1.62086e+06,14.0966,11.7194,11.96,12.6541,2.21263,4.16949,0.989383,2.67766,5.84076,0.311842,3.14343,7.55825,0.0972771,3.63127,9.58578,0.0303237,4.15787,12.0912,0.00945211,4.73731,15.2286,0.00294633,5.38238,19.1721,0.000918508,6.10553,24.134,0.000286163,6.91951,30.3791,8.92692e-05,7.83792,38.2397,2.78121e-05,8.87555,48.1338,8.65134e-06,10.0489,60.5876,2.7882e-06,11.3761,76.2629,8.29036e-07,12.8779,95.9927,2.4373e-07,14.5775,120.825,4.33068e-09,16.5012,152.08,1.75749e-07,18.6784,191.415,-1.86328e-07,21.1428,240.917,1.91829e-07,23.9322,303.213,-1.81475e-07,27.0895,381.602,7.0186e-08,30.6634,480.231,-2.86769e-08,34.7087,604.316,2.40784e-07,39.2876,760.401,9.87368e-08,44.4705,956.705,1.22263e-07,50.3371,1203.54,-4.31966e-07,56.9776,1513.81,-1.9705e-07,64.494,1903.69,-2.763e-08,73.0018,2393.4,3.9185e-07,82.6317,3008.13,1.35379e-07,93.5318,3779.25,-4.16351e-08,105.869,4745.7,2.06965e-08,119.834,5955.6,-3.18887e-07,135.641,7468.12,-1.48271e-08,153.531,9355.62,2.00739e-07,173.781,11705.8,2.28358e-07,196.701,14624.1,-1.93587e-08,222.642,18235,-2.88101e-07,252.003,22683.4,-2.24732e-07,285.234,28134,8.56806e-09,322.845,34767,2.34258e-07,365.413,42770.9,2.99668e-07,413.588,52327.9,8.28644e-08,468.111,63591.2,-3.07049e-07,529.814,76653.2,-3.1888e-07,599.642,91502.5,-6.72276e-08,678.662,107975,2.26339e-07,768.083,125705,3.69212e-07,869.267,144088,2.04077e-07,983.76,162277,-2.80509e-07,1113.3,179223,-4.22737e-07,1259.87,193777,-1.71951e-07,1425.68,204839,4.55555e-07,11.7194,11.96,12.6541,2.21263,4.16949,0.989383,2.67766,5.84076,0.311842,3.14343,7.55825,0.0972771,3.63127,9.58578,0.0303237,4.15787,12.0912,0.00945211,4.73731,15.2286,0.00294633,5.38238,19.1721,0.000918508,6.10553,24.134,0.000286163,6.91951,30.3791,8.92692e-05,7.83792,38.2397,2.78121e-05,8.87555,48.1338,8.65134e-06,10.0489,60.5876,2.7882e-06,11.3761,76.2629,8.29036e-07,12.8779,95.9927,2.4373e-07,14.5775,120.825,1e-08,16.5012,152.08,1.75749e-07,18.6784,191.415,1e-08,21.1428,240.917,1.91829e-07,23.9322,303.213,1e-08,27.0895,381.602,7.0186e-08,30.6634,480.231,1e-08,34.7087,604.316,2.40784e-07,39.2876,760.401,9.87368e-08,44.4705,956.705,1.22263e-07,50.3371,1203.54,1e-08,56.9776,1513.81,1e-08,64.494,1903.69,1e-08,73.0018,2393.4,3.9185e-07,82.6317,3008.13,1.35379e-07,93.5318,3779.25,1e-08,105.869,4745.7,2.06965e-08,119.834,5955.6,1e-08,135.641,7468.12,1e-08,153.531,9355.62,2.00739e-07,173.781,11705.8,2.28358e-07,196.701,14624.1,1e-08,222.642,18235,1e-08,252.003,22683.4,1e-08,285.234,28134,1e-08,322.845,34767,2.34258e-07,365.413,42770.9,2.99668e-07,413.588,52327.9,8.28644e-08,468.111,63591.2,1e-08,529.814,76653.2,1e-08,599.642,91502.5,1e-08,678.662,107975,2.26339e-07,768.083,125705,3.69212e-07,869.267,144088,2.04077e-07,983.76,162277,1e-08,1113.3,179223,1e-08,1259.87,193777,1e-08,1425.68,204839,4.55555e-07,6.2823,3.27286,2.43537,0.219672,6.18826,2.24117,0.56371,6.87772,2.63624,0.308279,11,15,18,4,5,2,2,5,1,3,4,0,6,9,0,4,10,0,9,13,0,4,20,0,9,61,0,6,18,0,6,36,0,12,59,0,10,41,0,6,42,0,15,85,0,22,125,0,10,189,0,6,197,0,16,207,0,24,252,0,57,305,0,12,485,0,23,837,0,31,382,0,36,1190,0,53,1253,0,109,1251,0,64,1574,0,71,1677,0,73,2078,0,126,6401,0,132,5205,0,171,7778,0,116,10015,0,66,6966,0,195,10355,0,191,18925,0,217,10860,0,474,23385,0,184,28278,0,317,31005,0,615,37342,0,359,61670,0,562,101577,0,436,77228,0,722,50397,0,1079,63156,0,719,119905,0,1098,111913,0,1305,123348,0,1008,168572,0,1197,242597,0,1160,262555,0
-1.05176e+08,1,8.88811e-15,10,1023,0,1.05176e+08,0.528882,1.08665,0.389689,0.145397,0.379329,3.24381,0.161596,0.446195,1.77396,0.159177,1.15e+07,4.49998e+06,6.79999e+06,1.15e+07,4.49997e+06,6.79999e+06,1.15e+07,4.49996e+06,6.79999e+06,1.15e+07,4.49995e+06,6.79999e+06,1.14999e+07,4.49993e+06,6.79999e+06,1.14999e+07,4.49991e+06,6.79999e+06,1.14999e+07,4.49989e+06,6.79999e+06,1.14999e+07,4.49986e+06,6.79999e+06,1.14999e+07,4.49982e+06,6.79999e+06,1.14999e+07,4.49977e+06,6.79999e+06,1.14999e+07,4.49971e+06,6.79999e+06,1.14999e+07,4.49963e+06,6.79999e+06,1.14998e+07,4.49953e+06,6.79999e+06,1.14998e+07,4.49941e+06,6.79999e+06,1.14998e+07,4.49926e+06,6.79999e+06,1.14998e+07,4.49906e+06,6.79999e+06,1.14997e+07,4.49882e+06,6.79999e+06,1.14997e+07,4.49851e+06,6.79999e+06,1.14997e+07,4.49812e+06,6.79999e+06,1.14996e+07,4.49764e+06,6.79999e+06,1.14996e+07,4.49702e+06,6.79999e+06,1.14995e+07,4.49625e+06,6.79999e+06,1.14995e+07,4.49528e+06,6.79999e+06,1.14994e+07,4.49406e+06,6.79999e+06,1.14993e+07,4.49253e+06,6.79999e+06,1.14992e+07,4.49059e+06,6.79999e+06,1.14991e+07,4.48817e+06,6.79999e+06,1.1499e+07,4.48511e+06,6.79999e+06,1.14988e+07,4.48128e+06,6.79999e+06,1.14987e+07,4.47646e+06,6.79999e+06,1.14985e+07,4.47041e+06,6.79999e+06,1.14983e+07,4.46281e+06,6.79999e+06,1.14981e+07,4.4533e+06,6.79999e+06,1.14979e+07,4.44138e+06,6.79999e+06,1.14976e+07,4.42649e+06,6.79999e+06,1.14972e+07,4.40789e+06,6.79999e+06,1.14969e+07,4.38471e+06,6.79999e+06,1.14965e+07,4.35592e+06,6.79999e+06,1.1496e+07,4.32027e+06,6.79999e+06,1.14955e+07,4.27629e+06,6.79999e+06,1.14949e+07,4.22231e+06,6.79999e+06,1.14942e+07,4.15647e+06,6.79999e+06,1.14934e+07,4.07676e+06,6.79999e+06,1.14926e+07,3.98112e+06,6.79999e+06,1.14916e+07,3.86765e+06,6.79999e+06,1.14905e+07,3.73474e+06,6.79999e+06,1.14892e+07,3.58148e+06,6.79999e+06,1.14878e+07,3.40785e+06,6.79999e+06,1.14862e+07,3.21513e+06,6.79999e+06,1.14844e+07,3.00605e+06,6.79999e+06,1.14823e+07,2.7848e+06,6.79999e+06,1.148e+07,2.5568e+06,6.79999e+06,1.14773e+07,2.32825e+06,6.79999e+06,13.5742,8.52444,0.508366,16.8306,13.2585,0.162638,20.0035,17.569,0.0507846,23.2616,22.4214,0.0158319,26.7328,28.3297,0.00493498,30.5212,35.6974,0.00153831,34.7178,44.9473,0.000479527,39.4086,56.5822,0.000149456,44.6796,71.2245,4.66214e-05,50.6209,89.6543,1.45419e-05,57.3297,112.852,4.54748e-06,64.9129,142.051,1.43857e-06,73.4897,178.803,4.36618e-07,83.1934,225.062,1.40153e-07,94.1745,283.286,4.96378e-08,106.602,356.568,1.05434e-07,120.669,448.799,-6.49244e-08,136.59,564.873,1.70148e-07,154.611,710.948,-5.34594e-08,175.008,894.767,1.63407e-07,198.097,1126.06,8.04804e-08,224.231,1417.07,1.14667e-07,253.813,1783.15,-1.71227e-07,287.297,2243.62,-2.88466e-07,325.198,2822.67,-4.33651e-07,368.098,3550.67,7.9318e-08,416.657,4465.65,3.13319e-07,471.621,5615.16,3.4613e-07,533.835,7058.61,-1.19199e-07,604.255,8870.02,-2.79964e-07,683.962,11141.4,-2.30521e-07,774.182,13986.7,-2.55099e-07,876.299,17546.4,1.23585e-07,991.883,21993.1,1.41192e-07,1122.71,27536.7,-9.71886e-08,1270.78,34430.7,-3.68368e-07,1438.38,42977.7,-3.45379e-07,1628.07,53532.7,-3.25328e-09,1842.77,66504.6,2.6362e-07,2085.77,82350.2,2.53445e-07,2360.79,101560,-2.47407e-08,2672.05,124632,-3.80602e-07,3024.31,152018,-4.79005e-07,3422.98,184060,-1.14379e-07,3874.15,220884,2.64297e-07,4384.72,262283,3.44131e-07,4962.49,307576,7.5349e-08,5616.29,355497,-3.63097e-07,6356.1,404126,-6.05442e-07,7193.18,450932,-2.72333e-07,8140.28,492963,2.29675e-07,9211.79,527178,4.3387e-07,10424,550893,-1.0711e-07,10.102,8.06553,2.81012,10.6436,8.57909,0.869423,11.5336,10.2515,0.270869,12.7211,12.7138,0.0844293,14.1823,15.9373,0.0263173,15.9122,20.0383,0.0082035,17.9198,25.2154,0.00255722,20.2244,31.7373,0.000797017,22.8539,39.9486,0.000248622,25.8438,50.2851,7.75492e-05,29.237,63.2963,2.42508e-05,33.0837,79.6738,7.67162e-06,37.4415,100.288,2.32837e-06,42.3767,126.236,7.33e-07,47.9646,158.896,2.79256e-07,54.2906,200.003,9.87351e-09,61.452,251.741,1.61085e-07,69.5585,316.859,-2.47141e-07,78.7347,398.812,8.93552e-08,89.1218,501.948,-2.53231e-07,100.879,631.736,-1.25047e-07,114.188,795.049,-1.78808e-07,129.252,1000.53,2.6733e-07,146.304,1259.03,4.50292e-07,165.605,1584.19,6.76904e-07,187.452,1993.12,-1.23808e-07,212.181,2507.27,-4.89068e-07,240.173,3153.54,-5.40284e-07,271.856,3965.56,1.86061e-07,307.719,4985.38,4.37004e-07,348.313,6265.4,3.59828e-07,394.26,7870.83,3.98192e-07,446.268,9882.51,-1.92908e-07,505.135,12400.3,-2.20392e-07,571.766,15546.9,1.51705e-07,647.184,19472.2,5.74996e-07,732.547,24357.4,5.39112e-07,829.167,30420,5.07815e-09,938.526,37916.3,-4.11492e-07,1062.3,47143.9,-3.9561e-07,1202.4,58439.2,3.86185e-08,1360.96,72169.3,5.94093e-07,1540.42,88715.8,7.47693e-07,1743.53,108445,1.78537e-07,1973.41,131665,-4.12549e-07,2233.57,158557,-5.37164e-07,2528,189103,-1.17615e-07,2861.2,222986,5.66769e-07,3238.27,259510,9.45053e-07,3664.97,297540,4.25093e-07,4147.81,335497,-3.58506e-07,4694.17,371444,-6.7724e-07,5312.37,403256,1.67192e-07,1.61744,3.89446,9.84394,3.28846,7.5504,12.774,5.07607,11.7187,13.6844,7.03202,16.8147,13.9681,9.20215,23.1769,14.0566,11.6301,31.1672,14.0841,14.3598,41.2186,14.0927,17.4376,53.8688,14.0954,20.9137,69.7915,14.0962,24.8432,89.8341,14.0965,29.2879,115.063,14.0966,34.3168,146.819,14.0966,40.0078,186.792,14.0966,46.4487,237.107,14.0966,53.7388,300.44,14.0966,61.9903,380.158,14.0966,71.3301,480.499,14.0966,81.902,606.796,14.0966,93.8685,765.761,14.0966,107.414,965.837,14.0966,122.746,1217.65,14.0966,140.101,1534.57,14.0966,159.745,1933.41,14.0966,181.981,2435.3,14.0966,207.15,3066.85,14.0966,235.64,3861.46,14.0966,267.889,4861.11,14.0966,304.391,6118.54,14.0966,345.709,7699.91,14.0966,392.478,9688.22,14.0966,445.417,12187.5,14.0966,505.339,15327.7,14.0966,573.165,19271.6,14.0966,649.938,24222,14.0966,736.839,30430.9,14.0966,835.202,38211.5,14.0966,946.539,47950.3,14.0966,1072.56,60122.8,14.0966,1215.21,75309.9,14.0966,1376.66,94216.2,14.0966,1559.41,117688,14.0966,1766.26,146729,14.0966,2000.39,182510,14.0966,2265.39,226372,14.0966,2565.33,279806,14.0966,2904.81,344416,14.0966,3289.05,421845,14.0966,3723.93,513667,14.0966,4216.13,621231,14.0966,4773.18,745478,14.0966,5403.64,886744,14.0966,6117.15,1.04457e+06,14.0966,6924.63,1.2176e+06,14.0966,11.7194,11.96,12.6541,13.9321,16.1295,13.6434,16.6097,21.9702,13.9553,19.7532,29.5285,14.0526,23.3844,39.1143,14.0829,27.5423,51.2054,14.0923,32.2796,66.434,14.0953,37.662,85.6061,14.0962,43.7675,109.74,14.0965,50.687,140.119,14.0966,58.5249,178.359,14.0966,67.4005,226.493,14.0966,77.4493,287.08,14.0966,88.8254,363.343,14.0966,101.703,459.336,14.0966,116.281,580.161,14.0966,132.782,732.241,14.0966,151.46,923.655,14.0966,172.603,1164.57,14.0966,196.535,1467.79,14.0966,223.625,1849.39,14.0966,254.288,2329.62,14.0966,288.997,2933.93,14.0966,328.285,3694.33,14.0966,372.755,4651.04,14.0966,423.092,5854.57,14.0966,480.07,7368.38,14.0966,544.564,9272.08,14.0966,617.566,11665.5,14.0966,700.197,14673.6,14.0966,793.729,18452.9,14.0966,899.599,23198.6,14.0966,1019.43,29154.1,14.0966,1155.07,36622.3,14.0966,1308.6,45977.9,14.0966,1482.39,57683.7,14.0966,1679.09,72307.8,14.0966,1901.73,90542.8,14.0966,2153.73,113226,14.0966,2438.97,141360,14.0966,2761.81,176127,14.0966,3127.22,218898,14.0966,3540.81,271226,14.0966,4008.92,334817,14.0966,4538.74,411470,14.0966,5138.38,502973,14.0966,5817.04,610948,14.0966,6585.12,736653,14.0966,7454.39,880741,14.0966,8438.15,1.04302e+06,14.0966,9551.45,1.22224e+06,14.0966,10811.3,1.41602e+06,14.0966,12237,1.62086e+06,14.0966,11.7194,11.96,12.6541,2.21263,4.16949,0.989383,2.67766,5.84076,0.311842,3.14343,7.55825,0.0972771,3.63127,9.58578,0.0303237,4.15787,12.0912,0.00945211,4.73731,15.2286,0.00294633,5.38238,19.1721,0.000918508,6.10553,24.134,0.000286163,6.91951,30.3791,8.92692e-05,7.83792,38.2397,2.78121e-05,8.87555,48.1338,8.65134e-06,10.0489,60.5876,2.7882e-06,11.3761,76.2629,8.29036e-07,12.8779,95.9927,2.4373e-07,14.5775,120.825,4.33068e-09,16.5012,152.08,1.75749e-07,18.6784,191.415,-1.86328e-07,21.1428,240.917,1.91829e-07,23.9322,303.213,-1.81475e-07,27.0895,381.602,7.0186e-08,30.6634,480.231,-2.86769e-08,34.7087,604.316,2.40784e-07,39.2876,760.401,9.87368e-08,44.4705,956.705,1.22263e-07,50.3371,1203.54,-4.31966e-07,56.9776,1513.81,-1.9705e-07,64.494,1903.69,-2.763e-08,73.0018,2393.4,3.9185e-07,82.6317,3008.13,1.35379e-07,93.5318,3779.25,-4.16351e-08,105.869,4745.7,2.06965e-08,119.834,5955.6,-3.18887e-07,135.641,7468.12,-1.48271e-08,153.531,9355.62,2.00739e-07,173.781,11705.8,2.28358e-07,196.701,14624.1,-1.93587e-08,222.642,18235,-2.88101e-07,252.003,22683.4,-2.24732e-07,285.234,28134,8.56806e-09,322.845,34767,2.34258e-07,365.413,42770.9,2.99668e-07,413.588,52327.9,8.28644e-08,468.111,63591.2,-3.07049e-07,529.814,76653.2,-3.1888e-07,599.642,91502.5,-6.72276e-08,678.662,107975,2.26339e-07,768.083,125705,3.69212e-07,869.267,144088,2.04077e-07,983.76,162277,-2.80509e-07,1113.3,179223,-4.22737e-07,1259.87,193777,-1.71951e-07,1425.68,204839,4.55555e-07,11.7194,11.96,12.6541,2.21263,4.16949,0.989383,2.67766,5.84076,0.311842,3.14343,7.55825,0.0972771,3.63127,9.58578,0.0303237,4.15787,12.0912,0.00945211,4.73731,15.2286,0.00294633,5.38238,19.1721,0.000918508,6.10553,24.134,0.000286163,6.91951,30.3791,8.92692e-05,7.83792,38.2397,2.78121e-05,8.87555,48.1338,8.65134e-06,10.0489,60.5876,2.7882e-06,11.3761,76.2629,8.29036e-07,12.8779,95.9927,2.4373e-07,14.5775,120.825,1e-08,16.5012,152.08,1.75749e-07,18.6784,191.415,1e-08,21.1428,240.917,1.91829e-07,23.9322,303.213,1e-08,27.0895,381.602,7.0186e-08,30.6634,480.231,1e-08,34.7087,604.316,2.40784e-07,39.2876,760.401,9.87368e-08,44.4705,956.705,1.22263e-07,50.3371,1203.54,1e-08,56.9776,1513.81,1e-08,64.494,1903.69,1e-08,73.0018,2393.4,3.9185e-07,82.6317,3008.13,1.35379e-07,93.5318,3779.25,1e-08,105.869,4745.7,2.06965e-08,119.834,5955.6,1e-08,135.641,7468.12,1e-08,153.531,9355.62,2.00739e-07,173.781,11705.8,2.28358e-07,196.701,14624.1,1e-08,222.642,18235,1e-08,252.003,22683.4,1e-08,285.234,28134,1e-08,322.845,34767,2.34258e-07,365.413,42770.9,2.99668e-07,413.588,52327.9,8.28644e-08,468.111,63591.2,1e-08,529.814,76653.2,1e-08,599.642,91502.5,1e-08,678.662,107975,2.26339e-07,768.083,125705,3.69212e-07,869.267,144088,2.04077e-07,983.76,162277,1e-08,1113.3,179223,1e-08,1259.87,193777,1e-08,1425.68,204839,4.55555e-07,6.2823,3.27286,2.43537,0.219672,6.18826,2.24117,0.56371,6.87772,2.63624,0.308279,15,9,9,0,11,0,8,7,0,6,13,1,6,8,1,5,14,0,6,8,0,3,21,0,0,12,0,17,26,0,5,44,0,7,38,0,9,96,0,30,53,0,17,44,0,20,109,0,9,107,0,21,105,0,11,373,0,20,527,0,38,272,0,30,596,0,32,415,0,39,458,0,53,1478,0,59,1522,0,31,1172,0,48,1364,0,74,2703,0,101,3287,0,118,4886,0,111,3581,0,162,6337,0,150,10204,0,79,16157,0,149,17105,0,98,9063,0,322,16471,0,380,18119,0,321,36191,0,368,26052,0,348,40974,0,290,49946,0,467,34376,0,461,82682,0,682,81871,0,788,101738,0,480,129352,0,573,147689,0,1590,300617,0,279,147236,0,459,150834,0,1906,179014,0
-1.05176e+08,1,8.88811e-15,10,1023,0,1.05176e+08,0.528882,1.08665,0.389689,0.145397,0.379329,3.24381,0.161596,0.446195,1.77396,0.159177,1.15e+07,4.49998e+06,6.79999e+06,1.15e+07,4.49997e+06,6.79999e+06,1.15e+07,4.49996e+06,6.79999e+06,1.15e+07,4.49995e+06,6.79999e+06,1.14999e+07,4.49993e+06,6.79999e+06,1.14999e+07,4.49991e+06,6.79999e+06,1.14999e+07,4.49989e+06,6.79999e+06,1.14999e+07,4.49986e+06,6.79999e+06,1.14999e+07,4.49982e+06,6.79999e+06,1.14999e+07,4.49977e+06,6.79999e+06,1.14999e+07,4.49971e+06,6.79999e+06,1.14999e+07,4.49963e+06,6.79999e+06,1.14998e+07,4.49953e+06,6.79999e+06,1.14998e+07,4.49941e+06,6.79999e+06,1.14998e+07,4.49926e+06,6.79999e+06,1.14998e+07,4.49906e+06,6.79999e+06,1.14997e+07,4.49882e+06,6.79999e+06,1.14997e+07,4.49851e+06,6.79999e+06,1.14997e+07,4.49812e+06,6.79999e+06,1.14996e+07,4.49764e+06,6.79999e+06,1.14996e+07,4.49702e+06,6.79999e+06,1.14995e+07,4.49625e+06,6.79999e+06,1.14995e+07,4.49528e+06,6.79999e+06,1.14994e+07,4.49406e+06,6.79999e+06,1.14993e+07,4.49253e+06,6.79999e+06,1.14992e+07,4.49059e+06,6.79999e+06,1.14991e+07,4.48817e+06,6.79999e+06,1.1499e+07,4.48511e+06,6.79999e+06,1.14988e+07,4.48128e+06,6.79999e+06,1.14987e+07,4.47646e+06,6.79999e+06,1.14985e+07,4.47041e+06,6.79999e+06,1.14983e+07,4.46281e+06,6.79999e+06,1.14981e+07,4.4533e+06,6.79999e+06,1.14979e+07,4.44138e+06,6.79999e+06,1.14976e+07,4.42649e+06,6.79999e+06,1.14972e+07,4.40789e+06,6.79999e+06,1.14969e+07,4.38471e+06,6.79999e+06,1.14965e+07,4.35592e+06,6.79999e+06,1.1496e+07,4.32027e+06,6.79999e+06,1.14955e+07,4.27629e+06,6.79999e+06,1.14949e+07,4.22231e+06,6.79999e+06,1.14942e+07,4.15647e+06,6.79999e+06,1.14934e+07,4.07676e+06,6.79999e+06,1.14926e+07,3.98112e+06,6.79999e+06,1.14916e+07,3.86765e+06,6.79999e+06,1.14905e+07,3.73474e+06,6.79999e+06,1.14892e+07,3.58148e+06,6.79999e+06,1.14878e+07,3.40785e+06,6.79999e+06,1.14862e+07,3.21513e+06,6.79999e+06,1.14844e+07,3.00605e+06,6.79999e+06,1.14823e+07,2.7848e+06,6.79999e+06,1.148e+07,2.5568e+06,6.79999e+06,1.14773e+07,2.32825e+06,6.79999e+06,13.5742,8.52444,0.508366,16.8306,13.2585,0.162638,20.0035,17.569,0.0507846,23.2616,22.4214,0.0158319,26.7328,28.3297,0.00493498,30.5212,35.6974,0.00153831,34.7178,44.9473,0.000479527,39.4086,56.5822,0.000149456,44.6796,71.2245,4.66214e-05,50.6209,89.6543,1.45419e-05,57.3297,112.852,4.54748e-06,64.9129,142.051,1.43857e-06,73.4897,178.803,4.36618e-07,83.1934,225.062,1.40153e-07,94.1745,283.286,4.96378e-08,106.602,356.568,1.05434e-07,120.669,448.799,-6.49244e-08,136.59,564.873,1.70148e-07,154.611,710.948,-5.34594e-08,175.008,894.767,1.63407e-07,198.097,1126.06,8.04804e-08,224.231,1417.07,1.14667e-07,253.813,1783.15,-1.71227e-07,287.297,2243.62,-2.88466e-07,325.198,2822.67,-4.33651e-07,368.098,3550.67,7.9318e-08,416.657,4465.65,3.13319e-07,471.621,5615.16,3.4613e-07,533.835,7058.61,-1.19199e-07,604.255,8870.02,-2.79964e-07,683.962,11141.4,-2.30521e-07,774.182,13986.7,-2.55099e-07,876.299,17546.4,1.23585e-07,991.883,21993.1,1.41192e-07,1122.71,27536.7,-9.71886e-08,1270.78,34430.7,-3.68368e-07,1438.38,42977.7,-3.45379e-07,1628.07,53532.7,-3.25328e-09,1842.77,66504.6,2.6362e-07,2085.77,82350.2,2.53445e-07,2360.79,101560,-2.47407e-08,2672.05,124632,-3.80602e-07,3024.31,152018,-4.79005e-07,3422.98,184060,-1.14379e-07,3874.15,220884,2.64297e-07,4384.72,262283,3.44131e-07,4962.49,307576,7.5349e-08,5616.29,355497,-3.63097e-07,6356.1,404126,-6.05442e-07,7193.18,450932,-2.72333e-07,8140.28,492963,2.29675e-07,9211.79,527178,4.3387e-07,10424,550893,-1.0711e-07,10.102,8.06553,2.81012,10.6436,8.57909,0.869423,11.5336,10.2515,0.270869,12.7211,12.7138,0.0844293,14.1823,15.9373,0.0263173,15.9122,20.0383,0.0082035,17.9198,25.2154,0.00255722,20.2244,31.7373,0.000797017,22.8539,39.9486,0.000248622,25.8438,50.2851,7.75492e-05,29.237,63.2963,2.42508e-05,33.0837,79.6738,7.67162e-06,37.4415,100.288,2.32837e-06,42.3767,126.236,7.33e-07,47.9646,158.896,2.79256e-07,54.2906,200.003,9.87351e-09,61.452,251.741,1.61085e-07,69.5585,316.859,-2.47141e-07,78.7347,398.812,8.93552e-08,89.1218,501.948,-2.53231e-07,100.879,631.736,-1.25047e-07,114.188,795.049,-1.78808e-07,129.252,1000.53,2.6733e-07,146.304,1259.03,4.50292e-07,165.605,1584.19,6.76904e-07,187.452,1993.12,-1.23808e-07,212.181,2507.27,-4.89068e-07,240.173,3153.54,-5.40284e-07,271.856,3965.56,1.86061e-07,307.719,4985.38,4.37004e-07,348.313,6265.4,3.59828e-07,394.26,7870.83,3.98192e-07,446.268,9882.51,-1.92908e-07,505.135,12400.3,-2.20392e-07,571.766,15546.9,1.51705e-07,647.184,19472.2,5.74996e-07,732.547,24357.4,5.39112e-07,829.167,30420,5.07815e-09,938.526,37916.3,-4.11492e-07,1062.3,47143.9,-3.9561e-07,1202.4,58439.2,3.86185e-08,1360.96,72169.3,5.94093e-07,1540.42,88715.8,7.47693e-07,1743.53,108445,1.78537e-07,1973.41,131665,-4.12549e-07,2233.57,158557,-5.37164e-07,2528,189103,-1.17615e-07,2861.2,222986,5.66769e-07,3238.27,259510,9.45053e-07,3664.97,297540,4.25093e-07,4147.81,335497,-3.58506e-07,4694.17,371444,-6.7724e-07,5312.37,403256,1.67192e-07,1.61744,3.89446,9.84394,3.28846,7.5504,12.774,5.07607,11.7187,13.6844,7.03202,16.8147,13.9681,9.20215,23.1769,14.0566,11.6301,31.1672,14.0841,14.3598,41.2186,14.0927,17.4376,53.8688,14.0954,20.9137,69.7915,14.0962,24.8432,89.8341,14.0965,29.2879,115.063,14.0966,34.3168,146.819,14.0966,40.0078,186.792,14.0966,46.4487,237.107,14.0966,53.7388,300.44,14.0966,61.9903,380.158,14.0966,71.3301,480.499,14.0966,81.902,606.796,14.0966,93.8685,765.761,14.0966,107.414,965.837,14.0966,122.746,1217.65,14.0966,140.101,1534.57,14.0966,159.745,1933.41,14.0966,181.981,2435.3,14.0966,207.15,3066.85,14.0966,235.64,3861.46,14.0966,267.889,4861.11,14.0966,304.391,6118.54,14.0966,345.709,7699.91,14.0966,392.478,9688.22,14.0966,445.417,12187.5,14.0966,505.339,15327.7,14.0966,573.165,19271.6,14.0966,649.938,24222,14.0966,736.839,30430.9,14.0966,835.202,38211.5,14.0966,946.539,47950.3,14.0966,1072.56,60122.8,14.0966,1215.21,75309.9,14.0966,1376.66,94216.2,14.0966,1559.41,117688,14.0966,1766.26,146729,14.0966,2000.39,182510,14.0966,2265.39,226372,14.0966,2565.33,279806,14.0966,2904.81,344416,14.0966,3289.05,421845,14.0966,3723.93,513667,14.0966,4216.13,621231,14.0966,4773.18,745478,14.0966,5403.64,886744,14.0966,6117.15,1.04457e+06,14.0966,6924.63,1.2176e+06,14.0966,11.7194,11.96,12.6541,13.9321,16.1295,13.6434,16.6097,21.9702,13.9553,19.7532,29.5285,14.0526,23.3844,39.1143,14.0829,27.5423,51.2054,14.0923,32.2796,66.434,14.0953,37.662,85.6061,14.0962,43.7675,109.74,14.0965,50.687,140.119,14.0966,58.5249,178.359,14.0966,67.4005,226.493,14.0966,77.4493,287.08,14.0966,88.8254,363.343,14.0966,101.703,459.336,14.0966,116.281,580.161,14.0966,132.782,732.241,14.0966,151.46,923.655,14.0966,172.603,1164.57,14.0966,196.535,1467.79,14.0966,223.625,1849.39,14.0966,254.288,2329.62,14.0966,288.997,2933.93,14.0966,328.285,3694.33,14.0966,372.755,4651.04,14.0966,423.092,5854.57,14.0966,480.07,7368.38,14.0966,544.564,9272.08,14.0966,617.566,11665.5,14.0966,700.197,14673.6,14.0966,793.729,18452.9,14.0966,899.599,23198.6,14.0966,1019.43,29154.1,14.0966,1155.07,36622.3,14.0966,1308.6,45977.9,14.0966,1482.39,57683.7,14.0966,1679.09,72307.8,14.0966,1901.73,90542.8,14.0966,2153.73,113226,14.0966,2438.97,141360,14.0966,2761.81,176127,14.0966,3127.22,218898,14.0966,3540.81,271226,14.0966,4008.92,334817,14.0966,4538.74,411470,14.0966,5138.38,502973,14.0966,5817.04,610948,14.0966,6585.12,736653,14.0966,7454.39,880741,14.0966,8438.15,1.04302e+06,14.0966,9551.45,1.22224e+06,14.0966,10811.3,1.41602e+06,14.0966,12237,1.62086e+06,14.0966,11.7194,11.96,12.6541,2.21263,4.16949,0.989383,2.67766,5.84076,0.311842,3.14343,7.55825,0.0972771,3.63127,9.58578,0.0303237,4.15787,12.0912,0.00945211,4.73731,15.2286,0.00294633,5.38238,19.1721,0.000918508,6.10553,24.134,0.000286163,6.91951,30.3791,8.92692e-05,7.83792,38.2397,2.78121e-05,8.87555,48.1338,8.65134e-06,10.0489,60.5876,2.7882e-06,11.3761,76.2629,8.29036e-07,12.8779,95.9927,2.4373e-07,14.5775,120.825,4.33068e-09,16.5012,152.08,1.75749e-07,18.6784,191.415,-1.86328e-07,21.1428,240.917,1.91829e-07,23.9322,303.213,-1.81475e-07,27.0895,381.602,7.0186e-08,30.6634,480.231,-2.86769e-08,34.7087,604.316,2.40784e-07,39.2876,760.401,9.87368e-08,44.4705,956.705,1.22263e-07,50.3371,1203.54,-4.31966e-07,56.9776,1513.81,-1.9705e-07,64.494,1903.69,-2.763e-08,73.0018,2393.4,3.9185e-07,82.6317,3008.13,1.35379e-07,93.5318,3779.25,-4.16351e-08,105.869,4745.7,2.06965e-08,119.834,5955.6,-3.18887e-07,135.641,7468.12,-1.48271e-08,153.531,9355.62,2.00739e-07,173.781,11705.8,2.28358e-07,196.701,14624.1,-1.93587e-08,222.642,18235,-2.88101e-07,252.003,22683.4,-2.24732e-07,285.234,28134,8.56806e-09,322.845,34767,2.34258e-07,365.413,42770.9,2.99668e-07,413.588,52327.9,8.28644e-08,468.111,63591.2,-3.07049e-07,529.814,76653.2,-3.1888e-07,599.642,91502.5,-6.72276e-08,678.662,107975,2.26339e-07,768.083,125705,3.69212e-07,869.267,144088,2.04077e-07,983.76,162277,-2.80509e-07,1113.3,179223,-4.22737e-07,1259.87,193777,-1.71951e-07,1425.68,204839,4.55555e-07,11.7194,11.96,12.6541,2.21263,4.16949,0.989383,2.67766,5.84076,0.311842,3.14343,7.55825,0.0972771,3.63127,9.58578,0.0303237,4.15787,12.0912,0.00945211,4.73731,15.2286,0.00294633,5.38238,19.1721,0.000918508,6.10553,24.134,0.000286163,6.91951,30.3791,8.92692e-05,7.83792,38.2397,2.78121e-05,8.87555,48.1338,8.65134e-06,10.0489,60.5876,2.7882e-06,11.3761,76.2629,8.29036e-07,12.8779,95.9927,2.4373e-07,14.5775,120.825,1e-08,16.5012,152.08,1.75749e-07,18.6784,191.415,1e-08,21.1428,240.917,1.91829e-07,23.9322,303.213,1e-08,27.0895,381.602,7.0186e-08,30.6634,480.231,1e-08,34.7087,604.316,2.40784e-07,39.2876,760.401,9.87368e-08,44.4705,956.705,1.22263e-07,50.3371,1203.54,1e-08,56.9776,1513.81,1e-08,64.494,1903.69,1e-08,73.0018,2393.4,3.9185e-07,82.6317,3008.13,1.35379e-07,93.5318,3779.25,1e-08,105.869,4745.7,2.06965e-08,119.834,5955.6,1e-08,135.641,7468.12,1e-08,153.531,9355.62,2.00739e-07,173.781,11705.8,2.28358e-07,196.701,14624.1,1e-08,222.642,18235,1e-08,252.003,22683.4,1e-08,285.234,28134,1e-08,322.845,34767,2.34258e-07,365.413,42770.9,2.99668e-07,413.588,52327.9,8.28644e-08,468.111,63591.2,1e-08,529.814,76653.2,1e-08,599.642,91502.5,1e-08,678.662,107975,2.26339e-07,768.083,125705,3.69212e-07,869.267,144088,2.04077e-07,983.76,162277,1e-08,1113.3,179223,1e-08,1259.87,193777,1e-08,1425.68,204839,4.55555e-07,6.2823,3.27286,2.43537,0.219672,6.18826,2.24117,0.56371,6.87772,2.63624,0.308279,12,5,9,0,10,2,2,5,1,4,8,0,6,8,0,1,16,0,6,21,0,3,31,0,13,13,0,7,26,0,19,44,0,5,51,0,12,95,0,7,87,0,15,57,0,15,157,0,24,81,0,18,236,0,11,299,0,20,201,0,22,370,0,33,158,0,49,855,0,27,388,0,74,1327,0,48,1189,0,99,1379,0,71,1423,0,77,2762,0,40,2134,0,130,3178,0,38,5637,0,149,7337,0,95,5951,0,191,10645,0,296,6117,0,166,28280,0,231,20457,0,211,23289,0,377,13507,0,407,37698,0,259,68056,0,388,44407,0,424,41342,0,243,61555,0,776,186268,0,638,167000,0,1160,50398,0,754,106783,0,350,85531,0,945,168709,0,539,71946,0,2223,114016,0
-1.05176e+08,2.19005e-49,8.88811e-15,10,1023,0,1.05176e+08,0.528882,1.08665,0.389689,0.145397,0.379329,3.24381,0.161596,0.446195,1.77396,0.159177,1.15e+07,4.49998e+06,6.79999e+06,1.15e+07,4.49997e+06,6.79999e+06,1.15e+07,4.49996e+06,6.79999e+06,1.15e+07,4.49995e+06,6.79999e+06,1.14999e+07,4.49993e+06,6.79999e+06,1.14999e+07,4.49991e+06,6.79999e+06,1.14999e+07,4.49989e+06,6.79999e+06,1.14999e+07,4.49986e+06,6.79999e+06,1.14999e+07,4.49982e+06,6.79999e+06,1.14999e+07,4.49977e+06,6.79999e+06,1.14999e+07,4.49971e+06,6.79999e+06,1.14999e+07,4.49963e+06,6.79999e+06,1.14998e+07,4.49953e+06,6.79999e+06,1.14998e+07,4.49941e+06,6.79999e+06,1.14998e+07,4.49926e+06,6.79999e+06,1.14998e+07,4.49906e+06,6.79999e+06,1.14997e+07,4.49882e+06,6.79999e+06,1.14997e+07,4.49851e+06,6.79999e+06,1.14997e+07,4.49812e+06,6.79999e+06,1.14996e+07,4.49764e+06,6.79999e+06,1.14996e+07,4.49702e+06,6.79999e+06,1.14995e+07,4.49625e+06,6.79999e+06,1.14995e+07,4.49528e+06,6.79999e+06,1.14994e+07,4.49406e+06,6.79999e+06,1.14993e+07,4.49253e+06,6.79999e+06,1.14992e+07,4.49059e+06,6.79999e+06,1.14991e+07,4.48817e+06,6.79999e+06,1.1499e+07,4.48511e+06,6.79999e+06,1.14988e+07,4.48128e+06,6.79999e+06,1.14987e+07,4.47646e+06,6.79999e+06,1.14985e+07,4.47041e+06,6.79999e+06,1.14983e+07,4.46281e+06,6.79999e+06,1.14981e+07,4.4533e+06,6.79999e+06,1.14979e+07,4.44138e+06,6.79999e+06,1.14976e+07,4.42649e+06,6.79999e+06,1.14972e+07,4.40789e+06,6.79999e+06,1.14969e+07,4.38471e+06,6.79999e+06,1.14965e+07,4.35592e+06,6.79999e+06,1.1496e+07,4.32027e+06,6.79999e+06,1.14955e+07,4.27629e+06,6.79999e+06,1.14949e+07,4.22231e+06,6.79999e+06,1.14942e+07,4.15647e+06,6.79999e+06,1.14934e+07,4.07676e+06,6.79999e+06,1.14926e+07,3.98112e+06,6.79999e+06,1.14916e+07,3.86765e+06,6.79999e+06,1.14905e+07,3.73474e+06,6.79999e+06,1.14892e+07,3.58148e+06,6.79999e+06,1.14878e+07,3.40785e+06,6.79999e+06,1.14862e+07,3.21513e+06,6.79999e+06,1.14844e+07,3.00605e+06,6.79999e+06,1.14823e+07,2.7848e+06,6.79999e+06,1.148e+07,2.5568e+06,6.79999e+06,1.14773e+07,2.32825e+06,6.79999e+06,13.5742,8.52444,0.508366,16.8306,13.2585,0.162638,20.0035,17.569,0.0507846,23.2616,22.4214,0.0158319,26.7328,28.3297,0.00493498,30.5212,35.6974,0.00153831,34.7178,44.9473,0.000479527,39.4086,56.5822,0.000149456,44.6796,71.2245,4.66214e-05,50.6209,89.6543,1.45419e-05,57.3297,112.852,4.54748e-06,64.9129,142.051,1.43857e-06,73.4897,178.803,4.36618e-07,83.1934,225.062,1.40153e-07,94.1745,283.286,4.96378e-08,106.602,356.568,1.05434e-07,120.669,448.799,-6.49244e-08,136.59,564.873,1.70148e-07,154.611,710.948,-5.34594e-08,175.008,894.767,1.63407e-07,198.097,1126.06,8.04804e-08,224.231,1417.07,1.14667e-07,253.813,1783.15,-1.71227e-07,287.297,2243.62,-2.88466e-07,325.198,2822.67,-4.33651e-07,368.098,3550.67,7.9318e-08,416.657,4465.65,3.13319e-07,471.621,5615.16,3.4613e-07,533.835,7058.61,-1.19199e-07,604.255,8870.02,-2.79964e-07,683.962,11141.4,-2.30521e-07,774.182,13986.7,-2.55099e-07,876.299,17546.4,1.23585e-07,991.883,21993.1,1.41192e-07,1122.71,27536.7,-9.71886e-08,1270.78,34430.7,-3.68368e-07,1438.38,42977.7,-3.45379e-07,1628.07,53532.7,-3.25328e-09,1842.77,66504.6,2.6362e-07,2085.77,82350.2,2.53445e-07,2360.79,101560,-2.47407e-08,2672.05,124632,-3.80602e-07,3024.31,152018,-4.79005e-07,3422.98,184060,-1.14379e-07,3874.15,220884,2.64297e-07,4384.72,262283,3.44131e-07,4962.49,307576,7.5349e-08,5616.29,355497,-3.63097e-07,6356.1,404126,-6.05442e-07,7193.18,450932,-2.72333e-07,8140.28,492963,2.29675e-07,9211.79,527178,4.3387e-07,10424,550893,-1.0711e-07,10.102,8.06553,2.81012,10.6436,8.57909,0.869423,11.5336,10.2515,0.270869,12.7211,12.7138,0.0844293,14.1823,15.9373,0.0263173,15.9122,20.0383,0.0082035,17.9198,25.2154,0.00255722,20.2244,31.7373,0.000797017,22.8539,39.9486,0.000248622,25.8438,50.2851,7.75492e-05,29.237,63.2963,2.42508e-05,33.0837,79.6738,7.67162e-06,37.4415,100.288,2.32837e-06,42.3767,126.236,7.33e-07,47.9646,158.896,2.79256e-07,54.2906,200.003,9.87351e-09,61.452,251.741,1.61085e-07,69.5585,316.859,-2.47141e-07,78.7347,398.812,8.93552e-08,89.1218,501.948,-2.53231e-07,100.879,631.736,-1.25047e-07,114.188,795.049,-1.78808e-07,129.252,1000.53,2.6733e-07,146.304,1259.03,4.50292e-07,165.605,1584.19,6.76904e-07,187.452,1993.12,-1.23808e-07,212.181,2507.27,-4.89068e-07,240.173,3153.54,-5.40284e-07,271.856,3965.56,1.86061e-07,307.719,4985.38,4.37004e-07,348.313,6265.4,3.59828e-07,394.26,7870.83,3.98192e-07,446.268,9882.51,-1.92908e-07,505.135,12400.3,-2.20392e-07,571.766,15546.9,1.51705e-07,647.184,19472.2,5.74996e-07,732.547,24357.4,5.39112e-07,829.167,30420,5.07815e-09,938.526,37916.3,-4.11492e-07,1062.3,47143.9,-3.9561e-07,1202.4,58439.2,3.86185e-08,1360.96,72169.3,5.94093e-07,1540.42,88715.8,7.47693e-07,1743.53,108445,1.78537e-07,1973.41,131665,-4.12549e-07,2233.57,158557,-5.37164e-07,2528,189103,-1.17615e-07,2861.2,222986,5.66769e-07,3238.27,259510,9.45053e-07,3664.97,297540,4.25093e-07,4147.81,335497,-3.58506e-07,4694.17,371444,-6.7724e-07,5312.37,403256,1.67192e-07,1.61744,3.89446,9.84394,3.28846,7.5504,12.774,5.07607,11.7187,13.6844,7.03202,16.8147,13.9681,9.20215,23.1769,14.0566,11.6301,31.1672,14.0841,14.3598,41.2186,14.0927,17.4376,53.8688,14.0954,20.9137,69.7915,14.0962,24.8432,89.8341,14.0965,29.2879,115.063,14.0966,34.3168,146.819,14.0966,40.0078,186.792,14.0966,46.4487,237.107,14.0966,53.7388,300.44,14.0966,61.9903,380.158,14.0966,71.3301,480.499,14.0966,81.902,606.796,14.0966,93.8685,765.761,14.0966,107.414,965.837,14.0966,122.746,1217.65,14.0966,140.101,1534.57,14.0966,159.745,1933.41,14.0966,181.981,2435.3,14.0966,207.15,3066.85,14.0966,235.64,3861.46,14.0966,267.889,4861.11,14.0966,304.391,6118.54,14.0966,345.709,7699.91,14.0966,392.478,9688.22,14.0966,445.417,12187.5,14.0966,505.339,15327.7,14.0966,573.165,19271.6,14.0966,649.938,24222,14.0966,736.839,30430.9,14.0966,835.202,38211.5,14.0966,946.539,47950.3,14.0966,1072.56,60122.8,14.0966,1215.21,75309.9,14.0966,1376.66,94216.2,14.0966,1559.41,117688,14.0966,1766.26,146729,14.0966,2000.39,182510,14.0966,2265.39,226372,14.0966,2565.33,279806,14.0966,2904.81,344416,14.0966,3289.05,421845,14.0966,3723.93,513667,14.0966,4216.13,621231,14.0966,4773.18,745478,14.0966,5403.64,886744,14.0966,6117.15,1.04457e+06,14.0966,6924.63,1.2176e+06,14.0966,11.7194,11.96,12.6541,13.9321,16.1295,13.6434,16.6097,21.9702,13.9553,19.7532,29.5285,14.0526,23.3844,39.1143,14.0829,27.5423,51.2054,14.0923,32.2796,66.434,14.0953,37.662,85.6061,14.0962,43.7675,109.74,14.0965,50.687,140.119,14.0966,58.5249,178.359,14.0966,67.4005,226.493,14.0966,77.4493,287.08,14.0966,88.8254,363.343,14.0966,101.703,459.336,14.0966,116.281,580.161,14.0966,132.782,732.241,14.0966,151.46,923.655,14.0966,172.603,1164.57,14.0966,196.535,1467.79,14.0966,223.625,1849.39,14.0966,254.288,2329.62,14.0966,288.997,2933.93,14.0966,328.285,3694.33,14.0966,372.755,4651.04,14.0966,423.092,5854.57,14.0966,480.07,7368.38,14.0966,544.564,9272.08,14.0966,617.566,11665.5,14.0966,700.197,14673.6,14.0966,793.729,18452.9,14.0966,899.599,23198.6,14.0966,1019.43,29154.1,14.0966,1155.07,36622.3,14.0966,1308.6,45977.9,14.0966,1482.39,57683.7,14.0966,1679.09,72307.8,14.0966,1901.73,90542.8,14.0966,2153.73,113226,14.0966,2438.97,141360,14.0966,2761.81,176127,14.0966,3127.22,218898,14.0966,3540.81,271226,14.0966,4008.92,334817,14.0966,4538.74,411470,14.0966,5138.38,502973,14.0966,5817.04,610948,14.0966,6585.12,736653,14.0966,7454.39,880741,14.0966,8438.15,1.04302e+06,14.0966,9551.45,1.22224e+06,14.0966,10811.3,1.41602e+06,14.0966,12237,1.62086e+06,14.0966,11.7194,11.96,12.6541,2.21263,4.16949,0.989383,2.67766,5.84076,0.311842,3.14343,7.55825,0.0972771,3.63127,9.58578,0.0303237,4.15787,12.0912,0.00945211,4.73731,15.2286,0.00294633,5.38238,19.1721,0.000918508,6.10553,24.134,0.000286163,6.91951,30.3791,8.92692e-05,7.83792,38.2397,2.78121e-05,8.87555,48.1338,8.65134e-06,10.0489,60.5876,2.7882e-06,11.3761,76.2629,8.29036e-07,12.8779,95.9927,2.4373e-07,14.5775,120.825,4.33068e-09,16.5012,152.08,1.75749e-07,18.6784,191.415,-1.86328e-07,21.1428,240.917,1.91829e-07,23.9322,303.213,-1.81475e-07,27.0895,381.602,7.0186e-08,30.6634,480.231,-2.86769e-08,34.7087,604.316,2.40784e-07,39.2876,760.401,9.87368e-08,44.4705,956.705,1.22263e-07,50.3371,1203.54,-4.31966e-07,56.9776,1513.81,-1.9705e-07,64.494,1903.69,-2.763e-08,73.0018,2393.4,3.9185e-07,82.6317,3008.13,1.35379e-07,93.5318,3779.25,-4.16351e-08,105.869,4745.7,2.06965e-08,119.834,5955.6,-3.18887e-07,135.641,7468.12,-1.48271e-08,153.531,9355.62,2.00739e-07,173.781,11705.8,2.28358e-07,196.701,14624.1,-1.93587e-08,222.642,18235,-2.88101e-07,252.003,22683.4,-2.24732e-07,285.234,28134,8.56806e-09,322.845,34767,2.34258e-07,365.413,42770.9,2.99668e-07,413.588,52327.9,8.28644e-08,468.111,63591.2,-3.07049e-07,529.814,76653.2,-3.1888e-07,599.642,91502.5,-6.72276e-08,678.662,107975,2.26339e-07,768.083,125705,3.69212e-07,869.267,144088,2.04077e-07,983.76,162277,-2.80509e-07,1113.3,179223,-4.22737e-07,1259.87,193777,-1.71951e-07,1425.68,204839,4.55555e-07,11.7194,11.96,12.6541,2.21263,4.16949,0.989383,2.67766,5.84076,0.311842,3.14343,7.55825,0.0972771,3.63127,9.58578,0.0303237,4.15787,12.0912,0.00945211,4.73731,15.2286,0.00294633,5.38238,19.1721,0.000918508,6.10553,24.134,0.000286163,6.91951,30.3791,8.92692e-05,7.83792,38.2397,2.78121e-05,8.87555,48.1338,8.65134e-06,10.0489,60.5876,2.7882e-06,11.3761,76.2629,8.29036e-07,12.8779,95.9927,2.4373e-07,14.5775,120.825,1e-08,16.5012,152.08,1.75749e-07,18.6784,191.415,1e-08,21.1428,240.917,1.91829e-07,23.9322,303.213,1e-08,27.0895,381.602,7.0186e-08,30.6634,480.231,1e-08,34.7087,604.316,2.40784e-07,39.2876,760.401,9.87368e-08,44.4705,956.705,1.22263e-07,50.3371,1203.54,1e-08,56.9776,1513.81,1e-08,64.494,1903.69,1e-08,73.0018,2393.4,3.9185e-07,82.6317,3008.13,1.35379e-07,93.5318,3779.25,1e-08,105.869,4745.7,2.06965e-08,119.834,5955.6,1e-08,135.641,7468.12,1e-08,153.531,9355.62,2.00739e-07,173.781,11705.8,2.28358e-07,196.701,14624.1,1e-08,222.642,18235,1e-08,252.003,22683.4,1e-08,285.234,28134,1e-08,322.845,34767,2.34258e-07,365.413,42770.9,2.99668e-07,413.588,52327.9,8.28644e-08,468.111,63591.2,1e-08,529.814,76653.2,1e-08,599.642,91502.5,1e-08,678.662,107975,2.26339e-07,768.083,125705,3.69212e-07,869.267,144088,2.04077e-07,983.76,162277,1e-08,1113.3,179223,1e-08,1259.87,193777,1e-08,1425.68,204839,4.55555e-07,6.2823,3.27286,2.43537,0.219672,6.18826,2.24117,0.56371,6.87772,2.63624,0.308279,5,14,20,5,8,5,4,3,0,3,6,0,5,17,0,2,12,0,4,14,0,4,18,0,3,25,0,1,20,0,11,71,0,9,30,0,5,30,0,10,104,0,4,124,0,26,164,0,26,174,0,9,253,0,21,316,0,15,299,0,18,365,0,27,511,0,25,406,0,35,1212,0,17,1348,0,43,1221,0,88,1776,0,86,2225,0,98,3251,0,75,1097,0,179,3032,0,135,7990,0,116,4972,0,81,8556,0,208,12696,0,151,12628,0,201,4257,0,361,14007,0,149,8976,0,181,23227,0,272,27909,0,396,16868,0,564,84868,0,419,35303,0,471,17859,0,738,125830,0,710,63720,0,1123,228110,0,341,123814,0,639,169215,0,1042,119468,0,964,131655,0,815,123958,0
-1.05176e+08,1,8.88811e-15,10,1023,0,1.05176e+08,0.528882,1.08665,0.389689,0.145397,0.379329,3.24381,0.161596,0.446195,1.77396,0.159177,1.15e+07,4.49998e+06,6.79999e+06,1.15e+07,4.49997e+06,6.79999e+06,1.15e+07,4.49996e+06,6.79999e+06,1.15e+07,4.49995e+06,6.79999e+06,1.14999e+07,4.49993e+06,6.79999e+06,1.14999e+07,4.49991e+06,6.79999e+06,1.14999e+07,4.49989e+06,6.79999e+06,1.14999e+07,4.49986e+06,6.79999e+06,1.14999e+07,4.49982e+06,6.79999e+06,1.14999e+07,4.49977e+06,6.79999e+06,1.14999e+07,4.49971e+06,6.79999e+06,1.14999e+07,4.49963e+06,6.79999e+06,1.14998e+07,4.49953e+06,6.79999e+06,1.14998e+07,4.49941e+06,6.79999e+06,1.14998e+07,4.49926e+06,6.79999e+06,1.14998e+07,4.49906e+06,6.79999e+06,1.14997e+07,4.49882e+06,6.79999e+06,1.14997e+07,4.49851e+06,6.79999e+06,1.14997e+07,4.49812e+06,6.79999e+06,1.14996e+07,4.49764e+06,6.79999e+06,1.14996e+07,4.49702e+06,6.79999e+06,1.14995e+07,4.49625e+06,6.79999e+06,1.14995e+07,4.49528e+06,6.79999e+06,1.14994e+07,4.49406e+06,6.79999e+06,1.14993e+07,4.49253e+06,6.79999e+06,1.14992e+07,4.49059e+06,6.79999e+06,1.14991e+07,4.48817e+06,6.79999e+06,1.1499e+07,4.48511e+06,6.79999e+06,1.14988e+07,4.48128e+06,6.79999e+06,1.14987e+07,4.47646e+06,6.79999e+06,1.14985e+07,4.47041e+06,6.79999e+06,1.14983e+07,4.46281e+06,6.79999e+06,1.14981e+07,4.4533e+06,6.79999e+06,1.14979e+07,4.44138e+06,6.79999e+06,1.14976e+07,4.42649e+06,6.79999e+06,1.14972e+07,4.40789e+06,6.79999e+06,1.14969e+07,4.38471e+06,6.79999e+06,1.14965e+07,4.35592e+06,6.79999e+06,1.1496e+07,4.32027e+06,6.79999e+06,1.14955e+07,4.27629e+06,6.79999e+06,1.14949e+07,4.22231e+06,6.79999e+06,1.14942e+07,4.15647e+06,6.79999e+06,1.14934e+07,4.07676e+06,6.79999e+06,1.14926e+07,3.98112e+06,6.79999e+06,1.14916e+07,3.86765e+06,6.79999e+06,1.14905e+07,3.73474e+06,6.79999e+06,1.14892e+07,3.58148e+06,6.79999e+06,1.14878e+07,3.40785e+06,6.79999e+06,1.14862e+07,3.21513e+06,6.79999e+06,1.14844e+07,3.00605e+06,6.79999e+06,1.14823e+07,2.7848e+06,6.79999e+06,1.148e+07,2.5568e+06,6.79999e+06,1.14773e+07,2.32825e+06,6.79999e+06,13.5742,8.52444,0.508366,16.8306,13.2585,0.162638,20.0035,17.569,0.0507846,23.2616,22.4214,0.0158319,26.7328,28.3297,0.00493498,30.5212,35.6974,0.00153831,34.7178,44.9473,0.000479527,39.4086,56.5822,0.000149456,44.6796,71.2245,4.66214e-05,50.6209,89.6543,1.45419e-05,57.3297,112.852,4.54748e-06,64.9129,142.051,1.43857e-06,73.4897,178.803,4.36618e-07,83.1934,225.062,1.40153e-07,94.1745,283.286,4.96378e-08,106.602,356.568,1.05434e-07,120.669,448.799,-6.49244e-08,136.59,564.873,1.70148e-07,154.611,710.948,-5.34594e-08,175.008,894.767,1.63407e-07,198.097,1126.06,8.04804e-08,224.231,1417.07,1.14667e-07,253.813,1783.15,-1.71227e-07,287.297,2243.62,-2.88466e-07,325.198,2822.67,-4.33651e-07,368.098,3550.67,7.9318e-08,416.657,4465.65,3.13319e-07,471.621,5615.16,3.4613e-07,533.835,7058.61,-1.19199e-07,604.255,8870.02,-2.79964e-07,683.962,11141.4,-2.30521e-07,774.182,13986.7,-2.55099e-07,876.299,17546.4,1.23585e-07,991.883,21993.1,1.41192e-07,1122.71,27536.7,-9.71886e-08,1270.78,34430.7,-3.68368e-07,1438.38,42977.7,-3.45379e-07,1628.07,53532.7,-3.25328e-09,1842.77,66504.6,2.6362e-07,2085.77,82350.2,2.53445e-07,2360.79,101560,-2.47407e-08,2672.05,124632,-3.80602e-07,3024.31,152018,-4.79005e-07,3422.98,184060,-1.14379e-07,3874.15,220884,2.64297e-07,4384.72,262283,3.44131e-07,4962.49,307576,7.5349e-08,5616.29,355497,-3.63097e-07,6356.1,404126,-6.05442e-07,7193.18,450932,-2.72333e-07,8140.28,492963,2.29675e-07,9211.79,527178,4.3387e-07,10424,550893,-1.0711e-07,10.102,8.06553,2.81012,10.6436,8.57909,0.869423,11.5336,10.2515,0.270869,12.7211,12.7138,0.0844293,14.1823,15.9373,0.0263173,15.9122,20.0383,0.0082035,17.9198,25.2154,0.00255722,20.2244,31.7373,0.000797017,22.8539,39.9486,0.000248622,25.8438,50.2851,7.75492e-05,29.237,63.2963,2.42508e-05,33.0837,79.6738,7.67162e-06,37.4415,100.288,2.32837e-06,42.3767,126.236,7.33e-07,47.9646,158.896,2.79256e-07,54.2906,200.003,9.87351e-09,61.452,251.741,1.61085e-07,69.5585,316.859,-2.47141e-07,78.7347,398.812,8.93552e-08,89.1218,501.948,-2.53231e-07,100.879,631.736,-1.25047e-07,114.188,795.049,-1.78808e-07,129.252,1000.53,2.6733e-07,146.304,1259.03,4.50292e-07,165.605,1584.19,6.76904e-07,187.452,1993.12,-1.23808e-07,212.181,2507.27,-4.89068e-07,240.173,3153.54,-5.40284e-07,271.856,3965.56,1.86061e-07,307.719,4985.38,4.37004e-07,348.313,6265.4,3.59828e-07,394.26,7870.83,3.98192e-07,446.268,9882.51,-1.92908e-07,505.135,12400.3,-2.20392e-07,571.766,15546.9,1.51705e-07,647.184,19472.2,5.74996e-07,732.547,24357.4,5.39112e-07,829.167,30420,5.07815e-09,938.526,37916.3,-4.11492e-07,1062.3,47143.9,-3.9561e-07,1202.4,58439.2,3.86185e-08,1360.96,72169.3,5.94093e-07,1540.42,88715.8,7.47693e-07,1743.53,108445,1.78537e-07,1973.41,131665,-4.12549e-07,2233.57,158557,-5.37164e-07,2528,189103,-1.17615e-07,2861.2,222986,5.66769e-07,3238.27,259510,9.45053e-07,3664.97,297540,4.25093e-07,4147.81,335497,-3.58506e-07,4694.17,371444,-6.7724e-07,5312.37,403256,1.67192e-07,1.61744,3.89446,9.84394,3.28846,7.5504,12.774,5.07607,11.7187,13.6844,7.03202,16.8147,13.9681,9.20215,23.1769,14.0566,11.6301,31.1672,14.0841,14.3598,41.2186,14.0927,17.4376,53.8688,14.0954,20.9137,69.7915,14.0962,24.8432,89.8341,14.0965,29.2879,115.063,14.0966,34.3168,146.819,14.0966,40.0078,186.792,14.0966,46.4487,237.107,14.0966,53.7388,300.44,14.0966,61.9903,380.158,14.0966,71.3301,480.499,14.0966,81.902,606.796,14.0966,93.8685,765.761,14.0966,107.414,965.837,14.0966,122.746,1217.65,14.0966,140.101,1534.57,14.0966,159.745,1933.41,14.0966,181.981,2435.3,14.0966,207.15,3066.85,14.0966,235.64,3861.46,14.0966,267.889,4861.11,14.0966,304.391,6118.54,14.0966,345.709,7699.91,14.0966,392.478,9688.22,14.0966,445.417,12187.5,14.0966,505.339,15327.7,14.0966,573.165,19271.6,14.0966,649.938,24222,14.0966,736.839,30430.9,14.0966,835.202,38211.5,14.0966,946.539,47950.3,14.0966,1072.56,60122.8,14.0966,1215.21,75309.9,14.0966,1376.66,94216.2,14.0966,1559.41,117688,14.0966,1766.26,146729,14.0966,2000.39,182510,14.0966,2265.39,226372,14.0966,2565.33,279806,14.0966,2904.81,344416,14.0966,3289.05,421845,14.0966,3723.93,513667,14.0966,4216.13,621231,14.0966,4773.18,745478,14.0966,5403.64,886744,14.0966,6117.15,1.04457e+06,14.0966,6924.63,1.2176e+06,14.0966,11.7194,11.96,12.6541,13.9321,16.1295,13.6434,16.6097,21.9702,13.9553,19.7532,29.5285,14.0526,23.3844,39.1143,14.0829,27.5423,51.2054,14.0923,32.2796,66.434,14.0953,37.662,85.6061,14.0962,43.7675,109.74,14.0965,50.687,140.119,14.0966,58.5249,178.359,14.0966,67.4005,226.493,14.0966,77.4493,287.08,14.0966,88.8254,363.343,14.0966,101.703,459.336,14.0966,116.281,580.161,14.0966,132.782,732.241,14.0966,151.46,923.655,14.0966,172.603,1164.57,14.0966,196.535,1467.79,14.0966,223.625,1849.39,14.0966,254.288,2329.62,14.0966,288.997,2933.93,14.0966,328.285,3694.33,14.0966,372.755,4651.04,14.0966,423.092,5854.57,14.0966,480.07,7368.38,14.0966,544.564,9272.08,14.0966,617.566,11665.5,14.0966,700.197,14673.6,14.0966,793.729,18452.9,14.0966,899.599,23198.6,14.0966,1019.43,29154.1,14.0966,1155.07,36622.3,14.0966,1308.6,45977.9,14.0966,1482.39,57683.7,14.0966,1679.09,72307.8,14.0966,1901.73,90542.8,14.0966,2153.73,113226,14.0966,2438.97,141360,14.0966,2761.81,176127,14.0966,3127.22,218898,14.0966,3540.81,271226,14.0966,4008.92,334817,14.0966,4538.74,411470,14.0966,5138.38,502973,14.0966,5817.04,610948,14.0966,6585.12,736653,14.0966,7454.39,880741,14.0966,8438.15,1.04302e+06,14.0966,9551.45,1.22224e+06,14.0966,10811.3,1.41602e+06,14.0966,12237,1.62086e+06,14.0966,11.7194,11.96,12.6541,2.21263,4.16949,0.989383,2.67766,5.84076,0.311842,3.14343,7.55825,0.0972771,3.63127,9.58578,0.0303237,4.15787,12.0912,0.00945211,4.73731,15.2286,0.00294633,5.38238,19.1721,0.000918508,6.10553,24.134,0.000286163,6.91951,30.3791,8.92692e-05,7.83792,38.2397,2.78121e-05,8.87555,48.1338,8.65134e-06,10.0489,60.5876,2.7882e-06,11.3761,76.2629,8.29036e-07,12.8779,95.9927,2.4373e-07,14.5775,120.825,4.33068e-09,16.5012,152.08,1.75749e-07,18.6784,191.415,-1.86328e-07,21.1428,240.917,1.91829e-07,23.9322,303.213,-1.81475e-07,27.0895,381.602,7.0186e-08,30.6634,480.231,-2.86769e-08,34.7087,604.316,2.40784e-07,39.2876,760.401,9.87368e-08,44.4705,956.705,1.22263e-07,50.3371,1203.54,-4.31966e-07,56.9776,1513.81,-1.9705e-07,64.494,1903.69,-2.763e-08,73.0018,2393.4,3.9185e-07,82.6317,3008.13,1.35379e-07,93.5318,3779.25,-4.16351e-08,105.869,4745.7,2.06965e-08,119.834,5955.6,-3.18887e-07,135.641,7468.12,-1.48271e-08,153.531,9355.62,2.00739e-07,173.781,11705.8,2.28358e-07,196.701,14624.1,-1.93587e-08,222.642,18235,-2.88101e-07,252.003,22683.4,-2.24732e-07,285.234,28134,8.56806e-09,322.845,34767,2.34258e-07,365.413,42770.9,2.99668e-07,413.588,52327.9,8.28644e-08,468.111,63591.2,-3.07049e-07,529.814,76653.2,-3.1888e-07,599.642,91502.5,-6.72276e-08,678.662,107975,2.26339e-07,768.083,125705,3.69212e-07,869.267,144088,2.04077e-07,983.76,162277,-2.80509e-07,1113.3,179223,-4.22737e-07,1259.87,193777,-1.71951e-07,1425.68,204839,4.55555e-07,11.7194,11.96,12.6541,2.21263,4.16949,0.989383,2.67766,5.84076,0.311842,3.14343,7.55825,0.0972771,3.63127,9.58578,0.0303237,4.15787,12.0912,0.00945211,4.73731,15.2286,0.00294633,5.38238,19.1721,0.000918508,6.10553,24.134,0.000286163,6.91951,30.3791,8.92692e-05,7.83792,38.2397,2.78121e-05,8.87555,48.1338,8.65134e-06,10.0489,60.5876,2.7882e-06,11.3761,76.2629,8.29036e-07,12.8779,95.9927,2.4373e-07,14.5775,120.825,1e-08,16.5012,152.08,1.75749e-07,18.6784,191.415,1e-08,21.1428,240.917,1.91829e-07,23.9322,303.213,1e-08,27.0895,381.602,7.0186e-08,30.6634,480.231,1e-08,34.7087,604.316,2.40784e-07,39.2876,760.401,9.87368e-08,44.4705,956.705,1.22263e-07,50.3371,1203.54,1e-08,56.9776,1513.81,1e-08,64.494,1903.69,1e-08,73.0018,2393.4,3.9185e-07,82.6317,3008.13,1.35379e-07,93.5318,3779.25,1e-08,105.869,4745.7,2.06965e-08,119.834,5955.6,1e-08,135.641,7468.12,1e-08,153.531,9355.62,2.00739e-07,173.781,11705.8,2.28358e-07,196.701,14624.1,1e-08,222.642,18235,1e-08,252.003,22683.4,1e-08,285.234,28134,1e-08,322.845,34767,2.34258e-07,365.413,42770.9,2.99668e-07,413.588,52327.9,8.28644e-08,468.111,63591.2,1e-08,529.814,76653.2,1e-08,599.642,91502.5,1e-08,678.662,107975,2.26339e-07,768.083,125705,3.69212e-07,869.267,144088,2.04077e-07,983.76,162277,1e-08,1113.3,179223,1e-08,1259.87,193777,1e-08,1425.68,204839,4.55555e-07,6.2823,3.27286,2.43537,0.219672,6.18826,2.24117,0.56371,6.87772,2.63624,0.308279,19,15,14,5,7,0,2,4,0,4,6,0,1,14,0,2,11,0,8,5,0,2,23,0,5,19,0,8,45,0,10,35,0,14,41,0,12,95,0,18,52,0,11,40,0,4,139,0,15,125,0,10,195,0,12,208,0,15,242,0,26,521,0,27,346,0,41,1220,0,42,815,0,14,1252,0,44,1221,0,53,1717,0,74,2388,0,25,2229,0,59,1685,0,134,2872,0,128,5562,0,101,7870,0,191,7592,0,102,10556,0,395,14244,0,307,9815,0,272,32705,0,141,20861,0,207,41977,0,459,29754,0,235,25790,0,382,24506,0,744,68632,0,404,35193,0,702,166752,0,481,54167,0,951,144791,0,501,192450,0,1195,138205,0,1647,112063,0,1327,330416,0,1353,169733,0
-1.05176e+08,1,8.88811e-15,10,1023,0,1.05176e+08,0.528882,1.08665,0.389689,0.145397,0.379329,3.24381,0.161596,0.446195,1.77396,0.159177,1.15e+07,4.49998e+06,6.79999e+06,1.15e+07,4.49997e+06,6.79999e+06,1.15e+07,4.49996e+06,6.79999e+06,1.15e+07,4.49995e+06,6.79999e+06,1.14999e+07,4.49993e+06,6.79999e+06,1.14999e+07,4.49991e+06,6.79999e+06,1.14999e+07,4.49989e+06,6.79999e+06,1.14999e+07,4.49986e+06,6.79999e+06,1.14999e+07,4.49982e+06,6.79999e+06,1.14999e+07,4.49977e+06,6.79999e+06,1.14999e+07,4.49971e+06,6.79999e+06,1.14999e+07,4.49963e+06,6.79999e+06,1.14998e+07,4.49953e+06,6.79999e+06,1.14998e+07,4.49941e+06,6.79999e+06,1.14998e+07,4.49926e+06,6.79999e+06,1.14998e+07,4.49906e+06,6.79999e+06,1.14997e+07,4.49882e+06,6.79999e+06,1.14997e+07,4.49851e+06,6.79999e+06,1.14997e+07,4.49812e+06,6.79999e+06,1.14996e+07,4.49764e+06,6.79999e+06,1.14996e+07,4.49702e+06,6.79999e+06,1.14995e+07,4.49625e+06,6.79999e+06,1.14995e+07,4.49528e+06,6.79999e+06,1.14994e+07,4.49406e+06,6.79999e+06,1.14993e+07,4.49253e+06,6.79999e+06,1.14992e+07,4.49059e+06,6.79999e+06,1.14991e+07,4.48817e+06,6.79999e+06,1.1499e+07,4.48511e+06,6.79999e+06,1.14988e+07,4.48128e+06,6.79999e+06,1.14987e+07,4.47646e+06,6.79999e+06,1.14985e+07,4.47041e+06,6.79999e+06,1.14983e+07,4.46281e+06,6.79999e+06,1.14981e+07,4.4533e+06,6.79999e+06,1.14979e+07,4.44138e+06,6.79999e+06,1.14976e+07,4.42649e+06,6.79999e+06,1.14972e+07,4.40789e+06,6.79999e+06,1.14969e+07,4.38471e+06,6.79999e+06,1.14965e+07,4.35592e+06,6.79999e+06,1.1496e+07,4.32027e+06,6.79999e+06,1.14955e+07,4.27629e+06,6.79999e+06,1.14949e+07,4.22231e+06,6.79999e+06,1.14942e+07,4.15647e+06,6.79999e+06,1.14934e+07,4.07676e+06,6.79999e+06,1.14926e+07,3.98112e+06,6.79999e+06,1.14916e+07,3.86765e+06,6.79999e+06,1.14905e+07,3.73474e+06,6.79999e+06,1.14892e+07,3.58148e+06,6.79999e+06,1.14878e+07,3.40785e+06,6.79999e+06,1.14862e+07,3.21513e+06,6.79999e+06,1.14844e+07,3.00605e+06,6.79999e+06,1.14823e+07,2.7848e+06,6.79999e+06,1.148e+07,2.5568e+06,6.79999e+06,1.14773e+07,2.32825e+06,6.79999e+06,13.5742,8.52444,0.508366,16.8306,13.2585,0.162638,20.0035,17.569,0.0507846,23.2616,22.4214,0.0158319,26.7328,28.3297,0.00493498,30.5212,35.6974,0.00153831,34.7178,44.9473,0.000479527,39.4086,56.5822,0.000149456,44.6796,71.2245,4.66214e-05,50.6209,89.6543,1.45419e-05,57.3297,112.852,4.54748e-06,64.9129,142.051,1.43857e-06,73.4897,178.803,4.36618e-07,83.1934,225.062,1.40153e-07,94.1745,283.286,4.96378e-08,106.602,356.568,1.05434e-07,120.669,448.799,-6.49244e-08,136.59,564.873,1.70148e-07,154.611,710.948,-5.34594e-08,175.008,894.767,1.63407e-07,198.097,1126.06,8.04804e-08,224.231,1417.07,1.14667e-07,253.813,1783.15,-1.71227e-07,287.297,2243.62,-2.88466e-07,325.198,2822.67,-4.33651e-07,368.098,3550.67,7.9318e-08,416.657,4465.65,3.13319e-07,471.621,5615.16,3.4613e-07,533.835,7058.61,-1.19199e-07,604.255,8870.02,-2.79964e-07,683.962,11141.4,-2.30521e-07,774.182,13986.7,-2.55099e-07,876.299,17546.4,1.23585e-07,991.883,21993.1,1.41192e-07,1122.71,27536.7,-9.71886e-08,1270.78,34430.7,-3.68368e-07,1438.38,42977.7,-3.45379e-07,1628.07,53532.7,-3.25328e-09,1842.77,66504.6,2.6362e-07,2085.77,82350.2,2.53445e-07,2360.79,101560,-2.47407e-08,2672.05,124632,-3.80602e-07,3024.31,152018,-4.79005e-07,3422.98,184060,-1.14379e-07,3874.15,220884,2.64297e-07,4384.72,262283,3.44131e-07,4962.49,307576,7.5349e-08,5616.29,355497,-3.63097e-07,6356.1,404126,-6.05442e-07,7193.18,450932,-2.72333e-07,8140.28,492963,2.29675e-07,9211.79,527178,4.3387e-07,10424,550893,-1.0711e-07,10.102,8.06553,2.81012,10.6436,8.57909,0.869423,11.5336,10.2515,0.270869,12.7211,12.7138,0.0844293,14.1823,15.9373,0.0263173,15.9122,20.0383,0.0082035,17.9198,25.2154,0.00255722,20.2244,31.7373,0.000797017,22.8539,39.9486,0.000248622,25.8438,50.2851,7.75492e-05,29.237,63.2963,2.42508e-05,33.0837,79.6738,7.67162e-06,37.4415,100.288,2.32837e-06,42.3767,126.236,7.33e-07,47.9646,158.896,2.79256e-07,54.2906,200.003,9.87351e-09,61.452,251.741,1.61085e-07,69.5585,316.859,-2.47141e-07,78.7347,398.812,8.93552e-08,89.1218,501.948,-2.53231e-07,100.879,631.736,-1.25047e-07,114.188,795.049,-1.78808e-07,129.252,1000.53,2.6733e-07,146.304,1259.03,4.50292e-07,165.605,1584.19,6.76904e-07,187.452,1993.12,-1.23808e-07,212.181,2507.27,-4.89068e-07,240.173,3153.54,-5.40284e-07,271.856,3965.56,1.86061e-07,307.719,4985.38,4.37004e-07,348.313,6265.4,3.59828e-07,394.26,7870.83,3.98192e-07,446.268,9882.51,-1.92908e-07,505.135,12400.3,-2.20392e-07,571.766,15546.9,1.51705e-07,647.184,19472.2,5.74996e-07,732.547,24357.4,5.39112e-07,829.167,30420,5.07815e-09,938.526,37916.3,-4.11492e-07,1062.3,47143.9,-3.9561e-07,1202.4,58439.2,3.86185e-08,1360.96,72169.3,5.94093e-07,1540.42,88715.8,7.47693e-07,1743.53,108445,1.78537e-07,1973.41,131665,-4.12549e-07,2233.57,158557,-5.37164e-07,2528,189103,-1.17615e-07,2861.2,222986,5.66769e-07,3238.27,259510,9.45053e-07,3664.97,297540,4.25093e-07,4147.81,335497,-3.58506e-07,4694.17,371444,-6.7724e-07,5312.37,403256,1.67192e-07,1.61744,3.89446,9.84394,3.28846,7.5504,12.774,5.07607,11.7187,13.6844,7.03202,16.8147,13.9681,9.20215,23.1769,14.0566,11.6301,31.1672,14.0841,14.3598,41.2186,14.0927,17.4376,53.8688,14.0954,20.9137,69.7915,14.0962,24.8432,89.8341,14.0965,29.2879,115.063,14.0966,34.3168,146.819,14.0966,40.0078,186.792,14.0966,46.4487,237.107,14.0966,53.7388,300.44,14.0966,61.9903,380.158,14.0966,71.3301,480.499,14.0966,81.902,606.796,14.0966,93.8685,765.761,14.0966,107.414,965.837,14.0966,122.746,1217.65,14.0966,140.101,1534.57,14.0966,159.745,1933.41,14.0966,181.981,2435.3,14.0966,207.15,3066.85,14.0966,235.64,3861.46,14.0966,267.889,4861.11,14.0966,304.391,6118.54,14.0966,345.709,7699.91,14.0966,392.478,9688.22,14.0966,445.417,12187.5,14.0966,505.339,15327.7,14.0966,573.165,19271.6,14.0966,649.938,24222,14.0966,736.839,30430.9,14.0966,835.202,38211.5,14.0966,946.539,47950.3,14.0966,1072.56,60122.8,14.0966,1215.21,75309.9,14.0966,1376.66,94216.2,14.0966,1559.41,117688,14.0966,1766.26,146729,14.0966,2000.39,182510,14.0966,2265.39,226372,14.0966,2565.33,279806,14.0966,2904.81,344416,14.0966,3289.05,421845,14.0966,3723.93,513667,14.0966,4216.13,621231,14.0966,4773.18,745478,14.0966,5403.64,886744,14.0966,6117.15,1.04457e+06,14.0966,6924.63,1.2176e+06,14.0966,11.7194,11.96,12.6541,13.9321,16.1295,13.6434,16.6097,21.9702,13.9553,19.7532,29.5285,14.0526,23.3844,39.1143,14.0829,27.5423,51.2054,14.0923,32.2796,66.434,14.0953,37.662,85.6061,14.0962,43.7675,109.74,14.0965,50.687,140.119,14.0966,58.5249,178.359,14.0966,67.4005,226.493,14.0966,77.4493,287.08,14.0966,88.8254,363.343,14.0966,101.703,459.336,14.0966,116.281,580.161,14.0966,132.782,732.241,14.0966,151.46,923.655,14.0966,172.603,1164.57,14.0966,196.535,1467.79,14.0966,223.625,1849.39,14.0966,254.288,2329.62,14.0966,288.997,2933.93,14.0966,328.285,3694.33,14.0966,372.755,4651.04,14.0966,423.092,5854.57,14.0966,480.07,7368.38,14.0966,544.564,9272.08,14.0966,617.566,11665.5,14.0966,700.197,14673.6,14.0966,793.729,18452.9,14.0966,899.599,23198.6,14.0966,1019.43,29154.1,14.0966,1155.07,36622.3,14.0966,1308.6,45977.9,14.0966,1482.39,57683.7,14.0966,1679.09,72307.8,14.0966,1901.73,90542.8,14.0966,2153.73,113226,14.0966,2438.97,141360,14.0966,2761.81,176127,14.0966,3127.22,218898,14.0966,3540.81,271226,14.0966,4008.92,334817,14.0966,4538.74,411470,14.0966,5138.38,502973,14.0966,5817.04,610948,14.0966,6585.12,736653,14.0966,7454.39,880741,14.0966,8438.15,1.04302e+06,14.0966,9551.45,1.22224e+06,14.0966,10811.3,1.41602e+06,14.0966,12237,1.62086e+06,14.0966,11.7194,11.96,12.6541,2.21263,4.16949,0.989383,2.67766,5.84076,0.311842,3.14343,7.55825,0.0972771,3.63127,9.58578,0.0303237,4.15787,12.0912,0.00945211,4.73731,15.2286,0.00294633,5.38238,19.1721,0.000918508,6.10553,24.134,0.000286163,6.91951,30.3791,8.92692e-05,7.83792,38.2397,2.78121e-05,8.87555,48.1338,8.65134e-06,10.0489,60.5876,2.7882e-06,11.3761,76.2629,8.29036e-07,12.8779,95.9927,2.4373e-07,14.5775,120.825,4.33068e-09,16.5012,152.08,1.75749e-07,18.6784,191.415,-1.86328e-07,21.1428,240.917,1.91829e-07,23.9322,303.213,-1.81475e-07,27.0895,381.602,7.0186e-08,30.6634,480.231,-2.86769e-08,34.7087,604.316,2.40784e-07,39.2876,760.401,9.87368e-08,44.4705,956.705,1.22263e-07,50.3371,1203.54,-4.31966e-07,56.9776,1513.81,-1.9705e-07,64.494,1903.69,-2.763e-08,73.0018,2393.4,3.9185e-07,82.6317,3008.13,1.35379e-07,93.5318,3779.25,-4.16351e-08,105.869,4745.7,2.06965e-08,119.834,5955.6,-3.18887e-07,135.641,7468.12,-1.48271e-08,153.531,9355.62,2.00739e-07,173.781,11705.8,2.28358e-07,196.701,14624.1,-1.93587e-08,222.642,18235,-2.88101e-07,252.003,22683.4,-2.24732e-07,285.234,28134,8.56806e-09,322.845,34767,2.34258e-07,365.413,42770.9,2.99668e-07,413.588,52327.9,8.28644e-08,468.111,63591.2,-3.07049e-07,529.814,76653.2,-3.1888e-07,599.642,91502.5,-6.72276e-08,678.662,107975,2.26339e-07,768.083,125705,3.69212e-07,869.267,144088,2.04077e-07,983.76,162277,-2.80509e-07,1113.3,179223,-4.22737e-07,1259.87,193777,-1.71951e-07,1425.68,204839,4.55555e-07,11.7194,11.96,12.6541,2.21263,4.16949,0.989383,2.67766,5.84076,0.311842,3.14343,7.55825,0.0972771,3.63127,9.58578,0.0303237,4.15787,12.0912,0.00945211,4.73731,15.2286,0.00294633,5.38238,19.1721,0.000918508,6.10553,24.134,0.000286163,6.91951,30.3791,8.92692e-05,7.83792,38.2397,2.78121e-05,8.87555,48.1338,8.65134e-06,10.0489,60.5876,2.7882e-06,11.3761,76.2629,8.29036e-07,12.8779,95.9927,2.4373e-07,14.5775,120.825,1e-08,16.5012,152.08,1.75749e-07,18.6784,191.415,1e-08,21.1428,240.917,1.91829e-07,23.9322,303.213,1e-08,27.0895,381.602,7.0186e-08,30.6634,480.231,1e-08,34.7087,604.316,2.40784e-07,39.2876,760.401,9.87368e-08,44.4705,956.705,1.22263e-07,50.3371,1203.54,1e-08,56.9776,1513.81,1e-08,64.494,1903.69,1e-08,73.0018,2393.4,3.9185e-07,82.6317,3008.13,1.35379e-07,93.5318,3779.25,1e-08,105.869,4745.7,2.06965e-08,119.834,5955.6,1e-08,135.641,7468.12,1e-08,153.531,9355.62,2.00739e-07,173.781,11705.8,2.28358e-07,196.701,14624.1,1e-08,222.642,18235,1e-08,252.003,22683.4,1e-08,285.234,28134,1e-08,322.845,34767,2.34258e-07,365.413,42770.9,2.99668e-07,413.588,52327.9,8.28644e-08,468.111,63591.2,1e-08,529.814,76653.2,1e-08,599.642,91502.5,1e-08,678.662,107975,2.26339e-07,768.083,125705,3.69212e-07,869.267,144088,2.04077e-07,983.76,162277,1e-08,1113.3,179223,1e-08,1259.87,193777,1e-08,1425.68,204839,4.55555e-07,6.2823,3.27286,2.43537,0.219672,6.18826,2.24117,0.56371,6.87772,2.63624,0.308279,7,20,21,3,7,2,5,1,0,3,13,0,6,8,0,5,4,0,3,6,0,6,25,0,5,22,0,8,35,0,4,58,0,5,78,0,8,80,0,14,50,0,10,68,0,8,147,0,15,141,0,27,258,0,23,94,0,21,230,0,40,438,0,50,567,0,11,264,0,31,545,0,113,1514,0,41,1809,0,60,1744,0,63,3065,0,62,1806,0,113,2781,0,91,4219,0,99,3560,0,57,3460,0,147,6213,0,184,4477,0,92,9719,0,291,12887,0,165,15632,0,393,22380,0,286,12254,0,217,20212,0,369,51431,0,632,32435,0,449,48004,0,860,133118,0,787,110599,0,519,127494,0,609,97184,0,514,147895,0,2388,178099,0,858,213075,0,1091,74954,0,1136,317765,0
-1.05176e+08,1,8.88811e-15,10,1023,0,1.05176e+08,0.528882,1.08665,0.389689,0.145397,0.379329,3.24381,0.161596,0.446195,1.77396,0.159177,1.15e+07,4.49998e+06,6.79999e+06,1.15e+07,4.49997e+06,6.79999e+06,1.15e+07,4.49996e+06,6.79999e+06,1.15e+07,4.49995e+06,6.79999e+06,1.14999e+07,4.49993e+06,6.79999e+06,1.14999e+07,4.49991e+06,6.79999e+06,1.14999e+07,4.49989e+06,6.79999e+06,1.14999e+07,4.49986e+06,6.79999e+06,1.14999e+07,4.49982e+06,6.79999e+06,1.14999e+07,4.49977e+06,6.79999e+06,1.14999e+07,4.49971e+06,6.79999e+06,1.14999e+07,4.49963e+06,6.79999e+06,1.14998e+07,4.49953e+06,6.79999e+06,1.14998e+07,4.49941e+06,6.79999e+06,1.14998e+07,4.49926e+06,6.79999e+06,1.14998e+07,4.49906e+06,6.79999e+06,1.14997e+07,4.49882e+06,6.79999e+06,1.14997e+07,4.49851e+06,6.79999e+06,1.14997e+07,4.49812e+06,6.79999e+06,1.14996e+07,4.49764e+06,6.79999e+06,1.14996e+07,4.49702e+06,6.79999e+06,1.14995e+07,4.49625e+06,6.79999e+06,1.14995e+07,4.49528e+06,6.79999e+06,1.14994e+07,4.49406e+06,6.79999e+06,1.14993e+07,4.49253e+06,6.79999e+06,1.14992e+07,4.49059e+06,6.79999e+06,1.14991e+07,4.48817e+06,6.79999e+06,1.1499e+07,4.48511e+06,6.79999e+06,1.14988e+07,4.48128e+06,6.79999e+06,1.14987e+07,4.47646e+06,6.79999e+06,1.14985e+07,4.47041e+06,6.79999e+06,1.14983e+07,4.46281e+06,6.79999e+06,1.14981e+07,4.4533e+06,6.79999e+06,1.14979e+07,4.44138e+06,6.79999e+06,1.14976e+07,4.42649e+06,6.79999e+06,1.14972e+07,4.40789e+06,6.79999e+06,1.14969e+07,4.38471e+06,6.79999e+06,1.14965e+07,4.35592e+06,6.79999e+06,1.1496e+07,4.32027e+06,6.79999e+06,1.14955e+07,4.27629e+06,6.79999e+06,1.14949e+07,4.22231e+06,6.79999e+06,1.14942e+07,4.15647e+06,6.79999e+06,1.14934e+07,4.07676e+06,6.79999e+06,1.14926e+07,3.98112e+06,6.79999e+06,1.14916e+07,3.86765e+06,6.79999e+06,1.14905e+07,3.73474e+06,6.79999e+06,1.14892e+07,3.58148e+06,6.79999e+06,1.14878e+07,3.40785e+06,6.79999e+06,1.14862e+07,3.21513e+06,6.79999e+06,1.14844e+07,3.00605e+06,6.79999e+06,1.14823e+07,2.7848e+06,6.79999e+06,1.148e+07,2.5568e+06,6.79999e+06,1.14773e+07,2.32825e+06,6.79999e+06,13.5742,8.52444,0.508366,16.8306,13.2585,0.162638,20.0035,17.569,0.0507846,23.2616,22.4214,0.0158319,26.7328,28.3297,0.00493498,30.5212,35.6974,0.00153831,34.7178,44.9473,0.000479527,39.4086,56.5822,0.000149456,44.6796,71.2245,4.66214e-05,50.6209,89.6543,1.45419e-05,57.3297,112.852,4.54748e-06,64.9129,142.051,1.43857e-06,73.4897,178.803,4.36618e-07,83.1934,225.062,1.40153e-07,94.1745,283.286,4.96378e-08,106.602,356.568,1.05434e-07,120.669,448.799,-6.49244e-08,136.59,564.873,1.70148e-07,154.611,710.948,-5.34594e-08,175.008,894.767,1.63407e-07,198.097,1126.06,8.04804e-08,224.231,1417.07,1.14667e-07,253.813,1783.15,-1.71227e-07,287.297,2243.62,-2.88466e-07,325.198,2822.67,-4.33651e-07,368.098,3550.67,7.9318e-08,416.657,4465.65,3.13319e-07,471.621,5615.16,3.4613e-07,533.835,7058.61,-1.19199e-07,604.255,8870.02,-2.79964e-07,683.962,11141.4,-2.30521e-07,774.182,13986.7,-2.55099e-07,876.299,17546.4,1.23585e-07,991.883,21993.1,1.41192e-07,1122.71,27536.7,-9.71886e-08,1270.78,34430.7,-3.68368e-07,1438.38,42977.7,-3.45379e-07,1628.07,53532.7,-3.25328e-09,1842.77,66504.6,2.6362e-07,2085.77,82350.2,2.53445e-07,2360.79,101560,-2.47407e-08,2672.05,124632,-3.80602e-07,3024.31,152018,-4.79005e-07,3422.98,184060,-1.14379e-07,3874.15,220884,2.64297e-07,4384.72,262283,3.44131e-07,4962.49,307576,7.5349e-08,5616.29,355497,-3.63097e-07,6356.1,404126,-6.05442e-07,7193.18,450932,-2.72333e-07,8140.28,492963,2.29675e-07,9211.79,527178,4.3387e-07,10424,550893,-1.0711e-07,10.102,8.06553,2.81012,10.6436,8.57909,0.869423,11.5336,10.2515,0.270869,12.7211,12.7138,0.0844293,14.1823,15.9373,0.0263173,15.9122,20.0383,0.0082035,17.9198,25.2154,0.00255722,20.2244,31.7373,0.000797017,22.8539,39.9486,0.000248622,25.8438,50.2851,7.75492e-05,29.237,63.2963,2.42508e-05,33.0837,79.6738,7.67162e-06,37.4415,100.288,2.32837e-06,42.3767,126.236,7.33e-07,47.9646,158.896,2.79256e-07,54.2906,200.003,9.87351e-09,61.452,251.741,1.61085e-07,69.5585,316.859,-2.47141e-07,78.7347,398.812,8.93552e-08,89.1218,501.948,-2.53231e-07,100.879,631.736,-1.25047e-07,114.188,795.049,-1.78808e-07,129.252,1000.53,2.6733e-07,146.304,1259.03,4.50292e-07,165.605,1584.19,6.76904e-07,187.452,1993.12,-1.23808e-07,212.181,2507.27,-4.89068e-07,240.173,3153.54,-5.40284e-07,271.856,3965.56,1.86061e-07,307.719,4985.38,4.37004e-07,348.313,6265.4,3.59828e-07,394.26,7870.83,3.98192e-07,446.268,9882.51,-1.92908e-07,505.135,12400.3,-2.20392e-07,571.766,15546.9,1.51705e-07,647.184,19472.2,5.74996e-07,732.547,24357.4,5.39112e-07,829.167,30420,5.07815e-09,938.526,37916.3,-4.11492e-07,1062.3,47143.9,-3.9561e-07,1202.4,58439.2,3.86185e-08,1360.96,72169.3,5.94093e-07,1540.42,88715.8,7.47693e-07,1743.53,108445,1.78537e-07,1973.41,131665,-4.12549e-07,2233.57,158557,-5.37164e-07,2528,189103,-1.17615e-07,2861.2,222986,5.66769e-07,3238.27,259510,9.45053e-07,3664.97,297540,4.25093e-07,4147.81,335497,-3.58506e-07,4694.17,371444,-6.7724e-07,5312.37,403256,1.67192e-07,1.61744,3.89446,9.84394,3.28846,7.5504,12.774,5.07607,11.7187,13.6844,7.03202,16.8147,13.9681,9.20215,23.1769,14.0566,11.6301,31.1672,14.0841,14.3598,41.2186,14.0927,17.4376,53.8688,14.0954,20.9137,69.7915,14.0962,24.8432,89.8341,14.0965,29.2879,115.063,14.0966,34.3168,146.819,14.0966,40.0078,186.792,14.0966,46.4487,237.107,14.0966,53.7388,300.44,14.0966,61.9903,380.158,14.0966,71.3301,480.499,14.0966,81.902,606.796,14.0966,93.8685,765.761,14.0966,107.414,965.837,14.0966,122.746,1217.65,14.0966,140.101,1534.57,14.0966,159.745,1933.41,14.0966,181.981,2435.3,14.0966,207.15,3066.85,14.0966,235.64,3861.46,14.0966,267.889,4861.11,14.0966,304.391,6118.54,14.0966,345.709,7699.91,14.0966,392.478,9688.22,14.0966,445.417,12187.5,14.0966,505.339,15327.7,14.0966,573.165,19271.6,14.0966,649.938,24222,14.0966,736.839,30430.9,14.0966,835.202,38211.5,14.0966,946.539,47950.3,14.0966,1072.56,60122.8,14.0966,1215.21,75309.9,14.0966,1376.66,94216.2,14.0966,1559.41,117688,14.0966,1766.26,146729,14.0966,2000.39,182510,14.0966,2265.39,226372,14.0966,2565.33,279806,14.0966,2904.81,344416,14.0966,3289.05,421845,14.0966,3723.93,513667,14.0966,4216.13,621231,14.0966,4773.18,745478,14.0966,5403.64,886744,14.0966,6117.15,1.04457e+06,14.0966,6924.63,1.2176e+06,14.0966,11.7194,11.96,12.6541,13.9321,16.1295,13.6434,16.6097,21.9702,13.9553,19.7532,29.5285,14.0526,23.3844,39.1143,14.0829,27.5423,51.2054,14.0923,32.2796,66.434,14.0953,37.662,85.6061,14.0962,43.7675,109.74,14.0965,50.687,140.119,14.0966,58.5249,178.359,14.0966,67.4005,226.493,14.0966,77.4493,287.08,14.0966,88.8254,363.343,14.0966,101.703,459.336,14.0966,116.281,580.161,14.0966,132.782,732.241,14.0966,151.46,923.655,14.0966,172.603,1164.57,14.0966,196.535,1467.79,14.0966,223.625,1849.39,14.0966,254.288,2329.62,14.0966,288.997,2933.93,14.0966,328.285,3694.33,14.0966,372.755,4651.04,14.0966,423.092,5854.57,14.0966,480.07,7368.38,14.0966,544.564,9272.08,14.0966,617.566,11665.5,14.0966,700.197,14673.6,14.0966,793.729,18452.9,14.0966,899.599,23198.6,14.0966,1019.43,29154.1,14.0966,1155.07,36622.3,14.0966,1308.6,45977.9,14.0966,1482.39,57683.7,14.0966,1679.09,72307.8,14.0966,1901.73,90542.8,14.0966,2153.73,113226,14.0966,2438.97,141360,14.0966,2761.81,176127,14.0966,3127.22,218898,14.0966,3540.81,271226,14.0966,4008.92,334817,14.0966,4538.74,411470,14.0966,5138.38,502973,14.0966,5817.04,610948,14.0966,6585.12,736653,14.0966,7454.39,880741,14.0966,8438.15,1.04302e+06,14.0966,9551.45,1.22224e+06,14.0966,10811.3,1.41602e+06,14.0966,12237,1.62086e+06,14.0966,11.7194,11.96,12.6541,2.21263,4.16949,0.989383,2.67766,5.84076,0.311842,3.14343,7.55825,0.0972771,3.63127,9.58578,0.0303237,4.15787,12.0912,0.00945211,4.73731,15.2286,0.00294633,5.38238,19.1721,0.000918508,6.10553,24.134,0.000286163,6.91951,30.3791,8.92692e-05,7.83792,38.2397,2.78121e-05,8.87555,48.1338,8.65134e-06,10.0489,60.5876,2.7882e-06,11.3761,76.2629,8.29036e-07,12.8779,95.9927,2.4373e-07,14.5775,120.825,4.33068e-09,16.5012,152.08,1.75749e-07,18.6784,191.415,-1.86328e-07,21.1428,240.917,1.91829e-07,23.9322,303.213,-1.81475e-07,27.0895,381.602,7.0186e-08,30.6634,480.231,-2.86769e-08,34.7087,604.316,2.40784e-07,39.2876,760.401,9.87368e-08,44.4705,956.705,1.22263e-07,50.3371,1203.54,-4.31966e-07,56.9776,1513.81,-1.9705e-07,64.494,1903.69,-2.763e-08,73.0018,2393.4,3.9185e-07,82.6317,3008.13,1.35379e-07,93.5318,3779.25,-4.16351e-08,105.869,4745.7,2.06965e-08,119.834,5955.6,-3.18887e-07,135.641,7468.12,-1.48271e-08,153.531,9355.62,2.00739e-07,173.781,11705.8,2.28358e-07,196.701,14624.1,-1.93587e-08,222.642,18235,-2.88101e-07,252.003,22683.4,-2.24732e-07,285.234,28134,8.56806e-09,322.845,34767,2.34258e-07,365.413,42770.9,2.99668e-07,413.588,52327.9,8.28644e-08,468.111,63591.2,-3.07049e-07,529.814,76653.2,-3.1888e-07,599.642,91502.5,-6.72276e-08,678.662,107975,2.26339e-07,768.083,125705,3.69212e-07,869.267,144088,2.04077e-07,983.76,162277,-2.80509e-07,1113.3,179223,-4.22737e-07,1259.87,193777,-1.71951e-07,1425.68,204839,4.55555e-07,11.7194,11.96,12.6541,2.21263,4.16949,0.989383,2.67766,5.84076,0.311842,3.14343,7.55825,0.0972771,3.63127,9.58578,0.0303237,4.15787,12.0912,0.00945211,4.73731,15.2286,0.00294633,5.38238,19.1721,0.000918508,6.10553,24.134,0.000286163,6.91951,30.3791,8.92692e-05,7.83792,38.2397,2.78121e-05,8.87555,48.1338,8.65134e-06,10.0489,60.5876,2.7882e-06,11.3761,76.2629,8.29036e-07,12.8779,95.9927,2.4373e-07,14.5775,120.825,1e-08,16.5012,152.08,1.75749e-07,18.6784,191.415,1e-08,21.1428,240.917,1.91829e-07,23.9322,303.213,1e-08,27.0895,381.602,7.0186e-08,30.6634,480.231,1e-08,34.7087,604.316,2.40784e-07,39.2876,760.401,9.87368e-08,44.4705,956.705,1.22263e-07,50.3371,1203.54,1e-08,56.9776,1513.81,1e-08,64.494,1903.69,1e-08,73.0018,2393.4,3.9185e-07,82.6317,3008.13,1.35379e-07,93.5318,3779.25,1e-08,105.869,4745.7,2.06965e-08,119.834,5955.6,1e-08,135.641,7468.12,1e-08,153.531,9355.62,2.00739e-07,173.781,11705.8,2.28358e-07,196.701,14624.1,1e-08,222.642,18235,1e-08,252.003,22683.4,1e-08,285.234,28134,1e-08,322.845,34767,2.34258e-07,365.413,42770.9,2.99668e-07,413.588,52327.9,8.28644e-08,468.111,63591.2,1e-08,529.814,76653.2,1e-08,599.642,91502.5,1e-08,678.662,107975,2.26339e-07,768.083,125705,3.69212e-07,869.267,144088,2.04077e-07,983.76,162277,1e-08,1113.3,179223,1e-08,1259.87,193777,1e-08,1425.68,204839,4.55555e-07,6.2823,3.27286,2.43537,0.219672,6.18826,2.24117,0.56371,6.87772,2.63624,0.308279,8,9,12,2,8,0,4,9,0,9,5,0,5,10,0,5,20,0,4,13,0,4,20,0,2,14,0,3,20,0,11,45,0,11,66,0,15,70,0,12,65,0,15,98,0,15,270,0,19,103,0,18,151,0,31,189,0,20,427,0,18,357,0,24,367,0,39,296,0,27,545,0,66,403,0,20,961,0,32,1587,0,54,938,0,34,3327,0,90,2273,0,92,2440,0,117,6713,0,79,8101,0,154,6333,0,58,8442,0,97,8940,0,267,26272,0,267,11874,0,390,20923,0,180,17005,0,206,28723,0,300,31952,0,277,99840,0,385,68384,0,435,41588,0,404,94236,0,717,76272,0,638,110311,0,815,90468,0,1324,237632,0,903,78396,0,650,246438,0,2164,286413,0
-1.05176e+08,1,8.88811e-15,10,1023,0,1.05176e+08,0.528882,1.08665,0.389689,0.145397,0.379329,3.24381,0.161596,0.446195,1.77396,0.159177,1.15e+07,4.49998e+06,6.79999e+06,1.15e+07,4.49997e+06,6.79999e+06,1.15e+07,4.49996e+06,6.79999e+06,1.15e+07,4.49995e+06,6.79999e+06,1.14999e+07,4.49993e+06,6.79999e+06,1.14999e+07,4.49991e+06,6.79999e+06,1.14999e+07,4.49989e+06,6.79999e+06,1.14999e+07,4.49986e+06,6.79999e+06,1.14999e+07,4.49982e+06,6.79999e+06,1.14999e+07,4.49977e+06,6.79999e+06,1.14999e+07,4.49971e+06,6.79999e+06,1.14999e+07,4.49963e+06,6.79999e+06,1.14998e+07,4.49953e+06,6.79999e+06,1.14998e+07,4.49941e+06,6.79999e+06,1.14998e+07,4.49926e+06,6.79999e+06,1.14998e+07,4.49906e+06,6.79999e+06,1.14997e+07,4.49882e+06,6.79999e+06,1.14997e+07,4.49851e+06,6.79999e+06,1.14997e+07,4.49812e+06,6.79999e+06,1.14996e+07,4.49764e+06,6.79999e+06,1.14996e+07,4.49702e+06,6.79999e+06,1.14995e+07,4.49625e+06,6.79999e+06,1.14995e+07,4.49528e+06,6.79999e+06,1.14994e+07,4.49406e+06,6.79999e+06,1.14993e+07,4.49253e+06,6.79999e+06,1.14992e+07,4.49059e+06,6.79999e+06,1.14991e+07,4.48817e+06,6.79999e+06,1.1499e+07,4.48511e+06,6.79999e+06,1.14988e+07,4.48128e+06,6.79999e+06,1.14987e+07,4.47646e+06,6.79999e+06,1.14985e+07,4.47041e+06,6.79999e+06,1.14983e+07,4.46281e+06,6.79999e+06,1.14981e+07,4.4533e+06,6.79999e+06,1.14979e+07,4.44138e+06,6.79999e+06,1.14976e+07,4.42649e+06,6.79999e+06,1.14972e+07,4.40789e+06,6.79999e+06,1.14969e+07,4.38471e+06,6.79999e+06,1.14965e+07,4.35592e+06,6.79999e+06,1.1496e+07,4.32027e+06,6.79999e+06,1.14955e+07,4.27629e+06,6.79999e+06,1.14949e+07,4.22231e+06,6.79999e+06,1.14942e+07,4.15647e+06,6.79999e+06,1.14934e+07,4.07676e+06,6.79999e+06,1.14926e+07,3.98112e+06,6.79999e+06,1.14916e+07,3.86765e+06,6.79999e+06,1.14905e+07,3.73474e+06,6.79999e+06,1.14892e+07,3.58148e+06,6.79999e+06,1.14878e+07,3.40785e+06,6.79999e+06,1.14862e+07,3.21513e+06,6.79999e+06,1.14844e+07,3.00605e+06,6.79999e+06,1.14823e+07,2.7848e+06,6.79999e+06,1.148e+07,2.5568e+06,6.79999e+06,1.14773e+07,2.32825e+06,6.79999e+06,13.5742,8.52444,0.508366,16.8306,13.2585,0.162638,20.0035,17.569,0.0507846,23.2616,22.4214,0.0158319,26.7328,28.3297,0.00493498,30.5212,35.6974,0.00153831,34.7178,44.9473,0.000479527,39.4086,56.5822,0.000149456,44.6796,71.2245,4.66214e-05,50.6209,89.6543,1.45419e-05,57.3297,112.852,4.54748e-06,64.9129,142.051,1.43857e-06,73.4897,178.803,4.36618e-07,83.1934,225.062,1.40153e-07,94.1745,283.286,4.96378e-08,106.602,356.568,1.05434e-07,120.669,448.799,-6.49244e-08,136.59,564.873,1.70148e-07,154.611,710.948,-5.34594e-08,175.008,894.767,1.63407e-07,198.097,1126.06,8.04804e-08,224.231,1417.07,1.14667e-07,253.813,1783.15,-1.71227e-07,287.297,2243.62,-2.88466e-07,325.198,2822.67,-4.33651e-07,368.098,3550.67,7.9318e-08,416.657,4465.65,3.13319e-07,471.621,5615.16,3.4613e-07,533.835,7058.61,-1.19199e-07,604.255,8870.02,-2.79964e-07,683.962,11141.4,-2.30521e-07,774.182,13986.7,-2.55099e-07,876.299,17546.4,1.23585e-07,991.883,21993.1,1.41192e-07,1122.71,27536.7,-9.71886e-08,1270.78,34430.7,-3.68368e-07,1438.38,42977.7,-3.45379e-07,1628.07,53532.7,-3.25328e-09,1842.77,66504.6,2.6362e-07,2085.77,82350.2,2.53445e-07,2360.79,101560,-2.47407e-08,2672.05,124632,-3.80602e-07,3024.31,152018,-4.79005e-07,3422.98,184060,-1.14379e-07,3874.15,220884,2.64297e-07,4384.72,262283,3.44131e-07,4962.49,307576,7.5349e-08,5616.29,355497,-3.63097e-07,6356.1,404126,-6.05442e-07,7193.18,450932,-2.72333e-07,8140.28,492963,2.29675e-07,9211.79,527178,4.3387e-07,10424,550893,-1.0711e-07,10.102,8.06553,2.81012,10.6436,8.57909,0.869423,11.5336,10.2515,0.270869,12.7211,12.7138,0.0844293,14.1823,15.9373,0.0263173,15.9122,20.0383,0.0082035,17.9198,25.2154,0.00255722,20.2244,31.7373,0.000797017,22.8539,39.9486,0.000248622,25.8438,50.2851,7.75492e-05,29.237,63.2963,2.42508e-05,33.0837,79.6738,7.67162e-06,37.4415,100.288,2.32837e-06,42.3767,126.236,7.33e-07,47.9646,158.896,2.79256e-07,54.2906,200.003,9.87351e-09,61.452,251.741,1.61085e-07,69.5585,316.859,-2.47141e-07,78.7347,398.812,8.93552e-08,89.1218,501.948,-2.53231e-07,100.879,631.736,-1.25047e-07,114.188,795.049,-1.78808e-07,129.252,1000.53,2.6733e-07,146.304,1259.03,4.50292e-07,165.605,1584.19,6.76904e-07,187.452,1993.12,-1.23808e-07,212.181,2507.27,-4.89068e-07,240.173,3153.54,-5.40284e-07,271.856,3965.56,1.86061e-07,307.719,4985.38,4.37004e-07,348.313,6265.4,3.59828e-07,394.26,7870.83,3.98192e-07,446.268,9882.51,-1.92908e-07,505.135,12400.3,-2.20392e-07,571.766,15546.9,1.51705e-07,647.184,19472.2,5.74996e-07,732.547,24357.4,5.39112e-07,829.167,30420,5.07815e-09,938.526,37916.3,-4.11492e-07,1062.3,47143.9,-3.9561e-07,1202.4,58439.2,3.86185e-08,1360.96,72169.3,5.94093e-07,1540.42,88715.8,7.47693e-07,1743.53,108445,1.78537e-07,1973.41,131665,-4.12549e-07,2233.57,158557,-5.37164e-07,2528,189103,-1.17615e-07,2861.2,222986,5.66769e-07,3238.27,259510,9.45053e-07,3664.97,297540,4.25093e-07,4147.81,335497,-3.58506e-07,4694.17,371444,-6.7724e-07,5312.37,403256,1.67192e-07,1.61744,3.89446,9.84394,3.28846,7.5504,12.774,5.07607,11.7187,13.6844,7.03202,16.8147,13.9681,9.20215,23.1769,14.0566,11.6301,31.1672,14.0841,14.3598,41.2186,14.0927,17.4376,53.8688,14.0954,20.9137,69.7915,14.0962,24.8432,89.8341,14.0965,29.2879,115.063,14.0966,34.3168,146.819,14.0966,40.0078,186.792,14.0966,46.4487,237.107,14.0966,53.7388,300.44,14.0966,61.9903,380.158,14.0966,71.3301,480.499,14.0966,81.902,606.796,14.0966,93.8685,765.761,14.0966,107.414,965.837,14.0966,122.746,1217.65,14.0966,140.101,1534.57,14.0966,159.745,1933.41,14.0966,181.981,2435.3,14.0966,207.15,3066.85,14.0966,235.64,3861.46,14.0966,267.889,4861.11,14.0966,304.391,6118.54,14.0966,345.709,7699.91,14.0966,392.478,9688.22,14.0966,445.417,12187.5,14.0966,505.339,15327.7,14.0966,573.165,19271.6,14.0966,649.938,24222,14.0966,736.839,30430.9,14.0966,835.202,38211.5,14.0966,946.539,47950.3,14.0966,1072.56,60122.8,14.0966,1215.21,75309.9,14.0966,1376.66,94216.2,14.0966,1559.41,117688,14.0966,1766.26,146729,14.0966,2000.39,182510,14.0966,2265.39,226372,14.0966,2565.33,279806,14.0966,2904.81,344416,14.0966,3289.05,421845,14.0966,3723.93,513667,14.0966,4216.13,621231,14.0966,4773.18,745478,14.0966,5403.64,886744,14.0966,6117.15,1.04457e+06,14.0966,6924.63,1.2176e+06,14.0966,11.7194,11.96,12.6541,13.9321,16.1295,13.6434,16.6097,21.9702,13.9553,19.7532,29.5285,14.0526,23.3844,39.1143,14.0829,27.5423,51.2054,14.0923,32.2796,66.434,14.0953,37.662,85.6061,14.0962,43.7675,109.74,14.0965,50.687,140.119,14.0966,58.5249,178.359,14.0966,67.4005,226.493,14.0966,77.4493,287.08,14.0966,88.8254,363.343,14.0966,101.703,459.336,14.0966,116.281,580.161,14.0966,132.782,732.241,14.0966,151.46,923.655,14.0966,172.603,1164.57,14.0966,196.535,1467.79,14.0966,223.625,1849.39,14.0966,254.288,2329.62,14.0966,288.997,2933.93,14.0966,328.285,3694.33,14.0966,372.755,4651.04,14.0966,423.092,5854.57,14.0966,480.07,7368.38,14.0966,544.564,9272.08,14.0966,617.566,11665.5,14.0966,700.197,14673.6,14.0966,793.729,18452.9,14.0966,899.599,23198.6,14.0966,1019.43,29154.1,14.0966,1155.07,36622.3,14.0966,1308.6,45977.9,14.0966,1482.39,57683.7,14.0966,1679.09,72307.8,14.0966,1901.73,90542.8,14.0966,2153.73,113226,14.0966,2438.97,141360,14.0966,2761.81,176127,14.0966,3127.22,218898,14.0966,3540.81,271226,14.0966,4008.92,334817,14.0966,4538.74,411470,14.0966,5138.38,502973,14.0966,5817.04,610948,14.0966,6585.12,736653,14.0966,7454.39,880741,14.0966,8438.15,1.04302e+06,14.0966,9551.45,1.22224e+06,14.0966,10811.3,1.41602e+06,14.0966,12237,1.62086e+06,14.0966,11.7194,11.96,12.6541,2.21263,4.16949,0.989383,2.67766,5.84076,0.311842,3.14343,7.55825,0.0972771,3.63127,9.58578,0.0303237,4.15787,12.0912,0.00945211,4.73731,15.2286,0.00294633,5.38238,19.1721,0.000918508,6.10553,24.134,0.000286163,6.91951,30.3791,8.92692e-05,7.83792,38.2397,2.78121e-05,8.87555,48.1338,8.65134e-06,10.0489,60.5876,2.7882e-06,11.3761,76.2629,8.29036e-07,12.8779,95.9927,2.4373e-07,14.5775,120.825,4.33068e-09,16.5012,152.08,1.75749e-07,18.6784,191.415,-1.86328e-07,21.1428,240.917,1.91829e-07,23.9322,303.213,-1.81475e-07,27.0895,381.602,7.0186e-08,30.6634,480.231,-2.86769e-08,34.7087,604.316,2.40784e-07,39.2876,760.401,9.87368e-08,44.4705,956.705,1.22263e-07,50.3371,1203.54,-4.31966e-07,56.9776,1513.81,-1.9705e-07,64.494,1903.69,-2.763e-08,73.0018,2393.4,3.9185e-07,82.6317,3008.13,1.35379e-07,93.5318,3779.25,-4.16351e-08,105.869,4745.7,2.06965e-08,119.834,5955.6,-3.18887e-07,135.641,7468.12,-1.48271e-08,153.531,9355.62,2.00739e-07,173.781,11705.8,2.28358e-07,196.701,14624.1,-1.93587e-08,222.642,18235,-2.88101e-07,252.003,22683.4,-2.24732e-07,285.234,28134,8.56806e-09,322.845,34767,2.34258e-07,365.413,42770.9,2.99668e-07,413.588,52327.9,8.28644e-08,468.111,63591.2,-3.07049e-07,529.814,76653.2,-3.1888e-07,599.642,91502.5,-6.72276e-08,678.662,107975,2.26339e-07,768.083,125705,3.69212e-07,869.267,144088,2.04077e-07,983.76,162277,-2.80509e-07,1113.3,179223,-4.22737e-07,1259.87,193777,-1.71951e-07,1425.68,204839,4.55555e-07,11.7194,11.96,12.6541,2.21263,4.16949,0.989383,2.67766,5.84076,0.311842,3.14343,7.55825,0.0972771,3.63127,9.58578,0.0303237,4.15787,12.0912,0.00945211,4.73731,15.2286,0.00294633,5.38238,19.1721,0.000918508,6.10553,24.134,0.000286163,6.91951,30.3791,8.92692e-05,7.83792,38.2397,2.78121e-05,8.87555,48.1338,8.65134e-06,10.0489,60.5876,2.7882e-06,11.3761,76.2629,8.29036e-07,12.8779,95.9927,2.4373e-07,14.5775,120.825,1e-08,16.5012,152.08,1.75749e-07,18.6784,191.415,1e-08,21.1428,240.917,1.91829e-07,23.9322,303.213,1e-08,27.0895,381.602,7.0186e-08,30.6634,480.231,1e-08,34.7087,604.316,2.40784e-07,39.2876,760.401,9.87368e-08,44.4705,956.705,1.22263e-07,50.3371,1203.54,1e-08,56.9776,1513.81,1e-08,64.494,1903.69,1e-08,73.0018,2393.4,3.9185e-07,82.6317,3008.13,1.35379e-07,93.5318,3779.25,1e-08,105.869,4745.7,2.06965e-08,119.834,5955.6,1e-08,135.641,7468.12,1e-08,153.531,9355.62,2.00739e-07,173.781,11705.8,2.28358e-07,196.701,14624.1,1e-08,222.642,18235,1e-08,252.003,22683.4,1e-08,285.234,28134,1e-08,322.845,34767,2.34258e-07,365.413,42770.9,2.99668e-07,413.588,52327.9,8.28644e-08,468.111,63591.2,1e-08,529.814,76653.2,1e-08,599.642,91502.5,1e-08,678.662,107975,2.26339e-07,768.083,125705,3.69212e-07,869.267,144088,2.04077e-07,983.76,162277,1e-08,1113.3,179223,1e-08,1259.87,193777,1e-08,1425.68,204839,4.55555e-07,6.2823,3.27286,2.43537,0.219672,6.18826,2.24117,0.56371,6.87772,2.63624,0.308279,12,15,26,0,6,0,3,5,1,3,1,0,3,7,0,3,20,0,11,20,0,10,19,0,5,9,0,7,34,0,6,65,0,12,34,0,22,63,0,7,78,0,16,144,0,16,124,0,16,138,0,6,121,0,11,212,0,21,137,0,53,631,0,34,403,0,30,689,0,19,823,0,28,857,0,56,660,0,116,833,0,59,1295,0,54,3960,0,75,4058,0,83,2038,0,164,1776,0,81,9948,0,137,11091,0,116,8537,0,258,20588,0,142,4463,0,334,11595,0,431,10290,0,310,11482,0,390,33176,0,543,43515,0,271,17480,0,583,56733,0,586,107036,0,307,91321,0,1560,90765,0,992,168733,0,963,98885,0,1283,132996,0,896,129717,0,714,264973,0,1313,181844,0
-1.05176e+08,1,8.88811e-15,10,1023,0,1.05176e+08,0.528882,1.08665,0.389689,0.145397,0.379329,3.24381,0.161596,0.446195,1.77396,0.159177,1.15e+07,4.49998e+06,6.79999e+06,1.15e+07,4.49997e+06,6.79999e+06,1.15e+07,4.49996e+06,6.79999e+06,1.15e+07,4.49995e+06,6.79999e+06,1.14999e+07,4.49993e+06,6.79999e+06,1.14999e+07,4.49991e+06,6.79999e+06,1.14999e+07,4.49989e+06,6.79999e+06,1.14999e+07,4.49986e+06,6.79999e+06,1.14999e+07,4.49982e+06,6.79999e+06,1.14999e+07,4.49977e+06,6.79999e+06,1.14999e+07,4.49971e+06,6.79999e+06,1.14999e+07,4.49963e+06,6.79999e+06,1.14998e+07,4.49953e+06,6.79999e+06,1.14998e+07,4.49941e+06,6.79999e+06,1.14998e+07,4.49926e+06,6.79999e+06,1.14998e+07,4.49906e+06,6.79999e+06,1.14997e+07,4.49882e+06,6.79999e+06,1.14997e+07,4.49851e+06,6.79999e+06,1.14997e+07,4.49812e+06,6.79999e+06,1.14996e+07,4.49764e+06,6.79999e+06,1.14996e+07,4.49702e+06,6.79999e+06,1.14995e+07,4.49625e+06,6.79999e+06,1.14995e+07,4.49528e+06,6.79999e+06,1.14994e+07,4.49406e+06,6.79999e+06,1.14993e+07,4.49253e+06,6.79999e+06,1.14992e+07,4.49059e+06,6.79999e+06,1.14991e+07,4.48817e+06,6.79999e+06,1.1499e+07,4.48511e+06,6.79999e+06,1.14988e+07,4.48128e+06,6.79999e+06,1.14987e+07,4.47646e+06,6.79999e+06,1.14985e+07,4.47041e+06,6.79999e+06,1.14983e+07,4.46281e+06,6.79999e+06,1.14981e+07,4.4533e+06,6.79999e+06,1.14979e+07,4.44138e+06,6.79999e+06,1.14976e+07,4.42649e+06,6.79999e+06,1.14972e+07,4.40789e+06,6.79999e+06,1.14969e+07,4.38471e+06,6.79999e+06,1.14965e+07,4.35592e+06,6.79999e+06,1.1496e+07,4.32027e+06,6.79999e+06,1.14955e+07,4.27629e+06,6.79999e+06,1.14949e+07,4.22231e+06,6.79999e+06,1.14942e+07,4.15647e+06,6.79999e+06,1.14934e+07,4.07676e+06,6.79999e+06,1.14926e+07,3.98112e+06,6.79999e+06,1.14916e+07,3.86765e+06,6.79999e+06,1.14905e+07,3.73474e+06,6.79999e+06,1.14892e+07,3.58148e+06,6.79999e+06,1.14878e+07,3.40785e+06,6.79999e+06,1.14862e+07,3.21513e+06,6.79999e+06,1.14844e+07,3.00605e+06,6.79999e+06,1.14823e+07,2.7848e+06,6.79999e+06,1.148e+07,2.5568e+06,6.79999e+06,1.14773e+07,2.32825e+06,6.79999e+06,13.5742,8.52444,0.508366,16.8306,13.2585,0.162638,20.0035,17.569,0.0507846,23.2616,22.4214,0.0158319,26.7328,28.3297,0.00493498,30.5212,35.6974,0.00153831,34.7178,44.9473,0.000479527,39.4086,56.5822,0.000149456,44.6796,71.2245,4.66214e-05,50.6209,89.6543,1.45419e-05,57.3297,112.852,4.54748e-06,64.9129,142.051,1.43857e-06,73.4897,178.803,4.36618e-07,83.1934,225.062,1.40153e-07,94.1745,283.286,4.96378e-08,106.602,356.568,1.05434e-07,120.669,448.799,-6.49244e-08,136.59,564.873,1.70148e-07,154.611,710.948,-5.34594e-08,175.008,894.767,1.63407e-07,198.097,1126.06,8.04804e-08,224.231,1417.07,1.14667e-07,253.813,1783.15,-1.71227e-07,287.297,2243.62,-2.88466e-07,325.198,2822.67,-4.33651e-07,368.098,3550.67,7.9318e-08,416.657,4465.65,3.13319e-07,471.621,5615.16,3.4613e-07,533.835,7058.61,-1.19199e-07,604.255,8870.02,-2.79964e-07,683.962,11141.4,-2.30521e-07,774.182,13986.7,-2.55099e-07,876.299,17546.4,1.23585e-07,991.883,21993.1,1.41192e-07,1122.71,27536.7,-9.71886e-08,1270.78,34430.7,-3.68368e-07,1438.38,42977.7,-3.45379e-07,1628.07,53532.7,-3.25328e-09,1842.77,66504.6,2.6362e-07,2085.77,82350.2,2.53445e-07,2360.79,101560,-2.47407e-08,2672.05,124632,-3.80602e-07,3024.31,152018,-4.79005e-07,3422.98,184060,-1.14379e-07,3874.15,220884,2.64297e-07,4384.72,262283,3.44131e-07,4962.49,307576,7.5349e-08,5616.29,355497,-3.63097e-07,6356.1,404126,-6.05442e-07,7193.18,450932,-2.72333e-07,8140.28,492963,2.29675e-07,9211.79,527178,4.3387e-07,10424,550893,-1.0711e-07,10.102,8.06553,2.81012,10.6436,8.57909,0.869423,11.5336,10.2515,0.270869,12.7211,12.7138,0.0844293,14.1823,15.9373,0.0263173,15.9122,20.0383,0.0082035,17.9198,25.2154,0.00255722,20.2244,31.7373,0.000797017,22.8539,39.9486,0.000248622,25.8438,50.2851,7.75492e-05,29.237,63.2963,2.42508e-05,33.0837,79.6738,7.67162e-06,37.4415,100.288,2.32837e-06,42.3767,126.236,7.33e-07,47.9646,158.896,2.79256e-07,54.2906,200.003,9.87351e-09,61.452,251.741,1.61085e-07,69.5585,316.859,-2.47141e-07,78.7347,398.812,8.93552e-08,89.1218,501.948,-2.53231e-07,100.879,631.736,-1.25047e-07,114.188,795.049,-1.78808e-07,129.252,1000.53,2.6733e-07,146.304,1259.03,4.50292e-07,165.605,1584.19,6.76904e-07,187.452,1993.12,-1.23808e-07,212.181,2507.27,-4.89068e-07,240.173,3153.54,-5.40284e-07,271.856,3965.56,1.86061e-07,307.719,4985.38,4.37004e-07,348.313,6265.4,3.59828e-07,394.26,7870.83,3.98192e-07,446.268,9882.51,-1.92908e-07,505.135,12400.3,-2.20392e-07,571.766,15546.9,1.51705e-07,647.184,19472.2,5.74996e-07,732.547,24357.4,5.39112e-07,829.167,30420,5.07815e-09,938.526,37916.3,-4.11492e-07,1062.3,47143.9,-3.9561e-07,1202.4,58439.2,3.86185e-08,1360.96,72169.3,5.94093e-07,1540.42,88715.8,7.47693e-07,1743.53,108445,1.78537e-07,1973.41,131665,-4.12549e-07,2233.57,158557,-5.37164e-07,2528,189103,-1.17615e-07,2861.2,222986,5.66769e-07,3238.27,259510,9.45053e-07,3664.97,297540,4.25093e-07,4147.81,335497,-3.58506e-07,4694.17,371444,-6.7724e-07,5312.37,403256,1.67192e-07,1.61744,3.89446,9.84394,3.28846,7.5504,12.774,5.07607,11.7187,13.6844,7.03202,16.8147,13.9681,9.20215,23.1769,14.0566,11.6301,31.1672,14.0841,14.3598,41.2186,14.0927,17.4376,53.8688,14.0954,20.9137,69.7915,14.0962,24.8432,89.8341,14.0965,29.2879,115.063,14.0966,34.3168,146.819,14.0966,40.0078,186.792,14.0966,46.4487,237.107,14.0966,53.7388,300.44,14.0966,61.9903,380.158,14.0966,71.3301,480.499,14.0966,81.902,606.796,14.0966,93.8685,765.761,14.0966,107.414,965.837,14.0966,122.746,1217.65,14.0966,140.101,1534.57,14.0966,159.745,1933.41,14.0966,181.981,2435.3,14.0966,207.15,3066.85,14.0966,235.64,3861.46,14.0966,267.889,4861.11,14.0966,304.391,6118.54,14.0966,345.709,7699.91,14.0966,392.478,9688.22,14.0966,445.417,12187.5,14.0966,505.339,15327.7,14.0966,573.165,19271.6,14.0966,649.938,24222,14.0966,736.839,30430.9,14.0966,835.202,38211.5,14.0966,946.539,47950.3,14.0966,1072.56,60122.8,14.0966,1215.21,75309.9,14.0966,1376.66,94216.2,14.0966,1559.41,117688,14.0966,1766.26,146729,14.0966,2000.39,182510,14.0966,2265.39,226372,14.0966,2565.33,279806,14.0966,2904.81,344416,14.0966,3289.05,421845,14.0966,3723.93,513667,14.0966,4216.13,621231,14.0966,4773.18,745478,14.0966,5403.64,886744,14.0966,6117.15,1.04457e+06,14.0966,6924.63,1.2176e+06,14.0966,11.7194,11.96,12.6541,13.9321,16.1295,13.6434,16.6097,21.9702,13.9553,19.7532,29.5285,14.0526,23.3844,39.1143,14.0829,27.5423,51.2054,14.0923,32.2796,66.434,14.0953,37.662,85.6061,14.0962,43.7675,109.74,14.0965,50.687,140.119,14.0966,58.5249,178.359,14.0966,67.4005,226.493,14.0966,77.4493,287.08,14.0966,88.8254,363.343,14.0966,101.703,459.336,14.0966,116.281,580.161,14.0966,132.782,732.241,14.0966,151.46,923.655,14.0966,172.603,1164.57,14.0966,196.535,1467.79,14.0966,223.625,1849.39,14.0966,254.288,2329.62,14.0966,288.997,2933.93,14.0966,328.285,3694.33,14.0966,372.755,4651.04,14.0966,423.092,5854.57,14.0966,480.07,7368.38,14.0966,544.564,9272.08,14.0966,617.566,11665.5,14.0966,700.197,14673.6,14.0966,793.729,18452.9,14.0966,899.599,23198.6,14.0966,1019.43,29154.1,14.0966,1155.07,36622.3,14.0966,1308.6,45977.9,14.0966,1482.39,57683.7,14.0966,1679.09,72307.8,14.0966,1901.73,90542.8,14.0966,2153.73,113226,14.0966,2438.97,141360,14.0966,2761.81,176127,14.0966,3127.22,218898,14.0966,3540.81,271226,14.0966,4008.92,334817,14.0966,4538.74,411470,14.0966,5138.38,502973,14.0966,5817.04,610948,14.0966,6585.12,736653,14.0966,7454.39,880741,14.0966,8438.15,1.04302e+06,14.0966,9551.45,1.22224e+06,14.0966,10811.3,1.41602e+06,14.0966,12237,1.62086e+06,14.0966,11.7194,11.96,12.6541,2.21263,4.16949,0.989383,2.67766,5.84076,0.311842,3.14343,7.55825,0.0972771,3.63127,9.58578,0.0303237,4.15787,12.0912,0.00945211,4.73731,15.2286,0.00294633,5.38238,19.1721,0.000918508,6.10553,24.134,0.000286163,6.91951,30.3791,8.92692e-05,7.83792,38.2397,2.78121e-05,8.87555,48.1338,8.65134e-06,10.0489,60.5876,2.7882e-06,11.3761,76.2629,8.29036e-07,12.8779,95.9927,2.4373e-07,14.5775,120.825,4.33068e-09,16.5012,152.08,1.75749e-07,18.6784,191.415,-1.86328e-07,21.1428,240.917,1.91829e-07,23.9322,303.213,-1.81475e-07,27.0895,381.602,7.0186e-08,30.6634,480.231,-2.86769e-08,34.7087,604.316,2.40784e-07,39.2876,760.401,9.87368e-08,44.4705,956.705,1.22263e-07,50.3371,1203.54,-4.31966e-07,56.9776,1513.81,-1.9705e-07,64.494,1903.69,-2.763e-08,73.0018,2393.4,3.9185e-07,82.6317,3008.13,1.35379e-07,93.5318,3779.25,-4.16351e-08,105.869,4745.7,2.06965e-08,119.834,5955.6,-3.18887e-07,135.641,7468.12,-1.48271e-08,153.531,9355.62,2.00739e-07,173.781,11705.8,2.28358e-07,196.701,14624.1,-1.93587e-08,222.642,18235,-2.88101e-07,252.003,22683.4,-2.24732e-07,285.234,28134,8.56806e-09,322.845,34767,2.34258e-07,365.413,42770.9,2.99668e-07,413.588,52327.9,8.28644e-08,468.111,63591.2,-3.07049e-07,529.814,76653.2,-3.1888e-07,599.642,91502.5,-6.72276e-08,678.662,107975,2.26339e-07,768.083,125705,3.69212e-07,869.267,144088,2.04077e-07,983.76,162277,-2.80509e-07,1113.3,179223,-4.22737e-07,1259.87,193777,-1.71951e-07,1425.68,204839,4.55555e-07,11.7194,11.96,12.6541,2.21263,4.16949,0.989383,2.67766,5.84076,0.311842,3.14343,7.55825,0.0972771,3.63127,9.58578,0.0303237,4.15787,12.0912,0.00945211,4.73731,15.2286,0.00294633,5.38238,19.1721,0.000918508,6.10553,24.134,0.000286163,6.91951,30.3791,8.92692e-05,7.83792,38.2397,2.78121e-05,8.87555,48.1338,8.65134e-06,10.0489,60.5876,2.7882e-06,11.3761,76.2629,8.29036e-07,12.8779,95.9927,2.4373e-07,14.5775,120.825,1e-08,16.5012,152.08,1.75749e-07,18.6784,191.415,1e-08,21.1428,240.917,1.91829e-07,23.9322,303.213,1e-08,27.0895,381.602,7.0186e-08,30.6634,480.231,1e-08,34.7087,604.316,2.40784e-07,39.2876,760.401,9.87368e-08,44.4705,956.705,1.22263e-07,50.3371,1203.54,1e-08,56.9776,1513.81,1e-08,64.494,1903.69,1e-08,73.0018,2393.4,3.9185e-07,82.6317,3008.13,1.35379e-07,93.5318,3779.25,1e-08,105.869,4745.7,2.06965e-08,119.834,5955.6,1e-08,135.641,7468.12,1e-08,153.531,9355.62,2.00739e-07,173.781,11705.8,2.28358e-07,196.701,14624.1,1e-08,222.642,18235,1e-08,252.003,22683.4,1e-08,285.234,28134,1e-08,322.845,34767,2.34258e-07,365.413,42770.9,2.99668e-07,413.588,52327.9,8.28644e-08,468.111,63591.2,1e-08,529.814,76653.2,1e-08,599.642,91502.5,1e-08,678.662,107975,2.26339e-07,768.083,125705,3.69212e-07,869.267,144088,2.04077e-07,983.76,162277,1e-08,1113.3,179223,1e-08,1259.87,193777,1e-08,1425.68,204839,4.55555e-07,6.2823,3.27286,2.43537,0.219672,6.18826,2.24117,0.56371,6.87772,2.63624,0.308279,6,21,17,5,5,1,0,10,0,0,7,0,1,9,0,3,11,0,5,6,0,9,8,0,5,34,0,4,29,0,6,24,0,15,26,0,4,48,0,4,59,0,19,91,0,13,27,0,24,249,0,13,135,0,19,240,0,35,272,0,18,257,0,16,486,0,23,1081,0,27,885,0,38,474,0,36,399,0,117,1381,0,57,786,0,72,3628,0,36,1885,0,67,4787,0,61,2662,0,53,6301,0,123,3302,0,194,12791,0,132,7544,0,304,5129,0,262,16879,0,169,53226,0,354,22887,0,324,56924,0,310,32627,0,514,59830,0,193,81121,0,717,35014,0,986,65105,0,978,52180,0,997,168189,0,443,64763,0,1205,166721,0,712,245095,0,1229,234034,0,2028,206588,0
-1.05176e+08,1,8.88811e-15,10,1023,0,1.05176e+08,0.528882,1.08665,0.389689,0.145397,0.379329,3.24381,0.161596,0.446195,1.77396,0.159177,1.15e+07,4.49998e+06,6.79999e+06,1.15e+07,4.49997e+06,6.79999e+06,1.15e+07,4.49996e+06,6.79999e+06,1.15e+07,4.49995e+06,6.79999e+06,1.14999e+07,4.49993e+06,6.79999e+06,1.14999e+07,4.49991e+06,6.79999e+06,1.14999e+07,4.49989e+06,6.79999e+06,1.14999e+07,4.49986e+06,6.79999e+06,1.14999e+07,4.49982e+06,6.79999e+06,1.14999e+07,4.49977e+06,6.79999e+06,1.14999e+07,4.49971e+06,6.79999e+06,1.14999e+07,4.49963e+06,6.79999e+06,1.14998e+07,4.49953e+06,6.79999e+06,1.14998e+07,4.49941e+06,6.79999e+06,1.14998e+07,4.49926e+06,6.79999e+06,1.14998e+07,4.49906e+06,6.79999e+06,1.14997e+07,4.49882e+06,6.79999e+06,1.14997e+07,4.49851e+06,6.79999e+06,1.14997e+07,4.49812e+06,6.79999e+06,1.14996e+07,4.49764e+06,6.79999e+06,1.14996e+07,4.49702e+06,6.79999e+06,1.14995e+07,4.49625e+06,6.79999e+06,1.14995e+07,4.49528e+06,6.79999e+06,1.14994e+07,4.49406e+06,6.79999e+06,1.14993e+07,4.49253e+06,6.79999e+06,1.14992e+07,4.49059e+06,6.79999e+06,1.14991e+07,4.48817e+06,6.79999e+06,1.1499e+07,4.48511e+06,6.79999e+06,1.14988e+07,4.48128e+06,6.79999e+06,1.14987e+07,4.47646e+06,6.79999e+06,1.14985e+07,4.47041e+06,6.79999e+06,1.14983e+07,4.46281e+06,6.79999e+06,1.14981e+07,4.4533e+06,6.79999e+06,1.14979e+07,4.44138e+06,6.79999e+06,1.14976e+07,4.42649e+06,6.79999e+06,1.14972e+07,4.40789e+06,6.79999e+06,1.14969e+07,4.38471e+06,6.79999e+06,1.14965e+07,4.35592e+06,6.79999e+06,1.1496e+07,4.32027e+06,6.79999e+06,1.14955e+07,4.27629e+06,6.79999e+06,1.14949e+07,4.22231e+06,6.79999e+06,1.14942e+07,4.15647e+06,6.79999e+06,1.14934e+07,4.07676e+06,6.79999e+06,1.14926e+07,3.98112e+06,6.79999e+06,1.14916e+07,3.86765e+06,6.79999e+06,1.14905e+07,3.73474e+06,6.79999e+06,1.14892e+07,3.58148e+06,6.79999e+06,1.14878e+07,3.40785e+06,6.79999e+06,1.14862e+07,3.21513e+06,6.79999e+06,1.14844e+07,3.00605e+06,6.79999e+06,1.14823e+07,2.7848e+06,6.79999e+06,1.148e+07,2.5568e+06,6.79999e+06,1.14773e+07,2.32825e+06,6.79999e+06,13.5742,8.52444,0.508366,16.8306,13.2585,0.162638,20.0035,17.569,0.0507846,23.2616,22.4214,0.0158319,26.7328,28.3297,0.00493498,30.5212,35.6974,0.00153831,34.7178,44.9473,0.000479527,39.4086,56.5822,0.000149456,44.6796,71.2245,4.66214e-05,50.6209,89.6543,1.45419e-05,57.3297,112.852,4.54748e-06,64.9129,142.051,1.43857e-06,73.4897,178.803,4.36618e-07,83.1934,225.062,1.40153e-07,94.1745,283.286,4.96378e-08,106.602,356.568,1.05434e-07,120.669,448.799,-6.49244e-08,136.59,564.873,1.70148e-07,154.611,710.948,-5.34594e-08,175.008,894.767,1.63407e-07,198.097,1126.06,8.04804e-08,224.231,1417.07,1.14667e-07,253.813,1783.15,-1.71227e-07,287.297,2243.62,-2.88466e-07,325.198,2822.67,-4.33651e-07,368.098,3550.67,7.9318e-08,416.657,4465.65,3.13319e-07,471.621,5615.16,3.4613e-07,533.835,7058.61,-1.19199e-07,604.255,8870.02,-2.79964e-07,683.962,11141.4,-2.30521e-07,774.182,13986.7,-2.55099e-07,876.299,17546.4,1.23585e-07,991.883,21993.1,1.41192e-07,1122.71,27536.7,-9.71886e-08,1270.78,34430.7,-3.68368e-07,1438.38,42977.7,-3.45379e-07,1628.07,53532.7,-3.25328e-09,1842.77,66504.6,2.6362e-07,2085.77,82350.2,2.53445e-07,2360.79,101560,-2.47407e-08,2672.05,124632,-3.80602e-07,3024.31,152018,-4.79005e-07,3422.98,184060,-1.14379e-07,3874.15,220884,2.64297e-07,4384.72,262283,3.44131e-07,4962.49,307576,7.5349e-08,5616.29,355497,-3.63097e-07,6356.1,404126,-6.05442e-07,7193.18,450932,-2.72333e-07,8140.28,492963,2.29675e-07,9211.79,527178,4.3387e-07,10424,550893,-1.0711e-07,10.102,8.06553,2.81012,10.6436,8.57909,0.869423,11.5336,10.2515,0.270869,12.7211,12.7138,0.0844293,14.1823,15.9373,0.0263173,15.9122,20.0383,0.0082035,17.9198,25.2154,0.00255722,20.2244,31.7373,0.000797017,22.8539,39.9486,0.000248622,25.8438,50.2851,7.75492e-05,29.237,63.2963,2.42508e-05,33.0837,79.6738,7.67162e-06,37.4415,100.288,2.32837e-06,42.3767,126.236,7.33e-07,47.9646,158.896,2.79256e-07,54.2906,200.003,9.87351e-09,61.452,251.741,1.61085e-07,69.5585,316.859,-2.47141e-07,78.7347,398.812,8.93552e-08,89.1218,501.948,-2.53231e-07,100.879,631.736,-1.25047e-07,114.188,795.049,-1.78808e-07,129.252,1000.53,2.6733e-07,146.304,1259.03,4.50292e-07,165.605,1584.19,6.76904e-07,187.452,1993.12,-1.23808e-07,212.181,2507.27,-4.89068e-07,240.173,3153.54,-5.40284e-07,271.856,3965.56,1.86061e-07,307.719,4985.38,4.37004e-07,348.313,6265.4,3.59828e-07,394.26,7870.83,3.98192e-07,446.268,9882.51,-1.92908e-07,505.135,12400.3,-2.20392e-07,571.766,15546.9,1.51705e-07,647.184,19472.2,5.74996e-07,732.547,24357.4,5.39112e-07,829.167,30420,5.07815e-09,938.526,37916.3,-4.11492e-07,1062.3,47143.9,-3.9561e-07,1202.4,58439.2,3.86185e-08,1360.96,72169.3,5.94093e-07,1540.42,88715.8,7.47693e-07,1743.53,108445,1.78537e-07,1973.41,131665,-4.12549e-07,2233.57,158557,-5.37164e-07,2528,189103,-1.17615e-07,2861.2,222986,5.66769e-07,3238.27,259510,9.45053e-07,3664.97,297540,4.25093e-07,4147.81,335497,-3.58506e-07,4694.17,371444,-6.7724e-07,5312.37,403256,1.67192e-07,1.61744,3.89446,9.84394,3.28846,7.5504,12.774,5.07607,11.7187,13.6844,7.03202,16.8147,13.9681,9.20215,23.1769,14.0566,11.6301,31.1672,14.0841,14.3598,41.2186,14.0927,17.4376,53.8688,14.0954,20.9137,69.7915,14.0962,24.8432,89.8341,14.0965,29.2879,115.063,14.0966,34.3168,146.819,14.0966,40.0078,186.792,14.0966,46.4487,237.107,14.0966,53.7388,300.44,14.0966,61.9903,380.158,14.0966,71.3301,480.499,14.0966,81.902,606.796,14.0966,93.8685,765.761,14.0966,107.414,965.837,14.0966,122.746,1217.65,14.0966,140.101,1534.57,14.0966,159.745,1933.41,14.0966,181.981,2435.3,14.0966,207.15,3066.85,14.0966,235.64,3861.46,14.0966,267.889,4861.11,14.0966,304.391,6118.54,14.0966,345.709,7699.91,14.0966,392.478,9688.22,14.0966,445.417,12187.5,14.0966,505.339,15327.7,14.0966,573.165,19271.6,14.0966,649.938,24222,14.0966,736.839,30430.9,14.0966,835.202,38211.5,14.0966,946.539,47950.3,14.0966,1072.56,60122.8,14.0966,1215.21,75309.9,14.0966,1376.66,94216.2,14.0966,1559.41,117688,14.0966,1766.26,146729,14.0966,2000.39,182510,14.0966,2265.39,226372,14.0966,2565.33,279806,14.0966,2904.81,344416,14.0966,3289.05,421845,14.0966,3723.93,513667,14.0966,4216.13,621231,14.0966,4773.18,745478,14.0966,5403.64,886744,14.0966,6117.15,1.04457e+06,14.0966,6924.63,1.2176e+06,14.0966,11.7194,11.96,12.6541,13.9321,16.1295,13.6434,16.6097,21.9702,13.9553,19.7532,29.5285,14.0526,23.3844,39.1143,14.0829,27.5423,51.2054,14.0923,32.2796,66.434,14.0953,37.662,85.6061,14.0962,43.7675,109.74,14.0965,50.687,140.119,14.0966,58.5249,178.359,14.0966,67.4005,226.493,14.0966,77.4493,287.08,14.0966,88.8254,363.343,14.0966,101.703,459.336,14.0966,116.281,580.161,14.0966,132.782,732.241,14.0966,151.46,923.655,14.0966,172.603,1164.57,14.0966,196.535,1467.79,14.0966,223.625,1849.39,14.0966,254.288,2329.62,14.0966,288.997,2933.93,14.0966,328.285,3694.33,14.0966,372.755,4651.04,14.0966,423.092,5854.57,14.0966,480.07,7368.38,14.0966,544.564,9272.08,14.0966,617.566,11665.5,14.0966,700.197,14673.6,14.0966,793.729,18452.9,14.0966,899.599,23198.6,14.0966,1019.43,29154.1,14.0966,1155.07,36622.3,14.0966,1308.6,45977.9,14.0966,1482.39,57683.7,14.0966,1679.09,72307.8,14.0966,1901.73,90542.8,14.0966,2153.73,113226,14.0966,2438.97,141360,14.0966,2761.81,176127,14.0966,3127.22,218898,14.0966,3540.81,271226,14.0966,4008.92,334817,14.0966,4538.74,411470,14.0966,5138.38,502973,14.0966,5817.04,610948,14.0966,6585.12,736653,14.0966,7454.39,880741,14.0966,8438.15,1.04302e+06,14.0966,9551.45,1.22224e+06,14.0966,10811.3,1.41602e+06,14.0966,12237,1.62086e+06,14.0966,11.7194,11.96,12.6541,2.21263,4.16949,0.989383,2.67766,5.84076,0.311842,3.14343,7.55825,0.0972771,3.63127,9.58578,0.0303237,4.15787,12.0912,0.00945211,4.73731,15.2286,0.00294633,5.38238,19.1721,0.000918508,6.10553,24.134,0.000286163,6.91951,30.3791,8.92692e-05,7.83792,38.2397,2.78121e-05,8.87555,48.1338,8.65134e-06,10.0489,60.5876,2.7882e-06,11.3761,76.2629,8.29036e-07,12.8779,95.9927,2.4373e-07,14.5775,120.825,4.33068e-09,16.5012,152.08,1.75749e-07,18.6784,191.415,-1.86328e-07,21.1428,240.917,1.91829e-07,23.9322,303.213,-1.81475e-07,27.0895,381.602,7.0186e-08,30.6634,480.231,-2.86769e-08,34.7087,604.316,2.40784e-07,39.2876,760.401,9.87368e-08,44.4705,956.705,1.22263e-07,50.3371,1203.54,-4.31966e-07,56.9776,1513.81,-1.9705e-07,64.494,1903.69,-2.763e-08,73.0018,2393.4,3.9185e-07,82.6317,3008.13,1.35379e-07,93.5318,3779.25,-4.16351e-08,105.869,4745.7,2.06965e-08,119.834,5955.6,-3.18887e-07,135.641,7468.12,-1.48271e-08,153.531,9355.62,2.00739e-07,173.781,11705.8,2.28358e-07,196.701,14624.1,-1.93587e-08,222.642,18235,-2.88101e-07,252.003,22683.4,-2.24732e-07,285.234,28134,8.56806e-09,322.845,34767,2.34258e-07,365.413,42770.9,2.99668e-07,413.588,52327.9,8.28644e-08,468.111,63591.2,-3.07049e-07,529.814,76653.2,-3.1888e-07,599.642,91502.5,-6.72276e-08,678.662,107975,2.26339e-07,768.083,125705,3.69212e-07,869.267,144088,2.04077e-07,983.76,162277,-2.80509e-07,1113.3,179223,-4.22737e-07,1259.87,193777,-1.71951e-07,1425.68,204839,4.55555e-07,11.7194,11.96,12.6541,2.21263,4.16949,0.989383,2.67766,5.84076,0.311842,3.14343,7.55825,0.0972771,3.63127,9.58578,0.0303237,4.15787,12.0912,0.00945211,4.73731,15.2286,0.00294633,5.38238,19.1721,0.000918508,6.10553,24.134,0.000286163,6.91951,30.3791,8.92692e-05,7.83792,38.2397,2.78121e-05,8.87555,48.1338,8.65134e-06,10.0489,60.5876,2.7882e-06,11.3761,76.2629,8.29036e-07,12.8779,95.9927,2.4373e-07,14.5775,120.825,1e-08,16.5012,152.08,1.75749e-07,18.6784,191.415,1e-08,21.1428,240.917,1.91829e-07,23.9322,303.213,1e-08,27.0895,381.602,7.0186e-08,30.6634,480.231,1e-08,34.7087,604.316,2.40784e-07,39.2876,760.401,9.87368e-08,44.4705,956.705,1.22263e-07,50.3371,1203.54,1e-08,56.9776,1513.81,1e-08,64.494,1903.69,1e-08,73.0018,2393.4,3.9185e-07,82.6317,3008.13,1.35379e-07,93.5318,3779.25,1e-08,105.869,4745.7,2.06965e-08,119.834,5955.6,1e-08,135.641,7468.12,1e-08,153.531,9355.62,2.00739e-07,173.781,11705.8,2.28358e-07,196.701,14624.1,1e-08,222.642,18235,1e-08,252.003,22683.4,1e-08,285.234,28134,1e-08,322.845,34767,2.34258e-07,365.413,42770.9,2.99668e-07,413.588,52327.9,8.28644e-08,468.111,63591.2,1e-08,529.814,76653.2,1e-08,599.642,91502.5,1e-08,678.662,107975,2.26339e-07,768.083,125705,3.69212e-07,869.267,144088,2.04077e-07,983.76,162277,1e-08,1113.3,179223,1e-08,1259.87,193777,1e-08,1425.68,204839,4.55555e-07,6.2823,3.27286,2.43537,0.219672,6.18826,2.24117,0.56371,6.87772,2.63624,0.308279,14,9,11,4,4,0,3,2,1,1,14,0,0,11,0,3,8,0,6,14,0,6,38,0,5,13,0,9,5,0,5,21,0,8,62,0,9,30,0,11,81,0,18,62,0,21,124,0,16,124,0,14,129,0,34,520,0,28,197,0,8,352,0,27,316,0,50,243,0,42,598,0,65,810,0,51,940,0,62,3367,0,35,2323,0,77,3420,0,77,1206,0,198,1735,0,37,7901,0,106,10287,0,98,11254,0,113,7306,0,129,7366,0,138,15291,0,143,9657,0,354,18791,0,214,40265,0,398,23979,0,428,55031,0,380,68897,0,365,59138,0,713,123931,0,564,113393,0,545,107197,0,784,92689,0,541,123620,0,1590,177725,0,687,281108,0,669,152297,0,1287,280229,0
-1.05176e+08,1,8.88811e-15,10,1023,0,1.05176e+08,0.528882,1.08665,0.389689,0.145397,0.379329,3.24381,0.161596,0.446195,1.77396,0.159177,1.15e+07,4.49998e+06,6.79999e+06,1.15e+07,4.49997e+06,6.79999e+06,1.15e+07,4.49996e+06,6.79999e+06,1.15e+07,4.49995e+06,6.79999e+06,1.14999e+07,4.49993e+06,6.79999e+06,1.14999e+07,4.49991e+06,6.79999e+06,1.14999e+07,4.49989e+06,6.79999e+06,1.14999e+07,4.49986e+06,6.79999e+06,1.14999e+07,4.49982e+06,6.79999e+06,1.14999e+07,4.49977e+06,6.79999e+06,1.14999e+07,4.49971e+06,6.79999e+06,1.14999e+07,4.49963e+06,6.79999e+06,1.14998e+07,4.49953e+06,6.79999e+06,1.14998e+07,4.49941e+06,6.79999e+06,1.14998e+07,4.49926e+06,6.79999e+06,1.14998e+07,4.49906e+06,6.79999e+06,1.14997e+07,4.49882e+06,6.79999e+06,1.14997e+07,4.49851e+06,6.79999e+06,1.14997e+07,4.49812e+06,6.79999e+06,1.14996e+07,4.49764e+06,6.79999e+06,1.14996e+07,4.49702e+06,6.79999e+06,1.14995e+07,4.49625e+06,6.79999e+06,1.14995e+07,4.49528e+06,6.79999e+06,1.14994e+07,4.49406e+06,6.79999e+06,1.14993e+07,4.49253e+06,6.79999e+06,1.14992e+07,4.49059e+06,6.79999e+06,1.14991e+07,4.48817e+06,6.79999e+06,1.1499e+07,4.48511e+06,6.79999e+06,1.14988e+07,4.48128e+06,6.79999e+06,1.14987e+07,4.47646e+06,6.79999e+06,1.14985e+07,4.47041e+06,6.79999e+06,1.14983e+07,4.46281e+06,6.79999e+06,1.14981e+07,4.4533e+06,6.79999e+06,1.14979e+07,4.44138e+06,6.79999e+06,1.14976e+07,4.42649e+06,6.79999e+06,1.14972e+07,4.40789e+06,6.79999e+06,1.14969e+07,4.38471e+06,6.79999e+06,1.14965e+07,4.35592e+06,6.79999e+06,1.1496e+07,4.32027e+06,6.79999e+06,1.14955e+07,4.27629e+06,6.79999e+06,1.14949e+07,4.22231e+06,6.79999e+06,1.14942e+07,4.15647e+06,6.79999e+06,1.14934e+07,4.07676e+06,6.79999e+06,1.14926e+07,3.98112e+06,6.79999e+06,1.14916e+07,3.86765e+06,6.79999e+06,1.14905e+07,3.73474e+06,6.79999e+06,1.14892e+07,3.58148e+06,6.79999e+06,1.14878e+07,3.40785e+06,6.79999e+06,1.14862e+07,3.21513e+06,6.79999e+06,1.14844e+07,3.00605e+06,6.79999e+06,1.14823e+07,2.7848e+06,6.79999e+06,1.148e+07,2.5568e+06,6.79999e+06,1.14773e+07,2.32825e+06,6.79999e+06,13.5742,8.52444,0.508366,16.8306,13.2585,0.162638,20.0035,17.569,0.0507846,23.2616,22.4214,0.0158319,26.7328,28.3297,0.00493498,30.5212,35.6974,0.00153831,34.7178,44.9473,0.000479527,39.4086,56.5822,0.000149456,44.6796,71.2245,4.66214e-05,50.6209,89.6543,1.45419e-05,57.3297,112.852,4.54748e-06,64.9129,142.051,1.43857e-06,73.4897,178.803,4.36618e-07,83.1934,225.062,1.40153e-07,94.1745,283.286,4.96378e-08,106.602,356.568,1.05434e-07,120.669,448.799,-6.49244e-08,136.59,564.873,1.70148e-07,154.611,710.948,-5.34594e-08,175.008,894.767,1.63407e-07,198.097,1126.06,8.04804e-08,224.231,1417.07,1.14667e-07,253.813,1783.15,-1.71227e-07,287.297,2243.62,-2.88466e-07,325.198,2822.67,-4.33651e-07,368.098,3550.67,7.9318e-08,416.657,4465.65,3.13319e-07,471.621,5615.16,3.4613e-07,533.835,7058.61,-1.19199e-07,604.255,8870.02,-2.79964e-07,683.962,11141.4,-2.30521e-07,774.182,13986.7,-2.55099e-07,876.299,17546.4,1.23585e-07,991.883,21993.1,1.41192e-07,1122.71,27536.7,-9.71886e-08,1270.78,34430.7,-3.68368e-07,1438.38,42977.7,-3.45379e-07,1628.07,53532.7,-3.25328e-09,1842.77,66504.6,2.6362e-07,2085.77,82350.2,2.53445e-07,2360.79,101560,-2.47407e-08,2672.05,124632,-3.80602e-07,3024.31,152018,-4.79005e-07,3422.98,184060,-1.14379e-07,3874.15,220884,2.64297e-07,4384.72,262283,3.44131e-07,4962.49,307576,7.5349e-08,5616.29,355497,-3.63097e-07,6356.1,404126,-6.05442e-07,7193.18,450932,-2.72333e-07,8140.28,492963,2.29675e-07,9211.79,527178,4.3387e-07,10424,550893,-1.0711e-07,10.102,8.06553,2.81012,10.6436,8.57909,0.869423,11.5336,10.2515,0.270869,12.7211,12.7138,0.0844293,14.1823,15.9373,0.0263173,15.9122,20.0383,0.0082035,17.9198,25.2154,0.00255722,20.2244,31.7373,0.000797017,22.8539,39.9486,0.000248622,25.8438,50.2851,7.75492e-05,29.237,63.2963,2.42508e-05,33.0837,79.6738,7.67162e-06,37.4415,100.288,2.32837e-06,42.3767,126.236,7.33e-07,47.9646,158.896,2.79256e-07,54.2906,200.003,9.87351e-09,61.452,251.741,1.61085e-07,69.5585,316.859,-2.47141e-07,78.7347,398.812,8.93552e-08,89.1218,501.948,-2.53231e-07,100.879,631.736,-1.25047e-07,114.188,795.049,-1.78808e-07,129.252,1000.53,2.6733e-07,146.304,1259.03,4.50292e-07,165.605,1584.19,6.76904e-07,187.452,1993.12,-1.23808e-07,212.181,2507.27,-4.89068e-07,240.173,3153.54,-5.40284e-07,271.856,3965.56,1.86061e-07,307.719,4985.38,4.37004e-07,348.313,6265.4,3.59828e-07,394.26,7870.83,3.98192e-07,446.268,9882.51,-1.92908e-07,505.135,12400.3,-2.20392e-07,571.766,15546.9,1.51705e-07,647.184,19472.2,5.74996e-07,732.547,24357.4,5.39112e-07,829.167,30420,5.07815e-09,938.526,37916.3,-4.11492e-07,1062.3,47143.9,-3.9561e-07,1202.4,58439.2,3.86185e-08,1360.96,72169.3,5.94093e-07,1540.42,88715.8,7.47693e-07,1743.53,108445,1.78537e-07,1973.41,131665,-4.12549e-07,2233.57,158557,-5.37164e-07,2528,189103,-1.17615e-07,2861.2,222986,5.66769e-07,3238.27,259510,9.45053e-07,3664.97,297540,4.25093e-07,4147.81,335497,-3.58506e-07,4694.17,371444,-6.7724e-07,5312.37,403256,1.67192e-07,1.61744,3.89446,9.84394,3.28846,7.5504,12.774,5.07607,11.7187,13.6844,7.03202,16.8147,13.9681,9.20215,23.1769,14.0566,11.6301,31.1672,14.0841,14.3598,41.2186,14.0927,17.4376,53.8688,14.0954,20.9137,69.7915,14.0962,24.8432,89.8341,14.0965,29.2879,115.063,14.0966,34.3168,146.819,14.0966,40.0078,186.792,14.0966,46.4487,237.107,14.0966,53.7388,300.44,14.0966,61.9903,380.158,14.0966,71.3301,480.499,14.0966,81.902,606.796,14.0966,93.8685,765.761,14.0966,107.414,965.837,14.0966,122.746,1217.65,14.0966,140.101,1534.57,14.0966,159.745,1933.41,14.0966,181.981,2435.3,14.0966,207.15,3066.85,14.0966,235.64,3861.46,14.0966,267.889,4861.11,14.0966,304.391,6118.54,14.0966,345.709,7699.91,14.0966,392.478,9688.22,14.0966,445.417,12187.5,14.0966,505.339,15327.7,14.0966,573.165,19271.6,14.0966,649.938,24222,14.0966,736.839,30430.9,14.0966,835.202,38211.5,14.0966,946.539,47950.3,14.0966,1072.56,60122.8,14.0966,1215.21,75309.9,14.0966,1376.66,94216.2,14.0966,1559.41,117688,14.0966,1766.26,146729,14.0966,2000.39,182510,14.0966,2265.39,226372,14.0966,2565.33,279806,14.0966,2904.81,344416,14.0966,3289.05,421845,14.0966,3723.93,513667,14.0966,4216.13,621231,14.0966,4773.18,745478,14.0966,5403.64,886744,14.0966,6117.15,1.04457e+06,14.0966,6924.63,1.2176e+06,14.0966,11.7194,11.96,12.6541,13.9321,16.1295,13.6434,16.6097,21.9702,13.9553,19.7532,29.5285,14.0526,23.3844,39.1143,14.0829,27.5423,51.2054,14.0923,32.2796,66.434,14.0953,37.662,85.6061,14.0962,43.7675,109.74,14.0965,50.687,140.119,14.0966,58.5249,178.359,14.0966,67.4005,226.493,14.0966,77.4493,287.08,14.0966,88.8254,363.343,14.0966,101.703,459.336,14.0966,116.281,580.161,14.0966,132.782,732.241,14.0966,151.46,923.655,14.0966,172.603,1164.57,14.0966,196.535,1467.79,14.0966,223.625,1849.39,14.0966,254.288,2329.62,14.0966,288.997,2933.93,14.0966,328.285,3694.33,14.0966,372.755,4651.04,14.0966,423.092,5854.57,14.0966,480.07,7368.38,14.0966,544.564,9272.08,14.0966,617.566,11665.5,14.0966,700.197,14673.6,14.0966,793.729,18452.9,14.0966,899.599,23198.6,14.0966,1019.43,29154.1,14.0966,1155.07,36622.3,14.0966,1308.6,45977.9,14.0966,1482.39,57683.7,14.0966,1679.09,72307.8,14.0966,1901.73,90542.8,14.0966,2153.73,113226,14.0966,2438.97,141360,14.0966,2761.81,176127,14.0966,3127.22,218898,14.0966,3540.81,271226,14.0966,4008.92,334817,14.0966,4538.74,411470,14.0966,5138.38,502973,14.0966,5817.04,610948,14.0966,6585.12,736653,14.0966,7454.39,880741,14.0966,8438.15,1.04302e+06,14.0966,9551.45,1.22224e+06,14.0966,10811.3,1.41602e+06,14.0966,12237,1.62086e+06,14.0966,11.7194,11.96,12.6541,2.21263,4.16949,0.989383,2.67766,5.84076,0.311842,3.14343,7.55825,0.0972771,3.63127,9.58578,0.0303237,4.15787,12.0912,0.00945211,4.73731,15.2286,0.00294633,5.38238,19.1721,0.000918508,6.10553,24.134,0.000286163,6.91951,30.3791,8.92692e-05,7.83792,38.2397,2.78121e-05,8.87555,48.1338,8.65134e-06,10.0489,60.5876,2.7882e-06,11.3761,76.2629,8.29036e-07,12.8779,95.9927,2.4373e-07,14.5775,120.825,4.33068e-09,16.5012,152.08,1.75749e-07,18.6784,191.415,-1.86328e-07,21.1428,240.917,1.91829e-07,23.9322,303.213,-1.81475e-07,27.0895,381.602,7.0186e-08,30.6634,480.231,-2.86769e-08,34.7087,604.316,2.40784e-07,39.2876,760.401,9.87368e-08,44.4705,956.705,1.22263e-07,50.3371,1203.54,-4.31966e-07,56.9776,1513.81,-1.9705e-07,64.494,1903.69,-2.763e-08,73.0018,2393.4,3.9185e-07,82.6317,3008.13,1.35379e-07,93.5318,3779.25,-4.16351e-08,105.869,4745.7,2.06965e-08,119.834,5955.6,-3.18887e-07,135.641,7468.12,-1.48271e-08,153.531,9355.62,2.00739e-07,173.781,11705.8,2.28358e-07,196.701,14624.1,-1.93587e-08,222.642,18235,-2.88101e-07,252.003,22683.4,-2.24732e-07,285.234,28134,8.56806e-09,322.845,34767,2.34258e-07,365.413,42770.9,2.99668e-07,413.588,52327.9,8.28644e-08,468.111,63591.2,-3.07049e-07,529.814,76653.2,-3.1888e-07,599.642,91502.5,-6.72276e-08,678.662,107975,2.26339e-07,768.083,125705,3.69212e-07,869.267,144088,2.04077e-07,983.76,162277,-2.80509e-07,1113.3,179223,-4.22737e-07,1259.87,193777,-1.71951e-07,1425.68,204839,4.55555e-07,11.7194,11.96,12.6541,2.21263,4.16949,0.989383,2.67766,5.84076,0.311842,3.14343,7.55825,0.0972771,3.63127,9.58578,0.0303237,4.15787,12.0912,0.00945211,4.73731,15.2286,0.00294633,5.38238,19.1721,0.000918508,6.10553,24.134,0.000286163,6.91951,30.3791,8.92692e-05,7.83792,38.2397,2.78121e-05,8.87555,48.1338,8.65134e-06,10.0489,60.5876,2.7882e-06,11.3761,76.2629,8.29036e-07,12.8779,95.9927,2.4373e-07,14.5775,120.825,1e-08,16.5012,152.08,1.75749e-07,18.6784,191.415,1e-08,21.1428,240.917,1.91829e-07,23.9322,303.213,1e-08,27.0895,381.602,7.0186e-08,30.6634,480.231,1e-08,34.7087,604.316,2.40784e-07,39.2876,760.401,9.87368e-08,44.4705,956.705,1.22263e-07,50.3371,1203.54,1e-08,56.9776,1513.81,1e-08,64.494,1903.69,1e-08,73.0018,2393.4,3.9185e-07,82.6317,3008.13,1.35379e-07,93.5318,3779.25,1e-08,105.869,4745.7,2.06965e-08,119.834,5955.6,1e-08,135.641,7468.12,1e-08,153.531,9355.62,2.00739e-07,173.781,11705.8,2.28358e-07,196.701,14624.1,1e-08,222.642,18235,1e-08,252.003,22683.4,1e-08,285.234,28134,1e-08,322.845,34767,2.34258e-07,365.413,42770.9,2.99668e-07,413.588,52327.9,8.28644e-08,468.111,63591.2,1e-08,529.814,76653.2,1e-08,599.642,91502.5,1e-08,678.662,107975,2.26339e-07,768.083,125705,3.69212e-07,869.267,144088,2.04077e-07,983.76,162277,1e-08,1113.3,179223,1e-08,1259.87,193777,1e-08,1425.68,204839,4.55555e-07,6.2823,3.27286,2.43537,0.219672,6.18826,2.24117,0.56371,6.87772,2.63624,0.308279,26,12,20,3,4,0,2,8,1,5,5,0,3,10,0,1,6,0,6,21,0,3,25,0,6,10,0,7,77,0,6,84,0,5,38,0,10,91,0,7,88,0,25,152,0,10,127,0,20,229,0,32,258,0,24,153,0,18,433,0,41,190,0,33,382,0,27,643,0,25,877,0,52,1144,0,50,1167,0,97,1421,0,120,1601,0,74,3746,0,111,3526,0,119,4330,0,70,2737,0,188,6666,0,145,7946,0,174,19295,0,186,13410,0,314,12990,0,296,23442,0,111,11668,0,529,50379,0,446,64691,0,229,39562,0,91,64047,0,349,66044,0,472,34840,0,313,85112,0,504,84968,0,202,96868,0,1585,117631,0,609,115899,0,1190,246202,0,520,312851,0,1278,287629,0
-1.05176e+08,1,8.88811e-15,10,1023,0,1.05176e+08,0.528882,1.08665,0.389689,0.145397,0.379329,3.24381,0.161596,0.446195,1.77396,0.159177,1.15e+07,4.49998e+06,6.79999e+06,1.15e+07,4.49997e+06,6.79999e+06,1.15e+07,4.49996e+06,6.79999e+06,1.15e+07,4.49995e+06,6.79999e+06,1.14999e+07,4.49993e+06,6.79999e+06,1.14999e+07,4.49991e+06,6.79999e+06,1.14999e+07,4.49989e+06,6.79999e+06,1.14999e+07,4.49986e+06,6.79999e+06,1.14999e+07,4.49982e+06,6.79999e+06,1.14999e+07,4.49977e+06,6.79999e+06,1.14999e+07,4.49971e+06,6.79999e+06,1.14999e+07,4.49963e+06,6.79999e+06,1.14998e+07,4.49953e+06,6.79999e+06,1.14998e+07,4.49941e+06,6.79999e+06,1.14998e+07,4.49926e+06,6.79999e+06,1.14998e+07,4.49906e+06,6.79999e+06,1.14997e+07,4.49882e+06,6.79999e+06,1.14997e+07,4.49851e+06,6.79999e+06,1.14997e+07,4.49812e+06,6.79999e+06,1.14996e+07,4.49764e+06,6.79999e+06,1.14996e+07,4.49702e+06,6.79999e+06,1.14995e+07,4.49625e+06,6.79999e+06,1.14995e+07,4.49528e+06,6.79999e+06,1.14994e+07,4.49406e+06,6.79999e+06,1.14993e+07,4.49253e+06,6.79999e+06,1.14992e+07,4.49059e+06,6.79999e+06,1.14991e+07,4.48817e+06,6.79999e+06,1.1499e+07,4.48511e+06,6.79999e+06,1.14988e+07,4.48128e+06,6.79999e+06,1.14987e+07,4.47646e+06,6.79999e+06,1.14985e+07,4.47041e+06,6.79999e+06,1.14983e+07,4.46281e+06,6.79999e+06,1.14981e+07,4.4533e+06,6.79999e+06,1.14979e+07,4.44138e+06,6.79999e+06,1.14976e+07,4.42649e+06,6.79999e+06,1.14972e+07,4.40789e+06,6.79999e+06,1.14969e+07,4.38471e+06,6.79999e+06,1.14965e+07,4.35592e+06,6.79999e+06,1.1496e+07,4.32027e+06,6.79999e+06,1.14955e+07,4.27629e+06,6.79999e+06,1.14949e+07,4.22231e+06,6.79999e+06,1.14942e+07,4.15647e+06,6.79999e+06,1.14934e+07,4.07676e+06,6.79999e+06,1.14926e+07,3.98112e+06,6.79999e+06,1.14916e+07,3.86765e+06,6.79999e+06,1.14905e+07,3.73474e+06,6.79999e+06,1.14892e+07,3.58148e+06,6.79999e+06,1.14878e+07,3.40785e+06,6.79999e+06,1.14862e+07,3.21513e+06,6.79999e+06,1.14844e+07,3.00605e+06,6.79999e+06,1.14823e+07,2.7848e+06,6.79999e+06,1.148e+07,2.5568e+06,6.79999e+06,1.14773e+07,2.32825e+06,6.79999e+06,13.5742,8.52444,0.508366,16.8306,13.2585,0.162638,20.0035,17.569,0.0507846,23.2616,22.4214,0.0158319,26.7328,28.3297,0.00493498,30.5212,35.6974,0.00153831,34.7178,44.9473,0.000479527,39.4086,56.5822,0.000149456,44.6796,71.2245,4.66214e-05,50.6209,89.6543,1.45419e-05,57.3297,112.852,4.54748e-06,64.9129,142.051,1.43857e-06,73.4897,178.803,4.36618e-07,83.1934,225.062,1.40153e-07,94.1745,283.286,4.96378e-08,106.602,356.568,1.05434e-07,120.669,448.799,-6.49244e-08,136.59,564.873,1.70148e-07,154.611,710.948,-5.34594e-08,175.008,894.767,1.63407e-07,198.097,1126.06,8.04804e-08,224.231,1417.07,1.14667e-07,253.813,1783.15,-1.71227e-07,287.297,2243.62,-2.88466e-07,325.198,2822.67,-4.33651e-07,368.098,3550.67,7.9318e-08,416.657,4465.65,3.13319e-07,471.621,5615.16,3.4613e-07,533.835,7058.61,-1.19199e-07,604.255,8870.02,-2.79964e-07,683.962,11141.4,-2.30521e-07,774.182,13986.7,-2.55099e-07,876.299,17546.4,1.23585e-07,991.883,21993.1,1.41192e-07,1122.71,27536.7,-9.71886e-08,1270.78,34430.7,-3.68368e-07,1438.38,42977.7,-3.45379e-07,1628.07,53532.7,-3.25328e-09,1842.77,66504.6,2.6362e-07,2085.77,82350.2,2.53445e-07,2360.79,101560,-2.47407e-08,2672.05,124632,-3.80602e-07,3024.31,152018,-4.79005e-07,3422.98,184060,-1.14379e-07,3874.15,220884,2.64297e-07,4384.72,262283,3.44131e-07,4962.49,307576,7.5349e-08,5616.29,355497,-3.63097e-07,6356.1,404126,-6.05442e-07,7193.18,450932,-2.72333e-07,8140.28,492963,2.29675e-07,9211.79,527178,4.3387e-07,10424,550893,-1.0711e-07,10.102,8.06553,2.81012,10.6436,8.57909,0.869423,11.5336,10.2515,0.270869,12.7211,12.7138,0.0844293,14.1823,15.9373,0.0263173,15.9122,20.0383,0.0082035,17.9198,25.2154,0.00255722,20.2244,31.7373,0.000797017,22.8539,39.9486,0.000248622,25.8438,50.2851,7.75492e-05,29.237,63.2963,2.42508e-05,33.0837,79.6738,7.67162e-06,37.4415,100.288,2.32837e-06,42.3767,126.236,7.33e-07,47.9646,158.896,2.79256e-07,54.2906,200.003,9.87351e-09,61.452,251.741,1.61085e-07,69.5585,316.859,-2.47141e-07,78.7347,398.812,8.93552e-08,89.1218,501.948,-2.53231e-07,100.879,631.736,-1.25047e-07,114.188,795.049,-1.78808e-07,129.252,1000.53,2.6733e-07,146.304,1259.03,4.50292e-07,165.605,1584.19,6.76904e-07,187.452,1993.12,-1.23808e-07,212.181,2507.27,-4.89068e-07,240.173,3153.54,-5.40284e-07,271.856,3965.56,1.86061e-07,307.719,4985.38,4.37004e-07,348.313,6265.4,3.59828e-07,394.26,7870.83,3.98192e-07,446.268,9882.51,-1.92908e-07,505.135,12400.3,-2.20392e-07,571.766,15546.9,1.51705e-07,647.184,19472.2,5.74996e-07,732.547,24357.4,5.39112e-07,829.167,30420,5.07815e-09,938.526,37916.3,-4.11492e-07,1062.3,47143.9,-3.9561e-07,1202.4,58439.2,3.86185e-08,1360.96,72169.3,5.94093e-07,1540.42,88715.8,7.47693e-07,1743.53,108445,1.78537e-07,1973.41,131665,-4.12549e-07,2233.57,158557,-5.37164e-07,2528,189103,-1.17615e-07,2861.2,222986,5.66769e-07,3238.27,259510,9.45053e-07,3664.97,297540,4.25093e-07,4147.81,335497,-3.58506e-07,4694.17,371444,-6.7724e-07,5312.37,403256,1.67192e-07,1.61744,3.89446,9.84394,3.28846,7.5504,12.774,5.07607,11.7187,13.6844,7.03202,16.8147,13.9681,9.20215,23.1769,14.0566,11.6301,31.1672,14.0841,14.3598,41.2186,14.0927,17.4376,53.8688,14.0954,20.9137,69.7915,14.0962,24.8432,89.8341,14.0965,29.2879,115.063,14.0966,34.3168,146.819,14.0966,40.0078,186.792,14.0966,46.4487,237.107,14.0966,53.7388,300.44,14.0966,61.9903,380.158,14.0966,71.3301,480.499,14.0966,81.902,606.796,14.0966,93.8685,765.761,14.0966,107.414,965.837,14.0966,122.746,1217.65,14.0966,140.101,1534.57,14.0966,159.745,1933.41,14.0966,181.981,2435.3,14.0966,207.15,3066.85,14.0966,235.64,3861.46,14.0966,267.889,4861.11,14.0966,304.391,6118.54,14.0966,345.709,7699.91,14.0966,392.478,9688.22,14.0966,445.417,12187.5,14.0966,505.339,15327.7,14.0966,573.165,19271.6,14.0966,649.938,24222,14.0966,736.839,30430.9,14.0966,835.202,38211.5,14.0966,946.539,47950.3,14.0966,1072.56,60122.8,14.0966,1215.21,75309.9,14.0966,1376.66,94216.2,14.0966,1559.41,117688,14.0966,1766.26,146729,14.0966,2000.39,182510,14.0966,2265.39,226372,14.0966,2565.33,279806,14.0966,2904.81,344416,14.0966,3289.05,421845,14.0966,3723.93,513667,14.0966,4216.13,621231,14.0966,4773.18,745478,14.0966,5403.64,886744,14.0966,6117.15,1.04457e+06,14.0966,6924.63,1.2176e+06,14.0966,11.7194,11.96,12.6541,13.9321,16.1295,13.6434,16.6097,21.9702,13.9553,19.7532,29.5285,14.0526,23.3844,39.1143,14.0829,27.5423,51.2054,14.0923,32.2796,66.434,14.0953,37.662,85.6061,14.0962,43.7675,109.74,14.0965,50.687,140.119,14.0966,58.5249,178.359,14.0966,67.4005,226.493,14.0966,77.4493,287.08,14.0966,88.8254,363.343,14.0966,101.703,459.336,14.0966,116.281,580.161,14.0966,132.782,732.241,14.0966,151.46,923.655,14.0966,172.603,1164.57,14.0966,196.535,1467.79,14.0966,223.625,1849.39,14.0966,254.288,2329.62,14.0966,288.997,2933.93,14.0966,328.285,3694.33,14.0966,372.755,4651.04,14.0966,423.092,5854.57,14.0966,480.07,7368.38,14.0966,544.564,9272.08,14.0966,617.566,11665.5,14.0966,700.197,14673.6,14.0966,793.729,18452.9,14.0966,899.599,23198.6,14.0966,1019.43,29154.1,14.0966,1155.07,36622.3,14.0966,1308.6,45977.9,14.0966,1482.39,57683.7,14.0966,1679.09,72307.8,14.0966,1901.73,90542.8,14.0966,2153.73,113226,14.0966,2438.97,141360,14.0966,2761.81,176127,14.0966,3127.22,218898,14.0966,3540.81,271226,14.0966,4008.92,334817,14.0966,4538.74,411470,14.0966,5138.38,502973,14.0966,5817.04,610948,14.0966,6585.12,736653,14.0966,7454.39,880741,14.0966,8438.15,1.04302e+06,14.0966,9551.45,1.22224e+06,14.0966,10811.3,1.41602e+06,14.0966,12237,1.62086e+06,14.0966,11.7194,11.96,12.6541,2.21263,4.16949,0.989383,2.67766,5.84076,0.311842,3.14343,7.55825,0.0972771,3.63127,9.58578,0.0303237,4.15787,12.0912,0.00945211,4.73731,15.2286,0.00294633,5.38238,19.1721,0.000918508,6.10553,24.134,0.000286163,6.91951,30.3791,8.92692e-05,7.83792,38.2397,2.78121e-05,8.87555,48.1338,8.65134e-06,10.0489,60.5876,2.7882e-06,11.3761,76.2629,8.29036e-07,12.8779,95.9927,2.4373e-07,14.5775,120.825,4.33068e-09,16.5012,152.08,1.75749e-07,18.6784,191.415,-1.86328e-07,21.1428,240.917,1.91829e-07,23.9322,303.213,-1.81475e-07,27.0895,381.602,7.0186e-08,30.6634,480.231,-2.86769e-08,34.7087,604.316,2.40784e-07,39.2876,760.401,9.87368e-08,44.4705,956.705,1.22263e-07,50.3371,1203.54,-4.31966e-07,56.9776,1513.81,-1.9705e-07,64.494,1903.69,-2.763e-08,73.0018,2393.4,3.9185e-07,82.6317,3008.13,1.35379e-07,93.5318,3779.25,-4.16351e-08,105.869,4745.7,2.06965e-08,119.834,5955.6,-3.18887e-07,135.641,7468.12,-1.48271e-08,153.531,9355.62,2.00739e-07,173.781,11705.8,2.28358e-07,196.701,14624.1,-1.93587e-08,222.642,18235,-2.88101e-07,252.003,22683.4,-2.24732e-07,285.234,28134,8.56806e-09,322.845,34767,2.34258e-07,365.413,42770.9,2.99668e-07,413.588,52327.9,8.28644e-08,468.111,63591.2,-3.07049e-07,529.814,76653.2,-3.1888e-07,599.642,91502.5,-6.72276e-08,678.662,107975,2.26339e-07,768.083,125705,3.69212e-07,869.267,144088,2.04077e-07,983.76,162277,-2.80509e-07,1113.3,179223,-4.22737e-07,1259.87,193777,-1.71951e-07,1425.68,204839,4.55555e-07,11.7194,11.96,12.6541,2.21263,4.16949,0.989383,2.67766,5.84076,0.311842,3.14343,7.55825,0.0972771,3.63127,9.58578,0.0303237,4.15787,12.0912,0.00945211,4.73731,15.2286,0.00294633,5.38238,19.1721,0.000918508,6.10553,24.134,0.000286163,6.91951,30.3791,8.92692e-05,7.83792,38.2397,2.78121e-05,8.87555,48.1338,8.65134e-06,10.0489,60.5876,2.7882e-06,11.3761,76.2629,8.29036e-07,12.8779,95.9927,2.4373e-07,14.5775,120.825,1e-08,16.5012,152.08,1.75749e-07,18.6784,191.415,1e-08,21.1428,240.917,1.91829e-07,23.9322,303.213,1e-08,27.0895,381.602,7.0186e-08,30.6634,480.231,1e-08,34.7087,604.316,2.40784e-07,39.2876,760.401,9.87368e-08,44.4705,956.705,1.22263e-07,50.3371,1203.54,1e-08,56.9776,1513.81,1e-08,64.494,1903.69,1e-08,73.0018,2393.4,3.9185e-07,82.6317,3008.13,1.35379e-07,93.5318,3779.25,1e-08,105.869,4745.7,2.06965e-08,119.834,5955.6,1e-08,135.641,7468.12,1e-08,153.531,9355.62,2.00739e-07,173.781,11705.8,2.28358e-07,196.701,14624.1,1e-08,222.642,18235,1e-08,252.003,22683.4,1e-08,285.234,28134,1e-08,322.845,34767,2.34258e-07,365.413,42770.9,2.99668e-07,413.588,52327.9,8.28644e-08,468.111,63591.2,1e-08,529.814,76653.2,1e-08,599.642,91502.5,1e-08,678.662,107975,2.26339e-07,768.083,125705,3.69212e-07,869.267,144088,2.04077e-07,983.76,162277,1e-08,1113.3,179223,1e-08,1259.87,193777,1e-08,1425.68,204839,4.55555e-07,6.2823,3.27286,2.43537,0.219672,6.18826,2.24117,0.56371,6.87772,2.63624,0.308279,9,11,13,3,2,0,2,6,0,8,6,0,5,16,1,4,6,0,4,12,0,9,47,0,7,41,0,7,31,0,8,23,0,9,52,0,21,61,0,5,35,0,17,104,0,8,82,0,21,52,0,29,108,0,23,346,0,28,244,0,33,477,0,10,698,0,28,515,0,33,1004,0,40,660,0,59,1507,0,31,3238,0,70,1429,0,92,3092,0,74,4191,0,127,5736,0,135,7794,0,110,3838,0,72,3212,0,182,9888,0,185,5707,0,104,16432,0,155,25916,0,186,18169,0,137,50470,0,427,39210,0,226,30338,0,573,49885,0,191,54406,0,327,111418,0,327,69126,0,638,44424,0,963,251290,0,1216,144806,0,1125,196391,0,1137,240793,0,1041,163416,0,1958,188169,0
-1.05176e+08,1,8.88811e-15,10,1023,0,1.05176e+08,0.528882,1.08665,0.389689,0.145397,0.379329,3.24381,0.161596,0.446195,1.77396,0.159177,1.15e+07,4.49998e+06,6.79999e+06,1.15e+07,4.49997e+06,6.79999e+06,1.15e+07,4.49996e+06,6.79999e+06,1.15e+07,4.49995e+06,6.79999e+06,1.14999e+07,4.49993e+06,6.79999e+06,1.14999e+07,4.49991e+06,6.79999e+06,1.14999e+07,4.49989e+06,6.79999e+06,1.14999e+07,4.49986e+06,6.79999e+06,1.14999e+07,4.49982e+06,6.79999e+06,1.14999e+07,4.49977e+06,6.79999e+06,1.14999e+07,4.49971e+06,6.79999e+06,1.14999e+07,4.49963e+06,6.79999e+06,1.14998e+07,4.49953e+06,6.79999e+06,1.14998e+07,4.49941e+06,6.79999e+06,1.14998e+07,4.49926e+06,6.79999e+06,1.14998e+07,4.49906e+06,6.79999e+06,1.14997e+07,4.49882e+06,6.79999e+06,1.14997e+07,4.49851e+06,6.79999e+06,1.14997e+07,4.49812e+06,6.79999e+06,1.14996e+07,4.49764e+06,6.79999e+06,1.14996e+07,4.49702e+06,6.79999e+06,1.14995e+07,4.49625e+06,6.79999e+06,1.14995e+07,4.49528e+06,6.79999e+06,1.14994e+07,4.49406e+06,6.79999e+06,1.14993e+07,4.49253e+06,6.79999e+06,1.14992e+07,4.49059e+06,6.79999e+06,1.14991e+07,4.48817e+06,6.79999e+06,1.1499e+07,4.48511e+06,6.79999e+06,1.14988e+07,4.48128e+06,6.79999e+06,1.14987e+07,4.47646e+06,6.79999e+06,1.14985e+07,4.47041e+06,6.79999e+06,1.14983e+07,4.46281e+06,6.79999e+06,1.14981e+07,4.4533e+06,6.79999e+06,1.14979e+07,4.44138e+06,6.79999e+06,1.14976e+07,4.42649e+06,6.79999e+06,1.14972e+07,4.40789e+06,6.79999e+06,1.14969e+07,4.38471e+06,6.79999e+06,1.14965e+07,4.35592e+06,6.79999e+06,1.1496e+07,4.32027e+06,6.79999e+06,1.14955e+07,4.27629e+06,6.79999e+06,1.14949e+07,4.22231e+06,6.79999e+06,1.14942e+07,4.15647e+06,6.79999e+06,1.14934e+07,4.07676e+06,6.79999e+06,1.14926e+07,3.98112e+06,6.79999e+06,1.14916e+07,3.86765e+06,6.79999e+06,1.14905e+07,3.73474e+06,6.79999e+06,1.14892e+07,3.58148e+06,6.79999e+06,1.14878e+07,3.40785e+06,6.79999e+06,1.14862e+07,3.21513e+06,6.79999e+06,1.14844e+07,3.00605e+06,6.79999e+06,1.14823e+07,2.7848e+06,6.79999e+06,1.148e+07,2.5568e+06,6.79999e+06,1.14773e+07,2.32825e+06,6.79999e+06,13.5742,8.52444,0.508366,16.8306,13.2585,0.162638,20.0035,17.569,0.0507846,23.2616,22.4214,0.0158319,26.7328,28.3297,0.00493498,30.5212,35.6974,0.00153831,34.7178,44.9473,0.000479527,39.4086,56.5822,0.000149456,44.6796,71.2245,4.66214e-05,50.6209,89.6543,1.45419e-05,57.3297,112.852,4.54748e-06,64.9129,142.051,1.43857e-06,73.4897,178.803,4.36618e-07,83.1934,225.062,1.40153e-07,94.1745,283.286,4.96378e-08,106.602,356.568,1.05434e-07,120.669,448.799,-6.49244e-08,136.59,564.873,1.70148e-07,154.611,710.948,-5.34594e-08,175.008,894.767,1.63407e-07,198.097,1126.06,8.04804e-08,224.231,1417.07,1.14667e-07,253.813,1783.15,-1.71227e-07,287.297,2243.62,-2.88466e-07,325.198,2822.67,-4.33651e-07,368.098,3550.67,7.9318e-08,416.657,4465.65,3.13319e-07,471.621,5615.16,3.4613e-07,533.835,7058.61,-1.19199e-07,604.255,8870.02,-2.79964e-07,683.962,11141.4,-2.30521e-07,774.182,13986.7,-2.55099e-07,876.299,17546.4,1.23585e-07,991.883,21993.1,1.41192e-07,1122.71,27536.7,-9.71886e-08,1270.78,34430.7,-3.68368e-07,1438.38,42977.7,-3.45379e-07,1628.07,53532.7,-3.25328e-09,1842.77,66504.6,2.6362e-07,2085.77,82350.2,2.53445e-07,2360.79,101560,-2.47407e-08,2672.05,124632,-3.80602e-07,3024.31,152018,-4.79005e-07,3422.98,184060,-1.14379e-07,3874.15,220884,2.64297e-07,4384.72,262283,3.44131e-07,4962.49,307576,7.5349e-08,5616.29,355497,-3.63097e-07,6356.1,404126,-6.05442e-07,7193.18,450932,-2.72333e-07,8140.28,492963,2.29675e-07,9211.79,527178,4.3387e-07,10424,550893,-1.0711e-07,10.102,8.06553,2.81012,10.6436,8.57909,0.869423,11.5336,10.2515,0.270869,12.7211,12.7138,0.0844293,14.1823,15.9373,0.0263173,15.9122,20.0383,0.0082035,17.9198,25.2154,0.00255722,20.2244,31.7373,0.000797017,22.8539,39.9486,0.000248622,25.8438,50.2851,7.75492e-05,29.237,63.2963,2.42508e-05,33.0837,79.6738,7.67162e-06,37.4415,100.288,2.32837e-06,42.3767,126.236,7.33e-07,47.9646,158.896,2.79256e-07,54.2906,200.003,9.87351e-09,61.452,251.741,1.61085e-07,69.5585,316.859,-2.47141e-07,78.7347,398.812,8.93552e-08,89.1218,501.948,-2.53231e-07,100.879,631.736,-1.25047e-07,114.188,795.049,-1.78808e-07,129.252,1000.53,2.6733e-07,146.304,1259.03,4.50292e-07,165.605,1584.19,6.76904e-07,187.452,1993.12,-1.23808e-07,212.181,2507.27,-4.89068e-07,240.173,3153.54,-5.40284e-07,271.856,3965.56,1.86061e-07,307.719,4985.38,4.37004e-07,348.313,6265.4,3.59828e-07,394.26,7870.83,3.98192e-07,446.268,9882.51,-1.92908e-07,505.135,12400.3,-2.20392e-07,571.766,15546.9,1.51705e-07,647.184,19472.2,5.74996e-07,732.547,24357.4,5.39112e-07,829.167,30420,5.07815e-09,938.526,37916.3,-4.11492e-07,1062.3,47143.9,-3.9561e-07,1202.4,58439.2,3.86185e-08,1360.96,72169.3,5.94093e-07,1540.42,88715.8,7.47693e-07,1743.53,108445,1.78537e-07,1973.41,131665,-4.12549e-07,2233.57,158557,-5.37164e-07,2528,189103,-1.17615e-07,2861.2,222986,5.66769e-07,3238.27,259510,9.45053e-07,3664.97,297540,4.25093e-07,4147.81,335497,-3.58506e-07,4694.17,371444,-6.7724e-07,5312.37,403256,1.67192e-07,1.61744,3.89446,9.84394,3.28846,7.5504,12.774,5.07607,11.7187,13.6844,7.03202,16.8147,13.9681,9.20215,23.1769,14.0566,11.6301,31.1672,14.0841,14.3598,41.2186,14.0927,17.4376,53.8688,14.0954,20.9137,69.7915,14.0962,24.8432,89.8341,14.0965,29.2879,115.063,14.0966,34.3168,146.819,14.0966,40.0078,186.792,14.0966,46.4487,237.107,14.0966,53.7388,300.44,14.0966,61.9903,380.158,14.0966,71.3301,480.499,14.0966,81.902,606.796,14.0966,93.8685,765.761,14.0966,107.414,965.837,14.0966,122.746,1217.65,14.0966,140.101,1534.57,14.0966,159.745,1933.41,14.0966,181.981,2435.3,14.0966,207.15,3066.85,14.0966,235.64,3861.46,14.0966,267.889,4861.11,14.0966,304.391,6118.54,14.0966,345.709,7699.91,14.0966,392.478,9688.22,14.0966,445.417,12187.5,14.0966,505.339,15327.7,14.0966,573.165,19271.6,14.0966,649.938,24222,14.0966,736.839,30430.9,14.0966,835.202,38211.5,14.0966,946.539,47950.3,14.0966,1072.56,60122.8,14.0966,1215.21,75309.9,14.0966,1376.66,94216.2,14.0966,1559.41,117688,14.0966,1766.26,146729,14.0966,2000.39,182510,14.0966,2265.39,226372,14.0966,2565.33,279806,14.0966,2904.81,344416,14.0966,3289.05,421845,14.0966,3723.93,513667,14.0966,4216.13,621231,14.0966,4773.18,745478,14.0966,5403.64,886744,14.0966,6117.15,1.04457e+06,14.0966,6924.63,1.2176e+06,14.0966,11.7194,11.96,12.6541,13.9321,16.1295,13.6434,16.6097,21.9702,13.9553,19.7532,29.5285,14.0526,23.3844,39.1143,14.0829,27.5423,51.2054,14.0923,32.2796,66.434,14.0953,37.662,85.6061,14.0962,43.7675,109.74,14.0965,50.687,140.119,14.0966,58.5249,178.359,14.0966,67.4005,226.493,14.0966,77.4493,287.08,14.0966,88.8254,363.343,14.0966,101.703,459.336,14.0966,116.281,580.161,14.0966,132.782,732.241,14.0966,151.46,923.655,14.0966,172.603,1164.57,14.0966,196.535,1467.79,14.0966,223.625,1849.39,14.0966,254.288,2329.62,14.0966,288.997,2933.93,14.0966,328.285,3694.33,14.0966,372.755,4651.04,14.0966,423.092,5854.57,14.0966,480.07,7368.38,14.0966,544.564,9272.08,14.0966,617.566,11665.5,14.0966,700.197,14673.6,14.0966,793.729,18452.9,14.0966,899.599,23198.6,14.0966,1019.43,29154.1,14.0966,1155.07,36622.3,14.0966,1308.6,45977.9,14.0966,1482.39,57683.7,14.0966,1679.09,72307.8,14.0966,1901.73,90542.8,14.0966,2153.73,113226,14.0966,2438.97,141360,14.0966,2761.81,176127,14.0966,3127.22,218898,14.0966,3540.81,271226,14.0966,4008.92,334817,14.0966,4538.74,411470,14.0966,5138.38,502973,14.0966,5817.04,610948,14.0966,6585.12,736653,14.0966,7454.39,880741,14.0966,8438.15,1.04302e+06,14.0966,9551.45,1.22224e+06,14.0966,10811.3,1.41602e+06,14.0966,12237,1.62086e+06,14.0966,11.7194,11.96,12.6541,2.21263,4.16949,0.989383,2.67766,5.84076,0.311842,3.14343,7.55825,0.0972771,3.63127,9.58578,0.0303237,4.15787,12.0912,0.00945211,4.73731,15.2286,0.00294633,5.38238,19.1721,0.000918508,6.10553,24.134,0.000286163,6.91951,30.3791,8.92692e-05,7.83792,38.2397,2.78121e-05,8.87555,48.1338,8.65134e-06,10.0489,60.5876,2.7882e-06,11.3761,76.2629,8.29036e-07,12.8779,95.9927,2.4373e-07,14.5775,120.825,4.33068e-09,16.5012,152.08,1.75749e-07,18.6784,191.415,-1.86328e-07,21.1428,240.917,1.91829e-07,23.9322,303.213,-1.81475e-07,27.0895,381.602,7.0186e-08,30.6634,480.231,-2.86769e-08,34.7087,604.316,2.40784e-07,39.2876,760.401,9.87368e-08,44.4705,956.705,1.22263e-07,50.3371,1203.54,-4.31966e-07,56.9776,1513.81,-1.9705e-07,64.494,1903.69,-2.763e-08,73.0018,2393.4,3.9185e-07,82.6317,3008.13,1.35379e-07,93.5318,3779.25,-4.16351e-08,105.869,4745.7,2.06965e-08,119.834,5955.6,-3.18887e-07,135.641,7468.12,-1.48271e-08,153.531,9355.62,2.00739e-07,173.781,11705.8,2.28358e-07,196.701,14624.1,-1.93587e-08,222.642,18235,-2.88101e-07,252.003,22683.4,-2.24732e-07,285.234,28134,8.56806e-09,322.845,34767,2.34258e-07,365.413,42770.9,2.99668e-07,413.588,52327.9,8.28644e-08,468.111,63591.2,-3.07049e-07,529.814,76653.2,-3.1888e-07,599.642,91502.5,-6.72276e-08,678.662,107975,2.26339e-07,768.083,125705,3.69212e-07,869.267,144088,2.04077e-07,983.76,162277,-2.80509e-07,1113.3,179223,-4.22737e-07,1259.87,193777,-1.71951e-07,1425.68,204839,4.55555e-07,11.7194,11.96,12.6541,2.21263,4.16949,0.989383,2.67766,5.84076,0.311842,3.14343,7.55825,0.0972771,3.63127,9.58578,0.0303237,4.15787,12.0912,0.00945211,4.73731,15.2286,0.00294633,5.38238,19.1721,0.000918508,6.10553,24.134,0.000286163,6.91951,30.3791,8.92692e-05,7.83792,38.2397,2.78121e-05,8.87555,48.1338,8.65134e-06,10.0489,60.5876,2.7882e-06,11.3761,76.2629,8.29036e-07,12.8779,95.9927,2.4373e-07,14.5775,120.825,1e-08,16.5012,152.08,1.75749e-07,18.6784,191.415,1e-08,21.1428,240.917,1.91829e-07,23.9322,303.213,1e-08,27.0895,381.602,7.0186e-08,30.6634,480.231,1e-08,34.7087,604.316,2.40784e-07,39.2876,760.401,9.87368e-08,44.4705,956.705,1.22263e-07,50.3371,1203.54,1e-08,56.9776,1513.81,1e-08,64.494,1903.69,1e-08,73.0018,2393.4,3.9185e-07,82.6317,3008.13,1.35379e-07,93.5318,3779.25,1e-08,105.869,4745.7,2.06965e-08,119.834,5955.6,1e-08,135.641,7468.12,1e-08,153.531,9355.62,2.00739e-07,173.781,11705.8,2.28358e-07,196.701,14624.1,1e-08,222.642,18235,1e-08,252.003,22683.4,1e-08,285.234,28134,1e-08,322.845,34767,2.34258e-07,365.413,42770.9,2.99668e-07,413.588,52327.9,8.28644e-08,468.111,63591.2,1e-08,529.814,76653.2,1e-08,599.642,91502.5,1e-08,678.662,107975,2.26339e-07,768.083,125705,3.69212e-07,869.267,144088,2.04077e-07,983.76,162277,1e-08,1113.3,179223,1e-08,1259.87,193777,1e-08,1425.68,204839,4.55555e-07,6.2823,3.27286,2.43537,0.219672,6.18826,2.24117,0.56371,6.87772,2.63624,0.308279,12,8,9,6,0,6,1,3,0,4,9,1,4,1,0,8,11,0,2,25,0,12,16,0,3,25,0,8,32,0,16,30,0,10,47,0,6,46,0,13,75,0,14,66,0,15,100,0,12,250,0,14,164,0,25,123,0,62,150,0,49,426,0,19,212,0,33,944,0,41,187,0,63,608,0,25,1299,0,46,1449,0,48,1696,0,61,2681,0,137,3624,0,119,4038,0,122,5033,0,108,7128,0,125,4106,0,126,16837,0,98,25156,0,226,14198,0,269,10086,0,191,36111,0,303,10831,0,335,48007,0,307,29360,0,399,55200,0,294,96618,0,369,99233,0,388,52886,0,532,134761,0,726,167301,0,733,130416,0,860,185384,0,1872,107021,0,1602,107216,0,1304,232638,0
-1.05176e+08,1,8.88811e-15,10,1023,0,1.05176e+08,0.528882,1.08665,0.389689,0.145397,0.379329,3.24381,0.161596,0.446195,1.77396,0.159177,1.15e+07,4.49998e+06,6.79999e+06,1.15e+07,4.49997e+06,6.79999e+06,1.15e+07,4.49996e+06,6.79999e+06,1.15e+07,4.49995e+06,6.79999e+06,1.14999e+07,4.49993e+06,6.79999e+06,1.14999e+07,4.49991e+06,6.79999e+06,1.14999e+07,4.49989e+06,6.79999e+06,1.14999e+07,4.49986e+06,6.79999e+06,1.14999e+07,4.49982e+06,6.79999e+06,1.14999e+07,4.49977e+06,6.79999e+06,1.14999e+07,4.49971e+06,6.79999e+06,1.14999e+07,4.49963e+06,6.79999e+06,1.14998e+07,4.49953e+06,6.79999e+06,1.14998e+07,4.49941e+06,6.79999e+06,1.14998e+07,4.49926e+06,6.79999e+06,1.14998e+07,4.49906e+06,6.79999e+06,1.14997e+07,4.49882e+06,6.79999e+06,1.14997e+07,4.49851e+06,6.79999e+06,1.14997e+07,4.49812e+06,6.79999e+06,1.14996e+07,4.49764e+06,6.79999e+06,1.14996e+07,4.49702e+06,6.79999e+06,1.14995e+07,4.49625e+06,6.79999e+06,1.14995e+07,4.49528e+06,6.79999e+06,1.14994e+07,4.49406e+06,6.79999e+06,1.14993e+07,4.49253e+06,6.79999e+06,1.14992e+07,4.49059e+06,6.79999e+06,1.14991e+07,4.48817e+06,6.79999e+06,1.1499e+07,4.48511e+06,6.79999e+06,1.14988e+07,4.48128e+06,6.79999e+06,1.14987e+07,4.47646e+06,6.79999e+06,1.14985e+07,4.47041e+06,6.79999e+06,1.14983e+07,4.46281e+06,6.79999e+06,1.14981e+07,4.4533e+06,6.79999e+06,1.14979e+07,4.44138e+06,6.79999e+06,1.14976e+07,4.42649e+06,6.79999e+06,1.14972e+07,4.40789e+06,6.79999e+06,1.14969e+07,4.38471e+06,6.79999e+06,1.14965e+07,4.35592e+06,6.79999e+06,1.1496e+07,4.32027e+06,6.79999e+06,1.14955e+07,4.27629e+06,6.79999e+06,1.14949e+07,4.22231e+06,6.79999e+06,1.14942e+07,4.15647e+06,6.79999e+06,1.14934e+07,4.07676e+06,6.79999e+06,1.14926e+07,3.98112e+06,6.79999e+06,1.14916e+07,3.86765e+06,6.79999e+06,1.14905e+07,3.73474e+06,6.79999e+06,1.14892e+07,3.58148e+06,6.79999e+06,1.14878e+07,3.40785e+06,6.79999e+06,1.14862e+07,3.21513e+06,6.79999e+06,1.14844e+07,3.00605e+06,6.79999e+06,1.14823e+07,2.7848e+06,6.79999e+06,1.148e+07,2.5568e+06,6.79999e+06,1.14773e+07,2.32825e+06,6.79999e+06,13.5742,8.52444,0.508366,16.8306,13.2585,0.162638,20.0035,17.569,0.0507846,23.2616,22.4214,0.0158319,26.7328,28.3297,0.00493498,30.5212,35.6974,0.00153831,34.7178,44.9473,0.000479527,39.4086,56.5822,0.000149456,44.6796,71.2245,4.66214e-05,50.6209,89.6543,1.45419e-05,57.3297,112.852,4.54748e-06,64.9129,142.051,1.43857e-06,73.4897,178.803,4.36618e-07,83.1934,225.062,1.40153e-07,94.1745,283.286,4.96378e-08,106.602,356.568,1.05434e-07,120.669,448.799,-6.49244e-08,136.59,564.873,1.70148e-07,154.611,710.948,-5.34594e-08,175.008,894.767,1.63407e-07,198.097,1126.06,8.04804e-08,224.231,1417.07,1.14667e-07,253.813,1783.15,-1.71227e-07,287.297,2243.62,-2.88466e-07,325.198,2822.67,-4.33651e-07,368.098,3550.67,7.9318e-08,416.657,4465.65,3.13319e-07,471.621,5615.16,3.4613e-07,533.835,7058.61,-1.19199e-07,604.255,8870.02,-2.79964e-07,683.962,11141.4,-2.30521e-07,774.182,13986.7,-2.55099e-07,876.299,17546.4,1.23585e-07,991.883,21993.1,1.41192e-07,1122.71,27536.7,-9.71886e-08,1270.78,34430.7,-3.68368e-07,1438.38,42977.7,-3.45379e-07,1628.07,53532.7,-3.25328e-09,1842.77,66504.6,2.6362e-07,2085.77,82350.2,2.53445e-07,2360.79,101560,-2.47407e-08,2672.05,124632,-3.80602e-07,3024.31,152018,-4.79005e-07,3422.98,184060,-1.14379e-07,3874.15,220884,2.64297e-07,4384.72,262283,3.44131e-07,4962.49,307576,7.5349e-08,5616.29,355497,-3.63097e-07,6356.1,404126,-6.05442e-07,7193.18,450932,-2.72333e-07,8140.28,492963,2.29675e-07,9211.79,527178,4.3387e-07,10424,550893,-1.0711e-07,10.102,8.06553,2.81012,10.6436,8.57909,0.869423,11.5336,10.2515,0.270869,12.7211,12.7138,0.0844293,14.1823,15.9373,0.0263173,15.9122,20.0383,0.0082035,17.9198,25.2154,0.00255722,20.2244,31.7373,0.000797017,22.8539,39.9486,0.000248622,25.8438,50.2851,7.75492e-05,29.237,63.2963,2.42508e-05,33.0837,79.6738,7.67162e-06,37.4415,100.288,2.32837e-06,42.3767,126.236,7.33e-07,47.9646,158.896,2.79256e-07,54.2906,200.003,9.87351e-09,61.452,251.741,1.61085e-07,69.5585,316.859,-2.47141e-07,78.7347,398.812,8.93552e-08,89.1218,501.948,-2.53231e-07,100.879,631.736,-1.25047e-07,114.188,795.049,-1.78808e-07,129.252,1000.53,2.6733e-07,146.304,1259.03,4.50292e-07,165.605,1584.19,6.76904e-07,187.452,1993.12,-1.23808e-07,212.181,2507.27,-4.89068e-07,240.173,3153.54,-5.40284e-07,271.856,3965.56,1.86061e-07,307.719,4985.38,4.37004e-07,348.313,6265.4,3.59828e-07,394.26,7870.83,3.98192e-07,446.268,9882.51,-1.92908e-07,505.135,12400.3,-2.20392e-07,571.766,15546.9,1.51705e-07,647.184,19472.2,5.74996e-07,732.547,24357.4,5.39112e-07,829.167,30420,5.07815e-09,938.526,37916.3,-4.11492e-07,1062.3,47143.9,-3.9561e-07,1202.4,58439.2,3.86185e-08,1360.96,72169.3,5.94093e-07,1540.42,88715.8,7.47693e-07,1743.53,108445,1.78537e-07,1973.41,131665,-4.12549e-07,2233.57,158557,-5.37164e-07,2528,189103,-1.17615e-07,2861.2,222986,5.66769e-07,3238.27,259510,9.45053e-07,3664.97,297540,4.25093e-07,4147.81,335497,-3.58506e-07,4694.17,371444,-6.7724e-07,5312.37,403256,1.67192e-07,1.61744,3.89446,9.84394,3.28846,7.5504,12.774,5.07607,11.7187,13.6844,7.03202,16.8147,13.9681,9.20215,23.1769,14.0566,11.6301,31.1672,14.0841,14.3598,41.2186,14.0927,17.4376,53.8688,14.0954,20.9137,69.7915,14.0962,24.8432,89.8341,14.0965,29.2879,115.063,14.0966,34.3168,146.819,14.0966,40.0078,186.792,14.0966,46.4487,237.107,14.0966,53.7388,300.44,14.0966,61.9903,380.158,14.0966,71.3301,480.499,14.0966,81.902,606.796,14.0966,93.8685,765.761,14.0966,107.414,965.837,14.0966,122.746,1217.65,14.0966,140.101,1534.57,14.0966,159.745,1933.41,14.0966,181.981,2435.3,14.0966,207.15,3066.85,14.0966,235.64,3861.46,14.0966,267.889,4861.11,14.0966,304.391,6118.54,14.0966,345.709,7699.91,14.0966,392.478,9688.22,14.0966,445.417,12187.5,14.0966,505.339,15327.7,14.0966,573.165,19271.6,14.0966,649.938,24222,14.0966,736.839,30430.9,14.0966,835.202,38211.5,14.0966,946.539,47950.3,14.0966,1072.56,60122.8,14.0966,1215.21,75309.9,14.0966,1376.66,94216.2,14.0966,1559.41,117688,14.0966,1766.26,146729,14.0966,2000.39,182510,14.0966,2265.39,226372,14.0966,2565.33,279806,14.0966,2904.81,344416,14.0966,3289.05,421845,14.0966,3723.93,513667,14.0966,4216.13,621231,14.0966,4773.18,745478,14.0966,5403.64,886744,14.0966,6117.15,1.04457e+06,14.0966,6924.63,1.2176e+06,14.0966,11.7194,11.96,12.6541,13.9321,16.1295,13.6434,16.6097,21.9702,13.9553,19.7532,29.5285,14.0526,23.3844,39.1143,14.0829,27.5423,51.2054,14.0923,32.2796,66.434,14.0953,37.662,85.6061,14.0962,43.7675,109.74,14.0965,50.687,140.119,14.0966,58.5249,178.359,14.0966,67.4005,226.493,14.0966,77.4493,287.08,14.0966,88.8254,363.343,14.0966,101.703,459.336,14.0966,116.281,580.161,14.0966,132.782,732.241,14.0966,151.46,923.655,14.0966,172.603,1164.57,14.0966,196.535,1467.79,14.0966,223.625,1849.39,14.0966,254.288,2329.62,14.0966,288.997,2933.93,14.0966,328.285,3694.33,14.0966,372.755,4651.04,14.0966,423.092,5854.57,14.0966,480.07,7368.38,14.0966,544.564,9272.08,14.0966,617.566,11665.5,14.0966,700.197,14673.6,14.0966,793.729,18452.9,14.0966,899.599,23198.6,14.0966,1019.43,29154.1,14.0966,1155.07,36622.3,14.0966,1308.6,45977.9,14.0966,1482.39,57683.7,14.0966,1679.09,72307.8,14.0966,1901.73,90542.8,14.0966,2153.73,113226,14.0966,2438.97,141360,14.0966,2761.81,176127,14.0966,3127.22,218898,14.0966,3540.81,271226,14.0966,4008.92,334817,14.0966,4538.74,411470,14.0966,5138.38,502973,14.0966,5817.04,610948,14.0966,6585.12,736653,14.0966,7454.39,880741,14.0966,8438.15,1.04302e+06,14.0966,9551.45,1.22224e+06,14.0966,10811.3,1.41602e+06,14.0966,12237,1.62086e+06,14.0966,11.7194,11.96,12.6541,2.21263,4.16949,0.989383,2.67766,5.84076,0.311842,3.14343,7.55825,0.0972771,3.63127,9.58578,0.0303237,4.15787,12.0912,0.00945211,4.73731,15.2286,0.00294633,5.38238,19.1721,0.000918508,6.10553,24.134,0.000286163,6.91951,30.3791,8.92692e-05,7.83792,38.2397,2.78121e-05,8.87555,48.1338,8.65134e-06,10.0489,60.5876,2.7882e-06,11.3761,76.2629,8.29036e-07,12.8779,95.9927,2.4373e-07,14.5775,120.825,4.33068e-09,16.5012,152.08,1.75749e-07,18.6784,191.415,-1.86328e-07,21.1428,240.917,1.91829e-07,23.9322,303.213,-1.81475e-07,27.0895,381.602,7.0186e-08,30.6634,480.231,-2.86769e-08,34.7087,604.316,2.40784e-07,39.2876,760.401,9.87368e-08,44.4705,956.705,1.22263e-07,50.3371,1203.54,-4.31966e-07,56.9776,1513.81,-1.9705e-07,64.494,1903.69,-2.763e-08,73.0018,2393.4,3.9185e-07,82.6317,3008.13,1.35379e-07,93.5318,3779.25,-4.16351e-08,105.869,4745.7,2.06965e-08,119.834,5955.6,-3.18887e-07,135.641,7468.12,-1.48271e-08,153.531,9355.62,2.00739e-07,173.781,11705.8,2.28358e-07,196.701,14624.1,-1.93587e-08,222.642,18235,-2.88101e-07,252.003,22683.4,-2.24732e-07,285.234,28134,8.56806e-09,322.845,34767,2.34258e-07,365.413,42770.9,2.99668e-07,413.588,52327.9,8.28644e-08,468.111,63591.2,-3.07049e-07,529.814,76653.2,-3.1888e-07,599.642,91502.5,-6.72276e-08,678.662,107975,2.26339e-07,768.083,125705,3.69212e-07,869.267,144088,2.04077e-07,983.76,162277,-2.80509e-07,1113.3,179223,-4.22737e-07,1259.87,193777,-1.71951e-07,1425.68,204839,4.55555e-07,11.7194,11.96,12.6541,2.21263,4.16949,0.989383,2.67766,5.84076,0.311842,3.14343,7.55825,0.0972771,3.63127,9.58578,0.0303237,4.15787,12.0912,0.00945211,4.73731,15.2286,0.00294633,5.38238,19.1721,0.000918508,6.10553,24.134,0.000286163,6.91951,30.3791,8.92692e-05,7.83792,38.2397,2.78121e-05,8.87555,48.1338,8.65134e-06,10.0489,60.5876,2.7882e-06,11.3761,76.2629,8.29036e-07,12.8779,95.9927,2.4373e-07,14.5775,120.825,1e-08,16.5012,152.08,1.75749e-07,18.6784,191.415,1e-08,21.1428,240.917,1.91829e-07,23.9322,303.213,1e-08,27.0895,381.602,7.0186e-08,30.6634,480.231,1e-08,34.7087,604.316,2.40784e-07,39.2876,760.401,9.87368e-08,44.4705,956.705,1.22263e-07,50.3371,1203.54,1e-08,56.9776,1513.81,1e-08,64.494,1903.69,1e-08,73.0018,2393.4,3.9185e-07,82.6317,3008.13,1.35379e-07,93.5318,3779.25,1e-08,105.869,4745.7,2.06965e-08,119.834,5955.6,1e-08,135.641,7468.12,1e-08,153.531,9355.62,2.00739e-07,173.781,11705.8,2.28358e-07,196.701,14624.1,1e-08,222.642,18235,1e-08,252.003,22683.4,1e-08,285.234,28134,1e-08,322.845,34767,2.34258e-07,365.413,42770.9,2.99668e-07,413.588,52327.9,8.28644e-08,468.111,63591.2,1e-08,529.814,76653.2,1e-08,599.642,91502.5,1e-08,678.662,107975,2.26339e-07,768.083,125705,3.69212e-07,869.267,144088,2.04077e-07,983.76,162277,1e-08,1113.3,179223,1e-08,1259.87,193777,1e-08,1425.68,204839,4.55555e-07,6.2823,3.27286,2.43537,0.219672,6.18826,2.24117,0.56371,6.87772,2.63624,0.308279,12,17,7,1,3,1,1,5,2,6,9,0,0,19,0,3,22,0,12,15,0,5,26,0,11,37,0,8,36,0,4,14,0,6,60,0,6,79,0,6,151,0,17,134,0,4,147,0,19,147,0,18,202,0,12,302,0,25,368,0,28,462,0,30,647,0,52,848,0,35,611,0,34,1036,0,23,1112,0,78,1238,0,100,1799,0,39,2819,0,110,3757,0,248,3859,0,76,4693,0,164,3732,0,88,7842,0,208,10350,0,220,14460,0,304,19008,0,205,24035,0,288,26038,0,127,15737,0,402,35891,0,482,24890,0,677,45556,0,424,95009,0,587,44531,0,802,113272,0,333,121306,0,735,67778,0,957,166884,0,1033,189451,0,527,243086,0,527,137395,0,557,164482,0
-1.05176e+08,1,8.88811e-15,10,1023,0,1.05176e+08,0.528882,1.08665,0.389689,0.145397,0.379329,3.24381,0.161596,0.446195,1.77396,0.159177,1.15e+07,4.49998e+06,6.79999e+06,1.15e+07,4.49997e+06,6.79999e+06,1.15e+07,4.49996e+06,6.79999e+06,1.15e+07,4.49995e+06,6.79999e+06,1.14999e+07,4.49993e+06,6.79999e+06,1.14999e+07,4.49991e+06,6.79999e+06,1.14999e+07,4.49989e+06,6.79999e+06,1.14999e+07,4.49986e+06,6.79999e+06,1.14999e+07,4.49982e+06,6.79999e+06,1.14999e+07,4.49977e+06,6.79999e+06,1.14999e+07,4.49971e+06,6.79999e+06,1.14999e+07,4.49963e+06,6.79999e+06,1.14998e+07,4.49953e+06,6.79999e+06,1.14998e+07,4.49941e+06,6.79999e+06,1.14998e+07,4.49926e+06,6.79999e+06,1.14998e+07,4.49906e+06,6.79999e+06,1.14997e+07,4.49882e+06,6.79999e+06,1.14997e+07,4.49851e+06,6.79999e+06,1.14997e+07,4.49812e+06,6.79999e+06,1.14996e+07,4.49764e+06,6.79999e+06,1.14996e+07,4.49702e+06,6.79999e+06,1.14995e+07,4.49625e+06,6.79999e+06,1.14995e+07,4.49528e+06,6.79999e+06,1.14994e+07,4.49406e+06,6.79999e+06,1.14993e+07,4.49253e+06,6.79999e+06,1.14992e+07,4.49059e+06,6.79999e+06,1.14991e+07,4.48817e+06,6.79999e+06,1.1499e+07,4.48511e+06,6.79999e+06,1.14988e+07,4.48128e+06,6.79999e+06,1.14987e+07,4.47646e+06,6.79999e+06,1.14985e+07,4.47041e+06,6.79999e+06,1.14983e+07,4.46281e+06,6.79999e+06,1.14981e+07,4.4533e+06,6.79999e+06,1.14979e+07,4.44138e+06,6.79999e+06,1.14976e+07,4.42649e+06,6.79999e+06,1.14972e+07,4.40789e+06,6.79999e+06,1.14969e+07,4.38471e+06,6.79999e+06,1.14965e+07,4.35592e+06,6.79999e+06,1.1496e+07,4.32027e+06,6.79999e+06,1.14955e+07,4.27629e+06,6.79999e+06,1.14949e+07,4.22231e+06,6.79999e+06,1.14942e+07,4.15647e+06,6.79999e+06,1.14934e+07,4.07676e+06,6.79999e+06,1.14926e+07,3.98112e+06,6.79999e+06,1.14916e+07,3.86765e+06,6.79999e+06,1.14905e+07,3.73474e+06,6.79999e+06,1.14892e+07,3.58148e+06,6.79999e+06,1.14878e+07,3.40785e+06,6.79999e+06,1.14862e+07,3.21513e+06,6.79999e+06,1.14844e+07,3.00605e+06,6.79999e+06,1.14823e+07,2.7848e+06,6.79999e+06,1.148e+07,2.5568e+06,6.79999e+06,1.14773e+07,2.32825e+06,6.79999e+06,13.5742,8.52444,0.508366,16.8306,13.2585,0.162638,20.0035,17.569,0.0507846,23.2616,22.4214,0.0158319,26.7328,28.3297,0.00493498,30.5212,35.6974,0.00153831,34.7178,44.9473,0.000479527,39.4086,56.5822,0.000149456,44.6796,71.2245,4.66214e-05,50.6209,89.6543,1.45419e-05,57.3297,112.852,4.54748e-06,64.9129,142.051,1.43857e-06,73.4897,178.803,4.36618e-07,83.1934,225.062,1.40153e-07,94.1745,283.286,4.96378e-08,106.602,356.568,1.05434e-07,120.669,448.799,-6.49244e-08,136.59,564.873,1.70148e-07,154.611,710.948,-5.34594e-08,175.008,894.767,1.63407e-07,198.097,1126.06,8.04804e-08,224.231,1417.07,1.14667e-07,253.813,1783.15,-1.71227e-07,287.297,2243.62,-2.88466e-07,325.198,2822.67,-4.33651e-07,368.098,3550.67,7.9318e-08,416.657,4465.65,3.13319e-07,471.621,5615.16,3.4613e-07,533.835,7058.61,-1.19199e-07,604.255,8870.02,-2.79964e-07,683.962,11141.4,-2.30521e-07,774.182,13986.7,-2.55099e-07,876.299,17546.4,1.23585e-07,991.883,21993.1,1.41192e-07,1122.71,27536.7,-9.71886e-08,1270.78,34430.7,-3.68368e-07,1438.38,42977.7,-3.45379e-07,1628.07,53532.7,-3.25328e-09,1842.77,66504.6,2.6362e-07,2085.77,82350.2,2.53445e-07,2360.79,101560,-2.47407e-08,2672.05,124632,-3.80602e-07,3024.31,152018,-4.79005e-07,3422.98,184060,-1.14379e-07,3874.15,220884,2.64297e-07,4384.72,262283,3.44131e-07,4962.49,307576,7.5349e-08,5616.29,355497,-3.63097e-07,6356.1,404126,-6.05442e-07,7193.18,450932,-2.72333e-07,8140.28,492963,2.29675e-07,9211.79,527178,4.3387e-07,10424,550893,-1.0711e-07,10.102,8.06553,2.81012,10.6436,8.57909,0.869423,11.5336,10.2515,0.270869,12.7211,12.7138,0.0844293,14.1823,15.9373,0.0263173,15.9122,20.0383,0.0082035,17.9198,25.2154,0.00255722,20.2244,31.7373,0.000797017,22.8539,39.9486,0.000248622,25.8438,50.2851,7.75492e-05,29.237,63.2963,2.42508e-05,33.0837,79.6738,7.67162e-06,37.4415,100.288,2.32837e-06,42.3767,126.236,7.33e-07,47.9646,158.896,2.79256e-07,54.2906,200.003,9.87351e-09,61.452,251.741,1.61085e-07,69.5585,316.859,-2.47141e-07,78.7347,398.812,8.93552e-08,89.1218,501.948,-2.53231e-07,100.879,631.736,-1.25047e-07,114.188,795.049,-1.78808e-07,129.252,1000.53,2.6733e-07,146.304,1259.03,4.50292e-07,165.605,1584.19,6.76904e-07,187.452,1993.12,-1.23808e-07,212.181,2507.27,-4.89068e-07,240.173,3153.54,-5.40284e-07,271.856,3965.56,1.86061e-07,307.719,4985.38,4.37004e-07,348.313,6265.4,3.59828e-07,394.26,7870.83,3.98192e-07,446.268,9882.51,-1.92908e-07,505.135,12400.3,-2.20392e-07,571.766,15546.9,1.51705e-07,647.184,19472.2,5.74996e-07,732.547,24357.4,5.39112e-07,829.167,30420,5.07815e-09,938.526,37916.3,-4.11492e-07,1062.3,47143.9,-3.9561e-07,1202.4,58439.2,3.86185e-08,1360.96,72169.3,5.94093e-07,1540.42,88715.8,7.47693e-07,1743.53,108445,1.78537e-07,1973.41,131665,-4.12549e-07,2233.57,158557,-5.37164e-07,2528,189103,-1.17615e-07,2861.2,222986,5.66769e-07,3238.27,259510,9.45053e-07,3664.97,297540,4.25093e-07,4147.81,335497,-3.58506e-07,4694.17,371444,-6.7724e-07,5312.37,403256,1.67192e-07,1.61744,3.89446,9.84394,3.28846,7.5504,12.774,5.07607,11.7187,13.6844,7.03202,16.8147,13.9681,9.20215,23.1769,14.0566,11.6301,31.1672,14.0841,14.3598,41.2186,14.0927,17.4376,53.8688,14.0954,20.9137,69.7915,14.0962,24.8432,89.8341,14.0965,29.2879,115.063,14.0966,34.3168,146.819,14.0966,40.0078,186.792,14.0966,46.4487,237.107,14.0966,53.7388,300.44,14.0966,61.9903,380.158,14.0966,71.3301,480.499,14.0966,81.902,606.796,14.0966,93.8685,765.761,14.0966,107.414,965.837,14.0966,122.746,1217.65,14.0966,140.101,1534.57,14.0966,159.745,1933.41,14.0966,181.981,2435.3,14.0966,207.15,3066.85,14.0966,235.64,3861.46,14.0966,267.889,4861.11,14.0966,304.391,6118.54,14.0966,345.709,7699.91,14.0966,392.478,9688.22,14.0966,445.417,12187.5,14.0966,505.339,15327.7,14.0966,573.165,19271.6,14.0966,649.938,24222,14.0966,736.839,30430.9,14.0966,835.202,38211.5,14.0966,946.539,47950.3,14.0966,1072.56,60122.8,14.0966,1215.21,75309.9,14.0966,1376.66,94216.2,14.0966,1559.41,117688,14.0966,1766.26,146729,14.0966,2000.39,182510,14.0966,2265.39,226372,14.0966,2565.33,279806,14.0966,2904.81,344416,14.0966,3289.05,421845,14.0966,3723.93,513667,14.0966,4216.13,621231,14.0966,4773.18,745478,14.0966,5403.64,886744,14.0966,6117.15,1.04457e+06,14.0966,6924.63,1.2176e+06,14.0966,11.7194,11.96,12.6541,13.9321,16.1295,13.6434,16.6097,21.9702,13.9553,19.7532,29.5285,14.0526,23.3844,39.1143,14.0829,27.5423,51.2054,14.0923,32.2796,66.434,14.0953,37.662,85.6061,14.0962,43.7675,109.74,14.0965,50.687,140.119,14.0966,58.5249,178.359,14.0966,67.4005,226.493,14.0966,77.4493,287.08,14.0966,88.8254,363.343,14.0966,101.703,459.336,14.0966,116.281,580.161,14.0966,132.782,732.241,14.0966,151.46,923.655,14.0966,172.603,1164.57,14.0966,196.535,1467.79,14.0966,223.625,1849.39,14.0966,254.288,2329.62,14.0966,288.997,2933.93,14.0966,328.285,3694.33,14.0966,372.755,4651.04,14.0966,423.092,5854.57,14.0966,480.07,7368.38,14.0966,544.564,9272.08,14.0966,617.566,11665.5,14.0966,700.197,14673.6,14.0966,793.729,18452.9,14.0966,899.599,23198.6,14.0966,1019.43,29154.1,14.0966,1155.07,36622.3,14.0966,1308.6,45977.9,14.0966,1482.39,57683.7,14.0966,1679.09,72307.8,14.0966,1901.73,90542.8,14.0966,2153.73,113226,14.0966,2438.97,141360,14.0966,2761.81,176127,14.0966,3127.22,218898,14.0966,3540.81,271226,14.0966,4008.92,334817,14.0966,4538.74,411470,14.0966,5138.38,502973,14.0966,5817.04,610948,14.0966,6585.12,736653,14.0966,7454.39,880741,14.0966,8438.15,1.04302e+06,14.0966,9551.45,1.22224e+06,14.0966,10811.3,1.41602e+06,14.0966,12237,1.62086e+06,14.0966,11.7194,11.96,12.6541,2.21263,4.16949,0.989383,2.67766,5.84076,0.311842,3.14343,7.55825,0.0972771,3.63127,9.58578,0.0303237,4.15787,12.0912,0.00945211,4.73731,15.2286,0.00294633,5.38238,19.1721,0.000918508,6.10553,24.134,0.000286163,6.91951,30.3791,8.92692e-05,7.83792,38.2397,2.78121e-05,8.87555,48.1338,8.65134e-06,10.0489,60.5876,2.7882e-06,11.3761,76.2629,8.29036e-07,12.8779,95.9927,2.4373e-07,14.5775,120.825,4.33068e-09,16.5012,152.08,1.75749e-07,18.6784,191.415,-1.86328e-07,21.1428,240.917,1.91829e-07,23.9322,303.213,-1.81475e-07,27.0895,381.602,7.0186e-08,30.6634,480.231,-2.86769e-08,34.7087,604.316,2.40784e-07,39.2876,760.401,9.87368e-08,44.4705,956.705,1.22263e-07,50.3371,1203.54,-4.31966e-07,56.9776,1513.81,-1.9705e-07,64.494,1903.69,-2.763e-08,73.0018,2393.4,3.9185e-07,82.6317,3008.13,1.35379e-07,93.5318,3779.25,-4.16351e-08,105.869,4745.7,2.06965e-08,119.834,5955.6,-3.18887e-07,135.641,7468.12,-1.48271e-08,153.531,9355.62,2.00739e-07,173.781,11705.8,2.28358e-07,196.701,14624.1,-1.93587e-08,222.642,18235,-2.88101e-07,252.003,22683.4,-2.24732e-07,285.234,28134,8.56806e-09,322.845,34767,2.34258e-07,365.413,42770.9,2.99668e-07,413.588,52327.9,8.28644e-08,468.111,63591.2,-3.07049e-07,529.814,76653.2,-3.1888e-07,599.642,91502.5,-6.72276e-08,678.662,107975,2.26339e-07,768.083,125705,3.69212e-07,869.267,144088,2.04077e-07,983.76,162277,-2.80509e-07,1113.3,179223,-4.22737e-07,1259.87,193777,-1.71951e-07,1425.68,204839,4.55555e-07,11.7194,11.96,12.6541,2.21263,4.16949,0.989383,2.67766,5.84076,0.311842,3.14343,7.55825,0.0972771,3.63127,9.58578,0.0303237,4.15787,12.0912,0.00945211,4.73731,15.2286,0.00294633,5.38238,19.1721,0.000918508,6.10553,24.134,0.000286163,6.91951,30.3791,8.92692e-05,7.83792,38.2397,2.78121e-05,8.87555,48.1338,8.65134e-06,10.0489,60.5876,2.7882e-06,11.3761,76.2629,8.29036e-07,12.8779,95.9927,2.4373e-07,14.5775,120.825,1e-08,16.5012,152.08,1.75749e-07,18.6784,191.415,1e-08,21.1428,240.917,1.91829e-07,23.9322,303.213,1e-08,27.0895,381.602,7.0186e-08,30.6634,480.231,1e-08,34.7087,604.316,2.40784e-07,39.2876,760.401,9.87368e-08,44.4705,956.705,1.22263e-07,50.3371,1203.54,1e-08,56.9776,1513.81,1e-08,64.494,1903.69,1e-08,73.0018,2393.4,3.9185e-07,82.6317,3008.13,1.35379e-07,93.5318,3779.25,1e-08,105.869,4745.7,2.06965e-08,119.834,5955.6,1e-08,135.641,7468.12,1e-08,153.531,9355.62,2.00739e-07,173.781,11705.8,2.28358e-07,196.701,14624.1,1e-08,222.642,18235,1e-08,252.003,22683.4,1e-08,285.234,28134,1e-08,322.845,34767,2.34258e-07,365.413,42770.9,2.99668e-07,413.588,52327.9,8.28644e-08,468.111,63591.2,1e-08,529.814,76653.2,1e-08,599.642,91502.5,1e-08,678.662,107975,2.26339e-07,768.083,125705,3.69212e-07,869.267,144088,2.04077e-07,983.76,162277,1e-08,1113.3,179223,1e-08,1259.87,193777,1e-08,1425.68,204839,4.55555e-07,6.2823,3.27286,2.43537,0.219672,6.18826,2.24117,0.56371,6.87772,2.63624,0.308279,10,25,6,3,7,2,3,2,0,4,7,0,3,18,0,1,4,0,3,21,0,13,33,0,5,12,0,3,14,0,8,21,0,16,43,0,2,37,0,9,71,0,19,102,0,9,85,0,18,86,0,40,253,0,20,117,0,24,204,0,30,312,0,41,370,0,40,391,0,44,916,0,25,641,0,63,2313,0,57,1578,0,76,2110,0,76,1982,0,71,2510,0,83,2916,0,53,6988,0,163,5253,0,160,9615,0,270,20826,0,153,22331,0,176,28036,0,151,23349,0,238,40214,0,379,17742,0,170,55039,0,206,17621,0,270,62796,0,514,67187,0,534,59396,0,580,53037,0,493,83131,0,618,47513,0,756,172804,0,684,275833,0,1080,75467,0,1255,142382,0,1082,166585,0
-1.05176e+08,1,8.88811e-15,10,1023,0,1.05176e+08,0.528882,1.08665,0.389689,0.145397,0.379329,3.24381,0.161596,0.446195,1.77396,0.159177,1.15e+07,4.49998e+06,6.79999e+06,1.15e+07,4.49997e+06,6.79999e+06,1.15e+07,4.49996e+06,6.79999e+06,1.15e+07,4.49995e+06,6.79999e+06,1.14999e+07,4.49993e+06,6.79999e+06,1.14999e+07,4.49991e+06,6.79999e+06,1.14999e+07,4.49989e+06,6.79999e+06,1.14999e+07,4.49986e+06,6.79999e+06,1.14999e+07,4.49982e+06,6.79999e+06,1.14999e+07,4.49977e+06,6.79999e+06,1.14999e+07,4.49971e+06,6.79999e+06,1.14999e+07,4.49963e+06,6.79999e+06,1.14998e+07,4.49953e+06,6.79999e+06,1.14998e+07,4.49941e+06,6.79999e+06,1.14998e+07,4.49926e+06,6.79999e+06,1.14998e+07,4.49906e+06,6.79999e+06,1.14997e+07,4.49882e+06,6.79999e+06,1.14997e+07,4.49851e+06,6.79999e+06,1.14997e+07,4.49812e+06,6.79999e+06,1.14996e+07,4.49764e+06,6.79999e+06,1.14996e+07,4.49702e+06,6.79999e+06,1.14995e+07,4.49625e+06,6.79999e+06,1.14995e+07,4.49528e+06,6.79999e+06,1.14994e+07,4.49406e+06,6.79999e+06,1.14993e+07,4.49253e+06,6.79999e+06,1.14992e+07,4.49059e+06,6.79999e+06,1.14991e+07,4.48817e+06,6.79999e+06,1.1499e+07,4.48511e+06,6.79999e+06,1.14988e+07,4.48128e+06,6.79999e+06,1.14987e+07,4.47646e+06,6.79999e+06,1.14985e+07,4.47041e+06,6.79999e+06,1.14983e+07,4.46281e+06,6.79999e+06,1.14981e+07,4.4533e+06,6.79999e+06,1.14979e+07,4.44138e+06,6.79999e+06,1.14976e+07,4.42649e+06,6.79999e+06,1.14972e+07,4.40789e+06,6.79999e+06,1.14969e+07,4.38471e+06,6.79999e+06,1.14965e+07,4.35592e+06,6.79999e+06,1.1496e+07,4.32027e+06,6.79999e+06,1.14955e+07,4.27629e+06,6.79999e+06,1.14949e+07,4.22231e+06,6.79999e+06,1.14942e+07,4.15647e+06,6.79999e+06,1.14934e+07,4.07676e+06,6.79999e+06,1.14926e+07,3.98112e+06,6.79999e+06,1.14916e+07,3.86765e+06,6.79999e+06,1.14905e+07,3.73474e+06,6.79999e+06,1.14892e+07,3.58148e+06,6.79999e+06,1.14878e+07,3.40785e+06,6.79999e+06,1.14862e+07,3.21513e+06,6.79999e+06,1.14844e+07,3.00605e+06,6.79999e+06,1.14823e+07,2.7848e+06,6.79999e+06,1.148e+07,2.5568e+06,6.79999e+06,1.14773e+07,2.32825e+06,6.79999e+06,13.5742,8.52444,0.508366,16.8306,13.2585,0.162638,20.0035,17.569,0.0507846,23.2616,22.4214,0.0158319,26.7328,28.3297,0.00493498,30.5212,35.6974,0.00153831,34.7178,44.9473,0.000479527,39.4086,56.5822,0.000149456,44.6796,71.2245,4.66214e-05,50.6209,89.6543,1.45419e-05,57.3297,112.852,4.54748e-06,64.9129,142.051,1.43857e-06,73.4897,178.803,4.36618e-07,83.1934,225.062,1.40153e-07,94.1745,283.286,4.96378e-08,106.602,356.568,1.05434e-07,120.669,448.799,-6.49244e-08,136.59,564.873,1.70148e-07,154.611,710.948,-5.34594e-08,175.008,894.767,1.63407e-07,198.097,1126.06,8.04804e-08,224.231,1417.07,1.14667e-07,253.813,1783.15,-1.71227e-07,287.297,2243.62,-2.88466e-07,325.198,2822.67,-4.33651e-07,368.098,3550.67,7.9318e-08,416.657,4465.65,3.13319e-07,471.621,5615.16,3.4613e-07,533.835,7058.61,-1.19199e-07,604.255,8870.02,-2.79964e-07,683.962,11141.4,-2.30521e-07,774.182,13986.7,-2.55099e-07,876.299,17546.4,1.23585e-07,991.883,21993.1,1.41192e-07,1122.71,27536.7,-9.71886e-08,1270.78,34430.7,-3.68368e-07,1438.38,42977.7,-3.45379e-07,1628.07,53532.7,-3.25328e-09,1842.77,66504.6,2.6362e-07,2085.77,82350.2,2.53445e-07,2360.79,101560,-2.47407e-08,2672.05,124632,-3.80602e-07,3024.31,152018,-4.79005e-07,3422.98,184060,-1.14379e-07,3874.15,220884,2.64297e-07,4384.72,262283,3.44131e-07,4962.49,307576,7.5349e-08,5616.29,355497,-3.63097e-07,6356.1,404126,-6.05442e-07,7193.18,450932,-2.72333e-07,8140.28,492963,2.29675e-07,9211.79,527178,4.3387e-07,10424,550893,-1.0711e-07,10.102,8.06553,2.81012,10.6436,8.57909,0.869423,11.5336,10.2515,0.270869,12.7211,12.7138,0.0844293,14.1823,15.9373,0.0263173,15.9122,20.0383,0.0082035,17.9198,25.2154,0.00255722,20.2244,31.7373,0.000797017,22.8539,39.9486,0.000248622,25.8438,50.2851,7.75492e-05,29.237,63.2963,2.42508e-05,33.0837,79.6738,7.67162e-06,37.4415,100.288,2.32837e-06,42.3767,126.236,7.33e-07,47.9646,158.896,2.79256e-07,54.2906,200.003,9.87351e-09,61.452,251.741,1.61085e-07,69.5585,316.859,-2.47141e-07,78.7347,398.812,8.93552e-08,89.1218,501.948,-2.53231e-07,100.879,631.736,-1.25047e-07,114.188,795.049,-1.78808e-07,129.252,1000.53,2.6733e-07,146.304,1259.03,4.50292e-07,165.605,1584.19,6.76904e-07,187.452,1993.12,-1.23808e-07,212.181,2507.27,-4.89068e-07,240.173,3153.54,-5.40284e-07,271.856,3965.56,1.86061e-07,307.719,4985.38,4.37004e-07,348.313,6265.4,3.59828e-07,394.26,7870.83,3.98192e-07,446.268,9882.51,-1.92908e-07,505.135,12400.3,-2.20392e-07,571.766,15546.9,1.51705e-07,647.184,19472.2,5.74996e-07,732.547,24357.4,5.39112e-07,829.167,30420,5.07815e-09,938.526,37916.3,-4.11492e-07,1062.3,47143.9,-3.9561e-07,1202.4,58439.2,3.86185e-08,1360.96,72169.3,5.94093e-07,1540.42,88715.8,7.47693e-07,1743.53,108445,1.78537e-07,1973.41,131665,-4.12549e-07,2233.57,158557,-5.37164e-07,2528,189103,-1.17615e-07,2861.2,222986,5.66769e-07,3238.27,259510,9.45053e-07,3664.97,297540,4.25093e-07,4147.81,335497,-3.58506e-07,4694.17,371444,-6.7724e-07,5312.37,403256,1.67192e-07,1.61744,3.89446,9.84394,3.28846,7.5504,12.774,5.07607,11.7187,13.6844,7.03202,16.8147,13.9681,9.20215,23.1769,14.0566,11.6301,31.1672,14.0841,14.3598,41.2186,14.0927,17.4376,53.8688,14.0954,20.9137,69.7915,14.0962,24.8432,89.8341,14.0965,29.2879,115.063,14.0966,34.3168,146.819,14.0966,40.0078,186.792,14.0966,46.4487,237.107,14.0966,53.7388,300.44,14.0966,61.9903,380.158,14.0966,71.3301,480.499,14.0966,81.902,606.796,14.0966,93.8685,765.761,14.0966,107.414,965.837,14.0966,122.746,1217.65,14.0966,140.101,1534.57,14.0966,159.745,1933.41,14.0966,181.981,2435.3,14.0966,207.15,3066.85,14.0966,235.64,3861.46,14.0966,267.889,4861.11,14.0966,304.391,6118.54,14.0966,345.709,7699.91,14.0966,392.478,9688.22,14.0966,445.417,12187.5,14.0966,505.339,15327.7,14.0966,573.165,19271.6,14.0966,649.938,24222,14.0966,736.839,30430.9,14.0966,835.202,38211.5,14.0966,946.539,47950.3,14.0966,1072.56,60122.8,14.0966,1215.21,75309.9,14.0966,1376.66,94216.2,14.0966,1559.41,117688,14.0966,1766.26,146729,14.0966,2000.39,182510,14.0966,2265.39,226372,14.0966,2565.33,279806,14.0966,2904.81,344416,14.0966,3289.05,421845,14.0966,3723.93,513667,14.0966,4216.13,621231,14.0966,4773.18,745478,14.0966,5403.64,886744,14.0966,6117.15,1.04457e+06,14.0966,6924.63,1.2176e+06,14.0966,11.7194,11.96,12.6541,13.9321,16.1295,13.6434,16.6097,21.9702,13.9553,19.7532,29.5285,14.0526,23.3844,39.1143,14.0829,27.5423,51.2054,14.0923,32.2796,66.434,14.0953,37.662,85.6061,14.0962,43.7675,109.74,14.0965,50.687,140.119,14.0966,58.5249,178.359,14.0966,67.4005,226.493,14.0966,77.4493,287.08,14.0966,88.8254,363.343,14.0966,101.703,459.336,14.0966,116.281,580.161,14.0966,132.782,732.241,14.0966,151.46,923.655,14.0966,172.603,1164.57,14.0966,196.535,1467.79,14.0966,223.625,1849.39,14.0966,254.288,2329.62,14.0966,288.997,2933.93,14.0966,328.285,3694.33,14.0966,372.755,4651.04,14.0966,423.092,5854.57,14.0966,480.07,7368.38,14.0966,544.564,9272.08,14.0966,617.566,11665.5,14.0966,700.197,14673.6,14.0966,793.729,18452.9,14.0966,899.599,23198.6,14.0966,1019.43,29154.1,14.0966,1155.07,36622.3,14.0966,1308.6,45977.9,14.0966,1482.39,57683.7,14.0966,1679.09,72307.8,14.0966,1901.73,90542.8,14.0966,2153.73,113226,14.0966,2438.97,141360,14.0966,2761.81,176127,14.0966,3127.22,218898,14.0966,3540.81,271226,14.0966,4008.92,334817,14.0966,4538.74,411470,14.0966,5138.38,502973,14.0966,5817.04,610948,14.0966,6585.12,736653,14.0966,7454.39,880741,14.0966,8438.15,1.04302e+06,14.0966,9551.45,1.22224e+06,14.0966,10811.3,1.41602e+06,14.0966,12237,1.62086e+06,14.0966,11.7194,11.96,12.6541,2.21263,4.16949,0.989383,2.67766,5.84076,0.311842,3.14343,7.55825,0.0972771,3.63127,9.58578,0.0303237,4.15787,12.0912,0.00945211,4.73731,15.2286,0.00294633,5.38238,19.1721,0.000918508,6.10553,24.134,0.000286163,6.91951,30.3791,8.92692e-05,7.83792,38.2397,2.78121e-05,8.87555,48.1338,8.65134e-06,10.0489,60.5876,2.7882e-06,11.3761,76.2629,8.29036e-07,12.8779,95.9927,2.4373e-07,14.5775,120.825,4.33068e-09,16.5012,152.08,1.75749e-07,18.6784,191.415,-1.86328e-07,21.1428,240.917,1.91829e-07,23.9322,303.213,-1.81475e-07,27.0895,381.602,7.0186e-08,30.6634,480.231,-2.86769e-08,34.7087,604.316,2.40784e-07,39.2876,760.401,9.87368e-08,44.4705,956.705,1.22263e-07,50.3371,1203.54,-4.31966e-07,56.9776,1513.81,-1.9705e-07,64.494,1903.69,-2.763e-08,73.0018,2393.4,3.9185e-07,82.6317,3008.13,1.35379e-07,93.5318,3779.25,-4.16351e-08,105.869,4745.7,2.06965e-08,119.834,5955.6,-3.18887e-07,135.641,7468.12,-1.48271e-08,153.531,9355.62,2.00739e-07,173.781,11705.8,2.28358e-07,196.701,14624.1,-1.93587e-08,222.642,18235,-2.88101e-07,252.003,22683.4,-2.24732e-07,285.234,28134,8.56806e-09,322.845,34767,2.34258e-07,365.413,42770.9,2.99668e-07,413.588,52327.9,8.28644e-08,468.111,63591.2,-3.07049e-07,529.814,76653.2,-3.1888e-07,599.642,91502.5,-6.72276e-08,678.662,107975,2.26339e-07,768.083,125705,3.69212e-07,869.267,144088,2.04077e-07,983.76,162277,-2.80509e-07,1113.3,179223,-4.22737e-07,1259.87,193777,-1.71951e-07,1425.68,204839,4.55555e-07,11.7194,11.96,12.6541,2.21263,4.16949,0.989383,2.67766,5.84076,0.311842,3.14343,7.55825,0.0972771,3.63127,9.58578,0.0303237,4.15787,12.0912,0.00945211,4.73731,15.2286,0.00294633,5.38238,19.1721,0.000918508,6.10553,24.134,0.000286163,6.91951,30.3791,8.92692e-05,7.83792,38.2397,2.78121e-05,8.87555,48.1338,8.65134e-06,10.0489,60.5876,2.7882e-06,11.3761,76.2629,8.29036e-07,12.8779,95.9927,2.4373e-07,14.5775,120.825,1e-08,16.5012,152.08,1.75749e-07,18.6784,191.415,1e-08,21.1428,240.917,1.91829e-07,23.9322,303.213,1e-08,27.0895,381.602,7.0186e-08,30.6634,480.231,1e-08,34.7087,604.316,2.40784e-07,39.2876,760.401,9.87368e-08,44.4705,956.705,1.22263e-07,50.3371,1203.54,1e-08,56.9776,1513.81,1e-08,64.494,1903.69,1e-08,73.0018,2393.4,3.9185e-07,82.6317,3008.13,1.35379e-07,93.5318,3779.25,1e-08,105.869,4745.7,2.06965e-08,119.834,5955.6,1e-08,135.641,7468.12,1e-08,153.531,9355.62,2.00739e-07,173.781,11705.8,2.28358e-07,196.701,14624.1,1e-08,222.642,18235,1e-08,252.003,22683.4,1e-08,285.234,28134,1e-08,322.845,34767,2.34258e-07,365.413,42770.9,2.99668e-07,413.588,52327.9,8.28644e-08,468.111,63591.2,1e-08,529.814,76653.2,1e-08,599.642,91502.5,1e-08,678.662,107975,2.26339e-07,768.083,125705,3.69212e-07,869.267,144088,2.04077e-07,983.76,162277,1e-08,1113.3,179223,1e-08,1259.87,193777,1e-08,1425.68,204839,4.55555e-07,6.2823,3.27286,2.43537,0.219672,6.18826,2.24117,0.56371,6.87772,2.63624,0.308279,12,29,11,0,2,1,5,2,1,3,2,0,6,4,0,4,16,0,6,35,0,3,11,0,7,41,0,2,32,0,6,23,0,8,33,0,20,43,0,2,72,0,12,92,0,16,74,0,6,97,0,35,268,0,12,188,0,9,206,0,37,389,0,20,659,0,27,542,0,28,469,0,62,392,0,38,1440,0,67,1778,0,38,2063,0,36,1542,0,77,3111,0,83,5624,0,135,2149,0,132,8150,0,194,7385,0,99,9897,0,324,21483,0,157,22006,0,152,21219,0,274,19090,0,250,42205,0,322,63124,0,316,60685,0,194,45244,0,394,45100,0,653,93273,0,800,44037,0,895,74851,0,823,155172,0,691,71836,0,651,255579,0,323,135881,0,1231,194258,0,2005,279748,0
-1.05176e+08,1,8.88811e-15,10,1023,0,1.05176e+08,0.528882,1.08665,0.389689,0.145397,0.379329,3.24381,0.161596,0.446195,1.77396,0.159177,1.15e+07,4.49998e+06,6.79999e+06,1.15e+07,4.49997e+06,6.79999e+06,1.15e+07,4.49996e+06,6.79999e+06,1.15e+07,4.49995e+06,6.79999e+06,1.14999e+07,4.49993e+06,6.79999e+06,1.14999e+07,4.49991e+06,6.79999e+06,1.14999e+07,4.49989e+06,6.79999e+06,1.14999e+07,4.49986e+06,6.79999e+06,1.14999e+07,4.49982e+06,6.79999e+06,1.14999e+07,4.49977e+06,6.79999e+06,1.14999e+07,4.49971e+06,6.79999e+06,1.14999e+07,4.49963e+06,6.79999e+06,1.14998e+07,4.49953e+06,6.79999e+06,1.14998e+07,4.49941e+06,6.79999e+06,1.14998e+07,4.49926e+06,6.79999e+06,1.14998e+07,4.49906e+06,6.79999e+06,1.14997e+07,4.49882e+06,6.79999e+06,1.14997e+07,4.49851e+06,6.79999e+06,1.14997e+07,4.49812e+06,6.79999e+06,1.14996e+07,4.49764e+06,6.79999e+06,1.14996e+07,4.49702e+06,6.79999e+06,1.14995e+07,4.49625e+06,6.79999e+06,1.14995e+07,4.49528e+06,6.79999e+06,1.14994e+07,4.49406e+06,6.79999e+06,1.14993e+07,4.49253e+06,6.79999e+06,1.14992e+07,4.49059e+06,6.79999e+06,1.14991e+07,4.48817e+06,6.79999e+06,1.1499e+07,4.48511e+06,6.79999e+06,1.14988e+07,4.48128e+06,6.79999e+06,1.14987e+07,4.47646e+06,6.79999e+06,1.14985e+07,4.47041e+06,6.79999e+06,1.14983e+07,4.46281e+06,6.79999e+06,1.14981e+07,4.4533e+06,6.79999e+06,1.14979e+07,4.44138e+06,6.79999e+06,1.14976e+07,4.42649e+06,6.79999e+06,1.14972e+07,4.40789e+06,6.79999e+06,1.14969e+07,4.38471e+06,6.79999e+06,1.14965e+07,4.35592e+06,6.79999e+06,1.1496e+07,4.32027e+06,6.79999e+06,1.14955e+07,4.27629e+06,6.79999e+06,1.14949e+07,4.22231e+06,6.79999e+06,1.14942e+07,4.15647e+06,6.79999e+06,1.14934e+07,4.07676e+06,6.79999e+06,1.14926e+07,3.98112e+06,6.79999e+06,1.14916e+07,3.86765e+06,6.79999e+06,1.14905e+07,3.73474e+06,6.79999e+06,1.14892e+07,3.58148e+06,6.79999e+06,1.14878e+07,3.40785e+06,6.79999e+06,1.14862e+07,3.21513e+06,6.79999e+06,1.14844e+07,3.00605e+06,6.79999e+06,1.14823e+07,2.7848e+06,6.79999e+06,1.148e+07,2.5568e+06,6.79999e+06,1.14773e+07,2.32825e+06,6.79999e+06,13.5742,8.52444,0.508366,16.8306,13.2585,0.162638,20.0035,17.569,0.0507846,23.2616,22.4214,0.0158319,26.7328,28.3297,0.00493498,30.5212,35.6974,0.00153831,34.7178,44.9473,0.000479527,39.4086,56.5822,0.000149456,44.6796,71.2245,4.66214e-05,50.6209,89.6543,1.45419e-05,57.3297,112.852,4.54748e-06,64.9129,142.051,1.43857e-06,73.4897,178.803,4.36618e-07,83.1934,225.062,1.40153e-07,94.1745,283.286,4.96378e-08,106.602,356.568,1.05434e-07,120.669,448.799,-6.49244e-08,136.59,564.873,1.70148e-07,154.611,710.948,-5.34594e-08,175.008,894.767,1.63407e-07,198.097,1126.06,8.04804e-08,224.231,1417.07,1.14667e-07,253.813,1783.15,-1.71227e-07,287.297,2243.62,-2.88466e-07,325.198,2822.67,-4.33651e-07,368.098,3550.67,7.9318e-08,416.657,4465.65,3.13319e-07,471.621,5615.16,3.4613e-07,533.835,7058.61,-1.19199e-07,604.255,8870.02,-2.79964e-07,683.962,11141.4,-2.30521e-07,774.182,13986.7,-2.55099e-07,876.299,17546.4,1.23585e-07,991.883,21993.1,1.41192e-07,1122.71,27536.7,-9.71886e-08,1270.78,34430.7,-3.68368e-07,1438.38,42977.7,-3.45379e-07,1628.07,53532.7,-3.25328e-09,1842.77,66504.6,2.6362e-07,2085.77,82350.2,2.53445e-07,2360.79,101560,-2.47407e-08,2672.05,124632,-3.80602e-07,3024.31,152018,-4.79005e-07,3422.98,184060,-1.14379e-07,3874.15,220884,2.64297e-07,4384.72,262283,3.44131e-07,4962.49,307576,7.5349e-08,5616.29,355497,-3.63097e-07,6356.1,404126,-6.05442e-07,7193.18,450932,-2.72333e-07,8140.28,492963,2.29675e-07,9211.79,527178,4.3387e-07,10424,550893,-1.0711e-07,10.102,8.06553,2.81012,10.6436,8.57909,0.869423,11.5336,10.2515,0.270869,12.7211,12.7138,0.0844293,14.1823,15.9373,0.0263173,15.9122,20.0383,0.0082035,17.9198,25.2154,0.00255722,20.2244,31.7373,0.000797017,22.8539,39.9486,0.000248622,25.8438,50.2851,7.75492e-05,29.237,63.2963,2.42508e-05,33.0837,79.6738,7.67162e-06,37.4415,100.288,2.32837e-06,42.3767,126.236,7.33e-07,47.9646,158.896,2.79256e-07,54.2906,200.003,9.87351e-09,61.452,251.741,1.61085e-07,69.5585,316.859,-2.47141e-07,78.7347,398.812,8.93552e-08,89.1218,501.948,-2.53231e-07,100.879,631.736,-1.25047e-07,114.188,795.049,-1.78808e-07,129.252,1000.53,2.6733e-07,146.304,1259.03,4.50292e-07,165.605,1584.19,6.76904e-07,187.452,1993.12,-1.23808e-07,212.181,2507.27,-4.89068e-07,240.173,3153.54,-5.40284e-07,271.856,3965.56,1.86061e-07,307.719,4985.38,4.37004e-07,348.313,6265.4,3.59828e-07,394.26,7870.83,3.98192e-07,446.268,9882.51,-1.92908e-07,505.135,12400.3,-2.20392e-07,571.766,15546.9,1.51705e-07,647.184,19472.2,5.74996e-07,732.547,24357.4,5.39112e-07,829.167,30420,5.07815e-09,938.526,37916.3,-4.11492e-07,1062.3,47143.9,-3.9561e-07,1202.4,58439.2,3.86185e-08,1360.96,72169.3,5.94093e-07,1540.42,88715.8,7.47693e-07,1743.53,108445,1.78537e-07,1973.41,131665,-4.12549e-07,2233.57,158557,-5.37164e-07,2528,189103,-1.17615e-07,2861.2,222986,5.66769e-07,3238.27,259510,9.45053e-07,3664.97,297540,4.25093e-07,4147.81,335497,-3.58506e-07,4694.17,371444,-6.7724e-07,5312.37,403256,1.67192e-07,1.61744,3.89446,9.84394,3.28846,7.5504,12.774,5.07607,11.7187,13.6844,7.03202,16.8147,13.9681,9.20215,23.1769,14.0566,11.6301,31.1672,14.0841,14.3598,41.2186,14.0927,17.4376,53.8688,14.0954,20.9137,69.7915,14.0962,24.8432,89.8341,14.0965,29.2879,115.063,14.0966,34.3168,146.819,14.0966,40.0078,186.792,14.0966,46.4487,237.107,14.0966,53.7388,300.44,14.0966,61.9903,380.158,14.0966,71.3301,480.499,14.0966,81.902,606.796,14.0966,93.8685,765.761,14.0966,107.414,965.837,14.0966,122.746,1217.65,14.0966,140.101,1534.57,14.0966,159.745,1933.41,14.0966,181.981,2435.3,14.0966,207.15,3066.85,14.0966,235.64,3861.46,14.0966,267.889,4861.11,14.0966,304.391,6118.54,14.0966,345.709,7699.91,14.0966,392.478,9688.22,14.0966,445.417,12187.5,14.0966,505.339,15327.7,14.0966,573.165,19271.6,14.0966,649.938,24222,14.0966,736.839,30430.9,14.0966,835.202,38211.5,14.0966,946.539,47950.3,14.0966,1072.56,60122.8,14.0966,1215.21,75309.9,14.0966,1376.66,94216.2,14.0966,1559.41,117688,14.0966,1766.26,146729,14.0966,2000.39,182510,14.0966,2265.39,226372,14.0966,2565.33,279806,14.0966,2904.81,344416,14.0966,3289.05,421845,14.0966,3723.93,513667,14.0966,4216.13,621231,14.0966,4773.18,745478,14.0966,5403.64,886744,14.0966,6117.15,1.04457e+06,14.0966,6924.63,1.2176e+06,14.0966,11.7194,11.96,12.6541,13.9321,16.1295,13.6434,16.6097,21.9702,13.9553,19.7532,29.5285,14.0526,23.3844,39.1143,14.0829,27.5423,51.2054,14.0923,32.2796,66.434,14.0953,37.662,85.6061,14.0962,43.7675,109.74,14.0965,50.687,140.119,14.0966,58.5249,178.359,14.0966,67.4005,226.493,14.0966,77.4493,287.08,14.0966,88.8254,363.343,14.0966,101.703,459.336,14.0966,116.281,580.161,14.0966,132.782,732.241,14.0966,151.46,923.655,14.0966,172.603,1164.57,14.0966,196.535,1467.79,14.0966,223.625,1849.39,14.0966,254.288,2329.62,14.0966,288.997,2933.93,14.0966,328.285,3694.33,14.0966,372.755,4651.04,14.0966,423.092,5854.57,14.0966,480.07,7368.38,14.0966,544.564,9272.08,14.0966,617.566,11665.5,14.0966,700.197,14673.6,14.0966,793.729,18452.9,14.0966,899.599,23198.6,14.0966,1019.43,29154.1,14.0966,1155.07,36622.3,14.0966,1308.6,45977.9,14.0966,1482.39,57683.7,14.0966,1679.09,72307.8,14.0966,1901.73,90542.8,14.0966,2153.73,113226,14.0966,2438.97,141360,14.0966,2761.81,176127,14.0966,3127.22,218898,14.0966,3540.81,271226,14.0966,4008.92,334817,14.0966,4538.74,411470,14.0966,5138.38,502973,14.0966,5817.04,610948,14.0966,6585.12,736653,14.0966,7454.39,880741,14.0966,8438.15,1.04302e+06,14.0966,9551.45,1.22224e+06,14.0966,10811.3,1.41602e+06,14.0966,12237,1.62086e+06,14.0966,11.7194,11.96,12.6541,2.21263,4.16949,0.989383,2.67766,5.84076,0.311842,3.14343,7.55825,0.0972771,3.63127,9.58578,0.0303237,4.15787,12.0912,0.00945211,4.73731,15.2286,0.00294633,5.38238,19.1721,0.000918508,6.10553,24.134,0.000286163,6.91951,30.3791,8.92692e-05,7.83792,38.2397,2.78121e-05,8.87555,48.1338,8.65134e-06,10.0489,60.5876,2.7882e-06,11.3761,76.2629,8.29036e-07,12.8779,95.9927,2.4373e-07,14.5775,120.825,4.33068e-09,16.5012,152.08,1.75749e-07,18.6784,191.415,-1.86328e-07,21.1428,240.917,1.91829e-07,23.9322,303.213,-1.81475e-07,27.0895,381.602,7.0186e-08,30.6634,480.231,-2.86769e-08,34.7087,604.316,2.40784e-07,39.2876,760.401,9.87368e-08,44.4705,956.705,1.22263e-07,50.3371,1203.54,-4.31966e-07,56.9776,1513.81,-1.9705e-07,64.494,1903.69,-2.763e-08,73.0018,2393.4,3.9185e-07,82.6317,3008.13,1.35379e-07,93.5318,3779.25,-4.16351e-08,105.869,4745.7,2.06965e-08,119.834,5955.6,-3.18887e-07,135.641,7468.12,-1.48271e-08,153.531,9355.62,2.00739e-07,173.781,11705.8,2.28358e-07,196.701,14624.1,-1.93587e-08,222.642,18235,-2.88101e-07,252.003,22683.4,-2.24732e-07,285.234,28134,8.56806e-09,322.845,34767,2.34258e-07,365.413,42770.9,2.99668e-07,413.588,52327.9,8.28644e-08,468.111,63591.2,-3.07049e-07,529.814,76653.2,-3.1888e-07,599.642,91502.5,-6.72276e-08,678.662,107975,2.26339e-07,768.083,125705,3.69212e-07,869.267,144088,2.04077e-07,983.76,162277,-2.80509e-07,1113.3,179223,-4.22737e-07,1259.87,193777,-1.71951e-07,1425.68,204839,4.55555e-07,11.7194,11.96,12.6541,2.21263,4.16949,0.989383,2.67766,5.84076,0.311842,3.14343,7.55825,0.0972771,3.63127,9.58578,0.0303237,4.15787,12.0912,0.00945211,4.73731,15.2286,0.00294633,5.38238,19.1721,0.000918508,6.10553,24.134,0.000286163,6.91951,30.3791,8.92692e-05,7.83792,38.2397,2.78121e-05,8.87555,48.1338,8.65134e-06,10.0489,60.5876,2.7882e-06,11.3761,76.2629,8.29036e-07,12.8779,95.9927,2.4373e-07,14.5775,120.825,1e-08,16.5012,152.08,1.75749e-07,18.6784,191.415,1e-08,21.1428,240.917,1.91829e-07,23.9322,303.213,1e-08,27.0895,381.602,7.0186e-08,30.6634,480.231,1e-08,34.7087,604.316,2.40784e-07,39.2876,760.401,9.87368e-08,44.4705,956.705,1.22263e-07,50.3371,1203.54,1e-08,56.9776,1513.81,1e-08,64.494,1903.69,1e-08,73.0018,2393.4,3.9185e-07,82.6317,3008.13,1.35379e-07,93.5318,3779.25,1e-08,105.869,4745.7,2.06965e-08,119.834,5955.6,1e-08,135.641,7468.12,1e-08,153.531,9355.62,2.00739e-07,173.781,11705.8,2.28358e-07,196.701,14624.1,1e-08,222.642,18235,1e-08,252.003,22683.4,1e-08,285.234,28134,1e-08,322.845,34767,2.34258e-07,365.413,42770.9,2.99668e-07,413.588,52327.9,8.28644e-08,468.111,63591.2,1e-08,529.814,76653.2,1e-08,599.642,91502.5,1e-08,678.662,107975,2.26339e-07,768.083,125705,3.69212e-07,869.267,144088,2.04077e-07,983.76,162277,1e-08,1113.3,179223,1e-08,1259.87,193777,1e-08,1425.68,204839,4.55555e-07,6.2823,3.27286,2.43537,0.219672,6.18826,2.24117,0.56371,6.87772,2.63624,0.308279,8,10,5,0,7,0,2,9,1,4,14,0,7,4,0,3,10,0,2,27,0,8,22,0,8,24,0,13,30,0,6,15,0,6,42,0,9,91,0,8,99,0,10,117,0,15,68,0,4,223,0,24,295,0,43,370,0,36,131,0,32,245,0,36,414,0,29,412,0,31,639,0,28,774,0,22,657,0,105,1201,0,36,1019,0,79,1838,0,54,2145,0,84,4466,0,111,5367,0,97,1608,0,156,6419,0,56,7059,0,71,7406,0,255,14877,0,88,14445,0,235,39214,0,267,31402,0,219,60632,0,396,45052,0,903,33598,0,539,101593,0,570,113545,0,526,111663,0,331,158070,0,586,249820,0,994,54580,0,637,153576,0,781,93135,0,1592,278317,0,1819,200435,0
-1.05176e+08,1,8.88811e-15,10,1023,0,1.05176e+08,0.528882,1.08665,0.389689,0.145397,0.379329,3.24381,0.161596,0.446195,1.77396,0.159177,1.15e+07,4.49998e+06,6.79999e+06,1.15e+07,4.49997e+06,6.79999e+06,1.15e+07,4.49996e+06,6.79999e+06,1.15e+07,4.49995e+06,6.79999e+06,1.14999e+07,4.49993e+06,6.79999e+06,1.14999e+07,4.49991e+06,6.79999e+06,1.14999e+07,4.49989e+06,6.79999e+06,1.14999e+07,4.49986e+06,6.79999e+06,1.14999e+07,4.49982e+06,6.79999e+06,1.14999e+07,4.49977e+06,6.79999e+06,1.14999e+07,4.49971e+06,6.79999e+06,1.14999e+07,4.49963e+06,6.79999e+06,1.14998e+07,4.49953e+06,6.79999e+06,1.14998e+07,4.49941e+06,6.79999e+06,1.14998e+07,4.49926e+06,6.79999e+06,1.14998e+07,4.49906e+06,6.79999e+06,1.14997e+07,4.49882e+06,6.79999e+06,1.14997e+07,4.49851e+06,6.79999e+06,1.14997e+07,4.49812e+06,6.79999e+06,1.14996e+07,4.49764e+06,6.79999e+06,1.14996e+07,4.49702e+06,6.79999e+06,1.14995e+07,4.49625e+06,6.79999e+06,1.14995e+07,4.49528e+06,6.79999e+06,1.14994e+07,4.49406e+06,6.79999e+06,1.14993e+07,4.49253e+06,6.79999e+06,1.14992e+07,4.49059e+06,6.79999e+06,1.14991e+07,4.48817e+06,6.79999e+06,1.1499e+07,4.48511e+06,6.79999e+06,1.14988e+07,4.48128e+06,6.79999e+06,1.14987e+07,4.47646e+06,6.79999e+06,1.14985e+07,4.47041e+06,6.79999e+06,1.14983e+07,4.46281e+06,6.79999e+06,1.14981e+07,4.4533e+06,6.79999e+06,1.14979e+07,4.44138e+06,6.79999e+06,1.14976e+07,4.42649e+06,6.79999e+06,1.14972e+07,4.40789e+06,6.79999e+06,1.14969e+07,4.38471e+06,6.79999e+06,1.14965e+07,4.35592e+06,6.79999e+06,1.1496e+07,4.32027e+06,6.79999e+06,1.14955e+07,4.27629e+06,6.79999e+06,1.14949e+07,4.22231e+06,6.79999e+06,1.14942e+07,4.15647e+06,6.79999e+06,1.14934e+07,4.07676e+06,6.79999e+06,1.14926e+07,3.98112e+06,6.79999e+06,1.14916e+07,3.86765e+06,6.79999e+06,1.14905e+07,3.73474e+06,6.79999e+06,1.14892e+07,3.58148e+06,6.79999e+06,1.14878e+07,3.40785e+06,6.79999e+06,1.14862e+07,3.21513e+06,6.79999e+06,1.14844e+07,3.00605e+06,6.79999e+06,1.14823e+07,2.7848e+06,6.79999e+06,1.148e+07,2.5568e+06,6.79999e+06,1.14773e+07,2.32825e+06,6.79999e+06,13.5742,8.52444,0.508366,16.8306,13.2585,0.162638,20.0035,17.569,0.0507846,23.2616,22.4214,0.0158319,26.7328,28.3297,0.00493498,30.5212,35.6974,0.00153831,34.7178,44.9473,0.000479527,39.4086,56.5822,0.000149456,44.6796,71.2245,4.66214e-05,50.6209,89.6543,1.45419e-05,57.3297,112.852,4.54748e-06,64.9129,142.051,1.43857e-06,73.4897,178.803,4.36618e-07,83.1934,225.062,1.40153e-07,94.1745,283.286,4.96378e-08,106.602,356.568,1.05434e-07,120.669,448.799,-6.49244e-08,136.59,564.873,1.70148e-07,154.611,710.948,-5.34594e-08,175.008,894.767,1.63407e-07,198.097,1126.06,8.04804e-08,224.231,1417.07,1.14667e-07,253.813,1783.15,-1.71227e-07,287.297,2243.62,-2.88466e-07,325.198,2822.67,-4.33651e-07,368.098,3550.67,7.9318e-08,416.657,4465.65,3.13319e-07,471.621,5615.16,3.4613e-07,533.835,7058.61,-1.19199e-07,604.255,8870.02,-2.79964e-07,683.962,11141.4,-2.30521e-07,774.182,13986.7,-2.55099e-07,876.299,17546.4,1.23585e-07,991.883,21993.1,1.41192e-07,1122.71,27536.7,-9.71886e-08,1270.78,34430.7,-3.68368e-07,1438.38,42977.7,-3.45379e-07,1628.07,53532.7,-3.25328e-09,1842.77,66504.6,2.6362e-07,2085.77,82350.2,2.53445e-07,2360.79,101560,-2.47407e-08,2672.05,124632,-3.80602e-07,3024.31,152018,-4.79005e-07,3422.98,184060,-1.14379e-07,3874.15,220884,2.64297e-07,4384.72,262283,3.44131e-07,4962.49,307576,7.5349e-08,5616.29,355497,-3.63097e-07,6356.1,404126,-6.05442e-07,7193.18,450932,-2.72333e-07,8140.28,492963,2.29675e-07,9211.79,527178,4.3387e-07,10424,550893,-1.0711e-07,10.102,8.06553,2.81012,10.6436,8.57909,0.869423,11.5336,10.2515,0.270869,12.7211,12.7138,0.0844293,14.1823,15.9373,0.0263173,15.9122,20.0383,0.0082035,17.9198,25.2154,0.00255722,20.2244,31.7373,0.000797017,22.8539,39.9486,0.000248622,25.8438,50.2851,7.75492e-05,29.237,63.2963,2.42508e-05,33.0837,79.6738,7.67162e-06,37.4415,100.288,2.32837e-06,42.3767,126.236,7.33e-07,47.9646,158.896,2.79256e-07,54.2906,200.003,9.87351e-09,61.452,251.741,1.61085e-07,69.5585,316.859,-2.47141e-07,78.7347,398.812,8.93552e-08,89.1218,501.948,-2.53231e-07,100.879,631.736,-1.25047e-07,114.188,795.049,-1.78808e-07,129.252,1000.53,2.6733e-07,146.304,1259.03,4.50292e-07,165.605,1584.19,6.76904e-07,187.452,1993.12,-1.23808e-07,212.181,2507.27,-4.89068e-07,240.173,3153.54,-5.40284e-07,271.856,3965.56,1.86061e-07,307.719,4985.38,4.37004e-07,348.313,6265.4,3.59828e-07,394.26,7870.83,3.98192e-07,446.268,9882.51,-1.92908e-07,505.135,12400.3,-2.20392e-07,571.766,15546.9,1.51705e-07,647.184,19472.2,5.74996e-07,732.547,24357.4,5.39112e-07,829.167,30420,5.07815e-09,938.526,37916.3,-4.11492e-07,1062.3,47143.9,-3.9561e-07,1202.4,58439.2,3.86185e-08,1360.96,72169.3,5.94093e-07,1540.42,88715.8,7.47693e-07,1743.53,108445,1.78537e-07,1973.41,131665,-4.12549e-07,2233.57,158557,-5.37164e-07,2528,189103,-1.17615e-07,2861.2,222986,5.66769e-07,3238.27,259510,9.45053e-07,3664.97,297540,4.25093e-07,4147.81,335497,-3.58506e-07,4694.17,371444,-6.7724e-07,5312.37,403256,1.67192e-07,1.61744,3.89446,9.84394,3.28846,7.5504,12.774,5.07607,11.7187,13.6844,7.03202,16.8147,13.9681,9.20215,23.1769,14.0566,11.6301,31.1672,14.0841,14.3598,41.2186,14.0927,17.4376,53.8688,14.0954,20.9137,69.7915,14.0962,24.8432,89.8341,14.0965,29.2879,115.063,14.0966,34.3168,146.819,14.0966,40.0078,186.792,14.0966,46.4487,237.107,14.0966,53.7388,300.44,14.0966,61.9903,380.158,14.0966,71.3301,480.499,14.0966,81.902,606.796,14.0966,93.8685,765.761,14.0966,107.414,965.837,14.0966,122.746,1217.65,14.0966,140.101,1534.57,14.0966,159.745,1933.41,14.0966,181.981,2435.3,14.0966,207.15,3066.85,14.0966,235.64,3861.46,14.0966,267.889,4861.11,14.0966,304.391,6118.54,14.0966,345.709,7699.91,14.0966,392.478,9688.22,14.0966,445.417,12187.5,14.0966,505.339,15327.7,14.0966,573.165,19271.6,14.0966,649.938,24222,14.0966,736.839,30430.9,14.0966,835.202,38211.5,14.0966,946.539,47950.3,14.0966,1072.56,60122.8,14.0966,1215.21,75309.9,14.0966,1376.66,94216.2,14.0966,1559.41,117688,14.0966,1766.26,146729,14.0966,2000.39,182510,14.0966,2265.39,226372,14.0966,2565.33,279806,14.0966,2904.81,344416,14.0966,3289.05,421845,14.0966,3723.93,513667,14.0966,4216.13,621231,14.0966,4773.18,745478,14.0966,5403.64,886744,14.0966,6117.15,1.04457e+06,14.0966,6924.63,1.2176e+06,14.0966,11.7194,11.96,12.6541,13.9321,16.1295,13.6434,16.6097,21.9702,13.9553,19.7532,29.5285,14.0526,23.3844,39.1143,14.0829,27.5423,51.2054,14.0923,32.2796,66.434,14.0953,37.662,85.6061,14.0962,43.7675,109.74,14.0965,50.687,140.119,14.0966,58.5249,178.359,14.0966,67.4005,226.493,14.0966,77.4493,287.08,14.0966,88.8254,363.343,14.0966,101.703,459.336,14.0966,116.281,580.161,14.0966,132.782,732.241,14.0966,151.46,923.655,14.0966,172.603,1164.57,14.0966,196.535,1467.79,14.0966,223.625,1849.39,14.0966,254.288,2329.62,14.0966,288.997,2933.93,14.0966,328.285,3694.33,14.0966,372.755,4651.04,14.0966,423.092,5854.57,14.0966,480.07,7368.38,14.0966,544.564,9272.08,14.0966,617.566,11665.5,14.0966,700.197,14673.6,14.0966,793.729,18452.9,14.0966,899.599,23198.6,14.0966,1019.43,29154.1,14.0966,1155.07,36622.3,14.0966,1308.6,45977.9,14.0966,1482.39,57683.7,14.0966,1679.09,72307.8,14.0966,1901.73,90542.8,14.0966,2153.73,113226,14.0966,2438.97,141360,14.0966,2761.81,176127,14.0966,3127.22,218898,14.0966,3540.81,271226,14.0966,4008.92,334817,14.0966,4538.74,411470,14.0966,5138.38,502973,14.0966,5817.04,610948,14.0966,6585.12,736653,14.0966,7454.39,880741,14.0966,8438.15,1.04302e+06,14.0966,9551.45,1.22224e+06,14.0966,10811.3,1.41602e+06,14.0966,12237,1.62086e+06,14.0966,11.7194,11.96,12.6541,2.21263,4.16949,0.989383,2.67766,5.84076,0.311842,3.14343,7.55825,0.0972771,3.63127,9.58578,0.0303237,4.15787,12.0912,0.00945211,4.73731,15.2286,0.00294633,5.38238,19.1721,0.000918508,6.10553,24.134,0.000286163,6.91951,30.3791,8.92692e-05,7.83792,38.2397,2.78121e-05,8.87555,48.1338,8.65134e-06,10.0489,60.5876,2.7882e-06,11.3761,76.2629,8.29036e-07,12.8779,95.9927,2.4373e-07,14.5775,120.825,4.33068e-09,16.5012,152.08,1.75749e-07,18.6784,191.415,-1.86328e-07,21.1428,240.917,1.91829e-07,23.9322,303.213,-1.81475e-07,27.0895,381.602,7.0186e-08,30.6634,480.231,-2.86769e-08,34.7087,604.316,2.40784e-07,39.2876,760.401,9.87368e-08,44.4705,956.705,1.22263e-07,50.3371,1203.54,-4.31966e-07,56.9776,1513.81,-1.9705e-07,64.494,1903.69,-2.763e-08,73.0018,2393.4,3.9185e-07,82.6317,3008.13,1.35379e-07,93.5318,3779.25,-4.16351e-08,105.869,4745.7,2.06965e-08,119.834,5955.6,-3.18887e-07,135.641,7468.12,-1.48271e-08,153.531,9355.62,2.00739e-07,173.781,11705.8,2.28358e-07,196.701,14624.1,-1.93587e-08,222.642,18235,-2.88101e-07,252.003,22683.4,-2.24732e-07,285.234,28134,8.56806e-09,322.845,34767,2.34258e-07,365.413,42770.9,2.99668e-07,413.588,52327.9,8.28644e-08,468.111,63591.2,-3.07049e-07,529.814,76653.2,-3.1888e-07,599.642,91502.5,-6.72276e-08,678.662,107975,2.26339e-07,768.083,125705,3.69212e-07,869.267,144088,2.04077e-07,983.76,162277,-2.80509e-07,1113.3,179223,-4.22737e-07,1259.87,193777,-1.71951e-07,1425.68,204839,4.55555e-07,11.7194,11.96,12.6541,2.21263,4.16949,0.989383,2.67766,5.84076,0.311842,3.14343,7.55825,0.0972771,3.63127,9.58578,0.0303237,4.15787,12.0912,0.00945211,4.73731,15.2286,0.00294633,5.38238,19.1721,0.000918508,6.10553,24.134,0.000286163,6.91951,30.3791,8.92692e-05,7.83792,38.2397,2.78121e-05,8.87555,48.1338,8.65134e-06,10.0489,60.5876,2.7882e-06,11.3761,76.2629,8.29036e-07,12.8779,95.9927,2.4373e-07,14.5775,120.825,1e-08,16.5012,152.08,1.75749e-07,18.6784,191.415,1e-08,21.1428,240.917,1.91829e-07,23.9322,303.213,1e-08,27.0895,381.602,7.0186e-08,30.6634,480.231,1e-08,34.7087,604.316,2.40784e-07,39.2876,760.401,9.87368e-08,44.4705,956.705,1.22263e-07,50.3371,1203.54,1e-08,56.9776,1513.81,1e-08,64.494,1903.69,1e-08,73.0018,2393.4,3.9185e-07,82.6317,3008.13,1.35379e-07,93.5318,3779.25,1e-08,105.869,4745.7,2.06965e-08,119.834,5955.6,1e-08,135.641,7468.12,1e-08,153.531,9355.62,2.00739e-07,173.781,11705.8,2.28358e-07,196.701,14624.1,1e-08,222.642,18235,1e-08,252.003,22683.4,1e-08,285.234,28134,1e-08,322.845,34767,2.34258e-07,365.413,42770.9,2.99668e-07,413.588,52327.9,8.28644e-08,468.111,63591.2,1e-08,529.814,76653.2,1e-08,599.642,91502.5,1e-08,678.662,107975,2.26339e-07,768.083,125705,3.69212e-07,869.267,144088,2.04077e-07,983.76,162277,1e-08,1113.3,179223,1e-08,1259.87,193777,1e-08,1425.68,204839,4.55555e-07,6.2823,3.27286,2.43537,0.219672,6.18826,2.24117,0.56371,6.87772,2.63624,0.308279,10,7,8,1,6,8,1,3,0,3,8,0,3,5,0,3,7,0,1,14,0,3,19,0,6,26,0,4,21,0,7,19,0,12,20,0,7,81,0,8,75,0,30,126,0,13,72,0,34,120,0,13,99,0,23,140,0,22,407,0,25,894,0,32,493,0,11,750,0,60,1097,0,41,1247,0,33,1221,0,34,1330,0,10,1395,0,54,2835,0,99,2724,0,91,1851,0,109,2170,0,110,5514,0,125,15012,0,110,11826,0,175,10755,0,157,30381,0,407,16389,0,288,17808,0,366,22000,0,467,26360,0,611,42104,0,603,76016,0,231,140830,0,935,51928,0,512,83006,0,829,50499,0,1109,86561,0,1504,91319,0,714,109169,0,416,196422,0,928,201393,0,1412,168467,0
-1.05176e+08,1,8.88811e-15,10,1023,0,1.05176e+08,0.528882,1.08665,0.389689,0.145397,0.379329,3.24381,0.161596,0.446195,1.77396,0.159177,1.15e+07,4.49998e+06,6.79999e+06,1.15e+07,4.49997e+06,6.79999e+06,1.15e+07,4.49996e+06,6.79999e+06,1.15e+07,4.49995e+06,6.79999e+06,1.14999e+07,4.49993e+06,6.79999e+06,1.14999e+07,4.49991e+06,6.79999e+06,1.14999e+07,4.49989e+06,6.79999e+06,1.14999e+07,4.49986e+06,6.79999e+06,1.14999e+07,4.49982e+06,6.79999e+06,1.14999e+07,4.49977e+06,6.79999e+06,1.14999e+07,4.49971e+06,6.79999e+06,1.14999e+07,4.49963e+06,6.79999e+06,1.14998e+07,4.49953e+06,6.79999e+06,1.14998e+07,4.49941e+06,6.79999e+06,1.14998e+07,4.49926e+06,6.79999e+06,1.14998e+07,4.49906e+06,6.79999e+06,1.14997e+07,4.49882e+06,6.79999e+06,1.14997e+07,4.49851e+06,6.79999e+06,1.14997e+07,4.49812e+06,6.79999e+06,1.14996e+07,4.49764e+06,6.79999e+06,1.14996e+07,4.49702e+06,6.79999e+06,1.14995e+07,4.49625e+06,6.79999e+06,1.14995e+07,4.49528e+06,6.79999e+06,1.14994e+07,4.49406e+06,6.79999e+06,1.14993e+07,4.49253e+06,6.79999e+06,1.14992e+07,4.49059e+06,6.79999e+06,1.14991e+07,4.48817e+06,6.79999e+06,1.1499e+07,4.48511e+06,6.79999e+06,1.14988e+07,4.48128e+06,6.79999e+06,1.14987e+07,4.47646e+06,6.79999e+06,1.14985e+07,4.47041e+06,6.79999e+06,1.14983e+07,4.46281e+06,6.79999e+06,1.14981e+07,4.4533e+06,6.79999e+06,1.14979e+07,4.44138e+06,6.79999e+06,1.14976e+07,4.42649e+06,6.79999e+06,1.14972e+07,4.40789e+06,6.79999e+06,1.14969e+07,4.38471e+06,6.79999e+06,1.14965e+07,4.35592e+06,6.79999e+06,1.1496e+07,4.32027e+06,6.79999e+06,1.14955e+07,4.27629e+06,6.79999e+06,1.14949e+07,4.22231e+06,6.79999e+06,1.14942e+07,4.15647e+06,6.79999e+06,1.14934e+07,4.07676e+06,6.79999e+06,1.14926e+07,3.98112e+06,6.79999e+06,1.14916e+07,3.86765e+06,6.79999e+06,1.14905e+07,3.73474e+06,6.79999e+06,1.14892e+07,3.58148e+06,6.79999e+06,1.14878e+07,3.40785e+06,6.79999e+06,1.14862e+07,3.21513e+06,6.79999e+06,1.14844e+07,3.00605e+06,6.79999e+06,1.14823e+07,2.7848e+06,6.79999e+06,1.148e+07,2.5568e+06,6.79999e+06,1.14773e+07,2.32825e+06,6.79999e+06,13.5742,8.52444,0.508366,16.8306,13.2585,0.162638,20.0035,17.569,0.0507846,23.2616,22.4214,0.0158319,26.7328,28.3297,0.00493498,30.5212,35.6974,0.00153831,34.7178,44.9473,0.000479527,39.4086,56.5822,0.000149456,44.6796,71.2245,4.66214e-05,50.6209,89.6543,1.45419e-05,57.3297,112.852,4.54748e-06,64.9129,142.051,1.43857e-06,73.4897,178.803,4.36618e-07,83.1934,225.062,1.40153e-07,94.1745,283.286,4.96378e-08,106.602,356.568,1.05434e-07,120.669,448.799,-6.49244e-08,136.59,564.873,1.70148e-07,154.611,710.948,-5.34594e-08,175.008,894.767,1.63407e-07,198.097,1126.06,8.04804e-08,224.231,1417.07,1.14667e-07,253.813,1783.15,-1.71227e-07,287.297,2243.62,-2.88466e-07,325.198,2822.67,-4.33651e-07,368.098,3550.67,7.9318e-08,416.657,4465.65,3.13319e-07,471.621,5615.16,3.4613e-07,533.835,7058.61,-1.19199e-07,604.255,8870.02,-2.79964e-07,683.962,11141.4,-2.30521e-07,774.182,13986.7,-2.55099e-07,876.299,17546.4,1.23585e-07,991.883,21993.1,1.41192e-07,1122.71,27536.7,-9.71886e-08,1270.78,34430.7,-3.68368e-07,1438.38,42977.7,-3.45379e-07,1628.07,53532.7,-3.25328e-09,1842.77,66504.6,2.6362e-07,2085.77,82350.2,2.53445e-07,2360.79,101560,-2.47407e-08,2672.05,124632,-3.80602e-07,3024.31,152018,-4.79005e-07,3422.98,184060,-1.14379e-07,3874.15,220884,2.64297e-07,4384.72,262283,3.44131e-07,4962.49,307576,7.5349e-08,5616.29,355497,-3.63097e-07,6356.1,404126,-6.05442e-07,7193.18,450932,-2.72333e-07,8140.28,492963,2.29675e-07,9211.79,527178,4.3387e-07,10424,550893,-1.0711e-07,10.102,8.06553,2.81012,10.6436,8.57909,0.869423,11.5336,10.2515,0.270869,12.7211,12.7138,0.0844293,14.1823,15.9373,0.0263173,15.9122,20.0383,0.0082035,17.9198,25.2154,0.00255722,20.2244,31.7373,0.000797017,22.8539,39.9486,0.000248622,25.8438,50.2851,7.75492e-05,29.237,63.2963,2.42508e-05,33.0837,79.6738,7.67162e-06,37.4415,100.288,2.32837e-06,42.3767,126.236,7.33e-07,47.9646,158.896,2.79256e-07,54.2906,200.003,9.87351e-09,61.452,251.741,1.61085e-07,69.5585,316.859,-2.47141e-07,78.7347,398.812,8.93552e-08,89.1218,501.948,-2.53231e-07,100.879,631.736,-1.25047e-07,114.188,795.049,-1.78808e-07,129.252,1000.53,2.6733e-07,146.304,1259.03,4.50292e-07,165.605,1584.19,6.76904e-07,187.452,1993.12,-1.23808e-07,212.181,2507.27,-4.89068e-07,240.173,3153.54,-5.40284e-07,271.856,3965.56,1.86061e-07,307.719,4985.38,4.37004e-07,348.313,6265.4,3.59828e-07,394.26,7870.83,3.98192e-07,446.268,9882.51,-1.92908e-07,505.135,12400.3,-2.20392e-07,571.766,15546.9,1.51705e-07,647.184,19472.2,5.74996e-07,732.547,24357.4,5.39112e-07,829.167,30420,5.07815e-09,938.526,37916.3,-4.11492e-07,1062.3,47143.9,-3.9561e-07,1202.4,58439.2,3.86185e-08,1360.96,72169.3,5.94093e-07,1540.42,88715.8,7.47693e-07,1743.53,108445,1.78537e-07,1973.41,131665,-4.12549e-07,2233.57,158557,-5.37164e-07,2528,189103,-1.17615e-07,2861.2,222986,5.66769e-07,3238.27,259510,9.45053e-07,3664.97,297540,4.25093e-07,4147.81,335497,-3.58506e-07,4694.17,371444,-6.7724e-07,5312.37,403256,1.67192e-07,1.61744,3.89446,9.84394,3.28846,7.5504,12.774,5.07607,11.7187,13.6844,7.03202,16.8147,13.9681,9.20215,23.1769,14.0566,11.6301,31.1672,14.0841,14.3598,41.2186,14.0927,17.4376,53.8688,14.0954,20.9137,69.7915,14.0962,24.8432,89.8341,14.0965,29.2879,115.063,14.0966,34.3168,146.819,14.0966,40.0078,186.792,14.0966,46.4487,237.107,14.0966,53.7388,300.44,14.0966,61.9903,380.158,14.0966,71.3301,480.499,14.0966,81.902,606.796,14.0966,93.8685,765.761,14.0966,107.414,965.837,14.0966,122.746,1217.65,14.0966,140.101,1534.57,14.0966,159.745,1933.41,14.0966,181.981,2435.3,14.0966,207.15,3066.85,14.0966,235.64,3861.46,14.0966,267.889,4861.11,14.0966,304.391,6118.54,14.0966,345.709,7699.91,14.0966,392.478,9688.22,14.0966,445.417,12187.5,14.0966,505.339,15327.7,14.0966,573.165,19271.6,14.0966,649.938,24222,14.0966,736.839,30430.9,14.0966,835.202,38211.5,14.0966,946.539,47950.3,14.0966,1072.56,60122.8,14.0966,1215.21,75309.9,14.0966,1376.66,94216.2,14.0966,1559.41,117688,14.0966,1766.26,146729,14.0966,2000.39,182510,14.0966,2265.39,226372,14.0966,2565.33,279806,14.0966,2904.81,344416,14.0966,3289.05,421845,14.0966,3723.93,513667,14.0966,4216.13,621231,14.0966,4773.18,745478,14.0966,5403.64,886744,14.0966,6117.15,1.04457e+06,14.0966,6924.63,1.2176e+06,14.0966,11.7194,11.96,12.6541,13.9321,16.1295,13.6434,16.6097,21.9702,13.9553,19.7532,29.5285,14.0526,23.3844,39.1143,14.0829,27.5423,51.2054,14.0923,32.2796,66.434,14.0953,37.662,85.6061,14.0962,43.7675,109.74,14.0965,50.687,140.119,14.0966,58.5249,178.359,14.0966,67.4005,226.493,14.0966,77.4493,287.08,14.0966,88.8254,363.343,14.0966,101.703,459.336,14.0966,116.281,580.161,14.0966,132.782,732.241,14.0966,151.46,923.655,14.0966,172.603,1164.57,14.0966,196.535,1467.79,14.0966,223.625,1849.39,14.0966,254.288,2329.62,14.0966,288.997,2933.93,14.0966,328.285,3694.33,14.0966,372.755,4651.04,14.0966,423.092,5854.57,14.0966,480.07,7368.38,14.0966,544.564,9272.08,14.0966,617.566,11665.5,14.0966,700.197,14673.6,14.0966,793.729,18452.9,14.0966,899.599,23198.6,14.0966,1019.43,29154.1,14.0966,1155.07,36622.3,14.0966,1308.6,45977.9,14.0966,1482.39,57683.7,14.0966,1679.09,72307.8,14.0966,1901.73,90542.8,14.0966,2153.73,113226,14.0966,2438.97,141360,14.0966,2761.81,176127,14.0966,3127.22,218898,14.0966,3540.81,271226,14.0966,4008.92,334817,14.0966,4538.74,411470,14.0966,5138.38,502973,14.0966,5817.04,610948,14.0966,6585.12,736653,14.0966,7454.39,880741,14.0966,8438.15,1.04302e+06,14.0966,9551.45,1.22224e+06,14.0966,10811.3,1.41602e+06,14.0966,12237,1.62086e+06,14.0966,11.7194,11.96,12.6541,2.21263,4.16949,0.989383,2.67766,5.84076,0.311842,3.14343,7.55825,0.0972771,3.63127,9.58578,0.0303237,4.15787,12.0912,0.00945211,4.73731,15.2286,0.00294633,5.38238,19.1721,0.000918508,6.10553,24.134,0.000286163,6.91951,30.3791,8.92692e-05,7.83792,38.2397,2.78121e-05,8.87555,48.1338,8.65134e-06,10.0489,60.5876,2.7882e-06,11.3761,76.2629,8.29036e-07,12.8779,95.9927,2.4373e-07,14.5775,120.825,4.33068e-09,16.5012,152.08,1.75749e-07,18.6784,191.415,-1.86328e-07,21.1428,240.917,1.91829e-07,23.9322,303.213,-1.81475e-07,27.0895,381.602,7.0186e-08,30.6634,480.231,-2.86769e-08,34.7087,604.316,2.40784e-07,39.2876,760.401,9.87368e-08,44.4705,956.705,1.22263e-07,50.3371,1203.54,-4.31966e-07,56.9776,1513.81,-1.9705e-07,64.494,1903.69,-2.763e-08,73.0018,2393.4,3.9185e-07,82.6317,3008.13,1.35379e-07,93.5318,3779.25,-4.16351e-08,105.869,4745.7,2.06965e-08,119.834,5955.6,-3.18887e-07,135.641,7468.12,-1.48271e-08,153.531,9355.62,2.00739e-07,173.781,11705.8,2.28358e-07,196.701,14624.1,-1.93587e-08,222.642,18235,-2.88101e-07,252.003,22683.4,-2.24732e-07,285.234,28134,8.56806e-09,322.845,34767,2.34258e-07,365.413,42770.9,2.99668e-07,413.588,52327.9,8.28644e-08,468.111,63591.2,-3.07049e-07,529.814,76653.2,-3.1888e-07,599.642,91502.5,-6.72276e-08,678.662,107975,2.26339e-07,768.083,125705,3.69212e-07,869.267,144088,2.04077e-07,983.76,162277,-2.80509e-07,1113.3,179223,-4.22737e-07,1259.87,193777,-1.71951e-07,1425.68,204839,4.55555e-07,11.7194,11.96,12.6541,2.21263,4.16949,0.989383,2.67766,5.84076,0.311842,3.14343,7.55825,0.0972771,3.63127,9.58578,0.0303237,4.15787,12.0912,0.00945211,4.73731,15.2286,0.00294633,5.38238,19.1721,0.000918508,6.10553,24.134,0.000286163,6.91951,30.3791,8.92692e-05,7.83792,38.2397,2.78121e-05,8.87555,48.1338,8.65134e-06,10.0489,60.5876,2.7882e-06,11.3761,76.2629,8.29036e-07,12.8779,95.9927,2.4373e-07,14.5775,120.825,1e-08,16.5012,152.08,1.75749e-07,18.6784,191.415,1e-08,21.1428,240.917,1.91829e-07,23.9322,303.213,1e-08,27.0895,381.602,7.0186e-08,30.6634,480.231,1e-08,34.7087,604.316,2.40784e-07,39.2876,760.401,9.87368e-08,44.4705,956.705,1.22263e-07,50.3371,1203.54,1e-08,56.9776,1513.81,1e-08,64.494,1903.69,1e-08,73.0018,2393.4,3.9185e-07,82.6317,3008.13,1.35379e-07,93.5318,3779.25,1e-08,105.869,4745.7,2.06965e-08,119.834,5955.6,1e-08,135.641,7468.12,1e-08,153.531,9355.62,2.00739e-07,173.781,11705.8,2.28358e-07,196.701,14624.1,1e-08,222.642,18235,1e-08,252.003,22683.4,1e-08,285.234,28134,1e-08,322.845,34767,2.34258e-07,365.413,42770.9,2.99668e-07,413.588,52327.9,8.28644e-08,468.111,63591.2,1e-08,529.814,76653.2,1e-08,599.642,91502.5,1e-08,678.662,107975,2.26339e-07,768.083,125705,3.69212e-07,869.267,144088,2.04077e-07,983.76,162277,1e-08,1113.3,179223,1e-08,1259.87,193777,1e-08,1425.68,204839,4.55555e-07,6.2823,3.27286,2.43537,0.219672,6.18826,2.24117,0.56371,6.87772,2.63624,0.308279,8,16,11,2,5,0,1,1,0,0,11,0,3,3,0,8,6,0,8,27,0,5,26,0,5,22,0,2,15,0,8,56,0,12,78,0,12,60,0,10,80,0,8,104,0,14,120,0,21,92,0,9,332,0,25,120,0,17,354,0,21,196,0,13,384,0,42,386,0,67,476,0,34,870,0,70,1048,0,84,1360,0,72,1287,0,92,2536,0,210,4944,0,162,6294,0,209,4331,0,132,9987,0,162,8286,0,92,4072,0,91,11273,0,118,6144,0,118,14442,0,186,28935,0,367,36589,0,110,53055,0,219,61556,0,374,47081,0,254,35629,0,667,67067,0,207,69185,0,954,81776,0,974,38287,0,702,168459,0,1169,149851,0,1815,163924,0,1638,297874,0,994,94361,0
-1.05176e+08,1,8.88811e-15,10,1023,0,1.05176e+08,0.528882,1.08665,0.389689,0.145397,0.379329,3.24381,0.161596,0.446195,1.77396,0.159177,1.15e+07,4.49998e+06,6.79999e+06,1.15e+07,4.49997e+06,6.79999e+06,1.15e+07,4.49996e+06,6.79999e+06,1.15e+07,4.49995e+06,6.79999e+06,1.14999e+07,4.49993e+06,6.79999e+06,1.14999e+07,4.49991e+06,6.79999e+06,1.14999e+07,4.49989e+06,6.79999e+06,1.14999e+07,4.49986e+06,6.79999e+06,1.14999e+07,4.49982e+06,6.79999e+06,1.14999e+07,4.49977e+06,6.79999e+06,1.14999e+07,4.49971e+06,6.79999e+06,1.14999e+07,4.49963e+06,6.79999e+06,1.14998e+07,4.49953e+06,6.79999e+06,1.14998e+07,4.49941e+06,6.79999e+06,1.14998e+07,4.49926e+06,6.79999e+06,1.14998e+07,4.49906e+06,6.79999e+06,1.14997e+07,4.49882e+06,6.79999e+06,1.14997e+07,4.49851e+06,6.79999e+06,1.14997e+07,4.49812e+06,6.79999e+06,1.14996e+07,4.49764e+06,6.79999e+06,1.14996e+07,4.49702e+06,6.79999e+06,1.14995e+07,4.49625e+06,6.79999e+06,1.14995e+07,4.49528e+06,6.79999e+06,1.14994e+07,4.49406e+06,6.79999e+06,1.14993e+07,4.49253e+06,6.79999e+06,1.14992e+07,4.49059e+06,6.79999e+06,1.14991e+07,4.48817e+06,6.79999e+06,1.1499e+07,4.48511e+06,6.79999e+06,1.14988e+07,4.48128e+06,6.79999e+06,1.14987e+07,4.47646e+06,6.79999e+06,1.14985e+07,4.47041e+06,6.79999e+06,1.14983e+07,4.46281e+06,6.79999e+06,1.14981e+07,4.4533e+06,6.79999e+06,1.14979e+07,4.44138e+06,6.79999e+06,1.14976e+07,4.42649e+06,6.79999e+06,1.14972e+07,4.40789e+06,6.79999e+06,1.14969e+07,4.38471e+06,6.79999e+06,1.14965e+07,4.35592e+06,6.79999e+06,1.1496e+07,4.32027e+06,6.79999e+06,1.14955e+07,4.27629e+06,6.79999e+06,1.14949e+07,4.22231e+06,6.79999e+06,1.14942e+07,4.15647e+06,6.79999e+06,1.14934e+07,4.07676e+06,6.79999e+06,1.14926e+07,3.98112e+06,6.79999e+06,1.14916e+07,3.86765e+06,6.79999e+06,1.14905e+07,3.73474e+06,6.79999e+06,1.14892e+07,3.58148e+06,6.79999e+06,1.14878e+07,3.40785e+06,6.79999e+06,1.14862e+07,3.21513e+06,6.79999e+06,1.14844e+07,3.00605e+06,6.79999e+06,1.14823e+07,2.7848e+06,6.79999e+06,1.148e+07,2.5568e+06,6.79999e+06,1.14773e+07,2.32825e+06,6.79999e+06,13.5742,8.52444,0.508366,16.8306,13.2585,0.162638,20.0035,17.569,0.0507846,23.2616,22.4214,0.0158319,26.7328,28.3297,0.00493498,30.5212,35.6974,0.00153831,34.7178,44.9473,0.000479527,39.4086,56.5822,0.000149456,44.6796,71.2245,4.66214e-05,50.6209,89.6543,1.45419e-05,57.3297,112.852,4.54748e-06,64.9129,142.051,1.43857e-06,73.4897,178.803,4.36618e-07,83.1934,225.062,1.40153e-07,94.1745,283.286,4.96378e-08,106.602,356.568,1.05434e-07,120.669,448.799,-6.49244e-08,136.59,564.873,1.70148e-07,154.611,710.948,-5.34594e-08,175.008,894.767,1.63407e-07,198.097,1126.06,8.04804e-08,224.231,1417.07,1.14667e-07,253.813,1783.15,-1.71227e-07,287.297,2243.62,-2.88466e-07,325.198,2822.67,-4.33651e-07,368.098,3550.67,7.9318e-08,416.657,4465.65,3.13319e-07,471.621,5615.16,3.4613e-07,533.835,7058.61,-1.19199e-07,604.255,8870.02,-2.79964e-07,683.962,11141.4,-2.30521e-07,774.182,13986.7,-2.55099e-07,876.299,17546.4,1.23585e-07,991.883,21993.1,1.41192e-07,1122.71,27536.7,-9.71886e-08,1270.78,34430.7,-3.68368e-07,1438.38,42977.7,-3.45379e-07,1628.07,53532.7,-3.25328e-09,1842.77,66504.6,2.6362e-07,2085.77,82350.2,2.53445e-07,2360.79,101560,-2.47407e-08,2672.05,124632,-3.80602e-07,3024.31,152018,-4.79005e-07,3422.98,184060,-1.14379e-07,3874.15,220884,2.64297e-07,4384.72,262283,3.44131e-07,4962.49,307576,7.5349e-08,5616.29,355497,-3.63097e-07,6356.1,404126,-6.05442e-07,7193.18,450932,-2.72333e-07,8140.28,492963,2.29675e-07,9211.79,527178,4.3387e-07,10424,550893,-1.0711e-07,10.102,8.06553,2.81012,10.6436,8.57909,0.869423,11.5336,10.2515,0.270869,12.7211,12.7138,0.0844293,14.1823,15.9373,0.0263173,15.9122,20.0383,0.0082035,17.9198,25.2154,0.00255722,20.2244,31.7373,0.000797017,22.8539,39.9486,0.000248622,25.8438,50.2851,7.75492e-05,29.237,63.2963,2.42508e-05,33.0837,79.6738,7.67162e-06,37.4415,100.288,2.32837e-06,42.3767,126.236,7.33e-07,47.9646,158.896,2.79256e-07,54.2906,200.003,9.87351e-09,61.452,251.741,1.61085e-07,69.5585,316.859,-2.47141e-07,78.7347,398.812,8.93552e-08,89.1218,501.948,-2.53231e-07,100.879,631.736,-1.25047e-07,114.188,795.049,-1.78808e-07,129.252,1000.53,2.6733e-07,146.304,1259.03,4.50292e-07,165.605,1584.19,6.76904e-07,187.452,1993.12,-1.23808e-07,212.181,2507.27,-4.89068e-07,240.173,3153.54,-5.40284e-07,271.856,3965.56,1.86061e-07,307.719,4985.38,4.37004e-07,348.313,6265.4,3.59828e-07,394.26,7870.83,3.98192e-07,446.268,9882.51,-1.92908e-07,505.135,12400.3,-2.20392e-07,571.766,15546.9,1.51705e-07,647.184,19472.2,5.74996e-07,732.547,24357.4,5.39112e-07,829.167,30420,5.07815e-09,938.526,37916.3,-4.11492e-07,1062.3,47143.9,-3.9561e-07,1202.4,58439.2,3.86185e-08,1360.96,72169.3,5.94093e-07,1540.42,88715.8,7.47693e-07,1743.53,108445,1.78537e-07,1973.41,131665,-4.12549e-07,2233.57,158557,-5.37164e-07,2528,189103,-1.17615e-07,2861.2,222986,5.66769e-07,3238.27,259510,9.45053e-07,3664.97,297540,4.25093e-07,4147.81,335497,-3.58506e-07,4694.17,371444,-6.7724e-07,5312.37,403256,1.67192e-07,1.61744,3.89446,9.84394,3.28846,7.5504,12.774,5.07607,11.7187,13.6844,7.03202,16.8147,13.9681,9.20215,23.1769,14.0566,11.6301,31.1672,14.0841,14.3598,41.2186,14.0927,17.4376,53.8688,14.0954,20.9137,69.7915,14.0962,24.8432,89.8341,14.0965,29.2879,115.063,14.0966,34.3168,146.819,14.0966,40.0078,186.792,14.0966,46.4487,237.107,14.0966,53.7388,300.44,14.0966,61.9903,380.158,14.0966,71.3301,480.499,14.0966,81.902,606.796,14.0966,93.8685,765.761,14.0966,107.414,965.837,14.0966,122.746,1217.65,14.0966,140.101,1534.57,14.0966,159.745,1933.41,14.0966,181.981,2435.3,14.0966,207.15,3066.85,14.0966,235.64,3861.46,14.0966,267.889,4861.11,14.0966,304.391,6118.54,14.0966,345.709,7699.91,14.0966,392.478,9688.22,14.0966,445.417,12187.5,14.0966,505.339,15327.7,14.0966,573.165,19271.6,14.0966,649.938,24222,14.0966,736.839,30430.9,14.0966,835.202,38211.5,14.0966,946.539,47950.3,14.0966,1072.56,60122.8,14.0966,1215.21,75309.9,14.0966,1376.66,94216.2,14.0966,1559.41,117688,14.0966,1766.26,146729,14.0966,2000.39,182510,14.0966,2265.39,226372,14.0966,2565.33,279806,14.0966,2904.81,344416,14.0966,3289.05,421845,14.0966,3723.93,513667,14.0966,4216.13,621231,14.0966,4773.18,745478,14.0966,5403.64,886744,14.0966,6117.15,1.04457e+06,14.0966,6924.63,1.2176e+06,14.0966,11.7194,11.96,12.6541,13.9321,16.1295,13.6434,16.6097,21.9702,13.9553,19.7532,29.5285,14.0526,23.3844,39.1143,14.0829,27.5423,51.2054,14.0923,32.2796,66.434,14.0953,37.662,85.6061,14.0962,43.7675,109.74,14.0965,50.687,140.119,14.0966,58.5249,178.359,14.0966,67.4005,226.493,14.0966,77.4493,287.08,14.0966,88.8254,363.343,14.0966,101.703,459.336,14.0966,116.281,580.161,14.0966,132.782,732.241,14.0966,151.46,923.655,14.0966,172.603,1164.57,14.0966,196.535,1467.79,14.0966,223.625,1849.39,14.0966,254.288,2329.62,14.0966,288.997,2933.93,14.0966,328.285,3694.33,14.0966,372.755,4651.04,14.0966,423.092,5854.57,14.0966,480.07,7368.38,14.0966,544.564,9272.08,14.0966,617.566,11665.5,14.0966,700.197,14673.6,14.0966,793.729,18452.9,14.0966,899.599,23198.6,14.0966,1019.43,29154.1,14.0966,1155.07,36622.3,14.0966,1308.6,45977.9,14.0966,1482.39,57683.7,14.0966,1679.09,72307.8,14.0966,1901.73,90542.8,14.0966,2153.73,113226,14.0966,2438.97,141360,14.0966,2761.81,176127,14.0966,3127.22,218898,14.0966,3540.81,271226,14.0966,4008.92,334817,14.0966,4538.74,411470,14.0966,5138.38,502973,14.0966,5817.04,610948,14.0966,6585.12,736653,14.0966,7454.39,880741,14.0966,8438.15,1.04302e+06,14.0966,9551.45,1.22224e+06,14.0966,10811.3,1.41602e+06,14.0966,12237,1.62086e+06,14.0966,11.7194,11.96,12.6541,2.21263,4.16949,0.989383,2.67766,5.84076,0.311842,3.14343,7.55825,0.0972771,3.63127,9.58578,0.0303237,4.15787,12.0912,0.00945211,4.73731,15.2286,0.00294633,5.38238,19.1721,0.000918508,6.10553,24.134,0.000286163,6.91951,30.3791,8.92692e-05,7.83792,38.2397,2.78121e-05,8.87555,48.1338,8.65134e-06,10.0489,60.5876,2.7882e-06,11.3761,76.2629,8.29036e-07,12.8779,95.9927,2.4373e-07,14.5775,120.825,4.33068e-09,16.5012,152.08,1.75749e-07,18.6784,191.415,-1.86328e-07,21.1428,240.917,1.91829e-07,23.9322,303.213,-1.81475e-07,27.0895,381.602,7.0186e-08,30.6634,480.231,-2.86769e-08,34.7087,604.316,2.40784e-07,39.2876,760.401,9.87368e-08,44.4705,956.705,1.22263e-07,50.3371,1203.54,-4.31966e-07,56.9776,1513.81,-1.9705e-07,64.494,1903.69,-2.763e-08,73.0018,2393.4,3.9185e-07,82.6317,3008.13,1.35379e-07,93.5318,3779.25,-4.16351e-08,105.869,4745.7,2.06965e-08,119.834,5955.6,-3.18887e-07,135.641,7468.12,-1.48271e-08,153.531,9355.62,2.00739e-07,173.781,11705.8,2.28358e-07,196.701,14624.1,-1.93587e-08,222.642,18235,-2.88101e-07,252.003,22683.4,-2.24732e-07,285.234,28134,8.56806e-09,322.845,34767,2.34258e-07,365.413,42770.9,2.99668e-07,413.588,52327.9,8.28644e-08,468.111,63591.2,-3.07049e-07,529.814,76653.2,-3.1888e-07,599.642,91502.5,-6.72276e-08,678.662,107975,2.26339e-07,768.083,125705,3.69212e-07,869.267,144088,2.04077e-07,983.76,162277,-2.80509e-07,1113.3,179223,-4.22737e-07,1259.87,193777,-1.71951e-07,1425.68,204839,4.55555e-07,11.7194,11.96,12.6541,2.21263,4.16949,0.989383,2.67766,5.84076,0.311842,3.14343,7.55825,0.0972771,3.63127,9.58578,0.0303237,4.15787,12.0912,0.00945211,4.73731,15.2286,0.00294633,5.38238,19.1721,0.000918508,6.10553,24.134,0.000286163,6.91951,30.3791,8.92692e-05,7.83792,38.2397,2.78121e-05,8.87555,48.1338,8.65134e-06,10.0489,60.5876,2.7882e-06,11.3761,76.2629,8.29036e-07,12.8779,95.9927,2.4373e-07,14.5775,120.825,1e-08,16.5012,152.08,1.75749e-07,18.6784,191.415,1e-08,21.1428,240.917,1.91829e-07,23.9322,303.213,1e-08,27.0895,381.602,7.0186e-08,30.6634,480.231,1e-08,34.7087,604.316,2.40784e-07,39.2876,760.401,9.87368e-08,44.4705,956.705,1.22263e-07,50.3371,1203.54,1e-08,56.9776,1513.81,1e-08,64.494,1903.69,1e-08,73.0018,2393.4,3.9185e-07,82.6317,3008.13,1.35379e-07,93.5318,3779.25,1e-08,105.869,4745.7,2.06965e-08,119.834,5955.6,1e-08,135.641,7468.12,1e-08,153.531,9355.62,2.00739e-07,173.781,11705.8,2.28358e-07,196.701,14624.1,1e-08,222.642,18235,1e-08,252.003,22683.4,1e-08,285.234,28134,1e-08,322.845,34767,2.34258e-07,365.413,42770.9,2.99668e-07,413.588,52327.9,8.28644e-08,468.111,63591.2,1e-08,529.814,76653.2,1e-08,599.642,91502.5,1e-08,678.662,107975,2.26339e-07,768.083,125705,3.69212e-07,869.267,144088,2.04077e-07,983.76,162277,1e-08,1113.3,179223,1e-08,1259.87,193777,1e-08,1425.68,204839,4.55555e-07,6.2823,3.27286,2.43537,0.219672,6.18826,2.24117,0.56371,6.87772,2.63624,0.308279,9,17,8,3,2,3,3,5,3,4,13,0,6,12,0,5,21,0,2,16,0,2,14,0,6,22,0,7,43,0,12,17,0,16,46,0,8,51,0,10,70,0,19,39,0,19,136,0,6,81,0,11,191,0,23,384,0,22,239,0,21,96,0,32,554,0,23,413,0,34,666,0,78,774,0,49,365,0,92,1079,0,66,1837,0,33,2018,0,96,4240,0,64,2498,0,106,3203,0,239,4488,0,174,9848,0,235,15588,0,60,17017,0,138,11501,0,264,19254,0,376,29214,0,408,57082,0,160,37504,0,272,82873,0,403,49771,0,542,113774,0,417,53671,0,654,113313,0,425,115601,0,1531,121500,0,680,81153,0,471,65389,0,799,213047,0,746,230153,0,987,262484,0
-1.05176e+08,1,8.88811e-15,10,1023,0,1.05176e+08,0.528882,1.08665,0.389689,0.145397,0.379329,3.24381,0.161596,0.446195,1.77396,0.159177,1.15e+07,4.49998e+06,6.79999e+06,1.15e+07,4.49997e+06,6.79999e+06,1.15e+07,4.49996e+06,6.79999e+06,1.15e+07,4.49995e+06,6.79999e+06,1.14999e+07,4.49993e+06,6.79999e+06,1.14999e+07,4.49991e+06,6.79999e+06,1.14999e+07,4.49989e+06,6.79999e+06,1.14999e+07,4.49986e+06,6.79999e+06,1.14999e+07,4.49982e+06,6.79999e+06,1.14999e+07,4.49977e+06,6.79999e+06,1.14999e+07,4.49971e+06,6.79999e+06,1.14999e+07,4.49963e+06,6.79999e+06,1.14998e+07,4.49953e+06,6.79999e+06,1.14998e+07,4.49941e+06,6.79999e+06,1.14998e+07,4.49926e+06,6.79999e+06,1.14998e+07,4.49906e+06,6.79999e+06,1.14997e+07,4.49882e+06,6.79999e+06,1.14997e+07,4.49851e+06,6.79999e+06,1.14997e+07,4.49812e+06,6.79999e+06,1.14996e+07,4.49764e+06,6.79999e+06,1.14996e+07,4.49702e+06,6.79999e+06,1.14995e+07,4.49625e+06,6.79999e+06,1.14995e+07,4.49528e+06,6.79999e+06,1.14994e+07,4.49406e+06,6.79999e+06,1.14993e+07,4.49253e+06,6.79999e+06,1.14992e+07,4.49059e+06,6.79999e+06,1.14991e+07,4.48817e+06,6.79999e+06,1.1499e+07,4.48511e+06,6.79999e+06,1.14988e+07,4.48128e+06,6.79999e+06,1.14987e+07,4.47646e+06,6.79999e+06,1.14985e+07,4.47041e+06,6.79999e+06,1.14983e+07,4.46281e+06,6.79999e+06,1.14981e+07,4.4533e+06,6.79999e+06,1.14979e+07,4.44138e+06,6.79999e+06,1.14976e+07,4.42649e+06,6.79999e+06,1.14972e+07,4.40789e+06,6.79999e+06,1.14969e+07,4.38471e+06,6.79999e+06,1.14965e+07,4.35592e+06,6.79999e+06,1.1496e+07,4.32027e+06,6.79999e+06,1.14955e+07,4.27629e+06,6.79999e+06,1.14949e+07,4.22231e+06,6.79999e+06,1.14942e+07,4.15647e+06,6.79999e+06,1.14934e+07,4.07676e+06,6.79999e+06,1.14926e+07,3.98112e+06,6.79999e+06,1.14916e+07,3.86765e+06,6.79999e+06,1.14905e+07,3.73474e+06,6.79999e+06,1.14892e+07,3.58148e+06,6.79999e+06,1.14878e+07,3.40785e+06,6.79999e+06,1.14862e+07,3.21513e+06,6.79999e+06,1.14844e+07,3.00605e+06,6.79999e+06,1.14823e+07,2.7848e+06,6.79999e+06,1.148e+07,2.5568e+06,6.79999e+06,1.14773e+07,2.32825e+06,6.79999e+06,13.5742,8.52444,0.508366,16.8306,13.2585,0.162638,20.0035,17.569,0.0507846,23.2616,22.4214,0.0158319,26.7328,28.3297,0.00493498,30.5212,35.6974,0.00153831,34.7178,44.9473,0.000479527,39.4086,56.5822,0.000149456,44.6796,71.2245,4.66214e-05,50.6209,89.6543,1.45419e-05,57.3297,112.852,4.54748e-06,64.9129,142.051,1.43857e-06,73.4897,178.803,4.36618e-07,83.1934,225.062,1.40153e-07,94.1745,283.286,4.96378e-08,106.602,356.568,1.05434e-07,120.669,448.799,-6.49244e-08,136.59,564.873,1.70148e-07,154.611,710.948,-5.34594e-08,175.008,894.767,1.63407e-07,198.097,1126.06,8.04804e-08,224.231,1417.07,1.14667e-07,253.813,1783.15,-1.71227e-07,287.297,2243.62,-2.88466e-07,325.198,2822.67,-4.33651e-07,368.098,3550.67,7.9318e-08,416.657,4465.65,3.13319e-07,471.621,5615.16,3.4613e-07,533.835,7058.61,-1.19199e-07,604.255,8870.02,-2.79964e-07,683.962,11141.4,-2.30521e-07,774.182,13986.7,-2.55099e-07,876.299,17546.4,1.23585e-07,991.883,21993.1,1.41192e-07,1122.71,27536.7,-9.71886e-08,1270.78,34430.7,-3.68368e-07,1438.38,42977.7,-3.45379e-07,1628.07,53532.7,-3.25328e-09,1842.77,66504.6,2.6362e-07,2085.77,82350.2,2.53445e-07,2360.79,101560,-2.47407e-08,2672.05,124632,-3.80602e-07,3024.31,152018,-4.79005e-07,3422.98,184060,-1.14379e-07,3874.15,220884,2.64297e-07,4384.72,262283,3.44131e-07,4962.49,307576,7.5349e-08,5616.29,355497,-3.63097e-07,6356.1,404126,-6.05442e-07,7193.18,450932,-2.72333e-07,8140.28,492963,2.29675e-07,9211.79,527178,4.3387e-07,10424,550893,-1.0711e-07,10.102,8.06553,2.81012,10.6436,8.57909,0.869423,11.5336,10.2515,0.270869,12.7211,12.7138,0.0844293,14.1823,15.9373,0.0263173,15.9122,20.0383,0.0082035,17.9198,25.2154,0.00255722,20.2244,31.7373,0.000797017,22.8539,39.9486,0.000248622,25.8438,50.2851,7.75492e-05,29.237,63.2963,2.42508e-05,33.0837,79.6738,7.67162e-06,37.4415,100.288,2.32837e-06,42.3767,126.236,7.33e-07,47.9646,158.896,2.79256e-07,54.2906,200.003,9.87351e-09,61.452,251.741,1.61085e-07,69.5585,316.859,-2.47141e-07,78.7347,398.812,8.93552e-08,89.1218,501.948,-2.53231e-07,100.879,631.736,-1.25047e-07,114.188,795.049,-1.78808e-07,129.252,1000.53,2.6733e-07,146.304,1259.03,4.50292e-07,165.605,1584.19,6.76904e-07,187.452,1993.12,-1.23808e-07,212.181,2507.27,-4.89068e-07,240.173,3153.54,-5.40284e-07,271.856,3965.56,1.86061e-07,307.719,4985.38,4.37004e-07,348.313,6265.4,3.59828e-07,394.26,7870.83,3.98192e-07,446.268,9882.51,-1.92908e-07,505.135,12400.3,-2.20392e-07,571.766,15546.9,1.51705e-07,647.184,19472.2,5.74996e-07,732.547,24357.4,5.39112e-07,829.167,30420,5.07815e-09,938.526,37916.3,-4.11492e-07,1062.3,47143.9,-3.9561e-07,1202.4,58439.2,3.86185e-08,1360.96,72169.3,5.94093e-07,1540.42,88715.8,7.47693e-07,1743.53,108445,1.78537e-07,1973.41,131665,-4.12549e-07,2233.57,158557,-5.37164e-07,2528,189103,-1.17615e-07,2861.2,222986,5.66769e-07,3238.27,259510,9.45053e-07,3664.97,297540,4.25093e-07,4147.81,335497,-3.58506e-07,4694.17,371444,-6.7724e-07,5312.37,403256,1.67192e-07,1.61744,3.89446,9.84394,3.28846,7.5504,12.774,5.07607,11.7187,13.6844,7.03202,16.8147,13.9681,9.20215,23.1769,14.0566,11.6301,31.1672,14.0841,14.3598,41.2186,14.0927,17.4376,53.8688,14.0954,20.9137,69.7915,14.0962,24.8432,89.8341,14.0965,29.2879,115.063,14.0966,34.3168,146.819,14.0966,40.0078,186.792,14.0966,46.4487,237.107,14.0966,53.7388,300.44,14.0966,61.9903,380.158,14.0966,71.3301,480.499,14.0966,81.902,606.796,14.0966,93.8685,765.761,14.0966,107.414,965.837,14.0966,122.746,1217.65,14.0966,140.101,1534.57,14.0966,159.745,1933.41,14.0966,181.981,2435.3,14.0966,207.15,3066.85,14.0966,235.64,3861.46,14.0966,267.889,4861.11,14.0966,304.391,6118.54,14.0966,345.709,7699.91,14.0966,392.478,9688.22,14.0966,445.417,12187.5,14.0966,505.339,15327.7,14.0966,573.165,19271.6,14.0966,649.938,24222,14.0966,736.839,30430.9,14.0966,835.202,38211.5,14.0966,946.539,47950.3,14.0966,1072.56,60122.8,14.0966,1215.21,75309.9,14.0966,1376.66,94216.2,14.0966,1559.41,117688,14.0966,1766.26,146729,14.0966,2000.39,182510,14.0966,2265.39,226372,14.0966,2565.33,279806,14.0966,2904.81,344416,14.0966,3289.05,421845,14.0966,3723.93,513667,14.0966,4216.13,621231,14.0966,4773.18,745478,14.0966,5403.64,886744,14.0966,6117.15,1.04457e+06,14.0966,6924.63,1.2176e+06,14.0966,11.7194,11.96,12.6541,13.9321,16.1295,13.6434,16.6097,21.9702,13.9553,19.7532,29.5285,14.0526,23.3844,39.1143,14.0829,27.5423,51.2054,14.0923,32.2796,66.434,14.0953,37.662,85.6061,14.0962,43.7675,109.74,14.0965,50.687,140.119,14.0966,58.5249,178.359,14.0966,67.4005,226.493,14.0966,77.4493,287.08,14.0966,88.8254,363.343,14.0966,101.703,459.336,14.0966,116.281,580.161,14.0966,132.782,732.241,14.0966,151.46,923.655,14.0966,172.603,1164.57,14.0966,196.535,1467.79,14.0966,223.625,1849.39,14.0966,254.288,2329.62,14.0966,288.997,2933.93,14.0966,328.285,3694.33,14.0966,372.755,4651.04,14.0966,423.092,5854.57,14.0966,480.07,7368.38,14.0966,544.564,9272.08,14.0966,617.566,11665.5,14.0966,700.197,14673.6,14.0966,793.729,18452.9,14.0966,899.599,23198.6,14.0966,1019.43,29154.1,14.0966,1155.07,36622.3,14.0966,1308.6,45977.9,14.0966,1482.39,57683.7,14.0966,1679.09,72307.8,14.0966,1901.73,90542.8,14.0966,2153.73,113226,14.0966,2438.97,141360,14.0966,2761.81,176127,14.0966,3127.22,218898,14.0966,3540.81,271226,14.0966,4008.92,334817,14.0966,4538.74,411470,14.0966,5138.38,502973,14.0966,5817.04,610948,14.0966,6585.12,736653,14.0966,7454.39,880741,14.0966,8438.15,1.04302e+06,14.0966,9551.45,1.22224e+06,14.0966,10811.3,1.41602e+06,14.0966,12237,1.62086e+06,14.0966,11.7194,11.96,12.6541,2.21263,4.16949,0.989383,2.67766,5.84076,0.311842,3.14343,7.55825,0.0972771,3.63127,9.58578,0.0303237,4.15787,12.0912,0.00945211,4.73731,15.2286,0.00294633,5.38238,19.1721,0.000918508,6.10553,24.134,0.000286163,6.91951,30.3791,8.92692e-05,7.83792,38.2397,2.78121e-05,8.87555,48.1338,8.65134e-06,10.0489,60.5876,2.7882e-06,11.3761,76.2629,8.29036e-07,12.8779,95.9927,2.4373e-07,14.5775,120.825,4.33068e-09,16.5012,152.08,1.75749e-07,18.6784,191.415,-1.86328e-07,21.1428,240.917,1.91829e-07,23.9322,303.213,-1.81475e-07,27.0895,381.602,7.0186e-08,30.6634,480.231,-2.86769e-08,34.7087,604.316,2.40784e-07,39.2876,760.401,9.87368e-08,44.4705,956.705,1.22263e-07,50.3371,1203.54,-4.31966e-07,56.9776,1513.81,-1.9705e-07,64.494,1903.69,-2.763e-08,73.0018,2393.4,3.9185e-07,82.6317,3008.13,1.35379e-07,93.5318,3779.25,-4.16351e-08,105.869,4745.7,2.06965e-08,119.834,5955.6,-3.18887e-07,135.641,7468.12,-1.48271e-08,153.531,9355.62,2.00739e-07,173.781,11705.8,2.28358e-07,196.701,14624.1,-1.93587e-08,222.642,18235,-2.88101e-07,252.003,22683.4,-2.24732e-07,285.234,28134,8.56806e-09,322.845,34767,2.34258e-07,365.413,42770.9,2.99668e-07,413.588,52327.9,8.28644e-08,468.111,63591.2,-3.07049e-07,529.814,76653.2,-3.1888e-07,599.642,91502.5,-6.72276e-08,678.662,107975,2.26339e-07,768.083,125705,3.69212e-07,869.267,144088,2.04077e-07,983.76,162277,-2.80509e-07,1113.3,179223,-4.22737e-07,1259.87,193777,-1.71951e-07,1425.68,204839,4.55555e-07,11.7194,11.96,12.6541,2.21263,4.16949,0.989383,2.67766,5.84076,0.311842,3.14343,7.55825,0.0972771,3.63127,9.58578,0.0303237,4.15787,12.0912,0.00945211,4.73731,15.2286,0.00294633,5.38238,19.1721,0.000918508,6.10553,24.134,0.000286163,6.91951,30.3791,8.92692e-05,7.83792,38.2397,2.78121e-05,8.87555,48.1338,8.65134e-06,10.0489,60.5876,2.7882e-06,11.3761,76.2629,8.29036e-07,12.8779,95.9927,2.4373e-07,14.5775,120.825,1e-08,16.5012,152.08,1.75749e-07,18.6784,191.415,1e-08,21.1428,240.917,1.91829e-07,23.9322,303.213,1e-08,27.0895,381.602,7.0186e-08,30.6634,480.231,1e-08,34.7087,604.316,2.40784e-07,39.2876,760.401,9.87368e-08,44.4705,956.705,1.22263e-07,50.3371,1203.54,1e-08,56.9776,1513.81,1e-08,64.494,1903.69,1e-08,73.0018,2393.4,3.9185e-07,82.6317,3008.13,1.35379e-07,93.5318,3779.25,1e-08,105.869,4745.7,2.06965e-08,119.834,5955.6,1e-08,135.641,7468.12,1e-08,153.531,9355.62,2.00739e-07,173.781,11705.8,2.28358e-07,196.701,14624.1,1e-08,222.642,18235,1e-08,252.003,22683.4,1e-08,285.234,28134,1e-08,322.845,34767,2.34258e-07,365.413,42770.9,2.99668e-07,413.588,52327.9,8.28644e-08,468.111,63591.2,1e-08,529.814,76653.2,1e-08,599.642,91502.5,1e-08,678.662,107975,2.26339e-07,768.083,125705,3.69212e-07,869.267,144088,2.04077e-07,983.76,162277,1e-08,1113.3,179223,1e-08,1259.87,193777,1e-08,1425.68,204839,4.55555e-07,6.2823,3.27286,2.43537,0.219672,6.18826,2.24117,0.56371,6.87772,2.63624,0.308279,12,25,8,3,5,0,4,2,0,1,7,0,5,9,0,6,11,0,3,17,0,5,6,0,4,20,0,11,58,0,17,59,0,7,61,0,8,78,0,16,123,0,12,164,0,9,98,0,29,186,0,22,260,0,18,373,0,28,246,0,18,552,0,21,407,0,46,789,0,45,973,0,49,557,0,30,767,0,81,1010,0,41,1437,0,58,3641,0,64,3329,0,107,4727,0,72,3773,0,162,6791,0,90,5485,0,156,11177,0,132,9258,0,191,24753,0,328,10155,0,229,10767,0,155,23193,0,312,19805,0,647,21670,0,228,81178,0,386,69433,0,638,52564,0,677,111617,0,441,227116,0,666,188544,0,1036,98917,0,1043,222406,0,720,88704,0,1327,97797,0,2282,55228,0
-1.05176e+08,1,8.88811e-15,10,1023,0,1.05176e+08,0.528882,1.08665,0.389689,0.145397,0.379329,3.24381,0.161596,0.446195,1.77396,0.159177,1.15e+07,4.49998e+06,6.79999e+06,1.15e+07,4.49997e+06,6.79999e+06,1.15e+07,4.49996e+06,6.79999e+06,1.15e+07,4.49995e+06,6.79999e+06,1.14999e+07,4.49993e+06,6.79999e+06,1.14999e+07,4.49991e+06,6.79999e+06,1.14999e+07,4.49989e+06,6.79999e+06,1.14999e+07,4.49986e+06,6.79999e+06,1.14999e+07,4.49982e+06,6.79999e+06,1.14999e+07,4.49977e+06,6.79999e+06,1.14999e+07,4.49971e+06,6.79999e+06,1.14999e+07,4.49963e+06,6.79999e+06,1.14998e+07,4.49953e+06,6.79999e+06,1.14998e+07,4.49941e+06,6.79999e+06,1.14998e+07,4.49926e+06,6.79999e+06,1.14998e+07,4.49906e+06,6.79999e+06,1.14997e+07,4.49882e+06,6.79999e+06,1.14997e+07,4.49851e+06,6.79999e+06,1.14997e+07,4.49812e+06,6.79999e+06,1.14996e+07,4.49764e+06,6.79999e+06,1.14996e+07,4.49702e+06,6.79999e+06,1.14995e+07,4.49625e+06,6.79999e+06,1.14995e+07,4.49528e+06,6.79999e+06,1.14994e+07,4.49406e+06,6.79999e+06,1.14993e+07,4.49253e+06,6.79999e+06,1.14992e+07,4.49059e+06,6.79999e+06,1.14991e+07,4.48817e+06,6.79999e+06,1.1499e+07,4.48511e+06,6.79999e+06,1.14988e+07,4.48128e+06,6.79999e+06,1.14987e+07,4.47646e+06,6.79999e+06,1.14985e+07,4.47041e+06,6.79999e+06,1.14983e+07,4.46281e+06,6.79999e+06,1.14981e+07,4.4533e+06,6.79999e+06,1.14979e+07,4.44138e+06,6.79999e+06,1.14976e+07,4.42649e+06,6.79999e+06,1.14972e+07,4.40789e+06,6.79999e+06,1.14969e+07,4.38471e+06,6.79999e+06,1.14965e+07,4.35592e+06,6.79999e+06,1.1496e+07,4.32027e+06,6.79999e+06,1.14955e+07,4.27629e+06,6.79999e+06,1.14949e+07,4.22231e+06,6.79999e+06,1.14942e+07,4.15647e+06,6.79999e+06,1.14934e+07,4.07676e+06,6.79999e+06,1.14926e+07,3.98112e+06,6.79999e+06,1.14916e+07,3.86765e+06,6.79999e+06,1.14905e+07,3.73474e+06,6.79999e+06,1.14892e+07,3.58148e+06,6.79999e+06,1.14878e+07,3.40785e+06,6.79999e+06,1.14862e+07,3.21513e+06,6.79999e+06,1.14844e+07,3.00605e+06,6.79999e+06,1.14823e+07,2.7848e+06,6.79999e+06,1.148e+07,2.5568e+06,6.79999e+06,1.14773e+07,2.32825e+06,6.79999e+06,13.5742,8.52444,0.508366,16.8306,13.2585,0.162638,20.0035,17.569,0.0507846,23.2616,22.4214,0.0158319,26.7328,28.3297,0.00493498,30.5212,35.6974,0.00153831,34.7178,44.9473,0.000479527,39.4086,56.5822,0.000149456,44.6796,71.2245,4.66214e-05,50.6209,89.6543,1.45419e-05,57.3297,112.852,4.54748e-06,64.9129,142.051,1.43857e-06,73.4897,178.803,4.36618e-07,83.1934,225.062,1.40153e-07,94.1745,283.286,4.96378e-08,106.602,356.568,1.05434e-07,120.669,448.799,-6.49244e-08,136.59,564.873,1.70148e-07,154.611,710.948,-5.34594e-08,175.008,894.767,1.63407e-07,198.097,1126.06,8.04804e-08,224.231,1417.07,1.14667e-07,253.813,1783.15,-1.71227e-07,287.297,2243.62,-2.88466e-07,325.198,2822.67,-4.33651e-07,368.098,3550.67,7.9318e-08,416.657,4465.65,3.13319e-07,471.621,5615.16,3.4613e-07,533.835,7058.61,-1.19199e-07,604.255,8870.02,-2.79964e-07,683.962,11141.4,-2.30521e-07,774.182,13986.7,-2.55099e-07,876.299,17546.4,1.23585e-07,991.883,21993.1,1.41192e-07,1122.71,27536.7,-9.71886e-08,1270.78,34430.7,-3.68368e-07,1438.38,42977.7,-3.45379e-07,1628.07,53532.7,-3.25328e-09,1842.77,66504.6,2.6362e-07,2085.77,82350.2,2.53445e-07,2360.79,101560,-2.47407e-08,2672.05,124632,-3.80602e-07,3024.31,152018,-4.79005e-07,3422.98,184060,-1.14379e-07,3874.15,220884,2.64297e-07,4384.72,262283,3.44131e-07,4962.49,307576,7.5349e-08,5616.29,355497,-3.63097e-07,6356.1,404126,-6.05442e-07,7193.18,450932,-2.72333e-07,8140.28,492963,2.29675e-07,9211.79,527178,4.3387e-07,10424,550893,-1.0711e-07,10.102,8.06553,2.81012,10.6436,8.57909,0.869423,11.5336,10.2515,0.270869,12.7211,12.7138,0.0844293,14.1823,15.9373,0.0263173,15.9122,20.0383,0.0082035,17.9198,25.2154,0.00255722,20.2244,31.7373,0.000797017,22.8539,39.9486,0.000248622,25.8438,50.2851,7.75492e-05,29.237,63.2963,2.42508e-05,33.0837,79.6738,7.67162e-06,37.4415,100.288,2.32837e-06,42.3767,126.236,7.33e-07,47.9646,158.896,2.79256e-07,54.2906,200.003,9.87351e-09,61.452,251.741,1.61085e-07,69.5585,316.859,-2.47141e-07,78.7347,398.812,8.93552e-08,89.1218,501.948,-2.53231e-07,100.879,631.736,-1.25047e-07,114.188,795.049,-1.78808e-07,129.252,1000.53,2.6733e-07,146.304,1259.03,4.50292e-07,165.605,1584.19,6.76904e-07,187.452,1993.12,-1.23808e-07,212.181,2507.27,-4.89068e-07,240.173,3153.54,-5.40284e-07,271.856,3965.56,1.86061e-07,307.719,4985.38,4.37004e-07,348.313,6265.4,3.59828e-07,394.26,7870.83,3.98192e-07,446.268,9882.51,-1.92908e-07,505.135,12400.3,-2.20392e-07,571.766,15546.9,1.51705e-07,647.184,19472.2,5.74996e-07,732.547,24357.4,5.39112e-07,829.167,30420,5.07815e-09,938.526,37916.3,-4.11492e-07,1062.3,47143.9,-3.9561e-07,1202.4,58439.2,3.86185e-08,1360.96,72169.3,5.94093e-07,1540.42,88715.8,7.47693e-07,1743.53,108445,1.78537e-07,1973.41,131665,-4.12549e-07,2233.57,158557,-5.37164e-07,2528,189103,-1.17615e-07,2861.2,222986,5.66769e-07,3238.27,259510,9.45053e-07,3664.97,297540,4.25093e-07,4147.81,335497,-3.58506e-07,4694.17,371444,-6.7724e-07,5312.37,403256,1.67192e-07,1.61744,3.89446,9.84394,3.28846,7.5504,12.774,5.07607,11.7187,13.6844,7.03202,16.8147,13.9681,9.20215,23.1769,14.0566,11.6301,31.1672,14.0841,14.3598,41.2186,14.0927,17.4376,53.8688,14.0954,20.9137,69.7915,14.0962,24.8432,89.8341,14.0965,29.2879,115.063,14.0966,34.3168,146.819,14.0966,40.0078,186.792,14.0966,46.4487,237.107,14.0966,53.7388,300.44,14.0966,61.9903,380.158,14.0966,71.3301,480.499,14.0966,81.902,606.796,14.0966,93.8685,765.761,14.0966,107.414,965.837,14.0966,122.746,1217.65,14.0966,140.101,1534.57,14.0966,159.745,1933.41,14.0966,181.981,2435.3,14.0966,207.15,3066.85,14.0966,235.64,3861.46,14.0966,267.889,4861.11,14.0966,304.391,6118.54,14.0966,345.709,7699.91,14.0966,392.478,9688.22,14.0966,445.417,12187.5,14.0966,505.339,15327.7,14.0966,573.165,19271.6,14.0966,649.938,24222,14.0966,736.839,30430.9,14.0966,835.202,38211.5,14.0966,946.539,47950.3,14.0966,1072.56,60122.8,14.0966,1215.21,75309.9,14.0966,1376.66,94216.2,14.0966,1559.41,117688,14.0966,1766.26,146729,14.0966,2000.39,182510,14.0966,2265.39,226372,14.0966,2565.33,279806,14.0966,2904.81,344416,14.0966,3289.05,421845,14.0966,3723.93,513667,14.0966,4216.13,621231,14.0966,4773.18,745478,14.0966,5403.64,886744,14.0966,6117.15,1.04457e+06,14.0966,6924.63,1.2176e+06,14.0966,11.7194,11.96,12.6541,13.9321,16.1295,13.6434,16.6097,21.9702,13.9553,19.7532,29.5285,14.0526,23.3844,39.1143,14.0829,27.5423,51.2054,14.0923,32.2796,66.434,14.0953,37.662,85.6061,14.0962,43.7675,109.74,14.0965,50.687,140.119,14.0966,58.5249,178.359,14.0966,67.4005,226.493,14.0966,77.4493,287.08,14.0966,88.8254,363.343,14.0966,101.703,459.336,14.0966,116.281,580.161,14.0966,132.782,732.241,14.0966,151.46,923.655,14.0966,172.603,1164.57,14.0966,196.535,1467.79,14.0966,223.625,1849.39,14.0966,254.288,2329.62,14.0966,288.997,2933.93,14.0966,328.285,3694.33,14.0966,372.755,4651.04,14.0966,423.092,5854.57,14.0966,480.07,7368.38,14.0966,544.564,9272.08,14.0966,617.566,11665.5,14.0966,700.197,14673.6,14.0966,793.729,18452.9,14.0966,899.599,23198.6,14.0966,1019.43,29154.1,14.0966,1155.07,36622.3,14.0966,1308.6,45977.9,14.0966,1482.39,57683.7,14.0966,1679.09,72307.8,14.0966,1901.73,90542.8,14.0966,2153.73,113226,14.0966,2438.97,141360,14.0966,2761.81,176127,14.0966,3127.22,218898,14.0966,3540.81,271226,14.0966,4008.92,334817,14.0966,4538.74,411470,14.0966,5138.38,502973,14.0966,5817.04,610948,14.0966,6585.12,736653,14.0966,7454.39,880741,14.0966,8438.15,1.04302e+06,14.0966,9551.45,1.22224e+06,14.0966,10811.3,1.41602e+06,14.0966,12237,1.62086e+06,14.0966,11.7194,11.96,12.6541,2.21263,4.16949,0.989383,2.67766,5.84076,0.311842,3.14343,7.55825,0.0972771,3.63127,9.58578,0.0303237,4.15787,12.0912,0.00945211,4.73731,15.2286,0.00294633,5.38238,19.1721,0.000918508,6.10553,24.134,0.000286163,6.91951,30.3791,8.92692e-05,7.83792,38.2397,2.78121e-05,8.87555,48.1338,8.65134e-06,10.0489,60.5876,2.7882e-06,11.3761,76.2629,8.29036e-07,12.8779,95.9927,2.4373e-07,14.5775,120.825,4.33068e-09,16.5012,152.08,1.75749e-07,18.6784,191.415,-1.86328e-07,21.1428,240.917,1.91829e-07,23.9322,303.213,-1.81475e-07,27.0895,381.602,7.0186e-08,30.6634,480.231,-2.86769e-08,34.7087,604.316,2.40784e-07,39.2876,760.401,9.87368e-08,44.4705,956.705,1.22263e-07,50.3371,1203.54,-4.31966e-07,56.9776,1513.81,-1.9705e-07,64.494,1903.69,-2.763e-08,73.0018,2393.4,3.9185e-07,82.6317,3008.13,1.35379e-07,93.5318,3779.25,-4.16351e-08,105.869,4745.7,2.06965e-08,119.834,5955.6,-3.18887e-07,135.641,7468.12,-1.48271e-08,153.531,9355.62,2.00739e-07,173.781,11705.8,2.28358e-07,196.701,14624.1,-1.93587e-08,222.642,18235,-2.88101e-07,252.003,22683.4,-2.24732e-07,285.234,28134,8.56806e-09,322.845,34767,2.34258e-07,365.413,42770.9,2.99668e-07,413.588,52327.9,8.28644e-08,468.111,63591.2,-3.07049e-07,529.814,76653.2,-3.1888e-07,599.642,91502.5,-6.72276e-08,678.662,107975,2.26339e-07,768.083,125705,3.69212e-07,869.267,144088,2.04077e-07,983.76,162277,-2.80509e-07,1113.3,179223,-4.22737e-07,1259.87,193777,-1.71951e-07,1425.68,204839,4.55555e-07,11.7194,11.96,12.6541,2.21263,4.16949,0.989383,2.67766,5.84076,0.311842,3.14343,7.55825,0.0972771,3.63127,9.58578,0.0303237,4.15787,12.0912,0.00945211,4.73731,15.2286,0.00294633,5.38238,19.1721,0.000918508,6.10553,24.134,0.000286163,6.91951,30.3791,8.92692e-05,7.83792,38.2397,2.78121e-05,8.87555,48.1338,8.65134e-06,10.0489,60.5876,2.7882e-06,11.3761,76.2629,8.29036e-07,12.8779,95.9927,2.4373e-07,14.5775,120.825,1e-08,16.5012,152.08,1.75749e-07,18.6784,191.415,1e-08,21.1428,240.917,1.91829e-07,23.9322,303.213,1e-08,27.0895,381.602,7.0186e-08,30.6634,480.231,1e-08,34.7087,604.316,2.40784e-07,39.2876,760.401,9.87368e-08,44.4705,956.705,1.22263e-07,50.3371,1203.54,1e-08,56.9776,1513.81,1e-08,64.494,1903.69,1e-08,73.0018,2393.4,3.9185e-07,82.6317,3008.13,1.35379e-07,93.5318,3779.25,1e-08,105.869,4745.7,2.06965e-08,119.834,5955.6,1e-08,135.641,7468.12,1e-08,153.531,9355.62,2.00739e-07,173.781,11705.8,2.28358e-07,196.701,14624.1,1e-08,222.642,18235,1e-08,252.003,22683.4,1e-08,285.234,28134,1e-08,322.845,34767,2.34258e-07,365.413,42770.9,2.99668e-07,413.588,52327.9,8.28644e-08,468.111,63591.2,1e-08,529.814,76653.2,1e-08,599.642,91502.5,1e-08,678.662,107975,2.26339e-07,768.083,125705,3.69212e-07,869.267,144088,2.04077e-07,983.76,162277,1e-08,1113.3,179223,1e-08,1259.87,193777,1e-08,1425.68,204839,4.55555e-07,6.2823,3.27286,2.43537,0.219672,6.18826,2.24117,0.56371,6.87772,2.63624,0.308279,8,14,14,3,4,1,7,9,1,7,5,0,4,4,0,3,15,0,4,30,0,10,18,0,7,33,0,7,44,0,5,44,0,7,18,0,2,50,0,9,86,0,20,93,0,13,145,0,17,173,0,18,127,0,26,213,0,24,421,0,31,197,0,39,348,0,43,684,0,35,948,0,34,1158,0,37,1423,0,57,1926,0,41,2667,0,38,3332,0,141,3907,0,62,7901,0,136,4649,0,80,2696,0,142,6775,0,144,11692,0,118,6831,0,268,23100,0,280,32043,0,309,58956,0,557,7490,0,212,26175,0,512,53835,0,406,52283,0,342,60076,0,443,87372,0,903,121011,0,681,164581,0,931,75686,0,1036,173243,0,695,174524,0,294,162195,0,705,331180,0,1436,380399,0
-1.05176e+08,1,8.88811e-15,10,1023,0,1.05176e+08,0.528882,1.08665,0.389689,0.145397,0.379329,3.24381,0.161596,0.446195,1.77396,0.159177,1.15e+07,4.49998e+06,6.79999e+06,1.15e+07,4.49997e+06,6.79999e+06,1.15e+07,4.49996e+06,6.79999e+06,1.15e+07,4.49995e+06,6.79999e+06,1.14999e+07,4.49993e+06,6.79999e+06,1.14999e+07,4.49991e+06,6.79999e+06,1.14999e+07,4.49989e+06,6.79999e+06,1.14999e+07,4.49986e+06,6.79999e+06,1.14999e+07,4.49982e+06,6.79999e+06,1.14999e+07,4.49977e+06,6.79999e+06,1.14999e+07,4.49971e+06,6.79999e+06,1.14999e+07,4.49963e+06,6.79999e+06,1.14998e+07,4.49953e+06,6.79999e+06,1.14998e+07,4.49941e+06,6.79999e+06,1.14998e+07,4.49926e+06,6.79999e+06,1.14998e+07,4.49906e+06,6.79999e+06,1.14997e+07,4.49882e+06,6.79999e+06,1.14997e+07,4.49851e+06,6.79999e+06,1.14997e+07,4.49812e+06,6.79999e+06,1.14996e+07,4.49764e+06,6.79999e+06,1.14996e+07,4.49702e+06,6.79999e+06,1.14995e+07,4.49625e+06,6.79999e+06,1.14995e+07,4.49528e+06,6.79999e+06,1.14994e+07,4.49406e+06,6.79999e+06,1.14993e+07,4.49253e+06,6.79999e+06,1.14992e+07,4.49059e+06,6.79999e+06,1.14991e+07,4.48817e+06,6.79999e+06,1.1499e+07,4.48511e+06,6.79999e+06,1.14988e+07,4.48128e+06,6.79999e+06,1.14987e+07,4.47646e+06,6.79999e+06,1.14985e+07,4.47041e+06,6.79999e+06,1.14983e+07,4.46281e+06,6.79999e+06,1.14981e+07,4.4533e+06,6.79999e+06,1.14979e+07,4.44138e+06,6.79999e+06,1.14976e+07,4.42649e+06,6.79999e+06,1.14972e+07,4.40789e+06,6.79999e+06,1.14969e+07,4.38471e+06,6.79999e+06,1.14965e+07,4.35592e+06,6.79999e+06,1.1496e+07,4.32027e+06,6.79999e+06,1.14955e+07,4.27629e+06,6.79999e+06,1.14949e+07,4.22231e+06,6.79999e+06,1.14942e+07,4.15647e+06,6.79999e+06,1.14934e+07,4.07676e+06,6.79999e+06,1.14926e+07,3.98112e+06,6.79999e+06,1.14916e+07,3.86765e+06,6.79999e+06,1.14905e+07,3.73474e+06,6.79999e+06,1.14892e+07,3.58148e+06,6.79999e+06,1.14878e+07,3.40785e+06,6.79999e+06,1.14862e+07,3.21513e+06,6.79999e+06,1.14844e+07,3.00605e+06,6.79999e+06,1.14823e+07,2.7848e+06,6.79999e+06,1.148e+07,2.5568e+06,6.79999e+06,1.14773e+07,2.32825e+06,6.79999e+06,13.5742,8.52444,0.508366,16.8306,13.2585,0.162638,20.0035,17.569,0.0507846,23.2616,22.4214,0.0158319,26.7328,28.3297,0.00493498,30.5212,35.6974,0.00153831,34.7178,44.9473,0.000479527,39.4086,56.5822,0.000149456,44.6796,71.2245,4.66214e-05,50.6209,89.6543,1.45419e-05,57.3297,112.852,4.54748e-06,64.9129,142.051,1.43857e-06,73.4897,178.803,4.36618e-07,83.1934,225.062,1.40153e-07,94.1745,283.286,4.96378e-08,106.602,356.568,1.05434e-07,120.669,448.799,-6.49244e-08,136.59,564.873,1.70148e-07,154.611,710.948,-5.34594e-08,175.008,894.767,1.63407e-07,198.097,1126.06,8.04804e-08,224.231,1417.07,1.14667e-07,253.813,1783.15,-1.71227e-07,287.297,2243.62,-2.88466e-07,325.198,2822.67,-4.33651e-07,368.098,3550.67,7.9318e-08,416.657,4465.65,3.13319e-07,471.621,5615.16,3.4613e-07,533.835,7058.61,-1.19199e-07,604.255,8870.02,-2.79964e-07,683.962,11141.4,-2.30521e-07,774.182,13986.7,-2.55099e-07,876.299,17546.4,1.23585e-07,991.883,21993.1,1.41192e-07,1122.71,27536.7,-9.71886e-08,1270.78,34430.7,-3.68368e-07,1438.38,42977.7,-3.45379e-07,1628.07,53532.7,-3.25328e-09,1842.77,66504.6,2.6362e-07,2085.77,82350.2,2.53445e-07,2360.79,101560,-2.47407e-08,2672.05,124632,-3.80602e-07,3024.31,152018,-4.79005e-07,3422.98,184060,-1.14379e-07,3874.15,220884,2.64297e-07,4384.72,262283,3.44131e-07,4962.49,307576,7.5349e-08,5616.29,355497,-3.63097e-07,6356.1,404126,-6.05442e-07,7193.18,450932,-2.72333e-07,8140.28,492963,2.29675e-07,9211.79,527178,4.3387e-07,10424,550893,-1.0711e-07,10.102,8.06553,2.81012,10.6436,8.57909,0.869423,11.5336,10.2515,0.270869,12.7211,12.7138,0.0844293,14.1823,15.9373,0.0263173,15.9122,20.0383,0.0082035,17.9198,25.2154,0.00255722,20.2244,31.7373,0.000797017,22.8539,39.9486,0.000248622,25.8438,50.2851,7.75492e-05,29.237,63.2963,2.42508e-05,33.0837,79.6738,7.67162e-06,37.4415,100.288,2.32837e-06,42.3767,126.236,7.33e-07,47.9646,158.896,2.79256e-07,54.2906,200.003,9.87351e-09,61.452,251.741,1.61085e-07,69.5585,316.859,-2.47141e-07,78.7347,398.812,8.93552e-08,89.1218,501.948,-2.53231e-07,100.879,631.736,-1.25047e-07,114.188,795.049,-1.78808e-07,129.252,1000.53,2.6733e-07,146.304,1259.03,4.50292e-07,165.605,1584.19,6.76904e-07,187.452,1993.12,-1.23808e-07,212.181,2507.27,-4.89068e-07,240.173,3153.54,-5.40284e-07,271.856,3965.56,1.86061e-07,307.719,4985.38,4.37004e-07,348.313,6265.4,3.59828e-07,394.26,7870.83,3.98192e-07,446.268,9882.51,-1.92908e-07,505.135,12400.3,-2.20392e-07,571.766,15546.9,1.51705e-07,647.184,19472.2,5.74996e-07,732.547,24357.4,5.39112e-07,829.167,30420,5.07815e-09,938.526,37916.3,-4.11492e-07,1062.3,47143.9,-3.9561e-07,1202.4,58439.2,3.86185e-08,1360.96,72169.3,5.94093e-07,1540.42,88715.8,7.47693e-07,1743.53,108445,1.78537e-07,1973.41,131665,-4.12549e-07,2233.57,158557,-5.37164e-07,2528,189103,-1.17615e-07,2861.2,222986,5.66769e-07,3238.27,259510,9.45053e-07,3664.97,297540,4.25093e-07,4147.81,335497,-3.58506e-07,4694.17,371444,-6.7724e-07,5312.37,403256,1.67192e-07,1.61744,3.89446,9.84394,3.28846,7.5504,12.774,5.07607,11.7187,13.6844,7.03202,16.8147,13.9681,9.20215,23.1769,14.0566,11.6301,31.1672,14.0841,14.3598,41.2186,14.0927,17.4376,53.8688,14.0954,20.9137,69.7915,14.0962,24.8432,89.8341,14.0965,29.2879,115.063,14.0966,34.3168,146.819,14.0966,40.0078,186.792,14.0966,46.4487,237.107,14.0966,53.7388,300.44,14.0966,61.9903,380.158,14.0966,71.3301,480.499,14.0966,81.902,606.796,14.0966,93.8685,765.761,14.0966,107.414,965.837,14.0966,122.746,1217.65,14.0966,140.101,1534.57,14.0966,159.745,1933.41,14.0966,181.981,2435.3,14.0966,207.15,3066.85,14.0966,235.64,3861.46,14.0966,267.889,4861.11,14.0966,304.391,6118.54,14.0966,345.709,7699.91,14.0966,392.478,9688.22,14.0966,445.417,12187.5,14.0966,505.339,15327.7,14.0966,573.165,19271.6,14.0966,649.938,24222,14.0966,736.839,30430.9,14.0966,835.202,38211.5,14.0966,946.539,47950.3,14.0966,1072.56,60122.8,14.0966,1215.21,75309.9,14.0966,1376.66,94216.2,14.0966,1559.41,117688,14.0966,1766.26,146729,14.0966,2000.39,182510,14.0966,2265.39,226372,14.0966,2565.33,279806,14.0966,2904.81,344416,14.0966,3289.05,421845,14.0966,3723.93,513667,14.0966,4216.13,621231,14.0966,4773.18,745478,14.0966,5403.64,886744,14.0966,6117.15,1.04457e+06,14.0966,6924.63,1.2176e+06,14.0966,11.7194,11.96,12.6541,13.9321,16.1295,13.6434,16.6097,21.9702,13.9553,19.7532,29.5285,14.0526,23.3844,39.1143,14.0829,27.5423,51.2054,14.0923,32.2796,66.434,14.0953,37.662,85.6061,14.0962,43.7675,109.74,14.0965,50.687,140.119,14.0966,58.5249,178.359,14.0966,67.4005,226.493,14.0966,77.4493,287.08,14.0966,88.8254,363.343,14.0966,101.703,459.336,14.0966,116.281,580.161,14.0966,132.782,732.241,14.0966,151.46,923.655,14.0966,172.603,1164.57,14.0966,196.535,1467.79,14.0966,223.625,1849.39,14.0966,254.288,2329.62,14.0966,288.997,2933.93,14.0966,328.285,3694.33,14.0966,372.755,4651.04,14.0966,423.092,5854.57,14.0966,480.07,7368.38,14.0966,544.564,9272.08,14.0966,617.566,11665.5,14.0966,700.197,14673.6,14.0966,793.729,18452.9,14.0966,899.599,23198.6,14.0966,1019.43,29154.1,14.0966,1155.07,36622.3,14.0966,1308.6,45977.9,14.0966,1482.39,57683.7,14.0966,1679.09,72307.8,14.0966,1901.73,90542.8,14.0966,2153.73,113226,14.0966,2438.97,141360,14.0966,2761.81,176127,14.0966,3127.22,218898,14.0966,3540.81,271226,14.0966,4008.92,334817,14.0966,4538.74,411470,14.0966,5138.38,502973,14.0966,5817.04,610948,14.0966,6585.12,736653,14.0966,7454.39,880741,14.0966,8438.15,1.04302e+06,14.0966,9551.45,1.22224e+06,14.0966,10811.3,1.41602e+06,14.0966,12237,1.62086e+06,14.0966,11.7194,11.96,12.6541,2.21263,4.16949,0.989383,2.67766,5.84076,0.311842,3.14343,7.55825,0.0972771,3.63127,9.58578,0.0303237,4.15787,12.0912,0.00945211,4.73731,15.2286,0.00294633,5.38238,19.1721,0.000918508,6.10553,24.134,0.000286163,6.91951,30.3791,8.92692e-05,7.83792,38.2397,2.78121e-05,8.87555,48.1338,8.65134e-06,10.0489,60.5876,2.7882e-06,11.3761,76.2629,8.29036e-07,12.8779,95.9927,2.4373e-07,14.5775,120.825,4.33068e-09,16.5012,152.08,1.75749e-07,18.6784,191.415,-1.86328e-07,21.1428,240.917,1.91829e-07,23.9322,303.213,-1.81475e-07,27.0895,381.602,7.0186e-08,30.6634,480.231,-2.86769e-08,34.7087,604.316,2.40784e-07,39.2876,760.401,9.87368e-08,44.4705,956.705,1.22263e-07,50.3371,1203.54,-4.31966e-07,56.9776,1513.81,-1.9705e-07,64.494,1903.69,-2.763e-08,73.0018,2393.4,3.9185e-07,82.6317,3008.13,1.35379e-07,93.5318,3779.25,-4.16351e-08,105.869,4745.7,2.06965e-08,119.834,5955.6,-3.18887e-07,135.641,7468.12,-1.48271e-08,153.531,9355.62,2.00739e-07,173.781,11705.8,2.28358e-07,196.701,14624.1,-1.93587e-08,222.642,18235,-2.88101e-07,252.003,22683.4,-2.24732e-07,285.234,28134,8.56806e-09,322.845,34767,2.34258e-07,365.413,42770.9,2.99668e-07,413.588,52327.9,8.28644e-08,468.111,63591.2,-3.07049e-07,529.814,76653.2,-3.1888e-07,599.642,91502.5,-6.72276e-08,678.662,107975,2.26339e-07,768.083,125705,3.69212e-07,869.267,144088,2.04077e-07,983.76,162277,-2.80509e-07,1113.3,179223,-4.22737e-07,1259.87,193777,-1.71951e-07,1425.68,204839,4.55555e-07,11.7194,11.96,12.6541,2.21263,4.16949,0.989383,2.67766,5.84076,0.311842,3.14343,7.55825,0.0972771,3.63127,9.58578,0.0303237,4.15787,12.0912,0.00945211,4.73731,15.2286,0.00294633,5.38238,19.1721,0.000918508,6.10553,24.134,0.000286163,6.91951,30.3791,8.92692e-05,7.83792,38.2397,2.78121e-05,8.87555,48.1338,8.65134e-06,10.0489,60.5876,2.7882e-06,11.3761,76.2629,8.29036e-07,12.8779,95.9927,2.4373e-07,14.5775,120.825,1e-08,16.5012,152.08,1.75749e-07,18.6784,191.415,1e-08,21.1428,240.917,1.91829e-07,23.9322,303.213,1e-08,27.0895,381.602,7.0186e-08,30.6634,480.231,1e-08,34.7087,604.316,2.40784e-07,39.2876,760.401,9.87368e-08,44.4705,956.705,1.22263e-07,50.3371,1203.54,1e-08,56.9776,1513.81,1e-08,64.494,1903.69,1e-08,73.0018,2393.4,3.9185e-07,82.6317,3008.13,1.35379e-07,93.5318,3779.25,1e-08,105.869,4745.7,2.06965e-08,119.834,5955.6,1e-08,135.641,7468.12,1e-08,153.531,9355.62,2.00739e-07,173.781,11705.8,2.28358e-07,196.701,14624.1,1e-08,222.642,18235,1e-08,252.003,22683.4,1e-08,285.234,28134,1e-08,322.845,34767,2.34258e-07,365.413,42770.9,2.99668e-07,413.588,52327.9,8.28644e-08,468.111,63591.2,1e-08,529.814,76653.2,1e-08,599.642,91502.5,1e-08,678.662,107975,2.26339e-07,768.083,125705,3.69212e-07,869.267,144088,2.04077e-07,983.76,162277,1e-08,1113.3,179223,1e-08,1259.87,193777,1e-08,1425.68,204839,4.55555e-07,6.2823,3.27286,2.43537,0.219672,6.18826,2.24117,0.56371,6.87772,2.63624,0.308279,13,9,5,6,2,5,3,10,0,2,4,0,2,4,0,1,8,0,2,6,0,3,19,0,4,22,0,6,23,0,8,34,0,7,88,0,10,30,0,9,74,0,14,80,0,12,297,0,11,295,0,19,144,0,11,270,0,18,274,0,29,684,0,34,648,0,47,525,0,28,770,0,33,1902,0,32,884,0,35,1410,0,89,2261,0,119,2496,0,118,2113,0,117,2073,0,138,3730,0,77,5383,0,172,6434,0,285,14602,0,97,10139,0,176,11678,0,294,23118,0,156,67928,0,288,22346,0,304,39403,0,445,75662,0,919,32781,0,386,20421,0,339,95367,0,368,121217,0,795,36704,0,501,76179,0,1905,77662,0,1134,148396,0,829,257089,0,1234,446953,0,1869,207906,0
-1.05176e+08,1,8.88811e-15,10,1023,0,1.05176e+08,0.528882,1.08665,0.389689,0.145397,0.379329,3.24381,0.161596,0.446195,1.77396,0.159177,1.15e+07,4.49998e+06,6.79999e+06,1.15e+07,4.49997e+06,6.79999e+06,1.15e+07,4.49996e+06,6.79999e+06,1.15e+07,4.49995e+06,6.79999e+06,1.14999e+07,4.49993e+06,6.79999e+06,1.14999e+07,4.49991e+06,6.79999e+06,1.14999e+07,4.49989e+06,6.79999e+06,1.14999e+07,4.49986e+06,6.79999e+06,1.14999e+07,4.49982e+06,6.79999e+06,1.14999e+07,4.49977e+06,6.79999e+06,1.14999e+07,4.49971e+06,6.79999e+06,1.14999e+07,4.49963e+06,6.79999e+06,1.14998e+07,4.49953e+06,6.79999e+06,1.14998e+07,4.49941e+06,6.79999e+06,1.14998e+07,4.49926e+06,6.79999e+06,1.14998e+07,4.49906e+06,6.79999e+06,1.14997e+07,4.49882e+06,6.79999e+06,1.14997e+07,4.49851e+06,6.79999e+06,1.14997e+07,4.49812e+06,6.79999e+06,1.14996e+07,4.49764e+06,6.79999e+06,1.14996e+07,4.49702e+06,6.79999e+06,1.14995e+07,4.49625e+06,6.79999e+06,1.14995e+07,4.49528e+06,6.79999e+06,1.14994e+07,4.49406e+06,6.79999e+06,1.14993e+07,4.49253e+06,6.79999e+06,1.14992e+07,4.49059e+06,6.79999e+06,1.14991e+07,4.48817e+06,6.79999e+06,1.1499e+07,4.48511e+06,6.79999e+06,1.14988e+07,4.48128e+06,6.79999e+06,1.14987e+07,4.47646e+06,6.79999e+06,1.14985e+07,4.47041e+06,6.79999e+06,1.14983e+07,4.46281e+06,6.79999e+06,1.14981e+07,4.4533e+06,6.79999e+06,1.14979e+07,4.44138e+06,6.79999e+06,1.14976e+07,4.42649e+06,6.79999e+06,1.14972e+07,4.40789e+06,6.79999e+06,1.14969e+07,4.38471e+06,6.79999e+06,1.14965e+07,4.35592e+06,6.79999e+06,1.1496e+07,4.32027e+06,6.79999e+06,1.14955e+07,4.27629e+06,6.79999e+06,1.14949e+07,4.22231e+06,6.79999e+06,1.14942e+07,4.15647e+06,6.79999e+06,1.14934e+07,4.07676e+06,6.79999e+06,1.14926e+07,3.98112e+06,6.79999e+06,1.14916e+07,3.86765e+06,6.79999e+06,1.14905e+07,3.73474e+06,6.79999e+06,1.14892e+07,3.58148e+06,6.79999e+06,1.14878e+07,3.40785e+06,6.79999e+06,1.14862e+07,3.21513e+06,6.79999e+06,1.14844e+07,3.00605e+06,6.79999e+06,1.14823e+07,2.7848e+06,6.79999e+06,1.148e+07,2.5568e+06,6.79999e+06,1.14773e+07,2.32825e+06,6.79999e+06,13.5742,8.52444,0.508366,16.8306,13.2585,0.162638,20.0035,17.569,0.0507846,23.2616,22.4214,0.0158319,26.7328,28.3297,0.00493498,30.5212,35.6974,0.00153831,34.7178,44.9473,0.000479527,39.4086,56.5822,0.000149456,44.6796,71.2245,4.66214e-05,50.6209,89.6543,1.45419e-05,57.3297,112.852,4.54748e-06,64.9129,142.051,1.43857e-06,73.4897,178.803,4.36618e-07,83.1934,225.062,1.40153e-07,94.1745,283.286,4.96378e-08,106.602,356.568,1.05434e-07,120.669,448.799,-6.49244e-08,136.59,564.873,1.70148e-07,154.611,710.948,-5.34594e-08,175.008,894.767,1.63407e-07,198.097,1126.06,8.04804e-08,224.231,1417.07,1.14667e-07,253.813,1783.15,-1.71227e-07,287.297,2243.62,-2.88466e-07,325.198,2822.67,-4.33651e-07,368.098,3550.67,7.9318e-08,416.657,4465.65,3.13319e-07,471.621,5615.16,3.4613e-07,533.835,7058.61,-1.19199e-07,604.255,8870.02,-2.79964e-07,683.962,11141.4,-2.30521e-07,774.182,13986.7,-2.55099e-07,876.299,17546.4,1.23585e-07,991.883,21993.1,1.41192e-07,1122.71,27536.7,-9.71886e-08,1270.78,34430.7,-3.68368e-07,1438.38,42977.7,-3.45379e-07,1628.07,53532.7,-3.25328e-09,1842.77,66504.6,2.6362e-07,2085.77,82350.2,2.53445e-07,2360.79,101560,-2.47407e-08,2672.05,124632,-3.80602e-07,3024.31,152018,-4.79005e-07,3422.98,184060,-1.14379e-07,3874.15,220884,2.64297e-07,4384.72,262283,3.44131e-07,4962.49,307576,7.5349e-08,5616.29,355497,-3.63097e-07,6356.1,404126,-6.05442e-07,7193.18,450932,-2.72333e-07,8140.28,492963,2.29675e-07,9211.79,527178,4.3387e-07,10424,550893,-1.0711e-07,10.102,8.06553,2.81012,10.6436,8.57909,0.869423,11.5336,10.2515,0.270869,12.7211,12.7138,0.0844293,14.1823,15.9373,0.0263173,15.9122,20.0383,0.0082035,17.9198,25.2154,0.00255722,20.2244,31.7373,0.000797017,22.8539,39.9486,0.000248622,25.8438,50.2851,7.75492e-05,29.237,63.2963,2.42508e-05,33.0837,79.6738,7.67162e-06,37.4415,100.288,2.32837e-06,42.3767,126.236,7.33e-07,47.9646,158.896,2.79256e-07,54.2906,200.003,9.87351e-09,61.452,251.741,1.61085e-07,69.5585,316.859,-2.47141e-07,78.7347,398.812,8.93552e-08,89.1218,501.948,-2.53231e-07,100.879,631.736,-1.25047e-07,114.188,795.049,-1.78808e-07,129.252,1000.53,2.6733e-07,146.304,1259.03,4.50292e-07,165.605,1584.19,6.76904e-07,187.452,1993.12,-1.23808e-07,212.181,2507.27,-4.89068e-07,240.173,3153.54,-5.40284e-07,271.856,3965.56,1.86061e-07,307.719,4985.38,4.37004e-07,348.313,6265.4,3.59828e-07,394.26,7870.83,3.98192e-07,446.268,9882.51,-1.92908e-07,505.135,12400.3,-2.20392e-07,571.766,15546.9,1.51705e-07,647.184,19472.2,5.74996e-07,732.547,24357.4,5.39112e-07,829.167,30420,5.07815e-09,938.526,37916.3,-4.11492e-07,1062.3,47143.9,-3.9561e-07,1202.4,58439.2,3.86185e-08,1360.96,72169.3,5.94093e-07,1540.42,88715.8,7.47693e-07,1743.53,108445,1.78537e-07,1973.41,131665,-4.12549e-07,2233.57,158557,-5.37164e-07,2528,189103,-1.17615e-07,2861.2,222986,5.66769e-07,3238.27,259510,9.45053e-07,3664.97,297540,4.25093e-07,4147.81,335497,-3.58506e-07,4694.17,371444,-6.7724e-07,5312.37,403256,1.67192e-07,1.61744,3.89446,9.84394,3.28846,7.5504,12.774,5.07607,11.7187,13.6844,7.03202,16.8147,13.9681,9.20215,23.1769,14.0566,11.6301,31.1672,14.0841,14.3598,41.2186,14.0927,17.4376,53.8688,14.0954,20.9137,69.7915,14.0962,24.8432,89.8341,14.0965,29.2879,115.063,14.0966,34.3168,146.819,14.0966,40.0078,186.792,14.0966,46.4487,237.107,14.0966,53.7388,300.44,14.0966,61.9903,380.158,14.0966,71.3301,480.499,14.0966,81.902,606.796,14.0966,93.8685,765.761,14.0966,107.414,965.837,14.0966,122.746,1217.65,14.0966,140.101,1534.57,14.0966,159.745,1933.41,14.0966,181.981,2435.3,14.0966,207.15,3066.85,14.0966,235.64,3861.46,14.0966,267.889,4861.11,14.0966,304.391,6118.54,14.0966,345.709,7699.91,14.0966,392.478,9688.22,14.0966,445.417,12187.5,14.0966,505.339,15327.7,14.0966,573.165,19271.6,14.0966,649.938,24222,14.0966,736.839,30430.9,14.0966,835.202,38211.5,14.0966,946.539,47950.3,14.0966,1072.56,60122.8,14.0966,1215.21,75309.9,14.0966,1376.66,94216.2,14.0966,1559.41,117688,14.0966,1766.26,146729,14.0966,2000.39,182510,14.0966,2265.39,226372,14.0966,2565.33,279806,14.0966,2904.81,344416,14.0966,3289.05,421845,14.0966,3723.93,513667,14.0966,4216.13,621231,14.0966,4773.18,745478,14.0966,5403.64,886744,14.0966,6117.15,1.04457e+06,14.0966,6924.63,1.2176e+06,14.0966,11.7194,11.96,12.6541,13.9321,16.1295,13.6434,16.6097,21.9702,13.9553,19.7532,29.5285,14.0526,23.3844,39.1143,14.0829,27.5423,51.2054,14.0923,32.2796,66.434,14.0953,37.662,85.6061,14.0962,43.7675,109.74,14.0965,50.687,140.119,14.0966,58.5249,178.359,14.0966,67.4005,226.493,14.0966,77.4493,287.08,14.0966,88.8254,363.343,14.0966,101.703,459.336,14.0966,116.281,580.161,14.0966,132.782,732.241,14.0966,151.46,923.655,14.0966,172.603,1164.57,14.0966,196.535,1467.79,14.0966,223.625,1849.39,14.0966,254.288,2329.62,14.0966,288.997,2933.93,14.0966,328.285,3694.33,14.0966,372.755,4651.04,14.0966,423.092,5854.57,14.0966,480.07,7368.38,14.0966,544.564,9272.08,14.0966,617.566,11665.5,14.0966,700.197,14673.6,14.0966,793.729,18452.9,14.0966,899.599,23198.6,14.0966,1019.43,29154.1,14.0966,1155.07,36622.3,14.0966,1308.6,45977.9,14.0966,1482.39,57683.7,14.0966,1679.09,72307.8,14.0966,1901.73,90542.8,14.0966,2153.73,113226,14.0966,2438.97,141360,14.0966,2761.81,176127,14.0966,3127.22,218898,14.0966,3540.81,271226,14.0966,4008.92,334817,14.0966,4538.74,411470,14.0966,5138.38,502973,14.0966,5817.04,610948,14.0966,6585.12,736653,14.0966,7454.39,880741,14.0966,8438.15,1.04302e+06,14.0966,9551.45,1.22224e+06,14.0966,10811.3,1.41602e+06,14.0966,12237,1.62086e+06,14.0966,11.7194,11.96,12.6541,2.21263,4.16949,0.989383,2.67766,5.84076,0.311842,3.14343,7.55825,0.0972771,3.63127,9.58578,0.0303237,4.15787,12.0912,0.00945211,4.73731,15.2286,0.00294633,5.38238,19.1721,0.000918508,6.10553,24.134,0.000286163,6.91951,30.3791,8.92692e-05,7.83792,38.2397,2.78121e-05,8.87555,48.1338,8.65134e-06,10.0489,60.5876,2.7882e-06,11.3761,76.2629,8.29036e-07,12.8779,95.9927,2.4373e-07,14.5775,120.825,4.33068e-09,16.5012,152.08,1.75749e-07,18.6784,191.415,-1.86328e-07,21.1428,240.917,1.91829e-07,23.9322,303.213,-1.81475e-07,27.0895,381.602,7.0186e-08,30.6634,480.231,-2.86769e-08,34.7087,604.316,2.40784e-07,39.2876,760.401,9.87368e-08,44.4705,956.705,1.22263e-07,50.3371,1203.54,-4.31966e-07,56.9776,1513.81,-1.9705e-07,64.494,1903.69,-2.763e-08,73.0018,2393.4,3.9185e-07,82.6317,3008.13,1.35379e-07,93.5318,3779.25,-4.16351e-08,105.869,4745.7,2.06965e-08,119.834,5955.6,-3.18887e-07,135.641,7468.12,-1.48271e-08,153.531,9355.62,2.00739e-07,173.781,11705.8,2.28358e-07,196.701,14624.1,-1.93587e-08,222.642,18235,-2.88101e-07,252.003,22683.4,-2.24732e-07,285.234,28134,8.56806e-09,322.845,34767,2.34258e-07,365.413,42770.9,2.99668e-07,413.588,52327.9,8.28644e-08,468.111,63591.2,-3.07049e-07,529.814,76653.2,-3.1888e-07,599.642,91502.5,-6.72276e-08,678.662,107975,2.26339e-07,768.083,125705,3.69212e-07,869.267,144088,2.04077e-07,983.76,162277,-2.80509e-07,1113.3,179223,-4.22737e-07,1259.87,193777,-1.71951e-07,1425.68,204839,4.55555e-07,11.7194,11.96,12.6541,2.21263,4.16949,0.989383,2.67766,5.84076,0.311842,3.14343,7.55825,0.0972771,3.63127,9.58578,0.0303237,4.15787,12.0912,0.00945211,4.73731,15.2286,0.00294633,5.38238,19.1721,0.000918508,6.10553,24.134,0.000286163,6.91951,30.3791,8.92692e-05,7.83792,38.2397,2.78121e-05,8.87555,48.1338,8.65134e-06,10.0489,60.5876,2.7882e-06,11.3761,76.2629,8.29036e-07,12.8779,95.9927,2.4373e-07,14.5775,120.825,1e-08,16.5012,152.08,1.75749e-07,18.6784,191.415,1e-08,21.1428,240.917,1.91829e-07,23.9322,303.213,1e-08,27.0895,381.602,7.0186e-08,30.6634,480.231,1e-08,34.7087,604.316,2.40784e-07,39.2876,760.401,9.87368e-08,44.4705,956.705,1.22263e-07,50.3371,1203.54,1e-08,56.9776,1513.81,1e-08,64.494,1903.69,1e-08,73.0018,2393.4,3.9185e-07,82.6317,3008.13,1.35379e-07,93.5318,3779.25,1e-08,105.869,4745.7,2.06965e-08,119.834,5955.6,1e-08,135.641,7468.12,1e-08,153.531,9355.62,2.00739e-07,173.781,11705.8,2.28358e-07,196.701,14624.1,1e-08,222.642,18235,1e-08,252.003,22683.4,1e-08,285.234,28134,1e-08,322.845,34767,2.34258e-07,365.413,42770.9,2.99668e-07,413.588,52327.9,8.28644e-08,468.111,63591.2,1e-08,529.814,76653.2,1e-08,599.642,91502.5,1e-08,678.662,107975,2.26339e-07,768.083,125705,3.69212e-07,869.267,144088,2.04077e-07,983.76,162277,1e-08,1113.3,179223,1e-08,1259.87,193777,1e-08,1425.68,204839,4.55555e-07,6.2823,3.27286,2.43537,0.219672,6.18826,2.24117,0.56371,6.87772,2.63624,0.308279,16,5,6,2,8,0,4,4,0,4,3,0,9,13,0,3,16,0,6,26,0,3,22,0,13,25,0,6,49,0,6,19,0,6,38,0,24,107,0,17,73,0,8,70,0,9,52,0,19,87,0,28,177,0,10,275,0,30,288,0,19,230,0,33,657,0,21,282,0,22,283,0,48,593,0,26,1465,0,65,1962,0,74,2285,0,41,1211,0,38,4007,0,96,2146,0,63,5966,0,90,3639,0,214,9705,0,123,9841,0,87,11380,0,319,12664,0,182,18600,0,205,34525,0,253,19948,0,409,22634,0,225,27164,0,270,76760,0,126,46817,0,672,106931,0,380,92458,0,810,65295,0,1692,125416,0,296,96088,0,741,236349,0,678,74472,0,1048,270859,0,1902,190452,0
-1.05176e+08,1,8.88811e-15,10,1023,0,1.05176e+08,0.528882,1.08665,0.389689,0.145397,0.379329,3.24381,0.161596,0.446195,1.77396,0.159177,1.15e+07,4.49998e+06,6.79999e+06,1.15e+07,4.49997e+06,6.79999e+06,1.15e+07,4.49996e+06,6.79999e+06,1.15e+07,4.49995e+06,6.79999e+06,1.14999e+07,4.49993e+06,6.79999e+06,1.14999e+07,4.49991e+06,6.79999e+06,1.14999e+07,4.49989e+06,6.79999e+06,1.14999e+07,4.49986e+06,6.79999e+06,1.14999e+07,4.49982e+06,6.79999e+06,1.14999e+07,4.49977e+06,6.79999e+06,1.14999e+07,4.49971e+06,6.79999e+06,1.14999e+07,4.49963e+06,6.79999e+06,1.14998e+07,4.49953e+06,6.79999e+06,1.14998e+07,4.49941e+06,6.79999e+06,1.14998e+07,4.49926e+06,6.79999e+06,1.14998e+07,4.49906e+06,6.79999e+06,1.14997e+07,4.49882e+06,6.79999e+06,1.14997e+07,4.49851e+06,6.79999e+06,1.14997e+07,4.49812e+06,6.79999e+06,1.14996e+07,4.49764e+06,6.79999e+06,1.14996e+07,4.49702e+06,6.79999e+06,1.14995e+07,4.49625e+06,6.79999e+06,1.14995e+07,4.49528e+06,6.79999e+06,1.14994e+07,4.49406e+06,6.79999e+06,1.14993e+07,4.49253e+06,6.79999e+06,1.14992e+07,4.49059e+06,6.79999e+06,1.14991e+07,4.48817e+06,6.79999e+06,1.1499e+07,4.48511e+06,6.79999e+06,1.14988e+07,4.48128e+06,6.79999e+06,1.14987e+07,4.47646e+06,6.79999e+06,1.14985e+07,4.47041e+06,6.79999e+06,1.14983e+07,4.46281e+06,6.79999e+06,1.14981e+07,4.4533e+06,6.79999e+06,1.14979e+07,4.44138e+06,6.79999e+06,1.14976e+07,4.42649e+06,6.79999e+06,1.14972e+07,4.40789e+06,6.79999e+06,1.14969e+07,4.38471e+06,6.79999e+06,1.14965e+07,4.35592e+06,6.79999e+06,1.1496e+07,4.32027e+06,6.79999e+06,1.14955e+07,4.27629e+06,6.79999e+06,1.14949e+07,4.22231e+06,6.79999e+06,1.14942e+07,4.15647e+06,6.79999e+06,1.14934e+07,4.07676e+06,6.79999e+06,1.14926e+07,3.98112e+06,6.79999e+06,1.14916e+07,3.86765e+06,6.79999e+06,1.14905e+07,3.73474e+06,6.79999e+06,1.14892e+07,3.58148e+06,6.79999e+06,1.14878e+07,3.40785e+06,6.79999e+06,1.14862e+07,3.21513e+06,6.79999e+06,1.14844e+07,3.00605e+06,6.79999e+06,1.14823e+07,2.7848e+06,6.79999e+06,1.148e+07,2.5568e+06,6.79999e+06,1.14773e+07,2.32825e+06,6.79999e+06,13.5742,8.52444,0.508366,16.8306,13.2585,0.162638,20.0035,17.569,0.0507846,23.2616,22.4214,0.0158319,26.7328,28.3297,0.00493498,30.5212,35.6974,0.00153831,34.7178,44.9473,0.000479527,39.4086,56.5822,0.000149456,44.6796,71.2245,4.66214e-05,50.6209,89.6543,1.45419e-05,57.3297,112.852,4.54748e-06,64.9129,142.051,1.43857e-06,73.4897,178.803,4.36618e-07,83.1934,225.062,1.40153e-07,94.1745,283.286,4.96378e-08,106.602,356.568,1.05434e-07,120.669,448.799,-6.49244e-08,136.59,564.873,1.70148e-07,154.611,710.948,-5.34594e-08,175.008,894.767,1.63407e-07,198.097,1126.06,8.04804e-08,224.231,1417.07,1.14667e-07,253.813,1783.15,-1.71227e-07,287.297,2243.62,-2.88466e-07,325.198,2822.67,-4.33651e-07,368.098,3550.67,7.9318e-08,416.657,4465.65,3.13319e-07,471.621,5615.16,3.4613e-07,533.835,7058.61,-1.19199e-07,604.255,8870.02,-2.79964e-07,683.962,11141.4,-2.30521e-07,774.182,13986.7,-2.55099e-07,876.299,17546.4,1.23585e-07,991.883,21993.1,1.41192e-07,1122.71,27536.7,-9.71886e-08,1270.78,34430.7,-3.68368e-07,1438.38,42977.7,-3.45379e-07,1628.07,53532.7,-3.25328e-09,1842.77,66504.6,2.6362e-07,2085.77,82350.2,2.53445e-07,2360.79,101560,-2.47407e-08,2672.05,124632,-3.80602e-07,3024.31,152018,-4.79005e-07,3422.98,184060,-1.14379e-07,3874.15,220884,2.64297e-07,4384.72,262283,3.44131e-07,4962.49,307576,7.5349e-08,5616.29,355497,-3.63097e-07,6356.1,404126,-6.05442e-07,7193.18,450932,-2.72333e-07,8140.28,492963,2.29675e-07,9211.79,527178,4.3387e-07,10424,550893,-1.0711e-07,10.102,8.06553,2.81012,10.6436,8.57909,0.869423,11.5336,10.2515,0.270869,12.7211,12.7138,0.0844293,14.1823,15.9373,0.0263173,15.9122,20.0383,0.0082035,17.9198,25.2154,0.00255722,20.2244,31.7373,0.000797017,22.8539,39.9486,0.000248622,25.8438,50.2851,7.75492e-05,29.237,63.2963,2.42508e-05,33.0837,79.6738,7.67162e-06,37.4415,100.288,2.32837e-06,42.3767,126.236,7.33e-07,47.9646,158.896,2.79256e-07,54.2906,200.003,9.87351e-09,61.452,251.741,1.61085e-07,69.5585,316.859,-2.47141e-07,78.7347,398.812,8.93552e-08,89.1218,501.948,-2.53231e-07,100.879,631.736,-1.25047e-07,114.188,795.049,-1.78808e-07,129.252,1000.53,2.6733e-07,146.304,1259.03,4.50292e-07,165.605,1584.19,6.76904e-07,187.452,1993.12,-1.23808e-07,212.181,2507.27,-4.89068e-07,240.173,3153.54,-5.40284e-07,271.856,3965.56,1.86061e-07,307.719,4985.38,4.37004e-07,348.313,6265.4,3.59828e-07,394.26,7870.83,3.98192e-07,446.268,9882.51,-1.92908e-07,505.135,12400.3,-2.20392e-07,571.766,15546.9,1.51705e-07,647.184,19472.2,5.74996e-07,732.547,24357.4,5.39112e-07,829.167,30420,5.07815e-09,938.526,37916.3,-4.11492e-07,1062.3,47143.9,-3.9561e-07,1202.4,58439.2,3.86185e-08,1360.96,72169.3,5.94093e-07,1540.42,88715.8,7.47693e-07,1743.53,108445,1.78537e-07,1973.41,131665,-4.12549e-07,2233.57,158557,-5.37164e-07,2528,189103,-1.17615e-07,2861.2,222986,5.66769e-07,3238.27,259510,9.45053e-07,3664.97,297540,4.25093e-07,4147.81,335497,-3.58506e-07,4694.17,371444,-6.7724e-07,5312.37,403256,1.67192e-07,1.61744,3.89446,9.84394,3.28846,7.5504,12.774,5.07607,11.7187,13.6844,7.03202,16.8147,13.9681,9.20215,23.1769,14.0566,11.6301,31.1672,14.0841,14.3598,41.2186,14.0927,17.4376,53.8688,14.0954,20.9137,69.7915,14.0962,24.8432,89.8341,14.0965,29.2879,115.063,14.0966,34.3168,146.819,14.0966,40.0078,186.792,14.0966,46.4487,237.107,14.0966,53.7388,300.44,14.0966,61.9903,380.158,14.0966,71.3301,480.499,14.0966,81.902,606.796,14.0966,93.8685,765.761,14.0966,107.414,965.837,14.0966,122.746,1217.65,14.0966,140.101,1534.57,14.0966,159.745,1933.41,14.0966,181.981,2435.3,14.0966,207.15,3066.85,14.0966,235.64,3861.46,14.0966,267.889,4861.11,14.0966,304.391,6118.54,14.0966,345.709,7699.91,14.0966,392.478,9688.22,14.0966,445.417,12187.5,14.0966,505.339,15327.7,14.0966,573.165,19271.6,14.0966,649.938,24222,14.0966,736.839,30430.9,14.0966,835.202,38211.5,14.0966,946.539,47950.3,14.0966,1072.56,60122.8,14.0966,1215.21,75309.9,14.0966,1376.66,94216.2,14.0966,1559.41,117688,14.0966,1766.26,146729,14.0966,2000.39,182510,14.0966,2265.39,226372,14.0966,2565.33,279806,14.0966,2904.81,344416,14.0966,3289.05,421845,14.0966,3723.93,513667,14.0966,4216.13,621231,14.0966,4773.18,745478,14.0966,5403.64,886744,14.0966,6117.15,1.04457e+06,14.0966,6924.63,1.2176e+06,14.0966,11.7194,11.96,12.6541,13.9321,16.1295,13.6434,16.6097,21.9702,13.9553,19.7532,29.5285,14.0526,23.3844,39.1143,14.0829,27.5423,51.2054,14.0923,32.2796,66.434,14.0953,37.662,85.6061,14.0962,43.7675,109.74,14.0965,50.687,140.119,14.0966,58.5249,178.359,14.0966,67.4005,226.493,14.0966,77.4493,287.08,14.0966,88.8254,363.343,14.0966,101.703,459.336,14.0966,116.281,580.161,14.0966,132.782,732.241,14.0966,151.46,923.655,14.0966,172.603,1164.57,14.0966,196.535,1467.79,14.0966,223.625,1849.39,14.0966,254.288,2329.62,14.0966,288.997,2933.93,14.0966,328.285,3694.33,14.0966,372.755,4651.04,14.0966,423.092,5854.57,14.0966,480.07,7368.38,14.0966,544.564,9272.08,14.0966,617.566,11665.5,14.0966,700.197,14673.6,14.0966,793.729,18452.9,14.0966,899.599,23198.6,14.0966,1019.43,29154.1,14.0966,1155.07,36622.3,14.0966,1308.6,45977.9,14.0966,1482.39,57683.7,14.0966,1679.09,72307.8,14.0966,1901.73,90542.8,14.0966,2153.73,113226,14.0966,2438.97,141360,14.0966,2761.81,176127,14.0966,3127.22,218898,14.0966,3540.81,271226,14.0966,4008.92,334817,14.0966,4538.74,411470,14.0966,5138.38,502973,14.0966,5817.04,610948,14.0966,6585.12,736653,14.0966,7454.39,880741,14.0966,8438.15,1.04302e+06,14.0966,9551.45,1.22224e+06,14.0966,10811.3,1.41602e+06,14.0966,12237,1.62086e+06,14.0966,11.7194,11.96,12.6541,2.21263,4.16949,0.989383,2.67766,5.84076,0.311842,3.14343,7.55825,0.0972771,3.63127,9.58578,0.0303237,4.15787,12.0912,0.00945211,4.73731,15.2286,0.00294633,5.38238,19.1721,0.000918508,6.10553,24.134,0.000286163,6.91951,30.3791,8.92692e-05,7.83792,38.2397,2.78121e-05,8.87555,48.1338,8.65134e-06,10.0489,60.5876,2.7882e-06,11.3761,76.2629,8.29036e-07,12.8779,95.9927,2.4373e-07,14.5775,120.825,4.33068e-09,16.5012,152.08,1.75749e-07,18.6784,191.415,-1.86328e-07,21.1428,240.917,1.91829e-07,23.9322,303.213,-1.81475e-07,27.0895,381.602,7.0186e-08,30.6634,480.231,-2.86769e-08,34.7087,604.316,2.40784e-07,39.2876,760.401,9.87368e-08,44.4705,956.705,1.22263e-07,50.3371,1203.54,-4.31966e-07,56.9776,1513.81,-1.9705e-07,64.494,1903.69,-2.763e-08,73.0018,2393.4,3.9185e-07,82.6317,3008.13,1.35379e-07,93.5318,3779.25,-4.16351e-08,105.869,4745.7,2.06965e-08,119.834,5955.6,-3.18887e-07,135.641,7468.12,-1.48271e-08,153.531,9355.62,2.00739e-07,173.781,11705.8,2.28358e-07,196.701,14624.1,-1.93587e-08,222.642,18235,-2.88101e-07,252.003,22683.4,-2.24732e-07,285.234,28134,8.56806e-09,322.845,34767,2.34258e-07,365.413,42770.9,2.99668e-07,413.588,52327.9,8.28644e-08,468.111,63591.2,-3.07049e-07,529.814,76653.2,-3.1888e-07,599.642,91502.5,-6.72276e-08,678.662,107975,2.26339e-07,768.083,125705,3.69212e-07,869.267,144088,2.04077e-07,983.76,162277,-2.80509e-07,1113.3,179223,-4.22737e-07,1259.87,193777,-1.71951e-07,1425.68,204839,4.55555e-07,11.7194,11.96,12.6541,2.21263,4.16949,0.989383,2.67766,5.84076,0.311842,3.14343,7.55825,0.0972771,3.63127,9.58578,0.0303237,4.15787,12.0912,0.00945211,4.73731,15.2286,0.00294633,5.38238,19.1721,0.000918508,6.10553,24.134,0.000286163,6.91951,30.3791,8.92692e-05,7.83792,38.2397,2.78121e-05,8.87555,48.1338,8.65134e-06,10.0489,60.5876,2.7882e-06,11.3761,76.2629,8.29036e-07,12.8779,95.9927,2.4373e-07,14.5775,120.825,1e-08,16.5012,152.08,1.75749e-07,18.6784,191.415,1e-08,21.1428,240.917,1.91829e-07,23.9322,303.213,1e-08,27.0895,381.602,7.0186e-08,30.6634,480.231,1e-08,34.7087,604.316,2.40784e-07,39.2876,760.401,9.87368e-08,44.4705,956.705,1.22263e-07,50.3371,1203.54,1e-08,56.9776,1513.81,1e-08,64.494,1903.69,1e-08,73.0018,2393.4,3.9185e-07,82.6317,3008.13,1.35379e-07,93.5318,3779.25,1e-08,105.869,4745.7,2.06965e-08,119.834,5955.6,1e-08,135.641,7468.12,1e-08,153.531,9355.62,2.00739e-07,173.781,11705.8,2.28358e-07,196.701,14624.1,1e-08,222.642,18235,1e-08,252.003,22683.4,1e-08,285.234,28134,1e-08,322.845,34767,2.34258e-07,365.413,42770.9,2.99668e-07,413.588,52327.9,8.28644e-08,468.111,63591.2,1e-08,529.814,76653.2,1e-08,599.642,91502.5,1e-08,678.662,107975,2.26339e-07,768.083,125705,3.69212e-07,869.267,144088,2.04077e-07,983.76,162277,1e-08,1113.3,179223,1e-08,1259.87,193777,1e-08,1425.68,204839,4.55555e-07,6.2823,3.27286,2.43537,0.219672,6.18826,2.24117,0.56371,6.87772,2.63624,0.308279,7,10,20,2,6,0,3,10,1,4,2,0,6,18,0,3,10,0,4,19,0,3,17,0,3,18,0,2,30,0,10,28,0,6,37,0,20,48,0,8,48,0,12,98,0,8,123,0,30,127,0,12,163,0,17,380,0,52,346,0,24,286,0,33,678,0,33,921,0,50,796,0,42,1556,0,34,1028,0,58,2160,0,84,1297,0,143,1977,0,150,3674,0,92,3453,0,127,3775,0,124,5455,0,150,8711,0,67,12862,0,203,7185,0,144,12487,0,246,16283,0,131,39292,0,182,23502,0,342,53625,0,327,78984,0,423,51517,0,724,49213,0,299,82667,0,382,75751,0,924,139218,0,254,95976,0,895,108177,0,952,95959,0,520,90318,0,2360,174811,0,1685,155062,0
-1.05176e+08,1,8.88811e-15,10,1023,0,1.05176e+08,0.528882,1.08665,0.389689,0.145397,0.379329,3.24381,0.161596,0.446195,1.77396,0.159177,1.15e+07,4.49998e+06,6.79999e+06,1.15e+07,4.49997e+06,6.79999e+06,1.15e+07,4.49996e+06,6.79999e+06,1.15e+07,4.49995e+06,6.79999e+06,1.14999e+07,4.49993e+06,6.79999e+06,1.14999e+07,4.49991e+06,6.79999e+06,1.14999e+07,4.49989e+06,6.79999e+06,1.14999e+07,4.49986e+06,6.79999e+06,1.14999e+07,4.49982e+06,6.79999e+06,1.14999e+07,4.49977e+06,6.79999e+06,1.14999e+07,4.49971e+06,6.79999e+06,1.14999e+07,4.49963e+06,6.79999e+06,1.14998e+07,4.49953e+06,6.79999e+06,1.14998e+07,4.49941e+06,6.79999e+06,1.14998e+07,4.49926e+06,6.79999e+06,1.14998e+07,4.49906e+06,6.79999e+06,1.14997e+07,4.49882e+06,6.79999e+06,1.14997e+07,4.49851e+06,6.79999e+06,1.14997e+07,4.49812e+06,6.79999e+06,1.14996e+07,4.49764e+06,6.79999e+06,1.14996e+07,4.49702e+06,6.79999e+06,1.14995e+07,4.49625e+06,6.79999e+06,1.14995e+07,4.49528e+06,6.79999e+06,1.14994e+07,4.49406e+06,6.79999e+06,1.14993e+07,4.49253e+06,6.79999e+06,1.14992e+07,4.49059e+06,6.79999e+06,1.14991e+07,4.48817e+06,6.79999e+06,1.1499e+07,4.48511e+06,6.79999e+06,1.14988e+07,4.48128e+06,6.79999e+06,1.14987e+07,4.47646e+06,6.79999e+06,1.14985e+07,4.47041e+06,6.79999e+06,1.14983e+07,4.46281e+06,6.79999e+06,1.14981e+07,4.4533e+06,6.79999e+06,1.14979e+07,4.44138e+06,6.79999e+06,1.14976e+07,4.42649e+06,6.79999e+06,1.14972e+07,4.40789e+06,6.79999e+06,1.14969e+07,4.38471e+06,6.79999e+06,1.14965e+07,4.35592e+06,6.79999e+06,1.1496e+07,4.32027e+06,6.79999e+06,1.14955e+07,4.27629e+06,6.79999e+06,1.14949e+07,4.22231e+06,6.79999e+06,1.14942e+07,4.15647e+06,6.79999e+06,1.14934e+07,4.07676e+06,6.79999e+06,1.14926e+07,3.98112e+06,6.79999e+06,1.14916e+07,3.86765e+06,6.79999e+06,1.14905e+07,3.73474e+06,6.79999e+06,1.14892e+07,3.58148e+06,6.79999e+06,1.14878e+07,3.40785e+06,6.79999e+06,1.14862e+07,3.21513e+06,6.79999e+06,1.14844e+07,3.00605e+06,6.79999e+06,1.14823e+07,2.7848e+06,6.79999e+06,1.148e+07,2.5568e+06,6.79999e+06,1.14773e+07,2.32825e+06,6.79999e+06,13.5742,8.52444,0.508366,16.8306,13.2585,0.162638,20.0035,17.569,0.0507846,23.2616,22.4214,0.0158319,26.7328,28.3297,0.00493498,30.5212,35.6974,0.00153831,34.7178,44.9473,0.000479527,39.4086,56.5822,0.000149456,44.6796,71.2245,4.66214e-05,50.6209,89.6543,1.45419e-05,57.3297,112.852,4.54748e-06,64.9129,142.051,1.43857e-06,73.4897,178.803,4.36618e-07,83.1934,225.062,1.40153e-07,94.1745,283.286,4.96378e-08,106.602,356.568,1.05434e-07,120.669,448.799,-6.49244e-08,136.59,564.873,1.70148e-07,154.611,710.948,-5.34594e-08,175.008,894.767,1.63407e-07,198.097,1126.06,8.04804e-08,224.231,1417.07,1.14667e-07,253.813,1783.15,-1.71227e-07,287.297,2243.62,-2.88466e-07,325.198,2822.67,-4.33651e-07,368.098,3550.67,7.9318e-08,416.657,4465.65,3.13319e-07,471.621,5615.16,3.4613e-07,533.835,7058.61,-1.19199e-07,604.255,8870.02,-2.79964e-07,683.962,11141.4,-2.30521e-07,774.182,13986.7,-2.55099e-07,876.299,17546.4,1.23585e-07,991.883,21993.1,1.41192e-07,1122.71,27536.7,-9.71886e-08,1270.78,34430.7,-3.68368e-07,1438.38,42977.7,-3.45379e-07,1628.07,53532.7,-3.25328e-09,1842.77,66504.6,2.6362e-07,2085.77,82350.2,2.53445e-07,2360.79,101560,-2.47407e-08,2672.05,124632,-3.80602e-07,3024.31,152018,-4.79005e-07,3422.98,184060,-1.14379e-07,3874.15,220884,2.64297e-07,4384.72,262283,3.44131e-07,4962.49,307576,7.5349e-08,5616.29,355497,-3.63097e-07,6356.1,404126,-6.05442e-07,7193.18,450932,-2.72333e-07,8140.28,492963,2.29675e-07,9211.79,527178,4.3387e-07,10424,550893,-1.0711e-07,10.102,8.06553,2.81012,10.6436,8.57909,0.869423,11.5336,10.2515,0.270869,12.7211,12.7138,0.0844293,14.1823,15.9373,0.0263173,15.9122,20.0383,0.0082035,17.9198,25.2154,0.00255722,20.2244,31.7373,0.000797017,22.8539,39.9486,0.000248622,25.8438,50.2851,7.75492e-05,29.237,63.2963,2.42508e-05,33.0837,79.6738,7.67162e-06,37.4415,100.288,2.32837e-06,42.3767,126.236,7.33e-07,47.9646,158.896,2.79256e-07,54.2906,200.003,9.87351e-09,61.452,251.741,1.61085e-07,69.5585,316.859,-2.47141e-07,78.7347,398.812,8.93552e-08,89.1218,501.948,-2.53231e-07,100.879,631.736,-1.25047e-07,114.188,795.049,-1.78808e-07,129.252,1000.53,2.6733e-07,146.304,1259.03,4.50292e-07,165.605,1584.19,6.76904e-07,187.452,1993.12,-1.23808e-07,212.181,2507.27,-4.89068e-07,240.173,3153.54,-5.40284e-07,271.856,3965.56,1.86061e-07,307.719,4985.38,4.37004e-07,348.313,6265.4,3.59828e-07,394.26,7870.83,3.98192e-07,446.268,9882.51,-1.92908e-07,505.135,12400.3,-2.20392e-07,571.766,15546.9,1.51705e-07,647.184,19472.2,5.74996e-07,732.547,24357.4,5.39112e-07,829.167,30420,5.07815e-09,938.526,37916.3,-4.11492e-07,1062.3,47143.9,-3.9561e-07,1202.4,58439.2,3.86185e-08,1360.96,72169.3,5.94093e-07,1540.42,88715.8,7.47693e-07,1743.53,108445,1.78537e-07,1973.41,131665,-4.12549e-07,2233.57,158557,-5.37164e-07,2528,189103,-1.17615e-07,2861.2,222986,5.66769e-07,3238.27,259510,9.45053e-07,3664.97,297540,4.25093e-07,4147.81,335497,-3.58506e-07,4694.17,371444,-6.7724e-07,5312.37,403256,1.67192e-07,1.61744,3.89446,9.84394,3.28846,7.5504,12.774,5.07607,11.7187,13.6844,7.03202,16.8147,13.9681,9.20215,23.1769,14.0566,11.6301,31.1672,14.0841,14.3598,41.2186,14.0927,17.4376,53.8688,14.0954,20.9137,69.7915,14.0962,24.8432,89.8341,14.0965,29.2879,115.063,14.0966,34.3168,146.819,14.0966,40.0078,186.792,14.0966,46.4487,237.107,14.0966,53.7388,300.44,14.0966,61.9903,380.158,14.0966,71.3301,480.499,14.0966,81.902,606.796,14.0966,93.8685,765.761,14.0966,107.414,965.837,14.0966,122.746,1217.65,14.0966,140.101,1534.57,14.0966,159.745,1933.41,14.0966,181.981,2435.3,14.0966,207.15,3066.85,14.0966,235.64,3861.46,14.0966,267.889,4861.11,14.0966,304.391,6118.54,14.0966,345.709,7699.91,14.0966,392.478,9688.22,14.0966,445.417,12187.5,14.0966,505.339,15327.7,14.0966,573.165,19271.6,14.0966,649.938,24222,14.0966,736.839,30430.9,14.0966,835.202,38211.5,14.0966,946.539,47950.3,14.0966,1072.56,60122.8,14.0966,1215.21,75309.9,14.0966,1376.66,94216.2,14.0966,1559.41,117688,14.0966,1766.26,146729,14.0966,2000.39,182510,14.0966,2265.39,226372,14.0966,2565.33,279806,14.0966,2904.81,344416,14.0966,3289.05,421845,14.0966,3723.93,513667,14.0966,4216.13,621231,14.0966,4773.18,745478,14.0966,5403.64,886744,14.0966,6117.15,1.04457e+06,14.0966,6924.63,1.2176e+06,14.0966,11.7194,11.96,12.6541,13.9321,16.1295,13.6434,16.6097,21.9702,13.9553,19.7532,29.5285,14.0526,23.3844,39.1143,14.0829,27.5423,51.2054,14.0923,32.2796,66.434,14.0953,37.662,85.6061,14.0962,43.7675,109.74,14.0965,50.687,140.119,14.0966,58.5249,178.359,14.0966,67.4005,226.493,14.0966,77.4493,287.08,14.0966,88.8254,363.343,14.0966,101.703,459.336,14.0966,116.281,580.161,14.0966,132.782,732.241,14.0966,151.46,923.655,14.0966,172.603,1164.57,14.0966,196.535,1467.79,14.0966,223.625,1849.39,14.0966,254.288,2329.62,14.0966,288.997,2933.93,14.0966,328.285,3694.33,14.0966,372.755,4651.04,14.0966,423.092,5854.57,14.0966,480.07,7368.38,14.0966,544.564,9272.08,14.0966,617.566,11665.5,14.0966,700.197,14673.6,14.0966,793.729,18452.9,14.0966,899.599,23198.6,14.0966,1019.43,29154.1,14.0966,1155.07,36622.3,14.0966,1308.6,45977.9,14.0966,1482.39,57683.7,14.0966,1679.09,72307.8,14.0966,1901.73,90542.8,14.0966,2153.73,113226,14.0966,2438.97,141360,14.0966,2761.81,176127,14.0966,3127.22,218898,14.0966,3540.81,271226,14.0966,4008.92,334817,14.0966,4538.74,411470,14.0966,5138.38,502973,14.0966,5817.04,610948,14.0966,6585.12,736653,14.0966,7454.39,880741,14.0966,8438.15,1.04302e+06,14.0966,9551.45,1.22224e+06,14.0966,10811.3,1.41602e+06,14.0966,12237,1.62086e+06,14.0966,11.7194,11.96,12.6541,2.21263,4.16949,0.989383,2.67766,5.84076,0.311842,3.14343,7.55825,0.0972771,3.63127,9.58578,0.0303237,4.15787,12.0912,0.00945211,4.73731,15.2286,0.00294633,5.38238,19.1721,0.000918508,6.10553,24.134,0.000286163,6.91951,30.3791,8.92692e-05,7.83792,38.2397,2.78121e-05,8.87555,48.1338,8.65134e-06,10.0489,60.5876,2.7882e-06,11.3761,76.2629,8.29036e-07,12.8779,95.9927,2.4373e-07,14.5775,120.825,4.33068e-09,16.5012,152.08,1.75749e-07,18.6784,191.415,-1.86328e-07,21.1428,240.917,1.91829e-07,23.9322,303.213,-1.81475e-07,27.0895,381.602,7.0186e-08,30.6634,480.231,-2.86769e-08,34.7087,604.316,2.40784e-07,39.2876,760.401,9.87368e-08,44.4705,956.705,1.22263e-07,50.3371,1203.54,-4.31966e-07,56.9776,1513.81,-1.9705e-07,64.494,1903.69,-2.763e-08,73.0018,2393.4,3.9185e-07,82.6317,3008.13,1.35379e-07,93.5318,3779.25,-4.16351e-08,105.869,4745.7,2.06965e-08,119.834,5955.6,-3.18887e-07,135.641,7468.12,-1.48271e-08,153.531,9355.62,2.00739e-07,173.781,11705.8,2.28358e-07,196.701,14624.1,-1.93587e-08,222.642,18235,-2.88101e-07,252.003,22683.4,-2.24732e-07,285.234,28134,8.56806e-09,322.845,34767,2.34258e-07,365.413,42770.9,2.99668e-07,413.588,52327.9,8.28644e-08,468.111,63591.2,-3.07049e-07,529.814,76653.2,-3.1888e-07,599.642,91502.5,-6.72276e-08,678.662,107975,2.26339e-07,768.083,125705,3.69212e-07,869.267,144088,2.04077e-07,983.76,162277,-2.80509e-07,1113.3,179223,-4.22737e-07,1259.87,193777,-1.71951e-07,1425.68,204839,4.55555e-07,11.7194,11.96,12.6541,2.21263,4.16949,0.989383,2.67766,5.84076,0.311842,3.14343,7.55825,0.0972771,3.63127,9.58578,0.0303237,4.15787,12.0912,0.00945211,4.73731,15.2286,0.00294633,5.38238,19.1721,0.000918508,6.10553,24.134,0.000286163,6.91951,30.3791,8.92692e-05,7.83792,38.2397,2.78121e-05,8.87555,48.1338,8.65134e-06,10.0489,60.5876,2.7882e-06,11.3761,76.2629,8.29036e-07,12.8779,95.9927,2.4373e-07,14.5775,120.825,1e-08,16.5012,152.08,1.75749e-07,18.6784,191.415,1e-08,21.1428,240.917,1.91829e-07,23.9322,303.213,1e-08,27.0895,381.602,7.0186e-08,30.6634,480.231,1e-08,34.7087,604.316,2.40784e-07,39.2876,760.401,9.87368e-08,44.4705,956.705,1.22263e-07,50.3371,1203.54,1e-08,56.9776,1513.81,1e-08,64.494,1903.69,1e-08,73.0018,2393.4,3.9185e-07,82.6317,3008.13,1.35379e-07,93.5318,3779.25,1e-08,105.869,4745.7,2.06965e-08,119.834,5955.6,1e-08,135.641,7468.12,1e-08,153.531,9355.62,2.00739e-07,173.781,11705.8,2.28358e-07,196.701,14624.1,1e-08,222.642,18235,1e-08,252.003,22683.4,1e-08,285.234,28134,1e-08,322.845,34767,2.34258e-07,365.413,42770.9,2.99668e-07,413.588,52327.9,8.28644e-08,468.111,63591.2,1e-08,529.814,76653.2,1e-08,599.642,91502.5,1e-08,678.662,107975,2.26339e-07,768.083,125705,3.69212e-07,869.267,144088,2.04077e-07,983.76,162277,1e-08,1113.3,179223,1e-08,1259.87,193777,1e-08,1425.68,204839,4.55555e-07,6.2823,3.27286,2.43537,0.219672,6.18826,2.24117,0.56371,6.87772,2.63624,0.308279,7,14,19,1,3,1,5,15,0,4,5,0,0,7,0,4,8,0,3,16,0,14,38,0,9,30,0,5,36,0,16,31,0,6,78,0,7,16,0,30,97,0,12,97,0,10,112,0,24,466,0,11,311,0,16,386,0,20,506,0,28,282,0,30,356,0,30,809,0,33,501,0,87,565,0,60,944,0,23,1185,0,114,1654,0,69,1626,0,82,3836,0,84,5116,0,59,2985,0,71,6894,0,77,3798,0,67,12889,0,166,10301,0,171,11773,0,247,15454,0,146,17256,0,208,44460,0,194,37110,0,222,54239,0,238,112929,0,341,36440,0,326,103050,0,1003,86026,0,776,122163,0,423,105259,0,928,89811,0,893,243907,0,631,194935,0,2553,264043,0,1968,215859,0
-1.05176e+08,1,8.88811e-15,10,1023,0,1.05176e+08,0.528882,1.08665,0.389689,0.145397,0.379329,3.24381,0.161596,0.446195,1.77396,0.159177,1.15e+07,4.49998e+06,6.79999e+06,1.15e+07,4.49997e+06,6.79999e+06,1.15e+07,4.49996e+06,6.79999e+06,1.15e+07,4.49995e+06,6.79999e+06,1.14999e+07,4.49993e+06,6.79999e+06,1.14999e+07,4.49991e+06,6.79999e+06,1.14999e+07,4.49989e+06,6.79999e+06,1.14999e+07,4.49986e+06,6.79999e+06,1.14999e+07,4.49982e+06,6.79999e+06,1.14999e+07,4.49977e+06,6.79999e+06,1.14999e+07,4.49971e+06,6.79999e+06,1.14999e+07,4.49963e+06,6.79999e+06,1.14998e+07,4.49953e+06,6.79999e+06,1.14998e+07,4.49941e+06,6.79999e+06,1.14998e+07,4.49926e+06,6.79999e+06,1.14998e+07,4.49906e+06,6.79999e+06,1.14997e+07,4.49882e+06,6.79999e+06,1.14997e+07,4.49851e+06,6.79999e+06,1.14997e+07,4.49812e+06,6.79999e+06,1.14996e+07,4.49764e+06,6.79999e+06,1.14996e+07,4.49702e+06,6.79999e+06,1.14995e+07,4.49625e+06,6.79999e+06,1.14995e+07,4.49528e+06,6.79999e+06,1.14994e+07,4.49406e+06,6.79999e+06,1.14993e+07,4.49253e+06,6.79999e+06,1.14992e+07,4.49059e+06,6.79999e+06,1.14991e+07,4.48817e+06,6.79999e+06,1.1499e+07,4.48511e+06,6.79999e+06,1.14988e+07,4.48128e+06,6.79999e+06,1.14987e+07,4.47646e+06,6.79999e+06,1.14985e+07,4.47041e+06,6.79999e+06,1.14983e+07,4.46281e+06,6.79999e+06,1.14981e+07,4.4533e+06,6.79999e+06,1.14979e+07,4.44138e+06,6.79999e+06,1.14976e+07,4.42649e+06,6.79999e+06,1.14972e+07,4.40789e+06,6.79999e+06,1.14969e+07,4.38471e+06,6.79999e+06,1.14965e+07,4.35592e+06,6.79999e+06,1.1496e+07,4.32027e+06,6.79999e+06,1.14955e+07,4.27629e+06,6.79999e+06,1.14949e+07,4.22231e+06,6.79999e+06,1.14942e+07,4.15647e+06,6.79999e+06,1.14934e+07,4.07676e+06,6.79999e+06,1.14926e+07,3.98112e+06,6.79999e+06,1.14916e+07,3.86765e+06,6.79999e+06,1.14905e+07,3.73474e+06,6.79999e+06,1.14892e+07,3.58148e+06,6.79999e+06,1.14878e+07,3.40785e+06,6.79999e+06,1.14862e+07,3.21513e+06,6.79999e+06,1.14844e+07,3.00605e+06,6.79999e+06,1.14823e+07,2.7848e+06,6.79999e+06,1.148e+07,2.5568e+06,6.79999e+06,1.14773e+07,2.32825e+06,6.79999e+06,13.5742,8.52444,0.508366,16.8306,13.2585,0.162638,20.0035,17.569,0.0507846,23.2616,22.4214,0.0158319,26.7328,28.3297,0.00493498,30.5212,35.6974,0.00153831,34.7178,44.9473,0.000479527,39.4086,56.5822,0.000149456,44.6796,71.2245,4.66214e-05,50.6209,89.6543,1.45419e-05,57.3297,112.852,4.54748e-06,64.9129,142.051,1.43857e-06,73.4897,178.803,4.36618e-07,83.1934,225.062,1.40153e-07,94.1745,283.286,4.96378e-08,106.602,356.568,1.05434e-07,120.669,448.799,-6.49244e-08,136.59,564.873,1.70148e-07,154.611,710.948,-5.34594e-08,175.008,894.767,1.63407e-07,198.097,1126.06,8.04804e-08,224.231,1417.07,1.14667e-07,253.813,1783.15,-1.71227e-07,287.297,2243.62,-2.88466e-07,325.198,2822.67,-4.33651e-07,368.098,3550.67,7.9318e-08,416.657,4465.65,3.13319e-07,471.621,5615.16,3.4613e-07,533.835,7058.61,-1.19199e-07,604.255,8870.02,-2.79964e-07,683.962,11141.4,-2.30521e-07,774.182,13986.7,-2.55099e-07,876.299,17546.4,1.23585e-07,991.883,21993.1,1.41192e-07,1122.71,27536.7,-9.71886e-08,1270.78,34430.7,-3.68368e-07,1438.38,42977.7,-3.45379e-07,1628.07,53532.7,-3.25328e-09,1842.77,66504.6,2.6362e-07,2085.77,82350.2,2.53445e-07,2360.79,101560,-2.47407e-08,2672.05,124632,-3.80602e-07,3024.31,152018,-4.79005e-07,3422.98,184060,-1.14379e-07,3874.15,220884,2.64297e-07,4384.72,262283,3.44131e-07,4962.49,307576,7.5349e-08,5616.29,355497,-3.63097e-07,6356.1,404126,-6.05442e-07,7193.18,450932,-2.72333e-07,8140.28,492963,2.29675e-07,9211.79,527178,4.3387e-07,10424,550893,-1.0711e-07,10.102,8.06553,2.81012,10.6436,8.57909,0.869423,11.5336,10.2515,0.270869,12.7211,12.7138,0.0844293,14.1823,15.9373,0.0263173,15.9122,20.0383,0.0082035,17.9198,25.2154,0.00255722,20.2244,31.7373,0.000797017,22.8539,39.9486,0.000248622,25.8438,50.2851,7.75492e-05,29.237,63.2963,2.42508e-05,33.0837,79.6738,7.67162e-06,37.4415,100.288,2.32837e-06,42.3767,126.236,7.33e-07,47.9646,158.896,2.79256e-07,54.2906,200.003,9.87351e-09,61.452,251.741,1.61085e-07,69.5585,316.859,-2.47141e-07,78.7347,398.812,8.93552e-08,89.1218,501.948,-2.53231e-07,100.879,631.736,-1.25047e-07,114.188,795.049,-1.78808e-07,129.252,1000.53,2.6733e-07,146.304,1259.03,4.50292e-07,165.605,1584.19,6.76904e-07,187.452,1993.12,-1.23808e-07,212.181,2507.27,-4.89068e-07,240.173,3153.54,-5.40284e-07,271.856,3965.56,1.86061e-07,307.719,4985.38,4.37004e-07,348.313,6265.4,3.59828e-07,394.26,7870.83,3.98192e-07,446.268,9882.51,-1.92908e-07,505.135,12400.3,-2.20392e-07,571.766,15546.9,1.51705e-07,647.184,19472.2,5.74996e-07,732.547,24357.4,5.39112e-07,829.167,30420,5.07815e-09,938.526,37916.3,-4.11492e-07,1062.3,47143.9,-3.9561e-07,1202.4,58439.2,3.86185e-08,1360.96,72169.3,5.94093e-07,1540.42,88715.8,7.47693e-07,1743.53,108445,1.78537e-07,1973.41,131665,-4.12549e-07,2233.57,158557,-5.37164e-07,2528,189103,-1.17615e-07,2861.2,222986,5.66769e-07,3238.27,259510,9.45053e-07,3664.97,297540,4.25093e-07,4147.81,335497,-3.58506e-07,4694.17,371444,-6.7724e-07,5312.37,403256,1.67192e-07,1.61744,3.89446,9.84394,3.28846,7.5504,12.774,5.07607,11.7187,13.6844,7.03202,16.8147,13.9681,9.20215,23.1769,14.0566,11.6301,31.1672,14.0841,14.3598,41.2186,14.0927,17.4376,53.8688,14.0954,20.9137,69.7915,14.0962,24.8432,89.8341,14.0965,29.2879,115.063,14.0966,34.3168,146.819,14.0966,40.0078,186.792,14.0966,46.4487,237.107,14.0966,53.7388,300.44,14.0966,61.9903,380.158,14.0966,71.3301,480.499,14.0966,81.902,606.796,14.0966,93.8685,765.761,14.0966,107.414,965.837,14.0966,122.746,1217.65,14.0966,140.101,1534.57,14.0966,159.745,1933.41,14.0966,181.981,2435.3,14.0966,207.15,3066.85,14.0966,235.64,3861.46,14.0966,267.889,4861.11,14.0966,304.391,6118.54,14.0966,345.709,7699.91,14.0966,392.478,9688.22,14.0966,445.417,12187.5,14.0966,505.339,15327.7,14.0966,573.165,19271.6,14.0966,649.938,24222,14.0966,736.839,30430.9,14.0966,835.202,38211.5,14.0966,946.539,47950.3,14.0966,1072.56,60122.8,14.0966,1215.21,75309.9,14.0966,1376.66,94216.2,14.0966,1559.41,117688,14.0966,1766.26,146729,14.0966,2000.39,182510,14.0966,2265.39,226372,14.0966,2565.33,279806,14.0966,2904.81,344416,14.0966,3289.05,421845,14.0966,3723.93,513667,14.0966,4216.13,621231,14.0966,4773.18,745478,14.0966,5403.64,886744,14.0966,6117.15,1.04457e+06,14.0966,6924.63,1.2176e+06,14.0966,11.7194,11.96,12.6541,13.9321,16.1295,13.6434,16.6097,21.9702,13.9553,19.7532,29.5285,14.0526,23.3844,39.1143,14.0829,27.5423,51.2054,14.0923,32.2796,66.434,14.0953,37.662,85.6061,14.0962,43.7675,109.74,14.0965,50.687,140.119,14.0966,58.5249,178.359,14.0966,67.4005,226.493,14.0966,77.4493,287.08,14.0966,88.8254,363.343,14.0966,101.703,459.336,14.0966,116.281,580.161,14.0966,132.782,732.241,14.0966,151.46,923.655,14.0966,172.603,1164.57,14.0966,196.535,1467.79,14.0966,223.625,1849.39,14.0966,254.288,2329.62,14.0966,288.997,2933.93,14.0966,328.285,3694.33,14.0966,372.755,4651.04,14.0966,423.092,5854.57,14.0966,480.07,7368.38,14.0966,544.564,9272.08,14.0966,617.566,11665.5,14.0966,700.197,14673.6,14.0966,793.729,18452.9,14.0966,899.599,23198.6,14.0966,1019.43,29154.1,14.0966,1155.07,36622.3,14.0966,1308.6,45977.9,14.0966,1482.39,57683.7,14.0966,1679.09,72307.8,14.0966,1901.73,90542.8,14.0966,2153.73,113226,14.0966,2438.97,141360,14.0966,2761.81,176127,14.0966,3127.22,218898,14.0966,3540.81,271226,14.0966,4008.92,334817,14.0966,4538.74,411470,14.0966,5138.38,502973,14.0966,5817.04,610948,14.0966,6585.12,736653,14.0966,7454.39,880741,14.0966,8438.15,1.04302e+06,14.0966,9551.45,1.22224e+06,14.0966,10811.3,1.41602e+06,14.0966,12237,1.62086e+06,14.0966,11.7194,11.96,12.6541,2.21263,4.16949,0.989383,2.67766,5.84076,0.311842,3.14343,7.55825,0.0972771,3.63127,9.58578,0.0303237,4.15787,12.0912,0.00945211,4.73731,15.2286,0.00294633,5.38238,19.1721,0.000918508,6.10553,24.134,0.000286163,6.91951,30.3791,8.92692e-05,7.83792,38.2397,2.78121e-05,8.87555,48.1338,8.65134e-06,10.0489,60.5876,2.7882e-06,11.3761,76.2629,8.29036e-07,12.8779,95.9927,2.4373e-07,14.5775,120.825,4.33068e-09,16.5012,152.08,1.75749e-07,18.6784,191.415,-1.86328e-07,21.1428,240.917,1.91829e-07,23.9322,303.213,-1.81475e-07,27.0895,381.602,7.0186e-08,30.6634,480.231,-2.86769e-08,34.7087,604.316,2.40784e-07,39.2876,760.401,9.87368e-08,44.4705,956.705,1.22263e-07,50.3371,1203.54,-4.31966e-07,56.9776,1513.81,-1.9705e-07,64.494,1903.69,-2.763e-08,73.0018,2393.4,3.9185e-07,82.6317,3008.13,1.35379e-07,93.5318,3779.25,-4.16351e-08,105.869,4745.7,2.06965e-08,119.834,5955.6,-3.18887e-07,135.641,7468.12,-1.48271e-08,153.531,9355.62,2.00739e-07,173.781,11705.8,2.28358e-07,196.701,14624.1,-1.93587e-08,222.642,18235,-2.88101e-07,252.003,22683.4,-2.24732e-07,285.234,28134,8.56806e-09,322.845,34767,2.34258e-07,365.413,42770.9,2.99668e-07,413.588,52327.9,8.28644e-08,468.111,63591.2,-3.07049e-07,529.814,76653.2,-3.1888e-07,599.642,91502.5,-6.72276e-08,678.662,107975,2.26339e-07,768.083,125705,3.69212e-07,869.267,144088,2.04077e-07,983.76,162277,-2.80509e-07,1113.3,179223,-4.22737e-07,1259.87,193777,-1.71951e-07,1425.68,204839,4.55555e-07,11.7194,11.96,12.6541,2.21263,4.16949,0.989383,2.67766,5.84076,0.311842,3.14343,7.55825,0.0972771,3.63127,9.58578,0.0303237,4.15787,12.0912,0.00945211,4.73731,15.2286,0.00294633,5.38238,19.1721,0.000918508,6.10553,24.134,0.000286163,6.91951,30.3791,8.92692e-05,7.83792,38.2397,2.78121e-05,8.87555,48.1338,8.65134e-06,10.0489,60.5876,2.7882e-06,11.3761,76.2629,8.29036e-07,12.8779,95.9927,2.4373e-07,14.5775,120.825,1e-08,16.5012,152.08,1.75749e-07,18.6784,191.415,1e-08,21.1428,240.917,1.91829e-07,23.9322,303.213,1e-08,27.0895,381.602,7.0186e-08,30.6634,480.231,1e-08,34.7087,604.316,2.40784e-07,39.2876,760.401,9.87368e-08,44.4705,956.705,1.22263e-07,50.3371,1203.54,1e-08,56.9776,1513.81,1e-08,64.494,1903.69,1e-08,73.0018,2393.4,3.9185e-07,82.6317,3008.13,1.35379e-07,93.5318,3779.25,1e-08,105.869,4745.7,2.06965e-08,119.834,5955.6,1e-08,135.641,7468.12,1e-08,153.531,9355.62,2.00739e-07,173.781,11705.8,2.28358e-07,196.701,14624.1,1e-08,222.642,18235,1e-08,252.003,22683.4,1e-08,285.234,28134,1e-08,322.845,34767,2.34258e-07,365.413,42770.9,2.99668e-07,413.588,52327.9,8.28644e-08,468.111,63591.2,1e-08,529.814,76653.2,1e-08,599.642,91502.5,1e-08,678.662,107975,2.26339e-07,768.083,125705,3.69212e-07,869.267,144088,2.04077e-07,983.76,162277,1e-08,1113.3,179223,1e-08,1259.87,193777,1e-08,1425.68,204839,4.55555e-07,6.2823,3.27286,2.43537,0.219672,6.18826,2.24117,0.56371,6.87772,2.63624,0.308279,16,12,8,1,7,0,1,7,0,4,12,0,6,6,0,1,5,0,3,5,0,3,18,0,1,31,0,15,26,0,9,34,0,14,67,0,5,20,0,11,24,0,18,47,0,10,85,0,11,200,0,11,202,0,20,331,0,15,183,0,35,168,0,75,275,0,38,398,0,24,858,0,61,825,0,64,1025,0,38,1815,0,50,665,0,58,1850,0,50,2237,0,124,4338,0,122,9630,0,115,3922,0,172,5491,0,92,10653,0,247,14812,0,172,12050,0,152,12535,0,220,45684,0,344,9491,0,254,13863,0,287,31497,0,458,23484,0,768,49799,0,437,77127,0,393,60747,0,811,182348,0,772,207458,0,1260,123511,0,740,254785,0,1028,217400,0,912,227743,0,1484,160501,0
-1.05176e+08,1,8.88811e-15,10,1023,0,1.05176e+08,0.528882,1.08665,0.389689,0.145397,0.379329,3.24381,0.161596,0.446195,1.77396,0.159177,1.15e+07,4.49998e+06,6.79999e+06,1.15e+07,4.49997e+06,6.79999e+06,1.15e+07,4.49996e+06,6.79999e+06,1.15e+07,4.49995e+06,6.79999e+06,1.14999e+07,4.49993e+06,6.79999e+06,1.14999e+07,4.49991e+06,6.79999e+06,1.14999e+07,4.49989e+06,6.79999e+06,1.14999e+07,4.49986e+06,6.79999e+06,1.14999e+07,4.49982e+06,6.79999e+06,1.14999e+07,4.49977e+06,6.79999e+06,1.14999e+07,4.49971e+06,6.79999e+06,1.14999e+07,4.49963e+06,6.79999e+06,1.14998e+07,4.49953e+06,6.79999e+06,1.14998e+07,4.49941e+06,6.79999e+06,1.14998e+07,4.49926e+06,6.79999e+06,1.14998e+07,4.49906e+06,6.79999e+06,1.14997e+07,4.49882e+06,6.79999e+06,1.14997e+07,4.49851e+06,6.79999e+06,1.14997e+07,4.49812e+06,6.79999e+06,1.14996e+07,4.49764e+06,6.79999e+06,1.14996e+07,4.49702e+06,6.79999e+06,1.14995e+07,4.49625e+06,6.79999e+06,1.14995e+07,4.49528e+06,6.79999e+06,1.14994e+07,4.49406e+06,6.79999e+06,1.14993e+07,4.49253e+06,6.79999e+06,1.14992e+07,4.49059e+06,6.79999e+06,1.14991e+07,4.48817e+06,6.79999e+06,1.1499e+07,4.48511e+06,6.79999e+06,1.14988e+07,4.48128e+06,6.79999e+06,1.14987e+07,4.47646e+06,6.79999e+06,1.14985e+07,4.47041e+06,6.79999e+06,1.14983e+07,4.46281e+06,6.79999e+06,1.14981e+07,4.4533e+06,6.79999e+06,1.14979e+07,4.44138e+06,6.79999e+06,1.14976e+07,4.42649e+06,6.79999e+06,1.14972e+07,4.40789e+06,6.79999e+06,1.14969e+07,4.38471e+06,6.79999e+06,1.14965e+07,4.35592e+06,6.79999e+06,1.1496e+07,4.32027e+06,6.79999e+06,1.14955e+07,4.27629e+06,6.79999e+06,1.14949e+07,4.22231e+06,6.79999e+06,1.14942e+07,4.15647e+06,6.79999e+06,1.14934e+07,4.07676e+06,6.79999e+06,1.14926e+07,3.98112e+06,6.79999e+06,1.14916e+07,3.86765e+06,6.79999e+06,1.14905e+07,3.73474e+06,6.79999e+06,1.14892e+07,3.58148e+06,6.79999e+06,1.14878e+07,3.40785e+06,6.79999e+06,1.14862e+07,3.21513e+06,6.79999e+06,1.14844e+07,3.00605e+06,6.79999e+06,1.14823e+07,2.7848e+06,6.79999e+06,1.148e+07,2.5568e+06,6.79999e+06,1.14773e+07,2.32825e+06,6.79999e+06,13.5742,8.52444,0.508366,16.8306,13.2585,0.162638,20.0035,17.569,0.0507846,23.2616,22.4214,0.0158319,26.7328,28.3297,0.00493498,30.5212,35.6974,0.00153831,34.7178,44.9473,0.000479527,39.4086,56.5822,0.000149456,44.6796,71.2245,4.66214e-05,50.6209,89.6543,1.45419e-05,57.3297,112.852,4.54748e-06,64.9129,142.051,1.43857e-06,73.4897,178.803,4.36618e-07,83.1934,225.062,1.40153e-07,94.1745,283.286,4.96378e-08,106.602,356.568,1.05434e-07,120.669,448.799,-6.49244e-08,136.59,564.873,1.70148e-07,154.611,710.948,-5.34594e-08,175.008,894.767,1.63407e-07,198.097,1126.06,8.04804e-08,224.231,1417.07,1.14667e-07,253.813,1783.15,-1.71227e-07,287.297,2243.62,-2.88466e-07,325.198,2822.67,-4.33651e-07,368.098,3550.67,7.9318e-08,416.657,4465.65,3.13319e-07,471.621,5615.16,3.4613e-07,533.835,7058.61,-1.19199e-07,604.255,8870.02,-2.79964e-07,683.962,11141.4,-2.30521e-07,774.182,13986.7,-2.55099e-07,876.299,17546.4,1.23585e-07,991.883,21993.1,1.41192e-07,1122.71,27536.7,-9.71886e-08,1270.78,34430.7,-3.68368e-07,1438.38,42977.7,-3.45379e-07,1628.07,53532.7,-3.25328e-09,1842.77,66504.6,2.6362e-07,2085.77,82350.2,2.53445e-07,2360.79,101560,-2.47407e-08,2672.05,124632,-3.80602e-07,3024.31,152018,-4.79005e-07,3422.98,184060,-1.14379e-07,3874.15,220884,2.64297e-07,4384.72,262283,3.44131e-07,4962.49,307576,7.5349e-08,5616.29,355497,-3.63097e-07,6356.1,404126,-6.05442e-07,7193.18,450932,-2.72333e-07,8140.28,492963,2.29675e-07,9211.79,527178,4.3387e-07,10424,550893,-1.0711e-07,10.102,8.06553,2.81012,10.6436,8.57909,0.869423,11.5336,10.2515,0.270869,12.7211,12.7138,0.0844293,14.1823,15.9373,0.0263173,15.9122,20.0383,0.0082035,17.9198,25.2154,0.00255722,20.2244,31.7373,0.000797017,22.8539,39.9486,0.000248622,25.8438,50.2851,7.75492e-05,29.237,63.2963,2.42508e-05,33.0837,79.6738,7.67162e-06,37.4415,100.288,2.32837e-06,42.3767,126.236,7.33e-07,47.9646,158.896,2.79256e-07,54.2906,200.003,9.87351e-09,61.452,251.741,1.61085e-07,69.5585,316.859,-2.47141e-07,78.7347,398.812,8.93552e-08,89.1218,501.948,-2.53231e-07,100.879,631.736,-1.25047e-07,114.188,795.049,-1.78808e-07,129.252,1000.53,2.6733e-07,146.304,1259.03,4.50292e-07,165.605,1584.19,6.76904e-07,187.452,1993.12,-1.23808e-07,212.181,2507.27,-4.89068e-07,240.173,3153.54,-5.40284e-07,271.856,3965.56,1.86061e-07,307.719,4985.38,4.37004e-07,348.313,6265.4,3.59828e-07,394.26,7870.83,3.98192e-07,446.268,9882.51,-1.92908e-07,505.135,12400.3,-2.20392e-07,571.766,15546.9,1.51705e-07,647.184,19472.2,5.74996e-07,732.547,24357.4,5.39112e-07,829.167,30420,5.07815e-09,938.526,37916.3,-4.11492e-07,1062.3,47143.9,-3.9561e-07,1202.4,58439.2,3.86185e-08,1360.96,72169.3,5.94093e-07,1540.42,88715.8,7.47693e-07,1743.53,108445,1.78537e-07,1973.41,131665,-4.12549e-07,2233.57,158557,-5.37164e-07,2528,189103,-1.17615e-07,2861.2,222986,5.66769e-07,3238.27,259510,9.45053e-07,3664.97,297540,4.25093e-07,4147.81,335497,-3.58506e-07,4694.17,371444,-6.7724e-07,5312.37,403256,1.67192e-07,1.61744,3.89446,9.84394,3.28846,7.5504,12.774,5.07607,11.7187,13.6844,7.03202,16.8147,13.9681,9.20215,23.1769,14.0566,11.6301,31.1672,14.0841,14.3598,41.2186,14.0927,17.4376,53.8688,14.0954,20.9137,69.7915,14.0962,24.8432,89.8341,14.0965,29.2879,115.063,14.0966,34.3168,146.819,14.0966,40.0078,186.792,14.0966,46.4487,237.107,14.0966,53.7388,300.44,14.0966,61.9903,380.158,14.0966,71.3301,480.499,14.0966,81.902,606.796,14.0966,93.8685,765.761,14.0966,107.414,965.837,14.0966,122.746,1217.65,14.0966,140.101,1534.57,14.0966,159.745,1933.41,14.0966,181.981,2435.3,14.0966,207.15,3066.85,14.0966,235.64,3861.46,14.0966,267.889,4861.11,14.0966,304.391,6118.54,14.0966,345.709,7699.91,14.0966,392.478,9688.22,14.0966,445.417,12187.5,14.0966,505.339,15327.7,14.0966,573.165,19271.6,14.0966,649.938,24222,14.0966,736.839,30430.9,14.0966,835.202,38211.5,14.0966,946.539,47950.3,14.0966,1072.56,60122.8,14.0966,1215.21,75309.9,14.0966,1376.66,94216.2,14.0966,1559.41,117688,14.0966,1766.26,146729,14.0966,2000.39,182510,14.0966,2265.39,226372,14.0966,2565.33,279806,14.0966,2904.81,344416,14.0966,3289.05,421845,14.0966,3723.93,513667,14.0966,4216.13,621231,14.0966,4773.18,745478,14.0966,5403.64,886744,14.0966,6117.15,1.04457e+06,14.0966,6924.63,1.2176e+06,14.0966,11.7194,11.96,12.6541,13.9321,16.1295,13.6434,16.6097,21.9702,13.9553,19.7532,29.5285,14.0526,23.3844,39.1143,14.0829,27.5423,51.2054,14.0923,32.2796,66.434,14.0953,37.662,85.6061,14.0962,43.7675,109.74,14.0965,50.687,140.119,14.0966,58.5249,178.359,14.0966,67.4005,226.493,14.0966,77.4493,287.08,14.0966,88.8254,363.343,14.0966,101.703,459.336,14.0966,116.281,580.161,14.0966,132.782,732.241,14.0966,151.46,923.655,14.0966,172.603,1164.57,14.0966,196.535,1467.79,14.0966,223.625,1849.39,14.0966,254.288,2329.62,14.0966,288.997,2933.93,14.0966,328.285,3694.33,14.0966,372.755,4651.04,14.0966,423.092,5854.57,14.0966,480.07,7368.38,14.0966,544.564,9272.08,14.0966,617.566,11665.5,14.0966,700.197,14673.6,14.0966,793.729,18452.9,14.0966,899.599,23198.6,14.0966,1019.43,29154.1,14.0966,1155.07,36622.3,14.0966,1308.6,45977.9,14.0966,1482.39,57683.7,14.0966,1679.09,72307.8,14.0966,1901.73,90542.8,14.0966,2153.73,113226,14.0966,2438.97,141360,14.0966,2761.81,176127,14.0966,3127.22,218898,14.0966,3540.81,271226,14.0966,4008.92,334817,14.0966,4538.74,411470,14.0966,5138.38,502973,14.0966,5817.04,610948,14.0966,6585.12,736653,14.0966,7454.39,880741,14.0966,8438.15,1.04302e+06,14.0966,9551.45,1.22224e+06,14.0966,10811.3,1.41602e+06,14.0966,12237,1.62086e+06,14.0966,11.7194,11.96,12.6541,2.21263,4.16949,0.989383,2.67766,5.84076,0.311842,3.14343,7.55825,0.0972771,3.63127,9.58578,0.0303237,4.15787,12.0912,0.00945211,4.73731,15.2286,0.00294633,5.38238,19.1721,0.000918508,6.10553,24.134,0.000286163,6.91951,30.3791,8.92692e-05,7.83792,38.2397,2.78121e-05,8.87555,48.1338,8.65134e-06,10.0489,60.5876,2.7882e-06,11.3761,76.2629,8.29036e-07,12.8779,95.9927,2.4373e-07,14.5775,120.825,4.33068e-09,16.5012,152.08,1.75749e-07,18.6784,191.415,-1.86328e-07,21.1428,240.917,1.91829e-07,23.9322,303.213,-1.81475e-07,27.0895,381.602,7.0186e-08,30.6634,480.231,-2.86769e-08,34.7087,604.316,2.40784e-07,39.2876,760.401,9.87368e-08,44.4705,956.705,1.22263e-07,50.3371,1203.54,-4.31966e-07,56.9776,1513.81,-1.9705e-07,64.494,1903.69,-2.763e-08,73.0018,2393.4,3.9185e-07,82.6317,3008.13,1.35379e-07,93.5318,3779.25,-4.16351e-08,105.869,4745.7,2.06965e-08,119.834,5955.6,-3.18887e-07,135.641,7468.12,-1.48271e-08,153.531,9355.62,2.00739e-07,173.781,11705.8,2.28358e-07,196.701,14624.1,-1.93587e-08,222.642,18235,-2.88101e-07,252.003,22683.4,-2.24732e-07,285.234,28134,8.56806e-09,322.845,34767,2.34258e-07,365.413,42770.9,2.99668e-07,413.588,52327.9,8.28644e-08,468.111,63591.2,-3.07049e-07,529.814,76653.2,-3.1888e-07,599.642,91502.5,-6.72276e-08,678.662,107975,2.26339e-07,768.083,125705,3.69212e-07,869.267,144088,2.04077e-07,983.76,162277,-2.80509e-07,1113.3,179223,-4.22737e-07,1259.87,193777,-1.71951e-07,1425.68,204839,4.55555e-07,11.7194,11.96,12.6541,2.21263,4.16949,0.989383,2.67766,5.84076,0.311842,3.14343,7.55825,0.0972771,3.63127,9.58578,0.0303237,4.15787,12.0912,0.00945211,4.73731,15.2286,0.00294633,5.38238,19.1721,0.000918508,6.10553,24.134,0.000286163,6.91951,30.3791,8.92692e-05,7.83792,38.2397,2.78121e-05,8.87555,48.1338,8.65134e-06,10.0489,60.5876,2.7882e-06,11.3761,76.2629,8.29036e-07,12.8779,95.9927,2.4373e-07,14.5775,120.825,1e-08,16.5012,152.08,1.75749e-07,18.6784,191.415,1e-08,21.1428,240.917,1.91829e-07,23.9322,303.213,1e-08,27.0895,381.602,7.0186e-08,30.6634,480.231,1e-08,34.7087,604.316,2.40784e-07,39.2876,760.401,9.87368e-08,44.4705,956.705,1.22263e-07,50.3371,1203.54,1e-08,56.9776,1513.81,1e-08,64.494,1903.69,1e-08,73.0018,2393.4,3.9185e-07,82.6317,3008.13,1.35379e-07,93.5318,3779.25,1e-08,105.869,4745.7,2.06965e-08,119.834,5955.6,1e-08,135.641,7468.12,1e-08,153.531,9355.62,2.00739e-07,173.781,11705.8,2.28358e-07,196.701,14624.1,1e-08,222.642,18235,1e-08,252.003,22683.4,1e-08,285.234,28134,1e-08,322.845,34767,2.34258e-07,365.413,42770.9,2.99668e-07,413.588,52327.9,8.28644e-08,468.111,63591.2,1e-08,529.814,76653.2,1e-08,599.642,91502.5,1e-08,678.662,107975,2.26339e-07,768.083,125705,3.69212e-07,869.267,144088,2.04077e-07,983.76,162277,1e-08,1113.3,179223,1e-08,1259.87,193777,1e-08,1425.68,204839,4.55555e-07,6.2823,3.27286,2.43537,0.219672,6.18826,2.24117,0.56371,6.87772,2.63624,0.308279,9,25,5,2,4,0,3,7,1,2,13,0,1,6,0,5,18,0,3,12,0,3,32,0,7,9,0,10,22,0,15,38,0,7,55,0,11,76,0,12,107,0,11,84,0,9,173,0,16,60,0,13,218,0,18,178,0,37,113,0,14,293,0,29,191,0,22,680,0,36,838,0,53,1057,0,25,329,0,24,2212,0,46,1511,0,77,1034,0,187,4561,0,37,10636,0,88,3359,0,127,6502,0,170,9013,0,94,9228,0,191,6691,0,296,14307,0,201,16685,0,394,17891,0,255,18535,0,360,18014,0,184,38949,0,612,30402,0,791,77553,0,237,86369,0,814,96071,0,992,173397,0,853,256392,0,1488,235607,0,591,185709,0,1123,209128,0,461,95782,0,772,196941,0
-1.05176e+08,1,8.88811e-15,10,1023,0,1.05176e+08,0.528882,1.08665,0.389689,0.145397,0.379329,3.24381,0.161596,0.446195,1.77396,0.159177,1.15e+07,4.49998e+06,6.79999e+06,1.15e+07,4.49997e+06,6.79999e+06,1.15e+07,4.49996e+06,6.79999e+06,1.15e+07,4.49995e+06,6.79999e+06,1.14999e+07,4.49993e+06,6.79999e+06,1.14999e+07,4.49991e+06,6.79999e+06,1.14999e+07,4.49989e+06,6.79999e+06,1.14999e+07,4.49986e+06,6.79999e+06,1.14999e+07,4.49982e+06,6.79999e+06,1.14999e+07,4.49977e+06,6.79999e+06,1.14999e+07,4.49971e+06,6.79999e+06,1.14999e+07,4.49963e+06,6.79999e+06,1.14998e+07,4.49953e+06,6.79999e+06,1.14998e+07,4.49941e+06,6.79999e+06,1.14998e+07,4.49926e+06,6.79999e+06,1.14998e+07,4.49906e+06,6.79999e+06,1.14997e+07,4.49882e+06,6.79999e+06,1.14997e+07,4.49851e+06,6.79999e+06,1.14997e+07,4.49812e+06,6.79999e+06,1.14996e+07,4.49764e+06,6.79999e+06,1.14996e+07,4.49702e+06,6.79999e+06,1.14995e+07,4.49625e+06,6.79999e+06,1.14995e+07,4.49528e+06,6.79999e+06,1.14994e+07,4.49406e+06,6.79999e+06,1.14993e+07,4.49253e+06,6.79999e+06,1.14992e+07,4.49059e+06,6.79999e+06,1.14991e+07,4.48817e+06,6.79999e+06,1.1499e+07,4.48511e+06,6.79999e+06,1.14988e+07,4.48128e+06,6.79999e+06,1.14987e+07,4.47646e+06,6.79999e+06,1.14985e+07,4.47041e+06,6.79999e+06,1.14983e+07,4.46281e+06,6.79999e+06,1.14981e+07,4.4533e+06,6.79999e+06,1.14979e+07,4.44138e+06,6.79999e+06,1.14976e+07,4.42649e+06,6.79999e+06,1.14972e+07,4.40789e+06,6.79999e+06,1.14969e+07,4.38471e+06,6.79999e+06,1.14965e+07,4.35592e+06,6.79999e+06,1.1496e+07,4.32027e+06,6.79999e+06,1.14955e+07,4.27629e+06,6.79999e+06,1.14949e+07,4.22231e+06,6.79999e+06,1.14942e+07,4.15647e+06,6.79999e+06,1.14934e+07,4.07676e+06,6.79999e+06,1.14926e+07,3.98112e+06,6.79999e+06,1.14916e+07,3.86765e+06,6.79999e+06,1.14905e+07,3.73474e+06,6.79999e+06,1.14892e+07,3.58148e+06,6.79999e+06,1.14878e+07,3.40785e+06,6.79999e+06,1.14862e+07,3.21513e+06,6.79999e+06,1.14844e+07,3.00605e+06,6.79999e+06,1.14823e+07,2.7848e+06,6.79999e+06,1.148e+07,2.5568e+06,6.79999e+06,1.14773e+07,2.32825e+06,6.79999e+06,13.5742,8.52444,0.508366,16.8306,13.2585,0.162638,20.0035,17.569,0.0507846,23.2616,22.4214,0.0158319,26.7328,28.3297,0.00493498,30.5212,35.6974,0.00153831,34.7178,44.9473,0.000479527,39.4086,56.5822,0.000149456,44.6796,71.2245,4.66214e-05,50.6209,89.6543,1.45419e-05,57.3297,112.852,4.54748e-06,64.9129,142.051,1.43857e-06,73.4897,178.803,4.36618e-07,83.1934,225.062,1.40153e-07,94.1745,283.286,4.96378e-08,106.602,356.568,1.05434e-07,120.669,448.799,-6.49244e-08,136.59,564.873,1.70148e-07,154.611,710.948,-5.34594e-08,175.008,894.767,1.63407e-07,198.097,1126.06,8.04804e-08,224.231,1417.07,1.14667e-07,253.813,1783.15,-1.71227e-07,287.297,2243.62,-2.88466e-07,325.198,2822.67,-4.33651e-07,368.098,3550.67,7.9318e-08,416.657,4465.65,3.13319e-07,471.621,5615.16,3.4613e-07,533.835,7058.61,-1.19199e-07,604.255,8870.02,-2.79964e-07,683.962,11141.4,-2.30521e-07,774.182,13986.7,-2.55099e-07,876.299,17546.4,1.23585e-07,991.883,21993.1,1.41192e-07,1122.71,27536.7,-9.71886e-08,1270.78,34430.7,-3.68368e-07,1438.38,42977.7,-3.45379e-07,1628.07,53532.7,-3.25328e-09,1842.77,66504.6,2.6362e-07,2085.77,82350.2,2.53445e-07,2360.79,101560,-2.47407e-08,2672.05,124632,-3.80602e-07,3024.31,152018,-4.79005e-07,3422.98,184060,-1.14379e-07,3874.15,220884,2.64297e-07,4384.72,262283,3.44131e-07,4962.49,307576,7.5349e-08,5616.29,355497,-3.63097e-07,6356.1,404126,-6.05442e-07,7193.18,450932,-2.72333e-07,8140.28,492963,2.29675e-07,9211.79,527178,4.3387e-07,10424,550893,-1.0711e-07,10.102,8.06553,2.81012,10.6436,8.57909,0.869423,11.5336,10.2515,0.270869,12.7211,12.7138,0.0844293,14.1823,15.9373,0.0263173,15.9122,20.0383,0.0082035,17.9198,25.2154,0.00255722,20.2244,31.7373,0.000797017,22.8539,39.9486,0.000248622,25.8438,50.2851,7.75492e-05,29.237,63.2963,2.42508e-05,33.0837,79.6738,7.67162e-06,37.4415,100.288,2.32837e-06,42.3767,126.236,7.33e-07,47.9646,158.896,2.79256e-07,54.2906,200.003,9.87351e-09,61.452,251.741,1.61085e-07,69.5585,316.859,-2.47141e-07,78.7347,398.812,8.93552e-08,89.1218,501.948,-2.53231e-07,100.879,631.736,-1.25047e-07,114.188,795.049,-1.78808e-07,129.252,1000.53,2.6733e-07,146.304,1259.03,4.50292e-07,165.605,1584.19,6.76904e-07,187.452,1993.12,-1.23808e-07,212.181,2507.27,-4.89068e-07,240.173,3153.54,-5.40284e-07,271.856,3965.56,1.86061e-07,307.719,4985.38,4.37004e-07,348.313,6265.4,3.59828e-07,394.26,7870.83,3.98192e-07,446.268,9882.51,-1.92908e-07,505.135,12400.3,-2.20392e-07,571.766,15546.9,1.51705e-07,647.184,19472.2,5.74996e-07,732.547,24357.4,5.39112e-07,829.167,30420,5.07815e-09,938.526,37916.3,-4.11492e-07,1062.3,47143.9,-3.9561e-07,1202.4,58439.2,3.86185e-08,1360.96,72169.3,5.94093e-07,1540.42,88715.8,7.47693e-07,1743.53,108445,1.78537e-07,1973.41,131665,-4.12549e-07,2233.57,158557,-5.37164e-07,2528,189103,-1.17615e-07,2861.2,222986,5.66769e-07,3238.27,259510,9.45053e-07,3664.97,297540,4.25093e-07,4147.81,335497,-3.58506e-07,4694.17,371444,-6.7724e-07,5312.37,403256,1.67192e-07,1.61744,3.89446,9.84394,3.28846,7.5504,12.774,5.07607,11.7187,13.6844,7.03202,16.8147,13.9681,9.20215,23.1769,14.0566,11.6301,31.1672,14.0841,14.3598,41.2186,14.0927,17.4376,53.8688,14.0954,20.9137,69.7915,14.0962,24.8432,89.8341,14.0965,29.2879,115.063,14.0966,34.3168,146.819,14.0966,40.0078,186.792,14.0966,46.4487,237.107,14.0966,53.7388,300.44,14.0966,61.9903,380.158,14.0966,71.3301,480.499,14.0966,81.902,606.796,14.0966,93.8685,765.761,14.0966,107.414,965.837,14.0966,122.746,1217.65,14.0966,140.101,1534.57,14.0966,159.745,1933.41,14.0966,181.981,2435.3,14.0966,207.15,3066.85,14.0966,235.64,3861.46,14.0966,267.889,4861.11,14.0966,304.391,6118.54,14.0966,345.709,7699.91,14.0966,392.478,9688.22,14.0966,445.417,12187.5,14.0966,505.339,15327.7,14.0966,573.165,19271.6,14.0966,649.938,24222,14.0966,736.839,30430.9,14.0966,835.202,38211.5,14.0966,946.539,47950.3,14.0966,1072.56,60122.8,14.0966,1215.21,75309.9,14.0966,1376.66,94216.2,14.0966,1559.41,117688,14.0966,1766.26,146729,14.0966,2000.39,182510,14.0966,2265.39,226372,14.0966,2565.33,279806,14.0966,2904.81,344416,14.0966,3289.05,421845,14.0966,3723.93,513667,14.0966,4216.13,621231,14.0966,4773.18,745478,14.0966,5403.64,886744,14.0966,6117.15,1.04457e+06,14.0966,6924.63,1.2176e+06,14.0966,11.7194,11.96,12.6541,13.9321,16.1295,13.6434,16.6097,21.9702,13.9553,19.7532,29.5285,14.0526,23.3844,39.1143,14.0829,27.5423,51.2054,14.0923,32.2796,66.434,14.0953,37.662,85.6061,14.0962,43.7675,109.74,14.0965,50.687,140.119,14.0966,58.5249,178.359,14.0966,67.4005,226.493,14.0966,77.4493,287.08,14.0966,88.8254,363.343,14.0966,101.703,459.336,14.0966,116.281,580.161,14.0966,132.782,732.241,14.0966,151.46,923.655,14.0966,172.603,1164.57,14.0966,196.535,1467.79,14.0966,223.625,1849.39,14.0966,254.288,2329.62,14.0966,288.997,2933.93,14.0966,328.285,3694.33,14.0966,372.755,4651.04,14.0966,423.092,5854.57,14.0966,480.07,7368.38,14.0966,544.564,9272.08,14.0966,617.566,11665.5,14.0966,700.197,14673.6,14.0966,793.729,18452.9,14.0966,899.599,23198.6,14.0966,1019.43,29154.1,14.0966,1155.07,36622.3,14.0966,1308.6,45977.9,14.0966,1482.39,57683.7,14.0966,1679.09,72307.8,14.0966,1901.73,90542.8,14.0966,2153.73,113226,14.0966,2438.97,141360,14.0966,2761.81,176127,14.0966,3127.22,218898,14.0966,3540.81,271226,14.0966,4008.92,334817,14.0966,4538.74,411470,14.0966,5138.38,502973,14.0966,5817.04,610948,14.0966,6585.12,736653,14.0966,7454.39,880741,14.0966,8438.15,1.04302e+06,14.0966,9551.45,1.22224e+06,14.0966,10811.3,1.41602e+06,14.0966,12237,1.62086e+06,14.0966,11.7194,11.96,12.6541,2.21263,4.16949,0.989383,2.67766,5.84076,0.311842,3.14343,7.55825,0.0972771,3.63127,9.58578,0.0303237,4.15787,12.0912,0.00945211,4.73731,15.2286,0.00294633,5.38238,19.1721,0.000918508,6.10553,24.134,0.000286163,6.91951,30.3791,8.92692e-05,7.83792,38.2397,2.78121e-05,8.87555,48.1338,8.65134e-06,10.0489,60.5876,2.7882e-06,11.3761,76.2629,8.29036e-07,12.8779,95.9927,2.4373e-07,14.5775,120.825,4.33068e-09,16.5012,152.08,1.75749e-07,18.6784,191.415,-1.86328e-07,21.1428,240.917,1.91829e-07,23.9322,303.213,-1.81475e-07,27.0895,381.602,7.0186e-08,30.6634,480.231,-2.86769e-08,34.7087,604.316,2.40784e-07,39.2876,760.401,9.87368e-08,44.4705,956.705,1.22263e-07,50.3371,1203.54,-4.31966e-07,56.9776,1513.81,-1.9705e-07,64.494,1903.69,-2.763e-08,73.0018,2393.4,3.9185e-07,82.6317,3008.13,1.35379e-07,93.5318,3779.25,-4.16351e-08,105.869,4745.7,2.06965e-08,119.834,5955.6,-3.18887e-07,135.641,7468.12,-1.48271e-08,153.531,9355.62,2.00739e-07,173.781,11705.8,2.28358e-07,196.701,14624.1,-1.93587e-08,222.642,18235,-2.88101e-07,252.003,22683.4,-2.24732e-07,285.234,28134,8.56806e-09,322.845,34767,2.34258e-07,365.413,42770.9,2.99668e-07,413.588,52327.9,8.28644e-08,468.111,63591.2,-3.07049e-07,529.814,76653.2,-3.1888e-07,599.642,91502.5,-6.72276e-08,678.662,107975,2.26339e-07,768.083,125705,3.69212e-07,869.267,144088,2.04077e-07,983.76,162277,-2.80509e-07,1113.3,179223,-4.22737e-07,1259.87,193777,-1.71951e-07,1425.68,204839,4.55555e-07,11.7194,11.96,12.6541,2.21263,4.16949,0.989383,2.67766,5.84076,0.311842,3.14343,7.55825,0.0972771,3.63127,9.58578,0.0303237,4.15787,12.0912,0.00945211,4.73731,15.2286,0.00294633,5.38238,19.1721,0.000918508,6.10553,24.134,0.000286163,6.91951,30.3791,8.92692e-05,7.83792,38.2397,2.78121e-05,8.87555,48.1338,8.65134e-06,10.0489,60.5876,2.7882e-06,11.3761,76.2629,8.29036e-07,12.8779,95.9927,2.4373e-07,14.5775,120.825,1e-08,16.5012,152.08,1.75749e-07,18.6784,191.415,1e-08,21.1428,240.917,1.91829e-07,23.9322,303.213,1e-08,27.0895,381.602,7.0186e-08,30.6634,480.231,1e-08,34.7087,604.316,2.40784e-07,39.2876,760.401,9.87368e-08,44.4705,956.705,1.22263e-07,50.3371,1203.54,1e-08,56.9776,1513.81,1e-08,64.494,1903.69,1e-08,73.0018,2393.4,3.9185e-07,82.6317,3008.13,1.35379e-07,93.5318,3779.25,1e-08,105.869,4745.7,2.06965e-08,119.834,5955.6,1e-08,135.641,7468.12,1e-08,153.531,9355.62,2.00739e-07,173.781,11705.8,2.28358e-07,196.701,14624.1,1e-08,222.642,18235,1e-08,252.003,22683.4,1e-08,285.234,28134,1e-08,322.845,34767,2.34258e-07,365.413,42770.9,2.99668e-07,413.588,52327.9,8.28644e-08,468.111,63591.2,1e-08,529.814,76653.2,1e-08,599.642,91502.5,1e-08,678.662,107975,2.26339e-07,768.083,125705,3.69212e-07,869.267,144088,2.04077e-07,983.76,162277,1e-08,1113.3,179223,1e-08,1259.87,193777,1e-08,1425.68,204839,4.55555e-07,6.2823,3.27286,2.43537,0.219672,6.18826,2.24117,0.56371,6.87772,2.63624,0.308279,22,10,19,1,7,1,0,5,1,2,11,0,5,7,0,6,9,0,4,6,0,2,17,0,14,26,0,7,29,0,4,55,0,3,42,0,4,38,0,18,63,0,28,182,0,6,145,0,30,190,0,16,112,0,12,284,0,8,119,0,21,370,0,46,423,0,45,655,0,40,588,0,29,959,0,68,1094,0,66,2369,0,59,1314,0,69,1438,0,122,4985,0,92,3234,0,109,3600,0,217,8181,0,212,5781,0,112,21080,0,189,14998,0,297,15111,0,201,21061,0,374,27076,0,386,45617,0,185,61517,0,228,58138,0,353,32825,0,787,108321,0,453,66031,0,647,147002,0,695,95151,0,844,125846,0,739,137765,0,656,110929,0,1293,102756,0,1490,241668,0,1361,233771,0
-1.05176e+08,1,8.88811e-15,10,1023,0,1.05176e+08,0.528882,1.08665,0.389689,0.145397,0.379329,3.24381,0.161596,0.446195,1.77396,0.159177,1.15e+07,4.49998e+06,6.79999e+06,1.15e+07,4.49997e+06,6.79999e+06,1.15e+07,4.49996e+06,6.79999e+06,1.15e+07,4.49995e+06,6.79999e+06,1.14999e+07,4.49993e+06,6.79999e+06,1.14999e+07,4.49991e+06,6.79999e+06,1.14999e+07,4.49989e+06,6.79999e+06,1.14999e+07,4.49986e+06,6.79999e+06,1.14999e+07,4.49982e+06,6.79999e+06,1.14999e+07,4.49977e+06,6.79999e+06,1.14999e+07,4.49971e+06,6.79999e+06,1.14999e+07,4.49963e+06,6.79999e+06,1.14998e+07,4.49953e+06,6.79999e+06,1.14998e+07,4.49941e+06,6.79999e+06,1.14998e+07,4.49926e+06,6.79999e+06,1.14998e+07,4.49906e+06,6.79999e+06,1.14997e+07,4.49882e+06,6.79999e+06,1.14997e+07,4.49851e+06,6.79999e+06,1.14997e+07,4.49812e+06,6.79999e+06,1.14996e+07,4.49764e+06,6.79999e+06,1.14996e+07,4.49702e+06,6.79999e+06,1.14995e+07,4.49625e+06,6.79999e+06,1.14995e+07,4.49528e+06,6.79999e+06,1.14994e+07,4.49406e+06,6.79999e+06,1.14993e+07,4.49253e+06,6.79999e+06,1.14992e+07,4.49059e+06,6.79999e+06,1.14991e+07,4.48817e+06,6.79999e+06,1.1499e+07,4.48511e+06,6.79999e+06,1.14988e+07,4.48128e+06,6.79999e+06,1.14987e+07,4.47646e+06,6.79999e+06,1.14985e+07,4.47041e+06,6.79999e+06,1.14983e+07,4.46281e+06,6.79999e+06,1.14981e+07,4.4533e+06,6.79999e+06,1.14979e+07,4.44138e+06,6.79999e+06,1.14976e+07,4.42649e+06,6.79999e+06,1.14972e+07,4.40789e+06,6.79999e+06,1.14969e+07,4.38471e+06,6.79999e+06,1.14965e+07,4.35592e+06,6.79999e+06,1.1496e+07,4.32027e+06,6.79999e+06,1.14955e+07,4.27629e+06,6.79999e+06,1.14949e+07,4.22231e+06,6.79999e+06,1.14942e+07,4.15647e+06,6.79999e+06,1.14934e+07,4.07676e+06,6.79999e+06,1.14926e+07,3.98112e+06,6.79999e+06,1.14916e+07,3.86765e+06,6.79999e+06,1.14905e+07,3.73474e+06,6.79999e+06,1.14892e+07,3.58148e+06,6.79999e+06,1.14878e+07,3.40785e+06,6.79999e+06,1.14862e+07,3.21513e+06,6.79999e+06,1.14844e+07,3.00605e+06,6.79999e+06,1.14823e+07,2.7848e+06,6.79999e+06,1.148e+07,2.5568e+06,6.79999e+06,1.14773e+07,2.32825e+06,6.79999e+06,13.5742,8.52444,0.508366,16.8306,13.2585,0.162638,20.0035,17.569,0.0507846,23.2616,22.4214,0.0158319,26.7328,28.3297,0.00493498,30.5212,35.6974,0.00153831,34.7178,44.9473,0.000479527,39.4086,56.5822,0.000149456,44.6796,71.2245,4.66214e-05,50.6209,89.6543,1.45419e-05,57.3297,112.852,4.54748e-06,64.9129,142.051,1.43857e-06,73.4897,178.803,4.36618e-07,83.1934,225.062,1.40153e-07,94.1745,283.286,4.96378e-08,106.602,356.568,1.05434e-07,120.669,448.799,-6.49244e-08,136.59,564.873,1.70148e-07,154.611,710.948,-5.34594e-08,175.008,894.767,1.63407e-07,198.097,1126.06,8.04804e-08,224.231,1417.07,1.14667e-07,253.813,1783.15,-1.71227e-07,287.297,2243.62,-2.88466e-07,325.198,2822.67,-4.33651e-07,368.098,3550.67,7.9318e-08,416.657,4465.65,3.13319e-07,471.621,5615.16,3.4613e-07,533.835,7058.61,-1.19199e-07,604.255,8870.02,-2.79964e-07,683.962,11141.4,-2.30521e-07,774.182,13986.7,-2.55099e-07,876.299,17546.4,1.23585e-07,991.883,21993.1,1.41192e-07,1122.71,27536.7,-9.71886e-08,1270.78,34430.7,-3.68368e-07,1438.38,42977.7,-3.45379e-07,1628.07,53532.7,-3.25328e-09,1842.77,66504.6,2.6362e-07,2085.77,82350.2,2.53445e-07,2360.79,101560,-2.47407e-08,2672.05,124632,-3.80602e-07,3024.31,152018,-4.79005e-07,3422.98,184060,-1.14379e-07,3874.15,220884,2.64297e-07,4384.72,262283,3.44131e-07,4962.49,307576,7.5349e-08,5616.29,355497,-3.63097e-07,6356.1,404126,-6.05442e-07,7193.18,450932,-2.72333e-07,8140.28,492963,2.29675e-07,9211.79,527178,4.3387e-07,10424,550893,-1.0711e-07,10.102,8.06553,2.81012,10.6436,8.57909,0.869423,11.5336,10.2515,0.270869,12.7211,12.7138,0.0844293,14.1823,15.9373,0.0263173,15.9122,20.0383,0.0082035,17.9198,25.2154,0.00255722,20.2244,31.7373,0.000797017,22.8539,39.9486,0.000248622,25.8438,50.2851,7.75492e-05,29.237,63.2963,2.42508e-05,33.0837,79.6738,7.67162e-06,37.4415,100.288,2.32837e-06,42.3767,126.236,7.33e-07,47.9646,158.896,2.79256e-07,54.2906,200.003,9.87351e-09,61.452,251.741,1.61085e-07,69.5585,316.859,-2.47141e-07,78.7347,398.812,8.93552e-08,89.1218,501.948,-2.53231e-07,100.879,631.736,-1.25047e-07,114.188,795.049,-1.78808e-07,129.252,1000.53,2.6733e-07,146.304,1259.03,4.50292e-07,165.605,1584.19,6.76904e-07,187.452,1993.12,-1.23808e-07,212.181,2507.27,-4.89068e-07,240.173,3153.54,-5.40284e-07,271.856,3965.56,1.86061e-07,307.719,4985.38,4.37004e-07,348.313,6265.4,3.59828e-07,394.26,7870.83,3.98192e-07,446.268,9882.51,-1.92908e-07,505.135,12400.3,-2.20392e-07,571.766,15546.9,1.51705e-07,647.184,19472.2,5.74996e-07,732.547,24357.4,5.39112e-07,829.167,30420,5.07815e-09,938.526,37916.3,-4.11492e-07,1062.3,47143.9,-3.9561e-07,1202.4,58439.2,3.86185e-08,1360.96,72169.3,5.94093e-07,1540.42,88715.8,7.47693e-07,1743.53,108445,1.78537e-07,1973.41,131665,-4.12549e-07,2233.57,158557,-5.37164e-07,2528,189103,-1.17615e-07,2861.2,222986,5.66769e-07,3238.27,259510,9.45053e-07,3664.97,297540,4.25093e-07,4147.81,335497,-3.58506e-07,4694.17,371444,-6.7724e-07,5312.37,403256,1.67192e-07,1.61744,3.89446,9.84394,3.28846,7.5504,12.774,5.07607,11.7187,13.6844,7.03202,16.8147,13.9681,9.20215,23.1769,14.0566,11.6301,31.1672,14.0841,14.3598,41.2186,14.0927,17.4376,53.8688,14.0954,20.9137,69.7915,14.0962,24.8432,89.8341,14.0965,29.2879,115.063,14.0966,34.3168,146.819,14.0966,40.0078,186.792,14.0966,46.4487,237.107,14.0966,53.7388,300.44,14.0966,61.9903,380.158,14.0966,71.3301,480.499,14.0966,81.902,606.796,14.0966,93.8685,765.761,14.0966,107.414,965.837,14.0966,122.746,1217.65,14.0966,140.101,1534.57,14.0966,159.745,1933.41,14.0966,181.981,2435.3,14.0966,207.15,3066.85,14.0966,235.64,3861.46,14.0966,267.889,4861.11,14.0966,304.391,6118.54,14.0966,345.709,7699.91,14.0966,392.478,9688.22,14.0966,445.417,12187.5,14.0966,505.339,15327.7,14.0966,573.165,19271.6,14.0966,649.938,24222,14.0966,736.839,30430.9,14.0966,835.202,38211.5,14.0966,946.539,47950.3,14.0966,1072.56,60122.8,14.0966,1215.21,75309.9,14.0966,1376.66,94216.2,14.0966,1559.41,117688,14.0966,1766.26,146729,14.0966,2000.39,182510,14.0966,2265.39,226372,14.0966,2565.33,279806,14.0966,2904.81,344416,14.0966,3289.05,421845,14.0966,3723.93,513667,14.0966,4216.13,621231,14.0966,4773.18,745478,14.0966,5403.64,886744,14.0966,6117.15,1.04457e+06,14.0966,6924.63,1.2176e+06,14.0966,11.7194,11.96,12.6541,13.9321,16.1295,13.6434,16.6097,21.9702,13.9553,19.7532,29.5285,14.0526,23.3844,39.1143,14.0829,27.5423,51.2054,14.0923,32.2796,66.434,14.0953,37.662,85.6061,14.0962,43.7675,109.74,14.0965,50.687,140.119,14.0966,58.5249,178.359,14.0966,67.4005,226.493,14.0966,77.4493,287.08,14.0966,88.8254,363.343,14.0966,101.703,459.336,14.0966,116.281,580.161,14.0966,132.782,732.241,14.0966,151.46,923.655,14.0966,172.603,1164.57,14.0966,196.535,1467.79,14.0966,223.625,1849.39,14.0966,254.288,2329.62,14.0966,288.997,2933.93,14.0966,328.285,3694.33,14.0966,372.755,4651.04,14.0966,423.092,5854.57,14.0966,480.07,7368.38,14.0966,544.564,9272.08,14.0966,617.566,11665.5,14.0966,700.197,14673.6,14.0966,793.729,18452.9,14.0966,899.599,23198.6,14.0966,1019.43,29154.1,14.0966,1155.07,36622.3,14.0966,1308.6,45977.9,14.0966,1482.39,57683.7,14.0966,1679.09,72307.8,14.0966,1901.73,90542.8,14.0966,2153.73,113226,14.0966,2438.97,141360,14.0966,2761.81,176127,14.0966,3127.22,218898,14.0966,3540.81,271226,14.0966,4008.92,334817,14.0966,4538.74,411470,14.0966,5138.38,502973,14.0966,5817.04,610948,14.0966,6585.12,736653,14.0966,7454.39,880741,14.0966,8438.15,1.04302e+06,14.0966,9551.45,1.22224e+06,14.0966,10811.3,1.41602e+06,14.0966,12237,1.62086e+06,14.0966,11.7194,11.96,12.6541,2.21263,4.16949,0.989383,2.67766,5.84076,0.311842,3.14343,7.55825,0.0972771,3.63127,9.58578,0.0303237,4.15787,12.0912,0.00945211,4.73731,15.2286,0.00294633,5.38238,19.1721,0.000918508,6.10553,24.134,0.000286163,6.91951,30.3791,8.92692e-05,7.83792,38.2397,2.78121e-05,8.87555,48.1338,8.65134e-06,10.0489,60.5876,2.7882e-06,11.3761,76.2629,8.29036e-07,12.8779,95.9927,2.4373e-07,14.5775,120.825,4.33068e-09,16.5012,152.08,1.75749e-07,18.6784,191.415,-1.86328e-07,21.1428,240.917,1.91829e-07,23.9322,303.213,-1.81475e-07,27.0895,381.602,7.0186e-08,30.6634,480.231,-2.86769e-08,34.7087,604.316,2.40784e-07,39.2876,760.401,9.87368e-08,44.4705,956.705,1.22263e-07,50.3371,1203.54,-4.31966e-07,56.9776,1513.81,-1.9705e-07,64.494,1903.69,-2.763e-08,73.0018,2393.4,3.9185e-07,82.6317,3008.13,1.35379e-07,93.5318,3779.25,-4.16351e-08,105.869,4745.7,2.06965e-08,119.834,5955.6,-3.18887e-07,135.641,7468.12,-1.48271e-08,153.531,9355.62,2.00739e-07,173.781,11705.8,2.28358e-07,196.701,14624.1,-1.93587e-08,222.642,18235,-2.88101e-07,252.003,22683.4,-2.24732e-07,285.234,28134,8.56806e-09,322.845,34767,2.34258e-07,365.413,42770.9,2.99668e-07,413.588,52327.9,8.28644e-08,468.111,63591.2,-3.07049e-07,529.814,76653.2,-3.1888e-07,599.642,91502.5,-6.72276e-08,678.662,107975,2.26339e-07,768.083,125705,3.69212e-07,869.267,144088,2.04077e-07,983.76,162277,-2.80509e-07,1113.3,179223,-4.22737e-07,1259.87,193777,-1.71951e-07,1425.68,204839,4.55555e-07,11.7194,11.96,12.6541,2.21263,4.16949,0.989383,2.67766,5.84076,0.311842,3.14343,7.55825,0.0972771,3.63127,9.58578,0.0303237,4.15787,12.0912,0.00945211,4.73731,15.2286,0.00294633,5.38238,19.1721,0.000918508,6.10553,24.134,0.000286163,6.91951,30.3791,8.92692e-05,7.83792,38.2397,2.78121e-05,8.87555,48.1338,8.65134e-06,10.0489,60.5876,2.7882e-06,11.3761,76.2629,8.29036e-07,12.8779,95.9927,2.4373e-07,14.5775,120.825,1e-08,16.5012,152.08,1.75749e-07,18.6784,191.415,1e-08,21.1428,240.917,1.91829e-07,23.9322,303.213,1e-08,27.0895,381.602,7.0186e-08,30.6634,480.231,1e-08,34.7087,604.316,2.40784e-07,39.2876,760.401,9.87368e-08,44.4705,956.705,1.22263e-07,50.3371,1203.54,1e-08,56.9776,1513.81,1e-08,64.494,1903.69,1e-08,73.0018,2393.4,3.9185e-07,82.6317,3008.13,1.35379e-07,93.5318,3779.25,1e-08,105.869,4745.7,2.06965e-08,119.834,5955.6,1e-08,135.641,7468.12,1e-08,153.531,9355.62,2.00739e-07,173.781,11705.8,2.28358e-07,196.701,14624.1,1e-08,222.642,18235,1e-08,252.003,22683.4,1e-08,285.234,28134,1e-08,322.845,34767,2.34258e-07,365.413,42770.9,2.99668e-07,413.588,52327.9,8.28644e-08,468.111,63591.2,1e-08,529.814,76653.2,1e-08,599.642,91502.5,1e-08,678.662,107975,2.26339e-07,768.083,125705,3.69212e-07,869.267,144088,2.04077e-07,983.76,162277,1e-08,1113.3,179223,1e-08,1259.87,193777,1e-08,1425.68,204839,4.55555e-07,6.2823,3.27286,2.43537,0.219672,6.18826,2.24117,0.56371,6.87772,2.63624,0.308279,13,12,11,3,7,0,1,3,0,0,6,0,6,9,0,9,28,0,8,13,0,10,18,0,3,11,0,17,49,0,5,22,0,7,36,0,14,37,0,3,109,0,7,64,0,11,116,0,19,242,0,21,142,0,10,105,0,31,342,0,33,680,0,31,460,0,42,493,0,39,610,0,65,406,0,48,1372,0,97,2173,0,106,2631,0,55,2690,0,82,4521,0,76,3453,0,126,5937,0,108,4329,0,212,10509,0,162,9024,0,245,17232,0,64,10052,0,116,11435,0,371,30725,0,272,8439,0,257,26154,0,446,43685,0,512,33957,0,511,92658,0,420,95719,0,873,154257,0,1118,103672,0,588,154376,0,623,89196,0,1427,173054,0,1072,200183,0,837,205734,0,2320,188481,0
-1.05176e+08,1,8.88811e-15,10,1023,0,1.05176e+08,0.528882,1.08665,0.389689,0.145397,0.379329,3.24381,0.161596,0.446195,1.77396,0.159177,1.15e+07,4.49998e+06,6.79999e+06,1.15e+07,4.49997e+06,6.79999e+06,1.15e+07,4.49996e+06,6.79999e+06,1.15e+07,4.49995e+06,6.79999e+06,1.14999e+07,4.49993e+06,6.79999e+06,1.14999e+07,4.49991e+06,6.79999e+06,1.14999e+07,4.49989e+06,6.79999e+06,1.14999e+07,4.49986e+06,6.79999e+06,1.14999e+07,4.49982e+06,6.79999e+06,1.14999e+07,4.49977e+06,6.79999e+06,1.14999e+07,4.49971e+06,6.79999e+06,1.14999e+07,4.49963e+06,6.79999e+06,1.14998e+07,4.49953e+06,6.79999e+06,1.14998e+07,4.49941e+06,6.79999e+06,1.14998e+07,4.49926e+06,6.79999e+06,1.14998e+07,4.49906e+06,6.79999e+06,1.14997e+07,4.49882e+06,6.79999e+06,1.14997e+07,4.49851e+06,6.79999e+06,1.14997e+07,4.49812e+06,6.79999e+06,1.14996e+07,4.49764e+06,6.79999e+06,1.14996e+07,4.49702e+06,6.79999e+06,1.14995e+07,4.49625e+06,6.79999e+06,1.14995e+07,4.49528e+06,6.79999e+06,1.14994e+07,4.49406e+06,6.79999e+06,1.14993e+07,4.49253e+06,6.79999e+06,1.14992e+07,4.49059e+06,6.79999e+06,1.14991e+07,4.48817e+06,6.79999e+06,1.1499e+07,4.48511e+06,6.79999e+06,1.14988e+07,4.48128e+06,6.79999e+06,1.14987e+07,4.47646e+06,6.79999e+06,1.14985e+07,4.47041e+06,6.79999e+06,1.14983e+07,4.46281e+06,6.79999e+06,1.14981e+07,4.4533e+06,6.79999e+06,1.14979e+07,4.44138e+06,6.79999e+06,1.14976e+07,4.42649e+06,6.79999e+06,1.14972e+07,4.40789e+06,6.79999e+06,1.14969e+07,4.38471e+06,6.79999e+06,1.14965e+07,4.35592e+06,6.79999e+06,1.1496e+07,4.32027e+06,6.79999e+06,1.14955e+07,4.27629e+06,6.79999e+06,1.14949e+07,4.22231e+06,6.79999e+06,1.14942e+07,4.15647e+06,6.79999e+06,1.14934e+07,4.07676e+06,6.79999e+06,1.14926e+07,3.98112e+06,6.79999e+06,1.14916e+07,3.86765e+06,6.79999e+06,1.14905e+07,3.73474e+06,6.79999e+06,1.14892e+07,3.58148e+06,6.79999e+06,1.14878e+07,3.40785e+06,6.79999e+06,1.14862e+07,3.21513e+06,6.79999e+06,1.14844e+07,3.00605e+06,6.79999e+06,1.14823e+07,2.7848e+06,6.79999e+06,1.148e+07,2.5568e+06,6.79999e+06,1.14773e+07,2.32825e+06,6.79999e+06,13.5742,8.52444,0.508366,16.8306,13.2585,0.162638,20.0035,17.569,0.0507846,23.2616,22.4214,0.0158319,26.7328,28.3297,0.00493498,30.5212,35.6974,0.00153831,34.7178,44.9473,0.000479527,39.4086,56.5822,0.000149456,44.6796,71.2245,4.66214e-05,50.6209,89.6543,1.45419e-05,57.3297,112.852,4.54748e-06,64.9129,142.051,1.43857e-06,73.4897,178.803,4.36618e-07,83.1934,225.062,1.40153e-07,94.1745,283.286,4.96378e-08,106.602,356.568,1.05434e-07,120.669,448.799,-6.49244e-08,136.59,564.873,1.70148e-07,154.611,710.948,-5.34594e-08,175.008,894.767,1.63407e-07,198.097,1126.06,8.04804e-08,224.231,1417.07,1.14667e-07,253.813,1783.15,-1.71227e-07,287.297,2243.62,-2.88466e-07,325.198,2822.67,-4.33651e-07,368.098,3550.67,7.9318e-08,416.657,4465.65,3.13319e-07,471.621,5615.16,3.4613e-07,533.835,7058.61,-1.19199e-07,604.255,8870.02,-2.79964e-07,683.962,11141.4,-2.30521e-07,774.182,13986.7,-2.55099e-07,876.299,17546.4,1.23585e-07,991.883,21993.1,1.41192e-07,1122.71,27536.7,-9.71886e-08,1270.78,34430.7,-3.68368e-07,1438.38,42977.7,-3.45379e-07,1628.07,53532.7,-3.25328e-09,1842.77,66504.6,2.6362e-07,2085.77,82350.2,2.53445e-07,2360.79,101560,-2.47407e-08,2672.05,124632,-3.80602e-07,3024.31,152018,-4.79005e-07,3422.98,184060,-1.14379e-07,3874.15,220884,2.64297e-07,4384.72,262283,3.44131e-07,4962.49,307576,7.5349e-08,5616.29,355497,-3.63097e-07,6356.1,404126,-6.05442e-07,7193.18,450932,-2.72333e-07,8140.28,492963,2.29675e-07,9211.79,527178,4.3387e-07,10424,550893,-1.0711e-07,10.102,8.06553,2.81012,10.6436,8.57909,0.869423,11.5336,10.2515,0.270869,12.7211,12.7138,0.0844293,14.1823,15.9373,0.0263173,15.9122,20.0383,0.0082035,17.9198,25.2154,0.00255722,20.2244,31.7373,0.000797017,22.8539,39.9486,0.000248622,25.8438,50.2851,7.75492e-05,29.237,63.2963,2.42508e-05,33.0837,79.6738,7.67162e-06,37.4415,100.288,2.32837e-06,42.3767,126.236,7.33e-07,47.9646,158.896,2.79256e-07,54.2906,200.003,9.87351e-09,61.452,251.741,1.61085e-07,69.5585,316.859,-2.47141e-07,78.7347,398.812,8.93552e-08,89.1218,501.948,-2.53231e-07,100.879,631.736,-1.25047e-07,114.188,795.049,-1.78808e-07,129.252,1000.53,2.6733e-07,146.304,1259.03,4.50292e-07,165.605,1584.19,6.76904e-07,187.452,1993.12,-1.23808e-07,212.181,2507.27,-4.89068e-07,240.173,3153.54,-5.40284e-07,271.856,3965.56,1.86061e-07,307.719,4985.38,4.37004e-07,348.313,6265.4,3.59828e-07,394.26,7870.83,3.98192e-07,446.268,9882.51,-1.92908e-07,505.135,12400.3,-2.20392e-07,571.766,15546.9,1.51705e-07,647.184,19472.2,5.74996e-07,732.547,24357.4,5.39112e-07,829.167,30420,5.07815e-09,938.526,37916.3,-4.11492e-07,1062.3,47143.9,-3.9561e-07,1202.4,58439.2,3.86185e-08,1360.96,72169.3,5.94093e-07,1540.42,88715.8,7.47693e-07,1743.53,108445,1.78537e-07,1973.41,131665,-4.12549e-07,2233.57,158557,-5.37164e-07,2528,189103,-1.17615e-07,2861.2,222986,5.66769e-07,3238.27,259510,9.45053e-07,3664.97,297540,4.25093e-07,4147.81,335497,-3.58506e-07,4694.17,371444,-6.7724e-07,5312.37,403256,1.67192e-07,1.61744,3.89446,9.84394,3.28846,7.5504,12.774,5.07607,11.7187,13.6844,7.03202,16.8147,13.9681,9.20215,23.1769,14.0566,11.6301,31.1672,14.0841,14.3598,41.2186,14.0927,17.4376,53.8688,14.0954,20.9137,69.7915,14.0962,24.8432,89.8341,14.0965,29.2879,115.063,14.0966,34.3168,146.819,14.0966,40.0078,186.792,14.0966,46.4487,237.107,14.0966,53.7388,300.44,14.0966,61.9903,380.158,14.0966,71.3301,480.499,14.0966,81.902,606.796,14.0966,93.8685,765.761,14.0966,107.414,965.837,14.0966,122.746,1217.65,14.0966,140.101,1534.57,14.0966,159.745,1933.41,14.0966,181.981,2435.3,14.0966,207.15,3066.85,14.0966,235.64,3861.46,14.0966,267.889,4861.11,14.0966,304.391,6118.54,14.0966,345.709,7699.91,14.0966,392.478,9688.22,14.0966,445.417,12187.5,14.0966,505.339,15327.7,14.0966,573.165,19271.6,14.0966,649.938,24222,14.0966,736.839,30430.9,14.0966,835.202,38211.5,14.0966,946.539,47950.3,14.0966,1072.56,60122.8,14.0966,1215.21,75309.9,14.0966,1376.66,94216.2,14.0966,1559.41,117688,14.0966,1766.26,146729,14.0966,2000.39,182510,14.0966,2265.39,226372,14.0966,2565.33,279806,14.0966,2904.81,344416,14.0966,3289.05,421845,14.0966,3723.93,513667,14.0966,4216.13,621231,14.0966,4773.18,745478,14.0966,5403.64,886744,14.0966,6117.15,1.04457e+06,14.0966,6924.63,1.2176e+06,14.0966,11.7194,11.96,12.6541,13.9321,16.1295,13.6434,16.6097,21.9702,13.9553,19.7532,29.5285,14.0526,23.3844,39.1143,14.0829,27.5423,51.2054,14.0923,32.2796,66.434,14.0953,37.662,85.6061,14.0962,43.7675,109.74,14.0965,50.687,140.119,14.0966,58.5249,178.359,14.0966,67.4005,226.493,14.0966,77.4493,287.08,14.0966,88.8254,363.343,14.0966,101.703,459.336,14.0966,116.281,580.161,14.0966,132.782,732.241,14.0966,151.46,923.655,14.0966,172.603,1164.57,14.0966,196.535,1467.79,14.0966,223.625,1849.39,14.0966,254.288,2329.62,14.0966,288.997,2933.93,14.0966,328.285,3694.33,14.0966,372.755,4651.04,14.0966,423.092,5854.57,14.0966,480.07,7368.38,14.0966,544.564,9272.08,14.0966,617.566,11665.5,14.0966,700.197,14673.6,14.0966,793.729,18452.9,14.0966,899.599,23198.6,14.0966,1019.43,29154.1,14.0966,1155.07,36622.3,14.0966,1308.6,45977.9,14.0966,1482.39,57683.7,14.0966,1679.09,72307.8,14.0966,1901.73,90542.8,14.0966,2153.73,113226,14.0966,2438.97,141360,14.0966,2761.81,176127,14.0966,3127.22,218898,14.0966,3540.81,271226,14.0966,4008.92,334817,14.0966,4538.74,411470,14.0966,5138.38,502973,14.0966,5817.04,610948,14.0966,6585.12,736653,14.0966,7454.39,880741,14.0966,8438.15,1.04302e+06,14.0966,9551.45,1.22224e+06,14.0966,10811.3,1.41602e+06,14.0966,12237,1.62086e+06,14.0966,11.7194,11.96,12.6541,2.21263,4.16949,0.989383,2.67766,5.84076,0.311842,3.14343,7.55825,0.0972771,3.63127,9.58578,0.0303237,4.15787,12.0912,0.00945211,4.73731,15.2286,0.00294633,5.38238,19.1721,0.000918508,6.10553,24.134,0.000286163,6.91951,30.3791,8.92692e-05,7.83792,38.2397,2.78121e-05,8.87555,48.1338,8.65134e-06,10.0489,60.5876,2.7882e-06,11.3761,76.2629,8.29036e-07,12.8779,95.9927,2.4373e-07,14.5775,120.825,4.33068e-09,16.5012,152.08,1.75749e-07,18.6784,191.415,-1.86328e-07,21.1428,240.917,1.91829e-07,23.9322,303.213,-1.81475e-07,27.0895,381.602,7.0186e-08,30.6634,480.231,-2.86769e-08,34.7087,604.316,2.40784e-07,39.2876,760.401,9.87368e-08,44.4705,956.705,1.22263e-07,50.3371,1203.54,-4.31966e-07,56.9776,1513.81,-1.9705e-07,64.494,1903.69,-2.763e-08,73.0018,2393.4,3.9185e-07,82.6317,3008.13,1.35379e-07,93.5318,3779.25,-4.16351e-08,105.869,4745.7,2.06965e-08,119.834,5955.6,-3.18887e-07,135.641,7468.12,-1.48271e-08,153.531,9355.62,2.00739e-07,173.781,11705.8,2.28358e-07,196.701,14624.1,-1.93587e-08,222.642,18235,-2.88101e-07,252.003,22683.4,-2.24732e-07,285.234,28134,8.56806e-09,322.845,34767,2.34258e-07,365.413,42770.9,2.99668e-07,413.588,52327.9,8.28644e-08,468.111,63591.2,-3.07049e-07,529.814,76653.2,-3.1888e-07,599.642,91502.5,-6.72276e-08,678.662,107975,2.26339e-07,768.083,125705,3.69212e-07,869.267,144088,2.04077e-07,983.76,162277,-2.80509e-07,1113.3,179223,-4.22737e-07,1259.87,193777,-1.71951e-07,1425.68,204839,4.55555e-07,11.7194,11.96,12.6541,2.21263,4.16949,0.989383,2.67766,5.84076,0.311842,3.14343,7.55825,0.0972771,3.63127,9.58578,0.0303237,4.15787,12.0912,0.00945211,4.73731,15.2286,0.00294633,5.38238,19.1721,0.000918508,6.10553,24.134,0.000286163,6.91951,30.3791,8.92692e-05,7.83792,38.2397,2.78121e-05,8.87555,48.1338,8.65134e-06,10.0489,60.5876,2.7882e-06,11.3761,76.2629,8.29036e-07,12.8779,95.9927,2.4373e-07,14.5775,120.825,1e-08,16.5012,152.08,1.75749e-07,18.6784,191.415,1e-08,21.1428,240.917,1.91829e-07,23.9322,303.213,1e-08,27.0895,381.602,7.0186e-08,30.6634,480.231,1e-08,34.7087,604.316,2.40784e-07,39.2876,760.401,9.87368e-08,44.4705,956.705,1.22263e-07,50.3371,1203.54,1e-08,56.9776,1513.81,1e-08,64.494,1903.69,1e-08,73.0018,2393.4,3.9185e-07,82.6317,3008.13,1.35379e-07,93.5318,3779.25,1e-08,105.869,4745.7,2.06965e-08,119.834,5955.6,1e-08,135.641,7468.12,1e-08,153.531,9355.62,2.00739e-07,173.781,11705.8,2.28358e-07,196.701,14624.1,1e-08,222.642,18235,1e-08,252.003,22683.4,1e-08,285.234,28134,1e-08,322.845,34767,2.34258e-07,365.413,42770.9,2.99668e-07,413.588,52327.9,8.28644e-08,468.111,63591.2,1e-08,529.814,76653.2,1e-08,599.642,91502.5,1e-08,678.662,107975,2.26339e-07,768.083,125705,3.69212e-07,869.267,144088,2.04077e-07,983.76,162277,1e-08,1113.3,179223,1e-08,1259.87,193777,1e-08,1425.68,204839,4.55555e-07,6.2823,3.27286,2.43537,0.219672,6.18826,2.24117,0.56371,6.87772,2.63624,0.308279,18,21,21,3,4,1,1,11,0,3,4,1,11,9,0,1,8,0,3,11,0,3,36,0,5,17,0,2,21,0,15,45,0,3,73,0,10,49,0,10,24,0,15,43,0,11,261,0,13,178,0,22,113,0,18,110,0,11,234,0,44,241,0,46,455,0,25,510,0,39,508,0,23,623,0,90,885,0,46,2337,0,89,2205,0,134,1640,0,124,2410,0,167,5020,0,100,5037,0,113,2850,0,116,8651,0,76,10917,0,229,9623,0,91,19068,0,292,16029,0,255,31370,0,173,20344,0,380,15350,0,205,20089,0,555,35733,0,349,55460,0,512,83157,0,354,107800,0,527,92322,0,464,124124,0,911,147923,0,1654,172889,0,1176,130299,0,852,232648,0,3132,297310,0
-1.05176e+08,1,8.88811e-15,10,1023,0,1.05176e+08,0.528882,1.08665,0.389689,0.145397,0.379329,3.24381,0.161596,0.446195,1.77396,0.159177,1.15e+07,4.49998e+06,6.79999e+06,1.15e+07,4.49997e+06,6.79999e+06,1.15e+07,4.49996e+06,6.79999e+06,1.15e+07,4.49995e+06,6.79999e+06,1.14999e+07,4.49993e+06,6.79999e+06,1.14999e+07,4.49991e+06,6.79999e+06,1.14999e+07,4.49989e+06,6.79999e+06,1.14999e+07,4.49986e+06,6.79999e+06,1.14999e+07,4.49982e+06,6.79999e+06,1.14999e+07,4.49977e+06,6.79999e+06,1.14999e+07,4.49971e+06,6.79999e+06,1.14999e+07,4.49963e+06,6.79999e+06,1.14998e+07,4.49953e+06,6.79999e+06,1.14998e+07,4.49941e+06,6.79999e+06,1.14998e+07,4.49926e+06,6.79999e+06,1.14998e+07,4.49906e+06,6.79999e+06,1.14997e+07,4.49882e+06,6.79999e+06,1.14997e+07,4.49851e+06,6.79999e+06,1.14997e+07,4.49812e+06,6.79999e+06,1.14996e+07,4.49764e+06,6.79999e+06,1.14996e+07,4.49702e+06,6.79999e+06,1.14995e+07,4.49625e+06,6.79999e+06,1.14995e+07,4.49528e+06,6.79999e+06,1.14994e+07,4.49406e+06,6.79999e+06,1.14993e+07,4.49253e+06,6.79999e+06,1.14992e+07,4.49059e+06,6.79999e+06,1.14991e+07,4.48817e+06,6.79999e+06,1.1499e+07,4.48511e+06,6.79999e+06,1.14988e+07,4.48128e+06,6.79999e+06,1.14987e+07,4.47646e+06,6.79999e+06,1.14985e+07,4.47041e+06,6.79999e+06,1.14983e+07,4.46281e+06,6.79999e+06,1.14981e+07,4.4533e+06,6.79999e+06,1.14979e+07,4.44138e+06,6.79999e+06,1.14976e+07,4.42649e+06,6.79999e+06,1.14972e+07,4.40789e+06,6.79999e+06,1.14969e+07,4.38471e+06,6.79999e+06,1.14965e+07,4.35592e+06,6.79999e+06,1.1496e+07,4.32027e+06,6.79999e+06,1.14955e+07,4.27629e+06,6.79999e+06,1.14949e+07,4.22231e+06,6.79999e+06,1.14942e+07,4.15647e+06,6.79999e+06,1.14934e+07,4.07676e+06,6.79999e+06,1.14926e+07,3.98112e+06,6.79999e+06,1.14916e+07,3.86765e+06,6.79999e+06,1.14905e+07,3.73474e+06,6.79999e+06,1.14892e+07,3.58148e+06,6.79999e+06,1.14878e+07,3.40785e+06,6.79999e+06,1.14862e+07,3.21513e+06,6.79999e+06,1.14844e+07,3.00605e+06,6.79999e+06,1.14823e+07,2.7848e+06,6.79999e+06,1.148e+07,2.5568e+06,6.79999e+06,1.14773e+07,2.32825e+06,6.79999e+06,13.5742,8.52444,0.508366,16.8306,13.2585,0.162638,20.0035,17.569,0.0507846,23.2616,22.4214,0.0158319,26.7328,28.3297,0.00493498,30.5212,35.6974,0.00153831,34.7178,44.9473,0.000479527,39.4086,56.5822,0.000149456,44.6796,71.2245,4.66214e-05,50.6209,89.6543,1.45419e-05,57.3297,112.852,4.54748e-06,64.9129,142.051,1.43857e-06,73.4897,178.803,4.36618e-07,83.1934,225.062,1.40153e-07,94.1745,283.286,4.96378e-08,106.602,356.568,1.05434e-07,120.669,448.799,-6.49244e-08,136.59,564.873,1.70148e-07,154.611,710.948,-5.34594e-08,175.008,894.767,1.63407e-07,198.097,1126.06,8.04804e-08,224.231,1417.07,1.14667e-07,253.813,1783.15,-1.71227e-07,287.297,2243.62,-2.88466e-07,325.198,2822.67,-4.33651e-07,368.098,3550.67,7.9318e-08,416.657,4465.65,3.13319e-07,471.621,5615.16,3.4613e-07,533.835,7058.61,-1.19199e-07,604.255,8870.02,-2.79964e-07,683.962,11141.4,-2.30521e-07,774.182,13986.7,-2.55099e-07,876.299,17546.4,1.23585e-07,991.883,21993.1,1.41192e-07,1122.71,27536.7,-9.71886e-08,1270.78,34430.7,-3.68368e-07,1438.38,42977.7,-3.45379e-07,1628.07,53532.7,-3.25328e-09,1842.77,66504.6,2.6362e-07,2085.77,82350.2,2.53445e-07,2360.79,101560,-2.47407e-08,2672.05,124632,-3.80602e-07,3024.31,152018,-4.79005e-07,3422.98,184060,-1.14379e-07,3874.15,220884,2.64297e-07,4384.72,262283,3.44131e-07,4962.49,307576,7.5349e-08,5616.29,355497,-3.63097e-07,6356.1,404126,-6.05442e-07,7193.18,450932,-2.72333e-07,8140.28,492963,2.29675e-07,9211.79,527178,4.3387e-07,10424,550893,-1.0711e-07,10.102,8.06553,2.81012,10.6436,8.57909,0.869423,11.5336,10.2515,0.270869,12.7211,12.7138,0.0844293,14.1823,15.9373,0.0263173,15.9122,20.0383,0.0082035,17.9198,25.2154,0.00255722,20.2244,31.7373,0.000797017,22.8539,39.9486,0.000248622,25.8438,50.2851,7.75492e-05,29.237,63.2963,2.42508e-05,33.0837,79.6738,7.67162e-06,37.4415,100.288,2.32837e-06,42.3767,126.236,7.33e-07,47.9646,158.896,2.79256e-07,54.2906,200.003,9.87351e-09,61.452,251.741,1.61085e-07,69.5585,316.859,-2.47141e-07,78.7347,398.812,8.93552e-08,89.1218,501.948,-2.53231e-07,100.879,631.736,-1.25047e-07,114.188,795.049,-1.78808e-07,129.252,1000.53,2.6733e-07,146.304,1259.03,4.50292e-07,165.605,1584.19,6.76904e-07,187.452,1993.12,-1.23808e-07,212.181,2507.27,-4.89068e-07,240.173,3153.54,-5.40284e-07,271.856,3965.56,1.86061e-07,307.719,4985.38,4.37004e-07,348.313,6265.4,3.59828e-07,394.26,7870.83,3.98192e-07,446.268,9882.51,-1.92908e-07,505.135,12400.3,-2.20392e-07,571.766,15546.9,1.51705e-07,647.184,19472.2,5.74996e-07,732.547,24357.4,5.39112e-07,829.167,30420,5.07815e-09,938.526,37916.3,-4.11492e-07,1062.3,47143.9,-3.9561e-07,1202.4,58439.2,3.86185e-08,1360.96,72169.3,5.94093e-07,1540.42,88715.8,7.47693e-07,1743.53,108445,1.78537e-07,1973.41,131665,-4.12549e-07,2233.57,158557,-5.37164e-07,2528,189103,-1.17615e-07,2861.2,222986,5.66769e-07,3238.27,259510,9.45053e-07,3664.97,297540,4.25093e-07,4147.81,335497,-3.58506e-07,4694.17,371444,-6.7724e-07,5312.37,403256,1.67192e-07,1.61744,3.89446,9.84394,3.28846,7.5504,12.774,5.07607,11.7187,13.6844,7.03202,16.8147,13.9681,9.20215,23.1769,14.0566,11.6301,31.1672,14.0841,14.3598,41.2186,14.0927,17.4376,53.8688,14.0954,20.9137,69.7915,14.0962,24.8432,89.8341,14.0965,29.2879,115.063,14.0966,34.3168,146.819,14.0966,40.0078,186.792,14.0966,46.4487,237.107,14.0966,53.7388,300.44,14.0966,61.9903,380.158,14.0966,71.3301,480.499,14.0966,81.902,606.796,14.0966,93.8685,765.761,14.0966,107.414,965.837,14.0966,122.746,1217.65,14.0966,140.101,1534.57,14.0966,159.745,1933.41,14.0966,181.981,2435.3,14.0966,207.15,3066.85,14.0966,235.64,3861.46,14.0966,267.889,4861.11,14.0966,304.391,6118.54,14.0966,345.709,7699.91,14.0966,392.478,9688.22,14.0966,445.417,12187.5,14.0966,505.339,15327.7,14.0966,573.165,19271.6,14.0966,649.938,24222,14.0966,736.839,30430.9,14.0966,835.202,38211.5,14.0966,946.539,47950.3,14.0966,1072.56,60122.8,14.0966,1215.21,75309.9,14.0966,1376.66,94216.2,14.0966,1559.41,117688,14.0966,1766.26,146729,14.0966,2000.39,182510,14.0966,2265.39,226372,14.0966,2565.33,279806,14.0966,2904.81,344416,14.0966,3289.05,421845,14.0966,3723.93,513667,14.0966,4216.13,621231,14.0966,4773.18,745478,14.0966,5403.64,886744,14.0966,6117.15,1.04457e+06,14.0966,6924.63,1.2176e+06,14.0966,11.7194,11.96,12.6541,13.9321,16.1295,13.6434,16.6097,21.9702,13.9553,19.7532,29.5285,14.0526,23.3844,39.1143,14.0829,27.5423,51.2054,14.0923,32.2796,66.434,14.0953,37.662,85.6061,14.0962,43.7675,109.74,14.0965,50.687,140.119,14.0966,58.5249,178.359,14.0966,67.4005,226.493,14.0966,77.4493,287.08,14.0966,88.8254,363.343,14.0966,101.703,459.336,14.0966,116.281,580.161,14.0966,132.782,732.241,14.0966,151.46,923.655,14.0966,172.603,1164.57,14.0966,196.535,1467.79,14.0966,223.625,1849.39,14.0966,254.288,2329.62,14.0966,288.997,2933.93,14.0966,328.285,3694.33,14.0966,372.755,4651.04,14.0966,423.092,5854.57,14.0966,480.07,7368.38,14.0966,544.564,9272.08,14.0966,617.566,11665.5,14.0966,700.197,14673.6,14.0966,793.729,18452.9,14.0966,899.599,23198.6,14.0966,1019.43,29154.1,14.0966,1155.07,36622.3,14.0966,1308.6,45977.9,14.0966,1482.39,57683.7,14.0966,1679.09,72307.8,14.0966,1901.73,90542.8,14.0966,2153.73,113226,14.0966,2438.97,141360,14.0966,2761.81,176127,14.0966,3127.22,218898,14.0966,3540.81,271226,14.0966,4008.92,334817,14.0966,4538.74,411470,14.0966,5138.38,502973,14.0966,5817.04,610948,14.0966,6585.12,736653,14.0966,7454.39,880741,14.0966,8438.15,1.04302e+06,14.0966,9551.45,1.22224e+06,14.0966,10811.3,1.41602e+06,14.0966,12237,1.62086e+06,14.0966,11.7194,11.96,12.6541,2.21263,4.16949,0.989383,2.67766,5.84076,0.311842,3.14343,7.55825,0.0972771,3.63127,9.58578,0.0303237,4.15787,12.0912,0.00945211,4.73731,15.2286,0.00294633,5.38238,19.1721,0.000918508,6.10553,24.134,0.000286163,6.91951,30.3791,8.92692e-05,7.83792,38.2397,2.78121e-05,8.87555,48.1338,8.65134e-06,10.0489,60.5876,2.7882e-06,11.3761,76.2629,8.29036e-07,12.8779,95.9927,2.4373e-07,14.5775,120.825,4.33068e-09,16.5012,152.08,1.75749e-07,18.6784,191.415,-1.86328e-07,21.1428,240.917,1.91829e-07,23.9322,303.213,-1.81475e-07,27.0895,381.602,7.0186e-08,30.6634,480.231,-2.86769e-08,34.7087,604.316,2.40784e-07,39.2876,760.401,9.87368e-08,44.4705,956.705,1.22263e-07,50.3371,1203.54,-4.31966e-07,56.9776,1513.81,-1.9705e-07,64.494,1903.69,-2.763e-08,73.0018,2393.4,3.9185e-07,82.6317,3008.13,1.35379e-07,93.5318,3779.25,-4.16351e-08,105.869,4745.7,2.06965e-08,119.834,5955.6,-3.18887e-07,135.641,7468.12,-1.48271e-08,153.531,9355.62,2.00739e-07,173.781,11705.8,2.28358e-07,196.701,14624.1,-1.93587e-08,222.642,18235,-2.88101e-07,252.003,22683.4,-2.24732e-07,285.234,28134,8.56806e-09,322.845,34767,2.34258e-07,365.413,42770.9,2.99668e-07,413.588,52327.9,8.28644e-08,468.111,63591.2,-3.07049e-07,529.814,76653.2,-3.1888e-07,599.642,91502.5,-6.72276e-08,678.662,107975,2.26339e-07,768.083,125705,3.69212e-07,869.267,144088,2.04077e-07,983.76,162277,-2.80509e-07,1113.3,179223,-4.22737e-07,1259.87,193777,-1.71951e-07,1425.68,204839,4.55555e-07,11.7194,11.96,12.6541,2.21263,4.16949,0.989383,2.67766,5.84076,0.311842,3.14343,7.55825,0.0972771,3.63127,9.58578,0.0303237,4.15787,12.0912,0.00945211,4.73731,15.2286,0.00294633,5.38238,19.1721,0.000918508,6.10553,24.134,0.000286163,6.91951,30.3791,8.92692e-05,7.83792,38.2397,2.78121e-05,8.87555,48.1338,8.65134e-06,10.0489,60.5876,2.7882e-06,11.3761,76.2629,8.29036e-07,12.8779,95.9927,2.4373e-07,14.5775,120.825,1e-08,16.5012,152.08,1.75749e-07,18.6784,191.415,1e-08,21.1428,240.917,1.91829e-07,23.9322,303.213,1e-08,27.0895,381.602,7.0186e-08,30.6634,480.231,1e-08,34.7087,604.316,2.40784e-07,39.2876,760.401,9.87368e-08,44.4705,956.705,1.22263e-07,50.3371,1203.54,1e-08,56.9776,1513.81,1e-08,64.494,1903.69,1e-08,73.0018,2393.4,3.9185e-07,82.6317,3008.13,1.35379e-07,93.5318,3779.25,1e-08,105.869,4745.7,2.06965e-08,119.834,5955.6,1e-08,135.641,7468.12,1e-08,153.531,9355.62,2.00739e-07,173.781,11705.8,2.28358e-07,196.701,14624.1,1e-08,222.642,18235,1e-08,252.003,22683.4,1e-08,285.234,28134,1e-08,322.845,34767,2.34258e-07,365.413,42770.9,2.99668e-07,413.588,52327.9,8.28644e-08,468.111,63591.2,1e-08,529.814,76653.2,1e-08,599.642,91502.5,1e-08,678.662,107975,2.26339e-07,768.083,125705,3.69212e-07,869.267,144088,2.04077e-07,983.76,162277,1e-08,1113.3,179223,1e-08,1259.87,193777,1e-08,1425.68,204839,4.55555e-07,6.2823,3.27286,2.43537,0.219672,6.18826,2.24117,0.56371,6.87772,2.63624,0.308279,8,11,19,1,6,0,2,5,1,3,12,0,5,11,0,3,11,0,5,21,0,1,16,0,5,19,0,4,10,0,5,34,0,10,56,0,11,112,0,6,52,0,8,63,0,15,121,0,30,162,0,28,243,0,22,86,0,23,265,0,21,301,0,49,201,0,32,676,0,26,448,0,32,573,0,24,990,0,57,701,0,39,1855,0,98,2700,0,70,1156,0,84,3202,0,116,2164,0,86,6427,0,111,7632,0,161,9335,0,155,10120,0,305,13067,0,248,19336,0,398,25096,0,159,42097,0,280,42102,0,519,33374,0,604,43332,0,545,66231,0,681,59208,0,573,50913,0,762,114509,0,675,83042,0,888,66082,0,1434,85763,0,1079,106570,0,2302,286183,0,1029,144793,0
-1.05176e+08,1,8.88811e-15,10,1023,0,1.05176e+08,0.528882,1.08665,0.389689,0.145397,0.379329,3.24381,0.161596,0.446195,1.77396,0.159177,1.15e+07,4.49998e+06,6.79999e+06,1.15e+07,4.49997e+06,6.79999e+06,1.15e+07,4.49996e+06,6.79999e+06,1.15e+07,4.49995e+06,6.79999e+06,1.14999e+07,4.49993e+06,6.79999e+06,1.14999e+07,4.49991e+06,6.79999e+06,1.14999e+07,4.49989e+06,6.79999e+06,1.14999e+07,4.49986e+06,6.79999e+06,1.14999e+07,4.49982e+06,6.79999e+06,1.14999e+07,4.49977e+06,6.79999e+06,1.14999e+07,4.49971e+06,6.79999e+06,1.14999e+07,4.49963e+06,6.79999e+06,1.14998e+07,4.49953e+06,6.79999e+06,1.14998e+07,4.49941e+06,6.79999e+06,1.14998e+07,4.49926e+06,6.79999e+06,1.14998e+07,4.49906e+06,6.79999e+06,1.14997e+07,4.49882e+06,6.79999e+06,1.14997e+07,4.49851e+06,6.79999e+06,1.14997e+07,4.49812e+06,6.79999e+06,1.14996e+07,4.49764e+06,6.79999e+06,1.14996e+07,4.49702e+06,6.79999e+06,1.14995e+07,4.49625e+06,6.79999e+06,1.14995e+07,4.49528e+06,6.79999e+06,1.14994e+07,4.49406e+06,6.79999e+06,1.14993e+07,4.49253e+06,6.79999e+06,1.14992e+07,4.49059e+06,6.79999e+06,1.14991e+07,4.48817e+06,6.79999e+06,1.1499e+07,4.48511e+06,6.79999e+06,1.14988e+07,4.48128e+06,6.79999e+06,1.14987e+07,4.47646e+06,6.79999e+06,1.14985e+07,4.47041e+06,6.79999e+06,1.14983e+07,4.46281e+06,6.79999e+06,1.14981e+07,4.4533e+06,6.79999e+06,1.14979e+07,4.44138e+06,6.79999e+06,1.14976e+07,4.42649e+06,6.79999e+06,1.14972e+07,4.40789e+06,6.79999e+06,1.14969e+07,4.38471e+06,6.79999e+06,1.14965e+07,4.35592e+06,6.79999e+06,1.1496e+07,4.32027e+06,6.79999e+06,1.14955e+07,4.27629e+06,6.79999e+06,1.14949e+07,4.22231e+06,6.79999e+06,1.14942e+07,4.15647e+06,6.79999e+06,1.14934e+07,4.07676e+06,6.79999e+06,1.14926e+07,3.98112e+06,6.79999e+06,1.14916e+07,3.86765e+06,6.79999e+06,1.14905e+07,3.73474e+06,6.79999e+06,1.14892e+07,3.58148e+06,6.79999e+06,1.14878e+07,3.40785e+06,6.79999e+06,1.14862e+07,3.21513e+06,6.79999e+06,1.14844e+07,3.00605e+06,6.79999e+06,1.14823e+07,2.7848e+06,6.79999e+06,1.148e+07,2.5568e+06,6.79999e+06,1.14773e+07,2.32825e+06,6.79999e+06,13.5742,8.52444,0.508366,16.8306,13.2585,0.162638,20.0035,17.569,0.0507846,23.2616,22.4214,0.0158319,26.7328,28.3297,0.00493498,30.5212,35.6974,0.00153831,34.7178,44.9473,0.000479527,39.4086,56.5822,0.000149456,44.6796,71.2245,4.66214e-05,50.6209,89.6543,1.45419e-05,57.3297,112.852,4.54748e-06,64.9129,142.051,1.43857e-06,73.4897,178.803,4.36618e-07,83.1934,225.062,1.40153e-07,94.1745,283.286,4.96378e-08,106.602,356.568,1.05434e-07,120.669,448.799,-6.49244e-08,136.59,564.873,1.70148e-07,154.611,710.948,-5.34594e-08,175.008,894.767,1.63407e-07,198.097,1126.06,8.04804e-08,224.231,1417.07,1.14667e-07,253.813,1783.15,-1.71227e-07,287.297,2243.62,-2.88466e-07,325.198,2822.67,-4.33651e-07,368.098,3550.67,7.9318e-08,416.657,4465.65,3.13319e-07,471.621,5615.16,3.4613e-07,533.835,7058.61,-1.19199e-07,604.255,8870.02,-2.79964e-07,683.962,11141.4,-2.30521e-07,774.182,13986.7,-2.55099e-07,876.299,17546.4,1.23585e-07,991.883,21993.1,1.41192e-07,1122.71,27536.7,-9.71886e-08,1270.78,34430.7,-3.68368e-07,1438.38,42977.7,-3.45379e-07,1628.07,53532.7,-3.25328e-09,1842.77,66504.6,2.6362e-07,2085.77,82350.2,2.53445e-07,2360.79,101560,-2.47407e-08,2672.05,124632,-3.80602e-07,3024.31,152018,-4.79005e-07,3422.98,184060,-1.14379e-07,3874.15,220884,2.64297e-07,4384.72,262283,3.44131e-07,4962.49,307576,7.5349e-08,5616.29,355497,-3.63097e-07,6356.1,404126,-6.05442e-07,7193.18,450932,-2.72333e-07,8140.28,492963,2.29675e-07,9211.79,527178,4.3387e-07,10424,550893,-1.0711e-07,10.102,8.06553,2.81012,10.6436,8.57909,0.869423,11.5336,10.2515,0.270869,12.7211,12.7138,0.0844293,14.1823,15.9373,0.0263173,15.9122,20.0383,0.0082035,17.9198,25.2154,0.00255722,20.2244,31.7373,0.000797017,22.8539,39.9486,0.000248622,25.8438,50.2851,7.75492e-05,29.237,63.2963,2.42508e-05,33.0837,79.6738,7.67162e-06,37.4415,100.288,2.32837e-06,42.3767,126.236,7.33e-07,47.9646,158.896,2.79256e-07,54.2906,200.003,9.87351e-09,61.452,251.741,1.61085e-07,69.5585,316.859,-2.47141e-07,78.7347,398.812,8.93552e-08,89.1218,501.948,-2.53231e-07,100.879,631.736,-1.25047e-07,114.188,795.049,-1.78808e-07,129.252,1000.53,2.6733e-07,146.304,1259.03,4.50292e-07,165.605,1584.19,6.76904e-07,187.452,1993.12,-1.23808e-07,212.181,2507.27,-4.89068e-07,240.173,3153.54,-5.40284e-07,271.856,3965.56,1.86061e-07,307.719,4985.38,4.37004e-07,348.313,6265.4,3.59828e-07,394.26,7870.83,3.98192e-07,446.268,9882.51,-1.92908e-07,505.135,12400.3,-2.20392e-07,571.766,15546.9,1.51705e-07,647.184,19472.2,5.74996e-07,732.547,24357.4,5.39112e-07,829.167,30420,5.07815e-09,938.526,37916.3,-4.11492e-07,1062.3,47143.9,-3.9561e-07,1202.4,58439.2,3.86185e-08,1360.96,72169.3,5.94093e-07,1540.42,88715.8,7.47693e-07,1743.53,108445,1.78537e-07,1973.41,131665,-4.12549e-07,2233.57,158557,-5.37164e-07,2528,189103,-1.17615e-07,2861.2,222986,5.66769e-07,3238.27,259510,9.45053e-07,3664.97,297540,4.25093e-07,4147.81,335497,-3.58506e-07,4694.17,371444,-6.7724e-07,5312.37,403256,1.67192e-07,1.61744,3.89446,9.84394,3.28846,7.5504,12.774,5.07607,11.7187,13.6844,7.03202,16.8147,13.9681,9.20215,23.1769,14.0566,11.6301,31.1672,14.0841,14.3598,41.2186,14.0927,17.4376,53.8688,14.0954,20.9137,69.7915,14.0962,24.8432,89.8341,14.0965,29.2879,115.063,14.0966,34.3168,146.819,14.0966,40.0078,186.792,14.0966,46.4487,237.107,14.0966,53.7388,300.44,14.0966,61.9903,380.158,14.0966,71.3301,480.499,14.0966,81.902,606.796,14.0966,93.8685,765.761,14.0966,107.414,965.837,14.0966,122.746,1217.65,14.0966,140.101,1534.57,14.0966,159.745,1933.41,14.0966,181.981,2435.3,14.0966,207.15,3066.85,14.0966,235.64,3861.46,14.0966,267.889,4861.11,14.0966,304.391,6118.54,14.0966,345.709,7699.91,14.0966,392.478,9688.22,14.0966,445.417,12187.5,14.0966,505.339,15327.7,14.0966,573.165,19271.6,14.0966,649.938,24222,14.0966,736.839,30430.9,14.0966,835.202,38211.5,14.0966,946.539,47950.3,14.0966,1072.56,60122.8,14.0966,1215.21,75309.9,14.0966,1376.66,94216.2,14.0966,1559.41,117688,14.0966,1766.26,146729,14.0966,2000.39,182510,14.0966,2265.39,226372,14.0966,2565.33,279806,14.0966,2904.81,344416,14.0966,3289.05,421845,14.0966,3723.93,513667,14.0966,4216.13,621231,14.0966,4773.18,745478,14.0966,5403.64,886744,14.0966,6117.15,1.04457e+06,14.0966,6924.63,1.2176e+06,14.0966,11.7194,11.96,12.6541,13.9321,16.1295,13.6434,16.6097,21.9702,13.9553,19.7532,29.5285,14.0526,23.3844,39.1143,14.0829,27.5423,51.2054,14.0923,32.2796,66.434,14.0953,37.662,85.6061,14.0962,43.7675,109.74,14.0965,50.687,140.119,14.0966,58.5249,178.359,14.0966,67.4005,226.493,14.0966,77.4493,287.08,14.0966,88.8254,363.343,14.0966,101.703,459.336,14.0966,116.281,580.161,14.0966,132.782,732.241,14.0966,151.46,923.655,14.0966,172.603,1164.57,14.0966,196.535,1467.79,14.0966,223.625,1849.39,14.0966,254.288,2329.62,14.0966,288.997,2933.93,14.0966,328.285,3694.33,14.0966,372.755,4651.04,14.0966,423.092,5854.57,14.0966,480.07,7368.38,14.0966,544.564,9272.08,14.0966,617.566,11665.5,14.0966,700.197,14673.6,14.0966,793.729,18452.9,14.0966,899.599,23198.6,14.0966,1019.43,29154.1,14.0966,1155.07,36622.3,14.0966,1308.6,45977.9,14.0966,1482.39,57683.7,14.0966,1679.09,72307.8,14.0966,1901.73,90542.8,14.0966,2153.73,113226,14.0966,2438.97,141360,14.0966,2761.81,176127,14.0966,3127.22,218898,14.0966,3540.81,271226,14.0966,4008.92,334817,14.0966,4538.74,411470,14.0966,5138.38,502973,14.0966,5817.04,610948,14.0966,6585.12,736653,14.0966,7454.39,880741,14.0966,8438.15,1.04302e+06,14.0966,9551.45,1.22224e+06,14.0966,10811.3,1.41602e+06,14.0966,12237,1.62086e+06,14.0966,11.7194,11.96,12.6541,2.21263,4.16949,0.989383,2.67766,5.84076,0.311842,3.14343,7.55825,0.0972771,3.63127,9.58578,0.0303237,4.15787,12.0912,0.00945211,4.73731,15.2286,0.00294633,5.38238,19.1721,0.000918508,6.10553,24.134,0.000286163,6.91951,30.3791,8.92692e-05,7.83792,38.2397,2.78121e-05,8.87555,48.1338,8.65134e-06,10.0489,60.5876,2.7882e-06,11.3761,76.2629,8.29036e-07,12.8779,95.9927,2.4373e-07,14.5775,120.825,4.33068e-09,16.5012,152.08,1.75749e-07,18.6784,191.415,-1.86328e-07,21.1428,240.917,1.91829e-07,23.9322,303.213,-1.81475e-07,27.0895,381.602,7.0186e-08,30.6634,480.231,-2.86769e-08,34.7087,604.316,2.40784e-07,39.2876,760.401,9.87368e-08,44.4705,956.705,1.22263e-07,50.3371,1203.54,-4.31966e-07,56.9776,1513.81,-1.9705e-07,64.494,1903.69,-2.763e-08,73.0018,2393.4,3.9185e-07,82.6317,3008.13,1.35379e-07,93.5318,3779.25,-4.16351e-08,105.869,4745.7,2.06965e-08,119.834,5955.6,-3.18887e-07,135.641,7468.12,-1.48271e-08,153.531,9355.62,2.00739e-07,173.781,11705.8,2.28358e-07,196.701,14624.1,-1.93587e-08,222.642,18235,-2.88101e-07,252.003,22683.4,-2.24732e-07,285.234,28134,8.56806e-09,322.845,34767,2.34258e-07,365.413,42770.9,2.99668e-07,413.588,52327.9,8.28644e-08,468.111,63591.2,-3.07049e-07,529.814,76653.2,-3.1888e-07,599.642,91502.5,-6.72276e-08,678.662,107975,2.26339e-07,768.083,125705,3.69212e-07,869.267,144088,2.04077e-07,983.76,162277,-2.80509e-07,1113.3,179223,-4.22737e-07,1259.87,193777,-1.71951e-07,1425.68,204839,4.55555e-07,11.7194,11.96,12.6541,2.21263,4.16949,0.989383,2.67766,5.84076,0.311842,3.14343,7.55825,0.0972771,3.63127,9.58578,0.0303237,4.15787,12.0912,0.00945211,4.73731,15.2286,0.00294633,5.38238,19.1721,0.000918508,6.10553,24.134,0.000286163,6.91951,30.3791,8.92692e-05,7.83792,38.2397,2.78121e-05,8.87555,48.1338,8.65134e-06,10.0489,60.5876,2.7882e-06,11.3761,76.2629,8.29036e-07,12.8779,95.9927,2.4373e-07,14.5775,120.825,1e-08,16.5012,152.08,1.75749e-07,18.6784,191.415,1e-08,21.1428,240.917,1.91829e-07,23.9322,303.213,1e-08,27.0895,381.602,7.0186e-08,30.6634,480.231,1e-08,34.7087,604.316,2.40784e-07,39.2876,760.401,9.87368e-08,44.4705,956.705,1.22263e-07,50.3371,1203.54,1e-08,56.9776,1513.81,1e-08,64.494,1903.69,1e-08,73.0018,2393.4,3.9185e-07,82.6317,3008.13,1.35379e-07,93.5318,3779.25,1e-08,105.869,4745.7,2.06965e-08,119.834,5955.6,1e-08,135.641,7468.12,1e-08,153.531,9355.62,2.00739e-07,173.781,11705.8,2.28358e-07,196.701,14624.1,1e-08,222.642,18235,1e-08,252.003,22683.4,1e-08,285.234,28134,1e-08,322.845,34767,2.34258e-07,365.413,42770.9,2.99668e-07,413.588,52327.9,8.28644e-08,468.111,63591.2,1e-08,529.814,76653.2,1e-08,599.642,91502.5,1e-08,678.662,107975,2.26339e-07,768.083,125705,3.69212e-07,869.267,144088,2.04077e-07,983.76,162277,1e-08,1113.3,179223,1e-08,1259.87,193777,1e-08,1425.68,204839,4.55555e-07,6.2823,3.27286,2.43537,0.219672,6.18826,2.24117,0.56371,6.87772,2.63624,0.308279,6,11,12,2,4,1,2,0,0,3,3,0,1,6,0,2,7,0,6,9,0,6,37,0,7,20,0,4,36,0,4,24,0,10,18,0,10,73,0,8,111,0,18,280,0,23,80,0,4,84,0,21,222,0,6,326,0,23,372,0,24,338,0,42,644,0,27,430,0,44,718,0,26,556,0,31,590,0,16,1473,0,80,2221,0,58,2247,0,96,2714,0,131,3031,0,125,4278,0,138,4598,0,162,4302,0,219,11975,0,195,2789,0,328,12453,0,396,16264,0,215,16081,0,360,64721,0,196,42800,0,283,23530,0,344,59754,0,482,33727,0,483,74674,0,575,25123,0,415,60044,0,481,115495,0,488,136393,0,953,158036,0,581,229492,0,1400,128248,0,912,243454,0
-1.05176e+08,1,8.88811e-15,10,1023,0,1.05176e+08,0.528882,1.08665,0.389689,0.145397,0.379329,3.24381,0.161596,0.446195,1.77396,0.159177,1.15e+07,4.49998e+06,6.79999e+06,1.15e+07,4.49997e+06,6.79999e+06,1.15e+07,4.49996e+06,6.79999e+06,1.15e+07,4.49995e+06,6.79999e+06,1.14999e+07,4.49993e+06,6.79999e+06,1.14999e+07,4.49991e+06,6.79999e+06,1.14999e+07,4.49989e+06,6.79999e+06,1.14999e+07,4.49986e+06,6.79999e+06,1.14999e+07,4.49982e+06,6.79999e+06,1.14999e+07,4.49977e+06,6.79999e+06,1.14999e+07,4.49971e+06,6.79999e+06,1.14999e+07,4.49963e+06,6.79999e+06,1.14998e+07,4.49953e+06,6.79999e+06,1.14998e+07,4.49941e+06,6.79999e+06,1.14998e+07,4.49926e+06,6.79999e+06,1.14998e+07,4.49906e+06,6.79999e+06,1.14997e+07,4.49882e+06,6.79999e+06,1.14997e+07,4.49851e+06,6.79999e+06,1.14997e+07,4.49812e+06,6.79999e+06,1.14996e+07,4.49764e+06,6.79999e+06,1.14996e+07,4.49702e+06,6.79999e+06,1.14995e+07,4.49625e+06,6.79999e+06,1.14995e+07,4.49528e+06,6.79999e+06,1.14994e+07,4.49406e+06,6.79999e+06,1.14993e+07,4.49253e+06,6.79999e+06,1.14992e+07,4.49059e+06,6.79999e+06,1.14991e+07,4.48817e+06,6.79999e+06,1.1499e+07,4.48511e+06,6.79999e+06,1.14988e+07,4.48128e+06,6.79999e+06,1.14987e+07,4.47646e+06,6.79999e+06,1.14985e+07,4.47041e+06,6.79999e+06,1.14983e+07,4.46281e+06,6.79999e+06,1.14981e+07,4.4533e+06,6.79999e+06,1.14979e+07,4.44138e+06,6.79999e+06,1.14976e+07,4.42649e+06,6.79999e+06,1.14972e+07,4.40789e+06,6.79999e+06,1.14969e+07,4.38471e+06,6.79999e+06,1.14965e+07,4.35592e+06,6.79999e+06,1.1496e+07,4.32027e+06,6.79999e+06,1.14955e+07,4.27629e+06,6.79999e+06,1.14949e+07,4.22231e+06,6.79999e+06,1.14942e+07,4.15647e+06,6.79999e+06,1.14934e+07,4.07676e+06,6.79999e+06,1.14926e+07,3.98112e+06,6.79999e+06,1.14916e+07,3.86765e+06,6.79999e+06,1.14905e+07,3.73474e+06,6.79999e+06,1.14892e+07,3.58148e+06,6.79999e+06,1.14878e+07,3.40785e+06,6.79999e+06,1.14862e+07,3.21513e+06,6.79999e+06,1.14844e+07,3.00605e+06,6.79999e+06,1.14823e+07,2.7848e+06,6.79999e+06,1.148e+07,2.5568e+06,6.79999e+06,1.14773e+07,2.32825e+06,6.79999e+06,13.5742,8.52444,0.508366,16.8306,13.2585,0.162638,20.0035,17.569,0.0507846,23.2616,22.4214,0.0158319,26.7328,28.3297,0.00493498,30.5212,35.6974,0.00153831,34.7178,44.9473,0.000479527,39.4086,56.5822,0.000149456,44.6796,71.2245,4.66214e-05,50.6209,89.6543,1.45419e-05,57.3297,112.852,4.54748e-06,64.9129,142.051,1.43857e-06,73.4897,178.803,4.36618e-07,83.1934,225.062,1.40153e-07,94.1745,283.286,4.96378e-08,106.602,356.568,1.05434e-07,120.669,448.799,-6.49244e-08,136.59,564.873,1.70148e-07,154.611,710.948,-5.34594e-08,175.008,894.767,1.63407e-07,198.097,1126.06,8.04804e-08,224.231,1417.07,1.14667e-07,253.813,1783.15,-1.71227e-07,287.297,2243.62,-2.88466e-07,325.198,2822.67,-4.33651e-07,368.098,3550.67,7.9318e-08,416.657,4465.65,3.13319e-07,471.621,5615.16,3.4613e-07,533.835,7058.61,-1.19199e-07,604.255,8870.02,-2.79964e-07,683.962,11141.4,-2.30521e-07,774.182,13986.7,-2.55099e-07,876.299,17546.4,1.23585e-07,991.883,21993.1,1.41192e-07,1122.71,27536.7,-9.71886e-08,1270.78,34430.7,-3.68368e-07,1438.38,42977.7,-3.45379e-07,1628.07,53532.7,-3.25328e-09,1842.77,66504.6,2.6362e-07,2085.77,82350.2,2.53445e-07,2360.79,101560,-2.47407e-08,2672.05,124632,-3.80602e-07,3024.31,152018,-4.79005e-07,3422.98,184060,-1.14379e-07,3874.15,220884,2.64297e-07,4384.72,262283,3.44131e-07,4962.49,307576,7.5349e-08,5616.29,355497,-3.63097e-07,6356.1,404126,-6.05442e-07,7193.18,450932,-2.72333e-07,8140.28,492963,2.29675e-07,9211.79,527178,4.3387e-07,10424,550893,-1.0711e-07,10.102,8.06553,2.81012,10.6436,8.57909,0.869423,11.5336,10.2515,0.270869,12.7211,12.7138,0.0844293,14.1823,15.9373,0.0263173,15.9122,20.0383,0.0082035,17.9198,25.2154,0.00255722,20.2244,31.7373,0.000797017,22.8539,39.9486,0.000248622,25.8438,50.2851,7.75492e-05,29.237,63.2963,2.42508e-05,33.0837,79.6738,7.67162e-06,37.4415,100.288,2.32837e-06,42.3767,126.236,7.33e-07,47.9646,158.896,2.79256e-07,54.2906,200.003,9.87351e-09,61.452,251.741,1.61085e-07,69.5585,316.859,-2.47141e-07,78.7347,398.812,8.93552e-08,89.1218,501.948,-2.53231e-07,100.879,631.736,-1.25047e-07,114.188,795.049,-1.78808e-07,129.252,1000.53,2.6733e-07,146.304,1259.03,4.50292e-07,165.605,1584.19,6.76904e-07,187.452,1993.12,-1.23808e-07,212.181,2507.27,-4.89068e-07,240.173,3153.54,-5.40284e-07,271.856,3965.56,1.86061e-07,307.719,4985.38,4.37004e-07,348.313,6265.4,3.59828e-07,394.26,7870.83,3.98192e-07,446.268,9882.51,-1.92908e-07,505.135,12400.3,-2.20392e-07,571.766,15546.9,1.51705e-07,647.184,19472.2,5.74996e-07,732.547,24357.4,5.39112e-07,829.167,30420,5.07815e-09,938.526,37916.3,-4.11492e-07,1062.3,47143.9,-3.9561e-07,1202.4,58439.2,3.86185e-08,1360.96,72169.3,5.94093e-07,1540.42,88715.8,7.47693e-07,1743.53,108445,1.78537e-07,1973.41,131665,-4.12549e-07,2233.57,158557,-5.37164e-07,2528,189103,-1.17615e-07,2861.2,222986,5.66769e-07,3238.27,259510,9.45053e-07,3664.97,297540,4.25093e-07,4147.81,335497,-3.58506e-07,4694.17,371444,-6.7724e-07,5312.37,403256,1.67192e-07,1.61744,3.89446,9.84394,3.28846,7.5504,12.774,5.07607,11.7187,13.6844,7.03202,16.8147,13.9681,9.20215,23.1769,14.0566,11.6301,31.1672,14.0841,14.3598,41.2186,14.0927,17.4376,53.8688,14.0954,20.9137,69.7915,14.0962,24.8432,89.8341,14.0965,29.2879,115.063,14.0966,34.3168,146.819,14.0966,40.0078,186.792,14.0966,46.4487,237.107,14.0966,53.7388,300.44,14.0966,61.9903,380.158,14.0966,71.3301,480.499,14.0966,81.902,606.796,14.0966,93.8685,765.761,14.0966,107.414,965.837,14.0966,122.746,1217.65,14.0966,140.101,1534.57,14.0966,159.745,1933.41,14.0966,181.981,2435.3,14.0966,207.15,3066.85,14.0966,235.64,3861.46,14.0966,267.889,4861.11,14.0966,304.391,6118.54,14.0966,345.709,7699.91,14.0966,392.478,9688.22,14.0966,445.417,12187.5,14.0966,505.339,15327.7,14.0966,573.165,19271.6,14.0966,649.938,24222,14.0966,736.839,30430.9,14.0966,835.202,38211.5,14.0966,946.539,47950.3,14.0966,1072.56,60122.8,14.0966,1215.21,75309.9,14.0966,1376.66,94216.2,14.0966,1559.41,117688,14.0966,1766.26,146729,14.0966,2000.39,182510,14.0966,2265.39,226372,14.0966,2565.33,279806,14.0966,2904.81,344416,14.0966,3289.05,421845,14.0966,3723.93,513667,14.0966,4216.13,621231,14.0966,4773.18,745478,14.0966,5403.64,886744,14.0966,6117.15,1.04457e+06,14.0966,6924.63,1.2176e+06,14.0966,11.7194,11.96,12.6541,13.9321,16.1295,13.6434,16.6097,21.9702,13.9553,19.7532,29.5285,14.0526,23.3844,39.1143,14.0829,27.5423,51.2054,14.0923,32.2796,66.434,14.0953,37.662,85.6061,14.0962,43.7675,109.74,14.0965,50.687,140.119,14.0966,58.5249,178.359,14.0966,67.4005,226.493,14.0966,77.4493,287.08,14.0966,88.8254,363.343,14.0966,101.703,459.336,14.0966,116.281,580.161,14.0966,132.782,732.241,14.0966,151.46,923.655,14.0966,172.603,1164.57,14.0966,196.535,1467.79,14.0966,223.625,1849.39,14.0966,254.288,2329.62,14.0966,288.997,2933.93,14.0966,328.285,3694.33,14.0966,372.755,4651.04,14.0966,423.092,5854.57,14.0966,480.07,7368.38,14.0966,544.564,9272.08,14.0966,617.566,11665.5,14.0966,700.197,14673.6,14.0966,793.729,18452.9,14.0966,899.599,23198.6,14.0966,1019.43,29154.1,14.0966,1155.07,36622.3,14.0966,1308.6,45977.9,14.0966,1482.39,57683.7,14.0966,1679.09,72307.8,14.0966,1901.73,90542.8,14.0966,2153.73,113226,14.0966,2438.97,141360,14.0966,2761.81,176127,14.0966,3127.22,218898,14.0966,3540.81,271226,14.0966,4008.92,334817,14.0966,4538.74,411470,14.0966,5138.38,502973,14.0966,5817.04,610948,14.0966,6585.12,736653,14.0966,7454.39,880741,14.0966,8438.15,1.04302e+06,14.0966,9551.45,1.22224e+06,14.0966,10811.3,1.41602e+06,14.0966,12237,1.62086e+06,14.0966,11.7194,11.96,12.6541,2.21263,4.16949,0.989383,2.67766,5.84076,0.311842,3.14343,7.55825,0.0972771,3.63127,9.58578,0.0303237,4.15787,12.0912,0.00945211,4.73731,15.2286,0.00294633,5.38238,19.1721,0.000918508,6.10553,24.134,0.000286163,6.91951,30.3791,8.92692e-05,7.83792,38.2397,2.78121e-05,8.87555,48.1338,8.65134e-06,10.0489,60.5876,2.7882e-06,11.3761,76.2629,8.29036e-07,12.8779,95.9927,2.4373e-07,14.5775,120.825,4.33068e-09,16.5012,152.08,1.75749e-07,18.6784,191.415,-1.86328e-07,21.1428,240.917,1.91829e-07,23.9322,303.213,-1.81475e-07,27.0895,381.602,7.0186e-08,30.6634,480.231,-2.86769e-08,34.7087,604.316,2.40784e-07,39.2876,760.401,9.87368e-08,44.4705,956.705,1.22263e-07,50.3371,1203.54,-4.31966e-07,56.9776,1513.81,-1.9705e-07,64.494,1903.69,-2.763e-08,73.0018,2393.4,3.9185e-07,82.6317,3008.13,1.35379e-07,93.5318,3779.25,-4.16351e-08,105.869,4745.7,2.06965e-08,119.834,5955.6,-3.18887e-07,135.641,7468.12,-1.48271e-08,153.531,9355.62,2.00739e-07,173.781,11705.8,2.28358e-07,196.701,14624.1,-1.93587e-08,222.642,18235,-2.88101e-07,252.003,22683.4,-2.24732e-07,285.234,28134,8.56806e-09,322.845,34767,2.34258e-07,365.413,42770.9,2.99668e-07,413.588,52327.9,8.28644e-08,468.111,63591.2,-3.07049e-07,529.814,76653.2,-3.1888e-07,599.642,91502.5,-6.72276e-08,678.662,107975,2.26339e-07,768.083,125705,3.69212e-07,869.267,144088,2.04077e-07,983.76,162277,-2.80509e-07,1113.3,179223,-4.22737e-07,1259.87,193777,-1.71951e-07,1425.68,204839,4.55555e-07,11.7194,11.96,12.6541,2.21263,4.16949,0.989383,2.67766,5.84076,0.311842,3.14343,7.55825,0.0972771,3.63127,9.58578,0.0303237,4.15787,12.0912,0.00945211,4.73731,15.2286,0.00294633,5.38238,19.1721,0.000918508,6.10553,24.134,0.000286163,6.91951,30.3791,8.92692e-05,7.83792,38.2397,2.78121e-05,8.87555,48.1338,8.65134e-06,10.0489,60.5876,2.7882e-06,11.3761,76.2629,8.29036e-07,12.8779,95.9927,2.4373e-07,14.5775,120.825,1e-08,16.5012,152.08,1.75749e-07,18.6784,191.415,1e-08,21.1428,240.917,1.91829e-07,23.9322,303.213,1e-08,27.0895,381.602,7.0186e-08,30.6634,480.231,1e-08,34.7087,604.316,2.40784e-07,39.2876,760.401,9.87368e-08,44.4705,956.705,1.22263e-07,50.3371,1203.54,1e-08,56.9776,1513.81,1e-08,64.494,1903.69,1e-08,73.0018,2393.4,3.9185e-07,82.6317,3008.13,1.35379e-07,93.5318,3779.25,1e-08,105.869,4745.7,2.06965e-08,119.834,5955.6,1e-08,135.641,7468.12,1e-08,153.531,9355.62,2.00739e-07,173.781,11705.8,2.28358e-07,196.701,14624.1,1e-08,222.642,18235,1e-08,252.003,22683.4,1e-08,285.234,28134,1e-08,322.845,34767,2.34258e-07,365.413,42770.9,2.99668e-07,413.588,52327.9,8.28644e-08,468.111,63591.2,1e-08,529.814,76653.2,1e-08,599.642,91502.5,1e-08,678.662,107975,2.26339e-07,768.083,125705,3.69212e-07,869.267,144088,2.04077e-07,983.76,162277,1e-08,1113.3,179223,1e-08,1259.87,193777,1e-08,1425.68,204839,4.55555e-07,6.2823,3.27286,2.43537,0.219672,6.18826,2.24117,0.56371,6.87772,2.63624,0.308279,27,4,26,0,3,0,1,4,0,2,3,0,1,7,0,9,8,0,2,15,0,3,32,0,1,37,0,8,18,0,5,36,0,5,35,0,12,71,0,15,81,0,12,186,0,16,44,0,8,144,0,5,220,0,32,174,0,11,355,0,32,639,0,31,782,0,24,677,0,30,722,0,72,1416,0,24,715,0,54,2713,0,89,1526,0,115,2788,0,82,2723,0,136,2252,0,82,3649,0,87,9044,0,124,9952,0,77,16094,0,143,14043,0,248,11481,0,133,25860,0,536,19079,0,95,35073,0,218,32956,0,673,40679,0,464,63267,0,443,38770,0,465,113932,0,758,91161,0,252,96981,0,631,149058,0,1275,157138,0,708,175999,0,1451,218880,0,1488,201717,0,2387,400388,0
-1.05176e+08,1,8.88811e-15,10,1023,0,1.05176e+08,0.528882,1.08665,0.389689,0.145397,0.379329,3.24381,0.161596,0.446195,1.77396,0.159177,1.15e+07,4.49998e+06,6.79999e+06,1.15e+07,4.49997e+06,6.79999e+06,1.15e+07,4.49996e+06,6.79999e+06,1.15e+07,4.49995e+06,6.79999e+06,1.14999e+07,4.49993e+06,6.79999e+06,1.14999e+07,4.49991e+06,6.79999e+06,1.14999e+07,4.49989e+06,6.79999e+06,1.14999e+07,4.49986e+06,6.79999e+06,1.14999e+07,4.49982e+06,6.79999e+06,1.14999e+07,4.49977e+06,6.79999e+06,1.14999e+07,4.49971e+06,6.79999e+06,1.14999e+07,4.49963e+06,6.79999e+06,1.14998e+07,4.49953e+06,6.79999e+06,1.14998e+07,4.49941e+06,6.79999e+06,1.14998e+07,4.49926e+06,6.79999e+06,1.14998e+07,4.49906e+06,6.79999e+06,1.14997e+07,4.49882e+06,6.79999e+06,1.14997e+07,4.49851e+06,6.79999e+06,1.14997e+07,4.49812e+06,6.79999e+06,1.14996e+07,4.49764e+06,6.79999e+06,1.14996e+07,4.49702e+06,6.79999e+06,1.14995e+07,4.49625e+06,6.79999e+06,1.14995e+07,4.49528e+06,6.79999e+06,1.14994e+07,4.49406e+06,6.79999e+06,1.14993e+07,4.49253e+06,6.79999e+06,1.14992e+07,4.49059e+06,6.79999e+06,1.14991e+07,4.48817e+06,6.79999e+06,1.1499e+07,4.48511e+06,6.79999e+06,1.14988e+07,4.48128e+06,6.79999e+06,1.14987e+07,4.47646e+06,6.79999e+06,1.14985e+07,4.47041e+06,6.79999e+06,1.14983e+07,4.46281e+06,6.79999e+06,1.14981e+07,4.4533e+06,6.79999e+06,1.14979e+07,4.44138e+06,6.79999e+06,1.14976e+07,4.42649e+06,6.79999e+06,1.14972e+07,4.40789e+06,6.79999e+06,1.14969e+07,4.38471e+06,6.79999e+06,1.14965e+07,4.35592e+06,6.79999e+06,1.1496e+07,4.32027e+06,6.79999e+06,1.14955e+07,4.27629e+06,6.79999e+06,1.14949e+07,4.22231e+06,6.79999e+06,1.14942e+07,4.15647e+06,6.79999e+06,1.14934e+07,4.07676e+06,6.79999e+06,1.14926e+07,3.98112e+06,6.79999e+06,1.14916e+07,3.86765e+06,6.79999e+06,1.14905e+07,3.73474e+06,6.79999e+06,1.14892e+07,3.58148e+06,6.79999e+06,1.14878e+07,3.40785e+06,6.79999e+06,1.14862e+07,3.21513e+06,6.79999e+06,1.14844e+07,3.00605e+06,6.79999e+06,1.14823e+07,2.7848e+06,6.79999e+06,1.148e+07,2.5568e+06,6.79999e+06,1.14773e+07,2.32825e+06,6.79999e+06,13.5742,8.52444,0.508366,16.8306,13.2585,0.162638,20.0035,17.569,0.0507846,23.2616,22.4214,0.0158319,26.7328,28.3297,0.00493498,30.5212,35.6974,0.00153831,34.7178,44.9473,0.000479527,39.4086,56.5822,0.000149456,44.6796,71.2245,4.66214e-05,50.6209,89.6543,1.45419e-05,57.3297,112.852,4.54748e-06,64.9129,142.051,1.43857e-06,73.4897,178.803,4.36618e-07,83.1934,225.062,1.40153e-07,94.1745,283.286,4.96378e-08,106.602,356.568,1.05434e-07,120.669,448.799,-6.49244e-08,136.59,564.873,1.70148e-07,154.611,710.948,-5.34594e-08,175.008,894.767,1.63407e-07,198.097,1126.06,8.04804e-08,224.231,1417.07,1.14667e-07,253.813,1783.15,-1.71227e-07,287.297,2243.62,-2.88466e-07,325.198,2822.67,-4.33651e-07,368.098,3550.67,7.9318e-08,416.657,4465.65,3.13319e-07,471.621,5615.16,3.4613e-07,533.835,7058.61,-1.19199e-07,604.255,8870.02,-2.79964e-07,683.962,11141.4,-2.30521e-07,774.182,13986.7,-2.55099e-07,876.299,17546.4,1.23585e-07,991.883,21993.1,1.41192e-07,1122.71,27536.7,-9.71886e-08,1270.78,34430.7,-3.68368e-07,1438.38,42977.7,-3.45379e-07,1628.07,53532.7,-3.25328e-09,1842.77,66504.6,2.6362e-07,2085.77,82350.2,2.53445e-07,2360.79,101560,-2.47407e-08,2672.05,124632,-3.80602e-07,3024.31,152018,-4.79005e-07,3422.98,184060,-1.14379e-07,3874.15,220884,2.64297e-07,4384.72,262283,3.44131e-07,4962.49,307576,7.5349e-08,5616.29,355497,-3.63097e-07,6356.1,404126,-6.05442e-07,7193.18,450932,-2.72333e-07,8140.28,492963,2.29675e-07,9211.79,527178,4.3387e-07,10424,550893,-1.0711e-07,10.102,8.06553,2.81012,10.6436,8.57909,0.869423,11.5336,10.2515,0.270869,12.7211,12.7138,0.0844293,14.1823,15.9373,0.0263173,15.9122,20.0383,0.0082035,17.9198,25.2154,0.00255722,20.2244,31.7373,0.000797017,22.8539,39.9486,0.000248622,25.8438,50.2851,7.75492e-05,29.237,63.2963,2.42508e-05,33.0837,79.6738,7.67162e-06,37.4415,100.288,2.32837e-06,42.3767,126.236,7.33e-07,47.9646,158.896,2.79256e-07,54.2906,200.003,9.87351e-09,61.452,251.741,1.61085e-07,69.5585,316.859,-2.47141e-07,78.7347,398.812,8.93552e-08,89.1218,501.948,-2.53231e-07,100.879,631.736,-1.25047e-07,114.188,795.049,-1.78808e-07,129.252,1000.53,2.6733e-07,146.304,1259.03,4.50292e-07,165.605,1584.19,6.76904e-07,187.452,1993.12,-1.23808e-07,212.181,2507.27,-4.89068e-07,240.173,3153.54,-5.40284e-07,271.856,3965.56,1.86061e-07,307.719,4985.38,4.37004e-07,348.313,6265.4,3.59828e-07,394.26,7870.83,3.98192e-07,446.268,9882.51,-1.92908e-07,505.135,12400.3,-2.20392e-07,571.766,15546.9,1.51705e-07,647.184,19472.2,5.74996e-07,732.547,24357.4,5.39112e-07,829.167,30420,5.07815e-09,938.526,37916.3,-4.11492e-07,1062.3,47143.9,-3.9561e-07,1202.4,58439.2,3.86185e-08,1360.96,72169.3,5.94093e-07,1540.42,88715.8,7.47693e-07,1743.53,108445,1.78537e-07,1973.41,131665,-4.12549e-07,2233.57,158557,-5.37164e-07,2528,189103,-1.17615e-07,2861.2,222986,5.66769e-07,3238.27,259510,9.45053e-07,3664.97,297540,4.25093e-07,4147.81,335497,-3.58506e-07,4694.17,371444,-6.7724e-07,5312.37,403256,1.67192e-07,1.61744,3.89446,9.84394,3.28846,7.5504,12.774,5.07607,11.7187,13.6844,7.03202,16.8147,13.9681,9.20215,23.1769,14.0566,11.6301,31.1672,14.0841,14.3598,41.2186,14.0927,17.4376,53.8688,14.0954,20.9137,69.7915,14.0962,24.8432,89.8341,14.0965,29.2879,115.063,14.0966,34.3168,146.819,14.0966,40.0078,186.792,14.0966,46.4487,237.107,14.0966,53.7388,300.44,14.0966,61.9903,380.158,14.0966,71.3301,480.499,14.0966,81.902,606.796,14.0966,93.8685,765.761,14.0966,107.414,965.837,14.0966,122.746,1217.65,14.0966,140.101,1534.57,14.0966,159.745,1933.41,14.0966,181.981,2435.3,14.0966,207.15,3066.85,14.0966,235.64,3861.46,14.0966,267.889,4861.11,14.0966,304.391,6118.54,14.0966,345.709,7699.91,14.0966,392.478,9688.22,14.0966,445.417,12187.5,14.0966,505.339,15327.7,14.0966,573.165,19271.6,14.0966,649.938,24222,14.0966,736.839,30430.9,14.0966,835.202,38211.5,14.0966,946.539,47950.3,14.0966,1072.56,60122.8,14.0966,1215.21,75309.9,14.0966,1376.66,94216.2,14.0966,1559.41,117688,14.0966,1766.26,146729,14.0966,2000.39,182510,14.0966,2265.39,226372,14.0966,2565.33,279806,14.0966,2904.81,344416,14.0966,3289.05,421845,14.0966,3723.93,513667,14.0966,4216.13,621231,14.0966,4773.18,745478,14.0966,5403.64,886744,14.0966,6117.15,1.04457e+06,14.0966,6924.63,1.2176e+06,14.0966,11.7194,11.96,12.6541,13.9321,16.1295,13.6434,16.6097,21.9702,13.9553,19.7532,29.5285,14.0526,23.3844,39.1143,14.0829,27.5423,51.2054,14.0923,32.2796,66.434,14.0953,37.662,85.6061,14.0962,43.7675,109.74,14.0965,50.687,140.119,14.0966,58.5249,178.359,14.0966,67.4005,226.493,14.0966,77.4493,287.08,14.0966,88.8254,363.343,14.0966,101.703,459.336,14.0966,116.281,580.161,14.0966,132.782,732.241,14.0966,151.46,923.655,14.0966,172.603,1164.57,14.0966,196.535,1467.79,14.0966,223.625,1849.39,14.0966,254.288,2329.62,14.0966,288.997,2933.93,14.0966,328.285,3694.33,14.0966,372.755,4651.04,14.0966,423.092,5854.57,14.0966,480.07,7368.38,14.0966,544.564,9272.08,14.0966,617.566,11665.5,14.0966,700.197,14673.6,14.0966,793.729,18452.9,14.0966,899.599,23198.6,14.0966,1019.43,29154.1,14.0966,1155.07,36622.3,14.0966,1308.6,45977.9,14.0966,1482.39,57683.7,14.0966,1679.09,72307.8,14.0966,1901.73,90542.8,14.0966,2153.73,113226,14.0966,2438.97,141360,14.0966,2761.81,176127,14.0966,3127.22,218898,14.0966,3540.81,271226,14.0966,4008.92,334817,14.0966,4538.74,411470,14.0966,5138.38,502973,14.0966,5817.04,610948,14.0966,6585.12,736653,14.0966,7454.39,880741,14.0966,8438.15,1.04302e+06,14.0966,9551.45,1.22224e+06,14.0966,10811.3,1.41602e+06,14.0966,12237,1.62086e+06,14.0966,11.7194,11.96,12.6541,2.21263,4.16949,0.989383,2.67766,5.84076,0.311842,3.14343,7.55825,0.0972771,3.63127,9.58578,0.0303237,4.15787,12.0912,0.00945211,4.73731,15.2286,0.00294633,5.38238,19.1721,0.000918508,6.10553,24.134,0.000286163,6.91951,30.3791,8.92692e-05,7.83792,38.2397,2.78121e-05,8.87555,48.1338,8.65134e-06,10.0489,60.5876,2.7882e-06,11.3761,76.2629,8.29036e-07,12.8779,95.9927,2.4373e-07,14.5775,120.825,4.33068e-09,16.5012,152.08,1.75749e-07,18.6784,191.415,-1.86328e-07,21.1428,240.917,1.91829e-07,23.9322,303.213,-1.81475e-07,27.0895,381.602,7.0186e-08,30.6634,480.231,-2.86769e-08,34.7087,604.316,2.40784e-07,39.2876,760.401,9.87368e-08,44.4705,956.705,1.22263e-07,50.3371,1203.54,-4.31966e-07,56.9776,1513.81,-1.9705e-07,64.494,1903.69,-2.763e-08,73.0018,2393.4,3.9185e-07,82.6317,3008.13,1.35379e-07,93.5318,3779.25,-4.16351e-08,105.869,4745.7,2.06965e-08,119.834,5955.6,-3.18887e-07,135.641,7468.12,-1.48271e-08,153.531,9355.62,2.00739e-07,173.781,11705.8,2.28358e-07,196.701,14624.1,-1.93587e-08,222.642,18235,-2.88101e-07,252.003,22683.4,-2.24732e-07,285.234,28134,8.56806e-09,322.845,34767,2.34258e-07,365.413,42770.9,2.99668e-07,413.588,52327.9,8.28644e-08,468.111,63591.2,-3.07049e-07,529.814,76653.2,-3.1888e-07,599.642,91502.5,-6.72276e-08,678.662,107975,2.26339e-07,768.083,125705,3.69212e-07,869.267,144088,2.04077e-07,983.76,162277,-2.80509e-07,1113.3,179223,-4.22737e-07,1259.87,193777,-1.71951e-07,1425.68,204839,4.55555e-07,11.7194,11.96,12.6541,2.21263,4.16949,0.989383,2.67766,5.84076,0.311842,3.14343,7.55825,0.0972771,3.63127,9.58578,0.0303237,4.15787,12.0912,0.00945211,4.73731,15.2286,0.00294633,5.38238,19.1721,0.000918508,6.10553,24.134,0.000286163,6.91951,30.3791,8.92692e-05,7.83792,38.2397,2.78121e-05,8.87555,48.1338,8.65134e-06,10.0489,60.5876,2.7882e-06,11.3761,76.2629,8.29036e-07,12.8779,95.9927,2.4373e-07,14.5775,120.825,1e-08,16.5012,152.08,1.75749e-07,18.6784,191.415,1e-08,21.1428,240.917,1.91829e-07,23.9322,303.213,1e-08,27.0895,381.602,7.0186e-08,30.6634,480.231,1e-08,34.7087,604.316,2.40784e-07,39.2876,760.401,9.87368e-08,44.4705,956.705,1.22263e-07,50.3371,1203.54,1e-08,56.9776,1513.81,1e-08,64.494,1903.69,1e-08,73.0018,2393.4,3.9185e-07,82.6317,3008.13,1.35379e-07,93.5318,3779.25,1e-08,105.869,4745.7,2.06965e-08,119.834,5955.6,1e-08,135.641,7468.12,1e-08,153.531,9355.62,2.00739e-07,173.781,11705.8,2.28358e-07,196.701,14624.1,1e-08,222.642,18235,1e-08,252.003,22683.4,1e-08,285.234,28134,1e-08,322.845,34767,2.34258e-07,365.413,42770.9,2.99668e-07,413.588,52327.9,8.28644e-08,468.111,63591.2,1e-08,529.814,76653.2,1e-08,599.642,91502.5,1e-08,678.662,107975,2.26339e-07,768.083,125705,3.69212e-07,869.267,144088,2.04077e-07,983.76,162277,1e-08,1113.3,179223,1e-08,1259.87,193777,1e-08,1425.68,204839,4.55555e-07,6.2823,3.27286,2.43537,0.219672,6.18826,2.24117,0.56371,6.87772,2.63624,0.308279,14,3,21,1,10,1,5,4,0,3,3,0,6,18,0,0,7,0,4,27,0,1,23,0,5,23,0,3,35,0,3,47,0,9,51,0,4,77,0,30,73,0,20,112,0,10,164,0,11,226,0,15,441,0,26,276,0,43,139,0,47,397,0,50,352,0,22,921,0,37,701,0,33,570,0,35,1146,0,40,1373,0,49,1331,0,65,1447,0,82,3880,0,167,6318,0,189,2030,0,140,5009,0,154,9669,0,137,5229,0,140,7544,0,178,14272,0,300,17671,0,306,22789,0,285,28249,0,481,38164,0,241,38206,0,323,72250,0,402,36935,0,357,68961,0,410,83163,0,553,80401,0,634,181163,0,871,112546,0,1146,161951,0,456,257720,0,743,147001,0,1533,259901,0
-1.05176e+08,1,8.88811e-15,10,1023,0,1.05176e+08,0.528882,1.08665,0.389689,0.145397,0.379329,3.24381,0.161596,0.446195,1.77396,0.159177,1.15e+07,4.49998e+06,6.79999e+06,1.15e+07,4.49997e+06,6.79999e+06,1.15e+07,4.49996e+06,6.79999e+06,1.15e+07,4.49995e+06,6.79999e+06,1.14999e+07,4.49993e+06,6.79999e+06,1.14999e+07,4.49991e+06,6.79999e+06,1.14999e+07,4.49989e+06,6.79999e+06,1.14999e+07,4.49986e+06,6.79999e+06,1.14999e+07,4.49982e+06,6.79999e+06,1.14999e+07,4.49977e+06,6.79999e+06,1.14999e+07,4.49971e+06,6.79999e+06,1.14999e+07,4.49963e+06,6.79999e+06,1.14998e+07,4.49953e+06,6.79999e+06,1.14998e+07,4.49941e+06,6.79999e+06,1.14998e+07,4.49926e+06,6.79999e+06,1.14998e+07,4.49906e+06,6.79999e+06,1.14997e+07,4.49882e+06,6.79999e+06,1.14997e+07,4.49851e+06,6.79999e+06,1.14997e+07,4.49812e+06,6.79999e+06,1.14996e+07,4.49764e+06,6.79999e+06,1.14996e+07,4.49702e+06,6.79999e+06,1.14995e+07,4.49625e+06,6.79999e+06,1.14995e+07,4.49528e+06,6.79999e+06,1.14994e+07,4.49406e+06,6.79999e+06,1.14993e+07,4.49253e+06,6.79999e+06,1.14992e+07,4.49059e+06,6.79999e+06,1.14991e+07,4.48817e+06,6.79999e+06,1.1499e+07,4.48511e+06,6.79999e+06,1.14988e+07,4.48128e+06,6.79999e+06,1.14987e+07,4.47646e+06,6.79999e+06,1.14985e+07,4.47041e+06,6.79999e+06,1.14983e+07,4.46281e+06,6.79999e+06,1.14981e+07,4.4533e+06,6.79999e+06,1.14979e+07,4.44138e+06,6.79999e+06,1.14976e+07,4.42649e+06,6.79999e+06,1.14972e+07,4.40789e+06,6.79999e+06,1.14969e+07,4.38471e+06,6.79999e+06,1.14965e+07,4.35592e+06,6.79999e+06,1.1496e+07,4.32027e+06,6.79999e+06,1.14955e+07,4.27629e+06,6.79999e+06,1.14949e+07,4.22231e+06,6.79999e+06,1.14942e+07,4.15647e+06,6.79999e+06,1.14934e+07,4.07676e+06,6.79999e+06,1.14926e+07,3.98112e+06,6.79999e+06,1.14916e+07,3.86765e+06,6.79999e+06,1.14905e+07,3.73474e+06,6.79999e+06,1.14892e+07,3.58148e+06,6.79999e+06,1.14878e+07,3.40785e+06,6.79999e+06,1.14862e+07,3.21513e+06,6.79999e+06,1.14844e+07,3.00605e+06,6.79999e+06,1.14823e+07,2.7848e+06,6.79999e+06,1.148e+07,2.5568e+06,6.79999e+06,1.14773e+07,2.32825e+06,6.79999e+06,13.5742,8.52444,0.508366,16.8306,13.2585,0.162638,20.0035,17.569,0.0507846,23.2616,22.4214,0.0158319,26.7328,28.3297,0.00493498,30.5212,35.6974,0.00153831,34.7178,44.9473,0.000479527,39.4086,56.5822,0.000149456,44.6796,71.2245,4.66214e-05,50.6209,89.6543,1.45419e-05,57.3297,112.852,4.54748e-06,64.9129,142.051,1.43857e-06,73.4897,178.803,4.36618e-07,83.1934,225.062,1.40153e-07,94.1745,283.286,4.96378e-08,106.602,356.568,1.05434e-07,120.669,448.799,-6.49244e-08,136.59,564.873,1.70148e-07,154.611,710.948,-5.34594e-08,175.008,894.767,1.63407e-07,198.097,1126.06,8.04804e-08,224.231,1417.07,1.14667e-07,253.813,1783.15,-1.71227e-07,287.297,2243.62,-2.88466e-07,325.198,2822.67,-4.33651e-07,368.098,3550.67,7.9318e-08,416.657,4465.65,3.13319e-07,471.621,5615.16,3.4613e-07,533.835,7058.61,-1.19199e-07,604.255,8870.02,-2.79964e-07,683.962,11141.4,-2.30521e-07,774.182,13986.7,-2.55099e-07,876.299,17546.4,1.23585e-07,991.883,21993.1,1.41192e-07,1122.71,27536.7,-9.71886e-08,1270.78,34430.7,-3.68368e-07,1438.38,42977.7,-3.45379e-07,1628.07,53532.7,-3.25328e-09,1842.77,66504.6,2.6362e-07,2085.77,82350.2,2.53445e-07,2360.79,101560,-2.47407e-08,2672.05,124632,-3.80602e-07,3024.31,152018,-4.79005e-07,3422.98,184060,-1.14379e-07,3874.15,220884,2.64297e-07,4384.72,262283,3.44131e-07,4962.49,307576,7.5349e-08,5616.29,355497,-3.63097e-07,6356.1,404126,-6.05442e-07,7193.18,450932,-2.72333e-07,8140.28,492963,2.29675e-07,9211.79,527178,4.3387e-07,10424,550893,-1.0711e-07,10.102,8.06553,2.81012,10.6436,8.57909,0.869423,11.5336,10.2515,0.270869,12.7211,12.7138,0.0844293,14.1823,15.9373,0.0263173,15.9122,20.0383,0.0082035,17.9198,25.2154,0.00255722,20.2244,31.7373,0.000797017,22.8539,39.9486,0.000248622,25.8438,50.2851,7.75492e-05,29.237,63.2963,2.42508e-05,33.0837,79.6738,7.67162e-06,37.4415,100.288,2.32837e-06,42.3767,126.236,7.33e-07,47.9646,158.896,2.79256e-07,54.2906,200.003,9.87351e-09,61.452,251.741,1.61085e-07,69.5585,316.859,-2.47141e-07,78.7347,398.812,8.93552e-08,89.1218,501.948,-2.53231e-07,100.879,631.736,-1.25047e-07,114.188,795.049,-1.78808e-07,129.252,1000.53,2.6733e-07,146.304,1259.03,4.50292e-07,165.605,1584.19,6.76904e-07,187.452,1993.12,-1.23808e-07,212.181,2507.27,-4.89068e-07,240.173,3153.54,-5.40284e-07,271.856,3965.56,1.86061e-07,307.719,4985.38,4.37004e-07,348.313,6265.4,3.59828e-07,394.26,7870.83,3.98192e-07,446.268,9882.51,-1.92908e-07,505.135,12400.3,-2.20392e-07,571.766,15546.9,1.51705e-07,647.184,19472.2,5.74996e-07,732.547,24357.4,5.39112e-07,829.167,30420,5.07815e-09,938.526,37916.3,-4.11492e-07,1062.3,47143.9,-3.9561e-07,1202.4,58439.2,3.86185e-08,1360.96,72169.3,5.94093e-07,1540.42,88715.8,7.47693e-07,1743.53,108445,1.78537e-07,1973.41,131665,-4.12549e-07,2233.57,158557,-5.37164e-07,2528,189103,-1.17615e-07,2861.2,222986,5.66769e-07,3238.27,259510,9.45053e-07,3664.97,297540,4.25093e-07,4147.81,335497,-3.58506e-07,4694.17,371444,-6.7724e-07,5312.37,403256,1.67192e-07,1.61744,3.89446,9.84394,3.28846,7.5504,12.774,5.07607,11.7187,13.6844,7.03202,16.8147,13.9681,9.20215,23.1769,14.0566,11.6301,31.1672,14.0841,14.3598,41.2186,14.0927,17.4376,53.8688,14.0954,20.9137,69.7915,14.0962,24.8432,89.8341,14.0965,29.2879,115.063,14.0966,34.3168,146.819,14.0966,40.0078,186.792,14.0966,46.4487,237.107,14.0966,53.7388,300.44,14.0966,61.9903,380.158,14.0966,71.3301,480.499,14.0966,81.902,606.796,14.0966,93.8685,765.761,14.0966,107.414,965.837,14.0966,122.746,1217.65,14.0966,140.101,1534.57,14.0966,159.745,1933.41,14.0966,181.981,2435.3,14.0966,207.15,3066.85,14.0966,235.64,3861.46,14.0966,267.889,4861.11,14.0966,304.391,6118.54,14.0966,345.709,7699.91,14.0966,392.478,9688.22,14.0966,445.417,12187.5,14.0966,505.339,15327.7,14.0966,573.165,19271.6,14.0966,649.938,24222,14.0966,736.839,30430.9,14.0966,835.202,38211.5,14.0966,946.539,47950.3,14.0966,1072.56,60122.8,14.0966,1215.21,75309.9,14.0966,1376.66,94216.2,14.0966,1559.41,117688,14.0966,1766.26,146729,14.0966,2000.39,182510,14.0966,2265.39,226372,14.0966,2565.33,279806,14.0966,2904.81,344416,14.0966,3289.05,421845,14.0966,3723.93,513667,14.0966,4216.13,621231,14.0966,4773.18,745478,14.0966,5403.64,886744,14.0966,6117.15,1.04457e+06,14.0966,6924.63,1.2176e+06,14.0966,11.7194,11.96,12.6541,13.9321,16.1295,13.6434,16.6097,21.9702,13.9553,19.7532,29.5285,14.0526,23.3844,39.1143,14.0829,27.5423,51.2054,14.0923,32.2796,66.434,14.0953,37.662,85.6061,14.0962,43.7675,109.74,14.0965,50.687,140.119,14.0966,58.5249,178.359,14.0966,67.4005,226.493,14.0966,77.4493,287.08,14.0966,88.8254,363.343,14.0966,101.703,459.336,14.0966,116.281,580.161,14.0966,132.782,732.241,14.0966,151.46,923.655,14.0966,172.603,1164.57,14.0966,196.535,1467.79,14.0966,223.625,1849.39,14.0966,254.288,2329.62,14.0966,288.997,2933.93,14.0966,328.285,3694.33,14.0966,372.755,4651.04,14.0966,423.092,5854.57,14.0966,480.07,7368.38,14.0966,544.564,9272.08,14.0966,617.566,11665.5,14.0966,700.197,14673.6,14.0966,793.729,18452.9,14.0966,899.599,23198.6,14.0966,1019.43,29154.1,14.0966,1155.07,36622.3,14.0966,1308.6,45977.9,14.0966,1482.39,57683.7,14.0966,1679.09,72307.8,14.0966,1901.73,90542.8,14.0966,2153.73,113226,14.0966,2438.97,141360,14.0966,2761.81,176127,14.0966,3127.22,218898,14.0966,3540.81,271226,14.0966,4008.92,334817,14.0966,4538.74,411470,14.0966,5138.38,502973,14.0966,5817.04,610948,14.0966,6585.12,736653,14.0966,7454.39,880741,14.0966,8438.15,1.04302e+06,14.0966,9551.45,1.22224e+06,14.0966,10811.3,1.41602e+06,14.0966,12237,1.62086e+06,14.0966,11.7194,11.96,12.6541,2.21263,4.16949,0.989383,2.67766,5.84076,0.311842,3.14343,7.55825,0.0972771,3.63127,9.58578,0.0303237,4.15787,12.0912,0.00945211,4.73731,15.2286,0.00294633,5.38238,19.1721,0.000918508,6.10553,24.134,0.000286163,6.91951,30.3791,8.92692e-05,7.83792,38.2397,2.78121e-05,8.87555,48.1338,8.65134e-06,10.0489,60.5876,2.7882e-06,11.3761,76.2629,8.29036e-07,12.8779,95.9927,2.4373e-07,14.5775,120.825,4.33068e-09,16.5012,152.08,1.75749e-07,18.6784,191.415,-1.86328e-07,21.1428,240.917,1.91829e-07,23.9322,303.213,-1.81475e-07,27.0895,381.602,7.0186e-08,30.6634,480.231,-2.86769e-08,34.7087,604.316,2.40784e-07,39.2876,760.401,9.87368e-08,44.4705,956.705,1.22263e-07,50.3371,1203.54,-4.31966e-07,56.9776,1513.81,-1.9705e-07,64.494,1903.69,-2.763e-08,73.0018,2393.4,3.9185e-07,82.6317,3008.13,1.35379e-07,93.5318,3779.25,-4.16351e-08,105.869,4745.7,2.06965e-08,119.834,5955.6,-3.18887e-07,135.641,7468.12,-1.48271e-08,153.531,9355.62,2.00739e-07,173.781,11705.8,2.28358e-07,196.701,14624.1,-1.93587e-08,222.642,18235,-2.88101e-07,252.003,22683.4,-2.24732e-07,285.234,28134,8.56806e-09,322.845,34767,2.34258e-07,365.413,42770.9,2.99668e-07,413.588,52327.9,8.28644e-08,468.111,63591.2,-3.07049e-07,529.814,76653.2,-3.1888e-07,599.642,91502.5,-6.72276e-08,678.662,107975,2.26339e-07,768.083,125705,3.69212e-07,869.267,144088,2.04077e-07,983.76,162277,-2.80509e-07,1113.3,179223,-4.22737e-07,1259.87,193777,-1.71951e-07,1425.68,204839,4.55555e-07,11.7194,11.96,12.6541,2.21263,4.16949,0.989383,2.67766,5.84076,0.311842,3.14343,7.55825,0.0972771,3.63127,9.58578,0.0303237,4.15787,12.0912,0.00945211,4.73731,15.2286,0.00294633,5.38238,19.1721,0.000918508,6.10553,24.134,0.000286163,6.91951,30.3791,8.92692e-05,7.83792,38.2397,2.78121e-05,8.87555,48.1338,8.65134e-06,10.0489,60.5876,2.7882e-06,11.3761,76.2629,8.29036e-07,12.8779,95.9927,2.4373e-07,14.5775,120.825,1e-08,16.5012,152.08,1.75749e-07,18.6784,191.415,1e-08,21.1428,240.917,1.91829e-07,23.9322,303.213,1e-08,27.0895,381.602,7.0186e-08,30.6634,480.231,1e-08,34.7087,604.316,2.40784e-07,39.2876,760.401,9.87368e-08,44.4705,956.705,1.22263e-07,50.3371,1203.54,1e-08,56.9776,1513.81,1e-08,64.494,1903.69,1e-08,73.0018,2393.4,3.9185e-07,82.6317,3008.13,1.35379e-07,93.5318,3779.25,1e-08,105.869,4745.7,2.06965e-08,119.834,5955.6,1e-08,135.641,7468.12,1e-08,153.531,9355.62,2.00739e-07,173.781,11705.8,2.28358e-07,196.701,14624.1,1e-08,222.642,18235,1e-08,252.003,22683.4,1e-08,285.234,28134,1e-08,322.845,34767,2.34258e-07,365.413,42770.9,2.99668e-07,413.588,52327.9,8.28644e-08,468.111,63591.2,1e-08,529.814,76653.2,1e-08,599.642,91502.5,1e-08,678.662,107975,2.26339e-07,768.083,125705,3.69212e-07,869.267,144088,2.04077e-07,983.76,162277,1e-08,1113.3,179223,1e-08,1259.87,193777,1e-08,1425.68,204839,4.55555e-07,6.2823,3.27286,2.43537,0.219672,6.18826,2.24117,0.56371,6.87772,2.63624,0.308279,26,18,3,3,2,0,1,10,0,2,4,0,5,3,0,5,9,0,2,15,0,3,16,0,4,12,0,4,34,0,10,21,0,0,58,0,6,21,0,10,41,0,11,62,0,8,146,0,33,169,0,14,226,0,19,163,0,25,215,0,43,673,0,15,403,0,43,574,0,39,424,0,42,1025,0,30,623,0,42,1364,0,98,656,0,79,4419,0,91,2536,0,87,2348,0,160,2586,0,104,6578,0,150,3991,0,250,9688,0,154,9180,0,136,13098,0,300,32814,0,312,32653,0,291,17270,0,341,36263,0,424,35903,0,579,76770,0,961,96545,0,566,136808,0,952,84677,0,517,140409,0,637,111262,0,631,129446,0,1094,93223,0,1143,155127,0,632,164866,0,1818,109111,0
-1.05176e+08,1,8.88811e-15,10,1023,0,1.05176e+08,0.528882,1.08665,0.389689,0.145397,0.379329,3.24381,0.161596,0.446195,1.77396,0.159177,1.15e+07,4.49998e+06,6.79999e+06,1.15e+07,4.49997e+06,6.79999e+06,1.15e+07,4.49996e+06,6.79999e+06,1.15e+07,4.49995e+06,6.79999e+06,1.14999e+07,4.49993e+06,6.79999e+06,1.14999e+07,4.49991e+06,6.79999e+06,1.14999e+07,4.49989e+06,6.79999e+06,1.14999e+07,4.49986e+06,6.79999e+06,1.14999e+07,4.49982e+06,6.79999e+06,1.14999e+07,4.49977e+06,6.79999e+06,1.14999e+07,4.49971e+06,6.79999e+06,1.14999e+07,4.49963e+06,6.79999e+06,1.14998e+07,4.49953e+06,6.79999e+06,1.14998e+07,4.49941e+06,6.79999e+06,1.14998e+07,4.49926e+06,6.79999e+06,1.14998e+07,4.49906e+06,6.79999e+06,1.14997e+07,4.49882e+06,6.79999e+06,1.14997e+07,4.49851e+06,6.79999e+06,1.14997e+07,4.49812e+06,6.79999e+06,1.14996e+07,4.49764e+06,6.79999e+06,1.14996e+07,4.49702e+06,6.79999e+06,1.14995e+07,4.49625e+06,6.79999e+06,1.14995e+07,4.49528e+06,6.79999e+06,1.14994e+07,4.49406e+06,6.79999e+06,1.14993e+07,4.49253e+06,6.79999e+06,1.14992e+07,4.49059e+06,6.79999e+06,1.14991e+07,4.48817e+06,6.79999e+06,1.1499e+07,4.48511e+06,6.79999e+06,1.14988e+07,4.48128e+06,6.79999e+06,1.14987e+07,4.47646e+06,6.79999e+06,1.14985e+07,4.47041e+06,6.79999e+06,1.14983e+07,4.46281e+06,6.79999e+06,1.14981e+07,4.4533e+06,6.79999e+06,1.14979e+07,4.44138e+06,6.79999e+06,1.14976e+07,4.42649e+06,6.79999e+06,1.14972e+07,4.40789e+06,6.79999e+06,1.14969e+07,4.38471e+06,6.79999e+06,1.14965e+07,4.35592e+06,6.79999e+06,1.1496e+07,4.32027e+06,6.79999e+06,1.14955e+07,4.27629e+06,6.79999e+06,1.14949e+07,4.22231e+06,6.79999e+06,1.14942e+07,4.15647e+06,6.79999e+06,1.14934e+07,4.07676e+06,6.79999e+06,1.14926e+07,3.98112e+06,6.79999e+06,1.14916e+07,3.86765e+06,6.79999e+06,1.14905e+07,3.73474e+06,6.79999e+06,1.14892e+07,3.58148e+06,6.79999e+06,1.14878e+07,3.40785e+06,6.79999e+06,1.14862e+07,3.21513e+06,6.79999e+06,1.14844e+07,3.00605e+06,6.79999e+06,1.14823e+07,2.7848e+06,6.79999e+06,1.148e+07,2.5568e+06,6.79999e+06,1.14773e+07,2.32825e+06,6.79999e+06,13.5742,8.52444,0.508366,16.8306,13.2585,0.162638,20.0035,17.569,0.0507846,23.2616,22.4214,0.0158319,26.7328,28.3297,0.00493498,30.5212,35.6974,0.00153831,34.7178,44.9473,0.000479527,39.4086,56.5822,0.000149456,44.6796,71.2245,4.66214e-05,50.6209,89.6543,1.45419e-05,57.3297,112.852,4.54748e-06,64.9129,142.051,1.43857e-06,73.4897,178.803,4.36618e-07,83.1934,225.062,1.40153e-07,94.1745,283.286,4.96378e-08,106.602,356.568,1.05434e-07,120.669,448.799,-6.49244e-08,136.59,564.873,1.70148e-07,154.611,710.948,-5.34594e-08,175.008,894.767,1.63407e-07,198.097,1126.06,8.04804e-08,224.231,1417.07,1.14667e-07,253.813,1783.15,-1.71227e-07,287.297,2243.62,-2.88466e-07,325.198,2822.67,-4.33651e-07,368.098,3550.67,7.9318e-08,416.657,4465.65,3.13319e-07,471.621,5615.16,3.4613e-07,533.835,7058.61,-1.19199e-07,604.255,8870.02,-2.79964e-07,683.962,11141.4,-2.30521e-07,774.182,13986.7,-2.55099e-07,876.299,17546.4,1.23585e-07,991.883,21993.1,1.41192e-07,1122.71,27536.7,-9.71886e-08,1270.78,34430.7,-3.68368e-07,1438.38,42977.7,-3.45379e-07,1628.07,53532.7,-3.25328e-09,1842.77,66504.6,2.6362e-07,2085.77,82350.2,2.53445e-07,2360.79,101560,-2.47407e-08,2672.05,124632,-3.80602e-07,3024.31,152018,-4.79005e-07,3422.98,184060,-1.14379e-07,3874.15,220884,2.64297e-07,4384.72,262283,3.44131e-07,4962.49,307576,7.5349e-08,5616.29,355497,-3.63097e-07,6356.1,404126,-6.05442e-07,7193.18,450932,-2.72333e-07,8140.28,492963,2.29675e-07,9211.79,527178,4.3387e-07,10424,550893,-1.0711e-07,10.102,8.06553,2.81012,10.6436,8.57909,0.869423,11.5336,10.2515,0.270869,12.7211,12.7138,0.0844293,14.1823,15.9373,0.0263173,15.9122,20.0383,0.0082035,17.9198,25.2154,0.00255722,20.2244,31.7373,0.000797017,22.8539,39.9486,0.000248622,25.8438,50.2851,7.75492e-05,29.237,63.2963,2.42508e-05,33.0837,79.6738,7.67162e-06,37.4415,100.288,2.32837e-06,42.3767,126.236,7.33e-07,47.9646,158.896,2.79256e-07,54.2906,200.003,9.87351e-09,61.452,251.741,1.61085e-07,69.5585,316.859,-2.47141e-07,78.7347,398.812,8.93552e-08,89.1218,501.948,-2.53231e-07,100.879,631.736,-1.25047e-07,114.188,795.049,-1.78808e-07,129.252,1000.53,2.6733e-07,146.304,1259.03,4.50292e-07,165.605,1584.19,6.76904e-07,187.452,1993.12,-1.23808e-07,212.181,2507.27,-4.89068e-07,240.173,3153.54,-5.40284e-07,271.856,3965.56,1.86061e-07,307.719,4985.38,4.37004e-07,348.313,6265.4,3.59828e-07,394.26,7870.83,3.98192e-07,446.268,9882.51,-1.92908e-07,505.135,12400.3,-2.20392e-07,571.766,15546.9,1.51705e-07,647.184,19472.2,5.74996e-07,732.547,24357.4,5.39112e-07,829.167,30420,5.07815e-09,938.526,37916.3,-4.11492e-07,1062.3,47143.9,-3.9561e-07,1202.4,58439.2,3.86185e-08,1360.96,72169.3,5.94093e-07,1540.42,88715.8,7.47693e-07,1743.53,108445,1.78537e-07,1973.41,131665,-4.12549e-07,2233.57,158557,-5.37164e-07,2528,189103,-1.17615e-07,2861.2,222986,5.66769e-07,3238.27,259510,9.45053e-07,3664.97,297540,4.25093e-07,4147.81,335497,-3.58506e-07,4694.17,371444,-6.7724e-07,5312.37,403256,1.67192e-07,1.61744,3.89446,9.84394,3.28846,7.5504,12.774,5.07607,11.7187,13.6844,7.03202,16.8147,13.9681,9.20215,23.1769,14.0566,11.6301,31.1672,14.0841,14.3598,41.2186,14.0927,17.4376,53.8688,14.0954,20.9137,69.7915,14.0962,24.8432,89.8341,14.0965,29.2879,115.063,14.0966,34.3168,146.819,14.0966,40.0078,186.792,14.0966,46.4487,237.107,14.0966,53.7388,300.44,14.0966,61.9903,380.158,14.0966,71.3301,480.499,14.0966,81.902,606.796,14.0966,93.8685,765.761,14.0966,107.414,965.837,14.0966,122.746,1217.65,14.0966,140.101,1534.57,14.0966,159.745,1933.41,14.0966,181.981,2435.3,14.0966,207.15,3066.85,14.0966,235.64,3861.46,14.0966,267.889,4861.11,14.0966,304.391,6118.54,14.0966,345.709,7699.91,14.0966,392.478,9688.22,14.0966,445.417,12187.5,14.0966,505.339,15327.7,14.0966,573.165,19271.6,14.0966,649.938,24222,14.0966,736.839,30430.9,14.0966,835.202,38211.5,14.0966,946.539,47950.3,14.0966,1072.56,60122.8,14.0966,1215.21,75309.9,14.0966,1376.66,94216.2,14.0966,1559.41,117688,14.0966,1766.26,146729,14.0966,2000.39,182510,14.0966,2265.39,226372,14.0966,2565.33,279806,14.0966,2904.81,344416,14.0966,3289.05,421845,14.0966,3723.93,513667,14.0966,4216.13,621231,14.0966,4773.18,745478,14.0966,5403.64,886744,14.0966,6117.15,1.04457e+06,14.0966,6924.63,1.2176e+06,14.0966,11.7194,11.96,12.6541,13.9321,16.1295,13.6434,16.6097,21.9702,13.9553,19.7532,29.5285,14.0526,23.3844,39.1143,14.0829,27.5423,51.2054,14.0923,32.2796,66.434,14.0953,37.662,85.6061,14.0962,43.7675,109.74,14.0965,50.687,140.119,14.0966,58.5249,178.359,14.0966,67.4005,226.493,14.0966,77.4493,287.08,14.0966,88.8254,363.343,14.0966,101.703,459.336,14.0966,116.281,580.161,14.0966,132.782,732.241,14.0966,151.46,923.655,14.0966,172.603,1164.57,14.0966,196.535,1467.79,14.0966,223.625,1849.39,14.0966,254.288,2329.62,14.0966,288.997,2933.93,14.0966,328.285,3694.33,14.0966,372.755,4651.04,14.0966,423.092,5854.57,14.0966,480.07,7368.38,14.0966,544.564,9272.08,14.0966,617.566,11665.5,14.0966,700.197,14673.6,14.0966,793.729,18452.9,14.0966,899.599,23198.6,14.0966,1019.43,29154.1,14.0966,1155.07,36622.3,14.0966,1308.6,45977.9,14.0966,1482.39,57683.7,14.0966,1679.09,72307.8,14.0966,1901.73,90542.8,14.0966,2153.73,113226,14.0966,2438.97,141360,14.0966,2761.81,176127,14.0966,3127.22,218898,14.0966,3540.81,271226,14.0966,4008.92,334817,14.0966,4538.74,411470,14.0966,5138.38,502973,14.0966,5817.04,610948,14.0966,6585.12,736653,14.0966,7454.39,880741,14.0966,8438.15,1.04302e+06,14.0966,9551.45,1.22224e+06,14.0966,10811.3,1.41602e+06,14.0966,12237,1.62086e+06,14.0966,11.7194,11.96,12.6541,2.21263,4.16949,0.989383,2.67766,5.84076,0.311842,3.14343,7.55825,0.0972771,3.63127,9.58578,0.0303237,4.15787,12.0912,0.00945211,4.73731,15.2286,0.00294633,5.38238,19.1721,0.000918508,6.10553,24.134,0.000286163,6.91951,30.3791,8.92692e-05,7.83792,38.2397,2.78121e-05,8.87555,48.1338,8.65134e-06,10.0489,60.5876,2.7882e-06,11.3761,76.2629,8.29036e-07,12.8779,95.9927,2.4373e-07,14.5775,120.825,4.33068e-09,16.5012,152.08,1.75749e-07,18.6784,191.415,-1.86328e-07,21.1428,240.917,1.91829e-07,23.9322,303.213,-1.81475e-07,27.0895,381.602,7.0186e-08,30.6634,480.231,-2.86769e-08,34.7087,604.316,2.40784e-07,39.2876,760.401,9.87368e-08,44.4705,956.705,1.22263e-07,50.3371,1203.54,-4.31966e-07,56.9776,1513.81,-1.9705e-07,64.494,1903.69,-2.763e-08,73.0018,2393.4,3.9185e-07,82.6317,3008.13,1.35379e-07,93.5318,3779.25,-4.16351e-08,105.869,4745.7,2.06965e-08,119.834,5955.6,-3.18887e-07,135.641,7468.12,-1.48271e-08,153.531,9355.62,2.00739e-07,173.781,11705.8,2.28358e-07,196.701,14624.1,-1.93587e-08,222.642,18235,-2.88101e-07,252.003,22683.4,-2.24732e-07,285.234,28134,8.56806e-09,322.845,34767,2.34258e-07,365.413,42770.9,2.99668e-07,413.588,52327.9,8.28644e-08,468.111,63591.2,-3.07049e-07,529.814,76653.2,-3.1888e-07,599.642,91502.5,-6.72276e-08,678.662,107975,2.26339e-07,768.083,125705,3.69212e-07,869.267,144088,2.04077e-07,983.76,162277,-2.80509e-07,1113.3,179223,-4.22737e-07,1259.87,193777,-1.71951e-07,1425.68,204839,4.55555e-07,11.7194,11.96,12.6541,2.21263,4.16949,0.989383,2.67766,5.84076,0.311842,3.14343,7.55825,0.0972771,3.63127,9.58578,0.0303237,4.15787,12.0912,0.00945211,4.73731,15.2286,0.00294633,5.38238,19.1721,0.000918508,6.10553,24.134,0.000286163,6.91951,30.3791,8.92692e-05,7.83792,38.2397,2.78121e-05,8.87555,48.1338,8.65134e-06,10.0489,60.5876,2.7882e-06,11.3761,76.2629,8.29036e-07,12.8779,95.9927,2.4373e-07,14.5775,120.825,1e-08,16.5012,152.08,1.75749e-07,18.6784,191.415,1e-08,21.1428,240.917,1.91829e-07,23.9322,303.213,1e-08,27.0895,381.602,7.0186e-08,30.6634,480.231,1e-08,34.7087,604.316,2.40784e-07,39.2876,760.401,9.87368e-08,44.4705,956.705,1.22263e-07,50.3371,1203.54,1e-08,56.9776,1513.81,1e-08,64.494,1903.69,1e-08,73.0018,2393.4,3.9185e-07,82.6317,3008.13,1.35379e-07,93.5318,3779.25,1e-08,105.869,4745.7,2.06965e-08,119.834,5955.6,1e-08,135.641,7468.12,1e-08,153.531,9355.62,2.00739e-07,173.781,11705.8,2.28358e-07,196.701,14624.1,1e-08,222.642,18235,1e-08,252.003,22683.4,1e-08,285.234,28134,1e-08,322.845,34767,2.34258e-07,365.413,42770.9,2.99668e-07,413.588,52327.9,8.28644e-08,468.111,63591.2,1e-08,529.814,76653.2,1e-08,599.642,91502.5,1e-08,678.662,107975,2.26339e-07,768.083,125705,3.69212e-07,869.267,144088,2.04077e-07,983.76,162277,1e-08,1113.3,179223,1e-08,1259.87,193777,1e-08,1425.68,204839,4.55555e-07,6.2823,3.27286,2.43537,0.219672,6.18826,2.24117,0.56371,6.87772,2.63624,0.308279,13,9,5,2,10,0,3,6,0,3,13,0,3,10,0,9,10,0,4,13,0,9,35,0,1,24,0,12,60,0,6,34,0,12,12,0,14,39,0,4,78,0,9,71,0,19,69,0,11,137,0,4,155,0,19,128,0,24,251,0,21,504,0,45,735,0,20,820,0,20,610,0,84,1067,0,29,314,0,81,1815,0,45,710,0,135,1936,0,55,1725,0,38,2028,0,75,6579,0,129,8049,0,118,6889,0,121,6649,0,193,13219,0,129,13860,0,230,23789,0,230,31163,0,470,18583,0,625,31027,0,347,27709,0,693,63192,0,486,99518,0,409,107961,0,424,102809,0,768,68124,0,194,91237,0,756,143178,0,1199,275373,0,2051,252403,0,881,174901,0,2170,332870,0
-1.05176e+08,1,8.88811e-15,10,1023,0,1.05176e+08,0.528882,1.08665,0.389689,0.145397,0.379329,3.24381,0.161596,0.446195,1.77396,0.159177,1.15e+07,4.49998e+06,6.79999e+06,1.15e+07,4.49997e+06,6.79999e+06,1.15e+07,4.49996e+06,6.79999e+06,1.15e+07,4.49995e+06,6.79999e+06,1.14999e+07,4.49993e+06,6.79999e+06,1.14999e+07,4.49991e+06,6.79999e+06,1.14999e+07,4.49989e+06,6.79999e+06,1.14999e+07,4.49986e+06,6.79999e+06,1.14999e+07,4.49982e+06,6.79999e+06,1.14999e+07,4.49977e+06,6.79999e+06,1.14999e+07,4.49971e+06,6.79999e+06,1.14999e+07,4.49963e+06,6.79999e+06,1.14998e+07,4.49953e+06,6.79999e+06,1.14998e+07,4.49941e+06,6.79999e+06,1.14998e+07,4.49926e+06,6.79999e+06,1.14998e+07,4.49906e+06,6.79999e+06,1.14997e+07,4.49882e+06,6.79999e+06,1.14997e+07,4.49851e+06,6.79999e+06,1.14997e+07,4.49812e+06,6.79999e+06,1.14996e+07,4.49764e+06,6.79999e+06,1.14996e+07,4.49702e+06,6.79999e+06,1.14995e+07,4.49625e+06,6.79999e+06,1.14995e+07,4.49528e+06,6.79999e+06,1.14994e+07,4.49406e+06,6.79999e+06,1.14993e+07,4.49253e+06,6.79999e+06,1.14992e+07,4.49059e+06,6.79999e+06,1.14991e+07,4.48817e+06,6.79999e+06,1.1499e+07,4.48511e+06,6.79999e+06,1.14988e+07,4.48128e+06,6.79999e+06,1.14987e+07,4.47646e+06,6.79999e+06,1.14985e+07,4.47041e+06,6.79999e+06,1.14983e+07,4.46281e+06,6.79999e+06,1.14981e+07,4.4533e+06,6.79999e+06,1.14979e+07,4.44138e+06,6.79999e+06,1.14976e+07,4.42649e+06,6.79999e+06,1.14972e+07,4.40789e+06,6.79999e+06,1.14969e+07,4.38471e+06,6.79999e+06,1.14965e+07,4.35592e+06,6.79999e+06,1.1496e+07,4.32027e+06,6.79999e+06,1.14955e+07,4.27629e+06,6.79999e+06,1.14949e+07,4.22231e+06,6.79999e+06,1.14942e+07,4.15647e+06,6.79999e+06,1.14934e+07,4.07676e+06,6.79999e+06,1.14926e+07,3.98112e+06,6.79999e+06,1.14916e+07,3.86765e+06,6.79999e+06,1.14905e+07,3.73474e+06,6.79999e+06,1.14892e+07,3.58148e+06,6.79999e+06,1.14878e+07,3.40785e+06,6.79999e+06,1.14862e+07,3.21513e+06,6.79999e+06,1.14844e+07,3.00605e+06,6.79999e+06,1.14823e+07,2.7848e+06,6.79999e+06,1.148e+07,2.5568e+06,6.79999e+06,1.14773e+07,2.32825e+06,6.79999e+06,13.5742,8.52444,0.508366,16.8306,13.2585,0.162638,20.0035,17.569,0.0507846,23.2616,22.4214,0.0158319,26.7328,28.3297,0.00493498,30.5212,35.6974,0.00153831,34.7178,44.9473,0.000479527,39.4086,56.5822,0.000149456,44.6796,71.2245,4.66214e-05,50.6209,89.6543,1.45419e-05,57.3297,112.852,4.54748e-06,64.9129,142.051,1.43857e-06,73.4897,178.803,4.36618e-07,83.1934,225.062,1.40153e-07,94.1745,283.286,4.96378e-08,106.602,356.568,1.05434e-07,120.669,448.799,-6.49244e-08,136.59,564.873,1.70148e-07,154.611,710.948,-5.34594e-08,175.008,894.767,1.63407e-07,198.097,1126.06,8.04804e-08,224.231,1417.07,1.14667e-07,253.813,1783.15,-1.71227e-07,287.297,2243.62,-2.88466e-07,325.198,2822.67,-4.33651e-07,368.098,3550.67,7.9318e-08,416.657,4465.65,3.13319e-07,471.621,5615.16,3.4613e-07,533.835,7058.61,-1.19199e-07,604.255,8870.02,-2.79964e-07,683.962,11141.4,-2.30521e-07,774.182,13986.7,-2.55099e-07,876.299,17546.4,1.23585e-07,991.883,21993.1,1.41192e-07,1122.71,27536.7,-9.71886e-08,1270.78,34430.7,-3.68368e-07,1438.38,42977.7,-3.45379e-07,1628.07,53532.7,-3.25328e-09,1842.77,66504.6,2.6362e-07,2085.77,82350.2,2.53445e-07,2360.79,101560,-2.47407e-08,2672.05,124632,-3.80602e-07,3024.31,152018,-4.79005e-07,3422.98,184060,-1.14379e-07,3874.15,220884,2.64297e-07,4384.72,262283,3.44131e-07,4962.49,307576,7.5349e-08,5616.29,355497,-3.63097e-07,6356.1,404126,-6.05442e-07,7193.18,450932,-2.72333e-07,8140.28,492963,2.29675e-07,9211.79,527178,4.3387e-07,10424,550893,-1.0711e-07,10.102,8.06553,2.81012,10.6436,8.57909,0.869423,11.5336,10.2515,0.270869,12.7211,12.7138,0.0844293,14.1823,15.9373,0.0263173,15.9122,20.0383,0.0082035,17.9198,25.2154,0.00255722,20.2244,31.7373,0.000797017,22.8539,39.9486,0.000248622,25.8438,50.2851,7.75492e-05,29.237,63.2963,2.42508e-05,33.0837,79.6738,7.67162e-06,37.4415,100.288,2.32837e-06,42.3767,126.236,7.33e-07,47.9646,158.896,2.79256e-07,54.2906,200.003,9.87351e-09,61.452,251.741,1.61085e-07,69.5585,316.859,-2.47141e-07,78.7347,398.812,8.93552e-08,89.1218,501.948,-2.53231e-07,100.879,631.736,-1.25047e-07,114.188,795.049,-1.78808e-07,129.252,1000.53,2.6733e-07,146.304,1259.03,4.50292e-07,165.605,1584.19,6.76904e-07,187.452,1993.12,-1.23808e-07,212.181,2507.27,-4.89068e-07,240.173,3153.54,-5.40284e-07,271.856,3965.56,1.86061e-07,307.719,4985.38,4.37004e-07,348.313,6265.4,3.59828e-07,394.26,7870.83,3.98192e-07,446.268,9882.51,-1.92908e-07,505.135,12400.3,-2.20392e-07,571.766,15546.9,1.51705e-07,647.184,19472.2,5.74996e-07,732.547,24357.4,5.39112e-07,829.167,30420,5.07815e-09,938.526,37916.3,-4.11492e-07,1062.3,47143.9,-3.9561e-07,1202.4,58439.2,3.86185e-08,1360.96,72169.3,5.94093e-07,1540.42,88715.8,7.47693e-07,1743.53,108445,1.78537e-07,1973.41,131665,-4.12549e-07,2233.57,158557,-5.37164e-07,2528,189103,-1.17615e-07,2861.2,222986,5.66769e-07,3238.27,259510,9.45053e-07,3664.97,297540,4.25093e-07,4147.81,335497,-3.58506e-07,4694.17,371444,-6.7724e-07,5312.37,403256,1.67192e-07,1.61744,3.89446,9.84394,3.28846,7.5504,12.774,5.07607,11.7187,13.6844,7.03202,16.8147,13.9681,9.20215,23.1769,14.0566,11.6301,31.1672,14.0841,14.3598,41.2186,14.0927,17.4376,53.8688,14.0954,20.9137,69.7915,14.0962,24.8432,89.8341,14.0965,29.2879,115.063,14.0966,34.3168,146.819,14.0966,40.0078,186.792,14.0966,46.4487,237.107,14.0966,53.7388,300.44,14.0966,61.9903,380.158,14.0966,71.3301,480.499,14.0966,81.902,606.796,14.0966,93.8685,765.761,14.0966,107.414,965.837,14.0966,122.746,1217.65,14.0966,140.101,1534.57,14.0966,159.745,1933.41,14.0966,181.981,2435.3,14.0966,207.15,3066.85,14.0966,235.64,3861.46,14.0966,267.889,4861.11,14.0966,304.391,6118.54,14.0966,345.709,7699.91,14.0966,392.478,9688.22,14.0966,445.417,12187.5,14.0966,505.339,15327.7,14.0966,573.165,19271.6,14.0966,649.938,24222,14.0966,736.839,30430.9,14.0966,835.202,38211.5,14.0966,946.539,47950.3,14.0966,1072.56,60122.8,14.0966,1215.21,75309.9,14.0966,1376.66,94216.2,14.0966,1559.41,117688,14.0966,1766.26,146729,14.0966,2000.39,182510,14.0966,2265.39,226372,14.0966,2565.33,279806,14.0966,2904.81,344416,14.0966,3289.05,421845,14.0966,3723.93,513667,14.0966,4216.13,621231,14.0966,4773.18,745478,14.0966,5403.64,886744,14.0966,6117.15,1.04457e+06,14.0966,6924.63,1.2176e+06,14.0966,11.7194,11.96,12.6541,13.9321,16.1295,13.6434,16.6097,21.9702,13.9553,19.7532,29.5285,14.0526,23.3844,39.1143,14.0829,27.5423,51.2054,14.0923,32.2796,66.434,14.0953,37.662,85.6061,14.0962,43.7675,109.74,14.0965,50.687,140.119,14.0966,58.5249,178.359,14.0966,67.4005,226.493,14.0966,77.4493,287.08,14.0966,88.8254,363.343,14.0966,101.703,459.336,14.0966,116.281,580.161,14.0966,132.782,732.241,14.0966,151.46,923.655,14.0966,172.603,1164.57,14.0966,196.535,1467.79,14.0966,223.625,1849.39,14.0966,254.288,2329.62,14.0966,288.997,2933.93,14.0966,328.285,3694.33,14.0966,372.755,4651.04,14.0966,423.092,5854.57,14.0966,480.07,7368.38,14.0966,544.564,9272.08,14.0966,617.566,11665.5,14.0966,700.197,14673.6,14.0966,793.729,18452.9,14.0966,899.599,23198.6,14.0966,1019.43,29154.1,14.0966,1155.07,36622.3,14.0966,1308.6,45977.9,14.0966,1482.39,57683.7,14.0966,1679.09,72307.8,14.0966,1901.73,90542.8,14.0966,2153.73,113226,14.0966,2438.97,141360,14.0966,2761.81,176127,14.0966,3127.22,218898,14.0966,3540.81,271226,14.0966,4008.92,334817,14.0966,4538.74,411470,14.0966,5138.38,502973,14.0966,5817.04,610948,14.0966,6585.12,736653,14.0966,7454.39,880741,14.0966,8438.15,1.04302e+06,14.0966,9551.45,1.22224e+06,14.0966,10811.3,1.41602e+06,14.0966,12237,1.62086e+06,14.0966,11.7194,11.96,12.6541,2.21263,4.16949,0.989383,2.67766,5.84076,0.311842,3.14343,7.55825,0.0972771,3.63127,9.58578,0.0303237,4.15787,12.0912,0.00945211,4.73731,15.2286,0.00294633,5.38238,19.1721,0.000918508,6.10553,24.134,0.000286163,6.91951,30.3791,8.92692e-05,7.83792,38.2397,2.78121e-05,8.87555,48.1338,8.65134e-06,10.0489,60.5876,2.7882e-06,11.3761,76.2629,8.29036e-07,12.8779,95.9927,2.4373e-07,14.5775,120.825,4.33068e-09,16.5012,152.08,1.75749e-07,18.6784,191.415,-1.86328e-07,21.1428,240.917,1.91829e-07,23.9322,303.213,-1.81475e-07,27.0895,381.602,7.0186e-08,30.6634,480.231,-2.86769e-08,34.7087,604.316,2.40784e-07,39.2876,760.401,9.87368e-08,44.4705,956.705,1.22263e-07,50.3371,1203.54,-4.31966e-07,56.9776,1513.81,-1.9705e-07,64.494,1903.69,-2.763e-08,73.0018,2393.4,3.9185e-07,82.6317,3008.13,1.35379e-07,93.5318,3779.25,-4.16351e-08,105.869,4745.7,2.06965e-08,119.834,5955.6,-3.18887e-07,135.641,7468.12,-1.48271e-08,153.531,9355.62,2.00739e-07,173.781,11705.8,2.28358e-07,196.701,14624.1,-1.93587e-08,222.642,18235,-2.88101e-07,252.003,22683.4,-2.24732e-07,285.234,28134,8.56806e-09,322.845,34767,2.34258e-07,365.413,42770.9,2.99668e-07,413.588,52327.9,8.28644e-08,468.111,63591.2,-3.07049e-07,529.814,76653.2,-3.1888e-07,599.642,91502.5,-6.72276e-08,678.662,107975,2.26339e-07,768.083,125705,3.69212e-07,869.267,144088,2.04077e-07,983.76,162277,-2.80509e-07,1113.3,179223,-4.22737e-07,1259.87,193777,-1.71951e-07,1425.68,204839,4.55555e-07,11.7194,11.96,12.6541,2.21263,4.16949,0.989383,2.67766,5.84076,0.311842,3.14343,7.55825,0.0972771,3.63127,9.58578,0.0303237,4.15787,12.0912,0.00945211,4.73731,15.2286,0.00294633,5.38238,19.1721,0.000918508,6.10553,24.134,0.000286163,6.91951,30.3791,8.92692e-05,7.83792,38.2397,2.78121e-05,8.87555,48.1338,8.65134e-06,10.0489,60.5876,2.7882e-06,11.3761,76.2629,8.29036e-07,12.8779,95.9927,2.4373e-07,14.5775,120.825,1e-08,16.5012,152.08,1.75749e-07,18.6784,191.415,1e-08,21.1428,240.917,1.91829e-07,23.9322,303.213,1e-08,27.0895,381.602,7.0186e-08,30.6634,480.231,1e-08,34.7087,604.316,2.40784e-07,39.2876,760.401,9.87368e-08,44.4705,956.705,1.22263e-07,50.3371,1203.54,1e-08,56.9776,1513.81,1e-08,64.494,1903.69,1e-08,73.0018,2393.4,3.9185e-07,82.6317,3008.13,1.35379e-07,93.5318,3779.25,1e-08,105.869,4745.7,2.06965e-08,119.834,5955.6,1e-08,135.641,7468.12,1e-08,153.531,9355.62,2.00739e-07,173.781,11705.8,2.28358e-07,196.701,14624.1,1e-08,222.642,18235,1e-08,252.003,22683.4,1e-08,285.234,28134,1e-08,322.845,34767,2.34258e-07,365.413,42770.9,2.99668e-07,413.588,52327.9,8.28644e-08,468.111,63591.2,1e-08,529.814,76653.2,1e-08,599.642,91502.5,1e-08,678.662,107975,2.26339e-07,768.083,125705,3.69212e-07,869.267,144088,2.04077e-07,983.76,162277,1e-08,1113.3,179223,1e-08,1259.87,193777,1e-08,1425.68,204839,4.55555e-07,6.2823,3.27286,2.43537,0.219672,6.18826,2.24117,0.56371,6.87772,2.63624,0.308279,12,8,8,1,3,0,0,10,0,8,6,0,6,6,0,5,13,0,6,23,0,4,12,0,7,25,0,5,39,0,8,37,0,13,39,0,26,42,0,10,166,0,20,90,0,23,180,0,8,186,0,11,200,0,23,173,0,8,92,0,31,186,0,21,341,0,24,818,0,61,511,0,57,900,0,77,982,0,82,1970,0,38,1765,0,67,2104,0,123,3142,0,38,8250,0,132,7186,0,90,4378,0,174,11677,0,149,6635,0,117,8693,0,113,12190,0,218,7054,0,156,16337,0,189,30472,0,324,29302,0,441,31729,0,406,41874,0,303,113336,0,419,95740,0,261,46577,0,1018,110880,0,898,92814,0,971,196068,0,2062,223142,0,1477,70034,0,1197,201399,0,2169,206678,0
-1.05176e+08,1,8.88811e-15,10,1023,0,1.05176e+08,0.528882,1.08665,0.389689,0.145397,0.379329,3.24381,0.161596,0.446195,1.77396,0.159177,1.15e+07,4.49998e+06,6.79999e+06,1.15e+07,4.49997e+06,6.79999e+06,1.15e+07,4.49996e+06,6.79999e+06,1.15e+07,4.49995e+06,6.79999e+06,1.14999e+07,4.49993e+06,6.79999e+06,1.14999e+07,4.49991e+06,6.79999e+06,1.14999e+07,4.49989e+06,6.79999e+06,1.14999e+07,4.49986e+06,6.79999e+06,1.14999e+07,4.49982e+06,6.79999e+06,1.14999e+07,4.49977e+06,6.79999e+06,1.14999e+07,4.49971e+06,6.79999e+06,1.14999e+07,4.49963e+06,6.79999e+06,1.14998e+07,4.49953e+06,6.79999e+06,1.14998e+07,4.49941e+06,6.79999e+06,1.14998e+07,4.49926e+06,6.79999e+06,1.14998e+07,4.49906e+06,6.79999e+06,1.14997e+07,4.49882e+06,6.79999e+06,1.14997e+07,4.49851e+06,6.79999e+06,1.14997e+07,4.49812e+06,6.79999e+06,1.14996e+07,4.49764e+06,6.79999e+06,1.14996e+07,4.49702e+06,6.79999e+06,1.14995e+07,4.49625e+06,6.79999e+06,1.14995e+07,4.49528e+06,6.79999e+06,1.14994e+07,4.49406e+06,6.79999e+06,1.14993e+07,4.49253e+06,6.79999e+06,1.14992e+07,4.49059e+06,6.79999e+06,1.14991e+07,4.48817e+06,6.79999e+06,1.1499e+07,4.48511e+06,6.79999e+06,1.14988e+07,4.48128e+06,6.79999e+06,1.14987e+07,4.47646e+06,6.79999e+06,1.14985e+07,4.47041e+06,6.79999e+06,1.14983e+07,4.46281e+06,6.79999e+06,1.14981e+07,4.4533e+06,6.79999e+06,1.14979e+07,4.44138e+06,6.79999e+06,1.14976e+07,4.42649e+06,6.79999e+06,1.14972e+07,4.40789e+06,6.79999e+06,1.14969e+07,4.38471e+06,6.79999e+06,1.14965e+07,4.35592e+06,6.79999e+06,1.1496e+07,4.32027e+06,6.79999e+06,1.14955e+07,4.27629e+06,6.79999e+06,1.14949e+07,4.22231e+06,6.79999e+06,1.14942e+07,4.15647e+06,6.79999e+06,1.14934e+07,4.07676e+06,6.79999e+06,1.14926e+07,3.98112e+06,6.79999e+06,1.14916e+07,3.86765e+06,6.79999e+06,1.14905e+07,3.73474e+06,6.79999e+06,1.14892e+07,3.58148e+06,6.79999e+06,1.14878e+07,3.40785e+06,6.79999e+06,1.14862e+07,3.21513e+06,6.79999e+06,1.14844e+07,3.00605e+06,6.79999e+06,1.14823e+07,2.7848e+06,6.79999e+06,1.148e+07,2.5568e+06,6.79999e+06,1.14773e+07,2.32825e+06,6.79999e+06,13.5742,8.52444,0.508366,16.8306,13.2585,0.162638,20.0035,17.569,0.0507846,23.2616,22.4214,0.0158319,26.7328,28.3297,0.00493498,30.5212,35.6974,0.00153831,34.7178,44.9473,0.000479527,39.4086,56.5822,0.000149456,44.6796,71.2245,4.66214e-05,50.6209,89.6543,1.45419e-05,57.3297,112.852,4.54748e-06,64.9129,142.051,1.43857e-06,73.4897,178.803,4.36618e-07,83.1934,225.062,1.40153e-07,94.1745,283.286,4.96378e-08,106.602,356.568,1.05434e-07,120.669,448.799,-6.49244e-08,136.59,564.873,1.70148e-07,154.611,710.948,-5.34594e-08,175.008,894.767,1.63407e-07,198.097,1126.06,8.04804e-08,224.231,1417.07,1.14667e-07,253.813,1783.15,-1.71227e-07,287.297,2243.62,-2.88466e-07,325.198,2822.67,-4.33651e-07,368.098,3550.67,7.9318e-08,416.657,4465.65,3.13319e-07,471.621,5615.16,3.4613e-07,533.835,7058.61,-1.19199e-07,604.255,8870.02,-2.79964e-07,683.962,11141.4,-2.30521e-07,774.182,13986.7,-2.55099e-07,876.299,17546.4,1.23585e-07,991.883,21993.1,1.41192e-07,1122.71,27536.7,-9.71886e-08,1270.78,34430.7,-3.68368e-07,1438.38,42977.7,-3.45379e-07,1628.07,53532.7,-3.25328e-09,1842.77,66504.6,2.6362e-07,2085.77,82350.2,2.53445e-07,2360.79,101560,-2.47407e-08,2672.05,124632,-3.80602e-07,3024.31,152018,-4.79005e-07,3422.98,184060,-1.14379e-07,3874.15,220884,2.64297e-07,4384.72,262283,3.44131e-07,4962.49,307576,7.5349e-08,5616.29,355497,-3.63097e-07,6356.1,404126,-6.05442e-07,7193.18,450932,-2.72333e-07,8140.28,492963,2.29675e-07,9211.79,527178,4.3387e-07,10424,550893,-1.0711e-07,10.102,8.06553,2.81012,10.6436,8.57909,0.869423,11.5336,10.2515,0.270869,12.7211,12.7138,0.0844293,14.1823,15.9373,0.0263173,15.9122,20.0383,0.0082035,17.9198,25.2154,0.00255722,20.2244,31.7373,0.000797017,22.8539,39.9486,0.000248622,25.8438,50.2851,7.75492e-05,29.237,63.2963,2.42508e-05,33.0837,79.6738,7.67162e-06,37.4415,100.288,2.32837e-06,42.3767,126.236,7.33e-07,47.9646,158.896,2.79256e-07,54.2906,200.003,9.87351e-09,61.452,251.741,1.61085e-07,69.5585,316.859,-2.47141e-07,78.7347,398.812,8.93552e-08,89.1218,501.948,-2.53231e-07,100.879,631.736,-1.25047e-07,114.188,795.049,-1.78808e-07,129.252,1000.53,2.6733e-07,146.304,1259.03,4.50292e-07,165.605,1584.19,6.76904e-07,187.452,1993.12,-1.23808e-07,212.181,2507.27,-4.89068e-07,240.173,3153.54,-5.40284e-07,271.856,3965.56,1.86061e-07,307.719,4985.38,4.37004e-07,348.313,6265.4,3.59828e-07,394.26,7870.83,3.98192e-07,446.268,9882.51,-1.92908e-07,505.135,12400.3,-2.20392e-07,571.766,15546.9,1.51705e-07,647.184,19472.2,5.74996e-07,732.547,24357.4,5.39112e-07,829.167,30420,5.07815e-09,938.526,37916.3,-4.11492e-07,1062.3,47143.9,-3.9561e-07,1202.4,58439.2,3.86185e-08,1360.96,72169.3,5.94093e-07,1540.42,88715.8,7.47693e-07,1743.53,108445,1.78537e-07,1973.41,131665,-4.12549e-07,2233.57,158557,-5.37164e-07,2528,189103,-1.17615e-07,2861.2,222986,5.66769e-07,3238.27,259510,9.45053e-07,3664.97,297540,4.25093e-07,4147.81,335497,-3.58506e-07,4694.17,371444,-6.7724e-07,5312.37,403256,1.67192e-07,1.61744,3.89446,9.84394,3.28846,7.5504,12.774,5.07607,11.7187,13.6844,7.03202,16.8147,13.9681,9.20215,23.1769,14.0566,11.6301,31.1672,14.0841,14.3598,41.2186,14.0927,17.4376,53.8688,14.0954,20.9137,69.7915,14.0962,24.8432,89.8341,14.0965,29.2879,115.063,14.0966,34.3168,146.819,14.0966,40.0078,186.792,14.0966,46.4487,237.107,14.0966,53.7388,300.44,14.0966,61.9903,380.158,14.0966,71.3301,480.499,14.0966,81.902,606.796,14.0966,93.8685,765.761,14.0966,107.414,965.837,14.0966,122.746,1217.65,14.0966,140.101,1534.57,14.0966,159.745,1933.41,14.0966,181.981,2435.3,14.0966,207.15,3066.85,14.0966,235.64,3861.46,14.0966,267.889,4861.11,14.0966,304.391,6118.54,14.0966,345.709,7699.91,14.0966,392.478,9688.22,14.0966,445.417,12187.5,14.0966,505.339,15327.7,14.0966,573.165,19271.6,14.0966,649.938,24222,14.0966,736.839,30430.9,14.0966,835.202,38211.5,14.0966,946.539,47950.3,14.0966,1072.56,60122.8,14.0966,1215.21,75309.9,14.0966,1376.66,94216.2,14.0966,1559.41,117688,14.0966,1766.26,146729,14.0966,2000.39,182510,14.0966,2265.39,226372,14.0966,2565.33,279806,14.0966,2904.81,344416,14.0966,3289.05,421845,14.0966,3723.93,513667,14.0966,4216.13,621231,14.0966,4773.18,745478,14.0966,5403.64,886744,14.0966,6117.15,1.04457e+06,14.0966,6924.63,1.2176e+06,14.0966,11.7194,11.96,12.6541,13.9321,16.1295,13.6434,16.6097,21.9702,13.9553,19.7532,29.5285,14.0526,23.3844,39.1143,14.0829,27.5423,51.2054,14.0923,32.2796,66.434,14.0953,37.662,85.6061,14.0962,43.7675,109.74,14.0965,50.687,140.119,14.0966,58.5249,178.359,14.0966,67.4005,226.493,14.0966,77.4493,287.08,14.0966,88.8254,363.343,14.0966,101.703,459.336,14.0966,116.281,580.161,14.0966,132.782,732.241,14.0966,151.46,923.655,14.0966,172.603,1164.57,14.0966,196.535,1467.79,14.0966,223.625,1849.39,14.0966,254.288,2329.62,14.0966,288.997,2933.93,14.0966,328.285,3694.33,14.0966,372.755,4651.04,14.0966,423.092,5854.57,14.0966,480.07,7368.38,14.0966,544.564,9272.08,14.0966,617.566,11665.5,14.0966,700.197,14673.6,14.0966,793.729,18452.9,14.0966,899.599,23198.6,14.0966,1019.43,29154.1,14.0966,1155.07,36622.3,14.0966,1308.6,45977.9,14.0966,1482.39,57683.7,14.0966,1679.09,72307.8,14.0966,1901.73,90542.8,14.0966,2153.73,113226,14.0966,2438.97,141360,14.0966,2761.81,176127,14.0966,3127.22,218898,14.0966,3540.81,271226,14.0966,4008.92,334817,14.0966,4538.74,411470,14.0966,5138.38,502973,14.0966,5817.04,610948,14.0966,6585.12,736653,14.0966,7454.39,880741,14.0966,8438.15,1.04302e+06,14.0966,9551.45,1.22224e+06,14.0966,10811.3,1.41602e+06,14.0966,12237,1.62086e+06,14.0966,11.7194,11.96,12.6541,2.21263,4.16949,0.989383,2.67766,5.84076,0.311842,3.14343,7.55825,0.0972771,3.63127,9.58578,0.0303237,4.15787,12.0912,0.00945211,4.73731,15.2286,0.00294633,5.38238,19.1721,0.000918508,6.10553,24.134,0.000286163,6.91951,30.3791,8.92692e-05,7.83792,38.2397,2.78121e-05,8.87555,48.1338,8.65134e-06,10.0489,60.5876,2.7882e-06,11.3761,76.2629,8.29036e-07,12.8779,95.9927,2.4373e-07,14.5775,120.825,4.33068e-09,16.5012,152.08,1.75749e-07,18.6784,191.415,-1.86328e-07,21.1428,240.917,1.91829e-07,23.9322,303.213,-1.81475e-07,27.0895,381.602,7.0186e-08,30.6634,480.231,-2.86769e-08,34.7087,604.316,2.40784e-07,39.2876,760.401,9.87368e-08,44.4705,956.705,1.22263e-07,50.3371,1203.54,-4.31966e-07,56.9776,1513.81,-1.9705e-07,64.494,1903.69,-2.763e-08,73.0018,2393.4,3.9185e-07,82.6317,3008.13,1.35379e-07,93.5318,3779.25,-4.16351e-08,105.869,4745.7,2.06965e-08,119.834,5955.6,-3.18887e-07,135.641,7468.12,-1.48271e-08,153.531,9355.62,2.00739e-07,173.781,11705.8,2.28358e-07,196.701,14624.1,-1.93587e-08,222.642,18235,-2.88101e-07,252.003,22683.4,-2.24732e-07,285.234,28134,8.56806e-09,322.845,34767,2.34258e-07,365.413,42770.9,2.99668e-07,413.588,52327.9,8.28644e-08,468.111,63591.2,-3.07049e-07,529.814,76653.2,-3.1888e-07,599.642,91502.5,-6.72276e-08,678.662,107975,2.26339e-07,768.083,125705,3.69212e-07,869.267,144088,2.04077e-07,983.76,162277,-2.80509e-07,1113.3,179223,-4.22737e-07,1259.87,193777,-1.71951e-07,1425.68,204839,4.55555e-07,11.7194,11.96,12.6541,2.21263,4.16949,0.989383,2.67766,5.84076,0.311842,3.14343,7.55825,0.0972771,3.63127,9.58578,0.0303237,4.15787,12.0912,0.00945211,4.73731,15.2286,0.00294633,5.38238,19.1721,0.000918508,6.10553,24.134,0.000286163,6.91951,30.3791,8.92692e-05,7.83792,38.2397,2.78121e-05,8.87555,48.1338,8.65134e-06,10.0489,60.5876,2.7882e-06,11.3761,76.2629,8.29036e-07,12.8779,95.9927,2.4373e-07,14.5775,120.825,1e-08,16.5012,152.08,1.75749e-07,18.6784,191.415,1e-08,21.1428,240.917,1.91829e-07,23.9322,303.213,1e-08,27.0895,381.602,7.0186e-08,30.6634,480.231,1e-08,34.7087,604.316,2.40784e-07,39.2876,760.401,9.87368e-08,44.4705,956.705,1.22263e-07,50.3371,1203.54,1e-08,56.9776,1513.81,1e-08,64.494,1903.69,1e-08,73.0018,2393.4,3.9185e-07,82.6317,3008.13,1.35379e-07,93.5318,3779.25,1e-08,105.869,4745.7,2.06965e-08,119.834,5955.6,1e-08,135.641,7468.12,1e-08,153.531,9355.62,2.00739e-07,173.781,11705.8,2.28358e-07,196.701,14624.1,1e-08,222.642,18235,1e-08,252.003,22683.4,1e-08,285.234,28134,1e-08,322.845,34767,2.34258e-07,365.413,42770.9,2.99668e-07,413.588,52327.9,8.28644e-08,468.111,63591.2,1e-08,529.814,76653.2,1e-08,599.642,91502.5,1e-08,678.662,107975,2.26339e-07,768.083,125705,3.69212e-07,869.267,144088,2.04077e-07,983.76,162277,1e-08,1113.3,179223,1e-08,1259.87,193777,1e-08,1425.68,204839,4.55555e-07,6.2823,3.27286,2.43537,0.219672,6.18826,2.24117,0.56371,6.87772,2.63624,0.308279,13,10,8,5,6,1,9,2,0,2,4,0,2,18,0,6,5,0,4,20,0,10,25,0,3,27,0,6,24,0,10,16,0,13,42,0,11,22,0,13,98,0,14,57,0,10,133,0,23,178,0,16,328,0,31,161,0,28,195,0,26,320,0,41,371,0,28,248,0,48,1081,0,46,1361,0,38,1008,0,89,1160,0,43,1417,0,34,2206,0,97,2076,0,75,3049,0,88,4196,0,50,5758,0,122,5907,0,219,10896,0,132,8805,0,452,11615,0,124,19044,0,297,20573,0,460,21977,0,579,18783,0,490,18399,0,617,26066,0,708,90599,0,762,171255,0,370,64794,0,332,84441,0,1575,60063,0,582,144827,0,760,100357,0,1172,66925,0,1056,285587,0,2041,343083,0
-1.05176e+08,1,8.88811e-15,10,1023,0,1.05176e+08,0.528882,1.08665,0.389689,0.145397,0.379329,3.24381,0.161596,0.446195,1.77396,0.159177,1.15e+07,4.49998e+06,6.79999e+06,1.15e+07,4.49997e+06,6.79999e+06,1.15e+07,4.49996e+06,6.79999e+06,1.15e+07,4.49995e+06,6.79999e+06,1.14999e+07,4.49993e+06,6.79999e+06,1.14999e+07,4.49991e+06,6.79999e+06,1.14999e+07,4.49989e+06,6.79999e+06,1.14999e+07,4.49986e+06,6.79999e+06,1.14999e+07,4.49982e+06,6.79999e+06,1.14999e+07,4.49977e+06,6.79999e+06,1.14999e+07,4.49971e+06,6.79999e+06,1.14999e+07,4.49963e+06,6.79999e+06,1.14998e+07,4.49953e+06,6.79999e+06,1.14998e+07,4.49941e+06,6.79999e+06,1.14998e+07,4.49926e+06,6.79999e+06,1.14998e+07,4.49906e+06,6.79999e+06,1.14997e+07,4.49882e+06,6.79999e+06,1.14997e+07,4.49851e+06,6.79999e+06,1.14997e+07,4.49812e+06,6.79999e+06,1.14996e+07,4.49764e+06,6.79999e+06,1.14996e+07,4.49702e+06,6.79999e+06,1.14995e+07,4.49625e+06,6.79999e+06,1.14995e+07,4.49528e+06,6.79999e+06,1.14994e+07,4.49406e+06,6.79999e+06,1.14993e+07,4.49253e+06,6.79999e+06,1.14992e+07,4.49059e+06,6.79999e+06,1.14991e+07,4.48817e+06,6.79999e+06,1.1499e+07,4.48511e+06,6.79999e+06,1.14988e+07,4.48128e+06,6.79999e+06,1.14987e+07,4.47646e+06,6.79999e+06,1.14985e+07,4.47041e+06,6.79999e+06,1.14983e+07,4.46281e+06,6.79999e+06,1.14981e+07,4.4533e+06,6.79999e+06,1.14979e+07,4.44138e+06,6.79999e+06,1.14976e+07,4.42649e+06,6.79999e+06,1.14972e+07,4.40789e+06,6.79999e+06,1.14969e+07,4.38471e+06,6.79999e+06,1.14965e+07,4.35592e+06,6.79999e+06,1.1496e+07,4.32027e+06,6.79999e+06,1.14955e+07,4.27629e+06,6.79999e+06,1.14949e+07,4.22231e+06,6.79999e+06,1.14942e+07,4.15647e+06,6.79999e+06,1.14934e+07,4.07676e+06,6.79999e+06,1.14926e+07,3.98112e+06,6.79999e+06,1.14916e+07,3.86765e+06,6.79999e+06,1.14905e+07,3.73474e+06,6.79999e+06,1.14892e+07,3.58148e+06,6.79999e+06,1.14878e+07,3.40785e+06,6.79999e+06,1.14862e+07,3.21513e+06,6.79999e+06,1.14844e+07,3.00605e+06,6.79999e+06,1.14823e+07,2.7848e+06,6.79999e+06,1.148e+07,2.5568e+06,6.79999e+06,1.14773e+07,2.32825e+06,6.79999e+06,13.5742,8.52444,0.508366,16.8306,13.2585,0.162638,20.0035,17.569,0.0507846,23.2616,22.4214,0.0158319,26.7328,28.3297,0.00493498,30.5212,35.6974,0.00153831,34.7178,44.9473,0.000479527,39.4086,56.5822,0.000149456,44.6796,71.2245,4.66214e-05,50.6209,89.6543,1.45419e-05,57.3297,112.852,4.54748e-06,64.9129,142.051,1.43857e-06,73.4897,178.803,4.36618e-07,83.1934,225.062,1.40153e-07,94.1745,283.286,4.96378e-08,106.602,356.568,1.05434e-07,120.669,448.799,-6.49244e-08,136.59,564.873,1.70148e-07,154.611,710.948,-5.34594e-08,175.008,894.767,1.63407e-07,198.097,1126.06,8.04804e-08,224.231,1417.07,1.14667e-07,253.813,1783.15,-1.71227e-07,287.297,2243.62,-2.88466e-07,325.198,2822.67,-4.33651e-07,368.098,3550.67,7.9318e-08,416.657,4465.65,3.13319e-07,471.621,5615.16,3.4613e-07,533.835,7058.61,-1.19199e-07,604.255,8870.02,-2.79964e-07,683.962,11141.4,-2.30521e-07,774.182,13986.7,-2.55099e-07,876.299,17546.4,1.23585e-07,991.883,21993.1,1.41192e-07,1122.71,27536.7,-9.71886e-08,1270.78,34430.7,-3.68368e-07,1438.38,42977.7,-3.45379e-07,1628.07,53532.7,-3.25328e-09,1842.77,66504.6,2.6362e-07,2085.77,82350.2,2.53445e-07,2360.79,101560,-2.47407e-08,2672.05,124632,-3.80602e-07,3024.31,152018,-4.79005e-07,3422.98,184060,-1.14379e-07,3874.15,220884,2.64297e-07,4384.72,262283,3.44131e-07,4962.49,307576,7.5349e-08,5616.29,355497,-3.63097e-07,6356.1,404126,-6.05442e-07,7193.18,450932,-2.72333e-07,8140.28,492963,2.29675e-07,9211.79,527178,4.3387e-07,10424,550893,-1.0711e-07,10.102,8.06553,2.81012,10.6436,8.57909,0.869423,11.5336,10.2515,0.270869,12.7211,12.7138,0.0844293,14.1823,15.9373,0.0263173,15.9122,20.0383,0.0082035,17.9198,25.2154,0.00255722,20.2244,31.7373,0.000797017,22.8539,39.9486,0.000248622,25.8438,50.2851,7.75492e-05,29.237,63.2963,2.42508e-05,33.0837,79.6738,7.67162e-06,37.4415,100.288,2.32837e-06,42.3767,126.236,7.33e-07,47.9646,158.896,2.79256e-07,54.2906,200.003,9.87351e-09,61.452,251.741,1.61085e-07,69.5585,316.859,-2.47141e-07,78.7347,398.812,8.93552e-08,89.1218,501.948,-2.53231e-07,100.879,631.736,-1.25047e-07,114.188,795.049,-1.78808e-07,129.252,1000.53,2.6733e-07,146.304,1259.03,4.50292e-07,165.605,1584.19,6.76904e-07,187.452,1993.12,-1.23808e-07,212.181,2507.27,-4.89068e-07,240.173,3153.54,-5.40284e-07,271.856,3965.56,1.86061e-07,307.719,4985.38,4.37004e-07,348.313,6265.4,3.59828e-07,394.26,7870.83,3.98192e-07,446.268,9882.51,-1.92908e-07,505.135,12400.3,-2.20392e-07,571.766,15546.9,1.51705e-07,647.184,19472.2,5.74996e-07,732.547,24357.4,5.39112e-07,829.167,30420,5.07815e-09,938.526,37916.3,-4.11492e-07,1062.3,47143.9,-3.9561e-07,1202.4,58439.2,3.86185e-08,1360.96,72169.3,5.94093e-07,1540.42,88715.8,7.47693e-07,1743.53,108445,1.78537e-07,1973.41,131665,-4.12549e-07,2233.57,158557,-5.37164e-07,2528,189103,-1.17615e-07,2861.2,222986,5.66769e-07,3238.27,259510,9.45053e-07,3664.97,297540,4.25093e-07,4147.81,335497,-3.58506e-07,4694.17,371444,-6.7724e-07,5312.37,403256,1.67192e-07,1.61744,3.89446,9.84394,3.28846,7.5504,12.774,5.07607,11.7187,13.6844,7.03202,16.8147,13.9681,9.20215,23.1769,14.0566,11.6301,31.1672,14.0841,14.3598,41.2186,14.0927,17.4376,53.8688,14.0954,20.9137,69.7915,14.0962,24.8432,89.8341,14.0965,29.2879,115.063,14.0966,34.3168,146.819,14.0966,40.0078,186.792,14.0966,46.4487,237.107,14.0966,53.7388,300.44,14.0966,61.9903,380.158,14.0966,71.3301,480.499,14.0966,81.902,606.796,14.0966,93.8685,765.761,14.0966,107.414,965.837,14.0966,122.746,1217.65,14.0966,140.101,1534.57,14.0966,159.745,1933.41,14.0966,181.981,2435.3,14.0966,207.15,3066.85,14.0966,235.64,3861.46,14.0966,267.889,4861.11,14.0966,304.391,6118.54,14.0966,345.709,7699.91,14.0966,392.478,9688.22,14.0966,445.417,12187.5,14.0966,505.339,15327.7,14.0966,573.165,19271.6,14.0966,649.938,24222,14.0966,736.839,30430.9,14.0966,835.202,38211.5,14.0966,946.539,47950.3,14.0966,1072.56,60122.8,14.0966,1215.21,75309.9,14.0966,1376.66,94216.2,14.0966,1559.41,117688,14.0966,1766.26,146729,14.0966,2000.39,182510,14.0966,2265.39,226372,14.0966,2565.33,279806,14.0966,2904.81,344416,14.0966,3289.05,421845,14.0966,3723.93,513667,14.0966,4216.13,621231,14.0966,4773.18,745478,14.0966,5403.64,886744,14.0966,6117.15,1.04457e+06,14.0966,6924.63,1.2176e+06,14.0966,11.7194,11.96,12.6541,13.9321,16.1295,13.6434,16.6097,21.9702,13.9553,19.7532,29.5285,14.0526,23.3844,39.1143,14.0829,27.5423,51.2054,14.0923,32.2796,66.434,14.0953,37.662,85.6061,14.0962,43.7675,109.74,14.0965,50.687,140.119,14.0966,58.5249,178.359,14.0966,67.4005,226.493,14.0966,77.4493,287.08,14.0966,88.8254,363.343,14.0966,101.703,459.336,14.0966,116.281,580.161,14.0966,132.782,732.241,14.0966,151.46,923.655,14.0966,172.603,1164.57,14.0966,196.535,1467.79,14.0966,223.625,1849.39,14.0966,254.288,2329.62,14.0966,288.997,2933.93,14.0966,328.285,3694.33,14.0966,372.755,4651.04,14.0966,423.092,5854.57,14.0966,480.07,7368.38,14.0966,544.564,9272.08,14.0966,617.566,11665.5,14.0966,700.197,14673.6,14.0966,793.729,18452.9,14.0966,899.599,23198.6,14.0966,1019.43,29154.1,14.0966,1155.07,36622.3,14.0966,1308.6,45977.9,14.0966,1482.39,57683.7,14.0966,1679.09,72307.8,14.0966,1901.73,90542.8,14.0966,2153.73,113226,14.0966,2438.97,141360,14.0966,2761.81,176127,14.0966,3127.22,218898,14.0966,3540.81,271226,14.0966,4008.92,334817,14.0966,4538.74,411470,14.0966,5138.38,502973,14.0966,5817.04,610948,14.0966,6585.12,736653,14.0966,7454.39,880741,14.0966,8438.15,1.04302e+06,14.0966,9551.45,1.22224e+06,14.0966,10811.3,1.41602e+06,14.0966,12237,1.62086e+06,14.0966,11.7194,11.96,12.6541,2.21263,4.16949,0.989383,2.67766,5.84076,0.311842,3.14343,7.55825,0.0972771,3.63127,9.58578,0.0303237,4.15787,12.0912,0.00945211,4.73731,15.2286,0.00294633,5.38238,19.1721,0.000918508,6.10553,24.134,0.000286163,6.91951,30.3791,8.92692e-05,7.83792,38.2397,2.78121e-05,8.87555,48.1338,8.65134e-06,10.0489,60.5876,2.7882e-06,11.3761,76.2629,8.29036e-07,12.8779,95.9927,2.4373e-07,14.5775,120.825,4.33068e-09,16.5012,152.08,1.75749e-07,18.6784,191.415,-1.86328e-07,21.1428,240.917,1.91829e-07,23.9322,303.213,-1.81475e-07,27.0895,381.602,7.0186e-08,30.6634,480.231,-2.86769e-08,34.7087,604.316,2.40784e-07,39.2876,760.401,9.87368e-08,44.4705,956.705,1.22263e-07,50.3371,1203.54,-4.31966e-07,56.9776,1513.81,-1.9705e-07,64.494,1903.69,-2.763e-08,73.0018,2393.4,3.9185e-07,82.6317,3008.13,1.35379e-07,93.5318,3779.25,-4.16351e-08,105.869,4745.7,2.06965e-08,119.834,5955.6,-3.18887e-07,135.641,7468.12,-1.48271e-08,153.531,9355.62,2.00739e-07,173.781,11705.8,2.28358e-07,196.701,14624.1,-1.93587e-08,222.642,18235,-2.88101e-07,252.003,22683.4,-2.24732e-07,285.234,28134,8.56806e-09,322.845,34767,2.34258e-07,365.413,42770.9,2.99668e-07,413.588,52327.9,8.28644e-08,468.111,63591.2,-3.07049e-07,529.814,76653.2,-3.1888e-07,599.642,91502.5,-6.72276e-08,678.662,107975,2.26339e-07,768.083,125705,3.69212e-07,869.267,144088,2.04077e-07,983.76,162277,-2.80509e-07,1113.3,179223,-4.22737e-07,1259.87,193777,-1.71951e-07,1425.68,204839,4.55555e-07,11.7194,11.96,12.6541,2.21263,4.16949,0.989383,2.67766,5.84076,0.311842,3.14343,7.55825,0.0972771,3.63127,9.58578,0.0303237,4.15787,12.0912,0.00945211,4.73731,15.2286,0.00294633,5.38238,19.1721,0.000918508,6.10553,24.134,0.000286163,6.91951,30.3791,8.92692e-05,7.83792,38.2397,2.78121e-05,8.87555,48.1338,8.65134e-06,10.0489,60.5876,2.7882e-06,11.3761,76.2629,8.29036e-07,12.8779,95.9927,2.4373e-07,14.5775,120.825,1e-08,16.5012,152.08,1.75749e-07,18.6784,191.415,1e-08,21.1428,240.917,1.91829e-07,23.9322,303.213,1e-08,27.0895,381.602,7.0186e-08,30.6634,480.231,1e-08,34.7087,604.316,2.40784e-07,39.2876,760.401,9.87368e-08,44.4705,956.705,1.22263e-07,50.3371,1203.54,1e-08,56.9776,1513.81,1e-08,64.494,1903.69,1e-08,73.0018,2393.4,3.9185e-07,82.6317,3008.13,1.35379e-07,93.5318,3779.25,1e-08,105.869,4745.7,2.06965e-08,119.834,5955.6,1e-08,135.641,7468.12,1e-08,153.531,9355.62,2.00739e-07,173.781,11705.8,2.28358e-07,196.701,14624.1,1e-08,222.642,18235,1e-08,252.003,22683.4,1e-08,285.234,28134,1e-08,322.845,34767,2.34258e-07,365.413,42770.9,2.99668e-07,413.588,52327.9,8.28644e-08,468.111,63591.2,1e-08,529.814,76653.2,1e-08,599.642,91502.5,1e-08,678.662,107975,2.26339e-07,768.083,125705,3.69212e-07,869.267,144088,2.04077e-07,983.76,162277,1e-08,1113.3,179223,1e-08,1259.87,193777,1e-08,1425.68,204839,4.55555e-07,6.2823,3.27286,2.43537,0.219672,6.18826,2.24117,0.56371,6.87772,2.63624,0.308279,12,8,16,0,6,0,2,5,0,4,5,0,3,9,1,5,16,0,9,22,0,6,18,0,5,7,0,3,43,0,3,33,0,5,34,0,20,31,0,4,47,0,12,154,0,24,59,0,13,260,0,28,285,0,21,115,0,52,175,0,28,401,0,20,811,0,52,640,0,15,465,0,42,1198,0,93,1430,0,45,591,0,55,1031,0,65,2294,0,76,2943,0,228,4224,0,122,7180,0,190,3137,0,233,13625,0,175,14619,0,125,4956,0,278,10347,0,209,20247,0,135,30685,0,225,22188,0,267,36116,0,615,29997,0,263,35006,0,254,23198,0,451,48384,0,550,88090,0,668,101769,0,816,118043,0,842,76269,0,1664,161868,0,1191,131701,0,1063,262492,0,1467,49067,0
-1.05176e+08,1,8.88811e-15,10,1023,0,1.05176e+08,0.528882,1.08665,0.389689,0.145397,0.379329,3.24381,0.161596,0.446195,1.77396,0.159177,1.15e+07,4.49998e+06,6.79999e+06,1.15e+07,4.49997e+06,6.79999e+06,1.15e+07,4.49996e+06,6.79999e+06,1.15e+07,4.49995e+06,6.79999e+06,1.14999e+07,4.49993e+06,6.79999e+06,1.14999e+07,4.49991e+06,6.79999e+06,1.14999e+07,4.49989e+06,6.79999e+06,1.14999e+07,4.49986e+06,6.79999e+06,1.14999e+07,4.49982e+06,6.79999e+06,1.14999e+07,4.49977e+06,6.79999e+06,1.14999e+07,4.49971e+06,6.79999e+06,1.14999e+07,4.49963e+06,6.79999e+06,1.14998e+07,4.49953e+06,6.79999e+06,1.14998e+07,4.49941e+06,6.79999e+06,1.14998e+07,4.49926e+06,6.79999e+06,1.14998e+07,4.49906e+06,6.79999e+06,1.14997e+07,4.49882e+06,6.79999e+06,1.14997e+07,4.49851e+06,6.79999e+06,1.14997e+07,4.49812e+06,6.79999e+06,1.14996e+07,4.49764e+06,6.79999e+06,1.14996e+07,4.49702e+06,6.79999e+06,1.14995e+07,4.49625e+06,6.79999e+06,1.14995e+07,4.49528e+06,6.79999e+06,1.14994e+07,4.49406e+06,6.79999e+06,1.14993e+07,4.49253e+06,6.79999e+06,1.14992e+07,4.49059e+06,6.79999e+06,1.14991e+07,4.48817e+06,6.79999e+06,1.1499e+07,4.48511e+06,6.79999e+06,1.14988e+07,4.48128e+06,6.79999e+06,1.14987e+07,4.47646e+06,6.79999e+06,1.14985e+07,4.47041e+06,6.79999e+06,1.14983e+07,4.46281e+06,6.79999e+06,1.14981e+07,4.4533e+06,6.79999e+06,1.14979e+07,4.44138e+06,6.79999e+06,1.14976e+07,4.42649e+06,6.79999e+06,1.14972e+07,4.40789e+06,6.79999e+06,1.14969e+07,4.38471e+06,6.79999e+06,1.14965e+07,4.35592e+06,6.79999e+06,1.1496e+07,4.32027e+06,6.79999e+06,1.14955e+07,4.27629e+06,6.79999e+06,1.14949e+07,4.22231e+06,6.79999e+06,1.14942e+07,4.15647e+06,6.79999e+06,1.14934e+07,4.07676e+06,6.79999e+06,1.14926e+07,3.98112e+06,6.79999e+06,1.14916e+07,3.86765e+06,6.79999e+06,1.14905e+07,3.73474e+06,6.79999e+06,1.14892e+07,3.58148e+06,6.79999e+06,1.14878e+07,3.40785e+06,6.79999e+06,1.14862e+07,3.21513e+06,6.79999e+06,1.14844e+07,3.00605e+06,6.79999e+06,1.14823e+07,2.7848e+06,6.79999e+06,1.148e+07,2.5568e+06,6.79999e+06,1.14773e+07,2.32825e+06,6.79999e+06,13.5742,8.52444,0.508366,16.8306,13.2585,0.162638,20.0035,17.569,0.0507846,23.2616,22.4214,0.0158319,26.7328,28.3297,0.00493498,30.5212,35.6974,0.00153831,34.7178,44.9473,0.000479527,39.4086,56.5822,0.000149456,44.6796,71.2245,4.66214e-05,50.6209,89.6543,1.45419e-05,57.3297,112.852,4.54748e-06,64.9129,142.051,1.43857e-06,73.4897,178.803,4.36618e-07,83.1934,225.062,1.40153e-07,94.1745,283.286,4.96378e-08,106.602,356.568,1.05434e-07,120.669,448.799,-6.49244e-08,136.59,564.873,1.70148e-07,154.611,710.948,-5.34594e-08,175.008,894.767,1.63407e-07,198.097,1126.06,8.04804e-08,224.231,1417.07,1.14667e-07,253.813,1783.15,-1.71227e-07,287.297,2243.62,-2.88466e-07,325.198,2822.67,-4.33651e-07,368.098,3550.67,7.9318e-08,416.657,4465.65,3.13319e-07,471.621,5615.16,3.4613e-07,533.835,7058.61,-1.19199e-07,604.255,8870.02,-2.79964e-07,683.962,11141.4,-2.30521e-07,774.182,13986.7,-2.55099e-07,876.299,17546.4,1.23585e-07,991.883,21993.1,1.41192e-07,1122.71,27536.7,-9.71886e-08,1270.78,34430.7,-3.68368e-07,1438.38,42977.7,-3.45379e-07,1628.07,53532.7,-3.25328e-09,1842.77,66504.6,2.6362e-07,2085.77,82350.2,2.53445e-07,2360.79,101560,-2.47407e-08,2672.05,124632,-3.80602e-07,3024.31,152018,-4.79005e-07,3422.98,184060,-1.14379e-07,3874.15,220884,2.64297e-07,4384.72,262283,3.44131e-07,4962.49,307576,7.5349e-08,5616.29,355497,-3.63097e-07,6356.1,404126,-6.05442e-07,7193.18,450932,-2.72333e-07,8140.28,492963,2.29675e-07,9211.79,527178,4.3387e-07,10424,550893,-1.0711e-07,10.102,8.06553,2.81012,10.6436,8.57909,0.869423,11.5336,10.2515,0.270869,12.7211,12.7138,0.0844293,14.1823,15.9373,0.0263173,15.9122,20.0383,0.0082035,17.9198,25.2154,0.00255722,20.2244,31.7373,0.000797017,22.8539,39.9486,0.000248622,25.8438,50.2851,7.75492e-05,29.237,63.2963,2.42508e-05,33.0837,79.6738,7.67162e-06,37.4415,100.288,2.32837e-06,42.3767,126.236,7.33e-07,47.9646,158.896,2.79256e-07,54.2906,200.003,9.87351e-09,61.452,251.741,1.61085e-07,69.5585,316.859,-2.47141e-07,78.7347,398.812,8.93552e-08,89.1218,501.948,-2.53231e-07,100.879,631.736,-1.25047e-07,114.188,795.049,-1.78808e-07,129.252,1000.53,2.6733e-07,146.304,1259.03,4.50292e-07,165.605,1584.19,6.76904e-07,187.452,1993.12,-1.23808e-07,212.181,2507.27,-4.89068e-07,240.173,3153.54,-5.40284e-07,271.856,3965.56,1.86061e-07,307.719,4985.38,4.37004e-07,348.313,6265.4,3.59828e-07,394.26,7870.83,3.98192e-07,446.268,9882.51,-1.92908e-07,505.135,12400.3,-2.20392e-07,571.766,15546.9,1.51705e-07,647.184,19472.2,5.74996e-07,732.547,24357.4,5.39112e-07,829.167,30420,5.07815e-09,938.526,37916.3,-4.11492e-07,1062.3,47143.9,-3.9561e-07,1202.4,58439.2,3.86185e-08,1360.96,72169.3,5.94093e-07,1540.42,88715.8,7.47693e-07,1743.53,108445,1.78537e-07,1973.41,131665,-4.12549e-07,2233.57,158557,-5.37164e-07,2528,189103,-1.17615e-07,2861.2,222986,5.66769e-07,3238.27,259510,9.45053e-07,3664.97,297540,4.25093e-07,4147.81,335497,-3.58506e-07,4694.17,371444,-6.7724e-07,5312.37,403256,1.67192e-07,1.61744,3.89446,9.84394,3.28846,7.5504,12.774,5.07607,11.7187,13.6844,7.03202,16.8147,13.9681,9.20215,23.1769,14.0566,11.6301,31.1672,14.0841,14.3598,41.2186,14.0927,17.4376,53.8688,14.0954,20.9137,69.7915,14.0962,24.8432,89.8341,14.0965,29.2879,115.063,14.0966,34.3168,146.819,14.0966,40.0078,186.792,14.0966,46.4487,237.107,14.0966,53.7388,300.44,14.0966,61.9903,380.158,14.0966,71.3301,480.499,14.0966,81.902,606.796,14.0966,93.8685,765.761,14.0966,107.414,965.837,14.0966,122.746,1217.65,14.0966,140.101,1534.57,14.0966,159.745,1933.41,14.0966,181.981,2435.3,14.0966,207.15,3066.85,14.0966,235.64,3861.46,14.0966,267.889,4861.11,14.0966,304.391,6118.54,14.0966,345.709,7699.91,14.0966,392.478,9688.22,14.0966,445.417,12187.5,14.0966,505.339,15327.7,14.0966,573.165,19271.6,14.0966,649.938,24222,14.0966,736.839,30430.9,14.0966,835.202,38211.5,14.0966,946.539,47950.3,14.0966,1072.56,60122.8,14.0966,1215.21,75309.9,14.0966,1376.66,94216.2,14.0966,1559.41,117688,14.0966,1766.26,146729,14.0966,2000.39,182510,14.0966,2265.39,226372,14.0966,2565.33,279806,14.0966,2904.81,344416,14.0966,3289.05,421845,14.0966,3723.93,513667,14.0966,4216.13,621231,14.0966,4773.18,745478,14.0966,5403.64,886744,14.0966,6117.15,1.04457e+06,14.0966,6924.63,1.2176e+06,14.0966,11.7194,11.96,12.6541,13.9321,16.1295,13.6434,16.6097,21.9702,13.9553,19.7532,29.5285,14.0526,23.3844,39.1143,14.0829,27.5423,51.2054,14.0923,32.2796,66.434,14.0953,37.662,85.6061,14.0962,43.7675,109.74,14.0965,50.687,140.119,14.0966,58.5249,178.359,14.0966,67.4005,226.493,14.0966,77.4493,287.08,14.0966,88.8254,363.343,14.0966,101.703,459.336,14.0966,116.281,580.161,14.0966,132.782,732.241,14.0966,151.46,923.655,14.0966,172.603,1164.57,14.0966,196.535,1467.79,14.0966,223.625,1849.39,14.0966,254.288,2329.62,14.0966,288.997,2933.93,14.0966,328.285,3694.33,14.0966,372.755,4651.04,14.0966,423.092,5854.57,14.0966,480.07,7368.38,14.0966,544.564,9272.08,14.0966,617.566,11665.5,14.0966,700.197,14673.6,14.0966,793.729,18452.9,14.0966,899.599,23198.6,14.0966,1019.43,29154.1,14.0966,1155.07,36622.3,14.0966,1308.6,45977.9,14.0966,1482.39,57683.7,14.0966,1679.09,72307.8,14.0966,1901.73,90542.8,14.0966,2153.73,113226,14.0966,2438.97,141360,14.0966,2761.81,176127,14.0966,3127.22,218898,14.0966,3540.81,271226,14.0966,4008.92,334817,14.0966,4538.74,411470,14.0966,5138.38,502973,14.0966,5817.04,610948,14.0966,6585.12,736653,14.0966,7454.39,880741,14.0966,8438.15,1.04302e+06,14.0966,9551.45,1.22224e+06,14.0966,10811.3,1.41602e+06,14.0966,12237,1.62086e+06,14.0966,11.7194,11.96,12.6541,2.21263,4.16949,0.989383,2.67766,5.84076,0.311842,3.14343,7.55825,0.0972771,3.63127,9.58578,0.0303237,4.15787,12.0912,0.00945211,4.73731,15.2286,0.00294633,5.38238,19.1721,0.000918508,6.10553,24.134,0.000286163,6.91951,30.3791,8.92692e-05,7.83792,38.2397,2.78121e-05,8.87555,48.1338,8.65134e-06,10.0489,60.5876,2.7882e-06,11.3761,76.2629,8.29036e-07,12.8779,95.9927,2.4373e-07,14.5775,120.825,4.33068e-09,16.5012,152.08,1.75749e-07,18.6784,191.415,-1.86328e-07,21.1428,240.917,1.91829e-07,23.9322,303.213,-1.81475e-07,27.0895,381.602,7.0186e-08,30.6634,480.231,-2.86769e-08,34.7087,604.316,2.40784e-07,39.2876,760.401,9.87368e-08,44.4705,956.705,1.22263e-07,50.3371,1203.54,-4.31966e-07,56.9776,1513.81,-1.9705e-07,64.494,1903.69,-2.763e-08,73.0018,2393.4,3.9185e-07,82.6317,3008.13,1.35379e-07,93.5318,3779.25,-4.16351e-08,105.869,4745.7,2.06965e-08,119.834,5955.6,-3.18887e-07,135.641,7468.12,-1.48271e-08,153.531,9355.62,2.00739e-07,173.781,11705.8,2.28358e-07,196.701,14624.1,-1.93587e-08,222.642,18235,-2.88101e-07,252.003,22683.4,-2.24732e-07,285.234,28134,8.56806e-09,322.845,34767,2.34258e-07,365.413,42770.9,2.99668e-07,413.588,52327.9,8.28644e-08,468.111,63591.2,-3.07049e-07,529.814,76653.2,-3.1888e-07,599.642,91502.5,-6.72276e-08,678.662,107975,2.26339e-07,768.083,125705,3.69212e-07,869.267,144088,2.04077e-07,983.76,162277,-2.80509e-07,1113.3,179223,-4.22737e-07,1259.87,193777,-1.71951e-07,1425.68,204839,4.55555e-07,11.7194,11.96,12.6541,2.21263,4.16949,0.989383,2.67766,5.84076,0.311842,3.14343,7.55825,0.0972771,3.63127,9.58578,0.0303237,4.15787,12.0912,0.00945211,4.73731,15.2286,0.00294633,5.38238,19.1721,0.000918508,6.10553,24.134,0.000286163,6.91951,30.3791,8.92692e-05,7.83792,38.2397,2.78121e-05,8.87555,48.1338,8.65134e-06,10.0489,60.5876,2.7882e-06,11.3761,76.2629,8.29036e-07,12.8779,95.9927,2.4373e-07,14.5775,120.825,1e-08,16.5012,152.08,1.75749e-07,18.6784,191.415,1e-08,21.1428,240.917,1.91829e-07,23.9322,303.213,1e-08,27.0895,381.602,7.0186e-08,30.6634,480.231,1e-08,34.7087,604.316,2.40784e-07,39.2876,760.401,9.87368e-08,44.4705,956.705,1.22263e-07,50.3371,1203.54,1e-08,56.9776,1513.81,1e-08,64.494,1903.69,1e-08,73.0018,2393.4,3.9185e-07,82.6317,3008.13,1.35379e-07,93.5318,3779.25,1e-08,105.869,4745.7,2.06965e-08,119.834,5955.6,1e-08,135.641,7468.12,1e-08,153.531,9355.62,2.00739e-07,173.781,11705.8,2.28358e-07,196.701,14624.1,1e-08,222.642,18235,1e-08,252.003,22683.4,1e-08,285.234,28134,1e-08,322.845,34767,2.34258e-07,365.413,42770.9,2.99668e-07,413.588,52327.9,8.28644e-08,468.111,63591.2,1e-08,529.814,76653.2,1e-08,599.642,91502.5,1e-08,678.662,107975,2.26339e-07,768.083,125705,3.69212e-07,869.267,144088,2.04077e-07,983.76,162277,1e-08,1113.3,179223,1e-08,1259.87,193777,1e-08,1425.68,204839,4.55555e-07,6.2823,3.27286,2.43537,0.219672,6.18826,2.24117,0.56371,6.87772,2.63624,0.308279,16,12,17,3,4,0,2,5,1,1,6,0,5,6,0,0,15,0,4,26,0,4,10,0,3,16,0,3,28,0,10,46,0,8,41,0,9,77,0,20,95,0,5,73,0,13,92,0,10,163,0,15,306,0,16,209,0,22,418,0,32,501,0,22,131,0,8,378,0,30,637,0,59,993,0,48,1003,0,66,1216,0,84,1160,0,77,4620,0,58,2231,0,30,2801,0,91,1523,0,78,7172,0,172,3741,0,171,8090,0,191,16817,0,171,5736,0,298,31013,0,319,17105,0,569,31819,0,213,29827,0,554,25686,0,241,74566,0,171,49684,0,550,21432,0,463,49905,0,1079,50266,0,811,141598,0,314,125854,0,1211,224542,0,929,103780,0,1501,150453,0,1066,253336,0
-1.05176e+08,1,8.88811e-15,10,1023,0,1.05176e+08,0.528882,1.08665,0.389689,0.145397,0.379329,3.24381,0.161596,0.446195,1.77396,0.159177,1.15e+07,4.49998e+06,6.79999e+06,1.15e+07,4.49997e+06,6.79999e+06,1.15e+07,4.49996e+06,6.79999e+06,1.15e+07,4.49995e+06,6.79999e+06,1.14999e+07,4.49993e+06,6.79999e+06,1.14999e+07,4.49991e+06,6.79999e+06,1.14999e+07,4.49989e+06,6.79999e+06,1.14999e+07,4.49986e+06,6.79999e+06,1.14999e+07,4.49982e+06,6.79999e+06,1.14999e+07,4.49977e+06,6.79999e+06,1.14999e+07,4.49971e+06,6.79999e+06,1.14999e+07,4.49963e+06,6.79999e+06,1.14998e+07,4.49953e+06,6.79999e+06,1.14998e+07,4.49941e+06,6.79999e+06,1.14998e+07,4.49926e+06,6.79999e+06,1.14998e+07,4.49906e+06,6.79999e+06,1.14997e+07,4.49882e+06,6.79999e+06,1.14997e+07,4.49851e+06,6.79999e+06,1.14997e+07,4.49812e+06,6.79999e+06,1.14996e+07,4.49764e+06,6.79999e+06,1.14996e+07,4.49702e+06,6.79999e+06,1.14995e+07,4.49625e+06,6.79999e+06,1.14995e+07,4.49528e+06,6.79999e+06,1.14994e+07,4.49406e+06,6.79999e+06,1.14993e+07,4.49253e+06,6.79999e+06,1.14992e+07,4.49059e+06,6.79999e+06,1.14991e+07,4.48817e+06,6.79999e+06,1.1499e+07,4.48511e+06,6.79999e+06,1.14988e+07,4.48128e+06,6.79999e+06,1.14987e+07,4.47646e+06,6.79999e+06,1.14985e+07,4.47041e+06,6.79999e+06,1.14983e+07,4.46281e+06,6.79999e+06,1.14981e+07,4.4533e+06,6.79999e+06,1.14979e+07,4.44138e+06,6.79999e+06,1.14976e+07,4.42649e+06,6.79999e+06,1.14972e+07,4.40789e+06,6.79999e+06,1.14969e+07,4.38471e+06,6.79999e+06,1.14965e+07,4.35592e+06,6.79999e+06,1.1496e+07,4.32027e+06,6.79999e+06,1.14955e+07,4.27629e+06,6.79999e+06,1.14949e+07,4.22231e+06,6.79999e+06,1.14942e+07,4.15647e+06,6.79999e+06,1.14934e+07,4.07676e+06,6.79999e+06,1.14926e+07,3.98112e+06,6.79999e+06,1.14916e+07,3.86765e+06,6.79999e+06,1.14905e+07,3.73474e+06,6.79999e+06,1.14892e+07,3.58148e+06,6.79999e+06,1.14878e+07,3.40785e+06,6.79999e+06,1.14862e+07,3.21513e+06,6.79999e+06,1.14844e+07,3.00605e+06,6.79999e+06,1.14823e+07,2.7848e+06,6.79999e+06,1.148e+07,2.5568e+06,6.79999e+06,1.14773e+07,2.32825e+06,6.79999e+06,13.5742,8.52444,0.508366,16.8306,13.2585,0.162638,20.0035,17.569,0.0507846,23.2616,22.4214,0.0158319,26.7328,28.3297,0.00493498,30.5212,35.6974,0.00153831,34.7178,44.9473,0.000479527,39.4086,56.5822,0.000149456,44.6796,71.2245,4.66214e-05,50.6209,89.6543,1.45419e-05,57.3297,112.852,4.54748e-06,64.9129,142.051,1.43857e-06,73.4897,178.803,4.36618e-07,83.1934,225.062,1.40153e-07,94.1745,283.286,4.96378e-08,106.602,356.568,1.05434e-07,120.669,448.799,-6.49244e-08,136.59,564.873,1.70148e-07,154.611,710.948,-5.34594e-08,175.008,894.767,1.63407e-07,198.097,1126.06,8.04804e-08,224.231,1417.07,1.14667e-07,253.813,1783.15,-1.71227e-07,287.297,2243.62,-2.88466e-07,325.198,2822.67,-4.33651e-07,368.098,3550.67,7.9318e-08,416.657,4465.65,3.13319e-07,471.621,5615.16,3.4613e-07,533.835,7058.61,-1.19199e-07,604.255,8870.02,-2.79964e-07,683.962,11141.4,-2.30521e-07,774.182,13986.7,-2.55099e-07,876.299,17546.4,1.23585e-07,991.883,21993.1,1.41192e-07,1122.71,27536.7,-9.71886e-08,1270.78,34430.7,-3.68368e-07,1438.38,42977.7,-3.45379e-07,1628.07,53532.7,-3.25328e-09,1842.77,66504.6,2.6362e-07,2085.77,82350.2,2.53445e-07,2360.79,101560,-2.47407e-08,2672.05,124632,-3.80602e-07,3024.31,152018,-4.79005e-07,3422.98,184060,-1.14379e-07,3874.15,220884,2.64297e-07,4384.72,262283,3.44131e-07,4962.49,307576,7.5349e-08,5616.29,355497,-3.63097e-07,6356.1,404126,-6.05442e-07,7193.18,450932,-2.72333e-07,8140.28,492963,2.29675e-07,9211.79,527178,4.3387e-07,10424,550893,-1.0711e-07,10.102,8.06553,2.81012,10.6436,8.57909,0.869423,11.5336,10.2515,0.270869,12.7211,12.7138,0.0844293,14.1823,15.9373,0.0263173,15.9122,20.0383,0.0082035,17.9198,25.2154,0.00255722,20.2244,31.7373,0.000797017,22.8539,39.9486,0.000248622,25.8438,50.2851,7.75492e-05,29.237,63.2963,2.42508e-05,33.0837,79.6738,7.67162e-06,37.4415,100.288,2.32837e-06,42.3767,126.236,7.33e-07,47.9646,158.896,2.79256e-07,54.2906,200.003,9.87351e-09,61.452,251.741,1.61085e-07,69.5585,316.859,-2.47141e-07,78.7347,398.812,8.93552e-08,89.1218,501.948,-2.53231e-07,100.879,631.736,-1.25047e-07,114.188,795.049,-1.78808e-07,129.252,1000.53,2.6733e-07,146.304,1259.03,4.50292e-07,165.605,1584.19,6.76904e-07,187.452,1993.12,-1.23808e-07,212.181,2507.27,-4.89068e-07,240.173,3153.54,-5.40284e-07,271.856,3965.56,1.86061e-07,307.719,4985.38,4.37004e-07,348.313,6265.4,3.59828e-07,394.26,7870.83,3.98192e-07,446.268,9882.51,-1.92908e-07,505.135,12400.3,-2.20392e-07,571.766,15546.9,1.51705e-07,647.184,19472.2,5.74996e-07,732.547,24357.4,5.39112e-07,829.167,30420,5.07815e-09,938.526,37916.3,-4.11492e-07,1062.3,47143.9,-3.9561e-07,1202.4,58439.2,3.86185e-08,1360.96,72169.3,5.94093e-07,1540.42,88715.8,7.47693e-07,1743.53,108445,1.78537e-07,1973.41,131665,-4.12549e-07,2233.57,158557,-5.37164e-07,2528,189103,-1.17615e-07,2861.2,222986,5.66769e-07,3238.27,259510,9.45053e-07,3664.97,297540,4.25093e-07,4147.81,335497,-3.58506e-07,4694.17,371444,-6.7724e-07,5312.37,403256,1.67192e-07,1.61744,3.89446,9.84394,3.28846,7.5504,12.774,5.07607,11.7187,13.6844,7.03202,16.8147,13.9681,9.20215,23.1769,14.0566,11.6301,31.1672,14.0841,14.3598,41.2186,14.0927,17.4376,53.8688,14.0954,20.9137,69.7915,14.0962,24.8432,89.8341,14.0965,29.2879,115.063,14.0966,34.3168,146.819,14.0966,40.0078,186.792,14.0966,46.4487,237.107,14.0966,53.7388,300.44,14.0966,61.9903,380.158,14.0966,71.3301,480.499,14.0966,81.902,606.796,14.0966,93.8685,765.761,14.0966,107.414,965.837,14.0966,122.746,1217.65,14.0966,140.101,1534.57,14.0966,159.745,1933.41,14.0966,181.981,2435.3,14.0966,207.15,3066.85,14.0966,235.64,3861.46,14.0966,267.889,4861.11,14.0966,304.391,6118.54,14.0966,345.709,7699.91,14.0966,392.478,9688.22,14.0966,445.417,12187.5,14.0966,505.339,15327.7,14.0966,573.165,19271.6,14.0966,649.938,24222,14.0966,736.839,30430.9,14.0966,835.202,38211.5,14.0966,946.539,47950.3,14.0966,1072.56,60122.8,14.0966,1215.21,75309.9,14.0966,1376.66,94216.2,14.0966,1559.41,117688,14.0966,1766.26,146729,14.0966,2000.39,182510,14.0966,2265.39,226372,14.0966,2565.33,279806,14.0966,2904.81,344416,14.0966,3289.05,421845,14.0966,3723.93,513667,14.0966,4216.13,621231,14.0966,4773.18,745478,14.0966,5403.64,886744,14.0966,6117.15,1.04457e+06,14.0966,6924.63,1.2176e+06,14.0966,11.7194,11.96,12.6541,13.9321,16.1295,13.6434,16.6097,21.9702,13.9553,19.7532,29.5285,14.0526,23.3844,39.1143,14.0829,27.5423,51.2054,14.0923,32.2796,66.434,14.0953,37.662,85.6061,14.0962,43.7675,109.74,14.0965,50.687,140.119,14.0966,58.5249,178.359,14.0966,67.4005,226.493,14.0966,77.4493,287.08,14.0966,88.8254,363.343,14.0966,101.703,459.336,14.0966,116.281,580.161,14.0966,132.782,732.241,14.0966,151.46,923.655,14.0966,172.603,1164.57,14.0966,196.535,1467.79,14.0966,223.625,1849.39,14.0966,254.288,2329.62,14.0966,288.997,2933.93,14.0966,328.285,3694.33,14.0966,372.755,4651.04,14.0966,423.092,5854.57,14.0966,480.07,7368.38,14.0966,544.564,9272.08,14.0966,617.566,11665.5,14.0966,700.197,14673.6,14.0966,793.729,18452.9,14.0966,899.599,23198.6,14.0966,1019.43,29154.1,14.0966,1155.07,36622.3,14.0966,1308.6,45977.9,14.0966,1482.39,57683.7,14.0966,1679.09,72307.8,14.0966,1901.73,90542.8,14.0966,2153.73,113226,14.0966,2438.97,141360,14.0966,2761.81,176127,14.0966,3127.22,218898,14.0966,3540.81,271226,14.0966,4008.92,334817,14.0966,4538.74,411470,14.0966,5138.38,502973,14.0966,5817.04,610948,14.0966,6585.12,736653,14.0966,7454.39,880741,14.0966,8438.15,1.04302e+06,14.0966,9551.45,1.22224e+06,14.0966,10811.3,1.41602e+06,14.0966,12237,1.62086e+06,14.0966,11.7194,11.96,12.6541,2.21263,4.16949,0.989383,2.67766,5.84076,0.311842,3.14343,7.55825,0.0972771,3.63127,9.58578,0.0303237,4.15787,12.0912,0.00945211,4.73731,15.2286,0.00294633,5.38238,19.1721,0.000918508,6.10553,24.134,0.000286163,6.91951,30.3791,8.92692e-05,7.83792,38.2397,2.78121e-05,8.87555,48.1338,8.65134e-06,10.0489,60.5876,2.7882e-06,11.3761,76.2629,8.29036e-07,12.8779,95.9927,2.4373e-07,14.5775,120.825,4.33068e-09,16.5012,152.08,1.75749e-07,18.6784,191.415,-1.86328e-07,21.1428,240.917,1.91829e-07,23.9322,303.213,-1.81475e-07,27.0895,381.602,7.0186e-08,30.6634,480.231,-2.86769e-08,34.7087,604.316,2.40784e-07,39.2876,760.401,9.87368e-08,44.4705,956.705,1.22263e-07,50.3371,1203.54,-4.31966e-07,56.9776,1513.81,-1.9705e-07,64.494,1903.69,-2.763e-08,73.0018,2393.4,3.9185e-07,82.6317,3008.13,1.35379e-07,93.5318,3779.25,-4.16351e-08,105.869,4745.7,2.06965e-08,119.834,5955.6,-3.18887e-07,135.641,7468.12,-1.48271e-08,153.531,9355.62,2.00739e-07,173.781,11705.8,2.28358e-07,196.701,14624.1,-1.93587e-08,222.642,18235,-2.88101e-07,252.003,22683.4,-2.24732e-07,285.234,28134,8.56806e-09,322.845,34767,2.34258e-07,365.413,42770.9,2.99668e-07,413.588,52327.9,8.28644e-08,468.111,63591.2,-3.07049e-07,529.814,76653.2,-3.1888e-07,599.642,91502.5,-6.72276e-08,678.662,107975,2.26339e-07,768.083,125705,3.69212e-07,869.267,144088,2.04077e-07,983.76,162277,-2.80509e-07,1113.3,179223,-4.22737e-07,1259.87,193777,-1.71951e-07,1425.68,204839,4.55555e-07,11.7194,11.96,12.6541,2.21263,4.16949,0.989383,2.67766,5.84076,0.311842,3.14343,7.55825,0.0972771,3.63127,9.58578,0.0303237,4.15787,12.0912,0.00945211,4.73731,15.2286,0.00294633,5.38238,19.1721,0.000918508,6.10553,24.134,0.000286163,6.91951,30.3791,8.92692e-05,7.83792,38.2397,2.78121e-05,8.87555,48.1338,8.65134e-06,10.0489,60.5876,2.7882e-06,11.3761,76.2629,8.29036e-07,12.8779,95.9927,2.4373e-07,14.5775,120.825,1e-08,16.5012,152.08,1.75749e-07,18.6784,191.415,1e-08,21.1428,240.917,1.91829e-07,23.9322,303.213,1e-08,27.0895,381.602,7.0186e-08,30.6634,480.231,1e-08,34.7087,604.316,2.40784e-07,39.2876,760.401,9.87368e-08,44.4705,956.705,1.22263e-07,50.3371,1203.54,1e-08,56.9776,1513.81,1e-08,64.494,1903.69,1e-08,73.0018,2393.4,3.9185e-07,82.6317,3008.13,1.35379e-07,93.5318,3779.25,1e-08,105.869,4745.7,2.06965e-08,119.834,5955.6,1e-08,135.641,7468.12,1e-08,153.531,9355.62,2.00739e-07,173.781,11705.8,2.28358e-07,196.701,14624.1,1e-08,222.642,18235,1e-08,252.003,22683.4,1e-08,285.234,28134,1e-08,322.845,34767,2.34258e-07,365.413,42770.9,2.99668e-07,413.588,52327.9,8.28644e-08,468.111,63591.2,1e-08,529.814,76653.2,1e-08,599.642,91502.5,1e-08,678.662,107975,2.26339e-07,768.083,125705,3.69212e-07,869.267,144088,2.04077e-07,983.76,162277,1e-08,1113.3,179223,1e-08,1259.87,193777,1e-08,1425.68,204839,4.55555e-07,6.2823,3.27286,2.43537,0.219672,6.18826,2.24117,0.56371,6.87772,2.63624,0.308279,10,27,9,0,4,0,3,5,2,3,2,0,4,14,0,5,8,0,4,14,0,6,21,0,4,25,0,12,40,0,5,23,0,6,23,0,14,65,0,17,76,0,8,242,0,12,70,0,21,161,0,15,188,0,31,183,0,15,199,0,36,347,0,41,565,0,32,833,0,29,569,0,43,311,0,44,568,0,51,961,0,54,932,0,58,2237,0,124,4100,0,191,4293,0,117,6454,0,174,7699,0,209,7971,0,93,9907,0,226,11891,0,171,19595,0,258,19198,0,217,41543,0,276,18728,0,418,45430,0,324,53082,0,799,55412,0,367,48555,0,456,150048,0,292,163501,0,391,137945,0,248,106646,0,1147,108185,0,765,113956,0,456,165773,0,1500,144554,0,1542,129064,0
-1.05176e+08,1,8.88811e-15,10,1023,0,1.05176e+08,0.528882,1.08665,0.389689,0.145397,0.379329,3.24381,0.161596,0.446195,1.77396,0.159177,1.15e+07,4.49998e+06,6.79999e+06,1.15e+07,4.49997e+06,6.79999e+06,1.15e+07,4.49996e+06,6.79999e+06,1.15e+07,4.49995e+06,6.79999e+06,1.14999e+07,4.49993e+06,6.79999e+06,1.14999e+07,4.49991e+06,6.79999e+06,1.14999e+07,4.49989e+06,6.79999e+06,1.14999e+07,4.49986e+06,6.79999e+06,1.14999e+07,4.49982e+06,6.79999e+06,1.14999e+07,4.49977e+06,6.79999e+06,1.14999e+07,4.49971e+06,6.79999e+06,1.14999e+07,4.49963e+06,6.79999e+06,1.14998e+07,4.49953e+06,6.79999e+06,1.14998e+07,4.49941e+06,6.79999e+06,1.14998e+07,4.49926e+06,6.79999e+06,1.14998e+07,4.49906e+06,6.79999e+06,1.14997e+07,4.49882e+06,6.79999e+06,1.14997e+07,4.49851e+06,6.79999e+06,1.14997e+07,4.49812e+06,6.79999e+06,1.14996e+07,4.49764e+06,6.79999e+06,1.14996e+07,4.49702e+06,6.79999e+06,1.14995e+07,4.49625e+06,6.79999e+06,1.14995e+07,4.49528e+06,6.79999e+06,1.14994e+07,4.49406e+06,6.79999e+06,1.14993e+07,4.49253e+06,6.79999e+06,1.14992e+07,4.49059e+06,6.79999e+06,1.14991e+07,4.48817e+06,6.79999e+06,1.1499e+07,4.48511e+06,6.79999e+06,1.14988e+07,4.48128e+06,6.79999e+06,1.14987e+07,4.47646e+06,6.79999e+06,1.14985e+07,4.47041e+06,6.79999e+06,1.14983e+07,4.46281e+06,6.79999e+06,1.14981e+07,4.4533e+06,6.79999e+06,1.14979e+07,4.44138e+06,6.79999e+06,1.14976e+07,4.42649e+06,6.79999e+06,1.14972e+07,4.40789e+06,6.79999e+06,1.14969e+07,4.38471e+06,6.79999e+06,1.14965e+07,4.35592e+06,6.79999e+06,1.1496e+07,4.32027e+06,6.79999e+06,1.14955e+07,4.27629e+06,6.79999e+06,1.14949e+07,4.22231e+06,6.79999e+06,1.14942e+07,4.15647e+06,6.79999e+06,1.14934e+07,4.07676e+06,6.79999e+06,1.14926e+07,3.98112e+06,6.79999e+06,1.14916e+07,3.86765e+06,6.79999e+06,1.14905e+07,3.73474e+06,6.79999e+06,1.14892e+07,3.58148e+06,6.79999e+06,1.14878e+07,3.40785e+06,6.79999e+06,1.14862e+07,3.21513e+06,6.79999e+06,1.14844e+07,3.00605e+06,6.79999e+06,1.14823e+07,2.7848e+06,6.79999e+06,1.148e+07,2.5568e+06,6.79999e+06,1.14773e+07,2.32825e+06,6.79999e+06,13.5742,8.52444,0.508366,16.8306,13.2585,0.162638,20.0035,17.569,0.0507846,23.2616,22.4214,0.0158319,26.7328,28.3297,0.00493498,30.5212,35.6974,0.00153831,34.7178,44.9473,0.000479527,39.4086,56.5822,0.000149456,44.6796,71.2245,4.66214e-05,50.6209,89.6543,1.45419e-05,57.3297,112.852,4.54748e-06,64.9129,142.051,1.43857e-06,73.4897,178.803,4.36618e-07,83.1934,225.062,1.40153e-07,94.1745,283.286,4.96378e-08,106.602,356.568,1.05434e-07,120.669,448.799,-6.49244e-08,136.59,564.873,1.70148e-07,154.611,710.948,-5.34594e-08,175.008,894.767,1.63407e-07,198.097,1126.06,8.04804e-08,224.231,1417.07,1.14667e-07,253.813,1783.15,-1.71227e-07,287.297,2243.62,-2.88466e-07,325.198,2822.67,-4.33651e-07,368.098,3550.67,7.9318e-08,416.657,4465.65,3.13319e-07,471.621,5615.16,3.4613e-07,533.835,7058.61,-1.19199e-07,604.255,8870.02,-2.79964e-07,683.962,11141.4,-2.30521e-07,774.182,13986.7,-2.55099e-07,876.299,17546.4,1.23585e-07,991.883,21993.1,1.41192e-07,1122.71,27536.7,-9.71886e-08,1270.78,34430.7,-3.68368e-07,1438.38,42977.7,-3.45379e-07,1628.07,53532.7,-3.25328e-09,1842.77,66504.6,2.6362e-07,2085.77,82350.2,2.53445e-07,2360.79,101560,-2.47407e-08,2672.05,124632,-3.80602e-07,3024.31,152018,-4.79005e-07,3422.98,184060,-1.14379e-07,3874.15,220884,2.64297e-07,4384.72,262283,3.44131e-07,4962.49,307576,7.5349e-08,5616.29,355497,-3.63097e-07,6356.1,404126,-6.05442e-07,7193.18,450932,-2.72333e-07,8140.28,492963,2.29675e-07,9211.79,527178,4.3387e-07,10424,550893,-1.0711e-07,10.102,8.06553,2.81012,10.6436,8.57909,0.869423,11.5336,10.2515,0.270869,12.7211,12.7138,0.0844293,14.1823,15.9373,0.0263173,15.9122,20.0383,0.0082035,17.9198,25.2154,0.00255722,20.2244,31.7373,0.000797017,22.8539,39.9486,0.000248622,25.8438,50.2851,7.75492e-05,29.237,63.2963,2.42508e-05,33.0837,79.6738,7.67162e-06,37.4415,100.288,2.32837e-06,42.3767,126.236,7.33e-07,47.9646,158.896,2.79256e-07,54.2906,200.003,9.87351e-09,61.452,251.741,1.61085e-07,69.5585,316.859,-2.47141e-07,78.7347,398.812,8.93552e-08,89.1218,501.948,-2.53231e-07,100.879,631.736,-1.25047e-07,114.188,795.049,-1.78808e-07,129.252,1000.53,2.6733e-07,146.304,1259.03,4.50292e-07,165.605,1584.19,6.76904e-07,187.452,1993.12,-1.23808e-07,212.181,2507.27,-4.89068e-07,240.173,3153.54,-5.40284e-07,271.856,3965.56,1.86061e-07,307.719,4985.38,4.37004e-07,348.313,6265.4,3.59828e-07,394.26,7870.83,3.98192e-07,446.268,9882.51,-1.92908e-07,505.135,12400.3,-2.20392e-07,571.766,15546.9,1.51705e-07,647.184,19472.2,5.74996e-07,732.547,24357.4,5.39112e-07,829.167,30420,5.07815e-09,938.526,37916.3,-4.11492e-07,1062.3,47143.9,-3.9561e-07,1202.4,58439.2,3.86185e-08,1360.96,72169.3,5.94093e-07,1540.42,88715.8,7.47693e-07,1743.53,108445,1.78537e-07,1973.41,131665,-4.12549e-07,2233.57,158557,-5.37164e-07,2528,189103,-1.17615e-07,2861.2,222986,5.66769e-07,3238.27,259510,9.45053e-07,3664.97,297540,4.25093e-07,4147.81,335497,-3.58506e-07,4694.17,371444,-6.7724e-07,5312.37,403256,1.67192e-07,1.61744,3.89446,9.84394,3.28846,7.5504,12.774,5.07607,11.7187,13.6844,7.03202,16.8147,13.9681,9.20215,23.1769,14.0566,11.6301,31.1672,14.0841,14.3598,41.2186,14.0927,17.4376,53.8688,14.0954,20.9137,69.7915,14.0962,24.8432,89.8341,14.0965,29.2879,115.063,14.0966,34.3168,146.819,14.0966,40.0078,186.792,14.0966,46.4487,237.107,14.0966,53.7388,300.44,14.0966,61.9903,380.158,14.0966,71.3301,480.499,14.0966,81.902,606.796,14.0966,93.8685,765.761,14.0966,107.414,965.837,14.0966,122.746,1217.65,14.0966,140.101,1534.57,14.0966,159.745,1933.41,14.0966,181.981,2435.3,14.0966,207.15,3066.85,14.0966,235.64,3861.46,14.0966,267.889,4861.11,14.0966,304.391,6118.54,14.0966,345.709,7699.91,14.0966,392.478,9688.22,14.0966,445.417,12187.5,14.0966,505.339,15327.7,14.0966,573.165,19271.6,14.0966,649.938,24222,14.0966,736.839,30430.9,14.0966,835.202,38211.5,14.0966,946.539,47950.3,14.0966,1072.56,60122.8,14.0966,1215.21,75309.9,14.0966,1376.66,94216.2,14.0966,1559.41,117688,14.0966,1766.26,146729,14.0966,2000.39,182510,14.0966,2265.39,226372,14.0966,2565.33,279806,14.0966,2904.81,344416,14.0966,3289.05,421845,14.0966,3723.93,513667,14.0966,4216.13,621231,14.0966,4773.18,745478,14.0966,5403.64,886744,14.0966,6117.15,1.04457e+06,14.0966,6924.63,1.2176e+06,14.0966,11.7194,11.96,12.6541,13.9321,16.1295,13.6434,16.6097,21.9702,13.9553,19.7532,29.5285,14.0526,23.3844,39.1143,14.0829,27.5423,51.2054,14.0923,32.2796,66.434,14.0953,37.662,85.6061,14.0962,43.7675,109.74,14.0965,50.687,140.119,14.0966,58.5249,178.359,14.0966,67.4005,226.493,14.0966,77.4493,287.08,14.0966,88.8254,363.343,14.0966,101.703,459.336,14.0966,116.281,580.161,14.0966,132.782,732.241,14.0966,151.46,923.655,14.0966,172.603,1164.57,14.0966,196.535,1467.79,14.0966,223.625,1849.39,14.0966,254.288,2329.62,14.0966,288.997,2933.93,14.0966,328.285,3694.33,14.0966,372.755,4651.04,14.0966,423.092,5854.57,14.0966,480.07,7368.38,14.0966,544.564,9272.08,14.0966,617.566,11665.5,14.0966,700.197,14673.6,14.0966,793.729,18452.9,14.0966,899.599,23198.6,14.0966,1019.43,29154.1,14.0966,1155.07,36622.3,14.0966,1308.6,45977.9,14.0966,1482.39,57683.7,14.0966,1679.09,72307.8,14.0966,1901.73,90542.8,14.0966,2153.73,113226,14.0966,2438.97,141360,14.0966,2761.81,176127,14.0966,3127.22,218898,14.0966,3540.81,271226,14.0966,4008.92,334817,14.0966,4538.74,411470,14.0966,5138.38,502973,14.0966,5817.04,610948,14.0966,6585.12,736653,14.0966,7454.39,880741,14.0966,8438.15,1.04302e+06,14.0966,9551.45,1.22224e+06,14.0966,10811.3,1.41602e+06,14.0966,12237,1.62086e+06,14.0966,11.7194,11.96,12.6541,2.21263,4.16949,0.989383,2.67766,5.84076,0.311842,3.14343,7.55825,0.0972771,3.63127,9.58578,0.0303237,4.15787,12.0912,0.00945211,4.73731,15.2286,0.00294633,5.38238,19.1721,0.000918508,6.10553,24.134,0.000286163,6.91951,30.3791,8.92692e-05,7.83792,38.2397,2.78121e-05,8.87555,48.1338,8.65134e-06,10.0489,60.5876,2.7882e-06,11.3761,76.2629,8.29036e-07,12.8779,95.9927,2.4373e-07,14.5775,120.825,4.33068e-09,16.5012,152.08,1.75749e-07,18.6784,191.415,-1.86328e-07,21.1428,240.917,1.91829e-07,23.9322,303.213,-1.81475e-07,27.0895,381.602,7.0186e-08,30.6634,480.231,-2.86769e-08,34.7087,604.316,2.40784e-07,39.2876,760.401,9.87368e-08,44.4705,956.705,1.22263e-07,50.3371,1203.54,-4.31966e-07,56.9776,1513.81,-1.9705e-07,64.494,1903.69,-2.763e-08,73.0018,2393.4,3.9185e-07,82.6317,3008.13,1.35379e-07,93.5318,3779.25,-4.16351e-08,105.869,4745.7,2.06965e-08,119.834,5955.6,-3.18887e-07,135.641,7468.12,-1.48271e-08,153.531,9355.62,2.00739e-07,173.781,11705.8,2.28358e-07,196.701,14624.1,-1.93587e-08,222.642,18235,-2.88101e-07,252.003,22683.4,-2.24732e-07,285.234,28134,8.56806e-09,322.845,34767,2.34258e-07,365.413,42770.9,2.99668e-07,413.588,52327.9,8.28644e-08,468.111,63591.2,-3.07049e-07,529.814,76653.2,-3.1888e-07,599.642,91502.5,-6.72276e-08,678.662,107975,2.26339e-07,768.083,125705,3.69212e-07,869.267,144088,2.04077e-07,983.76,162277,-2.80509e-07,1113.3,179223,-4.22737e-07,1259.87,193777,-1.71951e-07,1425.68,204839,4.55555e-07,11.7194,11.96,12.6541,2.21263,4.16949,0.989383,2.67766,5.84076,0.311842,3.14343,7.55825,0.0972771,3.63127,9.58578,0.0303237,4.15787,12.0912,0.00945211,4.73731,15.2286,0.00294633,5.38238,19.1721,0.000918508,6.10553,24.134,0.000286163,6.91951,30.3791,8.92692e-05,7.83792,38.2397,2.78121e-05,8.87555,48.1338,8.65134e-06,10.0489,60.5876,2.7882e-06,11.3761,76.2629,8.29036e-07,12.8779,95.9927,2.4373e-07,14.5775,120.825,1e-08,16.5012,152.08,1.75749e-07,18.6784,191.415,1e-08,21.1428,240.917,1.91829e-07,23.9322,303.213,1e-08,27.0895,381.602,7.0186e-08,30.6634,480.231,1e-08,34.7087,604.316,2.40784e-07,39.2876,760.401,9.87368e-08,44.4705,956.705,1.22263e-07,50.3371,1203.54,1e-08,56.9776,1513.81,1e-08,64.494,1903.69,1e-08,73.0018,2393.4,3.9185e-07,82.6317,3008.13,1.35379e-07,93.5318,3779.25,1e-08,105.869,4745.7,2.06965e-08,119.834,5955.6,1e-08,135.641,7468.12,1e-08,153.531,9355.62,2.00739e-07,173.781,11705.8,2.28358e-07,196.701,14624.1,1e-08,222.642,18235,1e-08,252.003,22683.4,1e-08,285.234,28134,1e-08,322.845,34767,2.34258e-07,365.413,42770.9,2.99668e-07,413.588,52327.9,8.28644e-08,468.111,63591.2,1e-08,529.814,76653.2,1e-08,599.642,91502.5,1e-08,678.662,107975,2.26339e-07,768.083,125705,3.69212e-07,869.267,144088,2.04077e-07,983.76,162277,1e-08,1113.3,179223,1e-08,1259.87,193777,1e-08,1425.68,204839,4.55555e-07,6.2823,3.27286,2.43537,0.219672,6.18826,2.24117,0.56371,6.87772,2.63624,0.308279,14,11,7,3,5,1,1,8,0,0,9,0,5,6,0,5,12,0,8,10,0,7,7,0,10,19,0,6,34,0,8,24,0,4,49,0,1,25,0,17,61,0,19,42,0,13,196,0,3,236,0,33,291,0,12,135,0,38,200,0,11,332,0,43,272,0,37,721,0,31,615,0,73,1211,0,42,1253,0,32,1227,0,48,1617,0,40,1162,0,92,2352,0,128,4870,0,132,2810,0,120,2521,0,119,5495,0,138,9432,0,133,5227,0,185,30962,0,125,14647,0,132,31148,0,243,17142,0,259,56668,0,239,70929,0,421,38402,0,799,54806,0,563,69864,0,835,92418,0,1239,130408,0,1083,95566,0,345,186753,0,1205,179971,0,799,187816,0,1021,230118,0,2814,176949,0
-1.05176e+08,7.86428e-46,8.88811e-15,10,1023,0,1.05176e+08,0.528882,1.08665,0.389689,0.145397,0.379329,3.24381,0.161596,0.446195,1.77396,0.159177,1.15e+07,4.49998e+06,6.79999e+06,1.15e+07,4.49997e+06,6.79999e+06,1.15e+07,4.49996e+06,6.79999e+06,1.15e+07,4.49995e+06,6.79999e+06,1.14999e+07,4.49993e+06,6.79999e+06,1.14999e+07,4.49991e+06,6.79999e+06,1.14999e+07,4.49989e+06,6.79999e+06,1.14999e+07,4.49986e+06,6.79999e+06,1.14999e+07,4.49982e+06,6.79999e+06,1.14999e+07,4.49977e+06,6.79999e+06,1.14999e+07,4.49971e+06,6.79999e+06,1.14999e+07,4.49963e+06,6.79999e+06,1.14998e+07,4.49953e+06,6.79999e+06,1.14998e+07,4.49941e+06,6.79999e+06,1.14998e+07,4.49926e+06,6.79999e+06,1.14998e+07,4.49906e+06,6.79999e+06,1.14997e+07,4.49882e+06,6.79999e+06,1.14997e+07,4.49851e+06,6.79999e+06,1.14997e+07,4.49812e+06,6.79999e+06,1.14996e+07,4.49764e+06,6.79999e+06,1.14996e+07,4.49702e+06,6.79999e+06,1.14995e+07,4.49625e+06,6.79999e+06,1.14995e+07,4.49528e+06,6.79999e+06,1.14994e+07,4.49406e+06,6.79999e+06,1.14993e+07,4.49253e+06,6.79999e+06,1.14992e+07,4.49059e+06,6.79999e+06,1.14991e+07,4.48817e+06,6.79999e+06,1.1499e+07,4.48511e+06,6.79999e+06,1.14988e+07,4.48128e+06,6.79999e+06,1.14987e+07,4.47646e+06,6.79999e+06,1.14985e+07,4.47041e+06,6.79999e+06,1.14983e+07,4.46281e+06,6.79999e+06,1.14981e+07,4.4533e+06,6.79999e+06,1.14979e+07,4.44138e+06,6.79999e+06,1.14976e+07,4.42649e+06,6.79999e+06,1.14972e+07,4.40789e+06,6.79999e+06,1.14969e+07,4.38471e+06,6.79999e+06,1.14965e+07,4.35592e+06,6.79999e+06,1.1496e+07,4.32027e+06,6.79999e+06,1.14955e+07,4.27629e+06,6.79999e+06,1.14949e+07,4.22231e+06,6.79999e+06,1.14942e+07,4.15647e+06,6.79999e+06,1.14934e+07,4.07676e+06,6.79999e+06,1.14926e+07,3.98112e+06,6.79999e+06,1.14916e+07,3.86765e+06,6.79999e+06,1.14905e+07,3.73474e+06,6.79999e+06,1.14892e+07,3.58148e+06,6.79999e+06,1.14878e+07,3.40785e+06,6.79999e+06,1.14862e+07,3.21513e+06,6.79999e+06,1.14844e+07,3.00605e+06,6.79999e+06,1.14823e+07,2.7848e+06,6.79999e+06,1.148e+07,2.5568e+06,6.79999e+06,1.14773e+07,2.32825e+06,6.79999e+06,13.5742,8.52444,0.508366,16.8306,13.2585,0.162638,20.0035,17.569,0.0507846,23.2616,22.4214,0.0158319,26.7328,28.3297,0.00493498,30.5212,35.6974,0.00153831,34.7178,44.9473,0.000479527,39.4086,56.5822,0.000149456,44.6796,71.2245,4.66214e-05,50.6209,89.6543,1.45419e-05,57.3297,112.852,4.54748e-06,64.9129,142.051,1.43857e-06,73.4897,178.803,4.36618e-07,83.1934,225.062,1.40153e-07,94.1745,283.286,4.96378e-08,106.602,356.568,1.05434e-07,120.669,448.799,-6.49244e-08,136.59,564.873,1.70148e-07,154.611,710.948,-5.34594e-08,175.008,894.767,1.63407e-07,198.097,1126.06,8.04804e-08,224.231,1417.07,1.14667e-07,253.813,1783.15,-1.71227e-07,287.297,2243.62,-2.88466e-07,325.198,2822.67,-4.33651e-07,368.098,3550.67,7.9318e-08,416.657,4465.65,3.13319e-07,471.621,5615.16,3.4613e-07,533.835,7058.61,-1.19199e-07,604.255,8870.02,-2.79964e-07,683.962,11141.4,-2.30521e-07,774.182,13986.7,-2.55099e-07,876.299,17546.4,1.23585e-07,991.883,21993.1,1.41192e-07,1122.71,27536.7,-9.71886e-08,1270.78,34430.7,-3.68368e-07,1438.38,42977.7,-3.45379e-07,1628.07,53532.7,-3.25328e-09,1842.77,66504.6,2.6362e-07,2085.77,82350.2,2.53445e-07,2360.79,101560,-2.47407e-08,2672.05,124632,-3.80602e-07,3024.31,152018,-4.79005e-07,3422.98,184060,-1.14379e-07,3874.15,220884,2.64297e-07,4384.72,262283,3.44131e-07,4962.49,307576,7.5349e-08,5616.29,355497,-3.63097e-07,6356.1,404126,-6.05442e-07,7193.18,450932,-2.72333e-07,8140.28,492963,2.29675e-07,9211.79,527178,4.3387e-07,10424,550893,-1.0711e-07,10.102,8.06553,2.81012,10.6436,8.57909,0.869423,11.5336,10.2515,0.270869,12.7211,12.7138,0.0844293,14.1823,15.9373,0.0263173,15.9122,20.0383,0.0082035,17.9198,25.2154,0.00255722,20.2244,31.7373,0.000797017,22.8539,39.9486,0.000248622,25.8438,50.2851,7.75492e-05,29.237,63.2963,2.42508e-05,33.0837,79.6738,7.67162e-06,37.4415,100.288,2.32837e-06,42.3767,126.236,7.33e-07,47.9646,158.896,2.79256e-07,54.2906,200.003,9.87351e-09,61.452,251.741,1.61085e-07,69.5585,316.859,-2.47141e-07,78.7347,398.812,8.93552e-08,89.1218,501.948,-2.53231e-07,100.879,631.736,-1.25047e-07,114.188,795.049,-1.78808e-07,129.252,1000.53,2.6733e-07,146.304,1259.03,4.50292e-07,165.605,1584.19,6.76904e-07,187.452,1993.12,-1.23808e-07,212.181,2507.27,-4.89068e-07,240.173,3153.54,-5.40284e-07,271.856,3965.56,1.86061e-07,307.719,4985.38,4.37004e-07,348.313,6265.4,3.59828e-07,394.26,7870.83,3.98192e-07,446.268,9882.51,-1.92908e-07,505.135,12400.3,-2.20392e-07,571.766,15546.9,1.51705e-07,647.184,19472.2,5.74996e-07,732.547,24357.4,5.39112e-07,829.167,30420,5.07815e-09,938.526,37916.3,-4.11492e-07,1062.3,47143.9,-3.9561e-07,1202.4,58439.2,3.86185e-08,1360.96,72169.3,5.94093e-07,1540.42,88715.8,7.47693e-07,1743.53,108445,1.78537e-07,1973.41,131665,-4.12549e-07,2233.57,158557,-5.37164e-07,2528,189103,-1.17615e-07,2861.2,222986,5.66769e-07,3238.27,259510,9.45053e-07,3664.97,297540,4.25093e-07,4147.81,335497,-3.58506e-07,4694.17,371444,-6.7724e-07,5312.37,403256,1.67192e-07,1.61744,3.89446,9.84394,3.28846,7.5504,12.774,5.07607,11.7187,13.6844,7.03202,16.8147,13.9681,9.20215,23.1769,14.0566,11.6301,31.1672,14.0841,14.3598,41.2186,14.0927,17.4376,53.8688,14.0954,20.9137,69.7915,14.0962,24.8432,89.8341,14.0965,29.2879,115.063,14.0966,34.3168,146.819,14.0966,40.0078,186.792,14.0966,46.4487,237.107,14.0966,53.7388,300.44,14.0966,61.9903,380.158,14.0966,71.3301,480.499,14.0966,81.902,606.796,14.0966,93.8685,765.761,14.0966,107.414,965.837,14.0966,122.746,1217.65,14.0966,140.101,1534.57,14.0966,159.745,1933.41,14.0966,181.981,2435.3,14.0966,207.15,3066.85,14.0966,235.64,3861.46,14.0966,267.889,4861.11,14.0966,304.391,6118.54,14.0966,345.709,7699.91,14.0966,392.478,9688.22,14.0966,445.417,12187.5,14.0966,505.339,15327.7,14.0966,573.165,19271.6,14.0966,649.938,24222,14.0966,736.839,30430.9,14.0966,835.202,38211.5,14.0966,946.539,47950.3,14.0966,1072.56,60122.8,14.0966,1215.21,75309.9,14.0966,1376.66,94216.2,14.0966,1559.41,117688,14.0966,1766.26,146729,14.0966,2000.39,182510,14.0966,2265.39,226372,14.0966,2565.33,279806,14.0966,2904.81,344416,14.0966,3289.05,421845,14.0966,3723.93,513667,14.0966,4216.13,621231,14.0966,4773.18,745478,14.0966,5403.64,886744,14.0966,6117.15,1.04457e+06,14.0966,6924.63,1.2176e+06,14.0966,11.7194,11.96,12.6541,13.9321,16.1295,13.6434,16.6097,21.9702,13.9553,19.7532,29.5285,14.0526,23.3844,39.1143,14.0829,27.5423,51.2054,14.0923,32.2796,66.434,14.0953,37.662,85.6061,14.0962,43.7675,109.74,14.0965,50.687,140.119,14.0966,58.5249,178.359,14.0966,67.4005,226.493,14.0966,77.4493,287.08,14.0966,88.8254,363.343,14.0966,101.703,459.336,14.0966,116.281,580.161,14.0966,132.782,732.241,14.0966,151.46,923.655,14.0966,172.603,1164.57,14.0966,196.535,1467.79,14.0966,223.625,1849.39,14.0966,254.288,2329.62,14.0966,288.997,2933.93,14.0966,328.285,3694.33,14.0966,372.755,4651.04,14.0966,423.092,5854.57,14.0966,480.07,7368.38,14.0966,544.564,9272.08,14.0966,617.566,11665.5,14.0966,700.197,14673.6,14.0966,793.729,18452.9,14.0966,899.599,23198.6,14.0966,1019.43,29154.1,14.0966,1155.07,36622.3,14.0966,1308.6,45977.9,14.0966,1482.39,57683.7,14.0966,1679.09,72307.8,14.0966,1901.73,90542.8,14.0966,2153.73,113226,14.0966,2438.97,141360,14.0966,2761.81,176127,14.0966,3127.22,218898,14.0966,3540.81,271226,14.0966,4008.92,334817,14.0966,4538.74,411470,14.0966,5138.38,502973,14.0966,5817.04,610948,14.0966,6585.12,736653,14.0966,7454.39,880741,14.0966,8438.15,1.04302e+06,14.0966,9551.45,1.22224e+06,14.0966,10811.3,1.41602e+06,14.0966,12237,1.62086e+06,14.0966,11.7194,11.96,12.6541,2.21263,4.16949,0.989383,2.67766,5.84076,0.311842,3.14343,7.55825,0.0972771,3.63127,9.58578,0.0303237,4.15787,12.0912,0.00945211,4.73731,15.2286,0.00294633,5.38238,19.1721,0.000918508,6.10553,24.134,0.000286163,6.91951,30.3791,8.92692e-05,7.83792,38.2397,2.78121e-05,8.87555,48.1338,8.65134e-06,10.0489,60.5876,2.7882e-06,11.3761,76.2629,8.29036e-07,12.8779,95.9927,2.4373e-07,14.5775,120.825,4.33068e-09,16.5012,152.08,1.75749e-07,18.6784,191.415,-1.86328e-07,21.1428,240.917,1.91829e-07,23.9322,303.213,-1.81475e-07,27.0895,381.602,7.0186e-08,30.6634,480.231,-2.86769e-08,34.7087,604.316,2.40784e-07,39.2876,760.401,9.87368e-08,44.4705,956.705,1.22263e-07,50.3371,1203.54,-4.31966e-07,56.9776,1513.81,-1.9705e-07,64.494,1903.69,-2.763e-08,73.0018,2393.4,3.9185e-07,82.6317,3008.13,1.35379e-07,93.5318,3779.25,-4.16351e-08,105.869,4745.7,2.06965e-08,119.834,5955.6,-3.18887e-07,135.641,7468.12,-1.48271e-08,153.531,9355.62,2.00739e-07,173.781,11705.8,2.28358e-07,196.701,14624.1,-1.93587e-08,222.642,18235,-2.88101e-07,252.003,22683.4,-2.24732e-07,285.234,28134,8.56806e-09,322.845,34767,2.34258e-07,365.413,42770.9,2.99668e-07,413.588,52327.9,8.28644e-08,468.111,63591.2,-3.07049e-07,529.814,76653.2,-3.1888e-07,599.642,91502.5,-6.72276e-08,678.662,107975,2.26339e-07,768.083,125705,3.69212e-07,869.267,144088,2.04077e-07,983.76,162277,-2.80509e-07,1113.3,179223,-4.22737e-07,1259.87,193777,-1.71951e-07,1425.68,204839,4.55555e-07,11.7194,11.96,12.6541,2.21263,4.16949,0.989383,2.67766,5.84076,0.311842,3.14343,7.55825,0.0972771,3.63127,9.58578,0.0303237,4.15787,12.0912,0.00945211,4.73731,15.2286,0.00294633,5.38238,19.1721,0.000918508,6.10553,24.134,0.000286163,6.91951,30.3791,8.92692e-05,7.83792,38.2397,2.78121e-05,8.87555,48.1338,8.65134e-06,10.0489,60.5876,2.7882e-06,11.3761,76.2629,8.29036e-07,12.8779,95.9927,2.4373e-07,14.5775,120.825,1e-08,16.5012,152.08,1.75749e-07,18.6784,191.415,1e-08,21.1428,240.917,1.91829e-07,23.9322,303.213,1e-08,27.0895,381.602,7.0186e-08,30.6634,480.231,1e-08,34.7087,604.316,2.40784e-07,39.2876,760.401,9.87368e-08,44.4705,956.705,1.22263e-07,50.3371,1203.54,1e-08,56.9776,1513.81,1e-08,64.494,1903.69,1e-08,73.0018,2393.4,3.9185e-07,82.6317,3008.13,1.35379e-07,93.5318,3779.25,1e-08,105.869,4745.7,2.06965e-08,119.834,5955.6,1e-08,135.641,7468.12,1e-08,153.531,9355.62,2.00739e-07,173.781,11705.8,2.28358e-07,196.701,14624.1,1e-08,222.642,18235,1e-08,252.003,22683.4,1e-08,285.234,28134,1e-08,322.845,34767,2.34258e-07,365.413,42770.9,2.99668e-07,413.588,52327.9,8.28644e-08,468.111,63591.2,1e-08,529.814,76653.2,1e-08,599.642,91502.5,1e-08,678.662,107975,2.26339e-07,768.083,125705,3.69212e-07,869.267,144088,2.04077e-07,983.76,162277,1e-08,1113.3,179223,1e-08,1259.87,193777,1e-08,1425.68,204839,4.55555e-07,6.2823,3.27286,2.43537,0.219672,6.18826,2.24117,0.56371,6.87772,2.63624,0.308279,8,3,12,1,3,4,2,2,0,1,11,0,3,6,0,4,9,0,2,16,0,7,16,0,9,34,0,6,27,0,3,24,0,14,71,0,3,83,0,10,79,0,12,29,0,13,176,0,28,71,0,33,256,0,30,283,0,16,233,0,18,377,0,24,462,0,26,1258,0,39,359,0,83,771,0,34,603,0,109,1512,0,107,3116,0,96,3038,0,107,3192,0,131,4391,0,39,4853,0,49,8094,0,159,5828,0,162,11220,0,121,30075,0,278,22436,0,116,14549,0,292,27882,0,229,34732,0,311,24921,0,351,62341,0,732,61142,0,366,71162,0,672,75878,0,518,94633,0,439,74206,0,443,149593,0,962,132698,0,866,150042,0,1108,84914,0,1090,300202,0,1768,219697,0
-1.05176e+08,1,8.88811e-15,10,1023,0,1.05176e+08,0.528882,1.08665,0.389689,0.145397,0.379329,3.24381,0.161596,0.446195,1.77396,0.159177,1.15e+07,4.49998e+06,6.79999e+06,1.15e+07,4.49997e+06,6.79999e+06,1.15e+07,4.49996e+06,6.79999e+06,1.15e+07,4.49995e+06,6.79999e+06,1.14999e+07,4.49993e+06,6.79999e+06,1.14999e+07,4.49991e+06,6.79999e+06,1.14999e+07,4.49989e+06,6.79999e+06,1.14999e+07,4.49986e+06,6.79999e+06,1.14999e+07,4.49982e+06,6.79999e+06,1.14999e+07,4.49977e+06,6.79999e+06,1.14999e+07,4.49971e+06,6.79999e+06,1.14999e+07,4.49963e+06,6.79999e+06,1.14998e+07,4.49953e+06,6.79999e+06,1.14998e+07,4.49941e+06,6.79999e+06,1.14998e+07,4.49926e+06,6.79999e+06,1.14998e+07,4.49906e+06,6.79999e+06,1.14997e+07,4.49882e+06,6.79999e+06,1.14997e+07,4.49851e+06,6.79999e+06,1.14997e+07,4.49812e+06,6.79999e+06,1.14996e+07,4.49764e+06,6.79999e+06,1.14996e+07,4.49702e+06,6.79999e+06,1.14995e+07,4.49625e+06,6.79999e+06,1.14995e+07,4.49528e+06,6.79999e+06,1.14994e+07,4.49406e+06,6.79999e+06,1.14993e+07,4.49253e+06,6.79999e+06,1.14992e+07,4.49059e+06,6.79999e+06,1.14991e+07,4.48817e+06,6.79999e+06,1.1499e+07,4.48511e+06,6.79999e+06,1.14988e+07,4.48128e+06,6.79999e+06,1.14987e+07,4.47646e+06,6.79999e+06,1.14985e+07,4.47041e+06,6.79999e+06,1.14983e+07,4.46281e+06,6.79999e+06,1.14981e+07,4.4533e+06,6.79999e+06,1.14979e+07,4.44138e+06,6.79999e+06,1.14976e+07,4.42649e+06,6.79999e+06,1.14972e+07,4.40789e+06,6.79999e+06,1.14969e+07,4.38471e+06,6.79999e+06,1.14965e+07,4.35592e+06,6.79999e+06,1.1496e+07,4.32027e+06,6.79999e+06,1.14955e+07,4.27629e+06,6.79999e+06,1.14949e+07,4.22231e+06,6.79999e+06,1.14942e+07,4.15647e+06,6.79999e+06,1.14934e+07,4.07676e+06,6.79999e+06,1.14926e+07,3.98112e+06,6.79999e+06,1.14916e+07,3.86765e+06,6.79999e+06,1.14905e+07,3.73474e+06,6.79999e+06,1.14892e+07,3.58148e+06,6.79999e+06,1.14878e+07,3.40785e+06,6.79999e+06,1.14862e+07,3.21513e+06,6.79999e+06,1.14844e+07,3.00605e+06,6.79999e+06,1.14823e+07,2.7848e+06,6.79999e+06,1.148e+07,2.5568e+06,6.79999e+06,1.14773e+07,2.32825e+06,6.79999e+06,13.5742,8.52444,0.508366,16.8306,13.2585,0.162638,20.0035,17.569,0.0507846,23.2616,22.4214,0.0158319,26.7328,28.3297,0.00493498,30.5212,35.6974,0.00153831,34.7178,44.9473,0.000479527,39.4086,56.5822,0.000149456,44.6796,71.2245,4.66214e-05,50.6209,89.6543,1.45419e-05,57.3297,112.852,4.54748e-06,64.9129,142.051,1.43857e-06,73.4897,178.803,4.36618e-07,83.1934,225.062,1.40153e-07,94.1745,283.286,4.96378e-08,106.602,356.568,1.05434e-07,120.669,448.799,-6.49244e-08,136.59,564.873,1.70148e-07,154.611,710.948,-5.34594e-08,175.008,894.767,1.63407e-07,198.097,1126.06,8.04804e-08,224.231,1417.07,1.14667e-07,253.813,1783.15,-1.71227e-07,287.297,2243.62,-2.88466e-07,325.198,2822.67,-4.33651e-07,368.098,3550.67,7.9318e-08,416.657,4465.65,3.13319e-07,471.621,5615.16,3.4613e-07,533.835,7058.61,-1.19199e-07,604.255,8870.02,-2.79964e-07,683.962,11141.4,-2.30521e-07,774.182,13986.7,-2.55099e-07,876.299,17546.4,1.23585e-07,991.883,21993.1,1.41192e-07,1122.71,27536.7,-9.71886e-08,1270.78,34430.7,-3.68368e-07,1438.38,42977.7,-3.45379e-07,1628.07,53532.7,-3.25328e-09,1842.77,66504.6,2.6362e-07,2085.77,82350.2,2.53445e-07,2360.79,101560,-2.47407e-08,2672.05,124632,-3.80602e-07,3024.31,152018,-4.79005e-07,3422.98,184060,-1.14379e-07,3874.15,220884,2.64297e-07,4384.72,262283,3.44131e-07,4962.49,307576,7.5349e-08,5616.29,355497,-3.63097e-07,6356.1,404126,-6.05442e-07,7193.18,450932,-2.72333e-07,8140.28,492963,2.29675e-07,9211.79,527178,4.3387e-07,10424,550893,-1.0711e-07,10.102,8.06553,2.81012,10.6436,8.57909,0.869423,11.5336,10.2515,0.270869,12.7211,12.7138,0.0844293,14.1823,15.9373,0.0263173,15.9122,20.0383,0.0082035,17.9198,25.2154,0.00255722,20.2244,31.7373,0.000797017,22.8539,39.9486,0.000248622,25.8438,50.2851,7.75492e-05,29.237,63.2963,2.42508e-05,33.0837,79.6738,7.67162e-06,37.4415,100.288,2.32837e-06,42.3767,126.236,7.33e-07,47.9646,158.896,2.79256e-07,54.2906,200.003,9.87351e-09,61.452,251.741,1.61085e-07,69.5585,316.859,-2.47141e-07,78.7347,398.812,8.93552e-08,89.1218,501.948,-2.53231e-07,100.879,631.736,-1.25047e-07,114.188,795.049,-1.78808e-07,129.252,1000.53,2.6733e-07,146.304,1259.03,4.50292e-07,165.605,1584.19,6.76904e-07,187.452,1993.12,-1.23808e-07,212.181,2507.27,-4.89068e-07,240.173,3153.54,-5.40284e-07,271.856,3965.56,1.86061e-07,307.719,4985.38,4.37004e-07,348.313,6265.4,3.59828e-07,394.26,7870.83,3.98192e-07,446.268,9882.51,-1.92908e-07,505.135,12400.3,-2.20392e-07,571.766,15546.9,1.51705e-07,647.184,19472.2,5.74996e-07,732.547,24357.4,5.39112e-07,829.167,30420,5.07815e-09,938.526,37916.3,-4.11492e-07,1062.3,47143.9,-3.9561e-07,1202.4,58439.2,3.86185e-08,1360.96,72169.3,5.94093e-07,1540.42,88715.8,7.47693e-07,1743.53,108445,1.78537e-07,1973.41,131665,-4.12549e-07,2233.57,158557,-5.37164e-07,2528,189103,-1.17615e-07,2861.2,222986,5.66769e-07,3238.27,259510,9.45053e-07,3664.97,297540,4.25093e-07,4147.81,335497,-3.58506e-07,4694.17,371444,-6.7724e-07,5312.37,403256,1.67192e-07,1.61744,3.89446,9.84394,3.28846,7.5504,12.774,5.07607,11.7187,13.6844,7.03202,16.8147,13.9681,9.20215,23.1769,14.0566,11.6301,31.1672,14.0841,14.3598,41.2186,14.0927,17.4376,53.8688,14.0954,20.9137,69.7915,14.0962,24.8432,89.8341,14.0965,29.2879,115.063,14.0966,34.3168,146.819,14.0966,40.0078,186.792,14.0966,46.4487,237.107,14.0966,53.7388,300.44,14.0966,61.9903,380.158,14.0966,71.3301,480.499,14.0966,81.902,606.796,14.0966,93.8685,765.761,14.0966,107.414,965.837,14.0966,122.746,1217.65,14.0966,140.101,1534.57,14.0966,159.745,1933.41,14.0966,181.981,2435.3,14.0966,207.15,3066.85,14.0966,235.64,3861.46,14.0966,267.889,4861.11,14.0966,304.391,6118.54,14.0966,345.709,7699.91,14.0966,392.478,9688.22,14.0966,445.417,12187.5,14.0966,505.339,15327.7,14.0966,573.165,19271.6,14.0966,649.938,24222,14.0966,736.839,30430.9,14.0966,835.202,38211.5,14.0966,946.539,47950.3,14.0966,1072.56,60122.8,14.0966,1215.21,75309.9,14.0966,1376.66,94216.2,14.0966,1559.41,117688,14.0966,1766.26,146729,14.0966,2000.39,182510,14.0966,2265.39,226372,14.0966,2565.33,279806,14.0966,2904.81,344416,14.0966,3289.05,421845,14.0966,3723.93,513667,14.0966,4216.13,621231,14.0966,4773.18,745478,14.0966,5403.64,886744,14.0966,6117.15,1.04457e+06,14.0966,6924.63,1.2176e+06,14.0966,11.7194,11.96,12.6541,13.9321,16.1295,13.6434,16.6097,21.9702,13.9553,19.7532,29.5285,14.0526,23.3844,39.1143,14.0829,27.5423,51.2054,14.0923,32.2796,66.434,14.0953,37.662,85.6061,14.0962,43.7675,109.74,14.0965,50.687,140.119,14.0966,58.5249,178.359,14.0966,67.4005,226.493,14.0966,77.4493,287.08,14.0966,88.8254,363.343,14.0966,101.703,459.336,14.0966,116.281,580.161,14.0966,132.782,732.241,14.0966,151.46,923.655,14.0966,172.603,1164.57,14.0966,196.535,1467.79,14.0966,223.625,1849.39,14.0966,254.288,2329.62,14.0966,288.997,2933.93,14.0966,328.285,3694.33,14.0966,372.755,4651.04,14.0966,423.092,5854.57,14.0966,480.07,7368.38,14.0966,544.564,9272.08,14.0966,617.566,11665.5,14.0966,700.197,14673.6,14.0966,793.729,18452.9,14.0966,899.599,23198.6,14.0966,1019.43,29154.1,14.0966,1155.07,36622.3,14.0966,1308.6,45977.9,14.0966,1482.39,57683.7,14.0966,1679.09,72307.8,14.0966,1901.73,90542.8,14.0966,2153.73,113226,14.0966,2438.97,141360,14.0966,2761.81,176127,14.0966,3127.22,218898,14.0966,3540.81,271226,14.0966,4008.92,334817,14.0966,4538.74,411470,14.0966,5138.38,502973,14.0966,5817.04,610948,14.0966,6585.12,736653,14.0966,7454.39,880741,14.0966,8438.15,1.04302e+06,14.0966,9551.45,1.22224e+06,14.0966,10811.3,1.41602e+06,14.0966,12237,1.62086e+06,14.0966,11.7194,11.96,12.6541,2.21263,4.16949,0.989383,2.67766,5.84076,0.311842,3.14343,7.55825,0.0972771,3.63127,9.58578,0.0303237,4.15787,12.0912,0.00945211,4.73731,15.2286,0.00294633,5.38238,19.1721,0.000918508,6.10553,24.134,0.000286163,6.91951,30.3791,8.92692e-05,7.83792,38.2397,2.78121e-05,8.87555,48.1338,8.65134e-06,10.0489,60.5876,2.7882e-06,11.3761,76.2629,8.29036e-07,12.8779,95.9927,2.4373e-07,14.5775,120.825,4.33068e-09,16.5012,152.08,1.75749e-07,18.6784,191.415,-1.86328e-07,21.1428,240.917,1.91829e-07,23.9322,303.213,-1.81475e-07,27.0895,381.602,7.0186e-08,30.6634,480.231,-2.86769e-08,34.7087,604.316,2.40784e-07,39.2876,760.401,9.87368e-08,44.4705,956.705,1.22263e-07,50.3371,1203.54,-4.31966e-07,56.9776,1513.81,-1.9705e-07,64.494,1903.69,-2.763e-08,73.0018,2393.4,3.9185e-07,82.6317,3008.13,1.35379e-07,93.5318,3779.25,-4.16351e-08,105.869,4745.7,2.06965e-08,119.834,5955.6,-3.18887e-07,135.641,7468.12,-1.48271e-08,153.531,9355.62,2.00739e-07,173.781,11705.8,2.28358e-07,196.701,14624.1,-1.93587e-08,222.642,18235,-2.88101e-07,252.003,22683.4,-2.24732e-07,285.234,28134,8.56806e-09,322.845,34767,2.34258e-07,365.413,42770.9,2.99668e-07,413.588,52327.9,8.28644e-08,468.111,63591.2,-3.07049e-07,529.814,76653.2,-3.1888e-07,599.642,91502.5,-6.72276e-08,678.662,107975,2.26339e-07,768.083,125705,3.69212e-07,869.267,144088,2.04077e-07,983.76,162277,-2.80509e-07,1113.3,179223,-4.22737e-07,1259.87,193777,-1.71951e-07,1425.68,204839,4.55555e-07,11.7194,11.96,12.6541,2.21263,4.16949,0.989383,2.67766,5.84076,0.311842,3.14343,7.55825,0.0972771,3.63127,9.58578,0.0303237,4.15787,12.0912,0.00945211,4.73731,15.2286,0.00294633,5.38238,19.1721,0.000918508,6.10553,24.134,0.000286163,6.91951,30.3791,8.92692e-05,7.83792,38.2397,2.78121e-05,8.87555,48.1338,8.65134e-06,10.0489,60.5876,2.7882e-06,11.3761,76.2629,8.29036e-07,12.8779,95.9927,2.4373e-07,14.5775,120.825,1e-08,16.5012,152.08,1.75749e-07,18.6784,191.415,1e-08,21.1428,240.917,1.91829e-07,23.9322,303.213,1e-08,27.0895,381.602,7.0186e-08,30.6634,480.231,1e-08,34.7087,604.316,2.40784e-07,39.2876,760.401,9.87368e-08,44.4705,956.705,1.22263e-07,50.3371,1203.54,1e-08,56.9776,1513.81,1e-08,64.494,1903.69,1e-08,73.0018,2393.4,3.9185e-07,82.6317,3008.13,1.35379e-07,93.5318,3779.25,1e-08,105.869,4745.7,2.06965e-08,119.834,5955.6,1e-08,135.641,7468.12,1e-08,153.531,9355.62,2.00739e-07,173.781,11705.8,2.28358e-07,196.701,14624.1,1e-08,222.642,18235,1e-08,252.003,22683.4,1e-08,285.234,28134,1e-08,322.845,34767,2.34258e-07,365.413,42770.9,2.99668e-07,413.588,52327.9,8.28644e-08,468.111,63591.2,1e-08,529.814,76653.2,1e-08,599.642,91502.5,1e-08,678.662,107975,2.26339e-07,768.083,125705,3.69212e-07,869.267,144088,2.04077e-07,983.76,162277,1e-08,1113.3,179223,1e-08,1259.87,193777,1e-08,1425.68,204839,4.55555e-07,6.2823,3.27286,2.43537,0.219672,6.18826,2.24117,0.56371,6.87772,2.63624,0.308279,8,26,3,3,0,0,7,6,0,7,4,0,5,18,0,6,24,0,11,5,0,8,8,0,2,33,0,5,44,0,4,12,0,5,66,0,21,58,0,15,42,0,21,130,0,19,128,0,15,208,0,13,233,0,8,155,0,26,456,0,40,666,0,53,294,0,26,547,0,37,965,0,56,905,0,43,1414,0,59,1636,0,40,1484,0,37,1502,0,42,2788,0,70,3715,0,131,3234,0,135,6215,0,92,7791,0,94,7305,0,130,9937,0,196,9028,0,157,20307,0,231,17160,0,450,23234,0,444,23716,0,381,59054,0,274,23721,0,439,55818,0,609,51233,0,703,105446,0,514,70046,0,709,41779,0,798,99065,0,814,43044,0,793,136383,0,1725,331373,0,882,215373,0
-1.05176e+08,1,8.88811e-15,10,1023,0,1.05176e+08,0.528882,1.08665,0.389689,0.145397,0.379329,3.24381,0.161596,0.446195,1.77396,0.159177,1.15e+07,4.49998e+06,6.79999e+06,1.15e+07,4.49997e+06,6.79999e+06,1.15e+07,4.49996e+06,6.79999e+06,1.15e+07,4.49995e+06,6.79999e+06,1.14999e+07,4.49993e+06,6.79999e+06,1.14999e+07,4.49991e+06,6.79999e+06,1.14999e+07,4.49989e+06,6.79999e+06,1.14999e+07,4.49986e+06,6.79999e+06,1.14999e+07,4.49982e+06,6.79999e+06,1.14999e+07,4.49977e+06,6.79999e+06,1.14999e+07,4.49971e+06,6.79999e+06,1.14999e+07,4.49963e+06,6.79999e+06,1.14998e+07,4.49953e+06,6.79999e+06,1.14998e+07,4.49941e+06,6.79999e+06,1.14998e+07,4.49926e+06,6.79999e+06,1.14998e+07,4.49906e+06,6.79999e+06,1.14997e+07,4.49882e+06,6.79999e+06,1.14997e+07,4.49851e+06,6.79999e+06,1.14997e+07,4.49812e+06,6.79999e+06,1.14996e+07,4.49764e+06,6.79999e+06,1.14996e+07,4.49702e+06,6.79999e+06,1.14995e+07,4.49625e+06,6.79999e+06,1.14995e+07,4.49528e+06,6.79999e+06,1.14994e+07,4.49406e+06,6.79999e+06,1.14993e+07,4.49253e+06,6.79999e+06,1.14992e+07,4.49059e+06,6.79999e+06,1.14991e+07,4.48817e+06,6.79999e+06,1.1499e+07,4.48511e+06,6.79999e+06,1.14988e+07,4.48128e+06,6.79999e+06,1.14987e+07,4.47646e+06,6.79999e+06,1.14985e+07,4.47041e+06,6.79999e+06,1.14983e+07,4.46281e+06,6.79999e+06,1.14981e+07,4.4533e+06,6.79999e+06,1.14979e+07,4.44138e+06,6.79999e+06,1.14976e+07,4.42649e+06,6.79999e+06,1.14972e+07,4.40789e+06,6.79999e+06,1.14969e+07,4.38471e+06,6.79999e+06,1.14965e+07,4.35592e+06,6.79999e+06,1.1496e+07,4.32027e+06,6.79999e+06,1.14955e+07,4.27629e+06,6.79999e+06,1.14949e+07,4.22231e+06,6.79999e+06,1.14942e+07,4.15647e+06,6.79999e+06,1.14934e+07,4.07676e+06,6.79999e+06,1.14926e+07,3.98112e+06,6.79999e+06,1.14916e+07,3.86765e+06,6.79999e+06,1.14905e+07,3.73474e+06,6.79999e+06,1.14892e+07,3.58148e+06,6.79999e+06,1.14878e+07,3.40785e+06,6.79999e+06,1.14862e+07,3.21513e+06,6.79999e+06,1.14844e+07,3.00605e+06,6.79999e+06,1.14823e+07,2.7848e+06,6.79999e+06,1.148e+07,2.5568e+06,6.79999e+06,1.14773e+07,2.32825e+06,6.79999e+06,13.5742,8.52444,0.508366,16.8306,13.2585,0.162638,20.0035,17.569,0.0507846,23.2616,22.4214,0.0158319,26.7328,28.3297,0.00493498,30.5212,35.6974,0.00153831,34.7178,44.9473,0.000479527,39.4086,56.5822,0.000149456,44.6796,71.2245,4.66214e-05,50.6209,89.6543,1.45419e-05,57.3297,112.852,4.54748e-06,64.9129,142.051,1.43857e-06,73.4897,178.803,4.36618e-07,83.1934,225.062,1.40153e-07,94.1745,283.286,4.96378e-08,106.602,356.568,1.05434e-07,120.669,448.799,-6.49244e-08,136.59,564.873,1.70148e-07,154.611,710.948,-5.34594e-08,175.008,894.767,1.63407e-07,198.097,1126.06,8.04804e-08,224.231,1417.07,1.14667e-07,253.813,1783.15,-1.71227e-07,287.297,2243.62,-2.88466e-07,325.198,2822.67,-4.33651e-07,368.098,3550.67,7.9318e-08,416.657,4465.65,3.13319e-07,471.621,5615.16,3.4613e-07,533.835,7058.61,-1.19199e-07,604.255,8870.02,-2.79964e-07,683.962,11141.4,-2.30521e-07,774.182,13986.7,-2.55099e-07,876.299,17546.4,1.23585e-07,991.883,21993.1,1.41192e-07,1122.71,27536.7,-9.71886e-08,1270.78,34430.7,-3.68368e-07,1438.38,42977.7,-3.45379e-07,1628.07,53532.7,-3.25328e-09,1842.77,66504.6,2.6362e-07,2085.77,82350.2,2.53445e-07,2360.79,101560,-2.47407e-08,2672.05,124632,-3.80602e-07,3024.31,152018,-4.79005e-07,3422.98,184060,-1.14379e-07,3874.15,220884,2.64297e-07,4384.72,262283,3.44131e-07,4962.49,307576,7.5349e-08,5616.29,355497,-3.63097e-07,6356.1,404126,-6.05442e-07,7193.18,450932,-2.72333e-07,8140.28,492963,2.29675e-07,9211.79,527178,4.3387e-07,10424,550893,-1.0711e-07,10.102,8.06553,2.81012,10.6436,8.57909,0.869423,11.5336,10.2515,0.270869,12.7211,12.7138,0.0844293,14.1823,15.9373,0.0263173,15.9122,20.0383,0.0082035,17.9198,25.2154,0.00255722,20.2244,31.7373,0.000797017,22.8539,39.9486,0.000248622,25.8438,50.2851,7.75492e-05,29.237,63.2963,2.42508e-05,33.0837,79.6738,7.67162e-06,37.4415,100.288,2.32837e-06,42.3767,126.236,7.33e-07,47.9646,158.896,2.79256e-07,54.2906,200.003,9.87351e-09,61.452,251.741,1.61085e-07,69.5585,316.859,-2.47141e-07,78.7347,398.812,8.93552e-08,89.1218,501.948,-2.53231e-07,100.879,631.736,-1.25047e-07,114.188,795.049,-1.78808e-07,129.252,1000.53,2.6733e-07,146.304,1259.03,4.50292e-07,165.605,1584.19,6.76904e-07,187.452,1993.12,-1.23808e-07,212.181,2507.27,-4.89068e-07,240.173,3153.54,-5.40284e-07,271.856,3965.56,1.86061e-07,307.719,4985.38,4.37004e-07,348.313,6265.4,3.59828e-07,394.26,7870.83,3.98192e-07,446.268,9882.51,-1.92908e-07,505.135,12400.3,-2.20392e-07,571.766,15546.9,1.51705e-07,647.184,19472.2,5.74996e-07,732.547,24357.4,5.39112e-07,829.167,30420,5.07815e-09,938.526,37916.3,-4.11492e-07,1062.3,47143.9,-3.9561e-07,1202.4,58439.2,3.86185e-08,1360.96,72169.3,5.94093e-07,1540.42,88715.8,7.47693e-07,1743.53,108445,1.78537e-07,1973.41,131665,-4.12549e-07,2233.57,158557,-5.37164e-07,2528,189103,-1.17615e-07,2861.2,222986,5.66769e-07,3238.27,259510,9.45053e-07,3664.97,297540,4.25093e-07,4147.81,335497,-3.58506e-07,4694.17,371444,-6.7724e-07,5312.37,403256,1.67192e-07,1.61744,3.89446,9.84394,3.28846,7.5504,12.774,5.07607,11.7187,13.6844,7.03202,16.8147,13.9681,9.20215,23.1769,14.0566,11.6301,31.1672,14.0841,14.3598,41.2186,14.0927,17.4376,53.8688,14.0954,20.9137,69.7915,14.0962,24.8432,89.8341,14.0965,29.2879,115.063,14.0966,34.3168,146.819,14.0966,40.0078,186.792,14.0966,46.4487,237.107,14.0966,53.7388,300.44,14.0966,61.9903,380.158,14.0966,71.3301,480.499,14.0966,81.902,606.796,14.0966,93.8685,765.761,14.0966,107.414,965.837,14.0966,122.746,1217.65,14.0966,140.101,1534.57,14.0966,159.745,1933.41,14.0966,181.981,2435.3,14.0966,207.15,3066.85,14.0966,235.64,3861.46,14.0966,267.889,4861.11,14.0966,304.391,6118.54,14.0966,345.709,7699.91,14.0966,392.478,9688.22,14.0966,445.417,12187.5,14.0966,505.339,15327.7,14.0966,573.165,19271.6,14.0966,649.938,24222,14.0966,736.839,30430.9,14.0966,835.202,38211.5,14.0966,946.539,47950.3,14.0966,1072.56,60122.8,14.0966,1215.21,75309.9,14.0966,1376.66,94216.2,14.0966,1559.41,117688,14.0966,1766.26,146729,14.0966,2000.39,182510,14.0966,2265.39,226372,14.0966,2565.33,279806,14.0966,2904.81,344416,14.0966,3289.05,421845,14.0966,3723.93,513667,14.0966,4216.13,621231,14.0966,4773.18,745478,14.0966,5403.64,886744,14.0966,6117.15,1.04457e+06,14.0966,6924.63,1.2176e+06,14.0966,11.7194,11.96,12.6541,13.9321,16.1295,13.6434,16.6097,21.9702,13.9553,19.7532,29.5285,14.0526,23.3844,39.1143,14.0829,27.5423,51.2054,14.0923,32.2796,66.434,14.0953,37.662,85.6061,14.0962,43.7675,109.74,14.0965,50.687,140.119,14.0966,58.5249,178.359,14.0966,67.4005,226.493,14.0966,77.4493,287.08,14.0966,88.8254,363.343,14.0966,101.703,459.336,14.0966,116.281,580.161,14.0966,132.782,732.241,14.0966,151.46,923.655,14.0966,172.603,1164.57,14.0966,196.535,1467.79,14.0966,223.625,1849.39,14.0966,254.288,2329.62,14.0966,288.997,2933.93,14.0966,328.285,3694.33,14.0966,372.755,4651.04,14.0966,423.092,5854.57,14.0966,480.07,7368.38,14.0966,544.564,9272.08,14.0966,617.566,11665.5,14.0966,700.197,14673.6,14.0966,793.729,18452.9,14.0966,899.599,23198.6,14.0966,1019.43,29154.1,14.0966,1155.07,36622.3,14.0966,1308.6,45977.9,14.0966,1482.39,57683.7,14.0966,1679.09,72307.8,14.0966,1901.73,90542.8,14.0966,2153.73,113226,14.0966,2438.97,141360,14.0966,2761.81,176127,14.0966,3127.22,218898,14.0966,3540.81,271226,14.0966,4008.92,334817,14.0966,4538.74,411470,14.0966,5138.38,502973,14.0966,5817.04,610948,14.0966,6585.12,736653,14.0966,7454.39,880741,14.0966,8438.15,1.04302e+06,14.0966,9551.45,1.22224e+06,14.0966,10811.3,1.41602e+06,14.0966,12237,1.62086e+06,14.0966,11.7194,11.96,12.6541,2.21263,4.16949,0.989383,2.67766,5.84076,0.311842,3.14343,7.55825,0.0972771,3.63127,9.58578,0.0303237,4.15787,12.0912,0.00945211,4.73731,15.2286,0.00294633,5.38238,19.1721,0.000918508,6.10553,24.134,0.000286163,6.91951,30.3791,8.92692e-05,7.83792,38.2397,2.78121e-05,8.87555,48.1338,8.65134e-06,10.0489,60.5876,2.7882e-06,11.3761,76.2629,8.29036e-07,12.8779,95.9927,2.4373e-07,14.5775,120.825,4.33068e-09,16.5012,152.08,1.75749e-07,18.6784,191.415,-1.86328e-07,21.1428,240.917,1.91829e-07,23.9322,303.213,-1.81475e-07,27.0895,381.602,7.0186e-08,30.6634,480.231,-2.86769e-08,34.7087,604.316,2.40784e-07,39.2876,760.401,9.87368e-08,44.4705,956.705,1.22263e-07,50.3371,1203.54,-4.31966e-07,56.9776,1513.81,-1.9705e-07,64.494,1903.69,-2.763e-08,73.0018,2393.4,3.9185e-07,82.6317,3008.13,1.35379e-07,93.5318,3779.25,-4.16351e-08,105.869,4745.7,2.06965e-08,119.834,5955.6,-3.18887e-07,135.641,7468.12,-1.48271e-08,153.531,9355.62,2.00739e-07,173.781,11705.8,2.28358e-07,196.701,14624.1,-1.93587e-08,222.642,18235,-2.88101e-07,252.003,22683.4,-2.24732e-07,285.234,28134,8.56806e-09,322.845,34767,2.34258e-07,365.413,42770.9,2.99668e-07,413.588,52327.9,8.28644e-08,468.111,63591.2,-3.07049e-07,529.814,76653.2,-3.1888e-07,599.642,91502.5,-6.72276e-08,678.662,107975,2.26339e-07,768.083,125705,3.69212e-07,869.267,144088,2.04077e-07,983.76,162277,-2.80509e-07,1113.3,179223,-4.22737e-07,1259.87,193777,-1.71951e-07,1425.68,204839,4.55555e-07,11.7194,11.96,12.6541,2.21263,4.16949,0.989383,2.67766,5.84076,0.311842,3.14343,7.55825,0.0972771,3.63127,9.58578,0.0303237,4.15787,12.0912,0.00945211,4.73731,15.2286,0.00294633,5.38238,19.1721,0.000918508,6.10553,24.134,0.000286163,6.91951,30.3791,8.92692e-05,7.83792,38.2397,2.78121e-05,8.87555,48.1338,8.65134e-06,10.0489,60.5876,2.7882e-06,11.3761,76.2629,8.29036e-07,12.8779,95.9927,2.4373e-07,14.5775,120.825,1e-08,16.5012,152.08,1.75749e-07,18.6784,191.415,1e-08,21.1428,240.917,1.91829e-07,23.9322,303.213,1e-08,27.0895,381.602,7.0186e-08,30.6634,480.231,1e-08,34.7087,604.316,2.40784e-07,39.2876,760.401,9.87368e-08,44.4705,956.705,1.22263e-07,50.3371,1203.54,1e-08,56.9776,1513.81,1e-08,64.494,1903.69,1e-08,73.0018,2393.4,3.9185e-07,82.6317,3008.13,1.35379e-07,93.5318,3779.25,1e-08,105.869,4745.7,2.06965e-08,119.834,5955.6,1e-08,135.641,7468.12,1e-08,153.531,9355.62,2.00739e-07,173.781,11705.8,2.28358e-07,196.701,14624.1,1e-08,222.642,18235,1e-08,252.003,22683.4,1e-08,285.234,28134,1e-08,322.845,34767,2.34258e-07,365.413,42770.9,2.99668e-07,413.588,52327.9,8.28644e-08,468.111,63591.2,1e-08,529.814,76653.2,1e-08,599.642,91502.5,1e-08,678.662,107975,2.26339e-07,768.083,125705,3.69212e-07,869.267,144088,2.04077e-07,983.76,162277,1e-08,1113.3,179223,1e-08,1259.87,193777,1e-08,1425.68,204839,4.55555e-07,6.2823,3.27286,2.43537,0.219672,6.18826,2.24117,0.56371,6.87772,2.63624,0.308279,23,11,9,2,7,1,4,2,0,0,11,0,3,15,0,1,4,0,4,15,0,9,11,0,9,47,0,12,50,0,6,49,0,7,28,0,10,24,0,6,77,0,6,69,0,13,47,0,10,74,0,6,189,0,12,150,0,15,146,0,23,614,0,16,336,0,25,1061,0,32,1157,0,33,1372,0,37,1425,0,20,2363,0,72,1951,0,44,1255,0,69,1927,0,47,4940,0,62,7321,0,150,4338,0,147,11219,0,213,6951,0,179,6623,0,188,21408,0,219,11872,0,128,16015,0,564,6757,0,277,20046,0,561,37495,0,495,53106,0,330,49180,0,821,55225,0,386,169989,0,558,67586,0,767,111206,0,719,193302,0,431,202422,0,1062,146224,0,1309,271043,0,1247,197713,0
-1.05176e+08,1,8.88811e-15,10,1023,0,1.05176e+08,0.528882,1.08665,0.389689,0.145397,0.379329,3.24381,0.161596,0.446195,1.77396,0.159177,1.15e+07,4.49998e+06,6.79999e+06,1.15e+07,4.49997e+06,6.79999e+06,1.15e+07,4.49996e+06,6.79999e+06,1.15e+07,4.49995e+06,6.79999e+06,1.14999e+07,4.49993e+06,6.79999e+06,1.14999e+07,4.49991e+06,6.79999e+06,1.14999e+07,4.49989e+06,6.79999e+06,1.14999e+07,4.49986e+06,6.79999e+06,1.14999e+07,4.49982e+06,6.79999e+06,1.14999e+07,4.49977e+06,6.79999e+06,1.14999e+07,4.49971e+06,6.79999e+06,1.14999e+07,4.49963e+06,6.79999e+06,1.14998e+07,4.49953e+06,6.79999e+06,1.14998e+07,4.49941e+06,6.79999e+06,1.14998e+07,4.49926e+06,6.79999e+06,1.14998e+07,4.49906e+06,6.79999e+06,1.14997e+07,4.49882e+06,6.79999e+06,1.14997e+07,4.49851e+06,6.79999e+06,1.14997e+07,4.49812e+06,6.79999e+06,1.14996e+07,4.49764e+06,6.79999e+06,1.14996e+07,4.49702e+06,6.79999e+06,1.14995e+07,4.49625e+06,6.79999e+06,1.14995e+07,4.49528e+06,6.79999e+06,1.14994e+07,4.49406e+06,6.79999e+06,1.14993e+07,4.49253e+06,6.79999e+06,1.14992e+07,4.49059e+06,6.79999e+06,1.14991e+07,4.48817e+06,6.79999e+06,1.1499e+07,4.48511e+06,6.79999e+06,1.14988e+07,4.48128e+06,6.79999e+06,1.14987e+07,4.47646e+06,6.79999e+06,1.14985e+07,4.47041e+06,6.79999e+06,1.14983e+07,4.46281e+06,6.79999e+06,1.14981e+07,4.4533e+06,6.79999e+06,1.14979e+07,4.44138e+06,6.79999e+06,1.14976e+07,4.42649e+06,6.79999e+06,1.14972e+07,4.40789e+06,6.79999e+06,1.14969e+07,4.38471e+06,6.79999e+06,1.14965e+07,4.35592e+06,6.79999e+06,1.1496e+07,4.32027e+06,6.79999e+06,1.14955e+07,4.27629e+06,6.79999e+06,1.14949e+07,4.22231e+06,6.79999e+06,1.14942e+07,4.15647e+06,6.79999e+06,1.14934e+07,4.07676e+06,6.79999e+06,1.14926e+07,3.98112e+06,6.79999e+06,1.14916e+07,3.86765e+06,6.79999e+06,1.14905e+07,3.73474e+06,6.79999e+06,1.14892e+07,3.58148e+06,6.79999e+06,1.14878e+07,3.40785e+06,6.79999e+06,1.14862e+07,3.21513e+06,6.79999e+06,1.14844e+07,3.00605e+06,6.79999e+06,1.14823e+07,2.7848e+06,6.79999e+06,1.148e+07,2.5568e+06,6.79999e+06,1.14773e+07,2.32825e+06,6.79999e+06,13.5742,8.52444,0.508366,16.8306,13.2585,0.162638,20.0035,17.569,0.0507846,23.2616,22.4214,0.0158319,26.7328,28.3297,0.00493498,30.5212,35.6974,0.00153831,34.7178,44.9473,0.000479527,39.4086,56.5822,0.000149456,44.6796,71.2245,4.66214e-05,50.6209,89.6543,1.45419e-05,57.3297,112.852,4.54748e-06,64.9129,142.051,1.43857e-06,73.4897,178.803,4.36618e-07,83.1934,225.062,1.40153e-07,94.1745,283.286,4.96378e-08,106.602,356.568,1.05434e-07,120.669,448.799,-6.49244e-08,136.59,564.873,1.70148e-07,154.611,710.948,-5.34594e-08,175.008,894.767,1.63407e-07,198.097,1126.06,8.04804e-08,224.231,1417.07,1.14667e-07,253.813,1783.15,-1.71227e-07,287.297,2243.62,-2.88466e-07,325.198,2822.67,-4.33651e-07,368.098,3550.67,7.9318e-08,416.657,4465.65,3.13319e-07,471.621,5615.16,3.4613e-07,533.835,7058.61,-1.19199e-07,604.255,8870.02,-2.79964e-07,683.962,11141.4,-2.30521e-07,774.182,13986.7,-2.55099e-07,876.299,17546.4,1.23585e-07,991.883,21993.1,1.41192e-07,1122.71,27536.7,-9.71886e-08,1270.78,34430.7,-3.68368e-07,1438.38,42977.7,-3.45379e-07,1628.07,53532.7,-3.25328e-09,1842.77,66504.6,2.6362e-07,2085.77,82350.2,2.53445e-07,2360.79,101560,-2.47407e-08,2672.05,124632,-3.80602e-07,3024.31,152018,-4.79005e-07,3422.98,184060,-1.14379e-07,3874.15,220884,2.64297e-07,4384.72,262283,3.44131e-07,4962.49,307576,7.5349e-08,5616.29,355497,-3.63097e-07,6356.1,404126,-6.05442e-07,7193.18,450932,-2.72333e-07,8140.28,492963,2.29675e-07,9211.79,527178,4.3387e-07,10424,550893,-1.0711e-07,10.102,8.06553,2.81012,10.6436,8.57909,0.869423,11.5336,10.2515,0.270869,12.7211,12.7138,0.0844293,14.1823,15.9373,0.0263173,15.9122,20.0383,0.0082035,17.9198,25.2154,0.00255722,20.2244,31.7373,0.000797017,22.8539,39.9486,0.000248622,25.8438,50.2851,7.75492e-05,29.237,63.2963,2.42508e-05,33.0837,79.6738,7.67162e-06,37.4415,100.288,2.32837e-06,42.3767,126.236,7.33e-07,47.9646,158.896,2.79256e-07,54.2906,200.003,9.87351e-09,61.452,251.741,1.61085e-07,69.5585,316.859,-2.47141e-07,78.7347,398.812,8.93552e-08,89.1218,501.948,-2.53231e-07,100.879,631.736,-1.25047e-07,114.188,795.049,-1.78808e-07,129.252,1000.53,2.6733e-07,146.304,1259.03,4.50292e-07,165.605,1584.19,6.76904e-07,187.452,1993.12,-1.23808e-07,212.181,2507.27,-4.89068e-07,240.173,3153.54,-5.40284e-07,271.856,3965.56,1.86061e-07,307.719,4985.38,4.37004e-07,348.313,6265.4,3.59828e-07,394.26,7870.83,3.98192e-07,446.268,9882.51,-1.92908e-07,505.135,12400.3,-2.20392e-07,571.766,15546.9,1.51705e-07,647.184,19472.2,5.74996e-07,732.547,24357.4,5.39112e-07,829.167,30420,5.07815e-09,938.526,37916.3,-4.11492e-07,1062.3,47143.9,-3.9561e-07,1202.4,58439.2,3.86185e-08,1360.96,72169.3,5.94093e-07,1540.42,88715.8,7.47693e-07,1743.53,108445,1.78537e-07,1973.41,131665,-4.12549e-07,2233.57,158557,-5.37164e-07,2528,189103,-1.17615e-07,2861.2,222986,5.66769e-07,3238.27,259510,9.45053e-07,3664.97,297540,4.25093e-07,4147.81,335497,-3.58506e-07,4694.17,371444,-6.7724e-07,5312.37,403256,1.67192e-07,1.61744,3.89446,9.84394,3.28846,7.5504,12.774,5.07607,11.7187,13.6844,7.03202,16.8147,13.9681,9.20215,23.1769,14.0566,11.6301,31.1672,14.0841,14.3598,41.2186,14.0927,17.4376,53.8688,14.0954,20.9137,69.7915,14.0962,24.8432,89.8341,14.0965,29.2879,115.063,14.0966,34.3168,146.819,14.0966,40.0078,186.792,14.0966,46.4487,237.107,14.0966,53.7388,300.44,14.0966,61.9903,380.158,14.0966,71.3301,480.499,14.0966,81.902,606.796,14.0966,93.8685,765.761,14.0966,107.414,965.837,14.0966,122.746,1217.65,14.0966,140.101,1534.57,14.0966,159.745,1933.41,14.0966,181.981,2435.3,14.0966,207.15,3066.85,14.0966,235.64,3861.46,14.0966,267.889,4861.11,14.0966,304.391,6118.54,14.0966,345.709,7699.91,14.0966,392.478,9688.22,14.0966,445.417,12187.5,14.0966,505.339,15327.7,14.0966,573.165,19271.6,14.0966,649.938,24222,14.0966,736.839,30430.9,14.0966,835.202,38211.5,14.0966,946.539,47950.3,14.0966,1072.56,60122.8,14.0966,1215.21,75309.9,14.0966,1376.66,94216.2,14.0966,1559.41,117688,14.0966,1766.26,146729,14.0966,2000.39,182510,14.0966,2265.39,226372,14.0966,2565.33,279806,14.0966,2904.81,344416,14.0966,3289.05,421845,14.0966,3723.93,513667,14.0966,4216.13,621231,14.0966,4773.18,745478,14.0966,5403.64,886744,14.0966,6117.15,1.04457e+06,14.0966,6924.63,1.2176e+06,14.0966,11.7194,11.96,12.6541,13.9321,16.1295,13.6434,16.6097,21.9702,13.9553,19.7532,29.5285,14.0526,23.3844,39.1143,14.0829,27.5423,51.2054,14.0923,32.2796,66.434,14.0953,37.662,85.6061,14.0962,43.7675,109.74,14.0965,50.687,140.119,14.0966,58.5249,178.359,14.0966,67.4005,226.493,14.0966,77.4493,287.08,14.0966,88.8254,363.343,14.0966,101.703,459.336,14.0966,116.281,580.161,14.0966,132.782,732.241,14.0966,151.46,923.655,14.0966,172.603,1164.57,14.0966,196.535,1467.79,14.0966,223.625,1849.39,14.0966,254.288,2329.62,14.0966,288.997,2933.93,14.0966,328.285,3694.33,14.0966,372.755,4651.04,14.0966,423.092,5854.57,14.0966,480.07,7368.38,14.0966,544.564,9272.08,14.0966,617.566,11665.5,14.0966,700.197,14673.6,14.0966,793.729,18452.9,14.0966,899.599,23198.6,14.0966,1019.43,29154.1,14.0966,1155.07,36622.3,14.0966,1308.6,45977.9,14.0966,1482.39,57683.7,14.0966,1679.09,72307.8,14.0966,1901.73,90542.8,14.0966,2153.73,113226,14.0966,2438.97,141360,14.0966,2761.81,176127,14.0966,3127.22,218898,14.0966,3540.81,271226,14.0966,4008.92,334817,14.0966,4538.74,411470,14.0966,5138.38,502973,14.0966,5817.04,610948,14.0966,6585.12,736653,14.0966,7454.39,880741,14.0966,8438.15,1.04302e+06,14.0966,9551.45,1.22224e+06,14.0966,10811.3,1.41602e+06,14.0966,12237,1.62086e+06,14.0966,11.7194,11.96,12.6541,2.21263,4.16949,0.989383,2.67766,5.84076,0.311842,3.14343,7.55825,0.0972771,3.63127,9.58578,0.0303237,4.15787,12.0912,0.00945211,4.73731,15.2286,0.00294633,5.38238,19.1721,0.000918508,6.10553,24.134,0.000286163,6.91951,30.3791,8.92692e-05,7.83792,38.2397,2.78121e-05,8.87555,48.1338,8.65134e-06,10.0489,60.5876,2.7882e-06,11.3761,76.2629,8.29036e-07,12.8779,95.9927,2.4373e-07,14.5775,120.825,4.33068e-09,16.5012,152.08,1.75749e-07,18.6784,191.415,-1.86328e-07,21.1428,240.917,1.91829e-07,23.9322,303.213,-1.81475e-07,27.0895,381.602,7.0186e-08,30.6634,480.231,-2.86769e-08,34.7087,604.316,2.40784e-07,39.2876,760.401,9.87368e-08,44.4705,956.705,1.22263e-07,50.3371,1203.54,-4.31966e-07,56.9776,1513.81,-1.9705e-07,64.494,1903.69,-2.763e-08,73.0018,2393.4,3.9185e-07,82.6317,3008.13,1.35379e-07,93.5318,3779.25,-4.16351e-08,105.869,4745.7,2.06965e-08,119.834,5955.6,-3.18887e-07,135.641,7468.12,-1.48271e-08,153.531,9355.62,2.00739e-07,173.781,11705.8,2.28358e-07,196.701,14624.1,-1.93587e-08,222.642,18235,-2.88101e-07,252.003,22683.4,-2.24732e-07,285.234,28134,8.56806e-09,322.845,34767,2.34258e-07,365.413,42770.9,2.99668e-07,413.588,52327.9,8.28644e-08,468.111,63591.2,-3.07049e-07,529.814,76653.2,-3.1888e-07,599.642,91502.5,-6.72276e-08,678.662,107975,2.26339e-07,768.083,125705,3.69212e-07,869.267,144088,2.04077e-07,983.76,162277,-2.80509e-07,1113.3,179223,-4.22737e-07,1259.87,193777,-1.71951e-07,1425.68,204839,4.55555e-07,11.7194,11.96,12.6541,2.21263,4.16949,0.989383,2.67766,5.84076,0.311842,3.14343,7.55825,0.0972771,3.63127,9.58578,0.0303237,4.15787,12.0912,0.00945211,4.73731,15.2286,0.00294633,5.38238,19.1721,0.000918508,6.10553,24.134,0.000286163,6.91951,30.3791,8.92692e-05,7.83792,38.2397,2.78121e-05,8.87555,48.1338,8.65134e-06,10.0489,60.5876,2.7882e-06,11.3761,76.2629,8.29036e-07,12.8779,95.9927,2.4373e-07,14.5775,120.825,1e-08,16.5012,152.08,1.75749e-07,18.6784,191.415,1e-08,21.1428,240.917,1.91829e-07,23.9322,303.213,1e-08,27.0895,381.602,7.0186e-08,30.6634,480.231,1e-08,34.7087,604.316,2.40784e-07,39.2876,760.401,9.87368e-08,44.4705,956.705,1.22263e-07,50.3371,1203.54,1e-08,56.9776,1513.81,1e-08,64.494,1903.69,1e-08,73.0018,2393.4,3.9185e-07,82.6317,3008.13,1.35379e-07,93.5318,3779.25,1e-08,105.869,4745.7,2.06965e-08,119.834,5955.6,1e-08,135.641,7468.12,1e-08,153.531,9355.62,2.00739e-07,173.781,11705.8,2.28358e-07,196.701,14624.1,1e-08,222.642,18235,1e-08,252.003,22683.4,1e-08,285.234,28134,1e-08,322.845,34767,2.34258e-07,365.413,42770.9,2.99668e-07,413.588,52327.9,8.28644e-08,468.111,63591.2,1e-08,529.814,76653.2,1e-08,599.642,91502.5,1e-08,678.662,107975,2.26339e-07,768.083,125705,3.69212e-07,869.267,144088,2.04077e-07,983.76,162277,1e-08,1113.3,179223,1e-08,1259.87,193777,1e-08,1425.68,204839,4.55555e-07,6.2823,3.27286,2.43537,0.219672,6.18826,2.24117,0.56371,6.87772,2.63624,0.308279,7,18,6,0,9,1,1,8,0,0,7,0,4,5,0,8,7,0,5,12,0,3,25,0,5,21,0,14,31,0,5,20,0,8,24,0,8,28,0,12,65,0,12,48,0,4,65,0,16,137,0,33,176,0,12,211,0,7,257,0,24,391,0,40,717,0,19,474,0,58,439,0,53,499,0,59,972,0,55,2496,0,64,2840,0,70,3227,0,74,4613,0,86,2853,0,142,5360,0,135,3452,0,65,5506,0,151,11241,0,95,17456,0,79,9002,0,199,17723,0,148,20893,0,287,36147,0,164,54440,0,445,47574,0,281,46875,0,336,37661,0,428,50449,0,1016,87011,0,1590,119923,0,1362,139447,0,627,96156,0,666,170048,0,1292,132028,0,1090,118153,0,1411,233439,0
-1.05176e+08,1,8.88811e-15,10,1023,0,1.05176e+08,0.528882,1.08665,0.389689,0.145397,0.379329,3.24381,0.161596,0.446195,1.77396,0.159177,1.15e+07,4.49998e+06,6.79999e+06,1.15e+07,4.49997e+06,6.79999e+06,1.15e+07,4.49996e+06,6.79999e+06,1.15e+07,4.49995e+06,6.79999e+06,1.14999e+07,4.49993e+06,6.79999e+06,1.14999e+07,4.49991e+06,6.79999e+06,1.14999e+07,4.49989e+06,6.79999e+06,1.14999e+07,4.49986e+06,6.79999e+06,1.14999e+07,4.49982e+06,6.79999e+06,1.14999e+07,4.49977e+06,6.79999e+06,1.14999e+07,4.49971e+06,6.79999e+06,1.14999e+07,4.49963e+06,6.79999e+06,1.14998e+07,4.49953e+06,6.79999e+06,1.14998e+07,4.49941e+06,6.79999e+06,1.14998e+07,4.49926e+06,6.79999e+06,1.14998e+07,4.49906e+06,6.79999e+06,1.14997e+07,4.49882e+06,6.79999e+06,1.14997e+07,4.49851e+06,6.79999e+06,1.14997e+07,4.49812e+06,6.79999e+06,1.14996e+07,4.49764e+06,6.79999e+06,1.14996e+07,4.49702e+06,6.79999e+06,1.14995e+07,4.49625e+06,6.79999e+06,1.14995e+07,4.49528e+06,6.79999e+06,1.14994e+07,4.49406e+06,6.79999e+06,1.14993e+07,4.49253e+06,6.79999e+06,1.14992e+07,4.49059e+06,6.79999e+06,1.14991e+07,4.48817e+06,6.79999e+06,1.1499e+07,4.48511e+06,6.79999e+06,1.14988e+07,4.48128e+06,6.79999e+06,1.14987e+07,4.47646e+06,6.79999e+06,1.14985e+07,4.47041e+06,6.79999e+06,1.14983e+07,4.46281e+06,6.79999e+06,1.14981e+07,4.4533e+06,6.79999e+06,1.14979e+07,4.44138e+06,6.79999e+06,1.14976e+07,4.42649e+06,6.79999e+06,1.14972e+07,4.40789e+06,6.79999e+06,1.14969e+07,4.38471e+06,6.79999e+06,1.14965e+07,4.35592e+06,6.79999e+06,1.1496e+07,4.32027e+06,6.79999e+06,1.14955e+07,4.27629e+06,6.79999e+06,1.14949e+07,4.22231e+06,6.79999e+06,1.14942e+07,4.15647e+06,6.79999e+06,1.14934e+07,4.07676e+06,6.79999e+06,1.14926e+07,3.98112e+06,6.79999e+06,1.14916e+07,3.86765e+06,6.79999e+06,1.14905e+07,3.73474e+06,6.79999e+06,1.14892e+07,3.58148e+06,6.79999e+06,1.14878e+07,3.40785e+06,6.79999e+06,1.14862e+07,3.21513e+06,6.79999e+06,1.14844e+07,3.00605e+06,6.79999e+06,1.14823e+07,2.7848e+06,6.79999e+06,1.148e+07,2.5568e+06,6.79999e+06,1.14773e+07,2.32825e+06,6.79999e+06,13.5742,8.52444,0.508366,16.8306,13.2585,0.162638,20.0035,17.569,0.0507846,23.2616,22.4214,0.0158319,26.7328,28.3297,0.00493498,30.5212,35.6974,0.00153831,34.7178,44.9473,0.000479527,39.4086,56.5822,0.000149456,44.6796,71.2245,4.66214e-05,50.6209,89.6543,1.45419e-05,57.3297,112.852,4.54748e-06,64.9129,142.051,1.43857e-06,73.4897,178.803,4.36618e-07,83.1934,225.062,1.40153e-07,94.1745,283.286,4.96378e-08,106.602,356.568,1.05434e-07,120.669,448.799,-6.49244e-08,136.59,564.873,1.70148e-07,154.611,710.948,-5.34594e-08,175.008,894.767,1.63407e-07,198.097,1126.06,8.04804e-08,224.231,1417.07,1.14667e-07,253.813,1783.15,-1.71227e-07,287.297,2243.62,-2.88466e-07,325.198,2822.67,-4.33651e-07,368.098,3550.67,7.9318e-08,416.657,4465.65,3.13319e-07,471.621,5615.16,3.4613e-07,533.835,7058.61,-1.19199e-07,604.255,8870.02,-2.79964e-07,683.962,11141.4,-2.30521e-07,774.182,13986.7,-2.55099e-07,876.299,17546.4,1.23585e-07,991.883,21993.1,1.41192e-07,1122.71,27536.7,-9.71886e-08,1270.78,34430.7,-3.68368e-07,1438.38,42977.7,-3.45379e-07,1628.07,53532.7,-3.25328e-09,1842.77,66504.6,2.6362e-07,2085.77,82350.2,2.53445e-07,2360.79,101560,-2.47407e-08,2672.05,124632,-3.80602e-07,3024.31,152018,-4.79005e-07,3422.98,184060,-1.14379e-07,3874.15,220884,2.64297e-07,4384.72,262283,3.44131e-07,4962.49,307576,7.5349e-08,5616.29,355497,-3.63097e-07,6356.1,404126,-6.05442e-07,7193.18,450932,-2.72333e-07,8140.28,492963,2.29675e-07,9211.79,527178,4.3387e-07,10424,550893,-1.0711e-07,10.102,8.06553,2.81012,10.6436,8.57909,0.869423,11.5336,10.2515,0.270869,12.7211,12.7138,0.0844293,14.1823,15.9373,0.0263173,15.9122,20.0383,0.0082035,17.9198,25.2154,0.00255722,20.2244,31.7373,0.000797017,22.8539,39.9486,0.000248622,25.8438,50.2851,7.75492e-05,29.237,63.2963,2.42508e-05,33.0837,79.6738,7.67162e-06,37.4415,100.288,2.32837e-06,42.3767,126.236,7.33e-07,47.9646,158.896,2.79256e-07,54.2906,200.003,9.87351e-09,61.452,251.741,1.61085e-07,69.5585,316.859,-2.47141e-07,78.7347,398.812,8.93552e-08,89.1218,501.948,-2.53231e-07,100.879,631.736,-1.25047e-07,114.188,795.049,-1.78808e-07,129.252,1000.53,2.6733e-07,146.304,1259.03,4.50292e-07,165.605,1584.19,6.76904e-07,187.452,1993.12,-1.23808e-07,212.181,2507.27,-4.89068e-07,240.173,3153.54,-5.40284e-07,271.856,3965.56,1.86061e-07,307.719,4985.38,4.37004e-07,348.313,6265.4,3.59828e-07,394.26,7870.83,3.98192e-07,446.268,9882.51,-1.92908e-07,505.135,12400.3,-2.20392e-07,571.766,15546.9,1.51705e-07,647.184,19472.2,5.74996e-07,732.547,24357.4,5.39112e-07,829.167,30420,5.07815e-09,938.526,37916.3,-4.11492e-07,1062.3,47143.9,-3.9561e-07,1202.4,58439.2,3.86185e-08,1360.96,72169.3,5.94093e-07,1540.42,88715.8,7.47693e-07,1743.53,108445,1.78537e-07,1973.41,131665,-4.12549e-07,2233.57,158557,-5.37164e-07,2528,189103,-1.17615e-07,2861.2,222986,5.66769e-07,3238.27,259510,9.45053e-07,3664.97,297540,4.25093e-07,4147.81,335497,-3.58506e-07,4694.17,371444,-6.7724e-07,5312.37,403256,1.67192e-07,1.61744,3.89446,9.84394,3.28846,7.5504,12.774,5.07607,11.7187,13.6844,7.03202,16.8147,13.9681,9.20215,23.1769,14.0566,11.6301,31.1672,14.0841,14.3598,41.2186,14.0927,17.4376,53.8688,14.0954,20.9137,69.7915,14.0962,24.8432,89.8341,14.0965,29.2879,115.063,14.0966,34.3168,146.819,14.0966,40.0078,186.792,14.0966,46.4487,237.107,14.0966,53.7388,300.44,14.0966,61.9903,380.158,14.0966,71.3301,480.499,14.0966,81.902,606.796,14.0966,93.8685,765.761,14.0966,107.414,965.837,14.0966,122.746,1217.65,14.0966,140.101,1534.57,14.0966,159.745,1933.41,14.0966,181.981,2435.3,14.0966,207.15,3066.85,14.0966,235.64,3861.46,14.0966,267.889,4861.11,14.0966,304.391,6118.54,14.0966,345.709,7699.91,14.0966,392.478,9688.22,14.0966,445.417,12187.5,14.0966,505.339,15327.7,14.0966,573.165,19271.6,14.0966,649.938,24222,14.0966,736.839,30430.9,14.0966,835.202,38211.5,14.0966,946.539,47950.3,14.0966,1072.56,60122.8,14.0966,1215.21,75309.9,14.0966,1376.66,94216.2,14.0966,1559.41,117688,14.0966,1766.26,146729,14.0966,2000.39,182510,14.0966,2265.39,226372,14.0966,2565.33,279806,14.0966,2904.81,344416,14.0966,3289.05,421845,14.0966,3723.93,513667,14.0966,4216.13,621231,14.0966,4773.18,745478,14.0966,5403.64,886744,14.0966,6117.15,1.04457e+06,14.0966,6924.63,1.2176e+06,14.0966,11.7194,11.96,12.6541,13.9321,16.1295,13.6434,16.6097,21.9702,13.9553,19.7532,29.5285,14.0526,23.3844,39.1143,14.0829,27.5423,51.2054,14.0923,32.2796,66.434,14.0953,37.662,85.6061,14.0962,43.7675,109.74,14.0965,50.687,140.119,14.0966,58.5249,178.359,14.0966,67.4005,226.493,14.0966,77.4493,287.08,14.0966,88.8254,363.343,14.0966,101.703,459.336,14.0966,116.281,580.161,14.0966,132.782,732.241,14.0966,151.46,923.655,14.0966,172.603,1164.57,14.0966,196.535,1467.79,14.0966,223.625,1849.39,14.0966,254.288,2329.62,14.0966,288.997,2933.93,14.0966,328.285,3694.33,14.0966,372.755,4651.04,14.0966,423.092,5854.57,14.0966,480.07,7368.38,14.0966,544.564,9272.08,14.0966,617.566,11665.5,14.0966,700.197,14673.6,14.0966,793.729,18452.9,14.0966,899.599,23198.6,14.0966,1019.43,29154.1,14.0966,1155.07,36622.3,14.0966,1308.6,45977.9,14.0966,1482.39,57683.7,14.0966,1679.09,72307.8,14.0966,1901.73,90542.8,14.0966,2153.73,113226,14.0966,2438.97,141360,14.0966,2761.81,176127,14.0966,3127.22,218898,14.0966,3540.81,271226,14.0966,4008.92,334817,14.0966,4538.74,411470,14.0966,5138.38,502973,14.0966,5817.04,610948,14.0966,6585.12,736653,14.0966,7454.39,880741,14.0966,8438.15,1.04302e+06,14.0966,9551.45,1.22224e+06,14.0966,10811.3,1.41602e+06,14.0966,12237,1.62086e+06,14.0966,11.7194,11.96,12.6541,2.21263,4.16949,0.989383,2.67766,5.84076,0.311842,3.14343,7.55825,0.0972771,3.63127,9.58578,0.0303237,4.15787,12.0912,0.00945211,4.73731,15.2286,0.00294633,5.38238,19.1721,0.000918508,6.10553,24.134,0.000286163,6.91951,30.3791,8.92692e-05,7.83792,38.2397,2.78121e-05,8.87555,48.1338,8.65134e-06,10.0489,60.5876,2.7882e-06,11.3761,76.2629,8.29036e-07,12.8779,95.9927,2.4373e-07,14.5775,120.825,4.33068e-09,16.5012,152.08,1.75749e-07,18.6784,191.415,-1.86328e-07,21.1428,240.917,1.91829e-07,23.9322,303.213,-1.81475e-07,27.0895,381.602,7.0186e-08,30.6634,480.231,-2.86769e-08,34.7087,604.316,2.40784e-07,39.2876,760.401,9.87368e-08,44.4705,956.705,1.22263e-07,50.3371,1203.54,-4.31966e-07,56.9776,1513.81,-1.9705e-07,64.494,1903.69,-2.763e-08,73.0018,2393.4,3.9185e-07,82.6317,3008.13,1.35379e-07,93.5318,3779.25,-4.16351e-08,105.869,4745.7,2.06965e-08,119.834,5955.6,-3.18887e-07,135.641,7468.12,-1.48271e-08,153.531,9355.62,2.00739e-07,173.781,11705.8,2.28358e-07,196.701,14624.1,-1.93587e-08,222.642,18235,-2.88101e-07,252.003,22683.4,-2.24732e-07,285.234,28134,8.56806e-09,322.845,34767,2.34258e-07,365.413,42770.9,2.99668e-07,413.588,52327.9,8.28644e-08,468.111,63591.2,-3.07049e-07,529.814,76653.2,-3.1888e-07,599.642,91502.5,-6.72276e-08,678.662,107975,2.26339e-07,768.083,125705,3.69212e-07,869.267,144088,2.04077e-07,983.76,162277,-2.80509e-07,1113.3,179223,-4.22737e-07,1259.87,193777,-1.71951e-07,1425.68,204839,4.55555e-07,11.7194,11.96,12.6541,2.21263,4.16949,0.989383,2.67766,5.84076,0.311842,3.14343,7.55825,0.0972771,3.63127,9.58578,0.0303237,4.15787,12.0912,0.00945211,4.73731,15.2286,0.00294633,5.38238,19.1721,0.000918508,6.10553,24.134,0.000286163,6.91951,30.3791,8.92692e-05,7.83792,38.2397,2.78121e-05,8.87555,48.1338,8.65134e-06,10.0489,60.5876,2.7882e-06,11.3761,76.2629,8.29036e-07,12.8779,95.9927,2.4373e-07,14.5775,120.825,1e-08,16.5012,152.08,1.75749e-07,18.6784,191.415,1e-08,21.1428,240.917,1.91829e-07,23.9322,303.213,1e-08,27.0895,381.602,7.0186e-08,30.6634,480.231,1e-08,34.7087,604.316,2.40784e-07,39.2876,760.401,9.87368e-08,44.4705,956.705,1.22263e-07,50.3371,1203.54,1e-08,56.9776,1513.81,1e-08,64.494,1903.69,1e-08,73.0018,2393.4,3.9185e-07,82.6317,3008.13,1.35379e-07,93.5318,3779.25,1e-08,105.869,4745.7,2.06965e-08,119.834,5955.6,1e-08,135.641,7468.12,1e-08,153.531,9355.62,2.00739e-07,173.781,11705.8,2.28358e-07,196.701,14624.1,1e-08,222.642,18235,1e-08,252.003,22683.4,1e-08,285.234,28134,1e-08,322.845,34767,2.34258e-07,365.413,42770.9,2.99668e-07,413.588,52327.9,8.28644e-08,468.111,63591.2,1e-08,529.814,76653.2,1e-08,599.642,91502.5,1e-08,678.662,107975,2.26339e-07,768.083,125705,3.69212e-07,869.267,144088,2.04077e-07,983.76,162277,1e-08,1113.3,179223,1e-08,1259.87,193777,1e-08,1425.68,204839,4.55555e-07,6.2823,3.27286,2.43537,0.219672,6.18826,2.24117,0.56371,6.87772,2.63624,0.308279,14,10,13,1,4,0,1,5,0,3,9,0,6,12,0,5,17,0,4,14,0,3,19,0,9,18,0,12,28,0,10,43,0,15,45,0,6,86,0,8,85,0,11,38,0,14,135,0,9,135,0,4,89,0,24,149,0,45,470,0,17,260,0,16,817,0,28,679,0,29,548,0,49,598,0,22,2050,0,79,736,0,53,2370,0,35,3217,0,106,3657,0,93,2823,0,107,1206,0,80,4680,0,68,7603,0,176,10633,0,59,9118,0,146,14101,0,144,21029,0,210,16221,0,326,30079,0,380,33592,0,243,40409,0,753,54121,0,401,63888,0,548,53203,0,288,64256,0,501,104795,0,1145,118790,0,899,78829,0,573,240405,0,1607,133850,0,921,96044,0,1148,381218,0
-1.05176e+08,1,8.88811e-15,10,1023,0,1.05176e+08,0.528882,1.08665,0.389689,0.145397,0.379329,3.24381,0.161596,0.446195,1.77396,0.159177,1.15e+07,4.49998e+06,6.79999e+06,1.15e+07,4.49997e+06,6.79999e+06,1.15e+07,4.49996e+06,6.79999e+06,1.15e+07,4.49995e+06,6.79999e+06,1.14999e+07,4.49993e+06,6.79999e+06,1.14999e+07,4.49991e+06,6.79999e+06,1.14999e+07,4.49989e+06,6.79999e+06,1.14999e+07,4.49986e+06,6.79999e+06,1.14999e+07,4.49982e+06,6.79999e+06,1.14999e+07,4.49977e+06,6.79999e+06,1.14999e+07,4.49971e+06,6.79999e+06,1.14999e+07,4.49963e+06,6.79999e+06,1.14998e+07,4.49953e+06,6.79999e+06,1.14998e+07,4.49941e+06,6.79999e+06,1.14998e+07,4.49926e+06,6.79999e+06,1.14998e+07,4.49906e+06,6.79999e+06,1.14997e+07,4.49882e+06,6.79999e+06,1.14997e+07,4.49851e+06,6.79999e+06,1.14997e+07,4.49812e+06,6.79999e+06,1.14996e+07,4.49764e+06,6.79999e+06,1.14996e+07,4.49702e+06,6.79999e+06,1.14995e+07,4.49625e+06,6.79999e+06,1.14995e+07,4.49528e+06,6.79999e+06,1.14994e+07,4.49406e+06,6.79999e+06,1.14993e+07,4.49253e+06,6.79999e+06,1.14992e+07,4.49059e+06,6.79999e+06,1.14991e+07,4.48817e+06,6.79999e+06,1.1499e+07,4.48511e+06,6.79999e+06,1.14988e+07,4.48128e+06,6.79999e+06,1.14987e+07,4.47646e+06,6.79999e+06,1.14985e+07,4.47041e+06,6.79999e+06,1.14983e+07,4.46281e+06,6.79999e+06,1.14981e+07,4.4533e+06,6.79999e+06,1.14979e+07,4.44138e+06,6.79999e+06,1.14976e+07,4.42649e+06,6.79999e+06,1.14972e+07,4.40789e+06,6.79999e+06,1.14969e+07,4.38471e+06,6.79999e+06,1.14965e+07,4.35592e+06,6.79999e+06,1.1496e+07,4.32027e+06,6.79999e+06,1.14955e+07,4.27629e+06,6.79999e+06,1.14949e+07,4.22231e+06,6.79999e+06,1.14942e+07,4.15647e+06,6.79999e+06,1.14934e+07,4.07676e+06,6.79999e+06,1.14926e+07,3.98112e+06,6.79999e+06,1.14916e+07,3.86765e+06,6.79999e+06,1.14905e+07,3.73474e+06,6.79999e+06,1.14892e+07,3.58148e+06,6.79999e+06,1.14878e+07,3.40785e+06,6.79999e+06,1.14862e+07,3.21513e+06,6.79999e+06,1.14844e+07,3.00605e+06,6.79999e+06,1.14823e+07,2.7848e+06,6.79999e+06,1.148e+07,2.5568e+06,6.79999e+06,1.14773e+07,2.32825e+06,6.79999e+06,13.5742,8.52444,0.508366,16.8306,13.2585,0.162638,20.0035,17.569,0.0507846,23.2616,22.4214,0.0158319,26.7328,28.3297,0.00493498,30.5212,35.6974,0.00153831,34.7178,44.9473,0.000479527,39.4086,56.5822,0.000149456,44.6796,71.2245,4.66214e-05,50.6209,89.6543,1.45419e-05,57.3297,112.852,4.54748e-06,64.9129,142.051,1.43857e-06,73.4897,178.803,4.36618e-07,83.1934,225.062,1.40153e-07,94.1745,283.286,4.96378e-08,106.602,356.568,1.05434e-07,120.669,448.799,-6.49244e-08,136.59,564.873,1.70148e-07,154.611,710.948,-5.34594e-08,175.008,894.767,1.63407e-07,198.097,1126.06,8.04804e-08,224.231,1417.07,1.14667e-07,253.813,1783.15,-1.71227e-07,287.297,2243.62,-2.88466e-07,325.198,2822.67,-4.33651e-07,368.098,3550.67,7.9318e-08,416.657,4465.65,3.13319e-07,471.621,5615.16,3.4613e-07,533.835,7058.61,-1.19199e-07,604.255,8870.02,-2.79964e-07,683.962,11141.4,-2.30521e-07,774.182,13986.7,-2.55099e-07,876.299,17546.4,1.23585e-07,991.883,21993.1,1.41192e-07,1122.71,27536.7,-9.71886e-08,1270.78,34430.7,-3.68368e-07,1438.38,42977.7,-3.45379e-07,1628.07,53532.7,-3.25328e-09,1842.77,66504.6,2.6362e-07,2085.77,82350.2,2.53445e-07,2360.79,101560,-2.47407e-08,2672.05,124632,-3.80602e-07,3024.31,152018,-4.79005e-07,3422.98,184060,-1.14379e-07,3874.15,220884,2.64297e-07,4384.72,262283,3.44131e-07,4962.49,307576,7.5349e-08,5616.29,355497,-3.63097e-07,6356.1,404126,-6.05442e-07,7193.18,450932,-2.72333e-07,8140.28,492963,2.29675e-07,9211.79,527178,4.3387e-07,10424,550893,-1.0711e-07,10.102,8.06553,2.81012,10.6436,8.57909,0.869423,11.5336,10.2515,0.270869,12.7211,12.7138,0.0844293,14.1823,15.9373,0.0263173,15.9122,20.0383,0.0082035,17.9198,25.2154,0.00255722,20.2244,31.7373,0.000797017,22.8539,39.9486,0.000248622,25.8438,50.2851,7.75492e-05,29.237,63.2963,2.42508e-05,33.0837,79.6738,7.67162e-06,37.4415,100.288,2.32837e-06,42.3767,126.236,7.33e-07,47.9646,158.896,2.79256e-07,54.2906,200.003,9.87351e-09,61.452,251.741,1.61085e-07,69.5585,316.859,-2.47141e-07,78.7347,398.812,8.93552e-08,89.1218,501.948,-2.53231e-07,100.879,631.736,-1.25047e-07,114.188,795.049,-1.78808e-07,129.252,1000.53,2.6733e-07,146.304,1259.03,4.50292e-07,165.605,1584.19,6.76904e-07,187.452,1993.12,-1.23808e-07,212.181,2507.27,-4.89068e-07,240.173,3153.54,-5.40284e-07,271.856,3965.56,1.86061e-07,307.719,4985.38,4.37004e-07,348.313,6265.4,3.59828e-07,394.26,7870.83,3.98192e-07,446.268,9882.51,-1.92908e-07,505.135,12400.3,-2.20392e-07,571.766,15546.9,1.51705e-07,647.184,19472.2,5.74996e-07,732.547,24357.4,5.39112e-07,829.167,30420,5.07815e-09,938.526,37916.3,-4.11492e-07,1062.3,47143.9,-3.9561e-07,1202.4,58439.2,3.86185e-08,1360.96,72169.3,5.94093e-07,1540.42,88715.8,7.47693e-07,1743.53,108445,1.78537e-07,1973.41,131665,-4.12549e-07,2233.57,158557,-5.37164e-07,2528,189103,-1.17615e-07,2861.2,222986,5.66769e-07,3238.27,259510,9.45053e-07,3664.97,297540,4.25093e-07,4147.81,335497,-3.58506e-07,4694.17,371444,-6.7724e-07,5312.37,403256,1.67192e-07,1.61744,3.89446,9.84394,3.28846,7.5504,12.774,5.07607,11.7187,13.6844,7.03202,16.8147,13.9681,9.20215,23.1769,14.0566,11.6301,31.1672,14.0841,14.3598,41.2186,14.0927,17.4376,53.8688,14.0954,20.9137,69.7915,14.0962,24.8432,89.8341,14.0965,29.2879,115.063,14.0966,34.3168,146.819,14.0966,40.0078,186.792,14.0966,46.4487,237.107,14.0966,53.7388,300.44,14.0966,61.9903,380.158,14.0966,71.3301,480.499,14.0966,81.902,606.796,14.0966,93.8685,765.761,14.0966,107.414,965.837,14.0966,122.746,1217.65,14.0966,140.101,1534.57,14.0966,159.745,1933.41,14.0966,181.981,2435.3,14.0966,207.15,3066.85,14.0966,235.64,3861.46,14.0966,267.889,4861.11,14.0966,304.391,6118.54,14.0966,345.709,7699.91,14.0966,392.478,9688.22,14.0966,445.417,12187.5,14.0966,505.339,15327.7,14.0966,573.165,19271.6,14.0966,649.938,24222,14.0966,736.839,30430.9,14.0966,835.202,38211.5,14.0966,946.539,47950.3,14.0966,1072.56,60122.8,14.0966,1215.21,75309.9,14.0966,1376.66,94216.2,14.0966,1559.41,117688,14.0966,1766.26,146729,14.0966,2000.39,182510,14.0966,2265.39,226372,14.0966,2565.33,279806,14.0966,2904.81,344416,14.0966,3289.05,421845,14.0966,3723.93,513667,14.0966,4216.13,621231,14.0966,4773.18,745478,14.0966,5403.64,886744,14.0966,6117.15,1.04457e+06,14.0966,6924.63,1.2176e+06,14.0966,11.7194,11.96,12.6541,13.9321,16.1295,13.6434,16.6097,21.9702,13.9553,19.7532,29.5285,14.0526,23.3844,39.1143,14.0829,27.5423,51.2054,14.0923,32.2796,66.434,14.0953,37.662,85.6061,14.0962,43.7675,109.74,14.0965,50.687,140.119,14.0966,58.5249,178.359,14.0966,67.4005,226.493,14.0966,77.4493,287.08,14.0966,88.8254,363.343,14.0966,101.703,459.336,14.0966,116.281,580.161,14.0966,132.782,732.241,14.0966,151.46,923.655,14.0966,172.603,1164.57,14.0966,196.535,1467.79,14.0966,223.625,1849.39,14.0966,254.288,2329.62,14.0966,288.997,2933.93,14.0966,328.285,3694.33,14.0966,372.755,4651.04,14.0966,423.092,5854.57,14.0966,480.07,7368.38,14.0966,544.564,9272.08,14.0966,617.566,11665.5,14.0966,700.197,14673.6,14.0966,793.729,18452.9,14.0966,899.599,23198.6,14.0966,1019.43,29154.1,14.0966,1155.07,36622.3,14.0966,1308.6,45977.9,14.0966,1482.39,57683.7,14.0966,1679.09,72307.8,14.0966,1901.73,90542.8,14.0966,2153.73,113226,14.0966,2438.97,141360,14.0966,2761.81,176127,14.0966,3127.22,218898,14.0966,3540.81,271226,14.0966,4008.92,334817,14.0966,4538.74,411470,14.0966,5138.38,502973,14.0966,5817.04,610948,14.0966,6585.12,736653,14.0966,7454.39,880741,14.0966,8438.15,1.04302e+06,14.0966,9551.45,1.22224e+06,14.0966,10811.3,1.41602e+06,14.0966,12237,1.62086e+06,14.0966,11.7194,11.96,12.6541,2.21263,4.16949,0.989383,2.67766,5.84076,0.311842,3.14343,7.55825,0.0972771,3.63127,9.58578,0.0303237,4.15787,12.0912,0.00945211,4.73731,15.2286,0.00294633,5.38238,19.1721,0.000918508,6.10553,24.134,0.000286163,6.91951,30.3791,8.92692e-05,7.83792,38.2397,2.78121e-05,8.87555,48.1338,8.65134e-06,10.0489,60.5876,2.7882e-06,11.3761,76.2629,8.29036e-07,12.8779,95.9927,2.4373e-07,14.5775,120.825,4.33068e-09,16.5012,152.08,1.75749e-07,18.6784,191.415,-1.86328e-07,21.1428,240.917,1.91829e-07,23.9322,303.213,-1.81475e-07,27.0895,381.602,7.0186e-08,30.6634,480.231,-2.86769e-08,34.7087,604.316,2.40784e-07,39.2876,760.401,9.87368e-08,44.4705,956.705,1.22263e-07,50.3371,1203.54,-4.31966e-07,56.9776,1513.81,-1.9705e-07,64.494,1903.69,-2.763e-08,73.0018,2393.4,3.9185e-07,82.6317,3008.13,1.35379e-07,93.5318,3779.25,-4.16351e-08,105.869,4745.7,2.06965e-08,119.834,5955.6,-3.18887e-07,135.641,7468.12,-1.48271e-08,153.531,9355.62,2.00739e-07,173.781,11705.8,2.28358e-07,196.701,14624.1,-1.93587e-08,222.642,18235,-2.88101e-07,252.003,22683.4,-2.24732e-07,285.234,28134,8.56806e-09,322.845,34767,2.34258e-07,365.413,42770.9,2.99668e-07,413.588,52327.9,8.28644e-08,468.111,63591.2,-3.07049e-07,529.814,76653.2,-3.1888e-07,599.642,91502.5,-6.72276e-08,678.662,107975,2.26339e-07,768.083,125705,3.69212e-07,869.267,144088,2.04077e-07,983.76,162277,-2.80509e-07,1113.3,179223,-4.22737e-07,1259.87,193777,-1.71951e-07,1425.68,204839,4.55555e-07,11.7194,11.96,12.6541,2.21263,4.16949,0.989383,2.67766,5.84076,0.311842,3.14343,7.55825,0.0972771,3.63127,9.58578,0.0303237,4.15787,12.0912,0.00945211,4.73731,15.2286,0.00294633,5.38238,19.1721,0.000918508,6.10553,24.134,0.000286163,6.91951,30.3791,8.92692e-05,7.83792,38.2397,2.78121e-05,8.87555,48.1338,8.65134e-06,10.0489,60.5876,2.7882e-06,11.3761,76.2629,8.29036e-07,12.8779,95.9927,2.4373e-07,14.5775,120.825,1e-08,16.5012,152.08,1.75749e-07,18.6784,191.415,1e-08,21.1428,240.917,1.91829e-07,23.9322,303.213,1e-08,27.0895,381.602,7.0186e-08,30.6634,480.231,1e-08,34.7087,604.316,2.40784e-07,39.2876,760.401,9.87368e-08,44.4705,956.705,1.22263e-07,50.3371,1203.54,1e-08,56.9776,1513.81,1e-08,64.494,1903.69,1e-08,73.0018,2393.4,3.9185e-07,82.6317,3008.13,1.35379e-07,93.5318,3779.25,1e-08,105.869,4745.7,2.06965e-08,119.834,5955.6,1e-08,135.641,7468.12,1e-08,153.531,9355.62,2.00739e-07,173.781,11705.8,2.28358e-07,196.701,14624.1,1e-08,222.642,18235,1e-08,252.003,22683.4,1e-08,285.234,28134,1e-08,322.845,34767,2.34258e-07,365.413,42770.9,2.99668e-07,413.588,52327.9,8.28644e-08,468.111,63591.2,1e-08,529.814,76653.2,1e-08,599.642,91502.5,1e-08,678.662,107975,2.26339e-07,768.083,125705,3.69212e-07,869.267,144088,2.04077e-07,983.76,162277,1e-08,1113.3,179223,1e-08,1259.87,193777,1e-08,1425.68,204839,4.55555e-07,6.2823,3.27286,2.43537,0.219672,6.18826,2.24117,0.56371,6.87772,2.63624,0.308279,13,9,15,2,1,2,1,8,0,1,8,0,5,7,0,2,17,0,6,14,0,4,32,0,8,25,0,5,17,0,2,27,0,12,62,0,9,35,0,17,85,0,12,33,0,4,78,0,15,260,0,22,172,0,58,340,0,6,147,0,28,445,0,27,730,0,19,432,0,49,611,0,36,291,0,29,747,0,96,2066,0,45,2302,0,69,3359,0,85,2200,0,73,4573,0,72,4754,0,226,5654,0,210,6889,0,71,14603,0,364,8391,0,200,18262,0,371,11258,0,475,39178,0,233,23490,0,739,11447,0,470,65957,0,602,82205,0,710,75183,0,302,36685,0,1044,105909,0,291,128634,0,443,48993,0,378,47418,0,1081,206683,0,1229,123915,0,1082,180929,0,1403,257535,0
-1.05176e+08,1,8.88811e-15,10,1023,0,1.05176e+08,0.528882,1.08665,0.389689,0.145397,0.379329,3.24381,0.161596,0.446195,1.77396,0.159177,1.15e+07,4.49998e+06,6.79999e+06,1.15e+07,4.49997e+06,6.79999e+06,1.15e+07,4.49996e+06,6.79999e+06,1.15e+07,4.49995e+06,6.79999e+06,1.14999e+07,4.49993e+06,6.79999e+06,1.14999e+07,4.49991e+06,6.79999e+06,1.14999e+07,4.49989e+06,6.79999e+06,1.14999e+07,4.49986e+06,6.79999e+06,1.14999e+07,4.49982e+06,6.79999e+06,1.14999e+07,4.49977e+06,6.79999e+06,1.14999e+07,4.49971e+06,6.79999e+06,1.14999e+07,4.49963e+06,6.79999e+06,1.14998e+07,4.49953e+06,6.79999e+06,1.14998e+07,4.49941e+06,6.79999e+06,1.14998e+07,4.49926e+06,6.79999e+06,1.14998e+07,4.49906e+06,6.79999e+06,1.14997e+07,4.49882e+06,6.79999e+06,1.14997e+07,4.49851e+06,6.79999e+06,1.14997e+07,4.49812e+06,6.79999e+06,1.14996e+07,4.49764e+06,6.79999e+06,1.14996e+07,4.49702e+06,6.79999e+06,1.14995e+07,4.49625e+06,6.79999e+06,1.14995e+07,4.49528e+06,6.79999e+06,1.14994e+07,4.49406e+06,6.79999e+06,1.14993e+07,4.49253e+06,6.79999e+06,1.14992e+07,4.49059e+06,6.79999e+06,1.14991e+07,4.48817e+06,6.79999e+06,1.1499e+07,4.48511e+06,6.79999e+06,1.14988e+07,4.48128e+06,6.79999e+06,1.14987e+07,4.47646e+06,6.79999e+06,1.14985e+07,4.47041e+06,6.79999e+06,1.14983e+07,4.46281e+06,6.79999e+06,1.14981e+07,4.4533e+06,6.79999e+06,1.14979e+07,4.44138e+06,6.79999e+06,1.14976e+07,4.42649e+06,6.79999e+06,1.14972e+07,4.40789e+06,6.79999e+06,1.14969e+07,4.38471e+06,6.79999e+06,1.14965e+07,4.35592e+06,6.79999e+06,1.1496e+07,4.32027e+06,6.79999e+06,1.14955e+07,4.27629e+06,6.79999e+06,1.14949e+07,4.22231e+06,6.79999e+06,1.14942e+07,4.15647e+06,6.79999e+06,1.14934e+07,4.07676e+06,6.79999e+06,1.14926e+07,3.98112e+06,6.79999e+06,1.14916e+07,3.86765e+06,6.79999e+06,1.14905e+07,3.73474e+06,6.79999e+06,1.14892e+07,3.58148e+06,6.79999e+06,1.14878e+07,3.40785e+06,6.79999e+06,1.14862e+07,3.21513e+06,6.79999e+06,1.14844e+07,3.00605e+06,6.79999e+06,1.14823e+07,2.7848e+06,6.79999e+06,1.148e+07,2.5568e+06,6.79999e+06,1.14773e+07,2.32825e+06,6.79999e+06,13.5742,8.52444,0.508366,16.8306,13.2585,0.162638,20.0035,17.569,0.0507846,23.2616,22.4214,0.0158319,26.7328,28.3297,0.00493498,30.5212,35.6974,0.00153831,34.7178,44.9473,0.000479527,39.4086,56.5822,0.000149456,44.6796,71.2245,4.66214e-05,50.6209,89.6543,1.45419e-05,57.3297,112.852,4.54748e-06,64.9129,142.051,1.43857e-06,73.4897,178.803,4.36618e-07,83.1934,225.062,1.40153e-07,94.1745,283.286,4.96378e-08,106.602,356.568,1.05434e-07,120.669,448.799,-6.49244e-08,136.59,564.873,1.70148e-07,154.611,710.948,-5.34594e-08,175.008,894.767,1.63407e-07,198.097,1126.06,8.04804e-08,224.231,1417.07,1.14667e-07,253.813,1783.15,-1.71227e-07,287.297,2243.62,-2.88466e-07,325.198,2822.67,-4.33651e-07,368.098,3550.67,7.9318e-08,416.657,4465.65,3.13319e-07,471.621,5615.16,3.4613e-07,533.835,7058.61,-1.19199e-07,604.255,8870.02,-2.79964e-07,683.962,11141.4,-2.30521e-07,774.182,13986.7,-2.55099e-07,876.299,17546.4,1.23585e-07,991.883,21993.1,1.41192e-07,1122.71,27536.7,-9.71886e-08,1270.78,34430.7,-3.68368e-07,1438.38,42977.7,-3.45379e-07,1628.07,53532.7,-3.25328e-09,1842.77,66504.6,2.6362e-07,2085.77,82350.2,2.53445e-07,2360.79,101560,-2.47407e-08,2672.05,124632,-3.80602e-07,3024.31,152018,-4.79005e-07,3422.98,184060,-1.14379e-07,3874.15,220884,2.64297e-07,4384.72,262283,3.44131e-07,4962.49,307576,7.5349e-08,5616.29,355497,-3.63097e-07,6356.1,404126,-6.05442e-07,7193.18,450932,-2.72333e-07,8140.28,492963,2.29675e-07,9211.79,527178,4.3387e-07,10424,550893,-1.0711e-07,10.102,8.06553,2.81012,10.6436,8.57909,0.869423,11.5336,10.2515,0.270869,12.7211,12.7138,0.0844293,14.1823,15.9373,0.0263173,15.9122,20.0383,0.0082035,17.9198,25.2154,0.00255722,20.2244,31.7373,0.000797017,22.8539,39.9486,0.000248622,25.8438,50.2851,7.75492e-05,29.237,63.2963,2.42508e-05,33.0837,79.6738,7.67162e-06,37.4415,100.288,2.32837e-06,42.3767,126.236,7.33e-07,47.9646,158.896,2.79256e-07,54.2906,200.003,9.87351e-09,61.452,251.741,1.61085e-07,69.5585,316.859,-2.47141e-07,78.7347,398.812,8.93552e-08,89.1218,501.948,-2.53231e-07,100.879,631.736,-1.25047e-07,114.188,795.049,-1.78808e-07,129.252,1000.53,2.6733e-07,146.304,1259.03,4.50292e-07,165.605,1584.19,6.76904e-07,187.452,1993.12,-1.23808e-07,212.181,2507.27,-4.89068e-07,240.173,3153.54,-5.40284e-07,271.856,3965.56,1.86061e-07,307.719,4985.38,4.37004e-07,348.313,6265.4,3.59828e-07,394.26,7870.83,3.98192e-07,446.268,9882.51,-1.92908e-07,505.135,12400.3,-2.20392e-07,571.766,15546.9,1.51705e-07,647.184,19472.2,5.74996e-07,732.547,24357.4,5.39112e-07,829.167,30420,5.07815e-09,938.526,37916.3,-4.11492e-07,1062.3,47143.9,-3.9561e-07,1202.4,58439.2,3.86185e-08,1360.96,72169.3,5.94093e-07,1540.42,88715.8,7.47693e-07,1743.53,108445,1.78537e-07,1973.41,131665,-4.12549e-07,2233.57,158557,-5.37164e-07,2528,189103,-1.17615e-07,2861.2,222986,5.66769e-07,3238.27,259510,9.45053e-07,3664.97,297540,4.25093e-07,4147.81,335497,-3.58506e-07,4694.17,371444,-6.7724e-07,5312.37,403256,1.67192e-07,1.61744,3.89446,9.84394,3.28846,7.5504,12.774,5.07607,11.7187,13.6844,7.03202,16.8147,13.9681,9.20215,23.1769,14.0566,11.6301,31.1672,14.0841,14.3598,41.2186,14.0927,17.4376,53.8688,14.0954,20.9137,69.7915,14.0962,24.8432,89.8341,14.0965,29.2879,115.063,14.0966,34.3168,146.819,14.0966,40.0078,186.792,14.0966,46.4487,237.107,14.0966,53.7388,300.44,14.0966,61.9903,380.158,14.0966,71.3301,480.499,14.0966,81.902,606.796,14.0966,93.8685,765.761,14.0966,107.414,965.837,14.0966,122.746,1217.65,14.0966,140.101,1534.57,14.0966,159.745,1933.41,14.0966,181.981,2435.3,14.0966,207.15,3066.85,14.0966,235.64,3861.46,14.0966,267.889,4861.11,14.0966,304.391,6118.54,14.0966,345.709,7699.91,14.0966,392.478,9688.22,14.0966,445.417,12187.5,14.0966,505.339,15327.7,14.0966,573.165,19271.6,14.0966,649.938,24222,14.0966,736.839,30430.9,14.0966,835.202,38211.5,14.0966,946.539,47950.3,14.0966,1072.56,60122.8,14.0966,1215.21,75309.9,14.0966,1376.66,94216.2,14.0966,1559.41,117688,14.0966,1766.26,146729,14.0966,2000.39,182510,14.0966,2265.39,226372,14.0966,2565.33,279806,14.0966,2904.81,344416,14.0966,3289.05,421845,14.0966,3723.93,513667,14.0966,4216.13,621231,14.0966,4773.18,745478,14.0966,5403.64,886744,14.0966,6117.15,1.04457e+06,14.0966,6924.63,1.2176e+06,14.0966,11.7194,11.96,12.6541,13.9321,16.1295,13.6434,16.6097,21.9702,13.9553,19.7532,29.5285,14.0526,23.3844,39.1143,14.0829,27.5423,51.2054,14.0923,32.2796,66.434,14.0953,37.662,85.6061,14.0962,43.7675,109.74,14.0965,50.687,140.119,14.0966,58.5249,178.359,14.0966,67.4005,226.493,14.0966,77.4493,287.08,14.0966,88.8254,363.343,14.0966,101.703,459.336,14.0966,116.281,580.161,14.0966,132.782,732.241,14.0966,151.46,923.655,14.0966,172.603,1164.57,14.0966,196.535,1467.79,14.0966,223.625,1849.39,14.0966,254.288,2329.62,14.0966,288.997,2933.93,14.0966,328.285,3694.33,14.0966,372.755,4651.04,14.0966,423.092,5854.57,14.0966,480.07,7368.38,14.0966,544.564,9272.08,14.0966,617.566,11665.5,14.0966,700.197,14673.6,14.0966,793.729,18452.9,14.0966,899.599,23198.6,14.0966,1019.43,29154.1,14.0966,1155.07,36622.3,14.0966,1308.6,45977.9,14.0966,1482.39,57683.7,14.0966,1679.09,72307.8,14.0966,1901.73,90542.8,14.0966,2153.73,113226,14.0966,2438.97,141360,14.0966,2761.81,176127,14.0966,3127.22,218898,14.0966,3540.81,271226,14.0966,4008.92,334817,14.0966,4538.74,411470,14.0966,5138.38,502973,14.0966,5817.04,610948,14.0966,6585.12,736653,14.0966,7454.39,880741,14.0966,8438.15,1.04302e+06,14.0966,9551.45,1.22224e+06,14.0966,10811.3,1.41602e+06,14.0966,12237,1.62086e+06,14.0966,11.7194,11.96,12.6541,2.21263,4.16949,0.989383,2.67766,5.84076,0.311842,3.14343,7.55825,0.0972771,3.63127,9.58578,0.0303237,4.15787,12.0912,0.00945211,4.73731,15.2286,0.00294633,5.38238,19.1721,0.000918508,6.10553,24.134,0.000286163,6.91951,30.3791,8.92692e-05,7.83792,38.2397,2.78121e-05,8.87555,48.1338,8.65134e-06,10.0489,60.5876,2.7882e-06,11.3761,76.2629,8.29036e-07,12.8779,95.9927,2.4373e-07,14.5775,120.825,4.33068e-09,16.5012,152.08,1.75749e-07,18.6784,191.415,-1.86328e-07,21.1428,240.917,1.91829e-07,23.9322,303.213,-1.81475e-07,27.0895,381.602,7.0186e-08,30.6634,480.231,-2.86769e-08,34.7087,604.316,2.40784e-07,39.2876,760.401,9.87368e-08,44.4705,956.705,1.22263e-07,50.3371,1203.54,-4.31966e-07,56.9776,1513.81,-1.9705e-07,64.494,1903.69,-2.763e-08,73.0018,2393.4,3.9185e-07,82.6317,3008.13,1.35379e-07,93.5318,3779.25,-4.16351e-08,105.869,4745.7,2.06965e-08,119.834,5955.6,-3.18887e-07,135.641,7468.12,-1.48271e-08,153.531,9355.62,2.00739e-07,173.781,11705.8,2.28358e-07,196.701,14624.1,-1.93587e-08,222.642,18235,-2.88101e-07,252.003,22683.4,-2.24732e-07,285.234,28134,8.56806e-09,322.845,34767,2.34258e-07,365.413,42770.9,2.99668e-07,413.588,52327.9,8.28644e-08,468.111,63591.2,-3.07049e-07,529.814,76653.2,-3.1888e-07,599.642,91502.5,-6.72276e-08,678.662,107975,2.26339e-07,768.083,125705,3.69212e-07,869.267,144088,2.04077e-07,983.76,162277,-2.80509e-07,1113.3,179223,-4.22737e-07,1259.87,193777,-1.71951e-07,1425.68,204839,4.55555e-07,11.7194,11.96,12.6541,2.21263,4.16949,0.989383,2.67766,5.84076,0.311842,3.14343,7.55825,0.0972771,3.63127,9.58578,0.0303237,4.15787,12.0912,0.00945211,4.73731,15.2286,0.00294633,5.38238,19.1721,0.000918508,6.10553,24.134,0.000286163,6.91951,30.3791,8.92692e-05,7.83792,38.2397,2.78121e-05,8.87555,48.1338,8.65134e-06,10.0489,60.5876,2.7882e-06,11.3761,76.2629,8.29036e-07,12.8779,95.9927,2.4373e-07,14.5775,120.825,1e-08,16.5012,152.08,1.75749e-07,18.6784,191.415,1e-08,21.1428,240.917,1.91829e-07,23.9322,303.213,1e-08,27.0895,381.602,7.0186e-08,30.6634,480.231,1e-08,34.7087,604.316,2.40784e-07,39.2876,760.401,9.87368e-08,44.4705,956.705,1.22263e-07,50.3371,1203.54,1e-08,56.9776,1513.81,1e-08,64.494,1903.69,1e-08,73.0018,2393.4,3.9185e-07,82.6317,3008.13,1.35379e-07,93.5318,3779.25,1e-08,105.869,4745.7,2.06965e-08,119.834,5955.6,1e-08,135.641,7468.12,1e-08,153.531,9355.62,2.00739e-07,173.781,11705.8,2.28358e-07,196.701,14624.1,1e-08,222.642,18235,1e-08,252.003,22683.4,1e-08,285.234,28134,1e-08,322.845,34767,2.34258e-07,365.413,42770.9,2.99668e-07,413.588,52327.9,8.28644e-08,468.111,63591.2,1e-08,529.814,76653.2,1e-08,599.642,91502.5,1e-08,678.662,107975,2.26339e-07,768.083,125705,3.69212e-07,869.267,144088,2.04077e-07,983.76,162277,1e-08,1113.3,179223,1e-08,1259.87,193777,1e-08,1425.68,204839,4.55555e-07,6.2823,3.27286,2.43537,0.219672,6.18826,2.24117,0.56371,6.87772,2.63624,0.308279,21,8,16,3,8,2,2,6,0,3,15,0,4,18,0,3,13,0,5,14,0,4,13,0,0,14,0,7,47,0,12,41,0,13,38,0,8,52,0,9,63,0,18,82,0,6,34,0,26,133,0,15,119,0,46,304,0,13,243,0,27,395,0,63,463,0,51,707,0,61,503,0,47,1085,0,44,677,0,35,948,0,49,1486,0,41,2347,0,92,1978,0,122,2887,0,65,4364,0,31,6777,0,206,10173,0,159,12825,0,222,13111,0,153,11140,0,398,22206,0,154,26526,0,231,21901,0,305,31408,0,312,44378,0,260,58770,0,420,27392,0,420,101190,0,535,114309,0,640,130887,0,751,67744,0,629,122407,0,957,208153,0,463,93322,0,1578,154481,0,1105,296543,0
-1.05176e+08,1,8.88811e-15,10,1023,0,1.05176e+08,0.528882,1.08665,0.389689,0.145397,0.379329,3.24381,0.161596,0.446195,1.77396,0.159177,1.15e+07,4.49998e+06,6.79999e+06,1.15e+07,4.49997e+06,6.79999e+06,1.15e+07,4.49996e+06,6.79999e+06,1.15e+07,4.49995e+06,6.79999e+06,1.14999e+07,4.49993e+06,6.79999e+06,1.14999e+07,4.49991e+06,6.79999e+06,1.14999e+07,4.49989e+06,6.79999e+06,1.14999e+07,4.49986e+06,6.79999e+06,1.14999e+07,4.49982e+06,6.79999e+06,1.14999e+07,4.49977e+06,6.79999e+06,1.14999e+07,4.49971e+06,6.79999e+06,1.14999e+07,4.49963e+06,6.79999e+06,1.14998e+07,4.49953e+06,6.79999e+06,1.14998e+07,4.49941e+06,6.79999e+06,1.14998e+07,4.49926e+06,6.79999e+06,1.14998e+07,4.49906e+06,6.79999e+06,1.14997e+07,4.49882e+06,6.79999e+06,1.14997e+07,4.49851e+06,6.79999e+06,1.14997e+07,4.49812e+06,6.79999e+06,1.14996e+07,4.49764e+06,6.79999e+06,1.14996e+07,4.49702e+06,6.79999e+06,1.14995e+07,4.49625e+06,6.79999e+06,1.14995e+07,4.49528e+06,6.79999e+06,1.14994e+07,4.49406e+06,6.79999e+06,1.14993e+07,4.49253e+06,6.79999e+06,1.14992e+07,4.49059e+06,6.79999e+06,1.14991e+07,4.48817e+06,6.79999e+06,1.1499e+07,4.48511e+06,6.79999e+06,1.14988e+07,4.48128e+06,6.79999e+06,1.14987e+07,4.47646e+06,6.79999e+06,1.14985e+07,4.47041e+06,6.79999e+06,1.14983e+07,4.46281e+06,6.79999e+06,1.14981e+07,4.4533e+06,6.79999e+06,1.14979e+07,4.44138e+06,6.79999e+06,1.14976e+07,4.42649e+06,6.79999e+06,1.14972e+07,4.40789e+06,6.79999e+06,1.14969e+07,4.38471e+06,6.79999e+06,1.14965e+07,4.35592e+06,6.79999e+06,1.1496e+07,4.32027e+06,6.79999e+06,1.14955e+07,4.27629e+06,6.79999e+06,1.14949e+07,4.22231e+06,6.79999e+06,1.14942e+07,4.15647e+06,6.79999e+06,1.14934e+07,4.07676e+06,6.79999e+06,1.14926e+07,3.98112e+06,6.79999e+06,1.14916e+07,3.86765e+06,6.79999e+06,1.14905e+07,3.73474e+06,6.79999e+06,1.14892e+07,3.58148e+06,6.79999e+06,1.14878e+07,3.40785e+06,6.79999e+06,1.14862e+07,3.21513e+06,6.79999e+06,1.14844e+07,3.00605e+06,6.79999e+06,1.14823e+07,2.7848e+06,6.79999e+06,1.148e+07,2.5568e+06,6.79999e+06,1.14773e+07,2.32825e+06,6.79999e+06,13.5742,8.52444,0.508366,16.8306,13.2585,0.162638,20.0035,17.569,0.0507846,23.2616,22.4214,0.0158319,26.7328,28.3297,0.00493498,30.5212,35.6974,0.00153831,34.7178,44.9473,0.000479527,39.4086,56.5822,0.000149456,44.6796,71.2245,4.66214e-05,50.6209,89.6543,1.45419e-05,57.3297,112.852,4.54748e-06,64.9129,142.051,1.43857e-06,73.4897,178.803,4.36618e-07,83.1934,225.062,1.40153e-07,94.1745,283.286,4.96378e-08,106.602,356.568,1.05434e-07,120.669,448.799,-6.49244e-08,136.59,564.873,1.70148e-07,154.611,710.948,-5.34594e-08,175.008,894.767,1.63407e-07,198.097,1126.06,8.04804e-08,224.231,1417.07,1.14667e-07,253.813,1783.15,-1.71227e-07,287.297,2243.62,-2.88466e-07,325.198,2822.67,-4.33651e-07,368.098,3550.67,7.9318e-08,416.657,4465.65,3.13319e-07,471.621,5615.16,3.4613e-07,533.835,7058.61,-1.19199e-07,604.255,8870.02,-2.79964e-07,683.962,11141.4,-2.30521e-07,774.182,13986.7,-2.55099e-07,876.299,17546.4,1.23585e-07,991.883,21993.1,1.41192e-07,1122.71,27536.7,-9.71886e-08,1270.78,34430.7,-3.68368e-07,1438.38,42977.7,-3.45379e-07,1628.07,53532.7,-3.25328e-09,1842.77,66504.6,2.6362e-07,2085.77,82350.2,2.53445e-07,2360.79,101560,-2.47407e-08,2672.05,124632,-3.80602e-07,3024.31,152018,-4.79005e-07,3422.98,184060,-1.14379e-07,3874.15,220884,2.64297e-07,4384.72,262283,3.44131e-07,4962.49,307576,7.5349e-08,5616.29,355497,-3.63097e-07,6356.1,404126,-6.05442e-07,7193.18,450932,-2.72333e-07,8140.28,492963,2.29675e-07,9211.79,527178,4.3387e-07,10424,550893,-1.0711e-07,10.102,8.06553,2.81012,10.6436,8.57909,0.869423,11.5336,10.2515,0.270869,12.7211,12.7138,0.0844293,14.1823,15.9373,0.0263173,15.9122,20.0383,0.0082035,17.9198,25.2154,0.00255722,20.2244,31.7373,0.000797017,22.8539,39.9486,0.000248622,25.8438,50.2851,7.75492e-05,29.237,63.2963,2.42508e-05,33.0837,79.6738,7.67162e-06,37.4415,100.288,2.32837e-06,42.3767,126.236,7.33e-07,47.9646,158.896,2.79256e-07,54.2906,200.003,9.87351e-09,61.452,251.741,1.61085e-07,69.5585,316.859,-2.47141e-07,78.7347,398.812,8.93552e-08,89.1218,501.948,-2.53231e-07,100.879,631.736,-1.25047e-07,114.188,795.049,-1.78808e-07,129.252,1000.53,2.6733e-07,146.304,1259.03,4.50292e-07,165.605,1584.19,6.76904e-07,187.452,1993.12,-1.23808e-07,212.181,2507.27,-4.89068e-07,240.173,3153.54,-5.40284e-07,271.856,3965.56,1.86061e-07,307.719,4985.38,4.37004e-07,348.313,6265.4,3.59828e-07,394.26,7870.83,3.98192e-07,446.268,9882.51,-1.92908e-07,505.135,12400.3,-2.20392e-07,571.766,15546.9,1.51705e-07,647.184,19472.2,5.74996e-07,732.547,24357.4,5.39112e-07,829.167,30420,5.07815e-09,938.526,37916.3,-4.11492e-07,1062.3,47143.9,-3.9561e-07,1202.4,58439.2,3.86185e-08,1360.96,72169.3,5.94093e-07,1540.42,88715.8,7.47693e-07,1743.53,108445,1.78537e-07,1973.41,131665,-4.12549e-07,2233.57,158557,-5.37164e-07,2528,189103,-1.17615e-07,2861.2,222986,5.66769e-07,3238.27,259510,9.45053e-07,3664.97,297540,4.25093e-07,4147.81,335497,-3.58506e-07,4694.17,371444,-6.7724e-07,5312.37,403256,1.67192e-07,1.61744,3.89446,9.84394,3.28846,7.5504,12.774,5.07607,11.7187,13.6844,7.03202,16.8147,13.9681,9.20215,23.1769,14.0566,11.6301,31.1672,14.0841,14.3598,41.2186,14.0927,17.4376,53.8688,14.0954,20.9137,69.7915,14.0962,24.8432,89.8341,14.0965,29.2879,115.063,14.0966,34.3168,146.819,14.0966,40.0078,186.792,14.0966,46.4487,237.107,14.0966,53.7388,300.44,14.0966,61.9903,380.158,14.0966,71.3301,480.499,14.0966,81.902,606.796,14.0966,93.8685,765.761,14.0966,107.414,965.837,14.0966,122.746,1217.65,14.0966,140.101,1534.57,14.0966,159.745,1933.41,14.0966,181.981,2435.3,14.0966,207.15,3066.85,14.0966,235.64,3861.46,14.0966,267.889,4861.11,14.0966,304.391,6118.54,14.0966,345.709,7699.91,14.0966,392.478,9688.22,14.0966,445.417,12187.5,14.0966,505.339,15327.7,14.0966,573.165,19271.6,14.0966,649.938,24222,14.0966,736.839,30430.9,14.0966,835.202,38211.5,14.0966,946.539,47950.3,14.0966,1072.56,60122.8,14.0966,1215.21,75309.9,14.0966,1376.66,94216.2,14.0966,1559.41,117688,14.0966,1766.26,146729,14.0966,2000.39,182510,14.0966,2265.39,226372,14.0966,2565.33,279806,14.0966,2904.81,344416,14.0966,3289.05,421845,14.0966,3723.93,513667,14.0966,4216.13,621231,14.0966,4773.18,745478,14.0966,5403.64,886744,14.0966,6117.15,1.04457e+06,14.0966,6924.63,1.2176e+06,14.0966,11.7194,11.96,12.6541,13.9321,16.1295,13.6434,16.6097,21.9702,13.9553,19.7532,29.5285,14.0526,23.3844,39.1143,14.0829,27.5423,51.2054,14.0923,32.2796,66.434,14.0953,37.662,85.6061,14.0962,43.7675,109.74,14.0965,50.687,140.119,14.0966,58.5249,178.359,14.0966,67.4005,226.493,14.0966,77.4493,287.08,14.0966,88.8254,363.343,14.0966,101.703,459.336,14.0966,116.281,580.161,14.0966,132.782,732.241,14.0966,151.46,923.655,14.0966,172.603,1164.57,14.0966,196.535,1467.79,14.0966,223.625,1849.39,14.0966,254.288,2329.62,14.0966,288.997,2933.93,14.0966,328.285,3694.33,14.0966,372.755,4651.04,14.0966,423.092,5854.57,14.0966,480.07,7368.38,14.0966,544.564,9272.08,14.0966,617.566,11665.5,14.0966,700.197,14673.6,14.0966,793.729,18452.9,14.0966,899.599,23198.6,14.0966,1019.43,29154.1,14.0966,1155.07,36622.3,14.0966,1308.6,45977.9,14.0966,1482.39,57683.7,14.0966,1679.09,72307.8,14.0966,1901.73,90542.8,14.0966,2153.73,113226,14.0966,2438.97,141360,14.0966,2761.81,176127,14.0966,3127.22,218898,14.0966,3540.81,271226,14.0966,4008.92,334817,14.0966,4538.74,411470,14.0966,5138.38,502973,14.0966,5817.04,610948,14.0966,6585.12,736653,14.0966,7454.39,880741,14.0966,8438.15,1.04302e+06,14.0966,9551.45,1.22224e+06,14.0966,10811.3,1.41602e+06,14.0966,12237,1.62086e+06,14.0966,11.7194,11.96,12.6541,2.21263,4.16949,0.989383,2.67766,5.84076,0.311842,3.14343,7.55825,0.0972771,3.63127,9.58578,0.0303237,4.15787,12.0912,0.00945211,4.73731,15.2286,0.00294633,5.38238,19.1721,0.000918508,6.10553,24.134,0.000286163,6.91951,30.3791,8.92692e-05,7.83792,38.2397,2.78121e-05,8.87555,48.1338,8.65134e-06,10.0489,60.5876,2.7882e-06,11.3761,76.2629,8.29036e-07,12.8779,95.9927,2.4373e-07,14.5775,120.825,4.33068e-09,16.5012,152.08,1.75749e-07,18.6784,191.415,-1.86328e-07,21.1428,240.917,1.91829e-07,23.9322,303.213,-1.81475e-07,27.0895,381.602,7.0186e-08,30.6634,480.231,-2.86769e-08,34.7087,604.316,2.40784e-07,39.2876,760.401,9.87368e-08,44.4705,956.705,1.22263e-07,50.3371,1203.54,-4.31966e-07,56.9776,1513.81,-1.9705e-07,64.494,1903.69,-2.763e-08,73.0018,2393.4,3.9185e-07,82.6317,3008.13,1.35379e-07,93.5318,3779.25,-4.16351e-08,105.869,4745.7,2.06965e-08,119.834,5955.6,-3.18887e-07,135.641,7468.12,-1.48271e-08,153.531,9355.62,2.00739e-07,173.781,11705.8,2.28358e-07,196.701,14624.1,-1.93587e-08,222.642,18235,-2.88101e-07,252.003,22683.4,-2.24732e-07,285.234,28134,8.56806e-09,322.845,34767,2.34258e-07,365.413,42770.9,2.99668e-07,413.588,52327.9,8.28644e-08,468.111,63591.2,-3.07049e-07,529.814,76653.2,-3.1888e-07,599.642,91502.5,-6.72276e-08,678.662,107975,2.26339e-07,768.083,125705,3.69212e-07,869.267,144088,2.04077e-07,983.76,162277,-2.80509e-07,1113.3,179223,-4.22737e-07,1259.87,193777,-1.71951e-07,1425.68,204839,4.55555e-07,11.7194,11.96,12.6541,2.21263,4.16949,0.989383,2.67766,5.84076,0.311842,3.14343,7.55825,0.0972771,3.63127,9.58578,0.0303237,4.15787,12.0912,0.00945211,4.73731,15.2286,0.00294633,5.38238,19.1721,0.000918508,6.10553,24.134,0.000286163,6.91951,30.3791,8.92692e-05,7.83792,38.2397,2.78121e-05,8.87555,48.1338,8.65134e-06,10.0489,60.5876,2.7882e-06,11.3761,76.2629,8.29036e-07,12.8779,95.9927,2.4373e-07,14.5775,120.825,1e-08,16.5012,152.08,1.75749e-07,18.6784,191.415,1e-08,21.1428,240.917,1.91829e-07,23.9322,303.213,1e-08,27.0895,381.602,7.0186e-08,30.6634,480.231,1e-08,34.7087,604.316,2.40784e-07,39.2876,760.401,9.87368e-08,44.4705,956.705,1.22263e-07,50.3371,1203.54,1e-08,56.9776,1513.81,1e-08,64.494,1903.69,1e-08,73.0018,2393.4,3.9185e-07,82.6317,3008.13,1.35379e-07,93.5318,3779.25,1e-08,105.869,4745.7,2.06965e-08,119.834,5955.6,1e-08,135.641,7468.12,1e-08,153.531,9355.62,2.00739e-07,173.781,11705.8,2.28358e-07,196.701,14624.1,1e-08,222.642,18235,1e-08,252.003,22683.4,1e-08,285.234,28134,1e-08,322.845,34767,2.34258e-07,365.413,42770.9,2.99668e-07,413.588,52327.9,8.28644e-08,468.111,63591.2,1e-08,529.814,76653.2,1e-08,599.642,91502.5,1e-08,678.662,107975,2.26339e-07,768.083,125705,3.69212e-07,869.267,144088,2.04077e-07,983.76,162277,1e-08,1113.3,179223,1e-08,1259.87,193777,1e-08,1425.68,204839,4.55555e-07,6.2823,3.27286,2.43537,0.219672,6.18826,2.24117,0.56371,6.87772,2.63624,0.308279,15,4,11,1,5,0,2,3,0,1,16,1,3,8,0,0,6,0,7,5,0,4,34,0,11,29,0,12,34,0,5,37,0,5,14,0,4,50,0,17,92,0,30,32,0,8,33,0,23,224,0,14,364,0,21,424,0,24,328,0,20,368,0,28,727,0,37,919,0,29,518,0,57,1381,0,47,1315,0,68,605,0,23,2596,0,40,3972,0,32,3116,0,76,4211,0,69,4025,0,148,8103,0,81,8476,0,175,7079,0,207,11454,0,155,11552,0,194,15644,0,276,9068,0,201,28324,0,196,44106,0,205,38042,0,638,61490,0,673,110980,0,410,56193,0,514,45784,0,1012,93396,0,1016,91303,0,525,140086,0,884,190358,0,917,155207,0,1545,211801,0,757,206569,0
-1.05176e+08,1,8.88811e-15,10,1023,0,1.05176e+08,0.528882,1.08665,0.389689,0.145397,0.379329,3.24381,0.161596,0.446195,1.77396,0.159177,1.15e+07,4.49998e+06,6.79999e+06,1.15e+07,4.49997e+06,6.79999e+06,1.15e+07,4.49996e+06,6.79999e+06,1.15e+07,4.49995e+06,6.79999e+06,1.14999e+07,4.49993e+06,6.79999e+06,1.14999e+07,4.49991e+06,6.79999e+06,1.14999e+07,4.49989e+06,6.79999e+06,1.14999e+07,4.49986e+06,6.79999e+06,1.14999e+07,4.49982e+06,6.79999e+06,1.14999e+07,4.49977e+06,6.79999e+06,1.14999e+07,4.49971e+06,6.79999e+06,1.14999e+07,4.49963e+06,6.79999e+06,1.14998e+07,4.49953e+06,6.79999e+06,1.14998e+07,4.49941e+06,6.79999e+06,1.14998e+07,4.49926e+06,6.79999e+06,1.14998e+07,4.49906e+06,6.79999e+06,1.14997e+07,4.49882e+06,6.79999e+06,1.14997e+07,4.49851e+06,6.79999e+06,1.14997e+07,4.49812e+06,6.79999e+06,1.14996e+07,4.49764e+06,6.79999e+06,1.14996e+07,4.49702e+06,6.79999e+06,1.14995e+07,4.49625e+06,6.79999e+06,1.14995e+07,4.49528e+06,6.79999e+06,1.14994e+07,4.49406e+06,6.79999e+06,1.14993e+07,4.49253e+06,6.79999e+06,1.14992e+07,4.49059e+06,6.79999e+06,1.14991e+07,4.48817e+06,6.79999e+06,1.1499e+07,4.48511e+06,6.79999e+06,1.14988e+07,4.48128e+06,6.79999e+06,1.14987e+07,4.47646e+06,6.79999e+06,1.14985e+07,4.47041e+06,6.79999e+06,1.14983e+07,4.46281e+06,6.79999e+06,1.14981e+07,4.4533e+06,6.79999e+06,1.14979e+07,4.44138e+06,6.79999e+06,1.14976e+07,4.42649e+06,6.79999e+06,1.14972e+07,4.40789e+06,6.79999e+06,1.14969e+07,4.38471e+06,6.79999e+06,1.14965e+07,4.35592e+06,6.79999e+06,1.1496e+07,4.32027e+06,6.79999e+06,1.14955e+07,4.27629e+06,6.79999e+06,1.14949e+07,4.22231e+06,6.79999e+06,1.14942e+07,4.15647e+06,6.79999e+06,1.14934e+07,4.07676e+06,6.79999e+06,1.14926e+07,3.98112e+06,6.79999e+06,1.14916e+07,3.86765e+06,6.79999e+06,1.14905e+07,3.73474e+06,6.79999e+06,1.14892e+07,3.58148e+06,6.79999e+06,1.14878e+07,3.40785e+06,6.79999e+06,1.14862e+07,3.21513e+06,6.79999e+06,1.14844e+07,3.00605e+06,6.79999e+06,1.14823e+07,2.7848e+06,6.79999e+06,1.148e+07,2.5568e+06,6.79999e+06,1.14773e+07,2.32825e+06,6.79999e+06,13.5742,8.52444,0.508366,16.8306,13.2585,0.162638,20.0035,17.569,0.0507846,23.2616,22.4214,0.0158319,26.7328,28.3297,0.00493498,30.5212,35.6974,0.00153831,34.7178,44.9473,0.000479527,39.4086,56.5822,0.000149456,44.6796,71.2245,4.66214e-05,50.6209,89.6543,1.45419e-05,57.3297,112.852,4.54748e-06,64.9129,142.051,1.43857e-06,73.4897,178.803,4.36618e-07,83.1934,225.062,1.40153e-07,94.1745,283.286,4.96378e-08,106.602,356.568,1.05434e-07,120.669,448.799,-6.49244e-08,136.59,564.873,1.70148e-07,154.611,710.948,-5.34594e-08,175.008,894.767,1.63407e-07,198.097,1126.06,8.04804e-08,224.231,1417.07,1.14667e-07,253.813,1783.15,-1.71227e-07,287.297,2243.62,-2.88466e-07,325.198,2822.67,-4.33651e-07,368.098,3550.67,7.9318e-08,416.657,4465.65,3.13319e-07,471.621,5615.16,3.4613e-07,533.835,7058.61,-1.19199e-07,604.255,8870.02,-2.79964e-07,683.962,11141.4,-2.30521e-07,774.182,13986.7,-2.55099e-07,876.299,17546.4,1.23585e-07,991.883,21993.1,1.41192e-07,1122.71,27536.7,-9.71886e-08,1270.78,34430.7,-3.68368e-07,1438.38,42977.7,-3.45379e-07,1628.07,53532.7,-3.25328e-09,1842.77,66504.6,2.6362e-07,2085.77,82350.2,2.53445e-07,2360.79,101560,-2.47407e-08,2672.05,124632,-3.80602e-07,3024.31,152018,-4.79005e-07,3422.98,184060,-1.14379e-07,3874.15,220884,2.64297e-07,4384.72,262283,3.44131e-07,4962.49,307576,7.5349e-08,5616.29,355497,-3.63097e-07,6356.1,404126,-6.05442e-07,7193.18,450932,-2.72333e-07,8140.28,492963,2.29675e-07,9211.79,527178,4.3387e-07,10424,550893,-1.0711e-07,10.102,8.06553,2.81012,10.6436,8.57909,0.869423,11.5336,10.2515,0.270869,12.7211,12.7138,0.0844293,14.1823,15.9373,0.0263173,15.9122,20.0383,0.0082035,17.9198,25.2154,0.00255722,20.2244,31.7373,0.000797017,22.8539,39.9486,0.000248622,25.8438,50.2851,7.75492e-05,29.237,63.2963,2.42508e-05,33.0837,79.6738,7.67162e-06,37.4415,100.288,2.32837e-06,42.3767,126.236,7.33e-07,47.9646,158.896,2.79256e-07,54.2906,200.003,9.87351e-09,61.452,251.741,1.61085e-07,69.5585,316.859,-2.47141e-07,78.7347,398.812,8.93552e-08,89.1218,501.948,-2.53231e-07,100.879,631.736,-1.25047e-07,114.188,795.049,-1.78808e-07,129.252,1000.53,2.6733e-07,146.304,1259.03,4.50292e-07,165.605,1584.19,6.76904e-07,187.452,1993.12,-1.23808e-07,212.181,2507.27,-4.89068e-07,240.173,3153.54,-5.40284e-07,271.856,3965.56,1.86061e-07,307.719,4985.38,4.37004e-07,348.313,6265.4,3.59828e-07,394.26,7870.83,3.98192e-07,446.268,9882.51,-1.92908e-07,505.135,12400.3,-2.20392e-07,571.766,15546.9,1.51705e-07,647.184,19472.2,5.74996e-07,732.547,24357.4,5.39112e-07,829.167,30420,5.07815e-09,938.526,37916.3,-4.11492e-07,1062.3,47143.9,-3.9561e-07,1202.4,58439.2,3.86185e-08,1360.96,72169.3,5.94093e-07,1540.42,88715.8,7.47693e-07,1743.53,108445,1.78537e-07,1973.41,131665,-4.12549e-07,2233.57,158557,-5.37164e-07,2528,189103,-1.17615e-07,2861.2,222986,5.66769e-07,3238.27,259510,9.45053e-07,3664.97,297540,4.25093e-07,4147.81,335497,-3.58506e-07,4694.17,371444,-6.7724e-07,5312.37,403256,1.67192e-07,1.61744,3.89446,9.84394,3.28846,7.5504,12.774,5.07607,11.7187,13.6844,7.03202,16.8147,13.9681,9.20215,23.1769,14.0566,11.6301,31.1672,14.0841,14.3598,41.2186,14.0927,17.4376,53.8688,14.0954,20.9137,69.7915,14.0962,24.8432,89.8341,14.0965,29.2879,115.063,14.0966,34.3168,146.819,14.0966,40.0078,186.792,14.0966,46.4487,237.107,14.0966,53.7388,300.44,14.0966,61.9903,380.158,14.0966,71.3301,480.499,14.0966,81.902,606.796,14.0966,93.8685,765.761,14.0966,107.414,965.837,14.0966,122.746,1217.65,14.0966,140.101,1534.57,14.0966,159.745,1933.41,14.0966,181.981,2435.3,14.0966,207.15,3066.85,14.0966,235.64,3861.46,14.0966,267.889,4861.11,14.0966,304.391,6118.54,14.0966,345.709,7699.91,14.0966,392.478,9688.22,14.0966,445.417,12187.5,14.0966,505.339,15327.7,14.0966,573.165,19271.6,14.0966,649.938,24222,14.0966,736.839,30430.9,14.0966,835.202,38211.5,14.0966,946.539,47950.3,14.0966,1072.56,60122.8,14.0966,1215.21,75309.9,14.0966,1376.66,94216.2,14.0966,1559.41,117688,14.0966,1766.26,146729,14.0966,2000.39,182510,14.0966,2265.39,226372,14.0966,2565.33,279806,14.0966,2904.81,344416,14.0966,3289.05,421845,14.0966,3723.93,513667,14.0966,4216.13,621231,14.0966,4773.18,745478,14.0966,5403.64,886744,14.0966,6117.15,1.04457e+06,14.0966,6924.63,1.2176e+06,14.0966,11.7194,11.96,12.6541,13.9321,16.1295,13.6434,16.6097,21.9702,13.9553,19.7532,29.5285,14.0526,23.3844,39.1143,14.0829,27.5423,51.2054,14.0923,32.2796,66.434,14.0953,37.662,85.6061,14.0962,43.7675,109.74,14.0965,50.687,140.119,14.0966,58.5249,178.359,14.0966,67.4005,226.493,14.0966,77.4493,287.08,14.0966,88.8254,363.343,14.0966,101.703,459.336,14.0966,116.281,580.161,14.0966,132.782,732.241,14.0966,151.46,923.655,14.0966,172.603,1164.57,14.0966,196.535,1467.79,14.0966,223.625,1849.39,14.0966,254.288,2329.62,14.0966,288.997,2933.93,14.0966,328.285,3694.33,14.0966,372.755,4651.04,14.0966,423.092,5854.57,14.0966,480.07,7368.38,14.0966,544.564,9272.08,14.0966,617.566,11665.5,14.0966,700.197,14673.6,14.0966,793.729,18452.9,14.0966,899.599,23198.6,14.0966,1019.43,29154.1,14.0966,1155.07,36622.3,14.0966,1308.6,45977.9,14.0966,1482.39,57683.7,14.0966,1679.09,72307.8,14.0966,1901.73,90542.8,14.0966,2153.73,113226,14.0966,2438.97,141360,14.0966,2761.81,176127,14.0966,3127.22,218898,14.0966,3540.81,271226,14.0966,4008.92,334817,14.0966,4538.74,411470,14.0966,5138.38,502973,14.0966,5817.04,610948,14.0966,6585.12,736653,14.0966,7454.39,880741,14.0966,8438.15,1.04302e+06,14.0966,9551.45,1.22224e+06,14.0966,10811.3,1.41602e+06,14.0966,12237,1.62086e+06,14.0966,11.7194,11.96,12.6541,2.21263,4.16949,0.989383,2.67766,5.84076,0.311842,3.14343,7.55825,0.0972771,3.63127,9.58578,0.0303237,4.15787,12.0912,0.00945211,4.73731,15.2286,0.00294633,5.38238,19.1721,0.000918508,6.10553,24.134,0.000286163,6.91951,30.3791,8.92692e-05,7.83792,38.2397,2.78121e-05,8.87555,48.1338,8.65134e-06,10.0489,60.5876,2.7882e-06,11.3761,76.2629,8.29036e-07,12.8779,95.9927,2.4373e-07,14.5775,120.825,4.33068e-09,16.5012,152.08,1.75749e-07,18.6784,191.415,-1.86328e-07,21.1428,240.917,1.91829e-07,23.9322,303.213,-1.81475e-07,27.0895,381.602,7.0186e-08,30.6634,480.231,-2.86769e-08,34.7087,604.316,2.40784e-07,39.2876,760.401,9.87368e-08,44.4705,956.705,1.22263e-07,50.3371,1203.54,-4.31966e-07,56.9776,1513.81,-1.9705e-07,64.494,1903.69,-2.763e-08,73.0018,2393.4,3.9185e-07,82.6317,3008.13,1.35379e-07,93.5318,3779.25,-4.16351e-08,105.869,4745.7,2.06965e-08,119.834,5955.6,-3.18887e-07,135.641,7468.12,-1.48271e-08,153.531,9355.62,2.00739e-07,173.781,11705.8,2.28358e-07,196.701,14624.1,-1.93587e-08,222.642,18235,-2.88101e-07,252.003,22683.4,-2.24732e-07,285.234,28134,8.56806e-09,322.845,34767,2.34258e-07,365.413,42770.9,2.99668e-07,413.588,52327.9,8.28644e-08,468.111,63591.2,-3.07049e-07,529.814,76653.2,-3.1888e-07,599.642,91502.5,-6.72276e-08,678.662,107975,2.26339e-07,768.083,125705,3.69212e-07,869.267,144088,2.04077e-07,983.76,162277,-2.80509e-07,1113.3,179223,-4.22737e-07,1259.87,193777,-1.71951e-07,1425.68,204839,4.55555e-07,11.7194,11.96,12.6541,2.21263,4.16949,0.989383,2.67766,5.84076,0.311842,3.14343,7.55825,0.0972771,3.63127,9.58578,0.0303237,4.15787,12.0912,0.00945211,4.73731,15.2286,0.00294633,5.38238,19.1721,0.000918508,6.10553,24.134,0.000286163,6.91951,30.3791,8.92692e-05,7.83792,38.2397,2.78121e-05,8.87555,48.1338,8.65134e-06,10.0489,60.5876,2.7882e-06,11.3761,76.2629,8.29036e-07,12.8779,95.9927,2.4373e-07,14.5775,120.825,1e-08,16.5012,152.08,1.75749e-07,18.6784,191.415,1e-08,21.1428,240.917,1.91829e-07,23.9322,303.213,1e-08,27.0895,381.602,7.0186e-08,30.6634,480.231,1e-08,34.7087,604.316,2.40784e-07,39.2876,760.401,9.87368e-08,44.4705,956.705,1.22263e-07,50.3371,1203.54,1e-08,56.9776,1513.81,1e-08,64.494,1903.69,1e-08,73.0018,2393.4,3.9185e-07,82.6317,3008.13,1.35379e-07,93.5318,3779.25,1e-08,105.869,4745.7,2.06965e-08,119.834,5955.6,1e-08,135.641,7468.12,1e-08,153.531,9355.62,2.00739e-07,173.781,11705.8,2.28358e-07,196.701,14624.1,1e-08,222.642,18235,1e-08,252.003,22683.4,1e-08,285.234,28134,1e-08,322.845,34767,2.34258e-07,365.413,42770.9,2.99668e-07,413.588,52327.9,8.28644e-08,468.111,63591.2,1e-08,529.814,76653.2,1e-08,599.642,91502.5,1e-08,678.662,107975,2.26339e-07,768.083,125705,3.69212e-07,869.267,144088,2.04077e-07,983.76,162277,1e-08,1113.3,179223,1e-08,1259.87,193777,1e-08,1425.68,204839,4.55555e-07,6.2823,3.27286,2.43537,0.219672,6.18826,2.24117,0.56371,6.87772,2.63624,0.308279,17,2,17,3,3,0,1,4,1,6,10,0,6,4,0,1,9,0,4,22,0,1,8,0,5,27,0,9,35,0,3,35,0,8,25,0,16,52,0,6,74,0,17,85,0,13,109,0,14,119,0,3,156,0,15,199,0,40,498,0,24,280,0,21,581,0,75,535,0,16,607,0,51,1333,0,45,2251,0,29,1907,0,107,1995,0,106,4201,0,106,1303,0,101,2506,0,125,6884,0,121,3125,0,174,5068,0,111,10409,0,172,7074,0,296,9772,0,165,12269,0,394,22783,0,105,16073,0,386,29660,0,867,38887,0,196,38235,0,301,22055,0,1173,35922,0,367,59564,0,490,78413,0,439,146036,0,1133,170401,0,1024,134454,0,799,113897,0,1452,170810,0,1707,260317,0
-1.05176e+08,1,8.88811e-15,10,1023,0,1.05176e+08,0.528882,1.08665,0.389689,0.145397,0.379329,3.24381,0.161596,0.446195,1.77396,0.159177,1.15e+07,4.49998e+06,6.79999e+06,1.15e+07,4.49997e+06,6.79999e+06,1.15e+07,4.49996e+06,6.79999e+06,1.15e+07,4.49995e+06,6.79999e+06,1.14999e+07,4.49993e+06,6.79999e+06,1.14999e+07,4.49991e+06,6.79999e+06,1.14999e+07,4.49989e+06,6.79999e+06,1.14999e+07,4.49986e+06,6.79999e+06,1.14999e+07,4.49982e+06,6.79999e+06,1.14999e+07,4.49977e+06,6.79999e+06,1.14999e+07,4.49971e+06,6.79999e+06,1.14999e+07,4.49963e+06,6.79999e+06,1.14998e+07,4.49953e+06,6.79999e+06,1.14998e+07,4.49941e+06,6.79999e+06,1.14998e+07,4.49926e+06,6.79999e+06,1.14998e+07,4.49906e+06,6.79999e+06,1.14997e+07,4.49882e+06,6.79999e+06,1.14997e+07,4.49851e+06,6.79999e+06,1.14997e+07,4.49812e+06,6.79999e+06,1.14996e+07,4.49764e+06,6.79999e+06,1.14996e+07,4.49702e+06,6.79999e+06,1.14995e+07,4.49625e+06,6.79999e+06,1.14995e+07,4.49528e+06,6.79999e+06,1.14994e+07,4.49406e+06,6.79999e+06,1.14993e+07,4.49253e+06,6.79999e+06,1.14992e+07,4.49059e+06,6.79999e+06,1.14991e+07,4.48817e+06,6.79999e+06,1.1499e+07,4.48511e+06,6.79999e+06,1.14988e+07,4.48128e+06,6.79999e+06,1.14987e+07,4.47646e+06,6.79999e+06,1.14985e+07,4.47041e+06,6.79999e+06,1.14983e+07,4.46281e+06,6.79999e+06,1.14981e+07,4.4533e+06,6.79999e+06,1.14979e+07,4.44138e+06,6.79999e+06,1.14976e+07,4.42649e+06,6.79999e+06,1.14972e+07,4.40789e+06,6.79999e+06,1.14969e+07,4.38471e+06,6.79999e+06,1.14965e+07,4.35592e+06,6.79999e+06,1.1496e+07,4.32027e+06,6.79999e+06,1.14955e+07,4.27629e+06,6.79999e+06,1.14949e+07,4.22231e+06,6.79999e+06,1.14942e+07,4.15647e+06,6.79999e+06,1.14934e+07,4.07676e+06,6.79999e+06,1.14926e+07,3.98112e+06,6.79999e+06,1.14916e+07,3.86765e+06,6.79999e+06,1.14905e+07,3.73474e+06,6.79999e+06,1.14892e+07,3.58148e+06,6.79999e+06,1.14878e+07,3.40785e+06,6.79999e+06,1.14862e+07,3.21513e+06,6.79999e+06,1.14844e+07,3.00605e+06,6.79999e+06,1.14823e+07,2.7848e+06,6.79999e+06,1.148e+07,2.5568e+06,6.79999e+06,1.14773e+07,2.32825e+06,6.79999e+06,13.5742,8.52444,0.508366,16.8306,13.2585,0.162638,20.0035,17.569,0.0507846,23.2616,22.4214,0.0158319,26.7328,28.3297,0.00493498,30.5212,35.6974,0.00153831,34.7178,44.9473,0.000479527,39.4086,56.5822,0.000149456,44.6796,71.2245,4.66214e-05,50.6209,89.6543,1.45419e-05,57.3297,112.852,4.54748e-06,64.9129,142.051,1.43857e-06,73.4897,178.803,4.36618e-07,83.1934,225.062,1.40153e-07,94.1745,283.286,4.96378e-08,106.602,356.568,1.05434e-07,120.669,448.799,-6.49244e-08,136.59,564.873,1.70148e-07,154.611,710.948,-5.34594e-08,175.008,894.767,1.63407e-07,198.097,1126.06,8.04804e-08,224.231,1417.07,1.14667e-07,253.813,1783.15,-1.71227e-07,287.297,2243.62,-2.88466e-07,325.198,2822.67,-4.33651e-07,368.098,3550.67,7.9318e-08,416.657,4465.65,3.13319e-07,471.621,5615.16,3.4613e-07,533.835,7058.61,-1.19199e-07,604.255,8870.02,-2.79964e-07,683.962,11141.4,-2.30521e-07,774.182,13986.7,-2.55099e-07,876.299,17546.4,1.23585e-07,991.883,21993.1,1.41192e-07,1122.71,27536.7,-9.71886e-08,1270.78,34430.7,-3.68368e-07,1438.38,42977.7,-3.45379e-07,1628.07,53532.7,-3.25328e-09,1842.77,66504.6,2.6362e-07,2085.77,82350.2,2.53445e-07,2360.79,101560,-2.47407e-08,2672.05,124632,-3.80602e-07,3024.31,152018,-4.79005e-07,3422.98,184060,-1.14379e-07,3874.15,220884,2.64297e-07,4384.72,262283,3.44131e-07,4962.49,307576,7.5349e-08,5616.29,355497,-3.63097e-07,6356.1,404126,-6.05442e-07,7193.18,450932,-2.72333e-07,8140.28,492963,2.29675e-07,9211.79,527178,4.3387e-07,10424,550893,-1.0711e-07,10.102,8.06553,2.81012,10.6436,8.57909,0.869423,11.5336,10.2515,0.270869,12.7211,12.7138,0.0844293,14.1823,15.9373,0.0263173,15.9122,20.0383,0.0082035,17.9198,25.2154,0.00255722,20.2244,31.7373,0.000797017,22.8539,39.9486,0.000248622,25.8438,50.2851,7.75492e-05,29.237,63.2963,2.42508e-05,33.0837,79.6738,7.67162e-06,37.4415,100.288,2.32837e-06,42.3767,126.236,7.33e-07,47.9646,158.896,2.79256e-07,54.2906,200.003,9.87351e-09,61.452,251.741,1.61085e-07,69.5585,316.859,-2.47141e-07,78.7347,398.812,8.93552e-08,89.1218,501.948,-2.53231e-07,100.879,631.736,-1.25047e-07,114.188,795.049,-1.78808e-07,129.252,1000.53,2.6733e-07,146.304,1259.03,4.50292e-07,165.605,1584.19,6.76904e-07,187.452,1993.12,-1.23808e-07,212.181,2507.27,-4.89068e-07,240.173,3153.54,-5.40284e-07,271.856,3965.56,1.86061e-07,307.719,4985.38,4.37004e-07,348.313,6265.4,3.59828e-07,394.26,7870.83,3.98192e-07,446.268,9882.51,-1.92908e-07,505.135,12400.3,-2.20392e-07,571.766,15546.9,1.51705e-07,647.184,19472.2,5.74996e-07,732.547,24357.4,5.39112e-07,829.167,30420,5.07815e-09,938.526,37916.3,-4.11492e-07,1062.3,47143.9,-3.9561e-07,1202.4,58439.2,3.86185e-08,1360.96,72169.3,5.94093e-07,1540.42,88715.8,7.47693e-07,1743.53,108445,1.78537e-07,1973.41,131665,-4.12549e-07,2233.57,158557,-5.37164e-07,2528,189103,-1.17615e-07,2861.2,222986,5.66769e-07,3238.27,259510,9.45053e-07,3664.97,297540,4.25093e-07,4147.81,335497,-3.58506e-07,4694.17,371444,-6.7724e-07,5312.37,403256,1.67192e-07,1.61744,3.89446,9.84394,3.28846,7.5504,12.774,5.07607,11.7187,13.6844,7.03202,16.8147,13.9681,9.20215,23.1769,14.0566,11.6301,31.1672,14.0841,14.3598,41.2186,14.0927,17.4376,53.8688,14.0954,20.9137,69.7915,14.0962,24.8432,89.8341,14.0965,29.2879,115.063,14.0966,34.3168,146.819,14.0966,40.0078,186.792,14.0966,46.4487,237.107,14.0966,53.7388,300.44,14.0966,61.9903,380.158,14.0966,71.3301,480.499,14.0966,81.902,606.796,14.0966,93.8685,765.761,14.0966,107.414,965.837,14.0966,122.746,1217.65,14.0966,140.101,1534.57,14.0966,159.745,1933.41,14.0966,181.981,2435.3,14.0966,207.15,3066.85,14.0966,235.64,3861.46,14.0966,267.889,4861.11,14.0966,304.391,6118.54,14.0966,345.709,7699.91,14.0966,392.478,9688.22,14.0966,445.417,12187.5,14.0966,505.339,15327.7,14.0966,573.165,19271.6,14.0966,649.938,24222,14.0966,736.839,30430.9,14.0966,835.202,38211.5,14.0966,946.539,47950.3,14.0966,1072.56,60122.8,14.0966,1215.21,75309.9,14.0966,1376.66,94216.2,14.0966,1559.41,117688,14.0966,1766.26,146729,14.0966,2000.39,182510,14.0966,2265.39,226372,14.0966,2565.33,279806,14.0966,2904.81,344416,14.0966,3289.05,421845,14.0966,3723.93,513667,14.0966,4216.13,621231,14.0966,4773.18,745478,14.0966,5403.64,886744,14.0966,6117.15,1.04457e+06,14.0966,6924.63,1.2176e+06,14.0966,11.7194,11.96,12.6541,13.9321,16.1295,13.6434,16.6097,21.9702,13.9553,19.7532,29.5285,14.0526,23.3844,39.1143,14.0829,27.5423,51.2054,14.0923,32.2796,66.434,14.0953,37.662,85.6061,14.0962,43.7675,109.74,14.0965,50.687,140.119,14.0966,58.5249,178.359,14.0966,67.4005,226.493,14.0966,77.4493,287.08,14.0966,88.8254,363.343,14.0966,101.703,459.336,14.0966,116.281,580.161,14.0966,132.782,732.241,14.0966,151.46,923.655,14.0966,172.603,1164.57,14.0966,196.535,1467.79,14.0966,223.625,1849.39,14.0966,254.288,2329.62,14.0966,288.997,2933.93,14.0966,328.285,3694.33,14.0966,372.755,4651.04,14.0966,423.092,5854.57,14.0966,480.07,7368.38,14.0966,544.564,9272.08,14.0966,617.566,11665.5,14.0966,700.197,14673.6,14.0966,793.729,18452.9,14.0966,899.599,23198.6,14.0966,1019.43,29154.1,14.0966,1155.07,36622.3,14.0966,1308.6,45977.9,14.0966,1482.39,57683.7,14.0966,1679.09,72307.8,14.0966,1901.73,90542.8,14.0966,2153.73,113226,14.0966,2438.97,141360,14.0966,2761.81,176127,14.0966,3127.22,218898,14.0966,3540.81,271226,14.0966,4008.92,334817,14.0966,4538.74,411470,14.0966,5138.38,502973,14.0966,5817.04,610948,14.0966,6585.12,736653,14.0966,7454.39,880741,14.0966,8438.15,1.04302e+06,14.0966,9551.45,1.22224e+06,14.0966,10811.3,1.41602e+06,14.0966,12237,1.62086e+06,14.0966,11.7194,11.96,12.6541,2.21263,4.16949,0.989383,2.67766,5.84076,0.311842,3.14343,7.55825,0.0972771,3.63127,9.58578,0.0303237,4.15787,12.0912,0.00945211,4.73731,15.2286,0.00294633,5.38238,19.1721,0.000918508,6.10553,24.134,0.000286163,6.91951,30.3791,8.92692e-05,7.83792,38.2397,2.78121e-05,8.87555,48.1338,8.65134e-06,10.0489,60.5876,2.7882e-06,11.3761,76.2629,8.29036e-07,12.8779,95.9927,2.4373e-07,14.5775,120.825,4.33068e-09,16.5012,152.08,1.75749e-07,18.6784,191.415,-1.86328e-07,21.1428,240.917,1.91829e-07,23.9322,303.213,-1.81475e-07,27.0895,381.602,7.0186e-08,30.6634,480.231,-2.86769e-08,34.7087,604.316,2.40784e-07,39.2876,760.401,9.87368e-08,44.4705,956.705,1.22263e-07,50.3371,1203.54,-4.31966e-07,56.9776,1513.81,-1.9705e-07,64.494,1903.69,-2.763e-08,73.0018,2393.4,3.9185e-07,82.6317,3008.13,1.35379e-07,93.5318,3779.25,-4.16351e-08,105.869,4745.7,2.06965e-08,119.834,5955.6,-3.18887e-07,135.641,7468.12,-1.48271e-08,153.531,9355.62,2.00739e-07,173.781,11705.8,2.28358e-07,196.701,14624.1,-1.93587e-08,222.642,18235,-2.88101e-07,252.003,22683.4,-2.24732e-07,285.234,28134,8.56806e-09,322.845,34767,2.34258e-07,365.413,42770.9,2.99668e-07,413.588,52327.9,8.28644e-08,468.111,63591.2,-3.07049e-07,529.814,76653.2,-3.1888e-07,599.642,91502.5,-6.72276e-08,678.662,107975,2.26339e-07,768.083,125705,3.69212e-07,869.267,144088,2.04077e-07,983.76,162277,-2.80509e-07,1113.3,179223,-4.22737e-07,1259.87,193777,-1.71951e-07,1425.68,204839,4.55555e-07,11.7194,11.96,12.6541,2.21263,4.16949,0.989383,2.67766,5.84076,0.311842,3.14343,7.55825,0.0972771,3.63127,9.58578,0.0303237,4.15787,12.0912,0.00945211,4.73731,15.2286,0.00294633,5.38238,19.1721,0.000918508,6.10553,24.134,0.000286163,6.91951,30.3791,8.92692e-05,7.83792,38.2397,2.78121e-05,8.87555,48.1338,8.65134e-06,10.0489,60.5876,2.7882e-06,11.3761,76.2629,8.29036e-07,12.8779,95.9927,2.4373e-07,14.5775,120.825,1e-08,16.5012,152.08,1.75749e-07,18.6784,191.415,1e-08,21.1428,240.917,1.91829e-07,23.9322,303.213,1e-08,27.0895,381.602,7.0186e-08,30.6634,480.231,1e-08,34.7087,604.316,2.40784e-07,39.2876,760.401,9.87368e-08,44.4705,956.705,1.22263e-07,50.3371,1203.54,1e-08,56.9776,1513.81,1e-08,64.494,1903.69,1e-08,73.0018,2393.4,3.9185e-07,82.6317,3008.13,1.35379e-07,93.5318,3779.25,1e-08,105.869,4745.7,2.06965e-08,119.834,5955.6,1e-08,135.641,7468.12,1e-08,153.531,9355.62,2.00739e-07,173.781,11705.8,2.28358e-07,196.701,14624.1,1e-08,222.642,18235,1e-08,252.003,22683.4,1e-08,285.234,28134,1e-08,322.845,34767,2.34258e-07,365.413,42770.9,2.99668e-07,413.588,52327.9,8.28644e-08,468.111,63591.2,1e-08,529.814,76653.2,1e-08,599.642,91502.5,1e-08,678.662,107975,2.26339e-07,768.083,125705,3.69212e-07,869.267,144088,2.04077e-07,983.76,162277,1e-08,1113.3,179223,1e-08,1259.87,193777,1e-08,1425.68,204839,4.55555e-07,6.2823,3.27286,2.43537,0.219672,6.18826,2.24117,0.56371,6.87772,2.63624,0.308279,10,9,6,1,5,2,2,7,1,6,12,0,1,10,0,12,2,0,4,9,0,1,32,0,7,28,0,9,20,0,14,48,0,11,34,0,21,58,0,18,53,0,12,87,0,19,100,0,16,137,0,6,187,0,12,162,0,69,293,0,29,281,0,42,191,0,23,365,0,28,714,0,10,498,0,30,1268,0,89,1032,0,47,1945,0,53,3256,0,89,4119,0,74,2998,0,93,4554,0,104,7129,0,181,6699,0,116,8905,0,161,13045,0,253,17355,0,65,24892,0,291,31876,0,308,42107,0,647,20351,0,382,63519,0,454,97609,0,359,48643,0,440,65728,0,1128,75612,0,843,54127,0,406,203251,0,544,146988,0,864,180528,0,1035,138135,0,1355,216065,0,1103,349015,0
-1.05176e+08,1,8.88811e-15,10,1023,0,1.05176e+08,0.528882,1.08665,0.389689,0.145397,0.379329,3.24381,0.161596,0.446195,1.77396,0.159177,1.15e+07,4.49998e+06,6.79999e+06,1.15e+07,4.49997e+06,6.79999e+06,1.15e+07,4.49996e+06,6.79999e+06,1.15e+07,4.49995e+06,6.79999e+06,1.14999e+07,4.49993e+06,6.79999e+06,1.14999e+07,4.49991e+06,6.79999e+06,1.14999e+07,4.49989e+06,6.79999e+06,1.14999e+07,4.49986e+06,6.79999e+06,1.14999e+07,4.49982e+06,6.79999e+06,1.14999e+07,4.49977e+06,6.79999e+06,1.14999e+07,4.49971e+06,6.79999e+06,1.14999e+07,4.49963e+06,6.79999e+06,1.14998e+07,4.49953e+06,6.79999e+06,1.14998e+07,4.49941e+06,6.79999e+06,1.14998e+07,4.49926e+06,6.79999e+06,1.14998e+07,4.49906e+06,6.79999e+06,1.14997e+07,4.49882e+06,6.79999e+06,1.14997e+07,4.49851e+06,6.79999e+06,1.14997e+07,4.49812e+06,6.79999e+06,1.14996e+07,4.49764e+06,6.79999e+06,1.14996e+07,4.49702e+06,6.79999e+06,1.14995e+07,4.49625e+06,6.79999e+06,1.14995e+07,4.49528e+06,6.79999e+06,1.14994e+07,4.49406e+06,6.79999e+06,1.14993e+07,4.49253e+06,6.79999e+06,1.14992e+07,4.49059e+06,6.79999e+06,1.14991e+07,4.48817e+06,6.79999e+06,1.1499e+07,4.48511e+06,6.79999e+06,1.14988e+07,4.48128e+06,6.79999e+06,1.14987e+07,4.47646e+06,6.79999e+06,1.14985e+07,4.47041e+06,6.79999e+06,1.14983e+07,4.46281e+06,6.79999e+06,1.14981e+07,4.4533e+06,6.79999e+06,1.14979e+07,4.44138e+06,6.79999e+06,1.14976e+07,4.42649e+06,6.79999e+06,1.14972e+07,4.40789e+06,6.79999e+06,1.14969e+07,4.38471e+06,6.79999e+06,1.14965e+07,4.35592e+06,6.79999e+06,1.1496e+07,4.32027e+06,6.79999e+06,1.14955e+07,4.27629e+06,6.79999e+06,1.14949e+07,4.22231e+06,6.79999e+06,1.14942e+07,4.15647e+06,6.79999e+06,1.14934e+07,4.07676e+06,6.79999e+06,1.14926e+07,3.98112e+06,6.79999e+06,1.14916e+07,3.86765e+06,6.79999e+06,1.14905e+07,3.73474e+06,6.79999e+06,1.14892e+07,3.58148e+06,6.79999e+06,1.14878e+07,3.40785e+06,6.79999e+06,1.14862e+07,3.21513e+06,6.79999e+06,1.14844e+07,3.00605e+06,6.79999e+06,1.14823e+07,2.7848e+06,6.79999e+06,1.148e+07,2.5568e+06,6.79999e+06,1.14773e+07,2.32825e+06,6.79999e+06,13.5742,8.52444,0.508366,16.8306,13.2585,0.162638,20.0035,17.569,0.0507846,23.2616,22.4214,0.0158319,26.7328,28.3297,0.00493498,30.5212,35.6974,0.00153831,34.7178,44.9473,0.000479527,39.4086,56.5822,0.000149456,44.6796,71.2245,4.66214e-05,50.6209,89.6543,1.45419e-05,57.3297,112.852,4.54748e-06,64.9129,142.051,1.43857e-06,73.4897,178.803,4.36618e-07,83.1934,225.062,1.40153e-07,94.1745,283.286,4.96378e-08,106.602,356.568,1.05434e-07,120.669,448.799,-6.49244e-08,136.59,564.873,1.70148e-07,154.611,710.948,-5.34594e-08,175.008,894.767,1.63407e-07,198.097,1126.06,8.04804e-08,224.231,1417.07,1.14667e-07,253.813,1783.15,-1.71227e-07,287.297,2243.62,-2.88466e-07,325.198,2822.67,-4.33651e-07,368.098,3550.67,7.9318e-08,416.657,4465.65,3.13319e-07,471.621,5615.16,3.4613e-07,533.835,7058.61,-1.19199e-07,604.255,8870.02,-2.79964e-07,683.962,11141.4,-2.30521e-07,774.182,13986.7,-2.55099e-07,876.299,17546.4,1.23585e-07,991.883,21993.1,1.41192e-07,1122.71,27536.7,-9.71886e-08,1270.78,34430.7,-3.68368e-07,1438.38,42977.7,-3.45379e-07,1628.07,53532.7,-3.25328e-09,1842.77,66504.6,2.6362e-07,2085.77,82350.2,2.53445e-07,2360.79,101560,-2.47407e-08,2672.05,124632,-3.80602e-07,3024.31,152018,-4.79005e-07,3422.98,184060,-1.14379e-07,3874.15,220884,2.64297e-07,4384.72,262283,3.44131e-07,4962.49,307576,7.5349e-08,5616.29,355497,-3.63097e-07,6356.1,404126,-6.05442e-07,7193.18,450932,-2.72333e-07,8140.28,492963,2.29675e-07,9211.79,527178,4.3387e-07,10424,550893,-1.0711e-07,10.102,8.06553,2.81012,10.6436,8.57909,0.869423,11.5336,10.2515,0.270869,12.7211,12.7138,0.0844293,14.1823,15.9373,0.0263173,15.9122,20.0383,0.0082035,17.9198,25.2154,0.00255722,20.2244,31.7373,0.000797017,22.8539,39.9486,0.000248622,25.8438,50.2851,7.75492e-05,29.237,63.2963,2.42508e-05,33.0837,79.6738,7.67162e-06,37.4415,100.288,2.32837e-06,42.3767,126.236,7.33e-07,47.9646,158.896,2.79256e-07,54.2906,200.003,9.87351e-09,61.452,251.741,1.61085e-07,69.5585,316.859,-2.47141e-07,78.7347,398.812,8.93552e-08,89.1218,501.948,-2.53231e-07,100.879,631.736,-1.25047e-07,114.188,795.049,-1.78808e-07,129.252,1000.53,2.6733e-07,146.304,1259.03,4.50292e-07,165.605,1584.19,6.76904e-07,187.452,1993.12,-1.23808e-07,212.181,2507.27,-4.89068e-07,240.173,3153.54,-5.40284e-07,271.856,3965.56,1.86061e-07,307.719,4985.38,4.37004e-07,348.313,6265.4,3.59828e-07,394.26,7870.83,3.98192e-07,446.268,9882.51,-1.92908e-07,505.135,12400.3,-2.20392e-07,571.766,15546.9,1.51705e-07,647.184,19472.2,5.74996e-07,732.547,24357.4,5.39112e-07,829.167,30420,5.07815e-09,938.526,37916.3,-4.11492e-07,1062.3,47143.9,-3.9561e-07,1202.4,58439.2,3.86185e-08,1360.96,72169.3,5.94093e-07,1540.42,88715.8,7.47693e-07,1743.53,108445,1.78537e-07,1973.41,131665,-4.12549e-07,2233.57,158557,-5.37164e-07,2528,189103,-1.17615e-07,2861.2,222986,5.66769e-07,3238.27,259510,9.45053e-07,3664.97,297540,4.25093e-07,4147.81,335497,-3.58506e-07,4694.17,371444,-6.7724e-07,5312.37,403256,1.67192e-07,1.61744,3.89446,9.84394,3.28846,7.5504,12.774,5.07607,11.7187,13.6844,7.03202,16.8147,13.9681,9.20215,23.1769,14.0566,11.6301,31.1672,14.0841,14.3598,41.2186,14.0927,17.4376,53.8688,14.0954,20.9137,69.7915,14.0962,24.8432,89.8341,14.0965,29.2879,115.063,14.0966,34.3168,146.819,14.0966,40.0078,186.792,14.0966,46.4487,237.107,14.0966,53.7388,300.44,14.0966,61.9903,380.158,14.0966,71.3301,480.499,14.0966,81.902,606.796,14.0966,93.8685,765.761,14.0966,107.414,965.837,14.0966,122.746,1217.65,14.0966,140.101,1534.57,14.0966,159.745,1933.41,14.0966,181.981,2435.3,14.0966,207.15,3066.85,14.0966,235.64,3861.46,14.0966,267.889,4861.11,14.0966,304.391,6118.54,14.0966,345.709,7699.91,14.0966,392.478,9688.22,14.0966,445.417,12187.5,14.0966,505.339,15327.7,14.0966,573.165,19271.6,14.0966,649.938,24222,14.0966,736.839,30430.9,14.0966,835.202,38211.5,14.0966,946.539,47950.3,14.0966,1072.56,60122.8,14.0966,1215.21,75309.9,14.0966,1376.66,94216.2,14.0966,1559.41,117688,14.0966,1766.26,146729,14.0966,2000.39,182510,14.0966,2265.39,226372,14.0966,2565.33,279806,14.0966,2904.81,344416,14.0966,3289.05,421845,14.0966,3723.93,513667,14.0966,4216.13,621231,14.0966,4773.18,745478,14.0966,5403.64,886744,14.0966,6117.15,1.04457e+06,14.0966,6924.63,1.2176e+06,14.0966,11.7194,11.96,12.6541,13.9321,16.1295,13.6434,16.6097,21.9702,13.9553,19.7532,29.5285,14.0526,23.3844,39.1143,14.0829,27.5423,51.2054,14.0923,32.2796,66.434,14.0953,37.662,85.6061,14.0962,43.7675,109.74,14.0965,50.687,140.119,14.0966,58.5249,178.359,14.0966,67.4005,226.493,14.0966,77.4493,287.08,14.0966,88.8254,363.343,14.0966,101.703,459.336,14.0966,116.281,580.161,14.0966,132.782,732.241,14.0966,151.46,923.655,14.0966,172.603,1164.57,14.0966,196.535,1467.79,14.0966,223.625,1849.39,14.0966,254.288,2329.62,14.0966,288.997,2933.93,14.0966,328.285,3694.33,14.0966,372.755,4651.04,14.0966,423.092,5854.57,14.0966,480.07,7368.38,14.0966,544.564,9272.08,14.0966,617.566,11665.5,14.0966,700.197,14673.6,14.0966,793.729,18452.9,14.0966,899.599,23198.6,14.0966,1019.43,29154.1,14.0966,1155.07,36622.3,14.0966,1308.6,45977.9,14.0966,1482.39,57683.7,14.0966,1679.09,72307.8,14.0966,1901.73,90542.8,14.0966,2153.73,113226,14.0966,2438.97,141360,14.0966,2761.81,176127,14.0966,3127.22,218898,14.0966,3540.81,271226,14.0966,4008.92,334817,14.0966,4538.74,411470,14.0966,5138.38,502973,14.0966,5817.04,610948,14.0966,6585.12,736653,14.0966,7454.39,880741,14.0966,8438.15,1.04302e+06,14.0966,9551.45,1.22224e+06,14.0966,10811.3,1.41602e+06,14.0966,12237,1.62086e+06,14.0966,11.7194,11.96,12.6541,2.21263,4.16949,0.989383,2.67766,5.84076,0.311842,3.14343,7.55825,0.0972771,3.63127,9.58578,0.0303237,4.15787,12.0912,0.00945211,4.73731,15.2286,0.00294633,5.38238,19.1721,0.000918508,6.10553,24.134,0.000286163,6.91951,30.3791,8.92692e-05,7.83792,38.2397,2.78121e-05,8.87555,48.1338,8.65134e-06,10.0489,60.5876,2.7882e-06,11.3761,76.2629,8.29036e-07,12.8779,95.9927,2.4373e-07,14.5775,120.825,4.33068e-09,16.5012,152.08,1.75749e-07,18.6784,191.415,-1.86328e-07,21.1428,240.917,1.91829e-07,23.9322,303.213,-1.81475e-07,27.0895,381.602,7.0186e-08,30.6634,480.231,-2.86769e-08,34.7087,604.316,2.40784e-07,39.2876,760.401,9.87368e-08,44.4705,956.705,1.22263e-07,50.3371,1203.54,-4.31966e-07,56.9776,1513.81,-1.9705e-07,64.494,1903.69,-2.763e-08,73.0018,2393.4,3.9185e-07,82.6317,3008.13,1.35379e-07,93.5318,3779.25,-4.16351e-08,105.869,4745.7,2.06965e-08,119.834,5955.6,-3.18887e-07,135.641,7468.12,-1.48271e-08,153.531,9355.62,2.00739e-07,173.781,11705.8,2.28358e-07,196.701,14624.1,-1.93587e-08,222.642,18235,-2.88101e-07,252.003,22683.4,-2.24732e-07,285.234,28134,8.56806e-09,322.845,34767,2.34258e-07,365.413,42770.9,2.99668e-07,413.588,52327.9,8.28644e-08,468.111,63591.2,-3.07049e-07,529.814,76653.2,-3.1888e-07,599.642,91502.5,-6.72276e-08,678.662,107975,2.26339e-07,768.083,125705,3.69212e-07,869.267,144088,2.04077e-07,983.76,162277,-2.80509e-07,1113.3,179223,-4.22737e-07,1259.87,193777,-1.71951e-07,1425.68,204839,4.55555e-07,11.7194,11.96,12.6541,2.21263,4.16949,0.989383,2.67766,5.84076,0.311842,3.14343,7.55825,0.0972771,3.63127,9.58578,0.0303237,4.15787,12.0912,0.00945211,4.73731,15.2286,0.00294633,5.38238,19.1721,0.000918508,6.10553,24.134,0.000286163,6.91951,30.3791,8.92692e-05,7.83792,38.2397,2.78121e-05,8.87555,48.1338,8.65134e-06,10.0489,60.5876,2.7882e-06,11.3761,76.2629,8.29036e-07,12.8779,95.9927,2.4373e-07,14.5775,120.825,1e-08,16.5012,152.08,1.75749e-07,18.6784,191.415,1e-08,21.1428,240.917,1.91829e-07,23.9322,303.213,1e-08,27.0895,381.602,7.0186e-08,30.6634,480.231,1e-08,34.7087,604.316,2.40784e-07,39.2876,760.401,9.87368e-08,44.4705,956.705,1.22263e-07,50.3371,1203.54,1e-08,56.9776,1513.81,1e-08,64.494,1903.69,1e-08,73.0018,2393.4,3.9185e-07,82.6317,3008.13,1.35379e-07,93.5318,3779.25,1e-08,105.869,4745.7,2.06965e-08,119.834,5955.6,1e-08,135.641,7468.12,1e-08,153.531,9355.62,2.00739e-07,173.781,11705.8,2.28358e-07,196.701,14624.1,1e-08,222.642,18235,1e-08,252.003,22683.4,1e-08,285.234,28134,1e-08,322.845,34767,2.34258e-07,365.413,42770.9,2.99668e-07,413.588,52327.9,8.28644e-08,468.111,63591.2,1e-08,529.814,76653.2,1e-08,599.642,91502.5,1e-08,678.662,107975,2.26339e-07,768.083,125705,3.69212e-07,869.267,144088,2.04077e-07,983.76,162277,1e-08,1113.3,179223,1e-08,1259.87,193777,1e-08,1425.68,204839,4.55555e-07,6.2823,3.27286,2.43537,0.219672,6.18826,2.24117,0.56371,6.87772,2.63624,0.308279,6,18,25,3,5,1,7,11,0,6,6,0,4,14,0,5,6,0,12,20,0,4,25,0,6,29,0,6,24,0,7,43,0,7,39,0,5,74,0,14,55,0,10,95,0,16,225,0,19,171,0,20,213,0,9,93,0,65,507,0,30,551,0,25,636,0,37,1203,0,34,738,0,48,857,0,59,1431,0,90,2123,0,69,3077,0,84,1418,0,106,2569,0,67,4773,0,102,3167,0,79,6494,0,417,7907,0,157,7476,0,127,9172,0,190,17687,0,252,12154,0,279,17680,0,186,20307,0,162,27219,0,562,81128,0,305,82340,0,266,81672,0,580,110093,0,613,119074,0,892,129057,0,913,147009,0,370,172504,0,759,105193,0,927,277131,0,851,87465,0,1288,285483,0
-1.05176e+08,1,8.88811e-15,10,1023,0,1.05176e+08,0.528882,1.08665,0.389689,0.145397,0.379329,3.24381,0.161596,0.446195,1.77396,0.159177,1.15e+07,4.49998e+06,6.79999e+06,1.15e+07,4.49997e+06,6.79999e+06,1.15e+07,4.49996e+06,6.79999e+06,1.15e+07,4.49995e+06,6.79999e+06,1.14999e+07,4.49993e+06,6.79999e+06,1.14999e+07,4.49991e+06,6.79999e+06,1.14999e+07,4.49989e+06,6.79999e+06,1.14999e+07,4.49986e+06,6.79999e+06,1.14999e+07,4.49982e+06,6.79999e+06,1.14999e+07,4.49977e+06,6.79999e+06,1.14999e+07,4.49971e+06,6.79999e+06,1.14999e+07,4.49963e+06,6.79999e+06,1.14998e+07,4.49953e+06,6.79999e+06,1.14998e+07,4.49941e+06,6.79999e+06,1.14998e+07,4.49926e+06,6.79999e+06,1.14998e+07,4.49906e+06,6.79999e+06,1.14997e+07,4.49882e+06,6.79999e+06,1.14997e+07,4.49851e+06,6.79999e+06,1.14997e+07,4.49812e+06,6.79999e+06,1.14996e+07,4.49764e+06,6.79999e+06,1.14996e+07,4.49702e+06,6.79999e+06,1.14995e+07,4.49625e+06,6.79999e+06,1.14995e+07,4.49528e+06,6.79999e+06,1.14994e+07,4.49406e+06,6.79999e+06,1.14993e+07,4.49253e+06,6.79999e+06,1.14992e+07,4.49059e+06,6.79999e+06,1.14991e+07,4.48817e+06,6.79999e+06,1.1499e+07,4.48511e+06,6.79999e+06,1.14988e+07,4.48128e+06,6.79999e+06,1.14987e+07,4.47646e+06,6.79999e+06,1.14985e+07,4.47041e+06,6.79999e+06,1.14983e+07,4.46281e+06,6.79999e+06,1.14981e+07,4.4533e+06,6.79999e+06,1.14979e+07,4.44138e+06,6.79999e+06,1.14976e+07,4.42649e+06,6.79999e+06,1.14972e+07,4.40789e+06,6.79999e+06,1.14969e+07,4.38471e+06,6.79999e+06,1.14965e+07,4.35592e+06,6.79999e+06,1.1496e+07,4.32027e+06,6.79999e+06,1.14955e+07,4.27629e+06,6.79999e+06,1.14949e+07,4.22231e+06,6.79999e+06,1.14942e+07,4.15647e+06,6.79999e+06,1.14934e+07,4.07676e+06,6.79999e+06,1.14926e+07,3.98112e+06,6.79999e+06,1.14916e+07,3.86765e+06,6.79999e+06,1.14905e+07,3.73474e+06,6.79999e+06,1.14892e+07,3.58148e+06,6.79999e+06,1.14878e+07,3.40785e+06,6.79999e+06,1.14862e+07,3.21513e+06,6.79999e+06,1.14844e+07,3.00605e+06,6.79999e+06,1.14823e+07,2.7848e+06,6.79999e+06,1.148e+07,2.5568e+06,6.79999e+06,1.14773e+07,2.32825e+06,6.79999e+06,13.5742,8.52444,0.508366,16.8306,13.2585,0.162638,20.0035,17.569,0.0507846,23.2616,22.4214,0.0158319,26.7328,28.3297,0.00493498,30.5212,35.6974,0.00153831,34.7178,44.9473,0.000479527,39.4086,56.5822,0.000149456,44.6796,71.2245,4.66214e-05,50.6209,89.6543,1.45419e-05,57.3297,112.852,4.54748e-06,64.9129,142.051,1.43857e-06,73.4897,178.803,4.36618e-07,83.1934,225.062,1.40153e-07,94.1745,283.286,4.96378e-08,106.602,356.568,1.05434e-07,120.669,448.799,-6.49244e-08,136.59,564.873,1.70148e-07,154.611,710.948,-5.34594e-08,175.008,894.767,1.63407e-07,198.097,1126.06,8.04804e-08,224.231,1417.07,1.14667e-07,253.813,1783.15,-1.71227e-07,287.297,2243.62,-2.88466e-07,325.198,2822.67,-4.33651e-07,368.098,3550.67,7.9318e-08,416.657,4465.65,3.13319e-07,471.621,5615.16,3.4613e-07,533.835,7058.61,-1.19199e-07,604.255,8870.02,-2.79964e-07,683.962,11141.4,-2.30521e-07,774.182,13986.7,-2.55099e-07,876.299,17546.4,1.23585e-07,991.883,21993.1,1.41192e-07,1122.71,27536.7,-9.71886e-08,1270.78,34430.7,-3.68368e-07,1438.38,42977.7,-3.45379e-07,1628.07,53532.7,-3.25328e-09,1842.77,66504.6,2.6362e-07,2085.77,82350.2,2.53445e-07,2360.79,101560,-2.47407e-08,2672.05,124632,-3.80602e-07,3024.31,152018,-4.79005e-07,3422.98,184060,-1.14379e-07,3874.15,220884,2.64297e-07,4384.72,262283,3.44131e-07,4962.49,307576,7.5349e-08,5616.29,355497,-3.63097e-07,6356.1,404126,-6.05442e-07,7193.18,450932,-2.72333e-07,8140.28,492963,2.29675e-07,9211.79,527178,4.3387e-07,10424,550893,-1.0711e-07,10.102,8.06553,2.81012,10.6436,8.57909,0.869423,11.5336,10.2515,0.270869,12.7211,12.7138,0.0844293,14.1823,15.9373,0.0263173,15.9122,20.0383,0.0082035,17.9198,25.2154,0.00255722,20.2244,31.7373,0.000797017,22.8539,39.9486,0.000248622,25.8438,50.2851,7.75492e-05,29.237,63.2963,2.42508e-05,33.0837,79.6738,7.67162e-06,37.4415,100.288,2.32837e-06,42.3767,126.236,7.33e-07,47.9646,158.896,2.79256e-07,54.2906,200.003,9.87351e-09,61.452,251.741,1.61085e-07,69.5585,316.859,-2.47141e-07,78.7347,398.812,8.93552e-08,89.1218,501.948,-2.53231e-07,100.879,631.736,-1.25047e-07,114.188,795.049,-1.78808e-07,129.252,1000.53,2.6733e-07,146.304,1259.03,4.50292e-07,165.605,1584.19,6.76904e-07,187.452,1993.12,-1.23808e-07,212.181,2507.27,-4.89068e-07,240.173,3153.54,-5.40284e-07,271.856,3965.56,1.86061e-07,307.719,4985.38,4.37004e-07,348.313,6265.4,3.59828e-07,394.26,7870.83,3.98192e-07,446.268,9882.51,-1.92908e-07,505.135,12400.3,-2.20392e-07,571.766,15546.9,1.51705e-07,647.184,19472.2,5.74996e-07,732.547,24357.4,5.39112e-07,829.167,30420,5.07815e-09,938.526,37916.3,-4.11492e-07,1062.3,47143.9,-3.9561e-07,1202.4,58439.2,3.86185e-08,1360.96,72169.3,5.94093e-07,1540.42,88715.8,7.47693e-07,1743.53,108445,1.78537e-07,1973.41,131665,-4.12549e-07,2233.57,158557,-5.37164e-07,2528,189103,-1.17615e-07,2861.2,222986,5.66769e-07,3238.27,259510,9.45053e-07,3664.97,297540,4.25093e-07,4147.81,335497,-3.58506e-07,4694.17,371444,-6.7724e-07,5312.37,403256,1.67192e-07,1.61744,3.89446,9.84394,3.28846,7.5504,12.774,5.07607,11.7187,13.6844,7.03202,16.8147,13.9681,9.20215,23.1769,14.0566,11.6301,31.1672,14.0841,14.3598,41.2186,14.0927,17.4376,53.8688,14.0954,20.9137,69.7915,14.0962,24.8432,89.8341,14.0965,29.2879,115.063,14.0966,34.3168,146.819,14.0966,40.0078,186.792,14.0966,46.4487,237.107,14.0966,53.7388,300.44,14.0966,61.9903,380.158,14.0966,71.3301,480.499,14.0966,81.902,606.796,14.0966,93.8685,765.761,14.0966,107.414,965.837,14.0966,122.746,1217.65,14.0966,140.101,1534.57,14.0966,159.745,1933.41,14.0966,181.981,2435.3,14.0966,207.15,3066.85,14.0966,235.64,3861.46,14.0966,267.889,4861.11,14.0966,304.391,6118.54,14.0966,345.709,7699.91,14.0966,392.478,9688.22,14.0966,445.417,12187.5,14.0966,505.339,15327.7,14.0966,573.165,19271.6,14.0966,649.938,24222,14.0966,736.839,30430.9,14.0966,835.202,38211.5,14.0966,946.539,47950.3,14.0966,1072.56,60122.8,14.0966,1215.21,75309.9,14.0966,1376.66,94216.2,14.0966,1559.41,117688,14.0966,1766.26,146729,14.0966,2000.39,182510,14.0966,2265.39,226372,14.0966,2565.33,279806,14.0966,2904.81,344416,14.0966,3289.05,421845,14.0966,3723.93,513667,14.0966,4216.13,621231,14.0966,4773.18,745478,14.0966,5403.64,886744,14.0966,6117.15,1.04457e+06,14.0966,6924.63,1.2176e+06,14.0966,11.7194,11.96,12.6541,13.9321,16.1295,13.6434,16.6097,21.9702,13.9553,19.7532,29.5285,14.0526,23.3844,39.1143,14.0829,27.5423,51.2054,14.0923,32.2796,66.434,14.0953,37.662,85.6061,14.0962,43.7675,109.74,14.0965,50.687,140.119,14.0966,58.5249,178.359,14.0966,67.4005,226.493,14.0966,77.4493,287.08,14.0966,88.8254,363.343,14.0966,101.703,459.336,14.0966,116.281,580.161,14.0966,132.782,732.241,14.0966,151.46,923.655,14.0966,172.603,1164.57,14.0966,196.535,1467.79,14.0966,223.625,1849.39,14.0966,254.288,2329.62,14.0966,288.997,2933.93,14.0966,328.285,3694.33,14.0966,372.755,4651.04,14.0966,423.092,5854.57,14.0966,480.07,7368.38,14.0966,544.564,9272.08,14.0966,617.566,11665.5,14.0966,700.197,14673.6,14.0966,793.729,18452.9,14.0966,899.599,23198.6,14.0966,1019.43,29154.1,14.0966,1155.07,36622.3,14.0966,1308.6,45977.9,14.0966,1482.39,57683.7,14.0966,1679.09,72307.8,14.0966,1901.73,90542.8,14.0966,2153.73,113226,14.0966,2438.97,141360,14.0966,2761.81,176127,14.0966,3127.22,218898,14.0966,3540.81,271226,14.0966,4008.92,334817,14.0966,4538.74,411470,14.0966,5138.38,502973,14.0966,5817.04,610948,14.0966,6585.12,736653,14.0966,7454.39,880741,14.0966,8438.15,1.04302e+06,14.0966,9551.45,1.22224e+06,14.0966,10811.3,1.41602e+06,14.0966,12237,1.62086e+06,14.0966,11.7194,11.96,12.6541,2.21263,4.16949,0.989383,2.67766,5.84076,0.311842,3.14343,7.55825,0.0972771,3.63127,9.58578,0.0303237,4.15787,12.0912,0.00945211,4.73731,15.2286,0.00294633,5.38238,19.1721,0.000918508,6.10553,24.134,0.000286163,6.91951,30.3791,8.92692e-05,7.83792,38.2397,2.78121e-05,8.87555,48.1338,8.65134e-06,10.0489,60.5876,2.7882e-06,11.3761,76.2629,8.29036e-07,12.8779,95.9927,2.4373e-07,14.5775,120.825,4.33068e-09,16.5012,152.08,1.75749e-07,18.6784,191.415,-1.86328e-07,21.1428,240.917,1.91829e-07,23.9322,303.213,-1.81475e-07,27.0895,381.602,7.0186e-08,30.6634,480.231,-2.86769e-08,34.7087,604.316,2.40784e-07,39.2876,760.401,9.87368e-08,44.4705,956.705,1.22263e-07,50.3371,1203.54,-4.31966e-07,56.9776,1513.81,-1.9705e-07,64.494,1903.69,-2.763e-08,73.0018,2393.4,3.9185e-07,82.6317,3008.13,1.35379e-07,93.5318,3779.25,-4.16351e-08,105.869,4745.7,2.06965e-08,119.834,5955.6,-3.18887e-07,135.641,7468.12,-1.48271e-08,153.531,9355.62,2.00739e-07,173.781,11705.8,2.28358e-07,196.701,14624.1,-1.93587e-08,222.642,18235,-2.88101e-07,252.003,22683.4,-2.24732e-07,285.234,28134,8.56806e-09,322.845,34767,2.34258e-07,365.413,42770.9,2.99668e-07,413.588,52327.9,8.28644e-08,468.111,63591.2,-3.07049e-07,529.814,76653.2,-3.1888e-07,599.642,91502.5,-6.72276e-08,678.662,107975,2.26339e-07,768.083,125705,3.69212e-07,869.267,144088,2.04077e-07,983.76,162277,-2.80509e-07,1113.3,179223,-4.22737e-07,1259.87,193777,-1.71951e-07,1425.68,204839,4.55555e-07,11.7194,11.96,12.6541,2.21263,4.16949,0.989383,2.67766,5.84076,0.311842,3.14343,7.55825,0.0972771,3.63127,9.58578,0.0303237,4.15787,12.0912,0.00945211,4.73731,15.2286,0.00294633,5.38238,19.1721,0.000918508,6.10553,24.134,0.000286163,6.91951,30.3791,8.92692e-05,7.83792,38.2397,2.78121e-05,8.87555,48.1338,8.65134e-06,10.0489,60.5876,2.7882e-06,11.3761,76.2629,8.29036e-07,12.8779,95.9927,2.4373e-07,14.5775,120.825,1e-08,16.5012,152.08,1.75749e-07,18.6784,191.415,1e-08,21.1428,240.917,1.91829e-07,23.9322,303.213,1e-08,27.0895,381.602,7.0186e-08,30.6634,480.231,1e-08,34.7087,604.316,2.40784e-07,39.2876,760.401,9.87368e-08,44.4705,956.705,1.22263e-07,50.3371,1203.54,1e-08,56.9776,1513.81,1e-08,64.494,1903.69,1e-08,73.0018,2393.4,3.9185e-07,82.6317,3008.13,1.35379e-07,93.5318,3779.25,1e-08,105.869,4745.7,2.06965e-08,119.834,5955.6,1e-08,135.641,7468.12,1e-08,153.531,9355.62,2.00739e-07,173.781,11705.8,2.28358e-07,196.701,14624.1,1e-08,222.642,18235,1e-08,252.003,22683.4,1e-08,285.234,28134,1e-08,322.845,34767,2.34258e-07,365.413,42770.9,2.99668e-07,413.588,52327.9,8.28644e-08,468.111,63591.2,1e-08,529.814,76653.2,1e-08,599.642,91502.5,1e-08,678.662,107975,2.26339e-07,768.083,125705,3.69212e-07,869.267,144088,2.04077e-07,983.76,162277,1e-08,1113.3,179223,1e-08,1259.87,193777,1e-08,1425.68,204839,4.55555e-07,6.2823,3.27286,2.43537,0.219672,6.18826,2.24117,0.56371,6.87772,2.63624,0.308279,13,12,10,2,3,2,0,4,0,2,10,0,2,9,0,1,7,0,1,23,0,3,3,0,5,18,0,6,26,0,5,33,0,8,64,0,10,58,0,12,66,0,10,207,0,18,104,0,17,158,0,11,347,0,43,195,0,21,168,0,25,616,0,55,540,0,53,411,0,52,841,0,98,1313,0,20,1053,0,42,2077,0,27,2345,0,61,1787,0,124,3270,0,50,1526,0,119,4951,0,228,4162,0,85,12002,0,148,14984,0,181,14279,0,320,26695,0,80,12630,0,260,8217,0,173,15326,0,285,15439,0,343,33790,0,307,84061,0,451,68995,0,507,47247,0,600,101125,0,806,132503,0,547,51020,0,645,195625,0,537,222735,0,758,61766,0,1100,170322,0,1527,43310,0
-1.05176e+08,1,8.88811e-15,10,1023,0,1.05176e+08,0.528882,1.08665,0.389689,0.145397,0.379329,3.24381,0.161596,0.446195,1.77396,0.159177,1.15e+07,4.49998e+06,6.79999e+06,1.15e+07,4.49997e+06,6.79999e+06,1.15e+07,4.49996e+06,6.79999e+06,1.15e+07,4.49995e+06,6.79999e+06,1.14999e+07,4.49993e+06,6.79999e+06,1.14999e+07,4.49991e+06,6.79999e+06,1.14999e+07,4.49989e+06,6.79999e+06,1.14999e+07,4.49986e+06,6.79999e+06,1.14999e+07,4.49982e+06,6.79999e+06,1.14999e+07,4.49977e+06,6.79999e+06,1.14999e+07,4.49971e+06,6.79999e+06,1.14999e+07,4.49963e+06,6.79999e+06,1.14998e+07,4.49953e+06,6.79999e+06,1.14998e+07,4.49941e+06,6.79999e+06,1.14998e+07,4.49926e+06,6.79999e+06,1.14998e+07,4.49906e+06,6.79999e+06,1.14997e+07,4.49882e+06,6.79999e+06,1.14997e+07,4.49851e+06,6.79999e+06,1.14997e+07,4.49812e+06,6.79999e+06,1.14996e+07,4.49764e+06,6.79999e+06,1.14996e+07,4.49702e+06,6.79999e+06,1.14995e+07,4.49625e+06,6.79999e+06,1.14995e+07,4.49528e+06,6.79999e+06,1.14994e+07,4.49406e+06,6.79999e+06,1.14993e+07,4.49253e+06,6.79999e+06,1.14992e+07,4.49059e+06,6.79999e+06,1.14991e+07,4.48817e+06,6.79999e+06,1.1499e+07,4.48511e+06,6.79999e+06,1.14988e+07,4.48128e+06,6.79999e+06,1.14987e+07,4.47646e+06,6.79999e+06,1.14985e+07,4.47041e+06,6.79999e+06,1.14983e+07,4.46281e+06,6.79999e+06,1.14981e+07,4.4533e+06,6.79999e+06,1.14979e+07,4.44138e+06,6.79999e+06,1.14976e+07,4.42649e+06,6.79999e+06,1.14972e+07,4.40789e+06,6.79999e+06,1.14969e+07,4.38471e+06,6.79999e+06,1.14965e+07,4.35592e+06,6.79999e+06,1.1496e+07,4.32027e+06,6.79999e+06,1.14955e+07,4.27629e+06,6.79999e+06,1.14949e+07,4.22231e+06,6.79999e+06,1.14942e+07,4.15647e+06,6.79999e+06,1.14934e+07,4.07676e+06,6.79999e+06,1.14926e+07,3.98112e+06,6.79999e+06,1.14916e+07,3.86765e+06,6.79999e+06,1.14905e+07,3.73474e+06,6.79999e+06,1.14892e+07,3.58148e+06,6.79999e+06,1.14878e+07,3.40785e+06,6.79999e+06,1.14862e+07,3.21513e+06,6.79999e+06,1.14844e+07,3.00605e+06,6.79999e+06,1.14823e+07,2.7848e+06,6.79999e+06,1.148e+07,2.5568e+06,6.79999e+06,1.14773e+07,2.32825e+06,6.79999e+06,13.5742,8.52444,0.508366,16.8306,13.2585,0.162638,20.0035,17.569,0.0507846,23.2616,22.4214,0.0158319,26.7328,28.3297,0.00493498,30.5212,35.6974,0.00153831,34.7178,44.9473,0.000479527,39.4086,56.5822,0.000149456,44.6796,71.2245,4.66214e-05,50.6209,89.6543,1.45419e-05,57.3297,112.852,4.54748e-06,64.9129,142.051,1.43857e-06,73.4897,178.803,4.36618e-07,83.1934,225.062,1.40153e-07,94.1745,283.286,4.96378e-08,106.602,356.568,1.05434e-07,120.669,448.799,-6.49244e-08,136.59,564.873,1.70148e-07,154.611,710.948,-5.34594e-08,175.008,894.767,1.63407e-07,198.097,1126.06,8.04804e-08,224.231,1417.07,1.14667e-07,253.813,1783.15,-1.71227e-07,287.297,2243.62,-2.88466e-07,325.198,2822.67,-4.33651e-07,368.098,3550.67,7.9318e-08,416.657,4465.65,3.13319e-07,471.621,5615.16,3.4613e-07,533.835,7058.61,-1.19199e-07,604.255,8870.02,-2.79964e-07,683.962,11141.4,-2.30521e-07,774.182,13986.7,-2.55099e-07,876.299,17546.4,1.23585e-07,991.883,21993.1,1.41192e-07,1122.71,27536.7,-9.71886e-08,1270.78,34430.7,-3.68368e-07,1438.38,42977.7,-3.45379e-07,1628.07,53532.7,-3.25328e-09,1842.77,66504.6,2.6362e-07,2085.77,82350.2,2.53445e-07,2360.79,101560,-2.47407e-08,2672.05,124632,-3.80602e-07,3024.31,152018,-4.79005e-07,3422.98,184060,-1.14379e-07,3874.15,220884,2.64297e-07,4384.72,262283,3.44131e-07,4962.49,307576,7.5349e-08,5616.29,355497,-3.63097e-07,6356.1,404126,-6.05442e-07,7193.18,450932,-2.72333e-07,8140.28,492963,2.29675e-07,9211.79,527178,4.3387e-07,10424,550893,-1.0711e-07,10.102,8.06553,2.81012,10.6436,8.57909,0.869423,11.5336,10.2515,0.270869,12.7211,12.7138,0.0844293,14.1823,15.9373,0.0263173,15.9122,20.0383,0.0082035,17.9198,25.2154,0.00255722,20.2244,31.7373,0.000797017,22.8539,39.9486,0.000248622,25.8438,50.2851,7.75492e-05,29.237,63.2963,2.42508e-05,33.0837,79.6738,7.67162e-06,37.4415,100.288,2.32837e-06,42.3767,126.236,7.33e-07,47.9646,158.896,2.79256e-07,54.2906,200.003,9.87351e-09,61.452,251.741,1.61085e-07,69.5585,316.859,-2.47141e-07,78.7347,398.812,8.93552e-08,89.1218,501.948,-2.53231e-07,100.879,631.736,-1.25047e-07,114.188,795.049,-1.78808e-07,129.252,1000.53,2.6733e-07,146.304,1259.03,4.50292e-07,165.605,1584.19,6.76904e-07,187.452,1993.12,-1.23808e-07,212.181,2507.27,-4.89068e-07,240.173,3153.54,-5.40284e-07,271.856,3965.56,1.86061e-07,307.719,4985.38,4.37004e-07,348.313,6265.4,3.59828e-07,394.26,7870.83,3.98192e-07,446.268,9882.51,-1.92908e-07,505.135,12400.3,-2.20392e-07,571.766,15546.9,1.51705e-07,647.184,19472.2,5.74996e-07,732.547,24357.4,5.39112e-07,829.167,30420,5.07815e-09,938.526,37916.3,-4.11492e-07,1062.3,47143.9,-3.9561e-07,1202.4,58439.2,3.86185e-08,1360.96,72169.3,5.94093e-07,1540.42,88715.8,7.47693e-07,1743.53,108445,1.78537e-07,1973.41,131665,-4.12549e-07,2233.57,158557,-5.37164e-07,2528,189103,-1.17615e-07,2861.2,222986,5.66769e-07,3238.27,259510,9.45053e-07,3664.97,297540,4.25093e-07,4147.81,335497,-3.58506e-07,4694.17,371444,-6.7724e-07,5312.37,403256,1.67192e-07,1.61744,3.89446,9.84394,3.28846,7.5504,12.774,5.07607,11.7187,13.6844,7.03202,16.8147,13.9681,9.20215,23.1769,14.0566,11.6301,31.1672,14.0841,14.3598,41.2186,14.0927,17.4376,53.8688,14.0954,20.9137,69.7915,14.0962,24.8432,89.8341,14.0965,29.2879,115.063,14.0966,34.3168,146.819,14.0966,40.0078,186.792,14.0966,46.4487,237.107,14.0966,53.7388,300.44,14.0966,61.9903,380.158,14.0966,71.3301,480.499,14.0966,81.902,606.796,14.0966,93.8685,765.761,14.0966,107.414,965.837,14.0966,122.746,1217.65,14.0966,140.101,1534.57,14.0966,159.745,1933.41,14.0966,181.981,2435.3,14.0966,207.15,3066.85,14.0966,235.64,3861.46,14.0966,267.889,4861.11,14.0966,304.391,6118.54,14.0966,345.709,7699.91,14.0966,392.478,9688.22,14.0966,445.417,12187.5,14.0966,505.339,15327.7,14.0966,573.165,19271.6,14.0966,649.938,24222,14.0966,736.839,30430.9,14.0966,835.202,38211.5,14.0966,946.539,47950.3,14.0966,1072.56,60122.8,14.0966,1215.21,75309.9,14.0966,1376.66,94216.2,14.0966,1559.41,117688,14.0966,1766.26,146729,14.0966,2000.39,182510,14.0966,2265.39,226372,14.0966,2565.33,279806,14.0966,2904.81,344416,14.0966,3289.05,421845,14.0966,3723.93,513667,14.0966,4216.13,621231,14.0966,4773.18,745478,14.0966,5403.64,886744,14.0966,6117.15,1.04457e+06,14.0966,6924.63,1.2176e+06,14.0966,11.7194,11.96,12.6541,13.9321,16.1295,13.6434,16.6097,21.9702,13.9553,19.7532,29.5285,14.0526,23.3844,39.1143,14.0829,27.5423,51.2054,14.0923,32.2796,66.434,14.0953,37.662,85.6061,14.0962,43.7675,109.74,14.0965,50.687,140.119,14.0966,58.5249,178.359,14.0966,67.4005,226.493,14.0966,77.4493,287.08,14.0966,88.8254,363.343,14.0966,101.703,459.336,14.0966,116.281,580.161,14.0966,132.782,732.241,14.0966,151.46,923.655,14.0966,172.603,1164.57,14.0966,196.535,1467.79,14.0966,223.625,1849.39,14.0966,254.288,2329.62,14.0966,288.997,2933.93,14.0966,328.285,3694.33,14.0966,372.755,4651.04,14.0966,423.092,5854.57,14.0966,480.07,7368.38,14.0966,544.564,9272.08,14.0966,617.566,11665.5,14.0966,700.197,14673.6,14.0966,793.729,18452.9,14.0966,899.599,23198.6,14.0966,1019.43,29154.1,14.0966,1155.07,36622.3,14.0966,1308.6,45977.9,14.0966,1482.39,57683.7,14.0966,1679.09,72307.8,14.0966,1901.73,90542.8,14.0966,2153.73,113226,14.0966,2438.97,141360,14.0966,2761.81,176127,14.0966,3127.22,218898,14.0966,3540.81,271226,14.0966,4008.92,334817,14.0966,4538.74,411470,14.0966,5138.38,502973,14.0966,5817.04,610948,14.0966,6585.12,736653,14.0966,7454.39,880741,14.0966,8438.15,1.04302e+06,14.0966,9551.45,1.22224e+06,14.0966,10811.3,1.41602e+06,14.0966,12237,1.62086e+06,14.0966,11.7194,11.96,12.6541,2.21263,4.16949,0.989383,2.67766,5.84076,0.311842,3.14343,7.55825,0.0972771,3.63127,9.58578,0.0303237,4.15787,12.0912,0.00945211,4.73731,15.2286,0.00294633,5.38238,19.1721,0.000918508,6.10553,24.134,0.000286163,6.91951,30.3791,8.92692e-05,7.83792,38.2397,2.78121e-05,8.87555,48.1338,8.65134e-06,10.0489,60.5876,2.7882e-06,11.3761,76.2629,8.29036e-07,12.8779,95.9927,2.4373e-07,14.5775,120.825,4.33068e-09,16.5012,152.08,1.75749e-07,18.6784,191.415,-1.86328e-07,21.1428,240.917,1.91829e-07,23.9322,303.213,-1.81475e-07,27.0895,381.602,7.0186e-08,30.6634,480.231,-2.86769e-08,34.7087,604.316,2.40784e-07,39.2876,760.401,9.87368e-08,44.4705,956.705,1.22263e-07,50.3371,1203.54,-4.31966e-07,56.9776,1513.81,-1.9705e-07,64.494,1903.69,-2.763e-08,73.0018,2393.4,3.9185e-07,82.6317,3008.13,1.35379e-07,93.5318,3779.25,-4.16351e-08,105.869,4745.7,2.06965e-08,119.834,5955.6,-3.18887e-07,135.641,7468.12,-1.48271e-08,153.531,9355.62,2.00739e-07,173.781,11705.8,2.28358e-07,196.701,14624.1,-1.93587e-08,222.642,18235,-2.88101e-07,252.003,22683.4,-2.24732e-07,285.234,28134,8.56806e-09,322.845,34767,2.34258e-07,365.413,42770.9,2.99668e-07,413.588,52327.9,8.28644e-08,468.111,63591.2,-3.07049e-07,529.814,76653.2,-3.1888e-07,599.642,91502.5,-6.72276e-08,678.662,107975,2.26339e-07,768.083,125705,3.69212e-07,869.267,144088,2.04077e-07,983.76,162277,-2.80509e-07,1113.3,179223,-4.22737e-07,1259.87,193777,-1.71951e-07,1425.68,204839,4.55555e-07,11.7194,11.96,12.6541,2.21263,4.16949,0.989383,2.67766,5.84076,0.311842,3.14343,7.55825,0.0972771,3.63127,9.58578,0.0303237,4.15787,12.0912,0.00945211,4.73731,15.2286,0.00294633,5.38238,19.1721,0.000918508,6.10553,24.134,0.000286163,6.91951,30.3791,8.92692e-05,7.83792,38.2397,2.78121e-05,8.87555,48.1338,8.65134e-06,10.0489,60.5876,2.7882e-06,11.3761,76.2629,8.29036e-07,12.8779,95.9927,2.4373e-07,14.5775,120.825,1e-08,16.5012,152.08,1.75749e-07,18.6784,191.415,1e-08,21.1428,240.917,1.91829e-07,23.9322,303.213,1e-08,27.0895,381.602,7.0186e-08,30.6634,480.231,1e-08,34.7087,604.316,2.40784e-07,39.2876,760.401,9.87368e-08,44.4705,956.705,1.22263e-07,50.3371,1203.54,1e-08,56.9776,1513.81,1e-08,64.494,1903.69,1e-08,73.0018,2393.4,3.9185e-07,82.6317,3008.13,1.35379e-07,93.5318,3779.25,1e-08,105.869,4745.7,2.06965e-08,119.834,5955.6,1e-08,135.641,7468.12,1e-08,153.531,9355.62,2.00739e-07,173.781,11705.8,2.28358e-07,196.701,14624.1,1e-08,222.642,18235,1e-08,252.003,22683.4,1e-08,285.234,28134,1e-08,322.845,34767,2.34258e-07,365.413,42770.9,2.99668e-07,413.588,52327.9,8.28644e-08,468.111,63591.2,1e-08,529.814,76653.2,1e-08,599.642,91502.5,1e-08,678.662,107975,2.26339e-07,768.083,125705,3.69212e-07,869.267,144088,2.04077e-07,983.76,162277,1e-08,1113.3,179223,1e-08,1259.87,193777,1e-08,1425.68,204839,4.55555e-07,6.2823,3.27286,2.43537,0.219672,6.18826,2.24117,0.56371,6.87772,2.63624,0.308279,4,7,5,1,3,1,6,10,0,4,0,1,1,3,0,8,15,0,3,16,0,0,38,0,5,13,0,17,25,0,4,48,0,10,42,0,7,12,0,17,75,0,24,80,0,14,168,0,20,170,0,16,57,0,20,174,0,16,211,0,13,216,0,16,276,0,42,311,0,50,657,0,62,628,0,33,1012,0,35,2567,0,117,2535,0,75,3483,0,159,3577,0,92,4165,0,77,4658,0,125,3630,0,134,7733,0,235,6593,0,192,17076,0,83,8860,0,436,15474,0,174,21960,0,280,20170,0,253,10414,0,496,57437,0,315,48385,0,444,42540,0,589,63375,0,819,80546,0,291,245755,0,699,64772,0,474,95776,0,452,85722,0,1026,144456,0,1569,196854,0,841,186578,0
-1.05176e+08,1,8.88811e-15,10,1023,0,1.05176e+08,0.528882,1.08665,0.389689,0.145397,0.379329,3.24381,0.161596,0.446195,1.77396,0.159177,1.15e+07,4.49998e+06,6.79999e+06,1.15e+07,4.49997e+06,6.79999e+06,1.15e+07,4.49996e+06,6.79999e+06,1.15e+07,4.49995e+06,6.79999e+06,1.14999e+07,4.49993e+06,6.79999e+06,1.14999e+07,4.49991e+06,6.79999e+06,1.14999e+07,4.49989e+06,6.79999e+06,1.14999e+07,4.49986e+06,6.79999e+06,1.14999e+07,4.49982e+06,6.79999e+06,1.14999e+07,4.49977e+06,6.79999e+06,1.14999e+07,4.49971e+06,6.79999e+06,1.14999e+07,4.49963e+06,6.79999e+06,1.14998e+07,4.49953e+06,6.79999e+06,1.14998e+07,4.49941e+06,6.79999e+06,1.14998e+07,4.49926e+06,6.79999e+06,1.14998e+07,4.49906e+06,6.79999e+06,1.14997e+07,4.49882e+06,6.79999e+06,1.14997e+07,4.49851e+06,6.79999e+06,1.14997e+07,4.49812e+06,6.79999e+06,1.14996e+07,4.49764e+06,6.79999e+06,1.14996e+07,4.49702e+06,6.79999e+06,1.14995e+07,4.49625e+06,6.79999e+06,1.14995e+07,4.49528e+06,6.79999e+06,1.14994e+07,4.49406e+06,6.79999e+06,1.14993e+07,4.49253e+06,6.79999e+06,1.14992e+07,4.49059e+06,6.79999e+06,1.14991e+07,4.48817e+06,6.79999e+06,1.1499e+07,4.48511e+06,6.79999e+06,1.14988e+07,4.48128e+06,6.79999e+06,1.14987e+07,4.47646e+06,6.79999e+06,1.14985e+07,4.47041e+06,6.79999e+06,1.14983e+07,4.46281e+06,6.79999e+06,1.14981e+07,4.4533e+06,6.79999e+06,1.14979e+07,4.44138e+06,6.79999e+06,1.14976e+07,4.42649e+06,6.79999e+06,1.14972e+07,4.40789e+06,6.79999e+06,1.14969e+07,4.38471e+06,6.79999e+06,1.14965e+07,4.35592e+06,6.79999e+06,1.1496e+07,4.32027e+06,6.79999e+06,1.14955e+07,4.27629e+06,6.79999e+06,1.14949e+07,4.22231e+06,6.79999e+06,1.14942e+07,4.15647e+06,6.79999e+06,1.14934e+07,4.07676e+06,6.79999e+06,1.14926e+07,3.98112e+06,6.79999e+06,1.14916e+07,3.86765e+06,6.79999e+06,1.14905e+07,3.73474e+06,6.79999e+06,1.14892e+07,3.58148e+06,6.79999e+06,1.14878e+07,3.40785e+06,6.79999e+06,1.14862e+07,3.21513e+06,6.79999e+06,1.14844e+07,3.00605e+06,6.79999e+06,1.14823e+07,2.7848e+06,6.79999e+06,1.148e+07,2.5568e+06,6.79999e+06,1.14773e+07,2.32825e+06,6.79999e+06,13.5742,8.52444,0.508366,16.8306,13.2585,0.162638,20.0035,17.569,0.0507846,23.2616,22.4214,0.0158319,26.7328,28.3297,0.00493498,30.5212,35.6974,0.00153831,34.7178,44.9473,0.000479527,39.4086,56.5822,0.000149456,44.6796,71.2245,4.66214e-05,50.6209,89.6543,1.45419e-05,57.3297,112.852,4.54748e-06,64.9129,142.051,1.43857e-06,73.4897,178.803,4.36618e-07,83.1934,225.062,1.40153e-07,94.1745,283.286,4.96378e-08,106.602,356.568,1.05434e-07,120.669,448.799,-6.49244e-08,136.59,564.873,1.70148e-07,154.611,710.948,-5.34594e-08,175.008,894.767,1.63407e-07,198.097,1126.06,8.04804e-08,224.231,1417.07,1.14667e-07,253.813,1783.15,-1.71227e-07,287.297,2243.62,-2.88466e-07,325.198,2822.67,-4.33651e-07,368.098,3550.67,7.9318e-08,416.657,4465.65,3.13319e-07,471.621,5615.16,3.4613e-07,533.835,7058.61,-1.19199e-07,604.255,8870.02,-2.79964e-07,683.962,11141.4,-2.30521e-07,774.182,13986.7,-2.55099e-07,876.299,17546.4,1.23585e-07,991.883,21993.1,1.41192e-07,1122.71,27536.7,-9.71886e-08,1270.78,34430.7,-3.68368e-07,1438.38,42977.7,-3.45379e-07,1628.07,53532.7,-3.25328e-09,1842.77,66504.6,2.6362e-07,2085.77,82350.2,2.53445e-07,2360.79,101560,-2.47407e-08,2672.05,124632,-3.80602e-07,3024.31,152018,-4.79005e-07,3422.98,184060,-1.14379e-07,3874.15,220884,2.64297e-07,4384.72,262283,3.44131e-07,4962.49,307576,7.5349e-08,5616.29,355497,-3.63097e-07,6356.1,404126,-6.05442e-07,7193.18,450932,-2.72333e-07,8140.28,492963,2.29675e-07,9211.79,527178,4.3387e-07,10424,550893,-1.0711e-07,10.102,8.06553,2.81012,10.6436,8.57909,0.869423,11.5336,10.2515,0.270869,12.7211,12.7138,0.0844293,14.1823,15.9373,0.0263173,15.9122,20.0383,0.0082035,17.9198,25.2154,0.00255722,20.2244,31.7373,0.000797017,22.8539,39.9486,0.000248622,25.8438,50.2851,7.75492e-05,29.237,63.2963,2.42508e-05,33.0837,79.6738,7.67162e-06,37.4415,100.288,2.32837e-06,42.3767,126.236,7.33e-07,47.9646,158.896,2.79256e-07,54.2906,200.003,9.87351e-09,61.452,251.741,1.61085e-07,69.5585,316.859,-2.47141e-07,78.7347,398.812,8.93552e-08,89.1218,501.948,-2.53231e-07,100.879,631.736,-1.25047e-07,114.188,795.049,-1.78808e-07,129.252,1000.53,2.6733e-07,146.304,1259.03,4.50292e-07,165.605,1584.19,6.76904e-07,187.452,1993.12,-1.23808e-07,212.181,2507.27,-4.89068e-07,240.173,3153.54,-5.40284e-07,271.856,3965.56,1.86061e-07,307.719,4985.38,4.37004e-07,348.313,6265.4,3.59828e-07,394.26,7870.83,3.98192e-07,446.268,9882.51,-1.92908e-07,505.135,12400.3,-2.20392e-07,571.766,15546.9,1.51705e-07,647.184,19472.2,5.74996e-07,732.547,24357.4,5.39112e-07,829.167,30420,5.07815e-09,938.526,37916.3,-4.11492e-07,1062.3,47143.9,-3.9561e-07,1202.4,58439.2,3.86185e-08,1360.96,72169.3,5.94093e-07,1540.42,88715.8,7.47693e-07,1743.53,108445,1.78537e-07,1973.41,131665,-4.12549e-07,2233.57,158557,-5.37164e-07,2528,189103,-1.17615e-07,2861.2,222986,5.66769e-07,3238.27,259510,9.45053e-07,3664.97,297540,4.25093e-07,4147.81,335497,-3.58506e-07,4694.17,371444,-6.7724e-07,5312.37,403256,1.67192e-07,1.61744,3.89446,9.84394,3.28846,7.5504,12.774,5.07607,11.7187,13.6844,7.03202,16.8147,13.9681,9.20215,23.1769,14.0566,11.6301,31.1672,14.0841,14.3598,41.2186,14.0927,17.4376,53.8688,14.0954,20.9137,69.7915,14.0962,24.8432,89.8341,14.0965,29.2879,115.063,14.0966,34.3168,146.819,14.0966,40.0078,186.792,14.0966,46.4487,237.107,14.0966,53.7388,300.44,14.0966,61.9903,380.158,14.0966,71.3301,480.499,14.0966,81.902,606.796,14.0966,93.8685,765.761,14.0966,107.414,965.837,14.0966,122.746,1217.65,14.0966,140.101,1534.57,14.0966,159.745,1933.41,14.0966,181.981,2435.3,14.0966,207.15,3066.85,14.0966,235.64,3861.46,14.0966,267.889,4861.11,14.0966,304.391,6118.54,14.0966,345.709,7699.91,14.0966,392.478,9688.22,14.0966,445.417,12187.5,14.0966,505.339,15327.7,14.0966,573.165,19271.6,14.0966,649.938,24222,14.0966,736.839,30430.9,14.0966,835.202,38211.5,14.0966,946.539,47950.3,14.0966,1072.56,60122.8,14.0966,1215.21,75309.9,14.0966,1376.66,94216.2,14.0966,1559.41,117688,14.0966,1766.26,146729,14.0966,2000.39,182510,14.0966,2265.39,226372,14.0966,2565.33,279806,14.0966,2904.81,344416,14.0966,3289.05,421845,14.0966,3723.93,513667,14.0966,4216.13,621231,14.0966,4773.18,745478,14.0966,5403.64,886744,14.0966,6117.15,1.04457e+06,14.0966,6924.63,1.2176e+06,14.0966,11.7194,11.96,12.6541,13.9321,16.1295,13.6434,16.6097,21.9702,13.9553,19.7532,29.5285,14.0526,23.3844,39.1143,14.0829,27.5423,51.2054,14.0923,32.2796,66.434,14.0953,37.662,85.6061,14.0962,43.7675,109.74,14.0965,50.687,140.119,14.0966,58.5249,178.359,14.0966,67.4005,226.493,14.0966,77.4493,287.08,14.0966,88.8254,363.343,14.0966,101.703,459.336,14.0966,116.281,580.161,14.0966,132.782,732.241,14.0966,151.46,923.655,14.0966,172.603,1164.57,14.0966,196.535,1467.79,14.0966,223.625,1849.39,14.0966,254.288,2329.62,14.0966,288.997,2933.93,14.0966,328.285,3694.33,14.0966,372.755,4651.04,14.0966,423.092,5854.57,14.0966,480.07,7368.38,14.0966,544.564,9272.08,14.0966,617.566,11665.5,14.0966,700.197,14673.6,14.0966,793.729,18452.9,14.0966,899.599,23198.6,14.0966,1019.43,29154.1,14.0966,1155.07,36622.3,14.0966,1308.6,45977.9,14.0966,1482.39,57683.7,14.0966,1679.09,72307.8,14.0966,1901.73,90542.8,14.0966,2153.73,113226,14.0966,2438.97,141360,14.0966,2761.81,176127,14.0966,3127.22,218898,14.0966,3540.81,271226,14.0966,4008.92,334817,14.0966,4538.74,411470,14.0966,5138.38,502973,14.0966,5817.04,610948,14.0966,6585.12,736653,14.0966,7454.39,880741,14.0966,8438.15,1.04302e+06,14.0966,9551.45,1.22224e+06,14.0966,10811.3,1.41602e+06,14.0966,12237,1.62086e+06,14.0966,11.7194,11.96,12.6541,2.21263,4.16949,0.989383,2.67766,5.84076,0.311842,3.14343,7.55825,0.0972771,3.63127,9.58578,0.0303237,4.15787,12.0912,0.00945211,4.73731,15.2286,0.00294633,5.38238,19.1721,0.000918508,6.10553,24.134,0.000286163,6.91951,30.3791,8.92692e-05,7.83792,38.2397,2.78121e-05,8.87555,48.1338,8.65134e-06,10.0489,60.5876,2.7882e-06,11.3761,76.2629,8.29036e-07,12.8779,95.9927,2.4373e-07,14.5775,120.825,4.33068e-09,16.5012,152.08,1.75749e-07,18.6784,191.415,-1.86328e-07,21.1428,240.917,1.91829e-07,23.9322,303.213,-1.81475e-07,27.0895,381.602,7.0186e-08,30.6634,480.231,-2.86769e-08,34.7087,604.316,2.40784e-07,39.2876,760.401,9.87368e-08,44.4705,956.705,1.22263e-07,50.3371,1203.54,-4.31966e-07,56.9776,1513.81,-1.9705e-07,64.494,1903.69,-2.763e-08,73.0018,2393.4,3.9185e-07,82.6317,3008.13,1.35379e-07,93.5318,3779.25,-4.16351e-08,105.869,4745.7,2.06965e-08,119.834,5955.6,-3.18887e-07,135.641,7468.12,-1.48271e-08,153.531,9355.62,2.00739e-07,173.781,11705.8,2.28358e-07,196.701,14624.1,-1.93587e-08,222.642,18235,-2.88101e-07,252.003,22683.4,-2.24732e-07,285.234,28134,8.56806e-09,322.845,34767,2.34258e-07,365.413,42770.9,2.99668e-07,413.588,52327.9,8.28644e-08,468.111,63591.2,-3.07049e-07,529.814,76653.2,-3.1888e-07,599.642,91502.5,-6.72276e-08,678.662,107975,2.26339e-07,768.083,125705,3.69212e-07,869.267,144088,2.04077e-07,983.76,162277,-2.80509e-07,1113.3,179223,-4.22737e-07,1259.87,193777,-1.71951e-07,1425.68,204839,4.55555e-07,11.7194,11.96,12.6541,2.21263,4.16949,0.989383,2.67766,5.84076,0.311842,3.14343,7.55825,0.0972771,3.63127,9.58578,0.0303237,4.15787,12.0912,0.00945211,4.73731,15.2286,0.00294633,5.38238,19.1721,0.000918508,6.10553,24.134,0.000286163,6.91951,30.3791,8.92692e-05,7.83792,38.2397,2.78121e-05,8.87555,48.1338,8.65134e-06,10.0489,60.5876,2.7882e-06,11.3761,76.2629,8.29036e-07,12.8779,95.9927,2.4373e-07,14.5775,120.825,1e-08,16.5012,152.08,1.75749e-07,18.6784,191.415,1e-08,21.1428,240.917,1.91829e-07,23.9322,303.213,1e-08,27.0895,381.602,7.0186e-08,30.6634,480.231,1e-08,34.7087,604.316,2.40784e-07,39.2876,760.401,9.87368e-08,44.4705,956.705,1.22263e-07,50.3371,1203.54,1e-08,56.9776,1513.81,1e-08,64.494,1903.69,1e-08,73.0018,2393.4,3.9185e-07,82.6317,3008.13,1.35379e-07,93.5318,3779.25,1e-08,105.869,4745.7,2.06965e-08,119.834,5955.6,1e-08,135.641,7468.12,1e-08,153.531,9355.62,2.00739e-07,173.781,11705.8,2.28358e-07,196.701,14624.1,1e-08,222.642,18235,1e-08,252.003,22683.4,1e-08,285.234,28134,1e-08,322.845,34767,2.34258e-07,365.413,42770.9,2.99668e-07,413.588,52327.9,8.28644e-08,468.111,63591.2,1e-08,529.814,76653.2,1e-08,599.642,91502.5,1e-08,678.662,107975,2.26339e-07,768.083,125705,3.69212e-07,869.267,144088,2.04077e-07,983.76,162277,1e-08,1113.3,179223,1e-08,1259.87,193777,1e-08,1425.68,204839,4.55555e-07,6.2823,3.27286,2.43537,0.219672,6.18826,2.24117,0.56371,6.87772,2.63624,0.308279,17,14,11,1,6,2,2,6,0,2,10,0,4,7,0,7,10,0,0,28,0,13,8,0,0,29,0,3,22,0,5,36,0,16,40,0,9,90,0,7,62,0,11,66,0,17,93,0,13,175,0,29,84,0,14,192,0,13,289,0,37,471,0,22,561,0,16,742,0,46,446,0,18,456,0,54,860,0,94,773,0,57,2872,0,75,2997,0,120,3606,0,46,3554,0,120,3671,0,88,8639,0,137,10209,0,183,18244,0,118,11134,0,119,6023,0,211,20728,0,441,7053,0,171,39785,0,459,26146,0,336,26132,0,455,34884,0,396,49782,0,411,47530,0,805,109188,0,606,232490,0,1045,142759,0,1502,135916,0,1053,219804,0,567,139906,0,1164,140316,0,767,74666,0
-1.05176e+08,1,8.88811e-15,10,1023,0,1.05176e+08,0.528882,1.08665,0.389689,0.145397,0.379329,3.24381,0.161596,0.446195,1.77396,0.159177,1.15e+07,4.49998e+06,6.79999e+06,1.15e+07,4.49997e+06,6.79999e+06,1.15e+07,4.49996e+06,6.79999e+06,1.15e+07,4.49995e+06,6.79999e+06,1.14999e+07,4.49993e+06,6.79999e+06,1.14999e+07,4.49991e+06,6.79999e+06,1.14999e+07,4.49989e+06,6.79999e+06,1.14999e+07,4.49986e+06,6.79999e+06,1.14999e+07,4.49982e+06,6.79999e+06,1.14999e+07,4.49977e+06,6.79999e+06,1.14999e+07,4.49971e+06,6.79999e+06,1.14999e+07,4.49963e+06,6.79999e+06,1.14998e+07,4.49953e+06,6.79999e+06,1.14998e+07,4.49941e+06,6.79999e+06,1.14998e+07,4.49926e+06,6.79999e+06,1.14998e+07,4.49906e+06,6.79999e+06,1.14997e+07,4.49882e+06,6.79999e+06,1.14997e+07,4.49851e+06,6.79999e+06,1.14997e+07,4.49812e+06,6.79999e+06,1.14996e+07,4.49764e+06,6.79999e+06,1.14996e+07,4.49702e+06,6.79999e+06,1.14995e+07,4.49625e+06,6.79999e+06,1.14995e+07,4.49528e+06,6.79999e+06,1.14994e+07,4.49406e+06,6.79999e+06,1.14993e+07,4.49253e+06,6.79999e+06,1.14992e+07,4.49059e+06,6.79999e+06,1.14991e+07,4.48817e+06,6.79999e+06,1.1499e+07,4.48511e+06,6.79999e+06,1.14988e+07,4.48128e+06,6.79999e+06,1.14987e+07,4.47646e+06,6.79999e+06,1.14985e+07,4.47041e+06,6.79999e+06,1.14983e+07,4.46281e+06,6.79999e+06,1.14981e+07,4.4533e+06,6.79999e+06,1.14979e+07,4.44138e+06,6.79999e+06,1.14976e+07,4.42649e+06,6.79999e+06,1.14972e+07,4.40789e+06,6.79999e+06,1.14969e+07,4.38471e+06,6.79999e+06,1.14965e+07,4.35592e+06,6.79999e+06,1.1496e+07,4.32027e+06,6.79999e+06,1.14955e+07,4.27629e+06,6.79999e+06,1.14949e+07,4.22231e+06,6.79999e+06,1.14942e+07,4.15647e+06,6.79999e+06,1.14934e+07,4.07676e+06,6.79999e+06,1.14926e+07,3.98112e+06,6.79999e+06,1.14916e+07,3.86765e+06,6.79999e+06,1.14905e+07,3.73474e+06,6.79999e+06,1.14892e+07,3.58148e+06,6.79999e+06,1.14878e+07,3.40785e+06,6.79999e+06,1.14862e+07,3.21513e+06,6.79999e+06,1.14844e+07,3.00605e+06,6.79999e+06,1.14823e+07,2.7848e+06,6.79999e+06,1.148e+07,2.5568e+06,6.79999e+06,1.14773e+07,2.32825e+06,6.79999e+06,13.5742,8.52444,0.508366,16.8306,13.2585,0.162638,20.0035,17.569,0.0507846,23.2616,22.4214,0.0158319,26.7328,28.3297,0.00493498,30.5212,35.6974,0.00153831,34.7178,44.9473,0.000479527,39.4086,56.5822,0.000149456,44.6796,71.2245,4.66214e-05,50.6209,89.6543,1.45419e-05,57.3297,112.852,4.54748e-06,64.9129,142.051,1.43857e-06,73.4897,178.803,4.36618e-07,83.1934,225.062,1.40153e-07,94.1745,283.286,4.96378e-08,106.602,356.568,1.05434e-07,120.669,448.799,-6.49244e-08,136.59,564.873,1.70148e-07,154.611,710.948,-5.34594e-08,175.008,894.767,1.63407e-07,198.097,1126.06,8.04804e-08,224.231,1417.07,1.14667e-07,253.813,1783.15,-1.71227e-07,287.297,2243.62,-2.88466e-07,325.198,2822.67,-4.33651e-07,368.098,3550.67,7.9318e-08,416.657,4465.65,3.13319e-07,471.621,5615.16,3.4613e-07,533.835,7058.61,-1.19199e-07,604.255,8870.02,-2.79964e-07,683.962,11141.4,-2.30521e-07,774.182,13986.7,-2.55099e-07,876.299,17546.4,1.23585e-07,991.883,21993.1,1.41192e-07,1122.71,27536.7,-9.71886e-08,1270.78,34430.7,-3.68368e-07,1438.38,42977.7,-3.45379e-07,1628.07,53532.7,-3.25328e-09,1842.77,66504.6,2.6362e-07,2085.77,82350.2,2.53445e-07,2360.79,101560,-2.47407e-08,2672.05,124632,-3.80602e-07,3024.31,152018,-4.79005e-07,3422.98,184060,-1.14379e-07,3874.15,220884,2.64297e-07,4384.72,262283,3.44131e-07,4962.49,307576,7.5349e-08,5616.29,355497,-3.63097e-07,6356.1,404126,-6.05442e-07,7193.18,450932,-2.72333e-07,8140.28,492963,2.29675e-07,9211.79,527178,4.3387e-07,10424,550893,-1.0711e-07,10.102,8.06553,2.81012,10.6436,8.57909,0.869423,11.5336,10.2515,0.270869,12.7211,12.7138,0.0844293,14.1823,15.9373,0.0263173,15.9122,20.0383,0.0082035,17.9198,25.2154,0.00255722,20.2244,31.7373,0.000797017,22.8539,39.9486,0.000248622,25.8438,50.2851,7.75492e-05,29.237,63.2963,2.42508e-05,33.0837,79.6738,7.67162e-06,37.4415,100.288,2.32837e-06,42.3767,126.236,7.33e-07,47.9646,158.896,2.79256e-07,54.2906,200.003,9.87351e-09,61.452,251.741,1.61085e-07,69.5585,316.859,-2.47141e-07,78.7347,398.812,8.93552e-08,89.1218,501.948,-2.53231e-07,100.879,631.736,-1.25047e-07,114.188,795.049,-1.78808e-07,129.252,1000.53,2.6733e-07,146.304,1259.03,4.50292e-07,165.605,1584.19,6.76904e-07,187.452,1993.12,-1.23808e-07,212.181,2507.27,-4.89068e-07,240.173,3153.54,-5.40284e-07,271.856,3965.56,1.86061e-07,307.719,4985.38,4.37004e-07,348.313,6265.4,3.59828e-07,394.26,7870.83,3.98192e-07,446.268,9882.51,-1.92908e-07,505.135,12400.3,-2.20392e-07,571.766,15546.9,1.51705e-07,647.184,19472.2,5.74996e-07,732.547,24357.4,5.39112e-07,829.167,30420,5.07815e-09,938.526,37916.3,-4.11492e-07,1062.3,47143.9,-3.9561e-07,1202.4,58439.2,3.86185e-08,1360.96,72169.3,5.94093e-07,1540.42,88715.8,7.47693e-07,1743.53,108445,1.78537e-07,1973.41,131665,-4.12549e-07,2233.57,158557,-5.37164e-07,2528,189103,-1.17615e-07,2861.2,222986,5.66769e-07,3238.27,259510,9.45053e-07,3664.97,297540,4.25093e-07,4147.81,335497,-3.58506e-07,4694.17,371444,-6.7724e-07,5312.37,403256,1.67192e-07,1.61744,3.89446,9.84394,3.28846,7.5504,12.774,5.07607,11.7187,13.6844,7.03202,16.8147,13.9681,9.20215,23.1769,14.0566,11.6301,31.1672,14.0841,14.3598,41.2186,14.0927,17.4376,53.8688,14.0954,20.9137,69.7915,14.0962,24.8432,89.8341,14.0965,29.2879,115.063,14.0966,34.3168,146.819,14.0966,40.0078,186.792,14.0966,46.4487,237.107,14.0966,53.7388,300.44,14.0966,61.9903,380.158,14.0966,71.3301,480.499,14.0966,81.902,606.796,14.0966,93.8685,765.761,14.0966,107.414,965.837,14.0966,122.746,1217.65,14.0966,140.101,1534.57,14.0966,159.745,1933.41,14.0966,181.981,2435.3,14.0966,207.15,3066.85,14.0966,235.64,3861.46,14.0966,267.889,4861.11,14.0966,304.391,6118.54,14.0966,345.709,7699.91,14.0966,392.478,9688.22,14.0966,445.417,12187.5,14.0966,505.339,15327.7,14.0966,573.165,19271.6,14.0966,649.938,24222,14.0966,736.839,30430.9,14.0966,835.202,38211.5,14.0966,946.539,47950.3,14.0966,1072.56,60122.8,14.0966,1215.21,75309.9,14.0966,1376.66,94216.2,14.0966,1559.41,117688,14.0966,1766.26,146729,14.0966,2000.39,182510,14.0966,2265.39,226372,14.0966,2565.33,279806,14.0966,2904.81,344416,14.0966,3289.05,421845,14.0966,3723.93,513667,14.0966,4216.13,621231,14.0966,4773.18,745478,14.0966,5403.64,886744,14.0966,6117.15,1.04457e+06,14.0966,6924.63,1.2176e+06,14.0966,11.7194,11.96,12.6541,13.9321,16.1295,13.6434,16.6097,21.9702,13.9553,19.7532,29.5285,14.0526,23.3844,39.1143,14.0829,27.5423,51.2054,14.0923,32.2796,66.434,14.0953,37.662,85.6061,14.0962,43.7675,109.74,14.0965,50.687,140.119,14.0966,58.5249,178.359,14.0966,67.4005,226.493,14.0966,77.4493,287.08,14.0966,88.8254,363.343,14.0966,101.703,459.336,14.0966,116.281,580.161,14.0966,132.782,732.241,14.0966,151.46,923.655,14.0966,172.603,1164.57,14.0966,196.535,1467.79,14.0966,223.625,1849.39,14.0966,254.288,2329.62,14.0966,288.997,2933.93,14.0966,328.285,3694.33,14.0966,372.755,4651.04,14.0966,423.092,5854.57,14.0966,480.07,7368.38,14.0966,544.564,9272.08,14.0966,617.566,11665.5,14.0966,700.197,14673.6,14.0966,793.729,18452.9,14.0966,899.599,23198.6,14.0966,1019.43,29154.1,14.0966,1155.07,36622.3,14.0966,1308.6,45977.9,14.0966,1482.39,57683.7,14.0966,1679.09,72307.8,14.0966,1901.73,90542.8,14.0966,2153.73,113226,14.0966,2438.97,141360,14.0966,2761.81,176127,14.0966,3127.22,218898,14.0966,3540.81,271226,14.0966,4008.92,334817,14.0966,4538.74,411470,14.0966,5138.38,502973,14.0966,5817.04,610948,14.0966,6585.12,736653,14.0966,7454.39,880741,14.0966,8438.15,1.04302e+06,14.0966,9551.45,1.22224e+06,14.0966,10811.3,1.41602e+06,14.0966,12237,1.62086e+06,14.0966,11.7194,11.96,12.6541,2.21263,4.16949,0.989383,2.67766,5.84076,0.311842,3.14343,7.55825,0.0972771,3.63127,9.58578,0.0303237,4.15787,12.0912,0.00945211,4.73731,15.2286,0.00294633,5.38238,19.1721,0.000918508,6.10553,24.134,0.000286163,6.91951,30.3791,8.92692e-05,7.83792,38.2397,2.78121e-05,8.87555,48.1338,8.65134e-06,10.0489,60.5876,2.7882e-06,11.3761,76.2629,8.29036e-07,12.8779,95.9927,2.4373e-07,14.5775,120.825,4.33068e-09,16.5012,152.08,1.75749e-07,18.6784,191.415,-1.86328e-07,21.1428,240.917,1.91829e-07,23.9322,303.213,-1.81475e-07,27.0895,381.602,7.0186e-08,30.6634,480.231,-2.86769e-08,34.7087,604.316,2.40784e-07,39.2876,760.401,9.87368e-08,44.4705,956.705,1.22263e-07,50.3371,1203.54,-4.31966e-07,56.9776,1513.81,-1.9705e-07,64.494,1903.69,-2.763e-08,73.0018,2393.4,3.9185e-07,82.6317,3008.13,1.35379e-07,93.5318,3779.25,-4.16351e-08,105.869,4745.7,2.06965e-08,119.834,5955.6,-3.18887e-07,135.641,7468.12,-1.48271e-08,153.531,9355.62,2.00739e-07,173.781,11705.8,2.28358e-07,196.701,14624.1,-1.93587e-08,222.642,18235,-2.88101e-07,252.003,22683.4,-2.24732e-07,285.234,28134,8.56806e-09,322.845,34767,2.34258e-07,365.413,42770.9,2.99668e-07,413.588,52327.9,8.28644e-08,468.111,63591.2,-3.07049e-07,529.814,76653.2,-3.1888e-07,599.642,91502.5,-6.72276e-08,678.662,107975,2.26339e-07,768.083,125705,3.69212e-07,869.267,144088,2.04077e-07,983.76,162277,-2.80509e-07,1113.3,179223,-4.22737e-07,1259.87,193777,-1.71951e-07,1425.68,204839,4.55555e-07,11.7194,11.96,12.6541,2.21263,4.16949,0.989383,2.67766,5.84076,0.311842,3.14343,7.55825,0.0972771,3.63127,9.58578,0.0303237,4.15787,12.0912,0.00945211,4.73731,15.2286,0.00294633,5.38238,19.1721,0.000918508,6.10553,24.134,0.000286163,6.91951,30.3791,8.92692e-05,7.83792,38.2397,2.78121e-05,8.87555,48.1338,8.65134e-06,10.0489,60.5876,2.7882e-06,11.3761,76.2629,8.29036e-07,12.8779,95.9927,2.4373e-07,14.5775,120.825,1e-08,16.5012,152.08,1.75749e-07,18.6784,191.415,1e-08,21.1428,240.917,1.91829e-07,23.9322,303.213,1e-08,27.0895,381.602,7.0186e-08,30.6634,480.231,1e-08,34.7087,604.316,2.40784e-07,39.2876,760.401,9.87368e-08,44.4705,956.705,1.22263e-07,50.3371,1203.54,1e-08,56.9776,1513.81,1e-08,64.494,1903.69,1e-08,73.0018,2393.4,3.9185e-07,82.6317,3008.13,1.35379e-07,93.5318,3779.25,1e-08,105.869,4745.7,2.06965e-08,119.834,5955.6,1e-08,135.641,7468.12,1e-08,153.531,9355.62,2.00739e-07,173.781,11705.8,2.28358e-07,196.701,14624.1,1e-08,222.642,18235,1e-08,252.003,22683.4,1e-08,285.234,28134,1e-08,322.845,34767,2.34258e-07,365.413,42770.9,2.99668e-07,413.588,52327.9,8.28644e-08,468.111,63591.2,1e-08,529.814,76653.2,1e-08,599.642,91502.5,1e-08,678.662,107975,2.26339e-07,768.083,125705,3.69212e-07,869.267,144088,2.04077e-07,983.76,162277,1e-08,1113.3,179223,1e-08,1259.87,193777,1e-08,1425.68,204839,4.55555e-07,6.2823,3.27286,2.43537,0.219672,6.18826,2.24117,0.56371,6.87772,2.63624,0.308279,6,9,10,1,4,0,1,5,0,6,9,0,1,7,0,4,9,0,4,9,0,7,39,0,8,13,0,6,19,0,3,40,0,8,48,0,8,57,0,4,87,0,19,97,0,11,112,0,30,167,0,17,168,0,14,111,0,53,263,0,21,376,0,12,242,0,20,160,0,26,166,0,33,1207,0,45,821,0,67,1017,0,111,1431,0,149,1800,0,53,1573,0,81,5751,0,38,6539,0,114,7063,0,112,11117,0,219,11803,0,150,31949,0,232,13039,0,193,24159,0,348,20273,0,367,58431,0,444,38544,0,360,58919,0,349,101988,0,391,77134,0,380,61029,0,377,139832,0,370,126431,0,933,219144,0,1670,232996,0,1225,197864,0,471,150181,0,1140,251640,0,1048,231378,0
-1.05176e+08,8.09535e-47,8.88811e-15,10,1023,0,1.05176e+08,0.528882,1.08665,0.389689,0.145397,0.379329,3.24381,0.161596,0.446195,1.77396,0.159177,1.15e+07,4.49998e+06,6.79999e+06,1.15e+07,4.49997e+06,6.79999e+06,1.15e+07,4.49996e+06,6.79999e+06,1.15e+07,4.49995e+06,6.79999e+06,1.14999e+07,4.49993e+06,6.79999e+06,1.14999e+07,4.49991e+06,6.79999e+06,1.14999e+07,4.49989e+06,6.79999e+06,1.14999e+07,4.49986e+06,6.79999e+06,1.14999e+07,4.49982e+06,6.79999e+06,1.14999e+07,4.49977e+06,6.79999e+06,1.14999e+07,4.49971e+06,6.79999e+06,1.14999e+07,4.49963e+06,6.79999e+06,1.14998e+07,4.49953e+06,6.79999e+06,1.14998e+07,4.49941e+06,6.79999e+06,1.14998e+07,4.49926e+06,6.79999e+06,1.14998e+07,4.49906e+06,6.79999e+06,1.14997e+07,4.49882e+06,6.79999e+06,1.14997e+07,4.49851e+06,6.79999e+06,1.14997e+07,4.49812e+06,6.79999e+06,1.14996e+07,4.49764e+06,6.79999e+06,1.14996e+07,4.49702e+06,6.79999e+06,1.14995e+07,4.49625e+06,6.79999e+06,1.14995e+07,4.49528e+06,6.79999e+06,1.14994e+07,4.49406e+06,6.79999e+06,1.14993e+07,4.49253e+06,6.79999e+06,1.14992e+07,4.49059e+06,6.79999e+06,1.14991e+07,4.48817e+06,6.79999e+06,1.1499e+07,4.48511e+06,6.79999e+06,1.14988e+07,4.48128e+06,6.79999e+06,1.14987e+07,4.47646e+06,6.79999e+06,1.14985e+07,4.47041e+06,6.79999e+06,1.14983e+07,4.46281e+06,6.79999e+06,1.14981e+07,4.4533e+06,6.79999e+06,1.14979e+07,4.44138e+06,6.79999e+06,1.14976e+07,4.42649e+06,6.79999e+06,1.14972e+07,4.40789e+06,6.79999e+06,1.14969e+07,4.38471e+06,6.79999e+06,1.14965e+07,4.35592e+06,6.79999e+06,1.1496e+07,4.32027e+06,6.79999e+06,1.14955e+07,4.27629e+06,6.79999e+06,1.14949e+07,4.22231e+06,6.79999e+06,1.14942e+07,4.15647e+06,6.79999e+06,1.14934e+07,4.07676e+06,6.79999e+06,1.14926e+07,3.98112e+06,6.79999e+06,1.14916e+07,3.86765e+06,6.79999e+06,1.14905e+07,3.73474e+06,6.79999e+06,1.14892e+07,3.58148e+06,6.79999e+06,1.14878e+07,3.40785e+06,6.79999e+06,1.14862e+07,3.21513e+06,6.79999e+06,1.14844e+07,3.00605e+06,6.79999e+06,1.14823e+07,2.7848e+06,6.79999e+06,1.148e+07,2.5568e+06,6.79999e+06,1.14773e+07,2.32825e+06,6.79999e+06,13.5742,8.52444,0.508366,16.8306,13.2585,0.162638,20.0035,17.569,0.0507846,23.2616,22.4214,0.0158319,26.7328,28.3297,0.00493498,30.5212,35.6974,0.00153831,34.7178,44.9473,0.000479527,39.4086,56.5822,0.000149456,44.6796,71.2245,4.66214e-05,50.6209,89.6543,1.45419e-05,57.3297,112.852,4.54748e-06,64.9129,142.051,1.43857e-06,73.4897,178.803,4.36618e-07,83.1934,225.062,1.40153e-07,94.1745,283.286,4.96378e-08,106.602,356.568,1.05434e-07,120.669,448.799,-6.49244e-08,136.59,564.873,1.70148e-07,154.611,710.948,-5.34594e-08,175.008,894.767,1.63407e-07,198.097,1126.06,8.04804e-08,224.231,1417.07,1.14667e-07,253.813,1783.15,-1.71227e-07,287.297,2243.62,-2.88466e-07,325.198,2822.67,-4.33651e-07,368.098,3550.67,7.9318e-08,416.657,4465.65,3.13319e-07,471.621,5615.16,3.4613e-07,533.835,7058.61,-1.19199e-07,604.255,8870.02,-2.79964e-07,683.962,11141.4,-2.30521e-07,774.182,13986.7,-2.55099e-07,876.299,17546.4,1.23585e-07,991.883,21993.1,1.41192e-07,1122.71,27536.7,-9.71886e-08,1270.78,34430.7,-3.68368e-07,1438.38,42977.7,-3.45379e-07,1628.07,53532.7,-3.25328e-09,1842.77,66504.6,2.6362e-07,2085.77,82350.2,2.53445e-07,2360.79,101560,-2.47407e-08,2672.05,124632,-3.80602e-07,3024.31,152018,-4.79005e-07,3422.98,184060,-1.14379e-07,3874.15,220884,2.64297e-07,4384.72,262283,3.44131e-07,4962.49,307576,7.5349e-08,5616.29,355497,-3.63097e-07,6356.1,404126,-6.05442e-07,7193.18,450932,-2.72333e-07,8140.28,492963,2.29675e-07,9211.79,527178,4.3387e-07,10424,550893,-1.0711e-07,10.102,8.06553,2.81012,10.6436,8.57909,0.869423,11.5336,10.2515,0.270869,12.7211,12.7138,0.0844293,14.1823,15.9373,0.0263173,15.9122,20.0383,0.0082035,17.9198,25.2154,0.00255722,20.2244,31.7373,0.000797017,22.8539,39.9486,0.000248622,25.8438,50.2851,7.75492e-05,29.237,63.2963,2.42508e-05,33.0837,79.6738,7.67162e-06,37.4415,100.288,2.32837e-06,42.3767,126.236,7.33e-07,47.9646,158.896,2.79256e-07,54.2906,200.003,9.87351e-09,61.452,251.741,1.61085e-07,69.5585,316.859,-2.47141e-07,78.7347,398.812,8.93552e-08,89.1218,501.948,-2.53231e-07,100.879,631.736,-1.25047e-07,114.188,795.049,-1.78808e-07,129.252,1000.53,2.6733e-07,146.304,1259.03,4.50292e-07,165.605,1584.19,6.76904e-07,187.452,1993.12,-1.23808e-07,212.181,2507.27,-4.89068e-07,240.173,3153.54,-5.40284e-07,271.856,3965.56,1.86061e-07,307.719,4985.38,4.37004e-07,348.313,6265.4,3.59828e-07,394.26,7870.83,3.98192e-07,446.268,9882.51,-1.92908e-07,505.135,12400.3,-2.20392e-07,571.766,15546.9,1.51705e-07,647.184,19472.2,5.74996e-07,732.547,24357.4,5.39112e-07,829.167,30420,5.07815e-09,938.526,37916.3,-4.11492e-07,1062.3,47143.9,-3.9561e-07,1202.4,58439.2,3.86185e-08,1360.96,72169.3,5.94093e-07,1540.42,88715.8,7.47693e-07,1743.53,108445,1.78537e-07,1973.41,131665,-4.12549e-07,2233.57,158557,-5.37164e-07,2528,189103,-1.17615e-07,2861.2,222986,5.66769e-07,3238.27,259510,9.45053e-07,3664.97,297540,4.25093e-07,4147.81,335497,-3.58506e-07,4694.17,371444,-6.7724e-07,5312.37,403256,1.67192e-07,1.61744,3.89446,9.84394,3.28846,7.5504,12.774,5.07607,11.7187,13.6844,7.03202,16.8147,13.9681,9.20215,23.1769,14.0566,11.6301,31.1672,14.0841,14.3598,41.2186,14.0927,17.4376,53.8688,14.0954,20.9137,69.7915,14.0962,24.8432,89.8341,14.0965,29.2879,115.063,14.0966,34.3168,146.819,14.0966,40.0078,186.792,14.0966,46.4487,237.107,14.0966,53.7388,300.44,14.0966,61.9903,380.158,14.0966,71.3301,480.499,14.0966,81.902,606.796,14.0966,93.8685,765.761,14.0966,107.414,965.837,14.0966,122.746,1217.65,14.0966,140.101,1534.57,14.0966,159.745,1933.41,14.0966,181.981,2435.3,14.0966,207.15,3066.85,14.0966,235.64,3861.46,14.0966,267.889,4861.11,14.0966,304.391,6118.54,14.0966,345.709,7699.91,14.0966,392.478,9688.22,14.0966,445.417,12187.5,14.0966,505.339,15327.7,14.0966,573.165,19271.6,14.0966,649.938,24222,14.0966,736.839,30430.9,14.0966,835.202,38211.5,14.0966,946.539,47950.3,14.0966,1072.56,60122.8,14.0966,1215.21,75309.9,14.0966,1376.66,94216.2,14.0966,1559.41,117688,14.0966,1766.26,146729,14.0966,2000.39,182510,14.0966,2265.39,226372,14.0966,2565.33,279806,14.0966,2904.81,344416,14.0966,3289.05,421845,14.0966,3723.93,513667,14.0966,4216.13,621231,14.0966,4773.18,745478,14.0966,5403.64,886744,14.0966,6117.15,1.04457e+06,14.0966,6924.63,1.2176e+06,14.0966,11.7194,11.96,12.6541,13.9321,16.1295,13.6434,16.6097,21.9702,13.9553,19.7532,29.5285,14.0526,23.3844,39.1143,14.0829,27.5423,51.2054,14.0923,32.2796,66.434,14.0953,37.662,85.6061,14.0962,43.7675,109.74,14.0965,50.687,140.119,14.0966,58.5249,178.359,14.0966,67.4005,226.493,14.0966,77.4493,287.08,14.0966,88.8254,363.343,14.0966,101.703,459.336,14.0966,116.281,580.161,14.0966,132.782,732.241,14.0966,151.46,923.655,14.0966,172.603,1164.57,14.0966,196.535,1467.79,14.0966,223.625,1849.39,14.0966,254.288,2329.62,14.0966,288.997,2933.93,14.0966,328.285,3694.33,14.0966,372.755,4651.04,14.0966,423.092,5854.57,14.0966,480.07,7368.38,14.0966,544.564,9272.08,14.0966,617.566,11665.5,14.0966,700.197,14673.6,14.0966,793.729,18452.9,14.0966,899.599,23198.6,14.0966,1019.43,29154.1,14.0966,1155.07,36622.3,14.0966,1308.6,45977.9,14.0966,1482.39,57683.7,14.0966,1679.09,72307.8,14.0966,1901.73,90542.8,14.0966,2153.73,113226,14.0966,2438.97,141360,14.0966,2761.81,176127,14.0966,3127.22,218898,14.0966,3540.81,271226,14.0966,4008.92,334817,14.0966,4538.74,411470,14.0966,5138.38,502973,14.0966,5817.04,610948,14.0966,6585.12,736653,14.0966,7454.39,880741,14.0966,8438.15,1.04302e+06,14.0966,9551.45,1.22224e+06,14.0966,10811.3,1.41602e+06,14.0966,12237,1.62086e+06,14.0966,11.7194,11.96,12.6541,2.21263,4.16949,0.989383,2.67766,5.84076,0.311842,3.14343,7.55825,0.0972771,3.63127,9.58578,0.0303237,4.15787,12.0912,0.00945211,4.73731,15.2286,0.00294633,5.38238,19.1721,0.000918508,6.10553,24.134,0.000286163,6.91951,30.3791,8.92692e-05,7.83792,38.2397,2.78121e-05,8.87555,48.1338,8.65134e-06,10.0489,60.5876,2.7882e-06,11.3761,76.2629,8.29036e-07,12.8779,95.9927,2.4373e-07,14.5775,120.825,4.33068e-09,16.5012,152.08,1.75749e-07,18.6784,191.415,-1.86328e-07,21.1428,240.917,1.91829e-07,23.9322,303.213,-1.81475e-07,27.0895,381.602,7.0186e-08,30.6634,480.231,-2.86769e-08,34.7087,604.316,2.40784e-07,39.2876,760.401,9.87368e-08,44.4705,956.705,1.22263e-07,50.3371,1203.54,-4.31966e-07,56.9776,1513.81,-1.9705e-07,64.494,1903.69,-2.763e-08,73.0018,2393.4,3.9185e-07,82.6317,3008.13,1.35379e-07,93.5318,3779.25,-4.16351e-08,105.869,4745.7,2.06965e-08,119.834,5955.6,-3.18887e-07,135.641,7468.12,-1.48271e-08,153.531,9355.62,2.00739e-07,173.781,11705.8,2.28358e-07,196.701,14624.1,-1.93587e-08,222.642,18235,-2.88101e-07,252.003,22683.4,-2.24732e-07,285.234,28134,8.56806e-09,322.845,34767,2.34258e-07,365.413,42770.9,2.99668e-07,413.588,52327.9,8.28644e-08,468.111,63591.2,-3.07049e-07,529.814,76653.2,-3.1888e-07,599.642,91502.5,-6.72276e-08,678.662,107975,2.26339e-07,768.083,125705,3.69212e-07,869.267,144088,2.04077e-07,983.76,162277,-2.80509e-07,1113.3,179223,-4.22737e-07,1259.87,193777,-1.71951e-07,1425.68,204839,4.55555e-07,11.7194,11.96,12.6541,2.21263,4.16949,0.989383,2.67766,5.84076,0.311842,3.14343,7.55825,0.0972771,3.63127,9.58578,0.0303237,4.15787,12.0912,0.00945211,4.73731,15.2286,0.00294633,5.38238,19.1721,0.000918508,6.10553,24.134,0.000286163,6.91951,30.3791,8.92692e-05,7.83792,38.2397,2.78121e-05,8.87555,48.1338,8.65134e-06,10.0489,60.5876,2.7882e-06,11.3761,76.2629,8.29036e-07,12.8779,95.9927,2.4373e-07,14.5775,120.825,1e-08,16.5012,152.08,1.75749e-07,18.6784,191.415,1e-08,21.1428,240.917,1.91829e-07,23.9322,303.213,1e-08,27.0895,381.602,7.0186e-08,30.6634,480.231,1e-08,34.7087,604.316,2.40784e-07,39.2876,760.401,9.87368e-08,44.4705,956.705,1.22263e-07,50.3371,1203.54,1e-08,56.9776,1513.81,1e-08,64.494,1903.69,1e-08,73.0018,2393.4,3.9185e-07,82.6317,3008.13,1.35379e-07,93.5318,3779.25,1e-08,105.869,4745.7,2.06965e-08,119.834,5955.6,1e-08,135.641,7468.12,1e-08,153.531,9355.62,2.00739e-07,173.781,11705.8,2.28358e-07,196.701,14624.1,1e-08,222.642,18235,1e-08,252.003,22683.4,1e-08,285.234,28134,1e-08,322.845,34767,2.34258e-07,365.413,42770.9,2.99668e-07,413.588,52327.9,8.28644e-08,468.111,63591.2,1e-08,529.814,76653.2,1e-08,599.642,91502.5,1e-08,678.662,107975,2.26339e-07,768.083,125705,3.69212e-07,869.267,144088,2.04077e-07,983.76,162277,1e-08,1113.3,179223,1e-08,1259.87,193777,1e-08,1425.68,204839,4.55555e-07,6.2823,3.27286,2.43537,0.219672,6.18826,2.24117,0.56371,6.87772,2.63624,0.308279,15,5,30,2,6,2,1,5,0,2,7,0,2,11,0,2,9,0,3,15,0,8,14,0,8,20,0,12,31,0,6,36,0,9,101,0,12,47,0,8,56,0,17,83,0,10,99,0,22,55,0,34,212,0,20,316,0,34,431,0,35,236,0,38,598,0,52,429,0,30,528,0,32,992,0,88,1578,0,52,2845,0,63,961,0,64,2354,0,75,2038,0,101,3351,0,103,5570,0,88,3504,0,53,4615,0,98,10120,0,178,15169,0,225,15479,0,294,45794,0,297,26077,0,119,6677,0,269,21237,0,301,71780,0,227,54501,0,405,104176,0,480,103238,0,506,70410,0,869,107936,0,760,86925,0,508,189175,0,615,169634,0,1095,213187,0,936,233453,0,692,331181,0
-1.05176e+08,1,8.88811e-15,10,1023,0,1.05176e+08,0.528882,1.08665,0.389689,0.145397,0.379329,3.24381,0.161596,0.446195,1.77396,0.159177,1.15e+07,4.49998e+06,6.79999e+06,1.15e+07,4.49997e+06,6.79999e+06,1.15e+07,4.49996e+06,6.79999e+06,1.15e+07,4.49995e+06,6.79999e+06,1.14999e+07,4.49993e+06,6.79999e+06,1.14999e+07,4.49991e+06,6.79999e+06,1.14999e+07,4.49989e+06,6.79999e+06,1.14999e+07,4.49986e+06,6.79999e+06,1.14999e+07,4.49982e+06,6.79999e+06,1.14999e+07,4.49977e+06,6.79999e+06,1.14999e+07,4.49971e+06,6.79999e+06,1.14999e+07,4.49963e+06,6.79999e+06,1.14998e+07,4.49953e+06,6.79999e+06,1.14998e+07,4.49941e+06,6.79999e+06,1.14998e+07,4.49926e+06,6.79999e+06,1.14998e+07,4.49906e+06,6.79999e+06,1.14997e+07,4.49882e+06,6.79999e+06,1.14997e+07,4.49851e+06,6.79999e+06,1.14997e+07,4.49812e+06,6.79999e+06,1.14996e+07,4.49764e+06,6.79999e+06,1.14996e+07,4.49702e+06,6.79999e+06,1.14995e+07,4.49625e+06,6.79999e+06,1.14995e+07,4.49528e+06,6.79999e+06,1.14994e+07,4.49406e+06,6.79999e+06,1.14993e+07,4.49253e+06,6.79999e+06,1.14992e+07,4.49059e+06,6.79999e+06,1.14991e+07,4.48817e+06,6.79999e+06,1.1499e+07,4.48511e+06,6.79999e+06,1.14988e+07,4.48128e+06,6.79999e+06,1.14987e+07,4.47646e+06,6.79999e+06,1.14985e+07,4.47041e+06,6.79999e+06,1.14983e+07,4.46281e+06,6.79999e+06,1.14981e+07,4.4533e+06,6.79999e+06,1.14979e+07,4.44138e+06,6.79999e+06,1.14976e+07,4.42649e+06,6.79999e+06,1.14972e+07,4.40789e+06,6.79999e+06,1.14969e+07,4.38471e+06,6.79999e+06,1.14965e+07,4.35592e+06,6.79999e+06,1.1496e+07,4.32027e+06,6.79999e+06,1.14955e+07,4.27629e+06,6.79999e+06,1.14949e+07,4.22231e+06,6.79999e+06,1.14942e+07,4.15647e+06,6.79999e+06,1.14934e+07,4.07676e+06,6.79999e+06,1.14926e+07,3.98112e+06,6.79999e+06,1.14916e+07,3.86765e+06,6.79999e+06,1.14905e+07,3.73474e+06,6.79999e+06,1.14892e+07,3.58148e+06,6.79999e+06,1.14878e+07,3.40785e+06,6.79999e+06,1.14862e+07,3.21513e+06,6.79999e+06,1.14844e+07,3.00605e+06,6.79999e+06,1.14823e+07,2.7848e+06,6.79999e+06,1.148e+07,2.5568e+06,6.79999e+06,1.14773e+07,2.32825e+06,6.79999e+06,13.5742,8.52444,0.508366,16.8306,13.2585,0.162638,20.0035,17.569,0.0507846,23.2616,22.4214,0.0158319,26.7328,28.3297,0.00493498,30.5212,35.6974,0.00153831,34.7178,44.9473,0.000479527,39.4086,56.5822,0.000149456,44.6796,71.2245,4.66214e-05,50.6209,89.6543,1.45419e-05,57.3297,112.852,4.54748e-06,64.9129,142.051,1.43857e-06,73.4897,178.803,4.36618e-07,83.1934,225.062,1.40153e-07,94.1745,283.286,4.96378e-08,106.602,356.568,1.05434e-07,120.669,448.799,-6.49244e-08,136.59,564.873,1.70148e-07,154.611,710.948,-5.34594e-08,175.008,894.767,1.63407e-07,198.097,1126.06,8.04804e-08,224.231,1417.07,1.14667e-07,253.813,1783.15,-1.71227e-07,287.297,2243.62,-2.88466e-07,325.198,2822.67,-4.33651e-07,368.098,3550.67,7.9318e-08,416.657,4465.65,3.13319e-07,471.621,5615.16,3.4613e-07,533.835,7058.61,-1.19199e-07,604.255,8870.02,-2.79964e-07,683.962,11141.4,-2.30521e-07,774.182,13986.7,-2.55099e-07,876.299,17546.4,1.23585e-07,991.883,21993.1,1.41192e-07,1122.71,27536.7,-9.71886e-08,1270.78,34430.7,-3.68368e-07,1438.38,42977.7,-3.45379e-07,1628.07,53532.7,-3.25328e-09,1842.77,66504.6,2.6362e-07,2085.77,82350.2,2.53445e-07,2360.79,101560,-2.47407e-08,2672.05,124632,-3.80602e-07,3024.31,152018,-4.79005e-07,3422.98,184060,-1.14379e-07,3874.15,220884,2.64297e-07,4384.72,262283,3.44131e-07,4962.49,307576,7.5349e-08,5616.29,355497,-3.63097e-07,6356.1,404126,-6.05442e-07,7193.18,450932,-2.72333e-07,8140.28,492963,2.29675e-07,9211.79,527178,4.3387e-07,10424,550893,-1.0711e-07,10.102,8.06553,2.81012,10.6436,8.57909,0.869423,11.5336,10.2515,0.270869,12.7211,12.7138,0.0844293,14.1823,15.9373,0.0263173,15.9122,20.0383,0.0082035,17.9198,25.2154,0.00255722,20.2244,31.7373,0.000797017,22.8539,39.9486,0.000248622,25.8438,50.2851,7.75492e-05,29.237,63.2963,2.42508e-05,33.0837,79.6738,7.67162e-06,37.4415,100.288,2.32837e-06,42.3767,126.236,7.33e-07,47.9646,158.896,2.79256e-07,54.2906,200.003,9.87351e-09,61.452,251.741,1.61085e-07,69.5585,316.859,-2.47141e-07,78.7347,398.812,8.93552e-08,89.1218,501.948,-2.53231e-07,100.879,631.736,-1.25047e-07,114.188,795.049,-1.78808e-07,129.252,1000.53,2.6733e-07,146.304,1259.03,4.50292e-07,165.605,1584.19,6.76904e-07,187.452,1993.12,-1.23808e-07,212.181,2507.27,-4.89068e-07,240.173,3153.54,-5.40284e-07,271.856,3965.56,1.86061e-07,307.719,4985.38,4.37004e-07,348.313,6265.4,3.59828e-07,394.26,7870.83,3.98192e-07,446.268,9882.51,-1.92908e-07,505.135,12400.3,-2.20392e-07,571.766,15546.9,1.51705e-07,647.184,19472.2,5.74996e-07,732.547,24357.4,5.39112e-07,829.167,30420,5.07815e-09,938.526,37916.3,-4.11492e-07,1062.3,47143.9,-3.9561e-07,1202.4,58439.2,3.86185e-08,1360.96,72169.3,5.94093e-07,1540.42,88715.8,7.47693e-07,1743.53,108445,1.78537e-07,1973.41,131665,-4.12549e-07,2233.57,158557,-5.37164e-07,2528,189103,-1.17615e-07,2861.2,222986,5.66769e-07,3238.27,259510,9.45053e-07,3664.97,297540,4.25093e-07,4147.81,335497,-3.58506e-07,4694.17,371444,-6.7724e-07,5312.37,403256,1.67192e-07,1.61744,3.89446,9.84394,3.28846,7.5504,12.774,5.07607,11.7187,13.6844,7.03202,16.8147,13.9681,9.20215,23.1769,14.0566,11.6301,31.1672,14.0841,14.3598,41.2186,14.0927,17.4376,53.8688,14.0954,20.9137,69.7915,14.0962,24.8432,89.8341,14.0965,29.2879,115.063,14.0966,34.3168,146.819,14.0966,40.0078,186.792,14.0966,46.4487,237.107,14.0966,53.7388,300.44,14.0966,61.9903,380.158,14.0966,71.3301,480.499,14.0966,81.902,606.796,14.0966,93.8685,765.761,14.0966,107.414,965.837,14.0966,122.746,1217.65,14.0966,140.101,1534.57,14.0966,159.745,1933.41,14.0966,181.981,2435.3,14.0966,207.15,3066.85,14.0966,235.64,3861.46,14.0966,267.889,4861.11,14.0966,304.391,6118.54,14.0966,345.709,7699.91,14.0966,392.478,9688.22,14.0966,445.417,12187.5,14.0966,505.339,15327.7,14.0966,573.165,19271.6,14.0966,649.938,24222,14.0966,736.839,30430.9,14.0966,835.202,38211.5,14.0966,946.539,47950.3,14.0966,1072.56,60122.8,14.0966,1215.21,75309.9,14.0966,1376.66,94216.2,14.0966,1559.41,117688,14.0966,1766.26,146729,14.0966,2000.39,182510,14.0966,2265.39,226372,14.0966,2565.33,279806,14.0966,2904.81,344416,14.0966,3289.05,421845,14.0966,3723.93,513667,14.0966,4216.13,621231,14.0966,4773.18,745478,14.0966,5403.64,886744,14.0966,6117.15,1.04457e+06,14.0966,6924.63,1.2176e+06,14.0966,11.7194,11.96,12.6541,13.9321,16.1295,13.6434,16.6097,21.9702,13.9553,19.7532,29.5285,14.0526,23.3844,39.1143,14.0829,27.5423,51.2054,14.0923,32.2796,66.434,14.0953,37.662,85.6061,14.0962,43.7675,109.74,14.0965,50.687,140.119,14.0966,58.5249,178.359,14.0966,67.4005,226.493,14.0966,77.4493,287.08,14.0966,88.8254,363.343,14.0966,101.703,459.336,14.0966,116.281,580.161,14.0966,132.782,732.241,14.0966,151.46,923.655,14.0966,172.603,1164.57,14.0966,196.535,1467.79,14.0966,223.625,1849.39,14.0966,254.288,2329.62,14.0966,288.997,2933.93,14.0966,328.285,3694.33,14.0966,372.755,4651.04,14.0966,423.092,5854.57,14.0966,480.07,7368.38,14.0966,544.564,9272.08,14.0966,617.566,11665.5,14.0966,700.197,14673.6,14.0966,793.729,18452.9,14.0966,899.599,23198.6,14.0966,1019.43,29154.1,14.0966,1155.07,36622.3,14.0966,1308.6,45977.9,14.0966,1482.39,57683.7,14.0966,1679.09,72307.8,14.0966,1901.73,90542.8,14.0966,2153.73,113226,14.0966,2438.97,141360,14.0966,2761.81,176127,14.0966,3127.22,218898,14.0966,3540.81,271226,14.0966,4008.92,334817,14.0966,4538.74,411470,14.0966,5138.38,502973,14.0966,5817.04,610948,14.0966,6585.12,736653,14.0966,7454.39,880741,14.0966,8438.15,1.04302e+06,14.0966,9551.45,1.22224e+06,14.0966,10811.3,1.41602e+06,14.0966,12237,1.62086e+06,14.0966,11.7194,11.96,12.6541,2.21263,4.16949,0.989383,2.67766,5.84076,0.311842,3.14343,7.55825,0.0972771,3.63127,9.58578,0.0303237,4.15787,12.0912,0.00945211,4.73731,15.2286,0.00294633,5.38238,19.1721,0.000918508,6.10553,24.134,0.000286163,6.91951,30.3791,8.92692e-05,7.83792,38.2397,2.78121e-05,8.87555,48.1338,8.65134e-06,10.0489,60.5876,2.7882e-06,11.3761,76.2629,8.29036e-07,12.8779,95.9927,2.4373e-07,14.5775,120.825,4.33068e-09,16.5012,152.08,1.75749e-07,18.6784,191.415,-1.86328e-07,21.1428,240.917,1.91829e-07,23.9322,303.213,-1.81475e-07,27.0895,381.602,7.0186e-08,30.6634,480.231,-2.86769e-08,34.7087,604.316,2.40784e-07,39.2876,760.401,9.87368e-08,44.4705,956.705,1.22263e-07,50.3371,1203.54,-4.31966e-07,56.9776,1513.81,-1.9705e-07,64.494,1903.69,-2.763e-08,73.0018,2393.4,3.9185e-07,82.6317,3008.13,1.35379e-07,93.5318,3779.25,-4.16351e-08,105.869,4745.7,2.06965e-08,119.834,5955.6,-3.18887e-07,135.641,7468.12,-1.48271e-08,153.531,9355.62,2.00739e-07,173.781,11705.8,2.28358e-07,196.701,14624.1,-1.93587e-08,222.642,18235,-2.88101e-07,252.003,22683.4,-2.24732e-07,285.234,28134,8.56806e-09,322.845,34767,2.34258e-07,365.413,42770.9,2.99668e-07,413.588,52327.9,8.28644e-08,468.111,63591.2,-3.07049e-07,529.814,76653.2,-3.1888e-07,599.642,91502.5,-6.72276e-08,678.662,107975,2.26339e-07,768.083,125705,3.69212e-07,869.267,144088,2.04077e-07,983.76,162277,-2.80509e-07,1113.3,179223,-4.22737e-07,1259.87,193777,-1.71951e-07,1425.68,204839,4.55555e-07,11.7194,11.96,12.6541,2.21263,4.16949,0.989383,2.67766,5.84076,0.311842,3.14343,7.55825,0.0972771,3.63127,9.58578,0.0303237,4.15787,12.0912,0.00945211,4.73731,15.2286,0.00294633,5.38238,19.1721,0.000918508,6.10553,24.134,0.000286163,6.91951,30.3791,8.92692e-05,7.83792,38.2397,2.78121e-05,8.87555,48.1338,8.65134e-06,10.0489,60.5876,2.7882e-06,11.3761,76.2629,8.29036e-07,12.8779,95.9927,2.4373e-07,14.5775,120.825,1e-08,16.5012,152.08,1.75749e-07,18.6784,191.415,1e-08,21.1428,240.917,1.91829e-07,23.9322,303.213,1e-08,27.0895,381.602,7.0186e-08,30.6634,480.231,1e-08,34.7087,604.316,2.40784e-07,39.2876,760.401,9.87368e-08,44.4705,956.705,1.22263e-07,50.3371,1203.54,1e-08,56.9776,1513.81,1e-08,64.494,1903.69,1e-08,73.0018,2393.4,3.9185e-07,82.6317,3008.13,1.35379e-07,93.5318,3779.25,1e-08,105.869,4745.7,2.06965e-08,119.834,5955.6,1e-08,135.641,7468.12,1e-08,153.531,9355.62,2.00739e-07,173.781,11705.8,2.28358e-07,196.701,14624.1,1e-08,222.642,18235,1e-08,252.003,22683.4,1e-08,285.234,28134,1e-08,322.845,34767,2.34258e-07,365.413,42770.9,2.99668e-07,413.588,52327.9,8.28644e-08,468.111,63591.2,1e-08,529.814,76653.2,1e-08,599.642,91502.5,1e-08,678.662,107975,2.26339e-07,768.083,125705,3.69212e-07,869.267,144088,2.04077e-07,983.76,162277,1e-08,1113.3,179223,1e-08,1259.87,193777,1e-08,1425.68,204839,4.55555e-07,6.2823,3.27286,2.43537,0.219672,6.18826,2.24117,0.56371,6.87772,2.63624,0.308279,22,8,18,2,5,1,3,4,0,4,2,0,5,25,0,2,24,0,6,11,0,1,13,0,5,11,0,4,25,0,9,29,0,7,35,0,3,35,0,11,118,0,14,105,0,15,52,0,15,70,0,29,256,0,16,225,0,22,240,0,34,149,0,24,499,0,22,984,0,20,654,0,57,838,0,30,767,0,27,1071,0,70,1182,0,44,1446,0,41,3511,0,111,4756,0,72,7910,0,185,4533,0,128,5762,0,84,30358,0,100,11577,0,134,21121,0,407,17060,0,162,21623,0,170,47211,0,219,41417,0,499,25248,0,482,59661,0,467,100699,0,918,107661,0,441,50672,0,1055,104025,0,419,132842,0,689,113239,0,703,141498,0,1070,190013,0,783,356597,0,1814,217926,0
-1.05176e+08,1,8.88811e-15,10,1023,0,1.05176e+08,0.528882,1.08665,0.389689,0.145397,0.379329,3.24381,0.161596,0.446195,1.77396,0.159177,1.15e+07,4.49998e+06,6.79999e+06,1.15e+07,4.49997e+06,6.79999e+06,1.15e+07,4.49996e+06,6.79999e+06,1.15e+07,4.49995e+06,6.79999e+06,1.14999e+07,4.49993e+06,6.79999e+06,1.14999e+07,4.49991e+06,6.79999e+06,1.14999e+07,4.49989e+06,6.79999e+06,1.14999e+07,4.49986e+06,6.79999e+06,1.14999e+07,4.49982e+06,6.79999e+06,1.14999e+07,4.49977e+06,6.79999e+06,1.14999e+07,4.49971e+06,6.79999e+06,1.14999e+07,4.49963e+06,6.79999e+06,1.14998e+07,4.49953e+06,6.79999e+06,1.14998e+07,4.49941e+06,6.79999e+06,1.14998e+07,4.49926e+06,6.79999e+06,1.14998e+07,4.49906e+06,6.79999e+06,1.14997e+07,4.49882e+06,6.79999e+06,1.14997e+07,4.49851e+06,6.79999e+06,1.14997e+07,4.49812e+06,6.79999e+06,1.14996e+07,4.49764e+06,6.79999e+06,1.14996e+07,4.49702e+06,6.79999e+06,1.14995e+07,4.49625e+06,6.79999e+06,1.14995e+07,4.49528e+06,6.79999e+06,1.14994e+07,4.49406e+06,6.79999e+06,1.14993e+07,4.49253e+06,6.79999e+06,1.14992e+07,4.49059e+06,6.79999e+06,1.14991e+07,4.48817e+06,6.79999e+06,1.1499e+07,4.48511e+06,6.79999e+06,1.14988e+07,4.48128e+06,6.79999e+06,1.14987e+07,4.47646e+06,6.79999e+06,1.14985e+07,4.47041e+06,6.79999e+06,1.14983e+07,4.46281e+06,6.79999e+06,1.14981e+07,4.4533e+06,6.79999e+06,1.14979e+07,4.44138e+06,6.79999e+06,1.14976e+07,4.42649e+06,6.79999e+06,1.14972e+07,4.40789e+06,6.79999e+06,1.14969e+07,4.38471e+06,6.79999e+06,1.14965e+07,4.35592e+06,6.79999e+06,1.1496e+07,4.32027e+06,6.79999e+06,1.14955e+07,4.27629e+06,6.79999e+06,1.14949e+07,4.22231e+06,6.79999e+06,1.14942e+07,4.15647e+06,6.79999e+06,1.14934e+07,4.07676e+06,6.79999e+06,1.14926e+07,3.98112e+06,6.79999e+06,1.14916e+07,3.86765e+06,6.79999e+06,1.14905e+07,3.73474e+06,6.79999e+06,1.14892e+07,3.58148e+06,6.79999e+06,1.14878e+07,3.40785e+06,6.79999e+06,1.14862e+07,3.21513e+06,6.79999e+06,1.14844e+07,3.00605e+06,6.79999e+06,1.14823e+07,2.7848e+06,6.79999e+06,1.148e+07,2.5568e+06,6.79999e+06,1.14773e+07,2.32825e+06,6.79999e+06,13.5742,8.52444,0.508366,16.8306,13.2585,0.162638,20.0035,17.569,0.0507846,23.2616,22.4214,0.0158319,26.7328,28.3297,0.00493498,30.5212,35.6974,0.00153831,34.7178,44.9473,0.000479527,39.4086,56.5822,0.000149456,44.6796,71.2245,4.66214e-05,50.6209,89.6543,1.45419e-05,57.3297,112.852,4.54748e-06,64.9129,142.051,1.43857e-06,73.4897,178.803,4.36618e-07,83.1934,225.062,1.40153e-07,94.1745,283.286,4.96378e-08,106.602,356.568,1.05434e-07,120.669,448.799,-6.49244e-08,136.59,564.873,1.70148e-07,154.611,710.948,-5.34594e-08,175.008,894.767,1.63407e-07,198.097,1126.06,8.04804e-08,224.231,1417.07,1.14667e-07,253.813,1783.15,-1.71227e-07,287.297,2243.62,-2.88466e-07,325.198,2822.67,-4.33651e-07,368.098,3550.67,7.9318e-08,416.657,4465.65,3.13319e-07,471.621,5615.16,3.4613e-07,533.835,7058.61,-1.19199e-07,604.255,8870.02,-2.79964e-07,683.962,11141.4,-2.30521e-07,774.182,13986.7,-2.55099e-07,876.299,17546.4,1.23585e-07,991.883,21993.1,1.41192e-07,1122.71,27536.7,-9.71886e-08,1270.78,34430.7,-3.68368e-07,1438.38,42977.7,-3.45379e-07,1628.07,53532.7,-3.25328e-09,1842.77,66504.6,2.6362e-07,2085.77,82350.2,2.53445e-07,2360.79,101560,-2.47407e-08,2672.05,124632,-3.80602e-07,3024.31,152018,-4.79005e-07,3422.98,184060,-1.14379e-07,3874.15,220884,2.64297e-07,4384.72,262283,3.44131e-07,4962.49,307576,7.5349e-08,5616.29,355497,-3.63097e-07,6356.1,404126,-6.05442e-07,7193.18,450932,-2.72333e-07,8140.28,492963,2.29675e-07,9211.79,527178,4.3387e-07,10424,550893,-1.0711e-07,10.102,8.06553,2.81012,10.6436,8.57909,0.869423,11.5336,10.2515,0.270869,12.7211,12.7138,0.0844293,14.1823,15.9373,0.0263173,15.9122,20.0383,0.0082035,17.9198,25.2154,0.00255722,20.2244,31.7373,0.000797017,22.8539,39.9486,0.000248622,25.8438,50.2851,7.75492e-05,29.237,63.2963,2.42508e-05,33.0837,79.6738,7.67162e-06,37.4415,100.288,2.32837e-06,42.3767,126.236,7.33e-07,47.9646,158.896,2.79256e-07,54.2906,200.003,9.87351e-09,61.452,251.741,1.61085e-07,69.5585,316.859,-2.47141e-07,78.7347,398.812,8.93552e-08,89.1218,501.948,-2.53231e-07,100.879,631.736,-1.25047e-07,114.188,795.049,-1.78808e-07,129.252,1000.53,2.6733e-07,146.304,1259.03,4.50292e-07,165.605,1584.19,6.76904e-07,187.452,1993.12,-1.23808e-07,212.181,2507.27,-4.89068e-07,240.173,3153.54,-5.40284e-07,271.856,3965.56,1.86061e-07,307.719,4985.38,4.37004e-07,348.313,6265.4,3.59828e-07,394.26,7870.83,3.98192e-07,446.268,9882.51,-1.92908e-07,505.135,12400.3,-2.20392e-07,571.766,15546.9,1.51705e-07,647.184,19472.2,5.74996e-07,732.547,24357.4,5.39112e-07,829.167,30420,5.07815e-09,938.526,37916.3,-4.11492e-07,1062.3,47143.9,-3.9561e-07,1202.4,58439.2,3.86185e-08,1360.96,72169.3,5.94093e-07,1540.42,88715.8,7.47693e-07,1743.53,108445,1.78537e-07,1973.41,131665,-4.12549e-07,2233.57,158557,-5.37164e-07,2528,189103,-1.17615e-07,2861.2,222986,5.66769e-07,3238.27,259510,9.45053e-07,3664.97,297540,4.25093e-07,4147.81,335497,-3.58506e-07,4694.17,371444,-6.7724e-07,5312.37,403256,1.67192e-07,1.61744,3.89446,9.84394,3.28846,7.5504,12.774,5.07607,11.7187,13.6844,7.03202,16.8147,13.9681,9.20215,23.1769,14.0566,11.6301,31.1672,14.0841,14.3598,41.2186,14.0927,17.4376,53.8688,14.0954,20.9137,69.7915,14.0962,24.8432,89.8341,14.0965,29.2879,115.063,14.0966,34.3168,146.819,14.0966,40.0078,186.792,14.0966,46.4487,237.107,14.0966,53.7388,300.44,14.0966,61.9903,380.158,14.0966,71.3301,480.499,14.0966,81.902,606.796,14.0966,93.8685,765.761,14.0966,107.414,965.837,14.0966,122.746,1217.65,14.0966,140.101,1534.57,14.0966,159.745,1933.41,14.0966,181.981,2435.3,14.0966,207.15,3066.85,14.0966,235.64,3861.46,14.0966,267.889,4861.11,14.0966,304.391,6118.54,14.0966,345.709,7699.91,14.0966,392.478,9688.22,14.0966,445.417,12187.5,14.0966,505.339,15327.7,14.0966,573.165,19271.6,14.0966,649.938,24222,14.0966,736.839,30430.9,14.0966,835.202,38211.5,14.0966,946.539,47950.3,14.0966,1072.56,60122.8,14.0966,1215.21,75309.9,14.0966,1376.66,94216.2,14.0966,1559.41,117688,14.0966,1766.26,146729,14.0966,2000.39,182510,14.0966,2265.39,226372,14.0966,2565.33,279806,14.0966,2904.81,344416,14.0966,3289.05,421845,14.0966,3723.93,513667,14.0966,4216.13,621231,14.0966,4773.18,745478,14.0966,5403.64,886744,14.0966,6117.15,1.04457e+06,14.0966,6924.63,1.2176e+06,14.0966,11.7194,11.96,12.6541,13.9321,16.1295,13.6434,16.6097,21.9702,13.9553,19.7532,29.5285,14.0526,23.3844,39.1143,14.0829,27.5423,51.2054,14.0923,32.2796,66.434,14.0953,37.662,85.6061,14.0962,43.7675,109.74,14.0965,50.687,140.119,14.0966,58.5249,178.359,14.0966,67.4005,226.493,14.0966,77.4493,287.08,14.0966,88.8254,363.343,14.0966,101.703,459.336,14.0966,116.281,580.161,14.0966,132.782,732.241,14.0966,151.46,923.655,14.0966,172.603,1164.57,14.0966,196.535,1467.79,14.0966,223.625,1849.39,14.0966,254.288,2329.62,14.0966,288.997,2933.93,14.0966,328.285,3694.33,14.0966,372.755,4651.04,14.0966,423.092,5854.57,14.0966,480.07,7368.38,14.0966,544.564,9272.08,14.0966,617.566,11665.5,14.0966,700.197,14673.6,14.0966,793.729,18452.9,14.0966,899.599,23198.6,14.0966,1019.43,29154.1,14.0966,1155.07,36622.3,14.0966,1308.6,45977.9,14.0966,1482.39,57683.7,14.0966,1679.09,72307.8,14.0966,1901.73,90542.8,14.0966,2153.73,113226,14.0966,2438.97,141360,14.0966,2761.81,176127,14.0966,3127.22,218898,14.0966,3540.81,271226,14.0966,4008.92,334817,14.0966,4538.74,411470,14.0966,5138.38,502973,14.0966,5817.04,610948,14.0966,6585.12,736653,14.0966,7454.39,880741,14.0966,8438.15,1.04302e+06,14.0966,9551.45,1.22224e+06,14.0966,10811.3,1.41602e+06,14.0966,12237,1.62086e+06,14.0966,11.7194,11.96,12.6541,2.21263,4.16949,0.989383,2.67766,5.84076,0.311842,3.14343,7.55825,0.0972771,3.63127,9.58578,0.0303237,4.15787,12.0912,0.00945211,4.73731,15.2286,0.00294633,5.38238,19.1721,0.000918508,6.10553,24.134,0.000286163,6.91951,30.3791,8.92692e-05,7.83792,38.2397,2.78121e-05,8.87555,48.1338,8.65134e-06,10.0489,60.5876,2.7882e-06,11.3761,76.2629,8.29036e-07,12.8779,95.9927,2.4373e-07,14.5775,120.825,4.33068e-09,16.5012,152.08,1.75749e-07,18.6784,191.415,-1.86328e-07,21.1428,240.917,1.91829e-07,23.9322,303.213,-1.81475e-07,27.0895,381.602,7.0186e-08,30.6634,480.231,-2.86769e-08,34.7087,604.316,2.40784e-07,39.2876,760.401,9.87368e-08,44.4705,956.705,1.22263e-07,50.3371,1203.54,-4.31966e-07,56.9776,1513.81,-1.9705e-07,64.494,1903.69,-2.763e-08,73.0018,2393.4,3.9185e-07,82.6317,3008.13,1.35379e-07,93.5318,3779.25,-4.16351e-08,105.869,4745.7,2.06965e-08,119.834,5955.6,-3.18887e-07,135.641,7468.12,-1.48271e-08,153.531,9355.62,2.00739e-07,173.781,11705.8,2.28358e-07,196.701,14624.1,-1.93587e-08,222.642,18235,-2.88101e-07,252.003,22683.4,-2.24732e-07,285.234,28134,8.56806e-09,322.845,34767,2.34258e-07,365.413,42770.9,2.99668e-07,413.588,52327.9,8.28644e-08,468.111,63591.2,-3.07049e-07,529.814,76653.2,-3.1888e-07,599.642,91502.5,-6.72276e-08,678.662,107975,2.26339e-07,768.083,125705,3.69212e-07,869.267,144088,2.04077e-07,983.76,162277,-2.80509e-07,1113.3,179223,-4.22737e-07,1259.87,193777,-1.71951e-07,1425.68,204839,4.55555e-07,11.7194,11.96,12.6541,2.21263,4.16949,0.989383,2.67766,5.84076,0.311842,3.14343,7.55825,0.0972771,3.63127,9.58578,0.0303237,4.15787,12.0912,0.00945211,4.73731,15.2286,0.00294633,5.38238,19.1721,0.000918508,6.10553,24.134,0.000286163,6.91951,30.3791,8.92692e-05,7.83792,38.2397,2.78121e-05,8.87555,48.1338,8.65134e-06,10.0489,60.5876,2.7882e-06,11.3761,76.2629,8.29036e-07,12.8779,95.9927,2.4373e-07,14.5775,120.825,1e-08,16.5012,152.08,1.75749e-07,18.6784,191.415,1e-08,21.1428,240.917,1.91829e-07,23.9322,303.213,1e-08,27.0895,381.602,7.0186e-08,30.6634,480.231,1e-08,34.7087,604.316,2.40784e-07,39.2876,760.401,9.87368e-08,44.4705,956.705,1.22263e-07,50.3371,1203.54,1e-08,56.9776,1513.81,1e-08,64.494,1903.69,1e-08,73.0018,2393.4,3.9185e-07,82.6317,3008.13,1.35379e-07,93.5318,3779.25,1e-08,105.869,4745.7,2.06965e-08,119.834,5955.6,1e-08,135.641,7468.12,1e-08,153.531,9355.62,2.00739e-07,173.781,11705.8,2.28358e-07,196.701,14624.1,1e-08,222.642,18235,1e-08,252.003,22683.4,1e-08,285.234,28134,1e-08,322.845,34767,2.34258e-07,365.413,42770.9,2.99668e-07,413.588,52327.9,8.28644e-08,468.111,63591.2,1e-08,529.814,76653.2,1e-08,599.642,91502.5,1e-08,678.662,107975,2.26339e-07,768.083,125705,3.69212e-07,869.267,144088,2.04077e-07,983.76,162277,1e-08,1113.3,179223,1e-08,1259.87,193777,1e-08,1425.68,204839,4.55555e-07,6.2823,3.27286,2.43537,0.219672,6.18826,2.24117,0.56371,6.87772,2.63624,0.308279,18,7,13,4,1,3,1,5,0,6,6,0,5,4,0,5,11,0,4,22,0,6,22,0,7,18,0,12,43,0,7,35,0,3,30,0,19,60,0,7,42,0,25,178,0,7,109,0,11,155,0,19,215,0,23,245,0,17,512,0,27,195,0,33,538,0,61,465,0,46,694,0,23,391,0,108,1015,0,34,1329,0,54,937,0,47,3491,0,141,2885,0,139,1637,0,61,3304,0,100,5854,0,130,6350,0,73,12457,0,99,9156,0,269,10573,0,353,8988,0,132,24782,0,259,20365,0,177,24450,0,158,31761,0,485,61368,0,298,59585,0,499,129553,0,339,94148,0,443,95409,0,640,137745,0,1708,162141,0,1868,119838,0,1105,90235,0,1620,85245,0,2134,156152,0
-1.05176e+08,1,8.88811e-15,10,1023,0,1.05176e+08,0.528882,1.08665,0.389689,0.145397,0.379329,3.24381,0.161596,0.446195,1.77396,0.159177,1.15e+07,4.49998e+06,6.79999e+06,1.15e+07,4.49997e+06,6.79999e+06,1.15e+07,4.49996e+06,6.79999e+06,1.15e+07,4.49995e+06,6.79999e+06,1.14999e+07,4.49993e+06,6.79999e+06,1.14999e+07,4.49991e+06,6.79999e+06,1.14999e+07,4.49989e+06,6.79999e+06,1.14999e+07,4.49986e+06,6.79999e+06,1.14999e+07,4.49982e+06,6.79999e+06,1.14999e+07,4.49977e+06,6.79999e+06,1.14999e+07,4.49971e+06,6.79999e+06,1.14999e+07,4.49963e+06,6.79999e+06,1.14998e+07,4.49953e+06,6.79999e+06,1.14998e+07,4.49941e+06,6.79999e+06,1.14998e+07,4.49926e+06,6.79999e+06,1.14998e+07,4.49906e+06,6.79999e+06,1.14997e+07,4.49882e+06,6.79999e+06,1.14997e+07,4.49851e+06,6.79999e+06,1.14997e+07,4.49812e+06,6.79999e+06,1.14996e+07,4.49764e+06,6.79999e+06,1.14996e+07,4.49702e+06,6.79999e+06,1.14995e+07,4.49625e+06,6.79999e+06,1.14995e+07,4.49528e+06,6.79999e+06,1.14994e+07,4.49406e+06,6.79999e+06,1.14993e+07,4.49253e+06,6.79999e+06,1.14992e+07,4.49059e+06,6.79999e+06,1.14991e+07,4.48817e+06,6.79999e+06,1.1499e+07,4.48511e+06,6.79999e+06,1.14988e+07,4.48128e+06,6.79999e+06,1.14987e+07,4.47646e+06,6.79999e+06,1.14985e+07,4.47041e+06,6.79999e+06,1.14983e+07,4.46281e+06,6.79999e+06,1.14981e+07,4.4533e+06,6.79999e+06,1.14979e+07,4.44138e+06,6.79999e+06,1.14976e+07,4.42649e+06,6.79999e+06,1.14972e+07,4.40789e+06,6.79999e+06,1.14969e+07,4.38471e+06,6.79999e+06,1.14965e+07,4.35592e+06,6.79999e+06,1.1496e+07,4.32027e+06,6.79999e+06,1.14955e+07,4.27629e+06,6.79999e+06,1.14949e+07,4.22231e+06,6.79999e+06,1.14942e+07,4.15647e+06,6.79999e+06,1.14934e+07,4.07676e+06,6.79999e+06,1.14926e+07,3.98112e+06,6.79999e+06,1.14916e+07,3.86765e+06,6.79999e+06,1.14905e+07,3.73474e+06,6.79999e+06,1.14892e+07,3.58148e+06,6.79999e+06,1.14878e+07,3.40785e+06,6.79999e+06,1.14862e+07,3.21513e+06,6.79999e+06,1.14844e+07,3.00605e+06,6.79999e+06,1.14823e+07,2.7848e+06,6.79999e+06,1.148e+07,2.5568e+06,6.79999e+06,1.14773e+07,2.32825e+06,6.79999e+06,13.5742,8.52444,0.508366,16.8306,13.2585,0.162638,20.0035,17.569,0.0507846,23.2616,22.4214,0.0158319,26.7328,28.3297,0.00493498,30.5212,35.6974,0.00153831,34.7178,44.9473,0.000479527,39.4086,56.5822,0.000149456,44.6796,71.2245,4.66214e-05,50.6209,89.6543,1.45419e-05,57.3297,112.852,4.54748e-06,64.9129,142.051,1.43857e-06,73.4897,178.803,4.36618e-07,83.1934,225.062,1.40153e-07,94.1745,283.286,4.96378e-08,106.602,356.568,1.05434e-07,120.669,448.799,-6.49244e-08,136.59,564.873,1.70148e-07,154.611,710.948,-5.34594e-08,175.008,894.767,1.63407e-07,198.097,1126.06,8.04804e-08,224.231,1417.07,1.14667e-07,253.813,1783.15,-1.71227e-07,287.297,2243.62,-2.88466e-07,325.198,2822.67,-4.33651e-07,368.098,3550.67,7.9318e-08,416.657,4465.65,3.13319e-07,471.621,5615.16,3.4613e-07,533.835,7058.61,-1.19199e-07,604.255,8870.02,-2.79964e-07,683.962,11141.4,-2.30521e-07,774.182,13986.7,-2.55099e-07,876.299,17546.4,1.23585e-07,991.883,21993.1,1.41192e-07,1122.71,27536.7,-9.71886e-08,1270.78,34430.7,-3.68368e-07,1438.38,42977.7,-3.45379e-07,1628.07,53532.7,-3.25328e-09,1842.77,66504.6,2.6362e-07,2085.77,82350.2,2.53445e-07,2360.79,101560,-2.47407e-08,2672.05,124632,-3.80602e-07,3024.31,152018,-4.79005e-07,3422.98,184060,-1.14379e-07,3874.15,220884,2.64297e-07,4384.72,262283,3.44131e-07,4962.49,307576,7.5349e-08,5616.29,355497,-3.63097e-07,6356.1,404126,-6.05442e-07,7193.18,450932,-2.72333e-07,8140.28,492963,2.29675e-07,9211.79,527178,4.3387e-07,10424,550893,-1.0711e-07,10.102,8.06553,2.81012,10.6436,8.57909,0.869423,11.5336,10.2515,0.270869,12.7211,12.7138,0.0844293,14.1823,15.9373,0.0263173,15.9122,20.0383,0.0082035,17.9198,25.2154,0.00255722,20.2244,31.7373,0.000797017,22.8539,39.9486,0.000248622,25.8438,50.2851,7.75492e-05,29.237,63.2963,2.42508e-05,33.0837,79.6738,7.67162e-06,37.4415,100.288,2.32837e-06,42.3767,126.236,7.33e-07,47.9646,158.896,2.79256e-07,54.2906,200.003,9.87351e-09,61.452,251.741,1.61085e-07,69.5585,316.859,-2.47141e-07,78.7347,398.812,8.93552e-08,89.1218,501.948,-2.53231e-07,100.879,631.736,-1.25047e-07,114.188,795.049,-1.78808e-07,129.252,1000.53,2.6733e-07,146.304,1259.03,4.50292e-07,165.605,1584.19,6.76904e-07,187.452,1993.12,-1.23808e-07,212.181,2507.27,-4.89068e-07,240.173,3153.54,-5.40284e-07,271.856,3965.56,1.86061e-07,307.719,4985.38,4.37004e-07,348.313,6265.4,3.59828e-07,394.26,7870.83,3.98192e-07,446.268,9882.51,-1.92908e-07,505.135,12400.3,-2.20392e-07,571.766,15546.9,1.51705e-07,647.184,19472.2,5.74996e-07,732.547,24357.4,5.39112e-07,829.167,30420,5.07815e-09,938.526,37916.3,-4.11492e-07,1062.3,47143.9,-3.9561e-07,1202.4,58439.2,3.86185e-08,1360.96,72169.3,5.94093e-07,1540.42,88715.8,7.47693e-07,1743.53,108445,1.78537e-07,1973.41,131665,-4.12549e-07,2233.57,158557,-5.37164e-07,2528,189103,-1.17615e-07,2861.2,222986,5.66769e-07,3238.27,259510,9.45053e-07,3664.97,297540,4.25093e-07,4147.81,335497,-3.58506e-07,4694.17,371444,-6.7724e-07,5312.37,403256,1.67192e-07,1.61744,3.89446,9.84394,3.28846,7.5504,12.774,5.07607,11.7187,13.6844,7.03202,16.8147,13.9681,9.20215,23.1769,14.0566,11.6301,31.1672,14.0841,14.3598,41.2186,14.0927,17.4376,53.8688,14.0954,20.9137,69.7915,14.0962,24.8432,89.8341,14.0965,29.2879,115.063,14.0966,34.3168,146.819,14.0966,40.0078,186.792,14.0966,46.4487,237.107,14.0966,53.7388,300.44,14.0966,61.9903,380.158,14.0966,71.3301,480.499,14.0966,81.902,606.796,14.0966,93.8685,765.761,14.0966,107.414,965.837,14.0966,122.746,1217.65,14.0966,140.101,1534.57,14.0966,159.745,1933.41,14.0966,181.981,2435.3,14.0966,207.15,3066.85,14.0966,235.64,3861.46,14.0966,267.889,4861.11,14.0966,304.391,6118.54,14.0966,345.709,7699.91,14.0966,392.478,9688.22,14.0966,445.417,12187.5,14.0966,505.339,15327.7,14.0966,573.165,19271.6,14.0966,649.938,24222,14.0966,736.839,30430.9,14.0966,835.202,38211.5,14.0966,946.539,47950.3,14.0966,1072.56,60122.8,14.0966,1215.21,75309.9,14.0966,1376.66,94216.2,14.0966,1559.41,117688,14.0966,1766.26,146729,14.0966,2000.39,182510,14.0966,2265.39,226372,14.0966,2565.33,279806,14.0966,2904.81,344416,14.0966,3289.05,421845,14.0966,3723.93,513667,14.0966,4216.13,621231,14.0966,4773.18,745478,14.0966,5403.64,886744,14.0966,6117.15,1.04457e+06,14.0966,6924.63,1.2176e+06,14.0966,11.7194,11.96,12.6541,13.9321,16.1295,13.6434,16.6097,21.9702,13.9553,19.7532,29.5285,14.0526,23.3844,39.1143,14.0829,27.5423,51.2054,14.0923,32.2796,66.434,14.0953,37.662,85.6061,14.0962,43.7675,109.74,14.0965,50.687,140.119,14.0966,58.5249,178.359,14.0966,67.4005,226.493,14.0966,77.4493,287.08,14.0966,88.8254,363.343,14.0966,101.703,459.336,14.0966,116.281,580.161,14.0966,132.782,732.241,14.0966,151.46,923.655,14.0966,172.603,1164.57,14.0966,196.535,1467.79,14.0966,223.625,1849.39,14.0966,254.288,2329.62,14.0966,288.997,2933.93,14.0966,328.285,3694.33,14.0966,372.755,4651.04,14.0966,423.092,5854.57,14.0966,480.07,7368.38,14.0966,544.564,9272.08,14.0966,617.566,11665.5,14.0966,700.197,14673.6,14.0966,793.729,18452.9,14.0966,899.599,23198.6,14.0966,1019.43,29154.1,14.0966,1155.07,36622.3,14.0966,1308.6,45977.9,14.0966,1482.39,57683.7,14.0966,1679.09,72307.8,14.0966,1901.73,90542.8,14.0966,2153.73,113226,14.0966,2438.97,141360,14.0966,2761.81,176127,14.0966,3127.22,218898,14.0966,3540.81,271226,14.0966,4008.92,334817,14.0966,4538.74,411470,14.0966,5138.38,502973,14.0966,5817.04,610948,14.0966,6585.12,736653,14.0966,7454.39,880741,14.0966,8438.15,1.04302e+06,14.0966,9551.45,1.22224e+06,14.0966,10811.3,1.41602e+06,14.0966,12237,1.62086e+06,14.0966,11.7194,11.96,12.6541,2.21263,4.16949,0.989383,2.67766,5.84076,0.311842,3.14343,7.55825,0.0972771,3.63127,9.58578,0.0303237,4.15787,12.0912,0.00945211,4.73731,15.2286,0.00294633,5.38238,19.1721,0.000918508,6.10553,24.134,0.000286163,6.91951,30.3791,8.92692e-05,7.83792,38.2397,2.78121e-05,8.87555,48.1338,8.65134e-06,10.0489,60.5876,2.7882e-06,11.3761,76.2629,8.29036e-07,12.8779,95.9927,2.4373e-07,14.5775,120.825,4.33068e-09,16.5012,152.08,1.75749e-07,18.6784,191.415,-1.86328e-07,21.1428,240.917,1.91829e-07,23.9322,303.213,-1.81475e-07,27.0895,381.602,7.0186e-08,30.6634,480.231,-2.86769e-08,34.7087,604.316,2.40784e-07,39.2876,760.401,9.87368e-08,44.4705,956.705,1.22263e-07,50.3371,1203.54,-4.31966e-07,56.9776,1513.81,-1.9705e-07,64.494,1903.69,-2.763e-08,73.0018,2393.4,3.9185e-07,82.6317,3008.13,1.35379e-07,93.5318,3779.25,-4.16351e-08,105.869,4745.7,2.06965e-08,119.834,5955.6,-3.18887e-07,135.641,7468.12,-1.48271e-08,153.531,9355.62,2.00739e-07,173.781,11705.8,2.28358e-07,196.701,14624.1,-1.93587e-08,222.642,18235,-2.88101e-07,252.003,22683.4,-2.24732e-07,285.234,28134,8.56806e-09,322.845,34767,2.34258e-07,365.413,42770.9,2.99668e-07,413.588,52327.9,8.28644e-08,468.111,63591.2,-3.07049e-07,529.814,76653.2,-3.1888e-07,599.642,91502.5,-6.72276e-08,678.662,107975,2.26339e-07,768.083,125705,3.69212e-07,869.267,144088,2.04077e-07,983.76,162277,-2.80509e-07,1113.3,179223,-4.22737e-07,1259.87,193777,-1.71951e-07,1425.68,204839,4.55555e-07,11.7194,11.96,12.6541,2.21263,4.16949,0.989383,2.67766,5.84076,0.311842,3.14343,7.55825,0.0972771,3.63127,9.58578,0.0303237,4.15787,12.0912,0.00945211,4.73731,15.2286,0.00294633,5.38238,19.1721,0.000918508,6.10553,24.134,0.000286163,6.91951,30.3791,8.92692e-05,7.83792,38.2397,2.78121e-05,8.87555,48.1338,8.65134e-06,10.0489,60.5876,2.7882e-06,11.3761,76.2629,8.29036e-07,12.8779,95.9927,2.4373e-07,14.5775,120.825,1e-08,16.5012,152.08,1.75749e-07,18.6784,191.415,1e-08,21.1428,240.917,1.91829e-07,23.9322,303.213,1e-08,27.0895,381.602,7.0186e-08,30.6634,480.231,1e-08,34.7087,604.316,2.40784e-07,39.2876,760.401,9.87368e-08,44.4705,956.705,1.22263e-07,50.3371,1203.54,1e-08,56.9776,1513.81,1e-08,64.494,1903.69,1e-08,73.0018,2393.4,3.9185e-07,82.6317,3008.13,1.35379e-07,93.5318,3779.25,1e-08,105.869,4745.7,2.06965e-08,119.834,5955.6,1e-08,135.641,7468.12,1e-08,153.531,9355.62,2.00739e-07,173.781,11705.8,2.28358e-07,196.701,14624.1,1e-08,222.642,18235,1e-08,252.003,22683.4,1e-08,285.234,28134,1e-08,322.845,34767,2.34258e-07,365.413,42770.9,2.99668e-07,413.588,52327.9,8.28644e-08,468.111,63591.2,1e-08,529.814,76653.2,1e-08,599.642,91502.5,1e-08,678.662,107975,2.26339e-07,768.083,125705,3.69212e-07,869.267,144088,2.04077e-07,983.76,162277,1e-08,1113.3,179223,1e-08,1259.87,193777,1e-08,1425.68,204839,4.55555e-07,6.2823,3.27286,2.43537,0.219672,6.18826,2.24117,0.56371,6.87772,2.63624,0.308279,23,13,10,3,3,4,1,9,0,2,12,0,0,5,0,9,7,0,7,8,0,6,6,0,10,31,0,19,11,0,4,75,0,7,72,0,21,100,0,25,30,0,8,57,0,11,112,0,12,49,0,18,172,0,25,164,0,26,251,0,7,438,0,23,358,0,45,608,0,39,742,0,40,687,0,81,317,0,40,2687,0,64,1312,0,129,2282,0,74,2592,0,50,2731,0,149,10234,0,151,6900,0,128,8251,0,161,7666,0,150,24073,0,208,22414,0,241,12655,0,152,18032,0,149,26834,0,475,32265,0,368,41007,0,521,29364,0,310,74064,0,497,96797,0,619,147963,0,917,78229,0,1023,156251,0,335,148022,0,896,207668,0,643,284216,0,1373,176277,0,2360,256522,0
-1.05176e+08,8.09535e-47,8.88811e-15,10,1023,0,1.05176e+08,0.528882,1.08665,0.389689,0.145397,0.379329,3.24381,0.161596,0.446195,1.77396,0.159177,1.15e+07,4.49998e+06,6.79999e+06,1.15e+07,4.49997e+06,6.79999e+06,1.15e+07,4.49996e+06,6.79999e+06,1.15e+07,4.49995e+06,6.79999e+06,1.14999e+07,4.49993e+06,6.79999e+06,1.14999e+07,4.49991e+06,6.79999e+06,1.14999e+07,4.49989e+06,6.79999e+06,1.14999e+07,4.49986e+06,6.79999e+06,1.14999e+07,4.49982e+06,6.79999e+06,1.14999e+07,4.49977e+06,6.79999e+06,1.14999e+07,4.49971e+06,6.79999e+06,1.14999e+07,4.49963e+06,6.79999e+06,1.14998e+07,4.49953e+06,6.79999e+06,1.14998e+07,4.49941e+06,6.79999e+06,1.14998e+07,4.49926e+06,6.79999e+06,1.14998e+07,4.49906e+06,6.79999e+06,1.14997e+07,4.49882e+06,6.79999e+06,1.14997e+07,4.49851e+06,6.79999e+06,1.14997e+07,4.49812e+06,6.79999e+06,1.14996e+07,4.49764e+06,6.79999e+06,1.14996e+07,4.49702e+06,6.79999e+06,1.14995e+07,4.49625e+06,6.79999e+06,1.14995e+07,4.49528e+06,6.79999e+06,1.14994e+07,4.49406e+06,6.79999e+06,1.14993e+07,4.49253e+06,6.79999e+06,1.14992e+07,4.49059e+06,6.79999e+06,1.14991e+07,4.48817e+06,6.79999e+06,1.1499e+07,4.48511e+06,6.79999e+06,1.14988e+07,4.48128e+06,6.79999e+06,1.14987e+07,4.47646e+06,6.79999e+06,1.14985e+07,4.47041e+06,6.79999e+06,1.14983e+07,4.46281e+06,6.79999e+06,1.14981e+07,4.4533e+06,6.79999e+06,1.14979e+07,4.44138e+06,6.79999e+06,1.14976e+07,4.42649e+06,6.79999e+06,1.14972e+07,4.40789e+06,6.79999e+06,1.14969e+07,4.38471e+06,6.79999e+06,1.14965e+07,4.35592e+06,6.79999e+06,1.1496e+07,4.32027e+06,6.79999e+06,1.14955e+07,4.27629e+06,6.79999e+06,1.14949e+07,4.22231e+06,6.79999e+06,1.14942e+07,4.15647e+06,6.79999e+06,1.14934e+07,4.07676e+06,6.79999e+06,1.14926e+07,3.98112e+06,6.79999e+06,1.14916e+07,3.86765e+06,6.79999e+06,1.14905e+07,3.73474e+06,6.79999e+06,1.14892e+07,3.58148e+06,6.79999e+06,1.14878e+07,3.40785e+06,6.79999e+06,1.14862e+07,3.21513e+06,6.79999e+06,1.14844e+07,3.00605e+06,6.79999e+06,1.14823e+07,2.7848e+06,6.79999e+06,1.148e+07,2.5568e+06,6.79999e+06,1.14773e+07,2.32825e+06,6.79999e+06,13.5742,8.52444,0.508366,16.8306,13.2585,0.162638,20.0035,17.569,0.0507846,23.2616,22.4214,0.0158319,26.7328,28.3297,0.00493498,30.5212,35.6974,0.00153831,34.7178,44.9473,0.000479527,39.4086,56.5822,0.000149456,44.6796,71.2245,4.66214e-05,50.6209,89.6543,1.45419e-05,57.3297,112.852,4.54748e-06,64.9129,142.051,1.43857e-06,73.4897,178.803,4.36618e-07,83.1934,225.062,1.40153e-07,94.1745,283.286,4.96378e-08,106.602,356.568,1.05434e-07,120.669,448.799,-6.49244e-08,136.59,564.873,1.70148e-07,154.611,710.948,-5.34594e-08,175.008,894.767,1.63407e-07,198.097,1126.06,8.04804e-08,224.231,1417.07,1.14667e-07,253.813,1783.15,-1.71227e-07,287.297,2243.62,-2.88466e-07,325.198,2822.67,-4.33651e-07,368.098,3550.67,7.9318e-08,416.657,4465.65,3.13319e-07,471.621,5615.16,3.4613e-07,533.835,7058.61,-1.19199e-07,604.255,8870.02,-2.79964e-07,683.962,11141.4,-2.30521e-07,774.182,13986.7,-2.55099e-07,876.299,17546.4,1.23585e-07,991.883,21993.1,1.41192e-07,1122.71,27536.7,-9.71886e-08,1270.78,34430.7,-3.68368e-07,1438.38,42977.7,-3.45379e-07,1628.07,53532.7,-3.25328e-09,1842.77,66504.6,2.6362e-07,2085.77,82350.2,2.53445e-07,2360.79,101560,-2.47407e-08,2672.05,124632,-3.80602e-07,3024.31,152018,-4.79005e-07,3422.98,184060,-1.14379e-07,3874.15,220884,2.64297e-07,4384.72,262283,3.44131e-07,4962.49,307576,7.5349e-08,5616.29,355497,-3.63097e-07,6356.1,404126,-6.05442e-07,7193.18,450932,-2.72333e-07,8140.28,492963,2.29675e-07,9211.79,527178,4.3387e-07,10424,550893,-1.0711e-07,10.102,8.06553,2.81012,10.6436,8.57909,0.869423,11.5336,10.2515,0.270869,12.7211,12.7138,0.0844293,14.1823,15.9373,0.0263173,15.9122,20.0383,0.0082035,17.9198,25.2154,0.00255722,20.2244,31.7373,0.000797017,22.8539,39.9486,0.000248622,25.8438,50.2851,7.75492e-05,29.237,63.2963,2.42508e-05,33.0837,79.6738,7.67162e-06,37.4415,100.288,2.32837e-06,42.3767,126.236,7.33e-07,47.9646,158.896,2.79256e-07,54.2906,200.003,9.87351e-09,61.452,251.741,1.61085e-07,69.5585,316.859,-2.47141e-07,78.7347,398.812,8.93552e-08,89.1218,501.948,-2.53231e-07,100.879,631.736,-1.25047e-07,114.188,795.049,-1.78808e-07,129.252,1000.53,2.6733e-07,146.304,1259.03,4.50292e-07,165.605,1584.19,6.76904e-07,187.452,1993.12,-1.23808e-07,212.181,2507.27,-4.89068e-07,240.173,3153.54,-5.40284e-07,271.856,3965.56,1.86061e-07,307.719,4985.38,4.37004e-07,348.313,6265.4,3.59828e-07,394.26,7870.83,3.98192e-07,446.268,9882.51,-1.92908e-07,505.135,12400.3,-2.20392e-07,571.766,15546.9,1.51705e-07,647.184,19472.2,5.74996e-07,732.547,24357.4,5.39112e-07,829.167,30420,5.07815e-09,938.526,37916.3,-4.11492e-07,1062.3,47143.9,-3.9561e-07,1202.4,58439.2,3.86185e-08,1360.96,72169.3,5.94093e-07,1540.42,88715.8,7.47693e-07,1743.53,108445,1.78537e-07,1973.41,131665,-4.12549e-07,2233.57,158557,-5.37164e-07,2528,189103,-1.17615e-07,2861.2,222986,5.66769e-07,3238.27,259510,9.45053e-07,3664.97,297540,4.25093e-07,4147.81,335497,-3.58506e-07,4694.17,371444,-6.7724e-07,5312.37,403256,1.67192e-07,1.61744,3.89446,9.84394,3.28846,7.5504,12.774,5.07607,11.7187,13.6844,7.03202,16.8147,13.9681,9.20215,23.1769,14.0566,11.6301,31.1672,14.0841,14.3598,41.2186,14.0927,17.4376,53.8688,14.0954,20.9137,69.7915,14.0962,24.8432,89.8341,14.0965,29.2879,115.063,14.0966,34.3168,146.819,14.0966,40.0078,186.792,14.0966,46.4487,237.107,14.0966,53.7388,300.44,14.0966,61.9903,380.158,14.0966,71.3301,480.499,14.0966,81.902,606.796,14.0966,93.8685,765.761,14.0966,107.414,965.837,14.0966,122.746,1217.65,14.0966,140.101,1534.57,14.0966,159.745,1933.41,14.0966,181.981,2435.3,14.0966,207.15,3066.85,14.0966,235.64,3861.46,14.0966,267.889,4861.11,14.0966,304.391,6118.54,14.0966,345.709,7699.91,14.0966,392.478,9688.22,14.0966,445.417,12187.5,14.0966,505.339,15327.7,14.0966,573.165,19271.6,14.0966,649.938,24222,14.0966,736.839,30430.9,14.0966,835.202,38211.5,14.0966,946.539,47950.3,14.0966,1072.56,60122.8,14.0966,1215.21,75309.9,14.0966,1376.66,94216.2,14.0966,1559.41,117688,14.0966,1766.26,146729,14.0966,2000.39,182510,14.0966,2265.39,226372,14.0966,2565.33,279806,14.0966,2904.81,344416,14.0966,3289.05,421845,14.0966,3723.93,513667,14.0966,4216.13,621231,14.0966,4773.18,745478,14.0966,5403.64,886744,14.0966,6117.15,1.04457e+06,14.0966,6924.63,1.2176e+06,14.0966,11.7194,11.96,12.6541,13.9321,16.1295,13.6434,16.6097,21.9702,13.9553,19.7532,29.5285,14.0526,23.3844,39.1143,14.0829,27.5423,51.2054,14.0923,32.2796,66.434,14.0953,37.662,85.6061,14.0962,43.7675,109.74,14.0965,50.687,140.119,14.0966,58.5249,178.359,14.0966,67.4005,226.493,14.0966,77.4493,287.08,14.0966,88.8254,363.343,14.0966,101.703,459.336,14.0966,116.281,580.161,14.0966,132.782,732.241,14.0966,151.46,923.655,14.0966,172.603,1164.57,14.0966,196.535,1467.79,14.0966,223.625,1849.39,14.0966,254.288,2329.62,14.0966,288.997,2933.93,14.0966,328.285,3694.33,14.0966,372.755,4651.04,14.0966,423.092,5854.57,14.0966,480.07,7368.38,14.0966,544.564,9272.08,14.0966,617.566,11665.5,14.0966,700.197,14673.6,14.0966,793.729,18452.9,14.0966,899.599,23198.6,14.0966,1019.43,29154.1,14.0966,1155.07,36622.3,14.0966,1308.6,45977.9,14.0966,1482.39,57683.7,14.0966,1679.09,72307.8,14.0966,1901.73,90542.8,14.0966,2153.73,113226,14.0966,2438.97,141360,14.0966,2761.81,176127,14.0966,3127.22,218898,14.0966,3540.81,271226,14.0966,4008.92,334817,14.0966,4538.74,411470,14.0966,5138.38,502973,14.0966,5817.04,610948,14.0966,6585.12,736653,14.0966,7454.39,880741,14.0966,8438.15,1.04302e+06,14.0966,9551.45,1.22224e+06,14.0966,10811.3,1.41602e+06,14.0966,12237,1.62086e+06,14.0966,11.7194,11.96,12.6541,2.21263,4.16949,0.989383,2.67766,5.84076,0.311842,3.14343,7.55825,0.0972771,3.63127,9.58578,0.0303237,4.15787,12.0912,0.00945211,4.73731,15.2286,0.00294633,5.38238,19.1721,0.000918508,6.10553,24.134,0.000286163,6.91951,30.3791,8.92692e-05,7.83792,38.2397,2.78121e-05,8.87555,48.1338,8.65134e-06,10.0489,60.5876,2.7882e-06,11.3761,76.2629,8.29036e-07,12.8779,95.9927,2.4373e-07,14.5775,120.825,4.33068e-09,16.5012,152.08,1.75749e-07,18.6784,191.415,-1.86328e-07,21.1428,240.917,1.91829e-07,23.9322,303.213,-1.81475e-07,27.0895,381.602,7.0186e-08,30.6634,480.231,-2.86769e-08,34.7087,604.316,2.40784e-07,39.2876,760.401,9.87368e-08,44.4705,956.705,1.22263e-07,50.3371,1203.54,-4.31966e-07,56.9776,1513.81,-1.9705e-07,64.494,1903.69,-2.763e-08,73.0018,2393.4,3.9185e-07,82.6317,3008.13,1.35379e-07,93.5318,3779.25,-4.16351e-08,105.869,4745.7,2.06965e-08,119.834,5955.6,-3.18887e-07,135.641,7468.12,-1.48271e-08,153.531,9355.62,2.00739e-07,173.781,11705.8,2.28358e-07,196.701,14624.1,-1.93587e-08,222.642,18235,-2.88101e-07,252.003,22683.4,-2.24732e-07,285.234,28134,8.56806e-09,322.845,34767,2.34258e-07,365.413,42770.9,2.99668e-07,413.588,52327.9,8.28644e-08,468.111,63591.2,-3.07049e-07,529.814,76653.2,-3.1888e-07,599.642,91502.5,-6.72276e-08,678.662,107975,2.26339e-07,768.083,125705,3.69212e-07,869.267,144088,2.04077e-07,983.76,162277,-2.80509e-07,1113.3,179223,-4.22737e-07,1259.87,193777,-1.71951e-07,1425.68,204839,4.55555e-07,11.7194,11.96,12.6541,2.21263,4.16949,0.989383,2.67766,5.84076,0.311842,3.14343,7.55825,0.0972771,3.63127,9.58578,0.0303237,4.15787,12.0912,0.00945211,4.73731,15.2286,0.00294633,5.38238,19.1721,0.000918508,6.10553,24.134,0.000286163,6.91951,30.3791,8.92692e-05,7.83792,38.2397,2.78121e-05,8.87555,48.1338,8.65134e-06,10.0489,60.5876,2.7882e-06,11.3761,76.2629,8.29036e-07,12.8779,95.9927,2.4373e-07,14.5775,120.825,1e-08,16.5012,152.08,1.75749e-07,18.6784,191.415,1e-08,21.1428,240.917,1.91829e-07,23.9322,303.213,1e-08,27.0895,381.602,7.0186e-08,30.6634,480.231,1e-08,34.7087,604.316,2.40784e-07,39.2876,760.401,9.87368e-08,44.4705,956.705,1.22263e-07,50.3371,1203.54,1e-08,56.9776,1513.81,1e-08,64.494,1903.69,1e-08,73.0018,2393.4,3.9185e-07,82.6317,3008.13,1.35379e-07,93.5318,3779.25,1e-08,105.869,4745.7,2.06965e-08,119.834,5955.6,1e-08,135.641,7468.12,1e-08,153.531,9355.62,2.00739e-07,173.781,11705.8,2.28358e-07,196.701,14624.1,1e-08,222.642,18235,1e-08,252.003,22683.4,1e-08,285.234,28134,1e-08,322.845,34767,2.34258e-07,365.413,42770.9,2.99668e-07,413.588,52327.9,8.28644e-08,468.111,63591.2,1e-08,529.814,76653.2,1e-08,599.642,91502.5,1e-08,678.662,107975,2.26339e-07,768.083,125705,3.69212e-07,869.267,144088,2.04077e-07,983.76,162277,1e-08,1113.3,179223,1e-08,1259.87,193777,1e-08,1425.68,204839,4.55555e-07,6.2823,3.27286,2.43537,0.219672,6.18826,2.24117,0.56371,6.87772,2.63624,0.308279,12,16,14,1,3,1,5,3,0,3,14,0,2,5,0,5,13,0,8,17,0,3,18,0,4,17,0,10,24,0,8,50,0,4,29,0,8,123,0,5,43,0,2,53,0,6,101,0,16,135,0,11,84,0,17,308,0,20,291,0,40,746,0,31,477,0,24,451,0,29,821,0,34,1221,0,44,1167,0,52,1696,0,37,1703,0,45,2322,0,73,2612,0,100,2837,0,84,3572,0,119,4429,0,134,3382,0,165,4670,0,218,7352,0,122,12527,0,256,9864,0,207,11410,0,257,34075,0,408,44736,0,178,26992,0,253,48566,0,302,65999,0,489,121252,0,1106,46864,0,453,103995,0,495,81580,0,640,239931,0,1472,160793,0,451,161487,0,723,165499,0,1760,118368,0
-1.05176e+08,1,8.88811e-15,10,1023,0,1.05176e+08,0.528882,1.08665,0.389689,0.145397,0.379329,3.24381,0.161596,0.446195,1.77396,0.159177,1.15e+07,4.49998e+06,6.79999e+06,1.15e+07,4.49997e+06,6.79999e+06,1.15e+07,4.49996e+06,6.79999e+06,1.15e+07,4.49995e+06,6.79999e+06,1.14999e+07,4.49993e+06,6.79999e+06,1.14999e+07,4.49991e+06,6.79999e+06,1.14999e+07,4.49989e+06,6.79999e+06,1.14999e+07,4.49986e+06,6.79999e+06,1.14999e+07,4.49982e+06,6.79999e+06,1.14999e+07,4.49977e+06,6.79999e+06,1.14999e+07,4.49971e+06,6.79999e+06,1.14999e+07,4.49963e+06,6.79999e+06,1.14998e+07,4.49953e+06,6.79999e+06,1.14998e+07,4.49941e+06,6.79999e+06,1.14998e+07,4.49926e+06,6.79999e+06,1.14998e+07,4.49906e+06,6.79999e+06,1.14997e+07,4.49882e+06,6.79999e+06,1.14997e+07,4.49851e+06,6.79999e+06,1.14997e+07,4.49812e+06,6.79999e+06,1.14996e+07,4.49764e+06,6.79999e+06,1.14996e+07,4.49702e+06,6.79999e+06,1.14995e+07,4.49625e+06,6.79999e+06,1.14995e+07,4.49528e+06,6.79999e+06,1.14994e+07,4.49406e+06,6.79999e+06,1.14993e+07,4.49253e+06,6.79999e+06,1.14992e+07,4.49059e+06,6.79999e+06,1.14991e+07,4.48817e+06,6.79999e+06,1.1499e+07,4.48511e+06,6.79999e+06,1.14988e+07,4.48128e+06,6.79999e+06,1.14987e+07,4.47646e+06,6.79999e+06,1.14985e+07,4.47041e+06,6.79999e+06,1.14983e+07,4.46281e+06,6.79999e+06,1.14981e+07,4.4533e+06,6.79999e+06,1.14979e+07,4.44138e+06,6.79999e+06,1.14976e+07,4.42649e+06,6.79999e+06,1.14972e+07,4.40789e+06,6.79999e+06,1.14969e+07,4.38471e+06,6.79999e+06,1.14965e+07,4.35592e+06,6.79999e+06,1.1496e+07,4.32027e+06,6.79999e+06,1.14955e+07,4.27629e+06,6.79999e+06,1.14949e+07,4.22231e+06,6.79999e+06,1.14942e+07,4.15647e+06,6.79999e+06,1.14934e+07,4.07676e+06,6.79999e+06,1.14926e+07,3.98112e+06,6.79999e+06,1.14916e+07,3.86765e+06,6.79999e+06,1.14905e+07,3.73474e+06,6.79999e+06,1.14892e+07,3.58148e+06,6.79999e+06,1.14878e+07,3.40785e+06,6.79999e+06,1.14862e+07,3.21513e+06,6.79999e+06,1.14844e+07,3.00605e+06,6.79999e+06,1.14823e+07,2.7848e+06,6.79999e+06,1.148e+07,2.5568e+06,6.79999e+06,1.14773e+07,2.32825e+06,6.79999e+06,13.5742,8.52444,0.508366,16.8306,13.2585,0.162638,20.0035,17.569,0.0507846,23.2616,22.4214,0.0158319,26.7328,28.3297,0.00493498,30.5212,35.6974,0.00153831,34.7178,44.9473,0.000479527,39.4086,56.5822,0.000149456,44.6796,71.2245,4.66214e-05,50.6209,89.6543,1.45419e-05,57.3297,112.852,4.54748e-06,64.9129,142.051,1.43857e-06,73.4897,178.803,4.36618e-07,83.1934,225.062,1.40153e-07,94.1745,283.286,4.96378e-08,106.602,356.568,1.05434e-07,120.669,448.799,-6.49244e-08,136.59,564.873,1.70148e-07,154.611,710.948,-5.34594e-08,175.008,894.767,1.63407e-07,198.097,1126.06,8.04804e-08,224.231,1417.07,1.14667e-07,253.813,1783.15,-1.71227e-07,287.297,2243.62,-2.88466e-07,325.198,2822.67,-4.33651e-07,368.098,3550.67,7.9318e-08,416.657,4465.65,3.13319e-07,471.621,5615.16,3.4613e-07,533.835,7058.61,-1.19199e-07,604.255,8870.02,-2.79964e-07,683.962,11141.4,-2.30521e-07,774.182,13986.7,-2.55099e-07,876.299,17546.4,1.23585e-07,991.883,21993.1,1.41192e-07,1122.71,27536.7,-9.71886e-08,1270.78,34430.7,-3.68368e-07,1438.38,42977.7,-3.45379e-07,1628.07,53532.7,-3.25328e-09,1842.77,66504.6,2.6362e-07,2085.77,82350.2,2.53445e-07,2360.79,101560,-2.47407e-08,2672.05,124632,-3.80602e-07,3024.31,152018,-4.79005e-07,3422.98,184060,-1.14379e-07,3874.15,220884,2.64297e-07,4384.72,262283,3.44131e-07,4962.49,307576,7.5349e-08,5616.29,355497,-3.63097e-07,6356.1,404126,-6.05442e-07,7193.18,450932,-2.72333e-07,8140.28,492963,2.29675e-07,9211.79,527178,4.3387e-07,10424,550893,-1.0711e-07,10.102,8.06553,2.81012,10.6436,8.57909,0.869423,11.5336,10.2515,0.270869,12.7211,12.7138,0.0844293,14.1823,15.9373,0.0263173,15.9122,20.0383,0.0082035,17.9198,25.2154,0.00255722,20.2244,31.7373,0.000797017,22.8539,39.9486,0.000248622,25.8438,50.2851,7.75492e-05,29.237,63.2963,2.42508e-05,33.0837,79.6738,7.67162e-06,37.4415,100.288,2.32837e-06,42.3767,126.236,7.33e-07,47.9646,158.896,2.79256e-07,54.2906,200.003,9.87351e-09,61.452,251.741,1.61085e-07,69.5585,316.859,-2.47141e-07,78.7347,398.812,8.93552e-08,89.1218,501.948,-2.53231e-07,100.879,631.736,-1.25047e-07,114.188,795.049,-1.78808e-07,129.252,1000.53,2.6733e-07,146.304,1259.03,4.50292e-07,165.605,1584.19,6.76904e-07,187.452,1993.12,-1.23808e-07,212.181,2507.27,-4.89068e-07,240.173,3153.54,-5.40284e-07,271.856,3965.56,1.86061e-07,307.719,4985.38,4.37004e-07,348.313,6265.4,3.59828e-07,394.26,7870.83,3.98192e-07,446.268,9882.51,-1.92908e-07,505.135,12400.3,-2.20392e-07,571.766,15546.9,1.51705e-07,647.184,19472.2,5.74996e-07,732.547,24357.4,5.39112e-07,829.167,30420,5.07815e-09,938.526,37916.3,-4.11492e-07,1062.3,47143.9,-3.9561e-07,1202.4,58439.2,3.86185e-08,1360.96,72169.3,5.94093e-07,1540.42,88715.8,7.47693e-07,1743.53,108445,1.78537e-07,1973.41,131665,-4.12549e-07,2233.57,158557,-5.37164e-07,2528,189103,-1.17615e-07,2861.2,222986,5.66769e-07,3238.27,259510,9.45053e-07,3664.97,297540,4.25093e-07,4147.81,335497,-3.58506e-07,4694.17,371444,-6.7724e-07,5312.37,403256,1.67192e-07,1.61744,3.89446,9.84394,3.28846,7.5504,12.774,5.07607,11.7187,13.6844,7.03202,16.8147,13.9681,9.20215,23.1769,14.0566,11.6301,31.1672,14.0841,14.3598,41.2186,14.0927,17.4376,53.8688,14.0954,20.9137,69.7915,14.0962,24.8432,89.8341,14.0965,29.2879,115.063,14.0966,34.3168,146.819,14.0966,40.0078,186.792,14.0966,46.4487,237.107,14.0966,53.7388,300.44,14.0966,61.9903,380.158,14.0966,71.3301,480.499,14.0966,81.902,606.796,14.0966,93.8685,765.761,14.0966,107.414,965.837,14.0966,122.746,1217.65,14.0966,140.101,1534.57,14.0966,159.745,1933.41,14.0966,181.981,2435.3,14.0966,207.15,3066.85,14.0966,235.64,3861.46,14.0966,267.889,4861.11,14.0966,304.391,6118.54,14.0966,345.709,7699.91,14.0966,392.478,9688.22,14.0966,445.417,12187.5,14.0966,505.339,15327.7,14.0966,573.165,19271.6,14.0966,649.938,24222,14.0966,736.839,30430.9,14.0966,835.202,38211.5,14.0966,946.539,47950.3,14.0966,1072.56,60122.8,14.0966,1215.21,75309.9,14.0966,1376.66,94216.2,14.0966,1559.41,117688,14.0966,1766.26,146729,14.0966,2000.39,182510,14.0966,2265.39,226372,14.0966,2565.33,279806,14.0966,2904.81,344416,14.0966,3289.05,421845,14.0966,3723.93,513667,14.0966,4216.13,621231,14.0966,4773.18,745478,14.0966,5403.64,886744,14.0966,6117.15,1.04457e+06,14.0966,6924.63,1.2176e+06,14.0966,11.7194,11.96,12.6541,13.9321,16.1295,13.6434,16.6097,21.9702,13.9553,19.7532,29.5285,14.0526,23.3844,39.1143,14.0829,27.5423,51.2054,14.0923,32.2796,66.434,14.0953,37.662,85.6061,14.0962,43.7675,109.74,14.0965,50.687,140.119,14.0966,58.5249,178.359,14.0966,67.4005,226.493,14.0966,77.4493,287.08,14.0966,88.8254,363.343,14.0966,101.703,459.336,14.0966,116.281,580.161,14.0966,132.782,732.241,14.0966,151.46,923.655,14.0966,172.603,1164.57,14.0966,196.535,1467.79,14.0966,223.625,1849.39,14.0966,254.288,2329.62,14.0966,288.997,2933.93,14.0966,328.285,3694.33,14.0966,372.755,4651.04,14.0966,423.092,5854.57,14.0966,480.07,7368.38,14.0966,544.564,9272.08,14.0966,617.566,11665.5,14.0966,700.197,14673.6,14.0966,793.729,18452.9,14.0966,899.599,23198.6,14.0966,1019.43,29154.1,14.0966,1155.07,36622.3,14.0966,1308.6,45977.9,14.0966,1482.39,57683.7,14.0966,1679.09,72307.8,14.0966,1901.73,90542.8,14.0966,2153.73,113226,14.0966,2438.97,141360,14.0966,2761.81,176127,14.0966,3127.22,218898,14.0966,3540.81,271226,14.0966,4008.92,334817,14.0966,4538.74,411470,14.0966,5138.38,502973,14.0966,5817.04,610948,14.0966,6585.12,736653,14.0966,7454.39,880741,14.0966,8438.15,1.04302e+06,14.0966,9551.45,1.22224e+06,14.0966,10811.3,1.41602e+06,14.0966,12237,1.62086e+06,14.0966,11.7194,11.96,12.6541,2.21263,4.16949,0.989383,2.67766,5.84076,0.311842,3.14343,7.55825,0.0972771,3.63127,9.58578,0.0303237,4.15787,12.0912,0.00945211,4.73731,15.2286,0.00294633,5.38238,19.1721,0.000918508,6.10553,24.134,0.000286163,6.91951,30.3791,8.92692e-05,7.83792,38.2397,2.78121e-05,8.87555,48.1338,8.65134e-06,10.0489,60.5876,2.7882e-06,11.3761,76.2629,8.29036e-07,12.8779,95.9927,2.4373e-07,14.5775,120.825,4.33068e-09,16.5012,152.08,1.75749e-07,18.6784,191.415,-1.86328e-07,21.1428,240.917,1.91829e-07,23.9322,303.213,-1.81475e-07,27.0895,381.602,7.0186e-08,30.6634,480.231,-2.86769e-08,34.7087,604.316,2.40784e-07,39.2876,760.401,9.87368e-08,44.4705,956.705,1.22263e-07,50.3371,1203.54,-4.31966e-07,56.9776,1513.81,-1.9705e-07,64.494,1903.69,-2.763e-08,73.0018,2393.4,3.9185e-07,82.6317,3008.13,1.35379e-07,93.5318,3779.25,-4.16351e-08,105.869,4745.7,2.06965e-08,119.834,5955.6,-3.18887e-07,135.641,7468.12,-1.48271e-08,153.531,9355.62,2.00739e-07,173.781,11705.8,2.28358e-07,196.701,14624.1,-1.93587e-08,222.642,18235,-2.88101e-07,252.003,22683.4,-2.24732e-07,285.234,28134,8.56806e-09,322.845,34767,2.34258e-07,365.413,42770.9,2.99668e-07,413.588,52327.9,8.28644e-08,468.111,63591.2,-3.07049e-07,529.814,76653.2,-3.1888e-07,599.642,91502.5,-6.72276e-08,678.662,107975,2.26339e-07,768.083,125705,3.69212e-07,869.267,144088,2.04077e-07,983.76,162277,-2.80509e-07,1113.3,179223,-4.22737e-07,1259.87,193777,-1.71951e-07,1425.68,204839,4.55555e-07,11.7194,11.96,12.6541,2.21263,4.16949,0.989383,2.67766,5.84076,0.311842,3.14343,7.55825,0.0972771,3.63127,9.58578,0.0303237,4.15787,12.0912,0.00945211,4.73731,15.2286,0.00294633,5.38238,19.1721,0.000918508,6.10553,24.134,0.000286163,6.91951,30.3791,8.92692e-05,7.83792,38.2397,2.78121e-05,8.87555,48.1338,8.65134e-06,10.0489,60.5876,2.7882e-06,11.3761,76.2629,8.29036e-07,12.8779,95.9927,2.4373e-07,14.5775,120.825,1e-08,16.5012,152.08,1.75749e-07,18.6784,191.415,1e-08,21.1428,240.917,1.91829e-07,23.9322,303.213,1e-08,27.0895,381.602,7.0186e-08,30.6634,480.231,1e-08,34.7087,604.316,2.40784e-07,39.2876,760.401,9.87368e-08,44.4705,956.705,1.22263e-07,50.3371,1203.54,1e-08,56.9776,1513.81,1e-08,64.494,1903.69,1e-08,73.0018,2393.4,3.9185e-07,82.6317,3008.13,1.35379e-07,93.5318,3779.25,1e-08,105.869,4745.7,2.06965e-08,119.834,5955.6,1e-08,135.641,7468.12,1e-08,153.531,9355.62,2.00739e-07,173.781,11705.8,2.28358e-07,196.701,14624.1,1e-08,222.642,18235,1e-08,252.003,22683.4,1e-08,285.234,28134,1e-08,322.845,34767,2.34258e-07,365.413,42770.9,2.99668e-07,413.588,52327.9,8.28644e-08,468.111,63591.2,1e-08,529.814,76653.2,1e-08,599.642,91502.5,1e-08,678.662,107975,2.26339e-07,768.083,125705,3.69212e-07,869.267,144088,2.04077e-07,983.76,162277,1e-08,1113.3,179223,1e-08,1259.87,193777,1e-08,1425.68,204839,4.55555e-07,6.2823,3.27286,2.43537,0.219672,6.18826,2.24117,0.56371,6.87772,2.63624,0.308279,5,15,10,1,4,1,3,10,1,4,11,0,3,10,0,1,9,0,5,27,0,4,6,0,10,14,0,5,31,0,6,21,0,11,37,0,10,48,0,5,76,0,16,60,0,23,139,0,17,229,0,28,139,0,21,269,0,16,129,0,39,310,0,13,885,0,20,806,0,37,1117,0,51,943,0,59,1108,0,72,1156,0,87,1064,0,104,3164,0,91,1624,0,68,3775,0,79,4003,0,61,5420,0,165,8128,0,178,6177,0,219,8408,0,63,7432,0,250,15068,0,302,19230,0,313,27490,0,411,44445,0,477,46266,0,440,33141,0,727,49697,0,572,48056,0,795,110182,0,837,119296,0,946,124675,0,748,130048,0,608,167592,0,1147,149988,0,1108,288988,0,976,351426,0
-1.05176e+08,1,8.88811e-15,10,1023,0,1.05176e+08,0.528882,1.08665,0.389689,0.145397,0.379329,3.24381,0.161596,0.446195,1.77396,0.159177,1.15e+07,4.49998e+06,6.79999e+06,1.15e+07,4.49997e+06,6.79999e+06,1.15e+07,4.49996e+06,6.79999e+06,1.15e+07,4.49995e+06,6.79999e+06,1.14999e+07,4.49993e+06,6.79999e+06,1.14999e+07,4.49991e+06,6.79999e+06,1.14999e+07,4.49989e+06,6.79999e+06,1.14999e+07,4.49986e+06,6.79999e+06,1.14999e+07,4.49982e+06,6.79999e+06,1.14999e+07,4.49977e+06,6.79999e+06,1.14999e+07,4.49971e+06,6.79999e+06,1.14999e+07,4.49963e+06,6.79999e+06,1.14998e+07,4.49953e+06,6.79999e+06,1.14998e+07,4.49941e+06,6.79999e+06,1.14998e+07,4.49926e+06,6.79999e+06,1.14998e+07,4.49906e+06,6.79999e+06,1.14997e+07,4.49882e+06,6.79999e+06,1.14997e+07,4.49851e+06,6.79999e+06,1.14997e+07,4.49812e+06,6.79999e+06,1.14996e+07,4.49764e+06,6.79999e+06,1.14996e+07,4.49702e+06,6.79999e+06,1.14995e+07,4.49625e+06,6.79999e+06,1.14995e+07,4.49528e+06,6.79999e+06,1.14994e+07,4.49406e+06,6.79999e+06,1.14993e+07,4.49253e+06,6.79999e+06,1.14992e+07,4.49059e+06,6.79999e+06,1.14991e+07,4.48817e+06,6.79999e+06,1.1499e+07,4.48511e+06,6.79999e+06,1.14988e+07,4.48128e+06,6.79999e+06,1.14987e+07,4.47646e+06,6.79999e+06,1.14985e+07,4.47041e+06,6.79999e+06,1.14983e+07,4.46281e+06,6.79999e+06,1.14981e+07,4.4533e+06,6.79999e+06,1.14979e+07,4.44138e+06,6.79999e+06,1.14976e+07,4.42649e+06,6.79999e+06,1.14972e+07,4.40789e+06,6.79999e+06,1.14969e+07,4.38471e+06,6.79999e+06,1.14965e+07,4.35592e+06,6.79999e+06,1.1496e+07,4.32027e+06,6.79999e+06,1.14955e+07,4.27629e+06,6.79999e+06,1.14949e+07,4.22231e+06,6.79999e+06,1.14942e+07,4.15647e+06,6.79999e+06,1.14934e+07,4.07676e+06,6.79999e+06,1.14926e+07,3.98112e+06,6.79999e+06,1.14916e+07,3.86765e+06,6.79999e+06,1.14905e+07,3.73474e+06,6.79999e+06,1.14892e+07,3.58148e+06,6.79999e+06,1.14878e+07,3.40785e+06,6.79999e+06,1.14862e+07,3.21513e+06,6.79999e+06,1.14844e+07,3.00605e+06,6.79999e+06,1.14823e+07,2.7848e+06,6.79999e+06,1.148e+07,2.5568e+06,6.79999e+06,1.14773e+07,2.32825e+06,6.79999e+06,13.5742,8.52444,0.508366,16.8306,13.2585,0.162638,20.0035,17.569,0.0507846,23.2616,22.4214,0.0158319,26.7328,28.3297,0.00493498,30.5212,35.6974,0.00153831,34.7178,44.9473,0.000479527,39.4086,56.5822,0.000149456,44.6796,71.2245,4.66214e-05,50.6209,89.6543,1.45419e-05,57.3297,112.852,4.54748e-06,64.9129,142.051,1.43857e-06,73.4897,178.803,4.36618e-07,83.1934,225.062,1.40153e-07,94.1745,283.286,4.96378e-08,106.602,356.568,1.05434e-07,120.669,448.799,-6.49244e-08,136.59,564.873,1.70148e-07,154.611,710.948,-5.34594e-08,175.008,894.767,1.63407e-07,198.097,1126.06,8.04804e-08,224.231,1417.07,1.14667e-07,253.813,1783.15,-1.71227e-07,287.297,2243.62,-2.88466e-07,325.198,2822.67,-4.33651e-07,368.098,3550.67,7.9318e-08,416.657,4465.65,3.13319e-07,471.621,5615.16,3.4613e-07,533.835,7058.61,-1.19199e-07,604.255,8870.02,-2.79964e-07,683.962,11141.4,-2.30521e-07,774.182,13986.7,-2.55099e-07,876.299,17546.4,1.23585e-07,991.883,21993.1,1.41192e-07,1122.71,27536.7,-9.71886e-08,1270.78,34430.7,-3.68368e-07,1438.38,42977.7,-3.45379e-07,1628.07,53532.7,-3.25328e-09,1842.77,66504.6,2.6362e-07,2085.77,82350.2,2.53445e-07,2360.79,101560,-2.47407e-08,2672.05,124632,-3.80602e-07,3024.31,152018,-4.79005e-07,3422.98,184060,-1.14379e-07,3874.15,220884,2.64297e-07,4384.72,262283,3.44131e-07,4962.49,307576,7.5349e-08,5616.29,355497,-3.63097e-07,6356.1,404126,-6.05442e-07,7193.18,450932,-2.72333e-07,8140.28,492963,2.29675e-07,9211.79,527178,4.3387e-07,10424,550893,-1.0711e-07,10.102,8.06553,2.81012,10.6436,8.57909,0.869423,11.5336,10.2515,0.270869,12.7211,12.7138,0.0844293,14.1823,15.9373,0.0263173,15.9122,20.0383,0.0082035,17.9198,25.2154,0.00255722,20.2244,31.7373,0.000797017,22.8539,39.9486,0.000248622,25.8438,50.2851,7.75492e-05,29.237,63.2963,2.42508e-05,33.0837,79.6738,7.67162e-06,37.4415,100.288,2.32837e-06,42.3767,126.236,7.33e-07,47.9646,158.896,2.79256e-07,54.2906,200.003,9.87351e-09,61.452,251.741,1.61085e-07,69.5585,316.859,-2.47141e-07,78.7347,398.812,8.93552e-08,89.1218,501.948,-2.53231e-07,100.879,631.736,-1.25047e-07,114.188,795.049,-1.78808e-07,129.252,1000.53,2.6733e-07,146.304,1259.03,4.50292e-07,165.605,1584.19,6.76904e-07,187.452,1993.12,-1.23808e-07,212.181,2507.27,-4.89068e-07,240.173,3153.54,-5.40284e-07,271.856,3965.56,1.86061e-07,307.719,4985.38,4.37004e-07,348.313,6265.4,3.59828e-07,394.26,7870.83,3.98192e-07,446.268,9882.51,-1.92908e-07,505.135,12400.3,-2.20392e-07,571.766,15546.9,1.51705e-07,647.184,19472.2,5.74996e-07,732.547,24357.4,5.39112e-07,829.167,30420,5.07815e-09,938.526,37916.3,-4.11492e-07,1062.3,47143.9,-3.9561e-07,1202.4,58439.2,3.86185e-08,1360.96,72169.3,5.94093e-07,1540.42,88715.8,7.47693e-07,1743.53,108445,1.78537e-07,1973.41,131665,-4.12549e-07,2233.57,158557,-5.37164e-07,2528,189103,-1.17615e-07,2861.2,222986,5.66769e-07,3238.27,259510,9.45053e-07,3664.97,297540,4.25093e-07,4147.81,335497,-3.58506e-07,4694.17,371444,-6.7724e-07,5312.37,403256,1.67192e-07,1.61744,3.89446,9.84394,3.28846,7.5504,12.774,5.07607,11.7187,13.6844,7.03202,16.8147,13.9681,9.20215,23.1769,14.0566,11.6301,31.1672,14.0841,14.3598,41.2186,14.0927,17.4376,53.8688,14.0954,20.9137,69.7915,14.0962,24.8432,89.8341,14.0965,29.2879,115.063,14.0966,34.3168,146.819,14.0966,40.0078,186.792,14.0966,46.4487,237.107,14.0966,53.7388,300.44,14.0966,61.9903,380.158,14.0966,71.3301,480.499,14.0966,81.902,606.796,14.0966,93.8685,765.761,14.0966,107.414,965.837,14.0966,122.746,1217.65,14.0966,140.101,1534.57,14.0966,159.745,1933.41,14.0966,181.981,2435.3,14.0966,207.15,3066.85,14.0966,235.64,3861.46,14.0966,267.889,4861.11,14.0966,304.391,6118.54,14.0966,345.709,7699.91,14.0966,392.478,9688.22,14.0966,445.417,12187.5,14.0966,505.339,15327.7,14.0966,573.165,19271.6,14.0966,649.938,24222,14.0966,736.839,30430.9,14.0966,835.202,38211.5,14.0966,946.539,47950.3,14.0966,1072.56,60122.8,14.0966,1215.21,75309.9,14.0966,1376.66,94216.2,14.0966,1559.41,117688,14.0966,1766.26,146729,14.0966,2000.39,182510,14.0966,2265.39,226372,14.0966,2565.33,279806,14.0966,2904.81,344416,14.0966,3289.05,421845,14.0966,3723.93,513667,14.0966,4216.13,621231,14.0966,4773.18,745478,14.0966,5403.64,886744,14.0966,6117.15,1.04457e+06,14.0966,6924.63,1.2176e+06,14.0966,11.7194,11.96,12.6541,13.9321,16.1295,13.6434,16.6097,21.9702,13.9553,19.7532,29.5285,14.0526,23.3844,39.1143,14.0829,27.5423,51.2054,14.0923,32.2796,66.434,14.0953,37.662,85.6061,14.0962,43.7675,109.74,14.0965,50.687,140.119,14.0966,58.5249,178.359,14.0966,67.4005,226.493,14.0966,77.4493,287.08,14.0966,88.8254,363.343,14.0966,101.703,459.336,14.0966,116.281,580.161,14.0966,132.782,732.241,14.0966,151.46,923.655,14.0966,172.603,1164.57,14.0966,196.535,1467.79,14.0966,223.625,1849.39,14.0966,254.288,2329.62,14.0966,288.997,2933.93,14.0966,328.285,3694.33,14.0966,372.755,4651.04,14.0966,423.092,5854.57,14.0966,480.07,7368.38,14.0966,544.564,9272.08,14.0966,617.566,11665.5,14.0966,700.197,14673.6,14.0966,793.729,18452.9,14.0966,899.599,23198.6,14.0966,1019.43,29154.1,14.0966,1155.07,36622.3,14.0966,1308.6,45977.9,14.0966,1482.39,57683.7,14.0966,1679.09,72307.8,14.0966,1901.73,90542.8,14.0966,2153.73,113226,14.0966,2438.97,141360,14.0966,2761.81,176127,14.0966,3127.22,218898,14.0966,3540.81,271226,14.0966,4008.92,334817,14.0966,4538.74,411470,14.0966,5138.38,502973,14.0966,5817.04,610948,14.0966,6585.12,736653,14.0966,7454.39,880741,14.0966,8438.15,1.04302e+06,14.0966,9551.45,1.22224e+06,14.0966,10811.3,1.41602e+06,14.0966,12237,1.62086e+06,14.0966,11.7194,11.96,12.6541,2.21263,4.16949,0.989383,2.67766,5.84076,0.311842,3.14343,7.55825,0.0972771,3.63127,9.58578,0.0303237,4.15787,12.0912,0.00945211,4.73731,15.2286,0.00294633,5.38238,19.1721,0.000918508,6.10553,24.134,0.000286163,6.91951,30.3791,8.92692e-05,7.83792,38.2397,2.78121e-05,8.87555,48.1338,8.65134e-06,10.0489,60.5876,2.7882e-06,11.3761,76.2629,8.29036e-07,12.8779,95.9927,2.4373e-07,14.5775,120.825,4.33068e-09,16.5012,152.08,1.75749e-07,18.6784,191.415,-1.86328e-07,21.1428,240.917,1.91829e-07,23.9322,303.213,-1.81475e-07,27.0895,381.602,7.0186e-08,30.6634,480.231,-2.86769e-08,34.7087,604.316,2.40784e-07,39.2876,760.401,9.87368e-08,44.4705,956.705,1.22263e-07,50.3371,1203.54,-4.31966e-07,56.9776,1513.81,-1.9705e-07,64.494,1903.69,-2.763e-08,73.0018,2393.4,3.9185e-07,82.6317,3008.13,1.35379e-07,93.5318,3779.25,-4.16351e-08,105.869,4745.7,2.06965e-08,119.834,5955.6,-3.18887e-07,135.641,7468.12,-1.48271e-08,153.531,9355.62,2.00739e-07,173.781,11705.8,2.28358e-07,196.701,14624.1,-1.93587e-08,222.642,18235,-2.88101e-07,252.003,22683.4,-2.24732e-07,285.234,28134,8.56806e-09,322.845,34767,2.34258e-07,365.413,42770.9,2.99668e-07,413.588,52327.9,8.28644e-08,468.111,63591.2,-3.07049e-07,529.814,76653.2,-3.1888e-07,599.642,91502.5,-6.72276e-08,678.662,107975,2.26339e-07,768.083,125705,3.69212e-07,869.267,144088,2.04077e-07,983.76,162277,-2.80509e-07,1113.3,179223,-4.22737e-07,1259.87,193777,-1.71951e-07,1425.68,204839,4.55555e-07,11.7194,11.96,12.6541,2.21263,4.16949,0.989383,2.67766,5.84076,0.311842,3.14343,7.55825,0.0972771,3.63127,9.58578,0.0303237,4.15787,12.0912,0.00945211,4.73731,15.2286,0.00294633,5.38238,19.1721,0.000918508,6.10553,24.134,0.000286163,6.91951,30.3791,8.92692e-05,7.83792,38.2397,2.78121e-05,8.87555,48.1338,8.65134e-06,10.0489,60.5876,2.7882e-06,11.3761,76.2629,8.29036e-07,12.8779,95.9927,2.4373e-07,14.5775,120.825,1e-08,16.5012,152.08,1.75749e-07,18.6784,191.415,1e-08,21.1428,240.917,1.91829e-07,23.9322,303.213,1e-08,27.0895,381.602,7.0186e-08,30.6634,480.231,1e-08,34.7087,604.316,2.40784e-07,39.2876,760.401,9.87368e-08,44.4705,956.705,1.22263e-07,50.3371,1203.54,1e-08,56.9776,1513.81,1e-08,64.494,1903.69,1e-08,73.0018,2393.4,3.9185e-07,82.6317,3008.13,1.35379e-07,93.5318,3779.25,1e-08,105.869,4745.7,2.06965e-08,119.834,5955.6,1e-08,135.641,7468.12,1e-08,153.531,9355.62,2.00739e-07,173.781,11705.8,2.28358e-07,196.701,14624.1,1e-08,222.642,18235,1e-08,252.003,22683.4,1e-08,285.234,28134,1e-08,322.845,34767,2.34258e-07,365.413,42770.9,2.99668e-07,413.588,52327.9,8.28644e-08,468.111,63591.2,1e-08,529.814,76653.2,1e-08,599.642,91502.5,1e-08,678.662,107975,2.26339e-07,768.083,125705,3.69212e-07,869.267,144088,2.04077e-07,983.76,162277,1e-08,1113.3,179223,1e-08,1259.87,193777,1e-08,1425.68,204839,4.55555e-07,6.2823,3.27286,2.43537,0.219672,6.18826,2.24117,0.56371,6.87772,2.63624,0.308279,17,10,12,2,4,1,1,7,0,7,2,0,2,8,0,7,19,0,2,9,0,5,17,0,10,6,0,11,28,0,10,31,0,14,55,0,15,39,0,8,78,0,13,54,0,10,71,0,42,92,0,8,70,0,18,247,0,33,320,0,56,391,0,23,424,0,49,1208,0,18,358,0,43,659,0,20,1078,0,74,1838,0,75,1668,0,68,4156,0,134,4028,0,191,3574,0,43,13114,0,175,5474,0,114,6826,0,210,10683,0,163,12974,0,352,12963,0,254,15725,0,94,10611,0,345,15039,0,383,30097,0,518,48770,0,495,48760,0,360,46398,0,330,54385,0,287,60648,0,574,139886,0,1514,211877,0,995,158625,0,1176,250495,0,548,169179,0,1421,132973,0,917,502652,0
-1.05176e+08,1,8.88811e-15,10,1023,0,1.05176e+08,0.528882,1.08665,0.389689,0.145397,0.379329,3.24381,0.161596,0.446195,1.77396,0.159177,1.15e+07,4.49998e+06,6.79999e+06,1.15e+07,4.49997e+06,6.79999e+06,1.15e+07,4.49996e+06,6.79999e+06,1.15e+07,4.49995e+06,6.79999e+06,1.14999e+07,4.49993e+06,6.79999e+06,1.14999e+07,4.49991e+06,6.79999e+06,1.14999e+07,4.49989e+06,6.79999e+06,1.14999e+07,4.49986e+06,6.79999e+06,1.14999e+07,4.49982e+06,6.79999e+06,1.14999e+07,4.49977e+06,6.79999e+06,1.14999e+07,4.49971e+06,6.79999e+06,1.14999e+07,4.49963e+06,6.79999e+06,1.14998e+07,4.49953e+06,6.79999e+06,1.14998e+07,4.49941e+06,6.79999e+06,1.14998e+07,4.49926e+06,6.79999e+06,1.14998e+07,4.49906e+06,6.79999e+06,1.14997e+07,4.49882e+06,6.79999e+06,1.14997e+07,4.49851e+06,6.79999e+06,1.14997e+07,4.49812e+06,6.79999e+06,1.14996e+07,4.49764e+06,6.79999e+06,1.14996e+07,4.49702e+06,6.79999e+06,1.14995e+07,4.49625e+06,6.79999e+06,1.14995e+07,4.49528e+06,6.79999e+06,1.14994e+07,4.49406e+06,6.79999e+06,1.14993e+07,4.49253e+06,6.79999e+06,1.14992e+07,4.49059e+06,6.79999e+06,1.14991e+07,4.48817e+06,6.79999e+06,1.1499e+07,4.48511e+06,6.79999e+06,1.14988e+07,4.48128e+06,6.79999e+06,1.14987e+07,4.47646e+06,6.79999e+06,1.14985e+07,4.47041e+06,6.79999e+06,1.14983e+07,4.46281e+06,6.79999e+06,1.14981e+07,4.4533e+06,6.79999e+06,1.14979e+07,4.44138e+06,6.79999e+06,1.14976e+07,4.42649e+06,6.79999e+06,1.14972e+07,4.40789e+06,6.79999e+06,1.14969e+07,4.38471e+06,6.79999e+06,1.14965e+07,4.35592e+06,6.79999e+06,1.1496e+07,4.32027e+06,6.79999e+06,1.14955e+07,4.27629e+06,6.79999e+06,1.14949e+07,4.22231e+06,6.79999e+06,1.14942e+07,4.15647e+06,6.79999e+06,1.14934e+07,4.07676e+06,6.79999e+06,1.14926e+07,3.98112e+06,6.79999e+06,1.14916e+07,3.86765e+06,6.79999e+06,1.14905e+07,3.73474e+06,6.79999e+06,1.14892e+07,3.58148e+06,6.79999e+06,1.14878e+07,3.40785e+06,6.79999e+06,1.14862e+07,3.21513e+06,6.79999e+06,1.14844e+07,3.00605e+06,6.79999e+06,1.14823e+07,2.7848e+06,6.79999e+06,1.148e+07,2.5568e+06,6.79999e+06,1.14773e+07,2.32825e+06,6.79999e+06,13.5742,8.52444,0.508366,16.8306,13.2585,0.162638,20.0035,17.569,0.0507846,23.2616,22.4214,0.0158319,26.7328,28.3297,0.00493498,30.5212,35.6974,0.00153831,34.7178,44.9473,0.000479527,39.4086,56.5822,0.000149456,44.6796,71.2245,4.66214e-05,50.6209,89.6543,1.45419e-05,57.3297,112.852,4.54748e-06,64.9129,142.051,1.43857e-06,73.4897,178.803,4.36618e-07,83.1934,225.062,1.40153e-07,94.1745,283.286,4.96378e-08,106.602,356.568,1.05434e-07,120.669,448.799,-6.49244e-08,136.59,564.873,1.70148e-07,154.611,710.948,-5.34594e-08,175.008,894.767,1.63407e-07,198.097,1126.06,8.04804e-08,224.231,1417.07,1.14667e-07,253.813,1783.15,-1.71227e-07,287.297,2243.62,-2.88466e-07,325.198,2822.67,-4.33651e-07,368.098,3550.67,7.9318e-08,416.657,4465.65,3.13319e-07,471.621,5615.16,3.4613e-07,533.835,7058.61,-1.19199e-07,604.255,8870.02,-2.79964e-07,683.962,11141.4,-2.30521e-07,774.182,13986.7,-2.55099e-07,876.299,17546.4,1.23585e-07,991.883,21993.1,1.41192e-07,1122.71,27536.7,-9.71886e-08,1270.78,34430.7,-3.68368e-07,1438.38,42977.7,-3.45379e-07,1628.07,53532.7,-3.25328e-09,1842.77,66504.6,2.6362e-07,2085.77,82350.2,2.53445e-07,2360.79,101560,-2.47407e-08,2672.05,124632,-3.80602e-07,3024.31,152018,-4.79005e-07,3422.98,184060,-1.14379e-07,3874.15,220884,2.64297e-07,4384.72,262283,3.44131e-07,4962.49,307576,7.5349e-08,5616.29,355497,-3.63097e-07,6356.1,404126,-6.05442e-07,7193.18,450932,-2.72333e-07,8140.28,492963,2.29675e-07,9211.79,527178,4.3387e-07,10424,550893,-1.0711e-07,10.102,8.06553,2.81012,10.6436,8.57909,0.869423,11.5336,10.2515,0.270869,12.7211,12.7138,0.0844293,14.1823,15.9373,0.0263173,15.9122,20.0383,0.0082035,17.9198,25.2154,0.00255722,20.2244,31.7373,0.000797017,22.8539,39.9486,0.000248622,25.8438,50.2851,7.75492e-05,29.237,63.2963,2.42508e-05,33.0837,79.6738,7.67162e-06,37.4415,100.288,2.32837e-06,42.3767,126.236,7.33e-07,47.9646,158.896,2.79256e-07,54.2906,200.003,9.87351e-09,61.452,251.741,1.61085e-07,69.5585,316.859,-2.47141e-07,78.7347,398.812,8.93552e-08,89.1218,501.948,-2.53231e-07,100.879,631.736,-1.25047e-07,114.188,795.049,-1.78808e-07,129.252,1000.53,2.6733e-07,146.304,1259.03,4.50292e-07,165.605,1584.19,6.76904e-07,187.452,1993.12,-1.23808e-07,212.181,2507.27,-4.89068e-07,240.173,3153.54,-5.40284e-07,271.856,3965.56,1.86061e-07,307.719,4985.38,4.37004e-07,348.313,6265.4,3.59828e-07,394.26,7870.83,3.98192e-07,446.268,9882.51,-1.92908e-07,505.135,12400.3,-2.20392e-07,571.766,15546.9,1.51705e-07,647.184,19472.2,5.74996e-07,732.547,24357.4,5.39112e-07,829.167,30420,5.07815e-09,938.526,37916.3,-4.11492e-07,1062.3,47143.9,-3.9561e-07,1202.4,58439.2,3.86185e-08,1360.96,72169.3,5.94093e-07,1540.42,88715.8,7.47693e-07,1743.53,108445,1.78537e-07,1973.41,131665,-4.12549e-07,2233.57,158557,-5.37164e-07,2528,189103,-1.17615e-07,2861.2,222986,5.66769e-07,3238.27,259510,9.45053e-07,3664.97,297540,4.25093e-07,4147.81,335497,-3.58506e-07,4694.17,371444,-6.7724e-07,5312.37,403256,1.67192e-07,1.61744,3.89446,9.84394,3.28846,7.5504,12.774,5.07607,11.7187,13.6844,7.03202,16.8147,13.9681,9.20215,23.1769,14.0566,11.6301,31.1672,14.0841,14.3598,41.2186,14.0927,17.4376,53.8688,14.0954,20.9137,69.7915,14.0962,24.8432,89.8341,14.0965,29.2879,115.063,14.0966,34.3168,146.819,14.0966,40.0078,186.792,14.0966,46.4487,237.107,14.0966,53.7388,300.44,14.0966,61.9903,380.158,14.0966,71.3301,480.499,14.0966,81.902,606.796,14.0966,93.8685,765.761,14.0966,107.414,965.837,14.0966,122.746,1217.65,14.0966,140.101,1534.57,14.0966,159.745,1933.41,14.0966,181.981,2435.3,14.0966,207.15,3066.85,14.0966,235.64,3861.46,14.0966,267.889,4861.11,14.0966,304.391,6118.54,14.0966,345.709,7699.91,14.0966,392.478,9688.22,14.0966,445.417,12187.5,14.0966,505.339,15327.7,14.0966,573.165,19271.6,14.0966,649.938,24222,14.0966,736.839,30430.9,14.0966,835.202,38211.5,14.0966,946.539,47950.3,14.0966,1072.56,60122.8,14.0966,1215.21,75309.9,14.0966,1376.66,94216.2,14.0966,1559.41,117688,14.0966,1766.26,146729,14.0966,2000.39,182510,14.0966,2265.39,226372,14.0966,2565.33,279806,14.0966,2904.81,344416,14.0966,3289.05,421845,14.0966,3723.93,513667,14.0966,4216.13,621231,14.0966,4773.18,745478,14.0966,5403.64,886744,14.0966,6117.15,1.04457e+06,14.0966,6924.63,1.2176e+06,14.0966,11.7194,11.96,12.6541,13.9321,16.1295,13.6434,16.6097,21.9702,13.9553,19.7532,29.5285,14.0526,23.3844,39.1143,14.0829,27.5423,51.2054,14.0923,32.2796,66.434,14.0953,37.662,85.6061,14.0962,43.7675,109.74,14.0965,50.687,140.119,14.0966,58.5249,178.359,14.0966,67.4005,226.493,14.0966,77.4493,287.08,14.0966,88.8254,363.343,14.0966,101.703,459.336,14.0966,116.281,580.161,14.0966,132.782,732.241,14.0966,151.46,923.655,14.0966,172.603,1164.57,14.0966,196.535,1467.79,14.0966,223.625,1849.39,14.0966,254.288,2329.62,14.0966,288.997,2933.93,14.0966,328.285,3694.33,14.0966,372.755,4651.04,14.0966,423.092,5854.57,14.0966,480.07,7368.38,14.0966,544.564,9272.08,14.0966,617.566,11665.5,14.0966,700.197,14673.6,14.0966,793.729,18452.9,14.0966,899.599,23198.6,14.0966,1019.43,29154.1,14.0966,1155.07,36622.3,14.0966,1308.6,45977.9,14.0966,1482.39,57683.7,14.0966,1679.09,72307.8,14.0966,1901.73,90542.8,14.0966,2153.73,113226,14.0966,2438.97,141360,14.0966,2761.81,176127,14.0966,3127.22,218898,14.0966,3540.81,271226,14.0966,4008.92,334817,14.0966,4538.74,411470,14.0966,5138.38,502973,14.0966,5817.04,610948,14.0966,6585.12,736653,14.0966,7454.39,880741,14.0966,8438.15,1.04302e+06,14.0966,9551.45,1.22224e+06,14.0966,10811.3,1.41602e+06,14.0966,12237,1.62086e+06,14.0966,11.7194,11.96,12.6541,2.21263,4.16949,0.989383,2.67766,5.84076,0.311842,3.14343,7.55825,0.0972771,3.63127,9.58578,0.0303237,4.15787,12.0912,0.00945211,4.73731,15.2286,0.00294633,5.38238,19.1721,0.000918508,6.10553,24.134,0.000286163,6.91951,30.3791,8.92692e-05,7.83792,38.2397,2.78121e-05,8.87555,48.1338,8.65134e-06,10.0489,60.5876,2.7882e-06,11.3761,76.2629,8.29036e-07,12.8779,95.9927,2.4373e-07,14.5775,120.825,4.33068e-09,16.5012,152.08,1.75749e-07,18.6784,191.415,-1.86328e-07,21.1428,240.917,1.91829e-07,23.9322,303.213,-1.81475e-07,27.0895,381.602,7.0186e-08,30.6634,480.231,-2.86769e-08,34.7087,604.316,2.40784e-07,39.2876,760.401,9.87368e-08,44.4705,956.705,1.22263e-07,50.3371,1203.54,-4.31966e-07,56.9776,1513.81,-1.9705e-07,64.494,1903.69,-2.763e-08,73.0018,2393.4,3.9185e-07,82.6317,3008.13,1.35379e-07,93.5318,3779.25,-4.16351e-08,105.869,4745.7,2.06965e-08,119.834,5955.6,-3.18887e-07,135.641,7468.12,-1.48271e-08,153.531,9355.62,2.00739e-07,173.781,11705.8,2.28358e-07,196.701,14624.1,-1.93587e-08,222.642,18235,-2.88101e-07,252.003,22683.4,-2.24732e-07,285.234,28134,8.56806e-09,322.845,34767,2.34258e-07,365.413,42770.9,2.99668e-07,413.588,52327.9,8.28644e-08,468.111,63591.2,-3.07049e-07,529.814,76653.2,-3.1888e-07,599.642,91502.5,-6.72276e-08,678.662,107975,2.26339e-07,768.083,125705,3.69212e-07,869.267,144088,2.04077e-07,983.76,162277,-2.80509e-07,1113.3,179223,-4.22737e-07,1259.87,193777,-1.71951e-07,1425.68,204839,4.55555e-07,11.7194,11.96,12.6541,2.21263,4.16949,0.989383,2.67766,5.84076,0.311842,3.14343,7.55825,0.0972771,3.63127,9.58578,0.0303237,4.15787,12.0912,0.00945211,4.73731,15.2286,0.00294633,5.38238,19.1721,0.000918508,6.10553,24.134,0.000286163,6.91951,30.3791,8.92692e-05,7.83792,38.2397,2.78121e-05,8.87555,48.1338,8.65134e-06,10.0489,60.5876,2.7882e-06,11.3761,76.2629,8.29036e-07,12.8779,95.9927,2.4373e-07,14.5775,120.825,1e-08,16.5012,152.08,1.75749e-07,18.6784,191.415,1e-08,21.1428,240.917,1.91829e-07,23.9322,303.213,1e-08,27.0895,381.602,7.0186e-08,30.6634,480.231,1e-08,34.7087,604.316,2.40784e-07,39.2876,760.401,9.87368e-08,44.4705,956.705,1.22263e-07,50.3371,1203.54,1e-08,56.9776,1513.81,1e-08,64.494,1903.69,1e-08,73.0018,2393.4,3.9185e-07,82.6317,3008.13,1.35379e-07,93.5318,3779.25,1e-08,105.869,4745.7,2.06965e-08,119.834,5955.6,1e-08,135.641,7468.12,1e-08,153.531,9355.62,2.00739e-07,173.781,11705.8,2.28358e-07,196.701,14624.1,1e-08,222.642,18235,1e-08,252.003,22683.4,1e-08,285.234,28134,1e-08,322.845,34767,2.34258e-07,365.413,42770.9,2.99668e-07,413.588,52327.9,8.28644e-08,468.111,63591.2,1e-08,529.814,76653.2,1e-08,599.642,91502.5,1e-08,678.662,107975,2.26339e-07,768.083,125705,3.69212e-07,869.267,144088,2.04077e-07,983.76,162277,1e-08,1113.3,179223,1e-08,1259.87,193777,1e-08,1425.68,204839,4.55555e-07,6.2823,3.27286,2.43537,0.219672,6.18826,2.24117,0.56371,6.87772,2.63624,0.308279,14,7,5,1,4,2,4,6,0,2,5,0,3,12,0,2,14,0,4,18,0,3,20,0,8,36,0,1,37,0,12,32,0,7,61,0,17,40,0,16,58,0,16,85,0,19,153,0,29,175,0,31,233,0,17,127,0,21,394,0,23,383,0,21,471,0,29,1036,0,14,998,0,86,571,0,40,1746,0,35,1613,0,82,1130,0,87,1918,0,28,2591,0,103,2869,0,58,4042,0,170,4265,0,116,5309,0,97,16669,0,68,9582,0,65,12094,0,191,18680,0,196,14198,0,145,19752,0,180,25674,0,225,43918,0,183,44289,0,657,52908,0,399,46995,0,633,61008,0,333,138917,0,743,128352,0,1096,129839,0,942,106585,0,1452,123063,0,1481,156540,0,544,99238,0
-1.05176e+08,1,8.88811e-15,10,1023,0,1.05176e+08,0.528882,1.08665,0.389689,0.145397,0.379329,3.24381,0.161596,0.446195,1.77396,0.159177,1.15e+07,4.49998e+06,6.79999e+06,1.15e+07,4.49997e+06,6.79999e+06,1.15e+07,4.49996e+06,6.79999e+06,1.15e+07,4.49995e+06,6.79999e+06,1.14999e+07,4.49993e+06,6.79999e+06,1.14999e+07,4.49991e+06,6.79999e+06,1.14999e+07,4.49989e+06,6.79999e+06,1.14999e+07,4.49986e+06,6.79999e+06,1.14999e+07,4.49982e+06,6.79999e+06,1.14999e+07,4.49977e+06,6.79999e+06,1.14999e+07,4.49971e+06,6.79999e+06,1.14999e+07,4.49963e+06,6.79999e+06,1.14998e+07,4.49953e+06,6.79999e+06,1.14998e+07,4.49941e+06,6.79999e+06,1.14998e+07,4.49926e+06,6.79999e+06,1.14998e+07,4.49906e+06,6.79999e+06,1.14997e+07,4.49882e+06,6.79999e+06,1.14997e+07,4.49851e+06,6.79999e+06,1.14997e+07,4.49812e+06,6.79999e+06,1.14996e+07,4.49764e+06,6.79999e+06,1.14996e+07,4.49702e+06,6.79999e+06,1.14995e+07,4.49625e+06,6.79999e+06,1.14995e+07,4.49528e+06,6.79999e+06,1.14994e+07,4.49406e+06,6.79999e+06,1.14993e+07,4.49253e+06,6.79999e+06,1.14992e+07,4.49059e+06,6.79999e+06,1.14991e+07,4.48817e+06,6.79999e+06,1.1499e+07,4.48511e+06,6.79999e+06,1.14988e+07,4.48128e+06,6.79999e+06,1.14987e+07,4.47646e+06,6.79999e+06,1.14985e+07,4.47041e+06,6.79999e+06,1.14983e+07,4.46281e+06,6.79999e+06,1.14981e+07,4.4533e+06,6.79999e+06,1.14979e+07,4.44138e+06,6.79999e+06,1.14976e+07,4.42649e+06,6.79999e+06,1.14972e+07,4.40789e+06,6.79999e+06,1.14969e+07,4.38471e+06,6.79999e+06,1.14965e+07,4.35592e+06,6.79999e+06,1.1496e+07,4.32027e+06,6.79999e+06,1.14955e+07,4.27629e+06,6.79999e+06,1.14949e+07,4.22231e+06,6.79999e+06,1.14942e+07,4.15647e+06,6.79999e+06,1.14934e+07,4.07676e+06,6.79999e+06,1.14926e+07,3.98112e+06,6.79999e+06,1.14916e+07,3.86765e+06,6.79999e+06,1.14905e+07,3.73474e+06,6.79999e+06,1.14892e+07,3.58148e+06,6.79999e+06,1.14878e+07,3.40785e+06,6.79999e+06,1.14862e+07,3.21513e+06,6.79999e+06,1.14844e+07,3.00605e+06,6.79999e+06,1.14823e+07,2.7848e+06,6.79999e+06,1.148e+07,2.5568e+06,6.79999e+06,1.14773e+07,2.32825e+06,6.79999e+06,13.5742,8.52444,0.508366,16.8306,13.2585,0.162638,20.0035,17.569,0.0507846,23.2616,22.4214,0.0158319,26.7328,28.3297,0.00493498,30.5212,35.6974,0.00153831,34.7178,44.9473,0.000479527,39.4086,56.5822,0.000149456,44.6796,71.2245,4.66214e-05,50.6209,89.6543,1.45419e-05,57.3297,112.852,4.54748e-06,64.9129,142.051,1.43857e-06,73.4897,178.803,4.36618e-07,83.1934,225.062,1.40153e-07,94.1745,283.286,4.96378e-08,106.602,356.568,1.05434e-07,120.669,448.799,-6.49244e-08,136.59,564.873,1.70148e-07,154.611,710.948,-5.34594e-08,175.008,894.767,1.63407e-07,198.097,1126.06,8.04804e-08,224.231,1417.07,1.14667e-07,253.813,1783.15,-1.71227e-07,287.297,2243.62,-2.88466e-07,325.198,2822.67,-4.33651e-07,368.098,3550.67,7.9318e-08,416.657,4465.65,3.13319e-07,471.621,5615.16,3.4613e-07,533.835,7058.61,-1.19199e-07,604.255,8870.02,-2.79964e-07,683.962,11141.4,-2.30521e-07,774.182,13986.7,-2.55099e-07,876.299,17546.4,1.23585e-07,991.883,21993.1,1.41192e-07,1122.71,27536.7,-9.71886e-08,1270.78,34430.7,-3.68368e-07,1438.38,42977.7,-3.45379e-07,1628.07,53532.7,-3.25328e-09,1842.77,66504.6,2.6362e-07,2085.77,82350.2,2.53445e-07,2360.79,101560,-2.47407e-08,2672.05,124632,-3.80602e-07,3024.31,152018,-4.79005e-07,3422.98,184060,-1.14379e-07,3874.15,220884,2.64297e-07,4384.72,262283,3.44131e-07,4962.49,307576,7.5349e-08,5616.29,355497,-3.63097e-07,6356.1,404126,-6.05442e-07,7193.18,450932,-2.72333e-07,8140.28,492963,2.29675e-07,9211.79,527178,4.3387e-07,10424,550893,-1.0711e-07,10.102,8.06553,2.81012,10.6436,8.57909,0.869423,11.5336,10.2515,0.270869,12.7211,12.7138,0.0844293,14.1823,15.9373,0.0263173,15.9122,20.0383,0.0082035,17.9198,25.2154,0.00255722,20.2244,31.7373,0.000797017,22.8539,39.9486,0.000248622,25.8438,50.2851,7.75492e-05,29.237,63.2963,2.42508e-05,33.0837,79.6738,7.67162e-06,37.4415,100.288,2.32837e-06,42.3767,126.236,7.33e-07,47.9646,158.896,2.79256e-07,54.2906,200.003,9.87351e-09,61.452,251.741,1.61085e-07,69.5585,316.859,-2.47141e-07,78.7347,398.812,8.93552e-08,89.1218,501.948,-2.53231e-07,100.879,631.736,-1.25047e-07,114.188,795.049,-1.78808e-07,129.252,1000.53,2.6733e-07,146.304,1259.03,4.50292e-07,165.605,1584.19,6.76904e-07,187.452,1993.12,-1.23808e-07,212.181,2507.27,-4.89068e-07,240.173,3153.54,-5.40284e-07,271.856,3965.56,1.86061e-07,307.719,4985.38,4.37004e-07,348.313,6265.4,3.59828e-07,394.26,7870.83,3.98192e-07,446.268,9882.51,-1.92908e-07,505.135,12400.3,-2.20392e-07,571.766,15546.9,1.51705e-07,647.184,19472.2,5.74996e-07,732.547,24357.4,5.39112e-07,829.167,30420,5.07815e-09,938.526,37916.3,-4.11492e-07,1062.3,47143.9,-3.9561e-07,1202.4,58439.2,3.86185e-08,1360.96,72169.3,5.94093e-07,1540.42,88715.8,7.47693e-07,1743.53,108445,1.78537e-07,1973.41,131665,-4.12549e-07,2233.57,158557,-5.37164e-07,2528,189103,-1.17615e-07,2861.2,222986,5.66769e-07,3238.27,259510,9.45053e-07,3664.97,297540,4.25093e-07,4147.81,335497,-3.58506e-07,4694.17,371444,-6.7724e-07,5312.37,403256,1.67192e-07,1.61744,3.89446,9.84394,3.28846,7.5504,12.774,5.07607,11.7187,13.6844,7.03202,16.8147,13.9681,9.20215,23.1769,14.0566,11.6301,31.1672,14.0841,14.3598,41.2186,14.0927,17.4376,53.8688,14.0954,20.9137,69.7915,14.0962,24.8432,89.8341,14.0965,29.2879,115.063,14.0966,34.3168,146.819,14.0966,40.0078,186.792,14.0966,46.4487,237.107,14.0966,53.7388,300.44,14.0966,61.9903,380.158,14.0966,71.3301,480.499,14.0966,81.902,606.796,14.0966,93.8685,765.761,14.0966,107.414,965.837,14.0966,122.746,1217.65,14.0966,140.101,1534.57,14.0966,159.745,1933.41,14.0966,181.981,2435.3,14.0966,207.15,3066.85,14.0966,235.64,3861.46,14.0966,267.889,4861.11,14.0966,304.391,6118.54,14.0966,345.709,7699.91,14.0966,392.478,9688.22,14.0966,445.417,12187.5,14.0966,505.339,15327.7,14.0966,573.165,19271.6,14.0966,649.938,24222,14.0966,736.839,30430.9,14.0966,835.202,38211.5,14.0966,946.539,47950.3,14.0966,1072.56,60122.8,14.0966,1215.21,75309.9,14.0966,1376.66,94216.2,14.0966,1559.41,117688,14.0966,1766.26,146729,14.0966,2000.39,182510,14.0966,2265.39,226372,14.0966,2565.33,279806,14.0966,2904.81,344416,14.0966,3289.05,421845,14.0966,3723.93,513667,14.0966,4216.13,621231,14.0966,4773.18,745478,14.0966,5403.64,886744,14.0966,6117.15,1.04457e+06,14.0966,6924.63,1.2176e+06,14.0966,11.7194,11.96,12.6541,13.9321,16.1295,13.6434,16.6097,21.9702,13.9553,19.7532,29.5285,14.0526,23.3844,39.1143,14.0829,27.5423,51.2054,14.0923,32.2796,66.434,14.0953,37.662,85.6061,14.0962,43.7675,109.74,14.0965,50.687,140.119,14.0966,58.5249,178.359,14.0966,67.4005,226.493,14.0966,77.4493,287.08,14.0966,88.8254,363.343,14.0966,101.703,459.336,14.0966,116.281,580.161,14.0966,132.782,732.241,14.0966,151.46,923.655,14.0966,172.603,1164.57,14.0966,196.535,1467.79,14.0966,223.625,1849.39,14.0966,254.288,2329.62,14.0966,288.997,2933.93,14.0966,328.285,3694.33,14.0966,372.755,4651.04,14.0966,423.092,5854.57,14.0966,480.07,7368.38,14.0966,544.564,9272.08,14.0966,617.566,11665.5,14.0966,700.197,14673.6,14.0966,793.729,18452.9,14.0966,899.599,23198.6,14.0966,1019.43,29154.1,14.0966,1155.07,36622.3,14.0966,1308.6,45977.9,14.0966,1482.39,57683.7,14.0966,1679.09,72307.8,14.0966,1901.73,90542.8,14.0966,2153.73,113226,14.0966,2438.97,141360,14.0966,2761.81,176127,14.0966,3127.22,218898,14.0966,3540.81,271226,14.0966,4008.92,334817,14.0966,4538.74,411470,14.0966,5138.38,502973,14.0966,5817.04,610948,14.0966,6585.12,736653,14.0966,7454.39,880741,14.0966,8438.15,1.04302e+06,14.0966,9551.45,1.22224e+06,14.0966,10811.3,1.41602e+06,14.0966,12237,1.62086e+06,14.0966,11.7194,11.96,12.6541,2.21263,4.16949,0.989383,2.67766,5.84076,0.311842,3.14343,7.55825,0.0972771,3.63127,9.58578,0.0303237,4.15787,12.0912,0.00945211,4.73731,15.2286,0.00294633,5.38238,19.1721,0.000918508,6.10553,24.134,0.000286163,6.91951,30.3791,8.92692e-05,7.83792,38.2397,2.78121e-05,8.87555,48.1338,8.65134e-06,10.0489,60.5876,2.7882e-06,11.3761,76.2629,8.29036e-07,12.8779,95.9927,2.4373e-07,14.5775,120.825,4.33068e-09,16.5012,152.08,1.75749e-07,18.6784,191.415,-1.86328e-07,21.1428,240.917,1.91829e-07,23.9322,303.213,-1.81475e-07,27.0895,381.602,7.0186e-08,30.6634,480.231,-2.86769e-08,34.7087,604.316,2.40784e-07,39.2876,760.401,9.87368e-08,44.4705,956.705,1.22263e-07,50.3371,1203.54,-4.31966e-07,56.9776,1513.81,-1.9705e-07,64.494,1903.69,-2.763e-08,73.0018,2393.4,3.9185e-07,82.6317,3008.13,1.35379e-07,93.5318,3779.25,-4.16351e-08,105.869,4745.7,2.06965e-08,119.834,5955.6,-3.18887e-07,135.641,7468.12,-1.48271e-08,153.531,9355.62,2.00739e-07,173.781,11705.8,2.28358e-07,196.701,14624.1,-1.93587e-08,222.642,18235,-2.88101e-07,252.003,22683.4,-2.24732e-07,285.234,28134,8.56806e-09,322.845,34767,2.34258e-07,365.413,42770.9,2.99668e-07,413.588,52327.9,8.28644e-08,468.111,63591.2,-3.07049e-07,529.814,76653.2,-3.1888e-07,599.642,91502.5,-6.72276e-08,678.662,107975,2.26339e-07,768.083,125705,3.69212e-07,869.267,144088,2.04077e-07,983.76,162277,-2.80509e-07,1113.3,179223,-4.22737e-07,1259.87,193777,-1.71951e-07,1425.68,204839,4.55555e-07,11.7194,11.96,12.6541,2.21263,4.16949,0.989383,2.67766,5.84076,0.311842,3.14343,7.55825,0.0972771,3.63127,9.58578,0.0303237,4.15787,12.0912,0.00945211,4.73731,15.2286,0.00294633,5.38238,19.1721,0.000918508,6.10553,24.134,0.000286163,6.91951,30.3791,8.92692e-05,7.83792,38.2397,2.78121e-05,8.87555,48.1338,8.65134e-06,10.0489,60.5876,2.7882e-06,11.3761,76.2629,8.29036e-07,12.8779,95.9927,2.4373e-07,14.5775,120.825,1e-08,16.5012,152.08,1.75749e-07,18.6784,191.415,1e-08,21.1428,240.917,1.91829e-07,23.9322,303.213,1e-08,27.0895,381.602,7.0186e-08,30.6634,480.231,1e-08,34.7087,604.316,2.40784e-07,39.2876,760.401,9.87368e-08,44.4705,956.705,1.22263e-07,50.3371,1203.54,1e-08,56.9776,1513.81,1e-08,64.494,1903.69,1e-08,73.0018,2393.4,3.9185e-07,82.6317,3008.13,1.35379e-07,93.5318,3779.25,1e-08,105.869,4745.7,2.06965e-08,119.834,5955.6,1e-08,135.641,7468.12,1e-08,153.531,9355.62,2.00739e-07,173.781,11705.8,2.28358e-07,196.701,14624.1,1e-08,222.642,18235,1e-08,252.003,22683.4,1e-08,285.234,28134,1e-08,322.845,34767,2.34258e-07,365.413,42770.9,2.99668e-07,413.588,52327.9,8.28644e-08,468.111,63591.2,1e-08,529.814,76653.2,1e-08,599.642,91502.5,1e-08,678.662,107975,2.26339e-07,768.083,125705,3.69212e-07,869.267,144088,2.04077e-07,983.76,162277,1e-08,1113.3,179223,1e-08,1259.87,193777,1e-08,1425.68,204839,4.55555e-07,6.2823,3.27286,2.43537,0.219672,6.18826,2.24117,0.56371,6.87772,2.63624,0.308279,11,12,11,0,3,0,3,9,0,5,6,0,9,11,0,7,8,0,4,18,0,6,16,0,3,40,0,7,18,0,8,42,0,5,51,0,11,32,0,5,87,0,12,75,0,21,164,0,8,192,0,8,157,0,9,126,0,24,94,0,25,209,0,42,640,0,30,575,0,87,914,0,32,796,0,51,1345,0,28,2521,0,23,2861,0,134,1674,0,120,743,0,123,4515,0,48,2305,0,122,6845,0,130,7236,0,193,9536,0,204,12656,0,78,7951,0,251,13520,0,186,41135,0,533,29399,0,388,18282,0,466,58954,0,548,47931,0,598,34231,0,271,43095,0,224,112509,0,662,42495,0,1626,137844,0,946,82750,0,751,212696,0,1108,139847,0,3116,150781,0,728,134781,0
-1.05176e+08,1,8.88811e-15,10,1023,0,1.05176e+08,0.528882,1.08665,0.389689,0.145397,0.379329,3.24381,0.161596,0.446195,1.77396,0.159177,1.15e+07,4.49998e+06,6.79999e+06,1.15e+07,4.49997e+06,6.79999e+06,1.15e+07,4.49996e+06,6.79999e+06,1.15e+07,4.49995e+06,6.79999e+06,1.14999e+07,4.49993e+06,6.79999e+06,1.14999e+07,4.49991e+06,6.79999e+06,1.14999e+07,4.49989e+06,6.79999e+06,1.14999e+07,4.49986e+06,6.79999e+06,1.14999e+07,4.49982e+06,6.79999e+06,1.14999e+07,4.49977e+06,6.79999e+06,1.14999e+07,4.49971e+06,6.79999e+06,1.14999e+07,4.49963e+06,6.79999e+06,1.14998e+07,4.49953e+06,6.79999e+06,1.14998e+07,4.49941e+06,6.79999e+06,1.14998e+07,4.49926e+06,6.79999e+06,1.14998e+07,4.49906e+06,6.79999e+06,1.14997e+07,4.49882e+06,6.79999e+06,1.14997e+07,4.49851e+06,6.79999e+06,1.14997e+07,4.49812e+06,6.79999e+06,1.14996e+07,4.49764e+06,6.79999e+06,1.14996e+07,4.49702e+06,6.79999e+06,1.14995e+07,4.49625e+06,6.79999e+06,1.14995e+07,4.49528e+06,6.79999e+06,1.14994e+07,4.49406e+06,6.79999e+06,1.14993e+07,4.49253e+06,6.79999e+06,1.14992e+07,4.49059e+06,6.79999e+06,1.14991e+07,4.48817e+06,6.79999e+06,1.1499e+07,4.48511e+06,6.79999e+06,1.14988e+07,4.48128e+06,6.79999e+06,1.14987e+07,4.47646e+06,6.79999e+06,1.14985e+07,4.47041e+06,6.79999e+06,1.14983e+07,4.46281e+06,6.79999e+06,1.14981e+07,4.4533e+06,6.79999e+06,1.14979e+07,4.44138e+06,6.79999e+06,1.14976e+07,4.42649e+06,6.79999e+06,1.14972e+07,4.40789e+06,6.79999e+06,1.14969e+07,4.38471e+06,6.79999e+06,1.14965e+07,4.35592e+06,6.79999e+06,1.1496e+07,4.32027e+06,6.79999e+06,1.14955e+07,4.27629e+06,6.79999e+06,1.14949e+07,4.22231e+06,6.79999e+06,1.14942e+07,4.15647e+06,6.79999e+06,1.14934e+07,4.07676e+06,6.79999e+06,1.14926e+07,3.98112e+06,6.79999e+06,1.14916e+07,3.86765e+06,6.79999e+06,1.14905e+07,3.73474e+06,6.79999e+06,1.14892e+07,3.58148e+06,6.79999e+06,1.14878e+07,3.40785e+06,6.79999e+06,1.14862e+07,3.21513e+06,6.79999e+06,1.14844e+07,3.00605e+06,6.79999e+06,1.14823e+07,2.7848e+06,6.79999e+06,1.148e+07,2.5568e+06,6.79999e+06,1.14773e+07,2.32825e+06,6.79999e+06,13.5742,8.52444,0.508366,16.8306,13.2585,0.162638,20.0035,17.569,0.0507846,23.2616,22.4214,0.0158319,26.7328,28.3297,0.00493498,30.5212,35.6974,0.00153831,34.7178,44.9473,0.000479527,39.4086,56.5822,0.000149456,44.6796,71.2245,4.66214e-05,50.6209,89.6543,1.45419e-05,57.3297,112.852,4.54748e-06,64.9129,142.051,1.43857e-06,73.4897,178.803,4.36618e-07,83.1934,225.062,1.40153e-07,94.1745,283.286,4.96378e-08,106.602,356.568,1.05434e-07,120.669,448.799,-6.49244e-08,136.59,564.873,1.70148e-07,154.611,710.948,-5.34594e-08,175.008,894.767,1.63407e-07,198.097,1126.06,8.04804e-08,224.231,1417.07,1.14667e-07,253.813,1783.15,-1.71227e-07,287.297,2243.62,-2.88466e-07,325.198,2822.67,-4.33651e-07,368.098,3550.67,7.9318e-08,416.657,4465.65,3.13319e-07,471.621,5615.16,3.4613e-07,533.835,7058.61,-1.19199e-07,604.255,8870.02,-2.79964e-07,683.962,11141.4,-2.30521e-07,774.182,13986.7,-2.55099e-07,876.299,17546.4,1.23585e-07,991.883,21993.1,1.41192e-07,1122.71,27536.7,-9.71886e-08,1270.78,34430.7,-3.68368e-07,1438.38,42977.7,-3.45379e-07,1628.07,53532.7,-3.25328e-09,1842.77,66504.6,2.6362e-07,2085.77,82350.2,2.53445e-07,2360.79,101560,-2.47407e-08,2672.05,124632,-3.80602e-07,3024.31,152018,-4.79005e-07,3422.98,184060,-1.14379e-07,3874.15,220884,2.64297e-07,4384.72,262283,3.44131e-07,4962.49,307576,7.5349e-08,5616.29,355497,-3.63097e-07,6356.1,404126,-6.05442e-07,7193.18,450932,-2.72333e-07,8140.28,492963,2.29675e-07,9211.79,527178,4.3387e-07,10424,550893,-1.0711e-07,10.102,8.06553,2.81012,10.6436,8.57909,0.869423,11.5336,10.2515,0.270869,12.7211,12.7138,0.0844293,14.1823,15.9373,0.0263173,15.9122,20.0383,0.0082035,17.9198,25.2154,0.00255722,20.2244,31.7373,0.000797017,22.8539,39.9486,0.000248622,25.8438,50.2851,7.75492e-05,29.237,63.2963,2.42508e-05,33.0837,79.6738,7.67162e-06,37.4415,100.288,2.32837e-06,42.3767,126.236,7.33e-07,47.9646,158.896,2.79256e-07,54.2906,200.003,9.87351e-09,61.452,251.741,1.61085e-07,69.5585,316.859,-2.47141e-07,78.7347,398.812,8.93552e-08,89.1218,501.948,-2.53231e-07,100.879,631.736,-1.25047e-07,114.188,795.049,-1.78808e-07,129.252,1000.53,2.6733e-07,146.304,1259.03,4.50292e-07,165.605,1584.19,6.76904e-07,187.452,1993.12,-1.23808e-07,212.181,2507.27,-4.89068e-07,240.173,3153.54,-5.40284e-07,271.856,3965.56,1.86061e-07,307.719,4985.38,4.37004e-07,348.313,6265.4,3.59828e-07,394.26,7870.83,3.98192e-07,446.268,9882.51,-1.92908e-07,505.135,12400.3,-2.20392e-07,571.766,15546.9,1.51705e-07,647.184,19472.2,5.74996e-07,732.547,24357.4,5.39112e-07,829.167,30420,5.07815e-09,938.526,37916.3,-4.11492e-07,1062.3,47143.9,-3.9561e-07,1202.4,58439.2,3.86185e-08,1360.96,72169.3,5.94093e-07,1540.42,88715.8,7.47693e-07,1743.53,108445,1.78537e-07,1973.41,131665,-4.12549e-07,2233.57,158557,-5.37164e-07,2528,189103,-1.17615e-07,2861.2,222986,5.66769e-07,3238.27,259510,9.45053e-07,3664.97,297540,4.25093e-07,4147.81,335497,-3.58506e-07,4694.17,371444,-6.7724e-07,5312.37,403256,1.67192e-07,1.61744,3.89446,9.84394,3.28846,7.5504,12.774,5.07607,11.7187,13.6844,7.03202,16.8147,13.9681,9.20215,23.1769,14.0566,11.6301,31.1672,14.0841,14.3598,41.2186,14.0927,17.4376,53.8688,14.0954,20.9137,69.7915,14.0962,24.8432,89.8341,14.0965,29.2879,115.063,14.0966,34.3168,146.819,14.0966,40.0078,186.792,14.0966,46.4487,237.107,14.0966,53.7388,300.44,14.0966,61.9903,380.158,14.0966,71.3301,480.499,14.0966,81.902,606.796,14.0966,93.8685,765.761,14.0966,107.414,965.837,14.0966,122.746,1217.65,14.0966,140.101,1534.57,14.0966,159.745,1933.41,14.0966,181.981,2435.3,14.0966,207.15,3066.85,14.0966,235.64,3861.46,14.0966,267.889,4861.11,14.0966,304.391,6118.54,14.0966,345.709,7699.91,14.0966,392.478,9688.22,14.0966,445.417,12187.5,14.0966,505.339,15327.7,14.0966,573.165,19271.6,14.0966,649.938,24222,14.0966,736.839,30430.9,14.0966,835.202,38211.5,14.0966,946.539,47950.3,14.0966,1072.56,60122.8,14.0966,1215.21,75309.9,14.0966,1376.66,94216.2,14.0966,1559.41,117688,14.0966,1766.26,146729,14.0966,2000.39,182510,14.0966,2265.39,226372,14.0966,2565.33,279806,14.0966,2904.81,344416,14.0966,3289.05,421845,14.0966,3723.93,513667,14.0966,4216.13,621231,14.0966,4773.18,745478,14.0966,5403.64,886744,14.0966,6117.15,1.04457e+06,14.0966,6924.63,1.2176e+06,14.0966,11.7194,11.96,12.6541,13.9321,16.1295,13.6434,16.6097,21.9702,13.9553,19.7532,29.5285,14.0526,23.3844,39.1143,14.0829,27.5423,51.2054,14.0923,32.2796,66.434,14.0953,37.662,85.6061,14.0962,43.7675,109.74,14.0965,50.687,140.119,14.0966,58.5249,178.359,14.0966,67.4005,226.493,14.0966,77.4493,287.08,14.0966,88.8254,363.343,14.0966,101.703,459.336,14.0966,116.281,580.161,14.0966,132.782,732.241,14.0966,151.46,923.655,14.0966,172.603,1164.57,14.0966,196.535,1467.79,14.0966,223.625,1849.39,14.0966,254.288,2329.62,14.0966,288.997,2933.93,14.0966,328.285,3694.33,14.0966,372.755,4651.04,14.0966,423.092,5854.57,14.0966,480.07,7368.38,14.0966,544.564,9272.08,14.0966,617.566,11665.5,14.0966,700.197,14673.6,14.0966,793.729,18452.9,14.0966,899.599,23198.6,14.0966,1019.43,29154.1,14.0966,1155.07,36622.3,14.0966,1308.6,45977.9,14.0966,1482.39,57683.7,14.0966,1679.09,72307.8,14.0966,1901.73,90542.8,14.0966,2153.73,113226,14.0966,2438.97,141360,14.0966,2761.81,176127,14.0966,3127.22,218898,14.0966,3540.81,271226,14.0966,4008.92,334817,14.0966,4538.74,411470,14.0966,5138.38,502973,14.0966,5817.04,610948,14.0966,6585.12,736653,14.0966,7454.39,880741,14.0966,8438.15,1.04302e+06,14.0966,9551.45,1.22224e+06,14.0966,10811.3,1.41602e+06,14.0966,12237,1.62086e+06,14.0966,11.7194,11.96,12.6541,2.21263,4.16949,0.989383,2.67766,5.84076,0.311842,3.14343,7.55825,0.0972771,3.63127,9.58578,0.0303237,4.15787,12.0912,0.00945211,4.73731,15.2286,0.00294633,5.38238,19.1721,0.000918508,6.10553,24.134,0.000286163,6.91951,30.3791,8.92692e-05,7.83792,38.2397,2.78121e-05,8.87555,48.1338,8.65134e-06,10.0489,60.5876,2.7882e-06,11.3761,76.2629,8.29036e-07,12.8779,95.9927,2.4373e-07,14.5775,120.825,4.33068e-09,16.5012,152.08,1.75749e-07,18.6784,191.415,-1.86328e-07,21.1428,240.917,1.91829e-07,23.9322,303.213,-1.81475e-07,27.0895,381.602,7.0186e-08,30.6634,480.231,-2.86769e-08,34.7087,604.316,2.40784e-07,39.2876,760.401,9.87368e-08,44.4705,956.705,1.22263e-07,50.3371,1203.54,-4.31966e-07,56.9776,1513.81,-1.9705e-07,64.494,1903.69,-2.763e-08,73.0018,2393.4,3.9185e-07,82.6317,3008.13,1.35379e-07,93.5318,3779.25,-4.16351e-08,105.869,4745.7,2.06965e-08,119.834,5955.6,-3.18887e-07,135.641,7468.12,-1.48271e-08,153.531,9355.62,2.00739e-07,173.781,11705.8,2.28358e-07,196.701,14624.1,-1.93587e-08,222.642,18235,-2.88101e-07,252.003,22683.4,-2.24732e-07,285.234,28134,8.56806e-09,322.845,34767,2.34258e-07,365.413,42770.9,2.99668e-07,413.588,52327.9,8.28644e-08,468.111,63591.2,-3.07049e-07,529.814,76653.2,-3.1888e-07,599.642,91502.5,-6.72276e-08,678.662,107975,2.26339e-07,768.083,125705,3.69212e-07,869.267,144088,2.04077e-07,983.76,162277,-2.80509e-07,1113.3,179223,-4.22737e-07,1259.87,193777,-1.71951e-07,1425.68,204839,4.55555e-07,11.7194,11.96,12.6541,2.21263,4.16949,0.989383,2.67766,5.84076,0.311842,3.14343,7.55825,0.0972771,3.63127,9.58578,0.0303237,4.15787,12.0912,0.00945211,4.73731,15.2286,0.00294633,5.38238,19.1721,0.000918508,6.10553,24.134,0.000286163,6.91951,30.3791,8.92692e-05,7.83792,38.2397,2.78121e-05,8.87555,48.1338,8.65134e-06,10.0489,60.5876,2.7882e-06,11.3761,76.2629,8.29036e-07,12.8779,95.9927,2.4373e-07,14.5775,120.825,1e-08,16.5012,152.08,1.75749e-07,18.6784,191.415,1e-08,21.1428,240.917,1.91829e-07,23.9322,303.213,1e-08,27.0895,381.602,7.0186e-08,30.6634,480.231,1e-08,34.7087,604.316,2.40784e-07,39.2876,760.401,9.87368e-08,44.4705,956.705,1.22263e-07,50.3371,1203.54,1e-08,56.9776,1513.81,1e-08,64.494,1903.69,1e-08,73.0018,2393.4,3.9185e-07,82.6317,3008.13,1.35379e-07,93.5318,3779.25,1e-08,105.869,4745.7,2.06965e-08,119.834,5955.6,1e-08,135.641,7468.12,1e-08,153.531,9355.62,2.00739e-07,173.781,11705.8,2.28358e-07,196.701,14624.1,1e-08,222.642,18235,1e-08,252.003,22683.4,1e-08,285.234,28134,1e-08,322.845,34767,2.34258e-07,365.413,42770.9,2.99668e-07,413.588,52327.9,8.28644e-08,468.111,63591.2,1e-08,529.814,76653.2,1e-08,599.642,91502.5,1e-08,678.662,107975,2.26339e-07,768.083,125705,3.69212e-07,869.267,144088,2.04077e-07,983.76,162277,1e-08,1113.3,179223,1e-08,1259.87,193777,1e-08,1425.68,204839,4.55555e-07,6.2823,3.27286,2.43537,0.219672,6.18826,2.24117,0.56371,6.87772,2.63624,0.308279,17,6,11,2,2,0,1,3,0,2,6,0,2,7,0,0,17,0,1,22,0,3,18,0,7,18,0,2,52,0,8,29,0,13,81,0,11,40,0,16,29,0,13,145,0,9,42,0,13,184,0,28,96,0,31,332,0,14,179,0,21,696,0,45,74,0,27,936,0,61,725,0,29,971,0,35,1766,0,53,1785,0,47,1799,0,37,5122,0,131,3825,0,50,3279,0,92,2980,0,75,6772,0,178,5702,0,81,14210,0,89,12718,0,288,11437,0,166,23120,0,206,22519,0,497,24012,0,157,17827,0,559,25386,0,568,42359,0,543,61438,0,778,85284,0,395,59574,0,595,52819,0,569,118838,0,453,206893,0,594,142068,0,1474,119094,0,1742,262147,0,1451,304850,0
-1.05176e+08,1,8.88811e-15,10,1023,0,1.05176e+08,0.528882,1.08665,0.389689,0.145397,0.379329,3.24381,0.161596,0.446195,1.77396,0.159177,1.15e+07,4.49998e+06,6.79999e+06,1.15e+07,4.49997e+06,6.79999e+06,1.15e+07,4.49996e+06,6.79999e+06,1.15e+07,4.49995e+06,6.79999e+06,1.14999e+07,4.49993e+06,6.79999e+06,1.14999e+07,4.49991e+06,6.79999e+06,1.14999e+07,4.49989e+06,6.79999e+06,1.14999e+07,4.49986e+06,6.79999e+06,1.14999e+07,4.49982e+06,6.79999e+06,1.14999e+07,4.49977e+06,6.79999e+06,1.14999e+07,4.49971e+06,6.79999e+06,1.14999e+07,4.49963e+06,6.79999e+06,1.14998e+07,4.49953e+06,6.79999e+06,1.14998e+07,4.49941e+06,6.79999e+06,1.14998e+07,4.49926e+06,6.79999e+06,1.14998e+07,4.49906e+06,6.79999e+06,1.14997e+07,4.49882e+06,6.79999e+06,1.14997e+07,4.49851e+06,6.79999e+06,1.14997e+07,4.49812e+06,6.79999e+06,1.14996e+07,4.49764e+06,6.79999e+06,1.14996e+07,4.49702e+06,6.79999e+06,1.14995e+07,4.49625e+06,6.79999e+06,1.14995e+07,4.49528e+06,6.79999e+06,1.14994e+07,4.49406e+06,6.79999e+06,1.14993e+07,4.49253e+06,6.79999e+06,1.14992e+07,4.49059e+06,6.79999e+06,1.14991e+07,4.48817e+06,6.79999e+06,1.1499e+07,4.48511e+06,6.79999e+06,1.14988e+07,4.48128e+06,6.79999e+06,1.14987e+07,4.47646e+06,6.79999e+06,1.14985e+07,4.47041e+06,6.79999e+06,1.14983e+07,4.46281e+06,6.79999e+06,1.14981e+07,4.4533e+06,6.79999e+06,1.14979e+07,4.44138e+06,6.79999e+06,1.14976e+07,4.42649e+06,6.79999e+06,1.14972e+07,4.40789e+06,6.79999e+06,1.14969e+07,4.38471e+06,6.79999e+06,1.14965e+07,4.35592e+06,6.79999e+06,1.1496e+07,4.32027e+06,6.79999e+06,1.14955e+07,4.27629e+06,6.79999e+06,1.14949e+07,4.22231e+06,6.79999e+06,1.14942e+07,4.15647e+06,6.79999e+06,1.14934e+07,4.07676e+06,6.79999e+06,1.14926e+07,3.98112e+06,6.79999e+06,1.14916e+07,3.86765e+06,6.79999e+06,1.14905e+07,3.73474e+06,6.79999e+06,1.14892e+07,3.58148e+06,6.79999e+06,1.14878e+07,3.40785e+06,6.79999e+06,1.14862e+07,3.21513e+06,6.79999e+06,1.14844e+07,3.00605e+06,6.79999e+06,1.14823e+07,2.7848e+06,6.79999e+06,1.148e+07,2.5568e+06,6.79999e+06,1.14773e+07,2.32825e+06,6.79999e+06,13.5742,8.52444,0.508366,16.8306,13.2585,0.162638,20.0035,17.569,0.0507846,23.2616,22.4214,0.0158319,26.7328,28.3297,0.00493498,30.5212,35.6974,0.00153831,34.7178,44.9473,0.000479527,39.4086,56.5822,0.000149456,44.6796,71.2245,4.66214e-05,50.6209,89.6543,1.45419e-05,57.3297,112.852,4.54748e-06,64.9129,142.051,1.43857e-06,73.4897,178.803,4.36618e-07,83.1934,225.062,1.40153e-07,94.1745,283.286,4.96378e-08,106.602,356.568,1.05434e-07,120.669,448.799,-6.49244e-08,136.59,564.873,1.70148e-07,154.611,710.948,-5.34594e-08,175.008,894.767,1.63407e-07,198.097,1126.06,8.04804e-08,224.231,1417.07,1.14667e-07,253.813,1783.15,-1.71227e-07,287.297,2243.62,-2.88466e-07,325.198,2822.67,-4.33651e-07,368.098,3550.67,7.9318e-08,416.657,4465.65,3.13319e-07,471.621,5615.16,3.4613e-07,533.835,7058.61,-1.19199e-07,604.255,8870.02,-2.79964e-07,683.962,11141.4,-2.30521e-07,774.182,13986.7,-2.55099e-07,876.299,17546.4,1.23585e-07,991.883,21993.1,1.41192e-07,1122.71,27536.7,-9.71886e-08,1270.78,34430.7,-3.68368e-07,1438.38,42977.7,-3.45379e-07,1628.07,53532.7,-3.25328e-09,1842.77,66504.6,2.6362e-07,2085.77,82350.2,2.53445e-07,2360.79,101560,-2.47407e-08,2672.05,124632,-3.80602e-07,3024.31,152018,-4.79005e-07,3422.98,184060,-1.14379e-07,3874.15,220884,2.64297e-07,4384.72,262283,3.44131e-07,4962.49,307576,7.5349e-08,5616.29,355497,-3.63097e-07,6356.1,404126,-6.05442e-07,7193.18,450932,-2.72333e-07,8140.28,492963,2.29675e-07,9211.79,527178,4.3387e-07,10424,550893,-1.0711e-07,10.102,8.06553,2.81012,10.6436,8.57909,0.869423,11.5336,10.2515,0.270869,12.7211,12.7138,0.0844293,14.1823,15.9373,0.0263173,15.9122,20.0383,0.0082035,17.9198,25.2154,0.00255722,20.2244,31.7373,0.000797017,22.8539,39.9486,0.000248622,25.8438,50.2851,7.75492e-05,29.237,63.2963,2.42508e-05,33.0837,79.6738,7.67162e-06,37.4415,100.288,2.32837e-06,42.3767,126.236,7.33e-07,47.9646,158.896,2.79256e-07,54.2906,200.003,9.87351e-09,61.452,251.741,1.61085e-07,69.5585,316.859,-2.47141e-07,78.7347,398.812,8.93552e-08,89.1218,501.948,-2.53231e-07,100.879,631.736,-1.25047e-07,114.188,795.049,-1.78808e-07,129.252,1000.53,2.6733e-07,146.304,1259.03,4.50292e-07,165.605,1584.19,6.76904e-07,187.452,1993.12,-1.23808e-07,212.181,2507.27,-4.89068e-07,240.173,3153.54,-5.40284e-07,271.856,3965.56,1.86061e-07,307.719,4985.38,4.37004e-07,348.313,6265.4,3.59828e-07,394.26,7870.83,3.98192e-07,446.268,9882.51,-1.92908e-07,505.135,12400.3,-2.20392e-07,571.766,15546.9,1.51705e-07,647.184,19472.2,5.74996e-07,732.547,24357.4,5.39112e-07,829.167,30420,5.07815e-09,938.526,37916.3,-4.11492e-07,1062.3,47143.9,-3.9561e-07,1202.4,58439.2,3.86185e-08,1360.96,72169.3,5.94093e-07,1540.42,88715.8,7.47693e-07,1743.53,108445,1.78537e-07,1973.41,131665,-4.12549e-07,2233.57,158557,-5.37164e-07,2528,189103,-1.17615e-07,2861.2,222986,5.66769e-07,3238.27,259510,9.45053e-07,3664.97,297540,4.25093e-07,4147.81,335497,-3.58506e-07,4694.17,371444,-6.7724e-07,5312.37,403256,1.67192e-07,1.61744,3.89446,9.84394,3.28846,7.5504,12.774,5.07607,11.7187,13.6844,7.03202,16.8147,13.9681,9.20215,23.1769,14.0566,11.6301,31.1672,14.0841,14.3598,41.2186,14.0927,17.4376,53.8688,14.0954,20.9137,69.7915,14.0962,24.8432,89.8341,14.0965,29.2879,115.063,14.0966,34.3168,146.819,14.0966,40.0078,186.792,14.0966,46.4487,237.107,14.0966,53.7388,300.44,14.0966,61.9903,380.158,14.0966,71.3301,480.499,14.0966,81.902,606.796,14.0966,93.8685,765.761,14.0966,107.414,965.837,14.0966,122.746,1217.65,14.0966,140.101,1534.57,14.0966,159.745,1933.41,14.0966,181.981,2435.3,14.0966,207.15,3066.85,14.0966,235.64,3861.46,14.0966,267.889,4861.11,14.0966,304.391,6118.54,14.0966,345.709,7699.91,14.0966,392.478,9688.22,14.0966,445.417,12187.5,14.0966,505.339,15327.7,14.0966,573.165,19271.6,14.0966,649.938,24222,14.0966,736.839,30430.9,14.0966,835.202,38211.5,14.0966,946.539,47950.3,14.0966,1072.56,60122.8,14.0966,1215.21,75309.9,14.0966,1376.66,94216.2,14.0966,1559.41,117688,14.0966,1766.26,146729,14.0966,2000.39,182510,14.0966,2265.39,226372,14.0966,2565.33,279806,14.0966,2904.81,344416,14.0966,3289.05,421845,14.0966,3723.93,513667,14.0966,4216.13,621231,14.0966,4773.18,745478,14.0966,5403.64,886744,14.0966,6117.15,1.04457e+06,14.0966,6924.63,1.2176e+06,14.0966,11.7194,11.96,12.6541,13.9321,16.1295,13.6434,16.6097,21.9702,13.9553,19.7532,29.5285,14.0526,23.3844,39.1143,14.0829,27.5423,51.2054,14.0923,32.2796,66.434,14.0953,37.662,85.6061,14.0962,43.7675,109.74,14.0965,50.687,140.119,14.0966,58.5249,178.359,14.0966,67.4005,226.493,14.0966,77.4493,287.08,14.0966,88.8254,363.343,14.0966,101.703,459.336,14.0966,116.281,580.161,14.0966,132.782,732.241,14.0966,151.46,923.655,14.0966,172.603,1164.57,14.0966,196.535,1467.79,14.0966,223.625,1849.39,14.0966,254.288,2329.62,14.0966,288.997,2933.93,14.0966,328.285,3694.33,14.0966,372.755,4651.04,14.0966,423.092,5854.57,14.0966,480.07,7368.38,14.0966,544.564,9272.08,14.0966,617.566,11665.5,14.0966,700.197,14673.6,14.0966,793.729,18452.9,14.0966,899.599,23198.6,14.0966,1019.43,29154.1,14.0966,1155.07,36622.3,14.0966,1308.6,45977.9,14.0966,1482.39,57683.7,14.0966,1679.09,72307.8,14.0966,1901.73,90542.8,14.0966,2153.73,113226,14.0966,2438.97,141360,14.0966,2761.81,176127,14.0966,3127.22,218898,14.0966,3540.81,271226,14.0966,4008.92,334817,14.0966,4538.74,411470,14.0966,5138.38,502973,14.0966,5817.04,610948,14.0966,6585.12,736653,14.0966,7454.39,880741,14.0966,8438.15,1.04302e+06,14.0966,9551.45,1.22224e+06,14.0966,10811.3,1.41602e+06,14.0966,12237,1.62086e+06,14.0966,11.7194,11.96,12.6541,2.21263,4.16949,0.989383,2.67766,5.84076,0.311842,3.14343,7.55825,0.0972771,3.63127,9.58578,0.0303237,4.15787,12.0912,0.00945211,4.73731,15.2286,0.00294633,5.38238,19.1721,0.000918508,6.10553,24.134,0.000286163,6.91951,30.3791,8.92692e-05,7.83792,38.2397,2.78121e-05,8.87555,48.1338,8.65134e-06,10.0489,60.5876,2.7882e-06,11.3761,76.2629,8.29036e-07,12.8779,95.9927,2.4373e-07,14.5775,120.825,4.33068e-09,16.5012,152.08,1.75749e-07,18.6784,191.415,-1.86328e-07,21.1428,240.917,1.91829e-07,23.9322,303.213,-1.81475e-07,27.0895,381.602,7.0186e-08,30.6634,480.231,-2.86769e-08,34.7087,604.316,2.40784e-07,39.2876,760.401,9.87368e-08,44.4705,956.705,1.22263e-07,50.3371,1203.54,-4.31966e-07,56.9776,1513.81,-1.9705e-07,64.494,1903.69,-2.763e-08,73.0018,2393.4,3.9185e-07,82.6317,3008.13,1.35379e-07,93.5318,3779.25,-4.16351e-08,105.869,4745.7,2.06965e-08,119.834,5955.6,-3.18887e-07,135.641,7468.12,-1.48271e-08,153.531,9355.62,2.00739e-07,173.781,11705.8,2.28358e-07,196.701,14624.1,-1.93587e-08,222.642,18235,-2.88101e-07,252.003,22683.4,-2.24732e-07,285.234,28134,8.56806e-09,322.845,34767,2.34258e-07,365.413,42770.9,2.99668e-07,413.588,52327.9,8.28644e-08,468.111,63591.2,-3.07049e-07,529.814,76653.2,-3.1888e-07,599.642,91502.5,-6.72276e-08,678.662,107975,2.26339e-07,768.083,125705,3.69212e-07,869.267,144088,2.04077e-07,983.76,162277,-2.80509e-07,1113.3,179223,-4.22737e-07,1259.87,193777,-1.71951e-07,1425.68,204839,4.55555e-07,11.7194,11.96,12.6541,2.21263,4.16949,0.989383,2.67766,5.84076,0.311842,3.14343,7.55825,0.0972771,3.63127,9.58578,0.0303237,4.15787,12.0912,0.00945211,4.73731,15.2286,0.00294633,5.38238,19.1721,0.000918508,6.10553,24.134,0.000286163,6.91951,30.3791,8.92692e-05,7.83792,38.2397,2.78121e-05,8.87555,48.1338,8.65134e-06,10.0489,60.5876,2.7882e-06,11.3761,76.2629,8.29036e-07,12.8779,95.9927,2.4373e-07,14.5775,120.825,1e-08,16.5012,152.08,1.75749e-07,18.6784,191.415,1e-08,21.1428,240.917,1.91829e-07,23.9322,303.213,1e-08,27.0895,381.602,7.0186e-08,30.6634,480.231,1e-08,34.7087,604.316,2.40784e-07,39.2876,760.401,9.87368e-08,44.4705,956.705,1.22263e-07,50.3371,1203.54,1e-08,56.9776,1513.81,1e-08,64.494,1903.69,1e-08,73.0018,2393.4,3.9185e-07,82.6317,3008.13,1.35379e-07,93.5318,3779.25,1e-08,105.869,4745.7,2.06965e-08,119.834,5955.6,1e-08,135.641,7468.12,1e-08,153.531,9355.62,2.00739e-07,173.781,11705.8,2.28358e-07,196.701,14624.1,1e-08,222.642,18235,1e-08,252.003,22683.4,1e-08,285.234,28134,1e-08,322.845,34767,2.34258e-07,365.413,42770.9,2.99668e-07,413.588,52327.9,8.28644e-08,468.111,63591.2,1e-08,529.814,76653.2,1e-08,599.642,91502.5,1e-08,678.662,107975,2.26339e-07,768.083,125705,3.69212e-07,869.267,144088,2.04077e-07,983.76,162277,1e-08,1113.3,179223,1e-08,1259.87,193777,1e-08,1425.68,204839,4.55555e-07,6.2823,3.27286,2.43537,0.219672,6.18826,2.24117,0.56371,6.87772,2.63624,0.308279,7,12,10,2,1,2,4,9,1,2,7,0,0,9,0,2,5,0,4,4,0,6,16,0,4,12,0,3,28,0,4,73,0,3,44,0,21,59,0,12,61,0,21,139,0,6,148,0,12,230,0,8,184,0,11,249,0,29,231,0,43,357,0,73,209,0,9,692,0,35,541,0,59,1468,0,33,1077,0,53,1622,0,58,2097,0,66,1250,0,12,2844,0,83,2660,0,164,4190,0,37,2808,0,125,4840,0,82,11374,0,180,12601,0,261,14321,0,361,29671,0,224,12015,0,331,20337,0,183,26078,0,518,55457,0,261,92782,0,315,59673,0,299,42629,0,469,44958,0,548,39091,0,1321,103288,0,1135,108607,0,1116,179820,0,1765,161903,0,1141,200484,0,648,450627,0
-1.05176e+08,1,8.88811e-15,10,1023,0,1.05176e+08,0.528882,1.08665,0.389689,0.145397,0.379329,3.24381,0.161596,0.446195,1.77396,0.159177,1.15e+07,4.49998e+06,6.79999e+06,1.15e+07,4.49997e+06,6.79999e+06,1.15e+07,4.49996e+06,6.79999e+06,1.15e+07,4.49995e+06,6.79999e+06,1.14999e+07,4.49993e+06,6.79999e+06,1.14999e+07,4.49991e+06,6.79999e+06,1.14999e+07,4.49989e+06,6.79999e+06,1.14999e+07,4.49986e+06,6.79999e+06,1.14999e+07,4.49982e+06,6.79999e+06,1.14999e+07,4.49977e+06,6.79999e+06,1.14999e+07,4.49971e+06,6.79999e+06,1.14999e+07,4.49963e+06,6.79999e+06,1.14998e+07,4.49953e+06,6.79999e+06,1.14998e+07,4.49941e+06,6.79999e+06,1.14998e+07,4.49926e+06,6.79999e+06,1.14998e+07,4.49906e+06,6.79999e+06,1.14997e+07,4.49882e+06,6.79999e+06,1.14997e+07,4.49851e+06,6.79999e+06,1.14997e+07,4.49812e+06,6.79999e+06,1.14996e+07,4.49764e+06,6.79999e+06,1.14996e+07,4.49702e+06,6.79999e+06,1.14995e+07,4.49625e+06,6.79999e+06,1.14995e+07,4.49528e+06,6.79999e+06,1.14994e+07,4.49406e+06,6.79999e+06,1.14993e+07,4.49253e+06,6.79999e+06,1.14992e+07,4.49059e+06,6.79999e+06,1.14991e+07,4.48817e+06,6.79999e+06,1.1499e+07,4.48511e+06,6.79999e+06,1.14988e+07,4.48128e+06,6.79999e+06,1.14987e+07,4.47646e+06,6.79999e+06,1.14985e+07,4.47041e+06,6.79999e+06,1.14983e+07,4.46281e+06,6.79999e+06,1.14981e+07,4.4533e+06,6.79999e+06,1.14979e+07,4.44138e+06,6.79999e+06,1.14976e+07,4.42649e+06,6.79999e+06,1.14972e+07,4.40789e+06,6.79999e+06,1.14969e+07,4.38471e+06,6.79999e+06,1.14965e+07,4.35592e+06,6.79999e+06,1.1496e+07,4.32027e+06,6.79999e+06,1.14955e+07,4.27629e+06,6.79999e+06,1.14949e+07,4.22231e+06,6.79999e+06,1.14942e+07,4.15647e+06,6.79999e+06,1.14934e+07,4.07676e+06,6.79999e+06,1.14926e+07,3.98112e+06,6.79999e+06,1.14916e+07,3.86765e+06,6.79999e+06,1.14905e+07,3.73474e+06,6.79999e+06,1.14892e+07,3.58148e+06,6.79999e+06,1.14878e+07,3.40785e+06,6.79999e+06,1.14862e+07,3.21513e+06,6.79999e+06,1.14844e+07,3.00605e+06,6.79999e+06,1.14823e+07,2.7848e+06,6.79999e+06,1.148e+07,2.5568e+06,6.79999e+06,1.14773e+07,2.32825e+06,6.79999e+06,13.5742,8.52444,0.508366,16.8306,13.2585,0.162638,20.0035,17.569,0.0507846,23.2616,22.4214,0.0158319,26.7328,28.3297,0.00493498,30.5212,35.6974,0.00153831,34.7178,44.9473,0.000479527,39.4086,56.5822,0.000149456,44.6796,71.2245,4.66214e-05,50.6209,89.6543,1.45419e-05,57.3297,112.852,4.54748e-06,64.9129,142.051,1.43857e-06,73.4897,178.803,4.36618e-07,83.1934,225.062,1.40153e-07,94.1745,283.286,4.96378e-08,106.602,356.568,1.05434e-07,120.669,448.799,-6.49244e-08,136.59,564.873,1.70148e-07,154.611,710.948,-5.34594e-08,175.008,894.767,1.63407e-07,198.097,1126.06,8.04804e-08,224.231,1417.07,1.14667e-07,253.813,1783.15,-1.71227e-07,287.297,2243.62,-2.88466e-07,325.198,2822.67,-4.33651e-07,368.098,3550.67,7.9318e-08,416.657,4465.65,3.13319e-07,471.621,5615.16,3.4613e-07,533.835,7058.61,-1.19199e-07,604.255,8870.02,-2.79964e-07,683.962,11141.4,-2.30521e-07,774.182,13986.7,-2.55099e-07,876.299,17546.4,1.23585e-07,991.883,21993.1,1.41192e-07,1122.71,27536.7,-9.71886e-08,1270.78,34430.7,-3.68368e-07,1438.38,42977.7,-3.45379e-07,1628.07,53532.7,-3.25328e-09,1842.77,66504.6,2.6362e-07,2085.77,82350.2,2.53445e-07,2360.79,101560,-2.47407e-08,2672.05,124632,-3.80602e-07,3024.31,152018,-4.79005e-07,3422.98,184060,-1.14379e-07,3874.15,220884,2.64297e-07,4384.72,262283,3.44131e-07,4962.49,307576,7.5349e-08,5616.29,355497,-3.63097e-07,6356.1,404126,-6.05442e-07,7193.18,450932,-2.72333e-07,8140.28,492963,2.29675e-07,9211.79,527178,4.3387e-07,10424,550893,-1.0711e-07,10.102,8.06553,2.81012,10.6436,8.57909,0.869423,11.5336,10.2515,0.270869,12.7211,12.7138,0.0844293,14.1823,15.9373,0.0263173,15.9122,20.0383,0.0082035,17.9198,25.2154,0.00255722,20.2244,31.7373,0.000797017,22.8539,39.9486,0.000248622,25.8438,50.2851,7.75492e-05,29.237,63.2963,2.42508e-05,33.0837,79.6738,7.67162e-06,37.4415,100.288,2.32837e-06,42.3767,126.236,7.33e-07,47.9646,158.896,2.79256e-07,54.2906,200.003,9.87351e-09,61.452,251.741,1.61085e-07,69.5585,316.859,-2.47141e-07,78.7347,398.812,8.93552e-08,89.1218,501.948,-2.53231e-07,100.879,631.736,-1.25047e-07,114.188,795.049,-1.78808e-07,129.252,1000.53,2.6733e-07,146.304,1259.03,4.50292e-07,165.605,1584.19,6.76904e-07,187.452,1993.12,-1.23808e-07,212.181,2507.27,-4.89068e-07,240.173,3153.54,-5.40284e-07,271.856,3965.56,1.86061e-07,307.719,4985.38,4.37004e-07,348.313,6265.4,3.59828e-07,394.26,7870.83,3.98192e-07,446.268,9882.51,-1.92908e-07,505.135,12400.3,-2.20392e-07,571.766,15546.9,1.51705e-07,647.184,19472.2,5.74996e-07,732.547,24357.4,5.39112e-07,829.167,30420,5.07815e-09,938.526,37916.3,-4.11492e-07,1062.3,47143.9,-3.9561e-07,1202.4,58439.2,3.86185e-08,1360.96,72169.3,5.94093e-07,1540.42,88715.8,7.47693e-07,1743.53,108445,1.78537e-07,1973.41,131665,-4.12549e-07,2233.57,158557,-5.37164e-07,2528,189103,-1.17615e-07,2861.2,222986,5.66769e-07,3238.27,259510,9.45053e-07,3664.97,297540,4.25093e-07,4147.81,335497,-3.58506e-07,4694.17,371444,-6.7724e-07,5312.37,403256,1.67192e-07,1.61744,3.89446,9.84394,3.28846,7.5504,12.774,5.07607,11.7187,13.6844,7.03202,16.8147,13.9681,9.20215,23.1769,14.0566,11.6301,31.1672,14.0841,14.3598,41.2186,14.0927,17.4376,53.8688,14.0954,20.9137,69.7915,14.0962,24.8432,89.8341,14.0965,29.2879,115.063,14.0966,34.3168,146.819,14.0966,40.0078,186.792,14.0966,46.4487,237.107,14.0966,53.7388,300.44,14.0966,61.9903,380.158,14.0966,71.3301,480.499,14.0966,81.902,606.796,14.0966,93.8685,765.761,14.0966,107.414,965.837,14.0966,122.746,1217.65,14.0966,140.101,1534.57,14.0966,159.745,1933.41,14.0966,181.981,2435.3,14.0966,207.15,3066.85,14.0966,235.64,3861.46,14.0966,267.889,4861.11,14.0966,304.391,6118.54,14.0966,345.709,7699.91,14.0966,392.478,9688.22,14.0966,445.417,12187.5,14.0966,505.339,15327.7,14.0966,573.165,19271.6,14.0966,649.938,24222,14.0966,736.839,30430.9,14.0966,835.202,38211.5,14.0966,946.539,47950.3,14.0966,1072.56,60122.8,14.0966,1215.21,75309.9,14.0966,1376.66,94216.2,14.0966,1559.41,117688,14.0966,1766.26,146729,14.0966,2000.39,182510,14.0966,2265.39,226372,14.0966,2565.33,279806,14.0966,2904.81,344416,14.0966,3289.05,421845,14.0966,3723.93,513667,14.0966,4216.13,621231,14.0966,4773.18,745478,14.0966,5403.64,886744,14.0966,6117.15,1.04457e+06,14.0966,6924.63,1.2176e+06,14.0966,11.7194,11.96,12.6541,13.9321,16.1295,13.6434,16.6097,21.9702,13.9553,19.7532,29.5285,14.0526,23.3844,39.1143,14.0829,27.5423,51.2054,14.0923,32.2796,66.434,14.0953,37.662,85.6061,14.0962,43.7675,109.74,14.0965,50.687,140.119,14.0966,58.5249,178.359,14.0966,67.4005,226.493,14.0966,77.4493,287.08,14.0966,88.8254,363.343,14.0966,101.703,459.336,14.0966,116.281,580.161,14.0966,132.782,732.241,14.0966,151.46,923.655,14.0966,172.603,1164.57,14.0966,196.535,1467.79,14.0966,223.625,1849.39,14.0966,254.288,2329.62,14.0966,288.997,2933.93,14.0966,328.285,3694.33,14.0966,372.755,4651.04,14.0966,423.092,5854.57,14.0966,480.07,7368.38,14.0966,544.564,9272.08,14.0966,617.566,11665.5,14.0966,700.197,14673.6,14.0966,793.729,18452.9,14.0966,899.599,23198.6,14.0966,1019.43,29154.1,14.0966,1155.07,36622.3,14.0966,1308.6,45977.9,14.0966,1482.39,57683.7,14.0966,1679.09,72307.8,14.0966,1901.73,90542.8,14.0966,2153.73,113226,14.0966,2438.97,141360,14.0966,2761.81,176127,14.0966,3127.22,218898,14.0966,3540.81,271226,14.0966,4008.92,334817,14.0966,4538.74,411470,14.0966,5138.38,502973,14.0966,5817.04,610948,14.0966,6585.12,736653,14.0966,7454.39,880741,14.0966,8438.15,1.04302e+06,14.0966,9551.45,1.22224e+06,14.0966,10811.3,1.41602e+06,14.0966,12237,1.62086e+06,14.0966,11.7194,11.96,12.6541,2.21263,4.16949,0.989383,2.67766,5.84076,0.311842,3.14343,7.55825,0.0972771,3.63127,9.58578,0.0303237,4.15787,12.0912,0.00945211,4.73731,15.2286,0.00294633,5.38238,19.1721,0.000918508,6.10553,24.134,0.000286163,6.91951,30.3791,8.92692e-05,7.83792,38.2397,2.78121e-05,8.87555,48.1338,8.65134e-06,10.0489,60.5876,2.7882e-06,11.3761,76.2629,8.29036e-07,12.8779,95.9927,2.4373e-07,14.5775,120.825,4.33068e-09,16.5012,152.08,1.75749e-07,18.6784,191.415,-1.86328e-07,21.1428,240.917,1.91829e-07,23.9322,303.213,-1.81475e-07,27.0895,381.602,7.0186e-08,30.6634,480.231,-2.86769e-08,34.7087,604.316,2.40784e-07,39.2876,760.401,9.87368e-08,44.4705,956.705,1.22263e-07,50.3371,1203.54,-4.31966e-07,56.9776,1513.81,-1.9705e-07,64.494,1903.69,-2.763e-08,73.0018,2393.4,3.9185e-07,82.6317,3008.13,1.35379e-07,93.5318,3779.25,-4.16351e-08,105.869,4745.7,2.06965e-08,119.834,5955.6,-3.18887e-07,135.641,7468.12,-1.48271e-08,153.531,9355.62,2.00739e-07,173.781,11705.8,2.28358e-07,196.701,14624.1,-1.93587e-08,222.642,18235,-2.88101e-07,252.003,22683.4,-2.24732e-07,285.234,28134,8.56806e-09,322.845,34767,2.34258e-07,365.413,42770.9,2.99668e-07,413.588,52327.9,8.28644e-08,468.111,63591.2,-3.07049e-07,529.814,76653.2,-3.1888e-07,599.642,91502.5,-6.72276e-08,678.662,107975,2.26339e-07,768.083,125705,3.69212e-07,869.267,144088,2.04077e-07,983.76,162277,-2.80509e-07,1113.3,179223,-4.22737e-07,1259.87,193777,-1.71951e-07,1425.68,204839,4.55555e-07,11.7194,11.96,12.6541,2.21263,4.16949,0.989383,2.67766,5.84076,0.311842,3.14343,7.55825,0.0972771,3.63127,9.58578,0.0303237,4.15787,12.0912,0.00945211,4.73731,15.2286,0.00294633,5.38238,19.1721,0.000918508,6.10553,24.134,0.000286163,6.91951,30.3791,8.92692e-05,7.83792,38.2397,2.78121e-05,8.87555,48.1338,8.65134e-06,10.0489,60.5876,2.7882e-06,11.3761,76.2629,8.29036e-07,12.8779,95.9927,2.4373e-07,14.5775,120.825,1e-08,16.5012,152.08,1.75749e-07,18.6784,191.415,1e-08,21.1428,240.917,1.91829e-07,23.9322,303.213,1e-08,27.0895,381.602,7.0186e-08,30.6634,480.231,1e-08,34.7087,604.316,2.40784e-07,39.2876,760.401,9.87368e-08,44.4705,956.705,1.22263e-07,50.3371,1203.54,1e-08,56.9776,1513.81,1e-08,64.494,1903.69,1e-08,73.0018,2393.4,3.9185e-07,82.6317,3008.13,1.35379e-07,93.5318,3779.25,1e-08,105.869,4745.7,2.06965e-08,119.834,5955.6,1e-08,135.641,7468.12,1e-08,153.531,9355.62,2.00739e-07,173.781,11705.8,2.28358e-07,196.701,14624.1,1e-08,222.642,18235,1e-08,252.003,22683.4,1e-08,285.234,28134,1e-08,322.845,34767,2.34258e-07,365.413,42770.9,2.99668e-07,413.588,52327.9,8.28644e-08,468.111,63591.2,1e-08,529.814,76653.2,1e-08,599.642,91502.5,1e-08,678.662,107975,2.26339e-07,768.083,125705,3.69212e-07,869.267,144088,2.04077e-07,983.76,162277,1e-08,1113.3,179223,1e-08,1259.87,193777,1e-08,1425.68,204839,4.55555e-07,6.2823,3.27286,2.43537,0.219672,6.18826,2.24117,0.56371,6.87772,2.63624,0.308279,22,21,9,0,4,1,3,8,0,2,12,0,4,17,0,4,6,0,7,7,0,6,14,0,3,18,0,15,35,0,2,45,0,10,26,0,9,81,0,14,66,0,5,164,0,14,116,0,28,125,0,8,129,0,37,183,0,15,453,0,19,740,0,53,371,0,64,390,0,37,1107,0,24,882,0,107,1188,0,43,1702,0,47,660,0,41,2350,0,38,3851,0,90,4198,0,98,4045,0,88,2851,0,54,9293,0,198,12992,0,222,8876,0,198,18383,0,164,20894,0,214,36983,0,264,42721,0,243,32663,0,371,58708,0,786,45716,0,395,123773,0,448,106373,0,487,87475,0,396,246100,0,911,77761,0,358,161349,0,1332,185706,0,930,278202,0,1733,98830,0,1029,97223,0
-1.05176e+08,1,8.88811e-15,10,1023,0,1.05176e+08,0.528882,1.08665,0.389689,0.145397,0.379329,3.24381,0.161596,0.446195,1.77396,0.159177,1.15e+07,4.49998e+06,6.79999e+06,1.15e+07,4.49997e+06,6.79999e+06,1.15e+07,4.49996e+06,6.79999e+06,1.15e+07,4.49995e+06,6.79999e+06,1.14999e+07,4.49993e+06,6.79999e+06,1.14999e+07,4.49991e+06,6.79999e+06,1.14999e+07,4.49989e+06,6.79999e+06,1.14999e+07,4.49986e+06,6.79999e+06,1.14999e+07,4.49982e+06,6.79999e+06,1.14999e+07,4.49977e+06,6.79999e+06,1.14999e+07,4.49971e+06,6.79999e+06,1.14999e+07,4.49963e+06,6.79999e+06,1.14998e+07,4.49953e+06,6.79999e+06,1.14998e+07,4.49941e+06,6.79999e+06,1.14998e+07,4.49926e+06,6.79999e+06,1.14998e+07,4.49906e+06,6.79999e+06,1.14997e+07,4.49882e+06,6.79999e+06,1.14997e+07,4.49851e+06,6.79999e+06,1.14997e+07,4.49812e+06,6.79999e+06,1.14996e+07,4.49764e+06,6.79999e+06,1.14996e+07,4.49702e+06,6.79999e+06,1.14995e+07,4.49625e+06,6.79999e+06,1.14995e+07,4.49528e+06,6.79999e+06,1.14994e+07,4.49406e+06,6.79999e+06,1.14993e+07,4.49253e+06,6.79999e+06,1.14992e+07,4.49059e+06,6.79999e+06,1.14991e+07,4.48817e+06,6.79999e+06,1.1499e+07,4.48511e+06,6.79999e+06,1.14988e+07,4.48128e+06,6.79999e+06,1.14987e+07,4.47646e+06,6.79999e+06,1.14985e+07,4.47041e+06,6.79999e+06,1.14983e+07,4.46281e+06,6.79999e+06,1.14981e+07,4.4533e+06,6.79999e+06,1.14979e+07,4.44138e+06,6.79999e+06,1.14976e+07,4.42649e+06,6.79999e+06,1.14972e+07,4.40789e+06,6.79999e+06,1.14969e+07,4.38471e+06,6.79999e+06,1.14965e+07,4.35592e+06,6.79999e+06,1.1496e+07,4.32027e+06,6.79999e+06,1.14955e+07,4.27629e+06,6.79999e+06,1.14949e+07,4.22231e+06,6.79999e+06,1.14942e+07,4.15647e+06,6.79999e+06,1.14934e+07,4.07676e+06,6.79999e+06,1.14926e+07,3.98112e+06,6.79999e+06,1.14916e+07,3.86765e+06,6.79999e+06,1.14905e+07,3.73474e+06,6.79999e+06,1.14892e+07,3.58148e+06,6.79999e+06,1.14878e+07,3.40785e+06,6.79999e+06,1.14862e+07,3.21513e+06,6.79999e+06,1.14844e+07,3.00605e+06,6.79999e+06,1.14823e+07,2.7848e+06,6.79999e+06,1.148e+07,2.5568e+06,6.79999e+06,1.14773e+07,2.32825e+06,6.79999e+06,13.5742,8.52444,0.508366,16.8306,13.2585,0.162638,20.0035,17.569,0.0507846,23.2616,22.4214,0.0158319,26.7328,28.3297,0.00493498,30.5212,35.6974,0.00153831,34.7178,44.9473,0.000479527,39.4086,56.5822,0.000149456,44.6796,71.2245,4.66214e-05,50.6209,89.6543,1.45419e-05,57.3297,112.852,4.54748e-06,64.9129,142.051,1.43857e-06,73.4897,178.803,4.36618e-07,83.1934,225.062,1.40153e-07,94.1745,283.286,4.96378e-08,106.602,356.568,1.05434e-07,120.669,448.799,-6.49244e-08,136.59,564.873,1.70148e-07,154.611,710.948,-5.34594e-08,175.008,894.767,1.63407e-07,198.097,1126.06,8.04804e-08,224.231,1417.07,1.14667e-07,253.813,1783.15,-1.71227e-07,287.297,2243.62,-2.88466e-07,325.198,2822.67,-4.33651e-07,368.098,3550.67,7.9318e-08,416.657,4465.65,3.13319e-07,471.621,5615.16,3.4613e-07,533.835,7058.61,-1.19199e-07,604.255,8870.02,-2.79964e-07,683.962,11141.4,-2.30521e-07,774.182,13986.7,-2.55099e-07,876.299,17546.4,1.23585e-07,991.883,21993.1,1.41192e-07,1122.71,27536.7,-9.71886e-08,1270.78,34430.7,-3.68368e-07,1438.38,42977.7,-3.45379e-07,1628.07,53532.7,-3.25328e-09,1842.77,66504.6,2.6362e-07,2085.77,82350.2,2.53445e-07,2360.79,101560,-2.47407e-08,2672.05,124632,-3.80602e-07,3024.31,152018,-4.79005e-07,3422.98,184060,-1.14379e-07,3874.15,220884,2.64297e-07,4384.72,262283,3.44131e-07,4962.49,307576,7.5349e-08,5616.29,355497,-3.63097e-07,6356.1,404126,-6.05442e-07,7193.18,450932,-2.72333e-07,8140.28,492963,2.29675e-07,9211.79,527178,4.3387e-07,10424,550893,-1.0711e-07,10.102,8.06553,2.81012,10.6436,8.57909,0.869423,11.5336,10.2515,0.270869,12.7211,12.7138,0.0844293,14.1823,15.9373,0.0263173,15.9122,20.0383,0.0082035,17.9198,25.2154,0.00255722,20.2244,31.7373,0.000797017,22.8539,39.9486,0.000248622,25.8438,50.2851,7.75492e-05,29.237,63.2963,2.42508e-05,33.0837,79.6738,7.67162e-06,37.4415,100.288,2.32837e-06,42.3767,126.236,7.33e-07,47.9646,158.896,2.79256e-07,54.2906,200.003,9.87351e-09,61.452,251.741,1.61085e-07,69.5585,316.859,-2.47141e-07,78.7347,398.812,8.93552e-08,89.1218,501.948,-2.53231e-07,100.879,631.736,-1.25047e-07,114.188,795.049,-1.78808e-07,129.252,1000.53,2.6733e-07,146.304,1259.03,4.50292e-07,165.605,1584.19,6.76904e-07,187.452,1993.12,-1.23808e-07,212.181,2507.27,-4.89068e-07,240.173,3153.54,-5.40284e-07,271.856,3965.56,1.86061e-07,307.719,4985.38,4.37004e-07,348.313,6265.4,3.59828e-07,394.26,7870.83,3.98192e-07,446.268,9882.51,-1.92908e-07,505.135,12400.3,-2.20392e-07,571.766,15546.9,1.51705e-07,647.184,19472.2,5.74996e-07,732.547,24357.4,5.39112e-07,829.167,30420,5.07815e-09,938.526,37916.3,-4.11492e-07,1062.3,47143.9,-3.9561e-07,1202.4,58439.2,3.86185e-08,1360.96,72169.3,5.94093e-07,1540.42,88715.8,7.47693e-07,1743.53,108445,1.78537e-07,1973.41,131665,-4.12549e-07,2233.57,158557,-5.37164e-07,2528,189103,-1.17615e-07,2861.2,222986,5.66769e-07,3238.27,259510,9.45053e-07,3664.97,297540,4.25093e-07,4147.81,335497,-3.58506e-07,4694.17,371444,-6.7724e-07,5312.37,403256,1.67192e-07,1.61744,3.89446,9.84394,3.28846,7.5504,12.774,5.07607,11.7187,13.6844,7.03202,16.8147,13.9681,9.20215,23.1769,14.0566,11.6301,31.1672,14.0841,14.3598,41.2186,14.0927,17.4376,53.8688,14.0954,20.9137,69.7915,14.0962,24.8432,89.8341,14.0965,29.2879,115.063,14.0966,34.3168,146.819,14.0966,40.0078,186.792,14.0966,46.4487,237.107,14.0966,53.7388,300.44,14.0966,61.9903,380.158,14.0966,71.3301,480.499,14.0966,81.902,606.796,14.0966,93.8685,765.761,14.0966,107.414,965.837,14.0966,122.746,1217.65,14.0966,140.101,1534.57,14.0966,159.745,1933.41,14.0966,181.981,2435.3,14.0966,207.15,3066.85,14.0966,235.64,3861.46,14.0966,267.889,4861.11,14.0966,304.391,6118.54,14.0966,345.709,7699.91,14.0966,392.478,9688.22,14.0966,445.417,12187.5,14.0966,505.339,15327.7,14.0966,573.165,19271.6,14.0966,649.938,24222,14.0966,736.839,30430.9,14.0966,835.202,38211.5,14.0966,946.539,47950.3,14.0966,1072.56,60122.8,14.0966,1215.21,75309.9,14.0966,1376.66,94216.2,14.0966,1559.41,117688,14.0966,1766.26,146729,14.0966,2000.39,182510,14.0966,2265.39,226372,14.0966,2565.33,279806,14.0966,2904.81,344416,14.0966,3289.05,421845,14.0966,3723.93,513667,14.0966,4216.13,621231,14.0966,4773.18,745478,14.0966,5403.64,886744,14.0966,6117.15,1.04457e+06,14.0966,6924.63,1.2176e+06,14.0966,11.7194,11.96,12.6541,13.9321,16.1295,13.6434,16.6097,21.9702,13.9553,19.7532,29.5285,14.0526,23.3844,39.1143,14.0829,27.5423,51.2054,14.0923,32.2796,66.434,14.0953,37.662,85.6061,14.0962,43.7675,109.74,14.0965,50.687,140.119,14.0966,58.5249,178.359,14.0966,67.4005,226.493,14.0966,77.4493,287.08,14.0966,88.8254,363.343,14.0966,101.703,459.336,14.0966,116.281,580.161,14.0966,132.782,732.241,14.0966,151.46,923.655,14.0966,172.603,1164.57,14.0966,196.535,1467.79,14.0966,223.625,1849.39,14.0966,254.288,2329.62,14.0966,288.997,2933.93,14.0966,328.285,3694.33,14.0966,372.755,4651.04,14.0966,423.092,5854.57,14.0966,480.07,7368.38,14.0966,544.564,9272.08,14.0966,617.566,11665.5,14.0966,700.197,14673.6,14.0966,793.729,18452.9,14.0966,899.599,23198.6,14.0966,1019.43,29154.1,14.0966,1155.07,36622.3,14.0966,1308.6,45977.9,14.0966,1482.39,57683.7,14.0966,1679.09,72307.8,14.0966,1901.73,90542.8,14.0966,2153.73,113226,14.0966,2438.97,141360,14.0966,2761.81,176127,14.0966,3127.22,218898,14.0966,3540.81,271226,14.0966,4008.92,334817,14.0966,4538.74,411470,14.0966,5138.38,502973,14.0966,5817.04,610948,14.0966,6585.12,736653,14.0966,7454.39,880741,14.0966,8438.15,1.04302e+06,14.0966,9551.45,1.22224e+06,14.0966,10811.3,1.41602e+06,14.0966,12237,1.62086e+06,14.0966,11.7194,11.96,12.6541,2.21263,4.16949,0.989383,2.67766,5.84076,0.311842,3.14343,7.55825,0.0972771,3.63127,9.58578,0.0303237,4.15787,12.0912,0.00945211,4.73731,15.2286,0.00294633,5.38238,19.1721,0.000918508,6.10553,24.134,0.000286163,6.91951,30.3791,8.92692e-05,7.83792,38.2397,2.78121e-05,8.87555,48.1338,8.65134e-06,10.0489,60.5876,2.7882e-06,11.3761,76.2629,8.29036e-07,12.8779,95.9927,2.4373e-07,14.5775,120.825,4.33068e-09,16.5012,152.08,1.75749e-07,18.6784,191.415,-1.86328e-07,21.1428,240.917,1.91829e-07,23.9322,303.213,-1.81475e-07,27.0895,381.602,7.0186e-08,30.6634,480.231,-2.86769e-08,34.7087,604.316,2.40784e-07,39.2876,760.401,9.87368e-08,44.4705,956.705,1.22263e-07,50.3371,1203.54,-4.31966e-07,56.9776,1513.81,-1.9705e-07,64.494,1903.69,-2.763e-08,73.0018,2393.4,3.9185e-07,82.6317,3008.13,1.35379e-07,93.5318,3779.25,-4.16351e-08,105.869,4745.7,2.06965e-08,119.834,5955.6,-3.18887e-07,135.641,7468.12,-1.48271e-08,153.531,9355.62,2.00739e-07,173.781,11705.8,2.28358e-07,196.701,14624.1,-1.93587e-08,222.642,18235,-2.88101e-07,252.003,22683.4,-2.24732e-07,285.234,28134,8.56806e-09,322.845,34767,2.34258e-07,365.413,42770.9,2.99668e-07,413.588,52327.9,8.28644e-08,468.111,63591.2,-3.07049e-07,529.814,76653.2,-3.1888e-07,599.642,91502.5,-6.72276e-08,678.662,107975,2.26339e-07,768.083,125705,3.69212e-07,869.267,144088,2.04077e-07,983.76,162277,-2.80509e-07,1113.3,179223,-4.22737e-07,1259.87,193777,-1.71951e-07,1425.68,204839,4.55555e-07,11.7194,11.96,12.6541,2.21263,4.16949,0.989383,2.67766,5.84076,0.311842,3.14343,7.55825,0.0972771,3.63127,9.58578,0.0303237,4.15787,12.0912,0.00945211,4.73731,15.2286,0.00294633,5.38238,19.1721,0.000918508,6.10553,24.134,0.000286163,6.91951,30.3791,8.92692e-05,7.83792,38.2397,2.78121e-05,8.87555,48.1338,8.65134e-06,10.0489,60.5876,2.7882e-06,11.3761,76.2629,8.29036e-07,12.8779,95.9927,2.4373e-07,14.5775,120.825,1e-08,16.5012,152.08,1.75749e-07,18.6784,191.415,1e-08,21.1428,240.917,1.91829e-07,23.9322,303.213,1e-08,27.0895,381.602,7.0186e-08,30.6634,480.231,1e-08,34.7087,604.316,2.40784e-07,39.2876,760.401,9.87368e-08,44.4705,956.705,1.22263e-07,50.3371,1203.54,1e-08,56.9776,1513.81,1e-08,64.494,1903.69,1e-08,73.0018,2393.4,3.9185e-07,82.6317,3008.13,1.35379e-07,93.5318,3779.25,1e-08,105.869,4745.7,2.06965e-08,119.834,5955.6,1e-08,135.641,7468.12,1e-08,153.531,9355.62,2.00739e-07,173.781,11705.8,2.28358e-07,196.701,14624.1,1e-08,222.642,18235,1e-08,252.003,22683.4,1e-08,285.234,28134,1e-08,322.845,34767,2.34258e-07,365.413,42770.9,2.99668e-07,413.588,52327.9,8.28644e-08,468.111,63591.2,1e-08,529.814,76653.2,1e-08,599.642,91502.5,1e-08,678.662,107975,2.26339e-07,768.083,125705,3.69212e-07,869.267,144088,2.04077e-07,983.76,162277,1e-08,1113.3,179223,1e-08,1259.87,193777,1e-08,1425.68,204839,4.55555e-07,6.2823,3.27286,2.43537,0.219672,6.18826,2.24117,0.56371,6.87772,2.63624,0.308279,14,6,6,3,3,2,0,16,0,7,2,1,8,14,0,4,6,0,5,7,0,13,10,0,1,36,0,7,10,0,10,23,0,16,16,0,6,56,0,8,80,0,21,109,0,4,89,0,10,66,0,24,209,0,7,194,0,20,398,0,19,206,0,19,183,0,32,904,0,42,561,0,60,776,0,18,2200,0,37,1706,0,122,1831,0,68,3016,0,86,2231,0,126,5211,0,62,3945,0,87,6817,0,122,15653,0,107,3789,0,179,9184,0,193,6556,0,200,6116,0,353,15178,0,364,17417,0,226,20508,0,389,40376,0,353,56620,0,767,47253,0,624,28080,0,428,67092,0,566,85225,0,499,116495,0,547,108749,0,1053,157443,0,1272,244449,0,1335,223488,0,1608,398766,0
-1.05176e+08,1,8.88811e-15,10,1023,0,1.05176e+08,0.528882,1.08665,0.389689,0.145397,0.379329,3.24381,0.161596,0.446195,1.77396,0.159177,1.15e+07,4.49998e+06,6.79999e+06,1.15e+07,4.49997e+06,6.79999e+06,1.15e+07,4.49996e+06,6.79999e+06,1.15e+07,4.49995e+06,6.79999e+06,1.14999e+07,4.49993e+06,6.79999e+06,1.14999e+07,4.49991e+06,6.79999e+06,1.14999e+07,4.49989e+06,6.79999e+06,1.14999e+07,4.49986e+06,6.79999e+06,1.14999e+07,4.49982e+06,6.79999e+06,1.14999e+07,4.49977e+06,6.79999e+06,1.14999e+07,4.49971e+06,6.79999e+06,1.14999e+07,4.49963e+06,6.79999e+06,1.14998e+07,4.49953e+06,6.79999e+06,1.14998e+07,4.49941e+06,6.79999e+06,1.14998e+07,4.49926e+06,6.79999e+06,1.14998e+07,4.49906e+06,6.79999e+06,1.14997e+07,4.49882e+06,6.79999e+06,1.14997e+07,4.49851e+06,6.79999e+06,1.14997e+07,4.49812e+06,6.79999e+06,1.14996e+07,4.49764e+06,6.79999e+06,1.14996e+07,4.49702e+06,6.79999e+06,1.14995e+07,4.49625e+06,6.79999e+06,1.14995e+07,4.49528e+06,6.79999e+06,1.14994e+07,4.49406e+06,6.79999e+06,1.14993e+07,4.49253e+06,6.79999e+06,1.14992e+07,4.49059e+06,6.79999e+06,1.14991e+07,4.48817e+06,6.79999e+06,1.1499e+07,4.48511e+06,6.79999e+06,1.14988e+07,4.48128e+06,6.79999e+06,1.14987e+07,4.47646e+06,6.79999e+06,1.14985e+07,4.47041e+06,6.79999e+06,1.14983e+07,4.46281e+06,6.79999e+06,1.14981e+07,4.4533e+06,6.79999e+06,1.14979e+07,4.44138e+06,6.79999e+06,1.14976e+07,4.42649e+06,6.79999e+06,1.14972e+07,4.40789e+06,6.79999e+06,1.14969e+07,4.38471e+06,6.79999e+06,1.14965e+07,4.35592e+06,6.79999e+06,1.1496e+07,4.32027e+06,6.79999e+06,1.14955e+07,4.27629e+06,6.79999e+06,1.14949e+07,4.22231e+06,6.79999e+06,1.14942e+07,4.15647e+06,6.79999e+06,1.14934e+07,4.07676e+06,6.79999e+06,1.14926e+07,3.98112e+06,6.79999e+06,1.14916e+07,3.86765e+06,6.79999e+06,1.14905e+07,3.73474e+06,6.79999e+06,1.14892e+07,3.58148e+06,6.79999e+06,1.14878e+07,3.40785e+06,6.79999e+06,1.14862e+07,3.21513e+06,6.79999e+06,1.14844e+07,3.00605e+06,6.79999e+06,1.14823e+07,2.7848e+06,6.79999e+06,1.148e+07,2.5568e+06,6.79999e+06,1.14773e+07,2.32825e+06,6.79999e+06,13.5742,8.52444,0.508366,16.8306,13.2585,0.162638,20.0035,17.569,0.0507846,23.2616,22.4214,0.0158319,26.7328,28.3297,0.00493498,30.5212,35.6974,0.00153831,34.7178,44.9473,0.000479527,39.4086,56.5822,0.000149456,44.6796,71.2245,4.66214e-05,50.6209,89.6543,1.45419e-05,57.3297,112.852,4.54748e-06,64.9129,142.051,1.43857e-06,73.4897,178.803,4.36618e-07,83.1934,225.062,1.40153e-07,94.1745,283.286,4.96378e-08,106.602,356.568,1.05434e-07,120.669,448.799,-6.49244e-08,136.59,564.873,1.70148e-07,154.611,710.948,-5.34594e-08,175.008,894.767,1.63407e-07,198.097,1126.06,8.04804e-08,224.231,1417.07,1.14667e-07,253.813,1783.15,-1.71227e-07,287.297,2243.62,-2.88466e-07,325.198,2822.67,-4.33651e-07,368.098,3550.67,7.9318e-08,416.657,4465.65,3.13319e-07,471.621,5615.16,3.4613e-07,533.835,7058.61,-1.19199e-07,604.255,8870.02,-2.79964e-07,683.962,11141.4,-2.30521e-07,774.182,13986.7,-2.55099e-07,876.299,17546.4,1.23585e-07,991.883,21993.1,1.41192e-07,1122.71,27536.7,-9.71886e-08,1270.78,34430.7,-3.68368e-07,1438.38,42977.7,-3.45379e-07,1628.07,53532.7,-3.25328e-09,1842.77,66504.6,2.6362e-07,2085.77,82350.2,2.53445e-07,2360.79,101560,-2.47407e-08,2672.05,124632,-3.80602e-07,3024.31,152018,-4.79005e-07,3422.98,184060,-1.14379e-07,3874.15,220884,2.64297e-07,4384.72,262283,3.44131e-07,4962.49,307576,7.5349e-08,5616.29,355497,-3.63097e-07,6356.1,404126,-6.05442e-07,7193.18,450932,-2.72333e-07,8140.28,492963,2.29675e-07,9211.79,527178,4.3387e-07,10424,550893,-1.0711e-07,10.102,8.06553,2.81012,10.6436,8.57909,0.869423,11.5336,10.2515,0.270869,12.7211,12.7138,0.0844293,14.1823,15.9373,0.0263173,15.9122,20.0383,0.0082035,17.9198,25.2154,0.00255722,20.2244,31.7373,0.000797017,22.8539,39.9486,0.000248622,25.8438,50.2851,7.75492e-05,29.237,63.2963,2.42508e-05,33.0837,79.6738,7.67162e-06,37.4415,100.288,2.32837e-06,42.3767,126.236,7.33e-07,47.9646,158.896,2.79256e-07,54.2906,200.003,9.87351e-09,61.452,251.741,1.61085e-07,69.5585,316.859,-2.47141e-07,78.7347,398.812,8.93552e-08,89.1218,501.948,-2.53231e-07,100.879,631.736,-1.25047e-07,114.188,795.049,-1.78808e-07,129.252,1000.53,2.6733e-07,146.304,1259.03,4.50292e-07,165.605,1584.19,6.76904e-07,187.452,1993.12,-1.23808e-07,212.181,2507.27,-4.89068e-07,240.173,3153.54,-5.40284e-07,271.856,3965.56,1.86061e-07,307.719,4985.38,4.37004e-07,348.313,6265.4,3.59828e-07,394.26,7870.83,3.98192e-07,446.268,9882.51,-1.92908e-07,505.135,12400.3,-2.20392e-07,571.766,15546.9,1.51705e-07,647.184,19472.2,5.74996e-07,732.547,24357.4,5.39112e-07,829.167,30420,5.07815e-09,938.526,37916.3,-4.11492e-07,1062.3,47143.9,-3.9561e-07,1202.4,58439.2,3.86185e-08,1360.96,72169.3,5.94093e-07,1540.42,88715.8,7.47693e-07,1743.53,108445,1.78537e-07,1973.41,131665,-4.12549e-07,2233.57,158557,-5.37164e-07,2528,189103,-1.17615e-07,2861.2,222986,5.66769e-07,3238.27,259510,9.45053e-07,3664.97,297540,4.25093e-07,4147.81,335497,-3.58506e-07,4694.17,371444,-6.7724e-07,5312.37,403256,1.67192e-07,1.61744,3.89446,9.84394,3.28846,7.5504,12.774,5.07607,11.7187,13.6844,7.03202,16.8147,13.9681,9.20215,23.1769,14.0566,11.6301,31.1672,14.0841,14.3598,41.2186,14.0927,17.4376,53.8688,14.0954,20.9137,69.7915,14.0962,24.8432,89.8341,14.0965,29.2879,115.063,14.0966,34.3168,146.819,14.0966,40.0078,186.792,14.0966,46.4487,237.107,14.0966,53.7388,300.44,14.0966,61.9903,380.158,14.0966,71.3301,480.499,14.0966,81.902,606.796,14.0966,93.8685,765.761,14.0966,107.414,965.837,14.0966,122.746,1217.65,14.0966,140.101,1534.57,14.0966,159.745,1933.41,14.0966,181.981,2435.3,14.0966,207.15,3066.85,14.0966,235.64,3861.46,14.0966,267.889,4861.11,14.0966,304.391,6118.54,14.0966,345.709,7699.91,14.0966,392.478,9688.22,14.0966,445.417,12187.5,14.0966,505.339,15327.7,14.0966,573.165,19271.6,14.0966,649.938,24222,14.0966,736.839,30430.9,14.0966,835.202,38211.5,14.0966,946.539,47950.3,14.0966,1072.56,60122.8,14.0966,1215.21,75309.9,14.0966,1376.66,94216.2,14.0966,1559.41,117688,14.0966,1766.26,146729,14.0966,2000.39,182510,14.0966,2265.39,226372,14.0966,2565.33,279806,14.0966,2904.81,344416,14.0966,3289.05,421845,14.0966,3723.93,513667,14.0966,4216.13,621231,14.0966,4773.18,745478,14.0966,5403.64,886744,14.0966,6117.15,1.04457e+06,14.0966,6924.63,1.2176e+06,14.0966,11.7194,11.96,12.6541,13.9321,16.1295,13.6434,16.6097,21.9702,13.9553,19.7532,29.5285,14.0526,23.3844,39.1143,14.0829,27.5423,51.2054,14.0923,32.2796,66.434,14.0953,37.662,85.6061,14.0962,43.7675,109.74,14.0965,50.687,140.119,14.0966,58.5249,178.359,14.0966,67.4005,226.493,14.0966,77.4493,287.08,14.0966,88.8254,363.343,14.0966,101.703,459.336,14.0966,116.281,580.161,14.0966,132.782,732.241,14.0966,151.46,923.655,14.0966,172.603,1164.57,14.0966,196.535,1467.79,14.0966,223.625,1849.39,14.0966,254.288,2329.62,14.0966,288.997,2933.93,14.0966,328.285,3694.33,14.0966,372.755,4651.04,14.0966,423.092,5854.57,14.0966,480.07,7368.38,14.0966,544.564,9272.08,14.0966,617.566,11665.5,14.0966,700.197,14673.6,14.0966,793.729,18452.9,14.0966,899.599,23198.6,14.0966,1019.43,29154.1,14.0966,1155.07,36622.3,14.0966,1308.6,45977.9,14.0966,1482.39,57683.7,14.0966,1679.09,72307.8,14.0966,1901.73,90542.8,14.0966,2153.73,113226,14.0966,2438.97,141360,14.0966,2761.81,176127,14.0966,3127.22,218898,14.0966,3540.81,271226,14.0966,4008.92,334817,14.0966,4538.74,411470,14.0966,5138.38,502973,14.0966,5817.04,610948,14.0966,6585.12,736653,14.0966,7454.39,880741,14.0966,8438.15,1.04302e+06,14.0966,9551.45,1.22224e+06,14.0966,10811.3,1.41602e+06,14.0966,12237,1.62086e+06,14.0966,11.7194,11.96,12.6541,2.21263,4.16949,0.989383,2.67766,5.84076,0.311842,3.14343,7.55825,0.0972771,3.63127,9.58578,0.0303237,4.15787,12.0912,0.00945211,4.73731,15.2286,0.00294633,5.38238,19.1721,0.000918508,6.10553,24.134,0.000286163,6.91951,30.3791,8.92692e-05,7.83792,38.2397,2.78121e-05,8.87555,48.1338,8.65134e-06,10.0489,60.5876,2.7882e-06,11.3761,76.2629,8.29036e-07,12.8779,95.9927,2.4373e-07,14.5775,120.825,4.33068e-09,16.5012,152.08,1.75749e-07,18.6784,191.415,-1.86328e-07,21.1428,240.917,1.91829e-07,23.9322,303.213,-1.81475e-07,27.0895,381.602,7.0186e-08,30.6634,480.231,-2.86769e-08,34.7087,604.316,2.40784e-07,39.2876,760.401,9.87368e-08,44.4705,956.705,1.22263e-07,50.3371,1203.54,-4.31966e-07,56.9776,1513.81,-1.9705e-07,64.494,1903.69,-2.763e-08,73.0018,2393.4,3.9185e-07,82.6317,3008.13,1.35379e-07,93.5318,3779.25,-4.16351e-08,105.869,4745.7,2.06965e-08,119.834,5955.6,-3.18887e-07,135.641,7468.12,-1.48271e-08,153.531,9355.62,2.00739e-07,173.781,11705.8,2.28358e-07,196.701,14624.1,-1.93587e-08,222.642,18235,-2.88101e-07,252.003,22683.4,-2.24732e-07,285.234,28134,8.56806e-09,322.845,34767,2.34258e-07,365.413,42770.9,2.99668e-07,413.588,52327.9,8.28644e-08,468.111,63591.2,-3.07049e-07,529.814,76653.2,-3.1888e-07,599.642,91502.5,-6.72276e-08,678.662,107975,2.26339e-07,768.083,125705,3.69212e-07,869.267,144088,2.04077e-07,983.76,162277,-2.80509e-07,1113.3,179223,-4.22737e-07,1259.87,193777,-1.71951e-07,1425.68,204839,4.55555e-07,11.7194,11.96,12.6541,2.21263,4.16949,0.989383,2.67766,5.84076,0.311842,3.14343,7.55825,0.0972771,3.63127,9.58578,0.0303237,4.15787,12.0912,0.00945211,4.73731,15.2286,0.00294633,5.38238,19.1721,0.000918508,6.10553,24.134,0.000286163,6.91951,30.3791,8.92692e-05,7.83792,38.2397,2.78121e-05,8.87555,48.1338,8.65134e-06,10.0489,60.5876,2.7882e-06,11.3761,76.2629,8.29036e-07,12.8779,95.9927,2.4373e-07,14.5775,120.825,1e-08,16.5012,152.08,1.75749e-07,18.6784,191.415,1e-08,21.1428,240.917,1.91829e-07,23.9322,303.213,1e-08,27.0895,381.602,7.0186e-08,30.6634,480.231,1e-08,34.7087,604.316,2.40784e-07,39.2876,760.401,9.87368e-08,44.4705,956.705,1.22263e-07,50.3371,1203.54,1e-08,56.9776,1513.81,1e-08,64.494,1903.69,1e-08,73.0018,2393.4,3.9185e-07,82.6317,3008.13,1.35379e-07,93.5318,3779.25,1e-08,105.869,4745.7,2.06965e-08,119.834,5955.6,1e-08,135.641,7468.12,1e-08,153.531,9355.62,2.00739e-07,173.781,11705.8,2.28358e-07,196.701,14624.1,1e-08,222.642,18235,1e-08,252.003,22683.4,1e-08,285.234,28134,1e-08,322.845,34767,2.34258e-07,365.413,42770.9,2.99668e-07,413.588,52327.9,8.28644e-08,468.111,63591.2,1e-08,529.814,76653.2,1e-08,599.642,91502.5,1e-08,678.662,107975,2.26339e-07,768.083,125705,3.69212e-07,869.267,144088,2.04077e-07,983.76,162277,1e-08,1113.3,179223,1e-08,1259.87,193777,1e-08,1425.68,204839,4.55555e-07,6.2823,3.27286,2.43537,0.219672,6.18826,2.24117,0.56371,6.87772,2.63624,0.308279,5,6,8,6,6,5,7,2,0,2,5,1,1,9,0,6,20,0,8,18,0,10,22,0,4,24,0,4,22,0,6,44,0,13,39,0,13,75,0,16,122,0,10,102,0,10,151,0,14,175,0,20,208,0,21,133,0,17,180,0,23,235,0,19,441,0,52,312,0,21,618,0,29,421,0,34,1444,0,78,2078,0,72,1221,0,66,961,0,49,2411,0,69,3330,0,124,4154,0,120,7226,0,151,18445,0,105,14798,0,268,8122,0,145,11173,0,407,12596,0,385,15820,0,257,13083,0,315,20096,0,343,31715,0,487,38450,0,256,87556,0,644,65135,0,336,129707,0,825,163820,0,555,66366,0,630,194047,0,614,80597,0,573,182267,0,1076,289172,0,1514,312257,0
-1.05176e+08,1,8.88811e-15,10,1023,0,1.05176e+08,0.528882,1.08665,0.389689,0.145397,0.379329,3.24381,0.161596,0.446195,1.77396,0.159177,1.15e+07,4.49998e+06,6.79999e+06,1.15e+07,4.49997e+06,6.79999e+06,1.15e+07,4.49996e+06,6.79999e+06,1.15e+07,4.49995e+06,6.79999e+06,1.14999e+07,4.49993e+06,6.79999e+06,1.14999e+07,4.49991e+06,6.79999e+06,1.14999e+07,4.49989e+06,6.79999e+06,1.14999e+07,4.49986e+06,6.79999e+06,1.14999e+07,4.49982e+06,6.79999e+06,1.14999e+07,4.49977e+06,6.79999e+06,1.14999e+07,4.49971e+06,6.79999e+06,1.14999e+07,4.49963e+06,6.79999e+06,1.14998e+07,4.49953e+06,6.79999e+06,1.14998e+07,4.49941e+06,6.79999e+06,1.14998e+07,4.49926e+06,6.79999e+06,1.14998e+07,4.49906e+06,6.79999e+06,1.14997e+07,4.49882e+06,6.79999e+06,1.14997e+07,4.49851e+06,6.79999e+06,1.14997e+07,4.49812e+06,6.79999e+06,1.14996e+07,4.49764e+06,6.79999e+06,1.14996e+07,4.49702e+06,6.79999e+06,1.14995e+07,4.49625e+06,6.79999e+06,1.14995e+07,4.49528e+06,6.79999e+06,1.14994e+07,4.49406e+06,6.79999e+06,1.14993e+07,4.49253e+06,6.79999e+06,1.14992e+07,4.49059e+06,6.79999e+06,1.14991e+07,4.48817e+06,6.79999e+06,1.1499e+07,4.48511e+06,6.79999e+06,1.14988e+07,4.48128e+06,6.79999e+06,1.14987e+07,4.47646e+06,6.79999e+06,1.14985e+07,4.47041e+06,6.79999e+06,1.14983e+07,4.46281e+06,6.79999e+06,1.14981e+07,4.4533e+06,6.79999e+06,1.14979e+07,4.44138e+06,6.79999e+06,1.14976e+07,4.42649e+06,6.79999e+06,1.14972e+07,4.40789e+06,6.79999e+06,1.14969e+07,4.38471e+06,6.79999e+06,1.14965e+07,4.35592e+06,6.79999e+06,1.1496e+07,4.32027e+06,6.79999e+06,1.14955e+07,4.27629e+06,6.79999e+06,1.14949e+07,4.22231e+06,6.79999e+06,1.14942e+07,4.15647e+06,6.79999e+06,1.14934e+07,4.07676e+06,6.79999e+06,1.14926e+07,3.98112e+06,6.79999e+06,1.14916e+07,3.86765e+06,6.79999e+06,1.14905e+07,3.73474e+06,6.79999e+06,1.14892e+07,3.58148e+06,6.79999e+06,1.14878e+07,3.40785e+06,6.79999e+06,1.14862e+07,3.21513e+06,6.79999e+06,1.14844e+07,3.00605e+06,6.79999e+06,1.14823e+07,2.7848e+06,6.79999e+06,1.148e+07,2.5568e+06,6.79999e+06,1.14773e+07,2.32825e+06,6.79999e+06,13.5742,8.52444,0.508366,16.8306,13.2585,0.162638,20.0035,17.569,0.0507846,23.2616,22.4214,0.0158319,26.7328,28.3297,0.00493498,30.5212,35.6974,0.00153831,34.7178,44.9473,0.000479527,39.4086,56.5822,0.000149456,44.6796,71.2245,4.66214e-05,50.6209,89.6543,1.45419e-05,57.3297,112.852,4.54748e-06,64.9129,142.051,1.43857e-06,73.4897,178.803,4.36618e-07,83.1934,225.062,1.40153e-07,94.1745,283.286,4.96378e-08,106.602,356.568,1.05434e-07,120.669,448.799,-6.49244e-08,136.59,564.873,1.70148e-07,154.611,710.948,-5.34594e-08,175.008,894.767,1.63407e-07,198.097,1126.06,8.04804e-08,224.231,1417.07,1.14667e-07,253.813,1783.15,-1.71227e-07,287.297,2243.62,-2.88466e-07,325.198,2822.67,-4.33651e-07,368.098,3550.67,7.9318e-08,416.657,4465.65,3.13319e-07,471.621,5615.16,3.4613e-07,533.835,7058.61,-1.19199e-07,604.255,8870.02,-2.79964e-07,683.962,11141.4,-2.30521e-07,774.182,13986.7,-2.55099e-07,876.299,17546.4,1.23585e-07,991.883,21993.1,1.41192e-07,1122.71,27536.7,-9.71886e-08,1270.78,34430.7,-3.68368e-07,1438.38,42977.7,-3.45379e-07,1628.07,53532.7,-3.25328e-09,1842.77,66504.6,2.6362e-07,2085.77,82350.2,2.53445e-07,2360.79,101560,-2.47407e-08,2672.05,124632,-3.80602e-07,3024.31,152018,-4.79005e-07,3422.98,184060,-1.14379e-07,3874.15,220884,2.64297e-07,4384.72,262283,3.44131e-07,4962.49,307576,7.5349e-08,5616.29,355497,-3.63097e-07,6356.1,404126,-6.05442e-07,7193.18,450932,-2.72333e-07,8140.28,492963,2.29675e-07,9211.79,527178,4.3387e-07,10424,550893,-1.0711e-07,10.102,8.06553,2.81012,10.6436,8.57909,0.869423,11.5336,10.2515,0.270869,12.7211,12.7138,0.0844293,14.1823,15.9373,0.0263173,15.9122,20.0383,0.0082035,17.9198,25.2154,0.00255722,20.2244,31.7373,0.000797017,22.8539,39.9486,0.000248622,25.8438,50.2851,7.75492e-05,29.237,63.2963,2.42508e-05,33.0837,79.6738,7.67162e-06,37.4415,100.288,2.32837e-06,42.3767,126.236,7.33e-07,47.9646,158.896,2.79256e-07,54.2906,200.003,9.87351e-09,61.452,251.741,1.61085e-07,69.5585,316.859,-2.47141e-07,78.7347,398.812,8.93552e-08,89.1218,501.948,-2.53231e-07,100.879,631.736,-1.25047e-07,114.188,795.049,-1.78808e-07,129.252,1000.53,2.6733e-07,146.304,1259.03,4.50292e-07,165.605,1584.19,6.76904e-07,187.452,1993.12,-1.23808e-07,212.181,2507.27,-4.89068e-07,240.173,3153.54,-5.40284e-07,271.856,3965.56,1.86061e-07,307.719,4985.38,4.37004e-07,348.313,6265.4,3.59828e-07,394.26,7870.83,3.98192e-07,446.268,9882.51,-1.92908e-07,505.135,12400.3,-2.20392e-07,571.766,15546.9,1.51705e-07,647.184,19472.2,5.74996e-07,732.547,24357.4,5.39112e-07,829.167,30420,5.07815e-09,938.526,37916.3,-4.11492e-07,1062.3,47143.9,-3.9561e-07,1202.4,58439.2,3.86185e-08,1360.96,72169.3,5.94093e-07,1540.42,88715.8,7.47693e-07,1743.53,108445,1.78537e-07,1973.41,131665,-4.12549e-07,2233.57,158557,-5.37164e-07,2528,189103,-1.17615e-07,2861.2,222986,5.66769e-07,3238.27,259510,9.45053e-07,3664.97,297540,4.25093e-07,4147.81,335497,-3.58506e-07,4694.17,371444,-6.7724e-07,5312.37,403256,1.67192e-07,1.61744,3.89446,9.84394,3.28846,7.5504,12.774,5.07607,11.7187,13.6844,7.03202,16.8147,13.9681,9.20215,23.1769,14.0566,11.6301,31.1672,14.0841,14.3598,41.2186,14.0927,17.4376,53.8688,14.0954,20.9137,69.7915,14.0962,24.8432,89.8341,14.0965,29.2879,115.063,14.0966,34.3168,146.819,14.0966,40.0078,186.792,14.0966,46.4487,237.107,14.0966,53.7388,300.44,14.0966,61.9903,380.158,14.0966,71.3301,480.499,14.0966,81.902,606.796,14.0966,93.8685,765.761,14.0966,107.414,965.837,14.0966,122.746,1217.65,14.0966,140.101,1534.57,14.0966,159.745,1933.41,14.0966,181.981,2435.3,14.0966,207.15,3066.85,14.0966,235.64,3861.46,14.0966,267.889,4861.11,14.0966,304.391,6118.54,14.0966,345.709,7699.91,14.0966,392.478,9688.22,14.0966,445.417,12187.5,14.0966,505.339,15327.7,14.0966,573.165,19271.6,14.0966,649.938,24222,14.0966,736.839,30430.9,14.0966,835.202,38211.5,14.0966,946.539,47950.3,14.0966,1072.56,60122.8,14.0966,1215.21,75309.9,14.0966,1376.66,94216.2,14.0966,1559.41,117688,14.0966,1766.26,146729,14.0966,2000.39,182510,14.0966,2265.39,226372,14.0966,2565.33,279806,14.0966,2904.81,344416,14.0966,3289.05,421845,14.0966,3723.93,513667,14.0966,4216.13,621231,14.0966,4773.18,745478,14.0966,5403.64,886744,14.0966,6117.15,1.04457e+06,14.0966,6924.63,1.2176e+06,14.0966,11.7194,11.96,12.6541,13.9321,16.1295,13.6434,16.6097,21.9702,13.9553,19.7532,29.5285,14.0526,23.3844,39.1143,14.0829,27.5423,51.2054,14.0923,32.2796,66.434,14.0953,37.662,85.6061,14.0962,43.7675,109.74,14.0965,50.687,140.119,14.0966,58.5249,178.359,14.0966,67.4005,226.493,14.0966,77.4493,287.08,14.0966,88.8254,363.343,14.0966,101.703,459.336,14.0966,116.281,580.161,14.0966,132.782,732.241,14.0966,151.46,923.655,14.0966,172.603,1164.57,14.0966,196.535,1467.79,14.0966,223.625,1849.39,14.0966,254.288,2329.62,14.0966,288.997,2933.93,14.0966,328.285,3694.33,14.0966,372.755,4651.04,14.0966,423.092,5854.57,14.0966,480.07,7368.38,14.0966,544.564,9272.08,14.0966,617.566,11665.5,14.0966,700.197,14673.6,14.0966,793.729,18452.9,14.0966,899.599,23198.6,14.0966,1019.43,29154.1,14.0966,1155.07,36622.3,14.0966,1308.6,45977.9,14.0966,1482.39,57683.7,14.0966,1679.09,72307.8,14.0966,1901.73,90542.8,14.0966,2153.73,113226,14.0966,2438.97,141360,14.0966,2761.81,176127,14.0966,3127.22,218898,14.0966,3540.81,271226,14.0966,4008.92,334817,14.0966,4538.74,411470,14.0966,5138.38,502973,14.0966,5817.04,610948,14.0966,6585.12,736653,14.0966,7454.39,880741,14.0966,8438.15,1.04302e+06,14.0966,9551.45,1.22224e+06,14.0966,10811.3,1.41602e+06,14.0966,12237,1.62086e+06,14.0966,11.7194,11.96,12.6541,2.21263,4.16949,0.989383,2.67766,5.84076,0.311842,3.14343,7.55825,0.0972771,3.63127,9.58578,0.0303237,4.15787,12.0912,0.00945211,4.73731,15.2286,0.00294633,5.38238,19.1721,0.000918508,6.10553,24.134,0.000286163,6.91951,30.3791,8.92692e-05,7.83792,38.2397,2.78121e-05,8.87555,48.1338,8.65134e-06,10.0489,60.5876,2.7882e-06,11.3761,76.2629,8.29036e-07,12.8779,95.9927,2.4373e-07,14.5775,120.825,4.33068e-09,16.5012,152.08,1.75749e-07,18.6784,191.415,-1.86328e-07,21.1428,240.917,1.91829e-07,23.9322,303.213,-1.81475e-07,27.0895,381.602,7.0186e-08,30.6634,480.231,-2.86769e-08,34.7087,604.316,2.40784e-07,39.2876,760.401,9.87368e-08,44.4705,956.705,1.22263e-07,50.3371,1203.54,-4.31966e-07,56.9776,1513.81,-1.9705e-07,64.494,1903.69,-2.763e-08,73.0018,2393.4,3.9185e-07,82.6317,3008.13,1.35379e-07,93.5318,3779.25,-4.16351e-08,105.869,4745.7,2.06965e-08,119.834,5955.6,-3.18887e-07,135.641,7468.12,-1.48271e-08,153.531,9355.62,2.00739e-07,173.781,11705.8,2.28358e-07,196.701,14624.1,-1.93587e-08,222.642,18235,-2.88101e-07,252.003,22683.4,-2.24732e-07,285.234,28134,8.56806e-09,322.845,34767,2.34258e-07,365.413,42770.9,2.99668e-07,413.588,52327.9,8.28644e-08,468.111,63591.2,-3.07049e-07,529.814,76653.2,-3.1888e-07,599.642,91502.5,-6.72276e-08,678.662,107975,2.26339e-07,768.083,125705,3.69212e-07,869.267,144088,2.04077e-07,983.76,162277,-2.80509e-07,1113.3,179223,-4.22737e-07,1259.87,193777,-1.71951e-07,1425.68,204839,4.55555e-07,11.7194,11.96,12.6541,2.21263,4.16949,0.989383,2.67766,5.84076,0.311842,3.14343,7.55825,0.0972771,3.63127,9.58578,0.0303237,4.15787,12.0912,0.00945211,4.73731,15.2286,0.00294633,5.38238,19.1721,0.000918508,6.10553,24.134,0.000286163,6.91951,30.3791,8.92692e-05,7.83792,38.2397,2.78121e-05,8.87555,48.1338,8.65134e-06,10.0489,60.5876,2.7882e-06,11.3761,76.2629,8.29036e-07,12.8779,95.9927,2.4373e-07,14.5775,120.825,1e-08,16.5012,152.08,1.75749e-07,18.6784,191.415,1e-08,21.1428,240.917,1.91829e-07,23.9322,303.213,1e-08,27.0895,381.602,7.0186e-08,30.6634,480.231,1e-08,34.7087,604.316,2.40784e-07,39.2876,760.401,9.87368e-08,44.4705,956.705,1.22263e-07,50.3371,1203.54,1e-08,56.9776,1513.81,1e-08,64.494,1903.69,1e-08,73.0018,2393.4,3.9185e-07,82.6317,3008.13,1.35379e-07,93.5318,3779.25,1e-08,105.869,4745.7,2.06965e-08,119.834,5955.6,1e-08,135.641,7468.12,1e-08,153.531,9355.62,2.00739e-07,173.781,11705.8,2.28358e-07,196.701,14624.1,1e-08,222.642,18235,1e-08,252.003,22683.4,1e-08,285.234,28134,1e-08,322.845,34767,2.34258e-07,365.413,42770.9,2.99668e-07,413.588,52327.9,8.28644e-08,468.111,63591.2,1e-08,529.814,76653.2,1e-08,599.642,91502.5,1e-08,678.662,107975,2.26339e-07,768.083,125705,3.69212e-07,869.267,144088,2.04077e-07,983.76,162277,1e-08,1113.3,179223,1e-08,1259.87,193777,1e-08,1425.68,204839,4.55555e-07,6.2823,3.27286,2.43537,0.219672,6.18826,2.24117,0.56371,6.87772,2.63624,0.308279,14,5,6,2,5,2,1,4,1,4,7,0,3,9,0,4,10,0,3,17,0,7,21,0,10,33,0,6,15,0,13,17,0,12,35,0,5,69,0,7,69,0,13,148,0,32,121,0,32,235,0,7,208,0,20,73,0,8,189,0,18,381,0,6,279,0,28,537,0,33,319,0,83,1030,0,35,1796,0,76,1634,0,144,2103,0,115,3869,0,91,2510,0,81,1218,0,96,5791,0,121,8566,0,164,12044,0,219,2119,0,208,11245,0,126,9457,0,194,18394,0,229,26575,0,276,26223,0,198,44005,0,389,34902,0,324,48758,0,131,69493,0,401,65018,0,520,105341,0,737,105393,0,868,88066,0,689,133097,0,559,175252,0,2426,62800,0,939,267625,0,1453,205793,0
-1.05176e+08,1,8.88811e-15,10,1023,0,1.05176e+08,0.528882,1.08665,0.389689,0.145397,0.379329,3.24381,0.161596,0.446195,1.77396,0.159177,1.15e+07,4.49998e+06,6.79999e+06,1.15e+07,4.49997e+06,6.79999e+06,1.15e+07,4.49996e+06,6.79999e+06,1.15e+07,4.49995e+06,6.79999e+06,1.14999e+07,4.49993e+06,6.79999e+06,1.14999e+07,4.49991e+06,6.79999e+06,1.14999e+07,4.49989e+06,6.79999e+06,1.14999e+07,4.49986e+06,6.79999e+06,1.14999e+07,4.49982e+06,6.79999e+06,1.14999e+07,4.49977e+06,6.79999e+06,1.14999e+07,4.49971e+06,6.79999e+06,1.14999e+07,4.49963e+06,6.79999e+06,1.14998e+07,4.49953e+06,6.79999e+06,1.14998e+07,4.49941e+06,6.79999e+06,1.14998e+07,4.49926e+06,6.79999e+06,1.14998e+07,4.49906e+06,6.79999e+06,1.14997e+07,4.49882e+06,6.79999e+06,1.14997e+07,4.49851e+06,6.79999e+06,1.14997e+07,4.49812e+06,6.79999e+06,1.14996e+07,4.49764e+06,6.79999e+06,1.14996e+07,4.49702e+06,6.79999e+06,1.14995e+07,4.49625e+06,6.79999e+06,1.14995e+07,4.49528e+06,6.79999e+06,1.14994e+07,4.49406e+06,6.79999e+06,1.14993e+07,4.49253e+06,6.79999e+06,1.14992e+07,4.49059e+06,6.79999e+06,1.14991e+07,4.48817e+06,6.79999e+06,1.1499e+07,4.48511e+06,6.79999e+06,1.14988e+07,4.48128e+06,6.79999e+06,1.14987e+07,4.47646e+06,6.79999e+06,1.14985e+07,4.47041e+06,6.79999e+06,1.14983e+07,4.46281e+06,6.79999e+06,1.14981e+07,4.4533e+06,6.79999e+06,1.14979e+07,4.44138e+06,6.79999e+06,1.14976e+07,4.42649e+06,6.79999e+06,1.14972e+07,4.40789e+06,6.79999e+06,1.14969e+07,4.38471e+06,6.79999e+06,1.14965e+07,4.35592e+06,6.79999e+06,1.1496e+07,4.32027e+06,6.79999e+06,1.14955e+07,4.27629e+06,6.79999e+06,1.14949e+07,4.22231e+06,6.79999e+06,1.14942e+07,4.15647e+06,6.79999e+06,1.14934e+07,4.07676e+06,6.79999e+06,1.14926e+07,3.98112e+06,6.79999e+06,1.14916e+07,3.86765e+06,6.79999e+06,1.14905e+07,3.73474e+06,6.79999e+06,1.14892e+07,3.58148e+06,6.79999e+06,1.14878e+07,3.40785e+06,6.79999e+06,1.14862e+07,3.21513e+06,6.79999e+06,1.14844e+07,3.00605e+06,6.79999e+06,1.14823e+07,2.7848e+06,6.79999e+06,1.148e+07,2.5568e+06,6.79999e+06,1.14773e+07,2.32825e+06,6.79999e+06,13.5742,8.52444,0.508366,16.8306,13.2585,0.162638,20.0035,17.569,0.0507846,23.2616,22.4214,0.0158319,26.7328,28.3297,0.00493498,30.5212,35.6974,0.00153831,34.7178,44.9473,0.000479527,39.4086,56.5822,0.000149456,44.6796,71.2245,4.66214e-05,50.6209,89.6543,1.45419e-05,57.3297,112.852,4.54748e-06,64.9129,142.051,1.43857e-06,73.4897,178.803,4.36618e-07,83.1934,225.062,1.40153e-07,94.1745,283.286,4.96378e-08,106.602,356.568,1.05434e-07,120.669,448.799,-6.49244e-08,136.59,564.873,1.70148e-07,154.611,710.948,-5.34594e-08,175.008,894.767,1.63407e-07,198.097,1126.06,8.04804e-08,224.231,1417.07,1.14667e-07,253.813,1783.15,-1.71227e-07,287.297,2243.62,-2.88466e-07,325.198,2822.67,-4.33651e-07,368.098,3550.67,7.9318e-08,416.657,4465.65,3.13319e-07,471.621,5615.16,3.4613e-07,533.835,7058.61,-1.19199e-07,604.255,8870.02,-2.79964e-07,683.962,11141.4,-2.30521e-07,774.182,13986.7,-2.55099e-07,876.299,17546.4,1.23585e-07,991.883,21993.1,1.41192e-07,1122.71,27536.7,-9.71886e-08,1270.78,34430.7,-3.68368e-07,1438.38,42977.7,-3.45379e-07,1628.07,53532.7,-3.25328e-09,1842.77,66504.6,2.6362e-07,2085.77,82350.2,2.53445e-07,2360.79,101560,-2.47407e-08,2672.05,124632,-3.80602e-07,3024.31,152018,-4.79005e-07,3422.98,184060,-1.14379e-07,3874.15,220884,2.64297e-07,4384.72,262283,3.44131e-07,4962.49,307576,7.5349e-08,5616.29,355497,-3.63097e-07,6356.1,404126,-6.05442e-07,7193.18,450932,-2.72333e-07,8140.28,492963,2.29675e-07,9211.79,527178,4.3387e-07,10424,550893,-1.0711e-07,10.102,8.06553,2.81012,10.6436,8.57909,0.869423,11.5336,10.2515,0.270869,12.7211,12.7138,0.0844293,14.1823,15.9373,0.0263173,15.9122,20.0383,0.0082035,17.9198,25.2154,0.00255722,20.2244,31.7373,0.000797017,22.8539,39.9486,0.000248622,25.8438,50.2851,7.75492e-05,29.237,63.2963,2.42508e-05,33.0837,79.6738,7.67162e-06,37.4415,100.288,2.32837e-06,42.3767,126.236,7.33e-07,47.9646,158.896,2.79256e-07,54.2906,200.003,9.87351e-09,61.452,251.741,1.61085e-07,69.5585,316.859,-2.47141e-07,78.7347,398.812,8.93552e-08,89.1218,501.948,-2.53231e-07,100.879,631.736,-1.25047e-07,114.188,795.049,-1.78808e-07,129.252,1000.53,2.6733e-07,146.304,1259.03,4.50292e-07,165.605,1584.19,6.76904e-07,187.452,1993.12,-1.23808e-07,212.181,2507.27,-4.89068e-07,240.173,3153.54,-5.40284e-07,271.856,3965.56,1.86061e-07,307.719,4985.38,4.37004e-07,348.313,6265.4,3.59828e-07,394.26,7870.83,3.98192e-07,446.268,9882.51,-1.92908e-07,505.135,12400.3,-2.20392e-07,571.766,15546.9,1.51705e-07,647.184,19472.2,5.74996e-07,732.547,24357.4,5.39112e-07,829.167,30420,5.07815e-09,938.526,37916.3,-4.11492e-07,1062.3,47143.9,-3.9561e-07,1202.4,58439.2,3.86185e-08,1360.96,72169.3,5.94093e-07,1540.42,88715.8,7.47693e-07,1743.53,108445,1.78537e-07,1973.41,131665,-4.12549e-07,2233.57,158557,-5.37164e-07,2528,189103,-1.17615e-07,2861.2,222986,5.66769e-07,3238.27,259510,9.45053e-07,3664.97,297540,4.25093e-07,4147.81,335497,-3.58506e-07,4694.17,371444,-6.7724e-07,5312.37,403256,1.67192e-07,1.61744,3.89446,9.84394,3.28846,7.5504,12.774,5.07607,11.7187,13.6844,7.03202,16.8147,13.9681,9.20215,23.1769,14.0566,11.6301,31.1672,14.0841,14.3598,41.2186,14.0927,17.4376,53.8688,14.0954,20.9137,69.7915,14.0962,24.8432,89.8341,14.0965,29.2879,115.063,14.0966,34.3168,146.819,14.0966,40.0078,186.792,14.0966,46.4487,237.107,14.0966,53.7388,300.44,14.0966,61.9903,380.158,14.0966,71.3301,480.499,14.0966,81.902,606.796,14.0966,93.8685,765.761,14.0966,107.414,965.837,14.0966,122.746,1217.65,14.0966,140.101,1534.57,14.0966,159.745,1933.41,14.0966,181.981,2435.3,14.0966,207.15,3066.85,14.0966,235.64,3861.46,14.0966,267.889,4861.11,14.0966,304.391,6118.54,14.0966,345.709,7699.91,14.0966,392.478,9688.22,14.0966,445.417,12187.5,14.0966,505.339,15327.7,14.0966,573.165,19271.6,14.0966,649.938,24222,14.0966,736.839,30430.9,14.0966,835.202,38211.5,14.0966,946.539,47950.3,14.0966,1072.56,60122.8,14.0966,1215.21,75309.9,14.0966,1376.66,94216.2,14.0966,1559.41,117688,14.0966,1766.26,146729,14.0966,2000.39,182510,14.0966,2265.39,226372,14.0966,2565.33,279806,14.0966,2904.81,344416,14.0966,3289.05,421845,14.0966,3723.93,513667,14.0966,4216.13,621231,14.0966,4773.18,745478,14.0966,5403.64,886744,14.0966,6117.15,1.04457e+06,14.0966,6924.63,1.2176e+06,14.0966,11.7194,11.96,12.6541,13.9321,16.1295,13.6434,16.6097,21.9702,13.9553,19.7532,29.5285,14.0526,23.3844,39.1143,14.0829,27.5423,51.2054,14.0923,32.2796,66.434,14.0953,37.662,85.6061,14.0962,43.7675,109.74,14.0965,50.687,140.119,14.0966,58.5249,178.359,14.0966,67.4005,226.493,14.0966,77.4493,287.08,14.0966,88.8254,363.343,14.0966,101.703,459.336,14.0966,116.281,580.161,14.0966,132.782,732.241,14.0966,151.46,923.655,14.0966,172.603,1164.57,14.0966,196.535,1467.79,14.0966,223.625,1849.39,14.0966,254.288,2329.62,14.0966,288.997,2933.93,14.0966,328.285,3694.33,14.0966,372.755,4651.04,14.0966,423.092,5854.57,14.0966,480.07,7368.38,14.0966,544.564,9272.08,14.0966,617.566,11665.5,14.0966,700.197,14673.6,14.0966,793.729,18452.9,14.0966,899.599,23198.6,14.0966,1019.43,29154.1,14.0966,1155.07,36622.3,14.0966,1308.6,45977.9,14.0966,1482.39,57683.7,14.0966,1679.09,72307.8,14.0966,1901.73,90542.8,14.0966,2153.73,113226,14.0966,2438.97,141360,14.0966,2761.81,176127,14.0966,3127.22,218898,14.0966,3540.81,271226,14.0966,4008.92,334817,14.0966,4538.74,411470,14.0966,5138.38,502973,14.0966,5817.04,610948,14.0966,6585.12,736653,14.0966,7454.39,880741,14.0966,8438.15,1.04302e+06,14.0966,9551.45,1.22224e+06,14.0966,10811.3,1.41602e+06,14.0966,12237,1.62086e+06,14.0966,11.7194,11.96,12.6541,2.21263,4.16949,0.989383,2.67766,5.84076,0.311842,3.14343,7.55825,0.0972771,3.63127,9.58578,0.0303237,4.15787,12.0912,0.00945211,4.73731,15.2286,0.00294633,5.38238,19.1721,0.000918508,6.10553,24.134,0.000286163,6.91951,30.3791,8.92692e-05,7.83792,38.2397,2.78121e-05,8.87555,48.1338,8.65134e-06,10.0489,60.5876,2.7882e-06,11.3761,76.2629,8.29036e-07,12.8779,95.9927,2.4373e-07,14.5775,120.825,4.33068e-09,16.5012,152.08,1.75749e-07,18.6784,191.415,-1.86328e-07,21.1428,240.917,1.91829e-07,23.9322,303.213,-1.81475e-07,27.0895,381.602,7.0186e-08,30.6634,480.231,-2.86769e-08,34.7087,604.316,2.40784e-07,39.2876,760.401,9.87368e-08,44.4705,956.705,1.22263e-07,50.3371,1203.54,-4.31966e-07,56.9776,1513.81,-1.9705e-07,64.494,1903.69,-2.763e-08,73.0018,2393.4,3.9185e-07,82.6317,3008.13,1.35379e-07,93.5318,3779.25,-4.16351e-08,105.869,4745.7,2.06965e-08,119.834,5955.6,-3.18887e-07,135.641,7468.12,-1.48271e-08,153.531,9355.62,2.00739e-07,173.781,11705.8,2.28358e-07,196.701,14624.1,-1.93587e-08,222.642,18235,-2.88101e-07,252.003,22683.4,-2.24732e-07,285.234,28134,8.56806e-09,322.845,34767,2.34258e-07,365.413,42770.9,2.99668e-07,413.588,52327.9,8.28644e-08,468.111,63591.2,-3.07049e-07,529.814,76653.2,-3.1888e-07,599.642,91502.5,-6.72276e-08,678.662,107975,2.26339e-07,768.083,125705,3.69212e-07,869.267,144088,2.04077e-07,983.76,162277,-2.80509e-07,1113.3,179223,-4.22737e-07,1259.87,193777,-1.71951e-07,1425.68,204839,4.55555e-07,11.7194,11.96,12.6541,2.21263,4.16949,0.989383,2.67766,5.84076,0.311842,3.14343,7.55825,0.0972771,3.63127,9.58578,0.0303237,4.15787,12.0912,0.00945211,4.73731,15.2286,0.00294633,5.38238,19.1721,0.000918508,6.10553,24.134,0.000286163,6.91951,30.3791,8.92692e-05,7.83792,38.2397,2.78121e-05,8.87555,48.1338,8.65134e-06,10.0489,60.5876,2.7882e-06,11.3761,76.2629,8.29036e-07,12.8779,95.9927,2.4373e-07,14.5775,120.825,1e-08,16.5012,152.08,1.75749e-07,18.6784,191.415,1e-08,21.1428,240.917,1.91829e-07,23.9322,303.213,1e-08,27.0895,381.602,7.0186e-08,30.6634,480.231,1e-08,34.7087,604.316,2.40784e-07,39.2876,760.401,9.87368e-08,44.4705,956.705,1.22263e-07,50.3371,1203.54,1e-08,56.9776,1513.81,1e-08,64.494,1903.69,1e-08,73.0018,2393.4,3.9185e-07,82.6317,3008.13,1.35379e-07,93.5318,3779.25,1e-08,105.869,4745.7,2.06965e-08,119.834,5955.6,1e-08,135.641,7468.12,1e-08,153.531,9355.62,2.00739e-07,173.781,11705.8,2.28358e-07,196.701,14624.1,1e-08,222.642,18235,1e-08,252.003,22683.4,1e-08,285.234,28134,1e-08,322.845,34767,2.34258e-07,365.413,42770.9,2.99668e-07,413.588,52327.9,8.28644e-08,468.111,63591.2,1e-08,529.814,76653.2,1e-08,599.642,91502.5,1e-08,678.662,107975,2.26339e-07,768.083,125705,3.69212e-07,869.267,144088,2.04077e-07,983.76,162277,1e-08,1113.3,179223,1e-08,1259.87,193777,1e-08,1425.68,204839,4.55555e-07,6.2823,3.27286,2.43537,0.219672,6.18826,2.24117,0.56371,6.87772,2.63624,0.308279,12,11,8,2,4,1,1,5,1,4,8,0,4,6,0,2,10,0,8,19,0,5,13,0,7,38,0,10,23,0,14,23,0,2,56,0,12,50,0,7,102,0,0,70,0,17,133,0,12,142,0,8,237,0,13,382,0,33,316,0,41,371,0,28,300,0,9,611,0,35,536,0,39,358,0,13,986,0,18,798,0,112,1690,0,52,3641,0,106,1900,0,65,3025,0,87,4924,0,197,5643,0,158,7097,0,213,11503,0,137,8651,0,259,24079,0,258,17306,0,239,16399,0,175,34982,0,220,35741,0,249,12005,0,373,95770,0,493,59383,0,649,96502,0,706,94593,0,499,130009,0,497,59799,0,875,176253,0,1145,162622,0,576,162024,0,1039,190207,0,600,248461,0
-1.05176e+08,1,8.88811e-15,10,1023,0,1.05176e+08,0.528882,1.08665,0.389689,0.145397,0.379329,3.24381,0.161596,0.446195,1.77396,0.159177,1.15e+07,4.49998e+06,6.79999e+06,1.15e+07,4.49997e+06,6.79999e+06,1.15e+07,4.49996e+06,6.79999e+06,1.15e+07,4.49995e+06,6.79999e+06,1.14999e+07,4.49993e+06,6.79999e+06,1.14999e+07,4.49991e+06,6.79999e+06,1.14999e+07,4.49989e+06,6.79999e+06,1.14999e+07,4.49986e+06,6.79999e+06,1.14999e+07,4.49982e+06,6.79999e+06,1.14999e+07,4.49977e+06,6.79999e+06,1.14999e+07,4.49971e+06,6.79999e+06,1.14999e+07,4.49963e+06,6.79999e+06,1.14998e+07,4.49953e+06,6.79999e+06,1.14998e+07,4.49941e+06,6.79999e+06,1.14998e+07,4.49926e+06,6.79999e+06,1.14998e+07,4.49906e+06,6.79999e+06,1.14997e+07,4.49882e+06,6.79999e+06,1.14997e+07,4.49851e+06,6.79999e+06,1.14997e+07,4.49812e+06,6.79999e+06,1.14996e+07,4.49764e+06,6.79999e+06,1.14996e+07,4.49702e+06,6.79999e+06,1.14995e+07,4.49625e+06,6.79999e+06,1.14995e+07,4.49528e+06,6.79999e+06,1.14994e+07,4.49406e+06,6.79999e+06,1.14993e+07,4.49253e+06,6.79999e+06,1.14992e+07,4.49059e+06,6.79999e+06,1.14991e+07,4.48817e+06,6.79999e+06,1.1499e+07,4.48511e+06,6.79999e+06,1.14988e+07,4.48128e+06,6.79999e+06,1.14987e+07,4.47646e+06,6.79999e+06,1.14985e+07,4.47041e+06,6.79999e+06,1.14983e+07,4.46281e+06,6.79999e+06,1.14981e+07,4.4533e+06,6.79999e+06,1.14979e+07,4.44138e+06,6.79999e+06,1.14976e+07,4.42649e+06,6.79999e+06,1.14972e+07,4.40789e+06,6.79999e+06,1.14969e+07,4.38471e+06,6.79999e+06,1.14965e+07,4.35592e+06,6.79999e+06,1.1496e+07,4.32027e+06,6.79999e+06,1.14955e+07,4.27629e+06,6.79999e+06,1.14949e+07,4.22231e+06,6.79999e+06,1.14942e+07,4.15647e+06,6.79999e+06,1.14934e+07,4.07676e+06,6.79999e+06,1.14926e+07,3.98112e+06,6.79999e+06,1.14916e+07,3.86765e+06,6.79999e+06,1.14905e+07,3.73474e+06,6.79999e+06,1.14892e+07,3.58148e+06,6.79999e+06,1.14878e+07,3.40785e+06,6.79999e+06,1.14862e+07,3.21513e+06,6.79999e+06,1.14844e+07,3.00605e+06,6.79999e+06,1.14823e+07,2.7848e+06,6.79999e+06,1.148e+07,2.5568e+06,6.79999e+06,1.14773e+07,2.32825e+06,6.79999e+06,13.5742,8.52444,0.508366,16.8306,13.2585,0.162638,20.0035,17.569,0.0507846,23.2616,22.4214,0.0158319,26.7328,28.3297,0.00493498,30.5212,35.6974,0.00153831,34.7178,44.9473,0.000479527,39.4086,56.5822,0.000149456,44.6796,71.2245,4.66214e-05,50.6209,89.6543,1.45419e-05,57.3297,112.852,4.54748e-06,64.9129,142.051,1.43857e-06,73.4897,178.803,4.36618e-07,83.1934,225.062,1.40153e-07,94.1745,283.286,4.96378e-08,106.602,356.568,1.05434e-07,120.669,448.799,-6.49244e-08,136.59,564.873,1.70148e-07,154.611,710.948,-5.34594e-08,175.008,894.767,1.63407e-07,198.097,1126.06,8.04804e-08,224.231,1417.07,1.14667e-07,253.813,1783.15,-1.71227e-07,287.297,2243.62,-2.88466e-07,325.198,2822.67,-4.33651e-07,368.098,3550.67,7.9318e-08,416.657,4465.65,3.13319e-07,471.621,5615.16,3.4613e-07,533.835,7058.61,-1.19199e-07,604.255,8870.02,-2.79964e-07,683.962,11141.4,-2.30521e-07,774.182,13986.7,-2.55099e-07,876.299,17546.4,1.23585e-07,991.883,21993.1,1.41192e-07,1122.71,27536.7,-9.71886e-08,1270.78,34430.7,-3.68368e-07,1438.38,42977.7,-3.45379e-07,1628.07,53532.7,-3.25328e-09,1842.77,66504.6,2.6362e-07,2085.77,82350.2,2.53445e-07,2360.79,101560,-2.47407e-08,2672.05,124632,-3.80602e-07,3024.31,152018,-4.79005e-07,3422.98,184060,-1.14379e-07,3874.15,220884,2.64297e-07,4384.72,262283,3.44131e-07,4962.49,307576,7.5349e-08,5616.29,355497,-3.63097e-07,6356.1,404126,-6.05442e-07,7193.18,450932,-2.72333e-07,8140.28,492963,2.29675e-07,9211.79,527178,4.3387e-07,10424,550893,-1.0711e-07,10.102,8.06553,2.81012,10.6436,8.57909,0.869423,11.5336,10.2515,0.270869,12.7211,12.7138,0.0844293,14.1823,15.9373,0.0263173,15.9122,20.0383,0.0082035,17.9198,25.2154,0.00255722,20.2244,31.7373,0.000797017,22.8539,39.9486,0.000248622,25.8438,50.2851,7.75492e-05,29.237,63.2963,2.42508e-05,33.0837,79.6738,7.67162e-06,37.4415,100.288,2.32837e-06,42.3767,126.236,7.33e-07,47.9646,158.896,2.79256e-07,54.2906,200.003,9.87351e-09,61.452,251.741,1.61085e-07,69.5585,316.859,-2.47141e-07,78.7347,398.812,8.93552e-08,89.1218,501.948,-2.53231e-07,100.879,631.736,-1.25047e-07,114.188,795.049,-1.78808e-07,129.252,1000.53,2.6733e-07,146.304,1259.03,4.50292e-07,165.605,1584.19,6.76904e-07,187.452,1993.12,-1.23808e-07,212.181,2507.27,-4.89068e-07,240.173,3153.54,-5.40284e-07,271.856,3965.56,1.86061e-07,307.719,4985.38,4.37004e-07,348.313,6265.4,3.59828e-07,394.26,7870.83,3.98192e-07,446.268,9882.51,-1.92908e-07,505.135,12400.3,-2.20392e-07,571.766,15546.9,1.51705e-07,647.184,19472.2,5.74996e-07,732.547,24357.4,5.39112e-07,829.167,30420,5.07815e-09,938.526,37916.3,-4.11492e-07,1062.3,47143.9,-3.9561e-07,1202.4,58439.2,3.86185e-08,1360.96,72169.3,5.94093e-07,1540.42,88715.8,7.47693e-07,1743.53,108445,1.78537e-07,1973.41,131665,-4.12549e-07,2233.57,158557,-5.37164e-07,2528,189103,-1.17615e-07,2861.2,222986,5.66769e-07,3238.27,259510,9.45053e-07,3664.97,297540,4.25093e-07,4147.81,335497,-3.58506e-07,4694.17,371444,-6.7724e-07,5312.37,403256,1.67192e-07,1.61744,3.89446,9.84394,3.28846,7.5504,12.774,5.07607,11.7187,13.6844,7.03202,16.8147,13.9681,9.20215,23.1769,14.0566,11.6301,31.1672,14.0841,14.3598,41.2186,14.0927,17.4376,53.8688,14.0954,20.9137,69.7915,14.0962,24.8432,89.8341,14.0965,29.2879,115.063,14.0966,34.3168,146.819,14.0966,40.0078,186.792,14.0966,46.4487,237.107,14.0966,53.7388,300.44,14.0966,61.9903,380.158,14.0966,71.3301,480.499,14.0966,81.902,606.796,14.0966,93.8685,765.761,14.0966,107.414,965.837,14.0966,122.746,1217.65,14.0966,140.101,1534.57,14.0966,159.745,1933.41,14.0966,181.981,2435.3,14.0966,207.15,3066.85,14.0966,235.64,3861.46,14.0966,267.889,4861.11,14.0966,304.391,6118.54,14.0966,345.709,7699.91,14.0966,392.478,9688.22,14.0966,445.417,12187.5,14.0966,505.339,15327.7,14.0966,573.165,19271.6,14.0966,649.938,24222,14.0966,736.839,30430.9,14.0966,835.202,38211.5,14.0966,946.539,47950.3,14.0966,1072.56,60122.8,14.0966,1215.21,75309.9,14.0966,1376.66,94216.2,14.0966,1559.41,117688,14.0966,1766.26,146729,14.0966,2000.39,182510,14.0966,2265.39,226372,14.0966,2565.33,279806,14.0966,2904.81,344416,14.0966,3289.05,421845,14.0966,3723.93,513667,14.0966,4216.13,621231,14.0966,4773.18,745478,14.0966,5403.64,886744,14.0966,6117.15,1.04457e+06,14.0966,6924.63,1.2176e+06,14.0966,11.7194,11.96,12.6541,13.9321,16.1295,13.6434,16.6097,21.9702,13.9553,19.7532,29.5285,14.0526,23.3844,39.1143,14.0829,27.5423,51.2054,14.0923,32.2796,66.434,14.0953,37.662,85.6061,14.0962,43.7675,109.74,14.0965,50.687,140.119,14.0966,58.5249,178.359,14.0966,67.4005,226.493,14.0966,77.4493,287.08,14.0966,88.8254,363.343,14.0966,101.703,459.336,14.0966,116.281,580.161,14.0966,132.782,732.241,14.0966,151.46,923.655,14.0966,172.603,1164.57,14.0966,196.535,1467.79,14.0966,223.625,1849.39,14.0966,254.288,2329.62,14.0966,288.997,2933.93,14.0966,328.285,3694.33,14.0966,372.755,4651.04,14.0966,423.092,5854.57,14.0966,480.07,7368.38,14.0966,544.564,9272.08,14.0966,617.566,11665.5,14.0966,700.197,14673.6,14.0966,793.729,18452.9,14.0966,899.599,23198.6,14.0966,1019.43,29154.1,14.0966,1155.07,36622.3,14.0966,1308.6,45977.9,14.0966,1482.39,57683.7,14.0966,1679.09,72307.8,14.0966,1901.73,90542.8,14.0966,2153.73,113226,14.0966,2438.97,141360,14.0966,2761.81,176127,14.0966,3127.22,218898,14.0966,3540.81,271226,14.0966,4008.92,334817,14.0966,4538.74,411470,14.0966,5138.38,502973,14.0966,5817.04,610948,14.0966,6585.12,736653,14.0966,7454.39,880741,14.0966,8438.15,1.04302e+06,14.0966,9551.45,1.22224e+06,14.0966,10811.3,1.41602e+06,14.0966,12237,1.62086e+06,14.0966,11.7194,11.96,12.6541,2.21263,4.16949,0.989383,2.67766,5.84076,0.311842,3.14343,7.55825,0.0972771,3.63127,9.58578,0.0303237,4.15787,12.0912,0.00945211,4.73731,15.2286,0.00294633,5.38238,19.1721,0.000918508,6.10553,24.134,0.000286163,6.91951,30.3791,8.92692e-05,7.83792,38.2397,2.78121e-05,8.87555,48.1338,8.65134e-06,10.0489,60.5876,2.7882e-06,11.3761,76.2629,8.29036e-07,12.8779,95.9927,2.4373e-07,14.5775,120.825,4.33068e-09,16.5012,152.08,1.75749e-07,18.6784,191.415,-1.86328e-07,21.1428,240.917,1.91829e-07,23.9322,303.213,-1.81475e-07,27.0895,381.602,7.0186e-08,30.6634,480.231,-2.86769e-08,34.7087,604.316,2.40784e-07,39.2876,760.401,9.87368e-08,44.4705,956.705,1.22263e-07,50.3371,1203.54,-4.31966e-07,56.9776,1513.81,-1.9705e-07,64.494,1903.69,-2.763e-08,73.0018,2393.4,3.9185e-07,82.6317,3008.13,1.35379e-07,93.5318,3779.25,-4.16351e-08,105.869,4745.7,2.06965e-08,119.834,5955.6,-3.18887e-07,135.641,7468.12,-1.48271e-08,153.531,9355.62,2.00739e-07,173.781,11705.8,2.28358e-07,196.701,14624.1,-1.93587e-08,222.642,18235,-2.88101e-07,252.003,22683.4,-2.24732e-07,285.234,28134,8.56806e-09,322.845,34767,2.34258e-07,365.413,42770.9,2.99668e-07,413.588,52327.9,8.28644e-08,468.111,63591.2,-3.07049e-07,529.814,76653.2,-3.1888e-07,599.642,91502.5,-6.72276e-08,678.662,107975,2.26339e-07,768.083,125705,3.69212e-07,869.267,144088,2.04077e-07,983.76,162277,-2.80509e-07,1113.3,179223,-4.22737e-07,1259.87,193777,-1.71951e-07,1425.68,204839,4.55555e-07,11.7194,11.96,12.6541,2.21263,4.16949,0.989383,2.67766,5.84076,0.311842,3.14343,7.55825,0.0972771,3.63127,9.58578,0.0303237,4.15787,12.0912,0.00945211,4.73731,15.2286,0.00294633,5.38238,19.1721,0.000918508,6.10553,24.134,0.000286163,6.91951,30.3791,8.92692e-05,7.83792,38.2397,2.78121e-05,8.87555,48.1338,8.65134e-06,10.0489,60.5876,2.7882e-06,11.3761,76.2629,8.29036e-07,12.8779,95.9927,2.4373e-07,14.5775,120.825,1e-08,16.5012,152.08,1.75749e-07,18.6784,191.415,1e-08,21.1428,240.917,1.91829e-07,23.9322,303.213,1e-08,27.0895,381.602,7.0186e-08,30.6634,480.231,1e-08,34.7087,604.316,2.40784e-07,39.2876,760.401,9.87368e-08,44.4705,956.705,1.22263e-07,50.3371,1203.54,1e-08,56.9776,1513.81,1e-08,64.494,1903.69,1e-08,73.0018,2393.4,3.9185e-07,82.6317,3008.13,1.35379e-07,93.5318,3779.25,1e-08,105.869,4745.7,2.06965e-08,119.834,5955.6,1e-08,135.641,7468.12,1e-08,153.531,9355.62,2.00739e-07,173.781,11705.8,2.28358e-07,196.701,14624.1,1e-08,222.642,18235,1e-08,252.003,22683.4,1e-08,285.234,28134,1e-08,322.845,34767,2.34258e-07,365.413,42770.9,2.99668e-07,413.588,52327.9,8.28644e-08,468.111,63591.2,1e-08,529.814,76653.2,1e-08,599.642,91502.5,1e-08,678.662,107975,2.26339e-07,768.083,125705,3.69212e-07,869.267,144088,2.04077e-07,983.76,162277,1e-08,1113.3,179223,1e-08,1259.87,193777,1e-08,1425.68,204839,4.55555e-07,6.2823,3.27286,2.43537,0.219672,6.18826,2.24117,0.56371,6.87772,2.63624,0.308279,8,23,8,1,5,0,2,9,0,3,10,1,3,4,0,4,6,0,1,18,0,2,25,0,6,19,0,5,14,0,13,29,0,7,26,0,14,29,0,9,61,0,11,88,0,11,170,0,17,134,0,23,111,0,29,128,0,28,217,0,12,404,0,27,559,0,26,376,0,30,341,0,48,1336,0,40,1159,0,70,1955,0,112,1412,0,85,1871,0,43,3787,0,99,4244,0,153,3001,0,125,4894,0,89,8115,0,198,8378,0,135,18806,0,210,18358,0,177,15328,0,138,14389,0,430,27743,0,251,41618,0,293,23061,0,209,44505,0,353,69781,0,492,66759,0,560,107782,0,834,76458,0,433,156748,0,787,217461,0,856,208271,0,1174,113449,0,2350,156995,0,1323,164023,0
-1.05176e+08,1,8.88811e-15,10,1023,0,1.05176e+08,0.528882,1.08665,0.389689,0.145397,0.379329,3.24381,0.161596,0.446195,1.77396,0.159177,1.15e+07,4.49998e+06,6.79999e+06,1.15e+07,4.49997e+06,6.79999e+06,1.15e+07,4.49996e+06,6.79999e+06,1.15e+07,4.49995e+06,6.79999e+06,1.14999e+07,4.49993e+06,6.79999e+06,1.14999e+07,4.49991e+06,6.79999e+06,1.14999e+07,4.49989e+06,6.79999e+06,1.14999e+07,4.49986e+06,6.79999e+06,1.14999e+07,4.49982e+06,6.79999e+06,1.14999e+07,4.49977e+06,6.79999e+06,1.14999e+07,4.49971e+06,6.79999e+06,1.14999e+07,4.49963e+06,6.79999e+06,1.14998e+07,4.49953e+06,6.79999e+06,1.14998e+07,4.49941e+06,6.79999e+06,1.14998e+07,4.49926e+06,6.79999e+06,1.14998e+07,4.49906e+06,6.79999e+06,1.14997e+07,4.49882e+06,6.79999e+06,1.14997e+07,4.49851e+06,6.79999e+06,1.14997e+07,4.49812e+06,6.79999e+06,1.14996e+07,4.49764e+06,6.79999e+06,1.14996e+07,4.49702e+06,6.79999e+06,1.14995e+07,4.49625e+06,6.79999e+06,1.14995e+07,4.49528e+06,6.79999e+06,1.14994e+07,4.49406e+06,6.79999e+06,1.14993e+07,4.49253e+06,6.79999e+06,1.14992e+07,4.49059e+06,6.79999e+06,1.14991e+07,4.48817e+06,6.79999e+06,1.1499e+07,4.48511e+06,6.79999e+06,1.14988e+07,4.48128e+06,6.79999e+06,1.14987e+07,4.47646e+06,6.79999e+06,1.14985e+07,4.47041e+06,6.79999e+06,1.14983e+07,4.46281e+06,6.79999e+06,1.14981e+07,4.4533e+06,6.79999e+06,1.14979e+07,4.44138e+06,6.79999e+06,1.14976e+07,4.42649e+06,6.79999e+06,1.14972e+07,4.40789e+06,6.79999e+06,1.14969e+07,4.38471e+06,6.79999e+06,1.14965e+07,4.35592e+06,6.79999e+06,1.1496e+07,4.32027e+06,6.79999e+06,1.14955e+07,4.27629e+06,6.79999e+06,1.14949e+07,4.22231e+06,6.79999e+06,1.14942e+07,4.15647e+06,6.79999e+06,1.14934e+07,4.07676e+06,6.79999e+06,1.14926e+07,3.98112e+06,6.79999e+06,1.14916e+07,3.86765e+06,6.79999e+06,1.14905e+07,3.73474e+06,6.79999e+06,1.14892e+07,3.58148e+06,6.79999e+06,1.14878e+07,3.40785e+06,6.79999e+06,1.14862e+07,3.21513e+06,6.79999e+06,1.14844e+07,3.00605e+06,6.79999e+06,1.14823e+07,2.7848e+06,6.79999e+06,1.148e+07,2.5568e+06,6.79999e+06,1.14773e+07,2.32825e+06,6.79999e+06,13.5742,8.52444,0.508366,16.8306,13.2585,0.162638,20.0035,17.569,0.0507846,23.2616,22.4214,0.0158319,26.7328,28.3297,0.00493498,30.5212,35.6974,0.00153831,34.7178,44.9473,0.000479527,39.4086,56.5822,0.000149456,44.6796,71.2245,4.66214e-05,50.6209,89.6543,1.45419e-05,57.3297,112.852,4.54748e-06,64.9129,142.051,1.43857e-06,73.4897,178.803,4.36618e-07,83.1934,225.062,1.40153e-07,94.1745,283.286,4.96378e-08,106.602,356.568,1.05434e-07,120.669,448.799,-6.49244e-08,136.59,564.873,1.70148e-07,154.611,710.948,-5.34594e-08,175.008,894.767,1.63407e-07,198.097,1126.06,8.04804e-08,224.231,1417.07,1.14667e-07,253.813,1783.15,-1.71227e-07,287.297,2243.62,-2.88466e-07,325.198,2822.67,-4.33651e-07,368.098,3550.67,7.9318e-08,416.657,4465.65,3.13319e-07,471.621,5615.16,3.4613e-07,533.835,7058.61,-1.19199e-07,604.255,8870.02,-2.79964e-07,683.962,11141.4,-2.30521e-07,774.182,13986.7,-2.55099e-07,876.299,17546.4,1.23585e-07,991.883,21993.1,1.41192e-07,1122.71,27536.7,-9.71886e-08,1270.78,34430.7,-3.68368e-07,1438.38,42977.7,-3.45379e-07,1628.07,53532.7,-3.25328e-09,1842.77,66504.6,2.6362e-07,2085.77,82350.2,2.53445e-07,2360.79,101560,-2.47407e-08,2672.05,124632,-3.80602e-07,3024.31,152018,-4.79005e-07,3422.98,184060,-1.14379e-07,3874.15,220884,2.64297e-07,4384.72,262283,3.44131e-07,4962.49,307576,7.5349e-08,5616.29,355497,-3.63097e-07,6356.1,404126,-6.05442e-07,7193.18,450932,-2.72333e-07,8140.28,492963,2.29675e-07,9211.79,527178,4.3387e-07,10424,550893,-1.0711e-07,10.102,8.06553,2.81012,10.6436,8.57909,0.869423,11.5336,10.2515,0.270869,12.7211,12.7138,0.0844293,14.1823,15.9373,0.0263173,15.9122,20.0383,0.0082035,17.9198,25.2154,0.00255722,20.2244,31.7373,0.000797017,22.8539,39.9486,0.000248622,25.8438,50.2851,7.75492e-05,29.237,63.2963,2.42508e-05,33.0837,79.6738,7.67162e-06,37.4415,100.288,2.32837e-06,42.3767,126.236,7.33e-07,47.9646,158.896,2.79256e-07,54.2906,200.003,9.87351e-09,61.452,251.741,1.61085e-07,69.5585,316.859,-2.47141e-07,78.7347,398.812,8.93552e-08,89.1218,501.948,-2.53231e-07,100.879,631.736,-1.25047e-07,114.188,795.049,-1.78808e-07,129.252,1000.53,2.6733e-07,146.304,1259.03,4.50292e-07,165.605,1584.19,6.76904e-07,187.452,1993.12,-1.23808e-07,212.181,2507.27,-4.89068e-07,240.173,3153.54,-5.40284e-07,271.856,3965.56,1.86061e-07,307.719,4985.38,4.37004e-07,348.313,6265.4,3.59828e-07,394.26,7870.83,3.98192e-07,446.268,9882.51,-1.92908e-07,505.135,12400.3,-2.20392e-07,571.766,15546.9,1.51705e-07,647.184,19472.2,5.74996e-07,732.547,24357.4,5.39112e-07,829.167,30420,5.07815e-09,938.526,37916.3,-4.11492e-07,1062.3,47143.9,-3.9561e-07,1202.4,58439.2,3.86185e-08,1360.96,72169.3,5.94093e-07,1540.42,88715.8,7.47693e-07,1743.53,108445,1.78537e-07,1973.41,131665,-4.12549e-07,2233.57,158557,-5.37164e-07,2528,189103,-1.17615e-07,2861.2,222986,5.66769e-07,3238.27,259510,9.45053e-07,3664.97,297540,4.25093e-07,4147.81,335497,-3.58506e-07,4694.17,371444,-6.7724e-07,5312.37,403256,1.67192e-07,1.61744,3.89446,9.84394,3.28846,7.5504,12.774,5.07607,11.7187,13.6844,7.03202,16.8147,13.9681,9.20215,23.1769,14.0566,11.6301,31.1672,14.0841,14.3598,41.2186,14.0927,17.4376,53.8688,14.0954,20.9137,69.7915,14.0962,24.8432,89.8341,14.0965,29.2879,115.063,14.0966,34.3168,146.819,14.0966,40.0078,186.792,14.0966,46.4487,237.107,14.0966,53.7388,300.44,14.0966,61.9903,380.158,14.0966,71.3301,480.499,14.0966,81.902,606.796,14.0966,93.8685,765.761,14.0966,107.414,965.837,14.0966,122.746,1217.65,14.0966,140.101,1534.57,14.0966,159.745,1933.41,14.0966,181.981,2435.3,14.0966,207.15,3066.85,14.0966,235.64,3861.46,14.0966,267.889,4861.11,14.0966,304.391,6118.54,14.0966,345.709,7699.91,14.0966,392.478,9688.22,14.0966,445.417,12187.5,14.0966,505.339,15327.7,14.0966,573.165,19271.6,14.0966,649.938,24222,14.0966,736.839,30430.9,14.0966,835.202,38211.5,14.0966,946.539,47950.3,14.0966,1072.56,60122.8,14.0966,1215.21,75309.9,14.0966,1376.66,94216.2,14.0966,1559.41,117688,14.0966,1766.26,146729,14.0966,2000.39,182510,14.0966,2265.39,226372,14.0966,2565.33,279806,14.0966,2904.81,344416,14.0966,3289.05,421845,14.0966,3723.93,513667,14.0966,4216.13,621231,14.0966,4773.18,745478,14.0966,5403.64,886744,14.0966,6117.15,1.04457e+06,14.0966,6924.63,1.2176e+06,14.0966,11.7194,11.96,12.6541,13.9321,16.1295,13.6434,16.6097,21.9702,13.9553,19.7532,29.5285,14.0526,23.3844,39.1143,14.0829,27.5423,51.2054,14.0923,32.2796,66.434,14.0953,37.662,85.6061,14.0962,43.7675,109.74,14.0965,50.687,140.119,14.0966,58.5249,178.359,14.0966,67.4005,226.493,14.0966,77.4493,287.08,14.0966,88.8254,363.343,14.0966,101.703,459.336,14.0966,116.281,580.161,14.0966,132.782,732.241,14.0966,151.46,923.655,14.0966,172.603,1164.57,14.0966,196.535,1467.79,14.0966,223.625,1849.39,14.0966,254.288,2329.62,14.0966,288.997,2933.93,14.0966,328.285,3694.33,14.0966,372.755,4651.04,14.0966,423.092,5854.57,14.0966,480.07,7368.38,14.0966,544.564,9272.08,14.0966,617.566,11665.5,14.0966,700.197,14673.6,14.0966,793.729,18452.9,14.0966,899.599,23198.6,14.0966,1019.43,29154.1,14.0966,1155.07,36622.3,14.0966,1308.6,45977.9,14.0966,1482.39,57683.7,14.0966,1679.09,72307.8,14.0966,1901.73,90542.8,14.0966,2153.73,113226,14.0966,2438.97,141360,14.0966,2761.81,176127,14.0966,3127.22,218898,14.0966,3540.81,271226,14.0966,4008.92,334817,14.0966,4538.74,411470,14.0966,5138.38,502973,14.0966,5817.04,610948,14.0966,6585.12,736653,14.0966,7454.39,880741,14.0966,8438.15,1.04302e+06,14.0966,9551.45,1.22224e+06,14.0966,10811.3,1.41602e+06,14.0966,12237,1.62086e+06,14.0966,11.7194,11.96,12.6541,2.21263,4.16949,0.989383,2.67766,5.84076,0.311842,3.14343,7.55825,0.0972771,3.63127,9.58578,0.0303237,4.15787,12.0912,0.00945211,4.73731,15.2286,0.00294633,5.38238,19.1721,0.000918508,6.10553,24.134,0.000286163,6.91951,30.3791,8.92692e-05,7.83792,38.2397,2.78121e-05,8.87555,48.1338,8.65134e-06,10.0489,60.5876,2.7882e-06,11.3761,76.2629,8.29036e-07,12.8779,95.9927,2.4373e-07,14.5775,120.825,4.33068e-09,16.5012,152.08,1.75749e-07,18.6784,191.415,-1.86328e-07,21.1428,240.917,1.91829e-07,23.9322,303.213,-1.81475e-07,27.0895,381.602,7.0186e-08,30.6634,480.231,-2.86769e-08,34.7087,604.316,2.40784e-07,39.2876,760.401,9.87368e-08,44.4705,956.705,1.22263e-07,50.3371,1203.54,-4.31966e-07,56.9776,1513.81,-1.9705e-07,64.494,1903.69,-2.763e-08,73.0018,2393.4,3.9185e-07,82.6317,3008.13,1.35379e-07,93.5318,3779.25,-4.16351e-08,105.869,4745.7,2.06965e-08,119.834,5955.6,-3.18887e-07,135.641,7468.12,-1.48271e-08,153.531,9355.62,2.00739e-07,173.781,11705.8,2.28358e-07,196.701,14624.1,-1.93587e-08,222.642,18235,-2.88101e-07,252.003,22683.4,-2.24732e-07,285.234,28134,8.56806e-09,322.845,34767,2.34258e-07,365.413,42770.9,2.99668e-07,413.588,52327.9,8.28644e-08,468.111,63591.2,-3.07049e-07,529.814,76653.2,-3.1888e-07,599.642,91502.5,-6.72276e-08,678.662,107975,2.26339e-07,768.083,125705,3.69212e-07,869.267,144088,2.04077e-07,983.76,162277,-2.80509e-07,1113.3,179223,-4.22737e-07,1259.87,193777,-1.71951e-07,1425.68,204839,4.55555e-07,11.7194,11.96,12.6541,2.21263,4.16949,0.989383,2.67766,5.84076,0.311842,3.14343,7.55825,0.0972771,3.63127,9.58578,0.0303237,4.15787,12.0912,0.00945211,4.73731,15.2286,0.00294633,5.38238,19.1721,0.000918508,6.10553,24.134,0.000286163,6.91951,30.3791,8.92692e-05,7.83792,38.2397,2.78121e-05,8.87555,48.1338,8.65134e-06,10.0489,60.5876,2.7882e-06,11.3761,76.2629,8.29036e-07,12.8779,95.9927,2.4373e-07,14.5775,120.825,1e-08,16.5012,152.08,1.75749e-07,18.6784,191.415,1e-08,21.1428,240.917,1.91829e-07,23.9322,303.213,1e-08,27.0895,381.602,7.0186e-08,30.6634,480.231,1e-08,34.7087,604.316,2.40784e-07,39.2876,760.401,9.87368e-08,44.4705,956.705,1.22263e-07,50.3371,1203.54,1e-08,56.9776,1513.81,1e-08,64.494,1903.69,1e-08,73.0018,2393.4,3.9185e-07,82.6317,3008.13,1.35379e-07,93.5318,3779.25,1e-08,105.869,4745.7,2.06965e-08,119.834,5955.6,1e-08,135.641,7468.12,1e-08,153.531,9355.62,2.00739e-07,173.781,11705.8,2.28358e-07,196.701,14624.1,1e-08,222.642,18235,1e-08,252.003,22683.4,1e-08,285.234,28134,1e-08,322.845,34767,2.34258e-07,365.413,42770.9,2.99668e-07,413.588,52327.9,8.28644e-08,468.111,63591.2,1e-08,529.814,76653.2,1e-08,599.642,91502.5,1e-08,678.662,107975,2.26339e-07,768.083,125705,3.69212e-07,869.267,144088,2.04077e-07,983.76,162277,1e-08,1113.3,179223,1e-08,1259.87,193777,1e-08,1425.68,204839,4.55555e-07,6.2823,3.27286,2.43537,0.219672,6.18826,2.24117,0.56371,6.87772,2.63624,0.308279,19,18,9,1,5,1,2,9,0,2,5,0,2,12,0,6,4,0,4,7,0,12,28,0,4,12,0,9,6,0,13,25,0,21,52,0,14,119,0,5,102,0,16,99,0,16,96,0,11,253,0,18,164,0,27,114,0,16,614,0,10,273,0,23,159,0,22,1025,0,42,705,0,37,843,0,16,261,0,28,1294,0,69,3573,0,109,2772,0,95,1570,0,69,2804,0,114,4175,0,45,6808,0,113,8713,0,111,6061,0,192,7359,0,195,15857,0,214,23107,0,179,29950,0,441,25110,0,480,30332,0,414,85537,0,360,52101,0,335,27733,0,303,25750,0,369,85690,0,764,133228,0,1265,148755,0,599,268055,0,913,185753,0,1003,228667,0,2136,170304,0,1430,213885,0
-1.05176e+08,1,8.88811e-15,10,1023,0,1.05176e+08,0.528882,1.08665,0.389689,0.145397,0.379329,3.24381,0.161596,0.446195,1.77396,0.159177,1.15e+07,4.49998e+06,6.79999e+06,1.15e+07,4.49997e+06,6.79999e+06,1.15e+07,4.49996e+06,6.79999e+06,1.15e+07,4.49995e+06,6.79999e+06,1.14999e+07,4.49993e+06,6.79999e+06,1.14999e+07,4.49991e+06,6.79999e+06,1.14999e+07,4.49989e+06,6.79999e+06,1.14999e+07,4.49986e+06,6.79999e+06,1.14999e+07,4.49982e+06,6.79999e+06,1.14999e+07,4.49977e+06,6.79999e+06,1.14999e+07,4.49971e+06,6.79999e+06,1.14999e+07,4.49963e+06,6.79999e+06,1.14998e+07,4.49953e+06,6.79999e+06,1.14998e+07,4.49941e+06,6.79999e+06,1.14998e+07,4.49926e+06,6.79999e+06,1.14998e+07,4.49906e+06,6.79999e+06,1.14997e+07,4.49882e+06,6.79999e+06,1.14997e+07,4.49851e+06,6.79999e+06,1.14997e+07,4.49812e+06,6.79999e+06,1.14996e+07,4.49764e+06,6.79999e+06,1.14996e+07,4.49702e+06,6.79999e+06,1.14995e+07,4.49625e+06,6.79999e+06,1.14995e+07,4.49528e+06,6.79999e+06,1.14994e+07,4.49406e+06,6.79999e+06,1.14993e+07,4.49253e+06,6.79999e+06,1.14992e+07,4.49059e+06,6.79999e+06,1.14991e+07,4.48817e+06,6.79999e+06,1.1499e+07,4.48511e+06,6.79999e+06,1.14988e+07,4.48128e+06,6.79999e+06,1.14987e+07,4.47646e+06,6.79999e+06,1.14985e+07,4.47041e+06,6.79999e+06,1.14983e+07,4.46281e+06,6.79999e+06,1.14981e+07,4.4533e+06,6.79999e+06,1.14979e+07,4.44138e+06,6.79999e+06,1.14976e+07,4.42649e+06,6.79999e+06,1.14972e+07,4.40789e+06,6.79999e+06,1.14969e+07,4.38471e+06,6.79999e+06,1.14965e+07,4.35592e+06,6.79999e+06,1.1496e+07,4.32027e+06,6.79999e+06,1.14955e+07,4.27629e+06,6.79999e+06,1.14949e+07,4.22231e+06,6.79999e+06,1.14942e+07,4.15647e+06,6.79999e+06,1.14934e+07,4.07676e+06,6.79999e+06,1.14926e+07,3.98112e+06,6.79999e+06,1.14916e+07,3.86765e+06,6.79999e+06,1.14905e+07,3.73474e+06,6.79999e+06,1.14892e+07,3.58148e+06,6.79999e+06,1.14878e+07,3.40785e+06,6.79999e+06,1.14862e+07,3.21513e+06,6.79999e+06,1.14844e+07,3.00605e+06,6.79999e+06,1.14823e+07,2.7848e+06,6.79999e+06,1.148e+07,2.5568e+06,6.79999e+06,1.14773e+07,2.32825e+06,6.79999e+06,13.5742,8.52444,0.508366,16.8306,13.2585,0.162638,20.0035,17.569,0.0507846,23.2616,22.4214,0.0158319,26.7328,28.3297,0.00493498,30.5212,35.6974,0.00153831,34.7178,44.9473,0.000479527,39.4086,56.5822,0.000149456,44.6796,71.2245,4.66214e-05,50.6209,89.6543,1.45419e-05,57.3297,112.852,4.54748e-06,64.9129,142.051,1.43857e-06,73.4897,178.803,4.36618e-07,83.1934,225.062,1.40153e-07,94.1745,283.286,4.96378e-08,106.602,356.568,1.05434e-07,120.669,448.799,-6.49244e-08,136.59,564.873,1.70148e-07,154.611,710.948,-5.34594e-08,175.008,894.767,1.63407e-07,198.097,1126.06,8.04804e-08,224.231,1417.07,1.14667e-07,253.813,1783.15,-1.71227e-07,287.297,2243.62,-2.88466e-07,325.198,2822.67,-4.33651e-07,368.098,3550.67,7.9318e-08,416.657,4465.65,3.13319e-07,471.621,5615.16,3.4613e-07,533.835,7058.61,-1.19199e-07,604.255,8870.02,-2.79964e-07,683.962,11141.4,-2.30521e-07,774.182,13986.7,-2.55099e-07,876.299,17546.4,1.23585e-07,991.883,21993.1,1.41192e-07,1122.71,27536.7,-9.71886e-08,1270.78,34430.7,-3.68368e-07,1438.38,42977.7,-3.45379e-07,1628.07,53532.7,-3.25328e-09,1842.77,66504.6,2.6362e-07,2085.77,82350.2,2.53445e-07,2360.79,101560,-2.47407e-08,2672.05,124632,-3.80602e-07,3024.31,152018,-4.79005e-07,3422.98,184060,-1.14379e-07,3874.15,220884,2.64297e-07,4384.72,262283,3.44131e-07,4962.49,307576,7.5349e-08,5616.29,355497,-3.63097e-07,6356.1,404126,-6.05442e-07,7193.18,450932,-2.72333e-07,8140.28,492963,2.29675e-07,9211.79,527178,4.3387e-07,10424,550893,-1.0711e-07,10.102,8.06553,2.81012,10.6436,8.57909,0.869423,11.5336,10.2515,0.270869,12.7211,12.7138,0.0844293,14.1823,15.9373,0.0263173,15.9122,20.0383,0.0082035,17.9198,25.2154,0.00255722,20.2244,31.7373,0.000797017,22.8539,39.9486,0.000248622,25.8438,50.2851,7.75492e-05,29.237,63.2963,2.42508e-05,33.0837,79.6738,7.67162e-06,37.4415,100.288,2.32837e-06,42.3767,126.236,7.33e-07,47.9646,158.896,2.79256e-07,54.2906,200.003,9.87351e-09,61.452,251.741,1.61085e-07,69.5585,316.859,-2.47141e-07,78.7347,398.812,8.93552e-08,89.1218,501.948,-2.53231e-07,100.879,631.736,-1.25047e-07,114.188,795.049,-1.78808e-07,129.252,1000.53,2.6733e-07,146.304,1259.03,4.50292e-07,165.605,1584.19,6.76904e-07,187.452,1993.12,-1.23808e-07,212.181,2507.27,-4.89068e-07,240.173,3153.54,-5.40284e-07,271.856,3965.56,1.86061e-07,307.719,4985.38,4.37004e-07,348.313,6265.4,3.59828e-07,394.26,7870.83,3.98192e-07,446.268,9882.51,-1.92908e-07,505.135,12400.3,-2.20392e-07,571.766,15546.9,1.51705e-07,647.184,19472.2,5.74996e-07,732.547,24357.4,5.39112e-07,829.167,30420,5.07815e-09,938.526,37916.3,-4.11492e-07,1062.3,47143.9,-3.9561e-07,1202.4,58439.2,3.86185e-08,1360.96,72169.3,5.94093e-07,1540.42,88715.8,7.47693e-07,1743.53,108445,1.78537e-07,1973.41,131665,-4.12549e-07,2233.57,158557,-5.37164e-07,2528,189103,-1.17615e-07,2861.2,222986,5.66769e-07,3238.27,259510,9.45053e-07,3664.97,297540,4.25093e-07,4147.81,335497,-3.58506e-07,4694.17,371444,-6.7724e-07,5312.37,403256,1.67192e-07,1.61744,3.89446,9.84394,3.28846,7.5504,12.774,5.07607,11.7187,13.6844,7.03202,16.8147,13.9681,9.20215,23.1769,14.0566,11.6301,31.1672,14.0841,14.3598,41.2186,14.0927,17.4376,53.8688,14.0954,20.9137,69.7915,14.0962,24.8432,89.8341,14.0965,29.2879,115.063,14.0966,34.3168,146.819,14.0966,40.0078,186.792,14.0966,46.4487,237.107,14.0966,53.7388,300.44,14.0966,61.9903,380.158,14.0966,71.3301,480.499,14.0966,81.902,606.796,14.0966,93.8685,765.761,14.0966,107.414,965.837,14.0966,122.746,1217.65,14.0966,140.101,1534.57,14.0966,159.745,1933.41,14.0966,181.981,2435.3,14.0966,207.15,3066.85,14.0966,235.64,3861.46,14.0966,267.889,4861.11,14.0966,304.391,6118.54,14.0966,345.709,7699.91,14.0966,392.478,9688.22,14.0966,445.417,12187.5,14.0966,505.339,15327.7,14.0966,573.165,19271.6,14.0966,649.938,24222,14.0966,736.839,30430.9,14.0966,835.202,38211.5,14.0966,946.539,47950.3,14.0966,1072.56,60122.8,14.0966,1215.21,75309.9,14.0966,1376.66,94216.2,14.0966,1559.41,117688,14.0966,1766.26,146729,14.0966,2000.39,182510,14.0966,2265.39,226372,14.0966,2565.33,279806,14.0966,2904.81,344416,14.0966,3289.05,421845,14.0966,3723.93,513667,14.0966,4216.13,621231,14.0966,4773.18,745478,14.0966,5403.64,886744,14.0966,6117.15,1.04457e+06,14.0966,6924.63,1.2176e+06,14.0966,11.7194,11.96,12.6541,13.9321,16.1295,13.6434,16.6097,21.9702,13.9553,19.7532,29.5285,14.0526,23.3844,39.1143,14.0829,27.5423,51.2054,14.0923,32.2796,66.434,14.0953,37.662,85.6061,14.0962,43.7675,109.74,14.0965,50.687,140.119,14.0966,58.5249,178.359,14.0966,67.4005,226.493,14.0966,77.4493,287.08,14.0966,88.8254,363.343,14.0966,101.703,459.336,14.0966,116.281,580.161,14.0966,132.782,732.241,14.0966,151.46,923.655,14.0966,172.603,1164.57,14.0966,196.535,1467.79,14.0966,223.625,1849.39,14.0966,254.288,2329.62,14.0966,288.997,2933.93,14.0966,328.285,3694.33,14.0966,372.755,4651.04,14.0966,423.092,5854.57,14.0966,480.07,7368.38,14.0966,544.564,9272.08,14.0966,617.566,11665.5,14.0966,700.197,14673.6,14.0966,793.729,18452.9,14.0966,899.599,23198.6,14.0966,1019.43,29154.1,14.0966,1155.07,36622.3,14.0966,1308.6,45977.9,14.0966,1482.39,57683.7,14.0966,1679.09,72307.8,14.0966,1901.73,90542.8,14.0966,2153.73,113226,14.0966,2438.97,141360,14.0966,2761.81,176127,14.0966,3127.22,218898,14.0966,3540.81,271226,14.0966,4008.92,334817,14.0966,4538.74,411470,14.0966,5138.38,502973,14.0966,5817.04,610948,14.0966,6585.12,736653,14.0966,7454.39,880741,14.0966,8438.15,1.04302e+06,14.0966,9551.45,1.22224e+06,14.0966,10811.3,1.41602e+06,14.0966,12237,1.62086e+06,14.0966,11.7194,11.96,12.6541,2.21263,4.16949,0.989383,2.67766,5.84076,0.311842,3.14343,7.55825,0.0972771,3.63127,9.58578,0.0303237,4.15787,12.0912,0.00945211,4.73731,15.2286,0.00294633,5.38238,19.1721,0.000918508,6.10553,24.134,0.000286163,6.91951,30.3791,8.92692e-05,7.83792,38.2397,2.78121e-05,8.87555,48.1338,8.65134e-06,10.0489,60.5876,2.7882e-06,11.3761,76.2629,8.29036e-07,12.8779,95.9927,2.4373e-07,14.5775,120.825,4.33068e-09,16.5012,152.08,1.75749e-07,18.6784,191.415,-1.86328e-07,21.1428,240.917,1.91829e-07,23.9322,303.213,-1.81475e-07,27.0895,381.602,7.0186e-08,30.6634,480.231,-2.86769e-08,34.7087,604.316,2.40784e-07,39.2876,760.401,9.87368e-08,44.4705,956.705,1.22263e-07,50.3371,1203.54,-4.31966e-07,56.9776,1513.81,-1.9705e-07,64.494,1903.69,-2.763e-08,73.0018,2393.4,3.9185e-07,82.6317,3008.13,1.35379e-07,93.5318,3779.25,-4.16351e-08,105.869,4745.7,2.06965e-08,119.834,5955.6,-3.18887e-07,135.641,7468.12,-1.48271e-08,153.531,9355.62,2.00739e-07,173.781,11705.8,2.28358e-07,196.701,14624.1,-1.93587e-08,222.642,18235,-2.88101e-07,252.003,22683.4,-2.24732e-07,285.234,28134,8.56806e-09,322.845,34767,2.34258e-07,365.413,42770.9,2.99668e-07,413.588,52327.9,8.28644e-08,468.111,63591.2,-3.07049e-07,529.814,76653.2,-3.1888e-07,599.642,91502.5,-6.72276e-08,678.662,107975,2.26339e-07,768.083,125705,3.69212e-07,869.267,144088,2.04077e-07,983.76,162277,-2.80509e-07,1113.3,179223,-4.22737e-07,1259.87,193777,-1.71951e-07,1425.68,204839,4.55555e-07,11.7194,11.96,12.6541,2.21263,4.16949,0.989383,2.67766,5.84076,0.311842,3.14343,7.55825,0.0972771,3.63127,9.58578,0.0303237,4.15787,12.0912,0.00945211,4.73731,15.2286,0.00294633,5.38238,19.1721,0.000918508,6.10553,24.134,0.000286163,6.91951,30.3791,8.92692e-05,7.83792,38.2397,2.78121e-05,8.87555,48.1338,8.65134e-06,10.0489,60.5876,2.7882e-06,11.3761,76.2629,8.29036e-07,12.8779,95.9927,2.4373e-07,14.5775,120.825,1e-08,16.5012,152.08,1.75749e-07,18.6784,191.415,1e-08,21.1428,240.917,1.91829e-07,23.9322,303.213,1e-08,27.0895,381.602,7.0186e-08,30.6634,480.231,1e-08,34.7087,604.316,2.40784e-07,39.2876,760.401,9.87368e-08,44.4705,956.705,1.22263e-07,50.3371,1203.54,1e-08,56.9776,1513.81,1e-08,64.494,1903.69,1e-08,73.0018,2393.4,3.9185e-07,82.6317,3008.13,1.35379e-07,93.5318,3779.25,1e-08,105.869,4745.7,2.06965e-08,119.834,5955.6,1e-08,135.641,7468.12,1e-08,153.531,9355.62,2.00739e-07,173.781,11705.8,2.28358e-07,196.701,14624.1,1e-08,222.642,18235,1e-08,252.003,22683.4,1e-08,285.234,28134,1e-08,322.845,34767,2.34258e-07,365.413,42770.9,2.99668e-07,413.588,52327.9,8.28644e-08,468.111,63591.2,1e-08,529.814,76653.2,1e-08,599.642,91502.5,1e-08,678.662,107975,2.26339e-07,768.083,125705,3.69212e-07,869.267,144088,2.04077e-07,983.76,162277,1e-08,1113.3,179223,1e-08,1259.87,193777,1e-08,1425.68,204839,4.55555e-07,6.2823,3.27286,2.43537,0.219672,6.18826,2.24117,0.56371,6.87772,2.63624,0.308279,8,15,24,0,3,0,2,15,0,3,6,0,1,7,0,8,11,0,1,27,0,0,18,0,9,28,0,2,9,0,1,23,0,6,35,0,4,85,0,5,77,0,18,138,0,19,64,0,5,57,0,3,110,0,32,138,0,12,122,0,31,553,0,10,810,0,39,651,0,46,793,0,59,802,0,89,1859,0,83,1743,0,51,1498,0,68,2417,0,71,1684,0,68,4375,0,100,4430,0,84,7781,0,154,6367,0,93,21772,0,125,15095,0,312,25069,0,271,26575,0,92,17754,0,268,18152,0,170,31594,0,99,28453,0,536,41874,0,753,83507,0,489,89854,0,393,113404,0,742,118912,0,550,138850,0,493,110501,0,1095,116063,0,804,209388,0,1452,225457,0,2052,201738,0
-1.05176e+08,1,8.88811e-15,10,1023,0,1.05176e+08,0.528882,1.08665,0.389689,0.145397,0.379329,3.24381,0.161596,0.446195,1.77396,0.159177,1.15e+07,4.49998e+06,6.79999e+06,1.15e+07,4.49997e+06,6.79999e+06,1.15e+07,4.49996e+06,6.79999e+06,1.15e+07,4.49995e+06,6.79999e+06,1.14999e+07,4.49993e+06,6.79999e+06,1.14999e+07,4.49991e+06,6.79999e+06,1.14999e+07,4.49989e+06,6.79999e+06,1.14999e+07,4.49986e+06,6.79999e+06,1.14999e+07,4.49982e+06,6.79999e+06,1.14999e+07,4.49977e+06,6.79999e+06,1.14999e+07,4.49971e+06,6.79999e+06,1.14999e+07,4.49963e+06,6.79999e+06,1.14998e+07,4.49953e+06,6.79999e+06,1.14998e+07,4.49941e+06,6.79999e+06,1.14998e+07,4.49926e+06,6.79999e+06,1.14998e+07,4.49906e+06,6.79999e+06,1.14997e+07,4.49882e+06,6.79999e+06,1.14997e+07,4.49851e+06,6.79999e+06,1.14997e+07,4.49812e+06,6.79999e+06,1.14996e+07,4.49764e+06,6.79999e+06,1.14996e+07,4.49702e+06,6.79999e+06,1.14995e+07,4.49625e+06,6.79999e+06,1.14995e+07,4.49528e+06,6.79999e+06,1.14994e+07,4.49406e+06,6.79999e+06,1.14993e+07,4.49253e+06,6.79999e+06,1.14992e+07,4.49059e+06,6.79999e+06,1.14991e+07,4.48817e+06,6.79999e+06,1.1499e+07,4.48511e+06,6.79999e+06,1.14988e+07,4.48128e+06,6.79999e+06,1.14987e+07,4.47646e+06,6.79999e+06,1.14985e+07,4.47041e+06,6.79999e+06,1.14983e+07,4.46281e+06,6.79999e+06,1.14981e+07,4.4533e+06,6.79999e+06,1.14979e+07,4.44138e+06,6.79999e+06,1.14976e+07,4.42649e+06,6.79999e+06,1.14972e+07,4.40789e+06,6.79999e+06,1.14969e+07,4.38471e+06,6.79999e+06,1.14965e+07,4.35592e+06,6.79999e+06,1.1496e+07,4.32027e+06,6.79999e+06,1.14955e+07,4.27629e+06,6.79999e+06,1.14949e+07,4.22231e+06,6.79999e+06,1.14942e+07,4.15647e+06,6.79999e+06,1.14934e+07,4.07676e+06,6.79999e+06,1.14926e+07,3.98112e+06,6.79999e+06,1.14916e+07,3.86765e+06,6.79999e+06,1.14905e+07,3.73474e+06,6.79999e+06,1.14892e+07,3.58148e+06,6.79999e+06,1.14878e+07,3.40785e+06,6.79999e+06,1.14862e+07,3.21513e+06,6.79999e+06,1.14844e+07,3.00605e+06,6.79999e+06,1.14823e+07,2.7848e+06,6.79999e+06,1.148e+07,2.5568e+06,6.79999e+06,1.14773e+07,2.32825e+06,6.79999e+06,13.5742,8.52444,0.508366,16.8306,13.2585,0.162638,20.0035,17.569,0.0507846,23.2616,22.4214,0.0158319,26.7328,28.3297,0.00493498,30.5212,35.6974,0.00153831,34.7178,44.9473,0.000479527,39.4086,56.5822,0.000149456,44.6796,71.2245,4.66214e-05,50.6209,89.6543,1.45419e-05,57.3297,112.852,4.54748e-06,64.9129,142.051,1.43857e-06,73.4897,178.803,4.36618e-07,83.1934,225.062,1.40153e-07,94.1745,283.286,4.96378e-08,106.602,356.568,1.05434e-07,120.669,448.799,-6.49244e-08,136.59,564.873,1.70148e-07,154.611,710.948,-5.34594e-08,175.008,894.767,1.63407e-07,198.097,1126.06,8.04804e-08,224.231,1417.07,1.14667e-07,253.813,1783.15,-1.71227e-07,287.297,2243.62,-2.88466e-07,325.198,2822.67,-4.33651e-07,368.098,3550.67,7.9318e-08,416.657,4465.65,3.13319e-07,471.621,5615.16,3.4613e-07,533.835,7058.61,-1.19199e-07,604.255,8870.02,-2.79964e-07,683.962,11141.4,-2.30521e-07,774.182,13986.7,-2.55099e-07,876.299,17546.4,1.23585e-07,991.883,21993.1,1.41192e-07,1122.71,27536.7,-9.71886e-08,1270.78,34430.7,-3.68368e-07,1438.38,42977.7,-3.45379e-07,1628.07,53532.7,-3.25328e-09,1842.77,66504.6,2.6362e-07,2085.77,82350.2,2.53445e-07,2360.79,101560,-2.47407e-08,2672.05,124632,-3.80602e-07,3024.31,152018,-4.79005e-07,3422.98,184060,-1.14379e-07,3874.15,220884,2.64297e-07,4384.72,262283,3.44131e-07,4962.49,307576,7.5349e-08,5616.29,355497,-3.63097e-07,6356.1,404126,-6.05442e-07,7193.18,450932,-2.72333e-07,8140.28,492963,2.29675e-07,9211.79,527178,4.3387e-07,10424,550893,-1.0711e-07,10.102,8.06553,2.81012,10.6436,8.57909,0.869423,11.5336,10.2515,0.270869,12.7211,12.7138,0.0844293,14.1823,15.9373,0.0263173,15.9122,20.0383,0.0082035,17.9198,25.2154,0.00255722,20.2244,31.7373,0.000797017,22.8539,39.9486,0.000248622,25.8438,50.2851,7.75492e-05,29.237,63.2963,2.42508e-05,33.0837,79.6738,7.67162e-06,37.4415,100.288,2.32837e-06,42.3767,126.236,7.33e-07,47.9646,158.896,2.79256e-07,54.2906,200.003,9.87351e-09,61.452,251.741,1.61085e-07,69.5585,316.859,-2.47141e-07,78.7347,398.812,8.93552e-08,89.1218,501.948,-2.53231e-07,100.879,631.736,-1.25047e-07,114.188,795.049,-1.78808e-07,129.252,1000.53,2.6733e-07,146.304,1259.03,4.50292e-07,165.605,1584.19,6.76904e-07,187.452,1993.12,-1.23808e-07,212.181,2507.27,-4.89068e-07,240.173,3153.54,-5.40284e-07,271.856,3965.56,1.86061e-07,307.719,4985.38,4.37004e-07,348.313,6265.4,3.59828e-07,394.26,7870.83,3.98192e-07,446.268,9882.51,-1.92908e-07,505.135,12400.3,-2.20392e-07,571.766,15546.9,1.51705e-07,647.184,19472.2,5.74996e-07,732.547,24357.4,5.39112e-07,829.167,30420,5.07815e-09,938.526,37916.3,-4.11492e-07,1062.3,47143.9,-3.9561e-07,1202.4,58439.2,3.86185e-08,1360.96,72169.3,5.94093e-07,1540.42,88715.8,7.47693e-07,1743.53,108445,1.78537e-07,1973.41,131665,-4.12549e-07,2233.57,158557,-5.37164e-07,2528,189103,-1.17615e-07,2861.2,222986,5.66769e-07,3238.27,259510,9.45053e-07,3664.97,297540,4.25093e-07,4147.81,335497,-3.58506e-07,4694.17,371444,-6.7724e-07,5312.37,403256,1.67192e-07,1.61744,3.89446,9.84394,3.28846,7.5504,12.774,5.07607,11.7187,13.6844,7.03202,16.8147,13.9681,9.20215,23.1769,14.0566,11.6301,31.1672,14.0841,14.3598,41.2186,14.0927,17.4376,53.8688,14.0954,20.9137,69.7915,14.0962,24.8432,89.8341,14.0965,29.2879,115.063,14.0966,34.3168,146.819,14.0966,40.0078,186.792,14.0966,46.4487,237.107,14.0966,53.7388,300.44,14.0966,61.9903,380.158,14.0966,71.3301,480.499,14.0966,81.902,606.796,14.0966,93.8685,765.761,14.0966,107.414,965.837,14.0966,122.746,1217.65,14.0966,140.101,1534.57,14.0966,159.745,1933.41,14.0966,181.981,2435.3,14.0966,207.15,3066.85,14.0966,235.64,3861.46,14.0966,267.889,4861.11,14.0966,304.391,6118.54,14.0966,345.709,7699.91,14.0966,392.478,9688.22,14.0966,445.417,12187.5,14.0966,505.339,15327.7,14.0966,573.165,19271.6,14.0966,649.938,24222,14.0966,736.839,30430.9,14.0966,835.202,38211.5,14.0966,946.539,47950.3,14.0966,1072.56,60122.8,14.0966,1215.21,75309.9,14.0966,1376.66,94216.2,14.0966,1559.41,117688,14.0966,1766.26,146729,14.0966,2000.39,182510,14.0966,2265.39,226372,14.0966,2565.33,279806,14.0966,2904.81,344416,14.0966,3289.05,421845,14.0966,3723.93,513667,14.0966,4216.13,621231,14.0966,4773.18,745478,14.0966,5403.64,886744,14.0966,6117.15,1.04457e+06,14.0966,6924.63,1.2176e+06,14.0966,11.7194,11.96,12.6541,13.9321,16.1295,13.6434,16.6097,21.9702,13.9553,19.7532,29.5285,14.0526,23.3844,39.1143,14.0829,27.5423,51.2054,14.0923,32.2796,66.434,14.0953,37.662,85.6061,14.0962,43.7675,109.74,14.0965,50.687,140.119,14.0966,58.5249,178.359,14.0966,67.4005,226.493,14.0966,77.4493,287.08,14.0966,88.8254,363.343,14.0966,101.703,459.336,14.0966,116.281,580.161,14.0966,132.782,732.241,14.0966,151.46,923.655,14.0966,172.603,1164.57,14.0966,196.535,1467.79,14.0966,223.625,1849.39,14.0966,254.288,2329.62,14.0966,288.997,2933.93,14.0966,328.285,3694.33,14.0966,372.755,4651.04,14.0966,423.092,5854.57,14.0966,480.07,7368.38,14.0966,544.564,9272.08,14.0966,617.566,11665.5,14.0966,700.197,14673.6,14.0966,793.729,18452.9,14.0966,899.599,23198.6,14.0966,1019.43,29154.1,14.0966,1155.07,36622.3,14.0966,1308.6,45977.9,14.0966,1482.39,57683.7,14.0966,1679.09,72307.8,14.0966,1901.73,90542.8,14.0966,2153.73,113226,14.0966,2438.97,141360,14.0966,2761.81,176127,14.0966,3127.22,218898,14.0966,3540.81,271226,14.0966,4008.92,334817,14.0966,4538.74,411470,14.0966,5138.38,502973,14.0966,5817.04,610948,14.0966,6585.12,736653,14.0966,7454.39,880741,14.0966,8438.15,1.04302e+06,14.0966,9551.45,1.22224e+06,14.0966,10811.3,1.41602e+06,14.0966,12237,1.62086e+06,14.0966,11.7194,11.96,12.6541,2.21263,4.16949,0.989383,2.67766,5.84076,0.311842,3.14343,7.55825,0.0972771,3.63127,9.58578,0.0303237,4.15787,12.0912,0.00945211,4.73731,15.2286,0.00294633,5.38238,19.1721,0.000918508,6.10553,24.134,0.000286163,6.91951,30.3791,8.92692e-05,7.83792,38.2397,2.78121e-05,8.87555,48.1338,8.65134e-06,10.0489,60.5876,2.7882e-06,11.3761,76.2629,8.29036e-07,12.8779,95.9927,2.4373e-07,14.5775,120.825,4.33068e-09,16.5012,152.08,1.75749e-07,18.6784,191.415,-1.86328e-07,21.1428,240.917,1.91829e-07,23.9322,303.213,-1.81475e-07,27.0895,381.602,7.0186e-08,30.6634,480.231,-2.86769e-08,34.7087,604.316,2.40784e-07,39.2876,760.401,9.87368e-08,44.4705,956.705,1.22263e-07,50.3371,1203.54,-4.31966e-07,56.9776,1513.81,-1.9705e-07,64.494,1903.69,-2.763e-08,73.0018,2393.4,3.9185e-07,82.6317,3008.13,1.35379e-07,93.5318,3779.25,-4.16351e-08,105.869,4745.7,2.06965e-08,119.834,5955.6,-3.18887e-07,135.641,7468.12,-1.48271e-08,153.531,9355.62,2.00739e-07,173.781,11705.8,2.28358e-07,196.701,14624.1,-1.93587e-08,222.642,18235,-2.88101e-07,252.003,22683.4,-2.24732e-07,285.234,28134,8.56806e-09,322.845,34767,2.34258e-07,365.413,42770.9,2.99668e-07,413.588,52327.9,8.28644e-08,468.111,63591.2,-3.07049e-07,529.814,76653.2,-3.1888e-07,599.642,91502.5,-6.72276e-08,678.662,107975,2.26339e-07,768.083,125705,3.69212e-07,869.267,144088,2.04077e-07,983.76,162277,-2.80509e-07,1113.3,179223,-4.22737e-07,1259.87,193777,-1.71951e-07,1425.68,204839,4.55555e-07,11.7194,11.96,12.6541,2.21263,4.16949,0.989383,2.67766,5.84076,0.311842,3.14343,7.55825,0.0972771,3.63127,9.58578,0.0303237,4.15787,12.0912,0.00945211,4.73731,15.2286,0.00294633,5.38238,19.1721,0.000918508,6.10553,24.134,0.000286163,6.91951,30.3791,8.92692e-05,7.83792,38.2397,2.78121e-05,8.87555,48.1338,8.65134e-06,10.0489,60.5876,2.7882e-06,11.3761,76.2629,8.29036e-07,12.8779,95.9927,2.4373e-07,14.5775,120.825,1e-08,16.5012,152.08,1.75749e-07,18.6784,191.415,1e-08,21.1428,240.917,1.91829e-07,23.9322,303.213,1e-08,27.0895,381.602,7.0186e-08,30.6634,480.231,1e-08,34.7087,604.316,2.40784e-07,39.2876,760.401,9.87368e-08,44.4705,956.705,1.22263e-07,50.3371,1203.54,1e-08,56.9776,1513.81,1e-08,64.494,1903.69,1e-08,73.0018,2393.4,3.9185e-07,82.6317,3008.13,1.35379e-07,93.5318,3779.25,1e-08,105.869,4745.7,2.06965e-08,119.834,5955.6,1e-08,135.641,7468.12,1e-08,153.531,9355.62,2.00739e-07,173.781,11705.8,2.28358e-07,196.701,14624.1,1e-08,222.642,18235,1e-08,252.003,22683.4,1e-08,285.234,28134,1e-08,322.845,34767,2.34258e-07,365.413,42770.9,2.99668e-07,413.588,52327.9,8.28644e-08,468.111,63591.2,1e-08,529.814,76653.2,1e-08,599.642,91502.5,1e-08,678.662,107975,2.26339e-07,768.083,125705,3.69212e-07,869.267,144088,2.04077e-07,983.76,162277,1e-08,1113.3,179223,1e-08,1259.87,193777,1e-08,1425.68,204839,4.55555e-07,6.2823,3.27286,2.43537,0.219672,6.18826,2.24117,0.56371,6.87772,2.63624,0.308279,8,9,10,3,7,0,3,1,0,3,8,0,4,7,0,7,13,0,10,5,0,9,16,0,1,28,0,6,26,0,7,12,0,8,40,0,24,70,0,21,117,0,16,76,0,18,203,0,16,96,0,8,204,0,15,120,0,17,606,0,30,396,0,29,1046,0,36,497,0,65,536,0,80,617,0,48,462,0,79,619,0,60,685,0,82,3163,0,48,2788,0,149,2932,0,95,6581,0,164,2968,0,166,6311,0,201,18923,0,173,10529,0,241,20960,0,128,33709,0,206,21723,0,422,27254,0,282,27219,0,265,34310,0,512,40978,0,755,53667,0,407,70271,0,558,83569,0,495,37441,0,746,254511,0,1056,117766,0,823,143087,0,857,191447,0,1024,98536,0,2004,75112,0
-1.05176e+08,1,8.88811e-15,10,1023,0,1.05176e+08,0.528882,1.08665,0.389689,0.145397,0.379329,3.24381,0.161596,0.446195,1.77396,0.159177,1.15e+07,4.49998e+06,6.79999e+06,1.15e+07,4.49997e+06,6.79999e+06,1.15e+07,4.49996e+06,6.79999e+06,1.15e+07,4.49995e+06,6.79999e+06,1.14999e+07,4.49993e+06,6.79999e+06,1.14999e+07,4.49991e+06,6.79999e+06,1.14999e+07,4.49989e+06,6.79999e+06,1.14999e+07,4.49986e+06,6.79999e+06,1.14999e+07,4.49982e+06,6.79999e+06,1.14999e+07,4.49977e+06,6.79999e+06,1.14999e+07,4.49971e+06,6.79999e+06,1.14999e+07,4.49963e+06,6.79999e+06,1.14998e+07,4.49953e+06,6.79999e+06,1.14998e+07,4.49941e+06,6.79999e+06,1.14998e+07,4.49926e+06,6.79999e+06,1.14998e+07,4.49906e+06,6.79999e+06,1.14997e+07,4.49882e+06,6.79999e+06,1.14997e+07,4.49851e+06,6.79999e+06,1.14997e+07,4.49812e+06,6.79999e+06,1.14996e+07,4.49764e+06,6.79999e+06,1.14996e+07,4.49702e+06,6.79999e+06,1.14995e+07,4.49625e+06,6.79999e+06,1.14995e+07,4.49528e+06,6.79999e+06,1.14994e+07,4.49406e+06,6.79999e+06,1.14993e+07,4.49253e+06,6.79999e+06,1.14992e+07,4.49059e+06,6.79999e+06,1.14991e+07,4.48817e+06,6.79999e+06,1.1499e+07,4.48511e+06,6.79999e+06,1.14988e+07,4.48128e+06,6.79999e+06,1.14987e+07,4.47646e+06,6.79999e+06,1.14985e+07,4.47041e+06,6.79999e+06,1.14983e+07,4.46281e+06,6.79999e+06,1.14981e+07,4.4533e+06,6.79999e+06,1.14979e+07,4.44138e+06,6.79999e+06,1.14976e+07,4.42649e+06,6.79999e+06,1.14972e+07,4.40789e+06,6.79999e+06,1.14969e+07,4.38471e+06,6.79999e+06,1.14965e+07,4.35592e+06,6.79999e+06,1.1496e+07,4.32027e+06,6.79999e+06,1.14955e+07,4.27629e+06,6.79999e+06,1.14949e+07,4.22231e+06,6.79999e+06,1.14942e+07,4.15647e+06,6.79999e+06,1.14934e+07,4.07676e+06,6.79999e+06,1.14926e+07,3.98112e+06,6.79999e+06,1.14916e+07,3.86765e+06,6.79999e+06,1.14905e+07,3.73474e+06,6.79999e+06,1.14892e+07,3.58148e+06,6.79999e+06,1.14878e+07,3.40785e+06,6.79999e+06,1.14862e+07,3.21513e+06,6.79999e+06,1.14844e+07,3.00605e+06,6.79999e+06,1.14823e+07,2.7848e+06,6.79999e+06,1.148e+07,2.5568e+06,6.79999e+06,1.14773e+07,2.32825e+06,6.79999e+06,13.5742,8.52444,0.508366,16.8306,13.2585,0.162638,20.0035,17.569,0.0507846,23.2616,22.4214,0.0158319,26.7328,28.3297,0.00493498,30.5212,35.6974,0.00153831,34.7178,44.9473,0.000479527,39.4086,56.5822,0.000149456,44.6796,71.2245,4.66214e-05,50.6209,89.6543,1.45419e-05,57.3297,112.852,4.54748e-06,64.9129,142.051,1.43857e-06,73.4897,178.803,4.36618e-07,83.1934,225.062,1.40153e-07,94.1745,283.286,4.96378e-08,106.602,356.568,1.05434e-07,120.669,448.799,-6.49244e-08,136.59,564.873,1.70148e-07,154.611,710.948,-5.34594e-08,175.008,894.767,1.63407e-07,198.097,1126.06,8.04804e-08,224.231,1417.07,1.14667e-07,253.813,1783.15,-1.71227e-07,287.297,2243.62,-2.88466e-07,325.198,2822.67,-4.33651e-07,368.098,3550.67,7.9318e-08,416.657,4465.65,3.13319e-07,471.621,5615.16,3.4613e-07,533.835,7058.61,-1.19199e-07,604.255,8870.02,-2.79964e-07,683.962,11141.4,-2.30521e-07,774.182,13986.7,-2.55099e-07,876.299,17546.4,1.23585e-07,991.883,21993.1,1.41192e-07,1122.71,27536.7,-9.71886e-08,1270.78,34430.7,-3.68368e-07,1438.38,42977.7,-3.45379e-07,1628.07,53532.7,-3.25328e-09,1842.77,66504.6,2.6362e-07,2085.77,82350.2,2.53445e-07,2360.79,101560,-2.47407e-08,2672.05,124632,-3.80602e-07,3024.31,152018,-4.79005e-07,3422.98,184060,-1.14379e-07,3874.15,220884,2.64297e-07,4384.72,262283,3.44131e-07,4962.49,307576,7.5349e-08,5616.29,355497,-3.63097e-07,6356.1,404126,-6.05442e-07,7193.18,450932,-2.72333e-07,8140.28,492963,2.29675e-07,9211.79,527178,4.3387e-07,10424,550893,-1.0711e-07,10.102,8.06553,2.81012,10.6436,8.57909,0.869423,11.5336,10.2515,0.270869,12.7211,12.7138,0.0844293,14.1823,15.9373,0.0263173,15.9122,20.0383,0.0082035,17.9198,25.2154,0.00255722,20.2244,31.7373,0.000797017,22.8539,39.9486,0.000248622,25.8438,50.2851,7.75492e-05,29.237,63.2963,2.42508e-05,33.0837,79.6738,7.67162e-06,37.4415,100.288,2.32837e-06,42.3767,126.236,7.33e-07,47.9646,158.896,2.79256e-07,54.2906,200.003,9.87351e-09,61.452,251.741,1.61085e-07,69.5585,316.859,-2.47141e-07,78.7347,398.812,8.93552e-08,89.1218,501.948,-2.53231e-07,100.879,631.736,-1.25047e-07,114.188,795.049,-1.78808e-07,129.252,1000.53,2.6733e-07,146.304,1259.03,4.50292e-07,165.605,1584.19,6.76904e-07,187.452,1993.12,-1.23808e-07,212.181,2507.27,-4.89068e-07,240.173,3153.54,-5.40284e-07,271.856,3965.56,1.86061e-07,307.719,4985.38,4.37004e-07,348.313,6265.4,3.59828e-07,394.26,7870.83,3.98192e-07,446.268,9882.51,-1.92908e-07,505.135,12400.3,-2.20392e-07,571.766,15546.9,1.51705e-07,647.184,19472.2,5.74996e-07,732.547,24357.4,5.39112e-07,829.167,30420,5.07815e-09,938.526,37916.3,-4.11492e-07,1062.3,47143.9,-3.9561e-07,1202.4,58439.2,3.86185e-08,1360.96,72169.3,5.94093e-07,1540.42,88715.8,7.47693e-07,1743.53,108445,1.78537e-07,1973.41,131665,-4.12549e-07,2233.57,158557,-5.37164e-07,2528,189103,-1.17615e-07,2861.2,222986,5.66769e-07,3238.27,259510,9.45053e-07,3664.97,297540,4.25093e-07,4147.81,335497,-3.58506e-07,4694.17,371444,-6.7724e-07,5312.37,403256,1.67192e-07,1.61744,3.89446,9.84394,3.28846,7.5504,12.774,5.07607,11.7187,13.6844,7.03202,16.8147,13.9681,9.20215,23.1769,14.0566,11.6301,31.1672,14.0841,14.3598,41.2186,14.0927,17.4376,53.8688,14.0954,20.9137,69.7915,14.0962,24.8432,89.8341,14.0965,29.2879,115.063,14.0966,34.3168,146.819,14.0966,40.0078,186.792,14.0966,46.4487,237.107,14.0966,53.7388,300.44,14.0966,61.9903,380.158,14.0966,71.3301,480.499,14.0966,81.902,606.796,14.0966,93.8685,765.761,14.0966,107.414,965.837,14.0966,122.746,1217.65,14.0966,140.101,1534.57,14.0966,159.745,1933.41,14.0966,181.981,2435.3,14.0966,207.15,3066.85,14.0966,235.64,3861.46,14.0966,267.889,4861.11,14.0966,304.391,6118.54,14.0966,345.709,7699.91,14.0966,392.478,9688.22,14.0966,445.417,12187.5,14.0966,505.339,15327.7,14.0966,573.165,19271.6,14.0966,649.938,24222,14.0966,736.839,30430.9,14.0966,835.202,38211.5,14.0966,946.539,47950.3,14.0966,1072.56,60122.8,14.0966,1215.21,75309.9,14.0966,1376.66,94216.2,14.0966,1559.41,117688,14.0966,1766.26,146729,14.0966,2000.39,182510,14.0966,2265.39,226372,14.0966,2565.33,279806,14.0966,2904.81,344416,14.0966,3289.05,421845,14.0966,3723.93,513667,14.0966,4216.13,621231,14.0966,4773.18,745478,14.0966,5403.64,886744,14.0966,6117.15,1.04457e+06,14.0966,6924.63,1.2176e+06,14.0966,11.7194,11.96,12.6541,13.9321,16.1295,13.6434,16.6097,21.9702,13.9553,19.7532,29.5285,14.0526,23.3844,39.1143,14.0829,27.5423,51.2054,14.0923,32.2796,66.434,14.0953,37.662,85.6061,14.0962,43.7675,109.74,14.0965,50.687,140.119,14.0966,58.5249,178.359,14.0966,67.4005,226.493,14.0966,77.4493,287.08,14.0966,88.8254,363.343,14.0966,101.703,459.336,14.0966,116.281,580.161,14.0966,132.782,732.241,14.0966,151.46,923.655,14.0966,172.603,1164.57,14.0966,196.535,1467.79,14.0966,223.625,1849.39,14.0966,254.288,2329.62,14.0966,288.997,2933.93,14.0966,328.285,3694.33,14.0966,372.755,4651.04,14.0966,423.092,5854.57,14.0966,480.07,7368.38,14.0966,544.564,9272.08,14.0966,617.566,11665.5,14.0966,700.197,14673.6,14.0966,793.729,18452.9,14.0966,899.599,23198.6,14.0966,1019.43,29154.1,14.0966,1155.07,36622.3,14.0966,1308.6,45977.9,14.0966,1482.39,57683.7,14.0966,1679.09,72307.8,14.0966,1901.73,90542.8,14.0966,2153.73,113226,14.0966,2438.97,141360,14.0966,2761.81,176127,14.0966,3127.22,218898,14.0966,3540.81,271226,14.0966,4008.92,334817,14.0966,4538.74,411470,14.0966,5138.38,502973,14.0966,5817.04,610948,14.0966,6585.12,736653,14.0966,7454.39,880741,14.0966,8438.15,1.04302e+06,14.0966,9551.45,1.22224e+06,14.0966,10811.3,1.41602e+06,14.0966,12237,1.62086e+06,14.0966,11.7194,11.96,12.6541,2.21263,4.16949,0.989383,2.67766,5.84076,0.311842,3.14343,7.55825,0.0972771,3.63127,9.58578,0.0303237,4.15787,12.0912,0.00945211,4.73731,15.2286,0.00294633,5.38238,19.1721,0.000918508,6.10553,24.134,0.000286163,6.91951,30.3791,8.92692e-05,7.83792,38.2397,2.78121e-05,8.87555,48.1338,8.65134e-06,10.0489,60.5876,2.7882e-06,11.3761,76.2629,8.29036e-07,12.8779,95.9927,2.4373e-07,14.5775,120.825,4.33068e-09,16.5012,152.08,1.75749e-07,18.6784,191.415,-1.86328e-07,21.1428,240.917,1.91829e-07,23.9322,303.213,-1.81475e-07,27.0895,381.602,7.0186e-08,30.6634,480.231,-2.86769e-08,34.7087,604.316,2.40784e-07,39.2876,760.401,9.87368e-08,44.4705,956.705,1.22263e-07,50.3371,1203.54,-4.31966e-07,56.9776,1513.81,-1.9705e-07,64.494,1903.69,-2.763e-08,73.0018,2393.4,3.9185e-07,82.6317,3008.13,1.35379e-07,93.5318,3779.25,-4.16351e-08,105.869,4745.7,2.06965e-08,119.834,5955.6,-3.18887e-07,135.641,7468.12,-1.48271e-08,153.531,9355.62,2.00739e-07,173.781,11705.8,2.28358e-07,196.701,14624.1,-1.93587e-08,222.642,18235,-2.88101e-07,252.003,22683.4,-2.24732e-07,285.234,28134,8.56806e-09,322.845,34767,2.34258e-07,365.413,42770.9,2.99668e-07,413.588,52327.9,8.28644e-08,468.111,63591.2,-3.07049e-07,529.814,76653.2,-3.1888e-07,599.642,91502.5,-6.72276e-08,678.662,107975,2.26339e-07,768.083,125705,3.69212e-07,869.267,144088,2.04077e-07,983.76,162277,-2.80509e-07,1113.3,179223,-4.22737e-07,1259.87,193777,-1.71951e-07,1425.68,204839,4.55555e-07,11.7194,11.96,12.6541,2.21263,4.16949,0.989383,2.67766,5.84076,0.311842,3.14343,7.55825,0.0972771,3.63127,9.58578,0.0303237,4.15787,12.0912,0.00945211,4.73731,15.2286,0.00294633,5.38238,19.1721,0.000918508,6.10553,24.134,0.000286163,6.91951,30.3791,8.92692e-05,7.83792,38.2397,2.78121e-05,8.87555,48.1338,8.65134e-06,10.0489,60.5876,2.7882e-06,11.3761,76.2629,8.29036e-07,12.8779,95.9927,2.4373e-07,14.5775,120.825,1e-08,16.5012,152.08,1.75749e-07,18.6784,191.415,1e-08,21.1428,240.917,1.91829e-07,23.9322,303.213,1e-08,27.0895,381.602,7.0186e-08,30.6634,480.231,1e-08,34.7087,604.316,2.40784e-07,39.2876,760.401,9.87368e-08,44.4705,956.705,1.22263e-07,50.3371,1203.54,1e-08,56.9776,1513.81,1e-08,64.494,1903.69,1e-08,73.0018,2393.4,3.9185e-07,82.6317,3008.13,1.35379e-07,93.5318,3779.25,1e-08,105.869,4745.7,2.06965e-08,119.834,5955.6,1e-08,135.641,7468.12,1e-08,153.531,9355.62,2.00739e-07,173.781,11705.8,2.28358e-07,196.701,14624.1,1e-08,222.642,18235,1e-08,252.003,22683.4,1e-08,285.234,28134,1e-08,322.845,34767,2.34258e-07,365.413,42770.9,2.99668e-07,413.588,52327.9,8.28644e-08,468.111,63591.2,1e-08,529.814,76653.2,1e-08,599.642,91502.5,1e-08,678.662,107975,2.26339e-07,768.083,125705,3.69212e-07,869.267,144088,2.04077e-07,983.76,162277,1e-08,1113.3,179223,1e-08,1259.87,193777,1e-08,1425.68,204839,4.55555e-07,6.2823,3.27286,2.43537,0.219672,6.18826,2.24117,0.56371,6.87772,2.63624,0.308279,8,5,18,2,3,2,0,5,1,1,11,0,9,4,0,4,6,0,2,9,0,5,16,0,3,26,0,8,14,0,5,13,0,4,30,0,16,80,0,9,59,0,18,132,0,12,121,0,15,139,0,9,285,0,26,210,0,21,298,0,16,645,0,42,338,0,16,865,0,39,958,0,70,1703,0,55,1712,0,37,2786,0,53,1830,0,81,3888,0,38,5950,0,86,2468,0,48,3893,0,56,3692,0,93,4485,0,166,6289,0,134,10561,0,236,4042,0,396,41777,0,359,22510,0,371,70652,0,102,37467,0,500,31593,0,116,71463,0,299,49561,0,412,58036,0,597,75963,0,322,103992,0,546,147593,0,407,56425,0,912,177509,0,932,175345,0,568,234907,0,1678,96066,0
-1.05176e+08,1,8.88811e-15,10,1023,0,1.05176e+08,0.528882,1.08665,0.389689,0.145397,0.379329,3.24381,0.161596,0.446195,1.77396,0.159177,1.15e+07,4.49998e+06,6.79999e+06,1.15e+07,4.49997e+06,6.79999e+06,1.15e+07,4.49996e+06,6.79999e+06,1.15e+07,4.49995e+06,6.79999e+06,1.14999e+07,4.49993e+06,6.79999e+06,1.14999e+07,4.49991e+06,6.79999e+06,1.14999e+07,4.49989e+06,6.79999e+06,1.14999e+07,4.49986e+06,6.79999e+06,1.14999e+07,4.49982e+06,6.79999e+06,1.14999e+07,4.49977e+06,6.79999e+06,1.14999e+07,4.49971e+06,6.79999e+06,1.14999e+07,4.49963e+06,6.79999e+06,1.14998e+07,4.49953e+06,6.79999e+06,1.14998e+07,4.49941e+06,6.79999e+06,1.14998e+07,4.49926e+06,6.79999e+06,1.14998e+07,4.49906e+06,6.79999e+06,1.14997e+07,4.49882e+06,6.79999e+06,1.14997e+07,4.49851e+06,6.79999e+06,1.14997e+07,4.49812e+06,6.79999e+06,1.14996e+07,4.49764e+06,6.79999e+06,1.14996e+07,4.49702e+06,6.79999e+06,1.14995e+07,4.49625e+06,6.79999e+06,1.14995e+07,4.49528e+06,6.79999e+06,1.14994e+07,4.49406e+06,6.79999e+06,1.14993e+07,4.49253e+06,6.79999e+06,1.14992e+07,4.49059e+06,6.79999e+06,1.14991e+07,4.48817e+06,6.79999e+06,1.1499e+07,4.48511e+06,6.79999e+06,1.14988e+07,4.48128e+06,6.79999e+06,1.14987e+07,4.47646e+06,6.79999e+06,1.14985e+07,4.47041e+06,6.79999e+06,1.14983e+07,4.46281e+06,6.79999e+06,1.14981e+07,4.4533e+06,6.79999e+06,1.14979e+07,4.44138e+06,6.79999e+06,1.14976e+07,4.42649e+06,6.79999e+06,1.14972e+07,4.40789e+06,6.79999e+06,1.14969e+07,4.38471e+06,6.79999e+06,1.14965e+07,4.35592e+06,6.79999e+06,1.1496e+07,4.32027e+06,6.79999e+06,1.14955e+07,4.27629e+06,6.79999e+06,1.14949e+07,4.22231e+06,6.79999e+06,1.14942e+07,4.15647e+06,6.79999e+06,1.14934e+07,4.07676e+06,6.79999e+06,1.14926e+07,3.98112e+06,6.79999e+06,1.14916e+07,3.86765e+06,6.79999e+06,1.14905e+07,3.73474e+06,6.79999e+06,1.14892e+07,3.58148e+06,6.79999e+06,1.14878e+07,3.40785e+06,6.79999e+06,1.14862e+07,3.21513e+06,6.79999e+06,1.14844e+07,3.00605e+06,6.79999e+06,1.14823e+07,2.7848e+06,6.79999e+06,1.148e+07,2.5568e+06,6.79999e+06,1.14773e+07,2.32825e+06,6.79999e+06,13.5742,8.52444,0.508366,16.8306,13.2585,0.162638,20.0035,17.569,0.0507846,23.2616,22.4214,0.0158319,26.7328,28.3297,0.00493498,30.5212,35.6974,0.00153831,34.7178,44.9473,0.000479527,39.4086,56.5822,0.000149456,44.6796,71.2245,4.66214e-05,50.6209,89.6543,1.45419e-05,57.3297,112.852,4.54748e-06,64.9129,142.051,1.43857e-06,73.4897,178.803,4.36618e-07,83.1934,225.062,1.40153e-07,94.1745,283.286,4.96378e-08,106.602,356.568,1.05434e-07,120.669,448.799,-6.49244e-08,136.59,564.873,1.70148e-07,154.611,710.948,-5.34594e-08,175.008,894.767,1.63407e-07,198.097,1126.06,8.04804e-08,224.231,1417.07,1.14667e-07,253.813,1783.15,-1.71227e-07,287.297,2243.62,-2.88466e-07,325.198,2822.67,-4.33651e-07,368.098,3550.67,7.9318e-08,416.657,4465.65,3.13319e-07,471.621,5615.16,3.4613e-07,533.835,7058.61,-1.19199e-07,604.255,8870.02,-2.79964e-07,683.962,11141.4,-2.30521e-07,774.182,13986.7,-2.55099e-07,876.299,17546.4,1.23585e-07,991.883,21993.1,1.41192e-07,1122.71,27536.7,-9.71886e-08,1270.78,34430.7,-3.68368e-07,1438.38,42977.7,-3.45379e-07,1628.07,53532.7,-3.25328e-09,1842.77,66504.6,2.6362e-07,2085.77,82350.2,2.53445e-07,2360.79,101560,-2.47407e-08,2672.05,124632,-3.80602e-07,3024.31,152018,-4.79005e-07,3422.98,184060,-1.14379e-07,3874.15,220884,2.64297e-07,4384.72,262283,3.44131e-07,4962.49,307576,7.5349e-08,5616.29,355497,-3.63097e-07,6356.1,404126,-6.05442e-07,7193.18,450932,-2.72333e-07,8140.28,492963,2.29675e-07,9211.79,527178,4.3387e-07,10424,550893,-1.0711e-07,10.102,8.06553,2.81012,10.6436,8.57909,0.869423,11.5336,10.2515,0.270869,12.7211,12.7138,0.0844293,14.1823,15.9373,0.0263173,15.9122,20.0383,0.0082035,17.9198,25.2154,0.00255722,20.2244,31.7373,0.000797017,22.8539,39.9486,0.000248622,25.8438,50.2851,7.75492e-05,29.237,63.2963,2.42508e-05,33.0837,79.6738,7.67162e-06,37.4415,100.288,2.32837e-06,42.3767,126.236,7.33e-07,47.9646,158.896,2.79256e-07,54.2906,200.003,9.87351e-09,61.452,251.741,1.61085e-07,69.5585,316.859,-2.47141e-07,78.7347,398.812,8.93552e-08,89.1218,501.948,-2.53231e-07,100.879,631.736,-1.25047e-07,114.188,795.049,-1.78808e-07,129.252,1000.53,2.6733e-07,146.304,1259.03,4.50292e-07,165.605,1584.19,6.76904e-07,187.452,1993.12,-1.23808e-07,212.181,2507.27,-4.89068e-07,240.173,3153.54,-5.40284e-07,271.856,3965.56,1.86061e-07,307.719,4985.38,4.37004e-07,348.313,6265.4,3.59828e-07,394.26,7870.83,3.98192e-07,446.268,9882.51,-1.92908e-07,505.135,12400.3,-2.20392e-07,571.766,15546.9,1.51705e-07,647.184,19472.2,5.74996e-07,732.547,24357.4,5.39112e-07,829.167,30420,5.07815e-09,938.526,37916.3,-4.11492e-07,1062.3,47143.9,-3.9561e-07,1202.4,58439.2,3.86185e-08,1360.96,72169.3,5.94093e-07,1540.42,88715.8,7.47693e-07,1743.53,108445,1.78537e-07,1973.41,131665,-4.12549e-07,2233.57,158557,-5.37164e-07,2528,189103,-1.17615e-07,2861.2,222986,5.66769e-07,3238.27,259510,9.45053e-07,3664.97,297540,4.25093e-07,4147.81,335497,-3.58506e-07,4694.17,371444,-6.7724e-07,5312.37,403256,1.67192e-07,1.61744,3.89446,9.84394,3.28846,7.5504,12.774,5.07607,11.7187,13.6844,7.03202,16.8147,13.9681,9.20215,23.1769,14.0566,11.6301,31.1672,14.0841,14.3598,41.2186,14.0927,17.4376,53.8688,14.0954,20.9137,69.7915,14.0962,24.8432,89.8341,14.0965,29.2879,115.063,14.0966,34.3168,146.819,14.0966,40.0078,186.792,14.0966,46.4487,237.107,14.0966,53.7388,300.44,14.0966,61.9903,380.158,14.0966,71.3301,480.499,14.0966,81.902,606.796,14.0966,93.8685,765.761,14.0966,107.414,965.837,14.0966,122.746,1217.65,14.0966,140.101,1534.57,14.0966,159.745,1933.41,14.0966,181.981,2435.3,14.0966,207.15,3066.85,14.0966,235.64,3861.46,14.0966,267.889,4861.11,14.0966,304.391,6118.54,14.0966,345.709,7699.91,14.0966,392.478,9688.22,14.0966,445.417,12187.5,14.0966,505.339,15327.7,14.0966,573.165,19271.6,14.0966,649.938,24222,14.0966,736.839,30430.9,14.0966,835.202,38211.5,14.0966,946.539,47950.3,14.0966,1072.56,60122.8,14.0966,1215.21,75309.9,14.0966,1376.66,94216.2,14.0966,1559.41,117688,14.0966,1766.26,146729,14.0966,2000.39,182510,14.0966,2265.39,226372,14.0966,2565.33,279806,14.0966,2904.81,344416,14.0966,3289.05,421845,14.0966,3723.93,513667,14.0966,4216.13,621231,14.0966,4773.18,745478,14.0966,5403.64,886744,14.0966,6117.15,1.04457e+06,14.0966,6924.63,1.2176e+06,14.0966,11.7194,11.96,12.6541,13.9321,16.1295,13.6434,16.6097,21.9702,13.9553,19.7532,29.5285,14.0526,23.3844,39.1143,14.0829,27.5423,51.2054,14.0923,32.2796,66.434,14.0953,37.662,85.6061,14.0962,43.7675,109.74,14.0965,50.687,140.119,14.0966,58.5249,178.359,14.0966,67.4005,226.493,14.0966,77.4493,287.08,14.0966,88.8254,363.343,14.0966,101.703,459.336,14.0966,116.281,580.161,14.0966,132.782,732.241,14.0966,151.46,923.655,14.0966,172.603,1164.57,14.0966,196.535,1467.79,14.0966,223.625,1849.39,14.0966,254.288,2329.62,14.0966,288.997,2933.93,14.0966,328.285,3694.33,14.0966,372.755,4651.04,14.0966,423.092,5854.57,14.0966,480.07,7368.38,14.0966,544.564,9272.08,14.0966,617.566,11665.5,14.0966,700.197,14673.6,14.0966,793.729,18452.9,14.0966,899.599,23198.6,14.0966,1019.43,29154.1,14.0966,1155.07,36622.3,14.0966,1308.6,45977.9,14.0966,1482.39,57683.7,14.0966,1679.09,72307.8,14.0966,1901.73,90542.8,14.0966,2153.73,113226,14.0966,2438.97,141360,14.0966,2761.81,176127,14.0966,3127.22,218898,14.0966,3540.81,271226,14.0966,4008.92,334817,14.0966,4538.74,411470,14.0966,5138.38,502973,14.0966,5817.04,610948,14.0966,6585.12,736653,14.0966,7454.39,880741,14.0966,8438.15,1.04302e+06,14.0966,9551.45,1.22224e+06,14.0966,10811.3,1.41602e+06,14.0966,12237,1.62086e+06,14.0966,11.7194,11.96,12.6541,2.21263,4.16949,0.989383,2.67766,5.84076,0.311842,3.14343,7.55825,0.0972771,3.63127,9.58578,0.0303237,4.15787,12.0912,0.00945211,4.73731,15.2286,0.00294633,5.38238,19.1721,0.000918508,6.10553,24.134,0.000286163,6.91951,30.3791,8.92692e-05,7.83792,38.2397,2.78121e-05,8.87555,48.1338,8.65134e-06,10.0489,60.5876,2.7882e-06,11.3761,76.2629,8.29036e-07,12.8779,95.9927,2.4373e-07,14.5775,120.825,4.33068e-09,16.5012,152.08,1.75749e-07,18.6784,191.415,-1.86328e-07,21.1428,240.917,1.91829e-07,23.9322,303.213,-1.81475e-07,27.0895,381.602,7.0186e-08,30.6634,480.231,-2.86769e-08,34.7087,604.316,2.40784e-07,39.2876,760.401,9.87368e-08,44.4705,956.705,1.22263e-07,50.3371,1203.54,-4.31966e-07,56.9776,1513.81,-1.9705e-07,64.494,1903.69,-2.763e-08,73.0018,2393.4,3.9185e-07,82.6317,3008.13,1.35379e-07,93.5318,3779.25,-4.16351e-08,105.869,4745.7,2.06965e-08,119.834,5955.6,-3.18887e-07,135.641,7468.12,-1.48271e-08,153.531,9355.62,2.00739e-07,173.781,11705.8,2.28358e-07,196.701,14624.1,-1.93587e-08,222.642,18235,-2.88101e-07,252.003,22683.4,-2.24732e-07,285.234,28134,8.56806e-09,322.845,34767,2.34258e-07,365.413,42770.9,2.99668e-07,413.588,52327.9,8.28644e-08,468.111,63591.2,-3.07049e-07,529.814,76653.2,-3.1888e-07,599.642,91502.5,-6.72276e-08,678.662,107975,2.26339e-07,768.083,125705,3.69212e-07,869.267,144088,2.04077e-07,983.76,162277,-2.80509e-07,1113.3,179223,-4.22737e-07,1259.87,193777,-1.71951e-07,1425.68,204839,4.55555e-07,11.7194,11.96,12.6541,2.21263,4.16949,0.989383,2.67766,5.84076,0.311842,3.14343,7.55825,0.0972771,3.63127,9.58578,0.0303237,4.15787,12.0912,0.00945211,4.73731,15.2286,0.00294633,5.38238,19.1721,0.000918508,6.10553,24.134,0.000286163,6.91951,30.3791,8.92692e-05,7.83792,38.2397,2.78121e-05,8.87555,48.1338,8.65134e-06,10.0489,60.5876,2.7882e-06,11.3761,76.2629,8.29036e-07,12.8779,95.9927,2.4373e-07,14.5775,120.825,1e-08,16.5012,152.08,1.75749e-07,18.6784,191.415,1e-08,21.1428,240.917,1.91829e-07,23.9322,303.213,1e-08,27.0895,381.602,7.0186e-08,30.6634,480.231,1e-08,34.7087,604.316,2.40784e-07,39.2876,760.401,9.87368e-08,44.4705,956.705,1.22263e-07,50.3371,1203.54,1e-08,56.9776,1513.81,1e-08,64.494,1903.69,1e-08,73.0018,2393.4,3.9185e-07,82.6317,3008.13,1.35379e-07,93.5318,3779.25,1e-08,105.869,4745.7,2.06965e-08,119.834,5955.6,1e-08,135.641,7468.12,1e-08,153.531,9355.62,2.00739e-07,173.781,11705.8,2.28358e-07,196.701,14624.1,1e-08,222.642,18235,1e-08,252.003,22683.4,1e-08,285.234,28134,1e-08,322.845,34767,2.34258e-07,365.413,42770.9,2.99668e-07,413.588,52327.9,8.28644e-08,468.111,63591.2,1e-08,529.814,76653.2,1e-08,599.642,91502.5,1e-08,678.662,107975,2.26339e-07,768.083,125705,3.69212e-07,869.267,144088,2.04077e-07,983.76,162277,1e-08,1113.3,179223,1e-08,1259.87,193777,1e-08,1425.68,204839,4.55555e-07,6.2823,3.27286,2.43537,0.219672,6.18826,2.24117,0.56371,6.87772,2.63624,0.308279,6,13,17,1,9,0,2,3,1,2,6,0,4,9,0,2,2,0,3,7,0,5,26,0,10,9,0,3,53,0,7,18,0,9,68,0,12,65,0,9,100,0,5,110,0,8,144,0,12,84,0,19,241,0,13,194,0,31,157,0,16,548,0,30,141,0,49,510,0,20,896,0,16,960,0,94,1155,0,60,986,0,45,1790,0,81,882,0,100,4644,0,100,1681,0,50,5667,0,102,3845,0,99,5938,0,79,13903,0,68,12659,0,247,16495,0,392,20179,0,135,19858,0,425,18097,0,437,24462,0,306,41324,0,402,51521,0,549,44367,0,384,44157,0,673,90572,0,1008,98660,0,439,87941,0,634,114289,0,594,159420,0,1541,140747,0,2061,128126,0,750,290481,0
-1.05176e+08,1,8.88811e-15,10,1023,0,1.05176e+08,0.528882,1.08665,0.389689,0.145397,0.379329,3.24381,0.161596,0.446195,1.77396,0.159177,1.15e+07,4.49998e+06,6.79999e+06,1.15e+07,4.49997e+06,6.79999e+06,1.15e+07,4.49996e+06,6.79999e+06,1.15e+07,4.49995e+06,6.79999e+06,1.14999e+07,4.49993e+06,6.79999e+06,1.14999e+07,4.49991e+06,6.79999e+06,1.14999e+07,4.49989e+06,6.79999e+06,1.14999e+07,4.49986e+06,6.79999e+06,1.14999e+07,4.49982e+06,6.79999e+06,1.14999e+07,4.49977e+06,6.79999e+06,1.14999e+07,4.49971e+06,6.79999e+06,1.14999e+07,4.49963e+06,6.79999e+06,1.14998e+07,4.49953e+06,6.79999e+06,1.14998e+07,4.49941e+06,6.79999e+06,1.14998e+07,4.49926e+06,6.79999e+06,1.14998e+07,4.49906e+06,6.79999e+06,1.14997e+07,4.49882e+06,6.79999e+06,1.14997e+07,4.49851e+06,6.79999e+06,1.14997e+07,4.49812e+06,6.79999e+06,1.14996e+07,4.49764e+06,6.79999e+06,1.14996e+07,4.49702e+06,6.79999e+06,1.14995e+07,4.49625e+06,6.79999e+06,1.14995e+07,4.49528e+06,6.79999e+06,1.14994e+07,4.49406e+06,6.79999e+06,1.14993e+07,4.49253e+06,6.79999e+06,1.14992e+07,4.49059e+06,6.79999e+06,1.14991e+07,4.48817e+06,6.79999e+06,1.1499e+07,4.48511e+06,6.79999e+06,1.14988e+07,4.48128e+06,6.79999e+06,1.14987e+07,4.47646e+06,6.79999e+06,1.14985e+07,4.47041e+06,6.79999e+06,1.14983e+07,4.46281e+06,6.79999e+06,1.14981e+07,4.4533e+06,6.79999e+06,1.14979e+07,4.44138e+06,6.79999e+06,1.14976e+07,4.42649e+06,6.79999e+06,1.14972e+07,4.40789e+06,6.79999e+06,1.14969e+07,4.38471e+06,6.79999e+06,1.14965e+07,4.35592e+06,6.79999e+06,1.1496e+07,4.32027e+06,6.79999e+06,1.14955e+07,4.27629e+06,6.79999e+06,1.14949e+07,4.22231e+06,6.79999e+06,1.14942e+07,4.15647e+06,6.79999e+06,1.14934e+07,4.07676e+06,6.79999e+06,1.14926e+07,3.98112e+06,6.79999e+06,1.14916e+07,3.86765e+06,6.79999e+06,1.14905e+07,3.73474e+06,6.79999e+06,1.14892e+07,3.58148e+06,6.79999e+06,1.14878e+07,3.40785e+06,6.79999e+06,1.14862e+07,3.21513e+06,6.79999e+06,1.14844e+07,3.00605e+06,6.79999e+06,1.14823e+07,2.7848e+06,6.79999e+06,1.148e+07,2.5568e+06,6.79999e+06,1.14773e+07,2.32825e+06,6.79999e+06,13.5742,8.52444,0.508366,16.8306,13.2585,0.162638,20.0035,17.569,0.0507846,23.2616,22.4214,0.0158319,26.7328,28.3297,0.00493498,30.5212,35.6974,0.00153831,34.7178,44.9473,0.000479527,39.4086,56.5822,0.000149456,44.6796,71.2245,4.66214e-05,50.6209,89.6543,1.45419e-05,57.3297,112.852,4.54748e-06,64.9129,142.051,1.43857e-06,73.4897,178.803,4.36618e-07,83.1934,225.062,1.40153e-07,94.1745,283.286,4.96378e-08,106.602,356.568,1.05434e-07,120.669,448.799,-6.49244e-08,136.59,564.873,1.70148e-07,154.611,710.948,-5.34594e-08,175.008,894.767,1.63407e-07,198.097,1126.06,8.04804e-08,224.231,1417.07,1.14667e-07,253.813,1783.15,-1.71227e-07,287.297,2243.62,-2.88466e-07,325.198,2822.67,-4.33651e-07,368.098,3550.67,7.9318e-08,416.657,4465.65,3.13319e-07,471.621,5615.16,3.4613e-07,533.835,7058.61,-1.19199e-07,604.255,8870.02,-2.79964e-07,683.962,11141.4,-2.30521e-07,774.182,13986.7,-2.55099e-07,876.299,17546.4,1.23585e-07,991.883,21993.1,1.41192e-07,1122.71,27536.7,-9.71886e-08,1270.78,34430.7,-3.68368e-07,1438.38,42977.7,-3.45379e-07,1628.07,53532.7,-3.25328e-09,1842.77,66504.6,2.6362e-07,2085.77,82350.2,2.53445e-07,2360.79,101560,-2.47407e-08,2672.05,124632,-3.80602e-07,3024.31,152018,-4.79005e-07,3422.98,184060,-1.14379e-07,3874.15,220884,2.64297e-07,4384.72,262283,3.44131e-07,4962.49,307576,7.5349e-08,5616.29,355497,-3.63097e-07,6356.1,404126,-6.05442e-07,7193.18,450932,-2.72333e-07,8140.28,492963,2.29675e-07,9211.79,527178,4.3387e-07,10424,550893,-1.0711e-07,10.102,8.06553,2.81012,10.6436,8.57909,0.869423,11.5336,10.2515,0.270869,12.7211,12.7138,0.0844293,14.1823,15.9373,0.0263173,15.9122,20.0383,0.0082035,17.9198,25.2154,0.00255722,20.2244,31.7373,0.000797017,22.8539,39.9486,0.000248622,25.8438,50.2851,7.75492e-05,29.237,63.2963,2.42508e-05,33.0837,79.6738,7.67162e-06,37.4415,100.288,2.32837e-06,42.3767,126.236,7.33e-07,47.9646,158.896,2.79256e-07,54.2906,200.003,9.87351e-09,61.452,251.741,1.61085e-07,69.5585,316.859,-2.47141e-07,78.7347,398.812,8.93552e-08,89.1218,501.948,-2.53231e-07,100.879,631.736,-1.25047e-07,114.188,795.049,-1.78808e-07,129.252,1000.53,2.6733e-07,146.304,1259.03,4.50292e-07,165.605,1584.19,6.76904e-07,187.452,1993.12,-1.23808e-07,212.181,2507.27,-4.89068e-07,240.173,3153.54,-5.40284e-07,271.856,3965.56,1.86061e-07,307.719,4985.38,4.37004e-07,348.313,6265.4,3.59828e-07,394.26,7870.83,3.98192e-07,446.268,9882.51,-1.92908e-07,505.135,12400.3,-2.20392e-07,571.766,15546.9,1.51705e-07,647.184,19472.2,5.74996e-07,732.547,24357.4,5.39112e-07,829.167,30420,5.07815e-09,938.526,37916.3,-4.11492e-07,1062.3,47143.9,-3.9561e-07,1202.4,58439.2,3.86185e-08,1360.96,72169.3,5.94093e-07,1540.42,88715.8,7.47693e-07,1743.53,108445,1.78537e-07,1973.41,131665,-4.12549e-07,2233.57,158557,-5.37164e-07,2528,189103,-1.17615e-07,2861.2,222986,5.66769e-07,3238.27,259510,9.45053e-07,3664.97,297540,4.25093e-07,4147.81,335497,-3.58506e-07,4694.17,371444,-6.7724e-07,5312.37,403256,1.67192e-07,1.61744,3.89446,9.84394,3.28846,7.5504,12.774,5.07607,11.7187,13.6844,7.03202,16.8147,13.9681,9.20215,23.1769,14.0566,11.6301,31.1672,14.0841,14.3598,41.2186,14.0927,17.4376,53.8688,14.0954,20.9137,69.7915,14.0962,24.8432,89.8341,14.0965,29.2879,115.063,14.0966,34.3168,146.819,14.0966,40.0078,186.792,14.0966,46.4487,237.107,14.0966,53.7388,300.44,14.0966,61.9903,380.158,14.0966,71.3301,480.499,14.0966,81.902,606.796,14.0966,93.8685,765.761,14.0966,107.414,965.837,14.0966,122.746,1217.65,14.0966,140.101,1534.57,14.0966,159.745,1933.41,14.0966,181.981,2435.3,14.0966,207.15,3066.85,14.0966,235.64,3861.46,14.0966,267.889,4861.11,14.0966,304.391,6118.54,14.0966,345.709,7699.91,14.0966,392.478,9688.22,14.0966,445.417,12187.5,14.0966,505.339,15327.7,14.0966,573.165,19271.6,14.0966,649.938,24222,14.0966,736.839,30430.9,14.0966,835.202,38211.5,14.0966,946.539,47950.3,14.0966,1072.56,60122.8,14.0966,1215.21,75309.9,14.0966,1376.66,94216.2,14.0966,1559.41,117688,14.0966,1766.26,146729,14.0966,2000.39,182510,14.0966,2265.39,226372,14.0966,2565.33,279806,14.0966,2904.81,344416,14.0966,3289.05,421845,14.0966,3723.93,513667,14.0966,4216.13,621231,14.0966,4773.18,745478,14.0966,5403.64,886744,14.0966,6117.15,1.04457e+06,14.0966,6924.63,1.2176e+06,14.0966,11.7194,11.96,12.6541,13.9321,16.1295,13.6434,16.6097,21.9702,13.9553,19.7532,29.5285,14.0526,23.3844,39.1143,14.0829,27.5423,51.2054,14.0923,32.2796,66.434,14.0953,37.662,85.6061,14.0962,43.7675,109.74,14.0965,50.687,140.119,14.0966,58.5249,178.359,14.0966,67.4005,226.493,14.0966,77.4493,287.08,14.0966,88.8254,363.343,14.0966,101.703,459.336,14.0966,116.281,580.161,14.0966,132.782,732.241,14.0966,151.46,923.655,14.0966,172.603,1164.57,14.0966,196.535,1467.79,14.0966,223.625,1849.39,14.0966,254.288,2329.62,14.0966,288.997,2933.93,14.0966,328.285,3694.33,14.0966,372.755,4651.04,14.0966,423.092,5854.57,14.0966,480.07,7368.38,14.0966,544.564,9272.08,14.0966,617.566,11665.5,14.0966,700.197,14673.6,14.0966,793.729,18452.9,14.0966,899.599,23198.6,14.0966,1019.43,29154.1,14.0966,1155.07,36622.3,14.0966,1308.6,45977.9,14.0966,1482.39,57683.7,14.0966,1679.09,72307.8,14.0966,1901.73,90542.8,14.0966,2153.73,113226,14.0966,2438.97,141360,14.0966,2761.81,176127,14.0966,3127.22,218898,14.0966,3540.81,271226,14.0966,4008.92,334817,14.0966,4538.74,411470,14.0966,5138.38,502973,14.0966,5817.04,610948,14.0966,6585.12,736653,14.0966,7454.39,880741,14.0966,8438.15,1.04302e+06,14.0966,9551.45,1.22224e+06,14.0966,10811.3,1.41602e+06,14.0966,12237,1.62086e+06,14.0966,11.7194,11.96,12.6541,2.21263,4.16949,0.989383,2.67766,5.84076,0.311842,3.14343,7.55825,0.0972771,3.63127,9.58578,0.0303237,4.15787,12.0912,0.00945211,4.73731,15.2286,0.00294633,5.38238,19.1721,0.000918508,6.10553,24.134,0.000286163,6.91951,30.3791,8.92692e-05,7.83792,38.2397,2.78121e-05,8.87555,48.1338,8.65134e-06,10.0489,60.5876,2.7882e-06,11.3761,76.2629,8.29036e-07,12.8779,95.9927,2.4373e-07,14.5775,120.825,4.33068e-09,16.5012,152.08,1.75749e-07,18.6784,191.415,-1.86328e-07,21.1428,240.917,1.91829e-07,23.9322,303.213,-1.81475e-07,27.0895,381.602,7.0186e-08,30.6634,480.231,-2.86769e-08,34.7087,604.316,2.40784e-07,39.2876,760.401,9.87368e-08,44.4705,956.705,1.22263e-07,50.3371,1203.54,-4.31966e-07,56.9776,1513.81,-1.9705e-07,64.494,1903.69,-2.763e-08,73.0018,2393.4,3.9185e-07,82.6317,3008.13,1.35379e-07,93.5318,3779.25,-4.16351e-08,105.869,4745.7,2.06965e-08,119.834,5955.6,-3.18887e-07,135.641,7468.12,-1.48271e-08,153.531,9355.62,2.00739e-07,173.781,11705.8,2.28358e-07,196.701,14624.1,-1.93587e-08,222.642,18235,-2.88101e-07,252.003,22683.4,-2.24732e-07,285.234,28134,8.56806e-09,322.845,34767,2.34258e-07,365.413,42770.9,2.99668e-07,413.588,52327.9,8.28644e-08,468.111,63591.2,-3.07049e-07,529.814,76653.2,-3.1888e-07,599.642,91502.5,-6.72276e-08,678.662,107975,2.26339e-07,768.083,125705,3.69212e-07,869.267,144088,2.04077e-07,983.76,162277,-2.80509e-07,1113.3,179223,-4.22737e-07,1259.87,193777,-1.71951e-07,1425.68,204839,4.55555e-07,11.7194,11.96,12.6541,2.21263,4.16949,0.989383,2.67766,5.84076,0.311842,3.14343,7.55825,0.0972771,3.63127,9.58578,0.0303237,4.15787,12.0912,0.00945211,4.73731,15.2286,0.00294633,5.38238,19.1721,0.000918508,6.10553,24.134,0.000286163,6.91951,30.3791,8.92692e-05,7.83792,38.2397,2.78121e-05,8.87555,48.1338,8.65134e-06,10.0489,60.5876,2.7882e-06,11.3761,76.2629,8.29036e-07,12.8779,95.9927,2.4373e-07,14.5775,120.825,1e-08,16.5012,152.08,1.75749e-07,18.6784,191.415,1e-08,21.1428,240.917,1.91829e-07,23.9322,303.213,1e-08,27.0895,381.602,7.0186e-08,30.6634,480.231,1e-08,34.7087,604.316,2.40784e-07,39.2876,760.401,9.87368e-08,44.4705,956.705,1.22263e-07,50.3371,1203.54,1e-08,56.9776,1513.81,1e-08,64.494,1903.69,1e-08,73.0018,2393.4,3.9185e-07,82.6317,3008.13,1.35379e-07,93.5318,3779.25,1e-08,105.869,4745.7,2.06965e-08,119.834,5955.6,1e-08,135.641,7468.12,1e-08,153.531,9355.62,2.00739e-07,173.781,11705.8,2.28358e-07,196.701,14624.1,1e-08,222.642,18235,1e-08,252.003,22683.4,1e-08,285.234,28134,1e-08,322.845,34767,2.34258e-07,365.413,42770.9,2.99668e-07,413.588,52327.9,8.28644e-08,468.111,63591.2,1e-08,529.814,76653.2,1e-08,599.642,91502.5,1e-08,678.662,107975,2.26339e-07,768.083,125705,3.69212e-07,869.267,144088,2.04077e-07,983.76,162277,1e-08,1113.3,179223,1e-08,1259.87,193777,1e-08,1425.68,204839,4.55555e-07,6.2823,3.27286,2.43537,0.219672,6.18826,2.24117,0.56371,6.87772,2.63624,0.308279,4,4,9,2,10,2,4,8,0,1,7,0,5,13,0,6,8,0,1,2,0,8,23,0,12,27,0,7,55,0,9,44,0,7,15,0,12,74,0,7,49,0,24,79,0,21,117,0,17,166,0,26,112,0,16,304,0,9,239,0,65,513,0,28,738,0,70,505,0,87,1264,0,32,609,0,36,1253,0,51,921,0,91,1227,0,71,1837,0,18,4557,0,61,4289,0,55,3426,0,207,3801,0,152,6506,0,147,3979,0,147,9228,0,129,7532,0,290,18331,0,175,21782,0,434,44182,0,268,26951,0,420,36435,0,267,63818,0,998,75324,0,713,89015,0,665,43993,0,288,133032,0,464,91236,0,622,89147,0,1453,119317,0,1242,204455,0,1179,91468,0,1342,227697,0
-1.05176e+08,1,8.88811e-15,10,1023,0,1.05176e+08,0.528882,1.08665,0.389689,0.145397,0.379329,3.24381,0.161596,0.446195,1.77396,0.159177,1.15e+07,4.49998e+06,6.79999e+06,1.15e+07,4.49997e+06,6.79999e+06,1.15e+07,4.49996e+06,6.79999e+06,1.15e+07,4.49995e+06,6.79999e+06,1.14999e+07,4.49993e+06,6.79999e+06,1.14999e+07,4.49991e+06,6.79999e+06,1.14999e+07,4.49989e+06,6.79999e+06,1.14999e+07,4.49986e+06,6.79999e+06,1.14999e+07,4.49982e+06,6.79999e+06,1.14999e+07,4.49977e+06,6.79999e+06,1.14999e+07,4.49971e+06,6.79999e+06,1.14999e+07,4.49963e+06,6.79999e+06,1.14998e+07,4.49953e+06,6.79999e+06,1.14998e+07,4.49941e+06,6.79999e+06,1.14998e+07,4.49926e+06,6.79999e+06,1.14998e+07,4.49906e+06,6.79999e+06,1.14997e+07,4.49882e+06,6.79999e+06,1.14997e+07,4.49851e+06,6.79999e+06,1.14997e+07,4.49812e+06,6.79999e+06,1.14996e+07,4.49764e+06,6.79999e+06,1.14996e+07,4.49702e+06,6.79999e+06,1.14995e+07,4.49625e+06,6.79999e+06,1.14995e+07,4.49528e+06,6.79999e+06,1.14994e+07,4.49406e+06,6.79999e+06,1.14993e+07,4.49253e+06,6.79999e+06,1.14992e+07,4.49059e+06,6.79999e+06,1.14991e+07,4.48817e+06,6.79999e+06,1.1499e+07,4.48511e+06,6.79999e+06,1.14988e+07,4.48128e+06,6.79999e+06,1.14987e+07,4.47646e+06,6.79999e+06,1.14985e+07,4.47041e+06,6.79999e+06,1.14983e+07,4.46281e+06,6.79999e+06,1.14981e+07,4.4533e+06,6.79999e+06,1.14979e+07,4.44138e+06,6.79999e+06,1.14976e+07,4.42649e+06,6.79999e+06,1.14972e+07,4.40789e+06,6.79999e+06,1.14969e+07,4.38471e+06,6.79999e+06,1.14965e+07,4.35592e+06,6.79999e+06,1.1496e+07,4.32027e+06,6.79999e+06,1.14955e+07,4.27629e+06,6.79999e+06,1.14949e+07,4.22231e+06,6.79999e+06,1.14942e+07,4.15647e+06,6.79999e+06,1.14934e+07,4.07676e+06,6.79999e+06,1.14926e+07,3.98112e+06,6.79999e+06,1.14916e+07,3.86765e+06,6.79999e+06,1.14905e+07,3.73474e+06,6.79999e+06,1.14892e+07,3.58148e+06,6.79999e+06,1.14878e+07,3.40785e+06,6.79999e+06,1.14862e+07,3.21513e+06,6.79999e+06,1.14844e+07,3.00605e+06,6.79999e+06,1.14823e+07,2.7848e+06,6.79999e+06,1.148e+07,2.5568e+06,6.79999e+06,1.14773e+07,2.32825e+06,6.79999e+06,13.5742,8.52444,0.508366,16.8306,13.2585,0.162638,20.0035,17.569,0.0507846,23.2616,22.4214,0.0158319,26.7328,28.3297,0.00493498,30.5212,35.6974,0.00153831,34.7178,44.9473,0.000479527,39.4086,56.5822,0.000149456,44.6796,71.2245,4.66214e-05,50.6209,89.6543,1.45419e-05,57.3297,112.852,4.54748e-06,64.9129,142.051,1.43857e-06,73.4897,178.803,4.36618e-07,83.1934,225.062,1.40153e-07,94.1745,283.286,4.96378e-08,106.602,356.568,1.05434e-07,120.669,448.799,-6.49244e-08,136.59,564.873,1.70148e-07,154.611,710.948,-5.34594e-08,175.008,894.767,1.63407e-07,198.097,1126.06,8.04804e-08,224.231,1417.07,1.14667e-07,253.813,1783.15,-1.71227e-07,287.297,2243.62,-2.88466e-07,325.198,2822.67,-4.33651e-07,368.098,3550.67,7.9318e-08,416.657,4465.65,3.13319e-07,471.621,5615.16,3.4613e-07,533.835,7058.61,-1.19199e-07,604.255,8870.02,-2.79964e-07,683.962,11141.4,-2.30521e-07,774.182,13986.7,-2.55099e-07,876.299,17546.4,1.23585e-07,991.883,21993.1,1.41192e-07,1122.71,27536.7,-9.71886e-08,1270.78,34430.7,-3.68368e-07,1438.38,42977.7,-3.45379e-07,1628.07,53532.7,-3.25328e-09,1842.77,66504.6,2.6362e-07,2085.77,82350.2,2.53445e-07,2360.79,101560,-2.47407e-08,2672.05,124632,-3.80602e-07,3024.31,152018,-4.79005e-07,3422.98,184060,-1.14379e-07,3874.15,220884,2.64297e-07,4384.72,262283,3.44131e-07,4962.49,307576,7.5349e-08,5616.29,355497,-3.63097e-07,6356.1,404126,-6.05442e-07,7193.18,450932,-2.72333e-07,8140.28,492963,2.29675e-07,9211.79,527178,4.3387e-07,10424,550893,-1.0711e-07,10.102,8.06553,2.81012,10.6436,8.57909,0.869423,11.5336,10.2515,0.270869,12.7211,12.7138,0.0844293,14.1823,15.9373,0.0263173,15.9122,20.0383,0.0082035,17.9198,25.2154,0.00255722,20.2244,31.7373,0.000797017,22.8539,39.9486,0.000248622,25.8438,50.2851,7.75492e-05,29.237,63.2963,2.42508e-05,33.0837,79.6738,7.67162e-06,37.4415,100.288,2.32837e-06,42.3767,126.236,7.33e-07,47.9646,158.896,2.79256e-07,54.2906,200.003,9.87351e-09,61.452,251.741,1.61085e-07,69.5585,316.859,-2.47141e-07,78.7347,398.812,8.93552e-08,89.1218,501.948,-2.53231e-07,100.879,631.736,-1.25047e-07,114.188,795.049,-1.78808e-07,129.252,1000.53,2.6733e-07,146.304,1259.03,4.50292e-07,165.605,1584.19,6.76904e-07,187.452,1993.12,-1.23808e-07,212.181,2507.27,-4.89068e-07,240.173,3153.54,-5.40284e-07,271.856,3965.56,1.86061e-07,307.719,4985.38,4.37004e-07,348.313,6265.4,3.59828e-07,394.26,7870.83,3.98192e-07,446.268,9882.51,-1.92908e-07,505.135,12400.3,-2.20392e-07,571.766,15546.9,1.51705e-07,647.184,19472.2,5.74996e-07,732.547,24357.4,5.39112e-07,829.167,30420,5.07815e-09,938.526,37916.3,-4.11492e-07,1062.3,47143.9,-3.9561e-07,1202.4,58439.2,3.86185e-08,1360.96,72169.3,5.94093e-07,1540.42,88715.8,7.47693e-07,1743.53,108445,1.78537e-07,1973.41,131665,-4.12549e-07,2233.57,158557,-5.37164e-07,2528,189103,-1.17615e-07,2861.2,222986,5.66769e-07,3238.27,259510,9.45053e-07,3664.97,297540,4.25093e-07,4147.81,335497,-3.58506e-07,4694.17,371444,-6.7724e-07,5312.37,403256,1.67192e-07,1.61744,3.89446,9.84394,3.28846,7.5504,12.774,5.07607,11.7187,13.6844,7.03202,16.8147,13.9681,9.20215,23.1769,14.0566,11.6301,31.1672,14.0841,14.3598,41.2186,14.0927,17.4376,53.8688,14.0954,20.9137,69.7915,14.0962,24.8432,89.8341,14.0965,29.2879,115.063,14.0966,34.3168,146.819,14.0966,40.0078,186.792,14.0966,46.4487,237.107,14.0966,53.7388,300.44,14.0966,61.9903,380.158,14.0966,71.3301,480.499,14.0966,81.902,606.796,14.0966,93.8685,765.761,14.0966,107.414,965.837,14.0966,122.746,1217.65,14.0966,140.101,1534.57,14.0966,159.745,1933.41,14.0966,181.981,2435.3,14.0966,207.15,3066.85,14.0966,235.64,3861.46,14.0966,267.889,4861.11,14.0966,304.391,6118.54,14.0966,345.709,7699.91,14.0966,392.478,9688.22,14.0966,445.417,12187.5,14.0966,505.339,15327.7,14.0966,573.165,19271.6,14.0966,649.938,24222,14.0966,736.839,30430.9,14.0966,835.202,38211.5,14.0966,946.539,47950.3,14.0966,1072.56,60122.8,14.0966,1215.21,75309.9,14.0966,1376.66,94216.2,14.0966,1559.41,117688,14.0966,1766.26,146729,14.0966,2000.39,182510,14.0966,2265.39,226372,14.0966,2565.33,279806,14.0966,2904.81,344416,14.0966,3289.05,421845,14.0966,3723.93,513667,14.0966,4216.13,621231,14.0966,4773.18,745478,14.0966,5403.64,886744,14.0966,6117.15,1.04457e+06,14.0966,6924.63,1.2176e+06,14.0966,11.7194,11.96,12.6541,13.9321,16.1295,13.6434,16.6097,21.9702,13.9553,19.7532,29.5285,14.0526,23.3844,39.1143,14.0829,27.5423,51.2054,14.0923,32.2796,66.434,14.0953,37.662,85.6061,14.0962,43.7675,109.74,14.0965,50.687,140.119,14.0966,58.5249,178.359,14.0966,67.4005,226.493,14.0966,77.4493,287.08,14.0966,88.8254,363.343,14.0966,101.703,459.336,14.0966,116.281,580.161,14.0966,132.782,732.241,14.0966,151.46,923.655,14.0966,172.603,1164.57,14.0966,196.535,1467.79,14.0966,223.625,1849.39,14.0966,254.288,2329.62,14.0966,288.997,2933.93,14.0966,328.285,3694.33,14.0966,372.755,4651.04,14.0966,423.092,5854.57,14.0966,480.07,7368.38,14.0966,544.564,9272.08,14.0966,617.566,11665.5,14.0966,700.197,14673.6,14.0966,793.729,18452.9,14.0966,899.599,23198.6,14.0966,1019.43,29154.1,14.0966,1155.07,36622.3,14.0966,1308.6,45977.9,14.0966,1482.39,57683.7,14.0966,1679.09,72307.8,14.0966,1901.73,90542.8,14.0966,2153.73,113226,14.0966,2438.97,141360,14.0966,2761.81,176127,14.0966,3127.22,218898,14.0966,3540.81,271226,14.0966,4008.92,334817,14.0966,4538.74,411470,14.0966,5138.38,502973,14.0966,5817.04,610948,14.0966,6585.12,736653,14.0966,7454.39,880741,14.0966,8438.15,1.04302e+06,14.0966,9551.45,1.22224e+06,14.0966,10811.3,1.41602e+06,14.0966,12237,1.62086e+06,14.0966,11.7194,11.96,12.6541,2.21263,4.16949,0.989383,2.67766,5.84076,0.311842,3.14343,7.55825,0.0972771,3.63127,9.58578,0.0303237,4.15787,12.0912,0.00945211,4.73731,15.2286,0.00294633,5.38238,19.1721,0.000918508,6.10553,24.134,0.000286163,6.91951,30.3791,8.92692e-05,7.83792,38.2397,2.78121e-05,8.87555,48.1338,8.65134e-06,10.0489,60.5876,2.7882e-06,11.3761,76.2629,8.29036e-07,12.8779,95.9927,2.4373e-07,14.5775,120.825,4.33068e-09,16.5012,152.08,1.75749e-07,18.6784,191.415,-1.86328e-07,21.1428,240.917,1.91829e-07,23.9322,303.213,-1.81475e-07,27.0895,381.602,7.0186e-08,30.6634,480.231,-2.86769e-08,34.7087,604.316,2.40784e-07,39.2876,760.401,9.87368e-08,44.4705,956.705,1.22263e-07,50.3371,1203.54,-4.31966e-07,56.9776,1513.81,-1.9705e-07,64.494,1903.69,-2.763e-08,73.0018,2393.4,3.9185e-07,82.6317,3008.13,1.35379e-07,93.5318,3779.25,-4.16351e-08,105.869,4745.7,2.06965e-08,119.834,5955.6,-3.18887e-07,135.641,7468.12,-1.48271e-08,153.531,9355.62,2.00739e-07,173.781,11705.8,2.28358e-07,196.701,14624.1,-1.93587e-08,222.642,18235,-2.88101e-07,252.003,22683.4,-2.24732e-07,285.234,28134,8.56806e-09,322.845,34767,2.34258e-07,365.413,42770.9,2.99668e-07,413.588,52327.9,8.28644e-08,468.111,63591.2,-3.07049e-07,529.814,76653.2,-3.1888e-07,599.642,91502.5,-6.72276e-08,678.662,107975,2.26339e-07,768.083,125705,3.69212e-07,869.267,144088,2.04077e-07,983.76,162277,-2.80509e-07,1113.3,179223,-4.22737e-07,1259.87,193777,-1.71951e-07,1425.68,204839,4.55555e-07,11.7194,11.96,12.6541,2.21263,4.16949,0.989383,2.67766,5.84076,0.311842,3.14343,7.55825,0.0972771,3.63127,9.58578,0.0303237,4.15787,12.0912,0.00945211,4.73731,15.2286,0.00294633,5.38238,19.1721,0.000918508,6.10553,24.134,0.000286163,6.91951,30.3791,8.92692e-05,7.83792,38.2397,2.78121e-05,8.87555,48.1338,8.65134e-06,10.0489,60.5876,2.7882e-06,11.3761,76.2629,8.29036e-07,12.8779,95.9927,2.4373e-07,14.5775,120.825,1e-08,16.5012,152.08,1.75749e-07,18.6784,191.415,1e-08,21.1428,240.917,1.91829e-07,23.9322,303.213,1e-08,27.0895,381.602,7.0186e-08,30.6634,480.231,1e-08,34.7087,604.316,2.40784e-07,39.2876,760.401,9.87368e-08,44.4705,956.705,1.22263e-07,50.3371,1203.54,1e-08,56.9776,1513.81,1e-08,64.494,1903.69,1e-08,73.0018,2393.4,3.9185e-07,82.6317,3008.13,1.35379e-07,93.5318,3779.25,1e-08,105.869,4745.7,2.06965e-08,119.834,5955.6,1e-08,135.641,7468.12,1e-08,153.531,9355.62,2.00739e-07,173.781,11705.8,2.28358e-07,196.701,14624.1,1e-08,222.642,18235,1e-08,252.003,22683.4,1e-08,285.234,28134,1e-08,322.845,34767,2.34258e-07,365.413,42770.9,2.99668e-07,413.588,52327.9,8.28644e-08,468.111,63591.2,1e-08,529.814,76653.2,1e-08,599.642,91502.5,1e-08,678.662,107975,2.26339e-07,768.083,125705,3.69212e-07,869.267,144088,2.04077e-07,983.76,162277,1e-08,1113.3,179223,1e-08,1259.87,193777,1e-08,1425.68,204839,4.55555e-07,6.2823,3.27286,2.43537,0.219672,6.18826,2.24117,0.56371,6.87772,2.63624,0.308279,5,15,5,2,2,0,5,12,0,2,6,0,1,11,0,0,9,0,4,9,0,1,20,0,6,34,0,5,41,0,7,11,0,4,43,0,13,76,0,18,50,0,17,137,0,14,112,0,16,134,0,21,226,0,33,206,0,41,383,0,39,455,0,12,565,0,44,411,0,34,554,0,39,749,0,45,1435,0,68,1017,0,55,1621,0,105,2260,0,64,2879,0,92,1817,0,92,4600,0,75,6556,0,84,7430,0,66,6509,0,109,7999,0,64,21249,0,187,24501,0,254,20052,0,328,25089,0,404,29337,0,231,27279,0,246,82118,0,539,96520,0,568,74189,0,692,94833,0,409,77737,0,863,178141,0,1436,100751,0,967,83145,0,1027,129868,0,1085,207449,0,1085,256198,0
-1.05176e+08,1,8.88811e-15,10,1023,0,1.05176e+08,0.528882,1.08665,0.389689,0.145397,0.379329,3.24381,0.161596,0.446195,1.77396,0.159177,1.15e+07,4.49998e+06,6.79999e+06,1.15e+07,4.49997e+06,6.79999e+06,1.15e+07,4.49996e+06,6.79999e+06,1.15e+07,4.49995e+06,6.79999e+06,1.14999e+07,4.49993e+06,6.79999e+06,1.14999e+07,4.49991e+06,6.79999e+06,1.14999e+07,4.49989e+06,6.79999e+06,1.14999e+07,4.49986e+06,6.79999e+06,1.14999e+07,4.49982e+06,6.79999e+06,1.14999e+07,4.49977e+06,6.79999e+06,1.14999e+07,4.49971e+06,6.79999e+06,1.14999e+07,4.49963e+06,6.79999e+06,1.14998e+07,4.49953e+06,6.79999e+06,1.14998e+07,4.49941e+06,6.79999e+06,1.14998e+07,4.49926e+06,6.79999e+06,1.14998e+07,4.49906e+06,6.79999e+06,1.14997e+07,4.49882e+06,6.79999e+06,1.14997e+07,4.49851e+06,6.79999e+06,1.14997e+07,4.49812e+06,6.79999e+06,1.14996e+07,4.49764e+06,6.79999e+06,1.14996e+07,4.49702e+06,6.79999e+06,1.14995e+07,4.49625e+06,6.79999e+06,1.14995e+07,4.49528e+06,6.79999e+06,1.14994e+07,4.49406e+06,6.79999e+06,1.14993e+07,4.49253e+06,6.79999e+06,1.14992e+07,4.49059e+06,6.79999e+06,1.14991e+07,4.48817e+06,6.79999e+06,1.1499e+07,4.48511e+06,6.79999e+06,1.14988e+07,4.48128e+06,6.79999e+06,1.14987e+07,4.47646e+06,6.79999e+06,1.14985e+07,4.47041e+06,6.79999e+06,1.14983e+07,4.46281e+06,6.79999e+06,1.14981e+07,4.4533e+06,6.79999e+06,1.14979e+07,4.44138e+06,6.79999e+06,1.14976e+07,4.42649e+06,6.79999e+06,1.14972e+07,4.40789e+06,6.79999e+06,1.14969e+07,4.38471e+06,6.79999e+06,1.14965e+07,4.35592e+06,6.79999e+06,1.1496e+07,4.32027e+06,6.79999e+06,1.14955e+07,4.27629e+06,6.79999e+06,1.14949e+07,4.22231e+06,6.79999e+06,1.14942e+07,4.15647e+06,6.79999e+06,1.14934e+07,4.07676e+06,6.79999e+06,1.14926e+07,3.98112e+06,6.79999e+06,1.14916e+07,3.86765e+06,6.79999e+06,1.14905e+07,3.73474e+06,6.79999e+06,1.14892e+07,3.58148e+06,6.79999e+06,1.14878e+07,3.40785e+06,6.79999e+06,1.14862e+07,3.21513e+06,6.79999e+06,1.14844e+07,3.00605e+06,6.79999e+06,1.14823e+07,2.7848e+06,6.79999e+06,1.148e+07,2.5568e+06,6.79999e+06,1.14773e+07,2.32825e+06,6.79999e+06,13.5742,8.52444,0.508366,16.8306,13.2585,0.162638,20.0035,17.569,0.0507846,23.2616,22.4214,0.0158319,26.7328,28.3297,0.00493498,30.5212,35.6974,0.00153831,34.7178,44.9473,0.000479527,39.4086,56.5822,0.000149456,44.6796,71.2245,4.66214e-05,50.6209,89.6543,1.45419e-05,57.3297,112.852,4.54748e-06,64.9129,142.051,1.43857e-06,73.4897,178.803,4.36618e-07,83.1934,225.062,1.40153e-07,94.1745,283.286,4.96378e-08,106.602,356.568,1.05434e-07,120.669,448.799,-6.49244e-08,136.59,564.873,1.70148e-07,154.611,710.948,-5.34594e-08,175.008,894.767,1.63407e-07,198.097,1126.06,8.04804e-08,224.231,1417.07,1.14667e-07,253.813,1783.15,-1.71227e-07,287.297,2243.62,-2.88466e-07,325.198,2822.67,-4.33651e-07,368.098,3550.67,7.9318e-08,416.657,4465.65,3.13319e-07,471.621,5615.16,3.4613e-07,533.835,7058.61,-1.19199e-07,604.255,8870.02,-2.79964e-07,683.962,11141.4,-2.30521e-07,774.182,13986.7,-2.55099e-07,876.299,17546.4,1.23585e-07,991.883,21993.1,1.41192e-07,1122.71,27536.7,-9.71886e-08,1270.78,34430.7,-3.68368e-07,1438.38,42977.7,-3.45379e-07,1628.07,53532.7,-3.25328e-09,1842.77,66504.6,2.6362e-07,2085.77,82350.2,2.53445e-07,2360.79,101560,-2.47407e-08,2672.05,124632,-3.80602e-07,3024.31,152018,-4.79005e-07,3422.98,184060,-1.14379e-07,3874.15,220884,2.64297e-07,4384.72,262283,3.44131e-07,4962.49,307576,7.5349e-08,5616.29,355497,-3.63097e-07,6356.1,404126,-6.05442e-07,7193.18,450932,-2.72333e-07,8140.28,492963,2.29675e-07,9211.79,527178,4.3387e-07,10424,550893,-1.0711e-07,10.102,8.06553,2.81012,10.6436,8.57909,0.869423,11.5336,10.2515,0.270869,12.7211,12.7138,0.0844293,14.1823,15.9373,0.0263173,15.9122,20.0383,0.0082035,17.9198,25.2154,0.00255722,20.2244,31.7373,0.000797017,22.8539,39.9486,0.000248622,25.8438,50.2851,7.75492e-05,29.237,63.2963,2.42508e-05,33.0837,79.6738,7.67162e-06,37.4415,100.288,2.32837e-06,42.3767,126.236,7.33e-07,47.9646,158.896,2.79256e-07,54.2906,200.003,9.87351e-09,61.452,251.741,1.61085e-07,69.5585,316.859,-2.47141e-07,78.7347,398.812,8.93552e-08,89.1218,501.948,-2.53231e-07,100.879,631.736,-1.25047e-07,114.188,795.049,-1.78808e-07,129.252,1000.53,2.6733e-07,146.304,1259.03,4.50292e-07,165.605,1584.19,6.76904e-07,187.452,1993.12,-1.23808e-07,212.181,2507.27,-4.89068e-07,240.173,3153.54,-5.40284e-07,271.856,3965.56,1.86061e-07,307.719,4985.38,4.37004e-07,348.313,6265.4,3.59828e-07,394.26,7870.83,3.98192e-07,446.268,9882.51,-1.92908e-07,505.135,12400.3,-2.20392e-07,571.766,15546.9,1.51705e-07,647.184,19472.2,5.74996e-07,732.547,24357.4,5.39112e-07,829.167,30420,5.07815e-09,938.526,37916.3,-4.11492e-07,1062.3,47143.9,-3.9561e-07,1202.4,58439.2,3.86185e-08,1360.96,72169.3,5.94093e-07,1540.42,88715.8,7.47693e-07,1743.53,108445,1.78537e-07,1973.41,131665,-4.12549e-07,2233.57,158557,-5.37164e-07,2528,189103,-1.17615e-07,2861.2,222986,5.66769e-07,3238.27,259510,9.45053e-07,3664.97,297540,4.25093e-07,4147.81,335497,-3.58506e-07,4694.17,371444,-6.7724e-07,5312.37,403256,1.67192e-07,1.61744,3.89446,9.84394,3.28846,7.5504,12.774,5.07607,11.7187,13.6844,7.03202,16.8147,13.9681,9.20215,23.1769,14.0566,11.6301,31.1672,14.0841,14.3598,41.2186,14.0927,17.4376,53.8688,14.0954,20.9137,69.7915,14.0962,24.8432,89.8341,14.0965,29.2879,115.063,14.0966,34.3168,146.819,14.0966,40.0078,186.792,14.0966,46.4487,237.107,14.0966,53.7388,300.44,14.0966,61.9903,380.158,14.0966,71.3301,480.499,14.0966,81.902,606.796,14.0966,93.8685,765.761,14.0966,107.414,965.837,14.0966,122.746,1217.65,14.0966,140.101,1534.57,14.0966,159.745,1933.41,14.0966,181.981,2435.3,14.0966,207.15,3066.85,14.0966,235.64,3861.46,14.0966,267.889,4861.11,14.0966,304.391,6118.54,14.0966,345.709,7699.91,14.0966,392.478,9688.22,14.0966,445.417,12187.5,14.0966,505.339,15327.7,14.0966,573.165,19271.6,14.0966,649.938,24222,14.0966,736.839,30430.9,14.0966,835.202,38211.5,14.0966,946.539,47950.3,14.0966,1072.56,60122.8,14.0966,1215.21,75309.9,14.0966,1376.66,94216.2,14.0966,1559.41,117688,14.0966,1766.26,146729,14.0966,2000.39,182510,14.0966,2265.39,226372,14.0966,2565.33,279806,14.0966,2904.81,344416,14.0966,3289.05,421845,14.0966,3723.93,513667,14.0966,4216.13,621231,14.0966,4773.18,745478,14.0966,5403.64,886744,14.0966,6117.15,1.04457e+06,14.0966,6924.63,1.2176e+06,14.0966,11.7194,11.96,12.6541,13.9321,16.1295,13.6434,16.6097,21.9702,13.9553,19.7532,29.5285,14.0526,23.3844,39.1143,14.0829,27.5423,51.2054,14.0923,32.2796,66.434,14.0953,37.662,85.6061,14.0962,43.7675,109.74,14.0965,50.687,140.119,14.0966,58.5249,178.359,14.0966,67.4005,226.493,14.0966,77.4493,287.08,14.0966,88.8254,363.343,14.0966,101.703,459.336,14.0966,116.281,580.161,14.0966,132.782,732.241,14.0966,151.46,923.655,14.0966,172.603,1164.57,14.0966,196.535,1467.79,14.0966,223.625,1849.39,14.0966,254.288,2329.62,14.0966,288.997,2933.93,14.0966,328.285,3694.33,14.0966,372.755,4651.04,14.0966,423.092,5854.57,14.0966,480.07,7368.38,14.0966,544.564,9272.08,14.0966,617.566,11665.5,14.0966,700.197,14673.6,14.0966,793.729,18452.9,14.0966,899.599,23198.6,14.0966,1019.43,29154.1,14.0966,1155.07,36622.3,14.0966,1308.6,45977.9,14.0966,1482.39,57683.7,14.0966,1679.09,72307.8,14.0966,1901.73,90542.8,14.0966,2153.73,113226,14.0966,2438.97,141360,14.0966,2761.81,176127,14.0966,3127.22,218898,14.0966,3540.81,271226,14.0966,4008.92,334817,14.0966,4538.74,411470,14.0966,5138.38,502973,14.0966,5817.04,610948,14.0966,6585.12,736653,14.0966,7454.39,880741,14.0966,8438.15,1.04302e+06,14.0966,9551.45,1.22224e+06,14.0966,10811.3,1.41602e+06,14.0966,12237,1.62086e+06,14.0966,11.7194,11.96,12.6541,2.21263,4.16949,0.989383,2.67766,5.84076,0.311842,3.14343,7.55825,0.0972771,3.63127,9.58578,0.0303237,4.15787,12.0912,0.00945211,4.73731,15.2286,0.00294633,5.38238,19.1721,0.000918508,6.10553,24.134,0.000286163,6.91951,30.3791,8.92692e-05,7.83792,38.2397,2.78121e-05,8.87555,48.1338,8.65134e-06,10.0489,60.5876,2.7882e-06,11.3761,76.2629,8.29036e-07,12.8779,95.9927,2.4373e-07,14.5775,120.825,4.33068e-09,16.5012,152.08,1.75749e-07,18.6784,191.415,-1.86328e-07,21.1428,240.917,1.91829e-07,23.9322,303.213,-1.81475e-07,27.0895,381.602,7.0186e-08,30.6634,480.231,-2.86769e-08,34.7087,604.316,2.40784e-07,39.2876,760.401,9.87368e-08,44.4705,956.705,1.22263e-07,50.3371,1203.54,-4.31966e-07,56.9776,1513.81,-1.9705e-07,64.494,1903.69,-2.763e-08,73.0018,2393.4,3.9185e-07,82.6317,3008.13,1.35379e-07,93.5318,3779.25,-4.16351e-08,105.869,4745.7,2.06965e-08,119.834,5955.6,-3.18887e-07,135.641,7468.12,-1.48271e-08,153.531,9355.62,2.00739e-07,173.781,11705.8,2.28358e-07,196.701,14624.1,-1.93587e-08,222.642,18235,-2.88101e-07,252.003,22683.4,-2.24732e-07,285.234,28134,8.56806e-09,322.845,34767,2.34258e-07,365.413,42770.9,2.99668e-07,413.588,52327.9,8.28644e-08,468.111,63591.2,-3.07049e-07,529.814,76653.2,-3.1888e-07,599.642,91502.5,-6.72276e-08,678.662,107975,2.26339e-07,768.083,125705,3.69212e-07,869.267,144088,2.04077e-07,983.76,162277,-2.80509e-07,1113.3,179223,-4.22737e-07,1259.87,193777,-1.71951e-07,1425.68,204839,4.55555e-07,11.7194,11.96,12.6541,2.21263,4.16949,0.989383,2.67766,5.84076,0.311842,3.14343,7.55825,0.0972771,3.63127,9.58578,0.0303237,4.15787,12.0912,0.00945211,4.73731,15.2286,0.00294633,5.38238,19.1721,0.000918508,6.10553,24.134,0.000286163,6.91951,30.3791,8.92692e-05,7.83792,38.2397,2.78121e-05,8.87555,48.1338,8.65134e-06,10.0489,60.5876,2.7882e-06,11.3761,76.2629,8.29036e-07,12.8779,95.9927,2.4373e-07,14.5775,120.825,1e-08,16.5012,152.08,1.75749e-07,18.6784,191.415,1e-08,21.1428,240.917,1.91829e-07,23.9322,303.213,1e-08,27.0895,381.602,7.0186e-08,30.6634,480.231,1e-08,34.7087,604.316,2.40784e-07,39.2876,760.401,9.87368e-08,44.4705,956.705,1.22263e-07,50.3371,1203.54,1e-08,56.9776,1513.81,1e-08,64.494,1903.69,1e-08,73.0018,2393.4,3.9185e-07,82.6317,3008.13,1.35379e-07,93.5318,3779.25,1e-08,105.869,4745.7,2.06965e-08,119.834,5955.6,1e-08,135.641,7468.12,1e-08,153.531,9355.62,2.00739e-07,173.781,11705.8,2.28358e-07,196.701,14624.1,1e-08,222.642,18235,1e-08,252.003,22683.4,1e-08,285.234,28134,1e-08,322.845,34767,2.34258e-07,365.413,42770.9,2.99668e-07,413.588,52327.9,8.28644e-08,468.111,63591.2,1e-08,529.814,76653.2,1e-08,599.642,91502.5,1e-08,678.662,107975,2.26339e-07,768.083,125705,3.69212e-07,869.267,144088,2.04077e-07,983.76,162277,1e-08,1113.3,179223,1e-08,1259.87,193777,1e-08,1425.68,204839,4.55555e-07,6.2823,3.27286,2.43537,0.219672,6.18826,2.24117,0.56371,6.87772,2.63624,0.308279,13,10,5,3,8,2,7,4,1,4,11,0,3,7,0,3,3,0,4,15,0,4,17,0,7,19,0,6,27,0,1,52,0,15,37,0,19,45,0,14,30,0,6,61,0,9,115,0,9,131,0,5,160,0,31,168,0,12,234,0,27,326,0,25,128,0,48,623,0,23,427,0,30,841,0,57,585,0,41,3314,0,46,1478,0,72,2370,0,95,1456,0,84,4076,0,181,5986,0,72,13421,0,64,5912,0,153,7356,0,188,14970,0,117,17287,0,173,24196,0,218,18199,0,231,19341,0,657,38621,0,232,78176,0,542,34694,0,481,43082,0,447,110300,0,219,103334,0,867,54381,0,721,96666,0,873,139020,0,1052,93791,0,1537,96174,0,1463,137551,0,1181,209798,0
-1.05176e+08,1,8.88811e-15,10,1023,0,1.05176e+08,0.528882,1.08665,0.389689,0.145397,0.379329,3.24381,0.161596,0.446195,1.77396,0.159177,1.15e+07,4.49998e+06,6.79999e+06,1.15e+07,4.49997e+06,6.79999e+06,1.15e+07,4.49996e+06,6.79999e+06,1.15e+07,4.49995e+06,6.79999e+06,1.14999e+07,4.49993e+06,6.79999e+06,1.14999e+07,4.49991e+06,6.79999e+06,1.14999e+07,4.49989e+06,6.79999e+06,1.14999e+07,4.49986e+06,6.79999e+06,1.14999e+07,4.49982e+06,6.79999e+06,1.14999e+07,4.49977e+06,6.79999e+06,1.14999e+07,4.49971e+06,6.79999e+06,1.14999e+07,4.49963e+06,6.79999e+06,1.14998e+07,4.49953e+06,6.79999e+06,1.14998e+07,4.49941e+06,6.79999e+06,1.14998e+07,4.49926e+06,6.79999e+06,1.14998e+07,4.49906e+06,6.79999e+06,1.14997e+07,4.49882e+06,6.79999e+06,1.14997e+07,4.49851e+06,6.79999e+06,1.14997e+07,4.49812e+06,6.79999e+06,1.14996e+07,4.49764e+06,6.79999e+06,1.14996e+07,4.49702e+06,6.79999e+06,1.14995e+07,4.49625e+06,6.79999e+06,1.14995e+07,4.49528e+06,6.79999e+06,1.14994e+07,4.49406e+06,6.79999e+06,1.14993e+07,4.49253e+06,6.79999e+06,1.14992e+07,4.49059e+06,6.79999e+06,1.14991e+07,4.48817e+06,6.79999e+06,1.1499e+07,4.48511e+06,6.79999e+06,1.14988e+07,4.48128e+06,6.79999e+06,1.14987e+07,4.47646e+06,6.79999e+06,1.14985e+07,4.47041e+06,6.79999e+06,1.14983e+07,4.46281e+06,6.79999e+06,1.14981e+07,4.4533e+06,6.79999e+06,1.14979e+07,4.44138e+06,6.79999e+06,1.14976e+07,4.42649e+06,6.79999e+06,1.14972e+07,4.40789e+06,6.79999e+06,1.14969e+07,4.38471e+06,6.79999e+06,1.14965e+07,4.35592e+06,6.79999e+06,1.1496e+07,4.32027e+06,6.79999e+06,1.14955e+07,4.27629e+06,6.79999e+06,1.14949e+07,4.22231e+06,6.79999e+06,1.14942e+07,4.15647e+06,6.79999e+06,1.14934e+07,4.07676e+06,6.79999e+06,1.14926e+07,3.98112e+06,6.79999e+06,1.14916e+07,3.86765e+06,6.79999e+06,1.14905e+07,3.73474e+06,6.79999e+06,1.14892e+07,3.58148e+06,6.79999e+06,1.14878e+07,3.40785e+06,6.79999e+06,1.14862e+07,3.21513e+06,6.79999e+06,1.14844e+07,3.00605e+06,6.79999e+06,1.14823e+07,2.7848e+06,6.79999e+06,1.148e+07,2.5568e+06,6.79999e+06,1.14773e+07,2.32825e+06,6.79999e+06,13.5742,8.52444,0.508366,16.8306,13.2585,0.162638,20.0035,17.569,0.0507846,23.2616,22.4214,0.0158319,26.7328,28.3297,0.00493498,30.5212,35.6974,0.00153831,34.7178,44.9473,0.000479527,39.4086,56.5822,0.000149456,44.6796,71.2245,4.66214e-05,50.6209,89.6543,1.45419e-05,57.3297,112.852,4.54748e-06,64.9129,142.051,1.43857e-06,73.4897,178.803,4.36618e-07,83.1934,225.062,1.40153e-07,94.1745,283.286,4.96378e-08,106.602,356.568,1.05434e-07,120.669,448.799,-6.49244e-08,136.59,564.873,1.70148e-07,154.611,710.948,-5.34594e-08,175.008,894.767,1.63407e-07,198.097,1126.06,8.04804e-08,224.231,1417.07,1.14667e-07,253.813,1783.15,-1.71227e-07,287.297,2243.62,-2.88466e-07,325.198,2822.67,-4.33651e-07,368.098,3550.67,7.9318e-08,416.657,4465.65,3.13319e-07,471.621,5615.16,3.4613e-07,533.835,7058.61,-1.19199e-07,604.255,8870.02,-2.79964e-07,683.962,11141.4,-2.30521e-07,774.182,13986.7,-2.55099e-07,876.299,17546.4,1.23585e-07,991.883,21993.1,1.41192e-07,1122.71,27536.7,-9.71886e-08,1270.78,34430.7,-3.68368e-07,1438.38,42977.7,-3.45379e-07,1628.07,53532.7,-3.25328e-09,1842.77,66504.6,2.6362e-07,2085.77,82350.2,2.53445e-07,2360.79,101560,-2.47407e-08,2672.05,124632,-3.80602e-07,3024.31,152018,-4.79005e-07,3422.98,184060,-1.14379e-07,3874.15,220884,2.64297e-07,4384.72,262283,3.44131e-07,4962.49,307576,7.5349e-08,5616.29,355497,-3.63097e-07,6356.1,404126,-6.05442e-07,7193.18,450932,-2.72333e-07,8140.28,492963,2.29675e-07,9211.79,527178,4.3387e-07,10424,550893,-1.0711e-07,10.102,8.06553,2.81012,10.6436,8.57909,0.869423,11.5336,10.2515,0.270869,12.7211,12.7138,0.0844293,14.1823,15.9373,0.0263173,15.9122,20.0383,0.0082035,17.9198,25.2154,0.00255722,20.2244,31.7373,0.000797017,22.8539,39.9486,0.000248622,25.8438,50.2851,7.75492e-05,29.237,63.2963,2.42508e-05,33.0837,79.6738,7.67162e-06,37.4415,100.288,2.32837e-06,42.3767,126.236,7.33e-07,47.9646,158.896,2.79256e-07,54.2906,200.003,9.87351e-09,61.452,251.741,1.61085e-07,69.5585,316.859,-2.47141e-07,78.7347,398.812,8.93552e-08,89.1218,501.948,-2.53231e-07,100.879,631.736,-1.25047e-07,114.188,795.049,-1.78808e-07,129.252,1000.53,2.6733e-07,146.304,1259.03,4.50292e-07,165.605,1584.19,6.76904e-07,187.452,1993.12,-1.23808e-07,212.181,2507.27,-4.89068e-07,240.173,3153.54,-5.40284e-07,271.856,3965.56,1.86061e-07,307.719,4985.38,4.37004e-07,348.313,6265.4,3.59828e-07,394.26,7870.83,3.98192e-07,446.268,9882.51,-1.92908e-07,505.135,12400.3,-2.20392e-07,571.766,15546.9,1.51705e-07,647.184,19472.2,5.74996e-07,732.547,24357.4,5.39112e-07,829.167,30420,5.07815e-09,938.526,37916.3,-4.11492e-07,1062.3,47143.9,-3.9561e-07,1202.4,58439.2,3.86185e-08,1360.96,72169.3,5.94093e-07,1540.42,88715.8,7.47693e-07,1743.53,108445,1.78537e-07,1973.41,131665,-4.12549e-07,2233.57,158557,-5.37164e-07,2528,189103,-1.17615e-07,2861.2,222986,5.66769e-07,3238.27,259510,9.45053e-07,3664.97,297540,4.25093e-07,4147.81,335497,-3.58506e-07,4694.17,371444,-6.7724e-07,5312.37,403256,1.67192e-07,1.61744,3.89446,9.84394,3.28846,7.5504,12.774,5.07607,11.7187,13.6844,7.03202,16.8147,13.9681,9.20215,23.1769,14.0566,11.6301,31.1672,14.0841,14.3598,41.2186,14.0927,17.4376,53.8688,14.0954,20.9137,69.7915,14.0962,24.8432,89.8341,14.0965,29.2879,115.063,14.0966,34.3168,146.819,14.0966,40.0078,186.792,14.0966,46.4487,237.107,14.0966,53.7388,300.44,14.0966,61.9903,380.158,14.0966,71.3301,480.499,14.0966,81.902,606.796,14.0966,93.8685,765.761,14.0966,107.414,965.837,14.0966,122.746,1217.65,14.0966,140.101,1534.57,14.0966,159.745,1933.41,14.0966,181.981,2435.3,14.0966,207.15,3066.85,14.0966,235.64,3861.46,14.0966,267.889,4861.11,14.0966,304.391,6118.54,14.0966,345.709,7699.91,14.0966,392.478,9688.22,14.0966,445.417,12187.5,14.0966,505.339,15327.7,14.0966,573.165,19271.6,14.0966,649.938,24222,14.0966,736.839,30430.9,14.0966,835.202,38211.5,14.0966,946.539,47950.3,14.0966,1072.56,60122.8,14.0966,1215.21,75309.9,14.0966,1376.66,94216.2,14.0966,1559.41,117688,14.0966,1766.26,146729,14.0966,2000.39,182510,14.0966,2265.39,226372,14.0966,2565.33,279806,14.0966,2904.81,344416,14.0966,3289.05,421845,14.0966,3723.93,513667,14.0966,4216.13,621231,14.0966,4773.18,745478,14.0966,5403.64,886744,14.0966,6117.15,1.04457e+06,14.0966,6924.63,1.2176e+06,14.0966,11.7194,11.96,12.6541,13.9321,16.1295,13.6434,16.6097,21.9702,13.9553,19.7532,29.5285,14.0526,23.3844,39.1143,14.0829,27.5423,51.2054,14.0923,32.2796,66.434,14.0953,37.662,85.6061,14.0962,43.7675,109.74,14.0965,50.687,140.119,14.0966,58.5249,178.359,14.0966,67.4005,226.493,14.0966,77.4493,287.08,14.0966,88.8254,363.343,14.0966,101.703,459.336,14.0966,116.281,580.161,14.0966,132.782,732.241,14.0966,151.46,923.655,14.0966,172.603,1164.57,14.0966,196.535,1467.79,14.0966,223.625,1849.39,14.0966,254.288,2329.62,14.0966,288.997,2933.93,14.0966,328.285,3694.33,14.0966,372.755,4651.04,14.0966,423.092,5854.57,14.0966,480.07,7368.38,14.0966,544.564,9272.08,14.0966,617.566,11665.5,14.0966,700.197,14673.6,14.0966,793.729,18452.9,14.0966,899.599,23198.6,14.0966,1019.43,29154.1,14.0966,1155.07,36622.3,14.0966,1308.6,45977.9,14.0966,1482.39,57683.7,14.0966,1679.09,72307.8,14.0966,1901.73,90542.8,14.0966,2153.73,113226,14.0966,2438.97,141360,14.0966,2761.81,176127,14.0966,3127.22,218898,14.0966,3540.81,271226,14.0966,4008.92,334817,14.0966,4538.74,411470,14.0966,5138.38,502973,14.0966,5817.04,610948,14.0966,6585.12,736653,14.0966,7454.39,880741,14.0966,8438.15,1.04302e+06,14.0966,9551.45,1.22224e+06,14.0966,10811.3,1.41602e+06,14.0966,12237,1.62086e+06,14.0966,11.7194,11.96,12.6541,2.21263,4.16949,0.989383,2.67766,5.84076,0.311842,3.14343,7.55825,0.0972771,3.63127,9.58578,0.0303237,4.15787,12.0912,0.00945211,4.73731,15.2286,0.00294633,5.38238,19.1721,0.000918508,6.10553,24.134,0.000286163,6.91951,30.3791,8.92692e-05,7.83792,38.2397,2.78121e-05,8.87555,48.1338,8.65134e-06,10.0489,60.5876,2.7882e-06,11.3761,76.2629,8.29036e-07,12.8779,95.9927,2.4373e-07,14.5775,120.825,4.33068e-09,16.5012,152.08,1.75749e-07,18.6784,191.415,-1.86328e-07,21.1428,240.917,1.91829e-07,23.9322,303.213,-1.81475e-07,27.0895,381.602,7.0186e-08,30.6634,480.231,-2.86769e-08,34.7087,604.316,2.40784e-07,39.2876,760.401,9.87368e-08,44.4705,956.705,1.22263e-07,50.3371,1203.54,-4.31966e-07,56.9776,1513.81,-1.9705e-07,64.494,1903.69,-2.763e-08,73.0018,2393.4,3.9185e-07,82.6317,3008.13,1.35379e-07,93.5318,3779.25,-4.16351e-08,105.869,4745.7,2.06965e-08,119.834,5955.6,-3.18887e-07,135.641,7468.12,-1.48271e-08,153.531,9355.62,2.00739e-07,173.781,11705.8,2.28358e-07,196.701,14624.1,-1.93587e-08,222.642,18235,-2.88101e-07,252.003,22683.4,-2.24732e-07,285.234,28134,8.56806e-09,322.845,34767,2.34258e-07,365.413,42770.9,2.99668e-07,413.588,52327.9,8.28644e-08,468.111,63591.2,-3.07049e-07,529.814,76653.2,-3.1888e-07,599.642,91502.5,-6.72276e-08,678.662,107975,2.26339e-07,768.083,125705,3.69212e-07,869.267,144088,2.04077e-07,983.76,162277,-2.80509e-07,1113.3,179223,-4.22737e-07,1259.87,193777,-1.71951e-07,1425.68,204839,4.55555e-07,11.7194,11.96,12.6541,2.21263,4.16949,0.989383,2.67766,5.84076,0.311842,3.14343,7.55825,0.0972771,3.63127,9.58578,0.0303237,4.15787,12.0912,0.00945211,4.73731,15.2286,0.00294633,5.38238,19.1721,0.000918508,6.10553,24.134,0.000286163,6.91951,30.3791,8.92692e-05,7.83792,38.2397,2.78121e-05,8.87555,48.1338,8.65134e-06,10.0489,60.5876,2.7882e-06,11.3761,76.2629,8.29036e-07,12.8779,95.9927,2.4373e-07,14.5775,120.825,1e-08,16.5012,152.08,1.75749e-07,18.6784,191.415,1e-08,21.1428,240.917,1.91829e-07,23.9322,303.213,1e-08,27.0895,381.602,7.0186e-08,30.6634,480.231,1e-08,34.7087,604.316,2.40784e-07,39.2876,760.401,9.87368e-08,44.4705,956.705,1.22263e-07,50.3371,1203.54,1e-08,56.9776,1513.81,1e-08,64.494,1903.69,1e-08,73.0018,2393.4,3.9185e-07,82.6317,3008.13,1.35379e-07,93.5318,3779.25,1e-08,105.869,4745.7,2.06965e-08,119.834,5955.6,1e-08,135.641,7468.12,1e-08,153.531,9355.62,2.00739e-07,173.781,11705.8,2.28358e-07,196.701,14624.1,1e-08,222.642,18235,1e-08,252.003,22683.4,1e-08,285.234,28134,1e-08,322.845,34767,2.34258e-07,365.413,42770.9,2.99668e-07,413.588,52327.9,8.28644e-08,468.111,63591.2,1e-08,529.814,76653.2,1e-08,599.642,91502.5,1e-08,678.662,107975,2.26339e-07,768.083,125705,3.69212e-07,869.267,144088,2.04077e-07,983.76,162277,1e-08,1113.3,179223,1e-08,1259.87,193777,1e-08,1425.68,204839,4.55555e-07,6.2823,3.27286,2.43537,0.219672,6.18826,2.24117,0.56371,6.87772,2.63624,0.308279,8,15,13,1,4,2,4,8,0,1,11,0,3,10,0,5,13,0,2,18,0,8,13,0,5,22,0,6,17,0,11,60,0,4,62,0,12,82,0,15,153,0,10,60,0,10,76,0,15,181,0,18,195,0,25,145,0,17,301,0,38,197,0,22,302,0,22,440,0,48,1418,0,50,1199,0,84,984,0,83,1687,0,106,2105,0,114,1680,0,102,2698,0,89,2131,0,80,4657,0,160,4776,0,104,5858,0,228,7505,0,117,14722,0,137,12258,0,190,17913,0,124,22928,0,250,24969,0,330,36095,0,321,58591,0,326,100504,0,411,83329,0,825,61605,0,520,164840,0,937,162612,0,502,107413,0,705,60443,0,1814,75849,0,879,145518,0,945,81717,0,1632,174032,0
-1.05176e+08,1,8.88811e-15,10,1023,0,1.05176e+08,0.528882,1.08665,0.389689,0.145397,0.379329,3.24381,0.161596,0.446195,1.77396,0.159177,1.15e+07,4.49998e+06,6.79999e+06,1.15e+07,4.49997e+06,6.79999e+06,1.15e+07,4.49996e+06,6.79999e+06,1.15e+07,4.49995e+06,6.79999e+06,1.14999e+07,4.49993e+06,6.79999e+06,1.14999e+07,4.49991e+06,6.79999e+06,1.14999e+07,4.49989e+06,6.79999e+06,1.14999e+07,4.49986e+06,6.79999e+06,1.14999e+07,4.49982e+06,6.79999e+06,1.14999e+07,4.49977e+06,6.79999e+06,1.14999e+07,4.49971e+06,6.79999e+06,1.14999e+07,4.49963e+06,6.79999e+06,1.14998e+07,4.49953e+06,6.79999e+06,1.14998e+07,4.49941e+06,6.79999e+06,1.14998e+07,4.49926e+06,6.79999e+06,1.14998e+07,4.49906e+06,6.79999e+06,1.14997e+07,4.49882e+06,6.79999e+06,1.14997e+07,4.49851e+06,6.79999e+06,1.14997e+07,4.49812e+06,6.79999e+06,1.14996e+07,4.49764e+06,6.79999e+06,1.14996e+07,4.49702e+06,6.79999e+06,1.14995e+07,4.49625e+06,6.79999e+06,1.14995e+07,4.49528e+06,6.79999e+06,1.14994e+07,4.49406e+06,6.79999e+06,1.14993e+07,4.49253e+06,6.79999e+06,1.14992e+07,4.49059e+06,6.79999e+06,1.14991e+07,4.48817e+06,6.79999e+06,1.1499e+07,4.48511e+06,6.79999e+06,1.14988e+07,4.48128e+06,6.79999e+06,1.14987e+07,4.47646e+06,6.79999e+06,1.14985e+07,4.47041e+06,6.79999e+06,1.14983e+07,4.46281e+06,6.79999e+06,1.14981e+07,4.4533e+06,6.79999e+06,1.14979e+07,4.44138e+06,6.79999e+06,1.14976e+07,4.42649e+06,6.79999e+06,1.14972e+07,4.40789e+06,6.79999e+06,1.14969e+07,4.38471e+06,6.79999e+06,1.14965e+07,4.35592e+06,6.79999e+06,1.1496e+07,4.32027e+06,6.79999e+06,1.14955e+07,4.27629e+06,6.79999e+06,1.14949e+07,4.22231e+06,6.79999e+06,1.14942e+07,4.15647e+06,6.79999e+06,1.14934e+07,4.07676e+06,6.79999e+06,1.14926e+07,3.98112e+06,6.79999e+06,1.14916e+07,3.86765e+06,6.79999e+06,1.14905e+07,3.73474e+06,6.79999e+06,1.14892e+07,3.58148e+06,6.79999e+06,1.14878e+07,3.40785e+06,6.79999e+06,1.14862e+07,3.21513e+06,6.79999e+06,1.14844e+07,3.00605e+06,6.79999e+06,1.14823e+07,2.7848e+06,6.79999e+06,1.148e+07,2.5568e+06,6.79999e+06,1.14773e+07,2.32825e+06,6.79999e+06,13.5742,8.52444,0.508366,16.8306,13.2585,0.162638,20.0035,17.569,0.0507846,23.2616,22.4214,0.0158319,26.7328,28.3297,0.00493498,30.5212,35.6974,0.00153831,34.7178,44.9473,0.000479527,39.4086,56.5822,0.000149456,44.6796,71.2245,4.66214e-05,50.6209,89.6543,1.45419e-05,57.3297,112.852,4.54748e-06,64.9129,142.051,1.43857e-06,73.4897,178.803,4.36618e-07,83.1934,225.062,1.40153e-07,94.1745,283.286,4.96378e-08,106.602,356.568,1.05434e-07,120.669,448.799,-6.49244e-08,136.59,564.873,1.70148e-07,154.611,710.948,-5.34594e-08,175.008,894.767,1.63407e-07,198.097,1126.06,8.04804e-08,224.231,1417.07,1.14667e-07,253.813,1783.15,-1.71227e-07,287.297,2243.62,-2.88466e-07,325.198,2822.67,-4.33651e-07,368.098,3550.67,7.9318e-08,416.657,4465.65,3.13319e-07,471.621,5615.16,3.4613e-07,533.835,7058.61,-1.19199e-07,604.255,8870.02,-2.79964e-07,683.962,11141.4,-2.30521e-07,774.182,13986.7,-2.55099e-07,876.299,17546.4,1.23585e-07,991.883,21993.1,1.41192e-07,1122.71,27536.7,-9.71886e-08,1270.78,34430.7,-3.68368e-07,1438.38,42977.7,-3.45379e-07,1628.07,53532.7,-3.25328e-09,1842.77,66504.6,2.6362e-07,2085.77,82350.2,2.53445e-07,2360.79,101560,-2.47407e-08,2672.05,124632,-3.80602e-07,3024.31,152018,-4.79005e-07,3422.98,184060,-1.14379e-07,3874.15,220884,2.64297e-07,4384.72,262283,3.44131e-07,4962.49,307576,7.5349e-08,5616.29,355497,-3.63097e-07,6356.1,404126,-6.05442e-07,7193.18,450932,-2.72333e-07,8140.28,492963,2.29675e-07,9211.79,527178,4.3387e-07,10424,550893,-1.0711e-07,10.102,8.06553,2.81012,10.6436,8.57909,0.869423,11.5336,10.2515,0.270869,12.7211,12.7138,0.0844293,14.1823,15.9373,0.0263173,15.9122,20.0383,0.0082035,17.9198,25.2154,0.00255722,20.2244,31.7373,0.000797017,22.8539,39.9486,0.000248622,25.8438,50.2851,7.75492e-05,29.237,63.2963,2.42508e-05,33.0837,79.6738,7.67162e-06,37.4415,100.288,2.32837e-06,42.3767,126.236,7.33e-07,47.9646,158.896,2.79256e-07,54.2906,200.003,9.87351e-09,61.452,251.741,1.61085e-07,69.5585,316.859,-2.47141e-07,78.7347,398.812,8.93552e-08,89.1218,501.948,-2.53231e-07,100.879,631.736,-1.25047e-07,114.188,795.049,-1.78808e-07,129.252,1000.53,2.6733e-07,146.304,1259.03,4.50292e-07,165.605,1584.19,6.76904e-07,187.452,1993.12,-1.23808e-07,212.181,2507.27,-4.89068e-07,240.173,3153.54,-5.40284e-07,271.856,3965.56,1.86061e-07,307.719,4985.38,4.37004e-07,348.313,6265.4,3.59828e-07,394.26,7870.83,3.98192e-07,446.268,9882.51,-1.92908e-07,505.135,12400.3,-2.20392e-07,571.766,15546.9,1.51705e-07,647.184,19472.2,5.74996e-07,732.547,24357.4,5.39112e-07,829.167,30420,5.07815e-09,938.526,37916.3,-4.11492e-07,1062.3,47143.9,-3.9561e-07,1202.4,58439.2,3.86185e-08,1360.96,72169.3,5.94093e-07,1540.42,88715.8,7.47693e-07,1743.53,108445,1.78537e-07,1973.41,131665,-4.12549e-07,2233.57,158557,-5.37164e-07,2528,189103,-1.17615e-07,2861.2,222986,5.66769e-07,3238.27,259510,9.45053e-07,3664.97,297540,4.25093e-07,4147.81,335497,-3.58506e-07,4694.17,371444,-6.7724e-07,5312.37,403256,1.67192e-07,1.61744,3.89446,9.84394,3.28846,7.5504,12.774,5.07607,11.7187,13.6844,7.03202,16.8147,13.9681,9.20215,23.1769,14.0566,11.6301,31.1672,14.0841,14.3598,41.2186,14.0927,17.4376,53.8688,14.0954,20.9137,69.7915,14.0962,24.8432,89.8341,14.0965,29.2879,115.063,14.0966,34.3168,146.819,14.0966,40.0078,186.792,14.0966,46.4487,237.107,14.0966,53.7388,300.44,14.0966,61.9903,380.158,14.0966,71.3301,480.499,14.0966,81.902,606.796,14.0966,93.8685,765.761,14.0966,107.414,965.837,14.0966,122.746,1217.65,14.0966,140.101,1534.57,14.0966,159.745,1933.41,14.0966,181.981,2435.3,14.0966,207.15,3066.85,14.0966,235.64,3861.46,14.0966,267.889,4861.11,14.0966,304.391,6118.54,14.0966,345.709,7699.91,14.0966,392.478,9688.22,14.0966,445.417,12187.5,14.0966,505.339,15327.7,14.0966,573.165,19271.6,14.0966,649.938,24222,14.0966,736.839,30430.9,14.0966,835.202,38211.5,14.0966,946.539,47950.3,14.0966,1072.56,60122.8,14.0966,1215.21,75309.9,14.0966,1376.66,94216.2,14.0966,1559.41,117688,14.0966,1766.26,146729,14.0966,2000.39,182510,14.0966,2265.39,226372,14.0966,2565.33,279806,14.0966,2904.81,344416,14.0966,3289.05,421845,14.0966,3723.93,513667,14.0966,4216.13,621231,14.0966,4773.18,745478,14.0966,5403.64,886744,14.0966,6117.15,1.04457e+06,14.0966,6924.63,1.2176e+06,14.0966,11.7194,11.96,12.6541,13.9321,16.1295,13.6434,16.6097,21.9702,13.9553,19.7532,29.5285,14.0526,23.3844,39.1143,14.0829,27.5423,51.2054,14.0923,32.2796,66.434,14.0953,37.662,85.6061,14.0962,43.7675,109.74,14.0965,50.687,140.119,14.0966,58.5249,178.359,14.0966,67.4005,226.493,14.0966,77.4493,287.08,14.0966,88.8254,363.343,14.0966,101.703,459.336,14.0966,116.281,580.161,14.0966,132.782,732.241,14.0966,151.46,923.655,14.0966,172.603,1164.57,14.0966,196.535,1467.79,14.0966,223.625,1849.39,14.0966,254.288,2329.62,14.0966,288.997,2933.93,14.0966,328.285,3694.33,14.0966,372.755,4651.04,14.0966,423.092,5854.57,14.0966,480.07,7368.38,14.0966,544.564,9272.08,14.0966,617.566,11665.5,14.0966,700.197,14673.6,14.0966,793.729,18452.9,14.0966,899.599,23198.6,14.0966,1019.43,29154.1,14.0966,1155.07,36622.3,14.0966,1308.6,45977.9,14.0966,1482.39,57683.7,14.0966,1679.09,72307.8,14.0966,1901.73,90542.8,14.0966,2153.73,113226,14.0966,2438.97,141360,14.0966,2761.81,176127,14.0966,3127.22,218898,14.0966,3540.81,271226,14.0966,4008.92,334817,14.0966,4538.74,411470,14.0966,5138.38,502973,14.0966,5817.04,610948,14.0966,6585.12,736653,14.0966,7454.39,880741,14.0966,8438.15,1.04302e+06,14.0966,9551.45,1.22224e+06,14.0966,10811.3,1.41602e+06,14.0966,12237,1.62086e+06,14.0966,11.7194,11.96,12.6541,2.21263,4.16949,0.989383,2.67766,5.84076,0.311842,3.14343,7.55825,0.0972771,3.63127,9.58578,0.0303237,4.15787,12.0912,0.00945211,4.73731,15.2286,0.00294633,5.38238,19.1721,0.000918508,6.10553,24.134,0.000286163,6.91951,30.3791,8.92692e-05,7.83792,38.2397,2.78121e-05,8.87555,48.1338,8.65134e-06,10.0489,60.5876,2.7882e-06,11.3761,76.2629,8.29036e-07,12.8779,95.9927,2.4373e-07,14.5775,120.825,4.33068e-09,16.5012,152.08,1.75749e-07,18.6784,191.415,-1.86328e-07,21.1428,240.917,1.91829e-07,23.9322,303.213,-1.81475e-07,27.0895,381.602,7.0186e-08,30.6634,480.231,-2.86769e-08,34.7087,604.316,2.40784e-07,39.2876,760.401,9.87368e-08,44.4705,956.705,1.22263e-07,50.3371,1203.54,-4.31966e-07,56.9776,1513.81,-1.9705e-07,64.494,1903.69,-2.763e-08,73.0018,2393.4,3.9185e-07,82.6317,3008.13,1.35379e-07,93.5318,3779.25,-4.16351e-08,105.869,4745.7,2.06965e-08,119.834,5955.6,-3.18887e-07,135.641,7468.12,-1.48271e-08,153.531,9355.62,2.00739e-07,173.781,11705.8,2.28358e-07,196.701,14624.1,-1.93587e-08,222.642,18235,-2.88101e-07,252.003,22683.4,-2.24732e-07,285.234,28134,8.56806e-09,322.845,34767,2.34258e-07,365.413,42770.9,2.99668e-07,413.588,52327.9,8.28644e-08,468.111,63591.2,-3.07049e-07,529.814,76653.2,-3.1888e-07,599.642,91502.5,-6.72276e-08,678.662,107975,2.26339e-07,768.083,125705,3.69212e-07,869.267,144088,2.04077e-07,983.76,162277,-2.80509e-07,1113.3,179223,-4.22737e-07,1259.87,193777,-1.71951e-07,1425.68,204839,4.55555e-07,11.7194,11.96,12.6541,2.21263,4.16949,0.989383,2.67766,5.84076,0.311842,3.14343,7.55825,0.0972771,3.63127,9.58578,0.0303237,4.15787,12.0912,0.00945211,4.73731,15.2286,0.00294633,5.38238,19.1721,0.000918508,6.10553,24.134,0.000286163,6.91951,30.3791,8.92692e-05,7.83792,38.2397,2.78121e-05,8.87555,48.1338,8.65134e-06,10.0489,60.5876,2.7882e-06,11.3761,76.2629,8.29036e-07,12.8779,95.9927,2.4373e-07,14.5775,120.825,1e-08,16.5012,152.08,1.75749e-07,18.6784,191.415,1e-08,21.1428,240.917,1.91829e-07,23.9322,303.213,1e-08,27.0895,381.602,7.0186e-08,30.6634,480.231,1e-08,34.7087,604.316,2.40784e-07,39.2876,760.401,9.87368e-08,44.4705,956.705,1.22263e-07,50.3371,1203.54,1e-08,56.9776,1513.81,1e-08,64.494,1903.69,1e-08,73.0018,2393.4,3.9185e-07,82.6317,3008.13,1.35379e-07,93.5318,3779.25,1e-08,105.869,4745.7,2.06965e-08,119.834,5955.6,1e-08,135.641,7468.12,1e-08,153.531,9355.62,2.00739e-07,173.781,11705.8,2.28358e-07,196.701,14624.1,1e-08,222.642,18235,1e-08,252.003,22683.4,1e-08,285.234,28134,1e-08,322.845,34767,2.34258e-07,365.413,42770.9,2.99668e-07,413.588,52327.9,8.28644e-08,468.111,63591.2,1e-08,529.814,76653.2,1e-08,599.642,91502.5,1e-08,678.662,107975,2.26339e-07,768.083,125705,3.69212e-07,869.267,144088,2.04077e-07,983.76,162277,1e-08,1113.3,179223,1e-08,1259.87,193777,1e-08,1425.68,204839,4.55555e-07,6.2823,3.27286,2.43537,0.219672,6.18826,2.24117,0.56371,6.87772,2.63624,0.308279,7,9,17,1,4,1,2,0,0,4,9,0,7,16,0,3,8,0,2,37,0,5,25,0,4,52,0,3,29,0,6,35,0,10,44,0,5,79,0,17,48,0,13,153,0,13,135,0,24,152,0,13,289,0,18,209,0,33,244,0,46,276,0,13,280,0,25,596,0,44,572,0,21,683,0,40,1585,0,51,940,0,49,1730,0,47,1861,0,79,4390,0,95,2892,0,155,3479,0,152,4627,0,183,7325,0,286,8706,0,246,10637,0,235,26030,0,124,18943,0,307,19988,0,394,18716,0,262,37805,0,414,35804,0,442,47298,0,521,51824,0,796,51364,0,696,76437,0,605,57519,0,1121,158753,0,1469,163786,0,673,135112,0,559,117599,0,684,103472,0,2075,155923,0
-1.05176e+08,1,8.88811e-15,10,1023,0,1.05176e+08,0.528882,1.08665,0.389689,0.145397,0.379329,3.24381,0.161596,0.446195,1.77396,0.159177,1.15e+07,4.49998e+06,6.79999e+06,1.15e+07,4.49997e+06,6.79999e+06,1.15e+07,4.49996e+06,6.79999e+06,1.15e+07,4.49995e+06,6.79999e+06,1.14999e+07,4.49993e+06,6.79999e+06,1.14999e+07,4.49991e+06,6.79999e+06,1.14999e+07,4.49989e+06,6.79999e+06,1.14999e+07,4.49986e+06,6.79999e+06,1.14999e+07,4.49982e+06,6.79999e+06,1.14999e+07,4.49977e+06,6.79999e+06,1.14999e+07,4.49971e+06,6.79999e+06,1.14999e+07,4.49963e+06,6.79999e+06,1.14998e+07,4.49953e+06,6.79999e+06,1.14998e+07,4.49941e+06,6.79999e+06,1.14998e+07,4.49926e+06,6.79999e+06,1.14998e+07,4.49906e+06,6.79999e+06,1.14997e+07,4.49882e+06,6.79999e+06,1.14997e+07,4.49851e+06,6.79999e+06,1.14997e+07,4.49812e+06,6.79999e+06,1.14996e+07,4.49764e+06,6.79999e+06,1.14996e+07,4.49702e+06,6.79999e+06,1.14995e+07,4.49625e+06,6.79999e+06,1.14995e+07,4.49528e+06,6.79999e+06,1.14994e+07,4.49406e+06,6.79999e+06,1.14993e+07,4.49253e+06,6.79999e+06,1.14992e+07,4.49059e+06,6.79999e+06,1.14991e+07,4.48817e+06,6.79999e+06,1.1499e+07,4.48511e+06,6.79999e+06,1.14988e+07,4.48128e+06,6.79999e+06,1.14987e+07,4.47646e+06,6.79999e+06,1.14985e+07,4.47041e+06,6.79999e+06,1.14983e+07,4.46281e+06,6.79999e+06,1.14981e+07,4.4533e+06,6.79999e+06,1.14979e+07,4.44138e+06,6.79999e+06,1.14976e+07,4.42649e+06,6.79999e+06,1.14972e+07,4.40789e+06,6.79999e+06,1.14969e+07,4.38471e+06,6.79999e+06,1.14965e+07,4.35592e+06,6.79999e+06,1.1496e+07,4.32027e+06,6.79999e+06,1.14955e+07,4.27629e+06,6.79999e+06,1.14949e+07,4.22231e+06,6.79999e+06,1.14942e+07,4.15647e+06,6.79999e+06,1.14934e+07,4.07676e+06,6.79999e+06,1.14926e+07,3.98112e+06,6.79999e+06,1.14916e+07,3.86765e+06,6.79999e+06,1.14905e+07,3.73474e+06,6.79999e+06,1.14892e+07,3.58148e+06,6.79999e+06,1.14878e+07,3.40785e+06,6.79999e+06,1.14862e+07,3.21513e+06,6.79999e+06,1.14844e+07,3.00605e+06,6.79999e+06,1.14823e+07,2.7848e+06,6.79999e+06,1.148e+07,2.5568e+06,6.79999e+06,1.14773e+07,2.32825e+06,6.79999e+06,13.5742,8.52444,0.508366,16.8306,13.2585,0.162638,20.0035,17.569,0.0507846,23.2616,22.4214,0.0158319,26.7328,28.3297,0.00493498,30.5212,35.6974,0.00153831,34.7178,44.9473,0.000479527,39.4086,56.5822,0.000149456,44.6796,71.2245,4.66214e-05,50.6209,89.6543,1.45419e-05,57.3297,112.852,4.54748e-06,64.9129,142.051,1.43857e-06,73.4897,178.803,4.36618e-07,83.1934,225.062,1.40153e-07,94.1745,283.286,4.96378e-08,106.602,356.568,1.05434e-07,120.669,448.799,-6.49244e-08,136.59,564.873,1.70148e-07,154.611,710.948,-5.34594e-08,175.008,894.767,1.63407e-07,198.097,1126.06,8.04804e-08,224.231,1417.07,1.14667e-07,253.813,1783.15,-1.71227e-07,287.297,2243.62,-2.88466e-07,325.198,2822.67,-4.33651e-07,368.098,3550.67,7.9318e-08,416.657,4465.65,3.13319e-07,471.621,5615.16,3.4613e-07,533.835,7058.61,-1.19199e-07,604.255,8870.02,-2.79964e-07,683.962,11141.4,-2.30521e-07,774.182,13986.7,-2.55099e-07,876.299,17546.4,1.23585e-07,991.883,21993.1,1.41192e-07,1122.71,27536.7,-9.71886e-08,1270.78,34430.7,-3.68368e-07,1438.38,42977.7,-3.45379e-07,1628.07,53532.7,-3.25328e-09,1842.77,66504.6,2.6362e-07,2085.77,82350.2,2.53445e-07,2360.79,101560,-2.47407e-08,2672.05,124632,-3.80602e-07,3024.31,152018,-4.79005e-07,3422.98,184060,-1.14379e-07,3874.15,220884,2.64297e-07,4384.72,262283,3.44131e-07,4962.49,307576,7.5349e-08,5616.29,355497,-3.63097e-07,6356.1,404126,-6.05442e-07,7193.18,450932,-2.72333e-07,8140.28,492963,2.29675e-07,9211.79,527178,4.3387e-07,10424,550893,-1.0711e-07,10.102,8.06553,2.81012,10.6436,8.57909,0.869423,11.5336,10.2515,0.270869,12.7211,12.7138,0.0844293,14.1823,15.9373,0.0263173,15.9122,20.0383,0.0082035,17.9198,25.2154,0.00255722,20.2244,31.7373,0.000797017,22.8539,39.9486,0.000248622,25.8438,50.2851,7.75492e-05,29.237,63.2963,2.42508e-05,33.0837,79.6738,7.67162e-06,37.4415,100.288,2.32837e-06,42.3767,126.236,7.33e-07,47.9646,158.896,2.79256e-07,54.2906,200.003,9.87351e-09,61.452,251.741,1.61085e-07,69.5585,316.859,-2.47141e-07,78.7347,398.812,8.93552e-08,89.1218,501.948,-2.53231e-07,100.879,631.736,-1.25047e-07,114.188,795.049,-1.78808e-07,129.252,1000.53,2.6733e-07,146.304,1259.03,4.50292e-07,165.605,1584.19,6.76904e-07,187.452,1993.12,-1.23808e-07,212.181,2507.27,-4.89068e-07,240.173,3153.54,-5.40284e-07,271.856,3965.56,1.86061e-07,307.719,4985.38,4.37004e-07,348.313,6265.4,3.59828e-07,394.26,7870.83,3.98192e-07,446.268,9882.51,-1.92908e-07,505.135,12400.3,-2.20392e-07,571.766,15546.9,1.51705e-07,647.184,19472.2,5.74996e-07,732.547,24357.4,5.39112e-07,829.167,30420,5.07815e-09,938.526,37916.3,-4.11492e-07,1062.3,47143.9,-3.9561e-07,1202.4,58439.2,3.86185e-08,1360.96,72169.3,5.94093e-07,1540.42,88715.8,7.47693e-07,1743.53,108445,1.78537e-07,1973.41,131665,-4.12549e-07,2233.57,158557,-5.37164e-07,2528,189103,-1.17615e-07,2861.2,222986,5.66769e-07,3238.27,259510,9.45053e-07,3664.97,297540,4.25093e-07,4147.81,335497,-3.58506e-07,4694.17,371444,-6.7724e-07,5312.37,403256,1.67192e-07,1.61744,3.89446,9.84394,3.28846,7.5504,12.774,5.07607,11.7187,13.6844,7.03202,16.8147,13.9681,9.20215,23.1769,14.0566,11.6301,31.1672,14.0841,14.3598,41.2186,14.0927,17.4376,53.8688,14.0954,20.9137,69.7915,14.0962,24.8432,89.8341,14.0965,29.2879,115.063,14.0966,34.3168,146.819,14.0966,40.0078,186.792,14.0966,46.4487,237.107,14.0966,53.7388,300.44,14.0966,61.9903,380.158,14.0966,71.3301,480.499,14.0966,81.902,606.796,14.0966,93.8685,765.761,14.0966,107.414,965.837,14.0966,122.746,1217.65,14.0966,140.101,1534.57,14.0966,159.745,1933.41,14.0966,181.981,2435.3,14.0966,207.15,3066.85,14.0966,235.64,3861.46,14.0966,267.889,4861.11,14.0966,304.391,6118.54,14.0966,345.709,7699.91,14.0966,392.478,9688.22,14.0966,445.417,12187.5,14.0966,505.339,15327.7,14.0966,573.165,19271.6,14.0966,649.938,24222,14.0966,736.839,30430.9,14.0966,835.202,38211.5,14.0966,946.539,47950.3,14.0966,1072.56,60122.8,14.0966,1215.21,75309.9,14.0966,1376.66,94216.2,14.0966,1559.41,117688,14.0966,1766.26,146729,14.0966,2000.39,182510,14.0966,2265.39,226372,14.0966,2565.33,279806,14.0966,2904.81,344416,14.0966,3289.05,421845,14.0966,3723.93,513667,14.0966,4216.13,621231,14.0966,4773.18,745478,14.0966,5403.64,886744,14.0966,6117.15,1.04457e+06,14.0966,6924.63,1.2176e+06,14.0966,11.7194,11.96,12.6541,13.9321,16.1295,13.6434,16.6097,21.9702,13.9553,19.7532,29.5285,14.0526,23.3844,39.1143,14.0829,27.5423,51.2054,14.0923,32.2796,66.434,14.0953,37.662,85.6061,14.0962,43.7675,109.74,14.0965,50.687,140.119,14.0966,58.5249,178.359,14.0966,67.4005,226.493,14.0966,77.4493,287.08,14.0966,88.8254,363.343,14.0966,101.703,459.336,14.0966,116.281,580.161,14.0966,132.782,732.241,14.0966,151.46,923.655,14.0966,172.603,1164.57,14.0966,196.535,1467.79,14.0966,223.625,1849.39,14.0966,254.288,2329.62,14.0966,288.997,2933.93,14.0966,328.285,3694.33,14.0966,372.755,4651.04,14.0966,423.092,5854.57,14.0966,480.07,7368.38,14.0966,544.564,9272.08,14.0966,617.566,11665.5,14.0966,700.197,14673.6,14.0966,793.729,18452.9,14.0966,899.599,23198.6,14.0966,1019.43,29154.1,14.0966,1155.07,36622.3,14.0966,1308.6,45977.9,14.0966,1482.39,57683.7,14.0966,1679.09,72307.8,14.0966,1901.73,90542.8,14.0966,2153.73,113226,14.0966,2438.97,141360,14.0966,2761.81,176127,14.0966,3127.22,218898,14.0966,3540.81,271226,14.0966,4008.92,334817,14.0966,4538.74,411470,14.0966,5138.38,502973,14.0966,5817.04,610948,14.0966,6585.12,736653,14.0966,7454.39,880741,14.0966,8438.15,1.04302e+06,14.0966,9551.45,1.22224e+06,14.0966,10811.3,1.41602e+06,14.0966,12237,1.62086e+06,14.0966,11.7194,11.96,12.6541,2.21263,4.16949,0.989383,2.67766,5.84076,0.311842,3.14343,7.55825,0.0972771,3.63127,9.58578,0.0303237,4.15787,12.0912,0.00945211,4.73731,15.2286,0.00294633,5.38238,19.1721,0.000918508,6.10553,24.134,0.000286163,6.91951,30.3791,8.92692e-05,7.83792,38.2397,2.78121e-05,8.87555,48.1338,8.65134e-06,10.0489,60.5876,2.7882e-06,11.3761,76.2629,8.29036e-07,12.8779,95.9927,2.4373e-07,14.5775,120.825,4.33068e-09,16.5012,152.08,1.75749e-07,18.6784,191.415,-1.86328e-07,21.1428,240.917,1.91829e-07,23.9322,303.213,-1.81475e-07,27.0895,381.602,7.0186e-08,30.6634,480.231,-2.86769e-08,34.7087,604.316,2.40784e-07,39.2876,760.401,9.87368e-08,44.4705,956.705,1.22263e-07,50.3371,1203.54,-4.31966e-07,56.9776,1513.81,-1.9705e-07,64.494,1903.69,-2.763e-08,73.0018,2393.4,3.9185e-07,82.6317,3008.13,1.35379e-07,93.5318,3779.25,-4.16351e-08,105.869,4745.7,2.06965e-08,119.834,5955.6,-3.18887e-07,135.641,7468.12,-1.48271e-08,153.531,9355.62,2.00739e-07,173.781,11705.8,2.28358e-07,196.701,14624.1,-1.93587e-08,222.642,18235,-2.88101e-07,252.003,22683.4,-2.24732e-07,285.234,28134,8.56806e-09,322.845,34767,2.34258e-07,365.413,42770.9,2.99668e-07,413.588,52327.9,8.28644e-08,468.111,63591.2,-3.07049e-07,529.814,76653.2,-3.1888e-07,599.642,91502.5,-6.72276e-08,678.662,107975,2.26339e-07,768.083,125705,3.69212e-07,869.267,144088,2.04077e-07,983.76,162277,-2.80509e-07,1113.3,179223,-4.22737e-07,1259.87,193777,-1.71951e-07,1425.68,204839,4.55555e-07,11.7194,11.96,12.6541,2.21263,4.16949,0.989383,2.67766,5.84076,0.311842,3.14343,7.55825,0.0972771,3.63127,9.58578,0.0303237,4.15787,12.0912,0.00945211,4.73731,15.2286,0.00294633,5.38238,19.1721,0.000918508,6.10553,24.134,0.000286163,6.91951,30.3791,8.92692e-05,7.83792,38.2397,2.78121e-05,8.87555,48.1338,8.65134e-06,10.0489,60.5876,2.7882e-06,11.3761,76.2629,8.29036e-07,12.8779,95.9927,2.4373e-07,14.5775,120.825,1e-08,16.5012,152.08,1.75749e-07,18.6784,191.415,1e-08,21.1428,240.917,1.91829e-07,23.9322,303.213,1e-08,27.0895,381.602,7.0186e-08,30.6634,480.231,1e-08,34.7087,604.316,2.40784e-07,39.2876,760.401,9.87368e-08,44.4705,956.705,1.22263e-07,50.3371,1203.54,1e-08,56.9776,1513.81,1e-08,64.494,1903.69,1e-08,73.0018,2393.4,3.9185e-07,82.6317,3008.13,1.35379e-07,93.5318,3779.25,1e-08,105.869,4745.7,2.06965e-08,119.834,5955.6,1e-08,135.641,7468.12,1e-08,153.531,9355.62,2.00739e-07,173.781,11705.8,2.28358e-07,196.701,14624.1,1e-08,222.642,18235,1e-08,252.003,22683.4,1e-08,285.234,28134,1e-08,322.845,34767,2.34258e-07,365.413,42770.9,2.99668e-07,413.588,52327.9,8.28644e-08,468.111,63591.2,1e-08,529.814,76653.2,1e-08,599.642,91502.5,1e-08,678.662,107975,2.26339e-07,768.083,125705,3.69212e-07,869.267,144088,2.04077e-07,983.76,162277,1e-08,1113.3,179223,1e-08,1259.87,193777,1e-08,1425.68,204839,4.55555e-07,6.2823,3.27286,2.43537,0.219672,6.18826,2.24117,0.56371,6.87772,2.63624,0.308279,10,7,8,2,2,1,3,9,0,0,14,0,0,8,0,3,25,0,5,7,0,6,42,0,1,34,0,8,31,0,5,54,0,7,25,0,11,61,0,12,90,0,4,65,0,18,83,0,20,107,0,27,288,0,19,148,0,21,274,0,20,697,0,23,391,0,23,436,0,51,810,0,22,1415,0,71,1591,0,57,841,0,28,1468,0,78,2065,0,43,2680,0,69,5130,0,90,3704,0,119,6870,0,193,3191,0,224,3188,0,290,5468,0,109,13783,0,168,34293,0,371,14926,0,240,40632,0,321,23452,0,127,55226,0,422,101866,0,653,61098,0,577,28843,0,347,193373,0,653,90775,0,1031,195702,0,1388,111258,0,1365,198791,0,857,123804,0,1137,91116,0,2268,148233,0
-1.05176e+08,1,8.88811e-15,10,1023,0,1.05176e+08,0.528882,1.08665,0.389689,0.145397,0.379329,3.24381,0.161596,0.446195,1.77396,0.159177,1.15e+07,4.49998e+06,6.79999e+06,1.15e+07,4.49997e+06,6.79999e+06,1.15e+07,4.49996e+06,6.79999e+06,1.15e+07,4.49995e+06,6.79999e+06,1.14999e+07,4.49993e+06,6.79999e+06,1.14999e+07,4.49991e+06,6.79999e+06,1.14999e+07,4.49989e+06,6.79999e+06,1.14999e+07,4.49986e+06,6.79999e+06,1.14999e+07,4.49982e+06,6.79999e+06,1.14999e+07,4.49977e+06,6.79999e+06,1.14999e+07,4.49971e+06,6.79999e+06,1.14999e+07,4.49963e+06,6.79999e+06,1.14998e+07,4.49953e+06,6.79999e+06,1.14998e+07,4.49941e+06,6.79999e+06,1.14998e+07,4.49926e+06,6.79999e+06,1.14998e+07,4.49906e+06,6.79999e+06,1.14997e+07,4.49882e+06,6.79999e+06,1.14997e+07,4.49851e+06,6.79999e+06,1.14997e+07,4.49812e+06,6.79999e+06,1.14996e+07,4.49764e+06,6.79999e+06,1.14996e+07,4.49702e+06,6.79999e+06,1.14995e+07,4.49625e+06,6.79999e+06,1.14995e+07,4.49528e+06,6.79999e+06,1.14994e+07,4.49406e+06,6.79999e+06,1.14993e+07,4.49253e+06,6.79999e+06,1.14992e+07,4.49059e+06,6.79999e+06,1.14991e+07,4.48817e+06,6.79999e+06,1.1499e+07,4.48511e+06,6.79999e+06,1.14988e+07,4.48128e+06,6.79999e+06,1.14987e+07,4.47646e+06,6.79999e+06,1.14985e+07,4.47041e+06,6.79999e+06,1.14983e+07,4.46281e+06,6.79999e+06,1.14981e+07,4.4533e+06,6.79999e+06,1.14979e+07,4.44138e+06,6.79999e+06,1.14976e+07,4.42649e+06,6.79999e+06,1.14972e+07,4.40789e+06,6.79999e+06,1.14969e+07,4.38471e+06,6.79999e+06,1.14965e+07,4.35592e+06,6.79999e+06,1.1496e+07,4.32027e+06,6.79999e+06,1.14955e+07,4.27629e+06,6.79999e+06,1.14949e+07,4.22231e+06,6.79999e+06,1.14942e+07,4.15647e+06,6.79999e+06,1.14934e+07,4.07676e+06,6.79999e+06,1.14926e+07,3.98112e+06,6.79999e+06,1.14916e+07,3.86765e+06,6.79999e+06,1.14905e+07,3.73474e+06,6.79999e+06,1.14892e+07,3.58148e+06,6.79999e+06,1.14878e+07,3.40785e+06,6.79999e+06,1.14862e+07,3.21513e+06,6.79999e+06,1.14844e+07,3.00605e+06,6.79999e+06,1.14823e+07,2.7848e+06,6.79999e+06,1.148e+07,2.5568e+06,6.79999e+06,1.14773e+07,2.32825e+06,6.79999e+06,13.5742,8.52444,0.508366,16.8306,13.2585,0.162638,20.0035,17.569,0.0507846,23.2616,22.4214,0.0158319,26.7328,28.3297,0.00493498,30.5212,35.6974,0.00153831,34.7178,44.9473,0.000479527,39.4086,56.5822,0.000149456,44.6796,71.2245,4.66214e-05,50.6209,89.6543,1.45419e-05,57.3297,112.852,4.54748e-06,64.9129,142.051,1.43857e-06,73.4897,178.803,4.36618e-07,83.1934,225.062,1.40153e-07,94.1745,283.286,4.96378e-08,106.602,356.568,1.05434e-07,120.669,448.799,-6.49244e-08,136.59,564.873,1.70148e-07,154.611,710.948,-5.34594e-08,175.008,894.767,1.63407e-07,198.097,1126.06,8.04804e-08,224.231,1417.07,1.14667e-07,253.813,1783.15,-1.71227e-07,287.297,2243.62,-2.88466e-07,325.198,2822.67,-4.33651e-07,368.098,3550.67,7.9318e-08,416.657,4465.65,3.13319e-07,471.621,5615.16,3.4613e-07,533.835,7058.61,-1.19199e-07,604.255,8870.02,-2.79964e-07,683.962,11141.4,-2.30521e-07,774.182,13986.7,-2.55099e-07,876.299,17546.4,1.23585e-07,991.883,21993.1,1.41192e-07,1122.71,27536.7,-9.71886e-08,1270.78,34430.7,-3.68368e-07,1438.38,42977.7,-3.45379e-07,1628.07,53532.7,-3.25328e-09,1842.77,66504.6,2.6362e-07,2085.77,82350.2,2.53445e-07,2360.79,101560,-2.47407e-08,2672.05,124632,-3.80602e-07,3024.31,152018,-4.79005e-07,3422.98,184060,-1.14379e-07,3874.15,220884,2.64297e-07,4384.72,262283,3.44131e-07,4962.49,307576,7.5349e-08,5616.29,355497,-3.63097e-07,6356.1,404126,-6.05442e-07,7193.18,450932,-2.72333e-07,8140.28,492963,2.29675e-07,9211.79,527178,4.3387e-07,10424,550893,-1.0711e-07,10.102,8.06553,2.81012,10.6436,8.57909,0.869423,11.5336,10.2515,0.270869,12.7211,12.7138,0.0844293,14.1823,15.9373,0.0263173,15.9122,20.0383,0.0082035,17.9198,25.2154,0.00255722,20.2244,31.7373,0.000797017,22.8539,39.9486,0.000248622,25.8438,50.2851,7.75492e-05,29.237,63.2963,2.42508e-05,33.0837,79.6738,7.67162e-06,37.4415,100.288,2.32837e-06,42.3767,126.236,7.33e-07,47.9646,158.896,2.79256e-07,54.2906,200.003,9.87351e-09,61.452,251.741,1.61085e-07,69.5585,316.859,-2.47141e-07,78.7347,398.812,8.93552e-08,89.1218,501.948,-2.53231e-07,100.879,631.736,-1.25047e-07,114.188,795.049,-1.78808e-07,129.252,1000.53,2.6733e-07,146.304,1259.03,4.50292e-07,165.605,1584.19,6.76904e-07,187.452,1993.12,-1.23808e-07,212.181,2507.27,-4.89068e-07,240.173,3153.54,-5.40284e-07,271.856,3965.56,1.86061e-07,307.719,4985.38,4.37004e-07,348.313,6265.4,3.59828e-07,394.26,7870.83,3.98192e-07,446.268,9882.51,-1.92908e-07,505.135,12400.3,-2.20392e-07,571.766,15546.9,1.51705e-07,647.184,19472.2,5.74996e-07,732.547,24357.4,5.39112e-07,829.167,30420,5.07815e-09,938.526,37916.3,-4.11492e-07,1062.3,47143.9,-3.9561e-07,1202.4,58439.2,3.86185e-08,1360.96,72169.3,5.94093e-07,1540.42,88715.8,7.47693e-07,1743.53,108445,1.78537e-07,1973.41,131665,-4.12549e-07,2233.57,158557,-5.37164e-07,2528,189103,-1.17615e-07,2861.2,222986,5.66769e-07,3238.27,259510,9.45053e-07,3664.97,297540,4.25093e-07,4147.81,335497,-3.58506e-07,4694.17,371444,-6.7724e-07,5312.37,403256,1.67192e-07,1.61744,3.89446,9.84394,3.28846,7.5504,12.774,5.07607,11.7187,13.6844,7.03202,16.8147,13.9681,9.20215,23.1769,14.0566,11.6301,31.1672,14.0841,14.3598,41.2186,14.0927,17.4376,53.8688,14.0954,20.9137,69.7915,14.0962,24.8432,89.8341,14.0965,29.2879,115.063,14.0966,34.3168,146.819,14.0966,40.0078,186.792,14.0966,46.4487,237.107,14.0966,53.7388,300.44,14.0966,61.9903,380.158,14.0966,71.3301,480.499,14.0966,81.902,606.796,14.0966,93.8685,765.761,14.0966,107.414,965.837,14.0966,122.746,1217.65,14.0966,140.101,1534.57,14.0966,159.745,1933.41,14.0966,181.981,2435.3,14.0966,207.15,3066.85,14.0966,235.64,3861.46,14.0966,267.889,4861.11,14.0966,304.391,6118.54,14.0966,345.709,7699.91,14.0966,392.478,9688.22,14.0966,445.417,12187.5,14.0966,505.339,15327.7,14.0966,573.165,19271.6,14.0966,649.938,24222,14.0966,736.839,30430.9,14.0966,835.202,38211.5,14.0966,946.539,47950.3,14.0966,1072.56,60122.8,14.0966,1215.21,75309.9,14.0966,1376.66,94216.2,14.0966,1559.41,117688,14.0966,1766.26,146729,14.0966,2000.39,182510,14.0966,2265.39,226372,14.0966,2565.33,279806,14.0966,2904.81,344416,14.0966,3289.05,421845,14.0966,3723.93,513667,14.0966,4216.13,621231,14.0966,4773.18,745478,14.0966,5403.64,886744,14.0966,6117.15,1.04457e+06,14.0966,6924.63,1.2176e+06,14.0966,11.7194,11.96,12.6541,13.9321,16.1295,13.6434,16.6097,21.9702,13.9553,19.7532,29.5285,14.0526,23.3844,39.1143,14.0829,27.5423,51.2054,14.0923,32.2796,66.434,14.0953,37.662,85.6061,14.0962,43.7675,109.74,14.0965,50.687,140.119,14.0966,58.5249,178.359,14.0966,67.4005,226.493,14.0966,77.4493,287.08,14.0966,88.8254,363.343,14.0966,101.703,459.336,14.0966,116.281,580.161,14.0966,132.782,732.241,14.0966,151.46,923.655,14.0966,172.603,1164.57,14.0966,196.535,1467.79,14.0966,223.625,1849.39,14.0966,254.288,2329.62,14.0966,288.997,2933.93,14.0966,328.285,3694.33,14.0966,372.755,4651.04,14.0966,423.092,5854.57,14.0966,480.07,7368.38,14.0966,544.564,9272.08,14.0966,617.566,11665.5,14.0966,700.197,14673.6,14.0966,793.729,18452.9,14.0966,899.599,23198.6,14.0966,1019.43,29154.1,14.0966,1155.07,36622.3,14.0966,1308.6,45977.9,14.0966,1482.39,57683.7,14.0966,1679.09,72307.8,14.0966,1901.73,90542.8,14.0966,2153.73,113226,14.0966,2438.97,141360,14.0966,2761.81,176127,14.0966,3127.22,218898,14.0966,3540.81,271226,14.0966,4008.92,334817,14.0966,4538.74,411470,14.0966,5138.38,502973,14.0966,5817.04,610948,14.0966,6585.12,736653,14.0966,7454.39,880741,14.0966,8438.15,1.04302e+06,14.0966,9551.45,1.22224e+06,14.0966,10811.3,1.41602e+06,14.0966,12237,1.62086e+06,14.0966,11.7194,11.96,12.6541,2.21263,4.16949,0.989383,2.67766,5.84076,0.311842,3.14343,7.55825,0.0972771,3.63127,9.58578,0.0303237,4.15787,12.0912,0.00945211,4.73731,15.2286,0.00294633,5.38238,19.1721,0.000918508,6.10553,24.134,0.000286163,6.91951,30.3791,8.92692e-05,7.83792,38.2397,2.78121e-05,8.87555,48.1338,8.65134e-06,10.0489,60.5876,2.7882e-06,11.3761,76.2629,8.29036e-07,12.8779,95.9927,2.4373e-07,14.5775,120.825,4.33068e-09,16.5012,152.08,1.75749e-07,18.6784,191.415,-1.86328e-07,21.1428,240.917,1.91829e-07,23.9322,303.213,-1.81475e-07,27.0895,381.602,7.0186e-08,30.6634,480.231,-2.86769e-08,34.7087,604.316,2.40784e-07,39.2876,760.401,9.87368e-08,44.4705,956.705,1.22263e-07,50.3371,1203.54,-4.31966e-07,56.9776,1513.81,-1.9705e-07,64.494,1903.69,-2.763e-08,73.0018,2393.4,3.9185e-07,82.6317,3008.13,1.35379e-07,93.5318,3779.25,-4.16351e-08,105.869,4745.7,2.06965e-08,119.834,5955.6,-3.18887e-07,135.641,7468.12,-1.48271e-08,153.531,9355.62,2.00739e-07,173.781,11705.8,2.28358e-07,196.701,14624.1,-1.93587e-08,222.642,18235,-2.88101e-07,252.003,22683.4,-2.24732e-07,285.234,28134,8.56806e-09,322.845,34767,2.34258e-07,365.413,42770.9,2.99668e-07,413.588,52327.9,8.28644e-08,468.111,63591.2,-3.07049e-07,529.814,76653.2,-3.1888e-07,599.642,91502.5,-6.72276e-08,678.662,107975,2.26339e-07,768.083,125705,3.69212e-07,869.267,144088,2.04077e-07,983.76,162277,-2.80509e-07,1113.3,179223,-4.22737e-07,1259.87,193777,-1.71951e-07,1425.68,204839,4.55555e-07,11.7194,11.96,12.6541,2.21263,4.16949,0.989383,2.67766,5.84076,0.311842,3.14343,7.55825,0.0972771,3.63127,9.58578,0.0303237,4.15787,12.0912,0.00945211,4.73731,15.2286,0.00294633,5.38238,19.1721,0.000918508,6.10553,24.134,0.000286163,6.91951,30.3791,8.92692e-05,7.83792,38.2397,2.78121e-05,8.87555,48.1338,8.65134e-06,10.0489,60.5876,2.7882e-06,11.3761,76.2629,8.29036e-07,12.8779,95.9927,2.4373e-07,14.5775,120.825,1e-08,16.5012,152.08,1.75749e-07,18.6784,191.415,1e-08,21.1428,240.917,1.91829e-07,23.9322,303.213,1e-08,27.0895,381.602,7.0186e-08,30.6634,480.231,1e-08,34.7087,604.316,2.40784e-07,39.2876,760.401,9.87368e-08,44.4705,956.705,1.22263e-07,50.3371,1203.54,1e-08,56.9776,1513.81,1e-08,64.494,1903.69,1e-08,73.0018,2393.4,3.9185e-07,82.6317,3008.13,1.35379e-07,93.5318,3779.25,1e-08,105.869,4745.7,2.06965e-08,119.834,5955.6,1e-08,135.641,7468.12,1e-08,153.531,9355.62,2.00739e-07,173.781,11705.8,2.28358e-07,196.701,14624.1,1e-08,222.642,18235,1e-08,252.003,22683.4,1e-08,285.234,28134,1e-08,322.845,34767,2.34258e-07,365.413,42770.9,2.99668e-07,413.588,52327.9,8.28644e-08,468.111,63591.2,1e-08,529.814,76653.2,1e-08,599.642,91502.5,1e-08,678.662,107975,2.26339e-07,768.083,125705,3.69212e-07,869.267,144088,2.04077e-07,983.76,162277,1e-08,1113.3,179223,1e-08,1259.87,193777,1e-08,1425.68,204839,4.55555e-07,6.2823,3.27286,2.43537,0.219672,6.18826,2.24117,0.56371,6.87772,2.63624,0.308279,16,11,20,3,0,0,3,4,0,5,16,0,2,5,0,5,11,0,5,12,0,2,7,0,6,37,0,9,30,0,12,38,0,10,26,0,4,57,0,20,30,0,7,162,0,18,147,0,11,225,0,18,161,0,40,322,0,25,109,0,43,323,0,17,482,0,21,584,0,39,1023,0,57,145,0,37,942,0,71,2871,0,97,2275,0,41,2613,0,108,5746,0,82,4523,0,41,8058,0,113,5369,0,57,2258,0,161,9369,0,79,14006,0,179,16502,0,180,14761,0,684,15749,0,346,29877,0,355,52186,0,454,38315,0,381,25460,0,653,15090,0,369,106879,0,645,114397,0,1284,101999,0,1185,70844,0,728,223655,0,543,158242,0,2104,102571,0,384,155762,0,1625,191633,0
-1.05176e+08,1,8.88811e-15,10,1023,0,1.05176e+08,0.528882,1.08665,0.389689,0.145397,0.379329,3.24381,0.161596,0.446195,1.77396,0.159177,1.15e+07,4.49998e+06,6.79999e+06,1.15e+07,4.49997e+06,6.79999e+06,1.15e+07,4.49996e+06,6.79999e+06,1.15e+07,4.49995e+06,6.79999e+06,1.14999e+07,4.49993e+06,6.79999e+06,1.14999e+07,4.49991e+06,6.79999e+06,1.14999e+07,4.49989e+06,6.79999e+06,1.14999e+07,4.49986e+06,6.79999e+06,1.14999e+07,4.49982e+06,6.79999e+06,1.14999e+07,4.49977e+06,6.79999e+06,1.14999e+07,4.49971e+06,6.79999e+06,1.14999e+07,4.49963e+06,6.79999e+06,1.14998e+07,4.49953e+06,6.79999e+06,1.14998e+07,4.49941e+06,6.79999e+06,1.14998e+07,4.49926e+06,6.79999e+06,1.14998e+07,4.49906e+06,6.79999e+06,1.14997e+07,4.49882e+06,6.79999e+06,1.14997e+07,4.49851e+06,6.79999e+06,1.14997e+07,4.49812e+06,6.79999e+06,1.14996e+07,4.49764e+06,6.79999e+06,1.14996e+07,4.49702e+06,6.79999e+06,1.14995e+07,4.49625e+06,6.79999e+06,1.14995e+07,4.49528e+06,6.79999e+06,1.14994e+07,4.49406e+06,6.79999e+06,1.14993e+07,4.49253e+06,6.79999e+06,1.14992e+07,4.49059e+06,6.79999e+06,1.14991e+07,4.48817e+06,6.79999e+06,1.1499e+07,4.48511e+06,6.79999e+06,1.14988e+07,4.48128e+06,6.79999e+06,1.14987e+07,4.47646e+06,6.79999e+06,1.14985e+07,4.47041e+06,6.79999e+06,1.14983e+07,4.46281e+06,6.79999e+06,1.14981e+07,4.4533e+06,6.79999e+06,1.14979e+07,4.44138e+06,6.79999e+06,1.14976e+07,4.42649e+06,6.79999e+06,1.14972e+07,4.40789e+06,6.79999e+06,1.14969e+07,4.38471e+06,6.79999e+06,1.14965e+07,4.35592e+06,6.79999e+06,1.1496e+07,4.32027e+06,6.79999e+06,1.14955e+07,4.27629e+06,6.79999e+06,1.14949e+07,4.22231e+06,6.79999e+06,1.14942e+07,4.15647e+06,6.79999e+06,1.14934e+07,4.07676e+06,6.79999e+06,1.14926e+07,3.98112e+06,6.79999e+06,1.14916e+07,3.86765e+06,6.79999e+06,1.14905e+07,3.73474e+06,6.79999e+06,1.14892e+07,3.58148e+06,6.79999e+06,1.14878e+07,3.40785e+06,6.79999e+06,1.14862e+07,3.21513e+06,6.79999e+06,1.14844e+07,3.00605e+06,6.79999e+06,1.14823e+07,2.7848e+06,6.79999e+06,1.148e+07,2.5568e+06,6.79999e+06,1.14773e+07,2.32825e+06,6.79999e+06,13.5742,8.52444,0.508366,16.8306,13.2585,0.162638,20.0035,17.569,0.0507846,23.2616,22.4214,0.0158319,26.7328,28.3297,0.00493498,30.5212,35.6974,0.00153831,34.7178,44.9473,0.000479527,39.4086,56.5822,0.000149456,44.6796,71.2245,4.66214e-05,50.6209,89.6543,1.45419e-05,57.3297,112.852,4.54748e-06,64.9129,142.051,1.43857e-06,73.4897,178.803,4.36618e-07,83.1934,225.062,1.40153e-07,94.1745,283.286,4.96378e-08,106.602,356.568,1.05434e-07,120.669,448.799,-6.49244e-08,136.59,564.873,1.70148e-07,154.611,710.948,-5.34594e-08,175.008,894.767,1.63407e-07,198.097,1126.06,8.04804e-08,224.231,1417.07,1.14667e-07,253.813,1783.15,-1.71227e-07,287.297,2243.62,-2.88466e-07,325.198,2822.67,-4.33651e-07,368.098,3550.67,7.9318e-08,416.657,4465.65,3.13319e-07,471.621,5615.16,3.4613e-07,533.835,7058.61,-1.19199e-07,604.255,8870.02,-2.79964e-07,683.962,11141.4,-2.30521e-07,774.182,13986.7,-2.55099e-07,876.299,17546.4,1.23585e-07,991.883,21993.1,1.41192e-07,1122.71,27536.7,-9.71886e-08,1270.78,34430.7,-3.68368e-07,1438.38,42977.7,-3.45379e-07,1628.07,53532.7,-3.25328e-09,1842.77,66504.6,2.6362e-07,2085.77,82350.2,2.53445e-07,2360.79,101560,-2.47407e-08,2672.05,124632,-3.80602e-07,3024.31,152018,-4.79005e-07,3422.98,184060,-1.14379e-07,3874.15,220884,2.64297e-07,4384.72,262283,3.44131e-07,4962.49,307576,7.5349e-08,5616.29,355497,-3.63097e-07,6356.1,404126,-6.05442e-07,7193.18,450932,-2.72333e-07,8140.28,492963,2.29675e-07,9211.79,527178,4.3387e-07,10424,550893,-1.0711e-07,10.102,8.06553,2.81012,10.6436,8.57909,0.869423,11.5336,10.2515,0.270869,12.7211,12.7138,0.0844293,14.1823,15.9373,0.0263173,15.9122,20.0383,0.0082035,17.9198,25.2154,0.00255722,20.2244,31.7373,0.000797017,22.8539,39.9486,0.000248622,25.8438,50.2851,7.75492e-05,29.237,63.2963,2.42508e-05,33.0837,79.6738,7.67162e-06,37.4415,100.288,2.32837e-06,42.3767,126.236,7.33e-07,47.9646,158.896,2.79256e-07,54.2906,200.003,9.87351e-09,61.452,251.741,1.61085e-07,69.5585,316.859,-2.47141e-07,78.7347,398.812,8.93552e-08,89.1218,501.948,-2.53231e-07,100.879,631.736,-1.25047e-07,114.188,795.049,-1.78808e-07,129.252,1000.53,2.6733e-07,146.304,1259.03,4.50292e-07,165.605,1584.19,6.76904e-07,187.452,1993.12,-1.23808e-07,212.181,2507.27,-4.89068e-07,240.173,3153.54,-5.40284e-07,271.856,3965.56,1.86061e-07,307.719,4985.38,4.37004e-07,348.313,6265.4,3.59828e-07,394.26,7870.83,3.98192e-07,446.268,9882.51,-1.92908e-07,505.135,12400.3,-2.20392e-07,571.766,15546.9,1.51705e-07,647.184,19472.2,5.74996e-07,732.547,24357.4,5.39112e-07,829.167,30420,5.07815e-09,938.526,37916.3,-4.11492e-07,1062.3,47143.9,-3.9561e-07,1202.4,58439.2,3.86185e-08,1360.96,72169.3,5.94093e-07,1540.42,88715.8,7.47693e-07,1743.53,108445,1.78537e-07,1973.41,131665,-4.12549e-07,2233.57,158557,-5.37164e-07,2528,189103,-1.17615e-07,2861.2,222986,5.66769e-07,3238.27,259510,9.45053e-07,3664.97,297540,4.25093e-07,4147.81,335497,-3.58506e-07,4694.17,371444,-6.7724e-07,5312.37,403256,1.67192e-07,1.61744,3.89446,9.84394,3.28846,7.5504,12.774,5.07607,11.7187,13.6844,7.03202,16.8147,13.9681,9.20215,23.1769,14.0566,11.6301,31.1672,14.0841,14.3598,41.2186,14.0927,17.4376,53.8688,14.0954,20.9137,69.7915,14.0962,24.8432,89.8341,14.0965,29.2879,115.063,14.0966,34.3168,146.819,14.0966,40.0078,186.792,14.0966,46.4487,237.107,14.0966,53.7388,300.44,14.0966,61.9903,380.158,14.0966,71.3301,480.499,14.0966,81.902,606.796,14.0966,93.8685,765.761,14.0966,107.414,965.837,14.0966,122.746,1217.65,14.0966,140.101,1534.57,14.0966,159.745,1933.41,14.0966,181.981,2435.3,14.0966,207.15,3066.85,14.0966,235.64,3861.46,14.0966,267.889,4861.11,14.0966,304.391,6118.54,14.0966,345.709,7699.91,14.0966,392.478,9688.22,14.0966,445.417,12187.5,14.0966,505.339,15327.7,14.0966,573.165,19271.6,14.0966,649.938,24222,14.0966,736.839,30430.9,14.0966,835.202,38211.5,14.0966,946.539,47950.3,14.0966,1072.56,60122.8,14.0966,1215.21,75309.9,14.0966,1376.66,94216.2,14.0966,1559.41,117688,14.0966,1766.26,146729,14.0966,2000.39,182510,14.0966,2265.39,226372,14.0966,2565.33,279806,14.0966,2904.81,344416,14.0966,3289.05,421845,14.0966,3723.93,513667,14.0966,4216.13,621231,14.0966,4773.18,745478,14.0966,5403.64,886744,14.0966,6117.15,1.04457e+06,14.0966,6924.63,1.2176e+06,14.0966,11.7194,11.96,12.6541,13.9321,16.1295,13.6434,16.6097,21.9702,13.9553,19.7532,29.5285,14.0526,23.3844,39.1143,14.0829,27.5423,51.2054,14.0923,32.2796,66.434,14.0953,37.662,85.6061,14.0962,43.7675,109.74,14.0965,50.687,140.119,14.0966,58.5249,178.359,14.0966,67.4005,226.493,14.0966,77.4493,287.08,14.0966,88.8254,363.343,14.0966,101.703,459.336,14.0966,116.281,580.161,14.0966,132.782,732.241,14.0966,151.46,923.655,14.0966,172.603,1164.57,14.0966,196.535,1467.79,14.0966,223.625,1849.39,14.0966,254.288,2329.62,14.0966,288.997,2933.93,14.0966,328.285,3694.33,14.0966,372.755,4651.04,14.0966,423.092,5854.57,14.0966,480.07,7368.38,14.0966,544.564,9272.08,14.0966,617.566,11665.5,14.0966,700.197,14673.6,14.0966,793.729,18452.9,14.0966,899.599,23198.6,14.0966,1019.43,29154.1,14.0966,1155.07,36622.3,14.0966,1308.6,45977.9,14.0966,1482.39,57683.7,14.0966,1679.09,72307.8,14.0966,1901.73,90542.8,14.0966,2153.73,113226,14.0966,2438.97,141360,14.0966,2761.81,176127,14.0966,3127.22,218898,14.0966,3540.81,271226,14.0966,4008.92,334817,14.0966,4538.74,411470,14.0966,5138.38,502973,14.0966,5817.04,610948,14.0966,6585.12,736653,14.0966,7454.39,880741,14.0966,8438.15,1.04302e+06,14.0966,9551.45,1.22224e+06,14.0966,10811.3,1.41602e+06,14.0966,12237,1.62086e+06,14.0966,11.7194,11.96,12.6541,2.21263,4.16949,0.989383,2.67766,5.84076,0.311842,3.14343,7.55825,0.0972771,3.63127,9.58578,0.0303237,4.15787,12.0912,0.00945211,4.73731,15.2286,0.00294633,5.38238,19.1721,0.000918508,6.10553,24.134,0.000286163,6.91951,30.3791,8.92692e-05,7.83792,38.2397,2.78121e-05,8.87555,48.1338,8.65134e-06,10.0489,60.5876,2.7882e-06,11.3761,76.2629,8.29036e-07,12.8779,95.9927,2.4373e-07,14.5775,120.825,4.33068e-09,16.5012,152.08,1.75749e-07,18.6784,191.415,-1.86328e-07,21.1428,240.917,1.91829e-07,23.9322,303.213,-1.81475e-07,27.0895,381.602,7.0186e-08,30.6634,480.231,-2.86769e-08,34.7087,604.316,2.40784e-07,39.2876,760.401,9.87368e-08,44.4705,956.705,1.22263e-07,50.3371,1203.54,-4.31966e-07,56.9776,1513.81,-1.9705e-07,64.494,1903.69,-2.763e-08,73.0018,2393.4,3.9185e-07,82.6317,3008.13,1.35379e-07,93.5318,3779.25,-4.16351e-08,105.869,4745.7,2.06965e-08,119.834,5955.6,-3.18887e-07,135.641,7468.12,-1.48271e-08,153.531,9355.62,2.00739e-07,173.781,11705.8,2.28358e-07,196.701,14624.1,-1.93587e-08,222.642,18235,-2.88101e-07,252.003,22683.4,-2.24732e-07,285.234,28134,8.56806e-09,322.845,34767,2.34258e-07,365.413,42770.9,2.99668e-07,413.588,52327.9,8.28644e-08,468.111,63591.2,-3.07049e-07,529.814,76653.2,-3.1888e-07,599.642,91502.5,-6.72276e-08,678.662,107975,2.26339e-07,768.083,125705,3.69212e-07,869.267,144088,2.04077e-07,983.76,162277,-2.80509e-07,1113.3,179223,-4.22737e-07,1259.87,193777,-1.71951e-07,1425.68,204839,4.55555e-07,11.7194,11.96,12.6541,2.21263,4.16949,0.989383,2.67766,5.84076,0.311842,3.14343,7.55825,0.0972771,3.63127,9.58578,0.0303237,4.15787,12.0912,0.00945211,4.73731,15.2286,0.00294633,5.38238,19.1721,0.000918508,6.10553,24.134,0.000286163,6.91951,30.3791,8.92692e-05,7.83792,38.2397,2.78121e-05,8.87555,48.1338,8.65134e-06,10.0489,60.5876,2.7882e-06,11.3761,76.2629,8.29036e-07,12.8779,95.9927,2.4373e-07,14.5775,120.825,1e-08,16.5012,152.08,1.75749e-07,18.6784,191.415,1e-08,21.1428,240.917,1.91829e-07,23.9322,303.213,1e-08,27.0895,381.602,7.0186e-08,30.6634,480.231,1e-08,34.7087,604.316,2.40784e-07,39.2876,760.401,9.87368e-08,44.4705,956.705,1.22263e-07,50.3371,1203.54,1e-08,56.9776,1513.81,1e-08,64.494,1903.69,1e-08,73.0018,2393.4,3.9185e-07,82.6317,3008.13,1.35379e-07,93.5318,3779.25,1e-08,105.869,4745.7,2.06965e-08,119.834,5955.6,1e-08,135.641,7468.12,1e-08,153.531,9355.62,2.00739e-07,173.781,11705.8,2.28358e-07,196.701,14624.1,1e-08,222.642,18235,1e-08,252.003,22683.4,1e-08,285.234,28134,1e-08,322.845,34767,2.34258e-07,365.413,42770.9,2.99668e-07,413.588,52327.9,8.28644e-08,468.111,63591.2,1e-08,529.814,76653.2,1e-08,599.642,91502.5,1e-08,678.662,107975,2.26339e-07,768.083,125705,3.69212e-07,869.267,144088,2.04077e-07,983.76,162277,1e-08,1113.3,179223,1e-08,1259.87,193777,1e-08,1425.68,204839,4.55555e-07,6.2823,3.27286,2.43537,0.219672,6.18826,2.24117,0.56371,6.87772,2.63624,0.308279,16,10,2,5,3,0,7,8,0,1,9,0,2,3,0,6,6,0,3,25,0,11,6,0,5,24,0,4,17,0,5,35,0,6,46,0,10,64,0,9,68,0,10,76,0,15,183,0,9,108,0,11,257,0,13,233,0,18,207,0,26,277,0,45,366,0,20,752,0,33,1098,0,65,766,0,67,1576,0,56,996,0,54,1236,0,67,2858,0,79,4405,0,31,3537,0,109,10820,0,121,4185,0,196,4982,0,91,16413,0,203,15652,0,182,8673,0,438,11785,0,179,33148,0,165,42890,0,494,24567,0,483,23225,0,375,54924,0,974,112656,0,648,117442,0,435,86777,0,505,82267,0,489,130843,0,629,66405,0,1030,108776,0,1001,176092,0,1358,170521,0,1092,254566,0
-1.05176e+08,1,8.88811e-15,10,1023,0,1.05176e+08,0.528882,1.08665,0.389689,0.145397,0.379329,3.24381,0.161596,0.446195,1.77396,0.159177,1.15e+07,4.49998e+06,6.79999e+06,1.15e+07,4.49997e+06,6.79999e+06,1.15e+07,4.49996e+06,6.79999e+06,1.15e+07,4.49995e+06,6.79999e+06,1.14999e+07,4.49993e+06,6.79999e+06,1.14999e+07,4.49991e+06,6.79999e+06,1.14999e+07,4.49989e+06,6.79999e+06,1.14999e+07,4.49986e+06,6.79999e+06,1.14999e+07,4.49982e+06,6.79999e+06,1.14999e+07,4.49977e+06,6.79999e+06,1.14999e+07,4.49971e+06,6.79999e+06,1.14999e+07,4.49963e+06,6.79999e+06,1.14998e+07,4.49953e+06,6.79999e+06,1.14998e+07,4.49941e+06,6.79999e+06,1.14998e+07,4.49926e+06,6.79999e+06,1.14998e+07,4.49906e+06,6.79999e+06,1.14997e+07,4.49882e+06,6.79999e+06,1.14997e+07,4.49851e+06,6.79999e+06,1.14997e+07,4.49812e+06,6.79999e+06,1.14996e+07,4.49764e+06,6.79999e+06,1.14996e+07,4.49702e+06,6.79999e+06,1.14995e+07,4.49625e+06,6.79999e+06,1.14995e+07,4.49528e+06,6.79999e+06,1.14994e+07,4.49406e+06,6.79999e+06,1.14993e+07,4.49253e+06,6.79999e+06,1.14992e+07,4.49059e+06,6.79999e+06,1.14991e+07,4.48817e+06,6.79999e+06,1.1499e+07,4.48511e+06,6.79999e+06,1.14988e+07,4.48128e+06,6.79999e+06,1.14987e+07,4.47646e+06,6.79999e+06,1.14985e+07,4.47041e+06,6.79999e+06,1.14983e+07,4.46281e+06,6.79999e+06,1.14981e+07,4.4533e+06,6.79999e+06,1.14979e+07,4.44138e+06,6.79999e+06,1.14976e+07,4.42649e+06,6.79999e+06,1.14972e+07,4.40789e+06,6.79999e+06,1.14969e+07,4.38471e+06,6.79999e+06,1.14965e+07,4.35592e+06,6.79999e+06,1.1496e+07,4.32027e+06,6.79999e+06,1.14955e+07,4.27629e+06,6.79999e+06,1.14949e+07,4.22231e+06,6.79999e+06,1.14942e+07,4.15647e+06,6.79999e+06,1.14934e+07,4.07676e+06,6.79999e+06,1.14926e+07,3.98112e+06,6.79999e+06,1.14916e+07,3.86765e+06,6.79999e+06,1.14905e+07,3.73474e+06,6.79999e+06,1.14892e+07,3.58148e+06,6.79999e+06,1.14878e+07,3.40785e+06,6.79999e+06,1.14862e+07,3.21513e+06,6.79999e+06,1.14844e+07,3.00605e+06,6.79999e+06,1.14823e+07,2.7848e+06,6.79999e+06,1.148e+07,2.5568e+06,6.79999e+06,1.14773e+07,2.32825e+06,6.79999e+06,13.5742,8.52444,0.508366,16.8306,13.2585,0.162638,20.0035,17.569,0.0507846,23.2616,22.4214,0.0158319,26.7328,28.3297,0.00493498,30.5212,35.6974,0.00153831,34.7178,44.9473,0.000479527,39.4086,56.5822,0.000149456,44.6796,71.2245,4.66214e-05,50.6209,89.6543,1.45419e-05,57.3297,112.852,4.54748e-06,64.9129,142.051,1.43857e-06,73.4897,178.803,4.36618e-07,83.1934,225.062,1.40153e-07,94.1745,283.286,4.96378e-08,106.602,356.568,1.05434e-07,120.669,448.799,-6.49244e-08,136.59,564.873,1.70148e-07,154.611,710.948,-5.34594e-08,175.008,894.767,1.63407e-07,198.097,1126.06,8.04804e-08,224.231,1417.07,1.14667e-07,253.813,1783.15,-1.71227e-07,287.297,2243.62,-2.88466e-07,325.198,2822.67,-4.33651e-07,368.098,3550.67,7.9318e-08,416.657,4465.65,3.13319e-07,471.621,5615.16,3.4613e-07,533.835,7058.61,-1.19199e-07,604.255,8870.02,-2.79964e-07,683.962,11141.4,-2.30521e-07,774.182,13986.7,-2.55099e-07,876.299,17546.4,1.23585e-07,991.883,21993.1,1.41192e-07,1122.71,27536.7,-9.71886e-08,1270.78,34430.7,-3.68368e-07,1438.38,42977.7,-3.45379e-07,1628.07,53532.7,-3.25328e-09,1842.77,66504.6,2.6362e-07,2085.77,82350.2,2.53445e-07,2360.79,101560,-2.47407e-08,2672.05,124632,-3.80602e-07,3024.31,152018,-4.79005e-07,3422.98,184060,-1.14379e-07,3874.15,220884,2.64297e-07,4384.72,262283,3.44131e-07,4962.49,307576,7.5349e-08,5616.29,355497,-3.63097e-07,6356.1,404126,-6.05442e-07,7193.18,450932,-2.72333e-07,8140.28,492963,2.29675e-07,9211.79,527178,4.3387e-07,10424,550893,-1.0711e-07,10.102,8.06553,2.81012,10.6436,8.57909,0.869423,11.5336,10.2515,0.270869,12.7211,12.7138,0.0844293,14.1823,15.9373,0.0263173,15.9122,20.0383,0.0082035,17.9198,25.2154,0.00255722,20.2244,31.7373,0.000797017,22.8539,39.9486,0.000248622,25.8438,50.2851,7.75492e-05,29.237,63.2963,2.42508e-05,33.0837,79.6738,7.67162e-06,37.4415,100.288,2.32837e-06,42.3767,126.236,7.33e-07,47.9646,158.896,2.79256e-07,54.2906,200.003,9.87351e-09,61.452,251.741,1.61085e-07,69.5585,316.859,-2.47141e-07,78.7347,398.812,8.93552e-08,89.1218,501.948,-2.53231e-07,100.879,631.736,-1.25047e-07,114.188,795.049,-1.78808e-07,129.252,1000.53,2.6733e-07,146.304,1259.03,4.50292e-07,165.605,1584.19,6.76904e-07,187.452,1993.12,-1.23808e-07,212.181,2507.27,-4.89068e-07,240.173,3153.54,-5.40284e-07,271.856,3965.56,1.86061e-07,307.719,4985.38,4.37004e-07,348.313,6265.4,3.59828e-07,394.26,7870.83,3.98192e-07,446.268,9882.51,-1.92908e-07,505.135,12400.3,-2.20392e-07,571.766,15546.9,1.51705e-07,647.184,19472.2,5.74996e-07,732.547,24357.4,5.39112e-07,829.167,30420,5.07815e-09,938.526,37916.3,-4.11492e-07,1062.3,47143.9,-3.9561e-07,1202.4,58439.2,3.86185e-08,1360.96,72169.3,5.94093e-07,1540.42,88715.8,7.47693e-07,1743.53,108445,1.78537e-07,1973.41,131665,-4.12549e-07,2233.57,158557,-5.37164e-07,2528,189103,-1.17615e-07,2861.2,222986,5.66769e-07,3238.27,259510,9.45053e-07,3664.97,297540,4.25093e-07,4147.81,335497,-3.58506e-07,4694.17,371444,-6.7724e-07,5312.37,403256,1.67192e-07,1.61744,3.89446,9.84394,3.28846,7.5504,12.774,5.07607,11.7187,13.6844,7.03202,16.8147,13.9681,9.20215,23.1769,14.0566,11.6301,31.1672,14.0841,14.3598,41.2186,14.0927,17.4376,53.8688,14.0954,20.9137,69.7915,14.0962,24.8432,89.8341,14.0965,29.2879,115.063,14.0966,34.3168,146.819,14.0966,40.0078,186.792,14.0966,46.4487,237.107,14.0966,53.7388,300.44,14.0966,61.9903,380.158,14.0966,71.3301,480.499,14.0966,81.902,606.796,14.0966,93.8685,765.761,14.0966,107.414,965.837,14.0966,122.746,1217.65,14.0966,140.101,1534.57,14.0966,159.745,1933.41,14.0966,181.981,2435.3,14.0966,207.15,3066.85,14.0966,235.64,3861.46,14.0966,267.889,4861.11,14.0966,304.391,6118.54,14.0966,345.709,7699.91,14.0966,392.478,9688.22,14.0966,445.417,12187.5,14.0966,505.339,15327.7,14.0966,573.165,19271.6,14.0966,649.938,24222,14.0966,736.839,30430.9,14.0966,835.202,38211.5,14.0966,946.539,47950.3,14.0966,1072.56,60122.8,14.0966,1215.21,75309.9,14.0966,1376.66,94216.2,14.0966,1559.41,117688,14.0966,1766.26,146729,14.0966,2000.39,182510,14.0966,2265.39,226372,14.0966,2565.33,279806,14.0966,2904.81,344416,14.0966,3289.05,421845,14.0966,3723.93,513667,14.0966,4216.13,621231,14.0966,4773.18,745478,14.0966,5403.64,886744,14.0966,6117.15,1.04457e+06,14.0966,6924.63,1.2176e+06,14.0966,11.7194,11.96,12.6541,13.9321,16.1295,13.6434,16.6097,21.9702,13.9553,19.7532,29.5285,14.0526,23.3844,39.1143,14.0829,27.5423,51.2054,14.0923,32.2796,66.434,14.0953,37.662,85.6061,14.0962,43.7675,109.74,14.0965,50.687,140.119,14.0966,58.5249,178.359,14.0966,67.4005,226.493,14.0966,77.4493,287.08,14.0966,88.8254,363.343,14.0966,101.703,459.336,14.0966,116.281,580.161,14.0966,132.782,732.241,14.0966,151.46,923.655,14.0966,172.603,1164.57,14.0966,196.535,1467.79,14.0966,223.625,1849.39,14.0966,254.288,2329.62,14.0966,288.997,2933.93,14.0966,328.285,3694.33,14.0966,372.755,4651.04,14.0966,423.092,5854.57,14.0966,480.07,7368.38,14.0966,544.564,9272.08,14.0966,617.566,11665.5,14.0966,700.197,14673.6,14.0966,793.729,18452.9,14.0966,899.599,23198.6,14.0966,1019.43,29154.1,14.0966,1155.07,36622.3,14.0966,1308.6,45977.9,14.0966,1482.39,57683.7,14.0966,1679.09,72307.8,14.0966,1901.73,90542.8,14.0966,2153.73,113226,14.0966,2438.97,141360,14.0966,2761.81,176127,14.0966,3127.22,218898,14.0966,3540.81,271226,14.0966,4008.92,334817,14.0966,4538.74,411470,14.0966,5138.38,502973,14.0966,5817.04,610948,14.0966,6585.12,736653,14.0966,7454.39,880741,14.0966,8438.15,1.04302e+06,14.0966,9551.45,1.22224e+06,14.0966,10811.3,1.41602e+06,14.0966,12237,1.62086e+06,14.0966,11.7194,11.96,12.6541,2.21263,4.16949,0.989383,2.67766,5.84076,0.311842,3.14343,7.55825,0.0972771,3.63127,9.58578,0.0303237,4.15787,12.0912,0.00945211,4.73731,15.2286,0.00294633,5.38238,19.1721,0.000918508,6.10553,24.134,0.000286163,6.91951,30.3791,8.92692e-05,7.83792,38.2397,2.78121e-05,8.87555,48.1338,8.65134e-06,10.0489,60.5876,2.7882e-06,11.3761,76.2629,8.29036e-07,12.8779,95.9927,2.4373e-07,14.5775,120.825,4.33068e-09,16.5012,152.08,1.75749e-07,18.6784,191.415,-1.86328e-07,21.1428,240.917,1.91829e-07,23.9322,303.213,-1.81475e-07,27.0895,381.602,7.0186e-08,30.6634,480.231,-2.86769e-08,34.7087,604.316,2.40784e-07,39.2876,760.401,9.87368e-08,44.4705,956.705,1.22263e-07,50.3371,1203.54,-4.31966e-07,56.9776,1513.81,-1.9705e-07,64.494,1903.69,-2.763e-08,73.0018,2393.4,3.9185e-07,82.6317,3008.13,1.35379e-07,93.5318,3779.25,-4.16351e-08,105.869,4745.7,2.06965e-08,119.834,5955.6,-3.18887e-07,135.641,7468.12,-1.48271e-08,153.531,9355.62,2.00739e-07,173.781,11705.8,2.28358e-07,196.701,14624.1,-1.93587e-08,222.642,18235,-2.88101e-07,252.003,22683.4,-2.24732e-07,285.234,28134,8.56806e-09,322.845,34767,2.34258e-07,365.413,42770.9,2.99668e-07,413.588,52327.9,8.28644e-08,468.111,63591.2,-3.07049e-07,529.814,76653.2,-3.1888e-07,599.642,91502.5,-6.72276e-08,678.662,107975,2.26339e-07,768.083,125705,3.69212e-07,869.267,144088,2.04077e-07,983.76,162277,-2.80509e-07,1113.3,179223,-4.22737e-07,1259.87,193777,-1.71951e-07,1425.68,204839,4.55555e-07,11.7194,11.96,12.6541,2.21263,4.16949,0.989383,2.67766,5.84076,0.311842,3.14343,7.55825,0.0972771,3.63127,9.58578,0.0303237,4.15787,12.0912,0.00945211,4.73731,15.2286,0.00294633,5.38238,19.1721,0.000918508,6.10553,24.134,0.000286163,6.91951,30.3791,8.92692e-05,7.83792,38.2397,2.78121e-05,8.87555,48.1338,8.65134e-06,10.0489,60.5876,2.7882e-06,11.3761,76.2629,8.29036e-07,12.8779,95.9927,2.4373e-07,14.5775,120.825,1e-08,16.5012,152.08,1.75749e-07,18.6784,191.415,1e-08,21.1428,240.917,1.91829e-07,23.9322,303.213,1e-08,27.0895,381.602,7.0186e-08,30.6634,480.231,1e-08,34.7087,604.316,2.40784e-07,39.2876,760.401,9.87368e-08,44.4705,956.705,1.22263e-07,50.3371,1203.54,1e-08,56.9776,1513.81,1e-08,64.494,1903.69,1e-08,73.0018,2393.4,3.9185e-07,82.6317,3008.13,1.35379e-07,93.5318,3779.25,1e-08,105.869,4745.7,2.06965e-08,119.834,5955.6,1e-08,135.641,7468.12,1e-08,153.531,9355.62,2.00739e-07,173.781,11705.8,2.28358e-07,196.701,14624.1,1e-08,222.642,18235,1e-08,252.003,22683.4,1e-08,285.234,28134,1e-08,322.845,34767,2.34258e-07,365.413,42770.9,2.99668e-07,413.588,52327.9,8.28644e-08,468.111,63591.2,1e-08,529.814,76653.2,1e-08,599.642,91502.5,1e-08,678.662,107975,2.26339e-07,768.083,125705,3.69212e-07,869.267,144088,2.04077e-07,983.76,162277,1e-08,1113.3,179223,1e-08,1259.87,193777,1e-08,1425.68,204839,4.55555e-07,6.2823,3.27286,2.43537,0.219672,6.18826,2.24117,0.56371,6.87772,2.63624,0.308279,12,5,5,1,9,2,2,7,0,6,21,0,3,5,0,1,11,0,7,28,0,1,15,0,9,28,0,2,22,0,8,16,0,10,23,0,16,49,0,12,78,0,14,59,0,15,81,0,8,250,0,24,109,0,13,325,0,19,519,0,39,242,0,18,419,0,49,454,0,29,919,0,22,745,0,32,674,0,67,1717,0,57,1209,0,74,2910,0,79,2567,0,73,1691,0,226,3154,0,120,8824,0,101,8877,0,81,9956,0,320,11324,0,285,26632,0,152,21651,0,165,25706,0,222,24282,0,272,27182,0,249,73398,0,621,31267,0,345,51542,0,226,71640,0,1005,48289,0,796,79465,0,1155,64054,0,948,100588,0,1146,61484,0,1783,260736,0,1491,168663,0,3470,154128,0
-1.05176e+08,1,8.88811e-15,10,1023,0,1.05176e+08,0.528882,1.08665,0.389689,0.145397,0.379329,3.24381,0.161596,0.446195,1.77396,0.159177,1.15e+07,4.49998e+06,6.79999e+06,1.15e+07,4.49997e+06,6.79999e+06,1.15e+07,4.49996e+06,6.79999e+06,1.15e+07,4.49995e+06,6.79999e+06,1.14999e+07,4.49993e+06,6.79999e+06,1.14999e+07,4.49991e+06,6.79999e+06,1.14999e+07,4.49989e+06,6.79999e+06,1.14999e+07,4.49986e+06,6.79999e+06,1.14999e+07,4.49982e+06,6.79999e+06,1.14999e+07,4.49977e+06,6.79999e+06,1.14999e+07,4.49971e+06,6.79999e+06,1.14999e+07,4.49963e+06,6.79999e+06,1.14998e+07,4.49953e+06,6.79999e+06,1.14998e+07,4.49941e+06,6.79999e+06,1.14998e+07,4.49926e+06,6.79999e+06,1.14998e+07,4.49906e+06,6.79999e+06,1.14997e+07,4.49882e+06,6.79999e+06,1.14997e+07,4.49851e+06,6.79999e+06,1.14997e+07,4.49812e+06,6.79999e+06,1.14996e+07,4.49764e+06,6.79999e+06,1.14996e+07,4.49702e+06,6.79999e+06,1.14995e+07,4.49625e+06,6.79999e+06,1.14995e+07,4.49528e+06,6.79999e+06,1.14994e+07,4.49406e+06,6.79999e+06,1.14993e+07,4.49253e+06,6.79999e+06,1.14992e+07,4.49059e+06,6.79999e+06,1.14991e+07,4.48817e+06,6.79999e+06,1.1499e+07,4.48511e+06,6.79999e+06,1.14988e+07,4.48128e+06,6.79999e+06,1.14987e+07,4.47646e+06,6.79999e+06,1.14985e+07,4.47041e+06,6.79999e+06,1.14983e+07,4.46281e+06,6.79999e+06,1.14981e+07,4.4533e+06,6.79999e+06,1.14979e+07,4.44138e+06,6.79999e+06,1.14976e+07,4.42649e+06,6.79999e+06,1.14972e+07,4.40789e+06,6.79999e+06,1.14969e+07,4.38471e+06,6.79999e+06,1.14965e+07,4.35592e+06,6.79999e+06,1.1496e+07,4.32027e+06,6.79999e+06,1.14955e+07,4.27629e+06,6.79999e+06,1.14949e+07,4.22231e+06,6.79999e+06,1.14942e+07,4.15647e+06,6.79999e+06,1.14934e+07,4.07676e+06,6.79999e+06,1.14926e+07,3.98112e+06,6.79999e+06,1.14916e+07,3.86765e+06,6.79999e+06,1.14905e+07,3.73474e+06,6.79999e+06,1.14892e+07,3.58148e+06,6.79999e+06,1.14878e+07,3.40785e+06,6.79999e+06,1.14862e+07,3.21513e+06,6.79999e+06,1.14844e+07,3.00605e+06,6.79999e+06,1.14823e+07,2.7848e+06,6.79999e+06,1.148e+07,2.5568e+06,6.79999e+06,1.14773e+07,2.32825e+06,6.79999e+06,13.5742,8.52444,0.508366,16.8306,13.2585,0.162638,20.0035,17.569,0.0507846,23.2616,22.4214,0.0158319,26.7328,28.3297,0.00493498,30.5212,35.6974,0.00153831,34.7178,44.9473,0.000479527,39.4086,56.5822,0.000149456,44.6796,71.2245,4.66214e-05,50.6209,89.6543,1.45419e-05,57.3297,112.852,4.54748e-06,64.9129,142.051,1.43857e-06,73.4897,178.803,4.36618e-07,83.1934,225.062,1.40153e-07,94.1745,283.286,4.96378e-08,106.602,356.568,1.05434e-07,120.669,448.799,-6.49244e-08,136.59,564.873,1.70148e-07,154.611,710.948,-5.34594e-08,175.008,894.767,1.63407e-07,198.097,1126.06,8.04804e-08,224.231,1417.07,1.14667e-07,253.813,1783.15,-1.71227e-07,287.297,2243.62,-2.88466e-07,325.198,2822.67,-4.33651e-07,368.098,3550.67,7.9318e-08,416.657,4465.65,3.13319e-07,471.621,5615.16,3.4613e-07,533.835,7058.61,-1.19199e-07,604.255,8870.02,-2.79964e-07,683.962,11141.4,-2.30521e-07,774.182,13986.7,-2.55099e-07,876.299,17546.4,1.23585e-07,991.883,21993.1,1.41192e-07,1122.71,27536.7,-9.71886e-08,1270.78,34430.7,-3.68368e-07,1438.38,42977.7,-3.45379e-07,1628.07,53532.7,-3.25328e-09,1842.77,66504.6,2.6362e-07,2085.77,82350.2,2.53445e-07,2360.79,101560,-2.47407e-08,2672.05,124632,-3.80602e-07,3024.31,152018,-4.79005e-07,3422.98,184060,-1.14379e-07,3874.15,220884,2.64297e-07,4384.72,262283,3.44131e-07,4962.49,307576,7.5349e-08,5616.29,355497,-3.63097e-07,6356.1,404126,-6.05442e-07,7193.18,450932,-2.72333e-07,8140.28,492963,2.29675e-07,9211.79,527178,4.3387e-07,10424,550893,-1.0711e-07,10.102,8.06553,2.81012,10.6436,8.57909,0.869423,11.5336,10.2515,0.270869,12.7211,12.7138,0.0844293,14.1823,15.9373,0.0263173,15.9122,20.0383,0.0082035,17.9198,25.2154,0.00255722,20.2244,31.7373,0.000797017,22.8539,39.9486,0.000248622,25.8438,50.2851,7.75492e-05,29.237,63.2963,2.42508e-05,33.0837,79.6738,7.67162e-06,37.4415,100.288,2.32837e-06,42.3767,126.236,7.33e-07,47.9646,158.896,2.79256e-07,54.2906,200.003,9.87351e-09,61.452,251.741,1.61085e-07,69.5585,316.859,-2.47141e-07,78.7347,398.812,8.93552e-08,89.1218,501.948,-2.53231e-07,100.879,631.736,-1.25047e-07,114.188,795.049,-1.78808e-07,129.252,1000.53,2.6733e-07,146.304,1259.03,4.50292e-07,165.605,1584.19,6.76904e-07,187.452,1993.12,-1.23808e-07,212.181,2507.27,-4.89068e-07,240.173,3153.54,-5.40284e-07,271.856,3965.56,1.86061e-07,307.719,4985.38,4.37004e-07,348.313,6265.4,3.59828e-07,394.26,7870.83,3.98192e-07,446.268,9882.51,-1.92908e-07,505.135,12400.3,-2.20392e-07,571.766,15546.9,1.51705e-07,647.184,19472.2,5.74996e-07,732.547,24357.4,5.39112e-07,829.167,30420,5.07815e-09,938.526,37916.3,-4.11492e-07,1062.3,47143.9,-3.9561e-07,1202.4,58439.2,3.86185e-08,1360.96,72169.3,5.94093e-07,1540.42,88715.8,7.47693e-07,1743.53,108445,1.78537e-07,1973.41,131665,-4.12549e-07,2233.57,158557,-5.37164e-07,2528,189103,-1.17615e-07,2861.2,222986,5.66769e-07,3238.27,259510,9.45053e-07,3664.97,297540,4.25093e-07,4147.81,335497,-3.58506e-07,4694.17,371444,-6.7724e-07,5312.37,403256,1.67192e-07,1.61744,3.89446,9.84394,3.28846,7.5504,12.774,5.07607,11.7187,13.6844,7.03202,16.8147,13.9681,9.20215,23.1769,14.0566,11.6301,31.1672,14.0841,14.3598,41.2186,14.0927,17.4376,53.8688,14.0954,20.9137,69.7915,14.0962,24.8432,89.8341,14.0965,29.2879,115.063,14.0966,34.3168,146.819,14.0966,40.0078,186.792,14.0966,46.4487,237.107,14.0966,53.7388,300.44,14.0966,61.9903,380.158,14.0966,71.3301,480.499,14.0966,81.902,606.796,14.0966,93.8685,765.761,14.0966,107.414,965.837,14.0966,122.746,1217.65,14.0966,140.101,1534.57,14.0966,159.745,1933.41,14.0966,181.981,2435.3,14.0966,207.15,3066.85,14.0966,235.64,3861.46,14.0966,267.889,4861.11,14.0966,304.391,6118.54,14.0966,345.709,7699.91,14.0966,392.478,9688.22,14.0966,445.417,12187.5,14.0966,505.339,15327.7,14.0966,573.165,19271.6,14.0966,649.938,24222,14.0966,736.839,30430.9,14.0966,835.202,38211.5,14.0966,946.539,47950.3,14.0966,1072.56,60122.8,14.0966,1215.21,75309.9,14.0966,1376.66,94216.2,14.0966,1559.41,117688,14.0966,1766.26,146729,14.0966,2000.39,182510,14.0966,2265.39,226372,14.0966,2565.33,279806,14.0966,2904.81,344416,14.0966,3289.05,421845,14.0966,3723.93,513667,14.0966,4216.13,621231,14.0966,4773.18,745478,14.0966,5403.64,886744,14.0966,6117.15,1.04457e+06,14.0966,6924.63,1.2176e+06,14.0966,11.7194,11.96,12.6541,13.9321,16.1295,13.6434,16.6097,21.9702,13.9553,19.7532,29.5285,14.0526,23.3844,39.1143,14.0829,27.5423,51.2054,14.0923,32.2796,66.434,14.0953,37.662,85.6061,14.0962,43.7675,109.74,14.0965,50.687,140.119,14.0966,58.5249,178.359,14.0966,67.4005,226.493,14.0966,77.4493,287.08,14.0966,88.8254,363.343,14.0966,101.703,459.336,14.0966,116.281,580.161,14.0966,132.782,732.241,14.0966,151.46,923.655,14.0966,172.603,1164.57,14.0966,196.535,1467.79,14.0966,223.625,1849.39,14.0966,254.288,2329.62,14.0966,288.997,2933.93,14.0966,328.285,3694.33,14.0966,372.755,4651.04,14.0966,423.092,5854.57,14.0966,480.07,7368.38,14.0966,544.564,9272.08,14.0966,617.566,11665.5,14.0966,700.197,14673.6,14.0966,793.729,18452.9,14.0966,899.599,23198.6,14.0966,1019.43,29154.1,14.0966,1155.07,36622.3,14.0966,1308.6,45977.9,14.0966,1482.39,57683.7,14.0966,1679.09,72307.8,14.0966,1901.73,90542.8,14.0966,2153.73,113226,14.0966,2438.97,141360,14.0966,2761.81,176127,14.0966,3127.22,218898,14.0966,3540.81,271226,14.0966,4008.92,334817,14.0966,4538.74,411470,14.0966,5138.38,502973,14.0966,5817.04,610948,14.0966,6585.12,736653,14.0966,7454.39,880741,14.0966,8438.15,1.04302e+06,14.0966,9551.45,1.22224e+06,14.0966,10811.3,1.41602e+06,14.0966,12237,1.62086e+06,14.0966,11.7194,11.96,12.6541,2.21263,4.16949,0.989383,2.67766,5.84076,0.311842,3.14343,7.55825,0.0972771,3.63127,9.58578,0.0303237,4.15787,12.0912,0.00945211,4.73731,15.2286,0.00294633,5.38238,19.1721,0.000918508,6.10553,24.134,0.000286163,6.91951,30.3791,8.92692e-05,7.83792,38.2397,2.78121e-05,8.87555,48.1338,8.65134e-06,10.0489,60.5876,2.7882e-06,11.3761,76.2629,8.29036e-07,12.8779,95.9927,2.4373e-07,14.5775,120.825,4.33068e-09,16.5012,152.08,1.75749e-07,18.6784,191.415,-1.86328e-07,21.1428,240.917,1.91829e-07,23.9322,303.213,-1.81475e-07,27.0895,381.602,7.0186e-08,30.6634,480.231,-2.86769e-08,34.7087,604.316,2.40784e-07,39.2876,760.401,9.87368e-08,44.4705,956.705,1.22263e-07,50.3371,1203.54,-4.31966e-07,56.9776,1513.81,-1.9705e-07,64.494,1903.69,-2.763e-08,73.0018,2393.4,3.9185e-07,82.6317,3008.13,1.35379e-07,93.5318,3779.25,-4.16351e-08,105.869,4745.7,2.06965e-08,119.834,5955.6,-3.18887e-07,135.641,7468.12,-1.48271e-08,153.531,9355.62,2.00739e-07,173.781,11705.8,2.28358e-07,196.701,14624.1,-1.93587e-08,222.642,18235,-2.88101e-07,252.003,22683.4,-2.24732e-07,285.234,28134,8.56806e-09,322.845,34767,2.34258e-07,365.413,42770.9,2.99668e-07,413.588,52327.9,8.28644e-08,468.111,63591.2,-3.07049e-07,529.814,76653.2,-3.1888e-07,599.642,91502.5,-6.72276e-08,678.662,107975,2.26339e-07,768.083,125705,3.69212e-07,869.267,144088,2.04077e-07,983.76,162277,-2.80509e-07,1113.3,179223,-4.22737e-07,1259.87,193777,-1.71951e-07,1425.68,204839,4.55555e-07,11.7194,11.96,12.6541,2.21263,4.16949,0.989383,2.67766,5.84076,0.311842,3.14343,7.55825,0.0972771,3.63127,9.58578,0.0303237,4.15787,12.0912,0.00945211,4.73731,15.2286,0.00294633,5.38238,19.1721,0.000918508,6.10553,24.134,0.000286163,6.91951,30.3791,8.92692e-05,7.83792,38.2397,2.78121e-05,8.87555,48.1338,8.65134e-06,10.0489,60.5876,2.7882e-06,11.3761,76.2629,8.29036e-07,12.8779,95.9927,2.4373e-07,14.5775,120.825,1e-08,16.5012,152.08,1.75749e-07,18.6784,191.415,1e-08,21.1428,240.917,1.91829e-07,23.9322,303.213,1e-08,27.0895,381.602,7.0186e-08,30.6634,480.231,1e-08,34.7087,604.316,2.40784e-07,39.2876,760.401,9.87368e-08,44.4705,956.705,1.22263e-07,50.3371,1203.54,1e-08,56.9776,1513.81,1e-08,64.494,1903.69,1e-08,73.0018,2393.4,3.9185e-07,82.6317,3008.13,1.35379e-07,93.5318,3779.25,1e-08,105.869,4745.7,2.06965e-08,119.834,5955.6,1e-08,135.641,7468.12,1e-08,153.531,9355.62,2.00739e-07,173.781,11705.8,2.28358e-07,196.701,14624.1,1e-08,222.642,18235,1e-08,252.003,22683.4,1e-08,285.234,28134,1e-08,322.845,34767,2.34258e-07,365.413,42770.9,2.99668e-07,413.588,52327.9,8.28644e-08,468.111,63591.2,1e-08,529.814,76653.2,1e-08,599.642,91502.5,1e-08,678.662,107975,2.26339e-07,768.083,125705,3.69212e-07,869.267,144088,2.04077e-07,983.76,162277,1e-08,1113.3,179223,1e-08,1259.87,193777,1e-08,1425.68,204839,4.55555e-07,6.2823,3.27286,2.43537,0.219672,6.18826,2.24117,0.56371,6.87772,2.63624,0.308279,3,11,9,1,7,1,2,3,0,2,9,0,3,10,0,3,9,0,3,21,0,5,23,0,5,12,0,3,12,0,9,31,0,8,72,0,13,45,0,7,55,0,16,110,0,23,127,0,12,172,0,13,153,0,10,548,0,41,321,0,49,287,0,40,377,0,12,965,0,18,829,0,51,368,0,52,2041,0,72,648,0,77,2899,0,143,2763,0,83,1155,0,51,1772,0,69,4277,0,183,5089,0,49,5543,0,173,11769,0,141,5940,0,102,17173,0,150,15008,0,230,7447,0,353,22257,0,616,37961,0,354,34868,0,658,51894,0,404,58441,0,586,96504,0,620,87028,0,308,112444,0,666,125837,0,589,284252,0,769,170815,0,1648,67965,0,2365,191619,0,1466,229657,0
-1.05176e+08,1,8.88811e-15,10,1023,0,1.05176e+08,0.528882,1.08665,0.389689,0.145397,0.379329,3.24381,0.161596,0.446195,1.77396,0.159177,1.15e+07,4.49998e+06,6.79999e+06,1.15e+07,4.49997e+06,6.79999e+06,1.15e+07,4.49996e+06,6.79999e+06,1.15e+07,4.49995e+06,6.79999e+06,1.14999e+07,4.49993e+06,6.79999e+06,1.14999e+07,4.49991e+06,6.79999e+06,1.14999e+07,4.49989e+06,6.79999e+06,1.14999e+07,4.49986e+06,6.79999e+06,1.14999e+07,4.49982e+06,6.79999e+06,1.14999e+07,4.49977e+06,6.79999e+06,1.14999e+07,4.49971e+06,6.79999e+06,1.14999e+07,4.49963e+06,6.79999e+06,1.14998e+07,4.49953e+06,6.79999e+06,1.14998e+07,4.49941e+06,6.79999e+06,1.14998e+07,4.49926e+06,6.79999e+06,1.14998e+07,4.49906e+06,6.79999e+06,1.14997e+07,4.49882e+06,6.79999e+06,1.14997e+07,4.49851e+06,6.79999e+06,1.14997e+07,4.49812e+06,6.79999e+06,1.14996e+07,4.49764e+06,6.79999e+06,1.14996e+07,4.49702e+06,6.79999e+06,1.14995e+07,4.49625e+06,6.79999e+06,1.14995e+07,4.49528e+06,6.79999e+06,1.14994e+07,4.49406e+06,6.79999e+06,1.14993e+07,4.49253e+06,6.79999e+06,1.14992e+07,4.49059e+06,6.79999e+06,1.14991e+07,4.48817e+06,6.79999e+06,1.1499e+07,4.48511e+06,6.79999e+06,1.14988e+07,4.48128e+06,6.79999e+06,1.14987e+07,4.47646e+06,6.79999e+06,1.14985e+07,4.47041e+06,6.79999e+06,1.14983e+07,4.46281e+06,6.79999e+06,1.14981e+07,4.4533e+06,6.79999e+06,1.14979e+07,4.44138e+06,6.79999e+06,1.14976e+07,4.42649e+06,6.79999e+06,1.14972e+07,4.40789e+06,6.79999e+06,1.14969e+07,4.38471e+06,6.79999e+06,1.14965e+07,4.35592e+06,6.79999e+06,1.1496e+07,4.32027e+06,6.79999e+06,1.14955e+07,4.27629e+06,6.79999e+06,1.14949e+07,4.22231e+06,6.79999e+06,1.14942e+07,4.15647e+06,6.79999e+06,1.14934e+07,4.07676e+06,6.79999e+06,1.14926e+07,3.98112e+06,6.79999e+06,1.14916e+07,3.86765e+06,6.79999e+06,1.14905e+07,3.73474e+06,6.79999e+06,1.14892e+07,3.58148e+06,6.79999e+06,1.14878e+07,3.40785e+06,6.79999e+06,1.14862e+07,3.21513e+06,6.79999e+06,1.14844e+07,3.00605e+06,6.79999e+06,1.14823e+07,2.7848e+06,6.79999e+06,1.148e+07,2.5568e+06,6.79999e+06,1.14773e+07,2.32825e+06,6.79999e+06,13.5742,8.52444,0.508366,16.8306,13.2585,0.162638,20.0035,17.569,0.0507846,23.2616,22.4214,0.0158319,26.7328,28.3297,0.00493498,30.5212,35.6974,0.00153831,34.7178,44.9473,0.000479527,39.4086,56.5822,0.000149456,44.6796,71.2245,4.66214e-05,50.6209,89.6543,1.45419e-05,57.3297,112.852,4.54748e-06,64.9129,142.051,1.43857e-06,73.4897,178.803,4.36618e-07,83.1934,225.062,1.40153e-07,94.1745,283.286,4.96378e-08,106.602,356.568,1.05434e-07,120.669,448.799,-6.49244e-08,136.59,564.873,1.70148e-07,154.611,710.948,-5.34594e-08,175.008,894.767,1.63407e-07,198.097,1126.06,8.04804e-08,224.231,1417.07,1.14667e-07,253.813,1783.15,-1.71227e-07,287.297,2243.62,-2.88466e-07,325.198,2822.67,-4.33651e-07,368.098,3550.67,7.9318e-08,416.657,4465.65,3.13319e-07,471.621,5615.16,3.4613e-07,533.835,7058.61,-1.19199e-07,604.255,8870.02,-2.79964e-07,683.962,11141.4,-2.30521e-07,774.182,13986.7,-2.55099e-07,876.299,17546.4,1.23585e-07,991.883,21993.1,1.41192e-07,1122.71,27536.7,-9.71886e-08,1270.78,34430.7,-3.68368e-07,1438.38,42977.7,-3.45379e-07,1628.07,53532.7,-3.25328e-09,1842.77,66504.6,2.6362e-07,2085.77,82350.2,2.53445e-07,2360.79,101560,-2.47407e-08,2672.05,124632,-3.80602e-07,3024.31,152018,-4.79005e-07,3422.98,184060,-1.14379e-07,3874.15,220884,2.64297e-07,4384.72,262283,3.44131e-07,4962.49,307576,7.5349e-08,5616.29,355497,-3.63097e-07,6356.1,404126,-6.05442e-07,7193.18,450932,-2.72333e-07,8140.28,492963,2.29675e-07,9211.79,527178,4.3387e-07,10424,550893,-1.0711e-07,10.102,8.06553,2.81012,10.6436,8.57909,0.869423,11.5336,10.2515,0.270869,12.7211,12.7138,0.0844293,14.1823,15.9373,0.0263173,15.9122,20.0383,0.0082035,17.9198,25.2154,0.00255722,20.2244,31.7373,0.000797017,22.8539,39.9486,0.000248622,25.8438,50.2851,7.75492e-05,29.237,63.2963,2.42508e-05,33.0837,79.6738,7.67162e-06,37.4415,100.288,2.32837e-06,42.3767,126.236,7.33e-07,47.9646,158.896,2.79256e-07,54.2906,200.003,9.87351e-09,61.452,251.741,1.61085e-07,69.5585,316.859,-2.47141e-07,78.7347,398.812,8.93552e-08,89.1218,501.948,-2.53231e-07,100.879,631.736,-1.25047e-07,114.188,795.049,-1.78808e-07,129.252,1000.53,2.6733e-07,146.304,1259.03,4.50292e-07,165.605,1584.19,6.76904e-07,187.452,1993.12,-1.23808e-07,212.181,2507.27,-4.89068e-07,240.173,3153.54,-5.40284e-07,271.856,3965.56,1.86061e-07,307.719,4985.38,4.37004e-07,348.313,6265.4,3.59828e-07,394.26,7870.83,3.98192e-07,446.268,9882.51,-1.92908e-07,505.135,12400.3,-2.20392e-07,571.766,15546.9,1.51705e-07,647.184,19472.2,5.74996e-07,732.547,24357.4,5.39112e-07,829.167,30420,5.07815e-09,938.526,37916.3,-4.11492e-07,1062.3,47143.9,-3.9561e-07,1202.4,58439.2,3.86185e-08,1360.96,72169.3,5.94093e-07,1540.42,88715.8,7.47693e-07,1743.53,108445,1.78537e-07,1973.41,131665,-4.12549e-07,2233.57,158557,-5.37164e-07,2528,189103,-1.17615e-07,2861.2,222986,5.66769e-07,3238.27,259510,9.45053e-07,3664.97,297540,4.25093e-07,4147.81,335497,-3.58506e-07,4694.17,371444,-6.7724e-07,5312.37,403256,1.67192e-07,1.61744,3.89446,9.84394,3.28846,7.5504,12.774,5.07607,11.7187,13.6844,7.03202,16.8147,13.9681,9.20215,23.1769,14.0566,11.6301,31.1672,14.0841,14.3598,41.2186,14.0927,17.4376,53.8688,14.0954,20.9137,69.7915,14.0962,24.8432,89.8341,14.0965,29.2879,115.063,14.0966,34.3168,146.819,14.0966,40.0078,186.792,14.0966,46.4487,237.107,14.0966,53.7388,300.44,14.0966,61.9903,380.158,14.0966,71.3301,480.499,14.0966,81.902,606.796,14.0966,93.8685,765.761,14.0966,107.414,965.837,14.0966,122.746,1217.65,14.0966,140.101,1534.57,14.0966,159.745,1933.41,14.0966,181.981,2435.3,14.0966,207.15,3066.85,14.0966,235.64,3861.46,14.0966,267.889,4861.11,14.0966,304.391,6118.54,14.0966,345.709,7699.91,14.0966,392.478,9688.22,14.0966,445.417,12187.5,14.0966,505.339,15327.7,14.0966,573.165,19271.6,14.0966,649.938,24222,14.0966,736.839,30430.9,14.0966,835.202,38211.5,14.0966,946.539,47950.3,14.0966,1072.56,60122.8,14.0966,1215.21,75309.9,14.0966,1376.66,94216.2,14.0966,1559.41,117688,14.0966,1766.26,146729,14.0966,2000.39,182510,14.0966,2265.39,226372,14.0966,2565.33,279806,14.0966,2904.81,344416,14.0966,3289.05,421845,14.0966,3723.93,513667,14.0966,4216.13,621231,14.0966,4773.18,745478,14.0966,5403.64,886744,14.0966,6117.15,1.04457e+06,14.0966,6924.63,1.2176e+06,14.0966,11.7194,11.96,12.6541,13.9321,16.1295,13.6434,16.6097,21.9702,13.9553,19.7532,29.5285,14.0526,23.3844,39.1143,14.0829,27.5423,51.2054,14.0923,32.2796,66.434,14.0953,37.662,85.6061,14.0962,43.7675,109.74,14.0965,50.687,140.119,14.0966,58.5249,178.359,14.0966,67.4005,226.493,14.0966,77.4493,287.08,14.0966,88.8254,363.343,14.0966,101.703,459.336,14.0966,116.281,580.161,14.0966,132.782,732.241,14.0966,151.46,923.655,14.0966,172.603,1164.57,14.0966,196.535,1467.79,14.0966,223.625,1849.39,14.0966,254.288,2329.62,14.0966,288.997,2933.93,14.0966,328.285,3694.33,14.0966,372.755,4651.04,14.0966,423.092,5854.57,14.0966,480.07,7368.38,14.0966,544.564,9272.08,14.0966,617.566,11665.5,14.0966,700.197,14673.6,14.0966,793.729,18452.9,14.0966,899.599,23198.6,14.0966,1019.43,29154.1,14.0966,1155.07,36622.3,14.0966,1308.6,45977.9,14.0966,1482.39,57683.7,14.0966,1679.09,72307.8,14.0966,1901.73,90542.8,14.0966,2153.73,113226,14.0966,2438.97,141360,14.0966,2761.81,176127,14.0966,3127.22,218898,14.0966,3540.81,271226,14.0966,4008.92,334817,14.0966,4538.74,411470,14.0966,5138.38,502973,14.0966,5817.04,610948,14.0966,6585.12,736653,14.0966,7454.39,880741,14.0966,8438.15,1.04302e+06,14.0966,9551.45,1.22224e+06,14.0966,10811.3,1.41602e+06,14.0966,12237,1.62086e+06,14.0966,11.7194,11.96,12.6541,2.21263,4.16949,0.989383,2.67766,5.84076,0.311842,3.14343,7.55825,0.0972771,3.63127,9.58578,0.0303237,4.15787,12.0912,0.00945211,4.73731,15.2286,0.00294633,5.38238,19.1721,0.000918508,6.10553,24.134,0.000286163,6.91951,30.3791,8.92692e-05,7.83792,38.2397,2.78121e-05,8.87555,48.1338,8.65134e-06,10.0489,60.5876,2.7882e-06,11.3761,76.2629,8.29036e-07,12.8779,95.9927,2.4373e-07,14.5775,120.825,4.33068e-09,16.5012,152.08,1.75749e-07,18.6784,191.415,-1.86328e-07,21.1428,240.917,1.91829e-07,23.9322,303.213,-1.81475e-07,27.0895,381.602,7.0186e-08,30.6634,480.231,-2.86769e-08,34.7087,604.316,2.40784e-07,39.2876,760.401,9.87368e-08,44.4705,956.705,1.22263e-07,50.3371,1203.54,-4.31966e-07,56.9776,1513.81,-1.9705e-07,64.494,1903.69,-2.763e-08,73.0018,2393.4,3.9185e-07,82.6317,3008.13,1.35379e-07,93.5318,3779.25,-4.16351e-08,105.869,4745.7,2.06965e-08,119.834,5955.6,-3.18887e-07,135.641,7468.12,-1.48271e-08,153.531,9355.62,2.00739e-07,173.781,11705.8,2.28358e-07,196.701,14624.1,-1.93587e-08,222.642,18235,-2.88101e-07,252.003,22683.4,-2.24732e-07,285.234,28134,8.56806e-09,322.845,34767,2.34258e-07,365.413,42770.9,2.99668e-07,413.588,52327.9,8.28644e-08,468.111,63591.2,-3.07049e-07,529.814,76653.2,-3.1888e-07,599.642,91502.5,-6.72276e-08,678.662,107975,2.26339e-07,768.083,125705,3.69212e-07,869.267,144088,2.04077e-07,983.76,162277,-2.80509e-07,1113.3,179223,-4.22737e-07,1259.87,193777,-1.71951e-07,1425.68,204839,4.55555e-07,11.7194,11.96,12.6541,2.21263,4.16949,0.989383,2.67766,5.84076,0.311842,3.14343,7.55825,0.0972771,3.63127,9.58578,0.0303237,4.15787,12.0912,0.00945211,4.73731,15.2286,0.00294633,5.38238,19.1721,0.000918508,6.10553,24.134,0.000286163,6.91951,30.3791,8.92692e-05,7.83792,38.2397,2.78121e-05,8.87555,48.1338,8.65134e-06,10.0489,60.5876,2.7882e-06,11.3761,76.2629,8.29036e-07,12.8779,95.9927,2.4373e-07,14.5775,120.825,1e-08,16.5012,152.08,1.75749e-07,18.6784,191.415,1e-08,21.1428,240.917,1.91829e-07,23.9322,303.213,1e-08,27.0895,381.602,7.0186e-08,30.6634,480.231,1e-08,34.7087,604.316,2.40784e-07,39.2876,760.401,9.87368e-08,44.4705,956.705,1.22263e-07,50.3371,1203.54,1e-08,56.9776,1513.81,1e-08,64.494,1903.69,1e-08,73.0018,2393.4,3.9185e-07,82.6317,3008.13,1.35379e-07,93.5318,3779.25,1e-08,105.869,4745.7,2.06965e-08,119.834,5955.6,1e-08,135.641,7468.12,1e-08,153.531,9355.62,2.00739e-07,173.781,11705.8,2.28358e-07,196.701,14624.1,1e-08,222.642,18235,1e-08,252.003,22683.4,1e-08,285.234,28134,1e-08,322.845,34767,2.34258e-07,365.413,42770.9,2.99668e-07,413.588,52327.9,8.28644e-08,468.111,63591.2,1e-08,529.814,76653.2,1e-08,599.642,91502.5,1e-08,678.662,107975,2.26339e-07,768.083,125705,3.69212e-07,869.267,144088,2.04077e-07,983.76,162277,1e-08,1113.3,179223,1e-08,1259.87,193777,1e-08,1425.68,204839,4.55555e-07,6.2823,3.27286,2.43537,0.219672,6.18826,2.24117,0.56371,6.87772,2.63624,0.308279,22,2,20,2,7,2,3,13,1,4,19,0,5,5,0,6,12,0,5,14,0,4,10,0,7,49,0,2,21,0,8,29,0,22,68,0,22,45,0,6,47,0,13,167,0,18,111,0,18,109,0,19,148,0,27,252,0,21,120,0,41,225,0,35,495,0,42,351,0,37,589,0,64,626,0,22,1180,0,54,1131,0,81,1617,0,72,3991,0,57,3422,0,88,4101,0,135,3848,0,98,5303,0,98,9782,0,76,9073,0,28,19541,0,224,21867,0,190,23343,0,342,25093,0,388,31365,0,281,33925,0,479,26623,0,757,30760,0,754,41005,0,832,94366,0,692,91352,0,662,118023,0,981,95173,0,1281,98217,0,621,171781,0,901,151185,0,1286,177272,0,1808,329068,0
-1.05176e+08,1,8.88811e-15,10,1023,0,1.05176e+08,0.528882,1.08665,0.389689,0.145397,0.379329,3.24381,0.161596,0.446195,1.77396,0.159177,1.15e+07,4.49998e+06,6.79999e+06,1.15e+07,4.49997e+06,6.79999e+06,1.15e+07,4.49996e+06,6.79999e+06,1.15e+07,4.49995e+06,6.79999e+06,1.14999e+07,4.49993e+06,6.79999e+06,1.14999e+07,4.49991e+06,6.79999e+06,1.14999e+07,4.49989e+06,6.79999e+06,1.14999e+07,4.49986e+06,6.79999e+06,1.14999e+07,4.49982e+06,6.79999e+06,1.14999e+07,4.49977e+06,6.79999e+06,1.14999e+07,4.49971e+06,6.79999e+06,1.14999e+07,4.49963e+06,6.79999e+06,1.14998e+07,4.49953e+06,6.79999e+06,1.14998e+07,4.49941e+06,6.79999e+06,1.14998e+07,4.49926e+06,6.79999e+06,1.14998e+07,4.49906e+06,6.79999e+06,1.14997e+07,4.49882e+06,6.79999e+06,1.14997e+07,4.49851e+06,6.79999e+06,1.14997e+07,4.49812e+06,6.79999e+06,1.14996e+07,4.49764e+06,6.79999e+06,1.14996e+07,4.49702e+06,6.79999e+06,1.14995e+07,4.49625e+06,6.79999e+06,1.14995e+07,4.49528e+06,6.79999e+06,1.14994e+07,4.49406e+06,6.79999e+06,1.14993e+07,4.49253e+06,6.79999e+06,1.14992e+07,4.49059e+06,6.79999e+06,1.14991e+07,4.48817e+06,6.79999e+06,1.1499e+07,4.48511e+06,6.79999e+06,1.14988e+07,4.48128e+06,6.79999e+06,1.14987e+07,4.47646e+06,6.79999e+06,1.14985e+07,4.47041e+06,6.79999e+06,1.14983e+07,4.46281e+06,6.79999e+06,1.14981e+07,4.4533e+06,6.79999e+06,1.14979e+07,4.44138e+06,6.79999e+06,1.14976e+07,4.42649e+06,6.79999e+06,1.14972e+07,4.40789e+06,6.79999e+06,1.14969e+07,4.38471e+06,6.79999e+06,1.14965e+07,4.35592e+06,6.79999e+06,1.1496e+07,4.32027e+06,6.79999e+06,1.14955e+07,4.27629e+06,6.79999e+06,1.14949e+07,4.22231e+06,6.79999e+06,1.14942e+07,4.15647e+06,6.79999e+06,1.14934e+07,4.07676e+06,6.79999e+06,1.14926e+07,3.98112e+06,6.79999e+06,1.14916e+07,3.86765e+06,6.79999e+06,1.14905e+07,3.73474e+06,6.79999e+06,1.14892e+07,3.58148e+06,6.79999e+06,1.14878e+07,3.40785e+06,6.79999e+06,1.14862e+07,3.21513e+06,6.79999e+06,1.14844e+07,3.00605e+06,6.79999e+06,1.14823e+07,2.7848e+06,6.79999e+06,1.148e+07,2.5568e+06,6.79999e+06,1.14773e+07,2.32825e+06,6.79999e+06,13.5742,8.52444,0.508366,16.8306,13.2585,0.162638,20.0035,17.569,0.0507846,23.2616,22.4214,0.0158319,26.7328,28.3297,0.00493498,30.5212,35.6974,0.00153831,34.7178,44.9473,0.000479527,39.4086,56.5822,0.000149456,44.6796,71.2245,4.66214e-05,50.6209,89.6543,1.45419e-05,57.3297,112.852,4.54748e-06,64.9129,142.051,1.43857e-06,73.4897,178.803,4.36618e-07,83.1934,225.062,1.40153e-07,94.1745,283.286,4.96378e-08,106.602,356.568,1.05434e-07,120.669,448.799,-6.49244e-08,136.59,564.873,1.70148e-07,154.611,710.948,-5.34594e-08,175.008,894.767,1.63407e-07,198.097,1126.06,8.04804e-08,224.231,1417.07,1.14667e-07,253.813,1783.15,-1.71227e-07,287.297,2243.62,-2.88466e-07,325.198,2822.67,-4.33651e-07,368.098,3550.67,7.9318e-08,416.657,4465.65,3.13319e-07,471.621,5615.16,3.4613e-07,533.835,7058.61,-1.19199e-07,604.255,8870.02,-2.79964e-07,683.962,11141.4,-2.30521e-07,774.182,13986.7,-2.55099e-07,876.299,17546.4,1.23585e-07,991.883,21993.1,1.41192e-07,1122.71,27536.7,-9.71886e-08,1270.78,34430.7,-3.68368e-07,1438.38,42977.7,-3.45379e-07,1628.07,53532.7,-3.25328e-09,1842.77,66504.6,2.6362e-07,2085.77,82350.2,2.53445e-07,2360.79,101560,-2.47407e-08,2672.05,124632,-3.80602e-07,3024.31,152018,-4.79005e-07,3422.98,184060,-1.14379e-07,3874.15,220884,2.64297e-07,4384.72,262283,3.44131e-07,4962.49,307576,7.5349e-08,5616.29,355497,-3.63097e-07,6356.1,404126,-6.05442e-07,7193.18,450932,-2.72333e-07,8140.28,492963,2.29675e-07,9211.79,527178,4.3387e-07,10424,550893,-1.0711e-07,10.102,8.06553,2.81012,10.6436,8.57909,0.869423,11.5336,10.2515,0.270869,12.7211,12.7138,0.0844293,14.1823,15.9373,0.0263173,15.9122,20.0383,0.0082035,17.9198,25.2154,0.00255722,20.2244,31.7373,0.000797017,22.8539,39.9486,0.000248622,25.8438,50.2851,7.75492e-05,29.237,63.2963,2.42508e-05,33.0837,79.6738,7.67162e-06,37.4415,100.288,2.32837e-06,42.3767,126.236,7.33e-07,47.9646,158.896,2.79256e-07,54.2906,200.003,9.87351e-09,61.452,251.741,1.61085e-07,69.5585,316.859,-2.47141e-07,78.7347,398.812,8.93552e-08,89.1218,501.948,-2.53231e-07,100.879,631.736,-1.25047e-07,114.188,795.049,-1.78808e-07,129.252,1000.53,2.6733e-07,146.304,1259.03,4.50292e-07,165.605,1584.19,6.76904e-07,187.452,1993.12,-1.23808e-07,212.181,2507.27,-4.89068e-07,240.173,3153.54,-5.40284e-07,271.856,3965.56,1.86061e-07,307.719,4985.38,4.37004e-07,348.313,6265.4,3.59828e-07,394.26,7870.83,3.98192e-07,446.268,9882.51,-1.92908e-07,505.135,12400.3,-2.20392e-07,571.766,15546.9,1.51705e-07,647.184,19472.2,5.74996e-07,732.547,24357.4,5.39112e-07,829.167,30420,5.07815e-09,938.526,37916.3,-4.11492e-07,1062.3,47143.9,-3.9561e-07,1202.4,58439.2,3.86185e-08,1360.96,72169.3,5.94093e-07,1540.42,88715.8,7.47693e-07,1743.53,108445,1.78537e-07,1973.41,131665,-4.12549e-07,2233.57,158557,-5.37164e-07,2528,189103,-1.17615e-07,2861.2,222986,5.66769e-07,3238.27,259510,9.45053e-07,3664.97,297540,4.25093e-07,4147.81,335497,-3.58506e-07,4694.17,371444,-6.7724e-07,5312.37,403256,1.67192e-07,1.61744,3.89446,9.84394,3.28846,7.5504,12.774,5.07607,11.7187,13.6844,7.03202,16.8147,13.9681,9.20215,23.1769,14.0566,11.6301,31.1672,14.0841,14.3598,41.2186,14.0927,17.4376,53.8688,14.0954,20.9137,69.7915,14.0962,24.8432,89.8341,14.0965,29.2879,115.063,14.0966,34.3168,146.819,14.0966,40.0078,186.792,14.0966,46.4487,237.107,14.0966,53.7388,300.44,14.0966,61.9903,380.158,14.0966,71.3301,480.499,14.0966,81.902,606.796,14.0966,93.8685,765.761,14.0966,107.414,965.837,14.0966,122.746,1217.65,14.0966,140.101,1534.57,14.0966,159.745,1933.41,14.0966,181.981,2435.3,14.0966,207.15,3066.85,14.0966,235.64,3861.46,14.0966,267.889,4861.11,14.0966,304.391,6118.54,14.0966,345.709,7699.91,14.0966,392.478,9688.22,14.0966,445.417,12187.5,14.0966,505.339,15327.7,14.0966,573.165,19271.6,14.0966,649.938,24222,14.0966,736.839,30430.9,14.0966,835.202,38211.5,14.0966,946.539,47950.3,14.0966,1072.56,60122.8,14.0966,1215.21,75309.9,14.0966,1376.66,94216.2,14.0966,1559.41,117688,14.0966,1766.26,146729,14.0966,2000.39,182510,14.0966,2265.39,226372,14.0966,2565.33,279806,14.0966,2904.81,344416,14.0966,3289.05,421845,14.0966,3723.93,513667,14.0966,4216.13,621231,14.0966,4773.18,745478,14.0966,5403.64,886744,14.0966,6117.15,1.04457e+06,14.0966,6924.63,1.2176e+06,14.0966,11.7194,11.96,12.6541,13.9321,16.1295,13.6434,16.6097,21.9702,13.9553,19.7532,29.5285,14.0526,23.3844,39.1143,14.0829,27.5423,51.2054,14.0923,32.2796,66.434,14.0953,37.662,85.6061,14.0962,43.7675,109.74,14.0965,50.687,140.119,14.0966,58.5249,178.359,14.0966,67.4005,226.493,14.0966,77.4493,287.08,14.0966,88.8254,363.343,14.0966,101.703,459.336,14.0966,116.281,580.161,14.0966,132.782,732.241,14.0966,151.46,923.655,14.0966,172.603,1164.57,14.0966,196.535,1467.79,14.0966,223.625,1849.39,14.0966,254.288,2329.62,14.0966,288.997,2933.93,14.0966,328.285,3694.33,14.0966,372.755,4651.04,14.0966,423.092,5854.57,14.0966,480.07,7368.38,14.0966,544.564,9272.08,14.0966,617.566,11665.5,14.0966,700.197,14673.6,14.0966,793.729,18452.9,14.0966,899.599,23198.6,14.0966,1019.43,29154.1,14.0966,1155.07,36622.3,14.0966,1308.6,45977.9,14.0966,1482.39,57683.7,14.0966,1679.09,72307.8,14.0966,1901.73,90542.8,14.0966,2153.73,113226,14.0966,2438.97,141360,14.0966,2761.81,176127,14.0966,3127.22,218898,14.0966,3540.81,271226,14.0966,4008.92,334817,14.0966,4538.74,411470,14.0966,5138.38,502973,14.0966,5817.04,610948,14.0966,6585.12,736653,14.0966,7454.39,880741,14.0966,8438.15,1.04302e+06,14.0966,9551.45,1.22224e+06,14.0966,10811.3,1.41602e+06,14.0966,12237,1.62086e+06,14.0966,11.7194,11.96,12.6541,2.21263,4.16949,0.989383,2.67766,5.84076,0.311842,3.14343,7.55825,0.0972771,3.63127,9.58578,0.0303237,4.15787,12.0912,0.00945211,4.73731,15.2286,0.00294633,5.38238,19.1721,0.000918508,6.10553,24.134,0.000286163,6.91951,30.3791,8.92692e-05,7.83792,38.2397,2.78121e-05,8.87555,48.1338,8.65134e-06,10.0489,60.5876,2.7882e-06,11.3761,76.2629,8.29036e-07,12.8779,95.9927,2.4373e-07,14.5775,120.825,4.33068e-09,16.5012,152.08,1.75749e-07,18.6784,191.415,-1.86328e-07,21.1428,240.917,1.91829e-07,23.9322,303.213,-1.81475e-07,27.0895,381.602,7.0186e-08,30.6634,480.231,-2.86769e-08,34.7087,604.316,2.40784e-07,39.2876,760.401,9.87368e-08,44.4705,956.705,1.22263e-07,50.3371,1203.54,-4.31966e-07,56.9776,1513.81,-1.9705e-07,64.494,1903.69,-2.763e-08,73.0018,2393.4,3.9185e-07,82.6317,3008.13,1.35379e-07,93.5318,3779.25,-4.16351e-08,105.869,4745.7,2.06965e-08,119.834,5955.6,-3.18887e-07,135.641,7468.12,-1.48271e-08,153.531,9355.62,2.00739e-07,173.781,11705.8,2.28358e-07,196.701,14624.1,-1.93587e-08,222.642,18235,-2.88101e-07,252.003,22683.4,-2.24732e-07,285.234,28134,8.56806e-09,322.845,34767,2.34258e-07,365.413,42770.9,2.99668e-07,413.588,52327.9,8.28644e-08,468.111,63591.2,-3.07049e-07,529.814,76653.2,-3.1888e-07,599.642,91502.5,-6.72276e-08,678.662,107975,2.26339e-07,768.083,125705,3.69212e-07,869.267,144088,2.04077e-07,983.76,162277,-2.80509e-07,1113.3,179223,-4.22737e-07,1259.87,193777,-1.71951e-07,1425.68,204839,4.55555e-07,11.7194,11.96,12.6541,2.21263,4.16949,0.989383,2.67766,5.84076,0.311842,3.14343,7.55825,0.0972771,3.63127,9.58578,0.0303237,4.15787,12.0912,0.00945211,4.73731,15.2286,0.00294633,5.38238,19.1721,0.000918508,6.10553,24.134,0.000286163,6.91951,30.3791,8.92692e-05,7.83792,38.2397,2.78121e-05,8.87555,48.1338,8.65134e-06,10.0489,60.5876,2.7882e-06,11.3761,76.2629,8.29036e-07,12.8779,95.9927,2.4373e-07,14.5775,120.825,1e-08,16.5012,152.08,1.75749e-07,18.6784,191.415,1e-08,21.1428,240.917,1.91829e-07,23.9322,303.213,1e-08,27.0895,381.602,7.0186e-08,30.6634,480.231,1e-08,34.7087,604.316,2.40784e-07,39.2876,760.401,9.87368e-08,44.4705,956.705,1.22263e-07,50.3371,1203.54,1e-08,56.9776,1513.81,1e-08,64.494,1903.69,1e-08,73.0018,2393.4,3.9185e-07,82.6317,3008.13,1.35379e-07,93.5318,3779.25,1e-08,105.869,4745.7,2.06965e-08,119.834,5955.6,1e-08,135.641,7468.12,1e-08,153.531,9355.62,2.00739e-07,173.781,11705.8,2.28358e-07,196.701,14624.1,1e-08,222.642,18235,1e-08,252.003,22683.4,1e-08,285.234,28134,1e-08,322.845,34767,2.34258e-07,365.413,42770.9,2.99668e-07,413.588,52327.9,8.28644e-08,468.111,63591.2,1e-08,529.814,76653.2,1e-08,599.642,91502.5,1e-08,678.662,107975,2.26339e-07,768.083,125705,3.69212e-07,869.267,144088,2.04077e-07,983.76,162277,1e-08,1113.3,179223,1e-08,1259.87,193777,1e-08,1425.68,204839,4.55555e-07,6.2823,3.27286,2.43537,0.219672,6.18826,2.24117,0.56371,6.87772,2.63624,0.308279,7,16,6,1,5,2,6,4,1,2,2,0,7,2,0,3,12,0,2,13,0,3,26,0,6,24,0,7,26,0,17,15,0,6,76,0,21,49,0,11,51,0,15,211,0,22,146,0,24,65,0,4,104,0,20,210,0,12,253,0,24,510,0,18,391,0,27,443,0,19,648,0,23,1052,0,54,846,0,31,1537,0,62,1983,0,72,3984,0,41,4211,0,87,3547,0,60,3272,0,173,5449,0,256,4454,0,328,13926,0,190,11626,0,162,13980,0,420,17430,0,174,39142,0,355,19393,0,285,50337,0,395,51448,0,287,27132,0,490,47315,0,501,80888,0,558,85621,0,625,60599,0,905,160885,0,327,164419,0,336,191178,0,1567,91736,0,1318,89597,0,1789,177315,0
-1.05176e+08,1,8.88811e-15,10,1023,0,1.05176e+08,0.528882,1.08665,0.389689,0.145397,0.379329,3.24381,0.161596,0.446195,1.77396,0.159177,1.15e+07,4.49998e+06,6.79999e+06,1.15e+07,4.49997e+06,6.79999e+06,1.15e+07,4.49996e+06,6.79999e+06,1.15e+07,4.49995e+06,6.79999e+06,1.14999e+07,4.49993e+06,6.79999e+06,1.14999e+07,4.49991e+06,6.79999e+06,1.14999e+07,4.49989e+06,6.79999e+06,1.14999e+07,4.49986e+06,6.79999e+06,1.14999e+07,4.49982e+06,6.79999e+06,1.14999e+07,4.49977e+06,6.79999e+06,1.14999e+07,4.49971e+06,6.79999e+06,1.14999e+07,4.49963e+06,6.79999e+06,1.14998e+07,4.49953e+06,6.79999e+06,1.14998e+07,4.49941e+06,6.79999e+06,1.14998e+07,4.49926e+06,6.79999e+06,1.14998e+07,4.49906e+06,6.79999e+06,1.14997e+07,4.49882e+06,6.79999e+06,1.14997e+07,4.49851e+06,6.79999e+06,1.14997e+07,4.49812e+06,6.79999e+06,1.14996e+07,4.49764e+06,6.79999e+06,1.14996e+07,4.49702e+06,6.79999e+06,1.14995e+07,4.49625e+06,6.79999e+06,1.14995e+07,4.49528e+06,6.79999e+06,1.14994e+07,4.49406e+06,6.79999e+06,1.14993e+07,4.49253e+06,6.79999e+06,1.14992e+07,4.49059e+06,6.79999e+06,1.14991e+07,4.48817e+06,6.79999e+06,1.1499e+07,4.48511e+06,6.79999e+06,1.14988e+07,4.48128e+06,6.79999e+06,1.14987e+07,4.47646e+06,6.79999e+06,1.14985e+07,4.47041e+06,6.79999e+06,1.14983e+07,4.46281e+06,6.79999e+06,1.14981e+07,4.4533e+06,6.79999e+06,1.14979e+07,4.44138e+06,6.79999e+06,1.14976e+07,4.42649e+06,6.79999e+06,1.14972e+07,4.40789e+06,6.79999e+06,1.14969e+07,4.38471e+06,6.79999e+06,1.14965e+07,4.35592e+06,6.79999e+06,1.1496e+07,4.32027e+06,6.79999e+06,1.14955e+07,4.27629e+06,6.79999e+06,1.14949e+07,4.22231e+06,6.79999e+06,1.14942e+07,4.15647e+06,6.79999e+06,1.14934e+07,4.07676e+06,6.79999e+06,1.14926e+07,3.98112e+06,6.79999e+06,1.14916e+07,3.86765e+06,6.79999e+06,1.14905e+07,3.73474e+06,6.79999e+06,1.14892e+07,3.58148e+06,6.79999e+06,1.14878e+07,3.40785e+06,6.79999e+06,1.14862e+07,3.21513e+06,6.79999e+06,1.14844e+07,3.00605e+06,6.79999e+06,1.14823e+07,2.7848e+06,6.79999e+06,1.148e+07,2.5568e+06,6.79999e+06,1.14773e+07,2.32825e+06,6.79999e+06,13.5742,8.52444,0.508366,16.8306,13.2585,0.162638,20.0035,17.569,0.0507846,23.2616,22.4214,0.0158319,26.7328,28.3297,0.00493498,30.5212,35.6974,0.00153831,34.7178,44.9473,0.000479527,39.4086,56.5822,0.000149456,44.6796,71.2245,4.66214e-05,50.6209,89.6543,1.45419e-05,57.3297,112.852,4.54748e-06,64.9129,142.051,1.43857e-06,73.4897,178.803,4.36618e-07,83.1934,225.062,1.40153e-07,94.1745,283.286,4.96378e-08,106.602,356.568,1.05434e-07,120.669,448.799,-6.49244e-08,136.59,564.873,1.70148e-07,154.611,710.948,-5.34594e-08,175.008,894.767,1.63407e-07,198.097,1126.06,8.04804e-08,224.231,1417.07,1.14667e-07,253.813,1783.15,-1.71227e-07,287.297,2243.62,-2.88466e-07,325.198,2822.67,-4.33651e-07,368.098,3550.67,7.9318e-08,416.657,4465.65,3.13319e-07,471.621,5615.16,3.4613e-07,533.835,7058.61,-1.19199e-07,604.255,8870.02,-2.79964e-07,683.962,11141.4,-2.30521e-07,774.182,13986.7,-2.55099e-07,876.299,17546.4,1.23585e-07,991.883,21993.1,1.41192e-07,1122.71,27536.7,-9.71886e-08,1270.78,34430.7,-3.68368e-07,1438.38,42977.7,-3.45379e-07,1628.07,53532.7,-3.25328e-09,1842.77,66504.6,2.6362e-07,2085.77,82350.2,2.53445e-07,2360.79,101560,-2.47407e-08,2672.05,124632,-3.80602e-07,3024.31,152018,-4.79005e-07,3422.98,184060,-1.14379e-07,3874.15,220884,2.64297e-07,4384.72,262283,3.44131e-07,4962.49,307576,7.5349e-08,5616.29,355497,-3.63097e-07,6356.1,404126,-6.05442e-07,7193.18,450932,-2.72333e-07,8140.28,492963,2.29675e-07,9211.79,527178,4.3387e-07,10424,550893,-1.0711e-07,10.102,8.06553,2.81012,10.6436,8.57909,0.869423,11.5336,10.2515,0.270869,12.7211,12.7138,0.0844293,14.1823,15.9373,0.0263173,15.9122,20.0383,0.0082035,17.9198,25.2154,0.00255722,20.2244,31.7373,0.000797017,22.8539,39.9486,0.000248622,25.8438,50.2851,7.75492e-05,29.237,63.2963,2.42508e-05,33.0837,79.6738,7.67162e-06,37.4415,100.288,2.32837e-06,42.3767,126.236,7.33e-07,47.9646,158.896,2.79256e-07,54.2906,200.003,9.87351e-09,61.452,251.741,1.61085e-07,69.5585,316.859,-2.47141e-07,78.7347,398.812,8.93552e-08,89.1218,501.948,-2.53231e-07,100.879,631.736,-1.25047e-07,114.188,795.049,-1.78808e-07,129.252,1000.53,2.6733e-07,146.304,1259.03,4.50292e-07,165.605,1584.19,6.76904e-07,187.452,1993.12,-1.23808e-07,212.181,2507.27,-4.89068e-07,240.173,3153.54,-5.40284e-07,271.856,3965.56,1.86061e-07,307.719,4985.38,4.37004e-07,348.313,6265.4,3.59828e-07,394.26,7870.83,3.98192e-07,446.268,9882.51,-1.92908e-07,505.135,12400.3,-2.20392e-07,571.766,15546.9,1.51705e-07,647.184,19472.2,5.74996e-07,732.547,24357.4,5.39112e-07,829.167,30420,5.07815e-09,938.526,37916.3,-4.11492e-07,1062.3,47143.9,-3.9561e-07,1202.4,58439.2,3.86185e-08,1360.96,72169.3,5.94093e-07,1540.42,88715.8,7.47693e-07,1743.53,108445,1.78537e-07,1973.41,131665,-4.12549e-07,2233.57,158557,-5.37164e-07,2528,189103,-1.17615e-07,2861.2,222986,5.66769e-07,3238.27,259510,9.45053e-07,3664.97,297540,4.25093e-07,4147.81,335497,-3.58506e-07,4694.17,371444,-6.7724e-07,5312.37,403256,1.67192e-07,1.61744,3.89446,9.84394,3.28846,7.5504,12.774,5.07607,11.7187,13.6844,7.03202,16.8147,13.9681,9.20215,23.1769,14.0566,11.6301,31.1672,14.0841,14.3598,41.2186,14.0927,17.4376,53.8688,14.0954,20.9137,69.7915,14.0962,24.8432,89.8341,14.0965,29.2879,115.063,14.0966,34.3168,146.819,14.0966,40.0078,186.792,14.0966,46.4487,237.107,14.0966,53.7388,300.44,14.0966,61.9903,380.158,14.0966,71.3301,480.499,14.0966,81.902,606.796,14.0966,93.8685,765.761,14.0966,107.414,965.837,14.0966,122.746,1217.65,14.0966,140.101,1534.57,14.0966,159.745,1933.41,14.0966,181.981,2435.3,14.0966,207.15,3066.85,14.0966,235.64,3861.46,14.0966,267.889,4861.11,14.0966,304.391,6118.54,14.0966,345.709,7699.91,14.0966,392.478,9688.22,14.0966,445.417,12187.5,14.0966,505.339,15327.7,14.0966,573.165,19271.6,14.0966,649.938,24222,14.0966,736.839,30430.9,14.0966,835.202,38211.5,14.0966,946.539,47950.3,14.0966,1072.56,60122.8,14.0966,1215.21,75309.9,14.0966,1376.66,94216.2,14.0966,1559.41,117688,14.0966,1766.26,146729,14.0966,2000.39,182510,14.0966,2265.39,226372,14.0966,2565.33,279806,14.0966,2904.81,344416,14.0966,3289.05,421845,14.0966,3723.93,513667,14.0966,4216.13,621231,14.0966,4773.18,745478,14.0966,5403.64,886744,14.0966,6117.15,1.04457e+06,14.0966,6924.63,1.2176e+06,14.0966,11.7194,11.96,12.6541,13.9321,16.1295,13.6434,16.6097,21.9702,13.9553,19.7532,29.5285,14.0526,23.3844,39.1143,14.0829,27.5423,51.2054,14.0923,32.2796,66.434,14.0953,37.662,85.6061,14.0962,43.7675,109.74,14.0965,50.687,140.119,14.0966,58.5249,178.359,14.0966,67.4005,226.493,14.0966,77.4493,287.08,14.0966,88.8254,363.343,14.0966,101.703,459.336,14.0966,116.281,580.161,14.0966,132.782,732.241,14.0966,151.46,923.655,14.0966,172.603,1164.57,14.0966,196.535,1467.79,14.0966,223.625,1849.39,14.0966,254.288,2329.62,14.0966,288.997,2933.93,14.0966,328.285,3694.33,14.0966,372.755,4651.04,14.0966,423.092,5854.57,14.0966,480.07,7368.38,14.0966,544.564,9272.08,14.0966,617.566,11665.5,14.0966,700.197,14673.6,14.0966,793.729,18452.9,14.0966,899.599,23198.6,14.0966,1019.43,29154.1,14.0966,1155.07,36622.3,14.0966,1308.6,45977.9,14.0966,1482.39,57683.7,14.0966,1679.09,72307.8,14.0966,1901.73,90542.8,14.0966,2153.73,113226,14.0966,2438.97,141360,14.0966,2761.81,176127,14.0966,3127.22,218898,14.0966,3540.81,271226,14.0966,4008.92,334817,14.0966,4538.74,411470,14.0966,5138.38,502973,14.0966,5817.04,610948,14.0966,6585.12,736653,14.0966,7454.39,880741,14.0966,8438.15,1.04302e+06,14.0966,9551.45,1.22224e+06,14.0966,10811.3,1.41602e+06,14.0966,12237,1.62086e+06,14.0966,11.7194,11.96,12.6541,2.21263,4.16949,0.989383,2.67766,5.84076,0.311842,3.14343,7.55825,0.0972771,3.63127,9.58578,0.0303237,4.15787,12.0912,0.00945211,4.73731,15.2286,0.00294633,5.38238,19.1721,0.000918508,6.10553,24.134,0.000286163,6.91951,30.3791,8.92692e-05,7.83792,38.2397,2.78121e-05,8.87555,48.1338,8.65134e-06,10.0489,60.5876,2.7882e-06,11.3761,76.2629,8.29036e-07,12.8779,95.9927,2.4373e-07,14.5775,120.825,4.33068e-09,16.5012,152.08,1.75749e-07,18.6784,191.415,-1.86328e-07,21.1428,240.917,1.91829e-07,23.9322,303.213,-1.81475e-07,27.0895,381.602,7.0186e-08,30.6634,480.231,-2.86769e-08,34.7087,604.316,2.40784e-07,39.2876,760.401,9.87368e-08,44.4705,956.705,1.22263e-07,50.3371,1203.54,-4.31966e-07,56.9776,1513.81,-1.9705e-07,64.494,1903.69,-2.763e-08,73.0018,2393.4,3.9185e-07,82.6317,3008.13,1.35379e-07,93.5318,3779.25,-4.16351e-08,105.869,4745.7,2.06965e-08,119.834,5955.6,-3.18887e-07,135.641,7468.12,-1.48271e-08,153.531,9355.62,2.00739e-07,173.781,11705.8,2.28358e-07,196.701,14624.1,-1.93587e-08,222.642,18235,-2.88101e-07,252.003,22683.4,-2.24732e-07,285.234,28134,8.56806e-09,322.845,34767,2.34258e-07,365.413,42770.9,2.99668e-07,413.588,52327.9,8.28644e-08,468.111,63591.2,-3.07049e-07,529.814,76653.2,-3.1888e-07,599.642,91502.5,-6.72276e-08,678.662,107975,2.26339e-07,768.083,125705,3.69212e-07,869.267,144088,2.04077e-07,983.76,162277,-2.80509e-07,1113.3,179223,-4.22737e-07,1259.87,193777,-1.71951e-07,1425.68,204839,4.55555e-07,11.7194,11.96,12.6541,2.21263,4.16949,0.989383,2.67766,5.84076,0.311842,3.14343,7.55825,0.0972771,3.63127,9.58578,0.0303237,4.15787,12.0912,0.00945211,4.73731,15.2286,0.00294633,5.38238,19.1721,0.000918508,6.10553,24.134,0.000286163,6.91951,30.3791,8.92692e-05,7.83792,38.2397,2.78121e-05,8.87555,48.1338,8.65134e-06,10.0489,60.5876,2.7882e-06,11.3761,76.2629,8.29036e-07,12.8779,95.9927,2.4373e-07,14.5775,120.825,1e-08,16.5012,152.08,1.75749e-07,18.6784,191.415,1e-08,21.1428,240.917,1.91829e-07,23.9322,303.213,1e-08,27.0895,381.602,7.0186e-08,30.6634,480.231,1e-08,34.7087,604.316,2.40784e-07,39.2876,760.401,9.87368e-08,44.4705,956.705,1.22263e-07,50.3371,1203.54,1e-08,56.9776,1513.81,1e-08,64.494,1903.69,1e-08,73.0018,2393.4,3.9185e-07,82.6317,3008.13,1.35379e-07,93.5318,3779.25,1e-08,105.869,4745.7,2.06965e-08,119.834,5955.6,1e-08,135.641,7468.12,1e-08,153.531,9355.62,2.00739e-07,173.781,11705.8,2.28358e-07,196.701,14624.1,1e-08,222.642,18235,1e-08,252.003,22683.4,1e-08,285.234,28134,1e-08,322.845,34767,2.34258e-07,365.413,42770.9,2.99668e-07,413.588,52327.9,8.28644e-08,468.111,63591.2,1e-08,529.814,76653.2,1e-08,599.642,91502.5,1e-08,678.662,107975,2.26339e-07,768.083,125705,3.69212e-07,869.267,144088,2.04077e-07,983.76,162277,1e-08,1113.3,179223,1e-08,1259.87,193777,1e-08,1425.68,204839,4.55555e-07,6.2823,3.27286,2.43537,0.219672,6.18826,2.24117,0.56371,6.87772,2.63624,0.308279,19,18,8,2,3,2,7,9,0,5,3,0,8,10,0,5,14,0,5,21,0,5,31,0,5,19,0,6,23,0,7,39,0,9,44,0,4,54,0,13,121,0,11,25,0,8,74,0,24,130,0,34,261,0,14,292,0,45,207,0,25,483,0,39,765,0,25,464,0,46,1099,0,39,1215,0,45,1203,0,70,1209,0,99,2061,0,155,1782,0,90,1126,0,171,4128,0,74,3197,0,177,2531,0,143,5218,0,157,12986,0,101,12738,0,191,23211,0,201,9476,0,86,28930,0,487,38155,0,437,25856,0,373,48945,0,362,50381,0,548,26632,0,691,61018,0,748,86349,0,1062,66998,0,771,114421,0,776,233458,0,939,122594,0,1459,182647,0,1108,107807,0,1061,143394,0
-1.05176e+08,1,8.88811e-15,10,1023,0,1.05176e+08,0.528882,1.08665,0.389689,0.145397,0.379329,3.24381,0.161596,0.446195,1.77396,0.159177,1.15e+07,4.49998e+06,6.79999e+06,1.15e+07,4.49997e+06,6.79999e+06,1.15e+07,4.49996e+06,6.79999e+06,1.15e+07,4.49995e+06,6.79999e+06,1.14999e+07,4.49993e+06,6.79999e+06,1.14999e+07,4.49991e+06,6.79999e+06,1.14999e+07,4.49989e+06,6.79999e+06,1.14999e+07,4.49986e+06,6.79999e+06,1.14999e+07,4.49982e+06,6.79999e+06,1.14999e+07,4.49977e+06,6.79999e+06,1.14999e+07,4.49971e+06,6.79999e+06,1.14999e+07,4.49963e+06,6.79999e+06,1.14998e+07,4.49953e+06,6.79999e+06,1.14998e+07,4.49941e+06,6.79999e+06,1.14998e+07,4.49926e+06,6.79999e+06,1.14998e+07,4.49906e+06,6.79999e+06,1.14997e+07,4.49882e+06,6.79999e+06,1.14997e+07,4.49851e+06,6.79999e+06,1.14997e+07,4.49812e+06,6.79999e+06,1.14996e+07,4.49764e+06,6.79999e+06,1.14996e+07,4.49702e+06,6.79999e+06,1.14995e+07,4.49625e+06,6.79999e+06,1.14995e+07,4.49528e+06,6.79999e+06,1.14994e+07,4.49406e+06,6.79999e+06,1.14993e+07,4.49253e+06,6.79999e+06,1.14992e+07,4.49059e+06,6.79999e+06,1.14991e+07,4.48817e+06,6.79999e+06,1.1499e+07,4.48511e+06,6.79999e+06,1.14988e+07,4.48128e+06,6.79999e+06,1.14987e+07,4.47646e+06,6.79999e+06,1.14985e+07,4.47041e+06,6.79999e+06,1.14983e+07,4.46281e+06,6.79999e+06,1.14981e+07,4.4533e+06,6.79999e+06,1.14979e+07,4.44138e+06,6.79999e+06,1.14976e+07,4.42649e+06,6.79999e+06,1.14972e+07,4.40789e+06,6.79999e+06,1.14969e+07,4.38471e+06,6.79999e+06,1.14965e+07,4.35592e+06,6.79999e+06,1.1496e+07,4.32027e+06,6.79999e+06,1.14955e+07,4.27629e+06,6.79999e+06,1.14949e+07,4.22231e+06,6.79999e+06,1.14942e+07,4.15647e+06,6.79999e+06,1.14934e+07,4.07676e+06,6.79999e+06,1.14926e+07,3.98112e+06,6.79999e+06,1.14916e+07,3.86765e+06,6.79999e+06,1.14905e+07,3.73474e+06,6.79999e+06,1.14892e+07,3.58148e+06,6.79999e+06,1.14878e+07,3.40785e+06,6.79999e+06,1.14862e+07,3.21513e+06,6.79999e+06,1.14844e+07,3.00605e+06,6.79999e+06,1.14823e+07,2.7848e+06,6.79999e+06,1.148e+07,2.5568e+06,6.79999e+06,1.14773e+07,2.32825e+06,6.79999e+06,13.5742,8.52444,0.508366,16.8306,13.2585,0.162638,20.0035,17.569,0.0507846,23.2616,22.4214,0.0158319,26.7328,28.3297,0.00493498,30.5212,35.6974,0.00153831,34.7178,44.9473,0.000479527,39.4086,56.5822,0.000149456,44.6796,71.2245,4.66214e-05,50.6209,89.6543,1.45419e-05,57.3297,112.852,4.54748e-06,64.9129,142.051,1.43857e-06,73.4897,178.803,4.36618e-07,83.1934,225.062,1.40153e-07,94.1745,283.286,4.96378e-08,106.602,356.568,1.05434e-07,120.669,448.799,-6.49244e-08,136.59,564.873,1.70148e-07,154.611,710.948,-5.34594e-08,175.008,894.767,1.63407e-07,198.097,1126.06,8.04804e-08,224.231,1417.07,1.14667e-07,253.813,1783.15,-1.71227e-07,287.297,2243.62,-2.88466e-07,325.198,2822.67,-4.33651e-07,368.098,3550.67,7.9318e-08,416.657,4465.65,3.13319e-07,471.621,5615.16,3.4613e-07,533.835,7058.61,-1.19199e-07,604.255,8870.02,-2.79964e-07,683.962,11141.4,-2.30521e-07,774.182,13986.7,-2.55099e-07,876.299,17546.4,1.23585e-07,991.883,21993.1,1.41192e-07,1122.71,27536.7,-9.71886e-08,1270.78,34430.7,-3.68368e-07,1438.38,42977.7,-3.45379e-07,1628.07,53532.7,-3.25328e-09,1842.77,66504.6,2.6362e-07,2085.77,82350.2,2.53445e-07,2360.79,101560,-2.47407e-08,2672.05,124632,-3.80602e-07,3024.31,152018,-4.79005e-07,3422.98,184060,-1.14379e-07,3874.15,220884,2.64297e-07,4384.72,262283,3.44131e-07,4962.49,307576,7.5349e-08,5616.29,355497,-3.63097e-07,6356.1,404126,-6.05442e-07,7193.18,450932,-2.72333e-07,8140.28,492963,2.29675e-07,9211.79,527178,4.3387e-07,10424,550893,-1.0711e-07,10.102,8.06553,2.81012,10.6436,8.57909,0.869423,11.5336,10.2515,0.270869,12.7211,12.7138,0.0844293,14.1823,15.9373,0.0263173,15.9122,20.0383,0.0082035,17.9198,25.2154,0.00255722,20.2244,31.7373,0.000797017,22.8539,39.9486,0.000248622,25.8438,50.2851,7.75492e-05,29.237,63.2963,2.42508e-05,33.0837,79.6738,7.67162e-06,37.4415,100.288,2.32837e-06,42.3767,126.236,7.33e-07,47.9646,158.896,2.79256e-07,54.2906,200.003,9.87351e-09,61.452,251.741,1.61085e-07,69.5585,316.859,-2.47141e-07,78.7347,398.812,8.93552e-08,89.1218,501.948,-2.53231e-07,100.879,631.736,-1.25047e-07,114.188,795.049,-1.78808e-07,129.252,1000.53,2.6733e-07,146.304,1259.03,4.50292e-07,165.605,1584.19,6.76904e-07,187.452,1993.12,-1.23808e-07,212.181,2507.27,-4.89068e-07,240.173,3153.54,-5.40284e-07,271.856,3965.56,1.86061e-07,307.719,4985.38,4.37004e-07,348.313,6265.4,3.59828e-07,394.26,7870.83,3.98192e-07,446.268,9882.51,-1.92908e-07,505.135,12400.3,-2.20392e-07,571.766,15546.9,1.51705e-07,647.184,19472.2,5.74996e-07,732.547,24357.4,5.39112e-07,829.167,30420,5.07815e-09,938.526,37916.3,-4.11492e-07,1062.3,47143.9,-3.9561e-07,1202.4,58439.2,3.86185e-08,1360.96,72169.3,5.94093e-07,1540.42,88715.8,7.47693e-07,1743.53,108445,1.78537e-07,1973.41,131665,-4.12549e-07,2233.57,158557,-5.37164e-07,2528,189103,-1.17615e-07,2861.2,222986,5.66769e-07,3238.27,259510,9.45053e-07,3664.97,297540,4.25093e-07,4147.81,335497,-3.58506e-07,4694.17,371444,-6.7724e-07,5312.37,403256,1.67192e-07,1.61744,3.89446,9.84394,3.28846,7.5504,12.774,5.07607,11.7187,13.6844,7.03202,16.8147,13.9681,9.20215,23.1769,14.0566,11.6301,31.1672,14.0841,14.3598,41.2186,14.0927,17.4376,53.8688,14.0954,20.9137,69.7915,14.0962,24.8432,89.8341,14.0965,29.2879,115.063,14.0966,34.3168,146.819,14.0966,40.0078,186.792,14.0966,46.4487,237.107,14.0966,53.7388,300.44,14.0966,61.9903,380.158,14.0966,71.3301,480.499,14.0966,81.902,606.796,14.0966,93.8685,765.761,14.0966,107.414,965.837,14.0966,122.746,1217.65,14.0966,140.101,1534.57,14.0966,159.745,1933.41,14.0966,181.981,2435.3,14.0966,207.15,3066.85,14.0966,235.64,3861.46,14.0966,267.889,4861.11,14.0966,304.391,6118.54,14.0966,345.709,7699.91,14.0966,392.478,9688.22,14.0966,445.417,12187.5,14.0966,505.339,15327.7,14.0966,573.165,19271.6,14.0966,649.938,24222,14.0966,736.839,30430.9,14.0966,835.202,38211.5,14.0966,946.539,47950.3,14.0966,1072.56,60122.8,14.0966,1215.21,75309.9,14.0966,1376.66,94216.2,14.0966,1559.41,117688,14.0966,1766.26,146729,14.0966,2000.39,182510,14.0966,2265.39,226372,14.0966,2565.33,279806,14.0966,2904.81,344416,14.0966,3289.05,421845,14.0966,3723.93,513667,14.0966,4216.13,621231,14.0966,4773.18,745478,14.0966,5403.64,886744,14.0966,6117.15,1.04457e+06,14.0966,6924.63,1.2176e+06,14.0966,11.7194,11.96,12.6541,13.9321,16.1295,13.6434,16.6097,21.9702,13.9553,19.7532,29.5285,14.0526,23.3844,39.1143,14.0829,27.5423,51.2054,14.0923,32.2796,66.434,14.0953,37.662,85.6061,14.0962,43.7675,109.74,14.0965,50.687,140.119,14.0966,58.5249,178.359,14.0966,67.4005,226.493,14.0966,77.4493,287.08,14.0966,88.8254,363.343,14.0966,101.703,459.336,14.0966,116.281,580.161,14.0966,132.782,732.241,14.0966,151.46,923.655,14.0966,172.603,1164.57,14.0966,196.535,1467.79,14.0966,223.625,1849.39,14.0966,254.288,2329.62,14.0966,288.997,2933.93,14.0966,328.285,3694.33,14.0966,372.755,4651.04,14.0966,423.092,5854.57,14.0966,480.07,7368.38,14.0966,544.564,9272.08,14.0966,617.566,11665.5,14.0966,700.197,14673.6,14.0966,793.729,18452.9,14.0966,899.599,23198.6,14.0966,1019.43,29154.1,14.0966,1155.07,36622.3,14.0966,1308.6,45977.9,14.0966,1482.39,57683.7,14.0966,1679.09,72307.8,14.0966,1901.73,90542.8,14.0966,2153.73,113226,14.0966,2438.97,141360,14.0966,2761.81,176127,14.0966,3127.22,218898,14.0966,3540.81,271226,14.0966,4008.92,334817,14.0966,4538.74,411470,14.0966,5138.38,502973,14.0966,5817.04,610948,14.0966,6585.12,736653,14.0966,7454.39,880741,14.0966,8438.15,1.04302e+06,14.0966,9551.45,1.22224e+06,14.0966,10811.3,1.41602e+06,14.0966,12237,1.62086e+06,14.0966,11.7194,11.96,12.6541,2.21263,4.16949,0.989383,2.67766,5.84076,0.311842,3.14343,7.55825,0.0972771,3.63127,9.58578,0.0303237,4.15787,12.0912,0.00945211,4.73731,15.2286,0.00294633,5.38238,19.1721,0.000918508,6.10553,24.134,0.000286163,6.91951,30.3791,8.92692e-05,7.83792,38.2397,2.78121e-05,8.87555,48.1338,8.65134e-06,10.0489,60.5876,2.7882e-06,11.3761,76.2629,8.29036e-07,12.8779,95.9927,2.4373e-07,14.5775,120.825,4.33068e-09,16.5012,152.08,1.75749e-07,18.6784,191.415,-1.86328e-07,21.1428,240.917,1.91829e-07,23.9322,303.213,-1.81475e-07,27.0895,381.602,7.0186e-08,30.6634,480.231,-2.86769e-08,34.7087,604.316,2.40784e-07,39.2876,760.401,9.87368e-08,44.4705,956.705,1.22263e-07,50.3371,1203.54,-4.31966e-07,56.9776,1513.81,-1.9705e-07,64.494,1903.69,-2.763e-08,73.0018,2393.4,3.9185e-07,82.6317,3008.13,1.35379e-07,93.5318,3779.25,-4.16351e-08,105.869,4745.7,2.06965e-08,119.834,5955.6,-3.18887e-07,135.641,7468.12,-1.48271e-08,153.531,9355.62,2.00739e-07,173.781,11705.8,2.28358e-07,196.701,14624.1,-1.93587e-08,222.642,18235,-2.88101e-07,252.003,22683.4,-2.24732e-07,285.234,28134,8.56806e-09,322.845,34767,2.34258e-07,365.413,42770.9,2.99668e-07,413.588,52327.9,8.28644e-08,468.111,63591.2,-3.07049e-07,529.814,76653.2,-3.1888e-07,599.642,91502.5,-6.72276e-08,678.662,107975,2.26339e-07,768.083,125705,3.69212e-07,869.267,144088,2.04077e-07,983.76,162277,-2.80509e-07,1113.3,179223,-4.22737e-07,1259.87,193777,-1.71951e-07,1425.68,204839,4.55555e-07,11.7194,11.96,12.6541,2.21263,4.16949,0.989383,2.67766,5.84076,0.311842,3.14343,7.55825,0.0972771,3.63127,9.58578,0.0303237,4.15787,12.0912,0.00945211,4.73731,15.2286,0.00294633,5.38238,19.1721,0.000918508,6.10553,24.134,0.000286163,6.91951,30.3791,8.92692e-05,7.83792,38.2397,2.78121e-05,8.87555,48.1338,8.65134e-06,10.0489,60.5876,2.7882e-06,11.3761,76.2629,8.29036e-07,12.8779,95.9927,2.4373e-07,14.5775,120.825,1e-08,16.5012,152.08,1.75749e-07,18.6784,191.415,1e-08,21.1428,240.917,1.91829e-07,23.9322,303.213,1e-08,27.0895,381.602,7.0186e-08,30.6634,480.231,1e-08,34.7087,604.316,2.40784e-07,39.2876,760.401,9.87368e-08,44.4705,956.705,1.22263e-07,50.3371,1203.54,1e-08,56.9776,1513.81,1e-08,64.494,1903.69,1e-08,73.0018,2393.4,3.9185e-07,82.6317,3008.13,1.35379e-07,93.5318,3779.25,1e-08,105.869,4745.7,2.06965e-08,119.834,5955.6,1e-08,135.641,7468.12,1e-08,153.531,9355.62,2.00739e-07,173.781,11705.8,2.28358e-07,196.701,14624.1,1e-08,222.642,18235,1e-08,252.003,22683.4,1e-08,285.234,28134,1e-08,322.845,34767,2.34258e-07,365.413,42770.9,2.99668e-07,413.588,52327.9,8.28644e-08,468.111,63591.2,1e-08,529.814,76653.2,1e-08,599.642,91502.5,1e-08,678.662,107975,2.26339e-07,768.083,125705,3.69212e-07,869.267,144088,2.04077e-07,983.76,162277,1e-08,1113.3,179223,1e-08,1259.87,193777,1e-08,1425.68,204839,4.55555e-07,6.2823,3.27286,2.43537,0.219672,6.18826,2.24117,0.56371,6.87772,2.63624,0.308279,9,12,7,2,1,2,3,7,2,3,3,0,2,3,0,5,4,0,6,17,0,8,27,0,1,15,0,2,36,0,9,55,0,6,48,0,13,56,0,13,67,0,9,174,0,15,140,0,16,258,0,11,62,0,15,256,0,26,218,0,22,300,0,43,414,0,22,833,0,50,756,0,70,1509,0,78,1080,0,67,1433,0,77,1810,0,71,1384,0,108,2340,0,120,5790,0,88,7285,0,80,5223,0,218,7805,0,98,6874,0,85,18152,0,135,19423,0,461,25303,0,116,11519,0,289,18485,0,229,32582,0,624,30558,0,299,63713,0,182,57543,0,482,61671,0,185,37861,0,650,139806,0,560,68041,0,1518,220816,0,525,91436,0,1024,132249,0,1316,151190,0,1699,97099,0
-1.05176e+08,1,8.88811e-15,10,1023,0,1.05176e+08,0.528882,1.08665,0.389689,0.145397,0.379329,3.24381,0.161596,0.446195,1.77396,0.159177,1.15e+07,4.49998e+06,6.79999e+06,1.15e+07,4.49997e+06,6.79999e+06,1.15e+07,4.49996e+06,6.79999e+06,1.15e+07,4.49995e+06,6.79999e+06,1.14999e+07,4.49993e+06,6.79999e+06,1.14999e+07,4.49991e+06,6.79999e+06,1.14999e+07,4.49989e+06,6.79999e+06,1.14999e+07,4.49986e+06,6.79999e+06,1.14999e+07,4.49982e+06,6.79999e+06,1.14999e+07,4.49977e+06,6.79999e+06,1.14999e+07,4.49971e+06,6.79999e+06,1.14999e+07,4.49963e+06,6.79999e+06,1.14998e+07,4.49953e+06,6.79999e+06,1.14998e+07,4.49941e+06,6.79999e+06,1.14998e+07,4.49926e+06,6.79999e+06,1.14998e+07,4.49906e+06,6.79999e+06,1.14997e+07,4.49882e+06,6.79999e+06,1.14997e+07,4.49851e+06,6.79999e+06,1.14997e+07,4.49812e+06,6.79999e+06,1.14996e+07,4.49764e+06,6.79999e+06,1.14996e+07,4.49702e+06,6.79999e+06,1.14995e+07,4.49625e+06,6.79999e+06,1.14995e+07,4.49528e+06,6.79999e+06,1.14994e+07,4.49406e+06,6.79999e+06,1.14993e+07,4.49253e+06,6.79999e+06,1.14992e+07,4.49059e+06,6.79999e+06,1.14991e+07,4.48817e+06,6.79999e+06,1.1499e+07,4.48511e+06,6.79999e+06,1.14988e+07,4.48128e+06,6.79999e+06,1.14987e+07,4.47646e+06,6.79999e+06,1.14985e+07,4.47041e+06,6.79999e+06,1.14983e+07,4.46281e+06,6.79999e+06,1.14981e+07,4.4533e+06,6.79999e+06,1.14979e+07,4.44138e+06,6.79999e+06,1.14976e+07,4.42649e+06,6.79999e+06,1.14972e+07,4.40789e+06,6.79999e+06,1.14969e+07,4.38471e+06,6.79999e+06,1.14965e+07,4.35592e+06,6.79999e+06,1.1496e+07,4.32027e+06,6.79999e+06,1.14955e+07,4.27629e+06,6.79999e+06,1.14949e+07,4.22231e+06,6.79999e+06,1.14942e+07,4.15647e+06,6.79999e+06,1.14934e+07,4.07676e+06,6.79999e+06,1.14926e+07,3.98112e+06,6.79999e+06,1.14916e+07,3.86765e+06,6.79999e+06,1.14905e+07,3.73474e+06,6.79999e+06,1.14892e+07,3.58148e+06,6.79999e+06,1.14878e+07,3.40785e+06,6.79999e+06,1.14862e+07,3.21513e+06,6.79999e+06,1.14844e+07,3.00605e+06,6.79999e+06,1.14823e+07,2.7848e+06,6.79999e+06,1.148e+07,2.5568e+06,6.79999e+06,1.14773e+07,2.32825e+06,6.79999e+06,13.5742,8.52444,0.508366,16.8306,13.2585,0.162638,20.0035,17.569,0.0507846,23.2616,22.4214,0.0158319,26.7328,28.3297,0.00493498,30.5212,35.6974,0.00153831,34.7178,44.9473,0.000479527,39.4086,56.5822,0.000149456,44.6796,71.2245,4.66214e-05,50.6209,89.6543,1.45419e-05,57.3297,112.852,4.54748e-06,64.9129,142.051,1.43857e-06,73.4897,178.803,4.36618e-07,83.1934,225.062,1.40153e-07,94.1745,283.286,4.96378e-08,106.602,356.568,1.05434e-07,120.669,448.799,-6.49244e-08,136.59,564.873,1.70148e-07,154.611,710.948,-5.34594e-08,175.008,894.767,1.63407e-07,198.097,1126.06,8.04804e-08,224.231,1417.07,1.14667e-07,253.813,1783.15,-1.71227e-07,287.297,2243.62,-2.88466e-07,325.198,2822.67,-4.33651e-07,368.098,3550.67,7.9318e-08,416.657,4465.65,3.13319e-07,471.621,5615.16,3.4613e-07,533.835,7058.61,-1.19199e-07,604.255,8870.02,-2.79964e-07,683.962,11141.4,-2.30521e-07,774.182,13986.7,-2.55099e-07,876.299,17546.4,1.23585e-07,991.883,21993.1,1.41192e-07,1122.71,27536.7,-9.71886e-08,1270.78,34430.7,-3.68368e-07,1438.38,42977.7,-3.45379e-07,1628.07,53532.7,-3.25328e-09,1842.77,66504.6,2.6362e-07,2085.77,82350.2,2.53445e-07,2360.79,101560,-2.47407e-08,2672.05,124632,-3.80602e-07,3024.31,152018,-4.79005e-07,3422.98,184060,-1.14379e-07,3874.15,220884,2.64297e-07,4384.72,262283,3.44131e-07,4962.49,307576,7.5349e-08,5616.29,355497,-3.63097e-07,6356.1,404126,-6.05442e-07,7193.18,450932,-2.72333e-07,8140.28,492963,2.29675e-07,9211.79,527178,4.3387e-07,10424,550893,-1.0711e-07,10.102,8.06553,2.81012,10.6436,8.57909,0.869423,11.5336,10.2515,0.270869,12.7211,12.7138,0.0844293,14.1823,15.9373,0.0263173,15.9122,20.0383,0.0082035,17.9198,25.2154,0.00255722,20.2244,31.7373,0.000797017,22.8539,39.9486,0.000248622,25.8438,50.2851,7.75492e-05,29.237,63.2963,2.42508e-05,33.0837,79.6738,7.67162e-06,37.4415,100.288,2.32837e-06,42.3767,126.236,7.33e-07,47.9646,158.896,2.79256e-07,54.2906,200.003,9.87351e-09,61.452,251.741,1.61085e-07,69.5585,316.859,-2.47141e-07,78.7347,398.812,8.93552e-08,89.1218,501.948,-2.53231e-07,100.879,631.736,-1.25047e-07,114.188,795.049,-1.78808e-07,129.252,1000.53,2.6733e-07,146.304,1259.03,4.50292e-07,165.605,1584.19,6.76904e-07,187.452,1993.12,-1.23808e-07,212.181,2507.27,-4.89068e-07,240.173,3153.54,-5.40284e-07,271.856,3965.56,1.86061e-07,307.719,4985.38,4.37004e-07,348.313,6265.4,3.59828e-07,394.26,7870.83,3.98192e-07,446.268,9882.51,-1.92908e-07,505.135,12400.3,-2.20392e-07,571.766,15546.9,1.51705e-07,647.184,19472.2,5.74996e-07,732.547,24357.4,5.39112e-07,829.167,30420,5.07815e-09,938.526,37916.3,-4.11492e-07,1062.3,47143.9,-3.9561e-07,1202.4,58439.2,3.86185e-08,1360.96,72169.3,5.94093e-07,1540.42,88715.8,7.47693e-07,1743.53,108445,1.78537e-07,1973.41,131665,-4.12549e-07,2233.57,158557,-5.37164e-07,2528,189103,-1.17615e-07,2861.2,222986,5.66769e-07,3238.27,259510,9.45053e-07,3664.97,297540,4.25093e-07,4147.81,335497,-3.58506e-07,4694.17,371444,-6.7724e-07,5312.37,403256,1.67192e-07,1.61744,3.89446,9.84394,3.28846,7.5504,12.774,5.07607,11.7187,13.6844,7.03202,16.8147,13.9681,9.20215,23.1769,14.0566,11.6301,31.1672,14.0841,14.3598,41.2186,14.0927,17.4376,53.8688,14.0954,20.9137,69.7915,14.0962,24.8432,89.8341,14.0965,29.2879,115.063,14.0966,34.3168,146.819,14.0966,40.0078,186.792,14.0966,46.4487,237.107,14.0966,53.7388,300.44,14.0966,61.9903,380.158,14.0966,71.3301,480.499,14.0966,81.902,606.796,14.0966,93.8685,765.761,14.0966,107.414,965.837,14.0966,122.746,1217.65,14.0966,140.101,1534.57,14.0966,159.745,1933.41,14.0966,181.981,2435.3,14.0966,207.15,3066.85,14.0966,235.64,3861.46,14.0966,267.889,4861.11,14.0966,304.391,6118.54,14.0966,345.709,7699.91,14.0966,392.478,9688.22,14.0966,445.417,12187.5,14.0966,505.339,15327.7,14.0966,573.165,19271.6,14.0966,649.938,24222,14.0966,736.839,30430.9,14.0966,835.202,38211.5,14.0966,946.539,47950.3,14.0966,1072.56,60122.8,14.0966,1215.21,75309.9,14.0966,1376.66,94216.2,14.0966,1559.41,117688,14.0966,1766.26,146729,14.0966,2000.39,182510,14.0966,2265.39,226372,14.0966,2565.33,279806,14.0966,2904.81,344416,14.0966,3289.05,421845,14.0966,3723.93,513667,14.0966,4216.13,621231,14.0966,4773.18,745478,14.0966,5403.64,886744,14.0966,6117.15,1.04457e+06,14.0966,6924.63,1.2176e+06,14.0966,11.7194,11.96,12.6541,13.9321,16.1295,13.6434,16.6097,21.9702,13.9553,19.7532,29.5285,14.0526,23.3844,39.1143,14.0829,27.5423,51.2054,14.0923,32.2796,66.434,14.0953,37.662,85.6061,14.0962,43.7675,109.74,14.0965,50.687,140.119,14.0966,58.5249,178.359,14.0966,67.4005,226.493,14.0966,77.4493,287.08,14.0966,88.8254,363.343,14.0966,101.703,459.336,14.0966,116.281,580.161,14.0966,132.782,732.241,14.0966,151.46,923.655,14.0966,172.603,1164.57,14.0966,196.535,1467.79,14.0966,223.625,1849.39,14.0966,254.288,2329.62,14.0966,288.997,2933.93,14.0966,328.285,3694.33,14.0966,372.755,4651.04,14.0966,423.092,5854.57,14.0966,480.07,7368.38,14.0966,544.564,9272.08,14.0966,617.566,11665.5,14.0966,700.197,14673.6,14.0966,793.729,18452.9,14.0966,899.599,23198.6,14.0966,1019.43,29154.1,14.0966,1155.07,36622.3,14.0966,1308.6,45977.9,14.0966,1482.39,57683.7,14.0966,1679.09,72307.8,14.0966,1901.73,90542.8,14.0966,2153.73,113226,14.0966,2438.97,141360,14.0966,2761.81,176127,14.0966,3127.22,218898,14.0966,3540.81,271226,14.0966,4008.92,334817,14.0966,4538.74,411470,14.0966,5138.38,502973,14.0966,5817.04,610948,14.0966,6585.12,736653,14.0966,7454.39,880741,14.0966,8438.15,1.04302e+06,14.0966,9551.45,1.22224e+06,14.0966,10811.3,1.41602e+06,14.0966,12237,1.62086e+06,14.0966,11.7194,11.96,12.6541,2.21263,4.16949,0.989383,2.67766,5.84076,0.311842,3.14343,7.55825,0.0972771,3.63127,9.58578,0.0303237,4.15787,12.0912,0.00945211,4.73731,15.2286,0.00294633,5.38238,19.1721,0.000918508,6.10553,24.134,0.000286163,6.91951,30.3791,8.92692e-05,7.83792,38.2397,2.78121e-05,8.87555,48.1338,8.65134e-06,10.0489,60.5876,2.7882e-06,11.3761,76.2629,8.29036e-07,12.8779,95.9927,2.4373e-07,14.5775,120.825,4.33068e-09,16.5012,152.08,1.75749e-07,18.6784,191.415,-1.86328e-07,21.1428,240.917,1.91829e-07,23.9322,303.213,-1.81475e-07,27.0895,381.602,7.0186e-08,30.6634,480.231,-2.86769e-08,34.7087,604.316,2.40784e-07,39.2876,760.401,9.87368e-08,44.4705,956.705,1.22263e-07,50.3371,1203.54,-4.31966e-07,56.9776,1513.81,-1.9705e-07,64.494,1903.69,-2.763e-08,73.0018,2393.4,3.9185e-07,82.6317,3008.13,1.35379e-07,93.5318,3779.25,-4.16351e-08,105.869,4745.7,2.06965e-08,119.834,5955.6,-3.18887e-07,135.641,7468.12,-1.48271e-08,153.531,9355.62,2.00739e-07,173.781,11705.8,2.28358e-07,196.701,14624.1,-1.93587e-08,222.642,18235,-2.88101e-07,252.003,22683.4,-2.24732e-07,285.234,28134,8.56806e-09,322.845,34767,2.34258e-07,365.413,42770.9,2.99668e-07,413.588,52327.9,8.28644e-08,468.111,63591.2,-3.07049e-07,529.814,76653.2,-3.1888e-07,599.642,91502.5,-6.72276e-08,678.662,107975,2.26339e-07,768.083,125705,3.69212e-07,869.267,144088,2.04077e-07,983.76,162277,-2.80509e-07,1113.3,179223,-4.22737e-07,1259.87,193777,-1.71951e-07,1425.68,204839,4.55555e-07,11.7194,11.96,12.6541,2.21263,4.16949,0.989383,2.67766,5.84076,0.311842,3.14343,7.55825,0.0972771,3.63127,9.58578,0.0303237,4.15787,12.0912,0.00945211,4.73731,15.2286,0.00294633,5.38238,19.1721,0.000918508,6.10553,24.134,0.000286163,6.91951,30.3791,8.92692e-05,7.83792,38.2397,2.78121e-05,8.87555,48.1338,8.65134e-06,10.0489,60.5876,2.7882e-06,11.3761,76.2629,8.29036e-07,12.8779,95.9927,2.4373e-07,14.5775,120.825,1e-08,16.5012,152.08,1.75749e-07,18.6784,191.415,1e-08,21.1428,240.917,1.91829e-07,23.9322,303.213,1e-08,27.0895,381.602,7.0186e-08,30.6634,480.231,1e-08,34.7087,604.316,2.40784e-07,39.2876,760.401,9.87368e-08,44.4705,956.705,1.22263e-07,50.3371,1203.54,1e-08,56.9776,1513.81,1e-08,64.494,1903.69,1e-08,73.0018,2393.4,3.9185e-07,82.6317,3008.13,1.35379e-07,93.5318,3779.25,1e-08,105.869,4745.7,2.06965e-08,119.834,5955.6,1e-08,135.641,7468.12,1e-08,153.531,9355.62,2.00739e-07,173.781,11705.8,2.28358e-07,196.701,14624.1,1e-08,222.642,18235,1e-08,252.003,22683.4,1e-08,285.234,28134,1e-08,322.845,34767,2.34258e-07,365.413,42770.9,2.99668e-07,413.588,52327.9,8.28644e-08,468.111,63591.2,1e-08,529.814,76653.2,1e-08,599.642,91502.5,1e-08,678.662,107975,2.26339e-07,768.083,125705,3.69212e-07,869.267,144088,2.04077e-07,983.76,162277,1e-08,1113.3,179223,1e-08,1259.87,193777,1e-08,1425.68,204839,4.55555e-07,6.2823,3.27286,2.43537,0.219672,6.18826,2.24117,0.56371,6.87772,2.63624,0.308279,15,8,22,0,3,1,2,2,0,3,5,1,5,26,0,5,15,0,0,9,0,2,26,0,7,10,0,9,18,0,15,23,0,4,14,0,7,84,0,12,57,0,9,96,0,6,112,0,20,169,0,22,149,0,15,163,0,27,580,0,22,327,0,23,460,0,40,897,0,60,926,0,47,756,0,24,1069,0,97,2697,0,35,1371,0,39,5033,0,73,2993,0,103,2115,0,55,4173,0,162,4464,0,80,6981,0,220,10719,0,237,15068,0,153,9554,0,91,14190,0,369,19413,0,335,33662,0,191,20010,0,460,51925,0,301,38945,0,575,92953,0,585,85916,0,418,109161,0,819,174919,0,700,158301,0,627,257074,0,613,356189,0,858,266026,0,1335,248784,0,1608,180485,0
-1.05176e+08,1,8.88811e-15,10,1023,0,1.05176e+08,0.528882,1.08665,0.389689,0.145397,0.379329,3.24381,0.161596,0.446195,1.77396,0.159177,1.15e+07,4.49998e+06,6.79999e+06,1.15e+07,4.49997e+06,6.79999e+06,1.15e+07,4.49996e+06,6.79999e+06,1.15e+07,4.49995e+06,6.79999e+06,1.14999e+07,4.49993e+06,6.79999e+06,1.14999e+07,4.49991e+06,6.79999e+06,1.14999e+07,4.49989e+06,6.79999e+06,1.14999e+07,4.49986e+06,6.79999e+06,1.14999e+07,4.49982e+06,6.79999e+06,1.14999e+07,4.49977e+06,6.79999e+06,1.14999e+07,4.49971e+06,6.79999e+06,1.14999e+07,4.49963e+06,6.79999e+06,1.14998e+07,4.49953e+06,6.79999e+06,1.14998e+07,4.49941e+06,6.79999e+06,1.14998e+07,4.49926e+06,6.79999e+06,1.14998e+07,4.49906e+06,6.79999e+06,1.14997e+07,4.49882e+06,6.79999e+06,1.14997e+07,4.49851e+06,6.79999e+06,1.14997e+07,4.49812e+06,6.79999e+06,1.14996e+07,4.49764e+06,6.79999e+06,1.14996e+07,4.49702e+06,6.79999e+06,1.14995e+07,4.49625e+06,6.79999e+06,1.14995e+07,4.49528e+06,6.79999e+06,1.14994e+07,4.49406e+06,6.79999e+06,1.14993e+07,4.49253e+06,6.79999e+06,1.14992e+07,4.49059e+06,6.79999e+06,1.14991e+07,4.48817e+06,6.79999e+06,1.1499e+07,4.48511e+06,6.79999e+06,1.14988e+07,4.48128e+06,6.79999e+06,1.14987e+07,4.47646e+06,6.79999e+06,1.14985e+07,4.47041e+06,6.79999e+06,1.14983e+07,4.46281e+06,6.79999e+06,1.14981e+07,4.4533e+06,6.79999e+06,1.14979e+07,4.44138e+06,6.79999e+06,1.14976e+07,4.42649e+06,6.79999e+06,1.14972e+07,4.40789e+06,6.79999e+06,1.14969e+07,4.38471e+06,6.79999e+06,1.14965e+07,4.35592e+06,6.79999e+06,1.1496e+07,4.32027e+06,6.79999e+06,1.14955e+07,4.27629e+06,6.79999e+06,1.14949e+07,4.22231e+06,6.79999e+06,1.14942e+07,4.15647e+06,6.79999e+06,1.14934e+07,4.07676e+06,6.79999e+06,1.14926e+07,3.98112e+06,6.79999e+06,1.14916e+07,3.86765e+06,6.79999e+06,1.14905e+07,3.73474e+06,6.79999e+06,1.14892e+07,3.58148e+06,6.79999e+06,1.14878e+07,3.40785e+06,6.79999e+06,1.14862e+07,3.21513e+06,6.79999e+06,1.14844e+07,3.00605e+06,6.79999e+06,1.14823e+07,2.7848e+06,6.79999e+06,1.148e+07,2.5568e+06,6.79999e+06,1.14773e+07,2.32825e+06,6.79999e+06,13.5742,8.52444,0.508366,16.8306,13.2585,0.162638,20.0035,17.569,0.0507846,23.2616,22.4214,0.0158319,26.7328,28.3297,0.00493498,30.5212,35.6974,0.00153831,34.7178,44.9473,0.000479527,39.4086,56.5822,0.000149456,44.6796,71.2245,4.66214e-05,50.6209,89.6543,1.45419e-05,57.3297,112.852,4.54748e-06,64.9129,142.051,1.43857e-06,73.4897,178.803,4.36618e-07,83.1934,225.062,1.40153e-07,94.1745,283.286,4.96378e-08,106.602,356.568,1.05434e-07,120.669,448.799,-6.49244e-08,136.59,564.873,1.70148e-07,154.611,710.948,-5.34594e-08,175.008,894.767,1.63407e-07,198.097,1126.06,8.04804e-08,224.231,1417.07,1.14667e-07,253.813,1783.15,-1.71227e-07,287.297,2243.62,-2.88466e-07,325.198,2822.67,-4.33651e-07,368.098,3550.67,7.9318e-08,416.657,4465.65,3.13319e-07,471.621,5615.16,3.4613e-07,533.835,7058.61,-1.19199e-07,604.255,8870.02,-2.79964e-07,683.962,11141.4,-2.30521e-07,774.182,13986.7,-2.55099e-07,876.299,17546.4,1.23585e-07,991.883,21993.1,1.41192e-07,1122.71,27536.7,-9.71886e-08,1270.78,34430.7,-3.68368e-07,1438.38,42977.7,-3.45379e-07,1628.07,53532.7,-3.25328e-09,1842.77,66504.6,2.6362e-07,2085.77,82350.2,2.53445e-07,2360.79,101560,-2.47407e-08,2672.05,124632,-3.80602e-07,3024.31,152018,-4.79005e-07,3422.98,184060,-1.14379e-07,3874.15,220884,2.64297e-07,4384.72,262283,3.44131e-07,4962.49,307576,7.5349e-08,5616.29,355497,-3.63097e-07,6356.1,404126,-6.05442e-07,7193.18,450932,-2.72333e-07,8140.28,492963,2.29675e-07,9211.79,527178,4.3387e-07,10424,550893,-1.0711e-07,10.102,8.06553,2.81012,10.6436,8.57909,0.869423,11.5336,10.2515,0.270869,12.7211,12.7138,0.0844293,14.1823,15.9373,0.0263173,15.9122,20.0383,0.0082035,17.9198,25.2154,0.00255722,20.2244,31.7373,0.000797017,22.8539,39.9486,0.000248622,25.8438,50.2851,7.75492e-05,29.237,63.2963,2.42508e-05,33.0837,79.6738,7.67162e-06,37.4415,100.288,2.32837e-06,42.3767,126.236,7.33e-07,47.9646,158.896,2.79256e-07,54.2906,200.003,9.87351e-09,61.452,251.741,1.61085e-07,69.5585,316.859,-2.47141e-07,78.7347,398.812,8.93552e-08,89.1218,501.948,-2.53231e-07,100.879,631.736,-1.25047e-07,114.188,795.049,-1.78808e-07,129.252,1000.53,2.6733e-07,146.304,1259.03,4.50292e-07,165.605,1584.19,6.76904e-07,187.452,1993.12,-1.23808e-07,212.181,2507.27,-4.89068e-07,240.173,3153.54,-5.40284e-07,271.856,3965.56,1.86061e-07,307.719,4985.38,4.37004e-07,348.313,6265.4,3.59828e-07,394.26,7870.83,3.98192e-07,446.268,9882.51,-1.92908e-07,505.135,12400.3,-2.20392e-07,571.766,15546.9,1.51705e-07,647.184,19472.2,5.74996e-07,732.547,24357.4,5.39112e-07,829.167,30420,5.07815e-09,938.526,37916.3,-4.11492e-07,1062.3,47143.9,-3.9561e-07,1202.4,58439.2,3.86185e-08,1360.96,72169.3,5.94093e-07,1540.42,88715.8,7.47693e-07,1743.53,108445,1.78537e-07,1973.41,131665,-4.12549e-07,2233.57,158557,-5.37164e-07,2528,189103,-1.17615e-07,2861.2,222986,5.66769e-07,3238.27,259510,9.45053e-07,3664.97,297540,4.25093e-07,4147.81,335497,-3.58506e-07,4694.17,371444,-6.7724e-07,5312.37,403256,1.67192e-07,1.61744,3.89446,9.84394,3.28846,7.5504,12.774,5.07607,11.7187,13.6844,7.03202,16.8147,13.9681,9.20215,23.1769,14.0566,11.6301,31.1672,14.0841,14.3598,41.2186,14.0927,17.4376,53.8688,14.0954,20.9137,69.7915,14.0962,24.8432,89.8341,14.0965,29.2879,115.063,14.0966,34.3168,146.819,14.0966,40.0078,186.792,14.0966,46.4487,237.107,14.0966,53.7388,300.44,14.0966,61.9903,380.158,14.0966,71.3301,480.499,14.0966,81.902,606.796,14.0966,93.8685,765.761,14.0966,107.414,965.837,14.0966,122.746,1217.65,14.0966,140.101,1534.57,14.0966,159.745,1933.41,14.0966,181.981,2435.3,14.0966,207.15,3066.85,14.0966,235.64,3861.46,14.0966,267.889,4861.11,14.0966,304.391,6118.54,14.0966,345.709,7699.91,14.0966,392.478,9688.22,14.0966,445.417,12187.5,14.0966,505.339,15327.7,14.0966,573.165,19271.6,14.0966,649.938,24222,14.0966,736.839,30430.9,14.0966,835.202,38211.5,14.0966,946.539,47950.3,14.0966,1072.56,60122.8,14.0966,1215.21,75309.9,14.0966,1376.66,94216.2,14.0966,1559.41,117688,14.0966,1766.26,146729,14.0966,2000.39,182510,14.0966,2265.39,226372,14.0966,2565.33,279806,14.0966,2904.81,344416,14.0966,3289.05,421845,14.0966,3723.93,513667,14.0966,4216.13,621231,14.0966,4773.18,745478,14.0966,5403.64,886744,14.0966,6117.15,1.04457e+06,14.0966,6924.63,1.2176e+06,14.0966,11.7194,11.96,12.6541,13.9321,16.1295,13.6434,16.6097,21.9702,13.9553,19.7532,29.5285,14.0526,23.3844,39.1143,14.0829,27.5423,51.2054,14.0923,32.2796,66.434,14.0953,37.662,85.6061,14.0962,43.7675,109.74,14.0965,50.687,140.119,14.0966,58.5249,178.359,14.0966,67.4005,226.493,14.0966,77.4493,287.08,14.0966,88.8254,363.343,14.0966,101.703,459.336,14.0966,116.281,580.161,14.0966,132.782,732.241,14.0966,151.46,923.655,14.0966,172.603,1164.57,14.0966,196.535,1467.79,14.0966,223.625,1849.39,14.0966,254.288,2329.62,14.0966,288.997,2933.93,14.0966,328.285,3694.33,14.0966,372.755,4651.04,14.0966,423.092,5854.57,14.0966,480.07,7368.38,14.0966,544.564,9272.08,14.0966,617.566,11665.5,14.0966,700.197,14673.6,14.0966,793.729,18452.9,14.0966,899.599,23198.6,14.0966,1019.43,29154.1,14.0966,1155.07,36622.3,14.0966,1308.6,45977.9,14.0966,1482.39,57683.7,14.0966,1679.09,72307.8,14.0966,1901.73,90542.8,14.0966,2153.73,113226,14.0966,2438.97,141360,14.0966,2761.81,176127,14.0966,3127.22,218898,14.0966,3540.81,271226,14.0966,4008.92,334817,14.0966,4538.74,411470,14.0966,5138.38,502973,14.0966,5817.04,610948,14.0966,6585.12,736653,14.0966,7454.39,880741,14.0966,8438.15,1.04302e+06,14.0966,9551.45,1.22224e+06,14.0966,10811.3,1.41602e+06,14.0966,12237,1.62086e+06,14.0966,11.7194,11.96,12.6541,2.21263,4.16949,0.989383,2.67766,5.84076,0.311842,3.14343,7.55825,0.0972771,3.63127,9.58578,0.0303237,4.15787,12.0912,0.00945211,4.73731,15.2286,0.00294633,5.38238,19.1721,0.000918508,6.10553,24.134,0.000286163,6.91951,30.3791,8.92692e-05,7.83792,38.2397,2.78121e-05,8.87555,48.1338,8.65134e-06,10.0489,60.5876,2.7882e-06,11.3761,76.2629,8.29036e-07,12.8779,95.9927,2.4373e-07,14.5775,120.825,4.33068e-09,16.5012,152.08,1.75749e-07,18.6784,191.415,-1.86328e-07,21.1428,240.917,1.91829e-07,23.9322,303.213,-1.81475e-07,27.0895,381.602,7.0186e-08,30.6634,480.231,-2.86769e-08,34.7087,604.316,2.40784e-07,39.2876,760.401,9.87368e-08,44.4705,956.705,1.22263e-07,50.3371,1203.54,-4.31966e-07,56.9776,1513.81,-1.9705e-07,64.494,1903.69,-2.763e-08,73.0018,2393.4,3.9185e-07,82.6317,3008.13,1.35379e-07,93.5318,3779.25,-4.16351e-08,105.869,4745.7,2.06965e-08,119.834,5955.6,-3.18887e-07,135.641,7468.12,-1.48271e-08,153.531,9355.62,2.00739e-07,173.781,11705.8,2.28358e-07,196.701,14624.1,-1.93587e-08,222.642,18235,-2.88101e-07,252.003,22683.4,-2.24732e-07,285.234,28134,8.56806e-09,322.845,34767,2.34258e-07,365.413,42770.9,2.99668e-07,413.588,52327.9,8.28644e-08,468.111,63591.2,-3.07049e-07,529.814,76653.2,-3.1888e-07,599.642,91502.5,-6.72276e-08,678.662,107975,2.26339e-07,768.083,125705,3.69212e-07,869.267,144088,2.04077e-07,983.76,162277,-2.80509e-07,1113.3,179223,-4.22737e-07,1259.87,193777,-1.71951e-07,1425.68,204839,4.55555e-07,11.7194,11.96,12.6541,2.21263,4.16949,0.989383,2.67766,5.84076,0.311842,3.14343,7.55825,0.0972771,3.63127,9.58578,0.0303237,4.15787,12.0912,0.00945211,4.73731,15.2286,0.00294633,5.38238,19.1721,0.000918508,6.10553,24.134,0.000286163,6.91951,30.3791,8.92692e-05,7.83792,38.2397,2.78121e-05,8.87555,48.1338,8.65134e-06,10.0489,60.5876,2.7882e-06,11.3761,76.2629,8.29036e-07,12.8779,95.9927,2.4373e-07,14.5775,120.825,1e-08,16.5012,152.08,1.75749e-07,18.6784,191.415,1e-08,21.1428,240.917,1.91829e-07,23.9322,303.213,1e-08,27.0895,381.602,7.0186e-08,30.6634,480.231,1e-08,34.7087,604.316,2.40784e-07,39.2876,760.401,9.87368e-08,44.4705,956.705,1.22263e-07,50.3371,1203.54,1e-08,56.9776,1513.81,1e-08,64.494,1903.69,1e-08,73.0018,2393.4,3.9185e-07,82.6317,3008.13,1.35379e-07,93.5318,3779.25,1e-08,105.869,4745.7,2.06965e-08,119.834,5955.6,1e-08,135.641,7468.12,1e-08,153.531,9355.62,2.00739e-07,173.781,11705.8,2.28358e-07,196.701,14624.1,1e-08,222.642,18235,1e-08,252.003,22683.4,1e-08,285.234,28134,1e-08,322.845,34767,2.34258e-07,365.413,42770.9,2.99668e-07,413.588,52327.9,8.28644e-08,468.111,63591.2,1e-08,529.814,76653.2,1e-08,599.642,91502.5,1e-08,678.662,107975,2.26339e-07,768.083,125705,3.69212e-07,869.267,144088,2.04077e-07,983.76,162277,1e-08,1113.3,179223,1e-08,1259.87,193777,1e-08,1425.68,204839,4.55555e-07,6.2823,3.27286,2.43537,0.219672,6.18826,2.24117,0.56371,6.87772,2.63624,0.308279,16,8,6,2,5,1,8,8,2,4,7,0,1,17,0,2,8,0,0,14,0,0,14,0,5,21,0,8,42,0,4,24,0,6,66,0,11,75,0,5,110,0,13,187,0,8,177,0,8,123,0,7,232,0,45,135,0,8,257,0,28,324,0,22,332,0,59,736,0,69,980,0,37,634,0,61,1515,0,64,1544,0,71,1816,0,47,3117,0,46,2296,0,48,4939,0,105,6537,0,112,11199,0,161,6317,0,113,11420,0,254,8079,0,123,6209,0,356,12836,0,140,10317,0,205,15309,0,237,65184,0,374,60264,0,193,39087,0,449,100671,0,947,55790,0,738,79910,0,557,140434,0,1000,115284,0,1058,90886,0,470,72725,0,783,68335,0,1018,80062,0,905,225132,0
-1.05176e+08,1,8.88811e-15,10,1023,0,1.05176e+08,0.528882,1.08665,0.389689,0.145397,0.379329,3.24381,0.161596,0.446195,1.77396,0.159177,1.15e+07,4.49998e+06,6.79999e+06,1.15e+07,4.49997e+06,6.79999e+06,1.15e+07,4.49996e+06,6.79999e+06,1.15e+07,4.49995e+06,6.79999e+06,1.14999e+07,4.49993e+06,6.79999e+06,1.14999e+07,4.49991e+06,6.79999e+06,1.14999e+07,4.49989e+06,6.79999e+06,1.14999e+07,4.49986e+06,6.79999e+06,1.14999e+07,4.49982e+06,6.79999e+06,1.14999e+07,4.49977e+06,6.79999e+06,1.14999e+07,4.49971e+06,6.79999e+06,1.14999e+07,4.49963e+06,6.79999e+06,1.14998e+07,4.49953e+06,6.79999e+06,1.14998e+07,4.49941e+06,6.79999e+06,1.14998e+07,4.49926e+06,6.79999e+06,1.14998e+07,4.49906e+06,6.79999e+06,1.14997e+07,4.49882e+06,6.79999e+06,1.14997e+07,4.49851e+06,6.79999e+06,1.14997e+07,4.49812e+06,6.79999e+06,1.14996e+07,4.49764e+06,6.79999e+06,1.14996e+07,4.49702e+06,6.79999e+06,1.14995e+07,4.49625e+06,6.79999e+06,1.14995e+07,4.49528e+06,6.79999e+06,1.14994e+07,4.49406e+06,6.79999e+06,1.14993e+07,4.49253e+06,6.79999e+06,1.14992e+07,4.49059e+06,6.79999e+06,1.14991e+07,4.48817e+06,6.79999e+06,1.1499e+07,4.48511e+06,6.79999e+06,1.14988e+07,4.48128e+06,6.79999e+06,1.14987e+07,4.47646e+06,6.79999e+06,1.14985e+07,4.47041e+06,6.79999e+06,1.14983e+07,4.46281e+06,6.79999e+06,1.14981e+07,4.4533e+06,6.79999e+06,1.14979e+07,4.44138e+06,6.79999e+06,1.14976e+07,4.42649e+06,6.79999e+06,1.14972e+07,4.40789e+06,6.79999e+06,1.14969e+07,4.38471e+06,6.79999e+06,1.14965e+07,4.35592e+06,6.79999e+06,1.1496e+07,4.32027e+06,6.79999e+06,1.14955e+07,4.27629e+06,6.79999e+06,1.14949e+07,4.22231e+06,6.79999e+06,1.14942e+07,4.15647e+06,6.79999e+06,1.14934e+07,4.07676e+06,6.79999e+06,1.14926e+07,3.98112e+06,6.79999e+06,1.14916e+07,3.86765e+06,6.79999e+06,1.14905e+07,3.73474e+06,6.79999e+06,1.14892e+07,3.58148e+06,6.79999e+06,1.14878e+07,3.40785e+06,6.79999e+06,1.14862e+07,3.21513e+06,6.79999e+06,1.14844e+07,3.00605e+06,6.79999e+06,1.14823e+07,2.7848e+06,6.79999e+06,1.148e+07,2.5568e+06,6.79999e+06,1.14773e+07,2.32825e+06,6.79999e+06,13.5742,8.52444,0.508366,16.8306,13.2585,0.162638,20.0035,17.569,0.0507846,23.2616,22.4214,0.0158319,26.7328,28.3297,0.00493498,30.5212,35.6974,0.00153831,34.7178,44.9473,0.000479527,39.4086,56.5822,0.000149456,44.6796,71.2245,4.66214e-05,50.6209,89.6543,1.45419e-05,57.3297,112.852,4.54748e-06,64.9129,142.051,1.43857e-06,73.4897,178.803,4.36618e-07,83.1934,225.062,1.40153e-07,94.1745,283.286,4.96378e-08,106.602,356.568,1.05434e-07,120.669,448.799,-6.49244e-08,136.59,564.873,1.70148e-07,154.611,710.948,-5.34594e-08,175.008,894.767,1.63407e-07,198.097,1126.06,8.04804e-08,224.231,1417.07,1.14667e-07,253.813,1783.15,-1.71227e-07,287.297,2243.62,-2.88466e-07,325.198,2822.67,-4.33651e-07,368.098,3550.67,7.9318e-08,416.657,4465.65,3.13319e-07,471.621,5615.16,3.4613e-07,533.835,7058.61,-1.19199e-07,604.255,8870.02,-2.79964e-07,683.962,11141.4,-2.30521e-07,774.182,13986.7,-2.55099e-07,876.299,17546.4,1.23585e-07,991.883,21993.1,1.41192e-07,1122.71,27536.7,-9.71886e-08,1270.78,34430.7,-3.68368e-07,1438.38,42977.7,-3.45379e-07,1628.07,53532.7,-3.25328e-09,1842.77,66504.6,2.6362e-07,2085.77,82350.2,2.53445e-07,2360.79,101560,-2.47407e-08,2672.05,124632,-3.80602e-07,3024.31,152018,-4.79005e-07,3422.98,184060,-1.14379e-07,3874.15,220884,2.64297e-07,4384.72,262283,3.44131e-07,4962.49,307576,7.5349e-08,5616.29,355497,-3.63097e-07,6356.1,404126,-6.05442e-07,7193.18,450932,-2.72333e-07,8140.28,492963,2.29675e-07,9211.79,527178,4.3387e-07,10424,550893,-1.0711e-07,10.102,8.06553,2.81012,10.6436,8.57909,0.869423,11.5336,10.2515,0.270869,12.7211,12.7138,0.0844293,14.1823,15.9373,0.0263173,15.9122,20.0383,0.0082035,17.9198,25.2154,0.00255722,20.2244,31.7373,0.000797017,22.8539,39.9486,0.000248622,25.8438,50.2851,7.75492e-05,29.237,63.2963,2.42508e-05,33.0837,79.6738,7.67162e-06,37.4415,100.288,2.32837e-06,42.3767,126.236,7.33e-07,47.9646,158.896,2.79256e-07,54.2906,200.003,9.87351e-09,61.452,251.741,1.61085e-07,69.5585,316.859,-2.47141e-07,78.7347,398.812,8.93552e-08,89.1218,501.948,-2.53231e-07,100.879,631.736,-1.25047e-07,114.188,795.049,-1.78808e-07,129.252,1000.53,2.6733e-07,146.304,1259.03,4.50292e-07,165.605,1584.19,6.76904e-07,187.452,1993.12,-1.23808e-07,212.181,2507.27,-4.89068e-07,240.173,3153.54,-5.40284e-07,271.856,3965.56,1.86061e-07,307.719,4985.38,4.37004e-07,348.313,6265.4,3.59828e-07,394.26,7870.83,3.98192e-07,446.268,9882.51,-1.92908e-07,505.135,12400.3,-2.20392e-07,571.766,15546.9,1.51705e-07,647.184,19472.2,5.74996e-07,732.547,24357.4,5.39112e-07,829.167,30420,5.07815e-09,938.526,37916.3,-4.11492e-07,1062.3,47143.9,-3.9561e-07,1202.4,58439.2,3.86185e-08,1360.96,72169.3,5.94093e-07,1540.42,88715.8,7.47693e-07,1743.53,108445,1.78537e-07,1973.41,131665,-4.12549e-07,2233.57,158557,-5.37164e-07,2528,189103,-1.17615e-07,2861.2,222986,5.66769e-07,3238.27,259510,9.45053e-07,3664.97,297540,4.25093e-07,4147.81,335497,-3.58506e-07,4694.17,371444,-6.7724e-07,5312.37,403256,1.67192e-07,1.61744,3.89446,9.84394,3.28846,7.5504,12.774,5.07607,11.7187,13.6844,7.03202,16.8147,13.9681,9.20215,23.1769,14.0566,11.6301,31.1672,14.0841,14.3598,41.2186,14.0927,17.4376,53.8688,14.0954,20.9137,69.7915,14.0962,24.8432,89.8341,14.0965,29.2879,115.063,14.0966,34.3168,146.819,14.0966,40.0078,186.792,14.0966,46.4487,237.107,14.0966,53.7388,300.44,14.0966,61.9903,380.158,14.0966,71.3301,480.499,14.0966,81.902,606.796,14.0966,93.8685,765.761,14.0966,107.414,965.837,14.0966,122.746,1217.65,14.0966,140.101,1534.57,14.0966,159.745,1933.41,14.0966,181.981,2435.3,14.0966,207.15,3066.85,14.0966,235.64,3861.46,14.0966,267.889,4861.11,14.0966,304.391,6118.54,14.0966,345.709,7699.91,14.0966,392.478,9688.22,14.0966,445.417,12187.5,14.0966,505.339,15327.7,14.0966,573.165,19271.6,14.0966,649.938,24222,14.0966,736.839,30430.9,14.0966,835.202,38211.5,14.0966,946.539,47950.3,14.0966,1072.56,60122.8,14.0966,1215.21,75309.9,14.0966,1376.66,94216.2,14.0966,1559.41,117688,14.0966,1766.26,146729,14.0966,2000.39,182510,14.0966,2265.39,226372,14.0966,2565.33,279806,14.0966,2904.81,344416,14.0966,3289.05,421845,14.0966,3723.93,513667,14.0966,4216.13,621231,14.0966,4773.18,745478,14.0966,5403.64,886744,14.0966,6117.15,1.04457e+06,14.0966,6924.63,1.2176e+06,14.0966,11.7194,11.96,12.6541,13.9321,16.1295,13.6434,16.6097,21.9702,13.9553,19.7532,29.5285,14.0526,23.3844,39.1143,14.0829,27.5423,51.2054,14.0923,32.2796,66.434,14.0953,37.662,85.6061,14.0962,43.7675,109.74,14.0965,50.687,140.119,14.0966,58.5249,178.359,14.0966,67.4005,226.493,14.0966,77.4493,287.08,14.0966,88.8254,363.343,14.0966,101.703,459.336,14.0966,116.281,580.161,14.0966,132.782,732.241,14.0966,151.46,923.655,14.0966,172.603,1164.57,14.0966,196.535,1467.79,14.0966,223.625,1849.39,14.0966,254.288,2329.62,14.0966,288.997,2933.93,14.0966,328.285,3694.33,14.0966,372.755,4651.04,14.0966,423.092,5854.57,14.0966,480.07,7368.38,14.0966,544.564,9272.08,14.0966,617.566,11665.5,14.0966,700.197,14673.6,14.0966,793.729,18452.9,14.0966,899.599,23198.6,14.0966,1019.43,29154.1,14.0966,1155.07,36622.3,14.0966,1308.6,45977.9,14.0966,1482.39,57683.7,14.0966,1679.09,72307.8,14.0966,1901.73,90542.8,14.0966,2153.73,113226,14.0966,2438.97,141360,14.0966,2761.81,176127,14.0966,3127.22,218898,14.0966,3540.81,271226,14.0966,4008.92,334817,14.0966,4538.74,411470,14.0966,5138.38,502973,14.0966,5817.04,610948,14.0966,6585.12,736653,14.0966,7454.39,880741,14.0966,8438.15,1.04302e+06,14.0966,9551.45,1.22224e+06,14.0966,10811.3,1.41602e+06,14.0966,12237,1.62086e+06,14.0966,11.7194,11.96,12.6541,2.21263,4.16949,0.989383,2.67766,5.84076,0.311842,3.14343,7.55825,0.0972771,3.63127,9.58578,0.0303237,4.15787,12.0912,0.00945211,4.73731,15.2286,0.00294633,5.38238,19.1721,0.000918508,6.10553,24.134,0.000286163,6.91951,30.3791,8.92692e-05,7.83792,38.2397,2.78121e-05,8.87555,48.1338,8.65134e-06,10.0489,60.5876,2.7882e-06,11.3761,76.2629,8.29036e-07,12.8779,95.9927,2.4373e-07,14.5775,120.825,4.33068e-09,16.5012,152.08,1.75749e-07,18.6784,191.415,-1.86328e-07,21.1428,240.917,1.91829e-07,23.9322,303.213,-1.81475e-07,27.0895,381.602,7.0186e-08,30.6634,480.231,-2.86769e-08,34.7087,604.316,2.40784e-07,39.2876,760.401,9.87368e-08,44.4705,956.705,1.22263e-07,50.3371,1203.54,-4.31966e-07,56.9776,1513.81,-1.9705e-07,64.494,1903.69,-2.763e-08,73.0018,2393.4,3.9185e-07,82.6317,3008.13,1.35379e-07,93.5318,3779.25,-4.16351e-08,105.869,4745.7,2.06965e-08,119.834,5955.6,-3.18887e-07,135.641,7468.12,-1.48271e-08,153.531,9355.62,2.00739e-07,173.781,11705.8,2.28358e-07,196.701,14624.1,-1.93587e-08,222.642,18235,-2.88101e-07,252.003,22683.4,-2.24732e-07,285.234,28134,8.56806e-09,322.845,34767,2.34258e-07,365.413,42770.9,2.99668e-07,413.588,52327.9,8.28644e-08,468.111,63591.2,-3.07049e-07,529.814,76653.2,-3.1888e-07,599.642,91502.5,-6.72276e-08,678.662,107975,2.26339e-07,768.083,125705,3.69212e-07,869.267,144088,2.04077e-07,983.76,162277,-2.80509e-07,1113.3,179223,-4.22737e-07,1259.87,193777,-1.71951e-07,1425.68,204839,4.55555e-07,11.7194,11.96,12.6541,2.21263,4.16949,0.989383,2.67766,5.84076,0.311842,3.14343,7.55825,0.0972771,3.63127,9.58578,0.0303237,4.15787,12.0912,0.00945211,4.73731,15.2286,0.00294633,5.38238,19.1721,0.000918508,6.10553,24.134,0.000286163,6.91951,30.3791,8.92692e-05,7.83792,38.2397,2.78121e-05,8.87555,48.1338,8.65134e-06,10.0489,60.5876,2.7882e-06,11.3761,76.2629,8.29036e-07,12.8779,95.9927,2.4373e-07,14.5775,120.825,1e-08,16.5012,152.08,1.75749e-07,18.6784,191.415,1e-08,21.1428,240.917,1.91829e-07,23.9322,303.213,1e-08,27.0895,381.602,7.0186e-08,30.6634,480.231,1e-08,34.7087,604.316,2.40784e-07,39.2876,760.401,9.87368e-08,44.4705,956.705,1.22263e-07,50.3371,1203.54,1e-08,56.9776,1513.81,1e-08,64.494,1903.69,1e-08,73.0018,2393.4,3.9185e-07,82.6317,3008.13,1.35379e-07,93.5318,3779.25,1e-08,105.869,4745.7,2.06965e-08,119.834,5955.6,1e-08,135.641,7468.12,1e-08,153.531,9355.62,2.00739e-07,173.781,11705.8,2.28358e-07,196.701,14624.1,1e-08,222.642,18235,1e-08,252.003,22683.4,1e-08,285.234,28134,1e-08,322.845,34767,2.34258e-07,365.413,42770.9,2.99668e-07,413.588,52327.9,8.28644e-08,468.111,63591.2,1e-08,529.814,76653.2,1e-08,599.642,91502.5,1e-08,678.662,107975,2.26339e-07,768.083,125705,3.69212e-07,869.267,144088,2.04077e-07,983.76,162277,1e-08,1113.3,179223,1e-08,1259.87,193777,1e-08,1425.68,204839,4.55555e-07,6.2823,3.27286,2.43537,0.219672,6.18826,2.24117,0.56371,6.87772,2.63624,0.308279,8,15,1,4,4,2,1,3,0,3,14,0,4,10,0,0,11,0,3,19,0,2,15,0,1,21,0,6,52,0,2,46,0,14,85,0,7,93,0,2,69,0,10,65,0,20,46,0,13,137,0,30,267,0,14,192,0,29,187,0,9,414,0,38,474,0,35,206,0,54,868,0,27,423,0,74,906,0,32,1043,0,83,3592,0,49,414,0,57,2722,0,106,3226,0,229,4321,0,92,3953,0,109,5338,0,167,10159,0,261,4535,0,119,19542,0,302,30055,0,182,16122,0,165,20371,0,225,47939,0,575,21800,0,163,20470,0,276,85744,0,468,41636,0,337,82006,0,319,259841,0,673,91749,0,198,205309,0,465,171247,0,1251,277375,0,965,220778,0,1212,163919,0
-1.05176e+08,1,8.88811e-15,10,1023,0,1.05176e+08,0.528882,1.08665,0.389689,0.145397,0.379329,3.24381,0.161596,0.446195,1.77396,0.159177,1.15e+07,4.49998e+06,6.79999e+06,1.15e+07,4.49997e+06,6.79999e+06,1.15e+07,4.49996e+06,6.79999e+06,1.15e+07,4.49995e+06,6.79999e+06,1.14999e+07,4.49993e+06,6.79999e+06,1.14999e+07,4.49991e+06,6.79999e+06,1.14999e+07,4.49989e+06,6.79999e+06,1.14999e+07,4.49986e+06,6.79999e+06,1.14999e+07,4.49982e+06,6.79999e+06,1.14999e+07,4.49977e+06,6.79999e+06,1.14999e+07,4.49971e+06,6.79999e+06,1.14999e+07,4.49963e+06,6.79999e+06,1.14998e+07,4.49953e+06,6.79999e+06,1.14998e+07,4.49941e+06,6.79999e+06,1.14998e+07,4.49926e+06,6.79999e+06,1.14998e+07,4.49906e+06,6.79999e+06,1.14997e+07,4.49882e+06,6.79999e+06,1.14997e+07,4.49851e+06,6.79999e+06,1.14997e+07,4.49812e+06,6.79999e+06,1.14996e+07,4.49764e+06,6.79999e+06,1.14996e+07,4.49702e+06,6.79999e+06,1.14995e+07,4.49625e+06,6.79999e+06,1.14995e+07,4.49528e+06,6.79999e+06,1.14994e+07,4.49406e+06,6.79999e+06,1.14993e+07,4.49253e+06,6.79999e+06,1.14992e+07,4.49059e+06,6.79999e+06,1.14991e+07,4.48817e+06,6.79999e+06,1.1499e+07,4.48511e+06,6.79999e+06,1.14988e+07,4.48128e+06,6.79999e+06,1.14987e+07,4.47646e+06,6.79999e+06,1.14985e+07,4.47041e+06,6.79999e+06,1.14983e+07,4.46281e+06,6.79999e+06,1.14981e+07,4.4533e+06,6.79999e+06,1.14979e+07,4.44138e+06,6.79999e+06,1.14976e+07,4.42649e+06,6.79999e+06,1.14972e+07,4.40789e+06,6.79999e+06,1.14969e+07,4.38471e+06,6.79999e+06,1.14965e+07,4.35592e+06,6.79999e+06,1.1496e+07,4.32027e+06,6.79999e+06,1.14955e+07,4.27629e+06,6.79999e+06,1.14949e+07,4.22231e+06,6.79999e+06,1.14942e+07,4.15647e+06,6.79999e+06,1.14934e+07,4.07676e+06,6.79999e+06,1.14926e+07,3.98112e+06,6.79999e+06,1.14916e+07,3.86765e+06,6.79999e+06,1.14905e+07,3.73474e+06,6.79999e+06,1.14892e+07,3.58148e+06,6.79999e+06,1.14878e+07,3.40785e+06,6.79999e+06,1.14862e+07,3.21513e+06,6.79999e+06,1.14844e+07,3.00605e+06,6.79999e+06,1.14823e+07,2.7848e+06,6.79999e+06,1.148e+07,2.5568e+06,6.79999e+06,1.14773e+07,2.32825e+06,6.79999e+06,13.5742,8.52444,0.508366,16.8306,13.2585,0.162638,20.0035,17.569,0.0507846,23.2616,22.4214,0.0158319,26.7328,28.3297,0.00493498,30.5212,35.6974,0.00153831,34.7178,44.9473,0.000479527,39.4086,56.5822,0.000149456,44.6796,71.2245,4.66214e-05,50.6209,89.6543,1.45419e-05,57.3297,112.852,4.54748e-06,64.9129,142.051,1.43857e-06,73.4897,178.803,4.36618e-07,83.1934,225.062,1.40153e-07,94.1745,283.286,4.96378e-08,106.602,356.568,1.05434e-07,120.669,448.799,-6.49244e-08,136.59,564.873,1.70148e-07,154.611,710.948,-5.34594e-08,175.008,894.767,1.63407e-07,198.097,1126.06,8.04804e-08,224.231,1417.07,1.14667e-07,253.813,1783.15,-1.71227e-07,287.297,2243.62,-2.88466e-07,325.198,2822.67,-4.33651e-07,368.098,3550.67,7.9318e-08,416.657,4465.65,3.13319e-07,471.621,5615.16,3.4613e-07,533.835,7058.61,-1.19199e-07,604.255,8870.02,-2.79964e-07,683.962,11141.4,-2.30521e-07,774.182,13986.7,-2.55099e-07,876.299,17546.4,1.23585e-07,991.883,21993.1,1.41192e-07,1122.71,27536.7,-9.71886e-08,1270.78,34430.7,-3.68368e-07,1438.38,42977.7,-3.45379e-07,1628.07,53532.7,-3.25328e-09,1842.77,66504.6,2.6362e-07,2085.77,82350.2,2.53445e-07,2360.79,101560,-2.47407e-08,2672.05,124632,-3.80602e-07,3024.31,152018,-4.79005e-07,3422.98,184060,-1.14379e-07,3874.15,220884,2.64297e-07,4384.72,262283,3.44131e-07,4962.49,307576,7.5349e-08,5616.29,355497,-3.63097e-07,6356.1,404126,-6.05442e-07,7193.18,450932,-2.72333e-07,8140.28,492963,2.29675e-07,9211.79,527178,4.3387e-07,10424,550893,-1.0711e-07,10.102,8.06553,2.81012,10.6436,8.57909,0.869423,11.5336,10.2515,0.270869,12.7211,12.7138,0.0844293,14.1823,15.9373,0.0263173,15.9122,20.0383,0.0082035,17.9198,25.2154,0.00255722,20.2244,31.7373,0.000797017,22.8539,39.9486,0.000248622,25.8438,50.2851,7.75492e-05,29.237,63.2963,2.42508e-05,33.0837,79.6738,7.67162e-06,37.4415,100.288,2.32837e-06,42.3767,126.236,7.33e-07,47.9646,158.896,2.79256e-07,54.2906,200.003,9.87351e-09,61.452,251.741,1.61085e-07,69.5585,316.859,-2.47141e-07,78.7347,398.812,8.93552e-08,89.1218,501.948,-2.53231e-07,100.879,631.736,-1.25047e-07,114.188,795.049,-1.78808e-07,129.252,1000.53,2.6733e-07,146.304,1259.03,4.50292e-07,165.605,1584.19,6.76904e-07,187.452,1993.12,-1.23808e-07,212.181,2507.27,-4.89068e-07,240.173,3153.54,-5.40284e-07,271.856,3965.56,1.86061e-07,307.719,4985.38,4.37004e-07,348.313,6265.4,3.59828e-07,394.26,7870.83,3.98192e-07,446.268,9882.51,-1.92908e-07,505.135,12400.3,-2.20392e-07,571.766,15546.9,1.51705e-07,647.184,19472.2,5.74996e-07,732.547,24357.4,5.39112e-07,829.167,30420,5.07815e-09,938.526,37916.3,-4.11492e-07,1062.3,47143.9,-3.9561e-07,1202.4,58439.2,3.86185e-08,1360.96,72169.3,5.94093e-07,1540.42,88715.8,7.47693e-07,1743.53,108445,1.78537e-07,1973.41,131665,-4.12549e-07,2233.57,158557,-5.37164e-07,2528,189103,-1.17615e-07,2861.2,222986,5.66769e-07,3238.27,259510,9.45053e-07,3664.97,297540,4.25093e-07,4147.81,335497,-3.58506e-07,4694.17,371444,-6.7724e-07,5312.37,403256,1.67192e-07,1.61744,3.89446,9.84394,3.28846,7.5504,12.774,5.07607,11.7187,13.6844,7.03202,16.8147,13.9681,9.20215,23.1769,14.0566,11.6301,31.1672,14.0841,14.3598,41.2186,14.0927,17.4376,53.8688,14.0954,20.9137,69.7915,14.0962,24.8432,89.8341,14.0965,29.2879,115.063,14.0966,34.3168,146.819,14.0966,40.0078,186.792,14.0966,46.4487,237.107,14.0966,53.7388,300.44,14.0966,61.9903,380.158,14.0966,71.3301,480.499,14.0966,81.902,606.796,14.0966,93.8685,765.761,14.0966,107.414,965.837,14.0966,122.746,1217.65,14.0966,140.101,1534.57,14.0966,159.745,1933.41,14.0966,181.981,2435.3,14.0966,207.15,3066.85,14.0966,235.64,3861.46,14.0966,267.889,4861.11,14.0966,304.391,6118.54,14.0966,345.709,7699.91,14.0966,392.478,9688.22,14.0966,445.417,12187.5,14.0966,505.339,15327.7,14.0966,573.165,19271.6,14.0966,649.938,24222,14.0966,736.839,30430.9,14.0966,835.202,38211.5,14.0966,946.539,47950.3,14.0966,1072.56,60122.8,14.0966,1215.21,75309.9,14.0966,1376.66,94216.2,14.0966,1559.41,117688,14.0966,1766.26,146729,14.0966,2000.39,182510,14.0966,2265.39,226372,14.0966,2565.33,279806,14.0966,2904.81,344416,14.0966,3289.05,421845,14.0966,3723.93,513667,14.0966,4216.13,621231,14.0966,4773.18,745478,14.0966,5403.64,886744,14.0966,6117.15,1.04457e+06,14.0966,6924.63,1.2176e+06,14.0966,11.7194,11.96,12.6541,13.9321,16.1295,13.6434,16.6097,21.9702,13.9553,19.7532,29.5285,14.0526,23.3844,39.1143,14.0829,27.5423,51.2054,14.0923,32.2796,66.434,14.0953,37.662,85.6061,14.0962,43.7675,109.74,14.0965,50.687,140.119,14.0966,58.5249,178.359,14.0966,67.4005,226.493,14.0966,77.4493,287.08,14.0966,88.8254,363.343,14.0966,101.703,459.336,14.0966,116.281,580.161,14.0966,132.782,732.241,14.0966,151.46,923.655,14.0966,172.603,1164.57,14.0966,196.535,1467.79,14.0966,223.625,1849.39,14.0966,254.288,2329.62,14.0966,288.997,2933.93,14.0966,328.285,3694.33,14.0966,372.755,4651.04,14.0966,423.092,5854.57,14.0966,480.07,7368.38,14.0966,544.564,9272.08,14.0966,617.566,11665.5,14.0966,700.197,14673.6,14.0966,793.729,18452.9,14.0966,899.599,23198.6,14.0966,1019.43,29154.1,14.0966,1155.07,36622.3,14.0966,1308.6,45977.9,14.0966,1482.39,57683.7,14.0966,1679.09,72307.8,14.0966,1901.73,90542.8,14.0966,2153.73,113226,14.0966,2438.97,141360,14.0966,2761.81,176127,14.0966,3127.22,218898,14.0966,3540.81,271226,14.0966,4008.92,334817,14.0966,4538.74,411470,14.0966,5138.38,502973,14.0966,5817.04,610948,14.0966,6585.12,736653,14.0966,7454.39,880741,14.0966,8438.15,1.04302e+06,14.0966,9551.45,1.22224e+06,14.0966,10811.3,1.41602e+06,14.0966,12237,1.62086e+06,14.0966,11.7194,11.96,12.6541,2.21263,4.16949,0.989383,2.67766,5.84076,0.311842,3.14343,7.55825,0.0972771,3.63127,9.58578,0.0303237,4.15787,12.0912,0.00945211,4.73731,15.2286,0.00294633,5.38238,19.1721,0.000918508,6.10553,24.134,0.000286163,6.91951,30.3791,8.92692e-05,7.83792,38.2397,2.78121e-05,8.87555,48.1338,8.65134e-06,10.0489,60.5876,2.7882e-06,11.3761,76.2629,8.29036e-07,12.8779,95.9927,2.4373e-07,14.5775,120.825,4.33068e-09,16.5012,152.08,1.75749e-07,18.6784,191.415,-1.86328e-07,21.1428,240.917,1.91829e-07,23.9322,303.213,-1.81475e-07,27.0895,381.602,7.0186e-08,30.6634,480.231,-2.86769e-08,34.7087,604.316,2.40784e-07,39.2876,760.401,9.87368e-08,44.4705,956.705,1.22263e-07,50.3371,1203.54,-4.31966e-07,56.9776,1513.81,-1.9705e-07,64.494,1903.69,-2.763e-08,73.0018,2393.4,3.9185e-07,82.6317,3008.13,1.35379e-07,93.5318,3779.25,-4.16351e-08,105.869,4745.7,2.06965e-08,119.834,5955.6,-3.18887e-07,135.641,7468.12,-1.48271e-08,153.531,9355.62,2.00739e-07,173.781,11705.8,2.28358e-07,196.701,14624.1,-1.93587e-08,222.642,18235,-2.88101e-07,252.003,22683.4,-2.24732e-07,285.234,28134,8.56806e-09,322.845,34767,2.34258e-07,365.413,42770.9,2.99668e-07,413.588,52327.9,8.28644e-08,468.111,63591.2,-3.07049e-07,529.814,76653.2,-3.1888e-07,599.642,91502.5,-6.72276e-08,678.662,107975,2.26339e-07,768.083,125705,3.69212e-07,869.267,144088,2.04077e-07,983.76,162277,-2.80509e-07,1113.3,179223,-4.22737e-07,1259.87,193777,-1.71951e-07,1425.68,204839,4.55555e-07,11.7194,11.96,12.6541,2.21263,4.16949,0.989383,2.67766,5.84076,0.311842,3.14343,7.55825,0.0972771,3.63127,9.58578,0.0303237,4.15787,12.0912,0.00945211,4.73731,15.2286,0.00294633,5.38238,19.1721,0.000918508,6.10553,24.134,0.000286163,6.91951,30.3791,8.92692e-05,7.83792,38.2397,2.78121e-05,8.87555,48.1338,8.65134e-06,10.0489,60.5876,2.7882e-06,11.3761,76.2629,8.29036e-07,12.8779,95.9927,2.4373e-07,14.5775,120.825,1e-08,16.5012,152.08,1.75749e-07,18.6784,191.415,1e-08,21.1428,240.917,1.91829e-07,23.9322,303.213,1e-08,27.0895,381.602,7.0186e-08,30.6634,480.231,1e-08,34.7087,604.316,2.40784e-07,39.2876,760.401,9.87368e-08,44.4705,956.705,1.22263e-07,50.3371,1203.54,1e-08,56.9776,1513.81,1e-08,64.494,1903.69,1e-08,73.0018,2393.4,3.9185e-07,82.6317,3008.13,1.35379e-07,93.5318,3779.25,1e-08,105.869,4745.7,2.06965e-08,119.834,5955.6,1e-08,135.641,7468.12,1e-08,153.531,9355.62,2.00739e-07,173.781,11705.8,2.28358e-07,196.701,14624.1,1e-08,222.642,18235,1e-08,252.003,22683.4,1e-08,285.234,28134,1e-08,322.845,34767,2.34258e-07,365.413,42770.9,2.99668e-07,413.588,52327.9,8.28644e-08,468.111,63591.2,1e-08,529.814,76653.2,1e-08,599.642,91502.5,1e-08,678.662,107975,2.26339e-07,768.083,125705,3.69212e-07,869.267,144088,2.04077e-07,983.76,162277,1e-08,1113.3,179223,1e-08,1259.87,193777,1e-08,1425.68,204839,4.55555e-07,6.2823,3.27286,2.43537,0.219672,6.18826,2.24117,0.56371,6.87772,2.63624,0.308279,14,18,9,5,4,0,2,4,1,3,4,0,5,9,0,3,7,0,5,24,0,5,26,0,9,37,0,4,41,0,6,11,0,5,124,0,13,33,0,5,107,0,12,75,0,12,96,0,14,85,0,13,151,0,40,242,0,18,213,0,24,244,0,16,519,0,53,611,0,26,1607,0,33,807,0,63,914,0,57,1529,0,73,1229,0,49,3409,0,99,1097,0,118,2461,0,94,5830,0,121,4799,0,80,3838,0,58,8116,0,183,16116,0,95,10947,0,76,13020,0,224,30898,0,229,43828,0,128,30625,0,449,40333,0,498,45370,0,606,23252,0,660,46749,0,517,29885,0,439,50914,0,1028,108311,0,443,219159,0,1519,181040,0,1245,168663,0,668,123855,0,606,158963,0
-1.05176e+08,1,8.88811e-15,10,1023,0,1.05176e+08,0.528882,1.08665,0.389689,0.145397,0.379329,3.24381,0.161596,0.446195,1.77396,0.159177,1.15e+07,4.49998e+06,6.79999e+06,1.15e+07,4.49997e+06,6.79999e+06,1.15e+07,4.49996e+06,6.79999e+06,1.15e+07,4.49995e+06,6.79999e+06,1.14999e+07,4.49993e+06,6.79999e+06,1.14999e+07,4.49991e+06,6.79999e+06,1.14999e+07,4.49989e+06,6.79999e+06,1.14999e+07,4.49986e+06,6.79999e+06,1.14999e+07,4.49982e+06,6.79999e+06,1.14999e+07,4.49977e+06,6.79999e+06,1.14999e+07,4.49971e+06,6.79999e+06,1.14999e+07,4.49963e+06,6.79999e+06,1.14998e+07,4.49953e+06,6.79999e+06,1.14998e+07,4.49941e+06,6.79999e+06,1.14998e+07,4.49926e+06,6.79999e+06,1.14998e+07,4.49906e+06,6.79999e+06,1.14997e+07,4.49882e+06,6.79999e+06,1.14997e+07,4.49851e+06,6.79999e+06,1.14997e+07,4.49812e+06,6.79999e+06,1.14996e+07,4.49764e+06,6.79999e+06,1.14996e+07,4.49702e+06,6.79999e+06,1.14995e+07,4.49625e+06,6.79999e+06,1.14995e+07,4.49528e+06,6.79999e+06,1.14994e+07,4.49406e+06,6.79999e+06,1.14993e+07,4.49253e+06,6.79999e+06,1.14992e+07,4.49059e+06,6.79999e+06,1.14991e+07,4.48817e+06,6.79999e+06,1.1499e+07,4.48511e+06,6.79999e+06,1.14988e+07,4.48128e+06,6.79999e+06,1.14987e+07,4.47646e+06,6.79999e+06,1.14985e+07,4.47041e+06,6.79999e+06,1.14983e+07,4.46281e+06,6.79999e+06,1.14981e+07,4.4533e+06,6.79999e+06,1.14979e+07,4.44138e+06,6.79999e+06,1.14976e+07,4.42649e+06,6.79999e+06,1.14972e+07,4.40789e+06,6.79999e+06,1.14969e+07,4.38471e+06,6.79999e+06,1.14965e+07,4.35592e+06,6.79999e+06,1.1496e+07,4.32027e+06,6.79999e+06,1.14955e+07,4.27629e+06,6.79999e+06,1.14949e+07,4.22231e+06,6.79999e+06,1.14942e+07,4.15647e+06,6.79999e+06,1.14934e+07,4.07676e+06,6.79999e+06,1.14926e+07,3.98112e+06,6.79999e+06,1.14916e+07,3.86765e+06,6.79999e+06,1.14905e+07,3.73474e+06,6.79999e+06,1.14892e+07,3.58148e+06,6.79999e+06,1.14878e+07,3.40785e+06,6.79999e+06,1.14862e+07,3.21513e+06,6.79999e+06,1.14844e+07,3.00605e+06,6.79999e+06,1.14823e+07,2.7848e+06,6.79999e+06,1.148e+07,2.5568e+06,6.79999e+06,1.14773e+07,2.32825e+06,6.79999e+06,13.5742,8.52444,0.508366,16.8306,13.2585,0.162638,20.0035,17.569,0.0507846,23.2616,22.4214,0.0158319,26.7328,28.3297,0.00493498,30.5212,35.6974,0.00153831,34.7178,44.9473,0.000479527,39.4086,56.5822,0.000149456,44.6796,71.2245,4.66214e-05,50.6209,89.6543,1.45419e-05,57.3297,112.852,4.54748e-06,64.9129,142.051,1.43857e-06,73.4897,178.803,4.36618e-07,83.1934,225.062,1.40153e-07,94.1745,283.286,4.96378e-08,106.602,356.568,1.05434e-07,120.669,448.799,-6.49244e-08,136.59,564.873,1.70148e-07,154.611,710.948,-5.34594e-08,175.008,894.767,1.63407e-07,198.097,1126.06,8.04804e-08,224.231,1417.07,1.14667e-07,253.813,1783.15,-1.71227e-07,287.297,2243.62,-2.88466e-07,325.198,2822.67,-4.33651e-07,368.098,3550.67,7.9318e-08,416.657,4465.65,3.13319e-07,471.621,5615.16,3.4613e-07,533.835,7058.61,-1.19199e-07,604.255,8870.02,-2.79964e-07,683.962,11141.4,-2.30521e-07,774.182,13986.7,-2.55099e-07,876.299,17546.4,1.23585e-07,991.883,21993.1,1.41192e-07,1122.71,27536.7,-9.71886e-08,1270.78,34430.7,-3.68368e-07,1438.38,42977.7,-3.45379e-07,1628.07,53532.7,-3.25328e-09,1842.77,66504.6,2.6362e-07,2085.77,82350.2,2.53445e-07,2360.79,101560,-2.47407e-08,2672.05,124632,-3.80602e-07,3024.31,152018,-4.79005e-07,3422.98,184060,-1.14379e-07,3874.15,220884,2.64297e-07,4384.72,262283,3.44131e-07,4962.49,307576,7.5349e-08,5616.29,355497,-3.63097e-07,6356.1,404126,-6.05442e-07,7193.18,450932,-2.72333e-07,8140.28,492963,2.29675e-07,9211.79,527178,4.3387e-07,10424,550893,-1.0711e-07,10.102,8.06553,2.81012,10.6436,8.57909,0.869423,11.5336,10.2515,0.270869,12.7211,12.7138,0.0844293,14.1823,15.9373,0.0263173,15.9122,20.0383,0.0082035,17.9198,25.2154,0.00255722,20.2244,31.7373,0.000797017,22.8539,39.9486,0.000248622,25.8438,50.2851,7.75492e-05,29.237,63.2963,2.42508e-05,33.0837,79.6738,7.67162e-06,37.4415,100.288,2.32837e-06,42.3767,126.236,7.33e-07,47.9646,158.896,2.79256e-07,54.2906,200.003,9.87351e-09,61.452,251.741,1.61085e-07,69.5585,316.859,-2.47141e-07,78.7347,398.812,8.93552e-08,89.1218,501.948,-2.53231e-07,100.879,631.736,-1.25047e-07,114.188,795.049,-1.78808e-07,129.252,1000.53,2.6733e-07,146.304,1259.03,4.50292e-07,165.605,1584.19,6.76904e-07,187.452,1993.12,-1.23808e-07,212.181,2507.27,-4.89068e-07,240.173,3153.54,-5.40284e-07,271.856,3965.56,1.86061e-07,307.719,4985.38,4.37004e-07,348.313,6265.4,3.59828e-07,394.26,7870.83,3.98192e-07,446.268,9882.51,-1.92908e-07,505.135,12400.3,-2.20392e-07,571.766,15546.9,1.51705e-07,647.184,19472.2,5.74996e-07,732.547,24357.4,5.39112e-07,829.167,30420,5.07815e-09,938.526,37916.3,-4.11492e-07,1062.3,47143.9,-3.9561e-07,1202.4,58439.2,3.86185e-08,1360.96,72169.3,5.94093e-07,1540.42,88715.8,7.47693e-07,1743.53,108445,1.78537e-07,1973.41,131665,-4.12549e-07,2233.57,158557,-5.37164e-07,2528,189103,-1.17615e-07,2861.2,222986,5.66769e-07,3238.27,259510,9.45053e-07,3664.97,297540,4.25093e-07,4147.81,335497,-3.58506e-07,4694.17,371444,-6.7724e-07,5312.37,403256,1.67192e-07,1.61744,3.89446,9.84394,3.28846,7.5504,12.774,5.07607,11.7187,13.6844,7.03202,16.8147,13.9681,9.20215,23.1769,14.0566,11.6301,31.1672,14.0841,14.3598,41.2186,14.0927,17.4376,53.8688,14.0954,20.9137,69.7915,14.0962,24.8432,89.8341,14.0965,29.2879,115.063,14.0966,34.3168,146.819,14.0966,40.0078,186.792,14.0966,46.4487,237.107,14.0966,53.7388,300.44,14.0966,61.9903,380.158,14.0966,71.3301,480.499,14.0966,81.902,606.796,14.0966,93.8685,765.761,14.0966,107.414,965.837,14.0966,122.746,1217.65,14.0966,140.101,1534.57,14.0966,159.745,1933.41,14.0966,181.981,2435.3,14.0966,207.15,3066.85,14.0966,235.64,3861.46,14.0966,267.889,4861.11,14.0966,304.391,6118.54,14.0966,345.709,7699.91,14.0966,392.478,9688.22,14.0966,445.417,12187.5,14.0966,505.339,15327.7,14.0966,573.165,19271.6,14.0966,649.938,24222,14.0966,736.839,30430.9,14.0966,835.202,38211.5,14.0966,946.539,47950.3,14.0966,1072.56,60122.8,14.0966,1215.21,75309.9,14.0966,1376.66,94216.2,14.0966,1559.41,117688,14.0966,1766.26,146729,14.0966,2000.39,182510,14.0966,2265.39,226372,14.0966,2565.33,279806,14.0966,2904.81,344416,14.0966,3289.05,421845,14.0966,3723.93,513667,14.0966,4216.13,621231,14.0966,4773.18,745478,14.0966,5403.64,886744,14.0966,6117.15,1.04457e+06,14.0966,6924.63,1.2176e+06,14.0966,11.7194,11.96,12.6541,13.9321,16.1295,13.6434,16.6097,21.9702,13.9553,19.7532,29.5285,14.0526,23.3844,39.1143,14.0829,27.5423,51.2054,14.0923,32.2796,66.434,14.0953,37.662,85.6061,14.0962,43.7675,109.74,14.0965,50.687,140.119,14.0966,58.5249,178.359,14.0966,67.4005,226.493,14.0966,77.4493,287.08,14.0966,88.8254,363.343,14.0966,101.703,459.336,14.0966,116.281,580.161,14.0966,132.782,732.241,14.0966,151.46,923.655,14.0966,172.603,1164.57,14.0966,196.535,1467.79,14.0966,223.625,1849.39,14.0966,254.288,2329.62,14.0966,288.997,2933.93,14.0966,328.285,3694.33,14.0966,372.755,4651.04,14.0966,423.092,5854.57,14.0966,480.07,7368.38,14.0966,544.564,9272.08,14.0966,617.566,11665.5,14.0966,700.197,14673.6,14.0966,793.729,18452.9,14.0966,899.599,23198.6,14.0966,1019.43,29154.1,14.0966,1155.07,36622.3,14.0966,1308.6,45977.9,14.0966,1482.39,57683.7,14.0966,1679.09,72307.8,14.0966,1901.73,90542.8,14.0966,2153.73,113226,14.0966,2438.97,141360,14.0966,2761.81,176127,14.0966,3127.22,218898,14.0966,3540.81,271226,14.0966,4008.92,334817,14.0966,4538.74,411470,14.0966,5138.38,502973,14.0966,5817.04,610948,14.0966,6585.12,736653,14.0966,7454.39,880741,14.0966,8438.15,1.04302e+06,14.0966,9551.45,1.22224e+06,14.0966,10811.3,1.41602e+06,14.0966,12237,1.62086e+06,14.0966,11.7194,11.96,12.6541,2.21263,4.16949,0.989383,2.67766,5.84076,0.311842,3.14343,7.55825,0.0972771,3.63127,9.58578,0.0303237,4.15787,12.0912,0.00945211,4.73731,15.2286,0.00294633,5.38238,19.1721,0.000918508,6.10553,24.134,0.000286163,6.91951,30.3791,8.92692e-05,7.83792,38.2397,2.78121e-05,8.87555,48.1338,8.65134e-06,10.0489,60.5876,2.7882e-06,11.3761,76.2629,8.29036e-07,12.8779,95.9927,2.4373e-07,14.5775,120.825,4.33068e-09,16.5012,152.08,1.75749e-07,18.6784,191.415,-1.86328e-07,21.1428,240.917,1.91829e-07,23.9322,303.213,-1.81475e-07,27.0895,381.602,7.0186e-08,30.6634,480.231,-2.86769e-08,34.7087,604.316,2.40784e-07,39.2876,760.401,9.87368e-08,44.4705,956.705,1.22263e-07,50.3371,1203.54,-4.31966e-07,56.9776,1513.81,-1.9705e-07,64.494,1903.69,-2.763e-08,73.0018,2393.4,3.9185e-07,82.6317,3008.13,1.35379e-07,93.5318,3779.25,-4.16351e-08,105.869,4745.7,2.06965e-08,119.834,5955.6,-3.18887e-07,135.641,7468.12,-1.48271e-08,153.531,9355.62,2.00739e-07,173.781,11705.8,2.28358e-07,196.701,14624.1,-1.93587e-08,222.642,18235,-2.88101e-07,252.003,22683.4,-2.24732e-07,285.234,28134,8.56806e-09,322.845,34767,2.34258e-07,365.413,42770.9,2.99668e-07,413.588,52327.9,8.28644e-08,468.111,63591.2,-3.07049e-07,529.814,76653.2,-3.1888e-07,599.642,91502.5,-6.72276e-08,678.662,107975,2.26339e-07,768.083,125705,3.69212e-07,869.267,144088,2.04077e-07,983.76,162277,-2.80509e-07,1113.3,179223,-4.22737e-07,1259.87,193777,-1.71951e-07,1425.68,204839,4.55555e-07,11.7194,11.96,12.6541,2.21263,4.16949,0.989383,2.67766,5.84076,0.311842,3.14343,7.55825,0.0972771,3.63127,9.58578,0.0303237,4.15787,12.0912,0.00945211,4.73731,15.2286,0.00294633,5.38238,19.1721,0.000918508,6.10553,24.134,0.000286163,6.91951,30.3791,8.92692e-05,7.83792,38.2397,2.78121e-05,8.87555,48.1338,8.65134e-06,10.0489,60.5876,2.7882e-06,11.3761,76.2629,8.29036e-07,12.8779,95.9927,2.4373e-07,14.5775,120.825,1e-08,16.5012,152.08,1.75749e-07,18.6784,191.415,1e-08,21.1428,240.917,1.91829e-07,23.9322,303.213,1e-08,27.0895,381.602,7.0186e-08,30.6634,480.231,1e-08,34.7087,604.316,2.40784e-07,39.2876,760.401,9.87368e-08,44.4705,956.705,1.22263e-07,50.3371,1203.54,1e-08,56.9776,1513.81,1e-08,64.494,1903.69,1e-08,73.0018,2393.4,3.9185e-07,82.6317,3008.13,1.35379e-07,93.5318,3779.25,1e-08,105.869,4745.7,2.06965e-08,119.834,5955.6,1e-08,135.641,7468.12,1e-08,153.531,9355.62,2.00739e-07,173.781,11705.8,2.28358e-07,196.701,14624.1,1e-08,222.642,18235,1e-08,252.003,22683.4,1e-08,285.234,28134,1e-08,322.845,34767,2.34258e-07,365.413,42770.9,2.99668e-07,413.588,52327.9,8.28644e-08,468.111,63591.2,1e-08,529.814,76653.2,1e-08,599.642,91502.5,1e-08,678.662,107975,2.26339e-07,768.083,125705,3.69212e-07,869.267,144088,2.04077e-07,983.76,162277,1e-08,1113.3,179223,1e-08,1259.87,193777,1e-08,1425.68,204839,4.55555e-07,6.2823,3.27286,2.43537,0.219672,6.18826,2.24117,0.56371,6.87772,2.63624,0.308279,11,18,22,3,3,1,2,4,2,3,8,0,6,8,0,5,2,0,7,7,0,10,24,0,2,30,0,2,27,0,12,49,0,16,40,0,14,72,0,13,97,0,19,35,0,15,191,0,11,203,0,9,357,0,8,396,0,17,349,0,20,314,0,28,910,0,21,499,0,53,1457,0,92,1572,0,35,519,0,17,1688,0,47,1729,0,72,2674,0,106,1717,0,58,2813,0,118,13491,0,105,4422,0,137,2929,0,133,13617,0,167,8648,0,230,21581,0,237,29970,0,221,15541,0,284,28324,0,361,40810,0,334,31434,0,391,62023,0,483,63910,0,661,58618,0,469,47874,0,450,99979,0,1019,96423,0,521,132234,0,1456,66590,0,1074,140764,0,1196,204583,0,1749,227174,0
-1.05176e+08,1,8.88811e-15,10,1023,0,1.05176e+08,0.528882,1.08665,0.389689,0.145397,0.379329,3.24381,0.161596,0.446195,1.77396,0.159177,1.15e+07,4.49998e+06,6.79999e+06,1.15e+07,4.49997e+06,6.79999e+06,1.15e+07,4.49996e+06,6.79999e+06,1.15e+07,4.49995e+06,6.79999e+06,1.14999e+07,4.49993e+06,6.79999e+06,1.14999e+07,4.49991e+06,6.79999e+06,1.14999e+07,4.49989e+06,6.79999e+06,1.14999e+07,4.49986e+06,6.79999e+06,1.14999e+07,4.49982e+06,6.79999e+06,1.14999e+07,4.49977e+06,6.79999e+06,1.14999e+07,4.49971e+06,6.79999e+06,1.14999e+07,4.49963e+06,6.79999e+06,1.14998e+07,4.49953e+06,6.79999e+06,1.14998e+07,4.49941e+06,6.79999e+06,1.14998e+07,4.49926e+06,6.79999e+06,1.14998e+07,4.49906e+06,6.79999e+06,1.14997e+07,4.49882e+06,6.79999e+06,1.14997e+07,4.49851e+06,6.79999e+06,1.14997e+07,4.49812e+06,6.79999e+06,1.14996e+07,4.49764e+06,6.79999e+06,1.14996e+07,4.49702e+06,6.79999e+06,1.14995e+07,4.49625e+06,6.79999e+06,1.14995e+07,4.49528e+06,6.79999e+06,1.14994e+07,4.49406e+06,6.79999e+06,1.14993e+07,4.49253e+06,6.79999e+06,1.14992e+07,4.49059e+06,6.79999e+06,1.14991e+07,4.48817e+06,6.79999e+06,1.1499e+07,4.48511e+06,6.79999e+06,1.14988e+07,4.48128e+06,6.79999e+06,1.14987e+07,4.47646e+06,6.79999e+06,1.14985e+07,4.47041e+06,6.79999e+06,1.14983e+07,4.46281e+06,6.79999e+06,1.14981e+07,4.4533e+06,6.79999e+06,1.14979e+07,4.44138e+06,6.79999e+06,1.14976e+07,4.42649e+06,6.79999e+06,1.14972e+07,4.40789e+06,6.79999e+06,1.14969e+07,4.38471e+06,6.79999e+06,1.14965e+07,4.35592e+06,6.79999e+06,1.1496e+07,4.32027e+06,6.79999e+06,1.14955e+07,4.27629e+06,6.79999e+06,1.14949e+07,4.22231e+06,6.79999e+06,1.14942e+07,4.15647e+06,6.79999e+06,1.14934e+07,4.07676e+06,6.79999e+06,1.14926e+07,3.98112e+06,6.79999e+06,1.14916e+07,3.86765e+06,6.79999e+06,1.14905e+07,3.73474e+06,6.79999e+06,1.14892e+07,3.58148e+06,6.79999e+06,1.14878e+07,3.40785e+06,6.79999e+06,1.14862e+07,3.21513e+06,6.79999e+06,1.14844e+07,3.00605e+06,6.79999e+06,1.14823e+07,2.7848e+06,6.79999e+06,1.148e+07,2.5568e+06,6.79999e+06,1.14773e+07,2.32825e+06,6.79999e+06,13.5742,8.52444,0.508366,16.8306,13.2585,0.162638,20.0035,17.569,0.0507846,23.2616,22.4214,0.0158319,26.7328,28.3297,0.00493498,30.5212,35.6974,0.00153831,34.7178,44.9473,0.000479527,39.4086,56.5822,0.000149456,44.6796,71.2245,4.66214e-05,50.6209,89.6543,1.45419e-05,57.3297,112.852,4.54748e-06,64.9129,142.051,1.43857e-06,73.4897,178.803,4.36618e-07,83.1934,225.062,1.40153e-07,94.1745,283.286,4.96378e-08,106.602,356.568,1.05434e-07,120.669,448.799,-6.49244e-08,136.59,564.873,1.70148e-07,154.611,710.948,-5.34594e-08,175.008,894.767,1.63407e-07,198.097,1126.06,8.04804e-08,224.231,1417.07,1.14667e-07,253.813,1783.15,-1.71227e-07,287.297,2243.62,-2.88466e-07,325.198,2822.67,-4.33651e-07,368.098,3550.67,7.9318e-08,416.657,4465.65,3.13319e-07,471.621,5615.16,3.4613e-07,533.835,7058.61,-1.19199e-07,604.255,8870.02,-2.79964e-07,683.962,11141.4,-2.30521e-07,774.182,13986.7,-2.55099e-07,876.299,17546.4,1.23585e-07,991.883,21993.1,1.41192e-07,1122.71,27536.7,-9.71886e-08,1270.78,34430.7,-3.68368e-07,1438.38,42977.7,-3.45379e-07,1628.07,53532.7,-3.25328e-09,1842.77,66504.6,2.6362e-07,2085.77,82350.2,2.53445e-07,2360.79,101560,-2.47407e-08,2672.05,124632,-3.80602e-07,3024.31,152018,-4.79005e-07,3422.98,184060,-1.14379e-07,3874.15,220884,2.64297e-07,4384.72,262283,3.44131e-07,4962.49,307576,7.5349e-08,5616.29,355497,-3.63097e-07,6356.1,404126,-6.05442e-07,7193.18,450932,-2.72333e-07,8140.28,492963,2.29675e-07,9211.79,527178,4.3387e-07,10424,550893,-1.0711e-07,10.102,8.06553,2.81012,10.6436,8.57909,0.869423,11.5336,10.2515,0.270869,12.7211,12.7138,0.0844293,14.1823,15.9373,0.0263173,15.9122,20.0383,0.0082035,17.9198,25.2154,0.00255722,20.2244,31.7373,0.000797017,22.8539,39.9486,0.000248622,25.8438,50.2851,7.75492e-05,29.237,63.2963,2.42508e-05,33.0837,79.6738,7.67162e-06,37.4415,100.288,2.32837e-06,42.3767,126.236,7.33e-07,47.9646,158.896,2.79256e-07,54.2906,200.003,9.87351e-09,61.452,251.741,1.61085e-07,69.5585,316.859,-2.47141e-07,78.7347,398.812,8.93552e-08,89.1218,501.948,-2.53231e-07,100.879,631.736,-1.25047e-07,114.188,795.049,-1.78808e-07,129.252,1000.53,2.6733e-07,146.304,1259.03,4.50292e-07,165.605,1584.19,6.76904e-07,187.452,1993.12,-1.23808e-07,212.181,2507.27,-4.89068e-07,240.173,3153.54,-5.40284e-07,271.856,3965.56,1.86061e-07,307.719,4985.38,4.37004e-07,348.313,6265.4,3.59828e-07,394.26,7870.83,3.98192e-07,446.268,9882.51,-1.92908e-07,505.135,12400.3,-2.20392e-07,571.766,15546.9,1.51705e-07,647.184,19472.2,5.74996e-07,732.547,24357.4,5.39112e-07,829.167,30420,5.07815e-09,938.526,37916.3,-4.11492e-07,1062.3,47143.9,-3.9561e-07,1202.4,58439.2,3.86185e-08,1360.96,72169.3,5.94093e-07,1540.42,88715.8,7.47693e-07,1743.53,108445,1.78537e-07,1973.41,131665,-4.12549e-07,2233.57,158557,-5.37164e-07,2528,189103,-1.17615e-07,2861.2,222986,5.66769e-07,3238.27,259510,9.45053e-07,3664.97,297540,4.25093e-07,4147.81,335497,-3.58506e-07,4694.17,371444,-6.7724e-07,5312.37,403256,1.67192e-07,1.61744,3.89446,9.84394,3.28846,7.5504,12.774,5.07607,11.7187,13.6844,7.03202,16.8147,13.9681,9.20215,23.1769,14.0566,11.6301,31.1672,14.0841,14.3598,41.2186,14.0927,17.4376,53.8688,14.0954,20.9137,69.7915,14.0962,24.8432,89.8341,14.0965,29.2879,115.063,14.0966,34.3168,146.819,14.0966,40.0078,186.792,14.0966,46.4487,237.107,14.0966,53.7388,300.44,14.0966,61.9903,380.158,14.0966,71.3301,480.499,14.0966,81.902,606.796,14.0966,93.8685,765.761,14.0966,107.414,965.837,14.0966,122.746,1217.65,14.0966,140.101,1534.57,14.0966,159.745,1933.41,14.0966,181.981,2435.3,14.0966,207.15,3066.85,14.0966,235.64,3861.46,14.0966,267.889,4861.11,14.0966,304.391,6118.54,14.0966,345.709,7699.91,14.0966,392.478,9688.22,14.0966,445.417,12187.5,14.0966,505.339,15327.7,14.0966,573.165,19271.6,14.0966,649.938,24222,14.0966,736.839,30430.9,14.0966,835.202,38211.5,14.0966,946.539,47950.3,14.0966,1072.56,60122.8,14.0966,1215.21,75309.9,14.0966,1376.66,94216.2,14.0966,1559.41,117688,14.0966,1766.26,146729,14.0966,2000.39,182510,14.0966,2265.39,226372,14.0966,2565.33,279806,14.0966,2904.81,344416,14.0966,3289.05,421845,14.0966,3723.93,513667,14.0966,4216.13,621231,14.0966,4773.18,745478,14.0966,5403.64,886744,14.0966,6117.15,1.04457e+06,14.0966,6924.63,1.2176e+06,14.0966,11.7194,11.96,12.6541,13.9321,16.1295,13.6434,16.6097,21.9702,13.9553,19.7532,29.5285,14.0526,23.3844,39.1143,14.0829,27.5423,51.2054,14.0923,32.2796,66.434,14.0953,37.662,85.6061,14.0962,43.7675,109.74,14.0965,50.687,140.119,14.0966,58.5249,178.359,14.0966,67.4005,226.493,14.0966,77.4493,287.08,14.0966,88.8254,363.343,14.0966,101.703,459.336,14.0966,116.281,580.161,14.0966,132.782,732.241,14.0966,151.46,923.655,14.0966,172.603,1164.57,14.0966,196.535,1467.79,14.0966,223.625,1849.39,14.0966,254.288,2329.62,14.0966,288.997,2933.93,14.0966,328.285,3694.33,14.0966,372.755,4651.04,14.0966,423.092,5854.57,14.0966,480.07,7368.38,14.0966,544.564,9272.08,14.0966,617.566,11665.5,14.0966,700.197,14673.6,14.0966,793.729,18452.9,14.0966,899.599,23198.6,14.0966,1019.43,29154.1,14.0966,1155.07,36622.3,14.0966,1308.6,45977.9,14.0966,1482.39,57683.7,14.0966,1679.09,72307.8,14.0966,1901.73,90542.8,14.0966,2153.73,113226,14.0966,2438.97,141360,14.0966,2761.81,176127,14.0966,3127.22,218898,14.0966,3540.81,271226,14.0966,4008.92,334817,14.0966,4538.74,411470,14.0966,5138.38,502973,14.0966,5817.04,610948,14.0966,6585.12,736653,14.0966,7454.39,880741,14.0966,8438.15,1.04302e+06,14.0966,9551.45,1.22224e+06,14.0966,10811.3,1.41602e+06,14.0966,12237,1.62086e+06,14.0966,11.7194,11.96,12.6541,2.21263,4.16949,0.989383,2.67766,5.84076,0.311842,3.14343,7.55825,0.0972771,3.63127,9.58578,0.0303237,4.15787,12.0912,0.00945211,4.73731,15.2286,0.00294633,5.38238,19.1721,0.000918508,6.10553,24.134,0.000286163,6.91951,30.3791,8.92692e-05,7.83792,38.2397,2.78121e-05,8.87555,48.1338,8.65134e-06,10.0489,60.5876,2.7882e-06,11.3761,76.2629,8.29036e-07,12.8779,95.9927,2.4373e-07,14.5775,120.825,4.33068e-09,16.5012,152.08,1.75749e-07,18.6784,191.415,-1.86328e-07,21.1428,240.917,1.91829e-07,23.9322,303.213,-1.81475e-07,27.0895,381.602,7.0186e-08,30.6634,480.231,-2.86769e-08,34.7087,604.316,2.40784e-07,39.2876,760.401,9.87368e-08,44.4705,956.705,1.22263e-07,50.3371,1203.54,-4.31966e-07,56.9776,1513.81,-1.9705e-07,64.494,1903.69,-2.763e-08,73.0018,2393.4,3.9185e-07,82.6317,3008.13,1.35379e-07,93.5318,3779.25,-4.16351e-08,105.869,4745.7,2.06965e-08,119.834,5955.6,-3.18887e-07,135.641,7468.12,-1.48271e-08,153.531,9355.62,2.00739e-07,173.781,11705.8,2.28358e-07,196.701,14624.1,-1.93587e-08,222.642,18235,-2.88101e-07,252.003,22683.4,-2.24732e-07,285.234,28134,8.56806e-09,322.845,34767,2.34258e-07,365.413,42770.9,2.99668e-07,413.588,52327.9,8.28644e-08,468.111,63591.2,-3.07049e-07,529.814,76653.2,-3.1888e-07,599.642,91502.5,-6.72276e-08,678.662,107975,2.26339e-07,768.083,125705,3.69212e-07,869.267,144088,2.04077e-07,983.76,162277,-2.80509e-07,1113.3,179223,-4.22737e-07,1259.87,193777,-1.71951e-07,1425.68,204839,4.55555e-07,11.7194,11.96,12.6541,2.21263,4.16949,0.989383,2.67766,5.84076,0.311842,3.14343,7.55825,0.0972771,3.63127,9.58578,0.0303237,4.15787,12.0912,0.00945211,4.73731,15.2286,0.00294633,5.38238,19.1721,0.000918508,6.10553,24.134,0.000286163,6.91951,30.3791,8.92692e-05,7.83792,38.2397,2.78121e-05,8.87555,48.1338,8.65134e-06,10.0489,60.5876,2.7882e-06,11.3761,76.2629,8.29036e-07,12.8779,95.9927,2.4373e-07,14.5775,120.825,1e-08,16.5012,152.08,1.75749e-07,18.6784,191.415,1e-08,21.1428,240.917,1.91829e-07,23.9322,303.213,1e-08,27.0895,381.602,7.0186e-08,30.6634,480.231,1e-08,34.7087,604.316,2.40784e-07,39.2876,760.401,9.87368e-08,44.4705,956.705,1.22263e-07,50.3371,1203.54,1e-08,56.9776,1513.81,1e-08,64.494,1903.69,1e-08,73.0018,2393.4,3.9185e-07,82.6317,3008.13,1.35379e-07,93.5318,3779.25,1e-08,105.869,4745.7,2.06965e-08,119.834,5955.6,1e-08,135.641,7468.12,1e-08,153.531,9355.62,2.00739e-07,173.781,11705.8,2.28358e-07,196.701,14624.1,1e-08,222.642,18235,1e-08,252.003,22683.4,1e-08,285.234,28134,1e-08,322.845,34767,2.34258e-07,365.413,42770.9,2.99668e-07,413.588,52327.9,8.28644e-08,468.111,63591.2,1e-08,529.814,76653.2,1e-08,599.642,91502.5,1e-08,678.662,107975,2.26339e-07,768.083,125705,3.69212e-07,869.267,144088,2.04077e-07,983.76,162277,1e-08,1113.3,179223,1e-08,1259.87,193777,1e-08,1425.68,204839,4.55555e-07,6.2823,3.27286,2.43537,0.219672,6.18826,2.24117,0.56371,6.87772,2.63624,0.308279,2,14,4,3,8,1,1,4,0,2,5,0,3,6,0,9,16,0,10,6,0,5,14,0,6,19,0,5,19,0,9,15,0,4,44,0,6,45,0,15,92,0,7,58,0,16,105,0,18,73,0,21,247,0,32,165,0,41,236,0,25,611,0,46,365,0,68,281,0,51,1325,0,22,553,0,22,704,0,47,2484,0,120,1625,0,54,3363,0,85,3140,0,50,3645,0,72,4341,0,80,6744,0,151,5608,0,164,8403,0,176,20013,0,113,15195,0,142,18401,0,439,26959,0,194,27177,0,184,27662,0,401,47573,0,291,25749,0,298,41611,0,686,111072,0,856,83218,0,885,101939,0,545,65770,0,725,77575,0,830,159347,0,1631,255929,0,1474,138713,0,1458,192134,0
-1.05176e+08,1,8.88811e-15,10,1023,0,1.05176e+08,0.528882,1.08665,0.389689,0.145397,0.379329,3.24381,0.161596,0.446195,1.77396,0.159177,1.15e+07,4.49998e+06,6.79999e+06,1.15e+07,4.49997e+06,6.79999e+06,1.15e+07,4.49996e+06,6.79999e+06,1.15e+07,4.49995e+06,6.79999e+06,1.14999e+07,4.49993e+06,6.79999e+06,1.14999e+07,4.49991e+06,6.79999e+06,1.14999e+07,4.49989e+06,6.79999e+06,1.14999e+07,4.49986e+06,6.79999e+06,1.14999e+07,4.49982e+06,6.79999e+06,1.14999e+07,4.49977e+06,6.79999e+06,1.14999e+07,4.49971e+06,6.79999e+06,1.14999e+07,4.49963e+06,6.79999e+06,1.14998e+07,4.49953e+06,6.79999e+06,1.14998e+07,4.49941e+06,6.79999e+06,1.14998e+07,4.49926e+06,6.79999e+06,1.14998e+07,4.49906e+06,6.79999e+06,1.14997e+07,4.49882e+06,6.79999e+06,1.14997e+07,4.49851e+06,6.79999e+06,1.14997e+07,4.49812e+06,6.79999e+06,1.14996e+07,4.49764e+06,6.79999e+06,1.14996e+07,4.49702e+06,6.79999e+06,1.14995e+07,4.49625e+06,6.79999e+06,1.14995e+07,4.49528e+06,6.79999e+06,1.14994e+07,4.49406e+06,6.79999e+06,1.14993e+07,4.49253e+06,6.79999e+06,1.14992e+07,4.49059e+06,6.79999e+06,1.14991e+07,4.48817e+06,6.79999e+06,1.1499e+07,4.48511e+06,6.79999e+06,1.14988e+07,4.48128e+06,6.79999e+06,1.14987e+07,4.47646e+06,6.79999e+06,1.14985e+07,4.47041e+06,6.79999e+06,1.14983e+07,4.46281e+06,6.79999e+06,1.14981e+07,4.4533e+06,6.79999e+06,1.14979e+07,4.44138e+06,6.79999e+06,1.14976e+07,4.42649e+06,6.79999e+06,1.14972e+07,4.40789e+06,6.79999e+06,1.14969e+07,4.38471e+06,6.79999e+06,1.14965e+07,4.35592e+06,6.79999e+06,1.1496e+07,4.32027e+06,6.79999e+06,1.14955e+07,4.27629e+06,6.79999e+06,1.14949e+07,4.22231e+06,6.79999e+06,1.14942e+07,4.15647e+06,6.79999e+06,1.14934e+07,4.07676e+06,6.79999e+06,1.14926e+07,3.98112e+06,6.79999e+06,1.14916e+07,3.86765e+06,6.79999e+06,1.14905e+07,3.73474e+06,6.79999e+06,1.14892e+07,3.58148e+06,6.79999e+06,1.14878e+07,3.40785e+06,6.79999e+06,1.14862e+07,3.21513e+06,6.79999e+06,1.14844e+07,3.00605e+06,6.79999e+06,1.14823e+07,2.7848e+06,6.79999e+06,1.148e+07,2.5568e+06,6.79999e+06,1.14773e+07,2.32825e+06,6.79999e+06,13.5742,8.52444,0.508366,16.8306,13.2585,0.162638,20.0035,17.569,0.0507846,23.2616,22.4214,0.0158319,26.7328,28.3297,0.00493498,30.5212,35.6974,0.00153831,34.7178,44.9473,0.000479527,39.4086,56.5822,0.000149456,44.6796,71.2245,4.66214e-05,50.6209,89.6543,1.45419e-05,57.3297,112.852,4.54748e-06,64.9129,142.051,1.43857e-06,73.4897,178.803,4.36618e-07,83.1934,225.062,1.40153e-07,94.1745,283.286,4.96378e-08,106.602,356.568,1.05434e-07,120.669,448.799,-6.49244e-08,136.59,564.873,1.70148e-07,154.611,710.948,-5.34594e-08,175.008,894.767,1.63407e-07,198.097,1126.06,8.04804e-08,224.231,1417.07,1.14667e-07,253.813,1783.15,-1.71227e-07,287.297,2243.62,-2.88466e-07,325.198,2822.67,-4.33651e-07,368.098,3550.67,7.9318e-08,416.657,4465.65,3.13319e-07,471.621,5615.16,3.4613e-07,533.835,7058.61,-1.19199e-07,604.255,8870.02,-2.79964e-07,683.962,11141.4,-2.30521e-07,774.182,13986.7,-2.55099e-07,876.299,17546.4,1.23585e-07,991.883,21993.1,1.41192e-07,1122.71,27536.7,-9.71886e-08,1270.78,34430.7,-3.68368e-07,1438.38,42977.7,-3.45379e-07,1628.07,53532.7,-3.25328e-09,1842.77,66504.6,2.6362e-07,2085.77,82350.2,2.53445e-07,2360.79,101560,-2.47407e-08,2672.05,124632,-3.80602e-07,3024.31,152018,-4.79005e-07,3422.98,184060,-1.14379e-07,3874.15,220884,2.64297e-07,4384.72,262283,3.44131e-07,4962.49,307576,7.5349e-08,5616.29,355497,-3.63097e-07,6356.1,404126,-6.05442e-07,7193.18,450932,-2.72333e-07,8140.28,492963,2.29675e-07,9211.79,527178,4.3387e-07,10424,550893,-1.0711e-07,10.102,8.06553,2.81012,10.6436,8.57909,0.869423,11.5336,10.2515,0.270869,12.7211,12.7138,0.0844293,14.1823,15.9373,0.0263173,15.9122,20.0383,0.0082035,17.9198,25.2154,0.00255722,20.2244,31.7373,0.000797017,22.8539,39.9486,0.000248622,25.8438,50.2851,7.75492e-05,29.237,63.2963,2.42508e-05,33.0837,79.6738,7.67162e-06,37.4415,100.288,2.32837e-06,42.3767,126.236,7.33e-07,47.9646,158.896,2.79256e-07,54.2906,200.003,9.87351e-09,61.452,251.741,1.61085e-07,69.5585,316.859,-2.47141e-07,78.7347,398.812,8.93552e-08,89.1218,501.948,-2.53231e-07,100.879,631.736,-1.25047e-07,114.188,795.049,-1.78808e-07,129.252,1000.53,2.6733e-07,146.304,1259.03,4.50292e-07,165.605,1584.19,6.76904e-07,187.452,1993.12,-1.23808e-07,212.181,2507.27,-4.89068e-07,240.173,3153.54,-5.40284e-07,271.856,3965.56,1.86061e-07,307.719,4985.38,4.37004e-07,348.313,6265.4,3.59828e-07,394.26,7870.83,3.98192e-07,446.268,9882.51,-1.92908e-07,505.135,12400.3,-2.20392e-07,571.766,15546.9,1.51705e-07,647.184,19472.2,5.74996e-07,732.547,24357.4,5.39112e-07,829.167,30420,5.07815e-09,938.526,37916.3,-4.11492e-07,1062.3,47143.9,-3.9561e-07,1202.4,58439.2,3.86185e-08,1360.96,72169.3,5.94093e-07,1540.42,88715.8,7.47693e-07,1743.53,108445,1.78537e-07,1973.41,131665,-4.12549e-07,2233.57,158557,-5.37164e-07,2528,189103,-1.17615e-07,2861.2,222986,5.66769e-07,3238.27,259510,9.45053e-07,3664.97,297540,4.25093e-07,4147.81,335497,-3.58506e-07,4694.17,371444,-6.7724e-07,5312.37,403256,1.67192e-07,1.61744,3.89446,9.84394,3.28846,7.5504,12.774,5.07607,11.7187,13.6844,7.03202,16.8147,13.9681,9.20215,23.1769,14.0566,11.6301,31.1672,14.0841,14.3598,41.2186,14.0927,17.4376,53.8688,14.0954,20.9137,69.7915,14.0962,24.8432,89.8341,14.0965,29.2879,115.063,14.0966,34.3168,146.819,14.0966,40.0078,186.792,14.0966,46.4487,237.107,14.0966,53.7388,300.44,14.0966,61.9903,380.158,14.0966,71.3301,480.499,14.0966,81.902,606.796,14.0966,93.8685,765.761,14.0966,107.414,965.837,14.0966,122.746,1217.65,14.0966,140.101,1534.57,14.0966,159.745,1933.41,14.0966,181.981,2435.3,14.0966,207.15,3066.85,14.0966,235.64,3861.46,14.0966,267.889,4861.11,14.0966,304.391,6118.54,14.0966,345.709,7699.91,14.0966,392.478,9688.22,14.0966,445.417,12187.5,14.0966,505.339,15327.7,14.0966,573.165,19271.6,14.0966,649.938,24222,14.0966,736.839,30430.9,14.0966,835.202,38211.5,14.0966,946.539,47950.3,14.0966,1072.56,60122.8,14.0966,1215.21,75309.9,14.0966,1376.66,94216.2,14.0966,1559.41,117688,14.0966,1766.26,146729,14.0966,2000.39,182510,14.0966,2265.39,226372,14.0966,2565.33,279806,14.0966,2904.81,344416,14.0966,3289.05,421845,14.0966,3723.93,513667,14.0966,4216.13,621231,14.0966,4773.18,745478,14.0966,5403.64,886744,14.0966,6117.15,1.04457e+06,14.0966,6924.63,1.2176e+06,14.0966,11.7194,11.96,12.6541,13.9321,16.1295,13.6434,16.6097,21.9702,13.9553,19.7532,29.5285,14.0526,23.3844,39.1143,14.0829,27.5423,51.2054,14.0923,32.2796,66.434,14.0953,37.662,85.6061,14.0962,43.7675,109.74,14.0965,50.687,140.119,14.0966,58.5249,178.359,14.0966,67.4005,226.493,14.0966,77.4493,287.08,14.0966,88.8254,363.343,14.0966,101.703,459.336,14.0966,116.281,580.161,14.0966,132.782,732.241,14.0966,151.46,923.655,14.0966,172.603,1164.57,14.0966,196.535,1467.79,14.0966,223.625,1849.39,14.0966,254.288,2329.62,14.0966,288.997,2933.93,14.0966,328.285,3694.33,14.0966,372.755,4651.04,14.0966,423.092,5854.57,14.0966,480.07,7368.38,14.0966,544.564,9272.08,14.0966,617.566,11665.5,14.0966,700.197,14673.6,14.0966,793.729,18452.9,14.0966,899.599,23198.6,14.0966,1019.43,29154.1,14.0966,1155.07,36622.3,14.0966,1308.6,45977.9,14.0966,1482.39,57683.7,14.0966,1679.09,72307.8,14.0966,1901.73,90542.8,14.0966,2153.73,113226,14.0966,2438.97,141360,14.0966,2761.81,176127,14.0966,3127.22,218898,14.0966,3540.81,271226,14.0966,4008.92,334817,14.0966,4538.74,411470,14.0966,5138.38,502973,14.0966,5817.04,610948,14.0966,6585.12,736653,14.0966,7454.39,880741,14.0966,8438.15,1.04302e+06,14.0966,9551.45,1.22224e+06,14.0966,10811.3,1.41602e+06,14.0966,12237,1.62086e+06,14.0966,11.7194,11.96,12.6541,2.21263,4.16949,0.989383,2.67766,5.84076,0.311842,3.14343,7.55825,0.0972771,3.63127,9.58578,0.0303237,4.15787,12.0912,0.00945211,4.73731,15.2286,0.00294633,5.38238,19.1721,0.000918508,6.10553,24.134,0.000286163,6.91951,30.3791,8.92692e-05,7.83792,38.2397,2.78121e-05,8.87555,48.1338,8.65134e-06,10.0489,60.5876,2.7882e-06,11.3761,76.2629,8.29036e-07,12.8779,95.9927,2.4373e-07,14.5775,120.825,4.33068e-09,16.5012,152.08,1.75749e-07,18.6784,191.415,-1.86328e-07,21.1428,240.917,1.91829e-07,23.9322,303.213,-1.81475e-07,27.0895,381.602,7.0186e-08,30.6634,480.231,-2.86769e-08,34.7087,604.316,2.40784e-07,39.2876,760.401,9.87368e-08,44.4705,956.705,1.22263e-07,50.3371,1203.54,-4.31966e-07,56.9776,1513.81,-1.9705e-07,64.494,1903.69,-2.763e-08,73.0018,2393.4,3.9185e-07,82.6317,3008.13,1.35379e-07,93.5318,3779.25,-4.16351e-08,105.869,4745.7,2.06965e-08,119.834,5955.6,-3.18887e-07,135.641,7468.12,-1.48271e-08,153.531,9355.62,2.00739e-07,173.781,11705.8,2.28358e-07,196.701,14624.1,-1.93587e-08,222.642,18235,-2.88101e-07,252.003,22683.4,-2.24732e-07,285.234,28134,8.56806e-09,322.845,34767,2.34258e-07,365.413,42770.9,2.99668e-07,413.588,52327.9,8.28644e-08,468.111,63591.2,-3.07049e-07,529.814,76653.2,-3.1888e-07,599.642,91502.5,-6.72276e-08,678.662,107975,2.26339e-07,768.083,125705,3.69212e-07,869.267,144088,2.04077e-07,983.76,162277,-2.80509e-07,1113.3,179223,-4.22737e-07,1259.87,193777,-1.71951e-07,1425.68,204839,4.55555e-07,11.7194,11.96,12.6541,2.21263,4.16949,0.989383,2.67766,5.84076,0.311842,3.14343,7.55825,0.0972771,3.63127,9.58578,0.0303237,4.15787,12.0912,0.00945211,4.73731,15.2286,0.00294633,5.38238,19.1721,0.000918508,6.10553,24.134,0.000286163,6.91951,30.3791,8.92692e-05,7.83792,38.2397,2.78121e-05,8.87555,48.1338,8.65134e-06,10.0489,60.5876,2.7882e-06,11.3761,76.2629,8.29036e-07,12.8779,95.9927,2.4373e-07,14.5775,120.825,1e-08,16.5012,152.08,1.75749e-07,18.6784,191.415,1e-08,21.1428,240.917,1.91829e-07,23.9322,303.213,1e-08,27.0895,381.602,7.0186e-08,30.6634,480.231,1e-08,34.7087,604.316,2.40784e-07,39.2876,760.401,9.87368e-08,44.4705,956.705,1.22263e-07,50.3371,1203.54,1e-08,56.9776,1513.81,1e-08,64.494,1903.69,1e-08,73.0018,2393.4,3.9185e-07,82.6317,3008.13,1.35379e-07,93.5318,3779.25,1e-08,105.869,4745.7,2.06965e-08,119.834,5955.6,1e-08,135.641,7468.12,1e-08,153.531,9355.62,2.00739e-07,173.781,11705.8,2.28358e-07,196.701,14624.1,1e-08,222.642,18235,1e-08,252.003,22683.4,1e-08,285.234,28134,1e-08,322.845,34767,2.34258e-07,365.413,42770.9,2.99668e-07,413.588,52327.9,8.28644e-08,468.111,63591.2,1e-08,529.814,76653.2,1e-08,599.642,91502.5,1e-08,678.662,107975,2.26339e-07,768.083,125705,3.69212e-07,869.267,144088,2.04077e-07,983.76,162277,1e-08,1113.3,179223,1e-08,1259.87,193777,1e-08,1425.68,204839,4.55555e-07,6.2823,3.27286,2.43537,0.219672,6.18826,2.24117,0.56371,6.87772,2.63624,0.308279,13,10,21,1,3,2,3,10,0,5,5,0,1,4,0,3,14,0,1,28,0,6,27,0,5,13,0,4,15,0,14,28,0,5,60,0,22,55,0,22,81,0,13,72,0,20,258,0,33,102,0,46,247,0,8,194,0,32,769,0,27,323,0,20,563,0,38,844,0,23,791,0,40,562,0,43,1321,0,41,1012,0,86,2408,0,44,2908,0,130,4496,0,200,4346,0,94,10410,0,194,4701,0,139,7640,0,96,11494,0,178,18871,0,275,31580,0,281,6430,0,536,24975,0,173,49761,0,355,30084,0,440,54033,0,560,35481,0,372,73162,0,226,58057,0,452,77385,0,771,104131,0,918,146439,0,920,123960,0,1716,149809,0,1178,125492,0,1053,103971,0,2465,229079,0
-1.05176e+08,1,8.88811e-15,10,1023,0,1.05176e+08,0.528882,1.08665,0.389689,0.145397,0.379329,3.24381,0.161596,0.446195,1.77396,0.159177,1.15e+07,4.49998e+06,6.79999e+06,1.15e+07,4.49997e+06,6.79999e+06,1.15e+07,4.49996e+06,6.79999e+06,1.15e+07,4.49995e+06,6.79999e+06,1.14999e+07,4.49993e+06,6.79999e+06,1.14999e+07,4.49991e+06,6.79999e+06,1.14999e+07,4.49989e+06,6.79999e+06,1.14999e+07,4.49986e+06,6.79999e+06,1.14999e+07,4.49982e+06,6.79999e+06,1.14999e+07,4.49977e+06,6.79999e+06,1.14999e+07,4.49971e+06,6.79999e+06,1.14999e+07,4.49963e+06,6.79999e+06,1.14998e+07,4.49953e+06,6.79999e+06,1.14998e+07,4.49941e+06,6.79999e+06,1.14998e+07,4.49926e+06,6.79999e+06,1.14998e+07,4.49906e+06,6.79999e+06,1.14997e+07,4.49882e+06,6.79999e+06,1.14997e+07,4.49851e+06,6.79999e+06,1.14997e+07,4.49812e+06,6.79999e+06,1.14996e+07,4.49764e+06,6.79999e+06,1.14996e+07,4.49702e+06,6.79999e+06,1.14995e+07,4.49625e+06,6.79999e+06,1.14995e+07,4.49528e+06,6.79999e+06,1.14994e+07,4.49406e+06,6.79999e+06,1.14993e+07,4.49253e+06,6.79999e+06,1.14992e+07,4.49059e+06,6.79999e+06,1.14991e+07,4.48817e+06,6.79999e+06,1.1499e+07,4.48511e+06,6.79999e+06,1.14988e+07,4.48128e+06,6.79999e+06,1.14987e+07,4.47646e+06,6.79999e+06,1.14985e+07,4.47041e+06,6.79999e+06,1.14983e+07,4.46281e+06,6.79999e+06,1.14981e+07,4.4533e+06,6.79999e+06,1.14979e+07,4.44138e+06,6.79999e+06,1.14976e+07,4.42649e+06,6.79999e+06,1.14972e+07,4.40789e+06,6.79999e+06,1.14969e+07,4.38471e+06,6.79999e+06,1.14965e+07,4.35592e+06,6.79999e+06,1.1496e+07,4.32027e+06,6.79999e+06,1.14955e+07,4.27629e+06,6.79999e+06,1.14949e+07,4.22231e+06,6.79999e+06,1.14942e+07,4.15647e+06,6.79999e+06,1.14934e+07,4.07676e+06,6.79999e+06,1.14926e+07,3.98112e+06,6.79999e+06,1.14916e+07,3.86765e+06,6.79999e+06,1.14905e+07,3.73474e+06,6.79999e+06,1.14892e+07,3.58148e+06,6.79999e+06,1.14878e+07,3.40785e+06,6.79999e+06,1.14862e+07,3.21513e+06,6.79999e+06,1.14844e+07,3.00605e+06,6.79999e+06,1.14823e+07,2.7848e+06,6.79999e+06,1.148e+07,2.5568e+06,6.79999e+06,1.14773e+07,2.32825e+06,6.79999e+06,13.5742,8.52444,0.508366,16.8306,13.2585,0.162638,20.0035,17.569,0.0507846,23.2616,22.4214,0.0158319,26.7328,28.3297,0.00493498,30.5212,35.6974,0.00153831,34.7178,44.9473,0.000479527,39.4086,56.5822,0.000149456,44.6796,71.2245,4.66214e-05,50.6209,89.6543,1.45419e-05,57.3297,112.852,4.54748e-06,64.9129,142.051,1.43857e-06,73.4897,178.803,4.36618e-07,83.1934,225.062,1.40153e-07,94.1745,283.286,4.96378e-08,106.602,356.568,1.05434e-07,120.669,448.799,-6.49244e-08,136.59,564.873,1.70148e-07,154.611,710.948,-5.34594e-08,175.008,894.767,1.63407e-07,198.097,1126.06,8.04804e-08,224.231,1417.07,1.14667e-07,253.813,1783.15,-1.71227e-07,287.297,2243.62,-2.88466e-07,325.198,2822.67,-4.33651e-07,368.098,3550.67,7.9318e-08,416.657,4465.65,3.13319e-07,471.621,5615.16,3.4613e-07,533.835,7058.61,-1.19199e-07,604.255,8870.02,-2.79964e-07,683.962,11141.4,-2.30521e-07,774.182,13986.7,-2.55099e-07,876.299,17546.4,1.23585e-07,991.883,21993.1,1.41192e-07,1122.71,27536.7,-9.71886e-08,1270.78,34430.7,-3.68368e-07,1438.38,42977.7,-3.45379e-07,1628.07,53532.7,-3.25328e-09,1842.77,66504.6,2.6362e-07,2085.77,82350.2,2.53445e-07,2360.79,101560,-2.47407e-08,2672.05,124632,-3.80602e-07,3024.31,152018,-4.79005e-07,3422.98,184060,-1.14379e-07,3874.15,220884,2.64297e-07,4384.72,262283,3.44131e-07,4962.49,307576,7.5349e-08,5616.29,355497,-3.63097e-07,6356.1,404126,-6.05442e-07,7193.18,450932,-2.72333e-07,8140.28,492963,2.29675e-07,9211.79,527178,4.3387e-07,10424,550893,-1.0711e-07,10.102,8.06553,2.81012,10.6436,8.57909,0.869423,11.5336,10.2515,0.270869,12.7211,12.7138,0.0844293,14.1823,15.9373,0.0263173,15.9122,20.0383,0.0082035,17.9198,25.2154,0.00255722,20.2244,31.7373,0.000797017,22.8539,39.9486,0.000248622,25.8438,50.2851,7.75492e-05,29.237,63.2963,2.42508e-05,33.0837,79.6738,7.67162e-06,37.4415,100.288,2.32837e-06,42.3767,126.236,7.33e-07,47.9646,158.896,2.79256e-07,54.2906,200.003,9.87351e-09,61.452,251.741,1.61085e-07,69.5585,316.859,-2.47141e-07,78.7347,398.812,8.93552e-08,89.1218,501.948,-2.53231e-07,100.879,631.736,-1.25047e-07,114.188,795.049,-1.78808e-07,129.252,1000.53,2.6733e-07,146.304,1259.03,4.50292e-07,165.605,1584.19,6.76904e-07,187.452,1993.12,-1.23808e-07,212.181,2507.27,-4.89068e-07,240.173,3153.54,-5.40284e-07,271.856,3965.56,1.86061e-07,307.719,4985.38,4.37004e-07,348.313,6265.4,3.59828e-07,394.26,7870.83,3.98192e-07,446.268,9882.51,-1.92908e-07,505.135,12400.3,-2.20392e-07,571.766,15546.9,1.51705e-07,647.184,19472.2,5.74996e-07,732.547,24357.4,5.39112e-07,829.167,30420,5.07815e-09,938.526,37916.3,-4.11492e-07,1062.3,47143.9,-3.9561e-07,1202.4,58439.2,3.86185e-08,1360.96,72169.3,5.94093e-07,1540.42,88715.8,7.47693e-07,1743.53,108445,1.78537e-07,1973.41,131665,-4.12549e-07,2233.57,158557,-5.37164e-07,2528,189103,-1.17615e-07,2861.2,222986,5.66769e-07,3238.27,259510,9.45053e-07,3664.97,297540,4.25093e-07,4147.81,335497,-3.58506e-07,4694.17,371444,-6.7724e-07,5312.37,403256,1.67192e-07,1.61744,3.89446,9.84394,3.28846,7.5504,12.774,5.07607,11.7187,13.6844,7.03202,16.8147,13.9681,9.20215,23.1769,14.0566,11.6301,31.1672,14.0841,14.3598,41.2186,14.0927,17.4376,53.8688,14.0954,20.9137,69.7915,14.0962,24.8432,89.8341,14.0965,29.2879,115.063,14.0966,34.3168,146.819,14.0966,40.0078,186.792,14.0966,46.4487,237.107,14.0966,53.7388,300.44,14.0966,61.9903,380.158,14.0966,71.3301,480.499,14.0966,81.902,606.796,14.0966,93.8685,765.761,14.0966,107.414,965.837,14.0966,122.746,1217.65,14.0966,140.101,1534.57,14.0966,159.745,1933.41,14.0966,181.981,2435.3,14.0966,207.15,3066.85,14.0966,235.64,3861.46,14.0966,267.889,4861.11,14.0966,304.391,6118.54,14.0966,345.709,7699.91,14.0966,392.478,9688.22,14.0966,445.417,12187.5,14.0966,505.339,15327.7,14.0966,573.165,19271.6,14.0966,649.938,24222,14.0966,736.839,30430.9,14.0966,835.202,38211.5,14.0966,946.539,47950.3,14.0966,1072.56,60122.8,14.0966,1215.21,75309.9,14.0966,1376.66,94216.2,14.0966,1559.41,117688,14.0966,1766.26,146729,14.0966,2000.39,182510,14.0966,2265.39,226372,14.0966,2565.33,279806,14.0966,2904.81,344416,14.0966,3289.05,421845,14.0966,3723.93,513667,14.0966,4216.13,621231,14.0966,4773.18,745478,14.0966,5403.64,886744,14.0966,6117.15,1.04457e+06,14.0966,6924.63,1.2176e+06,14.0966,11.7194,11.96,12.6541,13.9321,16.1295,13.6434,16.6097,21.9702,13.9553,19.7532,29.5285,14.0526,23.3844,39.1143,14.0829,27.5423,51.2054,14.0923,32.2796,66.434,14.0953,37.662,85.6061,14.0962,43.7675,109.74,14.0965,50.687,140.119,14.0966,58.5249,178.359,14.0966,67.4005,226.493,14.0966,77.4493,287.08,14.0966,88.8254,363.343,14.0966,101.703,459.336,14.0966,116.281,580.161,14.0966,132.782,732.241,14.0966,151.46,923.655,14.0966,172.603,1164.57,14.0966,196.535,1467.79,14.0966,223.625,1849.39,14.0966,254.288,2329.62,14.0966,288.997,2933.93,14.0966,328.285,3694.33,14.0966,372.755,4651.04,14.0966,423.092,5854.57,14.0966,480.07,7368.38,14.0966,544.564,9272.08,14.0966,617.566,11665.5,14.0966,700.197,14673.6,14.0966,793.729,18452.9,14.0966,899.599,23198.6,14.0966,1019.43,29154.1,14.0966,1155.07,36622.3,14.0966,1308.6,45977.9,14.0966,1482.39,57683.7,14.0966,1679.09,72307.8,14.0966,1901.73,90542.8,14.0966,2153.73,113226,14.0966,2438.97,141360,14.0966,2761.81,176127,14.0966,3127.22,218898,14.0966,3540.81,271226,14.0966,4008.92,334817,14.0966,4538.74,411470,14.0966,5138.38,502973,14.0966,5817.04,610948,14.0966,6585.12,736653,14.0966,7454.39,880741,14.0966,8438.15,1.04302e+06,14.0966,9551.45,1.22224e+06,14.0966,10811.3,1.41602e+06,14.0966,12237,1.62086e+06,14.0966,11.7194,11.96,12.6541,2.21263,4.16949,0.989383,2.67766,5.84076,0.311842,3.14343,7.55825,0.0972771,3.63127,9.58578,0.0303237,4.15787,12.0912,0.00945211,4.73731,15.2286,0.00294633,5.38238,19.1721,0.000918508,6.10553,24.134,0.000286163,6.91951,30.3791,8.92692e-05,7.83792,38.2397,2.78121e-05,8.87555,48.1338,8.65134e-06,10.0489,60.5876,2.7882e-06,11.3761,76.2629,8.29036e-07,12.8779,95.9927,2.4373e-07,14.5775,120.825,4.33068e-09,16.5012,152.08,1.75749e-07,18.6784,191.415,-1.86328e-07,21.1428,240.917,1.91829e-07,23.9322,303.213,-1.81475e-07,27.0895,381.602,7.0186e-08,30.6634,480.231,-2.86769e-08,34.7087,604.316,2.40784e-07,39.2876,760.401,9.87368e-08,44.4705,956.705,1.22263e-07,50.3371,1203.54,-4.31966e-07,56.9776,1513.81,-1.9705e-07,64.494,1903.69,-2.763e-08,73.0018,2393.4,3.9185e-07,82.6317,3008.13,1.35379e-07,93.5318,3779.25,-4.16351e-08,105.869,4745.7,2.06965e-08,119.834,5955.6,-3.18887e-07,135.641,7468.12,-1.48271e-08,153.531,9355.62,2.00739e-07,173.781,11705.8,2.28358e-07,196.701,14624.1,-1.93587e-08,222.642,18235,-2.88101e-07,252.003,22683.4,-2.24732e-07,285.234,28134,8.56806e-09,322.845,34767,2.34258e-07,365.413,42770.9,2.99668e-07,413.588,52327.9,8.28644e-08,468.111,63591.2,-3.07049e-07,529.814,76653.2,-3.1888e-07,599.642,91502.5,-6.72276e-08,678.662,107975,2.26339e-07,768.083,125705,3.69212e-07,869.267,144088,2.04077e-07,983.76,162277,-2.80509e-07,1113.3,179223,-4.22737e-07,1259.87,193777,-1.71951e-07,1425.68,204839,4.55555e-07,11.7194,11.96,12.6541,2.21263,4.16949,0.989383,2.67766,5.84076,0.311842,3.14343,7.55825,0.0972771,3.63127,9.58578,0.0303237,4.15787,12.0912,0.00945211,4.73731,15.2286,0.00294633,5.38238,19.1721,0.000918508,6.10553,24.134,0.000286163,6.91951,30.3791,8.92692e-05,7.83792,38.2397,2.78121e-05,8.87555,48.1338,8.65134e-06,10.0489,60.5876,2.7882e-06,11.3761,76.2629,8.29036e-07,12.8779,95.9927,2.4373e-07,14.5775,120.825,1e-08,16.5012,152.08,1.75749e-07,18.6784,191.415,1e-08,21.1428,240.917,1.91829e-07,23.9322,303.213,1e-08,27.0895,381.602,7.0186e-08,30.6634,480.231,1e-08,34.7087,604.316,2.40784e-07,39.2876,760.401,9.87368e-08,44.4705,956.705,1.22263e-07,50.3371,1203.54,1e-08,56.9776,1513.81,1e-08,64.494,1903.69,1e-08,73.0018,2393.4,3.9185e-07,82.6317,3008.13,1.35379e-07,93.5318,3779.25,1e-08,105.869,4745.7,2.06965e-08,119.834,5955.6,1e-08,135.641,7468.12,1e-08,153.531,9355.62,2.00739e-07,173.781,11705.8,2.28358e-07,196.701,14624.1,1e-08,222.642,18235,1e-08,252.003,22683.4,1e-08,285.234,28134,1e-08,322.845,34767,2.34258e-07,365.413,42770.9,2.99668e-07,413.588,52327.9,8.28644e-08,468.111,63591.2,1e-08,529.814,76653.2,1e-08,599.642,91502.5,1e-08,678.662,107975,2.26339e-07,768.083,125705,3.69212e-07,869.267,144088,2.04077e-07,983.76,162277,1e-08,1113.3,179223,1e-08,1259.87,193777,1e-08,1425.68,204839,4.55555e-07,6.2823,3.27286,2.43537,0.219672,6.18826,2.24117,0.56371,6.87772,2.63624,0.308279,11,8,3,1,3,1,2,6,0,3,7,0,1,13,0,5,6,0,5,16,0,5,18,0,6,22,0,3,31,0,2,48,0,11,53,0,6,46,0,16,74,0,20,108,0,11,183,0,10,232,0,14,112,0,26,415,0,16,184,0,25,221,0,29,400,0,35,877,0,29,1017,0,76,446,0,52,1047,0,43,1371,0,69,1943,0,64,3269,0,119,2483,0,80,3300,0,218,5241,0,110,5982,0,112,8910,0,127,7349,0,204,10885,0,215,10030,0,300,11095,0,162,17085,0,355,23615,0,346,33730,0,371,64790,0,454,66036,0,613,125608,0,381,74595,0,1157,129880,0,473,120108,0,766,124635,0,819,123021,0,735,221102,0,565,228802,0,1084,191864,0,748,252596,0
-1.05176e+08,1,8.88811e-15,10,1023,0,1.05176e+08,0.528882,1.08665,0.389689,0.145397,0.379329,3.24381,0.161596,0.446195,1.77396,0.159177,1.15e+07,4.49998e+06,6.79999e+06,1.15e+07,4.49997e+06,6.79999e+06,1.15e+07,4.49996e+06,6.79999e+06,1.15e+07,4.49995e+06,6.79999e+06,1.14999e+07,4.49993e+06,6.79999e+06,1.14999e+07,4.49991e+06,6.79999e+06,1.14999e+07,4.49989e+06,6.79999e+06,1.14999e+07,4.49986e+06,6.79999e+06,1.14999e+07,4.49982e+06,6.79999e+06,1.14999e+07,4.49977e+06,6.79999e+06,1.14999e+07,4.49971e+06,6.79999e+06,1.14999e+07,4.49963e+06,6.79999e+06,1.14998e+07,4.49953e+06,6.79999e+06,1.14998e+07,4.49941e+06,6.79999e+06,1.14998e+07,4.49926e+06,6.79999e+06,1.14998e+07,4.49906e+06,6.79999e+06,1.14997e+07,4.49882e+06,6.79999e+06,1.14997e+07,4.49851e+06,6.79999e+06,1.14997e+07,4.49812e+06,6.79999e+06,1.14996e+07,4.49764e+06,6.79999e+06,1.14996e+07,4.49702e+06,6.79999e+06,1.14995e+07,4.49625e+06,6.79999e+06,1.14995e+07,4.49528e+06,6.79999e+06,1.14994e+07,4.49406e+06,6.79999e+06,1.14993e+07,4.49253e+06,6.79999e+06,1.14992e+07,4.49059e+06,6.79999e+06,1.14991e+07,4.48817e+06,6.79999e+06,1.1499e+07,4.48511e+06,6.79999e+06,1.14988e+07,4.48128e+06,6.79999e+06,1.14987e+07,4.47646e+06,6.79999e+06,1.14985e+07,4.47041e+06,6.79999e+06,1.14983e+07,4.46281e+06,6.79999e+06,1.14981e+07,4.4533e+06,6.79999e+06,1.14979e+07,4.44138e+06,6.79999e+06,1.14976e+07,4.42649e+06,6.79999e+06,1.14972e+07,4.40789e+06,6.79999e+06,1.14969e+07,4.38471e+06,6.79999e+06,1.14965e+07,4.35592e+06,6.79999e+06,1.1496e+07,4.32027e+06,6.79999e+06,1.14955e+07,4.27629e+06,6.79999e+06,1.14949e+07,4.22231e+06,6.79999e+06,1.14942e+07,4.15647e+06,6.79999e+06,1.14934e+07,4.07676e+06,6.79999e+06,1.14926e+07,3.98112e+06,6.79999e+06,1.14916e+07,3.86765e+06,6.79999e+06,1.14905e+07,3.73474e+06,6.79999e+06,1.14892e+07,3.58148e+06,6.79999e+06,1.14878e+07,3.40785e+06,6.79999e+06,1.14862e+07,3.21513e+06,6.79999e+06,1.14844e+07,3.00605e+06,6.79999e+06,1.14823e+07,2.7848e+06,6.79999e+06,1.148e+07,2.5568e+06,6.79999e+06,1.14773e+07,2.32825e+06,6.79999e+06,13.5742,8.52444,0.508366,16.8306,13.2585,0.162638,20.0035,17.569,0.0507846,23.2616,22.4214,0.0158319,26.7328,28.3297,0.00493498,30.5212,35.6974,0.00153831,34.7178,44.9473,0.000479527,39.4086,56.5822,0.000149456,44.6796,71.2245,4.66214e-05,50.6209,89.6543,1.45419e-05,57.3297,112.852,4.54748e-06,64.9129,142.051,1.43857e-06,73.4897,178.803,4.36618e-07,83.1934,225.062,1.40153e-07,94.1745,283.286,4.96378e-08,106.602,356.568,1.05434e-07,120.669,448.799,-6.49244e-08,136.59,564.873,1.70148e-07,154.611,710.948,-5.34594e-08,175.008,894.767,1.63407e-07,198.097,1126.06,8.04804e-08,224.231,1417.07,1.14667e-07,253.813,1783.15,-1.71227e-07,287.297,2243.62,-2.88466e-07,325.198,2822.67,-4.33651e-07,368.098,3550.67,7.9318e-08,416.657,4465.65,3.13319e-07,471.621,5615.16,3.4613e-07,533.835,7058.61,-1.19199e-07,604.255,8870.02,-2.79964e-07,683.962,11141.4,-2.30521e-07,774.182,13986.7,-2.55099e-07,876.299,17546.4,1.23585e-07,991.883,21993.1,1.41192e-07,1122.71,27536.7,-9.71886e-08,1270.78,34430.7,-3.68368e-07,1438.38,42977.7,-3.45379e-07,1628.07,53532.7,-3.25328e-09,1842.77,66504.6,2.6362e-07,2085.77,82350.2,2.53445e-07,2360.79,101560,-2.47407e-08,2672.05,124632,-3.80602e-07,3024.31,152018,-4.79005e-07,3422.98,184060,-1.14379e-07,3874.15,220884,2.64297e-07,4384.72,262283,3.44131e-07,4962.49,307576,7.5349e-08,5616.29,355497,-3.63097e-07,6356.1,404126,-6.05442e-07,7193.18,450932,-2.72333e-07,8140.28,492963,2.29675e-07,9211.79,527178,4.3387e-07,10424,550893,-1.0711e-07,10.102,8.06553,2.81012,10.6436,8.57909,0.869423,11.5336,10.2515,0.270869,12.7211,12.7138,0.0844293,14.1823,15.9373,0.0263173,15.9122,20.0383,0.0082035,17.9198,25.2154,0.00255722,20.2244,31.7373,0.000797017,22.8539,39.9486,0.000248622,25.8438,50.2851,7.75492e-05,29.237,63.2963,2.42508e-05,33.0837,79.6738,7.67162e-06,37.4415,100.288,2.32837e-06,42.3767,126.236,7.33e-07,47.9646,158.896,2.79256e-07,54.2906,200.003,9.87351e-09,61.452,251.741,1.61085e-07,69.5585,316.859,-2.47141e-07,78.7347,398.812,8.93552e-08,89.1218,501.948,-2.53231e-07,100.879,631.736,-1.25047e-07,114.188,795.049,-1.78808e-07,129.252,1000.53,2.6733e-07,146.304,1259.03,4.50292e-07,165.605,1584.19,6.76904e-07,187.452,1993.12,-1.23808e-07,212.181,2507.27,-4.89068e-07,240.173,3153.54,-5.40284e-07,271.856,3965.56,1.86061e-07,307.719,4985.38,4.37004e-07,348.313,6265.4,3.59828e-07,394.26,7870.83,3.98192e-07,446.268,9882.51,-1.92908e-07,505.135,12400.3,-2.20392e-07,571.766,15546.9,1.51705e-07,647.184,19472.2,5.74996e-07,732.547,24357.4,5.39112e-07,829.167,30420,5.07815e-09,938.526,37916.3,-4.11492e-07,1062.3,47143.9,-3.9561e-07,1202.4,58439.2,3.86185e-08,1360.96,72169.3,5.94093e-07,1540.42,88715.8,7.47693e-07,1743.53,108445,1.78537e-07,1973.41,131665,-4.12549e-07,2233.57,158557,-5.37164e-07,2528,189103,-1.17615e-07,2861.2,222986,5.66769e-07,3238.27,259510,9.45053e-07,3664.97,297540,4.25093e-07,4147.81,335497,-3.58506e-07,4694.17,371444,-6.7724e-07,5312.37,403256,1.67192e-07,1.61744,3.89446,9.84394,3.28846,7.5504,12.774,5.07607,11.7187,13.6844,7.03202,16.8147,13.9681,9.20215,23.1769,14.0566,11.6301,31.1672,14.0841,14.3598,41.2186,14.0927,17.4376,53.8688,14.0954,20.9137,69.7915,14.0962,24.8432,89.8341,14.0965,29.2879,115.063,14.0966,34.3168,146.819,14.0966,40.0078,186.792,14.0966,46.4487,237.107,14.0966,53.7388,300.44,14.0966,61.9903,380.158,14.0966,71.3301,480.499,14.0966,81.902,606.796,14.0966,93.8685,765.761,14.0966,107.414,965.837,14.0966,122.746,1217.65,14.0966,140.101,1534.57,14.0966,159.745,1933.41,14.0966,181.981,2435.3,14.0966,207.15,3066.85,14.0966,235.64,3861.46,14.0966,267.889,4861.11,14.0966,304.391,6118.54,14.0966,345.709,7699.91,14.0966,392.478,9688.22,14.0966,445.417,12187.5,14.0966,505.339,15327.7,14.0966,573.165,19271.6,14.0966,649.938,24222,14.0966,736.839,30430.9,14.0966,835.202,38211.5,14.0966,946.539,47950.3,14.0966,1072.56,60122.8,14.0966,1215.21,75309.9,14.0966,1376.66,94216.2,14.0966,1559.41,117688,14.0966,1766.26,146729,14.0966,2000.39,182510,14.0966,2265.39,226372,14.0966,2565.33,279806,14.0966,2904.81,344416,14.0966,3289.05,421845,14.0966,3723.93,513667,14.0966,4216.13,621231,14.0966,4773.18,745478,14.0966,5403.64,886744,14.0966,6117.15,1.04457e+06,14.0966,6924.63,1.2176e+06,14.0966,11.7194,11.96,12.6541,13.9321,16.1295,13.6434,16.6097,21.9702,13.9553,19.7532,29.5285,14.0526,23.3844,39.1143,14.0829,27.5423,51.2054,14.0923,32.2796,66.434,14.0953,37.662,85.6061,14.0962,43.7675,109.74,14.0965,50.687,140.119,14.0966,58.5249,178.359,14.0966,67.4005,226.493,14.0966,77.4493,287.08,14.0966,88.8254,363.343,14.0966,101.703,459.336,14.0966,116.281,580.161,14.0966,132.782,732.241,14.0966,151.46,923.655,14.0966,172.603,1164.57,14.0966,196.535,1467.79,14.0966,223.625,1849.39,14.0966,254.288,2329.62,14.0966,288.997,2933.93,14.0966,328.285,3694.33,14.0966,372.755,4651.04,14.0966,423.092,5854.57,14.0966,480.07,7368.38,14.0966,544.564,9272.08,14.0966,617.566,11665.5,14.0966,700.197,14673.6,14.0966,793.729,18452.9,14.0966,899.599,23198.6,14.0966,1019.43,29154.1,14.0966,1155.07,36622.3,14.0966,1308.6,45977.9,14.0966,1482.39,57683.7,14.0966,1679.09,72307.8,14.0966,1901.73,90542.8,14.0966,2153.73,113226,14.0966,2438.97,141360,14.0966,2761.81,176127,14.0966,3127.22,218898,14.0966,3540.81,271226,14.0966,4008.92,334817,14.0966,4538.74,411470,14.0966,5138.38,502973,14.0966,5817.04,610948,14.0966,6585.12,736653,14.0966,7454.39,880741,14.0966,8438.15,1.04302e+06,14.0966,9551.45,1.22224e+06,14.0966,10811.3,1.41602e+06,14.0966,12237,1.62086e+06,14.0966,11.7194,11.96,12.6541,2.21263,4.16949,0.989383,2.67766,5.84076,0.311842,3.14343,7.55825,0.0972771,3.63127,9.58578,0.0303237,4.15787,12.0912,0.00945211,4.73731,15.2286,0.00294633,5.38238,19.1721,0.000918508,6.10553,24.134,0.000286163,6.91951,30.3791,8.92692e-05,7.83792,38.2397,2.78121e-05,8.87555,48.1338,8.65134e-06,10.0489,60.5876,2.7882e-06,11.3761,76.2629,8.29036e-07,12.8779,95.9927,2.4373e-07,14.5775,120.825,4.33068e-09,16.5012,152.08,1.75749e-07,18.6784,191.415,-1.86328e-07,21.1428,240.917,1.91829e-07,23.9322,303.213,-1.81475e-07,27.0895,381.602,7.0186e-08,30.6634,480.231,-2.86769e-08,34.7087,604.316,2.40784e-07,39.2876,760.401,9.87368e-08,44.4705,956.705,1.22263e-07,50.3371,1203.54,-4.31966e-07,56.9776,1513.81,-1.9705e-07,64.494,1903.69,-2.763e-08,73.0018,2393.4,3.9185e-07,82.6317,3008.13,1.35379e-07,93.5318,3779.25,-4.16351e-08,105.869,4745.7,2.06965e-08,119.834,5955.6,-3.18887e-07,135.641,7468.12,-1.48271e-08,153.531,9355.62,2.00739e-07,173.781,11705.8,2.28358e-07,196.701,14624.1,-1.93587e-08,222.642,18235,-2.88101e-07,252.003,22683.4,-2.24732e-07,285.234,28134,8.56806e-09,322.845,34767,2.34258e-07,365.413,42770.9,2.99668e-07,413.588,52327.9,8.28644e-08,468.111,63591.2,-3.07049e-07,529.814,76653.2,-3.1888e-07,599.642,91502.5,-6.72276e-08,678.662,107975,2.26339e-07,768.083,125705,3.69212e-07,869.267,144088,2.04077e-07,983.76,162277,-2.80509e-07,1113.3,179223,-4.22737e-07,1259.87,193777,-1.71951e-07,1425.68,204839,4.55555e-07,11.7194,11.96,12.6541,2.21263,4.16949,0.989383,2.67766,5.84076,0.311842,3.14343,7.55825,0.0972771,3.63127,9.58578,0.0303237,4.15787,12.0912,0.00945211,4.73731,15.2286,0.00294633,5.38238,19.1721,0.000918508,6.10553,24.134,0.000286163,6.91951,30.3791,8.92692e-05,7.83792,38.2397,2.78121e-05,8.87555,48.1338,8.65134e-06,10.0489,60.5876,2.7882e-06,11.3761,76.2629,8.29036e-07,12.8779,95.9927,2.4373e-07,14.5775,120.825,1e-08,16.5012,152.08,1.75749e-07,18.6784,191.415,1e-08,21.1428,240.917,1.91829e-07,23.9322,303.213,1e-08,27.0895,381.602,7.0186e-08,30.6634,480.231,1e-08,34.7087,604.316,2.40784e-07,39.2876,760.401,9.87368e-08,44.4705,956.705,1.22263e-07,50.3371,1203.54,1e-08,56.9776,1513.81,1e-08,64.494,1903.69,1e-08,73.0018,2393.4,3.9185e-07,82.6317,3008.13,1.35379e-07,93.5318,3779.25,1e-08,105.869,4745.7,2.06965e-08,119.834,5955.6,1e-08,135.641,7468.12,1e-08,153.531,9355.62,2.00739e-07,173.781,11705.8,2.28358e-07,196.701,14624.1,1e-08,222.642,18235,1e-08,252.003,22683.4,1e-08,285.234,28134,1e-08,322.845,34767,2.34258e-07,365.413,42770.9,2.99668e-07,413.588,52327.9,8.28644e-08,468.111,63591.2,1e-08,529.814,76653.2,1e-08,599.642,91502.5,1e-08,678.662,107975,2.26339e-07,768.083,125705,3.69212e-07,869.267,144088,2.04077e-07,983.76,162277,1e-08,1113.3,179223,1e-08,1259.87,193777,1e-08,1425.68,204839,4.55555e-07,6.2823,3.27286,2.43537,0.219672,6.18826,2.24117,0.56371,6.87772,2.63624,0.308279,6,5,9,3,5,0,6,10,0,1,7,0,6,12,0,7,6,0,2,8,0,6,30,0,5,14,0,9,19,0,11,33,0,4,101,0,14,42,0,20,55,0,13,114,0,13,186,0,7,193,0,31,215,0,21,239,0,11,199,0,31,434,0,39,634,0,33,547,0,66,666,0,27,810,0,56,269,0,51,1334,0,86,1258,0,86,1816,0,78,2980,0,43,4716,0,116,5200,0,133,3247,0,152,7883,0,93,5028,0,76,11460,0,93,23323,0,298,14568,0,214,23909,0,279,20851,0,180,43695,0,460,31254,0,556,33511,0,415,80848,0,552,50975,0,681,97226,0,1035,71645,0,583,169289,0,1244,93654,0,535,126150,0,660,170745,0,1494,88114,0,1831,163697,0
-1.05176e+08,8.09534e-47,8.88811e-15,10,1023,0,1.05176e+08,0.528882,1.08665,0.389689,0.145397,0.379329,3.24381,0.161596,0.446195,1.77396,0.159177,1.15e+07,4.49998e+06,6.79999e+06,1.15e+07,4.49997e+06,6.79999e+06,1.15e+07,4.49996e+06,6.79999e+06,1.15e+07,4.49995e+06,6.79999e+06,1.14999e+07,4.49993e+06,6.79999e+06,1.14999e+07,4.49991e+06,6.79999e+06,1.14999e+07,4.49989e+06,6.79999e+06,1.14999e+07,4.49986e+06,6.79999e+06,1.14999e+07,4.49982e+06,6.79999e+06,1.14999e+07,4.49977e+06,6.79999e+06,1.14999e+07,4.49971e+06,6.79999e+06,1.14999e+07,4.49963e+06,6.79999e+06,1.14998e+07,4.49953e+06,6.79999e+06,1.14998e+07,4.49941e+06,6.79999e+06,1.14998e+07,4.49926e+06,6.79999e+06,1.14998e+07,4.49906e+06,6.79999e+06,1.14997e+07,4.49882e+06,6.79999e+06,1.14997e+07,4.49851e+06,6.79999e+06,1.14997e+07,4.49812e+06,6.79999e+06,1.14996e+07,4.49764e+06,6.79999e+06,1.14996e+07,4.49702e+06,6.79999e+06,1.14995e+07,4.49625e+06,6.79999e+06,1.14995e+07,4.49528e+06,6.79999e+06,1.14994e+07,4.49406e+06,6.79999e+06,1.14993e+07,4.49253e+06,6.79999e+06,1.14992e+07,4.49059e+06,6.79999e+06,1.14991e+07,4.48817e+06,6.79999e+06,1.1499e+07,4.48511e+06,6.79999e+06,1.14988e+07,4.48128e+06,6.79999e+06,1.14987e+07,4.47646e+06,6.79999e+06,1.14985e+07,4.47041e+06,6.79999e+06,1.14983e+07,4.46281e+06,6.79999e+06,1.14981e+07,4.4533e+06,6.79999e+06,1.14979e+07,4.44138e+06,6.79999e+06,1.14976e+07,4.42649e+06,6.79999e+06,1.14972e+07,4.40789e+06,6.79999e+06,1.14969e+07,4.38471e+06,6.79999e+06,1.14965e+07,4.35592e+06,6.79999e+06,1.1496e+07,4.32027e+06,6.79999e+06,1.14955e+07,4.27629e+06,6.79999e+06,1.14949e+07,4.22231e+06,6.79999e+06,1.14942e+07,4.15647e+06,6.79999e+06,1.14934e+07,4.07676e+06,6.79999e+06,1.14926e+07,3.98112e+06,6.79999e+06,1.14916e+07,3.86765e+06,6.79999e+06,1.14905e+07,3.73474e+06,6.79999e+06,1.14892e+07,3.58148e+06,6.79999e+06,1.14878e+07,3.40785e+06,6.79999e+06,1.14862e+07,3.21513e+06,6.79999e+06,1.14844e+07,3.00605e+06,6.79999e+06,1.14823e+07,2.7848e+06,6.79999e+06,1.148e+07,2.5568e+06,6.79999e+06,1.14773e+07,2.32825e+06,6.79999e+06,13.5742,8.52444,0.508366,16.8306,13.2585,0.162638,20.0035,17.569,0.0507846,23.2616,22.4214,0.0158319,26.7328,28.3297,0.00493498,30.5212,35.6974,0.00153831,34.7178,44.9473,0.000479527,39.4086,56.5822,0.000149456,44.6796,71.2245,4.66214e-05,50.6209,89.6543,1.45419e-05,57.3297,112.852,4.54748e-06,64.9129,142.051,1.43857e-06,73.4897,178.803,4.36618e-07,83.1934,225.062,1.40153e-07,94.1745,283.286,4.96378e-08,106.602,356.568,1.05434e-07,120.669,448.799,-6.49244e-08,136.59,564.873,1.70148e-07,154.611,710.948,-5.34594e-08,175.008,894.767,1.63407e-07,198.097,1126.06,8.04804e-08,224.231,1417.07,1.14667e-07,253.813,1783.15,-1.71227e-07,287.297,2243.62,-2.88466e-07,325.198,2822.67,-4.33651e-07,368.098,3550.67,7.9318e-08,416.657,4465.65,3.13319e-07,471.621,5615.16,3.4613e-07,533.835,7058.61,-1.19199e-07,604.255,8870.02,-2.79964e-07,683.962,11141.4,-2.30521e-07,774.182,13986.7,-2.55099e-07,876.299,17546.4,1.23585e-07,991.883,21993.1,1.41192e-07,1122.71,27536.7,-9.71886e-08,1270.78,34430.7,-3.68368e-07,1438.38,42977.7,-3.45379e-07,1628.07,53532.7,-3.25328e-09,1842.77,66504.6,2.6362e-07,2085.77,82350.2,2.53445e-07,2360.79,101560,-2.47407e-08,2672.05,124632,-3.80602e-07,3024.31,152018,-4.79005e-07,3422.98,184060,-1.14379e-07,3874.15,220884,2.64297e-07,4384.72,262283,3.44131e-07,4962.49,307576,7.5349e-08,5616.29,355497,-3.63097e-07,6356.1,404126,-6.05442e-07,7193.18,450932,-2.72333e-07,8140.28,492963,2.29675e-07,9211.79,527178,4.3387e-07,10424,550893,-1.0711e-07,10.102,8.06553,2.81012,10.6436,8.57909,0.869423,11.5336,10.2515,0.270869,12.7211,12.7138,0.0844293,14.1823,15.9373,0.0263173,15.9122,20.0383,0.0082035,17.9198,25.2154,0.00255722,20.2244,31.7373,0.000797017,22.8539,39.9486,0.000248622,25.8438,50.2851,7.75492e-05,29.237,63.2963,2.42508e-05,33.0837,79.6738,7.67162e-06,37.4415,100.288,2.32837e-06,42.3767,126.236,7.33e-07,47.9646,158.896,2.79256e-07,54.2906,200.003,9.87351e-09,61.452,251.741,1.61085e-07,69.5585,316.859,-2.47141e-07,78.7347,398.812,8.93552e-08,89.1218,501.948,-2.53231e-07,100.879,631.736,-1.25047e-07,114.188,795.049,-1.78808e-07,129.252,1000.53,2.6733e-07,146.304,1259.03,4.50292e-07,165.605,1584.19,6.76904e-07,187.452,1993.12,-1.23808e-07,212.181,2507.27,-4.89068e-07,240.173,3153.54,-5.40284e-07,271.856,3965.56,1.86061e-07,307.719,4985.38,4.37004e-07,348.313,6265.4,3.59828e-07,394.26,7870.83,3.98192e-07,446.268,9882.51,-1.92908e-07,505.135,12400.3,-2.20392e-07,571.766,15546.9,1.51705e-07,647.184,19472.2,5.74996e-07,732.547,24357.4,5.39112e-07,829.167,30420,5.07815e-09,938.526,37916.3,-4.11492e-07,1062.3,47143.9,-3.9561e-07,1202.4,58439.2,3.86185e-08,1360.96,72169.3,5.94093e-07,1540.42,88715.8,7.47693e-07,1743.53,108445,1.78537e-07,1973.41,131665,-4.12549e-07,2233.57,158557,-5.37164e-07,2528,189103,-1.17615e-07,2861.2,222986,5.66769e-07,3238.27,259510,9.45053e-07,3664.97,297540,4.25093e-07,4147.81,335497,-3.58506e-07,4694.17,371444,-6.7724e-07,5312.37,403256,1.67192e-07,1.61744,3.89446,9.84394,3.28846,7.5504,12.774,5.07607,11.7187,13.6844,7.03202,16.8147,13.9681,9.20215,23.1769,14.0566,11.6301,31.1672,14.0841,14.3598,41.2186,14.0927,17.4376,53.8688,14.0954,20.9137,69.7915,14.0962,24.8432,89.8341,14.0965,29.2879,115.063,14.0966,34.3168,146.819,14.0966,40.0078,186.792,14.0966,46.4487,237.107,14.0966,53.7388,300.44,14.0966,61.9903,380.158,14.0966,71.3301,480.499,14.0966,81.902,606.796,14.0966,93.8685,765.761,14.0966,107.414,965.837,14.0966,122.746,1217.65,14.0966,140.101,1534.57,14.0966,159.745,1933.41,14.0966,181.981,2435.3,14.0966,207.15,3066.85,14.0966,235.64,3861.46,14.0966,267.889,4861.11,14.0966,304.391,6118.54,14.0966,345.709,7699.91,14.0966,392.478,9688.22,14.0966,445.417,12187.5,14.0966,505.339,15327.7,14.0966,573.165,19271.6,14.0966,649.938,24222,14.0966,736.839,30430.9,14.0966,835.202,38211.5,14.0966,946.539,47950.3,14.0966,1072.56,60122.8,14.0966,1215.21,75309.9,14.0966,1376.66,94216.2,14.0966,1559.41,117688,14.0966,1766.26,146729,14.0966,2000.39,182510,14.0966,2265.39,226372,14.0966,2565.33,279806,14.0966,2904.81,344416,14.0966,3289.05,421845,14.0966,3723.93,513667,14.0966,4216.13,621231,14.0966,4773.18,745478,14.0966,5403.64,886744,14.0966,6117.15,1.04457e+06,14.0966,6924.63,1.2176e+06,14.0966,11.7194,11.96,12.6541,13.9321,16.1295,13.6434,16.6097,21.9702,13.9553,19.7532,29.5285,14.0526,23.3844,39.1143,14.0829,27.5423,51.2054,14.0923,32.2796,66.434,14.0953,37.662,85.6061,14.0962,43.7675,109.74,14.0965,50.687,140.119,14.0966,58.5249,178.359,14.0966,67.4005,226.493,14.0966,77.4493,287.08,14.0966,88.8254,363.343,14.0966,101.703,459.336,14.0966,116.281,580.161,14.0966,132.782,732.241,14.0966,151.46,923.655,14.0966,172.603,1164.57,14.0966,196.535,1467.79,14.0966,223.625,1849.39,14.0966,254.288,2329.62,14.0966,288.997,2933.93,14.0966,328.285,3694.33,14.0966,372.755,4651.04,14.0966,423.092,5854.57,14.0966,480.07,7368.38,14.0966,544.564,9272.08,14.0966,617.566,11665.5,14.0966,700.197,14673.6,14.0966,793.729,18452.9,14.0966,899.599,23198.6,14.0966,1019.43,29154.1,14.0966,1155.07,36622.3,14.0966,1308.6,45977.9,14.0966,1482.39,57683.7,14.0966,1679.09,72307.8,14.0966,1901.73,90542.8,14.0966,2153.73,113226,14.0966,2438.97,141360,14.0966,2761.81,176127,14.0966,3127.22,218898,14.0966,3540.81,271226,14.0966,4008.92,334817,14.0966,4538.74,411470,14.0966,5138.38,502973,14.0966,5817.04,610948,14.0966,6585.12,736653,14.0966,7454.39,880741,14.0966,8438.15,1.04302e+06,14.0966,9551.45,1.22224e+06,14.0966,10811.3,1.41602e+06,14.0966,12237,1.62086e+06,14.0966,11.7194,11.96,12.6541,2.21263,4.16949,0.989383,2.67766,5.84076,0.311842,3.14343,7.55825,0.0972771,3.63127,9.58578,0.0303237,4.15787,12.0912,0.00945211,4.73731,15.2286,0.00294633,5.38238,19.1721,0.000918508,6.10553,24.134,0.000286163,6.91951,30.3791,8.92692e-05,7.83792,38.2397,2.78121e-05,8.87555,48.1338,8.65134e-06,10.0489,60.5876,2.7882e-06,11.3761,76.2629,8.29036e-07,12.8779,95.9927,2.4373e-07,14.5775,120.825,4.33068e-09,16.5012,152.08,1.75749e-07,18.6784,191.415,-1.86328e-07,21.1428,240.917,1.91829e-07,23.9322,303.213,-1.81475e-07,27.0895,381.602,7.0186e-08,30.6634,480.231,-2.86769e-08,34.7087,604.316,2.40784e-07,39.2876,760.401,9.87368e-08,44.4705,956.705,1.22263e-07,50.3371,1203.54,-4.31966e-07,56.9776,1513.81,-1.9705e-07,64.494,1903.69,-2.763e-08,73.0018,2393.4,3.9185e-07,82.6317,3008.13,1.35379e-07,93.5318,3779.25,-4.16351e-08,105.869,4745.7,2.06965e-08,119.834,5955.6,-3.18887e-07,135.641,7468.12,-1.48271e-08,153.531,9355.62,2.00739e-07,173.781,11705.8,2.28358e-07,196.701,14624.1,-1.93587e-08,222.642,18235,-2.88101e-07,252.003,22683.4,-2.24732e-07,285.234,28134,8.56806e-09,322.845,34767,2.34258e-07,365.413,42770.9,2.99668e-07,413.588,52327.9,8.28644e-08,468.111,63591.2,-3.07049e-07,529.814,76653.2,-3.1888e-07,599.642,91502.5,-6.72276e-08,678.662,107975,2.26339e-07,768.083,125705,3.69212e-07,869.267,144088,2.04077e-07,983.76,162277,-2.80509e-07,1113.3,179223,-4.22737e-07,1259.87,193777,-1.71951e-07,1425.68,204839,4.55555e-07,11.7194,11.96,12.6541,2.21263,4.16949,0.989383,2.67766,5.84076,0.311842,3.14343,7.55825,0.0972771,3.63127,9.58578,0.0303237,4.15787,12.0912,0.00945211,4.73731,15.2286,0.00294633,5.38238,19.1721,0.000918508,6.10553,24.134,0.000286163,6.91951,30.3791,8.92692e-05,7.83792,38.2397,2.78121e-05,8.87555,48.1338,8.65134e-06,10.0489,60.5876,2.7882e-06,11.3761,76.2629,8.29036e-07,12.8779,95.9927,2.4373e-07,14.5775,120.825,1e-08,16.5012,152.08,1.75749e-07,18.6784,191.415,1e-08,21.1428,240.917,1.91829e-07,23.9322,303.213,1e-08,27.0895,381.602,7.0186e-08,30.6634,480.231,1e-08,34.7087,604.316,2.40784e-07,39.2876,760.401,9.87368e-08,44.4705,956.705,1.22263e-07,50.3371,1203.54,1e-08,56.9776,1513.81,1e-08,64.494,1903.69,1e-08,73.0018,2393.4,3.9185e-07,82.6317,3008.13,1.35379e-07,93.5318,3779.25,1e-08,105.869,4745.7,2.06965e-08,119.834,5955.6,1e-08,135.641,7468.12,1e-08,153.531,9355.62,2.00739e-07,173.781,11705.8,2.28358e-07,196.701,14624.1,1e-08,222.642,18235,1e-08,252.003,22683.4,1e-08,285.234,28134,1e-08,322.845,34767,2.34258e-07,365.413,42770.9,2.99668e-07,413.588,52327.9,8.28644e-08,468.111,63591.2,1e-08,529.814,76653.2,1e-08,599.642,91502.5,1e-08,678.662,107975,2.26339e-07,768.083,125705,3.69212e-07,869.267,144088,2.04077e-07,983.76,162277,1e-08,1113.3,179223,1e-08,1259.87,193777,1e-08,1425.68,204839,4.55555e-07,6.2823,3.27286,2.43537,0.219672,6.18826,2.24117,0.56371,6.87772,2.63624,0.308279,15,16,16,1,3,2,5,7,1,4,4,0,5,9,1,5,11,0,8,7,0,4,41,0,3,21,0,5,37,0,7,58,0,18,34,0,22,50,0,8,75,0,23,122,0,11,79,0,11,107,0,15,120,0,46,184,0,36,688,0,33,377,0,24,464,0,31,596,0,69,702,0,19,766,0,59,637,0,47,1473,0,30,2528,0,37,2167,0,67,3921,0,59,1300,0,134,4394,0,95,8999,0,190,3647,0,156,6797,0,108,7494,0,119,21682,0,361,13215,0,462,14690,0,122,34902,0,270,20547,0,528,29766,0,561,40950,0,416,20159,0,515,149273,0,877,133137,0,515,29517,0,751,72345,0,826,123861,0,1565,139156,0,898,66095,0,938,100669,0,651,286148,0
-1.05176e+08,1,8.88811e-15,10,1023,0,1.05176e+08,0.528882,1.08665,0.389689,0.145397,0.379329,3.24381,0.161596,0.446195,1.77396,0.159177,1.15e+07,4.49998e+06,6.79999e+06,1.15e+07,4.49997e+06,6.79999e+06,1.15e+07,4.49996e+06,6.79999e+06,1.15e+07,4.49995e+06,6.79999e+06,1.14999e+07,4.49993e+06,6.79999e+06,1.14999e+07,4.49991e+06,6.79999e+06,1.14999e+07,4.49989e+06,6.79999e+06,1.14999e+07,4.49986e+06,6.79999e+06,1.14999e+07,4.49982e+06,6.79999e+06,1.14999e+07,4.49977e+06,6.79999e+06,1.14999e+07,4.49971e+06,6.79999e+06,1.14999e+07,4.49963e+06,6.79999e+06,1.14998e+07,4.49953e+06,6.79999e+06,1.14998e+07,4.49941e+06,6.79999e+06,1.14998e+07,4.49926e+06,6.79999e+06,1.14998e+07,4.49906e+06,6.79999e+06,1.14997e+07,4.49882e+06,6.79999e+06,1.14997e+07,4.49851e+06,6.79999e+06,1.14997e+07,4.49812e+06,6.79999e+06,1.14996e+07,4.49764e+06,6.79999e+06,1.14996e+07,4.49702e+06,6.79999e+06,1.14995e+07,4.49625e+06,6.79999e+06,1.14995e+07,4.49528e+06,6.79999e+06,1.14994e+07,4.49406e+06,6.79999e+06,1.14993e+07,4.49253e+06,6.79999e+06,1.14992e+07,4.49059e+06,6.79999e+06,1.14991e+07,4.48817e+06,6.79999e+06,1.1499e+07,4.48511e+06,6.79999e+06,1.14988e+07,4.48128e+06,6.79999e+06,1.14987e+07,4.47646e+06,6.79999e+06,1.14985e+07,4.47041e+06,6.79999e+06,1.14983e+07,4.46281e+06,6.79999e+06,1.14981e+07,4.4533e+06,6.79999e+06,1.14979e+07,4.44138e+06,6.79999e+06,1.14976e+07,4.42649e+06,6.79999e+06,1.14972e+07,4.40789e+06,6.79999e+06,1.14969e+07,4.38471e+06,6.79999e+06,1.14965e+07,4.35592e+06,6.79999e+06,1.1496e+07,4.32027e+06,6.79999e+06,1.14955e+07,4.27629e+06,6.79999e+06,1.14949e+07,4.22231e+06,6.79999e+06,1.14942e+07,4.15647e+06,6.79999e+06,1.14934e+07,4.07676e+06,6.79999e+06,1.14926e+07,3.98112e+06,6.79999e+06,1.14916e+07,3.86765e+06,6.79999e+06,1.14905e+07,3.73474e+06,6.79999e+06,1.14892e+07,3.58148e+06,6.79999e+06,1.14878e+07,3.40785e+06,6.79999e+06,1.14862e+07,3.21513e+06,6.79999e+06,1.14844e+07,3.00605e+06,6.79999e+06,1.14823e+07,2.7848e+06,6.79999e+06,1.148e+07,2.5568e+06,6.79999e+06,1.14773e+07,2.32825e+06,6.79999e+06,13.5742,8.52444,0.508366,16.8306,13.2585,0.162638,20.0035,17.569,0.0507846,23.2616,22.4214,0.0158319,26.7328,28.3297,0.00493498,30.5212,35.6974,0.00153831,34.7178,44.9473,0.000479527,39.4086,56.5822,0.000149456,44.6796,71.2245,4.66214e-05,50.6209,89.6543,1.45419e-05,57.3297,112.852,4.54748e-06,64.9129,142.051,1.43857e-06,73.4897,178.803,4.36618e-07,83.1934,225.062,1.40153e-07,94.1745,283.286,4.96378e-08,106.602,356.568,1.05434e-07,120.669,448.799,-6.49244e-08,136.59,564.873,1.70148e-07,154.611,710.948,-5.34594e-08,175.008,894.767,1.63407e-07,198.097,1126.06,8.04804e-08,224.231,1417.07,1.14667e-07,253.813,1783.15,-1.71227e-07,287.297,2243.62,-2.88466e-07,325.198,2822.67,-4.33651e-07,368.098,3550.67,7.9318e-08,416.657,4465.65,3.13319e-07,471.621,5615.16,3.4613e-07,533.835,7058.61,-1.19199e-07,604.255,8870.02,-2.79964e-07,683.962,11141.4,-2.30521e-07,774.182,13986.7,-2.55099e-07,876.299,17546.4,1.23585e-07,991.883,21993.1,1.41192e-07,1122.71,27536.7,-9.71886e-08,1270.78,34430.7,-3.68368e-07,1438.38,42977.7,-3.45379e-07,1628.07,53532.7,-3.25328e-09,1842.77,66504.6,2.6362e-07,2085.77,82350.2,2.53445e-07,2360.79,101560,-2.47407e-08,2672.05,124632,-3.80602e-07,3024.31,152018,-4.79005e-07,3422.98,184060,-1.14379e-07,3874.15,220884,2.64297e-07,4384.72,262283,3.44131e-07,4962.49,307576,7.5349e-08,5616.29,355497,-3.63097e-07,6356.1,404126,-6.05442e-07,7193.18,450932,-2.72333e-07,8140.28,492963,2.29675e-07,9211.79,527178,4.3387e-07,10424,550893,-1.0711e-07,10.102,8.06553,2.81012,10.6436,8.57909,0.869423,11.5336,10.2515,0.270869,12.7211,12.7138,0.0844293,14.1823,15.9373,0.0263173,15.9122,20.0383,0.0082035,17.9198,25.2154,0.00255722,20.2244,31.7373,0.000797017,22.8539,39.9486,0.000248622,25.8438,50.2851,7.75492e-05,29.237,63.2963,2.42508e-05,33.0837,79.6738,7.67162e-06,37.4415,100.288,2.32837e-06,42.3767,126.236,7.33e-07,47.9646,158.896,2.79256e-07,54.2906,200.003,9.87351e-09,61.452,251.741,1.61085e-07,69.5585,316.859,-2.47141e-07,78.7347,398.812,8.93552e-08,89.1218,501.948,-2.53231e-07,100.879,631.736,-1.25047e-07,114.188,795.049,-1.78808e-07,129.252,1000.53,2.6733e-07,146.304,1259.03,4.50292e-07,165.605,1584.19,6.76904e-07,187.452,1993.12,-1.23808e-07,212.181,2507.27,-4.89068e-07,240.173,3153.54,-5.40284e-07,271.856,3965.56,1.86061e-07,307.719,4985.38,4.37004e-07,348.313,6265.4,3.59828e-07,394.26,7870.83,3.98192e-07,446.268,9882.51,-1.92908e-07,505.135,12400.3,-2.20392e-07,571.766,15546.9,1.51705e-07,647.184,19472.2,5.74996e-07,732.547,24357.4,5.39112e-07,829.167,30420,5.07815e-09,938.526,37916.3,-4.11492e-07,1062.3,47143.9,-3.9561e-07,1202.4,58439.2,3.86185e-08,1360.96,72169.3,5.94093e-07,1540.42,88715.8,7.47693e-07,1743.53,108445,1.78537e-07,1973.41,131665,-4.12549e-07,2233.57,158557,-5.37164e-07,2528,189103,-1.17615e-07,2861.2,222986,5.66769e-07,3238.27,259510,9.45053e-07,3664.97,297540,4.25093e-07,4147.81,335497,-3.58506e-07,4694.17,371444,-6.7724e-07,5312.37,403256,1.67192e-07,1.61744,3.89446,9.84394,3.28846,7.5504,12.774,5.07607,11.7187,13.6844,7.03202,16.8147,13.9681,9.20215,23.1769,14.0566,11.6301,31.1672,14.0841,14.3598,41.2186,14.0927,17.4376,53.8688,14.0954,20.9137,69.7915,14.0962,24.8432,89.8341,14.0965,29.2879,115.063,14.0966,34.3168,146.819,14.0966,40.0078,186.792,14.0966,46.4487,237.107,14.0966,53.7388,300.44,14.0966,61.9903,380.158,14.0966,71.3301,480.499,14.0966,81.902,606.796,14.0966,93.8685,765.761,14.0966,107.414,965.837,14.0966,122.746,1217.65,14.0966,140.101,1534.57,14.0966,159.745,1933.41,14.0966,181.981,2435.3,14.0966,207.15,3066.85,14.0966,235.64,3861.46,14.0966,267.889,4861.11,14.0966,304.391,6118.54,14.0966,345.709,7699.91,14.0966,392.478,9688.22,14.0966,445.417,12187.5,14.0966,505.339,15327.7,14.0966,573.165,19271.6,14.0966,649.938,24222,14.0966,736.839,30430.9,14.0966,835.202,38211.5,14.0966,946.539,47950.3,14.0966,1072.56,60122.8,14.0966,1215.21,75309.9,14.0966,1376.66,94216.2,14.0966,1559.41,117688,14.0966,1766.26,146729,14.0966,2000.39,182510,14.0966,2265.39,226372,14.0966,2565.33,279806,14.0966,2904.81,344416,14.0966,3289.05,421845,14.0966,3723.93,513667,14.0966,4216.13,621231,14.0966,4773.18,745478,14.0966,5403.64,886744,14.0966,6117.15,1.04457e+06,14.0966,6924.63,1.2176e+06,14.0966,11.7194,11.96,12.6541,13.9321,16.1295,13.6434,16.6097,21.9702,13.9553,19.7532,29.5285,14.0526,23.3844,39.1143,14.0829,27.5423,51.2054,14.0923,32.2796,66.434,14.0953,37.662,85.6061,14.0962,43.7675,109.74,14.0965,50.687,140.119,14.0966,58.5249,178.359,14.0966,67.4005,226.493,14.0966,77.4493,287.08,14.0966,88.8254,363.343,14.0966,101.703,459.336,14.0966,116.281,580.161,14.0966,132.782,732.241,14.0966,151.46,923.655,14.0966,172.603,1164.57,14.0966,196.535,1467.79,14.0966,223.625,1849.39,14.0966,254.288,2329.62,14.0966,288.997,2933.93,14.0966,328.285,3694.33,14.0966,372.755,4651.04,14.0966,423.092,5854.57,14.0966,480.07,7368.38,14.0966,544.564,9272.08,14.0966,617.566,11665.5,14.0966,700.197,14673.6,14.0966,793.729,18452.9,14.0966,899.599,23198.6,14.0966,1019.43,29154.1,14.0966,1155.07,36622.3,14.0966,1308.6,45977.9,14.0966,1482.39,57683.7,14.0966,1679.09,72307.8,14.0966,1901.73,90542.8,14.0966,2153.73,113226,14.0966,2438.97,141360,14.0966,2761.81,176127,14.0966,3127.22,218898,14.0966,3540.81,271226,14.0966,4008.92,334817,14.0966,4538.74,411470,14.0966,5138.38,502973,14.0966,5817.04,610948,14.0966,6585.12,736653,14.0966,7454.39,880741,14.0966,8438.15,1.04302e+06,14.0966,9551.45,1.22224e+06,14.0966,10811.3,1.41602e+06,14.0966,12237,1.62086e+06,14.0966,11.7194,11.96,12.6541,2.21263,4.16949,0.989383,2.67766,5.84076,0.311842,3.14343,7.55825,0.0972771,3.63127,9.58578,0.0303237,4.15787,12.0912,0.00945211,4.73731,15.2286,0.00294633,5.38238,19.1721,0.000918508,6.10553,24.134,0.000286163,6.91951,30.3791,8.92692e-05,7.83792,38.2397,2.78121e-05,8.87555,48.1338,8.65134e-06,10.0489,60.5876,2.7882e-06,11.3761,76.2629,8.29036e-07,12.8779,95.9927,2.4373e-07,14.5775,120.825,4.33068e-09,16.5012,152.08,1.75749e-07,18.6784,191.415,-1.86328e-07,21.1428,240.917,1.91829e-07,23.9322,303.213,-1.81475e-07,27.0895,381.602,7.0186e-08,30.6634,480.231,-2.86769e-08,34.7087,604.316,2.40784e-07,39.2876,760.401,9.87368e-08,44.4705,956.705,1.22263e-07,50.3371,1203.54,-4.31966e-07,56.9776,1513.81,-1.9705e-07,64.494,1903.69,-2.763e-08,73.0018,2393.4,3.9185e-07,82.6317,3008.13,1.35379e-07,93.5318,3779.25,-4.16351e-08,105.869,4745.7,2.06965e-08,119.834,5955.6,-3.18887e-07,135.641,7468.12,-1.48271e-08,153.531,9355.62,2.00739e-07,173.781,11705.8,2.28358e-07,196.701,14624.1,-1.93587e-08,222.642,18235,-2.88101e-07,252.003,22683.4,-2.24732e-07,285.234,28134,8.56806e-09,322.845,34767,2.34258e-07,365.413,42770.9,2.99668e-07,413.588,52327.9,8.28644e-08,468.111,63591.2,-3.07049e-07,529.814,76653.2,-3.1888e-07,599.642,91502.5,-6.72276e-08,678.662,107975,2.26339e-07,768.083,125705,3.69212e-07,869.267,144088,2.04077e-07,983.76,162277,-2.80509e-07,1113.3,179223,-4.22737e-07,1259.87,193777,-1.71951e-07,1425.68,204839,4.55555e-07,11.7194,11.96,12.6541,2.21263,4.16949,0.989383,2.67766,5.84076,0.311842,3.14343,7.55825,0.0972771,3.63127,9.58578,0.0303237,4.15787,12.0912,0.00945211,4.73731,15.2286,0.00294633,5.38238,19.1721,0.000918508,6.10553,24.134,0.000286163,6.91951,30.3791,8.92692e-05,7.83792,38.2397,2.78121e-05,8.87555,48.1338,8.65134e-06,10.0489,60.5876,2.7882e-06,11.3761,76.2629,8.29036e-07,12.8779,95.9927,2.4373e-07,14.5775,120.825,1e-08,16.5012,152.08,1.75749e-07,18.6784,191.415,1e-08,21.1428,240.917,1.91829e-07,23.9322,303.213,1e-08,27.0895,381.602,7.0186e-08,30.6634,480.231,1e-08,34.7087,604.316,2.40784e-07,39.2876,760.401,9.87368e-08,44.4705,956.705,1.22263e-07,50.3371,1203.54,1e-08,56.9776,1513.81,1e-08,64.494,1903.69,1e-08,73.0018,2393.4,3.9185e-07,82.6317,3008.13,1.35379e-07,93.5318,3779.25,1e-08,105.869,4745.7,2.06965e-08,119.834,5955.6,1e-08,135.641,7468.12,1e-08,153.531,9355.62,2.00739e-07,173.781,11705.8,2.28358e-07,196.701,14624.1,1e-08,222.642,18235,1e-08,252.003,22683.4,1e-08,285.234,28134,1e-08,322.845,34767,2.34258e-07,365.413,42770.9,2.99668e-07,413.588,52327.9,8.28644e-08,468.111,63591.2,1e-08,529.814,76653.2,1e-08,599.642,91502.5,1e-08,678.662,107975,2.26339e-07,768.083,125705,3.69212e-07,869.267,144088,2.04077e-07,983.76,162277,1e-08,1113.3,179223,1e-08,1259.87,193777,1e-08,1425.68,204839,4.55555e-07,6.2823,3.27286,2.43537,0.219672,6.18826,2.24117,0.56371,6.87772,2.63624,0.308279,9,14,14,1,3,2,0,4,0,1,13,0,4,14,0,4,5,0,9,11,0,2,23,0,11,15,0,8,49,0,3,94,0,3,53,0,10,31,0,14,71,0,10,104,0,16,140,0,18,169,0,35,255,0,33,215,0,27,215,0,14,342,0,35,445,0,36,672,0,32,480,0,38,1624,0,38,1001,0,75,671,0,133,728,0,55,1076,0,122,6647,0,78,2860,0,83,2140,0,276,3873,0,128,9707,0,158,8847,0,131,12374,0,164,14210,0,332,16950,0,142,14741,0,339,29198,0,173,13384,0,142,47970,0,688,51917,0,362,42295,0,647,97321,0,540,62366,0,1099,76877,0,517,111270,0,725,183612,0,503,156653,0,1295,169753,0,1811,213871,0,1569,120268,0
-1.05176e+08,1,8.88811e-15,10,1023,0,1.05176e+08,0.528882,1.08665,0.389689,0.145397,0.379329,3.24381,0.161596,0.446195,1.77396,0.159177,1.15e+07,4.49998e+06,6.79999e+06,1.15e+07,4.49997e+06,6.79999e+06,1.15e+07,4.49996e+06,6.79999e+06,1.15e+07,4.49995e+06,6.79999e+06,1.14999e+07,4.49993e+06,6.79999e+06,1.14999e+07,4.49991e+06,6.79999e+06,1.14999e+07,4.49989e+06,6.79999e+06,1.14999e+07,4.49986e+06,6.79999e+06,1.14999e+07,4.49982e+06,6.79999e+06,1.14999e+07,4.49977e+06,6.79999e+06,1.14999e+07,4.49971e+06,6.79999e+06,1.14999e+07,4.49963e+06,6.79999e+06,1.14998e+07,4.49953e+06,6.79999e+06,1.14998e+07,4.49941e+06,6.79999e+06,1.14998e+07,4.49926e+06,6.79999e+06,1.14998e+07,4.49906e+06,6.79999e+06,1.14997e+07,4.49882e+06,6.79999e+06,1.14997e+07,4.49851e+06,6.79999e+06,1.14997e+07,4.49812e+06,6.79999e+06,1.14996e+07,4.49764e+06,6.79999e+06,1.14996e+07,4.49702e+06,6.79999e+06,1.14995e+07,4.49625e+06,6.79999e+06,1.14995e+07,4.49528e+06,6.79999e+06,1.14994e+07,4.49406e+06,6.79999e+06,1.14993e+07,4.49253e+06,6.79999e+06,1.14992e+07,4.49059e+06,6.79999e+06,1.14991e+07,4.48817e+06,6.79999e+06,1.1499e+07,4.48511e+06,6.79999e+06,1.14988e+07,4.48128e+06,6.79999e+06,1.14987e+07,4.47646e+06,6.79999e+06,1.14985e+07,4.47041e+06,6.79999e+06,1.14983e+07,4.46281e+06,6.79999e+06,1.14981e+07,4.4533e+06,6.79999e+06,1.14979e+07,4.44138e+06,6.79999e+06,1.14976e+07,4.42649e+06,6.79999e+06,1.14972e+07,4.40789e+06,6.79999e+06,1.14969e+07,4.38471e+06,6.79999e+06,1.14965e+07,4.35592e+06,6.79999e+06,1.1496e+07,4.32027e+06,6.79999e+06,1.14955e+07,4.27629e+06,6.79999e+06,1.14949e+07,4.22231e+06,6.79999e+06,1.14942e+07,4.15647e+06,6.79999e+06,1.14934e+07,4.07676e+06,6.79999e+06,1.14926e+07,3.98112e+06,6.79999e+06,1.14916e+07,3.86765e+06,6.79999e+06,1.14905e+07,3.73474e+06,6.79999e+06,1.14892e+07,3.58148e+06,6.79999e+06,1.14878e+07,3.40785e+06,6.79999e+06,1.14862e+07,3.21513e+06,6.79999e+06,1.14844e+07,3.00605e+06,6.79999e+06,1.14823e+07,2.7848e+06,6.79999e+06,1.148e+07,2.5568e+06,6.79999e+06,1.14773e+07,2.32825e+06,6.79999e+06,13.5742,8.52444,0.508366,16.8306,13.2585,0.162638,20.0035,17.569,0.0507846,23.2616,22.4214,0.0158319,26.7328,28.3297,0.00493498,30.5212,35.6974,0.00153831,34.7178,44.9473,0.000479527,39.4086,56.5822,0.000149456,44.6796,71.2245,4.66214e-05,50.6209,89.6543,1.45419e-05,57.3297,112.852,4.54748e-06,64.9129,142.051,1.43857e-06,73.4897,178.803,4.36618e-07,83.1934,225.062,1.40153e-07,94.1745,283.286,4.96378e-08,106.602,356.568,1.05434e-07,120.669,448.799,-6.49244e-08,136.59,564.873,1.70148e-07,154.611,710.948,-5.34594e-08,175.008,894.767,1.63407e-07,198.097,1126.06,8.04804e-08,224.231,1417.07,1.14667e-07,253.813,1783.15,-1.71227e-07,287.297,2243.62,-2.88466e-07,325.198,2822.67,-4.33651e-07,368.098,3550.67,7.9318e-08,416.657,4465.65,3.13319e-07,471.621,5615.16,3.4613e-07,533.835,7058.61,-1.19199e-07,604.255,8870.02,-2.79964e-07,683.962,11141.4,-2.30521e-07,774.182,13986.7,-2.55099e-07,876.299,17546.4,1.23585e-07,991.883,21993.1,1.41192e-07,1122.71,27536.7,-9.71886e-08,1270.78,34430.7,-3.68368e-07,1438.38,42977.7,-3.45379e-07,1628.07,53532.7,-3.25328e-09,1842.77,66504.6,2.6362e-07,2085.77,82350.2,2.53445e-07,2360.79,101560,-2.47407e-08,2672.05,124632,-3.80602e-07,3024.31,152018,-4.79005e-07,3422.98,184060,-1.14379e-07,3874.15,220884,2.64297e-07,4384.72,262283,3.44131e-07,4962.49,307576,7.5349e-08,5616.29,355497,-3.63097e-07,6356.1,404126,-6.05442e-07,7193.18,450932,-2.72333e-07,8140.28,492963,2.29675e-07,9211.79,527178,4.3387e-07,10424,550893,-1.0711e-07,10.102,8.06553,2.81012,10.6436,8.57909,0.869423,11.5336,10.2515,0.270869,12.7211,12.7138,0.0844293,14.1823,15.9373,0.0263173,15.9122,20.0383,0.0082035,17.9198,25.2154,0.00255722,20.2244,31.7373,0.000797017,22.8539,39.9486,0.000248622,25.8438,50.2851,7.75492e-05,29.237,63.2963,2.42508e-05,33.0837,79.6738,7.67162e-06,37.4415,100.288,2.32837e-06,42.3767,126.236,7.33e-07,47.9646,158.896,2.79256e-07,54.2906,200.003,9.87351e-09,61.452,251.741,1.61085e-07,69.5585,316.859,-2.47141e-07,78.7347,398.812,8.93552e-08,89.1218,501.948,-2.53231e-07,100.879,631.736,-1.25047e-07,114.188,795.049,-1.78808e-07,129.252,1000.53,2.6733e-07,146.304,1259.03,4.50292e-07,165.605,1584.19,6.76904e-07,187.452,1993.12,-1.23808e-07,212.181,2507.27,-4.89068e-07,240.173,3153.54,-5.40284e-07,271.856,3965.56,1.86061e-07,307.719,4985.38,4.37004e-07,348.313,6265.4,3.59828e-07,394.26,7870.83,3.98192e-07,446.268,9882.51,-1.92908e-07,505.135,12400.3,-2.20392e-07,571.766,15546.9,1.51705e-07,647.184,19472.2,5.74996e-07,732.547,24357.4,5.39112e-07,829.167,30420,5.07815e-09,938.526,37916.3,-4.11492e-07,1062.3,47143.9,-3.9561e-07,1202.4,58439.2,3.86185e-08,1360.96,72169.3,5.94093e-07,1540.42,88715.8,7.47693e-07,1743.53,108445,1.78537e-07,1973.41,131665,-4.12549e-07,2233.57,158557,-5.37164e-07,2528,189103,-1.17615e-07,2861.2,222986,5.66769e-07,3238.27,259510,9.45053e-07,3664.97,297540,4.25093e-07,4147.81,335497,-3.58506e-07,4694.17,371444,-6.7724e-07,5312.37,403256,1.67192e-07,1.61744,3.89446,9.84394,3.28846,7.5504,12.774,5.07607,11.7187,13.6844,7.03202,16.8147,13.9681,9.20215,23.1769,14.0566,11.6301,31.1672,14.0841,14.3598,41.2186,14.0927,17.4376,53.8688,14.0954,20.9137,69.7915,14.0962,24.8432,89.8341,14.0965,29.2879,115.063,14.0966,34.3168,146.819,14.0966,40.0078,186.792,14.0966,46.4487,237.107,14.0966,53.7388,300.44,14.0966,61.9903,380.158,14.0966,71.3301,480.499,14.0966,81.902,606.796,14.0966,93.8685,765.761,14.0966,107.414,965.837,14.0966,122.746,1217.65,14.0966,140.101,1534.57,14.0966,159.745,1933.41,14.0966,181.981,2435.3,14.0966,207.15,3066.85,14.0966,235.64,3861.46,14.0966,267.889,4861.11,14.0966,304.391,6118.54,14.0966,345.709,7699.91,14.0966,392.478,9688.22,14.0966,445.417,12187.5,14.0966,505.339,15327.7,14.0966,573.165,19271.6,14.0966,649.938,24222,14.0966,736.839,30430.9,14.0966,835.202,38211.5,14.0966,946.539,47950.3,14.0966,1072.56,60122.8,14.0966,1215.21,75309.9,14.0966,1376.66,94216.2,14.0966,1559.41,117688,14.0966,1766.26,146729,14.0966,2000.39,182510,14.0966,2265.39,226372,14.0966,2565.33,279806,14.0966,2904.81,344416,14.0966,3289.05,421845,14.0966,3723.93,513667,14.0966,4216.13,621231,14.0966,4773.18,745478,14.0966,5403.64,886744,14.0966,6117.15,1.04457e+06,14.0966,6924.63,1.2176e+06,14.0966,11.7194,11.96,12.6541,13.9321,16.1295,13.6434,16.6097,21.9702,13.9553,19.7532,29.5285,14.0526,23.3844,39.1143,14.0829,27.5423,51.2054,14.0923,32.2796,66.434,14.0953,37.662,85.6061,14.0962,43.7675,109.74,14.0965,50.687,140.119,14.0966,58.5249,178.359,14.0966,67.4005,226.493,14.0966,77.4493,287.08,14.0966,88.8254,363.343,14.0966,101.703,459.336,14.0966,116.281,580.161,14.0966,132.782,732.241,14.0966,151.46,923.655,14.0966,172.603,1164.57,14.0966,196.535,1467.79,14.0966,223.625,1849.39,14.0966,254.288,2329.62,14.0966,288.997,2933.93,14.0966,328.285,3694.33,14.0966,372.755,4651.04,14.0966,423.092,5854.57,14.0966,480.07,7368.38,14.0966,544.564,9272.08,14.0966,617.566,11665.5,14.0966,700.197,14673.6,14.0966,793.729,18452.9,14.0966,899.599,23198.6,14.0966,1019.43,29154.1,14.0966,1155.07,36622.3,14.0966,1308.6,45977.9,14.0966,1482.39,57683.7,14.0966,1679.09,72307.8,14.0966,1901.73,90542.8,14.0966,2153.73,113226,14.0966,2438.97,141360,14.0966,2761.81,176127,14.0966,3127.22,218898,14.0966,3540.81,271226,14.0966,4008.92,334817,14.0966,4538.74,411470,14.0966,5138.38,502973,14.0966,5817.04,610948,14.0966,6585.12,736653,14.0966,7454.39,880741,14.0966,8438.15,1.04302e+06,14.0966,9551.45,1.22224e+06,14.0966,10811.3,1.41602e+06,14.0966,12237,1.62086e+06,14.0966,11.7194,11.96,12.6541,2.21263,4.16949,0.989383,2.67766,5.84076,0.311842,3.14343,7.55825,0.0972771,3.63127,9.58578,0.0303237,4.15787,12.0912,0.00945211,4.73731,15.2286,0.00294633,5.38238,19.1721,0.000918508,6.10553,24.134,0.000286163,6.91951,30.3791,8.92692e-05,7.83792,38.2397,2.78121e-05,8.87555,48.1338,8.65134e-06,10.0489,60.5876,2.7882e-06,11.3761,76.2629,8.29036e-07,12.8779,95.9927,2.4373e-07,14.5775,120.825,4.33068e-09,16.5012,152.08,1.75749e-07,18.6784,191.415,-1.86328e-07,21.1428,240.917,1.91829e-07,23.9322,303.213,-1.81475e-07,27.0895,381.602,7.0186e-08,30.6634,480.231,-2.86769e-08,34.7087,604.316,2.40784e-07,39.2876,760.401,9.87368e-08,44.4705,956.705,1.22263e-07,50.3371,1203.54,-4.31966e-07,56.9776,1513.81,-1.9705e-07,64.494,1903.69,-2.763e-08,73.0018,2393.4,3.9185e-07,82.6317,3008.13,1.35379e-07,93.5318,3779.25,-4.16351e-08,105.869,4745.7,2.06965e-08,119.834,5955.6,-3.18887e-07,135.641,7468.12,-1.48271e-08,153.531,9355.62,2.00739e-07,173.781,11705.8,2.28358e-07,196.701,14624.1,-1.93587e-08,222.642,18235,-2.88101e-07,252.003,22683.4,-2.24732e-07,285.234,28134,8.56806e-09,322.845,34767,2.34258e-07,365.413,42770.9,2.99668e-07,413.588,52327.9,8.28644e-08,468.111,63591.2,-3.07049e-07,529.814,76653.2,-3.1888e-07,599.642,91502.5,-6.72276e-08,678.662,107975,2.26339e-07,768.083,125705,3.69212e-07,869.267,144088,2.04077e-07,983.76,162277,-2.80509e-07,1113.3,179223,-4.22737e-07,1259.87,193777,-1.71951e-07,1425.68,204839,4.55555e-07,11.7194,11.96,12.6541,2.21263,4.16949,0.989383,2.67766,5.84076,0.311842,3.14343,7.55825,0.0972771,3.63127,9.58578,0.0303237,4.15787,12.0912,0.00945211,4.73731,15.2286,0.00294633,5.38238,19.1721,0.000918508,6.10553,24.134,0.000286163,6.91951,30.3791,8.92692e-05,7.83792,38.2397,2.78121e-05,8.87555,48.1338,8.65134e-06,10.0489,60.5876,2.7882e-06,11.3761,76.2629,8.29036e-07,12.8779,95.9927,2.4373e-07,14.5775,120.825,1e-08,16.5012,152.08,1.75749e-07,18.6784,191.415,1e-08,21.1428,240.917,1.91829e-07,23.9322,303.213,1e-08,27.0895,381.602,7.0186e-08,30.6634,480.231,1e-08,34.7087,604.316,2.40784e-07,39.2876,760.401,9.87368e-08,44.4705,956.705,1.22263e-07,50.3371,1203.54,1e-08,56.9776,1513.81,1e-08,64.494,1903.69,1e-08,73.0018,2393.4,3.9185e-07,82.6317,3008.13,1.35379e-07,93.5318,3779.25,1e-08,105.869,4745.7,2.06965e-08,119.834,5955.6,1e-08,135.641,7468.12,1e-08,153.531,9355.62,2.00739e-07,173.781,11705.8,2.28358e-07,196.701,14624.1,1e-08,222.642,18235,1e-08,252.003,22683.4,1e-08,285.234,28134,1e-08,322.845,34767,2.34258e-07,365.413,42770.9,2.99668e-07,413.588,52327.9,8.28644e-08,468.111,63591.2,1e-08,529.814,76653.2,1e-08,599.642,91502.5,1e-08,678.662,107975,2.26339e-07,768.083,125705,3.69212e-07,869.267,144088,2.04077e-07,983.76,162277,1e-08,1113.3,179223,1e-08,1259.87,193777,1e-08,1425.68,204839,4.55555e-07,6.2823,3.27286,2.43537,0.219672,6.18826,2.24117,0.56371,6.87772,2.63624,0.308279,11,4,17,0,7,0,1,4,1,6,3,1,1,22,0,5,11,0,4,8,0,6,33,0,3,16,0,18,27,0,4,53,0,6,86,0,2,49,0,12,75,0,20,181,0,18,117,0,15,177,0,16,319,0,23,328,0,24,567,0,43,237,0,18,567,0,17,395,0,35,738,0,17,1190,0,67,813,0,49,2205,0,71,1652,0,62,3456,0,105,3390,0,122,4576,0,89,5268,0,185,9407,0,109,7307,0,151,7759,0,222,14983,0,324,5588,0,253,16544,0,434,7057,0,328,28117,0,395,42992,0,253,45652,0,449,33555,0,442,75695,0,408,93530,0,807,40133,0,558,94970,0,730,117482,0,719,125258,0,455,172510,0,426,240865,0,1091,91250,0,1532,151333,0
-1.05176e+08,1,8.88811e-15,10,1023,0,1.05176e+08,0.528882,1.08665,0.389689,0.145397,0.379329,3.24381,0.161596,0.446195,1.77396,0.159177,1.15e+07,4.49998e+06,6.79999e+06,1.15e+07,4.49997e+06,6.79999e+06,1.15e+07,4.49996e+06,6.79999e+06,1.15e+07,4.49995e+06,6.79999e+06,1.14999e+07,4.49993e+06,6.79999e+06,1.14999e+07,4.49991e+06,6.79999e+06,1.14999e+07,4.49989e+06,6.79999e+06,1.14999e+07,4.49986e+06,6.79999e+06,1.14999e+07,4.49982e+06,6.79999e+06,1.14999e+07,4.49977e+06,6.79999e+06,1.14999e+07,4.49971e+06,6.79999e+06,1.14999e+07,4.49963e+06,6.79999e+06,1.14998e+07,4.49953e+06,6.79999e+06,1.14998e+07,4.49941e+06,6.79999e+06,1.14998e+07,4.49926e+06,6.79999e+06,1.14998e+07,4.49906e+06,6.79999e+06,1.14997e+07,4.49882e+06,6.79999e+06,1.14997e+07,4.49851e+06,6.79999e+06,1.14997e+07,4.49812e+06,6.79999e+06,1.14996e+07,4.49764e+06,6.79999e+06,1.14996e+07,4.49702e+06,6.79999e+06,1.14995e+07,4.49625e+06,6.79999e+06,1.14995e+07,4.49528e+06,6.79999e+06,1.14994e+07,4.49406e+06,6.79999e+06,1.14993e+07,4.49253e+06,6.79999e+06,1.14992e+07,4.49059e+06,6.79999e+06,1.14991e+07,4.48817e+06,6.79999e+06,1.1499e+07,4.48511e+06,6.79999e+06,1.14988e+07,4.48128e+06,6.79999e+06,1.14987e+07,4.47646e+06,6.79999e+06,1.14985e+07,4.47041e+06,6.79999e+06,1.14983e+07,4.46281e+06,6.79999e+06,1.14981e+07,4.4533e+06,6.79999e+06,1.14979e+07,4.44138e+06,6.79999e+06,1.14976e+07,4.42649e+06,6.79999e+06,1.14972e+07,4.40789e+06,6.79999e+06,1.14969e+07,4.38471e+06,6.79999e+06,1.14965e+07,4.35592e+06,6.79999e+06,1.1496e+07,4.32027e+06,6.79999e+06,1.14955e+07,4.27629e+06,6.79999e+06,1.14949e+07,4.22231e+06,6.79999e+06,1.14942e+07,4.15647e+06,6.79999e+06,1.14934e+07,4.07676e+06,6.79999e+06,1.14926e+07,3.98112e+06,6.79999e+06,1.14916e+07,3.86765e+06,6.79999e+06,1.14905e+07,3.73474e+06,6.79999e+06,1.14892e+07,3.58148e+06,6.79999e+06,1.14878e+07,3.40785e+06,6.79999e+06,1.14862e+07,3.21513e+06,6.79999e+06,1.14844e+07,3.00605e+06,6.79999e+06,1.14823e+07,2.7848e+06,6.79999e+06,1.148e+07,2.5568e+06,6.79999e+06,1.14773e+07,2.32825e+06,6.79999e+06,13.5742,8.52444,0.508366,16.8306,13.2585,0.162638,20.0035,17.569,0.0507846,23.2616,22.4214,0.0158319,26.7328,28.3297,0.00493498,30.5212,35.6974,0.00153831,34.7178,44.9473,0.000479527,39.4086,56.5822,0.000149456,44.6796,71.2245,4.66214e-05,50.6209,89.6543,1.45419e-05,57.3297,112.852,4.54748e-06,64.9129,142.051,1.43857e-06,73.4897,178.803,4.36618e-07,83.1934,225.062,1.40153e-07,94.1745,283.286,4.96378e-08,106.602,356.568,1.05434e-07,120.669,448.799,-6.49244e-08,136.59,564.873,1.70148e-07,154.611,710.948,-5.34594e-08,175.008,894.767,1.63407e-07,198.097,1126.06,8.04804e-08,224.231,1417.07,1.14667e-07,253.813,1783.15,-1.71227e-07,287.297,2243.62,-2.88466e-07,325.198,2822.67,-4.33651e-07,368.098,3550.67,7.9318e-08,416.657,4465.65,3.13319e-07,471.621,5615.16,3.4613e-07,533.835,7058.61,-1.19199e-07,604.255,8870.02,-2.79964e-07,683.962,11141.4,-2.30521e-07,774.182,13986.7,-2.55099e-07,876.299,17546.4,1.23585e-07,991.883,21993.1,1.41192e-07,1122.71,27536.7,-9.71886e-08,1270.78,34430.7,-3.68368e-07,1438.38,42977.7,-3.45379e-07,1628.07,53532.7,-3.25328e-09,1842.77,66504.6,2.6362e-07,2085.77,82350.2,2.53445e-07,2360.79,101560,-2.47407e-08,2672.05,124632,-3.80602e-07,3024.31,152018,-4.79005e-07,3422.98,184060,-1.14379e-07,3874.15,220884,2.64297e-07,4384.72,262283,3.44131e-07,4962.49,307576,7.5349e-08,5616.29,355497,-3.63097e-07,6356.1,404126,-6.05442e-07,7193.18,450932,-2.72333e-07,8140.28,492963,2.29675e-07,9211.79,527178,4.3387e-07,10424,550893,-1.0711e-07,10.102,8.06553,2.81012,10.6436,8.57909,0.869423,11.5336,10.2515,0.270869,12.7211,12.7138,0.0844293,14.1823,15.9373,0.0263173,15.9122,20.0383,0.0082035,17.9198,25.2154,0.00255722,20.2244,31.7373,0.000797017,22.8539,39.9486,0.000248622,25.8438,50.2851,7.75492e-05,29.237,63.2963,2.42508e-05,33.0837,79.6738,7.67162e-06,37.4415,100.288,2.32837e-06,42.3767,126.236,7.33e-07,47.9646,158.896,2.79256e-07,54.2906,200.003,9.87351e-09,61.452,251.741,1.61085e-07,69.5585,316.859,-2.47141e-07,78.7347,398.812,8.93552e-08,89.1218,501.948,-2.53231e-07,100.879,631.736,-1.25047e-07,114.188,795.049,-1.78808e-07,129.252,1000.53,2.6733e-07,146.304,1259.03,4.50292e-07,165.605,1584.19,6.76904e-07,187.452,1993.12,-1.23808e-07,212.181,2507.27,-4.89068e-07,240.173,3153.54,-5.40284e-07,271.856,3965.56,1.86061e-07,307.719,4985.38,4.37004e-07,348.313,6265.4,3.59828e-07,394.26,7870.83,3.98192e-07,446.268,9882.51,-1.92908e-07,505.135,12400.3,-2.20392e-07,571.766,15546.9,1.51705e-07,647.184,19472.2,5.74996e-07,732.547,24357.4,5.39112e-07,829.167,30420,5.07815e-09,938.526,37916.3,-4.11492e-07,1062.3,47143.9,-3.9561e-07,1202.4,58439.2,3.86185e-08,1360.96,72169.3,5.94093e-07,1540.42,88715.8,7.47693e-07,1743.53,108445,1.78537e-07,1973.41,131665,-4.12549e-07,2233.57,158557,-5.37164e-07,2528,189103,-1.17615e-07,2861.2,222986,5.66769e-07,3238.27,259510,9.45053e-07,3664.97,297540,4.25093e-07,4147.81,335497,-3.58506e-07,4694.17,371444,-6.7724e-07,5312.37,403256,1.67192e-07,1.61744,3.89446,9.84394,3.28846,7.5504,12.774,5.07607,11.7187,13.6844,7.03202,16.8147,13.9681,9.20215,23.1769,14.0566,11.6301,31.1672,14.0841,14.3598,41.2186,14.0927,17.4376,53.8688,14.0954,20.9137,69.7915,14.0962,24.8432,89.8341,14.0965,29.2879,115.063,14.0966,34.3168,146.819,14.0966,40.0078,186.792,14.0966,46.4487,237.107,14.0966,53.7388,300.44,14.0966,61.9903,380.158,14.0966,71.3301,480.499,14.0966,81.902,606.796,14.0966,93.8685,765.761,14.0966,107.414,965.837,14.0966,122.746,1217.65,14.0966,140.101,1534.57,14.0966,159.745,1933.41,14.0966,181.981,2435.3,14.0966,207.15,3066.85,14.0966,235.64,3861.46,14.0966,267.889,4861.11,14.0966,304.391,6118.54,14.0966,345.709,7699.91,14.0966,392.478,9688.22,14.0966,445.417,12187.5,14.0966,505.339,15327.7,14.0966,573.165,19271.6,14.0966,649.938,24222,14.0966,736.839,30430.9,14.0966,835.202,38211.5,14.0966,946.539,47950.3,14.0966,1072.56,60122.8,14.0966,1215.21,75309.9,14.0966,1376.66,94216.2,14.0966,1559.41,117688,14.0966,1766.26,146729,14.0966,2000.39,182510,14.0966,2265.39,226372,14.0966,2565.33,279806,14.0966,2904.81,344416,14.0966,3289.05,421845,14.0966,3723.93,513667,14.0966,4216.13,621231,14.0966,4773.18,745478,14.0966,5403.64,886744,14.0966,6117.15,1.04457e+06,14.0966,6924.63,1.2176e+06,14.0966,11.7194,11.96,12.6541,13.9321,16.1295,13.6434,16.6097,21.9702,13.9553,19.7532,29.5285,14.0526,23.3844,39.1143,14.0829,27.5423,51.2054,14.0923,32.2796,66.434,14.0953,37.662,85.6061,14.0962,43.7675,109.74,14.0965,50.687,140.119,14.0966,58.5249,178.359,14.0966,67.4005,226.493,14.0966,77.4493,287.08,14.0966,88.8254,363.343,14.0966,101.703,459.336,14.0966,116.281,580.161,14.0966,132.782,732.241,14.0966,151.46,923.655,14.0966,172.603,1164.57,14.0966,196.535,1467.79,14.0966,223.625,1849.39,14.0966,254.288,2329.62,14.0966,288.997,2933.93,14.0966,328.285,3694.33,14.0966,372.755,4651.04,14.0966,423.092,5854.57,14.0966,480.07,7368.38,14.0966,544.564,9272.08,14.0966,617.566,11665.5,14.0966,700.197,14673.6,14.0966,793.729,18452.9,14.0966,899.599,23198.6,14.0966,1019.43,29154.1,14.0966,1155.07,36622.3,14.0966,1308.6,45977.9,14.0966,1482.39,57683.7,14.0966,1679.09,72307.8,14.0966,1901.73,90542.8,14.0966,2153.73,113226,14.0966,2438.97,141360,14.0966,2761.81,176127,14.0966,3127.22,218898,14.0966,3540.81,271226,14.0966,4008.92,334817,14.0966,4538.74,411470,14.0966,5138.38,502973,14.0966,5817.04,610948,14.0966,6585.12,736653,14.0966,7454.39,880741,14.0966,8438.15,1.04302e+06,14.0966,9551.45,1.22224e+06,14.0966,10811.3,1.41602e+06,14.0966,12237,1.62086e+06,14.0966,11.7194,11.96,12.6541,2.21263,4.16949,0.989383,2.67766,5.84076,0.311842,3.14343,7.55825,0.0972771,3.63127,9.58578,0.0303237,4.15787,12.0912,0.00945211,4.73731,15.2286,0.00294633,5.38238,19.1721,0.000918508,6.10553,24.134,0.000286163,6.91951,30.3791,8.92692e-05,7.83792,38.2397,2.78121e-05,8.87555,48.1338,8.65134e-06,10.0489,60.5876,2.7882e-06,11.3761,76.2629,8.29036e-07,12.8779,95.9927,2.4373e-07,14.5775,120.825,4.33068e-09,16.5012,152.08,1.75749e-07,18.6784,191.415,-1.86328e-07,21.1428,240.917,1.91829e-07,23.9322,303.213,-1.81475e-07,27.0895,381.602,7.0186e-08,30.6634,480.231,-2.86769e-08,34.7087,604.316,2.40784e-07,39.2876,760.401,9.87368e-08,44.4705,956.705,1.22263e-07,50.3371,1203.54,-4.31966e-07,56.9776,1513.81,-1.9705e-07,64.494,1903.69,-2.763e-08,73.0018,2393.4,3.9185e-07,82.6317,3008.13,1.35379e-07,93.5318,3779.25,-4.16351e-08,105.869,4745.7,2.06965e-08,119.834,5955.6,-3.18887e-07,135.641,7468.12,-1.48271e-08,153.531,9355.62,2.00739e-07,173.781,11705.8,2.28358e-07,196.701,14624.1,-1.93587e-08,222.642,18235,-2.88101e-07,252.003,22683.4,-2.24732e-07,285.234,28134,8.56806e-09,322.845,34767,2.34258e-07,365.413,42770.9,2.99668e-07,413.588,52327.9,8.28644e-08,468.111,63591.2,-3.07049e-07,529.814,76653.2,-3.1888e-07,599.642,91502.5,-6.72276e-08,678.662,107975,2.26339e-07,768.083,125705,3.69212e-07,869.267,144088,2.04077e-07,983.76,162277,-2.80509e-07,1113.3,179223,-4.22737e-07,1259.87,193777,-1.71951e-07,1425.68,204839,4.55555e-07,11.7194,11.96,12.6541,2.21263,4.16949,0.989383,2.67766,5.84076,0.311842,3.14343,7.55825,0.0972771,3.63127,9.58578,0.0303237,4.15787,12.0912,0.00945211,4.73731,15.2286,0.00294633,5.38238,19.1721,0.000918508,6.10553,24.134,0.000286163,6.91951,30.3791,8.92692e-05,7.83792,38.2397,2.78121e-05,8.87555,48.1338,8.65134e-06,10.0489,60.5876,2.7882e-06,11.3761,76.2629,8.29036e-07,12.8779,95.9927,2.4373e-07,14.5775,120.825,1e-08,16.5012,152.08,1.75749e-07,18.6784,191.415,1e-08,21.1428,240.917,1.91829e-07,23.9322,303.213,1e-08,27.0895,381.602,7.0186e-08,30.6634,480.231,1e-08,34.7087,604.316,2.40784e-07,39.2876,760.401,9.87368e-08,44.4705,956.705,1.22263e-07,50.3371,1203.54,1e-08,56.9776,1513.81,1e-08,64.494,1903.69,1e-08,73.0018,2393.4,3.9185e-07,82.6317,3008.13,1.35379e-07,93.5318,3779.25,1e-08,105.869,4745.7,2.06965e-08,119.834,5955.6,1e-08,135.641,7468.12,1e-08,153.531,9355.62,2.00739e-07,173.781,11705.8,2.28358e-07,196.701,14624.1,1e-08,222.642,18235,1e-08,252.003,22683.4,1e-08,285.234,28134,1e-08,322.845,34767,2.34258e-07,365.413,42770.9,2.99668e-07,413.588,52327.9,8.28644e-08,468.111,63591.2,1e-08,529.814,76653.2,1e-08,599.642,91502.5,1e-08,678.662,107975,2.26339e-07,768.083,125705,3.69212e-07,869.267,144088,2.04077e-07,983.76,162277,1e-08,1113.3,179223,1e-08,1259.87,193777,1e-08,1425.68,204839,4.55555e-07,6.2823,3.27286,2.43537,0.219672,6.18826,2.24117,0.56371,6.87772,2.63624,0.308279,3,24,8,2,1,2,5,7,0,7,2,0,2,1,0,3,11,0,1,20,0,3,39,0,0,16,0,10,44,0,11,37,0,9,50,0,8,72,0,14,73,0,6,87,0,8,254,0,6,191,0,26,228,0,21,241,0,13,348,0,25,388,0,47,251,0,53,1308,0,27,566,0,56,1249,0,40,768,0,25,1870,0,134,1330,0,43,1875,0,94,3958,0,128,7560,0,66,4175,0,118,5742,0,159,10248,0,209,9141,0,105,16801,0,70,6081,0,375,12093,0,320,19953,0,173,21483,0,289,34793,0,631,27877,0,331,24456,0,722,23307,0,745,75959,0,737,75592,0,246,130866,0,769,225514,0,555,158624,0,2146,149776,0,1002,217580,0,1164,95516,0,917,100582,0
-1.05176e+08,1,8.88811e-15,10,1023,0,1.05176e+08,0.528882,1.08665,0.389689,0.145397,0.379329,3.24381,0.161596,0.446195,1.77396,0.159177,1.15e+07,4.49998e+06,6.79999e+06,1.15e+07,4.49997e+06,6.79999e+06,1.15e+07,4.49996e+06,6.79999e+06,1.15e+07,4.49995e+06,6.79999e+06,1.14999e+07,4.49993e+06,6.79999e+06,1.14999e+07,4.49991e+06,6.79999e+06,1.14999e+07,4.49989e+06,6.79999e+06,1.14999e+07,4.49986e+06,6.79999e+06,1.14999e+07,4.49982e+06,6.79999e+06,1.14999e+07,4.49977e+06,6.79999e+06,1.14999e+07,4.49971e+06,6.79999e+06,1.14999e+07,4.49963e+06,6.79999e+06,1.14998e+07,4.49953e+06,6.79999e+06,1.14998e+07,4.49941e+06,6.79999e+06,1.14998e+07,4.49926e+06,6.79999e+06,1.14998e+07,4.49906e+06,6.79999e+06,1.14997e+07,4.49882e+06,6.79999e+06,1.14997e+07,4.49851e+06,6.79999e+06,1.14997e+07,4.49812e+06,6.79999e+06,1.14996e+07,4.49764e+06,6.79999e+06,1.14996e+07,4.49702e+06,6.79999e+06,1.14995e+07,4.49625e+06,6.79999e+06,1.14995e+07,4.49528e+06,6.79999e+06,1.14994e+07,4.49406e+06,6.79999e+06,1.14993e+07,4.49253e+06,6.79999e+06,1.14992e+07,4.49059e+06,6.79999e+06,1.14991e+07,4.48817e+06,6.79999e+06,1.1499e+07,4.48511e+06,6.79999e+06,1.14988e+07,4.48128e+06,6.79999e+06,1.14987e+07,4.47646e+06,6.79999e+06,1.14985e+07,4.47041e+06,6.79999e+06,1.14983e+07,4.46281e+06,6.79999e+06,1.14981e+07,4.4533e+06,6.79999e+06,1.14979e+07,4.44138e+06,6.79999e+06,1.14976e+07,4.42649e+06,6.79999e+06,1.14972e+07,4.40789e+06,6.79999e+06,1.14969e+07,4.38471e+06,6.79999e+06,1.14965e+07,4.35592e+06,6.79999e+06,1.1496e+07,4.32027e+06,6.79999e+06,1.14955e+07,4.27629e+06,6.79999e+06,1.14949e+07,4.22231e+06,6.79999e+06,1.14942e+07,4.15647e+06,6.79999e+06,1.14934e+07,4.07676e+06,6.79999e+06,1.14926e+07,3.98112e+06,6.79999e+06,1.14916e+07,3.86765e+06,6.79999e+06,1.14905e+07,3.73474e+06,6.79999e+06,1.14892e+07,3.58148e+06,6.79999e+06,1.14878e+07,3.40785e+06,6.79999e+06,1.14862e+07,3.21513e+06,6.79999e+06,1.14844e+07,3.00605e+06,6.79999e+06,1.14823e+07,2.7848e+06,6.79999e+06,1.148e+07,2.5568e+06,6.79999e+06,1.14773e+07,2.32825e+06,6.79999e+06,13.5742,8.52444,0.508366,16.8306,13.2585,0.162638,20.0035,17.569,0.0507846,23.2616,22.4214,0.0158319,26.7328,28.3297,0.00493498,30.5212,35.6974,0.00153831,34.7178,44.9473,0.000479527,39.4086,56.5822,0.000149456,44.6796,71.2245,4.66214e-05,50.6209,89.6543,1.45419e-05,57.3297,112.852,4.54748e-06,64.9129,142.051,1.43857e-06,73.4897,178.803,4.36618e-07,83.1934,225.062,1.40153e-07,94.1745,283.286,4.96378e-08,106.602,356.568,1.05434e-07,120.669,448.799,-6.49244e-08,136.59,564.873,1.70148e-07,154.611,710.948,-5.34594e-08,175.008,894.767,1.63407e-07,198.097,1126.06,8.04804e-08,224.231,1417.07,1.14667e-07,253.813,1783.15,-1.71227e-07,287.297,2243.62,-2.88466e-07,325.198,2822.67,-4.33651e-07,368.098,3550.67,7.9318e-08,416.657,4465.65,3.13319e-07,471.621,5615.16,3.4613e-07,533.835,7058.61,-1.19199e-07,604.255,8870.02,-2.79964e-07,683.962,11141.4,-2.30521e-07,774.182,13986.7,-2.55099e-07,876.299,17546.4,1.23585e-07,991.883,21993.1,1.41192e-07,1122.71,27536.7,-9.71886e-08,1270.78,34430.7,-3.68368e-07,1438.38,42977.7,-3.45379e-07,1628.07,53532.7,-3.25328e-09,1842.77,66504.6,2.6362e-07,2085.77,82350.2,2.53445e-07,2360.79,101560,-2.47407e-08,2672.05,124632,-3.80602e-07,3024.31,152018,-4.79005e-07,3422.98,184060,-1.14379e-07,3874.15,220884,2.64297e-07,4384.72,262283,3.44131e-07,4962.49,307576,7.5349e-08,5616.29,355497,-3.63097e-07,6356.1,404126,-6.05442e-07,7193.18,450932,-2.72333e-07,8140.28,492963,2.29675e-07,9211.79,527178,4.3387e-07,10424,550893,-1.0711e-07,10.102,8.06553,2.81012,10.6436,8.57909,0.869423,11.5336,10.2515,0.270869,12.7211,12.7138,0.0844293,14.1823,15.9373,0.0263173,15.9122,20.0383,0.0082035,17.9198,25.2154,0.00255722,20.2244,31.7373,0.000797017,22.8539,39.9486,0.000248622,25.8438,50.2851,7.75492e-05,29.237,63.2963,2.42508e-05,33.0837,79.6738,7.67162e-06,37.4415,100.288,2.32837e-06,42.3767,126.236,7.33e-07,47.9646,158.896,2.79256e-07,54.2906,200.003,9.87351e-09,61.452,251.741,1.61085e-07,69.5585,316.859,-2.47141e-07,78.7347,398.812,8.93552e-08,89.1218,501.948,-2.53231e-07,100.879,631.736,-1.25047e-07,114.188,795.049,-1.78808e-07,129.252,1000.53,2.6733e-07,146.304,1259.03,4.50292e-07,165.605,1584.19,6.76904e-07,187.452,1993.12,-1.23808e-07,212.181,2507.27,-4.89068e-07,240.173,3153.54,-5.40284e-07,271.856,3965.56,1.86061e-07,307.719,4985.38,4.37004e-07,348.313,6265.4,3.59828e-07,394.26,7870.83,3.98192e-07,446.268,9882.51,-1.92908e-07,505.135,12400.3,-2.20392e-07,571.766,15546.9,1.51705e-07,647.184,19472.2,5.74996e-07,732.547,24357.4,5.39112e-07,829.167,30420,5.07815e-09,938.526,37916.3,-4.11492e-07,1062.3,47143.9,-3.9561e-07,1202.4,58439.2,3.86185e-08,1360.96,72169.3,5.94093e-07,1540.42,88715.8,7.47693e-07,1743.53,108445,1.78537e-07,1973.41,131665,-4.12549e-07,2233.57,158557,-5.37164e-07,2528,189103,-1.17615e-07,2861.2,222986,5.66769e-07,3238.27,259510,9.45053e-07,3664.97,297540,4.25093e-07,4147.81,335497,-3.58506e-07,4694.17,371444,-6.7724e-07,5312.37,403256,1.67192e-07,1.61744,3.89446,9.84394,3.28846,7.5504,12.774,5.07607,11.7187,13.6844,7.03202,16.8147,13.9681,9.20215,23.1769,14.0566,11.6301,31.1672,14.0841,14.3598,41.2186,14.0927,17.4376,53.8688,14.0954,20.9137,69.7915,14.0962,24.8432,89.8341,14.0965,29.2879,115.063,14.0966,34.3168,146.819,14.0966,40.0078,186.792,14.0966,46.4487,237.107,14.0966,53.7388,300.44,14.0966,61.9903,380.158,14.0966,71.3301,480.499,14.0966,81.902,606.796,14.0966,93.8685,765.761,14.0966,107.414,965.837,14.0966,122.746,1217.65,14.0966,140.101,1534.57,14.0966,159.745,1933.41,14.0966,181.981,2435.3,14.0966,207.15,3066.85,14.0966,235.64,3861.46,14.0966,267.889,4861.11,14.0966,304.391,6118.54,14.0966,345.709,7699.91,14.0966,392.478,9688.22,14.0966,445.417,12187.5,14.0966,505.339,15327.7,14.0966,573.165,19271.6,14.0966,649.938,24222,14.0966,736.839,30430.9,14.0966,835.202,38211.5,14.0966,946.539,47950.3,14.0966,1072.56,60122.8,14.0966,1215.21,75309.9,14.0966,1376.66,94216.2,14.0966,1559.41,117688,14.0966,1766.26,146729,14.0966,2000.39,182510,14.0966,2265.39,226372,14.0966,2565.33,279806,14.0966,2904.81,344416,14.0966,3289.05,421845,14.0966,3723.93,513667,14.0966,4216.13,621231,14.0966,4773.18,745478,14.0966,5403.64,886744,14.0966,6117.15,1.04457e+06,14.0966,6924.63,1.2176e+06,14.0966,11.7194,11.96,12.6541,13.9321,16.1295,13.6434,16.6097,21.9702,13.9553,19.7532,29.5285,14.0526,23.3844,39.1143,14.0829,27.5423,51.2054,14.0923,32.2796,66.434,14.0953,37.662,85.6061,14.0962,43.7675,109.74,14.0965,50.687,140.119,14.0966,58.5249,178.359,14.0966,67.4005,226.493,14.0966,77.4493,287.08,14.0966,88.8254,363.343,14.0966,101.703,459.336,14.0966,116.281,580.161,14.0966,132.782,732.241,14.0966,151.46,923.655,14.0966,172.603,1164.57,14.0966,196.535,1467.79,14.0966,223.625,1849.39,14.0966,254.288,2329.62,14.0966,288.997,2933.93,14.0966,328.285,3694.33,14.0966,372.755,4651.04,14.0966,423.092,5854.57,14.0966,480.07,7368.38,14.0966,544.564,9272.08,14.0966,617.566,11665.5,14.0966,700.197,14673.6,14.0966,793.729,18452.9,14.0966,899.599,23198.6,14.0966,1019.43,29154.1,14.0966,1155.07,36622.3,14.0966,1308.6,45977.9,14.0966,1482.39,57683.7,14.0966,1679.09,72307.8,14.0966,1901.73,90542.8,14.0966,2153.73,113226,14.0966,2438.97,141360,14.0966,2761.81,176127,14.0966,3127.22,218898,14.0966,3540.81,271226,14.0966,4008.92,334817,14.0966,4538.74,411470,14.0966,5138.38,502973,14.0966,5817.04,610948,14.0966,6585.12,736653,14.0966,7454.39,880741,14.0966,8438.15,1.04302e+06,14.0966,9551.45,1.22224e+06,14.0966,10811.3,1.41602e+06,14.0966,12237,1.62086e+06,14.0966,11.7194,11.96,12.6541,2.21263,4.16949,0.989383,2.67766,5.84076,0.311842,3.14343,7.55825,0.0972771,3.63127,9.58578,0.0303237,4.15787,12.0912,0.00945211,4.73731,15.2286,0.00294633,5.38238,19.1721,0.000918508,6.10553,24.134,0.000286163,6.91951,30.3791,8.92692e-05,7.83792,38.2397,2.78121e-05,8.87555,48.1338,8.65134e-06,10.0489,60.5876,2.7882e-06,11.3761,76.2629,8.29036e-07,12.8779,95.9927,2.4373e-07,14.5775,120.825,4.33068e-09,16.5012,152.08,1.75749e-07,18.6784,191.415,-1.86328e-07,21.1428,240.917,1.91829e-07,23.9322,303.213,-1.81475e-07,27.0895,381.602,7.0186e-08,30.6634,480.231,-2.86769e-08,34.7087,604.316,2.40784e-07,39.2876,760.401,9.87368e-08,44.4705,956.705,1.22263e-07,50.3371,1203.54,-4.31966e-07,56.9776,1513.81,-1.9705e-07,64.494,1903.69,-2.763e-08,73.0018,2393.4,3.9185e-07,82.6317,3008.13,1.35379e-07,93.5318,3779.25,-4.16351e-08,105.869,4745.7,2.06965e-08,119.834,5955.6,-3.18887e-07,135.641,7468.12,-1.48271e-08,153.531,9355.62,2.00739e-07,173.781,11705.8,2.28358e-07,196.701,14624.1,-1.93587e-08,222.642,18235,-2.88101e-07,252.003,22683.4,-2.24732e-07,285.234,28134,8.56806e-09,322.845,34767,2.34258e-07,365.413,42770.9,2.99668e-07,413.588,52327.9,8.28644e-08,468.111,63591.2,-3.07049e-07,529.814,76653.2,-3.1888e-07,599.642,91502.5,-6.72276e-08,678.662,107975,2.26339e-07,768.083,125705,3.69212e-07,869.267,144088,2.04077e-07,983.76,162277,-2.80509e-07,1113.3,179223,-4.22737e-07,1259.87,193777,-1.71951e-07,1425.68,204839,4.55555e-07,11.7194,11.96,12.6541,2.21263,4.16949,0.989383,2.67766,5.84076,0.311842,3.14343,7.55825,0.0972771,3.63127,9.58578,0.0303237,4.15787,12.0912,0.00945211,4.73731,15.2286,0.00294633,5.38238,19.1721,0.000918508,6.10553,24.134,0.000286163,6.91951,30.3791,8.92692e-05,7.83792,38.2397,2.78121e-05,8.87555,48.1338,8.65134e-06,10.0489,60.5876,2.7882e-06,11.3761,76.2629,8.29036e-07,12.8779,95.9927,2.4373e-07,14.5775,120.825,1e-08,16.5012,152.08,1.75749e-07,18.6784,191.415,1e-08,21.1428,240.917,1.91829e-07,23.9322,303.213,1e-08,27.0895,381.602,7.0186e-08,30.6634,480.231,1e-08,34.7087,604.316,2.40784e-07,39.2876,760.401,9.87368e-08,44.4705,956.705,1.22263e-07,50.3371,1203.54,1e-08,56.9776,1513.81,1e-08,64.494,1903.69,1e-08,73.0018,2393.4,3.9185e-07,82.6317,3008.13,1.35379e-07,93.5318,3779.25,1e-08,105.869,4745.7,2.06965e-08,119.834,5955.6,1e-08,135.641,7468.12,1e-08,153.531,9355.62,2.00739e-07,173.781,11705.8,2.28358e-07,196.701,14624.1,1e-08,222.642,18235,1e-08,252.003,22683.4,1e-08,285.234,28134,1e-08,322.845,34767,2.34258e-07,365.413,42770.9,2.99668e-07,413.588,52327.9,8.28644e-08,468.111,63591.2,1e-08,529.814,76653.2,1e-08,599.642,91502.5,1e-08,678.662,107975,2.26339e-07,768.083,125705,3.69212e-07,869.267,144088,2.04077e-07,983.76,162277,1e-08,1113.3,179223,1e-08,1259.87,193777,1e-08,1425.68,204839,4.55555e-07,6.2823,3.27286,2.43537,0.219672,6.18826,2.24117,0.56371,6.87772,2.63624,0.308279,14,9,9,2,4,1,7,9,0,0,11,1,7,7,0,7,10,1,5,15,0,4,10,0,8,31,0,4,50,0,15,67,0,4,52,0,9,96,0,20,54,0,21,49,0,23,46,0,15,181,0,19,316,0,34,341,0,28,339,0,35,323,0,22,566,0,35,968,0,41,861,0,37,760,0,28,833,0,78,1956,0,98,2013,0,54,2139,0,110,2922,0,176,2855,0,84,2394,0,108,2210,0,77,8347,0,327,11534,0,192,16193,0,329,11808,0,150,14050,0,124,19333,0,432,23856,0,352,24078,0,512,48036,0,264,47280,0,638,61311,0,636,74274,0,626,88723,0,993,115185,0,851,201649,0,1624,107536,0,726,184584,0,615,330690,0,962,234150,0,1205,251330,0
-1.05176e+08,1,8.88811e-15,10,1023,0,1.05176e+08,0.528882,1.08665,0.389689,0.145397,0.379329,3.24381,0.161596,0.446195,1.77396,0.159177,1.15e+07,4.49998e+06,6.79999e+06,1.15e+07,4.49997e+06,6.79999e+06,1.15e+07,4.49996e+06,6.79999e+06,1.15e+07,4.49995e+06,6.79999e+06,1.14999e+07,4.49993e+06,6.79999e+06,1.14999e+07,4.49991e+06,6.79999e+06,1.14999e+07,4.49989e+06,6.79999e+06,1.14999e+07,4.49986e+06,6.79999e+06,1.14999e+07,4.49982e+06,6.79999e+06,1.14999e+07,4.49977e+06,6.79999e+06,1.14999e+07,4.49971e+06,6.79999e+06,1.14999e+07,4.49963e+06,6.79999e+06,1.14998e+07,4.49953e+06,6.79999e+06,1.14998e+07,4.49941e+06,6.79999e+06,1.14998e+07,4.49926e+06,6.79999e+06,1.14998e+07,4.49906e+06,6.79999e+06,1.14997e+07,4.49882e+06,6.79999e+06,1.14997e+07,4.49851e+06,6.79999e+06,1.14997e+07,4.49812e+06,6.79999e+06,1.14996e+07,4.49764e+06,6.79999e+06,1.14996e+07,4.49702e+06,6.79999e+06,1.14995e+07,4.49625e+06,6.79999e+06,1.14995e+07,4.49528e+06,6.79999e+06,1.14994e+07,4.49406e+06,6.79999e+06,1.14993e+07,4.49253e+06,6.79999e+06,1.14992e+07,4.49059e+06,6.79999e+06,1.14991e+07,4.48817e+06,6.79999e+06,1.1499e+07,4.48511e+06,6.79999e+06,1.14988e+07,4.48128e+06,6.79999e+06,1.14987e+07,4.47646e+06,6.79999e+06,1.14985e+07,4.47041e+06,6.79999e+06,1.14983e+07,4.46281e+06,6.79999e+06,1.14981e+07,4.4533e+06,6.79999e+06,1.14979e+07,4.44138e+06,6.79999e+06,1.14976e+07,4.42649e+06,6.79999e+06,1.14972e+07,4.40789e+06,6.79999e+06,1.14969e+07,4.38471e+06,6.79999e+06,1.14965e+07,4.35592e+06,6.79999e+06,1.1496e+07,4.32027e+06,6.79999e+06,1.14955e+07,4.27629e+06,6.79999e+06,1.14949e+07,4.22231e+06,6.79999e+06,1.14942e+07,4.15647e+06,6.79999e+06,1.14934e+07,4.07676e+06,6.79999e+06,1.14926e+07,3.98112e+06,6.79999e+06,1.14916e+07,3.86765e+06,6.79999e+06,1.14905e+07,3.73474e+06,6.79999e+06,1.14892e+07,3.58148e+06,6.79999e+06,1.14878e+07,3.40785e+06,6.79999e+06,1.14862e+07,3.21513e+06,6.79999e+06,1.14844e+07,3.00605e+06,6.79999e+06,1.14823e+07,2.7848e+06,6.79999e+06,1.148e+07,2.5568e+06,6.79999e+06,1.14773e+07,2.32825e+06,6.79999e+06,13.5742,8.52444,0.508366,16.8306,13.2585,0.162638,20.0035,17.569,0.0507846,23.2616,22.4214,0.0158319,26.7328,28.3297,0.00493498,30.5212,35.6974,0.00153831,34.7178,44.9473,0.000479527,39.4086,56.5822,0.000149456,44.6796,71.2245,4.66214e-05,50.6209,89.6543,1.45419e-05,57.3297,112.852,4.54748e-06,64.9129,142.051,1.43857e-06,73.4897,178.803,4.36618e-07,83.1934,225.062,1.40153e-07,94.1745,283.286,4.96378e-08,106.602,356.568,1.05434e-07,120.669,448.799,-6.49244e-08,136.59,564.873,1.70148e-07,154.611,710.948,-5.34594e-08,175.008,894.767,1.63407e-07,198.097,1126.06,8.04804e-08,224.231,1417.07,1.14667e-07,253.813,1783.15,-1.71227e-07,287.297,2243.62,-2.88466e-07,325.198,2822.67,-4.33651e-07,368.098,3550.67,7.9318e-08,416.657,4465.65,3.13319e-07,471.621,5615.16,3.4613e-07,533.835,7058.61,-1.19199e-07,604.255,8870.02,-2.79964e-07,683.962,11141.4,-2.30521e-07,774.182,13986.7,-2.55099e-07,876.299,17546.4,1.23585e-07,991.883,21993.1,1.41192e-07,1122.71,27536.7,-9.71886e-08,1270.78,34430.7,-3.68368e-07,1438.38,42977.7,-3.45379e-07,1628.07,53532.7,-3.25328e-09,1842.77,66504.6,2.6362e-07,2085.77,82350.2,2.53445e-07,2360.79,101560,-2.47407e-08,2672.05,124632,-3.80602e-07,3024.31,152018,-4.79005e-07,3422.98,184060,-1.14379e-07,3874.15,220884,2.64297e-07,4384.72,262283,3.44131e-07,4962.49,307576,7.5349e-08,5616.29,355497,-3.63097e-07,6356.1,404126,-6.05442e-07,7193.18,450932,-2.72333e-07,8140.28,492963,2.29675e-07,9211.79,527178,4.3387e-07,10424,550893,-1.0711e-07,10.102,8.06553,2.81012,10.6436,8.57909,0.869423,11.5336,10.2515,0.270869,12.7211,12.7138,0.0844293,14.1823,15.9373,0.0263173,15.9122,20.0383,0.0082035,17.9198,25.2154,0.00255722,20.2244,31.7373,0.000797017,22.8539,39.9486,0.000248622,25.8438,50.2851,7.75492e-05,29.237,63.2963,2.42508e-05,33.0837,79.6738,7.67162e-06,37.4415,100.288,2.32837e-06,42.3767,126.236,7.33e-07,47.9646,158.896,2.79256e-07,54.2906,200.003,9.87351e-09,61.452,251.741,1.61085e-07,69.5585,316.859,-2.47141e-07,78.7347,398.812,8.93552e-08,89.1218,501.948,-2.53231e-07,100.879,631.736,-1.25047e-07,114.188,795.049,-1.78808e-07,129.252,1000.53,2.6733e-07,146.304,1259.03,4.50292e-07,165.605,1584.19,6.76904e-07,187.452,1993.12,-1.23808e-07,212.181,2507.27,-4.89068e-07,240.173,3153.54,-5.40284e-07,271.856,3965.56,1.86061e-07,307.719,4985.38,4.37004e-07,348.313,6265.4,3.59828e-07,394.26,7870.83,3.98192e-07,446.268,9882.51,-1.92908e-07,505.135,12400.3,-2.20392e-07,571.766,15546.9,1.51705e-07,647.184,19472.2,5.74996e-07,732.547,24357.4,5.39112e-07,829.167,30420,5.07815e-09,938.526,37916.3,-4.11492e-07,1062.3,47143.9,-3.9561e-07,1202.4,58439.2,3.86185e-08,1360.96,72169.3,5.94093e-07,1540.42,88715.8,7.47693e-07,1743.53,108445,1.78537e-07,1973.41,131665,-4.12549e-07,2233.57,158557,-5.37164e-07,2528,189103,-1.17615e-07,2861.2,222986,5.66769e-07,3238.27,259510,9.45053e-07,3664.97,297540,4.25093e-07,4147.81,335497,-3.58506e-07,4694.17,371444,-6.7724e-07,5312.37,403256,1.67192e-07,1.61744,3.89446,9.84394,3.28846,7.5504,12.774,5.07607,11.7187,13.6844,7.03202,16.8147,13.9681,9.20215,23.1769,14.0566,11.6301,31.1672,14.0841,14.3598,41.2186,14.0927,17.4376,53.8688,14.0954,20.9137,69.7915,14.0962,24.8432,89.8341,14.0965,29.2879,115.063,14.0966,34.3168,146.819,14.0966,40.0078,186.792,14.0966,46.4487,237.107,14.0966,53.7388,300.44,14.0966,61.9903,380.158,14.0966,71.3301,480.499,14.0966,81.902,606.796,14.0966,93.8685,765.761,14.0966,107.414,965.837,14.0966,122.746,1217.65,14.0966,140.101,1534.57,14.0966,159.745,1933.41,14.0966,181.981,2435.3,14.0966,207.15,3066.85,14.0966,235.64,3861.46,14.0966,267.889,4861.11,14.0966,304.391,6118.54,14.0966,345.709,7699.91,14.0966,392.478,9688.22,14.0966,445.417,12187.5,14.0966,505.339,15327.7,14.0966,573.165,19271.6,14.0966,649.938,24222,14.0966,736.839,30430.9,14.0966,835.202,38211.5,14.0966,946.539,47950.3,14.0966,1072.56,60122.8,14.0966,1215.21,75309.9,14.0966,1376.66,94216.2,14.0966,1559.41,117688,14.0966,1766.26,146729,14.0966,2000.39,182510,14.0966,2265.39,226372,14.0966,2565.33,279806,14.0966,2904.81,344416,14.0966,3289.05,421845,14.0966,3723.93,513667,14.0966,4216.13,621231,14.0966,4773.18,745478,14.0966,5403.64,886744,14.0966,6117.15,1.04457e+06,14.0966,6924.63,1.2176e+06,14.0966,11.7194,11.96,12.6541,13.9321,16.1295,13.6434,16.6097,21.9702,13.9553,19.7532,29.5285,14.0526,23.3844,39.1143,14.0829,27.5423,51.2054,14.0923,32.2796,66.434,14.0953,37.662,85.6061,14.0962,43.7675,109.74,14.0965,50.687,140.119,14.0966,58.5249,178.359,14.0966,67.4005,226.493,14.0966,77.4493,287.08,14.0966,88.8254,363.343,14.0966,101.703,459.336,14.0966,116.281,580.161,14.0966,132.782,732.241,14.0966,151.46,923.655,14.0966,172.603,1164.57,14.0966,196.535,1467.79,14.0966,223.625,1849.39,14.0966,254.288,2329.62,14.0966,288.997,2933.93,14.0966,328.285,3694.33,14.0966,372.755,4651.04,14.0966,423.092,5854.57,14.0966,480.07,7368.38,14.0966,544.564,9272.08,14.0966,617.566,11665.5,14.0966,700.197,14673.6,14.0966,793.729,18452.9,14.0966,899.599,23198.6,14.0966,1019.43,29154.1,14.0966,1155.07,36622.3,14.0966,1308.6,45977.9,14.0966,1482.39,57683.7,14.0966,1679.09,72307.8,14.0966,1901.73,90542.8,14.0966,2153.73,113226,14.0966,2438.97,141360,14.0966,2761.81,176127,14.0966,3127.22,218898,14.0966,3540.81,271226,14.0966,4008.92,334817,14.0966,4538.74,411470,14.0966,5138.38,502973,14.0966,5817.04,610948,14.0966,6585.12,736653,14.0966,7454.39,880741,14.0966,8438.15,1.04302e+06,14.0966,9551.45,1.22224e+06,14.0966,10811.3,1.41602e+06,14.0966,12237,1.62086e+06,14.0966,11.7194,11.96,12.6541,2.21263,4.16949,0.989383,2.67766,5.84076,0.311842,3.14343,7.55825,0.0972771,3.63127,9.58578,0.0303237,4.15787,12.0912,0.00945211,4.73731,15.2286,0.00294633,5.38238,19.1721,0.000918508,6.10553,24.134,0.000286163,6.91951,30.3791,8.92692e-05,7.83792,38.2397,2.78121e-05,8.87555,48.1338,8.65134e-06,10.0489,60.5876,2.7882e-06,11.3761,76.2629,8.29036e-07,12.8779,95.9927,2.4373e-07,14.5775,120.825,4.33068e-09,16.5012,152.08,1.75749e-07,18.6784,191.415,-1.86328e-07,21.1428,240.917,1.91829e-07,23.9322,303.213,-1.81475e-07,27.0895,381.602,7.0186e-08,30.6634,480.231,-2.86769e-08,34.7087,604.316,2.40784e-07,39.2876,760.401,9.87368e-08,44.4705,956.705,1.22263e-07,50.3371,1203.54,-4.31966e-07,56.9776,1513.81,-1.9705e-07,64.494,1903.69,-2.763e-08,73.0018,2393.4,3.9185e-07,82.6317,3008.13,1.35379e-07,93.5318,3779.25,-4.16351e-08,105.869,4745.7,2.06965e-08,119.834,5955.6,-3.18887e-07,135.641,7468.12,-1.48271e-08,153.531,9355.62,2.00739e-07,173.781,11705.8,2.28358e-07,196.701,14624.1,-1.93587e-08,222.642,18235,-2.88101e-07,252.003,22683.4,-2.24732e-07,285.234,28134,8.56806e-09,322.845,34767,2.34258e-07,365.413,42770.9,2.99668e-07,413.588,52327.9,8.28644e-08,468.111,63591.2,-3.07049e-07,529.814,76653.2,-3.1888e-07,599.642,91502.5,-6.72276e-08,678.662,107975,2.26339e-07,768.083,125705,3.69212e-07,869.267,144088,2.04077e-07,983.76,162277,-2.80509e-07,1113.3,179223,-4.22737e-07,1259.87,193777,-1.71951e-07,1425.68,204839,4.55555e-07,11.7194,11.96,12.6541,2.21263,4.16949,0.989383,2.67766,5.84076,0.311842,3.14343,7.55825,0.0972771,3.63127,9.58578,0.0303237,4.15787,12.0912,0.00945211,4.73731,15.2286,0.00294633,5.38238,19.1721,0.000918508,6.10553,24.134,0.000286163,6.91951,30.3791,8.92692e-05,7.83792,38.2397,2.78121e-05,8.87555,48.1338,8.65134e-06,10.0489,60.5876,2.7882e-06,11.3761,76.2629,8.29036e-07,12.8779,95.9927,2.4373e-07,14.5775,120.825,1e-08,16.5012,152.08,1.75749e-07,18.6784,191.415,1e-08,21.1428,240.917,1.91829e-07,23.9322,303.213,1e-08,27.0895,381.602,7.0186e-08,30.6634,480.231,1e-08,34.7087,604.316,2.40784e-07,39.2876,760.401,9.87368e-08,44.4705,956.705,1.22263e-07,50.3371,1203.54,1e-08,56.9776,1513.81,1e-08,64.494,1903.69,1e-08,73.0018,2393.4,3.9185e-07,82.6317,3008.13,1.35379e-07,93.5318,3779.25,1e-08,105.869,4745.7,2.06965e-08,119.834,5955.6,1e-08,135.641,7468.12,1e-08,153.531,9355.62,2.00739e-07,173.781,11705.8,2.28358e-07,196.701,14624.1,1e-08,222.642,18235,1e-08,252.003,22683.4,1e-08,285.234,28134,1e-08,322.845,34767,2.34258e-07,365.413,42770.9,2.99668e-07,413.588,52327.9,8.28644e-08,468.111,63591.2,1e-08,529.814,76653.2,1e-08,599.642,91502.5,1e-08,678.662,107975,2.26339e-07,768.083,125705,3.69212e-07,869.267,144088,2.04077e-07,983.76,162277,1e-08,1113.3,179223,1e-08,1259.87,193777,1e-08,1425.68,204839,4.55555e-07,6.2823,3.27286,2.43537,0.219672,6.18826,2.24117,0.56371,6.87772,2.63624,0.308279,12,14,6,2,0,1,4,6,0,4,5,0,4,15,0,1,13,0,5,12,0,2,11,0,1,18,0,4,44,0,18,65,0,3,30,0,8,47,0,10,107,0,6,97,0,32,65,0,16,183,0,16,334,0,13,166,0,11,340,0,13,590,0,26,932,0,20,542,0,39,344,0,33,1013,0,118,1111,0,75,1198,0,39,1214,0,35,1906,0,66,3831,0,27,7376,0,59,5329,0,60,5964,0,87,9366,0,187,6829,0,181,6520,0,100,14700,0,319,10932,0,50,18571,0,457,32737,0,223,43353,0,516,45587,0,673,34158,0,346,90742,0,509,79244,0,325,133725,0,648,36695,0,924,99440,0,1130,225552,0,1082,104179,0,1120,175872,0,1244,188808,0,1153,295400,0
-1.05176e+08,1,8.88811e-15,10,1023,0,1.05176e+08,0.528882,1.08665,0.389689,0.145397,0.379329,3.24381,0.161596,0.446195,1.77396,0.159177,1.15e+07,4.49998e+06,6.79999e+06,1.15e+07,4.49997e+06,6.79999e+06,1.15e+07,4.49996e+06,6.79999e+06,1.15e+07,4.49995e+06,6.79999e+06,1.14999e+07,4.49993e+06,6.79999e+06,1.14999e+07,4.49991e+06,6.79999e+06,1.14999e+07,4.49989e+06,6.79999e+06,1.14999e+07,4.49986e+06,6.79999e+06,1.14999e+07,4.49982e+06,6.79999e+06,1.14999e+07,4.49977e+06,6.79999e+06,1.14999e+07,4.49971e+06,6.79999e+06,1.14999e+07,4.49963e+06,6.79999e+06,1.14998e+07,4.49953e+06,6.79999e+06,1.14998e+07,4.49941e+06,6.79999e+06,1.14998e+07,4.49926e+06,6.79999e+06,1.14998e+07,4.49906e+06,6.79999e+06,1.14997e+07,4.49882e+06,6.79999e+06,1.14997e+07,4.49851e+06,6.79999e+06,1.14997e+07,4.49812e+06,6.79999e+06,1.14996e+07,4.49764e+06,6.79999e+06,1.14996e+07,4.49702e+06,6.79999e+06,1.14995e+07,4.49625e+06,6.79999e+06,1.14995e+07,4.49528e+06,6.79999e+06,1.14994e+07,4.49406e+06,6.79999e+06,1.14993e+07,4.49253e+06,6.79999e+06,1.14992e+07,4.49059e+06,6.79999e+06,1.14991e+07,4.48817e+06,6.79999e+06,1.1499e+07,4.48511e+06,6.79999e+06,1.14988e+07,4.48128e+06,6.79999e+06,1.14987e+07,4.47646e+06,6.79999e+06,1.14985e+07,4.47041e+06,6.79999e+06,1.14983e+07,4.46281e+06,6.79999e+06,1.14981e+07,4.4533e+06,6.79999e+06,1.14979e+07,4.44138e+06,6.79999e+06,1.14976e+07,4.42649e+06,6.79999e+06,1.14972e+07,4.40789e+06,6.79999e+06,1.14969e+07,4.38471e+06,6.79999e+06,1.14965e+07,4.35592e+06,6.79999e+06,1.1496e+07,4.32027e+06,6.79999e+06,1.14955e+07,4.27629e+06,6.79999e+06,1.14949e+07,4.22231e+06,6.79999e+06,1.14942e+07,4.15647e+06,6.79999e+06,1.14934e+07,4.07676e+06,6.79999e+06,1.14926e+07,3.98112e+06,6.79999e+06,1.14916e+07,3.86765e+06,6.79999e+06,1.14905e+07,3.73474e+06,6.79999e+06,1.14892e+07,3.58148e+06,6.79999e+06,1.14878e+07,3.40785e+06,6.79999e+06,1.14862e+07,3.21513e+06,6.79999e+06,1.14844e+07,3.00605e+06,6.79999e+06,1.14823e+07,2.7848e+06,6.79999e+06,1.148e+07,2.5568e+06,6.79999e+06,1.14773e+07,2.32825e+06,6.79999e+06,13.5742,8.52444,0.508366,16.8306,13.2585,0.162638,20.0035,17.569,0.0507846,23.2616,22.4214,0.0158319,26.7328,28.3297,0.00493498,30.5212,35.6974,0.00153831,34.7178,44.9473,0.000479527,39.4086,56.5822,0.000149456,44.6796,71.2245,4.66214e-05,50.6209,89.6543,1.45419e-05,57.3297,112.852,4.54748e-06,64.9129,142.051,1.43857e-06,73.4897,178.803,4.36618e-07,83.1934,225.062,1.40153e-07,94.1745,283.286,4.96378e-08,106.602,356.568,1.05434e-07,120.669,448.799,-6.49244e-08,136.59,564.873,1.70148e-07,154.611,710.948,-5.34594e-08,175.008,894.767,1.63407e-07,198.097,1126.06,8.04804e-08,224.231,1417.07,1.14667e-07,253.813,1783.15,-1.71227e-07,287.297,2243.62,-2.88466e-07,325.198,2822.67,-4.33651e-07,368.098,3550.67,7.9318e-08,416.657,4465.65,3.13319e-07,471.621,5615.16,3.4613e-07,533.835,7058.61,-1.19199e-07,604.255,8870.02,-2.79964e-07,683.962,11141.4,-2.30521e-07,774.182,13986.7,-2.55099e-07,876.299,17546.4,1.23585e-07,991.883,21993.1,1.41192e-07,1122.71,27536.7,-9.71886e-08,1270.78,34430.7,-3.68368e-07,1438.38,42977.7,-3.45379e-07,1628.07,53532.7,-3.25328e-09,1842.77,66504.6,2.6362e-07,2085.77,82350.2,2.53445e-07,2360.79,101560,-2.47407e-08,2672.05,124632,-3.80602e-07,3024.31,152018,-4.79005e-07,3422.98,184060,-1.14379e-07,3874.15,220884,2.64297e-07,4384.72,262283,3.44131e-07,4962.49,307576,7.5349e-08,5616.29,355497,-3.63097e-07,6356.1,404126,-6.05442e-07,7193.18,450932,-2.72333e-07,8140.28,492963,2.29675e-07,9211.79,527178,4.3387e-07,10424,550893,-1.0711e-07,10.102,8.06553,2.81012,10.6436,8.57909,0.869423,11.5336,10.2515,0.270869,12.7211,12.7138,0.0844293,14.1823,15.9373,0.0263173,15.9122,20.0383,0.0082035,17.9198,25.2154,0.00255722,20.2244,31.7373,0.000797017,22.8539,39.9486,0.000248622,25.8438,50.2851,7.75492e-05,29.237,63.2963,2.42508e-05,33.0837,79.6738,7.67162e-06,37.4415,100.288,2.32837e-06,42.3767,126.236,7.33e-07,47.9646,158.896,2.79256e-07,54.2906,200.003,9.87351e-09,61.452,251.741,1.61085e-07,69.5585,316.859,-2.47141e-07,78.7347,398.812,8.93552e-08,89.1218,501.948,-2.53231e-07,100.879,631.736,-1.25047e-07,114.188,795.049,-1.78808e-07,129.252,1000.53,2.6733e-07,146.304,1259.03,4.50292e-07,165.605,1584.19,6.76904e-07,187.452,1993.12,-1.23808e-07,212.181,2507.27,-4.89068e-07,240.173,3153.54,-5.40284e-07,271.856,3965.56,1.86061e-07,307.719,4985.38,4.37004e-07,348.313,6265.4,3.59828e-07,394.26,7870.83,3.98192e-07,446.268,9882.51,-1.92908e-07,505.135,12400.3,-2.20392e-07,571.766,15546.9,1.51705e-07,647.184,19472.2,5.74996e-07,732.547,24357.4,5.39112e-07,829.167,30420,5.07815e-09,938.526,37916.3,-4.11492e-07,1062.3,47143.9,-3.9561e-07,1202.4,58439.2,3.86185e-08,1360.96,72169.3,5.94093e-07,1540.42,88715.8,7.47693e-07,1743.53,108445,1.78537e-07,1973.41,131665,-4.12549e-07,2233.57,158557,-5.37164e-07,2528,189103,-1.17615e-07,2861.2,222986,5.66769e-07,3238.27,259510,9.45053e-07,3664.97,297540,4.25093e-07,4147.81,335497,-3.58506e-07,4694.17,371444,-6.7724e-07,5312.37,403256,1.67192e-07,1.61744,3.89446,9.84394,3.28846,7.5504,12.774,5.07607,11.7187,13.6844,7.03202,16.8147,13.9681,9.20215,23.1769,14.0566,11.6301,31.1672,14.0841,14.3598,41.2186,14.0927,17.4376,53.8688,14.0954,20.9137,69.7915,14.0962,24.8432,89.8341,14.0965,29.2879,115.063,14.0966,34.3168,146.819,14.0966,40.0078,186.792,14.0966,46.4487,237.107,14.0966,53.7388,300.44,14.0966,61.9903,380.158,14.0966,71.3301,480.499,14.0966,81.902,606.796,14.0966,93.8685,765.761,14.0966,107.414,965.837,14.0966,122.746,1217.65,14.0966,140.101,1534.57,14.0966,159.745,1933.41,14.0966,181.981,2435.3,14.0966,207.15,3066.85,14.0966,235.64,3861.46,14.0966,267.889,4861.11,14.0966,304.391,6118.54,14.0966,345.709,7699.91,14.0966,392.478,9688.22,14.0966,445.417,12187.5,14.0966,505.339,15327.7,14.0966,573.165,19271.6,14.0966,649.938,24222,14.0966,736.839,30430.9,14.0966,835.202,38211.5,14.0966,946.539,47950.3,14.0966,1072.56,60122.8,14.0966,1215.21,75309.9,14.0966,1376.66,94216.2,14.0966,1559.41,117688,14.0966,1766.26,146729,14.0966,2000.39,182510,14.0966,2265.39,226372,14.0966,2565.33,279806,14.0966,2904.81,344416,14.0966,3289.05,421845,14.0966,3723.93,513667,14.0966,4216.13,621231,14.0966,4773.18,745478,14.0966,5403.64,886744,14.0966,6117.15,1.04457e+06,14.0966,6924.63,1.2176e+06,14.0966,11.7194,11.96,12.6541,13.9321,16.1295,13.6434,16.6097,21.9702,13.9553,19.7532,29.5285,14.0526,23.3844,39.1143,14.0829,27.5423,51.2054,14.0923,32.2796,66.434,14.0953,37.662,85.6061,14.0962,43.7675,109.74,14.0965,50.687,140.119,14.0966,58.5249,178.359,14.0966,67.4005,226.493,14.0966,77.4493,287.08,14.0966,88.8254,363.343,14.0966,101.703,459.336,14.0966,116.281,580.161,14.0966,132.782,732.241,14.0966,151.46,923.655,14.0966,172.603,1164.57,14.0966,196.535,1467.79,14.0966,223.625,1849.39,14.0966,254.288,2329.62,14.0966,288.997,2933.93,14.0966,328.285,3694.33,14.0966,372.755,4651.04,14.0966,423.092,5854.57,14.0966,480.07,7368.38,14.0966,544.564,9272.08,14.0966,617.566,11665.5,14.0966,700.197,14673.6,14.0966,793.729,18452.9,14.0966,899.599,23198.6,14.0966,1019.43,29154.1,14.0966,1155.07,36622.3,14.0966,1308.6,45977.9,14.0966,1482.39,57683.7,14.0966,1679.09,72307.8,14.0966,1901.73,90542.8,14.0966,2153.73,113226,14.0966,2438.97,141360,14.0966,2761.81,176127,14.0966,3127.22,218898,14.0966,3540.81,271226,14.0966,4008.92,334817,14.0966,4538.74,411470,14.0966,5138.38,502973,14.0966,5817.04,610948,14.0966,6585.12,736653,14.0966,7454.39,880741,14.0966,8438.15,1.04302e+06,14.0966,9551.45,1.22224e+06,14.0966,10811.3,1.41602e+06,14.0966,12237,1.62086e+06,14.0966,11.7194,11.96,12.6541,2.21263,4.16949,0.989383,2.67766,5.84076,0.311842,3.14343,7.55825,0.0972771,3.63127,9.58578,0.0303237,4.15787,12.0912,0.00945211,4.73731,15.2286,0.00294633,5.38238,19.1721,0.000918508,6.10553,24.134,0.000286163,6.91951,30.3791,8.92692e-05,7.83792,38.2397,2.78121e-05,8.87555,48.1338,8.65134e-06,10.0489,60.5876,2.7882e-06,11.3761,76.2629,8.29036e-07,12.8779,95.9927,2.4373e-07,14.5775,120.825,4.33068e-09,16.5012,152.08,1.75749e-07,18.6784,191.415,-1.86328e-07,21.1428,240.917,1.91829e-07,23.9322,303.213,-1.81475e-07,27.0895,381.602,7.0186e-08,30.6634,480.231,-2.86769e-08,34.7087,604.316,2.40784e-07,39.2876,760.401,9.87368e-08,44.4705,956.705,1.22263e-07,50.3371,1203.54,-4.31966e-07,56.9776,1513.81,-1.9705e-07,64.494,1903.69,-2.763e-08,73.0018,2393.4,3.9185e-07,82.6317,3008.13,1.35379e-07,93.5318,3779.25,-4.16351e-08,105.869,4745.7,2.06965e-08,119.834,5955.6,-3.18887e-07,135.641,7468.12,-1.48271e-08,153.531,9355.62,2.00739e-07,173.781,11705.8,2.28358e-07,196.701,14624.1,-1.93587e-08,222.642,18235,-2.88101e-07,252.003,22683.4,-2.24732e-07,285.234,28134,8.56806e-09,322.845,34767,2.34258e-07,365.413,42770.9,2.99668e-07,413.588,52327.9,8.28644e-08,468.111,63591.2,-3.07049e-07,529.814,76653.2,-3.1888e-07,599.642,91502.5,-6.72276e-08,678.662,107975,2.26339e-07,768.083,125705,3.69212e-07,869.267,144088,2.04077e-07,983.76,162277,-2.80509e-07,1113.3,179223,-4.22737e-07,1259.87,193777,-1.71951e-07,1425.68,204839,4.55555e-07,11.7194,11.96,12.6541,2.21263,4.16949,0.989383,2.67766,5.84076,0.311842,3.14343,7.55825,0.0972771,3.63127,9.58578,0.0303237,4.15787,12.0912,0.00945211,4.73731,15.2286,0.00294633,5.38238,19.1721,0.000918508,6.10553,24.134,0.000286163,6.91951,30.3791,8.92692e-05,7.83792,38.2397,2.78121e-05,8.87555,48.1338,8.65134e-06,10.0489,60.5876,2.7882e-06,11.3761,76.2629,8.29036e-07,12.8779,95.9927,2.4373e-07,14.5775,120.825,1e-08,16.5012,152.08,1.75749e-07,18.6784,191.415,1e-08,21.1428,240.917,1.91829e-07,23.9322,303.213,1e-08,27.0895,381.602,7.0186e-08,30.6634,480.231,1e-08,34.7087,604.316,2.40784e-07,39.2876,760.401,9.87368e-08,44.4705,956.705,1.22263e-07,50.3371,1203.54,1e-08,56.9776,1513.81,1e-08,64.494,1903.69,1e-08,73.0018,2393.4,3.9185e-07,82.6317,3008.13,1.35379e-07,93.5318,3779.25,1e-08,105.869,4745.7,2.06965e-08,119.834,5955.6,1e-08,135.641,7468.12,1e-08,153.531,9355.62,2.00739e-07,173.781,11705.8,2.28358e-07,196.701,14624.1,1e-08,222.642,18235,1e-08,252.003,22683.4,1e-08,285.234,28134,1e-08,322.845,34767,2.34258e-07,365.413,42770.9,2.99668e-07,413.588,52327.9,8.28644e-08,468.111,63591.2,1e-08,529.814,76653.2,1e-08,599.642,91502.5,1e-08,678.662,107975,2.26339e-07,768.083,125705,3.69212e-07,869.267,144088,2.04077e-07,983.76,162277,1e-08,1113.3,179223,1e-08,1259.87,193777,1e-08,1425.68,204839,4.55555e-07,6.2823,3.27286,2.43537,0.219672,6.18826,2.24117,0.56371,6.87772,2.63624,0.308279,23,11,7,3,1,2,5,4,2,4,3,0,2,10,0,5,12,0,8,8,0,4,30,0,1,36,0,11,24,0,4,41,0,17,45,0,6,29,0,15,157,0,17,74,0,16,142,0,28,141,0,19,100,0,20,340,0,9,656,0,44,218,0,12,662,0,29,391,0,49,750,0,43,832,0,63,464,0,99,885,0,69,1617,0,98,2549,0,87,4668,0,140,2144,0,87,3496,0,98,5402,0,152,6134,0,160,12141,0,213,5837,0,174,11560,0,307,20250,0,164,13587,0,245,37648,0,358,19933,0,677,74187,0,331,88668,0,444,59180,0,456,40714,0,1262,51430,0,816,61431,0,1403,67685,0,1051,114629,0,697,222289,0,1350,69464,0,752,258730,0,239,338584,0
-1.05176e+08,1,8.88811e-15,10,1023,0,1.05176e+08,0.528882,1.08665,0.389689,0.145397,0.379329,3.24381,0.161596,0.446195,1.77396,0.159177,1.15e+07,4.49998e+06,6.79999e+06,1.15e+07,4.49997e+06,6.79999e+06,1.15e+07,4.49996e+06,6.79999e+06,1.15e+07,4.49995e+06,6.79999e+06,1.14999e+07,4.49993e+06,6.79999e+06,1.14999e+07,4.49991e+06,6.79999e+06,1.14999e+07,4.49989e+06,6.79999e+06,1.14999e+07,4.49986e+06,6.79999e+06,1.14999e+07,4.49982e+06,6.79999e+06,1.14999e+07,4.49977e+06,6.79999e+06,1.14999e+07,4.49971e+06,6.79999e+06,1.14999e+07,4.49963e+06,6.79999e+06,1.14998e+07,4.49953e+06,6.79999e+06,1.14998e+07,4.49941e+06,6.79999e+06,1.14998e+07,4.49926e+06,6.79999e+06,1.14998e+07,4.49906e+06,6.79999e+06,1.14997e+07,4.49882e+06,6.79999e+06,1.14997e+07,4.49851e+06,6.79999e+06,1.14997e+07,4.49812e+06,6.79999e+06,1.14996e+07,4.49764e+06,6.79999e+06,1.14996e+07,4.49702e+06,6.79999e+06,1.14995e+07,4.49625e+06,6.79999e+06,1.14995e+07,4.49528e+06,6.79999e+06,1.14994e+07,4.49406e+06,6.79999e+06,1.14993e+07,4.49253e+06,6.79999e+06,1.14992e+07,4.49059e+06,6.79999e+06,1.14991e+07,4.48817e+06,6.79999e+06,1.1499e+07,4.48511e+06,6.79999e+06,1.14988e+07,4.48128e+06,6.79999e+06,1.14987e+07,4.47646e+06,6.79999e+06,1.14985e+07,4.47041e+06,6.79999e+06,1.14983e+07,4.46281e+06,6.79999e+06,1.14981e+07,4.4533e+06,6.79999e+06,1.14979e+07,4.44138e+06,6.79999e+06,1.14976e+07,4.42649e+06,6.79999e+06,1.14972e+07,4.40789e+06,6.79999e+06,1.14969e+07,4.38471e+06,6.79999e+06,1.14965e+07,4.35592e+06,6.79999e+06,1.1496e+07,4.32027e+06,6.79999e+06,1.14955e+07,4.27629e+06,6.79999e+06,1.14949e+07,4.22231e+06,6.79999e+06,1.14942e+07,4.15647e+06,6.79999e+06,1.14934e+07,4.07676e+06,6.79999e+06,1.14926e+07,3.98112e+06,6.79999e+06,1.14916e+07,3.86765e+06,6.79999e+06,1.14905e+07,3.73474e+06,6.79999e+06,1.14892e+07,3.58148e+06,6.79999e+06,1.14878e+07,3.40785e+06,6.79999e+06,1.14862e+07,3.21513e+06,6.79999e+06,1.14844e+07,3.00605e+06,6.79999e+06,1.14823e+07,2.7848e+06,6.79999e+06,1.148e+07,2.5568e+06,6.79999e+06,1.14773e+07,2.32825e+06,6.79999e+06,13.5742,8.52444,0.508366,16.8306,13.2585,0.162638,20.0035,17.569,0.0507846,23.2616,22.4214,0.0158319,26.7328,28.3297,0.00493498,30.5212,35.6974,0.00153831,34.7178,44.9473,0.000479527,39.4086,56.5822,0.000149456,44.6796,71.2245,4.66214e-05,50.6209,89.6543,1.45419e-05,57.3297,112.852,4.54748e-06,64.9129,142.051,1.43857e-06,73.4897,178.803,4.36618e-07,83.1934,225.062,1.40153e-07,94.1745,283.286,4.96378e-08,106.602,356.568,1.05434e-07,120.669,448.799,-6.49244e-08,136.59,564.873,1.70148e-07,154.611,710.948,-5.34594e-08,175.008,894.767,1.63407e-07,198.097,1126.06,8.04804e-08,224.231,1417.07,1.14667e-07,253.813,1783.15,-1.71227e-07,287.297,2243.62,-2.88466e-07,325.198,2822.67,-4.33651e-07,368.098,3550.67,7.9318e-08,416.657,4465.65,3.13319e-07,471.621,5615.16,3.4613e-07,533.835,7058.61,-1.19199e-07,604.255,8870.02,-2.79964e-07,683.962,11141.4,-2.30521e-07,774.182,13986.7,-2.55099e-07,876.299,17546.4,1.23585e-07,991.883,21993.1,1.41192e-07,1122.71,27536.7,-9.71886e-08,1270.78,34430.7,-3.68368e-07,1438.38,42977.7,-3.45379e-07,1628.07,53532.7,-3.25328e-09,1842.77,66504.6,2.6362e-07,2085.77,82350.2,2.53445e-07,2360.79,101560,-2.47407e-08,2672.05,124632,-3.80602e-07,3024.31,152018,-4.79005e-07,3422.98,184060,-1.14379e-07,3874.15,220884,2.64297e-07,4384.72,262283,3.44131e-07,4962.49,307576,7.5349e-08,5616.29,355497,-3.63097e-07,6356.1,404126,-6.05442e-07,7193.18,450932,-2.72333e-07,8140.28,492963,2.29675e-07,9211.79,527178,4.3387e-07,10424,550893,-1.0711e-07,10.102,8.06553,2.81012,10.6436,8.57909,0.869423,11.5336,10.2515,0.270869,12.7211,12.7138,0.0844293,14.1823,15.9373,0.0263173,15.9122,20.0383,0.0082035,17.9198,25.2154,0.00255722,20.2244,31.7373,0.000797017,22.8539,39.9486,0.000248622,25.8438,50.2851,7.75492e-05,29.237,63.2963,2.42508e-05,33.0837,79.6738,7.67162e-06,37.4415,100.288,2.32837e-06,42.3767,126.236,7.33e-07,47.9646,158.896,2.79256e-07,54.2906,200.003,9.87351e-09,61.452,251.741,1.61085e-07,69.5585,316.859,-2.47141e-07,78.7347,398.812,8.93552e-08,89.1218,501.948,-2.53231e-07,100.879,631.736,-1.25047e-07,114.188,795.049,-1.78808e-07,129.252,1000.53,2.6733e-07,146.304,1259.03,4.50292e-07,165.605,1584.19,6.76904e-07,187.452,1993.12,-1.23808e-07,212.181,2507.27,-4.89068e-07,240.173,3153.54,-5.40284e-07,271.856,3965.56,1.86061e-07,307.719,4985.38,4.37004e-07,348.313,6265.4,3.59828e-07,394.26,7870.83,3.98192e-07,446.268,9882.51,-1.92908e-07,505.135,12400.3,-2.20392e-07,571.766,15546.9,1.51705e-07,647.184,19472.2,5.74996e-07,732.547,24357.4,5.39112e-07,829.167,30420,5.07815e-09,938.526,37916.3,-4.11492e-07,1062.3,47143.9,-3.9561e-07,1202.4,58439.2,3.86185e-08,1360.96,72169.3,5.94093e-07,1540.42,88715.8,7.47693e-07,1743.53,108445,1.78537e-07,1973.41,131665,-4.12549e-07,2233.57,158557,-5.37164e-07,2528,189103,-1.17615e-07,2861.2,222986,5.66769e-07,3238.27,259510,9.45053e-07,3664.97,297540,4.25093e-07,4147.81,335497,-3.58506e-07,4694.17,371444,-6.7724e-07,5312.37,403256,1.67192e-07,1.61744,3.89446,9.84394,3.28846,7.5504,12.774,5.07607,11.7187,13.6844,7.03202,16.8147,13.9681,9.20215,23.1769,14.0566,11.6301,31.1672,14.0841,14.3598,41.2186,14.0927,17.4376,53.8688,14.0954,20.9137,69.7915,14.0962,24.8432,89.8341,14.0965,29.2879,115.063,14.0966,34.3168,146.819,14.0966,40.0078,186.792,14.0966,46.4487,237.107,14.0966,53.7388,300.44,14.0966,61.9903,380.158,14.0966,71.3301,480.499,14.0966,81.902,606.796,14.0966,93.8685,765.761,14.0966,107.414,965.837,14.0966,122.746,1217.65,14.0966,140.101,1534.57,14.0966,159.745,1933.41,14.0966,181.981,2435.3,14.0966,207.15,3066.85,14.0966,235.64,3861.46,14.0966,267.889,4861.11,14.0966,304.391,6118.54,14.0966,345.709,7699.91,14.0966,392.478,9688.22,14.0966,445.417,12187.5,14.0966,505.339,15327.7,14.0966,573.165,19271.6,14.0966,649.938,24222,14.0966,736.839,30430.9,14.0966,835.202,38211.5,14.0966,946.539,47950.3,14.0966,1072.56,60122.8,14.0966,1215.21,75309.9,14.0966,1376.66,94216.2,14.0966,1559.41,117688,14.0966,1766.26,146729,14.0966,2000.39,182510,14.0966,2265.39,226372,14.0966,2565.33,279806,14.0966,2904.81,344416,14.0966,3289.05,421845,14.0966,3723.93,513667,14.0966,4216.13,621231,14.0966,4773.18,745478,14.0966,5403.64,886744,14.0966,6117.15,1.04457e+06,14.0966,6924.63,1.2176e+06,14.0966,11.7194,11.96,12.6541,13.9321,16.1295,13.6434,16.6097,21.9702,13.9553,19.7532,29.5285,14.0526,23.3844,39.1143,14.0829,27.5423,51.2054,14.0923,32.2796,66.434,14.0953,37.662,85.6061,14.0962,43.7675,109.74,14.0965,50.687,140.119,14.0966,58.5249,178.359,14.0966,67.4005,226.493,14.0966,77.4493,287.08,14.0966,88.8254,363.343,14.0966,101.703,459.336,14.0966,116.281,580.161,14.0966,132.782,732.241,14.0966,151.46,923.655,14.0966,172.603,1164.57,14.0966,196.535,1467.79,14.0966,223.625,1849.39,14.0966,254.288,2329.62,14.0966,288.997,2933.93,14.0966,328.285,3694.33,14.0966,372.755,4651.04,14.0966,423.092,5854.57,14.0966,480.07,7368.38,14.0966,544.564,9272.08,14.0966,617.566,11665.5,14.0966,700.197,14673.6,14.0966,793.729,18452.9,14.0966,899.599,23198.6,14.0966,1019.43,29154.1,14.0966,1155.07,36622.3,14.0966,1308.6,45977.9,14.0966,1482.39,57683.7,14.0966,1679.09,72307.8,14.0966,1901.73,90542.8,14.0966,2153.73,113226,14.0966,2438.97,141360,14.0966,2761.81,176127,14.0966,3127.22,218898,14.0966,3540.81,271226,14.0966,4008.92,334817,14.0966,4538.74,411470,14.0966,5138.38,502973,14.0966,5817.04,610948,14.0966,6585.12,736653,14.0966,7454.39,880741,14.0966,8438.15,1.04302e+06,14.0966,9551.45,1.22224e+06,14.0966,10811.3,1.41602e+06,14.0966,12237,1.62086e+06,14.0966,11.7194,11.96,12.6541,2.21263,4.16949,0.989383,2.67766,5.84076,0.311842,3.14343,7.55825,0.0972771,3.63127,9.58578,0.0303237,4.15787,12.0912,0.00945211,4.73731,15.2286,0.00294633,5.38238,19.1721,0.000918508,6.10553,24.134,0.000286163,6.91951,30.3791,8.92692e-05,7.83792,38.2397,2.78121e-05,8.87555,48.1338,8.65134e-06,10.0489,60.5876,2.7882e-06,11.3761,76.2629,8.29036e-07,12.8779,95.9927,2.4373e-07,14.5775,120.825,4.33068e-09,16.5012,152.08,1.75749e-07,18.6784,191.415,-1.86328e-07,21.1428,240.917,1.91829e-07,23.9322,303.213,-1.81475e-07,27.0895,381.602,7.0186e-08,30.6634,480.231,-2.86769e-08,34.7087,604.316,2.40784e-07,39.2876,760.401,9.87368e-08,44.4705,956.705,1.22263e-07,50.3371,1203.54,-4.31966e-07,56.9776,1513.81,-1.9705e-07,64.494,1903.69,-2.763e-08,73.0018,2393.4,3.9185e-07,82.6317,3008.13,1.35379e-07,93.5318,3779.25,-4.16351e-08,105.869,4745.7,2.06965e-08,119.834,5955.6,-3.18887e-07,135.641,7468.12,-1.48271e-08,153.531,9355.62,2.00739e-07,173.781,11705.8,2.28358e-07,196.701,14624.1,-1.93587e-08,222.642,18235,-2.88101e-07,252.003,22683.4,-2.24732e-07,285.234,28134,8.56806e-09,322.845,34767,2.34258e-07,365.413,42770.9,2.99668e-07,413.588,52327.9,8.28644e-08,468.111,63591.2,-3.07049e-07,529.814,76653.2,-3.1888e-07,599.642,91502.5,-6.72276e-08,678.662,107975,2.26339e-07,768.083,125705,3.69212e-07,869.267,144088,2.04077e-07,983.76,162277,-2.80509e-07,1113.3,179223,-4.22737e-07,1259.87,193777,-1.71951e-07,1425.68,204839,4.55555e-07,11.7194,11.96,12.6541,2.21263,4.16949,0.989383,2.67766,5.84076,0.311842,3.14343,7.55825,0.0972771,3.63127,9.58578,0.0303237,4.15787,12.0912,0.00945211,4.73731,15.2286,0.00294633,5.38238,19.1721,0.000918508,6.10553,24.134,0.000286163,6.91951,30.3791,8.92692e-05,7.83792,38.2397,2.78121e-05,8.87555,48.1338,8.65134e-06,10.0489,60.5876,2.7882e-06,11.3761,76.2629,8.29036e-07,12.8779,95.9927,2.4373e-07,14.5775,120.825,1e-08,16.5012,152.08,1.75749e-07,18.6784,191.415,1e-08,21.1428,240.917,1.91829e-07,23.9322,303.213,1e-08,27.0895,381.602,7.0186e-08,30.6634,480.231,1e-08,34.7087,604.316,2.40784e-07,39.2876,760.401,9.87368e-08,44.4705,956.705,1.22263e-07,50.3371,1203.54,1e-08,56.9776,1513.81,1e-08,64.494,1903.69,1e-08,73.0018,2393.4,3.9185e-07,82.6317,3008.13,1.35379e-07,93.5318,3779.25,1e-08,105.869,4745.7,2.06965e-08,119.834,5955.6,1e-08,135.641,7468.12,1e-08,153.531,9355.62,2.00739e-07,173.781,11705.8,2.28358e-07,196.701,14624.1,1e-08,222.642,18235,1e-08,252.003,22683.4,1e-08,285.234,28134,1e-08,322.845,34767,2.34258e-07,365.413,42770.9,2.99668e-07,413.588,52327.9,8.28644e-08,468.111,63591.2,1e-08,529.814,76653.2,1e-08,599.642,91502.5,1e-08,678.662,107975,2.26339e-07,768.083,125705,3.69212e-07,869.267,144088,2.04077e-07,983.76,162277,1e-08,1113.3,179223,1e-08,1259.87,193777,1e-08,1425.68,204839,4.55555e-07,6.2823,3.27286,2.43537,0.219672,6.18826,2.24117,0.56371,6.87772,2.63624,0.308279,11,13,18,1,3,0,2,7,0,0,4,1,1,2,0,2,8,0,1,9,0,3,16,0,10,29,0,1,22,0,10,81,0,3,49,0,14,175,0,10,82,0,12,124,0,11,186,0,21,263,0,9,231,0,17,303,0,31,218,0,12,243,0,29,544,0,63,704,0,36,848,0,28,642,0,88,1111,0,50,526,0,57,1666,0,97,1005,0,91,4290,0,169,2755,0,78,3563,0,47,5260,0,198,9030,0,101,13145,0,150,10871,0,77,12674,0,289,12699,0,314,17061,0,199,33998,0,109,44233,0,319,62887,0,335,32109,0,255,68039,0,701,106565,0,710,121727,0,1342,87656,0,329,157405,0,733,138960,0,932,135472,0,1373,212142,0,1978,156964,0,1063,194247,0
-1.05176e+08,1,8.88811e-15,10,1023,0,1.05176e+08,0.528882,1.08665,0.389689,0.145397,0.379329,3.24381,0.161596,0.446195,1.77396,0.159177,1.15e+07,4.49998e+06,6.79999e+06,1.15e+07,4.49997e+06,6.79999e+06,1.15e+07,4.49996e+06,6.79999e+06,1.15e+07,4.49995e+06,6.79999e+06,1.14999e+07,4.49993e+06,6.79999e+06,1.14999e+07,4.49991e+06,6.79999e+06,1.14999e+07,4.49989e+06,6.79999e+06,1.14999e+07,4.49986e+06,6.79999e+06,1.14999e+07,4.49982e+06,6.79999e+06,1.14999e+07,4.49977e+06,6.79999e+06,1.14999e+07,4.49971e+06,6.79999e+06,1.14999e+07,4.49963e+06,6.79999e+06,1.14998e+07,4.49953e+06,6.79999e+06,1.14998e+07,4.49941e+06,6.79999e+06,1.14998e+07,4.49926e+06,6.79999e+06,1.14998e+07,4.49906e+06,6.79999e+06,1.14997e+07,4.49882e+06,6.79999e+06,1.14997e+07,4.49851e+06,6.79999e+06,1.14997e+07,4.49812e+06,6.79999e+06,1.14996e+07,4.49764e+06,6.79999e+06,1.14996e+07,4.49702e+06,6.79999e+06,1.14995e+07,4.49625e+06,6.79999e+06,1.14995e+07,4.49528e+06,6.79999e+06,1.14994e+07,4.49406e+06,6.79999e+06,1.14993e+07,4.49253e+06,6.79999e+06,1.14992e+07,4.49059e+06,6.79999e+06,1.14991e+07,4.48817e+06,6.79999e+06,1.1499e+07,4.48511e+06,6.79999e+06,1.14988e+07,4.48128e+06,6.79999e+06,1.14987e+07,4.47646e+06,6.79999e+06,1.14985e+07,4.47041e+06,6.79999e+06,1.14983e+07,4.46281e+06,6.79999e+06,1.14981e+07,4.4533e+06,6.79999e+06,1.14979e+07,4.44138e+06,6.79999e+06,1.14976e+07,4.42649e+06,6.79999e+06,1.14972e+07,4.40789e+06,6.79999e+06,1.14969e+07,4.38471e+06,6.79999e+06,1.14965e+07,4.35592e+06,6.79999e+06,1.1496e+07,4.32027e+06,6.79999e+06,1.14955e+07,4.27629e+06,6.79999e+06,1.14949e+07,4.22231e+06,6.79999e+06,1.14942e+07,4.15647e+06,6.79999e+06,1.14934e+07,4.07676e+06,6.79999e+06,1.14926e+07,3.98112e+06,6.79999e+06,1.14916e+07,3.86765e+06,6.79999e+06,1.14905e+07,3.73474e+06,6.79999e+06,1.14892e+07,3.58148e+06,6.79999e+06,1.14878e+07,3.40785e+06,6.79999e+06,1.14862e+07,3.21513e+06,6.79999e+06,1.14844e+07,3.00605e+06,6.79999e+06,1.14823e+07,2.7848e+06,6.79999e+06,1.148e+07,2.5568e+06,6.79999e+06,1.14773e+07,2.32825e+06,6.79999e+06,13.5742,8.52444,0.508366,16.8306,13.2585,0.162638,20.0035,17.569,0.0507846,23.2616,22.4214,0.0158319,26.7328,28.3297,0.00493498,30.5212,35.6974,0.00153831,34.7178,44.9473,0.000479527,39.4086,56.5822,0.000149456,44.6796,71.2245,4.66214e-05,50.6209,89.6543,1.45419e-05,57.3297,112.852,4.54748e-06,64.9129,142.051,1.43857e-06,73.4897,178.803,4.36618e-07,83.1934,225.062,1.40153e-07,94.1745,283.286,4.96378e-08,106.602,356.568,1.05434e-07,120.669,448.799,-6.49244e-08,136.59,564.873,1.70148e-07,154.611,710.948,-5.34594e-08,175.008,894.767,1.63407e-07,198.097,1126.06,8.04804e-08,224.231,1417.07,1.14667e-07,253.813,1783.15,-1.71227e-07,287.297,2243.62,-2.88466e-07,325.198,2822.67,-4.33651e-07,368.098,3550.67,7.9318e-08,416.657,4465.65,3.13319e-07,471.621,5615.16,3.4613e-07,533.835,7058.61,-1.19199e-07,604.255,8870.02,-2.79964e-07,683.962,11141.4,-2.30521e-07,774.182,13986.7,-2.55099e-07,876.299,17546.4,1.23585e-07,991.883,21993.1,1.41192e-07,1122.71,27536.7,-9.71886e-08,1270.78,34430.7,-3.68368e-07,1438.38,42977.7,-3.45379e-07,1628.07,53532.7,-3.25328e-09,1842.77,66504.6,2.6362e-07,2085.77,82350.2,2.53445e-07,2360.79,101560,-2.47407e-08,2672.05,124632,-3.80602e-07,3024.31,152018,-4.79005e-07,3422.98,184060,-1.14379e-07,3874.15,220884,2.64297e-07,4384.72,262283,3.44131e-07,4962.49,307576,7.5349e-08,5616.29,355497,-3.63097e-07,6356.1,404126,-6.05442e-07,7193.18,450932,-2.72333e-07,8140.28,492963,2.29675e-07,9211.79,527178,4.3387e-07,10424,550893,-1.0711e-07,10.102,8.06553,2.81012,10.6436,8.57909,0.869423,11.5336,10.2515,0.270869,12.7211,12.7138,0.0844293,14.1823,15.9373,0.0263173,15.9122,20.0383,0.0082035,17.9198,25.2154,0.00255722,20.2244,31.7373,0.000797017,22.8539,39.9486,0.000248622,25.8438,50.2851,7.75492e-05,29.237,63.2963,2.42508e-05,33.0837,79.6738,7.67162e-06,37.4415,100.288,2.32837e-06,42.3767,126.236,7.33e-07,47.9646,158.896,2.79256e-07,54.2906,200.003,9.87351e-09,61.452,251.741,1.61085e-07,69.5585,316.859,-2.47141e-07,78.7347,398.812,8.93552e-08,89.1218,501.948,-2.53231e-07,100.879,631.736,-1.25047e-07,114.188,795.049,-1.78808e-07,129.252,1000.53,2.6733e-07,146.304,1259.03,4.50292e-07,165.605,1584.19,6.76904e-07,187.452,1993.12,-1.23808e-07,212.181,2507.27,-4.89068e-07,240.173,3153.54,-5.40284e-07,271.856,3965.56,1.86061e-07,307.719,4985.38,4.37004e-07,348.313,6265.4,3.59828e-07,394.26,7870.83,3.98192e-07,446.268,9882.51,-1.92908e-07,505.135,12400.3,-2.20392e-07,571.766,15546.9,1.51705e-07,647.184,19472.2,5.74996e-07,732.547,24357.4,5.39112e-07,829.167,30420,5.07815e-09,938.526,37916.3,-4.11492e-07,1062.3,47143.9,-3.9561e-07,1202.4,58439.2,3.86185e-08,1360.96,72169.3,5.94093e-07,1540.42,88715.8,7.47693e-07,1743.53,108445,1.78537e-07,1973.41,131665,-4.12549e-07,2233.57,158557,-5.37164e-07,2528,189103,-1.17615e-07,2861.2,222986,5.66769e-07,3238.27,259510,9.45053e-07,3664.97,297540,4.25093e-07,4147.81,335497,-3.58506e-07,4694.17,371444,-6.7724e-07,5312.37,403256,1.67192e-07,1.61744,3.89446,9.84394,3.28846,7.5504,12.774,5.07607,11.7187,13.6844,7.03202,16.8147,13.9681,9.20215,23.1769,14.0566,11.6301,31.1672,14.0841,14.3598,41.2186,14.0927,17.4376,53.8688,14.0954,20.9137,69.7915,14.0962,24.8432,89.8341,14.0965,29.2879,115.063,14.0966,34.3168,146.819,14.0966,40.0078,186.792,14.0966,46.4487,237.107,14.0966,53.7388,300.44,14.0966,61.9903,380.158,14.0966,71.3301,480.499,14.0966,81.902,606.796,14.0966,93.8685,765.761,14.0966,107.414,965.837,14.0966,122.746,1217.65,14.0966,140.101,1534.57,14.0966,159.745,1933.41,14.0966,181.981,2435.3,14.0966,207.15,3066.85,14.0966,235.64,3861.46,14.0966,267.889,4861.11,14.0966,304.391,6118.54,14.0966,345.709,7699.91,14.0966,392.478,9688.22,14.0966,445.417,12187.5,14.0966,505.339,15327.7,14.0966,573.165,19271.6,14.0966,649.938,24222,14.0966,736.839,30430.9,14.0966,835.202,38211.5,14.0966,946.539,47950.3,14.0966,1072.56,60122.8,14.0966,1215.21,75309.9,14.0966,1376.66,94216.2,14.0966,1559.41,117688,14.0966,1766.26,146729,14.0966,2000.39,182510,14.0966,2265.39,226372,14.0966,2565.33,279806,14.0966,2904.81,344416,14.0966,3289.05,421845,14.0966,3723.93,513667,14.0966,4216.13,621231,14.0966,4773.18,745478,14.0966,5403.64,886744,14.0966,6117.15,1.04457e+06,14.0966,6924.63,1.2176e+06,14.0966,11.7194,11.96,12.6541,13.9321,16.1295,13.6434,16.6097,21.9702,13.9553,19.7532,29.5285,14.0526,23.3844,39.1143,14.0829,27.5423,51.2054,14.0923,32.2796,66.434,14.0953,37.662,85.6061,14.0962,43.7675,109.74,14.0965,50.687,140.119,14.0966,58.5249,178.359,14.0966,67.4005,226.493,14.0966,77.4493,287.08,14.0966,88.8254,363.343,14.0966,101.703,459.336,14.0966,116.281,580.161,14.0966,132.782,732.241,14.0966,151.46,923.655,14.0966,172.603,1164.57,14.0966,196.535,1467.79,14.0966,223.625,1849.39,14.0966,254.288,2329.62,14.0966,288.997,2933.93,14.0966,328.285,3694.33,14.0966,372.755,4651.04,14.0966,423.092,5854.57,14.0966,480.07,7368.38,14.0966,544.564,9272.08,14.0966,617.566,11665.5,14.0966,700.197,14673.6,14.0966,793.729,18452.9,14.0966,899.599,23198.6,14.0966,1019.43,29154.1,14.0966,1155.07,36622.3,14.0966,1308.6,45977.9,14.0966,1482.39,57683.7,14.0966,1679.09,72307.8,14.0966,1901.73,90542.8,14.0966,2153.73,113226,14.0966,2438.97,141360,14.0966,2761.81,176127,14.0966,3127.22,218898,14.0966,3540.81,271226,14.0966,4008.92,334817,14.0966,4538.74,411470,14.0966,5138.38,502973,14.0966,5817.04,610948,14.0966,6585.12,736653,14.0966,7454.39,880741,14.0966,8438.15,1.04302e+06,14.0966,9551.45,1.22224e+06,14.0966,10811.3,1.41602e+06,14.0966,12237,1.62086e+06,14.0966,11.7194,11.96,12.6541,2.21263,4.16949,0.989383,2.67766,5.84076,0.311842,3.14343,7.55825,0.0972771,3.63127,9.58578,0.0303237,4.15787,12.0912,0.00945211,4.73731,15.2286,0.00294633,5.38238,19.1721,0.000918508,6.10553,24.134,0.000286163,6.91951,30.3791,8.92692e-05,7.83792,38.2397,2.78121e-05,8.87555,48.1338,8.65134e-06,10.0489,60.5876,2.7882e-06,11.3761,76.2629,8.29036e-07,12.8779,95.9927,2.4373e-07,14.5775,120.825,4.33068e-09,16.5012,152.08,1.75749e-07,18.6784,191.415,-1.86328e-07,21.1428,240.917,1.91829e-07,23.9322,303.213,-1.81475e-07,27.0895,381.602,7.0186e-08,30.6634,480.231,-2.86769e-08,34.7087,604.316,2.40784e-07,39.2876,760.401,9.87368e-08,44.4705,956.705,1.22263e-07,50.3371,1203.54,-4.31966e-07,56.9776,1513.81,-1.9705e-07,64.494,1903.69,-2.763e-08,73.0018,2393.4,3.9185e-07,82.6317,3008.13,1.35379e-07,93.5318,3779.25,-4.16351e-08,105.869,4745.7,2.06965e-08,119.834,5955.6,-3.18887e-07,135.641,7468.12,-1.48271e-08,153.531,9355.62,2.00739e-07,173.781,11705.8,2.28358e-07,196.701,14624.1,-1.93587e-08,222.642,18235,-2.88101e-07,252.003,22683.4,-2.24732e-07,285.234,28134,8.56806e-09,322.845,34767,2.34258e-07,365.413,42770.9,2.99668e-07,413.588,52327.9,8.28644e-08,468.111,63591.2,-3.07049e-07,529.814,76653.2,-3.1888e-07,599.642,91502.5,-6.72276e-08,678.662,107975,2.26339e-07,768.083,125705,3.69212e-07,869.267,144088,2.04077e-07,983.76,162277,-2.80509e-07,1113.3,179223,-4.22737e-07,1259.87,193777,-1.71951e-07,1425.68,204839,4.55555e-07,11.7194,11.96,12.6541,2.21263,4.16949,0.989383,2.67766,5.84076,0.311842,3.14343,7.55825,0.0972771,3.63127,9.58578,0.0303237,4.15787,12.0912,0.00945211,4.73731,15.2286,0.00294633,5.38238,19.1721,0.000918508,6.10553,24.134,0.000286163,6.91951,30.3791,8.92692e-05,7.83792,38.2397,2.78121e-05,8.87555,48.1338,8.65134e-06,10.0489,60.5876,2.7882e-06,11.3761,76.2629,8.29036e-07,12.8779,95.9927,2.4373e-07,14.5775,120.825,1e-08,16.5012,152.08,1.75749e-07,18.6784,191.415,1e-08,21.1428,240.917,1.91829e-07,23.9322,303.213,1e-08,27.0895,381.602,7.0186e-08,30.6634,480.231,1e-08,34.7087,604.316,2.40784e-07,39.2876,760.401,9.87368e-08,44.4705,956.705,1.22263e-07,50.3371,1203.54,1e-08,56.9776,1513.81,1e-08,64.494,1903.69,1e-08,73.0018,2393.4,3.9185e-07,82.6317,3008.13,1.35379e-07,93.5318,3779.25,1e-08,105.869,4745.7,2.06965e-08,119.834,5955.6,1e-08,135.641,7468.12,1e-08,153.531,9355.62,2.00739e-07,173.781,11705.8,2.28358e-07,196.701,14624.1,1e-08,222.642,18235,1e-08,252.003,22683.4,1e-08,285.234,28134,1e-08,322.845,34767,2.34258e-07,365.413,42770.9,2.99668e-07,413.588,52327.9,8.28644e-08,468.111,63591.2,1e-08,529.814,76653.2,1e-08,599.642,91502.5,1e-08,678.662,107975,2.26339e-07,768.083,125705,3.69212e-07,869.267,144088,2.04077e-07,983.76,162277,1e-08,1113.3,179223,1e-08,1259.87,193777,1e-08,1425.68,204839,4.55555e-07,6.2823,3.27286,2.43537,0.219672,6.18826,2.24117,0.56371,6.87772,2.63624,0.308279,20,12,8,2,0,2,4,7,0,4,8,0,0,10,0,4,22,0,5,3,0,7,11,0,11,23,0,9,55,0,5,33,0,3,75,0,8,36,0,14,54,0,29,202,0,13,148,0,22,323,0,19,113,0,9,319,0,7,121,0,40,409,0,24,767,0,50,411,0,33,1261,0,47,1335,0,18,769,0,72,1252,0,43,4064,0,28,2327,0,66,3625,0,129,2657,0,57,9818,0,92,4052,0,202,4925,0,403,12992,0,137,12990,0,224,19326,0,265,33036,0,292,15847,0,297,44110,0,663,29460,0,414,32329,0,541,17825,0,439,120927,0,461,61315,0,623,95266,0,701,139046,0,560,128825,0,943,78925,0,714,146265,0,1147,290862,0,988,258054,0,815,167973,0
-1.05176e+08,1,8.88811e-15,10,1023,0,1.05176e+08,0.528882,1.08665,0.389689,0.145397,0.379329,3.24381,0.161596,0.446195,1.77396,0.159177,1.15e+07,4.49998e+06,6.79999e+06,1.15e+07,4.49997e+06,6.79999e+06,1.15e+07,4.49996e+06,6.79999e+06,1.15e+07,4.49995e+06,6.79999e+06,1.14999e+07,4.49993e+06,6.79999e+06,1.14999e+07,4.49991e+06,6.79999e+06,1.14999e+07,4.49989e+06,6.79999e+06,1.14999e+07,4.49986e+06,6.79999e+06,1.14999e+07,4.49982e+06,6.79999e+06,1.14999e+07,4.49977e+06,6.79999e+06,1.14999e+07,4.49971e+06,6.79999e+06,1.14999e+07,4.49963e+06,6.79999e+06,1.14998e+07,4.49953e+06,6.79999e+06,1.14998e+07,4.49941e+06,6.79999e+06,1.14998e+07,4.49926e+06,6.79999e+06,1.14998e+07,4.49906e+06,6.79999e+06,1.14997e+07,4.49882e+06,6.79999e+06,1.14997e+07,4.49851e+06,6.79999e+06,1.14997e+07,4.49812e+06,6.79999e+06,1.14996e+07,4.49764e+06,6.79999e+06,1.14996e+07,4.49702e+06,6.79999e+06,1.14995e+07,4.49625e+06,6.79999e+06,1.14995e+07,4.49528e+06,6.79999e+06,1.14994e+07,4.49406e+06,6.79999e+06,1.14993e+07,4.49253e+06,6.79999e+06,1.14992e+07,4.49059e+06,6.79999e+06,1.14991e+07,4.48817e+06,6.79999e+06,1.1499e+07,4.48511e+06,6.79999e+06,1.14988e+07,4.48128e+06,6.79999e+06,1.14987e+07,4.47646e+06,6.79999e+06,1.14985e+07,4.47041e+06,6.79999e+06,1.14983e+07,4.46281e+06,6.79999e+06,1.14981e+07,4.4533e+06,6.79999e+06,1.14979e+07,4.44138e+06,6.79999e+06,1.14976e+07,4.42649e+06,6.79999e+06,1.14972e+07,4.40789e+06,6.79999e+06,1.14969e+07,4.38471e+06,6.79999e+06,1.14965e+07,4.35592e+06,6.79999e+06,1.1496e+07,4.32027e+06,6.79999e+06,1.14955e+07,4.27629e+06,6.79999e+06,1.14949e+07,4.22231e+06,6.79999e+06,1.14942e+07,4.15647e+06,6.79999e+06,1.14934e+07,4.07676e+06,6.79999e+06,1.14926e+07,3.98112e+06,6.79999e+06,1.14916e+07,3.86765e+06,6.79999e+06,1.14905e+07,3.73474e+06,6.79999e+06,1.14892e+07,3.58148e+06,6.79999e+06,1.14878e+07,3.40785e+06,6.79999e+06,1.14862e+07,3.21513e+06,6.79999e+06,1.14844e+07,3.00605e+06,6.79999e+06,1.14823e+07,2.7848e+06,6.79999e+06,1.148e+07,2.5568e+06,6.79999e+06,1.14773e+07,2.32825e+06,6.79999e+06,13.5742,8.52444,0.508366,16.8306,13.2585,0.162638,20.0035,17.569,0.0507846,23.2616,22.4214,0.0158319,26.7328,28.3297,0.00493498,30.5212,35.6974,0.00153831,34.7178,44.9473,0.000479527,39.4086,56.5822,0.000149456,44.6796,71.2245,4.66214e-05,50.6209,89.6543,1.45419e-05,57.3297,112.852,4.54748e-06,64.9129,142.051,1.43857e-06,73.4897,178.803,4.36618e-07,83.1934,225.062,1.40153e-07,94.1745,283.286,4.96378e-08,106.602,356.568,1.05434e-07,120.669,448.799,-6.49244e-08,136.59,564.873,1.70148e-07,154.611,710.948,-5.34594e-08,175.008,894.767,1.63407e-07,198.097,1126.06,8.04804e-08,224.231,1417.07,1.14667e-07,253.813,1783.15,-1.71227e-07,287.297,2243.62,-2.88466e-07,325.198,2822.67,-4.33651e-07,368.098,3550.67,7.9318e-08,416.657,4465.65,3.13319e-07,471.621,5615.16,3.4613e-07,533.835,7058.61,-1.19199e-07,604.255,8870.02,-2.79964e-07,683.962,11141.4,-2.30521e-07,774.182,13986.7,-2.55099e-07,876.299,17546.4,1.23585e-07,991.883,21993.1,1.41192e-07,1122.71,27536.7,-9.71886e-08,1270.78,34430.7,-3.68368e-07,1438.38,42977.7,-3.45379e-07,1628.07,53532.7,-3.25328e-09,1842.77,66504.6,2.6362e-07,2085.77,82350.2,2.53445e-07,2360.79,101560,-2.47407e-08,2672.05,124632,-3.80602e-07,3024.31,152018,-4.79005e-07,3422.98,184060,-1.14379e-07,3874.15,220884,2.64297e-07,4384.72,262283,3.44131e-07,4962.49,307576,7.5349e-08,5616.29,355497,-3.63097e-07,6356.1,404126,-6.05442e-07,7193.18,450932,-2.72333e-07,8140.28,492963,2.29675e-07,9211.79,527178,4.3387e-07,10424,550893,-1.0711e-07,10.102,8.06553,2.81012,10.6436,8.57909,0.869423,11.5336,10.2515,0.270869,12.7211,12.7138,0.0844293,14.1823,15.9373,0.0263173,15.9122,20.0383,0.0082035,17.9198,25.2154,0.00255722,20.2244,31.7373,0.000797017,22.8539,39.9486,0.000248622,25.8438,50.2851,7.75492e-05,29.237,63.2963,2.42508e-05,33.0837,79.6738,7.67162e-06,37.4415,100.288,2.32837e-06,42.3767,126.236,7.33e-07,47.9646,158.896,2.79256e-07,54.2906,200.003,9.87351e-09,61.452,251.741,1.61085e-07,69.5585,316.859,-2.47141e-07,78.7347,398.812,8.93552e-08,89.1218,501.948,-2.53231e-07,100.879,631.736,-1.25047e-07,114.188,795.049,-1.78808e-07,129.252,1000.53,2.6733e-07,146.304,1259.03,4.50292e-07,165.605,1584.19,6.76904e-07,187.452,1993.12,-1.23808e-07,212.181,2507.27,-4.89068e-07,240.173,3153.54,-5.40284e-07,271.856,3965.56,1.86061e-07,307.719,4985.38,4.37004e-07,348.313,6265.4,3.59828e-07,394.26,7870.83,3.98192e-07,446.268,9882.51,-1.92908e-07,505.135,12400.3,-2.20392e-07,571.766,15546.9,1.51705e-07,647.184,19472.2,5.74996e-07,732.547,24357.4,5.39112e-07,829.167,30420,5.07815e-09,938.526,37916.3,-4.11492e-07,1062.3,47143.9,-3.9561e-07,1202.4,58439.2,3.86185e-08,1360.96,72169.3,5.94093e-07,1540.42,88715.8,7.47693e-07,1743.53,108445,1.78537e-07,1973.41,131665,-4.12549e-07,2233.57,158557,-5.37164e-07,2528,189103,-1.17615e-07,2861.2,222986,5.66769e-07,3238.27,259510,9.45053e-07,3664.97,297540,4.25093e-07,4147.81,335497,-3.58506e-07,4694.17,371444,-6.7724e-07,5312.37,403256,1.67192e-07,1.61744,3.89446,9.84394,3.28846,7.5504,12.774,5.07607,11.7187,13.6844,7.03202,16.8147,13.9681,9.20215,23.1769,14.0566,11.6301,31.1672,14.0841,14.3598,41.2186,14.0927,17.4376,53.8688,14.0954,20.9137,69.7915,14.0962,24.8432,89.8341,14.0965,29.2879,115.063,14.0966,34.3168,146.819,14.0966,40.0078,186.792,14.0966,46.4487,237.107,14.0966,53.7388,300.44,14.0966,61.9903,380.158,14.0966,71.3301,480.499,14.0966,81.902,606.796,14.0966,93.8685,765.761,14.0966,107.414,965.837,14.0966,122.746,1217.65,14.0966,140.101,1534.57,14.0966,159.745,1933.41,14.0966,181.981,2435.3,14.0966,207.15,3066.85,14.0966,235.64,3861.46,14.0966,267.889,4861.11,14.0966,304.391,6118.54,14.0966,345.709,7699.91,14.0966,392.478,9688.22,14.0966,445.417,12187.5,14.0966,505.339,15327.7,14.0966,573.165,19271.6,14.0966,649.938,24222,14.0966,736.839,30430.9,14.0966,835.202,38211.5,14.0966,946.539,47950.3,14.0966,1072.56,60122.8,14.0966,1215.21,75309.9,14.0966,1376.66,94216.2,14.0966,1559.41,117688,14.0966,1766.26,146729,14.0966,2000.39,182510,14.0966,2265.39,226372,14.0966,2565.33,279806,14.0966,2904.81,344416,14.0966,3289.05,421845,14.0966,3723.93,513667,14.0966,4216.13,621231,14.0966,4773.18,745478,14.0966,5403.64,886744,14.0966,6117.15,1.04457e+06,14.0966,6924.63,1.2176e+06,14.0966,11.7194,11.96,12.6541,13.9321,16.1295,13.6434,16.6097,21.9702,13.9553,19.7532,29.5285,14.0526,23.3844,39.1143,14.0829,27.5423,51.2054,14.0923,32.2796,66.434,14.0953,37.662,85.6061,14.0962,43.7675,109.74,14.0965,50.687,140.119,14.0966,58.5249,178.359,14.0966,67.4005,226.493,14.0966,77.4493,287.08,14.0966,88.8254,363.343,14.0966,101.703,459.336,14.0966,116.281,580.161,14.0966,132.782,732.241,14.0966,151.46,923.655,14.0966,172.603,1164.57,14.0966,196.535,1467.79,14.0966,223.625,1849.39,14.0966,254.288,2329.62,14.0966,288.997,2933.93,14.0966,328.285,3694.33,14.0966,372.755,4651.04,14.0966,423.092,5854.57,14.0966,480.07,7368.38,14.0966,544.564,9272.08,14.0966,617.566,11665.5,14.0966,700.197,14673.6,14.0966,793.729,18452.9,14.0966,899.599,23198.6,14.0966,1019.43,29154.1,14.0966,1155.07,36622.3,14.0966,1308.6,45977.9,14.0966,1482.39,57683.7,14.0966,1679.09,72307.8,14.0966,1901.73,90542.8,14.0966,2153.73,113226,14.0966,2438.97,141360,14.0966,2761.81,176127,14.0966,3127.22,218898,14.0966,3540.81,271226,14.0966,4008.92,334817,14.0966,4538.74,411470,14.0966,5138.38,502973,14.0966,5817.04,610948,14.0966,6585.12,736653,14.0966,7454.39,880741,14.0966,8438.15,1.04302e+06,14.0966,9551.45,1.22224e+06,14.0966,10811.3,1.41602e+06,14.0966,12237,1.62086e+06,14.0966,11.7194,11.96,12.6541,2.21263,4.16949,0.989383,2.67766,5.84076,0.311842,3.14343,7.55825,0.0972771,3.63127,9.58578,0.0303237,4.15787,12.0912,0.00945211,4.73731,15.2286,0.00294633,5.38238,19.1721,0.000918508,6.10553,24.134,0.000286163,6.91951,30.3791,8.92692e-05,7.83792,38.2397,2.78121e-05,8.87555,48.1338,8.65134e-06,10.0489,60.5876,2.7882e-06,11.3761,76.2629,8.29036e-07,12.8779,95.9927,2.4373e-07,14.5775,120.825,4.33068e-09,16.5012,152.08,1.75749e-07,18.6784,191.415,-1.86328e-07,21.1428,240.917,1.91829e-07,23.9322,303.213,-1.81475e-07,27.0895,381.602,7.0186e-08,30.6634,480.231,-2.86769e-08,34.7087,604.316,2.40784e-07,39.2876,760.401,9.87368e-08,44.4705,956.705,1.22263e-07,50.3371,1203.54,-4.31966e-07,56.9776,1513.81,-1.9705e-07,64.494,1903.69,-2.763e-08,73.0018,2393.4,3.9185e-07,82.6317,3008.13,1.35379e-07,93.5318,3779.25,-4.16351e-08,105.869,4745.7,2.06965e-08,119.834,5955.6,-3.18887e-07,135.641,7468.12,-1.48271e-08,153.531,9355.62,2.00739e-07,173.781,11705.8,2.28358e-07,196.701,14624.1,-1.93587e-08,222.642,18235,-2.88101e-07,252.003,22683.4,-2.24732e-07,285.234,28134,8.56806e-09,322.845,34767,2.34258e-07,365.413,42770.9,2.99668e-07,413.588,52327.9,8.28644e-08,468.111,63591.2,-3.07049e-07,529.814,76653.2,-3.1888e-07,599.642,91502.5,-6.72276e-08,678.662,107975,2.26339e-07,768.083,125705,3.69212e-07,869.267,144088,2.04077e-07,983.76,162277,-2.80509e-07,1113.3,179223,-4.22737e-07,1259.87,193777,-1.71951e-07,1425.68,204839,4.55555e-07,11.7194,11.96,12.6541,2.21263,4.16949,0.989383,2.67766,5.84076,0.311842,3.14343,7.55825,0.0972771,3.63127,9.58578,0.0303237,4.15787,12.0912,0.00945211,4.73731,15.2286,0.00294633,5.38238,19.1721,0.000918508,6.10553,24.134,0.000286163,6.91951,30.3791,8.92692e-05,7.83792,38.2397,2.78121e-05,8.87555,48.1338,8.65134e-06,10.0489,60.5876,2.7882e-06,11.3761,76.2629,8.29036e-07,12.8779,95.9927,2.4373e-07,14.5775,120.825,1e-08,16.5012,152.08,1.75749e-07,18.6784,191.415,1e-08,21.1428,240.917,1.91829e-07,23.9322,303.213,1e-08,27.0895,381.602,7.0186e-08,30.6634,480.231,1e-08,34.7087,604.316,2.40784e-07,39.2876,760.401,9.87368e-08,44.4705,956.705,1.22263e-07,50.3371,1203.54,1e-08,56.9776,1513.81,1e-08,64.494,1903.69,1e-08,73.0018,2393.4,3.9185e-07,82.6317,3008.13,1.35379e-07,93.5318,3779.25,1e-08,105.869,4745.7,2.06965e-08,119.834,5955.6,1e-08,135.641,7468.12,1e-08,153.531,9355.62,2.00739e-07,173.781,11705.8,2.28358e-07,196.701,14624.1,1e-08,222.642,18235,1e-08,252.003,22683.4,1e-08,285.234,28134,1e-08,322.845,34767,2.34258e-07,365.413,42770.9,2.99668e-07,413.588,52327.9,8.28644e-08,468.111,63591.2,1e-08,529.814,76653.2,1e-08,599.642,91502.5,1e-08,678.662,107975,2.26339e-07,768.083,125705,3.69212e-07,869.267,144088,2.04077e-07,983.76,162277,1e-08,1113.3,179223,1e-08,1259.87,193777,1e-08,1425.68,204839,4.55555e-07,6.2823,3.27286,2.43537,0.219672,6.18826,2.24117,0.56371,6.87772,2.63624,0.308279,13,17,21,2,5,0,1,3,0,1,9,0,1,21,0,1,15,0,3,12,0,2,11,0,6,26,0,16,22,0,5,54,0,8,36,0,10,112,0,15,46,0,17,176,0,14,168,0,18,175,0,6,161,0,5,121,0,25,455,0,37,501,0,31,335,0,40,1215,0,23,1436,0,31,761,0,43,1241,0,73,1451,0,129,511,0,76,1922,0,110,4877,0,79,1953,0,132,6960,0,82,6970,0,115,2723,0,100,9225,0,286,14881,0,96,14213,0,141,11368,0,161,30416,0,317,17590,0,281,18166,0,360,60944,0,468,43793,0,417,47327,0,293,50239,0,578,99181,0,1441,65407,0,556,162098,0,667,121897,0,1002,145596,0,848,249369,0,1615,310113,0,1068,161113,0
-1.05176e+08,8.09535e-47,8.88811e-15,10,1023,0,1.05176e+08,0.528882,1.08665,0.389689,0.145397,0.379329,3.24381,0.161596,0.446195,1.77396,0.159177,1.15e+07,4.49998e+06,6.79999e+06,1.15e+07,4.49997e+06,6.79999e+06,1.15e+07,4.49996e+06,6.79999e+06,1.15e+07,4.49995e+06,6.79999e+06,1.14999e+07,4.49993e+06,6.79999e+06,1.14999e+07,4.49991e+06,6.79999e+06,1.14999e+07,4.49989e+06,6.79999e+06,1.14999e+07,4.49986e+06,6.79999e+06,1.14999e+07,4.49982e+06,6.79999e+06,1.14999e+07,4.49977e+06,6.79999e+06,1.14999e+07,4.49971e+06,6.79999e+06,1.14999e+07,4.49963e+06,6.79999e+06,1.14998e+07,4.49953e+06,6.79999e+06,1.14998e+07,4.49941e+06,6.79999e+06,1.14998e+07,4.49926e+06,6.79999e+06,1.14998e+07,4.49906e+06,6.79999e+06,1.14997e+07,4.49882e+06,6.79999e+06,1.14997e+07,4.49851e+06,6.79999e+06,1.14997e+07,4.49812e+06,6.79999e+06,1.14996e+07,4.49764e+06,6.79999e+06,1.14996e+07,4.49702e+06,6.79999e+06,1.14995e+07,4.49625e+06,6.79999e+06,1.14995e+07,4.49528e+06,6.79999e+06,1.14994e+07,4.49406e+06,6.79999e+06,1.14993e+07,4.49253e+06,6.79999e+06,1.14992e+07,4.49059e+06,6.79999e+06,1.14991e+07,4.48817e+06,6.79999e+06,1.1499e+07,4.48511e+06,6.79999e+06,1.14988e+07,4.48128e+06,6.79999e+06,1.14987e+07,4.47646e+06,6.79999e+06,1.14985e+07,4.47041e+06,6.79999e+06,1.14983e+07,4.46281e+06,6.79999e+06,1.14981e+07,4.4533e+06,6.79999e+06,1.14979e+07,4.44138e+06,6.79999e+06,1.14976e+07,4.42649e+06,6.79999e+06,1.14972e+07,4.40789e+06,6.79999e+06,1.14969e+07,4.38471e+06,6.79999e+06,1.14965e+07,4.35592e+06,6.79999e+06,1.1496e+07,4.32027e+06,6.79999e+06,1.14955e+07,4.27629e+06,6.79999e+06,1.14949e+07,4.22231e+06,6.79999e+06,1.14942e+07,4.15647e+06,6.79999e+06,1.14934e+07,4.07676e+06,6.79999e+06,1.14926e+07,3.98112e+06,6.79999e+06,1.14916e+07,3.86765e+06,6.79999e+06,1.14905e+07,3.73474e+06,6.79999e+06,1.14892e+07,3.58148e+06,6.79999e+06,1.14878e+07,3.40785e+06,6.79999e+06,1.14862e+07,3.21513e+06,6.79999e+06,1.14844e+07,3.00605e+06,6.79999e+06,1.14823e+07,2.7848e+06,6.79999e+06,1.148e+07,2.5568e+06,6.79999e+06,1.14773e+07,2.32825e+06,6.79999e+06,13.5742,8.52444,0.508366,16.8306,13.2585,0.162638,20.0035,17.569,0.0507846,23.2616,22.4214,0.0158319,26.7328,28.3297,0.00493498,30.5212,35.6974,0.00153831,34.7178,44.9473,0.000479527,39.4086,56.5822,0.000149456,44.6796,71.2245,4.66214e-05,50.6209,89.6543,1.45419e-05,57.3297,112.852,4.54748e-06,64.9129,142.051,1.43857e-06,73.4897,178.803,4.36618e-07,83.1934,225.062,1.40153e-07,94.1745,283.286,4.96378e-08,106.602,356.568,1.05434e-07,120.669,448.799,-6.49244e-08,136.59,564.873,1.70148e-07,154.611,710.948,-5.34594e-08,175.008,894.767,1.63407e-07,198.097,1126.06,8.04804e-08,224.231,1417.07,1.14667e-07,253.813,1783.15,-1.71227e-07,287.297,2243.62,-2.88466e-07,325.198,2822.67,-4.33651e-07,368.098,3550.67,7.9318e-08,416.657,4465.65,3.13319e-07,471.621,5615.16,3.4613e-07,533.835,7058.61,-1.19199e-07,604.255,8870.02,-2.79964e-07,683.962,11141.4,-2.30521e-07,774.182,13986.7,-2.55099e-07,876.299,17546.4,1.23585e-07,991.883,21993.1,1.41192e-07,1122.71,27536.7,-9.71886e-08,1270.78,34430.7,-3.68368e-07,1438.38,42977.7,-3.45379e-07,1628.07,53532.7,-3.25328e-09,1842.77,66504.6,2.6362e-07,2085.77,82350.2,2.53445e-07,2360.79,101560,-2.47407e-08,2672.05,124632,-3.80602e-07,3024.31,152018,-4.79005e-07,3422.98,184060,-1.14379e-07,3874.15,220884,2.64297e-07,4384.72,262283,3.44131e-07,4962.49,307576,7.5349e-08,5616.29,355497,-3.63097e-07,6356.1,404126,-6.05442e-07,7193.18,450932,-2.72333e-07,8140.28,492963,2.29675e-07,9211.79,527178,4.3387e-07,10424,550893,-1.0711e-07,10.102,8.06553,2.81012,10.6436,8.57909,0.869423,11.5336,10.2515,0.270869,12.7211,12.7138,0.0844293,14.1823,15.9373,0.0263173,15.9122,20.0383,0.0082035,17.9198,25.2154,0.00255722,20.2244,31.7373,0.000797017,22.8539,39.9486,0.000248622,25.8438,50.2851,7.75492e-05,29.237,63.2963,2.42508e-05,33.0837,79.6738,7.67162e-06,37.4415,100.288,2.32837e-06,42.3767,126.236,7.33e-07,47.9646,158.896,2.79256e-07,54.2906,200.003,9.87351e-09,61.452,251.741,1.61085e-07,69.5585,316.859,-2.47141e-07,78.7347,398.812,8.93552e-08,89.1218,501.948,-2.53231e-07,100.879,631.736,-1.25047e-07,114.188,795.049,-1.78808e-07,129.252,1000.53,2.6733e-07,146.304,1259.03,4.50292e-07,165.605,1584.19,6.76904e-07,187.452,1993.12,-1.23808e-07,212.181,2507.27,-4.89068e-07,240.173,3153.54,-5.40284e-07,271.856,3965.56,1.86061e-07,307.719,4985.38,4.37004e-07,348.313,6265.4,3.59828e-07,394.26,7870.83,3.98192e-07,446.268,9882.51,-1.92908e-07,505.135,12400.3,-2.20392e-07,571.766,15546.9,1.51705e-07,647.184,19472.2,5.74996e-07,732.547,24357.4,5.39112e-07,829.167,30420,5.07815e-09,938.526,37916.3,-4.11492e-07,1062.3,47143.9,-3.9561e-07,1202.4,58439.2,3.86185e-08,1360.96,72169.3,5.94093e-07,1540.42,88715.8,7.47693e-07,1743.53,108445,1.78537e-07,1973.41,131665,-4.12549e-07,2233.57,158557,-5.37164e-07,2528,189103,-1.17615e-07,2861.2,222986,5.66769e-07,3238.27,259510,9.45053e-07,3664.97,297540,4.25093e-07,4147.81,335497,-3.58506e-07,4694.17,371444,-6.7724e-07,5312.37,403256,1.67192e-07,1.61744,3.89446,9.84394,3.28846,7.5504,12.774,5.07607,11.7187,13.6844,7.03202,16.8147,13.9681,9.20215,23.1769,14.0566,11.6301,31.1672,14.0841,14.3598,41.2186,14.0927,17.4376,53.8688,14.0954,20.9137,69.7915,14.0962,24.8432,89.8341,14.0965,29.2879,115.063,14.0966,34.3168,146.819,14.0966,40.0078,186.792,14.0966,46.4487,237.107,14.0966,53.7388,300.44,14.0966,61.9903,380.158,14.0966,71.3301,480.499,14.0966,81.902,606.796,14.0966,93.8685,765.761,14.0966,107.414,965.837,14.0966,122.746,1217.65,14.0966,140.101,1534.57,14.0966,159.745,1933.41,14.0966,181.981,2435.3,14.0966,207.15,3066.85,14.0966,235.64,3861.46,14.0966,267.889,4861.11,14.0966,304.391,6118.54,14.0966,345.709,7699.91,14.0966,392.478,9688.22,14.0966,445.417,12187.5,14.0966,505.339,15327.7,14.0966,573.165,19271.6,14.0966,649.938,24222,14.0966,736.839,30430.9,14.0966,835.202,38211.5,14.0966,946.539,47950.3,14.0966,1072.56,60122.8,14.0966,1215.21,75309.9,14.0966,1376.66,94216.2,14.0966,1559.41,117688,14.0966,1766.26,146729,14.0966,2000.39,182510,14.0966,2265.39,226372,14.0966,2565.33,279806,14.0966,2904.81,344416,14.0966,3289.05,421845,14.0966,3723.93,513667,14.0966,4216.13,621231,14.0966,4773.18,745478,14.0966,5403.64,886744,14.0966,6117.15,1.04457e+06,14.0966,6924.63,1.2176e+06,14.0966,11.7194,11.96,12.6541,13.9321,16.1295,13.6434,16.6097,21.9702,13.9553,19.7532,29.5285,14.0526,23.3844,39.1143,14.0829,27.5423,51.2054,14.0923,32.2796,66.434,14.0953,37.662,85.6061,14.0962,43.7675,109.74,14.0965,50.687,140.119,14.0966,58.5249,178.359,14.0966,67.4005,226.493,14.0966,77.4493,287.08,14.0966,88.8254,363.343,14.0966,101.703,459.336,14.0966,116.281,580.161,14.0966,132.782,732.241,14.0966,151.46,923.655,14.0966,172.603,1164.57,14.0966,196.535,1467.79,14.0966,223.625,1849.39,14.0966,254.288,2329.62,14.0966,288.997,2933.93,14.0966,328.285,3694.33,14.0966,372.755,4651.04,14.0966,423.092,5854.57,14.0966,480.07,7368.38,14.0966,544.564,9272.08,14.0966,617.566,11665.5,14.0966,700.197,14673.6,14.0966,793.729,18452.9,14.0966,899.599,23198.6,14.0966,1019.43,29154.1,14.0966,1155.07,36622.3,14.0966,1308.6,45977.9,14.0966,1482.39,57683.7,14.0966,1679.09,72307.8,14.0966,1901.73,90542.8,14.0966,2153.73,113226,14.0966,2438.97,141360,14.0966,2761.81,176127,14.0966,3127.22,218898,14.0966,3540.81,271226,14.0966,4008.92,334817,14.0966,4538.74,411470,14.0966,5138.38,502973,14.0966,5817.04,610948,14.0966,6585.12,736653,14.0966,7454.39,880741,14.0966,8438.15,1.04302e+06,14.0966,9551.45,1.22224e+06,14.0966,10811.3,1.41602e+06,14.0966,12237,1.62086e+06,14.0966,11.7194,11.96,12.6541,2.21263,4.16949,0.989383,2.67766,5.84076,0.311842,3.14343,7.55825,0.0972771,3.63127,9.58578,0.0303237,4.15787,12.0912,0.00945211,4.73731,15.2286,0.00294633,5.38238,19.1721,0.000918508,6.10553,24.134,0.000286163,6.91951,30.3791,8.92692e-05,7.83792,38.2397,2.78121e-05,8.87555,48.1338,8.65134e-06,10.0489,60.5876,2.7882e-06,11.3761,76.2629,8.29036e-07,12.8779,95.9927,2.4373e-07,14.5775,120.825,4.33068e-09,16.5012,152.08,1.75749e-07,18.6784,191.415,-1.86328e-07,21.1428,240.917,1.91829e-07,23.9322,303.213,-1.81475e-07,27.0895,381.602,7.0186e-08,30.6634,480.231,-2.86769e-08,34.7087,604.316,2.40784e-07,39.2876,760.401,9.87368e-08,44.4705,956.705,1.22263e-07,50.3371,1203.54,-4.31966e-07,56.9776,1513.81,-1.9705e-07,64.494,1903.69,-2.763e-08,73.0018,2393.4,3.9185e-07,82.6317,3008.13,1.35379e-07,93.5318,3779.25,-4.16351e-08,105.869,4745.7,2.06965e-08,119.834,5955.6,-3.18887e-07,135.641,7468.12,-1.48271e-08,153.531,9355.62,2.00739e-07,173.781,11705.8,2.28358e-07,196.701,14624.1,-1.93587e-08,222.642,18235,-2.88101e-07,252.003,22683.4,-2.24732e-07,285.234,28134,8.56806e-09,322.845,34767,2.34258e-07,365.413,42770.9,2.99668e-07,413.588,52327.9,8.28644e-08,468.111,63591.2,-3.07049e-07,529.814,76653.2,-3.1888e-07,599.642,91502.5,-6.72276e-08,678.662,107975,2.26339e-07,768.083,125705,3.69212e-07,869.267,144088,2.04077e-07,983.76,162277,-2.80509e-07,1113.3,179223,-4.22737e-07,1259.87,193777,-1.71951e-07,1425.68,204839,4.55555e-07,11.7194,11.96,12.6541,2.21263,4.16949,0.989383,2.67766,5.84076,0.311842,3.14343,7.55825,0.0972771,3.63127,9.58578,0.0303237,4.15787,12.0912,0.00945211,4.73731,15.2286,0.00294633,5.38238,19.1721,0.000918508,6.10553,24.134,0.000286163,6.91951,30.3791,8.92692e-05,7.83792,38.2397,2.78121e-05,8.87555,48.1338,8.65134e-06,10.0489,60.5876,2.7882e-06,11.3761,76.2629,8.29036e-07,12.8779,95.9927,2.4373e-07,14.5775,120.825,1e-08,16.5012,152.08,1.75749e-07,18.6784,191.415,1e-08,21.1428,240.917,1.91829e-07,23.9322,303.213,1e-08,27.0895,381.602,7.0186e-08,30.6634,480.231,1e-08,34.7087,604.316,2.40784e-07,39.2876,760.401,9.87368e-08,44.4705,956.705,1.22263e-07,50.3371,1203.54,1e-08,56.9776,1513.81,1e-08,64.494,1903.69,1e-08,73.0018,2393.4,3.9185e-07,82.6317,3008.13,1.35379e-07,93.5318,3779.25,1e-08,105.869,4745.7,2.06965e-08,119.834,5955.6,1e-08,135.641,7468.12,1e-08,153.531,9355.62,2.00739e-07,173.781,11705.8,2.28358e-07,196.701,14624.1,1e-08,222.642,18235,1e-08,252.003,22683.4,1e-08,285.234,28134,1e-08,322.845,34767,2.34258e-07,365.413,42770.9,2.99668e-07,413.588,52327.9,8.28644e-08,468.111,63591.2,1e-08,529.814,76653.2,1e-08,599.642,91502.5,1e-08,678.662,107975,2.26339e-07,768.083,125705,3.69212e-07,869.267,144088,2.04077e-07,983.76,162277,1e-08,1113.3,179223,1e-08,1259.87,193777,1e-08,1425.68,204839,4.55555e-07,6.2823,3.27286,2.43537,0.219672,6.18826,2.24117,0.56371,6.87772,2.63624,0.308279,13,12,11,0,6,2,3,4,0,6,11,0,2,8,0,4,2,0,3,18,0,7,20,0,2,15,0,4,39,0,11,25,0,5,86,0,3,54,0,14,63,0,8,109,0,12,170,0,23,164,0,30,311,0,18,229,0,9,294,0,29,364,0,46,416,0,35,837,0,40,503,0,34,1292,0,78,2650,0,24,2289,0,73,2882,0,85,1790,0,97,3093,0,107,4878,0,41,2448,0,246,5074,0,132,7653,0,152,13006,0,82,9728,0,92,10639,0,156,15067,0,239,18742,0,268,15241,0,456,21129,0,264,24175,0,414,22352,0,263,80250,0,514,116246,0,273,55256,0,890,71258,0,450,134139,0,1479,209730,0,983,132697,0,1106,91048,0,1592,166572,0,1942,316211,0
-1.05176e+08,1,8.88811e-15,10,1023,0,1.05176e+08,0.528882,1.08665,0.389689,0.145397,0.379329,3.24381,0.161596,0.446195,1.77396,0.159177,1.15e+07,4.49998e+06,6.79999e+06,1.15e+07,4.49997e+06,6.79999e+06,1.15e+07,4.49996e+06,6.79999e+06,1.15e+07,4.49995e+06,6.79999e+06,1.14999e+07,4.49993e+06,6.79999e+06,1.14999e+07,4.49991e+06,6.79999e+06,1.14999e+07,4.49989e+06,6.79999e+06,1.14999e+07,4.49986e+06,6.79999e+06,1.14999e+07,4.49982e+06,6.79999e+06,1.14999e+07,4.49977e+06,6.79999e+06,1.14999e+07,4.49971e+06,6.79999e+06,1.14999e+07,4.49963e+06,6.79999e+06,1.14998e+07,4.49953e+06,6.79999e+06,1.14998e+07,4.49941e+06,6.79999e+06,1.14998e+07,4.49926e+06,6.79999e+06,1.14998e+07,4.49906e+06,6.79999e+06,1.14997e+07,4.49882e+06,6.79999e+06,1.14997e+07,4.49851e+06,6.79999e+06,1.14997e+07,4.49812e+06,6.79999e+06,1.14996e+07,4.49764e+06,6.79999e+06,1.14996e+07,4.49702e+06,6.79999e+06,1.14995e+07,4.49625e+06,6.79999e+06,1.14995e+07,4.49528e+06,6.79999e+06,1.14994e+07,4.49406e+06,6.79999e+06,1.14993e+07,4.49253e+06,6.79999e+06,1.14992e+07,4.49059e+06,6.79999e+06,1.14991e+07,4.48817e+06,6.79999e+06,1.1499e+07,4.48511e+06,6.79999e+06,1.14988e+07,4.48128e+06,6.79999e+06,1.14987e+07,4.47646e+06,6.79999e+06,1.14985e+07,4.47041e+06,6.79999e+06,1.14983e+07,4.46281e+06,6.79999e+06,1.14981e+07,4.4533e+06,6.79999e+06,1.14979e+07,4.44138e+06,6.79999e+06,1.14976e+07,4.42649e+06,6.79999e+06,1.14972e+07,4.40789e+06,6.79999e+06,1.14969e+07,4.38471e+06,6.79999e+06,1.14965e+07,4.35592e+06,6.79999e+06,1.1496e+07,4.32027e+06,6.79999e+06,1.14955e+07,4.27629e+06,6.79999e+06,1.14949e+07,4.22231e+06,6.79999e+06,1.14942e+07,4.15647e+06,6.79999e+06,1.14934e+07,4.07676e+06,6.79999e+06,1.14926e+07,3.98112e+06,6.79999e+06,1.14916e+07,3.86765e+06,6.79999e+06,1.14905e+07,3.73474e+06,6.79999e+06,1.14892e+07,3.58148e+06,6.79999e+06,1.14878e+07,3.40785e+06,6.79999e+06,1.14862e+07,3.21513e+06,6.79999e+06,1.14844e+07,3.00605e+06,6.79999e+06,1.14823e+07,2.7848e+06,6.79999e+06,1.148e+07,2.5568e+06,6.79999e+06,1.14773e+07,2.32825e+06,6.79999e+06,13.5742,8.52444,0.508366,16.8306,13.2585,0.162638,20.0035,17.569,0.0507846,23.2616,22.4214,0.0158319,26.7328,28.3297,0.00493498,30.5212,35.6974,0.00153831,34.7178,44.9473,0.000479527,39.4086,56.5822,0.000149456,44.6796,71.2245,4.66214e-05,50.6209,89.6543,1.45419e-05,57.3297,112.852,4.54748e-06,64.9129,142.051,1.43857e-06,73.4897,178.803,4.36618e-07,83.1934,225.062,1.40153e-07,94.1745,283.286,4.96378e-08,106.602,356.568,1.05434e-07,120.669,448.799,-6.49244e-08,136.59,564.873,1.70148e-07,154.611,710.948,-5.34594e-08,175.008,894.767,1.63407e-07,198.097,1126.06,8.04804e-08,224.231,1417.07,1.14667e-07,253.813,1783.15,-1.71227e-07,287.297,2243.62,-2.88466e-07,325.198,2822.67,-4.33651e-07,368.098,3550.67,7.9318e-08,416.657,4465.65,3.13319e-07,471.621,5615.16,3.4613e-07,533.835,7058.61,-1.19199e-07,604.255,8870.02,-2.79964e-07,683.962,11141.4,-2.30521e-07,774.182,13986.7,-2.55099e-07,876.299,17546.4,1.23585e-07,991.883,21993.1,1.41192e-07,1122.71,27536.7,-9.71886e-08,1270.78,34430.7,-3.68368e-07,1438.38,42977.7,-3.45379e-07,1628.07,53532.7,-3.25328e-09,1842.77,66504.6,2.6362e-07,2085.77,82350.2,2.53445e-07,2360.79,101560,-2.47407e-08,2672.05,124632,-3.80602e-07,3024.31,152018,-4.79005e-07,3422.98,184060,-1.14379e-07,3874.15,220884,2.64297e-07,4384.72,262283,3.44131e-07,4962.49,307576,7.5349e-08,5616.29,355497,-3.63097e-07,6356.1,404126,-6.05442e-07,7193.18,450932,-2.72333e-07,8140.28,492963,2.29675e-07,9211.79,527178,4.3387e-07,10424,550893,-1.0711e-07,10.102,8.06553,2.81012,10.6436,8.57909,0.869423,11.5336,10.2515,0.270869,12.7211,12.7138,0.0844293,14.1823,15.9373,0.0263173,15.9122,20.0383,0.0082035,17.9198,25.2154,0.00255722,20.2244,31.7373,0.000797017,22.8539,39.9486,0.000248622,25.8438,50.2851,7.75492e-05,29.237,63.2963,2.42508e-05,33.0837,79.6738,7.67162e-06,37.4415,100.288,2.32837e-06,42.3767,126.236,7.33e-07,47.9646,158.896,2.79256e-07,54.2906,200.003,9.87351e-09,61.452,251.741,1.61085e-07,69.5585,316.859,-2.47141e-07,78.7347,398.812,8.93552e-08,89.1218,501.948,-2.53231e-07,100.879,631.736,-1.25047e-07,114.188,795.049,-1.78808e-07,129.252,1000.53,2.6733e-07,146.304,1259.03,4.50292e-07,165.605,1584.19,6.76904e-07,187.452,1993.12,-1.23808e-07,212.181,2507.27,-4.89068e-07,240.173,3153.54,-5.40284e-07,271.856,3965.56,1.86061e-07,307.719,4985.38,4.37004e-07,348.313,6265.4,3.59828e-07,394.26,7870.83,3.98192e-07,446.268,9882.51,-1.92908e-07,505.135,12400.3,-2.20392e-07,571.766,15546.9,1.51705e-07,647.184,19472.2,5.74996e-07,732.547,24357.4,5.39112e-07,829.167,30420,5.07815e-09,938.526,37916.3,-4.11492e-07,1062.3,47143.9,-3.9561e-07,1202.4,58439.2,3.86185e-08,1360.96,72169.3,5.94093e-07,1540.42,88715.8,7.47693e-07,1743.53,108445,1.78537e-07,1973.41,131665,-4.12549e-07,2233.57,158557,-5.37164e-07,2528,189103,-1.17615e-07,2861.2,222986,5.66769e-07,3238.27,259510,9.45053e-07,3664.97,297540,4.25093e-07,4147.81,335497,-3.58506e-07,4694.17,371444,-6.7724e-07,5312.37,403256,1.67192e-07,1.61744,3.89446,9.84394,3.28846,7.5504,12.774,5.07607,11.7187,13.6844,7.03202,16.8147,13.9681,9.20215,23.1769,14.0566,11.6301,31.1672,14.0841,14.3598,41.2186,14.0927,17.4376,53.8688,14.0954,20.9137,69.7915,14.0962,24.8432,89.8341,14.0965,29.2879,115.063,14.0966,34.3168,146.819,14.0966,40.0078,186.792,14.0966,46.4487,237.107,14.0966,53.7388,300.44,14.0966,61.9903,380.158,14.0966,71.3301,480.499,14.0966,81.902,606.796,14.0966,93.8685,765.761,14.0966,107.414,965.837,14.0966,122.746,1217.65,14.0966,140.101,1534.57,14.0966,159.745,1933.41,14.0966,181.981,2435.3,14.0966,207.15,3066.85,14.0966,235.64,3861.46,14.0966,267.889,4861.11,14.0966,304.391,6118.54,14.0966,345.709,7699.91,14.0966,392.478,9688.22,14.0966,445.417,12187.5,14.0966,505.339,15327.7,14.0966,573.165,19271.6,14.0966,649.938,24222,14.0966,736.839,30430.9,14.0966,835.202,38211.5,14.0966,946.539,47950.3,14.0966,1072.56,60122.8,14.0966,1215.21,75309.9,14.0966,1376.66,94216.2,14.0966,1559.41,117688,14.0966,1766.26,146729,14.0966,2000.39,182510,14.0966,2265.39,226372,14.0966,2565.33,279806,14.0966,2904.81,344416,14.0966,3289.05,421845,14.0966,3723.93,513667,14.0966,4216.13,621231,14.0966,4773.18,745478,14.0966,5403.64,886744,14.0966,6117.15,1.04457e+06,14.0966,6924.63,1.2176e+06,14.0966,11.7194,11.96,12.6541,13.9321,16.1295,13.6434,16.6097,21.9702,13.9553,19.7532,29.5285,14.0526,23.3844,39.1143,14.0829,27.5423,51.2054,14.0923,32.2796,66.434,14.0953,37.662,85.6061,14.0962,43.7675,109.74,14.0965,50.687,140.119,14.0966,58.5249,178.359,14.0966,67.4005,226.493,14.0966,77.4493,287.08,14.0966,88.8254,363.343,14.0966,101.703,459.336,14.0966,116.281,580.161,14.0966,132.782,732.241,14.0966,151.46,923.655,14.0966,172.603,1164.57,14.0966,196.535,1467.79,14.0966,223.625,1849.39,14.0966,254.288,2329.62,14.0966,288.997,2933.93,14.0966,328.285,3694.33,14.0966,372.755,4651.04,14.0966,423.092,5854.57,14.0966,480.07,7368.38,14.0966,544.564,9272.08,14.0966,617.566,11665.5,14.0966,700.197,14673.6,14.0966,793.729,18452.9,14.0966,899.599,23198.6,14.0966,1019.43,29154.1,14.0966,1155.07,36622.3,14.0966,1308.6,45977.9,14.0966,1482.39,57683.7,14.0966,1679.09,72307.8,14.0966,1901.73,90542.8,14.0966,2153.73,113226,14.0966,2438.97,141360,14.0966,2761.81,176127,14.0966,3127.22,218898,14.0966,3540.81,271226,14.0966,4008.92,334817,14.0966,4538.74,411470,14.0966,5138.38,502973,14.0966,5817.04,610948,14.0966,6585.12,736653,14.0966,7454.39,880741,14.0966,8438.15,1.04302e+06,14.0966,9551.45,1.22224e+06,14.0966,10811.3,1.41602e+06,14.0966,12237,1.62086e+06,14.0966,11.7194,11.96,12.6541,2.21263,4.16949,0.989383,2.67766,5.84076,0.311842,3.14343,7.55825,0.0972771,3.63127,9.58578,0.0303237,4.15787,12.0912,0.00945211,4.73731,15.2286,0.00294633,5.38238,19.1721,0.000918508,6.10553,24.134,0.000286163,6.91951,30.3791,8.92692e-05,7.83792,38.2397,2.78121e-05,8.87555,48.1338,8.65134e-06,10.0489,60.5876,2.7882e-06,11.3761,76.2629,8.29036e-07,12.8779,95.9927,2.4373e-07,14.5775,120.825,4.33068e-09,16.5012,152.08,1.75749e-07,18.6784,191.415,-1.86328e-07,21.1428,240.917,1.91829e-07,23.9322,303.213,-1.81475e-07,27.0895,381.602,7.0186e-08,30.6634,480.231,-2.86769e-08,34.7087,604.316,2.40784e-07,39.2876,760.401,9.87368e-08,44.4705,956.705,1.22263e-07,50.3371,1203.54,-4.31966e-07,56.9776,1513.81,-1.9705e-07,64.494,1903.69,-2.763e-08,73.0018,2393.4,3.9185e-07,82.6317,3008.13,1.35379e-07,93.5318,3779.25,-4.16351e-08,105.869,4745.7,2.06965e-08,119.834,5955.6,-3.18887e-07,135.641,7468.12,-1.48271e-08,153.531,9355.62,2.00739e-07,173.781,11705.8,2.28358e-07,196.701,14624.1,-1.93587e-08,222.642,18235,-2.88101e-07,252.003,22683.4,-2.24732e-07,285.234,28134,8.56806e-09,322.845,34767,2.34258e-07,365.413,42770.9,2.99668e-07,413.588,52327.9,8.28644e-08,468.111,63591.2,-3.07049e-07,529.814,76653.2,-3.1888e-07,599.642,91502.5,-6.72276e-08,678.662,107975,2.26339e-07,768.083,125705,3.69212e-07,869.267,144088,2.04077e-07,983.76,162277,-2.80509e-07,1113.3,179223,-4.22737e-07,1259.87,193777,-1.71951e-07,1425.68,204839,4.55555e-07,11.7194,11.96,12.6541,2.21263,4.16949,0.989383,2.67766,5.84076,0.311842,3.14343,7.55825,0.0972771,3.63127,9.58578,0.0303237,4.15787,12.0912,0.00945211,4.73731,15.2286,0.00294633,5.38238,19.1721,0.000918508,6.10553,24.134,0.000286163,6.91951,30.3791,8.92692e-05,7.83792,38.2397,2.78121e-05,8.87555,48.1338,8.65134e-06,10.0489,60.5876,2.7882e-06,11.3761,76.2629,8.29036e-07,12.8779,95.9927,2.4373e-07,14.5775,120.825,1e-08,16.5012,152.08,1.75749e-07,18.6784,191.415,1e-08,21.1428,240.917,1.91829e-07,23.9322,303.213,1e-08,27.0895,381.602,7.0186e-08,30.6634,480.231,1e-08,34.7087,604.316,2.40784e-07,39.2876,760.401,9.87368e-08,44.4705,956.705,1.22263e-07,50.3371,1203.54,1e-08,56.9776,1513.81,1e-08,64.494,1903.69,1e-08,73.0018,2393.4,3.9185e-07,82.6317,3008.13,1.35379e-07,93.5318,3779.25,1e-08,105.869,4745.7,2.06965e-08,119.834,5955.6,1e-08,135.641,7468.12,1e-08,153.531,9355.62,2.00739e-07,173.781,11705.8,2.28358e-07,196.701,14624.1,1e-08,222.642,18235,1e-08,252.003,22683.4,1e-08,285.234,28134,1e-08,322.845,34767,2.34258e-07,365.413,42770.9,2.99668e-07,413.588,52327.9,8.28644e-08,468.111,63591.2,1e-08,529.814,76653.2,1e-08,599.642,91502.5,1e-08,678.662,107975,2.26339e-07,768.083,125705,3.69212e-07,869.267,144088,2.04077e-07,983.76,162277,1e-08,1113.3,179223,1e-08,1259.87,193777,1e-08,1425.68,204839,4.55555e-07,6.2823,3.27286,2.43537,0.219672,6.18826,2.24117,0.56371,6.87772,2.63624,0.308279,25,9,5,1,7,1,2,8,0,2,12,0,1,10,0,4,16,0,5,16,0,4,11,0,7,27,0,15,31,0,4,46,0,14,36,0,11,75,0,6,136,0,8,78,0,9,209,0,14,239,0,24,113,0,7,279,0,33,229,0,41,392,0,32,821,0,10,542,0,32,945,0,14,862,0,51,825,0,82,1154,0,119,2198,0,72,1238,0,75,4549,0,30,3606,0,117,6080,0,81,5069,0,291,6813,0,171,10962,0,197,12855,0,254,5226,0,180,11963,0,233,23016,0,298,48787,0,191,16917,0,255,13396,0,130,24062,0,640,51778,0,768,51748,0,480,105734,0,350,88007,0,590,124023,0,762,195057,0,562,22080,0,595,294962,0,1278,223945,0,733,262895,0
-1.05176e+08,1,8.88811e-15,10,1023,0,1.05176e+08,0.528882,1.08665,0.389689,0.145397,0.379329,3.24381,0.161596,0.446195,1.77396,0.159177,1.15e+07,4.49998e+06,6.79999e+06,1.15e+07,4.49997e+06,6.79999e+06,1.15e+07,4.49996e+06,6.79999e+06,1.15e+07,4.49995e+06,6.79999e+06,1.14999e+07,4.49993e+06,6.79999e+06,1.14999e+07,4.49991e+06,6.79999e+06,1.14999e+07,4.49989e+06,6.79999e+06,1.14999e+07,4.49986e+06,6.79999e+06,1.14999e+07,4.49982e+06,6.79999e+06,1.14999e+07,4.49977e+06,6.79999e+06,1.14999e+07,4.49971e+06,6.79999e+06,1.14999e+07,4.49963e+06,6.79999e+06,1.14998e+07,4.49953e+06,6.79999e+06,1.14998e+07,4.49941e+06,6.79999e+06,1.14998e+07,4.49926e+06,6.79999e+06,1.14998e+07,4.49906e+06,6.79999e+06,1.14997e+07,4.49882e+06,6.79999e+06,1.14997e+07,4.49851e+06,6.79999e+06,1.14997e+07,4.49812e+06,6.79999e+06,1.14996e+07,4.49764e+06,6.79999e+06,1.14996e+07,4.49702e+06,6.79999e+06,1.14995e+07,4.49625e+06,6.79999e+06,1.14995e+07,4.49528e+06,6.79999e+06,1.14994e+07,4.49406e+06,6.79999e+06,1.14993e+07,4.49253e+06,6.79999e+06,1.14992e+07,4.49059e+06,6.79999e+06,1.14991e+07,4.48817e+06,6.79999e+06,1.1499e+07,4.48511e+06,6.79999e+06,1.14988e+07,4.48128e+06,6.79999e+06,1.14987e+07,4.47646e+06,6.79999e+06,1.14985e+07,4.47041e+06,6.79999e+06,1.14983e+07,4.46281e+06,6.79999e+06,1.14981e+07,4.4533e+06,6.79999e+06,1.14979e+07,4.44138e+06,6.79999e+06,1.14976e+07,4.42649e+06,6.79999e+06,1.14972e+07,4.40789e+06,6.79999e+06,1.14969e+07,4.38471e+06,6.79999e+06,1.14965e+07,4.35592e+06,6.79999e+06,1.1496e+07,4.32027e+06,6.79999e+06,1.14955e+07,4.27629e+06,6.79999e+06,1.14949e+07,4.22231e+06,6.79999e+06,1.14942e+07,4.15647e+06,6.79999e+06,1.14934e+07,4.07676e+06,6.79999e+06,1.14926e+07,3.98112e+06,6.79999e+06,1.14916e+07,3.86765e+06,6.79999e+06,1.14905e+07,3.73474e+06,6.79999e+06,1.14892e+07,3.58148e+06,6.79999e+06,1.14878e+07,3.40785e+06,6.79999e+06,1.14862e+07,3.21513e+06,6.79999e+06,1.14844e+07,3.00605e+06,6.79999e+06,1.14823e+07,2.7848e+06,6.79999e+06,1.148e+07,2.5568e+06,6.79999e+06,1.14773e+07,2.32825e+06,6.79999e+06,13.5742,8.52444,0.508366,16.8306,13.2585,0.162638,20.0035,17.569,0.0507846,23.2616,22.4214,0.0158319,26.7328,28.3297,0.00493498,30.5212,35.6974,0.00153831,34.7178,44.9473,0.000479527,39.4086,56.5822,0.000149456,44.6796,71.2245,4.66214e-05,50.6209,89.6543,1.45419e-05,57.3297,112.852,4.54748e-06,64.9129,142.051,1.43857e-06,73.4897,178.803,4.36618e-07,83.1934,225.062,1.40153e-07,94.1745,283.286,4.96378e-08,106.602,356.568,1.05434e-07,120.669,448.799,-6.49244e-08,136.59,564.873,1.70148e-07,154.611,710.948,-5.34594e-08,175.008,894.767,1.63407e-07,198.097,1126.06,8.04804e-08,224.231,1417.07,1.14667e-07,253.813,1783.15,-1.71227e-07,287.297,2243.62,-2.88466e-07,325.198,2822.67,-4.33651e-07,368.098,3550.67,7.9318e-08,416.657,4465.65,3.13319e-07,471.621,5615.16,3.4613e-07,533.835,7058.61,-1.19199e-07,604.255,8870.02,-2.79964e-07,683.962,11141.4,-2.30521e-07,774.182,13986.7,-2.55099e-07,876.299,17546.4,1.23585e-07,991.883,21993.1,1.41192e-07,1122.71,27536.7,-9.71886e-08,1270.78,34430.7,-3.68368e-07,1438.38,42977.7,-3.45379e-07,1628.07,53532.7,-3.25328e-09,1842.77,66504.6,2.6362e-07,2085.77,82350.2,2.53445e-07,2360.79,101560,-2.47407e-08,2672.05,124632,-3.80602e-07,3024.31,152018,-4.79005e-07,3422.98,184060,-1.14379e-07,3874.15,220884,2.64297e-07,4384.72,262283,3.44131e-07,4962.49,307576,7.5349e-08,5616.29,355497,-3.63097e-07,6356.1,404126,-6.05442e-07,7193.18,450932,-2.72333e-07,8140.28,492963,2.29675e-07,9211.79,527178,4.3387e-07,10424,550893,-1.0711e-07,10.102,8.06553,2.81012,10.6436,8.57909,0.869423,11.5336,10.2515,0.270869,12.7211,12.7138,0.0844293,14.1823,15.9373,0.0263173,15.9122,20.0383,0.0082035,17.9198,25.2154,0.00255722,20.2244,31.7373,0.000797017,22.8539,39.9486,0.000248622,25.8438,50.2851,7.75492e-05,29.237,63.2963,2.42508e-05,33.0837,79.6738,7.67162e-06,37.4415,100.288,2.32837e-06,42.3767,126.236,7.33e-07,47.9646,158.896,2.79256e-07,54.2906,200.003,9.87351e-09,61.452,251.741,1.61085e-07,69.5585,316.859,-2.47141e-07,78.7347,398.812,8.93552e-08,89.1218,501.948,-2.53231e-07,100.879,631.736,-1.25047e-07,114.188,795.049,-1.78808e-07,129.252,1000.53,2.6733e-07,146.304,1259.03,4.50292e-07,165.605,1584.19,6.76904e-07,187.452,1993.12,-1.23808e-07,212.181,2507.27,-4.89068e-07,240.173,3153.54,-5.40284e-07,271.856,3965.56,1.86061e-07,307.719,4985.38,4.37004e-07,348.313,6265.4,3.59828e-07,394.26,7870.83,3.98192e-07,446.268,9882.51,-1.92908e-07,505.135,12400.3,-2.20392e-07,571.766,15546.9,1.51705e-07,647.184,19472.2,5.74996e-07,732.547,24357.4,5.39112e-07,829.167,30420,5.07815e-09,938.526,37916.3,-4.11492e-07,1062.3,47143.9,-3.9561e-07,1202.4,58439.2,3.86185e-08,1360.96,72169.3,5.94093e-07,1540.42,88715.8,7.47693e-07,1743.53,108445,1.78537e-07,1973.41,131665,-4.12549e-07,2233.57,158557,-5.37164e-07,2528,189103,-1.17615e-07,2861.2,222986,5.66769e-07,3238.27,259510,9.45053e-07,3664.97,297540,4.25093e-07,4147.81,335497,-3.58506e-07,4694.17,371444,-6.7724e-07,5312.37,403256,1.67192e-07,1.61744,3.89446,9.84394,3.28846,7.5504,12.774,5.07607,11.7187,13.6844,7.03202,16.8147,13.9681,9.20215,23.1769,14.0566,11.6301,31.1672,14.0841,14.3598,41.2186,14.0927,17.4376,53.8688,14.0954,20.9137,69.7915,14.0962,24.8432,89.8341,14.0965,29.2879,115.063,14.0966,34.3168,146.819,14.0966,40.0078,186.792,14.0966,46.4487,237.107,14.0966,53.7388,300.44,14.0966,61.9903,380.158,14.0966,71.3301,480.499,14.0966,81.902,606.796,14.0966,93.8685,765.761,14.0966,107.414,965.837,14.0966,122.746,1217.65,14.0966,140.101,1534.57,14.0966,159.745,1933.41,14.0966,181.981,2435.3,14.0966,207.15,3066.85,14.0966,235.64,3861.46,14.0966,267.889,4861.11,14.0966,304.391,6118.54,14.0966,345.709,7699.91,14.0966,392.478,9688.22,14.0966,445.417,12187.5,14.0966,505.339,15327.7,14.0966,573.165,19271.6,14.0966,649.938,24222,14.0966,736.839,30430.9,14.0966,835.202,38211.5,14.0966,946.539,47950.3,14.0966,1072.56,60122.8,14.0966,1215.21,75309.9,14.0966,1376.66,94216.2,14.0966,1559.41,117688,14.0966,1766.26,146729,14.0966,2000.39,182510,14.0966,2265.39,226372,14.0966,2565.33,279806,14.0966,2904.81,344416,14.0966,3289.05,421845,14.0966,3723.93,513667,14.0966,4216.13,621231,14.0966,4773.18,745478,14.0966,5403.64,886744,14.0966,6117.15,1.04457e+06,14.0966,6924.63,1.2176e+06,14.0966,11.7194,11.96,12.6541,13.9321,16.1295,13.6434,16.6097,21.9702,13.9553,19.7532,29.5285,14.0526,23.3844,39.1143,14.0829,27.5423,51.2054,14.0923,32.2796,66.434,14.0953,37.662,85.6061,14.0962,43.7675,109.74,14.0965,50.687,140.119,14.0966,58.5249,178.359,14.0966,67.4005,226.493,14.0966,77.4493,287.08,14.0966,88.8254,363.343,14.0966,101.703,459.336,14.0966,116.281,580.161,14.0966,132.782,732.241,14.0966,151.46,923.655,14.0966,172.603,1164.57,14.0966,196.535,1467.79,14.0966,223.625,1849.39,14.0966,254.288,2329.62,14.0966,288.997,2933.93,14.0966,328.285,3694.33,14.0966,372.755,4651.04,14.0966,423.092,5854.57,14.0966,480.07,7368.38,14.0966,544.564,9272.08,14.0966,617.566,11665.5,14.0966,700.197,14673.6,14.0966,793.729,18452.9,14.0966,899.599,23198.6,14.0966,1019.43,29154.1,14.0966,1155.07,36622.3,14.0966,1308.6,45977.9,14.0966,1482.39,57683.7,14.0966,1679.09,72307.8,14.0966,1901.73,90542.8,14.0966,2153.73,113226,14.0966,2438.97,141360,14.0966,2761.81,176127,14.0966,3127.22,218898,14.0966,3540.81,271226,14.0966,4008.92,334817,14.0966,4538.74,411470,14.0966,5138.38,502973,14.0966,5817.04,610948,14.0966,6585.12,736653,14.0966,7454.39,880741,14.0966,8438.15,1.04302e+06,14.0966,9551.45,1.22224e+06,14.0966,10811.3,1.41602e+06,14.0966,12237,1.62086e+06,14.0966,11.7194,11.96,12.6541,2.21263,4.16949,0.989383,2.67766,5.84076,0.311842,3.14343,7.55825,0.0972771,3.63127,9.58578,0.0303237,4.15787,12.0912,0.00945211,4.73731,15.2286,0.00294633,5.38238,19.1721,0.000918508,6.10553,24.134,0.000286163,6.91951,30.3791,8.92692e-05,7.83792,38.2397,2.78121e-05,8.87555,48.1338,8.65134e-06,10.0489,60.5876,2.7882e-06,11.3761,76.2629,8.29036e-07,12.8779,95.9927,2.4373e-07,14.5775,120.825,4.33068e-09,16.5012,152.08,1.75749e-07,18.6784,191.415,-1.86328e-07,21.1428,240.917,1.91829e-07,23.9322,303.213,-1.81475e-07,27.0895,381.602,7.0186e-08,30.6634,480.231,-2.86769e-08,34.7087,604.316,2.40784e-07,39.2876,760.401,9.87368e-08,44.4705,956.705,1.22263e-07,50.3371,1203.54,-4.31966e-07,56.9776,1513.81,-1.9705e-07,64.494,1903.69,-2.763e-08,73.0018,2393.4,3.9185e-07,82.6317,3008.13,1.35379e-07,93.5318,3779.25,-4.16351e-08,105.869,4745.7,2.06965e-08,119.834,5955.6,-3.18887e-07,135.641,7468.12,-1.48271e-08,153.531,9355.62,2.00739e-07,173.781,11705.8,2.28358e-07,196.701,14624.1,-1.93587e-08,222.642,18235,-2.88101e-07,252.003,22683.4,-2.24732e-07,285.234,28134,8.56806e-09,322.845,34767,2.34258e-07,365.413,42770.9,2.99668e-07,413.588,52327.9,8.28644e-08,468.111,63591.2,-3.07049e-07,529.814,76653.2,-3.1888e-07,599.642,91502.5,-6.72276e-08,678.662,107975,2.26339e-07,768.083,125705,3.69212e-07,869.267,144088,2.04077e-07,983.76,162277,-2.80509e-07,1113.3,179223,-4.22737e-07,1259.87,193777,-1.71951e-07,1425.68,204839,4.55555e-07,11.7194,11.96,12.6541,2.21263,4.16949,0.989383,2.67766,5.84076,0.311842,3.14343,7.55825,0.0972771,3.63127,9.58578,0.0303237,4.15787,12.0912,0.00945211,4.73731,15.2286,0.00294633,5.38238,19.1721,0.000918508,6.10553,24.134,0.000286163,6.91951,30.3791,8.92692e-05,7.83792,38.2397,2.78121e-05,8.87555,48.1338,8.65134e-06,10.0489,60.5876,2.7882e-06,11.3761,76.2629,8.29036e-07,12.8779,95.9927,2.4373e-07,14.5775,120.825,1e-08,16.5012,152.08,1.75749e-07,18.6784,191.415,1e-08,21.1428,240.917,1.91829e-07,23.9322,303.213,1e-08,27.0895,381.602,7.0186e-08,30.6634,480.231,1e-08,34.7087,604.316,2.40784e-07,39.2876,760.401,9.87368e-08,44.4705,956.705,1.22263e-07,50.3371,1203.54,1e-08,56.9776,1513.81,1e-08,64.494,1903.69,1e-08,73.0018,2393.4,3.9185e-07,82.6317,3008.13,1.35379e-07,93.5318,3779.25,1e-08,105.869,4745.7,2.06965e-08,119.834,5955.6,1e-08,135.641,7468.12,1e-08,153.531,9355.62,2.00739e-07,173.781,11705.8,2.28358e-07,196.701,14624.1,1e-08,222.642,18235,1e-08,252.003,22683.4,1e-08,285.234,28134,1e-08,322.845,34767,2.34258e-07,365.413,42770.9,2.99668e-07,413.588,52327.9,8.28644e-08,468.111,63591.2,1e-08,529.814,76653.2,1e-08,599.642,91502.5,1e-08,678.662,107975,2.26339e-07,768.083,125705,3.69212e-07,869.267,144088,2.04077e-07,983.76,162277,1e-08,1113.3,179223,1e-08,1259.87,193777,1e-08,1425.68,204839,4.55555e-07,6.2823,3.27286,2.43537,0.219672,6.18826,2.24117,0.56371,6.87772,2.63624,0.308279,12,19,4,6,2,0,2,7,1,3,4,0,3,9,0,4,18,0,2,18,0,1,23,0,9,7,0,2,33,0,6,15,0,15,45,0,7,42,0,14,30,0,9,91,0,14,87,0,7,248,0,18,189,0,14,120,0,37,220,0,28,355,0,24,334,0,53,706,0,48,774,0,29,957,0,30,713,0,45,1010,0,50,870,0,99,2936,0,232,2848,0,144,3978,0,78,8884,0,122,6532,0,137,9437,0,119,9986,0,138,6894,0,135,21585,0,148,20425,0,161,17443,0,83,27406,0,451,14922,0,227,24924,0,365,59536,0,439,76412,0,502,62883,0,1009,81298,0,636,97647,0,681,93791,0,1693,174669,0,1558,230108,0,774,71539,0,1392,173408,0,2643,245452,0
-1.05176e+08,1,8.88811e-15,10,1023,0,1.05176e+08,0.528882,1.08665,0.389689,0.145397,0.379329,3.24381,0.161596,0.446195,1.77396,0.159177,1.15e+07,4.49998e+06,6.79999e+06,1.15e+07,4.49997e+06,6.79999e+06,1.15e+07,4.49996e+06,6.79999e+06,1.15e+07,4.49995e+06,6.79999e+06,1.14999e+07,4.49993e+06,6.79999e+06,1.14999e+07,4.49991e+06,6.79999e+06,1.14999e+07,4.49989e+06,6.79999e+06,1.14999e+07,4.49986e+06,6.79999e+06,1.14999e+07,4.49982e+06,6.79999e+06,1.14999e+07,4.49977e+06,6.79999e+06,1.14999e+07,4.49971e+06,6.79999e+06,1.14999e+07,4.49963e+06,6.79999e+06,1.14998e+07,4.49953e+06,6.79999e+06,1.14998e+07,4.49941e+06,6.79999e+06,1.14998e+07,4.49926e+06,6.79999e+06,1.14998e+07,4.49906e+06,6.79999e+06,1.14997e+07,4.49882e+06,6.79999e+06,1.14997e+07,4.49851e+06,6.79999e+06,1.14997e+07,4.49812e+06,6.79999e+06,1.14996e+07,4.49764e+06,6.79999e+06,1.14996e+07,4.49702e+06,6.79999e+06,1.14995e+07,4.49625e+06,6.79999e+06,1.14995e+07,4.49528e+06,6.79999e+06,1.14994e+07,4.49406e+06,6.79999e+06,1.14993e+07,4.49253e+06,6.79999e+06,1.14992e+07,4.49059e+06,6.79999e+06,1.14991e+07,4.48817e+06,6.79999e+06,1.1499e+07,4.48511e+06,6.79999e+06,1.14988e+07,4.48128e+06,6.79999e+06,1.14987e+07,4.47646e+06,6.79999e+06,1.14985e+07,4.47041e+06,6.79999e+06,1.14983e+07,4.46281e+06,6.79999e+06,1.14981e+07,4.4533e+06,6.79999e+06,1.14979e+07,4.44138e+06,6.79999e+06,1.14976e+07,4.42649e+06,6.79999e+06,1.14972e+07,4.40789e+06,6.79999e+06,1.14969e+07,4.38471e+06,6.79999e+06,1.14965e+07,4.35592e+06,6.79999e+06,1.1496e+07,4.32027e+06,6.79999e+06,1.14955e+07,4.27629e+06,6.79999e+06,1.14949e+07,4.22231e+06,6.79999e+06,1.14942e+07,4.15647e+06,6.79999e+06,1.14934e+07,4.07676e+06,6.79999e+06,1.14926e+07,3.98112e+06,6.79999e+06,1.14916e+07,3.86765e+06,6.79999e+06,1.14905e+07,3.73474e+06,6.79999e+06,1.14892e+07,3.58148e+06,6.79999e+06,1.14878e+07,3.40785e+06,6.79999e+06,1.14862e+07,3.21513e+06,6.79999e+06,1.14844e+07,3.00605e+06,6.79999e+06,1.14823e+07,2.7848e+06,6.79999e+06,1.148e+07,2.5568e+06,6.79999e+06,1.14773e+07,2.32825e+06,6.79999e+06,13.5742,8.52444,0.508366,16.8306,13.2585,0.162638,20.0035,17.569,0.0507846,23.2616,22.4214,0.0158319,26.7328,28.3297,0.00493498,30.5212,35.6974,0.00153831,34.7178,44.9473,0.000479527,39.4086,56.5822,0.000149456,44.6796,71.2245,4.66214e-05,50.6209,89.6543,1.45419e-05,57.3297,112.852,4.54748e-06,64.9129,142.051,1.43857e-06,73.4897,178.803,4.36618e-07,83.1934,225.062,1.40153e-07,94.1745,283.286,4.96378e-08,106.602,356.568,1.05434e-07,120.669,448.799,-6.49244e-08,136.59,564.873,1.70148e-07,154.611,710.948,-5.34594e-08,175.008,894.767,1.63407e-07,198.097,1126.06,8.04804e-08,224.231,1417.07,1.14667e-07,253.813,1783.15,-1.71227e-07,287.297,2243.62,-2.88466e-07,325.198,2822.67,-4.33651e-07,368.098,3550.67,7.9318e-08,416.657,4465.65,3.13319e-07,471.621,5615.16,3.4613e-07,533.835,7058.61,-1.19199e-07,604.255,8870.02,-2.79964e-07,683.962,11141.4,-2.30521e-07,774.182,13986.7,-2.55099e-07,876.299,17546.4,1.23585e-07,991.883,21993.1,1.41192e-07,1122.71,27536.7,-9.71886e-08,1270.78,34430.7,-3.68368e-07,1438.38,42977.7,-3.45379e-07,1628.07,53532.7,-3.25328e-09,1842.77,66504.6,2.6362e-07,2085.77,82350.2,2.53445e-07,2360.79,101560,-2.47407e-08,2672.05,124632,-3.80602e-07,3024.31,152018,-4.79005e-07,3422.98,184060,-1.14379e-07,3874.15,220884,2.64297e-07,4384.72,262283,3.44131e-07,4962.49,307576,7.5349e-08,5616.29,355497,-3.63097e-07,6356.1,404126,-6.05442e-07,7193.18,450932,-2.72333e-07,8140.28,492963,2.29675e-07,9211.79,527178,4.3387e-07,10424,550893,-1.0711e-07,10.102,8.06553,2.81012,10.6436,8.57909,0.869423,11.5336,10.2515,0.270869,12.7211,12.7138,0.0844293,14.1823,15.9373,0.0263173,15.9122,20.0383,0.0082035,17.9198,25.2154,0.00255722,20.2244,31.7373,0.000797017,22.8539,39.9486,0.000248622,25.8438,50.2851,7.75492e-05,29.237,63.2963,2.42508e-05,33.0837,79.6738,7.67162e-06,37.4415,100.288,2.32837e-06,42.3767,126.236,7.33e-07,47.9646,158.896,2.79256e-07,54.2906,200.003,9.87351e-09,61.452,251.741,1.61085e-07,69.5585,316.859,-2.47141e-07,78.7347,398.812,8.93552e-08,89.1218,501.948,-2.53231e-07,100.879,631.736,-1.25047e-07,114.188,795.049,-1.78808e-07,129.252,1000.53,2.6733e-07,146.304,1259.03,4.50292e-07,165.605,1584.19,6.76904e-07,187.452,1993.12,-1.23808e-07,212.181,2507.27,-4.89068e-07,240.173,3153.54,-5.40284e-07,271.856,3965.56,1.86061e-07,307.719,4985.38,4.37004e-07,348.313,6265.4,3.59828e-07,394.26,7870.83,3.98192e-07,446.268,9882.51,-1.92908e-07,505.135,12400.3,-2.20392e-07,571.766,15546.9,1.51705e-07,647.184,19472.2,5.74996e-07,732.547,24357.4,5.39112e-07,829.167,30420,5.07815e-09,938.526,37916.3,-4.11492e-07,1062.3,47143.9,-3.9561e-07,1202.4,58439.2,3.86185e-08,1360.96,72169.3,5.94093e-07,1540.42,88715.8,7.47693e-07,1743.53,108445,1.78537e-07,1973.41,131665,-4.12549e-07,2233.57,158557,-5.37164e-07,2528,189103,-1.17615e-07,2861.2,222986,5.66769e-07,3238.27,259510,9.45053e-07,3664.97,297540,4.25093e-07,4147.81,335497,-3.58506e-07,4694.17,371444,-6.7724e-07,5312.37,403256,1.67192e-07,1.61744,3.89446,9.84394,3.28846,7.5504,12.774,5.07607,11.7187,13.6844,7.03202,16.8147,13.9681,9.20215,23.1769,14.0566,11.6301,31.1672,14.0841,14.3598,41.2186,14.0927,17.4376,53.8688,14.0954,20.9137,69.7915,14.0962,24.8432,89.8341,14.0965,29.2879,115.063,14.0966,34.3168,146.819,14.0966,40.0078,186.792,14.0966,46.4487,237.107,14.0966,53.7388,300.44,14.0966,61.9903,380.158,14.0966,71.3301,480.499,14.0966,81.902,606.796,14.0966,93.8685,765.761,14.0966,107.414,965.837,14.0966,122.746,1217.65,14.0966,140.101,1534.57,14.0966,159.745,1933.41,14.0966,181.981,2435.3,14.0966,207.15,3066.85,14.0966,235.64,3861.46,14.0966,267.889,4861.11,14.0966,304.391,6118.54,14.0966,345.709,7699.91,14.0966,392.478,9688.22,14.0966,445.417,12187.5,14.0966,505.339,15327.7,14.0966,573.165,19271.6,14.0966,649.938,24222,14.0966,736.839,30430.9,14.0966,835.202,38211.5,14.0966,946.539,47950.3,14.0966,1072.56,60122.8,14.0966,1215.21,75309.9,14.0966,1376.66,94216.2,14.0966,1559.41,117688,14.0966,1766.26,146729,14.0966,2000.39,182510,14.0966,2265.39,226372,14.0966,2565.33,279806,14.0966,2904.81,344416,14.0966,3289.05,421845,14.0966,3723.93,513667,14.0966,4216.13,621231,14.0966,4773.18,745478,14.0966,5403.64,886744,14.0966,6117.15,1.04457e+06,14.0966,6924.63,1.2176e+06,14.0966,11.7194,11.96,12.6541,13.9321,16.1295,13.6434,16.6097,21.9702,13.9553,19.7532,29.5285,14.0526,23.3844,39.1143,14.0829,27.5423,51.2054,14.0923,32.2796,66.434,14.0953,37.662,85.6061,14.0962,43.7675,109.74,14.0965,50.687,140.119,14.0966,58.5249,178.359,14.0966,67.4005,226.493,14.0966,77.4493,287.08,14.0966,88.8254,363.343,14.0966,101.703,459.336,14.0966,116.281,580.161,14.0966,132.782,732.241,14.0966,151.46,923.655,14.0966,172.603,1164.57,14.0966,196.535,1467.79,14.0966,223.625,1849.39,14.0966,254.288,2329.62,14.0966,288.997,2933.93,14.0966,328.285,3694.33,14.0966,372.755,4651.04,14.0966,423.092,5854.57,14.0966,480.07,7368.38,14.0966,544.564,9272.08,14.0966,617.566,11665.5,14.0966,700.197,14673.6,14.0966,793.729,18452.9,14.0966,899.599,23198.6,14.0966,1019.43,29154.1,14.0966,1155.07,36622.3,14.0966,1308.6,45977.9,14.0966,1482.39,57683.7,14.0966,1679.09,72307.8,14.0966,1901.73,90542.8,14.0966,2153.73,113226,14.0966,2438.97,141360,14.0966,2761.81,176127,14.0966,3127.22,218898,14.0966,3540.81,271226,14.0966,4008.92,334817,14.0966,4538.74,411470,14.0966,5138.38,502973,14.0966,5817.04,610948,14.0966,6585.12,736653,14.0966,7454.39,880741,14.0966,8438.15,1.04302e+06,14.0966,9551.45,1.22224e+06,14.0966,10811.3,1.41602e+06,14.0966,12237,1.62086e+06,14.0966,11.7194,11.96,12.6541,2.21263,4.16949,0.989383,2.67766,5.84076,0.311842,3.14343,7.55825,0.0972771,3.63127,9.58578,0.0303237,4.15787,12.0912,0.00945211,4.73731,15.2286,0.00294633,5.38238,19.1721,0.000918508,6.10553,24.134,0.000286163,6.91951,30.3791,8.92692e-05,7.83792,38.2397,2.78121e-05,8.87555,48.1338,8.65134e-06,10.0489,60.5876,2.7882e-06,11.3761,76.2629,8.29036e-07,12.8779,95.9927,2.4373e-07,14.5775,120.825,4.33068e-09,16.5012,152.08,1.75749e-07,18.6784,191.415,-1.86328e-07,21.1428,240.917,1.91829e-07,23.9322,303.213,-1.81475e-07,27.0895,381.602,7.0186e-08,30.6634,480.231,-2.86769e-08,34.7087,604.316,2.40784e-07,39.2876,760.401,9.87368e-08,44.4705,956.705,1.22263e-07,50.3371,1203.54,-4.31966e-07,56.9776,1513.81,-1.9705e-07,64.494,1903.69,-2.763e-08,73.0018,2393.4,3.9185e-07,82.6317,3008.13,1.35379e-07,93.5318,3779.25,-4.16351e-08,105.869,4745.7,2.06965e-08,119.834,5955.6,-3.18887e-07,135.641,7468.12,-1.48271e-08,153.531,9355.62,2.00739e-07,173.781,11705.8,2.28358e-07,196.701,14624.1,-1.93587e-08,222.642,18235,-2.88101e-07,252.003,22683.4,-2.24732e-07,285.234,28134,8.56806e-09,322.845,34767,2.34258e-07,365.413,42770.9,2.99668e-07,413.588,52327.9,8.28644e-08,468.111,63591.2,-3.07049e-07,529.814,76653.2,-3.1888e-07,599.642,91502.5,-6.72276e-08,678.662,107975,2.26339e-07,768.083,125705,3.69212e-07,869.267,144088,2.04077e-07,983.76,162277,-2.80509e-07,1113.3,179223,-4.22737e-07,1259.87,193777,-1.71951e-07,1425.68,204839,4.55555e-07,11.7194,11.96,12.6541,2.21263,4.16949,0.989383,2.67766,5.84076,0.311842,3.14343,7.55825,0.0972771,3.63127,9.58578,0.0303237,4.15787,12.0912,0.00945211,4.73731,15.2286,0.00294633,5.38238,19.1721,0.000918508,6.10553,24.134,0.000286163,6.91951,30.3791,8.92692e-05,7.83792,38.2397,2.78121e-05,8.87555,48.1338,8.65134e-06,10.0489,60.5876,2.7882e-06,11.3761,76.2629,8.29036e-07,12.8779,95.9927,2.4373e-07,14.5775,120.825,1e-08,16.5012,152.08,1.75749e-07,18.6784,191.415,1e-08,21.1428,240.917,1.91829e-07,23.9322,303.213,1e-08,27.0895,381.602,7.0186e-08,30.6634,480.231,1e-08,34.7087,604.316,2.40784e-07,39.2876,760.401,9.87368e-08,44.4705,956.705,1.22263e-07,50.3371,1203.54,1e-08,56.9776,1513.81,1e-08,64.494,1903.69,1e-08,73.0018,2393.4,3.9185e-07,82.6317,3008.13,1.35379e-07,93.5318,3779.25,1e-08,105.869,4745.7,2.06965e-08,119.834,5955.6,1e-08,135.641,7468.12,1e-08,153.531,9355.62,2.00739e-07,173.781,11705.8,2.28358e-07,196.701,14624.1,1e-08,222.642,18235,1e-08,252.003,22683.4,1e-08,285.234,28134,1e-08,322.845,34767,2.34258e-07,365.413,42770.9,2.99668e-07,413.588,52327.9,8.28644e-08,468.111,63591.2,1e-08,529.814,76653.2,1e-08,599.642,91502.5,1e-08,678.662,107975,2.26339e-07,768.083,125705,3.69212e-07,869.267,144088,2.04077e-07,983.76,162277,1e-08,1113.3,179223,1e-08,1259.87,193777,1e-08,1425.68,204839,4.55555e-07,6.2823,3.27286,2.43537,0.219672,6.18826,2.24117,0.56371,6.87772,2.63624,0.308279,15,19,6,1,4,0,1,2,1,0,6,1,5,5,0,3,8,0,0,21,0,1,35,0,5,27,0,8,14,0,20,31,0,11,70,0,5,89,0,7,66,0,18,64,0,13,65,0,27,83,0,18,210,0,26,303,0,30,135,0,23,472,0,31,328,0,18,869,0,19,297,0,33,576,0,40,1199,0,34,1019,0,105,1314,0,38,3676,0,56,2545,0,57,3886,0,77,2294,0,97,5569,0,173,4696,0,80,15755,0,205,15281,0,154,10556,0,282,14963,0,216,36282,0,499,39295,0,187,46380,0,459,60522,0,640,53938,0,611,74004,0,829,66510,0,329,64816,0,906,55007,0,850,127604,0,1096,149055,0,924,59078,0,510,225633,0,1082,181148,0,2525,142007,0
-1.05176e+08,1,8.88811e-15,10,1023,0,1.05176e+08,0.528882,1.08665,0.389689,0.145397,0.379329,3.24381,0.161596,0.446195,1.77396,0.159177,1.15e+07,4.49998e+06,6.79999e+06,1.15e+07,4.49997e+06,6.79999e+06,1.15e+07,4.49996e+06,6.79999e+06,1.15e+07,4.49995e+06,6.79999e+06,1.14999e+07,4.49993e+06,6.79999e+06,1.14999e+07,4.49991e+06,6.79999e+06,1.14999e+07,4.49989e+06,6.79999e+06,1.14999e+07,4.49986e+06,6.79999e+06,1.14999e+07,4.49982e+06,6.79999e+06,1.14999e+07,4.49977e+06,6.79999e+06,1.14999e+07,4.49971e+06,6.79999e+06,1.14999e+07,4.49963e+06,6.79999e+06,1.14998e+07,4.49953e+06,6.79999e+06,1.14998e+07,4.49941e+06,6.79999e+06,1.14998e+07,4.49926e+06,6.79999e+06,1.14998e+07,4.49906e+06,6.79999e+06,1.14997e+07,4.49882e+06,6.79999e+06,1.14997e+07,4.49851e+06,6.79999e+06,1.14997e+07,4.49812e+06,6.79999e+06,1.14996e+07,4.49764e+06,6.79999e+06,1.14996e+07,4.49702e+06,6.79999e+06,1.14995e+07,4.49625e+06,6.79999e+06,1.14995e+07,4.49528e+06,6.79999e+06,1.14994e+07,4.49406e+06,6.79999e+06,1.14993e+07,4.49253e+06,6.79999e+06,1.14992e+07,4.49059e+06,6.79999e+06,1.14991e+07,4.48817e+06,6.79999e+06,1.1499e+07,4.48511e+06,6.79999e+06,1.14988e+07,4.48128e+06,6.79999e+06,1.14987e+07,4.47646e+06,6.79999e+06,1.14985e+07,4.47041e+06,6.79999e+06,1.14983e+07,4.46281e+06,6.79999e+06,1.14981e+07,4.4533e+06,6.79999e+06,1.14979e+07,4.44138e+06,6.79999e+06,1.14976e+07,4.42649e+06,6.79999e+06,1.14972e+07,4.40789e+06,6.79999e+06,1.14969e+07,4.38471e+06,6.79999e+06,1.14965e+07,4.35592e+06,6.79999e+06,1.1496e+07,4.32027e+06,6.79999e+06,1.14955e+07,4.27629e+06,6.79999e+06,1.14949e+07,4.22231e+06,6.79999e+06,1.14942e+07,4.15647e+06,6.79999e+06,1.14934e+07,4.07676e+06,6.79999e+06,1.14926e+07,3.98112e+06,6.79999e+06,1.14916e+07,3.86765e+06,6.79999e+06,1.14905e+07,3.73474e+06,6.79999e+06,1.14892e+07,3.58148e+06,6.79999e+06,1.14878e+07,3.40785e+06,6.79999e+06,1.14862e+07,3.21513e+06,6.79999e+06,1.14844e+07,3.00605e+06,6.79999e+06,1.14823e+07,2.7848e+06,6.79999e+06,1.148e+07,2.5568e+06,6.79999e+06,1.14773e+07,2.32825e+06,6.79999e+06,13.5742,8.52444,0.508366,16.8306,13.2585,0.162638,20.0035,17.569,0.0507846,23.2616,22.4214,0.0158319,26.7328,28.3297,0.00493498,30.5212,35.6974,0.00153831,34.7178,44.9473,0.000479527,39.4086,56.5822,0.000149456,44.6796,71.2245,4.66214e-05,50.6209,89.6543,1.45419e-05,57.3297,112.852,4.54748e-06,64.9129,142.051,1.43857e-06,73.4897,178.803,4.36618e-07,83.1934,225.062,1.40153e-07,94.1745,283.286,4.96378e-08,106.602,356.568,1.05434e-07,120.669,448.799,-6.49244e-08,136.59,564.873,1.70148e-07,154.611,710.948,-5.34594e-08,175.008,894.767,1.63407e-07,198.097,1126.06,8.04804e-08,224.231,1417.07,1.14667e-07,253.813,1783.15,-1.71227e-07,287.297,2243.62,-2.88466e-07,325.198,2822.67,-4.33651e-07,368.098,3550.67,7.9318e-08,416.657,4465.65,3.13319e-07,471.621,5615.16,3.4613e-07,533.835,7058.61,-1.19199e-07,604.255,8870.02,-2.79964e-07,683.962,11141.4,-2.30521e-07,774.182,13986.7,-2.55099e-07,876.299,17546.4,1.23585e-07,991.883,21993.1,1.41192e-07,1122.71,27536.7,-9.71886e-08,1270.78,34430.7,-3.68368e-07,1438.38,42977.7,-3.45379e-07,1628.07,53532.7,-3.25328e-09,1842.77,66504.6,2.6362e-07,2085.77,82350.2,2.53445e-07,2360.79,101560,-2.47407e-08,2672.05,124632,-3.80602e-07,3024.31,152018,-4.79005e-07,3422.98,184060,-1.14379e-07,3874.15,220884,2.64297e-07,4384.72,262283,3.44131e-07,4962.49,307576,7.5349e-08,5616.29,355497,-3.63097e-07,6356.1,404126,-6.05442e-07,7193.18,450932,-2.72333e-07,8140.28,492963,2.29675e-07,9211.79,527178,4.3387e-07,10424,550893,-1.0711e-07,10.102,8.06553,2.81012,10.6436,8.57909,0.869423,11.5336,10.2515,0.270869,12.7211,12.7138,0.0844293,14.1823,15.9373,0.0263173,15.9122,20.0383,0.0082035,17.9198,25.2154,0.00255722,20.2244,31.7373,0.000797017,22.8539,39.9486,0.000248622,25.8438,50.2851,7.75492e-05,29.237,63.2963,2.42508e-05,33.0837,79.6738,7.67162e-06,37.4415,100.288,2.32837e-06,42.3767,126.236,7.33e-07,47.9646,158.896,2.79256e-07,54.2906,200.003,9.87351e-09,61.452,251.741,1.61085e-07,69.5585,316.859,-2.47141e-07,78.7347,398.812,8.93552e-08,89.1218,501.948,-2.53231e-07,100.879,631.736,-1.25047e-07,114.188,795.049,-1.78808e-07,129.252,1000.53,2.6733e-07,146.304,1259.03,4.50292e-07,165.605,1584.19,6.76904e-07,187.452,1993.12,-1.23808e-07,212.181,2507.27,-4.89068e-07,240.173,3153.54,-5.40284e-07,271.856,3965.56,1.86061e-07,307.719,4985.38,4.37004e-07,348.313,6265.4,3.59828e-07,394.26,7870.83,3.98192e-07,446.268,9882.51,-1.92908e-07,505.135,12400.3,-2.20392e-07,571.766,15546.9,1.51705e-07,647.184,19472.2,5.74996e-07,732.547,24357.4,5.39112e-07,829.167,30420,5.07815e-09,938.526,37916.3,-4.11492e-07,1062.3,47143.9,-3.9561e-07,1202.4,58439.2,3.86185e-08,1360.96,72169.3,5.94093e-07,1540.42,88715.8,7.47693e-07,1743.53,108445,1.78537e-07,1973.41,131665,-4.12549e-07,2233.57,158557,-5.37164e-07,2528,189103,-1.17615e-07,2861.2,222986,5.66769e-07,3238.27,259510,9.45053e-07,3664.97,297540,4.25093e-07,4147.81,335497,-3.58506e-07,4694.17,371444,-6.7724e-07,5312.37,403256,1.67192e-07,1.61744,3.89446,9.84394,3.28846,7.5504,12.774,5.07607,11.7187,13.6844,7.03202,16.8147,13.9681,9.20215,23.1769,14.0566,11.6301,31.1672,14.0841,14.3598,41.2186,14.0927,17.4376,53.8688,14.0954,20.9137,69.7915,14.0962,24.8432,89.8341,14.0965,29.2879,115.063,14.0966,34.3168,146.819,14.0966,40.0078,186.792,14.0966,46.4487,237.107,14.0966,53.7388,300.44,14.0966,61.9903,380.158,14.0966,71.3301,480.499,14.0966,81.902,606.796,14.0966,93.8685,765.761,14.0966,107.414,965.837,14.0966,122.746,1217.65,14.0966,140.101,1534.57,14.0966,159.745,1933.41,14.0966,181.981,2435.3,14.0966,207.15,3066.85,14.0966,235.64,3861.46,14.0966,267.889,4861.11,14.0966,304.391,6118.54,14.0966,345.709,7699.91,14.0966,392.478,9688.22,14.0966,445.417,12187.5,14.0966,505.339,15327.7,14.0966,573.165,19271.6,14.0966,649.938,24222,14.0966,736.839,30430.9,14.0966,835.202,38211.5,14.0966,946.539,47950.3,14.0966,1072.56,60122.8,14.0966,1215.21,75309.9,14.0966,1376.66,94216.2,14.0966,1559.41,117688,14.0966,1766.26,146729,14.0966,2000.39,182510,14.0966,2265.39,226372,14.0966,2565.33,279806,14.0966,2904.81,344416,14.0966,3289.05,421845,14.0966,3723.93,513667,14.0966,4216.13,621231,14.0966,4773.18,745478,14.0966,5403.64,886744,14.0966,6117.15,1.04457e+06,14.0966,6924.63,1.2176e+06,14.0966,11.7194,11.96,12.6541,13.9321,16.1295,13.6434,16.6097,21.9702,13.9553,19.7532,29.5285,14.0526,23.3844,39.1143,14.0829,27.5423,51.2054,14.0923,32.2796,66.434,14.0953,37.662,85.6061,14.0962,43.7675,109.74,14.0965,50.687,140.119,14.0966,58.5249,178.359,14.0966,67.4005,226.493,14.0966,77.4493,287.08,14.0966,88.8254,363.343,14.0966,101.703,459.336,14.0966,116.281,580.161,14.0966,132.782,732.241,14.0966,151.46,923.655,14.0966,172.603,1164.57,14.0966,196.535,1467.79,14.0966,223.625,1849.39,14.0966,254.288,2329.62,14.0966,288.997,2933.93,14.0966,328.285,3694.33,14.0966,372.755,4651.04,14.0966,423.092,5854.57,14.0966,480.07,7368.38,14.0966,544.564,9272.08,14.0966,617.566,11665.5,14.0966,700.197,14673.6,14.0966,793.729,18452.9,14.0966,899.599,23198.6,14.0966,1019.43,29154.1,14.0966,1155.07,36622.3,14.0966,1308.6,45977.9,14.0966,1482.39,57683.7,14.0966,1679.09,72307.8,14.0966,1901.73,90542.8,14.0966,2153.73,113226,14.0966,2438.97,141360,14.0966,2761.81,176127,14.0966,3127.22,218898,14.0966,3540.81,271226,14.0966,4008.92,334817,14.0966,4538.74,411470,14.0966,5138.38,502973,14.0966,5817.04,610948,14.0966,6585.12,736653,14.0966,7454.39,880741,14.0966,8438.15,1.04302e+06,14.0966,9551.45,1.22224e+06,14.0966,10811.3,1.41602e+06,14.0966,12237,1.62086e+06,14.0966,11.7194,11.96,12.6541,2.21263,4.16949,0.989383,2.67766,5.84076,0.311842,3.14343,7.55825,0.0972771,3.63127,9.58578,0.0303237,4.15787,12.0912,0.00945211,4.73731,15.2286,0.00294633,5.38238,19.1721,0.000918508,6.10553,24.134,0.000286163,6.91951,30.3791,8.92692e-05,7.83792,38.2397,2.78121e-05,8.87555,48.1338,8.65134e-06,10.0489,60.5876,2.7882e-06,11.3761,76.2629,8.29036e-07,12.8779,95.9927,2.4373e-07,14.5775,120.825,4.33068e-09,16.5012,152.08,1.75749e-07,18.6784,191.415,-1.86328e-07,21.1428,240.917,1.91829e-07,23.9322,303.213,-1.81475e-07,27.0895,381.602,7.0186e-08,30.6634,480.231,-2.86769e-08,34.7087,604.316,2.40784e-07,39.2876,760.401,9.87368e-08,44.4705,956.705,1.22263e-07,50.3371,1203.54,-4.31966e-07,56.9776,1513.81,-1.9705e-07,64.494,1903.69,-2.763e-08,73.0018,2393.4,3.9185e-07,82.6317,3008.13,1.35379e-07,93.5318,3779.25,-4.16351e-08,105.869,4745.7,2.06965e-08,119.834,5955.6,-3.18887e-07,135.641,7468.12,-1.48271e-08,153.531,9355.62,2.00739e-07,173.781,11705.8,2.28358e-07,196.701,14624.1,-1.93587e-08,222.642,18235,-2.88101e-07,252.003,22683.4,-2.24732e-07,285.234,28134,8.56806e-09,322.845,34767,2.34258e-07,365.413,42770.9,2.99668e-07,413.588,52327.9,8.28644e-08,468.111,63591.2,-3.07049e-07,529.814,76653.2,-3.1888e-07,599.642,91502.5,-6.72276e-08,678.662,107975,2.26339e-07,768.083,125705,3.69212e-07,869.267,144088,2.04077e-07,983.76,162277,-2.80509e-07,1113.3,179223,-4.22737e-07,1259.87,193777,-1.71951e-07,1425.68,204839,4.55555e-07,11.7194,11.96,12.6541,2.21263,4.16949,0.989383,2.67766,5.84076,0.311842,3.14343,7.55825,0.0972771,3.63127,9.58578,0.0303237,4.15787,12.0912,0.00945211,4.73731,15.2286,0.00294633,5.38238,19.1721,0.000918508,6.10553,24.134,0.000286163,6.91951,30.3791,8.92692e-05,7.83792,38.2397,2.78121e-05,8.87555,48.1338,8.65134e-06,10.0489,60.5876,2.7882e-06,11.3761,76.2629,8.29036e-07,12.8779,95.9927,2.4373e-07,14.5775,120.825,1e-08,16.5012,152.08,1.75749e-07,18.6784,191.415,1e-08,21.1428,240.917,1.91829e-07,23.9322,303.213,1e-08,27.0895,381.602,7.0186e-08,30.6634,480.231,1e-08,34.7087,604.316,2.40784e-07,39.2876,760.401,9.87368e-08,44.4705,956.705,1.22263e-07,50.3371,1203.54,1e-08,56.9776,1513.81,1e-08,64.494,1903.69,1e-08,73.0018,2393.4,3.9185e-07,82.6317,3008.13,1.35379e-07,93.5318,3779.25,1e-08,105.869,4745.7,2.06965e-08,119.834,5955.6,1e-08,135.641,7468.12,1e-08,153.531,9355.62,2.00739e-07,173.781,11705.8,2.28358e-07,196.701,14624.1,1e-08,222.642,18235,1e-08,252.003,22683.4,1e-08,285.234,28134,1e-08,322.845,34767,2.34258e-07,365.413,42770.9,2.99668e-07,413.588,52327.9,8.28644e-08,468.111,63591.2,1e-08,529.814,76653.2,1e-08,599.642,91502.5,1e-08,678.662,107975,2.26339e-07,768.083,125705,3.69212e-07,869.267,144088,2.04077e-07,983.76,162277,1e-08,1113.3,179223,1e-08,1259.87,193777,1e-08,1425.68,204839,4.55555e-07,6.2823,3.27286,2.43537,0.219672,6.18826,2.24117,0.56371,6.87772,2.63624,0.308279,18,14,16,2,8,0,2,6,0,5,4,0,0,14,0,6,15,0,3,22,0,5,24,0,4,20,0,3,42,0,2,39,0,8,107,0,7,91,0,5,81,0,25,66,0,30,88,0,6,241,0,39,225,0,12,74,0,16,303,0,40,275,0,32,637,0,35,204,0,61,923,0,57,869,0,28,1194,0,29,766,0,97,2050,0,56,1467,0,56,1301,0,141,10782,0,93,2315,0,133,3681,0,74,8369,0,389,2622,0,196,4140,0,167,8605,0,278,24829,0,281,8989,0,558,56610,0,46,23017,0,146,64508,0,342,53998,0,372,54596,0,393,94640,0,501,80643,0,393,91839,0,734,176189,0,1038,85679,0,1166,92974,0,1308,83884,0,2187,210313,0,2646,218564,0
-1.05176e+08,1,8.88811e-15,10,1023,0,1.05176e+08,0.528882,1.08665,0.389689,0.145397,0.379329,3.24381,0.161596,0.446195,1.77396,0.159177,1.15e+07,4.49998e+06,6.79999e+06,1.15e+07,4.49997e+06,6.79999e+06,1.15e+07,4.49996e+06,6.79999e+06,1.15e+07,4.49995e+06,6.79999e+06,1.14999e+07,4.49993e+06,6.79999e+06,1.14999e+07,4.49991e+06,6.79999e+06,1.14999e+07,4.49989e+06,6.79999e+06,1.14999e+07,4.49986e+06,6.79999e+06,1.14999e+07,4.49982e+06,6.79999e+06,1.14999e+07,4.49977e+06,6.79999e+06,1.14999e+07,4.49971e+06,6.79999e+06,1.14999e+07,4.49963e+06,6.79999e+06,1.14998e+07,4.49953e+06,6.79999e+06,1.14998e+07,4.49941e+06,6.79999e+06,1.14998e+07,4.49926e+06,6.79999e+06,1.14998e+07,4.49906e+06,6.79999e+06,1.14997e+07,4.49882e+06,6.79999e+06,1.14997e+07,4.49851e+06,6.79999e+06,1.14997e+07,4.49812e+06,6.79999e+06,1.14996e+07,4.49764e+06,6.79999e+06,1.14996e+07,4.49702e+06,6.79999e+06,1.14995e+07,4.49625e+06,6.79999e+06,1.14995e+07,4.49528e+06,6.79999e+06,1.14994e+07,4.49406e+06,6.79999e+06,1.14993e+07,4.49253e+06,6.79999e+06,1.14992e+07,4.49059e+06,6.79999e+06,1.14991e+07,4.48817e+06,6.79999e+06,1.1499e+07,4.48511e+06,6.79999e+06,1.14988e+07,4.48128e+06,6.79999e+06,1.14987e+07,4.47646e+06,6.79999e+06,1.14985e+07,4.47041e+06,6.79999e+06,1.14983e+07,4.46281e+06,6.79999e+06,1.14981e+07,4.4533e+06,6.79999e+06,1.14979e+07,4.44138e+06,6.79999e+06,1.14976e+07,4.42649e+06,6.79999e+06,1.14972e+07,4.40789e+06,6.79999e+06,1.14969e+07,4.38471e+06,6.79999e+06,1.14965e+07,4.35592e+06,6.79999e+06,1.1496e+07,4.32027e+06,6.79999e+06,1.14955e+07,4.27629e+06,6.79999e+06,1.14949e+07,4.22231e+06,6.79999e+06,1.14942e+07,4.15647e+06,6.79999e+06,1.14934e+07,4.07676e+06,6.79999e+06,1.14926e+07,3.98112e+06,6.79999e+06,1.14916e+07,3.86765e+06,6.79999e+06,1.14905e+07,3.73474e+06,6.79999e+06,1.14892e+07,3.58148e+06,6.79999e+06,1.14878e+07,3.40785e+06,6.79999e+06,1.14862e+07,3.21513e+06,6.79999e+06,1.14844e+07,3.00605e+06,6.79999e+06,1.14823e+07,2.7848e+06,6.79999e+06,1.148e+07,2.5568e+06,6.79999e+06,1.14773e+07,2.32825e+06,6.79999e+06,13.5742,8.52444,0.508366,16.8306,13.2585,0.162638,20.0035,17.569,0.0507846,23.2616,22.4214,0.0158319,26.7328,28.3297,0.00493498,30.5212,35.6974,0.00153831,34.7178,44.9473,0.000479527,39.4086,56.5822,0.000149456,44.6796,71.2245,4.66214e-05,50.6209,89.6543,1.45419e-05,57.3297,112.852,4.54748e-06,64.9129,142.051,1.43857e-06,73.4897,178.803,4.36618e-07,83.1934,225.062,1.40153e-07,94.1745,283.286,4.96378e-08,106.602,356.568,1.05434e-07,120.669,448.799,-6.49244e-08,136.59,564.873,1.70148e-07,154.611,710.948,-5.34594e-08,175.008,894.767,1.63407e-07,198.097,1126.06,8.04804e-08,224.231,1417.07,1.14667e-07,253.813,1783.15,-1.71227e-07,287.297,2243.62,-2.88466e-07,325.198,2822.67,-4.33651e-07,368.098,3550.67,7.9318e-08,416.657,4465.65,3.13319e-07,471.621,5615.16,3.4613e-07,533.835,7058.61,-1.19199e-07,604.255,8870.02,-2.79964e-07,683.962,11141.4,-2.30521e-07,774.182,13986.7,-2.55099e-07,876.299,17546.4,1.23585e-07,991.883,21993.1,1.41192e-07,1122.71,27536.7,-9.71886e-08,1270.78,34430.7,-3.68368e-07,1438.38,42977.7,-3.45379e-07,1628.07,53532.7,-3.25328e-09,1842.77,66504.6,2.6362e-07,2085.77,82350.2,2.53445e-07,2360.79,101560,-2.47407e-08,2672.05,124632,-3.80602e-07,3024.31,152018,-4.79005e-07,3422.98,184060,-1.14379e-07,3874.15,220884,2.64297e-07,4384.72,262283,3.44131e-07,4962.49,307576,7.5349e-08,5616.29,355497,-3.63097e-07,6356.1,404126,-6.05442e-07,7193.18,450932,-2.72333e-07,8140.28,492963,2.29675e-07,9211.79,527178,4.3387e-07,10424,550893,-1.0711e-07,10.102,8.06553,2.81012,10.6436,8.57909,0.869423,11.5336,10.2515,0.270869,12.7211,12.7138,0.0844293,14.1823,15.9373,0.0263173,15.9122,20.0383,0.0082035,17.9198,25.2154,0.00255722,20.2244,31.7373,0.000797017,22.8539,39.9486,0.000248622,25.8438,50.2851,7.75492e-05,29.237,63.2963,2.42508e-05,33.0837,79.6738,7.67162e-06,37.4415,100.288,2.32837e-06,42.3767,126.236,7.33e-07,47.9646,158.896,2.79256e-07,54.2906,200.003,9.87351e-09,61.452,251.741,1.61085e-07,69.5585,316.859,-2.47141e-07,78.7347,398.812,8.93552e-08,89.1218,501.948,-2.53231e-07,100.879,631.736,-1.25047e-07,114.188,795.049,-1.78808e-07,129.252,1000.53,2.6733e-07,146.304,1259.03,4.50292e-07,165.605,1584.19,6.76904e-07,187.452,1993.12,-1.23808e-07,212.181,2507.27,-4.89068e-07,240.173,3153.54,-5.40284e-07,271.856,3965.56,1.86061e-07,307.719,4985.38,4.37004e-07,348.313,6265.4,3.59828e-07,394.26,7870.83,3.98192e-07,446.268,9882.51,-1.92908e-07,505.135,12400.3,-2.20392e-07,571.766,15546.9,1.51705e-07,647.184,19472.2,5.74996e-07,732.547,24357.4,5.39112e-07,829.167,30420,5.07815e-09,938.526,37916.3,-4.11492e-07,1062.3,47143.9,-3.9561e-07,1202.4,58439.2,3.86185e-08,1360.96,72169.3,5.94093e-07,1540.42,88715.8,7.47693e-07,1743.53,108445,1.78537e-07,1973.41,131665,-4.12549e-07,2233.57,158557,-5.37164e-07,2528,189103,-1.17615e-07,2861.2,222986,5.66769e-07,3238.27,259510,9.45053e-07,3664.97,297540,4.25093e-07,4147.81,335497,-3.58506e-07,4694.17,371444,-6.7724e-07,5312.37,403256,1.67192e-07,1.61744,3.89446,9.84394,3.28846,7.5504,12.774,5.07607,11.7187,13.6844,7.03202,16.8147,13.9681,9.20215,23.1769,14.0566,11.6301,31.1672,14.0841,14.3598,41.2186,14.0927,17.4376,53.8688,14.0954,20.9137,69.7915,14.0962,24.8432,89.8341,14.0965,29.2879,115.063,14.0966,34.3168,146.819,14.0966,40.0078,186.792,14.0966,46.4487,237.107,14.0966,53.7388,300.44,14.0966,61.9903,380.158,14.0966,71.3301,480.499,14.0966,81.902,606.796,14.0966,93.8685,765.761,14.0966,107.414,965.837,14.0966,122.746,1217.65,14.0966,140.101,1534.57,14.0966,159.745,1933.41,14.0966,181.981,2435.3,14.0966,207.15,3066.85,14.0966,235.64,3861.46,14.0966,267.889,4861.11,14.0966,304.391,6118.54,14.0966,345.709,7699.91,14.0966,392.478,9688.22,14.0966,445.417,12187.5,14.0966,505.339,15327.7,14.0966,573.165,19271.6,14.0966,649.938,24222,14.0966,736.839,30430.9,14.0966,835.202,38211.5,14.0966,946.539,47950.3,14.0966,1072.56,60122.8,14.0966,1215.21,75309.9,14.0966,1376.66,94216.2,14.0966,1559.41,117688,14.0966,1766.26,146729,14.0966,2000.39,182510,14.0966,2265.39,226372,14.0966,2565.33,279806,14.0966,2904.81,344416,14.0966,3289.05,421845,14.0966,3723.93,513667,14.0966,4216.13,621231,14.0966,4773.18,745478,14.0966,5403.64,886744,14.0966,6117.15,1.04457e+06,14.0966,6924.63,1.2176e+06,14.0966,11.7194,11.96,12.6541,13.9321,16.1295,13.6434,16.6097,21.9702,13.9553,19.7532,29.5285,14.0526,23.3844,39.1143,14.0829,27.5423,51.2054,14.0923,32.2796,66.434,14.0953,37.662,85.6061,14.0962,43.7675,109.74,14.0965,50.687,140.119,14.0966,58.5249,178.359,14.0966,67.4005,226.493,14.0966,77.4493,287.08,14.0966,88.8254,363.343,14.0966,101.703,459.336,14.0966,116.281,580.161,14.0966,132.782,732.241,14.0966,151.46,923.655,14.0966,172.603,1164.57,14.0966,196.535,1467.79,14.0966,223.625,1849.39,14.0966,254.288,2329.62,14.0966,288.997,2933.93,14.0966,328.285,3694.33,14.0966,372.755,4651.04,14.0966,423.092,5854.57,14.0966,480.07,7368.38,14.0966,544.564,9272.08,14.0966,617.566,11665.5,14.0966,700.197,14673.6,14.0966,793.729,18452.9,14.0966,899.599,23198.6,14.0966,1019.43,29154.1,14.0966,1155.07,36622.3,14.0966,1308.6,45977.9,14.0966,1482.39,57683.7,14.0966,1679.09,72307.8,14.0966,1901.73,90542.8,14.0966,2153.73,113226,14.0966,2438.97,141360,14.0966,2761.81,176127,14.0966,3127.22,218898,14.0966,3540.81,271226,14.0966,4008.92,334817,14.0966,4538.74,411470,14.0966,5138.38,502973,14.0966,5817.04,610948,14.0966,6585.12,736653,14.0966,7454.39,880741,14.0966,8438.15,1.04302e+06,14.0966,9551.45,1.22224e+06,14.0966,10811.3,1.41602e+06,14.0966,12237,1.62086e+06,14.0966,11.7194,11.96,12.6541,2.21263,4.16949,0.989383,2.67766,5.84076,0.311842,3.14343,7.55825,0.0972771,3.63127,9.58578,0.0303237,4.15787,12.0912,0.00945211,4.73731,15.2286,0.00294633,5.38238,19.1721,0.000918508,6.10553,24.134,0.000286163,6.91951,30.3791,8.92692e-05,7.83792,38.2397,2.78121e-05,8.87555,48.1338,8.65134e-06,10.0489,60.5876,2.7882e-06,11.3761,76.2629,8.29036e-07,12.8779,95.9927,2.4373e-07,14.5775,120.825,4.33068e-09,16.5012,152.08,1.75749e-07,18.6784,191.415,-1.86328e-07,21.1428,240.917,1.91829e-07,23.9322,303.213,-1.81475e-07,27.0895,381.602,7.0186e-08,30.6634,480.231,-2.86769e-08,34.7087,604.316,2.40784e-07,39.2876,760.401,9.87368e-08,44.4705,956.705,1.22263e-07,50.3371,1203.54,-4.31966e-07,56.9776,1513.81,-1.9705e-07,64.494,1903.69,-2.763e-08,73.0018,2393.4,3.9185e-07,82.6317,3008.13,1.35379e-07,93.5318,3779.25,-4.16351e-08,105.869,4745.7,2.06965e-08,119.834,5955.6,-3.18887e-07,135.641,7468.12,-1.48271e-08,153.531,9355.62,2.00739e-07,173.781,11705.8,2.28358e-07,196.701,14624.1,-1.93587e-08,222.642,18235,-2.88101e-07,252.003,22683.4,-2.24732e-07,285.234,28134,8.56806e-09,322.845,34767,2.34258e-07,365.413,42770.9,2.99668e-07,413.588,52327.9,8.28644e-08,468.111,63591.2,-3.07049e-07,529.814,76653.2,-3.1888e-07,599.642,91502.5,-6.72276e-08,678.662,107975,2.26339e-07,768.083,125705,3.69212e-07,869.267,144088,2.04077e-07,983.76,162277,-2.80509e-07,1113.3,179223,-4.22737e-07,1259.87,193777,-1.71951e-07,1425.68,204839,4.55555e-07,11.7194,11.96,12.6541,2.21263,4.16949,0.989383,2.67766,5.84076,0.311842,3.14343,7.55825,0.0972771,3.63127,9.58578,0.0303237,4.15787,12.0912,0.00945211,4.73731,15.2286,0.00294633,5.38238,19.1721,0.000918508,6.10553,24.134,0.000286163,6.91951,30.3791,8.92692e-05,7.83792,38.2397,2.78121e-05,8.87555,48.1338,8.65134e-06,10.0489,60.5876,2.7882e-06,11.3761,76.2629,8.29036e-07,12.8779,95.9927,2.4373e-07,14.5775,120.825,1e-08,16.5012,152.08,1.75749e-07,18.6784,191.415,1e-08,21.1428,240.917,1.91829e-07,23.9322,303.213,1e-08,27.0895,381.602,7.0186e-08,30.6634,480.231,1e-08,34.7087,604.316,2.40784e-07,39.2876,760.401,9.87368e-08,44.4705,956.705,1.22263e-07,50.3371,1203.54,1e-08,56.9776,1513.81,1e-08,64.494,1903.69,1e-08,73.0018,2393.4,3.9185e-07,82.6317,3008.13,1.35379e-07,93.5318,3779.25,1e-08,105.869,4745.7,2.06965e-08,119.834,5955.6,1e-08,135.641,7468.12,1e-08,153.531,9355.62,2.00739e-07,173.781,11705.8,2.28358e-07,196.701,14624.1,1e-08,222.642,18235,1e-08,252.003,22683.4,1e-08,285.234,28134,1e-08,322.845,34767,2.34258e-07,365.413,42770.9,2.99668e-07,413.588,52327.9,8.28644e-08,468.111,63591.2,1e-08,529.814,76653.2,1e-08,599.642,91502.5,1e-08,678.662,107975,2.26339e-07,768.083,125705,3.69212e-07,869.267,144088,2.04077e-07,983.76,162277,1e-08,1113.3,179223,1e-08,1259.87,193777,1e-08,1425.68,204839,4.55555e-07,6.2823,3.27286,2.43537,0.219672,6.18826,2.24117,0.56371,6.87772,2.63624,0.308279,6,17,2,1,5,4,4,11,1,3,6,1,1,5,0,3,6,0,4,16,0,8,22,0,9,31,0,7,20,0,14,28,0,6,30,0,9,36,0,6,91,0,9,85,0,5,94,0,14,144,0,11,147,0,22,358,0,30,330,0,12,124,0,19,892,0,35,538,0,38,731,0,21,952,0,17,1200,0,67,2158,0,64,922,0,112,2237,0,136,3900,0,114,3969,0,107,2646,0,132,4265,0,105,1833,0,126,19665,0,130,16554,0,165,12849,0,257,27275,0,262,25450,0,411,12764,0,109,26797,0,255,34512,0,566,37041,0,252,45443,0,289,54746,0,430,92520,0,767,53516,0,871,73899,0,1287,190639,0,268,135166,0,750,234738,0,1096,186628,0,566,272210,0
-1.05176e+08,1,8.88811e-15,10,1023,0,1.05176e+08,0.528882,1.08665,0.389689,0.145397,0.379329,3.24381,0.161596,0.446195,1.77396,0.159177,1.15e+07,4.49998e+06,6.79999e+06,1.15e+07,4.49997e+06,6.79999e+06,1.15e+07,4.49996e+06,6.79999e+06,1.15e+07,4.49995e+06,6.79999e+06,1.14999e+07,4.49993e+06,6.79999e+06,1.14999e+07,4.49991e+06,6.79999e+06,1.14999e+07,4.49989e+06,6.79999e+06,1.14999e+07,4.49986e+06,6.79999e+06,1.14999e+07,4.49982e+06,6.79999e+06,1.14999e+07,4.49977e+06,6.79999e+06,1.14999e+07,4.49971e+06,6.79999e+06,1.14999e+07,4.49963e+06,6.79999e+06,1.14998e+07,4.49953e+06,6.79999e+06,1.14998e+07,4.49941e+06,6.79999e+06,1.14998e+07,4.49926e+06,6.79999e+06,1.14998e+07,4.49906e+06,6.79999e+06,1.14997e+07,4.49882e+06,6.79999e+06,1.14997e+07,4.49851e+06,6.79999e+06,1.14997e+07,4.49812e+06,6.79999e+06,1.14996e+07,4.49764e+06,6.79999e+06,1.14996e+07,4.49702e+06,6.79999e+06,1.14995e+07,4.49625e+06,6.79999e+06,1.14995e+07,4.49528e+06,6.79999e+06,1.14994e+07,4.49406e+06,6.79999e+06,1.14993e+07,4.49253e+06,6.79999e+06,1.14992e+07,4.49059e+06,6.79999e+06,1.14991e+07,4.48817e+06,6.79999e+06,1.1499e+07,4.48511e+06,6.79999e+06,1.14988e+07,4.48128e+06,6.79999e+06,1.14987e+07,4.47646e+06,6.79999e+06,1.14985e+07,4.47041e+06,6.79999e+06,1.14983e+07,4.46281e+06,6.79999e+06,1.14981e+07,4.4533e+06,6.79999e+06,1.14979e+07,4.44138e+06,6.79999e+06,1.14976e+07,4.42649e+06,6.79999e+06,1.14972e+07,4.40789e+06,6.79999e+06,1.14969e+07,4.38471e+06,6.79999e+06,1.14965e+07,4.35592e+06,6.79999e+06,1.1496e+07,4.32027e+06,6.79999e+06,1.14955e+07,4.27629e+06,6.79999e+06,1.14949e+07,4.22231e+06,6.79999e+06,1.14942e+07,4.15647e+06,6.79999e+06,1.14934e+07,4.07676e+06,6.79999e+06,1.14926e+07,3.98112e+06,6.79999e+06,1.14916e+07,3.86765e+06,6.79999e+06,1.14905e+07,3.73474e+06,6.79999e+06,1.14892e+07,3.58148e+06,6.79999e+06,1.14878e+07,3.40785e+06,6.79999e+06,1.14862e+07,3.21513e+06,6.79999e+06,1.14844e+07,3.00605e+06,6.79999e+06,1.14823e+07,2.7848e+06,6.79999e+06,1.148e+07,2.5568e+06,6.79999e+06,1.14773e+07,2.32825e+06,6.79999e+06,13.5742,8.52444,0.508366,16.8306,13.2585,0.162638,20.0035,17.569,0.0507846,23.2616,22.4214,0.0158319,26.7328,28.3297,0.00493498,30.5212,35.6974,0.00153831,34.7178,44.9473,0.000479527,39.4086,56.5822,0.000149456,44.6796,71.2245,4.66214e-05,50.6209,89.6543,1.45419e-05,57.3297,112.852,4.54748e-06,64.9129,142.051,1.43857e-06,73.4897,178.803,4.36618e-07,83.1934,225.062,1.40153e-07,94.1745,283.286,4.96378e-08,106.602,356.568,1.05434e-07,120.669,448.799,-6.49244e-08,136.59,564.873,1.70148e-07,154.611,710.948,-5.34594e-08,175.008,894.767,1.63407e-07,198.097,1126.06,8.04804e-08,224.231,1417.07,1.14667e-07,253.813,1783.15,-1.71227e-07,287.297,2243.62,-2.88466e-07,325.198,2822.67,-4.33651e-07,368.098,3550.67,7.9318e-08,416.657,4465.65,3.13319e-07,471.621,5615.16,3.4613e-07,533.835,7058.61,-1.19199e-07,604.255,8870.02,-2.79964e-07,683.962,11141.4,-2.30521e-07,774.182,13986.7,-2.55099e-07,876.299,17546.4,1.23585e-07,991.883,21993.1,1.41192e-07,1122.71,27536.7,-9.71886e-08,1270.78,34430.7,-3.68368e-07,1438.38,42977.7,-3.45379e-07,1628.07,53532.7,-3.25328e-09,1842.77,66504.6,2.6362e-07,2085.77,82350.2,2.53445e-07,2360.79,101560,-2.47407e-08,2672.05,124632,-3.80602e-07,3024.31,152018,-4.79005e-07,3422.98,184060,-1.14379e-07,3874.15,220884,2.64297e-07,4384.72,262283,3.44131e-07,4962.49,307576,7.5349e-08,5616.29,355497,-3.63097e-07,6356.1,404126,-6.05442e-07,7193.18,450932,-2.72333e-07,8140.28,492963,2.29675e-07,9211.79,527178,4.3387e-07,10424,550893,-1.0711e-07,10.102,8.06553,2.81012,10.6436,8.57909,0.869423,11.5336,10.2515,0.270869,12.7211,12.7138,0.0844293,14.1823,15.9373,0.0263173,15.9122,20.0383,0.0082035,17.9198,25.2154,0.00255722,20.2244,31.7373,0.000797017,22.8539,39.9486,0.000248622,25.8438,50.2851,7.75492e-05,29.237,63.2963,2.42508e-05,33.0837,79.6738,7.67162e-06,37.4415,100.288,2.32837e-06,42.3767,126.236,7.33e-07,47.9646,158.896,2.79256e-07,54.2906,200.003,9.87351e-09,61.452,251.741,1.61085e-07,69.5585,316.859,-2.47141e-07,78.7347,398.812,8.93552e-08,89.1218,501.948,-2.53231e-07,100.879,631.736,-1.25047e-07,114.188,795.049,-1.78808e-07,129.252,1000.53,2.6733e-07,146.304,1259.03,4.50292e-07,165.605,1584.19,6.76904e-07,187.452,1993.12,-1.23808e-07,212.181,2507.27,-4.89068e-07,240.173,3153.54,-5.40284e-07,271.856,3965.56,1.86061e-07,307.719,4985.38,4.37004e-07,348.313,6265.4,3.59828e-07,394.26,7870.83,3.98192e-07,446.268,9882.51,-1.92908e-07,505.135,12400.3,-2.20392e-07,571.766,15546.9,1.51705e-07,647.184,19472.2,5.74996e-07,732.547,24357.4,5.39112e-07,829.167,30420,5.07815e-09,938.526,37916.3,-4.11492e-07,1062.3,47143.9,-3.9561e-07,1202.4,58439.2,3.86185e-08,1360.96,72169.3,5.94093e-07,1540.42,88715.8,7.47693e-07,1743.53,108445,1.78537e-07,1973.41,131665,-4.12549e-07,2233.57,158557,-5.37164e-07,2528,189103,-1.17615e-07,2861.2,222986,5.66769e-07,3238.27,259510,9.45053e-07,3664.97,297540,4.25093e-07,4147.81,335497,-3.58506e-07,4694.17,371444,-6.7724e-07,5312.37,403256,1.67192e-07,1.61744,3.89446,9.84394,3.28846,7.5504,12.774,5.07607,11.7187,13.6844,7.03202,16.8147,13.9681,9.20215,23.1769,14.0566,11.6301,31.1672,14.0841,14.3598,41.2186,14.0927,17.4376,53.8688,14.0954,20.9137,69.7915,14.0962,24.8432,89.8341,14.0965,29.2879,115.063,14.0966,34.3168,146.819,14.0966,40.0078,186.792,14.0966,46.4487,237.107,14.0966,53.7388,300.44,14.0966,61.9903,380.158,14.0966,71.3301,480.499,14.0966,81.902,606.796,14.0966,93.8685,765.761,14.0966,107.414,965.837,14.0966,122.746,1217.65,14.0966,140.101,1534.57,14.0966,159.745,1933.41,14.0966,181.981,2435.3,14.0966,207.15,3066.85,14.0966,235.64,3861.46,14.0966,267.889,4861.11,14.0966,304.391,6118.54,14.0966,345.709,7699.91,14.0966,392.478,9688.22,14.0966,445.417,12187.5,14.0966,505.339,15327.7,14.0966,573.165,19271.6,14.0966,649.938,24222,14.0966,736.839,30430.9,14.0966,835.202,38211.5,14.0966,946.539,47950.3,14.0966,1072.56,60122.8,14.0966,1215.21,75309.9,14.0966,1376.66,94216.2,14.0966,1559.41,117688,14.0966,1766.26,146729,14.0966,2000.39,182510,14.0966,2265.39,226372,14.0966,2565.33,279806,14.0966,2904.81,344416,14.0966,3289.05,421845,14.0966,3723.93,513667,14.0966,4216.13,621231,14.0966,4773.18,745478,14.0966,5403.64,886744,14.0966,6117.15,1.04457e+06,14.0966,6924.63,1.2176e+06,14.0966,11.7194,11.96,12.6541,13.9321,16.1295,13.6434,16.6097,21.9702,13.9553,19.7532,29.5285,14.0526,23.3844,39.1143,14.0829,27.5423,51.2054,14.0923,32.2796,66.434,14.0953,37.662,85.6061,14.0962,43.7675,109.74,14.0965,50.687,140.119,14.0966,58.5249,178.359,14.0966,67.4005,226.493,14.0966,77.4493,287.08,14.0966,88.8254,363.343,14.0966,101.703,459.336,14.0966,116.281,580.161,14.0966,132.782,732.241,14.0966,151.46,923.655,14.0966,172.603,1164.57,14.0966,196.535,1467.79,14.0966,223.625,1849.39,14.0966,254.288,2329.62,14.0966,288.997,2933.93,14.0966,328.285,3694.33,14.0966,372.755,4651.04,14.0966,423.092,5854.57,14.0966,480.07,7368.38,14.0966,544.564,9272.08,14.0966,617.566,11665.5,14.0966,700.197,14673.6,14.0966,793.729,18452.9,14.0966,899.599,23198.6,14.0966,1019.43,29154.1,14.0966,1155.07,36622.3,14.0966,1308.6,45977.9,14.0966,1482.39,57683.7,14.0966,1679.09,72307.8,14.0966,1901.73,90542.8,14.0966,2153.73,113226,14.0966,2438.97,141360,14.0966,2761.81,176127,14.0966,3127.22,218898,14.0966,3540.81,271226,14.0966,4008.92,334817,14.0966,4538.74,411470,14.0966,5138.38,502973,14.0966,5817.04,610948,14.0966,6585.12,736653,14.0966,7454.39,880741,14.0966,8438.15,1.04302e+06,14.0966,9551.45,1.22224e+06,14.0966,10811.3,1.41602e+06,14.0966,12237,1.62086e+06,14.0966,11.7194,11.96,12.6541,2.21263,4.16949,0.989383,2.67766,5.84076,0.311842,3.14343,7.55825,0.0972771,3.63127,9.58578,0.0303237,4.15787,12.0912,0.00945211,4.73731,15.2286,0.00294633,5.38238,19.1721,0.000918508,6.10553,24.134,0.000286163,6.91951,30.3791,8.92692e-05,7.83792,38.2397,2.78121e-05,8.87555,48.1338,8.65134e-06,10.0489,60.5876,2.7882e-06,11.3761,76.2629,8.29036e-07,12.8779,95.9927,2.4373e-07,14.5775,120.825,4.33068e-09,16.5012,152.08,1.75749e-07,18.6784,191.415,-1.86328e-07,21.1428,240.917,1.91829e-07,23.9322,303.213,-1.81475e-07,27.0895,381.602,7.0186e-08,30.6634,480.231,-2.86769e-08,34.7087,604.316,2.40784e-07,39.2876,760.401,9.87368e-08,44.4705,956.705,1.22263e-07,50.3371,1203.54,-4.31966e-07,56.9776,1513.81,-1.9705e-07,64.494,1903.69,-2.763e-08,73.0018,2393.4,3.9185e-07,82.6317,3008.13,1.35379e-07,93.5318,3779.25,-4.16351e-08,105.869,4745.7,2.06965e-08,119.834,5955.6,-3.18887e-07,135.641,7468.12,-1.48271e-08,153.531,9355.62,2.00739e-07,173.781,11705.8,2.28358e-07,196.701,14624.1,-1.93587e-08,222.642,18235,-2.88101e-07,252.003,22683.4,-2.24732e-07,285.234,28134,8.56806e-09,322.845,34767,2.34258e-07,365.413,42770.9,2.99668e-07,413.588,52327.9,8.28644e-08,468.111,63591.2,-3.07049e-07,529.814,76653.2,-3.1888e-07,599.642,91502.5,-6.72276e-08,678.662,107975,2.26339e-07,768.083,125705,3.69212e-07,869.267,144088,2.04077e-07,983.76,162277,-2.80509e-07,1113.3,179223,-4.22737e-07,1259.87,193777,-1.71951e-07,1425.68,204839,4.55555e-07,11.7194,11.96,12.6541,2.21263,4.16949,0.989383,2.67766,5.84076,0.311842,3.14343,7.55825,0.0972771,3.63127,9.58578,0.0303237,4.15787,12.0912,0.00945211,4.73731,15.2286,0.00294633,5.38238,19.1721,0.000918508,6.10553,24.134,0.000286163,6.91951,30.3791,8.92692e-05,7.83792,38.2397,2.78121e-05,8.87555,48.1338,8.65134e-06,10.0489,60.5876,2.7882e-06,11.3761,76.2629,8.29036e-07,12.8779,95.9927,2.4373e-07,14.5775,120.825,1e-08,16.5012,152.08,1.75749e-07,18.6784,191.415,1e-08,21.1428,240.917,1.91829e-07,23.9322,303.213,1e-08,27.0895,381.602,7.0186e-08,30.6634,480.231,1e-08,34.7087,604.316,2.40784e-07,39.2876,760.401,9.87368e-08,44.4705,956.705,1.22263e-07,50.3371,1203.54,1e-08,56.9776,1513.81,1e-08,64.494,1903.69,1e-08,73.0018,2393.4,3.9185e-07,82.6317,3008.13,1.35379e-07,93.5318,3779.25,1e-08,105.869,4745.7,2.06965e-08,119.834,5955.6,1e-08,135.641,7468.12,1e-08,153.531,9355.62,2.00739e-07,173.781,11705.8,2.28358e-07,196.701,14624.1,1e-08,222.642,18235,1e-08,252.003,22683.4,1e-08,285.234,28134,1e-08,322.845,34767,2.34258e-07,365.413,42770.9,2.99668e-07,413.588,52327.9,8.28644e-08,468.111,63591.2,1e-08,529.814,76653.2,1e-08,599.642,91502.5,1e-08,678.662,107975,2.26339e-07,768.083,125705,3.69212e-07,869.267,144088,2.04077e-07,983.76,162277,1e-08,1113.3,179223,1e-08,1259.87,193777,1e-08,1425.68,204839,4.55555e-07,6.2823,3.27286,2.43537,0.219672,6.18826,2.24117,0.56371,6.87772,2.63624,0.308279,23,11,4,1,9,1,2,5,0,0,7,0,2,6,0,4,18,0,2,24,0,6,10,0,3,33,0,12,22,0,12,26,0,14,37,0,9,49,0,8,129,0,17,124,0,7,92,0,12,48,0,11,240,0,23,118,0,43,132,0,35,475,0,28,399,0,18,1263,0,44,791,0,27,823,0,49,1089,0,30,1223,0,108,1018,0,84,3057,0,61,3469,0,74,4036,0,43,3485,0,168,7544,0,70,6786,0,94,15554,0,343,11776,0,274,8501,0,329,17073,0,97,16265,0,385,39506,0,360,35291,0,394,50981,0,286,48522,0,575,92310,0,783,107960,0,476,59348,0,564,91654,0,814,53069,0,427,158772,0,1348,120538,0,1295,216368,0,1306,201438,0,2391,200518,0
-1.05176e+08,1,8.88811e-15,10,1023,0,1.05176e+08,0.528882,1.08665,0.389689,0.145397,0.379329,3.24381,0.161596,0.446195,1.77396,0.159177,1.15e+07,4.49998e+06,6.79999e+06,1.15e+07,4.49997e+06,6.79999e+06,1.15e+07,4.49996e+06,6.79999e+06,1.15e+07,4.49995e+06,6.79999e+06,1.14999e+07,4.49993e+06,6.79999e+06,1.14999e+07,4.49991e+06,6.79999e+06,1.14999e+07,4.49989e+06,6.79999e+06,1.14999e+07,4.49986e+06,6.79999e+06,1.14999e+07,4.49982e+06,6.79999e+06,1.14999e+07,4.49977e+06,6.79999e+06,1.14999e+07,4.49971e+06,6.79999e+06,1.14999e+07,4.49963e+06,6.79999e+06,1.14998e+07,4.49953e+06,6.79999e+06,1.14998e+07,4.49941e+06,6.79999e+06,1.14998e+07,4.49926e+06,6.79999e+06,1.14998e+07,4.49906e+06,6.79999e+06,1.14997e+07,4.49882e+06,6.79999e+06,1.14997e+07,4.49851e+06,6.79999e+06,1.14997e+07,4.49812e+06,6.79999e+06,1.14996e+07,4.49764e+06,6.79999e+06,1.14996e+07,4.49702e+06,6.79999e+06,1.14995e+07,4.49625e+06,6.79999e+06,1.14995e+07,4.49528e+06,6.79999e+06,1.14994e+07,4.49406e+06,6.79999e+06,1.14993e+07,4.49253e+06,6.79999e+06,1.14992e+07,4.49059e+06,6.79999e+06,1.14991e+07,4.48817e+06,6.79999e+06,1.1499e+07,4.48511e+06,6.79999e+06,1.14988e+07,4.48128e+06,6.79999e+06,1.14987e+07,4.47646e+06,6.79999e+06,1.14985e+07,4.47041e+06,6.79999e+06,1.14983e+07,4.46281e+06,6.79999e+06,1.14981e+07,4.4533e+06,6.79999e+06,1.14979e+07,4.44138e+06,6.79999e+06,1.14976e+07,4.42649e+06,6.79999e+06,1.14972e+07,4.40789e+06,6.79999e+06,1.14969e+07,4.38471e+06,6.79999e+06,1.14965e+07,4.35592e+06,6.79999e+06,1.1496e+07,4.32027e+06,6.79999e+06,1.14955e+07,4.27629e+06,6.79999e+06,1.14949e+07,4.22231e+06,6.79999e+06,1.14942e+07,4.15647e+06,6.79999e+06,1.14934e+07,4.07676e+06,6.79999e+06,1.14926e+07,3.98112e+06,6.79999e+06,1.14916e+07,3.86765e+06,6.79999e+06,1.14905e+07,3.73474e+06,6.79999e+06,1.14892e+07,3.58148e+06,6.79999e+06,1.14878e+07,3.40785e+06,6.79999e+06,1.14862e+07,3.21513e+06,6.79999e+06,1.14844e+07,3.00605e+06,6.79999e+06,1.14823e+07,2.7848e+06,6.79999e+06,1.148e+07,2.5568e+06,6.79999e+06,1.14773e+07,2.32825e+06,6.79999e+06,13.5742,8.52444,0.508366,16.8306,13.2585,0.162638,20.0035,17.569,0.0507846,23.2616,22.4214,0.0158319,26.7328,28.3297,0.00493498,30.5212,35.6974,0.00153831,34.7178,44.9473,0.000479527,39.4086,56.5822,0.000149456,44.6796,71.2245,4.66214e-05,50.6209,89.6543,1.45419e-05,57.3297,112.852,4.54748e-06,64.9129,142.051,1.43857e-06,73.4897,178.803,4.36618e-07,83.1934,225.062,1.40153e-07,94.1745,283.286,4.96378e-08,106.602,356.568,1.05434e-07,120.669,448.799,-6.49244e-08,136.59,564.873,1.70148e-07,154.611,710.948,-5.34594e-08,175.008,894.767,1.63407e-07,198.097,1126.06,8.04804e-08,224.231,1417.07,1.14667e-07,253.813,1783.15,-1.71227e-07,287.297,2243.62,-2.88466e-07,325.198,2822.67,-4.33651e-07,368.098,3550.67,7.9318e-08,416.657,4465.65,3.13319e-07,471.621,5615.16,3.4613e-07,533.835,7058.61,-1.19199e-07,604.255,8870.02,-2.79964e-07,683.962,11141.4,-2.30521e-07,774.182,13986.7,-2.55099e-07,876.299,17546.4,1.23585e-07,991.883,21993.1,1.41192e-07,1122.71,27536.7,-9.71886e-08,1270.78,34430.7,-3.68368e-07,1438.38,42977.7,-3.45379e-07,1628.07,53532.7,-3.25328e-09,1842.77,66504.6,2.6362e-07,2085.77,82350.2,2.53445e-07,2360.79,101560,-2.47407e-08,2672.05,124632,-3.80602e-07,3024.31,152018,-4.79005e-07,3422.98,184060,-1.14379e-07,3874.15,220884,2.64297e-07,4384.72,262283,3.44131e-07,4962.49,307576,7.5349e-08,5616.29,355497,-3.63097e-07,6356.1,404126,-6.05442e-07,7193.18,450932,-2.72333e-07,8140.28,492963,2.29675e-07,9211.79,527178,4.3387e-07,10424,550893,-1.0711e-07,10.102,8.06553,2.81012,10.6436,8.57909,0.869423,11.5336,10.2515,0.270869,12.7211,12.7138,0.0844293,14.1823,15.9373,0.0263173,15.9122,20.0383,0.0082035,17.9198,25.2154,0.00255722,20.2244,31.7373,0.000797017,22.8539,39.9486,0.000248622,25.8438,50.2851,7.75492e-05,29.237,63.2963,2.42508e-05,33.0837,79.6738,7.67162e-06,37.4415,100.288,2.32837e-06,42.3767,126.236,7.33e-07,47.9646,158.896,2.79256e-07,54.2906,200.003,9.87351e-09,61.452,251.741,1.61085e-07,69.5585,316.859,-2.47141e-07,78.7347,398.812,8.93552e-08,89.1218,501.948,-2.53231e-07,100.879,631.736,-1.25047e-07,114.188,795.049,-1.78808e-07,129.252,1000.53,2.6733e-07,146.304,1259.03,4.50292e-07,165.605,1584.19,6.76904e-07,187.452,1993.12,-1.23808e-07,212.181,2507.27,-4.89068e-07,240.173,3153.54,-5.40284e-07,271.856,3965.56,1.86061e-07,307.719,4985.38,4.37004e-07,348.313,6265.4,3.59828e-07,394.26,7870.83,3.98192e-07,446.268,9882.51,-1.92908e-07,505.135,12400.3,-2.20392e-07,571.766,15546.9,1.51705e-07,647.184,19472.2,5.74996e-07,732.547,24357.4,5.39112e-07,829.167,30420,5.07815e-09,938.526,37916.3,-4.11492e-07,1062.3,47143.9,-3.9561e-07,1202.4,58439.2,3.86185e-08,1360.96,72169.3,5.94093e-07,1540.42,88715.8,7.47693e-07,1743.53,108445,1.78537e-07,1973.41,131665,-4.12549e-07,2233.57,158557,-5.37164e-07,2528,189103,-1.17615e-07,2861.2,222986,5.66769e-07,3238.27,259510,9.45053e-07,3664.97,297540,4.25093e-07,4147.81,335497,-3.58506e-07,4694.17,371444,-6.7724e-07,5312.37,403256,1.67192e-07,1.61744,3.89446,9.84394,3.28846,7.5504,12.774,5.07607,11.7187,13.6844,7.03202,16.8147,13.9681,9.20215,23.1769,14.0566,11.6301,31.1672,14.0841,14.3598,41.2186,14.0927,17.4376,53.8688,14.0954,20.9137,69.7915,14.0962,24.8432,89.8341,14.0965,29.2879,115.063,14.0966,34.3168,146.819,14.0966,40.0078,186.792,14.0966,46.4487,237.107,14.0966,53.7388,300.44,14.0966,61.9903,380.158,14.0966,71.3301,480.499,14.0966,81.902,606.796,14.0966,93.8685,765.761,14.0966,107.414,965.837,14.0966,122.746,1217.65,14.0966,140.101,1534.57,14.0966,159.745,1933.41,14.0966,181.981,2435.3,14.0966,207.15,3066.85,14.0966,235.64,3861.46,14.0966,267.889,4861.11,14.0966,304.391,6118.54,14.0966,345.709,7699.91,14.0966,392.478,9688.22,14.0966,445.417,12187.5,14.0966,505.339,15327.7,14.0966,573.165,19271.6,14.0966,649.938,24222,14.0966,736.839,30430.9,14.0966,835.202,38211.5,14.0966,946.539,47950.3,14.0966,1072.56,60122.8,14.0966,1215.21,75309.9,14.0966,1376.66,94216.2,14.0966,1559.41,117688,14.0966,1766.26,146729,14.0966,2000.39,182510,14.0966,2265.39,226372,14.0966,2565.33,279806,14.0966,2904.81,344416,14.0966,3289.05,421845,14.0966,3723.93,513667,14.0966,4216.13,621231,14.0966,4773.18,745478,14.0966,5403.64,886744,14.0966,6117.15,1.04457e+06,14.0966,6924.63,1.2176e+06,14.0966,11.7194,11.96,12.6541,13.9321,16.1295,13.6434,16.6097,21.9702,13.9553,19.7532,29.5285,14.0526,23.3844,39.1143,14.0829,27.5423,51.2054,14.0923,32.2796,66.434,14.0953,37.662,85.6061,14.0962,43.7675,109.74,14.0965,50.687,140.119,14.0966,58.5249,178.359,14.0966,67.4005,226.493,14.0966,77.4493,287.08,14.0966,88.8254,363.343,14.0966,101.703,459.336,14.0966,116.281,580.161,14.0966,132.782,732.241,14.0966,151.46,923.655,14.0966,172.603,1164.57,14.0966,196.535,1467.79,14.0966,223.625,1849.39,14.0966,254.288,2329.62,14.0966,288.997,2933.93,14.0966,328.285,3694.33,14.0966,372.755,4651.04,14.0966,423.092,5854.57,14.0966,480.07,7368.38,14.0966,544.564,9272.08,14.0966,617.566,11665.5,14.0966,700.197,14673.6,14.0966,793.729,18452.9,14.0966,899.599,23198.6,14.0966,1019.43,29154.1,14.0966,1155.07,36622.3,14.0966,1308.6,45977.9,14.0966,1482.39,57683.7,14.0966,1679.09,72307.8,14.0966,1901.73,90542.8,14.0966,2153.73,113226,14.0966,2438.97,141360,14.0966,2761.81,176127,14.0966,3127.22,218898,14.0966,3540.81,271226,14.0966,4008.92,334817,14.0966,4538.74,411470,14.0966,5138.38,502973,14.0966,5817.04,610948,14.0966,6585.12,736653,14.0966,7454.39,880741,14.0966,8438.15,1.04302e+06,14.0966,9551.45,1.22224e+06,14.0966,10811.3,1.41602e+06,14.0966,12237,1.62086e+06,14.0966,11.7194,11.96,12.6541,2.21263,4.16949,0.989383,2.67766,5.84076,0.311842,3.14343,7.55825,0.0972771,3.63127,9.58578,0.0303237,4.15787,12.0912,0.00945211,4.73731,15.2286,0.00294633,5.38238,19.1721,0.000918508,6.10553,24.134,0.000286163,6.91951,30.3791,8.92692e-05,7.83792,38.2397,2.78121e-05,8.87555,48.1338,8.65134e-06,10.0489,60.5876,2.7882e-06,11.3761,76.2629,8.29036e-07,12.8779,95.9927,2.4373e-07,14.5775,120.825,4.33068e-09,16.5012,152.08,1.75749e-07,18.6784,191.415,-1.86328e-07,21.1428,240.917,1.91829e-07,23.9322,303.213,-1.81475e-07,27.0895,381.602,7.0186e-08,30.6634,480.231,-2.86769e-08,34.7087,604.316,2.40784e-07,39.2876,760.401,9.87368e-08,44.4705,956.705,1.22263e-07,50.3371,1203.54,-4.31966e-07,56.9776,1513.81,-1.9705e-07,64.494,1903.69,-2.763e-08,73.0018,2393.4,3.9185e-07,82.6317,3008.13,1.35379e-07,93.5318,3779.25,-4.16351e-08,105.869,4745.7,2.06965e-08,119.834,5955.6,-3.18887e-07,135.641,7468.12,-1.48271e-08,153.531,9355.62,2.00739e-07,173.781,11705.8,2.28358e-07,196.701,14624.1,-1.93587e-08,222.642,18235,-2.88101e-07,252.003,22683.4,-2.24732e-07,285.234,28134,8.56806e-09,322.845,34767,2.34258e-07,365.413,42770.9,2.99668e-07,413.588,52327.9,8.28644e-08,468.111,63591.2,-3.07049e-07,529.814,76653.2,-3.1888e-07,599.642,91502.5,-6.72276e-08,678.662,107975,2.26339e-07,768.083,125705,3.69212e-07,869.267,144088,2.04077e-07,983.76,162277,-2.80509e-07,1113.3,179223,-4.22737e-07,1259.87,193777,-1.71951e-07,1425.68,204839,4.55555e-07,11.7194,11.96,12.6541,2.21263,4.16949,0.989383,2.67766,5.84076,0.311842,3.14343,7.55825,0.0972771,3.63127,9.58578,0.0303237,4.15787,12.0912,0.00945211,4.73731,15.2286,0.00294633,5.38238,19.1721,0.000918508,6.10553,24.134,0.000286163,6.91951,30.3791,8.92692e-05,7.83792,38.2397,2.78121e-05,8.87555,48.1338,8.65134e-06,10.0489,60.5876,2.7882e-06,11.3761,76.2629,8.29036e-07,12.8779,95.9927,2.4373e-07,14.5775,120.825,1e-08,16.5012,152.08,1.75749e-07,18.6784,191.415,1e-08,21.1428,240.917,1.91829e-07,23.9322,303.213,1e-08,27.0895,381.602,7.0186e-08,30.6634,480.231,1e-08,34.7087,604.316,2.40784e-07,39.2876,760.401,9.87368e-08,44.4705,956.705,1.22263e-07,50.3371,1203.54,1e-08,56.9776,1513.81,1e-08,64.494,1903.69,1e-08,73.0018,2393.4,3.9185e-07,82.6317,3008.13,1.35379e-07,93.5318,3779.25,1e-08,105.869,4745.7,2.06965e-08,119.834,5955.6,1e-08,135.641,7468.12,1e-08,153.531,9355.62,2.00739e-07,173.781,11705.8,2.28358e-07,196.701,14624.1,1e-08,222.642,18235,1e-08,252.003,22683.4,1e-08,285.234,28134,1e-08,322.845,34767,2.34258e-07,365.413,42770.9,2.99668e-07,413.588,52327.9,8.28644e-08,468.111,63591.2,1e-08,529.814,76653.2,1e-08,599.642,91502.5,1e-08,678.662,107975,2.26339e-07,768.083,125705,3.69212e-07,869.267,144088,2.04077e-07,983.76,162277,1e-08,1113.3,179223,1e-08,1259.87,193777,1e-08,1425.68,204839,4.55555e-07,6.2823,3.27286,2.43537,0.219672,6.18826,2.24117,0.56371,6.87772,2.63624,0.308279,4,16,7,3,3,2,1,4,0,3,8,0,5,9,0,2,20,0,3,15,0,4,18,0,14,32,0,6,14,0,8,62,0,23,53,0,17,61,0,10,61,0,14,115,0,8,184,0,26,198,0,23,240,0,9,233,0,30,271,0,17,312,0,35,810,0,26,709,0,100,1260,0,18,3056,0,11,1797,0,43,1037,0,36,2410,0,84,2711,0,94,3489,0,62,4153,0,99,1559,0,95,11833,0,90,11992,0,247,5421,0,154,20383,0,172,11156,0,209,11336,0,110,11157,0,617,35826,0,526,68565,0,243,70074,0,390,36388,0,208,30163,0,472,119617,0,375,61575,0,733,77492,0,704,138817,0,685,250628,0,837,213813,0,1073,96955,0,719,202007,0,2021,226491,0
-1.05176e+08,1,8.88811e-15,10,1023,0,1.05176e+08,0.528882,1.08665,0.389689,0.145397,0.379329,3.24381,0.161596,0.446195,1.77396,0.159177,1.15e+07,4.49998e+06,6.79999e+06,1.15e+07,4.49997e+06,6.79999e+06,1.15e+07,4.49996e+06,6.79999e+06,1.15e+07,4.49995e+06,6.79999e+06,1.14999e+07,4.49993e+06,6.79999e+06,1.14999e+07,4.49991e+06,6.79999e+06,1.14999e+07,4.49989e+06,6.79999e+06,1.14999e+07,4.49986e+06,6.79999e+06,1.14999e+07,4.49982e+06,6.79999e+06,1.14999e+07,4.49977e+06,6.79999e+06,1.14999e+07,4.49971e+06,6.79999e+06,1.14999e+07,4.49963e+06,6.79999e+06,1.14998e+07,4.49953e+06,6.79999e+06,1.14998e+07,4.49941e+06,6.79999e+06,1.14998e+07,4.49926e+06,6.79999e+06,1.14998e+07,4.49906e+06,6.79999e+06,1.14997e+07,4.49882e+06,6.79999e+06,1.14997e+07,4.49851e+06,6.79999e+06,1.14997e+07,4.49812e+06,6.79999e+06,1.14996e+07,4.49764e+06,6.79999e+06,1.14996e+07,4.49702e+06,6.79999e+06,1.14995e+07,4.49625e+06,6.79999e+06,1.14995e+07,4.49528e+06,6.79999e+06,1.14994e+07,4.49406e+06,6.79999e+06,1.14993e+07,4.49253e+06,6.79999e+06,1.14992e+07,4.49059e+06,6.79999e+06,1.14991e+07,4.48817e+06,6.79999e+06,1.1499e+07,4.48511e+06,6.79999e+06,1.14988e+07,4.48128e+06,6.79999e+06,1.14987e+07,4.47646e+06,6.79999e+06,1.14985e+07,4.47041e+06,6.79999e+06,1.14983e+07,4.46281e+06,6.79999e+06,1.14981e+07,4.4533e+06,6.79999e+06,1.14979e+07,4.44138e+06,6.79999e+06,1.14976e+07,4.42649e+06,6.79999e+06,1.14972e+07,4.40789e+06,6.79999e+06,1.14969e+07,4.38471e+06,6.79999e+06,1.14965e+07,4.35592e+06,6.79999e+06,1.1496e+07,4.32027e+06,6.79999e+06,1.14955e+07,4.27629e+06,6.79999e+06,1.14949e+07,4.22231e+06,6.79999e+06,1.14942e+07,4.15647e+06,6.79999e+06,1.14934e+07,4.07676e+06,6.79999e+06,1.14926e+07,3.98112e+06,6.79999e+06,1.14916e+07,3.86765e+06,6.79999e+06,1.14905e+07,3.73474e+06,6.79999e+06,1.14892e+07,3.58148e+06,6.79999e+06,1.14878e+07,3.40785e+06,6.79999e+06,1.14862e+07,3.21513e+06,6.79999e+06,1.14844e+07,3.00605e+06,6.79999e+06,1.14823e+07,2.7848e+06,6.79999e+06,1.148e+07,2.5568e+06,6.79999e+06,1.14773e+07,2.32825e+06,6.79999e+06,13.5742,8.52444,0.508366,16.8306,13.2585,0.162638,20.0035,17.569,0.0507846,23.2616,22.4214,0.0158319,26.7328,28.3297,0.00493498,30.5212,35.6974,0.00153831,34.7178,44.9473,0.000479527,39.4086,56.5822,0.000149456,44.6796,71.2245,4.66214e-05,50.6209,89.6543,1.45419e-05,57.3297,112.852,4.54748e-06,64.9129,142.051,1.43857e-06,73.4897,178.803,4.36618e-07,83.1934,225.062,1.40153e-07,94.1745,283.286,4.96378e-08,106.602,356.568,1.05434e-07,120.669,448.799,-6.49244e-08,136.59,564.873,1.70148e-07,154.611,710.948,-5.34594e-08,175.008,894.767,1.63407e-07,198.097,1126.06,8.04804e-08,224.231,1417.07,1.14667e-07,253.813,1783.15,-1.71227e-07,287.297,2243.62,-2.88466e-07,325.198,2822.67,-4.33651e-07,368.098,3550.67,7.9318e-08,416.657,4465.65,3.13319e-07,471.621,5615.16,3.4613e-07,533.835,7058.61,-1.19199e-07,604.255,8870.02,-2.79964e-07,683.962,11141.4,-2.30521e-07,774.182,13986.7,-2.55099e-07,876.299,17546.4,1.23585e-07,991.883,21993.1,1.41192e-07,1122.71,27536.7,-9.71886e-08,1270.78,34430.7,-3.68368e-07,1438.38,42977.7,-3.45379e-07,1628.07,53532.7,-3.25328e-09,1842.77,66504.6,2.6362e-07,2085.77,82350.2,2.53445e-07,2360.79,101560,-2.47407e-08,2672.05,124632,-3.80602e-07,3024.31,152018,-4.79005e-07,3422.98,184060,-1.14379e-07,3874.15,220884,2.64297e-07,4384.72,262283,3.44131e-07,4962.49,307576,7.5349e-08,5616.29,355497,-3.63097e-07,6356.1,404126,-6.05442e-07,7193.18,450932,-2.72333e-07,8140.28,492963,2.29675e-07,9211.79,527178,4.3387e-07,10424,550893,-1.0711e-07,10.102,8.06553,2.81012,10.6436,8.57909,0.869423,11.5336,10.2515,0.270869,12.7211,12.7138,0.0844293,14.1823,15.9373,0.0263173,15.9122,20.0383,0.0082035,17.9198,25.2154,0.00255722,20.2244,31.7373,0.000797017,22.8539,39.9486,0.000248622,25.8438,50.2851,7.75492e-05,29.237,63.2963,2.42508e-05,33.0837,79.6738,7.67162e-06,37.4415,100.288,2.32837e-06,42.3767,126.236,7.33e-07,47.9646,158.896,2.79256e-07,54.2906,200.003,9.87351e-09,61.452,251.741,1.61085e-07,69.5585,316.859,-2.47141e-07,78.7347,398.812,8.93552e-08,89.1218,501.948,-2.53231e-07,100.879,631.736,-1.25047e-07,114.188,795.049,-1.78808e-07,129.252,1000.53,2.6733e-07,146.304,1259.03,4.50292e-07,165.605,1584.19,6.76904e-07,187.452,1993.12,-1.23808e-07,212.181,2507.27,-4.89068e-07,240.173,3153.54,-5.40284e-07,271.856,3965.56,1.86061e-07,307.719,4985.38,4.37004e-07,348.313,6265.4,3.59828e-07,394.26,7870.83,3.98192e-07,446.268,9882.51,-1.92908e-07,505.135,12400.3,-2.20392e-07,571.766,15546.9,1.51705e-07,647.184,19472.2,5.74996e-07,732.547,24357.4,5.39112e-07,829.167,30420,5.07815e-09,938.526,37916.3,-4.11492e-07,1062.3,47143.9,-3.9561e-07,1202.4,58439.2,3.86185e-08,1360.96,72169.3,5.94093e-07,1540.42,88715.8,7.47693e-07,1743.53,108445,1.78537e-07,1973.41,131665,-4.12549e-07,2233.57,158557,-5.37164e-07,2528,189103,-1.17615e-07,2861.2,222986,5.66769e-07,3238.27,259510,9.45053e-07,3664.97,297540,4.25093e-07,4147.81,335497,-3.58506e-07,4694.17,371444,-6.7724e-07,5312.37,403256,1.67192e-07,1.61744,3.89446,9.84394,3.28846,7.5504,12.774,5.07607,11.7187,13.6844,7.03202,16.8147,13.9681,9.20215,23.1769,14.0566,11.6301,31.1672,14.0841,14.3598,41.2186,14.0927,17.4376,53.8688,14.0954,20.9137,69.7915,14.0962,24.8432,89.8341,14.0965,29.2879,115.063,14.0966,34.3168,146.819,14.0966,40.0078,186.792,14.0966,46.4487,237.107,14.0966,53.7388,300.44,14.0966,61.9903,380.158,14.0966,71.3301,480.499,14.0966,81.902,606.796,14.0966,93.8685,765.761,14.0966,107.414,965.837,14.0966,122.746,1217.65,14.0966,140.101,1534.57,14.0966,159.745,1933.41,14.0966,181.981,2435.3,14.0966,207.15,3066.85,14.0966,235.64,3861.46,14.0966,267.889,4861.11,14.0966,304.391,6118.54,14.0966,345.709,7699.91,14.0966,392.478,9688.22,14.0966,445.417,12187.5,14.0966,505.339,15327.7,14.0966,573.165,19271.6,14.0966,649.938,24222,14.0966,736.839,30430.9,14.0966,835.202,38211.5,14.0966,946.539,47950.3,14.0966,1072.56,60122.8,14.0966,1215.21,75309.9,14.0966,1376.66,94216.2,14.0966,1559.41,117688,14.0966,1766.26,146729,14.0966,2000.39,182510,14.0966,2265.39,226372,14.0966,2565.33,279806,14.0966,2904.81,344416,14.0966,3289.05,421845,14.0966,3723.93,513667,14.0966,4216.13,621231,14.0966,4773.18,745478,14.0966,5403.64,886744,14.0966,6117.15,1.04457e+06,14.0966,6924.63,1.2176e+06,14.0966,11.7194,11.96,12.6541,13.9321,16.1295,13.6434,16.6097,21.9702,13.9553,19.7532,29.5285,14.0526,23.3844,39.1143,14.0829,27.5423,51.2054,14.0923,32.2796,66.434,14.0953,37.662,85.6061,14.0962,43.7675,109.74,14.0965,50.687,140.119,14.0966,58.5249,178.359,14.0966,67.4005,226.493,14.0966,77.4493,287.08,14.0966,88.8254,363.343,14.0966,101.703,459.336,14.0966,116.281,580.161,14.0966,132.782,732.241,14.0966,151.46,923.655,14.0966,172.603,1164.57,14.0966,196.535,1467.79,14.0966,223.625,1849.39,14.0966,254.288,2329.62,14.0966,288.997,2933.93,14.0966,328.285,3694.33,14.0966,372.755,4651.04,14.0966,423.092,5854.57,14.0966,480.07,7368.38,14.0966,544.564,9272.08,14.0966,617.566,11665.5,14.0966,700.197,14673.6,14.0966,793.729,18452.9,14.0966,899.599,23198.6,14.0966,1019.43,29154.1,14.0966,1155.07,36622.3,14.0966,1308.6,45977.9,14.0966,1482.39,57683.7,14.0966,1679.09,72307.8,14.0966,1901.73,90542.8,14.0966,2153.73,113226,14.0966,2438.97,141360,14.0966,2761.81,176127,14.0966,3127.22,218898,14.0966,3540.81,271226,14.0966,4008.92,334817,14.0966,4538.74,411470,14.0966,5138.38,502973,14.0966,5817.04,610948,14.0966,6585.12,736653,14.0966,7454.39,880741,14.0966,8438.15,1.04302e+06,14.0966,9551.45,1.22224e+06,14.0966,10811.3,1.41602e+06,14.0966,12237,1.62086e+06,14.0966,11.7194,11.96,12.6541,2.21263,4.16949,0.989383,2.67766,5.84076,0.311842,3.14343,7.55825,0.0972771,3.63127,9.58578,0.0303237,4.15787,12.0912,0.00945211,4.73731,15.2286,0.00294633,5.38238,19.1721,0.000918508,6.10553,24.134,0.000286163,6.91951,30.3791,8.92692e-05,7.83792,38.2397,2.78121e-05,8.87555,48.1338,8.65134e-06,10.0489,60.5876,2.7882e-06,11.3761,76.2629,8.29036e-07,12.8779,95.9927,2.4373e-07,14.5775,120.825,4.33068e-09,16.5012,152.08,1.75749e-07,18.6784,191.415,-1.86328e-07,21.1428,240.917,1.91829e-07,23.9322,303.213,-1.81475e-07,27.0895,381.602,7.0186e-08,30.6634,480.231,-2.86769e-08,34.7087,604.316,2.40784e-07,39.2876,760.401,9.87368e-08,44.4705,956.705,1.22263e-07,50.3371,1203.54,-4.31966e-07,56.9776,1513.81,-1.9705e-07,64.494,1903.69,-2.763e-08,73.0018,2393.4,3.9185e-07,82.6317,3008.13,1.35379e-07,93.5318,3779.25,-4.16351e-08,105.869,4745.7,2.06965e-08,119.834,5955.6,-3.18887e-07,135.641,7468.12,-1.48271e-08,153.531,9355.62,2.00739e-07,173.781,11705.8,2.28358e-07,196.701,14624.1,-1.93587e-08,222.642,18235,-2.88101e-07,252.003,22683.4,-2.24732e-07,285.234,28134,8.56806e-09,322.845,34767,2.34258e-07,365.413,42770.9,2.99668e-07,413.588,52327.9,8.28644e-08,468.111,63591.2,-3.07049e-07,529.814,76653.2,-3.1888e-07,599.642,91502.5,-6.72276e-08,678.662,107975,2.26339e-07,768.083,125705,3.69212e-07,869.267,144088,2.04077e-07,983.76,162277,-2.80509e-07,1113.3,179223,-4.22737e-07,1259.87,193777,-1.71951e-07,1425.68,204839,4.55555e-07,11.7194,11.96,12.6541,2.21263,4.16949,0.989383,2.67766,5.84076,0.311842,3.14343,7.55825,0.0972771,3.63127,9.58578,0.0303237,4.15787,12.0912,0.00945211,4.73731,15.2286,0.00294633,5.38238,19.1721,0.000918508,6.10553,24.134,0.000286163,6.91951,30.3791,8.92692e-05,7.83792,38.2397,2.78121e-05,8.87555,48.1338,8.65134e-06,10.0489,60.5876,2.7882e-06,11.3761,76.2629,8.29036e-07,12.8779,95.9927,2.4373e-07,14.5775,120.825,1e-08,16.5012,152.08,1.75749e-07,18.6784,191.415,1e-08,21.1428,240.917,1.91829e-07,23.9322,303.213,1e-08,27.0895,381.602,7.0186e-08,30.6634,480.231,1e-08,34.7087,604.316,2.40784e-07,39.2876,760.401,9.87368e-08,44.4705,956.705,1.22263e-07,50.3371,1203.54,1e-08,56.9776,1513.81,1e-08,64.494,1903.69,1e-08,73.0018,2393.4,3.9185e-07,82.6317,3008.13,1.35379e-07,93.5318,3779.25,1e-08,105.869,4745.7,2.06965e-08,119.834,5955.6,1e-08,135.641,7468.12,1e-08,153.531,9355.62,2.00739e-07,173.781,11705.8,2.28358e-07,196.701,14624.1,1e-08,222.642,18235,1e-08,252.003,22683.4,1e-08,285.234,28134,1e-08,322.845,34767,2.34258e-07,365.413,42770.9,2.99668e-07,413.588,52327.9,8.28644e-08,468.111,63591.2,1e-08,529.814,76653.2,1e-08,599.642,91502.5,1e-08,678.662,107975,2.26339e-07,768.083,125705,3.69212e-07,869.267,144088,2.04077e-07,983.76,162277,1e-08,1113.3,179223,1e-08,1259.87,193777,1e-08,1425.68,204839,4.55555e-07,6.2823,3.27286,2.43537,0.219672,6.18826,2.24117,0.56371,6.87772,2.63624,0.308279,10,5,11,2,1,3,0,6,0,8,5,0,6,5,0,3,13,0,3,18,0,5,14,0,4,27,0,7,29,0,6,30,0,13,36,0,19,41,0,6,65,0,17,95,0,26,113,0,20,177,0,22,154,0,9,474,0,31,311,0,8,532,0,40,545,0,34,627,0,25,831,0,47,967,0,63,1488,0,38,999,0,46,1765,0,65,2985,0,83,1908,0,129,4083,0,181,2174,0,136,10140,0,154,5631,0,145,3160,0,237,7815,0,106,14352,0,150,27498,0,295,28396,0,364,31791,0,274,24435,0,429,29566,0,157,47625,0,476,83465,0,604,64679,0,426,44882,0,1526,116432,0,704,49732,0,571,57649,0,1232,233536,0,1514,163147,0,1050,211078,0,1847,294285,0
-1.05176e+08,1,8.88811e-15,10,1023,0,1.05176e+08,0.528882,1.08665,0.389689,0.145397,0.379329,3.24381,0.161596,0.446195,1.77396,0.159177,1.15e+07,4.49998e+06,6.79999e+06,1.15e+07,4.49997e+06,6.79999e+06,1.15e+07,4.49996e+06,6.79999e+06,1.15e+07,4.49995e+06,6.79999e+06,1.14999e+07,4.49993e+06,6.79999e+06,1.14999e+07,4.49991e+06,6.79999e+06,1.14999e+07,4.49989e+06,6.79999e+06,1.14999e+07,4.49986e+06,6.79999e+06,1.14999e+07,4.49982e+06,6.79999e+06,1.14999e+07,4.49977e+06,6.79999e+06,1.14999e+07,4.49971e+06,6.79999e+06,1.14999e+07,4.49963e+06,6.79999e+06,1.14998e+07,4.49953e+06,6.79999e+06,1.14998e+07,4.49941e+06,6.79999e+06,1.14998e+07,4.49926e+06,6.79999e+06,1.14998e+07,4.49906e+06,6.79999e+06,1.14997e+07,4.49882e+06,6.79999e+06,1.14997e+07,4.49851e+06,6.79999e+06,1.14997e+07,4.49812e+06,6.79999e+06,1.14996e+07,4.49764e+06,6.79999e+06,1.14996e+07,4.49702e+06,6.79999e+06,1.14995e+07,4.49625e+06,6.79999e+06,1.14995e+07,4.49528e+06,6.79999e+06,1.14994e+07,4.49406e+06,6.79999e+06,1.14993e+07,4.49253e+06,6.79999e+06,1.14992e+07,4.49059e+06,6.79999e+06,1.14991e+07,4.48817e+06,6.79999e+06,1.1499e+07,4.48511e+06,6.79999e+06,1.14988e+07,4.48128e+06,6.79999e+06,1.14987e+07,4.47646e+06,6.79999e+06,1.14985e+07,4.47041e+06,6.79999e+06,1.14983e+07,4.46281e+06,6.79999e+06,1.14981e+07,4.4533e+06,6.79999e+06,1.14979e+07,4.44138e+06,6.79999e+06,1.14976e+07,4.42649e+06,6.79999e+06,1.14972e+07,4.40789e+06,6.79999e+06,1.14969e+07,4.38471e+06,6.79999e+06,1.14965e+07,4.35592e+06,6.79999e+06,1.1496e+07,4.32027e+06,6.79999e+06,1.14955e+07,4.27629e+06,6.79999e+06,1.14949e+07,4.22231e+06,6.79999e+06,1.14942e+07,4.15647e+06,6.79999e+06,1.14934e+07,4.07676e+06,6.79999e+06,1.14926e+07,3.98112e+06,6.79999e+06,1.14916e+07,3.86765e+06,6.79999e+06,1.14905e+07,3.73474e+06,6.79999e+06,1.14892e+07,3.58148e+06,6.79999e+06,1.14878e+07,3.40785e+06,6.79999e+06,1.14862e+07,3.21513e+06,6.79999e+06,1.14844e+07,3.00605e+06,6.79999e+06,1.14823e+07,2.7848e+06,6.79999e+06,1.148e+07,2.5568e+06,6.79999e+06,1.14773e+07,2.32825e+06,6.79999e+06,13.5742,8.52444,0.508366,16.8306,13.2585,0.162638,20.0035,17.569,0.0507846,23.2616,22.4214,0.0158319,26.7328,28.3297,0.00493498,30.5212,35.6974,0.00153831,34.7178,44.9473,0.000479527,39.4086,56.5822,0.000149456,44.6796,71.2245,4.66214e-05,50.6209,89.6543,1.45419e-05,57.3297,112.852,4.54748e-06,64.9129,142.051,1.43857e-06,73.4897,178.803,4.36618e-07,83.1934,225.062,1.40153e-07,94.1745,283.286,4.96378e-08,106.602,356.568,1.05434e-07,120.669,448.799,-6.49244e-08,136.59,564.873,1.70148e-07,154.611,710.948,-5.34594e-08,175.008,894.767,1.63407e-07,198.097,1126.06,8.04804e-08,224.231,1417.07,1.14667e-07,253.813,1783.15,-1.71227e-07,287.297,2243.62,-2.88466e-07,325.198,2822.67,-4.33651e-07,368.098,3550.67,7.9318e-08,416.657,4465.65,3.13319e-07,471.621,5615.16,3.4613e-07,533.835,7058.61,-1.19199e-07,604.255,8870.02,-2.79964e-07,683.962,11141.4,-2.30521e-07,774.182,13986.7,-2.55099e-07,876.299,17546.4,1.23585e-07,991.883,21993.1,1.41192e-07,1122.71,27536.7,-9.71886e-08,1270.78,34430.7,-3.68368e-07,1438.38,42977.7,-3.45379e-07,1628.07,53532.7,-3.25328e-09,1842.77,66504.6,2.6362e-07,2085.77,82350.2,2.53445e-07,2360.79,101560,-2.47407e-08,2672.05,124632,-3.80602e-07,3024.31,152018,-4.79005e-07,3422.98,184060,-1.14379e-07,3874.15,220884,2.64297e-07,4384.72,262283,3.44131e-07,4962.49,307576,7.5349e-08,5616.29,355497,-3.63097e-07,6356.1,404126,-6.05442e-07,7193.18,450932,-2.72333e-07,8140.28,492963,2.29675e-07,9211.79,527178,4.3387e-07,10424,550893,-1.0711e-07,10.102,8.06553,2.81012,10.6436,8.57909,0.869423,11.5336,10.2515,0.270869,12.7211,12.7138,0.0844293,14.1823,15.9373,0.0263173,15.9122,20.0383,0.0082035,17.9198,25.2154,0.00255722,20.2244,31.7373,0.000797017,22.8539,39.9486,0.000248622,25.8438,50.2851,7.75492e-05,29.237,63.2963,2.42508e-05,33.0837,79.6738,7.67162e-06,37.4415,100.288,2.32837e-06,42.3767,126.236,7.33e-07,47.9646,158.896,2.79256e-07,54.2906,200.003,9.87351e-09,61.452,251.741,1.61085e-07,69.5585,316.859,-2.47141e-07,78.7347,398.812,8.93552e-08,89.1218,501.948,-2.53231e-07,100.879,631.736,-1.25047e-07,114.188,795.049,-1.78808e-07,129.252,1000.53,2.6733e-07,146.304,1259.03,4.50292e-07,165.605,1584.19,6.76904e-07,187.452,1993.12,-1.23808e-07,212.181,2507.27,-4.89068e-07,240.173,3153.54,-5.40284e-07,271.856,3965.56,1.86061e-07,307.719,4985.38,4.37004e-07,348.313,6265.4,3.59828e-07,394.26,7870.83,3.98192e-07,446.268,9882.51,-1.92908e-07,505.135,12400.3,-2.20392e-07,571.766,15546.9,1.51705e-07,647.184,19472.2,5.74996e-07,732.547,24357.4,5.39112e-07,829.167,30420,5.07815e-09,938.526,37916.3,-4.11492e-07,1062.3,47143.9,-3.9561e-07,1202.4,58439.2,3.86185e-08,1360.96,72169.3,5.94093e-07,1540.42,88715.8,7.47693e-07,1743.53,108445,1.78537e-07,1973.41,131665,-4.12549e-07,2233.57,158557,-5.37164e-07,2528,189103,-1.17615e-07,2861.2,222986,5.66769e-07,3238.27,259510,9.45053e-07,3664.97,297540,4.25093e-07,4147.81,335497,-3.58506e-07,4694.17,371444,-6.7724e-07,5312.37,403256,1.67192e-07,1.61744,3.89446,9.84394,3.28846,7.5504,12.774,5.07607,11.7187,13.6844,7.03202,16.8147,13.9681,9.20215,23.1769,14.0566,11.6301,31.1672,14.0841,14.3598,41.2186,14.0927,17.4376,53.8688,14.0954,20.9137,69.7915,14.0962,24.8432,89.8341,14.0965,29.2879,115.063,14.0966,34.3168,146.819,14.0966,40.0078,186.792,14.0966,46.4487,237.107,14.0966,53.7388,300.44,14.0966,61.9903,380.158,14.0966,71.3301,480.499,14.0966,81.902,606.796,14.0966,93.8685,765.761,14.0966,107.414,965.837,14.0966,122.746,1217.65,14.0966,140.101,1534.57,14.0966,159.745,1933.41,14.0966,181.981,2435.3,14.0966,207.15,3066.85,14.0966,235.64,3861.46,14.0966,267.889,4861.11,14.0966,304.391,6118.54,14.0966,345.709,7699.91,14.0966,392.478,9688.22,14.0966,445.417,12187.5,14.0966,505.339,15327.7,14.0966,573.165,19271.6,14.0966,649.938,24222,14.0966,736.839,30430.9,14.0966,835.202,38211.5,14.0966,946.539,47950.3,14.0966,1072.56,60122.8,14.0966,1215.21,75309.9,14.0966,1376.66,94216.2,14.0966,1559.41,117688,14.0966,1766.26,146729,14.0966,2000.39,182510,14.0966,2265.39,226372,14.0966,2565.33,279806,14.0966,2904.81,344416,14.0966,3289.05,421845,14.0966,3723.93,513667,14.0966,4216.13,621231,14.0966,4773.18,745478,14.0966,5403.64,886744,14.0966,6117.15,1.04457e+06,14.0966,6924.63,1.2176e+06,14.0966,11.7194,11.96,12.6541,13.9321,16.1295,13.6434,16.6097,21.9702,13.9553,19.7532,29.5285,14.0526,23.3844,39.1143,14.0829,27.5423,51.2054,14.0923,32.2796,66.434,14.0953,37.662,85.6061,14.0962,43.7675,109.74,14.0965,50.687,140.119,14.0966,58.5249,178.359,14.0966,67.4005,226.493,14.0966,77.4493,287.08,14.0966,88.8254,363.343,14.0966,101.703,459.336,14.0966,116.281,580.161,14.0966,132.782,732.241,14.0966,151.46,923.655,14.0966,172.603,1164.57,14.0966,196.535,1467.79,14.0966,223.625,1849.39,14.0966,254.288,2329.62,14.0966,288.997,2933.93,14.0966,328.285,3694.33,14.0966,372.755,4651.04,14.0966,423.092,5854.57,14.0966,480.07,7368.38,14.0966,544.564,9272.08,14.0966,617.566,11665.5,14.0966,700.197,14673.6,14.0966,793.729,18452.9,14.0966,899.599,23198.6,14.0966,1019.43,29154.1,14.0966,1155.07,36622.3,14.0966,1308.6,45977.9,14.0966,1482.39,57683.7,14.0966,1679.09,72307.8,14.0966,1901.73,90542.8,14.0966,2153.73,113226,14.0966,2438.97,141360,14.0966,2761.81,176127,14.0966,3127.22,218898,14.0966,3540.81,271226,14.0966,4008.92,334817,14.0966,4538.74,411470,14.0966,5138.38,502973,14.0966,5817.04,610948,14.0966,6585.12,736653,14.0966,7454.39,880741,14.0966,8438.15,1.04302e+06,14.0966,9551.45,1.22224e+06,14.0966,10811.3,1.41602e+06,14.0966,12237,1.62086e+06,14.0966,11.7194,11.96,12.6541,2.21263,4.16949,0.989383,2.67766,5.84076,0.311842,3.14343,7.55825,0.0972771,3.63127,9.58578,0.0303237,4.15787,12.0912,0.00945211,4.73731,15.2286,0.00294633,5.38238,19.1721,0.000918508,6.10553,24.134,0.000286163,6.91951,30.3791,8.92692e-05,7.83792,38.2397,2.78121e-05,8.87555,48.1338,8.65134e-06,10.0489,60.5876,2.7882e-06,11.3761,76.2629,8.29036e-07,12.8779,95.9927,2.4373e-07,14.5775,120.825,4.33068e-09,16.5012,152.08,1.75749e-07,18.6784,191.415,-1.86328e-07,21.1428,240.917,1.91829e-07,23.9322,303.213,-1.81475e-07,27.0895,381.602,7.0186e-08,30.6634,480.231,-2.86769e-08,34.7087,604.316,2.40784e-07,39.2876,760.401,9.87368e-08,44.4705,956.705,1.22263e-07,50.3371,1203.54,-4.31966e-07,56.9776,1513.81,-1.9705e-07,64.494,1903.69,-2.763e-08,73.0018,2393.4,3.9185e-07,82.6317,3008.13,1.35379e-07,93.5318,3779.25,-4.16351e-08,105.869,4745.7,2.06965e-08,119.834,5955.6,-3.18887e-07,135.641,7468.12,-1.48271e-08,153.531,9355.62,2.00739e-07,173.781,11705.8,2.28358e-07,196.701,14624.1,-1.93587e-08,222.642,18235,-2.88101e-07,252.003,22683.4,-2.24732e-07,285.234,28134,8.56806e-09,322.845,34767,2.34258e-07,365.413,42770.9,2.99668e-07,413.588,52327.9,8.28644e-08,468.111,63591.2,-3.07049e-07,529.814,76653.2,-3.1888e-07,599.642,91502.5,-6.72276e-08,678.662,107975,2.26339e-07,768.083,125705,3.69212e-07,869.267,144088,2.04077e-07,983.76,162277,-2.80509e-07,1113.3,179223,-4.22737e-07,1259.87,193777,-1.71951e-07,1425.68,204839,4.55555e-07,11.7194,11.96,12.6541,2.21263,4.16949,0.989383,2.67766,5.84076,0.311842,3.14343,7.55825,0.0972771,3.63127,9.58578,0.0303237,4.15787,12.0912,0.00945211,4.73731,15.2286,0.00294633,5.38238,19.1721,0.000918508,6.10553,24.134,0.000286163,6.91951,30.3791,8.92692e-05,7.83792,38.2397,2.78121e-05,8.87555,48.1338,8.65134e-06,10.0489,60.5876,2.7882e-06,11.3761,76.2629,8.29036e-07,12.8779,95.9927,2.4373e-07,14.5775,120.825,1e-08,16.5012,152.08,1.75749e-07,18.6784,191.415,1e-08,21.1428,240.917,1.91829e-07,23.9322,303.213,1e-08,27.0895,381.602,7.0186e-08,30.6634,480.231,1e-08,34.7087,604.316,2.40784e-07,39.2876,760.401,9.87368e-08,44.4705,956.705,1.22263e-07,50.3371,1203.54,1e-08,56.9776,1513.81,1e-08,64.494,1903.69,1e-08,73.0018,2393.4,3.9185e-07,82.6317,3008.13,1.35379e-07,93.5318,3779.25,1e-08,105.869,4745.7,2.06965e-08,119.834,5955.6,1e-08,135.641,7468.12,1e-08,153.531,9355.62,2.00739e-07,173.781,11705.8,2.28358e-07,196.701,14624.1,1e-08,222.642,18235,1e-08,252.003,22683.4,1e-08,285.234,28134,1e-08,322.845,34767,2.34258e-07,365.413,42770.9,2.99668e-07,413.588,52327.9,8.28644e-08,468.111,63591.2,1e-08,529.814,76653.2,1e-08,599.642,91502.5,1e-08,678.662,107975,2.26339e-07,768.083,125705,3.69212e-07,869.267,144088,2.04077e-07,983.76,162277,1e-08,1113.3,179223,1e-08,1259.87,193777,1e-08,1425.68,204839,4.55555e-07,6.2823,3.27286,2.43537,0.219672,6.18826,2.24117,0.56371,6.87772,2.63624,0.308279,24,15,5,3,1,2,1,3,0,3,17,0,2,9,0,4,16,0,9,9,0,10,11,0,11,23,0,10,21,0,9,22,0,3,86,0,12,36,0,24,94,0,8,159,0,25,132,0,9,151,0,43,111,0,45,94,0,12,338,0,11,279,0,27,401,0,38,586,0,53,578,0,66,447,0,52,1419,0,94,1546,0,141,2578,0,74,1260,0,41,3184,0,78,2987,0,140,5890,0,56,4934,0,212,11679,0,51,5538,0,129,8590,0,212,15153,0,208,11482,0,291,40099,0,154,13258,0,197,68478,0,470,43459,0,288,47540,0,643,79350,0,585,128841,0,616,196377,0,451,49723,0,1078,164333,0,633,167248,0,703,175672,0,2099,129044,0,1566,96108,0,923,265179,0
-1.05176e+08,1,8.88811e-15,10,1023,0,1.05176e+08,0.528882,1.08665,0.389689,0.145397,0.379329,3.24381,0.161596,0.446195,1.77396,0.159177,1.15e+07,4.49998e+06,6.79999e+06,1.15e+07,4.49997e+06,6.79999e+06,1.15e+07,4.49996e+06,6.79999e+06,1.15e+07,4.49995e+06,6.79999e+06,1.14999e+07,4.49993e+06,6.79999e+06,1.14999e+07,4.49991e+06,6.79999e+06,1.14999e+07,4.49989e+06,6.79999e+06,1.14999e+07,4.49986e+06,6.79999e+06,1.14999e+07,4.49982e+06,6.79999e+06,1.14999e+07,4.49977e+06,6.79999e+06,1.14999e+07,4.49971e+06,6.79999e+06,1.14999e+07,4.49963e+06,6.79999e+06,1.14998e+07,4.49953e+06,6.79999e+06,1.14998e+07,4.49941e+06,6.79999e+06,1.14998e+07,4.49926e+06,6.79999e+06,1.14998e+07,4.49906e+06,6.79999e+06,1.14997e+07,4.49882e+06,6.79999e+06,1.14997e+07,4.49851e+06,6.79999e+06,1.14997e+07,4.49812e+06,6.79999e+06,1.14996e+07,4.49764e+06,6.79999e+06,1.14996e+07,4.49702e+06,6.79999e+06,1.14995e+07,4.49625e+06,6.79999e+06,1.14995e+07,4.49528e+06,6.79999e+06,1.14994e+07,4.49406e+06,6.79999e+06,1.14993e+07,4.49253e+06,6.79999e+06,1.14992e+07,4.49059e+06,6.79999e+06,1.14991e+07,4.48817e+06,6.79999e+06,1.1499e+07,4.48511e+06,6.79999e+06,1.14988e+07,4.48128e+06,6.79999e+06,1.14987e+07,4.47646e+06,6.79999e+06,1.14985e+07,4.47041e+06,6.79999e+06,1.14983e+07,4.46281e+06,6.79999e+06,1.14981e+07,4.4533e+06,6.79999e+06,1.14979e+07,4.44138e+06,6.79999e+06,1.14976e+07,4.42649e+06,6.79999e+06,1.14972e+07,4.40789e+06,6.79999e+06,1.14969e+07,4.38471e+06,6.79999e+06,1.14965e+07,4.35592e+06,6.79999e+06,1.1496e+07,4.32027e+06,6.79999e+06,1.14955e+07,4.27629e+06,6.79999e+06,1.14949e+07,4.22231e+06,6.79999e+06,1.14942e+07,4.15647e+06,6.79999e+06,1.14934e+07,4.07676e+06,6.79999e+06,1.14926e+07,3.98112e+06,6.79999e+06,1.14916e+07,3.86765e+06,6.79999e+06,1.14905e+07,3.73474e+06,6.79999e+06,1.14892e+07,3.58148e+06,6.79999e+06,1.14878e+07,3.40785e+06,6.79999e+06,1.14862e+07,3.21513e+06,6.79999e+06,1.14844e+07,3.00605e+06,6.79999e+06,1.14823e+07,2.7848e+06,6.79999e+06,1.148e+07,2.5568e+06,6.79999e+06,1.14773e+07,2.32825e+06,6.79999e+06,13.5742,8.52444,0.508366,16.8306,13.2585,0.162638,20.0035,17.569,0.0507846,23.2616,22.4214,0.0158319,26.7328,28.3297,0.00493498,30.5212,35.6974,0.00153831,34.7178,44.9473,0.000479527,39.4086,56.5822,0.000149456,44.6796,71.2245,4.66214e-05,50.6209,89.6543,1.45419e-05,57.3297,112.852,4.54748e-06,64.9129,142.051,1.43857e-06,73.4897,178.803,4.36618e-07,83.1934,225.062,1.40153e-07,94.1745,283.286,4.96378e-08,106.602,356.568,1.05434e-07,120.669,448.799,-6.49244e-08,136.59,564.873,1.70148e-07,154.611,710.948,-5.34594e-08,175.008,894.767,1.63407e-07,198.097,1126.06,8.04804e-08,224.231,1417.07,1.14667e-07,253.813,1783.15,-1.71227e-07,287.297,2243.62,-2.88466e-07,325.198,2822.67,-4.33651e-07,368.098,3550.67,7.9318e-08,416.657,4465.65,3.13319e-07,471.621,5615.16,3.4613e-07,533.835,7058.61,-1.19199e-07,604.255,8870.02,-2.79964e-07,683.962,11141.4,-2.30521e-07,774.182,13986.7,-2.55099e-07,876.299,17546.4,1.23585e-07,991.883,21993.1,1.41192e-07,1122.71,27536.7,-9.71886e-08,1270.78,34430.7,-3.68368e-07,1438.38,42977.7,-3.45379e-07,1628.07,53532.7,-3.25328e-09,1842.77,66504.6,2.6362e-07,2085.77,82350.2,2.53445e-07,2360.79,101560,-2.47407e-08,2672.05,124632,-3.80602e-07,3024.31,152018,-4.79005e-07,3422.98,184060,-1.14379e-07,3874.15,220884,2.64297e-07,4384.72,262283,3.44131e-07,4962.49,307576,7.5349e-08,5616.29,355497,-3.63097e-07,6356.1,404126,-6.05442e-07,7193.18,450932,-2.72333e-07,8140.28,492963,2.29675e-07,9211.79,527178,4.3387e-07,10424,550893,-1.0711e-07,10.102,8.06553,2.81012,10.6436,8.57909,0.869423,11.5336,10.2515,0.270869,12.7211,12.7138,0.0844293,14.1823,15.9373,0.0263173,15.9122,20.0383,0.0082035,17.9198,25.2154,0.00255722,20.2244,31.7373,0.000797017,22.8539,39.9486,0.000248622,25.8438,50.2851,7.75492e-05,29.237,63.2963,2.42508e-05,33.0837,79.6738,7.67162e-06,37.4415,100.288,2.32837e-06,42.3767,126.236,7.33e-07,47.9646,158.896,2.79256e-07,54.2906,200.003,9.87351e-09,61.452,251.741,1.61085e-07,69.5585,316.859,-2.47141e-07,78.7347,398.812,8.93552e-08,89.1218,501.948,-2.53231e-07,100.879,631.736,-1.25047e-07,114.188,795.049,-1.78808e-07,129.252,1000.53,2.6733e-07,146.304,1259.03,4.50292e-07,165.605,1584.19,6.76904e-07,187.452,1993.12,-1.23808e-07,212.181,2507.27,-4.89068e-07,240.173,3153.54,-5.40284e-07,271.856,3965.56,1.86061e-07,307.719,4985.38,4.37004e-07,348.313,6265.4,3.59828e-07,394.26,7870.83,3.98192e-07,446.268,9882.51,-1.92908e-07,505.135,12400.3,-2.20392e-07,571.766,15546.9,1.51705e-07,647.184,19472.2,5.74996e-07,732.547,24357.4,5.39112e-07,829.167,30420,5.07815e-09,938.526,37916.3,-4.11492e-07,1062.3,47143.9,-3.9561e-07,1202.4,58439.2,3.86185e-08,1360.96,72169.3,5.94093e-07,1540.42,88715.8,7.47693e-07,1743.53,108445,1.78537e-07,1973.41,131665,-4.12549e-07,2233.57,158557,-5.37164e-07,2528,189103,-1.17615e-07,2861.2,222986,5.66769e-07,3238.27,259510,9.45053e-07,3664.97,297540,4.25093e-07,4147.81,335497,-3.58506e-07,4694.17,371444,-6.7724e-07,5312.37,403256,1.67192e-07,1.61744,3.89446,9.84394,3.28846,7.5504,12.774,5.07607,11.7187,13.6844,7.03202,16.8147,13.9681,9.20215,23.1769,14.0566,11.6301,31.1672,14.0841,14.3598,41.2186,14.0927,17.4376,53.8688,14.0954,20.9137,69.7915,14.0962,24.8432,89.8341,14.0965,29.2879,115.063,14.0966,34.3168,146.819,14.0966,40.0078,186.792,14.0966,46.4487,237.107,14.0966,53.7388,300.44,14.0966,61.9903,380.158,14.0966,71.3301,480.499,14.0966,81.902,606.796,14.0966,93.8685,765.761,14.0966,107.414,965.837,14.0966,122.746,1217.65,14.0966,140.101,1534.57,14.0966,159.745,1933.41,14.0966,181.981,2435.3,14.0966,207.15,3066.85,14.0966,235.64,3861.46,14.0966,267.889,4861.11,14.0966,304.391,6118.54,14.0966,345.709,7699.91,14.0966,392.478,9688.22,14.0966,445.417,12187.5,14.0966,505.339,15327.7,14.0966,573.165,19271.6,14.0966,649.938,24222,14.0966,736.839,30430.9,14.0966,835.202,38211.5,14.0966,946.539,47950.3,14.0966,1072.56,60122.8,14.0966,1215.21,75309.9,14.0966,1376.66,94216.2,14.0966,1559.41,117688,14.0966,1766.26,146729,14.0966,2000.39,182510,14.0966,2265.39,226372,14.0966,2565.33,279806,14.0966,2904.81,344416,14.0966,3289.05,421845,14.0966,3723.93,513667,14.0966,4216.13,621231,14.0966,4773.18,745478,14.0966,5403.64,886744,14.0966,6117.15,1.04457e+06,14.0966,6924.63,1.2176e+06,14.0966,11.7194,11.96,12.6541,13.9321,16.1295,13.6434,16.6097,21.9702,13.9553,19.7532,29.5285,14.0526,23.3844,39.1143,14.0829,27.5423,51.2054,14.0923,32.2796,66.434,14.0953,37.662,85.6061,14.0962,43.7675,109.74,14.0965,50.687,140.119,14.0966,58.5249,178.359,14.0966,67.4005,226.493,14.0966,77.4493,287.08,14.0966,88.8254,363.343,14.0966,101.703,459.336,14.0966,116.281,580.161,14.0966,132.782,732.241,14.0966,151.46,923.655,14.0966,172.603,1164.57,14.0966,196.535,1467.79,14.0966,223.625,1849.39,14.0966,254.288,2329.62,14.0966,288.997,2933.93,14.0966,328.285,3694.33,14.0966,372.755,4651.04,14.0966,423.092,5854.57,14.0966,480.07,7368.38,14.0966,544.564,9272.08,14.0966,617.566,11665.5,14.0966,700.197,14673.6,14.0966,793.729,18452.9,14.0966,899.599,23198.6,14.0966,1019.43,29154.1,14.0966,1155.07,36622.3,14.0966,1308.6,45977.9,14.0966,1482.39,57683.7,14.0966,1679.09,72307.8,14.0966,1901.73,90542.8,14.0966,2153.73,113226,14.0966,2438.97,141360,14.0966,2761.81,176127,14.0966,3127.22,218898,14.0966,3540.81,271226,14.0966,4008.92,334817,14.0966,4538.74,411470,14.0966,5138.38,502973,14.0966,5817.04,610948,14.0966,6585.12,736653,14.0966,7454.39,880741,14.0966,8438.15,1.04302e+06,14.0966,9551.45,1.22224e+06,14.0966,10811.3,1.41602e+06,14.0966,12237,1.62086e+06,14.0966,11.7194,11.96,12.6541,2.21263,4.16949,0.989383,2.67766,5.84076,0.311842,3.14343,7.55825,0.0972771,3.63127,9.58578,0.0303237,4.15787,12.0912,0.00945211,4.73731,15.2286,0.00294633,5.38238,19.1721,0.000918508,6.10553,24.134,0.000286163,6.91951,30.3791,8.92692e-05,7.83792,38.2397,2.78121e-05,8.87555,48.1338,8.65134e-06,10.0489,60.5876,2.7882e-06,11.3761,76.2629,8.29036e-07,12.8779,95.9927,2.4373e-07,14.5775,120.825,4.33068e-09,16.5012,152.08,1.75749e-07,18.6784,191.415,-1.86328e-07,21.1428,240.917,1.91829e-07,23.9322,303.213,-1.81475e-07,27.0895,381.602,7.0186e-08,30.6634,480.231,-2.86769e-08,34.7087,604.316,2.40784e-07,39.2876,760.401,9.87368e-08,44.4705,956.705,1.22263e-07,50.3371,1203.54,-4.31966e-07,56.9776,1513.81,-1.9705e-07,64.494,1903.69,-2.763e-08,73.0018,2393.4,3.9185e-07,82.6317,3008.13,1.35379e-07,93.5318,3779.25,-4.16351e-08,105.869,4745.7,2.06965e-08,119.834,5955.6,-3.18887e-07,135.641,7468.12,-1.48271e-08,153.531,9355.62,2.00739e-07,173.781,11705.8,2.28358e-07,196.701,14624.1,-1.93587e-08,222.642,18235,-2.88101e-07,252.003,22683.4,-2.24732e-07,285.234,28134,8.56806e-09,322.845,34767,2.34258e-07,365.413,42770.9,2.99668e-07,413.588,52327.9,8.28644e-08,468.111,63591.2,-3.07049e-07,529.814,76653.2,-3.1888e-07,599.642,91502.5,-6.72276e-08,678.662,107975,2.26339e-07,768.083,125705,3.69212e-07,869.267,144088,2.04077e-07,983.76,162277,-2.80509e-07,1113.3,179223,-4.22737e-07,1259.87,193777,-1.71951e-07,1425.68,204839,4.55555e-07,11.7194,11.96,12.6541,2.21263,4.16949,0.989383,2.67766,5.84076,0.311842,3.14343,7.55825,0.0972771,3.63127,9.58578,0.0303237,4.15787,12.0912,0.00945211,4.73731,15.2286,0.00294633,5.38238,19.1721,0.000918508,6.10553,24.134,0.000286163,6.91951,30.3791,8.92692e-05,7.83792,38.2397,2.78121e-05,8.87555,48.1338,8.65134e-06,10.0489,60.5876,2.7882e-06,11.3761,76.2629,8.29036e-07,12.8779,95.9927,2.4373e-07,14.5775,120.825,1e-08,16.5012,152.08,1.75749e-07,18.6784,191.415,1e-08,21.1428,240.917,1.91829e-07,23.9322,303.213,1e-08,27.0895,381.602,7.0186e-08,30.6634,480.231,1e-08,34.7087,604.316,2.40784e-07,39.2876,760.401,9.87368e-08,44.4705,956.705,1.22263e-07,50.3371,1203.54,1e-08,56.9776,1513.81,1e-08,64.494,1903.69,1e-08,73.0018,2393.4,3.9185e-07,82.6317,3008.13,1.35379e-07,93.5318,3779.25,1e-08,105.869,4745.7,2.06965e-08,119.834,5955.6,1e-08,135.641,7468.12,1e-08,153.531,9355.62,2.00739e-07,173.781,11705.8,2.28358e-07,196.701,14624.1,1e-08,222.642,18235,1e-08,252.003,22683.4,1e-08,285.234,28134,1e-08,322.845,34767,2.34258e-07,365.413,42770.9,2.99668e-07,413.588,52327.9,8.28644e-08,468.111,63591.2,1e-08,529.814,76653.2,1e-08,599.642,91502.5,1e-08,678.662,107975,2.26339e-07,768.083,125705,3.69212e-07,869.267,144088,2.04077e-07,983.76,162277,1e-08,1113.3,179223,1e-08,1259.87,193777,1e-08,1425.68,204839,4.55555e-07,6.2823,3.27286,2.43537,0.219672,6.18826,2.24117,0.56371,6.87772,2.63624,0.308279,21,30,9,5,2,0,2,4,0,3,6,0,4,10,0,2,16,0,10,23,0,4,29,0,6,11,0,9,25,0,7,27,0,15,36,0,4,74,0,12,73,0,11,105,0,33,117,0,23,217,0,35,71,0,24,306,0,16,251,0,49,474,0,26,510,0,17,1134,0,37,1246,0,36,1190,0,49,1486,0,100,2748,0,62,1036,0,102,1862,0,181,1700,0,121,2614,0,204,1995,0,121,7820,0,137,7989,0,216,12265,0,239,10155,0,218,10002,0,25,11613,0,193,28931,0,232,56818,0,315,39815,0,213,79171,0,271,47188,0,541,41915,0,256,81884,0,392,72280,0,673,116684,0,615,112058,0,1963,95172,0,1192,97611,0,848,110408,0,585,289315,0,1195,192113,0
-1.05176e+08,1,8.88811e-15,10,1023,0,1.05176e+08,0.528882,1.08665,0.389689,0.145397,0.379329,3.24381,0.161596,0.446195,1.77396,0.159177,1.15e+07,4.49998e+06,6.79999e+06,1.15e+07,4.49997e+06,6.79999e+06,1.15e+07,4.49996e+06,6.79999e+06,1.15e+07,4.49995e+06,6.79999e+06,1.14999e+07,4.49993e+06,6.79999e+06,1.14999e+07,4.49991e+06,6.79999e+06,1.14999e+07,4.49989e+06,6.79999e+06,1.14999e+07,4.49986e+06,6.79999e+06,1.14999e+07,4.49982e+06,6.79999e+06,1.14999e+07,4.49977e+06,6.79999e+06,1.14999e+07,4.49971e+06,6.79999e+06,1.14999e+07,4.49963e+06,6.79999e+06,1.14998e+07,4.49953e+06,6.79999e+06,1.14998e+07,4.49941e+06,6.79999e+06,1.14998e+07,4.49926e+06,6.79999e+06,1.14998e+07,4.49906e+06,6.79999e+06,1.14997e+07,4.49882e+06,6.79999e+06,1.14997e+07,4.49851e+06,6.79999e+06,1.14997e+07,4.49812e+06,6.79999e+06,1.14996e+07,4.49764e+06,6.79999e+06,1.14996e+07,4.49702e+06,6.79999e+06,1.14995e+07,4.49625e+06,6.79999e+06,1.14995e+07,4.49528e+06,6.79999e+06,1.14994e+07,4.49406e+06,6.79999e+06,1.14993e+07,4.49253e+06,6.79999e+06,1.14992e+07,4.49059e+06,6.79999e+06,1.14991e+07,4.48817e+06,6.79999e+06,1.1499e+07,4.48511e+06,6.79999e+06,1.14988e+07,4.48128e+06,6.79999e+06,1.14987e+07,4.47646e+06,6.79999e+06,1.14985e+07,4.47041e+06,6.79999e+06,1.14983e+07,4.46281e+06,6.79999e+06,1.14981e+07,4.4533e+06,6.79999e+06,1.14979e+07,4.44138e+06,6.79999e+06,1.14976e+07,4.42649e+06,6.79999e+06,1.14972e+07,4.40789e+06,6.79999e+06,1.14969e+07,4.38471e+06,6.79999e+06,1.14965e+07,4.35592e+06,6.79999e+06,1.1496e+07,4.32027e+06,6.79999e+06,1.14955e+07,4.27629e+06,6.79999e+06,1.14949e+07,4.22231e+06,6.79999e+06,1.14942e+07,4.15647e+06,6.79999e+06,1.14934e+07,4.07676e+06,6.79999e+06,1.14926e+07,3.98112e+06,6.79999e+06,1.14916e+07,3.86765e+06,6.79999e+06,1.14905e+07,3.73474e+06,6.79999e+06,1.14892e+07,3.58148e+06,6.79999e+06,1.14878e+07,3.40785e+06,6.79999e+06,1.14862e+07,3.21513e+06,6.79999e+06,1.14844e+07,3.00605e+06,6.79999e+06,1.14823e+07,2.7848e+06,6.79999e+06,1.148e+07,2.5568e+06,6.79999e+06,1.14773e+07,2.32825e+06,6.79999e+06,13.5742,8.52444,0.508366,16.8306,13.2585,0.162638,20.0035,17.569,0.0507846,23.2616,22.4214,0.0158319,26.7328,28.3297,0.00493498,30.5212,35.6974,0.00153831,34.7178,44.9473,0.000479527,39.4086,56.5822,0.000149456,44.6796,71.2245,4.66214e-05,50.6209,89.6543,1.45419e-05,57.3297,112.852,4.54748e-06,64.9129,142.051,1.43857e-06,73.4897,178.803,4.36618e-07,83.1934,225.062,1.40153e-07,94.1745,283.286,4.96378e-08,106.602,356.568,1.05434e-07,120.669,448.799,-6.49244e-08,136.59,564.873,1.70148e-07,154.611,710.948,-5.34594e-08,175.008,894.767,1.63407e-07,198.097,1126.06,8.04804e-08,224.231,1417.07,1.14667e-07,253.813,1783.15,-1.71227e-07,287.297,2243.62,-2.88466e-07,325.198,2822.67,-4.33651e-07,368.098,3550.67,7.9318e-08,416.657,4465.65,3.13319e-07,471.621,5615.16,3.4613e-07,533.835,7058.61,-1.19199e-07,604.255,8870.02,-2.79964e-07,683.962,11141.4,-2.30521e-07,774.182,13986.7,-2.55099e-07,876.299,17546.4,1.23585e-07,991.883,21993.1,1.41192e-07,1122.71,27536.7,-9.71886e-08,1270.78,34430.7,-3.68368e-07,1438.38,42977.7,-3.45379e-07,1628.07,53532.7,-3.25328e-09,1842.77,66504.6,2.6362e-07,2085.77,82350.2,2.53445e-07,2360.79,101560,-2.47407e-08,2672.05,124632,-3.80602e-07,3024.31,152018,-4.79005e-07,3422.98,184060,-1.14379e-07,3874.15,220884,2.64297e-07,4384.72,262283,3.44131e-07,4962.49,307576,7.5349e-08,5616.29,355497,-3.63097e-07,6356.1,404126,-6.05442e-07,7193.18,450932,-2.72333e-07,8140.28,492963,2.29675e-07,9211.79,527178,4.3387e-07,10424,550893,-1.0711e-07,10.102,8.06553,2.81012,10.6436,8.57909,0.869423,11.5336,10.2515,0.270869,12.7211,12.7138,0.0844293,14.1823,15.9373,0.0263173,15.9122,20.0383,0.0082035,17.9198,25.2154,0.00255722,20.2244,31.7373,0.000797017,22.8539,39.9486,0.000248622,25.8438,50.2851,7.75492e-05,29.237,63.2963,2.42508e-05,33.0837,79.6738,7.67162e-06,37.4415,100.288,2.32837e-06,42.3767,126.236,7.33e-07,47.9646,158.896,2.79256e-07,54.2906,200.003,9.87351e-09,61.452,251.741,1.61085e-07,69.5585,316.859,-2.47141e-07,78.7347,398.812,8.93552e-08,89.1218,501.948,-2.53231e-07,100.879,631.736,-1.25047e-07,114.188,795.049,-1.78808e-07,129.252,1000.53,2.6733e-07,146.304,1259.03,4.50292e-07,165.605,1584.19,6.76904e-07,187.452,1993.12,-1.23808e-07,212.181,2507.27,-4.89068e-07,240.173,3153.54,-5.40284e-07,271.856,3965.56,1.86061e-07,307.719,4985.38,4.37004e-07,348.313,6265.4,3.59828e-07,394.26,7870.83,3.98192e-07,446.268,9882.51,-1.92908e-07,505.135,12400.3,-2.20392e-07,571.766,15546.9,1.51705e-07,647.184,19472.2,5.74996e-07,732.547,24357.4,5.39112e-07,829.167,30420,5.07815e-09,938.526,37916.3,-4.11492e-07,1062.3,47143.9,-3.9561e-07,1202.4,58439.2,3.86185e-08,1360.96,72169.3,5.94093e-07,1540.42,88715.8,7.47693e-07,1743.53,108445,1.78537e-07,1973.41,131665,-4.12549e-07,2233.57,158557,-5.37164e-07,2528,189103,-1.17615e-07,2861.2,222986,5.66769e-07,3238.27,259510,9.45053e-07,3664.97,297540,4.25093e-07,4147.81,335497,-3.58506e-07,4694.17,371444,-6.7724e-07,5312.37,403256,1.67192e-07,1.61744,3.89446,9.84394,3.28846,7.5504,12.774,5.07607,11.7187,13.6844,7.03202,16.8147,13.9681,9.20215,23.1769,14.0566,11.6301,31.1672,14.0841,14.3598,41.2186,14.0927,17.4376,53.8688,14.0954,20.9137,69.7915,14.0962,24.8432,89.8341,14.0965,29.2879,115.063,14.0966,34.3168,146.819,14.0966,40.0078,186.792,14.0966,46.4487,237.107,14.0966,53.7388,300.44,14.0966,61.9903,380.158,14.0966,71.3301,480.499,14.0966,81.902,606.796,14.0966,93.8685,765.761,14.0966,107.414,965.837,14.0966,122.746,1217.65,14.0966,140.101,1534.57,14.0966,159.745,1933.41,14.0966,181.981,2435.3,14.0966,207.15,3066.85,14.0966,235.64,3861.46,14.0966,267.889,4861.11,14.0966,304.391,6118.54,14.0966,345.709,7699.91,14.0966,392.478,9688.22,14.0966,445.417,12187.5,14.0966,505.339,15327.7,14.0966,573.165,19271.6,14.0966,649.938,24222,14.0966,736.839,30430.9,14.0966,835.202,38211.5,14.0966,946.539,47950.3,14.0966,1072.56,60122.8,14.0966,1215.21,75309.9,14.0966,1376.66,94216.2,14.0966,1559.41,117688,14.0966,1766.26,146729,14.0966,2000.39,182510,14.0966,2265.39,226372,14.0966,2565.33,279806,14.0966,2904.81,344416,14.0966,3289.05,421845,14.0966,3723.93,513667,14.0966,4216.13,621231,14.0966,4773.18,745478,14.0966,5403.64,886744,14.0966,6117.15,1.04457e+06,14.0966,6924.63,1.2176e+06,14.0966,11.7194,11.96,12.6541,13.9321,16.1295,13.6434,16.6097,21.9702,13.9553,19.7532,29.5285,14.0526,23.3844,39.1143,14.0829,27.5423,51.2054,14.0923,32.2796,66.434,14.0953,37.662,85.6061,14.0962,43.7675,109.74,14.0965,50.687,140.119,14.0966,58.5249,178.359,14.0966,67.4005,226.493,14.0966,77.4493,287.08,14.0966,88.8254,363.343,14.0966,101.703,459.336,14.0966,116.281,580.161,14.0966,132.782,732.241,14.0966,151.46,923.655,14.0966,172.603,1164.57,14.0966,196.535,1467.79,14.0966,223.625,1849.39,14.0966,254.288,2329.62,14.0966,288.997,2933.93,14.0966,328.285,3694.33,14.0966,372.755,4651.04,14.0966,423.092,5854.57,14.0966,480.07,7368.38,14.0966,544.564,9272.08,14.0966,617.566,11665.5,14.0966,700.197,14673.6,14.0966,793.729,18452.9,14.0966,899.599,23198.6,14.0966,1019.43,29154.1,14.0966,1155.07,36622.3,14.0966,1308.6,45977.9,14.0966,1482.39,57683.7,14.0966,1679.09,72307.8,14.0966,1901.73,90542.8,14.0966,2153.73,113226,14.0966,2438.97,141360,14.0966,2761.81,176127,14.0966,3127.22,218898,14.0966,3540.81,271226,14.0966,4008.92,334817,14.0966,4538.74,411470,14.0966,5138.38,502973,14.0966,5817.04,610948,14.0966,6585.12,736653,14.0966,7454.39,880741,14.0966,8438.15,1.04302e+06,14.0966,9551.45,1.22224e+06,14.0966,10811.3,1.41602e+06,14.0966,12237,1.62086e+06,14.0966,11.7194,11.96,12.6541,2.21263,4.16949,0.989383,2.67766,5.84076,0.311842,3.14343,7.55825,0.0972771,3.63127,9.58578,0.0303237,4.15787,12.0912,0.00945211,4.73731,15.2286,0.00294633,5.38238,19.1721,0.000918508,6.10553,24.134,0.000286163,6.91951,30.3791,8.92692e-05,7.83792,38.2397,2.78121e-05,8.87555,48.1338,8.65134e-06,10.0489,60.5876,2.7882e-06,11.3761,76.2629,8.29036e-07,12.8779,95.9927,2.4373e-07,14.5775,120.825,4.33068e-09,16.5012,152.08,1.75749e-07,18.6784,191.415,-1.86328e-07,21.1428,240.917,1.91829e-07,23.9322,303.213,-1.81475e-07,27.0895,381.602,7.0186e-08,30.6634,480.231,-2.86769e-08,34.7087,604.316,2.40784e-07,39.2876,760.401,9.87368e-08,44.4705,956.705,1.22263e-07,50.3371,1203.54,-4.31966e-07,56.9776,1513.81,-1.9705e-07,64.494,1903.69,-2.763e-08,73.0018,2393.4,3.9185e-07,82.6317,3008.13,1.35379e-07,93.5318,3779.25,-4.16351e-08,105.869,4745.7,2.06965e-08,119.834,5955.6,-3.18887e-07,135.641,7468.12,-1.48271e-08,153.531,9355.62,2.00739e-07,173.781,11705.8,2.28358e-07,196.701,14624.1,-1.93587e-08,222.642,18235,-2.88101e-07,252.003,22683.4,-2.24732e-07,285.234,28134,8.56806e-09,322.845,34767,2.34258e-07,365.413,42770.9,2.99668e-07,413.588,52327.9,8.28644e-08,468.111,63591.2,-3.07049e-07,529.814,76653.2,-3.1888e-07,599.642,91502.5,-6.72276e-08,678.662,107975,2.26339e-07,768.083,125705,3.69212e-07,869.267,144088,2.04077e-07,983.76,162277,-2.80509e-07,1113.3,179223,-4.22737e-07,1259.87,193777,-1.71951e-07,1425.68,204839,4.55555e-07,11.7194,11.96,12.6541,2.21263,4.16949,0.989383,2.67766,5.84076,0.311842,3.14343,7.55825,0.0972771,3.63127,9.58578,0.0303237,4.15787,12.0912,0.00945211,4.73731,15.2286,0.00294633,5.38238,19.1721,0.000918508,6.10553,24.134,0.000286163,6.91951,30.3791,8.92692e-05,7.83792,38.2397,2.78121e-05,8.87555,48.1338,8.65134e-06,10.0489,60.5876,2.7882e-06,11.3761,76.2629,8.29036e-07,12.8779,95.9927,2.4373e-07,14.5775,120.825,1e-08,16.5012,152.08,1.75749e-07,18.6784,191.415,1e-08,21.1428,240.917,1.91829e-07,23.9322,303.213,1e-08,27.0895,381.602,7.0186e-08,30.6634,480.231,1e-08,34.7087,604.316,2.40784e-07,39.2876,760.401,9.87368e-08,44.4705,956.705,1.22263e-07,50.3371,1203.54,1e-08,56.9776,1513.81,1e-08,64.494,1903.69,1e-08,73.0018,2393.4,3.9185e-07,82.6317,3008.13,1.35379e-07,93.5318,3779.25,1e-08,105.869,4745.7,2.06965e-08,119.834,5955.6,1e-08,135.641,7468.12,1e-08,153.531,9355.62,2.00739e-07,173.781,11705.8,2.28358e-07,196.701,14624.1,1e-08,222.642,18235,1e-08,252.003,22683.4,1e-08,285.234,28134,1e-08,322.845,34767,2.34258e-07,365.413,42770.9,2.99668e-07,413.588,52327.9,8.28644e-08,468.111,63591.2,1e-08,529.814,76653.2,1e-08,599.642,91502.5,1e-08,678.662,107975,2.26339e-07,768.083,125705,3.69212e-07,869.267,144088,2.04077e-07,983.76,162277,1e-08,1113.3,179223,1e-08,1259.87,193777,1e-08,1425.68,204839,4.55555e-07,6.2823,3.27286,2.43537,0.219672,6.18826,2.24117,0.56371,6.87772,2.63624,0.308279,10,13,13,1,11,1,2,10,0,6,4,0,0,9,0,5,6,0,4,16,0,3,9,0,6,8,0,9,10,0,13,28,0,12,76,0,7,45,0,7,125,0,14,47,0,12,66,0,12,112,0,21,120,0,18,213,0,17,764,0,23,292,0,36,806,0,12,583,0,32,619,0,26,1441,0,26,1009,0,57,1024,0,40,2006,0,94,1430,0,22,3930,0,52,2318,0,131,5009,0,97,6942,0,108,4518,0,195,11138,0,130,3200,0,240,7558,0,359,19461,0,238,10874,0,209,43524,0,313,50228,0,214,91143,0,243,13304,0,577,54144,0,586,131012,0,197,110952,0,1036,81190,0,1030,166487,0,936,100702,0,672,88892,0,1684,219351,0,2075,46019,0,742,183316,0
-1.05176e+08,1,8.88811e-15,10,1023,0,1.05176e+08,0.528882,1.08665,0.389689,0.145397,0.379329,3.24381,0.161596,0.446195,1.77396,0.159177,1.15e+07,4.49998e+06,6.79999e+06,1.15e+07,4.49997e+06,6.79999e+06,1.15e+07,4.49996e+06,6.79999e+06,1.15e+07,4.49995e+06,6.79999e+06,1.14999e+07,4.49993e+06,6.79999e+06,1.14999e+07,4.49991e+06,6.79999e+06,1.14999e+07,4.49989e+06,6.79999e+06,1.14999e+07,4.49986e+06,6.79999e+06,1.14999e+07,4.49982e+06,6.79999e+06,1.14999e+07,4.49977e+06,6.79999e+06,1.14999e+07,4.49971e+06,6.79999e+06,1.14999e+07,4.49963e+06,6.79999e+06,1.14998e+07,4.49953e+06,6.79999e+06,1.14998e+07,4.49941e+06,6.79999e+06,1.14998e+07,4.49926e+06,6.79999e+06,1.14998e+07,4.49906e+06,6.79999e+06,1.14997e+07,4.49882e+06,6.79999e+06,1.14997e+07,4.49851e+06,6.79999e+06,1.14997e+07,4.49812e+06,6.79999e+06,1.14996e+07,4.49764e+06,6.79999e+06,1.14996e+07,4.49702e+06,6.79999e+06,1.14995e+07,4.49625e+06,6.79999e+06,1.14995e+07,4.49528e+06,6.79999e+06,1.14994e+07,4.49406e+06,6.79999e+06,1.14993e+07,4.49253e+06,6.79999e+06,1.14992e+07,4.49059e+06,6.79999e+06,1.14991e+07,4.48817e+06,6.79999e+06,1.1499e+07,4.48511e+06,6.79999e+06,1.14988e+07,4.48128e+06,6.79999e+06,1.14987e+07,4.47646e+06,6.79999e+06,1.14985e+07,4.47041e+06,6.79999e+06,1.14983e+07,4.46281e+06,6.79999e+06,1.14981e+07,4.4533e+06,6.79999e+06,1.14979e+07,4.44138e+06,6.79999e+06,1.14976e+07,4.42649e+06,6.79999e+06,1.14972e+07,4.40789e+06,6.79999e+06,1.14969e+07,4.38471e+06,6.79999e+06,1.14965e+07,4.35592e+06,6.79999e+06,1.1496e+07,4.32027e+06,6.79999e+06,1.14955e+07,4.27629e+06,6.79999e+06,1.14949e+07,4.22231e+06,6.79999e+06,1.14942e+07,4.15647e+06,6.79999e+06,1.14934e+07,4.07676e+06,6.79999e+06,1.14926e+07,3.98112e+06,6.79999e+06,1.14916e+07,3.86765e+06,6.79999e+06,1.14905e+07,3.73474e+06,6.79999e+06,1.14892e+07,3.58148e+06,6.79999e+06,1.14878e+07,3.40785e+06,6.79999e+06,1.14862e+07,3.21513e+06,6.79999e+06,1.14844e+07,3.00605e+06,6.79999e+06,1.14823e+07,2.7848e+06,6.79999e+06,1.148e+07,2.5568e+06,6.79999e+06,1.14773e+07,2.32825e+06,6.79999e+06,13.5742,8.52444,0.508366,16.8306,13.2585,0.162638,20.0035,17.569,0.0507846,23.2616,22.4214,0.0158319,26.7328,28.3297,0.00493498,30.5212,35.6974,0.00153831,34.7178,44.9473,0.000479527,39.4086,56.5822,0.000149456,44.6796,71.2245,4.66214e-05,50.6209,89.6543,1.45419e-05,57.3297,112.852,4.54748e-06,64.9129,142.051,1.43857e-06,73.4897,178.803,4.36618e-07,83.1934,225.062,1.40153e-07,94.1745,283.286,4.96378e-08,106.602,356.568,1.05434e-07,120.669,448.799,-6.49244e-08,136.59,564.873,1.70148e-07,154.611,710.948,-5.34594e-08,175.008,894.767,1.63407e-07,198.097,1126.06,8.04804e-08,224.231,1417.07,1.14667e-07,253.813,1783.15,-1.71227e-07,287.297,2243.62,-2.88466e-07,325.198,2822.67,-4.33651e-07,368.098,3550.67,7.9318e-08,416.657,4465.65,3.13319e-07,471.621,5615.16,3.4613e-07,533.835,7058.61,-1.19199e-07,604.255,8870.02,-2.79964e-07,683.962,11141.4,-2.30521e-07,774.182,13986.7,-2.55099e-07,876.299,17546.4,1.23585e-07,991.883,21993.1,1.41192e-07,1122.71,27536.7,-9.71886e-08,1270.78,34430.7,-3.68368e-07,1438.38,42977.7,-3.45379e-07,1628.07,53532.7,-3.25328e-09,1842.77,66504.6,2.6362e-07,2085.77,82350.2,2.53445e-07,2360.79,101560,-2.47407e-08,2672.05,124632,-3.80602e-07,3024.31,152018,-4.79005e-07,3422.98,184060,-1.14379e-07,3874.15,220884,2.64297e-07,4384.72,262283,3.44131e-07,4962.49,307576,7.5349e-08,5616.29,355497,-3.63097e-07,6356.1,404126,-6.05442e-07,7193.18,450932,-2.72333e-07,8140.28,492963,2.29675e-07,9211.79,527178,4.3387e-07,10424,550893,-1.0711e-07,10.102,8.06553,2.81012,10.6436,8.57909,0.869423,11.5336,10.2515,0.270869,12.7211,12.7138,0.0844293,14.1823,15.9373,0.0263173,15.9122,20.0383,0.0082035,17.9198,25.2154,0.00255722,20.2244,31.7373,0.000797017,22.8539,39.9486,0.000248622,25.8438,50.2851,7.75492e-05,29.237,63.2963,2.42508e-05,33.0837,79.6738,7.67162e-06,37.4415,100.288,2.32837e-06,42.3767,126.236,7.33e-07,47.9646,158.896,2.79256e-07,54.2906,200.003,9.87351e-09,61.452,251.741,1.61085e-07,69.5585,316.859,-2.47141e-07,78.7347,398.812,8.93552e-08,89.1218,501.948,-2.53231e-07,100.879,631.736,-1.25047e-07,114.188,795.049,-1.78808e-07,129.252,1000.53,2.6733e-07,146.304,1259.03,4.50292e-07,165.605,1584.19,6.76904e-07,187.452,1993.12,-1.23808e-07,212.181,2507.27,-4.89068e-07,240.173,3153.54,-5.40284e-07,271.856,3965.56,1.86061e-07,307.719,4985.38,4.37004e-07,348.313,6265.4,3.59828e-07,394.26,7870.83,3.98192e-07,446.268,9882.51,-1.92908e-07,505.135,12400.3,-2.20392e-07,571.766,15546.9,1.51705e-07,647.184,19472.2,5.74996e-07,732.547,24357.4,5.39112e-07,829.167,30420,5.07815e-09,938.526,37916.3,-4.11492e-07,1062.3,47143.9,-3.9561e-07,1202.4,58439.2,3.86185e-08,1360.96,72169.3,5.94093e-07,1540.42,88715.8,7.47693e-07,1743.53,108445,1.78537e-07,1973.41,131665,-4.12549e-07,2233.57,158557,-5.37164e-07,2528,189103,-1.17615e-07,2861.2,222986,5.66769e-07,3238.27,259510,9.45053e-07,3664.97,297540,4.25093e-07,4147.81,335497,-3.58506e-07,4694.17,371444,-6.7724e-07,5312.37,403256,1.67192e-07,1.61744,3.89446,9.84394,3.28846,7.5504,12.774,5.07607,11.7187,13.6844,7.03202,16.8147,13.9681,9.20215,23.1769,14.0566,11.6301,31.1672,14.0841,14.3598,41.2186,14.0927,17.4376,53.8688,14.0954,20.9137,69.7915,14.0962,24.8432,89.8341,14.0965,29.2879,115.063,14.0966,34.3168,146.819,14.0966,40.0078,186.792,14.0966,46.4487,237.107,14.0966,53.7388,300.44,14.0966,61.9903,380.158,14.0966,71.3301,480.499,14.0966,81.902,606.796,14.0966,93.8685,765.761,14.0966,107.414,965.837,14.0966,122.746,1217.65,14.0966,140.101,1534.57,14.0966,159.745,1933.41,14.0966,181.981,2435.3,14.0966,207.15,3066.85,14.0966,235.64,3861.46,14.0966,267.889,4861.11,14.0966,304.391,6118.54,14.0966,345.709,7699.91,14.0966,392.478,9688.22,14.0966,445.417,12187.5,14.0966,505.339,15327.7,14.0966,573.165,19271.6,14.0966,649.938,24222,14.0966,736.839,30430.9,14.0966,835.202,38211.5,14.0966,946.539,47950.3,14.0966,1072.56,60122.8,14.0966,1215.21,75309.9,14.0966,1376.66,94216.2,14.0966,1559.41,117688,14.0966,1766.26,146729,14.0966,2000.39,182510,14.0966,2265.39,226372,14.0966,2565.33,279806,14.0966,2904.81,344416,14.0966,3289.05,421845,14.0966,3723.93,513667,14.0966,4216.13,621231,14.0966,4773.18,745478,14.0966,5403.64,886744,14.0966,6117.15,1.04457e+06,14.0966,6924.63,1.2176e+06,14.0966,11.7194,11.96,12.6541,13.9321,16.1295,13.6434,16.6097,21.9702,13.9553,19.7532,29.5285,14.0526,23.3844,39.1143,14.0829,27.5423,51.2054,14.0923,32.2796,66.434,14.0953,37.662,85.6061,14.0962,43.7675,109.74,14.0965,50.687,140.119,14.0966,58.5249,178.359,14.0966,67.4005,226.493,14.0966,77.4493,287.08,14.0966,88.8254,363.343,14.0966,101.703,459.336,14.0966,116.281,580.161,14.0966,132.782,732.241,14.0966,151.46,923.655,14.0966,172.603,1164.57,14.0966,196.535,1467.79,14.0966,223.625,1849.39,14.0966,254.288,2329.62,14.0966,288.997,2933.93,14.0966,328.285,3694.33,14.0966,372.755,4651.04,14.0966,423.092,5854.57,14.0966,480.07,7368.38,14.0966,544.564,9272.08,14.0966,617.566,11665.5,14.0966,700.197,14673.6,14.0966,793.729,18452.9,14.0966,899.599,23198.6,14.0966,1019.43,29154.1,14.0966,1155.07,36622.3,14.0966,1308.6,45977.9,14.0966,1482.39,57683.7,14.0966,1679.09,72307.8,14.0966,1901.73,90542.8,14.0966,2153.73,113226,14.0966,2438.97,141360,14.0966,2761.81,176127,14.0966,3127.22,218898,14.0966,3540.81,271226,14.0966,4008.92,334817,14.0966,4538.74,411470,14.0966,5138.38,502973,14.0966,5817.04,610948,14.0966,6585.12,736653,14.0966,7454.39,880741,14.0966,8438.15,1.04302e+06,14.0966,9551.45,1.22224e+06,14.0966,10811.3,1.41602e+06,14.0966,12237,1.62086e+06,14.0966,11.7194,11.96,12.6541,2.21263,4.16949,0.989383,2.67766,5.84076,0.311842,3.14343,7.55825,0.0972771,3.63127,9.58578,0.0303237,4.15787,12.0912,0.00945211,4.73731,15.2286,0.00294633,5.38238,19.1721,0.000918508,6.10553,24.134,0.000286163,6.91951,30.3791,8.92692e-05,7.83792,38.2397,2.78121e-05,8.87555,48.1338,8.65134e-06,10.0489,60.5876,2.7882e-06,11.3761,76.2629,8.29036e-07,12.8779,95.9927,2.4373e-07,14.5775,120.825,4.33068e-09,16.5012,152.08,1.75749e-07,18.6784,191.415,-1.86328e-07,21.1428,240.917,1.91829e-07,23.9322,303.213,-1.81475e-07,27.0895,381.602,7.0186e-08,30.6634,480.231,-2.86769e-08,34.7087,604.316,2.40784e-07,39.2876,760.401,9.87368e-08,44.4705,956.705,1.22263e-07,50.3371,1203.54,-4.31966e-07,56.9776,1513.81,-1.9705e-07,64.494,1903.69,-2.763e-08,73.0018,2393.4,3.9185e-07,82.6317,3008.13,1.35379e-07,93.5318,3779.25,-4.16351e-08,105.869,4745.7,2.06965e-08,119.834,5955.6,-3.18887e-07,135.641,7468.12,-1.48271e-08,153.531,9355.62,2.00739e-07,173.781,11705.8,2.28358e-07,196.701,14624.1,-1.93587e-08,222.642,18235,-2.88101e-07,252.003,22683.4,-2.24732e-07,285.234,28134,8.56806e-09,322.845,34767,2.34258e-07,365.413,42770.9,2.99668e-07,413.588,52327.9,8.28644e-08,468.111,63591.2,-3.07049e-07,529.814,76653.2,-3.1888e-07,599.642,91502.5,-6.72276e-08,678.662,107975,2.26339e-07,768.083,125705,3.69212e-07,869.267,144088,2.04077e-07,983.76,162277,-2.80509e-07,1113.3,179223,-4.22737e-07,1259.87,193777,-1.71951e-07,1425.68,204839,4.55555e-07,11.7194,11.96,12.6541,2.21263,4.16949,0.989383,2.67766,5.84076,0.311842,3.14343,7.55825,0.0972771,3.63127,9.58578,0.0303237,4.15787,12.0912,0.00945211,4.73731,15.2286,0.00294633,5.38238,19.1721,0.000918508,6.10553,24.134,0.000286163,6.91951,30.3791,8.92692e-05,7.83792,38.2397,2.78121e-05,8.87555,48.1338,8.65134e-06,10.0489,60.5876,2.7882e-06,11.3761,76.2629,8.29036e-07,12.8779,95.9927,2.4373e-07,14.5775,120.825,1e-08,16.5012,152.08,1.75749e-07,18.6784,191.415,1e-08,21.1428,240.917,1.91829e-07,23.9322,303.213,1e-08,27.0895,381.602,7.0186e-08,30.6634,480.231,1e-08,34.7087,604.316,2.40784e-07,39.2876,760.401,9.87368e-08,44.4705,956.705,1.22263e-07,50.3371,1203.54,1e-08,56.9776,1513.81,1e-08,64.494,1903.69,1e-08,73.0018,2393.4,3.9185e-07,82.6317,3008.13,1.35379e-07,93.5318,3779.25,1e-08,105.869,4745.7,2.06965e-08,119.834,5955.6,1e-08,135.641,7468.12,1e-08,153.531,9355.62,2.00739e-07,173.781,11705.8,2.28358e-07,196.701,14624.1,1e-08,222.642,18235,1e-08,252.003,22683.4,1e-08,285.234,28134,1e-08,322.845,34767,2.34258e-07,365.413,42770.9,2.99668e-07,413.588,52327.9,8.28644e-08,468.111,63591.2,1e-08,529.814,76653.2,1e-08,599.642,91502.5,1e-08,678.662,107975,2.26339e-07,768.083,125705,3.69212e-07,869.267,144088,2.04077e-07,983.76,162277,1e-08,1113.3,179223,1e-08,1259.87,193777,1e-08,1425.68,204839,4.55555e-07,6.2823,3.27286,2.43537,0.219672,6.18826,2.24117,0.56371,6.87772,2.63624,0.308279,2,7,10,3,3,0,3,15,3,6,4,0,1,19,0,5,5,0,10,26,0,10,25,0,4,29,0,4,15,0,8,10,0,8,113,0,29,56,0,14,86,0,20,115,0,21,111,0,5,81,0,21,130,0,15,125,0,26,242,0,20,482,0,21,507,0,18,360,0,24,539,0,48,930,0,52,1539,0,39,1583,0,51,2748,0,57,2084,0,54,1979,0,27,2118,0,18,6385,0,214,5115,0,304,15000,0,156,6648,0,262,7077,0,140,13328,0,214,26970,0,295,33551,0,291,29698,0,308,32086,0,154,41482,0,868,58962,0,646,44277,0,493,76396,0,753,97376,0,757,101262,0,680,216270,0,1138,161274,0,978,243147,0,398,86318,0,821,100831,0,1169,105899,0
-1.05176e+08,1,8.88811e-15,10,1023,0,1.05176e+08,0.528882,1.08665,0.389689,0.145397,0.379329,3.24381,0.161596,0.446195,1.77396,0.159177,1.15e+07,4.49998e+06,6.79999e+06,1.15e+07,4.49997e+06,6.79999e+06,1.15e+07,4.49996e+06,6.79999e+06,1.15e+07,4.49995e+06,6.79999e+06,1.14999e+07,4.49993e+06,6.79999e+06,1.14999e+07,4.49991e+06,6.79999e+06,1.14999e+07,4.49989e+06,6.79999e+06,1.14999e+07,4.49986e+06,6.79999e+06,1.14999e+07,4.49982e+06,6.79999e+06,1.14999e+07,4.49977e+06,6.79999e+06,1.14999e+07,4.49971e+06,6.79999e+06,1.14999e+07,4.49963e+06,6.79999e+06,1.14998e+07,4.49953e+06,6.79999e+06,1.14998e+07,4.49941e+06,6.79999e+06,1.14998e+07,4.49926e+06,6.79999e+06,1.14998e+07,4.49906e+06,6.79999e+06,1.14997e+07,4.49882e+06,6.79999e+06,1.14997e+07,4.49851e+06,6.79999e+06,1.14997e+07,4.49812e+06,6.79999e+06,1.14996e+07,4.49764e+06,6.79999e+06,1.14996e+07,4.49702e+06,6.79999e+06,1.14995e+07,4.49625e+06,6.79999e+06,1.14995e+07,4.49528e+06,6.79999e+06,1.14994e+07,4.49406e+06,6.79999e+06,1.14993e+07,4.49253e+06,6.79999e+06,1.14992e+07,4.49059e+06,6.79999e+06,1.14991e+07,4.48817e+06,6.79999e+06,1.1499e+07,4.48511e+06,6.79999e+06,1.14988e+07,4.48128e+06,6.79999e+06,1.14987e+07,4.47646e+06,6.79999e+06,1.14985e+07,4.47041e+06,6.79999e+06,1.14983e+07,4.46281e+06,6.79999e+06,1.14981e+07,4.4533e+06,6.79999e+06,1.14979e+07,4.44138e+06,6.79999e+06,1.14976e+07,4.42649e+06,6.79999e+06,1.14972e+07,4.40789e+06,6.79999e+06,1.14969e+07,4.38471e+06,6.79999e+06,1.14965e+07,4.35592e+06,6.79999e+06,1.1496e+07,4.32027e+06,6.79999e+06,1.14955e+07,4.27629e+06,6.79999e+06,1.14949e+07,4.22231e+06,6.79999e+06,1.14942e+07,4.15647e+06,6.79999e+06,1.14934e+07,4.07676e+06,6.79999e+06,1.14926e+07,3.98112e+06,6.79999e+06,1.14916e+07,3.86765e+06,6.79999e+06,1.14905e+07,3.73474e+06,6.79999e+06,1.14892e+07,3.58148e+06,6.79999e+06,1.14878e+07,3.40785e+06,6.79999e+06,1.14862e+07,3.21513e+06,6.79999e+06,1.14844e+07,3.00605e+06,6.79999e+06,1.14823e+07,2.7848e+06,6.79999e+06,1.148e+07,2.5568e+06,6.79999e+06,1.14773e+07,2.32825e+06,6.79999e+06,13.5742,8.52444,0.508366,16.8306,13.2585,0.162638,20.0035,17.569,0.0507846,23.2616,22.4214,0.0158319,26.7328,28.3297,0.00493498,30.5212,35.6974,0.00153831,34.7178,44.9473,0.000479527,39.4086,56.5822,0.000149456,44.6796,71.2245,4.66214e-05,50.6209,89.6543,1.45419e-05,57.3297,112.852,4.54748e-06,64.9129,142.051,1.43857e-06,73.4897,178.803,4.36618e-07,83.1934,225.062,1.40153e-07,94.1745,283.286,4.96378e-08,106.602,356.568,1.05434e-07,120.669,448.799,-6.49244e-08,136.59,564.873,1.70148e-07,154.611,710.948,-5.34594e-08,175.008,894.767,1.63407e-07,198.097,1126.06,8.04804e-08,224.231,1417.07,1.14667e-07,253.813,1783.15,-1.71227e-07,287.297,2243.62,-2.88466e-07,325.198,2822.67,-4.33651e-07,368.098,3550.67,7.9318e-08,416.657,4465.65,3.13319e-07,471.621,5615.16,3.4613e-07,533.835,7058.61,-1.19199e-07,604.255,8870.02,-2.79964e-07,683.962,11141.4,-2.30521e-07,774.182,13986.7,-2.55099e-07,876.299,17546.4,1.23585e-07,991.883,21993.1,1.41192e-07,1122.71,27536.7,-9.71886e-08,1270.78,34430.7,-3.68368e-07,1438.38,42977.7,-3.45379e-07,1628.07,53532.7,-3.25328e-09,1842.77,66504.6,2.6362e-07,2085.77,82350.2,2.53445e-07,2360.79,101560,-2.47407e-08,2672.05,124632,-3.80602e-07,3024.31,152018,-4.79005e-07,3422.98,184060,-1.14379e-07,3874.15,220884,2.64297e-07,4384.72,262283,3.44131e-07,4962.49,307576,7.5349e-08,5616.29,355497,-3.63097e-07,6356.1,404126,-6.05442e-07,7193.18,450932,-2.72333e-07,8140.28,492963,2.29675e-07,9211.79,527178,4.3387e-07,10424,550893,-1.0711e-07,10.102,8.06553,2.81012,10.6436,8.57909,0.869423,11.5336,10.2515,0.270869,12.7211,12.7138,0.0844293,14.1823,15.9373,0.0263173,15.9122,20.0383,0.0082035,17.9198,25.2154,0.00255722,20.2244,31.7373,0.000797017,22.8539,39.9486,0.000248622,25.8438,50.2851,7.75492e-05,29.237,63.2963,2.42508e-05,33.0837,79.6738,7.67162e-06,37.4415,100.288,2.32837e-06,42.3767,126.236,7.33e-07,47.9646,158.896,2.79256e-07,54.2906,200.003,9.87351e-09,61.452,251.741,1.61085e-07,69.5585,316.859,-2.47141e-07,78.7347,398.812,8.93552e-08,89.1218,501.948,-2.53231e-07,100.879,631.736,-1.25047e-07,114.188,795.049,-1.78808e-07,129.252,1000.53,2.6733e-07,146.304,1259.03,4.50292e-07,165.605,1584.19,6.76904e-07,187.452,1993.12,-1.23808e-07,212.181,2507.27,-4.89068e-07,240.173,3153.54,-5.40284e-07,271.856,3965.56,1.86061e-07,307.719,4985.38,4.37004e-07,348.313,6265.4,3.59828e-07,394.26,7870.83,3.98192e-07,446.268,9882.51,-1.92908e-07,505.135,12400.3,-2.20392e-07,571.766,15546.9,1.51705e-07,647.184,19472.2,5.74996e-07,732.547,24357.4,5.39112e-07,829.167,30420,5.07815e-09,938.526,37916.3,-4.11492e-07,1062.3,47143.9,-3.9561e-07,1202.4,58439.2,3.86185e-08,1360.96,72169.3,5.94093e-07,1540.42,88715.8,7.47693e-07,1743.53,108445,1.78537e-07,1973.41,131665,-4.12549e-07,2233.57,158557,-5.37164e-07,2528,189103,-1.17615e-07,2861.2,222986,5.66769e-07,3238.27,259510,9.45053e-07,3664.97,297540,4.25093e-07,4147.81,335497,-3.58506e-07,4694.17,371444,-6.7724e-07,5312.37,403256,1.67192e-07,1.61744,3.89446,9.84394,3.28846,7.5504,12.774,5.07607,11.7187,13.6844,7.03202,16.8147,13.9681,9.20215,23.1769,14.0566,11.6301,31.1672,14.0841,14.3598,41.2186,14.0927,17.4376,53.8688,14.0954,20.9137,69.7915,14.0962,24.8432,89.8341,14.0965,29.2879,115.063,14.0966,34.3168,146.819,14.0966,40.0078,186.792,14.0966,46.4487,237.107,14.0966,53.7388,300.44,14.0966,61.9903,380.158,14.0966,71.3301,480.499,14.0966,81.902,606.796,14.0966,93.8685,765.761,14.0966,107.414,965.837,14.0966,122.746,1217.65,14.0966,140.101,1534.57,14.0966,159.745,1933.41,14.0966,181.981,2435.3,14.0966,207.15,3066.85,14.0966,235.64,3861.46,14.0966,267.889,4861.11,14.0966,304.391,6118.54,14.0966,345.709,7699.91,14.0966,392.478,9688.22,14.0966,445.417,12187.5,14.0966,505.339,15327.7,14.0966,573.165,19271.6,14.0966,649.938,24222,14.0966,736.839,30430.9,14.0966,835.202,38211.5,14.0966,946.539,47950.3,14.0966,1072.56,60122.8,14.0966,1215.21,75309.9,14.0966,1376.66,94216.2,14.0966,1559.41,117688,14.0966,1766.26,146729,14.0966,2000.39,182510,14.0966,2265.39,226372,14.0966,2565.33,279806,14.0966,2904.81,344416,14.0966,3289.05,421845,14.0966,3723.93,513667,14.0966,4216.13,621231,14.0966,4773.18,745478,14.0966,5403.64,886744,14.0966,6117.15,1.04457e+06,14.0966,6924.63,1.2176e+06,14.0966,11.7194,11.96,12.6541,13.9321,16.1295,13.6434,16.6097,21.9702,13.9553,19.7532,29.5285,14.0526,23.3844,39.1143,14.0829,27.5423,51.2054,14.0923,32.2796,66.434,14.0953,37.662,85.6061,14.0962,43.7675,109.74,14.0965,50.687,140.119,14.0966,58.5249,178.359,14.0966,67.4005,226.493,14.0966,77.4493,287.08,14.0966,88.8254,363.343,14.0966,101.703,459.336,14.0966,116.281,580.161,14.0966,132.782,732.241,14.0966,151.46,923.655,14.0966,172.603,1164.57,14.0966,196.535,1467.79,14.0966,223.625,1849.39,14.0966,254.288,2329.62,14.0966,288.997,2933.93,14.0966,328.285,3694.33,14.0966,372.755,4651.04,14.0966,423.092,5854.57,14.0966,480.07,7368.38,14.0966,544.564,9272.08,14.0966,617.566,11665.5,14.0966,700.197,14673.6,14.0966,793.729,18452.9,14.0966,899.599,23198.6,14.0966,1019.43,29154.1,14.0966,1155.07,36622.3,14.0966,1308.6,45977.9,14.0966,1482.39,57683.7,14.0966,1679.09,72307.8,14.0966,1901.73,90542.8,14.0966,2153.73,113226,14.0966,2438.97,141360,14.0966,2761.81,176127,14.0966,3127.22,218898,14.0966,3540.81,271226,14.0966,4008.92,334817,14.0966,4538.74,411470,14.0966,5138.38,502973,14.0966,5817.04,610948,14.0966,6585.12,736653,14.0966,7454.39,880741,14.0966,8438.15,1.04302e+06,14.0966,9551.45,1.22224e+06,14.0966,10811.3,1.41602e+06,14.0966,12237,1.62086e+06,14.0966,11.7194,11.96,12.6541,2.21263,4.16949,0.989383,2.67766,5.84076,0.311842,3.14343,7.55825,0.0972771,3.63127,9.58578,0.0303237,4.15787,12.0912,0.00945211,4.73731,15.2286,0.00294633,5.38238,19.1721,0.000918508,6.10553,24.134,0.000286163,6.91951,30.3791,8.92692e-05,7.83792,38.2397,2.78121e-05,8.87555,48.1338,8.65134e-06,10.0489,60.5876,2.7882e-06,11.3761,76.2629,8.29036e-07,12.8779,95.9927,2.4373e-07,14.5775,120.825,4.33068e-09,16.5012,152.08,1.75749e-07,18.6784,191.415,-1.86328e-07,21.1428,240.917,1.91829e-07,23.9322,303.213,-1.81475e-07,27.0895,381.602,7.0186e-08,30.6634,480.231,-2.86769e-08,34.7087,604.316,2.40784e-07,39.2876,760.401,9.87368e-08,44.4705,956.705,1.22263e-07,50.3371,1203.54,-4.31966e-07,56.9776,1513.81,-1.9705e-07,64.494,1903.69,-2.763e-08,73.0018,2393.4,3.9185e-07,82.6317,3008.13,1.35379e-07,93.5318,3779.25,-4.16351e-08,105.869,4745.7,2.06965e-08,119.834,5955.6,-3.18887e-07,135.641,7468.12,-1.48271e-08,153.531,9355.62,2.00739e-07,173.781,11705.8,2.28358e-07,196.701,14624.1,-1.93587e-08,222.642,18235,-2.88101e-07,252.003,22683.4,-2.24732e-07,285.234,28134,8.56806e-09,322.845,34767,2.34258e-07,365.413,42770.9,2.99668e-07,413.588,52327.9,8.28644e-08,468.111,63591.2,-3.07049e-07,529.814,76653.2,-3.1888e-07,599.642,91502.5,-6.72276e-08,678.662,107975,2.26339e-07,768.083,125705,3.69212e-07,869.267,144088,2.04077e-07,983.76,162277,-2.80509e-07,1113.3,179223,-4.22737e-07,1259.87,193777,-1.71951e-07,1425.68,204839,4.55555e-07,11.7194,11.96,12.6541,2.21263,4.16949,0.989383,2.67766,5.84076,0.311842,3.14343,7.55825,0.0972771,3.63127,9.58578,0.0303237,4.15787,12.0912,0.00945211,4.73731,15.2286,0.00294633,5.38238,19.1721,0.000918508,6.10553,24.134,0.000286163,6.91951,30.3791,8.92692e-05,7.83792,38.2397,2.78121e-05,8.87555,48.1338,8.65134e-06,10.0489,60.5876,2.7882e-06,11.3761,76.2629,8.29036e-07,12.8779,95.9927,2.4373e-07,14.5775,120.825,1e-08,16.5012,152.08,1.75749e-07,18.6784,191.415,1e-08,21.1428,240.917,1.91829e-07,23.9322,303.213,1e-08,27.0895,381.602,7.0186e-08,30.6634,480.231,1e-08,34.7087,604.316,2.40784e-07,39.2876,760.401,9.87368e-08,44.4705,956.705,1.22263e-07,50.3371,1203.54,1e-08,56.9776,1513.81,1e-08,64.494,1903.69,1e-08,73.0018,2393.4,3.9185e-07,82.6317,3008.13,1.35379e-07,93.5318,3779.25,1e-08,105.869,4745.7,2.06965e-08,119.834,5955.6,1e-08,135.641,7468.12,1e-08,153.531,9355.62,2.00739e-07,173.781,11705.8,2.28358e-07,196.701,14624.1,1e-08,222.642,18235,1e-08,252.003,22683.4,1e-08,285.234,28134,1e-08,322.845,34767,2.34258e-07,365.413,42770.9,2.99668e-07,413.588,52327.9,8.28644e-08,468.111,63591.2,1e-08,529.814,76653.2,1e-08,599.642,91502.5,1e-08,678.662,107975,2.26339e-07,768.083,125705,3.69212e-07,869.267,144088,2.04077e-07,983.76,162277,1e-08,1113.3,179223,1e-08,1259.87,193777,1e-08,1425.68,204839,4.55555e-07,6.2823,3.27286,2.43537,0.219672,6.18826,2.24117,0.56371,6.87772,2.63624,0.308279,6,20,5,2,2,0,5,4,0,2,9,0,1,10,0,2,11,0,5,11,0,5,8,0,3,17,0,8,28,0,12,50,0,11,17,0,13,93,0,7,86,0,12,137,0,15,127,0,16,94,0,27,157,0,13,236,0,17,242,0,27,611,0,30,340,0,27,594,0,78,768,0,48,1583,0,32,1332,0,44,2245,0,41,1764,0,69,1383,0,42,2466,0,41,3271,0,123,7020,0,187,5524,0,50,9034,0,132,9270,0,116,8390,0,213,10070,0,332,14455,0,67,39982,0,210,13056,0,430,30161,0,292,52538,0,359,28982,0,271,67481,0,534,85673,0,508,120490,0,935,160674,0,719,112227,0,1648,233712,0,958,188761,0,863,163286,0,747,182208,0,1242,274482,0
-1.05176e+08,1,8.88811e-15,10,1023,0,1.05176e+08,0.528882,1.08665,0.389689,0.145397,0.379329,3.24381,0.161596,0.446195,1.77396,0.159177,1.15e+07,4.49998e+06,6.79999e+06,1.15e+07,4.49997e+06,6.79999e+06,1.15e+07,4.49996e+06,6.79999e+06,1.15e+07,4.49995e+06,6.79999e+06,1.14999e+07,4.49993e+06,6.79999e+06,1.14999e+07,4.49991e+06,6.79999e+06,1.14999e+07,4.49989e+06,6.79999e+06,1.14999e+07,4.49986e+06,6.79999e+06,1.14999e+07,4.49982e+06,6.79999e+06,1.14999e+07,4.49977e+06,6.79999e+06,1.14999e+07,4.49971e+06,6.79999e+06,1.14999e+07,4.49963e+06,6.79999e+06,1.14998e+07,4.49953e+06,6.79999e+06,1.14998e+07,4.49941e+06,6.79999e+06,1.14998e+07,4.49926e+06,6.79999e+06,1.14998e+07,4.49906e+06,6.79999e+06,1.14997e+07,4.49882e+06,6.79999e+06,1.14997e+07,4.49851e+06,6.79999e+06,1.14997e+07,4.49812e+06,6.79999e+06,1.14996e+07,4.49764e+06,6.79999e+06,1.14996e+07,4.49702e+06,6.79999e+06,1.14995e+07,4.49625e+06,6.79999e+06,1.14995e+07,4.49528e+06,6.79999e+06,1.14994e+07,4.49406e+06,6.79999e+06,1.14993e+07,4.49253e+06,6.79999e+06,1.14992e+07,4.49059e+06,6.79999e+06,1.14991e+07,4.48817e+06,6.79999e+06,1.1499e+07,4.48511e+06,6.79999e+06,1.14988e+07,4.48128e+06,6.79999e+06,1.14987e+07,4.47646e+06,6.79999e+06,1.14985e+07,4.47041e+06,6.79999e+06,1.14983e+07,4.46281e+06,6.79999e+06,1.14981e+07,4.4533e+06,6.79999e+06,1.14979e+07,4.44138e+06,6.79999e+06,1.14976e+07,4.42649e+06,6.79999e+06,1.14972e+07,4.40789e+06,6.79999e+06,1.14969e+07,4.38471e+06,6.79999e+06,1.14965e+07,4.35592e+06,6.79999e+06,1.1496e+07,4.32027e+06,6.79999e+06,1.14955e+07,4.27629e+06,6.79999e+06,1.14949e+07,4.22231e+06,6.79999e+06,1.14942e+07,4.15647e+06,6.79999e+06,1.14934e+07,4.07676e+06,6.79999e+06,1.14926e+07,3.98112e+06,6.79999e+06,1.14916e+07,3.86765e+06,6.79999e+06,1.14905e+07,3.73474e+06,6.79999e+06,1.14892e+07,3.58148e+06,6.79999e+06,1.14878e+07,3.40785e+06,6.79999e+06,1.14862e+07,3.21513e+06,6.79999e+06,1.14844e+07,3.00605e+06,6.79999e+06,1.14823e+07,2.7848e+06,6.79999e+06,1.148e+07,2.5568e+06,6.79999e+06,1.14773e+07,2.32825e+06,6.79999e+06,13.5742,8.52444,0.508366,16.8306,13.2585,0.162638,20.0035,17.569,0.0507846,23.2616,22.4214,0.0158319,26.7328,28.3297,0.00493498,30.5212,35.6974,0.00153831,34.7178,44.9473,0.000479527,39.4086,56.5822,0.000149456,44.6796,71.2245,4.66214e-05,50.6209,89.6543,1.45419e-05,57.3297,112.852,4.54748e-06,64.9129,142.051,1.43857e-06,73.4897,178.803,4.36618e-07,83.1934,225.062,1.40153e-07,94.1745,283.286,4.96378e-08,106.602,356.568,1.05434e-07,120.669,448.799,-6.49244e-08,136.59,564.873,1.70148e-07,154.611,710.948,-5.34594e-08,175.008,894.767,1.63407e-07,198.097,1126.06,8.04804e-08,224.231,1417.07,1.14667e-07,253.813,1783.15,-1.71227e-07,287.297,2243.62,-2.88466e-07,325.198,2822.67,-4.33651e-07,368.098,3550.67,7.9318e-08,416.657,4465.65,3.13319e-07,471.621,5615.16,3.4613e-07,533.835,7058.61,-1.19199e-07,604.255,8870.02,-2.79964e-07,683.962,11141.4,-2.30521e-07,774.182,13986.7,-2.55099e-07,876.299,17546.4,1.23585e-07,991.883,21993.1,1.41192e-07,1122.71,27536.7,-9.71886e-08,1270.78,34430.7,-3.68368e-07,1438.38,42977.7,-3.45379e-07,1628.07,53532.7,-3.25328e-09,1842.77,66504.6,2.6362e-07,2085.77,82350.2,2.53445e-07,2360.79,101560,-2.47407e-08,2672.05,124632,-3.80602e-07,3024.31,152018,-4.79005e-07,3422.98,184060,-1.14379e-07,3874.15,220884,2.64297e-07,4384.72,262283,3.44131e-07,4962.49,307576,7.5349e-08,5616.29,355497,-3.63097e-07,6356.1,404126,-6.05442e-07,7193.18,450932,-2.72333e-07,8140.28,492963,2.29675e-07,9211.79,527178,4.3387e-07,10424,550893,-1.0711e-07,10.102,8.06553,2.81012,10.6436,8.57909,0.869423,11.5336,10.2515,0.270869,12.7211,12.7138,0.0844293,14.1823,15.9373,0.0263173,15.9122,20.0383,0.0082035,17.9198,25.2154,0.00255722,20.2244,31.7373,0.000797017,22.8539,39.9486,0.000248622,25.8438,50.2851,7.75492e-05,29.237,63.2963,2.42508e-05,33.0837,79.6738,7.67162e-06,37.4415,100.288,2.32837e-06,42.3767,126.236,7.33e-07,47.9646,158.896,2.79256e-07,54.2906,200.003,9.87351e-09,61.452,251.741,1.61085e-07,69.5585,316.859,-2.47141e-07,78.7347,398.812,8.93552e-08,89.1218,501.948,-2.53231e-07,100.879,631.736,-1.25047e-07,114.188,795.049,-1.78808e-07,129.252,1000.53,2.6733e-07,146.304,1259.03,4.50292e-07,165.605,1584.19,6.76904e-07,187.452,1993.12,-1.23808e-07,212.181,2507.27,-4.89068e-07,240.173,3153.54,-5.40284e-07,271.856,3965.56,1.86061e-07,307.719,4985.38,4.37004e-07,348.313,6265.4,3.59828e-07,394.26,7870.83,3.98192e-07,446.268,9882.51,-1.92908e-07,505.135,12400.3,-2.20392e-07,571.766,15546.9,1.51705e-07,647.184,19472.2,5.74996e-07,732.547,24357.4,5.39112e-07,829.167,30420,5.07815e-09,938.526,37916.3,-4.11492e-07,1062.3,47143.9,-3.9561e-07,1202.4,58439.2,3.86185e-08,1360.96,72169.3,5.94093e-07,1540.42,88715.8,7.47693e-07,1743.53,108445,1.78537e-07,1973.41,131665,-4.12549e-07,2233.57,158557,-5.37164e-07,2528,189103,-1.17615e-07,2861.2,222986,5.66769e-07,3238.27,259510,9.45053e-07,3664.97,297540,4.25093e-07,4147.81,335497,-3.58506e-07,4694.17,371444,-6.7724e-07,5312.37,403256,1.67192e-07,1.61744,3.89446,9.84394,3.28846,7.5504,12.774,5.07607,11.7187,13.6844,7.03202,16.8147,13.9681,9.20215,23.1769,14.0566,11.6301,31.1672,14.0841,14.3598,41.2186,14.0927,17.4376,53.8688,14.0954,20.9137,69.7915,14.0962,24.8432,89.8341,14.0965,29.2879,115.063,14.0966,34.3168,146.819,14.0966,40.0078,186.792,14.0966,46.4487,237.107,14.0966,53.7388,300.44,14.0966,61.9903,380.158,14.0966,71.3301,480.499,14.0966,81.902,606.796,14.0966,93.8685,765.761,14.0966,107.414,965.837,14.0966,122.746,1217.65,14.0966,140.101,1534.57,14.0966,159.745,1933.41,14.0966,181.981,2435.3,14.0966,207.15,3066.85,14.0966,235.64,3861.46,14.0966,267.889,4861.11,14.0966,304.391,6118.54,14.0966,345.709,7699.91,14.0966,392.478,9688.22,14.0966,445.417,12187.5,14.0966,505.339,15327.7,14.0966,573.165,19271.6,14.0966,649.938,24222,14.0966,736.839,30430.9,14.0966,835.202,38211.5,14.0966,946.539,47950.3,14.0966,1072.56,60122.8,14.0966,1215.21,75309.9,14.0966,1376.66,94216.2,14.0966,1559.41,117688,14.0966,1766.26,146729,14.0966,2000.39,182510,14.0966,2265.39,226372,14.0966,2565.33,279806,14.0966,2904.81,344416,14.0966,3289.05,421845,14.0966,3723.93,513667,14.0966,4216.13,621231,14.0966,4773.18,745478,14.0966,5403.64,886744,14.0966,6117.15,1.04457e+06,14.0966,6924.63,1.2176e+06,14.0966,11.7194,11.96,12.6541,13.9321,16.1295,13.6434,16.6097,21.9702,13.9553,19.7532,29.5285,14.0526,23.3844,39.1143,14.0829,27.5423,51.2054,14.0923,32.2796,66.434,14.0953,37.662,85.6061,14.0962,43.7675,109.74,14.0965,50.687,140.119,14.0966,58.5249,178.359,14.0966,67.4005,226.493,14.0966,77.4493,287.08,14.0966,88.8254,363.343,14.0966,101.703,459.336,14.0966,116.281,580.161,14.0966,132.782,732.241,14.0966,151.46,923.655,14.0966,172.603,1164.57,14.0966,196.535,1467.79,14.0966,223.625,1849.39,14.0966,254.288,2329.62,14.0966,288.997,2933.93,14.0966,328.285,3694.33,14.0966,372.755,4651.04,14.0966,423.092,5854.57,14.0966,480.07,7368.38,14.0966,544.564,9272.08,14.0966,617.566,11665.5,14.0966,700.197,14673.6,14.0966,793.729,18452.9,14.0966,899.599,23198.6,14.0966,1019.43,29154.1,14.0966,1155.07,36622.3,14.0966,1308.6,45977.9,14.0966,1482.39,57683.7,14.0966,1679.09,72307.8,14.0966,1901.73,90542.8,14.0966,2153.73,113226,14.0966,2438.97,141360,14.0966,2761.81,176127,14.0966,3127.22,218898,14.0966,3540.81,271226,14.0966,4008.92,334817,14.0966,4538.74,411470,14.0966,5138.38,502973,14.0966,5817.04,610948,14.0966,6585.12,736653,14.0966,7454.39,880741,14.0966,8438.15,1.04302e+06,14.0966,9551.45,1.22224e+06,14.0966,10811.3,1.41602e+06,14.0966,12237,1.62086e+06,14.0966,11.7194,11.96,12.6541,2.21263,4.16949,0.989383,2.67766,5.84076,0.311842,3.14343,7.55825,0.0972771,3.63127,9.58578,0.0303237,4.15787,12.0912,0.00945211,4.73731,15.2286,0.00294633,5.38238,19.1721,0.000918508,6.10553,24.134,0.000286163,6.91951,30.3791,8.92692e-05,7.83792,38.2397,2.78121e-05,8.87555,48.1338,8.65134e-06,10.0489,60.5876,2.7882e-06,11.3761,76.2629,8.29036e-07,12.8779,95.9927,2.4373e-07,14.5775,120.825,4.33068e-09,16.5012,152.08,1.75749e-07,18.6784,191.415,-1.86328e-07,21.1428,240.917,1.91829e-07,23.9322,303.213,-1.81475e-07,27.0895,381.602,7.0186e-08,30.6634,480.231,-2.86769e-08,34.7087,604.316,2.40784e-07,39.2876,760.401,9.87368e-08,44.4705,956.705,1.22263e-07,50.3371,1203.54,-4.31966e-07,56.9776,1513.81,-1.9705e-07,64.494,1903.69,-2.763e-08,73.0018,2393.4,3.9185e-07,82.6317,3008.13,1.35379e-07,93.5318,3779.25,-4.16351e-08,105.869,4745.7,2.06965e-08,119.834,5955.6,-3.18887e-07,135.641,7468.12,-1.48271e-08,153.531,9355.62,2.00739e-07,173.781,11705.8,2.28358e-07,196.701,14624.1,-1.93587e-08,222.642,18235,-2.88101e-07,252.003,22683.4,-2.24732e-07,285.234,28134,8.56806e-09,322.845,34767,2.34258e-07,365.413,42770.9,2.99668e-07,413.588,52327.9,8.28644e-08,468.111,63591.2,-3.07049e-07,529.814,76653.2,-3.1888e-07,599.642,91502.5,-6.72276e-08,678.662,107975,2.26339e-07,768.083,125705,3.69212e-07,869.267,144088,2.04077e-07,983.76,162277,-2.80509e-07,1113.3,179223,-4.22737e-07,1259.87,193777,-1.71951e-07,1425.68,204839,4.55555e-07,11.7194,11.96,12.6541,2.21263,4.16949,0.989383,2.67766,5.84076,0.311842,3.14343,7.55825,0.0972771,3.63127,9.58578,0.0303237,4.15787,12.0912,0.00945211,4.73731,15.2286,0.00294633,5.38238,19.1721,0.000918508,6.10553,24.134,0.000286163,6.91951,30.3791,8.92692e-05,7.83792,38.2397,2.78121e-05,8.87555,48.1338,8.65134e-06,10.0489,60.5876,2.7882e-06,11.3761,76.2629,8.29036e-07,12.8779,95.9927,2.4373e-07,14.5775,120.825,1e-08,16.5012,152.08,1.75749e-07,18.6784,191.415,1e-08,21.1428,240.917,1.91829e-07,23.9322,303.213,1e-08,27.0895,381.602,7.0186e-08,30.6634,480.231,1e-08,34.7087,604.316,2.40784e-07,39.2876,760.401,9.87368e-08,44.4705,956.705,1.22263e-07,50.3371,1203.54,1e-08,56.9776,1513.81,1e-08,64.494,1903.69,1e-08,73.0018,2393.4,3.9185e-07,82.6317,3008.13,1.35379e-07,93.5318,3779.25,1e-08,105.869,4745.7,2.06965e-08,119.834,5955.6,1e-08,135.641,7468.12,1e-08,153.531,9355.62,2.00739e-07,173.781,11705.8,2.28358e-07,196.701,14624.1,1e-08,222.642,18235,1e-08,252.003,22683.4,1e-08,285.234,28134,1e-08,322.845,34767,2.34258e-07,365.413,42770.9,2.99668e-07,413.588,52327.9,8.28644e-08,468.111,63591.2,1e-08,529.814,76653.2,1e-08,599.642,91502.5,1e-08,678.662,107975,2.26339e-07,768.083,125705,3.69212e-07,869.267,144088,2.04077e-07,983.76,162277,1e-08,1113.3,179223,1e-08,1259.87,193777,1e-08,1425.68,204839,4.55555e-07,6.2823,3.27286,2.43537,0.219672,6.18826,2.24117,0.56371,6.87772,2.63624,0.308279,10,12,17,2,4,3,1,8,1,2,6,0,1,11,0,6,5,0,7,14,0,14,19,0,9,34,0,8,30,0,11,43,0,4,67,0,15,44,0,5,65,0,6,117,0,17,77,0,17,126,0,13,139,0,16,353,0,11,91,0,37,657,0,14,472,0,55,552,0,64,448,0,37,1593,0,50,1941,0,39,1636,0,83,1876,0,110,4356,0,86,4289,0,79,4941,0,121,2413,0,58,7936,0,120,4373,0,267,9138,0,211,15672,0,115,14097,0,131,37018,0,151,17565,0,324,21001,0,277,48688,0,583,77170,0,469,28361,0,826,28613,0,504,25685,0,388,75548,0,615,122423,0,475,122293,0,1086,123734,0,1068,179203,0,1151,226809,0,1006,161597,0,1150,277116,0
-1.05176e+08,1,8.88811e-15,10,1023,0,1.05176e+08,0.528882,1.08665,0.389689,0.145397,0.379329,3.24381,0.161596,0.446195,1.77396,0.159177,1.15e+07,4.49998e+06,6.79999e+06,1.15e+07,4.49997e+06,6.79999e+06,1.15e+07,4.49996e+06,6.79999e+06,1.15e+07,4.49995e+06,6.79999e+06,1.14999e+07,4.49993e+06,6.79999e+06,1.14999e+07,4.49991e+06,6.79999e+06,1.14999e+07,4.49989e+06,6.79999e+06,1.14999e+07,4.49986e+06,6.79999e+06,1.14999e+07,4.49982e+06,6.79999e+06,1.14999e+07,4.49977e+06,6.79999e+06,1.14999e+07,4.49971e+06,6.79999e+06,1.14999e+07,4.49963e+06,6.79999e+06,1.14998e+07,4.49953e+06,6.79999e+06,1.14998e+07,4.49941e+06,6.79999e+06,1.14998e+07,4.49926e+06,6.79999e+06,1.14998e+07,4.49906e+06,6.79999e+06,1.14997e+07,4.49882e+06,6.79999e+06,1.14997e+07,4.49851e+06,6.79999e+06,1.14997e+07,4.49812e+06,6.79999e+06,1.14996e+07,4.49764e+06,6.79999e+06,1.14996e+07,4.49702e+06,6.79999e+06,1.14995e+07,4.49625e+06,6.79999e+06,1.14995e+07,4.49528e+06,6.79999e+06,1.14994e+07,4.49406e+06,6.79999e+06,1.14993e+07,4.49253e+06,6.79999e+06,1.14992e+07,4.49059e+06,6.79999e+06,1.14991e+07,4.48817e+06,6.79999e+06,1.1499e+07,4.48511e+06,6.79999e+06,1.14988e+07,4.48128e+06,6.79999e+06,1.14987e+07,4.47646e+06,6.79999e+06,1.14985e+07,4.47041e+06,6.79999e+06,1.14983e+07,4.46281e+06,6.79999e+06,1.14981e+07,4.4533e+06,6.79999e+06,1.14979e+07,4.44138e+06,6.79999e+06,1.14976e+07,4.42649e+06,6.79999e+06,1.14972e+07,4.40789e+06,6.79999e+06,1.14969e+07,4.38471e+06,6.79999e+06,1.14965e+07,4.35592e+06,6.79999e+06,1.1496e+07,4.32027e+06,6.79999e+06,1.14955e+07,4.27629e+06,6.79999e+06,1.14949e+07,4.22231e+06,6.79999e+06,1.14942e+07,4.15647e+06,6.79999e+06,1.14934e+07,4.07676e+06,6.79999e+06,1.14926e+07,3.98112e+06,6.79999e+06,1.14916e+07,3.86765e+06,6.79999e+06,1.14905e+07,3.73474e+06,6.79999e+06,1.14892e+07,3.58148e+06,6.79999e+06,1.14878e+07,3.40785e+06,6.79999e+06,1.14862e+07,3.21513e+06,6.79999e+06,1.14844e+07,3.00605e+06,6.79999e+06,1.14823e+07,2.7848e+06,6.79999e+06,1.148e+07,2.5568e+06,6.79999e+06,1.14773e+07,2.32825e+06,6.79999e+06,13.5742,8.52444,0.508366,16.8306,13.2585,0.162638,20.0035,17.569,0.0507846,23.2616,22.4214,0.0158319,26.7328,28.3297,0.00493498,30.5212,35.6974,0.00153831,34.7178,44.9473,0.000479527,39.4086,56.5822,0.000149456,44.6796,71.2245,4.66214e-05,50.6209,89.6543,1.45419e-05,57.3297,112.852,4.54748e-06,64.9129,142.051,1.43857e-06,73.4897,178.803,4.36618e-07,83.1934,225.062,1.40153e-07,94.1745,283.286,4.96378e-08,106.602,356.568,1.05434e-07,120.669,448.799,-6.49244e-08,136.59,564.873,1.70148e-07,154.611,710.948,-5.34594e-08,175.008,894.767,1.63407e-07,198.097,1126.06,8.04804e-08,224.231,1417.07,1.14667e-07,253.813,1783.15,-1.71227e-07,287.297,2243.62,-2.88466e-07,325.198,2822.67,-4.33651e-07,368.098,3550.67,7.9318e-08,416.657,4465.65,3.13319e-07,471.621,5615.16,3.4613e-07,533.835,7058.61,-1.19199e-07,604.255,8870.02,-2.79964e-07,683.962,11141.4,-2.30521e-07,774.182,13986.7,-2.55099e-07,876.299,17546.4,1.23585e-07,991.883,21993.1,1.41192e-07,1122.71,27536.7,-9.71886e-08,1270.78,34430.7,-3.68368e-07,1438.38,42977.7,-3.45379e-07,1628.07,53532.7,-3.25328e-09,1842.77,66504.6,2.6362e-07,2085.77,82350.2,2.53445e-07,2360.79,101560,-2.47407e-08,2672.05,124632,-3.80602e-07,3024.31,152018,-4.79005e-07,3422.98,184060,-1.14379e-07,3874.15,220884,2.64297e-07,4384.72,262283,3.44131e-07,4962.49,307576,7.5349e-08,5616.29,355497,-3.63097e-07,6356.1,404126,-6.05442e-07,7193.18,450932,-2.72333e-07,8140.28,492963,2.29675e-07,9211.79,527178,4.3387e-07,10424,550893,-1.0711e-07,10.102,8.06553,2.81012,10.6436,8.57909,0.869423,11.5336,10.2515,0.270869,12.7211,12.7138,0.0844293,14.1823,15.9373,0.0263173,15.9122,20.0383,0.0082035,17.9198,25.2154,0.00255722,20.2244,31.7373,0.000797017,22.8539,39.9486,0.000248622,25.8438,50.2851,7.75492e-05,29.237,63.2963,2.42508e-05,33.0837,79.6738,7.67162e-06,37.4415,100.288,2.32837e-06,42.3767,126.236,7.33e-07,47.9646,158.896,2.79256e-07,54.2906,200.003,9.87351e-09,61.452,251.741,1.61085e-07,69.5585,316.859,-2.47141e-07,78.7347,398.812,8.93552e-08,89.1218,501.948,-2.53231e-07,100.879,631.736,-1.25047e-07,114.188,795.049,-1.78808e-07,129.252,1000.53,2.6733e-07,146.304,1259.03,4.50292e-07,165.605,1584.19,6.76904e-07,187.452,1993.12,-1.23808e-07,212.181,2507.27,-4.89068e-07,240.173,3153.54,-5.40284e-07,271.856,3965.56,1.86061e-07,307.719,4985.38,4.37004e-07,348.313,6265.4,3.59828e-07,394.26,7870.83,3.98192e-07,446.268,9882.51,-1.92908e-07,505.135,12400.3,-2.20392e-07,571.766,15546.9,1.51705e-07,647.184,19472.2,5.74996e-07,732.547,24357.4,5.39112e-07,829.167,30420,5.07815e-09,938.526,37916.3,-4.11492e-07,1062.3,47143.9,-3.9561e-07,1202.4,58439.2,3.86185e-08,1360.96,72169.3,5.94093e-07,1540.42,88715.8,7.47693e-07,1743.53,108445,1.78537e-07,1973.41,131665,-4.12549e-07,2233.57,158557,-5.37164e-07,2528,189103,-1.17615e-07,2861.2,222986,5.66769e-07,3238.27,259510,9.45053e-07,3664.97,297540,4.25093e-07,4147.81,335497,-3.58506e-07,4694.17,371444,-6.7724e-07,5312.37,403256,1.67192e-07,1.61744,3.89446,9.84394,3.28846,7.5504,12.774,5.07607,11.7187,13.6844,7.03202,16.8147,13.9681,9.20215,23.1769,14.0566,11.6301,31.1672,14.0841,14.3598,41.2186,14.0927,17.4376,53.8688,14.0954,20.9137,69.7915,14.0962,24.8432,89.8341,14.0965,29.2879,115.063,14.0966,34.3168,146.819,14.0966,40.0078,186.792,14.0966,46.4487,237.107,14.0966,53.7388,300.44,14.0966,61.9903,380.158,14.0966,71.3301,480.499,14.0966,81.902,606.796,14.0966,93.8685,765.761,14.0966,107.414,965.837,14.0966,122.746,1217.65,14.0966,140.101,1534.57,14.0966,159.745,1933.41,14.0966,181.981,2435.3,14.0966,207.15,3066.85,14.0966,235.64,3861.46,14.0966,267.889,4861.11,14.0966,304.391,6118.54,14.0966,345.709,7699.91,14.0966,392.478,9688.22,14.0966,445.417,12187.5,14.0966,505.339,15327.7,14.0966,573.165,19271.6,14.0966,649.938,24222,14.0966,736.839,30430.9,14.0966,835.202,38211.5,14.0966,946.539,47950.3,14.0966,1072.56,60122.8,14.0966,1215.21,75309.9,14.0966,1376.66,94216.2,14.0966,1559.41,117688,14.0966,1766.26,146729,14.0966,2000.39,182510,14.0966,2265.39,226372,14.0966,2565.33,279806,14.0966,2904.81,344416,14.0966,3289.05,421845,14.0966,3723.93,513667,14.0966,4216.13,621231,14.0966,4773.18,745478,14.0966,5403.64,886744,14.0966,6117.15,1.04457e+06,14.0966,6924.63,1.2176e+06,14.0966,11.7194,11.96,12.6541,13.9321,16.1295,13.6434,16.6097,21.9702,13.9553,19.7532,29.5285,14.0526,23.3844,39.1143,14.0829,27.5423,51.2054,14.0923,32.2796,66.434,14.0953,37.662,85.6061,14.0962,43.7675,109.74,14.0965,50.687,140.119,14.0966,58.5249,178.359,14.0966,67.4005,226.493,14.0966,77.4493,287.08,14.0966,88.8254,363.343,14.0966,101.703,459.336,14.0966,116.281,580.161,14.0966,132.782,732.241,14.0966,151.46,923.655,14.0966,172.603,1164.57,14.0966,196.535,1467.79,14.0966,223.625,1849.39,14.0966,254.288,2329.62,14.0966,288.997,2933.93,14.0966,328.285,3694.33,14.0966,372.755,4651.04,14.0966,423.092,5854.57,14.0966,480.07,7368.38,14.0966,544.564,9272.08,14.0966,617.566,11665.5,14.0966,700.197,14673.6,14.0966,793.729,18452.9,14.0966,899.599,23198.6,14.0966,1019.43,29154.1,14.0966,1155.07,36622.3,14.0966,1308.6,45977.9,14.0966,1482.39,57683.7,14.0966,1679.09,72307.8,14.0966,1901.73,90542.8,14.0966,2153.73,113226,14.0966,2438.97,141360,14.0966,2761.81,176127,14.0966,3127.22,218898,14.0966,3540.81,271226,14.0966,4008.92,334817,14.0966,4538.74,411470,14.0966,5138.38,502973,14.0966,5817.04,610948,14.0966,6585.12,736653,14.0966,7454.39,880741,14.0966,8438.15,1.04302e+06,14.0966,9551.45,1.22224e+06,14.0966,10811.3,1.41602e+06,14.0966,12237,1.62086e+06,14.0966,11.7194,11.96,12.6541,2.21263,4.16949,0.989383,2.67766,5.84076,0.311842,3.14343,7.55825,0.0972771,3.63127,9.58578,0.0303237,4.15787,12.0912,0.00945211,4.73731,15.2286,0.00294633,5.38238,19.1721,0.000918508,6.10553,24.134,0.000286163,6.91951,30.3791,8.92692e-05,7.83792,38.2397,2.78121e-05,8.87555,48.1338,8.65134e-06,10.0489,60.5876,2.7882e-06,11.3761,76.2629,8.29036e-07,12.8779,95.9927,2.4373e-07,14.5775,120.825,4.33068e-09,16.5012,152.08,1.75749e-07,18.6784,191.415,-1.86328e-07,21.1428,240.917,1.91829e-07,23.9322,303.213,-1.81475e-07,27.0895,381.602,7.0186e-08,30.6634,480.231,-2.86769e-08,34.7087,604.316,2.40784e-07,39.2876,760.401,9.87368e-08,44.4705,956.705,1.22263e-07,50.3371,1203.54,-4.31966e-07,56.9776,1513.81,-1.9705e-07,64.494,1903.69,-2.763e-08,73.0018,2393.4,3.9185e-07,82.6317,3008.13,1.35379e-07,93.5318,3779.25,-4.16351e-08,105.869,4745.7,2.06965e-08,119.834,5955.6,-3.18887e-07,135.641,7468.12,-1.48271e-08,153.531,9355.62,2.00739e-07,173.781,11705.8,2.28358e-07,196.701,14624.1,-1.93587e-08,222.642,18235,-2.88101e-07,252.003,22683.4,-2.24732e-07,285.234,28134,8.56806e-09,322.845,34767,2.34258e-07,365.413,42770.9,2.99668e-07,413.588,52327.9,8.28644e-08,468.111,63591.2,-3.07049e-07,529.814,76653.2,-3.1888e-07,599.642,91502.5,-6.72276e-08,678.662,107975,2.26339e-07,768.083,125705,3.69212e-07,869.267,144088,2.04077e-07,983.76,162277,-2.80509e-07,1113.3,179223,-4.22737e-07,1259.87,193777,-1.71951e-07,1425.68,204839,4.55555e-07,11.7194,11.96,12.6541,2.21263,4.16949,0.989383,2.67766,5.84076,0.311842,3.14343,7.55825,0.0972771,3.63127,9.58578,0.0303237,4.15787,12.0912,0.00945211,4.73731,15.2286,0.00294633,5.38238,19.1721,0.000918508,6.10553,24.134,0.000286163,6.91951,30.3791,8.92692e-05,7.83792,38.2397,2.78121e-05,8.87555,48.1338,8.65134e-06,10.0489,60.5876,2.7882e-06,11.3761,76.2629,8.29036e-07,12.8779,95.9927,2.4373e-07,14.5775,120.825,1e-08,16.5012,152.08,1.75749e-07,18.6784,191.415,1e-08,21.1428,240.917,1.91829e-07,23.9322,303.213,1e-08,27.0895,381.602,7.0186e-08,30.6634,480.231,1e-08,34.7087,604.316,2.40784e-07,39.2876,760.401,9.87368e-08,44.4705,956.705,1.22263e-07,50.3371,1203.54,1e-08,56.9776,1513.81,1e-08,64.494,1903.69,1e-08,73.0018,2393.4,3.9185e-07,82.6317,3008.13,1.35379e-07,93.5318,3779.25,1e-08,105.869,4745.7,2.06965e-08,119.834,5955.6,1e-08,135.641,7468.12,1e-08,153.531,9355.62,2.00739e-07,173.781,11705.8,2.28358e-07,196.701,14624.1,1e-08,222.642,18235,1e-08,252.003,22683.4,1e-08,285.234,28134,1e-08,322.845,34767,2.34258e-07,365.413,42770.9,2.99668e-07,413.588,52327.9,8.28644e-08,468.111,63591.2,1e-08,529.814,76653.2,1e-08,599.642,91502.5,1e-08,678.662,107975,2.26339e-07,768.083,125705,3.69212e-07,869.267,144088,2.04077e-07,983.76,162277,1e-08,1113.3,179223,1e-08,1259.87,193777,1e-08,1425.68,204839,4.55555e-07,6.2823,3.27286,2.43537,0.219672,6.18826,2.24117,0.56371,6.87772,2.63624,0.308279,4,11,1,3,5,1,0,4,0,4,3,1,0,4,0,5,10,0,9,9,0,3,21,0,11,45,0,4,30,0,5,42,0,6,74,0,9,103,0,11,43,0,11,66,0,17,150,0,11,143,0,29,218,0,27,273,0,17,403,0,40,180,0,29,527,0,27,478,0,65,841,0,26,884,0,23,1219,0,114,1284,0,39,1610,0,75,2299,0,43,3897,0,49,1277,0,87,8178,0,226,5298,0,254,10918,0,58,6500,0,181,24305,0,186,14844,0,322,15672,0,208,21811,0,278,29935,0,224,48720,0,278,43363,0,259,68955,0,609,72314,0,246,58715,0,863,53184,0,231,94363,0,690,294667,0,530,142854,0,949,144182,0,1130,157848,0,1223,158537,0,1510,259179,0
-1.05176e+08,1,8.88811e-15,10,1023,0,1.05176e+08,0.528882,1.08665,0.389689,0.145397,0.379329,3.24381,0.161596,0.446195,1.77396,0.159177,1.15e+07,4.49998e+06,6.79999e+06,1.15e+07,4.49997e+06,6.79999e+06,1.15e+07,4.49996e+06,6.79999e+06,1.15e+07,4.49995e+06,6.79999e+06,1.14999e+07,4.49993e+06,6.79999e+06,1.14999e+07,4.49991e+06,6.79999e+06,1.14999e+07,4.49989e+06,6.79999e+06,1.14999e+07,4.49986e+06,6.79999e+06,1.14999e+07,4.49982e+06,6.79999e+06,1.14999e+07,4.49977e+06,6.79999e+06,1.14999e+07,4.49971e+06,6.79999e+06,1.14999e+07,4.49963e+06,6.79999e+06,1.14998e+07,4.49953e+06,6.79999e+06,1.14998e+07,4.49941e+06,6.79999e+06,1.14998e+07,4.49926e+06,6.79999e+06,1.14998e+07,4.49906e+06,6.79999e+06,1.14997e+07,4.49882e+06,6.79999e+06,1.14997e+07,4.49851e+06,6.79999e+06,1.14997e+07,4.49812e+06,6.79999e+06,1.14996e+07,4.49764e+06,6.79999e+06,1.14996e+07,4.49702e+06,6.79999e+06,1.14995e+07,4.49625e+06,6.79999e+06,1.14995e+07,4.49528e+06,6.79999e+06,1.14994e+07,4.49406e+06,6.79999e+06,1.14993e+07,4.49253e+06,6.79999e+06,1.14992e+07,4.49059e+06,6.79999e+06,1.14991e+07,4.48817e+06,6.79999e+06,1.1499e+07,4.48511e+06,6.79999e+06,1.14988e+07,4.48128e+06,6.79999e+06,1.14987e+07,4.47646e+06,6.79999e+06,1.14985e+07,4.47041e+06,6.79999e+06,1.14983e+07,4.46281e+06,6.79999e+06,1.14981e+07,4.4533e+06,6.79999e+06,1.14979e+07,4.44138e+06,6.79999e+06,1.14976e+07,4.42649e+06,6.79999e+06,1.14972e+07,4.40789e+06,6.79999e+06,1.14969e+07,4.38471e+06,6.79999e+06,1.14965e+07,4.35592e+06,6.79999e+06,1.1496e+07,4.32027e+06,6.79999e+06,1.14955e+07,4.27629e+06,6.79999e+06,1.14949e+07,4.22231e+06,6.79999e+06,1.14942e+07,4.15647e+06,6.79999e+06,1.14934e+07,4.07676e+06,6.79999e+06,1.14926e+07,3.98112e+06,6.79999e+06,1.14916e+07,3.86765e+06,6.79999e+06,1.14905e+07,3.73474e+06,6.79999e+06,1.14892e+07,3.58148e+06,6.79999e+06,1.14878e+07,3.40785e+06,6.79999e+06,1.14862e+07,3.21513e+06,6.79999e+06,1.14844e+07,3.00605e+06,6.79999e+06,1.14823e+07,2.7848e+06,6.79999e+06,1.148e+07,2.5568e+06,6.79999e+06,1.14773e+07,2.32825e+06,6.79999e+06,13.5742,8.52444,0.508366,16.8306,13.2585,0.162638,20.0035,17.569,0.0507846,23.2616,22.4214,0.0158319,26.7328,28.3297,0.00493498,30.5212,35.6974,0.00153831,34.7178,44.9473,0.000479527,39.4086,56.5822,0.000149456,44.6796,71.2245,4.66214e-05,50.6209,89.6543,1.45419e-05,57.3297,112.852,4.54748e-06,64.9129,142.051,1.43857e-06,73.4897,178.803,4.36618e-07,83.1934,225.062,1.40153e-07,94.1745,283.286,4.96378e-08,106.602,356.568,1.05434e-07,120.669,448.799,-6.49244e-08,136.59,564.873,1.70148e-07,154.611,710.948,-5.34594e-08,175.008,894.767,1.63407e-07,198.097,1126.06,8.04804e-08,224.231,1417.07,1.14667e-07,253.813,1783.15,-1.71227e-07,287.297,2243.62,-2.88466e-07,325.198,2822.67,-4.33651e-07,368.098,3550.67,7.9318e-08,416.657,4465.65,3.13319e-07,471.621,5615.16,3.4613e-07,533.835,7058.61,-1.19199e-07,604.255,8870.02,-2.79964e-07,683.962,11141.4,-2.30521e-07,774.182,13986.7,-2.55099e-07,876.299,17546.4,1.23585e-07,991.883,21993.1,1.41192e-07,1122.71,27536.7,-9.71886e-08,1270.78,34430.7,-3.68368e-07,1438.38,42977.7,-3.45379e-07,1628.07,53532.7,-3.25328e-09,1842.77,66504.6,2.6362e-07,2085.77,82350.2,2.53445e-07,2360.79,101560,-2.47407e-08,2672.05,124632,-3.80602e-07,3024.31,152018,-4.79005e-07,3422.98,184060,-1.14379e-07,3874.15,220884,2.64297e-07,4384.72,262283,3.44131e-07,4962.49,307576,7.5349e-08,5616.29,355497,-3.63097e-07,6356.1,404126,-6.05442e-07,7193.18,450932,-2.72333e-07,8140.28,492963,2.29675e-07,9211.79,527178,4.3387e-07,10424,550893,-1.0711e-07,10.102,8.06553,2.81012,10.6436,8.57909,0.869423,11.5336,10.2515,0.270869,12.7211,12.7138,0.0844293,14.1823,15.9373,0.0263173,15.9122,20.0383,0.0082035,17.9198,25.2154,0.00255722,20.2244,31.7373,0.000797017,22.8539,39.9486,0.000248622,25.8438,50.2851,7.75492e-05,29.237,63.2963,2.42508e-05,33.0837,79.6738,7.67162e-06,37.4415,100.288,2.32837e-06,42.3767,126.236,7.33e-07,47.9646,158.896,2.79256e-07,54.2906,200.003,9.87351e-09,61.452,251.741,1.61085e-07,69.5585,316.859,-2.47141e-07,78.7347,398.812,8.93552e-08,89.1218,501.948,-2.53231e-07,100.879,631.736,-1.25047e-07,114.188,795.049,-1.78808e-07,129.252,1000.53,2.6733e-07,146.304,1259.03,4.50292e-07,165.605,1584.19,6.76904e-07,187.452,1993.12,-1.23808e-07,212.181,2507.27,-4.89068e-07,240.173,3153.54,-5.40284e-07,271.856,3965.56,1.86061e-07,307.719,4985.38,4.37004e-07,348.313,6265.4,3.59828e-07,394.26,7870.83,3.98192e-07,446.268,9882.51,-1.92908e-07,505.135,12400.3,-2.20392e-07,571.766,15546.9,1.51705e-07,647.184,19472.2,5.74996e-07,732.547,24357.4,5.39112e-07,829.167,30420,5.07815e-09,938.526,37916.3,-4.11492e-07,1062.3,47143.9,-3.9561e-07,1202.4,58439.2,3.86185e-08,1360.96,72169.3,5.94093e-07,1540.42,88715.8,7.47693e-07,1743.53,108445,1.78537e-07,1973.41,131665,-4.12549e-07,2233.57,158557,-5.37164e-07,2528,189103,-1.17615e-07,2861.2,222986,5.66769e-07,3238.27,259510,9.45053e-07,3664.97,297540,4.25093e-07,4147.81,335497,-3.58506e-07,4694.17,371444,-6.7724e-07,5312.37,403256,1.67192e-07,1.61744,3.89446,9.84394,3.28846,7.5504,12.774,5.07607,11.7187,13.6844,7.03202,16.8147,13.9681,9.20215,23.1769,14.0566,11.6301,31.1672,14.0841,14.3598,41.2186,14.0927,17.4376,53.8688,14.0954,20.9137,69.7915,14.0962,24.8432,89.8341,14.0965,29.2879,115.063,14.0966,34.3168,146.819,14.0966,40.0078,186.792,14.0966,46.4487,237.107,14.0966,53.7388,300.44,14.0966,61.9903,380.158,14.0966,71.3301,480.499,14.0966,81.902,606.796,14.0966,93.8685,765.761,14.0966,107.414,965.837,14.0966,122.746,1217.65,14.0966,140.101,1534.57,14.0966,159.745,1933.41,14.0966,181.981,2435.3,14.0966,207.15,3066.85,14.0966,235.64,3861.46,14.0966,267.889,4861.11,14.0966,304.391,6118.54,14.0966,345.709,7699.91,14.0966,392.478,9688.22,14.0966,445.417,12187.5,14.0966,505.339,15327.7,14.0966,573.165,19271.6,14.0966,649.938,24222,14.0966,736.839,30430.9,14.0966,835.202,38211.5,14.0966,946.539,47950.3,14.0966,1072.56,60122.8,14.0966,1215.21,75309.9,14.0966,1376.66,94216.2,14.0966,1559.41,117688,14.0966,1766.26,146729,14.0966,2000.39,182510,14.0966,2265.39,226372,14.0966,2565.33,279806,14.0966,2904.81,344416,14.0966,3289.05,421845,14.0966,3723.93,513667,14.0966,4216.13,621231,14.0966,4773.18,745478,14.0966,5403.64,886744,14.0966,6117.15,1.04457e+06,14.0966,6924.63,1.2176e+06,14.0966,11.7194,11.96,12.6541,13.9321,16.1295,13.6434,16.6097,21.9702,13.9553,19.7532,29.5285,14.0526,23.3844,39.1143,14.0829,27.5423,51.2054,14.0923,32.2796,66.434,14.0953,37.662,85.6061,14.0962,43.7675,109.74,14.0965,50.687,140.119,14.0966,58.5249,178.359,14.0966,67.4005,226.493,14.0966,77.4493,287.08,14.0966,88.8254,363.343,14.0966,101.703,459.336,14.0966,116.281,580.161,14.0966,132.782,732.241,14.0966,151.46,923.655,14.0966,172.603,1164.57,14.0966,196.535,1467.79,14.0966,223.625,1849.39,14.0966,254.288,2329.62,14.0966,288.997,2933.93,14.0966,328.285,3694.33,14.0966,372.755,4651.04,14.0966,423.092,5854.57,14.0966,480.07,7368.38,14.0966,544.564,9272.08,14.0966,617.566,11665.5,14.0966,700.197,14673.6,14.0966,793.729,18452.9,14.0966,899.599,23198.6,14.0966,1019.43,29154.1,14.0966,1155.07,36622.3,14.0966,1308.6,45977.9,14.0966,1482.39,57683.7,14.0966,1679.09,72307.8,14.0966,1901.73,90542.8,14.0966,2153.73,113226,14.0966,2438.97,141360,14.0966,2761.81,176127,14.0966,3127.22,218898,14.0966,3540.81,271226,14.0966,4008.92,334817,14.0966,4538.74,411470,14.0966,5138.38,502973,14.0966,5817.04,610948,14.0966,6585.12,736653,14.0966,7454.39,880741,14.0966,8438.15,1.04302e+06,14.0966,9551.45,1.22224e+06,14.0966,10811.3,1.41602e+06,14.0966,12237,1.62086e+06,14.0966,11.7194,11.96,12.6541,2.21263,4.16949,0.989383,2.67766,5.84076,0.311842,3.14343,7.55825,0.0972771,3.63127,9.58578,0.0303237,4.15787,12.0912,0.00945211,4.73731,15.2286,0.00294633,5.38238,19.1721,0.000918508,6.10553,24.134,0.000286163,6.91951,30.3791,8.92692e-05,7.83792,38.2397,2.78121e-05,8.87555,48.1338,8.65134e-06,10.0489,60.5876,2.7882e-06,11.3761,76.2629,8.29036e-07,12.8779,95.9927,2.4373e-07,14.5775,120.825,4.33068e-09,16.5012,152.08,1.75749e-07,18.6784,191.415,-1.86328e-07,21.1428,240.917,1.91829e-07,23.9322,303.213,-1.81475e-07,27.0895,381.602,7.0186e-08,30.6634,480.231,-2.86769e-08,34.7087,604.316,2.40784e-07,39.2876,760.401,9.87368e-08,44.4705,956.705,1.22263e-07,50.3371,1203.54,-4.31966e-07,56.9776,1513.81,-1.9705e-07,64.494,1903.69,-2.763e-08,73.0018,2393.4,3.9185e-07,82.6317,3008.13,1.35379e-07,93.5318,3779.25,-4.16351e-08,105.869,4745.7,2.06965e-08,119.834,5955.6,-3.18887e-07,135.641,7468.12,-1.48271e-08,153.531,9355.62,2.00739e-07,173.781,11705.8,2.28358e-07,196.701,14624.1,-1.93587e-08,222.642,18235,-2.88101e-07,252.003,22683.4,-2.24732e-07,285.234,28134,8.56806e-09,322.845,34767,2.34258e-07,365.413,42770.9,2.99668e-07,413.588,52327.9,8.28644e-08,468.111,63591.2,-3.07049e-07,529.814,76653.2,-3.1888e-07,599.642,91502.5,-6.72276e-08,678.662,107975,2.26339e-07,768.083,125705,3.69212e-07,869.267,144088,2.04077e-07,983.76,162277,-2.80509e-07,1113.3,179223,-4.22737e-07,1259.87,193777,-1.71951e-07,1425.68,204839,4.55555e-07,11.7194,11.96,12.6541,2.21263,4.16949,0.989383,2.67766,5.84076,0.311842,3.14343,7.55825,0.0972771,3.63127,9.58578,0.0303237,4.15787,12.0912,0.00945211,4.73731,15.2286,0.00294633,5.38238,19.1721,0.000918508,6.10553,24.134,0.000286163,6.91951,30.3791,8.92692e-05,7.83792,38.2397,2.78121e-05,8.87555,48.1338,8.65134e-06,10.0489,60.5876,2.7882e-06,11.3761,76.2629,8.29036e-07,12.8779,95.9927,2.4373e-07,14.5775,120.825,1e-08,16.5012,152.08,1.75749e-07,18.6784,191.415,1e-08,21.1428,240.917,1.91829e-07,23.9322,303.213,1e-08,27.0895,381.602,7.0186e-08,30.6634,480.231,1e-08,34.7087,604.316,2.40784e-07,39.2876,760.401,9.87368e-08,44.4705,956.705,1.22263e-07,50.3371,1203.54,1e-08,56.9776,1513.81,1e-08,64.494,1903.69,1e-08,73.0018,2393.4,3.9185e-07,82.6317,3008.13,1.35379e-07,93.5318,3779.25,1e-08,105.869,4745.7,2.06965e-08,119.834,5955.6,1e-08,135.641,7468.12,1e-08,153.531,9355.62,2.00739e-07,173.781,11705.8,2.28358e-07,196.701,14624.1,1e-08,222.642,18235,1e-08,252.003,22683.4,1e-08,285.234,28134,1e-08,322.845,34767,2.34258e-07,365.413,42770.9,2.99668e-07,413.588,52327.9,8.28644e-08,468.111,63591.2,1e-08,529.814,76653.2,1e-08,599.642,91502.5,1e-08,678.662,107975,2.26339e-07,768.083,125705,3.69212e-07,869.267,144088,2.04077e-07,983.76,162277,1e-08,1113.3,179223,1e-08,1259.87,193777,1e-08,1425.68,204839,4.55555e-07,6.2823,3.27286,2.43537,0.219672,6.18826,2.24117,0.56371,6.87772,2.63624,0.308279,18,6,9,2,14,0,3,2,0,2,3,0,5,14,0,4,12,0,5,18,0,3,28,0,10,48,0,7,19,0,9,29,0,5,79,0,5,50,0,15,111,0,7,106,0,16,182,0,13,258,0,11,204,0,17,229,0,20,321,0,39,205,0,13,989,0,19,496,0,41,907,0,55,1602,0,65,878,0,39,1266,0,49,1486,0,71,4247,0,160,2363,0,91,4854,0,181,2634,0,89,6406,0,106,7151,0,143,7105,0,271,5894,0,164,15875,0,143,12260,0,122,20135,0,168,25467,0,470,34714,0,782,51846,0,156,56620,0,309,101750,0,786,68396,0,558,42626,0,970,92119,0,537,157572,0,593,106416,0,1850,126927,0,915,251145,0,809,277729,0,1220,330301,0
-1.05176e+08,1,8.88811e-15,10,1023,0,1.05176e+08,0.528882,1.08665,0.389689,0.145397,0.379329,3.24381,0.161596,0.446195,1.77396,0.159177,1.15e+07,4.49998e+06,6.79999e+06,1.15e+07,4.49997e+06,6.79999e+06,1.15e+07,4.49996e+06,6.79999e+06,1.15e+07,4.49995e+06,6.79999e+06,1.14999e+07,4.49993e+06,6.79999e+06,1.14999e+07,4.49991e+06,6.79999e+06,1.14999e+07,4.49989e+06,6.79999e+06,1.14999e+07,4.49986e+06,6.79999e+06,1.14999e+07,4.49982e+06,6.79999e+06,1.14999e+07,4.49977e+06,6.79999e+06,1.14999e+07,4.49971e+06,6.79999e+06,1.14999e+07,4.49963e+06,6.79999e+06,1.14998e+07,4.49953e+06,6.79999e+06,1.14998e+07,4.49941e+06,6.79999e+06,1.14998e+07,4.49926e+06,6.79999e+06,1.14998e+07,4.49906e+06,6.79999e+06,1.14997e+07,4.49882e+06,6.79999e+06,1.14997e+07,4.49851e+06,6.79999e+06,1.14997e+07,4.49812e+06,6.79999e+06,1.14996e+07,4.49764e+06,6.79999e+06,1.14996e+07,4.49702e+06,6.79999e+06,1.14995e+07,4.49625e+06,6.79999e+06,1.14995e+07,4.49528e+06,6.79999e+06,1.14994e+07,4.49406e+06,6.79999e+06,1.14993e+07,4.49253e+06,6.79999e+06,1.14992e+07,4.49059e+06,6.79999e+06,1.14991e+07,4.48817e+06,6.79999e+06,1.1499e+07,4.48511e+06,6.79999e+06,1.14988e+07,4.48128e+06,6.79999e+06,1.14987e+07,4.47646e+06,6.79999e+06,1.14985e+07,4.47041e+06,6.79999e+06,1.14983e+07,4.46281e+06,6.79999e+06,1.14981e+07,4.4533e+06,6.79999e+06,1.14979e+07,4.44138e+06,6.79999e+06,1.14976e+07,4.42649e+06,6.79999e+06,1.14972e+07,4.40789e+06,6.79999e+06,1.14969e+07,4.38471e+06,6.79999e+06,1.14965e+07,4.35592e+06,6.79999e+06,1.1496e+07,4.32027e+06,6.79999e+06,1.14955e+07,4.27629e+06,6.79999e+06,1.14949e+07,4.22231e+06,6.79999e+06,1.14942e+07,4.15647e+06,6.79999e+06,1.14934e+07,4.07676e+06,6.79999e+06,1.14926e+07,3.98112e+06,6.79999e+06,1.14916e+07,3.86765e+06,6.79999e+06,1.14905e+07,3.73474e+06,6.79999e+06,1.14892e+07,3.58148e+06,6.79999e+06,1.14878e+07,3.40785e+06,6.79999e+06,1.14862e+07,3.21513e+06,6.79999e+06,1.14844e+07,3.00605e+06,6.79999e+06,1.14823e+07,2.7848e+06,6.79999e+06,1.148e+07,2.5568e+06,6.79999e+06,1.14773e+07,2.32825e+06,6.79999e+06,13.5742,8.52444,0.508366,16.8306,13.2585,0.162638,20.0035,17.569,0.0507846,23.2616,22.4214,0.0158319,26.7328,28.3297,0.00493498,30.5212,35.6974,0.00153831,34.7178,44.9473,0.000479527,39.4086,56.5822,0.000149456,44.6796,71.2245,4.66214e-05,50.6209,89.6543,1.45419e-05,57.3297,112.852,4.54748e-06,64.9129,142.051,1.43857e-06,73.4897,178.803,4.36618e-07,83.1934,225.062,1.40153e-07,94.1745,283.286,4.96378e-08,106.602,356.568,1.05434e-07,120.669,448.799,-6.49244e-08,136.59,564.873,1.70148e-07,154.611,710.948,-5.34594e-08,175.008,894.767,1.63407e-07,198.097,1126.06,8.04804e-08,224.231,1417.07,1.14667e-07,253.813,1783.15,-1.71227e-07,287.297,2243.62,-2.88466e-07,325.198,2822.67,-4.33651e-07,368.098,3550.67,7.9318e-08,416.657,4465.65,3.13319e-07,471.621,5615.16,3.4613e-07,533.835,7058.61,-1.19199e-07,604.255,8870.02,-2.79964e-07,683.962,11141.4,-2.30521e-07,774.182,13986.7,-2.55099e-07,876.299,17546.4,1.23585e-07,991.883,21993.1,1.41192e-07,1122.71,27536.7,-9.71886e-08,1270.78,34430.7,-3.68368e-07,1438.38,42977.7,-3.45379e-07,1628.07,53532.7,-3.25328e-09,1842.77,66504.6,2.6362e-07,2085.77,82350.2,2.53445e-07,2360.79,101560,-2.47407e-08,2672.05,124632,-3.80602e-07,3024.31,152018,-4.79005e-07,3422.98,184060,-1.14379e-07,3874.15,220884,2.64297e-07,4384.72,262283,3.44131e-07,4962.49,307576,7.5349e-08,5616.29,355497,-3.63097e-07,6356.1,404126,-6.05442e-07,7193.18,450932,-2.72333e-07,8140.28,492963,2.29675e-07,9211.79,527178,4.3387e-07,10424,550893,-1.0711e-07,10.102,8.06553,2.81012,10.6436,8.57909,0.869423,11.5336,10.2515,0.270869,12.7211,12.7138,0.0844293,14.1823,15.9373,0.0263173,15.9122,20.0383,0.0082035,17.9198,25.2154,0.00255722,20.2244,31.7373,0.000797017,22.8539,39.9486,0.000248622,25.8438,50.2851,7.75492e-05,29.237,63.2963,2.42508e-05,33.0837,79.6738,7.67162e-06,37.4415,100.288,2.32837e-06,42.3767,126.236,7.33e-07,47.9646,158.896,2.79256e-07,54.2906,200.003,9.87351e-09,61.452,251.741,1.61085e-07,69.5585,316.859,-2.47141e-07,78.7347,398.812,8.93552e-08,89.1218,501.948,-2.53231e-07,100.879,631.736,-1.25047e-07,114.188,795.049,-1.78808e-07,129.252,1000.53,2.6733e-07,146.304,1259.03,4.50292e-07,165.605,1584.19,6.76904e-07,187.452,1993.12,-1.23808e-07,212.181,2507.27,-4.89068e-07,240.173,3153.54,-5.40284e-07,271.856,3965.56,1.86061e-07,307.719,4985.38,4.37004e-07,348.313,6265.4,3.59828e-07,394.26,7870.83,3.98192e-07,446.268,9882.51,-1.92908e-07,505.135,12400.3,-2.20392e-07,571.766,15546.9,1.51705e-07,647.184,19472.2,5.74996e-07,732.547,24357.4,5.39112e-07,829.167,30420,5.07815e-09,938.526,37916.3,-4.11492e-07,1062.3,47143.9,-3.9561e-07,1202.4,58439.2,3.86185e-08,1360.96,72169.3,5.94093e-07,1540.42,88715.8,7.47693e-07,1743.53,108445,1.78537e-07,1973.41,131665,-4.12549e-07,2233.57,158557,-5.37164e-07,2528,189103,-1.17615e-07,2861.2,222986,5.66769e-07,3238.27,259510,9.45053e-07,3664.97,297540,4.25093e-07,4147.81,335497,-3.58506e-07,4694.17,371444,-6.7724e-07,5312.37,403256,1.67192e-07,1.61744,3.89446,9.84394,3.28846,7.5504,12.774,5.07607,11.7187,13.6844,7.03202,16.8147,13.9681,9.20215,23.1769,14.0566,11.6301,31.1672,14.0841,14.3598,41.2186,14.0927,17.4376,53.8688,14.0954,20.9137,69.7915,14.0962,24.8432,89.8341,14.0965,29.2879,115.063,14.0966,34.3168,146.819,14.0966,40.0078,186.792,14.0966,46.4487,237.107,14.0966,53.7388,300.44,14.0966,61.9903,380.158,14.0966,71.3301,480.499,14.0966,81.902,606.796,14.0966,93.8685,765.761,14.0966,107.414,965.837,14.0966,122.746,1217.65,14.0966,140.101,1534.57,14.0966,159.745,1933.41,14.0966,181.981,2435.3,14.0966,207.15,3066.85,14.0966,235.64,3861.46,14.0966,267.889,4861.11,14.0966,304.391,6118.54,14.0966,345.709,7699.91,14.0966,392.478,9688.22,14.0966,445.417,12187.5,14.0966,505.339,15327.7,14.0966,573.165,19271.6,14.0966,649.938,24222,14.0966,736.839,30430.9,14.0966,835.202,38211.5,14.0966,946.539,47950.3,14.0966,1072.56,60122.8,14.0966,1215.21,75309.9,14.0966,1376.66,94216.2,14.0966,1559.41,117688,14.0966,1766.26,146729,14.0966,2000.39,182510,14.0966,2265.39,226372,14.0966,2565.33,279806,14.0966,2904.81,344416,14.0966,3289.05,421845,14.0966,3723.93,513667,14.0966,4216.13,621231,14.0966,4773.18,745478,14.0966,5403.64,886744,14.0966,6117.15,1.04457e+06,14.0966,6924.63,1.2176e+06,14.0966,11.7194,11.96,12.6541,13.9321,16.1295,13.6434,16.6097,21.9702,13.9553,19.7532,29.5285,14.0526,23.3844,39.1143,14.0829,27.5423,51.2054,14.0923,32.2796,66.434,14.0953,37.662,85.6061,14.0962,43.7675,109.74,14.0965,50.687,140.119,14.0966,58.5249,178.359,14.0966,67.4005,226.493,14.0966,77.4493,287.08,14.0966,88.8254,363.343,14.0966,101.703,459.336,14.0966,116.281,580.161,14.0966,132.782,732.241,14.0966,151.46,923.655,14.0966,172.603,1164.57,14.0966,196.535,1467.79,14.0966,223.625,1849.39,14.0966,254.288,2329.62,14.0966,288.997,2933.93,14.0966,328.285,3694.33,14.0966,372.755,4651.04,14.0966,423.092,5854.57,14.0966,480.07,7368.38,14.0966,544.564,9272.08,14.0966,617.566,11665.5,14.0966,700.197,14673.6,14.0966,793.729,18452.9,14.0966,899.599,23198.6,14.0966,1019.43,29154.1,14.0966,1155.07,36622.3,14.0966,1308.6,45977.9,14.0966,1482.39,57683.7,14.0966,1679.09,72307.8,14.0966,1901.73,90542.8,14.0966,2153.73,113226,14.0966,2438.97,141360,14.0966,2761.81,176127,14.0966,3127.22,218898,14.0966,3540.81,271226,14.0966,4008.92,334817,14.0966,4538.74,411470,14.0966,5138.38,502973,14.0966,5817.04,610948,14.0966,6585.12,736653,14.0966,7454.39,880741,14.0966,8438.15,1.04302e+06,14.0966,9551.45,1.22224e+06,14.0966,10811.3,1.41602e+06,14.0966,12237,1.62086e+06,14.0966,11.7194,11.96,12.6541,2.21263,4.16949,0.989383,2.67766,5.84076,0.311842,3.14343,7.55825,0.0972771,3.63127,9.58578,0.0303237,4.15787,12.0912,0.00945211,4.73731,15.2286,0.00294633,5.38238,19.1721,0.000918508,6.10553,24.134,0.000286163,6.91951,30.3791,8.92692e-05,7.83792,38.2397,2.78121e-05,8.87555,48.1338,8.65134e-06,10.0489,60.5876,2.7882e-06,11.3761,76.2629,8.29036e-07,12.8779,95.9927,2.4373e-07,14.5775,120.825,4.33068e-09,16.5012,152.08,1.75749e-07,18.6784,191.415,-1.86328e-07,21.1428,240.917,1.91829e-07,23.9322,303.213,-1.81475e-07,27.0895,381.602,7.0186e-08,30.6634,480.231,-2.86769e-08,34.7087,604.316,2.40784e-07,39.2876,760.401,9.87368e-08,44.4705,956.705,1.22263e-07,50.3371,1203.54,-4.31966e-07,56.9776,1513.81,-1.9705e-07,64.494,1903.69,-2.763e-08,73.0018,2393.4,3.9185e-07,82.6317,3008.13,1.35379e-07,93.5318,3779.25,-4.16351e-08,105.869,4745.7,2.06965e-08,119.834,5955.6,-3.18887e-07,135.641,7468.12,-1.48271e-08,153.531,9355.62,2.00739e-07,173.781,11705.8,2.28358e-07,196.701,14624.1,-1.93587e-08,222.642,18235,-2.88101e-07,252.003,22683.4,-2.24732e-07,285.234,28134,8.56806e-09,322.845,34767,2.34258e-07,365.413,42770.9,2.99668e-07,413.588,52327.9,8.28644e-08,468.111,63591.2,-3.07049e-07,529.814,76653.2,-3.1888e-07,599.642,91502.5,-6.72276e-08,678.662,107975,2.26339e-07,768.083,125705,3.69212e-07,869.267,144088,2.04077e-07,983.76,162277,-2.80509e-07,1113.3,179223,-4.22737e-07,1259.87,193777,-1.71951e-07,1425.68,204839,4.55555e-07,11.7194,11.96,12.6541,2.21263,4.16949,0.989383,2.67766,5.84076,0.311842,3.14343,7.55825,0.0972771,3.63127,9.58578,0.0303237,4.15787,12.0912,0.00945211,4.73731,15.2286,0.00294633,5.38238,19.1721,0.000918508,6.10553,24.134,0.000286163,6.91951,30.3791,8.92692e-05,7.83792,38.2397,2.78121e-05,8.87555,48.1338,8.65134e-06,10.0489,60.5876,2.7882e-06,11.3761,76.2629,8.29036e-07,12.8779,95.9927,2.4373e-07,14.5775,120.825,1e-08,16.5012,152.08,1.75749e-07,18.6784,191.415,1e-08,21.1428,240.917,1.91829e-07,23.9322,303.213,1e-08,27.0895,381.602,7.0186e-08,30.6634,480.231,1e-08,34.7087,604.316,2.40784e-07,39.2876,760.401,9.87368e-08,44.4705,956.705,1.22263e-07,50.3371,1203.54,1e-08,56.9776,1513.81,1e-08,64.494,1903.69,1e-08,73.0018,2393.4,3.9185e-07,82.6317,3008.13,1.35379e-07,93.5318,3779.25,1e-08,105.869,4745.7,2.06965e-08,119.834,5955.6,1e-08,135.641,7468.12,1e-08,153.531,9355.62,2.00739e-07,173.781,11705.8,2.28358e-07,196.701,14624.1,1e-08,222.642,18235,1e-08,252.003,22683.4,1e-08,285.234,28134,1e-08,322.845,34767,2.34258e-07,365.413,42770.9,2.99668e-07,413.588,52327.9,8.28644e-08,468.111,63591.2,1e-08,529.814,76653.2,1e-08,599.642,91502.5,1e-08,678.662,107975,2.26339e-07,768.083,125705,3.69212e-07,869.267,144088,2.04077e-07,983.76,162277,1e-08,1113.3,179223,1e-08,1259.87,193777,1e-08,1425.68,204839,4.55555e-07,6.2823,3.27286,2.43537,0.219672,6.18826,2.24117,0.56371,6.87772,2.63624,0.308279,7,22,2,0,4,1,2,3,0,2,10,0,2,3,0,5,7,0,4,7,0,8,18,0,9,32,0,2,32,0,11,31,0,9,35,0,11,45,0,5,93,0,19,79,0,16,185,0,11,233,0,22,75,0,32,163,0,14,167,0,26,205,0,12,306,0,43,383,0,52,912,0,24,1167,0,23,1151,0,95,1987,0,23,1746,0,79,1757,0,67,3475,0,103,1615,0,111,4330,0,104,10672,0,102,5358,0,126,19894,0,107,15248,0,215,14635,0,231,19234,0,209,22129,0,171,20542,0,366,33780,0,372,35794,0,341,61702,0,382,47959,0,969,84209,0,317,98315,0,346,52824,0,490,121498,0,1556,240307,0,1760,211728,0,1187,236117,0,1846,365926,0,1616,173875,0
-1.05176e+08,1,8.88811e-15,10,1023,0,1.05176e+08,0.528882,1.08665,0.389689,0.145397,0.379329,3.24381,0.161596,0.446195,1.77396,0.159177,1.15e+07,4.49998e+06,6.79999e+06,1.15e+07,4.49997e+06,6.79999e+06,1.15e+07,4.49996e+06,6.79999e+06,1.15e+07,4.49995e+06,6.79999e+06,1.14999e+07,4.49993e+06,6.79999e+06,1.14999e+07,4.49991e+06,6.79999e+06,1.14999e+07,4.49989e+06,6.79999e+06,1.14999e+07,4.49986e+06,6.79999e+06,1.14999e+07,4.49982e+06,6.79999e+06,1.14999e+07,4.49977e+06,6.79999e+06,1.14999e+07,4.49971e+06,6.79999e+06,1.14999e+07,4.49963e+06,6.79999e+06,1.14998e+07,4.49953e+06,6.79999e+06,1.14998e+07,4.49941e+06,6.79999e+06,1.14998e+07,4.49926e+06,6.79999e+06,1.14998e+07,4.49906e+06,6.79999e+06,1.14997e+07,4.49882e+06,6.79999e+06,1.14997e+07,4.49851e+06,6.79999e+06,1.14997e+07,4.49812e+06,6.79999e+06,1.14996e+07,4.49764e+06,6.79999e+06,1.14996e+07,4.49702e+06,6.79999e+06,1.14995e+07,4.49625e+06,6.79999e+06,1.14995e+07,4.49528e+06,6.79999e+06,1.14994e+07,4.49406e+06,6.79999e+06,1.14993e+07,4.49253e+06,6.79999e+06,1.14992e+07,4.49059e+06,6.79999e+06,1.14991e+07,4.48817e+06,6.79999e+06,1.1499e+07,4.48511e+06,6.79999e+06,1.14988e+07,4.48128e+06,6.79999e+06,1.14987e+07,4.47646e+06,6.79999e+06,1.14985e+07,4.47041e+06,6.79999e+06,1.14983e+07,4.46281e+06,6.79999e+06,1.14981e+07,4.4533e+06,6.79999e+06,1.14979e+07,4.44138e+06,6.79999e+06,1.14976e+07,4.42649e+06,6.79999e+06,1.14972e+07,4.40789e+06,6.79999e+06,1.14969e+07,4.38471e+06,6.79999e+06,1.14965e+07,4.35592e+06,6.79999e+06,1.1496e+07,4.32027e+06,6.79999e+06,1.14955e+07,4.27629e+06,6.79999e+06,1.14949e+07,4.22231e+06,6.79999e+06,1.14942e+07,4.15647e+06,6.79999e+06,1.14934e+07,4.07676e+06,6.79999e+06,1.14926e+07,3.98112e+06,6.79999e+06,1.14916e+07,3.86765e+06,6.79999e+06,1.14905e+07,3.73474e+06,6.79999e+06,1.14892e+07,3.58148e+06,6.79999e+06,1.14878e+07,3.40785e+06,6.79999e+06,1.14862e+07,3.21513e+06,6.79999e+06,1.14844e+07,3.00605e+06,6.79999e+06,1.14823e+07,2.7848e+06,6.79999e+06,1.148e+07,2.5568e+06,6.79999e+06,1.14773e+07,2.32825e+06,6.79999e+06,13.5742,8.52444,0.508366,16.8306,13.2585,0.162638,20.0035,17.569,0.0507846,23.2616,22.4214,0.0158319,26.7328,28.3297,0.00493498,30.5212,35.6974,0.00153831,34.7178,44.9473,0.000479527,39.4086,56.5822,0.000149456,44.6796,71.2245,4.66214e-05,50.6209,89.6543,1.45419e-05,57.3297,112.852,4.54748e-06,64.9129,142.051,1.43857e-06,73.4897,178.803,4.36618e-07,83.1934,225.062,1.40153e-07,94.1745,283.286,4.96378e-08,106.602,356.568,1.05434e-07,120.669,448.799,-6.49244e-08,136.59,564.873,1.70148e-07,154.611,710.948,-5.34594e-08,175.008,894.767,1.63407e-07,198.097,1126.06,8.04804e-08,224.231,1417.07,1.14667e-07,253.813,1783.15,-1.71227e-07,287.297,2243.62,-2.88466e-07,325.198,2822.67,-4.33651e-07,368.098,3550.67,7.9318e-08,416.657,4465.65,3.13319e-07,471.621,5615.16,3.4613e-07,533.835,7058.61,-1.19199e-07,604.255,8870.02,-2.79964e-07,683.962,11141.4,-2.30521e-07,774.182,13986.7,-2.55099e-07,876.299,17546.4,1.23585e-07,991.883,21993.1,1.41192e-07,1122.71,27536.7,-9.71886e-08,1270.78,34430.7,-3.68368e-07,1438.38,42977.7,-3.45379e-07,1628.07,53532.7,-3.25328e-09,1842.77,66504.6,2.6362e-07,2085.77,82350.2,2.53445e-07,2360.79,101560,-2.47407e-08,2672.05,124632,-3.80602e-07,3024.31,152018,-4.79005e-07,3422.98,184060,-1.14379e-07,3874.15,220884,2.64297e-07,4384.72,262283,3.44131e-07,4962.49,307576,7.5349e-08,5616.29,355497,-3.63097e-07,6356.1,404126,-6.05442e-07,7193.18,450932,-2.72333e-07,8140.28,492963,2.29675e-07,9211.79,527178,4.3387e-07,10424,550893,-1.0711e-07,10.102,8.06553,2.81012,10.6436,8.57909,0.869423,11.5336,10.2515,0.270869,12.7211,12.7138,0.0844293,14.1823,15.9373,0.0263173,15.9122,20.0383,0.0082035,17.9198,25.2154,0.00255722,20.2244,31.7373,0.000797017,22.8539,39.9486,0.000248622,25.8438,50.2851,7.75492e-05,29.237,63.2963,2.42508e-05,33.0837,79.6738,7.67162e-06,37.4415,100.288,2.32837e-06,42.3767,126.236,7.33e-07,47.9646,158.896,2.79256e-07,54.2906,200.003,9.87351e-09,61.452,251.741,1.61085e-07,69.5585,316.859,-2.47141e-07,78.7347,398.812,8.93552e-08,89.1218,501.948,-2.53231e-07,100.879,631.736,-1.25047e-07,114.188,795.049,-1.78808e-07,129.252,1000.53,2.6733e-07,146.304,1259.03,4.50292e-07,165.605,1584.19,6.76904e-07,187.452,1993.12,-1.23808e-07,212.181,2507.27,-4.89068e-07,240.173,3153.54,-5.40284e-07,271.856,3965.56,1.86061e-07,307.719,4985.38,4.37004e-07,348.313,6265.4,3.59828e-07,394.26,7870.83,3.98192e-07,446.268,9882.51,-1.92908e-07,505.135,12400.3,-2.20392e-07,571.766,15546.9,1.51705e-07,647.184,19472.2,5.74996e-07,732.547,24357.4,5.39112e-07,829.167,30420,5.07815e-09,938.526,37916.3,-4.11492e-07,1062.3,47143.9,-3.9561e-07,1202.4,58439.2,3.86185e-08,1360.96,72169.3,5.94093e-07,1540.42,88715.8,7.47693e-07,1743.53,108445,1.78537e-07,1973.41,131665,-4.12549e-07,2233.57,158557,-5.37164e-07,2528,189103,-1.17615e-07,2861.2,222986,5.66769e-07,3238.27,259510,9.45053e-07,3664.97,297540,4.25093e-07,4147.81,335497,-3.58506e-07,4694.17,371444,-6.7724e-07,5312.37,403256,1.67192e-07,1.61744,3.89446,9.84394,3.28846,7.5504,12.774,5.07607,11.7187,13.6844,7.03202,16.8147,13.9681,9.20215,23.1769,14.0566,11.6301,31.1672,14.0841,14.3598,41.2186,14.0927,17.4376,53.8688,14.0954,20.9137,69.7915,14.0962,24.8432,89.8341,14.0965,29.2879,115.063,14.0966,34.3168,146.819,14.0966,40.0078,186.792,14.0966,46.4487,237.107,14.0966,53.7388,300.44,14.0966,61.9903,380.158,14.0966,71.3301,480.499,14.0966,81.902,606.796,14.0966,93.8685,765.761,14.0966,107.414,965.837,14.0966,122.746,1217.65,14.0966,140.101,1534.57,14.0966,159.745,1933.41,14.0966,181.981,2435.3,14.0966,207.15,3066.85,14.0966,235.64,3861.46,14.0966,267.889,4861.11,14.0966,304.391,6118.54,14.0966,345.709,7699.91,14.0966,392.478,9688.22,14.0966,445.417,12187.5,14.0966,505.339,15327.7,14.0966,573.165,19271.6,14.0966,649.938,24222,14.0966,736.839,30430.9,14.0966,835.202,38211.5,14.0966,946.539,47950.3,14.0966,1072.56,60122.8,14.0966,1215.21,75309.9,14.0966,1376.66,94216.2,14.0966,1559.41,117688,14.0966,1766.26,146729,14.0966,2000.39,182510,14.0966,2265.39,226372,14.0966,2565.33,279806,14.0966,2904.81,344416,14.0966,3289.05,421845,14.0966,3723.93,513667,14.0966,4216.13,621231,14.0966,4773.18,745478,14.0966,5403.64,886744,14.0966,6117.15,1.04457e+06,14.0966,6924.63,1.2176e+06,14.0966,11.7194,11.96,12.6541,13.9321,16.1295,13.6434,16.6097,21.9702,13.9553,19.7532,29.5285,14.0526,23.3844,39.1143,14.0829,27.5423,51.2054,14.0923,32.2796,66.434,14.0953,37.662,85.6061,14.0962,43.7675,109.74,14.0965,50.687,140.119,14.0966,58.5249,178.359,14.0966,67.4005,226.493,14.0966,77.4493,287.08,14.0966,88.8254,363.343,14.0966,101.703,459.336,14.0966,116.281,580.161,14.0966,132.782,732.241,14.0966,151.46,923.655,14.0966,172.603,1164.57,14.0966,196.535,1467.79,14.0966,223.625,1849.39,14.0966,254.288,2329.62,14.0966,288.997,2933.93,14.0966,328.285,3694.33,14.0966,372.755,4651.04,14.0966,423.092,5854.57,14.0966,480.07,7368.38,14.0966,544.564,9272.08,14.0966,617.566,11665.5,14.0966,700.197,14673.6,14.0966,793.729,18452.9,14.0966,899.599,23198.6,14.0966,1019.43,29154.1,14.0966,1155.07,36622.3,14.0966,1308.6,45977.9,14.0966,1482.39,57683.7,14.0966,1679.09,72307.8,14.0966,1901.73,90542.8,14.0966,2153.73,113226,14.0966,2438.97,141360,14.0966,2761.81,176127,14.0966,3127.22,218898,14.0966,3540.81,271226,14.0966,4008.92,334817,14.0966,4538.74,411470,14.0966,5138.38,502973,14.0966,5817.04,610948,14.0966,6585.12,736653,14.0966,7454.39,880741,14.0966,8438.15,1.04302e+06,14.0966,9551.45,1.22224e+06,14.0966,10811.3,1.41602e+06,14.0966,12237,1.62086e+06,14.0966,11.7194,11.96,12.6541,2.21263,4.16949,0.989383,2.67766,5.84076,0.311842,3.14343,7.55825,0.0972771,3.63127,9.58578,0.0303237,4.15787,12.0912,0.00945211,4.73731,15.2286,0.00294633,5.38238,19.1721,0.000918508,6.10553,24.134,0.000286163,6.91951,30.3791,8.92692e-05,7.83792,38.2397,2.78121e-05,8.87555,48.1338,8.65134e-06,10.0489,60.5876,2.7882e-06,11.3761,76.2629,8.29036e-07,12.8779,95.9927,2.4373e-07,14.5775,120.825,4.33068e-09,16.5012,152.08,1.75749e-07,18.6784,191.415,-1.86328e-07,21.1428,240.917,1.91829e-07,23.9322,303.213,-1.81475e-07,27.0895,381.602,7.0186e-08,30.6634,480.231,-2.86769e-08,34.7087,604.316,2.40784e-07,39.2876,760.401,9.87368e-08,44.4705,956.705,1.22263e-07,50.3371,1203.54,-4.31966e-07,56.9776,1513.81,-1.9705e-07,64.494,1903.69,-2.763e-08,73.0018,2393.4,3.9185e-07,82.6317,3008.13,1.35379e-07,93.5318,3779.25,-4.16351e-08,105.869,4745.7,2.06965e-08,119.834,5955.6,-3.18887e-07,135.641,7468.12,-1.48271e-08,153.531,9355.62,2.00739e-07,173.781,11705.8,2.28358e-07,196.701,14624.1,-1.93587e-08,222.642,18235,-2.88101e-07,252.003,22683.4,-2.24732e-07,285.234,28134,8.56806e-09,322.845,34767,2.34258e-07,365.413,42770.9,2.99668e-07,413.588,52327.9,8.28644e-08,468.111,63591.2,-3.07049e-07,529.814,76653.2,-3.1888e-07,599.642,91502.5,-6.72276e-08,678.662,107975,2.26339e-07,768.083,125705,3.69212e-07,869.267,144088,2.04077e-07,983.76,162277,-2.80509e-07,1113.3,179223,-4.22737e-07,1259.87,193777,-1.71951e-07,1425.68,204839,4.55555e-07,11.7194,11.96,12.6541,2.21263,4.16949,0.989383,2.67766,5.84076,0.311842,3.14343,7.55825,0.0972771,3.63127,9.58578,0.0303237,4.15787,12.0912,0.00945211,4.73731,15.2286,0.00294633,5.38238,19.1721,0.000918508,6.10553,24.134,0.000286163,6.91951,30.3791,8.92692e-05,7.83792,38.2397,2.78121e-05,8.87555,48.1338,8.65134e-06,10.0489,60.5876,2.7882e-06,11.3761,76.2629,8.29036e-07,12.8779,95.9927,2.4373e-07,14.5775,120.825,1e-08,16.5012,152.08,1.75749e-07,18.6784,191.415,1e-08,21.1428,240.917,1.91829e-07,23.9322,303.213,1e-08,27.0895,381.602,7.0186e-08,30.6634,480.231,1e-08,34.7087,604.316,2.40784e-07,39.2876,760.401,9.87368e-08,44.4705,956.705,1.22263e-07,50.3371,1203.54,1e-08,56.9776,1513.81,1e-08,64.494,1903.69,1e-08,73.0018,2393.4,3.9185e-07,82.6317,3008.13,1.35379e-07,93.5318,3779.25,1e-08,105.869,4745.7,2.06965e-08,119.834,5955.6,1e-08,135.641,7468.12,1e-08,153.531,9355.62,2.00739e-07,173.781,11705.8,2.28358e-07,196.701,14624.1,1e-08,222.642,18235,1e-08,252.003,22683.4,1e-08,285.234,28134,1e-08,322.845,34767,2.34258e-07,365.413,42770.9,2.99668e-07,413.588,52327.9,8.28644e-08,468.111,63591.2,1e-08,529.814,76653.2,1e-08,599.642,91502.5,1e-08,678.662,107975,2.26339e-07,768.083,125705,3.69212e-07,869.267,144088,2.04077e-07,983.76,162277,1e-08,1113.3,179223,1e-08,1259.87,193777,1e-08,1425.68,204839,4.55555e-07,6.2823,3.27286,2.43537,0.219672,6.18826,2.24117,0.56371,6.87772,2.63624,0.308279,15,18,11,3,4,0,4,9,0,1,3,0,10,8,0,6,15,0,2,16,0,1,8,0,8,22,0,1,28,0,8,35,0,11,60,0,14,80,0,11,53,0,9,112,0,3,67,0,8,159,0,12,362,0,42,192,0,17,276,0,15,553,0,39,486,0,43,374,0,54,1119,0,28,636,0,55,1433,0,89,1232,0,53,2270,0,67,2573,0,60,1618,0,135,6570,0,132,4832,0,97,8745,0,125,2878,0,192,6978,0,138,14258,0,167,8821,0,192,8838,0,189,18040,0,379,25895,0,235,34949,0,346,14363,0,335,35201,0,574,27138,0,359,60999,0,279,128986,0,585,37623,0,923,101456,0,934,142454,0,880,265208,0,475,199246,0,776,65304,0,2248,350716,0
-1.05176e+08,1,8.88811e-15,10,1023,0,1.05176e+08,0.528882,1.08665,0.389689,0.145397,0.379329,3.24381,0.161596,0.446195,1.77396,0.159177,1.15e+07,4.49998e+06,6.79999e+06,1.15e+07,4.49997e+06,6.79999e+06,1.15e+07,4.49996e+06,6.79999e+06,1.15e+07,4.49995e+06,6.79999e+06,1.14999e+07,4.49993e+06,6.79999e+06,1.14999e+07,4.49991e+06,6.79999e+06,1.14999e+07,4.49989e+06,6.79999e+06,1.14999e+07,4.49986e+06,6.79999e+06,1.14999e+07,4.49982e+06,6.79999e+06,1.14999e+07,4.49977e+06,6.79999e+06,1.14999e+07,4.49971e+06,6.79999e+06,1.14999e+07,4.49963e+06,6.79999e+06,1.14998e+07,4.49953e+06,6.79999e+06,1.14998e+07,4.49941e+06,6.79999e+06,1.14998e+07,4.49926e+06,6.79999e+06,1.14998e+07,4.49906e+06,6.79999e+06,1.14997e+07,4.49882e+06,6.79999e+06,1.14997e+07,4.49851e+06,6.79999e+06,1.14997e+07,4.49812e+06,6.79999e+06,1.14996e+07,4.49764e+06,6.79999e+06,1.14996e+07,4.49702e+06,6.79999e+06,1.14995e+07,4.49625e+06,6.79999e+06,1.14995e+07,4.49528e+06,6.79999e+06,1.14994e+07,4.49406e+06,6.79999e+06,1.14993e+07,4.49253e+06,6.79999e+06,1.14992e+07,4.49059e+06,6.79999e+06,1.14991e+07,4.48817e+06,6.79999e+06,1.1499e+07,4.48511e+06,6.79999e+06,1.14988e+07,4.48128e+06,6.79999e+06,1.14987e+07,4.47646e+06,6.79999e+06,1.14985e+07,4.47041e+06,6.79999e+06,1.14983e+07,4.46281e+06,6.79999e+06,1.14981e+07,4.4533e+06,6.79999e+06,1.14979e+07,4.44138e+06,6.79999e+06,1.14976e+07,4.42649e+06,6.79999e+06,1.14972e+07,4.40789e+06,6.79999e+06,1.14969e+07,4.38471e+06,6.79999e+06,1.14965e+07,4.35592e+06,6.79999e+06,1.1496e+07,4.32027e+06,6.79999e+06,1.14955e+07,4.27629e+06,6.79999e+06,1.14949e+07,4.22231e+06,6.79999e+06,1.14942e+07,4.15647e+06,6.79999e+06,1.14934e+07,4.07676e+06,6.79999e+06,1.14926e+07,3.98112e+06,6.79999e+06,1.14916e+07,3.86765e+06,6.79999e+06,1.14905e+07,3.73474e+06,6.79999e+06,1.14892e+07,3.58148e+06,6.79999e+06,1.14878e+07,3.40785e+06,6.79999e+06,1.14862e+07,3.21513e+06,6.79999e+06,1.14844e+07,3.00605e+06,6.79999e+06,1.14823e+07,2.7848e+06,6.79999e+06,1.148e+07,2.5568e+06,6.79999e+06,1.14773e+07,2.32825e+06,6.79999e+06,13.5742,8.52444,0.508366,16.8306,13.2585,0.162638,20.0035,17.569,0.0507846,23.2616,22.4214,0.0158319,26.7328,28.3297,0.00493498,30.5212,35.6974,0.00153831,34.7178,44.9473,0.000479527,39.4086,56.5822,0.000149456,44.6796,71.2245,4.66214e-05,50.6209,89.6543,1.45419e-05,57.3297,112.852,4.54748e-06,64.9129,142.051,1.43857e-06,73.4897,178.803,4.36618e-07,83.1934,225.062,1.40153e-07,94.1745,283.286,4.96378e-08,106.602,356.568,1.05434e-07,120.669,448.799,-6.49244e-08,136.59,564.873,1.70148e-07,154.611,710.948,-5.34594e-08,175.008,894.767,1.63407e-07,198.097,1126.06,8.04804e-08,224.231,1417.07,1.14667e-07,253.813,1783.15,-1.71227e-07,287.297,2243.62,-2.88466e-07,325.198,2822.67,-4.33651e-07,368.098,3550.67,7.9318e-08,416.657,4465.65,3.13319e-07,471.621,5615.16,3.4613e-07,533.835,7058.61,-1.19199e-07,604.255,8870.02,-2.79964e-07,683.962,11141.4,-2.30521e-07,774.182,13986.7,-2.55099e-07,876.299,17546.4,1.23585e-07,991.883,21993.1,1.41192e-07,1122.71,27536.7,-9.71886e-08,1270.78,34430.7,-3.68368e-07,1438.38,42977.7,-3.45379e-07,1628.07,53532.7,-3.25328e-09,1842.77,66504.6,2.6362e-07,2085.77,82350.2,2.53445e-07,2360.79,101560,-2.47407e-08,2672.05,124632,-3.80602e-07,3024.31,152018,-4.79005e-07,3422.98,184060,-1.14379e-07,3874.15,220884,2.64297e-07,4384.72,262283,3.44131e-07,4962.49,307576,7.5349e-08,5616.29,355497,-3.63097e-07,6356.1,404126,-6.05442e-07,7193.18,450932,-2.72333e-07,8140.28,492963,2.29675e-07,9211.79,527178,4.3387e-07,10424,550893,-1.0711e-07,10.102,8.06553,2.81012,10.6436,8.57909,0.869423,11.5336,10.2515,0.270869,12.7211,12.7138,0.0844293,14.1823,15.9373,0.0263173,15.9122,20.0383,0.0082035,17.9198,25.2154,0.00255722,20.2244,31.7373,0.000797017,22.8539,39.9486,0.000248622,25.8438,50.2851,7.75492e-05,29.237,63.2963,2.42508e-05,33.0837,79.6738,7.67162e-06,37.4415,100.288,2.32837e-06,42.3767,126.236,7.33e-07,47.9646,158.896,2.79256e-07,54.2906,200.003,9.87351e-09,61.452,251.741,1.61085e-07,69.5585,316.859,-2.47141e-07,78.7347,398.812,8.93552e-08,89.1218,501.948,-2.53231e-07,100.879,631.736,-1.25047e-07,114.188,795.049,-1.78808e-07,129.252,1000.53,2.6733e-07,146.304,1259.03,4.50292e-07,165.605,1584.19,6.76904e-07,187.452,1993.12,-1.23808e-07,212.181,2507.27,-4.89068e-07,240.173,3153.54,-5.40284e-07,271.856,3965.56,1.86061e-07,307.719,4985.38,4.37004e-07,348.313,6265.4,3.59828e-07,394.26,7870.83,3.98192e-07,446.268,9882.51,-1.92908e-07,505.135,12400.3,-2.20392e-07,571.766,15546.9,1.51705e-07,647.184,19472.2,5.74996e-07,732.547,24357.4,5.39112e-07,829.167,30420,5.07815e-09,938.526,37916.3,-4.11492e-07,1062.3,47143.9,-3.9561e-07,1202.4,58439.2,3.86185e-08,1360.96,72169.3,5.94093e-07,1540.42,88715.8,7.47693e-07,1743.53,108445,1.78537e-07,1973.41,131665,-4.12549e-07,2233.57,158557,-5.37164e-07,2528,189103,-1.17615e-07,2861.2,222986,5.66769e-07,3238.27,259510,9.45053e-07,3664.97,297540,4.25093e-07,4147.81,335497,-3.58506e-07,4694.17,371444,-6.7724e-07,5312.37,403256,1.67192e-07,1.61744,3.89446,9.84394,3.28846,7.5504,12.774,5.07607,11.7187,13.6844,7.03202,16.8147,13.9681,9.20215,23.1769,14.0566,11.6301,31.1672,14.0841,14.3598,41.2186,14.0927,17.4376,53.8688,14.0954,20.9137,69.7915,14.0962,24.8432,89.8341,14.0965,29.2879,115.063,14.0966,34.3168,146.819,14.0966,40.0078,186.792,14.0966,46.4487,237.107,14.0966,53.7388,300.44,14.0966,61.9903,380.158,14.0966,71.3301,480.499,14.0966,81.902,606.796,14.0966,93.8685,765.761,14.0966,107.414,965.837,14.0966,122.746,1217.65,14.0966,140.101,1534.57,14.0966,159.745,1933.41,14.0966,181.981,2435.3,14.0966,207.15,3066.85,14.0966,235.64,3861.46,14.0966,267.889,4861.11,14.0966,304.391,6118.54,14.0966,345.709,7699.91,14.0966,392.478,9688.22,14.0966,445.417,12187.5,14.0966,505.339,15327.7,14.0966,573.165,19271.6,14.0966,649.938,24222,14.0966,736.839,30430.9,14.0966,835.202,38211.5,14.0966,946.539,47950.3,14.0966,1072.56,60122.8,14.0966,1215.21,75309.9,14.0966,1376.66,94216.2,14.0966,1559.41,117688,14.0966,1766.26,146729,14.0966,2000.39,182510,14.0966,2265.39,226372,14.0966,2565.33,279806,14.0966,2904.81,344416,14.0966,3289.05,421845,14.0966,3723.93,513667,14.0966,4216.13,621231,14.0966,4773.18,745478,14.0966,5403.64,886744,14.0966,6117.15,1.04457e+06,14.0966,6924.63,1.2176e+06,14.0966,11.7194,11.96,12.6541,13.9321,16.1295,13.6434,16.6097,21.9702,13.9553,19.7532,29.5285,14.0526,23.3844,39.1143,14.0829,27.5423,51.2054,14.0923,32.2796,66.434,14.0953,37.662,85.6061,14.0962,43.7675,109.74,14.0965,50.687,140.119,14.0966,58.5249,178.359,14.0966,67.4005,226.493,14.0966,77.4493,287.08,14.0966,88.8254,363.343,14.0966,101.703,459.336,14.0966,116.281,580.161,14.0966,132.782,732.241,14.0966,151.46,923.655,14.0966,172.603,1164.57,14.0966,196.535,1467.79,14.0966,223.625,1849.39,14.0966,254.288,2329.62,14.0966,288.997,2933.93,14.0966,328.285,3694.33,14.0966,372.755,4651.04,14.0966,423.092,5854.57,14.0966,480.07,7368.38,14.0966,544.564,9272.08,14.0966,617.566,11665.5,14.0966,700.197,14673.6,14.0966,793.729,18452.9,14.0966,899.599,23198.6,14.0966,1019.43,29154.1,14.0966,1155.07,36622.3,14.0966,1308.6,45977.9,14.0966,1482.39,57683.7,14.0966,1679.09,72307.8,14.0966,1901.73,90542.8,14.0966,2153.73,113226,14.0966,2438.97,141360,14.0966,2761.81,176127,14.0966,3127.22,218898,14.0966,3540.81,271226,14.0966,4008.92,334817,14.0966,4538.74,411470,14.0966,5138.38,502973,14.0966,5817.04,610948,14.0966,6585.12,736653,14.0966,7454.39,880741,14.0966,8438.15,1.04302e+06,14.0966,9551.45,1.22224e+06,14.0966,10811.3,1.41602e+06,14.0966,12237,1.62086e+06,14.0966,11.7194,11.96,12.6541,2.21263,4.16949,0.989383,2.67766,5.84076,0.311842,3.14343,7.55825,0.0972771,3.63127,9.58578,0.0303237,4.15787,12.0912,0.00945211,4.73731,15.2286,0.00294633,5.38238,19.1721,0.000918508,6.10553,24.134,0.000286163,6.91951,30.3791,8.92692e-05,7.83792,38.2397,2.78121e-05,8.87555,48.1338,8.65134e-06,10.0489,60.5876,2.7882e-06,11.3761,76.2629,8.29036e-07,12.8779,95.9927,2.4373e-07,14.5775,120.825,4.33068e-09,16.5012,152.08,1.75749e-07,18.6784,191.415,-1.86328e-07,21.1428,240.917,1.91829e-07,23.9322,303.213,-1.81475e-07,27.0895,381.602,7.0186e-08,30.6634,480.231,-2.86769e-08,34.7087,604.316,2.40784e-07,39.2876,760.401,9.87368e-08,44.4705,956.705,1.22263e-07,50.3371,1203.54,-4.31966e-07,56.9776,1513.81,-1.9705e-07,64.494,1903.69,-2.763e-08,73.0018,2393.4,3.9185e-07,82.6317,3008.13,1.35379e-07,93.5318,3779.25,-4.16351e-08,105.869,4745.7,2.06965e-08,119.834,5955.6,-3.18887e-07,135.641,7468.12,-1.48271e-08,153.531,9355.62,2.00739e-07,173.781,11705.8,2.28358e-07,196.701,14624.1,-1.93587e-08,222.642,18235,-2.88101e-07,252.003,22683.4,-2.24732e-07,285.234,28134,8.56806e-09,322.845,34767,2.34258e-07,365.413,42770.9,2.99668e-07,413.588,52327.9,8.28644e-08,468.111,63591.2,-3.07049e-07,529.814,76653.2,-3.1888e-07,599.642,91502.5,-6.72276e-08,678.662,107975,2.26339e-07,768.083,125705,3.69212e-07,869.267,144088,2.04077e-07,983.76,162277,-2.80509e-07,1113.3,179223,-4.22737e-07,1259.87,193777,-1.71951e-07,1425.68,204839,4.55555e-07,11.7194,11.96,12.6541,2.21263,4.16949,0.989383,2.67766,5.84076,0.311842,3.14343,7.55825,0.0972771,3.63127,9.58578,0.0303237,4.15787,12.0912,0.00945211,4.73731,15.2286,0.00294633,5.38238,19.1721,0.000918508,6.10553,24.134,0.000286163,6.91951,30.3791,8.92692e-05,7.83792,38.2397,2.78121e-05,8.87555,48.1338,8.65134e-06,10.0489,60.5876,2.7882e-06,11.3761,76.2629,8.29036e-07,12.8779,95.9927,2.4373e-07,14.5775,120.825,1e-08,16.5012,152.08,1.75749e-07,18.6784,191.415,1e-08,21.1428,240.917,1.91829e-07,23.9322,303.213,1e-08,27.0895,381.602,7.0186e-08,30.6634,480.231,1e-08,34.7087,604.316,2.40784e-07,39.2876,760.401,9.87368e-08,44.4705,956.705,1.22263e-07,50.3371,1203.54,1e-08,56.9776,1513.81,1e-08,64.494,1903.69,1e-08,73.0018,2393.4,3.9185e-07,82.6317,3008.13,1.35379e-07,93.5318,3779.25,1e-08,105.869,4745.7,2.06965e-08,119.834,5955.6,1e-08,135.641,7468.12,1e-08,153.531,9355.62,2.00739e-07,173.781,11705.8,2.28358e-07,196.701,14624.1,1e-08,222.642,18235,1e-08,252.003,22683.4,1e-08,285.234,28134,1e-08,322.845,34767,2.34258e-07,365.413,42770.9,2.99668e-07,413.588,52327.9,8.28644e-08,468.111,63591.2,1e-08,529.814,76653.2,1e-08,599.642,91502.5,1e-08,678.662,107975,2.26339e-07,768.083,125705,3.69212e-07,869.267,144088,2.04077e-07,983.76,162277,1e-08,1113.3,179223,1e-08,1259.87,193777,1e-08,1425.68,204839,4.55555e-07,6.2823,3.27286,2.43537,0.219672,6.18826,2.24117,0.56371,6.87772,2.63624,0.308279,13,21,9,3,2,0,0,4,0,2,7,0,4,17,0,4,17,0,5,20,0,8,10,0,6,13,0,7,15,0,15,50,0,15,33,0,8,57,0,18,124,0,9,47,0,16,104,0,18,147,0,12,270,0,17,159,0,26,413,0,41,322,0,10,623,0,41,535,0,15,1167,0,46,453,0,40,635,0,28,1860,0,81,4872,0,87,1250,0,150,4528,0,137,3052,0,69,3469,0,44,5342,0,227,14208,0,105,11881,0,239,8215,0,272,24174,0,238,15082,0,109,14110,0,241,47824,0,140,38473,0,372,52090,0,469,43472,0,447,55375,0,276,46384,0,622,73471,0,571,192687,0,626,126760,0,917,105276,0,1116,108068,0,1188,224285,0,683,91491,0,1245,145819,0
-1.05176e+08,1,8.88811e-15,10,1023,0,1.05176e+08,0.528882,1.08665,0.389689,0.145397,0.379329,3.24381,0.161596,0.446195,1.77396,0.159177,1.15e+07,4.49998e+06,6.79999e+06,1.15e+07,4.49997e+06,6.79999e+06,1.15e+07,4.49996e+06,6.79999e+06,1.15e+07,4.49995e+06,6.79999e+06,1.14999e+07,4.49993e+06,6.79999e+06,1.14999e+07,4.49991e+06,6.79999e+06,1.14999e+07,4.49989e+06,6.79999e+06,1.14999e+07,4.49986e+06,6.79999e+06,1.14999e+07,4.49982e+06,6.79999e+06,1.14999e+07,4.49977e+06,6.79999e+06,1.14999e+07,4.49971e+06,6.79999e+06,1.14999e+07,4.49963e+06,6.79999e+06,1.14998e+07,4.49953e+06,6.79999e+06,1.14998e+07,4.49941e+06,6.79999e+06,1.14998e+07,4.49926e+06,6.79999e+06,1.14998e+07,4.49906e+06,6.79999e+06,1.14997e+07,4.49882e+06,6.79999e+06,1.14997e+07,4.49851e+06,6.79999e+06,1.14997e+07,4.49812e+06,6.79999e+06,1.14996e+07,4.49764e+06,6.79999e+06,1.14996e+07,4.49702e+06,6.79999e+06,1.14995e+07,4.49625e+06,6.79999e+06,1.14995e+07,4.49528e+06,6.79999e+06,1.14994e+07,4.49406e+06,6.79999e+06,1.14993e+07,4.49253e+06,6.79999e+06,1.14992e+07,4.49059e+06,6.79999e+06,1.14991e+07,4.48817e+06,6.79999e+06,1.1499e+07,4.48511e+06,6.79999e+06,1.14988e+07,4.48128e+06,6.79999e+06,1.14987e+07,4.47646e+06,6.79999e+06,1.14985e+07,4.47041e+06,6.79999e+06,1.14983e+07,4.46281e+06,6.79999e+06,1.14981e+07,4.4533e+06,6.79999e+06,1.14979e+07,4.44138e+06,6.79999e+06,1.14976e+07,4.42649e+06,6.79999e+06,1.14972e+07,4.40789e+06,6.79999e+06,1.14969e+07,4.38471e+06,6.79999e+06,1.14965e+07,4.35592e+06,6.79999e+06,1.1496e+07,4.32027e+06,6.79999e+06,1.14955e+07,4.27629e+06,6.79999e+06,1.14949e+07,4.22231e+06,6.79999e+06,1.14942e+07,4.15647e+06,6.79999e+06,1.14934e+07,4.07676e+06,6.79999e+06,1.14926e+07,3.98112e+06,6.79999e+06,1.14916e+07,3.86765e+06,6.79999e+06,1.14905e+07,3.73474e+06,6.79999e+06,1.14892e+07,3.58148e+06,6.79999e+06,1.14878e+07,3.40785e+06,6.79999e+06,1.14862e+07,3.21513e+06,6.79999e+06,1.14844e+07,3.00605e+06,6.79999e+06,1.14823e+07,2.7848e+06,6.79999e+06,1.148e+07,2.5568e+06,6.79999e+06,1.14773e+07,2.32825e+06,6.79999e+06,13.5742,8.52444,0.508366,16.8306,13.2585,0.162638,20.0035,17.569,0.0507846,23.2616,22.4214,0.0158319,26.7328,28.3297,0.00493498,30.5212,35.6974,0.00153831,34.7178,44.9473,0.000479527,39.4086,56.5822,0.000149456,44.6796,71.2245,4.66214e-05,50.6209,89.6543,1.45419e-05,57.3297,112.852,4.54748e-06,64.9129,142.051,1.43857e-06,73.4897,178.803,4.36618e-07,83.1934,225.062,1.40153e-07,94.1745,283.286,4.96378e-08,106.602,356.568,1.05434e-07,120.669,448.799,-6.49244e-08,136.59,564.873,1.70148e-07,154.611,710.948,-5.34594e-08,175.008,894.767,1.63407e-07,198.097,1126.06,8.04804e-08,224.231,1417.07,1.14667e-07,253.813,1783.15,-1.71227e-07,287.297,2243.62,-2.88466e-07,325.198,2822.67,-4.33651e-07,368.098,3550.67,7.9318e-08,416.657,4465.65,3.13319e-07,471.621,5615.16,3.4613e-07,533.835,7058.61,-1.19199e-07,604.255,8870.02,-2.79964e-07,683.962,11141.4,-2.30521e-07,774.182,13986.7,-2.55099e-07,876.299,17546.4,1.23585e-07,991.883,21993.1,1.41192e-07,1122.71,27536.7,-9.71886e-08,1270.78,34430.7,-3.68368e-07,1438.38,42977.7,-3.45379e-07,1628.07,53532.7,-3.25328e-09,1842.77,66504.6,2.6362e-07,2085.77,82350.2,2.53445e-07,2360.79,101560,-2.47407e-08,2672.05,124632,-3.80602e-07,3024.31,152018,-4.79005e-07,3422.98,184060,-1.14379e-07,3874.15,220884,2.64297e-07,4384.72,262283,3.44131e-07,4962.49,307576,7.5349e-08,5616.29,355497,-3.63097e-07,6356.1,404126,-6.05442e-07,7193.18,450932,-2.72333e-07,8140.28,492963,2.29675e-07,9211.79,527178,4.3387e-07,10424,550893,-1.0711e-07,10.102,8.06553,2.81012,10.6436,8.57909,0.869423,11.5336,10.2515,0.270869,12.7211,12.7138,0.0844293,14.1823,15.9373,0.0263173,15.9122,20.0383,0.0082035,17.9198,25.2154,0.00255722,20.2244,31.7373,0.000797017,22.8539,39.9486,0.000248622,25.8438,50.2851,7.75492e-05,29.237,63.2963,2.42508e-05,33.0837,79.6738,7.67162e-06,37.4415,100.288,2.32837e-06,42.3767,126.236,7.33e-07,47.9646,158.896,2.79256e-07,54.2906,200.003,9.87351e-09,61.452,251.741,1.61085e-07,69.5585,316.859,-2.47141e-07,78.7347,398.812,8.93552e-08,89.1218,501.948,-2.53231e-07,100.879,631.736,-1.25047e-07,114.188,795.049,-1.78808e-07,129.252,1000.53,2.6733e-07,146.304,1259.03,4.50292e-07,165.605,1584.19,6.76904e-07,187.452,1993.12,-1.23808e-07,212.181,2507.27,-4.89068e-07,240.173,3153.54,-5.40284e-07,271.856,3965.56,1.86061e-07,307.719,4985.38,4.37004e-07,348.313,6265.4,3.59828e-07,394.26,7870.83,3.98192e-07,446.268,9882.51,-1.92908e-07,505.135,12400.3,-2.20392e-07,571.766,15546.9,1.51705e-07,647.184,19472.2,5.74996e-07,732.547,24357.4,5.39112e-07,829.167,30420,5.07815e-09,938.526,37916.3,-4.11492e-07,1062.3,47143.9,-3.9561e-07,1202.4,58439.2,3.86185e-08,1360.96,72169.3,5.94093e-07,1540.42,88715.8,7.47693e-07,1743.53,108445,1.78537e-07,1973.41,131665,-4.12549e-07,2233.57,158557,-5.37164e-07,2528,189103,-1.17615e-07,2861.2,222986,5.66769e-07,3238.27,259510,9.45053e-07,3664.97,297540,4.25093e-07,4147.81,335497,-3.58506e-07,4694.17,371444,-6.7724e-07,5312.37,403256,1.67192e-07,1.61744,3.89446,9.84394,3.28846,7.5504,12.774,5.07607,11.7187,13.6844,7.03202,16.8147,13.9681,9.20215,23.1769,14.0566,11.6301,31.1672,14.0841,14.3598,41.2186,14.0927,17.4376,53.8688,14.0954,20.9137,69.7915,14.0962,24.8432,89.8341,14.0965,29.2879,115.063,14.0966,34.3168,146.819,14.0966,40.0078,186.792,14.0966,46.4487,237.107,14.0966,53.7388,300.44,14.0966,61.9903,380.158,14.0966,71.3301,480.499,14.0966,81.902,606.796,14.0966,93.8685,765.761,14.0966,107.414,965.837,14.0966,122.746,1217.65,14.0966,140.101,1534.57,14.0966,159.745,1933.41,14.0966,181.981,2435.3,14.0966,207.15,3066.85,14.0966,235.64,3861.46,14.0966,267.889,4861.11,14.0966,304.391,6118.54,14.0966,345.709,7699.91,14.0966,392.478,9688.22,14.0966,445.417,12187.5,14.0966,505.339,15327.7,14.0966,573.165,19271.6,14.0966,649.938,24222,14.0966,736.839,30430.9,14.0966,835.202,38211.5,14.0966,946.539,47950.3,14.0966,1072.56,60122.8,14.0966,1215.21,75309.9,14.0966,1376.66,94216.2,14.0966,1559.41,117688,14.0966,1766.26,146729,14.0966,2000.39,182510,14.0966,2265.39,226372,14.0966,2565.33,279806,14.0966,2904.81,344416,14.0966,3289.05,421845,14.0966,3723.93,513667,14.0966,4216.13,621231,14.0966,4773.18,745478,14.0966,5403.64,886744,14.0966,6117.15,1.04457e+06,14.0966,6924.63,1.2176e+06,14.0966,11.7194,11.96,12.6541,13.9321,16.1295,13.6434,16.6097,21.9702,13.9553,19.7532,29.5285,14.0526,23.3844,39.1143,14.0829,27.5423,51.2054,14.0923,32.2796,66.434,14.0953,37.662,85.6061,14.0962,43.7675,109.74,14.0965,50.687,140.119,14.0966,58.5249,178.359,14.0966,67.4005,226.493,14.0966,77.4493,287.08,14.0966,88.8254,363.343,14.0966,101.703,459.336,14.0966,116.281,580.161,14.0966,132.782,732.241,14.0966,151.46,923.655,14.0966,172.603,1164.57,14.0966,196.535,1467.79,14.0966,223.625,1849.39,14.0966,254.288,2329.62,14.0966,288.997,2933.93,14.0966,328.285,3694.33,14.0966,372.755,4651.04,14.0966,423.092,5854.57,14.0966,480.07,7368.38,14.0966,544.564,9272.08,14.0966,617.566,11665.5,14.0966,700.197,14673.6,14.0966,793.729,18452.9,14.0966,899.599,23198.6,14.0966,1019.43,29154.1,14.0966,1155.07,36622.3,14.0966,1308.6,45977.9,14.0966,1482.39,57683.7,14.0966,1679.09,72307.8,14.0966,1901.73,90542.8,14.0966,2153.73,113226,14.0966,2438.97,141360,14.0966,2761.81,176127,14.0966,3127.22,218898,14.0966,3540.81,271226,14.0966,4008.92,334817,14.0966,4538.74,411470,14.0966,5138.38,502973,14.0966,5817.04,610948,14.0966,6585.12,736653,14.0966,7454.39,880741,14.0966,8438.15,1.04302e+06,14.0966,9551.45,1.22224e+06,14.0966,10811.3,1.41602e+06,14.0966,12237,1.62086e+06,14.0966,11.7194,11.96,12.6541,2.21263,4.16949,0.989383,2.67766,5.84076,0.311842,3.14343,7.55825,0.0972771,3.63127,9.58578,0.0303237,4.15787,12.0912,0.00945211,4.73731,15.2286,0.00294633,5.38238,19.1721,0.000918508,6.10553,24.134,0.000286163,6.91951,30.3791,8.92692e-05,7.83792,38.2397,2.78121e-05,8.87555,48.1338,8.65134e-06,10.0489,60.5876,2.7882e-06,11.3761,76.2629,8.29036e-07,12.8779,95.9927,2.4373e-07,14.5775,120.825,4.33068e-09,16.5012,152.08,1.75749e-07,18.6784,191.415,-1.86328e-07,21.1428,240.917,1.91829e-07,23.9322,303.213,-1.81475e-07,27.0895,381.602,7.0186e-08,30.6634,480.231,-2.86769e-08,34.7087,604.316,2.40784e-07,39.2876,760.401,9.87368e-08,44.4705,956.705,1.22263e-07,50.3371,1203.54,-4.31966e-07,56.9776,1513.81,-1.9705e-07,64.494,1903.69,-2.763e-08,73.0018,2393.4,3.9185e-07,82.6317,3008.13,1.35379e-07,93.5318,3779.25,-4.16351e-08,105.869,4745.7,2.06965e-08,119.834,5955.6,-3.18887e-07,135.641,7468.12,-1.48271e-08,153.531,9355.62,2.00739e-07,173.781,11705.8,2.28358e-07,196.701,14624.1,-1.93587e-08,222.642,18235,-2.88101e-07,252.003,22683.4,-2.24732e-07,285.234,28134,8.56806e-09,322.845,34767,2.34258e-07,365.413,42770.9,2.99668e-07,413.588,52327.9,8.28644e-08,468.111,63591.2,-3.07049e-07,529.814,76653.2,-3.1888e-07,599.642,91502.5,-6.72276e-08,678.662,107975,2.26339e-07,768.083,125705,3.69212e-07,869.267,144088,2.04077e-07,983.76,162277,-2.80509e-07,1113.3,179223,-4.22737e-07,1259.87,193777,-1.71951e-07,1425.68,204839,4.55555e-07,11.7194,11.96,12.6541,2.21263,4.16949,0.989383,2.67766,5.84076,0.311842,3.14343,7.55825,0.0972771,3.63127,9.58578,0.0303237,4.15787,12.0912,0.00945211,4.73731,15.2286,0.00294633,5.38238,19.1721,0.000918508,6.10553,24.134,0.000286163,6.91951,30.3791,8.92692e-05,7.83792,38.2397,2.78121e-05,8.87555,48.1338,8.65134e-06,10.0489,60.5876,2.7882e-06,11.3761,76.2629,8.29036e-07,12.8779,95.9927,2.4373e-07,14.5775,120.825,1e-08,16.5012,152.08,1.75749e-07,18.6784,191.415,1e-08,21.1428,240.917,1.91829e-07,23.9322,303.213,1e-08,27.0895,381.602,7.0186e-08,30.6634,480.231,1e-08,34.7087,604.316,2.40784e-07,39.2876,760.401,9.87368e-08,44.4705,956.705,1.22263e-07,50.3371,1203.54,1e-08,56.9776,1513.81,1e-08,64.494,1903.69,1e-08,73.0018,2393.4,3.9185e-07,82.6317,3008.13,1.35379e-07,93.5318,3779.25,1e-08,105.869,4745.7,2.06965e-08,119.834,5955.6,1e-08,135.641,7468.12,1e-08,153.531,9355.62,2.00739e-07,173.781,11705.8,2.28358e-07,196.701,14624.1,1e-08,222.642,18235,1e-08,252.003,22683.4,1e-08,285.234,28134,1e-08,322.845,34767,2.34258e-07,365.413,42770.9,2.99668e-07,413.588,52327.9,8.28644e-08,468.111,63591.2,1e-08,529.814,76653.2,1e-08,599.642,91502.5,1e-08,678.662,107975,2.26339e-07,768.083,125705,3.69212e-07,869.267,144088,2.04077e-07,983.76,162277,1e-08,1113.3,179223,1e-08,1259.87,193777,1e-08,1425.68,204839,4.55555e-07,6.2823,3.27286,2.43537,0.219672,6.18826,2.24117,0.56371,6.87772,2.63624,0.308279,9,20,10,2,7,1,2,8,2,4,7,0,7,10,0,5,14,0,4,15,0,6,12,0,10,32,0,6,25,0,9,44,0,8,33,0,7,53,0,16,104,0,15,64,0,17,121,0,18,88,0,16,155,0,21,139,0,17,205,0,27,483,0,44,309,0,35,628,0,33,1065,0,56,1995,0,44,1291,0,57,1235,0,66,1210,0,30,2869,0,29,2541,0,63,5609,0,64,2023,0,116,3123,0,168,6714,0,171,10672,0,193,9635,0,184,14222,0,177,22070,0,343,26222,0,288,17097,0,367,55035,0,371,23266,0,263,31616,0,519,79842,0,443,48702,0,215,50080,0,797,192857,0,754,102922,0,696,247366,0,732,233663,0,1349,108531,0,1377,167364,0,1293,138333,0
-1.05176e+08,1,8.88811e-15,10,1023,0,1.05176e+08,0.528882,1.08665,0.389689,0.145397,0.379329,3.24381,0.161596,0.446195,1.77396,0.159177,1.15e+07,4.49998e+06,6.79999e+06,1.15e+07,4.49997e+06,6.79999e+06,1.15e+07,4.49996e+06,6.79999e+06,1.15e+07,4.49995e+06,6.79999e+06,1.14999e+07,4.49993e+06,6.79999e+06,1.14999e+07,4.49991e+06,6.79999e+06,1.14999e+07,4.49989e+06,6.79999e+06,1.14999e+07,4.49986e+06,6.79999e+06,1.14999e+07,4.49982e+06,6.79999e+06,1.14999e+07,4.49977e+06,6.79999e+06,1.14999e+07,4.49971e+06,6.79999e+06,1.14999e+07,4.49963e+06,6.79999e+06,1.14998e+07,4.49953e+06,6.79999e+06,1.14998e+07,4.49941e+06,6.79999e+06,1.14998e+07,4.49926e+06,6.79999e+06,1.14998e+07,4.49906e+06,6.79999e+06,1.14997e+07,4.49882e+06,6.79999e+06,1.14997e+07,4.49851e+06,6.79999e+06,1.14997e+07,4.49812e+06,6.79999e+06,1.14996e+07,4.49764e+06,6.79999e+06,1.14996e+07,4.49702e+06,6.79999e+06,1.14995e+07,4.49625e+06,6.79999e+06,1.14995e+07,4.49528e+06,6.79999e+06,1.14994e+07,4.49406e+06,6.79999e+06,1.14993e+07,4.49253e+06,6.79999e+06,1.14992e+07,4.49059e+06,6.79999e+06,1.14991e+07,4.48817e+06,6.79999e+06,1.1499e+07,4.48511e+06,6.79999e+06,1.14988e+07,4.48128e+06,6.79999e+06,1.14987e+07,4.47646e+06,6.79999e+06,1.14985e+07,4.47041e+06,6.79999e+06,1.14983e+07,4.46281e+06,6.79999e+06,1.14981e+07,4.4533e+06,6.79999e+06,1.14979e+07,4.44138e+06,6.79999e+06,1.14976e+07,4.42649e+06,6.79999e+06,1.14972e+07,4.40789e+06,6.79999e+06,1.14969e+07,4.38471e+06,6.79999e+06,1.14965e+07,4.35592e+06,6.79999e+06,1.1496e+07,4.32027e+06,6.79999e+06,1.14955e+07,4.27629e+06,6.79999e+06,1.14949e+07,4.22231e+06,6.79999e+06,1.14942e+07,4.15647e+06,6.79999e+06,1.14934e+07,4.07676e+06,6.79999e+06,1.14926e+07,3.98112e+06,6.79999e+06,1.14916e+07,3.86765e+06,6.79999e+06,1.14905e+07,3.73474e+06,6.79999e+06,1.14892e+07,3.58148e+06,6.79999e+06,1.14878e+07,3.40785e+06,6.79999e+06,1.14862e+07,3.21513e+06,6.79999e+06,1.14844e+07,3.00605e+06,6.79999e+06,1.14823e+07,2.7848e+06,6.79999e+06,1.148e+07,2.5568e+06,6.79999e+06,1.14773e+07,2.32825e+06,6.79999e+06,13.5742,8.52444,0.508366,16.8306,13.2585,0.162638,20.0035,17.569,0.0507846,23.2616,22.4214,0.0158319,26.7328,28.3297,0.00493498,30.5212,35.6974,0.00153831,34.7178,44.9473,0.000479527,39.4086,56.5822,0.000149456,44.6796,71.2245,4.66214e-05,50.6209,89.6543,1.45419e-05,57.3297,112.852,4.54748e-06,64.9129,142.051,1.43857e-06,73.4897,178.803,4.36618e-07,83.1934,225.062,1.40153e-07,94.1745,283.286,4.96378e-08,106.602,356.568,1.05434e-07,120.669,448.799,-6.49244e-08,136.59,564.873,1.70148e-07,154.611,710.948,-5.34594e-08,175.008,894.767,1.63407e-07,198.097,1126.06,8.04804e-08,224.231,1417.07,1.14667e-07,253.813,1783.15,-1.71227e-07,287.297,2243.62,-2.88466e-07,325.198,2822.67,-4.33651e-07,368.098,3550.67,7.9318e-08,416.657,4465.65,3.13319e-07,471.621,5615.16,3.4613e-07,533.835,7058.61,-1.19199e-07,604.255,8870.02,-2.79964e-07,683.962,11141.4,-2.30521e-07,774.182,13986.7,-2.55099e-07,876.299,17546.4,1.23585e-07,991.883,21993.1,1.41192e-07,1122.71,27536.7,-9.71886e-08,1270.78,34430.7,-3.68368e-07,1438.38,42977.7,-3.45379e-07,1628.07,53532.7,-3.25328e-09,1842.77,66504.6,2.6362e-07,2085.77,82350.2,2.53445e-07,2360.79,101560,-2.47407e-08,2672.05,124632,-3.80602e-07,3024.31,152018,-4.79005e-07,3422.98,184060,-1.14379e-07,3874.15,220884,2.64297e-07,4384.72,262283,3.44131e-07,4962.49,307576,7.5349e-08,5616.29,355497,-3.63097e-07,6356.1,404126,-6.05442e-07,7193.18,450932,-2.72333e-07,8140.28,492963,2.29675e-07,9211.79,527178,4.3387e-07,10424,550893,-1.0711e-07,10.102,8.06553,2.81012,10.6436,8.57909,0.869423,11.5336,10.2515,0.270869,12.7211,12.7138,0.0844293,14.1823,15.9373,0.0263173,15.9122,20.0383,0.0082035,17.9198,25.2154,0.00255722,20.2244,31.7373,0.000797017,22.8539,39.9486,0.000248622,25.8438,50.2851,7.75492e-05,29.237,63.2963,2.42508e-05,33.0837,79.6738,7.67162e-06,37.4415,100.288,2.32837e-06,42.3767,126.236,7.33e-07,47.9646,158.896,2.79256e-07,54.2906,200.003,9.87351e-09,61.452,251.741,1.61085e-07,69.5585,316.859,-2.47141e-07,78.7347,398.812,8.93552e-08,89.1218,501.948,-2.53231e-07,100.879,631.736,-1.25047e-07,114.188,795.049,-1.78808e-07,129.252,1000.53,2.6733e-07,146.304,1259.03,4.50292e-07,165.605,1584.19,6.76904e-07,187.452,1993.12,-1.23808e-07,212.181,2507.27,-4.89068e-07,240.173,3153.54,-5.40284e-07,271.856,3965.56,1.86061e-07,307.719,4985.38,4.37004e-07,348.313,6265.4,3.59828e-07,394.26,7870.83,3.98192e-07,446.268,9882.51,-1.92908e-07,505.135,12400.3,-2.20392e-07,571.766,15546.9,1.51705e-07,647.184,19472.2,5.74996e-07,732.547,24357.4,5.39112e-07,829.167,30420,5.07815e-09,938.526,37916.3,-4.11492e-07,1062.3,47143.9,-3.9561e-07,1202.4,58439.2,3.86185e-08,1360.96,72169.3,5.94093e-07,1540.42,88715.8,7.47693e-07,1743.53,108445,1.78537e-07,1973.41,131665,-4.12549e-07,2233.57,158557,-5.37164e-07,2528,189103,-1.17615e-07,2861.2,222986,5.66769e-07,3238.27,259510,9.45053e-07,3664.97,297540,4.25093e-07,4147.81,335497,-3.58506e-07,4694.17,371444,-6.7724e-07,5312.37,403256,1.67192e-07,1.61744,3.89446,9.84394,3.28846,7.5504,12.774,5.07607,11.7187,13.6844,7.03202,16.8147,13.9681,9.20215,23.1769,14.0566,11.6301,31.1672,14.0841,14.3598,41.2186,14.0927,17.4376,53.8688,14.0954,20.9137,69.7915,14.0962,24.8432,89.8341,14.0965,29.2879,115.063,14.0966,34.3168,146.819,14.0966,40.0078,186.792,14.0966,46.4487,237.107,14.0966,53.7388,300.44,14.0966,61.9903,380.158,14.0966,71.3301,480.499,14.0966,81.902,606.796,14.0966,93.8685,765.761,14.0966,107.414,965.837,14.0966,122.746,1217.65,14.0966,140.101,1534.57,14.0966,159.745,1933.41,14.0966,181.981,2435.3,14.0966,207.15,3066.85,14.0966,235.64,3861.46,14.0966,267.889,4861.11,14.0966,304.391,6118.54,14.0966,345.709,7699.91,14.0966,392.478,9688.22,14.0966,445.417,12187.5,14.0966,505.339,15327.7,14.0966,573.165,19271.6,14.0966,649.938,24222,14.0966,736.839,30430.9,14.0966,835.202,38211.5,14.0966,946.539,47950.3,14.0966,1072.56,60122.8,14.0966,1215.21,75309.9,14.0966,1376.66,94216.2,14.0966,1559.41,117688,14.0966,1766.26,146729,14.0966,2000.39,182510,14.0966,2265.39,226372,14.0966,2565.33,279806,14.0966,2904.81,344416,14.0966,3289.05,421845,14.0966,3723.93,513667,14.0966,4216.13,621231,14.0966,4773.18,745478,14.0966,5403.64,886744,14.0966,6117.15,1.04457e+06,14.0966,6924.63,1.2176e+06,14.0966,11.7194,11.96,12.6541,13.9321,16.1295,13.6434,16.6097,21.9702,13.9553,19.7532,29.5285,14.0526,23.3844,39.1143,14.0829,27.5423,51.2054,14.0923,32.2796,66.434,14.0953,37.662,85.6061,14.0962,43.7675,109.74,14.0965,50.687,140.119,14.0966,58.5249,178.359,14.0966,67.4005,226.493,14.0966,77.4493,287.08,14.0966,88.8254,363.343,14.0966,101.703,459.336,14.0966,116.281,580.161,14.0966,132.782,732.241,14.0966,151.46,923.655,14.0966,172.603,1164.57,14.0966,196.535,1467.79,14.0966,223.625,1849.39,14.0966,254.288,2329.62,14.0966,288.997,2933.93,14.0966,328.285,3694.33,14.0966,372.755,4651.04,14.0966,423.092,5854.57,14.0966,480.07,7368.38,14.0966,544.564,9272.08,14.0966,617.566,11665.5,14.0966,700.197,14673.6,14.0966,793.729,18452.9,14.0966,899.599,23198.6,14.0966,1019.43,29154.1,14.0966,1155.07,36622.3,14.0966,1308.6,45977.9,14.0966,1482.39,57683.7,14.0966,1679.09,72307.8,14.0966,1901.73,90542.8,14.0966,2153.73,113226,14.0966,2438.97,141360,14.0966,2761.81,176127,14.0966,3127.22,218898,14.0966,3540.81,271226,14.0966,4008.92,334817,14.0966,4538.74,411470,14.0966,5138.38,502973,14.0966,5817.04,610948,14.0966,6585.12,736653,14.0966,7454.39,880741,14.0966,8438.15,1.04302e+06,14.0966,9551.45,1.22224e+06,14.0966,10811.3,1.41602e+06,14.0966,12237,1.62086e+06,14.0966,11.7194,11.96,12.6541,2.21263,4.16949,0.989383,2.67766,5.84076,0.311842,3.14343,7.55825,0.0972771,3.63127,9.58578,0.0303237,4.15787,12.0912,0.00945211,4.73731,15.2286,0.00294633,5.38238,19.1721,0.000918508,6.10553,24.134,0.000286163,6.91951,30.3791,8.92692e-05,7.83792,38.2397,2.78121e-05,8.87555,48.1338,8.65134e-06,10.0489,60.5876,2.7882e-06,11.3761,76.2629,8.29036e-07,12.8779,95.9927,2.4373e-07,14.5775,120.825,4.33068e-09,16.5012,152.08,1.75749e-07,18.6784,191.415,-1.86328e-07,21.1428,240.917,1.91829e-07,23.9322,303.213,-1.81475e-07,27.0895,381.602,7.0186e-08,30.6634,480.231,-2.86769e-08,34.7087,604.316,2.40784e-07,39.2876,760.401,9.87368e-08,44.4705,956.705,1.22263e-07,50.3371,1203.54,-4.31966e-07,56.9776,1513.81,-1.9705e-07,64.494,1903.69,-2.763e-08,73.0018,2393.4,3.9185e-07,82.6317,3008.13,1.35379e-07,93.5318,3779.25,-4.16351e-08,105.869,4745.7,2.06965e-08,119.834,5955.6,-3.18887e-07,135.641,7468.12,-1.48271e-08,153.531,9355.62,2.00739e-07,173.781,11705.8,2.28358e-07,196.701,14624.1,-1.93587e-08,222.642,18235,-2.88101e-07,252.003,22683.4,-2.24732e-07,285.234,28134,8.56806e-09,322.845,34767,2.34258e-07,365.413,42770.9,2.99668e-07,413.588,52327.9,8.28644e-08,468.111,63591.2,-3.07049e-07,529.814,76653.2,-3.1888e-07,599.642,91502.5,-6.72276e-08,678.662,107975,2.26339e-07,768.083,125705,3.69212e-07,869.267,144088,2.04077e-07,983.76,162277,-2.80509e-07,1113.3,179223,-4.22737e-07,1259.87,193777,-1.71951e-07,1425.68,204839,4.55555e-07,11.7194,11.96,12.6541,2.21263,4.16949,0.989383,2.67766,5.84076,0.311842,3.14343,7.55825,0.0972771,3.63127,9.58578,0.0303237,4.15787,12.0912,0.00945211,4.73731,15.2286,0.00294633,5.38238,19.1721,0.000918508,6.10553,24.134,0.000286163,6.91951,30.3791,8.92692e-05,7.83792,38.2397,2.78121e-05,8.87555,48.1338,8.65134e-06,10.0489,60.5876,2.7882e-06,11.3761,76.2629,8.29036e-07,12.8779,95.9927,2.4373e-07,14.5775,120.825,1e-08,16.5012,152.08,1.75749e-07,18.6784,191.415,1e-08,21.1428,240.917,1.91829e-07,23.9322,303.213,1e-08,27.0895,381.602,7.0186e-08,30.6634,480.231,1e-08,34.7087,604.316,2.40784e-07,39.2876,760.401,9.87368e-08,44.4705,956.705,1.22263e-07,50.3371,1203.54,1e-08,56.9776,1513.81,1e-08,64.494,1903.69,1e-08,73.0018,2393.4,3.9185e-07,82.6317,3008.13,1.35379e-07,93.5318,3779.25,1e-08,105.869,4745.7,2.06965e-08,119.834,5955.6,1e-08,135.641,7468.12,1e-08,153.531,9355.62,2.00739e-07,173.781,11705.8,2.28358e-07,196.701,14624.1,1e-08,222.642,18235,1e-08,252.003,22683.4,1e-08,285.234,28134,1e-08,322.845,34767,2.34258e-07,365.413,42770.9,2.99668e-07,413.588,52327.9,8.28644e-08,468.111,63591.2,1e-08,529.814,76653.2,1e-08,599.642,91502.5,1e-08,678.662,107975,2.26339e-07,768.083,125705,3.69212e-07,869.267,144088,2.04077e-07,983.76,162277,1e-08,1113.3,179223,1e-08,1259.87,193777,1e-08,1425.68,204839,4.55555e-07,6.2823,3.27286,2.43537,0.219672,6.18826,2.24117,0.56371,6.87772,2.63624,0.308279,9,15,7,5,3,1,1,3,1,3,4,0,13,12,0,7,10,0,2,25,0,9,20,0,4,20,0,5,11,0,7,41,0,3,99,0,4,43,0,17,31,0,10,94,0,12,76,0,10,182,0,25,78,0,13,487,0,5,631,0,30,367,0,48,363,0,20,694,0,47,1039,0,33,1177,0,31,2006,0,47,1672,0,72,810,0,154,2318,0,100,2494,0,138,3235,0,116,3314,0,119,6001,0,87,13266,0,120,8349,0,117,10350,0,178,21101,0,104,29372,0,217,26295,0,155,7430,0,216,37615,0,426,34591,0,295,24156,0,367,25042,0,485,52079,0,430,143765,0,369,47277,0,933,100018,0,1906,160095,0,1499,118862,0,888,199721,0,605,242545,0,1147,401617,0
-1.05176e+08,1,8.88811e-15,10,1023,0,1.05176e+08,0.528882,1.08665,0.389689,0.145397,0.379329,3.24381,0.161596,0.446195,1.77396,0.159177,1.15e+07,4.49998e+06,6.79999e+06,1.15e+07,4.49997e+06,6.79999e+06,1.15e+07,4.49996e+06,6.79999e+06,1.15e+07,4.49995e+06,6.79999e+06,1.14999e+07,4.49993e+06,6.79999e+06,1.14999e+07,4.49991e+06,6.79999e+06,1.14999e+07,4.49989e+06,6.79999e+06,1.14999e+07,4.49986e+06,6.79999e+06,1.14999e+07,4.49982e+06,6.79999e+06,1.14999e+07,4.49977e+06,6.79999e+06,1.14999e+07,4.49971e+06,6.79999e+06,1.14999e+07,4.49963e+06,6.79999e+06,1.14998e+07,4.49953e+06,6.79999e+06,1.14998e+07,4.49941e+06,6.79999e+06,1.14998e+07,4.49926e+06,6.79999e+06,1.14998e+07,4.49906e+06,6.79999e+06,1.14997e+07,4.49882e+06,6.79999e+06,1.14997e+07,4.49851e+06,6.79999e+06,1.14997e+07,4.49812e+06,6.79999e+06,1.14996e+07,4.49764e+06,6.79999e+06,1.14996e+07,4.49702e+06,6.79999e+06,1.14995e+07,4.49625e+06,6.79999e+06,1.14995e+07,4.49528e+06,6.79999e+06,1.14994e+07,4.49406e+06,6.79999e+06,1.14993e+07,4.49253e+06,6.79999e+06,1.14992e+07,4.49059e+06,6.79999e+06,1.14991e+07,4.48817e+06,6.79999e+06,1.1499e+07,4.48511e+06,6.79999e+06,1.14988e+07,4.48128e+06,6.79999e+06,1.14987e+07,4.47646e+06,6.79999e+06,1.14985e+07,4.47041e+06,6.79999e+06,1.14983e+07,4.46281e+06,6.79999e+06,1.14981e+07,4.4533e+06,6.79999e+06,1.14979e+07,4.44138e+06,6.79999e+06,1.14976e+07,4.42649e+06,6.79999e+06,1.14972e+07,4.40789e+06,6.79999e+06,1.14969e+07,4.38471e+06,6.79999e+06,1.14965e+07,4.35592e+06,6.79999e+06,1.1496e+07,4.32027e+06,6.79999e+06,1.14955e+07,4.27629e+06,6.79999e+06,1.14949e+07,4.22231e+06,6.79999e+06,1.14942e+07,4.15647e+06,6.79999e+06,1.14934e+07,4.07676e+06,6.79999e+06,1.14926e+07,3.98112e+06,6.79999e+06,1.14916e+07,3.86765e+06,6.79999e+06,1.14905e+07,3.73474e+06,6.79999e+06,1.14892e+07,3.58148e+06,6.79999e+06,1.14878e+07,3.40785e+06,6.79999e+06,1.14862e+07,3.21513e+06,6.79999e+06,1.14844e+07,3.00605e+06,6.79999e+06,1.14823e+07,2.7848e+06,6.79999e+06,1.148e+07,2.5568e+06,6.79999e+06,1.14773e+07,2.32825e+06,6.79999e+06,13.5742,8.52444,0.508366,16.8306,13.2585,0.162638,20.0035,17.569,0.0507846,23.2616,22.4214,0.0158319,26.7328,28.3297,0.00493498,30.5212,35.6974,0.00153831,34.7178,44.9473,0.000479527,39.4086,56.5822,0.000149456,44.6796,71.2245,4.66214e-05,50.6209,89.6543,1.45419e-05,57.3297,112.852,4.54748e-06,64.9129,142.051,1.43857e-06,73.4897,178.803,4.36618e-07,83.1934,225.062,1.40153e-07,94.1745,283.286,4.96378e-08,106.602,356.568,1.05434e-07,120.669,448.799,-6.49244e-08,136.59,564.873,1.70148e-07,154.611,710.948,-5.34594e-08,175.008,894.767,1.63407e-07,198.097,1126.06,8.04804e-08,224.231,1417.07,1.14667e-07,253.813,1783.15,-1.71227e-07,287.297,2243.62,-2.88466e-07,325.198,2822.67,-4.33651e-07,368.098,3550.67,7.9318e-08,416.657,4465.65,3.13319e-07,471.621,5615.16,3.4613e-07,533.835,7058.61,-1.19199e-07,604.255,8870.02,-2.79964e-07,683.962,11141.4,-2.30521e-07,774.182,13986.7,-2.55099e-07,876.299,17546.4,1.23585e-07,991.883,21993.1,1.41192e-07,1122.71,27536.7,-9.71886e-08,1270.78,34430.7,-3.68368e-07,1438.38,42977.7,-3.45379e-07,1628.07,53532.7,-3.25328e-09,1842.77,66504.6,2.6362e-07,2085.77,82350.2,2.53445e-07,2360.79,101560,-2.47407e-08,2672.05,124632,-3.80602e-07,3024.31,152018,-4.79005e-07,3422.98,184060,-1.14379e-07,3874.15,220884,2.64297e-07,4384.72,262283,3.44131e-07,4962.49,307576,7.5349e-08,5616.29,355497,-3.63097e-07,6356.1,404126,-6.05442e-07,7193.18,450932,-2.72333e-07,8140.28,492963,2.29675e-07,9211.79,527178,4.3387e-07,10424,550893,-1.0711e-07,10.102,8.06553,2.81012,10.6436,8.57909,0.869423,11.5336,10.2515,0.270869,12.7211,12.7138,0.0844293,14.1823,15.9373,0.0263173,15.9122,20.0383,0.0082035,17.9198,25.2154,0.00255722,20.2244,31.7373,0.000797017,22.8539,39.9486,0.000248622,25.8438,50.2851,7.75492e-05,29.237,63.2963,2.42508e-05,33.0837,79.6738,7.67162e-06,37.4415,100.288,2.32837e-06,42.3767,126.236,7.33e-07,47.9646,158.896,2.79256e-07,54.2906,200.003,9.87351e-09,61.452,251.741,1.61085e-07,69.5585,316.859,-2.47141e-07,78.7347,398.812,8.93552e-08,89.1218,501.948,-2.53231e-07,100.879,631.736,-1.25047e-07,114.188,795.049,-1.78808e-07,129.252,1000.53,2.6733e-07,146.304,1259.03,4.50292e-07,165.605,1584.19,6.76904e-07,187.452,1993.12,-1.23808e-07,212.181,2507.27,-4.89068e-07,240.173,3153.54,-5.40284e-07,271.856,3965.56,1.86061e-07,307.719,4985.38,4.37004e-07,348.313,6265.4,3.59828e-07,394.26,7870.83,3.98192e-07,446.268,9882.51,-1.92908e-07,505.135,12400.3,-2.20392e-07,571.766,15546.9,1.51705e-07,647.184,19472.2,5.74996e-07,732.547,24357.4,5.39112e-07,829.167,30420,5.07815e-09,938.526,37916.3,-4.11492e-07,1062.3,47143.9,-3.9561e-07,1202.4,58439.2,3.86185e-08,1360.96,72169.3,5.94093e-07,1540.42,88715.8,7.47693e-07,1743.53,108445,1.78537e-07,1973.41,131665,-4.12549e-07,2233.57,158557,-5.37164e-07,2528,189103,-1.17615e-07,2861.2,222986,5.66769e-07,3238.27,259510,9.45053e-07,3664.97,297540,4.25093e-07,4147.81,335497,-3.58506e-07,4694.17,371444,-6.7724e-07,5312.37,403256,1.67192e-07,1.61744,3.89446,9.84394,3.28846,7.5504,12.774,5.07607,11.7187,13.6844,7.03202,16.8147,13.9681,9.20215,23.1769,14.0566,11.6301,31.1672,14.0841,14.3598,41.2186,14.0927,17.4376,53.8688,14.0954,20.9137,69.7915,14.0962,24.8432,89.8341,14.0965,29.2879,115.063,14.0966,34.3168,146.819,14.0966,40.0078,186.792,14.0966,46.4487,237.107,14.0966,53.7388,300.44,14.0966,61.9903,380.158,14.0966,71.3301,480.499,14.0966,81.902,606.796,14.0966,93.8685,765.761,14.0966,107.414,965.837,14.0966,122.746,1217.65,14.0966,140.101,1534.57,14.0966,159.745,1933.41,14.0966,181.981,2435.3,14.0966,207.15,3066.85,14.0966,235.64,3861.46,14.0966,267.889,4861.11,14.0966,304.391,6118.54,14.0966,345.709,7699.91,14.0966,392.478,9688.22,14.0966,445.417,12187.5,14.0966,505.339,15327.7,14.0966,573.165,19271.6,14.0966,649.938,24222,14.0966,736.839,30430.9,14.0966,835.202,38211.5,14.0966,946.539,47950.3,14.0966,1072.56,60122.8,14.0966,1215.21,75309.9,14.0966,1376.66,94216.2,14.0966,1559.41,117688,14.0966,1766.26,146729,14.0966,2000.39,182510,14.0966,2265.39,226372,14.0966,2565.33,279806,14.0966,2904.81,344416,14.0966,3289.05,421845,14.0966,3723.93,513667,14.0966,4216.13,621231,14.0966,4773.18,745478,14.0966,5403.64,886744,14.0966,6117.15,1.04457e+06,14.0966,6924.63,1.2176e+06,14.0966,11.7194,11.96,12.6541,13.9321,16.1295,13.6434,16.6097,21.9702,13.9553,19.7532,29.5285,14.0526,23.3844,39.1143,14.0829,27.5423,51.2054,14.0923,32.2796,66.434,14.0953,37.662,85.6061,14.0962,43.7675,109.74,14.0965,50.687,140.119,14.0966,58.5249,178.359,14.0966,67.4005,226.493,14.0966,77.4493,287.08,14.0966,88.8254,363.343,14.0966,101.703,459.336,14.0966,116.281,580.161,14.0966,132.782,732.241,14.0966,151.46,923.655,14.0966,172.603,1164.57,14.0966,196.535,1467.79,14.0966,223.625,1849.39,14.0966,254.288,2329.62,14.0966,288.997,2933.93,14.0966,328.285,3694.33,14.0966,372.755,4651.04,14.0966,423.092,5854.57,14.0966,480.07,7368.38,14.0966,544.564,9272.08,14.0966,617.566,11665.5,14.0966,700.197,14673.6,14.0966,793.729,18452.9,14.0966,899.599,23198.6,14.0966,1019.43,29154.1,14.0966,1155.07,36622.3,14.0966,1308.6,45977.9,14.0966,1482.39,57683.7,14.0966,1679.09,72307.8,14.0966,1901.73,90542.8,14.0966,2153.73,113226,14.0966,2438.97,141360,14.0966,2761.81,176127,14.0966,3127.22,218898,14.0966,3540.81,271226,14.0966,4008.92,334817,14.0966,4538.74,411470,14.0966,5138.38,502973,14.0966,5817.04,610948,14.0966,6585.12,736653,14.0966,7454.39,880741,14.0966,8438.15,1.04302e+06,14.0966,9551.45,1.22224e+06,14.0966,10811.3,1.41602e+06,14.0966,12237,1.62086e+06,14.0966,11.7194,11.96,12.6541,2.21263,4.16949,0.989383,2.67766,5.84076,0.311842,3.14343,7.55825,0.0972771,3.63127,9.58578,0.0303237,4.15787,12.0912,0.00945211,4.73731,15.2286,0.00294633,5.38238,19.1721,0.000918508,6.10553,24.134,0.000286163,6.91951,30.3791,8.92692e-05,7.83792,38.2397,2.78121e-05,8.87555,48.1338,8.65134e-06,10.0489,60.5876,2.7882e-06,11.3761,76.2629,8.29036e-07,12.8779,95.9927,2.4373e-07,14.5775,120.825,4.33068e-09,16.5012,152.08,1.75749e-07,18.6784,191.415,-1.86328e-07,21.1428,240.917,1.91829e-07,23.9322,303.213,-1.81475e-07,27.0895,381.602,7.0186e-08,30.6634,480.231,-2.86769e-08,34.7087,604.316,2.40784e-07,39.2876,760.401,9.87368e-08,44.4705,956.705,1.22263e-07,50.3371,1203.54,-4.31966e-07,56.9776,1513.81,-1.9705e-07,64.494,1903.69,-2.763e-08,73.0018,2393.4,3.9185e-07,82.6317,3008.13,1.35379e-07,93.5318,3779.25,-4.16351e-08,105.869,4745.7,2.06965e-08,119.834,5955.6,-3.18887e-07,135.641,7468.12,-1.48271e-08,153.531,9355.62,2.00739e-07,173.781,11705.8,2.28358e-07,196.701,14624.1,-1.93587e-08,222.642,18235,-2.88101e-07,252.003,22683.4,-2.24732e-07,285.234,28134,8.56806e-09,322.845,34767,2.34258e-07,365.413,42770.9,2.99668e-07,413.588,52327.9,8.28644e-08,468.111,63591.2,-3.07049e-07,529.814,76653.2,-3.1888e-07,599.642,91502.5,-6.72276e-08,678.662,107975,2.26339e-07,768.083,125705,3.69212e-07,869.267,144088,2.04077e-07,983.76,162277,-2.80509e-07,1113.3,179223,-4.22737e-07,1259.87,193777,-1.71951e-07,1425.68,204839,4.55555e-07,11.7194,11.96,12.6541,2.21263,4.16949,0.989383,2.67766,5.84076,0.311842,3.14343,7.55825,0.0972771,3.63127,9.58578,0.0303237,4.15787,12.0912,0.00945211,4.73731,15.2286,0.00294633,5.38238,19.1721,0.000918508,6.10553,24.134,0.000286163,6.91951,30.3791,8.92692e-05,7.83792,38.2397,2.78121e-05,8.87555,48.1338,8.65134e-06,10.0489,60.5876,2.7882e-06,11.3761,76.2629,8.29036e-07,12.8779,95.9927,2.4373e-07,14.5775,120.825,1e-08,16.5012,152.08,1.75749e-07,18.6784,191.415,1e-08,21.1428,240.917,1.91829e-07,23.9322,303.213,1e-08,27.0895,381.602,7.0186e-08,30.6634,480.231,1e-08,34.7087,604.316,2.40784e-07,39.2876,760.401,9.87368e-08,44.4705,956.705,1.22263e-07,50.3371,1203.54,1e-08,56.9776,1513.81,1e-08,64.494,1903.69,1e-08,73.0018,2393.4,3.9185e-07,82.6317,3008.13,1.35379e-07,93.5318,3779.25,1e-08,105.869,4745.7,2.06965e-08,119.834,5955.6,1e-08,135.641,7468.12,1e-08,153.531,9355.62,2.00739e-07,173.781,11705.8,2.28358e-07,196.701,14624.1,1e-08,222.642,18235,1e-08,252.003,22683.4,1e-08,285.234,28134,1e-08,322.845,34767,2.34258e-07,365.413,42770.9,2.99668e-07,413.588,52327.9,8.28644e-08,468.111,63591.2,1e-08,529.814,76653.2,1e-08,599.642,91502.5,1e-08,678.662,107975,2.26339e-07,768.083,125705,3.69212e-07,869.267,144088,2.04077e-07,983.76,162277,1e-08,1113.3,179223,1e-08,1259.87,193777,1e-08,1425.68,204839,4.55555e-07,6.2823,3.27286,2.43537,0.219672,6.18826,2.24117,0.56371,6.87772,2.63624,0.308279,3,12,16,3,5,2,2,4,0,4,9,0,1,15,0,1,12,0,13,10,0,2,17,0,3,19,0,9,18,0,7,27,0,6,42,0,14,64,0,16,80,0,8,103,0,11,112,0,23,266,0,17,149,0,25,252,0,22,383,0,23,340,0,18,341,0,35,863,0,22,865,0,78,443,0,89,1759,0,38,1736,0,59,1624,0,82,1249,0,135,1994,0,90,5017,0,94,2541,0,61,3719,0,255,8746,0,153,5857,0,129,6561,0,151,5862,0,105,10113,0,317,32316,0,164,13832,0,348,23122,0,216,43919,0,471,44748,0,453,75876,0,200,108686,0,507,66036,0,761,104957,0,685,117671,0,1111,217601,0,1975,141122,0,1177,224414,0,1751,211374,0,1287,76407,0
-1.05176e+08,1,8.88811e-15,10,1023,0,1.05176e+08,0.528882,1.08665,0.389689,0.145397,0.379329,3.24381,0.161596,0.446195,1.77396,0.159177,1.15e+07,4.49998e+06,6.79999e+06,1.15e+07,4.49997e+06,6.79999e+06,1.15e+07,4.49996e+06,6.79999e+06,1.15e+07,4.49995e+06,6.79999e+06,1.14999e+07,4.49993e+06,6.79999e+06,1.14999e+07,4.49991e+06,6.79999e+06,1.14999e+07,4.49989e+06,6.79999e+06,1.14999e+07,4.49986e+06,6.79999e+06,1.14999e+07,4.49982e+06,6.79999e+06,1.14999e+07,4.49977e+06,6.79999e+06,1.14999e+07,4.49971e+06,6.79999e+06,1.14999e+07,4.49963e+06,6.79999e+06,1.14998e+07,4.49953e+06,6.79999e+06,1.14998e+07,4.49941e+06,6.79999e+06,1.14998e+07,4.49926e+06,6.79999e+06,1.14998e+07,4.49906e+06,6.79999e+06,1.14997e+07,4.49882e+06,6.79999e+06,1.14997e+07,4.49851e+06,6.79999e+06,1.14997e+07,4.49812e+06,6.79999e+06,1.14996e+07,4.49764e+06,6.79999e+06,1.14996e+07,4.49702e+06,6.79999e+06,1.14995e+07,4.49625e+06,6.79999e+06,1.14995e+07,4.49528e+06,6.79999e+06,1.14994e+07,4.49406e+06,6.79999e+06,1.14993e+07,4.49253e+06,6.79999e+06,1.14992e+07,4.49059e+06,6.79999e+06,1.14991e+07,4.48817e+06,6.79999e+06,1.1499e+07,4.48511e+06,6.79999e+06,1.14988e+07,4.48128e+06,6.79999e+06,1.14987e+07,4.47646e+06,6.79999e+06,1.14985e+07,4.47041e+06,6.79999e+06,1.14983e+07,4.46281e+06,6.79999e+06,1.14981e+07,4.4533e+06,6.79999e+06,1.14979e+07,4.44138e+06,6.79999e+06,1.14976e+07,4.42649e+06,6.79999e+06,1.14972e+07,4.40789e+06,6.79999e+06,1.14969e+07,4.38471e+06,6.79999e+06,1.14965e+07,4.35592e+06,6.79999e+06,1.1496e+07,4.32027e+06,6.79999e+06,1.14955e+07,4.27629e+06,6.79999e+06,1.14949e+07,4.22231e+06,6.79999e+06,1.14942e+07,4.15647e+06,6.79999e+06,1.14934e+07,4.07676e+06,6.79999e+06,1.14926e+07,3.98112e+06,6.79999e+06,1.14916e+07,3.86765e+06,6.79999e+06,1.14905e+07,3.73474e+06,6.79999e+06,1.14892e+07,3.58148e+06,6.79999e+06,1.14878e+07,3.40785e+06,6.79999e+06,1.14862e+07,3.21513e+06,6.79999e+06,1.14844e+07,3.00605e+06,6.79999e+06,1.14823e+07,2.7848e+06,6.79999e+06,1.148e+07,2.5568e+06,6.79999e+06,1.14773e+07,2.32825e+06,6.79999e+06,13.5742,8.52444,0.508366,16.8306,13.2585,0.162638,20.0035,17.569,0.0507846,23.2616,22.4214,0.0158319,26.7328,28.3297,0.00493498,30.5212,35.6974,0.00153831,34.7178,44.9473,0.000479527,39.4086,56.5822,0.000149456,44.6796,71.2245,4.66214e-05,50.6209,89.6543,1.45419e-05,57.3297,112.852,4.54748e-06,64.9129,142.051,1.43857e-06,73.4897,178.803,4.36618e-07,83.1934,225.062,1.40153e-07,94.1745,283.286,4.96378e-08,106.602,356.568,1.05434e-07,120.669,448.799,-6.49244e-08,136.59,564.873,1.70148e-07,154.611,710.948,-5.34594e-08,175.008,894.767,1.63407e-07,198.097,1126.06,8.04804e-08,224.231,1417.07,1.14667e-07,253.813,1783.15,-1.71227e-07,287.297,2243.62,-2.88466e-07,325.198,2822.67,-4.33651e-07,368.098,3550.67,7.9318e-08,416.657,4465.65,3.13319e-07,471.621,5615.16,3.4613e-07,533.835,7058.61,-1.19199e-07,604.255,8870.02,-2.79964e-07,683.962,11141.4,-2.30521e-07,774.182,13986.7,-2.55099e-07,876.299,17546.4,1.23585e-07,991.883,21993.1,1.41192e-07,1122.71,27536.7,-9.71886e-08,1270.78,34430.7,-3.68368e-07,1438.38,42977.7,-3.45379e-07,1628.07,53532.7,-3.25328e-09,1842.77,66504.6,2.6362e-07,2085.77,82350.2,2.53445e-07,2360.79,101560,-2.47407e-08,2672.05,124632,-3.80602e-07,3024.31,152018,-4.79005e-07,3422.98,184060,-1.14379e-07,3874.15,220884,2.64297e-07,4384.72,262283,3.44131e-07,4962.49,307576,7.5349e-08,5616.29,355497,-3.63097e-07,6356.1,404126,-6.05442e-07,7193.18,450932,-2.72333e-07,8140.28,492963,2.29675e-07,9211.79,527178,4.3387e-07,10424,550893,-1.0711e-07,10.102,8.06553,2.81012,10.6436,8.57909,0.869423,11.5336,10.2515,0.270869,12.7211,12.7138,0.0844293,14.1823,15.9373,0.0263173,15.9122,20.0383,0.0082035,17.9198,25.2154,0.00255722,20.2244,31.7373,0.000797017,22.8539,39.9486,0.000248622,25.8438,50.2851,7.75492e-05,29.237,63.2963,2.42508e-05,33.0837,79.6738,7.67162e-06,37.4415,100.288,2.32837e-06,42.3767,126.236,7.33e-07,47.9646,158.896,2.79256e-07,54.2906,200.003,9.87351e-09,61.452,251.741,1.61085e-07,69.5585,316.859,-2.47141e-07,78.7347,398.812,8.93552e-08,89.1218,501.948,-2.53231e-07,100.879,631.736,-1.25047e-07,114.188,795.049,-1.78808e-07,129.252,1000.53,2.6733e-07,146.304,1259.03,4.50292e-07,165.605,1584.19,6.76904e-07,187.452,1993.12,-1.23808e-07,212.181,2507.27,-4.89068e-07,240.173,3153.54,-5.40284e-07,271.856,3965.56,1.86061e-07,307.719,4985.38,4.37004e-07,348.313,6265.4,3.59828e-07,394.26,7870.83,3.98192e-07,446.268,9882.51,-1.92908e-07,505.135,12400.3,-2.20392e-07,571.766,15546.9,1.51705e-07,647.184,19472.2,5.74996e-07,732.547,24357.4,5.39112e-07,829.167,30420,5.07815e-09,938.526,37916.3,-4.11492e-07,1062.3,47143.9,-3.9561e-07,1202.4,58439.2,3.86185e-08,1360.96,72169.3,5.94093e-07,1540.42,88715.8,7.47693e-07,1743.53,108445,1.78537e-07,1973.41,131665,-4.12549e-07,2233.57,158557,-5.37164e-07,2528,189103,-1.17615e-07,2861.2,222986,5.66769e-07,3238.27,259510,9.45053e-07,3664.97,297540,4.25093e-07,4147.81,335497,-3.58506e-07,4694.17,371444,-6.7724e-07,5312.37,403256,1.67192e-07,1.61744,3.89446,9.84394,3.28846,7.5504,12.774,5.07607,11.7187,13.6844,7.03202,16.8147,13.9681,9.20215,23.1769,14.0566,11.6301,31.1672,14.0841,14.3598,41.2186,14.0927,17.4376,53.8688,14.0954,20.9137,69.7915,14.0962,24.8432,89.8341,14.0965,29.2879,115.063,14.0966,34.3168,146.819,14.0966,40.0078,186.792,14.0966,46.4487,237.107,14.0966,53.7388,300.44,14.0966,61.9903,380.158,14.0966,71.3301,480.499,14.0966,81.902,606.796,14.0966,93.8685,765.761,14.0966,107.414,965.837,14.0966,122.746,1217.65,14.0966,140.101,1534.57,14.0966,159.745,1933.41,14.0966,181.981,2435.3,14.0966,207.15,3066.85,14.0966,235.64,3861.46,14.0966,267.889,4861.11,14.0966,304.391,6118.54,14.0966,345.709,7699.91,14.0966,392.478,9688.22,14.0966,445.417,12187.5,14.0966,505.339,15327.7,14.0966,573.165,19271.6,14.0966,649.938,24222,14.0966,736.839,30430.9,14.0966,835.202,38211.5,14.0966,946.539,47950.3,14.0966,1072.56,60122.8,14.0966,1215.21,75309.9,14.0966,1376.66,94216.2,14.0966,1559.41,117688,14.0966,1766.26,146729,14.0966,2000.39,182510,14.0966,2265.39,226372,14.0966,2565.33,279806,14.0966,2904.81,344416,14.0966,3289.05,421845,14.0966,3723.93,513667,14.0966,4216.13,621231,14.0966,4773.18,745478,14.0966,5403.64,886744,14.0966,6117.15,1.04457e+06,14.0966,6924.63,1.2176e+06,14.0966,11.7194,11.96,12.6541,13.9321,16.1295,13.6434,16.6097,21.9702,13.9553,19.7532,29.5285,14.0526,23.3844,39.1143,14.0829,27.5423,51.2054,14.0923,32.2796,66.434,14.0953,37.662,85.6061,14.0962,43.7675,109.74,14.0965,50.687,140.119,14.0966,58.5249,178.359,14.0966,67.4005,226.493,14.0966,77.4493,287.08,14.0966,88.8254,363.343,14.0966,101.703,459.336,14.0966,116.281,580.161,14.0966,132.782,732.241,14.0966,151.46,923.655,14.0966,172.603,1164.57,14.0966,196.535,1467.79,14.0966,223.625,1849.39,14.0966,254.288,2329.62,14.0966,288.997,2933.93,14.0966,328.285,3694.33,14.0966,372.755,4651.04,14.0966,423.092,5854.57,14.0966,480.07,7368.38,14.0966,544.564,9272.08,14.0966,617.566,11665.5,14.0966,700.197,14673.6,14.0966,793.729,18452.9,14.0966,899.599,23198.6,14.0966,1019.43,29154.1,14.0966,1155.07,36622.3,14.0966,1308.6,45977.9,14.0966,1482.39,57683.7,14.0966,1679.09,72307.8,14.0966,1901.73,90542.8,14.0966,2153.73,113226,14.0966,2438.97,141360,14.0966,2761.81,176127,14.0966,3127.22,218898,14.0966,3540.81,271226,14.0966,4008.92,334817,14.0966,4538.74,411470,14.0966,5138.38,502973,14.0966,5817.04,610948,14.0966,6585.12,736653,14.0966,7454.39,880741,14.0966,8438.15,1.04302e+06,14.0966,9551.45,1.22224e+06,14.0966,10811.3,1.41602e+06,14.0966,12237,1.62086e+06,14.0966,11.7194,11.96,12.6541,2.21263,4.16949,0.989383,2.67766,5.84076,0.311842,3.14343,7.55825,0.0972771,3.63127,9.58578,0.0303237,4.15787,12.0912,0.00945211,4.73731,15.2286,0.00294633,5.38238,19.1721,0.000918508,6.10553,24.134,0.000286163,6.91951,30.3791,8.92692e-05,7.83792,38.2397,2.78121e-05,8.87555,48.1338,8.65134e-06,10.0489,60.5876,2.7882e-06,11.3761,76.2629,8.29036e-07,12.8779,95.9927,2.4373e-07,14.5775,120.825,4.33068e-09,16.5012,152.08,1.75749e-07,18.6784,191.415,-1.86328e-07,21.1428,240.917,1.91829e-07,23.9322,303.213,-1.81475e-07,27.0895,381.602,7.0186e-08,30.6634,480.231,-2.86769e-08,34.7087,604.316,2.40784e-07,39.2876,760.401,9.87368e-08,44.4705,956.705,1.22263e-07,50.3371,1203.54,-4.31966e-07,56.9776,1513.81,-1.9705e-07,64.494,1903.69,-2.763e-08,73.0018,2393.4,3.9185e-07,82.6317,3008.13,1.35379e-07,93.5318,3779.25,-4.16351e-08,105.869,4745.7,2.06965e-08,119.834,5955.6,-3.18887e-07,135.641,7468.12,-1.48271e-08,153.531,9355.62,2.00739e-07,173.781,11705.8,2.28358e-07,196.701,14624.1,-1.93587e-08,222.642,18235,-2.88101e-07,252.003,22683.4,-2.24732e-07,285.234,28134,8.56806e-09,322.845,34767,2.34258e-07,365.413,42770.9,2.99668e-07,413.588,52327.9,8.28644e-08,468.111,63591.2,-3.07049e-07,529.814,76653.2,-3.1888e-07,599.642,91502.5,-6.72276e-08,678.662,107975,2.26339e-07,768.083,125705,3.69212e-07,869.267,144088,2.04077e-07,983.76,162277,-2.80509e-07,1113.3,179223,-4.22737e-07,1259.87,193777,-1.71951e-07,1425.68,204839,4.55555e-07,11.7194,11.96,12.6541,2.21263,4.16949,0.989383,2.67766,5.84076,0.311842,3.14343,7.55825,0.0972771,3.63127,9.58578,0.0303237,4.15787,12.0912,0.00945211,4.73731,15.2286,0.00294633,5.38238,19.1721,0.000918508,6.10553,24.134,0.000286163,6.91951,30.3791,8.92692e-05,7.83792,38.2397,2.78121e-05,8.87555,48.1338,8.65134e-06,10.0489,60.5876,2.7882e-06,11.3761,76.2629,8.29036e-07,12.8779,95.9927,2.4373e-07,14.5775,120.825,1e-08,16.5012,152.08,1.75749e-07,18.6784,191.415,1e-08,21.1428,240.917,1.91829e-07,23.9322,303.213,1e-08,27.0895,381.602,7.0186e-08,30.6634,480.231,1e-08,34.7087,604.316,2.40784e-07,39.2876,760.401,9.87368e-08,44.4705,956.705,1.22263e-07,50.3371,1203.54,1e-08,56.9776,1513.81,1e-08,64.494,1903.69,1e-08,73.0018,2393.4,3.9185e-07,82.6317,3008.13,1.35379e-07,93.5318,3779.25,1e-08,105.869,4745.7,2.06965e-08,119.834,5955.6,1e-08,135.641,7468.12,1e-08,153.531,9355.62,2.00739e-07,173.781,11705.8,2.28358e-07,196.701,14624.1,1e-08,222.642,18235,1e-08,252.003,22683.4,1e-08,285.234,28134,1e-08,322.845,34767,2.34258e-07,365.413,42770.9,2.99668e-07,413.588,52327.9,8.28644e-08,468.111,63591.2,1e-08,529.814,76653.2,1e-08,599.642,91502.5,1e-08,678.662,107975,2.26339e-07,768.083,125705,3.69212e-07,869.267,144088,2.04077e-07,983.76,162277,1e-08,1113.3,179223,1e-08,1259.87,193777,1e-08,1425.68,204839,4.55555e-07,6.2823,3.27286,2.43537,0.219672,6.18826,2.24117,0.56371,6.87772,2.63624,0.308279,17,14,17,1,4,0,3,7,0,4,5,0,2,17,0,4,24,0,2,4,0,7,17,0,11,21,0,16,35,0,6,36,0,9,27,0,17,53,0,0,88,0,21,68,0,13,110,0,31,32,0,12,334,0,12,225,0,15,316,0,22,252,0,14,481,0,82,561,0,45,620,0,37,857,0,37,1080,0,76,1404,0,40,1024,0,59,2414,0,25,2309,0,137,3459,0,69,5507,0,196,3746,0,75,4931,0,202,9128,0,143,17675,0,226,17562,0,170,6882,0,361,28751,0,311,22133,0,236,41081,0,360,39294,0,222,54977,0,492,92337,0,350,45170,0,720,76418,0,336,76335,0,1301,91295,0,624,113926,0,1385,111871,0,1192,145411,0,1242,210486,0,2306,91024,0
-1.05176e+08,1,8.88811e-15,10,1023,0,1.05176e+08,0.528882,1.08665,0.389689,0.145397,0.379329,3.24381,0.161596,0.446195,1.77396,0.159177,1.15e+07,4.49998e+06,6.79999e+06,1.15e+07,4.49997e+06,6.79999e+06,1.15e+07,4.49996e+06,6.79999e+06,1.15e+07,4.49995e+06,6.79999e+06,1.14999e+07,4.49993e+06,6.79999e+06,1.14999e+07,4.49991e+06,6.79999e+06,1.14999e+07,4.49989e+06,6.79999e+06,1.14999e+07,4.49986e+06,6.79999e+06,1.14999e+07,4.49982e+06,6.79999e+06,1.14999e+07,4.49977e+06,6.79999e+06,1.14999e+07,4.49971e+06,6.79999e+06,1.14999e+07,4.49963e+06,6.79999e+06,1.14998e+07,4.49953e+06,6.79999e+06,1.14998e+07,4.49941e+06,6.79999e+06,1.14998e+07,4.49926e+06,6.79999e+06,1.14998e+07,4.49906e+06,6.79999e+06,1.14997e+07,4.49882e+06,6.79999e+06,1.14997e+07,4.49851e+06,6.79999e+06,1.14997e+07,4.49812e+06,6.79999e+06,1.14996e+07,4.49764e+06,6.79999e+06,1.14996e+07,4.49702e+06,6.79999e+06,1.14995e+07,4.49625e+06,6.79999e+06,1.14995e+07,4.49528e+06,6.79999e+06,1.14994e+07,4.49406e+06,6.79999e+06,1.14993e+07,4.49253e+06,6.79999e+06,1.14992e+07,4.49059e+06,6.79999e+06,1.14991e+07,4.48817e+06,6.79999e+06,1.1499e+07,4.48511e+06,6.79999e+06,1.14988e+07,4.48128e+06,6.79999e+06,1.14987e+07,4.47646e+06,6.79999e+06,1.14985e+07,4.47041e+06,6.79999e+06,1.14983e+07,4.46281e+06,6.79999e+06,1.14981e+07,4.4533e+06,6.79999e+06,1.14979e+07,4.44138e+06,6.79999e+06,1.14976e+07,4.42649e+06,6.79999e+06,1.14972e+07,4.40789e+06,6.79999e+06,1.14969e+07,4.38471e+06,6.79999e+06,1.14965e+07,4.35592e+06,6.79999e+06,1.1496e+07,4.32027e+06,6.79999e+06,1.14955e+07,4.27629e+06,6.79999e+06,1.14949e+07,4.22231e+06,6.79999e+06,1.14942e+07,4.15647e+06,6.79999e+06,1.14934e+07,4.07676e+06,6.79999e+06,1.14926e+07,3.98112e+06,6.79999e+06,1.14916e+07,3.86765e+06,6.79999e+06,1.14905e+07,3.73474e+06,6.79999e+06,1.14892e+07,3.58148e+06,6.79999e+06,1.14878e+07,3.40785e+06,6.79999e+06,1.14862e+07,3.21513e+06,6.79999e+06,1.14844e+07,3.00605e+06,6.79999e+06,1.14823e+07,2.7848e+06,6.79999e+06,1.148e+07,2.5568e+06,6.79999e+06,1.14773e+07,2.32825e+06,6.79999e+06,13.5742,8.52444,0.508366,16.8306,13.2585,0.162638,20.0035,17.569,0.0507846,23.2616,22.4214,0.0158319,26.7328,28.3297,0.00493498,30.5212,35.6974,0.00153831,34.7178,44.9473,0.000479527,39.4086,56.5822,0.000149456,44.6796,71.2245,4.66214e-05,50.6209,89.6543,1.45419e-05,57.3297,112.852,4.54748e-06,64.9129,142.051,1.43857e-06,73.4897,178.803,4.36618e-07,83.1934,225.062,1.40153e-07,94.1745,283.286,4.96378e-08,106.602,356.568,1.05434e-07,120.669,448.799,-6.49244e-08,136.59,564.873,1.70148e-07,154.611,710.948,-5.34594e-08,175.008,894.767,1.63407e-07,198.097,1126.06,8.04804e-08,224.231,1417.07,1.14667e-07,253.813,1783.15,-1.71227e-07,287.297,2243.62,-2.88466e-07,325.198,2822.67,-4.33651e-07,368.098,3550.67,7.9318e-08,416.657,4465.65,3.13319e-07,471.621,5615.16,3.4613e-07,533.835,7058.61,-1.19199e-07,604.255,8870.02,-2.79964e-07,683.962,11141.4,-2.30521e-07,774.182,13986.7,-2.55099e-07,876.299,17546.4,1.23585e-07,991.883,21993.1,1.41192e-07,1122.71,27536.7,-9.71886e-08,1270.78,34430.7,-3.68368e-07,1438.38,42977.7,-3.45379e-07,1628.07,53532.7,-3.25328e-09,1842.77,66504.6,2.6362e-07,2085.77,82350.2,2.53445e-07,2360.79,101560,-2.47407e-08,2672.05,124632,-3.80602e-07,3024.31,152018,-4.79005e-07,3422.98,184060,-1.14379e-07,3874.15,220884,2.64297e-07,4384.72,262283,3.44131e-07,4962.49,307576,7.5349e-08,5616.29,355497,-3.63097e-07,6356.1,404126,-6.05442e-07,7193.18,450932,-2.72333e-07,8140.28,492963,2.29675e-07,9211.79,527178,4.3387e-07,10424,550893,-1.0711e-07,10.102,8.06553,2.81012,10.6436,8.57909,0.869423,11.5336,10.2515,0.270869,12.7211,12.7138,0.0844293,14.1823,15.9373,0.0263173,15.9122,20.0383,0.0082035,17.9198,25.2154,0.00255722,20.2244,31.7373,0.000797017,22.8539,39.9486,0.000248622,25.8438,50.2851,7.75492e-05,29.237,63.2963,2.42508e-05,33.0837,79.6738,7.67162e-06,37.4415,100.288,2.32837e-06,42.3767,126.236,7.33e-07,47.9646,158.896,2.79256e-07,54.2906,200.003,9.87351e-09,61.452,251.741,1.61085e-07,69.5585,316.859,-2.47141e-07,78.7347,398.812,8.93552e-08,89.1218,501.948,-2.53231e-07,100.879,631.736,-1.25047e-07,114.188,795.049,-1.78808e-07,129.252,1000.53,2.6733e-07,146.304,1259.03,4.50292e-07,165.605,1584.19,6.76904e-07,187.452,1993.12,-1.23808e-07,212.181,2507.27,-4.89068e-07,240.173,3153.54,-5.40284e-07,271.856,3965.56,1.86061e-07,307.719,4985.38,4.37004e-07,348.313,6265.4,3.59828e-07,394.26,7870.83,3.98192e-07,446.268,9882.51,-1.92908e-07,505.135,12400.3,-2.20392e-07,571.766,15546.9,1.51705e-07,647.184,19472.2,5.74996e-07,732.547,24357.4,5.39112e-07,829.167,30420,5.07815e-09,938.526,37916.3,-4.11492e-07,1062.3,47143.9,-3.9561e-07,1202.4,58439.2,3.86185e-08,1360.96,72169.3,5.94093e-07,1540.42,88715.8,7.47693e-07,1743.53,108445,1.78537e-07,1973.41,131665,-4.12549e-07,2233.57,158557,-5.37164e-07,2528,189103,-1.17615e-07,2861.2,222986,5.66769e-07,3238.27,259510,9.45053e-07,3664.97,297540,4.25093e-07,4147.81,335497,-3.58506e-07,4694.17,371444,-6.7724e-07,5312.37,403256,1.67192e-07,1.61744,3.89446,9.84394,3.28846,7.5504,12.774,5.07607,11.7187,13.6844,7.03202,16.8147,13.9681,9.20215,23.1769,14.0566,11.6301,31.1672,14.0841,14.3598,41.2186,14.0927,17.4376,53.8688,14.0954,20.9137,69.7915,14.0962,24.8432,89.8341,14.0965,29.2879,115.063,14.0966,34.3168,146.819,14.0966,40.0078,186.792,14.0966,46.4487,237.107,14.0966,53.7388,300.44,14.0966,61.9903,380.158,14.0966,71.3301,480.499,14.0966,81.902,606.796,14.0966,93.8685,765.761,14.0966,107.414,965.837,14.0966,122.746,1217.65,14.0966,140.101,1534.57,14.0966,159.745,1933.41,14.0966,181.981,2435.3,14.0966,207.15,3066.85,14.0966,235.64,3861.46,14.0966,267.889,4861.11,14.0966,304.391,6118.54,14.0966,345.709,7699.91,14.0966,392.478,9688.22,14.0966,445.417,12187.5,14.0966,505.339,15327.7,14.0966,573.165,19271.6,14.0966,649.938,24222,14.0966,736.839,30430.9,14.0966,835.202,38211.5,14.0966,946.539,47950.3,14.0966,1072.56,60122.8,14.0966,1215.21,75309.9,14.0966,1376.66,94216.2,14.0966,1559.41,117688,14.0966,1766.26,146729,14.0966,2000.39,182510,14.0966,2265.39,226372,14.0966,2565.33,279806,14.0966,2904.81,344416,14.0966,3289.05,421845,14.0966,3723.93,513667,14.0966,4216.13,621231,14.0966,4773.18,745478,14.0966,5403.64,886744,14.0966,6117.15,1.04457e+06,14.0966,6924.63,1.2176e+06,14.0966,11.7194,11.96,12.6541,13.9321,16.1295,13.6434,16.6097,21.9702,13.9553,19.7532,29.5285,14.0526,23.3844,39.1143,14.0829,27.5423,51.2054,14.0923,32.2796,66.434,14.0953,37.662,85.6061,14.0962,43.7675,109.74,14.0965,50.687,140.119,14.0966,58.5249,178.359,14.0966,67.4005,226.493,14.0966,77.4493,287.08,14.0966,88.8254,363.343,14.0966,101.703,459.336,14.0966,116.281,580.161,14.0966,132.782,732.241,14.0966,151.46,923.655,14.0966,172.603,1164.57,14.0966,196.535,1467.79,14.0966,223.625,1849.39,14.0966,254.288,2329.62,14.0966,288.997,2933.93,14.0966,328.285,3694.33,14.0966,372.755,4651.04,14.0966,423.092,5854.57,14.0966,480.07,7368.38,14.0966,544.564,9272.08,14.0966,617.566,11665.5,14.0966,700.197,14673.6,14.0966,793.729,18452.9,14.0966,899.599,23198.6,14.0966,1019.43,29154.1,14.0966,1155.07,36622.3,14.0966,1308.6,45977.9,14.0966,1482.39,57683.7,14.0966,1679.09,72307.8,14.0966,1901.73,90542.8,14.0966,2153.73,113226,14.0966,2438.97,141360,14.0966,2761.81,176127,14.0966,3127.22,218898,14.0966,3540.81,271226,14.0966,4008.92,334817,14.0966,4538.74,411470,14.0966,5138.38,502973,14.0966,5817.04,610948,14.0966,6585.12,736653,14.0966,7454.39,880741,14.0966,8438.15,1.04302e+06,14.0966,9551.45,1.22224e+06,14.0966,10811.3,1.41602e+06,14.0966,12237,1.62086e+06,14.0966,11.7194,11.96,12.6541,2.21263,4.16949,0.989383,2.67766,5.84076,0.311842,3.14343,7.55825,0.0972771,3.63127,9.58578,0.0303237,4.15787,12.0912,0.00945211,4.73731,15.2286,0.00294633,5.38238,19.1721,0.000918508,6.10553,24.134,0.000286163,6.91951,30.3791,8.92692e-05,7.83792,38.2397,2.78121e-05,8.87555,48.1338,8.65134e-06,10.0489,60.5876,2.7882e-06,11.3761,76.2629,8.29036e-07,12.8779,95.9927,2.4373e-07,14.5775,120.825,4.33068e-09,16.5012,152.08,1.75749e-07,18.6784,191.415,-1.86328e-07,21.1428,240.917,1.91829e-07,23.9322,303.213,-1.81475e-07,27.0895,381.602,7.0186e-08,30.6634,480.231,-2.86769e-08,34.7087,604.316,2.40784e-07,39.2876,760.401,9.87368e-08,44.4705,956.705,1.22263e-07,50.3371,1203.54,-4.31966e-07,56.9776,1513.81,-1.9705e-07,64.494,1903.69,-2.763e-08,73.0018,2393.4,3.9185e-07,82.6317,3008.13,1.35379e-07,93.5318,3779.25,-4.16351e-08,105.869,4745.7,2.06965e-08,119.834,5955.6,-3.18887e-07,135.641,7468.12,-1.48271e-08,153.531,9355.62,2.00739e-07,173.781,11705.8,2.28358e-07,196.701,14624.1,-1.93587e-08,222.642,18235,-2.88101e-07,252.003,22683.4,-2.24732e-07,285.234,28134,8.56806e-09,322.845,34767,2.34258e-07,365.413,42770.9,2.99668e-07,413.588,52327.9,8.28644e-08,468.111,63591.2,-3.07049e-07,529.814,76653.2,-3.1888e-07,599.642,91502.5,-6.72276e-08,678.662,107975,2.26339e-07,768.083,125705,3.69212e-07,869.267,144088,2.04077e-07,983.76,162277,-2.80509e-07,1113.3,179223,-4.22737e-07,1259.87,193777,-1.71951e-07,1425.68,204839,4.55555e-07,11.7194,11.96,12.6541,2.21263,4.16949,0.989383,2.67766,5.84076,0.311842,3.14343,7.55825,0.0972771,3.63127,9.58578,0.0303237,4.15787,12.0912,0.00945211,4.73731,15.2286,0.00294633,5.38238,19.1721,0.000918508,6.10553,24.134,0.000286163,6.91951,30.3791,8.92692e-05,7.83792,38.2397,2.78121e-05,8.87555,48.1338,8.65134e-06,10.0489,60.5876,2.7882e-06,11.3761,76.2629,8.29036e-07,12.8779,95.9927,2.4373e-07,14.5775,120.825,1e-08,16.5012,152.08,1.75749e-07,18.6784,191.415,1e-08,21.1428,240.917,1.91829e-07,23.9322,303.213,1e-08,27.0895,381.602,7.0186e-08,30.6634,480.231,1e-08,34.7087,604.316,2.40784e-07,39.2876,760.401,9.87368e-08,44.4705,956.705,1.22263e-07,50.3371,1203.54,1e-08,56.9776,1513.81,1e-08,64.494,1903.69,1e-08,73.0018,2393.4,3.9185e-07,82.6317,3008.13,1.35379e-07,93.5318,3779.25,1e-08,105.869,4745.7,2.06965e-08,119.834,5955.6,1e-08,135.641,7468.12,1e-08,153.531,9355.62,2.00739e-07,173.781,11705.8,2.28358e-07,196.701,14624.1,1e-08,222.642,18235,1e-08,252.003,22683.4,1e-08,285.234,28134,1e-08,322.845,34767,2.34258e-07,365.413,42770.9,2.99668e-07,413.588,52327.9,8.28644e-08,468.111,63591.2,1e-08,529.814,76653.2,1e-08,599.642,91502.5,1e-08,678.662,107975,2.26339e-07,768.083,125705,3.69212e-07,869.267,144088,2.04077e-07,983.76,162277,1e-08,1113.3,179223,1e-08,1259.87,193777,1e-08,1425.68,204839,4.55555e-07,6.2823,3.27286,2.43537,0.219672,6.18826,2.24117,0.56371,6.87772,2.63624,0.308279,13,11,7,1,5,1,2,5,0,2,10,0,5,6,0,6,21,0,11,27,0,7,10,0,5,44,0,6,52,0,3,68,0,10,55,0,6,55,0,4,92,0,17,40,0,36,82,0,18,225,0,21,257,0,29,173,0,15,312,0,12,697,0,45,488,0,48,805,0,77,852,0,54,1471,0,37,1115,0,54,2658,0,47,1727,0,23,2406,0,87,4888,0,104,3125,0,71,11362,0,148,6074,0,217,5747,0,254,8990,0,182,16723,0,194,9636,0,193,21151,0,119,10609,0,301,16157,0,328,26245,0,414,29578,0,380,61323,0,558,84185,0,625,57375,0,994,74233,0,916,145472,0,659,71241,0,251,73304,0,641,201160,0,1016,105108,0,1543,171894,0,1088,146458,0
-1.05176e+08,1,8.88811e-15,10,1023,0,1.05176e+08,0.528882,1.08665,0.389689,0.145397,0.379329,3.24381,0.161596,0.446195,1.77396,0.159177,1.15e+07,4.49998e+06,6.79999e+06,1.15e+07,4.49997e+06,6.79999e+06,1.15e+07,4.49996e+06,6.79999e+06,1.15e+07,4.49995e+06,6.79999e+06,1.14999e+07,4.49993e+06,6.79999e+06,1.14999e+07,4.49991e+06,6.79999e+06,1.14999e+07,4.49989e+06,6.79999e+06,1.14999e+07,4.49986e+06,6.79999e+06,1.14999e+07,4.49982e+06,6.79999e+06,1.14999e+07,4.49977e+06,6.79999e+06,1.14999e+07,4.49971e+06,6.79999e+06,1.14999e+07,4.49963e+06,6.79999e+06,1.14998e+07,4.49953e+06,6.79999e+06,1.14998e+07,4.49941e+06,6.79999e+06,1.14998e+07,4.49926e+06,6.79999e+06,1.14998e+07,4.49906e+06,6.79999e+06,1.14997e+07,4.49882e+06,6.79999e+06,1.14997e+07,4.49851e+06,6.79999e+06,1.14997e+07,4.49812e+06,6.79999e+06,1.14996e+07,4.49764e+06,6.79999e+06,1.14996e+07,4.49702e+06,6.79999e+06,1.14995e+07,4.49625e+06,6.79999e+06,1.14995e+07,4.49528e+06,6.79999e+06,1.14994e+07,4.49406e+06,6.79999e+06,1.14993e+07,4.49253e+06,6.79999e+06,1.14992e+07,4.49059e+06,6.79999e+06,1.14991e+07,4.48817e+06,6.79999e+06,1.1499e+07,4.48511e+06,6.79999e+06,1.14988e+07,4.48128e+06,6.79999e+06,1.14987e+07,4.47646e+06,6.79999e+06,1.14985e+07,4.47041e+06,6.79999e+06,1.14983e+07,4.46281e+06,6.79999e+06,1.14981e+07,4.4533e+06,6.79999e+06,1.14979e+07,4.44138e+06,6.79999e+06,1.14976e+07,4.42649e+06,6.79999e+06,1.14972e+07,4.40789e+06,6.79999e+06,1.14969e+07,4.38471e+06,6.79999e+06,1.14965e+07,4.35592e+06,6.79999e+06,1.1496e+07,4.32027e+06,6.79999e+06,1.14955e+07,4.27629e+06,6.79999e+06,1.14949e+07,4.22231e+06,6.79999e+06,1.14942e+07,4.15647e+06,6.79999e+06,1.14934e+07,4.07676e+06,6.79999e+06,1.14926e+07,3.98112e+06,6.79999e+06,1.14916e+07,3.86765e+06,6.79999e+06,1.14905e+07,3.73474e+06,6.79999e+06,1.14892e+07,3.58148e+06,6.79999e+06,1.14878e+07,3.40785e+06,6.79999e+06,1.14862e+07,3.21513e+06,6.79999e+06,1.14844e+07,3.00605e+06,6.79999e+06,1.14823e+07,2.7848e+06,6.79999e+06,1.148e+07,2.5568e+06,6.79999e+06,1.14773e+07,2.32825e+06,6.79999e+06,13.5742,8.52444,0.508366,16.8306,13.2585,0.162638,20.0035,17.569,0.0507846,23.2616,22.4214,0.0158319,26.7328,28.3297,0.00493498,30.5212,35.6974,0.00153831,34.7178,44.9473,0.000479527,39.4086,56.5822,0.000149456,44.6796,71.2245,4.66214e-05,50.6209,89.6543,1.45419e-05,57.3297,112.852,4.54748e-06,64.9129,142.051,1.43857e-06,73.4897,178.803,4.36618e-07,83.1934,225.062,1.40153e-07,94.1745,283.286,4.96378e-08,106.602,356.568,1.05434e-07,120.669,448.799,-6.49244e-08,136.59,564.873,1.70148e-07,154.611,710.948,-5.34594e-08,175.008,894.767,1.63407e-07,198.097,1126.06,8.04804e-08,224.231,1417.07,1.14667e-07,253.813,1783.15,-1.71227e-07,287.297,2243.62,-2.88466e-07,325.198,2822.67,-4.33651e-07,368.098,3550.67,7.9318e-08,416.657,4465.65,3.13319e-07,471.621,5615.16,3.4613e-07,533.835,7058.61,-1.19199e-07,604.255,8870.02,-2.79964e-07,683.962,11141.4,-2.30521e-07,774.182,13986.7,-2.55099e-07,876.299,17546.4,1.23585e-07,991.883,21993.1,1.41192e-07,1122.71,27536.7,-9.71886e-08,1270.78,34430.7,-3.68368e-07,1438.38,42977.7,-3.45379e-07,1628.07,53532.7,-3.25328e-09,1842.77,66504.6,2.6362e-07,2085.77,82350.2,2.53445e-07,2360.79,101560,-2.47407e-08,2672.05,124632,-3.80602e-07,3024.31,152018,-4.79005e-07,3422.98,184060,-1.14379e-07,3874.15,220884,2.64297e-07,4384.72,262283,3.44131e-07,4962.49,307576,7.5349e-08,5616.29,355497,-3.63097e-07,6356.1,404126,-6.05442e-07,7193.18,450932,-2.72333e-07,8140.28,492963,2.29675e-07,9211.79,527178,4.3387e-07,10424,550893,-1.0711e-07,10.102,8.06553,2.81012,10.6436,8.57909,0.869423,11.5336,10.2515,0.270869,12.7211,12.7138,0.0844293,14.1823,15.9373,0.0263173,15.9122,20.0383,0.0082035,17.9198,25.2154,0.00255722,20.2244,31.7373,0.000797017,22.8539,39.9486,0.000248622,25.8438,50.2851,7.75492e-05,29.237,63.2963,2.42508e-05,33.0837,79.6738,7.67162e-06,37.4415,100.288,2.32837e-06,42.3767,126.236,7.33e-07,47.9646,158.896,2.79256e-07,54.2906,200.003,9.87351e-09,61.452,251.741,1.61085e-07,69.5585,316.859,-2.47141e-07,78.7347,398.812,8.93552e-08,89.1218,501.948,-2.53231e-07,100.879,631.736,-1.25047e-07,114.188,795.049,-1.78808e-07,129.252,1000.53,2.6733e-07,146.304,1259.03,4.50292e-07,165.605,1584.19,6.76904e-07,187.452,1993.12,-1.23808e-07,212.181,2507.27,-4.89068e-07,240.173,3153.54,-5.40284e-07,271.856,3965.56,1.86061e-07,307.719,4985.38,4.37004e-07,348.313,6265.4,3.59828e-07,394.26,7870.83,3.98192e-07,446.268,9882.51,-1.92908e-07,505.135,12400.3,-2.20392e-07,571.766,15546.9,1.51705e-07,647.184,19472.2,5.74996e-07,732.547,24357.4,5.39112e-07,829.167,30420,5.07815e-09,938.526,37916.3,-4.11492e-07,1062.3,47143.9,-3.9561e-07,1202.4,58439.2,3.86185e-08,1360.96,72169.3,5.94093e-07,1540.42,88715.8,7.47693e-07,1743.53,108445,1.78537e-07,1973.41,131665,-4.12549e-07,2233.57,158557,-5.37164e-07,2528,189103,-1.17615e-07,2861.2,222986,5.66769e-07,3238.27,259510,9.45053e-07,3664.97,297540,4.25093e-07,4147.81,335497,-3.58506e-07,4694.17,371444,-6.7724e-07,5312.37,403256,1.67192e-07,1.61744,3.89446,9.84394,3.28846,7.5504,12.774,5.07607,11.7187,13.6844,7.03202,16.8147,13.9681,9.20215,23.1769,14.0566,11.6301,31.1672,14.0841,14.3598,41.2186,14.0927,17.4376,53.8688,14.0954,20.9137,69.7915,14.0962,24.8432,89.8341,14.0965,29.2879,115.063,14.0966,34.3168,146.819,14.0966,40.0078,186.792,14.0966,46.4487,237.107,14.0966,53.7388,300.44,14.0966,61.9903,380.158,14.0966,71.3301,480.499,14.0966,81.902,606.796,14.0966,93.8685,765.761,14.0966,107.414,965.837,14.0966,122.746,1217.65,14.0966,140.101,1534.57,14.0966,159.745,1933.41,14.0966,181.981,2435.3,14.0966,207.15,3066.85,14.0966,235.64,3861.46,14.0966,267.889,4861.11,14.0966,304.391,6118.54,14.0966,345.709,7699.91,14.0966,392.478,9688.22,14.0966,445.417,12187.5,14.0966,505.339,15327.7,14.0966,573.165,19271.6,14.0966,649.938,24222,14.0966,736.839,30430.9,14.0966,835.202,38211.5,14.0966,946.539,47950.3,14.0966,1072.56,60122.8,14.0966,1215.21,75309.9,14.0966,1376.66,94216.2,14.0966,1559.41,117688,14.0966,1766.26,146729,14.0966,2000.39,182510,14.0966,2265.39,226372,14.0966,2565.33,279806,14.0966,2904.81,344416,14.0966,3289.05,421845,14.0966,3723.93,513667,14.0966,4216.13,621231,14.0966,4773.18,745478,14.0966,5403.64,886744,14.0966,6117.15,1.04457e+06,14.0966,6924.63,1.2176e+06,14.0966,11.7194,11.96,12.6541,13.9321,16.1295,13.6434,16.6097,21.9702,13.9553,19.7532,29.5285,14.0526,23.3844,39.1143,14.0829,27.5423,51.2054,14.0923,32.2796,66.434,14.0953,37.662,85.6061,14.0962,43.7675,109.74,14.0965,50.687,140.119,14.0966,58.5249,178.359,14.0966,67.4005,226.493,14.0966,77.4493,287.08,14.0966,88.8254,363.343,14.0966,101.703,459.336,14.0966,116.281,580.161,14.0966,132.782,732.241,14.0966,151.46,923.655,14.0966,172.603,1164.57,14.0966,196.535,1467.79,14.0966,223.625,1849.39,14.0966,254.288,2329.62,14.0966,288.997,2933.93,14.0966,328.285,3694.33,14.0966,372.755,4651.04,14.0966,423.092,5854.57,14.0966,480.07,7368.38,14.0966,544.564,9272.08,14.0966,617.566,11665.5,14.0966,700.197,14673.6,14.0966,793.729,18452.9,14.0966,899.599,23198.6,14.0966,1019.43,29154.1,14.0966,1155.07,36622.3,14.0966,1308.6,45977.9,14.0966,1482.39,57683.7,14.0966,1679.09,72307.8,14.0966,1901.73,90542.8,14.0966,2153.73,113226,14.0966,2438.97,141360,14.0966,2761.81,176127,14.0966,3127.22,218898,14.0966,3540.81,271226,14.0966,4008.92,334817,14.0966,4538.74,411470,14.0966,5138.38,502973,14.0966,5817.04,610948,14.0966,6585.12,736653,14.0966,7454.39,880741,14.0966,8438.15,1.04302e+06,14.0966,9551.45,1.22224e+06,14.0966,10811.3,1.41602e+06,14.0966,12237,1.62086e+06,14.0966,11.7194,11.96,12.6541,2.21263,4.16949,0.989383,2.67766,5.84076,0.311842,3.14343,7.55825,0.0972771,3.63127,9.58578,0.0303237,4.15787,12.0912,0.00945211,4.73731,15.2286,0.00294633,5.38238,19.1721,0.000918508,6.10553,24.134,0.000286163,6.91951,30.3791,8.92692e-05,7.83792,38.2397,2.78121e-05,8.87555,48.1338,8.65134e-06,10.0489,60.5876,2.7882e-06,11.3761,76.2629,8.29036e-07,12.8779,95.9927,2.4373e-07,14.5775,120.825,4.33068e-09,16.5012,152.08,1.75749e-07,18.6784,191.415,-1.86328e-07,21.1428,240.917,1.91829e-07,23.9322,303.213,-1.81475e-07,27.0895,381.602,7.0186e-08,30.6634,480.231,-2.86769e-08,34.7087,604.316,2.40784e-07,39.2876,760.401,9.87368e-08,44.4705,956.705,1.22263e-07,50.3371,1203.54,-4.31966e-07,56.9776,1513.81,-1.9705e-07,64.494,1903.69,-2.763e-08,73.0018,2393.4,3.9185e-07,82.6317,3008.13,1.35379e-07,93.5318,3779.25,-4.16351e-08,105.869,4745.7,2.06965e-08,119.834,5955.6,-3.18887e-07,135.641,7468.12,-1.48271e-08,153.531,9355.62,2.00739e-07,173.781,11705.8,2.28358e-07,196.701,14624.1,-1.93587e-08,222.642,18235,-2.88101e-07,252.003,22683.4,-2.24732e-07,285.234,28134,8.56806e-09,322.845,34767,2.34258e-07,365.413,42770.9,2.99668e-07,413.588,52327.9,8.28644e-08,468.111,63591.2,-3.07049e-07,529.814,76653.2,-3.1888e-07,599.642,91502.5,-6.72276e-08,678.662,107975,2.26339e-07,768.083,125705,3.69212e-07,869.267,144088,2.04077e-07,983.76,162277,-2.80509e-07,1113.3,179223,-4.22737e-07,1259.87,193777,-1.71951e-07,1425.68,204839,4.55555e-07,11.7194,11.96,12.6541,2.21263,4.16949,0.989383,2.67766,5.84076,0.311842,3.14343,7.55825,0.0972771,3.63127,9.58578,0.0303237,4.15787,12.0912,0.00945211,4.73731,15.2286,0.00294633,5.38238,19.1721,0.000918508,6.10553,24.134,0.000286163,6.91951,30.3791,8.92692e-05,7.83792,38.2397,2.78121e-05,8.87555,48.1338,8.65134e-06,10.0489,60.5876,2.7882e-06,11.3761,76.2629,8.29036e-07,12.8779,95.9927,2.4373e-07,14.5775,120.825,1e-08,16.5012,152.08,1.75749e-07,18.6784,191.415,1e-08,21.1428,240.917,1.91829e-07,23.9322,303.213,1e-08,27.0895,381.602,7.0186e-08,30.6634,480.231,1e-08,34.7087,604.316,2.40784e-07,39.2876,760.401,9.87368e-08,44.4705,956.705,1.22263e-07,50.3371,1203.54,1e-08,56.9776,1513.81,1e-08,64.494,1903.69,1e-08,73.0018,2393.4,3.9185e-07,82.6317,3008.13,1.35379e-07,93.5318,3779.25,1e-08,105.869,4745.7,2.06965e-08,119.834,5955.6,1e-08,135.641,7468.12,1e-08,153.531,9355.62,2.00739e-07,173.781,11705.8,2.28358e-07,196.701,14624.1,1e-08,222.642,18235,1e-08,252.003,22683.4,1e-08,285.234,28134,1e-08,322.845,34767,2.34258e-07,365.413,42770.9,2.99668e-07,413.588,52327.9,8.28644e-08,468.111,63591.2,1e-08,529.814,76653.2,1e-08,599.642,91502.5,1e-08,678.662,107975,2.26339e-07,768.083,125705,3.69212e-07,869.267,144088,2.04077e-07,983.76,162277,1e-08,1113.3,179223,1e-08,1259.87,193777,1e-08,1425.68,204839,4.55555e-07,6.2823,3.27286,2.43537,0.219672,6.18826,2.24117,0.56371,6.87772,2.63624,0.308279,14,13,7,0,1,0,0,8,2,3,15,0,2,10,0,15,17,0,2,20,0,2,20,0,2,40,0,13,35,0,2,32,0,13,31,0,3,54,0,14,60,0,13,58,0,9,193,0,13,200,0,13,117,0,13,221,0,15,346,0,30,215,0,30,827,0,28,289,0,42,590,0,41,786,0,42,1664,0,65,1097,0,91,1684,0,38,3369,0,134,2013,0,83,2149,0,152,3177,0,68,5846,0,133,9311,0,55,7695,0,127,15579,0,288,20497,0,192,19410,0,293,25481,0,203,14579,0,360,32237,0,345,57051,0,613,58448,0,401,109660,0,387,52368,0,848,45704,0,610,72275,0,666,38243,0,1668,177482,0,975,143248,0,717,226111,0,719,212751,0,2321,189978,0
-1.05176e+08,1,8.88811e-15,10,1023,0,1.05176e+08,0.528882,1.08665,0.389689,0.145397,0.379329,3.24381,0.161596,0.446195,1.77396,0.159177,1.15e+07,4.49998e+06,6.79999e+06,1.15e+07,4.49997e+06,6.79999e+06,1.15e+07,4.49996e+06,6.79999e+06,1.15e+07,4.49995e+06,6.79999e+06,1.14999e+07,4.49993e+06,6.79999e+06,1.14999e+07,4.49991e+06,6.79999e+06,1.14999e+07,4.49989e+06,6.79999e+06,1.14999e+07,4.49986e+06,6.79999e+06,1.14999e+07,4.49982e+06,6.79999e+06,1.14999e+07,4.49977e+06,6.79999e+06,1.14999e+07,4.49971e+06,6.79999e+06,1.14999e+07,4.49963e+06,6.79999e+06,1.14998e+07,4.49953e+06,6.79999e+06,1.14998e+07,4.49941e+06,6.79999e+06,1.14998e+07,4.49926e+06,6.79999e+06,1.14998e+07,4.49906e+06,6.79999e+06,1.14997e+07,4.49882e+06,6.79999e+06,1.14997e+07,4.49851e+06,6.79999e+06,1.14997e+07,4.49812e+06,6.79999e+06,1.14996e+07,4.49764e+06,6.79999e+06,1.14996e+07,4.49702e+06,6.79999e+06,1.14995e+07,4.49625e+06,6.79999e+06,1.14995e+07,4.49528e+06,6.79999e+06,1.14994e+07,4.49406e+06,6.79999e+06,1.14993e+07,4.49253e+06,6.79999e+06,1.14992e+07,4.49059e+06,6.79999e+06,1.14991e+07,4.48817e+06,6.79999e+06,1.1499e+07,4.48511e+06,6.79999e+06,1.14988e+07,4.48128e+06,6.79999e+06,1.14987e+07,4.47646e+06,6.79999e+06,1.14985e+07,4.47041e+06,6.79999e+06,1.14983e+07,4.46281e+06,6.79999e+06,1.14981e+07,4.4533e+06,6.79999e+06,1.14979e+07,4.44138e+06,6.79999e+06,1.14976e+07,4.42649e+06,6.79999e+06,1.14972e+07,4.40789e+06,6.79999e+06,1.14969e+07,4.38471e+06,6.79999e+06,1.14965e+07,4.35592e+06,6.79999e+06,1.1496e+07,4.32027e+06,6.79999e+06,1.14955e+07,4.27629e+06,6.79999e+06,1.14949e+07,4.22231e+06,6.79999e+06,1.14942e+07,4.15647e+06,6.79999e+06,1.14934e+07,4.07676e+06,6.79999e+06,1.14926e+07,3.98112e+06,6.79999e+06,1.14916e+07,3.86765e+06,6.79999e+06,1.14905e+07,3.73474e+06,6.79999e+06,1.14892e+07,3.58148e+06,6.79999e+06,1.14878e+07,3.40785e+06,6.79999e+06,1.14862e+07,3.21513e+06,6.79999e+06,1.14844e+07,3.00605e+06,6.79999e+06,1.14823e+07,2.7848e+06,6.79999e+06,1.148e+07,2.5568e+06,6.79999e+06,1.14773e+07,2.32825e+06,6.79999e+06,13.5742,8.52444,0.508366,16.8306,13.2585,0.162638,20.0035,17.569,0.0507846,23.2616,22.4214,0.0158319,26.7328,28.3297,0.00493498,30.5212,35.6974,0.00153831,34.7178,44.9473,0.000479527,39.4086,56.5822,0.000149456,44.6796,71.2245,4.66214e-05,50.6209,89.6543,1.45419e-05,57.3297,112.852,4.54748e-06,64.9129,142.051,1.43857e-06,73.4897,178.803,4.36618e-07,83.1934,225.062,1.40153e-07,94.1745,283.286,4.96378e-08,106.602,356.568,1.05434e-07,120.669,448.799,-6.49244e-08,136.59,564.873,1.70148e-07,154.611,710.948,-5.34594e-08,175.008,894.767,1.63407e-07,198.097,1126.06,8.04804e-08,224.231,1417.07,1.14667e-07,253.813,1783.15,-1.71227e-07,287.297,2243.62,-2.88466e-07,325.198,2822.67,-4.33651e-07,368.098,3550.67,7.9318e-08,416.657,4465.65,3.13319e-07,471.621,5615.16,3.4613e-07,533.835,7058.61,-1.19199e-07,604.255,8870.02,-2.79964e-07,683.962,11141.4,-2.30521e-07,774.182,13986.7,-2.55099e-07,876.299,17546.4,1.23585e-07,991.883,21993.1,1.41192e-07,1122.71,27536.7,-9.71886e-08,1270.78,34430.7,-3.68368e-07,1438.38,42977.7,-3.45379e-07,1628.07,53532.7,-3.25328e-09,1842.77,66504.6,2.6362e-07,2085.77,82350.2,2.53445e-07,2360.79,101560,-2.47407e-08,2672.05,124632,-3.80602e-07,3024.31,152018,-4.79005e-07,3422.98,184060,-1.14379e-07,3874.15,220884,2.64297e-07,4384.72,262283,3.44131e-07,4962.49,307576,7.5349e-08,5616.29,355497,-3.63097e-07,6356.1,404126,-6.05442e-07,7193.18,450932,-2.72333e-07,8140.28,492963,2.29675e-07,9211.79,527178,4.3387e-07,10424,550893,-1.0711e-07,10.102,8.06553,2.81012,10.6436,8.57909,0.869423,11.5336,10.2515,0.270869,12.7211,12.7138,0.0844293,14.1823,15.9373,0.0263173,15.9122,20.0383,0.0082035,17.9198,25.2154,0.00255722,20.2244,31.7373,0.000797017,22.8539,39.9486,0.000248622,25.8438,50.2851,7.75492e-05,29.237,63.2963,2.42508e-05,33.0837,79.6738,7.67162e-06,37.4415,100.288,2.32837e-06,42.3767,126.236,7.33e-07,47.9646,158.896,2.79256e-07,54.2906,200.003,9.87351e-09,61.452,251.741,1.61085e-07,69.5585,316.859,-2.47141e-07,78.7347,398.812,8.93552e-08,89.1218,501.948,-2.53231e-07,100.879,631.736,-1.25047e-07,114.188,795.049,-1.78808e-07,129.252,1000.53,2.6733e-07,146.304,1259.03,4.50292e-07,165.605,1584.19,6.76904e-07,187.452,1993.12,-1.23808e-07,212.181,2507.27,-4.89068e-07,240.173,3153.54,-5.40284e-07,271.856,3965.56,1.86061e-07,307.719,4985.38,4.37004e-07,348.313,6265.4,3.59828e-07,394.26,7870.83,3.98192e-07,446.268,9882.51,-1.92908e-07,505.135,12400.3,-2.20392e-07,571.766,15546.9,1.51705e-07,647.184,19472.2,5.74996e-07,732.547,24357.4,5.39112e-07,829.167,30420,5.07815e-09,938.526,37916.3,-4.11492e-07,1062.3,47143.9,-3.9561e-07,1202.4,58439.2,3.86185e-08,1360.96,72169.3,5.94093e-07,1540.42,88715.8,7.47693e-07,1743.53,108445,1.78537e-07,1973.41,131665,-4.12549e-07,2233.57,158557,-5.37164e-07,2528,189103,-1.17615e-07,2861.2,222986,5.66769e-07,3238.27,259510,9.45053e-07,3664.97,297540,4.25093e-07,4147.81,335497,-3.58506e-07,4694.17,371444,-6.7724e-07,5312.37,403256,1.67192e-07,1.61744,3.89446,9.84394,3.28846,7.5504,12.774,5.07607,11.7187,13.6844,7.03202,16.8147,13.9681,9.20215,23.1769,14.0566,11.6301,31.1672,14.0841,14.3598,41.2186,14.0927,17.4376,53.8688,14.0954,20.9137,69.7915,14.0962,24.8432,89.8341,14.0965,29.2879,115.063,14.0966,34.3168,146.819,14.0966,40.0078,186.792,14.0966,46.4487,237.107,14.0966,53.7388,300.44,14.0966,61.9903,380.158,14.0966,71.3301,480.499,14.0966,81.902,606.796,14.0966,93.8685,765.761,14.0966,107.414,965.837,14.0966,122.746,1217.65,14.0966,140.101,1534.57,14.0966,159.745,1933.41,14.0966,181.981,2435.3,14.0966,207.15,3066.85,14.0966,235.64,3861.46,14.0966,267.889,4861.11,14.0966,304.391,6118.54,14.0966,345.709,7699.91,14.0966,392.478,9688.22,14.0966,445.417,12187.5,14.0966,505.339,15327.7,14.0966,573.165,19271.6,14.0966,649.938,24222,14.0966,736.839,30430.9,14.0966,835.202,38211.5,14.0966,946.539,47950.3,14.0966,1072.56,60122.8,14.0966,1215.21,75309.9,14.0966,1376.66,94216.2,14.0966,1559.41,117688,14.0966,1766.26,146729,14.0966,2000.39,182510,14.0966,2265.39,226372,14.0966,2565.33,279806,14.0966,2904.81,344416,14.0966,3289.05,421845,14.0966,3723.93,513667,14.0966,4216.13,621231,14.0966,4773.18,745478,14.0966,5403.64,886744,14.0966,6117.15,1.04457e+06,14.0966,6924.63,1.2176e+06,14.0966,11.7194,11.96,12.6541,13.9321,16.1295,13.6434,16.6097,21.9702,13.9553,19.7532,29.5285,14.0526,23.3844,39.1143,14.0829,27.5423,51.2054,14.0923,32.2796,66.434,14.0953,37.662,85.6061,14.0962,43.7675,109.74,14.0965,50.687,140.119,14.0966,58.5249,178.359,14.0966,67.4005,226.493,14.0966,77.4493,287.08,14.0966,88.8254,363.343,14.0966,101.703,459.336,14.0966,116.281,580.161,14.0966,132.782,732.241,14.0966,151.46,923.655,14.0966,172.603,1164.57,14.0966,196.535,1467.79,14.0966,223.625,1849.39,14.0966,254.288,2329.62,14.0966,288.997,2933.93,14.0966,328.285,3694.33,14.0966,372.755,4651.04,14.0966,423.092,5854.57,14.0966,480.07,7368.38,14.0966,544.564,9272.08,14.0966,617.566,11665.5,14.0966,700.197,14673.6,14.0966,793.729,18452.9,14.0966,899.599,23198.6,14.0966,1019.43,29154.1,14.0966,1155.07,36622.3,14.0966,1308.6,45977.9,14.0966,1482.39,57683.7,14.0966,1679.09,72307.8,14.0966,1901.73,90542.8,14.0966,2153.73,113226,14.0966,2438.97,141360,14.0966,2761.81,176127,14.0966,3127.22,218898,14.0966,3540.81,271226,14.0966,4008.92,334817,14.0966,4538.74,411470,14.0966,5138.38,502973,14.0966,5817.04,610948,14.0966,6585.12,736653,14.0966,7454.39,880741,14.0966,8438.15,1.04302e+06,14.0966,9551.45,1.22224e+06,14.0966,10811.3,1.41602e+06,14.0966,12237,1.62086e+06,14.0966,11.7194,11.96,12.6541,2.21263,4.16949,0.989383,2.67766,5.84076,0.311842,3.14343,7.55825,0.0972771,3.63127,9.58578,0.0303237,4.15787,12.0912,0.00945211,4.73731,15.2286,0.00294633,5.38238,19.1721,0.000918508,6.10553,24.134,0.000286163,6.91951,30.3791,8.92692e-05,7.83792,38.2397,2.78121e-05,8.87555,48.1338,8.65134e-06,10.0489,60.5876,2.7882e-06,11.3761,76.2629,8.29036e-07,12.8779,95.9927,2.4373e-07,14.5775,120.825,4.33068e-09,16.5012,152.08,1.75749e-07,18.6784,191.415,-1.86328e-07,21.1428,240.917,1.91829e-07,23.9322,303.213,-1.81475e-07,27.0895,381.602,7.0186e-08,30.6634,480.231,-2.86769e-08,34.7087,604.316,2.40784e-07,39.2876,760.401,9.87368e-08,44.4705,956.705,1.22263e-07,50.3371,1203.54,-4.31966e-07,56.9776,1513.81,-1.9705e-07,64.494,1903.69,-2.763e-08,73.0018,2393.4,3.9185e-07,82.6317,3008.13,1.35379e-07,93.5318,3779.25,-4.16351e-08,105.869,4745.7,2.06965e-08,119.834,5955.6,-3.18887e-07,135.641,7468.12,-1.48271e-08,153.531,9355.62,2.00739e-07,173.781,11705.8,2.28358e-07,196.701,14624.1,-1.93587e-08,222.642,18235,-2.88101e-07,252.003,22683.4,-2.24732e-07,285.234,28134,8.56806e-09,322.845,34767,2.34258e-07,365.413,42770.9,2.99668e-07,413.588,52327.9,8.28644e-08,468.111,63591.2,-3.07049e-07,529.814,76653.2,-3.1888e-07,599.642,91502.5,-6.72276e-08,678.662,107975,2.26339e-07,768.083,125705,3.69212e-07,869.267,144088,2.04077e-07,983.76,162277,-2.80509e-07,1113.3,179223,-4.22737e-07,1259.87,193777,-1.71951e-07,1425.68,204839,4.55555e-07,11.7194,11.96,12.6541,2.21263,4.16949,0.989383,2.67766,5.84076,0.311842,3.14343,7.55825,0.0972771,3.63127,9.58578,0.0303237,4.15787,12.0912,0.00945211,4.73731,15.2286,0.00294633,5.38238,19.1721,0.000918508,6.10553,24.134,0.000286163,6.91951,30.3791,8.92692e-05,7.83792,38.2397,2.78121e-05,8.87555,48.1338,8.65134e-06,10.0489,60.5876,2.7882e-06,11.3761,76.2629,8.29036e-07,12.8779,95.9927,2.4373e-07,14.5775,120.825,1e-08,16.5012,152.08,1.75749e-07,18.6784,191.415,1e-08,21.1428,240.917,1.91829e-07,23.9322,303.213,1e-08,27.0895,381.602,7.0186e-08,30.6634,480.231,1e-08,34.7087,604.316,2.40784e-07,39.2876,760.401,9.87368e-08,44.4705,956.705,1.22263e-07,50.3371,1203.54,1e-08,56.9776,1513.81,1e-08,64.494,1903.69,1e-08,73.0018,2393.4,3.9185e-07,82.6317,3008.13,1.35379e-07,93.5318,3779.25,1e-08,105.869,4745.7,2.06965e-08,119.834,5955.6,1e-08,135.641,7468.12,1e-08,153.531,9355.62,2.00739e-07,173.781,11705.8,2.28358e-07,196.701,14624.1,1e-08,222.642,18235,1e-08,252.003,22683.4,1e-08,285.234,28134,1e-08,322.845,34767,2.34258e-07,365.413,42770.9,2.99668e-07,413.588,52327.9,8.28644e-08,468.111,63591.2,1e-08,529.814,76653.2,1e-08,599.642,91502.5,1e-08,678.662,107975,2.26339e-07,768.083,125705,3.69212e-07,869.267,144088,2.04077e-07,983.76,162277,1e-08,1113.3,179223,1e-08,1259.87,193777,1e-08,1425.68,204839,4.55555e-07,6.2823,3.27286,2.43537,0.219672,6.18826,2.24117,0.56371,6.87772,2.63624,0.308279,24,3,11,7,1,1,1,2,0,1,14,0,9,23,0,9,5,0,18,20,0,4,28,0,6,28,0,4,19,0,5,55,0,17,53,0,2,22,0,3,77,0,17,40,0,5,82,0,27,137,0,20,242,0,18,170,0,16,249,0,34,560,0,25,352,0,63,486,0,39,1055,0,74,382,0,65,1490,0,53,1473,0,57,1924,0,107,1184,0,76,4075,0,72,4145,0,64,6125,0,77,2977,0,114,7713,0,125,6061,0,137,12916,0,83,12700,0,255,22269,0,260,13420,0,377,25176,0,404,27372,0,288,43238,0,206,28012,0,724,35816,0,642,139259,0,413,52004,0,706,42233,0,545,27316,0,1039,128795,0,1019,65872,0,991,274489,0,698,52390,0,2456,183729,0
-1.05176e+08,1,8.88811e-15,10,1023,0,1.05176e+08,0.528882,1.08665,0.389689,0.145397,0.379329,3.24381,0.161596,0.446195,1.77396,0.159177,1.15e+07,4.49998e+06,6.79999e+06,1.15e+07,4.49997e+06,6.79999e+06,1.15e+07,4.49996e+06,6.79999e+06,1.15e+07,4.49995e+06,6.79999e+06,1.14999e+07,4.49993e+06,6.79999e+06,1.14999e+07,4.49991e+06,6.79999e+06,1.14999e+07,4.49989e+06,6.79999e+06,1.14999e+07,4.49986e+06,6.79999e+06,1.14999e+07,4.49982e+06,6.79999e+06,1.14999e+07,4.49977e+06,6.79999e+06,1.14999e+07,4.49971e+06,6.79999e+06,1.14999e+07,4.49963e+06,6.79999e+06,1.14998e+07,4.49953e+06,6.79999e+06,1.14998e+07,4.49941e+06,6.79999e+06,1.14998e+07,4.49926e+06,6.79999e+06,1.14998e+07,4.49906e+06,6.79999e+06,1.14997e+07,4.49882e+06,6.79999e+06,1.14997e+07,4.49851e+06,6.79999e+06,1.14997e+07,4.49812e+06,6.79999e+06,1.14996e+07,4.49764e+06,6.79999e+06,1.14996e+07,4.49702e+06,6.79999e+06,1.14995e+07,4.49625e+06,6.79999e+06,1.14995e+07,4.49528e+06,6.79999e+06,1.14994e+07,4.49406e+06,6.79999e+06,1.14993e+07,4.49253e+06,6.79999e+06,1.14992e+07,4.49059e+06,6.79999e+06,1.14991e+07,4.48817e+06,6.79999e+06,1.1499e+07,4.48511e+06,6.79999e+06,1.14988e+07,4.48128e+06,6.79999e+06,1.14987e+07,4.47646e+06,6.79999e+06,1.14985e+07,4.47041e+06,6.79999e+06,1.14983e+07,4.46281e+06,6.79999e+06,1.14981e+07,4.4533e+06,6.79999e+06,1.14979e+07,4.44138e+06,6.79999e+06,1.14976e+07,4.42649e+06,6.79999e+06,1.14972e+07,4.40789e+06,6.79999e+06,1.14969e+07,4.38471e+06,6.79999e+06,1.14965e+07,4.35592e+06,6.79999e+06,1.1496e+07,4.32027e+06,6.79999e+06,1.14955e+07,4.27629e+06,6.79999e+06,1.14949e+07,4.22231e+06,6.79999e+06,1.14942e+07,4.15647e+06,6.79999e+06,1.14934e+07,4.07676e+06,6.79999e+06,1.14926e+07,3.98112e+06,6.79999e+06,1.14916e+07,3.86765e+06,6.79999e+06,1.14905e+07,3.73474e+06,6.79999e+06,1.14892e+07,3.58148e+06,6.79999e+06,1.14878e+07,3.40785e+06,6.79999e+06,1.14862e+07,3.21513e+06,6.79999e+06,1.14844e+07,3.00605e+06,6.79999e+06,1.14823e+07,2.7848e+06,6.79999e+06,1.148e+07,2.5568e+06,6.79999e+06,1.14773e+07,2.32825e+06,6.79999e+06,13.5742,8.52444,0.508366,16.8306,13.2585,0.162638,20.0035,17.569,0.0507846,23.2616,22.4214,0.0158319,26.7328,28.3297,0.00493498,30.5212,35.6974,0.00153831,34.7178,44.9473,0.000479527,39.4086,56.5822,0.000149456,44.6796,71.2245,4.66214e-05,50.6209,89.6543,1.45419e-05,57.3297,112.852,4.54748e-06,64.9129,142.051,1.43857e-06,73.4897,178.803,4.36618e-07,83.1934,225.062,1.40153e-07,94.1745,283.286,4.96378e-08,106.602,356.568,1.05434e-07,120.669,448.799,-6.49244e-08,136.59,564.873,1.70148e-07,154.611,710.948,-5.34594e-08,175.008,894.767,1.63407e-07,198.097,1126.06,8.04804e-08,224.231,1417.07,1.14667e-07,253.813,1783.15,-1.71227e-07,287.297,2243.62,-2.88466e-07,325.198,2822.67,-4.33651e-07,368.098,3550.67,7.9318e-08,416.657,4465.65,3.13319e-07,471.621,5615.16,3.4613e-07,533.835,7058.61,-1.19199e-07,604.255,8870.02,-2.79964e-07,683.962,11141.4,-2.30521e-07,774.182,13986.7,-2.55099e-07,876.299,17546.4,1.23585e-07,991.883,21993.1,1.41192e-07,1122.71,27536.7,-9.71886e-08,1270.78,34430.7,-3.68368e-07,1438.38,42977.7,-3.45379e-07,1628.07,53532.7,-3.25328e-09,1842.77,66504.6,2.6362e-07,2085.77,82350.2,2.53445e-07,2360.79,101560,-2.47407e-08,2672.05,124632,-3.80602e-07,3024.31,152018,-4.79005e-07,3422.98,184060,-1.14379e-07,3874.15,220884,2.64297e-07,4384.72,262283,3.44131e-07,4962.49,307576,7.5349e-08,5616.29,355497,-3.63097e-07,6356.1,404126,-6.05442e-07,7193.18,450932,-2.72333e-07,8140.28,492963,2.29675e-07,9211.79,527178,4.3387e-07,10424,550893,-1.0711e-07,10.102,8.06553,2.81012,10.6436,8.57909,0.869423,11.5336,10.2515,0.270869,12.7211,12.7138,0.0844293,14.1823,15.9373,0.0263173,15.9122,20.0383,0.0082035,17.9198,25.2154,0.00255722,20.2244,31.7373,0.000797017,22.8539,39.9486,0.000248622,25.8438,50.2851,7.75492e-05,29.237,63.2963,2.42508e-05,33.0837,79.6738,7.67162e-06,37.4415,100.288,2.32837e-06,42.3767,126.236,7.33e-07,47.9646,158.896,2.79256e-07,54.2906,200.003,9.87351e-09,61.452,251.741,1.61085e-07,69.5585,316.859,-2.47141e-07,78.7347,398.812,8.93552e-08,89.1218,501.948,-2.53231e-07,100.879,631.736,-1.25047e-07,114.188,795.049,-1.78808e-07,129.252,1000.53,2.6733e-07,146.304,1259.03,4.50292e-07,165.605,1584.19,6.76904e-07,187.452,1993.12,-1.23808e-07,212.181,2507.27,-4.89068e-07,240.173,3153.54,-5.40284e-07,271.856,3965.56,1.86061e-07,307.719,4985.38,4.37004e-07,348.313,6265.4,3.59828e-07,394.26,7870.83,3.98192e-07,446.268,9882.51,-1.92908e-07,505.135,12400.3,-2.20392e-07,571.766,15546.9,1.51705e-07,647.184,19472.2,5.74996e-07,732.547,24357.4,5.39112e-07,829.167,30420,5.07815e-09,938.526,37916.3,-4.11492e-07,1062.3,47143.9,-3.9561e-07,1202.4,58439.2,3.86185e-08,1360.96,72169.3,5.94093e-07,1540.42,88715.8,7.47693e-07,1743.53,108445,1.78537e-07,1973.41,131665,-4.12549e-07,2233.57,158557,-5.37164e-07,2528,189103,-1.17615e-07,2861.2,222986,5.66769e-07,3238.27,259510,9.45053e-07,3664.97,297540,4.25093e-07,4147.81,335497,-3.58506e-07,4694.17,371444,-6.7724e-07,5312.37,403256,1.67192e-07,1.61744,3.89446,9.84394,3.28846,7.5504,12.774,5.07607,11.7187,13.6844,7.03202,16.8147,13.9681,9.20215,23.1769,14.0566,11.6301,31.1672,14.0841,14.3598,41.2186,14.0927,17.4376,53.8688,14.0954,20.9137,69.7915,14.0962,24.8432,89.8341,14.0965,29.2879,115.063,14.0966,34.3168,146.819,14.0966,40.0078,186.792,14.0966,46.4487,237.107,14.0966,53.7388,300.44,14.0966,61.9903,380.158,14.0966,71.3301,480.499,14.0966,81.902,606.796,14.0966,93.8685,765.761,14.0966,107.414,965.837,14.0966,122.746,1217.65,14.0966,140.101,1534.57,14.0966,159.745,1933.41,14.0966,181.981,2435.3,14.0966,207.15,3066.85,14.0966,235.64,3861.46,14.0966,267.889,4861.11,14.0966,304.391,6118.54,14.0966,345.709,7699.91,14.0966,392.478,9688.22,14.0966,445.417,12187.5,14.0966,505.339,15327.7,14.0966,573.165,19271.6,14.0966,649.938,24222,14.0966,736.839,30430.9,14.0966,835.202,38211.5,14.0966,946.539,47950.3,14.0966,1072.56,60122.8,14.0966,1215.21,75309.9,14.0966,1376.66,94216.2,14.0966,1559.41,117688,14.0966,1766.26,146729,14.0966,2000.39,182510,14.0966,2265.39,226372,14.0966,2565.33,279806,14.0966,2904.81,344416,14.0966,3289.05,421845,14.0966,3723.93,513667,14.0966,4216.13,621231,14.0966,4773.18,745478,14.0966,5403.64,886744,14.0966,6117.15,1.04457e+06,14.0966,6924.63,1.2176e+06,14.0966,11.7194,11.96,12.6541,13.9321,16.1295,13.6434,16.6097,21.9702,13.9553,19.7532,29.5285,14.0526,23.3844,39.1143,14.0829,27.5423,51.2054,14.0923,32.2796,66.434,14.0953,37.662,85.6061,14.0962,43.7675,109.74,14.0965,50.687,140.119,14.0966,58.5249,178.359,14.0966,67.4005,226.493,14.0966,77.4493,287.08,14.0966,88.8254,363.343,14.0966,101.703,459.336,14.0966,116.281,580.161,14.0966,132.782,732.241,14.0966,151.46,923.655,14.0966,172.603,1164.57,14.0966,196.535,1467.79,14.0966,223.625,1849.39,14.0966,254.288,2329.62,14.0966,288.997,2933.93,14.0966,328.285,3694.33,14.0966,372.755,4651.04,14.0966,423.092,5854.57,14.0966,480.07,7368.38,14.0966,544.564,9272.08,14.0966,617.566,11665.5,14.0966,700.197,14673.6,14.0966,793.729,18452.9,14.0966,899.599,23198.6,14.0966,1019.43,29154.1,14.0966,1155.07,36622.3,14.0966,1308.6,45977.9,14.0966,1482.39,57683.7,14.0966,1679.09,72307.8,14.0966,1901.73,90542.8,14.0966,2153.73,113226,14.0966,2438.97,141360,14.0966,2761.81,176127,14.0966,3127.22,218898,14.0966,3540.81,271226,14.0966,4008.92,334817,14.0966,4538.74,411470,14.0966,5138.38,502973,14.0966,5817.04,610948,14.0966,6585.12,736653,14.0966,7454.39,880741,14.0966,8438.15,1.04302e+06,14.0966,9551.45,1.22224e+06,14.0966,10811.3,1.41602e+06,14.0966,12237,1.62086e+06,14.0966,11.7194,11.96,12.6541,2.21263,4.16949,0.989383,2.67766,5.84076,0.311842,3.14343,7.55825,0.0972771,3.63127,9.58578,0.0303237,4.15787,12.0912,0.00945211,4.73731,15.2286,0.00294633,5.38238,19.1721,0.000918508,6.10553,24.134,0.000286163,6.91951,30.3791,8.92692e-05,7.83792,38.2397,2.78121e-05,8.87555,48.1338,8.65134e-06,10.0489,60.5876,2.7882e-06,11.3761,76.2629,8.29036e-07,12.8779,95.9927,2.4373e-07,14.5775,120.825,4.33068e-09,16.5012,152.08,1.75749e-07,18.6784,191.415,-1.86328e-07,21.1428,240.917,1.91829e-07,23.9322,303.213,-1.81475e-07,27.0895,381.602,7.0186e-08,30.6634,480.231,-2.86769e-08,34.7087,604.316,2.40784e-07,39.2876,760.401,9.87368e-08,44.4705,956.705,1.22263e-07,50.3371,1203.54,-4.31966e-07,56.9776,1513.81,-1.9705e-07,64.494,1903.69,-2.763e-08,73.0018,2393.4,3.9185e-07,82.6317,3008.13,1.35379e-07,93.5318,3779.25,-4.16351e-08,105.869,4745.7,2.06965e-08,119.834,5955.6,-3.18887e-07,135.641,7468.12,-1.48271e-08,153.531,9355.62,2.00739e-07,173.781,11705.8,2.28358e-07,196.701,14624.1,-1.93587e-08,222.642,18235,-2.88101e-07,252.003,22683.4,-2.24732e-07,285.234,28134,8.56806e-09,322.845,34767,2.34258e-07,365.413,42770.9,2.99668e-07,413.588,52327.9,8.28644e-08,468.111,63591.2,-3.07049e-07,529.814,76653.2,-3.1888e-07,599.642,91502.5,-6.72276e-08,678.662,107975,2.26339e-07,768.083,125705,3.69212e-07,869.267,144088,2.04077e-07,983.76,162277,-2.80509e-07,1113.3,179223,-4.22737e-07,1259.87,193777,-1.71951e-07,1425.68,204839,4.55555e-07,11.7194,11.96,12.6541,2.21263,4.16949,0.989383,2.67766,5.84076,0.311842,3.14343,7.55825,0.0972771,3.63127,9.58578,0.0303237,4.15787,12.0912,0.00945211,4.73731,15.2286,0.00294633,5.38238,19.1721,0.000918508,6.10553,24.134,0.000286163,6.91951,30.3791,8.92692e-05,7.83792,38.2397,2.78121e-05,8.87555,48.1338,8.65134e-06,10.0489,60.5876,2.7882e-06,11.3761,76.2629,8.29036e-07,12.8779,95.9927,2.4373e-07,14.5775,120.825,1e-08,16.5012,152.08,1.75749e-07,18.6784,191.415,1e-08,21.1428,240.917,1.91829e-07,23.9322,303.213,1e-08,27.0895,381.602,7.0186e-08,30.6634,480.231,1e-08,34.7087,604.316,2.40784e-07,39.2876,760.401,9.87368e-08,44.4705,956.705,1.22263e-07,50.3371,1203.54,1e-08,56.9776,1513.81,1e-08,64.494,1903.69,1e-08,73.0018,2393.4,3.9185e-07,82.6317,3008.13,1.35379e-07,93.5318,3779.25,1e-08,105.869,4745.7,2.06965e-08,119.834,5955.6,1e-08,135.641,7468.12,1e-08,153.531,9355.62,2.00739e-07,173.781,11705.8,2.28358e-07,196.701,14624.1,1e-08,222.642,18235,1e-08,252.003,22683.4,1e-08,285.234,28134,1e-08,322.845,34767,2.34258e-07,365.413,42770.9,2.99668e-07,413.588,52327.9,8.28644e-08,468.111,63591.2,1e-08,529.814,76653.2,1e-08,599.642,91502.5,1e-08,678.662,107975,2.26339e-07,768.083,125705,3.69212e-07,869.267,144088,2.04077e-07,983.76,162277,1e-08,1113.3,179223,1e-08,1259.87,193777,1e-08,1425.68,204839,4.55555e-07,6.2823,3.27286,2.43537,0.219672,6.18826,2.24117,0.56371,6.87772,2.63624,0.308279,9,11,4,2,5,2,2,6,1,3,8,0,2,7,0,1,22,0,7,13,0,6,18,0,9,24,0,5,20,0,7,46,0,7,59,0,10,49,0,16,60,0,15,139,0,24,100,0,15,130,0,24,160,0,26,354,0,35,138,0,24,377,0,31,921,0,8,452,0,39,591,0,36,741,0,98,1669,0,76,1206,0,57,1220,0,42,2874,0,69,3610,0,40,2835,0,96,4344,0,69,6940,0,333,9197,0,84,6828,0,175,6689,0,86,15667,0,122,15556,0,134,17403,0,377,16754,0,343,27306,0,441,44705,0,227,99178,0,585,46761,0,629,55310,0,224,139370,0,620,55374,0,404,110834,0,455,126520,0,882,334588,0,875,100014,0,1152,152830,0,1001,172308,0
-1.05176e+08,1,8.88811e-15,10,1023,0,1.05176e+08,0.528882,1.08665,0.389689,0.145397,0.379329,3.24381,0.161596,0.446195,1.77396,0.159177,1.15e+07,4.49998e+06,6.79999e+06,1.15e+07,4.49997e+06,6.79999e+06,1.15e+07,4.49996e+06,6.79999e+06,1.15e+07,4.49995e+06,6.79999e+06,1.14999e+07,4.49993e+06,6.79999e+06,1.14999e+07,4.49991e+06,6.79999e+06,1.14999e+07,4.49989e+06,6.79999e+06,1.14999e+07,4.49986e+06,6.79999e+06,1.14999e+07,4.49982e+06,6.79999e+06,1.14999e+07,4.49977e+06,6.79999e+06,1.14999e+07,4.49971e+06,6.79999e+06,1.14999e+07,4.49963e+06,6.79999e+06,1.14998e+07,4.49953e+06,6.79999e+06,1.14998e+07,4.49941e+06,6.79999e+06,1.14998e+07,4.49926e+06,6.79999e+06,1.14998e+07,4.49906e+06,6.79999e+06,1.14997e+07,4.49882e+06,6.79999e+06,1.14997e+07,4.49851e+06,6.79999e+06,1.14997e+07,4.49812e+06,6.79999e+06,1.14996e+07,4.49764e+06,6.79999e+06,1.14996e+07,4.49702e+06,6.79999e+06,1.14995e+07,4.49625e+06,6.79999e+06,1.14995e+07,4.49528e+06,6.79999e+06,1.14994e+07,4.49406e+06,6.79999e+06,1.14993e+07,4.49253e+06,6.79999e+06,1.14992e+07,4.49059e+06,6.79999e+06,1.14991e+07,4.48817e+06,6.79999e+06,1.1499e+07,4.48511e+06,6.79999e+06,1.14988e+07,4.48128e+06,6.79999e+06,1.14987e+07,4.47646e+06,6.79999e+06,1.14985e+07,4.47041e+06,6.79999e+06,1.14983e+07,4.46281e+06,6.79999e+06,1.14981e+07,4.4533e+06,6.79999e+06,1.14979e+07,4.44138e+06,6.79999e+06,1.14976e+07,4.42649e+06,6.79999e+06,1.14972e+07,4.40789e+06,6.79999e+06,1.14969e+07,4.38471e+06,6.79999e+06,1.14965e+07,4.35592e+06,6.79999e+06,1.1496e+07,4.32027e+06,6.79999e+06,1.14955e+07,4.27629e+06,6.79999e+06,1.14949e+07,4.22231e+06,6.79999e+06,1.14942e+07,4.15647e+06,6.79999e+06,1.14934e+07,4.07676e+06,6.79999e+06,1.14926e+07,3.98112e+06,6.79999e+06,1.14916e+07,3.86765e+06,6.79999e+06,1.14905e+07,3.73474e+06,6.79999e+06,1.14892e+07,3.58148e+06,6.79999e+06,1.14878e+07,3.40785e+06,6.79999e+06,1.14862e+07,3.21513e+06,6.79999e+06,1.14844e+07,3.00605e+06,6.79999e+06,1.14823e+07,2.7848e+06,6.79999e+06,1.148e+07,2.5568e+06,6.79999e+06,1.14773e+07,2.32825e+06,6.79999e+06,13.5742,8.52444,0.508366,16.8306,13.2585,0.162638,20.0035,17.569,0.0507846,23.2616,22.4214,0.0158319,26.7328,28.3297,0.00493498,30.5212,35.6974,0.00153831,34.7178,44.9473,0.000479527,39.4086,56.5822,0.000149456,44.6796,71.2245,4.66214e-05,50.6209,89.6543,1.45419e-05,57.3297,112.852,4.54748e-06,64.9129,142.051,1.43857e-06,73.4897,178.803,4.36618e-07,83.1934,225.062,1.40153e-07,94.1745,283.286,4.96378e-08,106.602,356.568,1.05434e-07,120.669,448.799,-6.49244e-08,136.59,564.873,1.70148e-07,154.611,710.948,-5.34594e-08,175.008,894.767,1.63407e-07,198.097,1126.06,8.04804e-08,224.231,1417.07,1.14667e-07,253.813,1783.15,-1.71227e-07,287.297,2243.62,-2.88466e-07,325.198,2822.67,-4.33651e-07,368.098,3550.67,7.9318e-08,416.657,4465.65,3.13319e-07,471.621,5615.16,3.4613e-07,533.835,7058.61,-1.19199e-07,604.255,8870.02,-2.79964e-07,683.962,11141.4,-2.30521e-07,774.182,13986.7,-2.55099e-07,876.299,17546.4,1.23585e-07,991.883,21993.1,1.41192e-07,1122.71,27536.7,-9.71886e-08,1270.78,34430.7,-3.68368e-07,1438.38,42977.7,-3.45379e-07,1628.07,53532.7,-3.25328e-09,1842.77,66504.6,2.6362e-07,2085.77,82350.2,2.53445e-07,2360.79,101560,-2.47407e-08,2672.05,124632,-3.80602e-07,3024.31,152018,-4.79005e-07,3422.98,184060,-1.14379e-07,3874.15,220884,2.64297e-07,4384.72,262283,3.44131e-07,4962.49,307576,7.5349e-08,5616.29,355497,-3.63097e-07,6356.1,404126,-6.05442e-07,7193.18,450932,-2.72333e-07,8140.28,492963,2.29675e-07,9211.79,527178,4.3387e-07,10424,550893,-1.0711e-07,10.102,8.06553,2.81012,10.6436,8.57909,0.869423,11.5336,10.2515,0.270869,12.7211,12.7138,0.0844293,14.1823,15.9373,0.0263173,15.9122,20.0383,0.0082035,17.9198,25.2154,0.00255722,20.2244,31.7373,0.000797017,22.8539,39.9486,0.000248622,25.8438,50.2851,7.75492e-05,29.237,63.2963,2.42508e-05,33.0837,79.6738,7.67162e-06,37.4415,100.288,2.32837e-06,42.3767,126.236,7.33e-07,47.9646,158.896,2.79256e-07,54.2906,200.003,9.87351e-09,61.452,251.741,1.61085e-07,69.5585,316.859,-2.47141e-07,78.7347,398.812,8.93552e-08,89.1218,501.948,-2.53231e-07,100.879,631.736,-1.25047e-07,114.188,795.049,-1.78808e-07,129.252,1000.53,2.6733e-07,146.304,1259.03,4.50292e-07,165.605,1584.19,6.76904e-07,187.452,1993.12,-1.23808e-07,212.181,2507.27,-4.89068e-07,240.173,3153.54,-5.40284e-07,271.856,3965.56,1.86061e-07,307.719,4985.38,4.37004e-07,348.313,6265.4,3.59828e-07,394.26,7870.83,3.98192e-07,446.268,9882.51,-1.92908e-07,505.135,12400.3,-2.20392e-07,571.766,15546.9,1.51705e-07,647.184,19472.2,5.74996e-07,732.547,24357.4,5.39112e-07,829.167,30420,5.07815e-09,938.526,37916.3,-4.11492e-07,1062.3,47143.9,-3.9561e-07,1202.4,58439.2,3.86185e-08,1360.96,72169.3,5.94093e-07,1540.42,88715.8,7.47693e-07,1743.53,108445,1.78537e-07,1973.41,131665,-4.12549e-07,2233.57,158557,-5.37164e-07,2528,189103,-1.17615e-07,2861.2,222986,5.66769e-07,3238.27,259510,9.45053e-07,3664.97,297540,4.25093e-07,4147.81,335497,-3.58506e-07,4694.17,371444,-6.7724e-07,5312.37,403256,1.67192e-07,1.61744,3.89446,9.84394,3.28846,7.5504,12.774,5.07607,11.7187,13.6844,7.03202,16.8147,13.9681,9.20215,23.1769,14.0566,11.6301,31.1672,14.0841,14.3598,41.2186,14.0927,17.4376,53.8688,14.0954,20.9137,69.7915,14.0962,24.8432,89.8341,14.0965,29.2879,115.063,14.0966,34.3168,146.819,14.0966,40.0078,186.792,14.0966,46.4487,237.107,14.0966,53.7388,300.44,14.0966,61.9903,380.158,14.0966,71.3301,480.499,14.0966,81.902,606.796,14.0966,93.8685,765.761,14.0966,107.414,965.837,14.0966,122.746,1217.65,14.0966,140.101,1534.57,14.0966,159.745,1933.41,14.0966,181.981,2435.3,14.0966,207.15,3066.85,14.0966,235.64,3861.46,14.0966,267.889,4861.11,14.0966,304.391,6118.54,14.0966,345.709,7699.91,14.0966,392.478,9688.22,14.0966,445.417,12187.5,14.0966,505.339,15327.7,14.0966,573.165,19271.6,14.0966,649.938,24222,14.0966,736.839,30430.9,14.0966,835.202,38211.5,14.0966,946.539,47950.3,14.0966,1072.56,60122.8,14.0966,1215.21,75309.9,14.0966,1376.66,94216.2,14.0966,1559.41,117688,14.0966,1766.26,146729,14.0966,2000.39,182510,14.0966,2265.39,226372,14.0966,2565.33,279806,14.0966,2904.81,344416,14.0966,3289.05,421845,14.0966,3723.93,513667,14.0966,4216.13,621231,14.0966,4773.18,745478,14.0966,5403.64,886744,14.0966,6117.15,1.04457e+06,14.0966,6924.63,1.2176e+06,14.0966,11.7194,11.96,12.6541,13.9321,16.1295,13.6434,16.6097,21.9702,13.9553,19.7532,29.5285,14.0526,23.3844,39.1143,14.0829,27.5423,51.2054,14.0923,32.2796,66.434,14.0953,37.662,85.6061,14.0962,43.7675,109.74,14.0965,50.687,140.119,14.0966,58.5249,178.359,14.0966,67.4005,226.493,14.0966,77.4493,287.08,14.0966,88.8254,363.343,14.0966,101.703,459.336,14.0966,116.281,580.161,14.0966,132.782,732.241,14.0966,151.46,923.655,14.0966,172.603,1164.57,14.0966,196.535,1467.79,14.0966,223.625,1849.39,14.0966,254.288,2329.62,14.0966,288.997,2933.93,14.0966,328.285,3694.33,14.0966,372.755,4651.04,14.0966,423.092,5854.57,14.0966,480.07,7368.38,14.0966,544.564,9272.08,14.0966,617.566,11665.5,14.0966,700.197,14673.6,14.0966,793.729,18452.9,14.0966,899.599,23198.6,14.0966,1019.43,29154.1,14.0966,1155.07,36622.3,14.0966,1308.6,45977.9,14.0966,1482.39,57683.7,14.0966,1679.09,72307.8,14.0966,1901.73,90542.8,14.0966,2153.73,113226,14.0966,2438.97,141360,14.0966,2761.81,176127,14.0966,3127.22,218898,14.0966,3540.81,271226,14.0966,4008.92,334817,14.0966,4538.74,411470,14.0966,5138.38,502973,14.0966,5817.04,610948,14.0966,6585.12,736653,14.0966,7454.39,880741,14.0966,8438.15,1.04302e+06,14.0966,9551.45,1.22224e+06,14.0966,10811.3,1.41602e+06,14.0966,12237,1.62086e+06,14.0966,11.7194,11.96,12.6541,2.21263,4.16949,0.989383,2.67766,5.84076,0.311842,3.14343,7.55825,0.0972771,3.63127,9.58578,0.0303237,4.15787,12.0912,0.00945211,4.73731,15.2286,0.00294633,5.38238,19.1721,0.000918508,6.10553,24.134,0.000286163,6.91951,30.3791,8.92692e-05,7.83792,38.2397,2.78121e-05,8.87555,48.1338,8.65134e-06,10.0489,60.5876,2.7882e-06,11.3761,76.2629,8.29036e-07,12.8779,95.9927,2.4373e-07,14.5775,120.825,4.33068e-09,16.5012,152.08,1.75749e-07,18.6784,191.415,-1.86328e-07,21.1428,240.917,1.91829e-07,23.9322,303.213,-1.81475e-07,27.0895,381.602,7.0186e-08,30.6634,480.231,-2.86769e-08,34.7087,604.316,2.40784e-07,39.2876,760.401,9.87368e-08,44.4705,956.705,1.22263e-07,50.3371,1203.54,-4.31966e-07,56.9776,1513.81,-1.9705e-07,64.494,1903.69,-2.763e-08,73.0018,2393.4,3.9185e-07,82.6317,3008.13,1.35379e-07,93.5318,3779.25,-4.16351e-08,105.869,4745.7,2.06965e-08,119.834,5955.6,-3.18887e-07,135.641,7468.12,-1.48271e-08,153.531,9355.62,2.00739e-07,173.781,11705.8,2.28358e-07,196.701,14624.1,-1.93587e-08,222.642,18235,-2.88101e-07,252.003,22683.4,-2.24732e-07,285.234,28134,8.56806e-09,322.845,34767,2.34258e-07,365.413,42770.9,2.99668e-07,413.588,52327.9,8.28644e-08,468.111,63591.2,-3.07049e-07,529.814,76653.2,-3.1888e-07,599.642,91502.5,-6.72276e-08,678.662,107975,2.26339e-07,768.083,125705,3.69212e-07,869.267,144088,2.04077e-07,983.76,162277,-2.80509e-07,1113.3,179223,-4.22737e-07,1259.87,193777,-1.71951e-07,1425.68,204839,4.55555e-07,11.7194,11.96,12.6541,2.21263,4.16949,0.989383,2.67766,5.84076,0.311842,3.14343,7.55825,0.0972771,3.63127,9.58578,0.0303237,4.15787,12.0912,0.00945211,4.73731,15.2286,0.00294633,5.38238,19.1721,0.000918508,6.10553,24.134,0.000286163,6.91951,30.3791,8.92692e-05,7.83792,38.2397,2.78121e-05,8.87555,48.1338,8.65134e-06,10.0489,60.5876,2.7882e-06,11.3761,76.2629,8.29036e-07,12.8779,95.9927,2.4373e-07,14.5775,120.825,1e-08,16.5012,152.08,1.75749e-07,18.6784,191.415,1e-08,21.1428,240.917,1.91829e-07,23.9322,303.213,1e-08,27.0895,381.602,7.0186e-08,30.6634,480.231,1e-08,34.7087,604.316,2.40784e-07,39.2876,760.401,9.87368e-08,44.4705,956.705,1.22263e-07,50.3371,1203.54,1e-08,56.9776,1513.81,1e-08,64.494,1903.69,1e-08,73.0018,2393.4,3.9185e-07,82.6317,3008.13,1.35379e-07,93.5318,3779.25,1e-08,105.869,4745.7,2.06965e-08,119.834,5955.6,1e-08,135.641,7468.12,1e-08,153.531,9355.62,2.00739e-07,173.781,11705.8,2.28358e-07,196.701,14624.1,1e-08,222.642,18235,1e-08,252.003,22683.4,1e-08,285.234,28134,1e-08,322.845,34767,2.34258e-07,365.413,42770.9,2.99668e-07,413.588,52327.9,8.28644e-08,468.111,63591.2,1e-08,529.814,76653.2,1e-08,599.642,91502.5,1e-08,678.662,107975,2.26339e-07,768.083,125705,3.69212e-07,869.267,144088,2.04077e-07,983.76,162277,1e-08,1113.3,179223,1e-08,1259.87,193777,1e-08,1425.68,204839,4.55555e-07,6.2823,3.27286,2.43537,0.219672,6.18826,2.24117,0.56371,6.87772,2.63624,0.308279,15,16,9,2,4,0,3,10,0,3,2,0,5,9,0,5,19,0,7,19,0,3,30,0,6,20,0,4,28,0,2,33,0,13,94,0,4,49,0,3,112,0,14,141,0,22,103,0,24,161,0,19,182,0,27,212,0,39,191,0,13,484,0,28,478,0,47,534,0,15,629,0,71,1421,0,55,1506,0,45,1613,0,89,912,0,41,2401,0,105,6220,0,184,3206,0,85,2663,0,137,2172,0,69,9429,0,149,9319,0,178,5471,0,165,18844,0,271,23239,0,261,10826,0,178,23299,0,262,34033,0,451,54319,0,954,46474,0,579,36825,0,782,88685,0,965,85718,0,1547,61206,0,690,114550,0,1293,88635,0,2109,126055,0,529,254883,0,1387,197763,0,856,413087,0
-1.05176e+08,1,8.88811e-15,10,1023,0,1.05176e+08,0.528882,1.08665,0.389689,0.145397,0.379329,3.24381,0.161596,0.446195,1.77396,0.159177,1.15e+07,4.49998e+06,6.79999e+06,1.15e+07,4.49997e+06,6.79999e+06,1.15e+07,4.49996e+06,6.79999e+06,1.15e+07,4.49995e+06,6.79999e+06,1.14999e+07,4.49993e+06,6.79999e+06,1.14999e+07,4.49991e+06,6.79999e+06,1.14999e+07,4.49989e+06,6.79999e+06,1.14999e+07,4.49986e+06,6.79999e+06,1.14999e+07,4.49982e+06,6.79999e+06,1.14999e+07,4.49977e+06,6.79999e+06,1.14999e+07,4.49971e+06,6.79999e+06,1.14999e+07,4.49963e+06,6.79999e+06,1.14998e+07,4.49953e+06,6.79999e+06,1.14998e+07,4.49941e+06,6.79999e+06,1.14998e+07,4.49926e+06,6.79999e+06,1.14998e+07,4.49906e+06,6.79999e+06,1.14997e+07,4.49882e+06,6.79999e+06,1.14997e+07,4.49851e+06,6.79999e+06,1.14997e+07,4.49812e+06,6.79999e+06,1.14996e+07,4.49764e+06,6.79999e+06,1.14996e+07,4.49702e+06,6.79999e+06,1.14995e+07,4.49625e+06,6.79999e+06,1.14995e+07,4.49528e+06,6.79999e+06,1.14994e+07,4.49406e+06,6.79999e+06,1.14993e+07,4.49253e+06,6.79999e+06,1.14992e+07,4.49059e+06,6.79999e+06,1.14991e+07,4.48817e+06,6.79999e+06,1.1499e+07,4.48511e+06,6.79999e+06,1.14988e+07,4.48128e+06,6.79999e+06,1.14987e+07,4.47646e+06,6.79999e+06,1.14985e+07,4.47041e+06,6.79999e+06,1.14983e+07,4.46281e+06,6.79999e+06,1.14981e+07,4.4533e+06,6.79999e+06,1.14979e+07,4.44138e+06,6.79999e+06,1.14976e+07,4.42649e+06,6.79999e+06,1.14972e+07,4.40789e+06,6.79999e+06,1.14969e+07,4.38471e+06,6.79999e+06,1.14965e+07,4.35592e+06,6.79999e+06,1.1496e+07,4.32027e+06,6.79999e+06,1.14955e+07,4.27629e+06,6.79999e+06,1.14949e+07,4.22231e+06,6.79999e+06,1.14942e+07,4.15647e+06,6.79999e+06,1.14934e+07,4.07676e+06,6.79999e+06,1.14926e+07,3.98112e+06,6.79999e+06,1.14916e+07,3.86765e+06,6.79999e+06,1.14905e+07,3.73474e+06,6.79999e+06,1.14892e+07,3.58148e+06,6.79999e+06,1.14878e+07,3.40785e+06,6.79999e+06,1.14862e+07,3.21513e+06,6.79999e+06,1.14844e+07,3.00605e+06,6.79999e+06,1.14823e+07,2.7848e+06,6.79999e+06,1.148e+07,2.5568e+06,6.79999e+06,1.14773e+07,2.32825e+06,6.79999e+06,13.5742,8.52444,0.508366,16.8306,13.2585,0.162638,20.0035,17.569,0.0507846,23.2616,22.4214,0.0158319,26.7328,28.3297,0.00493498,30.5212,35.6974,0.00153831,34.7178,44.9473,0.000479527,39.4086,56.5822,0.000149456,44.6796,71.2245,4.66214e-05,50.6209,89.6543,1.45419e-05,57.3297,112.852,4.54748e-06,64.9129,142.051,1.43857e-06,73.4897,178.803,4.36618e-07,83.1934,225.062,1.40153e-07,94.1745,283.286,4.96378e-08,106.602,356.568,1.05434e-07,120.669,448.799,-6.49244e-08,136.59,564.873,1.70148e-07,154.611,710.948,-5.34594e-08,175.008,894.767,1.63407e-07,198.097,1126.06,8.04804e-08,224.231,1417.07,1.14667e-07,253.813,1783.15,-1.71227e-07,287.297,2243.62,-2.88466e-07,325.198,2822.67,-4.33651e-07,368.098,3550.67,7.9318e-08,416.657,4465.65,3.13319e-07,471.621,5615.16,3.4613e-07,533.835,7058.61,-1.19199e-07,604.255,8870.02,-2.79964e-07,683.962,11141.4,-2.30521e-07,774.182,13986.7,-2.55099e-07,876.299,17546.4,1.23585e-07,991.883,21993.1,1.41192e-07,1122.71,27536.7,-9.71886e-08,1270.78,34430.7,-3.68368e-07,1438.38,42977.7,-3.45379e-07,1628.07,53532.7,-3.25328e-09,1842.77,66504.6,2.6362e-07,2085.77,82350.2,2.53445e-07,2360.79,101560,-2.47407e-08,2672.05,124632,-3.80602e-07,3024.31,152018,-4.79005e-07,3422.98,184060,-1.14379e-07,3874.15,220884,2.64297e-07,4384.72,262283,3.44131e-07,4962.49,307576,7.5349e-08,5616.29,355497,-3.63097e-07,6356.1,404126,-6.05442e-07,7193.18,450932,-2.72333e-07,8140.28,492963,2.29675e-07,9211.79,527178,4.3387e-07,10424,550893,-1.0711e-07,10.102,8.06553,2.81012,10.6436,8.57909,0.869423,11.5336,10.2515,0.270869,12.7211,12.7138,0.0844293,14.1823,15.9373,0.0263173,15.9122,20.0383,0.0082035,17.9198,25.2154,0.00255722,20.2244,31.7373,0.000797017,22.8539,39.9486,0.000248622,25.8438,50.2851,7.75492e-05,29.237,63.2963,2.42508e-05,33.0837,79.6738,7.67162e-06,37.4415,100.288,2.32837e-06,42.3767,126.236,7.33e-07,47.9646,158.896,2.79256e-07,54.2906,200.003,9.87351e-09,61.452,251.741,1.61085e-07,69.5585,316.859,-2.47141e-07,78.7347,398.812,8.93552e-08,89.1218,501.948,-2.53231e-07,100.879,631.736,-1.25047e-07,114.188,795.049,-1.78808e-07,129.252,1000.53,2.6733e-07,146.304,1259.03,4.50292e-07,165.605,1584.19,6.76904e-07,187.452,1993.12,-1.23808e-07,212.181,2507.27,-4.89068e-07,240.173,3153.54,-5.40284e-07,271.856,3965.56,1.86061e-07,307.719,4985.38,4.37004e-07,348.313,6265.4,3.59828e-07,394.26,7870.83,3.98192e-07,446.268,9882.51,-1.92908e-07,505.135,12400.3,-2.20392e-07,571.766,15546.9,1.51705e-07,647.184,19472.2,5.74996e-07,732.547,24357.4,5.39112e-07,829.167,30420,5.07815e-09,938.526,37916.3,-4.11492e-07,1062.3,47143.9,-3.9561e-07,1202.4,58439.2,3.86185e-08,1360.96,72169.3,5.94093e-07,1540.42,88715.8,7.47693e-07,1743.53,108445,1.78537e-07,1973.41,131665,-4.12549e-07,2233.57,158557,-5.37164e-07,2528,189103,-1.17615e-07,2861.2,222986,5.66769e-07,3238.27,259510,9.45053e-07,3664.97,297540,4.25093e-07,4147.81,335497,-3.58506e-07,4694.17,371444,-6.7724e-07,5312.37,403256,1.67192e-07,1.61744,3.89446,9.84394,3.28846,7.5504,12.774,5.07607,11.7187,13.6844,7.03202,16.8147,13.9681,9.20215,23.1769,14.0566,11.6301,31.1672,14.0841,14.3598,41.2186,14.0927,17.4376,53.8688,14.0954,20.9137,69.7915,14.0962,24.8432,89.8341,14.0965,29.2879,115.063,14.0966,34.3168,146.819,14.0966,40.0078,186.792,14.0966,46.4487,237.107,14.0966,53.7388,300.44,14.0966,61.9903,380.158,14.0966,71.3301,480.499,14.0966,81.902,606.796,14.0966,93.8685,765.761,14.0966,107.414,965.837,14.0966,122.746,1217.65,14.0966,140.101,1534.57,14.0966,159.745,1933.41,14.0966,181.981,2435.3,14.0966,207.15,3066.85,14.0966,235.64,3861.46,14.0966,267.889,4861.11,14.0966,304.391,6118.54,14.0966,345.709,7699.91,14.0966,392.478,9688.22,14.0966,445.417,12187.5,14.0966,505.339,15327.7,14.0966,573.165,19271.6,14.0966,649.938,24222,14.0966,736.839,30430.9,14.0966,835.202,38211.5,14.0966,946.539,47950.3,14.0966,1072.56,60122.8,14.0966,1215.21,75309.9,14.0966,1376.66,94216.2,14.0966,1559.41,117688,14.0966,1766.26,146729,14.0966,2000.39,182510,14.0966,2265.39,226372,14.0966,2565.33,279806,14.0966,2904.81,344416,14.0966,3289.05,421845,14.0966,3723.93,513667,14.0966,4216.13,621231,14.0966,4773.18,745478,14.0966,5403.64,886744,14.0966,6117.15,1.04457e+06,14.0966,6924.63,1.2176e+06,14.0966,11.7194,11.96,12.6541,13.9321,16.1295,13.6434,16.6097,21.9702,13.9553,19.7532,29.5285,14.0526,23.3844,39.1143,14.0829,27.5423,51.2054,14.0923,32.2796,66.434,14.0953,37.662,85.6061,14.0962,43.7675,109.74,14.0965,50.687,140.119,14.0966,58.5249,178.359,14.0966,67.4005,226.493,14.0966,77.4493,287.08,14.0966,88.8254,363.343,14.0966,101.703,459.336,14.0966,116.281,580.161,14.0966,132.782,732.241,14.0966,151.46,923.655,14.0966,172.603,1164.57,14.0966,196.535,1467.79,14.0966,223.625,1849.39,14.0966,254.288,2329.62,14.0966,288.997,2933.93,14.0966,328.285,3694.33,14.0966,372.755,4651.04,14.0966,423.092,5854.57,14.0966,480.07,7368.38,14.0966,544.564,9272.08,14.0966,617.566,11665.5,14.0966,700.197,14673.6,14.0966,793.729,18452.9,14.0966,899.599,23198.6,14.0966,1019.43,29154.1,14.0966,1155.07,36622.3,14.0966,1308.6,45977.9,14.0966,1482.39,57683.7,14.0966,1679.09,72307.8,14.0966,1901.73,90542.8,14.0966,2153.73,113226,14.0966,2438.97,141360,14.0966,2761.81,176127,14.0966,3127.22,218898,14.0966,3540.81,271226,14.0966,4008.92,334817,14.0966,4538.74,411470,14.0966,5138.38,502973,14.0966,5817.04,610948,14.0966,6585.12,736653,14.0966,7454.39,880741,14.0966,8438.15,1.04302e+06,14.0966,9551.45,1.22224e+06,14.0966,10811.3,1.41602e+06,14.0966,12237,1.62086e+06,14.0966,11.7194,11.96,12.6541,2.21263,4.16949,0.989383,2.67766,5.84076,0.311842,3.14343,7.55825,0.0972771,3.63127,9.58578,0.0303237,4.15787,12.0912,0.00945211,4.73731,15.2286,0.00294633,5.38238,19.1721,0.000918508,6.10553,24.134,0.000286163,6.91951,30.3791,8.92692e-05,7.83792,38.2397,2.78121e-05,8.87555,48.1338,8.65134e-06,10.0489,60.5876,2.7882e-06,11.3761,76.2629,8.29036e-07,12.8779,95.9927,2.4373e-07,14.5775,120.825,4.33068e-09,16.5012,152.08,1.75749e-07,18.6784,191.415,-1.86328e-07,21.1428,240.917,1.91829e-07,23.9322,303.213,-1.81475e-07,27.0895,381.602,7.0186e-08,30.6634,480.231,-2.86769e-08,34.7087,604.316,2.40784e-07,39.2876,760.401,9.87368e-08,44.4705,956.705,1.22263e-07,50.3371,1203.54,-4.31966e-07,56.9776,1513.81,-1.9705e-07,64.494,1903.69,-2.763e-08,73.0018,2393.4,3.9185e-07,82.6317,3008.13,1.35379e-07,93.5318,3779.25,-4.16351e-08,105.869,4745.7,2.06965e-08,119.834,5955.6,-3.18887e-07,135.641,7468.12,-1.48271e-08,153.531,9355.62,2.00739e-07,173.781,11705.8,2.28358e-07,196.701,14624.1,-1.93587e-08,222.642,18235,-2.88101e-07,252.003,22683.4,-2.24732e-07,285.234,28134,8.56806e-09,322.845,34767,2.34258e-07,365.413,42770.9,2.99668e-07,413.588,52327.9,8.28644e-08,468.111,63591.2,-3.07049e-07,529.814,76653.2,-3.1888e-07,599.642,91502.5,-6.72276e-08,678.662,107975,2.26339e-07,768.083,125705,3.69212e-07,869.267,144088,2.04077e-07,983.76,162277,-2.80509e-07,1113.3,179223,-4.22737e-07,1259.87,193777,-1.71951e-07,1425.68,204839,4.55555e-07,11.7194,11.96,12.6541,2.21263,4.16949,0.989383,2.67766,5.84076,0.311842,3.14343,7.55825,0.0972771,3.63127,9.58578,0.0303237,4.15787,12.0912,0.00945211,4.73731,15.2286,0.00294633,5.38238,19.1721,0.000918508,6.10553,24.134,0.000286163,6.91951,30.3791,8.92692e-05,7.83792,38.2397,2.78121e-05,8.87555,48.1338,8.65134e-06,10.0489,60.5876,2.7882e-06,11.3761,76.2629,8.29036e-07,12.8779,95.9927,2.4373e-07,14.5775,120.825,1e-08,16.5012,152.08,1.75749e-07,18.6784,191.415,1e-08,21.1428,240.917,1.91829e-07,23.9322,303.213,1e-08,27.0895,381.602,7.0186e-08,30.6634,480.231,1e-08,34.7087,604.316,2.40784e-07,39.2876,760.401,9.87368e-08,44.4705,956.705,1.22263e-07,50.3371,1203.54,1e-08,56.9776,1513.81,1e-08,64.494,1903.69,1e-08,73.0018,2393.4,3.9185e-07,82.6317,3008.13,1.35379e-07,93.5318,3779.25,1e-08,105.869,4745.7,2.06965e-08,119.834,5955.6,1e-08,135.641,7468.12,1e-08,153.531,9355.62,2.00739e-07,173.781,11705.8,2.28358e-07,196.701,14624.1,1e-08,222.642,18235,1e-08,252.003,22683.4,1e-08,285.234,28134,1e-08,322.845,34767,2.34258e-07,365.413,42770.9,2.99668e-07,413.588,52327.9,8.28644e-08,468.111,63591.2,1e-08,529.814,76653.2,1e-08,599.642,91502.5,1e-08,678.662,107975,2.26339e-07,768.083,125705,3.69212e-07,869.267,144088,2.04077e-07,983.76,162277,1e-08,1113.3,179223,1e-08,1259.87,193777,1e-08,1425.68,204839,4.55555e-07,6.2823,3.27286,2.43537,0.219672,6.18826,2.24117,0.56371,6.87772,2.63624,0.308279,6,18,9,3,5,0,7,9,0,3,4,0,6,11,0,7,4,0,4,18,0,11,24,0,9,21,0,4,57,0,5,47,0,6,83,0,10,60,0,17,102,0,16,109,0,10,106,0,19,124,0,15,158,0,16,369,0,18,221,0,25,280,0,41,497,0,58,419,0,42,915,0,27,2227,0,39,1713,0,40,1209,0,28,1595,0,111,1343,0,117,2351,0,149,4443,0,156,5174,0,143,4883,0,58,6389,0,182,5180,0,143,10447,0,96,18334,0,307,22863,0,224,45199,0,483,13881,0,239,36499,0,413,26855,0,425,24482,0,251,42138,0,739,63876,0,379,52210,0,638,119422,0,842,194357,0,818,159509,0,535,396610,0,1611,89515,0,705,566163,0,1315,249136,0
-1.05176e+08,1,8.88811e-15,10,1023,0,1.05176e+08,0.528882,1.08665,0.389689,0.145397,0.379329,3.24381,0.161596,0.446195,1.77396,0.159177,1.15e+07,4.49998e+06,6.79999e+06,1.15e+07,4.49997e+06,6.79999e+06,1.15e+07,4.49996e+06,6.79999e+06,1.15e+07,4.49995e+06,6.79999e+06,1.14999e+07,4.49993e+06,6.79999e+06,1.14999e+07,4.49991e+06,6.79999e+06,1.14999e+07,4.49989e+06,6.79999e+06,1.14999e+07,4.49986e+06,6.79999e+06,1.14999e+07,4.49982e+06,6.79999e+06,1.14999e+07,4.49977e+06,6.79999e+06,1.14999e+07,4.49971e+06,6.79999e+06,1.14999e+07,4.49963e+06,6.79999e+06,1.14998e+07,4.49953e+06,6.79999e+06,1.14998e+07,4.49941e+06,6.79999e+06,1.14998e+07,4.49926e+06,6.79999e+06,1.14998e+07,4.49906e+06,6.79999e+06,1.14997e+07,4.49882e+06,6.79999e+06,1.14997e+07,4.49851e+06,6.79999e+06,1.14997e+07,4.49812e+06,6.79999e+06,1.14996e+07,4.49764e+06,6.79999e+06,1.14996e+07,4.49702e+06,6.79999e+06,1.14995e+07,4.49625e+06,6.79999e+06,1.14995e+07,4.49528e+06,6.79999e+06,1.14994e+07,4.49406e+06,6.79999e+06,1.14993e+07,4.49253e+06,6.79999e+06,1.14992e+07,4.49059e+06,6.79999e+06,1.14991e+07,4.48817e+06,6.79999e+06,1.1499e+07,4.48511e+06,6.79999e+06,1.14988e+07,4.48128e+06,6.79999e+06,1.14987e+07,4.47646e+06,6.79999e+06,1.14985e+07,4.47041e+06,6.79999e+06,1.14983e+07,4.46281e+06,6.79999e+06,1.14981e+07,4.4533e+06,6.79999e+06,1.14979e+07,4.44138e+06,6.79999e+06,1.14976e+07,4.42649e+06,6.79999e+06,1.14972e+07,4.40789e+06,6.79999e+06,1.14969e+07,4.38471e+06,6.79999e+06,1.14965e+07,4.35592e+06,6.79999e+06,1.1496e+07,4.32027e+06,6.79999e+06,1.14955e+07,4.27629e+06,6.79999e+06,1.14949e+07,4.22231e+06,6.79999e+06,1.14942e+07,4.15647e+06,6.79999e+06,1.14934e+07,4.07676e+06,6.79999e+06,1.14926e+07,3.98112e+06,6.79999e+06,1.14916e+07,3.86765e+06,6.79999e+06,1.14905e+07,3.73474e+06,6.79999e+06,1.14892e+07,3.58148e+06,6.79999e+06,1.14878e+07,3.40785e+06,6.79999e+06,1.14862e+07,3.21513e+06,6.79999e+06,1.14844e+07,3.00605e+06,6.79999e+06,1.14823e+07,2.7848e+06,6.79999e+06,1.148e+07,2.5568e+06,6.79999e+06,1.14773e+07,2.32825e+06,6.79999e+06,13.5742,8.52444,0.508366,16.8306,13.2585,0.162638,20.0035,17.569,0.0507846,23.2616,22.4214,0.0158319,26.7328,28.3297,0.00493498,30.5212,35.6974,0.00153831,34.7178,44.9473,0.000479527,39.4086,56.5822,0.000149456,44.6796,71.2245,4.66214e-05,50.6209,89.6543,1.45419e-05,57.3297,112.852,4.54748e-06,64.9129,142.051,1.43857e-06,73.4897,178.803,4.36618e-07,83.1934,225.062,1.40153e-07,94.1745,283.286,4.96378e-08,106.602,356.568,1.05434e-07,120.669,448.799,-6.49244e-08,136.59,564.873,1.70148e-07,154.611,710.948,-5.34594e-08,175.008,894.767,1.63407e-07,198.097,1126.06,8.04804e-08,224.231,1417.07,1.14667e-07,253.813,1783.15,-1.71227e-07,287.297,2243.62,-2.88466e-07,325.198,2822.67,-4.33651e-07,368.098,3550.67,7.9318e-08,416.657,4465.65,3.13319e-07,471.621,5615.16,3.4613e-07,533.835,7058.61,-1.19199e-07,604.255,8870.02,-2.79964e-07,683.962,11141.4,-2.30521e-07,774.182,13986.7,-2.55099e-07,876.299,17546.4,1.23585e-07,991.883,21993.1,1.41192e-07,1122.71,27536.7,-9.71886e-08,1270.78,34430.7,-3.68368e-07,1438.38,42977.7,-3.45379e-07,1628.07,53532.7,-3.25328e-09,1842.77,66504.6,2.6362e-07,2085.77,82350.2,2.53445e-07,2360.79,101560,-2.47407e-08,2672.05,124632,-3.80602e-07,3024.31,152018,-4.79005e-07,3422.98,184060,-1.14379e-07,3874.15,220884,2.64297e-07,4384.72,262283,3.44131e-07,4962.49,307576,7.5349e-08,5616.29,355497,-3.63097e-07,6356.1,404126,-6.05442e-07,7193.18,450932,-2.72333e-07,8140.28,492963,2.29675e-07,9211.79,527178,4.3387e-07,10424,550893,-1.0711e-07,10.102,8.06553,2.81012,10.6436,8.57909,0.869423,11.5336,10.2515,0.270869,12.7211,12.7138,0.0844293,14.1823,15.9373,0.0263173,15.9122,20.0383,0.0082035,17.9198,25.2154,0.00255722,20.2244,31.7373,0.000797017,22.8539,39.9486,0.000248622,25.8438,50.2851,7.75492e-05,29.237,63.2963,2.42508e-05,33.0837,79.6738,7.67162e-06,37.4415,100.288,2.32837e-06,42.3767,126.236,7.33e-07,47.9646,158.896,2.79256e-07,54.2906,200.003,9.87351e-09,61.452,251.741,1.61085e-07,69.5585,316.859,-2.47141e-07,78.7347,398.812,8.93552e-08,89.1218,501.948,-2.53231e-07,100.879,631.736,-1.25047e-07,114.188,795.049,-1.78808e-07,129.252,1000.53,2.6733e-07,146.304,1259.03,4.50292e-07,165.605,1584.19,6.76904e-07,187.452,1993.12,-1.23808e-07,212.181,2507.27,-4.89068e-07,240.173,3153.54,-5.40284e-07,271.856,3965.56,1.86061e-07,307.719,4985.38,4.37004e-07,348.313,6265.4,3.59828e-07,394.26,7870.83,3.98192e-07,446.268,9882.51,-1.92908e-07,505.135,12400.3,-2.20392e-07,571.766,15546.9,1.51705e-07,647.184,19472.2,5.74996e-07,732.547,24357.4,5.39112e-07,829.167,30420,5.07815e-09,938.526,37916.3,-4.11492e-07,1062.3,47143.9,-3.9561e-07,1202.4,58439.2,3.86185e-08,1360.96,72169.3,5.94093e-07,1540.42,88715.8,7.47693e-07,1743.53,108445,1.78537e-07,1973.41,131665,-4.12549e-07,2233.57,158557,-5.37164e-07,2528,189103,-1.17615e-07,2861.2,222986,5.66769e-07,3238.27,259510,9.45053e-07,3664.97,297540,4.25093e-07,4147.81,335497,-3.58506e-07,4694.17,371444,-6.7724e-07,5312.37,403256,1.67192e-07,1.61744,3.89446,9.84394,3.28846,7.5504,12.774,5.07607,11.7187,13.6844,7.03202,16.8147,13.9681,9.20215,23.1769,14.0566,11.6301,31.1672,14.0841,14.3598,41.2186,14.0927,17.4376,53.8688,14.0954,20.9137,69.7915,14.0962,24.8432,89.8341,14.0965,29.2879,115.063,14.0966,34.3168,146.819,14.0966,40.0078,186.792,14.0966,46.4487,237.107,14.0966,53.7388,300.44,14.0966,61.9903,380.158,14.0966,71.3301,480.499,14.0966,81.902,606.796,14.0966,93.8685,765.761,14.0966,107.414,965.837,14.0966,122.746,1217.65,14.0966,140.101,1534.57,14.0966,159.745,1933.41,14.0966,181.981,2435.3,14.0966,207.15,3066.85,14.0966,235.64,3861.46,14.0966,267.889,4861.11,14.0966,304.391,6118.54,14.0966,345.709,7699.91,14.0966,392.478,9688.22,14.0966,445.417,12187.5,14.0966,505.339,15327.7,14.0966,573.165,19271.6,14.0966,649.938,24222,14.0966,736.839,30430.9,14.0966,835.202,38211.5,14.0966,946.539,47950.3,14.0966,1072.56,60122.8,14.0966,1215.21,75309.9,14.0966,1376.66,94216.2,14.0966,1559.41,117688,14.0966,1766.26,146729,14.0966,2000.39,182510,14.0966,2265.39,226372,14.0966,2565.33,279806,14.0966,2904.81,344416,14.0966,3289.05,421845,14.0966,3723.93,513667,14.0966,4216.13,621231,14.0966,4773.18,745478,14.0966,5403.64,886744,14.0966,6117.15,1.04457e+06,14.0966,6924.63,1.2176e+06,14.0966,11.7194,11.96,12.6541,13.9321,16.1295,13.6434,16.6097,21.9702,13.9553,19.7532,29.5285,14.0526,23.3844,39.1143,14.0829,27.5423,51.2054,14.0923,32.2796,66.434,14.0953,37.662,85.6061,14.0962,43.7675,109.74,14.0965,50.687,140.119,14.0966,58.5249,178.359,14.0966,67.4005,226.493,14.0966,77.4493,287.08,14.0966,88.8254,363.343,14.0966,101.703,459.336,14.0966,116.281,580.161,14.0966,132.782,732.241,14.0966,151.46,923.655,14.0966,172.603,1164.57,14.0966,196.535,1467.79,14.0966,223.625,1849.39,14.0966,254.288,2329.62,14.0966,288.997,2933.93,14.0966,328.285,3694.33,14.0966,372.755,4651.04,14.0966,423.092,5854.57,14.0966,480.07,7368.38,14.0966,544.564,9272.08,14.0966,617.566,11665.5,14.0966,700.197,14673.6,14.0966,793.729,18452.9,14.0966,899.599,23198.6,14.0966,1019.43,29154.1,14.0966,1155.07,36622.3,14.0966,1308.6,45977.9,14.0966,1482.39,57683.7,14.0966,1679.09,72307.8,14.0966,1901.73,90542.8,14.0966,2153.73,113226,14.0966,2438.97,141360,14.0966,2761.81,176127,14.0966,3127.22,218898,14.0966,3540.81,271226,14.0966,4008.92,334817,14.0966,4538.74,411470,14.0966,5138.38,502973,14.0966,5817.04,610948,14.0966,6585.12,736653,14.0966,7454.39,880741,14.0966,8438.15,1.04302e+06,14.0966,9551.45,1.22224e+06,14.0966,10811.3,1.41602e+06,14.0966,12237,1.62086e+06,14.0966,11.7194,11.96,12.6541,2.21263,4.16949,0.989383,2.67766,5.84076,0.311842,3.14343,7.55825,0.0972771,3.63127,9.58578,0.0303237,4.15787,12.0912,0.00945211,4.73731,15.2286,0.00294633,5.38238,19.1721,0.000918508,6.10553,24.134,0.000286163,6.91951,30.3791,8.92692e-05,7.83792,38.2397,2.78121e-05,8.87555,48.1338,8.65134e-06,10.0489,60.5876,2.7882e-06,11.3761,76.2629,8.29036e-07,12.8779,95.9927,2.4373e-07,14.5775,120.825,4.33068e-09,16.5012,152.08,1.75749e-07,18.6784,191.415,-1.86328e-07,21.1428,240.917,1.91829e-07,23.9322,303.213,-1.81475e-07,27.0895,381.602,7.0186e-08,30.6634,480.231,-2.86769e-08,34.7087,604.316,2.40784e-07,39.2876,760.401,9.87368e-08,44.4705,956.705,1.22263e-07,50.3371,1203.54,-4.31966e-07,56.9776,1513.81,-1.9705e-07,64.494,1903.69,-2.763e-08,73.0018,2393.4,3.9185e-07,82.6317,3008.13,1.35379e-07,93.5318,3779.25,-4.16351e-08,105.869,4745.7,2.06965e-08,119.834,5955.6,-3.18887e-07,135.641,7468.12,-1.48271e-08,153.531,9355.62,2.00739e-07,173.781,11705.8,2.28358e-07,196.701,14624.1,-1.93587e-08,222.642,18235,-2.88101e-07,252.003,22683.4,-2.24732e-07,285.234,28134,8.56806e-09,322.845,34767,2.34258e-07,365.413,42770.9,2.99668e-07,413.588,52327.9,8.28644e-08,468.111,63591.2,-3.07049e-07,529.814,76653.2,-3.1888e-07,599.642,91502.5,-6.72276e-08,678.662,107975,2.26339e-07,768.083,125705,3.69212e-07,869.267,144088,2.04077e-07,983.76,162277,-2.80509e-07,1113.3,179223,-4.22737e-07,1259.87,193777,-1.71951e-07,1425.68,204839,4.55555e-07,11.7194,11.96,12.6541,2.21263,4.16949,0.989383,2.67766,5.84076,0.311842,3.14343,7.55825,0.0972771,3.63127,9.58578,0.0303237,4.15787,12.0912,0.00945211,4.73731,15.2286,0.00294633,5.38238,19.1721,0.000918508,6.10553,24.134,0.000286163,6.91951,30.3791,8.92692e-05,7.83792,38.2397,2.78121e-05,8.87555,48.1338,8.65134e-06,10.0489,60.5876,2.7882e-06,11.3761,76.2629,8.29036e-07,12.8779,95.9927,2.4373e-07,14.5775,120.825,1e-08,16.5012,152.08,1.75749e-07,18.6784,191.415,1e-08,21.1428,240.917,1.91829e-07,23.9322,303.213,1e-08,27.0895,381.602,7.0186e-08,30.6634,480.231,1e-08,34.7087,604.316,2.40784e-07,39.2876,760.401,9.87368e-08,44.4705,956.705,1.22263e-07,50.3371,1203.54,1e-08,56.9776,1513.81,1e-08,64.494,1903.69,1e-08,73.0018,2393.4,3.9185e-07,82.6317,3008.13,1.35379e-07,93.5318,3779.25,1e-08,105.869,4745.7,2.06965e-08,119.834,5955.6,1e-08,135.641,7468.12,1e-08,153.531,9355.62,2.00739e-07,173.781,11705.8,2.28358e-07,196.701,14624.1,1e-08,222.642,18235,1e-08,252.003,22683.4,1e-08,285.234,28134,1e-08,322.845,34767,2.34258e-07,365.413,42770.9,2.99668e-07,413.588,52327.9,8.28644e-08,468.111,63591.2,1e-08,529.814,76653.2,1e-08,599.642,91502.5,1e-08,678.662,107975,2.26339e-07,768.083,125705,3.69212e-07,869.267,144088,2.04077e-07,983.76,162277,1e-08,1113.3,179223,1e-08,1259.87,193777,1e-08,1425.68,204839,4.55555e-07,6.2823,3.27286,2.43537,0.219672,6.18826,2.24117,0.56371,6.87772,2.63624,0.308279,16,13,13,0,5,1,2,3,1,1,5,0,3,7,0,1,17,0,6,35,0,3,17,0,3,27,0,9,19,0,2,44,0,9,53,0,12,48,0,3,88,0,11,105,0,25,150,0,9,206,0,21,234,0,29,236,0,10,321,0,21,438,0,8,438,0,47,266,0,63,587,0,19,868,0,61,1313,0,82,1636,0,49,795,0,141,2731,0,126,998,0,146,4237,0,165,3990,0,99,10330,0,149,6238,0,86,3072,0,138,9039,0,231,21286,0,103,24907,0,216,24589,0,352,27557,0,376,34284,0,229,47140,0,391,43415,0,386,31000,0,330,103854,0,239,63900,0,1240,87349,0,538,67247,0,1233,178768,0,811,176209,0,994,193917,0,1417,128264,0,1746,243626,0
-1.05176e+08,1,8.88811e-15,10,1023,0,1.05176e+08,0.528882,1.08665,0.389689,0.145397,0.379329,3.24381,0.161596,0.446195,1.77396,0.159177,1.15e+07,4.49998e+06,6.79999e+06,1.15e+07,4.49997e+06,6.79999e+06,1.15e+07,4.49996e+06,6.79999e+06,1.15e+07,4.49995e+06,6.79999e+06,1.14999e+07,4.49993e+06,6.79999e+06,1.14999e+07,4.49991e+06,6.79999e+06,1.14999e+07,4.49989e+06,6.79999e+06,1.14999e+07,4.49986e+06,6.79999e+06,1.14999e+07,4.49982e+06,6.79999e+06,1.14999e+07,4.49977e+06,6.79999e+06,1.14999e+07,4.49971e+06,6.79999e+06,1.14999e+07,4.49963e+06,6.79999e+06,1.14998e+07,4.49953e+06,6.79999e+06,1.14998e+07,4.49941e+06,6.79999e+06,1.14998e+07,4.49926e+06,6.79999e+06,1.14998e+07,4.49906e+06,6.79999e+06,1.14997e+07,4.49882e+06,6.79999e+06,1.14997e+07,4.49851e+06,6.79999e+06,1.14997e+07,4.49812e+06,6.79999e+06,1.14996e+07,4.49764e+06,6.79999e+06,1.14996e+07,4.49702e+06,6.79999e+06,1.14995e+07,4.49625e+06,6.79999e+06,1.14995e+07,4.49528e+06,6.79999e+06,1.14994e+07,4.49406e+06,6.79999e+06,1.14993e+07,4.49253e+06,6.79999e+06,1.14992e+07,4.49059e+06,6.79999e+06,1.14991e+07,4.48817e+06,6.79999e+06,1.1499e+07,4.48511e+06,6.79999e+06,1.14988e+07,4.48128e+06,6.79999e+06,1.14987e+07,4.47646e+06,6.79999e+06,1.14985e+07,4.47041e+06,6.79999e+06,1.14983e+07,4.46281e+06,6.79999e+06,1.14981e+07,4.4533e+06,6.79999e+06,1.14979e+07,4.44138e+06,6.79999e+06,1.14976e+07,4.42649e+06,6.79999e+06,1.14972e+07,4.40789e+06,6.79999e+06,1.14969e+07,4.38471e+06,6.79999e+06,1.14965e+07,4.35592e+06,6.79999e+06,1.1496e+07,4.32027e+06,6.79999e+06,1.14955e+07,4.27629e+06,6.79999e+06,1.14949e+07,4.22231e+06,6.79999e+06,1.14942e+07,4.15647e+06,6.79999e+06,1.14934e+07,4.07676e+06,6.79999e+06,1.14926e+07,3.98112e+06,6.79999e+06,1.14916e+07,3.86765e+06,6.79999e+06,1.14905e+07,3.73474e+06,6.79999e+06,1.14892e+07,3.58148e+06,6.79999e+06,1.14878e+07,3.40785e+06,6.79999e+06,1.14862e+07,3.21513e+06,6.79999e+06,1.14844e+07,3.00605e+06,6.79999e+06,1.14823e+07,2.7848e+06,6.79999e+06,1.148e+07,2.5568e+06,6.79999e+06,1.14773e+07,2.32825e+06,6.79999e+06,13.5742,8.52444,0.508366,16.8306,13.2585,0.162638,20.0035,17.569,0.0507846,23.2616,22.4214,0.0158319,26.7328,28.3297,0.00493498,30.5212,35.6974,0.00153831,34.7178,44.9473,0.000479527,39.4086,56.5822,0.000149456,44.6796,71.2245,4.66214e-05,50.6209,89.6543,1.45419e-05,57.3297,112.852,4.54748e-06,64.9129,142.051,1.43857e-06,73.4897,178.803,4.36618e-07,83.1934,225.062,1.40153e-07,94.1745,283.286,4.96378e-08,106.602,356.568,1.05434e-07,120.669,448.799,-6.49244e-08,136.59,564.873,1.70148e-07,154.611,710.948,-5.34594e-08,175.008,894.767,1.63407e-07,198.097,1126.06,8.04804e-08,224.231,1417.07,1.14667e-07,253.813,1783.15,-1.71227e-07,287.297,2243.62,-2.88466e-07,325.198,2822.67,-4.33651e-07,368.098,3550.67,7.9318e-08,416.657,4465.65,3.13319e-07,471.621,5615.16,3.4613e-07,533.835,7058.61,-1.19199e-07,604.255,8870.02,-2.79964e-07,683.962,11141.4,-2.30521e-07,774.182,13986.7,-2.55099e-07,876.299,17546.4,1.23585e-07,991.883,21993.1,1.41192e-07,1122.71,27536.7,-9.71886e-08,1270.78,34430.7,-3.68368e-07,1438.38,42977.7,-3.45379e-07,1628.07,53532.7,-3.25328e-09,1842.77,66504.6,2.6362e-07,2085.77,82350.2,2.53445e-07,2360.79,101560,-2.47407e-08,2672.05,124632,-3.80602e-07,3024.31,152018,-4.79005e-07,3422.98,184060,-1.14379e-07,3874.15,220884,2.64297e-07,4384.72,262283,3.44131e-07,4962.49,307576,7.5349e-08,5616.29,355497,-3.63097e-07,6356.1,404126,-6.05442e-07,7193.18,450932,-2.72333e-07,8140.28,492963,2.29675e-07,9211.79,527178,4.3387e-07,10424,550893,-1.0711e-07,10.102,8.06553,2.81012,10.6436,8.57909,0.869423,11.5336,10.2515,0.270869,12.7211,12.7138,0.0844293,14.1823,15.9373,0.0263173,15.9122,20.0383,0.0082035,17.9198,25.2154,0.00255722,20.2244,31.7373,0.000797017,22.8539,39.9486,0.000248622,25.8438,50.2851,7.75492e-05,29.237,63.2963,2.42508e-05,33.0837,79.6738,7.67162e-06,37.4415,100.288,2.32837e-06,42.3767,126.236,7.33e-07,47.9646,158.896,2.79256e-07,54.2906,200.003,9.87351e-09,61.452,251.741,1.61085e-07,69.5585,316.859,-2.47141e-07,78.7347,398.812,8.93552e-08,89.1218,501.948,-2.53231e-07,100.879,631.736,-1.25047e-07,114.188,795.049,-1.78808e-07,129.252,1000.53,2.6733e-07,146.304,1259.03,4.50292e-07,165.605,1584.19,6.76904e-07,187.452,1993.12,-1.23808e-07,212.181,2507.27,-4.89068e-07,240.173,3153.54,-5.40284e-07,271.856,3965.56,1.86061e-07,307.719,4985.38,4.37004e-07,348.313,6265.4,3.59828e-07,394.26,7870.83,3.98192e-07,446.268,9882.51,-1.92908e-07,505.135,12400.3,-2.20392e-07,571.766,15546.9,1.51705e-07,647.184,19472.2,5.74996e-07,732.547,24357.4,5.39112e-07,829.167,30420,5.07815e-09,938.526,37916.3,-4.11492e-07,1062.3,47143.9,-3.9561e-07,1202.4,58439.2,3.86185e-08,1360.96,72169.3,5.94093e-07,1540.42,88715.8,7.47693e-07,1743.53,108445,1.78537e-07,1973.41,131665,-4.12549e-07,2233.57,158557,-5.37164e-07,2528,189103,-1.17615e-07,2861.2,222986,5.66769e-07,3238.27,259510,9.45053e-07,3664.97,297540,4.25093e-07,4147.81,335497,-3.58506e-07,4694.17,371444,-6.7724e-07,5312.37,403256,1.67192e-07,1.61744,3.89446,9.84394,3.28846,7.5504,12.774,5.07607,11.7187,13.6844,7.03202,16.8147,13.9681,9.20215,23.1769,14.0566,11.6301,31.1672,14.0841,14.3598,41.2186,14.0927,17.4376,53.8688,14.0954,20.9137,69.7915,14.0962,24.8432,89.8341,14.0965,29.2879,115.063,14.0966,34.3168,146.819,14.0966,40.0078,186.792,14.0966,46.4487,237.107,14.0966,53.7388,300.44,14.0966,61.9903,380.158,14.0966,71.3301,480.499,14.0966,81.902,606.796,14.0966,93.8685,765.761,14.0966,107.414,965.837,14.0966,122.746,1217.65,14.0966,140.101,1534.57,14.0966,159.745,1933.41,14.0966,181.981,2435.3,14.0966,207.15,3066.85,14.0966,235.64,3861.46,14.0966,267.889,4861.11,14.0966,304.391,6118.54,14.0966,345.709,7699.91,14.0966,392.478,9688.22,14.0966,445.417,12187.5,14.0966,505.339,15327.7,14.0966,573.165,19271.6,14.0966,649.938,24222,14.0966,736.839,30430.9,14.0966,835.202,38211.5,14.0966,946.539,47950.3,14.0966,1072.56,60122.8,14.0966,1215.21,75309.9,14.0966,1376.66,94216.2,14.0966,1559.41,117688,14.0966,1766.26,146729,14.0966,2000.39,182510,14.0966,2265.39,226372,14.0966,2565.33,279806,14.0966,2904.81,344416,14.0966,3289.05,421845,14.0966,3723.93,513667,14.0966,4216.13,621231,14.0966,4773.18,745478,14.0966,5403.64,886744,14.0966,6117.15,1.04457e+06,14.0966,6924.63,1.2176e+06,14.0966,11.7194,11.96,12.6541,13.9321,16.1295,13.6434,16.6097,21.9702,13.9553,19.7532,29.5285,14.0526,23.3844,39.1143,14.0829,27.5423,51.2054,14.0923,32.2796,66.434,14.0953,37.662,85.6061,14.0962,43.7675,109.74,14.0965,50.687,140.119,14.0966,58.5249,178.359,14.0966,67.4005,226.493,14.0966,77.4493,287.08,14.0966,88.8254,363.343,14.0966,101.703,459.336,14.0966,116.281,580.161,14.0966,132.782,732.241,14.0966,151.46,923.655,14.0966,172.603,1164.57,14.0966,196.535,1467.79,14.0966,223.625,1849.39,14.0966,254.288,2329.62,14.0966,288.997,2933.93,14.0966,328.285,3694.33,14.0966,372.755,4651.04,14.0966,423.092,5854.57,14.0966,480.07,7368.38,14.0966,544.564,9272.08,14.0966,617.566,11665.5,14.0966,700.197,14673.6,14.0966,793.729,18452.9,14.0966,899.599,23198.6,14.0966,1019.43,29154.1,14.0966,1155.07,36622.3,14.0966,1308.6,45977.9,14.0966,1482.39,57683.7,14.0966,1679.09,72307.8,14.0966,1901.73,90542.8,14.0966,2153.73,113226,14.0966,2438.97,141360,14.0966,2761.81,176127,14.0966,3127.22,218898,14.0966,3540.81,271226,14.0966,4008.92,334817,14.0966,4538.74,411470,14.0966,5138.38,502973,14.0966,5817.04,610948,14.0966,6585.12,736653,14.0966,7454.39,880741,14.0966,8438.15,1.04302e+06,14.0966,9551.45,1.22224e+06,14.0966,10811.3,1.41602e+06,14.0966,12237,1.62086e+06,14.0966,11.7194,11.96,12.6541,2.21263,4.16949,0.989383,2.67766,5.84076,0.311842,3.14343,7.55825,0.0972771,3.63127,9.58578,0.0303237,4.15787,12.0912,0.00945211,4.73731,15.2286,0.00294633,5.38238,19.1721,0.000918508,6.10553,24.134,0.000286163,6.91951,30.3791,8.92692e-05,7.83792,38.2397,2.78121e-05,8.87555,48.1338,8.65134e-06,10.0489,60.5876,2.7882e-06,11.3761,76.2629,8.29036e-07,12.8779,95.9927,2.4373e-07,14.5775,120.825,4.33068e-09,16.5012,152.08,1.75749e-07,18.6784,191.415,-1.86328e-07,21.1428,240.917,1.91829e-07,23.9322,303.213,-1.81475e-07,27.0895,381.602,7.0186e-08,30.6634,480.231,-2.86769e-08,34.7087,604.316,2.40784e-07,39.2876,760.401,9.87368e-08,44.4705,956.705,1.22263e-07,50.3371,1203.54,-4.31966e-07,56.9776,1513.81,-1.9705e-07,64.494,1903.69,-2.763e-08,73.0018,2393.4,3.9185e-07,82.6317,3008.13,1.35379e-07,93.5318,3779.25,-4.16351e-08,105.869,4745.7,2.06965e-08,119.834,5955.6,-3.18887e-07,135.641,7468.12,-1.48271e-08,153.531,9355.62,2.00739e-07,173.781,11705.8,2.28358e-07,196.701,14624.1,-1.93587e-08,222.642,18235,-2.88101e-07,252.003,22683.4,-2.24732e-07,285.234,28134,8.56806e-09,322.845,34767,2.34258e-07,365.413,42770.9,2.99668e-07,413.588,52327.9,8.28644e-08,468.111,63591.2,-3.07049e-07,529.814,76653.2,-3.1888e-07,599.642,91502.5,-6.72276e-08,678.662,107975,2.26339e-07,768.083,125705,3.69212e-07,869.267,144088,2.04077e-07,983.76,162277,-2.80509e-07,1113.3,179223,-4.22737e-07,1259.87,193777,-1.71951e-07,1425.68,204839,4.55555e-07,11.7194,11.96,12.6541,2.21263,4.16949,0.989383,2.67766,5.84076,0.311842,3.14343,7.55825,0.0972771,3.63127,9.58578,0.0303237,4.15787,12.0912,0.00945211,4.73731,15.2286,0.00294633,5.38238,19.1721,0.000918508,6.10553,24.134,0.000286163,6.91951,30.3791,8.92692e-05,7.83792,38.2397,2.78121e-05,8.87555,48.1338,8.65134e-06,10.0489,60.5876,2.7882e-06,11.3761,76.2629,8.29036e-07,12.8779,95.9927,2.4373e-07,14.5775,120.825,1e-08,16.5012,152.08,1.75749e-07,18.6784,191.415,1e-08,21.1428,240.917,1.91829e-07,23.9322,303.213,1e-08,27.0895,381.602,7.0186e-08,30.6634,480.231,1e-08,34.7087,604.316,2.40784e-07,39.2876,760.401,9.87368e-08,44.4705,956.705,1.22263e-07,50.3371,1203.54,1e-08,56.9776,1513.81,1e-08,64.494,1903.69,1e-08,73.0018,2393.4,3.9185e-07,82.6317,3008.13,1.35379e-07,93.5318,3779.25,1e-08,105.869,4745.7,2.06965e-08,119.834,5955.6,1e-08,135.641,7468.12,1e-08,153.531,9355.62,2.00739e-07,173.781,11705.8,2.28358e-07,196.701,14624.1,1e-08,222.642,18235,1e-08,252.003,22683.4,1e-08,285.234,28134,1e-08,322.845,34767,2.34258e-07,365.413,42770.9,2.99668e-07,413.588,52327.9,8.28644e-08,468.111,63591.2,1e-08,529.814,76653.2,1e-08,599.642,91502.5,1e-08,678.662,107975,2.26339e-07,768.083,125705,3.69212e-07,869.267,144088,2.04077e-07,983.76,162277,1e-08,1113.3,179223,1e-08,1259.87,193777,1e-08,1425.68,204839,4.55555e-07,6.2823,3.27286,2.43537,0.219672,6.18826,2.24117,0.56371,6.87772,2.63624,0.308279,28,10,6,2,3,0,2,2,1,6,5,0,4,8,0,3,10,1,9,10,0,8,21,0,8,24,0,10,21,0,6,19,0,11,51,0,28,69,0,3,159,0,26,48,0,19,167,0,26,165,0,29,228,0,15,246,0,28,181,0,34,179,0,40,376,0,36,683,0,18,896,0,62,1065,0,28,742,0,44,879,0,30,1922,0,34,1825,0,98,1564,0,112,3309,0,85,4313,0,194,5928,0,75,4373,0,224,6926,0,282,13720,0,226,12313,0,268,26581,0,341,7912,0,256,34318,0,299,47971,0,728,34907,0,200,85588,0,368,62288,0,699,78986,0,671,167075,0,464,95468,0,629,99069,0,994,131959,0,1246,354546,0,1079,242361,0,1454,193568,0,1216,345462,0
-1.05176e+08,1,8.88811e-15,10,1023,0,1.05176e+08,0.528882,1.08665,0.389689,0.145397,0.379329,3.24381,0.161596,0.446195,1.77396,0.159177,1.15e+07,4.49998e+06,6.79999e+06,1.15e+07,4.49997e+06,6.79999e+06,1.15e+07,4.49996e+06,6.79999e+06,1.15e+07,4.49995e+06,6.79999e+06,1.14999e+07,4.49993e+06,6.79999e+06,1.14999e+07,4.49991e+06,6.79999e+06,1.14999e+07,4.49989e+06,6.79999e+06,1.14999e+07,4.49986e+06,6.79999e+06,1.14999e+07,4.49982e+06,6.79999e+06,1.14999e+07,4.49977e+06,6.79999e+06,1.14999e+07,4.49971e+06,6.79999e+06,1.14999e+07,4.49963e+06,6.79999e+06,1.14998e+07,4.49953e+06,6.79999e+06,1.14998e+07,4.49941e+06,6.79999e+06,1.14998e+07,4.49926e+06,6.79999e+06,1.14998e+07,4.49906e+06,6.79999e+06,1.14997e+07,4.49882e+06,6.79999e+06,1.14997e+07,4.49851e+06,6.79999e+06,1.14997e+07,4.49812e+06,6.79999e+06,1.14996e+07,4.49764e+06,6.79999e+06,1.14996e+07,4.49702e+06,6.79999e+06,1.14995e+07,4.49625e+06,6.79999e+06,1.14995e+07,4.49528e+06,6.79999e+06,1.14994e+07,4.49406e+06,6.79999e+06,1.14993e+07,4.49253e+06,6.79999e+06,1.14992e+07,4.49059e+06,6.79999e+06,1.14991e+07,4.48817e+06,6.79999e+06,1.1499e+07,4.48511e+06,6.79999e+06,1.14988e+07,4.48128e+06,6.79999e+06,1.14987e+07,4.47646e+06,6.79999e+06,1.14985e+07,4.47041e+06,6.79999e+06,1.14983e+07,4.46281e+06,6.79999e+06,1.14981e+07,4.4533e+06,6.79999e+06,1.14979e+07,4.44138e+06,6.79999e+06,1.14976e+07,4.42649e+06,6.79999e+06,1.14972e+07,4.40789e+06,6.79999e+06,1.14969e+07,4.38471e+06,6.79999e+06,1.14965e+07,4.35592e+06,6.79999e+06,1.1496e+07,4.32027e+06,6.79999e+06,1.14955e+07,4.27629e+06,6.79999e+06,1.14949e+07,4.22231e+06,6.79999e+06,1.14942e+07,4.15647e+06,6.79999e+06,1.14934e+07,4.07676e+06,6.79999e+06,1.14926e+07,3.98112e+06,6.79999e+06,1.14916e+07,3.86765e+06,6.79999e+06,1.14905e+07,3.73474e+06,6.79999e+06,1.14892e+07,3.58148e+06,6.79999e+06,1.14878e+07,3.40785e+06,6.79999e+06,1.14862e+07,3.21513e+06,6.79999e+06,1.14844e+07,3.00605e+06,6.79999e+06,1.14823e+07,2.7848e+06,6.79999e+06,1.148e+07,2.5568e+06,6.79999e+06,1.14773e+07,2.32825e+06,6.79999e+06,13.5742,8.52444,0.508366,16.8306,13.2585,0.162638,20.0035,17.569,0.0507846,23.2616,22.4214,0.0158319,26.7328,28.3297,0.00493498,30.5212,35.6974,0.00153831,34.7178,44.9473,0.000479527,39.4086,56.5822,0.000149456,44.6796,71.2245,4.66214e-05,50.6209,89.6543,1.45419e-05,57.3297,112.852,4.54748e-06,64.9129,142.051,1.43857e-06,73.4897,178.803,4.36618e-07,83.1934,225.062,1.40153e-07,94.1745,283.286,4.96378e-08,106.602,356.568,1.05434e-07,120.669,448.799,-6.49244e-08,136.59,564.873,1.70148e-07,154.611,710.948,-5.34594e-08,175.008,894.767,1.63407e-07,198.097,1126.06,8.04804e-08,224.231,1417.07,1.14667e-07,253.813,1783.15,-1.71227e-07,287.297,2243.62,-2.88466e-07,325.198,2822.67,-4.33651e-07,368.098,3550.67,7.9318e-08,416.657,4465.65,3.13319e-07,471.621,5615.16,3.4613e-07,533.835,7058.61,-1.19199e-07,604.255,8870.02,-2.79964e-07,683.962,11141.4,-2.30521e-07,774.182,13986.7,-2.55099e-07,876.299,17546.4,1.23585e-07,991.883,21993.1,1.41192e-07,1122.71,27536.7,-9.71886e-08,1270.78,34430.7,-3.68368e-07,1438.38,42977.7,-3.45379e-07,1628.07,53532.7,-3.25328e-09,1842.77,66504.6,2.6362e-07,2085.77,82350.2,2.53445e-07,2360.79,101560,-2.47407e-08,2672.05,124632,-3.80602e-07,3024.31,152018,-4.79005e-07,3422.98,184060,-1.14379e-07,3874.15,220884,2.64297e-07,4384.72,262283,3.44131e-07,4962.49,307576,7.5349e-08,5616.29,355497,-3.63097e-07,6356.1,404126,-6.05442e-07,7193.18,450932,-2.72333e-07,8140.28,492963,2.29675e-07,9211.79,527178,4.3387e-07,10424,550893,-1.0711e-07,10.102,8.06553,2.81012,10.6436,8.57909,0.869423,11.5336,10.2515,0.270869,12.7211,12.7138,0.0844293,14.1823,15.9373,0.0263173,15.9122,20.0383,0.0082035,17.9198,25.2154,0.00255722,20.2244,31.7373,0.000797017,22.8539,39.9486,0.000248622,25.8438,50.2851,7.75492e-05,29.237,63.2963,2.42508e-05,33.0837,79.6738,7.67162e-06,37.4415,100.288,2.32837e-06,42.3767,126.236,7.33e-07,47.9646,158.896,2.79256e-07,54.2906,200.003,9.87351e-09,61.452,251.741,1.61085e-07,69.5585,316.859,-2.47141e-07,78.7347,398.812,8.93552e-08,89.1218,501.948,-2.53231e-07,100.879,631.736,-1.25047e-07,114.188,795.049,-1.78808e-07,129.252,1000.53,2.6733e-07,146.304,1259.03,4.50292e-07,165.605,1584.19,6.76904e-07,187.452,1993.12,-1.23808e-07,212.181,2507.27,-4.89068e-07,240.173,3153.54,-5.40284e-07,271.856,3965.56,1.86061e-07,307.719,4985.38,4.37004e-07,348.313,6265.4,3.59828e-07,394.26,7870.83,3.98192e-07,446.268,9882.51,-1.92908e-07,505.135,12400.3,-2.20392e-07,571.766,15546.9,1.51705e-07,647.184,19472.2,5.74996e-07,732.547,24357.4,5.39112e-07,829.167,30420,5.07815e-09,938.526,37916.3,-4.11492e-07,1062.3,47143.9,-3.9561e-07,1202.4,58439.2,3.86185e-08,1360.96,72169.3,5.94093e-07,1540.42,88715.8,7.47693e-07,1743.53,108445,1.78537e-07,1973.41,131665,-4.12549e-07,2233.57,158557,-5.37164e-07,2528,189103,-1.17615e-07,2861.2,222986,5.66769e-07,3238.27,259510,9.45053e-07,3664.97,297540,4.25093e-07,4147.81,335497,-3.58506e-07,4694.17,371444,-6.7724e-07,5312.37,403256,1.67192e-07,1.61744,3.89446,9.84394,3.28846,7.5504,12.774,5.07607,11.7187,13.6844,7.03202,16.8147,13.9681,9.20215,23.1769,14.0566,11.6301,31.1672,14.0841,14.3598,41.2186,14.0927,17.4376,53.8688,14.0954,20.9137,69.7915,14.0962,24.8432,89.8341,14.0965,29.2879,115.063,14.0966,34.3168,146.819,14.0966,40.0078,186.792,14.0966,46.4487,237.107,14.0966,53.7388,300.44,14.0966,61.9903,380.158,14.0966,71.3301,480.499,14.0966,81.902,606.796,14.0966,93.8685,765.761,14.0966,107.414,965.837,14.0966,122.746,1217.65,14.0966,140.101,1534.57,14.0966,159.745,1933.41,14.0966,181.981,2435.3,14.0966,207.15,3066.85,14.0966,235.64,3861.46,14.0966,267.889,4861.11,14.0966,304.391,6118.54,14.0966,345.709,7699.91,14.0966,392.478,9688.22,14.0966,445.417,12187.5,14.0966,505.339,15327.7,14.0966,573.165,19271.6,14.0966,649.938,24222,14.0966,736.839,30430.9,14.0966,835.202,38211.5,14.0966,946.539,47950.3,14.0966,1072.56,60122.8,14.0966,1215.21,75309.9,14.0966,1376.66,94216.2,14.0966,1559.41,117688,14.0966,1766.26,146729,14.0966,2000.39,182510,14.0966,2265.39,226372,14.0966,2565.33,279806,14.0966,2904.81,344416,14.0966,3289.05,421845,14.0966,3723.93,513667,14.0966,4216.13,621231,14.0966,4773.18,745478,14.0966,5403.64,886744,14.0966,6117.15,1.04457e+06,14.0966,6924.63,1.2176e+06,14.0966,11.7194,11.96,12.6541,13.9321,16.1295,13.6434,16.6097,21.9702,13.9553,19.7532,29.5285,14.0526,23.3844,39.1143,14.0829,27.5423,51.2054,14.0923,32.2796,66.434,14.0953,37.662,85.6061,14.0962,43.7675,109.74,14.0965,50.687,140.119,14.0966,58.5249,178.359,14.0966,67.4005,226.493,14.0966,77.4493,287.08,14.0966,88.8254,363.343,14.0966,101.703,459.336,14.0966,116.281,580.161,14.0966,132.782,732.241,14.0966,151.46,923.655,14.0966,172.603,1164.57,14.0966,196.535,1467.79,14.0966,223.625,1849.39,14.0966,254.288,2329.62,14.0966,288.997,2933.93,14.0966,328.285,3694.33,14.0966,372.755,4651.04,14.0966,423.092,5854.57,14.0966,480.07,7368.38,14.0966,544.564,9272.08,14.0966,617.566,11665.5,14.0966,700.197,14673.6,14.0966,793.729,18452.9,14.0966,899.599,23198.6,14.0966,1019.43,29154.1,14.0966,1155.07,36622.3,14.0966,1308.6,45977.9,14.0966,1482.39,57683.7,14.0966,1679.09,72307.8,14.0966,1901.73,90542.8,14.0966,2153.73,113226,14.0966,2438.97,141360,14.0966,2761.81,176127,14.0966,3127.22,218898,14.0966,3540.81,271226,14.0966,4008.92,334817,14.0966,4538.74,411470,14.0966,5138.38,502973,14.0966,5817.04,610948,14.0966,6585.12,736653,14.0966,7454.39,880741,14.0966,8438.15,1.04302e+06,14.0966,9551.45,1.22224e+06,14.0966,10811.3,1.41602e+06,14.0966,12237,1.62086e+06,14.0966,11.7194,11.96,12.6541,2.21263,4.16949,0.989383,2.67766,5.84076,0.311842,3.14343,7.55825,0.0972771,3.63127,9.58578,0.0303237,4.15787,12.0912,0.00945211,4.73731,15.2286,0.00294633,5.38238,19.1721,0.000918508,6.10553,24.134,0.000286163,6.91951,30.3791,8.92692e-05,7.83792,38.2397,2.78121e-05,8.87555,48.1338,8.65134e-06,10.0489,60.5876,2.7882e-06,11.3761,76.2629,8.29036e-07,12.8779,95.9927,2.4373e-07,14.5775,120.825,4.33068e-09,16.5012,152.08,1.75749e-07,18.6784,191.415,-1.86328e-07,21.1428,240.917,1.91829e-07,23.9322,303.213,-1.81475e-07,27.0895,381.602,7.0186e-08,30.6634,480.231,-2.86769e-08,34.7087,604.316,2.40784e-07,39.2876,760.401,9.87368e-08,44.4705,956.705,1.22263e-07,50.3371,1203.54,-4.31966e-07,56.9776,1513.81,-1.9705e-07,64.494,1903.69,-2.763e-08,73.0018,2393.4,3.9185e-07,82.6317,3008.13,1.35379e-07,93.5318,3779.25,-4.16351e-08,105.869,4745.7,2.06965e-08,119.834,5955.6,-3.18887e-07,135.641,7468.12,-1.48271e-08,153.531,9355.62,2.00739e-07,173.781,11705.8,2.28358e-07,196.701,14624.1,-1.93587e-08,222.642,18235,-2.88101e-07,252.003,22683.4,-2.24732e-07,285.234,28134,8.56806e-09,322.845,34767,2.34258e-07,365.413,42770.9,2.99668e-07,413.588,52327.9,8.28644e-08,468.111,63591.2,-3.07049e-07,529.814,76653.2,-3.1888e-07,599.642,91502.5,-6.72276e-08,678.662,107975,2.26339e-07,768.083,125705,3.69212e-07,869.267,144088,2.04077e-07,983.76,162277,-2.80509e-07,1113.3,179223,-4.22737e-07,1259.87,193777,-1.71951e-07,1425.68,204839,4.55555e-07,11.7194,11.96,12.6541,2.21263,4.16949,0.989383,2.67766,5.84076,0.311842,3.14343,7.55825,0.0972771,3.63127,9.58578,0.0303237,4.15787,12.0912,0.00945211,4.73731,15.2286,0.00294633,5.38238,19.1721,0.000918508,6.10553,24.134,0.000286163,6.91951,30.3791,8.92692e-05,7.83792,38.2397,2.78121e-05,8.87555,48.1338,8.65134e-06,10.0489,60.5876,2.7882e-06,11.3761,76.2629,8.29036e-07,12.8779,95.9927,2.4373e-07,14.5775,120.825,1e-08,16.5012,152.08,1.75749e-07,18.6784,191.415,1e-08,21.1428,240.917,1.91829e-07,23.9322,303.213,1e-08,27.0895,381.602,7.0186e-08,30.6634,480.231,1e-08,34.7087,604.316,2.40784e-07,39.2876,760.401,9.87368e-08,44.4705,956.705,1.22263e-07,50.3371,1203.54,1e-08,56.9776,1513.81,1e-08,64.494,1903.69,1e-08,73.0018,2393.4,3.9185e-07,82.6317,3008.13,1.35379e-07,93.5318,3779.25,1e-08,105.869,4745.7,2.06965e-08,119.834,5955.6,1e-08,135.641,7468.12,1e-08,153.531,9355.62,2.00739e-07,173.781,11705.8,2.28358e-07,196.701,14624.1,1e-08,222.642,18235,1e-08,252.003,22683.4,1e-08,285.234,28134,1e-08,322.845,34767,2.34258e-07,365.413,42770.9,2.99668e-07,413.588,52327.9,8.28644e-08,468.111,63591.2,1e-08,529.814,76653.2,1e-08,599.642,91502.5,1e-08,678.662,107975,2.26339e-07,768.083,125705,3.69212e-07,869.267,144088,2.04077e-07,983.76,162277,1e-08,1113.3,179223,1e-08,1259.87,193777,1e-08,1425.68,204839,4.55555e-07,6.2823,3.27286,2.43537,0.219672,6.18826,2.24117,0.56371,6.87772,2.63624,0.308279,13,6,15,2,4,2,0,4,0,2,2,0,2,20,0,5,9,0,4,8,0,2,28,0,3,50,0,4,40,0,11,49,0,12,17,0,10,70,0,4,65,0,10,154,0,17,171,0,20,155,0,20,153,0,19,251,0,8,126,0,17,241,0,34,443,0,54,343,0,22,991,0,24,243,0,21,1045,0,42,2945,0,113,2470,0,130,2762,0,55,2068,0,84,2153,0,92,6639,0,188,9690,0,135,6624,0,114,8014,0,173,10349,0,122,23944,0,253,9880,0,143,38126,0,135,29362,0,321,39080,0,379,34968,0,452,27013,0,249,59002,0,941,115167,0,567,58138,0,696,80124,0,310,72661,0,475,102388,0,992,149880,0,1049,175012,0,748,299224,0,794,126295,0
-1.05176e+08,1.3692e-11,8.88811e-15,10,1023,0,1.05176e+08,0.528882,1.08665,0.389689,0.145397,0.379329,3.24381,0.161596,0.446195,1.77396,0.159177,1.15e+07,4.49998e+06,6.79999e+06,1.15e+07,4.49997e+06,6.79999e+06,1.15e+07,4.49996e+06,6.79999e+06,1.15e+07,4.49995e+06,6.79999e+06,1.14999e+07,4.49993e+06,6.79999e+06,1.14999e+07,4.49991e+06,6.79999e+06,1.14999e+07,4.49989e+06,6.79999e+06,1.14999e+07,4.49986e+06,6.79999e+06,1.14999e+07,4.49982e+06,6.79999e+06,1.14999e+07,4.49977e+06,6.79999e+06,1.14999e+07,4.49971e+06,6.79999e+06,1.14999e+07,4.49963e+06,6.79999e+06,1.14998e+07,4.49953e+06,6.79999e+06,1.14998e+07,4.49941e+06,6.79999e+06,1.14998e+07,4.49926e+06,6.79999e+06,1.14998e+07,4.49906e+06,6.79999e+06,1.14997e+07,4.49882e+06,6.79999e+06,1.14997e+07,4.49851e+06,6.79999e+06,1.14997e+07,4.49812e+06,6.79999e+06,1.14996e+07,4.49764e+06,6.79999e+06,1.14996e+07,4.49702e+06,6.79999e+06,1.14995e+07,4.49625e+06,6.79999e+06,1.14995e+07,4.49528e+06,6.79999e+06,1.14994e+07,4.49406e+06,6.79999e+06,1.14993e+07,4.49253e+06,6.79999e+06,1.14992e+07,4.49059e+06,6.79999e+06,1.14991e+07,4.48817e+06,6.79999e+06,1.1499e+07,4.48511e+06,6.79999e+06,1.14988e+07,4.48128e+06,6.79999e+06,1.14987e+07,4.47646e+06,6.79999e+06,1.14985e+07,4.47041e+06,6.79999e+06,1.14983e+07,4.46281e+06,6.79999e+06,1.14981e+07,4.4533e+06,6.79999e+06,1.14979e+07,4.44138e+06,6.79999e+06,1.14976e+07,4.42649e+06,6.79999e+06,1.14972e+07,4.40789e+06,6.79999e+06,1.14969e+07,4.38471e+06,6.79999e+06,1.14965e+07,4.35592e+06,6.79999e+06,1.1496e+07,4.32027e+06,6.79999e+06,1.14955e+07,4.27629e+06,6.79999e+06,1.14949e+07,4.22231e+06,6.79999e+06,1.14942e+07,4.15647e+06,6.79999e+06,1.14934e+07,4.07676e+06,6.79999e+06,1.14926e+07,3.98112e+06,6.79999e+06,1.14916e+07,3.86765e+06,6.79999e+06,1.14905e+07,3.73474e+06,6.79999e+06,1.14892e+07,3.58148e+06,6.79999e+06,1.14878e+07,3.40785e+06,6.79999e+06,1.14862e+07,3.21513e+06,6.79999e+06,1.14844e+07,3.00605e+06,6.79999e+06,1.14823e+07,2.7848e+06,6.79999e+06,1.148e+07,2.5568e+06,6.79999e+06,1.14773e+07,2.32825e+06,6.79999e+06,13.5742,8.52444,0.508366,16.8306,13.2585,0.162638,20.0035,17.569,0.0507846,23.2616,22.4214,0.0158319,26.7328,28.3297,0.00493498,30.5212,35.6974,0.00153831,34.7178,44.9473,0.000479527,39.4086,56.5822,0.000149456,44.6796,71.2245,4.66214e-05,50.6209,89.6543,1.45419e-05,57.3297,112.852,4.54748e-06,64.9129,142.051,1.43857e-06,73.4897,178.803,4.36618e-07,83.1934,225.062,1.40153e-07,94.1745,283.286,4.96378e-08,106.602,356.568,1.05434e-07,120.669,448.799,-6.49244e-08,136.59,564.873,1.70148e-07,154.611,710.948,-5.34594e-08,175.008,894.767,1.63407e-07,198.097,1126.06,8.04804e-08,224.231,1417.07,1.14667e-07,253.813,1783.15,-1.71227e-07,287.297,2243.62,-2.88466e-07,325.198,2822.67,-4.33651e-07,368.098,3550.67,7.9318e-08,416.657,4465.65,3.13319e-07,471.621,5615.16,3.4613e-07,533.835,7058.61,-1.19199e-07,604.255,8870.02,-2.79964e-07,683.962,11141.4,-2.30521e-07,774.182,13986.7,-2.55099e-07,876.299,17546.4,1.23585e-07,991.883,21993.1,1.41192e-07,1122.71,27536.7,-9.71886e-08,1270.78,34430.7,-3.68368e-07,1438.38,42977.7,-3.45379e-07,1628.07,53532.7,-3.25328e-09,1842.77,66504.6,2.6362e-07,2085.77,82350.2,2.53445e-07,2360.79,101560,-2.47407e-08,2672.05,124632,-3.80602e-07,3024.31,152018,-4.79005e-07,3422.98,184060,-1.14379e-07,3874.15,220884,2.64297e-07,4384.72,262283,3.44131e-07,4962.49,307576,7.5349e-08,5616.29,355497,-3.63097e-07,6356.1,404126,-6.05442e-07,7193.18,450932,-2.72333e-07,8140.28,492963,2.29675e-07,9211.79,527178,4.3387e-07,10424,550893,-1.0711e-07,10.102,8.06553,2.81012,10.6436,8.57909,0.869423,11.5336,10.2515,0.270869,12.7211,12.7138,0.0844293,14.1823,15.9373,0.0263173,15.9122,20.0383,0.0082035,17.9198,25.2154,0.00255722,20.2244,31.7373,0.000797017,22.8539,39.9486,0.000248622,25.8438,50.2851,7.75492e-05,29.237,63.2963,2.42508e-05,33.0837,79.6738,7.67162e-06,37.4415,100.288,2.32837e-06,42.3767,126.236,7.33e-07,47.9646,158.896,2.79256e-07,54.2906,200.003,9.87351e-09,61.452,251.741,1.61085e-07,69.5585,316.859,-2.47141e-07,78.7347,398.812,8.93552e-08,89.1218,501.948,-2.53231e-07,100.879,631.736,-1.25047e-07,114.188,795.049,-1.78808e-07,129.252,1000.53,2.6733e-07,146.304,1259.03,4.50292e-07,165.605,1584.19,6.76904e-07,187.452,1993.12,-1.23808e-07,212.181,2507.27,-4.89068e-07,240.173,3153.54,-5.40284e-07,271.856,3965.56,1.86061e-07,307.719,4985.38,4.37004e-07,348.313,6265.4,3.59828e-07,394.26,7870.83,3.98192e-07,446.268,9882.51,-1.92908e-07,505.135,12400.3,-2.20392e-07,571.766,15546.9,1.51705e-07,647.184,19472.2,5.74996e-07,732.547,24357.4,5.39112e-07,829.167,30420,5.07815e-09,938.526,37916.3,-4.11492e-07,1062.3,47143.9,-3.9561e-07,1202.4,58439.2,3.86185e-08,1360.96,72169.3,5.94093e-07,1540.42,88715.8,7.47693e-07,1743.53,108445,1.78537e-07,1973.41,131665,-4.12549e-07,2233.57,158557,-5.37164e-07,2528,189103,-1.17615e-07,2861.2,222986,5.66769e-07,3238.27,259510,9.45053e-07,3664.97,297540,4.25093e-07,4147.81,335497,-3.58506e-07,4694.17,371444,-6.7724e-07,5312.37,403256,1.67192e-07,1.61744,3.89446,9.84394,3.28846,7.5504,12.774,5.07607,11.7187,13.6844,7.03202,16.8147,13.9681,9.20215,23.1769,14.0566,11.6301,31.1672,14.0841,14.3598,41.2186,14.0927,17.4376,53.8688,14.0954,20.9137,69.7915,14.0962,24.8432,89.8341,14.0965,29.2879,115.063,14.0966,34.3168,146.819,14.0966,40.0078,186.792,14.0966,46.4487,237.107,14.0966,53.7388,300.44,14.0966,61.9903,380.158,14.0966,71.3301,480.499,14.0966,81.902,606.796,14.0966,93.8685,765.761,14.0966,107.414,965.837,14.0966,122.746,1217.65,14.0966,140.101,1534.57,14.0966,159.745,1933.41,14.0966,181.981,2435.3,14.0966,207.15,3066.85,14.0966,235.64,3861.46,14.0966,267.889,4861.11,14.0966,304.391,6118.54,14.0966,345.709,7699.91,14.0966,392.478,9688.22,14.0966,445.417,12187.5,14.0966,505.339,15327.7,14.0966,573.165,19271.6,14.0966,649.938,24222,14.0966,736.839,30430.9,14.0966,835.202,38211.5,14.0966,946.539,47950.3,14.0966,1072.56,60122.8,14.0966,1215.21,75309.9,14.0966,1376.66,94216.2,14.0966,1559.41,117688,14.0966,1766.26,146729,14.0966,2000.39,182510,14.0966,2265.39,226372,14.0966,2565.33,279806,14.0966,2904.81,344416,14.0966,3289.05,421845,14.0966,3723.93,513667,14.0966,4216.13,621231,14.0966,4773.18,745478,14.0966,5403.64,886744,14.0966,6117.15,1.04457e+06,14.0966,6924.63,1.2176e+06,14.0966,11.7194,11.96,12.6541,13.9321,16.1295,13.6434,16.6097,21.9702,13.9553,19.7532,29.5285,14.0526,23.3844,39.1143,14.0829,27.5423,51.2054,14.0923,32.2796,66.434,14.0953,37.662,85.6061,14.0962,43.7675,109.74,14.0965,50.687,140.119,14.0966,58.5249,178.359,14.0966,67.4005,226.493,14.0966,77.4493,287.08,14.0966,88.8254,363.343,14.0966,101.703,459.336,14.0966,116.281,580.161,14.0966,132.782,732.241,14.0966,151.46,923.655,14.0966,172.603,1164.57,14.0966,196.535,1467.79,14.0966,223.625,1849.39,14.0966,254.288,2329.62,14.0966,288.997,2933.93,14.0966,328.285,3694.33,14.0966,372.755,4651.04,14.0966,423.092,5854.57,14.0966,480.07,7368.38,14.0966,544.564,9272.08,14.0966,617.566,11665.5,14.0966,700.197,14673.6,14.0966,793.729,18452.9,14.0966,899.599,23198.6,14.0966,1019.43,29154.1,14.0966,1155.07,36622.3,14.0966,1308.6,45977.9,14.0966,1482.39,57683.7,14.0966,1679.09,72307.8,14.0966,1901.73,90542.8,14.0966,2153.73,113226,14.0966,2438.97,141360,14.0966,2761.81,176127,14.0966,3127.22,218898,14.0966,3540.81,271226,14.0966,4008.92,334817,14.0966,4538.74,411470,14.0966,5138.38,502973,14.0966,5817.04,610948,14.0966,6585.12,736653,14.0966,7454.39,880741,14.0966,8438.15,1.04302e+06,14.0966,9551.45,1.22224e+06,14.0966,10811.3,1.41602e+06,14.0966,12237,1.62086e+06,14.0966,11.7194,11.96,12.6541,2.21263,4.16949,0.989383,2.67766,5.84076,0.311842,3.14343,7.55825,0.0972771,3.63127,9.58578,0.0303237,4.15787,12.0912,0.00945211,4.73731,15.2286,0.00294633,5.38238,19.1721,0.000918508,6.10553,24.134,0.000286163,6.91951,30.3791,8.92692e-05,7.83792,38.2397,2.78121e-05,8.87555,48.1338,8.65134e-06,10.0489,60.5876,2.7882e-06,11.3761,76.2629,8.29036e-07,12.8779,95.9927,2.4373e-07,14.5775,120.825,4.33068e-09,16.5012,152.08,1.75749e-07,18.6784,191.415,-1.86328e-07,21.1428,240.917,1.91829e-07,23.9322,303.213,-1.81475e-07,27.0895,381.602,7.0186e-08,30.6634,480.231,-2.86769e-08,34.7087,604.316,2.40784e-07,39.2876,760.401,9.87368e-08,44.4705,956.705,1.22263e-07,50.3371,1203.54,-4.31966e-07,56.9776,1513.81,-1.9705e-07,64.494,1903.69,-2.763e-08,73.0018,2393.4,3.9185e-07,82.6317,3008.13,1.35379e-07,93.5318,3779.25,-4.16351e-08,105.869,4745.7,2.06965e-08,119.834,5955.6,-3.18887e-07,135.641,7468.12,-1.48271e-08,153.531,9355.62,2.00739e-07,173.781,11705.8,2.28358e-07,196.701,14624.1,-1.93587e-08,222.642,18235,-2.88101e-07,252.003,22683.4,-2.24732e-07,285.234,28134,8.56806e-09,322.845,34767,2.34258e-07,365.413,42770.9,2.99668e-07,413.588,52327.9,8.28644e-08,468.111,63591.2,-3.07049e-07,529.814,76653.2,-3.1888e-07,599.642,91502.5,-6.72276e-08,678.662,107975,2.26339e-07,768.083,125705,3.69212e-07,869.267,144088,2.04077e-07,983.76,162277,-2.80509e-07,1113.3,179223,-4.22737e-07,1259.87,193777,-1.71951e-07,1425.68,204839,4.55555e-07,11.7194,11.96,12.6541,2.21263,4.16949,0.989383,2.67766,5.84076,0.311842,3.14343,7.55825,0.0972771,3.63127,9.58578,0.0303237,4.15787,12.0912,0.00945211,4.73731,15.2286,0.00294633,5.38238,19.1721,0.000918508,6.10553,24.134,0.000286163,6.91951,30.3791,8.92692e-05,7.83792,38.2397,2.78121e-05,8.87555,48.1338,8.65134e-06,10.0489,60.5876,2.7882e-06,11.3761,76.2629,8.29036e-07,12.8779,95.9927,2.4373e-07,14.5775,120.825,1e-08,16.5012,152.08,1.75749e-07,18.6784,191.415,1e-08,21.1428,240.917,1.91829e-07,23.9322,303.213,1e-08,27.0895,381.602,7.0186e-08,30.6634,480.231,1e-08,34.7087,604.316,2.40784e-07,39.2876,760.401,9.87368e-08,44.4705,956.705,1.22263e-07,50.3371,1203.54,1e-08,56.9776,1513.81,1e-08,64.494,1903.69,1e-08,73.0018,2393.4,3.9185e-07,82.6317,3008.13,1.35379e-07,93.5318,3779.25,1e-08,105.869,4745.7,2.06965e-08,119.834,5955.6,1e-08,135.641,7468.12,1e-08,153.531,9355.62,2.00739e-07,173.781,11705.8,2.28358e-07,196.701,14624.1,1e-08,222.642,18235,1e-08,252.003,22683.4,1e-08,285.234,28134,1e-08,322.845,34767,2.34258e-07,365.413,42770.9,2.99668e-07,413.588,52327.9,8.28644e-08,468.111,63591.2,1e-08,529.814,76653.2,1e-08,599.642,91502.5,1e-08,678.662,107975,2.26339e-07,768.083,125705,3.69212e-07,869.267,144088,2.04077e-07,983.76,162277,1e-08,1113.3,179223,1e-08,1259.87,193777,1e-08,1425.68,204839,4.55555e-07,6.2823,3.27286,2.43537,0.219672,6.18826,2.24117,0.56371,6.87772,2.63624,0.308279,20,24,12,3,3,0,1,1,0,3,5,1,4,10,0,8,4,0,3,22,0,5,27,0,12,21,0,3,49,0,10,17,0,2,40,0,8,43,0,9,80,0,9,86,0,2,66,0,24,116,0,36,185,0,15,102,0,19,159,0,36,298,0,43,326,0,17,821,0,41,682,0,54,538,0,116,822,0,48,2024,0,42,2478,0,92,3454,0,55,1241,0,153,2380,0,91,4563,0,84,3772,0,122,8328,0,154,7169,0,79,18841,0,143,28154,0,233,23970,0,354,11806,0,171,16695,0,323,50281,0,385,36515,0,177,36215,0,784,97484,0,477,87331,0,469,117554,0,406,180743,0,647,123333,0,1007,54125,0,906,32115,0,2107,71774,0,1135,33170,0,1520,215860,0
-1.05176e+08,1,8.88811e-15,10,1023,0,1.05176e+08,0.528882,1.08665,0.389689,0.145397,0.379329,3.24381,0.161596,0.446195,1.77396,0.159177,1.15e+07,4.49998e+06,6.79999e+06,1.15e+07,4.49997e+06,6.79999e+06,1.15e+07,4.49996e+06,6.79999e+06,1.15e+07,4.49995e+06,6.79999e+06,1.14999e+07,4.49993e+06,6.79999e+06,1.14999e+07,4.49991e+06,6.79999e+06,1.14999e+07,4.49989e+06,6.79999e+06,1.14999e+07,4.49986e+06,6.79999e+06,1.14999e+07,4.49982e+06,6.79999e+06,1.14999e+07,4.49977e+06,6.79999e+06,1.14999e+07,4.49971e+06,6.79999e+06,1.14999e+07,4.49963e+06,6.79999e+06,1.14998e+07,4.49953e+06,6.79999e+06,1.14998e+07,4.49941e+06,6.79999e+06,1.14998e+07,4.49926e+06,6.79999e+06,1.14998e+07,4.49906e+06,6.79999e+06,1.14997e+07,4.49882e+06,6.79999e+06,1.14997e+07,4.49851e+06,6.79999e+06,1.14997e+07,4.49812e+06,6.79999e+06,1.14996e+07,4.49764e+06,6.79999e+06,1.14996e+07,4.49702e+06,6.79999e+06,1.14995e+07,4.49625e+06,6.79999e+06,1.14995e+07,4.49528e+06,6.79999e+06,1.14994e+07,4.49406e+06,6.79999e+06,1.14993e+07,4.49253e+06,6.79999e+06,1.14992e+07,4.49059e+06,6.79999e+06,1.14991e+07,4.48817e+06,6.79999e+06,1.1499e+07,4.48511e+06,6.79999e+06,1.14988e+07,4.48128e+06,6.79999e+06,1.14987e+07,4.47646e+06,6.79999e+06,1.14985e+07,4.47041e+06,6.79999e+06,1.14983e+07,4.46281e+06,6.79999e+06,1.14981e+07,4.4533e+06,6.79999e+06,1.14979e+07,4.44138e+06,6.79999e+06,1.14976e+07,4.42649e+06,6.79999e+06,1.14972e+07,4.40789e+06,6.79999e+06,1.14969e+07,4.38471e+06,6.79999e+06,1.14965e+07,4.35592e+06,6.79999e+06,1.1496e+07,4.32027e+06,6.79999e+06,1.14955e+07,4.27629e+06,6.79999e+06,1.14949e+07,4.22231e+06,6.79999e+06,1.14942e+07,4.15647e+06,6.79999e+06,1.14934e+07,4.07676e+06,6.79999e+06,1.14926e+07,3.98112e+06,6.79999e+06,1.14916e+07,3.86765e+06,6.79999e+06,1.14905e+07,3.73474e+06,6.79999e+06,1.14892e+07,3.58148e+06,6.79999e+06,1.14878e+07,3.40785e+06,6.79999e+06,1.14862e+07,3.21513e+06,6.79999e+06,1.14844e+07,3.00605e+06,6.79999e+06,1.14823e+07,2.7848e+06,6.79999e+06,1.148e+07,2.5568e+06,6.79999e+06,1.14773e+07,2.32825e+06,6.79999e+06,13.5742,8.52444,0.508366,16.8306,13.2585,0.162638,20.0035,17.569,0.0507846,23.2616,22.4214,0.0158319,26.7328,28.3297,0.00493498,30.5212,35.6974,0.00153831,34.7178,44.9473,0.000479527,39.4086,56.5822,0.000149456,44.6796,71.2245,4.66214e-05,50.6209,89.6543,1.45419e-05,57.3297,112.852,4.54748e-06,64.9129,142.051,1.43857e-06,73.4897,178.803,4.36618e-07,83.1934,225.062,1.40153e-07,94.1745,283.286,4.96378e-08,106.602,356.568,1.05434e-07,120.669,448.799,-6.49244e-08,136.59,564.873,1.70148e-07,154.611,710.948,-5.34594e-08,175.008,894.767,1.63407e-07,198.097,1126.06,8.04804e-08,224.231,1417.07,1.14667e-07,253.813,1783.15,-1.71227e-07,287.297,2243.62,-2.88466e-07,325.198,2822.67,-4.33651e-07,368.098,3550.67,7.9318e-08,416.657,4465.65,3.13319e-07,471.621,5615.16,3.4613e-07,533.835,7058.61,-1.19199e-07,604.255,8870.02,-2.79964e-07,683.962,11141.4,-2.30521e-07,774.182,13986.7,-2.55099e-07,876.299,17546.4,1.23585e-07,991.883,21993.1,1.41192e-07,1122.71,27536.7,-9.71886e-08,1270.78,34430.7,-3.68368e-07,1438.38,42977.7,-3.45379e-07,1628.07,53532.7,-3.25328e-09,1842.77,66504.6,2.6362e-07,2085.77,82350.2,2.53445e-07,2360.79,101560,-2.47407e-08,2672.05,124632,-3.80602e-07,3024.31,152018,-4.79005e-07,3422.98,184060,-1.14379e-07,3874.15,220884,2.64297e-07,4384.72,262283,3.44131e-07,4962.49,307576,7.5349e-08,5616.29,355497,-3.63097e-07,6356.1,404126,-6.05442e-07,7193.18,450932,-2.72333e-07,8140.28,492963,2.29675e-07,9211.79,527178,4.3387e-07,10424,550893,-1.0711e-07,10.102,8.06553,2.81012,10.6436,8.57909,0.869423,11.5336,10.2515,0.270869,12.7211,12.7138,0.0844293,14.1823,15.9373,0.0263173,15.9122,20.0383,0.0082035,17.9198,25.2154,0.00255722,20.2244,31.7373,0.000797017,22.8539,39.9486,0.000248622,25.8438,50.2851,7.75492e-05,29.237,63.2963,2.42508e-05,33.0837,79.6738,7.67162e-06,37.4415,100.288,2.32837e-06,42.3767,126.236,7.33e-07,47.9646,158.896,2.79256e-07,54.2906,200.003,9.87351e-09,61.452,251.741,1.61085e-07,69.5585,316.859,-2.47141e-07,78.7347,398.812,8.93552e-08,89.1218,501.948,-2.53231e-07,100.879,631.736,-1.25047e-07,114.188,795.049,-1.78808e-07,129.252,1000.53,2.6733e-07,146.304,1259.03,4.50292e-07,165.605,1584.19,6.76904e-07,187.452,1993.12,-1.23808e-07,212.181,2507.27,-4.89068e-07,240.173,3153.54,-5.40284e-07,271.856,3965.56,1.86061e-07,307.719,4985.38,4.37004e-07,348.313,6265.4,3.59828e-07,394.26,7870.83,3.98192e-07,446.268,9882.51,-1.92908e-07,505.135,12400.3,-2.20392e-07,571.766,15546.9,1.51705e-07,647.184,19472.2,5.74996e-07,732.547,24357.4,5.39112e-07,829.167,30420,5.07815e-09,938.526,37916.3,-4.11492e-07,1062.3,47143.9,-3.9561e-07,1202.4,58439.2,3.86185e-08,1360.96,72169.3,5.94093e-07,1540.42,88715.8,7.47693e-07,1743.53,108445,1.78537e-07,1973.41,131665,-4.12549e-07,2233.57,158557,-5.37164e-07,2528,189103,-1.17615e-07,2861.2,222986,5.66769e-07,3238.27,259510,9.45053e-07,3664.97,297540,4.25093e-07,4147.81,335497,-3.58506e-07,4694.17,371444,-6.7724e-07,5312.37,403256,1.67192e-07,1.61744,3.89446,9.84394,3.28846,7.5504,12.774,5.07607,11.7187,13.6844,7.03202,16.8147,13.9681,9.20215,23.1769,14.0566,11.6301,31.1672,14.0841,14.3598,41.2186,14.0927,17.4376,53.8688,14.0954,20.9137,69.7915,14.0962,24.8432,89.8341,14.0965,29.2879,115.063,14.0966,34.3168,146.819,14.0966,40.0078,186.792,14.0966,46.4487,237.107,14.0966,53.7388,300.44,14.0966,61.9903,380.158,14.0966,71.3301,480.499,14.0966,81.902,606.796,14.0966,93.8685,765.761,14.0966,107.414,965.837,14.0966,122.746,1217.65,14.0966,140.101,1534.57,14.0966,159.745,1933.41,14.0966,181.981,2435.3,14.0966,207.15,3066.85,14.0966,235.64,3861.46,14.0966,267.889,4861.11,14.0966,304.391,6118.54,14.0966,345.709,7699.91,14.0966,392.478,9688.22,14.0966,445.417,12187.5,14.0966,505.339,15327.7,14.0966,573.165,19271.6,14.0966,649.938,24222,14.0966,736.839,30430.9,14.0966,835.202,38211.5,14.0966,946.539,47950.3,14.0966,1072.56,60122.8,14.0966,1215.21,75309.9,14.0966,1376.66,94216.2,14.0966,1559.41,117688,14.0966,1766.26,146729,14.0966,2000.39,182510,14.0966,2265.39,226372,14.0966,2565.33,279806,14.0966,2904.81,344416,14.0966,3289.05,421845,14.0966,3723.93,513667,14.0966,4216.13,621231,14.0966,4773.18,745478,14.0966,5403.64,886744,14.0966,6117.15,1.04457e+06,14.0966,6924.63,1.2176e+06,14.0966,11.7194,11.96,12.6541,13.9321,16.1295,13.6434,16.6097,21.9702,13.9553,19.7532,29.5285,14.0526,23.3844,39.1143,14.0829,27.5423,51.2054,14.0923,32.2796,66.434,14.0953,37.662,85.6061,14.0962,43.7675,109.74,14.0965,50.687,140.119,14.0966,58.5249,178.359,14.0966,67.4005,226.493,14.0966,77.4493,287.08,14.0966,88.8254,363.343,14.0966,101.703,459.336,14.0966,116.281,580.161,14.0966,132.782,732.241,14.0966,151.46,923.655,14.0966,172.603,1164.57,14.0966,196.535,1467.79,14.0966,223.625,1849.39,14.0966,254.288,2329.62,14.0966,288.997,2933.93,14.0966,328.285,3694.33,14.0966,372.755,4651.04,14.0966,423.092,5854.57,14.0966,480.07,7368.38,14.0966,544.564,9272.08,14.0966,617.566,11665.5,14.0966,700.197,14673.6,14.0966,793.729,18452.9,14.0966,899.599,23198.6,14.0966,1019.43,29154.1,14.0966,1155.07,36622.3,14.0966,1308.6,45977.9,14.0966,1482.39,57683.7,14.0966,1679.09,72307.8,14.0966,1901.73,90542.8,14.0966,2153.73,113226,14.0966,2438.97,141360,14.0966,2761.81,176127,14.0966,3127.22,218898,14.0966,3540.81,271226,14.0966,4008.92,334817,14.0966,4538.74,411470,14.0966,5138.38,502973,14.0966,5817.04,610948,14.0966,6585.12,736653,14.0966,7454.39,880741,14.0966,8438.15,1.04302e+06,14.0966,9551.45,1.22224e+06,14.0966,10811.3,1.41602e+06,14.0966,12237,1.62086e+06,14.0966,11.7194,11.96,12.6541,2.21263,4.16949,0.989383,2.67766,5.84076,0.311842,3.14343,7.55825,0.0972771,3.63127,9.58578,0.0303237,4.15787,12.0912,0.00945211,4.73731,15.2286,0.00294633,5.38238,19.1721,0.000918508,6.10553,24.134,0.000286163,6.91951,30.3791,8.92692e-05,7.83792,38.2397,2.78121e-05,8.87555,48.1338,8.65134e-06,10.0489,60.5876,2.7882e-06,11.3761,76.2629,8.29036e-07,12.8779,95.9927,2.4373e-07,14.5775,120.825,4.33068e-09,16.5012,152.08,1.75749e-07,18.6784,191.415,-1.86328e-07,21.1428,240.917,1.91829e-07,23.9322,303.213,-1.81475e-07,27.0895,381.602,7.0186e-08,30.6634,480.231,-2.86769e-08,34.7087,604.316,2.40784e-07,39.2876,760.401,9.87368e-08,44.4705,956.705,1.22263e-07,50.3371,1203.54,-4.31966e-07,56.9776,1513.81,-1.9705e-07,64.494,1903.69,-2.763e-08,73.0018,2393.4,3.9185e-07,82.6317,3008.13,1.35379e-07,93.5318,3779.25,-4.16351e-08,105.869,4745.7,2.06965e-08,119.834,5955.6,-3.18887e-07,135.641,7468.12,-1.48271e-08,153.531,9355.62,2.00739e-07,173.781,11705.8,2.28358e-07,196.701,14624.1,-1.93587e-08,222.642,18235,-2.88101e-07,252.003,22683.4,-2.24732e-07,285.234,28134,8.56806e-09,322.845,34767,2.34258e-07,365.413,42770.9,2.99668e-07,413.588,52327.9,8.28644e-08,468.111,63591.2,-3.07049e-07,529.814,76653.2,-3.1888e-07,599.642,91502.5,-6.72276e-08,678.662,107975,2.26339e-07,768.083,125705,3.69212e-07,869.267,144088,2.04077e-07,983.76,162277,-2.80509e-07,1113.3,179223,-4.22737e-07,1259.87,193777,-1.71951e-07,1425.68,204839,4.55555e-07,11.7194,11.96,12.6541,2.21263,4.16949,0.989383,2.67766,5.84076,0.311842,3.14343,7.55825,0.0972771,3.63127,9.58578,0.0303237,4.15787,12.0912,0.00945211,4.73731,15.2286,0.00294633,5.38238,19.1721,0.000918508,6.10553,24.134,0.000286163,6.91951,30.3791,8.92692e-05,7.83792,38.2397,2.78121e-05,8.87555,48.1338,8.65134e-06,10.0489,60.5876,2.7882e-06,11.3761,76.2629,8.29036e-07,12.8779,95.9927,2.4373e-07,14.5775,120.825,1e-08,16.5012,152.08,1.75749e-07,18.6784,191.415,1e-08,21.1428,240.917,1.91829e-07,23.9322,303.213,1e-08,27.0895,381.602,7.0186e-08,30.6634,480.231,1e-08,34.7087,604.316,2.40784e-07,39.2876,760.401,9.87368e-08,44.4705,956.705,1.22263e-07,50.3371,1203.54,1e-08,56.9776,1513.81,1e-08,64.494,1903.69,1e-08,73.0018,2393.4,3.9185e-07,82.6317,3008.13,1.35379e-07,93.5318,3779.25,1e-08,105.869,4745.7,2.06965e-08,119.834,5955.6,1e-08,135.641,7468.12,1e-08,153.531,9355.62,2.00739e-07,173.781,11705.8,2.28358e-07,196.701,14624.1,1e-08,222.642,18235,1e-08,252.003,22683.4,1e-08,285.234,28134,1e-08,322.845,34767,2.34258e-07,365.413,42770.9,2.99668e-07,413.588,52327.9,8.28644e-08,468.111,63591.2,1e-08,529.814,76653.2,1e-08,599.642,91502.5,1e-08,678.662,107975,2.26339e-07,768.083,125705,3.69212e-07,869.267,144088,2.04077e-07,983.76,162277,1e-08,1113.3,179223,1e-08,1259.87,193777,1e-08,1425.68,204839,4.55555e-07,6.2823,3.27286,2.43537,0.219672,6.18826,2.24117,0.56371,6.87772,2.63624,0.308279,13,10,7,4,3,1,2,4,0,1,13,0,5,12,0,6,6,0,8,15,0,6,12,0,18,31,0,19,20,0,9,36,0,5,62,0,11,64,0,8,67,0,15,101,0,9,102,0,8,63,0,26,276,0,25,276,0,16,823,0,28,153,0,45,263,0,54,551,0,9,534,0,64,402,0,40,907,0,56,1027,0,34,2161,0,84,1515,0,105,7360,0,124,3420,0,36,3490,0,130,3742,0,143,9718,0,171,8872,0,291,12158,0,183,22754,0,273,13508,0,247,17144,0,453,30963,0,543,20117,0,615,77159,0,465,78437,0,406,40693,0,545,105509,0,1005,101319,0,459,123452,0,468,122994,0,493,80022,0,1123,168844,0,1133,119869,0,1519,206184,0,451,134298,0
-1.05176e+08,1,8.88811e-15,10,1023,0,1.05176e+08,0.528882,1.08665,0.389689,0.145397,0.379329,3.24381,0.161596,0.446195,1.77396,0.159177,1.15e+07,4.49998e+06,6.79999e+06,1.15e+07,4.49997e+06,6.79999e+06,1.15e+07,4.49996e+06,6.79999e+06,1.15e+07,4.49995e+06,6.79999e+06,1.14999e+07,4.49993e+06,6.79999e+06,1.14999e+07,4.49991e+06,6.79999e+06,1.14999e+07,4.49989e+06,6.79999e+06,1.14999e+07,4.49986e+06,6.79999e+06,1.14999e+07,4.49982e+06,6.79999e+06,1.14999e+07,4.49977e+06,6.79999e+06,1.14999e+07,4.49971e+06,6.79999e+06,1.14999e+07,4.49963e+06,6.79999e+06,1.14998e+07,4.49953e+06,6.79999e+06,1.14998e+07,4.49941e+06,6.79999e+06,1.14998e+07,4.49926e+06,6.79999e+06,1.14998e+07,4.49906e+06,6.79999e+06,1.14997e+07,4.49882e+06,6.79999e+06,1.14997e+07,4.49851e+06,6.79999e+06,1.14997e+07,4.49812e+06,6.79999e+06,1.14996e+07,4.49764e+06,6.79999e+06,1.14996e+07,4.49702e+06,6.79999e+06,1.14995e+07,4.49625e+06,6.79999e+06,1.14995e+07,4.49528e+06,6.79999e+06,1.14994e+07,4.49406e+06,6.79999e+06,1.14993e+07,4.49253e+06,6.79999e+06,1.14992e+07,4.49059e+06,6.79999e+06,1.14991e+07,4.48817e+06,6.79999e+06,1.1499e+07,4.48511e+06,6.79999e+06,1.14988e+07,4.48128e+06,6.79999e+06,1.14987e+07,4.47646e+06,6.79999e+06,1.14985e+07,4.47041e+06,6.79999e+06,1.14983e+07,4.46281e+06,6.79999e+06,1.14981e+07,4.4533e+06,6.79999e+06,1.14979e+07,4.44138e+06,6.79999e+06,1.14976e+07,4.42649e+06,6.79999e+06,1.14972e+07,4.40789e+06,6.79999e+06,1.14969e+07,4.38471e+06,6.79999e+06,1.14965e+07,4.35592e+06,6.79999e+06,1.1496e+07,4.32027e+06,6.79999e+06,1.14955e+07,4.27629e+06,6.79999e+06,1.14949e+07,4.22231e+06,6.79999e+06,1.14942e+07,4.15647e+06,6.79999e+06,1.14934e+07,4.07676e+06,6.79999e+06,1.14926e+07,3.98112e+06,6.79999e+06,1.14916e+07,3.86765e+06,6.79999e+06,1.14905e+07,3.73474e+06,6.79999e+06,1.14892e+07,3.58148e+06,6.79999e+06,1.14878e+07,3.40785e+06,6.79999e+06,1.14862e+07,3.21513e+06,6.79999e+06,1.14844e+07,3.00605e+06,6.79999e+06,1.14823e+07,2.7848e+06,6.79999e+06,1.148e+07,2.5568e+06,6.79999e+06,1.14773e+07,2.32825e+06,6.79999e+06,13.5742,8.52444,0.508366,16.8306,13.2585,0.162638,20.0035,17.569,0.0507846,23.2616,22.4214,0.0158319,26.7328,28.3297,0.00493498,30.5212,35.6974,0.00153831,34.7178,44.9473,0.000479527,39.4086,56.5822,0.000149456,44.6796,71.2245,4.66214e-05,50.6209,89.6543,1.45419e-05,57.3297,112.852,4.54748e-06,64.9129,142.051,1.43857e-06,73.4897,178.803,4.36618e-07,83.1934,225.062,1.40153e-07,94.1745,283.286,4.96378e-08,106.602,356.568,1.05434e-07,120.669,448.799,-6.49244e-08,136.59,564.873,1.70148e-07,154.611,710.948,-5.34594e-08,175.008,894.767,1.63407e-07,198.097,1126.06,8.04804e-08,224.231,1417.07,1.14667e-07,253.813,1783.15,-1.71227e-07,287.297,2243.62,-2.88466e-07,325.198,2822.67,-4.33651e-07,368.098,3550.67,7.9318e-08,416.657,4465.65,3.13319e-07,471.621,5615.16,3.4613e-07,533.835,7058.61,-1.19199e-07,604.255,8870.02,-2.79964e-07,683.962,11141.4,-2.30521e-07,774.182,13986.7,-2.55099e-07,876.299,17546.4,1.23585e-07,991.883,21993.1,1.41192e-07,1122.71,27536.7,-9.71886e-08,1270.78,34430.7,-3.68368e-07,1438.38,42977.7,-3.45379e-07,1628.07,53532.7,-3.25328e-09,1842.77,66504.6,2.6362e-07,2085.77,82350.2,2.53445e-07,2360.79,101560,-2.47407e-08,2672.05,124632,-3.80602e-07,3024.31,152018,-4.79005e-07,3422.98,184060,-1.14379e-07,3874.15,220884,2.64297e-07,4384.72,262283,3.44131e-07,4962.49,307576,7.5349e-08,5616.29,355497,-3.63097e-07,6356.1,404126,-6.05442e-07,7193.18,450932,-2.72333e-07,8140.28,492963,2.29675e-07,9211.79,527178,4.3387e-07,10424,550893,-1.0711e-07,10.102,8.06553,2.81012,10.6436,8.57909,0.869423,11.5336,10.2515,0.270869,12.7211,12.7138,0.0844293,14.1823,15.9373,0.0263173,15.9122,20.0383,0.0082035,17.9198,25.2154,0.00255722,20.2244,31.7373,0.000797017,22.8539,39.9486,0.000248622,25.8438,50.2851,7.75492e-05,29.237,63.2963,2.42508e-05,33.0837,79.6738,7.67162e-06,37.4415,100.288,2.32837e-06,42.3767,126.236,7.33e-07,47.9646,158.896,2.79256e-07,54.2906,200.003,9.87351e-09,61.452,251.741,1.61085e-07,69.5585,316.859,-2.47141e-07,78.7347,398.812,8.93552e-08,89.1218,501.948,-2.53231e-07,100.879,631.736,-1.25047e-07,114.188,795.049,-1.78808e-07,129.252,1000.53,2.6733e-07,146.304,1259.03,4.50292e-07,165.605,1584.19,6.76904e-07,187.452,1993.12,-1.23808e-07,212.181,2507.27,-4.89068e-07,240.173,3153.54,-5.40284e-07,271.856,3965.56,1.86061e-07,307.719,4985.38,4.37004e-07,348.313,6265.4,3.59828e-07,394.26,7870.83,3.98192e-07,446.268,9882.51,-1.92908e-07,505.135,12400.3,-2.20392e-07,571.766,15546.9,1.51705e-07,647.184,19472.2,5.74996e-07,732.547,24357.4,5.39112e-07,829.167,30420,5.07815e-09,938.526,37916.3,-4.11492e-07,1062.3,47143.9,-3.9561e-07,1202.4,58439.2,3.86185e-08,1360.96,72169.3,5.94093e-07,1540.42,88715.8,7.47693e-07,1743.53,108445,1.78537e-07,1973.41,131665,-4.12549e-07,2233.57,158557,-5.37164e-07,2528,189103,-1.17615e-07,2861.2,222986,5.66769e-07,3238.27,259510,9.45053e-07,3664.97,297540,4.25093e-07,4147.81,335497,-3.58506e-07,4694.17,371444,-6.7724e-07,5312.37,403256,1.67192e-07,1.61744,3.89446,9.84394,3.28846,7.5504,12.774,5.07607,11.7187,13.6844,7.03202,16.8147,13.9681,9.20215,23.1769,14.0566,11.6301,31.1672,14.0841,14.3598,41.2186,14.0927,17.4376,53.8688,14.0954,20.9137,69.7915,14.0962,24.8432,89.8341,14.0965,29.2879,115.063,14.0966,34.3168,146.819,14.0966,40.0078,186.792,14.0966,46.4487,237.107,14.0966,53.7388,300.44,14.0966,61.9903,380.158,14.0966,71.3301,480.499,14.0966,81.902,606.796,14.0966,93.8685,765.761,14.0966,107.414,965.837,14.0966,122.746,1217.65,14.0966,140.101,1534.57,14.0966,159.745,1933.41,14.0966,181.981,2435.3,14.0966,207.15,3066.85,14.0966,235.64,3861.46,14.0966,267.889,4861.11,14.0966,304.391,6118.54,14.0966,345.709,7699.91,14.0966,392.478,9688.22,14.0966,445.417,12187.5,14.0966,505.339,15327.7,14.0966,573.165,19271.6,14.0966,649.938,24222,14.0966,736.839,30430.9,14.0966,835.202,38211.5,14.0966,946.539,47950.3,14.0966,1072.56,60122.8,14.0966,1215.21,75309.9,14.0966,1376.66,94216.2,14.0966,1559.41,117688,14.0966,1766.26,146729,14.0966,2000.39,182510,14.0966,2265.39,226372,14.0966,2565.33,279806,14.0966,2904.81,344416,14.0966,3289.05,421845,14.0966,3723.93,513667,14.0966,4216.13,621231,14.0966,4773.18,745478,14.0966,5403.64,886744,14.0966,6117.15,1.04457e+06,14.0966,6924.63,1.2176e+06,14.0966,11.7194,11.96,12.6541,13.9321,16.1295,13.6434,16.6097,21.9702,13.9553,19.7532,29.5285,14.0526,23.3844,39.1143,14.0829,27.5423,51.2054,14.0923,32.2796,66.434,14.0953,37.662,85.6061,14.0962,43.7675,109.74,14.0965,50.687,140.119,14.0966,58.5249,178.359,14.0966,67.4005,226.493,14.0966,77.4493,287.08,14.0966,88.8254,363.343,14.0966,101.703,459.336,14.0966,116.281,580.161,14.0966,132.782,732.241,14.0966,151.46,923.655,14.0966,172.603,1164.57,14.0966,196.535,1467.79,14.0966,223.625,1849.39,14.0966,254.288,2329.62,14.0966,288.997,2933.93,14.0966,328.285,3694.33,14.0966,372.755,4651.04,14.0966,423.092,5854.57,14.0966,480.07,7368.38,14.0966,544.564,9272.08,14.0966,617.566,11665.5,14.0966,700.197,14673.6,14.0966,793.729,18452.9,14.0966,899.599,23198.6,14.0966,1019.43,29154.1,14.0966,1155.07,36622.3,14.0966,1308.6,45977.9,14.0966,1482.39,57683.7,14.0966,1679.09,72307.8,14.0966,1901.73,90542.8,14.0966,2153.73,113226,14.0966,2438.97,141360,14.0966,2761.81,176127,14.0966,3127.22,218898,14.0966,3540.81,271226,14.0966,4008.92,334817,14.0966,4538.74,411470,14.0966,5138.38,502973,14.0966,5817.04,610948,14.0966,6585.12,736653,14.0966,7454.39,880741,14.0966,8438.15,1.04302e+06,14.0966,9551.45,1.22224e+06,14.0966,10811.3,1.41602e+06,14.0966,12237,1.62086e+06,14.0966,11.7194,11.96,12.6541,2.21263,4.16949,0.989383,2.67766,5.84076,0.311842,3.14343,7.55825,0.0972771,3.63127,9.58578,0.0303237,4.15787,12.0912,0.00945211,4.73731,15.2286,0.00294633,5.38238,19.1721,0.000918508,6.10553,24.134,0.000286163,6.91951,30.3791,8.92692e-05,7.83792,38.2397,2.78121e-05,8.87555,48.1338,8.65134e-06,10.0489,60.5876,2.7882e-06,11.3761,76.2629,8.29036e-07,12.8779,95.9927,2.4373e-07,14.5775,120.825,4.33068e-09,16.5012,152.08,1.75749e-07,18.6784,191.415,-1.86328e-07,21.1428,240.917,1.91829e-07,23.9322,303.213,-1.81475e-07,27.0895,381.602,7.0186e-08,30.6634,480.231,-2.86769e-08,34.7087,604.316,2.40784e-07,39.2876,760.401,9.87368e-08,44.4705,956.705,1.22263e-07,50.3371,1203.54,-4.31966e-07,56.9776,1513.81,-1.9705e-07,64.494,1903.69,-2.763e-08,73.0018,2393.4,3.9185e-07,82.6317,3008.13,1.35379e-07,93.5318,3779.25,-4.16351e-08,105.869,4745.7,2.06965e-08,119.834,5955.6,-3.18887e-07,135.641,7468.12,-1.48271e-08,153.531,9355.62,2.00739e-07,173.781,11705.8,2.28358e-07,196.701,14624.1,-1.93587e-08,222.642,18235,-2.88101e-07,252.003,22683.4,-2.24732e-07,285.234,28134,8.56806e-09,322.845,34767,2.34258e-07,365.413,42770.9,2.99668e-07,413.588,52327.9,8.28644e-08,468.111,63591.2,-3.07049e-07,529.814,76653.2,-3.1888e-07,599.642,91502.5,-6.72276e-08,678.662,107975,2.26339e-07,768.083,125705,3.69212e-07,869.267,144088,2.04077e-07,983.76,162277,-2.80509e-07,1113.3,179223,-4.22737e-07,1259.87,193777,-1.71951e-07,1425.68,204839,4.55555e-07,11.7194,11.96,12.6541,2.21263,4.16949,0.989383,2.67766,5.84076,0.311842,3.14343,7.55825,0.0972771,3.63127,9.58578,0.0303237,4.15787,12.0912,0.00945211,4.73731,15.2286,0.00294633,5.38238,19.1721,0.000918508,6.10553,24.134,0.000286163,6.91951,30.3791,8.92692e-05,7.83792,38.2397,2.78121e-05,8.87555,48.1338,8.65134e-06,10.0489,60.5876,2.7882e-06,11.3761,76.2629,8.29036e-07,12.8779,95.9927,2.4373e-07,14.5775,120.825,1e-08,16.5012,152.08,1.75749e-07,18.6784,191.415,1e-08,21.1428,240.917,1.91829e-07,23.9322,303.213,1e-08,27.0895,381.602,7.0186e-08,30.6634,480.231,1e-08,34.7087,604.316,2.40784e-07,39.2876,760.401,9.87368e-08,44.4705,956.705,1.22263e-07,50.3371,1203.54,1e-08,56.9776,1513.81,1e-08,64.494,1903.69,1e-08,73.0018,2393.4,3.9185e-07,82.6317,3008.13,1.35379e-07,93.5318,3779.25,1e-08,105.869,4745.7,2.06965e-08,119.834,5955.6,1e-08,135.641,7468.12,1e-08,153.531,9355.62,2.00739e-07,173.781,11705.8,2.28358e-07,196.701,14624.1,1e-08,222.642,18235,1e-08,252.003,22683.4,1e-08,285.234,28134,1e-08,322.845,34767,2.34258e-07,365.413,42770.9,2.99668e-07,413.588,52327.9,8.28644e-08,468.111,63591.2,1e-08,529.814,76653.2,1e-08,599.642,91502.5,1e-08,678.662,107975,2.26339e-07,768.083,125705,3.69212e-07,869.267,144088,2.04077e-07,983.76,162277,1e-08,1113.3,179223,1e-08,1259.87,193777,1e-08,1425.68,204839,4.55555e-07,6.2823,3.27286,2.43537,0.219672,6.18826,2.24117,0.56371,6.87772,2.63624,0.308279,20,20,10,1,4,0,0,6,0,3,7,0,4,5,0,6,4,0,8,7,0,3,19,0,10,24,0,9,18,0,3,27,0,3,43,0,15,53,0,21,97,0,8,62,0,16,103,0,22,181,0,35,159,0,26,131,0,17,378,0,37,254,0,16,305,0,70,753,0,43,556,0,33,1207,0,60,510,0,25,2580,0,68,2278,0,185,2361,0,61,3692,0,40,3825,0,170,3740,0,54,1574,0,140,7754,0,202,12008,0,322,5356,0,179,8631,0,172,10518,0,200,23516,0,306,23016,0,79,42656,0,480,60294,0,368,43997,0,454,36683,0,698,43135,0,451,48015,0,1155,225474,0,560,69208,0,1465,137737,0,870,193706,0,1220,543354,0,1386,147895,0,1719,126916,0
-1.05176e+08,1,8.88811e-15,10,1023,0,1.05176e+08,0.528882,1.08665,0.389689,0.145397,0.379329,3.24381,0.161596,0.446195,1.77396,0.159177,1.15e+07,4.49998e+06,6.79999e+06,1.15e+07,4.49997e+06,6.79999e+06,1.15e+07,4.49996e+06,6.79999e+06,1.15e+07,4.49995e+06,6.79999e+06,1.14999e+07,4.49993e+06,6.79999e+06,1.14999e+07,4.49991e+06,6.79999e+06,1.14999e+07,4.49989e+06,6.79999e+06,1.14999e+07,4.49986e+06,6.79999e+06,1.14999e+07,4.49982e+06,6.79999e+06,1.14999e+07,4.49977e+06,6.79999e+06,1.14999e+07,4.49971e+06,6.79999e+06,1.14999e+07,4.49963e+06,6.79999e+06,1.14998e+07,4.49953e+06,6.79999e+06,1.14998e+07,4.49941e+06,6.79999e+06,1.14998e+07,4.49926e+06,6.79999e+06,1.14998e+07,4.49906e+06,6.79999e+06,1.14997e+07,4.49882e+06,6.79999e+06,1.14997e+07,4.49851e+06,6.79999e+06,1.14997e+07,4.49812e+06,6.79999e+06,1.14996e+07,4.49764e+06,6.79999e+06,1.14996e+07,4.49702e+06,6.79999e+06,1.14995e+07,4.49625e+06,6.79999e+06,1.14995e+07,4.49528e+06,6.79999e+06,1.14994e+07,4.49406e+06,6.79999e+06,1.14993e+07,4.49253e+06,6.79999e+06,1.14992e+07,4.49059e+06,6.79999e+06,1.14991e+07,4.48817e+06,6.79999e+06,1.1499e+07,4.48511e+06,6.79999e+06,1.14988e+07,4.48128e+06,6.79999e+06,1.14987e+07,4.47646e+06,6.79999e+06,1.14985e+07,4.47041e+06,6.79999e+06,1.14983e+07,4.46281e+06,6.79999e+06,1.14981e+07,4.4533e+06,6.79999e+06,1.14979e+07,4.44138e+06,6.79999e+06,1.14976e+07,4.42649e+06,6.79999e+06,1.14972e+07,4.40789e+06,6.79999e+06,1.14969e+07,4.38471e+06,6.79999e+06,1.14965e+07,4.35592e+06,6.79999e+06,1.1496e+07,4.32027e+06,6.79999e+06,1.14955e+07,4.27629e+06,6.79999e+06,1.14949e+07,4.22231e+06,6.79999e+06,1.14942e+07,4.15647e+06,6.79999e+06,1.14934e+07,4.07676e+06,6.79999e+06,1.14926e+07,3.98112e+06,6.79999e+06,1.14916e+07,3.86765e+06,6.79999e+06,1.14905e+07,3.73474e+06,6.79999e+06,1.14892e+07,3.58148e+06,6.79999e+06,1.14878e+07,3.40785e+06,6.79999e+06,1.14862e+07,3.21513e+06,6.79999e+06,1.14844e+07,3.00605e+06,6.79999e+06,1.14823e+07,2.7848e+06,6.79999e+06,1.148e+07,2.5568e+06,6.79999e+06,1.14773e+07,2.32825e+06,6.79999e+06,13.5742,8.52444,0.508366,16.8306,13.2585,0.162638,20.0035,17.569,0.0507846,23.2616,22.4214,0.0158319,26.7328,28.3297,0.00493498,30.5212,35.6974,0.00153831,34.7178,44.9473,0.000479527,39.4086,56.5822,0.000149456,44.6796,71.2245,4.66214e-05,50.6209,89.6543,1.45419e-05,57.3297,112.852,4.54748e-06,64.9129,142.051,1.43857e-06,73.4897,178.803,4.36618e-07,83.1934,225.062,1.40153e-07,94.1745,283.286,4.96378e-08,106.602,356.568,1.05434e-07,120.669,448.799,-6.49244e-08,136.59,564.873,1.70148e-07,154.611,710.948,-5.34594e-08,175.008,894.767,1.63407e-07,198.097,1126.06,8.04804e-08,224.231,1417.07,1.14667e-07,253.813,1783.15,-1.71227e-07,287.297,2243.62,-2.88466e-07,325.198,2822.67,-4.33651e-07,368.098,3550.67,7.9318e-08,416.657,4465.65,3.13319e-07,471.621,5615.16,3.4613e-07,533.835,7058.61,-1.19199e-07,604.255,8870.02,-2.79964e-07,683.962,11141.4,-2.30521e-07,774.182,13986.7,-2.55099e-07,876.299,17546.4,1.23585e-07,991.883,21993.1,1.41192e-07,1122.71,27536.7,-9.71886e-08,1270.78,34430.7,-3.68368e-07,1438.38,42977.7,-3.45379e-07,1628.07,53532.7,-3.25328e-09,1842.77,66504.6,2.6362e-07,2085.77,82350.2,2.53445e-07,2360.79,101560,-2.47407e-08,2672.05,124632,-3.80602e-07,3024.31,152018,-4.79005e-07,3422.98,184060,-1.14379e-07,3874.15,220884,2.64297e-07,4384.72,262283,3.44131e-07,4962.49,307576,7.5349e-08,5616.29,355497,-3.63097e-07,6356.1,404126,-6.05442e-07,7193.18,450932,-2.72333e-07,8140.28,492963,2.29675e-07,9211.79,527178,4.3387e-07,10424,550893,-1.0711e-07,10.102,8.06553,2.81012,10.6436,8.57909,0.869423,11.5336,10.2515,0.270869,12.7211,12.7138,0.0844293,14.1823,15.9373,0.0263173,15.9122,20.0383,0.0082035,17.9198,25.2154,0.00255722,20.2244,31.7373,0.000797017,22.8539,39.9486,0.000248622,25.8438,50.2851,7.75492e-05,29.237,63.2963,2.42508e-05,33.0837,79.6738,7.67162e-06,37.4415,100.288,2.32837e-06,42.3767,126.236,7.33e-07,47.9646,158.896,2.79256e-07,54.2906,200.003,9.87351e-09,61.452,251.741,1.61085e-07,69.5585,316.859,-2.47141e-07,78.7347,398.812,8.93552e-08,89.1218,501.948,-2.53231e-07,100.879,631.736,-1.25047e-07,114.188,795.049,-1.78808e-07,129.252,1000.53,2.6733e-07,146.304,1259.03,4.50292e-07,165.605,1584.19,6.76904e-07,187.452,1993.12,-1.23808e-07,212.181,2507.27,-4.89068e-07,240.173,3153.54,-5.40284e-07,271.856,3965.56,1.86061e-07,307.719,4985.38,4.37004e-07,348.313,6265.4,3.59828e-07,394.26,7870.83,3.98192e-07,446.268,9882.51,-1.92908e-07,505.135,12400.3,-2.20392e-07,571.766,15546.9,1.51705e-07,647.184,19472.2,5.74996e-07,732.547,24357.4,5.39112e-07,829.167,30420,5.07815e-09,938.526,37916.3,-4.11492e-07,1062.3,47143.9,-3.9561e-07,1202.4,58439.2,3.86185e-08,1360.96,72169.3,5.94093e-07,1540.42,88715.8,7.47693e-07,1743.53,108445,1.78537e-07,1973.41,131665,-4.12549e-07,2233.57,158557,-5.37164e-07,2528,189103,-1.17615e-07,2861.2,222986,5.66769e-07,3238.27,259510,9.45053e-07,3664.97,297540,4.25093e-07,4147.81,335497,-3.58506e-07,4694.17,371444,-6.7724e-07,5312.37,403256,1.67192e-07,1.61744,3.89446,9.84394,3.28846,7.5504,12.774,5.07607,11.7187,13.6844,7.03202,16.8147,13.9681,9.20215,23.1769,14.0566,11.6301,31.1672,14.0841,14.3598,41.2186,14.0927,17.4376,53.8688,14.0954,20.9137,69.7915,14.0962,24.8432,89.8341,14.0965,29.2879,115.063,14.0966,34.3168,146.819,14.0966,40.0078,186.792,14.0966,46.4487,237.107,14.0966,53.7388,300.44,14.0966,61.9903,380.158,14.0966,71.3301,480.499,14.0966,81.902,606.796,14.0966,93.8685,765.761,14.0966,107.414,965.837,14.0966,122.746,1217.65,14.0966,140.101,1534.57,14.0966,159.745,1933.41,14.0966,181.981,2435.3,14.0966,207.15,3066.85,14.0966,235.64,3861.46,14.0966,267.889,4861.11,14.0966,304.391,6118.54,14.0966,345.709,7699.91,14.0966,392.478,9688.22,14.0966,445.417,12187.5,14.0966,505.339,15327.7,14.0966,573.165,19271.6,14.0966,649.938,24222,14.0966,736.839,30430.9,14.0966,835.202,38211.5,14.0966,946.539,47950.3,14.0966,1072.56,60122.8,14.0966,1215.21,75309.9,14.0966,1376.66,94216.2,14.0966,1559.41,117688,14.0966,1766.26,146729,14.0966,2000.39,182510,14.0966,2265.39,226372,14.0966,2565.33,279806,14.0966,2904.81,344416,14.0966,3289.05,421845,14.0966,3723.93,513667,14.0966,4216.13,621231,14.0966,4773.18,745478,14.0966,5403.64,886744,14.0966,6117.15,1.04457e+06,14.0966,6924.63,1.2176e+06,14.0966,11.7194,11.96,12.6541,13.9321,16.1295,13.6434,16.6097,21.9702,13.9553,19.7532,29.5285,14.0526,23.3844,39.1143,14.0829,27.5423,51.2054,14.0923,32.2796,66.434,14.0953,37.662,85.6061,14.0962,43.7675,109.74,14.0965,50.687,140.119,14.0966,58.5249,178.359,14.0966,67.4005,226.493,14.0966,77.4493,287.08,14.0966,88.8254,363.343,14.0966,101.703,459.336,14.0966,116.281,580.161,14.0966,132.782,732.241,14.0966,151.46,923.655,14.0966,172.603,1164.57,14.0966,196.535,1467.79,14.0966,223.625,1849.39,14.0966,254.288,2329.62,14.0966,288.997,2933.93,14.0966,328.285,3694.33,14.0966,372.755,4651.04,14.0966,423.092,5854.57,14.0966,480.07,7368.38,14.0966,544.564,9272.08,14.0966,617.566,11665.5,14.0966,700.197,14673.6,14.0966,793.729,18452.9,14.0966,899.599,23198.6,14.0966,1019.43,29154.1,14.0966,1155.07,36622.3,14.0966,1308.6,45977.9,14.0966,1482.39,57683.7,14.0966,1679.09,72307.8,14.0966,1901.73,90542.8,14.0966,2153.73,113226,14.0966,2438.97,141360,14.0966,2761.81,176127,14.0966,3127.22,218898,14.0966,3540.81,271226,14.0966,4008.92,334817,14.0966,4538.74,411470,14.0966,5138.38,502973,14.0966,5817.04,610948,14.0966,6585.12,736653,14.0966,7454.39,880741,14.0966,8438.15,1.04302e+06,14.0966,9551.45,1.22224e+06,14.0966,10811.3,1.41602e+06,14.0966,12237,1.62086e+06,14.0966,11.7194,11.96,12.6541,2.21263,4.16949,0.989383,2.67766,5.84076,0.311842,3.14343,7.55825,0.0972771,3.63127,9.58578,0.0303237,4.15787,12.0912,0.00945211,4.73731,15.2286,0.00294633,5.38238,19.1721,0.000918508,6.10553,24.134,0.000286163,6.91951,30.3791,8.92692e-05,7.83792,38.2397,2.78121e-05,8.87555,48.1338,8.65134e-06,10.0489,60.5876,2.7882e-06,11.3761,76.2629,8.29036e-07,12.8779,95.9927,2.4373e-07,14.5775,120.825,4.33068e-09,16.5012,152.08,1.75749e-07,18.6784,191.415,-1.86328e-07,21.1428,240.917,1.91829e-07,23.9322,303.213,-1.81475e-07,27.0895,381.602,7.0186e-08,30.6634,480.231,-2.86769e-08,34.7087,604.316,2.40784e-07,39.2876,760.401,9.87368e-08,44.4705,956.705,1.22263e-07,50.3371,1203.54,-4.31966e-07,56.9776,1513.81,-1.9705e-07,64.494,1903.69,-2.763e-08,73.0018,2393.4,3.9185e-07,82.6317,3008.13,1.35379e-07,93.5318,3779.25,-4.16351e-08,105.869,4745.7,2.06965e-08,119.834,5955.6,-3.18887e-07,135.641,7468.12,-1.48271e-08,153.531,9355.62,2.00739e-07,173.781,11705.8,2.28358e-07,196.701,14624.1,-1.93587e-08,222.642,18235,-2.88101e-07,252.003,22683.4,-2.24732e-07,285.234,28134,8.56806e-09,322.845,34767,2.34258e-07,365.413,42770.9,2.99668e-07,413.588,52327.9,8.28644e-08,468.111,63591.2,-3.07049e-07,529.814,76653.2,-3.1888e-07,599.642,91502.5,-6.72276e-08,678.662,107975,2.26339e-07,768.083,125705,3.69212e-07,869.267,144088,2.04077e-07,983.76,162277,-2.80509e-07,1113.3,179223,-4.22737e-07,1259.87,193777,-1.71951e-07,1425.68,204839,4.55555e-07,11.7194,11.96,12.6541,2.21263,4.16949,0.989383,2.67766,5.84076,0.311842,3.14343,7.55825,0.0972771,3.63127,9.58578,0.0303237,4.15787,12.0912,0.00945211,4.73731,15.2286,0.00294633,5.38238,19.1721,0.000918508,6.10553,24.134,0.000286163,6.91951,30.3791,8.92692e-05,7.83792,38.2397,2.78121e-05,8.87555,48.1338,8.65134e-06,10.0489,60.5876,2.7882e-06,11.3761,76.2629,8.29036e-07,12.8779,95.9927,2.4373e-07,14.5775,120.825,1e-08,16.5012,152.08,1.75749e-07,18.6784,191.415,1e-08,21.1428,240.917,1.91829e-07,23.9322,303.213,1e-08,27.0895,381.602,7.0186e-08,30.6634,480.231,1e-08,34.7087,604.316,2.40784e-07,39.2876,760.401,9.87368e-08,44.4705,956.705,1.22263e-07,50.3371,1203.54,1e-08,56.9776,1513.81,1e-08,64.494,1903.69,1e-08,73.0018,2393.4,3.9185e-07,82.6317,3008.13,1.35379e-07,93.5318,3779.25,1e-08,105.869,4745.7,2.06965e-08,119.834,5955.6,1e-08,135.641,7468.12,1e-08,153.531,9355.62,2.00739e-07,173.781,11705.8,2.28358e-07,196.701,14624.1,1e-08,222.642,18235,1e-08,252.003,22683.4,1e-08,285.234,28134,1e-08,322.845,34767,2.34258e-07,365.413,42770.9,2.99668e-07,413.588,52327.9,8.28644e-08,468.111,63591.2,1e-08,529.814,76653.2,1e-08,599.642,91502.5,1e-08,678.662,107975,2.26339e-07,768.083,125705,3.69212e-07,869.267,144088,2.04077e-07,983.76,162277,1e-08,1113.3,179223,1e-08,1259.87,193777,1e-08,1425.68,204839,4.55555e-07,6.2823,3.27286,2.43537,0.219672,6.18826,2.24117,0.56371,6.87772,2.63624,0.308279,11,18,7,2,6,0,3,7,1,2,11,0,9,9,0,7,19,0,7,16,0,8,20,0,7,12,0,3,13,0,9,39,0,10,53,0,5,78,0,17,133,0,25,114,0,6,122,0,17,109,0,27,152,0,25,323,0,28,394,0,34,488,0,21,248,0,44,501,0,33,836,0,45,940,0,76,966,0,67,1283,0,72,2343,0,115,2891,0,50,3085,0,135,5656,0,90,9382,0,121,5189,0,173,3620,0,242,6802,0,75,17878,0,169,8059,0,271,25399,0,235,19552,0,362,24237,0,358,34320,0,330,30935,0,342,76834,0,209,79047,0,434,50876,0,405,122574,0,514,200222,0,811,136725,0,1508,180804,0,722,203385,0,1878,100989,0,1063,167736,0,1674,124458,0
-1.05176e+08,1,8.88811e-15,10,1023,0,1.05176e+08,0.528882,1.08665,0.389689,0.145397,0.379329,3.24381,0.161596,0.446195,1.77396,0.159177,1.15e+07,4.49998e+06,6.79999e+06,1.15e+07,4.49997e+06,6.79999e+06,1.15e+07,4.49996e+06,6.79999e+06,1.15e+07,4.49995e+06,6.79999e+06,1.14999e+07,4.49993e+06,6.79999e+06,1.14999e+07,4.49991e+06,6.79999e+06,1.14999e+07,4.49989e+06,6.79999e+06,1.14999e+07,4.49986e+06,6.79999e+06,1.14999e+07,4.49982e+06,6.79999e+06,1.14999e+07,4.49977e+06,6.79999e+06,1.14999e+07,4.49971e+06,6.79999e+06,1.14999e+07,4.49963e+06,6.79999e+06,1.14998e+07,4.49953e+06,6.79999e+06,1.14998e+07,4.49941e+06,6.79999e+06,1.14998e+07,4.49926e+06,6.79999e+06,1.14998e+07,4.49906e+06,6.79999e+06,1.14997e+07,4.49882e+06,6.79999e+06,1.14997e+07,4.49851e+06,6.79999e+06,1.14997e+07,4.49812e+06,6.79999e+06,1.14996e+07,4.49764e+06,6.79999e+06,1.14996e+07,4.49702e+06,6.79999e+06,1.14995e+07,4.49625e+06,6.79999e+06,1.14995e+07,4.49528e+06,6.79999e+06,1.14994e+07,4.49406e+06,6.79999e+06,1.14993e+07,4.49253e+06,6.79999e+06,1.14992e+07,4.49059e+06,6.79999e+06,1.14991e+07,4.48817e+06,6.79999e+06,1.1499e+07,4.48511e+06,6.79999e+06,1.14988e+07,4.48128e+06,6.79999e+06,1.14987e+07,4.47646e+06,6.79999e+06,1.14985e+07,4.47041e+06,6.79999e+06,1.14983e+07,4.46281e+06,6.79999e+06,1.14981e+07,4.4533e+06,6.79999e+06,1.14979e+07,4.44138e+06,6.79999e+06,1.14976e+07,4.42649e+06,6.79999e+06,1.14972e+07,4.40789e+06,6.79999e+06,1.14969e+07,4.38471e+06,6.79999e+06,1.14965e+07,4.35592e+06,6.79999e+06,1.1496e+07,4.32027e+06,6.79999e+06,1.14955e+07,4.27629e+06,6.79999e+06,1.14949e+07,4.22231e+06,6.79999e+06,1.14942e+07,4.15647e+06,6.79999e+06,1.14934e+07,4.07676e+06,6.79999e+06,1.14926e+07,3.98112e+06,6.79999e+06,1.14916e+07,3.86765e+06,6.79999e+06,1.14905e+07,3.73474e+06,6.79999e+06,1.14892e+07,3.58148e+06,6.79999e+06,1.14878e+07,3.40785e+06,6.79999e+06,1.14862e+07,3.21513e+06,6.79999e+06,1.14844e+07,3.00605e+06,6.79999e+06,1.14823e+07,2.7848e+06,6.79999e+06,1.148e+07,2.5568e+06,6.79999e+06,1.14773e+07,2.32825e+06,6.79999e+06,13.5742,8.52444,0.508366,16.8306,13.2585,0.162638,20.0035,17.569,0.0507846,23.2616,22.4214,0.0158319,26.7328,28.3297,0.00493498,30.5212,35.6974,0.00153831,34.7178,44.9473,0.000479527,39.4086,56.5822,0.000149456,44.6796,71.2245,4.66214e-05,50.6209,89.6543,1.45419e-05,57.3297,112.852,4.54748e-06,64.9129,142.051,1.43857e-06,73.4897,178.803,4.36618e-07,83.1934,225.062,1.40153e-07,94.1745,283.286,4.96378e-08,106.602,356.568,1.05434e-07,120.669,448.799,-6.49244e-08,136.59,564.873,1.70148e-07,154.611,710.948,-5.34594e-08,175.008,894.767,1.63407e-07,198.097,1126.06,8.04804e-08,224.231,1417.07,1.14667e-07,253.813,1783.15,-1.71227e-07,287.297,2243.62,-2.88466e-07,325.198,2822.67,-4.33651e-07,368.098,3550.67,7.9318e-08,416.657,4465.65,3.13319e-07,471.621,5615.16,3.4613e-07,533.835,7058.61,-1.19199e-07,604.255,8870.02,-2.79964e-07,683.962,11141.4,-2.30521e-07,774.182,13986.7,-2.55099e-07,876.299,17546.4,1.23585e-07,991.883,21993.1,1.41192e-07,1122.71,27536.7,-9.71886e-08,1270.78,34430.7,-3.68368e-07,1438.38,42977.7,-3.45379e-07,1628.07,53532.7,-3.25328e-09,1842.77,66504.6,2.6362e-07,2085.77,82350.2,2.53445e-07,2360.79,101560,-2.47407e-08,2672.05,124632,-3.80602e-07,3024.31,152018,-4.79005e-07,3422.98,184060,-1.14379e-07,3874.15,220884,2.64297e-07,4384.72,262283,3.44131e-07,4962.49,307576,7.5349e-08,5616.29,355497,-3.63097e-07,6356.1,404126,-6.05442e-07,7193.18,450932,-2.72333e-07,8140.28,492963,2.29675e-07,9211.79,527178,4.3387e-07,10424,550893,-1.0711e-07,10.102,8.06553,2.81012,10.6436,8.57909,0.869423,11.5336,10.2515,0.270869,12.7211,12.7138,0.0844293,14.1823,15.9373,0.0263173,15.9122,20.0383,0.0082035,17.9198,25.2154,0.00255722,20.2244,31.7373,0.000797017,22.8539,39.9486,0.000248622,25.8438,50.2851,7.75492e-05,29.237,63.2963,2.42508e-05,33.0837,79.6738,7.67162e-06,37.4415,100.288,2.32837e-06,42.3767,126.236,7.33e-07,47.9646,158.896,2.79256e-07,54.2906,200.003,9.87351e-09,61.452,251.741,1.61085e-07,69.5585,316.859,-2.47141e-07,78.7347,398.812,8.93552e-08,89.1218,501.948,-2.53231e-07,100.879,631.736,-1.25047e-07,114.188,795.049,-1.78808e-07,129.252,1000.53,2.6733e-07,146.304,1259.03,4.50292e-07,165.605,1584.19,6.76904e-07,187.452,1993.12,-1.23808e-07,212.181,2507.27,-4.89068e-07,240.173,3153.54,-5.40284e-07,271.856,3965.56,1.86061e-07,307.719,4985.38,4.37004e-07,348.313,6265.4,3.59828e-07,394.26,7870.83,3.98192e-07,446.268,9882.51,-1.92908e-07,505.135,12400.3,-2.20392e-07,571.766,15546.9,1.51705e-07,647.184,19472.2,5.74996e-07,732.547,24357.4,5.39112e-07,829.167,30420,5.07815e-09,938.526,37916.3,-4.11492e-07,1062.3,47143.9,-3.9561e-07,1202.4,58439.2,3.86185e-08,1360.96,72169.3,5.94093e-07,1540.42,88715.8,7.47693e-07,1743.53,108445,1.78537e-07,1973.41,131665,-4.12549e-07,2233.57,158557,-5.37164e-07,2528,189103,-1.17615e-07,2861.2,222986,5.66769e-07,3238.27,259510,9.45053e-07,3664.97,297540,4.25093e-07,4147.81,335497,-3.58506e-07,4694.17,371444,-6.7724e-07,5312.37,403256,1.67192e-07,1.61744,3.89446,9.84394,3.28846,7.5504,12.774,5.07607,11.7187,13.6844,7.03202,16.8147,13.9681,9.20215,23.1769,14.0566,11.6301,31.1672,14.0841,14.3598,41.2186,14.0927,17.4376,53.8688,14.0954,20.9137,69.7915,14.0962,24.8432,89.8341,14.0965,29.2879,115.063,14.0966,34.3168,146.819,14.0966,40.0078,186.792,14.0966,46.4487,237.107,14.0966,53.7388,300.44,14.0966,61.9903,380.158,14.0966,71.3301,480.499,14.0966,81.902,606.796,14.0966,93.8685,765.761,14.0966,107.414,965.837,14.0966,122.746,1217.65,14.0966,140.101,1534.57,14.0966,159.745,1933.41,14.0966,181.981,2435.3,14.0966,207.15,3066.85,14.0966,235.64,3861.46,14.0966,267.889,4861.11,14.0966,304.391,6118.54,14.0966,345.709,7699.91,14.0966,392.478,9688.22,14.0966,445.417,12187.5,14.0966,505.339,15327.7,14.0966,573.165,19271.6,14.0966,649.938,24222,14.0966,736.839,30430.9,14.0966,835.202,38211.5,14.0966,946.539,47950.3,14.0966,1072.56,60122.8,14.0966,1215.21,75309.9,14.0966,1376.66,94216.2,14.0966,1559.41,117688,14.0966,1766.26,146729,14.0966,2000.39,182510,14.0966,2265.39,226372,14.0966,2565.33,279806,14.0966,2904.81,344416,14.0966,3289.05,421845,14.0966,3723.93,513667,14.0966,4216.13,621231,14.0966,4773.18,745478,14.0966,5403.64,886744,14.0966,6117.15,1.04457e+06,14.0966,6924.63,1.2176e+06,14.0966,11.7194,11.96,12.6541,13.9321,16.1295,13.6434,16.6097,21.9702,13.9553,19.7532,29.5285,14.0526,23.3844,39.1143,14.0829,27.5423,51.2054,14.0923,32.2796,66.434,14.0953,37.662,85.6061,14.0962,43.7675,109.74,14.0965,50.687,140.119,14.0966,58.5249,178.359,14.0966,67.4005,226.493,14.0966,77.4493,287.08,14.0966,88.8254,363.343,14.0966,101.703,459.336,14.0966,116.281,580.161,14.0966,132.782,732.241,14.0966,151.46,923.655,14.0966,172.603,1164.57,14.0966,196.535,1467.79,14.0966,223.625,1849.39,14.0966,254.288,2329.62,14.0966,288.997,2933.93,14.0966,328.285,3694.33,14.0966,372.755,4651.04,14.0966,423.092,5854.57,14.0966,480.07,7368.38,14.0966,544.564,9272.08,14.0966,617.566,11665.5,14.0966,700.197,14673.6,14.0966,793.729,18452.9,14.0966,899.599,23198.6,14.0966,1019.43,29154.1,14.0966,1155.07,36622.3,14.0966,1308.6,45977.9,14.0966,1482.39,57683.7,14.0966,1679.09,72307.8,14.0966,1901.73,90542.8,14.0966,2153.73,113226,14.0966,2438.97,141360,14.0966,2761.81,176127,14.0966,3127.22,218898,14.0966,3540.81,271226,14.0966,4008.92,334817,14.0966,4538.74,411470,14.0966,5138.38,502973,14.0966,5817.04,610948,14.0966,6585.12,736653,14.0966,7454.39,880741,14.0966,8438.15,1.04302e+06,14.0966,9551.45,1.22224e+06,14.0966,10811.3,1.41602e+06,14.0966,12237,1.62086e+06,14.0966,11.7194,11.96,12.6541,2.21263,4.16949,0.989383,2.67766,5.84076,0.311842,3.14343,7.55825,0.0972771,3.63127,9.58578,0.0303237,4.15787,12.0912,0.00945211,4.73731,15.2286,0.00294633,5.38238,19.1721,0.000918508,6.10553,24.134,0.000286163,6.91951,30.3791,8.92692e-05,7.83792,38.2397,2.78121e-05,8.87555,48.1338,8.65134e-06,10.0489,60.5876,2.7882e-06,11.3761,76.2629,8.29036e-07,12.8779,95.9927,2.4373e-07,14.5775,120.825,4.33068e-09,16.5012,152.08,1.75749e-07,18.6784,191.415,-1.86328e-07,21.1428,240.917,1.91829e-07,23.9322,303.213,-1.81475e-07,27.0895,381.602,7.0186e-08,30.6634,480.231,-2.86769e-08,34.7087,604.316,2.40784e-07,39.2876,760.401,9.87368e-08,44.4705,956.705,1.22263e-07,50.3371,1203.54,-4.31966e-07,56.9776,1513.81,-1.9705e-07,64.494,1903.69,-2.763e-08,73.0018,2393.4,3.9185e-07,82.6317,3008.13,1.35379e-07,93.5318,3779.25,-4.16351e-08,105.869,4745.7,2.06965e-08,119.834,5955.6,-3.18887e-07,135.641,7468.12,-1.48271e-08,153.531,9355.62,2.00739e-07,173.781,11705.8,2.28358e-07,196.701,14624.1,-1.93587e-08,222.642,18235,-2.88101e-07,252.003,22683.4,-2.24732e-07,285.234,28134,8.56806e-09,322.845,34767,2.34258e-07,365.413,42770.9,2.99668e-07,413.588,52327.9,8.28644e-08,468.111,63591.2,-3.07049e-07,529.814,76653.2,-3.1888e-07,599.642,91502.5,-6.72276e-08,678.662,107975,2.26339e-07,768.083,125705,3.69212e-07,869.267,144088,2.04077e-07,983.76,162277,-2.80509e-07,1113.3,179223,-4.22737e-07,1259.87,193777,-1.71951e-07,1425.68,204839,4.55555e-07,11.7194,11.96,12.6541,2.21263,4.16949,0.989383,2.67766,5.84076,0.311842,3.14343,7.55825,0.0972771,3.63127,9.58578,0.0303237,4.15787,12.0912,0.00945211,4.73731,15.2286,0.00294633,5.38238,19.1721,0.000918508,6.10553,24.134,0.000286163,6.91951,30.3791,8.92692e-05,7.83792,38.2397,2.78121e-05,8.87555,48.1338,8.65134e-06,10.0489,60.5876,2.7882e-06,11.3761,76.2629,8.29036e-07,12.8779,95.9927,2.4373e-07,14.5775,120.825,1e-08,16.5012,152.08,1.75749e-07,18.6784,191.415,1e-08,21.1428,240.917,1.91829e-07,23.9322,303.213,1e-08,27.0895,381.602,7.0186e-08,30.6634,480.231,1e-08,34.7087,604.316,2.40784e-07,39.2876,760.401,9.87368e-08,44.4705,956.705,1.22263e-07,50.3371,1203.54,1e-08,56.9776,1513.81,1e-08,64.494,1903.69,1e-08,73.0018,2393.4,3.9185e-07,82.6317,3008.13,1.35379e-07,93.5318,3779.25,1e-08,105.869,4745.7,2.06965e-08,119.834,5955.6,1e-08,135.641,7468.12,1e-08,153.531,9355.62,2.00739e-07,173.781,11705.8,2.28358e-07,196.701,14624.1,1e-08,222.642,18235,1e-08,252.003,22683.4,1e-08,285.234,28134,1e-08,322.845,34767,2.34258e-07,365.413,42770.9,2.99668e-07,413.588,52327.9,8.28644e-08,468.111,63591.2,1e-08,529.814,76653.2,1e-08,599.642,91502.5,1e-08,678.662,107975,2.26339e-07,768.083,125705,3.69212e-07,869.267,144088,2.04077e-07,983.76,162277,1e-08,1113.3,179223,1e-08,1259.87,193777,1e-08,1425.68,204839,4.55555e-07,6.2823,3.27286,2.43537,0.219672,6.18826,2.24117,0.56371,6.87772,2.63624,0.308279,14,8,4,2,1,1,1,1,1,1,3,0,5,7,0,2,12,0,4,10,0,3,13,0,1,21,0,6,41,0,6,23,0,11,30,0,9,30,0,9,90,0,8,73,0,10,65,0,35,128,0,3,245,0,21,254,0,16,413,0,3,167,0,68,1340,0,26,916,0,33,1640,0,51,1577,0,37,1013,0,66,1817,0,74,1865,0,57,1794,0,51,2425,0,66,3300,0,136,5297,0,77,5980,0,109,11850,0,165,7783,0,80,34013,0,378,7072,0,388,21865,0,244,17540,0,217,19077,0,553,40121,0,151,43597,0,253,100584,0,594,33367,0,604,141185,0,374,125212,0,702,145802,0,922,141268,0,1102,280039,0,604,324933,0,958,138934,0,1159,253198,0,2478,104791,0
-1.05176e+08,1,8.88811e-15,10,1023,0,1.05176e+08,0.528882,1.08665,0.389689,0.145397,0.379329,3.24381,0.161596,0.446195,1.77396,0.159177,1.15e+07,4.49998e+06,6.79999e+06,1.15e+07,4.49997e+06,6.79999e+06,1.15e+07,4.49996e+06,6.79999e+06,1.15e+07,4.49995e+06,6.79999e+06,1.14999e+07,4.49993e+06,6.79999e+06,1.14999e+07,4.49991e+06,6.79999e+06,1.14999e+07,4.49989e+06,6.79999e+06,1.14999e+07,4.49986e+06,6.79999e+06,1.14999e+07,4.49982e+06,6.79999e+06,1.14999e+07,4.49977e+06,6.79999e+06,1.14999e+07,4.49971e+06,6.79999e+06,1.14999e+07,4.49963e+06,6.79999e+06,1.14998e+07,4.49953e+06,6.79999e+06,1.14998e+07,4.49941e+06,6.79999e+06,1.14998e+07,4.49926e+06,6.79999e+06,1.14998e+07,4.49906e+06,6.79999e+06,1.14997e+07,4.49882e+06,6.79999e+06,1.14997e+07,4.49851e+06,6.79999e+06,1.14997e+07,4.49812e+06,6.79999e+06,1.14996e+07,4.49764e+06,6.79999e+06,1.14996e+07,4.49702e+06,6.79999e+06,1.14995e+07,4.49625e+06,6.79999e+06,1.14995e+07,4.49528e+06,6.79999e+06,1.14994e+07,4.49406e+06,6.79999e+06,1.14993e+07,4.49253e+06,6.79999e+06,1.14992e+07,4.49059e+06,6.79999e+06,1.14991e+07,4.48817e+06,6.79999e+06,1.1499e+07,4.48511e+06,6.79999e+06,1.14988e+07,4.48128e+06,6.79999e+06,1.14987e+07,4.47646e+06,6.79999e+06,1.14985e+07,4.47041e+06,6.79999e+06,1.14983e+07,4.46281e+06,6.79999e+06,1.14981e+07,4.4533e+06,6.79999e+06,1.14979e+07,4.44138e+06,6.79999e+06,1.14976e+07,4.42649e+06,6.79999e+06,1.14972e+07,4.40789e+06,6.79999e+06,1.14969e+07,4.38471e+06,6.79999e+06,1.14965e+07,4.35592e+06,6.79999e+06,1.1496e+07,4.32027e+06,6.79999e+06,1.14955e+07,4.27629e+06,6.79999e+06,1.14949e+07,4.22231e+06,6.79999e+06,1.14942e+07,4.15647e+06,6.79999e+06,1.14934e+07,4.07676e+06,6.79999e+06,1.14926e+07,3.98112e+06,6.79999e+06,1.14916e+07,3.86765e+06,6.79999e+06,1.14905e+07,3.73474e+06,6.79999e+06,1.14892e+07,3.58148e+06,6.79999e+06,1.14878e+07,3.40785e+06,6.79999e+06,1.14862e+07,3.21513e+06,6.79999e+06,1.14844e+07,3.00605e+06,6.79999e+06,1.14823e+07,2.7848e+06,6.79999e+06,1.148e+07,2.5568e+06,6.79999e+06,1.14773e+07,2.32825e+06,6.79999e+06,13.5742,8.52444,0.508366,16.8306,13.2585,0.162638,20.0035,17.569,0.0507846,23.2616,22.4214,0.0158319,26.7328,28.3297,0.00493498,30.5212,35.6974,0.00153831,34.7178,44.9473,0.000479527,39.4086,56.5822,0.000149456,44.6796,71.2245,4.66214e-05,50.6209,89.6543,1.45419e-05,57.3297,112.852,4.54748e-06,64.9129,142.051,1.43857e-06,73.4897,178.803,4.36618e-07,83.1934,225.062,1.40153e-07,94.1745,283.286,4.96378e-08,106.602,356.568,1.05434e-07,120.669,448.799,-6.49244e-08,136.59,564.873,1.70148e-07,154.611,710.948,-5.34594e-08,175.008,894.767,1.63407e-07,198.097,1126.06,8.04804e-08,224.231,1417.07,1.14667e-07,253.813,1783.15,-1.71227e-07,287.297,2243.62,-2.88466e-07,325.198,2822.67,-4.33651e-07,368.098,3550.67,7.9318e-08,416.657,4465.65,3.13319e-07,471.621,5615.16,3.4613e-07,533.835,7058.61,-1.19199e-07,604.255,8870.02,-2.79964e-07,683.962,11141.4,-2.30521e-07,774.182,13986.7,-2.55099e-07,876.299,17546.4,1.23585e-07,991.883,21993.1,1.41192e-07,1122.71,27536.7,-9.71886e-08,1270.78,34430.7,-3.68368e-07,1438.38,42977.7,-3.45379e-07,1628.07,53532.7,-3.25328e-09,1842.77,66504.6,2.6362e-07,2085.77,82350.2,2.53445e-07,2360.79,101560,-2.47407e-08,2672.05,124632,-3.80602e-07,3024.31,152018,-4.79005e-07,3422.98,184060,-1.14379e-07,3874.15,220884,2.64297e-07,4384.72,262283,3.44131e-07,4962.49,307576,7.5349e-08,5616.29,355497,-3.63097e-07,6356.1,404126,-6.05442e-07,7193.18,450932,-2.72333e-07,8140.28,492963,2.29675e-07,9211.79,527178,4.3387e-07,10424,550893,-1.0711e-07,10.102,8.06553,2.81012,10.6436,8.57909,0.869423,11.5336,10.2515,0.270869,12.7211,12.7138,0.0844293,14.1823,15.9373,0.0263173,15.9122,20.0383,0.0082035,17.9198,25.2154,0.00255722,20.2244,31.7373,0.000797017,22.8539,39.9486,0.000248622,25.8438,50.2851,7.75492e-05,29.237,63.2963,2.42508e-05,33.0837,79.6738,7.67162e-06,37.4415,100.288,2.32837e-06,42.3767,126.236,7.33e-07,47.9646,158.896,2.79256e-07,54.2906,200.003,9.87351e-09,61.452,251.741,1.61085e-07,69.5585,316.859,-2.47141e-07,78.7347,398.812,8.93552e-08,89.1218,501.948,-2.53231e-07,100.879,631.736,-1.25047e-07,114.188,795.049,-1.78808e-07,129.252,1000.53,2.6733e-07,146.304,1259.03,4.50292e-07,165.605,1584.19,6.76904e-07,187.452,1993.12,-1.23808e-07,212.181,2507.27,-4.89068e-07,240.173,3153.54,-5.40284e-07,271.856,3965.56,1.86061e-07,307.719,4985.38,4.37004e-07,348.313,6265.4,3.59828e-07,394.26,7870.83,3.98192e-07,446.268,9882.51,-1.92908e-07,505.135,12400.3,-2.20392e-07,571.766,15546.9,1.51705e-07,647.184,19472.2,5.74996e-07,732.547,24357.4,5.39112e-07,829.167,30420,5.07815e-09,938.526,37916.3,-4.11492e-07,1062.3,47143.9,-3.9561e-07,1202.4,58439.2,3.86185e-08,1360.96,72169.3,5.94093e-07,1540.42,88715.8,7.47693e-07,1743.53,108445,1.78537e-07,1973.41,131665,-4.12549e-07,2233.57,158557,-5.37164e-07,2528,189103,-1.17615e-07,2861.2,222986,5.66769e-07,3238.27,259510,9.45053e-07,3664.97,297540,4.25093e-07,4147.81,335497,-3.58506e-07,4694.17,371444,-6.7724e-07,5312.37,403256,1.67192e-07,1.61744,3.89446,9.84394,3.28846,7.5504,12.774,5.07607,11.7187,13.6844,7.03202,16.8147,13.9681,9.20215,23.1769,14.0566,11.6301,31.1672,14.0841,14.3598,41.2186,14.0927,17.4376,53.8688,14.0954,20.9137,69.7915,14.0962,24.8432,89.8341,14.0965,29.2879,115.063,14.0966,34.3168,146.819,14.0966,40.0078,186.792,14.0966,46.4487,237.107,14.0966,53.7388,300.44,14.0966,61.9903,380.158,14.0966,71.3301,480.499,14.0966,81.902,606.796,14.0966,93.8685,765.761,14.0966,107.414,965.837,14.0966,122.746,1217.65,14.0966,140.101,1534.57,14.0966,159.745,1933.41,14.0966,181.981,2435.3,14.0966,207.15,3066.85,14.0966,235.64,3861.46,14.0966,267.889,4861.11,14.0966,304.391,6118.54,14.0966,345.709,7699.91,14.0966,392.478,9688.22,14.0966,445.417,12187.5,14.0966,505.339,15327.7,14.0966,573.165,19271.6,14.0966,649.938,24222,14.0966,736.839,30430.9,14.0966,835.202,38211.5,14.0966,946.539,47950.3,14.0966,1072.56,60122.8,14.0966,1215.21,75309.9,14.0966,1376.66,94216.2,14.0966,1559.41,117688,14.0966,1766.26,146729,14.0966,2000.39,182510,14.0966,2265.39,226372,14.0966,2565.33,279806,14.0966,2904.81,344416,14.0966,3289.05,421845,14.0966,3723.93,513667,14.0966,4216.13,621231,14.0966,4773.18,745478,14.0966,5403.64,886744,14.0966,6117.15,1.04457e+06,14.0966,6924.63,1.2176e+06,14.0966,11.7194,11.96,12.6541,13.9321,16.1295,13.6434,16.6097,21.9702,13.9553,19.7532,29.5285,14.0526,23.3844,39.1143,14.0829,27.5423,51.2054,14.0923,32.2796,66.434,14.0953,37.662,85.6061,14.0962,43.7675,109.74,14.0965,50.687,140.119,14.0966,58.5249,178.359,14.0966,67.4005,226.493,14.0966,77.4493,287.08,14.0966,88.8254,363.343,14.0966,101.703,459.336,14.0966,116.281,580.161,14.0966,132.782,732.241,14.0966,151.46,923.655,14.0966,172.603,1164.57,14.0966,196.535,1467.79,14.0966,223.625,1849.39,14.0966,254.288,2329.62,14.0966,288.997,2933.93,14.0966,328.285,3694.33,14.0966,372.755,4651.04,14.0966,423.092,5854.57,14.0966,480.07,7368.38,14.0966,544.564,9272.08,14.0966,617.566,11665.5,14.0966,700.197,14673.6,14.0966,793.729,18452.9,14.0966,899.599,23198.6,14.0966,1019.43,29154.1,14.0966,1155.07,36622.3,14.0966,1308.6,45977.9,14.0966,1482.39,57683.7,14.0966,1679.09,72307.8,14.0966,1901.73,90542.8,14.0966,2153.73,113226,14.0966,2438.97,141360,14.0966,2761.81,176127,14.0966,3127.22,218898,14.0966,3540.81,271226,14.0966,4008.92,334817,14.0966,4538.74,411470,14.0966,5138.38,502973,14.0966,5817.04,610948,14.0966,6585.12,736653,14.0966,7454.39,880741,14.0966,8438.15,1.04302e+06,14.0966,9551.45,1.22224e+06,14.0966,10811.3,1.41602e+06,14.0966,12237,1.62086e+06,14.0966,11.7194,11.96,12.6541,2.21263,4.16949,0.989383,2.67766,5.84076,0.311842,3.14343,7.55825,0.0972771,3.63127,9.58578,0.0303237,4.15787,12.0912,0.00945211,4.73731,15.2286,0.00294633,5.38238,19.1721,0.000918508,6.10553,24.134,0.000286163,6.91951,30.3791,8.92692e-05,7.83792,38.2397,2.78121e-05,8.87555,48.1338,8.65134e-06,10.0489,60.5876,2.7882e-06,11.3761,76.2629,8.29036e-07,12.8779,95.9927,2.4373e-07,14.5775,120.825,4.33068e-09,16.5012,152.08,1.75749e-07,18.6784,191.415,-1.86328e-07,21.1428,240.917,1.91829e-07,23.9322,303.213,-1.81475e-07,27.0895,381.602,7.0186e-08,30.6634,480.231,-2.86769e-08,34.7087,604.316,2.40784e-07,39.2876,760.401,9.87368e-08,44.4705,956.705,1.22263e-07,50.3371,1203.54,-4.31966e-07,56.9776,1513.81,-1.9705e-07,64.494,1903.69,-2.763e-08,73.0018,2393.4,3.9185e-07,82.6317,3008.13,1.35379e-07,93.5318,3779.25,-4.16351e-08,105.869,4745.7,2.06965e-08,119.834,5955.6,-3.18887e-07,135.641,7468.12,-1.48271e-08,153.531,9355.62,2.00739e-07,173.781,11705.8,2.28358e-07,196.701,14624.1,-1.93587e-08,222.642,18235,-2.88101e-07,252.003,22683.4,-2.24732e-07,285.234,28134,8.56806e-09,322.845,34767,2.34258e-07,365.413,42770.9,2.99668e-07,413.588,52327.9,8.28644e-08,468.111,63591.2,-3.07049e-07,529.814,76653.2,-3.1888e-07,599.642,91502.5,-6.72276e-08,678.662,107975,2.26339e-07,768.083,125705,3.69212e-07,869.267,144088,2.04077e-07,983.76,162277,-2.80509e-07,1113.3,179223,-4.22737e-07,1259.87,193777,-1.71951e-07,1425.68,204839,4.55555e-07,11.7194,11.96,12.6541,2.21263,4.16949,0.989383,2.67766,5.84076,0.311842,3.14343,7.55825,0.0972771,3.63127,9.58578,0.0303237,4.15787,12.0912,0.00945211,4.73731,15.2286,0.00294633,5.38238,19.1721,0.000918508,6.10553,24.134,0.000286163,6.91951,30.3791,8.92692e-05,7.83792,38.2397,2.78121e-05,8.87555,48.1338,8.65134e-06,10.0489,60.5876,2.7882e-06,11.3761,76.2629,8.29036e-07,12.8779,95.9927,2.4373e-07,14.5775,120.825,1e-08,16.5012,152.08,1.75749e-07,18.6784,191.415,1e-08,21.1428,240.917,1.91829e-07,23.9322,303.213,1e-08,27.0895,381.602,7.0186e-08,30.6634,480.231,1e-08,34.7087,604.316,2.40784e-07,39.2876,760.401,9.87368e-08,44.4705,956.705,1.22263e-07,50.3371,1203.54,1e-08,56.9776,1513.81,1e-08,64.494,1903.69,1e-08,73.0018,2393.4,3.9185e-07,82.6317,3008.13,1.35379e-07,93.5318,3779.25,1e-08,105.869,4745.7,2.06965e-08,119.834,5955.6,1e-08,135.641,7468.12,1e-08,153.531,9355.62,2.00739e-07,173.781,11705.8,2.28358e-07,196.701,14624.1,1e-08,222.642,18235,1e-08,252.003,22683.4,1e-08,285.234,28134,1e-08,322.845,34767,2.34258e-07,365.413,42770.9,2.99668e-07,413.588,52327.9,8.28644e-08,468.111,63591.2,1e-08,529.814,76653.2,1e-08,599.642,91502.5,1e-08,678.662,107975,2.26339e-07,768.083,125705,3.69212e-07,869.267,144088,2.04077e-07,983.76,162277,1e-08,1113.3,179223,1e-08,1259.87,193777,1e-08,1425.68,204839,4.55555e-07,6.2823,3.27286,2.43537,0.219672,6.18826,2.24117,0.56371,6.87772,2.63624,0.308279,6,18,15,1,5,2,5,7,0,3,7,0,5,15,0,2,5,0,3,19,0,4,12,0,7,14,0,10,15,0,5,19,0,6,17,0,13,38,0,8,53,0,19,93,0,16,197,0,13,84,0,19,251,0,37,243,0,24,299,0,25,294,0,24,553,0,30,691,0,26,714,0,30,490,0,35,774,0,19,807,0,34,2682,0,55,1923,0,67,2729,0,62,5767,0,91,5048,0,132,3845,0,139,5267,0,107,6759,0,190,8945,0,131,14385,0,205,8904,0,342,35190,0,172,26924,0,347,38066,0,241,34469,0,592,54875,0,285,86822,0,846,77314,0,996,137538,0,881,111882,0,549,135001,0,550,115190,0,539,93343,0,2121,114589,0,1888,96164,0,1187,120716,0
-1.05176e+08,1,8.88811e-15,10,1023,0,1.05176e+08,0.528882,1.08665,0.389689,0.145397,0.379329,3.24381,0.161596,0.446195,1.77396,0.159177,1.15e+07,4.49998e+06,6.79999e+06,1.15e+07,4.49997e+06,6.79999e+06,1.15e+07,4.49996e+06,6.79999e+06,1.15e+07,4.49995e+06,6.79999e+06,1.14999e+07,4.49993e+06,6.79999e+06,1.14999e+07,4.49991e+06,6.79999e+06,1.14999e+07,4.49989e+06,6.79999e+06,1.14999e+07,4.49986e+06,6.79999e+06,1.14999e+07,4.49982e+06,6.79999e+06,1.14999e+07,4.49977e+06,6.79999e+06,1.14999e+07,4.49971e+06,6.79999e+06,1.14999e+07,4.49963e+06,6.79999e+06,1.14998e+07,4.49953e+06,6.79999e+06,1.14998e+07,4.49941e+06,6.79999e+06,1.14998e+07,4.49926e+06,6.79999e+06,1.14998e+07,4.49906e+06,6.79999e+06,1.14997e+07,4.49882e+06,6.79999e+06,1.14997e+07,4.49851e+06,6.79999e+06,1.14997e+07,4.49812e+06,6.79999e+06,1.14996e+07,4.49764e+06,6.79999e+06,1.14996e+07,4.49702e+06,6.79999e+06,1.14995e+07,4.49625e+06,6.79999e+06,1.14995e+07,4.49528e+06,6.79999e+06,1.14994e+07,4.49406e+06,6.79999e+06,1.14993e+07,4.49253e+06,6.79999e+06,1.14992e+07,4.49059e+06,6.79999e+06,1.14991e+07,4.48817e+06,6.79999e+06,1.1499e+07,4.48511e+06,6.79999e+06,1.14988e+07,4.48128e+06,6.79999e+06,1.14987e+07,4.47646e+06,6.79999e+06,1.14985e+07,4.47041e+06,6.79999e+06,1.14983e+07,4.46281e+06,6.79999e+06,1.14981e+07,4.4533e+06,6.79999e+06,1.14979e+07,4.44138e+06,6.79999e+06,1.14976e+07,4.42649e+06,6.79999e+06,1.14972e+07,4.40789e+06,6.79999e+06,1.14969e+07,4.38471e+06,6.79999e+06,1.14965e+07,4.35592e+06,6.79999e+06,1.1496e+07,4.32027e+06,6.79999e+06,1.14955e+07,4.27629e+06,6.79999e+06,1.14949e+07,4.22231e+06,6.79999e+06,1.14942e+07,4.15647e+06,6.79999e+06,1.14934e+07,4.07676e+06,6.79999e+06,1.14926e+07,3.98112e+06,6.79999e+06,1.14916e+07,3.86765e+06,6.79999e+06,1.14905e+07,3.73474e+06,6.79999e+06,1.14892e+07,3.58148e+06,6.79999e+06,1.14878e+07,3.40785e+06,6.79999e+06,1.14862e+07,3.21513e+06,6.79999e+06,1.14844e+07,3.00605e+06,6.79999e+06,1.14823e+07,2.7848e+06,6.79999e+06,1.148e+07,2.5568e+06,6.79999e+06,1.14773e+07,2.32825e+06,6.79999e+06,13.5742,8.52444,0.508366,16.8306,13.2585,0.162638,20.0035,17.569,0.0507846,23.2616,22.4214,0.0158319,26.7328,28.3297,0.00493498,30.5212,35.6974,0.00153831,34.7178,44.9473,0.000479527,39.4086,56.5822,0.000149456,44.6796,71.2245,4.66214e-05,50.6209,89.6543,1.45419e-05,57.3297,112.852,4.54748e-06,64.9129,142.051,1.43857e-06,73.4897,178.803,4.36618e-07,83.1934,225.062,1.40153e-07,94.1745,283.286,4.96378e-08,106.602,356.568,1.05434e-07,120.669,448.799,-6.49244e-08,136.59,564.873,1.70148e-07,154.611,710.948,-5.34594e-08,175.008,894.767,1.63407e-07,198.097,1126.06,8.04804e-08,224.231,1417.07,1.14667e-07,253.813,1783.15,-1.71227e-07,287.297,2243.62,-2.88466e-07,325.198,2822.67,-4.33651e-07,368.098,3550.67,7.9318e-08,416.657,4465.65,3.13319e-07,471.621,5615.16,3.4613e-07,533.835,7058.61,-1.19199e-07,604.255,8870.02,-2.79964e-07,683.962,11141.4,-2.30521e-07,774.182,13986.7,-2.55099e-07,876.299,17546.4,1.23585e-07,991.883,21993.1,1.41192e-07,1122.71,27536.7,-9.71886e-08,1270.78,34430.7,-3.68368e-07,1438.38,42977.7,-3.45379e-07,1628.07,53532.7,-3.25328e-09,1842.77,66504.6,2.6362e-07,2085.77,82350.2,2.53445e-07,2360.79,101560,-2.47407e-08,2672.05,124632,-3.80602e-07,3024.31,152018,-4.79005e-07,3422.98,184060,-1.14379e-07,3874.15,220884,2.64297e-07,4384.72,262283,3.44131e-07,4962.49,307576,7.5349e-08,5616.29,355497,-3.63097e-07,6356.1,404126,-6.05442e-07,7193.18,450932,-2.72333e-07,8140.28,492963,2.29675e-07,9211.79,527178,4.3387e-07,10424,550893,-1.0711e-07,10.102,8.06553,2.81012,10.6436,8.57909,0.869423,11.5336,10.2515,0.270869,12.7211,12.7138,0.0844293,14.1823,15.9373,0.0263173,15.9122,20.0383,0.0082035,17.9198,25.2154,0.00255722,20.2244,31.7373,0.000797017,22.8539,39.9486,0.000248622,25.8438,50.2851,7.75492e-05,29.237,63.2963,2.42508e-05,33.0837,79.6738,7.67162e-06,37.4415,100.288,2.32837e-06,42.3767,126.236,7.33e-07,47.9646,158.896,2.79256e-07,54.2906,200.003,9.87351e-09,61.452,251.741,1.61085e-07,69.5585,316.859,-2.47141e-07,78.7347,398.812,8.93552e-08,89.1218,501.948,-2.53231e-07,100.879,631.736,-1.25047e-07,114.188,795.049,-1.78808e-07,129.252,1000.53,2.6733e-07,146.304,1259.03,4.50292e-07,165.605,1584.19,6.76904e-07,187.452,1993.12,-1.23808e-07,212.181,2507.27,-4.89068e-07,240.173,3153.54,-5.40284e-07,271.856,3965.56,1.86061e-07,307.719,4985.38,4.37004e-07,348.313,6265.4,3.59828e-07,394.26,7870.83,3.98192e-07,446.268,9882.51,-1.92908e-07,505.135,12400.3,-2.20392e-07,571.766,15546.9,1.51705e-07,647.184,19472.2,5.74996e-07,732.547,24357.4,5.39112e-07,829.167,30420,5.07815e-09,938.526,37916.3,-4.11492e-07,1062.3,47143.9,-3.9561e-07,1202.4,58439.2,3.86185e-08,1360.96,72169.3,5.94093e-07,1540.42,88715.8,7.47693e-07,1743.53,108445,1.78537e-07,1973.41,131665,-4.12549e-07,2233.57,158557,-5.37164e-07,2528,189103,-1.17615e-07,2861.2,222986,5.66769e-07,3238.27,259510,9.45053e-07,3664.97,297540,4.25093e-07,4147.81,335497,-3.58506e-07,4694.17,371444,-6.7724e-07,5312.37,403256,1.67192e-07,1.61744,3.89446,9.84394,3.28846,7.5504,12.774,5.07607,11.7187,13.6844,7.03202,16.8147,13.9681,9.20215,23.1769,14.0566,11.6301,31.1672,14.0841,14.3598,41.2186,14.0927,17.4376,53.8688,14.0954,20.9137,69.7915,14.0962,24.8432,89.8341,14.0965,29.2879,115.063,14.0966,34.3168,146.819,14.0966,40.0078,186.792,14.0966,46.4487,237.107,14.0966,53.7388,300.44,14.0966,61.9903,380.158,14.0966,71.3301,480.499,14.0966,81.902,606.796,14.0966,93.8685,765.761,14.0966,107.414,965.837,14.0966,122.746,1217.65,14.0966,140.101,1534.57,14.0966,159.745,1933.41,14.0966,181.981,2435.3,14.0966,207.15,3066.85,14.0966,235.64,3861.46,14.0966,267.889,4861.11,14.0966,304.391,6118.54,14.0966,345.709,7699.91,14.0966,392.478,9688.22,14.0966,445.417,12187.5,14.0966,505.339,15327.7,14.0966,573.165,19271.6,14.0966,649.938,24222,14.0966,736.839,30430.9,14.0966,835.202,38211.5,14.0966,946.539,47950.3,14.0966,1072.56,60122.8,14.0966,1215.21,75309.9,14.0966,1376.66,94216.2,14.0966,1559.41,117688,14.0966,1766.26,146729,14.0966,2000.39,182510,14.0966,2265.39,226372,14.0966,2565.33,279806,14.0966,2904.81,344416,14.0966,3289.05,421845,14.0966,3723.93,513667,14.0966,4216.13,621231,14.0966,4773.18,745478,14.0966,5403.64,886744,14.0966,6117.15,1.04457e+06,14.0966,6924.63,1.2176e+06,14.0966,11.7194,11.96,12.6541,13.9321,16.1295,13.6434,16.6097,21.9702,13.9553,19.7532,29.5285,14.0526,23.3844,39.1143,14.0829,27.5423,51.2054,14.0923,32.2796,66.434,14.0953,37.662,85.6061,14.0962,43.7675,109.74,14.0965,50.687,140.119,14.0966,58.5249,178.359,14.0966,67.4005,226.493,14.0966,77.4493,287.08,14.0966,88.8254,363.343,14.0966,101.703,459.336,14.0966,116.281,580.161,14.0966,132.782,732.241,14.0966,151.46,923.655,14.0966,172.603,1164.57,14.0966,196.535,1467.79,14.0966,223.625,1849.39,14.0966,254.288,2329.62,14.0966,288.997,2933.93,14.0966,328.285,3694.33,14.0966,372.755,4651.04,14.0966,423.092,5854.57,14.0966,480.07,7368.38,14.0966,544.564,9272.08,14.0966,617.566,11665.5,14.0966,700.197,14673.6,14.0966,793.729,18452.9,14.0966,899.599,23198.6,14.0966,1019.43,29154.1,14.0966,1155.07,36622.3,14.0966,1308.6,45977.9,14.0966,1482.39,57683.7,14.0966,1679.09,72307.8,14.0966,1901.73,90542.8,14.0966,2153.73,113226,14.0966,2438.97,141360,14.0966,2761.81,176127,14.0966,3127.22,218898,14.0966,3540.81,271226,14.0966,4008.92,334817,14.0966,4538.74,411470,14.0966,5138.38,502973,14.0966,5817.04,610948,14.0966,6585.12,736653,14.0966,7454.39,880741,14.0966,8438.15,1.04302e+06,14.0966,9551.45,1.22224e+06,14.0966,10811.3,1.41602e+06,14.0966,12237,1.62086e+06,14.0966,11.7194,11.96,12.6541,2.21263,4.16949,0.989383,2.67766,5.84076,0.311842,3.14343,7.55825,0.0972771,3.63127,9.58578,0.0303237,4.15787,12.0912,0.00945211,4.73731,15.2286,0.00294633,5.38238,19.1721,0.000918508,6.10553,24.134,0.000286163,6.91951,30.3791,8.92692e-05,7.83792,38.2397,2.78121e-05,8.87555,48.1338,8.65134e-06,10.0489,60.5876,2.7882e-06,11.3761,76.2629,8.29036e-07,12.8779,95.9927,2.4373e-07,14.5775,120.825,4.33068e-09,16.5012,152.08,1.75749e-07,18.6784,191.415,-1.86328e-07,21.1428,240.917,1.91829e-07,23.9322,303.213,-1.81475e-07,27.0895,381.602,7.0186e-08,30.6634,480.231,-2.86769e-08,34.7087,604.316,2.40784e-07,39.2876,760.401,9.87368e-08,44.4705,956.705,1.22263e-07,50.3371,1203.54,-4.31966e-07,56.9776,1513.81,-1.9705e-07,64.494,1903.69,-2.763e-08,73.0018,2393.4,3.9185e-07,82.6317,3008.13,1.35379e-07,93.5318,3779.25,-4.16351e-08,105.869,4745.7,2.06965e-08,119.834,5955.6,-3.18887e-07,135.641,7468.12,-1.48271e-08,153.531,9355.62,2.00739e-07,173.781,11705.8,2.28358e-07,196.701,14624.1,-1.93587e-08,222.642,18235,-2.88101e-07,252.003,22683.4,-2.24732e-07,285.234,28134,8.56806e-09,322.845,34767,2.34258e-07,365.413,42770.9,2.99668e-07,413.588,52327.9,8.28644e-08,468.111,63591.2,-3.07049e-07,529.814,76653.2,-3.1888e-07,599.642,91502.5,-6.72276e-08,678.662,107975,2.26339e-07,768.083,125705,3.69212e-07,869.267,144088,2.04077e-07,983.76,162277,-2.80509e-07,1113.3,179223,-4.22737e-07,1259.87,193777,-1.71951e-07,1425.68,204839,4.55555e-07,11.7194,11.96,12.6541,2.21263,4.16949,0.989383,2.67766,5.84076,0.311842,3.14343,7.55825,0.0972771,3.63127,9.58578,0.0303237,4.15787,12.0912,0.00945211,4.73731,15.2286,0.00294633,5.38238,19.1721,0.000918508,6.10553,24.134,0.000286163,6.91951,30.3791,8.92692e-05,7.83792,38.2397,2.78121e-05,8.87555,48.1338,8.65134e-06,10.0489,60.5876,2.7882e-06,11.3761,76.2629,8.29036e-07,12.8779,95.9927,2.4373e-07,14.5775,120.825,1e-08,16.5012,152.08,1.75749e-07,18.6784,191.415,1e-08,21.1428,240.917,1.91829e-07,23.9322,303.213,1e-08,27.0895,381.602,7.0186e-08,30.6634,480.231,1e-08,34.7087,604.316,2.40784e-07,39.2876,760.401,9.87368e-08,44.4705,956.705,1.22263e-07,50.3371,1203.54,1e-08,56.9776,1513.81,1e-08,64.494,1903.69,1e-08,73.0018,2393.4,3.9185e-07,82.6317,3008.13,1.35379e-07,93.5318,3779.25,1e-08,105.869,4745.7,2.06965e-08,119.834,5955.6,1e-08,135.641,7468.12,1e-08,153.531,9355.62,2.00739e-07,173.781,11705.8,2.28358e-07,196.701,14624.1,1e-08,222.642,18235,1e-08,252.003,22683.4,1e-08,285.234,28134,1e-08,322.845,34767,2.34258e-07,365.413,42770.9,2.99668e-07,413.588,52327.9,8.28644e-08,468.111,63591.2,1e-08,529.814,76653.2,1e-08,599.642,91502.5,1e-08,678.662,107975,2.26339e-07,768.083,125705,3.69212e-07,869.267,144088,2.04077e-07,983.76,162277,1e-08,1113.3,179223,1e-08,1259.87,193777,1e-08,1425.68,204839,4.55555e-07,6.2823,3.27286,2.43537,0.219672,6.18826,2.24117,0.56371,6.87772,2.63624,0.308279,15,14,21,3,5,4,2,5,0,3,3,0,4,12,0,8,3,0,4,22,0,4,21,0,9,32,0,4,20,0,13,55,0,0,28,0,10,37,0,21,76,0,14,91,0,10,56,0,33,86,0,15,266,0,39,255,0,13,168,0,36,357,0,7,381,0,19,439,0,38,549,0,59,1619,0,52,843,0,69,3314,0,42,1174,0,28,1815,0,42,652,0,132,1266,0,81,4819,0,234,3716,0,293,8023,0,158,10438,0,99,16213,0,141,16971,0,214,13603,0,83,19990,0,272,20634,0,199,16467,0,324,32677,0,284,68852,0,479,71301,0,716,103169,0,744,95078,0,428,154557,0,505,63725,0,1484,192270,0,1071,145917,0,944,187287,0,2021,249539,0,975,201713,0
-1.05176e+08,1,8.88811e-15,10,1023,0,1.05176e+08,0.528882,1.08665,0.389689,0.145397,0.379329,3.24381,0.161596,0.446195,1.77396,0.159177,1.15e+07,4.49998e+06,6.79999e+06,1.15e+07,4.49997e+06,6.79999e+06,1.15e+07,4.49996e+06,6.79999e+06,1.15e+07,4.49995e+06,6.79999e+06,1.14999e+07,4.49993e+06,6.79999e+06,1.14999e+07,4.49991e+06,6.79999e+06,1.14999e+07,4.49989e+06,6.79999e+06,1.14999e+07,4.49986e+06,6.79999e+06,1.14999e+07,4.49982e+06,6.79999e+06,1.14999e+07,4.49977e+06,6.79999e+06,1.14999e+07,4.49971e+06,6.79999e+06,1.14999e+07,4.49963e+06,6.79999e+06,1.14998e+07,4.49953e+06,6.79999e+06,1.14998e+07,4.49941e+06,6.79999e+06,1.14998e+07,4.49926e+06,6.79999e+06,1.14998e+07,4.49906e+06,6.79999e+06,1.14997e+07,4.49882e+06,6.79999e+06,1.14997e+07,4.49851e+06,6.79999e+06,1.14997e+07,4.49812e+06,6.79999e+06,1.14996e+07,4.49764e+06,6.79999e+06,1.14996e+07,4.49702e+06,6.79999e+06,1.14995e+07,4.49625e+06,6.79999e+06,1.14995e+07,4.49528e+06,6.79999e+06,1.14994e+07,4.49406e+06,6.79999e+06,1.14993e+07,4.49253e+06,6.79999e+06,1.14992e+07,4.49059e+06,6.79999e+06,1.14991e+07,4.48817e+06,6.79999e+06,1.1499e+07,4.48511e+06,6.79999e+06,1.14988e+07,4.48128e+06,6.79999e+06,1.14987e+07,4.47646e+06,6.79999e+06,1.14985e+07,4.47041e+06,6.79999e+06,1.14983e+07,4.46281e+06,6.79999e+06,1.14981e+07,4.4533e+06,6.79999e+06,1.14979e+07,4.44138e+06,6.79999e+06,1.14976e+07,4.42649e+06,6.79999e+06,1.14972e+07,4.40789e+06,6.79999e+06,1.14969e+07,4.38471e+06,6.79999e+06,1.14965e+07,4.35592e+06,6.79999e+06,1.1496e+07,4.32027e+06,6.79999e+06,1.14955e+07,4.27629e+06,6.79999e+06,1.14949e+07,4.22231e+06,6.79999e+06,1.14942e+07,4.15647e+06,6.79999e+06,1.14934e+07,4.07676e+06,6.79999e+06,1.14926e+07,3.98112e+06,6.79999e+06,1.14916e+07,3.86765e+06,6.79999e+06,1.14905e+07,3.73474e+06,6.79999e+06,1.14892e+07,3.58148e+06,6.79999e+06,1.14878e+07,3.40785e+06,6.79999e+06,1.14862e+07,3.21513e+06,6.79999e+06,1.14844e+07,3.00605e+06,6.79999e+06,1.14823e+07,2.7848e+06,6.79999e+06,1.148e+07,2.5568e+06,6.79999e+06,1.14773e+07,2.32825e+06,6.79999e+06,13.5742,8.52444,0.508366,16.8306,13.2585,0.162638,20.0035,17.569,0.0507846,23.2616,22.4214,0.0158319,26.7328,28.3297,0.00493498,30.5212,35.6974,0.00153831,34.7178,44.9473,0.000479527,39.4086,56.5822,0.000149456,44.6796,71.2245,4.66214e-05,50.6209,89.6543,1.45419e-05,57.3297,112.852,4.54748e-06,64.9129,142.051,1.43857e-06,73.4897,178.803,4.36618e-07,83.1934,225.062,1.40153e-07,94.1745,283.286,4.96378e-08,106.602,356.568,1.05434e-07,120.669,448.799,-6.49244e-08,136.59,564.873,1.70148e-07,154.611,710.948,-5.34594e-08,175.008,894.767,1.63407e-07,198.097,1126.06,8.04804e-08,224.231,1417.07,1.14667e-07,253.813,1783.15,-1.71227e-07,287.297,2243.62,-2.88466e-07,325.198,2822.67,-4.33651e-07,368.098,3550.67,7.9318e-08,416.657,4465.65,3.13319e-07,471.621,5615.16,3.4613e-07,533.835,7058.61,-1.19199e-07,604.255,8870.02,-2.79964e-07,683.962,11141.4,-2.30521e-07,774.182,13986.7,-2.55099e-07,876.299,17546.4,1.23585e-07,991.883,21993.1,1.41192e-07,1122.71,27536.7,-9.71886e-08,1270.78,34430.7,-3.68368e-07,1438.38,42977.7,-3.45379e-07,1628.07,53532.7,-3.25328e-09,1842.77,66504.6,2.6362e-07,2085.77,82350.2,2.53445e-07,2360.79,101560,-2.47407e-08,2672.05,124632,-3.80602e-07,3024.31,152018,-4.79005e-07,3422.98,184060,-1.14379e-07,3874.15,220884,2.64297e-07,4384.72,262283,3.44131e-07,4962.49,307576,7.5349e-08,5616.29,355497,-3.63097e-07,6356.1,404126,-6.05442e-07,7193.18,450932,-2.72333e-07,8140.28,492963,2.29675e-07,9211.79,527178,4.3387e-07,10424,550893,-1.0711e-07,10.102,8.06553,2.81012,10.6436,8.57909,0.869423,11.5336,10.2515,0.270869,12.7211,12.7138,0.0844293,14.1823,15.9373,0.0263173,15.9122,20.0383,0.0082035,17.9198,25.2154,0.00255722,20.2244,31.7373,0.000797017,22.8539,39.9486,0.000248622,25.8438,50.2851,7.75492e-05,29.237,63.2963,2.42508e-05,33.0837,79.6738,7.67162e-06,37.4415,100.288,2.32837e-06,42.3767,126.236,7.33e-07,47.9646,158.896,2.79256e-07,54.2906,200.003,9.87351e-09,61.452,251.741,1.61085e-07,69.5585,316.859,-2.47141e-07,78.7347,398.812,8.93552e-08,89.1218,501.948,-2.53231e-07,100.879,631.736,-1.25047e-07,114.188,795.049,-1.78808e-07,129.252,1000.53,2.6733e-07,146.304,1259.03,4.50292e-07,165.605,1584.19,6.76904e-07,187.452,1993.12,-1.23808e-07,212.181,2507.27,-4.89068e-07,240.173,3153.54,-5.40284e-07,271.856,3965.56,1.86061e-07,307.719,4985.38,4.37004e-07,348.313,6265.4,3.59828e-07,394.26,7870.83,3.98192e-07,446.268,9882.51,-1.92908e-07,505.135,12400.3,-2.20392e-07,571.766,15546.9,1.51705e-07,647.184,19472.2,5.74996e-07,732.547,24357.4,5.39112e-07,829.167,30420,5.07815e-09,938.526,37916.3,-4.11492e-07,1062.3,47143.9,-3.9561e-07,1202.4,58439.2,3.86185e-08,1360.96,72169.3,5.94093e-07,1540.42,88715.8,7.47693e-07,1743.53,108445,1.78537e-07,1973.41,131665,-4.12549e-07,2233.57,158557,-5.37164e-07,2528,189103,-1.17615e-07,2861.2,222986,5.66769e-07,3238.27,259510,9.45053e-07,3664.97,297540,4.25093e-07,4147.81,335497,-3.58506e-07,4694.17,371444,-6.7724e-07,5312.37,403256,1.67192e-07,1.61744,3.89446,9.84394,3.28846,7.5504,12.774,5.07607,11.7187,13.6844,7.03202,16.8147,13.9681,9.20215,23.1769,14.0566,11.6301,31.1672,14.0841,14.3598,41.2186,14.0927,17.4376,53.8688,14.0954,20.9137,69.7915,14.0962,24.8432,89.8341,14.0965,29.2879,115.063,14.0966,34.3168,146.819,14.0966,40.0078,186.792,14.0966,46.4487,237.107,14.0966,53.7388,300.44,14.0966,61.9903,380.158,14.0966,71.3301,480.499,14.0966,81.902,606.796,14.0966,93.8685,765.761,14.0966,107.414,965.837,14.0966,122.746,1217.65,14.0966,140.101,1534.57,14.0966,159.745,1933.41,14.0966,181.981,2435.3,14.0966,207.15,3066.85,14.0966,235.64,3861.46,14.0966,267.889,4861.11,14.0966,304.391,6118.54,14.0966,345.709,7699.91,14.0966,392.478,9688.22,14.0966,445.417,12187.5,14.0966,505.339,15327.7,14.0966,573.165,19271.6,14.0966,649.938,24222,14.0966,736.839,30430.9,14.0966,835.202,38211.5,14.0966,946.539,47950.3,14.0966,1072.56,60122.8,14.0966,1215.21,75309.9,14.0966,1376.66,94216.2,14.0966,1559.41,117688,14.0966,1766.26,146729,14.0966,2000.39,182510,14.0966,2265.39,226372,14.0966,2565.33,279806,14.0966,2904.81,344416,14.0966,3289.05,421845,14.0966,3723.93,513667,14.0966,4216.13,621231,14.0966,4773.18,745478,14.0966,5403.64,886744,14.0966,6117.15,1.04457e+06,14.0966,6924.63,1.2176e+06,14.0966,11.7194,11.96,12.6541,13.9321,16.1295,13.6434,16.6097,21.9702,13.9553,19.7532,29.5285,14.0526,23.3844,39.1143,14.0829,27.5423,51.2054,14.0923,32.2796,66.434,14.0953,37.662,85.6061,14.0962,43.7675,109.74,14.0965,50.687,140.119,14.0966,58.5249,178.359,14.0966,67.4005,226.493,14.0966,77.4493,287.08,14.0966,88.8254,363.343,14.0966,101.703,459.336,14.0966,116.281,580.161,14.0966,132.782,732.241,14.0966,151.46,923.655,14.0966,172.603,1164.57,14.0966,196.535,1467.79,14.0966,223.625,1849.39,14.0966,254.288,2329.62,14.0966,288.997,2933.93,14.0966,328.285,3694.33,14.0966,372.755,4651.04,14.0966,423.092,5854.57,14.0966,480.07,7368.38,14.0966,544.564,9272.08,14.0966,617.566,11665.5,14.0966,700.197,14673.6,14.0966,793.729,18452.9,14.0966,899.599,23198.6,14.0966,1019.43,29154.1,14.0966,1155.07,36622.3,14.0966,1308.6,45977.9,14.0966,1482.39,57683.7,14.0966,1679.09,72307.8,14.0966,1901.73,90542.8,14.0966,2153.73,113226,14.0966,2438.97,141360,14.0966,2761.81,176127,14.0966,3127.22,218898,14.0966,3540.81,271226,14.0966,4008.92,334817,14.0966,4538.74,411470,14.0966,5138.38,502973,14.0966,5817.04,610948,14.0966,6585.12,736653,14.0966,7454.39,880741,14.0966,8438.15,1.04302e+06,14.0966,9551.45,1.22224e+06,14.0966,10811.3,1.41602e+06,14.0966,12237,1.62086e+06,14.0966,11.7194,11.96,12.6541,2.21263,4.16949,0.989383,2.67766,5.84076,0.311842,3.14343,7.55825,0.0972771,3.63127,9.58578,0.0303237,4.15787,12.0912,0.00945211,4.73731,15.2286,0.00294633,5.38238,19.1721,0.000918508,6.10553,24.134,0.000286163,6.91951,30.3791,8.92692e-05,7.83792,38.2397,2.78121e-05,8.87555,48.1338,8.65134e-06,10.0489,60.5876,2.7882e-06,11.3761,76.2629,8.29036e-07,12.8779,95.9927,2.4373e-07,14.5775,120.825,4.33068e-09,16.5012,152.08,1.75749e-07,18.6784,191.415,-1.86328e-07,21.1428,240.917,1.91829e-07,23.9322,303.213,-1.81475e-07,27.0895,381.602,7.0186e-08,30.6634,480.231,-2.86769e-08,34.7087,604.316,2.40784e-07,39.2876,760.401,9.87368e-08,44.4705,956.705,1.22263e-07,50.3371,1203.54,-4.31966e-07,56.9776,1513.81,-1.9705e-07,64.494,1903.69,-2.763e-08,73.0018,2393.4,3.9185e-07,82.6317,3008.13,1.35379e-07,93.5318,3779.25,-4.16351e-08,105.869,4745.7,2.06965e-08,119.834,5955.6,-3.18887e-07,135.641,7468.12,-1.48271e-08,153.531,9355.62,2.00739e-07,173.781,11705.8,2.28358e-07,196.701,14624.1,-1.93587e-08,222.642,18235,-2.88101e-07,252.003,22683.4,-2.24732e-07,285.234,28134,8.56806e-09,322.845,34767,2.34258e-07,365.413,42770.9,2.99668e-07,413.588,52327.9,8.28644e-08,468.111,63591.2,-3.07049e-07,529.814,76653.2,-3.1888e-07,599.642,91502.5,-6.72276e-08,678.662,107975,2.26339e-07,768.083,125705,3.69212e-07,869.267,144088,2.04077e-07,983.76,162277,-2.80509e-07,1113.3,179223,-4.22737e-07,1259.87,193777,-1.71951e-07,1425.68,204839,4.55555e-07,11.7194,11.96,12.6541,2.21263,4.16949,0.989383,2.67766,5.84076,0.311842,3.14343,7.55825,0.0972771,3.63127,9.58578,0.0303237,4.15787,12.0912,0.00945211,4.73731,15.2286,0.00294633,5.38238,19.1721,0.000918508,6.10553,24.134,0.000286163,6.91951,30.3791,8.92692e-05,7.83792,38.2397,2.78121e-05,8.87555,48.1338,8.65134e-06,10.0489,60.5876,2.7882e-06,11.3761,76.2629,8.29036e-07,12.8779,95.9927,2.4373e-07,14.5775,120.825,1e-08,16.5012,152.08,1.75749e-07,18.6784,191.415,1e-08,21.1428,240.917,1.91829e-07,23.9322,303.213,1e-08,27.0895,381.602,7.0186e-08,30.6634,480.231,1e-08,34.7087,604.316,2.40784e-07,39.2876,760.401,9.87368e-08,44.4705,956.705,1.22263e-07,50.3371,1203.54,1e-08,56.9776,1513.81,1e-08,64.494,1903.69,1e-08,73.0018,2393.4,3.9185e-07,82.6317,3008.13,1.35379e-07,93.5318,3779.25,1e-08,105.869,4745.7,2.06965e-08,119.834,5955.6,1e-08,135.641,7468.12,1e-08,153.531,9355.62,2.00739e-07,173.781,11705.8,2.28358e-07,196.701,14624.1,1e-08,222.642,18235,1e-08,252.003,22683.4,1e-08,285.234,28134,1e-08,322.845,34767,2.34258e-07,365.413,42770.9,2.99668e-07,413.588,52327.9,8.28644e-08,468.111,63591.2,1e-08,529.814,76653.2,1e-08,599.642,91502.5,1e-08,678.662,107975,2.26339e-07,768.083,125705,3.69212e-07,869.267,144088,2.04077e-07,983.76,162277,1e-08,1113.3,179223,1e-08,1259.87,193777,1e-08,1425.68,204839,4.55555e-07,6.2823,3.27286,2.43537,0.219672,6.18826,2.24117,0.56371,6.87772,2.63624,0.308279,5,9,5,3,4,3,3,4,0,3,7,0,7,9,0,1,4,0,1,17,0,6,26,0,9,28,0,4,16,0,4,8,0,10,25,0,6,68,0,8,140,0,18,154,0,14,160,0,19,250,0,12,134,0,24,239,0,26,155,0,52,160,0,30,573,0,18,965,0,40,1109,0,31,509,0,53,464,0,57,1622,0,62,1180,0,33,2369,0,75,1930,0,35,1651,0,189,8133,0,73,2980,0,82,10130,0,165,13160,0,203,9451,0,83,24379,0,67,19802,0,456,32756,0,273,24671,0,386,98250,0,218,61459,0,195,47517,0,522,102864,0,282,92339,0,613,124189,0,709,101150,0,486,56065,0,745,66536,0,1716,173054,0,1221,245109,0,1602,226905,0,1061,520191,0
-1.05176e+08,1,8.88811e-15,10,1023,0,1.05176e+08,0.528882,1.08665,0.389689,0.145397,0.379329,3.24381,0.161596,0.446195,1.77396,0.159177,1.15e+07,4.49998e+06,6.79999e+06,1.15e+07,4.49997e+06,6.79999e+06,1.15e+07,4.49996e+06,6.79999e+06,1.15e+07,4.49995e+06,6.79999e+06,1.14999e+07,4.49993e+06,6.79999e+06,1.14999e+07,4.49991e+06,6.79999e+06,1.14999e+07,4.49989e+06,6.79999e+06,1.14999e+07,4.49986e+06,6.79999e+06,1.14999e+07,4.49982e+06,6.79999e+06,1.14999e+07,4.49977e+06,6.79999e+06,1.14999e+07,4.49971e+06,6.79999e+06,1.14999e+07,4.49963e+06,6.79999e+06,1.14998e+07,4.49953e+06,6.79999e+06,1.14998e+07,4.49941e+06,6.79999e+06,1.14998e+07,4.49926e+06,6.79999e+06,1.14998e+07,4.49906e+06,6.79999e+06,1.14997e+07,4.49882e+06,6.79999e+06,1.14997e+07,4.49851e+06,6.79999e+06,1.14997e+07,4.49812e+06,6.79999e+06,1.14996e+07,4.49764e+06,6.79999e+06,1.14996e+07,4.49702e+06,6.79999e+06,1.14995e+07,4.49625e+06,6.79999e+06,1.14995e+07,4.49528e+06,6.79999e+06,1.14994e+07,4.49406e+06,6.79999e+06,1.14993e+07,4.49253e+06,6.79999e+06,1.14992e+07,4.49059e+06,6.79999e+06,1.14991e+07,4.48817e+06,6.79999e+06,1.1499e+07,4.48511e+06,6.79999e+06,1.14988e+07,4.48128e+06,6.79999e+06,1.14987e+07,4.47646e+06,6.79999e+06,1.14985e+07,4.47041e+06,6.79999e+06,1.14983e+07,4.46281e+06,6.79999e+06,1.14981e+07,4.4533e+06,6.79999e+06,1.14979e+07,4.44138e+06,6.79999e+06,1.14976e+07,4.42649e+06,6.79999e+06,1.14972e+07,4.40789e+06,6.79999e+06,1.14969e+07,4.38471e+06,6.79999e+06,1.14965e+07,4.35592e+06,6.79999e+06,1.1496e+07,4.32027e+06,6.79999e+06,1.14955e+07,4.27629e+06,6.79999e+06,1.14949e+07,4.22231e+06,6.79999e+06,1.14942e+07,4.15647e+06,6.79999e+06,1.14934e+07,4.07676e+06,6.79999e+06,1.14926e+07,3.98112e+06,6.79999e+06,1.14916e+07,3.86765e+06,6.79999e+06,1.14905e+07,3.73474e+06,6.79999e+06,1.14892e+07,3.58148e+06,6.79999e+06,1.14878e+07,3.40785e+06,6.79999e+06,1.14862e+07,3.21513e+06,6.79999e+06,1.14844e+07,3.00605e+06,6.79999e+06,1.14823e+07,2.7848e+06,6.79999e+06,1.148e+07,2.5568e+06,6.79999e+06,1.14773e+07,2.32825e+06,6.79999e+06,13.5742,8.52444,0.508366,16.8306,13.2585,0.162638,20.0035,17.569,0.0507846,23.2616,22.4214,0.0158319,26.7328,28.3297,0.00493498,30.5212,35.6974,0.00153831,34.7178,44.9473,0.000479527,39.4086,56.5822,0.000149456,44.6796,71.2245,4.66214e-05,50.6209,89.6543,1.45419e-05,57.3297,112.852,4.54748e-06,64.9129,142.051,1.43857e-06,73.4897,178.803,4.36618e-07,83.1934,225.062,1.40153e-07,94.1745,283.286,4.96378e-08,106.602,356.568,1.05434e-07,120.669,448.799,-6.49244e-08,136.59,564.873,1.70148e-07,154.611,710.948,-5.34594e-08,175.008,894.767,1.63407e-07,198.097,1126.06,8.04804e-08,224.231,1417.07,1.14667e-07,253.813,1783.15,-1.71227e-07,287.297,2243.62,-2.88466e-07,325.198,2822.67,-4.33651e-07,368.098,3550.67,7.9318e-08,416.657,4465.65,3.13319e-07,471.621,5615.16,3.4613e-07,533.835,7058.61,-1.19199e-07,604.255,8870.02,-2.79964e-07,683.962,11141.4,-2.30521e-07,774.182,13986.7,-2.55099e-07,876.299,17546.4,1.23585e-07,991.883,21993.1,1.41192e-07,1122.71,27536.7,-9.71886e-08,1270.78,34430.7,-3.68368e-07,1438.38,42977.7,-3.45379e-07,1628.07,53532.7,-3.25328e-09,1842.77,66504.6,2.6362e-07,2085.77,82350.2,2.53445e-07,2360.79,101560,-2.47407e-08,2672.05,124632,-3.80602e-07,3024.31,152018,-4.79005e-07,3422.98,184060,-1.14379e-07,3874.15,220884,2.64297e-07,4384.72,262283,3.44131e-07,4962.49,307576,7.5349e-08,5616.29,355497,-3.63097e-07,6356.1,404126,-6.05442e-07,7193.18,450932,-2.72333e-07,8140.28,492963,2.29675e-07,9211.79,527178,4.3387e-07,10424,550893,-1.0711e-07,10.102,8.06553,2.81012,10.6436,8.57909,0.869423,11.5336,10.2515,0.270869,12.7211,12.7138,0.0844293,14.1823,15.9373,0.0263173,15.9122,20.0383,0.0082035,17.9198,25.2154,0.00255722,20.2244,31.7373,0.000797017,22.8539,39.9486,0.000248622,25.8438,50.2851,7.75492e-05,29.237,63.2963,2.42508e-05,33.0837,79.6738,7.67162e-06,37.4415,100.288,2.32837e-06,42.3767,126.236,7.33e-07,47.9646,158.896,2.79256e-07,54.2906,200.003,9.87351e-09,61.452,251.741,1.61085e-07,69.5585,316.859,-2.47141e-07,78.7347,398.812,8.93552e-08,89.1218,501.948,-2.53231e-07,100.879,631.736,-1.25047e-07,114.188,795.049,-1.78808e-07,129.252,1000.53,2.6733e-07,146.304,1259.03,4.50292e-07,165.605,1584.19,6.76904e-07,187.452,1993.12,-1.23808e-07,212.181,2507.27,-4.89068e-07,240.173,3153.54,-5.40284e-07,271.856,3965.56,1.86061e-07,307.719,4985.38,4.37004e-07,348.313,6265.4,3.59828e-07,394.26,7870.83,3.98192e-07,446.268,9882.51,-1.92908e-07,505.135,12400.3,-2.20392e-07,571.766,15546.9,1.51705e-07,647.184,19472.2,5.74996e-07,732.547,24357.4,5.39112e-07,829.167,30420,5.07815e-09,938.526,37916.3,-4.11492e-07,1062.3,47143.9,-3.9561e-07,1202.4,58439.2,3.86185e-08,1360.96,72169.3,5.94093e-07,1540.42,88715.8,7.47693e-07,1743.53,108445,1.78537e-07,1973.41,131665,-4.12549e-07,2233.57,158557,-5.37164e-07,2528,189103,-1.17615e-07,2861.2,222986,5.66769e-07,3238.27,259510,9.45053e-07,3664.97,297540,4.25093e-07,4147.81,335497,-3.58506e-07,4694.17,371444,-6.7724e-07,5312.37,403256,1.67192e-07,1.61744,3.89446,9.84394,3.28846,7.5504,12.774,5.07607,11.7187,13.6844,7.03202,16.8147,13.9681,9.20215,23.1769,14.0566,11.6301,31.1672,14.0841,14.3598,41.2186,14.0927,17.4376,53.8688,14.0954,20.9137,69.7915,14.0962,24.8432,89.8341,14.0965,29.2879,115.063,14.0966,34.3168,146.819,14.0966,40.0078,186.792,14.0966,46.4487,237.107,14.0966,53.7388,300.44,14.0966,61.9903,380.158,14.0966,71.3301,480.499,14.0966,81.902,606.796,14.0966,93.8685,765.761,14.0966,107.414,965.837,14.0966,122.746,1217.65,14.0966,140.101,1534.57,14.0966,159.745,1933.41,14.0966,181.981,2435.3,14.0966,207.15,3066.85,14.0966,235.64,3861.46,14.0966,267.889,4861.11,14.0966,304.391,6118.54,14.0966,345.709,7699.91,14.0966,392.478,9688.22,14.0966,445.417,12187.5,14.0966,505.339,15327.7,14.0966,573.165,19271.6,14.0966,649.938,24222,14.0966,736.839,30430.9,14.0966,835.202,38211.5,14.0966,946.539,47950.3,14.0966,1072.56,60122.8,14.0966,1215.21,75309.9,14.0966,1376.66,94216.2,14.0966,1559.41,117688,14.0966,1766.26,146729,14.0966,2000.39,182510,14.0966,2265.39,226372,14.0966,2565.33,279806,14.0966,2904.81,344416,14.0966,3289.05,421845,14.0966,3723.93,513667,14.0966,4216.13,621231,14.0966,4773.18,745478,14.0966,5403.64,886744,14.0966,6117.15,1.04457e+06,14.0966,6924.63,1.2176e+06,14.0966,11.7194,11.96,12.6541,13.9321,16.1295,13.6434,16.6097,21.9702,13.9553,19.7532,29.5285,14.0526,23.3844,39.1143,14.0829,27.5423,51.2054,14.0923,32.2796,66.434,14.0953,37.662,85.6061,14.0962,43.7675,109.74,14.0965,50.687,140.119,14.0966,58.5249,178.359,14.0966,67.4005,226.493,14.0966,77.4493,287.08,14.0966,88.8254,363.343,14.0966,101.703,459.336,14.0966,116.281,580.161,14.0966,132.782,732.241,14.0966,151.46,923.655,14.0966,172.603,1164.57,14.0966,196.535,1467.79,14.0966,223.625,1849.39,14.0966,254.288,2329.62,14.0966,288.997,2933.93,14.0966,328.285,3694.33,14.0966,372.755,4651.04,14.0966,423.092,5854.57,14.0966,480.07,7368.38,14.0966,544.564,9272.08,14.0966,617.566,11665.5,14.0966,700.197,14673.6,14.0966,793.729,18452.9,14.0966,899.599,23198.6,14.0966,1019.43,29154.1,14.0966,1155.07,36622.3,14.0966,1308.6,45977.9,14.0966,1482.39,57683.7,14.0966,1679.09,72307.8,14.0966,1901.73,90542.8,14.0966,2153.73,113226,14.0966,2438.97,141360,14.0966,2761.81,176127,14.0966,3127.22,218898,14.0966,3540.81,271226,14.0966,4008.92,334817,14.0966,4538.74,411470,14.0966,5138.38,502973,14.0966,5817.04,610948,14.0966,6585.12,736653,14.0966,7454.39,880741,14.0966,8438.15,1.04302e+06,14.0966,9551.45,1.22224e+06,14.0966,10811.3,1.41602e+06,14.0966,12237,1.62086e+06,14.0966,11.7194,11.96,12.6541,2.21263,4.16949,0.989383,2.67766,5.84076,0.311842,3.14343,7.55825,0.0972771,3.63127,9.58578,0.0303237,4.15787,12.0912,0.00945211,4.73731,15.2286,0.00294633,5.38238,19.1721,0.000918508,6.10553,24.134,0.000286163,6.91951,30.3791,8.92692e-05,7.83792,38.2397,2.78121e-05,8.87555,48.1338,8.65134e-06,10.0489,60.5876,2.7882e-06,11.3761,76.2629,8.29036e-07,12.8779,95.9927,2.4373e-07,14.5775,120.825,4.33068e-09,16.5012,152.08,1.75749e-07,18.6784,191.415,-1.86328e-07,21.1428,240.917,1.91829e-07,23.9322,303.213,-1.81475e-07,27.0895,381.602,7.0186e-08,30.6634,480.231,-2.86769e-08,34.7087,604.316,2.40784e-07,39.2876,760.401,9.87368e-08,44.4705,956.705,1.22263e-07,50.3371,1203.54,-4.31966e-07,56.9776,1513.81,-1.9705e-07,64.494,1903.69,-2.763e-08,73.0018,2393.4,3.9185e-07,82.6317,3008.13,1.35379e-07,93.5318,3779.25,-4.16351e-08,105.869,4745.7,2.06965e-08,119.834,5955.6,-3.18887e-07,135.641,7468.12,-1.48271e-08,153.531,9355.62,2.00739e-07,173.781,11705.8,2.28358e-07,196.701,14624.1,-1.93587e-08,222.642,18235,-2.88101e-07,252.003,22683.4,-2.24732e-07,285.234,28134,8.56806e-09,322.845,34767,2.34258e-07,365.413,42770.9,2.99668e-07,413.588,52327.9,8.28644e-08,468.111,63591.2,-3.07049e-07,529.814,76653.2,-3.1888e-07,599.642,91502.5,-6.72276e-08,678.662,107975,2.26339e-07,768.083,125705,3.69212e-07,869.267,144088,2.04077e-07,983.76,162277,-2.80509e-07,1113.3,179223,-4.22737e-07,1259.87,193777,-1.71951e-07,1425.68,204839,4.55555e-07,11.7194,11.96,12.6541,2.21263,4.16949,0.989383,2.67766,5.84076,0.311842,3.14343,7.55825,0.0972771,3.63127,9.58578,0.0303237,4.15787,12.0912,0.00945211,4.73731,15.2286,0.00294633,5.38238,19.1721,0.000918508,6.10553,24.134,0.000286163,6.91951,30.3791,8.92692e-05,7.83792,38.2397,2.78121e-05,8.87555,48.1338,8.65134e-06,10.0489,60.5876,2.7882e-06,11.3761,76.2629,8.29036e-07,12.8779,95.9927,2.4373e-07,14.5775,120.825,1e-08,16.5012,152.08,1.75749e-07,18.6784,191.415,1e-08,21.1428,240.917,1.91829e-07,23.9322,303.213,1e-08,27.0895,381.602,7.0186e-08,30.6634,480.231,1e-08,34.7087,604.316,2.40784e-07,39.2876,760.401,9.87368e-08,44.4705,956.705,1.22263e-07,50.3371,1203.54,1e-08,56.9776,1513.81,1e-08,64.494,1903.69,1e-08,73.0018,2393.4,3.9185e-07,82.6317,3008.13,1.35379e-07,93.5318,3779.25,1e-08,105.869,4745.7,2.06965e-08,119.834,5955.6,1e-08,135.641,7468.12,1e-08,153.531,9355.62,2.00739e-07,173.781,11705.8,2.28358e-07,196.701,14624.1,1e-08,222.642,18235,1e-08,252.003,22683.4,1e-08,285.234,28134,1e-08,322.845,34767,2.34258e-07,365.413,42770.9,2.99668e-07,413.588,52327.9,8.28644e-08,468.111,63591.2,1e-08,529.814,76653.2,1e-08,599.642,91502.5,1e-08,678.662,107975,2.26339e-07,768.083,125705,3.69212e-07,869.267,144088,2.04077e-07,983.76,162277,1e-08,1113.3,179223,1e-08,1259.87,193777,1e-08,1425.68,204839,4.55555e-07,6.2823,3.27286,2.43537,0.219672,6.18826,2.24117,0.56371,6.87772,2.63624,0.308279,11,5,17,2,4,0,3,5,1,0,9,0,3,8,0,3,11,0,2,13,0,12,11,0,4,22,0,6,44,0,9,36,0,8,38,0,10,74,0,6,78,0,6,133,0,8,109,0,13,369,0,15,181,0,29,146,0,40,267,0,25,203,0,27,442,0,26,488,0,17,453,0,52,469,0,56,1140,0,19,1844,0,63,1354,0,118,2230,0,140,5289,0,133,2124,0,88,2673,0,80,4954,0,122,12851,0,89,11974,0,48,12609,0,230,17828,0,196,11432,0,180,33718,0,139,39174,0,225,14201,0,408,26197,0,295,36050,0,425,70023,0,1085,112795,0,257,129184,0,565,56372,0,884,127668,0,762,196075,0,806,185895,0,720,143554,0,1068,278097,0,930,356604,0
-1.05176e+08,1,8.88811e-15,10,1023,0,1.05176e+08,0.528882,1.08665,0.389689,0.145397,0.379329,3.24381,0.161596,0.446195,1.77396,0.159177,1.15e+07,4.49998e+06,6.79999e+06,1.15e+07,4.49997e+06,6.79999e+06,1.15e+07,4.49996e+06,6.79999e+06,1.15e+07,4.49995e+06,6.79999e+06,1.14999e+07,4.49993e+06,6.79999e+06,1.14999e+07,4.49991e+06,6.79999e+06,1.14999e+07,4.49989e+06,6.79999e+06,1.14999e+07,4.49986e+06,6.79999e+06,1.14999e+07,4.49982e+06,6.79999e+06,1.14999e+07,4.49977e+06,6.79999e+06,1.14999e+07,4.49971e+06,6.79999e+06,1.14999e+07,4.49963e+06,6.79999e+06,1.14998e+07,4.49953e+06,6.79999e+06,1.14998e+07,4.49941e+06,6.79999e+06,1.14998e+07,4.49926e+06,6.79999e+06,1.14998e+07,4.49906e+06,6.79999e+06,1.14997e+07,4.49882e+06,6.79999e+06,1.14997e+07,4.49851e+06,6.79999e+06,1.14997e+07,4.49812e+06,6.79999e+06,1.14996e+07,4.49764e+06,6.79999e+06,1.14996e+07,4.49702e+06,6.79999e+06,1.14995e+07,4.49625e+06,6.79999e+06,1.14995e+07,4.49528e+06,6.79999e+06,1.14994e+07,4.49406e+06,6.79999e+06,1.14993e+07,4.49253e+06,6.79999e+06,1.14992e+07,4.49059e+06,6.79999e+06,1.14991e+07,4.48817e+06,6.79999e+06,1.1499e+07,4.48511e+06,6.79999e+06,1.14988e+07,4.48128e+06,6.79999e+06,1.14987e+07,4.47646e+06,6.79999e+06,1.14985e+07,4.47041e+06,6.79999e+06,1.14983e+07,4.46281e+06,6.79999e+06,1.14981e+07,4.4533e+06,6.79999e+06,1.14979e+07,4.44138e+06,6.79999e+06,1.14976e+07,4.42649e+06,6.79999e+06,1.14972e+07,4.40789e+06,6.79999e+06,1.14969e+07,4.38471e+06,6.79999e+06,1.14965e+07,4.35592e+06,6.79999e+06,1.1496e+07,4.32027e+06,6.79999e+06,1.14955e+07,4.27629e+06,6.79999e+06,1.14949e+07,4.22231e+06,6.79999e+06,1.14942e+07,4.15647e+06,6.79999e+06,1.14934e+07,4.07676e+06,6.79999e+06,1.14926e+07,3.98112e+06,6.79999e+06,1.14916e+07,3.86765e+06,6.79999e+06,1.14905e+07,3.73474e+06,6.79999e+06,1.14892e+07,3.58148e+06,6.79999e+06,1.14878e+07,3.40785e+06,6.79999e+06,1.14862e+07,3.21513e+06,6.79999e+06,1.14844e+07,3.00605e+06,6.79999e+06,1.14823e+07,2.7848e+06,6.79999e+06,1.148e+07,2.5568e+06,6.79999e+06,1.14773e+07,2.32825e+06,6.79999e+06,13.5742,8.52444,0.508366,16.8306,13.2585,0.162638,20.0035,17.569,0.0507846,23.2616,22.4214,0.0158319,26.7328,28.3297,0.00493498,30.5212,35.6974,0.00153831,34.7178,44.9473,0.000479527,39.4086,56.5822,0.000149456,44.6796,71.2245,4.66214e-05,50.6209,89.6543,1.45419e-05,57.3297,112.852,4.54748e-06,64.9129,142.051,1.43857e-06,73.4897,178.803,4.36618e-07,83.1934,225.062,1.40153e-07,94.1745,283.286,4.96378e-08,106.602,356.568,1.05434e-07,120.669,448.799,-6.49244e-08,136.59,564.873,1.70148e-07,154.611,710.948,-5.34594e-08,175.008,894.767,1.63407e-07,198.097,1126.06,8.04804e-08,224.231,1417.07,1.14667e-07,253.813,1783.15,-1.71227e-07,287.297,2243.62,-2.88466e-07,325.198,2822.67,-4.33651e-07,368.098,3550.67,7.9318e-08,416.657,4465.65,3.13319e-07,471.621,5615.16,3.4613e-07,533.835,7058.61,-1.19199e-07,604.255,8870.02,-2.79964e-07,683.962,11141.4,-2.30521e-07,774.182,13986.7,-2.55099e-07,876.299,17546.4,1.23585e-07,991.883,21993.1,1.41192e-07,1122.71,27536.7,-9.71886e-08,1270.78,34430.7,-3.68368e-07,1438.38,42977.7,-3.45379e-07,1628.07,53532.7,-3.25328e-09,1842.77,66504.6,2.6362e-07,2085.77,82350.2,2.53445e-07,2360.79,101560,-2.47407e-08,2672.05,124632,-3.80602e-07,3024.31,152018,-4.79005e-07,3422.98,184060,-1.14379e-07,3874.15,220884,2.64297e-07,4384.72,262283,3.44131e-07,4962.49,307576,7.5349e-08,5616.29,355497,-3.63097e-07,6356.1,404126,-6.05442e-07,7193.18,450932,-2.72333e-07,8140.28,492963,2.29675e-07,9211.79,527178,4.3387e-07,10424,550893,-1.0711e-07,10.102,8.06553,2.81012,10.6436,8.57909,0.869423,11.5336,10.2515,0.270869,12.7211,12.7138,0.0844293,14.1823,15.9373,0.0263173,15.9122,20.0383,0.0082035,17.9198,25.2154,0.00255722,20.2244,31.7373,0.000797017,22.8539,39.9486,0.000248622,25.8438,50.2851,7.75492e-05,29.237,63.2963,2.42508e-05,33.0837,79.6738,7.67162e-06,37.4415,100.288,2.32837e-06,42.3767,126.236,7.33e-07,47.9646,158.896,2.79256e-07,54.2906,200.003,9.87351e-09,61.452,251.741,1.61085e-07,69.5585,316.859,-2.47141e-07,78.7347,398.812,8.93552e-08,89.1218,501.948,-2.53231e-07,100.879,631.736,-1.25047e-07,114.188,795.049,-1.78808e-07,129.252,1000.53,2.6733e-07,146.304,1259.03,4.50292e-07,165.605,1584.19,6.76904e-07,187.452,1993.12,-1.23808e-07,212.181,2507.27,-4.89068e-07,240.173,3153.54,-5.40284e-07,271.856,3965.56,1.86061e-07,307.719,4985.38,4.37004e-07,348.313,6265.4,3.59828e-07,394.26,7870.83,3.98192e-07,446.268,9882.51,-1.92908e-07,505.135,12400.3,-2.20392e-07,571.766,15546.9,1.51705e-07,647.184,19472.2,5.74996e-07,732.547,24357.4,5.39112e-07,829.167,30420,5.07815e-09,938.526,37916.3,-4.11492e-07,1062.3,47143.9,-3.9561e-07,1202.4,58439.2,3.86185e-08,1360.96,72169.3,5.94093e-07,1540.42,88715.8,7.47693e-07,1743.53,108445,1.78537e-07,1973.41,131665,-4.12549e-07,2233.57,158557,-5.37164e-07,2528,189103,-1.17615e-07,2861.2,222986,5.66769e-07,3238.27,259510,9.45053e-07,3664.97,297540,4.25093e-07,4147.81,335497,-3.58506e-07,4694.17,371444,-6.7724e-07,5312.37,403256,1.67192e-07,1.61744,3.89446,9.84394,3.28846,7.5504,12.774,5.07607,11.7187,13.6844,7.03202,16.8147,13.9681,9.20215,23.1769,14.0566,11.6301,31.1672,14.0841,14.3598,41.2186,14.0927,17.4376,53.8688,14.0954,20.9137,69.7915,14.0962,24.8432,89.8341,14.0965,29.2879,115.063,14.0966,34.3168,146.819,14.0966,40.0078,186.792,14.0966,46.4487,237.107,14.0966,53.7388,300.44,14.0966,61.9903,380.158,14.0966,71.3301,480.499,14.0966,81.902,606.796,14.0966,93.8685,765.761,14.0966,107.414,965.837,14.0966,122.746,1217.65,14.0966,140.101,1534.57,14.0966,159.745,1933.41,14.0966,181.981,2435.3,14.0966,207.15,3066.85,14.0966,235.64,3861.46,14.0966,267.889,4861.11,14.0966,304.391,6118.54,14.0966,345.709,7699.91,14.0966,392.478,9688.22,14.0966,445.417,12187.5,14.0966,505.339,15327.7,14.0966,573.165,19271.6,14.0966,649.938,24222,14.0966,736.839,30430.9,14.0966,835.202,38211.5,14.0966,946.539,47950.3,14.0966,1072.56,60122.8,14.0966,1215.21,75309.9,14.0966,1376.66,94216.2,14.0966,1559.41,117688,14.0966,1766.26,146729,14.0966,2000.39,182510,14.0966,2265.39,226372,14.0966,2565.33,279806,14.0966,2904.81,344416,14.0966,3289.05,421845,14.0966,3723.93,513667,14.0966,4216.13,621231,14.0966,4773.18,745478,14.0966,5403.64,886744,14.0966,6117.15,1.04457e+06,14.0966,6924.63,1.2176e+06,14.0966,11.7194,11.96,12.6541,13.9321,16.1295,13.6434,16.6097,21.9702,13.9553,19.7532,29.5285,14.0526,23.3844,39.1143,14.0829,27.5423,51.2054,14.0923,32.2796,66.434,14.0953,37.662,85.6061,14.0962,43.7675,109.74,14.0965,50.687,140.119,14.0966,58.5249,178.359,14.0966,67.4005,226.493,14.0966,77.4493,287.08,14.0966,88.8254,363.343,14.0966,101.703,459.336,14.0966,116.281,580.161,14.0966,132.782,732.241,14.0966,151.46,923.655,14.0966,172.603,1164.57,14.0966,196.535,1467.79,14.0966,223.625,1849.39,14.0966,254.288,2329.62,14.0966,288.997,2933.93,14.0966,328.285,3694.33,14.0966,372.755,4651.04,14.0966,423.092,5854.57,14.0966,480.07,7368.38,14.0966,544.564,9272.08,14.0966,617.566,11665.5,14.0966,700.197,14673.6,14.0966,793.729,18452.9,14.0966,899.599,23198.6,14.0966,1019.43,29154.1,14.0966,1155.07,36622.3,14.0966,1308.6,45977.9,14.0966,1482.39,57683.7,14.0966,1679.09,72307.8,14.0966,1901.73,90542.8,14.0966,2153.73,113226,14.0966,2438.97,141360,14.0966,2761.81,176127,14.0966,3127.22,218898,14.0966,3540.81,271226,14.0966,4008.92,334817,14.0966,4538.74,411470,14.0966,5138.38,502973,14.0966,5817.04,610948,14.0966,6585.12,736653,14.0966,7454.39,880741,14.0966,8438.15,1.04302e+06,14.0966,9551.45,1.22224e+06,14.0966,10811.3,1.41602e+06,14.0966,12237,1.62086e+06,14.0966,11.7194,11.96,12.6541,2.21263,4.16949,0.989383,2.67766,5.84076,0.311842,3.14343,7.55825,0.0972771,3.63127,9.58578,0.0303237,4.15787,12.0912,0.00945211,4.73731,15.2286,0.00294633,5.38238,19.1721,0.000918508,6.10553,24.134,0.000286163,6.91951,30.3791,8.92692e-05,7.83792,38.2397,2.78121e-05,8.87555,48.1338,8.65134e-06,10.0489,60.5876,2.7882e-06,11.3761,76.2629,8.29036e-07,12.8779,95.9927,2.4373e-07,14.5775,120.825,4.33068e-09,16.5012,152.08,1.75749e-07,18.6784,191.415,-1.86328e-07,21.1428,240.917,1.91829e-07,23.9322,303.213,-1.81475e-07,27.0895,381.602,7.0186e-08,30.6634,480.231,-2.86769e-08,34.7087,604.316,2.40784e-07,39.2876,760.401,9.87368e-08,44.4705,956.705,1.22263e-07,50.3371,1203.54,-4.31966e-07,56.9776,1513.81,-1.9705e-07,64.494,1903.69,-2.763e-08,73.0018,2393.4,3.9185e-07,82.6317,3008.13,1.35379e-07,93.5318,3779.25,-4.16351e-08,105.869,4745.7,2.06965e-08,119.834,5955.6,-3.18887e-07,135.641,7468.12,-1.48271e-08,153.531,9355.62,2.00739e-07,173.781,11705.8,2.28358e-07,196.701,14624.1,-1.93587e-08,222.642,18235,-2.88101e-07,252.003,22683.4,-2.24732e-07,285.234,28134,8.56806e-09,322.845,34767,2.34258e-07,365.413,42770.9,2.99668e-07,413.588,52327.9,8.28644e-08,468.111,63591.2,-3.07049e-07,529.814,76653.2,-3.1888e-07,599.642,91502.5,-6.72276e-08,678.662,107975,2.26339e-07,768.083,125705,3.69212e-07,869.267,144088,2.04077e-07,983.76,162277,-2.80509e-07,1113.3,179223,-4.22737e-07,1259.87,193777,-1.71951e-07,1425.68,204839,4.55555e-07,11.7194,11.96,12.6541,2.21263,4.16949,0.989383,2.67766,5.84076,0.311842,3.14343,7.55825,0.0972771,3.63127,9.58578,0.0303237,4.15787,12.0912,0.00945211,4.73731,15.2286,0.00294633,5.38238,19.1721,0.000918508,6.10553,24.134,0.000286163,6.91951,30.3791,8.92692e-05,7.83792,38.2397,2.78121e-05,8.87555,48.1338,8.65134e-06,10.0489,60.5876,2.7882e-06,11.3761,76.2629,8.29036e-07,12.8779,95.9927,2.4373e-07,14.5775,120.825,1e-08,16.5012,152.08,1.75749e-07,18.6784,191.415,1e-08,21.1428,240.917,1.91829e-07,23.9322,303.213,1e-08,27.0895,381.602,7.0186e-08,30.6634,480.231,1e-08,34.7087,604.316,2.40784e-07,39.2876,760.401,9.87368e-08,44.4705,956.705,1.22263e-07,50.3371,1203.54,1e-08,56.9776,1513.81,1e-08,64.494,1903.69,1e-08,73.0018,2393.4,3.9185e-07,82.6317,3008.13,1.35379e-07,93.5318,3779.25,1e-08,105.869,4745.7,2.06965e-08,119.834,5955.6,1e-08,135.641,7468.12,1e-08,153.531,9355.62,2.00739e-07,173.781,11705.8,2.28358e-07,196.701,14624.1,1e-08,222.642,18235,1e-08,252.003,22683.4,1e-08,285.234,28134,1e-08,322.845,34767,2.34258e-07,365.413,42770.9,2.99668e-07,413.588,52327.9,8.28644e-08,468.111,63591.2,1e-08,529.814,76653.2,1e-08,599.642,91502.5,1e-08,678.662,107975,2.26339e-07,768.083,125705,3.69212e-07,869.267,144088,2.04077e-07,983.76,162277,1e-08,1113.3,179223,1e-08,1259.87,193777,1e-08,1425.68,204839,4.55555e-07,6.2823,3.27286,2.43537,0.219672,6.18826,2.24117,0.56371,6.87772,2.63624,0.308279,18,5,3,6,1,0,3,2,1,6,5,0,3,10,0,4,15,0,6,20,0,4,33,0,10,29,0,6,13,0,10,36,0,18,47,0,9,51,0,25,117,0,7,75,0,12,123,0,19,171,0,25,143,0,22,224,0,27,302,0,30,321,0,17,631,0,21,151,0,47,573,0,34,724,0,41,1068,0,92,913,0,35,1979,0,86,2214,0,106,2608,0,47,1400,0,51,4470,0,92,3914,0,91,4390,0,271,7573,0,72,7840,0,167,23039,0,261,19465,0,532,28065,0,598,23042,0,186,23399,0,225,44288,0,405,55847,0,98,70460,0,619,36759,0,526,121768,0,647,112160,0,1184,76670,0,1231,142227,0,562,294240,0,1253,45939,0,739,199617,0,1655,88613,0
-1.05176e+08,1,8.88811e-15,10,1023,0,1.05176e+08,0.528882,1.08665,0.389689,0.145397,0.379329,3.24381,0.161596,0.446195,1.77396,0.159177,1.15e+07,4.49998e+06,6.79999e+06,1.15e+07,4.49997e+06,6.79999e+06,1.15e+07,4.49996e+06,6.79999e+06,1.15e+07,4.49995e+06,6.79999e+06,1.14999e+07,4.49993e+06,6.79999e+06,1.14999e+07,4.49991e+06,6.79999e+06,1.14999e+07,4.49989e+06,6.79999e+06,1.14999e+07,4.49986e+06,6.79999e+06,1.14999e+07,4.49982e+06,6.79999e+06,1.14999e+07,4.49977e+06,6.79999e+06,1.14999e+07,4.49971e+06,6.79999e+06,1.14999e+07,4.49963e+06,6.79999e+06,1.14998e+07,4.49953e+06,6.79999e+06,1.14998e+07,4.49941e+06,6.79999e+06,1.14998e+07,4.49926e+06,6.79999e+06,1.14998e+07,4.49906e+06,6.79999e+06,1.14997e+07,4.49882e+06,6.79999e+06,1.14997e+07,4.49851e+06,6.79999e+06,1.14997e+07,4.49812e+06,6.79999e+06,1.14996e+07,4.49764e+06,6.79999e+06,1.14996e+07,4.49702e+06,6.79999e+06,1.14995e+07,4.49625e+06,6.79999e+06,1.14995e+07,4.49528e+06,6.79999e+06,1.14994e+07,4.49406e+06,6.79999e+06,1.14993e+07,4.49253e+06,6.79999e+06,1.14992e+07,4.49059e+06,6.79999e+06,1.14991e+07,4.48817e+06,6.79999e+06,1.1499e+07,4.48511e+06,6.79999e+06,1.14988e+07,4.48128e+06,6.79999e+06,1.14987e+07,4.47646e+06,6.79999e+06,1.14985e+07,4.47041e+06,6.79999e+06,1.14983e+07,4.46281e+06,6.79999e+06,1.14981e+07,4.4533e+06,6.79999e+06,1.14979e+07,4.44138e+06,6.79999e+06,1.14976e+07,4.42649e+06,6.79999e+06,1.14972e+07,4.40789e+06,6.79999e+06,1.14969e+07,4.38471e+06,6.79999e+06,1.14965e+07,4.35592e+06,6.79999e+06,1.1496e+07,4.32027e+06,6.79999e+06,1.14955e+07,4.27629e+06,6.79999e+06,1.14949e+07,4.22231e+06,6.79999e+06,1.14942e+07,4.15647e+06,6.79999e+06,1.14934e+07,4.07676e+06,6.79999e+06,1.14926e+07,3.98112e+06,6.79999e+06,1.14916e+07,3.86765e+06,6.79999e+06,1.14905e+07,3.73474e+06,6.79999e+06,1.14892e+07,3.58148e+06,6.79999e+06,1.14878e+07,3.40785e+06,6.79999e+06,1.14862e+07,3.21513e+06,6.79999e+06,1.14844e+07,3.00605e+06,6.79999e+06,1.14823e+07,2.7848e+06,6.79999e+06,1.148e+07,2.5568e+06,6.79999e+06,1.14773e+07,2.32825e+06,6.79999e+06,13.5742,8.52444,0.508366,16.8306,13.2585,0.162638,20.0035,17.569,0.0507846,23.2616,22.4214,0.0158319,26.7328,28.3297,0.00493498,30.5212,35.6974,0.00153831,34.7178,44.9473,0.000479527,39.4086,56.5822,0.000149456,44.6796,71.2245,4.66214e-05,50.6209,89.6543,1.45419e-05,57.3297,112.852,4.54748e-06,64.9129,142.051,1.43857e-06,73.4897,178.803,4.36618e-07,83.1934,225.062,1.40153e-07,94.1745,283.286,4.96378e-08,106.602,356.568,1.05434e-07,120.669,448.799,-6.49244e-08,136.59,564.873,1.70148e-07,154.611,710.948,-5.34594e-08,175.008,894.767,1.63407e-07,198.097,1126.06,8.04804e-08,224.231,1417.07,1.14667e-07,253.813,1783.15,-1.71227e-07,287.297,2243.62,-2.88466e-07,325.198,2822.67,-4.33651e-07,368.098,3550.67,7.9318e-08,416.657,4465.65,3.13319e-07,471.621,5615.16,3.4613e-07,533.835,7058.61,-1.19199e-07,604.255,8870.02,-2.79964e-07,683.962,11141.4,-2.30521e-07,774.182,13986.7,-2.55099e-07,876.299,17546.4,1.23585e-07,991.883,21993.1,1.41192e-07,1122.71,27536.7,-9.71886e-08,1270.78,34430.7,-3.68368e-07,1438.38,42977.7,-3.45379e-07,1628.07,53532.7,-3.25328e-09,1842.77,66504.6,2.6362e-07,2085.77,82350.2,2.53445e-07,2360.79,101560,-2.47407e-08,2672.05,124632,-3.80602e-07,3024.31,152018,-4.79005e-07,3422.98,184060,-1.14379e-07,3874.15,220884,2.64297e-07,4384.72,262283,3.44131e-07,4962.49,307576,7.5349e-08,5616.29,355497,-3.63097e-07,6356.1,404126,-6.05442e-07,7193.18,450932,-2.72333e-07,8140.28,492963,2.29675e-07,9211.79,527178,4.3387e-07,10424,550893,-1.0711e-07,10.102,8.06553,2.81012,10.6436,8.57909,0.869423,11.5336,10.2515,0.270869,12.7211,12.7138,0.0844293,14.1823,15.9373,0.0263173,15.9122,20.0383,0.0082035,17.9198,25.2154,0.00255722,20.2244,31.7373,0.000797017,22.8539,39.9486,0.000248622,25.8438,50.2851,7.75492e-05,29.237,63.2963,2.42508e-05,33.0837,79.6738,7.67162e-06,37.4415,100.288,2.32837e-06,42.3767,126.236,7.33e-07,47.9646,158.896,2.79256e-07,54.2906,200.003,9.87351e-09,61.452,251.741,1.61085e-07,69.5585,316.859,-2.47141e-07,78.7347,398.812,8.93552e-08,89.1218,501.948,-2.53231e-07,100.879,631.736,-1.25047e-07,114.188,795.049,-1.78808e-07,129.252,1000.53,2.6733e-07,146.304,1259.03,4.50292e-07,165.605,1584.19,6.76904e-07,187.452,1993.12,-1.23808e-07,212.181,2507.27,-4.89068e-07,240.173,3153.54,-5.40284e-07,271.856,3965.56,1.86061e-07,307.719,4985.38,4.37004e-07,348.313,6265.4,3.59828e-07,394.26,7870.83,3.98192e-07,446.268,9882.51,-1.92908e-07,505.135,12400.3,-2.20392e-07,571.766,15546.9,1.51705e-07,647.184,19472.2,5.74996e-07,732.547,24357.4,5.39112e-07,829.167,30420,5.07815e-09,938.526,37916.3,-4.11492e-07,1062.3,47143.9,-3.9561e-07,1202.4,58439.2,3.86185e-08,1360.96,72169.3,5.94093e-07,1540.42,88715.8,7.47693e-07,1743.53,108445,1.78537e-07,1973.41,131665,-4.12549e-07,2233.57,158557,-5.37164e-07,2528,189103,-1.17615e-07,2861.2,222986,5.66769e-07,3238.27,259510,9.45053e-07,3664.97,297540,4.25093e-07,4147.81,335497,-3.58506e-07,4694.17,371444,-6.7724e-07,5312.37,403256,1.67192e-07,1.61744,3.89446,9.84394,3.28846,7.5504,12.774,5.07607,11.7187,13.6844,7.03202,16.8147,13.9681,9.20215,23.1769,14.0566,11.6301,31.1672,14.0841,14.3598,41.2186,14.0927,17.4376,53.8688,14.0954,20.9137,69.7915,14.0962,24.8432,89.8341,14.0965,29.2879,115.063,14.0966,34.3168,146.819,14.0966,40.0078,186.792,14.0966,46.4487,237.107,14.0966,53.7388,300.44,14.0966,61.9903,380.158,14.0966,71.3301,480.499,14.0966,81.902,606.796,14.0966,93.8685,765.761,14.0966,107.414,965.837,14.0966,122.746,1217.65,14.0966,140.101,1534.57,14.0966,159.745,1933.41,14.0966,181.981,2435.3,14.0966,207.15,3066.85,14.0966,235.64,3861.46,14.0966,267.889,4861.11,14.0966,304.391,6118.54,14.0966,345.709,7699.91,14.0966,392.478,9688.22,14.0966,445.417,12187.5,14.0966,505.339,15327.7,14.0966,573.165,19271.6,14.0966,649.938,24222,14.0966,736.839,30430.9,14.0966,835.202,38211.5,14.0966,946.539,47950.3,14.0966,1072.56,60122.8,14.0966,1215.21,75309.9,14.0966,1376.66,94216.2,14.0966,1559.41,117688,14.0966,1766.26,146729,14.0966,2000.39,182510,14.0966,2265.39,226372,14.0966,2565.33,279806,14.0966,2904.81,344416,14.0966,3289.05,421845,14.0966,3723.93,513667,14.0966,4216.13,621231,14.0966,4773.18,745478,14.0966,5403.64,886744,14.0966,6117.15,1.04457e+06,14.0966,6924.63,1.2176e+06,14.0966,11.7194,11.96,12.6541,13.9321,16.1295,13.6434,16.6097,21.9702,13.9553,19.7532,29.5285,14.0526,23.3844,39.1143,14.0829,27.5423,51.2054,14.0923,32.2796,66.434,14.0953,37.662,85.6061,14.0962,43.7675,109.74,14.0965,50.687,140.119,14.0966,58.5249,178.359,14.0966,67.4005,226.493,14.0966,77.4493,287.08,14.0966,88.8254,363.343,14.0966,101.703,459.336,14.0966,116.281,580.161,14.0966,132.782,732.241,14.0966,151.46,923.655,14.0966,172.603,1164.57,14.0966,196.535,1467.79,14.0966,223.625,1849.39,14.0966,254.288,2329.62,14.0966,288.997,2933.93,14.0966,328.285,3694.33,14.0966,372.755,4651.04,14.0966,423.092,5854.57,14.0966,480.07,7368.38,14.0966,544.564,9272.08,14.0966,617.566,11665.5,14.0966,700.197,14673.6,14.0966,793.729,18452.9,14.0966,899.599,23198.6,14.0966,1019.43,29154.1,14.0966,1155.07,36622.3,14.0966,1308.6,45977.9,14.0966,1482.39,57683.7,14.0966,1679.09,72307.8,14.0966,1901.73,90542.8,14.0966,2153.73,113226,14.0966,2438.97,141360,14.0966,2761.81,176127,14.0966,3127.22,218898,14.0966,3540.81,271226,14.0966,4008.92,334817,14.0966,4538.74,411470,14.0966,5138.38,502973,14.0966,5817.04,610948,14.0966,6585.12,736653,14.0966,7454.39,880741,14.0966,8438.15,1.04302e+06,14.0966,9551.45,1.22224e+06,14.0966,10811.3,1.41602e+06,14.0966,12237,1.62086e+06,14.0966,11.7194,11.96,12.6541,2.21263,4.16949,0.989383,2.67766,5.84076,0.311842,3.14343,7.55825,0.0972771,3.63127,9.58578,0.0303237,4.15787,12.0912,0.00945211,4.73731,15.2286,0.00294633,5.38238,19.1721,0.000918508,6.10553,24.134,0.000286163,6.91951,30.3791,8.92692e-05,7.83792,38.2397,2.78121e-05,8.87555,48.1338,8.65134e-06,10.0489,60.5876,2.7882e-06,11.3761,76.2629,8.29036e-07,12.8779,95.9927,2.4373e-07,14.5775,120.825,4.33068e-09,16.5012,152.08,1.75749e-07,18.6784,191.415,-1.86328e-07,21.1428,240.917,1.91829e-07,23.9322,303.213,-1.81475e-07,27.0895,381.602,7.0186e-08,30.6634,480.231,-2.86769e-08,34.7087,604.316,2.40784e-07,39.2876,760.401,9.87368e-08,44.4705,956.705,1.22263e-07,50.3371,1203.54,-4.31966e-07,56.9776,1513.81,-1.9705e-07,64.494,1903.69,-2.763e-08,73.0018,2393.4,3.9185e-07,82.6317,3008.13,1.35379e-07,93.5318,3779.25,-4.16351e-08,105.869,4745.7,2.06965e-08,119.834,5955.6,-3.18887e-07,135.641,7468.12,-1.48271e-08,153.531,9355.62,2.00739e-07,173.781,11705.8,2.28358e-07,196.701,14624.1,-1.93587e-08,222.642,18235,-2.88101e-07,252.003,22683.4,-2.24732e-07,285.234,28134,8.56806e-09,322.845,34767,2.34258e-07,365.413,42770.9,2.99668e-07,413.588,52327.9,8.28644e-08,468.111,63591.2,-3.07049e-07,529.814,76653.2,-3.1888e-07,599.642,91502.5,-6.72276e-08,678.662,107975,2.26339e-07,768.083,125705,3.69212e-07,869.267,144088,2.04077e-07,983.76,162277,-2.80509e-07,1113.3,179223,-4.22737e-07,1259.87,193777,-1.71951e-07,1425.68,204839,4.55555e-07,11.7194,11.96,12.6541,2.21263,4.16949,0.989383,2.67766,5.84076,0.311842,3.14343,7.55825,0.0972771,3.63127,9.58578,0.0303237,4.15787,12.0912,0.00945211,4.73731,15.2286,0.00294633,5.38238,19.1721,0.000918508,6.10553,24.134,0.000286163,6.91951,30.3791,8.92692e-05,7.83792,38.2397,2.78121e-05,8.87555,48.1338,8.65134e-06,10.0489,60.5876,2.7882e-06,11.3761,76.2629,8.29036e-07,12.8779,95.9927,2.4373e-07,14.5775,120.825,1e-08,16.5012,152.08,1.75749e-07,18.6784,191.415,1e-08,21.1428,240.917,1.91829e-07,23.9322,303.213,1e-08,27.0895,381.602,7.0186e-08,30.6634,480.231,1e-08,34.7087,604.316,2.40784e-07,39.2876,760.401,9.87368e-08,44.4705,956.705,1.22263e-07,50.3371,1203.54,1e-08,56.9776,1513.81,1e-08,64.494,1903.69,1e-08,73.0018,2393.4,3.9185e-07,82.6317,3008.13,1.35379e-07,93.5318,3779.25,1e-08,105.869,4745.7,2.06965e-08,119.834,5955.6,1e-08,135.641,7468.12,1e-08,153.531,9355.62,2.00739e-07,173.781,11705.8,2.28358e-07,196.701,14624.1,1e-08,222.642,18235,1e-08,252.003,22683.4,1e-08,285.234,28134,1e-08,322.845,34767,2.34258e-07,365.413,42770.9,2.99668e-07,413.588,52327.9,8.28644e-08,468.111,63591.2,1e-08,529.814,76653.2,1e-08,599.642,91502.5,1e-08,678.662,107975,2.26339e-07,768.083,125705,3.69212e-07,869.267,144088,2.04077e-07,983.76,162277,1e-08,1113.3,179223,1e-08,1259.87,193777,1e-08,1425.68,204839,4.55555e-07,6.2823,3.27286,2.43537,0.219672,6.18826,2.24117,0.56371,6.87772,2.63624,0.308279,19,26,14,0,9,1,1,2,0,1,11,0,2,15,0,2,11,0,5,11,0,5,25,0,12,11,0,7,48,0,2,24,0,11,46,0,12,41,0,19,114,0,24,60,0,21,70,0,34,133,0,9,226,0,27,174,0,16,530,0,23,371,0,30,473,0,35,321,0,49,490,0,43,1175,0,79,550,0,84,599,0,78,1583,0,72,1396,0,82,2395,0,87,3291,0,105,6891,0,103,1535,0,99,10977,0,203,7078,0,321,9646,0,128,19082,0,225,22748,0,200,27868,0,355,37714,0,248,37289,0,307,52755,0,396,42591,0,780,79078,0,444,82025,0,467,85483,0,564,85277,0,936,79325,0,840,163251,0,1174,151905,0,1383,144109,0,2104,295889,0,2539,181737,0
-1.05176e+08,1,8.88811e-15,10,1023,0,1.05176e+08,0.528882,1.08665,0.389689,0.145397,0.379329,3.24381,0.161596,0.446195,1.77396,0.159177,1.15e+07,4.49998e+06,6.79999e+06,1.15e+07,4.49997e+06,6.79999e+06,1.15e+07,4.49996e+06,6.79999e+06,1.15e+07,4.49995e+06,6.79999e+06,1.14999e+07,4.49993e+06,6.79999e+06,1.14999e+07,4.49991e+06,6.79999e+06,1.14999e+07,4.49989e+06,6.79999e+06,1.14999e+07,4.49986e+06,6.79999e+06,1.14999e+07,4.49982e+06,6.79999e+06,1.14999e+07,4.49977e+06,6.79999e+06,1.14999e+07,4.49971e+06,6.79999e+06,1.14999e+07,4.49963e+06,6.79999e+06,1.14998e+07,4.49953e+06,6.79999e+06,1.14998e+07,4.49941e+06,6.79999e+06,1.14998e+07,4.49926e+06,6.79999e+06,1.14998e+07,4.49906e+06,6.79999e+06,1.14997e+07,4.49882e+06,6.79999e+06,1.14997e+07,4.49851e+06,6.79999e+06,1.14997e+07,4.49812e+06,6.79999e+06,1.14996e+07,4.49764e+06,6.79999e+06,1.14996e+07,4.49702e+06,6.79999e+06,1.14995e+07,4.49625e+06,6.79999e+06,1.14995e+07,4.49528e+06,6.79999e+06,1.14994e+07,4.49406e+06,6.79999e+06,1.14993e+07,4.49253e+06,6.79999e+06,1.14992e+07,4.49059e+06,6.79999e+06,1.14991e+07,4.48817e+06,6.79999e+06,1.1499e+07,4.48511e+06,6.79999e+06,1.14988e+07,4.48128e+06,6.79999e+06,1.14987e+07,4.47646e+06,6.79999e+06,1.14985e+07,4.47041e+06,6.79999e+06,1.14983e+07,4.46281e+06,6.79999e+06,1.14981e+07,4.4533e+06,6.79999e+06,1.14979e+07,4.44138e+06,6.79999e+06,1.14976e+07,4.42649e+06,6.79999e+06,1.14972e+07,4.40789e+06,6.79999e+06,1.14969e+07,4.38471e+06,6.79999e+06,1.14965e+07,4.35592e+06,6.79999e+06,1.1496e+07,4.32027e+06,6.79999e+06,1.14955e+07,4.27629e+06,6.79999e+06,1.14949e+07,4.22231e+06,6.79999e+06,1.14942e+07,4.15647e+06,6.79999e+06,1.14934e+07,4.07676e+06,6.79999e+06,1.14926e+07,3.98112e+06,6.79999e+06,1.14916e+07,3.86765e+06,6.79999e+06,1.14905e+07,3.73474e+06,6.79999e+06,1.14892e+07,3.58148e+06,6.79999e+06,1.14878e+07,3.40785e+06,6.79999e+06,1.14862e+07,3.21513e+06,6.79999e+06,1.14844e+07,3.00605e+06,6.79999e+06,1.14823e+07,2.7848e+06,6.79999e+06,1.148e+07,2.5568e+06,6.79999e+06,1.14773e+07,2.32825e+06,6.79999e+06,13.5742,8.52444,0.508366,16.8306,13.2585,0.162638,20.0035,17.569,0.0507846,23.2616,22.4214,0.0158319,26.7328,28.3297,0.00493498,30.5212,35.6974,0.00153831,34.7178,44.9473,0.000479527,39.4086,56.5822,0.000149456,44.6796,71.2245,4.66214e-05,50.6209,89.6543,1.45419e-05,57.3297,112.852,4.54748e-06,64.9129,142.051,1.43857e-06,73.4897,178.803,4.36618e-07,83.1934,225.062,1.40153e-07,94.1745,283.286,4.96378e-08,106.602,356.568,1.05434e-07,120.669,448.799,-6.49244e-08,136.59,564.873,1.70148e-07,154.611,710.948,-5.34594e-08,175.008,894.767,1.63407e-07,198.097,1126.06,8.04804e-08,224.231,1417.07,1.14667e-07,253.813,1783.15,-1.71227e-07,287.297,2243.62,-2.88466e-07,325.198,2822.67,-4.33651e-07,368.098,3550.67,7.9318e-08,416.657,4465.65,3.13319e-07,471.621,5615.16,3.4613e-07,533.835,7058.61,-1.19199e-07,604.255,8870.02,-2.79964e-07,683.962,11141.4,-2.30521e-07,774.182,13986.7,-2.55099e-07,876.299,17546.4,1.23585e-07,991.883,21993.1,1.41192e-07,1122.71,27536.7,-9.71886e-08,1270.78,34430.7,-3.68368e-07,1438.38,42977.7,-3.45379e-07,1628.07,53532.7,-3.25328e-09,1842.77,66504.6,2.6362e-07,2085.77,82350.2,2.53445e-07,2360.79,101560,-2.47407e-08,2672.05,124632,-3.80602e-07,3024.31,152018,-4.79005e-07,3422.98,184060,-1.14379e-07,3874.15,220884,2.64297e-07,4384.72,262283,3.44131e-07,4962.49,307576,7.5349e-08,5616.29,355497,-3.63097e-07,6356.1,404126,-6.05442e-07,7193.18,450932,-2.72333e-07,8140.28,492963,2.29675e-07,9211.79,527178,4.3387e-07,10424,550893,-1.0711e-07,10.102,8.06553,2.81012,10.6436,8.57909,0.869423,11.5336,10.2515,0.270869,12.7211,12.7138,0.0844293,14.1823,15.9373,0.0263173,15.9122,20.0383,0.0082035,17.9198,25.2154,0.00255722,20.2244,31.7373,0.000797017,22.8539,39.9486,0.000248622,25.8438,50.2851,7.75492e-05,29.237,63.2963,2.42508e-05,33.0837,79.6738,7.67162e-06,37.4415,100.288,2.32837e-06,42.3767,126.236,7.33e-07,47.9646,158.896,2.79256e-07,54.2906,200.003,9.87351e-09,61.452,251.741,1.61085e-07,69.5585,316.859,-2.47141e-07,78.7347,398.812,8.93552e-08,89.1218,501.948,-2.53231e-07,100.879,631.736,-1.25047e-07,114.188,795.049,-1.78808e-07,129.252,1000.53,2.6733e-07,146.304,1259.03,4.50292e-07,165.605,1584.19,6.76904e-07,187.452,1993.12,-1.23808e-07,212.181,2507.27,-4.89068e-07,240.173,3153.54,-5.40284e-07,271.856,3965.56,1.86061e-07,307.719,4985.38,4.37004e-07,348.313,6265.4,3.59828e-07,394.26,7870.83,3.98192e-07,446.268,9882.51,-1.92908e-07,505.135,12400.3,-2.20392e-07,571.766,15546.9,1.51705e-07,647.184,19472.2,5.74996e-07,732.547,24357.4,5.39112e-07,829.167,30420,5.07815e-09,938.526,37916.3,-4.11492e-07,1062.3,47143.9,-3.9561e-07,1202.4,58439.2,3.86185e-08,1360.96,72169.3,5.94093e-07,1540.42,88715.8,7.47693e-07,1743.53,108445,1.78537e-07,1973.41,131665,-4.12549e-07,2233.57,158557,-5.37164e-07,2528,189103,-1.17615e-07,2861.2,222986,5.66769e-07,3238.27,259510,9.45053e-07,3664.97,297540,4.25093e-07,4147.81,335497,-3.58506e-07,4694.17,371444,-6.7724e-07,5312.37,403256,1.67192e-07,1.61744,3.89446,9.84394,3.28846,7.5504,12.774,5.07607,11.7187,13.6844,7.03202,16.8147,13.9681,9.20215,23.1769,14.0566,11.6301,31.1672,14.0841,14.3598,41.2186,14.0927,17.4376,53.8688,14.0954,20.9137,69.7915,14.0962,24.8432,89.8341,14.0965,29.2879,115.063,14.0966,34.3168,146.819,14.0966,40.0078,186.792,14.0966,46.4487,237.107,14.0966,53.7388,300.44,14.0966,61.9903,380.158,14.0966,71.3301,480.499,14.0966,81.902,606.796,14.0966,93.8685,765.761,14.0966,107.414,965.837,14.0966,122.746,1217.65,14.0966,140.101,1534.57,14.0966,159.745,1933.41,14.0966,181.981,2435.3,14.0966,207.15,3066.85,14.0966,235.64,3861.46,14.0966,267.889,4861.11,14.0966,304.391,6118.54,14.0966,345.709,7699.91,14.0966,392.478,9688.22,14.0966,445.417,12187.5,14.0966,505.339,15327.7,14.0966,573.165,19271.6,14.0966,649.938,24222,14.0966,736.839,30430.9,14.0966,835.202,38211.5,14.0966,946.539,47950.3,14.0966,1072.56,60122.8,14.0966,1215.21,75309.9,14.0966,1376.66,94216.2,14.0966,1559.41,117688,14.0966,1766.26,146729,14.0966,2000.39,182510,14.0966,2265.39,226372,14.0966,2565.33,279806,14.0966,2904.81,344416,14.0966,3289.05,421845,14.0966,3723.93,513667,14.0966,4216.13,621231,14.0966,4773.18,745478,14.0966,5403.64,886744,14.0966,6117.15,1.04457e+06,14.0966,6924.63,1.2176e+06,14.0966,11.7194,11.96,12.6541,13.9321,16.1295,13.6434,16.6097,21.9702,13.9553,19.7532,29.5285,14.0526,23.3844,39.1143,14.0829,27.5423,51.2054,14.0923,32.2796,66.434,14.0953,37.662,85.6061,14.0962,43.7675,109.74,14.0965,50.687,140.119,14.0966,58.5249,178.359,14.0966,67.4005,226.493,14.0966,77.4493,287.08,14.0966,88.8254,363.343,14.0966,101.703,459.336,14.0966,116.281,580.161,14.0966,132.782,732.241,14.0966,151.46,923.655,14.0966,172.603,1164.57,14.0966,196.535,1467.79,14.0966,223.625,1849.39,14.0966,254.288,2329.62,14.0966,288.997,2933.93,14.0966,328.285,3694.33,14.0966,372.755,4651.04,14.0966,423.092,5854.57,14.0966,480.07,7368.38,14.0966,544.564,9272.08,14.0966,617.566,11665.5,14.0966,700.197,14673.6,14.0966,793.729,18452.9,14.0966,899.599,23198.6,14.0966,1019.43,29154.1,14.0966,1155.07,36622.3,14.0966,1308.6,45977.9,14.0966,1482.39,57683.7,14.0966,1679.09,72307.8,14.0966,1901.73,90542.8,14.0966,2153.73,113226,14.0966,2438.97,141360,14.0966,2761.81,176127,14.0966,3127.22,218898,14.0966,3540.81,271226,14.0966,4008.92,334817,14.0966,4538.74,411470,14.0966,5138.38,502973,14.0966,5817.04,610948,14.0966,6585.12,736653,14.0966,7454.39,880741,14.0966,8438.15,1.04302e+06,14.0966,9551.45,1.22224e+06,14.0966,10811.3,1.41602e+06,14.0966,12237,1.62086e+06,14.0966,11.7194,11.96,12.6541,2.21263,4.16949,0.989383,2.67766,5.84076,0.311842,3.14343,7.55825,0.0972771,3.63127,9.58578,0.0303237,4.15787,12.0912,0.00945211,4.73731,15.2286,0.00294633,5.38238,19.1721,0.000918508,6.10553,24.134,0.000286163,6.91951,30.3791,8.92692e-05,7.83792,38.2397,2.78121e-05,8.87555,48.1338,8.65134e-06,10.0489,60.5876,2.7882e-06,11.3761,76.2629,8.29036e-07,12.8779,95.9927,2.4373e-07,14.5775,120.825,4.33068e-09,16.5012,152.08,1.75749e-07,18.6784,191.415,-1.86328e-07,21.1428,240.917,1.91829e-07,23.9322,303.213,-1.81475e-07,27.0895,381.602,7.0186e-08,30.6634,480.231,-2.86769e-08,34.7087,604.316,2.40784e-07,39.2876,760.401,9.87368e-08,44.4705,956.705,1.22263e-07,50.3371,1203.54,-4.31966e-07,56.9776,1513.81,-1.9705e-07,64.494,1903.69,-2.763e-08,73.0018,2393.4,3.9185e-07,82.6317,3008.13,1.35379e-07,93.5318,3779.25,-4.16351e-08,105.869,4745.7,2.06965e-08,119.834,5955.6,-3.18887e-07,135.641,7468.12,-1.48271e-08,153.531,9355.62,2.00739e-07,173.781,11705.8,2.28358e-07,196.701,14624.1,-1.93587e-08,222.642,18235,-2.88101e-07,252.003,22683.4,-2.24732e-07,285.234,28134,8.56806e-09,322.845,34767,2.34258e-07,365.413,42770.9,2.99668e-07,413.588,52327.9,8.28644e-08,468.111,63591.2,-3.07049e-07,529.814,76653.2,-3.1888e-07,599.642,91502.5,-6.72276e-08,678.662,107975,2.26339e-07,768.083,125705,3.69212e-07,869.267,144088,2.04077e-07,983.76,162277,-2.80509e-07,1113.3,179223,-4.22737e-07,1259.87,193777,-1.71951e-07,1425.68,204839,4.55555e-07,11.7194,11.96,12.6541,2.21263,4.16949,0.989383,2.67766,5.84076,0.311842,3.14343,7.55825,0.0972771,3.63127,9.58578,0.0303237,4.15787,12.0912,0.00945211,4.73731,15.2286,0.00294633,5.38238,19.1721,0.000918508,6.10553,24.134,0.000286163,6.91951,30.3791,8.92692e-05,7.83792,38.2397,2.78121e-05,8.87555,48.1338,8.65134e-06,10.0489,60.5876,2.7882e-06,11.3761,76.2629,8.29036e-07,12.8779,95.9927,2.4373e-07,14.5775,120.825,1e-08,16.5012,152.08,1.75749e-07,18.6784,191.415,1e-08,21.1428,240.917,1.91829e-07,23.9322,303.213,1e-08,27.0895,381.602,7.0186e-08,30.6634,480.231,1e-08,34.7087,604.316,2.40784e-07,39.2876,760.401,9.87368e-08,44.4705,956.705,1.22263e-07,50.3371,1203.54,1e-08,56.9776,1513.81,1e-08,64.494,1903.69,1e-08,73.0018,2393.4,3.9185e-07,82.6317,3008.13,1.35379e-07,93.5318,3779.25,1e-08,105.869,4745.7,2.06965e-08,119.834,5955.6,1e-08,135.641,7468.12,1e-08,153.531,9355.62,2.00739e-07,173.781,11705.8,2.28358e-07,196.701,14624.1,1e-08,222.642,18235,1e-08,252.003,22683.4,1e-08,285.234,28134,1e-08,322.845,34767,2.34258e-07,365.413,42770.9,2.99668e-07,413.588,52327.9,8.28644e-08,468.111,63591.2,1e-08,529.814,76653.2,1e-08,599.642,91502.5,1e-08,678.662,107975,2.26339e-07,768.083,125705,3.69212e-07,869.267,144088,2.04077e-07,983.76,162277,1e-08,1113.3,179223,1e-08,1259.87,193777,1e-08,1425.68,204839,4.55555e-07,6.2823,3.27286,2.43537,0.219672,6.18826,2.24117,0.56371,6.87772,2.63624,0.308279,8,12,17,4,3,1,0,6,0,3,12,0,3,19,0,2,4,0,1,6,0,1,10,0,5,18,0,1,51,0,7,23,0,11,28,0,3,43,0,7,70,0,19,99,0,3,247,0,7,125,0,12,148,0,24,387,0,42,292,0,20,251,0,18,691,0,54,735,0,42,937,0,33,673,0,59,2215,0,36,2462,0,44,993,0,74,3886,0,34,2579,0,139,6312,0,79,6200,0,171,5826,0,280,10167,0,158,10100,0,159,8999,0,67,21576,0,257,16181,0,216,12684,0,208,33698,0,469,50830,0,295,32649,0,74,62879,0,149,83877,0,374,113337,0,319,39477,0,510,91399,0,760,52255,0,1388,340334,0,890,149611,0,1012,196276,0,2216,233308,0,842,196170,0
-1.05176e+08,1,8.88811e-15,10,1023,0,1.05176e+08,0.528882,1.08665,0.389689,0.145397,0.379329,3.24381,0.161596,0.446195,1.77396,0.159177,1.15e+07,4.49998e+06,6.79999e+06,1.15e+07,4.49997e+06,6.79999e+06,1.15e+07,4.49996e+06,6.79999e+06,1.15e+07,4.49995e+06,6.79999e+06,1.14999e+07,4.49993e+06,6.79999e+06,1.14999e+07,4.49991e+06,6.79999e+06,1.14999e+07,4.49989e+06,6.79999e+06,1.14999e+07,4.49986e+06,6.79999e+06,1.14999e+07,4.49982e+06,6.79999e+06,1.14999e+07,4.49977e+06,6.79999e+06,1.14999e+07,4.49971e+06,6.79999e+06,1.14999e+07,4.49963e+06,6.79999e+06,1.14998e+07,4.49953e+06,6.79999e+06,1.14998e+07,4.49941e+06,6.79999e+06,1.14998e+07,4.49926e+06,6.79999e+06,1.14998e+07,4.49906e+06,6.79999e+06,1.14997e+07,4.49882e+06,6.79999e+06,1.14997e+07,4.49851e+06,6.79999e+06,1.14997e+07,4.49812e+06,6.79999e+06,1.14996e+07,4.49764e+06,6.79999e+06,1.14996e+07,4.49702e+06,6.79999e+06,1.14995e+07,4.49625e+06,6.79999e+06,1.14995e+07,4.49528e+06,6.79999e+06,1.14994e+07,4.49406e+06,6.79999e+06,1.14993e+07,4.49253e+06,6.79999e+06,1.14992e+07,4.49059e+06,6.79999e+06,1.14991e+07,4.48817e+06,6.79999e+06,1.1499e+07,4.48511e+06,6.79999e+06,1.14988e+07,4.48128e+06,6.79999e+06,1.14987e+07,4.47646e+06,6.79999e+06,1.14985e+07,4.47041e+06,6.79999e+06,1.14983e+07,4.46281e+06,6.79999e+06,1.14981e+07,4.4533e+06,6.79999e+06,1.14979e+07,4.44138e+06,6.79999e+06,1.14976e+07,4.42649e+06,6.79999e+06,1.14972e+07,4.40789e+06,6.79999e+06,1.14969e+07,4.38471e+06,6.79999e+06,1.14965e+07,4.35592e+06,6.79999e+06,1.1496e+07,4.32027e+06,6.79999e+06,1.14955e+07,4.27629e+06,6.79999e+06,1.14949e+07,4.22231e+06,6.79999e+06,1.14942e+07,4.15647e+06,6.79999e+06,1.14934e+07,4.07676e+06,6.79999e+06,1.14926e+07,3.98112e+06,6.79999e+06,1.14916e+07,3.86765e+06,6.79999e+06,1.14905e+07,3.73474e+06,6.79999e+06,1.14892e+07,3.58148e+06,6.79999e+06,1.14878e+07,3.40785e+06,6.79999e+06,1.14862e+07,3.21513e+06,6.79999e+06,1.14844e+07,3.00605e+06,6.79999e+06,1.14823e+07,2.7848e+06,6.79999e+06,1.148e+07,2.5568e+06,6.79999e+06,1.14773e+07,2.32825e+06,6.79999e+06,13.5742,8.52444,0.508366,16.8306,13.2585,0.162638,20.0035,17.569,0.0507846,23.2616,22.4214,0.0158319,26.7328,28.3297,0.00493498,30.5212,35.6974,0.00153831,34.7178,44.9473,0.000479527,39.4086,56.5822,0.000149456,44.6796,71.2245,4.66214e-05,50.6209,89.6543,1.45419e-05,57.3297,112.852,4.54748e-06,64.9129,142.051,1.43857e-06,73.4897,178.803,4.36618e-07,83.1934,225.062,1.40153e-07,94.1745,283.286,4.96378e-08,106.602,356.568,1.05434e-07,120.669,448.799,-6.49244e-08,136.59,564.873,1.70148e-07,154.611,710.948,-5.34594e-08,175.008,894.767,1.63407e-07,198.097,1126.06,8.04804e-08,224.231,1417.07,1.14667e-07,253.813,1783.15,-1.71227e-07,287.297,2243.62,-2.88466e-07,325.198,2822.67,-4.33651e-07,368.098,3550.67,7.9318e-08,416.657,4465.65,3.13319e-07,471.621,5615.16,3.4613e-07,533.835,7058.61,-1.19199e-07,604.255,8870.02,-2.79964e-07,683.962,11141.4,-2.30521e-07,774.182,13986.7,-2.55099e-07,876.299,17546.4,1.23585e-07,991.883,21993.1,1.41192e-07,1122.71,27536.7,-9.71886e-08,1270.78,34430.7,-3.68368e-07,1438.38,42977.7,-3.45379e-07,1628.07,53532.7,-3.25328e-09,1842.77,66504.6,2.6362e-07,2085.77,82350.2,2.53445e-07,2360.79,101560,-2.47407e-08,2672.05,124632,-3.80602e-07,3024.31,152018,-4.79005e-07,3422.98,184060,-1.14379e-07,3874.15,220884,2.64297e-07,4384.72,262283,3.44131e-07,4962.49,307576,7.5349e-08,5616.29,355497,-3.63097e-07,6356.1,404126,-6.05442e-07,7193.18,450932,-2.72333e-07,8140.28,492963,2.29675e-07,9211.79,527178,4.3387e-07,10424,550893,-1.0711e-07,10.102,8.06553,2.81012,10.6436,8.57909,0.869423,11.5336,10.2515,0.270869,12.7211,12.7138,0.0844293,14.1823,15.9373,0.0263173,15.9122,20.0383,0.0082035,17.9198,25.2154,0.00255722,20.2244,31.7373,0.000797017,22.8539,39.9486,0.000248622,25.8438,50.2851,7.75492e-05,29.237,63.2963,2.42508e-05,33.0837,79.6738,7.67162e-06,37.4415,100.288,2.32837e-06,42.3767,126.236,7.33e-07,47.9646,158.896,2.79256e-07,54.2906,200.003,9.87351e-09,61.452,251.741,1.61085e-07,69.5585,316.859,-2.47141e-07,78.7347,398.812,8.93552e-08,89.1218,501.948,-2.53231e-07,100.879,631.736,-1.25047e-07,114.188,795.049,-1.78808e-07,129.252,1000.53,2.6733e-07,146.304,1259.03,4.50292e-07,165.605,1584.19,6.76904e-07,187.452,1993.12,-1.23808e-07,212.181,2507.27,-4.89068e-07,240.173,3153.54,-5.40284e-07,271.856,3965.56,1.86061e-07,307.719,4985.38,4.37004e-07,348.313,6265.4,3.59828e-07,394.26,7870.83,3.98192e-07,446.268,9882.51,-1.92908e-07,505.135,12400.3,-2.20392e-07,571.766,15546.9,1.51705e-07,647.184,19472.2,5.74996e-07,732.547,24357.4,5.39112e-07,829.167,30420,5.07815e-09,938.526,37916.3,-4.11492e-07,1062.3,47143.9,-3.9561e-07,1202.4,58439.2,3.86185e-08,1360.96,72169.3,5.94093e-07,1540.42,88715.8,7.47693e-07,1743.53,108445,1.78537e-07,1973.41,131665,-4.12549e-07,2233.57,158557,-5.37164e-07,2528,189103,-1.17615e-07,2861.2,222986,5.66769e-07,3238.27,259510,9.45053e-07,3664.97,297540,4.25093e-07,4147.81,335497,-3.58506e-07,4694.17,371444,-6.7724e-07,5312.37,403256,1.67192e-07,1.61744,3.89446,9.84394,3.28846,7.5504,12.774,5.07607,11.7187,13.6844,7.03202,16.8147,13.9681,9.20215,23.1769,14.0566,11.6301,31.1672,14.0841,14.3598,41.2186,14.0927,17.4376,53.8688,14.0954,20.9137,69.7915,14.0962,24.8432,89.8341,14.0965,29.2879,115.063,14.0966,34.3168,146.819,14.0966,40.0078,186.792,14.0966,46.4487,237.107,14.0966,53.7388,300.44,14.0966,61.9903,380.158,14.0966,71.3301,480.499,14.0966,81.902,606.796,14.0966,93.8685,765.761,14.0966,107.414,965.837,14.0966,122.746,1217.65,14.0966,140.101,1534.57,14.0966,159.745,1933.41,14.0966,181.981,2435.3,14.0966,207.15,3066.85,14.0966,235.64,3861.46,14.0966,267.889,4861.11,14.0966,304.391,6118.54,14.0966,345.709,7699.91,14.0966,392.478,9688.22,14.0966,445.417,12187.5,14.0966,505.339,15327.7,14.0966,573.165,19271.6,14.0966,649.938,24222,14.0966,736.839,30430.9,14.0966,835.202,38211.5,14.0966,946.539,47950.3,14.0966,1072.56,60122.8,14.0966,1215.21,75309.9,14.0966,1376.66,94216.2,14.0966,1559.41,117688,14.0966,1766.26,146729,14.0966,2000.39,182510,14.0966,2265.39,226372,14.0966,2565.33,279806,14.0966,2904.81,344416,14.0966,3289.05,421845,14.0966,3723.93,513667,14.0966,4216.13,621231,14.0966,4773.18,745478,14.0966,5403.64,886744,14.0966,6117.15,1.04457e+06,14.0966,6924.63,1.2176e+06,14.0966,11.7194,11.96,12.6541,13.9321,16.1295,13.6434,16.6097,21.9702,13.9553,19.7532,29.5285,14.0526,23.3844,39.1143,14.0829,27.5423,51.2054,14.0923,32.2796,66.434,14.0953,37.662,85.6061,14.0962,43.7675,109.74,14.0965,50.687,140.119,14.0966,58.5249,178.359,14.0966,67.4005,226.493,14.0966,77.4493,287.08,14.0966,88.8254,363.343,14.0966,101.703,459.336,14.0966,116.281,580.161,14.0966,132.782,732.241,14.0966,151.46,923.655,14.0966,172.603,1164.57,14.0966,196.535,1467.79,14.0966,223.625,1849.39,14.0966,254.288,2329.62,14.0966,288.997,2933.93,14.0966,328.285,3694.33,14.0966,372.755,4651.04,14.0966,423.092,5854.57,14.0966,480.07,7368.38,14.0966,544.564,9272.08,14.0966,617.566,11665.5,14.0966,700.197,14673.6,14.0966,793.729,18452.9,14.0966,899.599,23198.6,14.0966,1019.43,29154.1,14.0966,1155.07,36622.3,14.0966,1308.6,45977.9,14.0966,1482.39,57683.7,14.0966,1679.09,72307.8,14.0966,1901.73,90542.8,14.0966,2153.73,113226,14.0966,2438.97,141360,14.0966,2761.81,176127,14.0966,3127.22,218898,14.0966,3540.81,271226,14.0966,4008.92,334817,14.0966,4538.74,411470,14.0966,5138.38,502973,14.0966,5817.04,610948,14.0966,6585.12,736653,14.0966,7454.39,880741,14.0966,8438.15,1.04302e+06,14.0966,9551.45,1.22224e+06,14.0966,10811.3,1.41602e+06,14.0966,12237,1.62086e+06,14.0966,11.7194,11.96,12.6541,2.21263,4.16949,0.989383,2.67766,5.84076,0.311842,3.14343,7.55825,0.0972771,3.63127,9.58578,0.0303237,4.15787,12.0912,0.00945211,4.73731,15.2286,0.00294633,5.38238,19.1721,0.000918508,6.10553,24.134,0.000286163,6.91951,30.3791,8.92692e-05,7.83792,38.2397,2.78121e-05,8.87555,48.1338,8.65134e-06,10.0489,60.5876,2.7882e-06,11.3761,76.2629,8.29036e-07,12.8779,95.9927,2.4373e-07,14.5775,120.825,4.33068e-09,16.5012,152.08,1.75749e-07,18.6784,191.415,-1.86328e-07,21.1428,240.917,1.91829e-07,23.9322,303.213,-1.81475e-07,27.0895,381.602,7.0186e-08,30.6634,480.231,-2.86769e-08,34.7087,604.316,2.40784e-07,39.2876,760.401,9.87368e-08,44.4705,956.705,1.22263e-07,50.3371,1203.54,-4.31966e-07,56.9776,1513.81,-1.9705e-07,64.494,1903.69,-2.763e-08,73.0018,2393.4,3.9185e-07,82.6317,3008.13,1.35379e-07,93.5318,3779.25,-4.16351e-08,105.869,4745.7,2.06965e-08,119.834,5955.6,-3.18887e-07,135.641,7468.12,-1.48271e-08,153.531,9355.62,2.00739e-07,173.781,11705.8,2.28358e-07,196.701,14624.1,-1.93587e-08,222.642,18235,-2.88101e-07,252.003,22683.4,-2.24732e-07,285.234,28134,8.56806e-09,322.845,34767,2.34258e-07,365.413,42770.9,2.99668e-07,413.588,52327.9,8.28644e-08,468.111,63591.2,-3.07049e-07,529.814,76653.2,-3.1888e-07,599.642,91502.5,-6.72276e-08,678.662,107975,2.26339e-07,768.083,125705,3.69212e-07,869.267,144088,2.04077e-07,983.76,162277,-2.80509e-07,1113.3,179223,-4.22737e-07,1259.87,193777,-1.71951e-07,1425.68,204839,4.55555e-07,11.7194,11.96,12.6541,2.21263,4.16949,0.989383,2.67766,5.84076,0.311842,3.14343,7.55825,0.0972771,3.63127,9.58578,0.0303237,4.15787,12.0912,0.00945211,4.73731,15.2286,0.00294633,5.38238,19.1721,0.000918508,6.10553,24.134,0.000286163,6.91951,30.3791,8.92692e-05,7.83792,38.2397,2.78121e-05,8.87555,48.1338,8.65134e-06,10.0489,60.5876,2.7882e-06,11.3761,76.2629,8.29036e-07,12.8779,95.9927,2.4373e-07,14.5775,120.825,1e-08,16.5012,152.08,1.75749e-07,18.6784,191.415,1e-08,21.1428,240.917,1.91829e-07,23.9322,303.213,1e-08,27.0895,381.602,7.0186e-08,30.6634,480.231,1e-08,34.7087,604.316,2.40784e-07,39.2876,760.401,9.87368e-08,44.4705,956.705,1.22263e-07,50.3371,1203.54,1e-08,56.9776,1513.81,1e-08,64.494,1903.69,1e-08,73.0018,2393.4,3.9185e-07,82.6317,3008.13,1.35379e-07,93.5318,3779.25,1e-08,105.869,4745.7,2.06965e-08,119.834,5955.6,1e-08,135.641,7468.12,1e-08,153.531,9355.62,2.00739e-07,173.781,11705.8,2.28358e-07,196.701,14624.1,1e-08,222.642,18235,1e-08,252.003,22683.4,1e-08,285.234,28134,1e-08,322.845,34767,2.34258e-07,365.413,42770.9,2.99668e-07,413.588,52327.9,8.28644e-08,468.111,63591.2,1e-08,529.814,76653.2,1e-08,599.642,91502.5,1e-08,678.662,107975,2.26339e-07,768.083,125705,3.69212e-07,869.267,144088,2.04077e-07,983.76,162277,1e-08,1113.3,179223,1e-08,1259.87,193777,1e-08,1425.68,204839,4.55555e-07,6.2823,3.27286,2.43537,0.219672,6.18826,2.24117,0.56371,6.87772,2.63624,0.308279,3,9,13,3,2,0,2,11,0,6,3,0,2,3,0,6,8,0,5,10,0,5,28,0,5,34,0,8,48,0,9,30,0,1,28,0,11,107,0,11,47,0,11,68,0,11,162,0,13,112,0,12,110,0,4,127,0,22,602,0,38,250,0,21,647,0,42,470,0,26,414,0,31,711,0,45,1066,0,45,1364,0,82,2439,0,87,3892,0,80,877,0,102,3083,0,239,4265,0,87,2702,0,195,8825,0,228,10614,0,72,21500,0,101,8434,0,404,23252,0,273,46504,0,331,36236,0,299,14983,0,343,29967,0,519,65173,0,762,32381,0,609,98958,0,888,74590,0,708,133034,0,1162,73508,0,797,189069,0,913,124690,0,840,151441,0,1637,225636,0,418,281841,0
-1.05176e+08,1.48641e-52,8.88811e-15,10,1023,0,1.05176e+08,0.528882,1.08665,0.389689,0.145397,0.379329,3.24381,0.161596,0.446195,1.77396,0.159177,1.15e+07,4.49998e+06,6.79999e+06,1.15e+07,4.49997e+06,6.79999e+06,1.15e+07,4.49996e+06,6.79999e+06,1.15e+07,4.49995e+06,6.79999e+06,1.14999e+07,4.49993e+06,6.79999e+06,1.14999e+07,4.49991e+06,6.79999e+06,1.14999e+07,4.49989e+06,6.79999e+06,1.14999e+07,4.49986e+06,6.79999e+06,1.14999e+07,4.49982e+06,6.79999e+06,1.14999e+07,4.49977e+06,6.79999e+06,1.14999e+07,4.49971e+06,6.79999e+06,1.14999e+07,4.49963e+06,6.79999e+06,1.14998e+07,4.49953e+06,6.79999e+06,1.14998e+07,4.49941e+06,6.79999e+06,1.14998e+07,4.49926e+06,6.79999e+06,1.14998e+07,4.49906e+06,6.79999e+06,1.14997e+07,4.49882e+06,6.79999e+06,1.14997e+07,4.49851e+06,6.79999e+06,1.14997e+07,4.49812e+06,6.79999e+06,1.14996e+07,4.49764e+06,6.79999e+06,1.14996e+07,4.49702e+06,6.79999e+06,1.14995e+07,4.49625e+06,6.79999e+06,1.14995e+07,4.49528e+06,6.79999e+06,1.14994e+07,4.49406e+06,6.79999e+06,1.14993e+07,4.49253e+06,6.79999e+06,1.14992e+07,4.49059e+06,6.79999e+06,1.14991e+07,4.48817e+06,6.79999e+06,1.1499e+07,4.48511e+06,6.79999e+06,1.14988e+07,4.48128e+06,6.79999e+06,1.14987e+07,4.47646e+06,6.79999e+06,1.14985e+07,4.47041e+06,6.79999e+06,1.14983e+07,4.46281e+06,6.79999e+06,1.14981e+07,4.4533e+06,6.79999e+06,1.14979e+07,4.44138e+06,6.79999e+06,1.14976e+07,4.42649e+06,6.79999e+06,1.14972e+07,4.40789e+06,6.79999e+06,1.14969e+07,4.38471e+06,6.79999e+06,1.14965e+07,4.35592e+06,6.79999e+06,1.1496e+07,4.32027e+06,6.79999e+06,1.14955e+07,4.27629e+06,6.79999e+06,1.14949e+07,4.22231e+06,6.79999e+06,1.14942e+07,4.15647e+06,6.79999e+06,1.14934e+07,4.07676e+06,6.79999e+06,1.14926e+07,3.98112e+06,6.79999e+06,1.14916e+07,3.86765e+06,6.79999e+06,1.14905e+07,3.73474e+06,6.79999e+06,1.14892e+07,3.58148e+06,6.79999e+06,1.14878e+07,3.40785e+06,6.79999e+06,1.14862e+07,3.21513e+06,6.79999e+06,1.14844e+07,3.00605e+06,6.79999e+06,1.14823e+07,2.7848e+06,6.79999e+06,1.148e+07,2.5568e+06,6.79999e+06,1.14773e+07,2.32825e+06,6.79999e+06,13.5742,8.52444,0.508366,16.8306,13.2585,0.162638,20.0035,17.569,0.0507846,23.2616,22.4214,0.0158319,26.7328,28.3297,0.00493498,30.5212,35.6974,0.00153831,34.7178,44.9473,0.000479527,39.4086,56.5822,0.000149456,44.6796,71.2245,4.66214e-05,50.6209,89.6543,1.45419e-05,57.3297,112.852,4.54748e-06,64.9129,142.051,1.43857e-06,73.4897,178.803,4.36618e-07,83.1934,225.062,1.40153e-07,94.1745,283.286,4.96378e-08,106.602,356.568,1.05434e-07,120.669,448.799,-6.49244e-08,136.59,564.873,1.70148e-07,154.611,710.948,-5.34594e-08,175.008,894.767,1.63407e-07,198.097,1126.06,8.04804e-08,224.231,1417.07,1.14667e-07,253.813,1783.15,-1.71227e-07,287.297,2243.62,-2.88466e-07,325.198,2822.67,-4.33651e-07,368.098,3550.67,7.9318e-08,416.657,4465.65,3.13319e-07,471.621,5615.16,3.4613e-07,533.835,7058.61,-1.19199e-07,604.255,8870.02,-2.79964e-07,683.962,11141.4,-2.30521e-07,774.182,13986.7,-2.55099e-07,876.299,17546.4,1.23585e-07,991.883,21993.1,1.41192e-07,1122.71,27536.7,-9.71886e-08,1270.78,34430.7,-3.68368e-07,1438.38,42977.7,-3.45379e-07,1628.07,53532.7,-3.25328e-09,1842.77,66504.6,2.6362e-07,2085.77,82350.2,2.53445e-07,2360.79,101560,-2.47407e-08,2672.05,124632,-3.80602e-07,3024.31,152018,-4.79005e-07,3422.98,184060,-1.14379e-07,3874.15,220884,2.64297e-07,4384.72,262283,3.44131e-07,4962.49,307576,7.5349e-08,5616.29,355497,-3.63097e-07,6356.1,404126,-6.05442e-07,7193.18,450932,-2.72333e-07,8140.28,492963,2.29675e-07,9211.79,527178,4.3387e-07,10424,550893,-1.0711e-07,10.102,8.06553,2.81012,10.6436,8.57909,0.869423,11.5336,10.2515,0.270869,12.7211,12.7138,0.0844293,14.1823,15.9373,0.0263173,15.9122,20.0383,0.0082035,17.9198,25.2154,0.00255722,20.2244,31.7373,0.000797017,22.8539,39.9486,0.000248622,25.8438,50.2851,7.75492e-05,29.237,63.2963,2.42508e-05,33.0837,79.6738,7.67162e-06,37.4415,100.288,2.32837e-06,42.3767,126.236,7.33e-07,47.9646,158.896,2.79256e-07,54.2906,200.003,9.87351e-09,61.452,251.741,1.61085e-07,69.5585,316.859,-2.47141e-07,78.7347,398.812,8.93552e-08,89.1218,501.948,-2.53231e-07,100.879,631.736,-1.25047e-07,114.188,795.049,-1.78808e-07,129.252,1000.53,2.6733e-07,146.304,1259.03,4.50292e-07,165.605,1584.19,6.76904e-07,187.452,1993.12,-1.23808e-07,212.181,2507.27,-4.89068e-07,240.173,3153.54,-5.40284e-07,271.856,3965.56,1.86061e-07,307.719,4985.38,4.37004e-07,348.313,6265.4,3.59828e-07,394.26,7870.83,3.98192e-07,446.268,9882.51,-1.92908e-07,505.135,12400.3,-2.20392e-07,571.766,15546.9,1.51705e-07,647.184,19472.2,5.74996e-07,732.547,24357.4,5.39112e-07,829.167,30420,5.07815e-09,938.526,37916.3,-4.11492e-07,1062.3,47143.9,-3.9561e-07,1202.4,58439.2,3.86185e-08,1360.96,72169.3,5.94093e-07,1540.42,88715.8,7.47693e-07,1743.53,108445,1.78537e-07,1973.41,131665,-4.12549e-07,2233.57,158557,-5.37164e-07,2528,189103,-1.17615e-07,2861.2,222986,5.66769e-07,3238.27,259510,9.45053e-07,3664.97,297540,4.25093e-07,4147.81,335497,-3.58506e-07,4694.17,371444,-6.7724e-07,5312.37,403256,1.67192e-07,1.61744,3.89446,9.84394,3.28846,7.5504,12.774,5.07607,11.7187,13.6844,7.03202,16.8147,13.9681,9.20215,23.1769,14.0566,11.6301,31.1672,14.0841,14.3598,41.2186,14.0927,17.4376,53.8688,14.0954,20.9137,69.7915,14.0962,24.8432,89.8341,14.0965,29.2879,115.063,14.0966,34.3168,146.819,14.0966,40.0078,186.792,14.0966,46.4487,237.107,14.0966,53.7388,300.44,14.0966,61.9903,380.158,14.0966,71.3301,480.499,14.0966,81.902,606.796,14.0966,93.8685,765.761,14.0966,107.414,965.837,14.0966,122.746,1217.65,14.0966,140.101,1534.57,14.0966,159.745,1933.41,14.0966,181.981,2435.3,14.0966,207.15,3066.85,14.0966,235.64,3861.46,14.0966,267.889,4861.11,14.0966,304.391,6118.54,14.0966,345.709,7699.91,14.0966,392.478,9688.22,14.0966,445.417,12187.5,14.0966,505.339,15327.7,14.0966,573.165,19271.6,14.0966,649.938,24222,14.0966,736.839,30430.9,14.0966,835.202,38211.5,14.0966,946.539,47950.3,14.0966,1072.56,60122.8,14.0966,1215.21,75309.9,14.0966,1376.66,94216.2,14.0966,1559.41,117688,14.0966,1766.26,146729,14.0966,2000.39,182510,14.0966,2265.39,226372,14.0966,2565.33,279806,14.0966,2904.81,344416,14.0966,3289.05,421845,14.0966,3723.93,513667,14.0966,4216.13,621231,14.0966,4773.18,745478,14.0966,5403.64,886744,14.0966,6117.15,1.04457e+06,14.0966,6924.63,1.2176e+06,14.0966,11.7194,11.96,12.6541,13.9321,16.1295,13.6434,16.6097,21.9702,13.9553,19.7532,29.5285,14.0526,23.3844,39.1143,14.0829,27.5423,51.2054,14.0923,32.2796,66.434,14.0953,37.662,85.6061,14.0962,43.7675,109.74,14.0965,50.687,140.119,14.0966,58.5249,178.359,14.0966,67.4005,226.493,14.0966,77.4493,287.08,14.0966,88.8254,363.343,14.0966,101.703,459.336,14.0966,116.281,580.161,14.0966,132.782,732.241,14.0966,151.46,923.655,14.0966,172.603,1164.57,14.0966,196.535,1467.79,14.0966,223.625,1849.39,14.0966,254.288,2329.62,14.0966,288.997,2933.93,14.0966,328.285,3694.33,14.0966,372.755,4651.04,14.0966,423.092,5854.57,14.0966,480.07,7368.38,14.0966,544.564,9272.08,14.0966,617.566,11665.5,14.0966,700.197,14673.6,14.0966,793.729,18452.9,14.0966,899.599,23198.6,14.0966,1019.43,29154.1,14.0966,1155.07,36622.3,14.0966,1308.6,45977.9,14.0966,1482.39,57683.7,14.0966,1679.09,72307.8,14.0966,1901.73,90542.8,14.0966,2153.73,113226,14.0966,2438.97,141360,14.0966,2761.81,176127,14.0966,3127.22,218898,14.0966,3540.81,271226,14.0966,4008.92,334817,14.0966,4538.74,411470,14.0966,5138.38,502973,14.0966,5817.04,610948,14.0966,6585.12,736653,14.0966,7454.39,880741,14.0966,8438.15,1.04302e+06,14.0966,9551.45,1.22224e+06,14.0966,10811.3,1.41602e+06,14.0966,12237,1.62086e+06,14.0966,11.7194,11.96,12.6541,2.21263,4.16949,0.989383,2.67766,5.84076,0.311842,3.14343,7.55825,0.0972771,3.63127,9.58578,0.0303237,4.15787,12.0912,0.00945211,4.73731,15.2286,0.00294633,5.38238,19.1721,0.000918508,6.10553,24.134,0.000286163,6.91951,30.3791,8.92692e-05,7.83792,38.2397,2.78121e-05,8.87555,48.1338,8.65134e-06,10.0489,60.5876,2.7882e-06,11.3761,76.2629,8.29036e-07,12.8779,95.9927,2.4373e-07,14.5775,120.825,4.33068e-09,16.5012,152.08,1.75749e-07,18.6784,191.415,-1.86328e-07,21.1428,240.917,1.91829e-07,23.9322,303.213,-1.81475e-07,27.0895,381.602,7.0186e-08,30.6634,480.231,-2.86769e-08,34.7087,604.316,2.40784e-07,39.2876,760.401,9.87368e-08,44.4705,956.705,1.22263e-07,50.3371,1203.54,-4.31966e-07,56.9776,1513.81,-1.9705e-07,64.494,1903.69,-2.763e-08,73.0018,2393.4,3.9185e-07,82.6317,3008.13,1.35379e-07,93.5318,3779.25,-4.16351e-08,105.869,4745.7,2.06965e-08,119.834,5955.6,-3.18887e-07,135.641,7468.12,-1.48271e-08,153.531,9355.62,2.00739e-07,173.781,11705.8,2.28358e-07,196.701,14624.1,-1.93587e-08,222.642,18235,-2.88101e-07,252.003,22683.4,-2.24732e-07,285.234,28134,8.56806e-09,322.845,34767,2.34258e-07,365.413,42770.9,2.99668e-07,413.588,52327.9,8.28644e-08,468.111,63591.2,-3.07049e-07,529.814,76653.2,-3.1888e-07,599.642,91502.5,-6.72276e-08,678.662,107975,2.26339e-07,768.083,125705,3.69212e-07,869.267,144088,2.04077e-07,983.76,162277,-2.80509e-07,1113.3,179223,-4.22737e-07,1259.87,193777,-1.71951e-07,1425.68,204839,4.55555e-07,11.7194,11.96,12.6541,2.21263,4.16949,0.989383,2.67766,5.84076,0.311842,3.14343,7.55825,0.0972771,3.63127,9.58578,0.0303237,4.15787,12.0912,0.00945211,4.73731,15.2286,0.00294633,5.38238,19.1721,0.000918508,6.10553,24.134,0.000286163,6.91951,30.3791,8.92692e-05,7.83792,38.2397,2.78121e-05,8.87555,48.1338,8.65134e-06,10.0489,60.5876,2.7882e-06,11.3761,76.2629,8.29036e-07,12.8779,95.9927,2.4373e-07,14.5775,120.825,1e-08,16.5012,152.08,1.75749e-07,18.6784,191.415,1e-08,21.1428,240.917,1.91829e-07,23.9322,303.213,1e-08,27.0895,381.602,7.0186e-08,30.6634,480.231,1e-08,34.7087,604.316,2.40784e-07,39.2876,760.401,9.87368e-08,44.4705,956.705,1.22263e-07,50.3371,1203.54,1e-08,56.9776,1513.81,1e-08,64.494,1903.69,1e-08,73.0018,2393.4,3.9185e-07,82.6317,3008.13,1.35379e-07,93.5318,3779.25,1e-08,105.869,4745.7,2.06965e-08,119.834,5955.6,1e-08,135.641,7468.12,1e-08,153.531,9355.62,2.00739e-07,173.781,11705.8,2.28358e-07,196.701,14624.1,1e-08,222.642,18235,1e-08,252.003,22683.4,1e-08,285.234,28134,1e-08,322.845,34767,2.34258e-07,365.413,42770.9,2.99668e-07,413.588,52327.9,8.28644e-08,468.111,63591.2,1e-08,529.814,76653.2,1e-08,599.642,91502.5,1e-08,678.662,107975,2.26339e-07,768.083,125705,3.69212e-07,869.267,144088,2.04077e-07,983.76,162277,1e-08,1113.3,179223,1e-08,1259.87,193777,1e-08,1425.68,204839,4.55555e-07,6.2823,3.27286,2.43537,0.219672,6.18826,2.24117,0.56371,6.87772,2.63624,0.308279,19,14,13,2,2,1,3,8,1,2,9,0,7,12,0,4,13,0,6,29,0,1,41,0,6,18,0,1,59,0,14,28,0,8,58,0,14,88,0,8,46,0,13,37,0,24,176,0,11,120,0,14,146,0,31,375,0,5,330,0,25,181,0,36,689,0,33,665,0,32,1309,0,45,820,0,80,1276,0,56,1120,0,63,1702,0,76,2181,0,125,3816,0,41,8311,0,87,4438,0,232,9476,0,149,3356,0,198,3851,0,107,11861,0,169,18074,0,115,13733,0,311,40803,0,143,47987,0,498,37600,0,295,33847,0,161,70704,0,154,53890,0,661,52116,0,650,130713,0,616,77875,0,1254,76452,0,883,115154,0,395,116280,0,1397,154100,0,823,216607,0,1507,210723,0
-1.05176e+08,1,8.88811e-15,10,1023,0,1.05176e+08,0.528882,1.08665,0.389689,0.145397,0.379329,3.24381,0.161596,0.446195,1.77396,0.159177,1.15e+07,4.49998e+06,6.79999e+06,1.15e+07,4.49997e+06,6.79999e+06,1.15e+07,4.49996e+06,6.79999e+06,1.15e+07,4.49995e+06,6.79999e+06,1.14999e+07,4.49993e+06,6.79999e+06,1.14999e+07,4.49991e+06,6.79999e+06,1.14999e+07,4.49989e+06,6.79999e+06,1.14999e+07,4.49986e+06,6.79999e+06,1.14999e+07,4.49982e+06,6.79999e+06,1.14999e+07,4.49977e+06,6.79999e+06,1.14999e+07,4.49971e+06,6.79999e+06,1.14999e+07,4.49963e+06,6.79999e+06,1.14998e+07,4.49953e+06,6.79999e+06,1.14998e+07,4.49941e+06,6.79999e+06,1.14998e+07,4.49926e+06,6.79999e+06,1.14998e+07,4.49906e+06,6.79999e+06,1.14997e+07,4.49882e+06,6.79999e+06,1.14997e+07,4.49851e+06,6.79999e+06,1.14997e+07,4.49812e+06,6.79999e+06,1.14996e+07,4.49764e+06,6.79999e+06,1.14996e+07,4.49702e+06,6.79999e+06,1.14995e+07,4.49625e+06,6.79999e+06,1.14995e+07,4.49528e+06,6.79999e+06,1.14994e+07,4.49406e+06,6.79999e+06,1.14993e+07,4.49253e+06,6.79999e+06,1.14992e+07,4.49059e+06,6.79999e+06,1.14991e+07,4.48817e+06,6.79999e+06,1.1499e+07,4.48511e+06,6.79999e+06,1.14988e+07,4.48128e+06,6.79999e+06,1.14987e+07,4.47646e+06,6.79999e+06,1.14985e+07,4.47041e+06,6.79999e+06,1.14983e+07,4.46281e+06,6.79999e+06,1.14981e+07,4.4533e+06,6.79999e+06,1.14979e+07,4.44138e+06,6.79999e+06,1.14976e+07,4.42649e+06,6.79999e+06,1.14972e+07,4.40789e+06,6.79999e+06,1.14969e+07,4.38471e+06,6.79999e+06,1.14965e+07,4.35592e+06,6.79999e+06,1.1496e+07,4.32027e+06,6.79999e+06,1.14955e+07,4.27629e+06,6.79999e+06,1.14949e+07,4.22231e+06,6.79999e+06,1.14942e+07,4.15647e+06,6.79999e+06,1.14934e+07,4.07676e+06,6.79999e+06,1.14926e+07,3.98112e+06,6.79999e+06,1.14916e+07,3.86765e+06,6.79999e+06,1.14905e+07,3.73474e+06,6.79999e+06,1.14892e+07,3.58148e+06,6.79999e+06,1.14878e+07,3.40785e+06,6.79999e+06,1.14862e+07,3.21513e+06,6.79999e+06,1.14844e+07,3.00605e+06,6.79999e+06,1.14823e+07,2.7848e+06,6.79999e+06,1.148e+07,2.5568e+06,6.79999e+06,1.14773e+07,2.32825e+06,6.79999e+06,13.5742,8.52444,0.508366,16.8306,13.2585,0.162638,20.0035,17.569,0.0507846,23.2616,22.4214,0.0158319,26.7328,28.3297,0.00493498,30.5212,35.6974,0.00153831,34.7178,44.9473,0.000479527,39.4086,56.5822,0.000149456,44.6796,71.2245,4.66214e-05,50.6209,89.6543,1.45419e-05,57.3297,112.852,4.54748e-06,64.9129,142.051,1.43857e-06,73.4897,178.803,4.36618e-07,83.1934,225.062,1.40153e-07,94.1745,283.286,4.96378e-08,106.602,356.568,1.05434e-07,120.669,448.799,-6.49244e-08,136.59,564.873,1.70148e-07,154.611,710.948,-5.34594e-08,175.008,894.767,1.63407e-07,198.097,1126.06,8.04804e-08,224.231,1417.07,1.14667e-07,253.813,1783.15,-1.71227e-07,287.297,2243.62,-2.88466e-07,325.198,2822.67,-4.33651e-07,368.098,3550.67,7.9318e-08,416.657,4465.65,3.13319e-07,471.621,5615.16,3.4613e-07,533.835,7058.61,-1.19199e-07,604.255,8870.02,-2.79964e-07,683.962,11141.4,-2.30521e-07,774.182,13986.7,-2.55099e-07,876.299,17546.4,1.23585e-07,991.883,21993.1,1.41192e-07,1122.71,27536.7,-9.71886e-08,1270.78,34430.7,-3.68368e-07,1438.38,42977.7,-3.45379e-07,1628.07,53532.7,-3.25328e-09,1842.77,66504.6,2.6362e-07,2085.77,82350.2,2.53445e-07,2360.79,101560,-2.47407e-08,2672.05,124632,-3.80602e-07,3024.31,152018,-4.79005e-07,3422.98,184060,-1.14379e-07,3874.15,220884,2.64297e-07,4384.72,262283,3.44131e-07,4962.49,307576,7.5349e-08,5616.29,355497,-3.63097e-07,6356.1,404126,-6.05442e-07,7193.18,450932,-2.72333e-07,8140.28,492963,2.29675e-07,9211.79,527178,4.3387e-07,10424,550893,-1.0711e-07,10.102,8.06553,2.81012,10.6436,8.57909,0.869423,11.5336,10.2515,0.270869,12.7211,12.7138,0.0844293,14.1823,15.9373,0.0263173,15.9122,20.0383,0.0082035,17.9198,25.2154,0.00255722,20.2244,31.7373,0.000797017,22.8539,39.9486,0.000248622,25.8438,50.2851,7.75492e-05,29.237,63.2963,2.42508e-05,33.0837,79.6738,7.67162e-06,37.4415,100.288,2.32837e-06,42.3767,126.236,7.33e-07,47.9646,158.896,2.79256e-07,54.2906,200.003,9.87351e-09,61.452,251.741,1.61085e-07,69.5585,316.859,-2.47141e-07,78.7347,398.812,8.93552e-08,89.1218,501.948,-2.53231e-07,100.879,631.736,-1.25047e-07,114.188,795.049,-1.78808e-07,129.252,1000.53,2.6733e-07,146.304,1259.03,4.50292e-07,165.605,1584.19,6.76904e-07,187.452,1993.12,-1.23808e-07,212.181,2507.27,-4.89068e-07,240.173,3153.54,-5.40284e-07,271.856,3965.56,1.86061e-07,307.719,4985.38,4.37004e-07,348.313,6265.4,3.59828e-07,394.26,7870.83,3.98192e-07,446.268,9882.51,-1.92908e-07,505.135,12400.3,-2.20392e-07,571.766,15546.9,1.51705e-07,647.184,19472.2,5.74996e-07,732.547,24357.4,5.39112e-07,829.167,30420,5.07815e-09,938.526,37916.3,-4.11492e-07,1062.3,47143.9,-3.9561e-07,1202.4,58439.2,3.86185e-08,1360.96,72169.3,5.94093e-07,1540.42,88715.8,7.47693e-07,1743.53,108445,1.78537e-07,1973.41,131665,-4.12549e-07,2233.57,158557,-5.37164e-07,2528,189103,-1.17615e-07,2861.2,222986,5.66769e-07,3238.27,259510,9.45053e-07,3664.97,297540,4.25093e-07,4147.81,335497,-3.58506e-07,4694.17,371444,-6.7724e-07,5312.37,403256,1.67192e-07,1.61744,3.89446,9.84394,3.28846,7.5504,12.774,5.07607,11.7187,13.6844,7.03202,16.8147,13.9681,9.20215,23.1769,14.0566,11.6301,31.1672,14.0841,14.3598,41.2186,14.0927,17.4376,53.8688,14.0954,20.9137,69.7915,14.0962,24.8432,89.8341,14.0965,29.2879,115.063,14.0966,34.3168,146.819,14.0966,40.0078,186.792,14.0966,46.4487,237.107,14.0966,53.7388,300.44,14.0966,61.9903,380.158,14.0966,71.3301,480.499,14.0966,81.902,606.796,14.0966,93.8685,765.761,14.0966,107.414,965.837,14.0966,122.746,1217.65,14.0966,140.101,1534.57,14.0966,159.745,1933.41,14.0966,181.981,2435.3,14.0966,207.15,3066.85,14.0966,235.64,3861.46,14.0966,267.889,4861.11,14.0966,304.391,6118.54,14.0966,345.709,7699.91,14.0966,392.478,9688.22,14.0966,445.417,12187.5,14.0966,505.339,15327.7,14.0966,573.165,19271.6,14.0966,649.938,24222,14.0966,736.839,30430.9,14.0966,835.202,38211.5,14.0966,946.539,47950.3,14.0966,1072.56,60122.8,14.0966,1215.21,75309.9,14.0966,1376.66,94216.2,14.0966,1559.41,117688,14.0966,1766.26,146729,14.0966,2000.39,182510,14.0966,2265.39,226372,14.0966,2565.33,279806,14.0966,2904.81,344416,14.0966,3289.05,421845,14.0966,3723.93,513667,14.0966,4216.13,621231,14.0966,4773.18,745478,14.0966,5403.64,886744,14.0966,6117.15,1.04457e+06,14.0966,6924.63,1.2176e+06,14.0966,11.7194,11.96,12.6541,13.9321,16.1295,13.6434,16.6097,21.9702,13.9553,19.7532,29.5285,14.0526,23.3844,39.1143,14.0829,27.5423,51.2054,14.0923,32.2796,66.434,14.0953,37.662,85.6061,14.0962,43.7675,109.74,14.0965,50.687,140.119,14.0966,58.5249,178.359,14.0966,67.4005,226.493,14.0966,77.4493,287.08,14.0966,88.8254,363.343,14.0966,101.703,459.336,14.0966,116.281,580.161,14.0966,132.782,732.241,14.0966,151.46,923.655,14.0966,172.603,1164.57,14.0966,196.535,1467.79,14.0966,223.625,1849.39,14.0966,254.288,2329.62,14.0966,288.997,2933.93,14.0966,328.285,3694.33,14.0966,372.755,4651.04,14.0966,423.092,5854.57,14.0966,480.07,7368.38,14.0966,544.564,9272.08,14.0966,617.566,11665.5,14.0966,700.197,14673.6,14.0966,793.729,18452.9,14.0966,899.599,23198.6,14.0966,1019.43,29154.1,14.0966,1155.07,36622.3,14.0966,1308.6,45977.9,14.0966,1482.39,57683.7,14.0966,1679.09,72307.8,14.0966,1901.73,90542.8,14.0966,2153.73,113226,14.0966,2438.97,141360,14.0966,2761.81,176127,14.0966,3127.22,218898,14.0966,3540.81,271226,14.0966,4008.92,334817,14.0966,4538.74,411470,14.0966,5138.38,502973,14.0966,5817.04,610948,14.0966,6585.12,736653,14.0966,7454.39,880741,14.0966,8438.15,1.04302e+06,14.0966,9551.45,1.22224e+06,14.0966,10811.3,1.41602e+06,14.0966,12237,1.62086e+06,14.0966,11.7194,11.96,12.6541,2.21263,4.16949,0.989383,2.67766,5.84076,0.311842,3.14343,7.55825,0.0972771,3.63127,9.58578,0.0303237,4.15787,12.0912,0.00945211,4.73731,15.2286,0.00294633,5.38238,19.1721,0.000918508,6.10553,24.134,0.000286163,6.91951,30.3791,8.92692e-05,7.83792,38.2397,2.78121e-05,8.87555,48.1338,8.65134e-06,10.0489,60.5876,2.7882e-06,11.3761,76.2629,8.29036e-07,12.8779,95.9927,2.4373e-07,14.5775,120.825,4.33068e-09,16.5012,152.08,1.75749e-07,18.6784,191.415,-1.86328e-07,21.1428,240.917,1.91829e-07,23.9322,303.213,-1.81475e-07,27.0895,381.602,7.0186e-08,30.6634,480.231,-2.86769e-08,34.7087,604.316,2.40784e-07,39.2876,760.401,9.87368e-08,44.4705,956.705,1.22263e-07,50.3371,1203.54,-4.31966e-07,56.9776,1513.81,-1.9705e-07,64.494,1903.69,-2.763e-08,73.0018,2393.4,3.9185e-07,82.6317,3008.13,1.35379e-07,93.5318,3779.25,-4.16351e-08,105.869,4745.7,2.06965e-08,119.834,5955.6,-3.18887e-07,135.641,7468.12,-1.48271e-08,153.531,9355.62,2.00739e-07,173.781,11705.8,2.28358e-07,196.701,14624.1,-1.93587e-08,222.642,18235,-2.88101e-07,252.003,22683.4,-2.24732e-07,285.234,28134,8.56806e-09,322.845,34767,2.34258e-07,365.413,42770.9,2.99668e-07,413.588,52327.9,8.28644e-08,468.111,63591.2,-3.07049e-07,529.814,76653.2,-3.1888e-07,599.642,91502.5,-6.72276e-08,678.662,107975,2.26339e-07,768.083,125705,3.69212e-07,869.267,144088,2.04077e-07,983.76,162277,-2.80509e-07,1113.3,179223,-4.22737e-07,1259.87,193777,-1.71951e-07,1425.68,204839,4.55555e-07,11.7194,11.96,12.6541,2.21263,4.16949,0.989383,2.67766,5.84076,0.311842,3.14343,7.55825,0.0972771,3.63127,9.58578,0.0303237,4.15787,12.0912,0.00945211,4.73731,15.2286,0.00294633,5.38238,19.1721,0.000918508,6.10553,24.134,0.000286163,6.91951,30.3791,8.92692e-05,7.83792,38.2397,2.78121e-05,8.87555,48.1338,8.65134e-06,10.0489,60.5876,2.7882e-06,11.3761,76.2629,8.29036e-07,12.8779,95.9927,2.4373e-07,14.5775,120.825,1e-08,16.5012,152.08,1.75749e-07,18.6784,191.415,1e-08,21.1428,240.917,1.91829e-07,23.9322,303.213,1e-08,27.0895,381.602,7.0186e-08,30.6634,480.231,1e-08,34.7087,604.316,2.40784e-07,39.2876,760.401,9.87368e-08,44.4705,956.705,1.22263e-07,50.3371,1203.54,1e-08,56.9776,1513.81,1e-08,64.494,1903.69,1e-08,73.0018,2393.4,3.9185e-07,82.6317,3008.13,1.35379e-07,93.5318,3779.25,1e-08,105.869,4745.7,2.06965e-08,119.834,5955.6,1e-08,135.641,7468.12,1e-08,153.531,9355.62,2.00739e-07,173.781,11705.8,2.28358e-07,196.701,14624.1,1e-08,222.642,18235,1e-08,252.003,22683.4,1e-08,285.234,28134,1e-08,322.845,34767,2.34258e-07,365.413,42770.9,2.99668e-07,413.588,52327.9,8.28644e-08,468.111,63591.2,1e-08,529.814,76653.2,1e-08,599.642,91502.5,1e-08,678.662,107975,2.26339e-07,768.083,125705,3.69212e-07,869.267,144088,2.04077e-07,983.76,162277,1e-08,1113.3,179223,1e-08,1259.87,193777,1e-08,1425.68,204839,4.55555e-07,6.2823,3.27286,2.43537,0.219672,6.18826,2.24117,0.56371,6.87772,2.63624,0.308279,5,9,13,4,1,1,3,5,1,1,15,0,2,4,0,4,12,0,7,13,0,10,19,0,4,21,0,8,17,0,9,54,0,6,76,0,7,42,0,13,4,0,4,71,0,15,41,0,9,114,0,28,198,0,40,178,0,19,289,0,10,249,0,28,416,0,20,563,0,32,1064,0,18,257,0,47,2803,0,91,1353,0,24,1945,0,56,1654,0,87,4483,0,65,3794,0,140,1921,0,107,2567,0,218,6572,0,111,3775,0,233,21315,0,435,12210,0,234,21598,0,387,11103,0,189,36565,0,424,9334,0,150,34529,0,575,53942,0,368,29910,0,349,59944,0,621,131260,0,747,144064,0,490,214423,0,1380,168131,0,835,281132,0,995,118665,0,1373,272742,0,1054,212253,0
-1.05176e+08,1,8.88811e-15,10,1023,0,1.05176e+08,0.528882,1.08665,0.389689,0.145397,0.379329,3.24381,0.161596,0.446195,1.77396,0.159177,1.15e+07,4.49998e+06,6.79999e+06,1.15e+07,4.49997e+06,6.79999e+06,1.15e+07,4.49996e+06,6.79999e+06,1.15e+07,4.49995e+06,6.79999e+06,1.14999e+07,4.49993e+06,6.79999e+06,1.14999e+07,4.49991e+06,6.79999e+06,1.14999e+07,4.49989e+06,6.79999e+06,1.14999e+07,4.49986e+06,6.79999e+06,1.14999e+07,4.49982e+06,6.79999e+06,1.14999e+07,4.49977e+06,6.79999e+06,1.14999e+07,4.49971e+06,6.79999e+06,1.14999e+07,4.49963e+06,6.79999e+06,1.14998e+07,4.49953e+06,6.79999e+06,1.14998e+07,4.49941e+06,6.79999e+06,1.14998e+07,4.49926e+06,6.79999e+06,1.14998e+07,4.49906e+06,6.79999e+06,1.14997e+07,4.49882e+06,6.79999e+06,1.14997e+07,4.49851e+06,6.79999e+06,1.14997e+07,4.49812e+06,6.79999e+06,1.14996e+07,4.49764e+06,6.79999e+06,1.14996e+07,4.49702e+06,6.79999e+06,1.14995e+07,4.49625e+06,6.79999e+06,1.14995e+07,4.49528e+06,6.79999e+06,1.14994e+07,4.49406e+06,6.79999e+06,1.14993e+07,4.49253e+06,6.79999e+06,1.14992e+07,4.49059e+06,6.79999e+06,1.14991e+07,4.48817e+06,6.79999e+06,1.1499e+07,4.48511e+06,6.79999e+06,1.14988e+07,4.48128e+06,6.79999e+06,1.14987e+07,4.47646e+06,6.79999e+06,1.14985e+07,4.47041e+06,6.79999e+06,1.14983e+07,4.46281e+06,6.79999e+06,1.14981e+07,4.4533e+06,6.79999e+06,1.14979e+07,4.44138e+06,6.79999e+06,1.14976e+07,4.42649e+06,6.79999e+06,1.14972e+07,4.40789e+06,6.79999e+06,1.14969e+07,4.38471e+06,6.79999e+06,1.14965e+07,4.35592e+06,6.79999e+06,1.1496e+07,4.32027e+06,6.79999e+06,1.14955e+07,4.27629e+06,6.79999e+06,1.14949e+07,4.22231e+06,6.79999e+06,1.14942e+07,4.15647e+06,6.79999e+06,1.14934e+07,4.07676e+06,6.79999e+06,1.14926e+07,3.98112e+06,6.79999e+06,1.14916e+07,3.86765e+06,6.79999e+06,1.14905e+07,3.73474e+06,6.79999e+06,1.14892e+07,3.58148e+06,6.79999e+06,1.14878e+07,3.40785e+06,6.79999e+06,1.14862e+07,3.21513e+06,6.79999e+06,1.14844e+07,3.00605e+06,6.79999e+06,1.14823e+07,2.7848e+06,6.79999e+06,1.148e+07,2.5568e+06,6.79999e+06,1.14773e+07,2.32825e+06,6.79999e+06,13.5742,8.52444,0.508366,16.8306,13.2585,0.162638,20.0035,17.569,0.0507846,23.2616,22.4214,0.0158319,26.7328,28.3297,0.00493498,30.5212,35.6974,0.00153831,34.7178,44.9473,0.000479527,39.4086,56.5822,0.000149456,44.6796,71.2245,4.66214e-05,50.6209,89.6543,1.45419e-05,57.3297,112.852,4.54748e-06,64.9129,142.051,1.43857e-06,73.4897,178.803,4.36618e-07,83.1934,225.062,1.40153e-07,94.1745,283.286,4.96378e-08,106.602,356.568,1.05434e-07,120.669,448.799,-6.49244e-08,136.59,564.873,1.70148e-07,154.611,710.948,-5.34594e-08,175.008,894.767,1.63407e-07,198.097,1126.06,8.04804e-08,224.231,1417.07,1.14667e-07,253.813,1783.15,-1.71227e-07,287.297,2243.62,-2.88466e-07,325.198,2822.67,-4.33651e-07,368.098,3550.67,7.9318e-08,416.657,4465.65,3.13319e-07,471.621,5615.16,3.4613e-07,533.835,7058.61,-1.19199e-07,604.255,8870.02,-2.79964e-07,683.962,11141.4,-2.30521e-07,774.182,13986.7,-2.55099e-07,876.299,17546.4,1.23585e-07,991.883,21993.1,1.41192e-07,1122.71,27536.7,-9.71886e-08,1270.78,34430.7,-3.68368e-07,1438.38,42977.7,-3.45379e-07,1628.07,53532.7,-3.25328e-09,1842.77,66504.6,2.6362e-07,2085.77,82350.2,2.53445e-07,2360.79,101560,-2.47407e-08,2672.05,124632,-3.80602e-07,3024.31,152018,-4.79005e-07,3422.98,184060,-1.14379e-07,3874.15,220884,2.64297e-07,4384.72,262283,3.44131e-07,4962.49,307576,7.5349e-08,5616.29,355497,-3.63097e-07,6356.1,404126,-6.05442e-07,7193.18,450932,-2.72333e-07,8140.28,492963,2.29675e-07,9211.79,527178,4.3387e-07,10424,550893,-1.0711e-07,10.102,8.06553,2.81012,10.6436,8.57909,0.869423,11.5336,10.2515,0.270869,12.7211,12.7138,0.0844293,14.1823,15.9373,0.0263173,15.9122,20.0383,0.0082035,17.9198,25.2154,0.00255722,20.2244,31.7373,0.000797017,22.8539,39.9486,0.000248622,25.8438,50.2851,7.75492e-05,29.237,63.2963,2.42508e-05,33.0837,79.6738,7.67162e-06,37.4415,100.288,2.32837e-06,42.3767,126.236,7.33e-07,47.9646,158.896,2.79256e-07,54.2906,200.003,9.87351e-09,61.452,251.741,1.61085e-07,69.5585,316.859,-2.47141e-07,78.7347,398.812,8.93552e-08,89.1218,501.948,-2.53231e-07,100.879,631.736,-1.25047e-07,114.188,795.049,-1.78808e-07,129.252,1000.53,2.6733e-07,146.304,1259.03,4.50292e-07,165.605,1584.19,6.76904e-07,187.452,1993.12,-1.23808e-07,212.181,2507.27,-4.89068e-07,240.173,3153.54,-5.40284e-07,271.856,3965.56,1.86061e-07,307.719,4985.38,4.37004e-07,348.313,6265.4,3.59828e-07,394.26,7870.83,3.98192e-07,446.268,9882.51,-1.92908e-07,505.135,12400.3,-2.20392e-07,571.766,15546.9,1.51705e-07,647.184,19472.2,5.74996e-07,732.547,24357.4,5.39112e-07,829.167,30420,5.07815e-09,938.526,37916.3,-4.11492e-07,1062.3,47143.9,-3.9561e-07,1202.4,58439.2,3.86185e-08,1360.96,72169.3,5.94093e-07,1540.42,88715.8,7.47693e-07,1743.53,108445,1.78537e-07,1973.41,131665,-4.12549e-07,2233.57,158557,-5.37164e-07,2528,189103,-1.17615e-07,2861.2,222986,5.66769e-07,3238.27,259510,9.45053e-07,3664.97,297540,4.25093e-07,4147.81,335497,-3.58506e-07,4694.17,371444,-6.7724e-07,5312.37,403256,1.67192e-07,1.61744,3.89446,9.84394,3.28846,7.5504,12.774,5.07607,11.7187,13.6844,7.03202,16.8147,13.9681,9.20215,23.1769,14.0566,11.6301,31.1672,14.0841,14.3598,41.2186,14.0927,17.4376,53.8688,14.0954,20.9137,69.7915,14.0962,24.8432,89.8341,14.0965,29.2879,115.063,14.0966,34.3168,146.819,14.0966,40.0078,186.792,14.0966,46.4487,237.107,14.0966,53.7388,300.44,14.0966,61.9903,380.158,14.0966,71.3301,480.499,14.0966,81.902,606.796,14.0966,93.8685,765.761,14.0966,107.414,965.837,14.0966,122.746,1217.65,14.0966,140.101,1534.57,14.0966,159.745,1933.41,14.0966,181.981,2435.3,14.0966,207.15,3066.85,14.0966,235.64,3861.46,14.0966,267.889,4861.11,14.0966,304.391,6118.54,14.0966,345.709,7699.91,14.0966,392.478,9688.22,14.0966,445.417,12187.5,14.0966,505.339,15327.7,14.0966,573.165,19271.6,14.0966,649.938,24222,14.0966,736.839,30430.9,14.0966,835.202,38211.5,14.0966,946.539,47950.3,14.0966,1072.56,60122.8,14.0966,1215.21,75309.9,14.0966,1376.66,94216.2,14.0966,1559.41,117688,14.0966,1766.26,146729,14.0966,2000.39,182510,14.0966,2265.39,226372,14.0966,2565.33,279806,14.0966,2904.81,344416,14.0966,3289.05,421845,14.0966,3723.93,513667,14.0966,4216.13,621231,14.0966,4773.18,745478,14.0966,5403.64,886744,14.0966,6117.15,1.04457e+06,14.0966,6924.63,1.2176e+06,14.0966,11.7194,11.96,12.6541,13.9321,16.1295,13.6434,16.6097,21.9702,13.9553,19.7532,29.5285,14.0526,23.3844,39.1143,14.0829,27.5423,51.2054,14.0923,32.2796,66.434,14.0953,37.662,85.6061,14.0962,43.7675,109.74,14.0965,50.687,140.119,14.0966,58.5249,178.359,14.0966,67.4005,226.493,14.0966,77.4493,287.08,14.0966,88.8254,363.343,14.0966,101.703,459.336,14.0966,116.281,580.161,14.0966,132.782,732.241,14.0966,151.46,923.655,14.0966,172.603,1164.57,14.0966,196.535,1467.79,14.0966,223.625,1849.39,14.0966,254.288,2329.62,14.0966,288.997,2933.93,14.0966,328.285,3694.33,14.0966,372.755,4651.04,14.0966,423.092,5854.57,14.0966,480.07,7368.38,14.0966,544.564,9272.08,14.0966,617.566,11665.5,14.0966,700.197,14673.6,14.0966,793.729,18452.9,14.0966,899.599,23198.6,14.0966,1019.43,29154.1,14.0966,1155.07,36622.3,14.0966,1308.6,45977.9,14.0966,1482.39,57683.7,14.0966,1679.09,72307.8,14.0966,1901.73,90542.8,14.0966,2153.73,113226,14.0966,2438.97,141360,14.0966,2761.81,176127,14.0966,3127.22,218898,14.0966,3540.81,271226,14.0966,4008.92,334817,14.0966,4538.74,411470,14.0966,5138.38,502973,14.0966,5817.04,610948,14.0966,6585.12,736653,14.0966,7454.39,880741,14.0966,8438.15,1.04302e+06,14.0966,9551.45,1.22224e+06,14.0966,10811.3,1.41602e+06,14.0966,12237,1.62086e+06,14.0966,11.7194,11.96,12.6541,2.21263,4.16949,0.989383,2.67766,5.84076,0.311842,3.14343,7.55825,0.0972771,3.63127,9.58578,0.0303237,4.15787,12.0912,0.00945211,4.73731,15.2286,0.00294633,5.38238,19.1721,0.000918508,6.10553,24.134,0.000286163,6.91951,30.3791,8.92692e-05,7.83792,38.2397,2.78121e-05,8.87555,48.1338,8.65134e-06,10.0489,60.5876,2.7882e-06,11.3761,76.2629,8.29036e-07,12.8779,95.9927,2.4373e-07,14.5775,120.825,4.33068e-09,16.5012,152.08,1.75749e-07,18.6784,191.415,-1.86328e-07,21.1428,240.917,1.91829e-07,23.9322,303.213,-1.81475e-07,27.0895,381.602,7.0186e-08,30.6634,480.231,-2.86769e-08,34.7087,604.316,2.40784e-07,39.2876,760.401,9.87368e-08,44.4705,956.705,1.22263e-07,50.3371,1203.54,-4.31966e-07,56.9776,1513.81,-1.9705e-07,64.494,1903.69,-2.763e-08,73.0018,2393.4,3.9185e-07,82.6317,3008.13,1.35379e-07,93.5318,3779.25,-4.16351e-08,105.869,4745.7,2.06965e-08,119.834,5955.6,-3.18887e-07,135.641,7468.12,-1.48271e-08,153.531,9355.62,2.00739e-07,173.781,11705.8,2.28358e-07,196.701,14624.1,-1.93587e-08,222.642,18235,-2.88101e-07,252.003,22683.4,-2.24732e-07,285.234,28134,8.56806e-09,322.845,34767,2.34258e-07,365.413,42770.9,2.99668e-07,413.588,52327.9,8.28644e-08,468.111,63591.2,-3.07049e-07,529.814,76653.2,-3.1888e-07,599.642,91502.5,-6.72276e-08,678.662,107975,2.26339e-07,768.083,125705,3.69212e-07,869.267,144088,2.04077e-07,983.76,162277,-2.80509e-07,1113.3,179223,-4.22737e-07,1259.87,193777,-1.71951e-07,1425.68,204839,4.55555e-07,11.7194,11.96,12.6541,2.21263,4.16949,0.989383,2.67766,5.84076,0.311842,3.14343,7.55825,0.0972771,3.63127,9.58578,0.0303237,4.15787,12.0912,0.00945211,4.73731,15.2286,0.00294633,5.38238,19.1721,0.000918508,6.10553,24.134,0.000286163,6.91951,30.3791,8.92692e-05,7.83792,38.2397,2.78121e-05,8.87555,48.1338,8.65134e-06,10.0489,60.5876,2.7882e-06,11.3761,76.2629,8.29036e-07,12.8779,95.9927,2.4373e-07,14.5775,120.825,1e-08,16.5012,152.08,1.75749e-07,18.6784,191.415,1e-08,21.1428,240.917,1.91829e-07,23.9322,303.213,1e-08,27.0895,381.602,7.0186e-08,30.6634,480.231,1e-08,34.7087,604.316,2.40784e-07,39.2876,760.401,9.87368e-08,44.4705,956.705,1.22263e-07,50.3371,1203.54,1e-08,56.9776,1513.81,1e-08,64.494,1903.69,1e-08,73.0018,2393.4,3.9185e-07,82.6317,3008.13,1.35379e-07,93.5318,3779.25,1e-08,105.869,4745.7,2.06965e-08,119.834,5955.6,1e-08,135.641,7468.12,1e-08,153.531,9355.62,2.00739e-07,173.781,11705.8,2.28358e-07,196.701,14624.1,1e-08,222.642,18235,1e-08,252.003,22683.4,1e-08,285.234,28134,1e-08,322.845,34767,2.34258e-07,365.413,42770.9,2.99668e-07,413.588,52327.9,8.28644e-08,468.111,63591.2,1e-08,529.814,76653.2,1e-08,599.642,91502.5,1e-08,678.662,107975,2.26339e-07,768.083,125705,3.69212e-07,869.267,144088,2.04077e-07,983.76,162277,1e-08,1113.3,179223,1e-08,1259.87,193777,1e-08,1425.68,204839,4.55555e-07,6.2823,3.27286,2.43537,0.219672,6.18826,2.24117,0.56371,6.87772,2.63624,0.308279,7,13,6,4,3,0,3,8,0,1,6,0,1,10,0,1,16,0,7,24,0,5,23,0,7,9,0,5,18,0,4,20,0,11,31,0,8,40,0,6,51,0,15,105,0,7,156,0,13,237,0,13,291,0,16,235,0,18,307,0,20,378,0,50,425,0,20,704,0,22,389,0,61,1178,0,41,502,0,63,1186,0,59,1603,0,77,3815,0,90,4977,0,100,4339,0,66,4624,0,235,5185,0,100,5330,0,215,8434,0,104,17449,0,114,6631,0,180,13798,0,366,35268,0,324,26246,0,345,56101,0,449,41181,0,425,85637,0,452,73310,0,253,132631,0,937,120123,0,540,163017,0,521,151068,0,1744,164166,0,1139,220010,0,1444,281113,0,1393,125465,0,1315,242140,0
-1.05176e+08,1,8.88811e-15,10,1023,0,1.05176e+08,0.528882,1.08665,0.389689,0.145397,0.379329,3.24381,0.161596,0.446195,1.77396,0.159177,1.15e+07,4.49998e+06,6.79999e+06,1.15e+07,4.49997e+06,6.79999e+06,1.15e+07,4.49996e+06,6.79999e+06,1.15e+07,4.49995e+06,6.79999e+06,1.14999e+07,4.49993e+06,6.79999e+06,1.14999e+07,4.49991e+06,6.79999e+06,1.14999e+07,4.49989e+06,6.79999e+06,1.14999e+07,4.49986e+06,6.79999e+06,1.14999e+07,4.49982e+06,6.79999e+06,1.14999e+07,4.49977e+06,6.79999e+06,1.14999e+07,4.49971e+06,6.79999e+06,1.14999e+07,4.49963e+06,6.79999e+06,1.14998e+07,4.49953e+06,6.79999e+06,1.14998e+07,4.49941e+06,6.79999e+06,1.14998e+07,4.49926e+06,6.79999e+06,1.14998e+07,4.49906e+06,6.79999e+06,1.14997e+07,4.49882e+06,6.79999e+06,1.14997e+07,4.49851e+06,6.79999e+06,1.14997e+07,4.49812e+06,6.79999e+06,1.14996e+07,4.49764e+06,6.79999e+06,1.14996e+07,4.49702e+06,6.79999e+06,1.14995e+07,4.49625e+06,6.79999e+06,1.14995e+07,4.49528e+06,6.79999e+06,1.14994e+07,4.49406e+06,6.79999e+06,1.14993e+07,4.49253e+06,6.79999e+06,1.14992e+07,4.49059e+06,6.79999e+06,1.14991e+07,4.48817e+06,6.79999e+06,1.1499e+07,4.48511e+06,6.79999e+06,1.14988e+07,4.48128e+06,6.79999e+06,1.14987e+07,4.47646e+06,6.79999e+06,1.14985e+07,4.47041e+06,6.79999e+06,1.14983e+07,4.46281e+06,6.79999e+06,1.14981e+07,4.4533e+06,6.79999e+06,1.14979e+07,4.44138e+06,6.79999e+06,1.14976e+07,4.42649e+06,6.79999e+06,1.14972e+07,4.40789e+06,6.79999e+06,1.14969e+07,4.38471e+06,6.79999e+06,1.14965e+07,4.35592e+06,6.79999e+06,1.1496e+07,4.32027e+06,6.79999e+06,1.14955e+07,4.27629e+06,6.79999e+06,1.14949e+07,4.22231e+06,6.79999e+06,1.14942e+07,4.15647e+06,6.79999e+06,1.14934e+07,4.07676e+06,6.79999e+06,1.14926e+07,3.98112e+06,6.79999e+06,1.14916e+07,3.86765e+06,6.79999e+06,1.14905e+07,3.73474e+06,6.79999e+06,1.14892e+07,3.58148e+06,6.79999e+06,1.14878e+07,3.40785e+06,6.79999e+06,1.14862e+07,3.21513e+06,6.79999e+06,1.14844e+07,3.00605e+06,6.79999e+06,1.14823e+07,2.7848e+06,6.79999e+06,1.148e+07,2.5568e+06,6.79999e+06,1.14773e+07,2.32825e+06,6.79999e+06,13.5742,8.52444,0.508366,16.8306,13.2585,0.162638,20.0035,17.569,0.0507846,23.2616,22.4214,0.0158319,26.7328,28.3297,0.00493498,30.5212,35.6974,0.00153831,34.7178,44.9473,0.000479527,39.4086,56.5822,0.000149456,44.6796,71.2245,4.66214e-05,50.6209,89.6543,1.45419e-05,57.3297,112.852,4.54748e-06,64.9129,142.051,1.43857e-06,73.4897,178.803,4.36618e-07,83.1934,225.062,1.40153e-07,94.1745,283.286,4.96378e-08,106.602,356.568,1.05434e-07,120.669,448.799,-6.49244e-08,136.59,564.873,1.70148e-07,154.611,710.948,-5.34594e-08,175.008,894.767,1.63407e-07,198.097,1126.06,8.04804e-08,224.231,1417.07,1.14667e-07,253.813,1783.15,-1.71227e-07,287.297,2243.62,-2.88466e-07,325.198,2822.67,-4.33651e-07,368.098,3550.67,7.9318e-08,416.657,4465.65,3.13319e-07,471.621,5615.16,3.4613e-07,533.835,7058.61,-1.19199e-07,604.255,8870.02,-2.79964e-07,683.962,11141.4,-2.30521e-07,774.182,13986.7,-2.55099e-07,876.299,17546.4,1.23585e-07,991.883,21993.1,1.41192e-07,1122.71,27536.7,-9.71886e-08,1270.78,34430.7,-3.68368e-07,1438.38,42977.7,-3.45379e-07,1628.07,53532.7,-3.25328e-09,1842.77,66504.6,2.6362e-07,2085.77,82350.2,2.53445e-07,2360.79,101560,-2.47407e-08,2672.05,124632,-3.80602e-07,3024.31,152018,-4.79005e-07,3422.98,184060,-1.14379e-07,3874.15,220884,2.64297e-07,4384.72,262283,3.44131e-07,4962.49,307576,7.5349e-08,5616.29,355497,-3.63097e-07,6356.1,404126,-6.05442e-07,7193.18,450932,-2.72333e-07,8140.28,492963,2.29675e-07,9211.79,527178,4.3387e-07,10424,550893,-1.0711e-07,10.102,8.06553,2.81012,10.6436,8.57909,0.869423,11.5336,10.2515,0.270869,12.7211,12.7138,0.0844293,14.1823,15.9373,0.0263173,15.9122,20.0383,0.0082035,17.9198,25.2154,0.00255722,20.2244,31.7373,0.000797017,22.8539,39.9486,0.000248622,25.8438,50.2851,7.75492e-05,29.237,63.2963,2.42508e-05,33.0837,79.6738,7.67162e-06,37.4415,100.288,2.32837e-06,42.3767,126.236,7.33e-07,47.9646,158.896,2.79256e-07,54.2906,200.003,9.87351e-09,61.452,251.741,1.61085e-07,69.5585,316.859,-2.47141e-07,78.7347,398.812,8.93552e-08,89.1218,501.948,-2.53231e-07,100.879,631.736,-1.25047e-07,114.188,795.049,-1.78808e-07,129.252,1000.53,2.6733e-07,146.304,1259.03,4.50292e-07,165.605,1584.19,6.76904e-07,187.452,1993.12,-1.23808e-07,212.181,2507.27,-4.89068e-07,240.173,3153.54,-5.40284e-07,271.856,3965.56,1.86061e-07,307.719,4985.38,4.37004e-07,348.313,6265.4,3.59828e-07,394.26,7870.83,3.98192e-07,446.268,9882.51,-1.92908e-07,505.135,12400.3,-2.20392e-07,571.766,15546.9,1.51705e-07,647.184,19472.2,5.74996e-07,732.547,24357.4,5.39112e-07,829.167,30420,5.07815e-09,938.526,37916.3,-4.11492e-07,1062.3,47143.9,-3.9561e-07,1202.4,58439.2,3.86185e-08,1360.96,72169.3,5.94093e-07,1540.42,88715.8,7.47693e-07,1743.53,108445,1.78537e-07,1973.41,131665,-4.12549e-07,2233.57,158557,-5.37164e-07,2528,189103,-1.17615e-07,2861.2,222986,5.66769e-07,3238.27,259510,9.45053e-07,3664.97,297540,4.25093e-07,4147.81,335497,-3.58506e-07,4694.17,371444,-6.7724e-07,5312.37,403256,1.67192e-07,1.61744,3.89446,9.84394,3.28846,7.5504,12.774,5.07607,11.7187,13.6844,7.03202,16.8147,13.9681,9.20215,23.1769,14.0566,11.6301,31.1672,14.0841,14.3598,41.2186,14.0927,17.4376,53.8688,14.0954,20.9137,69.7915,14.0962,24.8432,89.8341,14.0965,29.2879,115.063,14.0966,34.3168,146.819,14.0966,40.0078,186.792,14.0966,46.4487,237.107,14.0966,53.7388,300.44,14.0966,61.9903,380.158,14.0966,71.3301,480.499,14.0966,81.902,606.796,14.0966,93.8685,765.761,14.0966,107.414,965.837,14.0966,122.746,1217.65,14.0966,140.101,1534.57,14.0966,159.745,1933.41,14.0966,181.981,2435.3,14.0966,207.15,3066.85,14.0966,235.64,3861.46,14.0966,267.889,4861.11,14.0966,304.391,6118.54,14.0966,345.709,7699.91,14.0966,392.478,9688.22,14.0966,445.417,12187.5,14.0966,505.339,15327.7,14.0966,573.165,19271.6,14.0966,649.938,24222,14.0966,736.839,30430.9,14.0966,835.202,38211.5,14.0966,946.539,47950.3,14.0966,1072.56,60122.8,14.0966,1215.21,75309.9,14.0966,1376.66,94216.2,14.0966,1559.41,117688,14.0966,1766.26,146729,14.0966,2000.39,182510,14.0966,2265.39,226372,14.0966,2565.33,279806,14.0966,2904.81,344416,14.0966,3289.05,421845,14.0966,3723.93,513667,14.0966,4216.13,621231,14.0966,4773.18,745478,14.0966,5403.64,886744,14.0966,6117.15,1.04457e+06,14.0966,6924.63,1.2176e+06,14.0966,11.7194,11.96,12.6541,13.9321,16.1295,13.6434,16.6097,21.9702,13.9553,19.7532,29.5285,14.0526,23.3844,39.1143,14.0829,27.5423,51.2054,14.0923,32.2796,66.434,14.0953,37.662,85.6061,14.0962,43.7675,109.74,14.0965,50.687,140.119,14.0966,58.5249,178.359,14.0966,67.4005,226.493,14.0966,77.4493,287.08,14.0966,88.8254,363.343,14.0966,101.703,459.336,14.0966,116.281,580.161,14.0966,132.782,732.241,14.0966,151.46,923.655,14.0966,172.603,1164.57,14.0966,196.535,1467.79,14.0966,223.625,1849.39,14.0966,254.288,2329.62,14.0966,288.997,2933.93,14.0966,328.285,3694.33,14.0966,372.755,4651.04,14.0966,423.092,5854.57,14.0966,480.07,7368.38,14.0966,544.564,9272.08,14.0966,617.566,11665.5,14.0966,700.197,14673.6,14.0966,793.729,18452.9,14.0966,899.599,23198.6,14.0966,1019.43,29154.1,14.0966,1155.07,36622.3,14.0966,1308.6,45977.9,14.0966,1482.39,57683.7,14.0966,1679.09,72307.8,14.0966,1901.73,90542.8,14.0966,2153.73,113226,14.0966,2438.97,141360,14.0966,2761.81,176127,14.0966,3127.22,218898,14.0966,3540.81,271226,14.0966,4008.92,334817,14.0966,4538.74,411470,14.0966,5138.38,502973,14.0966,5817.04,610948,14.0966,6585.12,736653,14.0966,7454.39,880741,14.0966,8438.15,1.04302e+06,14.0966,9551.45,1.22224e+06,14.0966,10811.3,1.41602e+06,14.0966,12237,1.62086e+06,14.0966,11.7194,11.96,12.6541,2.21263,4.16949,0.989383,2.67766,5.84076,0.311842,3.14343,7.55825,0.0972771,3.63127,9.58578,0.0303237,4.15787,12.0912,0.00945211,4.73731,15.2286,0.00294633,5.38238,19.1721,0.000918508,6.10553,24.134,0.000286163,6.91951,30.3791,8.92692e-05,7.83792,38.2397,2.78121e-05,8.87555,48.1338,8.65134e-06,10.0489,60.5876,2.7882e-06,11.3761,76.2629,8.29036e-07,12.8779,95.9927,2.4373e-07,14.5775,120.825,4.33068e-09,16.5012,152.08,1.75749e-07,18.6784,191.415,-1.86328e-07,21.1428,240.917,1.91829e-07,23.9322,303.213,-1.81475e-07,27.0895,381.602,7.0186e-08,30.6634,480.231,-2.86769e-08,34.7087,604.316,2.40784e-07,39.2876,760.401,9.87368e-08,44.4705,956.705,1.22263e-07,50.3371,1203.54,-4.31966e-07,56.9776,1513.81,-1.9705e-07,64.494,1903.69,-2.763e-08,73.0018,2393.4,3.9185e-07,82.6317,3008.13,1.35379e-07,93.5318,3779.25,-4.16351e-08,105.869,4745.7,2.06965e-08,119.834,5955.6,-3.18887e-07,135.641,7468.12,-1.48271e-08,153.531,9355.62,2.00739e-07,173.781,11705.8,2.28358e-07,196.701,14624.1,-1.93587e-08,222.642,18235,-2.88101e-07,252.003,22683.4,-2.24732e-07,285.234,28134,8.56806e-09,322.845,34767,2.34258e-07,365.413,42770.9,2.99668e-07,413.588,52327.9,8.28644e-08,468.111,63591.2,-3.07049e-07,529.814,76653.2,-3.1888e-07,599.642,91502.5,-6.72276e-08,678.662,107975,2.26339e-07,768.083,125705,3.69212e-07,869.267,144088,2.04077e-07,983.76,162277,-2.80509e-07,1113.3,179223,-4.22737e-07,1259.87,193777,-1.71951e-07,1425.68,204839,4.55555e-07,11.7194,11.96,12.6541,2.21263,4.16949,0.989383,2.67766,5.84076,0.311842,3.14343,7.55825,0.0972771,3.63127,9.58578,0.0303237,4.15787,12.0912,0.00945211,4.73731,15.2286,0.00294633,5.38238,19.1721,0.000918508,6.10553,24.134,0.000286163,6.91951,30.3791,8.92692e-05,7.83792,38.2397,2.78121e-05,8.87555,48.1338,8.65134e-06,10.0489,60.5876,2.7882e-06,11.3761,76.2629,8.29036e-07,12.8779,95.9927,2.4373e-07,14.5775,120.825,1e-08,16.5012,152.08,1.75749e-07,18.6784,191.415,1e-08,21.1428,240.917,1.91829e-07,23.9322,303.213,1e-08,27.0895,381.602,7.0186e-08,30.6634,480.231,1e-08,34.7087,604.316,2.40784e-07,39.2876,760.401,9.87368e-08,44.4705,956.705,1.22263e-07,50.3371,1203.54,1e-08,56.9776,1513.81,1e-08,64.494,1903.69,1e-08,73.0018,2393.4,3.9185e-07,82.6317,3008.13,1.35379e-07,93.5318,3779.25,1e-08,105.869,4745.7,2.06965e-08,119.834,5955.6,1e-08,135.641,7468.12,1e-08,153.531,9355.62,2.00739e-07,173.781,11705.8,2.28358e-07,196.701,14624.1,1e-08,222.642,18235,1e-08,252.003,22683.4,1e-08,285.234,28134,1e-08,322.845,34767,2.34258e-07,365.413,42770.9,2.99668e-07,413.588,52327.9,8.28644e-08,468.111,63591.2,1e-08,529.814,76653.2,1e-08,599.642,91502.5,1e-08,678.662,107975,2.26339e-07,768.083,125705,3.69212e-07,869.267,144088,2.04077e-07,983.76,162277,1e-08,1113.3,179223,1e-08,1259.87,193777,1e-08,1425.68,204839,4.55555e-07,6.2823,3.27286,2.43537,0.219672,6.18826,2.24117,0.56371,6.87772,2.63624,0.308279,11,14,17,3,2,1,2,9,0,3,10,0,0,14,0,4,8,0,5,20,0,8,17,0,4,12,0,2,22,0,6,19,0,6,31,0,7,48,0,6,51,0,6,125,0,20,151,0,17,139,0,17,182,0,33,217,0,20,204,0,74,406,0,48,762,0,51,1243,0,42,615,0,25,1151,0,82,1041,0,68,1597,0,49,1434,0,62,3321,0,53,2356,0,91,2143,0,102,2117,0,94,7577,0,194,8797,0,80,10231,0,269,8329,0,224,16559,0,175,20538,0,188,17937,0,295,19290,0,185,65589,0,685,14270,0,533,54238,0,164,55876,0,431,92314,0,665,65385,0,515,89301,0,876,159096,0,1012,219662,0,562,192116,0,987,93214,0,2885,194886,0,1627,353230,0
-1.05176e+08,7.86429e-46,8.88811e-15,10,1023,0,1.05176e+08,0.528882,1.08665,0.389689,0.145397,0.379329,3.24381,0.161596,0.446195,1.77396,0.159177,1.15e+07,4.49998e+06,6.79999e+06,1.15e+07,4.49997e+06,6.79999e+06,1.15e+07,4.49996e+06,6.79999e+06,1.15e+07,4.49995e+06,6.79999e+06,1.14999e+07,4.49993e+06,6.79999e+06,1.14999e+07,4.49991e+06,6.79999e+06,1.14999e+07,4.49989e+06,6.79999e+06,1.14999e+07,4.49986e+06,6.79999e+06,1.14999e+07,4.49982e+06,6.79999e+06,1.14999e+07,4.49977e+06,6.79999e+06,1.14999e+07,4.49971e+06,6.79999e+06,1.14999e+07,4.49963e+06,6.79999e+06,1.14998e+07,4.49953e+06,6.79999e+06,1.14998e+07,4.49941e+06,6.79999e+06,1.14998e+07,4.49926e+06,6.79999e+06,1.14998e+07,4.49906e+06,6.79999e+06,1.14997e+07,4.49882e+06,6.79999e+06,1.14997e+07,4.49851e+06,6.79999e+06,1.14997e+07,4.49812e+06,6.79999e+06,1.14996e+07,4.49764e+06,6.79999e+06,1.14996e+07,4.49702e+06,6.79999e+06,1.14995e+07,4.49625e+06,6.79999e+06,1.14995e+07,4.49528e+06,6.79999e+06,1.14994e+07,4.49406e+06,6.79999e+06,1.14993e+07,4.49253e+06,6.79999e+06,1.14992e+07,4.49059e+06,6.79999e+06,1.14991e+07,4.48817e+06,6.79999e+06,1.1499e+07,4.48511e+06,6.79999e+06,1.14988e+07,4.48128e+06,6.79999e+06,1.14987e+07,4.47646e+06,6.79999e+06,1.14985e+07,4.47041e+06,6.79999e+06,1.14983e+07,4.46281e+06,6.79999e+06,1.14981e+07,4.4533e+06,6.79999e+06,1.14979e+07,4.44138e+06,6.79999e+06,1.14976e+07,4.42649e+06,6.79999e+06,1.14972e+07,4.40789e+06,6.79999e+06,1.14969e+07,4.38471e+06,6.79999e+06,1.14965e+07,4.35592e+06,6.79999e+06,1.1496e+07,4.32027e+06,6.79999e+06,1.14955e+07,4.27629e+06,6.79999e+06,1.14949e+07,4.22231e+06,6.79999e+06,1.14942e+07,4.15647e+06,6.79999e+06,1.14934e+07,4.07676e+06,6.79999e+06,1.14926e+07,3.98112e+06,6.79999e+06,1.14916e+07,3.86765e+06,6.79999e+06,1.14905e+07,3.73474e+06,6.79999e+06,1.14892e+07,3.58148e+06,6.79999e+06,1.14878e+07,3.40785e+06,6.79999e+06,1.14862e+07,3.21513e+06,6.79999e+06,1.14844e+07,3.00605e+06,6.79999e+06,1.14823e+07,2.7848e+06,6.79999e+06,1.148e+07,2.5568e+06,6.79999e+06,1.14773e+07,2.32825e+06,6.79999e+06,13.5742,8.52444,0.508366,16.8306,13.2585,0.162638,20.0035,17.569,0.0507846,23.2616,22.4214,0.0158319,26.7328,28.3297,0.00493498,30.5212,35.6974,0.00153831,34.7178,44.9473,0.000479527,39.4086,56.5822,0.000149456,44.6796,71.2245,4.66214e-05,50.6209,89.6543,1.45419e-05,57.3297,112.852,4.54748e-06,64.9129,142.051,1.43857e-06,73.4897,178.803,4.36618e-07,83.1934,225.062,1.40153e-07,94.1745,283.286,4.96378e-08,106.602,356.568,1.05434e-07,120.669,448.799,-6.49244e-08,136.59,564.873,1.70148e-07,154.611,710.948,-5.34594e-08,175.008,894.767,1.63407e-07,198.097,1126.06,8.04804e-08,224.231,1417.07,1.14667e-07,253.813,1783.15,-1.71227e-07,287.297,2243.62,-2.88466e-07,325.198,2822.67,-4.33651e-07,368.098,3550.67,7.9318e-08,416.657,4465.65,3.13319e-07,471.621,5615.16,3.4613e-07,533.835,7058.61,-1.19199e-07,604.255,8870.02,-2.79964e-07,683.962,11141.4,-2.30521e-07,774.182,13986.7,-2.55099e-07,876.299,17546.4,1.23585e-07,991.883,21993.1,1.41192e-07,1122.71,27536.7,-9.71886e-08,1270.78,34430.7,-3.68368e-07,1438.38,42977.7,-3.45379e-07,1628.07,53532.7,-3.25328e-09,1842.77,66504.6,2.6362e-07,2085.77,82350.2,2.53445e-07,2360.79,101560,-2.47407e-08,2672.05,124632,-3.80602e-07,3024.31,152018,-4.79005e-07,3422.98,184060,-1.14379e-07,3874.15,220884,2.64297e-07,4384.72,262283,3.44131e-07,4962.49,307576,7.5349e-08,5616.29,355497,-3.63097e-07,6356.1,404126,-6.05442e-07,7193.18,450932,-2.72333e-07,8140.28,492963,2.29675e-07,9211.79,527178,4.3387e-07,10424,550893,-1.0711e-07,10.102,8.06553,2.81012,10.6436,8.57909,0.869423,11.5336,10.2515,0.270869,12.7211,12.7138,0.0844293,14.1823,15.9373,0.0263173,15.9122,20.0383,0.0082035,17.9198,25.2154,0.00255722,20.2244,31.7373,0.000797017,22.8539,39.9486,0.000248622,25.8438,50.2851,7.75492e-05,29.237,63.2963,2.42508e-05,33.0837,79.6738,7.67162e-06,37.4415,100.288,2.32837e-06,42.3767,126.236,7.33e-07,47.9646,158.896,2.79256e-07,54.2906,200.003,9.87351e-09,61.452,251.741,1.61085e-07,69.5585,316.859,-2.47141e-07,78.7347,398.812,8.93552e-08,89.1218,501.948,-2.53231e-07,100.879,631.736,-1.25047e-07,114.188,795.049,-1.78808e-07,129.252,1000.53,2.6733e-07,146.304,1259.03,4.50292e-07,165.605,1584.19,6.76904e-07,187.452,1993.12,-1.23808e-07,212.181,2507.27,-4.89068e-07,240.173,3153.54,-5.40284e-07,271.856,3965.56,1.86061e-07,307.719,4985.38,4.37004e-07,348.313,6265.4,3.59828e-07,394.26,7870.83,3.98192e-07,446.268,9882.51,-1.92908e-07,505.135,12400.3,-2.20392e-07,571.766,15546.9,1.51705e-07,647.184,19472.2,5.74996e-07,732.547,24357.4,5.39112e-07,829.167,30420,5.07815e-09,938.526,37916.3,-4.11492e-07,1062.3,47143.9,-3.9561e-07,1202.4,58439.2,3.86185e-08,1360.96,72169.3,5.94093e-07,1540.42,88715.8,7.47693e-07,1743.53,108445,1.78537e-07,1973.41,131665,-4.12549e-07,2233.57,158557,-5.37164e-07,2528,189103,-1.17615e-07,2861.2,222986,5.66769e-07,3238.27,259510,9.45053e-07,3664.97,297540,4.25093e-07,4147.81,335497,-3.58506e-07,4694.17,371444,-6.7724e-07,5312.37,403256,1.67192e-07,1.61744,3.89446,9.84394,3.28846,7.5504,12.774,5.07607,11.7187,13.6844,7.03202,16.8147,13.9681,9.20215,23.1769,14.0566,11.6301,31.1672,14.0841,14.3598,41.2186,14.0927,17.4376,53.8688,14.0954,20.9137,69.7915,14.0962,24.8432,89.8341,14.0965,29.2879,115.063,14.0966,34.3168,146.819,14.0966,40.0078,186.792,14.0966,46.4487,237.107,14.0966,53.7388,300.44,14.0966,61.9903,380.158,14.0966,71.3301,480.499,14.0966,81.902,606.796,14.0966,93.8685,765.761,14.0966,107.414,965.837,14.0966,122.746,1217.65,14.0966,140.101,1534.57,14.0966,159.745,1933.41,14.0966,181.981,2435.3,14.0966,207.15,3066.85,14.0966,235.64,3861.46,14.0966,267.889,4861.11,14.0966,304.391,6118.54,14.0966,345.709,7699.91,14.0966,392.478,9688.22,14.0966,445.417,12187.5,14.0966,505.339,15327.7,14.0966,573.165,19271.6,14.0966,649.938,24222,14.0966,736.839,30430.9,14.0966,835.202,38211.5,14.0966,946.539,47950.3,14.0966,1072.56,60122.8,14.0966,1215.21,75309.9,14.0966,1376.66,94216.2,14.0966,1559.41,117688,14.0966,1766.26,146729,14.0966,2000.39,182510,14.0966,2265.39,226372,14.0966,2565.33,279806,14.0966,2904.81,344416,14.0966,3289.05,421845,14.0966,3723.93,513667,14.0966,4216.13,621231,14.0966,4773.18,745478,14.0966,5403.64,886744,14.0966,6117.15,1.04457e+06,14.0966,6924.63,1.2176e+06,14.0966,11.7194,11.96,12.6541,13.9321,16.1295,13.6434,16.6097,21.9702,13.9553,19.7532,29.5285,14.0526,23.3844,39.1143,14.0829,27.5423,51.2054,14.0923,32.2796,66.434,14.0953,37.662,85.6061,14.0962,43.7675,109.74,14.0965,50.687,140.119,14.0966,58.5249,178.359,14.0966,67.4005,226.493,14.0966,77.4493,287.08,14.0966,88.8254,363.343,14.0966,101.703,459.336,14.0966,116.281,580.161,14.0966,132.782,732.241,14.0966,151.46,923.655,14.0966,172.603,1164.57,14.0966,196.535,1467.79,14.0966,223.625,1849.39,14.0966,254.288,2329.62,14.0966,288.997,2933.93,14.0966,328.285,3694.33,14.0966,372.755,4651.04,14.0966,423.092,5854.57,14.0966,480.07,7368.38,14.0966,544.564,9272.08,14.0966,617.566,11665.5,14.0966,700.197,14673.6,14.0966,793.729,18452.9,14.0966,899.599,23198.6,14.0966,1019.43,29154.1,14.0966,1155.07,36622.3,14.0966,1308.6,45977.9,14.0966,1482.39,57683.7,14.0966,1679.09,72307.8,14.0966,1901.73,90542.8,14.0966,2153.73,113226,14.0966,2438.97,141360,14.0966,2761.81,176127,14.0966,3127.22,218898,14.0966,3540.81,271226,14.0966,4008.92,334817,14.0966,4538.74,411470,14.0966,5138.38,502973,14.0966,5817.04,610948,14.0966,6585.12,736653,14.0966,7454.39,880741,14.0966,8438.15,1.04302e+06,14.0966,9551.45,1.22224e+06,14.0966,10811.3,1.41602e+06,14.0966,12237,1.62086e+06,14.0966,11.7194,11.96,12.6541,2.21263,4.16949,0.989383,2.67766,5.84076,0.311842,3.14343,7.55825,0.0972771,3.63127,9.58578,0.0303237,4.15787,12.0912,0.00945211,4.73731,15.2286,0.00294633,5.38238,19.1721,0.000918508,6.10553,24.134,0.000286163,6.91951,30.3791,8.92692e-05,7.83792,38.2397,2.78121e-05,8.87555,48.1338,8.65134e-06,10.0489,60.5876,2.7882e-06,11.3761,76.2629,8.29036e-07,12.8779,95.9927,2.4373e-07,14.5775,120.825,4.33068e-09,16.5012,152.08,1.75749e-07,18.6784,191.415,-1.86328e-07,21.1428,240.917,1.91829e-07,23.9322,303.213,-1.81475e-07,27.0895,381.602,7.0186e-08,30.6634,480.231,-2.86769e-08,34.7087,604.316,2.40784e-07,39.2876,760.401,9.87368e-08,44.4705,956.705,1.22263e-07,50.3371,1203.54,-4.31966e-07,56.9776,1513.81,-1.9705e-07,64.494,1903.69,-2.763e-08,73.0018,2393.4,3.9185e-07,82.6317,3008.13,1.35379e-07,93.5318,3779.25,-4.16351e-08,105.869,4745.7,2.06965e-08,119.834,5955.6,-3.18887e-07,135.641,7468.12,-1.48271e-08,153.531,9355.62,2.00739e-07,173.781,11705.8,2.28358e-07,196.701,14624.1,-1.93587e-08,222.642,18235,-2.88101e-07,252.003,22683.4,-2.24732e-07,285.234,28134,8.56806e-09,322.845,34767,2.34258e-07,365.413,42770.9,2.99668e-07,413.588,52327.9,8.28644e-08,468.111,63591.2,-3.07049e-07,529.814,76653.2,-3.1888e-07,599.642,91502.5,-6.72276e-08,678.662,107975,2.26339e-07,768.083,125705,3.69212e-07,869.267,144088,2.04077e-07,983.76,162277,-2.80509e-07,1113.3,179223,-4.22737e-07,1259.87,193777,-1.71951e-07,1425.68,204839,4.55555e-07,11.7194,11.96,12.6541,2.21263,4.16949,0.989383,2.67766,5.84076,0.311842,3.14343,7.55825,0.0972771,3.63127,9.58578,0.0303237,4.15787,12.0912,0.00945211,4.73731,15.2286,0.00294633,5.38238,19.1721,0.000918508,6.10553,24.134,0.000286163,6.91951,30.3791,8.92692e-05,7.83792,38.2397,2.78121e-05,8.87555,48.1338,8.65134e-06,10.0489,60.5876,2.7882e-06,11.3761,76.2629,8.29036e-07,12.8779,95.9927,2.4373e-07,14.5775,120.825,1e-08,16.5012,152.08,1.75749e-07,18.6784,191.415,1e-08,21.1428,240.917,1.91829e-07,23.9322,303.213,1e-08,27.0895,381.602,7.0186e-08,30.6634,480.231,1e-08,34.7087,604.316,2.40784e-07,39.2876,760.401,9.87368e-08,44.4705,956.705,1.22263e-07,50.3371,1203.54,1e-08,56.9776,1513.81,1e-08,64.494,1903.69,1e-08,73.0018,2393.4,3.9185e-07,82.6317,3008.13,1.35379e-07,93.5318,3779.25,1e-08,105.869,4745.7,2.06965e-08,119.834,5955.6,1e-08,135.641,7468.12,1e-08,153.531,9355.62,2.00739e-07,173.781,11705.8,2.28358e-07,196.701,14624.1,1e-08,222.642,18235,1e-08,252.003,22683.4,1e-08,285.234,28134,1e-08,322.845,34767,2.34258e-07,365.413,42770.9,2.99668e-07,413.588,52327.9,8.28644e-08,468.111,63591.2,1e-08,529.814,76653.2,1e-08,599.642,91502.5,1e-08,678.662,107975,2.26339e-07,768.083,125705,3.69212e-07,869.267,144088,2.04077e-07,983.76,162277,1e-08,1113.3,179223,1e-08,1259.87,193777,1e-08,1425.68,204839,4.55555e-07,6.2823,3.27286,2.43537,0.219672,6.18826,2.24117,0.56371,6.87772,2.63624,0.308279,19,13,12,5,2,0,1,16,1,5,6,0,5,5,0,4,6,0,4,8,0,4,29,0,3,28,0,6,20,0,7,38,0,8,33,0,2,64,0,12,97,0,14,156,0,9,69,0,15,107,0,17,261,0,25,333,0,16,225,0,48,281,0,26,1008,0,39,558,0,46,887,0,35,1018,0,68,1191,0,113,1650,0,87,2095,0,47,1340,0,78,2142,0,89,1006,0,97,2419,0,109,5313,0,79,4856,0,89,8458,0,129,22624,0,162,26884,0,212,20400,0,198,16363,0,168,25408,0,232,27180,0,323,51810,0,337,18871,0,383,34568,0,327,90050,0,448,178563,0,356,123758,0,439,198781,0,1336,64674,0,769,118889,0,1411,181996,0,1321,253970,0,1149,196290,0
-1.05176e+08,1,8.88811e-15,10,1023,0,1.05176e+08,0.528882,1.08665,0.389689,0.145397,0.379329,3.24381,0.161596,0.446195,1.77396,0.159177,1.15e+07,4.49998e+06,6.79999e+06,1.15e+07,4.49997e+06,6.79999e+06,1.15e+07,4.49996e+06,6.79999e+06,1.15e+07,4.49995e+06,6.79999e+06,1.14999e+07,4.49993e+06,6.79999e+06,1.14999e+07,4.49991e+06,6.79999e+06,1.14999e+07,4.49989e+06,6.79999e+06,1.14999e+07,4.49986e+06,6.79999e+06,1.14999e+07,4.49982e+06,6.79999e+06,1.14999e+07,4.49977e+06,6.79999e+06,1.14999e+07,4.49971e+06,6.79999e+06,1.14999e+07,4.49963e+06,6.79999e+06,1.14998e+07,4.49953e+06,6.79999e+06,1.14998e+07,4.49941e+06,6.79999e+06,1.14998e+07,4.49926e+06,6.79999e+06,1.14998e+07,4.49906e+06,6.79999e+06,1.14997e+07,4.49882e+06,6.79999e+06,1.14997e+07,4.49851e+06,6.79999e+06,1.14997e+07,4.49812e+06,6.79999e+06,1.14996e+07,4.49764e+06,6.79999e+06,1.14996e+07,4.49702e+06,6.79999e+06,1.14995e+07,4.49625e+06,6.79999e+06,1.14995e+07,4.49528e+06,6.79999e+06,1.14994e+07,4.49406e+06,6.79999e+06,1.14993e+07,4.49253e+06,6.79999e+06,1.14992e+07,4.49059e+06,6.79999e+06,1.14991e+07,4.48817e+06,6.79999e+06,1.1499e+07,4.48511e+06,6.79999e+06,1.14988e+07,4.48128e+06,6.79999e+06,1.14987e+07,4.47646e+06,6.79999e+06,1.14985e+07,4.47041e+06,6.79999e+06,1.14983e+07,4.46281e+06,6.79999e+06,1.14981e+07,4.4533e+06,6.79999e+06,1.14979e+07,4.44138e+06,6.79999e+06,1.14976e+07,4.42649e+06,6.79999e+06,1.14972e+07,4.40789e+06,6.79999e+06,1.14969e+07,4.38471e+06,6.79999e+06,1.14965e+07,4.35592e+06,6.79999e+06,1.1496e+07,4.32027e+06,6.79999e+06,1.14955e+07,4.27629e+06,6.79999e+06,1.14949e+07,4.22231e+06,6.79999e+06,1.14942e+07,4.15647e+06,6.79999e+06,1.14934e+07,4.07676e+06,6.79999e+06,1.14926e+07,3.98112e+06,6.79999e+06,1.14916e+07,3.86765e+06,6.79999e+06,1.14905e+07,3.73474e+06,6.79999e+06,1.14892e+07,3.58148e+06,6.79999e+06,1.14878e+07,3.40785e+06,6.79999e+06,1.14862e+07,3.21513e+06,6.79999e+06,1.14844e+07,3.00605e+06,6.79999e+06,1.14823e+07,2.7848e+06,6.79999e+06,1.148e+07,2.5568e+06,6.79999e+06,1.14773e+07,2.32825e+06,6.79999e+06,13.5742,8.52444,0.508366,16.8306,13.2585,0.162638,20.0035,17.569,0.0507846,23.2616,22.4214,0.0158319,26.7328,28.3297,0.00493498,30.5212,35.6974,0.00153831,34.7178,44.9473,0.000479527,39.4086,56.5822,0.000149456,44.6796,71.2245,4.66214e-05,50.6209,89.6543,1.45419e-05,57.3297,112.852,4.54748e-06,64.9129,142.051,1.43857e-06,73.4897,178.803,4.36618e-07,83.1934,225.062,1.40153e-07,94.1745,283.286,4.96378e-08,106.602,356.568,1.05434e-07,120.669,448.799,-6.49244e-08,136.59,564.873,1.70148e-07,154.611,710.948,-5.34594e-08,175.008,894.767,1.63407e-07,198.097,1126.06,8.04804e-08,224.231,1417.07,1.14667e-07,253.813,1783.15,-1.71227e-07,287.297,2243.62,-2.88466e-07,325.198,2822.67,-4.33651e-07,368.098,3550.67,7.9318e-08,416.657,4465.65,3.13319e-07,471.621,5615.16,3.4613e-07,533.835,7058.61,-1.19199e-07,604.255,8870.02,-2.79964e-07,683.962,11141.4,-2.30521e-07,774.182,13986.7,-2.55099e-07,876.299,17546.4,1.23585e-07,991.883,21993.1,1.41192e-07,1122.71,27536.7,-9.71886e-08,1270.78,34430.7,-3.68368e-07,1438.38,42977.7,-3.45379e-07,1628.07,53532.7,-3.25328e-09,1842.77,66504.6,2.6362e-07,2085.77,82350.2,2.53445e-07,2360.79,101560,-2.47407e-08,2672.05,124632,-3.80602e-07,3024.31,152018,-4.79005e-07,3422.98,184060,-1.14379e-07,3874.15,220884,2.64297e-07,4384.72,262283,3.44131e-07,4962.49,307576,7.5349e-08,5616.29,355497,-3.63097e-07,6356.1,404126,-6.05442e-07,7193.18,450932,-2.72333e-07,8140.28,492963,2.29675e-07,9211.79,527178,4.3387e-07,10424,550893,-1.0711e-07,10.102,8.06553,2.81012,10.6436,8.57909,0.869423,11.5336,10.2515,0.270869,12.7211,12.7138,0.0844293,14.1823,15.9373,0.0263173,15.9122,20.0383,0.0082035,17.9198,25.2154,0.00255722,20.2244,31.7373,0.000797017,22.8539,39.9486,0.000248622,25.8438,50.2851,7.75492e-05,29.237,63.2963,2.42508e-05,33.0837,79.6738,7.67162e-06,37.4415,100.288,2.32837e-06,42.3767,126.236,7.33e-07,47.9646,158.896,2.79256e-07,54.2906,200.003,9.87351e-09,61.452,251.741,1.61085e-07,69.5585,316.859,-2.47141e-07,78.7347,398.812,8.93552e-08,89.1218,501.948,-2.53231e-07,100.879,631.736,-1.25047e-07,114.188,795.049,-1.78808e-07,129.252,1000.53,2.6733e-07,146.304,1259.03,4.50292e-07,165.605,1584.19,6.76904e-07,187.452,1993.12,-1.23808e-07,212.181,2507.27,-4.89068e-07,240.173,3153.54,-5.40284e-07,271.856,3965.56,1.86061e-07,307.719,4985.38,4.37004e-07,348.313,6265.4,3.59828e-07,394.26,7870.83,3.98192e-07,446.268,9882.51,-1.92908e-07,505.135,12400.3,-2.20392e-07,571.766,15546.9,1.51705e-07,647.184,19472.2,5.74996e-07,732.547,24357.4,5.39112e-07,829.167,30420,5.07815e-09,938.526,37916.3,-4.11492e-07,1062.3,47143.9,-3.9561e-07,1202.4,58439.2,3.86185e-08,1360.96,72169.3,5.94093e-07,1540.42,88715.8,7.47693e-07,1743.53,108445,1.78537e-07,1973.41,131665,-4.12549e-07,2233.57,158557,-5.37164e-07,2528,189103,-1.17615e-07,2861.2,222986,5.66769e-07,3238.27,259510,9.45053e-07,3664.97,297540,4.25093e-07,4147.81,335497,-3.58506e-07,4694.17,371444,-6.7724e-07,5312.37,403256,1.67192e-07,1.61744,3.89446,9.84394,3.28846,7.5504,12.774,5.07607,11.7187,13.6844,7.03202,16.8147,13.9681,9.20215,23.1769,14.0566,11.6301,31.1672,14.0841,14.3598,41.2186,14.0927,17.4376,53.8688,14.0954,20.9137,69.7915,14.0962,24.8432,89.8341,14.0965,29.2879,115.063,14.0966,34.3168,146.819,14.0966,40.0078,186.792,14.0966,46.4487,237.107,14.0966,53.7388,300.44,14.0966,61.9903,380.158,14.0966,71.3301,480.499,14.0966,81.902,606.796,14.0966,93.8685,765.761,14.0966,107.414,965.837,14.0966,122.746,1217.65,14.0966,140.101,1534.57,14.0966,159.745,1933.41,14.0966,181.981,2435.3,14.0966,207.15,3066.85,14.0966,235.64,3861.46,14.0966,267.889,4861.11,14.0966,304.391,6118.54,14.0966,345.709,7699.91,14.0966,392.478,9688.22,14.0966,445.417,12187.5,14.0966,505.339,15327.7,14.0966,573.165,19271.6,14.0966,649.938,24222,14.0966,736.839,30430.9,14.0966,835.202,38211.5,14.0966,946.539,47950.3,14.0966,1072.56,60122.8,14.0966,1215.21,75309.9,14.0966,1376.66,94216.2,14.0966,1559.41,117688,14.0966,1766.26,146729,14.0966,2000.39,182510,14.0966,2265.39,226372,14.0966,2565.33,279806,14.0966,2904.81,344416,14.0966,3289.05,421845,14.0966,3723.93,513667,14.0966,4216.13,621231,14.0966,4773.18,745478,14.0966,5403.64,886744,14.0966,6117.15,1.04457e+06,14.0966,6924.63,1.2176e+06,14.0966,11.7194,11.96,12.6541,13.9321,16.1295,13.6434,16.6097,21.9702,13.9553,19.7532,29.5285,14.0526,23.3844,39.1143,14.0829,27.5423,51.2054,14.0923,32.2796,66.434,14.0953,37.662,85.6061,14.0962,43.7675,109.74,14.0965,50.687,140.119,14.0966,58.5249,178.359,14.0966,67.4005,226.493,14.0966,77.4493,287.08,14.0966,88.8254,363.343,14.0966,101.703,459.336,14.0966,116.281,580.161,14.0966,132.782,732.241,14.0966,151.46,923.655,14.0966,172.603,1164.57,14.0966,196.535,1467.79,14.0966,223.625,1849.39,14.0966,254.288,2329.62,14.0966,288.997,2933.93,14.0966,328.285,3694.33,14.0966,372.755,4651.04,14.0966,423.092,5854.57,14.0966,480.07,7368.38,14.0966,544.564,9272.08,14.0966,617.566,11665.5,14.0966,700.197,14673.6,14.0966,793.729,18452.9,14.0966,899.599,23198.6,14.0966,1019.43,29154.1,14.0966,1155.07,36622.3,14.0966,1308.6,45977.9,14.0966,1482.39,57683.7,14.0966,1679.09,72307.8,14.0966,1901.73,90542.8,14.0966,2153.73,113226,14.0966,2438.97,141360,14.0966,2761.81,176127,14.0966,3127.22,218898,14.0966,3540.81,271226,14.0966,4008.92,334817,14.0966,4538.74,411470,14.0966,5138.38,502973,14.0966,5817.04,610948,14.0966,6585.12,736653,14.0966,7454.39,880741,14.0966,8438.15,1.04302e+06,14.0966,9551.45,1.22224e+06,14.0966,10811.3,1.41602e+06,14.0966,12237,1.62086e+06,14.0966,11.7194,11.96,12.6541,2.21263,4.16949,0.989383,2.67766,5.84076,0.311842,3.14343,7.55825,0.0972771,3.63127,9.58578,0.0303237,4.15787,12.0912,0.00945211,4.73731,15.2286,0.00294633,5.38238,19.1721,0.000918508,6.10553,24.134,0.000286163,6.91951,30.3791,8.92692e-05,7.83792,38.2397,2.78121e-05,8.87555,48.1338,8.65134e-06,10.0489,60.5876,2.7882e-06,11.3761,76.2629,8.29036e-07,12.8779,95.9927,2.4373e-07,14.5775,120.825,4.33068e-09,16.5012,152.08,1.75749e-07,18.6784,191.415,-1.86328e-07,21.1428,240.917,1.91829e-07,23.9322,303.213,-1.81475e-07,27.0895,381.602,7.0186e-08,30.6634,480.231,-2.86769e-08,34.7087,604.316,2.40784e-07,39.2876,760.401,9.87368e-08,44.4705,956.705,1.22263e-07,50.3371,1203.54,-4.31966e-07,56.9776,1513.81,-1.9705e-07,64.494,1903.69,-2.763e-08,73.0018,2393.4,3.9185e-07,82.6317,3008.13,1.35379e-07,93.5318,3779.25,-4.16351e-08,105.869,4745.7,2.06965e-08,119.834,5955.6,-3.18887e-07,135.641,7468.12,-1.48271e-08,153.531,9355.62,2.00739e-07,173.781,11705.8,2.28358e-07,196.701,14624.1,-1.93587e-08,222.642,18235,-2.88101e-07,252.003,22683.4,-2.24732e-07,285.234,28134,8.56806e-09,322.845,34767,2.34258e-07,365.413,42770.9,2.99668e-07,413.588,52327.9,8.28644e-08,468.111,63591.2,-3.07049e-07,529.814,76653.2,-3.1888e-07,599.642,91502.5,-6.72276e-08,678.662,107975,2.26339e-07,768.083,125705,3.69212e-07,869.267,144088,2.04077e-07,983.76,162277,-2.80509e-07,1113.3,179223,-4.22737e-07,1259.87,193777,-1.71951e-07,1425.68,204839,4.55555e-07,11.7194,11.96,12.6541,2.21263,4.16949,0.989383,2.67766,5.84076,0.311842,3.14343,7.55825,0.0972771,3.63127,9.58578,0.0303237,4.15787,12.0912,0.00945211,4.73731,15.2286,0.00294633,5.38238,19.1721,0.000918508,6.10553,24.134,0.000286163,6.91951,30.3791,8.92692e-05,7.83792,38.2397,2.78121e-05,8.87555,48.1338,8.65134e-06,10.0489,60.5876,2.7882e-06,11.3761,76.2629,8.29036e-07,12.8779,95.9927,2.4373e-07,14.5775,120.825,1e-08,16.5012,152.08,1.75749e-07,18.6784,191.415,1e-08,21.1428,240.917,1.91829e-07,23.9322,303.213,1e-08,27.0895,381.602,7.0186e-08,30.6634,480.231,1e-08,34.7087,604.316,2.40784e-07,39.2876,760.401,9.87368e-08,44.4705,956.705,1.22263e-07,50.3371,1203.54,1e-08,56.9776,1513.81,1e-08,64.494,1903.69,1e-08,73.0018,2393.4,3.9185e-07,82.6317,3008.13,1.35379e-07,93.5318,3779.25,1e-08,105.869,4745.7,2.06965e-08,119.834,5955.6,1e-08,135.641,7468.12,1e-08,153.531,9355.62,2.00739e-07,173.781,11705.8,2.28358e-07,196.701,14624.1,1e-08,222.642,18235,1e-08,252.003,22683.4,1e-08,285.234,28134,1e-08,322.845,34767,2.34258e-07,365.413,42770.9,2.99668e-07,413.588,52327.9,8.28644e-08,468.111,63591.2,1e-08,529.814,76653.2,1e-08,599.642,91502.5,1e-08,678.662,107975,2.26339e-07,768.083,125705,3.69212e-07,869.267,144088,2.04077e-07,983.76,162277,1e-08,1113.3,179223,1e-08,1259.87,193777,1e-08,1425.68,204839,4.55555e-07,6.2823,3.27286,2.43537,0.219672,6.18826,2.24117,0.56371,6.87772,2.63624,0.308279,18,11,11,1,2,1,1,1,0,1,16,0,6,1,0,3,19,0,3,27,0,6,21,0,5,35,0,9,32,0,2,37,0,9,65,0,12,38,0,10,110,0,22,76,0,17,45,0,20,95,0,33,179,0,21,511,0,36,136,0,14,590,0,31,476,0,29,612,0,51,1031,0,39,1219,0,39,936,0,101,2379,0,75,2383,0,57,2163,0,45,1409,0,42,4472,0,162,4840,0,65,3901,0,123,9337,0,137,7581,0,154,14262,0,195,22529,0,160,20101,0,238,17955,0,310,18114,0,215,23985,0,312,46576,0,648,24762,0,809,18659,0,949,72150,0,778,50353,0,625,113594,0,477,82111,0,934,407686,0,787,163339,0,1504,240669,0,1267,385711,0,1491,164919,0
-1.05176e+08,1,8.88811e-15,10,1023,0,1.05176e+08,0.528882,1.08665,0.389689,0.145397,0.379329,3.24381,0.161596,0.446195,1.77396,0.159177,1.15e+07,4.49998e+06,6.79999e+06,1.15e+07,4.49997e+06,6.79999e+06,1.15e+07,4.49996e+06,6.79999e+06,1.15e+07,4.49995e+06,6.79999e+06,1.14999e+07,4.49993e+06,6.79999e+06,1.14999e+07,4.49991e+06,6.79999e+06,1.14999e+07,4.49989e+06,6.79999e+06,1.14999e+07,4.49986e+06,6.79999e+06,1.14999e+07,4.49982e+06,6.79999e+06,1.14999e+07,4.49977e+06,6.79999e+06,1.14999e+07,4.49971e+06,6.79999e+06,1.14999e+07,4.49963e+06,6.79999e+06,1.14998e+07,4.49953e+06,6.79999e+06,1.14998e+07,4.49941e+06,6.79999e+06,1.14998e+07,4.49926e+06,6.79999e+06,1.14998e+07,4.49906e+06,6.79999e+06,1.14997e+07,4.49882e+06,6.79999e+06,1.14997e+07,4.49851e+06,6.79999e+06,1.14997e+07,4.49812e+06,6.79999e+06,1.14996e+07,4.49764e+06,6.79999e+06,1.14996e+07,4.49702e+06,6.79999e+06,1.14995e+07,4.49625e+06,6.79999e+06,1.14995e+07,4.49528e+06,6.79999e+06,1.14994e+07,4.49406e+06,6.79999e+06,1.14993e+07,4.49253e+06,6.79999e+06,1.14992e+07,4.49059e+06,6.79999e+06,1.14991e+07,4.48817e+06,6.79999e+06,1.1499e+07,4.48511e+06,6.79999e+06,1.14988e+07,4.48128e+06,6.79999e+06,1.14987e+07,4.47646e+06,6.79999e+06,1.14985e+07,4.47041e+06,6.79999e+06,1.14983e+07,4.46281e+06,6.79999e+06,1.14981e+07,4.4533e+06,6.79999e+06,1.14979e+07,4.44138e+06,6.79999e+06,1.14976e+07,4.42649e+06,6.79999e+06,1.14972e+07,4.40789e+06,6.79999e+06,1.14969e+07,4.38471e+06,6.79999e+06,1.14965e+07,4.35592e+06,6.79999e+06,1.1496e+07,4.32027e+06,6.79999e+06,1.14955e+07,4.27629e+06,6.79999e+06,1.14949e+07,4.22231e+06,6.79999e+06,1.14942e+07,4.15647e+06,6.79999e+06,1.14934e+07,4.07676e+06,6.79999e+06,1.14926e+07,3.98112e+06,6.79999e+06,1.14916e+07,3.86765e+06,6.79999e+06,1.14905e+07,3.73474e+06,6.79999e+06,1.14892e+07,3.58148e+06,6.79999e+06,1.14878e+07,3.40785e+06,6.79999e+06,1.14862e+07,3.21513e+06,6.79999e+06,1.14844e+07,3.00605e+06,6.79999e+06,1.14823e+07,2.7848e+06,6.79999e+06,1.148e+07,2.5568e+06,6.79999e+06,1.14773e+07,2.32825e+06,6.79999e+06,13.5742,8.52444,0.508366,16.8306,13.2585,0.162638,20.0035,17.569,0.0507846,23.2616,22.4214,0.0158319,26.7328,28.3297,0.00493498,30.5212,35.6974,0.00153831,34.7178,44.9473,0.000479527,39.4086,56.5822,0.000149456,44.6796,71.2245,4.66214e-05,50.6209,89.6543,1.45419e-05,57.3297,112.852,4.54748e-06,64.9129,142.051,1.43857e-06,73.4897,178.803,4.36618e-07,83.1934,225.062,1.40153e-07,94.1745,283.286,4.96378e-08,106.602,356.568,1.05434e-07,120.669,448.799,-6.49244e-08,136.59,564.873,1.70148e-07,154.611,710.948,-5.34594e-08,175.008,894.767,1.63407e-07,198.097,1126.06,8.04804e-08,224.231,1417.07,1.14667e-07,253.813,1783.15,-1.71227e-07,287.297,2243.62,-2.88466e-07,325.198,2822.67,-4.33651e-07,368.098,3550.67,7.9318e-08,416.657,4465.65,3.13319e-07,471.621,5615.16,3.4613e-07,533.835,7058.61,-1.19199e-07,604.255,8870.02,-2.79964e-07,683.962,11141.4,-2.30521e-07,774.182,13986.7,-2.55099e-07,876.299,17546.4,1.23585e-07,991.883,21993.1,1.41192e-07,1122.71,27536.7,-9.71886e-08,1270.78,34430.7,-3.68368e-07,1438.38,42977.7,-3.45379e-07,1628.07,53532.7,-3.25328e-09,1842.77,66504.6,2.6362e-07,2085.77,82350.2,2.53445e-07,2360.79,101560,-2.47407e-08,2672.05,124632,-3.80602e-07,3024.31,152018,-4.79005e-07,3422.98,184060,-1.14379e-07,3874.15,220884,2.64297e-07,4384.72,262283,3.44131e-07,4962.49,307576,7.5349e-08,5616.29,355497,-3.63097e-07,6356.1,404126,-6.05442e-07,7193.18,450932,-2.72333e-07,8140.28,492963,2.29675e-07,9211.79,527178,4.3387e-07,10424,550893,-1.0711e-07,10.102,8.06553,2.81012,10.6436,8.57909,0.869423,11.5336,10.2515,0.270869,12.7211,12.7138,0.0844293,14.1823,15.9373,0.0263173,15.9122,20.0383,0.0082035,17.9198,25.2154,0.00255722,20.2244,31.7373,0.000797017,22.8539,39.9486,0.000248622,25.8438,50.2851,7.75492e-05,29.237,63.2963,2.42508e-05,33.0837,79.6738,7.67162e-06,37.4415,100.288,2.32837e-06,42.3767,126.236,7.33e-07,47.9646,158.896,2.79256e-07,54.2906,200.003,9.87351e-09,61.452,251.741,1.61085e-07,69.5585,316.859,-2.47141e-07,78.7347,398.812,8.93552e-08,89.1218,501.948,-2.53231e-07,100.879,631.736,-1.25047e-07,114.188,795.049,-1.78808e-07,129.252,1000.53,2.6733e-07,146.304,1259.03,4.50292e-07,165.605,1584.19,6.76904e-07,187.452,1993.12,-1.23808e-07,212.181,2507.27,-4.89068e-07,240.173,3153.54,-5.40284e-07,271.856,3965.56,1.86061e-07,307.719,4985.38,4.37004e-07,348.313,6265.4,3.59828e-07,394.26,7870.83,3.98192e-07,446.268,9882.51,-1.92908e-07,505.135,12400.3,-2.20392e-07,571.766,15546.9,1.51705e-07,647.184,19472.2,5.74996e-07,732.547,24357.4,5.39112e-07,829.167,30420,5.07815e-09,938.526,37916.3,-4.11492e-07,1062.3,47143.9,-3.9561e-07,1202.4,58439.2,3.86185e-08,1360.96,72169.3,5.94093e-07,1540.42,88715.8,7.47693e-07,1743.53,108445,1.78537e-07,1973.41,131665,-4.12549e-07,2233.57,158557,-5.37164e-07,2528,189103,-1.17615e-07,2861.2,222986,5.66769e-07,3238.27,259510,9.45053e-07,3664.97,297540,4.25093e-07,4147.81,335497,-3.58506e-07,4694.17,371444,-6.7724e-07,5312.37,403256,1.67192e-07,1.61744,3.89446,9.84394,3.28846,7.5504,12.774,5.07607,11.7187,13.6844,7.03202,16.8147,13.9681,9.20215,23.1769,14.0566,11.6301,31.1672,14.0841,14.3598,41.2186,14.0927,17.4376,53.8688,14.0954,20.9137,69.7915,14.0962,24.8432,89.8341,14.0965,29.2879,115.063,14.0966,34.3168,146.819,14.0966,40.0078,186.792,14.0966,46.4487,237.107,14.0966,53.7388,300.44,14.0966,61.9903,380.158,14.0966,71.3301,480.499,14.0966,81.902,606.796,14.0966,93.8685,765.761,14.0966,107.414,965.837,14.0966,122.746,1217.65,14.0966,140.101,1534.57,14.0966,159.745,1933.41,14.0966,181.981,2435.3,14.0966,207.15,3066.85,14.0966,235.64,3861.46,14.0966,267.889,4861.11,14.0966,304.391,6118.54,14.0966,345.709,7699.91,14.0966,392.478,9688.22,14.0966,445.417,12187.5,14.0966,505.339,15327.7,14.0966,573.165,19271.6,14.0966,649.938,24222,14.0966,736.839,30430.9,14.0966,835.202,38211.5,14.0966,946.539,47950.3,14.0966,1072.56,60122.8,14.0966,1215.21,75309.9,14.0966,1376.66,94216.2,14.0966,1559.41,117688,14.0966,1766.26,146729,14.0966,2000.39,182510,14.0966,2265.39,226372,14.0966,2565.33,279806,14.0966,2904.81,344416,14.0966,3289.05,421845,14.0966,3723.93,513667,14.0966,4216.13,621231,14.0966,4773.18,745478,14.0966,5403.64,886744,14.0966,6117.15,1.04457e+06,14.0966,6924.63,1.2176e+06,14.0966,11.7194,11.96,12.6541,13.9321,16.1295,13.6434,16.6097,21.9702,13.9553,19.7532,29.5285,14.0526,23.3844,39.1143,14.0829,27.5423,51.2054,14.0923,32.2796,66.434,14.0953,37.662,85.6061,14.0962,43.7675,109.74,14.0965,50.687,140.119,14.0966,58.5249,178.359,14.0966,67.4005,226.493,14.0966,77.4493,287.08,14.0966,88.8254,363.343,14.0966,101.703,459.336,14.0966,116.281,580.161,14.0966,132.782,732.241,14.0966,151.46,923.655,14.0966,172.603,1164.57,14.0966,196.535,1467.79,14.0966,223.625,1849.39,14.0966,254.288,2329.62,14.0966,288.997,2933.93,14.0966,328.285,3694.33,14.0966,372.755,4651.04,14.0966,423.092,5854.57,14.0966,480.07,7368.38,14.0966,544.564,9272.08,14.0966,617.566,11665.5,14.0966,700.197,14673.6,14.0966,793.729,18452.9,14.0966,899.599,23198.6,14.0966,1019.43,29154.1,14.0966,1155.07,36622.3,14.0966,1308.6,45977.9,14.0966,1482.39,57683.7,14.0966,1679.09,72307.8,14.0966,1901.73,90542.8,14.0966,2153.73,113226,14.0966,2438.97,141360,14.0966,2761.81,176127,14.0966,3127.22,218898,14.0966,3540.81,271226,14.0966,4008.92,334817,14.0966,4538.74,411470,14.0966,5138.38,502973,14.0966,5817.04,610948,14.0966,6585.12,736653,14.0966,7454.39,880741,14.0966,8438.15,1.04302e+06,14.0966,9551.45,1.22224e+06,14.0966,10811.3,1.41602e+06,14.0966,12237,1.62086e+06,14.0966,11.7194,11.96,12.6541,2.21263,4.16949,0.989383,2.67766,5.84076,0.311842,3.14343,7.55825,0.0972771,3.63127,9.58578,0.0303237,4.15787,12.0912,0.00945211,4.73731,15.2286,0.00294633,5.38238,19.1721,0.000918508,6.10553,24.134,0.000286163,6.91951,30.3791,8.92692e-05,7.83792,38.2397,2.78121e-05,8.87555,48.1338,8.65134e-06,10.0489,60.5876,2.7882e-06,11.3761,76.2629,8.29036e-07,12.8779,95.9927,2.4373e-07,14.5775,120.825,4.33068e-09,16.5012,152.08,1.75749e-07,18.6784,191.415,-1.86328e-07,21.1428,240.917,1.91829e-07,23.9322,303.213,-1.81475e-07,27.0895,381.602,7.0186e-08,30.6634,480.231,-2.86769e-08,34.7087,604.316,2.40784e-07,39.2876,760.401,9.87368e-08,44.4705,956.705,1.22263e-07,50.3371,1203.54,-4.31966e-07,56.9776,1513.81,-1.9705e-07,64.494,1903.69,-2.763e-08,73.0018,2393.4,3.9185e-07,82.6317,3008.13,1.35379e-07,93.5318,3779.25,-4.16351e-08,105.869,4745.7,2.06965e-08,119.834,5955.6,-3.18887e-07,135.641,7468.12,-1.48271e-08,153.531,9355.62,2.00739e-07,173.781,11705.8,2.28358e-07,196.701,14624.1,-1.93587e-08,222.642,18235,-2.88101e-07,252.003,22683.4,-2.24732e-07,285.234,28134,8.56806e-09,322.845,34767,2.34258e-07,365.413,42770.9,2.99668e-07,413.588,52327.9,8.28644e-08,468.111,63591.2,-3.07049e-07,529.814,76653.2,-3.1888e-07,599.642,91502.5,-6.72276e-08,678.662,107975,2.26339e-07,768.083,125705,3.69212e-07,869.267,144088,2.04077e-07,983.76,162277,-2.80509e-07,1113.3,179223,-4.22737e-07,1259.87,193777,-1.71951e-07,1425.68,204839,4.55555e-07,11.7194,11.96,12.6541,2.21263,4.16949,0.989383,2.67766,5.84076,0.311842,3.14343,7.55825,0.0972771,3.63127,9.58578,0.0303237,4.15787,12.0912,0.00945211,4.73731,15.2286,0.00294633,5.38238,19.1721,0.000918508,6.10553,24.134,0.000286163,6.91951,30.3791,8.92692e-05,7.83792,38.2397,2.78121e-05,8.87555,48.1338,8.65134e-06,10.0489,60.5876,2.7882e-06,11.3761,76.2629,8.29036e-07,12.8779,95.9927,2.4373e-07,14.5775,120.825,1e-08,16.5012,152.08,1.75749e-07,18.6784,191.415,1e-08,21.1428,240.917,1.91829e-07,23.9322,303.213,1e-08,27.0895,381.602,7.0186e-08,30.6634,480.231,1e-08,34.7087,604.316,2.40784e-07,39.2876,760.401,9.87368e-08,44.4705,956.705,1.22263e-07,50.3371,1203.54,1e-08,56.9776,1513.81,1e-08,64.494,1903.69,1e-08,73.0018,2393.4,3.9185e-07,82.6317,3008.13,1.35379e-07,93.5318,3779.25,1e-08,105.869,4745.7,2.06965e-08,119.834,5955.6,1e-08,135.641,7468.12,1e-08,153.531,9355.62,2.00739e-07,173.781,11705.8,2.28358e-07,196.701,14624.1,1e-08,222.642,18235,1e-08,252.003,22683.4,1e-08,285.234,28134,1e-08,322.845,34767,2.34258e-07,365.413,42770.9,2.99668e-07,413.588,52327.9,8.28644e-08,468.111,63591.2,1e-08,529.814,76653.2,1e-08,599.642,91502.5,1e-08,678.662,107975,2.26339e-07,768.083,125705,3.69212e-07,869.267,144088,2.04077e-07,983.76,162277,1e-08,1113.3,179223,1e-08,1259.87,193777,1e-08,1425.68,204839,4.55555e-07,6.2823,3.27286,2.43537,0.219672,6.18826,2.24117,0.56371,6.87772,2.63624,0.308279,9,10,8,1,8,0,0,7,0,4,7,0,2,5,0,4,15,0,1,49,0,10,19,0,5,30,0,2,24,0,4,32,0,16,69,0,19,103,0,5,37,0,13,188,0,3,141,0,5,201,0,9,115,0,25,287,0,27,481,0,31,299,0,17,615,0,39,501,0,53,304,0,32,744,0,40,1472,0,89,639,0,148,2016,0,36,2665,0,25,4014,0,106,4911,0,128,4367,0,27,2671,0,152,5561,0,147,16502,0,192,11176,0,251,21267,0,251,15374,0,293,27061,0,293,21726,0,85,44318,0,471,36928,0,353,36088,0,618,68406,0,506,40625,0,890,117422,0,619,98891,0,631,273866,0,709,166881,0,1007,147771,0,808,198600,0,426,114836,0,815,182196,0
-1.05176e+08,1,8.88811e-15,10,1023,0,1.05176e+08,0.528882,1.08665,0.389689,0.145397,0.379329,3.24381,0.161596,0.446195,1.77396,0.159177,1.15e+07,4.49998e+06,6.79999e+06,1.15e+07,4.49997e+06,6.79999e+06,1.15e+07,4.49996e+06,6.79999e+06,1.15e+07,4.49995e+06,6.79999e+06,1.14999e+07,4.49993e+06,6.79999e+06,1.14999e+07,4.49991e+06,6.79999e+06,1.14999e+07,4.49989e+06,6.79999e+06,1.14999e+07,4.49986e+06,6.79999e+06,1.14999e+07,4.49982e+06,6.79999e+06,1.14999e+07,4.49977e+06,6.79999e+06,1.14999e+07,4.49971e+06,6.79999e+06,1.14999e+07,4.49963e+06,6.79999e+06,1.14998e+07,4.49953e+06,6.79999e+06,1.14998e+07,4.49941e+06,6.79999e+06,1.14998e+07,4.49926e+06,6.79999e+06,1.14998e+07,4.49906e+06,6.79999e+06,1.14997e+07,4.49882e+06,6.79999e+06,1.14997e+07,4.49851e+06,6.79999e+06,1.14997e+07,4.49812e+06,6.79999e+06,1.14996e+07,4.49764e+06,6.79999e+06,1.14996e+07,4.49702e+06,6.79999e+06,1.14995e+07,4.49625e+06,6.79999e+06,1.14995e+07,4.49528e+06,6.79999e+06,1.14994e+07,4.49406e+06,6.79999e+06,1.14993e+07,4.49253e+06,6.79999e+06,1.14992e+07,4.49059e+06,6.79999e+06,1.14991e+07,4.48817e+06,6.79999e+06,1.1499e+07,4.48511e+06,6.79999e+06,1.14988e+07,4.48128e+06,6.79999e+06,1.14987e+07,4.47646e+06,6.79999e+06,1.14985e+07,4.47041e+06,6.79999e+06,1.14983e+07,4.46281e+06,6.79999e+06,1.14981e+07,4.4533e+06,6.79999e+06,1.14979e+07,4.44138e+06,6.79999e+06,1.14976e+07,4.42649e+06,6.79999e+06,1.14972e+07,4.40789e+06,6.79999e+06,1.14969e+07,4.38471e+06,6.79999e+06,1.14965e+07,4.35592e+06,6.79999e+06,1.1496e+07,4.32027e+06,6.79999e+06,1.14955e+07,4.27629e+06,6.79999e+06,1.14949e+07,4.22231e+06,6.79999e+06,1.14942e+07,4.15647e+06,6.79999e+06,1.14934e+07,4.07676e+06,6.79999e+06,1.14926e+07,3.98112e+06,6.79999e+06,1.14916e+07,3.86765e+06,6.79999e+06,1.14905e+07,3.73474e+06,6.79999e+06,1.14892e+07,3.58148e+06,6.79999e+06,1.14878e+07,3.40785e+06,6.79999e+06,1.14862e+07,3.21513e+06,6.79999e+06,1.14844e+07,3.00605e+06,6.79999e+06,1.14823e+07,2.7848e+06,6.79999e+06,1.148e+07,2.5568e+06,6.79999e+06,1.14773e+07,2.32825e+06,6.79999e+06,13.5742,8.52444,0.508366,16.8306,13.2585,0.162638,20.0035,17.569,0.0507846,23.2616,22.4214,0.0158319,26.7328,28.3297,0.00493498,30.5212,35.6974,0.00153831,34.7178,44.9473,0.000479527,39.4086,56.5822,0.000149456,44.6796,71.2245,4.66214e-05,50.6209,89.6543,1.45419e-05,57.3297,112.852,4.54748e-06,64.9129,142.051,1.43857e-06,73.4897,178.803,4.36618e-07,83.1934,225.062,1.40153e-07,94.1745,283.286,4.96378e-08,106.602,356.568,1.05434e-07,120.669,448.799,-6.49244e-08,136.59,564.873,1.70148e-07,154.611,710.948,-5.34594e-08,175.008,894.767,1.63407e-07,198.097,1126.06,8.04804e-08,224.231,1417.07,1.14667e-07,253.813,1783.15,-1.71227e-07,287.297,2243.62,-2.88466e-07,325.198,2822.67,-4.33651e-07,368.098,3550.67,7.9318e-08,416.657,4465.65,3.13319e-07,471.621,5615.16,3.4613e-07,533.835,7058.61,-1.19199e-07,604.255,8870.02,-2.79964e-07,683.962,11141.4,-2.30521e-07,774.182,13986.7,-2.55099e-07,876.299,17546.4,1.23585e-07,991.883,21993.1,1.41192e-07,1122.71,27536.7,-9.71886e-08,1270.78,34430.7,-3.68368e-07,1438.38,42977.7,-3.45379e-07,1628.07,53532.7,-3.25328e-09,1842.77,66504.6,2.6362e-07,2085.77,82350.2,2.53445e-07,2360.79,101560,-2.47407e-08,2672.05,124632,-3.80602e-07,3024.31,152018,-4.79005e-07,3422.98,184060,-1.14379e-07,3874.15,220884,2.64297e-07,4384.72,262283,3.44131e-07,4962.49,307576,7.5349e-08,5616.29,355497,-3.63097e-07,6356.1,404126,-6.05442e-07,7193.18,450932,-2.72333e-07,8140.28,492963,2.29675e-07,9211.79,527178,4.3387e-07,10424,550893,-1.0711e-07,10.102,8.06553,2.81012,10.6436,8.57909,0.869423,11.5336,10.2515,0.270869,12.7211,12.7138,0.0844293,14.1823,15.9373,0.0263173,15.9122,20.0383,0.0082035,17.9198,25.2154,0.00255722,20.2244,31.7373,0.000797017,22.8539,39.9486,0.000248622,25.8438,50.2851,7.75492e-05,29.237,63.2963,2.42508e-05,33.0837,79.6738,7.67162e-06,37.4415,100.288,2.32837e-06,42.3767,126.236,7.33e-07,47.9646,158.896,2.79256e-07,54.2906,200.003,9.87351e-09,61.452,251.741,1.61085e-07,69.5585,316.859,-2.47141e-07,78.7347,398.812,8.93552e-08,89.1218,501.948,-2.53231e-07,100.879,631.736,-1.25047e-07,114.188,795.049,-1.78808e-07,129.252,1000.53,2.6733e-07,146.304,1259.03,4.50292e-07,165.605,1584.19,6.76904e-07,187.452,1993.12,-1.23808e-07,212.181,2507.27,-4.89068e-07,240.173,3153.54,-5.40284e-07,271.856,3965.56,1.86061e-07,307.719,4985.38,4.37004e-07,348.313,6265.4,3.59828e-07,394.26,7870.83,3.98192e-07,446.268,9882.51,-1.92908e-07,505.135,12400.3,-2.20392e-07,571.766,15546.9,1.51705e-07,647.184,19472.2,5.74996e-07,732.547,24357.4,5.39112e-07,829.167,30420,5.07815e-09,938.526,37916.3,-4.11492e-07,1062.3,47143.9,-3.9561e-07,1202.4,58439.2,3.86185e-08,1360.96,72169.3,5.94093e-07,1540.42,88715.8,7.47693e-07,1743.53,108445,1.78537e-07,1973.41,131665,-4.12549e-07,2233.57,158557,-5.37164e-07,2528,189103,-1.17615e-07,2861.2,222986,5.66769e-07,3238.27,259510,9.45053e-07,3664.97,297540,4.25093e-07,4147.81,335497,-3.58506e-07,4694.17,371444,-6.7724e-07,5312.37,403256,1.67192e-07,1.61744,3.89446,9.84394,3.28846,7.5504,12.774,5.07607,11.7187,13.6844,7.03202,16.8147,13.9681,9.20215,23.1769,14.0566,11.6301,31.1672,14.0841,14.3598,41.2186,14.0927,17.4376,53.8688,14.0954,20.9137,69.7915,14.0962,24.8432,89.8341,14.0965,29.2879,115.063,14.0966,34.3168,146.819,14.0966,40.0078,186.792,14.0966,46.4487,237.107,14.0966,53.7388,300.44,14.0966,61.9903,380.158,14.0966,71.3301,480.499,14.0966,81.902,606.796,14.0966,93.8685,765.761,14.0966,107.414,965.837,14.0966,122.746,1217.65,14.0966,140.101,1534.57,14.0966,159.745,1933.41,14.0966,181.981,2435.3,14.0966,207.15,3066.85,14.0966,235.64,3861.46,14.0966,267.889,4861.11,14.0966,304.391,6118.54,14.0966,345.709,7699.91,14.0966,392.478,9688.22,14.0966,445.417,12187.5,14.0966,505.339,15327.7,14.0966,573.165,19271.6,14.0966,649.938,24222,14.0966,736.839,30430.9,14.0966,835.202,38211.5,14.0966,946.539,47950.3,14.0966,1072.56,60122.8,14.0966,1215.21,75309.9,14.0966,1376.66,94216.2,14.0966,1559.41,117688,14.0966,1766.26,146729,14.0966,2000.39,182510,14.0966,2265.39,226372,14.0966,2565.33,279806,14.0966,2904.81,344416,14.0966,3289.05,421845,14.0966,3723.93,513667,14.0966,4216.13,621231,14.0966,4773.18,745478,14.0966,5403.64,886744,14.0966,6117.15,1.04457e+06,14.0966,6924.63,1.2176e+06,14.0966,11.7194,11.96,12.6541,13.9321,16.1295,13.6434,16.6097,21.9702,13.9553,19.7532,29.5285,14.0526,23.3844,39.1143,14.0829,27.5423,51.2054,14.0923,32.2796,66.434,14.0953,37.662,85.6061,14.0962,43.7675,109.74,14.0965,50.687,140.119,14.0966,58.5249,178.359,14.0966,67.4005,226.493,14.0966,77.4493,287.08,14.0966,88.8254,363.343,14.0966,101.703,459.336,14.0966,116.281,580.161,14.0966,132.782,732.241,14.0966,151.46,923.655,14.0966,172.603,1164.57,14.0966,196.535,1467.79,14.0966,223.625,1849.39,14.0966,254.288,2329.62,14.0966,288.997,2933.93,14.0966,328.285,3694.33,14.0966,372.755,4651.04,14.0966,423.092,5854.57,14.0966,480.07,7368.38,14.0966,544.564,9272.08,14.0966,617.566,11665.5,14.0966,700.197,14673.6,14.0966,793.729,18452.9,14.0966,899.599,23198.6,14.0966,1019.43,29154.1,14.0966,1155.07,36622.3,14.0966,1308.6,45977.9,14.0966,1482.39,57683.7,14.0966,1679.09,72307.8,14.0966,1901.73,90542.8,14.0966,2153.73,113226,14.0966,2438.97,141360,14.0966,2761.81,176127,14.0966,3127.22,218898,14.0966,3540.81,271226,14.0966,4008.92,334817,14.0966,4538.74,411470,14.0966,5138.38,502973,14.0966,5817.04,610948,14.0966,6585.12,736653,14.0966,7454.39,880741,14.0966,8438.15,1.04302e+06,14.0966,9551.45,1.22224e+06,14.0966,10811.3,1.41602e+06,14.0966,12237,1.62086e+06,14.0966,11.7194,11.96,12.6541,2.21263,4.16949,0.989383,2.67766,5.84076,0.311842,3.14343,7.55825,0.0972771,3.63127,9.58578,0.0303237,4.15787,12.0912,0.00945211,4.73731,15.2286,0.00294633,5.38238,19.1721,0.000918508,6.10553,24.134,0.000286163,6.91951,30.3791,8.92692e-05,7.83792,38.2397,2.78121e-05,8.87555,48.1338,8.65134e-06,10.0489,60.5876,2.7882e-06,11.3761,76.2629,8.29036e-07,12.8779,95.9927,2.4373e-07,14.5775,120.825,4.33068e-09,16.5012,152.08,1.75749e-07,18.6784,191.415,-1.86328e-07,21.1428,240.917,1.91829e-07,23.9322,303.213,-1.81475e-07,27.0895,381.602,7.0186e-08,30.6634,480.231,-2.86769e-08,34.7087,604.316,2.40784e-07,39.2876,760.401,9.87368e-08,44.4705,956.705,1.22263e-07,50.3371,1203.54,-4.31966e-07,56.9776,1513.81,-1.9705e-07,64.494,1903.69,-2.763e-08,73.0018,2393.4,3.9185e-07,82.6317,3008.13,1.35379e-07,93.5318,3779.25,-4.16351e-08,105.869,4745.7,2.06965e-08,119.834,5955.6,-3.18887e-07,135.641,7468.12,-1.48271e-08,153.531,9355.62,2.00739e-07,173.781,11705.8,2.28358e-07,196.701,14624.1,-1.93587e-08,222.642,18235,-2.88101e-07,252.003,22683.4,-2.24732e-07,285.234,28134,8.56806e-09,322.845,34767,2.34258e-07,365.413,42770.9,2.99668e-07,413.588,52327.9,8.28644e-08,468.111,63591.2,-3.07049e-07,529.814,76653.2,-3.1888e-07,599.642,91502.5,-6.72276e-08,678.662,107975,2.26339e-07,768.083,125705,3.69212e-07,869.267,144088,2.04077e-07,983.76,162277,-2.80509e-07,1113.3,179223,-4.22737e-07,1259.87,193777,-1.71951e-07,1425.68,204839,4.55555e-07,11.7194,11.96,12.6541,2.21263,4.16949,0.989383,2.67766,5.84076,0.311842,3.14343,7.55825,0.0972771,3.63127,9.58578,0.0303237,4.15787,12.0912,0.00945211,4.73731,15.2286,0.00294633,5.38238,19.1721,0.000918508,6.10553,24.134,0.000286163,6.91951,30.3791,8.92692e-05,7.83792,38.2397,2.78121e-05,8.87555,48.1338,8.65134e-06,10.0489,60.5876,2.7882e-06,11.3761,76.2629,8.29036e-07,12.8779,95.9927,2.4373e-07,14.5775,120.825,1e-08,16.5012,152.08,1.75749e-07,18.6784,191.415,1e-08,21.1428,240.917,1.91829e-07,23.9322,303.213,1e-08,27.0895,381.602,7.0186e-08,30.6634,480.231,1e-08,34.7087,604.316,2.40784e-07,39.2876,760.401,9.87368e-08,44.4705,956.705,1.22263e-07,50.3371,1203.54,1e-08,56.9776,1513.81,1e-08,64.494,1903.69,1e-08,73.0018,2393.4,3.9185e-07,82.6317,3008.13,1.35379e-07,93.5318,3779.25,1e-08,105.869,4745.7,2.06965e-08,119.834,5955.6,1e-08,135.641,7468.12,1e-08,153.531,9355.62,2.00739e-07,173.781,11705.8,2.28358e-07,196.701,14624.1,1e-08,222.642,18235,1e-08,252.003,22683.4,1e-08,285.234,28134,1e-08,322.845,34767,2.34258e-07,365.413,42770.9,2.99668e-07,413.588,52327.9,8.28644e-08,468.111,63591.2,1e-08,529.814,76653.2,1e-08,599.642,91502.5,1e-08,678.662,107975,2.26339e-07,768.083,125705,3.69212e-07,869.267,144088,2.04077e-07,983.76,162277,1e-08,1113.3,179223,1e-08,1259.87,193777,1e-08,1425.68,204839,4.55555e-07,6.2823,3.27286,2.43537,0.219672,6.18826,2.24117,0.56371,6.87772,2.63624,0.308279,9,7,16,1,7,1,2,11,0,4,7,0,6,23,0,3,24,0,4,8,0,15,33,0,8,25,0,10,21,0,6,14,0,4,76,0,13,47,0,22,157,0,18,70,0,13,157,0,11,194,0,21,84,0,17,319,0,21,201,0,26,537,0,20,525,0,46,459,0,10,696,0,33,1093,0,75,1472,0,42,876,0,48,1559,0,80,1902,0,77,2287,0,81,5784,0,189,4409,0,83,4361,0,110,8051,0,155,12976,0,163,5716,0,204,15824,0,148,31379,0,244,13659,0,255,14057,0,263,43684,0,429,20631,0,707,47575,0,543,44769,0,646,42100,0,987,97911,0,896,43470,0,694,178014,0,1078,143921,0,457,174552,0,1406,108452,0,1851,125562,0,936,168227,0
-1.05176e+08,1,8.88811e-15,10,1023,0,1.05176e+08,0.528882,1.08665,0.389689,0.145397,0.379329,3.24381,0.161596,0.446195,1.77396,0.159177,1.15e+07,4.49998e+06,6.79999e+06,1.15e+07,4.49997e+06,6.79999e+06,1.15e+07,4.49996e+06,6.79999e+06,1.15e+07,4.49995e+06,6.79999e+06,1.14999e+07,4.49993e+06,6.79999e+06,1.14999e+07,4.49991e+06,6.79999e+06,1.14999e+07,4.49989e+06,6.79999e+06,1.14999e+07,4.49986e+06,6.79999e+06,1.14999e+07,4.49982e+06,6.79999e+06,1.14999e+07,4.49977e+06,6.79999e+06,1.14999e+07,4.49971e+06,6.79999e+06,1.14999e+07,4.49963e+06,6.79999e+06,1.14998e+07,4.49953e+06,6.79999e+06,1.14998e+07,4.49941e+06,6.79999e+06,1.14998e+07,4.49926e+06,6.79999e+06,1.14998e+07,4.49906e+06,6.79999e+06,1.14997e+07,4.49882e+06,6.79999e+06,1.14997e+07,4.49851e+06,6.79999e+06,1.14997e+07,4.49812e+06,6.79999e+06,1.14996e+07,4.49764e+06,6.79999e+06,1.14996e+07,4.49702e+06,6.79999e+06,1.14995e+07,4.49625e+06,6.79999e+06,1.14995e+07,4.49528e+06,6.79999e+06,1.14994e+07,4.49406e+06,6.79999e+06,1.14993e+07,4.49253e+06,6.79999e+06,1.14992e+07,4.49059e+06,6.79999e+06,1.14991e+07,4.48817e+06,6.79999e+06,1.1499e+07,4.48511e+06,6.79999e+06,1.14988e+07,4.48128e+06,6.79999e+06,1.14987e+07,4.47646e+06,6.79999e+06,1.14985e+07,4.47041e+06,6.79999e+06,1.14983e+07,4.46281e+06,6.79999e+06,1.14981e+07,4.4533e+06,6.79999e+06,1.14979e+07,4.44138e+06,6.79999e+06,1.14976e+07,4.42649e+06,6.79999e+06,1.14972e+07,4.40789e+06,6.79999e+06,1.14969e+07,4.38471e+06,6.79999e+06,1.14965e+07,4.35592e+06,6.79999e+06,1.1496e+07,4.32027e+06,6.79999e+06,1.14955e+07,4.27629e+06,6.79999e+06,1.14949e+07,4.22231e+06,6.79999e+06,1.14942e+07,4.15647e+06,6.79999e+06,1.14934e+07,4.07676e+06,6.79999e+06,1.14926e+07,3.98112e+06,6.79999e+06,1.14916e+07,3.86765e+06,6.79999e+06,1.14905e+07,3.73474e+06,6.79999e+06,1.14892e+07,3.58148e+06,6.79999e+06,1.14878e+07,3.40785e+06,6.79999e+06,1.14862e+07,3.21513e+06,6.79999e+06,1.14844e+07,3.00605e+06,6.79999e+06,1.14823e+07,2.7848e+06,6.79999e+06,1.148e+07,2.5568e+06,6.79999e+06,1.14773e+07,2.32825e+06,6.79999e+06,13.5742,8.52444,0.508366,16.8306,13.2585,0.162638,20.0035,17.569,0.0507846,23.2616,22.4214,0.0158319,26.7328,28.3297,0.00493498,30.5212,35.6974,0.00153831,34.7178,44.9473,0.000479527,39.4086,56.5822,0.000149456,44.6796,71.2245,4.66214e-05,50.6209,89.6543,1.45419e-05,57.3297,112.852,4.54748e-06,64.9129,142.051,1.43857e-06,73.4897,178.803,4.36618e-07,83.1934,225.062,1.40153e-07,94.1745,283.286,4.96378e-08,106.602,356.568,1.05434e-07,120.669,448.799,-6.49244e-08,136.59,564.873,1.70148e-07,154.611,710.948,-5.34594e-08,175.008,894.767,1.63407e-07,198.097,1126.06,8.04804e-08,224.231,1417.07,1.14667e-07,253.813,1783.15,-1.71227e-07,287.297,2243.62,-2.88466e-07,325.198,2822.67,-4.33651e-07,368.098,3550.67,7.9318e-08,416.657,4465.65,3.13319e-07,471.621,5615.16,3.4613e-07,533.835,7058.61,-1.19199e-07,604.255,8870.02,-2.79964e-07,683.962,11141.4,-2.30521e-07,774.182,13986.7,-2.55099e-07,876.299,17546.4,1.23585e-07,991.883,21993.1,1.41192e-07,1122.71,27536.7,-9.71886e-08,1270.78,34430.7,-3.68368e-07,1438.38,42977.7,-3.45379e-07,1628.07,53532.7,-3.25328e-09,1842.77,66504.6,2.6362e-07,2085.77,82350.2,2.53445e-07,2360.79,101560,-2.47407e-08,2672.05,124632,-3.80602e-07,3024.31,152018,-4.79005e-07,3422.98,184060,-1.14379e-07,3874.15,220884,2.64297e-07,4384.72,262283,3.44131e-07,4962.49,307576,7.5349e-08,5616.29,355497,-3.63097e-07,6356.1,404126,-6.05442e-07,7193.18,450932,-2.72333e-07,8140.28,492963,2.29675e-07,9211.79,527178,4.3387e-07,10424,550893,-1.0711e-07,10.102,8.06553,2.81012,10.6436,8.57909,0.869423,11.5336,10.2515,0.270869,12.7211,12.7138,0.0844293,14.1823,15.9373,0.0263173,15.9122,20.0383,0.0082035,17.9198,25.2154,0.00255722,20.2244,31.7373,0.000797017,22.8539,39.9486,0.000248622,25.8438,50.2851,7.75492e-05,29.237,63.2963,2.42508e-05,33.0837,79.6738,7.67162e-06,37.4415,100.288,2.32837e-06,42.3767,126.236,7.33e-07,47.9646,158.896,2.79256e-07,54.2906,200.003,9.87351e-09,61.452,251.741,1.61085e-07,69.5585,316.859,-2.47141e-07,78.7347,398.812,8.93552e-08,89.1218,501.948,-2.53231e-07,100.879,631.736,-1.25047e-07,114.188,795.049,-1.78808e-07,129.252,1000.53,2.6733e-07,146.304,1259.03,4.50292e-07,165.605,1584.19,6.76904e-07,187.452,1993.12,-1.23808e-07,212.181,2507.27,-4.89068e-07,240.173,3153.54,-5.40284e-07,271.856,3965.56,1.86061e-07,307.719,4985.38,4.37004e-07,348.313,6265.4,3.59828e-07,394.26,7870.83,3.98192e-07,446.268,9882.51,-1.92908e-07,505.135,12400.3,-2.20392e-07,571.766,15546.9,1.51705e-07,647.184,19472.2,5.74996e-07,732.547,24357.4,5.39112e-07,829.167,30420,5.07815e-09,938.526,37916.3,-4.11492e-07,1062.3,47143.9,-3.9561e-07,1202.4,58439.2,3.86185e-08,1360.96,72169.3,5.94093e-07,1540.42,88715.8,7.47693e-07,1743.53,108445,1.78537e-07,1973.41,131665,-4.12549e-07,2233.57,158557,-5.37164e-07,2528,189103,-1.17615e-07,2861.2,222986,5.66769e-07,3238.27,259510,9.45053e-07,3664.97,297540,4.25093e-07,4147.81,335497,-3.58506e-07,4694.17,371444,-6.7724e-07,5312.37,403256,1.67192e-07,1.61744,3.89446,9.84394,3.28846,7.5504,12.774,5.07607,11.7187,13.6844,7.03202,16.8147,13.9681,9.20215,23.1769,14.0566,11.6301,31.1672,14.0841,14.3598,41.2186,14.0927,17.4376,53.8688,14.0954,20.9137,69.7915,14.0962,24.8432,89.8341,14.0965,29.2879,115.063,14.0966,34.3168,146.819,14.0966,40.0078,186.792,14.0966,46.4487,237.107,14.0966,53.7388,300.44,14.0966,61.9903,380.158,14.0966,71.3301,480.499,14.0966,81.902,606.796,14.0966,93.8685,765.761,14.0966,107.414,965.837,14.0966,122.746,1217.65,14.0966,140.101,1534.57,14.0966,159.745,1933.41,14.0966,181.981,2435.3,14.0966,207.15,3066.85,14.0966,235.64,3861.46,14.0966,267.889,4861.11,14.0966,304.391,6118.54,14.0966,345.709,7699.91,14.0966,392.478,9688.22,14.0966,445.417,12187.5,14.0966,505.339,15327.7,14.0966,573.165,19271.6,14.0966,649.938,24222,14.0966,736.839,30430.9,14.0966,835.202,38211.5,14.0966,946.539,47950.3,14.0966,1072.56,60122.8,14.0966,1215.21,75309.9,14.0966,1376.66,94216.2,14.0966,1559.41,117688,14.0966,1766.26,146729,14.0966,2000.39,182510,14.0966,2265.39,226372,14.0966,2565.33,279806,14.0966,2904.81,344416,14.0966,3289.05,421845,14.0966,3723.93,513667,14.0966,4216.13,621231,14.0966,4773.18,745478,14.0966,5403.64,886744,14.0966,6117.15,1.04457e+06,14.0966,6924.63,1.2176e+06,14.0966,11.7194,11.96,12.6541,13.9321,16.1295,13.6434,16.6097,21.9702,13.9553,19.7532,29.5285,14.0526,23.3844,39.1143,14.0829,27.5423,51.2054,14.0923,32.2796,66.434,14.0953,37.662,85.6061,14.0962,43.7675,109.74,14.0965,50.687,140.119,14.0966,58.5249,178.359,14.0966,67.4005,226.493,14.0966,77.4493,287.08,14.0966,88.8254,363.343,14.0966,101.703,459.336,14.0966,116.281,580.161,14.0966,132.782,732.241,14.0966,151.46,923.655,14.0966,172.603,1164.57,14.0966,196.535,1467.79,14.0966,223.625,1849.39,14.0966,254.288,2329.62,14.0966,288.997,2933.93,14.0966,328.285,3694.33,14.0966,372.755,4651.04,14.0966,423.092,5854.57,14.0966,480.07,7368.38,14.0966,544.564,9272.08,14.0966,617.566,11665.5,14.0966,700.197,14673.6,14.0966,793.729,18452.9,14.0966,899.599,23198.6,14.0966,1019.43,29154.1,14.0966,1155.07,36622.3,14.0966,1308.6,45977.9,14.0966,1482.39,57683.7,14.0966,1679.09,72307.8,14.0966,1901.73,90542.8,14.0966,2153.73,113226,14.0966,2438.97,141360,14.0966,2761.81,176127,14.0966,3127.22,218898,14.0966,3540.81,271226,14.0966,4008.92,334817,14.0966,4538.74,411470,14.0966,5138.38,502973,14.0966,5817.04,610948,14.0966,6585.12,736653,14.0966,7454.39,880741,14.0966,8438.15,1.04302e+06,14.0966,9551.45,1.22224e+06,14.0966,10811.3,1.41602e+06,14.0966,12237,1.62086e+06,14.0966,11.7194,11.96,12.6541,2.21263,4.16949,0.989383,2.67766,5.84076,0.311842,3.14343,7.55825,0.0972771,3.63127,9.58578,0.0303237,4.15787,12.0912,0.00945211,4.73731,15.2286,0.00294633,5.38238,19.1721,0.000918508,6.10553,24.134,0.000286163,6.91951,30.3791,8.92692e-05,7.83792,38.2397,2.78121e-05,8.87555,48.1338,8.65134e-06,10.0489,60.5876,2.7882e-06,11.3761,76.2629,8.29036e-07,12.8779,95.9927,2.4373e-07,14.5775,120.825,4.33068e-09,16.5012,152.08,1.75749e-07,18.6784,191.415,-1.86328e-07,21.1428,240.917,1.91829e-07,23.9322,303.213,-1.81475e-07,27.0895,381.602,7.0186e-08,30.6634,480.231,-2.86769e-08,34.7087,604.316,2.40784e-07,39.2876,760.401,9.87368e-08,44.4705,956.705,1.22263e-07,50.3371,1203.54,-4.31966e-07,56.9776,1513.81,-1.9705e-07,64.494,1903.69,-2.763e-08,73.0018,2393.4,3.9185e-07,82.6317,3008.13,1.35379e-07,93.5318,3779.25,-4.16351e-08,105.869,4745.7,2.06965e-08,119.834,5955.6,-3.18887e-07,135.641,7468.12,-1.48271e-08,153.531,9355.62,2.00739e-07,173.781,11705.8,2.28358e-07,196.701,14624.1,-1.93587e-08,222.642,18235,-2.88101e-07,252.003,22683.4,-2.24732e-07,285.234,28134,8.56806e-09,322.845,34767,2.34258e-07,365.413,42770.9,2.99668e-07,413.588,52327.9,8.28644e-08,468.111,63591.2,-3.07049e-07,529.814,76653.2,-3.1888e-07,599.642,91502.5,-6.72276e-08,678.662,107975,2.26339e-07,768.083,125705,3.69212e-07,869.267,144088,2.04077e-07,983.76,162277,-2.80509e-07,1113.3,179223,-4.22737e-07,1259.87,193777,-1.71951e-07,1425.68,204839,4.55555e-07,11.7194,11.96,12.6541,2.21263,4.16949,0.989383,2.67766,5.84076,0.311842,3.14343,7.55825,0.0972771,3.63127,9.58578,0.0303237,4.15787,12.0912,0.00945211,4.73731,15.2286,0.00294633,5.38238,19.1721,0.000918508,6.10553,24.134,0.000286163,6.91951,30.3791,8.92692e-05,7.83792,38.2397,2.78121e-05,8.87555,48.1338,8.65134e-06,10.0489,60.5876,2.7882e-06,11.3761,76.2629,8.29036e-07,12.8779,95.9927,2.4373e-07,14.5775,120.825,1e-08,16.5012,152.08,1.75749e-07,18.6784,191.415,1e-08,21.1428,240.917,1.91829e-07,23.9322,303.213,1e-08,27.0895,381.602,7.0186e-08,30.6634,480.231,1e-08,34.7087,604.316,2.40784e-07,39.2876,760.401,9.87368e-08,44.4705,956.705,1.22263e-07,50.3371,1203.54,1e-08,56.9776,1513.81,1e-08,64.494,1903.69,1e-08,73.0018,2393.4,3.9185e-07,82.6317,3008.13,1.35379e-07,93.5318,3779.25,1e-08,105.869,4745.7,2.06965e-08,119.834,5955.6,1e-08,135.641,7468.12,1e-08,153.531,9355.62,2.00739e-07,173.781,11705.8,2.28358e-07,196.701,14624.1,1e-08,222.642,18235,1e-08,252.003,22683.4,1e-08,285.234,28134,1e-08,322.845,34767,2.34258e-07,365.413,42770.9,2.99668e-07,413.588,52327.9,8.28644e-08,468.111,63591.2,1e-08,529.814,76653.2,1e-08,599.642,91502.5,1e-08,678.662,107975,2.26339e-07,768.083,125705,3.69212e-07,869.267,144088,2.04077e-07,983.76,162277,1e-08,1113.3,179223,1e-08,1259.87,193777,1e-08,1425.68,204839,4.55555e-07,6.2823,3.27286,2.43537,0.219672,6.18826,2.24117,0.56371,6.87772,2.63624,0.308279,8,12,18,0,5,2,2,3,0,6,12,0,4,10,0,8,25,0,7,3,0,6,28,0,4,36,0,6,23,0,3,19,0,15,105,0,16,87,0,3,81,0,14,114,0,22,91,0,14,235,0,10,173,0,25,369,0,35,416,0,23,579,0,24,248,0,35,449,0,29,480,0,28,514,0,44,1349,0,31,1290,0,41,3031,0,87,1771,0,49,1365,0,111,2106,0,123,4480,0,171,2499,0,183,3793,0,283,16618,0,174,11645,0,112,17574,0,298,29110,0,253,8335,0,223,28277,0,370,27873,0,308,17764,0,884,35566,0,566,63731,0,563,73224,0,529,140716,0,272,133453,0,171,61142,0,628,145855,0,424,175644,0,880,134247,0,713,152857,0,1779,224965,0
-1.05176e+08,1,8.88811e-15,10,1023,0,1.05176e+08,0.528882,1.08665,0.389689,0.145397,0.379329,3.24381,0.161596,0.446195,1.77396,0.159177,1.15e+07,4.49998e+06,6.79999e+06,1.15e+07,4.49997e+06,6.79999e+06,1.15e+07,4.49996e+06,6.79999e+06,1.15e+07,4.49995e+06,6.79999e+06,1.14999e+07,4.49993e+06,6.79999e+06,1.14999e+07,4.49991e+06,6.79999e+06,1.14999e+07,4.49989e+06,6.79999e+06,1.14999e+07,4.49986e+06,6.79999e+06,1.14999e+07,4.49982e+06,6.79999e+06,1.14999e+07,4.49977e+06,6.79999e+06,1.14999e+07,4.49971e+06,6.79999e+06,1.14999e+07,4.49963e+06,6.79999e+06,1.14998e+07,4.49953e+06,6.79999e+06,1.14998e+07,4.49941e+06,6.79999e+06,1.14998e+07,4.49926e+06,6.79999e+06,1.14998e+07,4.49906e+06,6.79999e+06,1.14997e+07,4.49882e+06,6.79999e+06,1.14997e+07,4.49851e+06,6.79999e+06,1.14997e+07,4.49812e+06,6.79999e+06,1.14996e+07,4.49764e+06,6.79999e+06,1.14996e+07,4.49702e+06,6.79999e+06,1.14995e+07,4.49625e+06,6.79999e+06,1.14995e+07,4.49528e+06,6.79999e+06,1.14994e+07,4.49406e+06,6.79999e+06,1.14993e+07,4.49253e+06,6.79999e+06,1.14992e+07,4.49059e+06,6.79999e+06,1.14991e+07,4.48817e+06,6.79999e+06,1.1499e+07,4.48511e+06,6.79999e+06,1.14988e+07,4.48128e+06,6.79999e+06,1.14987e+07,4.47646e+06,6.79999e+06,1.14985e+07,4.47041e+06,6.79999e+06,1.14983e+07,4.46281e+06,6.79999e+06,1.14981e+07,4.4533e+06,6.79999e+06,1.14979e+07,4.44138e+06,6.79999e+06,1.14976e+07,4.42649e+06,6.79999e+06,1.14972e+07,4.40789e+06,6.79999e+06,1.14969e+07,4.38471e+06,6.79999e+06,1.14965e+07,4.35592e+06,6.79999e+06,1.1496e+07,4.32027e+06,6.79999e+06,1.14955e+07,4.27629e+06,6.79999e+06,1.14949e+07,4.22231e+06,6.79999e+06,1.14942e+07,4.15647e+06,6.79999e+06,1.14934e+07,4.07676e+06,6.79999e+06,1.14926e+07,3.98112e+06,6.79999e+06,1.14916e+07,3.86765e+06,6.79999e+06,1.14905e+07,3.73474e+06,6.79999e+06,1.14892e+07,3.58148e+06,6.79999e+06,1.14878e+07,3.40785e+06,6.79999e+06,1.14862e+07,3.21513e+06,6.79999e+06,1.14844e+07,3.00605e+06,6.79999e+06,1.14823e+07,2.7848e+06,6.79999e+06,1.148e+07,2.5568e+06,6.79999e+06,1.14773e+07,2.32825e+06,6.79999e+06,13.5742,8.52444,0.508366,16.8306,13.2585,0.162638,20.0035,17.569,0.0507846,23.2616,22.4214,0.0158319,26.7328,28.3297,0.00493498,30.5212,35.6974,0.00153831,34.7178,44.9473,0.000479527,39.4086,56.5822,0.000149456,44.6796,71.2245,4.66214e-05,50.6209,89.6543,1.45419e-05,57.3297,112.852,4.54748e-06,64.9129,142.051,1.43857e-06,73.4897,178.803,4.36618e-07,83.1934,225.062,1.40153e-07,94.1745,283.286,4.96378e-08,106.602,356.568,1.05434e-07,120.669,448.799,-6.49244e-08,136.59,564.873,1.70148e-07,154.611,710.948,-5.34594e-08,175.008,894.767,1.63407e-07,198.097,1126.06,8.04804e-08,224.231,1417.07,1.14667e-07,253.813,1783.15,-1.71227e-07,287.297,2243.62,-2.88466e-07,325.198,2822.67,-4.33651e-07,368.098,3550.67,7.9318e-08,416.657,4465.65,3.13319e-07,471.621,5615.16,3.4613e-07,533.835,7058.61,-1.19199e-07,604.255,8870.02,-2.79964e-07,683.962,11141.4,-2.30521e-07,774.182,13986.7,-2.55099e-07,876.299,17546.4,1.23585e-07,991.883,21993.1,1.41192e-07,1122.71,27536.7,-9.71886e-08,1270.78,34430.7,-3.68368e-07,1438.38,42977.7,-3.45379e-07,1628.07,53532.7,-3.25328e-09,1842.77,66504.6,2.6362e-07,2085.77,82350.2,2.53445e-07,2360.79,101560,-2.47407e-08,2672.05,124632,-3.80602e-07,3024.31,152018,-4.79005e-07,3422.98,184060,-1.14379e-07,3874.15,220884,2.64297e-07,4384.72,262283,3.44131e-07,4962.49,307576,7.5349e-08,5616.29,355497,-3.63097e-07,6356.1,404126,-6.05442e-07,7193.18,450932,-2.72333e-07,8140.28,492963,2.29675e-07,9211.79,527178,4.3387e-07,10424,550893,-1.0711e-07,10.102,8.06553,2.81012,10.6436,8.57909,0.869423,11.5336,10.2515,0.270869,12.7211,12.7138,0.0844293,14.1823,15.9373,0.0263173,15.9122,20.0383,0.0082035,17.9198,25.2154,0.00255722,20.2244,31.7373,0.000797017,22.8539,39.9486,0.000248622,25.8438,50.2851,7.75492e-05,29.237,63.2963,2.42508e-05,33.0837,79.6738,7.67162e-06,37.4415,100.288,2.32837e-06,42.3767,126.236,7.33e-07,47.9646,158.896,2.79256e-07,54.2906,200.003,9.87351e-09,61.452,251.741,1.61085e-07,69.5585,316.859,-2.47141e-07,78.7347,398.812,8.93552e-08,89.1218,501.948,-2.53231e-07,100.879,631.736,-1.25047e-07,114.188,795.049,-1.78808e-07,129.252,1000.53,2.6733e-07,146.304,1259.03,4.50292e-07,165.605,1584.19,6.76904e-07,187.452,1993.12,-1.23808e-07,212.181,2507.27,-4.89068e-07,240.173,3153.54,-5.40284e-07,271.856,3965.56,1.86061e-07,307.719,4985.38,4.37004e-07,348.313,6265.4,3.59828e-07,394.26,7870.83,3.98192e-07,446.268,9882.51,-1.92908e-07,505.135,12400.3,-2.20392e-07,571.766,15546.9,1.51705e-07,647.184,19472.2,5.74996e-07,732.547,24357.4,5.39112e-07,829.167,30420,5.07815e-09,938.526,37916.3,-4.11492e-07,1062.3,47143.9,-3.9561e-07,1202.4,58439.2,3.86185e-08,1360.96,72169.3,5.94093e-07,1540.42,88715.8,7.47693e-07,1743.53,108445,1.78537e-07,1973.41,131665,-4.12549e-07,2233.57,158557,-5.37164e-07,2528,189103,-1.17615e-07,2861.2,222986,5.66769e-07,3238.27,259510,9.45053e-07,3664.97,297540,4.25093e-07,4147.81,335497,-3.58506e-07,4694.17,371444,-6.7724e-07,5312.37,403256,1.67192e-07,1.61744,3.89446,9.84394,3.28846,7.5504,12.774,5.07607,11.7187,13.6844,7.03202,16.8147,13.9681,9.20215,23.1769,14.0566,11.6301,31.1672,14.0841,14.3598,41.2186,14.0927,17.4376,53.8688,14.0954,20.9137,69.7915,14.0962,24.8432,89.8341,14.0965,29.2879,115.063,14.0966,34.3168,146.819,14.0966,40.0078,186.792,14.0966,46.4487,237.107,14.0966,53.7388,300.44,14.0966,61.9903,380.158,14.0966,71.3301,480.499,14.0966,81.902,606.796,14.0966,93.8685,765.761,14.0966,107.414,965.837,14.0966,122.746,1217.65,14.0966,140.101,1534.57,14.0966,159.745,1933.41,14.0966,181.981,2435.3,14.0966,207.15,3066.85,14.0966,235.64,3861.46,14.0966,267.889,4861.11,14.0966,304.391,6118.54,14.0966,345.709,7699.91,14.0966,392.478,9688.22,14.0966,445.417,12187.5,14.0966,505.339,15327.7,14.0966,573.165,19271.6,14.0966,649.938,24222,14.0966,736.839,30430.9,14.0966,835.202,38211.5,14.0966,946.539,47950.3,14.0966,1072.56,60122.8,14.0966,1215.21,75309.9,14.0966,1376.66,94216.2,14.0966,1559.41,117688,14.0966,1766.26,146729,14.0966,2000.39,182510,14.0966,2265.39,226372,14.0966,2565.33,279806,14.0966,2904.81,344416,14.0966,3289.05,421845,14.0966,3723.93,513667,14.0966,4216.13,621231,14.0966,4773.18,745478,14.0966,5403.64,886744,14.0966,6117.15,1.04457e+06,14.0966,6924.63,1.2176e+06,14.0966,11.7194,11.96,12.6541,13.9321,16.1295,13.6434,16.6097,21.9702,13.9553,19.7532,29.5285,14.0526,23.3844,39.1143,14.0829,27.5423,51.2054,14.0923,32.2796,66.434,14.0953,37.662,85.6061,14.0962,43.7675,109.74,14.0965,50.687,140.119,14.0966,58.5249,178.359,14.0966,67.4005,226.493,14.0966,77.4493,287.08,14.0966,88.8254,363.343,14.0966,101.703,459.336,14.0966,116.281,580.161,14.0966,132.782,732.241,14.0966,151.46,923.655,14.0966,172.603,1164.57,14.0966,196.535,1467.79,14.0966,223.625,1849.39,14.0966,254.288,2329.62,14.0966,288.997,2933.93,14.0966,328.285,3694.33,14.0966,372.755,4651.04,14.0966,423.092,5854.57,14.0966,480.07,7368.38,14.0966,544.564,9272.08,14.0966,617.566,11665.5,14.0966,700.197,14673.6,14.0966,793.729,18452.9,14.0966,899.599,23198.6,14.0966,1019.43,29154.1,14.0966,1155.07,36622.3,14.0966,1308.6,45977.9,14.0966,1482.39,57683.7,14.0966,1679.09,72307.8,14.0966,1901.73,90542.8,14.0966,2153.73,113226,14.0966,2438.97,141360,14.0966,2761.81,176127,14.0966,3127.22,218898,14.0966,3540.81,271226,14.0966,4008.92,334817,14.0966,4538.74,411470,14.0966,5138.38,502973,14.0966,5817.04,610948,14.0966,6585.12,736653,14.0966,7454.39,880741,14.0966,8438.15,1.04302e+06,14.0966,9551.45,1.22224e+06,14.0966,10811.3,1.41602e+06,14.0966,12237,1.62086e+06,14.0966,11.7194,11.96,12.6541,2.21263,4.16949,0.989383,2.67766,5.84076,0.311842,3.14343,7.55825,0.0972771,3.63127,9.58578,0.0303237,4.15787,12.0912,0.00945211,4.73731,15.2286,0.00294633,5.38238,19.1721,0.000918508,6.10553,24.134,0.000286163,6.91951,30.3791,8.92692e-05,7.83792,38.2397,2.78121e-05,8.87555,48.1338,8.65134e-06,10.0489,60.5876,2.7882e-06,11.3761,76.2629,8.29036e-07,12.8779,95.9927,2.4373e-07,14.5775,120.825,4.33068e-09,16.5012,152.08,1.75749e-07,18.6784,191.415,-1.86328e-07,21.1428,240.917,1.91829e-07,23.9322,303.213,-1.81475e-07,27.0895,381.602,7.0186e-08,30.6634,480.231,-2.86769e-08,34.7087,604.316,2.40784e-07,39.2876,760.401,9.87368e-08,44.4705,956.705,1.22263e-07,50.3371,1203.54,-4.31966e-07,56.9776,1513.81,-1.9705e-07,64.494,1903.69,-2.763e-08,73.0018,2393.4,3.9185e-07,82.6317,3008.13,1.35379e-07,93.5318,3779.25,-4.16351e-08,105.869,4745.7,2.06965e-08,119.834,5955.6,-3.18887e-07,135.641,7468.12,-1.48271e-08,153.531,9355.62,2.00739e-07,173.781,11705.8,2.28358e-07,196.701,14624.1,-1.93587e-08,222.642,18235,-2.88101e-07,252.003,22683.4,-2.24732e-07,285.234,28134,8.56806e-09,322.845,34767,2.34258e-07,365.413,42770.9,2.99668e-07,413.588,52327.9,8.28644e-08,468.111,63591.2,-3.07049e-07,529.814,76653.2,-3.1888e-07,599.642,91502.5,-6.72276e-08,678.662,107975,2.26339e-07,768.083,125705,3.69212e-07,869.267,144088,2.04077e-07,983.76,162277,-2.80509e-07,1113.3,179223,-4.22737e-07,1259.87,193777,-1.71951e-07,1425.68,204839,4.55555e-07,11.7194,11.96,12.6541,2.21263,4.16949,0.989383,2.67766,5.84076,0.311842,3.14343,7.55825,0.0972771,3.63127,9.58578,0.0303237,4.15787,12.0912,0.00945211,4.73731,15.2286,0.00294633,5.38238,19.1721,0.000918508,6.10553,24.134,0.000286163,6.91951,30.3791,8.92692e-05,7.83792,38.2397,2.78121e-05,8.87555,48.1338,8.65134e-06,10.0489,60.5876,2.7882e-06,11.3761,76.2629,8.29036e-07,12.8779,95.9927,2.4373e-07,14.5775,120.825,1e-08,16.5012,152.08,1.75749e-07,18.6784,191.415,1e-08,21.1428,240.917,1.91829e-07,23.9322,303.213,1e-08,27.0895,381.602,7.0186e-08,30.6634,480.231,1e-08,34.7087,604.316,2.40784e-07,39.2876,760.401,9.87368e-08,44.4705,956.705,1.22263e-07,50.3371,1203.54,1e-08,56.9776,1513.81,1e-08,64.494,1903.69,1e-08,73.0018,2393.4,3.9185e-07,82.6317,3008.13,1.35379e-07,93.5318,3779.25,1e-08,105.869,4745.7,2.06965e-08,119.834,5955.6,1e-08,135.641,7468.12,1e-08,153.531,9355.62,2.00739e-07,173.781,11705.8,2.28358e-07,196.701,14624.1,1e-08,222.642,18235,1e-08,252.003,22683.4,1e-08,285.234,28134,1e-08,322.845,34767,2.34258e-07,365.413,42770.9,2.99668e-07,413.588,52327.9,8.28644e-08,468.111,63591.2,1e-08,529.814,76653.2,1e-08,599.642,91502.5,1e-08,678.662,107975,2.26339e-07,768.083,125705,3.69212e-07,869.267,144088,2.04077e-07,983.76,162277,1e-08,1113.3,179223,1e-08,1259.87,193777,1e-08,1425.68,204839,4.55555e-07,6.2823,3.27286,2.43537,0.219672,6.18826,2.24117,0.56371,6.87772,2.63624,0.308279,7,5,10,2,3,0,5,7,0,5,4,0,6,5,0,1,25,0,2,21,0,8,22,0,4,34,0,14,25,0,4,17,0,10,57,0,8,39,0,6,87,0,10,178,0,18,105,0,9,24,0,12,203,0,36,287,0,26,517,0,34,389,0,8,561,0,19,1074,0,22,924,0,60,1646,0,10,466,0,65,1052,0,42,1617,0,93,876,0,126,3206,0,111,6750,0,87,2879,0,68,5753,0,167,5885,0,214,8077,0,75,10056,0,119,12646,0,222,15842,0,418,17883,0,173,24605,0,307,41456,0,366,34610,0,564,32082,0,409,46877,0,362,93434,0,807,49885,0,680,118493,0,367,156835,0,825,103184,0,1455,133419,0,895,158440,0,905,230767,0,2134,181712,0
-1.05176e+08,1,8.88811e-15,10,1023,0,1.05176e+08,0.528882,1.08665,0.389689,0.145397,0.379329,3.24381,0.161596,0.446195,1.77396,0.159177,1.15e+07,4.49998e+06,6.79999e+06,1.15e+07,4.49997e+06,6.79999e+06,1.15e+07,4.49996e+06,6.79999e+06,1.15e+07,4.49995e+06,6.79999e+06,1.14999e+07,4.49993e+06,6.79999e+06,1.14999e+07,4.49991e+06,6.79999e+06,1.14999e+07,4.49989e+06,6.79999e+06,1.14999e+07,4.49986e+06,6.79999e+06,1.14999e+07,4.49982e+06,6.79999e+06,1.14999e+07,4.49977e+06,6.79999e+06,1.14999e+07,4.49971e+06,6.79999e+06,1.14999e+07,4.49963e+06,6.79999e+06,1.14998e+07,4.49953e+06,6.79999e+06,1.14998e+07,4.49941e+06,6.79999e+06,1.14998e+07,4.49926e+06,6.79999e+06,1.14998e+07,4.49906e+06,6.79999e+06,1.14997e+07,4.49882e+06,6.79999e+06,1.14997e+07,4.49851e+06,6.79999e+06,1.14997e+07,4.49812e+06,6.79999e+06,1.14996e+07,4.49764e+06,6.79999e+06,1.14996e+07,4.49702e+06,6.79999e+06,1.14995e+07,4.49625e+06,6.79999e+06,1.14995e+07,4.49528e+06,6.79999e+06,1.14994e+07,4.49406e+06,6.79999e+06,1.14993e+07,4.49253e+06,6.79999e+06,1.14992e+07,4.49059e+06,6.79999e+06,1.14991e+07,4.48817e+06,6.79999e+06,1.1499e+07,4.48511e+06,6.79999e+06,1.14988e+07,4.48128e+06,6.79999e+06,1.14987e+07,4.47646e+06,6.79999e+06,1.14985e+07,4.47041e+06,6.79999e+06,1.14983e+07,4.46281e+06,6.79999e+06,1.14981e+07,4.4533e+06,6.79999e+06,1.14979e+07,4.44138e+06,6.79999e+06,1.14976e+07,4.42649e+06,6.79999e+06,1.14972e+07,4.40789e+06,6.79999e+06,1.14969e+07,4.38471e+06,6.79999e+06,1.14965e+07,4.35592e+06,6.79999e+06,1.1496e+07,4.32027e+06,6.79999e+06,1.14955e+07,4.27629e+06,6.79999e+06,1.14949e+07,4.22231e+06,6.79999e+06,1.14942e+07,4.15647e+06,6.79999e+06,1.14934e+07,4.07676e+06,6.79999e+06,1.14926e+07,3.98112e+06,6.79999e+06,1.14916e+07,3.86765e+06,6.79999e+06,1.14905e+07,3.73474e+06,6.79999e+06,1.14892e+07,3.58148e+06,6.79999e+06,1.14878e+07,3.40785e+06,6.79999e+06,1.14862e+07,3.21513e+06,6.79999e+06,1.14844e+07,3.00605e+06,6.79999e+06,1.14823e+07,2.7848e+06,6.79999e+06,1.148e+07,2.5568e+06,6.79999e+06,1.14773e+07,2.32825e+06,6.79999e+06,13.5742,8.52444,0.508366,16.8306,13.2585,0.162638,20.0035,17.569,0.0507846,23.2616,22.4214,0.0158319,26.7328,28.3297,0.00493498,30.5212,35.6974,0.00153831,34.7178,44.9473,0.000479527,39.4086,56.5822,0.000149456,44.6796,71.2245,4.66214e-05,50.6209,89.6543,1.45419e-05,57.3297,112.852,4.54748e-06,64.9129,142.051,1.43857e-06,73.4897,178.803,4.36618e-07,83.1934,225.062,1.40153e-07,94.1745,283.286,4.96378e-08,106.602,356.568,1.05434e-07,120.669,448.799,-6.49244e-08,136.59,564.873,1.70148e-07,154.611,710.948,-5.34594e-08,175.008,894.767,1.63407e-07,198.097,1126.06,8.04804e-08,224.231,1417.07,1.14667e-07,253.813,1783.15,-1.71227e-07,287.297,2243.62,-2.88466e-07,325.198,2822.67,-4.33651e-07,368.098,3550.67,7.9318e-08,416.657,4465.65,3.13319e-07,471.621,5615.16,3.4613e-07,533.835,7058.61,-1.19199e-07,604.255,8870.02,-2.79964e-07,683.962,11141.4,-2.30521e-07,774.182,13986.7,-2.55099e-07,876.299,17546.4,1.23585e-07,991.883,21993.1,1.41192e-07,1122.71,27536.7,-9.71886e-08,1270.78,34430.7,-3.68368e-07,1438.38,42977.7,-3.45379e-07,1628.07,53532.7,-3.25328e-09,1842.77,66504.6,2.6362e-07,2085.77,82350.2,2.53445e-07,2360.79,101560,-2.47407e-08,2672.05,124632,-3.80602e-07,3024.31,152018,-4.79005e-07,3422.98,184060,-1.14379e-07,3874.15,220884,2.64297e-07,4384.72,262283,3.44131e-07,4962.49,307576,7.5349e-08,5616.29,355497,-3.63097e-07,6356.1,404126,-6.05442e-07,7193.18,450932,-2.72333e-07,8140.28,492963,2.29675e-07,9211.79,527178,4.3387e-07,10424,550893,-1.0711e-07,10.102,8.06553,2.81012,10.6436,8.57909,0.869423,11.5336,10.2515,0.270869,12.7211,12.7138,0.0844293,14.1823,15.9373,0.0263173,15.9122,20.0383,0.0082035,17.9198,25.2154,0.00255722,20.2244,31.7373,0.000797017,22.8539,39.9486,0.000248622,25.8438,50.2851,7.75492e-05,29.237,63.2963,2.42508e-05,33.0837,79.6738,7.67162e-06,37.4415,100.288,2.32837e-06,42.3767,126.236,7.33e-07,47.9646,158.896,2.79256e-07,54.2906,200.003,9.87351e-09,61.452,251.741,1.61085e-07,69.5585,316.859,-2.47141e-07,78.7347,398.812,8.93552e-08,89.1218,501.948,-2.53231e-07,100.879,631.736,-1.25047e-07,114.188,795.049,-1.78808e-07,129.252,1000.53,2.6733e-07,146.304,1259.03,4.50292e-07,165.605,1584.19,6.76904e-07,187.452,1993.12,-1.23808e-07,212.181,2507.27,-4.89068e-07,240.173,3153.54,-5.40284e-07,271.856,3965.56,1.86061e-07,307.719,4985.38,4.37004e-07,348.313,6265.4,3.59828e-07,394.26,7870.83,3.98192e-07,446.268,9882.51,-1.92908e-07,505.135,12400.3,-2.20392e-07,571.766,15546.9,1.51705e-07,647.184,19472.2,5.74996e-07,732.547,24357.4,5.39112e-07,829.167,30420,5.07815e-09,938.526,37916.3,-4.11492e-07,1062.3,47143.9,-3.9561e-07,1202.4,58439.2,3.86185e-08,1360.96,72169.3,5.94093e-07,1540.42,88715.8,7.47693e-07,1743.53,108445,1.78537e-07,1973.41,131665,-4.12549e-07,2233.57,158557,-5.37164e-07,2528,189103,-1.17615e-07,2861.2,222986,5.66769e-07,3238.27,259510,9.45053e-07,3664.97,297540,4.25093e-07,4147.81,335497,-3.58506e-07,4694.17,371444,-6.7724e-07,5312.37,403256,1.67192e-07,1.61744,3.89446,9.84394,3.28846,7.5504,12.774,5.07607,11.7187,13.6844,7.03202,16.8147,13.9681,9.20215,23.1769,14.0566,11.6301,31.1672,14.0841,14.3598,41.2186,14.0927,17.4376,53.8688,14.0954,20.9137,69.7915,14.0962,24.8432,89.8341,14.0965,29.2879,115.063,14.0966,34.3168,146.819,14.0966,40.0078,186.792,14.0966,46.4487,237.107,14.0966,53.7388,300.44,14.0966,61.9903,380.158,14.0966,71.3301,480.499,14.0966,81.902,606.796,14.0966,93.8685,765.761,14.0966,107.414,965.837,14.0966,122.746,1217.65,14.0966,140.101,1534.57,14.0966,159.745,1933.41,14.0966,181.981,2435.3,14.0966,207.15,3066.85,14.0966,235.64,3861.46,14.0966,267.889,4861.11,14.0966,304.391,6118.54,14.0966,345.709,7699.91,14.0966,392.478,9688.22,14.0966,445.417,12187.5,14.0966,505.339,15327.7,14.0966,573.165,19271.6,14.0966,649.938,24222,14.0966,736.839,30430.9,14.0966,835.202,38211.5,14.0966,946.539,47950.3,14.0966,1072.56,60122.8,14.0966,1215.21,75309.9,14.0966,1376.66,94216.2,14.0966,1559.41,117688,14.0966,1766.26,146729,14.0966,2000.39,182510,14.0966,2265.39,226372,14.0966,2565.33,279806,14.0966,2904.81,344416,14.0966,3289.05,421845,14.0966,3723.93,513667,14.0966,4216.13,621231,14.0966,4773.18,745478,14.0966,5403.64,886744,14.0966,6117.15,1.04457e+06,14.0966,6924.63,1.2176e+06,14.0966,11.7194,11.96,12.6541,13.9321,16.1295,13.6434,16.6097,21.9702,13.9553,19.7532,29.5285,14.0526,23.3844,39.1143,14.0829,27.5423,51.2054,14.0923,32.2796,66.434,14.0953,37.662,85.6061,14.0962,43.7675,109.74,14.0965,50.687,140.119,14.0966,58.5249,178.359,14.0966,67.4005,226.493,14.0966,77.4493,287.08,14.0966,88.8254,363.343,14.0966,101.703,459.336,14.0966,116.281,580.161,14.0966,132.782,732.241,14.0966,151.46,923.655,14.0966,172.603,1164.57,14.0966,196.535,1467.79,14.0966,223.625,1849.39,14.0966,254.288,2329.62,14.0966,288.997,2933.93,14.0966,328.285,3694.33,14.0966,372.755,4651.04,14.0966,423.092,5854.57,14.0966,480.07,7368.38,14.0966,544.564,9272.08,14.0966,617.566,11665.5,14.0966,700.197,14673.6,14.0966,793.729,18452.9,14.0966,899.599,23198.6,14.0966,1019.43,29154.1,14.0966,1155.07,36622.3,14.0966,1308.6,45977.9,14.0966,1482.39,57683.7,14.0966,1679.09,72307.8,14.0966,1901.73,90542.8,14.0966,2153.73,113226,14.0966,2438.97,141360,14.0966,2761.81,176127,14.0966,3127.22,218898,14.0966,3540.81,271226,14.0966,4008.92,334817,14.0966,4538.74,411470,14.0966,5138.38,502973,14.0966,5817.04,610948,14.0966,6585.12,736653,14.0966,7454.39,880741,14.0966,8438.15,1.04302e+06,14.0966,9551.45,1.22224e+06,14.0966,10811.3,1.41602e+06,14.0966,12237,1.62086e+06,14.0966,11.7194,11.96,12.6541,2.21263,4.16949,0.989383,2.67766,5.84076,0.311842,3.14343,7.55825,0.0972771,3.63127,9.58578,0.0303237,4.15787,12.0912,0.00945211,4.73731,15.2286,0.00294633,5.38238,19.1721,0.000918508,6.10553,24.134,0.000286163,6.91951,30.3791,8.92692e-05,7.83792,38.2397,2.78121e-05,8.87555,48.1338,8.65134e-06,10.0489,60.5876,2.7882e-06,11.3761,76.2629,8.29036e-07,12.8779,95.9927,2.4373e-07,14.5775,120.825,4.33068e-09,16.5012,152.08,1.75749e-07,18.6784,191.415,-1.86328e-07,21.1428,240.917,1.91829e-07,23.9322,303.213,-1.81475e-07,27.0895,381.602,7.0186e-08,30.6634,480.231,-2.86769e-08,34.7087,604.316,2.40784e-07,39.2876,760.401,9.87368e-08,44.4705,956.705,1.22263e-07,50.3371,1203.54,-4.31966e-07,56.9776,1513.81,-1.9705e-07,64.494,1903.69,-2.763e-08,73.0018,2393.4,3.9185e-07,82.6317,3008.13,1.35379e-07,93.5318,3779.25,-4.16351e-08,105.869,4745.7,2.06965e-08,119.834,5955.6,-3.18887e-07,135.641,7468.12,-1.48271e-08,153.531,9355.62,2.00739e-07,173.781,11705.8,2.28358e-07,196.701,14624.1,-1.93587e-08,222.642,18235,-2.88101e-07,252.003,22683.4,-2.24732e-07,285.234,28134,8.56806e-09,322.845,34767,2.34258e-07,365.413,42770.9,2.99668e-07,413.588,52327.9,8.28644e-08,468.111,63591.2,-3.07049e-07,529.814,76653.2,-3.1888e-07,599.642,91502.5,-6.72276e-08,678.662,107975,2.26339e-07,768.083,125705,3.69212e-07,869.267,144088,2.04077e-07,983.76,162277,-2.80509e-07,1113.3,179223,-4.22737e-07,1259.87,193777,-1.71951e-07,1425.68,204839,4.55555e-07,11.7194,11.96,12.6541,2.21263,4.16949,0.989383,2.67766,5.84076,0.311842,3.14343,7.55825,0.0972771,3.63127,9.58578,0.0303237,4.15787,12.0912,0.00945211,4.73731,15.2286,0.00294633,5.38238,19.1721,0.000918508,6.10553,24.134,0.000286163,6.91951,30.3791,8.92692e-05,7.83792,38.2397,2.78121e-05,8.87555,48.1338,8.65134e-06,10.0489,60.5876,2.7882e-06,11.3761,76.2629,8.29036e-07,12.8779,95.9927,2.4373e-07,14.5775,120.825,1e-08,16.5012,152.08,1.75749e-07,18.6784,191.415,1e-08,21.1428,240.917,1.91829e-07,23.9322,303.213,1e-08,27.0895,381.602,7.0186e-08,30.6634,480.231,1e-08,34.7087,604.316,2.40784e-07,39.2876,760.401,9.87368e-08,44.4705,956.705,1.22263e-07,50.3371,1203.54,1e-08,56.9776,1513.81,1e-08,64.494,1903.69,1e-08,73.0018,2393.4,3.9185e-07,82.6317,3008.13,1.35379e-07,93.5318,3779.25,1e-08,105.869,4745.7,2.06965e-08,119.834,5955.6,1e-08,135.641,7468.12,1e-08,153.531,9355.62,2.00739e-07,173.781,11705.8,2.28358e-07,196.701,14624.1,1e-08,222.642,18235,1e-08,252.003,22683.4,1e-08,285.234,28134,1e-08,322.845,34767,2.34258e-07,365.413,42770.9,2.99668e-07,413.588,52327.9,8.28644e-08,468.111,63591.2,1e-08,529.814,76653.2,1e-08,599.642,91502.5,1e-08,678.662,107975,2.26339e-07,768.083,125705,3.69212e-07,869.267,144088,2.04077e-07,983.76,162277,1e-08,1113.3,179223,1e-08,1259.87,193777,1e-08,1425.68,204839,4.55555e-07,6.2823,3.27286,2.43537,0.219672,6.18826,2.24117,0.56371,6.87772,2.63624,0.308279,9,15,14,1,3,4,4,10,0,4,8,0,3,5,0,3,13,0,7,16,0,3,10,0,8,26,0,6,41,0,7,56,0,8,33,0,9,78,0,13,70,0,11,111,0,13,162,0,38,171,0,4,197,0,34,428,0,24,208,0,27,203,0,40,502,0,12,461,0,29,729,0,43,609,0,22,903,0,36,848,0,39,1737,0,82,2134,0,49,3148,0,64,9538,0,187,5662,0,128,5349,0,140,6818,0,96,9233,0,352,12550,0,282,6400,0,477,22648,0,266,23760,0,158,30752,0,143,71096,0,273,44562,0,436,81417,0,601,76762,0,663,29184,0,224,60130,0,693,64645,0,578,76685,0,302,115199,0,948,132263,0,980,189375,0,1051,295941,0,1344,371540,0
-1.05176e+08,1,8.88811e-15,10,1023,0,1.05176e+08,0.528882,1.08665,0.389689,0.145397,0.379329,3.24381,0.161596,0.446195,1.77396,0.159177,1.15e+07,4.49998e+06,6.79999e+06,1.15e+07,4.49997e+06,6.79999e+06,1.15e+07,4.49996e+06,6.79999e+06,1.15e+07,4.49995e+06,6.79999e+06,1.14999e+07,4.49993e+06,6.79999e+06,1.14999e+07,4.49991e+06,6.79999e+06,1.14999e+07,4.49989e+06,6.79999e+06,1.14999e+07,4.49986e+06,6.79999e+06,1.14999e+07,4.49982e+06,6.79999e+06,1.14999e+07,4.49977e+06,6.79999e+06,1.14999e+07,4.49971e+06,6.79999e+06,1.14999e+07,4.49963e+06,6.79999e+06,1.14998e+07,4.49953e+06,6.79999e+06,1.14998e+07,4.49941e+06,6.79999e+06,1.14998e+07,4.49926e+06,6.79999e+06,1.14998e+07,4.49906e+06,6.79999e+06,1.14997e+07,4.49882e+06,6.79999e+06,1.14997e+07,4.49851e+06,6.79999e+06,1.14997e+07,4.49812e+06,6.79999e+06,1.14996e+07,4.49764e+06,6.79999e+06,1.14996e+07,4.49702e+06,6.79999e+06,1.14995e+07,4.49625e+06,6.79999e+06,1.14995e+07,4.49528e+06,6.79999e+06,1.14994e+07,4.49406e+06,6.79999e+06,1.14993e+07,4.49253e+06,6.79999e+06,1.14992e+07,4.49059e+06,6.79999e+06,1.14991e+07,4.48817e+06,6.79999e+06,1.1499e+07,4.48511e+06,6.79999e+06,1.14988e+07,4.48128e+06,6.79999e+06,1.14987e+07,4.47646e+06,6.79999e+06,1.14985e+07,4.47041e+06,6.79999e+06,1.14983e+07,4.46281e+06,6.79999e+06,1.14981e+07,4.4533e+06,6.79999e+06,1.14979e+07,4.44138e+06,6.79999e+06,1.14976e+07,4.42649e+06,6.79999e+06,1.14972e+07,4.40789e+06,6.79999e+06,1.14969e+07,4.38471e+06,6.79999e+06,1.14965e+07,4.35592e+06,6.79999e+06,1.1496e+07,4.32027e+06,6.79999e+06,1.14955e+07,4.27629e+06,6.79999e+06,1.14949e+07,4.22231e+06,6.79999e+06,1.14942e+07,4.15647e+06,6.79999e+06,1.14934e+07,4.07676e+06,6.79999e+06,1.14926e+07,3.98112e+06,6.79999e+06,1.14916e+07,3.86765e+06,6.79999e+06,1.14905e+07,3.73474e+06,6.79999e+06,1.14892e+07,3.58148e+06,6.79999e+06,1.14878e+07,3.40785e+06,6.79999e+06,1.14862e+07,3.21513e+06,6.79999e+06,1.14844e+07,3.00605e+06,6.79999e+06,1.14823e+07,2.7848e+06,6.79999e+06,1.148e+07,2.5568e+06,6.79999e+06,1.14773e+07,2.32825e+06,6.79999e+06,13.5742,8.52444,0.508366,16.8306,13.2585,0.162638,20.0035,17.569,0.0507846,23.2616,22.4214,0.0158319,26.7328,28.3297,0.00493498,30.5212,35.6974,0.00153831,34.7178,44.9473,0.000479527,39.4086,56.5822,0.000149456,44.6796,71.2245,4.66214e-05,50.6209,89.6543,1.45419e-05,57.3297,112.852,4.54748e-06,64.9129,142.051,1.43857e-06,73.4897,178.803,4.36618e-07,83.1934,225.062,1.40153e-07,94.1745,283.286,4.96378e-08,106.602,356.568,1.05434e-07,120.669,448.799,-6.49244e-08,136.59,564.873,1.70148e-07,154.611,710.948,-5.34594e-08,175.008,894.767,1.63407e-07,198.097,1126.06,8.04804e-08,224.231,1417.07,1.14667e-07,253.813,1783.15,-1.71227e-07,287.297,2243.62,-2.88466e-07,325.198,2822.67,-4.33651e-07,368.098,3550.67,7.9318e-08,416.657,4465.65,3.13319e-07,471.621,5615.16,3.4613e-07,533.835,7058.61,-1.19199e-07,604.255,8870.02,-2.79964e-07,683.962,11141.4,-2.30521e-07,774.182,13986.7,-2.55099e-07,876.299,17546.4,1.23585e-07,991.883,21993.1,1.41192e-07,1122.71,27536.7,-9.71886e-08,1270.78,34430.7,-3.68368e-07,1438.38,42977.7,-3.45379e-07,1628.07,53532.7,-3.25328e-09,1842.77,66504.6,2.6362e-07,2085.77,82350.2,2.53445e-07,2360.79,101560,-2.47407e-08,2672.05,124632,-3.80602e-07,3024.31,152018,-4.79005e-07,3422.98,184060,-1.14379e-07,3874.15,220884,2.64297e-07,4384.72,262283,3.44131e-07,4962.49,307576,7.5349e-08,5616.29,355497,-3.63097e-07,6356.1,404126,-6.05442e-07,7193.18,450932,-2.72333e-07,8140.28,492963,2.29675e-07,9211.79,527178,4.3387e-07,10424,550893,-1.0711e-07,10.102,8.06553,2.81012,10.6436,8.57909,0.869423,11.5336,10.2515,0.270869,12.7211,12.7138,0.0844293,14.1823,15.9373,0.0263173,15.9122,20.0383,0.0082035,17.9198,25.2154,0.00255722,20.2244,31.7373,0.000797017,22.8539,39.9486,0.000248622,25.8438,50.2851,7.75492e-05,29.237,63.2963,2.42508e-05,33.0837,79.6738,7.67162e-06,37.4415,100.288,2.32837e-06,42.3767,126.236,7.33e-07,47.9646,158.896,2.79256e-07,54.2906,200.003,9.87351e-09,61.452,251.741,1.61085e-07,69.5585,316.859,-2.47141e-07,78.7347,398.812,8.93552e-08,89.1218,501.948,-2.53231e-07,100.879,631.736,-1.25047e-07,114.188,795.049,-1.78808e-07,129.252,1000.53,2.6733e-07,146.304,1259.03,4.50292e-07,165.605,1584.19,6.76904e-07,187.452,1993.12,-1.23808e-07,212.181,2507.27,-4.89068e-07,240.173,3153.54,-5.40284e-07,271.856,3965.56,1.86061e-07,307.719,4985.38,4.37004e-07,348.313,6265.4,3.59828e-07,394.26,7870.83,3.98192e-07,446.268,9882.51,-1.92908e-07,505.135,12400.3,-2.20392e-07,571.766,15546.9,1.51705e-07,647.184,19472.2,5.74996e-07,732.547,24357.4,5.39112e-07,829.167,30420,5.07815e-09,938.526,37916.3,-4.11492e-07,1062.3,47143.9,-3.9561e-07,1202.4,58439.2,3.86185e-08,1360.96,72169.3,5.94093e-07,1540.42,88715.8,7.47693e-07,1743.53,108445,1.78537e-07,1973.41,131665,-4.12549e-07,2233.57,158557,-5.37164e-07,2528,189103,-1.17615e-07,2861.2,222986,5.66769e-07,3238.27,259510,9.45053e-07,3664.97,297540,4.25093e-07,4147.81,335497,-3.58506e-07,4694.17,371444,-6.7724e-07,5312.37,403256,1.67192e-07,1.61744,3.89446,9.84394,3.28846,7.5504,12.774,5.07607,11.7187,13.6844,7.03202,16.8147,13.9681,9.20215,23.1769,14.0566,11.6301,31.1672,14.0841,14.3598,41.2186,14.0927,17.4376,53.8688,14.0954,20.9137,69.7915,14.0962,24.8432,89.8341,14.0965,29.2879,115.063,14.0966,34.3168,146.819,14.0966,40.0078,186.792,14.0966,46.4487,237.107,14.0966,53.7388,300.44,14.0966,61.9903,380.158,14.0966,71.3301,480.499,14.0966,81.902,606.796,14.0966,93.8685,765.761,14.0966,107.414,965.837,14.0966,122.746,1217.65,14.0966,140.101,1534.57,14.0966,159.745,1933.41,14.0966,181.981,2435.3,14.0966,207.15,3066.85,14.0966,235.64,3861.46,14.0966,267.889,4861.11,14.0966,304.391,6118.54,14.0966,345.709,7699.91,14.0966,392.478,9688.22,14.0966,445.417,12187.5,14.0966,505.339,15327.7,14.0966,573.165,19271.6,14.0966,649.938,24222,14.0966,736.839,30430.9,14.0966,835.202,38211.5,14.0966,946.539,47950.3,14.0966,1072.56,60122.8,14.0966,1215.21,75309.9,14.0966,1376.66,94216.2,14.0966,1559.41,117688,14.0966,1766.26,146729,14.0966,2000.39,182510,14.0966,2265.39,226372,14.0966,2565.33,279806,14.0966,2904.81,344416,14.0966,3289.05,421845,14.0966,3723.93,513667,14.0966,4216.13,621231,14.0966,4773.18,745478,14.0966,5403.64,886744,14.0966,6117.15,1.04457e+06,14.0966,6924.63,1.2176e+06,14.0966,11.7194,11.96,12.6541,13.9321,16.1295,13.6434,16.6097,21.9702,13.9553,19.7532,29.5285,14.0526,23.3844,39.1143,14.0829,27.5423,51.2054,14.0923,32.2796,66.434,14.0953,37.662,85.6061,14.0962,43.7675,109.74,14.0965,50.687,140.119,14.0966,58.5249,178.359,14.0966,67.4005,226.493,14.0966,77.4493,287.08,14.0966,88.8254,363.343,14.0966,101.703,459.336,14.0966,116.281,580.161,14.0966,132.782,732.241,14.0966,151.46,923.655,14.0966,172.603,1164.57,14.0966,196.535,1467.79,14.0966,223.625,1849.39,14.0966,254.288,2329.62,14.0966,288.997,2933.93,14.0966,328.285,3694.33,14.0966,372.755,4651.04,14.0966,423.092,5854.57,14.0966,480.07,7368.38,14.0966,544.564,9272.08,14.0966,617.566,11665.5,14.0966,700.197,14673.6,14.0966,793.729,18452.9,14.0966,899.599,23198.6,14.0966,1019.43,29154.1,14.0966,1155.07,36622.3,14.0966,1308.6,45977.9,14.0966,1482.39,57683.7,14.0966,1679.09,72307.8,14.0966,1901.73,90542.8,14.0966,2153.73,113226,14.0966,2438.97,141360,14.0966,2761.81,176127,14.0966,3127.22,218898,14.0966,3540.81,271226,14.0966,4008.92,334817,14.0966,4538.74,411470,14.0966,5138.38,502973,14.0966,5817.04,610948,14.0966,6585.12,736653,14.0966,7454.39,880741,14.0966,8438.15,1.04302e+06,14.0966,9551.45,1.22224e+06,14.0966,10811.3,1.41602e+06,14.0966,12237,1.62086e+06,14.0966,11.7194,11.96,12.6541,2.21263,4.16949,0.989383,2.67766,5.84076,0.311842,3.14343,7.55825,0.0972771,3.63127,9.58578,0.0303237,4.15787,12.0912,0.00945211,4.73731,15.2286,0.00294633,5.38238,19.1721,0.000918508,6.10553,24.134,0.000286163,6.91951,30.3791,8.92692e-05,7.83792,38.2397,2.78121e-05,8.87555,48.1338,8.65134e-06,10.0489,60.5876,2.7882e-06,11.3761,76.2629,8.29036e-07,12.8779,95.9927,2.4373e-07,14.5775,120.825,4.33068e-09,16.5012,152.08,1.75749e-07,18.6784,191.415,-1.86328e-07,21.1428,240.917,1.91829e-07,23.9322,303.213,-1.81475e-07,27.0895,381.602,7.0186e-08,30.6634,480.231,-2.86769e-08,34.7087,604.316,2.40784e-07,39.2876,760.401,9.87368e-08,44.4705,956.705,1.22263e-07,50.3371,1203.54,-4.31966e-07,56.9776,1513.81,-1.9705e-07,64.494,1903.69,-2.763e-08,73.0018,2393.4,3.9185e-07,82.6317,3008.13,1.35379e-07,93.5318,3779.25,-4.16351e-08,105.869,4745.7,2.06965e-08,119.834,5955.6,-3.18887e-07,135.641,7468.12,-1.48271e-08,153.531,9355.62,2.00739e-07,173.781,11705.8,2.28358e-07,196.701,14624.1,-1.93587e-08,222.642,18235,-2.88101e-07,252.003,22683.4,-2.24732e-07,285.234,28134,8.56806e-09,322.845,34767,2.34258e-07,365.413,42770.9,2.99668e-07,413.588,52327.9,8.28644e-08,468.111,63591.2,-3.07049e-07,529.814,76653.2,-3.1888e-07,599.642,91502.5,-6.72276e-08,678.662,107975,2.26339e-07,768.083,125705,3.69212e-07,869.267,144088,2.04077e-07,983.76,162277,-2.80509e-07,1113.3,179223,-4.22737e-07,1259.87,193777,-1.71951e-07,1425.68,204839,4.55555e-07,11.7194,11.96,12.6541,2.21263,4.16949,0.989383,2.67766,5.84076,0.311842,3.14343,7.55825,0.0972771,3.63127,9.58578,0.0303237,4.15787,12.0912,0.00945211,4.73731,15.2286,0.00294633,5.38238,19.1721,0.000918508,6.10553,24.134,0.000286163,6.91951,30.3791,8.92692e-05,7.83792,38.2397,2.78121e-05,8.87555,48.1338,8.65134e-06,10.0489,60.5876,2.7882e-06,11.3761,76.2629,8.29036e-07,12.8779,95.9927,2.4373e-07,14.5775,120.825,1e-08,16.5012,152.08,1.75749e-07,18.6784,191.415,1e-08,21.1428,240.917,1.91829e-07,23.9322,303.213,1e-08,27.0895,381.602,7.0186e-08,30.6634,480.231,1e-08,34.7087,604.316,2.40784e-07,39.2876,760.401,9.87368e-08,44.4705,956.705,1.22263e-07,50.3371,1203.54,1e-08,56.9776,1513.81,1e-08,64.494,1903.69,1e-08,73.0018,2393.4,3.9185e-07,82.6317,3008.13,1.35379e-07,93.5318,3779.25,1e-08,105.869,4745.7,2.06965e-08,119.834,5955.6,1e-08,135.641,7468.12,1e-08,153.531,9355.62,2.00739e-07,173.781,11705.8,2.28358e-07,196.701,14624.1,1e-08,222.642,18235,1e-08,252.003,22683.4,1e-08,285.234,28134,1e-08,322.845,34767,2.34258e-07,365.413,42770.9,2.99668e-07,413.588,52327.9,8.28644e-08,468.111,63591.2,1e-08,529.814,76653.2,1e-08,599.642,91502.5,1e-08,678.662,107975,2.26339e-07,768.083,125705,3.69212e-07,869.267,144088,2.04077e-07,983.76,162277,1e-08,1113.3,179223,1e-08,1259.87,193777,1e-08,1425.68,204839,4.55555e-07,6.2823,3.27286,2.43537,0.219672,6.18826,2.24117,0.56371,6.87772,2.63624,0.308279,6,9,19,2,1,4,1,3,0,6,5,0,3,13,0,5,15,0,2,7,0,4,24,0,10,25,0,5,23,0,3,88,0,4,49,0,6,26,0,12,76,0,5,148,0,19,125,0,15,218,0,5,191,0,22,247,0,16,150,0,18,89,0,25,386,0,31,713,0,25,391,0,44,712,0,53,1950,0,31,1635,0,59,1855,0,41,1710,0,74,3623,0,174,5369,0,84,5216,0,211,11015,0,119,7463,0,230,11929,0,279,8419,0,136,15446,0,210,7980,0,261,15053,0,337,23936,0,252,39103,0,732,51421,0,166,41969,0,350,68792,0,839,47454,0,430,50849,0,505,145699,0,943,206017,0,1106,189443,0,773,153543,0,1435,185044,0,843,166245,0,1307,183917,0
-1.05176e+08,1,8.88811e-15,10,1023,0,1.05176e+08,0.528882,1.08665,0.389689,0.145397,0.379329,3.24381,0.161596,0.446195,1.77396,0.159177,1.15e+07,4.49998e+06,6.79999e+06,1.15e+07,4.49997e+06,6.79999e+06,1.15e+07,4.49996e+06,6.79999e+06,1.15e+07,4.49995e+06,6.79999e+06,1.14999e+07,4.49993e+06,6.79999e+06,1.14999e+07,4.49991e+06,6.79999e+06,1.14999e+07,4.49989e+06,6.79999e+06,1.14999e+07,4.49986e+06,6.79999e+06,1.14999e+07,4.49982e+06,6.79999e+06,1.14999e+07,4.49977e+06,6.79999e+06,1.14999e+07,4.49971e+06,6.79999e+06,1.14999e+07,4.49963e+06,6.79999e+06,1.14998e+07,4.49953e+06,6.79999e+06,1.14998e+07,4.49941e+06,6.79999e+06,1.14998e+07,4.49926e+06,6.79999e+06,1.14998e+07,4.49906e+06,6.79999e+06,1.14997e+07,4.49882e+06,6.79999e+06,1.14997e+07,4.49851e+06,6.79999e+06,1.14997e+07,4.49812e+06,6.79999e+06,1.14996e+07,4.49764e+06,6.79999e+06,1.14996e+07,4.49702e+06,6.79999e+06,1.14995e+07,4.49625e+06,6.79999e+06,1.14995e+07,4.49528e+06,6.79999e+06,1.14994e+07,4.49406e+06,6.79999e+06,1.14993e+07,4.49253e+06,6.79999e+06,1.14992e+07,4.49059e+06,6.79999e+06,1.14991e+07,4.48817e+06,6.79999e+06,1.1499e+07,4.48511e+06,6.79999e+06,1.14988e+07,4.48128e+06,6.79999e+06,1.14987e+07,4.47646e+06,6.79999e+06,1.14985e+07,4.47041e+06,6.79999e+06,1.14983e+07,4.46281e+06,6.79999e+06,1.14981e+07,4.4533e+06,6.79999e+06,1.14979e+07,4.44138e+06,6.79999e+06,1.14976e+07,4.42649e+06,6.79999e+06,1.14972e+07,4.40789e+06,6.79999e+06,1.14969e+07,4.38471e+06,6.79999e+06,1.14965e+07,4.35592e+06,6.79999e+06,1.1496e+07,4.32027e+06,6.79999e+06,1.14955e+07,4.27629e+06,6.79999e+06,1.14949e+07,4.22231e+06,6.79999e+06,1.14942e+07,4.15647e+06,6.79999e+06,1.14934e+07,4.07676e+06,6.79999e+06,1.14926e+07,3.98112e+06,6.79999e+06,1.14916e+07,3.86765e+06,6.79999e+06,1.14905e+07,3.73474e+06,6.79999e+06,1.14892e+07,3.58148e+06,6.79999e+06,1.14878e+07,3.40785e+06,6.79999e+06,1.14862e+07,3.21513e+06,6.79999e+06,1.14844e+07,3.00605e+06,6.79999e+06,1.14823e+07,2.7848e+06,6.79999e+06,1.148e+07,2.5568e+06,6.79999e+06,1.14773e+07,2.32825e+06,6.79999e+06,13.5742,8.52444,0.508366,16.8306,13.2585,0.162638,20.0035,17.569,0.0507846,23.2616,22.4214,0.0158319,26.7328,28.3297,0.00493498,30.5212,35.6974,0.00153831,34.7178,44.9473,0.000479527,39.4086,56.5822,0.000149456,44.6796,71.2245,4.66214e-05,50.6209,89.6543,1.45419e-05,57.3297,112.852,4.54748e-06,64.9129,142.051,1.43857e-06,73.4897,178.803,4.36618e-07,83.1934,225.062,1.40153e-07,94.1745,283.286,4.96378e-08,106.602,356.568,1.05434e-07,120.669,448.799,-6.49244e-08,136.59,564.873,1.70148e-07,154.611,710.948,-5.34594e-08,175.008,894.767,1.63407e-07,198.097,1126.06,8.04804e-08,224.231,1417.07,1.14667e-07,253.813,1783.15,-1.71227e-07,287.297,2243.62,-2.88466e-07,325.198,2822.67,-4.33651e-07,368.098,3550.67,7.9318e-08,416.657,4465.65,3.13319e-07,471.621,5615.16,3.4613e-07,533.835,7058.61,-1.19199e-07,604.255,8870.02,-2.79964e-07,683.962,11141.4,-2.30521e-07,774.182,13986.7,-2.55099e-07,876.299,17546.4,1.23585e-07,991.883,21993.1,1.41192e-07,1122.71,27536.7,-9.71886e-08,1270.78,34430.7,-3.68368e-07,1438.38,42977.7,-3.45379e-07,1628.07,53532.7,-3.25328e-09,1842.77,66504.6,2.6362e-07,2085.77,82350.2,2.53445e-07,2360.79,101560,-2.47407e-08,2672.05,124632,-3.80602e-07,3024.31,152018,-4.79005e-07,3422.98,184060,-1.14379e-07,3874.15,220884,2.64297e-07,4384.72,262283,3.44131e-07,4962.49,307576,7.5349e-08,5616.29,355497,-3.63097e-07,6356.1,404126,-6.05442e-07,7193.18,450932,-2.72333e-07,8140.28,492963,2.29675e-07,9211.79,527178,4.3387e-07,10424,550893,-1.0711e-07,10.102,8.06553,2.81012,10.6436,8.57909,0.869423,11.5336,10.2515,0.270869,12.7211,12.7138,0.0844293,14.1823,15.9373,0.0263173,15.9122,20.0383,0.0082035,17.9198,25.2154,0.00255722,20.2244,31.7373,0.000797017,22.8539,39.9486,0.000248622,25.8438,50.2851,7.75492e-05,29.237,63.2963,2.42508e-05,33.0837,79.6738,7.67162e-06,37.4415,100.288,2.32837e-06,42.3767,126.236,7.33e-07,47.9646,158.896,2.79256e-07,54.2906,200.003,9.87351e-09,61.452,251.741,1.61085e-07,69.5585,316.859,-2.47141e-07,78.7347,398.812,8.93552e-08,89.1218,501.948,-2.53231e-07,100.879,631.736,-1.25047e-07,114.188,795.049,-1.78808e-07,129.252,1000.53,2.6733e-07,146.304,1259.03,4.50292e-07,165.605,1584.19,6.76904e-07,187.452,1993.12,-1.23808e-07,212.181,2507.27,-4.89068e-07,240.173,3153.54,-5.40284e-07,271.856,3965.56,1.86061e-07,307.719,4985.38,4.37004e-07,348.313,6265.4,3.59828e-07,394.26,7870.83,3.98192e-07,446.268,9882.51,-1.92908e-07,505.135,12400.3,-2.20392e-07,571.766,15546.9,1.51705e-07,647.184,19472.2,5.74996e-07,732.547,24357.4,5.39112e-07,829.167,30420,5.07815e-09,938.526,37916.3,-4.11492e-07,1062.3,47143.9,-3.9561e-07,1202.4,58439.2,3.86185e-08,1360.96,72169.3,5.94093e-07,1540.42,88715.8,7.47693e-07,1743.53,108445,1.78537e-07,1973.41,131665,-4.12549e-07,2233.57,158557,-5.37164e-07,2528,189103,-1.17615e-07,2861.2,222986,5.66769e-07,3238.27,259510,9.45053e-07,3664.97,297540,4.25093e-07,4147.81,335497,-3.58506e-07,4694.17,371444,-6.7724e-07,5312.37,403256,1.67192e-07,1.61744,3.89446,9.84394,3.28846,7.5504,12.774,5.07607,11.7187,13.6844,7.03202,16.8147,13.9681,9.20215,23.1769,14.0566,11.6301,31.1672,14.0841,14.3598,41.2186,14.0927,17.4376,53.8688,14.0954,20.9137,69.7915,14.0962,24.8432,89.8341,14.0965,29.2879,115.063,14.0966,34.3168,146.819,14.0966,40.0078,186.792,14.0966,46.4487,237.107,14.0966,53.7388,300.44,14.0966,61.9903,380.158,14.0966,71.3301,480.499,14.0966,81.902,606.796,14.0966,93.8685,765.761,14.0966,107.414,965.837,14.0966,122.746,1217.65,14.0966,140.101,1534.57,14.0966,159.745,1933.41,14.0966,181.981,2435.3,14.0966,207.15,3066.85,14.0966,235.64,3861.46,14.0966,267.889,4861.11,14.0966,304.391,6118.54,14.0966,345.709,7699.91,14.0966,392.478,9688.22,14.0966,445.417,12187.5,14.0966,505.339,15327.7,14.0966,573.165,19271.6,14.0966,649.938,24222,14.0966,736.839,30430.9,14.0966,835.202,38211.5,14.0966,946.539,47950.3,14.0966,1072.56,60122.8,14.0966,1215.21,75309.9,14.0966,1376.66,94216.2,14.0966,1559.41,117688,14.0966,1766.26,146729,14.0966,2000.39,182510,14.0966,2265.39,226372,14.0966,2565.33,279806,14.0966,2904.81,344416,14.0966,3289.05,421845,14.0966,3723.93,513667,14.0966,4216.13,621231,14.0966,4773.18,745478,14.0966,5403.64,886744,14.0966,6117.15,1.04457e+06,14.0966,6924.63,1.2176e+06,14.0966,11.7194,11.96,12.6541,13.9321,16.1295,13.6434,16.6097,21.9702,13.9553,19.7532,29.5285,14.0526,23.3844,39.1143,14.0829,27.5423,51.2054,14.0923,32.2796,66.434,14.0953,37.662,85.6061,14.0962,43.7675,109.74,14.0965,50.687,140.119,14.0966,58.5249,178.359,14.0966,67.4005,226.493,14.0966,77.4493,287.08,14.0966,88.8254,363.343,14.0966,101.703,459.336,14.0966,116.281,580.161,14.0966,132.782,732.241,14.0966,151.46,923.655,14.0966,172.603,1164.57,14.0966,196.535,1467.79,14.0966,223.625,1849.39,14.0966,254.288,2329.62,14.0966,288.997,2933.93,14.0966,328.285,3694.33,14.0966,372.755,4651.04,14.0966,423.092,5854.57,14.0966,480.07,7368.38,14.0966,544.564,9272.08,14.0966,617.566,11665.5,14.0966,700.197,14673.6,14.0966,793.729,18452.9,14.0966,899.599,23198.6,14.0966,1019.43,29154.1,14.0966,1155.07,36622.3,14.0966,1308.6,45977.9,14.0966,1482.39,57683.7,14.0966,1679.09,72307.8,14.0966,1901.73,90542.8,14.0966,2153.73,113226,14.0966,2438.97,141360,14.0966,2761.81,176127,14.0966,3127.22,218898,14.0966,3540.81,271226,14.0966,4008.92,334817,14.0966,4538.74,411470,14.0966,5138.38,502973,14.0966,5817.04,610948,14.0966,6585.12,736653,14.0966,7454.39,880741,14.0966,8438.15,1.04302e+06,14.0966,9551.45,1.22224e+06,14.0966,10811.3,1.41602e+06,14.0966,12237,1.62086e+06,14.0966,11.7194,11.96,12.6541,2.21263,4.16949,0.989383,2.67766,5.84076,0.311842,3.14343,7.55825,0.0972771,3.63127,9.58578,0.0303237,4.15787,12.0912,0.00945211,4.73731,15.2286,0.00294633,5.38238,19.1721,0.000918508,6.10553,24.134,0.000286163,6.91951,30.3791,8.92692e-05,7.83792,38.2397,2.78121e-05,8.87555,48.1338,8.65134e-06,10.0489,60.5876,2.7882e-06,11.3761,76.2629,8.29036e-07,12.8779,95.9927,2.4373e-07,14.5775,120.825,4.33068e-09,16.5012,152.08,1.75749e-07,18.6784,191.415,-1.86328e-07,21.1428,240.917,1.91829e-07,23.9322,303.213,-1.81475e-07,27.0895,381.602,7.0186e-08,30.6634,480.231,-2.86769e-08,34.7087,604.316,2.40784e-07,39.2876,760.401,9.87368e-08,44.4705,956.705,1.22263e-07,50.3371,1203.54,-4.31966e-07,56.9776,1513.81,-1.9705e-07,64.494,1903.69,-2.763e-08,73.0018,2393.4,3.9185e-07,82.6317,3008.13,1.35379e-07,93.5318,3779.25,-4.16351e-08,105.869,4745.7,2.06965e-08,119.834,5955.6,-3.18887e-07,135.641,7468.12,-1.48271e-08,153.531,9355.62,2.00739e-07,173.781,11705.8,2.28358e-07,196.701,14624.1,-1.93587e-08,222.642,18235,-2.88101e-07,252.003,22683.4,-2.24732e-07,285.234,28134,8.56806e-09,322.845,34767,2.34258e-07,365.413,42770.9,2.99668e-07,413.588,52327.9,8.28644e-08,468.111,63591.2,-3.07049e-07,529.814,76653.2,-3.1888e-07,599.642,91502.5,-6.72276e-08,678.662,107975,2.26339e-07,768.083,125705,3.69212e-07,869.267,144088,2.04077e-07,983.76,162277,-2.80509e-07,1113.3,179223,-4.22737e-07,1259.87,193777,-1.71951e-07,1425.68,204839,4.55555e-07,11.7194,11.96,12.6541,2.21263,4.16949,0.989383,2.67766,5.84076,0.311842,3.14343,7.55825,0.0972771,3.63127,9.58578,0.0303237,4.15787,12.0912,0.00945211,4.73731,15.2286,0.00294633,5.38238,19.1721,0.000918508,6.10553,24.134,0.000286163,6.91951,30.3791,8.92692e-05,7.83792,38.2397,2.78121e-05,8.87555,48.1338,8.65134e-06,10.0489,60.5876,2.7882e-06,11.3761,76.2629,8.29036e-07,12.8779,95.9927,2.4373e-07,14.5775,120.825,1e-08,16.5012,152.08,1.75749e-07,18.6784,191.415,1e-08,21.1428,240.917,1.91829e-07,23.9322,303.213,1e-08,27.0895,381.602,7.0186e-08,30.6634,480.231,1e-08,34.7087,604.316,2.40784e-07,39.2876,760.401,9.87368e-08,44.4705,956.705,1.22263e-07,50.3371,1203.54,1e-08,56.9776,1513.81,1e-08,64.494,1903.69,1e-08,73.0018,2393.4,3.9185e-07,82.6317,3008.13,1.35379e-07,93.5318,3779.25,1e-08,105.869,4745.7,2.06965e-08,119.834,5955.6,1e-08,135.641,7468.12,1e-08,153.531,9355.62,2.00739e-07,173.781,11705.8,2.28358e-07,196.701,14624.1,1e-08,222.642,18235,1e-08,252.003,22683.4,1e-08,285.234,28134,1e-08,322.845,34767,2.34258e-07,365.413,42770.9,2.99668e-07,413.588,52327.9,8.28644e-08,468.111,63591.2,1e-08,529.814,76653.2,1e-08,599.642,91502.5,1e-08,678.662,107975,2.26339e-07,768.083,125705,3.69212e-07,869.267,144088,2.04077e-07,983.76,162277,1e-08,1113.3,179223,1e-08,1259.87,193777,1e-08,1425.68,204839,4.55555e-07,6.2823,3.27286,2.43537,0.219672,6.18826,2.24117,0.56371,6.87772,2.63624,0.308279,10,10,12,1,1,0,2,1,0,8,19,0,3,12,0,0,19,0,4,10,0,3,26,0,7,20,0,10,30,0,10,33,0,9,32,0,10,52,0,2,99,0,9,167,0,11,86,0,20,107,0,12,162,0,27,288,0,27,306,0,24,362,0,49,365,0,24,886,0,28,690,0,72,996,0,23,1015,0,59,915,0,100,1403,0,79,1154,0,87,1229,0,41,2571,0,226,3861,0,95,10506,0,151,5240,0,106,10305,0,200,10106,0,112,7861,0,263,10748,0,112,15326,0,126,39289,0,286,63412,0,354,38063,0,621,53615,0,246,61442,0,262,45185,0,844,73922,0,623,161773,0,501,221272,0,599,173900,0,495,85487,0,1995,133756,0,767,226328,0,1812,101351,0
-1.05176e+08,1,8.88811e-15,10,1023,0,1.05176e+08,0.528882,1.08665,0.389689,0.145397,0.379329,3.24381,0.161596,0.446195,1.77396,0.159177,1.15e+07,4.49998e+06,6.79999e+06,1.15e+07,4.49997e+06,6.79999e+06,1.15e+07,4.49996e+06,6.79999e+06,1.15e+07,4.49995e+06,6.79999e+06,1.14999e+07,4.49993e+06,6.79999e+06,1.14999e+07,4.49991e+06,6.79999e+06,1.14999e+07,4.49989e+06,6.79999e+06,1.14999e+07,4.49986e+06,6.79999e+06,1.14999e+07,4.49982e+06,6.79999e+06,1.14999e+07,4.49977e+06,6.79999e+06,1.14999e+07,4.49971e+06,6.79999e+06,1.14999e+07,4.49963e+06,6.79999e+06,1.14998e+07,4.49953e+06,6.79999e+06,1.14998e+07,4.49941e+06,6.79999e+06,1.14998e+07,4.49926e+06,6.79999e+06,1.14998e+07,4.49906e+06,6.79999e+06,1.14997e+07,4.49882e+06,6.79999e+06,1.14997e+07,4.49851e+06,6.79999e+06,1.14997e+07,4.49812e+06,6.79999e+06,1.14996e+07,4.49764e+06,6.79999e+06,1.14996e+07,4.49702e+06,6.79999e+06,1.14995e+07,4.49625e+06,6.79999e+06,1.14995e+07,4.49528e+06,6.79999e+06,1.14994e+07,4.49406e+06,6.79999e+06,1.14993e+07,4.49253e+06,6.79999e+06,1.14992e+07,4.49059e+06,6.79999e+06,1.14991e+07,4.48817e+06,6.79999e+06,1.1499e+07,4.48511e+06,6.79999e+06,1.14988e+07,4.48128e+06,6.79999e+06,1.14987e+07,4.47646e+06,6.79999e+06,1.14985e+07,4.47041e+06,6.79999e+06,1.14983e+07,4.46281e+06,6.79999e+06,1.14981e+07,4.4533e+06,6.79999e+06,1.14979e+07,4.44138e+06,6.79999e+06,1.14976e+07,4.42649e+06,6.79999e+06,1.14972e+07,4.40789e+06,6.79999e+06,1.14969e+07,4.38471e+06,6.79999e+06,1.14965e+07,4.35592e+06,6.79999e+06,1.1496e+07,4.32027e+06,6.79999e+06,1.14955e+07,4.27629e+06,6.79999e+06,1.14949e+07,4.22231e+06,6.79999e+06,1.14942e+07,4.15647e+06,6.79999e+06,1.14934e+07,4.07676e+06,6.79999e+06,1.14926e+07,3.98112e+06,6.79999e+06,1.14916e+07,3.86765e+06,6.79999e+06,1.14905e+07,3.73474e+06,6.79999e+06,1.14892e+07,3.58148e+06,6.79999e+06,1.14878e+07,3.40785e+06,6.79999e+06,1.14862e+07,3.21513e+06,6.79999e+06,1.14844e+07,3.00605e+06,6.79999e+06,1.14823e+07,2.7848e+06,6.79999e+06,1.148e+07,2.5568e+06,6.79999e+06,1.14773e+07,2.32825e+06,6.79999e+06,13.5742,8.52444,0.508366,16.8306,13.2585,0.162638,20.0035,17.569,0.0507846,23.2616,22.4214,0.0158319,26.7328,28.3297,0.00493498,30.5212,35.6974,0.00153831,34.7178,44.9473,0.000479527,39.4086,56.5822,0.000149456,44.6796,71.2245,4.66214e-05,50.6209,89.6543,1.45419e-05,57.3297,112.852,4.54748e-06,64.9129,142.051,1.43857e-06,73.4897,178.803,4.36618e-07,83.1934,225.062,1.40153e-07,94.1745,283.286,4.96378e-08,106.602,356.568,1.05434e-07,120.669,448.799,-6.49244e-08,136.59,564.873,1.70148e-07,154.611,710.948,-5.34594e-08,175.008,894.767,1.63407e-07,198.097,1126.06,8.04804e-08,224.231,1417.07,1.14667e-07,253.813,1783.15,-1.71227e-07,287.297,2243.62,-2.88466e-07,325.198,2822.67,-4.33651e-07,368.098,3550.67,7.9318e-08,416.657,4465.65,3.13319e-07,471.621,5615.16,3.4613e-07,533.835,7058.61,-1.19199e-07,604.255,8870.02,-2.79964e-07,683.962,11141.4,-2.30521e-07,774.182,13986.7,-2.55099e-07,876.299,17546.4,1.23585e-07,991.883,21993.1,1.41192e-07,1122.71,27536.7,-9.71886e-08,1270.78,34430.7,-3.68368e-07,1438.38,42977.7,-3.45379e-07,1628.07,53532.7,-3.25328e-09,1842.77,66504.6,2.6362e-07,2085.77,82350.2,2.53445e-07,2360.79,101560,-2.47407e-08,2672.05,124632,-3.80602e-07,3024.31,152018,-4.79005e-07,3422.98,184060,-1.14379e-07,3874.15,220884,2.64297e-07,4384.72,262283,3.44131e-07,4962.49,307576,7.5349e-08,5616.29,355497,-3.63097e-07,6356.1,404126,-6.05442e-07,7193.18,450932,-2.72333e-07,8140.28,492963,2.29675e-07,9211.79,527178,4.3387e-07,10424,550893,-1.0711e-07,10.102,8.06553,2.81012,10.6436,8.57909,0.869423,11.5336,10.2515,0.270869,12.7211,12.7138,0.0844293,14.1823,15.9373,0.0263173,15.9122,20.0383,0.0082035,17.9198,25.2154,0.00255722,20.2244,31.7373,0.000797017,22.8539,39.9486,0.000248622,25.8438,50.2851,7.75492e-05,29.237,63.2963,2.42508e-05,33.0837,79.6738,7.67162e-06,37.4415,100.288,2.32837e-06,42.3767,126.236,7.33e-07,47.9646,158.896,2.79256e-07,54.2906,200.003,9.87351e-09,61.452,251.741,1.61085e-07,69.5585,316.859,-2.47141e-07,78.7347,398.812,8.93552e-08,89.1218,501.948,-2.53231e-07,100.879,631.736,-1.25047e-07,114.188,795.049,-1.78808e-07,129.252,1000.53,2.6733e-07,146.304,1259.03,4.50292e-07,165.605,1584.19,6.76904e-07,187.452,1993.12,-1.23808e-07,212.181,2507.27,-4.89068e-07,240.173,3153.54,-5.40284e-07,271.856,3965.56,1.86061e-07,307.719,4985.38,4.37004e-07,348.313,6265.4,3.59828e-07,394.26,7870.83,3.98192e-07,446.268,9882.51,-1.92908e-07,505.135,12400.3,-2.20392e-07,571.766,15546.9,1.51705e-07,647.184,19472.2,5.74996e-07,732.547,24357.4,5.39112e-07,829.167,30420,5.07815e-09,938.526,37916.3,-4.11492e-07,1062.3,47143.9,-3.9561e-07,1202.4,58439.2,3.86185e-08,1360.96,72169.3,5.94093e-07,1540.42,88715.8,7.47693e-07,1743.53,108445,1.78537e-07,1973.41,131665,-4.12549e-07,2233.57,158557,-5.37164e-07,2528,189103,-1.17615e-07,2861.2,222986,5.66769e-07,3238.27,259510,9.45053e-07,3664.97,297540,4.25093e-07,4147.81,335497,-3.58506e-07,4694.17,371444,-6.7724e-07,5312.37,403256,1.67192e-07,1.61744,3.89446,9.84394,3.28846,7.5504,12.774,5.07607,11.7187,13.6844,7.03202,16.8147,13.9681,9.20215,23.1769,14.0566,11.6301,31.1672,14.0841,14.3598,41.2186,14.0927,17.4376,53.8688,14.0954,20.9137,69.7915,14.0962,24.8432,89.8341,14.0965,29.2879,115.063,14.0966,34.3168,146.819,14.0966,40.0078,186.792,14.0966,46.4487,237.107,14.0966,53.7388,300.44,14.0966,61.9903,380.158,14.0966,71.3301,480.499,14.0966,81.902,606.796,14.0966,93.8685,765.761,14.0966,107.414,965.837,14.0966,122.746,1217.65,14.0966,140.101,1534.57,14.0966,159.745,1933.41,14.0966,181.981,2435.3,14.0966,207.15,3066.85,14.0966,235.64,3861.46,14.0966,267.889,4861.11,14.0966,304.391,6118.54,14.0966,345.709,7699.91,14.0966,392.478,9688.22,14.0966,445.417,12187.5,14.0966,505.339,15327.7,14.0966,573.165,19271.6,14.0966,649.938,24222,14.0966,736.839,30430.9,14.0966,835.202,38211.5,14.0966,946.539,47950.3,14.0966,1072.56,60122.8,14.0966,1215.21,75309.9,14.0966,1376.66,94216.2,14.0966,1559.41,117688,14.0966,1766.26,146729,14.0966,2000.39,182510,14.0966,2265.39,226372,14.0966,2565.33,279806,14.0966,2904.81,344416,14.0966,3289.05,421845,14.0966,3723.93,513667,14.0966,4216.13,621231,14.0966,4773.18,745478,14.0966,5403.64,886744,14.0966,6117.15,1.04457e+06,14.0966,6924.63,1.2176e+06,14.0966,11.7194,11.96,12.6541,13.9321,16.1295,13.6434,16.6097,21.9702,13.9553,19.7532,29.5285,14.0526,23.3844,39.1143,14.0829,27.5423,51.2054,14.0923,32.2796,66.434,14.0953,37.662,85.6061,14.0962,43.7675,109.74,14.0965,50.687,140.119,14.0966,58.5249,178.359,14.0966,67.4005,226.493,14.0966,77.4493,287.08,14.0966,88.8254,363.343,14.0966,101.703,459.336,14.0966,116.281,580.161,14.0966,132.782,732.241,14.0966,151.46,923.655,14.0966,172.603,1164.57,14.0966,196.535,1467.79,14.0966,223.625,1849.39,14.0966,254.288,2329.62,14.0966,288.997,2933.93,14.0966,328.285,3694.33,14.0966,372.755,4651.04,14.0966,423.092,5854.57,14.0966,480.07,7368.38,14.0966,544.564,9272.08,14.0966,617.566,11665.5,14.0966,700.197,14673.6,14.0966,793.729,18452.9,14.0966,899.599,23198.6,14.0966,1019.43,29154.1,14.0966,1155.07,36622.3,14.0966,1308.6,45977.9,14.0966,1482.39,57683.7,14.0966,1679.09,72307.8,14.0966,1901.73,90542.8,14.0966,2153.73,113226,14.0966,2438.97,141360,14.0966,2761.81,176127,14.0966,3127.22,218898,14.0966,3540.81,271226,14.0966,4008.92,334817,14.0966,4538.74,411470,14.0966,5138.38,502973,14.0966,5817.04,610948,14.0966,6585.12,736653,14.0966,7454.39,880741,14.0966,8438.15,1.04302e+06,14.0966,9551.45,1.22224e+06,14.0966,10811.3,1.41602e+06,14.0966,12237,1.62086e+06,14.0966,11.7194,11.96,12.6541,2.21263,4.16949,0.989383,2.67766,5.84076,0.311842,3.14343,7.55825,0.0972771,3.63127,9.58578,0.0303237,4.15787,12.0912,0.00945211,4.73731,15.2286,0.00294633,5.38238,19.1721,0.000918508,6.10553,24.134,0.000286163,6.91951,30.3791,8.92692e-05,7.83792,38.2397,2.78121e-05,8.87555,48.1338,8.65134e-06,10.0489,60.5876,2.7882e-06,11.3761,76.2629,8.29036e-07,12.8779,95.9927,2.4373e-07,14.5775,120.825,4.33068e-09,16.5012,152.08,1.75749e-07,18.6784,191.415,-1.86328e-07,21.1428,240.917,1.91829e-07,23.9322,303.213,-1.81475e-07,27.0895,381.602,7.0186e-08,30.6634,480.231,-2.86769e-08,34.7087,604.316,2.40784e-07,39.2876,760.401,9.87368e-08,44.4705,956.705,1.22263e-07,50.3371,1203.54,-4.31966e-07,56.9776,1513.81,-1.9705e-07,64.494,1903.69,-2.763e-08,73.0018,2393.4,3.9185e-07,82.6317,3008.13,1.35379e-07,93.5318,3779.25,-4.16351e-08,105.869,4745.7,2.06965e-08,119.834,5955.6,-3.18887e-07,135.641,7468.12,-1.48271e-08,153.531,9355.62,2.00739e-07,173.781,11705.8,2.28358e-07,196.701,14624.1,-1.93587e-08,222.642,18235,-2.88101e-07,252.003,22683.4,-2.24732e-07,285.234,28134,8.56806e-09,322.845,34767,2.34258e-07,365.413,42770.9,2.99668e-07,413.588,52327.9,8.28644e-08,468.111,63591.2,-3.07049e-07,529.814,76653.2,-3.1888e-07,599.642,91502.5,-6.72276e-08,678.662,107975,2.26339e-07,768.083,125705,3.69212e-07,869.267,144088,2.04077e-07,983.76,162277,-2.80509e-07,1113.3,179223,-4.22737e-07,1259.87,193777,-1.71951e-07,1425.68,204839,4.55555e-07,11.7194,11.96,12.6541,2.21263,4.16949,0.989383,2.67766,5.84076,0.311842,3.14343,7.55825,0.0972771,3.63127,9.58578,0.0303237,4.15787,12.0912,0.00945211,4.73731,15.2286,0.00294633,5.38238,19.1721,0.000918508,6.10553,24.134,0.000286163,6.91951,30.3791,8.92692e-05,7.83792,38.2397,2.78121e-05,8.87555,48.1338,8.65134e-06,10.0489,60.5876,2.7882e-06,11.3761,76.2629,8.29036e-07,12.8779,95.9927,2.4373e-07,14.5775,120.825,1e-08,16.5012,152.08,1.75749e-07,18.6784,191.415,1e-08,21.1428,240.917,1.91829e-07,23.9322,303.213,1e-08,27.0895,381.602,7.0186e-08,30.6634,480.231,1e-08,34.7087,604.316,2.40784e-07,39.2876,760.401,9.87368e-08,44.4705,956.705,1.22263e-07,50.3371,1203.54,1e-08,56.9776,1513.81,1e-08,64.494,1903.69,1e-08,73.0018,2393.4,3.9185e-07,82.6317,3008.13,1.35379e-07,93.5318,3779.25,1e-08,105.869,4745.7,2.06965e-08,119.834,5955.6,1e-08,135.641,7468.12,1e-08,153.531,9355.62,2.00739e-07,173.781,11705.8,2.28358e-07,196.701,14624.1,1e-08,222.642,18235,1e-08,252.003,22683.4,1e-08,285.234,28134,1e-08,322.845,34767,2.34258e-07,365.413,42770.9,2.99668e-07,413.588,52327.9,8.28644e-08,468.111,63591.2,1e-08,529.814,76653.2,1e-08,599.642,91502.5,1e-08,678.662,107975,2.26339e-07,768.083,125705,3.69212e-07,869.267,144088,2.04077e-07,983.76,162277,1e-08,1113.3,179223,1e-08,1259.87,193777,1e-08,1425.68,204839,4.55555e-07,6.2823,3.27286,2.43537,0.219672,6.18826,2.24117,0.56371,6.87772,2.63624,0.308279,15,18,17,0,2,1,4,5,0,3,5,0,7,6,0,8,13,0,10,15,0,2,13,0,9,21,0,4,18,0,4,53,0,5,60,0,17,33,0,7,90,0,5,111,0,8,130,0,22,160,0,14,343,0,33,257,0,29,426,0,42,403,0,19,565,0,52,558,0,38,1100,0,4,906,0,45,1615,0,61,1728,0,106,2370,0,47,1940,0,44,1875,0,42,3182,0,146,3781,0,142,3462,0,128,6449,0,207,7195,0,131,12817,0,153,25131,0,144,26045,0,214,13428,0,327,22363,0,420,19123,0,168,22658,0,286,51237,0,563,50329,0,307,50673,0,1115,90979,0,869,82807,0,936,105350,0,895,151710,0,742,135536,0,597,266768,0,1347,299312,0,892,79311,0
-1.05176e+08,1,8.88811e-15,10,1023,0,1.05176e+08,0.528882,1.08665,0.389689,0.145397,0.379329,3.24381,0.161596,0.446195,1.77396,0.159177,1.15e+07,4.49998e+06,6.79999e+06,1.15e+07,4.49997e+06,6.79999e+06,1.15e+07,4.49996e+06,6.79999e+06,1.15e+07,4.49995e+06,6.79999e+06,1.14999e+07,4.49993e+06,6.79999e+06,1.14999e+07,4.49991e+06,6.79999e+06,1.14999e+07,4.49989e+06,6.79999e+06,1.14999e+07,4.49986e+06,6.79999e+06,1.14999e+07,4.49982e+06,6.79999e+06,1.14999e+07,4.49977e+06,6.79999e+06,1.14999e+07,4.49971e+06,6.79999e+06,1.14999e+07,4.49963e+06,6.79999e+06,1.14998e+07,4.49953e+06,6.79999e+06,1.14998e+07,4.49941e+06,6.79999e+06,1.14998e+07,4.49926e+06,6.79999e+06,1.14998e+07,4.49906e+06,6.79999e+06,1.14997e+07,4.49882e+06,6.79999e+06,1.14997e+07,4.49851e+06,6.79999e+06,1.14997e+07,4.49812e+06,6.79999e+06,1.14996e+07,4.49764e+06,6.79999e+06,1.14996e+07,4.49702e+06,6.79999e+06,1.14995e+07,4.49625e+06,6.79999e+06,1.14995e+07,4.49528e+06,6.79999e+06,1.14994e+07,4.49406e+06,6.79999e+06,1.14993e+07,4.49253e+06,6.79999e+06,1.14992e+07,4.49059e+06,6.79999e+06,1.14991e+07,4.48817e+06,6.79999e+06,1.1499e+07,4.48511e+06,6.79999e+06,1.14988e+07,4.48128e+06,6.79999e+06,1.14987e+07,4.47646e+06,6.79999e+06,1.14985e+07,4.47041e+06,6.79999e+06,1.14983e+07,4.46281e+06,6.79999e+06,1.14981e+07,4.4533e+06,6.79999e+06,1.14979e+07,4.44138e+06,6.79999e+06,1.14976e+07,4.42649e+06,6.79999e+06,1.14972e+07,4.40789e+06,6.79999e+06,1.14969e+07,4.38471e+06,6.79999e+06,1.14965e+07,4.35592e+06,6.79999e+06,1.1496e+07,4.32027e+06,6.79999e+06,1.14955e+07,4.27629e+06,6.79999e+06,1.14949e+07,4.22231e+06,6.79999e+06,1.14942e+07,4.15647e+06,6.79999e+06,1.14934e+07,4.07676e+06,6.79999e+06,1.14926e+07,3.98112e+06,6.79999e+06,1.14916e+07,3.86765e+06,6.79999e+06,1.14905e+07,3.73474e+06,6.79999e+06,1.14892e+07,3.58148e+06,6.79999e+06,1.14878e+07,3.40785e+06,6.79999e+06,1.14862e+07,3.21513e+06,6.79999e+06,1.14844e+07,3.00605e+06,6.79999e+06,1.14823e+07,2.7848e+06,6.79999e+06,1.148e+07,2.5568e+06,6.79999e+06,1.14773e+07,2.32825e+06,6.79999e+06,13.5742,8.52444,0.508366,16.8306,13.2585,0.162638,20.0035,17.569,0.0507846,23.2616,22.4214,0.0158319,26.7328,28.3297,0.00493498,30.5212,35.6974,0.00153831,34.7178,44.9473,0.000479527,39.4086,56.5822,0.000149456,44.6796,71.2245,4.66214e-05,50.6209,89.6543,1.45419e-05,57.3297,112.852,4.54748e-06,64.9129,142.051,1.43857e-06,73.4897,178.803,4.36618e-07,83.1934,225.062,1.40153e-07,94.1745,283.286,4.96378e-08,106.602,356.568,1.05434e-07,120.669,448.799,-6.49244e-08,136.59,564.873,1.70148e-07,154.611,710.948,-5.34594e-08,175.008,894.767,1.63407e-07,198.097,1126.06,8.04804e-08,224.231,1417.07,1.14667e-07,253.813,1783.15,-1.71227e-07,287.297,2243.62,-2.88466e-07,325.198,2822.67,-4.33651e-07,368.098,3550.67,7.9318e-08,416.657,4465.65,3.13319e-07,471.621,5615.16,3.4613e-07,533.835,7058.61,-1.19199e-07,604.255,8870.02,-2.79964e-07,683.962,11141.4,-2.30521e-07,774.182,13986.7,-2.55099e-07,876.299,17546.4,1.23585e-07,991.883,21993.1,1.41192e-07,1122.71,27536.7,-9.71886e-08,1270.78,34430.7,-3.68368e-07,1438.38,42977.7,-3.45379e-07,1628.07,53532.7,-3.25328e-09,1842.77,66504.6,2.6362e-07,2085.77,82350.2,2.53445e-07,2360.79,101560,-2.47407e-08,2672.05,124632,-3.80602e-07,3024.31,152018,-4.79005e-07,3422.98,184060,-1.14379e-07,3874.15,220884,2.64297e-07,4384.72,262283,3.44131e-07,4962.49,307576,7.5349e-08,5616.29,355497,-3.63097e-07,6356.1,404126,-6.05442e-07,7193.18,450932,-2.72333e-07,8140.28,492963,2.29675e-07,9211.79,527178,4.3387e-07,10424,550893,-1.0711e-07,10.102,8.06553,2.81012,10.6436,8.57909,0.869423,11.5336,10.2515,0.270869,12.7211,12.7138,0.0844293,14.1823,15.9373,0.0263173,15.9122,20.0383,0.0082035,17.9198,25.2154,0.00255722,20.2244,31.7373,0.000797017,22.8539,39.9486,0.000248622,25.8438,50.2851,7.75492e-05,29.237,63.2963,2.42508e-05,33.0837,79.6738,7.67162e-06,37.4415,100.288,2.32837e-06,42.3767,126.236,7.33e-07,47.9646,158.896,2.79256e-07,54.2906,200.003,9.87351e-09,61.452,251.741,1.61085e-07,69.5585,316.859,-2.47141e-07,78.7347,398.812,8.93552e-08,89.1218,501.948,-2.53231e-07,100.879,631.736,-1.25047e-07,114.188,795.049,-1.78808e-07,129.252,1000.53,2.6733e-07,146.304,1259.03,4.50292e-07,165.605,1584.19,6.76904e-07,187.452,1993.12,-1.23808e-07,212.181,2507.27,-4.89068e-07,240.173,3153.54,-5.40284e-07,271.856,3965.56,1.86061e-07,307.719,4985.38,4.37004e-07,348.313,6265.4,3.59828e-07,394.26,7870.83,3.98192e-07,446.268,9882.51,-1.92908e-07,505.135,12400.3,-2.20392e-07,571.766,15546.9,1.51705e-07,647.184,19472.2,5.74996e-07,732.547,24357.4,5.39112e-07,829.167,30420,5.07815e-09,938.526,37916.3,-4.11492e-07,1062.3,47143.9,-3.9561e-07,1202.4,58439.2,3.86185e-08,1360.96,72169.3,5.94093e-07,1540.42,88715.8,7.47693e-07,1743.53,108445,1.78537e-07,1973.41,131665,-4.12549e-07,2233.57,158557,-5.37164e-07,2528,189103,-1.17615e-07,2861.2,222986,5.66769e-07,3238.27,259510,9.45053e-07,3664.97,297540,4.25093e-07,4147.81,335497,-3.58506e-07,4694.17,371444,-6.7724e-07,5312.37,403256,1.67192e-07,1.61744,3.89446,9.84394,3.28846,7.5504,12.774,5.07607,11.7187,13.6844,7.03202,16.8147,13.9681,9.20215,23.1769,14.0566,11.6301,31.1672,14.0841,14.3598,41.2186,14.0927,17.4376,53.8688,14.0954,20.9137,69.7915,14.0962,24.8432,89.8341,14.0965,29.2879,115.063,14.0966,34.3168,146.819,14.0966,40.0078,186.792,14.0966,46.4487,237.107,14.0966,53.7388,300.44,14.0966,61.9903,380.158,14.0966,71.3301,480.499,14.0966,81.902,606.796,14.0966,93.8685,765.761,14.0966,107.414,965.837,14.0966,122.746,1217.65,14.0966,140.101,1534.57,14.0966,159.745,1933.41,14.0966,181.981,2435.3,14.0966,207.15,3066.85,14.0966,235.64,3861.46,14.0966,267.889,4861.11,14.0966,304.391,6118.54,14.0966,345.709,7699.91,14.0966,392.478,9688.22,14.0966,445.417,12187.5,14.0966,505.339,15327.7,14.0966,573.165,19271.6,14.0966,649.938,24222,14.0966,736.839,30430.9,14.0966,835.202,38211.5,14.0966,946.539,47950.3,14.0966,1072.56,60122.8,14.0966,1215.21,75309.9,14.0966,1376.66,94216.2,14.0966,1559.41,117688,14.0966,1766.26,146729,14.0966,2000.39,182510,14.0966,2265.39,226372,14.0966,2565.33,279806,14.0966,2904.81,344416,14.0966,3289.05,421845,14.0966,3723.93,513667,14.0966,4216.13,621231,14.0966,4773.18,745478,14.0966,5403.64,886744,14.0966,6117.15,1.04457e+06,14.0966,6924.63,1.2176e+06,14.0966,11.7194,11.96,12.6541,13.9321,16.1295,13.6434,16.6097,21.9702,13.9553,19.7532,29.5285,14.0526,23.3844,39.1143,14.0829,27.5423,51.2054,14.0923,32.2796,66.434,14.0953,37.662,85.6061,14.0962,43.7675,109.74,14.0965,50.687,140.119,14.0966,58.5249,178.359,14.0966,67.4005,226.493,14.0966,77.4493,287.08,14.0966,88.8254,363.343,14.0966,101.703,459.336,14.0966,116.281,580.161,14.0966,132.782,732.241,14.0966,151.46,923.655,14.0966,172.603,1164.57,14.0966,196.535,1467.79,14.0966,223.625,1849.39,14.0966,254.288,2329.62,14.0966,288.997,2933.93,14.0966,328.285,3694.33,14.0966,372.755,4651.04,14.0966,423.092,5854.57,14.0966,480.07,7368.38,14.0966,544.564,9272.08,14.0966,617.566,11665.5,14.0966,700.197,14673.6,14.0966,793.729,18452.9,14.0966,899.599,23198.6,14.0966,1019.43,29154.1,14.0966,1155.07,36622.3,14.0966,1308.6,45977.9,14.0966,1482.39,57683.7,14.0966,1679.09,72307.8,14.0966,1901.73,90542.8,14.0966,2153.73,113226,14.0966,2438.97,141360,14.0966,2761.81,176127,14.0966,3127.22,218898,14.0966,3540.81,271226,14.0966,4008.92,334817,14.0966,4538.74,411470,14.0966,5138.38,502973,14.0966,5817.04,610948,14.0966,6585.12,736653,14.0966,7454.39,880741,14.0966,8438.15,1.04302e+06,14.0966,9551.45,1.22224e+06,14.0966,10811.3,1.41602e+06,14.0966,12237,1.62086e+06,14.0966,11.7194,11.96,12.6541,2.21263,4.16949,0.989383,2.67766,5.84076,0.311842,3.14343,7.55825,0.0972771,3.63127,9.58578,0.0303237,4.15787,12.0912,0.00945211,4.73731,15.2286,0.00294633,5.38238,19.1721,0.000918508,6.10553,24.134,0.000286163,6.91951,30.3791,8.92692e-05,7.83792,38.2397,2.78121e-05,8.87555,48.1338,8.65134e-06,10.0489,60.5876,2.7882e-06,11.3761,76.2629,8.29036e-07,12.8779,95.9927,2.4373e-07,14.5775,120.825,4.33068e-09,16.5012,152.08,1.75749e-07,18.6784,191.415,-1.86328e-07,21.1428,240.917,1.91829e-07,23.9322,303.213,-1.81475e-07,27.0895,381.602,7.0186e-08,30.6634,480.231,-2.86769e-08,34.7087,604.316,2.40784e-07,39.2876,760.401,9.87368e-08,44.4705,956.705,1.22263e-07,50.3371,1203.54,-4.31966e-07,56.9776,1513.81,-1.9705e-07,64.494,1903.69,-2.763e-08,73.0018,2393.4,3.9185e-07,82.6317,3008.13,1.35379e-07,93.5318,3779.25,-4.16351e-08,105.869,4745.7,2.06965e-08,119.834,5955.6,-3.18887e-07,135.641,7468.12,-1.48271e-08,153.531,9355.62,2.00739e-07,173.781,11705.8,2.28358e-07,196.701,14624.1,-1.93587e-08,222.642,18235,-2.88101e-07,252.003,22683.4,-2.24732e-07,285.234,28134,8.56806e-09,322.845,34767,2.34258e-07,365.413,42770.9,2.99668e-07,413.588,52327.9,8.28644e-08,468.111,63591.2,-3.07049e-07,529.814,76653.2,-3.1888e-07,599.642,91502.5,-6.72276e-08,678.662,107975,2.26339e-07,768.083,125705,3.69212e-07,869.267,144088,2.04077e-07,983.76,162277,-2.80509e-07,1113.3,179223,-4.22737e-07,1259.87,193777,-1.71951e-07,1425.68,204839,4.55555e-07,11.7194,11.96,12.6541,2.21263,4.16949,0.989383,2.67766,5.84076,0.311842,3.14343,7.55825,0.0972771,3.63127,9.58578,0.0303237,4.15787,12.0912,0.00945211,4.73731,15.2286,0.00294633,5.38238,19.1721,0.000918508,6.10553,24.134,0.000286163,6.91951,30.3791,8.92692e-05,7.83792,38.2397,2.78121e-05,8.87555,48.1338,8.65134e-06,10.0489,60.5876,2.7882e-06,11.3761,76.2629,8.29036e-07,12.8779,95.9927,2.4373e-07,14.5775,120.825,1e-08,16.5012,152.08,1.75749e-07,18.6784,191.415,1e-08,21.1428,240.917,1.91829e-07,23.9322,303.213,1e-08,27.0895,381.602,7.0186e-08,30.6634,480.231,1e-08,34.7087,604.316,2.40784e-07,39.2876,760.401,9.87368e-08,44.4705,956.705,1.22263e-07,50.3371,1203.54,1e-08,56.9776,1513.81,1e-08,64.494,1903.69,1e-08,73.0018,2393.4,3.9185e-07,82.6317,3008.13,1.35379e-07,93.5318,3779.25,1e-08,105.869,4745.7,2.06965e-08,119.834,5955.6,1e-08,135.641,7468.12,1e-08,153.531,9355.62,2.00739e-07,173.781,11705.8,2.28358e-07,196.701,14624.1,1e-08,222.642,18235,1e-08,252.003,22683.4,1e-08,285.234,28134,1e-08,322.845,34767,2.34258e-07,365.413,42770.9,2.99668e-07,413.588,52327.9,8.28644e-08,468.111,63591.2,1e-08,529.814,76653.2,1e-08,599.642,91502.5,1e-08,678.662,107975,2.26339e-07,768.083,125705,3.69212e-07,869.267,144088,2.04077e-07,983.76,162277,1e-08,1113.3,179223,1e-08,1259.87,193777,1e-08,1425.68,204839,4.55555e-07,6.2823,3.27286,2.43537,0.219672,6.18826,2.24117,0.56371,6.87772,2.63624,0.308279,13,3,8,3,3,1,1,9,0,3,6,0,6,8,0,6,12,0,8,7,0,11,20,0,9,32,0,13,17,0,3,43,0,7,82,0,11,36,0,20,73,0,10,71,0,14,78,0,26,163,0,11,100,0,37,157,0,17,265,0,19,745,0,12,249,0,32,847,0,53,643,0,20,811,0,55,1297,0,54,2104,0,31,1696,0,68,1673,0,85,2943,0,47,1354,0,29,2826,0,88,8015,0,71,5745,0,161,4713,0,231,7762,0,149,18550,0,243,11789,0,144,12968,0,566,36524,0,477,31998,0,469,40423,0,413,57399,0,399,59773,0,866,83619,0,349,120069,0,510,107363,0,462,217925,0,1008,134042,0,1068,244095,0,1163,116959,0,1057,90630,0,1766,210942,0
-1.05176e+08,1,8.88811e-15,10,1023,0,1.05176e+08,0.528882,1.08665,0.389689,0.145397,0.379329,3.24381,0.161596,0.446195,1.77396,0.159177,1.15e+07,4.49998e+06,6.79999e+06,1.15e+07,4.49997e+06,6.79999e+06,1.15e+07,4.49996e+06,6.79999e+06,1.15e+07,4.49995e+06,6.79999e+06,1.14999e+07,4.49993e+06,6.79999e+06,1.14999e+07,4.49991e+06,6.79999e+06,1.14999e+07,4.49989e+06,6.79999e+06,1.14999e+07,4.49986e+06,6.79999e+06,1.14999e+07,4.49982e+06,6.79999e+06,1.14999e+07,4.49977e+06,6.79999e+06,1.14999e+07,4.49971e+06,6.79999e+06,1.14999e+07,4.49963e+06,6.79999e+06,1.14998e+07,4.49953e+06,6.79999e+06,1.14998e+07,4.49941e+06,6.79999e+06,1.14998e+07,4.49926e+06,6.79999e+06,1.14998e+07,4.49906e+06,6.79999e+06,1.14997e+07,4.49882e+06,6.79999e+06,1.14997e+07,4.49851e+06,6.79999e+06,1.14997e+07,4.49812e+06,6.79999e+06,1.14996e+07,4.49764e+06,6.79999e+06,1.14996e+07,4.49702e+06,6.79999e+06,1.14995e+07,4.49625e+06,6.79999e+06,1.14995e+07,4.49528e+06,6.79999e+06,1.14994e+07,4.49406e+06,6.79999e+06,1.14993e+07,4.49253e+06,6.79999e+06,1.14992e+07,4.49059e+06,6.79999e+06,1.14991e+07,4.48817e+06,6.79999e+06,1.1499e+07,4.48511e+06,6.79999e+06,1.14988e+07,4.48128e+06,6.79999e+06,1.14987e+07,4.47646e+06,6.79999e+06,1.14985e+07,4.47041e+06,6.79999e+06,1.14983e+07,4.46281e+06,6.79999e+06,1.14981e+07,4.4533e+06,6.79999e+06,1.14979e+07,4.44138e+06,6.79999e+06,1.14976e+07,4.42649e+06,6.79999e+06,1.14972e+07,4.40789e+06,6.79999e+06,1.14969e+07,4.38471e+06,6.79999e+06,1.14965e+07,4.35592e+06,6.79999e+06,1.1496e+07,4.32027e+06,6.79999e+06,1.14955e+07,4.27629e+06,6.79999e+06,1.14949e+07,4.22231e+06,6.79999e+06,1.14942e+07,4.15647e+06,6.79999e+06,1.14934e+07,4.07676e+06,6.79999e+06,1.14926e+07,3.98112e+06,6.79999e+06,1.14916e+07,3.86765e+06,6.79999e+06,1.14905e+07,3.73474e+06,6.79999e+06,1.14892e+07,3.58148e+06,6.79999e+06,1.14878e+07,3.40785e+06,6.79999e+06,1.14862e+07,3.21513e+06,6.79999e+06,1.14844e+07,3.00605e+06,6.79999e+06,1.14823e+07,2.7848e+06,6.79999e+06,1.148e+07,2.5568e+06,6.79999e+06,1.14773e+07,2.32825e+06,6.79999e+06,13.5742,8.52444,0.508366,16.8306,13.2585,0.162638,20.0035,17.569,0.0507846,23.2616,22.4214,0.0158319,26.7328,28.3297,0.00493498,30.5212,35.6974,0.00153831,34.7178,44.9473,0.000479527,39.4086,56.5822,0.000149456,44.6796,71.2245,4.66214e-05,50.6209,89.6543,1.45419e-05,57.3297,112.852,4.54748e-06,64.9129,142.051,1.43857e-06,73.4897,178.803,4.36618e-07,83.1934,225.062,1.40153e-07,94.1745,283.286,4.96378e-08,106.602,356.568,1.05434e-07,120.669,448.799,-6.49244e-08,136.59,564.873,1.70148e-07,154.611,710.948,-5.34594e-08,175.008,894.767,1.63407e-07,198.097,1126.06,8.04804e-08,224.231,1417.07,1.14667e-07,253.813,1783.15,-1.71227e-07,287.297,2243.62,-2.88466e-07,325.198,2822.67,-4.33651e-07,368.098,3550.67,7.9318e-08,416.657,4465.65,3.13319e-07,471.621,5615.16,3.4613e-07,533.835,7058.61,-1.19199e-07,604.255,8870.02,-2.79964e-07,683.962,11141.4,-2.30521e-07,774.182,13986.7,-2.55099e-07,876.299,17546.4,1.23585e-07,991.883,21993.1,1.41192e-07,1122.71,27536.7,-9.71886e-08,1270.78,34430.7,-3.68368e-07,1438.38,42977.7,-3.45379e-07,1628.07,53532.7,-3.25328e-09,1842.77,66504.6,2.6362e-07,2085.77,82350.2,2.53445e-07,2360.79,101560,-2.47407e-08,2672.05,124632,-3.80602e-07,3024.31,152018,-4.79005e-07,3422.98,184060,-1.14379e-07,3874.15,220884,2.64297e-07,4384.72,262283,3.44131e-07,4962.49,307576,7.5349e-08,5616.29,355497,-3.63097e-07,6356.1,404126,-6.05442e-07,7193.18,450932,-2.72333e-07,8140.28,492963,2.29675e-07,9211.79,527178,4.3387e-07,10424,550893,-1.0711e-07,10.102,8.06553,2.81012,10.6436,8.57909,0.869423,11.5336,10.2515,0.270869,12.7211,12.7138,0.0844293,14.1823,15.9373,0.0263173,15.9122,20.0383,0.0082035,17.9198,25.2154,0.00255722,20.2244,31.7373,0.000797017,22.8539,39.9486,0.000248622,25.8438,50.2851,7.75492e-05,29.237,63.2963,2.42508e-05,33.0837,79.6738,7.67162e-06,37.4415,100.288,2.32837e-06,42.3767,126.236,7.33e-07,47.9646,158.896,2.79256e-07,54.2906,200.003,9.87351e-09,61.452,251.741,1.61085e-07,69.5585,316.859,-2.47141e-07,78.7347,398.812,8.93552e-08,89.1218,501.948,-2.53231e-07,100.879,631.736,-1.25047e-07,114.188,795.049,-1.78808e-07,129.252,1000.53,2.6733e-07,146.304,1259.03,4.50292e-07,165.605,1584.19,6.76904e-07,187.452,1993.12,-1.23808e-07,212.181,2507.27,-4.89068e-07,240.173,3153.54,-5.40284e-07,271.856,3965.56,1.86061e-07,307.719,4985.38,4.37004e-07,348.313,6265.4,3.59828e-07,394.26,7870.83,3.98192e-07,446.268,9882.51,-1.92908e-07,505.135,12400.3,-2.20392e-07,571.766,15546.9,1.51705e-07,647.184,19472.2,5.74996e-07,732.547,24357.4,5.39112e-07,829.167,30420,5.07815e-09,938.526,37916.3,-4.11492e-07,1062.3,47143.9,-3.9561e-07,1202.4,58439.2,3.86185e-08,1360.96,72169.3,5.94093e-07,1540.42,88715.8,7.47693e-07,1743.53,108445,1.78537e-07,1973.41,131665,-4.12549e-07,2233.57,158557,-5.37164e-07,2528,189103,-1.17615e-07,2861.2,222986,5.66769e-07,3238.27,259510,9.45053e-07,3664.97,297540,4.25093e-07,4147.81,335497,-3.58506e-07,4694.17,371444,-6.7724e-07,5312.37,403256,1.67192e-07,1.61744,3.89446,9.84394,3.28846,7.5504,12.774,5.07607,11.7187,13.6844,7.03202,16.8147,13.9681,9.20215,23.1769,14.0566,11.6301,31.1672,14.0841,14.3598,41.2186,14.0927,17.4376,53.8688,14.0954,20.9137,69.7915,14.0962,24.8432,89.8341,14.0965,29.2879,115.063,14.0966,34.3168,146.819,14.0966,40.0078,186.792,14.0966,46.4487,237.107,14.0966,53.7388,300.44,14.0966,61.9903,380.158,14.0966,71.3301,480.499,14.0966,81.902,606.796,14.0966,93.8685,765.761,14.0966,107.414,965.837,14.0966,122.746,1217.65,14.0966,140.101,1534.57,14.0966,159.745,1933.41,14.0966,181.981,2435.3,14.0966,207.15,3066.85,14.0966,235.64,3861.46,14.0966,267.889,4861.11,14.0966,304.391,6118.54,14.0966,345.709,7699.91,14.0966,392.478,9688.22,14.0966,445.417,12187.5,14.0966,505.339,15327.7,14.0966,573.165,19271.6,14.0966,649.938,24222,14.0966,736.839,30430.9,14.0966,835.202,38211.5,14.0966,946.539,47950.3,14.0966,1072.56,60122.8,14.0966,1215.21,75309.9,14.0966,1376.66,94216.2,14.0966,1559.41,117688,14.0966,1766.26,146729,14.0966,2000.39,182510,14.0966,2265.39,226372,14.0966,2565.33,279806,14.0966,2904.81,344416,14.0966,3289.05,421845,14.0966,3723.93,513667,14.0966,4216.13,621231,14.0966,4773.18,745478,14.0966,5403.64,886744,14.0966,6117.15,1.04457e+06,14.0966,6924.63,1.2176e+06,14.0966,11.7194,11.96,12.6541,13.9321,16.1295,13.6434,16.6097,21.9702,13.9553,19.7532,29.5285,14.0526,23.3844,39.1143,14.0829,27.5423,51.2054,14.0923,32.2796,66.434,14.0953,37.662,85.6061,14.0962,43.7675,109.74,14.0965,50.687,140.119,14.0966,58.5249,178.359,14.0966,67.4005,226.493,14.0966,77.4493,287.08,14.0966,88.8254,363.343,14.0966,101.703,459.336,14.0966,116.281,580.161,14.0966,132.782,732.241,14.0966,151.46,923.655,14.0966,172.603,1164.57,14.0966,196.535,1467.79,14.0966,223.625,1849.39,14.0966,254.288,2329.62,14.0966,288.997,2933.93,14.0966,328.285,3694.33,14.0966,372.755,4651.04,14.0966,423.092,5854.57,14.0966,480.07,7368.38,14.0966,544.564,9272.08,14.0966,617.566,11665.5,14.0966,700.197,14673.6,14.0966,793.729,18452.9,14.0966,899.599,23198.6,14.0966,1019.43,29154.1,14.0966,1155.07,36622.3,14.0966,1308.6,45977.9,14.0966,1482.39,57683.7,14.0966,1679.09,72307.8,14.0966,1901.73,90542.8,14.0966,2153.73,113226,14.0966,2438.97,141360,14.0966,2761.81,176127,14.0966,3127.22,218898,14.0966,3540.81,271226,14.0966,4008.92,334817,14.0966,4538.74,411470,14.0966,5138.38,502973,14.0966,5817.04,610948,14.0966,6585.12,736653,14.0966,7454.39,880741,14.0966,8438.15,1.04302e+06,14.0966,9551.45,1.22224e+06,14.0966,10811.3,1.41602e+06,14.0966,12237,1.62086e+06,14.0966,11.7194,11.96,12.6541,2.21263,4.16949,0.989383,2.67766,5.84076,0.311842,3.14343,7.55825,0.0972771,3.63127,9.58578,0.0303237,4.15787,12.0912,0.00945211,4.73731,15.2286,0.00294633,5.38238,19.1721,0.000918508,6.10553,24.134,0.000286163,6.91951,30.3791,8.92692e-05,7.83792,38.2397,2.78121e-05,8.87555,48.1338,8.65134e-06,10.0489,60.5876,2.7882e-06,11.3761,76.2629,8.29036e-07,12.8779,95.9927,2.4373e-07,14.5775,120.825,4.33068e-09,16.5012,152.08,1.75749e-07,18.6784,191.415,-1.86328e-07,21.1428,240.917,1.91829e-07,23.9322,303.213,-1.81475e-07,27.0895,381.602,7.0186e-08,30.6634,480.231,-2.86769e-08,34.7087,604.316,2.40784e-07,39.2876,760.401,9.87368e-08,44.4705,956.705,1.22263e-07,50.3371,1203.54,-4.31966e-07,56.9776,1513.81,-1.9705e-07,64.494,1903.69,-2.763e-08,73.0018,2393.4,3.9185e-07,82.6317,3008.13,1.35379e-07,93.5318,3779.25,-4.16351e-08,105.869,4745.7,2.06965e-08,119.834,5955.6,-3.18887e-07,135.641,7468.12,-1.48271e-08,153.531,9355.62,2.00739e-07,173.781,11705.8,2.28358e-07,196.701,14624.1,-1.93587e-08,222.642,18235,-2.88101e-07,252.003,22683.4,-2.24732e-07,285.234,28134,8.56806e-09,322.845,34767,2.34258e-07,365.413,42770.9,2.99668e-07,413.588,52327.9,8.28644e-08,468.111,63591.2,-3.07049e-07,529.814,76653.2,-3.1888e-07,599.642,91502.5,-6.72276e-08,678.662,107975,2.26339e-07,768.083,125705,3.69212e-07,869.267,144088,2.04077e-07,983.76,162277,-2.80509e-07,1113.3,179223,-4.22737e-07,1259.87,193777,-1.71951e-07,1425.68,204839,4.55555e-07,11.7194,11.96,12.6541,2.21263,4.16949,0.989383,2.67766,5.84076,0.311842,3.14343,7.55825,0.0972771,3.63127,9.58578,0.0303237,4.15787,12.0912,0.00945211,4.73731,15.2286,0.00294633,5.38238,19.1721,0.000918508,6.10553,24.134,0.000286163,6.91951,30.3791,8.92692e-05,7.83792,38.2397,2.78121e-05,8.87555,48.1338,8.65134e-06,10.0489,60.5876,2.7882e-06,11.3761,76.2629,8.29036e-07,12.8779,95.9927,2.4373e-07,14.5775,120.825,1e-08,16.5012,152.08,1.75749e-07,18.6784,191.415,1e-08,21.1428,240.917,1.91829e-07,23.9322,303.213,1e-08,27.0895,381.602,7.0186e-08,30.6634,480.231,1e-08,34.7087,604.316,2.40784e-07,39.2876,760.401,9.87368e-08,44.4705,956.705,1.22263e-07,50.3371,1203.54,1e-08,56.9776,1513.81,1e-08,64.494,1903.69,1e-08,73.0018,2393.4,3.9185e-07,82.6317,3008.13,1.35379e-07,93.5318,3779.25,1e-08,105.869,4745.7,2.06965e-08,119.834,5955.6,1e-08,135.641,7468.12,1e-08,153.531,9355.62,2.00739e-07,173.781,11705.8,2.28358e-07,196.701,14624.1,1e-08,222.642,18235,1e-08,252.003,22683.4,1e-08,285.234,28134,1e-08,322.845,34767,2.34258e-07,365.413,42770.9,2.99668e-07,413.588,52327.9,8.28644e-08,468.111,63591.2,1e-08,529.814,76653.2,1e-08,599.642,91502.5,1e-08,678.662,107975,2.26339e-07,768.083,125705,3.69212e-07,869.267,144088,2.04077e-07,983.76,162277,1e-08,1113.3,179223,1e-08,1259.87,193777,1e-08,1425.68,204839,4.55555e-07,6.2823,3.27286,2.43537,0.219672,6.18826,2.24117,0.56371,6.87772,2.63624,0.308279,15,11,13,2,3,1,2,8,0,3,8,0,7,2,0,5,3,0,3,9,0,5,9,0,4,19,0,9,24,0,7,56,0,8,58,0,17,37,0,7,60,0,8,106,0,20,225,0,17,64,0,17,173,0,16,272,0,27,217,0,31,613,0,18,551,0,23,335,0,39,960,0,32,1162,0,79,2374,0,98,1524,0,44,1827,0,53,1407,0,129,2436,0,74,1291,0,180,2514,0,204,8399,0,162,4389,0,184,12098,0,359,9852,0,187,9450,0,274,19820,0,186,21147,0,157,31373,0,408,30968,0,287,30622,0,373,29842,0,443,43263,0,679,88533,0,528,43295,0,566,34309,0,456,129641,0,1095,104715,0,783,117208,0,1545,200243,0,638,212925,0,2266,229549,0
-1.05176e+08,1,8.88811e-15,10,1023,0,1.05176e+08,0.528882,1.08665,0.389689,0.145397,0.379329,3.24381,0.161596,0.446195,1.77396,0.159177,1.15e+07,4.49998e+06,6.79999e+06,1.15e+07,4.49997e+06,6.79999e+06,1.15e+07,4.49996e+06,6.79999e+06,1.15e+07,4.49995e+06,6.79999e+06,1.14999e+07,4.49993e+06,6.79999e+06,1.14999e+07,4.49991e+06,6.79999e+06,1.14999e+07,4.49989e+06,6.79999e+06,1.14999e+07,4.49986e+06,6.79999e+06,1.14999e+07,4.49982e+06,6.79999e+06,1.14999e+07,4.49977e+06,6.79999e+06,1.14999e+07,4.49971e+06,6.79999e+06,1.14999e+07,4.49963e+06,6.79999e+06,1.14998e+07,4.49953e+06,6.79999e+06,1.14998e+07,4.49941e+06,6.79999e+06,1.14998e+07,4.49926e+06,6.79999e+06,1.14998e+07,4.49906e+06,6.79999e+06,1.14997e+07,4.49882e+06,6.79999e+06,1.14997e+07,4.49851e+06,6.79999e+06,1.14997e+07,4.49812e+06,6.79999e+06,1.14996e+07,4.49764e+06,6.79999e+06,1.14996e+07,4.49702e+06,6.79999e+06,1.14995e+07,4.49625e+06,6.79999e+06,1.14995e+07,4.49528e+06,6.79999e+06,1.14994e+07,4.49406e+06,6.79999e+06,1.14993e+07,4.49253e+06,6.79999e+06,1.14992e+07,4.49059e+06,6.79999e+06,1.14991e+07,4.48817e+06,6.79999e+06,1.1499e+07,4.48511e+06,6.79999e+06,1.14988e+07,4.48128e+06,6.79999e+06,1.14987e+07,4.47646e+06,6.79999e+06,1.14985e+07,4.47041e+06,6.79999e+06,1.14983e+07,4.46281e+06,6.79999e+06,1.14981e+07,4.4533e+06,6.79999e+06,1.14979e+07,4.44138e+06,6.79999e+06,1.14976e+07,4.42649e+06,6.79999e+06,1.14972e+07,4.40789e+06,6.79999e+06,1.14969e+07,4.38471e+06,6.79999e+06,1.14965e+07,4.35592e+06,6.79999e+06,1.1496e+07,4.32027e+06,6.79999e+06,1.14955e+07,4.27629e+06,6.79999e+06,1.14949e+07,4.22231e+06,6.79999e+06,1.14942e+07,4.15647e+06,6.79999e+06,1.14934e+07,4.07676e+06,6.79999e+06,1.14926e+07,3.98112e+06,6.79999e+06,1.14916e+07,3.86765e+06,6.79999e+06,1.14905e+07,3.73474e+06,6.79999e+06,1.14892e+07,3.58148e+06,6.79999e+06,1.14878e+07,3.40785e+06,6.79999e+06,1.14862e+07,3.21513e+06,6.79999e+06,1.14844e+07,3.00605e+06,6.79999e+06,1.14823e+07,2.7848e+06,6.79999e+06,1.148e+07,2.5568e+06,6.79999e+06,1.14773e+07,2.32825e+06,6.79999e+06,13.5742,8.52444,0.508366,16.8306,13.2585,0.162638,20.0035,17.569,0.0507846,23.2616,22.4214,0.0158319,26.7328,28.3297,0.00493498,30.5212,35.6974,0.00153831,34.7178,44.9473,0.000479527,39.4086,56.5822,0.000149456,44.6796,71.2245,4.66214e-05,50.6209,89.6543,1.45419e-05,57.3297,112.852,4.54748e-06,64.9129,142.051,1.43857e-06,73.4897,178.803,4.36618e-07,83.1934,225.062,1.40153e-07,94.1745,283.286,4.96378e-08,106.602,356.568,1.05434e-07,120.669,448.799,-6.49244e-08,136.59,564.873,1.70148e-07,154.611,710.948,-5.34594e-08,175.008,894.767,1.63407e-07,198.097,1126.06,8.04804e-08,224.231,1417.07,1.14667e-07,253.813,1783.15,-1.71227e-07,287.297,2243.62,-2.88466e-07,325.198,2822.67,-4.33651e-07,368.098,3550.67,7.9318e-08,416.657,4465.65,3.13319e-07,471.621,5615.16,3.4613e-07,533.835,7058.61,-1.19199e-07,604.255,8870.02,-2.79964e-07,683.962,11141.4,-2.30521e-07,774.182,13986.7,-2.55099e-07,876.299,17546.4,1.23585e-07,991.883,21993.1,1.41192e-07,1122.71,27536.7,-9.71886e-08,1270.78,34430.7,-3.68368e-07,1438.38,42977.7,-3.45379e-07,1628.07,53532.7,-3.25328e-09,1842.77,66504.6,2.6362e-07,2085.77,82350.2,2.53445e-07,2360.79,101560,-2.47407e-08,2672.05,124632,-3.80602e-07,3024.31,152018,-4.79005e-07,3422.98,184060,-1.14379e-07,3874.15,220884,2.64297e-07,4384.72,262283,3.44131e-07,4962.49,307576,7.5349e-08,5616.29,355497,-3.63097e-07,6356.1,404126,-6.05442e-07,7193.18,450932,-2.72333e-07,8140.28,492963,2.29675e-07,9211.79,527178,4.3387e-07,10424,550893,-1.0711e-07,10.102,8.06553,2.81012,10.6436,8.57909,0.869423,11.5336,10.2515,0.270869,12.7211,12.7138,0.0844293,14.1823,15.9373,0.0263173,15.9122,20.0383,0.0082035,17.9198,25.2154,0.00255722,20.2244,31.7373,0.000797017,22.8539,39.9486,0.000248622,25.8438,50.2851,7.75492e-05,29.237,63.2963,2.42508e-05,33.0837,79.6738,7.67162e-06,37.4415,100.288,2.32837e-06,42.3767,126.236,7.33e-07,47.9646,158.896,2.79256e-07,54.2906,200.003,9.87351e-09,61.452,251.741,1.61085e-07,69.5585,316.859,-2.47141e-07,78.7347,398.812,8.93552e-08,89.1218,501.948,-2.53231e-07,100.879,631.736,-1.25047e-07,114.188,795.049,-1.78808e-07,129.252,1000.53,2.6733e-07,146.304,1259.03,4.50292e-07,165.605,1584.19,6.76904e-07,187.452,1993.12,-1.23808e-07,212.181,2507.27,-4.89068e-07,240.173,3153.54,-5.40284e-07,271.856,3965.56,1.86061e-07,307.719,4985.38,4.37004e-07,348.313,6265.4,3.59828e-07,394.26,7870.83,3.98192e-07,446.268,9882.51,-1.92908e-07,505.135,12400.3,-2.20392e-07,571.766,15546.9,1.51705e-07,647.184,19472.2,5.74996e-07,732.547,24357.4,5.39112e-07,829.167,30420,5.07815e-09,938.526,37916.3,-4.11492e-07,1062.3,47143.9,-3.9561e-07,1202.4,58439.2,3.86185e-08,1360.96,72169.3,5.94093e-07,1540.42,88715.8,7.47693e-07,1743.53,108445,1.78537e-07,1973.41,131665,-4.12549e-07,2233.57,158557,-5.37164e-07,2528,189103,-1.17615e-07,2861.2,222986,5.66769e-07,3238.27,259510,9.45053e-07,3664.97,297540,4.25093e-07,4147.81,335497,-3.58506e-07,4694.17,371444,-6.7724e-07,5312.37,403256,1.67192e-07,1.61744,3.89446,9.84394,3.28846,7.5504,12.774,5.07607,11.7187,13.6844,7.03202,16.8147,13.9681,9.20215,23.1769,14.0566,11.6301,31.1672,14.0841,14.3598,41.2186,14.0927,17.4376,53.8688,14.0954,20.9137,69.7915,14.0962,24.8432,89.8341,14.0965,29.2879,115.063,14.0966,34.3168,146.819,14.0966,40.0078,186.792,14.0966,46.4487,237.107,14.0966,53.7388,300.44,14.0966,61.9903,380.158,14.0966,71.3301,480.499,14.0966,81.902,606.796,14.0966,93.8685,765.761,14.0966,107.414,965.837,14.0966,122.746,1217.65,14.0966,140.101,1534.57,14.0966,159.745,1933.41,14.0966,181.981,2435.3,14.0966,207.15,3066.85,14.0966,235.64,3861.46,14.0966,267.889,4861.11,14.0966,304.391,6118.54,14.0966,345.709,7699.91,14.0966,392.478,9688.22,14.0966,445.417,12187.5,14.0966,505.339,15327.7,14.0966,573.165,19271.6,14.0966,649.938,24222,14.0966,736.839,30430.9,14.0966,835.202,38211.5,14.0966,946.539,47950.3,14.0966,1072.56,60122.8,14.0966,1215.21,75309.9,14.0966,1376.66,94216.2,14.0966,1559.41,117688,14.0966,1766.26,146729,14.0966,2000.39,182510,14.0966,2265.39,226372,14.0966,2565.33,279806,14.0966,2904.81,344416,14.0966,3289.05,421845,14.0966,3723.93,513667,14.0966,4216.13,621231,14.0966,4773.18,745478,14.0966,5403.64,886744,14.0966,6117.15,1.04457e+06,14.0966,6924.63,1.2176e+06,14.0966,11.7194,11.96,12.6541,13.9321,16.1295,13.6434,16.6097,21.9702,13.9553,19.7532,29.5285,14.0526,23.3844,39.1143,14.0829,27.5423,51.2054,14.0923,32.2796,66.434,14.0953,37.662,85.6061,14.0962,43.7675,109.74,14.0965,50.687,140.119,14.0966,58.5249,178.359,14.0966,67.4005,226.493,14.0966,77.4493,287.08,14.0966,88.8254,363.343,14.0966,101.703,459.336,14.0966,116.281,580.161,14.0966,132.782,732.241,14.0966,151.46,923.655,14.0966,172.603,1164.57,14.0966,196.535,1467.79,14.0966,223.625,1849.39,14.0966,254.288,2329.62,14.0966,288.997,2933.93,14.0966,328.285,3694.33,14.0966,372.755,4651.04,14.0966,423.092,5854.57,14.0966,480.07,7368.38,14.0966,544.564,9272.08,14.0966,617.566,11665.5,14.0966,700.197,14673.6,14.0966,793.729,18452.9,14.0966,899.599,23198.6,14.0966,1019.43,29154.1,14.0966,1155.07,36622.3,14.0966,1308.6,45977.9,14.0966,1482.39,57683.7,14.0966,1679.09,72307.8,14.0966,1901.73,90542.8,14.0966,2153.73,113226,14.0966,2438.97,141360,14.0966,2761.81,176127,14.0966,3127.22,218898,14.0966,3540.81,271226,14.0966,4008.92,334817,14.0966,4538.74,411470,14.0966,5138.38,502973,14.0966,5817.04,610948,14.0966,6585.12,736653,14.0966,7454.39,880741,14.0966,8438.15,1.04302e+06,14.0966,9551.45,1.22224e+06,14.0966,10811.3,1.41602e+06,14.0966,12237,1.62086e+06,14.0966,11.7194,11.96,12.6541,2.21263,4.16949,0.989383,2.67766,5.84076,0.311842,3.14343,7.55825,0.0972771,3.63127,9.58578,0.0303237,4.15787,12.0912,0.00945211,4.73731,15.2286,0.00294633,5.38238,19.1721,0.000918508,6.10553,24.134,0.000286163,6.91951,30.3791,8.92692e-05,7.83792,38.2397,2.78121e-05,8.87555,48.1338,8.65134e-06,10.0489,60.5876,2.7882e-06,11.3761,76.2629,8.29036e-07,12.8779,95.9927,2.4373e-07,14.5775,120.825,4.33068e-09,16.5012,152.08,1.75749e-07,18.6784,191.415,-1.86328e-07,21.1428,240.917,1.91829e-07,23.9322,303.213,-1.81475e-07,27.0895,381.602,7.0186e-08,30.6634,480.231,-2.86769e-08,34.7087,604.316,2.40784e-07,39.2876,760.401,9.87368e-08,44.4705,956.705,1.22263e-07,50.3371,1203.54,-4.31966e-07,56.9776,1513.81,-1.9705e-07,64.494,1903.69,-2.763e-08,73.0018,2393.4,3.9185e-07,82.6317,3008.13,1.35379e-07,93.5318,3779.25,-4.16351e-08,105.869,4745.7,2.06965e-08,119.834,5955.6,-3.18887e-07,135.641,7468.12,-1.48271e-08,153.531,9355.62,2.00739e-07,173.781,11705.8,2.28358e-07,196.701,14624.1,-1.93587e-08,222.642,18235,-2.88101e-07,252.003,22683.4,-2.24732e-07,285.234,28134,8.56806e-09,322.845,34767,2.34258e-07,365.413,42770.9,2.99668e-07,413.588,52327.9,8.28644e-08,468.111,63591.2,-3.07049e-07,529.814,76653.2,-3.1888e-07,599.642,91502.5,-6.72276e-08,678.662,107975,2.26339e-07,768.083,125705,3.69212e-07,869.267,144088,2.04077e-07,983.76,162277,-2.80509e-07,1113.3,179223,-4.22737e-07,1259.87,193777,-1.71951e-07,1425.68,204839,4.55555e-07,11.7194,11.96,12.6541,2.21263,4.16949,0.989383,2.67766,5.84076,0.311842,3.14343,7.55825,0.0972771,3.63127,9.58578,0.0303237,4.15787,12.0912,0.00945211,4.73731,15.2286,0.00294633,5.38238,19.1721,0.000918508,6.10553,24.134,0.000286163,6.91951,30.3791,8.92692e-05,7.83792,38.2397,2.78121e-05,8.87555,48.1338,8.65134e-06,10.0489,60.5876,2.7882e-06,11.3761,76.2629,8.29036e-07,12.8779,95.9927,2.4373e-07,14.5775,120.825,1e-08,16.5012,152.08,1.75749e-07,18.6784,191.415,1e-08,21.1428,240.917,1.91829e-07,23.9322,303.213,1e-08,27.0895,381.602,7.0186e-08,30.6634,480.231,1e-08,34.7087,604.316,2.40784e-07,39.2876,760.401,9.87368e-08,44.4705,956.705,1.22263e-07,50.3371,1203.54,1e-08,56.9776,1513.81,1e-08,64.494,1903.69,1e-08,73.0018,2393.4,3.9185e-07,82.6317,3008.13,1.35379e-07,93.5318,3779.25,1e-08,105.869,4745.7,2.06965e-08,119.834,5955.6,1e-08,135.641,7468.12,1e-08,153.531,9355.62,2.00739e-07,173.781,11705.8,2.28358e-07,196.701,14624.1,1e-08,222.642,18235,1e-08,252.003,22683.4,1e-08,285.234,28134,1e-08,322.845,34767,2.34258e-07,365.413,42770.9,2.99668e-07,413.588,52327.9,8.28644e-08,468.111,63591.2,1e-08,529.814,76653.2,1e-08,599.642,91502.5,1e-08,678.662,107975,2.26339e-07,768.083,125705,3.69212e-07,869.267,144088,2.04077e-07,983.76,162277,1e-08,1113.3,179223,1e-08,1259.87,193777,1e-08,1425.68,204839,4.55555e-07,6.2823,3.27286,2.43537,0.219672,6.18826,2.24117,0.56371,6.87772,2.63624,0.308279,14,4,20,1,7,0,3,10,0,2,10,1,0,16,0,4,21,0,5,17,0,7,16,0,6,38,0,1,61,0,11,76,0,2,29,0,5,80,0,6,51,0,22,159,0,15,118,0,3,134,0,15,144,0,22,244,0,11,297,0,18,215,0,60,755,0,43,682,0,31,706,0,63,887,0,54,673,0,73,1740,0,48,1422,0,87,2856,0,92,1914,0,53,4731,0,60,3374,0,63,4351,0,174,2601,0,235,6871,0,172,6577,0,68,15337,0,267,21586,0,257,29036,0,271,37088,0,260,22808,0,212,34640,0,384,66453,0,820,31633,0,350,106005,0,720,125997,0,1430,102498,0,604,123353,0,1276,143476,0,1316,120863,0,2224,294191,0,1494,147911,0,2043,140203,0
-1.05176e+08,1,8.88811e-15,10,1023,0,1.05176e+08,0.528882,1.08665,0.389689,0.145397,0.379329,3.24381,0.161596,0.446195,1.77396,0.159177,1.15e+07,4.49998e+06,6.79999e+06,1.15e+07,4.49997e+06,6.79999e+06,1.15e+07,4.49996e+06,6.79999e+06,1.15e+07,4.49995e+06,6.79999e+06,1.14999e+07,4.49993e+06,6.79999e+06,1.14999e+07,4.49991e+06,6.79999e+06,1.14999e+07,4.49989e+06,6.79999e+06,1.14999e+07,4.49986e+06,6.79999e+06,1.14999e+07,4.49982e+06,6.79999e+06,1.14999e+07,4.49977e+06,6.79999e+06,1.14999e+07,4.49971e+06,6.79999e+06,1.14999e+07,4.49963e+06,6.79999e+06,1.14998e+07,4.49953e+06,6.79999e+06,1.14998e+07,4.49941e+06,6.79999e+06,1.14998e+07,4.49926e+06,6.79999e+06,1.14998e+07,4.49906e+06,6.79999e+06,1.14997e+07,4.49882e+06,6.79999e+06,1.14997e+07,4.49851e+06,6.79999e+06,1.14997e+07,4.49812e+06,6.79999e+06,1.14996e+07,4.49764e+06,6.79999e+06,1.14996e+07,4.49702e+06,6.79999e+06,1.14995e+07,4.49625e+06,6.79999e+06,1.14995e+07,4.49528e+06,6.79999e+06,1.14994e+07,4.49406e+06,6.79999e+06,1.14993e+07,4.49253e+06,6.79999e+06,1.14992e+07,4.49059e+06,6.79999e+06,1.14991e+07,4.48817e+06,6.79999e+06,1.1499e+07,4.48511e+06,6.79999e+06,1.14988e+07,4.48128e+06,6.79999e+06,1.14987e+07,4.47646e+06,6.79999e+06,1.14985e+07,4.47041e+06,6.79999e+06,1.14983e+07,4.46281e+06,6.79999e+06,1.14981e+07,4.4533e+06,6.79999e+06,1.14979e+07,4.44138e+06,6.79999e+06,1.14976e+07,4.42649e+06,6.79999e+06,1.14972e+07,4.40789e+06,6.79999e+06,1.14969e+07,4.38471e+06,6.79999e+06,1.14965e+07,4.35592e+06,6.79999e+06,1.1496e+07,4.32027e+06,6.79999e+06,1.14955e+07,4.27629e+06,6.79999e+06,1.14949e+07,4.22231e+06,6.79999e+06,1.14942e+07,4.15647e+06,6.79999e+06,1.14934e+07,4.07676e+06,6.79999e+06,1.14926e+07,3.98112e+06,6.79999e+06,1.14916e+07,3.86765e+06,6.79999e+06,1.14905e+07,3.73474e+06,6.79999e+06,1.14892e+07,3.58148e+06,6.79999e+06,1.14878e+07,3.40785e+06,6.79999e+06,1.14862e+07,3.21513e+06,6.79999e+06,1.14844e+07,3.00605e+06,6.79999e+06,1.14823e+07,2.7848e+06,6.79999e+06,1.148e+07,2.5568e+06,6.79999e+06,1.14773e+07,2.32825e+06,6.79999e+06,13.5742,8.52444,0.508366,16.8306,13.2585,0.162638,20.0035,17.569,0.0507846,23.2616,22.4214,0.0158319,26.7328,28.3297,0.00493498,30.5212,35.6974,0.00153831,34.7178,44.9473,0.000479527,39.4086,56.5822,0.000149456,44.6796,71.2245,4.66214e-05,50.6209,89.6543,1.45419e-05,57.3297,112.852,4.54748e-06,64.9129,142.051,1.43857e-06,73.4897,178.803,4.36618e-07,83.1934,225.062,1.40153e-07,94.1745,283.286,4.96378e-08,106.602,356.568,1.05434e-07,120.669,448.799,-6.49244e-08,136.59,564.873,1.70148e-07,154.611,710.948,-5.34594e-08,175.008,894.767,1.63407e-07,198.097,1126.06,8.04804e-08,224.231,1417.07,1.14667e-07,253.813,1783.15,-1.71227e-07,287.297,2243.62,-2.88466e-07,325.198,2822.67,-4.33651e-07,368.098,3550.67,7.9318e-08,416.657,4465.65,3.13319e-07,471.621,5615.16,3.4613e-07,533.835,7058.61,-1.19199e-07,604.255,8870.02,-2.79964e-07,683.962,11141.4,-2.30521e-07,774.182,13986.7,-2.55099e-07,876.299,17546.4,1.23585e-07,991.883,21993.1,1.41192e-07,1122.71,27536.7,-9.71886e-08,1270.78,34430.7,-3.68368e-07,1438.38,42977.7,-3.45379e-07,1628.07,53532.7,-3.25328e-09,1842.77,66504.6,2.6362e-07,2085.77,82350.2,2.53445e-07,2360.79,101560,-2.47407e-08,2672.05,124632,-3.80602e-07,3024.31,152018,-4.79005e-07,3422.98,184060,-1.14379e-07,3874.15,220884,2.64297e-07,4384.72,262283,3.44131e-07,4962.49,307576,7.5349e-08,5616.29,355497,-3.63097e-07,6356.1,404126,-6.05442e-07,7193.18,450932,-2.72333e-07,8140.28,492963,2.29675e-07,9211.79,527178,4.3387e-07,10424,550893,-1.0711e-07,10.102,8.06553,2.81012,10.6436,8.57909,0.869423,11.5336,10.2515,0.270869,12.7211,12.7138,0.0844293,14.1823,15.9373,0.0263173,15.9122,20.0383,0.0082035,17.9198,25.2154,0.00255722,20.2244,31.7373,0.000797017,22.8539,39.9486,0.000248622,25.8438,50.2851,7.75492e-05,29.237,63.2963,2.42508e-05,33.0837,79.6738,7.67162e-06,37.4415,100.288,2.32837e-06,42.3767,126.236,7.33e-07,47.9646,158.896,2.79256e-07,54.2906,200.003,9.87351e-09,61.452,251.741,1.61085e-07,69.5585,316.859,-2.47141e-07,78.7347,398.812,8.93552e-08,89.1218,501.948,-2.53231e-07,100.879,631.736,-1.25047e-07,114.188,795.049,-1.78808e-07,129.252,1000.53,2.6733e-07,146.304,1259.03,4.50292e-07,165.605,1584.19,6.76904e-07,187.452,1993.12,-1.23808e-07,212.181,2507.27,-4.89068e-07,240.173,3153.54,-5.40284e-07,271.856,3965.56,1.86061e-07,307.719,4985.38,4.37004e-07,348.313,6265.4,3.59828e-07,394.26,7870.83,3.98192e-07,446.268,9882.51,-1.92908e-07,505.135,12400.3,-2.20392e-07,571.766,15546.9,1.51705e-07,647.184,19472.2,5.74996e-07,732.547,24357.4,5.39112e-07,829.167,30420,5.07815e-09,938.526,37916.3,-4.11492e-07,1062.3,47143.9,-3.9561e-07,1202.4,58439.2,3.86185e-08,1360.96,72169.3,5.94093e-07,1540.42,88715.8,7.47693e-07,1743.53,108445,1.78537e-07,1973.41,131665,-4.12549e-07,2233.57,158557,-5.37164e-07,2528,189103,-1.17615e-07,2861.2,222986,5.66769e-07,3238.27,259510,9.45053e-07,3664.97,297540,4.25093e-07,4147.81,335497,-3.58506e-07,4694.17,371444,-6.7724e-07,5312.37,403256,1.67192e-07,1.61744,3.89446,9.84394,3.28846,7.5504,12.774,5.07607,11.7187,13.6844,7.03202,16.8147,13.9681,9.20215,23.1769,14.0566,11.6301,31.1672,14.0841,14.3598,41.2186,14.0927,17.4376,53.8688,14.0954,20.9137,69.7915,14.0962,24.8432,89.8341,14.0965,29.2879,115.063,14.0966,34.3168,146.819,14.0966,40.0078,186.792,14.0966,46.4487,237.107,14.0966,53.7388,300.44,14.0966,61.9903,380.158,14.0966,71.3301,480.499,14.0966,81.902,606.796,14.0966,93.8685,765.761,14.0966,107.414,965.837,14.0966,122.746,1217.65,14.0966,140.101,1534.57,14.0966,159.745,1933.41,14.0966,181.981,2435.3,14.0966,207.15,3066.85,14.0966,235.64,3861.46,14.0966,267.889,4861.11,14.0966,304.391,6118.54,14.0966,345.709,7699.91,14.0966,392.478,9688.22,14.0966,445.417,12187.5,14.0966,505.339,15327.7,14.0966,573.165,19271.6,14.0966,649.938,24222,14.0966,736.839,30430.9,14.0966,835.202,38211.5,14.0966,946.539,47950.3,14.0966,1072.56,60122.8,14.0966,1215.21,75309.9,14.0966,1376.66,94216.2,14.0966,1559.41,117688,14.0966,1766.26,146729,14.0966,2000.39,182510,14.0966,2265.39,226372,14.0966,2565.33,279806,14.0966,2904.81,344416,14.0966,3289.05,421845,14.0966,3723.93,513667,14.0966,4216.13,621231,14.0966,4773.18,745478,14.0966,5403.64,886744,14.0966,6117.15,1.04457e+06,14.0966,6924.63,1.2176e+06,14.0966,11.7194,11.96,12.6541,13.9321,16.1295,13.6434,16.6097,21.9702,13.9553,19.7532,29.5285,14.0526,23.3844,39.1143,14.0829,27.5423,51.2054,14.0923,32.2796,66.434,14.0953,37.662,85.6061,14.0962,43.7675,109.74,14.0965,50.687,140.119,14.0966,58.5249,178.359,14.0966,67.4005,226.493,14.0966,77.4493,287.08,14.0966,88.8254,363.343,14.0966,101.703,459.336,14.0966,116.281,580.161,14.0966,132.782,732.241,14.0966,151.46,923.655,14.0966,172.603,1164.57,14.0966,196.535,1467.79,14.0966,223.625,1849.39,14.0966,254.288,2329.62,14.0966,288.997,2933.93,14.0966,328.285,3694.33,14.0966,372.755,4651.04,14.0966,423.092,5854.57,14.0966,480.07,7368.38,14.0966,544.564,9272.08,14.0966,617.566,11665.5,14.0966,700.197,14673.6,14.0966,793.729,18452.9,14.0966,899.599,23198.6,14.0966,1019.43,29154.1,14.0966,1155.07,36622.3,14.0966,1308.6,45977.9,14.0966,1482.39,57683.7,14.0966,1679.09,72307.8,14.0966,1901.73,90542.8,14.0966,2153.73,113226,14.0966,2438.97,141360,14.0966,2761.81,176127,14.0966,3127.22,218898,14.0966,3540.81,271226,14.0966,4008.92,334817,14.0966,4538.74,411470,14.0966,5138.38,502973,14.0966,5817.04,610948,14.0966,6585.12,736653,14.0966,7454.39,880741,14.0966,8438.15,1.04302e+06,14.0966,9551.45,1.22224e+06,14.0966,10811.3,1.41602e+06,14.0966,12237,1.62086e+06,14.0966,11.7194,11.96,12.6541,2.21263,4.16949,0.989383,2.67766,5.84076,0.311842,3.14343,7.55825,0.0972771,3.63127,9.58578,0.0303237,4.15787,12.0912,0.00945211,4.73731,15.2286,0.00294633,5.38238,19.1721,0.000918508,6.10553,24.134,0.000286163,6.91951,30.3791,8.92692e-05,7.83792,38.2397,2.78121e-05,8.87555,48.1338,8.65134e-06,10.0489,60.5876,2.7882e-06,11.3761,76.2629,8.29036e-07,12.8779,95.9927,2.4373e-07,14.5775,120.825,4.33068e-09,16.5012,152.08,1.75749e-07,18.6784,191.415,-1.86328e-07,21.1428,240.917,1.91829e-07,23.9322,303.213,-1.81475e-07,27.0895,381.602,7.0186e-08,30.6634,480.231,-2.86769e-08,34.7087,604.316,2.40784e-07,39.2876,760.401,9.87368e-08,44.4705,956.705,1.22263e-07,50.3371,1203.54,-4.31966e-07,56.9776,1513.81,-1.9705e-07,64.494,1903.69,-2.763e-08,73.0018,2393.4,3.9185e-07,82.6317,3008.13,1.35379e-07,93.5318,3779.25,-4.16351e-08,105.869,4745.7,2.06965e-08,119.834,5955.6,-3.18887e-07,135.641,7468.12,-1.48271e-08,153.531,9355.62,2.00739e-07,173.781,11705.8,2.28358e-07,196.701,14624.1,-1.93587e-08,222.642,18235,-2.88101e-07,252.003,22683.4,-2.24732e-07,285.234,28134,8.56806e-09,322.845,34767,2.34258e-07,365.413,42770.9,2.99668e-07,413.588,52327.9,8.28644e-08,468.111,63591.2,-3.07049e-07,529.814,76653.2,-3.1888e-07,599.642,91502.5,-6.72276e-08,678.662,107975,2.26339e-07,768.083,125705,3.69212e-07,869.267,144088,2.04077e-07,983.76,162277,-2.80509e-07,1113.3,179223,-4.22737e-07,1259.87,193777,-1.71951e-07,1425.68,204839,4.55555e-07,11.7194,11.96,12.6541,2.21263,4.16949,0.989383,2.67766,5.84076,0.311842,3.14343,7.55825,0.0972771,3.63127,9.58578,0.0303237,4.15787,12.0912,0.00945211,4.73731,15.2286,0.00294633,5.38238,19.1721,0.000918508,6.10553,24.134,0.000286163,6.91951,30.3791,8.92692e-05,7.83792,38.2397,2.78121e-05,8.87555,48.1338,8.65134e-06,10.0489,60.5876,2.7882e-06,11.3761,76.2629,8.29036e-07,12.8779,95.9927,2.4373e-07,14.5775,120.825,1e-08,16.5012,152.08,1.75749e-07,18.6784,191.415,1e-08,21.1428,240.917,1.91829e-07,23.9322,303.213,1e-08,27.0895,381.602,7.0186e-08,30.6634,480.231,1e-08,34.7087,604.316,2.40784e-07,39.2876,760.401,9.87368e-08,44.4705,956.705,1.22263e-07,50.3371,1203.54,1e-08,56.9776,1513.81,1e-08,64.494,1903.69,1e-08,73.0018,2393.4,3.9185e-07,82.6317,3008.13,1.35379e-07,93.5318,3779.25,1e-08,105.869,4745.7,2.06965e-08,119.834,5955.6,1e-08,135.641,7468.12,1e-08,153.531,9355.62,2.00739e-07,173.781,11705.8,2.28358e-07,196.701,14624.1,1e-08,222.642,18235,1e-08,252.003,22683.4,1e-08,285.234,28134,1e-08,322.845,34767,2.34258e-07,365.413,42770.9,2.99668e-07,413.588,52327.9,8.28644e-08,468.111,63591.2,1e-08,529.814,76653.2,1e-08,599.642,91502.5,1e-08,678.662,107975,2.26339e-07,768.083,125705,3.69212e-07,869.267,144088,2.04077e-07,983.76,162277,1e-08,1113.3,179223,1e-08,1259.87,193777,1e-08,1425.68,204839,4.55555e-07,6.2823,3.27286,2.43537,0.219672,6.18826,2.24117,0.56371,6.87772,2.63624,0.308279,5,21,25,0,2,0,5,4,0,1,19,0,4,10,0,5,10,0,3,9,0,6,23,0,7,24,0,3,47,0,13,29,0,13,84,0,8,44,0,12,54,0,12,109,0,6,139,0,10,145,0,39,136,0,14,218,0,30,437,0,23,381,0,49,452,0,42,694,0,42,839,0,80,1246,0,55,1031,0,60,1418,0,129,339,0,62,3419,0,66,1464,0,90,2787,0,68,5073,0,125,4100,0,232,4170,0,124,5749,0,172,9407,0,65,24404,0,103,11283,0,193,20495,0,233,27455,0,496,51608,0,290,42272,0,339,19226,0,497,51581,0,348,116839,0,625,111601,0,1165,61874,0,673,109366,0,1033,119963,0,1043,119186,0,1606,106768,0,1619,204955,0,919,272891,0
-1.05176e+08,1,8.88811e-15,10,1023,0,1.05176e+08,0.528882,1.08665,0.389689,0.145397,0.379329,3.24381,0.161596,0.446195,1.77396,0.159177,1.15e+07,4.49998e+06,6.79999e+06,1.15e+07,4.49997e+06,6.79999e+06,1.15e+07,4.49996e+06,6.79999e+06,1.15e+07,4.49995e+06,6.79999e+06,1.14999e+07,4.49993e+06,6.79999e+06,1.14999e+07,4.49991e+06,6.79999e+06,1.14999e+07,4.49989e+06,6.79999e+06,1.14999e+07,4.49986e+06,6.79999e+06,1.14999e+07,4.49982e+06,6.79999e+06,1.14999e+07,4.49977e+06,6.79999e+06,1.14999e+07,4.49971e+06,6.79999e+06,1.14999e+07,4.49963e+06,6.79999e+06,1.14998e+07,4.49953e+06,6.79999e+06,1.14998e+07,4.49941e+06,6.79999e+06,1.14998e+07,4.49926e+06,6.79999e+06,1.14998e+07,4.49906e+06,6.79999e+06,1.14997e+07,4.49882e+06,6.79999e+06,1.14997e+07,4.49851e+06,6.79999e+06,1.14997e+07,4.49812e+06,6.79999e+06,1.14996e+07,4.49764e+06,6.79999e+06,1.14996e+07,4.49702e+06,6.79999e+06,1.14995e+07,4.49625e+06,6.79999e+06,1.14995e+07,4.49528e+06,6.79999e+06,1.14994e+07,4.49406e+06,6.79999e+06,1.14993e+07,4.49253e+06,6.79999e+06,1.14992e+07,4.49059e+06,6.79999e+06,1.14991e+07,4.48817e+06,6.79999e+06,1.1499e+07,4.48511e+06,6.79999e+06,1.14988e+07,4.48128e+06,6.79999e+06,1.14987e+07,4.47646e+06,6.79999e+06,1.14985e+07,4.47041e+06,6.79999e+06,1.14983e+07,4.46281e+06,6.79999e+06,1.14981e+07,4.4533e+06,6.79999e+06,1.14979e+07,4.44138e+06,6.79999e+06,1.14976e+07,4.42649e+06,6.79999e+06,1.14972e+07,4.40789e+06,6.79999e+06,1.14969e+07,4.38471e+06,6.79999e+06,1.14965e+07,4.35592e+06,6.79999e+06,1.1496e+07,4.32027e+06,6.79999e+06,1.14955e+07,4.27629e+06,6.79999e+06,1.14949e+07,4.22231e+06,6.79999e+06,1.14942e+07,4.15647e+06,6.79999e+06,1.14934e+07,4.07676e+06,6.79999e+06,1.14926e+07,3.98112e+06,6.79999e+06,1.14916e+07,3.86765e+06,6.79999e+06,1.14905e+07,3.73474e+06,6.79999e+06,1.14892e+07,3.58148e+06,6.79999e+06,1.14878e+07,3.40785e+06,6.79999e+06,1.14862e+07,3.21513e+06,6.79999e+06,1.14844e+07,3.00605e+06,6.79999e+06,1.14823e+07,2.7848e+06,6.79999e+06,1.148e+07,2.5568e+06,6.79999e+06,1.14773e+07,2.32825e+06,6.79999e+06,13.5742,8.52444,0.508366,16.8306,13.2585,0.162638,20.0035,17.569,0.0507846,23.2616,22.4214,0.0158319,26.7328,28.3297,0.00493498,30.5212,35.6974,0.00153831,34.7178,44.9473,0.000479527,39.4086,56.5822,0.000149456,44.6796,71.2245,4.66214e-05,50.6209,89.6543,1.45419e-05,57.3297,112.852,4.54748e-06,64.9129,142.051,1.43857e-06,73.4897,178.803,4.36618e-07,83.1934,225.062,1.40153e-07,94.1745,283.286,4.96378e-08,106.602,356.568,1.05434e-07,120.669,448.799,-6.49244e-08,136.59,564.873,1.70148e-07,154.611,710.948,-5.34594e-08,175.008,894.767,1.63407e-07,198.097,1126.06,8.04804e-08,224.231,1417.07,1.14667e-07,253.813,1783.15,-1.71227e-07,287.297,2243.62,-2.88466e-07,325.198,2822.67,-4.33651e-07,368.098,3550.67,7.9318e-08,416.657,4465.65,3.13319e-07,471.621,5615.16,3.4613e-07,533.835,7058.61,-1.19199e-07,604.255,8870.02,-2.79964e-07,683.962,11141.4,-2.30521e-07,774.182,13986.7,-2.55099e-07,876.299,17546.4,1.23585e-07,991.883,21993.1,1.41192e-07,1122.71,27536.7,-9.71886e-08,1270.78,34430.7,-3.68368e-07,1438.38,42977.7,-3.45379e-07,1628.07,53532.7,-3.25328e-09,1842.77,66504.6,2.6362e-07,2085.77,82350.2,2.53445e-07,2360.79,101560,-2.47407e-08,2672.05,124632,-3.80602e-07,3024.31,152018,-4.79005e-07,3422.98,184060,-1.14379e-07,3874.15,220884,2.64297e-07,4384.72,262283,3.44131e-07,4962.49,307576,7.5349e-08,5616.29,355497,-3.63097e-07,6356.1,404126,-6.05442e-07,7193.18,450932,-2.72333e-07,8140.28,492963,2.29675e-07,9211.79,527178,4.3387e-07,10424,550893,-1.0711e-07,10.102,8.06553,2.81012,10.6436,8.57909,0.869423,11.5336,10.2515,0.270869,12.7211,12.7138,0.0844293,14.1823,15.9373,0.0263173,15.9122,20.0383,0.0082035,17.9198,25.2154,0.00255722,20.2244,31.7373,0.000797017,22.8539,39.9486,0.000248622,25.8438,50.2851,7.75492e-05,29.237,63.2963,2.42508e-05,33.0837,79.6738,7.67162e-06,37.4415,100.288,2.32837e-06,42.3767,126.236,7.33e-07,47.9646,158.896,2.79256e-07,54.2906,200.003,9.87351e-09,61.452,251.741,1.61085e-07,69.5585,316.859,-2.47141e-07,78.7347,398.812,8.93552e-08,89.1218,501.948,-2.53231e-07,100.879,631.736,-1.25047e-07,114.188,795.049,-1.78808e-07,129.252,1000.53,2.6733e-07,146.304,1259.03,4.50292e-07,165.605,1584.19,6.76904e-07,187.452,1993.12,-1.23808e-07,212.181,2507.27,-4.89068e-07,240.173,3153.54,-5.40284e-07,271.856,3965.56,1.86061e-07,307.719,4985.38,4.37004e-07,348.313,6265.4,3.59828e-07,394.26,7870.83,3.98192e-07,446.268,9882.51,-1.92908e-07,505.135,12400.3,-2.20392e-07,571.766,15546.9,1.51705e-07,647.184,19472.2,5.74996e-07,732.547,24357.4,5.39112e-07,829.167,30420,5.07815e-09,938.526,37916.3,-4.11492e-07,1062.3,47143.9,-3.9561e-07,1202.4,58439.2,3.86185e-08,1360.96,72169.3,5.94093e-07,1540.42,88715.8,7.47693e-07,1743.53,108445,1.78537e-07,1973.41,131665,-4.12549e-07,2233.57,158557,-5.37164e-07,2528,189103,-1.17615e-07,2861.2,222986,5.66769e-07,3238.27,259510,9.45053e-07,3664.97,297540,4.25093e-07,4147.81,335497,-3.58506e-07,4694.17,371444,-6.7724e-07,5312.37,403256,1.67192e-07,1.61744,3.89446,9.84394,3.28846,7.5504,12.774,5.07607,11.7187,13.6844,7.03202,16.8147,13.9681,9.20215,23.1769,14.0566,11.6301,31.1672,14.0841,14.3598,41.2186,14.0927,17.4376,53.8688,14.0954,20.9137,69.7915,14.0962,24.8432,89.8341,14.0965,29.2879,115.063,14.0966,34.3168,146.819,14.0966,40.0078,186.792,14.0966,46.4487,237.107,14.0966,53.7388,300.44,14.0966,61.9903,380.158,14.0966,71.3301,480.499,14.0966,81.902,606.796,14.0966,93.8685,765.761,14.0966,107.414,965.837,14.0966,122.746,1217.65,14.0966,140.101,1534.57,14.0966,159.745,1933.41,14.0966,181.981,2435.3,14.0966,207.15,3066.85,14.0966,235.64,3861.46,14.0966,267.889,4861.11,14.0966,304.391,6118.54,14.0966,345.709,7699.91,14.0966,392.478,9688.22,14.0966,445.417,12187.5,14.0966,505.339,15327.7,14.0966,573.165,19271.6,14.0966,649.938,24222,14.0966,736.839,30430.9,14.0966,835.202,38211.5,14.0966,946.539,47950.3,14.0966,1072.56,60122.8,14.0966,1215.21,75309.9,14.0966,1376.66,94216.2,14.0966,1559.41,117688,14.0966,1766.26,146729,14.0966,2000.39,182510,14.0966,2265.39,226372,14.0966,2565.33,279806,14.0966,2904.81,344416,14.0966,3289.05,421845,14.0966,3723.93,513667,14.0966,4216.13,621231,14.0966,4773.18,745478,14.0966,5403.64,886744,14.0966,6117.15,1.04457e+06,14.0966,6924.63,1.2176e+06,14.0966,11.7194,11.96,12.6541,13.9321,16.1295,13.6434,16.6097,21.9702,13.9553,19.7532,29.5285,14.0526,23.3844,39.1143,14.0829,27.5423,51.2054,14.0923,32.2796,66.434,14.0953,37.662,85.6061,14.0962,43.7675,109.74,14.0965,50.687,140.119,14.0966,58.5249,178.359,14.0966,67.4005,226.493,14.0966,77.4493,287.08,14.0966,88.8254,363.343,14.0966,101.703,459.336,14.0966,116.281,580.161,14.0966,132.782,732.241,14.0966,151.46,923.655,14.0966,172.603,1164.57,14.0966,196.535,1467.79,14.0966,223.625,1849.39,14.0966,254.288,2329.62,14.0966,288.997,2933.93,14.0966,328.285,3694.33,14.0966,372.755,4651.04,14.0966,423.092,5854.57,14.0966,480.07,7368.38,14.0966,544.564,9272.08,14.0966,617.566,11665.5,14.0966,700.197,14673.6,14.0966,793.729,18452.9,14.0966,899.599,23198.6,14.0966,1019.43,29154.1,14.0966,1155.07,36622.3,14.0966,1308.6,45977.9,14.0966,1482.39,57683.7,14.0966,1679.09,72307.8,14.0966,1901.73,90542.8,14.0966,2153.73,113226,14.0966,2438.97,141360,14.0966,2761.81,176127,14.0966,3127.22,218898,14.0966,3540.81,271226,14.0966,4008.92,334817,14.0966,4538.74,411470,14.0966,5138.38,502973,14.0966,5817.04,610948,14.0966,6585.12,736653,14.0966,7454.39,880741,14.0966,8438.15,1.04302e+06,14.0966,9551.45,1.22224e+06,14.0966,10811.3,1.41602e+06,14.0966,12237,1.62086e+06,14.0966,11.7194,11.96,12.6541,2.21263,4.16949,0.989383,2.67766,5.84076,0.311842,3.14343,7.55825,0.0972771,3.63127,9.58578,0.0303237,4.15787,12.0912,0.00945211,4.73731,15.2286,0.00294633,5.38238,19.1721,0.000918508,6.10553,24.134,0.000286163,6.91951,30.3791,8.92692e-05,7.83792,38.2397,2.78121e-05,8.87555,48.1338,8.65134e-06,10.0489,60.5876,2.7882e-06,11.3761,76.2629,8.29036e-07,12.8779,95.9927,2.4373e-07,14.5775,120.825,4.33068e-09,16.5012,152.08,1.75749e-07,18.6784,191.415,-1.86328e-07,21.1428,240.917,1.91829e-07,23.9322,303.213,-1.81475e-07,27.0895,381.602,7.0186e-08,30.6634,480.231,-2.86769e-08,34.7087,604.316,2.40784e-07,39.2876,760.401,9.87368e-08,44.4705,956.705,1.22263e-07,50.3371,1203.54,-4.31966e-07,56.9776,1513.81,-1.9705e-07,64.494,1903.69,-2.763e-08,73.0018,2393.4,3.9185e-07,82.6317,3008.13,1.35379e-07,93.5318,3779.25,-4.16351e-08,105.869,4745.7,2.06965e-08,119.834,5955.6,-3.18887e-07,135.641,7468.12,-1.48271e-08,153.531,9355.62,2.00739e-07,173.781,11705.8,2.28358e-07,196.701,14624.1,-1.93587e-08,222.642,18235,-2.88101e-07,252.003,22683.4,-2.24732e-07,285.234,28134,8.56806e-09,322.845,34767,2.34258e-07,365.413,42770.9,2.99668e-07,413.588,52327.9,8.28644e-08,468.111,63591.2,-3.07049e-07,529.814,76653.2,-3.1888e-07,599.642,91502.5,-6.72276e-08,678.662,107975,2.26339e-07,768.083,125705,3.69212e-07,869.267,144088,2.04077e-07,983.76,162277,-2.80509e-07,1113.3,179223,-4.22737e-07,1259.87,193777,-1.71951e-07,1425.68,204839,4.55555e-07,11.7194,11.96,12.6541,2.21263,4.16949,0.989383,2.67766,5.84076,0.311842,3.14343,7.55825,0.0972771,3.63127,9.58578,0.0303237,4.15787,12.0912,0.00945211,4.73731,15.2286,0.00294633,5.38238,19.1721,0.000918508,6.10553,24.134,0.000286163,6.91951,30.3791,8.92692e-05,7.83792,38.2397,2.78121e-05,8.87555,48.1338,8.65134e-06,10.0489,60.5876,2.7882e-06,11.3761,76.2629,8.29036e-07,12.8779,95.9927,2.4373e-07,14.5775,120.825,1e-08,16.5012,152.08,1.75749e-07,18.6784,191.415,1e-08,21.1428,240.917,1.91829e-07,23.9322,303.213,1e-08,27.0895,381.602,7.0186e-08,30.6634,480.231,1e-08,34.7087,604.316,2.40784e-07,39.2876,760.401,9.87368e-08,44.4705,956.705,1.22263e-07,50.3371,1203.54,1e-08,56.9776,1513.81,1e-08,64.494,1903.69,1e-08,73.0018,2393.4,3.9185e-07,82.6317,3008.13,1.35379e-07,93.5318,3779.25,1e-08,105.869,4745.7,2.06965e-08,119.834,5955.6,1e-08,135.641,7468.12,1e-08,153.531,9355.62,2.00739e-07,173.781,11705.8,2.28358e-07,196.701,14624.1,1e-08,222.642,18235,1e-08,252.003,22683.4,1e-08,285.234,28134,1e-08,322.845,34767,2.34258e-07,365.413,42770.9,2.99668e-07,413.588,52327.9,8.28644e-08,468.111,63591.2,1e-08,529.814,76653.2,1e-08,599.642,91502.5,1e-08,678.662,107975,2.26339e-07,768.083,125705,3.69212e-07,869.267,144088,2.04077e-07,983.76,162277,1e-08,1113.3,179223,1e-08,1259.87,193777,1e-08,1425.68,204839,4.55555e-07,6.2823,3.27286,2.43537,0.219672,6.18826,2.24117,0.56371,6.87772,2.63624,0.308279,8,21,8,3,3,0,5,11,0,1,7,0,5,7,0,6,15,0,2,20,0,3,21,0,7,28,0,2,27,0,8,33,0,8,46,0,20,68,0,8,58,0,4,134,0,17,245,0,12,213,0,23,156,0,3,465,0,32,172,0,30,331,0,32,772,0,10,653,0,15,774,0,40,522,0,120,1217,0,167,776,0,47,2943,0,47,2307,0,139,1105,0,76,4176,0,119,3461,0,145,4677,0,118,7481,0,127,11794,0,286,14323,0,129,7588,0,87,20674,0,135,11228,0,144,41819,0,1183,36709,0,177,52921,0,237,29394,0,284,80233,0,339,61894,0,549,79499,0,711,41122,0,1155,127138,0,671,116547,0,785,133132,0,590,367150,0,1520,162820,0,969,283328,0
-1.05176e+08,1,8.88811e-15,10,1023,0,1.05176e+08,0.528882,1.08665,0.389689,0.145397,0.379329,3.24381,0.161596,0.446195,1.77396,0.159177,1.15e+07,4.49998e+06,6.79999e+06,1.15e+07,4.49997e+06,6.79999e+06,1.15e+07,4.49996e+06,6.79999e+06,1.15e+07,4.49995e+06,6.79999e+06,1.14999e+07,4.49993e+06,6.79999e+06,1.14999e+07,4.49991e+06,6.79999e+06,1.14999e+07,4.49989e+06,6.79999e+06,1.14999e+07,4.49986e+06,6.79999e+06,1.14999e+07,4.49982e+06,6.79999e+06,1.14999e+07,4.49977e+06,6.79999e+06,1.14999e+07,4.49971e+06,6.79999e+06,1.14999e+07,4.49963e+06,6.79999e+06,1.14998e+07,4.49953e+06,6.79999e+06,1.14998e+07,4.49941e+06,6.79999e+06,1.14998e+07,4.49926e+06,6.79999e+06,1.14998e+07,4.49906e+06,6.79999e+06,1.14997e+07,4.49882e+06,6.79999e+06,1.14997e+07,4.49851e+06,6.79999e+06,1.14997e+07,4.49812e+06,6.79999e+06,1.14996e+07,4.49764e+06,6.79999e+06,1.14996e+07,4.49702e+06,6.79999e+06,1.14995e+07,4.49625e+06,6.79999e+06,1.14995e+07,4.49528e+06,6.79999e+06,1.14994e+07,4.49406e+06,6.79999e+06,1.14993e+07,4.49253e+06,6.79999e+06,1.14992e+07,4.49059e+06,6.79999e+06,1.14991e+07,4.48817e+06,6.79999e+06,1.1499e+07,4.48511e+06,6.79999e+06,1.14988e+07,4.48128e+06,6.79999e+06,1.14987e+07,4.47646e+06,6.79999e+06,1.14985e+07,4.47041e+06,6.79999e+06,1.14983e+07,4.46281e+06,6.79999e+06,1.14981e+07,4.4533e+06,6.79999e+06,1.14979e+07,4.44138e+06,6.79999e+06,1.14976e+07,4.42649e+06,6.79999e+06,1.14972e+07,4.40789e+06,6.79999e+06,1.14969e+07,4.38471e+06,6.79999e+06,1.14965e+07,4.35592e+06,6.79999e+06,1.1496e+07,4.32027e+06,6.79999e+06,1.14955e+07,4.27629e+06,6.79999e+06,1.14949e+07,4.22231e+06,6.79999e+06,1.14942e+07,4.15647e+06,6.79999e+06,1.14934e+07,4.07676e+06,6.79999e+06,1.14926e+07,3.98112e+06,6.79999e+06,1.14916e+07,3.86765e+06,6.79999e+06,1.14905e+07,3.73474e+06,6.79999e+06,1.14892e+07,3.58148e+06,6.79999e+06,1.14878e+07,3.40785e+06,6.79999e+06,1.14862e+07,3.21513e+06,6.79999e+06,1.14844e+07,3.00605e+06,6.79999e+06,1.14823e+07,2.7848e+06,6.79999e+06,1.148e+07,2.5568e+06,6.79999e+06,1.14773e+07,2.32825e+06,6.79999e+06,13.5742,8.52444,0.508366,16.8306,13.2585,0.162638,20.0035,17.569,0.0507846,23.2616,22.4214,0.0158319,26.7328,28.3297,0.00493498,30.5212,35.6974,0.00153831,34.7178,44.9473,0.000479527,39.4086,56.5822,0.000149456,44.6796,71.2245,4.66214e-05,50.6209,89.6543,1.45419e-05,57.3297,112.852,4.54748e-06,64.9129,142.051,1.43857e-06,73.4897,178.803,4.36618e-07,83.1934,225.062,1.40153e-07,94.1745,283.286,4.96378e-08,106.602,356.568,1.05434e-07,120.669,448.799,-6.49244e-08,136.59,564.873,1.70148e-07,154.611,710.948,-5.34594e-08,175.008,894.767,1.63407e-07,198.097,1126.06,8.04804e-08,224.231,1417.07,1.14667e-07,253.813,1783.15,-1.71227e-07,287.297,2243.62,-2.88466e-07,325.198,2822.67,-4.33651e-07,368.098,3550.67,7.9318e-08,416.657,4465.65,3.13319e-07,471.621,5615.16,3.4613e-07,533.835,7058.61,-1.19199e-07,604.255,8870.02,-2.79964e-07,683.962,11141.4,-2.30521e-07,774.182,13986.7,-2.55099e-07,876.299,17546.4,1.23585e-07,991.883,21993.1,1.41192e-07,1122.71,27536.7,-9.71886e-08,1270.78,34430.7,-3.68368e-07,1438.38,42977.7,-3.45379e-07,1628.07,53532.7,-3.25328e-09,1842.77,66504.6,2.6362e-07,2085.77,82350.2,2.53445e-07,2360.79,101560,-2.47407e-08,2672.05,124632,-3.80602e-07,3024.31,152018,-4.79005e-07,3422.98,184060,-1.14379e-07,3874.15,220884,2.64297e-07,4384.72,262283,3.44131e-07,4962.49,307576,7.5349e-08,5616.29,355497,-3.63097e-07,6356.1,404126,-6.05442e-07,7193.18,450932,-2.72333e-07,8140.28,492963,2.29675e-07,9211.79,527178,4.3387e-07,10424,550893,-1.0711e-07,10.102,8.06553,2.81012,10.6436,8.57909,0.869423,11.5336,10.2515,0.270869,12.7211,12.7138,0.0844293,14.1823,15.9373,0.0263173,15.9122,20.0383,0.0082035,17.9198,25.2154,0.00255722,20.2244,31.7373,0.000797017,22.8539,39.9486,0.000248622,25.8438,50.2851,7.75492e-05,29.237,63.2963,2.42508e-05,33.0837,79.6738,7.67162e-06,37.4415,100.288,2.32837e-06,42.3767,126.236,7.33e-07,47.9646,158.896,2.79256e-07,54.2906,200.003,9.87351e-09,61.452,251.741,1.61085e-07,69.5585,316.859,-2.47141e-07,78.7347,398.812,8.93552e-08,89.1218,501.948,-2.53231e-07,100.879,631.736,-1.25047e-07,114.188,795.049,-1.78808e-07,129.252,1000.53,2.6733e-07,146.304,1259.03,4.50292e-07,165.605,1584.19,6.76904e-07,187.452,1993.12,-1.23808e-07,212.181,2507.27,-4.89068e-07,240.173,3153.54,-5.40284e-07,271.856,3965.56,1.86061e-07,307.719,4985.38,4.37004e-07,348.313,6265.4,3.59828e-07,394.26,7870.83,3.98192e-07,446.268,9882.51,-1.92908e-07,505.135,12400.3,-2.20392e-07,571.766,15546.9,1.51705e-07,647.184,19472.2,5.74996e-07,732.547,24357.4,5.39112e-07,829.167,30420,5.07815e-09,938.526,37916.3,-4.11492e-07,1062.3,47143.9,-3.9561e-07,1202.4,58439.2,3.86185e-08,1360.96,72169.3,5.94093e-07,1540.42,88715.8,7.47693e-07,1743.53,108445,1.78537e-07,1973.41,131665,-4.12549e-07,2233.57,158557,-5.37164e-07,2528,189103,-1.17615e-07,2861.2,222986,5.66769e-07,3238.27,259510,9.45053e-07,3664.97,297540,4.25093e-07,4147.81,335497,-3.58506e-07,4694.17,371444,-6.7724e-07,5312.37,403256,1.67192e-07,1.61744,3.89446,9.84394,3.28846,7.5504,12.774,5.07607,11.7187,13.6844,7.03202,16.8147,13.9681,9.20215,23.1769,14.0566,11.6301,31.1672,14.0841,14.3598,41.2186,14.0927,17.4376,53.8688,14.0954,20.9137,69.7915,14.0962,24.8432,89.8341,14.0965,29.2879,115.063,14.0966,34.3168,146.819,14.0966,40.0078,186.792,14.0966,46.4487,237.107,14.0966,53.7388,300.44,14.0966,61.9903,380.158,14.0966,71.3301,480.499,14.0966,81.902,606.796,14.0966,93.8685,765.761,14.0966,107.414,965.837,14.0966,122.746,1217.65,14.0966,140.101,1534.57,14.0966,159.745,1933.41,14.0966,181.981,2435.3,14.0966,207.15,3066.85,14.0966,235.64,3861.46,14.0966,267.889,4861.11,14.0966,304.391,6118.54,14.0966,345.709,7699.91,14.0966,392.478,9688.22,14.0966,445.417,12187.5,14.0966,505.339,15327.7,14.0966,573.165,19271.6,14.0966,649.938,24222,14.0966,736.839,30430.9,14.0966,835.202,38211.5,14.0966,946.539,47950.3,14.0966,1072.56,60122.8,14.0966,1215.21,75309.9,14.0966,1376.66,94216.2,14.0966,1559.41,117688,14.0966,1766.26,146729,14.0966,2000.39,182510,14.0966,2265.39,226372,14.0966,2565.33,279806,14.0966,2904.81,344416,14.0966,3289.05,421845,14.0966,3723.93,513667,14.0966,4216.13,621231,14.0966,4773.18,745478,14.0966,5403.64,886744,14.0966,6117.15,1.04457e+06,14.0966,6924.63,1.2176e+06,14.0966,11.7194,11.96,12.6541,13.9321,16.1295,13.6434,16.6097,21.9702,13.9553,19.7532,29.5285,14.0526,23.3844,39.1143,14.0829,27.5423,51.2054,14.0923,32.2796,66.434,14.0953,37.662,85.6061,14.0962,43.7675,109.74,14.0965,50.687,140.119,14.0966,58.5249,178.359,14.0966,67.4005,226.493,14.0966,77.4493,287.08,14.0966,88.8254,363.343,14.0966,101.703,459.336,14.0966,116.281,580.161,14.0966,132.782,732.241,14.0966,151.46,923.655,14.0966,172.603,1164.57,14.0966,196.535,1467.79,14.0966,223.625,1849.39,14.0966,254.288,2329.62,14.0966,288.997,2933.93,14.0966,328.285,3694.33,14.0966,372.755,4651.04,14.0966,423.092,5854.57,14.0966,480.07,7368.38,14.0966,544.564,9272.08,14.0966,617.566,11665.5,14.0966,700.197,14673.6,14.0966,793.729,18452.9,14.0966,899.599,23198.6,14.0966,1019.43,29154.1,14.0966,1155.07,36622.3,14.0966,1308.6,45977.9,14.0966,1482.39,57683.7,14.0966,1679.09,72307.8,14.0966,1901.73,90542.8,14.0966,2153.73,113226,14.0966,2438.97,141360,14.0966,2761.81,176127,14.0966,3127.22,218898,14.0966,3540.81,271226,14.0966,4008.92,334817,14.0966,4538.74,411470,14.0966,5138.38,502973,14.0966,5817.04,610948,14.0966,6585.12,736653,14.0966,7454.39,880741,14.0966,8438.15,1.04302e+06,14.0966,9551.45,1.22224e+06,14.0966,10811.3,1.41602e+06,14.0966,12237,1.62086e+06,14.0966,11.7194,11.96,12.6541,2.21263,4.16949,0.989383,2.67766,5.84076,0.311842,3.14343,7.55825,0.0972771,3.63127,9.58578,0.0303237,4.15787,12.0912,0.00945211,4.73731,15.2286,0.00294633,5.38238,19.1721,0.000918508,6.10553,24.134,0.000286163,6.91951,30.3791,8.92692e-05,7.83792,38.2397,2.78121e-05,8.87555,48.1338,8.65134e-06,10.0489,60.5876,2.7882e-06,11.3761,76.2629,8.29036e-07,12.8779,95.9927,2.4373e-07,14.5775,120.825,4.33068e-09,16.5012,152.08,1.75749e-07,18.6784,191.415,-1.86328e-07,21.1428,240.917,1.91829e-07,23.9322,303.213,-1.81475e-07,27.0895,381.602,7.0186e-08,30.6634,480.231,-2.86769e-08,34.7087,604.316,2.40784e-07,39.2876,760.401,9.87368e-08,44.4705,956.705,1.22263e-07,50.3371,1203.54,-4.31966e-07,56.9776,1513.81,-1.9705e-07,64.494,1903.69,-2.763e-08,73.0018,2393.4,3.9185e-07,82.6317,3008.13,1.35379e-07,93.5318,3779.25,-4.16351e-08,105.869,4745.7,2.06965e-08,119.834,5955.6,-3.18887e-07,135.641,7468.12,-1.48271e-08,153.531,9355.62,2.00739e-07,173.781,11705.8,2.28358e-07,196.701,14624.1,-1.93587e-08,222.642,18235,-2.88101e-07,252.003,22683.4,-2.24732e-07,285.234,28134,8.56806e-09,322.845,34767,2.34258e-07,365.413,42770.9,2.99668e-07,413.588,52327.9,8.28644e-08,468.111,63591.2,-3.07049e-07,529.814,76653.2,-3.1888e-07,599.642,91502.5,-6.72276e-08,678.662,107975,2.26339e-07,768.083,125705,3.69212e-07,869.267,144088,2.04077e-07,983.76,162277,-2.80509e-07,1113.3,179223,-4.22737e-07,1259.87,193777,-1.71951e-07,1425.68,204839,4.55555e-07,11.7194,11.96,12.6541,2.21263,4.16949,0.989383,2.67766,5.84076,0.311842,3.14343,7.55825,0.0972771,3.63127,9.58578,0.0303237,4.15787,12.0912,0.00945211,4.73731,15.2286,0.00294633,5.38238,19.1721,0.000918508,6.10553,24.134,0.000286163,6.91951,30.3791,8.92692e-05,7.83792,38.2397,2.78121e-05,8.87555,48.1338,8.65134e-06,10.0489,60.5876,2.7882e-06,11.3761,76.2629,8.29036e-07,12.8779,95.9927,2.4373e-07,14.5775,120.825,1e-08,16.5012,152.08,1.75749e-07,18.6784,191.415,1e-08,21.1428,240.917,1.91829e-07,23.9322,303.213,1e-08,27.0895,381.602,7.0186e-08,30.6634,480.231,1e-08,34.7087,604.316,2.40784e-07,39.2876,760.401,9.87368e-08,44.4705,956.705,1.22263e-07,50.3371,1203.54,1e-08,56.9776,1513.81,1e-08,64.494,1903.69,1e-08,73.0018,2393.4,3.9185e-07,82.6317,3008.13,1.35379e-07,93.5318,3779.25,1e-08,105.869,4745.7,2.06965e-08,119.834,5955.6,1e-08,135.641,7468.12,1e-08,153.531,9355.62,2.00739e-07,173.781,11705.8,2.28358e-07,196.701,14624.1,1e-08,222.642,18235,1e-08,252.003,22683.4,1e-08,285.234,28134,1e-08,322.845,34767,2.34258e-07,365.413,42770.9,2.99668e-07,413.588,52327.9,8.28644e-08,468.111,63591.2,1e-08,529.814,76653.2,1e-08,599.642,91502.5,1e-08,678.662,107975,2.26339e-07,768.083,125705,3.69212e-07,869.267,144088,2.04077e-07,983.76,162277,1e-08,1113.3,179223,1e-08,1259.87,193777,1e-08,1425.68,204839,4.55555e-07,6.2823,3.27286,2.43537,0.219672,6.18826,2.24117,0.56371,6.87772,2.63624,0.308279,16,8,23,0,7,2,2,2,0,4,4,1,6,15,0,11,15,0,3,9,0,2,6,0,7,14,0,10,40,0,7,9,0,7,40,0,8,74,0,2,69,0,3,72,0,15,167,0,15,159,0,27,121,0,31,180,0,18,319,0,29,520,0,44,359,0,42,436,0,26,827,0,44,1154,0,30,1094,0,67,851,0,47,1539,0,76,2161,0,65,4808,0,143,4367,0,78,5302,0,164,3067,0,173,6309,0,163,9247,0,236,7114,0,349,19193,0,103,12329,0,233,30233,0,165,27514,0,392,35298,0,280,78208,0,358,27420,0,360,63246,0,231,36125,0,395,39532,0,1031,101928,0,706,88276,0,841,158955,0,1064,234267,0,549,142033,0,652,143956,0,919,193435,0
-1.05176e+08,1,8.88811e-15,10,1023,0,1.05176e+08,0.528882,1.08665,0.389689,0.145397,0.379329,3.24381,0.161596,0.446195,1.77396,0.159177,1.15e+07,4.49998e+06,6.79999e+06,1.15e+07,4.49997e+06,6.79999e+06,1.15e+07,4.49996e+06,6.79999e+06,1.15e+07,4.49995e+06,6.79999e+06,1.14999e+07,4.49993e+06,6.79999e+06,1.14999e+07,4.49991e+06,6.79999e+06,1.14999e+07,4.49989e+06,6.79999e+06,1.14999e+07,4.49986e+06,6.79999e+06,1.14999e+07,4.49982e+06,6.79999e+06,1.14999e+07,4.49977e+06,6.79999e+06,1.14999e+07,4.49971e+06,6.79999e+06,1.14999e+07,4.49963e+06,6.79999e+06,1.14998e+07,4.49953e+06,6.79999e+06,1.14998e+07,4.49941e+06,6.79999e+06,1.14998e+07,4.49926e+06,6.79999e+06,1.14998e+07,4.49906e+06,6.79999e+06,1.14997e+07,4.49882e+06,6.79999e+06,1.14997e+07,4.49851e+06,6.79999e+06,1.14997e+07,4.49812e+06,6.79999e+06,1.14996e+07,4.49764e+06,6.79999e+06,1.14996e+07,4.49702e+06,6.79999e+06,1.14995e+07,4.49625e+06,6.79999e+06,1.14995e+07,4.49528e+06,6.79999e+06,1.14994e+07,4.49406e+06,6.79999e+06,1.14993e+07,4.49253e+06,6.79999e+06,1.14992e+07,4.49059e+06,6.79999e+06,1.14991e+07,4.48817e+06,6.79999e+06,1.1499e+07,4.48511e+06,6.79999e+06,1.14988e+07,4.48128e+06,6.79999e+06,1.14987e+07,4.47646e+06,6.79999e+06,1.14985e+07,4.47041e+06,6.79999e+06,1.14983e+07,4.46281e+06,6.79999e+06,1.14981e+07,4.4533e+06,6.79999e+06,1.14979e+07,4.44138e+06,6.79999e+06,1.14976e+07,4.42649e+06,6.79999e+06,1.14972e+07,4.40789e+06,6.79999e+06,1.14969e+07,4.38471e+06,6.79999e+06,1.14965e+07,4.35592e+06,6.79999e+06,1.1496e+07,4.32027e+06,6.79999e+06,1.14955e+07,4.27629e+06,6.79999e+06,1.14949e+07,4.22231e+06,6.79999e+06,1.14942e+07,4.15647e+06,6.79999e+06,1.14934e+07,4.07676e+06,6.79999e+06,1.14926e+07,3.98112e+06,6.79999e+06,1.14916e+07,3.86765e+06,6.79999e+06,1.14905e+07,3.73474e+06,6.79999e+06,1.14892e+07,3.58148e+06,6.79999e+06,1.14878e+07,3.40785e+06,6.79999e+06,1.14862e+07,3.21513e+06,6.79999e+06,1.14844e+07,3.00605e+06,6.79999e+06,1.14823e+07,2.7848e+06,6.79999e+06,1.148e+07,2.5568e+06,6.79999e+06,1.14773e+07,2.32825e+06,6.79999e+06,13.5742,8.52444,0.508366,16.8306,13.2585,0.162638,20.0035,17.569,0.0507846,23.2616,22.4214,0.0158319,26.7328,28.3297,0.00493498,30.5212,35.6974,0.00153831,34.7178,44.9473,0.000479527,39.4086,56.5822,0.000149456,44.6796,71.2245,4.66214e-05,50.6209,89.6543,1.45419e-05,57.3297,112.852,4.54748e-06,64.9129,142.051,1.43857e-06,73.4897,178.803,4.36618e-07,83.1934,225.062,1.40153e-07,94.1745,283.286,4.96378e-08,106.602,356.568,1.05434e-07,120.669,448.799,-6.49244e-08,136.59,564.873,1.70148e-07,154.611,710.948,-5.34594e-08,175.008,894.767,1.63407e-07,198.097,1126.06,8.04804e-08,224.231,1417.07,1.14667e-07,253.813,1783.15,-1.71227e-07,287.297,2243.62,-2.88466e-07,325.198,2822.67,-4.33651e-07,368.098,3550.67,7.9318e-08,416.657,4465.65,3.13319e-07,471.621,5615.16,3.4613e-07,533.835,7058.61,-1.19199e-07,604.255,8870.02,-2.79964e-07,683.962,11141.4,-2.30521e-07,774.182,13986.7,-2.55099e-07,876.299,17546.4,1.23585e-07,991.883,21993.1,1.41192e-07,1122.71,27536.7,-9.71886e-08,1270.78,34430.7,-3.68368e-07,1438.38,42977.7,-3.45379e-07,1628.07,53532.7,-3.25328e-09,1842.77,66504.6,2.6362e-07,2085.77,82350.2,2.53445e-07,2360.79,101560,-2.47407e-08,2672.05,124632,-3.80602e-07,3024.31,152018,-4.79005e-07,3422.98,184060,-1.14379e-07,3874.15,220884,2.64297e-07,4384.72,262283,3.44131e-07,4962.49,307576,7.5349e-08,5616.29,355497,-3.63097e-07,6356.1,404126,-6.05442e-07,7193.18,450932,-2.72333e-07,8140.28,492963,2.29675e-07,9211.79,527178,4.3387e-07,10424,550893,-1.0711e-07,10.102,8.06553,2.81012,10.6436,8.57909,0.869423,11.5336,10.2515,0.270869,12.7211,12.7138,0.0844293,14.1823,15.9373,0.0263173,15.9122,20.0383,0.0082035,17.9198,25.2154,0.00255722,20.2244,31.7373,0.000797017,22.8539,39.9486,0.000248622,25.8438,50.2851,7.75492e-05,29.237,63.2963,2.42508e-05,33.0837,79.6738,7.67162e-06,37.4415,100.288,2.32837e-06,42.3767,126.236,7.33e-07,47.9646,158.896,2.79256e-07,54.2906,200.003,9.87351e-09,61.452,251.741,1.61085e-07,69.5585,316.859,-2.47141e-07,78.7347,398.812,8.93552e-08,89.1218,501.948,-2.53231e-07,100.879,631.736,-1.25047e-07,114.188,795.049,-1.78808e-07,129.252,1000.53,2.6733e-07,146.304,1259.03,4.50292e-07,165.605,1584.19,6.76904e-07,187.452,1993.12,-1.23808e-07,212.181,2507.27,-4.89068e-07,240.173,3153.54,-5.40284e-07,271.856,3965.56,1.86061e-07,307.719,4985.38,4.37004e-07,348.313,6265.4,3.59828e-07,394.26,7870.83,3.98192e-07,446.268,9882.51,-1.92908e-07,505.135,12400.3,-2.20392e-07,571.766,15546.9,1.51705e-07,647.184,19472.2,5.74996e-07,732.547,24357.4,5.39112e-07,829.167,30420,5.07815e-09,938.526,37916.3,-4.11492e-07,1062.3,47143.9,-3.9561e-07,1202.4,58439.2,3.86185e-08,1360.96,72169.3,5.94093e-07,1540.42,88715.8,7.47693e-07,1743.53,108445,1.78537e-07,1973.41,131665,-4.12549e-07,2233.57,158557,-5.37164e-07,2528,189103,-1.17615e-07,2861.2,222986,5.66769e-07,3238.27,259510,9.45053e-07,3664.97,297540,4.25093e-07,4147.81,335497,-3.58506e-07,4694.17,371444,-6.7724e-07,5312.37,403256,1.67192e-07,1.61744,3.89446,9.84394,3.28846,7.5504,12.774,5.07607,11.7187,13.6844,7.03202,16.8147,13.9681,9.20215,23.1769,14.0566,11.6301,31.1672,14.0841,14.3598,41.2186,14.0927,17.4376,53.8688,14.0954,20.9137,69.7915,14.0962,24.8432,89.8341,14.0965,29.2879,115.063,14.0966,34.3168,146.819,14.0966,40.0078,186.792,14.0966,46.4487,237.107,14.0966,53.7388,300.44,14.0966,61.9903,380.158,14.0966,71.3301,480.499,14.0966,81.902,606.796,14.0966,93.8685,765.761,14.0966,107.414,965.837,14.0966,122.746,1217.65,14.0966,140.101,1534.57,14.0966,159.745,1933.41,14.0966,181.981,2435.3,14.0966,207.15,3066.85,14.0966,235.64,3861.46,14.0966,267.889,4861.11,14.0966,304.391,6118.54,14.0966,345.709,7699.91,14.0966,392.478,9688.22,14.0966,445.417,12187.5,14.0966,505.339,15327.7,14.0966,573.165,19271.6,14.0966,649.938,24222,14.0966,736.839,30430.9,14.0966,835.202,38211.5,14.0966,946.539,47950.3,14.0966,1072.56,60122.8,14.0966,1215.21,75309.9,14.0966,1376.66,94216.2,14.0966,1559.41,117688,14.0966,1766.26,146729,14.0966,2000.39,182510,14.0966,2265.39,226372,14.0966,2565.33,279806,14.0966,2904.81,344416,14.0966,3289.05,421845,14.0966,3723.93,513667,14.0966,4216.13,621231,14.0966,4773.18,745478,14.0966,5403.64,886744,14.0966,6117.15,1.04457e+06,14.0966,6924.63,1.2176e+06,14.0966,11.7194,11.96,12.6541,13.9321,16.1295,13.6434,16.6097,21.9702,13.9553,19.7532,29.5285,14.0526,23.3844,39.1143,14.0829,27.5423,51.2054,14.0923,32.2796,66.434,14.0953,37.662,85.6061,14.0962,43.7675,109.74,14.0965,50.687,140.119,14.0966,58.5249,178.359,14.0966,67.4005,226.493,14.0966,77.4493,287.08,14.0966,88.8254,363.343,14.0966,101.703,459.336,14.0966,116.281,580.161,14.0966,132.782,732.241,14.0966,151.46,923.655,14.0966,172.603,1164.57,14.0966,196.535,1467.79,14.0966,223.625,1849.39,14.0966,254.288,2329.62,14.0966,288.997,2933.93,14.0966,328.285,3694.33,14.0966,372.755,4651.04,14.0966,423.092,5854.57,14.0966,480.07,7368.38,14.0966,544.564,9272.08,14.0966,617.566,11665.5,14.0966,700.197,14673.6,14.0966,793.729,18452.9,14.0966,899.599,23198.6,14.0966,1019.43,29154.1,14.0966,1155.07,36622.3,14.0966,1308.6,45977.9,14.0966,1482.39,57683.7,14.0966,1679.09,72307.8,14.0966,1901.73,90542.8,14.0966,2153.73,113226,14.0966,2438.97,141360,14.0966,2761.81,176127,14.0966,3127.22,218898,14.0966,3540.81,271226,14.0966,4008.92,334817,14.0966,4538.74,411470,14.0966,5138.38,502973,14.0966,5817.04,610948,14.0966,6585.12,736653,14.0966,7454.39,880741,14.0966,8438.15,1.04302e+06,14.0966,9551.45,1.22224e+06,14.0966,10811.3,1.41602e+06,14.0966,12237,1.62086e+06,14.0966,11.7194,11.96,12.6541,2.21263,4.16949,0.989383,2.67766,5.84076,0.311842,3.14343,7.55825,0.0972771,3.63127,9.58578,0.0303237,4.15787,12.0912,0.00945211,4.73731,15.2286,0.00294633,5.38238,19.1721,0.000918508,6.10553,24.134,0.000286163,6.91951,30.3791,8.92692e-05,7.83792,38.2397,2.78121e-05,8.87555,48.1338,8.65134e-06,10.0489,60.5876,2.7882e-06,11.3761,76.2629,8.29036e-07,12.8779,95.9927,2.4373e-07,14.5775,120.825,4.33068e-09,16.5012,152.08,1.75749e-07,18.6784,191.415,-1.86328e-07,21.1428,240.917,1.91829e-07,23.9322,303.213,-1.81475e-07,27.0895,381.602,7.0186e-08,30.6634,480.231,-2.86769e-08,34.7087,604.316,2.40784e-07,39.2876,760.401,9.87368e-08,44.4705,956.705,1.22263e-07,50.3371,1203.54,-4.31966e-07,56.9776,1513.81,-1.9705e-07,64.494,1903.69,-2.763e-08,73.0018,2393.4,3.9185e-07,82.6317,3008.13,1.35379e-07,93.5318,3779.25,-4.16351e-08,105.869,4745.7,2.06965e-08,119.834,5955.6,-3.18887e-07,135.641,7468.12,-1.48271e-08,153.531,9355.62,2.00739e-07,173.781,11705.8,2.28358e-07,196.701,14624.1,-1.93587e-08,222.642,18235,-2.88101e-07,252.003,22683.4,-2.24732e-07,285.234,28134,8.56806e-09,322.845,34767,2.34258e-07,365.413,42770.9,2.99668e-07,413.588,52327.9,8.28644e-08,468.111,63591.2,-3.07049e-07,529.814,76653.2,-3.1888e-07,599.642,91502.5,-6.72276e-08,678.662,107975,2.26339e-07,768.083,125705,3.69212e-07,869.267,144088,2.04077e-07,983.76,162277,-2.80509e-07,1113.3,179223,-4.22737e-07,1259.87,193777,-1.71951e-07,1425.68,204839,4.55555e-07,11.7194,11.96,12.6541,2.21263,4.16949,0.989383,2.67766,5.84076,0.311842,3.14343,7.55825,0.0972771,3.63127,9.58578,0.0303237,4.15787,12.0912,0.00945211,4.73731,15.2286,0.00294633,5.38238,19.1721,0.000918508,6.10553,24.134,0.000286163,6.91951,30.3791,8.92692e-05,7.83792,38.2397,2.78121e-05,8.87555,48.1338,8.65134e-06,10.0489,60.5876,2.7882e-06,11.3761,76.2629,8.29036e-07,12.8779,95.9927,2.4373e-07,14.5775,120.825,1e-08,16.5012,152.08,1.75749e-07,18.6784,191.415,1e-08,21.1428,240.917,1.91829e-07,23.9322,303.213,1e-08,27.0895,381.602,7.0186e-08,30.6634,480.231,1e-08,34.7087,604.316,2.40784e-07,39.2876,760.401,9.87368e-08,44.4705,956.705,1.22263e-07,50.3371,1203.54,1e-08,56.9776,1513.81,1e-08,64.494,1903.69,1e-08,73.0018,2393.4,3.9185e-07,82.6317,3008.13,1.35379e-07,93.5318,3779.25,1e-08,105.869,4745.7,2.06965e-08,119.834,5955.6,1e-08,135.641,7468.12,1e-08,153.531,9355.62,2.00739e-07,173.781,11705.8,2.28358e-07,196.701,14624.1,1e-08,222.642,18235,1e-08,252.003,22683.4,1e-08,285.234,28134,1e-08,322.845,34767,2.34258e-07,365.413,42770.9,2.99668e-07,413.588,52327.9,8.28644e-08,468.111,63591.2,1e-08,529.814,76653.2,1e-08,599.642,91502.5,1e-08,678.662,107975,2.26339e-07,768.083,125705,3.69212e-07,869.267,144088,2.04077e-07,983.76,162277,1e-08,1113.3,179223,1e-08,1259.87,193777,1e-08,1425.68,204839,4.55555e-07,6.2823,3.27286,2.43537,0.219672,6.18826,2.24117,0.56371,6.87772,2.63624,0.308279,5,19,17,1,5,2,1,7,0,1,5,0,6,9,0,4,6,0,15,22,0,11,9,0,9,26,0,2,31,0,7,56,0,3,34,0,13,79,0,7,46,0,8,58,0,31,141,0,38,136,0,7,193,0,23,67,0,45,240,0,20,334,0,35,367,0,51,481,0,7,518,0,21,691,0,43,572,0,81,1436,0,44,1357,0,54,3828,0,114,7278,0,82,4657,0,87,9252,0,79,5197,0,79,8339,0,133,10287,0,293,9814,0,209,9034,0,205,20314,0,194,14706,0,186,15752,0,427,31973,0,179,23970,0,462,28425,0,759,133001,0,590,104229,0,487,85446,0,507,127732,0,989,92546,0,634,107876,0,605,240807,0,1263,167191,0,798,144017,0,907,125908,0
-1.05176e+08,1,8.88811e-15,10,1023,0,1.05176e+08,0.528882,1.08665,0.389689,0.145397,0.379329,3.24381,0.161596,0.446195,1.77396,0.159177,1.15e+07,4.49998e+06,6.79999e+06,1.15e+07,4.49997e+06,6.79999e+06,1.15e+07,4.49996e+06,6.79999e+06,1.15e+07,4.49995e+06,6.79999e+06,1.14999e+07,4.49993e+06,6.79999e+06,1.14999e+07,4.49991e+06,6.79999e+06,1.14999e+07,4.49989e+06,6.79999e+06,1.14999e+07,4.49986e+06,6.79999e+06,1.14999e+07,4.49982e+06,6.79999e+06,1.14999e+07,4.49977e+06,6.79999e+06,1.14999e+07,4.49971e+06,6.79999e+06,1.14999e+07,4.49963e+06,6.79999e+06,1.14998e+07,4.49953e+06,6.79999e+06,1.14998e+07,4.49941e+06,6.79999e+06,1.14998e+07,4.49926e+06,6.79999e+06,1.14998e+07,4.49906e+06,6.79999e+06,1.14997e+07,4.49882e+06,6.79999e+06,1.14997e+07,4.49851e+06,6.79999e+06,1.14997e+07,4.49812e+06,6.79999e+06,1.14996e+07,4.49764e+06,6.79999e+06,1.14996e+07,4.49702e+06,6.79999e+06,1.14995e+07,4.49625e+06,6.79999e+06,1.14995e+07,4.49528e+06,6.79999e+06,1.14994e+07,4.49406e+06,6.79999e+06,1.14993e+07,4.49253e+06,6.79999e+06,1.14992e+07,4.49059e+06,6.79999e+06,1.14991e+07,4.48817e+06,6.79999e+06,1.1499e+07,4.48511e+06,6.79999e+06,1.14988e+07,4.48128e+06,6.79999e+06,1.14987e+07,4.47646e+06,6.79999e+06,1.14985e+07,4.47041e+06,6.79999e+06,1.14983e+07,4.46281e+06,6.79999e+06,1.14981e+07,4.4533e+06,6.79999e+06,1.14979e+07,4.44138e+06,6.79999e+06,1.14976e+07,4.42649e+06,6.79999e+06,1.14972e+07,4.40789e+06,6.79999e+06,1.14969e+07,4.38471e+06,6.79999e+06,1.14965e+07,4.35592e+06,6.79999e+06,1.1496e+07,4.32027e+06,6.79999e+06,1.14955e+07,4.27629e+06,6.79999e+06,1.14949e+07,4.22231e+06,6.79999e+06,1.14942e+07,4.15647e+06,6.79999e+06,1.14934e+07,4.07676e+06,6.79999e+06,1.14926e+07,3.98112e+06,6.79999e+06,1.14916e+07,3.86765e+06,6.79999e+06,1.14905e+07,3.73474e+06,6.79999e+06,1.14892e+07,3.58148e+06,6.79999e+06,1.14878e+07,3.40785e+06,6.79999e+06,1.14862e+07,3.21513e+06,6.79999e+06,1.14844e+07,3.00605e+06,6.79999e+06,1.14823e+07,2.7848e+06,6.79999e+06,1.148e+07,2.5568e+06,6.79999e+06,1.14773e+07,2.32825e+06,6.79999e+06,13.5742,8.52444,0.508366,16.8306,13.2585,0.162638,20.0035,17.569,0.0507846,23.2616,22.4214,0.0158319,26.7328,28.3297,0.00493498,30.5212,35.6974,0.00153831,34.7178,44.9473,0.000479527,39.4086,56.5822,0.000149456,44.6796,71.2245,4.66214e-05,50.6209,89.6543,1.45419e-05,57.3297,112.852,4.54748e-06,64.9129,142.051,1.43857e-06,73.4897,178.803,4.36618e-07,83.1934,225.062,1.40153e-07,94.1745,283.286,4.96378e-08,106.602,356.568,1.05434e-07,120.669,448.799,-6.49244e-08,136.59,564.873,1.70148e-07,154.611,710.948,-5.34594e-08,175.008,894.767,1.63407e-07,198.097,1126.06,8.04804e-08,224.231,1417.07,1.14667e-07,253.813,1783.15,-1.71227e-07,287.297,2243.62,-2.88466e-07,325.198,2822.67,-4.33651e-07,368.098,3550.67,7.9318e-08,416.657,4465.65,3.13319e-07,471.621,5615.16,3.4613e-07,533.835,7058.61,-1.19199e-07,604.255,8870.02,-2.79964e-07,683.962,11141.4,-2.30521e-07,774.182,13986.7,-2.55099e-07,876.299,17546.4,1.23585e-07,991.883,21993.1,1.41192e-07,1122.71,27536.7,-9.71886e-08,1270.78,34430.7,-3.68368e-07,1438.38,42977.7,-3.45379e-07,1628.07,53532.7,-3.25328e-09,1842.77,66504.6,2.6362e-07,2085.77,82350.2,2.53445e-07,2360.79,101560,-2.47407e-08,2672.05,124632,-3.80602e-07,3024.31,152018,-4.79005e-07,3422.98,184060,-1.14379e-07,3874.15,220884,2.64297e-07,4384.72,262283,3.44131e-07,4962.49,307576,7.5349e-08,5616.29,355497,-3.63097e-07,6356.1,404126,-6.05442e-07,7193.18,450932,-2.72333e-07,8140.28,492963,2.29675e-07,9211.79,527178,4.3387e-07,10424,550893,-1.0711e-07,10.102,8.06553,2.81012,10.6436,8.57909,0.869423,11.5336,10.2515,0.270869,12.7211,12.7138,0.0844293,14.1823,15.9373,0.0263173,15.9122,20.0383,0.0082035,17.9198,25.2154,0.00255722,20.2244,31.7373,0.000797017,22.8539,39.9486,0.000248622,25.8438,50.2851,7.75492e-05,29.237,63.2963,2.42508e-05,33.0837,79.6738,7.67162e-06,37.4415,100.288,2.32837e-06,42.3767,126.236,7.33e-07,47.9646,158.896,2.79256e-07,54.2906,200.003,9.87351e-09,61.452,251.741,1.61085e-07,69.5585,316.859,-2.47141e-07,78.7347,398.812,8.93552e-08,89.1218,501.948,-2.53231e-07,100.879,631.736,-1.25047e-07,114.188,795.049,-1.78808e-07,129.252,1000.53,2.6733e-07,146.304,1259.03,4.50292e-07,165.605,1584.19,6.76904e-07,187.452,1993.12,-1.23808e-07,212.181,2507.27,-4.89068e-07,240.173,3153.54,-5.40284e-07,271.856,3965.56,1.86061e-07,307.719,4985.38,4.37004e-07,348.313,6265.4,3.59828e-07,394.26,7870.83,3.98192e-07,446.268,9882.51,-1.92908e-07,505.135,12400.3,-2.20392e-07,571.766,15546.9,1.51705e-07,647.184,19472.2,5.74996e-07,732.547,24357.4,5.39112e-07,829.167,30420,5.07815e-09,938.526,37916.3,-4.11492e-07,1062.3,47143.9,-3.9561e-07,1202.4,58439.2,3.86185e-08,1360.96,72169.3,5.94093e-07,1540.42,88715.8,7.47693e-07,1743.53,108445,1.78537e-07,1973.41,131665,-4.12549e-07,2233.57,158557,-5.37164e-07,2528,189103,-1.17615e-07,2861.2,222986,5.66769e-07,3238.27,259510,9.45053e-07,3664.97,297540,4.25093e-07,4147.81,335497,-3.58506e-07,4694.17,371444,-6.7724e-07,5312.37,403256,1.67192e-07,1.61744,3.89446,9.84394,3.28846,7.5504,12.774,5.07607,11.7187,13.6844,7.03202,16.8147,13.9681,9.20215,23.1769,14.0566,11.6301,31.1672,14.0841,14.3598,41.2186,14.0927,17.4376,53.8688,14.0954,20.9137,69.7915,14.0962,24.8432,89.8341,14.0965,29.2879,115.063,14.0966,34.3168,146.819,14.0966,40.0078,186.792,14.0966,46.4487,237.107,14.0966,53.7388,300.44,14.0966,61.9903,380.158,14.0966,71.3301,480.499,14.0966,81.902,606.796,14.0966,93.8685,765.761,14.0966,107.414,965.837,14.0966,122.746,1217.65,14.0966,140.101,1534.57,14.0966,159.745,1933.41,14.0966,181.981,2435.3,14.0966,207.15,3066.85,14.0966,235.64,3861.46,14.0966,267.889,4861.11,14.0966,304.391,6118.54,14.0966,345.709,7699.91,14.0966,392.478,9688.22,14.0966,445.417,12187.5,14.0966,505.339,15327.7,14.0966,573.165,19271.6,14.0966,649.938,24222,14.0966,736.839,30430.9,14.0966,835.202,38211.5,14.0966,946.539,47950.3,14.0966,1072.56,60122.8,14.0966,1215.21,75309.9,14.0966,1376.66,94216.2,14.0966,1559.41,117688,14.0966,1766.26,146729,14.0966,2000.39,182510,14.0966,2265.39,226372,14.0966,2565.33,279806,14.0966,2904.81,344416,14.0966,3289.05,421845,14.0966,3723.93,513667,14.0966,4216.13,621231,14.0966,4773.18,745478,14.0966,5403.64,886744,14.0966,6117.15,1.04457e+06,14.0966,6924.63,1.2176e+06,14.0966,11.7194,11.96,12.6541,13.9321,16.1295,13.6434,16.6097,21.9702,13.9553,19.7532,29.5285,14.0526,23.3844,39.1143,14.0829,27.5423,51.2054,14.0923,32.2796,66.434,14.0953,37.662,85.6061,14.0962,43.7675,109.74,14.0965,50.687,140.119,14.0966,58.5249,178.359,14.0966,67.4005,226.493,14.0966,77.4493,287.08,14.0966,88.8254,363.343,14.0966,101.703,459.336,14.0966,116.281,580.161,14.0966,132.782,732.241,14.0966,151.46,923.655,14.0966,172.603,1164.57,14.0966,196.535,1467.79,14.0966,223.625,1849.39,14.0966,254.288,2329.62,14.0966,288.997,2933.93,14.0966,328.285,3694.33,14.0966,372.755,4651.04,14.0966,423.092,5854.57,14.0966,480.07,7368.38,14.0966,544.564,9272.08,14.0966,617.566,11665.5,14.0966,700.197,14673.6,14.0966,793.729,18452.9,14.0966,899.599,23198.6,14.0966,1019.43,29154.1,14.0966,1155.07,36622.3,14.0966,1308.6,45977.9,14.0966,1482.39,57683.7,14.0966,1679.09,72307.8,14.0966,1901.73,90542.8,14.0966,2153.73,113226,14.0966,2438.97,141360,14.0966,2761.81,176127,14.0966,3127.22,218898,14.0966,3540.81,271226,14.0966,4008.92,334817,14.0966,4538.74,411470,14.0966,5138.38,502973,14.0966,5817.04,610948,14.0966,6585.12,736653,14.0966,7454.39,880741,14.0966,8438.15,1.04302e+06,14.0966,9551.45,1.22224e+06,14.0966,10811.3,1.41602e+06,14.0966,12237,1.62086e+06,14.0966,11.7194,11.96,12.6541,2.21263,4.16949,0.989383,2.67766,5.84076,0.311842,3.14343,7.55825,0.0972771,3.63127,9.58578,0.0303237,4.15787,12.0912,0.00945211,4.73731,15.2286,0.00294633,5.38238,19.1721,0.000918508,6.10553,24.134,0.000286163,6.91951,30.3791,8.92692e-05,7.83792,38.2397,2.78121e-05,8.87555,48.1338,8.65134e-06,10.0489,60.5876,2.7882e-06,11.3761,76.2629,8.29036e-07,12.8779,95.9927,2.4373e-07,14.5775,120.825,4.33068e-09,16.5012,152.08,1.75749e-07,18.6784,191.415,-1.86328e-07,21.1428,240.917,1.91829e-07,23.9322,303.213,-1.81475e-07,27.0895,381.602,7.0186e-08,30.6634,480.231,-2.86769e-08,34.7087,604.316,2.40784e-07,39.2876,760.401,9.87368e-08,44.4705,956.705,1.22263e-07,50.3371,1203.54,-4.31966e-07,56.9776,1513.81,-1.9705e-07,64.494,1903.69,-2.763e-08,73.0018,2393.4,3.9185e-07,82.6317,3008.13,1.35379e-07,93.5318,3779.25,-4.16351e-08,105.869,4745.7,2.06965e-08,119.834,5955.6,-3.18887e-07,135.641,7468.12,-1.48271e-08,153.531,9355.62,2.00739e-07,173.781,11705.8,2.28358e-07,196.701,14624.1,-1.93587e-08,222.642,18235,-2.88101e-07,252.003,22683.4,-2.24732e-07,285.234,28134,8.56806e-09,322.845,34767,2.34258e-07,365.413,42770.9,2.99668e-07,413.588,52327.9,8.28644e-08,468.111,63591.2,-3.07049e-07,529.814,76653.2,-3.1888e-07,599.642,91502.5,-6.72276e-08,678.662,107975,2.26339e-07,768.083,125705,3.69212e-07,869.267,144088,2.04077e-07,983.76,162277,-2.80509e-07,1113.3,179223,-4.22737e-07,1259.87,193777,-1.71951e-07,1425.68,204839,4.55555e-07,11.7194,11.96,12.6541,2.21263,4.16949,0.989383,2.67766,5.84076,0.311842,3.14343,7.55825,0.0972771,3.63127,9.58578,0.0303237,4.15787,12.0912,0.00945211,4.73731,15.2286,0.00294633,5.38238,19.1721,0.000918508,6.10553,24.134,0.000286163,6.91951,30.3791,8.92692e-05,7.83792,38.2397,2.78121e-05,8.87555,48.1338,8.65134e-06,10.0489,60.5876,2.7882e-06,11.3761,76.2629,8.29036e-07,12.8779,95.9927,2.4373e-07,14.5775,120.825,1e-08,16.5012,152.08,1.75749e-07,18.6784,191.415,1e-08,21.1428,240.917,1.91829e-07,23.9322,303.213,1e-08,27.0895,381.602,7.0186e-08,30.6634,480.231,1e-08,34.7087,604.316,2.40784e-07,39.2876,760.401,9.87368e-08,44.4705,956.705,1.22263e-07,50.3371,1203.54,1e-08,56.9776,1513.81,1e-08,64.494,1903.69,1e-08,73.0018,2393.4,3.9185e-07,82.6317,3008.13,1.35379e-07,93.5318,3779.25,1e-08,105.869,4745.7,2.06965e-08,119.834,5955.6,1e-08,135.641,7468.12,1e-08,153.531,9355.62,2.00739e-07,173.781,11705.8,2.28358e-07,196.701,14624.1,1e-08,222.642,18235,1e-08,252.003,22683.4,1e-08,285.234,28134,1e-08,322.845,34767,2.34258e-07,365.413,42770.9,2.99668e-07,413.588,52327.9,8.28644e-08,468.111,63591.2,1e-08,529.814,76653.2,1e-08,599.642,91502.5,1e-08,678.662,107975,2.26339e-07,768.083,125705,3.69212e-07,869.267,144088,2.04077e-07,983.76,162277,1e-08,1113.3,179223,1e-08,1259.87,193777,1e-08,1425.68,204839,4.55555e-07,6.2823,3.27286,2.43537,0.219672,6.18826,2.24117,0.56371,6.87772,2.63624,0.308279,11,11,6,1,8,1,0,5,0,4,7,0,4,8,0,4,16,0,2,19,0,3,24,0,4,17,0,8,30,0,5,31,0,12,56,0,1,51,0,10,167,0,13,164,0,8,186,0,19,186,0,16,214,0,14,234,0,9,191,0,49,225,0,14,402,0,47,586,0,46,632,0,26,706,0,20,796,0,58,1406,0,60,3002,0,110,3574,0,71,3321,0,61,1742,0,93,6413,0,161,3875,0,139,3814,0,102,15169,0,310,9759,0,67,13449,0,433,30602,0,260,7298,0,237,28734,0,292,59337,0,523,52875,0,493,64359,0,492,79049,0,561,91285,0,731,39719,0,529,51619,0,1288,151392,0,774,245417,0,1116,198511,0,1447,147636,0,1027,99109,0,1820,312069,0
-1.05176e+08,1,8.88811e-15,10,1023,0,1.05176e+08,0.528882,1.08665,0.389689,0.145397,0.379329,3.24381,0.161596,0.446195,1.77396,0.159177,1.15e+07,4.49998e+06,6.79999e+06,1.15e+07,4.49997e+06,6.79999e+06,1.15e+07,4.49996e+06,6.79999e+06,1.15e+07,4.49995e+06,6.79999e+06,1.14999e+07,4.49993e+06,6.79999e+06,1.14999e+07,4.49991e+06,6.79999e+06,1.14999e+07,4.49989e+06,6.79999e+06,1.14999e+07,4.49986e+06,6.79999e+06,1.14999e+07,4.49982e+06,6.79999e+06,1.14999e+07,4.49977e+06,6.79999e+06,1.14999e+07,4.49971e+06,6.79999e+06,1.14999e+07,4.49963e+06,6.79999e+06,1.14998e+07,4.49953e+06,6.79999e+06,1.14998e+07,4.49941e+06,6.79999e+06,1.14998e+07,4.49926e+06,6.79999e+06,1.14998e+07,4.49906e+06,6.79999e+06,1.14997e+07,4.49882e+06,6.79999e+06,1.14997e+07,4.49851e+06,6.79999e+06,1.14997e+07,4.49812e+06,6.79999e+06,1.14996e+07,4.49764e+06,6.79999e+06,1.14996e+07,4.49702e+06,6.79999e+06,1.14995e+07,4.49625e+06,6.79999e+06,1.14995e+07,4.49528e+06,6.79999e+06,1.14994e+07,4.49406e+06,6.79999e+06,1.14993e+07,4.49253e+06,6.79999e+06,1.14992e+07,4.49059e+06,6.79999e+06,1.14991e+07,4.48817e+06,6.79999e+06,1.1499e+07,4.48511e+06,6.79999e+06,1.14988e+07,4.48128e+06,6.79999e+06,1.14987e+07,4.47646e+06,6.79999e+06,1.14985e+07,4.47041e+06,6.79999e+06,1.14983e+07,4.46281e+06,6.79999e+06,1.14981e+07,4.4533e+06,6.79999e+06,1.14979e+07,4.44138e+06,6.79999e+06,1.14976e+07,4.42649e+06,6.79999e+06,1.14972e+07,4.40789e+06,6.79999e+06,1.14969e+07,4.38471e+06,6.79999e+06,1.14965e+07,4.35592e+06,6.79999e+06,1.1496e+07,4.32027e+06,6.79999e+06,1.14955e+07,4.27629e+06,6.79999e+06,1.14949e+07,4.22231e+06,6.79999e+06,1.14942e+07,4.15647e+06,6.79999e+06,1.14934e+07,4.07676e+06,6.79999e+06,1.14926e+07,3.98112e+06,6.79999e+06,1.14916e+07,3.86765e+06,6.79999e+06,1.14905e+07,3.73474e+06,6.79999e+06,1.14892e+07,3.58148e+06,6.79999e+06,1.14878e+07,3.40785e+06,6.79999e+06,1.14862e+07,3.21513e+06,6.79999e+06,1.14844e+07,3.00605e+06,6.79999e+06,1.14823e+07,2.7848e+06,6.79999e+06,1.148e+07,2.5568e+06,6.79999e+06,1.14773e+07,2.32825e+06,6.79999e+06,13.5742,8.52444,0.508366,16.8306,13.2585,0.162638,20.0035,17.569,0.0507846,23.2616,22.4214,0.0158319,26.7328,28.3297,0.00493498,30.5212,35.6974,0.00153831,34.7178,44.9473,0.000479527,39.4086,56.5822,0.000149456,44.6796,71.2245,4.66214e-05,50.6209,89.6543,1.45419e-05,57.3297,112.852,4.54748e-06,64.9129,142.051,1.43857e-06,73.4897,178.803,4.36618e-07,83.1934,225.062,1.40153e-07,94.1745,283.286,4.96378e-08,106.602,356.568,1.05434e-07,120.669,448.799,-6.49244e-08,136.59,564.873,1.70148e-07,154.611,710.948,-5.34594e-08,175.008,894.767,1.63407e-07,198.097,1126.06,8.04804e-08,224.231,1417.07,1.14667e-07,253.813,1783.15,-1.71227e-07,287.297,2243.62,-2.88466e-07,325.198,2822.67,-4.33651e-07,368.098,3550.67,7.9318e-08,416.657,4465.65,3.13319e-07,471.621,5615.16,3.4613e-07,533.835,7058.61,-1.19199e-07,604.255,8870.02,-2.79964e-07,683.962,11141.4,-2.30521e-07,774.182,13986.7,-2.55099e-07,876.299,17546.4,1.23585e-07,991.883,21993.1,1.41192e-07,1122.71,27536.7,-9.71886e-08,1270.78,34430.7,-3.68368e-07,1438.38,42977.7,-3.45379e-07,1628.07,53532.7,-3.25328e-09,1842.77,66504.6,2.6362e-07,2085.77,82350.2,2.53445e-07,2360.79,101560,-2.47407e-08,2672.05,124632,-3.80602e-07,3024.31,152018,-4.79005e-07,3422.98,184060,-1.14379e-07,3874.15,220884,2.64297e-07,4384.72,262283,3.44131e-07,4962.49,307576,7.5349e-08,5616.29,355497,-3.63097e-07,6356.1,404126,-6.05442e-07,7193.18,450932,-2.72333e-07,8140.28,492963,2.29675e-07,9211.79,527178,4.3387e-07,10424,550893,-1.0711e-07,10.102,8.06553,2.81012,10.6436,8.57909,0.869423,11.5336,10.2515,0.270869,12.7211,12.7138,0.0844293,14.1823,15.9373,0.0263173,15.9122,20.0383,0.0082035,17.9198,25.2154,0.00255722,20.2244,31.7373,0.000797017,22.8539,39.9486,0.000248622,25.8438,50.2851,7.75492e-05,29.237,63.2963,2.42508e-05,33.0837,79.6738,7.67162e-06,37.4415,100.288,2.32837e-06,42.3767,126.236,7.33e-07,47.9646,158.896,2.79256e-07,54.2906,200.003,9.87351e-09,61.452,251.741,1.61085e-07,69.5585,316.859,-2.47141e-07,78.7347,398.812,8.93552e-08,89.1218,501.948,-2.53231e-07,100.879,631.736,-1.25047e-07,114.188,795.049,-1.78808e-07,129.252,1000.53,2.6733e-07,146.304,1259.03,4.50292e-07,165.605,1584.19,6.76904e-07,187.452,1993.12,-1.23808e-07,212.181,2507.27,-4.89068e-07,240.173,3153.54,-5.40284e-07,271.856,3965.56,1.86061e-07,307.719,4985.38,4.37004e-07,348.313,6265.4,3.59828e-07,394.26,7870.83,3.98192e-07,446.268,9882.51,-1.92908e-07,505.135,12400.3,-2.20392e-07,571.766,15546.9,1.51705e-07,647.184,19472.2,5.74996e-07,732.547,24357.4,5.39112e-07,829.167,30420,5.07815e-09,938.526,37916.3,-4.11492e-07,1062.3,47143.9,-3.9561e-07,1202.4,58439.2,3.86185e-08,1360.96,72169.3,5.94093e-07,1540.42,88715.8,7.47693e-07,1743.53,108445,1.78537e-07,1973.41,131665,-4.12549e-07,2233.57,158557,-5.37164e-07,2528,189103,-1.17615e-07,2861.2,222986,5.66769e-07,3238.27,259510,9.45053e-07,3664.97,297540,4.25093e-07,4147.81,335497,-3.58506e-07,4694.17,371444,-6.7724e-07,5312.37,403256,1.67192e-07,1.61744,3.89446,9.84394,3.28846,7.5504,12.774,5.07607,11.7187,13.6844,7.03202,16.8147,13.9681,9.20215,23.1769,14.0566,11.6301,31.1672,14.0841,14.3598,41.2186,14.0927,17.4376,53.8688,14.0954,20.9137,69.7915,14.0962,24.8432,89.8341,14.0965,29.2879,115.063,14.0966,34.3168,146.819,14.0966,40.0078,186.792,14.0966,46.4487,237.107,14.0966,53.7388,300.44,14.0966,61.9903,380.158,14.0966,71.3301,480.499,14.0966,81.902,606.796,14.0966,93.8685,765.761,14.0966,107.414,965.837,14.0966,122.746,1217.65,14.0966,140.101,1534.57,14.0966,159.745,1933.41,14.0966,181.981,2435.3,14.0966,207.15,3066.85,14.0966,235.64,3861.46,14.0966,267.889,4861.11,14.0966,304.391,6118.54,14.0966,345.709,7699.91,14.0966,392.478,9688.22,14.0966,445.417,12187.5,14.0966,505.339,15327.7,14.0966,573.165,19271.6,14.0966,649.938,24222,14.0966,736.839,30430.9,14.0966,835.202,38211.5,14.0966,946.539,47950.3,14.0966,1072.56,60122.8,14.0966,1215.21,75309.9,14.0966,1376.66,94216.2,14.0966,1559.41,117688,14.0966,1766.26,146729,14.0966,2000.39,182510,14.0966,2265.39,226372,14.0966,2565.33,279806,14.0966,2904.81,344416,14.0966,3289.05,421845,14.0966,3723.93,513667,14.0966,4216.13,621231,14.0966,4773.18,745478,14.0966,5403.64,886744,14.0966,6117.15,1.04457e+06,14.0966,6924.63,1.2176e+06,14.0966,11.7194,11.96,12.6541,13.9321,16.1295,13.6434,16.6097,21.9702,13.9553,19.7532,29.5285,14.0526,23.3844,39.1143,14.0829,27.5423,51.2054,14.0923,32.2796,66.434,14.0953,37.662,85.6061,14.0962,43.7675,109.74,14.0965,50.687,140.119,14.0966,58.5249,178.359,14.0966,67.4005,226.493,14.0966,77.4493,287.08,14.0966,88.8254,363.343,14.0966,101.703,459.336,14.0966,116.281,580.161,14.0966,132.782,732.241,14.0966,151.46,923.655,14.0966,172.603,1164.57,14.0966,196.535,1467.79,14.0966,223.625,1849.39,14.0966,254.288,2329.62,14.0966,288.997,2933.93,14.0966,328.285,3694.33,14.0966,372.755,4651.04,14.0966,423.092,5854.57,14.0966,480.07,7368.38,14.0966,544.564,9272.08,14.0966,617.566,11665.5,14.0966,700.197,14673.6,14.0966,793.729,18452.9,14.0966,899.599,23198.6,14.0966,1019.43,29154.1,14.0966,1155.07,36622.3,14.0966,1308.6,45977.9,14.0966,1482.39,57683.7,14.0966,1679.09,72307.8,14.0966,1901.73,90542.8,14.0966,2153.73,113226,14.0966,2438.97,141360,14.0966,2761.81,176127,14.0966,3127.22,218898,14.0966,3540.81,271226,14.0966,4008.92,334817,14.0966,4538.74,411470,14.0966,5138.38,502973,14.0966,5817.04,610948,14.0966,6585.12,736653,14.0966,7454.39,880741,14.0966,8438.15,1.04302e+06,14.0966,9551.45,1.22224e+06,14.0966,10811.3,1.41602e+06,14.0966,12237,1.62086e+06,14.0966,11.7194,11.96,12.6541,2.21263,4.16949,0.989383,2.67766,5.84076,0.311842,3.14343,7.55825,0.0972771,3.63127,9.58578,0.0303237,4.15787,12.0912,0.00945211,4.73731,15.2286,0.00294633,5.38238,19.1721,0.000918508,6.10553,24.134,0.000286163,6.91951,30.3791,8.92692e-05,7.83792,38.2397,2.78121e-05,8.87555,48.1338,8.65134e-06,10.0489,60.5876,2.7882e-06,11.3761,76.2629,8.29036e-07,12.8779,95.9927,2.4373e-07,14.5775,120.825,4.33068e-09,16.5012,152.08,1.75749e-07,18.6784,191.415,-1.86328e-07,21.1428,240.917,1.91829e-07,23.9322,303.213,-1.81475e-07,27.0895,381.602,7.0186e-08,30.6634,480.231,-2.86769e-08,34.7087,604.316,2.40784e-07,39.2876,760.401,9.87368e-08,44.4705,956.705,1.22263e-07,50.3371,1203.54,-4.31966e-07,56.9776,1513.81,-1.9705e-07,64.494,1903.69,-2.763e-08,73.0018,2393.4,3.9185e-07,82.6317,3008.13,1.35379e-07,93.5318,3779.25,-4.16351e-08,105.869,4745.7,2.06965e-08,119.834,5955.6,-3.18887e-07,135.641,7468.12,-1.48271e-08,153.531,9355.62,2.00739e-07,173.781,11705.8,2.28358e-07,196.701,14624.1,-1.93587e-08,222.642,18235,-2.88101e-07,252.003,22683.4,-2.24732e-07,285.234,28134,8.56806e-09,322.845,34767,2.34258e-07,365.413,42770.9,2.99668e-07,413.588,52327.9,8.28644e-08,468.111,63591.2,-3.07049e-07,529.814,76653.2,-3.1888e-07,599.642,91502.5,-6.72276e-08,678.662,107975,2.26339e-07,768.083,125705,3.69212e-07,869.267,144088,2.04077e-07,983.76,162277,-2.80509e-07,1113.3,179223,-4.22737e-07,1259.87,193777,-1.71951e-07,1425.68,204839,4.55555e-07,11.7194,11.96,12.6541,2.21263,4.16949,0.989383,2.67766,5.84076,0.311842,3.14343,7.55825,0.0972771,3.63127,9.58578,0.0303237,4.15787,12.0912,0.00945211,4.73731,15.2286,0.00294633,5.38238,19.1721,0.000918508,6.10553,24.134,0.000286163,6.91951,30.3791,8.92692e-05,7.83792,38.2397,2.78121e-05,8.87555,48.1338,8.65134e-06,10.0489,60.5876,2.7882e-06,11.3761,76.2629,8.29036e-07,12.8779,95.9927,2.4373e-07,14.5775,120.825,1e-08,16.5012,152.08,1.75749e-07,18.6784,191.415,1e-08,21.1428,240.917,1.91829e-07,23.9322,303.213,1e-08,27.0895,381.602,7.0186e-08,30.6634,480.231,1e-08,34.7087,604.316,2.40784e-07,39.2876,760.401,9.87368e-08,44.4705,956.705,1.22263e-07,50.3371,1203.54,1e-08,56.9776,1513.81,1e-08,64.494,1903.69,1e-08,73.0018,2393.4,3.9185e-07,82.6317,3008.13,1.35379e-07,93.5318,3779.25,1e-08,105.869,4745.7,2.06965e-08,119.834,5955.6,1e-08,135.641,7468.12,1e-08,153.531,9355.62,2.00739e-07,173.781,11705.8,2.28358e-07,196.701,14624.1,1e-08,222.642,18235,1e-08,252.003,22683.4,1e-08,285.234,28134,1e-08,322.845,34767,2.34258e-07,365.413,42770.9,2.99668e-07,413.588,52327.9,8.28644e-08,468.111,63591.2,1e-08,529.814,76653.2,1e-08,599.642,91502.5,1e-08,678.662,107975,2.26339e-07,768.083,125705,3.69212e-07,869.267,144088,2.04077e-07,983.76,162277,1e-08,1113.3,179223,1e-08,1259.87,193777,1e-08,1425.68,204839,4.55555e-07,6.2823,3.27286,2.43537,0.219672,6.18826,2.24117,0.56371,6.87772,2.63624,0.308279,6,9,19,0,4,1,2,6,0,2,2,0,3,9,0,5,6,0,5,15,0,6,14,0,6,18,0,8,19,0,12,45,0,13,96,0,18,38,0,15,74,0,11,99,0,20,167,0,30,73,0,4,233,0,14,313,0,15,411,0,15,306,0,38,649,0,63,191,0,28,635,0,50,766,0,63,715,0,29,2205,0,85,2891,0,92,1078,0,128,1999,0,64,2332,0,56,3358,0,57,4302,0,60,6406,0,60,11908,0,55,7349,0,199,19074,0,226,12296,0,112,21041,0,252,36591,0,388,32524,0,822,33491,0,326,39945,0,602,63235,0,805,75264,0,550,99583,0,460,90236,0,343,169627,0,992,238062,0,493,88862,0,1218,127786,0,1287,202417,0,2103,93954,0
-1.05176e+08,7.86429e-46,8.88811e-15,10,1023,0,1.05176e+08,0.528882,1.08665,0.389689,0.145397,0.379329,3.24381,0.161596,0.446195,1.77396,0.159177,1.15e+07,4.49998e+06,6.79999e+06,1.15e+07,4.49997e+06,6.79999e+06,1.15e+07,4.49996e+06,6.79999e+06,1.15e+07,4.49995e+06,6.79999e+06,1.14999e+07,4.49993e+06,6.79999e+06,1.14999e+07,4.49991e+06,6.79999e+06,1.14999e+07,4.49989e+06,6.79999e+06,1.14999e+07,4.49986e+06,6.79999e+06,1.14999e+07,4.49982e+06,6.79999e+06,1.14999e+07,4.49977e+06,6.79999e+06,1.14999e+07,4.49971e+06,6.79999e+06,1.14999e+07,4.49963e+06,6.79999e+06,1.14998e+07,4.49953e+06,6.79999e+06,1.14998e+07,4.49941e+06,6.79999e+06,1.14998e+07,4.49926e+06,6.79999e+06,1.14998e+07,4.49906e+06,6.79999e+06,1.14997e+07,4.49882e+06,6.79999e+06,1.14997e+07,4.49851e+06,6.79999e+06,1.14997e+07,4.49812e+06,6.79999e+06,1.14996e+07,4.49764e+06,6.79999e+06,1.14996e+07,4.49702e+06,6.79999e+06,1.14995e+07,4.49625e+06,6.79999e+06,1.14995e+07,4.49528e+06,6.79999e+06,1.14994e+07,4.49406e+06,6.79999e+06,1.14993e+07,4.49253e+06,6.79999e+06,1.14992e+07,4.49059e+06,6.79999e+06,1.14991e+07,4.48817e+06,6.79999e+06,1.1499e+07,4.48511e+06,6.79999e+06,1.14988e+07,4.48128e+06,6.79999e+06,1.14987e+07,4.47646e+06,6.79999e+06,1.14985e+07,4.47041e+06,6.79999e+06,1.14983e+07,4.46281e+06,6.79999e+06,1.14981e+07,4.4533e+06,6.79999e+06,1.14979e+07,4.44138e+06,6.79999e+06,1.14976e+07,4.42649e+06,6.79999e+06,1.14972e+07,4.40789e+06,6.79999e+06,1.14969e+07,4.38471e+06,6.79999e+06,1.14965e+07,4.35592e+06,6.79999e+06,1.1496e+07,4.32027e+06,6.79999e+06,1.14955e+07,4.27629e+06,6.79999e+06,1.14949e+07,4.22231e+06,6.79999e+06,1.14942e+07,4.15647e+06,6.79999e+06,1.14934e+07,4.07676e+06,6.79999e+06,1.14926e+07,3.98112e+06,6.79999e+06,1.14916e+07,3.86765e+06,6.79999e+06,1.14905e+07,3.73474e+06,6.79999e+06,1.14892e+07,3.58148e+06,6.79999e+06,1.14878e+07,3.40785e+06,6.79999e+06,1.14862e+07,3.21513e+06,6.79999e+06,1.14844e+07,3.00605e+06,6.79999e+06,1.14823e+07,2.7848e+06,6.79999e+06,1.148e+07,2.5568e+06,6.79999e+06,1.14773e+07,2.32825e+06,6.79999e+06,13.5742,8.52444,0.508366,16.8306,13.2585,0.162638,20.0035,17.569,0.0507846,23.2616,22.4214,0.0158319,26.7328,28.3297,0.00493498,30.5212,35.6974,0.00153831,34.7178,44.9473,0.000479527,39.4086,56.5822,0.000149456,44.6796,71.2245,4.66214e-05,50.6209,89.6543,1.45419e-05,57.3297,112.852,4.54748e-06,64.9129,142.051,1.43857e-06,73.4897,178.803,4.36618e-07,83.1934,225.062,1.40153e-07,94.1745,283.286,4.96378e-08,106.602,356.568,1.05434e-07,120.669,448.799,-6.49244e-08,136.59,564.873,1.70148e-07,154.611,710.948,-5.34594e-08,175.008,894.767,1.63407e-07,198.097,1126.06,8.04804e-08,224.231,1417.07,1.14667e-07,253.813,1783.15,-1.71227e-07,287.297,2243.62,-2.88466e-07,325.198,2822.67,-4.33651e-07,368.098,3550.67,7.9318e-08,416.657,4465.65,3.13319e-07,471.621,5615.16,3.4613e-07,533.835,7058.61,-1.19199e-07,604.255,8870.02,-2.79964e-07,683.962,11141.4,-2.30521e-07,774.182,13986.7,-2.55099e-07,876.299,17546.4,1.23585e-07,991.883,21993.1,1.41192e-07,1122.71,27536.7,-9.71886e-08,1270.78,34430.7,-3.68368e-07,1438.38,42977.7,-3.45379e-07,1628.07,53532.7,-3.25328e-09,1842.77,66504.6,2.6362e-07,2085.77,82350.2,2.53445e-07,2360.79,101560,-2.47407e-08,2672.05,124632,-3.80602e-07,3024.31,152018,-4.79005e-07,3422.98,184060,-1.14379e-07,3874.15,220884,2.64297e-07,4384.72,262283,3.44131e-07,4962.49,307576,7.5349e-08,5616.29,355497,-3.63097e-07,6356.1,404126,-6.05442e-07,7193.18,450932,-2.72333e-07,8140.28,492963,2.29675e-07,9211.79,527178,4.3387e-07,10424,550893,-1.0711e-07,10.102,8.06553,2.81012,10.6436,8.57909,0.869423,11.5336,10.2515,0.270869,12.7211,12.7138,0.0844293,14.1823,15.9373,0.0263173,15.9122,20.0383,0.0082035,17.9198,25.2154,0.00255722,20.2244,31.7373,0.000797017,22.8539,39.9486,0.000248622,25.8438,50.2851,7.75492e-05,29.237,63.2963,2.42508e-05,33.0837,79.6738,7.67162e-06,37.4415,100.288,2.32837e-06,42.3767,126.236,7.33e-07,47.9646,158.896,2.79256e-07,54.2906,200.003,9.87351e-09,61.452,251.741,1.61085e-07,69.5585,316.859,-2.47141e-07,78.7347,398.812,8.93552e-08,89.1218,501.948,-2.53231e-07,100.879,631.736,-1.25047e-07,114.188,795.049,-1.78808e-07,129.252,1000.53,2.6733e-07,146.304,1259.03,4.50292e-07,165.605,1584.19,6.76904e-07,187.452,1993.12,-1.23808e-07,212.181,2507.27,-4.89068e-07,240.173,3153.54,-5.40284e-07,271.856,3965.56,1.86061e-07,307.719,4985.38,4.37004e-07,348.313,6265.4,3.59828e-07,394.26,7870.83,3.98192e-07,446.268,9882.51,-1.92908e-07,505.135,12400.3,-2.20392e-07,571.766,15546.9,1.51705e-07,647.184,19472.2,5.74996e-07,732.547,24357.4,5.39112e-07,829.167,30420,5.07815e-09,938.526,37916.3,-4.11492e-07,1062.3,47143.9,-3.9561e-07,1202.4,58439.2,3.86185e-08,1360.96,72169.3,5.94093e-07,1540.42,88715.8,7.47693e-07,1743.53,108445,1.78537e-07,1973.41,131665,-4.12549e-07,2233.57,158557,-5.37164e-07,2528,189103,-1.17615e-07,2861.2,222986,5.66769e-07,3238.27,259510,9.45053e-07,3664.97,297540,4.25093e-07,4147.81,335497,-3.58506e-07,4694.17,371444,-6.7724e-07,5312.37,403256,1.67192e-07,1.61744,3.89446,9.84394,3.28846,7.5504,12.774,5.07607,11.7187,13.6844,7.03202,16.8147,13.9681,9.20215,23.1769,14.0566,11.6301,31.1672,14.0841,14.3598,41.2186,14.0927,17.4376,53.8688,14.0954,20.9137,69.7915,14.0962,24.8432,89.8341,14.0965,29.2879,115.063,14.0966,34.3168,146.819,14.0966,40.0078,186.792,14.0966,46.4487,237.107,14.0966,53.7388,300.44,14.0966,61.9903,380.158,14.0966,71.3301,480.499,14.0966,81.902,606.796,14.0966,93.8685,765.761,14.0966,107.414,965.837,14.0966,122.746,1217.65,14.0966,140.101,1534.57,14.0966,159.745,1933.41,14.0966,181.981,2435.3,14.0966,207.15,3066.85,14.0966,235.64,3861.46,14.0966,267.889,4861.11,14.0966,304.391,6118.54,14.0966,345.709,7699.91,14.0966,392.478,9688.22,14.0966,445.417,12187.5,14.0966,505.339,15327.7,14.0966,573.165,19271.6,14.0966,649.938,24222,14.0966,736.839,30430.9,14.0966,835.202,38211.5,14.0966,946.539,47950.3,14.0966,1072.56,60122.8,14.0966,1215.21,75309.9,14.0966,1376.66,94216.2,14.0966,1559.41,117688,14.0966,1766.26,146729,14.0966,2000.39,182510,14.0966,2265.39,226372,14.0966,2565.33,279806,14.0966,2904.81,344416,14.0966,3289.05,421845,14.0966,3723.93,513667,14.0966,4216.13,621231,14.0966,4773.18,745478,14.0966,5403.64,886744,14.0966,6117.15,1.04457e+06,14.0966,6924.63,1.2176e+06,14.0966,11.7194,11.96,12.6541,13.9321,16.1295,13.6434,16.6097,21.9702,13.9553,19.7532,29.5285,14.0526,23.3844,39.1143,14.0829,27.5423,51.2054,14.0923,32.2796,66.434,14.0953,37.662,85.6061,14.0962,43.7675,109.74,14.0965,50.687,140.119,14.0966,58.5249,178.359,14.0966,67.4005,226.493,14.0966,77.4493,287.08,14.0966,88.8254,363.343,14.0966,101.703,459.336,14.0966,116.281,580.161,14.0966,132.782,732.241,14.0966,151.46,923.655,14.0966,172.603,1164.57,14.0966,196.535,1467.79,14.0966,223.625,1849.39,14.0966,254.288,2329.62,14.0966,288.997,2933.93,14.0966,328.285,3694.33,14.0966,372.755,4651.04,14.0966,423.092,5854.57,14.0966,480.07,7368.38,14.0966,544.564,9272.08,14.0966,617.566,11665.5,14.0966,700.197,14673.6,14.0966,793.729,18452.9,14.0966,899.599,23198.6,14.0966,1019.43,29154.1,14.0966,1155.07,36622.3,14.0966,1308.6,45977.9,14.0966,1482.39,57683.7,14.0966,1679.09,72307.8,14.0966,1901.73,90542.8,14.0966,2153.73,113226,14.0966,2438.97,141360,14.0966,2761.81,176127,14.0966,3127.22,218898,14.0966,3540.81,271226,14.0966,4008.92,334817,14.0966,4538.74,411470,14.0966,5138.38,502973,14.0966,5817.04,610948,14.0966,6585.12,736653,14.0966,7454.39,880741,14.0966,8438.15,1.04302e+06,14.0966,9551.45,1.22224e+06,14.0966,10811.3,1.41602e+06,14.0966,12237,1.62086e+06,14.0966,11.7194,11.96,12.6541,2.21263,4.16949,0.989383,2.67766,5.84076,0.311842,3.14343,7.55825,0.0972771,3.63127,9.58578,0.0303237,4.15787,12.0912,0.00945211,4.73731,15.2286,0.00294633,5.38238,19.1721,0.000918508,6.10553,24.134,0.000286163,6.91951,30.3791,8.92692e-05,7.83792,38.2397,2.78121e-05,8.87555,48.1338,8.65134e-06,10.0489,60.5876,2.7882e-06,11.3761,76.2629,8.29036e-07,12.8779,95.9927,2.4373e-07,14.5775,120.825,4.33068e-09,16.5012,152.08,1.75749e-07,18.6784,191.415,-1.86328e-07,21.1428,240.917,1.91829e-07,23.9322,303.213,-1.81475e-07,27.0895,381.602,7.0186e-08,30.6634,480.231,-2.86769e-08,34.7087,604.316,2.40784e-07,39.2876,760.401,9.87368e-08,44.4705,956.705,1.22263e-07,50.3371,1203.54,-4.31966e-07,56.9776,1513.81,-1.9705e-07,64.494,1903.69,-2.763e-08,73.0018,2393.4,3.9185e-07,82.6317,3008.13,1.35379e-07,93.5318,3779.25,-4.16351e-08,105.869,4745.7,2.06965e-08,119.834,5955.6,-3.18887e-07,135.641,7468.12,-1.48271e-08,153.531,9355.62,2.00739e-07,173.781,11705.8,2.28358e-07,196.701,14624.1,-1.93587e-08,222.642,18235,-2.88101e-07,252.003,22683.4,-2.24732e-07,285.234,28134,8.56806e-09,322.845,34767,2.34258e-07,365.413,42770.9,2.99668e-07,413.588,52327.9,8.28644e-08,468.111,63591.2,-3.07049e-07,529.814,76653.2,-3.1888e-07,599.642,91502.5,-6.72276e-08,678.662,107975,2.26339e-07,768.083,125705,3.69212e-07,869.267,144088,2.04077e-07,983.76,162277,-2.80509e-07,1113.3,179223,-4.22737e-07,1259.87,193777,-1.71951e-07,1425.68,204839,4.55555e-07,11.7194,11.96,12.6541,2.21263,4.16949,0.989383,2.67766,5.84076,0.311842,3.14343,7.55825,0.0972771,3.63127,9.58578,0.0303237,4.15787,12.0912,0.00945211,4.73731,15.2286,0.00294633,5.38238,19.1721,0.000918508,6.10553,24.134,0.000286163,6.91951,30.3791,8.92692e-05,7.83792,38.2397,2.78121e-05,8.87555,48.1338,8.65134e-06,10.0489,60.5876,2.7882e-06,11.3761,76.2629,8.29036e-07,12.8779,95.9927,2.4373e-07,14.5775,120.825,1e-08,16.5012,152.08,1.75749e-07,18.6784,191.415,1e-08,21.1428,240.917,1.91829e-07,23.9322,303.213,1e-08,27.0895,381.602,7.0186e-08,30.6634,480.231,1e-08,34.7087,604.316,2.40784e-07,39.2876,760.401,9.87368e-08,44.4705,956.705,1.22263e-07,50.3371,1203.54,1e-08,56.9776,1513.81,1e-08,64.494,1903.69,1e-08,73.0018,2393.4,3.9185e-07,82.6317,3008.13,1.35379e-07,93.5318,3779.25,1e-08,105.869,4745.7,2.06965e-08,119.834,5955.6,1e-08,135.641,7468.12,1e-08,153.531,9355.62,2.00739e-07,173.781,11705.8,2.28358e-07,196.701,14624.1,1e-08,222.642,18235,1e-08,252.003,22683.4,1e-08,285.234,28134,1e-08,322.845,34767,2.34258e-07,365.413,42770.9,2.99668e-07,413.588,52327.9,8.28644e-08,468.111,63591.2,1e-08,529.814,76653.2,1e-08,599.642,91502.5,1e-08,678.662,107975,2.26339e-07,768.083,125705,3.69212e-07,869.267,144088,2.04077e-07,983.76,162277,1e-08,1113.3,179223,1e-08,1259.87,193777,1e-08,1425.68,204839,4.55555e-07,6.2823,3.27286,2.43537,0.219672,6.18826,2.24117,0.56371,6.87772,2.63624,0.308279,3,14,15,3,1,1,2,9,0,0,10,0,5,9,0,2,4,0,3,11,0,6,10,0,6,13,0,5,22,0,8,87,0,10,60,0,6,59,0,10,65,0,6,190,0,10,124,0,13,83,0,19,242,0,15,339,0,38,454,0,15,349,0,16,454,0,23,1054,0,62,749,0,74,700,0,55,436,0,32,1365,0,87,821,0,47,2331,0,77,5665,0,82,2610,0,100,8020,0,110,8379,0,124,13492,0,203,17675,0,114,13007,0,113,15120,0,154,14653,0,148,14270,0,214,41449,0,351,15149,0,526,37947,0,533,32175,0,354,81780,0,682,64719,0,304,70069,0,576,91677,0,1207,138876,0,558,141044,0,1164,110653,0,1151,319704,0,1403,247750,0,1041,191773,0
-1.05176e+08,1,8.88811e-15,10,1023,0,1.05176e+08,0.528882,1.08665,0.389689,0.145397,0.379329,3.24381,0.161596,0.446195,1.77396,0.159177,1.15e+07,4.49998e+06,6.79999e+06,1.15e+07,4.49997e+06,6.79999e+06,1.15e+07,4.49996e+06,6.79999e+06,1.15e+07,4.49995e+06,6.79999e+06,1.14999e+07,4.49993e+06,6.79999e+06,1.14999e+07,4.49991e+06,6.79999e+06,1.14999e+07,4.49989e+06,6.79999e+06,1.14999e+07,4.49986e+06,6.79999e+06,1.14999e+07,4.49982e+06,6.79999e+06,1.14999e+07,4.49977e+06,6.79999e+06,1.14999e+07,4.49971e+06,6.79999e+06,1.14999e+07,4.49963e+06,6.79999e+06,1.14998e+07,4.49953e+06,6.79999e+06,1.14998e+07,4.49941e+06,6.79999e+06,1.14998e+07,4.49926e+06,6.79999e+06,1.14998e+07,4.49906e+06,6.79999e+06,1.14997e+07,4.49882e+06,6.79999e+06,1.14997e+07,4.49851e+06,6.79999e+06,1.14997e+07,4.49812e+06,6.79999e+06,1.14996e+07,4.49764e+06,6.79999e+06,1.14996e+07,4.49702e+06,6.79999e+06,1.14995e+07,4.49625e+06,6.79999e+06,1.14995e+07,4.49528e+06,6.79999e+06,1.14994e+07,4.49406e+06,6.79999e+06,1.14993e+07,4.49253e+06,6.79999e+06,1.14992e+07,4.49059e+06,6.79999e+06,1.14991e+07,4.48817e+06,6.79999e+06,1.1499e+07,4.48511e+06,6.79999e+06,1.14988e+07,4.48128e+06,6.79999e+06,1.14987e+07,4.47646e+06,6.79999e+06,1.14985e+07,4.47041e+06,6.79999e+06,1.14983e+07,4.46281e+06,6.79999e+06,1.14981e+07,4.4533e+06,6.79999e+06,1.14979e+07,4.44138e+06,6.79999e+06,1.14976e+07,4.42649e+06,6.79999e+06,1.14972e+07,4.40789e+06,6.79999e+06,1.14969e+07,4.38471e+06,6.79999e+06,1.14965e+07,4.35592e+06,6.79999e+06,1.1496e+07,4.32027e+06,6.79999e+06,1.14955e+07,4.27629e+06,6.79999e+06,1.14949e+07,4.22231e+06,6.79999e+06,1.14942e+07,4.15647e+06,6.79999e+06,1.14934e+07,4.07676e+06,6.79999e+06,1.14926e+07,3.98112e+06,6.79999e+06,1.14916e+07,3.86765e+06,6.79999e+06,1.14905e+07,3.73474e+06,6.79999e+06,1.14892e+07,3.58148e+06,6.79999e+06,1.14878e+07,3.40785e+06,6.79999e+06,1.14862e+07,3.21513e+06,6.79999e+06,1.14844e+07,3.00605e+06,6.79999e+06,1.14823e+07,2.7848e+06,6.79999e+06,1.148e+07,2.5568e+06,6.79999e+06,1.14773e+07,2.32825e+06,6.79999e+06,13.5742,8.52444,0.508366,16.8306,13.2585,0.162638,20.0035,17.569,0.0507846,23.2616,22.4214,0.0158319,26.7328,28.3297,0.00493498,30.5212,35.6974,0.00153831,34.7178,44.9473,0.000479527,39.4086,56.5822,0.000149456,44.6796,71.2245,4.66214e-05,50.6209,89.6543,1.45419e-05,57.3297,112.852,4.54748e-06,64.9129,142.051,1.43857e-06,73.4897,178.803,4.36618e-07,83.1934,225.062,1.40153e-07,94.1745,283.286,4.96378e-08,106.602,356.568,1.05434e-07,120.669,448.799,-6.49244e-08,136.59,564.873,1.70148e-07,154.611,710.948,-5.34594e-08,175.008,894.767,1.63407e-07,198.097,1126.06,8.04804e-08,224.231,1417.07,1.14667e-07,253.813,1783.15,-1.71227e-07,287.297,2243.62,-2.88466e-07,325.198,2822.67,-4.33651e-07,368.098,3550.67,7.9318e-08,416.657,4465.65,3.13319e-07,471.621,5615.16,3.4613e-07,533.835,7058.61,-1.19199e-07,604.255,8870.02,-2.79964e-07,683.962,11141.4,-2.30521e-07,774.182,13986.7,-2.55099e-07,876.299,17546.4,1.23585e-07,991.883,21993.1,1.41192e-07,1122.71,27536.7,-9.71886e-08,1270.78,34430.7,-3.68368e-07,1438.38,42977.7,-3.45379e-07,1628.07,53532.7,-3.25328e-09,1842.77,66504.6,2.6362e-07,2085.77,82350.2,2.53445e-07,2360.79,101560,-2.47407e-08,2672.05,124632,-3.80602e-07,3024.31,152018,-4.79005e-07,3422.98,184060,-1.14379e-07,3874.15,220884,2.64297e-07,4384.72,262283,3.44131e-07,4962.49,307576,7.5349e-08,5616.29,355497,-3.63097e-07,6356.1,404126,-6.05442e-07,7193.18,450932,-2.72333e-07,8140.28,492963,2.29675e-07,9211.79,527178,4.3387e-07,10424,550893,-1.0711e-07,10.102,8.06553,2.81012,10.6436,8.57909,0.869423,11.5336,10.2515,0.270869,12.7211,12.7138,0.0844293,14.1823,15.9373,0.0263173,15.9122,20.0383,0.0082035,17.9198,25.2154,0.00255722,20.2244,31.7373,0.000797017,22.8539,39.9486,0.000248622,25.8438,50.2851,7.75492e-05,29.237,63.2963,2.42508e-05,33.0837,79.6738,7.67162e-06,37.4415,100.288,2.32837e-06,42.3767,126.236,7.33e-07,47.9646,158.896,2.79256e-07,54.2906,200.003,9.87351e-09,61.452,251.741,1.61085e-07,69.5585,316.859,-2.47141e-07,78.7347,398.812,8.93552e-08,89.1218,501.948,-2.53231e-07,100.879,631.736,-1.25047e-07,114.188,795.049,-1.78808e-07,129.252,1000.53,2.6733e-07,146.304,1259.03,4.50292e-07,165.605,1584.19,6.76904e-07,187.452,1993.12,-1.23808e-07,212.181,2507.27,-4.89068e-07,240.173,3153.54,-5.40284e-07,271.856,3965.56,1.86061e-07,307.719,4985.38,4.37004e-07,348.313,6265.4,3.59828e-07,394.26,7870.83,3.98192e-07,446.268,9882.51,-1.92908e-07,505.135,12400.3,-2.20392e-07,571.766,15546.9,1.51705e-07,647.184,19472.2,5.74996e-07,732.547,24357.4,5.39112e-07,829.167,30420,5.07815e-09,938.526,37916.3,-4.11492e-07,1062.3,47143.9,-3.9561e-07,1202.4,58439.2,3.86185e-08,1360.96,72169.3,5.94093e-07,1540.42,88715.8,7.47693e-07,1743.53,108445,1.78537e-07,1973.41,131665,-4.12549e-07,2233.57,158557,-5.37164e-07,2528,189103,-1.17615e-07,2861.2,222986,5.66769e-07,3238.27,259510,9.45053e-07,3664.97,297540,4.25093e-07,4147.81,335497,-3.58506e-07,4694.17,371444,-6.7724e-07,5312.37,403256,1.67192e-07,1.61744,3.89446,9.84394,3.28846,7.5504,12.774,5.07607,11.7187,13.6844,7.03202,16.8147,13.9681,9.20215,23.1769,14.0566,11.6301,31.1672,14.0841,14.3598,41.2186,14.0927,17.4376,53.8688,14.0954,20.9137,69.7915,14.0962,24.8432,89.8341,14.0965,29.2879,115.063,14.0966,34.3168,146.819,14.0966,40.0078,186.792,14.0966,46.4487,237.107,14.0966,53.7388,300.44,14.0966,61.9903,380.158,14.0966,71.3301,480.499,14.0966,81.902,606.796,14.0966,93.8685,765.761,14.0966,107.414,965.837,14.0966,122.746,1217.65,14.0966,140.101,1534.57,14.0966,159.745,1933.41,14.0966,181.981,2435.3,14.0966,207.15,3066.85,14.0966,235.64,3861.46,14.0966,267.889,4861.11,14.0966,304.391,6118.54,14.0966,345.709,7699.91,14.0966,392.478,9688.22,14.0966,445.417,12187.5,14.0966,505.339,15327.7,14.0966,573.165,19271.6,14.0966,649.938,24222,14.0966,736.839,30430.9,14.0966,835.202,38211.5,14.0966,946.539,47950.3,14.0966,1072.56,60122.8,14.0966,1215.21,75309.9,14.0966,1376.66,94216.2,14.0966,1559.41,117688,14.0966,1766.26,146729,14.0966,2000.39,182510,14.0966,2265.39,226372,14.0966,2565.33,279806,14.0966,2904.81,344416,14.0966,3289.05,421845,14.0966,3723.93,513667,14.0966,4216.13,621231,14.0966,4773.18,745478,14.0966,5403.64,886744,14.0966,6117.15,1.04457e+06,14.0966,6924.63,1.2176e+06,14.0966,11.7194,11.96,12.6541,13.9321,16.1295,13.6434,16.6097,21.9702,13.9553,19.7532,29.5285,14.0526,23.3844,39.1143,14.0829,27.5423,51.2054,14.0923,32.2796,66.434,14.0953,37.662,85.6061,14.0962,43.7675,109.74,14.0965,50.687,140.119,14.0966,58.5249,178.359,14.0966,67.4005,226.493,14.0966,77.4493,287.08,14.0966,88.8254,363.343,14.0966,101.703,459.336,14.0966,116.281,580.161,14.0966,132.782,732.241,14.0966,151.46,923.655,14.0966,172.603,1164.57,14.0966,196.535,1467.79,14.0966,223.625,1849.39,14.0966,254.288,2329.62,14.0966,288.997,2933.93,14.0966,328.285,3694.33,14.0966,372.755,4651.04,14.0966,423.092,5854.57,14.0966,480.07,7368.38,14.0966,544.564,9272.08,14.0966,617.566,11665.5,14.0966,700.197,14673.6,14.0966,793.729,18452.9,14.0966,899.599,23198.6,14.0966,1019.43,29154.1,14.0966,1155.07,36622.3,14.0966,1308.6,45977.9,14.0966,1482.39,57683.7,14.0966,1679.09,72307.8,14.0966,1901.73,90542.8,14.0966,2153.73,113226,14.0966,2438.97,141360,14.0966,2761.81,176127,14.0966,3127.22,218898,14.0966,3540.81,271226,14.0966,4008.92,334817,14.0966,4538.74,411470,14.0966,5138.38,502973,14.0966,5817.04,610948,14.0966,6585.12,736653,14.0966,7454.39,880741,14.0966,8438.15,1.04302e+06,14.0966,9551.45,1.22224e+06,14.0966,10811.3,1.41602e+06,14.0966,12237,1.62086e+06,14.0966,11.7194,11.96,12.6541,2.21263,4.16949,0.989383,2.67766,5.84076,0.311842,3.14343,7.55825,0.0972771,3.63127,9.58578,0.0303237,4.15787,12.0912,0.00945211,4.73731,15.2286,0.00294633,5.38238,19.1721,0.000918508,6.10553,24.134,0.000286163,6.91951,30.3791,8.92692e-05,7.83792,38.2397,2.78121e-05,8.87555,48.1338,8.65134e-06,10.0489,60.5876,2.7882e-06,11.3761,76.2629,8.29036e-07,12.8779,95.9927,2.4373e-07,14.5775,120.825,4.33068e-09,16.5012,152.08,1.75749e-07,18.6784,191.415,-1.86328e-07,21.1428,240.917,1.91829e-07,23.9322,303.213,-1.81475e-07,27.0895,381.602,7.0186e-08,30.6634,480.231,-2.86769e-08,34.7087,604.316,2.40784e-07,39.2876,760.401,9.87368e-08,44.4705,956.705,1.22263e-07,50.3371,1203.54,-4.31966e-07,56.9776,1513.81,-1.9705e-07,64.494,1903.69,-2.763e-08,73.0018,2393.4,3.9185e-07,82.6317,3008.13,1.35379e-07,93.5318,3779.25,-4.16351e-08,105.869,4745.7,2.06965e-08,119.834,5955.6,-3.18887e-07,135.641,7468.12,-1.48271e-08,153.531,9355.62,2.00739e-07,173.781,11705.8,2.28358e-07,196.701,14624.1,-1.93587e-08,222.642,18235,-2.88101e-07,252.003,22683.4,-2.24732e-07,285.234,28134,8.56806e-09,322.845,34767,2.34258e-07,365.413,42770.9,2.99668e-07,413.588,52327.9,8.28644e-08,468.111,63591.2,-3.07049e-07,529.814,76653.2,-3.1888e-07,599.642,91502.5,-6.72276e-08,678.662,107975,2.26339e-07,768.083,125705,3.69212e-07,869.267,144088,2.04077e-07,983.76,162277,-2.80509e-07,1113.3,179223,-4.22737e-07,1259.87,193777,-1.71951e-07,1425.68,204839,4.55555e-07,11.7194,11.96,12.6541,2.21263,4.16949,0.989383,2.67766,5.84076,0.311842,3.14343,7.55825,0.0972771,3.63127,9.58578,0.0303237,4.15787,12.0912,0.00945211,4.73731,15.2286,0.00294633,5.38238,19.1721,0.000918508,6.10553,24.134,0.000286163,6.91951,30.3791,8.92692e-05,7.83792,38.2397,2.78121e-05,8.87555,48.1338,8.65134e-06,10.0489,60.5876,2.7882e-06,11.3761,76.2629,8.29036e-07,12.8779,95.9927,2.4373e-07,14.5775,120.825,1e-08,16.5012,152.08,1.75749e-07,18.6784,191.415,1e-08,21.1428,240.917,1.91829e-07,23.9322,303.213,1e-08,27.0895,381.602,7.0186e-08,30.6634,480.231,1e-08,34.7087,604.316,2.40784e-07,39.2876,760.401,9.87368e-08,44.4705,956.705,1.22263e-07,50.3371,1203.54,1e-08,56.9776,1513.81,1e-08,64.494,1903.69,1e-08,73.0018,2393.4,3.9185e-07,82.6317,3008.13,1.35379e-07,93.5318,3779.25,1e-08,105.869,4745.7,2.06965e-08,119.834,5955.6,1e-08,135.641,7468.12,1e-08,153.531,9355.62,2.00739e-07,173.781,11705.8,2.28358e-07,196.701,14624.1,1e-08,222.642,18235,1e-08,252.003,22683.4,1e-08,285.234,28134,1e-08,322.845,34767,2.34258e-07,365.413,42770.9,2.99668e-07,413.588,52327.9,8.28644e-08,468.111,63591.2,1e-08,529.814,76653.2,1e-08,599.642,91502.5,1e-08,678.662,107975,2.26339e-07,768.083,125705,3.69212e-07,869.267,144088,2.04077e-07,983.76,162277,1e-08,1113.3,179223,1e-08,1259.87,193777,1e-08,1425.68,204839,4.55555e-07,6.2823,3.27286,2.43537,0.219672,6.18826,2.24117,0.56371,6.87772,2.63624,0.308279,23,5,11,2,4,0,7,5,1,2,4,0,3,9,0,4,19,0,3,23,0,9,10,0,7,23,0,10,34,0,7,14,0,5,39,0,20,60,0,8,83,0,16,132,0,7,151,0,15,131,0,12,245,0,20,156,0,11,157,0,27,325,0,40,288,0,37,829,0,23,992,0,71,1434,0,45,1653,0,63,836,0,69,442,0,35,3284,0,93,2445,0,44,4085,0,80,7044,0,55,6855,0,219,8984,0,97,4915,0,217,19345,0,152,15202,0,230,19072,0,179,24591,0,191,30295,0,298,28166,0,294,39950,0,426,35045,0,598,65894,0,552,57131,0,687,72105,0,952,59607,0,850,104906,0,392,245401,0,911,332038,0,792,172476,0,1284,305696,0,2168,286203,0
-1.05176e+08,1,8.88811e-15,10,1023,0,1.05176e+08,0.528882,1.08665,0.389689,0.145397,0.379329,3.24381,0.161596,0.446195,1.77396,0.159177,1.15e+07,4.49998e+06,6.79999e+06,1.15e+07,4.49997e+06,6.79999e+06,1.15e+07,4.49996e+06,6.79999e+06,1.15e+07,4.49995e+06,6.79999e+06,1.14999e+07,4.49993e+06,6.79999e+06,1.14999e+07,4.49991e+06,6.79999e+06,1.14999e+07,4.49989e+06,6.79999e+06,1.14999e+07,4.49986e+06,6.79999e+06,1.14999e+07,4.49982e+06,6.79999e+06,1.14999e+07,4.49977e+06,6.79999e+06,1.14999e+07,4.49971e+06,6.79999e+06,1.14999e+07,4.49963e+06,6.79999e+06,1.14998e+07,4.49953e+06,6.79999e+06,1.14998e+07,4.49941e+06,6.79999e+06,1.14998e+07,4.49926e+06,6.79999e+06,1.14998e+07,4.49906e+06,6.79999e+06,1.14997e+07,4.49882e+06,6.79999e+06,1.14997e+07,4.49851e+06,6.79999e+06,1.14997e+07,4.49812e+06,6.79999e+06,1.14996e+07,4.49764e+06,6.79999e+06,1.14996e+07,4.49702e+06,6.79999e+06,1.14995e+07,4.49625e+06,6.79999e+06,1.14995e+07,4.49528e+06,6.79999e+06,1.14994e+07,4.49406e+06,6.79999e+06,1.14993e+07,4.49253e+06,6.79999e+06,1.14992e+07,4.49059e+06,6.79999e+06,1.14991e+07,4.48817e+06,6.79999e+06,1.1499e+07,4.48511e+06,6.79999e+06,1.14988e+07,4.48128e+06,6.79999e+06,1.14987e+07,4.47646e+06,6.79999e+06,1.14985e+07,4.47041e+06,6.79999e+06,1.14983e+07,4.46281e+06,6.79999e+06,1.14981e+07,4.4533e+06,6.79999e+06,1.14979e+07,4.44138e+06,6.79999e+06,1.14976e+07,4.42649e+06,6.79999e+06,1.14972e+07,4.40789e+06,6.79999e+06,1.14969e+07,4.38471e+06,6.79999e+06,1.14965e+07,4.35592e+06,6.79999e+06,1.1496e+07,4.32027e+06,6.79999e+06,1.14955e+07,4.27629e+06,6.79999e+06,1.14949e+07,4.22231e+06,6.79999e+06,1.14942e+07,4.15647e+06,6.79999e+06,1.14934e+07,4.07676e+06,6.79999e+06,1.14926e+07,3.98112e+06,6.79999e+06,1.14916e+07,3.86765e+06,6.79999e+06,1.14905e+07,3.73474e+06,6.79999e+06,1.14892e+07,3.58148e+06,6.79999e+06,1.14878e+07,3.40785e+06,6.79999e+06,1.14862e+07,3.21513e+06,6.79999e+06,1.14844e+07,3.00605e+06,6.79999e+06,1.14823e+07,2.7848e+06,6.79999e+06,1.148e+07,2.5568e+06,6.79999e+06,1.14773e+07,2.32825e+06,6.79999e+06,13.5742,8.52444,0.508366,16.8306,13.2585,0.162638,20.0035,17.569,0.0507846,23.2616,22.4214,0.0158319,26.7328,28.3297,0.00493498,30.5212,35.6974,0.00153831,34.7178,44.9473,0.000479527,39.4086,56.5822,0.000149456,44.6796,71.2245,4.66214e-05,50.6209,89.6543,1.45419e-05,57.3297,112.852,4.54748e-06,64.9129,142.051,1.43857e-06,73.4897,178.803,4.36618e-07,83.1934,225.062,1.40153e-07,94.1745,283.286,4.96378e-08,106.602,356.568,1.05434e-07,120.669,448.799,-6.49244e-08,136.59,564.873,1.70148e-07,154.611,710.948,-5.34594e-08,175.008,894.767,1.63407e-07,198.097,1126.06,8.04804e-08,224.231,1417.07,1.14667e-07,253.813,1783.15,-1.71227e-07,287.297,2243.62,-2.88466e-07,325.198,2822.67,-4.33651e-07,368.098,3550.67,7.9318e-08,416.657,4465.65,3.13319e-07,471.621,5615.16,3.4613e-07,533.835,7058.61,-1.19199e-07,604.255,8870.02,-2.79964e-07,683.962,11141.4,-2.30521e-07,774.182,13986.7,-2.55099e-07,876.299,17546.4,1.23585e-07,991.883,21993.1,1.41192e-07,1122.71,27536.7,-9.71886e-08,1270.78,34430.7,-3.68368e-07,1438.38,42977.7,-3.45379e-07,1628.07,53532.7,-3.25328e-09,1842.77,66504.6,2.6362e-07,2085.77,82350.2,2.53445e-07,2360.79,101560,-2.47407e-08,2672.05,124632,-3.80602e-07,3024.31,152018,-4.79005e-07,3422.98,184060,-1.14379e-07,3874.15,220884,2.64297e-07,4384.72,262283,3.44131e-07,4962.49,307576,7.5349e-08,5616.29,355497,-3.63097e-07,6356.1,404126,-6.05442e-07,7193.18,450932,-2.72333e-07,8140.28,492963,2.29675e-07,9211.79,527178,4.3387e-07,10424,550893,-1.0711e-07,10.102,8.06553,2.81012,10.6436,8.57909,0.869423,11.5336,10.2515,0.270869,12.7211,12.7138,0.0844293,14.1823,15.9373,0.0263173,15.9122,20.0383,0.0082035,17.9198,25.2154,0.00255722,20.2244,31.7373,0.000797017,22.8539,39.9486,0.000248622,25.8438,50.2851,7.75492e-05,29.237,63.2963,2.42508e-05,33.0837,79.6738,7.67162e-06,37.4415,100.288,2.32837e-06,42.3767,126.236,7.33e-07,47.9646,158.896,2.79256e-07,54.2906,200.003,9.87351e-09,61.452,251.741,1.61085e-07,69.5585,316.859,-2.47141e-07,78.7347,398.812,8.93552e-08,89.1218,501.948,-2.53231e-07,100.879,631.736,-1.25047e-07,114.188,795.049,-1.78808e-07,129.252,1000.53,2.6733e-07,146.304,1259.03,4.50292e-07,165.605,1584.19,6.76904e-07,187.452,1993.12,-1.23808e-07,212.181,2507.27,-4.89068e-07,240.173,3153.54,-5.40284e-07,271.856,3965.56,1.86061e-07,307.719,4985.38,4.37004e-07,348.313,6265.4,3.59828e-07,394.26,7870.83,3.98192e-07,446.268,9882.51,-1.92908e-07,505.135,12400.3,-2.20392e-07,571.766,15546.9,1.51705e-07,647.184,19472.2,5.74996e-07,732.547,24357.4,5.39112e-07,829.167,30420,5.07815e-09,938.526,37916.3,-4.11492e-07,1062.3,47143.9,-3.9561e-07,1202.4,58439.2,3.86185e-08,1360.96,72169.3,5.94093e-07,1540.42,88715.8,7.47693e-07,1743.53,108445,1.78537e-07,1973.41,131665,-4.12549e-07,2233.57,158557,-5.37164e-07,2528,189103,-1.17615e-07,2861.2,222986,5.66769e-07,3238.27,259510,9.45053e-07,3664.97,297540,4.25093e-07,4147.81,335497,-3.58506e-07,4694.17,371444,-6.7724e-07,5312.37,403256,1.67192e-07,1.61744,3.89446,9.84394,3.28846,7.5504,12.774,5.07607,11.7187,13.6844,7.03202,16.8147,13.9681,9.20215,23.1769,14.0566,11.6301,31.1672,14.0841,14.3598,41.2186,14.0927,17.4376,53.8688,14.0954,20.9137,69.7915,14.0962,24.8432,89.8341,14.0965,29.2879,115.063,14.0966,34.3168,146.819,14.0966,40.0078,186.792,14.0966,46.4487,237.107,14.0966,53.7388,300.44,14.0966,61.9903,380.158,14.0966,71.3301,480.499,14.0966,81.902,606.796,14.0966,93.8685,765.761,14.0966,107.414,965.837,14.0966,122.746,1217.65,14.0966,140.101,1534.57,14.0966,159.745,1933.41,14.0966,181.981,2435.3,14.0966,207.15,3066.85,14.0966,235.64,3861.46,14.0966,267.889,4861.11,14.0966,304.391,6118.54,14.0966,345.709,7699.91,14.0966,392.478,9688.22,14.0966,445.417,12187.5,14.0966,505.339,15327.7,14.0966,573.165,19271.6,14.0966,649.938,24222,14.0966,736.839,30430.9,14.0966,835.202,38211.5,14.0966,946.539,47950.3,14.0966,1072.56,60122.8,14.0966,1215.21,75309.9,14.0966,1376.66,94216.2,14.0966,1559.41,117688,14.0966,1766.26,146729,14.0966,2000.39,182510,14.0966,2265.39,226372,14.0966,2565.33,279806,14.0966,2904.81,344416,14.0966,3289.05,421845,14.0966,3723.93,513667,14.0966,4216.13,621231,14.0966,4773.18,745478,14.0966,5403.64,886744,14.0966,6117.15,1.04457e+06,14.0966,6924.63,1.2176e+06,14.0966,11.7194,11.96,12.6541,13.9321,16.1295,13.6434,16.6097,21.9702,13.9553,19.7532,29.5285,14.0526,23.3844,39.1143,14.0829,27.5423,51.2054,14.0923,32.2796,66.434,14.0953,37.662,85.6061,14.0962,43.7675,109.74,14.0965,50.687,140.119,14.0966,58.5249,178.359,14.0966,67.4005,226.493,14.0966,77.4493,287.08,14.0966,88.8254,363.343,14.0966,101.703,459.336,14.0966,116.281,580.161,14.0966,132.782,732.241,14.0966,151.46,923.655,14.0966,172.603,1164.57,14.0966,196.535,1467.79,14.0966,223.625,1849.39,14.0966,254.288,2329.62,14.0966,288.997,2933.93,14.0966,328.285,3694.33,14.0966,372.755,4651.04,14.0966,423.092,5854.57,14.0966,480.07,7368.38,14.0966,544.564,9272.08,14.0966,617.566,11665.5,14.0966,700.197,14673.6,14.0966,793.729,18452.9,14.0966,899.599,23198.6,14.0966,1019.43,29154.1,14.0966,1155.07,36622.3,14.0966,1308.6,45977.9,14.0966,1482.39,57683.7,14.0966,1679.09,72307.8,14.0966,1901.73,90542.8,14.0966,2153.73,113226,14.0966,2438.97,141360,14.0966,2761.81,176127,14.0966,3127.22,218898,14.0966,3540.81,271226,14.0966,4008.92,334817,14.0966,4538.74,411470,14.0966,5138.38,502973,14.0966,5817.04,610948,14.0966,6585.12,736653,14.0966,7454.39,880741,14.0966,8438.15,1.04302e+06,14.0966,9551.45,1.22224e+06,14.0966,10811.3,1.41602e+06,14.0966,12237,1.62086e+06,14.0966,11.7194,11.96,12.6541,2.21263,4.16949,0.989383,2.67766,5.84076,0.311842,3.14343,7.55825,0.0972771,3.63127,9.58578,0.0303237,4.15787,12.0912,0.00945211,4.73731,15.2286,0.00294633,5.38238,19.1721,0.000918508,6.10553,24.134,0.000286163,6.91951,30.3791,8.92692e-05,7.83792,38.2397,2.78121e-05,8.87555,48.1338,8.65134e-06,10.0489,60.5876,2.7882e-06,11.3761,76.2629,8.29036e-07,12.8779,95.9927,2.4373e-07,14.5775,120.825,4.33068e-09,16.5012,152.08,1.75749e-07,18.6784,191.415,-1.86328e-07,21.1428,240.917,1.91829e-07,23.9322,303.213,-1.81475e-07,27.0895,381.602,7.0186e-08,30.6634,480.231,-2.86769e-08,34.7087,604.316,2.40784e-07,39.2876,760.401,9.87368e-08,44.4705,956.705,1.22263e-07,50.3371,1203.54,-4.31966e-07,56.9776,1513.81,-1.9705e-07,64.494,1903.69,-2.763e-08,73.0018,2393.4,3.9185e-07,82.6317,3008.13,1.35379e-07,93.5318,3779.25,-4.16351e-08,105.869,4745.7,2.06965e-08,119.834,5955.6,-3.18887e-07,135.641,7468.12,-1.48271e-08,153.531,9355.62,2.00739e-07,173.781,11705.8,2.28358e-07,196.701,14624.1,-1.93587e-08,222.642,18235,-2.88101e-07,252.003,22683.4,-2.24732e-07,285.234,28134,8.56806e-09,322.845,34767,2.34258e-07,365.413,42770.9,2.99668e-07,413.588,52327.9,8.28644e-08,468.111,63591.2,-3.07049e-07,529.814,76653.2,-3.1888e-07,599.642,91502.5,-6.72276e-08,678.662,107975,2.26339e-07,768.083,125705,3.69212e-07,869.267,144088,2.04077e-07,983.76,162277,-2.80509e-07,1113.3,179223,-4.22737e-07,1259.87,193777,-1.71951e-07,1425.68,204839,4.55555e-07,11.7194,11.96,12.6541,2.21263,4.16949,0.989383,2.67766,5.84076,0.311842,3.14343,7.55825,0.0972771,3.63127,9.58578,0.0303237,4.15787,12.0912,0.00945211,4.73731,15.2286,0.00294633,5.38238,19.1721,0.000918508,6.10553,24.134,0.000286163,6.91951,30.3791,8.92692e-05,7.83792,38.2397,2.78121e-05,8.87555,48.1338,8.65134e-06,10.0489,60.5876,2.7882e-06,11.3761,76.2629,8.29036e-07,12.8779,95.9927,2.4373e-07,14.5775,120.825,1e-08,16.5012,152.08,1.75749e-07,18.6784,191.415,1e-08,21.1428,240.917,1.91829e-07,23.9322,303.213,1e-08,27.0895,381.602,7.0186e-08,30.6634,480.231,1e-08,34.7087,604.316,2.40784e-07,39.2876,760.401,9.87368e-08,44.4705,956.705,1.22263e-07,50.3371,1203.54,1e-08,56.9776,1513.81,1e-08,64.494,1903.69,1e-08,73.0018,2393.4,3.9185e-07,82.6317,3008.13,1.35379e-07,93.5318,3779.25,1e-08,105.869,4745.7,2.06965e-08,119.834,5955.6,1e-08,135.641,7468.12,1e-08,153.531,9355.62,2.00739e-07,173.781,11705.8,2.28358e-07,196.701,14624.1,1e-08,222.642,18235,1e-08,252.003,22683.4,1e-08,285.234,28134,1e-08,322.845,34767,2.34258e-07,365.413,42770.9,2.99668e-07,413.588,52327.9,8.28644e-08,468.111,63591.2,1e-08,529.814,76653.2,1e-08,599.642,91502.5,1e-08,678.662,107975,2.26339e-07,768.083,125705,3.69212e-07,869.267,144088,2.04077e-07,983.76,162277,1e-08,1113.3,179223,1e-08,1259.87,193777,1e-08,1425.68,204839,4.55555e-07,6.2823,3.27286,2.43537,0.219672,6.18826,2.24117,0.56371,6.87772,2.63624,0.308279,24,8,22,2,3,2,3,6,0,3,11,0,1,7,0,7,15,0,2,25,0,10,5,0,12,10,0,8,31,0,8,39,0,11,60,0,8,83,0,13,30,0,4,78,0,15,41,0,15,191,0,13,324,0,51,518,0,34,104,0,41,279,0,41,441,0,20,200,0,17,861,0,46,2303,0,54,1186,0,75,1975,0,36,1227,0,68,1421,0,56,5402,0,120,3922,0,129,6695,0,82,3318,0,74,6880,0,115,7458,0,97,16116,0,142,12509,0,288,9401,0,314,42824,0,186,17782,0,564,21659,0,620,20644,0,509,63934,0,493,52376,0,255,48394,0,500,91247,0,824,200468,0,692,151397,0,706,96217,0,378,162613,0,683,121759,0,1431,200820,0,2144,247437,0
-1.05176e+08,1,8.88811e-15,10,1023,0,1.05176e+08,0.528882,1.08665,0.389689,0.145397,0.379329,3.24381,0.161596,0.446195,1.77396,0.159177,1.15e+07,4.49998e+06,6.79999e+06,1.15e+07,4.49997e+06,6.79999e+06,1.15e+07,4.49996e+06,6.79999e+06,1.15e+07,4.49995e+06,6.79999e+06,1.14999e+07,4.49993e+06,6.79999e+06,1.14999e+07,4.49991e+06,6.79999e+06,1.14999e+07,4.49989e+06,6.79999e+06,1.14999e+07,4.49986e+06,6.79999e+06,1.14999e+07,4.49982e+06,6.79999e+06,1.14999e+07,4.49977e+06,6.79999e+06,1.14999e+07,4.49971e+06,6.79999e+06,1.14999e+07,4.49963e+06,6.79999e+06,1.14998e+07,4.49953e+06,6.79999e+06,1.14998e+07,4.49941e+06,6.79999e+06,1.14998e+07,4.49926e+06,6.79999e+06,1.14998e+07,4.49906e+06,6.79999e+06,1.14997e+07,4.49882e+06,6.79999e+06,1.14997e+07,4.49851e+06,6.79999e+06,1.14997e+07,4.49812e+06,6.79999e+06,1.14996e+07,4.49764e+06,6.79999e+06,1.14996e+07,4.49702e+06,6.79999e+06,1.14995e+07,4.49625e+06,6.79999e+06,1.14995e+07,4.49528e+06,6.79999e+06,1.14994e+07,4.49406e+06,6.79999e+06,1.14993e+07,4.49253e+06,6.79999e+06,1.14992e+07,4.49059e+06,6.79999e+06,1.14991e+07,4.48817e+06,6.79999e+06,1.1499e+07,4.48511e+06,6.79999e+06,1.14988e+07,4.48128e+06,6.79999e+06,1.14987e+07,4.47646e+06,6.79999e+06,1.14985e+07,4.47041e+06,6.79999e+06,1.14983e+07,4.46281e+06,6.79999e+06,1.14981e+07,4.4533e+06,6.79999e+06,1.14979e+07,4.44138e+06,6.79999e+06,1.14976e+07,4.42649e+06,6.79999e+06,1.14972e+07,4.40789e+06,6.79999e+06,1.14969e+07,4.38471e+06,6.79999e+06,1.14965e+07,4.35592e+06,6.79999e+06,1.1496e+07,4.32027e+06,6.79999e+06,1.14955e+07,4.27629e+06,6.79999e+06,1.14949e+07,4.22231e+06,6.79999e+06,1.14942e+07,4.15647e+06,6.79999e+06,1.14934e+07,4.07676e+06,6.79999e+06,1.14926e+07,3.98112e+06,6.79999e+06,1.14916e+07,3.86765e+06,6.79999e+06,1.14905e+07,3.73474e+06,6.79999e+06,1.14892e+07,3.58148e+06,6.79999e+06,1.14878e+07,3.40785e+06,6.79999e+06,1.14862e+07,3.21513e+06,6.79999e+06,1.14844e+07,3.00605e+06,6.79999e+06,1.14823e+07,2.7848e+06,6.79999e+06,1.148e+07,2.5568e+06,6.79999e+06,1.14773e+07,2.32825e+06,6.79999e+06,13.5742,8.52444,0.508366,16.8306,13.2585,0.162638,20.0035,17.569,0.0507846,23.2616,22.4214,0.0158319,26.7328,28.3297,0.00493498,30.5212,35.6974,0.00153831,34.7178,44.9473,0.000479527,39.4086,56.5822,0.000149456,44.6796,71.2245,4.66214e-05,50.6209,89.6543,1.45419e-05,57.3297,112.852,4.54748e-06,64.9129,142.051,1.43857e-06,73.4897,178.803,4.36618e-07,83.1934,225.062,1.40153e-07,94.1745,283.286,4.96378e-08,106.602,356.568,1.05434e-07,120.669,448.799,-6.49244e-08,136.59,564.873,1.70148e-07,154.611,710.948,-5.34594e-08,175.008,894.767,1.63407e-07,198.097,1126.06,8.04804e-08,224.231,1417.07,1.14667e-07,253.813,1783.15,-1.71227e-07,287.297,2243.62,-2.88466e-07,325.198,2822.67,-4.33651e-07,368.098,3550.67,7.9318e-08,416.657,4465.65,3.13319e-07,471.621,5615.16,3.4613e-07,533.835,7058.61,-1.19199e-07,604.255,8870.02,-2.79964e-07,683.962,11141.4,-2.30521e-07,774.182,13986.7,-2.55099e-07,876.299,17546.4,1.23585e-07,991.883,21993.1,1.41192e-07,1122.71,27536.7,-9.71886e-08,1270.78,34430.7,-3.68368e-07,1438.38,42977.7,-3.45379e-07,1628.07,53532.7,-3.25328e-09,1842.77,66504.6,2.6362e-07,2085.77,82350.2,2.53445e-07,2360.79,101560,-2.47407e-08,2672.05,124632,-3.80602e-07,3024.31,152018,-4.79005e-07,3422.98,184060,-1.14379e-07,3874.15,220884,2.64297e-07,4384.72,262283,3.44131e-07,4962.49,307576,7.5349e-08,5616.29,355497,-3.63097e-07,6356.1,404126,-6.05442e-07,7193.18,450932,-2.72333e-07,8140.28,492963,2.29675e-07,9211.79,527178,4.3387e-07,10424,550893,-1.0711e-07,10.102,8.06553,2.81012,10.6436,8.57909,0.869423,11.5336,10.2515,0.270869,12.7211,12.7138,0.0844293,14.1823,15.9373,0.0263173,15.9122,20.0383,0.0082035,17.9198,25.2154,0.00255722,20.2244,31.7373,0.000797017,22.8539,39.9486,0.000248622,25.8438,50.2851,7.75492e-05,29.237,63.2963,2.42508e-05,33.0837,79.6738,7.67162e-06,37.4415,100.288,2.32837e-06,42.3767,126.236,7.33e-07,47.9646,158.896,2.79256e-07,54.2906,200.003,9.87351e-09,61.452,251.741,1.61085e-07,69.5585,316.859,-2.47141e-07,78.7347,398.812,8.93552e-08,89.1218,501.948,-2.53231e-07,100.879,631.736,-1.25047e-07,114.188,795.049,-1.78808e-07,129.252,1000.53,2.6733e-07,146.304,1259.03,4.50292e-07,165.605,1584.19,6.76904e-07,187.452,1993.12,-1.23808e-07,212.181,2507.27,-4.89068e-07,240.173,3153.54,-5.40284e-07,271.856,3965.56,1.86061e-07,307.719,4985.38,4.37004e-07,348.313,6265.4,3.59828e-07,394.26,7870.83,3.98192e-07,446.268,9882.51,-1.92908e-07,505.135,12400.3,-2.20392e-07,571.766,15546.9,1.51705e-07,647.184,19472.2,5.74996e-07,732.547,24357.4,5.39112e-07,829.167,30420,5.07815e-09,938.526,37916.3,-4.11492e-07,1062.3,47143.9,-3.9561e-07,1202.4,58439.2,3.86185e-08,1360.96,72169.3,5.94093e-07,1540.42,88715.8,7.47693e-07,1743.53,108445,1.78537e-07,1973.41,131665,-4.12549e-07,2233.57,158557,-5.37164e-07,2528,189103,-1.17615e-07,2861.2,222986,5.66769e-07,3238.27,259510,9.45053e-07,3664.97,297540,4.25093e-07,4147.81,335497,-3.58506e-07,4694.17,371444,-6.7724e-07,5312.37,403256,1.67192e-07,1.61744,3.89446,9.84394,3.28846,7.5504,12.774,5.07607,11.7187,13.6844,7.03202,16.8147,13.9681,9.20215,23.1769,14.0566,11.6301,31.1672,14.0841,14.3598,41.2186,14.0927,17.4376,53.8688,14.0954,20.9137,69.7915,14.0962,24.8432,89.8341,14.0965,29.2879,115.063,14.0966,34.3168,146.819,14.0966,40.0078,186.792,14.0966,46.4487,237.107,14.0966,53.7388,300.44,14.0966,61.9903,380.158,14.0966,71.3301,480.499,14.0966,81.902,606.796,14.0966,93.8685,765.761,14.0966,107.414,965.837,14.0966,122.746,1217.65,14.0966,140.101,1534.57,14.0966,159.745,1933.41,14.0966,181.981,2435.3,14.0966,207.15,3066.85,14.0966,235.64,3861.46,14.0966,267.889,4861.11,14.0966,304.391,6118.54,14.0966,345.709,7699.91,14.0966,392.478,9688.22,14.0966,445.417,12187.5,14.0966,505.339,15327.7,14.0966,573.165,19271.6,14.0966,649.938,24222,14.0966,736.839,30430.9,14.0966,835.202,38211.5,14.0966,946.539,47950.3,14.0966,1072.56,60122.8,14.0966,1215.21,75309.9,14.0966,1376.66,94216.2,14.0966,1559.41,117688,14.0966,1766.26,146729,14.0966,2000.39,182510,14.0966,2265.39,226372,14.0966,2565.33,279806,14.0966,2904.81,344416,14.0966,3289.05,421845,14.0966,3723.93,513667,14.0966,4216.13,621231,14.0966,4773.18,745478,14.0966,5403.64,886744,14.0966,6117.15,1.04457e+06,14.0966,6924.63,1.2176e+06,14.0966,11.7194,11.96,12.6541,13.9321,16.1295,13.6434,16.6097,21.9702,13.9553,19.7532,29.5285,14.0526,23.3844,39.1143,14.0829,27.5423,51.2054,14.0923,32.2796,66.434,14.0953,37.662,85.6061,14.0962,43.7675,109.74,14.0965,50.687,140.119,14.0966,58.5249,178.359,14.0966,67.4005,226.493,14.0966,77.4493,287.08,14.0966,88.8254,363.343,14.0966,101.703,459.336,14.0966,116.281,580.161,14.0966,132.782,732.241,14.0966,151.46,923.655,14.0966,172.603,1164.57,14.0966,196.535,1467.79,14.0966,223.625,1849.39,14.0966,254.288,2329.62,14.0966,288.997,2933.93,14.0966,328.285,3694.33,14.0966,372.755,4651.04,14.0966,423.092,5854.57,14.0966,480.07,7368.38,14.0966,544.564,9272.08,14.0966,617.566,11665.5,14.0966,700.197,14673.6,14.0966,793.729,18452.9,14.0966,899.599,23198.6,14.0966,1019.43,29154.1,14.0966,1155.07,36622.3,14.0966,1308.6,45977.9,14.0966,1482.39,57683.7,14.0966,1679.09,72307.8,14.0966,1901.73,90542.8,14.0966,2153.73,113226,14.0966,2438.97,141360,14.0966,2761.81,176127,14.0966,3127.22,218898,14.0966,3540.81,271226,14.0966,4008.92,334817,14.0966,4538.74,411470,14.0966,5138.38,502973,14.0966,5817.04,610948,14.0966,6585.12,736653,14.0966,7454.39,880741,14.0966,8438.15,1.04302e+06,14.0966,9551.45,1.22224e+06,14.0966,10811.3,1.41602e+06,14.0966,12237,1.62086e+06,14.0966,11.7194,11.96,12.6541,2.21263,4.16949,0.989383,2.67766,5.84076,0.311842,3.14343,7.55825,0.0972771,3.63127,9.58578,0.0303237,4.15787,12.0912,0.00945211,4.73731,15.2286,0.00294633,5.38238,19.1721,0.000918508,6.10553,24.134,0.000286163,6.91951,30.3791,8.92692e-05,7.83792,38.2397,2.78121e-05,8.87555,48.1338,8.65134e-06,10.0489,60.5876,2.7882e-06,11.3761,76.2629,8.29036e-07,12.8779,95.9927,2.4373e-07,14.5775,120.825,4.33068e-09,16.5012,152.08,1.75749e-07,18.6784,191.415,-1.86328e-07,21.1428,240.917,1.91829e-07,23.9322,303.213,-1.81475e-07,27.0895,381.602,7.0186e-08,30.6634,480.231,-2.86769e-08,34.7087,604.316,2.40784e-07,39.2876,760.401,9.87368e-08,44.4705,956.705,1.22263e-07,50.3371,1203.54,-4.31966e-07,56.9776,1513.81,-1.9705e-07,64.494,1903.69,-2.763e-08,73.0018,2393.4,3.9185e-07,82.6317,3008.13,1.35379e-07,93.5318,3779.25,-4.16351e-08,105.869,4745.7,2.06965e-08,119.834,5955.6,-3.18887e-07,135.641,7468.12,-1.48271e-08,153.531,9355.62,2.00739e-07,173.781,11705.8,2.28358e-07,196.701,14624.1,-1.93587e-08,222.642,18235,-2.88101e-07,252.003,22683.4,-2.24732e-07,285.234,28134,8.56806e-09,322.845,34767,2.34258e-07,365.413,42770.9,2.99668e-07,413.588,52327.9,8.28644e-08,468.111,63591.2,-3.07049e-07,529.814,76653.2,-3.1888e-07,599.642,91502.5,-6.72276e-08,678.662,107975,2.26339e-07,768.083,125705,3.69212e-07,869.267,144088,2.04077e-07,983.76,162277,-2.80509e-07,1113.3,179223,-4.22737e-07,1259.87,193777,-1.71951e-07,1425.68,204839,4.55555e-07,11.7194,11.96,12.6541,2.21263,4.16949,0.989383,2.67766,5.84076,0.311842,3.14343,7.55825,0.0972771,3.63127,9.58578,0.0303237,4.15787,12.0912,0.00945211,4.73731,15.2286,0.00294633,5.38238,19.1721,0.000918508,6.10553,24.134,0.000286163,6.91951,30.3791,8.92692e-05,7.83792,38.2397,2.78121e-05,8.87555,48.1338,8.65134e-06,10.0489,60.5876,2.7882e-06,11.3761,76.2629,8.29036e-07,12.8779,95.9927,2.4373e-07,14.5775,120.825,1e-08,16.5012,152.08,1.75749e-07,18.6784,191.415,1e-08,21.1428,240.917,1.91829e-07,23.9322,303.213,1e-08,27.0895,381.602,7.0186e-08,30.6634,480.231,1e-08,34.7087,604.316,2.40784e-07,39.2876,760.401,9.87368e-08,44.4705,956.705,1.22263e-07,50.3371,1203.54,1e-08,56.9776,1513.81,1e-08,64.494,1903.69,1e-08,73.0018,2393.4,3.9185e-07,82.6317,3008.13,1.35379e-07,93.5318,3779.25,1e-08,105.869,4745.7,2.06965e-08,119.834,5955.6,1e-08,135.641,7468.12,1e-08,153.531,9355.62,2.00739e-07,173.781,11705.8,2.28358e-07,196.701,14624.1,1e-08,222.642,18235,1e-08,252.003,22683.4,1e-08,285.234,28134,1e-08,322.845,34767,2.34258e-07,365.413,42770.9,2.99668e-07,413.588,52327.9,8.28644e-08,468.111,63591.2,1e-08,529.814,76653.2,1e-08,599.642,91502.5,1e-08,678.662,107975,2.26339e-07,768.083,125705,3.69212e-07,869.267,144088,2.04077e-07,983.76,162277,1e-08,1113.3,179223,1e-08,1259.87,193777,1e-08,1425.68,204839,4.55555e-07,6.2823,3.27286,2.43537,0.219672,6.18826,2.24117,0.56371,6.87772,2.63624,0.308279,11,14,11,1,0,1,3,6,0,8,9,0,1,9,0,4,12,0,1,29,0,13,11,0,7,21,0,2,15,0,13,48,0,13,20,0,8,99,0,5,74,0,10,120,0,15,100,0,10,152,0,22,145,0,9,274,0,21,421,0,27,297,0,55,582,0,47,263,0,25,895,0,46,1603,0,74,1139,0,66,2454,0,53,1771,0,67,4068,0,82,2167,0,153,3989,0,153,6809,0,178,7064,0,129,7864,0,192,5468,0,123,13896,0,222,14143,0,135,21528,0,120,21525,0,132,38673,0,311,46078,0,519,45344,0,220,54825,0,376,95668,0,505,106905,0,231,34740,0,1511,182744,0,944,99128,0,881,260993,0,700,142876,0,651,307242,0,1077,153094,0,1577,196885,0
-1.05176e+08,1,8.88811e-15,10,1023,0,1.05176e+08,0.528882,1.08665,0.389689,0.145397,0.379329,3.24381,0.161596,0.446195,1.77396,0.159177,1.15e+07,4.49998e+06,6.79999e+06,1.15e+07,4.49997e+06,6.79999e+06,1.15e+07,4.49996e+06,6.79999e+06,1.15e+07,4.49995e+06,6.79999e+06,1.14999e+07,4.49993e+06,6.79999e+06,1.14999e+07,4.49991e+06,6.79999e+06,1.14999e+07,4.49989e+06,6.79999e+06,1.14999e+07,4.49986e+06,6.79999e+06,1.14999e+07,4.49982e+06,6.79999e+06,1.14999e+07,4.49977e+06,6.79999e+06,1.14999e+07,4.49971e+06,6.79999e+06,1.14999e+07,4.49963e+06,6.79999e+06,1.14998e+07,4.49953e+06,6.79999e+06,1.14998e+07,4.49941e+06,6.79999e+06,1.14998e+07,4.49926e+06,6.79999e+06,1.14998e+07,4.49906e+06,6.79999e+06,1.14997e+07,4.49882e+06,6.79999e+06,1.14997e+07,4.49851e+06,6.79999e+06,1.14997e+07,4.49812e+06,6.79999e+06,1.14996e+07,4.49764e+06,6.79999e+06,1.14996e+07,4.49702e+06,6.79999e+06,1.14995e+07,4.49625e+06,6.79999e+06,1.14995e+07,4.49528e+06,6.79999e+06,1.14994e+07,4.49406e+06,6.79999e+06,1.14993e+07,4.49253e+06,6.79999e+06,1.14992e+07,4.49059e+06,6.79999e+06,1.14991e+07,4.48817e+06,6.79999e+06,1.1499e+07,4.48511e+06,6.79999e+06,1.14988e+07,4.48128e+06,6.79999e+06,1.14987e+07,4.47646e+06,6.79999e+06,1.14985e+07,4.47041e+06,6.79999e+06,1.14983e+07,4.46281e+06,6.79999e+06,1.14981e+07,4.4533e+06,6.79999e+06,1.14979e+07,4.44138e+06,6.79999e+06,1.14976e+07,4.42649e+06,6.79999e+06,1.14972e+07,4.40789e+06,6.79999e+06,1.14969e+07,4.38471e+06,6.79999e+06,1.14965e+07,4.35592e+06,6.79999e+06,1.1496e+07,4.32027e+06,6.79999e+06,1.14955e+07,4.27629e+06,6.79999e+06,1.14949e+07,4.22231e+06,6.79999e+06,1.14942e+07,4.15647e+06,6.79999e+06,1.14934e+07,4.07676e+06,6.79999e+06,1.14926e+07,3.98112e+06,6.79999e+06,1.14916e+07,3.86765e+06,6.79999e+06,1.14905e+07,3.73474e+06,6.79999e+06,1.14892e+07,3.58148e+06,6.79999e+06,1.14878e+07,3.40785e+06,6.79999e+06,1.14862e+07,3.21513e+06,6.79999e+06,1.14844e+07,3.00605e+06,6.79999e+06,1.14823e+07,2.7848e+06,6.79999e+06,1.148e+07,2.5568e+06,6.79999e+06,1.14773e+07,2.32825e+06,6.79999e+06,13.5742,8.52444,0.508366,16.8306,13.2585,0.162638,20.0035,17.569,0.0507846,23.2616,22.4214,0.0158319,26.7328,28.3297,0.00493498,30.5212,35.6974,0.00153831,34.7178,44.9473,0.000479527,39.4086,56.5822,0.000149456,44.6796,71.2245,4.66214e-05,50.6209,89.6543,1.45419e-05,57.3297,112.852,4.54748e-06,64.9129,142.051,1.43857e-06,73.4897,178.803,4.36618e-07,83.1934,225.062,1.40153e-07,94.1745,283.286,4.96378e-08,106.602,356.568,1.05434e-07,120.669,448.799,-6.49244e-08,136.59,564.873,1.70148e-07,154.611,710.948,-5.34594e-08,175.008,894.767,1.63407e-07,198.097,1126.06,8.04804e-08,224.231,1417.07,1.14667e-07,253.813,1783.15,-1.71227e-07,287.297,2243.62,-2.88466e-07,325.198,2822.67,-4.33651e-07,368.098,3550.67,7.9318e-08,416.657,4465.65,3.13319e-07,471.621,5615.16,3.4613e-07,533.835,7058.61,-1.19199e-07,604.255,8870.02,-2.79964e-07,683.962,11141.4,-2.30521e-07,774.182,13986.7,-2.55099e-07,876.299,17546.4,1.23585e-07,991.883,21993.1,1.41192e-07,1122.71,27536.7,-9.71886e-08,1270.78,34430.7,-3.68368e-07,1438.38,42977.7,-3.45379e-07,1628.07,53532.7,-3.25328e-09,1842.77,66504.6,2.6362e-07,2085.77,82350.2,2.53445e-07,2360.79,101560,-2.47407e-08,2672.05,124632,-3.80602e-07,3024.31,152018,-4.79005e-07,3422.98,184060,-1.14379e-07,3874.15,220884,2.64297e-07,4384.72,262283,3.44131e-07,4962.49,307576,7.5349e-08,5616.29,355497,-3.63097e-07,6356.1,404126,-6.05442e-07,7193.18,450932,-2.72333e-07,8140.28,492963,2.29675e-07,9211.79,527178,4.3387e-07,10424,550893,-1.0711e-07,10.102,8.06553,2.81012,10.6436,8.57909,0.869423,11.5336,10.2515,0.270869,12.7211,12.7138,0.0844293,14.1823,15.9373,0.0263173,15.9122,20.0383,0.0082035,17.9198,25.2154,0.00255722,20.2244,31.7373,0.000797017,22.8539,39.9486,0.000248622,25.8438,50.2851,7.75492e-05,29.237,63.2963,2.42508e-05,33.0837,79.6738,7.67162e-06,37.4415,100.288,2.32837e-06,42.3767,126.236,7.33e-07,47.9646,158.896,2.79256e-07,54.2906,200.003,9.87351e-09,61.452,251.741,1.61085e-07,69.5585,316.859,-2.47141e-07,78.7347,398.812,8.93552e-08,89.1218,501.948,-2.53231e-07,100.879,631.736,-1.25047e-07,114.188,795.049,-1.78808e-07,129.252,1000.53,2.6733e-07,146.304,1259.03,4.50292e-07,165.605,1584.19,6.76904e-07,187.452,1993.12,-1.23808e-07,212.181,2507.27,-4.89068e-07,240.173,3153.54,-5.40284e-07,271.856,3965.56,1.86061e-07,307.719,4985.38,4.37004e-07,348.313,6265.4,3.59828e-07,394.26,7870.83,3.98192e-07,446.268,9882.51,-1.92908e-07,505.135,12400.3,-2.20392e-07,571.766,15546.9,1.51705e-07,647.184,19472.2,5.74996e-07,732.547,24357.4,5.39112e-07,829.167,30420,5.07815e-09,938.526,37916.3,-4.11492e-07,1062.3,47143.9,-3.9561e-07,1202.4,58439.2,3.86185e-08,1360.96,72169.3,5.94093e-07,1540.42,88715.8,7.47693e-07,1743.53,108445,1.78537e-07,1973.41,131665,-4.12549e-07,2233.57,158557,-5.37164e-07,2528,189103,-1.17615e-07,2861.2,222986,5.66769e-07,3238.27,259510,9.45053e-07,3664.97,297540,4.25093e-07,4147.81,335497,-3.58506e-07,4694.17,371444,-6.7724e-07,5312.37,403256,1.67192e-07,1.61744,3.89446,9.84394,3.28846,7.5504,12.774,5.07607,11.7187,13.6844,7.03202,16.8147,13.9681,9.20215,23.1769,14.0566,11.6301,31.1672,14.0841,14.3598,41.2186,14.0927,17.4376,53.8688,14.0954,20.9137,69.7915,14.0962,24.8432,89.8341,14.0965,29.2879,115.063,14.0966,34.3168,146.819,14.0966,40.0078,186.792,14.0966,46.4487,237.107,14.0966,53.7388,300.44,14.0966,61.9903,380.158,14.0966,71.3301,480.499,14.0966,81.902,606.796,14.0966,93.8685,765.761,14.0966,107.414,965.837,14.0966,122.746,1217.65,14.0966,140.101,1534.57,14.0966,159.745,1933.41,14.0966,181.981,2435.3,14.0966,207.15,3066.85,14.0966,235.64,3861.46,14.0966,267.889,4861.11,14.0966,304.391,6118.54,14.0966,345.709,7699.91,14.0966,392.478,9688.22,14.0966,445.417,12187.5,14.0966,505.339,15327.7,14.0966,573.165,19271.6,14.0966,649.938,24222,14.0966,736.839,30430.9,14.0966,835.202,38211.5,14.0966,946.539,47950.3,14.0966,1072.56,60122.8,14.0966,1215.21,75309.9,14.0966,1376.66,94216.2,14.0966,1559.41,117688,14.0966,1766.26,146729,14.0966,2000.39,182510,14.0966,2265.39,226372,14.0966,2565.33,279806,14.0966,2904.81,344416,14.0966,3289.05,421845,14.0966,3723.93,513667,14.0966,4216.13,621231,14.0966,4773.18,745478,14.0966,5403.64,886744,14.0966,6117.15,1.04457e+06,14.0966,6924.63,1.2176e+06,14.0966,11.7194,11.96,12.6541,13.9321,16.1295,13.6434,16.6097,21.9702,13.9553,19.7532,29.5285,14.0526,23.3844,39.1143,14.0829,27.5423,51.2054,14.0923,32.2796,66.434,14.0953,37.662,85.6061,14.0962,43.7675,109.74,14.0965,50.687,140.119,14.0966,58.5249,178.359,14.0966,67.4005,226.493,14.0966,77.4493,287.08,14.0966,88.8254,363.343,14.0966,101.703,459.336,14.0966,116.281,580.161,14.0966,132.782,732.241,14.0966,151.46,923.655,14.0966,172.603,1164.57,14.0966,196.535,1467.79,14.0966,223.625,1849.39,14.0966,254.288,2329.62,14.0966,288.997,2933.93,14.0966,328.285,3694.33,14.0966,372.755,4651.04,14.0966,423.092,5854.57,14.0966,480.07,7368.38,14.0966,544.564,9272.08,14.0966,617.566,11665.5,14.0966,700.197,14673.6,14.0966,793.729,18452.9,14.0966,899.599,23198.6,14.0966,1019.43,29154.1,14.0966,1155.07,36622.3,14.0966,1308.6,45977.9,14.0966,1482.39,57683.7,14.0966,1679.09,72307.8,14.0966,1901.73,90542.8,14.0966,2153.73,113226,14.0966,2438.97,141360,14.0966,2761.81,176127,14.0966,3127.22,218898,14.0966,3540.81,271226,14.0966,4008.92,334817,14.0966,4538.74,411470,14.0966,5138.38,502973,14.0966,5817.04,610948,14.0966,6585.12,736653,14.0966,7454.39,880741,14.0966,8438.15,1.04302e+06,14.0966,9551.45,1.22224e+06,14.0966,10811.3,1.41602e+06,14.0966,12237,1.62086e+06,14.0966,11.7194,11.96,12.6541,2.21263,4.16949,0.989383,2.67766,5.84076,0.311842,3.14343,7.55825,0.0972771,3.63127,9.58578,0.0303237,4.15787,12.0912,0.00945211,4.73731,15.2286,0.00294633,5.38238,19.1721,0.000918508,6.10553,24.134,0.000286163,6.91951,30.3791,8.92692e-05,7.83792,38.2397,2.78121e-05,8.87555,48.1338,8.65134e-06,10.0489,60.5876,2.7882e-06,11.3761,76.2629,8.29036e-07,12.8779,95.9927,2.4373e-07,14.5775,120.825,4.33068e-09,16.5012,152.08,1.75749e-07,18.6784,191.415,-1.86328e-07,21.1428,240.917,1.91829e-07,23.9322,303.213,-1.81475e-07,27.0895,381.602,7.0186e-08,30.6634,480.231,-2.86769e-08,34.7087,604.316,2.40784e-07,39.2876,760.401,9.87368e-08,44.4705,956.705,1.22263e-07,50.3371,1203.54,-4.31966e-07,56.9776,1513.81,-1.9705e-07,64.494,1903.69,-2.763e-08,73.0018,2393.4,3.9185e-07,82.6317,3008.13,1.35379e-07,93.5318,3779.25,-4.16351e-08,105.869,4745.7,2.06965e-08,119.834,5955.6,-3.18887e-07,135.641,7468.12,-1.48271e-08,153.531,9355.62,2.00739e-07,173.781,11705.8,2.28358e-07,196.701,14624.1,-1.93587e-08,222.642,18235,-2.88101e-07,252.003,22683.4,-2.24732e-07,285.234,28134,8.56806e-09,322.845,34767,2.34258e-07,365.413,42770.9,2.99668e-07,413.588,52327.9,8.28644e-08,468.111,63591.2,-3.07049e-07,529.814,76653.2,-3.1888e-07,599.642,91502.5,-6.72276e-08,678.662,107975,2.26339e-07,768.083,125705,3.69212e-07,869.267,144088,2.04077e-07,983.76,162277,-2.80509e-07,1113.3,179223,-4.22737e-07,1259.87,193777,-1.71951e-07,1425.68,204839,4.55555e-07,11.7194,11.96,12.6541,2.21263,4.16949,0.989383,2.67766,5.84076,0.311842,3.14343,7.55825,0.0972771,3.63127,9.58578,0.0303237,4.15787,12.0912,0.00945211,4.73731,15.2286,0.00294633,5.38238,19.1721,0.000918508,6.10553,24.134,0.000286163,6.91951,30.3791,8.92692e-05,7.83792,38.2397,2.78121e-05,8.87555,48.1338,8.65134e-06,10.0489,60.5876,2.7882e-06,11.3761,76.2629,8.29036e-07,12.8779,95.9927,2.4373e-07,14.5775,120.825,1e-08,16.5012,152.08,1.75749e-07,18.6784,191.415,1e-08,21.1428,240.917,1.91829e-07,23.9322,303.213,1e-08,27.0895,381.602,7.0186e-08,30.6634,480.231,1e-08,34.7087,604.316,2.40784e-07,39.2876,760.401,9.87368e-08,44.4705,956.705,1.22263e-07,50.3371,1203.54,1e-08,56.9776,1513.81,1e-08,64.494,1903.69,1e-08,73.0018,2393.4,3.9185e-07,82.6317,3008.13,1.35379e-07,93.5318,3779.25,1e-08,105.869,4745.7,2.06965e-08,119.834,5955.6,1e-08,135.641,7468.12,1e-08,153.531,9355.62,2.00739e-07,173.781,11705.8,2.28358e-07,196.701,14624.1,1e-08,222.642,18235,1e-08,252.003,22683.4,1e-08,285.234,28134,1e-08,322.845,34767,2.34258e-07,365.413,42770.9,2.99668e-07,413.588,52327.9,8.28644e-08,468.111,63591.2,1e-08,529.814,76653.2,1e-08,599.642,91502.5,1e-08,678.662,107975,2.26339e-07,768.083,125705,3.69212e-07,869.267,144088,2.04077e-07,983.76,162277,1e-08,1113.3,179223,1e-08,1259.87,193777,1e-08,1425.68,204839,4.55555e-07,6.2823,3.27286,2.43537,0.219672,6.18826,2.24117,0.56371,6.87772,2.63624,0.308279,20,3,11,1,6,0,2,3,1,1,7,0,2,11,0,7,16,0,6,16,0,3,32,0,3,25,0,14,44,0,4,39,0,2,27,0,10,69,0,10,86,0,10,126,0,27,113,0,14,83,0,20,127,0,33,393,0,24,209,0,19,212,0,27,464,0,67,335,0,28,1843,0,37,1066,0,44,1742,0,44,930,0,50,2551,0,33,2385,0,100,3086,0,101,2664,0,149,3633,0,74,4535,0,153,6918,0,246,11086,0,161,12260,0,250,20322,0,426,19826,0,221,41433,0,351,20951,0,254,47566,0,230,88756,0,421,58153,0,460,80162,0,380,136870,0,1272,44270,0,862,127566,0,642,87194,0,1688,116362,0,663,140510,0,1503,219080,0,921,152097,0,534,152769,0
-1.05176e+08,1,8.88811e-15,10,1023,0,1.05176e+08,0.528882,1.08665,0.389689,0.145397,0.379329,3.24381,0.161596,0.446195,1.77396,0.159177,1.15e+07,4.49998e+06,6.79999e+06,1.15e+07,4.49997e+06,6.79999e+06,1.15e+07,4.49996e+06,6.79999e+06,1.15e+07,4.49995e+06,6.79999e+06,1.14999e+07,4.49993e+06,6.79999e+06,1.14999e+07,4.49991e+06,6.79999e+06,1.14999e+07,4.49989e+06,6.79999e+06,1.14999e+07,4.49986e+06,6.79999e+06,1.14999e+07,4.49982e+06,6.79999e+06,1.14999e+07,4.49977e+06,6.79999e+06,1.14999e+07,4.49971e+06,6.79999e+06,1.14999e+07,4.49963e+06,6.79999e+06,1.14998e+07,4.49953e+06,6.79999e+06,1.14998e+07,4.49941e+06,6.79999e+06,1.14998e+07,4.49926e+06,6.79999e+06,1.14998e+07,4.49906e+06,6.79999e+06,1.14997e+07,4.49882e+06,6.79999e+06,1.14997e+07,4.49851e+06,6.79999e+06,1.14997e+07,4.49812e+06,6.79999e+06,1.14996e+07,4.49764e+06,6.79999e+06,1.14996e+07,4.49702e+06,6.79999e+06,1.14995e+07,4.49625e+06,6.79999e+06,1.14995e+07,4.49528e+06,6.79999e+06,1.14994e+07,4.49406e+06,6.79999e+06,1.14993e+07,4.49253e+06,6.79999e+06,1.14992e+07,4.49059e+06,6.79999e+06,1.14991e+07,4.48817e+06,6.79999e+06,1.1499e+07,4.48511e+06,6.79999e+06,1.14988e+07,4.48128e+06,6.79999e+06,1.14987e+07,4.47646e+06,6.79999e+06,1.14985e+07,4.47041e+06,6.79999e+06,1.14983e+07,4.46281e+06,6.79999e+06,1.14981e+07,4.4533e+06,6.79999e+06,1.14979e+07,4.44138e+06,6.79999e+06,1.14976e+07,4.42649e+06,6.79999e+06,1.14972e+07,4.40789e+06,6.79999e+06,1.14969e+07,4.38471e+06,6.79999e+06,1.14965e+07,4.35592e+06,6.79999e+06,1.1496e+07,4.32027e+06,6.79999e+06,1.14955e+07,4.27629e+06,6.79999e+06,1.14949e+07,4.22231e+06,6.79999e+06,1.14942e+07,4.15647e+06,6.79999e+06,1.14934e+07,4.07676e+06,6.79999e+06,1.14926e+07,3.98112e+06,6.79999e+06,1.14916e+07,3.86765e+06,6.79999e+06,1.14905e+07,3.73474e+06,6.79999e+06,1.14892e+07,3.58148e+06,6.79999e+06,1.14878e+07,3.40785e+06,6.79999e+06,1.14862e+07,3.21513e+06,6.79999e+06,1.14844e+07,3.00605e+06,6.79999e+06,1.14823e+07,2.7848e+06,6.79999e+06,1.148e+07,2.5568e+06,6.79999e+06,1.14773e+07,2.32825e+06,6.79999e+06,13.5742,8.52444,0.508366,16.8306,13.2585,0.162638,20.0035,17.569,0.0507846,23.2616,22.4214,0.0158319,26.7328,28.3297,0.00493498,30.5212,35.6974,0.00153831,34.7178,44.9473,0.000479527,39.4086,56.5822,0.000149456,44.6796,71.2245,4.66214e-05,50.6209,89.6543,1.45419e-05,57.3297,112.852,4.54748e-06,64.9129,142.051,1.43857e-06,73.4897,178.803,4.36618e-07,83.1934,225.062,1.40153e-07,94.1745,283.286,4.96378e-08,106.602,356.568,1.05434e-07,120.669,448.799,-6.49244e-08,136.59,564.873,1.70148e-07,154.611,710.948,-5.34594e-08,175.008,894.767,1.63407e-07,198.097,1126.06,8.04804e-08,224.231,1417.07,1.14667e-07,253.813,1783.15,-1.71227e-07,287.297,2243.62,-2.88466e-07,325.198,2822.67,-4.33651e-07,368.098,3550.67,7.9318e-08,416.657,4465.65,3.13319e-07,471.621,5615.16,3.4613e-07,533.835,7058.61,-1.19199e-07,604.255,8870.02,-2.79964e-07,683.962,11141.4,-2.30521e-07,774.182,13986.7,-2.55099e-07,876.299,17546.4,1.23585e-07,991.883,21993.1,1.41192e-07,1122.71,27536.7,-9.71886e-08,1270.78,34430.7,-3.68368e-07,1438.38,42977.7,-3.45379e-07,1628.07,53532.7,-3.25328e-09,1842.77,66504.6,2.6362e-07,2085.77,82350.2,2.53445e-07,2360.79,101560,-2.47407e-08,2672.05,124632,-3.80602e-07,3024.31,152018,-4.79005e-07,3422.98,184060,-1.14379e-07,3874.15,220884,2.64297e-07,4384.72,262283,3.44131e-07,4962.49,307576,7.5349e-08,5616.29,355497,-3.63097e-07,6356.1,404126,-6.05442e-07,7193.18,450932,-2.72333e-07,8140.28,492963,2.29675e-07,9211.79,527178,4.3387e-07,10424,550893,-1.0711e-07,10.102,8.06553,2.81012,10.6436,8.57909,0.869423,11.5336,10.2515,0.270869,12.7211,12.7138,0.0844293,14.1823,15.9373,0.0263173,15.9122,20.0383,0.0082035,17.9198,25.2154,0.00255722,20.2244,31.7373,0.000797017,22.8539,39.9486,0.000248622,25.8438,50.2851,7.75492e-05,29.237,63.2963,2.42508e-05,33.0837,79.6738,7.67162e-06,37.4415,100.288,2.32837e-06,42.3767,126.236,7.33e-07,47.9646,158.896,2.79256e-07,54.2906,200.003,9.87351e-09,61.452,251.741,1.61085e-07,69.5585,316.859,-2.47141e-07,78.7347,398.812,8.93552e-08,89.1218,501.948,-2.53231e-07,100.879,631.736,-1.25047e-07,114.188,795.049,-1.78808e-07,129.252,1000.53,2.6733e-07,146.304,1259.03,4.50292e-07,165.605,1584.19,6.76904e-07,187.452,1993.12,-1.23808e-07,212.181,2507.27,-4.89068e-07,240.173,3153.54,-5.40284e-07,271.856,3965.56,1.86061e-07,307.719,4985.38,4.37004e-07,348.313,6265.4,3.59828e-07,394.26,7870.83,3.98192e-07,446.268,9882.51,-1.92908e-07,505.135,12400.3,-2.20392e-07,571.766,15546.9,1.51705e-07,647.184,19472.2,5.74996e-07,732.547,24357.4,5.39112e-07,829.167,30420,5.07815e-09,938.526,37916.3,-4.11492e-07,1062.3,47143.9,-3.9561e-07,1202.4,58439.2,3.86185e-08,1360.96,72169.3,5.94093e-07,1540.42,88715.8,7.47693e-07,1743.53,108445,1.78537e-07,1973.41,131665,-4.12549e-07,2233.57,158557,-5.37164e-07,2528,189103,-1.17615e-07,2861.2,222986,5.66769e-07,3238.27,259510,9.45053e-07,3664.97,297540,4.25093e-07,4147.81,335497,-3.58506e-07,4694.17,371444,-6.7724e-07,5312.37,403256,1.67192e-07,1.61744,3.89446,9.84394,3.28846,7.5504,12.774,5.07607,11.7187,13.6844,7.03202,16.8147,13.9681,9.20215,23.1769,14.0566,11.6301,31.1672,14.0841,14.3598,41.2186,14.0927,17.4376,53.8688,14.0954,20.9137,69.7915,14.0962,24.8432,89.8341,14.0965,29.2879,115.063,14.0966,34.3168,146.819,14.0966,40.0078,186.792,14.0966,46.4487,237.107,14.0966,53.7388,300.44,14.0966,61.9903,380.158,14.0966,71.3301,480.499,14.0966,81.902,606.796,14.0966,93.8685,765.761,14.0966,107.414,965.837,14.0966,122.746,1217.65,14.0966,140.101,1534.57,14.0966,159.745,1933.41,14.0966,181.981,2435.3,14.0966,207.15,3066.85,14.0966,235.64,3861.46,14.0966,267.889,4861.11,14.0966,304.391,6118.54,14.0966,345.709,7699.91,14.0966,392.478,9688.22,14.0966,445.417,12187.5,14.0966,505.339,15327.7,14.0966,573.165,19271.6,14.0966,649.938,24222,14.0966,736.839,30430.9,14.0966,835.202,38211.5,14.0966,946.539,47950.3,14.0966,1072.56,60122.8,14.0966,1215.21,75309.9,14.0966,1376.66,94216.2,14.0966,1559.41,117688,14.0966,1766.26,146729,14.0966,2000.39,182510,14.0966,2265.39,226372,14.0966,2565.33,279806,14.0966,2904.81,344416,14.0966,3289.05,421845,14.0966,3723.93,513667,14.0966,4216.13,621231,14.0966,4773.18,745478,14.0966,5403.64,886744,14.0966,6117.15,1.04457e+06,14.0966,6924.63,1.2176e+06,14.0966,11.7194,11.96,12.6541,13.9321,16.1295,13.6434,16.6097,21.9702,13.9553,19.7532,29.5285,14.0526,23.3844,39.1143,14.0829,27.5423,51.2054,14.0923,32.2796,66.434,14.0953,37.662,85.6061,14.0962,43.7675,109.74,14.0965,50.687,140.119,14.0966,58.5249,178.359,14.0966,67.4005,226.493,14.0966,77.4493,287.08,14.0966,88.8254,363.343,14.0966,101.703,459.336,14.0966,116.281,580.161,14.0966,132.782,732.241,14.0966,151.46,923.655,14.0966,172.603,1164.57,14.0966,196.535,1467.79,14.0966,223.625,1849.39,14.0966,254.288,2329.62,14.0966,288.997,2933.93,14.0966,328.285,3694.33,14.0966,372.755,4651.04,14.0966,423.092,5854.57,14.0966,480.07,7368.38,14.0966,544.564,9272.08,14.0966,617.566,11665.5,14.0966,700.197,14673.6,14.0966,793.729,18452.9,14.0966,899.599,23198.6,14.0966,1019.43,29154.1,14.0966,1155.07,36622.3,14.0966,1308.6,45977.9,14.0966,1482.39,57683.7,14.0966,1679.09,72307.8,14.0966,1901.73,90542.8,14.0966,2153.73,113226,14.0966,2438.97,141360,14.0966,2761.81,176127,14.0966,3127.22,218898,14.0966,3540.81,271226,14.0966,4008.92,334817,14.0966,4538.74,411470,14.0966,5138.38,502973,14.0966,5817.04,610948,14.0966,6585.12,736653,14.0966,7454.39,880741,14.0966,8438.15,1.04302e+06,14.0966,9551.45,1.22224e+06,14.0966,10811.3,1.41602e+06,14.0966,12237,1.62086e+06,14.0966,11.7194,11.96,12.6541,2.21263,4.16949,0.989383,2.67766,5.84076,0.311842,3.14343,7.55825,0.0972771,3.63127,9.58578,0.0303237,4.15787,12.0912,0.00945211,4.73731,15.2286,0.00294633,5.38238,19.1721,0.000918508,6.10553,24.134,0.000286163,6.91951,30.3791,8.92692e-05,7.83792,38.2397,2.78121e-05,8.87555,48.1338,8.65134e-06,10.0489,60.5876,2.7882e-06,11.3761,76.2629,8.29036e-07,12.8779,95.9927,2.4373e-07,14.5775,120.825,4.33068e-09,16.5012,152.08,1.75749e-07,18.6784,191.415,-1.86328e-07,21.1428,240.917,1.91829e-07,23.9322,303.213,-1.81475e-07,27.0895,381.602,7.0186e-08,30.6634,480.231,-2.86769e-08,34.7087,604.316,2.40784e-07,39.2876,760.401,9.87368e-08,44.4705,956.705,1.22263e-07,50.3371,1203.54,-4.31966e-07,56.9776,1513.81,-1.9705e-07,64.494,1903.69,-2.763e-08,73.0018,2393.4,3.9185e-07,82.6317,3008.13,1.35379e-07,93.5318,3779.25,-4.16351e-08,105.869,4745.7,2.06965e-08,119.834,5955.6,-3.18887e-07,135.641,7468.12,-1.48271e-08,153.531,9355.62,2.00739e-07,173.781,11705.8,2.28358e-07,196.701,14624.1,-1.93587e-08,222.642,18235,-2.88101e-07,252.003,22683.4,-2.24732e-07,285.234,28134,8.56806e-09,322.845,34767,2.34258e-07,365.413,42770.9,2.99668e-07,413.588,52327.9,8.28644e-08,468.111,63591.2,-3.07049e-07,529.814,76653.2,-3.1888e-07,599.642,91502.5,-6.72276e-08,678.662,107975,2.26339e-07,768.083,125705,3.69212e-07,869.267,144088,2.04077e-07,983.76,162277,-2.80509e-07,1113.3,179223,-4.22737e-07,1259.87,193777,-1.71951e-07,1425.68,204839,4.55555e-07,11.7194,11.96,12.6541,2.21263,4.16949,0.989383,2.67766,5.84076,0.311842,3.14343,7.55825,0.0972771,3.63127,9.58578,0.0303237,4.15787,12.0912,0.00945211,4.73731,15.2286,0.00294633,5.38238,19.1721,0.000918508,6.10553,24.134,0.000286163,6.91951,30.3791,8.92692e-05,7.83792,38.2397,2.78121e-05,8.87555,48.1338,8.65134e-06,10.0489,60.5876,2.7882e-06,11.3761,76.2629,8.29036e-07,12.8779,95.9927,2.4373e-07,14.5775,120.825,1e-08,16.5012,152.08,1.75749e-07,18.6784,191.415,1e-08,21.1428,240.917,1.91829e-07,23.9322,303.213,1e-08,27.0895,381.602,7.0186e-08,30.6634,480.231,1e-08,34.7087,604.316,2.40784e-07,39.2876,760.401,9.87368e-08,44.4705,956.705,1.22263e-07,50.3371,1203.54,1e-08,56.9776,1513.81,1e-08,64.494,1903.69,1e-08,73.0018,2393.4,3.9185e-07,82.6317,3008.13,1.35379e-07,93.5318,3779.25,1e-08,105.869,4745.7,2.06965e-08,119.834,5955.6,1e-08,135.641,7468.12,1e-08,153.531,9355.62,2.00739e-07,173.781,11705.8,2.28358e-07,196.701,14624.1,1e-08,222.642,18235,1e-08,252.003,22683.4,1e-08,285.234,28134,1e-08,322.845,34767,2.34258e-07,365.413,42770.9,2.99668e-07,413.588,52327.9,8.28644e-08,468.111,63591.2,1e-08,529.814,76653.2,1e-08,599.642,91502.5,1e-08,678.662,107975,2.26339e-07,768.083,125705,3.69212e-07,869.267,144088,2.04077e-07,983.76,162277,1e-08,1113.3,179223,1e-08,1259.87,193777,1e-08,1425.68,204839,4.55555e-07,6.2823,3.27286,2.43537,0.219672,6.18826,2.24117,0.56371,6.87772,2.63624,0.308279,7,11,25,4,6,0,4,8,0,6,5,0,3,12,0,1,16,0,9,20,0,11,8,0,10,34,0,8,21,0,5,66,0,4,74,0,10,99,0,4,111,0,19,150,0,6,105,0,12,254,0,15,169,0,11,143,0,21,245,0,31,517,0,15,334,0,58,658,0,38,304,0,40,1512,0,19,1075,0,43,1567,0,84,2262,0,41,2861,0,70,2768,0,129,2838,0,185,3953,0,103,3376,0,127,5905,0,99,5730,0,325,15851,0,224,18774,0,238,35572,0,196,15137,0,287,21334,0,556,33795,0,247,57059,0,298,36191,0,444,106141,0,228,56888,0,422,117680,0,824,84208,0,306,260478,0,1087,182340,0,2156,92980,0,2161,228353,0,1200,202119,0,1494,170918,0
-1.05176e+08,1,8.88811e-15,10,1023,0,1.05176e+08,0.528882,1.08665,0.389689,0.145397,0.379329,3.24381,0.161596,0.446195,1.77396,0.159177,1.15e+07,4.49998e+06,6.79999e+06,1.15e+07,4.49997e+06,6.79999e+06,1.15e+07,4.49996e+06,6.79999e+06,1.15e+07,4.49995e+06,6.79999e+06,1.14999e+07,4.49993e+06,6.79999e+06,1.14999e+07,4.49991e+06,6.79999e+06,1.14999e+07,4.49989e+06,6.79999e+06,1.14999e+07,4.49986e+06,6.79999e+06,1.14999e+07,4.49982e+06,6.79999e+06,1.14999e+07,4.49977e+06,6.79999e+06,1.14999e+07,4.49971e+06,6.79999e+06,1.14999e+07,4.49963e+06,6.79999e+06,1.14998e+07,4.49953e+06,6.79999e+06,1.14998e+07,4.49941e+06,6.79999e+06,1.14998e+07,4.49926e+06,6.79999e+06,1.14998e+07,4.49906e+06,6.79999e+06,1.14997e+07,4.49882e+06,6.79999e+06,1.14997e+07,4.49851e+06,6.79999e+06,1.14997e+07,4.49812e+06,6.79999e+06,1.14996e+07,4.49764e+06,6.79999e+06,1.14996e+07,4.49702e+06,6.79999e+06,1.14995e+07,4.49625e+06,6.79999e+06,1.14995e+07,4.49528e+06,6.79999e+06,1.14994e+07,4.49406e+06,6.79999e+06,1.14993e+07,4.49253e+06,6.79999e+06,1.14992e+07,4.49059e+06,6.79999e+06,1.14991e+07,4.48817e+06,6.79999e+06,1.1499e+07,4.48511e+06,6.79999e+06,1.14988e+07,4.48128e+06,6.79999e+06,1.14987e+07,4.47646e+06,6.79999e+06,1.14985e+07,4.47041e+06,6.79999e+06,1.14983e+07,4.46281e+06,6.79999e+06,1.14981e+07,4.4533e+06,6.79999e+06,1.14979e+07,4.44138e+06,6.79999e+06,1.14976e+07,4.42649e+06,6.79999e+06,1.14972e+07,4.40789e+06,6.79999e+06,1.14969e+07,4.38471e+06,6.79999e+06,1.14965e+07,4.35592e+06,6.79999e+06,1.1496e+07,4.32027e+06,6.79999e+06,1.14955e+07,4.27629e+06,6.79999e+06,1.14949e+07,4.22231e+06,6.79999e+06,1.14942e+07,4.15647e+06,6.79999e+06,1.14934e+07,4.07676e+06,6.79999e+06,1.14926e+07,3.98112e+06,6.79999e+06,1.14916e+07,3.86765e+06,6.79999e+06,1.14905e+07,3.73474e+06,6.79999e+06,1.14892e+07,3.58148e+06,6.79999e+06,1.14878e+07,3.40785e+06,6.79999e+06,1.14862e+07,3.21513e+06,6.79999e+06,1.14844e+07,3.00605e+06,6.79999e+06,1.14823e+07,2.7848e+06,6.79999e+06,1.148e+07,2.5568e+06,6.79999e+06,1.14773e+07,2.32825e+06,6.79999e+06,13.5742,8.52444,0.508366,16.8306,13.2585,0.162638,20.0035,17.569,0.0507846,23.2616,22.4214,0.0158319,26.7328,28.3297,0.00493498,30.5212,35.6974,0.00153831,34.7178,44.9473,0.000479527,39.4086,56.5822,0.000149456,44.6796,71.2245,4.66214e-05,50.6209,89.6543,1.45419e-05,57.3297,112.852,4.54748e-06,64.9129,142.051,1.43857e-06,73.4897,178.803,4.36618e-07,83.1934,225.062,1.40153e-07,94.1745,283.286,4.96378e-08,106.602,356.568,1.05434e-07,120.669,448.799,-6.49244e-08,136.59,564.873,1.70148e-07,154.611,710.948,-5.34594e-08,175.008,894.767,1.63407e-07,198.097,1126.06,8.04804e-08,224.231,1417.07,1.14667e-07,253.813,1783.15,-1.71227e-07,287.297,2243.62,-2.88466e-07,325.198,2822.67,-4.33651e-07,368.098,3550.67,7.9318e-08,416.657,4465.65,3.13319e-07,471.621,5615.16,3.4613e-07,533.835,7058.61,-1.19199e-07,604.255,8870.02,-2.79964e-07,683.962,11141.4,-2.30521e-07,774.182,13986.7,-2.55099e-07,876.299,17546.4,1.23585e-07,991.883,21993.1,1.41192e-07,1122.71,27536.7,-9.71886e-08,1270.78,34430.7,-3.68368e-07,1438.38,42977.7,-3.45379e-07,1628.07,53532.7,-3.25328e-09,1842.77,66504.6,2.6362e-07,2085.77,82350.2,2.53445e-07,2360.79,101560,-2.47407e-08,2672.05,124632,-3.80602e-07,3024.31,152018,-4.79005e-07,3422.98,184060,-1.14379e-07,3874.15,220884,2.64297e-07,4384.72,262283,3.44131e-07,4962.49,307576,7.5349e-08,5616.29,355497,-3.63097e-07,6356.1,404126,-6.05442e-07,7193.18,450932,-2.72333e-07,8140.28,492963,2.29675e-07,9211.79,527178,4.3387e-07,10424,550893,-1.0711e-07,10.102,8.06553,2.81012,10.6436,8.57909,0.869423,11.5336,10.2515,0.270869,12.7211,12.7138,0.0844293,14.1823,15.9373,0.0263173,15.9122,20.0383,0.0082035,17.9198,25.2154,0.00255722,20.2244,31.7373,0.000797017,22.8539,39.9486,0.000248622,25.8438,50.2851,7.75492e-05,29.237,63.2963,2.42508e-05,33.0837,79.6738,7.67162e-06,37.4415,100.288,2.32837e-06,42.3767,126.236,7.33e-07,47.9646,158.896,2.79256e-07,54.2906,200.003,9.87351e-09,61.452,251.741,1.61085e-07,69.5585,316.859,-2.47141e-07,78.7347,398.812,8.93552e-08,89.1218,501.948,-2.53231e-07,100.879,631.736,-1.25047e-07,114.188,795.049,-1.78808e-07,129.252,1000.53,2.6733e-07,146.304,1259.03,4.50292e-07,165.605,1584.19,6.76904e-07,187.452,1993.12,-1.23808e-07,212.181,2507.27,-4.89068e-07,240.173,3153.54,-5.40284e-07,271.856,3965.56,1.86061e-07,307.719,4985.38,4.37004e-07,348.313,6265.4,3.59828e-07,394.26,7870.83,3.98192e-07,446.268,9882.51,-1.92908e-07,505.135,12400.3,-2.20392e-07,571.766,15546.9,1.51705e-07,647.184,19472.2,5.74996e-07,732.547,24357.4,5.39112e-07,829.167,30420,5.07815e-09,938.526,37916.3,-4.11492e-07,1062.3,47143.9,-3.9561e-07,1202.4,58439.2,3.86185e-08,1360.96,72169.3,5.94093e-07,1540.42,88715.8,7.47693e-07,1743.53,108445,1.78537e-07,1973.41,131665,-4.12549e-07,2233.57,158557,-5.37164e-07,2528,189103,-1.17615e-07,2861.2,222986,5.66769e-07,3238.27,259510,9.45053e-07,3664.97,297540,4.25093e-07,4147.81,335497,-3.58506e-07,4694.17,371444,-6.7724e-07,5312.37,403256,1.67192e-07,1.61744,3.89446,9.84394,3.28846,7.5504,12.774,5.07607,11.7187,13.6844,7.03202,16.8147,13.9681,9.20215,23.1769,14.0566,11.6301,31.1672,14.0841,14.3598,41.2186,14.0927,17.4376,53.8688,14.0954,20.9137,69.7915,14.0962,24.8432,89.8341,14.0965,29.2879,115.063,14.0966,34.3168,146.819,14.0966,40.0078,186.792,14.0966,46.4487,237.107,14.0966,53.7388,300.44,14.0966,61.9903,380.158,14.0966,71.3301,480.499,14.0966,81.902,606.796,14.0966,93.8685,765.761,14.0966,107.414,965.837,14.0966,122.746,1217.65,14.0966,140.101,1534.57,14.0966,159.745,1933.41,14.0966,181.981,2435.3,14.0966,207.15,3066.85,14.0966,235.64,3861.46,14.0966,267.889,4861.11,14.0966,304.391,6118.54,14.0966,345.709,7699.91,14.0966,392.478,9688.22,14.0966,445.417,12187.5,14.0966,505.339,15327.7,14.0966,573.165,19271.6,14.0966,649.938,24222,14.0966,736.839,30430.9,14.0966,835.202,38211.5,14.0966,946.539,47950.3,14.0966,1072.56,60122.8,14.0966,1215.21,75309.9,14.0966,1376.66,94216.2,14.0966,1559.41,117688,14.0966,1766.26,146729,14.0966,2000.39,182510,14.0966,2265.39,226372,14.0966,2565.33,279806,14.0966,2904.81,344416,14.0966,3289.05,421845,14.0966,3723.93,513667,14.0966,4216.13,621231,14.0966,4773.18,745478,14.0966,5403.64,886744,14.0966,6117.15,1.04457e+06,14.0966,6924.63,1.2176e+06,14.0966,11.7194,11.96,12.6541,13.9321,16.1295,13.6434,16.6097,21.9702,13.9553,19.7532,29.5285,14.0526,23.3844,39.1143,14.0829,27.5423,51.2054,14.0923,32.2796,66.434,14.0953,37.662,85.6061,14.0962,43.7675,109.74,14.0965,50.687,140.119,14.0966,58.5249,178.359,14.0966,67.4005,226.493,14.0966,77.4493,287.08,14.0966,88.8254,363.343,14.0966,101.703,459.336,14.0966,116.281,580.161,14.0966,132.782,732.241,14.0966,151.46,923.655,14.0966,172.603,1164.57,14.0966,196.535,1467.79,14.0966,223.625,1849.39,14.0966,254.288,2329.62,14.0966,288.997,2933.93,14.0966,328.285,3694.33,14.0966,372.755,4651.04,14.0966,423.092,5854.57,14.0966,480.07,7368.38,14.0966,544.564,9272.08,14.0966,617.566,11665.5,14.0966,700.197,14673.6,14.0966,793.729,18452.9,14.0966,899.599,23198.6,14.0966,1019.43,29154.1,14.0966,1155.07,36622.3,14.0966,1308.6,45977.9,14.0966,1482.39,57683.7,14.0966,1679.09,72307.8,14.0966,1901.73,90542.8,14.0966,2153.73,113226,14.0966,2438.97,141360,14.0966,2761.81,176127,14.0966,3127.22,218898,14.0966,3540.81,271226,14.0966,4008.92,334817,14.0966,4538.74,411470,14.0966,5138.38,502973,14.0966,5817.04,610948,14.0966,6585.12,736653,14.0966,7454.39,880741,14.0966,8438.15,1.04302e+06,14.0966,9551.45,1.22224e+06,14.0966,10811.3,1.41602e+06,14.0966,12237,1.62086e+06,14.0966,11.7194,11.96,12.6541,2.21263,4.16949,0.989383,2.67766,5.84076,0.311842,3.14343,7.55825,0.0972771,3.63127,9.58578,0.0303237,4.15787,12.0912,0.00945211,4.73731,15.2286,0.00294633,5.38238,19.1721,0.000918508,6.10553,24.134,0.000286163,6.91951,30.3791,8.92692e-05,7.83792,38.2397,2.78121e-05,8.87555,48.1338,8.65134e-06,10.0489,60.5876,2.7882e-06,11.3761,76.2629,8.29036e-07,12.8779,95.9927,2.4373e-07,14.5775,120.825,4.33068e-09,16.5012,152.08,1.75749e-07,18.6784,191.415,-1.86328e-07,21.1428,240.917,1.91829e-07,23.9322,303.213,-1.81475e-07,27.0895,381.602,7.0186e-08,30.6634,480.231,-2.86769e-08,34.7087,604.316,2.40784e-07,39.2876,760.401,9.87368e-08,44.4705,956.705,1.22263e-07,50.3371,1203.54,-4.31966e-07,56.9776,1513.81,-1.9705e-07,64.494,1903.69,-2.763e-08,73.0018,2393.4,3.9185e-07,82.6317,3008.13,1.35379e-07,93.5318,3779.25,-4.16351e-08,105.869,4745.7,2.06965e-08,119.834,5955.6,-3.18887e-07,135.641,7468.12,-1.48271e-08,153.531,9355.62,2.00739e-07,173.781,11705.8,2.28358e-07,196.701,14624.1,-1.93587e-08,222.642,18235,-2.88101e-07,252.003,22683.4,-2.24732e-07,285.234,28134,8.56806e-09,322.845,34767,2.34258e-07,365.413,42770.9,2.99668e-07,413.588,52327.9,8.28644e-08,468.111,63591.2,-3.07049e-07,529.814,76653.2,-3.1888e-07,599.642,91502.5,-6.72276e-08,678.662,107975,2.26339e-07,768.083,125705,3.69212e-07,869.267,144088,2.04077e-07,983.76,162277,-2.80509e-07,1113.3,179223,-4.22737e-07,1259.87,193777,-1.71951e-07,1425.68,204839,4.55555e-07,11.7194,11.96,12.6541,2.21263,4.16949,0.989383,2.67766,5.84076,0.311842,3.14343,7.55825,0.0972771,3.63127,9.58578,0.0303237,4.15787,12.0912,0.00945211,4.73731,15.2286,0.00294633,5.38238,19.1721,0.000918508,6.10553,24.134,0.000286163,6.91951,30.3791,8.92692e-05,7.83792,38.2397,2.78121e-05,8.87555,48.1338,8.65134e-06,10.0489,60.5876,2.7882e-06,11.3761,76.2629,8.29036e-07,12.8779,95.9927,2.4373e-07,14.5775,120.825,1e-08,16.5012,152.08,1.75749e-07,18.6784,191.415,1e-08,21.1428,240.917,1.91829e-07,23.9322,303.213,1e-08,27.0895,381.602,7.0186e-08,30.6634,480.231,1e-08,34.7087,604.316,2.40784e-07,39.2876,760.401,9.87368e-08,44.4705,956.705,1.22263e-07,50.3371,1203.54,1e-08,56.9776,1513.81,1e-08,64.494,1903.69,1e-08,73.0018,2393.4,3.9185e-07,82.6317,3008.13,1.35379e-07,93.5318,3779.25,1e-08,105.869,4745.7,2.06965e-08,119.834,5955.6,1e-08,135.641,7468.12,1e-08,153.531,9355.62,2.00739e-07,173.781,11705.8,2.28358e-07,196.701,14624.1,1e-08,222.642,18235,1e-08,252.003,22683.4,1e-08,285.234,28134,1e-08,322.845,34767,2.34258e-07,365.413,42770.9,2.99668e-07,413.588,52327.9,8.28644e-08,468.111,63591.2,1e-08,529.814,76653.2,1e-08,599.642,91502.5,1e-08,678.662,107975,2.26339e-07,768.083,125705,3.69212e-07,869.267,144088,2.04077e-07,983.76,162277,1e-08,1113.3,179223,1e-08,1259.87,193777,1e-08,1425.68,204839,4.55555e-07,6.2823,3.27286,2.43537,0.219672,6.18826,2.24117,0.56371,6.87772,2.63624,0.308279,7,7,14,3,4,2,3,1,0,2,7,0,6,9,0,4,8,0,1,10,0,7,24,0,1,32,0,10,30,0,9,23,0,8,39,0,5,72,0,15,100,0,26,109,0,20,130,0,9,190,0,18,70,0,26,369,0,22,173,0,36,756,0,36,579,0,30,599,0,19,832,0,34,716,0,58,1073,0,46,2005,0,28,2762,0,64,2007,0,33,2360,0,118,3053,0,80,6215,0,140,5829,0,73,4383,0,130,5714,0,58,6975,0,343,6790,0,270,20102,0,209,14248,0,411,21977,0,710,36259,0,193,45427,0,459,44540,0,393,75078,0,599,102613,0,339,19534,0,661,94221,0,1418,80865,0,1638,112712,0,772,140268,0,1156,203067,0,1863,157443,0,1255,117263,0
-1.05176e+08,1,8.88811e-15,10,1023,0,1.05176e+08,0.528882,1.08665,0.389689,0.145397,0.379329,3.24381,0.161596,0.446195,1.77396,0.159177,1.15e+07,4.49998e+06,6.79999e+06,1.15e+07,4.49997e+06,6.79999e+06,1.15e+07,4.49996e+06,6.79999e+06,1.15e+07,4.49995e+06,6.79999e+06,1.14999e+07,4.49993e+06,6.79999e+06,1.14999e+07,4.49991e+06,6.79999e+06,1.14999e+07,4.49989e+06,6.79999e+06,1.14999e+07,4.49986e+06,6.79999e+06,1.14999e+07,4.49982e+06,6.79999e+06,1.14999e+07,4.49977e+06,6.79999e+06,1.14999e+07,4.49971e+06,6.79999e+06,1.14999e+07,4.49963e+06,6.79999e+06,1.14998e+07,4.49953e+06,6.79999e+06,1.14998e+07,4.49941e+06,6.79999e+06,1.14998e+07,4.49926e+06,6.79999e+06,1.14998e+07,4.49906e+06,6.79999e+06,1.14997e+07,4.49882e+06,6.79999e+06,1.14997e+07,4.49851e+06,6.79999e+06,1.14997e+07,4.49812e+06,6.79999e+06,1.14996e+07,4.49764e+06,6.79999e+06,1.14996e+07,4.49702e+06,6.79999e+06,1.14995e+07,4.49625e+06,6.79999e+06,1.14995e+07,4.49528e+06,6.79999e+06,1.14994e+07,4.49406e+06,6.79999e+06,1.14993e+07,4.49253e+06,6.79999e+06,1.14992e+07,4.49059e+06,6.79999e+06,1.14991e+07,4.48817e+06,6.79999e+06,1.1499e+07,4.48511e+06,6.79999e+06,1.14988e+07,4.48128e+06,6.79999e+06,1.14987e+07,4.47646e+06,6.79999e+06,1.14985e+07,4.47041e+06,6.79999e+06,1.14983e+07,4.46281e+06,6.79999e+06,1.14981e+07,4.4533e+06,6.79999e+06,1.14979e+07,4.44138e+06,6.79999e+06,1.14976e+07,4.42649e+06,6.79999e+06,1.14972e+07,4.40789e+06,6.79999e+06,1.14969e+07,4.38471e+06,6.79999e+06,1.14965e+07,4.35592e+06,6.79999e+06,1.1496e+07,4.32027e+06,6.79999e+06,1.14955e+07,4.27629e+06,6.79999e+06,1.14949e+07,4.22231e+06,6.79999e+06,1.14942e+07,4.15647e+06,6.79999e+06,1.14934e+07,4.07676e+06,6.79999e+06,1.14926e+07,3.98112e+06,6.79999e+06,1.14916e+07,3.86765e+06,6.79999e+06,1.14905e+07,3.73474e+06,6.79999e+06,1.14892e+07,3.58148e+06,6.79999e+06,1.14878e+07,3.40785e+06,6.79999e+06,1.14862e+07,3.21513e+06,6.79999e+06,1.14844e+07,3.00605e+06,6.79999e+06,1.14823e+07,2.7848e+06,6.79999e+06,1.148e+07,2.5568e+06,6.79999e+06,1.14773e+07,2.32825e+06,6.79999e+06,13.5742,8.52444,0.508366,16.8306,13.2585,0.162638,20.0035,17.569,0.0507846,23.2616,22.4214,0.0158319,26.7328,28.3297,0.00493498,30.5212,35.6974,0.00153831,34.7178,44.9473,0.000479527,39.4086,56.5822,0.000149456,44.6796,71.2245,4.66214e-05,50.6209,89.6543,1.45419e-05,57.3297,112.852,4.54748e-06,64.9129,142.051,1.43857e-06,73.4897,178.803,4.36618e-07,83.1934,225.062,1.40153e-07,94.1745,283.286,4.96378e-08,106.602,356.568,1.05434e-07,120.669,448.799,-6.49244e-08,136.59,564.873,1.70148e-07,154.611,710.948,-5.34594e-08,175.008,894.767,1.63407e-07,198.097,1126.06,8.04804e-08,224.231,1417.07,1.14667e-07,253.813,1783.15,-1.71227e-07,287.297,2243.62,-2.88466e-07,325.198,2822.67,-4.33651e-07,368.098,3550.67,7.9318e-08,416.657,4465.65,3.13319e-07,471.621,5615.16,3.4613e-07,533.835,7058.61,-1.19199e-07,604.255,8870.02,-2.79964e-07,683.962,11141.4,-2.30521e-07,774.182,13986.7,-2.55099e-07,876.299,17546.4,1.23585e-07,991.883,21993.1,1.41192e-07,1122.71,27536.7,-9.71886e-08,1270.78,34430.7,-3.68368e-07,1438.38,42977.7,-3.45379e-07,1628.07,53532.7,-3.25328e-09,1842.77,66504.6,2.6362e-07,2085.77,82350.2,2.53445e-07,2360.79,101560,-2.47407e-08,2672.05,124632,-3.80602e-07,3024.31,152018,-4.79005e-07,3422.98,184060,-1.14379e-07,3874.15,220884,2.64297e-07,4384.72,262283,3.44131e-07,4962.49,307576,7.5349e-08,5616.29,355497,-3.63097e-07,6356.1,404126,-6.05442e-07,7193.18,450932,-2.72333e-07,8140.28,492963,2.29675e-07,9211.79,527178,4.3387e-07,10424,550893,-1.0711e-07,10.102,8.06553,2.81012,10.6436,8.57909,0.869423,11.5336,10.2515,0.270869,12.7211,12.7138,0.0844293,14.1823,15.9373,0.0263173,15.9122,20.0383,0.0082035,17.9198,25.2154,0.00255722,20.2244,31.7373,0.000797017,22.8539,39.9486,0.000248622,25.8438,50.2851,7.75492e-05,29.237,63.2963,2.42508e-05,33.0837,79.6738,7.67162e-06,37.4415,100.288,2.32837e-06,42.3767,126.236,7.33e-07,47.9646,158.896,2.79256e-07,54.2906,200.003,9.87351e-09,61.452,251.741,1.61085e-07,69.5585,316.859,-2.47141e-07,78.7347,398.812,8.93552e-08,89.1218,501.948,-2.53231e-07,100.879,631.736,-1.25047e-07,114.188,795.049,-1.78808e-07,129.252,1000.53,2.6733e-07,146.304,1259.03,4.50292e-07,165.605,1584.19,6.76904e-07,187.452,1993.12,-1.23808e-07,212.181,2507.27,-4.89068e-07,240.173,3153.54,-5.40284e-07,271.856,3965.56,1.86061e-07,307.719,4985.38,4.37004e-07,348.313,6265.4,3.59828e-07,394.26,7870.83,3.98192e-07,446.268,9882.51,-1.92908e-07,505.135,12400.3,-2.20392e-07,571.766,15546.9,1.51705e-07,647.184,19472.2,5.74996e-07,732.547,24357.4,5.39112e-07,829.167,30420,5.07815e-09,938.526,37916.3,-4.11492e-07,1062.3,47143.9,-3.9561e-07,1202.4,58439.2,3.86185e-08,1360.96,72169.3,5.94093e-07,1540.42,88715.8,7.47693e-07,1743.53,108445,1.78537e-07,1973.41,131665,-4.12549e-07,2233.57,158557,-5.37164e-07,2528,189103,-1.17615e-07,2861.2,222986,5.66769e-07,3238.27,259510,9.45053e-07,3664.97,297540,4.25093e-07,4147.81,335497,-3.58506e-07,4694.17,371444,-6.7724e-07,5312.37,403256,1.67192e-07,1.61744,3.89446,9.84394,3.28846,7.5504,12.774,5.07607,11.7187,13.6844,7.03202,16.8147,13.9681,9.20215,23.1769,14.0566,11.6301,31.1672,14.0841,14.3598,41.2186,14.0927,17.4376,53.8688,14.0954,20.9137,69.7915,14.0962,24.8432,89.8341,14.0965,29.2879,115.063,14.0966,34.3168,146.819,14.0966,40.0078,186.792,14.0966,46.4487,237.107,14.0966,53.7388,300.44,14.0966,61.9903,380.158,14.0966,71.3301,480.499,14.0966,81.902,606.796,14.0966,93.8685,765.761,14.0966,107.414,965.837,14.0966,122.746,1217.65,14.0966,140.101,1534.57,14.0966,159.745,1933.41,14.0966,181.981,2435.3,14.0966,207.15,3066.85,14.0966,235.64,3861.46,14.0966,267.889,4861.11,14.0966,304.391,6118.54,14.0966,345.709,7699.91,14.0966,392.478,9688.22,14.0966,445.417,12187.5,14.0966,505.339,15327.7,14.0966,573.165,19271.6,14.0966,649.938,24222,14.0966,736.839,30430.9,14.0966,835.202,38211.5,14.0966,946.539,47950.3,14.0966,1072.56,60122.8,14.0966,1215.21,75309.9,14.0966,1376.66,94216.2,14.0966,1559.41,117688,14.0966,1766.26,146729,14.0966,2000.39,182510,14.0966,2265.39,226372,14.0966,2565.33,279806,14.0966,2904.81,344416,14.0966,3289.05,421845,14.0966,3723.93,513667,14.0966,4216.13,621231,14.0966,4773.18,745478,14.0966,5403.64,886744,14.0966,6117.15,1.04457e+06,14.0966,6924.63,1.2176e+06,14.0966,11.7194,11.96,12.6541,13.9321,16.1295,13.6434,16.6097,21.9702,13.9553,19.7532,29.5285,14.0526,23.3844,39.1143,14.0829,27.5423,51.2054,14.0923,32.2796,66.434,14.0953,37.662,85.6061,14.0962,43.7675,109.74,14.0965,50.687,140.119,14.0966,58.5249,178.359,14.0966,67.4005,226.493,14.0966,77.4493,287.08,14.0966,88.8254,363.343,14.0966,101.703,459.336,14.0966,116.281,580.161,14.0966,132.782,732.241,14.0966,151.46,923.655,14.0966,172.603,1164.57,14.0966,196.535,1467.79,14.0966,223.625,1849.39,14.0966,254.288,2329.62,14.0966,288.997,2933.93,14.0966,328.285,3694.33,14.0966,372.755,4651.04,14.0966,423.092,5854.57,14.0966,480.07,7368.38,14.0966,544.564,9272.08,14.0966,617.566,11665.5,14.0966,700.197,14673.6,14.0966,793.729,18452.9,14.0966,899.599,23198.6,14.0966,1019.43,29154.1,14.0966,1155.07,36622.3,14.0966,1308.6,45977.9,14.0966,1482.39,57683.7,14.0966,1679.09,72307.8,14.0966,1901.73,90542.8,14.0966,2153.73,113226,14.0966,2438.97,141360,14.0966,2761.81,176127,14.0966,3127.22,218898,14.0966,3540.81,271226,14.0966,4008.92,334817,14.0966,4538.74,411470,14.0966,5138.38,502973,14.0966,5817.04,610948,14.0966,6585.12,736653,14.0966,7454.39,880741,14.0966,8438.15,1.04302e+06,14.0966,9551.45,1.22224e+06,14.0966,10811.3,1.41602e+06,14.0966,12237,1.62086e+06,14.0966,11.7194,11.96,12.6541,2.21263,4.16949,0.989383,2.67766,5.84076,0.311842,3.14343,7.55825,0.0972771,3.63127,9.58578,0.0303237,4.15787,12.0912,0.00945211,4.73731,15.2286,0.00294633,5.38238,19.1721,0.000918508,6.10553,24.134,0.000286163,6.91951,30.3791,8.92692e-05,7.83792,38.2397,2.78121e-05,8.87555,48.1338,8.65134e-06,10.0489,60.5876,2.7882e-06,11.3761,76.2629,8.29036e-07,12.8779,95.9927,2.4373e-07,14.5775,120.825,4.33068e-09,16.5012,152.08,1.75749e-07,18.6784,191.415,-1.86328e-07,21.1428,240.917,1.91829e-07,23.9322,303.213,-1.81475e-07,27.0895,381.602,7.0186e-08,30.6634,480.231,-2.86769e-08,34.7087,604.316,2.40784e-07,39.2876,760.401,9.87368e-08,44.4705,956.705,1.22263e-07,50.3371,1203.54,-4.31966e-07,56.9776,1513.81,-1.9705e-07,64.494,1903.69,-2.763e-08,73.0018,2393.4,3.9185e-07,82.6317,3008.13,1.35379e-07,93.5318,3779.25,-4.16351e-08,105.869,4745.7,2.06965e-08,119.834,5955.6,-3.18887e-07,135.641,7468.12,-1.48271e-08,153.531,9355.62,2.00739e-07,173.781,11705.8,2.28358e-07,196.701,14624.1,-1.93587e-08,222.642,18235,-2.88101e-07,252.003,22683.4,-2.24732e-07,285.234,28134,8.56806e-09,322.845,34767,2.34258e-07,365.413,42770.9,2.99668e-07,413.588,52327.9,8.28644e-08,468.111,63591.2,-3.07049e-07,529.814,76653.2,-3.1888e-07,599.642,91502.5,-6.72276e-08,678.662,107975,2.26339e-07,768.083,125705,3.69212e-07,869.267,144088,2.04077e-07,983.76,162277,-2.80509e-07,1113.3,179223,-4.22737e-07,1259.87,193777,-1.71951e-07,1425.68,204839,4.55555e-07,11.7194,11.96,12.6541,2.21263,4.16949,0.989383,2.67766,5.84076,0.311842,3.14343,7.55825,0.0972771,3.63127,9.58578,0.0303237,4.15787,12.0912,0.00945211,4.73731,15.2286,0.00294633,5.38238,19.1721,0.000918508,6.10553,24.134,0.000286163,6.91951,30.3791,8.92692e-05,7.83792,38.2397,2.78121e-05,8.87555,48.1338,8.65134e-06,10.0489,60.5876,2.7882e-06,11.3761,76.2629,8.29036e-07,12.8779,95.9927,2.4373e-07,14.5775,120.825,1e-08,16.5012,152.08,1.75749e-07,18.6784,191.415,1e-08,21.1428,240.917,1.91829e-07,23.9322,303.213,1e-08,27.0895,381.602,7.0186e-08,30.6634,480.231,1e-08,34.7087,604.316,2.40784e-07,39.2876,760.401,9.87368e-08,44.4705,956.705,1.22263e-07,50.3371,1203.54,1e-08,56.9776,1513.81,1e-08,64.494,1903.69,1e-08,73.0018,2393.4,3.9185e-07,82.6317,3008.13,1.35379e-07,93.5318,3779.25,1e-08,105.869,4745.7,2.06965e-08,119.834,5955.6,1e-08,135.641,7468.12,1e-08,153.531,9355.62,2.00739e-07,173.781,11705.8,2.28358e-07,196.701,14624.1,1e-08,222.642,18235,1e-08,252.003,22683.4,1e-08,285.234,28134,1e-08,322.845,34767,2.34258e-07,365.413,42770.9,2.99668e-07,413.588,52327.9,8.28644e-08,468.111,63591.2,1e-08,529.814,76653.2,1e-08,599.642,91502.5,1e-08,678.662,107975,2.26339e-07,768.083,125705,3.69212e-07,869.267,144088,2.04077e-07,983.76,162277,1e-08,1113.3,179223,1e-08,1259.87,193777,1e-08,1425.68,204839,4.55555e-07,6.2823,3.27286,2.43537,0.219672,6.18826,2.24117,0.56371,6.87772,2.63624,0.308279,26,11,14,4,1,0,4,6,0,2,6,0,6,3,0,5,21,0,6,24,0,6,28,0,7,22,0,7,36,0,10,35,0,3,37,0,7,62,0,15,31,0,8,52,0,16,45,0,17,119,0,20,173,0,32,360,0,24,249,0,48,532,0,16,467,0,44,474,0,34,522,0,14,840,0,85,1233,0,61,670,0,35,1446,0,52,4668,0,94,2646,0,61,8239,0,176,4054,0,110,7378,0,59,8094,0,254,13914,0,193,8829,0,83,7582,0,156,22138,0,133,25427,0,372,14370,0,512,26255,0,625,32216,0,212,33415,0,558,60683,0,495,52483,0,551,77547,0,588,168453,0,453,366118,0,1096,129613,0,1172,163066,0,710,269282,0,1523,111286,0,1187,272046,0
-1.05176e+08,1,8.88811e-15,10,1023,0,1.05176e+08,0.528882,1.08665,0.389689,0.145397,0.379329,3.24381,0.161596,0.446195,1.77396,0.159177,1.15e+07,4.49998e+06,6.79999e+06,1.15e+07,4.49997e+06,6.79999e+06,1.15e+07,4.49996e+06,6.79999e+06,1.15e+07,4.49995e+06,6.79999e+06,1.14999e+07,4.49993e+06,6.79999e+06,1.14999e+07,4.49991e+06,6.79999e+06,1.14999e+07,4.49989e+06,6.79999e+06,1.14999e+07,4.49986e+06,6.79999e+06,1.14999e+07,4.49982e+06,6.79999e+06,1.14999e+07,4.49977e+06,6.79999e+06,1.14999e+07,4.49971e+06,6.79999e+06,1.14999e+07,4.49963e+06,6.79999e+06,1.14998e+07,4.49953e+06,6.79999e+06,1.14998e+07,4.49941e+06,6.79999e+06,1.14998e+07,4.49926e+06,6.79999e+06,1.14998e+07,4.49906e+06,6.79999e+06,1.14997e+07,4.49882e+06,6.79999e+06,1.14997e+07,4.49851e+06,6.79999e+06,1.14997e+07,4.49812e+06,6.79999e+06,1.14996e+07,4.49764e+06,6.79999e+06,1.14996e+07,4.49702e+06,6.79999e+06,1.14995e+07,4.49625e+06,6.79999e+06,1.14995e+07,4.49528e+06,6.79999e+06,1.14994e+07,4.49406e+06,6.79999e+06,1.14993e+07,4.49253e+06,6.79999e+06,1.14992e+07,4.49059e+06,6.79999e+06,1.14991e+07,4.48817e+06,6.79999e+06,1.1499e+07,4.48511e+06,6.79999e+06,1.14988e+07,4.48128e+06,6.79999e+06,1.14987e+07,4.47646e+06,6.79999e+06,1.14985e+07,4.47041e+06,6.79999e+06,1.14983e+07,4.46281e+06,6.79999e+06,1.14981e+07,4.4533e+06,6.79999e+06,1.14979e+07,4.44138e+06,6.79999e+06,1.14976e+07,4.42649e+06,6.79999e+06,1.14972e+07,4.40789e+06,6.79999e+06,1.14969e+07,4.38471e+06,6.79999e+06,1.14965e+07,4.35592e+06,6.79999e+06,1.1496e+07,4.32027e+06,6.79999e+06,1.14955e+07,4.27629e+06,6.79999e+06,1.14949e+07,4.22231e+06,6.79999e+06,1.14942e+07,4.15647e+06,6.79999e+06,1.14934e+07,4.07676e+06,6.79999e+06,1.14926e+07,3.98112e+06,6.79999e+06,1.14916e+07,3.86765e+06,6.79999e+06,1.14905e+07,3.73474e+06,6.79999e+06,1.14892e+07,3.58148e+06,6.79999e+06,1.14878e+07,3.40785e+06,6.79999e+06,1.14862e+07,3.21513e+06,6.79999e+06,1.14844e+07,3.00605e+06,6.79999e+06,1.14823e+07,2.7848e+06,6.79999e+06,1.148e+07,2.5568e+06,6.79999e+06,1.14773e+07,2.32825e+06,6.79999e+06,13.5742,8.52444,0.508366,16.8306,13.2585,0.162638,20.0035,17.569,0.0507846,23.2616,22.4214,0.0158319,26.7328,28.3297,0.00493498,30.5212,35.6974,0.00153831,34.7178,44.9473,0.000479527,39.4086,56.5822,0.000149456,44.6796,71.2245,4.66214e-05,50.6209,89.6543,1.45419e-05,57.3297,112.852,4.54748e-06,64.9129,142.051,1.43857e-06,73.4897,178.803,4.36618e-07,83.1934,225.062,1.40153e-07,94.1745,283.286,4.96378e-08,106.602,356.568,1.05434e-07,120.669,448.799,-6.49244e-08,136.59,564.873,1.70148e-07,154.611,710.948,-5.34594e-08,175.008,894.767,1.63407e-07,198.097,1126.06,8.04804e-08,224.231,1417.07,1.14667e-07,253.813,1783.15,-1.71227e-07,287.297,2243.62,-2.88466e-07,325.198,2822.67,-4.33651e-07,368.098,3550.67,7.9318e-08,416.657,4465.65,3.13319e-07,471.621,5615.16,3.4613e-07,533.835,7058.61,-1.19199e-07,604.255,8870.02,-2.79964e-07,683.962,11141.4,-2.30521e-07,774.182,13986.7,-2.55099e-07,876.299,17546.4,1.23585e-07,991.883,21993.1,1.41192e-07,1122.71,27536.7,-9.71886e-08,1270.78,34430.7,-3.68368e-07,1438.38,42977.7,-3.45379e-07,1628.07,53532.7,-3.25328e-09,1842.77,66504.6,2.6362e-07,2085.77,82350.2,2.53445e-07,2360.79,101560,-2.47407e-08,2672.05,124632,-3.80602e-07,3024.31,152018,-4.79005e-07,3422.98,184060,-1.14379e-07,3874.15,220884,2.64297e-07,4384.72,262283,3.44131e-07,4962.49,307576,7.5349e-08,5616.29,355497,-3.63097e-07,6356.1,404126,-6.05442e-07,7193.18,450932,-2.72333e-07,8140.28,492963,2.29675e-07,9211.79,527178,4.3387e-07,10424,550893,-1.0711e-07,10.102,8.06553,2.81012,10.6436,8.57909,0.869423,11.5336,10.2515,0.270869,12.7211,12.7138,0.0844293,14.1823,15.9373,0.0263173,15.9122,20.0383,0.0082035,17.9198,25.2154,0.00255722,20.2244,31.7373,0.000797017,22.8539,39.9486,0.000248622,25.8438,50.2851,7.75492e-05,29.237,63.2963,2.42508e-05,33.0837,79.6738,7.67162e-06,37.4415,100.288,2.32837e-06,42.3767,126.236,7.33e-07,47.9646,158.896,2.79256e-07,54.2906,200.003,9.87351e-09,61.452,251.741,1.61085e-07,69.5585,316.859,-2.47141e-07,78.7347,398.812,8.93552e-08,89.1218,501.948,-2.53231e-07,100.879,631.736,-1.25047e-07,114.188,795.049,-1.78808e-07,129.252,1000.53,2.6733e-07,146.304,1259.03,4.50292e-07,165.605,1584.19,6.76904e-07,187.452,1993.12,-1.23808e-07,212.181,2507.27,-4.89068e-07,240.173,3153.54,-5.40284e-07,271.856,3965.56,1.86061e-07,307.719,4985.38,4.37004e-07,348.313,6265.4,3.59828e-07,394.26,7870.83,3.98192e-07,446.268,9882.51,-1.92908e-07,505.135,12400.3,-2.20392e-07,571.766,15546.9,1.51705e-07,647.184,19472.2,5.74996e-07,732.547,24357.4,5.39112e-07,829.167,30420,5.07815e-09,938.526,37916.3,-4.11492e-07,1062.3,47143.9,-3.9561e-07,1202.4,58439.2,3.86185e-08,1360.96,72169.3,5.94093e-07,1540.42,88715.8,7.47693e-07,1743.53,108445,1.78537e-07,1973.41,131665,-4.12549e-07,2233.57,158557,-5.37164e-07,2528,189103,-1.17615e-07,2861.2,222986,5.66769e-07,3238.27,259510,9.45053e-07,3664.97,297540,4.25093e-07,4147.81,335497,-3.58506e-07,4694.17,371444,-6.7724e-07,5312.37,403256,1.67192e-07,1.61744,3.89446,9.84394,3.28846,7.5504,12.774,5.07607,11.7187,13.6844,7.03202,16.8147,13.9681,9.20215,23.1769,14.0566,11.6301,31.1672,14.0841,14.3598,41.2186,14.0927,17.4376,53.8688,14.0954,20.9137,69.7915,14.0962,24.8432,89.8341,14.0965,29.2879,115.063,14.0966,34.3168,146.819,14.0966,40.0078,186.792,14.0966,46.4487,237.107,14.0966,53.7388,300.44,14.0966,61.9903,380.158,14.0966,71.3301,480.499,14.0966,81.902,606.796,14.0966,93.8685,765.761,14.0966,107.414,965.837,14.0966,122.746,1217.65,14.0966,140.101,1534.57,14.0966,159.745,1933.41,14.0966,181.981,2435.3,14.0966,207.15,3066.85,14.0966,235.64,3861.46,14.0966,267.889,4861.11,14.0966,304.391,6118.54,14.0966,345.709,7699.91,14.0966,392.478,9688.22,14.0966,445.417,12187.5,14.0966,505.339,15327.7,14.0966,573.165,19271.6,14.0966,649.938,24222,14.0966,736.839,30430.9,14.0966,835.202,38211.5,14.0966,946.539,47950.3,14.0966,1072.56,60122.8,14.0966,1215.21,75309.9,14.0966,1376.66,94216.2,14.0966,1559.41,117688,14.0966,1766.26,146729,14.0966,2000.39,182510,14.0966,2265.39,226372,14.0966,2565.33,279806,14.0966,2904.81,344416,14.0966,3289.05,421845,14.0966,3723.93,513667,14.0966,4216.13,621231,14.0966,4773.18,745478,14.0966,5403.64,886744,14.0966,6117.15,1.04457e+06,14.0966,6924.63,1.2176e+06,14.0966,11.7194,11.96,12.6541,13.9321,16.1295,13.6434,16.6097,21.9702,13.9553,19.7532,29.5285,14.0526,23.3844,39.1143,14.0829,27.5423,51.2054,14.0923,32.2796,66.434,14.0953,37.662,85.6061,14.0962,43.7675,109.74,14.0965,50.687,140.119,14.0966,58.5249,178.359,14.0966,67.4005,226.493,14.0966,77.4493,287.08,14.0966,88.8254,363.343,14.0966,101.703,459.336,14.0966,116.281,580.161,14.0966,132.782,732.241,14.0966,151.46,923.655,14.0966,172.603,1164.57,14.0966,196.535,1467.79,14.0966,223.625,1849.39,14.0966,254.288,2329.62,14.0966,288.997,2933.93,14.0966,328.285,3694.33,14.0966,372.755,4651.04,14.0966,423.092,5854.57,14.0966,480.07,7368.38,14.0966,544.564,9272.08,14.0966,617.566,11665.5,14.0966,700.197,14673.6,14.0966,793.729,18452.9,14.0966,899.599,23198.6,14.0966,1019.43,29154.1,14.0966,1155.07,36622.3,14.0966,1308.6,45977.9,14.0966,1482.39,57683.7,14.0966,1679.09,72307.8,14.0966,1901.73,90542.8,14.0966,2153.73,113226,14.0966,2438.97,141360,14.0966,2761.81,176127,14.0966,3127.22,218898,14.0966,3540.81,271226,14.0966,4008.92,334817,14.0966,4538.74,411470,14.0966,5138.38,502973,14.0966,5817.04,610948,14.0966,6585.12,736653,14.0966,7454.39,880741,14.0966,8438.15,1.04302e+06,14.0966,9551.45,1.22224e+06,14.0966,10811.3,1.41602e+06,14.0966,12237,1.62086e+06,14.0966,11.7194,11.96,12.6541,2.21263,4.16949,0.989383,2.67766,5.84076,0.311842,3.14343,7.55825,0.0972771,3.63127,9.58578,0.0303237,4.15787,12.0912,0.00945211,4.73731,15.2286,0.00294633,5.38238,19.1721,0.000918508,6.10553,24.134,0.000286163,6.91951,30.3791,8.92692e-05,7.83792,38.2397,2.78121e-05,8.87555,48.1338,8.65134e-06,10.0489,60.5876,2.7882e-06,11.3761,76.2629,8.29036e-07,12.8779,95.9927,2.4373e-07,14.5775,120.825,4.33068e-09,16.5012,152.08,1.75749e-07,18.6784,191.415,-1.86328e-07,21.1428,240.917,1.91829e-07,23.9322,303.213,-1.81475e-07,27.0895,381.602,7.0186e-08,30.6634,480.231,-2.86769e-08,34.7087,604.316,2.40784e-07,39.2876,760.401,9.87368e-08,44.4705,956.705,1.22263e-07,50.3371,1203.54,-4.31966e-07,56.9776,1513.81,-1.9705e-07,64.494,1903.69,-2.763e-08,73.0018,2393.4,3.9185e-07,82.6317,3008.13,1.35379e-07,93.5318,3779.25,-4.16351e-08,105.869,4745.7,2.06965e-08,119.834,5955.6,-3.18887e-07,135.641,7468.12,-1.48271e-08,153.531,9355.62,2.00739e-07,173.781,11705.8,2.28358e-07,196.701,14624.1,-1.93587e-08,222.642,18235,-2.88101e-07,252.003,22683.4,-2.24732e-07,285.234,28134,8.56806e-09,322.845,34767,2.34258e-07,365.413,42770.9,2.99668e-07,413.588,52327.9,8.28644e-08,468.111,63591.2,-3.07049e-07,529.814,76653.2,-3.1888e-07,599.642,91502.5,-6.72276e-08,678.662,107975,2.26339e-07,768.083,125705,3.69212e-07,869.267,144088,2.04077e-07,983.76,162277,-2.80509e-07,1113.3,179223,-4.22737e-07,1259.87,193777,-1.71951e-07,1425.68,204839,4.55555e-07,11.7194,11.96,12.6541,2.21263,4.16949,0.989383,2.67766,5.84076,0.311842,3.14343,7.55825,0.0972771,3.63127,9.58578,0.0303237,4.15787,12.0912,0.00945211,4.73731,15.2286,0.00294633,5.38238,19.1721,0.000918508,6.10553,24.134,0.000286163,6.91951,30.3791,8.92692e-05,7.83792,38.2397,2.78121e-05,8.87555,48.1338,8.65134e-06,10.0489,60.5876,2.7882e-06,11.3761,76.2629,8.29036e-07,12.8779,95.9927,2.4373e-07,14.5775,120.825,1e-08,16.5012,152.08,1.75749e-07,18.6784,191.415,1e-08,21.1428,240.917,1.91829e-07,23.9322,303.213,1e-08,27.0895,381.602,7.0186e-08,30.6634,480.231,1e-08,34.7087,604.316,2.40784e-07,39.2876,760.401,9.87368e-08,44.4705,956.705,1.22263e-07,50.3371,1203.54,1e-08,56.9776,1513.81,1e-08,64.494,1903.69,1e-08,73.0018,2393.4,3.9185e-07,82.6317,3008.13,1.35379e-07,93.5318,3779.25,1e-08,105.869,4745.7,2.06965e-08,119.834,5955.6,1e-08,135.641,7468.12,1e-08,153.531,9355.62,2.00739e-07,173.781,11705.8,2.28358e-07,196.701,14624.1,1e-08,222.642,18235,1e-08,252.003,22683.4,1e-08,285.234,28134,1e-08,322.845,34767,2.34258e-07,365.413,42770.9,2.99668e-07,413.588,52327.9,8.28644e-08,468.111,63591.2,1e-08,529.814,76653.2,1e-08,599.642,91502.5,1e-08,678.662,107975,2.26339e-07,768.083,125705,3.69212e-07,869.267,144088,2.04077e-07,983.76,162277,1e-08,1113.3,179223,1e-08,1259.87,193777,1e-08,1425.68,204839,4.55555e-07,6.2823,3.27286,2.43537,0.219672,6.18826,2.24117,0.56371,6.87772,2.63624,0.308279,4,19,20,1,1,3,5,4,1,2,8,0,1,16,0,6,18,0,6,8,0,6,27,0,10,48,0,0,27,0,9,14,0,9,75,0,7,58,0,21,91,0,21,131,0,20,59,0,13,135,0,23,157,0,18,125,0,36,486,0,31,214,0,23,559,0,28,892,0,35,1455,0,32,1095,0,69,567,0,36,3131,0,41,1342,0,122,1824,0,40,5247,0,49,3238,0,160,2321,0,54,6075,0,134,7842,0,113,5315,0,99,11059,0,169,16954,0,291,14946,0,342,22415,0,176,26724,0,280,37530,0,367,37666,0,359,40075,0,123,89561,0,872,50506,0,497,36093,0,423,152448,0,542,172614,0,731,47841,0,1373,110969,0,1657,179935,0,1062,201856,0,1156,249618,0
-1.05176e+08,1,8.88811e-15,10,1023,0,1.05176e+08,0.528882,1.08665,0.389689,0.145397,0.379329,3.24381,0.161596,0.446195,1.77396,0.159177,1.15e+07,4.49998e+06,6.79999e+06,1.15e+07,4.49997e+06,6.79999e+06,1.15e+07,4.49996e+06,6.79999e+06,1.15e+07,4.49995e+06,6.79999e+06,1.14999e+07,4.49993e+06,6.79999e+06,1.14999e+07,4.49991e+06,6.79999e+06,1.14999e+07,4.49989e+06,6.79999e+06,1.14999e+07,4.49986e+06,6.79999e+06,1.14999e+07,4.49982e+06,6.79999e+06,1.14999e+07,4.49977e+06,6.79999e+06,1.14999e+07,4.49971e+06,6.79999e+06,1.14999e+07,4.49963e+06,6.79999e+06,1.14998e+07,4.49953e+06,6.79999e+06,1.14998e+07,4.49941e+06,6.79999e+06,1.14998e+07,4.49926e+06,6.79999e+06,1.14998e+07,4.49906e+06,6.79999e+06,1.14997e+07,4.49882e+06,6.79999e+06,1.14997e+07,4.49851e+06,6.79999e+06,1.14997e+07,4.49812e+06,6.79999e+06,1.14996e+07,4.49764e+06,6.79999e+06,1.14996e+07,4.49702e+06,6.79999e+06,1.14995e+07,4.49625e+06,6.79999e+06,1.14995e+07,4.49528e+06,6.79999e+06,1.14994e+07,4.49406e+06,6.79999e+06,1.14993e+07,4.49253e+06,6.79999e+06,1.14992e+07,4.49059e+06,6.79999e+06,1.14991e+07,4.48817e+06,6.79999e+06,1.1499e+07,4.48511e+06,6.79999e+06,1.14988e+07,4.48128e+06,6.79999e+06,1.14987e+07,4.47646e+06,6.79999e+06,1.14985e+07,4.47041e+06,6.79999e+06,1.14983e+07,4.46281e+06,6.79999e+06,1.14981e+07,4.4533e+06,6.79999e+06,1.14979e+07,4.44138e+06,6.79999e+06,1.14976e+07,4.42649e+06,6.79999e+06,1.14972e+07,4.40789e+06,6.79999e+06,1.14969e+07,4.38471e+06,6.79999e+06,1.14965e+07,4.35592e+06,6.79999e+06,1.1496e+07,4.32027e+06,6.79999e+06,1.14955e+07,4.27629e+06,6.79999e+06,1.14949e+07,4.22231e+06,6.79999e+06,1.14942e+07,4.15647e+06,6.79999e+06,1.14934e+07,4.07676e+06,6.79999e+06,1.14926e+07,3.98112e+06,6.79999e+06,1.14916e+07,3.86765e+06,6.79999e+06,1.14905e+07,3.73474e+06,6.79999e+06,1.14892e+07,3.58148e+06,6.79999e+06,1.14878e+07,3.40785e+06,6.79999e+06,1.14862e+07,3.21513e+06,6.79999e+06,1.14844e+07,3.00605e+06,6.79999e+06,1.14823e+07,2.7848e+06,6.79999e+06,1.148e+07,2.5568e+06,6.79999e+06,1.14773e+07,2.32825e+06,6.79999e+06,13.5742,8.52444,0.508366,16.8306,13.2585,0.162638,20.0035,17.569,0.0507846,23.2616,22.4214,0.0158319,26.7328,28.3297,0.00493498,30.5212,35.6974,0.00153831,34.7178,44.9473,0.000479527,39.4086,56.5822,0.000149456,44.6796,71.2245,4.66214e-05,50.6209,89.6543,1.45419e-05,57.3297,112.852,4.54748e-06,64.9129,142.051,1.43857e-06,73.4897,178.803,4.36618e-07,83.1934,225.062,1.40153e-07,94.1745,283.286,4.96378e-08,106.602,356.568,1.05434e-07,120.669,448.799,-6.49244e-08,136.59,564.873,1.70148e-07,154.611,710.948,-5.34594e-08,175.008,894.767,1.63407e-07,198.097,1126.06,8.04804e-08,224.231,1417.07,1.14667e-07,253.813,1783.15,-1.71227e-07,287.297,2243.62,-2.88466e-07,325.198,2822.67,-4.33651e-07,368.098,3550.67,7.9318e-08,416.657,4465.65,3.13319e-07,471.621,5615.16,3.4613e-07,533.835,7058.61,-1.19199e-07,604.255,8870.02,-2.79964e-07,683.962,11141.4,-2.30521e-07,774.182,13986.7,-2.55099e-07,876.299,17546.4,1.23585e-07,991.883,21993.1,1.41192e-07,1122.71,27536.7,-9.71886e-08,1270.78,34430.7,-3.68368e-07,1438.38,42977.7,-3.45379e-07,1628.07,53532.7,-3.25328e-09,1842.77,66504.6,2.6362e-07,2085.77,82350.2,2.53445e-07,2360.79,101560,-2.47407e-08,2672.05,124632,-3.80602e-07,3024.31,152018,-4.79005e-07,3422.98,184060,-1.14379e-07,3874.15,220884,2.64297e-07,4384.72,262283,3.44131e-07,4962.49,307576,7.5349e-08,5616.29,355497,-3.63097e-07,6356.1,404126,-6.05442e-07,7193.18,450932,-2.72333e-07,8140.28,492963,2.29675e-07,9211.79,527178,4.3387e-07,10424,550893,-1.0711e-07,10.102,8.06553,2.81012,10.6436,8.57909,0.869423,11.5336,10.2515,0.270869,12.7211,12.7138,0.0844293,14.1823,15.9373,0.0263173,15.9122,20.0383,0.0082035,17.9198,25.2154,0.00255722,20.2244,31.7373,0.000797017,22.8539,39.9486,0.000248622,25.8438,50.2851,7.75492e-05,29.237,63.2963,2.42508e-05,33.0837,79.6738,7.67162e-06,37.4415,100.288,2.32837e-06,42.3767,126.236,7.33e-07,47.9646,158.896,2.79256e-07,54.2906,200.003,9.87351e-09,61.452,251.741,1.61085e-07,69.5585,316.859,-2.47141e-07,78.7347,398.812,8.93552e-08,89.1218,501.948,-2.53231e-07,100.879,631.736,-1.25047e-07,114.188,795.049,-1.78808e-07,129.252,1000.53,2.6733e-07,146.304,1259.03,4.50292e-07,165.605,1584.19,6.76904e-07,187.452,1993.12,-1.23808e-07,212.181,2507.27,-4.89068e-07,240.173,3153.54,-5.40284e-07,271.856,3965.56,1.86061e-07,307.719,4985.38,4.37004e-07,348.313,6265.4,3.59828e-07,394.26,7870.83,3.98192e-07,446.268,9882.51,-1.92908e-07,505.135,12400.3,-2.20392e-07,571.766,15546.9,1.51705e-07,647.184,19472.2,5.74996e-07,732.547,24357.4,5.39112e-07,829.167,30420,5.07815e-09,938.526,37916.3,-4.11492e-07,1062.3,47143.9,-3.9561e-07,1202.4,58439.2,3.86185e-08,1360.96,72169.3,5.94093e-07,1540.42,88715.8,7.47693e-07,1743.53,108445,1.78537e-07,1973.41,131665,-4.12549e-07,2233.57,158557,-5.37164e-07,2528,189103,-1.17615e-07,2861.2,222986,5.66769e-07,3238.27,259510,9.45053e-07,3664.97,297540,4.25093e-07,4147.81,335497,-3.58506e-07,4694.17,371444,-6.7724e-07,5312.37,403256,1.67192e-07,1.61744,3.89446,9.84394,3.28846,7.5504,12.774,5.07607,11.7187,13.6844,7.03202,16.8147,13.9681,9.20215,23.1769,14.0566,11.6301,31.1672,14.0841,14.3598,41.2186,14.0927,17.4376,53.8688,14.0954,20.9137,69.7915,14.0962,24.8432,89.8341,14.0965,29.2879,115.063,14.0966,34.3168,146.819,14.0966,40.0078,186.792,14.0966,46.4487,237.107,14.0966,53.7388,300.44,14.0966,61.9903,380.158,14.0966,71.3301,480.499,14.0966,81.902,606.796,14.0966,93.8685,765.761,14.0966,107.414,965.837,14.0966,122.746,1217.65,14.0966,140.101,1534.57,14.0966,159.745,1933.41,14.0966,181.981,2435.3,14.0966,207.15,3066.85,14.0966,235.64,3861.46,14.0966,267.889,4861.11,14.0966,304.391,6118.54,14.0966,345.709,7699.91,14.0966,392.478,9688.22,14.0966,445.417,12187.5,14.0966,505.339,15327.7,14.0966,573.165,19271.6,14.0966,649.938,24222,14.0966,736.839,30430.9,14.0966,835.202,38211.5,14.0966,946.539,47950.3,14.0966,1072.56,60122.8,14.0966,1215.21,75309.9,14.0966,1376.66,94216.2,14.0966,1559.41,117688,14.0966,1766.26,146729,14.0966,2000.39,182510,14.0966,2265.39,226372,14.0966,2565.33,279806,14.0966,2904.81,344416,14.0966,3289.05,421845,14.0966,3723.93,513667,14.0966,4216.13,621231,14.0966,4773.18,745478,14.0966,5403.64,886744,14.0966,6117.15,1.04457e+06,14.0966,6924.63,1.2176e+06,14.0966,11.7194,11.96,12.6541,13.9321,16.1295,13.6434,16.6097,21.9702,13.9553,19.7532,29.5285,14.0526,23.3844,39.1143,14.0829,27.5423,51.2054,14.0923,32.2796,66.434,14.0953,37.662,85.6061,14.0962,43.7675,109.74,14.0965,50.687,140.119,14.0966,58.5249,178.359,14.0966,67.4005,226.493,14.0966,77.4493,287.08,14.0966,88.8254,363.343,14.0966,101.703,459.336,14.0966,116.281,580.161,14.0966,132.782,732.241,14.0966,151.46,923.655,14.0966,172.603,1164.57,14.0966,196.535,1467.79,14.0966,223.625,1849.39,14.0966,254.288,2329.62,14.0966,288.997,2933.93,14.0966,328.285,3694.33,14.0966,372.755,4651.04,14.0966,423.092,5854.57,14.0966,480.07,7368.38,14.0966,544.564,9272.08,14.0966,617.566,11665.5,14.0966,700.197,14673.6,14.0966,793.729,18452.9,14.0966,899.599,23198.6,14.0966,1019.43,29154.1,14.0966,1155.07,36622.3,14.0966,1308.6,45977.9,14.0966,1482.39,57683.7,14.0966,1679.09,72307.8,14.0966,1901.73,90542.8,14.0966,2153.73,113226,14.0966,2438.97,141360,14.0966,2761.81,176127,14.0966,3127.22,218898,14.0966,3540.81,271226,14.0966,4008.92,334817,14.0966,4538.74,411470,14.0966,5138.38,502973,14.0966,5817.04,610948,14.0966,6585.12,736653,14.0966,7454.39,880741,14.0966,8438.15,1.04302e+06,14.0966,9551.45,1.22224e+06,14.0966,10811.3,1.41602e+06,14.0966,12237,1.62086e+06,14.0966,11.7194,11.96,12.6541,2.21263,4.16949,0.989383,2.67766,5.84076,0.311842,3.14343,7.55825,0.0972771,3.63127,9.58578,0.0303237,4.15787,12.0912,0.00945211,4.73731,15.2286,0.00294633,5.38238,19.1721,0.000918508,6.10553,24.134,0.000286163,6.91951,30.3791,8.92692e-05,7.83792,38.2397,2.78121e-05,8.87555,48.1338,8.65134e-06,10.0489,60.5876,2.7882e-06,11.3761,76.2629,8.29036e-07,12.8779,95.9927,2.4373e-07,14.5775,120.825,4.33068e-09,16.5012,152.08,1.75749e-07,18.6784,191.415,-1.86328e-07,21.1428,240.917,1.91829e-07,23.9322,303.213,-1.81475e-07,27.0895,381.602,7.0186e-08,30.6634,480.231,-2.86769e-08,34.7087,604.316,2.40784e-07,39.2876,760.401,9.87368e-08,44.4705,956.705,1.22263e-07,50.3371,1203.54,-4.31966e-07,56.9776,1513.81,-1.9705e-07,64.494,1903.69,-2.763e-08,73.0018,2393.4,3.9185e-07,82.6317,3008.13,1.35379e-07,93.5318,3779.25,-4.16351e-08,105.869,4745.7,2.06965e-08,119.834,5955.6,-3.18887e-07,135.641,7468.12,-1.48271e-08,153.531,9355.62,2.00739e-07,173.781,11705.8,2.28358e-07,196.701,14624.1,-1.93587e-08,222.642,18235,-2.88101e-07,252.003,22683.4,-2.24732e-07,285.234,28134,8.56806e-09,322.845,34767,2.34258e-07,365.413,42770.9,2.99668e-07,413.588,52327.9,8.28644e-08,468.111,63591.2,-3.07049e-07,529.814,76653.2,-3.1888e-07,599.642,91502.5,-6.72276e-08,678.662,107975,2.26339e-07,768.083,125705,3.69212e-07,869.267,144088,2.04077e-07,983.76,162277,-2.80509e-07,1113.3,179223,-4.22737e-07,1259.87,193777,-1.71951e-07,1425.68,204839,4.55555e-07,11.7194,11.96,12.6541,2.21263,4.16949,0.989383,2.67766,5.84076,0.311842,3.14343,7.55825,0.0972771,3.63127,9.58578,0.0303237,4.15787,12.0912,0.00945211,4.73731,15.2286,0.00294633,5.38238,19.1721,0.000918508,6.10553,24.134,0.000286163,6.91951,30.3791,8.92692e-05,7.83792,38.2397,2.78121e-05,8.87555,48.1338,8.65134e-06,10.0489,60.5876,2.7882e-06,11.3761,76.2629,8.29036e-07,12.8779,95.9927,2.4373e-07,14.5775,120.825,1e-08,16.5012,152.08,1.75749e-07,18.6784,191.415,1e-08,21.1428,240.917,1.91829e-07,23.9322,303.213,1e-08,27.0895,381.602,7.0186e-08,30.6634,480.231,1e-08,34.7087,604.316,2.40784e-07,39.2876,760.401,9.87368e-08,44.4705,956.705,1.22263e-07,50.3371,1203.54,1e-08,56.9776,1513.81,1e-08,64.494,1903.69,1e-08,73.0018,2393.4,3.9185e-07,82.6317,3008.13,1.35379e-07,93.5318,3779.25,1e-08,105.869,4745.7,2.06965e-08,119.834,5955.6,1e-08,135.641,7468.12,1e-08,153.531,9355.62,2.00739e-07,173.781,11705.8,2.28358e-07,196.701,14624.1,1e-08,222.642,18235,1e-08,252.003,22683.4,1e-08,285.234,28134,1e-08,322.845,34767,2.34258e-07,365.413,42770.9,2.99668e-07,413.588,52327.9,8.28644e-08,468.111,63591.2,1e-08,529.814,76653.2,1e-08,599.642,91502.5,1e-08,678.662,107975,2.26339e-07,768.083,125705,3.69212e-07,869.267,144088,2.04077e-07,983.76,162277,1e-08,1113.3,179223,1e-08,1259.87,193777,1e-08,1425.68,204839,4.55555e-07,6.2823,3.27286,2.43537,0.219672,6.18826,2.24117,0.56371,6.87772,2.63624,0.308279,18,23,8,1,6,1,2,7,2,3,8,0,4,5,0,3,10,0,3,16,0,10,28,0,5,27,0,8,32,0,9,48,0,6,45,0,16,77,0,13,67,0,9,117,0,16,73,0,21,92,0,12,189,0,13,345,0,9,300,0,33,459,0,28,675,0,39,524,0,66,514,0,46,969,0,79,2118,0,77,1657,0,47,1770,0,104,1201,0,90,2755,0,89,2100,0,131,5188,0,114,2559,0,225,6540,0,162,3561,0,198,19137,0,219,13833,0,110,15727,0,371,22947,0,283,58788,0,321,17152,0,317,31521,0,315,51578,0,621,53420,0,998,99952,0,547,106101,0,1306,107192,0,648,134035,0,1465,152133,0,841,285127,0,884,249833,0,697,177645,0,2255,245780,0
-1.05176e+08,1,8.88811e-15,10,1023,0,1.05176e+08,0.528882,1.08665,0.389689,0.145397,0.379329,3.24381,0.161596,0.446195,1.77396,0.159177,1.15e+07,4.49998e+06,6.79999e+06,1.15e+07,4.49997e+06,6.79999e+06,1.15e+07,4.49996e+06,6.79999e+06,1.15e+07,4.49995e+06,6.79999e+06,1.14999e+07,4.49993e+06,6.79999e+06,1.14999e+07,4.49991e+06,6.79999e+06,1.14999e+07,4.49989e+06,6.79999e+06,1.14999e+07,4.49986e+06,6.79999e+06,1.14999e+07,4.49982e+06,6.79999e+06,1.14999e+07,4.49977e+06,6.79999e+06,1.14999e+07,4.49971e+06,6.79999e+06,1.14999e+07,4.49963e+06,6.79999e+06,1.14998e+07,4.49953e+06,6.79999e+06,1.14998e+07,4.49941e+06,6.79999e+06,1.14998e+07,4.49926e+06,6.79999e+06,1.14998e+07,4.49906e+06,6.79999e+06,1.14997e+07,4.49882e+06,6.79999e+06,1.14997e+07,4.49851e+06,6.79999e+06,1.14997e+07,4.49812e+06,6.79999e+06,1.14996e+07,4.49764e+06,6.79999e+06,1.14996e+07,4.49702e+06,6.79999e+06,1.14995e+07,4.49625e+06,6.79999e+06,1.14995e+07,4.49528e+06,6.79999e+06,1.14994e+07,4.49406e+06,6.79999e+06,1.14993e+07,4.49253e+06,6.79999e+06,1.14992e+07,4.49059e+06,6.79999e+06,1.14991e+07,4.48817e+06,6.79999e+06,1.1499e+07,4.48511e+06,6.79999e+06,1.14988e+07,4.48128e+06,6.79999e+06,1.14987e+07,4.47646e+06,6.79999e+06,1.14985e+07,4.47041e+06,6.79999e+06,1.14983e+07,4.46281e+06,6.79999e+06,1.14981e+07,4.4533e+06,6.79999e+06,1.14979e+07,4.44138e+06,6.79999e+06,1.14976e+07,4.42649e+06,6.79999e+06,1.14972e+07,4.40789e+06,6.79999e+06,1.14969e+07,4.38471e+06,6.79999e+06,1.14965e+07,4.35592e+06,6.79999e+06,1.1496e+07,4.32027e+06,6.79999e+06,1.14955e+07,4.27629e+06,6.79999e+06,1.14949e+07,4.22231e+06,6.79999e+06,1.14942e+07,4.15647e+06,6.79999e+06,1.14934e+07,4.07676e+06,6.79999e+06,1.14926e+07,3.98112e+06,6.79999e+06,1.14916e+07,3.86765e+06,6.79999e+06,1.14905e+07,3.73474e+06,6.79999e+06,1.14892e+07,3.58148e+06,6.79999e+06,1.14878e+07,3.40785e+06,6.79999e+06,1.14862e+07,3.21513e+06,6.79999e+06,1.14844e+07,3.00605e+06,6.79999e+06,1.14823e+07,2.7848e+06,6.79999e+06,1.148e+07,2.5568e+06,6.79999e+06,1.14773e+07,2.32825e+06,6.79999e+06,13.5742,8.52444,0.508366,16.8306,13.2585,0.162638,20.0035,17.569,0.0507846,23.2616,22.4214,0.0158319,26.7328,28.3297,0.00493498,30.5212,35.6974,0.00153831,34.7178,44.9473,0.000479527,39.4086,56.5822,0.000149456,44.6796,71.2245,4.66214e-05,50.6209,89.6543,1.45419e-05,57.3297,112.852,4.54748e-06,64.9129,142.051,1.43857e-06,73.4897,178.803,4.36618e-07,83.1934,225.062,1.40153e-07,94.1745,283.286,4.96378e-08,106.602,356.568,1.05434e-07,120.669,448.799,-6.49244e-08,136.59,564.873,1.70148e-07,154.611,710.948,-5.34594e-08,175.008,894.767,1.63407e-07,198.097,1126.06,8.04804e-08,224.231,1417.07,1.14667e-07,253.813,1783.15,-1.71227e-07,287.297,2243.62,-2.88466e-07,325.198,2822.67,-4.33651e-07,368.098,3550.67,7.9318e-08,416.657,4465.65,3.13319e-07,471.621,5615.16,3.4613e-07,533.835,7058.61,-1.19199e-07,604.255,8870.02,-2.79964e-07,683.962,11141.4,-2.30521e-07,774.182,13986.7,-2.55099e-07,876.299,17546.4,1.23585e-07,991.883,21993.1,1.41192e-07,1122.71,27536.7,-9.71886e-08,1270.78,34430.7,-3.68368e-07,1438.38,42977.7,-3.45379e-07,1628.07,53532.7,-3.25328e-09,1842.77,66504.6,2.6362e-07,2085.77,82350.2,2.53445e-07,2360.79,101560,-2.47407e-08,2672.05,124632,-3.80602e-07,3024.31,152018,-4.79005e-07,3422.98,184060,-1.14379e-07,3874.15,220884,2.64297e-07,4384.72,262283,3.44131e-07,4962.49,307576,7.5349e-08,5616.29,355497,-3.63097e-07,6356.1,404126,-6.05442e-07,7193.18,450932,-2.72333e-07,8140.28,492963,2.29675e-07,9211.79,527178,4.3387e-07,10424,550893,-1.0711e-07,10.102,8.06553,2.81012,10.6436,8.57909,0.869423,11.5336,10.2515,0.270869,12.7211,12.7138,0.0844293,14.1823,15.9373,0.0263173,15.9122,20.0383,0.0082035,17.9198,25.2154,0.00255722,20.2244,31.7373,0.000797017,22.8539,39.9486,0.000248622,25.8438,50.2851,7.75492e-05,29.237,63.2963,2.42508e-05,33.0837,79.6738,7.67162e-06,37.4415,100.288,2.32837e-06,42.3767,126.236,7.33e-07,47.9646,158.896,2.79256e-07,54.2906,200.003,9.87351e-09,61.452,251.741,1.61085e-07,69.5585,316.859,-2.47141e-07,78.7347,398.812,8.93552e-08,89.1218,501.948,-2.53231e-07,100.879,631.736,-1.25047e-07,114.188,795.049,-1.78808e-07,129.252,1000.53,2.6733e-07,146.304,1259.03,4.50292e-07,165.605,1584.19,6.76904e-07,187.452,1993.12,-1.23808e-07,212.181,2507.27,-4.89068e-07,240.173,3153.54,-5.40284e-07,271.856,3965.56,1.86061e-07,307.719,4985.38,4.37004e-07,348.313,6265.4,3.59828e-07,394.26,7870.83,3.98192e-07,446.268,9882.51,-1.92908e-07,505.135,12400.3,-2.20392e-07,571.766,15546.9,1.51705e-07,647.184,19472.2,5.74996e-07,732.547,24357.4,5.39112e-07,829.167,30420,5.07815e-09,938.526,37916.3,-4.11492e-07,1062.3,47143.9,-3.9561e-07,1202.4,58439.2,3.86185e-08,1360.96,72169.3,5.94093e-07,1540.42,88715.8,7.47693e-07,1743.53,108445,1.78537e-07,1973.41,131665,-4.12549e-07,2233.57,158557,-5.37164e-07,2528,189103,-1.17615e-07,2861.2,222986,5.66769e-07,3238.27,259510,9.45053e-07,3664.97,297540,4.25093e-07,4147.81,335497,-3.58506e-07,4694.17,371444,-6.7724e-07,5312.37,403256,1.67192e-07,1.61744,3.89446,9.84394,3.28846,7.5504,12.774,5.07607,11.7187,13.6844,7.03202,16.8147,13.9681,9.20215,23.1769,14.0566,11.6301,31.1672,14.0841,14.3598,41.2186,14.0927,17.4376,53.8688,14.0954,20.9137,69.7915,14.0962,24.8432,89.8341,14.0965,29.2879,115.063,14.0966,34.3168,146.819,14.0966,40.0078,186.792,14.0966,46.4487,237.107,14.0966,53.7388,300.44,14.0966,61.9903,380.158,14.0966,71.3301,480.499,14.0966,81.902,606.796,14.0966,93.8685,765.761,14.0966,107.414,965.837,14.0966,122.746,1217.65,14.0966,140.101,1534.57,14.0966,159.745,1933.41,14.0966,181.981,2435.3,14.0966,207.15,3066.85,14.0966,235.64,3861.46,14.0966,267.889,4861.11,14.0966,304.391,6118.54,14.0966,345.709,7699.91,14.0966,392.478,9688.22,14.0966,445.417,12187.5,14.0966,505.339,15327.7,14.0966,573.165,19271.6,14.0966,649.938,24222,14.0966,736.839,30430.9,14.0966,835.202,38211.5,14.0966,946.539,47950.3,14.0966,1072.56,60122.8,14.0966,1215.21,75309.9,14.0966,1376.66,94216.2,14.0966,1559.41,117688,14.0966,1766.26,146729,14.0966,2000.39,182510,14.0966,2265.39,226372,14.0966,2565.33,279806,14.0966,2904.81,344416,14.0966,3289.05,421845,14.0966,3723.93,513667,14.0966,4216.13,621231,14.0966,4773.18,745478,14.0966,5403.64,886744,14.0966,6117.15,1.04457e+06,14.0966,6924.63,1.2176e+06,14.0966,11.7194,11.96,12.6541,13.9321,16.1295,13.6434,16.6097,21.9702,13.9553,19.7532,29.5285,14.0526,23.3844,39.1143,14.0829,27.5423,51.2054,14.0923,32.2796,66.434,14.0953,37.662,85.6061,14.0962,43.7675,109.74,14.0965,50.687,140.119,14.0966,58.5249,178.359,14.0966,67.4005,226.493,14.0966,77.4493,287.08,14.0966,88.8254,363.343,14.0966,101.703,459.336,14.0966,116.281,580.161,14.0966,132.782,732.241,14.0966,151.46,923.655,14.0966,172.603,1164.57,14.0966,196.535,1467.79,14.0966,223.625,1849.39,14.0966,254.288,2329.62,14.0966,288.997,2933.93,14.0966,328.285,3694.33,14.0966,372.755,4651.04,14.0966,423.092,5854.57,14.0966,480.07,7368.38,14.0966,544.564,9272.08,14.0966,617.566,11665.5,14.0966,700.197,14673.6,14.0966,793.729,18452.9,14.0966,899.599,23198.6,14.0966,1019.43,29154.1,14.0966,1155.07,36622.3,14.0966,1308.6,45977.9,14.0966,1482.39,57683.7,14.0966,1679.09,72307.8,14.0966,1901.73,90542.8,14.0966,2153.73,113226,14.0966,2438.97,141360,14.0966,2761.81,176127,14.0966,3127.22,218898,14.0966,3540.81,271226,14.0966,4008.92,334817,14.0966,4538.74,411470,14.0966,5138.38,502973,14.0966,5817.04,610948,14.0966,6585.12,736653,14.0966,7454.39,880741,14.0966,8438.15,1.04302e+06,14.0966,9551.45,1.22224e+06,14.0966,10811.3,1.41602e+06,14.0966,12237,1.62086e+06,14.0966,11.7194,11.96,12.6541,2.21263,4.16949,0.989383,2.67766,5.84076,0.311842,3.14343,7.55825,0.0972771,3.63127,9.58578,0.0303237,4.15787,12.0912,0.00945211,4.73731,15.2286,0.00294633,5.38238,19.1721,0.000918508,6.10553,24.134,0.000286163,6.91951,30.3791,8.92692e-05,7.83792,38.2397,2.78121e-05,8.87555,48.1338,8.65134e-06,10.0489,60.5876,2.7882e-06,11.3761,76.2629,8.29036e-07,12.8779,95.9927,2.4373e-07,14.5775,120.825,4.33068e-09,16.5012,152.08,1.75749e-07,18.6784,191.415,-1.86328e-07,21.1428,240.917,1.91829e-07,23.9322,303.213,-1.81475e-07,27.0895,381.602,7.0186e-08,30.6634,480.231,-2.86769e-08,34.7087,604.316,2.40784e-07,39.2876,760.401,9.87368e-08,44.4705,956.705,1.22263e-07,50.3371,1203.54,-4.31966e-07,56.9776,1513.81,-1.9705e-07,64.494,1903.69,-2.763e-08,73.0018,2393.4,3.9185e-07,82.6317,3008.13,1.35379e-07,93.5318,3779.25,-4.16351e-08,105.869,4745.7,2.06965e-08,119.834,5955.6,-3.18887e-07,135.641,7468.12,-1.48271e-08,153.531,9355.62,2.00739e-07,173.781,11705.8,2.28358e-07,196.701,14624.1,-1.93587e-08,222.642,18235,-2.88101e-07,252.003,22683.4,-2.24732e-07,285.234,28134,8.56806e-09,322.845,34767,2.34258e-07,365.413,42770.9,2.99668e-07,413.588,52327.9,8.28644e-08,468.111,63591.2,-3.07049e-07,529.814,76653.2,-3.1888e-07,599.642,91502.5,-6.72276e-08,678.662,107975,2.26339e-07,768.083,125705,3.69212e-07,869.267,144088,2.04077e-07,983.76,162277,-2.80509e-07,1113.3,179223,-4.22737e-07,1259.87,193777,-1.71951e-07,1425.68,204839,4.55555e-07,11.7194,11.96,12.6541,2.21263,4.16949,0.989383,2.67766,5.84076,0.311842,3.14343,7.55825,0.0972771,3.63127,9.58578,0.0303237,4.15787,12.0912,0.00945211,4.73731,15.2286,0.00294633,5.38238,19.1721,0.000918508,6.10553,24.134,0.000286163,6.91951,30.3791,8.92692e-05,7.83792,38.2397,2.78121e-05,8.87555,48.1338,8.65134e-06,10.0489,60.5876,2.7882e-06,11.3761,76.2629,8.29036e-07,12.8779,95.9927,2.4373e-07,14.5775,120.825,1e-08,16.5012,152.08,1.75749e-07,18.6784,191.415,1e-08,21.1428,240.917,1.91829e-07,23.9322,303.213,1e-08,27.0895,381.602,7.0186e-08,30.6634,480.231,1e-08,34.7087,604.316,2.40784e-07,39.2876,760.401,9.87368e-08,44.4705,956.705,1.22263e-07,50.3371,1203.54,1e-08,56.9776,1513.81,1e-08,64.494,1903.69,1e-08,73.0018,2393.4,3.9185e-07,82.6317,3008.13,1.35379e-07,93.5318,3779.25,1e-08,105.869,4745.7,2.06965e-08,119.834,5955.6,1e-08,135.641,7468.12,1e-08,153.531,9355.62,2.00739e-07,173.781,11705.8,2.28358e-07,196.701,14624.1,1e-08,222.642,18235,1e-08,252.003,22683.4,1e-08,285.234,28134,1e-08,322.845,34767,2.34258e-07,365.413,42770.9,2.99668e-07,413.588,52327.9,8.28644e-08,468.111,63591.2,1e-08,529.814,76653.2,1e-08,599.642,91502.5,1e-08,678.662,107975,2.26339e-07,768.083,125705,3.69212e-07,869.267,144088,2.04077e-07,983.76,162277,1e-08,1113.3,179223,1e-08,1259.87,193777,1e-08,1425.68,204839,4.55555e-07,6.2823,3.27286,2.43537,0.219672,6.18826,2.24117,0.56371,6.87772,2.63624,0.308279,16,4,27,3,4,0,5,8,1,2,3,0,5,19,0,5,17,0,7,11,0,5,16,0,3,20,0,10,22,0,5,49,0,6,46,0,19,81,0,9,69,0,11,84,0,7,72,0,9,151,0,17,193,0,32,66,0,14,287,0,16,424,0,44,530,0,47,520,0,36,520,0,48,972,0,44,1501,0,44,1781,0,125,1646,0,136,1466,0,28,5311,0,69,3312,0,101,2950,0,138,5418,0,182,5719,0,167,4730,0,253,7200,0,232,13066,0,324,12737,0,293,15287,0,243,18019,0,181,28338,0,440,31536,0,770,29419,0,133,52463,0,1066,68486,0,357,151622,0,480,47292,0,784,75404,0,670,111432,0,1363,129326,0,974,209520,0,989,82180,0,885,110493,0
-1.05176e+08,1,8.88811e-15,10,1023,0,1.05176e+08,0.528882,1.08665,0.389689,0.145397,0.379329,3.24381,0.161596,0.446195,1.77396,0.159177,1.15e+07,4.49998e+06,6.79999e+06,1.15e+07,4.49997e+06,6.79999e+06,1.15e+07,4.49996e+06,6.79999e+06,1.15e+07,4.49995e+06,6.79999e+06,1.14999e+07,4.49993e+06,6.79999e+06,1.14999e+07,4.49991e+06,6.79999e+06,1.14999e+07,4.49989e+06,6.79999e+06,1.14999e+07,4.49986e+06,6.79999e+06,1.14999e+07,4.49982e+06,6.79999e+06,1.14999e+07,4.49977e+06,6.79999e+06,1.14999e+07,4.49971e+06,6.79999e+06,1.14999e+07,4.49963e+06,6.79999e+06,1.14998e+07,4.49953e+06,6.79999e+06,1.14998e+07,4.49941e+06,6.79999e+06,1.14998e+07,4.49926e+06,6.79999e+06,1.14998e+07,4.49906e+06,6.79999e+06,1.14997e+07,4.49882e+06,6.79999e+06,1.14997e+07,4.49851e+06,6.79999e+06,1.14997e+07,4.49812e+06,6.79999e+06,1.14996e+07,4.49764e+06,6.79999e+06,1.14996e+07,4.49702e+06,6.79999e+06,1.14995e+07,4.49625e+06,6.79999e+06,1.14995e+07,4.49528e+06,6.79999e+06,1.14994e+07,4.49406e+06,6.79999e+06,1.14993e+07,4.49253e+06,6.79999e+06,1.14992e+07,4.49059e+06,6.79999e+06,1.14991e+07,4.48817e+06,6.79999e+06,1.1499e+07,4.48511e+06,6.79999e+06,1.14988e+07,4.48128e+06,6.79999e+06,1.14987e+07,4.47646e+06,6.79999e+06,1.14985e+07,4.47041e+06,6.79999e+06,1.14983e+07,4.46281e+06,6.79999e+06,1.14981e+07,4.4533e+06,6.79999e+06,1.14979e+07,4.44138e+06,6.79999e+06,1.14976e+07,4.42649e+06,6.79999e+06,1.14972e+07,4.40789e+06,6.79999e+06,1.14969e+07,4.38471e+06,6.79999e+06,1.14965e+07,4.35592e+06,6.79999e+06,1.1496e+07,4.32027e+06,6.79999e+06,1.14955e+07,4.27629e+06,6.79999e+06,1.14949e+07,4.22231e+06,6.79999e+06,1.14942e+07,4.15647e+06,6.79999e+06,1.14934e+07,4.07676e+06,6.79999e+06,1.14926e+07,3.98112e+06,6.79999e+06,1.14916e+07,3.86765e+06,6.79999e+06,1.14905e+07,3.73474e+06,6.79999e+06,1.14892e+07,3.58148e+06,6.79999e+06,1.14878e+07,3.40785e+06,6.79999e+06,1.14862e+07,3.21513e+06,6.79999e+06,1.14844e+07,3.00605e+06,6.79999e+06,1.14823e+07,2.7848e+06,6.79999e+06,1.148e+07,2.5568e+06,6.79999e+06,1.14773e+07,2.32825e+06,6.79999e+06,13.5742,8.52444,0.508366,16.8306,13.2585,0.162638,20.0035,17.569,0.0507846,23.2616,22.4214,0.0158319,26.7328,28.3297,0.00493498,30.5212,35.6974,0.00153831,34.7178,44.9473,0.000479527,39.4086,56.5822,0.000149456,44.6796,71.2245,4.66214e-05,50.6209,89.6543,1.45419e-05,57.3297,112.852,4.54748e-06,64.9129,142.051,1.43857e-06,73.4897,178.803,4.36618e-07,83.1934,225.062,1.40153e-07,94.1745,283.286,4.96378e-08,106.602,356.568,1.05434e-07,120.669,448.799,-6.49244e-08,136.59,564.873,1.70148e-07,154.611,710.948,-5.34594e-08,175.008,894.767,1.63407e-07,198.097,1126.06,8.04804e-08,224.231,1417.07,1.14667e-07,253.813,1783.15,-1.71227e-07,287.297,2243.62,-2.88466e-07,325.198,2822.67,-4.33651e-07,368.098,3550.67,7.9318e-08,416.657,4465.65,3.13319e-07,471.621,5615.16,3.4613e-07,533.835,7058.61,-1.19199e-07,604.255,8870.02,-2.79964e-07,683.962,11141.4,-2.30521e-07,774.182,13986.7,-2.55099e-07,876.299,17546.4,1.23585e-07,991.883,21993.1,1.41192e-07,1122.71,27536.7,-9.71886e-08,1270.78,34430.7,-3.68368e-07,1438.38,42977.7,-3.45379e-07,1628.07,53532.7,-3.25328e-09,1842.77,66504.6,2.6362e-07,2085.77,82350.2,2.53445e-07,2360.79,101560,-2.47407e-08,2672.05,124632,-3.80602e-07,3024.31,152018,-4.79005e-07,3422.98,184060,-1.14379e-07,3874.15,220884,2.64297e-07,4384.72,262283,3.44131e-07,4962.49,307576,7.5349e-08,5616.29,355497,-3.63097e-07,6356.1,404126,-6.05442e-07,7193.18,450932,-2.72333e-07,8140.28,492963,2.29675e-07,9211.79,527178,4.3387e-07,10424,550893,-1.0711e-07,10.102,8.06553,2.81012,10.6436,8.57909,0.869423,11.5336,10.2515,0.270869,12.7211,12.7138,0.0844293,14.1823,15.9373,0.0263173,15.9122,20.0383,0.0082035,17.9198,25.2154,0.00255722,20.2244,31.7373,0.000797017,22.8539,39.9486,0.000248622,25.8438,50.2851,7.75492e-05,29.237,63.2963,2.42508e-05,33.0837,79.6738,7.67162e-06,37.4415,100.288,2.32837e-06,42.3767,126.236,7.33e-07,47.9646,158.896,2.79256e-07,54.2906,200.003,9.87351e-09,61.452,251.741,1.61085e-07,69.5585,316.859,-2.47141e-07,78.7347,398.812,8.93552e-08,89.1218,501.948,-2.53231e-07,100.879,631.736,-1.25047e-07,114.188,795.049,-1.78808e-07,129.252,1000.53,2.6733e-07,146.304,1259.03,4.50292e-07,165.605,1584.19,6.76904e-07,187.452,1993.12,-1.23808e-07,212.181,2507.27,-4.89068e-07,240.173,3153.54,-5.40284e-07,271.856,3965.56,1.86061e-07,307.719,4985.38,4.37004e-07,348.313,6265.4,3.59828e-07,394.26,7870.83,3.98192e-07,446.268,9882.51,-1.92908e-07,505.135,12400.3,-2.20392e-07,571.766,15546.9,1.51705e-07,647.184,19472.2,5.74996e-07,732.547,24357.4,5.39112e-07,829.167,30420,5.07815e-09,938.526,37916.3,-4.11492e-07,1062.3,47143.9,-3.9561e-07,1202.4,58439.2,3.86185e-08,1360.96,72169.3,5.94093e-07,1540.42,88715.8,7.47693e-07,1743.53,108445,1.78537e-07,1973.41,131665,-4.12549e-07,2233.57,158557,-5.37164e-07,2528,189103,-1.17615e-07,2861.2,222986,5.66769e-07,3238.27,259510,9.45053e-07,3664.97,297540,4.25093e-07,4147.81,335497,-3.58506e-07,4694.17,371444,-6.7724e-07,5312.37,403256,1.67192e-07,1.61744,3.89446,9.84394,3.28846,7.5504,12.774,5.07607,11.7187,13.6844,7.03202,16.8147,13.9681,9.20215,23.1769,14.0566,11.6301,31.1672,14.0841,14.3598,41.2186,14.0927,17.4376,53.8688,14.0954,20.9137,69.7915,14.0962,24.8432,89.8341,14.0965,29.2879,115.063,14.0966,34.3168,146.819,14.0966,40.0078,186.792,14.0966,46.4487,237.107,14.0966,53.7388,300.44,14.0966,61.9903,380.158,14.0966,71.3301,480.499,14.0966,81.902,606.796,14.0966,93.8685,765.761,14.0966,107.414,965.837,14.0966,122.746,1217.65,14.0966,140.101,1534.57,14.0966,159.745,1933.41,14.0966,181.981,2435.3,14.0966,207.15,3066.85,14.0966,235.64,3861.46,14.0966,267.889,4861.11,14.0966,304.391,6118.54,14.0966,345.709,7699.91,14.0966,392.478,9688.22,14.0966,445.417,12187.5,14.0966,505.339,15327.7,14.0966,573.165,19271.6,14.0966,649.938,24222,14.0966,736.839,30430.9,14.0966,835.202,38211.5,14.0966,946.539,47950.3,14.0966,1072.56,60122.8,14.0966,1215.21,75309.9,14.0966,1376.66,94216.2,14.0966,1559.41,117688,14.0966,1766.26,146729,14.0966,2000.39,182510,14.0966,2265.39,226372,14.0966,2565.33,279806,14.0966,2904.81,344416,14.0966,3289.05,421845,14.0966,3723.93,513667,14.0966,4216.13,621231,14.0966,4773.18,745478,14.0966,5403.64,886744,14.0966,6117.15,1.04457e+06,14.0966,6924.63,1.2176e+06,14.0966,11.7194,11.96,12.6541,13.9321,16.1295,13.6434,16.6097,21.9702,13.9553,19.7532,29.5285,14.0526,23.3844,39.1143,14.0829,27.5423,51.2054,14.0923,32.2796,66.434,14.0953,37.662,85.6061,14.0962,43.7675,109.74,14.0965,50.687,140.119,14.0966,58.5249,178.359,14.0966,67.4005,226.493,14.0966,77.4493,287.08,14.0966,88.8254,363.343,14.0966,101.703,459.336,14.0966,116.281,580.161,14.0966,132.782,732.241,14.0966,151.46,923.655,14.0966,172.603,1164.57,14.0966,196.535,1467.79,14.0966,223.625,1849.39,14.0966,254.288,2329.62,14.0966,288.997,2933.93,14.0966,328.285,3694.33,14.0966,372.755,4651.04,14.0966,423.092,5854.57,14.0966,480.07,7368.38,14.0966,544.564,9272.08,14.0966,617.566,11665.5,14.0966,700.197,14673.6,14.0966,793.729,18452.9,14.0966,899.599,23198.6,14.0966,1019.43,29154.1,14.0966,1155.07,36622.3,14.0966,1308.6,45977.9,14.0966,1482.39,57683.7,14.0966,1679.09,72307.8,14.0966,1901.73,90542.8,14.0966,2153.73,113226,14.0966,2438.97,141360,14.0966,2761.81,176127,14.0966,3127.22,218898,14.0966,3540.81,271226,14.0966,4008.92,334817,14.0966,4538.74,411470,14.0966,5138.38,502973,14.0966,5817.04,610948,14.0966,6585.12,736653,14.0966,7454.39,880741,14.0966,8438.15,1.04302e+06,14.0966,9551.45,1.22224e+06,14.0966,10811.3,1.41602e+06,14.0966,12237,1.62086e+06,14.0966,11.7194,11.96,12.6541,2.21263,4.16949,0.989383,2.67766,5.84076,0.311842,3.14343,7.55825,0.0972771,3.63127,9.58578,0.0303237,4.15787,12.0912,0.00945211,4.73731,15.2286,0.00294633,5.38238,19.1721,0.000918508,6.10553,24.134,0.000286163,6.91951,30.3791,8.92692e-05,7.83792,38.2397,2.78121e-05,8.87555,48.1338,8.65134e-06,10.0489,60.5876,2.7882e-06,11.3761,76.2629,8.29036e-07,12.8779,95.9927,2.4373e-07,14.5775,120.825,4.33068e-09,16.5012,152.08,1.75749e-07,18.6784,191.415,-1.86328e-07,21.1428,240.917,1.91829e-07,23.9322,303.213,-1.81475e-07,27.0895,381.602,7.0186e-08,30.6634,480.231,-2.86769e-08,34.7087,604.316,2.40784e-07,39.2876,760.401,9.87368e-08,44.4705,956.705,1.22263e-07,50.3371,1203.54,-4.31966e-07,56.9776,1513.81,-1.9705e-07,64.494,1903.69,-2.763e-08,73.0018,2393.4,3.9185e-07,82.6317,3008.13,1.35379e-07,93.5318,3779.25,-4.16351e-08,105.869,4745.7,2.06965e-08,119.834,5955.6,-3.18887e-07,135.641,7468.12,-1.48271e-08,153.531,9355.62,2.00739e-07,173.781,11705.8,2.28358e-07,196.701,14624.1,-1.93587e-08,222.642,18235,-2.88101e-07,252.003,22683.4,-2.24732e-07,285.234,28134,8.56806e-09,322.845,34767,2.34258e-07,365.413,42770.9,2.99668e-07,413.588,52327.9,8.28644e-08,468.111,63591.2,-3.07049e-07,529.814,76653.2,-3.1888e-07,599.642,91502.5,-6.72276e-08,678.662,107975,2.26339e-07,768.083,125705,3.69212e-07,869.267,144088,2.04077e-07,983.76,162277,-2.80509e-07,1113.3,179223,-4.22737e-07,1259.87,193777,-1.71951e-07,1425.68,204839,4.55555e-07,11.7194,11.96,12.6541,2.21263,4.16949,0.989383,2.67766,5.84076,0.311842,3.14343,7.55825,0.0972771,3.63127,9.58578,0.0303237,4.15787,12.0912,0.00945211,4.73731,15.2286,0.00294633,5.38238,19.1721,0.000918508,6.10553,24.134,0.000286163,6.91951,30.3791,8.92692e-05,7.83792,38.2397,2.78121e-05,8.87555,48.1338,8.65134e-06,10.0489,60.5876,2.7882e-06,11.3761,76.2629,8.29036e-07,12.8779,95.9927,2.4373e-07,14.5775,120.825,1e-08,16.5012,152.08,1.75749e-07,18.6784,191.415,1e-08,21.1428,240.917,1.91829e-07,23.9322,303.213,1e-08,27.0895,381.602,7.0186e-08,30.6634,480.231,1e-08,34.7087,604.316,2.40784e-07,39.2876,760.401,9.87368e-08,44.4705,956.705,1.22263e-07,50.3371,1203.54,1e-08,56.9776,1513.81,1e-08,64.494,1903.69,1e-08,73.0018,2393.4,3.9185e-07,82.6317,3008.13,1.35379e-07,93.5318,3779.25,1e-08,105.869,4745.7,2.06965e-08,119.834,5955.6,1e-08,135.641,7468.12,1e-08,153.531,9355.62,2.00739e-07,173.781,11705.8,2.28358e-07,196.701,14624.1,1e-08,222.642,18235,1e-08,252.003,22683.4,1e-08,285.234,28134,1e-08,322.845,34767,2.34258e-07,365.413,42770.9,2.99668e-07,413.588,52327.9,8.28644e-08,468.111,63591.2,1e-08,529.814,76653.2,1e-08,599.642,91502.5,1e-08,678.662,107975,2.26339e-07,768.083,125705,3.69212e-07,869.267,144088,2.04077e-07,983.76,162277,1e-08,1113.3,179223,1e-08,1259.87,193777,1e-08,1425.68,204839,4.55555e-07,6.2823,3.27286,2.43537,0.219672,6.18826,2.24117,0.56371,6.87772,2.63624,0.308279,13,8,5,2,1,1,0,13,0,6,6,0,1,9,0,12,16,0,1,16,0,3,26,0,12,35,0,9,38,0,2,34,0,9,59,0,15,60,0,30,42,0,6,126,0,36,94,0,15,108,0,17,242,0,23,168,0,21,266,0,26,289,0,25,743,0,30,902,0,46,1490,0,61,783,0,17,1397,0,51,1003,0,119,4099,0,40,1738,0,71,3253,0,54,5642,0,72,1556,0,88,5973,0,58,6723,0,111,14201,0,163,14111,0,204,8902,0,185,12911,0,344,8693,0,348,23747,0,503,20256,0,300,40705,0,503,41997,0,552,51986,0,431,62582,0,732,95943,0,616,157009,0,756,133148,0,899,161458,0,1024,147838,0,1388,141004,0,543,196046,0,2129,253424,0
-1.05176e+08,1,8.88811e-15,10,1023,0,1.05176e+08,0.528882,1.08665,0.389689,0.145397,0.379329,3.24381,0.161596,0.446195,1.77396,0.159177,1.15e+07,4.49998e+06,6.79999e+06,1.15e+07,4.49997e+06,6.79999e+06,1.15e+07,4.49996e+06,6.79999e+06,1.15e+07,4.49995e+06,6.79999e+06,1.14999e+07,4.49993e+06,6.79999e+06,1.14999e+07,4.49991e+06,6.79999e+06,1.14999e+07,4.49989e+06,6.79999e+06,1.14999e+07,4.49986e+06,6.79999e+06,1.14999e+07,4.49982e+06,6.79999e+06,1.14999e+07,4.49977e+06,6.79999e+06,1.14999e+07,4.49971e+06,6.79999e+06,1.14999e+07,4.49963e+06,6.79999e+06,1.14998e+07,4.49953e+06,6.79999e+06,1.14998e+07,4.49941e+06,6.79999e+06,1.14998e+07,4.49926e+06,6.79999e+06,1.14998e+07,4.49906e+06,6.79999e+06,1.14997e+07,4.49882e+06,6.79999e+06,1.14997e+07,4.49851e+06,6.79999e+06,1.14997e+07,4.49812e+06,6.79999e+06,1.14996e+07,4.49764e+06,6.79999e+06,1.14996e+07,4.49702e+06,6.79999e+06,1.14995e+07,4.49625e+06,6.79999e+06,1.14995e+07,4.49528e+06,6.79999e+06,1.14994e+07,4.49406e+06,6.79999e+06,1.14993e+07,4.49253e+06,6.79999e+06,1.14992e+07,4.49059e+06,6.79999e+06,1.14991e+07,4.48817e+06,6.79999e+06,1.1499e+07,4.48511e+06,6.79999e+06,1.14988e+07,4.48128e+06,6.79999e+06,1.14987e+07,4.47646e+06,6.79999e+06,1.14985e+07,4.47041e+06,6.79999e+06,1.14983e+07,4.46281e+06,6.79999e+06,1.14981e+07,4.4533e+06,6.79999e+06,1.14979e+07,4.44138e+06,6.79999e+06,1.14976e+07,4.42649e+06,6.79999e+06,1.14972e+07,4.40789e+06,6.79999e+06,1.14969e+07,4.38471e+06,6.79999e+06,1.14965e+07,4.35592e+06,6.79999e+06,1.1496e+07,4.32027e+06,6.79999e+06,1.14955e+07,4.27629e+06,6.79999e+06,1.14949e+07,4.22231e+06,6.79999e+06,1.14942e+07,4.15647e+06,6.79999e+06,1.14934e+07,4.07676e+06,6.79999e+06,1.14926e+07,3.98112e+06,6.79999e+06,1.14916e+07,3.86765e+06,6.79999e+06,1.14905e+07,3.73474e+06,6.79999e+06,1.14892e+07,3.58148e+06,6.79999e+06,1.14878e+07,3.40785e+06,6.79999e+06,1.14862e+07,3.21513e+06,6.79999e+06,1.14844e+07,3.00605e+06,6.79999e+06,1.14823e+07,2.7848e+06,6.79999e+06,1.148e+07,2.5568e+06,6.79999e+06,1.14773e+07,2.32825e+06,6.79999e+06,13.5742,8.52444,0.508366,16.8306,13.2585,0.162638,20.0035,17.569,0.0507846,23.2616,22.4214,0.0158319,26.7328,28.3297,0.00493498,30.5212,35.6974,0.00153831,34.7178,44.9473,0.000479527,39.4086,56.5822,0.000149456,44.6796,71.2245,4.66214e-05,50.6209,89.6543,1.45419e-05,57.3297,112.852,4.54748e-06,64.9129,142.051,1.43857e-06,73.4897,178.803,4.36618e-07,83.1934,225.062,1.40153e-07,94.1745,283.286,4.96378e-08,106.602,356.568,1.05434e-07,120.669,448.799,-6.49244e-08,136.59,564.873,1.70148e-07,154.611,710.948,-5.34594e-08,175.008,894.767,1.63407e-07,198.097,1126.06,8.04804e-08,224.231,1417.07,1.14667e-07,253.813,1783.15,-1.71227e-07,287.297,2243.62,-2.88466e-07,325.198,2822.67,-4.33651e-07,368.098,3550.67,7.9318e-08,416.657,4465.65,3.13319e-07,471.621,5615.16,3.4613e-07,533.835,7058.61,-1.19199e-07,604.255,8870.02,-2.79964e-07,683.962,11141.4,-2.30521e-07,774.182,13986.7,-2.55099e-07,876.299,17546.4,1.23585e-07,991.883,21993.1,1.41192e-07,1122.71,27536.7,-9.71886e-08,1270.78,34430.7,-3.68368e-07,1438.38,42977.7,-3.45379e-07,1628.07,53532.7,-3.25328e-09,1842.77,66504.6,2.6362e-07,2085.77,82350.2,2.53445e-07,2360.79,101560,-2.47407e-08,2672.05,124632,-3.80602e-07,3024.31,152018,-4.79005e-07,3422.98,184060,-1.14379e-07,3874.15,220884,2.64297e-07,4384.72,262283,3.44131e-07,4962.49,307576,7.5349e-08,5616.29,355497,-3.63097e-07,6356.1,404126,-6.05442e-07,7193.18,450932,-2.72333e-07,8140.28,492963,2.29675e-07,9211.79,527178,4.3387e-07,10424,550893,-1.0711e-07,10.102,8.06553,2.81012,10.6436,8.57909,0.869423,11.5336,10.2515,0.270869,12.7211,12.7138,0.0844293,14.1823,15.9373,0.0263173,15.9122,20.0383,0.0082035,17.9198,25.2154,0.00255722,20.2244,31.7373,0.000797017,22.8539,39.9486,0.000248622,25.8438,50.2851,7.75492e-05,29.237,63.2963,2.42508e-05,33.0837,79.6738,7.67162e-06,37.4415,100.288,2.32837e-06,42.3767,126.236,7.33e-07,47.9646,158.896,2.79256e-07,54.2906,200.003,9.87351e-09,61.452,251.741,1.61085e-07,69.5585,316.859,-2.47141e-07,78.7347,398.812,8.93552e-08,89.1218,501.948,-2.53231e-07,100.879,631.736,-1.25047e-07,114.188,795.049,-1.78808e-07,129.252,1000.53,2.6733e-07,146.304,1259.03,4.50292e-07,165.605,1584.19,6.76904e-07,187.452,1993.12,-1.23808e-07,212.181,2507.27,-4.89068e-07,240.173,3153.54,-5.40284e-07,271.856,3965.56,1.86061e-07,307.719,4985.38,4.37004e-07,348.313,6265.4,3.59828e-07,394.26,7870.83,3.98192e-07,446.268,9882.51,-1.92908e-07,505.135,12400.3,-2.20392e-07,571.766,15546.9,1.51705e-07,647.184,19472.2,5.74996e-07,732.547,24357.4,5.39112e-07,829.167,30420,5.07815e-09,938.526,37916.3,-4.11492e-07,1062.3,47143.9,-3.9561e-07,1202.4,58439.2,3.86185e-08,1360.96,72169.3,5.94093e-07,1540.42,88715.8,7.47693e-07,1743.53,108445,1.78537e-07,1973.41,131665,-4.12549e-07,2233.57,158557,-5.37164e-07,2528,189103,-1.17615e-07,2861.2,222986,5.66769e-07,3238.27,259510,9.45053e-07,3664.97,297540,4.25093e-07,4147.81,335497,-3.58506e-07,4694.17,371444,-6.7724e-07,5312.37,403256,1.67192e-07,1.61744,3.89446,9.84394,3.28846,7.5504,12.774,5.07607,11.7187,13.6844,7.03202,16.8147,13.9681,9.20215,23.1769,14.0566,11.6301,31.1672,14.0841,14.3598,41.2186,14.0927,17.4376,53.8688,14.0954,20.9137,69.7915,14.0962,24.8432,89.8341,14.0965,29.2879,115.063,14.0966,34.3168,146.819,14.0966,40.0078,186.792,14.0966,46.4487,237.107,14.0966,53.7388,300.44,14.0966,61.9903,380.158,14.0966,71.3301,480.499,14.0966,81.902,606.796,14.0966,93.8685,765.761,14.0966,107.414,965.837,14.0966,122.746,1217.65,14.0966,140.101,1534.57,14.0966,159.745,1933.41,14.0966,181.981,2435.3,14.0966,207.15,3066.85,14.0966,235.64,3861.46,14.0966,267.889,4861.11,14.0966,304.391,6118.54,14.0966,345.709,7699.91,14.0966,392.478,9688.22,14.0966,445.417,12187.5,14.0966,505.339,15327.7,14.0966,573.165,19271.6,14.0966,649.938,24222,14.0966,736.839,30430.9,14.0966,835.202,38211.5,14.0966,946.539,47950.3,14.0966,1072.56,60122.8,14.0966,1215.21,75309.9,14.0966,1376.66,94216.2,14.0966,1559.41,117688,14.0966,1766.26,146729,14.0966,2000.39,182510,14.0966,2265.39,226372,14.0966,2565.33,279806,14.0966,2904.81,344416,14.0966,3289.05,421845,14.0966,3723.93,513667,14.0966,4216.13,621231,14.0966,4773.18,745478,14.0966,5403.64,886744,14.0966,6117.15,1.04457e+06,14.0966,6924.63,1.2176e+06,14.0966,11.7194,11.96,12.6541,13.9321,16.1295,13.6434,16.6097,21.9702,13.9553,19.7532,29.5285,14.0526,23.3844,39.1143,14.0829,27.5423,51.2054,14.0923,32.2796,66.434,14.0953,37.662,85.6061,14.0962,43.7675,109.74,14.0965,50.687,140.119,14.0966,58.5249,178.359,14.0966,67.4005,226.493,14.0966,77.4493,287.08,14.0966,88.8254,363.343,14.0966,101.703,459.336,14.0966,116.281,580.161,14.0966,132.782,732.241,14.0966,151.46,923.655,14.0966,172.603,1164.57,14.0966,196.535,1467.79,14.0966,223.625,1849.39,14.0966,254.288,2329.62,14.0966,288.997,2933.93,14.0966,328.285,3694.33,14.0966,372.755,4651.04,14.0966,423.092,5854.57,14.0966,480.07,7368.38,14.0966,544.564,9272.08,14.0966,617.566,11665.5,14.0966,700.197,14673.6,14.0966,793.729,18452.9,14.0966,899.599,23198.6,14.0966,1019.43,29154.1,14.0966,1155.07,36622.3,14.0966,1308.6,45977.9,14.0966,1482.39,57683.7,14.0966,1679.09,72307.8,14.0966,1901.73,90542.8,14.0966,2153.73,113226,14.0966,2438.97,141360,14.0966,2761.81,176127,14.0966,3127.22,218898,14.0966,3540.81,271226,14.0966,4008.92,334817,14.0966,4538.74,411470,14.0966,5138.38,502973,14.0966,5817.04,610948,14.0966,6585.12,736653,14.0966,7454.39,880741,14.0966,8438.15,1.04302e+06,14.0966,9551.45,1.22224e+06,14.0966,10811.3,1.41602e+06,14.0966,12237,1.62086e+06,14.0966,11.7194,11.96,12.6541,2.21263,4.16949,0.989383,2.67766,5.84076,0.311842,3.14343,7.55825,0.0972771,3.63127,9.58578,0.0303237,4.15787,12.0912,0.00945211,4.73731,15.2286,0.00294633,5.38238,19.1721,0.000918508,6.10553,24.134,0.000286163,6.91951,30.3791,8.92692e-05,7.83792,38.2397,2.78121e-05,8.87555,48.1338,8.65134e-06,10.0489,60.5876,2.7882e-06,11.3761,76.2629,8.29036e-07,12.8779,95.9927,2.4373e-07,14.5775,120.825,4.33068e-09,16.5012,152.08,1.75749e-07,18.6784,191.415,-1.86328e-07,21.1428,240.917,1.91829e-07,23.9322,303.213,-1.81475e-07,27.0895,381.602,7.0186e-08,30.6634,480.231,-2.86769e-08,34.7087,604.316,2.40784e-07,39.2876,760.401,9.87368e-08,44.4705,956.705,1.22263e-07,50.3371,1203.54,-4.31966e-07,56.9776,1513.81,-1.9705e-07,64.494,1903.69,-2.763e-08,73.0018,2393.4,3.9185e-07,82.6317,3008.13,1.35379e-07,93.5318,3779.25,-4.16351e-08,105.869,4745.7,2.06965e-08,119.834,5955.6,-3.18887e-07,135.641,7468.12,-1.48271e-08,153.531,9355.62,2.00739e-07,173.781,11705.8,2.28358e-07,196.701,14624.1,-1.93587e-08,222.642,18235,-2.88101e-07,252.003,22683.4,-2.24732e-07,285.234,28134,8.56806e-09,322.845,34767,2.34258e-07,365.413,42770.9,2.99668e-07,413.588,52327.9,8.28644e-08,468.111,63591.2,-3.07049e-07,529.814,76653.2,-3.1888e-07,599.642,91502.5,-6.72276e-08,678.662,107975,2.26339e-07,768.083,125705,3.69212e-07,869.267,144088,2.04077e-07,983.76,162277,-2.80509e-07,1113.3,179223,-4.22737e-07,1259.87,193777,-1.71951e-07,1425.68,204839,4.55555e-07,11.7194,11.96,12.6541,2.21263,4.16949,0.989383,2.67766,5.84076,0.311842,3.14343,7.55825,0.0972771,3.63127,9.58578,0.0303237,4.15787,12.0912,0.00945211,4.73731,15.2286,0.00294633,5.38238,19.1721,0.000918508,6.10553,24.134,0.000286163,6.91951,30.3791,8.92692e-05,7.83792,38.2397,2.78121e-05,8.87555,48.1338,8.65134e-06,10.0489,60.5876,2.7882e-06,11.3761,76.2629,8.29036e-07,12.8779,95.9927,2.4373e-07,14.5775,120.825,1e-08,16.5012,152.08,1.75749e-07,18.6784,191.415,1e-08,21.1428,240.917,1.91829e-07,23.9322,303.213,1e-08,27.0895,381.602,7.0186e-08,30.6634,480.231,1e-08,34.7087,604.316,2.40784e-07,39.2876,760.401,9.87368e-08,44.4705,956.705,1.22263e-07,50.3371,1203.54,1e-08,56.9776,1513.81,1e-08,64.494,1903.69,1e-08,73.0018,2393.4,3.9185e-07,82.6317,3008.13,1.35379e-07,93.5318,3779.25,1e-08,105.869,4745.7,2.06965e-08,119.834,5955.6,1e-08,135.641,7468.12,1e-08,153.531,9355.62,2.00739e-07,173.781,11705.8,2.28358e-07,196.701,14624.1,1e-08,222.642,18235,1e-08,252.003,22683.4,1e-08,285.234,28134,1e-08,322.845,34767,2.34258e-07,365.413,42770.9,2.99668e-07,413.588,52327.9,8.28644e-08,468.111,63591.2,1e-08,529.814,76653.2,1e-08,599.642,91502.5,1e-08,678.662,107975,2.26339e-07,768.083,125705,3.69212e-07,869.267,144088,2.04077e-07,983.76,162277,1e-08,1113.3,179223,1e-08,1259.87,193777,1e-08,1425.68,204839,4.55555e-07,6.2823,3.27286,2.43537,0.219672,6.18826,2.24117,0.56371,6.87772,2.63624,0.308279,26,11,1,2,2,1,3,6,0,1,8,0,1,7,0,4,13,0,3,9,0,9,23,0,4,20,0,9,9,0,16,38,0,5,124,0,13,85,0,15,50,0,16,99,0,14,149,0,20,148,0,25,239,0,15,406,0,40,418,0,40,249,0,18,297,0,53,634,0,24,796,0,56,980,0,45,616,0,30,1556,0,58,1699,0,26,2303,0,24,3669,0,71,2195,0,128,8861,0,127,3558,0,115,9790,0,119,11293,0,135,5896,0,115,25138,0,173,27267,0,106,22801,0,253,20562,0,209,28478,0,670,29464,0,427,79015,0,565,46911,0,1084,116993,0,885,52362,0,868,190540,0,772,71662,0,825,208718,0,872,160134,0,1047,160740,0,1095,144881,0,912,238968,0
-1.05176e+08,1.48641e-52,8.88811e-15,10,1023,0,1.05176e+08,0.528882,1.08665,0.389689,0.145397,0.379329,3.24381,0.161596,0.446195,1.77396,0.159177,1.15e+07,4.49998e+06,6.79999e+06,1.15e+07,4.49997e+06,6.79999e+06,1.15e+07,4.49996e+06,6.79999e+06,1.15e+07,4.49995e+06,6.79999e+06,1.14999e+07,4.49993e+06,6.79999e+06,1.14999e+07,4.49991e+06,6.79999e+06,1.14999e+07,4.49989e+06,6.79999e+06,1.14999e+07,4.49986e+06,6.79999e+06,1.14999e+07,4.49982e+06,6.79999e+06,1.14999e+07,4.49977e+06,6.79999e+06,1.14999e+07,4.49971e+06,6.79999e+06,1.14999e+07,4.49963e+06,6.79999e+06,1.14998e+07,4.49953e+06,6.79999e+06,1.14998e+07,4.49941e+06,6.79999e+06,1.14998e+07,4.49926e+06,6.79999e+06,1.14998e+07,4.49906e+06,6.79999e+06,1.14997e+07,4.49882e+06,6.79999e+06,1.14997e+07,4.49851e+06,6.79999e+06,1.14997e+07,4.49812e+06,6.79999e+06,1.14996e+07,4.49764e+06,6.79999e+06,1.14996e+07,4.49702e+06,6.79999e+06,1.14995e+07,4.49625e+06,6.79999e+06,1.14995e+07,4.49528e+06,6.79999e+06,1.14994e+07,4.49406e+06,6.79999e+06,1.14993e+07,4.49253e+06,6.79999e+06,1.14992e+07,4.49059e+06,6.79999e+06,1.14991e+07,4.48817e+06,6.79999e+06,1.1499e+07,4.48511e+06,6.79999e+06,1.14988e+07,4.48128e+06,6.79999e+06,1.14987e+07,4.47646e+06,6.79999e+06,1.14985e+07,4.47041e+06,6.79999e+06,1.14983e+07,4.46281e+06,6.79999e+06,1.14981e+07,4.4533e+06,6.79999e+06,1.14979e+07,4.44138e+06,6.79999e+06,1.14976e+07,4.42649e+06,6.79999e+06,1.14972e+07,4.40789e+06,6.79999e+06,1.14969e+07,4.38471e+06,6.79999e+06,1.14965e+07,4.35592e+06,6.79999e+06,1.1496e+07,4.32027e+06,6.79999e+06,1.14955e+07,4.27629e+06,6.79999e+06,1.14949e+07,4.22231e+06,6.79999e+06,1.14942e+07,4.15647e+06,6.79999e+06,1.14934e+07,4.07676e+06,6.79999e+06,1.14926e+07,3.98112e+06,6.79999e+06,1.14916e+07,3.86765e+06,6.79999e+06,1.14905e+07,3.73474e+06,6.79999e+06,1.14892e+07,3.58148e+06,6.79999e+06,1.14878e+07,3.40785e+06,6.79999e+06,1.14862e+07,3.21513e+06,6.79999e+06,1.14844e+07,3.00605e+06,6.79999e+06,1.14823e+07,2.7848e+06,6.79999e+06,1.148e+07,2.5568e+06,6.79999e+06,1.14773e+07,2.32825e+06,6.79999e+06,13.5742,8.52444,0.508366,16.8306,13.2585,0.162638,20.0035,17.569,0.0507846,23.2616,22.4214,0.0158319,26.7328,28.3297,0.00493498,30.5212,35.6974,0.00153831,34.7178,44.9473,0.000479527,39.4086,56.5822,0.000149456,44.6796,71.2245,4.66214e-05,50.6209,89.6543,1.45419e-05,57.3297,112.852,4.54748e-06,64.9129,142.051,1.43857e-06,73.4897,178.803,4.36618e-07,83.1934,225.062,1.40153e-07,94.1745,283.286,4.96378e-08,106.602,356.568,1.05434e-07,120.669,448.799,-6.49244e-08,136.59,564.873,1.70148e-07,154.611,710.948,-5.34594e-08,175.008,894.767,1.63407e-07,198.097,1126.06,8.04804e-08,224.231,1417.07,1.14667e-07,253.813,1783.15,-1.71227e-07,287.297,2243.62,-2.88466e-07,325.198,2822.67,-4.33651e-07,368.098,3550.67,7.9318e-08,416.657,4465.65,3.13319e-07,471.621,5615.16,3.4613e-07,533.835,7058.61,-1.19199e-07,604.255,8870.02,-2.79964e-07,683.962,11141.4,-2.30521e-07,774.182,13986.7,-2.55099e-07,876.299,17546.4,1.23585e-07,991.883,21993.1,1.41192e-07,1122.71,27536.7,-9.71886e-08,1270.78,34430.7,-3.68368e-07,1438.38,42977.7,-3.45379e-07,1628.07,53532.7,-3.25328e-09,1842.77,66504.6,2.6362e-07,2085.77,82350.2,2.53445e-07,2360.79,101560,-2.47407e-08,2672.05,124632,-3.80602e-07,3024.31,152018,-4.79005e-07,3422.98,184060,-1.14379e-07,3874.15,220884,2.64297e-07,4384.72,262283,3.44131e-07,4962.49,307576,7.5349e-08,5616.29,355497,-3.63097e-07,6356.1,404126,-6.05442e-07,7193.18,450932,-2.72333e-07,8140.28,492963,2.29675e-07,9211.79,527178,4.3387e-07,10424,550893,-1.0711e-07,10.102,8.06553,2.81012,10.6436,8.57909,0.869423,11.5336,10.2515,0.270869,12.7211,12.7138,0.0844293,14.1823,15.9373,0.0263173,15.9122,20.0383,0.0082035,17.9198,25.2154,0.00255722,20.2244,31.7373,0.000797017,22.8539,39.9486,0.000248622,25.8438,50.2851,7.75492e-05,29.237,63.2963,2.42508e-05,33.0837,79.6738,7.67162e-06,37.4415,100.288,2.32837e-06,42.3767,126.236,7.33e-07,47.9646,158.896,2.79256e-07,54.2906,200.003,9.87351e-09,61.452,251.741,1.61085e-07,69.5585,316.859,-2.47141e-07,78.7347,398.812,8.93552e-08,89.1218,501.948,-2.53231e-07,100.879,631.736,-1.25047e-07,114.188,795.049,-1.78808e-07,129.252,1000.53,2.6733e-07,146.304,1259.03,4.50292e-07,165.605,1584.19,6.76904e-07,187.452,1993.12,-1.23808e-07,212.181,2507.27,-4.89068e-07,240.173,3153.54,-5.40284e-07,271.856,3965.56,1.86061e-07,307.719,4985.38,4.37004e-07,348.313,6265.4,3.59828e-07,394.26,7870.83,3.98192e-07,446.268,9882.51,-1.92908e-07,505.135,12400.3,-2.20392e-07,571.766,15546.9,1.51705e-07,647.184,19472.2,5.74996e-07,732.547,24357.4,5.39112e-07,829.167,30420,5.07815e-09,938.526,37916.3,-4.11492e-07,1062.3,47143.9,-3.9561e-07,1202.4,58439.2,3.86185e-08,1360.96,72169.3,5.94093e-07,1540.42,88715.8,7.47693e-07,1743.53,108445,1.78537e-07,1973.41,131665,-4.12549e-07,2233.57,158557,-5.37164e-07,2528,189103,-1.17615e-07,2861.2,222986,5.66769e-07,3238.27,259510,9.45053e-07,3664.97,297540,4.25093e-07,4147.81,335497,-3.58506e-07,4694.17,371444,-6.7724e-07,5312.37,403256,1.67192e-07,1.61744,3.89446,9.84394,3.28846,7.5504,12.774,5.07607,11.7187,13.6844,7.03202,16.8147,13.9681,9.20215,23.1769,14.0566,11.6301,31.1672,14.0841,14.3598,41.2186,14.0927,17.4376,53.8688,14.0954,20.9137,69.7915,14.0962,24.8432,89.8341,14.0965,29.2879,115.063,14.0966,34.3168,146.819,14.0966,40.0078,186.792,14.0966,46.4487,237.107,14.0966,53.7388,300.44,14.0966,61.9903,380.158,14.0966,71.3301,480.499,14.0966,81.902,606.796,14.0966,93.8685,765.761,14.0966,107.414,965.837,14.0966,122.746,1217.65,14.0966,140.101,1534.57,14.0966,159.745,1933.41,14.0966,181.981,2435.3,14.0966,207.15,3066.85,14.0966,235.64,3861.46,14.0966,267.889,4861.11,14.0966,304.391,6118.54,14.0966,345.709,7699.91,14.0966,392.478,9688.22,14.0966,445.417,12187.5,14.0966,505.339,15327.7,14.0966,573.165,19271.6,14.0966,649.938,24222,14.0966,736.839,30430.9,14.0966,835.202,38211.5,14.0966,946.539,47950.3,14.0966,1072.56,60122.8,14.0966,1215.21,75309.9,14.0966,1376.66,94216.2,14.0966,1559.41,117688,14.0966,1766.26,146729,14.0966,2000.39,182510,14.0966,2265.39,226372,14.0966,2565.33,279806,14.0966,2904.81,344416,14.0966,3289.05,421845,14.0966,3723.93,513667,14.0966,4216.13,621231,14.0966,4773.18,745478,14.0966,5403.64,886744,14.0966,6117.15,1.04457e+06,14.0966,6924.63,1.2176e+06,14.0966,11.7194,11.96,12.6541,13.9321,16.1295,13.6434,16.6097,21.9702,13.9553,19.7532,29.5285,14.0526,23.3844,39.1143,14.0829,27.5423,51.2054,14.0923,32.2796,66.434,14.0953,37.662,85.6061,14.0962,43.7675,109.74,14.0965,50.687,140.119,14.0966,58.5249,178.359,14.0966,67.4005,226.493,14.0966,77.4493,287.08,14.0966,88.8254,363.343,14.0966,101.703,459.336,14.0966,116.281,580.161,14.0966,132.782,732.241,14.0966,151.46,923.655,14.0966,172.603,1164.57,14.0966,196.535,1467.79,14.0966,223.625,1849.39,14.0966,254.288,2329.62,14.0966,288.997,2933.93,14.0966,328.285,3694.33,14.0966,372.755,4651.04,14.0966,423.092,5854.57,14.0966,480.07,7368.38,14.0966,544.564,9272.08,14.0966,617.566,11665.5,14.0966,700.197,14673.6,14.0966,793.729,18452.9,14.0966,899.599,23198.6,14.0966,1019.43,29154.1,14.0966,1155.07,36622.3,14.0966,1308.6,45977.9,14.0966,1482.39,57683.7,14.0966,1679.09,72307.8,14.0966,1901.73,90542.8,14.0966,2153.73,113226,14.0966,2438.97,141360,14.0966,2761.81,176127,14.0966,3127.22,218898,14.0966,3540.81,271226,14.0966,4008.92,334817,14.0966,4538.74,411470,14.0966,5138.38,502973,14.0966,5817.04,610948,14.0966,6585.12,736653,14.0966,7454.39,880741,14.0966,8438.15,1.04302e+06,14.0966,9551.45,1.22224e+06,14.0966,10811.3,1.41602e+06,14.0966,12237,1.62086e+06,14.0966,11.7194,11.96,12.6541,2.21263,4.16949,0.989383,2.67766,5.84076,0.311842,3.14343,7.55825,0.0972771,3.63127,9.58578,0.0303237,4.15787,12.0912,0.00945211,4.73731,15.2286,0.00294633,5.38238,19.1721,0.000918508,6.10553,24.134,0.000286163,6.91951,30.3791,8.92692e-05,7.83792,38.2397,2.78121e-05,8.87555,48.1338,8.65134e-06,10.0489,60.5876,2.7882e-06,11.3761,76.2629,8.29036e-07,12.8779,95.9927,2.4373e-07,14.5775,120.825,4.33068e-09,16.5012,152.08,1.75749e-07,18.6784,191.415,-1.86328e-07,21.1428,240.917,1.91829e-07,23.9322,303.213,-1.81475e-07,27.0895,381.602,7.0186e-08,30.6634,480.231,-2.86769e-08,34.7087,604.316,2.40784e-07,39.2876,760.401,9.87368e-08,44.4705,956.705,1.22263e-07,50.3371,1203.54,-4.31966e-07,56.9776,1513.81,-1.9705e-07,64.494,1903.69,-2.763e-08,73.0018,2393.4,3.9185e-07,82.6317,3008.13,1.35379e-07,93.5318,3779.25,-4.16351e-08,105.869,4745.7,2.06965e-08,119.834,5955.6,-3.18887e-07,135.641,7468.12,-1.48271e-08,153.531,9355.62,2.00739e-07,173.781,11705.8,2.28358e-07,196.701,14624.1,-1.93587e-08,222.642,18235,-2.88101e-07,252.003,22683.4,-2.24732e-07,285.234,28134,8.56806e-09,322.845,34767,2.34258e-07,365.413,42770.9,2.99668e-07,413.588,52327.9,8.28644e-08,468.111,63591.2,-3.07049e-07,529.814,76653.2,-3.1888e-07,599.642,91502.5,-6.72276e-08,678.662,107975,2.26339e-07,768.083,125705,3.69212e-07,869.267,144088,2.04077e-07,983.76,162277,-2.80509e-07,1113.3,179223,-4.22737e-07,1259.87,193777,-1.71951e-07,1425.68,204839,4.55555e-07,11.7194,11.96,12.6541,2.21263,4.16949,0.989383,2.67766,5.84076,0.311842,3.14343,7.55825,0.0972771,3.63127,9.58578,0.0303237,4.15787,12.0912,0.00945211,4.73731,15.2286,0.00294633,5.38238,19.1721,0.000918508,6.10553,24.134,0.000286163,6.91951,30.3791,8.92692e-05,7.83792,38.2397,2.78121e-05,8.87555,48.1338,8.65134e-06,10.0489,60.5876,2.7882e-06,11.3761,76.2629,8.29036e-07,12.8779,95.9927,2.4373e-07,14.5775,120.825,1e-08,16.5012,152.08,1.75749e-07,18.6784,191.415,1e-08,21.1428,240.917,1.91829e-07,23.9322,303.213,1e-08,27.0895,381.602,7.0186e-08,30.6634,480.231,1e-08,34.7087,604.316,2.40784e-07,39.2876,760.401,9.87368e-08,44.4705,956.705,1.22263e-07,50.3371,1203.54,1e-08,56.9776,1513.81,1e-08,64.494,1903.69,1e-08,73.0018,2393.4,3.9185e-07,82.6317,3008.13,1.35379e-07,93.5318,3779.25,1e-08,105.869,4745.7,2.06965e-08,119.834,5955.6,1e-08,135.641,7468.12,1e-08,153.531,9355.62,2.00739e-07,173.781,11705.8,2.28358e-07,196.701,14624.1,1e-08,222.642,18235,1e-08,252.003,22683.4,1e-08,285.234,28134,1e-08,322.845,34767,2.34258e-07,365.413,42770.9,2.99668e-07,413.588,52327.9,8.28644e-08,468.111,63591.2,1e-08,529.814,76653.2,1e-08,599.642,91502.5,1e-08,678.662,107975,2.26339e-07,768.083,125705,3.69212e-07,869.267,144088,2.04077e-07,983.76,162277,1e-08,1113.3,179223,1e-08,1259.87,193777,1e-08,1425.68,204839,4.55555e-07,6.2823,3.27286,2.43537,0.219672,6.18826,2.24117,0.56371,6.87772,2.63624,0.308279,12,13,18,2,1,2,4,3,0,4,4,0,3,8,0,2,16,0,2,12,0,9,7,0,8,26,0,9,17,0,1,20,0,2,78,0,10,168,0,6,135,0,19,61,0,20,137,0,16,172,0,17,223,0,19,440,0,15,327,0,27,502,0,23,583,0,44,397,0,76,564,0,73,800,0,60,1173,0,42,1559,0,119,2421,0,112,2431,0,95,1115,0,74,3366,0,83,8492,0,116,7992,0,64,6452,0,167,15389,0,134,29978,0,128,19795,0,227,25738,0,221,22439,0,562,29217,0,243,28867,0,239,97412,0,570,24620,0,249,29978,0,398,66817,0,501,68577,0,407,168081,0,1087,169547,0,1411,156214,0,405,87749,0,1169,223543,0,1837,371348,0,1993,497789,0
-1.05176e+08,1,8.88811e-15,10,1023,0,1.05176e+08,0.528882,1.08665,0.389689,0.145397,0.379329,3.24381,0.161596,0.446195,1.77396,0.159177,1.15e+07,4.49998e+06,6.79999e+06,1.15e+07,4.49997e+06,6.79999e+06,1.15e+07,4.49996e+06,6.79999e+06,1.15e+07,4.49995e+06,6.79999e+06,1.14999e+07,4.49993e+06,6.79999e+06,1.14999e+07,4.49991e+06,6.79999e+06,1.14999e+07,4.49989e+06,6.79999e+06,1.14999e+07,4.49986e+06,6.79999e+06,1.14999e+07,4.49982e+06,6.79999e+06,1.14999e+07,4.49977e+06,6.79999e+06,1.14999e+07,4.49971e+06,6.79999e+06,1.14999e+07,4.49963e+06,6.79999e+06,1.14998e+07,4.49953e+06,6.79999e+06,1.14998e+07,4.49941e+06,6.79999e+06,1.14998e+07,4.49926e+06,6.79999e+06,1.14998e+07,4.49906e+06,6.79999e+06,1.14997e+07,4.49882e+06,6.79999e+06,1.14997e+07,4.49851e+06,6.79999e+06,1.14997e+07,4.49812e+06,6.79999e+06,1.14996e+07,4.49764e+06,6.79999e+06,1.14996e+07,4.49702e+06,6.79999e+06,1.14995e+07,4.49625e+06,6.79999e+06,1.14995e+07,4.49528e+06,6.79999e+06,1.14994e+07,4.49406e+06,6.79999e+06,1.14993e+07,4.49253e+06,6.79999e+06,1.14992e+07,4.49059e+06,6.79999e+06,1.14991e+07,4.48817e+06,6.79999e+06,1.1499e+07,4.48511e+06,6.79999e+06,1.14988e+07,4.48128e+06,6.79999e+06,1.14987e+07,4.47646e+06,6.79999e+06,1.14985e+07,4.47041e+06,6.79999e+06,1.14983e+07,4.46281e+06,6.79999e+06,1.14981e+07,4.4533e+06,6.79999e+06,1.14979e+07,4.44138e+06,6.79999e+06,1.14976e+07,4.42649e+06,6.79999e+06,1.14972e+07,4.40789e+06,6.79999e+06,1.14969e+07,4.38471e+06,6.79999e+06,1.14965e+07,4.35592e+06,6.79999e+06,1.1496e+07,4.32027e+06,6.79999e+06,1.14955e+07,4.27629e+06,6.79999e+06,1.14949e+07,4.22231e+06,6.79999e+06,1.14942e+07,4.15647e+06,6.79999e+06,1.14934e+07,4.07676e+06,6.79999e+06,1.14926e+07,3.98112e+06,6.79999e+06,1.14916e+07,3.86765e+06,6.79999e+06,1.14905e+07,3.73474e+06,6.79999e+06,1.14892e+07,3.58148e+06,6.79999e+06,1.14878e+07,3.40785e+06,6.79999e+06,1.14862e+07,3.21513e+06,6.79999e+06,1.14844e+07,3.00605e+06,6.79999e+06,1.14823e+07,2.7848e+06,6.79999e+06,1.148e+07,2.5568e+06,6.79999e+06,1.14773e+07,2.32825e+06,6.79999e+06,13.5742,8.52444,0.508366,16.8306,13.2585,0.162638,20.0035,17.569,0.0507846,23.2616,22.4214,0.0158319,26.7328,28.3297,0.00493498,30.5212,35.6974,0.00153831,34.7178,44.9473,0.000479527,39.4086,56.5822,0.000149456,44.6796,71.2245,4.66214e-05,50.6209,89.6543,1.45419e-05,57.3297,112.852,4.54748e-06,64.9129,142.051,1.43857e-06,73.4897,178.803,4.36618e-07,83.1934,225.062,1.40153e-07,94.1745,283.286,4.96378e-08,106.602,356.568,1.05434e-07,120.669,448.799,-6.49244e-08,136.59,564.873,1.70148e-07,154.611,710.948,-5.34594e-08,175.008,894.767,1.63407e-07,198.097,1126.06,8.04804e-08,224.231,1417.07,1.14667e-07,253.813,1783.15,-1.71227e-07,287.297,2243.62,-2.88466e-07,325.198,2822.67,-4.33651e-07,368.098,3550.67,7.9318e-08,416.657,4465.65,3.13319e-07,471.621,5615.16,3.4613e-07,533.835,7058.61,-1.19199e-07,604.255,8870.02,-2.79964e-07,683.962,11141.4,-2.30521e-07,774.182,13986.7,-2.55099e-07,876.299,17546.4,1.23585e-07,991.883,21993.1,1.41192e-07,1122.71,27536.7,-9.71886e-08,1270.78,34430.7,-3.68368e-07,1438.38,42977.7,-3.45379e-07,1628.07,53532.7,-3.25328e-09,1842.77,66504.6,2.6362e-07,2085.77,82350.2,2.53445e-07,2360.79,101560,-2.47407e-08,2672.05,124632,-3.80602e-07,3024.31,152018,-4.79005e-07,3422.98,184060,-1.14379e-07,3874.15,220884,2.64297e-07,4384.72,262283,3.44131e-07,4962.49,307576,7.5349e-08,5616.29,355497,-3.63097e-07,6356.1,404126,-6.05442e-07,7193.18,450932,-2.72333e-07,8140.28,492963,2.29675e-07,9211.79,527178,4.3387e-07,10424,550893,-1.0711e-07,10.102,8.06553,2.81012,10.6436,8.57909,0.869423,11.5336,10.2515,0.270869,12.7211,12.7138,0.0844293,14.1823,15.9373,0.0263173,15.9122,20.0383,0.0082035,17.9198,25.2154,0.00255722,20.2244,31.7373,0.000797017,22.8539,39.9486,0.000248622,25.8438,50.2851,7.75492e-05,29.237,63.2963,2.42508e-05,33.0837,79.6738,7.67162e-06,37.4415,100.288,2.32837e-06,42.3767,126.236,7.33e-07,47.9646,158.896,2.79256e-07,54.2906,200.003,9.87351e-09,61.452,251.741,1.61085e-07,69.5585,316.859,-2.47141e-07,78.7347,398.812,8.93552e-08,89.1218,501.948,-2.53231e-07,100.879,631.736,-1.25047e-07,114.188,795.049,-1.78808e-07,129.252,1000.53,2.6733e-07,146.304,1259.03,4.50292e-07,165.605,1584.19,6.76904e-07,187.452,1993.12,-1.23808e-07,212.181,2507.27,-4.89068e-07,240.173,3153.54,-5.40284e-07,271.856,3965.56,1.86061e-07,307.719,4985.38,4.37004e-07,348.313,6265.4,3.59828e-07,394.26,7870.83,3.98192e-07,446.268,9882.51,-1.92908e-07,505.135,12400.3,-2.20392e-07,571.766,15546.9,1.51705e-07,647.184,19472.2,5.74996e-07,732.547,24357.4,5.39112e-07,829.167,30420,5.07815e-09,938.526,37916.3,-4.11492e-07,1062.3,47143.9,-3.9561e-07,1202.4,58439.2,3.86185e-08,1360.96,72169.3,5.94093e-07,1540.42,88715.8,7.47693e-07,1743.53,108445,1.78537e-07,1973.41,131665,-4.12549e-07,2233.57,158557,-5.37164e-07,2528,189103,-1.17615e-07,2861.2,222986,5.66769e-07,3238.27,259510,9.45053e-07,3664.97,297540,4.25093e-07,4147.81,335497,-3.58506e-07,4694.17,371444,-6.7724e-07,5312.37,403256,1.67192e-07,1.61744,3.89446,9.84394,3.28846,7.5504,12.774,5.07607,11.7187,13.6844,7.03202,16.8147,13.9681,9.20215,23.1769,14.0566,11.6301,31.1672,14.0841,14.3598,41.2186,14.0927,17.4376,53.8688,14.0954,20.9137,69.7915,14.0962,24.8432,89.8341,14.0965,29.2879,115.063,14.0966,34.3168,146.819,14.0966,40.0078,186.792,14.0966,46.4487,237.107,14.0966,53.7388,300.44,14.0966,61.9903,380.158,14.0966,71.3301,480.499,14.0966,81.902,606.796,14.0966,93.8685,765.761,14.0966,107.414,965.837,14.0966,122.746,1217.65,14.0966,140.101,1534.57,14.0966,159.745,1933.41,14.0966,181.981,2435.3,14.0966,207.15,3066.85,14.0966,235.64,3861.46,14.0966,267.889,4861.11,14.0966,304.391,6118.54,14.0966,345.709,7699.91,14.0966,392.478,9688.22,14.0966,445.417,12187.5,14.0966,505.339,15327.7,14.0966,573.165,19271.6,14.0966,649.938,24222,14.0966,736.839,30430.9,14.0966,835.202,38211.5,14.0966,946.539,47950.3,14.0966,1072.56,60122.8,14.0966,1215.21,75309.9,14.0966,1376.66,94216.2,14.0966,1559.41,117688,14.0966,1766.26,146729,14.0966,2000.39,182510,14.0966,2265.39,226372,14.0966,2565.33,279806,14.0966,2904.81,344416,14.0966,3289.05,421845,14.0966,3723.93,513667,14.0966,4216.13,621231,14.0966,4773.18,745478,14.0966,5403.64,886744,14.0966,6117.15,1.04457e+06,14.0966,6924.63,1.2176e+06,14.0966,11.7194,11.96,12.6541,13.9321,16.1295,13.6434,16.6097,21.9702,13.9553,19.7532,29.5285,14.0526,23.3844,39.1143,14.0829,27.5423,51.2054,14.0923,32.2796,66.434,14.0953,37.662,85.6061,14.0962,43.7675,109.74,14.0965,50.687,140.119,14.0966,58.5249,178.359,14.0966,67.4005,226.493,14.0966,77.4493,287.08,14.0966,88.8254,363.343,14.0966,101.703,459.336,14.0966,116.281,580.161,14.0966,132.782,732.241,14.0966,151.46,923.655,14.0966,172.603,1164.57,14.0966,196.535,1467.79,14.0966,223.625,1849.39,14.0966,254.288,2329.62,14.0966,288.997,2933.93,14.0966,328.285,3694.33,14.0966,372.755,4651.04,14.0966,423.092,5854.57,14.0966,480.07,7368.38,14.0966,544.564,9272.08,14.0966,617.566,11665.5,14.0966,700.197,14673.6,14.0966,793.729,18452.9,14.0966,899.599,23198.6,14.0966,1019.43,29154.1,14.0966,1155.07,36622.3,14.0966,1308.6,45977.9,14.0966,1482.39,57683.7,14.0966,1679.09,72307.8,14.0966,1901.73,90542.8,14.0966,2153.73,113226,14.0966,2438.97,141360,14.0966,2761.81,176127,14.0966,3127.22,218898,14.0966,3540.81,271226,14.0966,4008.92,334817,14.0966,4538.74,411470,14.0966,5138.38,502973,14.0966,5817.04,610948,14.0966,6585.12,736653,14.0966,7454.39,880741,14.0966,8438.15,1.04302e+06,14.0966,9551.45,1.22224e+06,14.0966,10811.3,1.41602e+06,14.0966,12237,1.62086e+06,14.0966,11.7194,11.96,12.6541,2.21263,4.16949,0.989383,2.67766,5.84076,0.311842,3.14343,7.55825,0.0972771,3.63127,9.58578,0.0303237,4.15787,12.0912,0.00945211,4.73731,15.2286,0.00294633,5.38238,19.1721,0.000918508,6.10553,24.134,0.000286163,6.91951,30.3791,8.92692e-05,7.83792,38.2397,2.78121e-05,8.87555,48.1338,8.65134e-06,10.0489,60.5876,2.7882e-06,11.3761,76.2629,8.29036e-07,12.8779,95.9927,2.4373e-07,14.5775,120.825,4.33068e-09,16.5012,152.08,1.75749e-07,18.6784,191.415,-1.86328e-07,21.1428,240.917,1.91829e-07,23.9322,303.213,-1.81475e-07,27.0895,381.602,7.0186e-08,30.6634,480.231,-2.86769e-08,34.7087,604.316,2.40784e-07,39.2876,760.401,9.87368e-08,44.4705,956.705,1.22263e-07,50.3371,1203.54,-4.31966e-07,56.9776,1513.81,-1.9705e-07,64.494,1903.69,-2.763e-08,73.0018,2393.4,3.9185e-07,82.6317,3008.13,1.35379e-07,93.5318,3779.25,-4.16351e-08,105.869,4745.7,2.06965e-08,119.834,5955.6,-3.18887e-07,135.641,7468.12,-1.48271e-08,153.531,9355.62,2.00739e-07,173.781,11705.8,2.28358e-07,196.701,14624.1,-1.93587e-08,222.642,18235,-2.88101e-07,252.003,22683.4,-2.24732e-07,285.234,28134,8.56806e-09,322.845,34767,2.34258e-07,365.413,42770.9,2.99668e-07,413.588,52327.9,8.28644e-08,468.111,63591.2,-3.07049e-07,529.814,76653.2,-3.1888e-07,599.642,91502.5,-6.72276e-08,678.662,107975,2.26339e-07,768.083,125705,3.69212e-07,869.267,144088,2.04077e-07,983.76,162277,-2.80509e-07,1113.3,179223,-4.22737e-07,1259.87,193777,-1.71951e-07,1425.68,204839,4.55555e-07,11.7194,11.96,12.6541,2.21263,4.16949,0.989383,2.67766,5.84076,0.311842,3.14343,7.55825,0.0972771,3.63127,9.58578,0.0303237,4.15787,12.0912,0.00945211,4.73731,15.2286,0.00294633,5.38238,19.1721,0.000918508,6.10553,24.134,0.000286163,6.91951,30.3791,8.92692e-05,7.83792,38.2397,2.78121e-05,8.87555,48.1338,8.65134e-06,10.0489,60.5876,2.7882e-06,11.3761,76.2629,8.29036e-07,12.8779,95.9927,2.4373e-07,14.5775,120.825,1e-08,16.5012,152.08,1.75749e-07,18.6784,191.415,1e-08,21.1428,240.917,1.91829e-07,23.9322,303.213,1e-08,27.0895,381.602,7.0186e-08,30.6634,480.231,1e-08,34.7087,604.316,2.40784e-07,39.2876,760.401,9.87368e-08,44.4705,956.705,1.22263e-07,50.3371,1203.54,1e-08,56.9776,1513.81,1e-08,64.494,1903.69,1e-08,73.0018,2393.4,3.9185e-07,82.6317,3008.13,1.35379e-07,93.5318,3779.25,1e-08,105.869,4745.7,2.06965e-08,119.834,5955.6,1e-08,135.641,7468.12,1e-08,153.531,9355.62,2.00739e-07,173.781,11705.8,2.28358e-07,196.701,14624.1,1e-08,222.642,18235,1e-08,252.003,22683.4,1e-08,285.234,28134,1e-08,322.845,34767,2.34258e-07,365.413,42770.9,2.99668e-07,413.588,52327.9,8.28644e-08,468.111,63591.2,1e-08,529.814,76653.2,1e-08,599.642,91502.5,1e-08,678.662,107975,2.26339e-07,768.083,125705,3.69212e-07,869.267,144088,2.04077e-07,983.76,162277,1e-08,1113.3,179223,1e-08,1259.87,193777,1e-08,1425.68,204839,4.55555e-07,6.2823,3.27286,2.43537,0.219672,6.18826,2.24117,0.56371,6.87772,2.63624,0.308279,6,14,8,1,3,4,3,2,0,3,14,0,2,7,0,3,13,0,5,8,0,3,18,0,4,15,0,4,17,0,10,46,0,10,46,0,11,117,0,20,85,0,3,94,0,34,127,0,8,169,0,16,436,0,13,197,0,25,323,0,36,442,0,20,425,0,52,1000,0,67,1341,0,36,1130,0,38,1113,0,26,842,0,83,2800,0,49,1690,0,47,2800,0,46,3260,0,282,2926,0,162,2012,0,113,2280,0,102,10396,0,156,14737,0,162,9870,0,153,23542,0,306,31303,0,68,23122,0,147,27306,0,711,20511,0,345,49679,0,401,45809,0,667,78929,0,827,67315,0,300,92335,0,566,145992,0,1322,233675,0,1650,204934,0,1000,107703,0,1751,406745,0,2109,196016,0
-1.05176e+08,1,8.88811e-15,10,1023,0,1.05176e+08,0.528882,1.08665,0.389689,0.145397,0.379329,3.24381,0.161596,0.446195,1.77396,0.159177,1.15e+07,4.49998e+06,6.79999e+06,1.15e+07,4.49997e+06,6.79999e+06,1.15e+07,4.49996e+06,6.79999e+06,1.15e+07,4.49995e+06,6.79999e+06,1.14999e+07,4.49993e+06,6.79999e+06,1.14999e+07,4.49991e+06,6.79999e+06,1.14999e+07,4.49989e+06,6.79999e+06,1.14999e+07,4.49986e+06,6.79999e+06,1.14999e+07,4.49982e+06,6.79999e+06,1.14999e+07,4.49977e+06,6.79999e+06,1.14999e+07,4.49971e+06,6.79999e+06,1.14999e+07,4.49963e+06,6.79999e+06,1.14998e+07,4.49953e+06,6.79999e+06,1.14998e+07,4.49941e+06,6.79999e+06,1.14998e+07,4.49926e+06,6.79999e+06,1.14998e+07,4.49906e+06,6.79999e+06,1.14997e+07,4.49882e+06,6.79999e+06,1.14997e+07,4.49851e+06,6.79999e+06,1.14997e+07,4.49812e+06,6.79999e+06,1.14996e+07,4.49764e+06,6.79999e+06,1.14996e+07,4.49702e+06,6.79999e+06,1.14995e+07,4.49625e+06,6.79999e+06,1.14995e+07,4.49528e+06,6.79999e+06,1.14994e+07,4.49406e+06,6.79999e+06,1.14993e+07,4.49253e+06,6.79999e+06,1.14992e+07,4.49059e+06,6.79999e+06,1.14991e+07,4.48817e+06,6.79999e+06,1.1499e+07,4.48511e+06,6.79999e+06,1.14988e+07,4.48128e+06,6.79999e+06,1.14987e+07,4.47646e+06,6.79999e+06,1.14985e+07,4.47041e+06,6.79999e+06,1.14983e+07,4.46281e+06,6.79999e+06,1.14981e+07,4.4533e+06,6.79999e+06,1.14979e+07,4.44138e+06,6.79999e+06,1.14976e+07,4.42649e+06,6.79999e+06,1.14972e+07,4.40789e+06,6.79999e+06,1.14969e+07,4.38471e+06,6.79999e+06,1.14965e+07,4.35592e+06,6.79999e+06,1.1496e+07,4.32027e+06,6.79999e+06,1.14955e+07,4.27629e+06,6.79999e+06,1.14949e+07,4.22231e+06,6.79999e+06,1.14942e+07,4.15647e+06,6.79999e+06,1.14934e+07,4.07676e+06,6.79999e+06,1.14926e+07,3.98112e+06,6.79999e+06,1.14916e+07,3.86765e+06,6.79999e+06,1.14905e+07,3.73474e+06,6.79999e+06,1.14892e+07,3.58148e+06,6.79999e+06,1.14878e+07,3.40785e+06,6.79999e+06,1.14862e+07,3.21513e+06,6.79999e+06,1.14844e+07,3.00605e+06,6.79999e+06,1.14823e+07,2.7848e+06,6.79999e+06,1.148e+07,2.5568e+06,6.79999e+06,1.14773e+07,2.32825e+06,6.79999e+06,13.5742,8.52444,0.508366,16.8306,13.2585,0.162638,20.0035,17.569,0.0507846,23.2616,22.4214,0.0158319,26.7328,28.3297,0.00493498,30.5212,35.6974,0.00153831,34.7178,44.9473,0.000479527,39.4086,56.5822,0.000149456,44.6796,71.2245,4.66214e-05,50.6209,89.6543,1.45419e-05,57.3297,112.852,4.54748e-06,64.9129,142.051,1.43857e-06,73.4897,178.803,4.36618e-07,83.1934,225.062,1.40153e-07,94.1745,283.286,4.96378e-08,106.602,356.568,1.05434e-07,120.669,448.799,-6.49244e-08,136.59,564.873,1.70148e-07,154.611,710.948,-5.34594e-08,175.008,894.767,1.63407e-07,198.097,1126.06,8.04804e-08,224.231,1417.07,1.14667e-07,253.813,1783.15,-1.71227e-07,287.297,2243.62,-2.88466e-07,325.198,2822.67,-4.33651e-07,368.098,3550.67,7.9318e-08,416.657,4465.65,3.13319e-07,471.621,5615.16,3.4613e-07,533.835,7058.61,-1.19199e-07,604.255,8870.02,-2.79964e-07,683.962,11141.4,-2.30521e-07,774.182,13986.7,-2.55099e-07,876.299,17546.4,1.23585e-07,991.883,21993.1,1.41192e-07,1122.71,27536.7,-9.71886e-08,1270.78,34430.7,-3.68368e-07,1438.38,42977.7,-3.45379e-07,1628.07,53532.7,-3.25328e-09,1842.77,66504.6,2.6362e-07,2085.77,82350.2,2.53445e-07,2360.79,101560,-2.47407e-08,2672.05,124632,-3.80602e-07,3024.31,152018,-4.79005e-07,3422.98,184060,-1.14379e-07,3874.15,220884,2.64297e-07,4384.72,262283,3.44131e-07,4962.49,307576,7.5349e-08,5616.29,355497,-3.63097e-07,6356.1,404126,-6.05442e-07,7193.18,450932,-2.72333e-07,8140.28,492963,2.29675e-07,9211.79,527178,4.3387e-07,10424,550893,-1.0711e-07,10.102,8.06553,2.81012,10.6436,8.57909,0.869423,11.5336,10.2515,0.270869,12.7211,12.7138,0.0844293,14.1823,15.9373,0.0263173,15.9122,20.0383,0.0082035,17.9198,25.2154,0.00255722,20.2244,31.7373,0.000797017,22.8539,39.9486,0.000248622,25.8438,50.2851,7.75492e-05,29.237,63.2963,2.42508e-05,33.0837,79.6738,7.67162e-06,37.4415,100.288,2.32837e-06,42.3767,126.236,7.33e-07,47.9646,158.896,2.79256e-07,54.2906,200.003,9.87351e-09,61.452,251.741,1.61085e-07,69.5585,316.859,-2.47141e-07,78.7347,398.812,8.93552e-08,89.1218,501.948,-2.53231e-07,100.879,631.736,-1.25047e-07,114.188,795.049,-1.78808e-07,129.252,1000.53,2.6733e-07,146.304,1259.03,4.50292e-07,165.605,1584.19,6.76904e-07,187.452,1993.12,-1.23808e-07,212.181,2507.27,-4.89068e-07,240.173,3153.54,-5.40284e-07,271.856,3965.56,1.86061e-07,307.719,4985.38,4.37004e-07,348.313,6265.4,3.59828e-07,394.26,7870.83,3.98192e-07,446.268,9882.51,-1.92908e-07,505.135,12400.3,-2.20392e-07,571.766,15546.9,1.51705e-07,647.184,19472.2,5.74996e-07,732.547,24357.4,5.39112e-07,829.167,30420,5.07815e-09,938.526,37916.3,-4.11492e-07,1062.3,47143.9,-3.9561e-07,1202.4,58439.2,3.86185e-08,1360.96,72169.3,5.94093e-07,1540.42,88715.8,7.47693e-07,1743.53,108445,1.78537e-07,1973.41,131665,-4.12549e-07,2233.57,158557,-5.37164e-07,2528,189103,-1.17615e-07,2861.2,222986,5.66769e-07,3238.27,259510,9.45053e-07,3664.97,297540,4.25093e-07,4147.81,335497,-3.58506e-07,4694.17,371444,-6.7724e-07,5312.37,403256,1.67192e-07,1.61744,3.89446,9.84394,3.28846,7.5504,12.774,5.07607,11.7187,13.6844,7.03202,16.8147,13.9681,9.20215,23.1769,14.0566,11.6301,31.1672,14.0841,14.3598,41.2186,14.0927,17.4376,53.8688,14.0954,20.9137,69.7915,14.0962,24.8432,89.8341,14.0965,29.2879,115.063,14.0966,34.3168,146.819,14.0966,40.0078,186.792,14.0966,46.4487,237.107,14.0966,53.7388,300.44,14.0966,61.9903,380.158,14.0966,71.3301,480.499,14.0966,81.902,606.796,14.0966,93.8685,765.761,14.0966,107.414,965.837,14.0966,122.746,1217.65,14.0966,140.101,1534.57,14.0966,159.745,1933.41,14.0966,181.981,2435.3,14.0966,207.15,3066.85,14.0966,235.64,3861.46,14.0966,267.889,4861.11,14.0966,304.391,6118.54,14.0966,345.709,7699.91,14.0966,392.478,9688.22,14.0966,445.417,12187.5,14.0966,505.339,15327.7,14.0966,573.165,19271.6,14.0966,649.938,24222,14.0966,736.839,30430.9,14.0966,835.202,38211.5,14.0966,946.539,47950.3,14.0966,1072.56,60122.8,14.0966,1215.21,75309.9,14.0966,1376.66,94216.2,14.0966,1559.41,117688,14.0966,1766.26,146729,14.0966,2000.39,182510,14.0966,2265.39,226372,14.0966,2565.33,279806,14.0966,2904.81,344416,14.0966,3289.05,421845,14.0966,3723.93,513667,14.0966,4216.13,621231,14.0966,4773.18,745478,14.0966,5403.64,886744,14.0966,6117.15,1.04457e+06,14.0966,6924.63,1.2176e+06,14.0966,11.7194,11.96,12.6541,13.9321,16.1295,13.6434,16.6097,21.9702,13.9553,19.7532,29.5285,14.0526,23.3844,39.1143,14.0829,27.5423,51.2054,14.0923,32.2796,66.434,14.0953,37.662,85.6061,14.0962,43.7675,109.74,14.0965,50.687,140.119,14.0966,58.5249,178.359,14.0966,67.4005,226.493,14.0966,77.4493,287.08,14.0966,88.8254,363.343,14.0966,101.703,459.336,14.0966,116.281,580.161,14.0966,132.782,732.241,14.0966,151.46,923.655,14.0966,172.603,1164.57,14.0966,196.535,1467.79,14.0966,223.625,1849.39,14.0966,254.288,2329.62,14.0966,288.997,2933.93,14.0966,328.285,3694.33,14.0966,372.755,4651.04,14.0966,423.092,5854.57,14.0966,480.07,7368.38,14.0966,544.564,9272.08,14.0966,617.566,11665.5,14.0966,700.197,14673.6,14.0966,793.729,18452.9,14.0966,899.599,23198.6,14.0966,1019.43,29154.1,14.0966,1155.07,36622.3,14.0966,1308.6,45977.9,14.0966,1482.39,57683.7,14.0966,1679.09,72307.8,14.0966,1901.73,90542.8,14.0966,2153.73,113226,14.0966,2438.97,141360,14.0966,2761.81,176127,14.0966,3127.22,218898,14.0966,3540.81,271226,14.0966,4008.92,334817,14.0966,4538.74,411470,14.0966,5138.38,502973,14.0966,5817.04,610948,14.0966,6585.12,736653,14.0966,7454.39,880741,14.0966,8438.15,1.04302e+06,14.0966,9551.45,1.22224e+06,14.0966,10811.3,1.41602e+06,14.0966,12237,1.62086e+06,14.0966,11.7194,11.96,12.6541,2.21263,4.16949,0.989383,2.67766,5.84076,0.311842,3.14343,7.55825,0.0972771,3.63127,9.58578,0.0303237,4.15787,12.0912,0.00945211,4.73731,15.2286,0.00294633,5.38238,19.1721,0.000918508,6.10553,24.134,0.000286163,6.91951,30.3791,8.92692e-05,7.83792,38.2397,2.78121e-05,8.87555,48.1338,8.65134e-06,10.0489,60.5876,2.7882e-06,11.3761,76.2629,8.29036e-07,12.8779,95.9927,2.4373e-07,14.5775,120.825,4.33068e-09,16.5012,152.08,1.75749e-07,18.6784,191.415,-1.86328e-07,21.1428,240.917,1.91829e-07,23.9322,303.213,-1.81475e-07,27.0895,381.602,7.0186e-08,30.6634,480.231,-2.86769e-08,34.7087,604.316,2.40784e-07,39.2876,760.401,9.87368e-08,44.4705,956.705,1.22263e-07,50.3371,1203.54,-4.31966e-07,56.9776,1513.81,-1.9705e-07,64.494,1903.69,-2.763e-08,73.0018,2393.4,3.9185e-07,82.6317,3008.13,1.35379e-07,93.5318,3779.25,-4.16351e-08,105.869,4745.7,2.06965e-08,119.834,5955.6,-3.18887e-07,135.641,7468.12,-1.48271e-08,153.531,9355.62,2.00739e-07,173.781,11705.8,2.28358e-07,196.701,14624.1,-1.93587e-08,222.642,18235,-2.88101e-07,252.003,22683.4,-2.24732e-07,285.234,28134,8.56806e-09,322.845,34767,2.34258e-07,365.413,42770.9,2.99668e-07,413.588,52327.9,8.28644e-08,468.111,63591.2,-3.07049e-07,529.814,76653.2,-3.1888e-07,599.642,91502.5,-6.72276e-08,678.662,107975,2.26339e-07,768.083,125705,3.69212e-07,869.267,144088,2.04077e-07,983.76,162277,-2.80509e-07,1113.3,179223,-4.22737e-07,1259.87,193777,-1.71951e-07,1425.68,204839,4.55555e-07,11.7194,11.96,12.6541,2.21263,4.16949,0.989383,2.67766,5.84076,0.311842,3.14343,7.55825,0.0972771,3.63127,9.58578,0.0303237,4.15787,12.0912,0.00945211,4.73731,15.2286,0.00294633,5.38238,19.1721,0.000918508,6.10553,24.134,0.000286163,6.91951,30.3791,8.92692e-05,7.83792,38.2397,2.78121e-05,8.87555,48.1338,8.65134e-06,10.0489,60.5876,2.7882e-06,11.3761,76.2629,8.29036e-07,12.8779,95.9927,2.4373e-07,14.5775,120.825,1e-08,16.5012,152.08,1.75749e-07,18.6784,191.415,1e-08,21.1428,240.917,1.91829e-07,23.9322,303.213,1e-08,27.0895,381.602,7.0186e-08,30.6634,480.231,1e-08,34.7087,604.316,2.40784e-07,39.2876,760.401,9.87368e-08,44.4705,956.705,1.22263e-07,50.3371,1203.54,1e-08,56.9776,1513.81,1e-08,64.494,1903.69,1e-08,73.0018,2393.4,3.9185e-07,82.6317,3008.13,1.35379e-07,93.5318,3779.25,1e-08,105.869,4745.7,2.06965e-08,119.834,5955.6,1e-08,135.641,7468.12,1e-08,153.531,9355.62,2.00739e-07,173.781,11705.8,2.28358e-07,196.701,14624.1,1e-08,222.642,18235,1e-08,252.003,22683.4,1e-08,285.234,28134,1e-08,322.845,34767,2.34258e-07,365.413,42770.9,2.99668e-07,413.588,52327.9,8.28644e-08,468.111,63591.2,1e-08,529.814,76653.2,1e-08,599.642,91502.5,1e-08,678.662,107975,2.26339e-07,768.083,125705,3.69212e-07,869.267,144088,2.04077e-07,983.76,162277,1e-08,1113.3,179223,1e-08,1259.87,193777,1e-08,1425.68,204839,4.55555e-07,6.2823,3.27286,2.43537,0.219672,6.18826,2.24117,0.56371,6.87772,2.63624,0.308279,6,6,23,2,4,1,3,2,1,1,4,0,5,6,0,2,14,0,9,12,0,5,19,0,3,11,0,9,18,0,7,66,0,5,68,0,8,65,0,14,100,0,9,102,0,21,67,0,9,80,0,16,170,0,11,379,0,26,155,0,45,354,0,45,408,0,39,483,0,36,721,0,54,771,0,67,1509,0,58,1992,0,45,1814,0,85,925,0,35,4703,0,64,2992,0,103,4303,0,62,10393,0,100,4256,0,107,6504,0,145,19162,0,149,26633,0,272,16744,0,126,27455,0,182,28064,0,222,30289,0,395,62215,0,551,58564,0,530,50065,0,365,48503,0,744,43885,0,831,136831,0,990,133343,0,998,61967,0,512,175399,0,1929,101531,0,2048,276336,0,2246,134431,0
-1.05176e+08,1,8.88811e-15,10,1023,0,1.05176e+08,0.528882,1.08665,0.389689,0.145397,0.379329,3.24381,0.161596,0.446195,1.77396,0.159177,1.15e+07,4.49998e+06,6.79999e+06,1.15e+07,4.49997e+06,6.79999e+06,1.15e+07,4.49996e+06,6.79999e+06,1.15e+07,4.49995e+06,6.79999e+06,1.14999e+07,4.49993e+06,6.79999e+06,1.14999e+07,4.49991e+06,6.79999e+06,1.14999e+07,4.49989e+06,6.79999e+06,1.14999e+07,4.49986e+06,6.79999e+06,1.14999e+07,4.49982e+06,6.79999e+06,1.14999e+07,4.49977e+06,6.79999e+06,1.14999e+07,4.49971e+06,6.79999e+06,1.14999e+07,4.49963e+06,6.79999e+06,1.14998e+07,4.49953e+06,6.79999e+06,1.14998e+07,4.49941e+06,6.79999e+06,1.14998e+07,4.49926e+06,6.79999e+06,1.14998e+07,4.49906e+06,6.79999e+06,1.14997e+07,4.49882e+06,6.79999e+06,1.14997e+07,4.49851e+06,6.79999e+06,1.14997e+07,4.49812e+06,6.79999e+06,1.14996e+07,4.49764e+06,6.79999e+06,1.14996e+07,4.49702e+06,6.79999e+06,1.14995e+07,4.49625e+06,6.79999e+06,1.14995e+07,4.49528e+06,6.79999e+06,1.14994e+07,4.49406e+06,6.79999e+06,1.14993e+07,4.49253e+06,6.79999e+06,1.14992e+07,4.49059e+06,6.79999e+06,1.14991e+07,4.48817e+06,6.79999e+06,1.1499e+07,4.48511e+06,6.79999e+06,1.14988e+07,4.48128e+06,6.79999e+06,1.14987e+07,4.47646e+06,6.79999e+06,1.14985e+07,4.47041e+06,6.79999e+06,1.14983e+07,4.46281e+06,6.79999e+06,1.14981e+07,4.4533e+06,6.79999e+06,1.14979e+07,4.44138e+06,6.79999e+06,1.14976e+07,4.42649e+06,6.79999e+06,1.14972e+07,4.40789e+06,6.79999e+06,1.14969e+07,4.38471e+06,6.79999e+06,1.14965e+07,4.35592e+06,6.79999e+06,1.1496e+07,4.32027e+06,6.79999e+06,1.14955e+07,4.27629e+06,6.79999e+06,1.14949e+07,4.22231e+06,6.79999e+06,1.14942e+07,4.15647e+06,6.79999e+06,1.14934e+07,4.07676e+06,6.79999e+06,1.14926e+07,3.98112e+06,6.79999e+06,1.14916e+07,3.86765e+06,6.79999e+06,1.14905e+07,3.73474e+06,6.79999e+06,1.14892e+07,3.58148e+06,6.79999e+06,1.14878e+07,3.40785e+06,6.79999e+06,1.14862e+07,3.21513e+06,6.79999e+06,1.14844e+07,3.00605e+06,6.79999e+06,1.14823e+07,2.7848e+06,6.79999e+06,1.148e+07,2.5568e+06,6.79999e+06,1.14773e+07,2.32825e+06,6.79999e+06,13.5742,8.52444,0.508366,16.8306,13.2585,0.162638,20.0035,17.569,0.0507846,23.2616,22.4214,0.0158319,26.7328,28.3297,0.00493498,30.5212,35.6974,0.00153831,34.7178,44.9473,0.000479527,39.4086,56.5822,0.000149456,44.6796,71.2245,4.66214e-05,50.6209,89.6543,1.45419e-05,57.3297,112.852,4.54748e-06,64.9129,142.051,1.43857e-06,73.4897,178.803,4.36618e-07,83.1934,225.062,1.40153e-07,94.1745,283.286,4.96378e-08,106.602,356.568,1.05434e-07,120.669,448.799,-6.49244e-08,136.59,564.873,1.70148e-07,154.611,710.948,-5.34594e-08,175.008,894.767,1.63407e-07,198.097,1126.06,8.04804e-08,224.231,1417.07,1.14667e-07,253.813,1783.15,-1.71227e-07,287.297,2243.62,-2.88466e-07,325.198,2822.67,-4.33651e-07,368.098,3550.67,7.9318e-08,416.657,4465.65,3.13319e-07,471.621,5615.16,3.4613e-07,533.835,7058.61,-1.19199e-07,604.255,8870.02,-2.79964e-07,683.962,11141.4,-2.30521e-07,774.182,13986.7,-2.55099e-07,876.299,17546.4,1.23585e-07,991.883,21993.1,1.41192e-07,1122.71,27536.7,-9.71886e-08,1270.78,34430.7,-3.68368e-07,1438.38,42977.7,-3.45379e-07,1628.07,53532.7,-3.25328e-09,1842.77,66504.6,2.6362e-07,2085.77,82350.2,2.53445e-07,2360.79,101560,-2.47407e-08,2672.05,124632,-3.80602e-07,3024.31,152018,-4.79005e-07,3422.98,184060,-1.14379e-07,3874.15,220884,2.64297e-07,4384.72,262283,3.44131e-07,4962.49,307576,7.5349e-08,5616.29,355497,-3.63097e-07,6356.1,404126,-6.05442e-07,7193.18,450932,-2.72333e-07,8140.28,492963,2.29675e-07,9211.79,527178,4.3387e-07,10424,550893,-1.0711e-07,10.102,8.06553,2.81012,10.6436,8.57909,0.869423,11.5336,10.2515,0.270869,12.7211,12.7138,0.0844293,14.1823,15.9373,0.0263173,15.9122,20.0383,0.0082035,17.9198,25.2154,0.00255722,20.2244,31.7373,0.000797017,22.8539,39.9486,0.000248622,25.8438,50.2851,7.75492e-05,29.237,63.2963,2.42508e-05,33.0837,79.6738,7.67162e-06,37.4415,100.288,2.32837e-06,42.3767,126.236,7.33e-07,47.9646,158.896,2.79256e-07,54.2906,200.003,9.87351e-09,61.452,251.741,1.61085e-07,69.5585,316.859,-2.47141e-07,78.7347,398.812,8.93552e-08,89.1218,501.948,-2.53231e-07,100.879,631.736,-1.25047e-07,114.188,795.049,-1.78808e-07,129.252,1000.53,2.6733e-07,146.304,1259.03,4.50292e-07,165.605,1584.19,6.76904e-07,187.452,1993.12,-1.23808e-07,212.181,2507.27,-4.89068e-07,240.173,3153.54,-5.40284e-07,271.856,3965.56,1.86061e-07,307.719,4985.38,4.37004e-07,348.313,6265.4,3.59828e-07,394.26,7870.83,3.98192e-07,446.268,9882.51,-1.92908e-07,505.135,12400.3,-2.20392e-07,571.766,15546.9,1.51705e-07,647.184,19472.2,5.74996e-07,732.547,24357.4,5.39112e-07,829.167,30420,5.07815e-09,938.526,37916.3,-4.11492e-07,1062.3,47143.9,-3.9561e-07,1202.4,58439.2,3.86185e-08,1360.96,72169.3,5.94093e-07,1540.42,88715.8,7.47693e-07,1743.53,108445,1.78537e-07,1973.41,131665,-4.12549e-07,2233.57,158557,-5.37164e-07,2528,189103,-1.17615e-07,2861.2,222986,5.66769e-07,3238.27,259510,9.45053e-07,3664.97,297540,4.25093e-07,4147.81,335497,-3.58506e-07,4694.17,371444,-6.7724e-07,5312.37,403256,1.67192e-07,1.61744,3.89446,9.84394,3.28846,7.5504,12.774,5.07607,11.7187,13.6844,7.03202,16.8147,13.9681,9.20215,23.1769,14.0566,11.6301,31.1672,14.0841,14.3598,41.2186,14.0927,17.4376,53.8688,14.0954,20.9137,69.7915,14.0962,24.8432,89.8341,14.0965,29.2879,115.063,14.0966,34.3168,146.819,14.0966,40.0078,186.792,14.0966,46.4487,237.107,14.0966,53.7388,300.44,14.0966,61.9903,380.158,14.0966,71.3301,480.499,14.0966,81.902,606.796,14.0966,93.8685,765.761,14.0966,107.414,965.837,14.0966,122.746,1217.65,14.0966,140.101,1534.57,14.0966,159.745,1933.41,14.0966,181.981,2435.3,14.0966,207.15,3066.85,14.0966,235.64,3861.46,14.0966,267.889,4861.11,14.0966,304.391,6118.54,14.0966,345.709,7699.91,14.0966,392.478,9688.22,14.0966,445.417,12187.5,14.0966,505.339,15327.7,14.0966,573.165,19271.6,14.0966,649.938,24222,14.0966,736.839,30430.9,14.0966,835.202,38211.5,14.0966,946.539,47950.3,14.0966,1072.56,60122.8,14.0966,1215.21,75309.9,14.0966,1376.66,94216.2,14.0966,1559.41,117688,14.0966,1766.26,146729,14.0966,2000.39,182510,14.0966,2265.39,226372,14.0966,2565.33,279806,14.0966,2904.81,344416,14.0966,3289.05,421845,14.0966,3723.93,513667,14.0966,4216.13,621231,14.0966,4773.18,745478,14.0966,5403.64,886744,14.0966,6117.15,1.04457e+06,14.0966,6924.63,1.2176e+06,14.0966,11.7194,11.96,12.6541,13.9321,16.1295,13.6434,16.6097,21.9702,13.9553,19.7532,29.5285,14.0526,23.3844,39.1143,14.0829,27.5423,51.2054,14.0923,32.2796,66.434,14.0953,37.662,85.6061,14.0962,43.7675,109.74,14.0965,50.687,140.119,14.0966,58.5249,178.359,14.0966,67.4005,226.493,14.0966,77.4493,287.08,14.0966,88.8254,363.343,14.0966,101.703,459.336,14.0966,116.281,580.161,14.0966,132.782,732.241,14.0966,151.46,923.655,14.0966,172.603,1164.57,14.0966,196.535,1467.79,14.0966,223.625,1849.39,14.0966,254.288,2329.62,14.0966,288.997,2933.93,14.0966,328.285,3694.33,14.0966,372.755,4651.04,14.0966,423.092,5854.57,14.0966,480.07,7368.38,14.0966,544.564,9272.08,14.0966,617.566,11665.5,14.0966,700.197,14673.6,14.0966,793.729,18452.9,14.0966,899.599,23198.6,14.0966,1019.43,29154.1,14.0966,1155.07,36622.3,14.0966,1308.6,45977.9,14.0966,1482.39,57683.7,14.0966,1679.09,72307.8,14.0966,1901.73,90542.8,14.0966,2153.73,113226,14.0966,2438.97,141360,14.0966,2761.81,176127,14.0966,3127.22,218898,14.0966,3540.81,271226,14.0966,4008.92,334817,14.0966,4538.74,411470,14.0966,5138.38,502973,14.0966,5817.04,610948,14.0966,6585.12,736653,14.0966,7454.39,880741,14.0966,8438.15,1.04302e+06,14.0966,9551.45,1.22224e+06,14.0966,10811.3,1.41602e+06,14.0966,12237,1.62086e+06,14.0966,11.7194,11.96,12.6541,2.21263,4.16949,0.989383,2.67766,5.84076,0.311842,3.14343,7.55825,0.0972771,3.63127,9.58578,0.0303237,4.15787,12.0912,0.00945211,4.73731,15.2286,0.00294633,5.38238,19.1721,0.000918508,6.10553,24.134,0.000286163,6.91951,30.3791,8.92692e-05,7.83792,38.2397,2.78121e-05,8.87555,48.1338,8.65134e-06,10.0489,60.5876,2.7882e-06,11.3761,76.2629,8.29036e-07,12.8779,95.9927,2.4373e-07,14.5775,120.825,4.33068e-09,16.5012,152.08,1.75749e-07,18.6784,191.415,-1.86328e-07,21.1428,240.917,1.91829e-07,23.9322,303.213,-1.81475e-07,27.0895,381.602,7.0186e-08,30.6634,480.231,-2.86769e-08,34.7087,604.316,2.40784e-07,39.2876,760.401,9.87368e-08,44.4705,956.705,1.22263e-07,50.3371,1203.54,-4.31966e-07,56.9776,1513.81,-1.9705e-07,64.494,1903.69,-2.763e-08,73.0018,2393.4,3.9185e-07,82.6317,3008.13,1.35379e-07,93.5318,3779.25,-4.16351e-08,105.869,4745.7,2.06965e-08,119.834,5955.6,-3.18887e-07,135.641,7468.12,-1.48271e-08,153.531,9355.62,2.00739e-07,173.781,11705.8,2.28358e-07,196.701,14624.1,-1.93587e-08,222.642,18235,-2.88101e-07,252.003,22683.4,-2.24732e-07,285.234,28134,8.56806e-09,322.845,34767,2.34258e-07,365.413,42770.9,2.99668e-07,413.588,52327.9,8.28644e-08,468.111,63591.2,-3.07049e-07,529.814,76653.2,-3.1888e-07,599.642,91502.5,-6.72276e-08,678.662,107975,2.26339e-07,768.083,125705,3.69212e-07,869.267,144088,2.04077e-07,983.76,162277,-2.80509e-07,1113.3,179223,-4.22737e-07,1259.87,193777,-1.71951e-07,1425.68,204839,4.55555e-07,11.7194,11.96,12.6541,2.21263,4.16949,0.989383,2.67766,5.84076,0.311842,3.14343,7.55825,0.0972771,3.63127,9.58578,0.0303237,4.15787,12.0912,0.00945211,4.73731,15.2286,0.00294633,5.38238,19.1721,0.000918508,6.10553,24.134,0.000286163,6.91951,30.3791,8.92692e-05,7.83792,38.2397,2.78121e-05,8.87555,48.1338,8.65134e-06,10.0489,60.5876,2.7882e-06,11.3761,76.2629,8.29036e-07,12.8779,95.9927,2.4373e-07,14.5775,120.825,1e-08,16.5012,152.08,1.75749e-07,18.6784,191.415,1e-08,21.1428,240.917,1.91829e-07,23.9322,303.213,1e-08,27.0895,381.602,7.0186e-08,30.6634,480.231,1e-08,34.7087,604.316,2.40784e-07,39.2876,760.401,9.87368e-08,44.4705,956.705,1.22263e-07,50.3371,1203.54,1e-08,56.9776,1513.81,1e-08,64.494,1903.69,1e-08,73.0018,2393.4,3.9185e-07,82.6317,3008.13,1.35379e-07,93.5318,3779.25,1e-08,105.869,4745.7,2.06965e-08,119.834,5955.6,1e-08,135.641,7468.12,1e-08,153.531,9355.62,2.00739e-07,173.781,11705.8,2.28358e-07,196.701,14624.1,1e-08,222.642,18235,1e-08,252.003,22683.4,1e-08,285.234,28134,1e-08,322.845,34767,2.34258e-07,365.413,42770.9,2.99668e-07,413.588,52327.9,8.28644e-08,468.111,63591.2,1e-08,529.814,76653.2,1e-08,599.642,91502.5,1e-08,678.662,107975,2.26339e-07,768.083,125705,3.69212e-07,869.267,144088,2.04077e-07,983.76,162277,1e-08,1113.3,179223,1e-08,1259.87,193777,1e-08,1425.68,204839,4.55555e-07,6.2823,3.27286,2.43537,0.219672,6.18826,2.24117,0.56371,6.87772,2.63624,0.308279,12,9,7,1,4,0,2,6,0,4,6,0,3,5,0,2,9,0,9,16,0,2,18,0,11,21,0,6,40,0,9,26,0,8,35,0,14,56,0,7,78,0,5,72,0,4,60,0,7,87,0,9,221,0,36,111,0,38,304,0,27,424,0,61,315,0,16,391,0,38,506,0,40,871,0,56,756,0,72,935,0,102,1716,0,73,3752,0,108,990,0,85,3074,0,98,3272,0,129,1860,0,258,9362,0,152,3111,0,146,14853,0,318,10462,0,159,27195,0,235,25679,0,223,50009,0,258,23686,0,222,34042,0,253,44564,0,281,114782,0,545,42624,0,579,87757,0,688,66776,0,704,85638,0,1135,133237,0,2480,99751,0,2046,210148,0,1360,358553,0,2460,241800,0
-1.05176e+08,1,8.88811e-15,10,1023,0,1.05176e+08,0.528882,1.08665,0.389689,0.145397,0.379329,3.24381,0.161596,0.446195,1.77396,0.159177,1.15e+07,4.49998e+06,6.79999e+06,1.15e+07,4.49997e+06,6.79999e+06,1.15e+07,4.49996e+06,6.79999e+06,1.15e+07,4.49995e+06,6.79999e+06,1.14999e+07,4.49993e+06,6.79999e+06,1.14999e+07,4.49991e+06,6.79999e+06,1.14999e+07,4.49989e+06,6.79999e+06,1.14999e+07,4.49986e+06,6.79999e+06,1.14999e+07,4.49982e+06,6.79999e+06,1.14999e+07,4.49977e+06,6.79999e+06,1.14999e+07,4.49971e+06,6.79999e+06,1.14999e+07,4.49963e+06,6.79999e+06,1.14998e+07,4.49953e+06,6.79999e+06,1.14998e+07,4.49941e+06,6.79999e+06,1.14998e+07,4.49926e+06,6.79999e+06,1.14998e+07,4.49906e+06,6.79999e+06,1.14997e+07,4.49882e+06,6.79999e+06,1.14997e+07,4.49851e+06,6.79999e+06,1.14997e+07,4.49812e+06,6.79999e+06,1.14996e+07,4.49764e+06,6.79999e+06,1.14996e+07,4.49702e+06,6.79999e+06,1.14995e+07,4.49625e+06,6.79999e+06,1.14995e+07,4.49528e+06,6.79999e+06,1.14994e+07,4.49406e+06,6.79999e+06,1.14993e+07,4.49253e+06,6.79999e+06,1.14992e+07,4.49059e+06,6.79999e+06,1.14991e+07,4.48817e+06,6.79999e+06,1.1499e+07,4.48511e+06,6.79999e+06,1.14988e+07,4.48128e+06,6.79999e+06,1.14987e+07,4.47646e+06,6.79999e+06,1.14985e+07,4.47041e+06,6.79999e+06,1.14983e+07,4.46281e+06,6.79999e+06,1.14981e+07,4.4533e+06,6.79999e+06,1.14979e+07,4.44138e+06,6.79999e+06,1.14976e+07,4.42649e+06,6.79999e+06,1.14972e+07,4.40789e+06,6.79999e+06,1.14969e+07,4.38471e+06,6.79999e+06,1.14965e+07,4.35592e+06,6.79999e+06,1.1496e+07,4.32027e+06,6.79999e+06,1.14955e+07,4.27629e+06,6.79999e+06,1.14949e+07,4.22231e+06,6.79999e+06,1.14942e+07,4.15647e+06,6.79999e+06,1.14934e+07,4.07676e+06,6.79999e+06,1.14926e+07,3.98112e+06,6.79999e+06,1.14916e+07,3.86765e+06,6.79999e+06,1.14905e+07,3.73474e+06,6.79999e+06,1.14892e+07,3.58148e+06,6.79999e+06,1.14878e+07,3.40785e+06,6.79999e+06,1.14862e+07,3.21513e+06,6.79999e+06,1.14844e+07,3.00605e+06,6.79999e+06,1.14823e+07,2.7848e+06,6.79999e+06,1.148e+07,2.5568e+06,6.79999e+06,1.14773e+07,2.32825e+06,6.79999e+06,13.5742,8.52444,0.508366,16.8306,13.2585,0.162638,20.0035,17.569,0.0507846,23.2616,22.4214,0.0158319,26.7328,28.3297,0.00493498,30.5212,35.6974,0.00153831,34.7178,44.9473,0.000479527,39.4086,56.5822,0.000149456,44.6796,71.2245,4.66214e-05,50.6209,89.6543,1.45419e-05,57.3297,112.852,4.54748e-06,64.9129,142.051,1.43857e-06,73.4897,178.803,4.36618e-07,83.1934,225.062,1.40153e-07,94.1745,283.286,4.96378e-08,106.602,356.568,1.05434e-07,120.669,448.799,-6.49244e-08,136.59,564.873,1.70148e-07,154.611,710.948,-5.34594e-08,175.008,894.767,1.63407e-07,198.097,1126.06,8.04804e-08,224.231,1417.07,1.14667e-07,253.813,1783.15,-1.71227e-07,287.297,2243.62,-2.88466e-07,325.198,2822.67,-4.33651e-07,368.098,3550.67,7.9318e-08,416.657,4465.65,3.13319e-07,471.621,5615.16,3.4613e-07,533.835,7058.61,-1.19199e-07,604.255,8870.02,-2.79964e-07,683.962,11141.4,-2.30521e-07,774.182,13986.7,-2.55099e-07,876.299,17546.4,1.23585e-07,991.883,21993.1,1.41192e-07,1122.71,27536.7,-9.71886e-08,1270.78,34430.7,-3.68368e-07,1438.38,42977.7,-3.45379e-07,1628.07,53532.7,-3.25328e-09,1842.77,66504.6,2.6362e-07,2085.77,82350.2,2.53445e-07,2360.79,101560,-2.47407e-08,2672.05,124632,-3.80602e-07,3024.31,152018,-4.79005e-07,3422.98,184060,-1.14379e-07,3874.15,220884,2.64297e-07,4384.72,262283,3.44131e-07,4962.49,307576,7.5349e-08,5616.29,355497,-3.63097e-07,6356.1,404126,-6.05442e-07,7193.18,450932,-2.72333e-07,8140.28,492963,2.29675e-07,9211.79,527178,4.3387e-07,10424,550893,-1.0711e-07,10.102,8.06553,2.81012,10.6436,8.57909,0.869423,11.5336,10.2515,0.270869,12.7211,12.7138,0.0844293,14.1823,15.9373,0.0263173,15.9122,20.0383,0.0082035,17.9198,25.2154,0.00255722,20.2244,31.7373,0.000797017,22.8539,39.9486,0.000248622,25.8438,50.2851,7.75492e-05,29.237,63.2963,2.42508e-05,33.0837,79.6738,7.67162e-06,37.4415,100.288,2.32837e-06,42.3767,126.236,7.33e-07,47.9646,158.896,2.79256e-07,54.2906,200.003,9.87351e-09,61.452,251.741,1.61085e-07,69.5585,316.859,-2.47141e-07,78.7347,398.812,8.93552e-08,89.1218,501.948,-2.53231e-07,100.879,631.736,-1.25047e-07,114.188,795.049,-1.78808e-07,129.252,1000.53,2.6733e-07,146.304,1259.03,4.50292e-07,165.605,1584.19,6.76904e-07,187.452,1993.12,-1.23808e-07,212.181,2507.27,-4.89068e-07,240.173,3153.54,-5.40284e-07,271.856,3965.56,1.86061e-07,307.719,4985.38,4.37004e-07,348.313,6265.4,3.59828e-07,394.26,7870.83,3.98192e-07,446.268,9882.51,-1.92908e-07,505.135,12400.3,-2.20392e-07,571.766,15546.9,1.51705e-07,647.184,19472.2,5.74996e-07,732.547,24357.4,5.39112e-07,829.167,30420,5.07815e-09,938.526,37916.3,-4.11492e-07,1062.3,47143.9,-3.9561e-07,1202.4,58439.2,3.86185e-08,1360.96,72169.3,5.94093e-07,1540.42,88715.8,7.47693e-07,1743.53,108445,1.78537e-07,1973.41,131665,-4.12549e-07,2233.57,158557,-5.37164e-07,2528,189103,-1.17615e-07,2861.2,222986,5.66769e-07,3238.27,259510,9.45053e-07,3664.97,297540,4.25093e-07,4147.81,335497,-3.58506e-07,4694.17,371444,-6.7724e-07,5312.37,403256,1.67192e-07,1.61744,3.89446,9.84394,3.28846,7.5504,12.774,5.07607,11.7187,13.6844,7.03202,16.8147,13.9681,9.20215,23.1769,14.0566,11.6301,31.1672,14.0841,14.3598,41.2186,14.0927,17.4376,53.8688,14.0954,20.9137,69.7915,14.0962,24.8432,89.8341,14.0965,29.2879,115.063,14.0966,34.3168,146.819,14.0966,40.0078,186.792,14.0966,46.4487,237.107,14.0966,53.7388,300.44,14.0966,61.9903,380.158,14.0966,71.3301,480.499,14.0966,81.902,606.796,14.0966,93.8685,765.761,14.0966,107.414,965.837,14.0966,122.746,1217.65,14.0966,140.101,1534.57,14.0966,159.745,1933.41,14.0966,181.981,2435.3,14.0966,207.15,3066.85,14.0966,235.64,3861.46,14.0966,267.889,4861.11,14.0966,304.391,6118.54,14.0966,345.709,7699.91,14.0966,392.478,9688.22,14.0966,445.417,12187.5,14.0966,505.339,15327.7,14.0966,573.165,19271.6,14.0966,649.938,24222,14.0966,736.839,30430.9,14.0966,835.202,38211.5,14.0966,946.539,47950.3,14.0966,1072.56,60122.8,14.0966,1215.21,75309.9,14.0966,1376.66,94216.2,14.0966,1559.41,117688,14.0966,1766.26,146729,14.0966,2000.39,182510,14.0966,2265.39,226372,14.0966,2565.33,279806,14.0966,2904.81,344416,14.0966,3289.05,421845,14.0966,3723.93,513667,14.0966,4216.13,621231,14.0966,4773.18,745478,14.0966,5403.64,886744,14.0966,6117.15,1.04457e+06,14.0966,6924.63,1.2176e+06,14.0966,11.7194,11.96,12.6541,13.9321,16.1295,13.6434,16.6097,21.9702,13.9553,19.7532,29.5285,14.0526,23.3844,39.1143,14.0829,27.5423,51.2054,14.0923,32.2796,66.434,14.0953,37.662,85.6061,14.0962,43.7675,109.74,14.0965,50.687,140.119,14.0966,58.5249,178.359,14.0966,67.4005,226.493,14.0966,77.4493,287.08,14.0966,88.8254,363.343,14.0966,101.703,459.336,14.0966,116.281,580.161,14.0966,132.782,732.241,14.0966,151.46,923.655,14.0966,172.603,1164.57,14.0966,196.535,1467.79,14.0966,223.625,1849.39,14.0966,254.288,2329.62,14.0966,288.997,2933.93,14.0966,328.285,3694.33,14.0966,372.755,4651.04,14.0966,423.092,5854.57,14.0966,480.07,7368.38,14.0966,544.564,9272.08,14.0966,617.566,11665.5,14.0966,700.197,14673.6,14.0966,793.729,18452.9,14.0966,899.599,23198.6,14.0966,1019.43,29154.1,14.0966,1155.07,36622.3,14.0966,1308.6,45977.9,14.0966,1482.39,57683.7,14.0966,1679.09,72307.8,14.0966,1901.73,90542.8,14.0966,2153.73,113226,14.0966,2438.97,141360,14.0966,2761.81,176127,14.0966,3127.22,218898,14.0966,3540.81,271226,14.0966,4008.92,334817,14.0966,4538.74,411470,14.0966,5138.38,502973,14.0966,5817.04,610948,14.0966,6585.12,736653,14.0966,7454.39,880741,14.0966,8438.15,1.04302e+06,14.0966,9551.45,1.22224e+06,14.0966,10811.3,1.41602e+06,14.0966,12237,1.62086e+06,14.0966,11.7194,11.96,12.6541,2.21263,4.16949,0.989383,2.67766,5.84076,0.311842,3.14343,7.55825,0.0972771,3.63127,9.58578,0.0303237,4.15787,12.0912,0.00945211,4.73731,15.2286,0.00294633,5.38238,19.1721,0.000918508,6.10553,24.134,0.000286163,6.91951,30.3791,8.92692e-05,7.83792,38.2397,2.78121e-05,8.87555,48.1338,8.65134e-06,10.0489,60.5876,2.7882e-06,11.3761,76.2629,8.29036e-07,12.8779,95.9927,2.4373e-07,14.5775,120.825,4.33068e-09,16.5012,152.08,1.75749e-07,18.6784,191.415,-1.86328e-07,21.1428,240.917,1.91829e-07,23.9322,303.213,-1.81475e-07,27.0895,381.602,7.0186e-08,30.6634,480.231,-2.86769e-08,34.7087,604.316,2.40784e-07,39.2876,760.401,9.87368e-08,44.4705,956.705,1.22263e-07,50.3371,1203.54,-4.31966e-07,56.9776,1513.81,-1.9705e-07,64.494,1903.69,-2.763e-08,73.0018,2393.4,3.9185e-07,82.6317,3008.13,1.35379e-07,93.5318,3779.25,-4.16351e-08,105.869,4745.7,2.06965e-08,119.834,5955.6,-3.18887e-07,135.641,7468.12,-1.48271e-08,153.531,9355.62,2.00739e-07,173.781,11705.8,2.28358e-07,196.701,14624.1,-1.93587e-08,222.642,18235,-2.88101e-07,252.003,22683.4,-2.24732e-07,285.234,28134,8.56806e-09,322.845,34767,2.34258e-07,365.413,42770.9,2.99668e-07,413.588,52327.9,8.28644e-08,468.111,63591.2,-3.07049e-07,529.814,76653.2,-3.1888e-07,599.642,91502.5,-6.72276e-08,678.662,107975,2.26339e-07,768.083,125705,3.69212e-07,869.267,144088,2.04077e-07,983.76,162277,-2.80509e-07,1113.3,179223,-4.22737e-07,1259.87,193777,-1.71951e-07,1425.68,204839,4.55555e-07,11.7194,11.96,12.6541,2.21263,4.16949,0.989383,2.67766,5.84076,0.311842,3.14343,7.55825,0.0972771,3.63127,9.58578,0.0303237,4.15787,12.0912,0.00945211,4.73731,15.2286,0.00294633,5.38238,19.1721,0.000918508,6.10553,24.134,0.000286163,6.91951,30.3791,8.92692e-05,7.83792,38.2397,2.78121e-05,8.87555,48.1338,8.65134e-06,10.0489,60.5876,2.7882e-06,11.3761,76.2629,8.29036e-07,12.8779,95.9927,2.4373e-07,14.5775,120.825,1e-08,16.5012,152.08,1.75749e-07,18.6784,191.415,1e-08,21.1428,240.917,1.91829e-07,23.9322,303.213,1e-08,27.0895,381.602,7.0186e-08,30.6634,480.231,1e-08,34.7087,604.316,2.40784e-07,39.2876,760.401,9.87368e-08,44.4705,956.705,1.22263e-07,50.3371,1203.54,1e-08,56.9776,1513.81,1e-08,64.494,1903.69,1e-08,73.0018,2393.4,3.9185e-07,82.6317,3008.13,1.35379e-07,93.5318,3779.25,1e-08,105.869,4745.7,2.06965e-08,119.834,5955.6,1e-08,135.641,7468.12,1e-08,153.531,9355.62,2.00739e-07,173.781,11705.8,2.28358e-07,196.701,14624.1,1e-08,222.642,18235,1e-08,252.003,22683.4,1e-08,285.234,28134,1e-08,322.845,34767,2.34258e-07,365.413,42770.9,2.99668e-07,413.588,52327.9,8.28644e-08,468.111,63591.2,1e-08,529.814,76653.2,1e-08,599.642,91502.5,1e-08,678.662,107975,2.26339e-07,768.083,125705,3.69212e-07,869.267,144088,2.04077e-07,983.76,162277,1e-08,1113.3,179223,1e-08,1259.87,193777,1e-08,1425.68,204839,4.55555e-07,6.2823,3.27286,2.43537,0.219672,6.18826,2.24117,0.56371,6.87772,2.63624,0.308279,15,12,12,3,1,1,4,8,0,3,7,0,3,6,0,6,23,0,0,17,0,10,11,0,4,24,0,9,22,0,11,19,0,6,67,0,15,42,0,27,62,0,6,57,0,14,122,0,10,148,0,27,153,0,53,178,0,21,338,0,21,396,0,30,188,0,44,494,0,34,869,0,56,2060,0,39,1086,0,45,552,0,125,1398,0,93,2282,0,159,2367,0,90,2930,0,41,1955,0,191,4136,0,133,6228,0,181,12754,0,47,18975,0,291,10707,0,98,12577,0,237,14176,0,411,34919,0,372,33024,0,176,34156,0,231,90460,0,446,65609,0,509,110690,0,645,54015,0,1230,92921,0,562,37379,0,1463,167546,0,1731,157025,0,1745,104335,0,2108,152503,0,988,103268,0
-1.05176e+08,1,8.88811e-15,10,1023,0,1.05176e+08,0.528882,1.08665,0.389689,0.145397,0.379329,3.24381,0.161596,0.446195,1.77396,0.159177,1.15e+07,4.49998e+06,6.79999e+06,1.15e+07,4.49997e+06,6.79999e+06,1.15e+07,4.49996e+06,6.79999e+06,1.15e+07,4.49995e+06,6.79999e+06,1.14999e+07,4.49993e+06,6.79999e+06,1.14999e+07,4.49991e+06,6.79999e+06,1.14999e+07,4.49989e+06,6.79999e+06,1.14999e+07,4.49986e+06,6.79999e+06,1.14999e+07,4.49982e+06,6.79999e+06,1.14999e+07,4.49977e+06,6.79999e+06,1.14999e+07,4.49971e+06,6.79999e+06,1.14999e+07,4.49963e+06,6.79999e+06,1.14998e+07,4.49953e+06,6.79999e+06,1.14998e+07,4.49941e+06,6.79999e+06,1.14998e+07,4.49926e+06,6.79999e+06,1.14998e+07,4.49906e+06,6.79999e+06,1.14997e+07,4.49882e+06,6.79999e+06,1.14997e+07,4.49851e+06,6.79999e+06,1.14997e+07,4.49812e+06,6.79999e+06,1.14996e+07,4.49764e+06,6.79999e+06,1.14996e+07,4.49702e+06,6.79999e+06,1.14995e+07,4.49625e+06,6.79999e+06,1.14995e+07,4.49528e+06,6.79999e+06,1.14994e+07,4.49406e+06,6.79999e+06,1.14993e+07,4.49253e+06,6.79999e+06,1.14992e+07,4.49059e+06,6.79999e+06,1.14991e+07,4.48817e+06,6.79999e+06,1.1499e+07,4.48511e+06,6.79999e+06,1.14988e+07,4.48128e+06,6.79999e+06,1.14987e+07,4.47646e+06,6.79999e+06,1.14985e+07,4.47041e+06,6.79999e+06,1.14983e+07,4.46281e+06,6.79999e+06,1.14981e+07,4.4533e+06,6.79999e+06,1.14979e+07,4.44138e+06,6.79999e+06,1.14976e+07,4.42649e+06,6.79999e+06,1.14972e+07,4.40789e+06,6.79999e+06,1.14969e+07,4.38471e+06,6.79999e+06,1.14965e+07,4.35592e+06,6.79999e+06,1.1496e+07,4.32027e+06,6.79999e+06,1.14955e+07,4.27629e+06,6.79999e+06,1.14949e+07,4.22231e+06,6.79999e+06,1.14942e+07,4.15647e+06,6.79999e+06,1.14934e+07,4.07676e+06,6.79999e+06,1.14926e+07,3.98112e+06,6.79999e+06,1.14916e+07,3.86765e+06,6.79999e+06,1.14905e+07,3.73474e+06,6.79999e+06,1.14892e+07,3.58148e+06,6.79999e+06,1.14878e+07,3.40785e+06,6.79999e+06,1.14862e+07,3.21513e+06,6.79999e+06,1.14844e+07,3.00605e+06,6.79999e+06,1.14823e+07,2.7848e+06,6.79999e+06,1.148e+07,2.5568e+06,6.79999e+06,1.14773e+07,2.32825e+06,6.79999e+06,13.5742,8.52444,0.508366,16.8306,13.2585,0.162638,20.0035,17.569,0.0507846,23.2616,22.4214,0.0158319,26.7328,28.3297,0.00493498,30.5212,35.6974,0.00153831,34.7178,44.9473,0.000479527,39.4086,56.5822,0.000149456,44.6796,71.2245,4.66214e-05,50.6209,89.6543,1.45419e-05,57.3297,112.852,4.54748e-06,64.9129,142.051,1.43857e-06,73.4897,178.803,4.36618e-07,83.1934,225.062,1.40153e-07,94.1745,283.286,4.96378e-08,106.602,356.568,1.05434e-07,120.669,448.799,-6.49244e-08,136.59,564.873,1.70148e-07,154.611,710.948,-5.34594e-08,175.008,894.767,1.63407e-07,198.097,1126.06,8.04804e-08,224.231,1417.07,1.14667e-07,253.813,1783.15,-1.71227e-07,287.297,2243.62,-2.88466e-07,325.198,2822.67,-4.33651e-07,368.098,3550.67,7.9318e-08,416.657,4465.65,3.13319e-07,471.621,5615.16,3.4613e-07,533.835,7058.61,-1.19199e-07,604.255,8870.02,-2.79964e-07,683.962,11141.4,-2.30521e-07,774.182,13986.7,-2.55099e-07,876.299,17546.4,1.23585e-07,991.883,21993.1,1.41192e-07,1122.71,27536.7,-9.71886e-08,1270.78,34430.7,-3.68368e-07,1438.38,42977.7,-3.45379e-07,1628.07,53532.7,-3.25328e-09,1842.77,66504.6,2.6362e-07,2085.77,82350.2,2.53445e-07,2360.79,101560,-2.47407e-08,2672.05,124632,-3.80602e-07,3024.31,152018,-4.79005e-07,3422.98,184060,-1.14379e-07,3874.15,220884,2.64297e-07,4384.72,262283,3.44131e-07,4962.49,307576,7.5349e-08,5616.29,355497,-3.63097e-07,6356.1,404126,-6.05442e-07,7193.18,450932,-2.72333e-07,8140.28,492963,2.29675e-07,9211.79,527178,4.3387e-07,10424,550893,-1.0711e-07,10.102,8.06553,2.81012,10.6436,8.57909,0.869423,11.5336,10.2515,0.270869,12.7211,12.7138,0.0844293,14.1823,15.9373,0.0263173,15.9122,20.0383,0.0082035,17.9198,25.2154,0.00255722,20.2244,31.7373,0.000797017,22.8539,39.9486,0.000248622,25.8438,50.2851,7.75492e-05,29.237,63.2963,2.42508e-05,33.0837,79.6738,7.67162e-06,37.4415,100.288,2.32837e-06,42.3767,126.236,7.33e-07,47.9646,158.896,2.79256e-07,54.2906,200.003,9.87351e-09,61.452,251.741,1.61085e-07,69.5585,316.859,-2.47141e-07,78.7347,398.812,8.93552e-08,89.1218,501.948,-2.53231e-07,100.879,631.736,-1.25047e-07,114.188,795.049,-1.78808e-07,129.252,1000.53,2.6733e-07,146.304,1259.03,4.50292e-07,165.605,1584.19,6.76904e-07,187.452,1993.12,-1.23808e-07,212.181,2507.27,-4.89068e-07,240.173,3153.54,-5.40284e-07,271.856,3965.56,1.86061e-07,307.719,4985.38,4.37004e-07,348.313,6265.4,3.59828e-07,394.26,7870.83,3.98192e-07,446.268,9882.51,-1.92908e-07,505.135,12400.3,-2.20392e-07,571.766,15546.9,1.51705e-07,647.184,19472.2,5.74996e-07,732.547,24357.4,5.39112e-07,829.167,30420,5.07815e-09,938.526,37916.3,-4.11492e-07,1062.3,47143.9,-3.9561e-07,1202.4,58439.2,3.86185e-08,1360.96,72169.3,5.94093e-07,1540.42,88715.8,7.47693e-07,1743.53,108445,1.78537e-07,1973.41,131665,-4.12549e-07,2233.57,158557,-5.37164e-07,2528,189103,-1.17615e-07,2861.2,222986,5.66769e-07,3238.27,259510,9.45053e-07,3664.97,297540,4.25093e-07,4147.81,335497,-3.58506e-07,4694.17,371444,-6.7724e-07,5312.37,403256,1.67192e-07,1.61744,3.89446,9.84394,3.28846,7.5504,12.774,5.07607,11.7187,13.6844,7.03202,16.8147,13.9681,9.20215,23.1769,14.0566,11.6301,31.1672,14.0841,14.3598,41.2186,14.0927,17.4376,53.8688,14.0954,20.9137,69.7915,14.0962,24.8432,89.8341,14.0965,29.2879,115.063,14.0966,34.3168,146.819,14.0966,40.0078,186.792,14.0966,46.4487,237.107,14.0966,53.7388,300.44,14.0966,61.9903,380.158,14.0966,71.3301,480.499,14.0966,81.902,606.796,14.0966,93.8685,765.761,14.0966,107.414,965.837,14.0966,122.746,1217.65,14.0966,140.101,1534.57,14.0966,159.745,1933.41,14.0966,181.981,2435.3,14.0966,207.15,3066.85,14.0966,235.64,3861.46,14.0966,267.889,4861.11,14.0966,304.391,6118.54,14.0966,345.709,7699.91,14.0966,392.478,9688.22,14.0966,445.417,12187.5,14.0966,505.339,15327.7,14.0966,573.165,19271.6,14.0966,649.938,24222,14.0966,736.839,30430.9,14.0966,835.202,38211.5,14.0966,946.539,47950.3,14.0966,1072.56,60122.8,14.0966,1215.21,75309.9,14.0966,1376.66,94216.2,14.0966,1559.41,117688,14.0966,1766.26,146729,14.0966,2000.39,182510,14.0966,2265.39,226372,14.0966,2565.33,279806,14.0966,2904.81,344416,14.0966,3289.05,421845,14.0966,3723.93,513667,14.0966,4216.13,621231,14.0966,4773.18,745478,14.0966,5403.64,886744,14.0966,6117.15,1.04457e+06,14.0966,6924.63,1.2176e+06,14.0966,11.7194,11.96,12.6541,13.9321,16.1295,13.6434,16.6097,21.9702,13.9553,19.7532,29.5285,14.0526,23.3844,39.1143,14.0829,27.5423,51.2054,14.0923,32.2796,66.434,14.0953,37.662,85.6061,14.0962,43.7675,109.74,14.0965,50.687,140.119,14.0966,58.5249,178.359,14.0966,67.4005,226.493,14.0966,77.4493,287.08,14.0966,88.8254,363.343,14.0966,101.703,459.336,14.0966,116.281,580.161,14.0966,132.782,732.241,14.0966,151.46,923.655,14.0966,172.603,1164.57,14.0966,196.535,1467.79,14.0966,223.625,1849.39,14.0966,254.288,2329.62,14.0966,288.997,2933.93,14.0966,328.285,3694.33,14.0966,372.755,4651.04,14.0966,423.092,5854.57,14.0966,480.07,7368.38,14.0966,544.564,9272.08,14.0966,617.566,11665.5,14.0966,700.197,14673.6,14.0966,793.729,18452.9,14.0966,899.599,23198.6,14.0966,1019.43,29154.1,14.0966,1155.07,36622.3,14.0966,1308.6,45977.9,14.0966,1482.39,57683.7,14.0966,1679.09,72307.8,14.0966,1901.73,90542.8,14.0966,2153.73,113226,14.0966,2438.97,141360,14.0966,2761.81,176127,14.0966,3127.22,218898,14.0966,3540.81,271226,14.0966,4008.92,334817,14.0966,4538.74,411470,14.0966,5138.38,502973,14.0966,5817.04,610948,14.0966,6585.12,736653,14.0966,7454.39,880741,14.0966,8438.15,1.04302e+06,14.0966,9551.45,1.22224e+06,14.0966,10811.3,1.41602e+06,14.0966,12237,1.62086e+06,14.0966,11.7194,11.96,12.6541,2.21263,4.16949,0.989383,2.67766,5.84076,0.311842,3.14343,7.55825,0.0972771,3.63127,9.58578,0.0303237,4.15787,12.0912,0.00945211,4.73731,15.2286,0.00294633,5.38238,19.1721,0.000918508,6.10553,24.134,0.000286163,6.91951,30.3791,8.92692e-05,7.83792,38.2397,2.78121e-05,8.87555,48.1338,8.65134e-06,10.0489,60.5876,2.7882e-06,11.3761,76.2629,8.29036e-07,12.8779,95.9927,2.4373e-07,14.5775,120.825,4.33068e-09,16.5012,152.08,1.75749e-07,18.6784,191.415,-1.86328e-07,21.1428,240.917,1.91829e-07,23.9322,303.213,-1.81475e-07,27.0895,381.602,7.0186e-08,30.6634,480.231,-2.86769e-08,34.7087,604.316,2.40784e-07,39.2876,760.401,9.87368e-08,44.4705,956.705,1.22263e-07,50.3371,1203.54,-4.31966e-07,56.9776,1513.81,-1.9705e-07,64.494,1903.69,-2.763e-08,73.0018,2393.4,3.9185e-07,82.6317,3008.13,1.35379e-07,93.5318,3779.25,-4.16351e-08,105.869,4745.7,2.06965e-08,119.834,5955.6,-3.18887e-07,135.641,7468.12,-1.48271e-08,153.531,9355.62,2.00739e-07,173.781,11705.8,2.28358e-07,196.701,14624.1,-1.93587e-08,222.642,18235,-2.88101e-07,252.003,22683.4,-2.24732e-07,285.234,28134,8.56806e-09,322.845,34767,2.34258e-07,365.413,42770.9,2.99668e-07,413.588,52327.9,8.28644e-08,468.111,63591.2,-3.07049e-07,529.814,76653.2,-3.1888e-07,599.642,91502.5,-6.72276e-08,678.662,107975,2.26339e-07,768.083,125705,3.69212e-07,869.267,144088,2.04077e-07,983.76,162277,-2.80509e-07,1113.3,179223,-4.22737e-07,1259.87,193777,-1.71951e-07,1425.68,204839,4.55555e-07,11.7194,11.96,12.6541,2.21263,4.16949,0.989383,2.67766,5.84076,0.311842,3.14343,7.55825,0.0972771,3.63127,9.58578,0.0303237,4.15787,12.0912,0.00945211,4.73731,15.2286,0.00294633,5.38238,19.1721,0.000918508,6.10553,24.134,0.000286163,6.91951,30.3791,8.92692e-05,7.83792,38.2397,2.78121e-05,8.87555,48.1338,8.65134e-06,10.0489,60.5876,2.7882e-06,11.3761,76.2629,8.29036e-07,12.8779,95.9927,2.4373e-07,14.5775,120.825,1e-08,16.5012,152.08,1.75749e-07,18.6784,191.415,1e-08,21.1428,240.917,1.91829e-07,23.9322,303.213,1e-08,27.0895,381.602,7.0186e-08,30.6634,480.231,1e-08,34.7087,604.316,2.40784e-07,39.2876,760.401,9.87368e-08,44.4705,956.705,1.22263e-07,50.3371,1203.54,1e-08,56.9776,1513.81,1e-08,64.494,1903.69,1e-08,73.0018,2393.4,3.9185e-07,82.6317,3008.13,1.35379e-07,93.5318,3779.25,1e-08,105.869,4745.7,2.06965e-08,119.834,5955.6,1e-08,135.641,7468.12,1e-08,153.531,9355.62,2.00739e-07,173.781,11705.8,2.28358e-07,196.701,14624.1,1e-08,222.642,18235,1e-08,252.003,22683.4,1e-08,285.234,28134,1e-08,322.845,34767,2.34258e-07,365.413,42770.9,2.99668e-07,413.588,52327.9,8.28644e-08,468.111,63591.2,1e-08,529.814,76653.2,1e-08,599.642,91502.5,1e-08,678.662,107975,2.26339e-07,768.083,125705,3.69212e-07,869.267,144088,2.04077e-07,983.76,162277,1e-08,1113.3,179223,1e-08,1259.87,193777,1e-08,1425.68,204839,4.55555e-07,6.2823,3.27286,2.43537,0.219672,6.18826,2.24117,0.56371,6.87772,2.63624,0.308279,18,5,17,1,8,0,2,8,0,2,7,0,1,19,0,5,20,0,8,8,0,14,27,0,3,15,0,7,11,0,6,29,0,16,102,0,16,45,0,3,80,0,14,64,0,13,91,0,27,175,0,17,62,0,18,325,0,25,171,0,31,126,0,32,734,0,44,296,0,39,499,0,30,857,0,23,1274,0,33,2049,0,35,1076,0,58,2818,0,81,1567,0,69,4180,0,89,3385,0,145,8877,0,131,8335,0,191,11470,0,64,11300,0,147,12268,0,138,13604,0,192,15521,0,680,14000,0,267,43545,0,426,32081,0,366,39103,0,493,99670,0,279,98313,0,289,132957,0,622,119760,0,551,249994,0,484,112480,0,553,163960,0,830,119827,0,2347,92547,0,1140,201551,0
-1.05176e+08,1,8.88811e-15,10,1023,0,1.05176e+08,0.528882,1.08665,0.389689,0.145397,0.379329,3.24381,0.161596,0.446195,1.77396,0.159177,1.15e+07,4.49998e+06,6.79999e+06,1.15e+07,4.49997e+06,6.79999e+06,1.15e+07,4.49996e+06,6.79999e+06,1.15e+07,4.49995e+06,6.79999e+06,1.14999e+07,4.49993e+06,6.79999e+06,1.14999e+07,4.49991e+06,6.79999e+06,1.14999e+07,4.49989e+06,6.79999e+06,1.14999e+07,4.49986e+06,6.79999e+06,1.14999e+07,4.49982e+06,6.79999e+06,1.14999e+07,4.49977e+06,6.79999e+06,1.14999e+07,4.49971e+06,6.79999e+06,1.14999e+07,4.49963e+06,6.79999e+06,1.14998e+07,4.49953e+06,6.79999e+06,1.14998e+07,4.49941e+06,6.79999e+06,1.14998e+07,4.49926e+06,6.79999e+06,1.14998e+07,4.49906e+06,6.79999e+06,1.14997e+07,4.49882e+06,6.79999e+06,1.14997e+07,4.49851e+06,6.79999e+06,1.14997e+07,4.49812e+06,6.79999e+06,1.14996e+07,4.49764e+06,6.79999e+06,1.14996e+07,4.49702e+06,6.79999e+06,1.14995e+07,4.49625e+06,6.79999e+06,1.14995e+07,4.49528e+06,6.79999e+06,1.14994e+07,4.49406e+06,6.79999e+06,1.14993e+07,4.49253e+06,6.79999e+06,1.14992e+07,4.49059e+06,6.79999e+06,1.14991e+07,4.48817e+06,6.79999e+06,1.1499e+07,4.48511e+06,6.79999e+06,1.14988e+07,4.48128e+06,6.79999e+06,1.14987e+07,4.47646e+06,6.79999e+06,1.14985e+07,4.47041e+06,6.79999e+06,1.14983e+07,4.46281e+06,6.79999e+06,1.14981e+07,4.4533e+06,6.79999e+06,1.14979e+07,4.44138e+06,6.79999e+06,1.14976e+07,4.42649e+06,6.79999e+06,1.14972e+07,4.40789e+06,6.79999e+06,1.14969e+07,4.38471e+06,6.79999e+06,1.14965e+07,4.35592e+06,6.79999e+06,1.1496e+07,4.32027e+06,6.79999e+06,1.14955e+07,4.27629e+06,6.79999e+06,1.14949e+07,4.22231e+06,6.79999e+06,1.14942e+07,4.15647e+06,6.79999e+06,1.14934e+07,4.07676e+06,6.79999e+06,1.14926e+07,3.98112e+06,6.79999e+06,1.14916e+07,3.86765e+06,6.79999e+06,1.14905e+07,3.73474e+06,6.79999e+06,1.14892e+07,3.58148e+06,6.79999e+06,1.14878e+07,3.40785e+06,6.79999e+06,1.14862e+07,3.21513e+06,6.79999e+06,1.14844e+07,3.00605e+06,6.79999e+06,1.14823e+07,2.7848e+06,6.79999e+06,1.148e+07,2.5568e+06,6.79999e+06,1.14773e+07,2.32825e+06,6.79999e+06,13.5742,8.52444,0.508366,16.8306,13.2585,0.162638,20.0035,17.569,0.0507846,23.2616,22.4214,0.0158319,26.7328,28.3297,0.00493498,30.5212,35.6974,0.00153831,34.7178,44.9473,0.000479527,39.4086,56.5822,0.000149456,44.6796,71.2245,4.66214e-05,50.6209,89.6543,1.45419e-05,57.3297,112.852,4.54748e-06,64.9129,142.051,1.43857e-06,73.4897,178.803,4.36618e-07,83.1934,225.062,1.40153e-07,94.1745,283.286,4.96378e-08,106.602,356.568,1.05434e-07,120.669,448.799,-6.49244e-08,136.59,564.873,1.70148e-07,154.611,710.948,-5.34594e-08,175.008,894.767,1.63407e-07,198.097,1126.06,8.04804e-08,224.231,1417.07,1.14667e-07,253.813,1783.15,-1.71227e-07,287.297,2243.62,-2.88466e-07,325.198,2822.67,-4.33651e-07,368.098,3550.67,7.9318e-08,416.657,4465.65,3.13319e-07,471.621,5615.16,3.4613e-07,533.835,7058.61,-1.19199e-07,604.255,8870.02,-2.79964e-07,683.962,11141.4,-2.30521e-07,774.182,13986.7,-2.55099e-07,876.299,17546.4,1.23585e-07,991.883,21993.1,1.41192e-07,1122.71,27536.7,-9.71886e-08,1270.78,34430.7,-3.68368e-07,1438.38,42977.7,-3.45379e-07,1628.07,53532.7,-3.25328e-09,1842.77,66504.6,2.6362e-07,2085.77,82350.2,2.53445e-07,2360.79,101560,-2.47407e-08,2672.05,124632,-3.80602e-07,3024.31,152018,-4.79005e-07,3422.98,184060,-1.14379e-07,3874.15,220884,2.64297e-07,4384.72,262283,3.44131e-07,4962.49,307576,7.5349e-08,5616.29,355497,-3.63097e-07,6356.1,404126,-6.05442e-07,7193.18,450932,-2.72333e-07,8140.28,492963,2.29675e-07,9211.79,527178,4.3387e-07,10424,550893,-1.0711e-07,10.102,8.06553,2.81012,10.6436,8.57909,0.869423,11.5336,10.2515,0.270869,12.7211,12.7138,0.0844293,14.1823,15.9373,0.0263173,15.9122,20.0383,0.0082035,17.9198,25.2154,0.00255722,20.2244,31.7373,0.000797017,22.8539,39.9486,0.000248622,25.8438,50.2851,7.75492e-05,29.237,63.2963,2.42508e-05,33.0837,79.6738,7.67162e-06,37.4415,100.288,2.32837e-06,42.3767,126.236,7.33e-07,47.9646,158.896,2.79256e-07,54.2906,200.003,9.87351e-09,61.452,251.741,1.61085e-07,69.5585,316.859,-2.47141e-07,78.7347,398.812,8.93552e-08,89.1218,501.948,-2.53231e-07,100.879,631.736,-1.25047e-07,114.188,795.049,-1.78808e-07,129.252,1000.53,2.6733e-07,146.304,1259.03,4.50292e-07,165.605,1584.19,6.76904e-07,187.452,1993.12,-1.23808e-07,212.181,2507.27,-4.89068e-07,240.173,3153.54,-5.40284e-07,271.856,3965.56,1.86061e-07,307.719,4985.38,4.37004e-07,348.313,6265.4,3.59828e-07,394.26,7870.83,3.98192e-07,446.268,9882.51,-1.92908e-07,505.135,12400.3,-2.20392e-07,571.766,15546.9,1.51705e-07,647.184,19472.2,5.74996e-07,732.547,24357.4,5.39112e-07,829.167,30420,5.07815e-09,938.526,37916.3,-4.11492e-07,1062.3,47143.9,-3.9561e-07,1202.4,58439.2,3.86185e-08,1360.96,72169.3,5.94093e-07,1540.42,88715.8,7.47693e-07,1743.53,108445,1.78537e-07,1973.41,131665,-4.12549e-07,2233.57,158557,-5.37164e-07,2528,189103,-1.17615e-07,2861.2,222986,5.66769e-07,3238.27,259510,9.45053e-07,3664.97,297540,4.25093e-07,4147.81,335497,-3.58506e-07,4694.17,371444,-6.7724e-07,5312.37,403256,1.67192e-07,1.61744,3.89446,9.84394,3.28846,7.5504,12.774,5.07607,11.7187,13.6844,7.03202,16.8147,13.9681,9.20215,23.1769,14.0566,11.6301,31.1672,14.0841,14.3598,41.2186,14.0927,17.4376,53.8688,14.0954,20.9137,69.7915,14.0962,24.8432,89.8341,14.0965,29.2879,115.063,14.0966,34.3168,146.819,14.0966,40.0078,186.792,14.0966,46.4487,237.107,14.0966,53.7388,300.44,14.0966,61.9903,380.158,14.0966,71.3301,480.499,14.0966,81.902,606.796,14.0966,93.8685,765.761,14.0966,107.414,965.837,14.0966,122.746,1217.65,14.0966,140.101,1534.57,14.0966,159.745,1933.41,14.0966,181.981,2435.3,14.0966,207.15,3066.85,14.0966,235.64,3861.46,14.0966,267.889,4861.11,14.0966,304.391,6118.54,14.0966,345.709,7699.91,14.0966,392.478,9688.22,14.0966,445.417,12187.5,14.0966,505.339,15327.7,14.0966,573.165,19271.6,14.0966,649.938,24222,14.0966,736.839,30430.9,14.0966,835.202,38211.5,14.0966,946.539,47950.3,14.0966,1072.56,60122.8,14.0966,1215.21,75309.9,14.0966,1376.66,94216.2,14.0966,1559.41,117688,14.0966,1766.26,146729,14.0966,2000.39,182510,14.0966,2265.39,226372,14.0966,2565.33,279806,14.0966,2904.81,344416,14.0966,3289.05,421845,14.0966,3723.93,513667,14.0966,4216.13,621231,14.0966,4773.18,745478,14.0966,5403.64,886744,14.0966,6117.15,1.04457e+06,14.0966,6924.63,1.2176e+06,14.0966,11.7194,11.96,12.6541,13.9321,16.1295,13.6434,16.6097,21.9702,13.9553,19.7532,29.5285,14.0526,23.3844,39.1143,14.0829,27.5423,51.2054,14.0923,32.2796,66.434,14.0953,37.662,85.6061,14.0962,43.7675,109.74,14.0965,50.687,140.119,14.0966,58.5249,178.359,14.0966,67.4005,226.493,14.0966,77.4493,287.08,14.0966,88.8254,363.343,14.0966,101.703,459.336,14.0966,116.281,580.161,14.0966,132.782,732.241,14.0966,151.46,923.655,14.0966,172.603,1164.57,14.0966,196.535,1467.79,14.0966,223.625,1849.39,14.0966,254.288,2329.62,14.0966,288.997,2933.93,14.0966,328.285,3694.33,14.0966,372.755,4651.04,14.0966,423.092,5854.57,14.0966,480.07,7368.38,14.0966,544.564,9272.08,14.0966,617.566,11665.5,14.0966,700.197,14673.6,14.0966,793.729,18452.9,14.0966,899.599,23198.6,14.0966,1019.43,29154.1,14.0966,1155.07,36622.3,14.0966,1308.6,45977.9,14.0966,1482.39,57683.7,14.0966,1679.09,72307.8,14.0966,1901.73,90542.8,14.0966,2153.73,113226,14.0966,2438.97,141360,14.0966,2761.81,176127,14.0966,3127.22,218898,14.0966,3540.81,271226,14.0966,4008.92,334817,14.0966,4538.74,411470,14.0966,5138.38,502973,14.0966,5817.04,610948,14.0966,6585.12,736653,14.0966,7454.39,880741,14.0966,8438.15,1.04302e+06,14.0966,9551.45,1.22224e+06,14.0966,10811.3,1.41602e+06,14.0966,12237,1.62086e+06,14.0966,11.7194,11.96,12.6541,2.21263,4.16949,0.989383,2.67766,5.84076,0.311842,3.14343,7.55825,0.0972771,3.63127,9.58578,0.0303237,4.15787,12.0912,0.00945211,4.73731,15.2286,0.00294633,5.38238,19.1721,0.000918508,6.10553,24.134,0.000286163,6.91951,30.3791,8.92692e-05,7.83792,38.2397,2.78121e-05,8.87555,48.1338,8.65134e-06,10.0489,60.5876,2.7882e-06,11.3761,76.2629,8.29036e-07,12.8779,95.9927,2.4373e-07,14.5775,120.825,4.33068e-09,16.5012,152.08,1.75749e-07,18.6784,191.415,-1.86328e-07,21.1428,240.917,1.91829e-07,23.9322,303.213,-1.81475e-07,27.0895,381.602,7.0186e-08,30.6634,480.231,-2.86769e-08,34.7087,604.316,2.40784e-07,39.2876,760.401,9.87368e-08,44.4705,956.705,1.22263e-07,50.3371,1203.54,-4.31966e-07,56.9776,1513.81,-1.9705e-07,64.494,1903.69,-2.763e-08,73.0018,2393.4,3.9185e-07,82.6317,3008.13,1.35379e-07,93.5318,3779.25,-4.16351e-08,105.869,4745.7,2.06965e-08,119.834,5955.6,-3.18887e-07,135.641,7468.12,-1.48271e-08,153.531,9355.62,2.00739e-07,173.781,11705.8,2.28358e-07,196.701,14624.1,-1.93587e-08,222.642,18235,-2.88101e-07,252.003,22683.4,-2.24732e-07,285.234,28134,8.56806e-09,322.845,34767,2.34258e-07,365.413,42770.9,2.99668e-07,413.588,52327.9,8.28644e-08,468.111,63591.2,-3.07049e-07,529.814,76653.2,-3.1888e-07,599.642,91502.5,-6.72276e-08,678.662,107975,2.26339e-07,768.083,125705,3.69212e-07,869.267,144088,2.04077e-07,983.76,162277,-2.80509e-07,1113.3,179223,-4.22737e-07,1259.87,193777,-1.71951e-07,1425.68,204839,4.55555e-07,11.7194,11.96,12.6541,2.21263,4.16949,0.989383,2.67766,5.84076,0.311842,3.14343,7.55825,0.0972771,3.63127,9.58578,0.0303237,4.15787,12.0912,0.00945211,4.73731,15.2286,0.00294633,5.38238,19.1721,0.000918508,6.10553,24.134,0.000286163,6.91951,30.3791,8.92692e-05,7.83792,38.2397,2.78121e-05,8.87555,48.1338,8.65134e-06,10.0489,60.5876,2.7882e-06,11.3761,76.2629,8.29036e-07,12.8779,95.9927,2.4373e-07,14.5775,120.825,1e-08,16.5012,152.08,1.75749e-07,18.6784,191.415,1e-08,21.1428,240.917,1.91829e-07,23.9322,303.213,1e-08,27.0895,381.602,7.0186e-08,30.6634,480.231,1e-08,34.7087,604.316,2.40784e-07,39.2876,760.401,9.87368e-08,44.4705,956.705,1.22263e-07,50.3371,1203.54,1e-08,56.9776,1513.81,1e-08,64.494,1903.69,1e-08,73.0018,2393.4,3.9185e-07,82.6317,3008.13,1.35379e-07,93.5318,3779.25,1e-08,105.869,4745.7,2.06965e-08,119.834,5955.6,1e-08,135.641,7468.12,1e-08,153.531,9355.62,2.00739e-07,173.781,11705.8,2.28358e-07,196.701,14624.1,1e-08,222.642,18235,1e-08,252.003,22683.4,1e-08,285.234,28134,1e-08,322.845,34767,2.34258e-07,365.413,42770.9,2.99668e-07,413.588,52327.9,8.28644e-08,468.111,63591.2,1e-08,529.814,76653.2,1e-08,599.642,91502.5,1e-08,678.662,107975,2.26339e-07,768.083,125705,3.69212e-07,869.267,144088,2.04077e-07,983.76,162277,1e-08,1113.3,179223,1e-08,1259.87,193777,1e-08,1425.68,204839,4.55555e-07,6.2823,3.27286,2.43537,0.219672,6.18826,2.24117,0.56371,6.87772,2.63624,0.308279,11,13,11,1,2,0,2,5,0,2,10,0,1,5,0,8,10,0,6,18,0,4,24,0,10,14,0,6,73,0,9,24,0,10,67,0,4,81,0,4,79,0,10,129,0,10,119,0,11,168,0,23,193,0,32,90,0,12,399,0,17,332,0,67,646,0,28,738,0,33,1267,0,35,1125,0,44,1859,0,58,1841,0,38,234,0,80,1331,0,82,2456,0,46,4171,0,38,4259,0,166,7029,0,220,6800,0,158,8435,0,125,6341,0,153,7980,0,256,25123,0,209,15720,0,477,22979,0,120,36874,0,322,54828,0,406,55883,0,391,77130,0,763,31238,0,860,71178,0,350,66816,0,712,103872,0,1257,126244,0,401,259587,0,507,198870,0,774,159533,0,716,252240,0
-1.05176e+08,1,8.88811e-15,10,1023,0,1.05176e+08,0.528882,1.08665,0.389689,0.145397,0.379329,3.24381,0.161596,0.446195,1.77396,0.159177,1.15e+07,4.49998e+06,6.79999e+06,1.15e+07,4.49997e+06,6.79999e+06,1.15e+07,4.49996e+06,6.79999e+06,1.15e+07,4.49995e+06,6.79999e+06,1.14999e+07,4.49993e+06,6.79999e+06,1.14999e+07,4.49991e+06,6.79999e+06,1.14999e+07,4.49989e+06,6.79999e+06,1.14999e+07,4.49986e+06,6.79999e+06,1.14999e+07,4.49982e+06,6.79999e+06,1.14999e+07,4.49977e+06,6.79999e+06,1.14999e+07,4.49971e+06,6.79999e+06,1.14999e+07,4.49963e+06,6.79999e+06,1.14998e+07,4.49953e+06,6.79999e+06,1.14998e+07,4.49941e+06,6.79999e+06,1.14998e+07,4.49926e+06,6.79999e+06,1.14998e+07,4.49906e+06,6.79999e+06,1.14997e+07,4.49882e+06,6.79999e+06,1.14997e+07,4.49851e+06,6.79999e+06,1.14997e+07,4.49812e+06,6.79999e+06,1.14996e+07,4.49764e+06,6.79999e+06,1.14996e+07,4.49702e+06,6.79999e+06,1.14995e+07,4.49625e+06,6.79999e+06,1.14995e+07,4.49528e+06,6.79999e+06,1.14994e+07,4.49406e+06,6.79999e+06,1.14993e+07,4.49253e+06,6.79999e+06,1.14992e+07,4.49059e+06,6.79999e+06,1.14991e+07,4.48817e+06,6.79999e+06,1.1499e+07,4.48511e+06,6.79999e+06,1.14988e+07,4.48128e+06,6.79999e+06,1.14987e+07,4.47646e+06,6.79999e+06,1.14985e+07,4.47041e+06,6.79999e+06,1.14983e+07,4.46281e+06,6.79999e+06,1.14981e+07,4.4533e+06,6.79999e+06,1.14979e+07,4.44138e+06,6.79999e+06,1.14976e+07,4.42649e+06,6.79999e+06,1.14972e+07,4.40789e+06,6.79999e+06,1.14969e+07,4.38471e+06,6.79999e+06,1.14965e+07,4.35592e+06,6.79999e+06,1.1496e+07,4.32027e+06,6.79999e+06,1.14955e+07,4.27629e+06,6.79999e+06,1.14949e+07,4.22231e+06,6.79999e+06,1.14942e+07,4.15647e+06,6.79999e+06,1.14934e+07,4.07676e+06,6.79999e+06,1.14926e+07,3.98112e+06,6.79999e+06,1.14916e+07,3.86765e+06,6.79999e+06,1.14905e+07,3.73474e+06,6.79999e+06,1.14892e+07,3.58148e+06,6.79999e+06,1.14878e+07,3.40785e+06,6.79999e+06,1.14862e+07,3.21513e+06,6.79999e+06,1.14844e+07,3.00605e+06,6.79999e+06,1.14823e+07,2.7848e+06,6.79999e+06,1.148e+07,2.5568e+06,6.79999e+06,1.14773e+07,2.32825e+06,6.79999e+06,13.5742,8.52444,0.508366,16.8306,13.2585,0.162638,20.0035,17.569,0.0507846,23.2616,22.4214,0.0158319,26.7328,28.3297,0.00493498,30.5212,35.6974,0.00153831,34.7178,44.9473,0.000479527,39.4086,56.5822,0.000149456,44.6796,71.2245,4.66214e-05,50.6209,89.6543,1.45419e-05,57.3297,112.852,4.54748e-06,64.9129,142.051,1.43857e-06,73.4897,178.803,4.36618e-07,83.1934,225.062,1.40153e-07,94.1745,283.286,4.96378e-08,106.602,356.568,1.05434e-07,120.669,448.799,-6.49244e-08,136.59,564.873,1.70148e-07,154.611,710.948,-5.34594e-08,175.008,894.767,1.63407e-07,198.097,1126.06,8.04804e-08,224.231,1417.07,1.14667e-07,253.813,1783.15,-1.71227e-07,287.297,2243.62,-2.88466e-07,325.198,2822.67,-4.33651e-07,368.098,3550.67,7.9318e-08,416.657,4465.65,3.13319e-07,471.621,5615.16,3.4613e-07,533.835,7058.61,-1.19199e-07,604.255,8870.02,-2.79964e-07,683.962,11141.4,-2.30521e-07,774.182,13986.7,-2.55099e-07,876.299,17546.4,1.23585e-07,991.883,21993.1,1.41192e-07,1122.71,27536.7,-9.71886e-08,1270.78,34430.7,-3.68368e-07,1438.38,42977.7,-3.45379e-07,1628.07,53532.7,-3.25328e-09,1842.77,66504.6,2.6362e-07,2085.77,82350.2,2.53445e-07,2360.79,101560,-2.47407e-08,2672.05,124632,-3.80602e-07,3024.31,152018,-4.79005e-07,3422.98,184060,-1.14379e-07,3874.15,220884,2.64297e-07,4384.72,262283,3.44131e-07,4962.49,307576,7.5349e-08,5616.29,355497,-3.63097e-07,6356.1,404126,-6.05442e-07,7193.18,450932,-2.72333e-07,8140.28,492963,2.29675e-07,9211.79,527178,4.3387e-07,10424,550893,-1.0711e-07,10.102,8.06553,2.81012,10.6436,8.57909,0.869423,11.5336,10.2515,0.270869,12.7211,12.7138,0.0844293,14.1823,15.9373,0.0263173,15.9122,20.0383,0.0082035,17.9198,25.2154,0.00255722,20.2244,31.7373,0.000797017,22.8539,39.9486,0.000248622,25.8438,50.2851,7.75492e-05,29.237,63.2963,2.42508e-05,33.0837,79.6738,7.67162e-06,37.4415,100.288,2.32837e-06,42.3767,126.236,7.33e-07,47.9646,158.896,2.79256e-07,54.2906,200.003,9.87351e-09,61.452,251.741,1.61085e-07,69.5585,316.859,-2.47141e-07,78.7347,398.812,8.93552e-08,89.1218,501.948,-2.53231e-07,100.879,631.736,-1.25047e-07,114.188,795.049,-1.78808e-07,129.252,1000.53,2.6733e-07,146.304,1259.03,4.50292e-07,165.605,1584.19,6.76904e-07,187.452,1993.12,-1.23808e-07,212.181,2507.27,-4.89068e-07,240.173,3153.54,-5.40284e-07,271.856,3965.56,1.86061e-07,307.719,4985.38,4.37004e-07,348.313,6265.4,3.59828e-07,394.26,7870.83,3.98192e-07,446.268,9882.51,-1.92908e-07,505.135,12400.3,-2.20392e-07,571.766,15546.9,1.51705e-07,647.184,19472.2,5.74996e-07,732.547,24357.4,5.39112e-07,829.167,30420,5.07815e-09,938.526,37916.3,-4.11492e-07,1062.3,47143.9,-3.9561e-07,1202.4,58439.2,3.86185e-08,1360.96,72169.3,5.94093e-07,1540.42,88715.8,7.47693e-07,1743.53,108445,1.78537e-07,1973.41,131665,-4.12549e-07,2233.57,158557,-5.37164e-07,2528,189103,-1.17615e-07,2861.2,222986,5.66769e-07,3238.27,259510,9.45053e-07,3664.97,297540,4.25093e-07,4147.81,335497,-3.58506e-07,4694.17,371444,-6.7724e-07,5312.37,403256,1.67192e-07,1.61744,3.89446,9.84394,3.28846,7.5504,12.774,5.07607,11.7187,13.6844,7.03202,16.8147,13.9681,9.20215,23.1769,14.0566,11.6301,31.1672,14.0841,14.3598,41.2186,14.0927,17.4376,53.8688,14.0954,20.9137,69.7915,14.0962,24.8432,89.8341,14.0965,29.2879,115.063,14.0966,34.3168,146.819,14.0966,40.0078,186.792,14.0966,46.4487,237.107,14.0966,53.7388,300.44,14.0966,61.9903,380.158,14.0966,71.3301,480.499,14.0966,81.902,606.796,14.0966,93.8685,765.761,14.0966,107.414,965.837,14.0966,122.746,1217.65,14.0966,140.101,1534.57,14.0966,159.745,1933.41,14.0966,181.981,2435.3,14.0966,207.15,3066.85,14.0966,235.64,3861.46,14.0966,267.889,4861.11,14.0966,304.391,6118.54,14.0966,345.709,7699.91,14.0966,392.478,9688.22,14.0966,445.417,12187.5,14.0966,505.339,15327.7,14.0966,573.165,19271.6,14.0966,649.938,24222,14.0966,736.839,30430.9,14.0966,835.202,38211.5,14.0966,946.539,47950.3,14.0966,1072.56,60122.8,14.0966,1215.21,75309.9,14.0966,1376.66,94216.2,14.0966,1559.41,117688,14.0966,1766.26,146729,14.0966,2000.39,182510,14.0966,2265.39,226372,14.0966,2565.33,279806,14.0966,2904.81,344416,14.0966,3289.05,421845,14.0966,3723.93,513667,14.0966,4216.13,621231,14.0966,4773.18,745478,14.0966,5403.64,886744,14.0966,6117.15,1.04457e+06,14.0966,6924.63,1.2176e+06,14.0966,11.7194,11.96,12.6541,13.9321,16.1295,13.6434,16.6097,21.9702,13.9553,19.7532,29.5285,14.0526,23.3844,39.1143,14.0829,27.5423,51.2054,14.0923,32.2796,66.434,14.0953,37.662,85.6061,14.0962,43.7675,109.74,14.0965,50.687,140.119,14.0966,58.5249,178.359,14.0966,67.4005,226.493,14.0966,77.4493,287.08,14.0966,88.8254,363.343,14.0966,101.703,459.336,14.0966,116.281,580.161,14.0966,132.782,732.241,14.0966,151.46,923.655,14.0966,172.603,1164.57,14.0966,196.535,1467.79,14.0966,223.625,1849.39,14.0966,254.288,2329.62,14.0966,288.997,2933.93,14.0966,328.285,3694.33,14.0966,372.755,4651.04,14.0966,423.092,5854.57,14.0966,480.07,7368.38,14.0966,544.564,9272.08,14.0966,617.566,11665.5,14.0966,700.197,14673.6,14.0966,793.729,18452.9,14.0966,899.599,23198.6,14.0966,1019.43,29154.1,14.0966,1155.07,36622.3,14.0966,1308.6,45977.9,14.0966,1482.39,57683.7,14.0966,1679.09,72307.8,14.0966,1901.73,90542.8,14.0966,2153.73,113226,14.0966,2438.97,141360,14.0966,2761.81,176127,14.0966,3127.22,218898,14.0966,3540.81,271226,14.0966,4008.92,334817,14.0966,4538.74,411470,14.0966,5138.38,502973,14.0966,5817.04,610948,14.0966,6585.12,736653,14.0966,7454.39,880741,14.0966,8438.15,1.04302e+06,14.0966,9551.45,1.22224e+06,14.0966,10811.3,1.41602e+06,14.0966,12237,1.62086e+06,14.0966,11.7194,11.96,12.6541,2.21263,4.16949,0.989383,2.67766,5.84076,0.311842,3.14343,7.55825,0.0972771,3.63127,9.58578,0.0303237,4.15787,12.0912,0.00945211,4.73731,15.2286,0.00294633,5.38238,19.1721,0.000918508,6.10553,24.134,0.000286163,6.91951,30.3791,8.92692e-05,7.83792,38.2397,2.78121e-05,8.87555,48.1338,8.65134e-06,10.0489,60.5876,2.7882e-06,11.3761,76.2629,8.29036e-07,12.8779,95.9927,2.4373e-07,14.5775,120.825,4.33068e-09,16.5012,152.08,1.75749e-07,18.6784,191.415,-1.86328e-07,21.1428,240.917,1.91829e-07,23.9322,303.213,-1.81475e-07,27.0895,381.602,7.0186e-08,30.6634,480.231,-2.86769e-08,34.7087,604.316,2.40784e-07,39.2876,760.401,9.87368e-08,44.4705,956.705,1.22263e-07,50.3371,1203.54,-4.31966e-07,56.9776,1513.81,-1.9705e-07,64.494,1903.69,-2.763e-08,73.0018,2393.4,3.9185e-07,82.6317,3008.13,1.35379e-07,93.5318,3779.25,-4.16351e-08,105.869,4745.7,2.06965e-08,119.834,5955.6,-3.18887e-07,135.641,7468.12,-1.48271e-08,153.531,9355.62,2.00739e-07,173.781,11705.8,2.28358e-07,196.701,14624.1,-1.93587e-08,222.642,18235,-2.88101e-07,252.003,22683.4,-2.24732e-07,285.234,28134,8.56806e-09,322.845,34767,2.34258e-07,365.413,42770.9,2.99668e-07,413.588,52327.9,8.28644e-08,468.111,63591.2,-3.07049e-07,529.814,76653.2,-3.1888e-07,599.642,91502.5,-6.72276e-08,678.662,107975,2.26339e-07,768.083,125705,3.69212e-07,869.267,144088,2.04077e-07,983.76,162277,-2.80509e-07,1113.3,179223,-4.22737e-07,1259.87,193777,-1.71951e-07,1425.68,204839,4.55555e-07,11.7194,11.96,12.6541,2.21263,4.16949,0.989383,2.67766,5.84076,0.311842,3.14343,7.55825,0.0972771,3.63127,9.58578,0.0303237,4.15787,12.0912,0.00945211,4.73731,15.2286,0.00294633,5.38238,19.1721,0.000918508,6.10553,24.134,0.000286163,6.91951,30.3791,8.92692e-05,7.83792,38.2397,2.78121e-05,8.87555,48.1338,8.65134e-06,10.0489,60.5876,2.7882e-06,11.3761,76.2629,8.29036e-07,12.8779,95.9927,2.4373e-07,14.5775,120.825,1e-08,16.5012,152.08,1.75749e-07,18.6784,191.415,1e-08,21.1428,240.917,1.91829e-07,23.9322,303.213,1e-08,27.0895,381.602,7.0186e-08,30.6634,480.231,1e-08,34.7087,604.316,2.40784e-07,39.2876,760.401,9.87368e-08,44.4705,956.705,1.22263e-07,50.3371,1203.54,1e-08,56.9776,1513.81,1e-08,64.494,1903.69,1e-08,73.0018,2393.4,3.9185e-07,82.6317,3008.13,1.35379e-07,93.5318,3779.25,1e-08,105.869,4745.7,2.06965e-08,119.834,5955.6,1e-08,135.641,7468.12,1e-08,153.531,9355.62,2.00739e-07,173.781,11705.8,2.28358e-07,196.701,14624.1,1e-08,222.642,18235,1e-08,252.003,22683.4,1e-08,285.234,28134,1e-08,322.845,34767,2.34258e-07,365.413,42770.9,2.99668e-07,413.588,52327.9,8.28644e-08,468.111,63591.2,1e-08,529.814,76653.2,1e-08,599.642,91502.5,1e-08,678.662,107975,2.26339e-07,768.083,125705,3.69212e-07,869.267,144088,2.04077e-07,983.76,162277,1e-08,1113.3,179223,1e-08,1259.87,193777,1e-08,1425.68,204839,4.55555e-07,6.2823,3.27286,2.43537,0.219672,6.18826,2.24117,0.56371,6.87772,2.63624,0.308279,15,22,1,1,2,4,2,10,0,1,3,0,2,5,0,7,10,0,2,10,0,7,25,0,12,5,0,2,59,0,8,34,0,13,26,0,8,82,0,12,47,0,14,81,0,16,77,0,9,188,0,38,348,0,12,165,0,15,204,0,19,177,0,32,714,0,71,702,0,59,860,0,57,996,0,77,1136,0,50,2362,0,68,2155,0,73,2903,0,80,1817,0,93,3208,0,145,3933,0,140,5990,0,166,8196,0,114,10822,0,139,11649,0,154,12769,0,158,14378,0,317,14169,0,320,37677,0,424,13272,0,409,55210,0,594,61987,0,596,66611,0,308,56793,0,804,80115,0,766,109681,0,1387,187789,0,781,98971,0,450,128694,0,631,322794,0,880,111257,0,1453,364619,0
-1.05176e+08,1,8.88811e-15,10,1023,0,1.05176e+08,0.528882,1.08665,0.389689,0.145397,0.379329,3.24381,0.161596,0.446195,1.77396,0.159177,1.15e+07,4.49998e+06,6.79999e+06,1.15e+07,4.49997e+06,6.79999e+06,1.15e+07,4.49996e+06,6.79999e+06,1.15e+07,4.49995e+06,6.79999e+06,1.14999e+07,4.49993e+06,6.79999e+06,1.14999e+07,4.49991e+06,6.79999e+06,1.14999e+07,4.49989e+06,6.79999e+06,1.14999e+07,4.49986e+06,6.79999e+06,1.14999e+07,4.49982e+06,6.79999e+06,1.14999e+07,4.49977e+06,6.79999e+06,1.14999e+07,4.49971e+06,6.79999e+06,1.14999e+07,4.49963e+06,6.79999e+06,1.14998e+07,4.49953e+06,6.79999e+06,1.14998e+07,4.49941e+06,6.79999e+06,1.14998e+07,4.49926e+06,6.79999e+06,1.14998e+07,4.49906e+06,6.79999e+06,1.14997e+07,4.49882e+06,6.79999e+06,1.14997e+07,4.49851e+06,6.79999e+06,1.14997e+07,4.49812e+06,6.79999e+06,1.14996e+07,4.49764e+06,6.79999e+06,1.14996e+07,4.49702e+06,6.79999e+06,1.14995e+07,4.49625e+06,6.79999e+06,1.14995e+07,4.49528e+06,6.79999e+06,1.14994e+07,4.49406e+06,6.79999e+06,1.14993e+07,4.49253e+06,6.79999e+06,1.14992e+07,4.49059e+06,6.79999e+06,1.14991e+07,4.48817e+06,6.79999e+06,1.1499e+07,4.48511e+06,6.79999e+06,1.14988e+07,4.48128e+06,6.79999e+06,1.14987e+07,4.47646e+06,6.79999e+06,1.14985e+07,4.47041e+06,6.79999e+06,1.14983e+07,4.46281e+06,6.79999e+06,1.14981e+07,4.4533e+06,6.79999e+06,1.14979e+07,4.44138e+06,6.79999e+06,1.14976e+07,4.42649e+06,6.79999e+06,1.14972e+07,4.40789e+06,6.79999e+06,1.14969e+07,4.38471e+06,6.79999e+06,1.14965e+07,4.35592e+06,6.79999e+06,1.1496e+07,4.32027e+06,6.79999e+06,1.14955e+07,4.27629e+06,6.79999e+06,1.14949e+07,4.22231e+06,6.79999e+06,1.14942e+07,4.15647e+06,6.79999e+06,1.14934e+07,4.07676e+06,6.79999e+06,1.14926e+07,3.98112e+06,6.79999e+06,1.14916e+07,3.86765e+06,6.79999e+06,1.14905e+07,3.73474e+06,6.79999e+06,1.14892e+07,3.58148e+06,6.79999e+06,1.14878e+07,3.40785e+06,6.79999e+06,1.14862e+07,3.21513e+06,6.79999e+06,1.14844e+07,3.00605e+06,6.79999e+06,1.14823e+07,2.7848e+06,6.79999e+06,1.148e+07,2.5568e+06,6.79999e+06,1.14773e+07,2.32825e+06,6.79999e+06,13.5742,8.52444,0.508366,16.8306,13.2585,0.162638,20.0035,17.569,0.0507846,23.2616,22.4214,0.0158319,26.7328,28.3297,0.00493498,30.5212,35.6974,0.00153831,34.7178,44.9473,0.000479527,39.4086,56.5822,0.000149456,44.6796,71.2245,4.66214e-05,50.6209,89.6543,1.45419e-05,57.3297,112.852,4.54748e-06,64.9129,142.051,1.43857e-06,73.4897,178.803,4.36618e-07,83.1934,225.062,1.40153e-07,94.1745,283.286,4.96378e-08,106.602,356.568,1.05434e-07,120.669,448.799,-6.49244e-08,136.59,564.873,1.70148e-07,154.611,710.948,-5.34594e-08,175.008,894.767,1.63407e-07,198.097,1126.06,8.04804e-08,224.231,1417.07,1.14667e-07,253.813,1783.15,-1.71227e-07,287.297,2243.62,-2.88466e-07,325.198,2822.67,-4.33651e-07,368.098,3550.67,7.9318e-08,416.657,4465.65,3.13319e-07,471.621,5615.16,3.4613e-07,533.835,7058.61,-1.19199e-07,604.255,8870.02,-2.79964e-07,683.962,11141.4,-2.30521e-07,774.182,13986.7,-2.55099e-07,876.299,17546.4,1.23585e-07,991.883,21993.1,1.41192e-07,1122.71,27536.7,-9.71886e-08,1270.78,34430.7,-3.68368e-07,1438.38,42977.7,-3.45379e-07,1628.07,53532.7,-3.25328e-09,1842.77,66504.6,2.6362e-07,2085.77,82350.2,2.53445e-07,2360.79,101560,-2.47407e-08,2672.05,124632,-3.80602e-07,3024.31,152018,-4.79005e-07,3422.98,184060,-1.14379e-07,3874.15,220884,2.64297e-07,4384.72,262283,3.44131e-07,4962.49,307576,7.5349e-08,5616.29,355497,-3.63097e-07,6356.1,404126,-6.05442e-07,7193.18,450932,-2.72333e-07,8140.28,492963,2.29675e-07,9211.79,527178,4.3387e-07,10424,550893,-1.0711e-07,10.102,8.06553,2.81012,10.6436,8.57909,0.869423,11.5336,10.2515,0.270869,12.7211,12.7138,0.0844293,14.1823,15.9373,0.0263173,15.9122,20.0383,0.0082035,17.9198,25.2154,0.00255722,20.2244,31.7373,0.000797017,22.8539,39.9486,0.000248622,25.8438,50.2851,7.75492e-05,29.237,63.2963,2.42508e-05,33.0837,79.6738,7.67162e-06,37.4415,100.288,2.32837e-06,42.3767,126.236,7.33e-07,47.9646,158.896,2.79256e-07,54.2906,200.003,9.87351e-09,61.452,251.741,1.61085e-07,69.5585,316.859,-2.47141e-07,78.7347,398.812,8.93552e-08,89.1218,501.948,-2.53231e-07,100.879,631.736,-1.25047e-07,114.188,795.049,-1.78808e-07,129.252,1000.53,2.6733e-07,146.304,1259.03,4.50292e-07,165.605,1584.19,6.76904e-07,187.452,1993.12,-1.23808e-07,212.181,2507.27,-4.89068e-07,240.173,3153.54,-5.40284e-07,271.856,3965.56,1.86061e-07,307.719,4985.38,4.37004e-07,348.313,6265.4,3.59828e-07,394.26,7870.83,3.98192e-07,446.268,9882.51,-1.92908e-07,505.135,12400.3,-2.20392e-07,571.766,15546.9,1.51705e-07,647.184,19472.2,5.74996e-07,732.547,24357.4,5.39112e-07,829.167,30420,5.07815e-09,938.526,37916.3,-4.11492e-07,1062.3,47143.9,-3.9561e-07,1202.4,58439.2,3.86185e-08,1360.96,72169.3,5.94093e-07,1540.42,88715.8,7.47693e-07,1743.53,108445,1.78537e-07,1973.41,131665,-4.12549e-07,2233.57,158557,-5.37164e-07,2528,189103,-1.17615e-07,2861.2,222986,5.66769e-07,3238.27,259510,9.45053e-07,3664.97,297540,4.25093e-07,4147.81,335497,-3.58506e-07,4694.17,371444,-6.7724e-07,5312.37,403256,1.67192e-07,1.61744,3.89446,9.84394,3.28846,7.5504,12.774,5.07607,11.7187,13.6844,7.03202,16.8147,13.9681,9.20215,23.1769,14.0566,11.6301,31.1672,14.0841,14.3598,41.2186,14.0927,17.4376,53.8688,14.0954,20.9137,69.7915,14.0962,24.8432,89.8341,14.0965,29.2879,115.063,14.0966,34.3168,146.819,14.0966,40.0078,186.792,14.0966,46.4487,237.107,14.0966,53.7388,300.44,14.0966,61.9903,380.158,14.0966,71.3301,480.499,14.0966,81.902,606.796,14.0966,93.8685,765.761,14.0966,107.414,965.837,14.0966,122.746,1217.65,14.0966,140.101,1534.57,14.0966,159.745,1933.41,14.0966,181.981,2435.3,14.0966,207.15,3066.85,14.0966,235.64,3861.46,14.0966,267.889,4861.11,14.0966,304.391,6118.54,14.0966,345.709,7699.91,14.0966,392.478,9688.22,14.0966,445.417,12187.5,14.0966,505.339,15327.7,14.0966,573.165,19271.6,14.0966,649.938,24222,14.0966,736.839,30430.9,14.0966,835.202,38211.5,14.0966,946.539,47950.3,14.0966,1072.56,60122.8,14.0966,1215.21,75309.9,14.0966,1376.66,94216.2,14.0966,1559.41,117688,14.0966,1766.26,146729,14.0966,2000.39,182510,14.0966,2265.39,226372,14.0966,2565.33,279806,14.0966,2904.81,344416,14.0966,3289.05,421845,14.0966,3723.93,513667,14.0966,4216.13,621231,14.0966,4773.18,745478,14.0966,5403.64,886744,14.0966,6117.15,1.04457e+06,14.0966,6924.63,1.2176e+06,14.0966,11.7194,11.96,12.6541,13.9321,16.1295,13.6434,16.6097,21.9702,13.9553,19.7532,29.5285,14.0526,23.3844,39.1143,14.0829,27.5423,51.2054,14.0923,32.2796,66.434,14.0953,37.662,85.6061,14.0962,43.7675,109.74,14.0965,50.687,140.119,14.0966,58.5249,178.359,14.0966,67.4005,226.493,14.0966,77.4493,287.08,14.0966,88.8254,363.343,14.0966,101.703,459.336,14.0966,116.281,580.161,14.0966,132.782,732.241,14.0966,151.46,923.655,14.0966,172.603,1164.57,14.0966,196.535,1467.79,14.0966,223.625,1849.39,14.0966,254.288,2329.62,14.0966,288.997,2933.93,14.0966,328.285,3694.33,14.0966,372.755,4651.04,14.0966,423.092,5854.57,14.0966,480.07,7368.38,14.0966,544.564,9272.08,14.0966,617.566,11665.5,14.0966,700.197,14673.6,14.0966,793.729,18452.9,14.0966,899.599,23198.6,14.0966,1019.43,29154.1,14.0966,1155.07,36622.3,14.0966,1308.6,45977.9,14.0966,1482.39,57683.7,14.0966,1679.09,72307.8,14.0966,1901.73,90542.8,14.0966,2153.73,113226,14.0966,2438.97,141360,14.0966,2761.81,176127,14.0966,3127.22,218898,14.0966,3540.81,271226,14.0966,4008.92,334817,14.0966,4538.74,411470,14.0966,5138.38,502973,14.0966,5817.04,610948,14.0966,6585.12,736653,14.0966,7454.39,880741,14.0966,8438.15,1.04302e+06,14.0966,9551.45,1.22224e+06,14.0966,10811.3,1.41602e+06,14.0966,12237,1.62086e+06,14.0966,11.7194,11.96,12.6541,2.21263,4.16949,0.989383,2.67766,5.84076,0.311842,3.14343,7.55825,0.0972771,3.63127,9.58578,0.0303237,4.15787,12.0912,0.00945211,4.73731,15.2286,0.00294633,5.38238,19.1721,0.000918508,6.10553,24.134,0.000286163,6.91951,30.3791,8.92692e-05,7.83792,38.2397,2.78121e-05,8.87555,48.1338,8.65134e-06,10.0489,60.5876,2.7882e-06,11.3761,76.2629,8.29036e-07,12.8779,95.9927,2.4373e-07,14.5775,120.825,4.33068e-09,16.5012,152.08,1.75749e-07,18.6784,191.415,-1.86328e-07,21.1428,240.917,1.91829e-07,23.9322,303.213,-1.81475e-07,27.0895,381.602,7.0186e-08,30.6634,480.231,-2.86769e-08,34.7087,604.316,2.40784e-07,39.2876,760.401,9.87368e-08,44.4705,956.705,1.22263e-07,50.3371,1203.54,-4.31966e-07,56.9776,1513.81,-1.9705e-07,64.494,1903.69,-2.763e-08,73.0018,2393.4,3.9185e-07,82.6317,3008.13,1.35379e-07,93.5318,3779.25,-4.16351e-08,105.869,4745.7,2.06965e-08,119.834,5955.6,-3.18887e-07,135.641,7468.12,-1.48271e-08,153.531,9355.62,2.00739e-07,173.781,11705.8,2.28358e-07,196.701,14624.1,-1.93587e-08,222.642,18235,-2.88101e-07,252.003,22683.4,-2.24732e-07,285.234,28134,8.56806e-09,322.845,34767,2.34258e-07,365.413,42770.9,2.99668e-07,413.588,52327.9,8.28644e-08,468.111,63591.2,-3.07049e-07,529.814,76653.2,-3.1888e-07,599.642,91502.5,-6.72276e-08,678.662,107975,2.26339e-07,768.083,125705,3.69212e-07,869.267,144088,2.04077e-07,983.76,162277,-2.80509e-07,1113.3,179223,-4.22737e-07,1259.87,193777,-1.71951e-07,1425.68,204839,4.55555e-07,11.7194,11.96,12.6541,2.21263,4.16949,0.989383,2.67766,5.84076,0.311842,3.14343,7.55825,0.0972771,3.63127,9.58578,0.0303237,4.15787,12.0912,0.00945211,4.73731,15.2286,0.00294633,5.38238,19.1721,0.000918508,6.10553,24.134,0.000286163,6.91951,30.3791,8.92692e-05,7.83792,38.2397,2.78121e-05,8.87555,48.1338,8.65134e-06,10.0489,60.5876,2.7882e-06,11.3761,76.2629,8.29036e-07,12.8779,95.9927,2.4373e-07,14.5775,120.825,1e-08,16.5012,152.08,1.75749e-07,18.6784,191.415,1e-08,21.1428,240.917,1.91829e-07,23.9322,303.213,1e-08,27.0895,381.602,7.0186e-08,30.6634,480.231,1e-08,34.7087,604.316,2.40784e-07,39.2876,760.401,9.87368e-08,44.4705,956.705,1.22263e-07,50.3371,1203.54,1e-08,56.9776,1513.81,1e-08,64.494,1903.69,1e-08,73.0018,2393.4,3.9185e-07,82.6317,3008.13,1.35379e-07,93.5318,3779.25,1e-08,105.869,4745.7,2.06965e-08,119.834,5955.6,1e-08,135.641,7468.12,1e-08,153.531,9355.62,2.00739e-07,173.781,11705.8,2.28358e-07,196.701,14624.1,1e-08,222.642,18235,1e-08,252.003,22683.4,1e-08,285.234,28134,1e-08,322.845,34767,2.34258e-07,365.413,42770.9,2.99668e-07,413.588,52327.9,8.28644e-08,468.111,63591.2,1e-08,529.814,76653.2,1e-08,599.642,91502.5,1e-08,678.662,107975,2.26339e-07,768.083,125705,3.69212e-07,869.267,144088,2.04077e-07,983.76,162277,1e-08,1113.3,179223,1e-08,1259.87,193777,1e-08,1425.68,204839,4.55555e-07,6.2823,3.27286,2.43537,0.219672,6.18826,2.24117,0.56371,6.87772,2.63624,0.308279,4,12,8,6,5,1,1,7,0,1,12,0,1,4,0,2,8,0,5,11,0,4,28,0,6,34,0,8,19,0,12,41,0,16,22,0,3,32,0,7,128,0,7,106,0,15,150,0,13,172,0,21,118,0,14,218,0,57,120,0,10,226,0,37,284,0,29,469,0,37,860,0,46,871,0,20,1189,0,74,1044,0,60,1156,0,62,1389,0,144,2613,0,31,3456,0,137,3036,0,98,10022,0,77,11700,0,139,7083,0,152,5036,0,205,8226,0,303,16921,0,228,23866,0,146,36203,0,207,10108,0,453,34662,0,530,35406,0,328,85625,0,877,63606,0,519,92457,0,1533,103315,0,488,113539,0,1227,159253,0,1379,170938,0,487,135138,0,1327,354622,0,756,278958,0
-1.05176e+08,1,8.88811e-15,10,1023,0,1.05176e+08,0.528882,1.08665,0.389689,0.145397,0.379329,3.24381,0.161596,0.446195,1.77396,0.159177,1.15e+07,4.49998e+06,6.79999e+06,1.15e+07,4.49997e+06,6.79999e+06,1.15e+07,4.49996e+06,6.79999e+06,1.15e+07,4.49995e+06,6.79999e+06,1.14999e+07,4.49993e+06,6.79999e+06,1.14999e+07,4.49991e+06,6.79999e+06,1.14999e+07,4.49989e+06,6.79999e+06,1.14999e+07,4.49986e+06,6.79999e+06,1.14999e+07,4.49982e+06,6.79999e+06,1.14999e+07,4.49977e+06,6.79999e+06,1.14999e+07,4.49971e+06,6.79999e+06,1.14999e+07,4.49963e+06,6.79999e+06,1.14998e+07,4.49953e+06,6.79999e+06,1.14998e+07,4.49941e+06,6.79999e+06,1.14998e+07,4.49926e+06,6.79999e+06,1.14998e+07,4.49906e+06,6.79999e+06,1.14997e+07,4.49882e+06,6.79999e+06,1.14997e+07,4.49851e+06,6.79999e+06,1.14997e+07,4.49812e+06,6.79999e+06,1.14996e+07,4.49764e+06,6.79999e+06,1.14996e+07,4.49702e+06,6.79999e+06,1.14995e+07,4.49625e+06,6.79999e+06,1.14995e+07,4.49528e+06,6.79999e+06,1.14994e+07,4.49406e+06,6.79999e+06,1.14993e+07,4.49253e+06,6.79999e+06,1.14992e+07,4.49059e+06,6.79999e+06,1.14991e+07,4.48817e+06,6.79999e+06,1.1499e+07,4.48511e+06,6.79999e+06,1.14988e+07,4.48128e+06,6.79999e+06,1.14987e+07,4.47646e+06,6.79999e+06,1.14985e+07,4.47041e+06,6.79999e+06,1.14983e+07,4.46281e+06,6.79999e+06,1.14981e+07,4.4533e+06,6.79999e+06,1.14979e+07,4.44138e+06,6.79999e+06,1.14976e+07,4.42649e+06,6.79999e+06,1.14972e+07,4.40789e+06,6.79999e+06,1.14969e+07,4.38471e+06,6.79999e+06,1.14965e+07,4.35592e+06,6.79999e+06,1.1496e+07,4.32027e+06,6.79999e+06,1.14955e+07,4.27629e+06,6.79999e+06,1.14949e+07,4.22231e+06,6.79999e+06,1.14942e+07,4.15647e+06,6.79999e+06,1.14934e+07,4.07676e+06,6.79999e+06,1.14926e+07,3.98112e+06,6.79999e+06,1.14916e+07,3.86765e+06,6.79999e+06,1.14905e+07,3.73474e+06,6.79999e+06,1.14892e+07,3.58148e+06,6.79999e+06,1.14878e+07,3.40785e+06,6.79999e+06,1.14862e+07,3.21513e+06,6.79999e+06,1.14844e+07,3.00605e+06,6.79999e+06,1.14823e+07,2.7848e+06,6.79999e+06,1.148e+07,2.5568e+06,6.79999e+06,1.14773e+07,2.32825e+06,6.79999e+06,13.5742,8.52444,0.508366,16.8306,13.2585,0.162638,20.0035,17.569,0.0507846,23.2616,22.4214,0.0158319,26.7328,28.3297,0.00493498,30.5212,35.6974,0.00153831,34.7178,44.9473,0.000479527,39.4086,56.5822,0.000149456,44.6796,71.2245,4.66214e-05,50.6209,89.6543,1.45419e-05,57.3297,112.852,4.54748e-06,64.9129,142.051,1.43857e-06,73.4897,178.803,4.36618e-07,83.1934,225.062,1.40153e-07,94.1745,283.286,4.96378e-08,106.602,356.568,1.05434e-07,120.669,448.799,-6.49244e-08,136.59,564.873,1.70148e-07,154.611,710.948,-5.34594e-08,175.008,894.767,1.63407e-07,198.097,1126.06,8.04804e-08,224.231,1417.07,1.14667e-07,253.813,1783.15,-1.71227e-07,287.297,2243.62,-2.88466e-07,325.198,2822.67,-4.33651e-07,368.098,3550.67,7.9318e-08,416.657,4465.65,3.13319e-07,471.621,5615.16,3.4613e-07,533.835,7058.61,-1.19199e-07,604.255,8870.02,-2.79964e-07,683.962,11141.4,-2.30521e-07,774.182,13986.7,-2.55099e-07,876.299,17546.4,1.23585e-07,991.883,21993.1,1.41192e-07,1122.71,27536.7,-9.71886e-08,1270.78,34430.7,-3.68368e-07,1438.38,42977.7,-3.45379e-07,1628.07,53532.7,-3.25328e-09,1842.77,66504.6,2.6362e-07,2085.77,82350.2,2.53445e-07,2360.79,101560,-2.47407e-08,2672.05,124632,-3.80602e-07,3024.31,152018,-4.79005e-07,3422.98,184060,-1.14379e-07,3874.15,220884,2.64297e-07,4384.72,262283,3.44131e-07,4962.49,307576,7.5349e-08,5616.29,355497,-3.63097e-07,6356.1,404126,-6.05442e-07,7193.18,450932,-2.72333e-07,8140.28,492963,2.29675e-07,9211.79,527178,4.3387e-07,10424,550893,-1.0711e-07,10.102,8.06553,2.81012,10.6436,8.57909,0.869423,11.5336,10.2515,0.270869,12.7211,12.7138,0.0844293,14.1823,15.9373,0.0263173,15.9122,20.0383,0.0082035,17.9198,25.2154,0.00255722,20.2244,31.7373,0.000797017,22.8539,39.9486,0.000248622,25.8438,50.2851,7.75492e-05,29.237,63.2963,2.42508e-05,33.0837,79.6738,7.67162e-06,37.4415,100.288,2.32837e-06,42.3767,126.236,7.33e-07,47.9646,158.896,2.79256e-07,54.2906,200.003,9.87351e-09,61.452,251.741,1.61085e-07,69.5585,316.859,-2.47141e-07,78.7347,398.812,8.93552e-08,89.1218,501.948,-2.53231e-07,100.879,631.736,-1.25047e-07,114.188,795.049,-1.78808e-07,129.252,1000.53,2.6733e-07,146.304,1259.03,4.50292e-07,165.605,1584.19,6.76904e-07,187.452,1993.12,-1.23808e-07,212.181,2507.27,-4.89068e-07,240.173,3153.54,-5.40284e-07,271.856,3965.56,1.86061e-07,307.719,4985.38,4.37004e-07,348.313,6265.4,3.59828e-07,394.26,7870.83,3.98192e-07,446.268,9882.51,-1.92908e-07,505.135,12400.3,-2.20392e-07,571.766,15546.9,1.51705e-07,647.184,19472.2,5.74996e-07,732.547,24357.4,5.39112e-07,829.167,30420,5.07815e-09,938.526,37916.3,-4.11492e-07,1062.3,47143.9,-3.9561e-07,1202.4,58439.2,3.86185e-08,1360.96,72169.3,5.94093e-07,1540.42,88715.8,7.47693e-07,1743.53,108445,1.78537e-07,1973.41,131665,-4.12549e-07,2233.57,158557,-5.37164e-07,2528,189103,-1.17615e-07,2861.2,222986,5.66769e-07,3238.27,259510,9.45053e-07,3664.97,297540,4.25093e-07,4147.81,335497,-3.58506e-07,4694.17,371444,-6.7724e-07,5312.37,403256,1.67192e-07,1.61744,3.89446,9.84394,3.28846,7.5504,12.774,5.07607,11.7187,13.6844,7.03202,16.8147,13.9681,9.20215,23.1769,14.0566,11.6301,31.1672,14.0841,14.3598,41.2186,14.0927,17.4376,53.8688,14.0954,20.9137,69.7915,14.0962,24.8432,89.8341,14.0965,29.2879,115.063,14.0966,34.3168,146.819,14.0966,40.0078,186.792,14.0966,46.4487,237.107,14.0966,53.7388,300.44,14.0966,61.9903,380.158,14.0966,71.3301,480.499,14.0966,81.902,606.796,14.0966,93.8685,765.761,14.0966,107.414,965.837,14.0966,122.746,1217.65,14.0966,140.101,1534.57,14.0966,159.745,1933.41,14.0966,181.981,2435.3,14.0966,207.15,3066.85,14.0966,235.64,3861.46,14.0966,267.889,4861.11,14.0966,304.391,6118.54,14.0966,345.709,7699.91,14.0966,392.478,9688.22,14.0966,445.417,12187.5,14.0966,505.339,15327.7,14.0966,573.165,19271.6,14.0966,649.938,24222,14.0966,736.839,30430.9,14.0966,835.202,38211.5,14.0966,946.539,47950.3,14.0966,1072.56,60122.8,14.0966,1215.21,75309.9,14.0966,1376.66,94216.2,14.0966,1559.41,117688,14.0966,1766.26,146729,14.0966,2000.39,182510,14.0966,2265.39,226372,14.0966,2565.33,279806,14.0966,2904.81,344416,14.0966,3289.05,421845,14.0966,3723.93,513667,14.0966,4216.13,621231,14.0966,4773.18,745478,14.0966,5403.64,886744,14.0966,6117.15,1.04457e+06,14.0966,6924.63,1.2176e+06,14.0966,11.7194,11.96,12.6541,13.9321,16.1295,13.6434,16.6097,21.9702,13.9553,19.7532,29.5285,14.0526,23.3844,39.1143,14.0829,27.5423,51.2054,14.0923,32.2796,66.434,14.0953,37.662,85.6061,14.0962,43.7675,109.74,14.0965,50.687,140.119,14.0966,58.5249,178.359,14.0966,67.4005,226.493,14.0966,77.4493,287.08,14.0966,88.8254,363.343,14.0966,101.703,459.336,14.0966,116.281,580.161,14.0966,132.782,732.241,14.0966,151.46,923.655,14.0966,172.603,1164.57,14.0966,196.535,1467.79,14.0966,223.625,1849.39,14.0966,254.288,2329.62,14.0966,288.997,2933.93,14.0966,328.285,3694.33,14.0966,372.755,4651.04,14.0966,423.092,5854.57,14.0966,480.07,7368.38,14.0966,544.564,9272.08,14.0966,617.566,11665.5,14.0966,700.197,14673.6,14.0966,793.729,18452.9,14.0966,899.599,23198.6,14.0966,1019.43,29154.1,14.0966,1155.07,36622.3,14.0966,1308.6,45977.9,14.0966,1482.39,57683.7,14.0966,1679.09,72307.8,14.0966,1901.73,90542.8,14.0966,2153.73,113226,14.0966,2438.97,141360,14.0966,2761.81,176127,14.0966,3127.22,218898,14.0966,3540.81,271226,14.0966,4008.92,334817,14.0966,4538.74,411470,14.0966,5138.38,502973,14.0966,5817.04,610948,14.0966,6585.12,736653,14.0966,7454.39,880741,14.0966,8438.15,1.04302e+06,14.0966,9551.45,1.22224e+06,14.0966,10811.3,1.41602e+06,14.0966,12237,1.62086e+06,14.0966,11.7194,11.96,12.6541,2.21263,4.16949,0.989383,2.67766,5.84076,0.311842,3.14343,7.55825,0.0972771,3.63127,9.58578,0.0303237,4.15787,12.0912,0.00945211,4.73731,15.2286,0.00294633,5.38238,19.1721,0.000918508,6.10553,24.134,0.000286163,6.91951,30.3791,8.92692e-05,7.83792,38.2397,2.78121e-05,8.87555,48.1338,8.65134e-06,10.0489,60.5876,2.7882e-06,11.3761,76.2629,8.29036e-07,12.8779,95.9927,2.4373e-07,14.5775,120.825,4.33068e-09,16.5012,152.08,1.75749e-07,18.6784,191.415,-1.86328e-07,21.1428,240.917,1.91829e-07,23.9322,303.213,-1.81475e-07,27.0895,381.602,7.0186e-08,30.6634,480.231,-2.86769e-08,34.7087,604.316,2.40784e-07,39.2876,760.401,9.87368e-08,44.4705,956.705,1.22263e-07,50.3371,1203.54,-4.31966e-07,56.9776,1513.81,-1.9705e-07,64.494,1903.69,-2.763e-08,73.0018,2393.4,3.9185e-07,82.6317,3008.13,1.35379e-07,93.5318,3779.25,-4.16351e-08,105.869,4745.7,2.06965e-08,119.834,5955.6,-3.18887e-07,135.641,7468.12,-1.48271e-08,153.531,9355.62,2.00739e-07,173.781,11705.8,2.28358e-07,196.701,14624.1,-1.93587e-08,222.642,18235,-2.88101e-07,252.003,22683.4,-2.24732e-07,285.234,28134,8.56806e-09,322.845,34767,2.34258e-07,365.413,42770.9,2.99668e-07,413.588,52327.9,8.28644e-08,468.111,63591.2,-3.07049e-07,529.814,76653.2,-3.1888e-07,599.642,91502.5,-6.72276e-08,678.662,107975,2.26339e-07,768.083,125705,3.69212e-07,869.267,144088,2.04077e-07,983.76,162277,-2.80509e-07,1113.3,179223,-4.22737e-07,1259.87,193777,-1.71951e-07,1425.68,204839,4.55555e-07,11.7194,11.96,12.6541,2.21263,4.16949,0.989383,2.67766,5.84076,0.311842,3.14343,7.55825,0.0972771,3.63127,9.58578,0.0303237,4.15787,12.0912,0.00945211,4.73731,15.2286,0.00294633,5.38238,19.1721,0.000918508,6.10553,24.134,0.000286163,6.91951,30.3791,8.92692e-05,7.83792,38.2397,2.78121e-05,8.87555,48.1338,8.65134e-06,10.0489,60.5876,2.7882e-06,11.3761,76.2629,8.29036e-07,12.8779,95.9927,2.4373e-07,14.5775,120.825,1e-08,16.5012,152.08,1.75749e-07,18.6784,191.415,1e-08,21.1428,240.917,1.91829e-07,23.9322,303.213,1e-08,27.0895,381.602,7.0186e-08,30.6634,480.231,1e-08,34.7087,604.316,2.40784e-07,39.2876,760.401,9.87368e-08,44.4705,956.705,1.22263e-07,50.3371,1203.54,1e-08,56.9776,1513.81,1e-08,64.494,1903.69,1e-08,73.0018,2393.4,3.9185e-07,82.6317,3008.13,1.35379e-07,93.5318,3779.25,1e-08,105.869,4745.7,2.06965e-08,119.834,5955.6,1e-08,135.641,7468.12,1e-08,153.531,9355.62,2.00739e-07,173.781,11705.8,2.28358e-07,196.701,14624.1,1e-08,222.642,18235,1e-08,252.003,22683.4,1e-08,285.234,28134,1e-08,322.845,34767,2.34258e-07,365.413,42770.9,2.99668e-07,413.588,52327.9,8.28644e-08,468.111,63591.2,1e-08,529.814,76653.2,1e-08,599.642,91502.5,1e-08,678.662,107975,2.26339e-07,768.083,125705,3.69212e-07,869.267,144088,2.04077e-07,983.76,162277,1e-08,1113.3,179223,1e-08,1259.87,193777,1e-08,1425.68,204839,4.55555e-07,6.2823,3.27286,2.43537,0.219672,6.18826,2.24117,0.56371,6.87772,2.63624,0.308279,17,13,8,2,6,1,2,6,1,2,9,0,3,10,1,1,10,0,2,11,0,15,17,0,7,50,0,12,21,0,4,37,0,2,48,0,12,55,0,10,62,0,24,22,0,32,66,0,24,144,0,18,398,0,7,526,0,17,467,0,17,400,0,28,250,0,20,375,0,11,943,0,38,225,0,8,1478,0,73,911,0,78,1335,0,102,2422,0,62,1072,0,89,4259,0,67,2866,0,87,3443,0,105,9135,0,189,12042,0,105,5084,0,155,12904,0,178,15759,0,184,14900,0,318,24664,0,258,65872,0,382,47156,0,779,40794,0,880,96341,0,301,77966,0,737,31949,0,385,125952,0,1141,236876,0,1709,261167,0,531,110585,0,981,195207,0,1735,275094,0,804,150902,0
-1.05176e+08,1,8.88811e-15,10,1023,0,1.05176e+08,0.528882,1.08665,0.389689,0.145397,0.379329,3.24381,0.161596,0.446195,1.77396,0.159177,1.15e+07,4.49998e+06,6.79999e+06,1.15e+07,4.49997e+06,6.79999e+06,1.15e+07,4.49996e+06,6.79999e+06,1.15e+07,4.49995e+06,6.79999e+06,1.14999e+07,4.49993e+06,6.79999e+06,1.14999e+07,4.49991e+06,6.79999e+06,1.14999e+07,4.49989e+06,6.79999e+06,1.14999e+07,4.49986e+06,6.79999e+06,1.14999e+07,4.49982e+06,6.79999e+06,1.14999e+07,4.49977e+06,6.79999e+06,1.14999e+07,4.49971e+06,6.79999e+06,1.14999e+07,4.49963e+06,6.79999e+06,1.14998e+07,4.49953e+06,6.79999e+06,1.14998e+07,4.49941e+06,6.79999e+06,1.14998e+07,4.49926e+06,6.79999e+06,1.14998e+07,4.49906e+06,6.79999e+06,1.14997e+07,4.49882e+06,6.79999e+06,1.14997e+07,4.49851e+06,6.79999e+06,1.14997e+07,4.49812e+06,6.79999e+06,1.14996e+07,4.49764e+06,6.79999e+06,1.14996e+07,4.49702e+06,6.79999e+06,1.14995e+07,4.49625e+06,6.79999e+06,1.14995e+07,4.49528e+06,6.79999e+06,1.14994e+07,4.49406e+06,6.79999e+06,1.14993e+07,4.49253e+06,6.79999e+06,1.14992e+07,4.49059e+06,6.79999e+06,1.14991e+07,4.48817e+06,6.79999e+06,1.1499e+07,4.48511e+06,6.79999e+06,1.14988e+07,4.48128e+06,6.79999e+06,1.14987e+07,4.47646e+06,6.79999e+06,1.14985e+07,4.47041e+06,6.79999e+06,1.14983e+07,4.46281e+06,6.79999e+06,1.14981e+07,4.4533e+06,6.79999e+06,1.14979e+07,4.44138e+06,6.79999e+06,1.14976e+07,4.42649e+06,6.79999e+06,1.14972e+07,4.40789e+06,6.79999e+06,1.14969e+07,4.38471e+06,6.79999e+06,1.14965e+07,4.35592e+06,6.79999e+06,1.1496e+07,4.32027e+06,6.79999e+06,1.14955e+07,4.27629e+06,6.79999e+06,1.14949e+07,4.22231e+06,6.79999e+06,1.14942e+07,4.15647e+06,6.79999e+06,1.14934e+07,4.07676e+06,6.79999e+06,1.14926e+07,3.98112e+06,6.79999e+06,1.14916e+07,3.86765e+06,6.79999e+06,1.14905e+07,3.73474e+06,6.79999e+06,1.14892e+07,3.58148e+06,6.79999e+06,1.14878e+07,3.40785e+06,6.79999e+06,1.14862e+07,3.21513e+06,6.79999e+06,1.14844e+07,3.00605e+06,6.79999e+06,1.14823e+07,2.7848e+06,6.79999e+06,1.148e+07,2.5568e+06,6.79999e+06,1.14773e+07,2.32825e+06,6.79999e+06,13.5742,8.52444,0.508366,16.8306,13.2585,0.162638,20.0035,17.569,0.0507846,23.2616,22.4214,0.0158319,26.7328,28.3297,0.00493498,30.5212,35.6974,0.00153831,34.7178,44.9473,0.000479527,39.4086,56.5822,0.000149456,44.6796,71.2245,4.66214e-05,50.6209,89.6543,1.45419e-05,57.3297,112.852,4.54748e-06,64.9129,142.051,1.43857e-06,73.4897,178.803,4.36618e-07,83.1934,225.062,1.40153e-07,94.1745,283.286,4.96378e-08,106.602,356.568,1.05434e-07,120.669,448.799,-6.49244e-08,136.59,564.873,1.70148e-07,154.611,710.948,-5.34594e-08,175.008,894.767,1.63407e-07,198.097,1126.06,8.04804e-08,224.231,1417.07,1.14667e-07,253.813,1783.15,-1.71227e-07,287.297,2243.62,-2.88466e-07,325.198,2822.67,-4.33651e-07,368.098,3550.67,7.9318e-08,416.657,4465.65,3.13319e-07,471.621,5615.16,3.4613e-07,533.835,7058.61,-1.19199e-07,604.255,8870.02,-2.79964e-07,683.962,11141.4,-2.30521e-07,774.182,13986.7,-2.55099e-07,876.299,17546.4,1.23585e-07,991.883,21993.1,1.41192e-07,1122.71,27536.7,-9.71886e-08,1270.78,34430.7,-3.68368e-07,1438.38,42977.7,-3.45379e-07,1628.07,53532.7,-3.25328e-09,1842.77,66504.6,2.6362e-07,2085.77,82350.2,2.53445e-07,2360.79,101560,-2.47407e-08,2672.05,124632,-3.80602e-07,3024.31,152018,-4.79005e-07,3422.98,184060,-1.14379e-07,3874.15,220884,2.64297e-07,4384.72,262283,3.44131e-07,4962.49,307576,7.5349e-08,5616.29,355497,-3.63097e-07,6356.1,404126,-6.05442e-07,7193.18,450932,-2.72333e-07,8140.28,492963,2.29675e-07,9211.79,527178,4.3387e-07,10424,550893,-1.0711e-07,10.102,8.06553,2.81012,10.6436,8.57909,0.869423,11.5336,10.2515,0.270869,12.7211,12.7138,0.0844293,14.1823,15.9373,0.0263173,15.9122,20.0383,0.0082035,17.9198,25.2154,0.00255722,20.2244,31.7373,0.000797017,22.8539,39.9486,0.000248622,25.8438,50.2851,7.75492e-05,29.237,63.2963,2.42508e-05,33.0837,79.6738,7.67162e-06,37.4415,100.288,2.32837e-06,42.3767,126.236,7.33e-07,47.9646,158.896,2.79256e-07,54.2906,200.003,9.87351e-09,61.452,251.741,1.61085e-07,69.5585,316.859,-2.47141e-07,78.7347,398.812,8.93552e-08,89.1218,501.948,-2.53231e-07,100.879,631.736,-1.25047e-07,114.188,795.049,-1.78808e-07,129.252,1000.53,2.6733e-07,146.304,1259.03,4.50292e-07,165.605,1584.19,6.76904e-07,187.452,1993.12,-1.23808e-07,212.181,2507.27,-4.89068e-07,240.173,3153.54,-5.40284e-07,271.856,3965.56,1.86061e-07,307.719,4985.38,4.37004e-07,348.313,6265.4,3.59828e-07,394.26,7870.83,3.98192e-07,446.268,9882.51,-1.92908e-07,505.135,12400.3,-2.20392e-07,571.766,15546.9,1.51705e-07,647.184,19472.2,5.74996e-07,732.547,24357.4,5.39112e-07,829.167,30420,5.07815e-09,938.526,37916.3,-4.11492e-07,1062.3,47143.9,-3.9561e-07,1202.4,58439.2,3.86185e-08,1360.96,72169.3,5.94093e-07,1540.42,88715.8,7.47693e-07,1743.53,108445,1.78537e-07,1973.41,131665,-4.12549e-07,2233.57,158557,-5.37164e-07,2528,189103,-1.17615e-07,2861.2,222986,5.66769e-07,3238.27,259510,9.45053e-07,3664.97,297540,4.25093e-07,4147.81,335497,-3.58506e-07,4694.17,371444,-6.7724e-07,5312.37,403256,1.67192e-07,1.61744,3.89446,9.84394,3.28846,7.5504,12.774,5.07607,11.7187,13.6844,7.03202,16.8147,13.9681,9.20215,23.1769,14.0566,11.6301,31.1672,14.0841,14.3598,41.2186,14.0927,17.4376,53.8688,14.0954,20.9137,69.7915,14.0962,24.8432,89.8341,14.0965,29.2879,115.063,14.0966,34.3168,146.819,14.0966,40.0078,186.792,14.0966,46.4487,237.107,14.0966,53.7388,300.44,14.0966,61.9903,380.158,14.0966,71.3301,480.499,14.0966,81.902,606.796,14.0966,93.8685,765.761,14.0966,107.414,965.837,14.0966,122.746,1217.65,14.0966,140.101,1534.57,14.0966,159.745,1933.41,14.0966,181.981,2435.3,14.0966,207.15,3066.85,14.0966,235.64,3861.46,14.0966,267.889,4861.11,14.0966,304.391,6118.54,14.0966,345.709,7699.91,14.0966,392.478,9688.22,14.0966,445.417,12187.5,14.0966,505.339,15327.7,14.0966,573.165,19271.6,14.0966,649.938,24222,14.0966,736.839,30430.9,14.0966,835.202,38211.5,14.0966,946.539,47950.3,14.0966,1072.56,60122.8,14.0966,1215.21,75309.9,14.0966,1376.66,94216.2,14.0966,1559.41,117688,14.0966,1766.26,146729,14.0966,2000.39,182510,14.0966,2265.39,226372,14.0966,2565.33,279806,14.0966,2904.81,344416,14.0966,3289.05,421845,14.0966,3723.93,513667,14.0966,4216.13,621231,14.0966,4773.18,745478,14.0966,5403.64,886744,14.0966,6117.15,1.04457e+06,14.0966,6924.63,1.2176e+06,14.0966,11.7194,11.96,12.6541,13.9321,16.1295,13.6434,16.6097,21.9702,13.9553,19.7532,29.5285,14.0526,23.3844,39.1143,14.0829,27.5423,51.2054,14.0923,32.2796,66.434,14.0953,37.662,85.6061,14.0962,43.7675,109.74,14.0965,50.687,140.119,14.0966,58.5249,178.359,14.0966,67.4005,226.493,14.0966,77.4493,287.08,14.0966,88.8254,363.343,14.0966,101.703,459.336,14.0966,116.281,580.161,14.0966,132.782,732.241,14.0966,151.46,923.655,14.0966,172.603,1164.57,14.0966,196.535,1467.79,14.0966,223.625,1849.39,14.0966,254.288,2329.62,14.0966,288.997,2933.93,14.0966,328.285,3694.33,14.0966,372.755,4651.04,14.0966,423.092,5854.57,14.0966,480.07,7368.38,14.0966,544.564,9272.08,14.0966,617.566,11665.5,14.0966,700.197,14673.6,14.0966,793.729,18452.9,14.0966,899.599,23198.6,14.0966,1019.43,29154.1,14.0966,1155.07,36622.3,14.0966,1308.6,45977.9,14.0966,1482.39,57683.7,14.0966,1679.09,72307.8,14.0966,1901.73,90542.8,14.0966,2153.73,113226,14.0966,2438.97,141360,14.0966,2761.81,176127,14.0966,3127.22,218898,14.0966,3540.81,271226,14.0966,4008.92,334817,14.0966,4538.74,411470,14.0966,5138.38,502973,14.0966,5817.04,610948,14.0966,6585.12,736653,14.0966,7454.39,880741,14.0966,8438.15,1.04302e+06,14.0966,9551.45,1.22224e+06,14.0966,10811.3,1.41602e+06,14.0966,12237,1.62086e+06,14.0966,11.7194,11.96,12.6541,2.21263,4.16949,0.989383,2.67766,5.84076,0.311842,3.14343,7.55825,0.0972771,3.63127,9.58578,0.0303237,4.15787,12.0912,0.00945211,4.73731,15.2286,0.00294633,5.38238,19.1721,0.000918508,6.10553,24.134,0.000286163,6.91951,30.3791,8.92692e-05,7.83792,38.2397,2.78121e-05,8.87555,48.1338,8.65134e-06,10.0489,60.5876,2.7882e-06,11.3761,76.2629,8.29036e-07,12.8779,95.9927,2.4373e-07,14.5775,120.825,4.33068e-09,16.5012,152.08,1.75749e-07,18.6784,191.415,-1.86328e-07,21.1428,240.917,1.91829e-07,23.9322,303.213,-1.81475e-07,27.0895,381.602,7.0186e-08,30.6634,480.231,-2.86769e-08,34.7087,604.316,2.40784e-07,39.2876,760.401,9.87368e-08,44.4705,956.705,1.22263e-07,50.3371,1203.54,-4.31966e-07,56.9776,1513.81,-1.9705e-07,64.494,1903.69,-2.763e-08,73.0018,2393.4,3.9185e-07,82.6317,3008.13,1.35379e-07,93.5318,3779.25,-4.16351e-08,105.869,4745.7,2.06965e-08,119.834,5955.6,-3.18887e-07,135.641,7468.12,-1.48271e-08,153.531,9355.62,2.00739e-07,173.781,11705.8,2.28358e-07,196.701,14624.1,-1.93587e-08,222.642,18235,-2.88101e-07,252.003,22683.4,-2.24732e-07,285.234,28134,8.56806e-09,322.845,34767,2.34258e-07,365.413,42770.9,2.99668e-07,413.588,52327.9,8.28644e-08,468.111,63591.2,-3.07049e-07,529.814,76653.2,-3.1888e-07,599.642,91502.5,-6.72276e-08,678.662,107975,2.26339e-07,768.083,125705,3.69212e-07,869.267,144088,2.04077e-07,983.76,162277,-2.80509e-07,1113.3,179223,-4.22737e-07,1259.87,193777,-1.71951e-07,1425.68,204839,4.55555e-07,11.7194,11.96,12.6541,2.21263,4.16949,0.989383,2.67766,5.84076,0.311842,3.14343,7.55825,0.0972771,3.63127,9.58578,0.0303237,4.15787,12.0912,0.00945211,4.73731,15.2286,0.00294633,5.38238,19.1721,0.000918508,6.10553,24.134,0.000286163,6.91951,30.3791,8.92692e-05,7.83792,38.2397,2.78121e-05,8.87555,48.1338,8.65134e-06,10.0489,60.5876,2.7882e-06,11.3761,76.2629,8.29036e-07,12.8779,95.9927,2.4373e-07,14.5775,120.825,1e-08,16.5012,152.08,1.75749e-07,18.6784,191.415,1e-08,21.1428,240.917,1.91829e-07,23.9322,303.213,1e-08,27.0895,381.602,7.0186e-08,30.6634,480.231,1e-08,34.7087,604.316,2.40784e-07,39.2876,760.401,9.87368e-08,44.4705,956.705,1.22263e-07,50.3371,1203.54,1e-08,56.9776,1513.81,1e-08,64.494,1903.69,1e-08,73.0018,2393.4,3.9185e-07,82.6317,3008.13,1.35379e-07,93.5318,3779.25,1e-08,105.869,4745.7,2.06965e-08,119.834,5955.6,1e-08,135.641,7468.12,1e-08,153.531,9355.62,2.00739e-07,173.781,11705.8,2.28358e-07,196.701,14624.1,1e-08,222.642,18235,1e-08,252.003,22683.4,1e-08,285.234,28134,1e-08,322.845,34767,2.34258e-07,365.413,42770.9,2.99668e-07,413.588,52327.9,8.28644e-08,468.111,63591.2,1e-08,529.814,76653.2,1e-08,599.642,91502.5,1e-08,678.662,107975,2.26339e-07,768.083,125705,3.69212e-07,869.267,144088,2.04077e-07,983.76,162277,1e-08,1113.3,179223,1e-08,1259.87,193777,1e-08,1425.68,204839,4.55555e-07,6.2823,3.27286,2.43537,0.219672,6.18826,2.24117,0.56371,6.87772,2.63624,0.308279,9,10,19,1,3,0,6,10,0,2,4,0,0,10,0,5,4,0,3,28,0,2,11,0,3,15,0,6,16,0,16,41,0,10,61,0,11,80,0,18,59,0,10,87,0,12,89,0,10,116,0,30,102,0,12,290,0,38,473,0,14,314,0,39,187,0,21,727,0,59,732,0,49,1268,0,64,918,0,50,921,0,61,1555,0,90,4464,0,60,2232,0,106,5701,0,84,8265,0,107,4740,0,115,5889,0,102,9930,0,221,5952,0,133,12824,0,292,26716,0,184,12221,0,378,29136,0,197,10672,0,324,43074,0,659,32382,0,258,54086,0,897,69099,0,679,101158,0,813,34677,0,1240,169385,0,1592,119266,0,586,78648,0,596,33222,0,963,119189,0,2152,218523,0
-1.05176e+08,1,8.88811e-15,10,1023,0,1.05176e+08,0.528882,1.08665,0.389689,0.145397,0.379329,3.24381,0.161596,0.446195,1.77396,0.159177,1.15e+07,4.49998e+06,6.79999e+06,1.15e+07,4.49997e+06,6.79999e+06,1.15e+07,4.49996e+06,6.79999e+06,1.15e+07,4.49995e+06,6.79999e+06,1.14999e+07,4.49993e+06,6.79999e+06,1.14999e+07,4.49991e+06,6.79999e+06,1.14999e+07,4.49989e+06,6.79999e+06,1.14999e+07,4.49986e+06,6.79999e+06,1.14999e+07,4.49982e+06,6.79999e+06,1.14999e+07,4.49977e+06,6.79999e+06,1.14999e+07,4.49971e+06,6.79999e+06,1.14999e+07,4.49963e+06,6.79999e+06,1.14998e+07,4.49953e+06,6.79999e+06,1.14998e+07,4.49941e+06,6.79999e+06,1.14998e+07,4.49926e+06,6.79999e+06,1.14998e+07,4.49906e+06,6.79999e+06,1.14997e+07,4.49882e+06,6.79999e+06,1.14997e+07,4.49851e+06,6.79999e+06,1.14997e+07,4.49812e+06,6.79999e+06,1.14996e+07,4.49764e+06,6.79999e+06,1.14996e+07,4.49702e+06,6.79999e+06,1.14995e+07,4.49625e+06,6.79999e+06,1.14995e+07,4.49528e+06,6.79999e+06,1.14994e+07,4.49406e+06,6.79999e+06,1.14993e+07,4.49253e+06,6.79999e+06,1.14992e+07,4.49059e+06,6.79999e+06,1.14991e+07,4.48817e+06,6.79999e+06,1.1499e+07,4.48511e+06,6.79999e+06,1.14988e+07,4.48128e+06,6.79999e+06,1.14987e+07,4.47646e+06,6.79999e+06,1.14985e+07,4.47041e+06,6.79999e+06,1.14983e+07,4.46281e+06,6.79999e+06,1.14981e+07,4.4533e+06,6.79999e+06,1.14979e+07,4.44138e+06,6.79999e+06,1.14976e+07,4.42649e+06,6.79999e+06,1.14972e+07,4.40789e+06,6.79999e+06,1.14969e+07,4.38471e+06,6.79999e+06,1.14965e+07,4.35592e+06,6.79999e+06,1.1496e+07,4.32027e+06,6.79999e+06,1.14955e+07,4.27629e+06,6.79999e+06,1.14949e+07,4.22231e+06,6.79999e+06,1.14942e+07,4.15647e+06,6.79999e+06,1.14934e+07,4.07676e+06,6.79999e+06,1.14926e+07,3.98112e+06,6.79999e+06,1.14916e+07,3.86765e+06,6.79999e+06,1.14905e+07,3.73474e+06,6.79999e+06,1.14892e+07,3.58148e+06,6.79999e+06,1.14878e+07,3.40785e+06,6.79999e+06,1.14862e+07,3.21513e+06,6.79999e+06,1.14844e+07,3.00605e+06,6.79999e+06,1.14823e+07,2.7848e+06,6.79999e+06,1.148e+07,2.5568e+06,6.79999e+06,1.14773e+07,2.32825e+06,6.79999e+06,13.5742,8.52444,0.508366,16.8306,13.2585,0.162638,20.0035,17.569,0.0507846,23.2616,22.4214,0.0158319,26.7328,28.3297,0.00493498,30.5212,35.6974,0.00153831,34.7178,44.9473,0.000479527,39.4086,56.5822,0.000149456,44.6796,71.2245,4.66214e-05,50.6209,89.6543,1.45419e-05,57.3297,112.852,4.54748e-06,64.9129,142.051,1.43857e-06,73.4897,178.803,4.36618e-07,83.1934,225.062,1.40153e-07,94.1745,283.286,4.96378e-08,106.602,356.568,1.05434e-07,120.669,448.799,-6.49244e-08,136.59,564.873,1.70148e-07,154.611,710.948,-5.34594e-08,175.008,894.767,1.63407e-07,198.097,1126.06,8.04804e-08,224.231,1417.07,1.14667e-07,253.813,1783.15,-1.71227e-07,287.297,2243.62,-2.88466e-07,325.198,2822.67,-4.33651e-07,368.098,3550.67,7.9318e-08,416.657,4465.65,3.13319e-07,471.621,5615.16,3.4613e-07,533.835,7058.61,-1.19199e-07,604.255,8870.02,-2.79964e-07,683.962,11141.4,-2.30521e-07,774.182,13986.7,-2.55099e-07,876.299,17546.4,1.23585e-07,991.883,21993.1,1.41192e-07,1122.71,27536.7,-9.71886e-08,1270.78,34430.7,-3.68368e-07,1438.38,42977.7,-3.45379e-07,1628.07,53532.7,-3.25328e-09,1842.77,66504.6,2.6362e-07,2085.77,82350.2,2.53445e-07,2360.79,101560,-2.47407e-08,2672.05,124632,-3.80602e-07,3024.31,152018,-4.79005e-07,3422.98,184060,-1.14379e-07,3874.15,220884,2.64297e-07,4384.72,262283,3.44131e-07,4962.49,307576,7.5349e-08,5616.29,355497,-3.63097e-07,6356.1,404126,-6.05442e-07,7193.18,450932,-2.72333e-07,8140.28,492963,2.29675e-07,9211.79,527178,4.3387e-07,10424,550893,-1.0711e-07,10.102,8.06553,2.81012,10.6436,8.57909,0.869423,11.5336,10.2515,0.270869,12.7211,12.7138,0.0844293,14.1823,15.9373,0.0263173,15.9122,20.0383,0.0082035,17.9198,25.2154,0.00255722,20.2244,31.7373,0.000797017,22.8539,39.9486,0.000248622,25.8438,50.2851,7.75492e-05,29.237,63.2963,2.42508e-05,33.0837,79.6738,7.67162e-06,37.4415,100.288,2.32837e-06,42.3767,126.236,7.33e-07,47.9646,158.896,2.79256e-07,54.2906,200.003,9.87351e-09,61.452,251.741,1.61085e-07,69.5585,316.859,-2.47141e-07,78.7347,398.812,8.93552e-08,89.1218,501.948,-2.53231e-07,100.879,631.736,-1.25047e-07,114.188,795.049,-1.78808e-07,129.252,1000.53,2.6733e-07,146.304,1259.03,4.50292e-07,165.605,1584.19,6.76904e-07,187.452,1993.12,-1.23808e-07,212.181,2507.27,-4.89068e-07,240.173,3153.54,-5.40284e-07,271.856,3965.56,1.86061e-07,307.719,4985.38,4.37004e-07,348.313,6265.4,3.59828e-07,394.26,7870.83,3.98192e-07,446.268,9882.51,-1.92908e-07,505.135,12400.3,-2.20392e-07,571.766,15546.9,1.51705e-07,647.184,19472.2,5.74996e-07,732.547,24357.4,5.39112e-07,829.167,30420,5.07815e-09,938.526,37916.3,-4.11492e-07,1062.3,47143.9,-3.9561e-07,1202.4,58439.2,3.86185e-08,1360.96,72169.3,5.94093e-07,1540.42,88715.8,7.47693e-07,1743.53,108445,1.78537e-07,1973.41,131665,-4.12549e-07,2233.57,158557,-5.37164e-07,2528,189103,-1.17615e-07,2861.2,222986,5.66769e-07,3238.27,259510,9.45053e-07,3664.97,297540,4.25093e-07,4147.81,335497,-3.58506e-07,4694.17,371444,-6.7724e-07,5312.37,403256,1.67192e-07,1.61744,3.89446,9.84394,3.28846,7.5504,12.774,5.07607,11.7187,13.6844,7.03202,16.8147,13.9681,9.20215,23.1769,14.0566,11.6301,31.1672,14.0841,14.3598,41.2186,14.0927,17.4376,53.8688,14.0954,20.9137,69.7915,14.0962,24.8432,89.8341,14.0965,29.2879,115.063,14.0966,34.3168,146.819,14.0966,40.0078,186.792,14.0966,46.4487,237.107,14.0966,53.7388,300.44,14.0966,61.9903,380.158,14.0966,71.3301,480.499,14.0966,81.902,606.796,14.0966,93.8685,765.761,14.0966,107.414,965.837,14.0966,122.746,1217.65,14.0966,140.101,1534.57,14.0966,159.745,1933.41,14.0966,181.981,2435.3,14.0966,207.15,3066.85,14.0966,235.64,3861.46,14.0966,267.889,4861.11,14.0966,304.391,6118.54,14.0966,345.709,7699.91,14.0966,392.478,9688.22,14.0966,445.417,12187.5,14.0966,505.339,15327.7,14.0966,573.165,19271.6,14.0966,649.938,24222,14.0966,736.839,30430.9,14.0966,835.202,38211.5,14.0966,946.539,47950.3,14.0966,1072.56,60122.8,14.0966,1215.21,75309.9,14.0966,1376.66,94216.2,14.0966,1559.41,117688,14.0966,1766.26,146729,14.0966,2000.39,182510,14.0966,2265.39,226372,14.0966,2565.33,279806,14.0966,2904.81,344416,14.0966,3289.05,421845,14.0966,3723.93,513667,14.0966,4216.13,621231,14.0966,4773.18,745478,14.0966,5403.64,886744,14.0966,6117.15,1.04457e+06,14.0966,6924.63,1.2176e+06,14.0966,11.7194,11.96,12.6541,13.9321,16.1295,13.6434,16.6097,21.9702,13.9553,19.7532,29.5285,14.0526,23.3844,39.1143,14.0829,27.5423,51.2054,14.0923,32.2796,66.434,14.0953,37.662,85.6061,14.0962,43.7675,109.74,14.0965,50.687,140.119,14.0966,58.5249,178.359,14.0966,67.4005,226.493,14.0966,77.4493,287.08,14.0966,88.8254,363.343,14.0966,101.703,459.336,14.0966,116.281,580.161,14.0966,132.782,732.241,14.0966,151.46,923.655,14.0966,172.603,1164.57,14.0966,196.535,1467.79,14.0966,223.625,1849.39,14.0966,254.288,2329.62,14.0966,288.997,2933.93,14.0966,328.285,3694.33,14.0966,372.755,4651.04,14.0966,423.092,5854.57,14.0966,480.07,7368.38,14.0966,544.564,9272.08,14.0966,617.566,11665.5,14.0966,700.197,14673.6,14.0966,793.729,18452.9,14.0966,899.599,23198.6,14.0966,1019.43,29154.1,14.0966,1155.07,36622.3,14.0966,1308.6,45977.9,14.0966,1482.39,57683.7,14.0966,1679.09,72307.8,14.0966,1901.73,90542.8,14.0966,2153.73,113226,14.0966,2438.97,141360,14.0966,2761.81,176127,14.0966,3127.22,218898,14.0966,3540.81,271226,14.0966,4008.92,334817,14.0966,4538.74,411470,14.0966,5138.38,502973,14.0966,5817.04,610948,14.0966,6585.12,736653,14.0966,7454.39,880741,14.0966,8438.15,1.04302e+06,14.0966,9551.45,1.22224e+06,14.0966,10811.3,1.41602e+06,14.0966,12237,1.62086e+06,14.0966,11.7194,11.96,12.6541,2.21263,4.16949,0.989383,2.67766,5.84076,0.311842,3.14343,7.55825,0.0972771,3.63127,9.58578,0.0303237,4.15787,12.0912,0.00945211,4.73731,15.2286,0.00294633,5.38238,19.1721,0.000918508,6.10553,24.134,0.000286163,6.91951,30.3791,8.92692e-05,7.83792,38.2397,2.78121e-05,8.87555,48.1338,8.65134e-06,10.0489,60.5876,2.7882e-06,11.3761,76.2629,8.29036e-07,12.8779,95.9927,2.4373e-07,14.5775,120.825,4.33068e-09,16.5012,152.08,1.75749e-07,18.6784,191.415,-1.86328e-07,21.1428,240.917,1.91829e-07,23.9322,303.213,-1.81475e-07,27.0895,381.602,7.0186e-08,30.6634,480.231,-2.86769e-08,34.7087,604.316,2.40784e-07,39.2876,760.401,9.87368e-08,44.4705,956.705,1.22263e-07,50.3371,1203.54,-4.31966e-07,56.9776,1513.81,-1.9705e-07,64.494,1903.69,-2.763e-08,73.0018,2393.4,3.9185e-07,82.6317,3008.13,1.35379e-07,93.5318,3779.25,-4.16351e-08,105.869,4745.7,2.06965e-08,119.834,5955.6,-3.18887e-07,135.641,7468.12,-1.48271e-08,153.531,9355.62,2.00739e-07,173.781,11705.8,2.28358e-07,196.701,14624.1,-1.93587e-08,222.642,18235,-2.88101e-07,252.003,22683.4,-2.24732e-07,285.234,28134,8.56806e-09,322.845,34767,2.34258e-07,365.413,42770.9,2.99668e-07,413.588,52327.9,8.28644e-08,468.111,63591.2,-3.07049e-07,529.814,76653.2,-3.1888e-07,599.642,91502.5,-6.72276e-08,678.662,107975,2.26339e-07,768.083,125705,3.69212e-07,869.267,144088,2.04077e-07,983.76,162277,-2.80509e-07,1113.3,179223,-4.22737e-07,1259.87,193777,-1.71951e-07,1425.68,204839,4.55555e-07,11.7194,11.96,12.6541,2.21263,4.16949,0.989383,2.67766,5.84076,0.311842,3.14343,7.55825,0.0972771,3.63127,9.58578,0.0303237,4.15787,12.0912,0.00945211,4.73731,15.2286,0.00294633,5.38238,19.1721,0.000918508,6.10553,24.134,0.000286163,6.91951,30.3791,8.92692e-05,7.83792,38.2397,2.78121e-05,8.87555,48.1338,8.65134e-06,10.0489,60.5876,2.7882e-06,11.3761,76.2629,8.29036e-07,12.8779,95.9927,2.4373e-07,14.5775,120.825,1e-08,16.5012,152.08,1.75749e-07,18.6784,191.415,1e-08,21.1428,240.917,1.91829e-07,23.9322,303.213,1e-08,27.0895,381.602,7.0186e-08,30.6634,480.231,1e-08,34.7087,604.316,2.40784e-07,39.2876,760.401,9.87368e-08,44.4705,956.705,1.22263e-07,50.3371,1203.54,1e-08,56.9776,1513.81,1e-08,64.494,1903.69,1e-08,73.0018,2393.4,3.9185e-07,82.6317,3008.13,1.35379e-07,93.5318,3779.25,1e-08,105.869,4745.7,2.06965e-08,119.834,5955.6,1e-08,135.641,7468.12,1e-08,153.531,9355.62,2.00739e-07,173.781,11705.8,2.28358e-07,196.701,14624.1,1e-08,222.642,18235,1e-08,252.003,22683.4,1e-08,285.234,28134,1e-08,322.845,34767,2.34258e-07,365.413,42770.9,2.99668e-07,413.588,52327.9,8.28644e-08,468.111,63591.2,1e-08,529.814,76653.2,1e-08,599.642,91502.5,1e-08,678.662,107975,2.26339e-07,768.083,125705,3.69212e-07,869.267,144088,2.04077e-07,983.76,162277,1e-08,1113.3,179223,1e-08,1259.87,193777,1e-08,1425.68,204839,4.55555e-07,6.2823,3.27286,2.43537,0.219672,6.18826,2.24117,0.56371,6.87772,2.63624,0.308279,21,8,16,1,4,0,2,3,1,3,10,0,3,6,0,1,14,0,4,25,0,10,17,0,12,18,0,8,20,0,10,61,0,14,20,0,8,60,0,11,65,0,20,64,0,8,45,0,16,106,0,9,72,0,8,582,0,49,208,0,17,596,0,28,256,0,28,607,0,65,840,0,45,950,0,24,925,0,73,2388,0,66,1721,0,150,2344,0,79,2279,0,91,4031,0,82,8055,0,76,5119,0,247,12083,0,159,7023,0,35,21125,0,270,18437,0,277,26621,0,481,9406,0,235,54749,0,292,48978,0,448,43707,0,859,77543,0,295,101520,0,294,84019,0,947,69365,0,477,112168,0,602,108112,0,436,123077,0,972,151987,0,1519,187807,0,946,141333,0,737,243776,0
-1.05176e+08,1,8.88811e-15,10,1023,0,1.05176e+08,0.528882,1.08665,0.389689,0.145397,0.379329,3.24381,0.161596,0.446195,1.77396,0.159177,1.15e+07,4.49998e+06,6.79999e+06,1.15e+07,4.49997e+06,6.79999e+06,1.15e+07,4.49996e+06,6.79999e+06,1.15e+07,4.49995e+06,6.79999e+06,1.14999e+07,4.49993e+06,6.79999e+06,1.14999e+07,4.49991e+06,6.79999e+06,1.14999e+07,4.49989e+06,6.79999e+06,1.14999e+07,4.49986e+06,6.79999e+06,1.14999e+07,4.49982e+06,6.79999e+06,1.14999e+07,4.49977e+06,6.79999e+06,1.14999e+07,4.49971e+06,6.79999e+06,1.14999e+07,4.49963e+06,6.79999e+06,1.14998e+07,4.49953e+06,6.79999e+06,1.14998e+07,4.49941e+06,6.79999e+06,1.14998e+07,4.49926e+06,6.79999e+06,1.14998e+07,4.49906e+06,6.79999e+06,1.14997e+07,4.49882e+06,6.79999e+06,1.14997e+07,4.49851e+06,6.79999e+06,1.14997e+07,4.49812e+06,6.79999e+06,1.14996e+07,4.49764e+06,6.79999e+06,1.14996e+07,4.49702e+06,6.79999e+06,1.14995e+07,4.49625e+06,6.79999e+06,1.14995e+07,4.49528e+06,6.79999e+06,1.14994e+07,4.49406e+06,6.79999e+06,1.14993e+07,4.49253e+06,6.79999e+06,1.14992e+07,4.49059e+06,6.79999e+06,1.14991e+07,4.48817e+06,6.79999e+06,1.1499e+07,4.48511e+06,6.79999e+06,1.14988e+07,4.48128e+06,6.79999e+06,1.14987e+07,4.47646e+06,6.79999e+06,1.14985e+07,4.47041e+06,6.79999e+06,1.14983e+07,4.46281e+06,6.79999e+06,1.14981e+07,4.4533e+06,6.79999e+06,1.14979e+07,4.44138e+06,6.79999e+06,1.14976e+07,4.42649e+06,6.79999e+06,1.14972e+07,4.40789e+06,6.79999e+06,1.14969e+07,4.38471e+06,6.79999e+06,1.14965e+07,4.35592e+06,6.79999e+06,1.1496e+07,4.32027e+06,6.79999e+06,1.14955e+07,4.27629e+06,6.79999e+06,1.14949e+07,4.22231e+06,6.79999e+06,1.14942e+07,4.15647e+06,6.79999e+06,1.14934e+07,4.07676e+06,6.79999e+06,1.14926e+07,3.98112e+06,6.79999e+06,1.14916e+07,3.86765e+06,6.79999e+06,1.14905e+07,3.73474e+06,6.79999e+06,1.14892e+07,3.58148e+06,6.79999e+06,1.14878e+07,3.40785e+06,6.79999e+06,1.14862e+07,3.21513e+06,6.79999e+06,1.14844e+07,3.00605e+06,6.79999e+06,1.14823e+07,2.7848e+06,6.79999e+06,1.148e+07,2.5568e+06,6.79999e+06,1.14773e+07,2.32825e+06,6.79999e+06,13.5742,8.52444,0.508366,16.8306,13.2585,0.162638,20.0035,17.569,0.0507846,23.2616,22.4214,0.0158319,26.7328,28.3297,0.00493498,30.5212,35.6974,0.00153831,34.7178,44.9473,0.000479527,39.4086,56.5822,0.000149456,44.6796,71.2245,4.66214e-05,50.6209,89.6543,1.45419e-05,57.3297,112.852,4.54748e-06,64.9129,142.051,1.43857e-06,73.4897,178.803,4.36618e-07,83.1934,225.062,1.40153e-07,94.1745,283.286,4.96378e-08,106.602,356.568,1.05434e-07,120.669,448.799,-6.49244e-08,136.59,564.873,1.70148e-07,154.611,710.948,-5.34594e-08,175.008,894.767,1.63407e-07,198.097,1126.06,8.04804e-08,224.231,1417.07,1.14667e-07,253.813,1783.15,-1.71227e-07,287.297,2243.62,-2.88466e-07,325.198,2822.67,-4.33651e-07,368.098,3550.67,7.9318e-08,416.657,4465.65,3.13319e-07,471.621,5615.16,3.4613e-07,533.835,7058.61,-1.19199e-07,604.255,8870.02,-2.79964e-07,683.962,11141.4,-2.30521e-07,774.182,13986.7,-2.55099e-07,876.299,17546.4,1.23585e-07,991.883,21993.1,1.41192e-07,1122.71,27536.7,-9.71886e-08,1270.78,34430.7,-3.68368e-07,1438.38,42977.7,-3.45379e-07,1628.07,53532.7,-3.25328e-09,1842.77,66504.6,2.6362e-07,2085.77,82350.2,2.53445e-07,2360.79,101560,-2.47407e-08,2672.05,124632,-3.80602e-07,3024.31,152018,-4.79005e-07,3422.98,184060,-1.14379e-07,3874.15,220884,2.64297e-07,4384.72,262283,3.44131e-07,4962.49,307576,7.5349e-08,5616.29,355497,-3.63097e-07,6356.1,404126,-6.05442e-07,7193.18,450932,-2.72333e-07,8140.28,492963,2.29675e-07,9211.79,527178,4.3387e-07,10424,550893,-1.0711e-07,10.102,8.06553,2.81012,10.6436,8.57909,0.869423,11.5336,10.2515,0.270869,12.7211,12.7138,0.0844293,14.1823,15.9373,0.0263173,15.9122,20.0383,0.0082035,17.9198,25.2154,0.00255722,20.2244,31.7373,0.000797017,22.8539,39.9486,0.000248622,25.8438,50.2851,7.75492e-05,29.237,63.2963,2.42508e-05,33.0837,79.6738,7.67162e-06,37.4415,100.288,2.32837e-06,42.3767,126.236,7.33e-07,47.9646,158.896,2.79256e-07,54.2906,200.003,9.87351e-09,61.452,251.741,1.61085e-07,69.5585,316.859,-2.47141e-07,78.7347,398.812,8.93552e-08,89.1218,501.948,-2.53231e-07,100.879,631.736,-1.25047e-07,114.188,795.049,-1.78808e-07,129.252,1000.53,2.6733e-07,146.304,1259.03,4.50292e-07,165.605,1584.19,6.76904e-07,187.452,1993.12,-1.23808e-07,212.181,2507.27,-4.89068e-07,240.173,3153.54,-5.40284e-07,271.856,3965.56,1.86061e-07,307.719,4985.38,4.37004e-07,348.313,6265.4,3.59828e-07,394.26,7870.83,3.98192e-07,446.268,9882.51,-1.92908e-07,505.135,12400.3,-2.20392e-07,571.766,15546.9,1.51705e-07,647.184,19472.2,5.74996e-07,732.547,24357.4,5.39112e-07,829.167,30420,5.07815e-09,938.526,37916.3,-4.11492e-07,1062.3,47143.9,-3.9561e-07,1202.4,58439.2,3.86185e-08,1360.96,72169.3,5.94093e-07,1540.42,88715.8,7.47693e-07,1743.53,108445,1.78537e-07,1973.41,131665,-4.12549e-07,2233.57,158557,-5.37164e-07,2528,189103,-1.17615e-07,2861.2,222986,5.66769e-07,3238.27,259510,9.45053e-07,3664.97,297540,4.25093e-07,4147.81,335497,-3.58506e-07,4694.17,371444,-6.7724e-07,5312.37,403256,1.67192e-07,1.61744,3.89446,9.84394,3.28846,7.5504,12.774,5.07607,11.7187,13.6844,7.03202,16.8147,13.9681,9.20215,23.1769,14.0566,11.6301,31.1672,14.0841,14.3598,41.2186,14.0927,17.4376,53.8688,14.0954,20.9137,69.7915,14.0962,24.8432,89.8341,14.0965,29.2879,115.063,14.0966,34.3168,146.819,14.0966,40.0078,186.792,14.0966,46.4487,237.107,14.0966,53.7388,300.44,14.0966,61.9903,380.158,14.0966,71.3301,480.499,14.0966,81.902,606.796,14.0966,93.8685,765.761,14.0966,107.414,965.837,14.0966,122.746,1217.65,14.0966,140.101,1534.57,14.0966,159.745,1933.41,14.0966,181.981,2435.3,14.0966,207.15,3066.85,14.0966,235.64,3861.46,14.0966,267.889,4861.11,14.0966,304.391,6118.54,14.0966,345.709,7699.91,14.0966,392.478,9688.22,14.0966,445.417,12187.5,14.0966,505.339,15327.7,14.0966,573.165,19271.6,14.0966,649.938,24222,14.0966,736.839,30430.9,14.0966,835.202,38211.5,14.0966,946.539,47950.3,14.0966,1072.56,60122.8,14.0966,1215.21,75309.9,14.0966,1376.66,94216.2,14.0966,1559.41,117688,14.0966,1766.26,146729,14.0966,2000.39,182510,14.0966,2265.39,226372,14.0966,2565.33,279806,14.0966,2904.81,344416,14.0966,3289.05,421845,14.0966,3723.93,513667,14.0966,4216.13,621231,14.0966,4773.18,745478,14.0966,5403.64,886744,14.0966,6117.15,1.04457e+06,14.0966,6924.63,1.2176e+06,14.0966,11.7194,11.96,12.6541,13.9321,16.1295,13.6434,16.6097,21.9702,13.9553,19.7532,29.5285,14.0526,23.3844,39.1143,14.0829,27.5423,51.2054,14.0923,32.2796,66.434,14.0953,37.662,85.6061,14.0962,43.7675,109.74,14.0965,50.687,140.119,14.0966,58.5249,178.359,14.0966,67.4005,226.493,14.0966,77.4493,287.08,14.0966,88.8254,363.343,14.0966,101.703,459.336,14.0966,116.281,580.161,14.0966,132.782,732.241,14.0966,151.46,923.655,14.0966,172.603,1164.57,14.0966,196.535,1467.79,14.0966,223.625,1849.39,14.0966,254.288,2329.62,14.0966,288.997,2933.93,14.0966,328.285,3694.33,14.0966,372.755,4651.04,14.0966,423.092,5854.57,14.0966,480.07,7368.38,14.0966,544.564,9272.08,14.0966,617.566,11665.5,14.0966,700.197,14673.6,14.0966,793.729,18452.9,14.0966,899.599,23198.6,14.0966,1019.43,29154.1,14.0966,1155.07,36622.3,14.0966,1308.6,45977.9,14.0966,1482.39,57683.7,14.0966,1679.09,72307.8,14.0966,1901.73,90542.8,14.0966,2153.73,113226,14.0966,2438.97,141360,14.0966,2761.81,176127,14.0966,3127.22,218898,14.0966,3540.81,271226,14.0966,4008.92,334817,14.0966,4538.74,411470,14.0966,5138.38,502973,14.0966,5817.04,610948,14.0966,6585.12,736653,14.0966,7454.39,880741,14.0966,8438.15,1.04302e+06,14.0966,9551.45,1.22224e+06,14.0966,10811.3,1.41602e+06,14.0966,12237,1.62086e+06,14.0966,11.7194,11.96,12.6541,2.21263,4.16949,0.989383,2.67766,5.84076,0.311842,3.14343,7.55825,0.0972771,3.63127,9.58578,0.0303237,4.15787,12.0912,0.00945211,4.73731,15.2286,0.00294633,5.38238,19.1721,0.000918508,6.10553,24.134,0.000286163,6.91951,30.3791,8.92692e-05,7.83792,38.2397,2.78121e-05,8.87555,48.1338,8.65134e-06,10.0489,60.5876,2.7882e-06,11.3761,76.2629,8.29036e-07,12.8779,95.9927,2.4373e-07,14.5775,120.825,4.33068e-09,16.5012,152.08,1.75749e-07,18.6784,191.415,-1.86328e-07,21.1428,240.917,1.91829e-07,23.9322,303.213,-1.81475e-07,27.0895,381.602,7.0186e-08,30.6634,480.231,-2.86769e-08,34.7087,604.316,2.40784e-07,39.2876,760.401,9.87368e-08,44.4705,956.705,1.22263e-07,50.3371,1203.54,-4.31966e-07,56.9776,1513.81,-1.9705e-07,64.494,1903.69,-2.763e-08,73.0018,2393.4,3.9185e-07,82.6317,3008.13,1.35379e-07,93.5318,3779.25,-4.16351e-08,105.869,4745.7,2.06965e-08,119.834,5955.6,-3.18887e-07,135.641,7468.12,-1.48271e-08,153.531,9355.62,2.00739e-07,173.781,11705.8,2.28358e-07,196.701,14624.1,-1.93587e-08,222.642,18235,-2.88101e-07,252.003,22683.4,-2.24732e-07,285.234,28134,8.56806e-09,322.845,34767,2.34258e-07,365.413,42770.9,2.99668e-07,413.588,52327.9,8.28644e-08,468.111,63591.2,-3.07049e-07,529.814,76653.2,-3.1888e-07,599.642,91502.5,-6.72276e-08,678.662,107975,2.26339e-07,768.083,125705,3.69212e-07,869.267,144088,2.04077e-07,983.76,162277,-2.80509e-07,1113.3,179223,-4.22737e-07,1259.87,193777,-1.71951e-07,1425.68,204839,4.55555e-07,11.7194,11.96,12.6541,2.21263,4.16949,0.989383,2.67766,5.84076,0.311842,3.14343,7.55825,0.0972771,3.63127,9.58578,0.0303237,4.15787,12.0912,0.00945211,4.73731,15.2286,0.00294633,5.38238,19.1721,0.000918508,6.10553,24.134,0.000286163,6.91951,30.3791,8.92692e-05,7.83792,38.2397,2.78121e-05,8.87555,48.1338,8.65134e-06,10.0489,60.5876,2.7882e-06,11.3761,76.2629,8.29036e-07,12.8779,95.9927,2.4373e-07,14.5775,120.825,1e-08,16.5012,152.08,1.75749e-07,18.6784,191.415,1e-08,21.1428,240.917,1.91829e-07,23.9322,303.213,1e-08,27.0895,381.602,7.0186e-08,30.6634,480.231,1e-08,34.7087,604.316,2.40784e-07,39.2876,760.401,9.87368e-08,44.4705,956.705,1.22263e-07,50.3371,1203.54,1e-08,56.9776,1513.81,1e-08,64.494,1903.69,1e-08,73.0018,2393.4,3.9185e-07,82.6317,3008.13,1.35379e-07,93.5318,3779.25,1e-08,105.869,4745.7,2.06965e-08,119.834,5955.6,1e-08,135.641,7468.12,1e-08,153.531,9355.62,2.00739e-07,173.781,11705.8,2.28358e-07,196.701,14624.1,1e-08,222.642,18235,1e-08,252.003,22683.4,1e-08,285.234,28134,1e-08,322.845,34767,2.34258e-07,365.413,42770.9,2.99668e-07,413.588,52327.9,8.28644e-08,468.111,63591.2,1e-08,529.814,76653.2,1e-08,599.642,91502.5,1e-08,678.662,107975,2.26339e-07,768.083,125705,3.69212e-07,869.267,144088,2.04077e-07,983.76,162277,1e-08,1113.3,179223,1e-08,1259.87,193777,1e-08,1425.68,204839,4.55555e-07,6.2823,3.27286,2.43537,0.219672,6.18826,2.24117,0.56371,6.87772,2.63624,0.308279,7,17,2,2,4,1,6,5,1,1,12,0,7,12,0,11,10,0,2,10,0,10,14,0,4,15,0,8,20,0,7,36,0,4,38,0,10,53,0,12,83,0,7,50,0,12,102,0,44,95,0,11,35,0,13,117,0,24,346,0,12,157,0,24,273,0,38,813,0,39,574,0,29,894,0,41,1826,0,69,1375,0,46,502,0,129,3003,0,76,2384,0,80,1899,0,110,4812,0,68,5114,0,143,4529,0,128,5226,0,185,6647,0,173,9827,0,230,13399,0,399,18752,0,236,17401,0,324,50668,0,352,52016,0,657,91745,0,673,49769,0,690,53930,0,722,140443,0,526,162451,0,388,186568,0,619,129073,0,1728,281305,0,718,194611,0,869,114372,0,709,296596,0
-1.05176e+08,1,8.88811e-15,10,1023,0,1.05176e+08,0.528882,1.08665,0.389689,0.145397,0.379329,3.24381,0.161596,0.446195,1.77396,0.159177,1.15e+07,4.49998e+06,6.79999e+06,1.15e+07,4.49997e+06,6.79999e+06,1.15e+07,4.49996e+06,6.79999e+06,1.15e+07,4.49995e+06,6.79999e+06,1.14999e+07,4.49993e+06,6.79999e+06,1.14999e+07,4.49991e+06,6.79999e+06,1.14999e+07,4.49989e+06,6.79999e+06,1.14999e+07,4.49986e+06,6.79999e+06,1.14999e+07,4.49982e+06,6.79999e+06,1.14999e+07,4.49977e+06,6.79999e+06,1.14999e+07,4.49971e+06,6.79999e+06,1.14999e+07,4.49963e+06,6.79999e+06,1.14998e+07,4.49953e+06,6.79999e+06,1.14998e+07,4.49941e+06,6.79999e+06,1.14998e+07,4.49926e+06,6.79999e+06,1.14998e+07,4.49906e+06,6.79999e+06,1.14997e+07,4.49882e+06,6.79999e+06,1.14997e+07,4.49851e+06,6.79999e+06,1.14997e+07,4.49812e+06,6.79999e+06,1.14996e+07,4.49764e+06,6.79999e+06,1.14996e+07,4.49702e+06,6.79999e+06,1.14995e+07,4.49625e+06,6.79999e+06,1.14995e+07,4.49528e+06,6.79999e+06,1.14994e+07,4.49406e+06,6.79999e+06,1.14993e+07,4.49253e+06,6.79999e+06,1.14992e+07,4.49059e+06,6.79999e+06,1.14991e+07,4.48817e+06,6.79999e+06,1.1499e+07,4.48511e+06,6.79999e+06,1.14988e+07,4.48128e+06,6.79999e+06,1.14987e+07,4.47646e+06,6.79999e+06,1.14985e+07,4.47041e+06,6.79999e+06,1.14983e+07,4.46281e+06,6.79999e+06,1.14981e+07,4.4533e+06,6.79999e+06,1.14979e+07,4.44138e+06,6.79999e+06,1.14976e+07,4.42649e+06,6.79999e+06,1.14972e+07,4.40789e+06,6.79999e+06,1.14969e+07,4.38471e+06,6.79999e+06,1.14965e+07,4.35592e+06,6.79999e+06,1.1496e+07,4.32027e+06,6.79999e+06,1.14955e+07,4.27629e+06,6.79999e+06,1.14949e+07,4.22231e+06,6.79999e+06,1.14942e+07,4.15647e+06,6.79999e+06,1.14934e+07,4.07676e+06,6.79999e+06,1.14926e+07,3.98112e+06,6.79999e+06,1.14916e+07,3.86765e+06,6.79999e+06,1.14905e+07,3.73474e+06,6.79999e+06,1.14892e+07,3.58148e+06,6.79999e+06,1.14878e+07,3.40785e+06,6.79999e+06,1.14862e+07,3.21513e+06,6.79999e+06,1.14844e+07,3.00605e+06,6.79999e+06,1.14823e+07,2.7848e+06,6.79999e+06,1.148e+07,2.5568e+06,6.79999e+06,1.14773e+07,2.32825e+06,6.79999e+06,13.5742,8.52444,0.508366,16.8306,13.2585,0.162638,20.0035,17.569,0.0507846,23.2616,22.4214,0.0158319,26.7328,28.3297,0.00493498,30.5212,35.6974,0.00153831,34.7178,44.9473,0.000479527,39.4086,56.5822,0.000149456,44.6796,71.2245,4.66214e-05,50.6209,89.6543,1.45419e-05,57.3297,112.852,4.54748e-06,64.9129,142.051,1.43857e-06,73.4897,178.803,4.36618e-07,83.1934,225.062,1.40153e-07,94.1745,283.286,4.96378e-08,106.602,356.568,1.05434e-07,120.669,448.799,-6.49244e-08,136.59,564.873,1.70148e-07,154.611,710.948,-5.34594e-08,175.008,894.767,1.63407e-07,198.097,1126.06,8.04804e-08,224.231,1417.07,1.14667e-07,253.813,1783.15,-1.71227e-07,287.297,2243.62,-2.88466e-07,325.198,2822.67,-4.33651e-07,368.098,3550.67,7.9318e-08,416.657,4465.65,3.13319e-07,471.621,5615.16,3.4613e-07,533.835,7058.61,-1.19199e-07,604.255,8870.02,-2.79964e-07,683.962,11141.4,-2.30521e-07,774.182,13986.7,-2.55099e-07,876.299,17546.4,1.23585e-07,991.883,21993.1,1.41192e-07,1122.71,27536.7,-9.71886e-08,1270.78,34430.7,-3.68368e-07,1438.38,42977.7,-3.45379e-07,1628.07,53532.7,-3.25328e-09,1842.77,66504.6,2.6362e-07,2085.77,82350.2,2.53445e-07,2360.79,101560,-2.47407e-08,2672.05,124632,-3.80602e-07,3024.31,152018,-4.79005e-07,3422.98,184060,-1.14379e-07,3874.15,220884,2.64297e-07,4384.72,262283,3.44131e-07,4962.49,307576,7.5349e-08,5616.29,355497,-3.63097e-07,6356.1,404126,-6.05442e-07,7193.18,450932,-2.72333e-07,8140.28,492963,2.29675e-07,9211.79,527178,4.3387e-07,10424,550893,-1.0711e-07,10.102,8.06553,2.81012,10.6436,8.57909,0.869423,11.5336,10.2515,0.270869,12.7211,12.7138,0.0844293,14.1823,15.9373,0.0263173,15.9122,20.0383,0.0082035,17.9198,25.2154,0.00255722,20.2244,31.7373,0.000797017,22.8539,39.9486,0.000248622,25.8438,50.2851,7.75492e-05,29.237,63.2963,2.42508e-05,33.0837,79.6738,7.67162e-06,37.4415,100.288,2.32837e-06,42.3767,126.236,7.33e-07,47.9646,158.896,2.79256e-07,54.2906,200.003,9.87351e-09,61.452,251.741,1.61085e-07,69.5585,316.859,-2.47141e-07,78.7347,398.812,8.93552e-08,89.1218,501.948,-2.53231e-07,100.879,631.736,-1.25047e-07,114.188,795.049,-1.78808e-07,129.252,1000.53,2.6733e-07,146.304,1259.03,4.50292e-07,165.605,1584.19,6.76904e-07,187.452,1993.12,-1.23808e-07,212.181,2507.27,-4.89068e-07,240.173,3153.54,-5.40284e-07,271.856,3965.56,1.86061e-07,307.719,4985.38,4.37004e-07,348.313,6265.4,3.59828e-07,394.26,7870.83,3.98192e-07,446.268,9882.51,-1.92908e-07,505.135,12400.3,-2.20392e-07,571.766,15546.9,1.51705e-07,647.184,19472.2,5.74996e-07,732.547,24357.4,5.39112e-07,829.167,30420,5.07815e-09,938.526,37916.3,-4.11492e-07,1062.3,47143.9,-3.9561e-07,1202.4,58439.2,3.86185e-08,1360.96,72169.3,5.94093e-07,1540.42,88715.8,7.47693e-07,1743.53,108445,1.78537e-07,1973.41,131665,-4.12549e-07,2233.57,158557,-5.37164e-07,2528,189103,-1.17615e-07,2861.2,222986,5.66769e-07,3238.27,259510,9.45053e-07,3664.97,297540,4.25093e-07,4147.81,335497,-3.58506e-07,4694.17,371444,-6.7724e-07,5312.37,403256,1.67192e-07,1.61744,3.89446,9.84394,3.28846,7.5504,12.774,5.07607,11.7187,13.6844,7.03202,16.8147,13.9681,9.20215,23.1769,14.0566,11.6301,31.1672,14.0841,14.3598,41.2186,14.0927,17.4376,53.8688,14.0954,20.9137,69.7915,14.0962,24.8432,89.8341,14.0965,29.2879,115.063,14.0966,34.3168,146.819,14.0966,40.0078,186.792,14.0966,46.4487,237.107,14.0966,53.7388,300.44,14.0966,61.9903,380.158,14.0966,71.3301,480.499,14.0966,81.902,606.796,14.0966,93.8685,765.761,14.0966,107.414,965.837,14.0966,122.746,1217.65,14.0966,140.101,1534.57,14.0966,159.745,1933.41,14.0966,181.981,2435.3,14.0966,207.15,3066.85,14.0966,235.64,3861.46,14.0966,267.889,4861.11,14.0966,304.391,6118.54,14.0966,345.709,7699.91,14.0966,392.478,9688.22,14.0966,445.417,12187.5,14.0966,505.339,15327.7,14.0966,573.165,19271.6,14.0966,649.938,24222,14.0966,736.839,30430.9,14.0966,835.202,38211.5,14.0966,946.539,47950.3,14.0966,1072.56,60122.8,14.0966,1215.21,75309.9,14.0966,1376.66,94216.2,14.0966,1559.41,117688,14.0966,1766.26,146729,14.0966,2000.39,182510,14.0966,2265.39,226372,14.0966,2565.33,279806,14.0966,2904.81,344416,14.0966,3289.05,421845,14.0966,3723.93,513667,14.0966,4216.13,621231,14.0966,4773.18,745478,14.0966,5403.64,886744,14.0966,6117.15,1.04457e+06,14.0966,6924.63,1.2176e+06,14.0966,11.7194,11.96,12.6541,13.9321,16.1295,13.6434,16.6097,21.9702,13.9553,19.7532,29.5285,14.0526,23.3844,39.1143,14.0829,27.5423,51.2054,14.0923,32.2796,66.434,14.0953,37.662,85.6061,14.0962,43.7675,109.74,14.0965,50.687,140.119,14.0966,58.5249,178.359,14.0966,67.4005,226.493,14.0966,77.4493,287.08,14.0966,88.8254,363.343,14.0966,101.703,459.336,14.0966,116.281,580.161,14.0966,132.782,732.241,14.0966,151.46,923.655,14.0966,172.603,1164.57,14.0966,196.535,1467.79,14.0966,223.625,1849.39,14.0966,254.288,2329.62,14.0966,288.997,2933.93,14.0966,328.285,3694.33,14.0966,372.755,4651.04,14.0966,423.092,5854.57,14.0966,480.07,7368.38,14.0966,544.564,9272.08,14.0966,617.566,11665.5,14.0966,700.197,14673.6,14.0966,793.729,18452.9,14.0966,899.599,23198.6,14.0966,1019.43,29154.1,14.0966,1155.07,36622.3,14.0966,1308.6,45977.9,14.0966,1482.39,57683.7,14.0966,1679.09,72307.8,14.0966,1901.73,90542.8,14.0966,2153.73,113226,14.0966,2438.97,141360,14.0966,2761.81,176127,14.0966,3127.22,218898,14.0966,3540.81,271226,14.0966,4008.92,334817,14.0966,4538.74,411470,14.0966,5138.38,502973,14.0966,5817.04,610948,14.0966,6585.12,736653,14.0966,7454.39,880741,14.0966,8438.15,1.04302e+06,14.0966,9551.45,1.22224e+06,14.0966,10811.3,1.41602e+06,14.0966,12237,1.62086e+06,14.0966,11.7194,11.96,12.6541,2.21263,4.16949,0.989383,2.67766,5.84076,0.311842,3.14343,7.55825,0.0972771,3.63127,9.58578,0.0303237,4.15787,12.0912,0.00945211,4.73731,15.2286,0.00294633,5.38238,19.1721,0.000918508,6.10553,24.134,0.000286163,6.91951,30.3791,8.92692e-05,7.83792,38.2397,2.78121e-05,8.87555,48.1338,8.65134e-06,10.0489,60.5876,2.7882e-06,11.3761,76.2629,8.29036e-07,12.8779,95.9927,2.4373e-07,14.5775,120.825,4.33068e-09,16.5012,152.08,1.75749e-07,18.6784,191.415,-1.86328e-07,21.1428,240.917,1.91829e-07,23.9322,303.213,-1.81475e-07,27.0895,381.602,7.0186e-08,30.6634,480.231,-2.86769e-08,34.7087,604.316,2.40784e-07,39.2876,760.401,9.87368e-08,44.4705,956.705,1.22263e-07,50.3371,1203.54,-4.31966e-07,56.9776,1513.81,-1.9705e-07,64.494,1903.69,-2.763e-08,73.0018,2393.4,3.9185e-07,82.6317,3008.13,1.35379e-07,93.5318,3779.25,-4.16351e-08,105.869,4745.7,2.06965e-08,119.834,5955.6,-3.18887e-07,135.641,7468.12,-1.48271e-08,153.531,9355.62,2.00739e-07,173.781,11705.8,2.28358e-07,196.701,14624.1,-1.93587e-08,222.642,18235,-2.88101e-07,252.003,22683.4,-2.24732e-07,285.234,28134,8.56806e-09,322.845,34767,2.34258e-07,365.413,42770.9,2.99668e-07,413.588,52327.9,8.28644e-08,468.111,63591.2,-3.07049e-07,529.814,76653.2,-3.1888e-07,599.642,91502.5,-6.72276e-08,678.662,107975,2.26339e-07,768.083,125705,3.69212e-07,869.267,144088,2.04077e-07,983.76,162277,-2.80509e-07,1113.3,179223,-4.22737e-07,1259.87,193777,-1.71951e-07,1425.68,204839,4.55555e-07,11.7194,11.96,12.6541,2.21263,4.16949,0.989383,2.67766,5.84076,0.311842,3.14343,7.55825,0.0972771,3.63127,9.58578,0.0303237,4.15787,12.0912,0.00945211,4.73731,15.2286,0.00294633,5.38238,19.1721,0.000918508,6.10553,24.134,0.000286163,6.91951,30.3791,8.92692e-05,7.83792,38.2397,2.78121e-05,8.87555,48.1338,8.65134e-06,10.0489,60.5876,2.7882e-06,11.3761,76.2629,8.29036e-07,12.8779,95.9927,2.4373e-07,14.5775,120.825,1e-08,16.5012,152.08,1.75749e-07,18.6784,191.415,1e-08,21.1428,240.917,1.91829e-07,23.9322,303.213,1e-08,27.0895,381.602,7.0186e-08,30.6634,480.231,1e-08,34.7087,604.316,2.40784e-07,39.2876,760.401,9.87368e-08,44.4705,956.705,1.22263e-07,50.3371,1203.54,1e-08,56.9776,1513.81,1e-08,64.494,1903.69,1e-08,73.0018,2393.4,3.9185e-07,82.6317,3008.13,1.35379e-07,93.5318,3779.25,1e-08,105.869,4745.7,2.06965e-08,119.834,5955.6,1e-08,135.641,7468.12,1e-08,153.531,9355.62,2.00739e-07,173.781,11705.8,2.28358e-07,196.701,14624.1,1e-08,222.642,18235,1e-08,252.003,22683.4,1e-08,285.234,28134,1e-08,322.845,34767,2.34258e-07,365.413,42770.9,2.99668e-07,413.588,52327.9,8.28644e-08,468.111,63591.2,1e-08,529.814,76653.2,1e-08,599.642,91502.5,1e-08,678.662,107975,2.26339e-07,768.083,125705,3.69212e-07,869.267,144088,2.04077e-07,983.76,162277,1e-08,1113.3,179223,1e-08,1259.87,193777,1e-08,1425.68,204839,4.55555e-07,6.2823,3.27286,2.43537,0.219672,6.18826,2.24117,0.56371,6.87772,2.63624,0.308279,5,10,27,2,4,1,6,5,0,4,7,0,2,6,0,0,16,0,8,19,0,3,42,0,5,11,0,4,34,0,6,46,0,17,52,0,6,42,0,9,12,0,10,138,0,14,107,0,10,133,0,14,168,0,13,228,0,20,322,0,28,187,0,31,226,0,23,536,0,58,335,0,39,678,0,42,1809,0,40,1344,0,59,1893,0,72,2106,0,35,4000,0,62,1991,0,180,7576,0,137,6026,0,116,9281,0,110,15779,0,272,11609,0,149,19728,0,271,15103,0,215,23600,0,435,51066,0,220,25116,0,443,36883,0,516,36977,0,745,45243,0,1096,36481,0,862,50295,0,581,110109,0,981,221287,0,922,80410,0,1401,100197,0,811,126547,0,760,147902,0,1059,234198,0
-1.05176e+08,1,8.88811e-15,10,1023,0,1.05176e+08,0.528882,1.08665,0.389689,0.145397,0.379329,3.24381,0.161596,0.446195,1.77396,0.159177,1.15e+07,4.49998e+06,6.79999e+06,1.15e+07,4.49997e+06,6.79999e+06,1.15e+07,4.49996e+06,6.79999e+06,1.15e+07,4.49995e+06,6.79999e+06,1.14999e+07,4.49993e+06,6.79999e+06,1.14999e+07,4.49991e+06,6.79999e+06,1.14999e+07,4.49989e+06,6.79999e+06,1.14999e+07,4.49986e+06,6.79999e+06,1.14999e+07,4.49982e+06,6.79999e+06,1.14999e+07,4.49977e+06,6.79999e+06,1.14999e+07,4.49971e+06,6.79999e+06,1.14999e+07,4.49963e+06,6.79999e+06,1.14998e+07,4.49953e+06,6.79999e+06,1.14998e+07,4.49941e+06,6.79999e+06,1.14998e+07,4.49926e+06,6.79999e+06,1.14998e+07,4.49906e+06,6.79999e+06,1.14997e+07,4.49882e+06,6.79999e+06,1.14997e+07,4.49851e+06,6.79999e+06,1.14997e+07,4.49812e+06,6.79999e+06,1.14996e+07,4.49764e+06,6.79999e+06,1.14996e+07,4.49702e+06,6.79999e+06,1.14995e+07,4.49625e+06,6.79999e+06,1.14995e+07,4.49528e+06,6.79999e+06,1.14994e+07,4.49406e+06,6.79999e+06,1.14993e+07,4.49253e+06,6.79999e+06,1.14992e+07,4.49059e+06,6.79999e+06,1.14991e+07,4.48817e+06,6.79999e+06,1.1499e+07,4.48511e+06,6.79999e+06,1.14988e+07,4.48128e+06,6.79999e+06,1.14987e+07,4.47646e+06,6.79999e+06,1.14985e+07,4.47041e+06,6.79999e+06,1.14983e+07,4.46281e+06,6.79999e+06,1.14981e+07,4.4533e+06,6.79999e+06,1.14979e+07,4.44138e+06,6.79999e+06,1.14976e+07,4.42649e+06,6.79999e+06,1.14972e+07,4.40789e+06,6.79999e+06,1.14969e+07,4.38471e+06,6.79999e+06,1.14965e+07,4.35592e+06,6.79999e+06,1.1496e+07,4.32027e+06,6.79999e+06,1.14955e+07,4.27629e+06,6.79999e+06,1.14949e+07,4.22231e+06,6.79999e+06,1.14942e+07,4.15647e+06,6.79999e+06,1.14934e+07,4.07676e+06,6.79999e+06,1.14926e+07,3.98112e+06,6.79999e+06,1.14916e+07,3.86765e+06,6.79999e+06,1.14905e+07,3.73474e+06,6.79999e+06,1.14892e+07,3.58148e+06,6.79999e+06,1.14878e+07,3.40785e+06,6.79999e+06,1.14862e+07,3.21513e+06,6.79999e+06,1.14844e+07,3.00605e+06,6.79999e+06,1.14823e+07,2.7848e+06,6.79999e+06,1.148e+07,2.5568e+06,6.79999e+06,1.14773e+07,2.32825e+06,6.79999e+06,13.5742,8.52444,0.508366,16.8306,13.2585,0.162638,20.0035,17.569,0.0507846,23.2616,22.4214,0.0158319,26.7328,28.3297,0.00493498,30.5212,35.6974,0.00153831,34.7178,44.9473,0.000479527,39.4086,56.5822,0.000149456,44.6796,71.2245,4.66214e-05,50.6209,89.6543,1.45419e-05,57.3297,112.852,4.54748e-06,64.9129,142.051,1.43857e-06,73.4897,178.803,4.36618e-07,83.1934,225.062,1.40153e-07,94.1745,283.286,4.96378e-08,106.602,356.568,1.05434e-07,120.669,448.799,-6.49244e-08,136.59,564.873,1.70148e-07,154.611,710.948,-5.34594e-08,175.008,894.767,1.63407e-07,198.097,1126.06,8.04804e-08,224.231,1417.07,1.14667e-07,253.813,1783.15,-1.71227e-07,287.297,2243.62,-2.88466e-07,325.198,2822.67,-4.33651e-07,368.098,3550.67,7.9318e-08,416.657,4465.65,3.13319e-07,471.621,5615.16,3.4613e-07,533.835,7058.61,-1.19199e-07,604.255,8870.02,-2.79964e-07,683.962,11141.4,-2.30521e-07,774.182,13986.7,-2.55099e-07,876.299,17546.4,1.23585e-07,991.883,21993.1,1.41192e-07,1122.71,27536.7,-9.71886e-08,1270.78,34430.7,-3.68368e-07,1438.38,42977.7,-3.45379e-07,1628.07,53532.7,-3.25328e-09,1842.77,66504.6,2.6362e-07,2085.77,82350.2,2.53445e-07,2360.79,101560,-2.47407e-08,2672.05,124632,-3.80602e-07,3024.31,152018,-4.79005e-07,3422.98,184060,-1.14379e-07,3874.15,220884,2.64297e-07,4384.72,262283,3.44131e-07,4962.49,307576,7.5349e-08,5616.29,355497,-3.63097e-07,6356.1,404126,-6.05442e-07,7193.18,450932,-2.72333e-07,8140.28,492963,2.29675e-07,9211.79,527178,4.3387e-07,10424,550893,-1.0711e-07,10.102,8.06553,2.81012,10.6436,8.57909,0.869423,11.5336,10.2515,0.270869,12.7211,12.7138,0.0844293,14.1823,15.9373,0.0263173,15.9122,20.0383,0.0082035,17.9198,25.2154,0.00255722,20.2244,31.7373,0.000797017,22.8539,39.9486,0.000248622,25.8438,50.2851,7.75492e-05,29.237,63.2963,2.42508e-05,33.0837,79.6738,7.67162e-06,37.4415,100.288,2.32837e-06,42.3767,126.236,7.33e-07,47.9646,158.896,2.79256e-07,54.2906,200.003,9.87351e-09,61.452,251.741,1.61085e-07,69.5585,316.859,-2.47141e-07,78.7347,398.812,8.93552e-08,89.1218,501.948,-2.53231e-07,100.879,631.736,-1.25047e-07,114.188,795.049,-1.78808e-07,129.252,1000.53,2.6733e-07,146.304,1259.03,4.50292e-07,165.605,1584.19,6.76904e-07,187.452,1993.12,-1.23808e-07,212.181,2507.27,-4.89068e-07,240.173,3153.54,-5.40284e-07,271.856,3965.56,1.86061e-07,307.719,4985.38,4.37004e-07,348.313,6265.4,3.59828e-07,394.26,7870.83,3.98192e-07,446.268,9882.51,-1.92908e-07,505.135,12400.3,-2.20392e-07,571.766,15546.9,1.51705e-07,647.184,19472.2,5.74996e-07,732.547,24357.4,5.39112e-07,829.167,30420,5.07815e-09,938.526,37916.3,-4.11492e-07,1062.3,47143.9,-3.9561e-07,1202.4,58439.2,3.86185e-08,1360.96,72169.3,5.94093e-07,1540.42,88715.8,7.47693e-07,1743.53,108445,1.78537e-07,1973.41,131665,-4.12549e-07,2233.57,158557,-5.37164e-07,2528,189103,-1.17615e-07,2861.2,222986,5.66769e-07,3238.27,259510,9.45053e-07,3664.97,297540,4.25093e-07,4147.81,335497,-3.58506e-07,4694.17,371444,-6.7724e-07,5312.37,403256,1.67192e-07,1.61744,3.89446,9.84394,3.28846,7.5504,12.774,5.07607,11.7187,13.6844,7.03202,16.8147,13.9681,9.20215,23.1769,14.0566,11.6301,31.1672,14.0841,14.3598,41.2186,14.0927,17.4376,53.8688,14.0954,20.9137,69.7915,14.0962,24.8432,89.8341,14.0965,29.2879,115.063,14.0966,34.3168,146.819,14.0966,40.0078,186.792,14.0966,46.4487,237.107,14.0966,53.7388,300.44,14.0966,61.9903,380.158,14.0966,71.3301,480.499,14.0966,81.902,606.796,14.0966,93.8685,765.761,14.0966,107.414,965.837,14.0966,122.746,1217.65,14.0966,140.101,1534.57,14.0966,159.745,1933.41,14.0966,181.981,2435.3,14.0966,207.15,3066.85,14.0966,235.64,3861.46,14.0966,267.889,4861.11,14.0966,304.391,6118.54,14.0966,345.709,7699.91,14.0966,392.478,9688.22,14.0966,445.417,12187.5,14.0966,505.339,15327.7,14.0966,573.165,19271.6,14.0966,649.938,24222,14.0966,736.839,30430.9,14.0966,835.202,38211.5,14.0966,946.539,47950.3,14.0966,1072.56,60122.8,14.0966,1215.21,75309.9,14.0966,1376.66,94216.2,14.0966,1559.41,117688,14.0966,1766.26,146729,14.0966,2000.39,182510,14.0966,2265.39,226372,14.0966,2565.33,279806,14.0966,2904.81,344416,14.0966,3289.05,421845,14.0966,3723.93,513667,14.0966,4216.13,621231,14.0966,4773.18,745478,14.0966,5403.64,886744,14.0966,6117.15,1.04457e+06,14.0966,6924.63,1.2176e+06,14.0966,11.7194,11.96,12.6541,13.9321,16.1295,13.6434,16.6097,21.9702,13.9553,19.7532,29.5285,14.0526,23.3844,39.1143,14.0829,27.5423,51.2054,14.0923,32.2796,66.434,14.0953,37.662,85.6061,14.0962,43.7675,109.74,14.0965,50.687,140.119,14.0966,58.5249,178.359,14.0966,67.4005,226.493,14.0966,77.4493,287.08,14.0966,88.8254,363.343,14.0966,101.703,459.336,14.0966,116.281,580.161,14.0966,132.782,732.241,14.0966,151.46,923.655,14.0966,172.603,1164.57,14.0966,196.535,1467.79,14.0966,223.625,1849.39,14.0966,254.288,2329.62,14.0966,288.997,2933.93,14.0966,328.285,3694.33,14.0966,372.755,4651.04,14.0966,423.092,5854.57,14.0966,480.07,7368.38,14.0966,544.564,9272.08,14.0966,617.566,11665.5,14.0966,700.197,14673.6,14.0966,793.729,18452.9,14.0966,899.599,23198.6,14.0966,1019.43,29154.1,14.0966,1155.07,36622.3,14.0966,1308.6,45977.9,14.0966,1482.39,57683.7,14.0966,1679.09,72307.8,14.0966,1901.73,90542.8,14.0966,2153.73,113226,14.0966,2438.97,141360,14.0966,2761.81,176127,14.0966,3127.22,218898,14.0966,3540.81,271226,14.0966,4008.92,334817,14.0966,4538.74,411470,14.0966,5138.38,502973,14.0966,5817.04,610948,14.0966,6585.12,736653,14.0966,7454.39,880741,14.0966,8438.15,1.04302e+06,14.0966,9551.45,1.22224e+06,14.0966,10811.3,1.41602e+06,14.0966,12237,1.62086e+06,14.0966,11.7194,11.96,12.6541,2.21263,4.16949,0.989383,2.67766,5.84076,0.311842,3.14343,7.55825,0.0972771,3.63127,9.58578,0.0303237,4.15787,12.0912,0.00945211,4.73731,15.2286,0.00294633,5.38238,19.1721,0.000918508,6.10553,24.134,0.000286163,6.91951,30.3791,8.92692e-05,7.83792,38.2397,2.78121e-05,8.87555,48.1338,8.65134e-06,10.0489,60.5876,2.7882e-06,11.3761,76.2629,8.29036e-07,12.8779,95.9927,2.4373e-07,14.5775,120.825,4.33068e-09,16.5012,152.08,1.75749e-07,18.6784,191.415,-1.86328e-07,21.1428,240.917,1.91829e-07,23.9322,303.213,-1.81475e-07,27.0895,381.602,7.0186e-08,30.6634,480.231,-2.86769e-08,34.7087,604.316,2.40784e-07,39.2876,760.401,9.87368e-08,44.4705,956.705,1.22263e-07,50.3371,1203.54,-4.31966e-07,56.9776,1513.81,-1.9705e-07,64.494,1903.69,-2.763e-08,73.0018,2393.4,3.9185e-07,82.6317,3008.13,1.35379e-07,93.5318,3779.25,-4.16351e-08,105.869,4745.7,2.06965e-08,119.834,5955.6,-3.18887e-07,135.641,7468.12,-1.48271e-08,153.531,9355.62,2.00739e-07,173.781,11705.8,2.28358e-07,196.701,14624.1,-1.93587e-08,222.642,18235,-2.88101e-07,252.003,22683.4,-2.24732e-07,285.234,28134,8.56806e-09,322.845,34767,2.34258e-07,365.413,42770.9,2.99668e-07,413.588,52327.9,8.28644e-08,468.111,63591.2,-3.07049e-07,529.814,76653.2,-3.1888e-07,599.642,91502.5,-6.72276e-08,678.662,107975,2.26339e-07,768.083,125705,3.69212e-07,869.267,144088,2.04077e-07,983.76,162277,-2.80509e-07,1113.3,179223,-4.22737e-07,1259.87,193777,-1.71951e-07,1425.68,204839,4.55555e-07,11.7194,11.96,12.6541,2.21263,4.16949,0.989383,2.67766,5.84076,0.311842,3.14343,7.55825,0.0972771,3.63127,9.58578,0.0303237,4.15787,12.0912,0.00945211,4.73731,15.2286,0.00294633,5.38238,19.1721,0.000918508,6.10553,24.134,0.000286163,6.91951,30.3791,8.92692e-05,7.83792,38.2397,2.78121e-05,8.87555,48.1338,8.65134e-06,10.0489,60.5876,2.7882e-06,11.3761,76.2629,8.29036e-07,12.8779,95.9927,2.4373e-07,14.5775,120.825,1e-08,16.5012,152.08,1.75749e-07,18.6784,191.415,1e-08,21.1428,240.917,1.91829e-07,23.9322,303.213,1e-08,27.0895,381.602,7.0186e-08,30.6634,480.231,1e-08,34.7087,604.316,2.40784e-07,39.2876,760.401,9.87368e-08,44.4705,956.705,1.22263e-07,50.3371,1203.54,1e-08,56.9776,1513.81,1e-08,64.494,1903.69,1e-08,73.0018,2393.4,3.9185e-07,82.6317,3008.13,1.35379e-07,93.5318,3779.25,1e-08,105.869,4745.7,2.06965e-08,119.834,5955.6,1e-08,135.641,7468.12,1e-08,153.531,9355.62,2.00739e-07,173.781,11705.8,2.28358e-07,196.701,14624.1,1e-08,222.642,18235,1e-08,252.003,22683.4,1e-08,285.234,28134,1e-08,322.845,34767,2.34258e-07,365.413,42770.9,2.99668e-07,413.588,52327.9,8.28644e-08,468.111,63591.2,1e-08,529.814,76653.2,1e-08,599.642,91502.5,1e-08,678.662,107975,2.26339e-07,768.083,125705,3.69212e-07,869.267,144088,2.04077e-07,983.76,162277,1e-08,1113.3,179223,1e-08,1259.87,193777,1e-08,1425.68,204839,4.55555e-07,6.2823,3.27286,2.43537,0.219672,6.18826,2.24117,0.56371,6.87772,2.63624,0.308279,13,8,6,3,3,0,4,9,1,7,4,0,3,10,0,5,6,0,10,13,0,11,14,0,2,22,0,9,42,0,11,35,0,6,102,0,9,47,0,10,62,0,20,78,0,20,113,0,8,182,0,23,184,0,23,251,0,11,541,0,8,168,0,54,687,0,57,459,0,33,837,0,28,749,0,66,979,0,61,1099,0,77,2054,0,38,2467,0,66,2964,0,55,3031,0,54,2500,0,79,4677,0,60,9571,0,180,5741,0,202,8490,0,143,14167,0,284,21632,0,98,34358,0,223,48331,0,190,14234,0,446,66712,0,255,65745,0,753,57173,0,552,69530,0,622,79447,0,344,181958,0,395,75670,0,1067,129060,0,1093,163360,0,2415,167384,0,1364,276996,0,1088,228449,0
-1.05176e+08,1,8.88811e-15,10,1023,0,1.05176e+08,0.528882,1.08665,0.389689,0.145397,0.379329,3.24381,0.161596,0.446195,1.77396,0.159177,1.15e+07,4.49998e+06,6.79999e+06,1.15e+07,4.49997e+06,6.79999e+06,1.15e+07,4.49996e+06,6.79999e+06,1.15e+07,4.49995e+06,6.79999e+06,1.14999e+07,4.49993e+06,6.79999e+06,1.14999e+07,4.49991e+06,6.79999e+06,1.14999e+07,4.49989e+06,6.79999e+06,1.14999e+07,4.49986e+06,6.79999e+06,1.14999e+07,4.49982e+06,6.79999e+06,1.14999e+07,4.49977e+06,6.79999e+06,1.14999e+07,4.49971e+06,6.79999e+06,1.14999e+07,4.49963e+06,6.79999e+06,1.14998e+07,4.49953e+06,6.79999e+06,1.14998e+07,4.49941e+06,6.79999e+06,1.14998e+07,4.49926e+06,6.79999e+06,1.14998e+07,4.49906e+06,6.79999e+06,1.14997e+07,4.49882e+06,6.79999e+06,1.14997e+07,4.49851e+06,6.79999e+06,1.14997e+07,4.49812e+06,6.79999e+06,1.14996e+07,4.49764e+06,6.79999e+06,1.14996e+07,4.49702e+06,6.79999e+06,1.14995e+07,4.49625e+06,6.79999e+06,1.14995e+07,4.49528e+06,6.79999e+06,1.14994e+07,4.49406e+06,6.79999e+06,1.14993e+07,4.49253e+06,6.79999e+06,1.14992e+07,4.49059e+06,6.79999e+06,1.14991e+07,4.48817e+06,6.79999e+06,1.1499e+07,4.48511e+06,6.79999e+06,1.14988e+07,4.48128e+06,6.79999e+06,1.14987e+07,4.47646e+06,6.79999e+06,1.14985e+07,4.47041e+06,6.79999e+06,1.14983e+07,4.46281e+06,6.79999e+06,1.14981e+07,4.4533e+06,6.79999e+06,1.14979e+07,4.44138e+06,6.79999e+06,1.14976e+07,4.42649e+06,6.79999e+06,1.14972e+07,4.40789e+06,6.79999e+06,1.14969e+07,4.38471e+06,6.79999e+06,1.14965e+07,4.35592e+06,6.79999e+06,1.1496e+07,4.32027e+06,6.79999e+06,1.14955e+07,4.27629e+06,6.79999e+06,1.14949e+07,4.22231e+06,6.79999e+06,1.14942e+07,4.15647e+06,6.79999e+06,1.14934e+07,4.07676e+06,6.79999e+06,1.14926e+07,3.98112e+06,6.79999e+06,1.14916e+07,3.86765e+06,6.79999e+06,1.14905e+07,3.73474e+06,6.79999e+06,1.14892e+07,3.58148e+06,6.79999e+06,1.14878e+07,3.40785e+06,6.79999e+06,1.14862e+07,3.21513e+06,6.79999e+06,1.14844e+07,3.00605e+06,6.79999e+06,1.14823e+07,2.7848e+06,6.79999e+06,1.148e+07,2.5568e+06,6.79999e+06,1.14773e+07,2.32825e+06,6.79999e+06,13.5742,8.52444,0.508366,16.8306,13.2585,0.162638,20.0035,17.569,0.0507846,23.2616,22.4214,0.0158319,26.7328,28.3297,0.00493498,30.5212,35.6974,0.00153831,34.7178,44.9473,0.000479527,39.4086,56.5822,0.000149456,44.6796,71.2245,4.66214e-05,50.6209,89.6543,1.45419e-05,57.3297,112.852,4.54748e-06,64.9129,142.051,1.43857e-06,73.4897,178.803,4.36618e-07,83.1934,225.062,1.40153e-07,94.1745,283.286,4.96378e-08,106.602,356.568,1.05434e-07,120.669,448.799,-6.49244e-08,136.59,564.873,1.70148e-07,154.611,710.948,-5.34594e-08,175.008,894.767,1.63407e-07,198.097,1126.06,8.04804e-08,224.231,1417.07,1.14667e-07,253.813,1783.15,-1.71227e-07,287.297,2243.62,-2.88466e-07,325.198,2822.67,-4.33651e-07,368.098,3550.67,7.9318e-08,416.657,4465.65,3.13319e-07,471.621,5615.16,3.4613e-07,533.835,7058.61,-1.19199e-07,604.255,8870.02,-2.79964e-07,683.962,11141.4,-2.30521e-07,774.182,13986.7,-2.55099e-07,876.299,17546.4,1.23585e-07,991.883,21993.1,1.41192e-07,1122.71,27536.7,-9.71886e-08,1270.78,34430.7,-3.68368e-07,1438.38,42977.7,-3.45379e-07,1628.07,53532.7,-3.25328e-09,1842.77,66504.6,2.6362e-07,2085.77,82350.2,2.53445e-07,2360.79,101560,-2.47407e-08,2672.05,124632,-3.80602e-07,3024.31,152018,-4.79005e-07,3422.98,184060,-1.14379e-07,3874.15,220884,2.64297e-07,4384.72,262283,3.44131e-07,4962.49,307576,7.5349e-08,5616.29,355497,-3.63097e-07,6356.1,404126,-6.05442e-07,7193.18,450932,-2.72333e-07,8140.28,492963,2.29675e-07,9211.79,527178,4.3387e-07,10424,550893,-1.0711e-07,10.102,8.06553,2.81012,10.6436,8.57909,0.869423,11.5336,10.2515,0.270869,12.7211,12.7138,0.0844293,14.1823,15.9373,0.0263173,15.9122,20.0383,0.0082035,17.9198,25.2154,0.00255722,20.2244,31.7373,0.000797017,22.8539,39.9486,0.000248622,25.8438,50.2851,7.75492e-05,29.237,63.2963,2.42508e-05,33.0837,79.6738,7.67162e-06,37.4415,100.288,2.32837e-06,42.3767,126.236,7.33e-07,47.9646,158.896,2.79256e-07,54.2906,200.003,9.87351e-09,61.452,251.741,1.61085e-07,69.5585,316.859,-2.47141e-07,78.7347,398.812,8.93552e-08,89.1218,501.948,-2.53231e-07,100.879,631.736,-1.25047e-07,114.188,795.049,-1.78808e-07,129.252,1000.53,2.6733e-07,146.304,1259.03,4.50292e-07,165.605,1584.19,6.76904e-07,187.452,1993.12,-1.23808e-07,212.181,2507.27,-4.89068e-07,240.173,3153.54,-5.40284e-07,271.856,3965.56,1.86061e-07,307.719,4985.38,4.37004e-07,348.313,6265.4,3.59828e-07,394.26,7870.83,3.98192e-07,446.268,9882.51,-1.92908e-07,505.135,12400.3,-2.20392e-07,571.766,15546.9,1.51705e-07,647.184,19472.2,5.74996e-07,732.547,24357.4,5.39112e-07,829.167,30420,5.07815e-09,938.526,37916.3,-4.11492e-07,1062.3,47143.9,-3.9561e-07,1202.4,58439.2,3.86185e-08,1360.96,72169.3,5.94093e-07,1540.42,88715.8,7.47693e-07,1743.53,108445,1.78537e-07,1973.41,131665,-4.12549e-07,2233.57,158557,-5.37164e-07,2528,189103,-1.17615e-07,2861.2,222986,5.66769e-07,3238.27,259510,9.45053e-07,3664.97,297540,4.25093e-07,4147.81,335497,-3.58506e-07,4694.17,371444,-6.7724e-07,5312.37,403256,1.67192e-07,1.61744,3.89446,9.84394,3.28846,7.5504,12.774,5.07607,11.7187,13.6844,7.03202,16.8147,13.9681,9.20215,23.1769,14.0566,11.6301,31.1672,14.0841,14.3598,41.2186,14.0927,17.4376,53.8688,14.0954,20.9137,69.7915,14.0962,24.8432,89.8341,14.0965,29.2879,115.063,14.0966,34.3168,146.819,14.0966,40.0078,186.792,14.0966,46.4487,237.107,14.0966,53.7388,300.44,14.0966,61.9903,380.158,14.0966,71.3301,480.499,14.0966,81.902,606.796,14.0966,93.8685,765.761,14.0966,107.414,965.837,14.0966,122.746,1217.65,14.0966,140.101,1534.57,14.0966,159.745,1933.41,14.0966,181.981,2435.3,14.0966,207.15,3066.85,14.0966,235.64,3861.46,14.0966,267.889,4861.11,14.0966,304.391,6118.54,14.0966,345.709,7699.91,14.0966,392.478,9688.22,14.0966,445.417,12187.5,14.0966,505.339,15327.7,14.0966,573.165,19271.6,14.0966,649.938,24222,14.0966,736.839,30430.9,14.0966,835.202,38211.5,14.0966,946.539,47950.3,14.0966,1072.56,60122.8,14.0966,1215.21,75309.9,14.0966,1376.66,94216.2,14.0966,1559.41,117688,14.0966,1766.26,146729,14.0966,2000.39,182510,14.0966,2265.39,226372,14.0966,2565.33,279806,14.0966,2904.81,344416,14.0966,3289.05,421845,14.0966,3723.93,513667,14.0966,4216.13,621231,14.0966,4773.18,745478,14.0966,5403.64,886744,14.0966,6117.15,1.04457e+06,14.0966,6924.63,1.2176e+06,14.0966,11.7194,11.96,12.6541,13.9321,16.1295,13.6434,16.6097,21.9702,13.9553,19.7532,29.5285,14.0526,23.3844,39.1143,14.0829,27.5423,51.2054,14.0923,32.2796,66.434,14.0953,37.662,85.6061,14.0962,43.7675,109.74,14.0965,50.687,140.119,14.0966,58.5249,178.359,14.0966,67.4005,226.493,14.0966,77.4493,287.08,14.0966,88.8254,363.343,14.0966,101.703,459.336,14.0966,116.281,580.161,14.0966,132.782,732.241,14.0966,151.46,923.655,14.0966,172.603,1164.57,14.0966,196.535,1467.79,14.0966,223.625,1849.39,14.0966,254.288,2329.62,14.0966,288.997,2933.93,14.0966,328.285,3694.33,14.0966,372.755,4651.04,14.0966,423.092,5854.57,14.0966,480.07,7368.38,14.0966,544.564,9272.08,14.0966,617.566,11665.5,14.0966,700.197,14673.6,14.0966,793.729,18452.9,14.0966,899.599,23198.6,14.0966,1019.43,29154.1,14.0966,1155.07,36622.3,14.0966,1308.6,45977.9,14.0966,1482.39,57683.7,14.0966,1679.09,72307.8,14.0966,1901.73,90542.8,14.0966,2153.73,113226,14.0966,2438.97,141360,14.0966,2761.81,176127,14.0966,3127.22,218898,14.0966,3540.81,271226,14.0966,4008.92,334817,14.0966,4538.74,411470,14.0966,5138.38,502973,14.0966,5817.04,610948,14.0966,6585.12,736653,14.0966,7454.39,880741,14.0966,8438.15,1.04302e+06,14.0966,9551.45,1.22224e+06,14.0966,10811.3,1.41602e+06,14.0966,12237,1.62086e+06,14.0966,11.7194,11.96,12.6541,2.21263,4.16949,0.989383,2.67766,5.84076,0.311842,3.14343,7.55825,0.0972771,3.63127,9.58578,0.0303237,4.15787,12.0912,0.00945211,4.73731,15.2286,0.00294633,5.38238,19.1721,0.000918508,6.10553,24.134,0.000286163,6.91951,30.3791,8.92692e-05,7.83792,38.2397,2.78121e-05,8.87555,48.1338,8.65134e-06,10.0489,60.5876,2.7882e-06,11.3761,76.2629,8.29036e-07,12.8779,95.9927,2.4373e-07,14.5775,120.825,4.33068e-09,16.5012,152.08,1.75749e-07,18.6784,191.415,-1.86328e-07,21.1428,240.917,1.91829e-07,23.9322,303.213,-1.81475e-07,27.0895,381.602,7.0186e-08,30.6634,480.231,-2.86769e-08,34.7087,604.316,2.40784e-07,39.2876,760.401,9.87368e-08,44.4705,956.705,1.22263e-07,50.3371,1203.54,-4.31966e-07,56.9776,1513.81,-1.9705e-07,64.494,1903.69,-2.763e-08,73.0018,2393.4,3.9185e-07,82.6317,3008.13,1.35379e-07,93.5318,3779.25,-4.16351e-08,105.869,4745.7,2.06965e-08,119.834,5955.6,-3.18887e-07,135.641,7468.12,-1.48271e-08,153.531,9355.62,2.00739e-07,173.781,11705.8,2.28358e-07,196.701,14624.1,-1.93587e-08,222.642,18235,-2.88101e-07,252.003,22683.4,-2.24732e-07,285.234,28134,8.56806e-09,322.845,34767,2.34258e-07,365.413,42770.9,2.99668e-07,413.588,52327.9,8.28644e-08,468.111,63591.2,-3.07049e-07,529.814,76653.2,-3.1888e-07,599.642,91502.5,-6.72276e-08,678.662,107975,2.26339e-07,768.083,125705,3.69212e-07,869.267,144088,2.04077e-07,983.76,162277,-2.80509e-07,1113.3,179223,-4.22737e-07,1259.87,193777,-1.71951e-07,1425.68,204839,4.55555e-07,11.7194,11.96,12.6541,2.21263,4.16949,0.989383,2.67766,5.84076,0.311842,3.14343,7.55825,0.0972771,3.63127,9.58578,0.0303237,4.15787,12.0912,0.00945211,4.73731,15.2286,0.00294633,5.38238,19.1721,0.000918508,6.10553,24.134,0.000286163,6.91951,30.3791,8.92692e-05,7.83792,38.2397,2.78121e-05,8.87555,48.1338,8.65134e-06,10.0489,60.5876,2.7882e-06,11.3761,76.2629,8.29036e-07,12.8779,95.9927,2.4373e-07,14.5775,120.825,1e-08,16.5012,152.08,1.75749e-07,18.6784,191.415,1e-08,21.1428,240.917,1.91829e-07,23.9322,303.213,1e-08,27.0895,381.602,7.0186e-08,30.6634,480.231,1e-08,34.7087,604.316,2.40784e-07,39.2876,760.401,9.87368e-08,44.4705,956.705,1.22263e-07,50.3371,1203.54,1e-08,56.9776,1513.81,1e-08,64.494,1903.69,1e-08,73.0018,2393.4,3.9185e-07,82.6317,3008.13,1.35379e-07,93.5318,3779.25,1e-08,105.869,4745.7,2.06965e-08,119.834,5955.6,1e-08,135.641,7468.12,1e-08,153.531,9355.62,2.00739e-07,173.781,11705.8,2.28358e-07,196.701,14624.1,1e-08,222.642,18235,1e-08,252.003,22683.4,1e-08,285.234,28134,1e-08,322.845,34767,2.34258e-07,365.413,42770.9,2.99668e-07,413.588,52327.9,8.28644e-08,468.111,63591.2,1e-08,529.814,76653.2,1e-08,599.642,91502.5,1e-08,678.662,107975,2.26339e-07,768.083,125705,3.69212e-07,869.267,144088,2.04077e-07,983.76,162277,1e-08,1113.3,179223,1e-08,1259.87,193777,1e-08,1425.68,204839,4.55555e-07,6.2823,3.27286,2.43537,0.219672,6.18826,2.24117,0.56371,6.87772,2.63624,0.308279,6,11,5,3,4,0,3,2,0,5,9,1,1,5,0,8,7,0,12,4,0,0,13,0,10,21,0,5,22,0,4,16,0,1,51,0,17,29,0,6,168,0,17,74,0,7,87,0,21,170,0,29,138,0,26,156,0,29,353,0,9,368,0,38,414,0,39,926,0,62,458,0,52,1323,0,41,1566,0,57,1270,0,57,3477,0,51,3483,0,42,2610,0,78,2225,0,159,5344,0,58,5875,0,140,5165,0,161,10065,0,227,7048,0,354,10970,0,102,9933,0,291,7109,0,356,42462,0,372,44556,0,297,26794,0,232,32891,0,344,104379,0,718,74255,0,525,49862,0,365,127943,0,865,132658,0,481,116020,0,1220,186291,0,1182,156868,0,1522,278378,0,1205,254132,0
-1.05176e+08,1,8.88811e-15,10,1023,0,1.05176e+08,0.528882,1.08665,0.389689,0.145397,0.379329,3.24381,0.161596,0.446195,1.77396,0.159177,1.15e+07,4.49998e+06,6.79999e+06,1.15e+07,4.49997e+06,6.79999e+06,1.15e+07,4.49996e+06,6.79999e+06,1.15e+07,4.49995e+06,6.79999e+06,1.14999e+07,4.49993e+06,6.79999e+06,1.14999e+07,4.49991e+06,6.79999e+06,1.14999e+07,4.49989e+06,6.79999e+06,1.14999e+07,4.49986e+06,6.79999e+06,1.14999e+07,4.49982e+06,6.79999e+06,1.14999e+07,4.49977e+06,6.79999e+06,1.14999e+07,4.49971e+06,6.79999e+06,1.14999e+07,4.49963e+06,6.79999e+06,1.14998e+07,4.49953e+06,6.79999e+06,1.14998e+07,4.49941e+06,6.79999e+06,1.14998e+07,4.49926e+06,6.79999e+06,1.14998e+07,4.49906e+06,6.79999e+06,1.14997e+07,4.49882e+06,6.79999e+06,1.14997e+07,4.49851e+06,6.79999e+06,1.14997e+07,4.49812e+06,6.79999e+06,1.14996e+07,4.49764e+06,6.79999e+06,1.14996e+07,4.49702e+06,6.79999e+06,1.14995e+07,4.49625e+06,6.79999e+06,1.14995e+07,4.49528e+06,6.79999e+06,1.14994e+07,4.49406e+06,6.79999e+06,1.14993e+07,4.49253e+06,6.79999e+06,1.14992e+07,4.49059e+06,6.79999e+06,1.14991e+07,4.48817e+06,6.79999e+06,1.1499e+07,4.48511e+06,6.79999e+06,1.14988e+07,4.48128e+06,6.79999e+06,1.14987e+07,4.47646e+06,6.79999e+06,1.14985e+07,4.47041e+06,6.79999e+06,1.14983e+07,4.46281e+06,6.79999e+06,1.14981e+07,4.4533e+06,6.79999e+06,1.14979e+07,4.44138e+06,6.79999e+06,1.14976e+07,4.42649e+06,6.79999e+06,1.14972e+07,4.40789e+06,6.79999e+06,1.14969e+07,4.38471e+06,6.79999e+06,1.14965e+07,4.35592e+06,6.79999e+06,1.1496e+07,4.32027e+06,6.79999e+06,1.14955e+07,4.27629e+06,6.79999e+06,1.14949e+07,4.22231e+06,6.79999e+06,1.14942e+07,4.15647e+06,6.79999e+06,1.14934e+07,4.07676e+06,6.79999e+06,1.14926e+07,3.98112e+06,6.79999e+06,1.14916e+07,3.86765e+06,6.79999e+06,1.14905e+07,3.73474e+06,6.79999e+06,1.14892e+07,3.58148e+06,6.79999e+06,1.14878e+07,3.40785e+06,6.79999e+06,1.14862e+07,3.21513e+06,6.79999e+06,1.14844e+07,3.00605e+06,6.79999e+06,1.14823e+07,2.7848e+06,6.79999e+06,1.148e+07,2.5568e+06,6.79999e+06,1.14773e+07,2.32825e+06,6.79999e+06,13.5742,8.52444,0.508366,16.8306,13.2585,0.162638,20.0035,17.569,0.0507846,23.2616,22.4214,0.0158319,26.7328,28.3297,0.00493498,30.5212,35.6974,0.00153831,34.7178,44.9473,0.000479527,39.4086,56.5822,0.000149456,44.6796,71.2245,4.66214e-05,50.6209,89.6543,1.45419e-05,57.3297,112.852,4.54748e-06,64.9129,142.051,1.43857e-06,73.4897,178.803,4.36618e-07,83.1934,225.062,1.40153e-07,94.1745,283.286,4.96378e-08,106.602,356.568,1.05434e-07,120.669,448.799,-6.49244e-08,136.59,564.873,1.70148e-07,154.611,710.948,-5.34594e-08,175.008,894.767,1.63407e-07,198.097,1126.06,8.04804e-08,224.231,1417.07,1.14667e-07,253.813,1783.15,-1.71227e-07,287.297,2243.62,-2.88466e-07,325.198,2822.67,-4.33651e-07,368.098,3550.67,7.9318e-08,416.657,4465.65,3.13319e-07,471.621,5615.16,3.4613e-07,533.835,7058.61,-1.19199e-07,604.255,8870.02,-2.79964e-07,683.962,11141.4,-2.30521e-07,774.182,13986.7,-2.55099e-07,876.299,17546.4,1.23585e-07,991.883,21993.1,1.41192e-07,1122.71,27536.7,-9.71886e-08,1270.78,34430.7,-3.68368e-07,1438.38,42977.7,-3.45379e-07,1628.07,53532.7,-3.25328e-09,1842.77,66504.6,2.6362e-07,2085.77,82350.2,2.53445e-07,2360.79,101560,-2.47407e-08,2672.05,124632,-3.80602e-07,3024.31,152018,-4.79005e-07,3422.98,184060,-1.14379e-07,3874.15,220884,2.64297e-07,4384.72,262283,3.44131e-07,4962.49,307576,7.5349e-08,5616.29,355497,-3.63097e-07,6356.1,404126,-6.05442e-07,7193.18,450932,-2.72333e-07,8140.28,492963,2.29675e-07,9211.79,527178,4.3387e-07,10424,550893,-1.0711e-07,10.102,8.06553,2.81012,10.6436,8.57909,0.869423,11.5336,10.2515,0.270869,12.7211,12.7138,0.0844293,14.1823,15.9373,0.0263173,15.9122,20.0383,0.0082035,17.9198,25.2154,0.00255722,20.2244,31.7373,0.000797017,22.8539,39.9486,0.000248622,25.8438,50.2851,7.75492e-05,29.237,63.2963,2.42508e-05,33.0837,79.6738,7.67162e-06,37.4415,100.288,2.32837e-06,42.3767,126.236,7.33e-07,47.9646,158.896,2.79256e-07,54.2906,200.003,9.87351e-09,61.452,251.741,1.61085e-07,69.5585,316.859,-2.47141e-07,78.7347,398.812,8.93552e-08,89.1218,501.948,-2.53231e-07,100.879,631.736,-1.25047e-07,114.188,795.049,-1.78808e-07,129.252,1000.53,2.6733e-07,146.304,1259.03,4.50292e-07,165.605,1584.19,6.76904e-07,187.452,1993.12,-1.23808e-07,212.181,2507.27,-4.89068e-07,240.173,3153.54,-5.40284e-07,271.856,3965.56,1.86061e-07,307.719,4985.38,4.37004e-07,348.313,6265.4,3.59828e-07,394.26,7870.83,3.98192e-07,446.268,9882.51,-1.92908e-07,505.135,12400.3,-2.20392e-07,571.766,15546.9,1.51705e-07,647.184,19472.2,5.74996e-07,732.547,24357.4,5.39112e-07,829.167,30420,5.07815e-09,938.526,37916.3,-4.11492e-07,1062.3,47143.9,-3.9561e-07,1202.4,58439.2,3.86185e-08,1360.96,72169.3,5.94093e-07,1540.42,88715.8,7.47693e-07,1743.53,108445,1.78537e-07,1973.41,131665,-4.12549e-07,2233.57,158557,-5.37164e-07,2528,189103,-1.17615e-07,2861.2,222986,5.66769e-07,3238.27,259510,9.45053e-07,3664.97,297540,4.25093e-07,4147.81,335497,-3.58506e-07,4694.17,371444,-6.7724e-07,5312.37,403256,1.67192e-07,1.61744,3.89446,9.84394,3.28846,7.5504,12.774,5.07607,11.7187,13.6844,7.03202,16.8147,13.9681,9.20215,23.1769,14.0566,11.6301,31.1672,14.0841,14.3598,41.2186,14.0927,17.4376,53.8688,14.0954,20.9137,69.7915,14.0962,24.8432,89.8341,14.0965,29.2879,115.063,14.0966,34.3168,146.819,14.0966,40.0078,186.792,14.0966,46.4487,237.107,14.0966,53.7388,300.44,14.0966,61.9903,380.158,14.0966,71.3301,480.499,14.0966,81.902,606.796,14.0966,93.8685,765.761,14.0966,107.414,965.837,14.0966,122.746,1217.65,14.0966,140.101,1534.57,14.0966,159.745,1933.41,14.0966,181.981,2435.3,14.0966,207.15,3066.85,14.0966,235.64,3861.46,14.0966,267.889,4861.11,14.0966,304.391,6118.54,14.0966,345.709,7699.91,14.0966,392.478,9688.22,14.0966,445.417,12187.5,14.0966,505.339,15327.7,14.0966,573.165,19271.6,14.0966,649.938,24222,14.0966,736.839,30430.9,14.0966,835.202,38211.5,14.0966,946.539,47950.3,14.0966,1072.56,60122.8,14.0966,1215.21,75309.9,14.0966,1376.66,94216.2,14.0966,1559.41,117688,14.0966,1766.26,146729,14.0966,2000.39,182510,14.0966,2265.39,226372,14.0966,2565.33,279806,14.0966,2904.81,344416,14.0966,3289.05,421845,14.0966,3723.93,513667,14.0966,4216.13,621231,14.0966,4773.18,745478,14.0966,5403.64,886744,14.0966,6117.15,1.04457e+06,14.0966,6924.63,1.2176e+06,14.0966,11.7194,11.96,12.6541,13.9321,16.1295,13.6434,16.6097,21.9702,13.9553,19.7532,29.5285,14.0526,23.3844,39.1143,14.0829,27.5423,51.2054,14.0923,32.2796,66.434,14.0953,37.662,85.6061,14.0962,43.7675,109.74,14.0965,50.687,140.119,14.0966,58.5249,178.359,14.0966,67.4005,226.493,14.0966,77.4493,287.08,14.0966,88.8254,363.343,14.0966,101.703,459.336,14.0966,116.281,580.161,14.0966,132.782,732.241,14.0966,151.46,923.655,14.0966,172.603,1164.57,14.0966,196.535,1467.79,14.0966,223.625,1849.39,14.0966,254.288,2329.62,14.0966,288.997,2933.93,14.0966,328.285,3694.33,14.0966,372.755,4651.04,14.0966,423.092,5854.57,14.0966,480.07,7368.38,14.0966,544.564,9272.08,14.0966,617.566,11665.5,14.0966,700.197,14673.6,14.0966,793.729,18452.9,14.0966,899.599,23198.6,14.0966,1019.43,29154.1,14.0966,1155.07,36622.3,14.0966,1308.6,45977.9,14.0966,1482.39,57683.7,14.0966,1679.09,72307.8,14.0966,1901.73,90542.8,14.0966,2153.73,113226,14.0966,2438.97,141360,14.0966,2761.81,176127,14.0966,3127.22,218898,14.0966,3540.81,271226,14.0966,4008.92,334817,14.0966,4538.74,411470,14.0966,5138.38,502973,14.0966,5817.04,610948,14.0966,6585.12,736653,14.0966,7454.39,880741,14.0966,8438.15,1.04302e+06,14.0966,9551.45,1.22224e+06,14.0966,10811.3,1.41602e+06,14.0966,12237,1.62086e+06,14.0966,11.7194,11.96,12.6541,2.21263,4.16949,0.989383,2.67766,5.84076,0.311842,3.14343,7.55825,0.0972771,3.63127,9.58578,0.0303237,4.15787,12.0912,0.00945211,4.73731,15.2286,0.00294633,5.38238,19.1721,0.000918508,6.10553,24.134,0.000286163,6.91951,30.3791,8.92692e-05,7.83792,38.2397,2.78121e-05,8.87555,48.1338,8.65134e-06,10.0489,60.5876,2.7882e-06,11.3761,76.2629,8.29036e-07,12.8779,95.9927,2.4373e-07,14.5775,120.825,4.33068e-09,16.5012,152.08,1.75749e-07,18.6784,191.415,-1.86328e-07,21.1428,240.917,1.91829e-07,23.9322,303.213,-1.81475e-07,27.0895,381.602,7.0186e-08,30.6634,480.231,-2.86769e-08,34.7087,604.316,2.40784e-07,39.2876,760.401,9.87368e-08,44.4705,956.705,1.22263e-07,50.3371,1203.54,-4.31966e-07,56.9776,1513.81,-1.9705e-07,64.494,1903.69,-2.763e-08,73.0018,2393.4,3.9185e-07,82.6317,3008.13,1.35379e-07,93.5318,3779.25,-4.16351e-08,105.869,4745.7,2.06965e-08,119.834,5955.6,-3.18887e-07,135.641,7468.12,-1.48271e-08,153.531,9355.62,2.00739e-07,173.781,11705.8,2.28358e-07,196.701,14624.1,-1.93587e-08,222.642,18235,-2.88101e-07,252.003,22683.4,-2.24732e-07,285.234,28134,8.56806e-09,322.845,34767,2.34258e-07,365.413,42770.9,2.99668e-07,413.588,52327.9,8.28644e-08,468.111,63591.2,-3.07049e-07,529.814,76653.2,-3.1888e-07,599.642,91502.5,-6.72276e-08,678.662,107975,2.26339e-07,768.083,125705,3.69212e-07,869.267,144088,2.04077e-07,983.76,162277,-2.80509e-07,1113.3,179223,-4.22737e-07,1259.87,193777,-1.71951e-07,1425.68,204839,4.55555e-07,11.7194,11.96,12.6541,2.21263,4.16949,0.989383,2.67766,5.84076,0.311842,3.14343,7.55825,0.0972771,3.63127,9.58578,0.0303237,4.15787,12.0912,0.00945211,4.73731,15.2286,0.00294633,5.38238,19.1721,0.000918508,6.10553,24.134,0.000286163,6.91951,30.3791,8.92692e-05,7.83792,38.2397,2.78121e-05,8.87555,48.1338,8.65134e-06,10.0489,60.5876,2.7882e-06,11.3761,76.2629,8.29036e-07,12.8779,95.9927,2.4373e-07,14.5775,120.825,1e-08,16.5012,152.08,1.75749e-07,18.6784,191.415,1e-08,21.1428,240.917,1.91829e-07,23.9322,303.213,1e-08,27.0895,381.602,7.0186e-08,30.6634,480.231,1e-08,34.7087,604.316,2.40784e-07,39.2876,760.401,9.87368e-08,44.4705,956.705,1.22263e-07,50.3371,1203.54,1e-08,56.9776,1513.81,1e-08,64.494,1903.69,1e-08,73.0018,2393.4,3.9185e-07,82.6317,3008.13,1.35379e-07,93.5318,3779.25,1e-08,105.869,4745.7,2.06965e-08,119.834,5955.6,1e-08,135.641,7468.12,1e-08,153.531,9355.62,2.00739e-07,173.781,11705.8,2.28358e-07,196.701,14624.1,1e-08,222.642,18235,1e-08,252.003,22683.4,1e-08,285.234,28134,1e-08,322.845,34767,2.34258e-07,365.413,42770.9,2.99668e-07,413.588,52327.9,8.28644e-08,468.111,63591.2,1e-08,529.814,76653.2,1e-08,599.642,91502.5,1e-08,678.662,107975,2.26339e-07,768.083,125705,3.69212e-07,869.267,144088,2.04077e-07,983.76,162277,1e-08,1113.3,179223,1e-08,1259.87,193777,1e-08,1425.68,204839,4.55555e-07,6.2823,3.27286,2.43537,0.219672,6.18826,2.24117,0.56371,6.87772,2.63624,0.308279,29,13,10,1,1,0,2,3,0,3,4,0,2,3,0,5,15,0,2,10,0,6,16,0,6,19,0,5,26,0,7,24,0,7,26,0,10,79,0,15,37,0,13,96,0,20,95,0,13,178,0,15,198,0,17,193,0,8,274,0,14,329,0,30,332,0,26,293,0,24,494,0,37,595,0,36,828,0,84,859,0,55,1194,0,106,2643,0,53,4719,0,92,3201,0,114,4742,0,210,5581,0,116,5026,0,131,9938,0,113,10242,0,333,13476,0,248,23578,0,174,20414,0,166,37134,0,251,42598,0,354,52071,0,120,52792,0,161,66598,0,357,66449,0,541,84639,0,370,59379,0,987,132708,0,316,128469,0,1785,194403,0,821,153463,0,1532,246667,0,1212,118897,0
-1.05176e+08,1,8.88811e-15,10,1023,0,1.05176e+08,0.528882,1.08665,0.389689,0.145397,0.379329,3.24381,0.161596,0.446195,1.77396,0.159177,1.15e+07,4.49998e+06,6.79999e+06,1.15e+07,4.49997e+06,6.79999e+06,1.15e+07,4.49996e+06,6.79999e+06,1.15e+07,4.49995e+06,6.79999e+06,1.14999e+07,4.49993e+06,6.79999e+06,1.14999e+07,4.49991e+06,6.79999e+06,1.14999e+07,4.49989e+06,6.79999e+06,1.14999e+07,4.49986e+06,6.79999e+06,1.14999e+07,4.49982e+06,6.79999e+06,1.14999e+07,4.49977e+06,6.79999e+06,1.14999e+07,4.49971e+06,6.79999e+06,1.14999e+07,4.49963e+06,6.79999e+06,1.14998e+07,4.49953e+06,6.79999e+06,1.14998e+07,4.49941e+06,6.79999e+06,1.14998e+07,4.49926e+06,6.79999e+06,1.14998e+07,4.49906e+06,6.79999e+06,1.14997e+07,4.49882e+06,6.79999e+06,1.14997e+07,4.49851e+06,6.79999e+06,1.14997e+07,4.49812e+06,6.79999e+06,1.14996e+07,4.49764e+06,6.79999e+06,1.14996e+07,4.49702e+06,6.79999e+06,1.14995e+07,4.49625e+06,6.79999e+06,1.14995e+07,4.49528e+06,6.79999e+06,1.14994e+07,4.49406e+06,6.79999e+06,1.14993e+07,4.49253e+06,6.79999e+06,1.14992e+07,4.49059e+06,6.79999e+06,1.14991e+07,4.48817e+06,6.79999e+06,1.1499e+07,4.48511e+06,6.79999e+06,1.14988e+07,4.48128e+06,6.79999e+06,1.14987e+07,4.47646e+06,6.79999e+06,1.14985e+07,4.47041e+06,6.79999e+06,1.14983e+07,4.46281e+06,6.79999e+06,1.14981e+07,4.4533e+06,6.79999e+06,1.14979e+07,4.44138e+06,6.79999e+06,1.14976e+07,4.42649e+06,6.79999e+06,1.14972e+07,4.40789e+06,6.79999e+06,1.14969e+07,4.38471e+06,6.79999e+06,1.14965e+07,4.35592e+06,6.79999e+06,1.1496e+07,4.32027e+06,6.79999e+06,1.14955e+07,4.27629e+06,6.79999e+06,1.14949e+07,4.22231e+06,6.79999e+06,1.14942e+07,4.15647e+06,6.79999e+06,1.14934e+07,4.07676e+06,6.79999e+06,1.14926e+07,3.98112e+06,6.79999e+06,1.14916e+07,3.86765e+06,6.79999e+06,1.14905e+07,3.73474e+06,6.79999e+06,1.14892e+07,3.58148e+06,6.79999e+06,1.14878e+07,3.40785e+06,6.79999e+06,1.14862e+07,3.21513e+06,6.79999e+06,1.14844e+07,3.00605e+06,6.79999e+06,1.14823e+07,2.7848e+06,6.79999e+06,1.148e+07,2.5568e+06,6.79999e+06,1.14773e+07,2.32825e+06,6.79999e+06,13.5742,8.52444,0.508366,16.8306,13.2585,0.162638,20.0035,17.569,0.0507846,23.2616,22.4214,0.0158319,26.7328,28.3297,0.00493498,30.5212,35.6974,0.00153831,34.7178,44.9473,0.000479527,39.4086,56.5822,0.000149456,44.6796,71.2245,4.66214e-05,50.6209,89.6543,1.45419e-05,57.3297,112.852,4.54748e-06,64.9129,142.051,1.43857e-06,73.4897,178.803,4.36618e-07,83.1934,225.062,1.40153e-07,94.1745,283.286,4.96378e-08,106.602,356.568,1.05434e-07,120.669,448.799,-6.49244e-08,136.59,564.873,1.70148e-07,154.611,710.948,-5.34594e-08,175.008,894.767,1.63407e-07,198.097,1126.06,8.04804e-08,224.231,1417.07,1.14667e-07,253.813,1783.15,-1.71227e-07,287.297,2243.62,-2.88466e-07,325.198,2822.67,-4.33651e-07,368.098,3550.67,7.9318e-08,416.657,4465.65,3.13319e-07,471.621,5615.16,3.4613e-07,533.835,7058.61,-1.19199e-07,604.255,8870.02,-2.79964e-07,683.962,11141.4,-2.30521e-07,774.182,13986.7,-2.55099e-07,876.299,17546.4,1.23585e-07,991.883,21993.1,1.41192e-07,1122.71,27536.7,-9.71886e-08,1270.78,34430.7,-3.68368e-07,1438.38,42977.7,-3.45379e-07,1628.07,53532.7,-3.25328e-09,1842.77,66504.6,2.6362e-07,2085.77,82350.2,2.53445e-07,2360.79,101560,-2.47407e-08,2672.05,124632,-3.80602e-07,3024.31,152018,-4.79005e-07,3422.98,184060,-1.14379e-07,3874.15,220884,2.64297e-07,4384.72,262283,3.44131e-07,4962.49,307576,7.5349e-08,5616.29,355497,-3.63097e-07,6356.1,404126,-6.05442e-07,7193.18,450932,-2.72333e-07,8140.28,492963,2.29675e-07,9211.79,527178,4.3387e-07,10424,550893,-1.0711e-07,10.102,8.06553,2.81012,10.6436,8.57909,0.869423,11.5336,10.2515,0.270869,12.7211,12.7138,0.0844293,14.1823,15.9373,0.0263173,15.9122,20.0383,0.0082035,17.9198,25.2154,0.00255722,20.2244,31.7373,0.000797017,22.8539,39.9486,0.000248622,25.8438,50.2851,7.75492e-05,29.237,63.2963,2.42508e-05,33.0837,79.6738,7.67162e-06,37.4415,100.288,2.32837e-06,42.3767,126.236,7.33e-07,47.9646,158.896,2.79256e-07,54.2906,200.003,9.87351e-09,61.452,251.741,1.61085e-07,69.5585,316.859,-2.47141e-07,78.7347,398.812,8.93552e-08,89.1218,501.948,-2.53231e-07,100.879,631.736,-1.25047e-07,114.188,795.049,-1.78808e-07,129.252,1000.53,2.6733e-07,146.304,1259.03,4.50292e-07,165.605,1584.19,6.76904e-07,187.452,1993.12,-1.23808e-07,212.181,2507.27,-4.89068e-07,240.173,3153.54,-5.40284e-07,271.856,3965.56,1.86061e-07,307.719,4985.38,4.37004e-07,348.313,6265.4,3.59828e-07,394.26,7870.83,3.98192e-07,446.268,9882.51,-1.92908e-07,505.135,12400.3,-2.20392e-07,571.766,15546.9,1.51705e-07,647.184,19472.2,5.74996e-07,732.547,24357.4,5.39112e-07,829.167,30420,5.07815e-09,938.526,37916.3,-4.11492e-07,1062.3,47143.9,-3.9561e-07,1202.4,58439.2,3.86185e-08,1360.96,72169.3,5.94093e-07,1540.42,88715.8,7.47693e-07,1743.53,108445,1.78537e-07,1973.41,131665,-4.12549e-07,2233.57,158557,-5.37164e-07,2528,189103,-1.17615e-07,2861.2,222986,5.66769e-07,3238.27,259510,9.45053e-07,3664.97,297540,4.25093e-07,4147.81,335497,-3.58506e-07,4694.17,371444,-6.7724e-07,5312.37,403256,1.67192e-07,1.61744,3.89446,9.84394,3.28846,7.5504,12.774,5.07607,11.7187,13.6844,7.03202,16.8147,13.9681,9.20215,23.1769,14.0566,11.6301,31.1672,14.0841,14.3598,41.2186,14.0927,17.4376,53.8688,14.0954,20.9137,69.7915,14.0962,24.8432,89.8341,14.0965,29.2879,115.063,14.0966,34.3168,146.819,14.0966,40.0078,186.792,14.0966,46.4487,237.107,14.0966,53.7388,300.44,14.0966,61.9903,380.158,14.0966,71.3301,480.499,14.0966,81.902,606.796,14.0966,93.8685,765.761,14.0966,107.414,965.837,14.0966,122.746,1217.65,14.0966,140.101,1534.57,14.0966,159.745,1933.41,14.0966,181.981,2435.3,14.0966,207.15,3066.85,14.0966,235.64,3861.46,14.0966,267.889,4861.11,14.0966,304.391,6118.54,14.0966,345.709,7699.91,14.0966,392.478,9688.22,14.0966,445.417,12187.5,14.0966,505.339,15327.7,14.0966,573.165,19271.6,14.0966,649.938,24222,14.0966,736.839,30430.9,14.0966,835.202,38211.5,14.0966,946.539,47950.3,14.0966,1072.56,60122.8,14.0966,1215.21,75309.9,14.0966,1376.66,94216.2,14.0966,1559.41,117688,14.0966,1766.26,146729,14.0966,2000.39,182510,14.0966,2265.39,226372,14.0966,2565.33,279806,14.0966,2904.81,344416,14.0966,3289.05,421845,14.0966,3723.93,513667,14.0966,4216.13,621231,14.0966,4773.18,745478,14.0966,5403.64,886744,14.0966,6117.15,1.04457e+06,14.0966,6924.63,1.2176e+06,14.0966,11.7194,11.96,12.6541,13.9321,16.1295,13.6434,16.6097,21.9702,13.9553,19.7532,29.5285,14.0526,23.3844,39.1143,14.0829,27.5423,51.2054,14.0923,32.2796,66.434,14.0953,37.662,85.6061,14.0962,43.7675,109.74,14.0965,50.687,140.119,14.0966,58.5249,178.359,14.0966,67.4005,226.493,14.0966,77.4493,287.08,14.0966,88.8254,363.343,14.0966,101.703,459.336,14.0966,116.281,580.161,14.0966,132.782,732.241,14.0966,151.46,923.655,14.0966,172.603,1164.57,14.0966,196.535,1467.79,14.0966,223.625,1849.39,14.0966,254.288,2329.62,14.0966,288.997,2933.93,14.0966,328.285,3694.33,14.0966,372.755,4651.04,14.0966,423.092,5854.57,14.0966,480.07,7368.38,14.0966,544.564,9272.08,14.0966,617.566,11665.5,14.0966,700.197,14673.6,14.0966,793.729,18452.9,14.0966,899.599,23198.6,14.0966,1019.43,29154.1,14.0966,1155.07,36622.3,14.0966,1308.6,45977.9,14.0966,1482.39,57683.7,14.0966,1679.09,72307.8,14.0966,1901.73,90542.8,14.0966,2153.73,113226,14.0966,2438.97,141360,14.0966,2761.81,176127,14.0966,3127.22,218898,14.0966,3540.81,271226,14.0966,4008.92,334817,14.0966,4538.74,411470,14.0966,5138.38,502973,14.0966,5817.04,610948,14.0966,6585.12,736653,14.0966,7454.39,880741,14.0966,8438.15,1.04302e+06,14.0966,9551.45,1.22224e+06,14.0966,10811.3,1.41602e+06,14.0966,12237,1.62086e+06,14.0966,11.7194,11.96,12.6541,2.21263,4.16949,0.989383,2.67766,5.84076,0.311842,3.14343,7.55825,0.0972771,3.63127,9.58578,0.0303237,4.15787,12.0912,0.00945211,4.73731,15.2286,0.00294633,5.38238,19.1721,0.000918508,6.10553,24.134,0.000286163,6.91951,30.3791,8.92692e-05,7.83792,38.2397,2.78121e-05,8.87555,48.1338,8.65134e-06,10.0489,60.5876,2.7882e-06,11.3761,76.2629,8.29036e-07,12.8779,95.9927,2.4373e-07,14.5775,120.825,4.33068e-09,16.5012,152.08,1.75749e-07,18.6784,191.415,-1.86328e-07,21.1428,240.917,1.91829e-07,23.9322,303.213,-1.81475e-07,27.0895,381.602,7.0186e-08,30.6634,480.231,-2.86769e-08,34.7087,604.316,2.40784e-07,39.2876,760.401,9.87368e-08,44.4705,956.705,1.22263e-07,50.3371,1203.54,-4.31966e-07,56.9776,1513.81,-1.9705e-07,64.494,1903.69,-2.763e-08,73.0018,2393.4,3.9185e-07,82.6317,3008.13,1.35379e-07,93.5318,3779.25,-4.16351e-08,105.869,4745.7,2.06965e-08,119.834,5955.6,-3.18887e-07,135.641,7468.12,-1.48271e-08,153.531,9355.62,2.00739e-07,173.781,11705.8,2.28358e-07,196.701,14624.1,-1.93587e-08,222.642,18235,-2.88101e-07,252.003,22683.4,-2.24732e-07,285.234,28134,8.56806e-09,322.845,34767,2.34258e-07,365.413,42770.9,2.99668e-07,413.588,52327.9,8.28644e-08,468.111,63591.2,-3.07049e-07,529.814,76653.2,-3.1888e-07,599.642,91502.5,-6.72276e-08,678.662,107975,2.26339e-07,768.083,125705,3.69212e-07,869.267,144088,2.04077e-07,983.76,162277,-2.80509e-07,1113.3,179223,-4.22737e-07,1259.87,193777,-1.71951e-07,1425.68,204839,4.55555e-07,11.7194,11.96,12.6541,2.21263,4.16949,0.989383,2.67766,5.84076,0.311842,3.14343,7.55825,0.0972771,3.63127,9.58578,0.0303237,4.15787,12.0912,0.00945211,4.73731,15.2286,0.00294633,5.38238,19.1721,0.000918508,6.10553,24.134,0.000286163,6.91951,30.3791,8.92692e-05,7.83792,38.2397,2.78121e-05,8.87555,48.1338,8.65134e-06,10.0489,60.5876,2.7882e-06,11.3761,76.2629,8.29036e-07,12.8779,95.9927,2.4373e-07,14.5775,120.825,1e-08,16.5012,152.08,1.75749e-07,18.6784,191.415,1e-08,21.1428,240.917,1.91829e-07,23.9322,303.213,1e-08,27.0895,381.602,7.0186e-08,30.6634,480.231,1e-08,34.7087,604.316,2.40784e-07,39.2876,760.401,9.87368e-08,44.4705,956.705,1.22263e-07,50.3371,1203.54,1e-08,56.9776,1513.81,1e-08,64.494,1903.69,1e-08,73.0018,2393.4,3.9185e-07,82.6317,3008.13,1.35379e-07,93.5318,3779.25,1e-08,105.869,4745.7,2.06965e-08,119.834,5955.6,1e-08,135.641,7468.12,1e-08,153.531,9355.62,2.00739e-07,173.781,11705.8,2.28358e-07,196.701,14624.1,1e-08,222.642,18235,1e-08,252.003,22683.4,1e-08,285.234,28134,1e-08,322.845,34767,2.34258e-07,365.413,42770.9,2.99668e-07,413.588,52327.9,8.28644e-08,468.111,63591.2,1e-08,529.814,76653.2,1e-08,599.642,91502.5,1e-08,678.662,107975,2.26339e-07,768.083,125705,3.69212e-07,869.267,144088,2.04077e-07,983.76,162277,1e-08,1113.3,179223,1e-08,1259.87,193777,1e-08,1425.68,204839,4.55555e-07,6.2823,3.27286,2.43537,0.219672,6.18826,2.24117,0.56371,6.87772,2.63624,0.308279,6,16,10,4,1,1,1,7,0,3,14,1,9,6,0,5,18,0,10,21,0,3,11,0,6,22,0,8,52,0,8,34,0,13,31,0,6,56,0,16,85,0,8,73,0,23,195,0,15,134,0,33,227,0,32,258,0,17,734,0,5,619,0,27,534,0,39,729,0,66,951,0,10,1198,0,35,1513,0,22,1469,0,42,1534,0,27,1775,0,43,3581,0,74,2996,0,55,1728,0,143,5563,0,74,4442,0,161,7456,0,172,7982,0,165,21847,0,136,19146,0,237,11896,0,233,11687,0,515,18749,0,173,28741,0,686,29433,0,412,52005,0,1017,70212,0,254,100450,0,628,131265,0,599,70910,0,766,133217,0,1094,123593,0,913,178890,0,423,310274,0,1085,63695,0
-1.05176e+08,1,8.88811e-15,10,1023,0,1.05176e+08,0.528882,1.08665,0.389689,0.145397,0.379329,3.24381,0.161596,0.446195,1.77396,0.159177,1.15e+07,4.49998e+06,6.79999e+06,1.15e+07,4.49997e+06,6.79999e+06,1.15e+07,4.49996e+06,6.79999e+06,1.15e+07,4.49995e+06,6.79999e+06,1.14999e+07,4.49993e+06,6.79999e+06,1.14999e+07,4.49991e+06,6.79999e+06,1.14999e+07,4.49989e+06,6.79999e+06,1.14999e+07,4.49986e+06,6.79999e+06,1.14999e+07,4.49982e+06,6.79999e+06,1.14999e+07,4.49977e+06,6.79999e+06,1.14999e+07,4.49971e+06,6.79999e+06,1.14999e+07,4.49963e+06,6.79999e+06,1.14998e+07,4.49953e+06,6.79999e+06,1.14998e+07,4.49941e+06,6.79999e+06,1.14998e+07,4.49926e+06,6.79999e+06,1.14998e+07,4.49906e+06,6.79999e+06,1.14997e+07,4.49882e+06,6.79999e+06,1.14997e+07,4.49851e+06,6.79999e+06,1.14997e+07,4.49812e+06,6.79999e+06,1.14996e+07,4.49764e+06,6.79999e+06,1.14996e+07,4.49702e+06,6.79999e+06,1.14995e+07,4.49625e+06,6.79999e+06,1.14995e+07,4.49528e+06,6.79999e+06,1.14994e+07,4.49406e+06,6.79999e+06,1.14993e+07,4.49253e+06,6.79999e+06,1.14992e+07,4.49059e+06,6.79999e+06,1.14991e+07,4.48817e+06,6.79999e+06,1.1499e+07,4.48511e+06,6.79999e+06,1.14988e+07,4.48128e+06,6.79999e+06,1.14987e+07,4.47646e+06,6.79999e+06,1.14985e+07,4.47041e+06,6.79999e+06,1.14983e+07,4.46281e+06,6.79999e+06,1.14981e+07,4.4533e+06,6.79999e+06,1.14979e+07,4.44138e+06,6.79999e+06,1.14976e+07,4.42649e+06,6.79999e+06,1.14972e+07,4.40789e+06,6.79999e+06,1.14969e+07,4.38471e+06,6.79999e+06,1.14965e+07,4.35592e+06,6.79999e+06,1.1496e+07,4.32027e+06,6.79999e+06,1.14955e+07,4.27629e+06,6.79999e+06,1.14949e+07,4.22231e+06,6.79999e+06,1.14942e+07,4.15647e+06,6.79999e+06,1.14934e+07,4.07676e+06,6.79999e+06,1.14926e+07,3.98112e+06,6.79999e+06,1.14916e+07,3.86765e+06,6.79999e+06,1.14905e+07,3.73474e+06,6.79999e+06,1.14892e+07,3.58148e+06,6.79999e+06,1.14878e+07,3.40785e+06,6.79999e+06,1.14862e+07,3.21513e+06,6.79999e+06,1.14844e+07,3.00605e+06,6.79999e+06,1.14823e+07,2.7848e+06,6.79999e+06,1.148e+07,2.5568e+06,6.79999e+06,1.14773e+07,2.32825e+06,6.79999e+06,13.5742,8.52444,0.508366,16.8306,13.2585,0.162638,20.0035,17.569,0.0507846,23.2616,22.4214,0.0158319,26.7328,28.3297,0.00493498,30.5212,35.6974,0.00153831,34.7178,44.9473,0.000479527,39.4086,56.5822,0.000149456,44.6796,71.2245,4.66214e-05,50.6209,89.6543,1.45419e-05,57.3297,112.852,4.54748e-06,64.9129,142.051,1.43857e-06,73.4897,178.803,4.36618e-07,83.1934,225.062,1.40153e-07,94.1745,283.286,4.96378e-08,106.602,356.568,1.05434e-07,120.669,448.799,-6.49244e-08,136.59,564.873,1.70148e-07,154.611,710.948,-5.34594e-08,175.008,894.767,1.63407e-07,198.097,1126.06,8.04804e-08,224.231,1417.07,1.14667e-07,253.813,1783.15,-1.71227e-07,287.297,2243.62,-2.88466e-07,325.198,2822.67,-4.33651e-07,368.098,3550.67,7.9318e-08,416.657,4465.65,3.13319e-07,471.621,5615.16,3.4613e-07,533.835,7058.61,-1.19199e-07,604.255,8870.02,-2.79964e-07,683.962,11141.4,-2.30521e-07,774.182,13986.7,-2.55099e-07,876.299,17546.4,1.23585e-07,991.883,21993.1,1.41192e-07,1122.71,27536.7,-9.71886e-08,1270.78,34430.7,-3.68368e-07,1438.38,42977.7,-3.45379e-07,1628.07,53532.7,-3.25328e-09,1842.77,66504.6,2.6362e-07,2085.77,82350.2,2.53445e-07,2360.79,101560,-2.47407e-08,2672.05,124632,-3.80602e-07,3024.31,152018,-4.79005e-07,3422.98,184060,-1.14379e-07,3874.15,220884,2.64297e-07,4384.72,262283,3.44131e-07,4962.49,307576,7.5349e-08,5616.29,355497,-3.63097e-07,6356.1,404126,-6.05442e-07,7193.18,450932,-2.72333e-07,8140.28,492963,2.29675e-07,9211.79,527178,4.3387e-07,10424,550893,-1.0711e-07,10.102,8.06553,2.81012,10.6436,8.57909,0.869423,11.5336,10.2515,0.270869,12.7211,12.7138,0.0844293,14.1823,15.9373,0.0263173,15.9122,20.0383,0.0082035,17.9198,25.2154,0.00255722,20.2244,31.7373,0.000797017,22.8539,39.9486,0.000248622,25.8438,50.2851,7.75492e-05,29.237,63.2963,2.42508e-05,33.0837,79.6738,7.67162e-06,37.4415,100.288,2.32837e-06,42.3767,126.236,7.33e-07,47.9646,158.896,2.79256e-07,54.2906,200.003,9.87351e-09,61.452,251.741,1.61085e-07,69.5585,316.859,-2.47141e-07,78.7347,398.812,8.93552e-08,89.1218,501.948,-2.53231e-07,100.879,631.736,-1.25047e-07,114.188,795.049,-1.78808e-07,129.252,1000.53,2.6733e-07,146.304,1259.03,4.50292e-07,165.605,1584.19,6.76904e-07,187.452,1993.12,-1.23808e-07,212.181,2507.27,-4.89068e-07,240.173,3153.54,-5.40284e-07,271.856,3965.56,1.86061e-07,307.719,4985.38,4.37004e-07,348.313,6265.4,3.59828e-07,394.26,7870.83,3.98192e-07,446.268,9882.51,-1.92908e-07,505.135,12400.3,-2.20392e-07,571.766,15546.9,1.51705e-07,647.184,19472.2,5.74996e-07,732.547,24357.4,5.39112e-07,829.167,30420,5.07815e-09,938.526,37916.3,-4.11492e-07,1062.3,47143.9,-3.9561e-07,1202.4,58439.2,3.86185e-08,1360.96,72169.3,5.94093e-07,1540.42,88715.8,7.47693e-07,1743.53,108445,1.78537e-07,1973.41,131665,-4.12549e-07,2233.57,158557,-5.37164e-07,2528,189103,-1.17615e-07,2861.2,222986,5.66769e-07,3238.27,259510,9.45053e-07,3664.97,297540,4.25093e-07,4147.81,335497,-3.58506e-07,4694.17,371444,-6.7724e-07,5312.37,403256,1.67192e-07,1.61744,3.89446,9.84394,3.28846,7.5504,12.774,5.07607,11.7187,13.6844,7.03202,16.8147,13.9681,9.20215,23.1769,14.0566,11.6301,31.1672,14.0841,14.3598,41.2186,14.0927,17.4376,53.8688,14.0954,20.9137,69.7915,14.0962,24.8432,89.8341,14.0965,29.2879,115.063,14.0966,34.3168,146.819,14.0966,40.0078,186.792,14.0966,46.4487,237.107,14.0966,53.7388,300.44,14.0966,61.9903,380.158,14.0966,71.3301,480.499,14.0966,81.902,606.796,14.0966,93.8685,765.761,14.0966,107.414,965.837,14.0966,122.746,1217.65,14.0966,140.101,1534.57,14.0966,159.745,1933.41,14.0966,181.981,2435.3,14.0966,207.15,3066.85,14.0966,235.64,3861.46,14.0966,267.889,4861.11,14.0966,304.391,6118.54,14.0966,345.709,7699.91,14.0966,392.478,9688.22,14.0966,445.417,12187.5,14.0966,505.339,15327.7,14.0966,573.165,19271.6,14.0966,649.938,24222,14.0966,736.839,30430.9,14.0966,835.202,38211.5,14.0966,946.539,47950.3,14.0966,1072.56,60122.8,14.0966,1215.21,75309.9,14.0966,1376.66,94216.2,14.0966,1559.41,117688,14.0966,1766.26,146729,14.0966,2000.39,182510,14.0966,2265.39,226372,14.0966,2565.33,279806,14.0966,2904.81,344416,14.0966,3289.05,421845,14.0966,3723.93,513667,14.0966,4216.13,621231,14.0966,4773.18,745478,14.0966,5403.64,886744,14.0966,6117.15,1.04457e+06,14.0966,6924.63,1.2176e+06,14.0966,11.7194,11.96,12.6541,13.9321,16.1295,13.6434,16.6097,21.9702,13.9553,19.7532,29.5285,14.0526,23.3844,39.1143,14.0829,27.5423,51.2054,14.0923,32.2796,66.434,14.0953,37.662,85.6061,14.0962,43.7675,109.74,14.0965,50.687,140.119,14.0966,58.5249,178.359,14.0966,67.4005,226.493,14.0966,77.4493,287.08,14.0966,88.8254,363.343,14.0966,101.703,459.336,14.0966,116.281,580.161,14.0966,132.782,732.241,14.0966,151.46,923.655,14.0966,172.603,1164.57,14.0966,196.535,1467.79,14.0966,223.625,1849.39,14.0966,254.288,2329.62,14.0966,288.997,2933.93,14.0966,328.285,3694.33,14.0966,372.755,4651.04,14.0966,423.092,5854.57,14.0966,480.07,7368.38,14.0966,544.564,9272.08,14.0966,617.566,11665.5,14.0966,700.197,14673.6,14.0966,793.729,18452.9,14.0966,899.599,23198.6,14.0966,1019.43,29154.1,14.0966,1155.07,36622.3,14.0966,1308.6,45977.9,14.0966,1482.39,57683.7,14.0966,1679.09,72307.8,14.0966,1901.73,90542.8,14.0966,2153.73,113226,14.0966,2438.97,141360,14.0966,2761.81,176127,14.0966,3127.22,218898,14.0966,3540.81,271226,14.0966,4008.92,334817,14.0966,4538.74,411470,14.0966,5138.38,502973,14.0966,5817.04,610948,14.0966,6585.12,736653,14.0966,7454.39,880741,14.0966,8438.15,1.04302e+06,14.0966,9551.45,1.22224e+06,14.0966,10811.3,1.41602e+06,14.0966,12237,1.62086e+06,14.0966,11.7194,11.96,12.6541,2.21263,4.16949,0.989383,2.67766,5.84076,0.311842,3.14343,7.55825,0.0972771,3.63127,9.58578,0.0303237,4.15787,12.0912,0.00945211,4.73731,15.2286,0.00294633,5.38238,19.1721,0.000918508,6.10553,24.134,0.000286163,6.91951,30.3791,8.92692e-05,7.83792,38.2397,2.78121e-05,8.87555,48.1338,8.65134e-06,10.0489,60.5876,2.7882e-06,11.3761,76.2629,8.29036e-07,12.8779,95.9927,2.4373e-07,14.5775,120.825,4.33068e-09,16.5012,152.08,1.75749e-07,18.6784,191.415,-1.86328e-07,21.1428,240.917,1.91829e-07,23.9322,303.213,-1.81475e-07,27.0895,381.602,7.0186e-08,30.6634,480.231,-2.86769e-08,34.7087,604.316,2.40784e-07,39.2876,760.401,9.87368e-08,44.4705,956.705,1.22263e-07,50.3371,1203.54,-4.31966e-07,56.9776,1513.81,-1.9705e-07,64.494,1903.69,-2.763e-08,73.0018,2393.4,3.9185e-07,82.6317,3008.13,1.35379e-07,93.5318,3779.25,-4.16351e-08,105.869,4745.7,2.06965e-08,119.834,5955.6,-3.18887e-07,135.641,7468.12,-1.48271e-08,153.531,9355.62,2.00739e-07,173.781,11705.8,2.28358e-07,196.701,14624.1,-1.93587e-08,222.642,18235,-2.88101e-07,252.003,22683.4,-2.24732e-07,285.234,28134,8.56806e-09,322.845,34767,2.34258e-07,365.413,42770.9,2.99668e-07,413.588,52327.9,8.28644e-08,468.111,63591.2,-3.07049e-07,529.814,76653.2,-3.1888e-07,599.642,91502.5,-6.72276e-08,678.662,107975,2.26339e-07,768.083,125705,3.69212e-07,869.267,144088,2.04077e-07,983.76,162277,-2.80509e-07,1113.3,179223,-4.22737e-07,1259.87,193777,-1.71951e-07,1425.68,204839,4.55555e-07,11.7194,11.96,12.6541,2.21263,4.16949,0.989383,2.67766,5.84076,0.311842,3.14343,7.55825,0.0972771,3.63127,9.58578,0.0303237,4.15787,12.0912,0.00945211,4.73731,15.2286,0.00294633,5.38238,19.1721,0.000918508,6.10553,24.134,0.000286163,6.91951,30.3791,8.92692e-05,7.83792,38.2397,2.78121e-05,8.87555,48.1338,8.65134e-06,10.0489,60.5876,2.7882e-06,11.3761,76.2629,8.29036e-07,12.8779,95.9927,2.4373e-07,14.5775,120.825,1e-08,16.5012,152.08,1.75749e-07,18.6784,191.415,1e-08,21.1428,240.917,1.91829e-07,23.9322,303.213,1e-08,27.0895,381.602,7.0186e-08,30.6634,480.231,1e-08,34.7087,604.316,2.40784e-07,39.2876,760.401,9.87368e-08,44.4705,956.705,1.22263e-07,50.3371,1203.54,1e-08,56.9776,1513.81,1e-08,64.494,1903.69,1e-08,73.0018,2393.4,3.9185e-07,82.6317,3008.13,1.35379e-07,93.5318,3779.25,1e-08,105.869,4745.7,2.06965e-08,119.834,5955.6,1e-08,135.641,7468.12,1e-08,153.531,9355.62,2.00739e-07,173.781,11705.8,2.28358e-07,196.701,14624.1,1e-08,222.642,18235,1e-08,252.003,22683.4,1e-08,285.234,28134,1e-08,322.845,34767,2.34258e-07,365.413,42770.9,2.99668e-07,413.588,52327.9,8.28644e-08,468.111,63591.2,1e-08,529.814,76653.2,1e-08,599.642,91502.5,1e-08,678.662,107975,2.26339e-07,768.083,125705,3.69212e-07,869.267,144088,2.04077e-07,983.76,162277,1e-08,1113.3,179223,1e-08,1259.87,193777,1e-08,1425.68,204839,4.55555e-07,6.2823,3.27286,2.43537,0.219672,6.18826,2.24117,0.56371,6.87772,2.63624,0.308279,16,11,11,2,5,0,1,7,0,2,4,0,4,5,0,4,6,0,5,28,0,5,27,0,7,18,0,18,38,0,2,41,0,4,44,0,3,29,0,6,72,0,7,127,0,12,68,0,5,227,0,9,109,0,8,514,0,16,457,0,30,225,0,38,395,0,66,931,0,19,758,0,48,679,0,57,818,0,63,679,0,66,1627,0,55,1248,0,65,2855,0,64,6290,0,116,4139,0,150,13449,0,142,6396,0,168,14744,0,117,5698,0,184,22586,0,300,17458,0,178,22015,0,269,28689,0,332,29426,0,523,46784,0,523,64742,0,348,80478,0,644,45665,0,622,66051,0,886,118541,0,1005,142603,0,795,176620,0,682,115950,0,2130,163502,0,1820,188491,0,1521,298960,0
-1.05176e+08,1,8.88811e-15,10,1023,0,1.05176e+08,0.528882,1.08665,0.389689,0.145397,0.379329,3.24381,0.161596,0.446195,1.77396,0.159177,1.15e+07,4.49998e+06,6.79999e+06,1.15e+07,4.49997e+06,6.79999e+06,1.15e+07,4.49996e+06,6.79999e+06,1.15e+07,4.49995e+06,6.79999e+06,1.14999e+07,4.49993e+06,6.79999e+06,1.14999e+07,4.49991e+06,6.79999e+06,1.14999e+07,4.49989e+06,6.79999e+06,1.14999e+07,4.49986e+06,6.79999e+06,1.14999e+07,4.49982e+06,6.79999e+06,1.14999e+07,4.49977e+06,6.79999e+06,1.14999e+07,4.49971e+06,6.79999e+06,1.14999e+07,4.49963e+06,6.79999e+06,1.14998e+07,4.49953e+06,6.79999e+06,1.14998e+07,4.49941e+06,6.79999e+06,1.14998e+07,4.49926e+06,6.79999e+06,1.14998e+07,4.49906e+06,6.79999e+06,1.14997e+07,4.49882e+06,6.79999e+06,1.14997e+07,4.49851e+06,6.79999e+06,1.14997e+07,4.49812e+06,6.79999e+06,1.14996e+07,4.49764e+06,6.79999e+06,1.14996e+07,4.49702e+06,6.79999e+06,1.14995e+07,4.49625e+06,6.79999e+06,1.14995e+07,4.49528e+06,6.79999e+06,1.14994e+07,4.49406e+06,6.79999e+06,1.14993e+07,4.49253e+06,6.79999e+06,1.14992e+07,4.49059e+06,6.79999e+06,1.14991e+07,4.48817e+06,6.79999e+06,1.1499e+07,4.48511e+06,6.79999e+06,1.14988e+07,4.48128e+06,6.79999e+06,1.14987e+07,4.47646e+06,6.79999e+06,1.14985e+07,4.47041e+06,6.79999e+06,1.14983e+07,4.46281e+06,6.79999e+06,1.14981e+07,4.4533e+06,6.79999e+06,1.14979e+07,4.44138e+06,6.79999e+06,1.14976e+07,4.42649e+06,6.79999e+06,1.14972e+07,4.40789e+06,6.79999e+06,1.14969e+07,4.38471e+06,6.79999e+06,1.14965e+07,4.35592e+06,6.79999e+06,1.1496e+07,4.32027e+06,6.79999e+06,1.14955e+07,4.27629e+06,6.79999e+06,1.14949e+07,4.22231e+06,6.79999e+06,1.14942e+07,4.15647e+06,6.79999e+06,1.14934e+07,4.07676e+06,6.79999e+06,1.14926e+07,3.98112e+06,6.79999e+06,1.14916e+07,3.86765e+06,6.79999e+06,1.14905e+07,3.73474e+06,6.79999e+06,1.14892e+07,3.58148e+06,6.79999e+06,1.14878e+07,3.40785e+06,6.79999e+06,1.14862e+07,3.21513e+06,6.79999e+06,1.14844e+07,3.00605e+06,6.79999e+06,1.14823e+07,2.7848e+06,6.79999e+06,1.148e+07,2.5568e+06,6.79999e+06,1.14773e+07,2.32825e+06,6.79999e+06,13.5742,8.52444,0.508366,16.8306,13.2585,0.162638,20.0035,17.569,0.0507846,23.2616,22.4214,0.0158319,26.7328,28.3297,0.00493498,30.5212,35.6974,0.00153831,34.7178,44.9473,0.000479527,39.4086,56.5822,0.000149456,44.6796,71.2245,4.66214e-05,50.6209,89.6543,1.45419e-05,57.3297,112.852,4.54748e-06,64.9129,142.051,1.43857e-06,73.4897,178.803,4.36618e-07,83.1934,225.062,1.40153e-07,94.1745,283.286,4.96378e-08,106.602,356.568,1.05434e-07,120.669,448.799,-6.49244e-08,136.59,564.873,1.70148e-07,154.611,710.948,-5.34594e-08,175.008,894.767,1.63407e-07,198.097,1126.06,8.04804e-08,224.231,1417.07,1.14667e-07,253.813,1783.15,-1.71227e-07,287.297,2243.62,-2.88466e-07,325.198,2822.67,-4.33651e-07,368.098,3550.67,7.9318e-08,416.657,4465.65,3.13319e-07,471.621,5615.16,3.4613e-07,533.835,7058.61,-1.19199e-07,604.255,8870.02,-2.79964e-07,683.962,11141.4,-2.30521e-07,774.182,13986.7,-2.55099e-07,876.299,17546.4,1.23585e-07,991.883,21993.1,1.41192e-07,1122.71,27536.7,-9.71886e-08,1270.78,34430.7,-3.68368e-07,1438.38,42977.7,-3.45379e-07,1628.07,53532.7,-3.25328e-09,1842.77,66504.6,2.6362e-07,2085.77,82350.2,2.53445e-07,2360.79,101560,-2.47407e-08,2672.05,124632,-3.80602e-07,3024.31,152018,-4.79005e-07,3422.98,184060,-1.14379e-07,3874.15,220884,2.64297e-07,4384.72,262283,3.44131e-07,4962.49,307576,7.5349e-08,5616.29,355497,-3.63097e-07,6356.1,404126,-6.05442e-07,7193.18,450932,-2.72333e-07,8140.28,492963,2.29675e-07,9211.79,527178,4.3387e-07,10424,550893,-1.0711e-07,10.102,8.06553,2.81012,10.6436,8.57909,0.869423,11.5336,10.2515,0.270869,12.7211,12.7138,0.0844293,14.1823,15.9373,0.0263173,15.9122,20.0383,0.0082035,17.9198,25.2154,0.00255722,20.2244,31.7373,0.000797017,22.8539,39.9486,0.000248622,25.8438,50.2851,7.75492e-05,29.237,63.2963,2.42508e-05,33.0837,79.6738,7.67162e-06,37.4415,100.288,2.32837e-06,42.3767,126.236,7.33e-07,47.9646,158.896,2.79256e-07,54.2906,200.003,9.87351e-09,61.452,251.741,1.61085e-07,69.5585,316.859,-2.47141e-07,78.7347,398.812,8.93552e-08,89.1218,501.948,-2.53231e-07,100.879,631.736,-1.25047e-07,114.188,795.049,-1.78808e-07,129.252,1000.53,2.6733e-07,146.304,1259.03,4.50292e-07,165.605,1584.19,6.76904e-07,187.452,1993.12,-1.23808e-07,212.181,2507.27,-4.89068e-07,240.173,3153.54,-5.40284e-07,271.856,3965.56,1.86061e-07,307.719,4985.38,4.37004e-07,348.313,6265.4,3.59828e-07,394.26,7870.83,3.98192e-07,446.268,9882.51,-1.92908e-07,505.135,12400.3,-2.20392e-07,571.766,15546.9,1.51705e-07,647.184,19472.2,5.74996e-07,732.547,24357.4,5.39112e-07,829.167,30420,5.07815e-09,938.526,37916.3,-4.11492e-07,1062.3,47143.9,-3.9561e-07,1202.4,58439.2,3.86185e-08,1360.96,72169.3,5.94093e-07,1540.42,88715.8,7.47693e-07,1743.53,108445,1.78537e-07,1973.41,131665,-4.12549e-07,2233.57,158557,-5.37164e-07,2528,189103,-1.17615e-07,2861.2,222986,5.66769e-07,3238.27,259510,9.45053e-07,3664.97,297540,4.25093e-07,4147.81,335497,-3.58506e-07,4694.17,371444,-6.7724e-07,5312.37,403256,1.67192e-07,1.61744,3.89446,9.84394,3.28846,7.5504,12.774,5.07607,11.7187,13.6844,7.03202,16.8147,13.9681,9.20215,23.1769,14.0566,11.6301,31.1672,14.0841,14.3598,41.2186,14.0927,17.4376,53.8688,14.0954,20.9137,69.7915,14.0962,24.8432,89.8341,14.0965,29.2879,115.063,14.0966,34.3168,146.819,14.0966,40.0078,186.792,14.0966,46.4487,237.107,14.0966,53.7388,300.44,14.0966,61.9903,380.158,14.0966,71.3301,480.499,14.0966,81.902,606.796,14.0966,93.8685,765.761,14.0966,107.414,965.837,14.0966,122.746,1217.65,14.0966,140.101,1534.57,14.0966,159.745,1933.41,14.0966,181.981,2435.3,14.0966,207.15,3066.85,14.0966,235.64,3861.46,14.0966,267.889,4861.11,14.0966,304.391,6118.54,14.0966,345.709,7699.91,14.0966,392.478,9688.22,14.0966,445.417,12187.5,14.0966,505.339,15327.7,14.0966,573.165,19271.6,14.0966,649.938,24222,14.0966,736.839,30430.9,14.0966,835.202,38211.5,14.0966,946.539,47950.3,14.0966,1072.56,60122.8,14.0966,1215.21,75309.9,14.0966,1376.66,94216.2,14.0966,1559.41,117688,14.0966,1766.26,146729,14.0966,2000.39,182510,14.0966,2265.39,226372,14.0966,2565.33,279806,14.0966,2904.81,344416,14.0966,3289.05,421845,14.0966,3723.93,513667,14.0966,4216.13,621231,14.0966,4773.18,745478,14.0966,5403.64,886744,14.0966,6117.15,1.04457e+06,14.0966,6924.63,1.2176e+06,14.0966,11.7194,11.96,12.6541,13.9321,16.1295,13.6434,16.6097,21.9702,13.9553,19.7532,29.5285,14.0526,23.3844,39.1143,14.0829,27.5423,51.2054,14.0923,32.2796,66.434,14.0953,37.662,85.6061,14.0962,43.7675,109.74,14.0965,50.687,140.119,14.0966,58.5249,178.359,14.0966,67.4005,226.493,14.0966,77.4493,287.08,14.0966,88.8254,363.343,14.0966,101.703,459.336,14.0966,116.281,580.161,14.0966,132.782,732.241,14.0966,151.46,923.655,14.0966,172.603,1164.57,14.0966,196.535,1467.79,14.0966,223.625,1849.39,14.0966,254.288,2329.62,14.0966,288.997,2933.93,14.0966,328.285,3694.33,14.0966,372.755,4651.04,14.0966,423.092,5854.57,14.0966,480.07,7368.38,14.0966,544.564,9272.08,14.0966,617.566,11665.5,14.0966,700.197,14673.6,14.0966,793.729,18452.9,14.0966,899.599,23198.6,14.0966,1019.43,29154.1,14.0966,1155.07,36622.3,14.0966,1308.6,45977.9,14.0966,1482.39,57683.7,14.0966,1679.09,72307.8,14.0966,1901.73,90542.8,14.0966,2153.73,113226,14.0966,2438.97,141360,14.0966,2761.81,176127,14.0966,3127.22,218898,14.0966,3540.81,271226,14.0966,4008.92,334817,14.0966,4538.74,411470,14.0966,5138.38,502973,14.0966,5817.04,610948,14.0966,6585.12,736653,14.0966,7454.39,880741,14.0966,8438.15,1.04302e+06,14.0966,9551.45,1.22224e+06,14.0966,10811.3,1.41602e+06,14.0966,12237,1.62086e+06,14.0966,11.7194,11.96,12.6541,2.21263,4.16949,0.989383,2.67766,5.84076,0.311842,3.14343,7.55825,0.0972771,3.63127,9.58578,0.0303237,4.15787,12.0912,0.00945211,4.73731,15.2286,0.00294633,5.38238,19.1721,0.000918508,6.10553,24.134,0.000286163,6.91951,30.3791,8.92692e-05,7.83792,38.2397,2.78121e-05,8.87555,48.1338,8.65134e-06,10.0489,60.5876,2.7882e-06,11.3761,76.2629,8.29036e-07,12.8779,95.9927,2.4373e-07,14.5775,120.825,4.33068e-09,16.5012,152.08,1.75749e-07,18.6784,191.415,-1.86328e-07,21.1428,240.917,1.91829e-07,23.9322,303.213,-1.81475e-07,27.0895,381.602,7.0186e-08,30.6634,480.231,-2.86769e-08,34.7087,604.316,2.40784e-07,39.2876,760.401,9.87368e-08,44.4705,956.705,1.22263e-07,50.3371,1203.54,-4.31966e-07,56.9776,1513.81,-1.9705e-07,64.494,1903.69,-2.763e-08,73.0018,2393.4,3.9185e-07,82.6317,3008.13,1.35379e-07,93.5318,3779.25,-4.16351e-08,105.869,4745.7,2.06965e-08,119.834,5955.6,-3.18887e-07,135.641,7468.12,-1.48271e-08,153.531,9355.62,2.00739e-07,173.781,11705.8,2.28358e-07,196.701,14624.1,-1.93587e-08,222.642,18235,-2.88101e-07,252.003,22683.4,-2.24732e-07,285.234,28134,8.56806e-09,322.845,34767,2.34258e-07,365.413,42770.9,2.99668e-07,413.588,52327.9,8.28644e-08,468.111,63591.2,-3.07049e-07,529.814,76653.2,-3.1888e-07,599.642,91502.5,-6.72276e-08,678.662,107975,2.26339e-07,768.083,125705,3.69212e-07,869.267,144088,2.04077e-07,983.76,162277,-2.80509e-07,1113.3,179223,-4.22737e-07,1259.87,193777,-1.71951e-07,1425.68,204839,4.55555e-07,11.7194,11.96,12.6541,2.21263,4.16949,0.989383,2.67766,5.84076,0.311842,3.14343,7.55825,0.0972771,3.63127,9.58578,0.0303237,4.15787,12.0912,0.00945211,4.73731,15.2286,0.00294633,5.38238,19.1721,0.000918508,6.10553,24.134,0.000286163,6.91951,30.3791,8.92692e-05,7.83792,38.2397,2.78121e-05,8.87555,48.1338,8.65134e-06,10.0489,60.5876,2.7882e-06,11.3761,76.2629,8.29036e-07,12.8779,95.9927,2.4373e-07,14.5775,120.825,1e-08,16.5012,152.08,1.75749e-07,18.6784,191.415,1e-08,21.1428,240.917,1.91829e-07,23.9322,303.213,1e-08,27.0895,381.602,7.0186e-08,30.6634,480.231,1e-08,34.7087,604.316,2.40784e-07,39.2876,760.401,9.87368e-08,44.4705,956.705,1.22263e-07,50.3371,1203.54,1e-08,56.9776,1513.81,1e-08,64.494,1903.69,1e-08,73.0018,2393.4,3.9185e-07,82.6317,3008.13,1.35379e-07,93.5318,3779.25,1e-08,105.869,4745.7,2.06965e-08,119.834,5955.6,1e-08,135.641,7468.12,1e-08,153.531,9355.62,2.00739e-07,173.781,11705.8,2.28358e-07,196.701,14624.1,1e-08,222.642,18235,1e-08,252.003,22683.4,1e-08,285.234,28134,1e-08,322.845,34767,2.34258e-07,365.413,42770.9,2.99668e-07,413.588,52327.9,8.28644e-08,468.111,63591.2,1e-08,529.814,76653.2,1e-08,599.642,91502.5,1e-08,678.662,107975,2.26339e-07,768.083,125705,3.69212e-07,869.267,144088,2.04077e-07,983.76,162277,1e-08,1113.3,179223,1e-08,1259.87,193777,1e-08,1425.68,204839,4.55555e-07,6.2823,3.27286,2.43537,0.219672,6.18826,2.24117,0.56371,6.87772,2.63624,0.308279,3,16,8,1,3,1,2,4,1,1,3,0,8,12,0,4,10,0,7,11,0,4,33,0,3,33,0,8,17,0,10,29,0,10,23,0,13,31,0,9,98,0,16,128,0,40,43,0,15,57,0,16,159,0,24,202,0,43,250,0,21,348,0,18,348,0,19,462,0,43,672,0,43,659,0,60,1804,0,48,2081,0,36,1158,0,70,2163,0,110,1690,0,70,5592,0,118,3509,0,97,9133,0,85,9508,0,134,11544,0,151,16597,0,289,13003,0,205,16315,0,424,13280,0,230,30486,0,543,39801,0,353,39096,0,282,67683,0,524,69930,0,682,53717,0,530,75185,0,857,65379,0,1062,184849,0,1430,85358,0,748,187161,0,1067,179824,0,1293,227913,0,1041,316832,0
-1.05176e+08,1,8.88811e-15,10,1023,0,1.05176e+08,0.528882,1.08665,0.389689,0.145397,0.379329,3.24381,0.161596,0.446195,1.77396,0.159177,1.15e+07,4.49998e+06,6.79999e+06,1.15e+07,4.49997e+06,6.79999e+06,1.15e+07,4.49996e+06,6.79999e+06,1.15e+07,4.49995e+06,6.79999e+06,1.14999e+07,4.49993e+06,6.79999e+06,1.14999e+07,4.49991e+06,6.79999e+06,1.14999e+07,4.49989e+06,6.79999e+06,1.14999e+07,4.49986e+06,6.79999e+06,1.14999e+07,4.49982e+06,6.79999e+06,1.14999e+07,4.49977e+06,6.79999e+06,1.14999e+07,4.49971e+06,6.79999e+06,1.14999e+07,4.49963e+06,6.79999e+06,1.14998e+07,4.49953e+06,6.79999e+06,1.14998e+07,4.49941e+06,6.79999e+06,1.14998e+07,4.49926e+06,6.79999e+06,1.14998e+07,4.49906e+06,6.79999e+06,1.14997e+07,4.49882e+06,6.79999e+06,1.14997e+07,4.49851e+06,6.79999e+06,1.14997e+07,4.49812e+06,6.79999e+06,1.14996e+07,4.49764e+06,6.79999e+06,1.14996e+07,4.49702e+06,6.79999e+06,1.14995e+07,4.49625e+06,6.79999e+06,1.14995e+07,4.49528e+06,6.79999e+06,1.14994e+07,4.49406e+06,6.79999e+06,1.14993e+07,4.49253e+06,6.79999e+06,1.14992e+07,4.49059e+06,6.79999e+06,1.14991e+07,4.48817e+06,6.79999e+06,1.1499e+07,4.48511e+06,6.79999e+06,1.14988e+07,4.48128e+06,6.79999e+06,1.14987e+07,4.47646e+06,6.79999e+06,1.14985e+07,4.47041e+06,6.79999e+06,1.14983e+07,4.46281e+06,6.79999e+06,1.14981e+07,4.4533e+06,6.79999e+06,1.14979e+07,4.44138e+06,6.79999e+06,1.14976e+07,4.42649e+06,6.79999e+06,1.14972e+07,4.40789e+06,6.79999e+06,1.14969e+07,4.38471e+06,6.79999e+06,1.14965e+07,4.35592e+06,6.79999e+06,1.1496e+07,4.32027e+06,6.79999e+06,1.14955e+07,4.27629e+06,6.79999e+06,1.14949e+07,4.22231e+06,6.79999e+06,1.14942e+07,4.15647e+06,6.79999e+06,1.14934e+07,4.07676e+06,6.79999e+06,1.14926e+07,3.98112e+06,6.79999e+06,1.14916e+07,3.86765e+06,6.79999e+06,1.14905e+07,3.73474e+06,6.79999e+06,1.14892e+07,3.58148e+06,6.79999e+06,1.14878e+07,3.40785e+06,6.79999e+06,1.14862e+07,3.21513e+06,6.79999e+06,1.14844e+07,3.00605e+06,6.79999e+06,1.14823e+07,2.7848e+06,6.79999e+06,1.148e+07,2.5568e+06,6.79999e+06,1.14773e+07,2.32825e+06,6.79999e+06,13.5742,8.52444,0.508366,16.8306,13.2585,0.162638,20.0035,17.569,0.0507846,23.2616,22.4214,0.0158319,26.7328,28.3297,0.00493498,30.5212,35.6974,0.00153831,34.7178,44.9473,0.000479527,39.4086,56.5822,0.000149456,44.6796,71.2245,4.66214e-05,50.6209,89.6543,1.45419e-05,57.3297,112.852,4.54748e-06,64.9129,142.051,1.43857e-06,73.4897,178.803,4.36618e-07,83.1934,225.062,1.40153e-07,94.1745,283.286,4.96378e-08,106.602,356.568,1.05434e-07,120.669,448.799,-6.49244e-08,136.59,564.873,1.70148e-07,154.611,710.948,-5.34594e-08,175.008,894.767,1.63407e-07,198.097,1126.06,8.04804e-08,224.231,1417.07,1.14667e-07,253.813,1783.15,-1.71227e-07,287.297,2243.62,-2.88466e-07,325.198,2822.67,-4.33651e-07,368.098,3550.67,7.9318e-08,416.657,4465.65,3.13319e-07,471.621,5615.16,3.4613e-07,533.835,7058.61,-1.19199e-07,604.255,8870.02,-2.79964e-07,683.962,11141.4,-2.30521e-07,774.182,13986.7,-2.55099e-07,876.299,17546.4,1.23585e-07,991.883,21993.1,1.41192e-07,1122.71,27536.7,-9.71886e-08,1270.78,34430.7,-3.68368e-07,1438.38,42977.7,-3.45379e-07,1628.07,53532.7,-3.25328e-09,1842.77,66504.6,2.6362e-07,2085.77,82350.2,2.53445e-07,2360.79,101560,-2.47407e-08,2672.05,124632,-3.80602e-07,3024.31,152018,-4.79005e-07,3422.98,184060,-1.14379e-07,3874.15,220884,2.64297e-07,4384.72,262283,3.44131e-07,4962.49,307576,7.5349e-08,5616.29,355497,-3.63097e-07,6356.1,404126,-6.05442e-07,7193.18,450932,-2.72333e-07,8140.28,492963,2.29675e-07,9211.79,527178,4.3387e-07,10424,550893,-1.0711e-07,10.102,8.06553,2.81012,10.6436,8.57909,0.869423,11.5336,10.2515,0.270869,12.7211,12.7138,0.0844293,14.1823,15.9373,0.0263173,15.9122,20.0383,0.0082035,17.9198,25.2154,0.00255722,20.2244,31.7373,0.000797017,22.8539,39.9486,0.000248622,25.8438,50.2851,7.75492e-05,29.237,63.2963,2.42508e-05,33.0837,79.6738,7.67162e-06,37.4415,100.288,2.32837e-06,42.3767,126.236,7.33e-07,47.9646,158.896,2.79256e-07,54.2906,200.003,9.87351e-09,61.452,251.741,1.61085e-07,69.5585,316.859,-2.47141e-07,78.7347,398.812,8.93552e-08,89.1218,501.948,-2.53231e-07,100.879,631.736,-1.25047e-07,114.188,795.049,-1.78808e-07,129.252,1000.53,2.6733e-07,146.304,1259.03,4.50292e-07,165.605,1584.19,6.76904e-07,187.452,1993.12,-1.23808e-07,212.181,2507.27,-4.89068e-07,240.173,3153.54,-5.40284e-07,271.856,3965.56,1.86061e-07,307.719,4985.38,4.37004e-07,348.313,6265.4,3.59828e-07,394.26,7870.83,3.98192e-07,446.268,9882.51,-1.92908e-07,505.135,12400.3,-2.20392e-07,571.766,15546.9,1.51705e-07,647.184,19472.2,5.74996e-07,732.547,24357.4,5.39112e-07,829.167,30420,5.07815e-09,938.526,37916.3,-4.11492e-07,1062.3,47143.9,-3.9561e-07,1202.4,58439.2,3.86185e-08,1360.96,72169.3,5.94093e-07,1540.42,88715.8,7.47693e-07,1743.53,108445,1.78537e-07,1973.41,131665,-4.12549e-07,2233.57,158557,-5.37164e-07,2528,189103,-1.17615e-07,2861.2,222986,5.66769e-07,3238.27,259510,9.45053e-07,3664.97,297540,4.25093e-07,4147.81,335497,-3.58506e-07,4694.17,371444,-6.7724e-07,5312.37,403256,1.67192e-07,1.61744,3.89446,9.84394,3.28846,7.5504,12.774,5.07607,11.7187,13.6844,7.03202,16.8147,13.9681,9.20215,23.1769,14.0566,11.6301,31.1672,14.0841,14.3598,41.2186,14.0927,17.4376,53.8688,14.0954,20.9137,69.7915,14.0962,24.8432,89.8341,14.0965,29.2879,115.063,14.0966,34.3168,146.819,14.0966,40.0078,186.792,14.0966,46.4487,237.107,14.0966,53.7388,300.44,14.0966,61.9903,380.158,14.0966,71.3301,480.499,14.0966,81.902,606.796,14.0966,93.8685,765.761,14.0966,107.414,965.837,14.0966,122.746,1217.65,14.0966,140.101,1534.57,14.0966,159.745,1933.41,14.0966,181.981,2435.3,14.0966,207.15,3066.85,14.0966,235.64,3861.46,14.0966,267.889,4861.11,14.0966,304.391,6118.54,14.0966,345.709,7699.91,14.0966,392.478,9688.22,14.0966,445.417,12187.5,14.0966,505.339,15327.7,14.0966,573.165,19271.6,14.0966,649.938,24222,14.0966,736.839,30430.9,14.0966,835.202,38211.5,14.0966,946.539,47950.3,14.0966,1072.56,60122.8,14.0966,1215.21,75309.9,14.0966,1376.66,94216.2,14.0966,1559.41,117688,14.0966,1766.26,146729,14.0966,2000.39,182510,14.0966,2265.39,226372,14.0966,2565.33,279806,14.0966,2904.81,344416,14.0966,3289.05,421845,14.0966,3723.93,513667,14.0966,4216.13,621231,14.0966,4773.18,745478,14.0966,5403.64,886744,14.0966,6117.15,1.04457e+06,14.0966,6924.63,1.2176e+06,14.0966,11.7194,11.96,12.6541,13.9321,16.1295,13.6434,16.6097,21.9702,13.9553,19.7532,29.5285,14.0526,23.3844,39.1143,14.0829,27.5423,51.2054,14.0923,32.2796,66.434,14.0953,37.662,85.6061,14.0962,43.7675,109.74,14.0965,50.687,140.119,14.0966,58.5249,178.359,14.0966,67.4005,226.493,14.0966,77.4493,287.08,14.0966,88.8254,363.343,14.0966,101.703,459.336,14.0966,116.281,580.161,14.0966,132.782,732.241,14.0966,151.46,923.655,14.0966,172.603,1164.57,14.0966,196.535,1467.79,14.0966,223.625,1849.39,14.0966,254.288,2329.62,14.0966,288.997,2933.93,14.0966,328.285,3694.33,14.0966,372.755,4651.04,14.0966,423.092,5854.57,14.0966,480.07,7368.38,14.0966,544.564,9272.08,14.0966,617.566,11665.5,14.0966,700.197,14673.6,14.0966,793.729,18452.9,14.0966,899.599,23198.6,14.0966,1019.43,29154.1,14.0966,1155.07,36622.3,14.0966,1308.6,45977.9,14.0966,1482.39,57683.7,14.0966,1679.09,72307.8,14.0966,1901.73,90542.8,14.0966,2153.73,113226,14.0966,2438.97,141360,14.0966,2761.81,176127,14.0966,3127.22,218898,14.0966,3540.81,271226,14.0966,4008.92,334817,14.0966,4538.74,411470,14.0966,5138.38,502973,14.0966,5817.04,610948,14.0966,6585.12,736653,14.0966,7454.39,880741,14.0966,8438.15,1.04302e+06,14.0966,9551.45,1.22224e+06,14.0966,10811.3,1.41602e+06,14.0966,12237,1.62086e+06,14.0966,11.7194,11.96,12.6541,2.21263,4.16949,0.989383,2.67766,5.84076,0.311842,3.14343,7.55825,0.0972771,3.63127,9.58578,0.0303237,4.15787,12.0912,0.00945211,4.73731,15.2286,0.00294633,5.38238,19.1721,0.000918508,6.10553,24.134,0.000286163,6.91951,30.3791,8.92692e-05,7.83792,38.2397,2.78121e-05,8.87555,48.1338,8.65134e-06,10.0489,60.5876,2.7882e-06,11.3761,76.2629,8.29036e-07,12.8779,95.9927,2.4373e-07,14.5775,120.825,4.33068e-09,16.5012,152.08,1.75749e-07,18.6784,191.415,-1.86328e-07,21.1428,240.917,1.91829e-07,23.9322,303.213,-1.81475e-07,27.0895,381.602,7.0186e-08,30.6634,480.231,-2.86769e-08,34.7087,604.316,2.40784e-07,39.2876,760.401,9.87368e-08,44.4705,956.705,1.22263e-07,50.3371,1203.54,-4.31966e-07,56.9776,1513.81,-1.9705e-07,64.494,1903.69,-2.763e-08,73.0018,2393.4,3.9185e-07,82.6317,3008.13,1.35379e-07,93.5318,3779.25,-4.16351e-08,105.869,4745.7,2.06965e-08,119.834,5955.6,-3.18887e-07,135.641,7468.12,-1.48271e-08,153.531,9355.62,2.00739e-07,173.781,11705.8,2.28358e-07,196.701,14624.1,-1.93587e-08,222.642,18235,-2.88101e-07,252.003,22683.4,-2.24732e-07,285.234,28134,8.56806e-09,322.845,34767,2.34258e-07,365.413,42770.9,2.99668e-07,413.588,52327.9,8.28644e-08,468.111,63591.2,-3.07049e-07,529.814,76653.2,-3.1888e-07,599.642,91502.5,-6.72276e-08,678.662,107975,2.26339e-07,768.083,125705,3.69212e-07,869.267,144088,2.04077e-07,983.76,162277,-2.80509e-07,1113.3,179223,-4.22737e-07,1259.87,193777,-1.71951e-07,1425.68,204839,4.55555e-07,11.7194,11.96,12.6541,2.21263,4.16949,0.989383,2.67766,5.84076,0.311842,3.14343,7.55825,0.0972771,3.63127,9.58578,0.0303237,4.15787,12.0912,0.00945211,4.73731,15.2286,0.00294633,5.38238,19.1721,0.000918508,6.10553,24.134,0.000286163,6.91951,30.3791,8.92692e-05,7.83792,38.2397,2.78121e-05,8.87555,48.1338,8.65134e-06,10.0489,60.5876,2.7882e-06,11.3761,76.2629,8.29036e-07,12.8779,95.9927,2.4373e-07,14.5775,120.825,1e-08,16.5012,152.08,1.75749e-07,18.6784,191.415,1e-08,21.1428,240.917,1.91829e-07,23.9322,303.213,1e-08,27.0895,381.602,7.0186e-08,30.6634,480.231,1e-08,34.7087,604.316,2.40784e-07,39.2876,760.401,9.87368e-08,44.4705,956.705,1.22263e-07,50.3371,1203.54,1e-08,56.9776,1513.81,1e-08,64.494,1903.69,1e-08,73.0018,2393.4,3.9185e-07,82.6317,3008.13,1.35379e-07,93.5318,3779.25,1e-08,105.869,4745.7,2.06965e-08,119.834,5955.6,1e-08,135.641,7468.12,1e-08,153.531,9355.62,2.00739e-07,173.781,11705.8,2.28358e-07,196.701,14624.1,1e-08,222.642,18235,1e-08,252.003,22683.4,1e-08,285.234,28134,1e-08,322.845,34767,2.34258e-07,365.413,42770.9,2.99668e-07,413.588,52327.9,8.28644e-08,468.111,63591.2,1e-08,529.814,76653.2,1e-08,599.642,91502.5,1e-08,678.662,107975,2.26339e-07,768.083,125705,3.69212e-07,869.267,144088,2.04077e-07,983.76,162277,1e-08,1113.3,179223,1e-08,1259.87,193777,1e-08,1425.68,204839,4.55555e-07,6.2823,3.27286,2.43537,0.219672,6.18826,2.24117,0.56371,6.87772,2.63624,0.308279,8,14,19,3,6,2,4,6,0,3,7,0,6,7,0,7,10,0,0,35,0,7,15,0,6,38,0,10,14,0,13,44,0,5,81,0,5,27,0,21,128,0,8,152,0,16,134,0,15,101,0,27,231,0,8,246,0,28,257,0,32,356,0,28,599,0,17,585,0,25,631,0,80,933,0,51,2087,0,70,2180,0,61,1715,0,62,2290,0,55,887,0,27,4077,0,60,5964,0,101,5884,0,62,10769,0,225,8091,0,107,16175,0,181,15134,0,142,6178,0,217,33735,0,307,49694,0,276,27147,0,185,22795,0,385,21117,0,579,45032,0,535,85574,0,418,53221,0,423,103258,0,269,137581,0,443,136006,0,734,208466,0,1835,223632,0,1099,162799,0,2447,180219,0
-1.05176e+08,1,8.88811e-15,10,1023,0,1.05176e+08,0.528882,1.08665,0.389689,0.145397,0.379329,3.24381,0.161596,0.446195,1.77396,0.159177,1.15e+07,4.49998e+06,6.79999e+06,1.15e+07,4.49997e+06,6.79999e+06,1.15e+07,4.49996e+06,6.79999e+06,1.15e+07,4.49995e+06,6.79999e+06,1.14999e+07,4.49993e+06,6.79999e+06,1.14999e+07,4.49991e+06,6.79999e+06,1.14999e+07,4.49989e+06,6.79999e+06,1.14999e+07,4.49986e+06,6.79999e+06,1.14999e+07,4.49982e+06,6.79999e+06,1.14999e+07,4.49977e+06,6.79999e+06,1.14999e+07,4.49971e+06,6.79999e+06,1.14999e+07,4.49963e+06,6.79999e+06,1.14998e+07,4.49953e+06,6.79999e+06,1.14998e+07,4.49941e+06,6.79999e+06,1.14998e+07,4.49926e+06,6.79999e+06,1.14998e+07,4.49906e+06,6.79999e+06,1.14997e+07,4.49882e+06,6.79999e+06,1.14997e+07,4.49851e+06,6.79999e+06,1.14997e+07,4.49812e+06,6.79999e+06,1.14996e+07,4.49764e+06,6.79999e+06,1.14996e+07,4.49702e+06,6.79999e+06,1.14995e+07,4.49625e+06,6.79999e+06,1.14995e+07,4.49528e+06,6.79999e+06,1.14994e+07,4.49406e+06,6.79999e+06,1.14993e+07,4.49253e+06,6.79999e+06,1.14992e+07,4.49059e+06,6.79999e+06,1.14991e+07,4.48817e+06,6.79999e+06,1.1499e+07,4.48511e+06,6.79999e+06,1.14988e+07,4.48128e+06,6.79999e+06,1.14987e+07,4.47646e+06,6.79999e+06,1.14985e+07,4.47041e+06,6.79999e+06,1.14983e+07,4.46281e+06,6.79999e+06,1.14981e+07,4.4533e+06,6.79999e+06,1.14979e+07,4.44138e+06,6.79999e+06,1.14976e+07,4.42649e+06,6.79999e+06,1.14972e+07,4.40789e+06,6.79999e+06,1.14969e+07,4.38471e+06,6.79999e+06,1.14965e+07,4.35592e+06,6.79999e+06,1.1496e+07,4.32027e+06,6.79999e+06,1.14955e+07,4.27629e+06,6.79999e+06,1.14949e+07,4.22231e+06,6.79999e+06,1.14942e+07,4.15647e+06,6.79999e+06,1.14934e+07,4.07676e+06,6.79999e+06,1.14926e+07,3.98112e+06,6.79999e+06,1.14916e+07,3.86765e+06,6.79999e+06,1.14905e+07,3.73474e+06,6.79999e+06,1.14892e+07,3.58148e+06,6.79999e+06,1.14878e+07,3.40785e+06,6.79999e+06,1.14862e+07,3.21513e+06,6.79999e+06,1.14844e+07,3.00605e+06,6.79999e+06,1.14823e+07,2.7848e+06,6.79999e+06,1.148e+07,2.5568e+06,6.79999e+06,1.14773e+07,2.32825e+06,6.79999e+06,13.5742,8.52444,0.508366,16.8306,13.2585,0.162638,20.0035,17.569,0.0507846,23.2616,22.4214,0.0158319,26.7328,28.3297,0.00493498,30.5212,35.6974,0.00153831,34.7178,44.9473,0.000479527,39.4086,56.5822,0.000149456,44.6796,71.2245,4.66214e-05,50.6209,89.6543,1.45419e-05,57.3297,112.852,4.54748e-06,64.9129,142.051,1.43857e-06,73.4897,178.803,4.36618e-07,83.1934,225.062,1.40153e-07,94.1745,283.286,4.96378e-08,106.602,356.568,1.05434e-07,120.669,448.799,-6.49244e-08,136.59,564.873,1.70148e-07,154.611,710.948,-5.34594e-08,175.008,894.767,1.63407e-07,198.097,1126.06,8.04804e-08,224.231,1417.07,1.14667e-07,253.813,1783.15,-1.71227e-07,287.297,2243.62,-2.88466e-07,325.198,2822.67,-4.33651e-07,368.098,3550.67,7.9318e-08,416.657,4465.65,3.13319e-07,471.621,5615.16,3.4613e-07,533.835,7058.61,-1.19199e-07,604.255,8870.02,-2.79964e-07,683.962,11141.4,-2.30521e-07,774.182,13986.7,-2.55099e-07,876.299,17546.4,1.23585e-07,991.883,21993.1,1.41192e-07,1122.71,27536.7,-9.71886e-08,1270.78,34430.7,-3.68368e-07,1438.38,42977.7,-3.45379e-07,1628.07,53532.7,-3.25328e-09,1842.77,66504.6,2.6362e-07,2085.77,82350.2,2.53445e-07,2360.79,101560,-2.47407e-08,2672.05,124632,-3.80602e-07,3024.31,152018,-4.79005e-07,3422.98,184060,-1.14379e-07,3874.15,220884,2.64297e-07,4384.72,262283,3.44131e-07,4962.49,307576,7.5349e-08,5616.29,355497,-3.63097e-07,6356.1,404126,-6.05442e-07,7193.18,450932,-2.72333e-07,8140.28,492963,2.29675e-07,9211.79,527178,4.3387e-07,10424,550893,-1.0711e-07,10.102,8.06553,2.81012,10.6436,8.57909,0.869423,11.5336,10.2515,0.270869,12.7211,12.7138,0.0844293,14.1823,15.9373,0.0263173,15.9122,20.0383,0.0082035,17.9198,25.2154,0.00255722,20.2244,31.7373,0.000797017,22.8539,39.9486,0.000248622,25.8438,50.2851,7.75492e-05,29.237,63.2963,2.42508e-05,33.0837,79.6738,7.67162e-06,37.4415,100.288,2.32837e-06,42.3767,126.236,7.33e-07,47.9646,158.896,2.79256e-07,54.2906,200.003,9.87351e-09,61.452,251.741,1.61085e-07,69.5585,316.859,-2.47141e-07,78.7347,398.812,8.93552e-08,89.1218,501.948,-2.53231e-07,100.879,631.736,-1.25047e-07,114.188,795.049,-1.78808e-07,129.252,1000.53,2.6733e-07,146.304,1259.03,4.50292e-07,165.605,1584.19,6.76904e-07,187.452,1993.12,-1.23808e-07,212.181,2507.27,-4.89068e-07,240.173,3153.54,-5.40284e-07,271.856,3965.56,1.86061e-07,307.719,4985.38,4.37004e-07,348.313,6265.4,3.59828e-07,394.26,7870.83,3.98192e-07,446.268,9882.51,-1.92908e-07,505.135,12400.3,-2.20392e-07,571.766,15546.9,1.51705e-07,647.184,19472.2,5.74996e-07,732.547,24357.4,5.39112e-07,829.167,30420,5.07815e-09,938.526,37916.3,-4.11492e-07,1062.3,47143.9,-3.9561e-07,1202.4,58439.2,3.86185e-08,1360.96,72169.3,5.94093e-07,1540.42,88715.8,7.47693e-07,1743.53,108445,1.78537e-07,1973.41,131665,-4.12549e-07,2233.57,158557,-5.37164e-07,2528,189103,-1.17615e-07,2861.2,222986,5.66769e-07,3238.27,259510,9.45053e-07,3664.97,297540,4.25093e-07,4147.81,335497,-3.58506e-07,4694.17,371444,-6.7724e-07,5312.37,403256,1.67192e-07,1.61744,3.89446,9.84394,3.28846,7.5504,12.774,5.07607,11.7187,13.6844,7.03202,16.8147,13.9681,9.20215,23.1769,14.0566,11.6301,31.1672,14.0841,14.3598,41.2186,14.0927,17.4376,53.8688,14.0954,20.9137,69.7915,14.0962,24.8432,89.8341,14.0965,29.2879,115.063,14.0966,34.3168,146.819,14.0966,40.0078,186.792,14.0966,46.4487,237.107,14.0966,53.7388,300.44,14.0966,61.9903,380.158,14.0966,71.3301,480.499,14.0966,81.902,606.796,14.0966,93.8685,765.761,14.0966,107.414,965.837,14.0966,122.746,1217.65,14.0966,140.101,1534.57,14.0966,159.745,1933.41,14.0966,181.981,2435.3,14.0966,207.15,3066.85,14.0966,235.64,3861.46,14.0966,267.889,4861.11,14.0966,304.391,6118.54,14.0966,345.709,7699.91,14.0966,392.478,9688.22,14.0966,445.417,12187.5,14.0966,505.339,15327.7,14.0966,573.165,19271.6,14.0966,649.938,24222,14.0966,736.839,30430.9,14.0966,835.202,38211.5,14.0966,946.539,47950.3,14.0966,1072.56,60122.8,14.0966,1215.21,75309.9,14.0966,1376.66,94216.2,14.0966,1559.41,117688,14.0966,1766.26,146729,14.0966,2000.39,182510,14.0966,2265.39,226372,14.0966,2565.33,279806,14.0966,2904.81,344416,14.0966,3289.05,421845,14.0966,3723.93,513667,14.0966,4216.13,621231,14.0966,4773.18,745478,14.0966,5403.64,886744,14.0966,6117.15,1.04457e+06,14.0966,6924.63,1.2176e+06,14.0966,11.7194,11.96,12.6541,13.9321,16.1295,13.6434,16.6097,21.9702,13.9553,19.7532,29.5285,14.0526,23.3844,39.1143,14.0829,27.5423,51.2054,14.0923,32.2796,66.434,14.0953,37.662,85.6061,14.0962,43.7675,109.74,14.0965,50.687,140.119,14.0966,58.5249,178.359,14.0966,67.4005,226.493,14.0966,77.4493,287.08,14.0966,88.8254,363.343,14.0966,101.703,459.336,14.0966,116.281,580.161,14.0966,132.782,732.241,14.0966,151.46,923.655,14.0966,172.603,1164.57,14.0966,196.535,1467.79,14.0966,223.625,1849.39,14.0966,254.288,2329.62,14.0966,288.997,2933.93,14.0966,328.285,3694.33,14.0966,372.755,4651.04,14.0966,423.092,5854.57,14.0966,480.07,7368.38,14.0966,544.564,9272.08,14.0966,617.566,11665.5,14.0966,700.197,14673.6,14.0966,793.729,18452.9,14.0966,899.599,23198.6,14.0966,1019.43,29154.1,14.0966,1155.07,36622.3,14.0966,1308.6,45977.9,14.0966,1482.39,57683.7,14.0966,1679.09,72307.8,14.0966,1901.73,90542.8,14.0966,2153.73,113226,14.0966,2438.97,141360,14.0966,2761.81,176127,14.0966,3127.22,218898,14.0966,3540.81,271226,14.0966,4008.92,334817,14.0966,4538.74,411470,14.0966,5138.38,502973,14.0966,5817.04,610948,14.0966,6585.12,736653,14.0966,7454.39,880741,14.0966,8438.15,1.04302e+06,14.0966,9551.45,1.22224e+06,14.0966,10811.3,1.41602e+06,14.0966,12237,1.62086e+06,14.0966,11.7194,11.96,12.6541,2.21263,4.16949,0.989383,2.67766,5.84076,0.311842,3.14343,7.55825,0.0972771,3.63127,9.58578,0.0303237,4.15787,12.0912,0.00945211,4.73731,15.2286,0.00294633,5.38238,19.1721,0.000918508,6.10553,24.134,0.000286163,6.91951,30.3791,8.92692e-05,7.83792,38.2397,2.78121e-05,8.87555,48.1338,8.65134e-06,10.0489,60.5876,2.7882e-06,11.3761,76.2629,8.29036e-07,12.8779,95.9927,2.4373e-07,14.5775,120.825,4.33068e-09,16.5012,152.08,1.75749e-07,18.6784,191.415,-1.86328e-07,21.1428,240.917,1.91829e-07,23.9322,303.213,-1.81475e-07,27.0895,381.602,7.0186e-08,30.6634,480.231,-2.86769e-08,34.7087,604.316,2.40784e-07,39.2876,760.401,9.87368e-08,44.4705,956.705,1.22263e-07,50.3371,1203.54,-4.31966e-07,56.9776,1513.81,-1.9705e-07,64.494,1903.69,-2.763e-08,73.0018,2393.4,3.9185e-07,82.6317,3008.13,1.35379e-07,93.5318,3779.25,-4.16351e-08,105.869,4745.7,2.06965e-08,119.834,5955.6,-3.18887e-07,135.641,7468.12,-1.48271e-08,153.531,9355.62,2.00739e-07,173.781,11705.8,2.28358e-07,196.701,14624.1,-1.93587e-08,222.642,18235,-2.88101e-07,252.003,22683.4,-2.24732e-07,285.234,28134,8.56806e-09,322.845,34767,2.34258e-07,365.413,42770.9,2.99668e-07,413.588,52327.9,8.28644e-08,468.111,63591.2,-3.07049e-07,529.814,76653.2,-3.1888e-07,599.642,91502.5,-6.72276e-08,678.662,107975,2.26339e-07,768.083,125705,3.69212e-07,869.267,144088,2.04077e-07,983.76,162277,-2.80509e-07,1113.3,179223,-4.22737e-07,1259.87,193777,-1.71951e-07,1425.68,204839,4.55555e-07,11.7194,11.96,12.6541,2.21263,4.16949,0.989383,2.67766,5.84076,0.311842,3.14343,7.55825,0.0972771,3.63127,9.58578,0.0303237,4.15787,12.0912,0.00945211,4.73731,15.2286,0.00294633,5.38238,19.1721,0.000918508,6.10553,24.134,0.000286163,6.91951,30.3791,8.92692e-05,7.83792,38.2397,2.78121e-05,8.87555,48.1338,8.65134e-06,10.0489,60.5876,2.7882e-06,11.3761,76.2629,8.29036e-07,12.8779,95.9927,2.4373e-07,14.5775,120.825,1e-08,16.5012,152.08,1.75749e-07,18.6784,191.415,1e-08,21.1428,240.917,1.91829e-07,23.9322,303.213,1e-08,27.0895,381.602,7.0186e-08,30.6634,480.231,1e-08,34.7087,604.316,2.40784e-07,39.2876,760.401,9.87368e-08,44.4705,956.705,1.22263e-07,50.3371,1203.54,1e-08,56.9776,1513.81,1e-08,64.494,1903.69,1e-08,73.0018,2393.4,3.9185e-07,82.6317,3008.13,1.35379e-07,93.5318,3779.25,1e-08,105.869,4745.7,2.06965e-08,119.834,5955.6,1e-08,135.641,7468.12,1e-08,153.531,9355.62,2.00739e-07,173.781,11705.8,2.28358e-07,196.701,14624.1,1e-08,222.642,18235,1e-08,252.003,22683.4,1e-08,285.234,28134,1e-08,322.845,34767,2.34258e-07,365.413,42770.9,2.99668e-07,413.588,52327.9,8.28644e-08,468.111,63591.2,1e-08,529.814,76653.2,1e-08,599.642,91502.5,1e-08,678.662,107975,2.26339e-07,768.083,125705,3.69212e-07,869.267,144088,2.04077e-07,983.76,162277,1e-08,1113.3,179223,1e-08,1259.87,193777,1e-08,1425.68,204839,4.55555e-07,6.2823,3.27286,2.43537,0.219672,6.18826,2.24117,0.56371,6.87772,2.63624,0.308279,9,13,9,1,2,0,0,8,0,5,2,0,0,12,0,8,6,0,4,17,0,14,9,0,8,25,0,8,42,0,7,61,0,14,84,0,8,35,0,7,41,0,10,45,0,6,62,0,12,179,0,14,254,0,37,217,0,11,443,0,25,523,0,48,649,0,47,312,0,33,368,0,24,392,0,57,1221,0,37,1513,0,39,2160,0,82,2142,0,50,7933,0,134,1209,0,82,2681,0,123,8232,0,74,9339,0,79,7856,0,99,16901,0,192,14355,0,149,23799,0,289,27998,0,195,38730,0,323,52924,0,461,17372,0,273,47523,0,299,72785,0,738,114557,0,976,86681,0,258,71353,0,674,64349,0,479,113948,0,1037,227915,0,709,337988,0,1549,51846,0,1592,138819,0
-1.05176e+08,1,8.88811e-15,10,1023,0,1.05176e+08,0.528882,1.08665,0.389689,0.145397,0.379329,3.24381,0.161596,0.446195,1.77396,0.159177,1.15e+07,4.49998e+06,6.79999e+06,1.15e+07,4.49997e+06,6.79999e+06,1.15e+07,4.49996e+06,6.79999e+06,1.15e+07,4.49995e+06,6.79999e+06,1.14999e+07,4.49993e+06,6.79999e+06,1.14999e+07,4.49991e+06,6.79999e+06,1.14999e+07,4.49989e+06,6.79999e+06,1.14999e+07,4.49986e+06,6.79999e+06,1.14999e+07,4.49982e+06,6.79999e+06,1.14999e+07,4.49977e+06,6.79999e+06,1.14999e+07,4.49971e+06,6.79999e+06,1.14999e+07,4.49963e+06,6.79999e+06,1.14998e+07,4.49953e+06,6.79999e+06,1.14998e+07,4.49941e+06,6.79999e+06,1.14998e+07,4.49926e+06,6.79999e+06,1.14998e+07,4.49906e+06,6.79999e+06,1.14997e+07,4.49882e+06,6.79999e+06,1.14997e+07,4.49851e+06,6.79999e+06,1.14997e+07,4.49812e+06,6.79999e+06,1.14996e+07,4.49764e+06,6.79999e+06,1.14996e+07,4.49702e+06,6.79999e+06,1.14995e+07,4.49625e+06,6.79999e+06,1.14995e+07,4.49528e+06,6.79999e+06,1.14994e+07,4.49406e+06,6.79999e+06,1.14993e+07,4.49253e+06,6.79999e+06,1.14992e+07,4.49059e+06,6.79999e+06,1.14991e+07,4.48817e+06,6.79999e+06,1.1499e+07,4.48511e+06,6.79999e+06,1.14988e+07,4.48128e+06,6.79999e+06,1.14987e+07,4.47646e+06,6.79999e+06,1.14985e+07,4.47041e+06,6.79999e+06,1.14983e+07,4.46281e+06,6.79999e+06,1.14981e+07,4.4533e+06,6.79999e+06,1.14979e+07,4.44138e+06,6.79999e+06,1.14976e+07,4.42649e+06,6.79999e+06,1.14972e+07,4.40789e+06,6.79999e+06,1.14969e+07,4.38471e+06,6.79999e+06,1.14965e+07,4.35592e+06,6.79999e+06,1.1496e+07,4.32027e+06,6.79999e+06,1.14955e+07,4.27629e+06,6.79999e+06,1.14949e+07,4.22231e+06,6.79999e+06,1.14942e+07,4.15647e+06,6.79999e+06,1.14934e+07,4.07676e+06,6.79999e+06,1.14926e+07,3.98112e+06,6.79999e+06,1.14916e+07,3.86765e+06,6.79999e+06,1.14905e+07,3.73474e+06,6.79999e+06,1.14892e+07,3.58148e+06,6.79999e+06,1.14878e+07,3.40785e+06,6.79999e+06,1.14862e+07,3.21513e+06,6.79999e+06,1.14844e+07,3.00605e+06,6.79999e+06,1.14823e+07,2.7848e+06,6.79999e+06,1.148e+07,2.5568e+06,6.79999e+06,1.14773e+07,2.32825e+06,6.79999e+06,13.5742,8.52444,0.508366,16.8306,13.2585,0.162638,20.0035,17.569,0.0507846,23.2616,22.4214,0.0158319,26.7328,28.3297,0.00493498,30.5212,35.6974,0.00153831,34.7178,44.9473,0.000479527,39.4086,56.5822,0.000149456,44.6796,71.2245,4.66214e-05,50.6209,89.6543,1.45419e-05,57.3297,112.852,4.54748e-06,64.9129,142.051,1.43857e-06,73.4897,178.803,4.36618e-07,83.1934,225.062,1.40153e-07,94.1745,283.286,4.96378e-08,106.602,356.568,1.05434e-07,120.669,448.799,-6.49244e-08,136.59,564.873,1.70148e-07,154.611,710.948,-5.34594e-08,175.008,894.767,1.63407e-07,198.097,1126.06,8.04804e-08,224.231,1417.07,1.14667e-07,253.813,1783.15,-1.71227e-07,287.297,2243.62,-2.88466e-07,325.198,2822.67,-4.33651e-07,368.098,3550.67,7.9318e-08,416.657,4465.65,3.13319e-07,471.621,5615.16,3.4613e-07,533.835,7058.61,-1.19199e-07,604.255,8870.02,-2.79964e-07,683.962,11141.4,-2.30521e-07,774.182,13986.7,-2.55099e-07,876.299,17546.4,1.23585e-07,991.883,21993.1,1.41192e-07,1122.71,27536.7,-9.71886e-08,1270.78,34430.7,-3.68368e-07,1438.38,42977.7,-3.45379e-07,1628.07,53532.7,-3.25328e-09,1842.77,66504.6,2.6362e-07,2085.77,82350.2,2.53445e-07,2360.79,101560,-2.47407e-08,2672.05,124632,-3.80602e-07,3024.31,152018,-4.79005e-07,3422.98,184060,-1.14379e-07,3874.15,220884,2.64297e-07,4384.72,262283,3.44131e-07,4962.49,307576,7.5349e-08,5616.29,355497,-3.63097e-07,6356.1,404126,-6.05442e-07,7193.18,450932,-2.72333e-07,8140.28,492963,2.29675e-07,9211.79,527178,4.3387e-07,10424,550893,-1.0711e-07,10.102,8.06553,2.81012,10.6436,8.57909,0.869423,11.5336,10.2515,0.270869,12.7211,12.7138,0.0844293,14.1823,15.9373,0.0263173,15.9122,20.0383,0.0082035,17.9198,25.2154,0.00255722,20.2244,31.7373,0.000797017,22.8539,39.9486,0.000248622,25.8438,50.2851,7.75492e-05,29.237,63.2963,2.42508e-05,33.0837,79.6738,7.67162e-06,37.4415,100.288,2.32837e-06,42.3767,126.236,7.33e-07,47.9646,158.896,2.79256e-07,54.2906,200.003,9.87351e-09,61.452,251.741,1.61085e-07,69.5585,316.859,-2.47141e-07,78.7347,398.812,8.93552e-08,89.1218,501.948,-2.53231e-07,100.879,631.736,-1.25047e-07,114.188,795.049,-1.78808e-07,129.252,1000.53,2.6733e-07,146.304,1259.03,4.50292e-07,165.605,1584.19,6.76904e-07,187.452,1993.12,-1.23808e-07,212.181,2507.27,-4.89068e-07,240.173,3153.54,-5.40284e-07,271.856,3965.56,1.86061e-07,307.719,4985.38,4.37004e-07,348.313,6265.4,3.59828e-07,394.26,7870.83,3.98192e-07,446.268,9882.51,-1.92908e-07,505.135,12400.3,-2.20392e-07,571.766,15546.9,1.51705e-07,647.184,19472.2,5.74996e-07,732.547,24357.4,5.39112e-07,829.167,30420,5.07815e-09,938.526,37916.3,-4.11492e-07,1062.3,47143.9,-3.9561e-07,1202.4,58439.2,3.86185e-08,1360.96,72169.3,5.94093e-07,1540.42,88715.8,7.47693e-07,1743.53,108445,1.78537e-07,1973.41,131665,-4.12549e-07,2233.57,158557,-5.37164e-07,2528,189103,-1.17615e-07,2861.2,222986,5.66769e-07,3238.27,259510,9.45053e-07,3664.97,297540,4.25093e-07,4147.81,335497,-3.58506e-07,4694.17,371444,-6.7724e-07,5312.37,403256,1.67192e-07,1.61744,3.89446,9.84394,3.28846,7.5504,12.774,5.07607,11.7187,13.6844,7.03202,16.8147,13.9681,9.20215,23.1769,14.0566,11.6301,31.1672,14.0841,14.3598,41.2186,14.0927,17.4376,53.8688,14.0954,20.9137,69.7915,14.0962,24.8432,89.8341,14.0965,29.2879,115.063,14.0966,34.3168,146.819,14.0966,40.0078,186.792,14.0966,46.4487,237.107,14.0966,53.7388,300.44,14.0966,61.9903,380.158,14.0966,71.3301,480.499,14.0966,81.902,606.796,14.0966,93.8685,765.761,14.0966,107.414,965.837,14.0966,122.746,1217.65,14.0966,140.101,1534.57,14.0966,159.745,1933.41,14.0966,181.981,2435.3,14.0966,207.15,3066.85,14.0966,235.64,3861.46,14.0966,267.889,4861.11,14.0966,304.391,6118.54,14.0966,345.709,7699.91,14.0966,392.478,9688.22,14.0966,445.417,12187.5,14.0966,505.339,15327.7,14.0966,573.165,19271.6,14.0966,649.938,24222,14.0966,736.839,30430.9,14.0966,835.202,38211.5,14.0966,946.539,47950.3,14.0966,1072.56,60122.8,14.0966,1215.21,75309.9,14.0966,1376.66,94216.2,14.0966,1559.41,117688,14.0966,1766.26,146729,14.0966,2000.39,182510,14.0966,2265.39,226372,14.0966,2565.33,279806,14.0966,2904.81,344416,14.0966,3289.05,421845,14.0966,3723.93,513667,14.0966,4216.13,621231,14.0966,4773.18,745478,14.0966,5403.64,886744,14.0966,6117.15,1.04457e+06,14.0966,6924.63,1.2176e+06,14.0966,11.7194,11.96,12.6541,13.9321,16.1295,13.6434,16.6097,21.9702,13.9553,19.7532,29.5285,14.0526,23.3844,39.1143,14.0829,27.5423,51.2054,14.0923,32.2796,66.434,14.0953,37.662,85.6061,14.0962,43.7675,109.74,14.0965,50.687,140.119,14.0966,58.5249,178.359,14.0966,67.4005,226.493,14.0966,77.4493,287.08,14.0966,88.8254,363.343,14.0966,101.703,459.336,14.0966,116.281,580.161,14.0966,132.782,732.241,14.0966,151.46,923.655,14.0966,172.603,1164.57,14.0966,196.535,1467.79,14.0966,223.625,1849.39,14.0966,254.288,2329.62,14.0966,288.997,2933.93,14.0966,328.285,3694.33,14.0966,372.755,4651.04,14.0966,423.092,5854.57,14.0966,480.07,7368.38,14.0966,544.564,9272.08,14.0966,617.566,11665.5,14.0966,700.197,14673.6,14.0966,793.729,18452.9,14.0966,899.599,23198.6,14.0966,1019.43,29154.1,14.0966,1155.07,36622.3,14.0966,1308.6,45977.9,14.0966,1482.39,57683.7,14.0966,1679.09,72307.8,14.0966,1901.73,90542.8,14.0966,2153.73,113226,14.0966,2438.97,141360,14.0966,2761.81,176127,14.0966,3127.22,218898,14.0966,3540.81,271226,14.0966,4008.92,334817,14.0966,4538.74,411470,14.0966,5138.38,502973,14.0966,5817.04,610948,14.0966,6585.12,736653,14.0966,7454.39,880741,14.0966,8438.15,1.04302e+06,14.0966,9551.45,1.22224e+06,14.0966,10811.3,1.41602e+06,14.0966,12237,1.62086e+06,14.0966,11.7194,11.96,12.6541,2.21263,4.16949,0.989383,2.67766,5.84076,0.311842,3.14343,7.55825,0.0972771,3.63127,9.58578,0.0303237,4.15787,12.0912,0.00945211,4.73731,15.2286,0.00294633,5.38238,19.1721,0.000918508,6.10553,24.134,0.000286163,6.91951,30.3791,8.92692e-05,7.83792,38.2397,2.78121e-05,8.87555,48.1338,8.65134e-06,10.0489,60.5876,2.7882e-06,11.3761,76.2629,8.29036e-07,12.8779,95.9927,2.4373e-07,14.5775,120.825,4.33068e-09,16.5012,152.08,1.75749e-07,18.6784,191.415,-1.86328e-07,21.1428,240.917,1.91829e-07,23.9322,303.213,-1.81475e-07,27.0895,381.602,7.0186e-08,30.6634,480.231,-2.86769e-08,34.7087,604.316,2.40784e-07,39.2876,760.401,9.87368e-08,44.4705,956.705,1.22263e-07,50.3371,1203.54,-4.31966e-07,56.9776,1513.81,-1.9705e-07,64.494,1903.69,-2.763e-08,73.0018,2393.4,3.9185e-07,82.6317,3008.13,1.35379e-07,93.5318,3779.25,-4.16351e-08,105.869,4745.7,2.06965e-08,119.834,5955.6,-3.18887e-07,135.641,7468.12,-1.48271e-08,153.531,9355.62,2.00739e-07,173.781,11705.8,2.28358e-07,196.701,14624.1,-1.93587e-08,222.642,18235,-2.88101e-07,252.003,22683.4,-2.24732e-07,285.234,28134,8.56806e-09,322.845,34767,2.34258e-07,365.413,42770.9,2.99668e-07,413.588,52327.9,8.28644e-08,468.111,63591.2,-3.07049e-07,529.814,76653.2,-3.1888e-07,599.642,91502.5,-6.72276e-08,678.662,107975,2.26339e-07,768.083,125705,3.69212e-07,869.267,144088,2.04077e-07,983.76,162277,-2.80509e-07,1113.3,179223,-4.22737e-07,1259.87,193777,-1.71951e-07,1425.68,204839,4.55555e-07,11.7194,11.96,12.6541,2.21263,4.16949,0.989383,2.67766,5.84076,0.311842,3.14343,7.55825,0.0972771,3.63127,9.58578,0.0303237,4.15787,12.0912,0.00945211,4.73731,15.2286,0.00294633,5.38238,19.1721,0.000918508,6.10553,24.134,0.000286163,6.91951,30.3791,8.92692e-05,7.83792,38.2397,2.78121e-05,8.87555,48.1338,8.65134e-06,10.0489,60.5876,2.7882e-06,11.3761,76.2629,8.29036e-07,12.8779,95.9927,2.4373e-07,14.5775,120.825,1e-08,16.5012,152.08,1.75749e-07,18.6784,191.415,1e-08,21.1428,240.917,1.91829e-07,23.9322,303.213,1e-08,27.0895,381.602,7.0186e-08,30.6634,480.231,1e-08,34.7087,604.316,2.40784e-07,39.2876,760.401,9.87368e-08,44.4705,956.705,1.22263e-07,50.3371,1203.54,1e-08,56.9776,1513.81,1e-08,64.494,1903.69,1e-08,73.0018,2393.4,3.9185e-07,82.6317,3008.13,1.35379e-07,93.5318,3779.25,1e-08,105.869,4745.7,2.06965e-08,119.834,5955.6,1e-08,135.641,7468.12,1e-08,153.531,9355.62,2.00739e-07,173.781,11705.8,2.28358e-07,196.701,14624.1,1e-08,222.642,18235,1e-08,252.003,22683.4,1e-08,285.234,28134,1e-08,322.845,34767,2.34258e-07,365.413,42770.9,2.99668e-07,413.588,52327.9,8.28644e-08,468.111,63591.2,1e-08,529.814,76653.2,1e-08,599.642,91502.5,1e-08,678.662,107975,2.26339e-07,768.083,125705,3.69212e-07,869.267,144088,2.04077e-07,983.76,162277,1e-08,1113.3,179223,1e-08,1259.87,193777,1e-08,1425.68,204839,4.55555e-07,6.2823,3.27286,2.43537,0.219672,6.18826,2.24117,0.56371,6.87772,2.63624,0.308279,18,8,4,0,9,0,1,7,0,3,7,2,2,6,0,3,10,0,2,5,0,4,14,0,2,34,0,12,49,0,8,39,0,4,27,0,22,98,0,14,107,0,28,92,0,9,53,0,20,225,0,15,303,0,17,261,0,20,305,0,31,491,0,56,481,0,14,658,0,39,393,0,24,561,0,78,1255,0,48,826,0,52,2979,0,44,2283,0,61,4303,0,154,3390,0,65,1828,0,49,2220,0,48,12355,0,71,8761,0,95,6746,0,231,17459,0,335,14080,0,84,19560,0,218,42702,0,224,26532,0,382,42204,0,636,35972,0,464,111760,0,363,90546,0,861,139971,0,556,80868,0,453,195397,0,1017,103224,0,1897,186711,0,654,206195,0,1720,203148,0,1077,263066,0
-1.05176e+08,1,8.88811e-15,10,1023,0,1.05176e+08,0.528882,1.08665,0.389689,0.145397,0.379329,3.24381,0.161596,0.446195,1.77396,0.159177,1.15e+07,4.49998e+06,6.79999e+06,1.15e+07,4.49997e+06,6.79999e+06,1.15e+07,4.49996e+06,6.79999e+06,1.15e+07,4.49995e+06,6.79999e+06,1.14999e+07,4.49993e+06,6.79999e+06,1.14999e+07,4.49991e+06,6.79999e+06,1.14999e+07,4.49989e+06,6.79999e+06,1.14999e+07,4.49986e+06,6.79999e+06,1.14999e+07,4.49982e+06,6.79999e+06,1.14999e+07,4.49977e+06,6.79999e+06,1.14999e+07,4.49971e+06,6.79999e+06,1.14999e+07,4.49963e+06,6.79999e+06,1.14998e+07,4.49953e+06,6.79999e+06,1.14998e+07,4.49941e+06,6.79999e+06,1.14998e+07,4.49926e+06,6.79999e+06,1.14998e+07,4.49906e+06,6.79999e+06,1.14997e+07,4.49882e+06,6.79999e+06,1.14997e+07,4.49851e+06,6.79999e+06,1.14997e+07,4.49812e+06,6.79999e+06,1.14996e+07,4.49764e+06,6.79999e+06,1.14996e+07,4.49702e+06,6.79999e+06,1.14995e+07,4.49625e+06,6.79999e+06,1.14995e+07,4.49528e+06,6.79999e+06,1.14994e+07,4.49406e+06,6.79999e+06,1.14993e+07,4.49253e+06,6.79999e+06,1.14992e+07,4.49059e+06,6.79999e+06,1.14991e+07,4.48817e+06,6.79999e+06,1.1499e+07,4.48511e+06,6.79999e+06,1.14988e+07,4.48128e+06,6.79999e+06,1.14987e+07,4.47646e+06,6.79999e+06,1.14985e+07,4.47041e+06,6.79999e+06,1.14983e+07,4.46281e+06,6.79999e+06,1.14981e+07,4.4533e+06,6.79999e+06,1.14979e+07,4.44138e+06,6.79999e+06,1.14976e+07,4.42649e+06,6.79999e+06,1.14972e+07,4.40789e+06,6.79999e+06,1.14969e+07,4.38471e+06,6.79999e+06,1.14965e+07,4.35592e+06,6.79999e+06,1.1496e+07,4.32027e+06,6.79999e+06,1.14955e+07,4.27629e+06,6.79999e+06,1.14949e+07,4.22231e+06,6.79999e+06,1.14942e+07,4.15647e+06,6.79999e+06,1.14934e+07,4.07676e+06,6.79999e+06,1.14926e+07,3.98112e+06,6.79999e+06,1.14916e+07,3.86765e+06,6.79999e+06,1.14905e+07,3.73474e+06,6.79999e+06,1.14892e+07,3.58148e+06,6.79999e+06,1.14878e+07,3.40785e+06,6.79999e+06,1.14862e+07,3.21513e+06,6.79999e+06,1.14844e+07,3.00605e+06,6.79999e+06,1.14823e+07,2.7848e+06,6.79999e+06,1.148e+07,2.5568e+06,6.79999e+06,1.14773e+07,2.32825e+06,6.79999e+06,13.5742,8.52444,0.508366,16.8306,13.2585,0.162638,20.0035,17.569,0.0507846,23.2616,22.4214,0.0158319,26.7328,28.3297,0.00493498,30.5212,35.6974,0.00153831,34.7178,44.9473,0.000479527,39.4086,56.5822,0.000149456,44.6796,71.2245,4.66214e-05,50.6209,89.6543,1.45419e-05,57.3297,112.852,4.54748e-06,64.9129,142.051,1.43857e-06,73.4897,178.803,4.36618e-07,83.1934,225.062,1.40153e-07,94.1745,283.286,4.96378e-08,106.602,356.568,1.05434e-07,120.669,448.799,-6.49244e-08,136.59,564.873,1.70148e-07,154.611,710.948,-5.34594e-08,175.008,894.767,1.63407e-07,198.097,1126.06,8.04804e-08,224.231,1417.07,1.14667e-07,253.813,1783.15,-1.71227e-07,287.297,2243.62,-2.88466e-07,325.198,2822.67,-4.33651e-07,368.098,3550.67,7.9318e-08,416.657,4465.65,3.13319e-07,471.621,5615.16,3.4613e-07,533.835,7058.61,-1.19199e-07,604.255,8870.02,-2.79964e-07,683.962,11141.4,-2.30521e-07,774.182,13986.7,-2.55099e-07,876.299,17546.4,1.23585e-07,991.883,21993.1,1.41192e-07,1122.71,27536.7,-9.71886e-08,1270.78,34430.7,-3.68368e-07,1438.38,42977.7,-3.45379e-07,1628.07,53532.7,-3.25328e-09,1842.77,66504.6,2.6362e-07,2085.77,82350.2,2.53445e-07,2360.79,101560,-2.47407e-08,2672.05,124632,-3.80602e-07,3024.31,152018,-4.79005e-07,3422.98,184060,-1.14379e-07,3874.15,220884,2.64297e-07,4384.72,262283,3.44131e-07,4962.49,307576,7.5349e-08,5616.29,355497,-3.63097e-07,6356.1,404126,-6.05442e-07,7193.18,450932,-2.72333e-07,8140.28,492963,2.29675e-07,9211.79,527178,4.3387e-07,10424,550893,-1.0711e-07,10.102,8.06553,2.81012,10.6436,8.57909,0.869423,11.5336,10.2515,0.270869,12.7211,12.7138,0.0844293,14.1823,15.9373,0.0263173,15.9122,20.0383,0.0082035,17.9198,25.2154,0.00255722,20.2244,31.7373,0.000797017,22.8539,39.9486,0.000248622,25.8438,50.2851,7.75492e-05,29.237,63.2963,2.42508e-05,33.0837,79.6738,7.67162e-06,37.4415,100.288,2.32837e-06,42.3767,126.236,7.33e-07,47.9646,158.896,2.79256e-07,54.2906,200.003,9.87351e-09,61.452,251.741,1.61085e-07,69.5585,316.859,-2.47141e-07,78.7347,398.812,8.93552e-08,89.1218,501.948,-2.53231e-07,100.879,631.736,-1.25047e-07,114.188,795.049,-1.78808e-07,129.252,1000.53,2.6733e-07,146.304,1259.03,4.50292e-07,165.605,1584.19,6.76904e-07,187.452,1993.12,-1.23808e-07,212.181,2507.27,-4.89068e-07,240.173,3153.54,-5.40284e-07,271.856,3965.56,1.86061e-07,307.719,4985.38,4.37004e-07,348.313,6265.4,3.59828e-07,394.26,7870.83,3.98192e-07,446.268,9882.51,-1.92908e-07,505.135,12400.3,-2.20392e-07,571.766,15546.9,1.51705e-07,647.184,19472.2,5.74996e-07,732.547,24357.4,5.39112e-07,829.167,30420,5.07815e-09,938.526,37916.3,-4.11492e-07,1062.3,47143.9,-3.9561e-07,1202.4,58439.2,3.86185e-08,1360.96,72169.3,5.94093e-07,1540.42,88715.8,7.47693e-07,1743.53,108445,1.78537e-07,1973.41,131665,-4.12549e-07,2233.57,158557,-5.37164e-07,2528,189103,-1.17615e-07,2861.2,222986,5.66769e-07,3238.27,259510,9.45053e-07,3664.97,297540,4.25093e-07,4147.81,335497,-3.58506e-07,4694.17,371444,-6.7724e-07,5312.37,403256,1.67192e-07,1.61744,3.89446,9.84394,3.28846,7.5504,12.774,5.07607,11.7187,13.6844,7.03202,16.8147,13.9681,9.20215,23.1769,14.0566,11.6301,31.1672,14.0841,14.3598,41.2186,14.0927,17.4376,53.8688,14.0954,20.9137,69.7915,14.0962,24.8432,89.8341,14.0965,29.2879,115.063,14.0966,34.3168,146.819,14.0966,40.0078,186.792,14.0966,46.4487,237.107,14.0966,53.7388,300.44,14.0966,61.9903,380.158,14.0966,71.3301,480.499,14.0966,81.902,606.796,14.0966,93.8685,765.761,14.0966,107.414,965.837,14.0966,122.746,1217.65,14.0966,140.101,1534.57,14.0966,159.745,1933.41,14.0966,181.981,2435.3,14.0966,207.15,3066.85,14.0966,235.64,3861.46,14.0966,267.889,4861.11,14.0966,304.391,6118.54,14.0966,345.709,7699.91,14.0966,392.478,9688.22,14.0966,445.417,12187.5,14.0966,505.339,15327.7,14.0966,573.165,19271.6,14.0966,649.938,24222,14.0966,736.839,30430.9,14.0966,835.202,38211.5,14.0966,946.539,47950.3,14.0966,1072.56,60122.8,14.0966,1215.21,75309.9,14.0966,1376.66,94216.2,14.0966,1559.41,117688,14.0966,1766.26,146729,14.0966,2000.39,182510,14.0966,2265.39,226372,14.0966,2565.33,279806,14.0966,2904.81,344416,14.0966,3289.05,421845,14.0966,3723.93,513667,14.0966,4216.13,621231,14.0966,4773.18,745478,14.0966,5403.64,886744,14.0966,6117.15,1.04457e+06,14.0966,6924.63,1.2176e+06,14.0966,11.7194,11.96,12.6541,13.9321,16.1295,13.6434,16.6097,21.9702,13.9553,19.7532,29.5285,14.0526,23.3844,39.1143,14.0829,27.5423,51.2054,14.0923,32.2796,66.434,14.0953,37.662,85.6061,14.0962,43.7675,109.74,14.0965,50.687,140.119,14.0966,58.5249,178.359,14.0966,67.4005,226.493,14.0966,77.4493,287.08,14.0966,88.8254,363.343,14.0966,101.703,459.336,14.0966,116.281,580.161,14.0966,132.782,732.241,14.0966,151.46,923.655,14.0966,172.603,1164.57,14.0966,196.535,1467.79,14.0966,223.625,1849.39,14.0966,254.288,2329.62,14.0966,288.997,2933.93,14.0966,328.285,3694.33,14.0966,372.755,4651.04,14.0966,423.092,5854.57,14.0966,480.07,7368.38,14.0966,544.564,9272.08,14.0966,617.566,11665.5,14.0966,700.197,14673.6,14.0966,793.729,18452.9,14.0966,899.599,23198.6,14.0966,1019.43,29154.1,14.0966,1155.07,36622.3,14.0966,1308.6,45977.9,14.0966,1482.39,57683.7,14.0966,1679.09,72307.8,14.0966,1901.73,90542.8,14.0966,2153.73,113226,14.0966,2438.97,141360,14.0966,2761.81,176127,14.0966,3127.22,218898,14.0966,3540.81,271226,14.0966,4008.92,334817,14.0966,4538.74,411470,14.0966,5138.38,502973,14.0966,5817.04,610948,14.0966,6585.12,736653,14.0966,7454.39,880741,14.0966,8438.15,1.04302e+06,14.0966,9551.45,1.22224e+06,14.0966,10811.3,1.41602e+06,14.0966,12237,1.62086e+06,14.0966,11.7194,11.96,12.6541,2.21263,4.16949,0.989383,2.67766,5.84076,0.311842,3.14343,7.55825,0.0972771,3.63127,9.58578,0.0303237,4.15787,12.0912,0.00945211,4.73731,15.2286,0.00294633,5.38238,19.1721,0.000918508,6.10553,24.134,0.000286163,6.91951,30.3791,8.92692e-05,7.83792,38.2397,2.78121e-05,8.87555,48.1338,8.65134e-06,10.0489,60.5876,2.7882e-06,11.3761,76.2629,8.29036e-07,12.8779,95.9927,2.4373e-07,14.5775,120.825,4.33068e-09,16.5012,152.08,1.75749e-07,18.6784,191.415,-1.86328e-07,21.1428,240.917,1.91829e-07,23.9322,303.213,-1.81475e-07,27.0895,381.602,7.0186e-08,30.6634,480.231,-2.86769e-08,34.7087,604.316,2.40784e-07,39.2876,760.401,9.87368e-08,44.4705,956.705,1.22263e-07,50.3371,1203.54,-4.31966e-07,56.9776,1513.81,-1.9705e-07,64.494,1903.69,-2.763e-08,73.0018,2393.4,3.9185e-07,82.6317,3008.13,1.35379e-07,93.5318,3779.25,-4.16351e-08,105.869,4745.7,2.06965e-08,119.834,5955.6,-3.18887e-07,135.641,7468.12,-1.48271e-08,153.531,9355.62,2.00739e-07,173.781,11705.8,2.28358e-07,196.701,14624.1,-1.93587e-08,222.642,18235,-2.88101e-07,252.003,22683.4,-2.24732e-07,285.234,28134,8.56806e-09,322.845,34767,2.34258e-07,365.413,42770.9,2.99668e-07,413.588,52327.9,8.28644e-08,468.111,63591.2,-3.07049e-07,529.814,76653.2,-3.1888e-07,599.642,91502.5,-6.72276e-08,678.662,107975,2.26339e-07,768.083,125705,3.69212e-07,869.267,144088,2.04077e-07,983.76,162277,-2.80509e-07,1113.3,179223,-4.22737e-07,1259.87,193777,-1.71951e-07,1425.68,204839,4.55555e-07,11.7194,11.96,12.6541,2.21263,4.16949,0.989383,2.67766,5.84076,0.311842,3.14343,7.55825,0.0972771,3.63127,9.58578,0.0303237,4.15787,12.0912,0.00945211,4.73731,15.2286,0.00294633,5.38238,19.1721,0.000918508,6.10553,24.134,0.000286163,6.91951,30.3791,8.92692e-05,7.83792,38.2397,2.78121e-05,8.87555,48.1338,8.65134e-06,10.0489,60.5876,2.7882e-06,11.3761,76.2629,8.29036e-07,12.8779,95.9927,2.4373e-07,14.5775,120.825,1e-08,16.5012,152.08,1.75749e-07,18.6784,191.415,1e-08,21.1428,240.917,1.91829e-07,23.9322,303.213,1e-08,27.0895,381.602,7.0186e-08,30.6634,480.231,1e-08,34.7087,604.316,2.40784e-07,39.2876,760.401,9.87368e-08,44.4705,956.705,1.22263e-07,50.3371,1203.54,1e-08,56.9776,1513.81,1e-08,64.494,1903.69,1e-08,73.0018,2393.4,3.9185e-07,82.6317,3008.13,1.35379e-07,93.5318,3779.25,1e-08,105.869,4745.7,2.06965e-08,119.834,5955.6,1e-08,135.641,7468.12,1e-08,153.531,9355.62,2.00739e-07,173.781,11705.8,2.28358e-07,196.701,14624.1,1e-08,222.642,18235,1e-08,252.003,22683.4,1e-08,285.234,28134,1e-08,322.845,34767,2.34258e-07,365.413,42770.9,2.99668e-07,413.588,52327.9,8.28644e-08,468.111,63591.2,1e-08,529.814,76653.2,1e-08,599.642,91502.5,1e-08,678.662,107975,2.26339e-07,768.083,125705,3.69212e-07,869.267,144088,2.04077e-07,983.76,162277,1e-08,1113.3,179223,1e-08,1259.87,193777,1e-08,1425.68,204839,4.55555e-07,6.2823,3.27286,2.43537,0.219672,6.18826,2.24117,0.56371,6.87772,2.63624,0.308279,4,31,13,3,8,1,3,3,0,0,3,0,2,13,0,3,17,0,7,13,0,1,9,0,13,27,0,8,45,0,14,54,0,7,51,0,8,69,0,13,34,0,16,69,0,20,68,0,16,165,0,19,191,0,22,250,0,15,225,0,29,174,0,50,346,0,21,513,0,36,441,0,31,787,0,77,704,0,35,1612,0,102,963,0,133,2916,0,99,1462,0,124,6370,0,53,7649,0,95,6504,0,178,8519,0,102,9637,0,143,13866,0,72,30711,0,182,14129,0,228,35349,0,140,31742,0,252,24558,0,285,26738,0,553,59282,0,514,28191,0,531,74660,0,265,77795,0,1139,171666,0,1033,136096,0,1361,73480,0,797,147011,0,1031,60564,0,1548,149482,0,810,168307,0
-1.05176e+08,1,8.88811e-15,10,1023,0,1.05176e+08,0.528882,1.08665,0.389689,0.145397,0.379329,3.24381,0.161596,0.446195,1.77396,0.159177,1.15e+07,4.49998e+06,6.79999e+06,1.15e+07,4.49997e+06,6.79999e+06,1.15e+07,4.49996e+06,6.79999e+06,1.15e+07,4.49995e+06,6.79999e+06,1.14999e+07,4.49993e+06,6.79999e+06,1.14999e+07,4.49991e+06,6.79999e+06,1.14999e+07,4.49989e+06,6.79999e+06,1.14999e+07,4.49986e+06,6.79999e+06,1.14999e+07,4.49982e+06,6.79999e+06,1.14999e+07,4.49977e+06,6.79999e+06,1.14999e+07,4.49971e+06,6.79999e+06,1.14999e+07,4.49963e+06,6.79999e+06,1.14998e+07,4.49953e+06,6.79999e+06,1.14998e+07,4.49941e+06,6.79999e+06,1.14998e+07,4.49926e+06,6.79999e+06,1.14998e+07,4.49906e+06,6.79999e+06,1.14997e+07,4.49882e+06,6.79999e+06,1.14997e+07,4.49851e+06,6.79999e+06,1.14997e+07,4.49812e+06,6.79999e+06,1.14996e+07,4.49764e+06,6.79999e+06,1.14996e+07,4.49702e+06,6.79999e+06,1.14995e+07,4.49625e+06,6.79999e+06,1.14995e+07,4.49528e+06,6.79999e+06,1.14994e+07,4.49406e+06,6.79999e+06,1.14993e+07,4.49253e+06,6.79999e+06,1.14992e+07,4.49059e+06,6.79999e+06,1.14991e+07,4.48817e+06,6.79999e+06,1.1499e+07,4.48511e+06,6.79999e+06,1.14988e+07,4.48128e+06,6.79999e+06,1.14987e+07,4.47646e+06,6.79999e+06,1.14985e+07,4.47041e+06,6.79999e+06,1.14983e+07,4.46281e+06,6.79999e+06,1.14981e+07,4.4533e+06,6.79999e+06,1.14979e+07,4.44138e+06,6.79999e+06,1.14976e+07,4.42649e+06,6.79999e+06,1.14972e+07,4.40789e+06,6.79999e+06,1.14969e+07,4.38471e+06,6.79999e+06,1.14965e+07,4.35592e+06,6.79999e+06,1.1496e+07,4.32027e+06,6.79999e+06,1.14955e+07,4.27629e+06,6.79999e+06,1.14949e+07,4.22231e+06,6.79999e+06,1.14942e+07,4.15647e+06,6.79999e+06,1.14934e+07,4.07676e+06,6.79999e+06,1.14926e+07,3.98112e+06,6.79999e+06,1.14916e+07,3.86765e+06,6.79999e+06,1.14905e+07,3.73474e+06,6.79999e+06,1.14892e+07,3.58148e+06,6.79999e+06,1.14878e+07,3.40785e+06,6.79999e+06,1.14862e+07,3.21513e+06,6.79999e+06,1.14844e+07,3.00605e+06,6.79999e+06,1.14823e+07,2.7848e+06,6.79999e+06,1.148e+07,2.5568e+06,6.79999e+06,1.14773e+07,2.32825e+06,6.79999e+06,13.5742,8.52444,0.508366,16.8306,13.2585,0.162638,20.0035,17.569,0.0507846,23.2616,22.4214,0.0158319,26.7328,28.3297,0.00493498,30.5212,35.6974,0.00153831,34.7178,44.9473,0.000479527,39.4086,56.5822,0.000149456,44.6796,71.2245,4.66214e-05,50.6209,89.6543,1.45419e-05,57.3297,112.852,4.54748e-06,64.9129,142.051,1.43857e-06,73.4897,178.803,4.36618e-07,83.1934,225.062,1.40153e-07,94.1745,283.286,4.96378e-08,106.602,356.568,1.05434e-07,120.669,448.799,-6.49244e-08,136.59,564.873,1.70148e-07,154.611,710.948,-5.34594e-08,175.008,894.767,1.63407e-07,198.097,1126.06,8.04804e-08,224.231,1417.07,1.14667e-07,253.813,1783.15,-1.71227e-07,287.297,2243.62,-2.88466e-07,325.198,2822.67,-4.33651e-07,368.098,3550.67,7.9318e-08,416.657,4465.65,3.13319e-07,471.621,5615.16,3.4613e-07,533.835,7058.61,-1.19199e-07,604.255,8870.02,-2.79964e-07,683.962,11141.4,-2.30521e-07,774.182,13986.7,-2.55099e-07,876.299,17546.4,1.23585e-07,991.883,21993.1,1.41192e-07,1122.71,27536.7,-9.71886e-08,1270.78,34430.7,-3.68368e-07,1438.38,42977.7,-3.45379e-07,1628.07,53532.7,-3.25328e-09,1842.77,66504.6,2.6362e-07,2085.77,82350.2,2.53445e-07,2360.79,101560,-2.47407e-08,2672.05,124632,-3.80602e-07,3024.31,152018,-4.79005e-07,3422.98,184060,-1.14379e-07,3874.15,220884,2.64297e-07,4384.72,262283,3.44131e-07,4962.49,307576,7.5349e-08,5616.29,355497,-3.63097e-07,6356.1,404126,-6.05442e-07,7193.18,450932,-2.72333e-07,8140.28,492963,2.29675e-07,9211.79,527178,4.3387e-07,10424,550893,-1.0711e-07,10.102,8.06553,2.81012,10.6436,8.57909,0.869423,11.5336,10.2515,0.270869,12.7211,12.7138,0.0844293,14.1823,15.9373,0.0263173,15.9122,20.0383,0.0082035,17.9198,25.2154,0.00255722,20.2244,31.7373,0.000797017,22.8539,39.9486,0.000248622,25.8438,50.2851,7.75492e-05,29.237,63.2963,2.42508e-05,33.0837,79.6738,7.67162e-06,37.4415,100.288,2.32837e-06,42.3767,126.236,7.33e-07,47.9646,158.896,2.79256e-07,54.2906,200.003,9.87351e-09,61.452,251.741,1.61085e-07,69.5585,316.859,-2.47141e-07,78.7347,398.812,8.93552e-08,89.1218,501.948,-2.53231e-07,100.879,631.736,-1.25047e-07,114.188,795.049,-1.78808e-07,129.252,1000.53,2.6733e-07,146.304,1259.03,4.50292e-07,165.605,1584.19,6.76904e-07,187.452,1993.12,-1.23808e-07,212.181,2507.27,-4.89068e-07,240.173,3153.54,-5.40284e-07,271.856,3965.56,1.86061e-07,307.719,4985.38,4.37004e-07,348.313,6265.4,3.59828e-07,394.26,7870.83,3.98192e-07,446.268,9882.51,-1.92908e-07,505.135,12400.3,-2.20392e-07,571.766,15546.9,1.51705e-07,647.184,19472.2,5.74996e-07,732.547,24357.4,5.39112e-07,829.167,30420,5.07815e-09,938.526,37916.3,-4.11492e-07,1062.3,47143.9,-3.9561e-07,1202.4,58439.2,3.86185e-08,1360.96,72169.3,5.94093e-07,1540.42,88715.8,7.47693e-07,1743.53,108445,1.78537e-07,1973.41,131665,-4.12549e-07,2233.57,158557,-5.37164e-07,2528,189103,-1.17615e-07,2861.2,222986,5.66769e-07,3238.27,259510,9.45053e-07,3664.97,297540,4.25093e-07,4147.81,335497,-3.58506e-07,4694.17,371444,-6.7724e-07,5312.37,403256,1.67192e-07,1.61744,3.89446,9.84394,3.28846,7.5504,12.774,5.07607,11.7187,13.6844,7.03202,16.8147,13.9681,9.20215,23.1769,14.0566,11.6301,31.1672,14.0841,14.3598,41.2186,14.0927,17.4376,53.8688,14.0954,20.9137,69.7915,14.0962,24.8432,89.8341,14.0965,29.2879,115.063,14.0966,34.3168,146.819,14.0966,40.0078,186.792,14.0966,46.4487,237.107,14.0966,53.7388,300.44,14.0966,61.9903,380.158,14.0966,71.3301,480.499,14.0966,81.902,606.796,14.0966,93.8685,765.761,14.0966,107.414,965.837,14.0966,122.746,1217.65,14.0966,140.101,1534.57,14.0966,159.745,1933.41,14.0966,181.981,2435.3,14.0966,207.15,3066.85,14.0966,235.64,3861.46,14.0966,267.889,4861.11,14.0966,304.391,6118.54,14.0966,345.709,7699.91,14.0966,392.478,9688.22,14.0966,445.417,12187.5,14.0966,505.339,15327.7,14.0966,573.165,19271.6,14.0966,649.938,24222,14.0966,736.839,30430.9,14.0966,835.202,38211.5,14.0966,946.539,47950.3,14.0966,1072.56,60122.8,14.0966,1215.21,75309.9,14.0966,1376.66,94216.2,14.0966,1559.41,117688,14.0966,1766.26,146729,14.0966,2000.39,182510,14.0966,2265.39,226372,14.0966,2565.33,279806,14.0966,2904.81,344416,14.0966,3289.05,421845,14.0966,3723.93,513667,14.0966,4216.13,621231,14.0966,4773.18,745478,14.0966,5403.64,886744,14.0966,6117.15,1.04457e+06,14.0966,6924.63,1.2176e+06,14.0966,11.7194,11.96,12.6541,13.9321,16.1295,13.6434,16.6097,21.9702,13.9553,19.7532,29.5285,14.0526,23.3844,39.1143,14.0829,27.5423,51.2054,14.0923,32.2796,66.434,14.0953,37.662,85.6061,14.0962,43.7675,109.74,14.0965,50.687,140.119,14.0966,58.5249,178.359,14.0966,67.4005,226.493,14.0966,77.4493,287.08,14.0966,88.8254,363.343,14.0966,101.703,459.336,14.0966,116.281,580.161,14.0966,132.782,732.241,14.0966,151.46,923.655,14.0966,172.603,1164.57,14.0966,196.535,1467.79,14.0966,223.625,1849.39,14.0966,254.288,2329.62,14.0966,288.997,2933.93,14.0966,328.285,3694.33,14.0966,372.755,4651.04,14.0966,423.092,5854.57,14.0966,480.07,7368.38,14.0966,544.564,9272.08,14.0966,617.566,11665.5,14.0966,700.197,14673.6,14.0966,793.729,18452.9,14.0966,899.599,23198.6,14.0966,1019.43,29154.1,14.0966,1155.07,36622.3,14.0966,1308.6,45977.9,14.0966,1482.39,57683.7,14.0966,1679.09,72307.8,14.0966,1901.73,90542.8,14.0966,2153.73,113226,14.0966,2438.97,141360,14.0966,2761.81,176127,14.0966,3127.22,218898,14.0966,3540.81,271226,14.0966,4008.92,334817,14.0966,4538.74,411470,14.0966,5138.38,502973,14.0966,5817.04,610948,14.0966,6585.12,736653,14.0966,7454.39,880741,14.0966,8438.15,1.04302e+06,14.0966,9551.45,1.22224e+06,14.0966,10811.3,1.41602e+06,14.0966,12237,1.62086e+06,14.0966,11.7194,11.96,12.6541,2.21263,4.16949,0.989383,2.67766,5.84076,0.311842,3.14343,7.55825,0.0972771,3.63127,9.58578,0.0303237,4.15787,12.0912,0.00945211,4.73731,15.2286,0.00294633,5.38238,19.1721,0.000918508,6.10553,24.134,0.000286163,6.91951,30.3791,8.92692e-05,7.83792,38.2397,2.78121e-05,8.87555,48.1338,8.65134e-06,10.0489,60.5876,2.7882e-06,11.3761,76.2629,8.29036e-07,12.8779,95.9927,2.4373e-07,14.5775,120.825,4.33068e-09,16.5012,152.08,1.75749e-07,18.6784,191.415,-1.86328e-07,21.1428,240.917,1.91829e-07,23.9322,303.213,-1.81475e-07,27.0895,381.602,7.0186e-08,30.6634,480.231,-2.86769e-08,34.7087,604.316,2.40784e-07,39.2876,760.401,9.87368e-08,44.4705,956.705,1.22263e-07,50.3371,1203.54,-4.31966e-07,56.9776,1513.81,-1.9705e-07,64.494,1903.69,-2.763e-08,73.0018,2393.4,3.9185e-07,82.6317,3008.13,1.35379e-07,93.5318,3779.25,-4.16351e-08,105.869,4745.7,2.06965e-08,119.834,5955.6,-3.18887e-07,135.641,7468.12,-1.48271e-08,153.531,9355.62,2.00739e-07,173.781,11705.8,2.28358e-07,196.701,14624.1,-1.93587e-08,222.642,18235,-2.88101e-07,252.003,22683.4,-2.24732e-07,285.234,28134,8.56806e-09,322.845,34767,2.34258e-07,365.413,42770.9,2.99668e-07,413.588,52327.9,8.28644e-08,468.111,63591.2,-3.07049e-07,529.814,76653.2,-3.1888e-07,599.642,91502.5,-6.72276e-08,678.662,107975,2.26339e-07,768.083,125705,3.69212e-07,869.267,144088,2.04077e-07,983.76,162277,-2.80509e-07,1113.3,179223,-4.22737e-07,1259.87,193777,-1.71951e-07,1425.68,204839,4.55555e-07,11.7194,11.96,12.6541,2.21263,4.16949,0.989383,2.67766,5.84076,0.311842,3.14343,7.55825,0.0972771,3.63127,9.58578,0.0303237,4.15787,12.0912,0.00945211,4.73731,15.2286,0.00294633,5.38238,19.1721,0.000918508,6.10553,24.134,0.000286163,6.91951,30.3791,8.92692e-05,7.83792,38.2397,2.78121e-05,8.87555,48.1338,8.65134e-06,10.0489,60.5876,2.7882e-06,11.3761,76.2629,8.29036e-07,12.8779,95.9927,2.4373e-07,14.5775,120.825,1e-08,16.5012,152.08,1.75749e-07,18.6784,191.415,1e-08,21.1428,240.917,1.91829e-07,23.9322,303.213,1e-08,27.0895,381.602,7.0186e-08,30.6634,480.231,1e-08,34.7087,604.316,2.40784e-07,39.2876,760.401,9.87368e-08,44.4705,956.705,1.22263e-07,50.3371,1203.54,1e-08,56.9776,1513.81,1e-08,64.494,1903.69,1e-08,73.0018,2393.4,3.9185e-07,82.6317,3008.13,1.35379e-07,93.5318,3779.25,1e-08,105.869,4745.7,2.06965e-08,119.834,5955.6,1e-08,135.641,7468.12,1e-08,153.531,9355.62,2.00739e-07,173.781,11705.8,2.28358e-07,196.701,14624.1,1e-08,222.642,18235,1e-08,252.003,22683.4,1e-08,285.234,28134,1e-08,322.845,34767,2.34258e-07,365.413,42770.9,2.99668e-07,413.588,52327.9,8.28644e-08,468.111,63591.2,1e-08,529.814,76653.2,1e-08,599.642,91502.5,1e-08,678.662,107975,2.26339e-07,768.083,125705,3.69212e-07,869.267,144088,2.04077e-07,983.76,162277,1e-08,1113.3,179223,1e-08,1259.87,193777,1e-08,1425.68,204839,4.55555e-07,6.2823,3.27286,2.43537,0.219672,6.18826,2.24117,0.56371,6.87772,2.63624,0.308279,5,12,15,3,11,0,1,5,0,2,5,0,3,17,0,3,14,0,8,15,0,13,7,0,4,15,0,14,41,0,1,15,0,4,63,0,9,43,0,7,39,0,10,105,0,21,100,0,11,106,0,17,189,0,11,108,0,11,155,0,26,294,0,24,686,0,54,648,0,26,943,0,53,909,0,69,818,0,56,1254,0,30,2386,0,25,1118,0,62,2530,0,51,5013,0,115,2787,0,65,3409,0,91,6039,0,105,7670,0,189,9220,0,161,24627,0,223,19838,0,112,37894,0,264,19380,0,69,37065,0,245,19967,0,280,40256,0,503,57383,0,235,148976,0,475,82918,0,524,149062,0,325,145789,0,459,184055,0,1102,177595,0,1186,128637,0,582,213365,0,1349,127076,0
-1.05176e+08,1,8.88811e-15,10,1023,0,1.05176e+08,0.528882,1.08665,0.389689,0.145397,0.379329,3.24381,0.161596,0.446195,1.77396,0.159177,1.15e+07,4.49998e+06,6.79999e+06,1.15e+07,4.49997e+06,6.79999e+06,1.15e+07,4.49996e+06,6.79999e+06,1.15e+07,4.49995e+06,6.79999e+06,1.14999e+07,4.49993e+06,6.79999e+06,1.14999e+07,4.49991e+06,6.79999e+06,1.14999e+07,4.49989e+06,6.79999e+06,1.14999e+07,4.49986e+06,6.79999e+06,1.14999e+07,4.49982e+06,6.79999e+06,1.14999e+07,4.49977e+06,6.79999e+06,1.14999e+07,4.49971e+06,6.79999e+06,1.14999e+07,4.49963e+06,6.79999e+06,1.14998e+07,4.49953e+06,6.79999e+06,1.14998e+07,4.49941e+06,6.79999e+06,1.14998e+07,4.49926e+06,6.79999e+06,1.14998e+07,4.49906e+06,6.79999e+06,1.14997e+07,4.49882e+06,6.79999e+06,1.14997e+07,4.49851e+06,6.79999e+06,1.14997e+07,4.49812e+06,6.79999e+06,1.14996e+07,4.49764e+06,6.79999e+06,1.14996e+07,4.49702e+06,6.79999e+06,1.14995e+07,4.49625e+06,6.79999e+06,1.14995e+07,4.49528e+06,6.79999e+06,1.14994e+07,4.49406e+06,6.79999e+06,1.14993e+07,4.49253e+06,6.79999e+06,1.14992e+07,4.49059e+06,6.79999e+06,1.14991e+07,4.48817e+06,6.79999e+06,1.1499e+07,4.48511e+06,6.79999e+06,1.14988e+07,4.48128e+06,6.79999e+06,1.14987e+07,4.47646e+06,6.79999e+06,1.14985e+07,4.47041e+06,6.79999e+06,1.14983e+07,4.46281e+06,6.79999e+06,1.14981e+07,4.4533e+06,6.79999e+06,1.14979e+07,4.44138e+06,6.79999e+06,1.14976e+07,4.42649e+06,6.79999e+06,1.14972e+07,4.40789e+06,6.79999e+06,1.14969e+07,4.38471e+06,6.79999e+06,1.14965e+07,4.35592e+06,6.79999e+06,1.1496e+07,4.32027e+06,6.79999e+06,1.14955e+07,4.27629e+06,6.79999e+06,1.14949e+07,4.22231e+06,6.79999e+06,1.14942e+07,4.15647e+06,6.79999e+06,1.14934e+07,4.07676e+06,6.79999e+06,1.14926e+07,3.98112e+06,6.79999e+06,1.14916e+07,3.86765e+06,6.79999e+06,1.14905e+07,3.73474e+06,6.79999e+06,1.14892e+07,3.58148e+06,6.79999e+06,1.14878e+07,3.40785e+06,6.79999e+06,1.14862e+07,3.21513e+06,6.79999e+06,1.14844e+07,3.00605e+06,6.79999e+06,1.14823e+07,2.7848e+06,6.79999e+06,1.148e+07,2.5568e+06,6.79999e+06,1.14773e+07,2.32825e+06,6.79999e+06,13.5742,8.52444,0.508366,16.8306,13.2585,0.162638,20.0035,17.569,0.0507846,23.2616,22.4214,0.0158319,26.7328,28.3297,0.00493498,30.5212,35.6974,0.00153831,34.7178,44.9473,0.000479527,39.4086,56.5822,0.000149456,44.6796,71.2245,4.66214e-05,50.6209,89.6543,1.45419e-05,57.3297,112.852,4.54748e-06,64.9129,142.051,1.43857e-06,73.4897,178.803,4.36618e-07,83.1934,225.062,1.40153e-07,94.1745,283.286,4.96378e-08,106.602,356.568,1.05434e-07,120.669,448.799,-6.49244e-08,136.59,564.873,1.70148e-07,154.611,710.948,-5.34594e-08,175.008,894.767,1.63407e-07,198.097,1126.06,8.04804e-08,224.231,1417.07,1.14667e-07,253.813,1783.15,-1.71227e-07,287.297,2243.62,-2.88466e-07,325.198,2822.67,-4.33651e-07,368.098,3550.67,7.9318e-08,416.657,4465.65,3.13319e-07,471.621,5615.16,3.4613e-07,533.835,7058.61,-1.19199e-07,604.255,8870.02,-2.79964e-07,683.962,11141.4,-2.30521e-07,774.182,13986.7,-2.55099e-07,876.299,17546.4,1.23585e-07,991.883,21993.1,1.41192e-07,1122.71,27536.7,-9.71886e-08,1270.78,34430.7,-3.68368e-07,1438.38,42977.7,-3.45379e-07,1628.07,53532.7,-3.25328e-09,1842.77,66504.6,2.6362e-07,2085.77,82350.2,2.53445e-07,2360.79,101560,-2.47407e-08,2672.05,124632,-3.80602e-07,3024.31,152018,-4.79005e-07,3422.98,184060,-1.14379e-07,3874.15,220884,2.64297e-07,4384.72,262283,3.44131e-07,4962.49,307576,7.5349e-08,5616.29,355497,-3.63097e-07,6356.1,404126,-6.05442e-07,7193.18,450932,-2.72333e-07,8140.28,492963,2.29675e-07,9211.79,527178,4.3387e-07,10424,550893,-1.0711e-07,10.102,8.06553,2.81012,10.6436,8.57909,0.869423,11.5336,10.2515,0.270869,12.7211,12.7138,0.0844293,14.1823,15.9373,0.0263173,15.9122,20.0383,0.0082035,17.9198,25.2154,0.00255722,20.2244,31.7373,0.000797017,22.8539,39.9486,0.000248622,25.8438,50.2851,7.75492e-05,29.237,63.2963,2.42508e-05,33.0837,79.6738,7.67162e-06,37.4415,100.288,2.32837e-06,42.3767,126.236,7.33e-07,47.9646,158.896,2.79256e-07,54.2906,200.003,9.87351e-09,61.452,251.741,1.61085e-07,69.5585,316.859,-2.47141e-07,78.7347,398.812,8.93552e-08,89.1218,501.948,-2.53231e-07,100.879,631.736,-1.25047e-07,114.188,795.049,-1.78808e-07,129.252,1000.53,2.6733e-07,146.304,1259.03,4.50292e-07,165.605,1584.19,6.76904e-07,187.452,1993.12,-1.23808e-07,212.181,2507.27,-4.89068e-07,240.173,3153.54,-5.40284e-07,271.856,3965.56,1.86061e-07,307.719,4985.38,4.37004e-07,348.313,6265.4,3.59828e-07,394.26,7870.83,3.98192e-07,446.268,9882.51,-1.92908e-07,505.135,12400.3,-2.20392e-07,571.766,15546.9,1.51705e-07,647.184,19472.2,5.74996e-07,732.547,24357.4,5.39112e-07,829.167,30420,5.07815e-09,938.526,37916.3,-4.11492e-07,1062.3,47143.9,-3.9561e-07,1202.4,58439.2,3.86185e-08,1360.96,72169.3,5.94093e-07,1540.42,88715.8,7.47693e-07,1743.53,108445,1.78537e-07,1973.41,131665,-4.12549e-07,2233.57,158557,-5.37164e-07,2528,189103,-1.17615e-07,2861.2,222986,5.66769e-07,3238.27,259510,9.45053e-07,3664.97,297540,4.25093e-07,4147.81,335497,-3.58506e-07,4694.17,371444,-6.7724e-07,5312.37,403256,1.67192e-07,1.61744,3.89446,9.84394,3.28846,7.5504,12.774,5.07607,11.7187,13.6844,7.03202,16.8147,13.9681,9.20215,23.1769,14.0566,11.6301,31.1672,14.0841,14.3598,41.2186,14.0927,17.4376,53.8688,14.0954,20.9137,69.7915,14.0962,24.8432,89.8341,14.0965,29.2879,115.063,14.0966,34.3168,146.819,14.0966,40.0078,186.792,14.0966,46.4487,237.107,14.0966,53.7388,300.44,14.0966,61.9903,380.158,14.0966,71.3301,480.499,14.0966,81.902,606.796,14.0966,93.8685,765.761,14.0966,107.414,965.837,14.0966,122.746,1217.65,14.0966,140.101,1534.57,14.0966,159.745,1933.41,14.0966,181.981,2435.3,14.0966,207.15,3066.85,14.0966,235.64,3861.46,14.0966,267.889,4861.11,14.0966,304.391,6118.54,14.0966,345.709,7699.91,14.0966,392.478,9688.22,14.0966,445.417,12187.5,14.0966,505.339,15327.7,14.0966,573.165,19271.6,14.0966,649.938,24222,14.0966,736.839,30430.9,14.0966,835.202,38211.5,14.0966,946.539,47950.3,14.0966,1072.56,60122.8,14.0966,1215.21,75309.9,14.0966,1376.66,94216.2,14.0966,1559.41,117688,14.0966,1766.26,146729,14.0966,2000.39,182510,14.0966,2265.39,226372,14.0966,2565.33,279806,14.0966,2904.81,344416,14.0966,3289.05,421845,14.0966,3723.93,513667,14.0966,4216.13,621231,14.0966,4773.18,745478,14.0966,5403.64,886744,14.0966,6117.15,1.04457e+06,14.0966,6924.63,1.2176e+06,14.0966,11.7194,11.96,12.6541,13.9321,16.1295,13.6434,16.6097,21.9702,13.9553,19.7532,29.5285,14.0526,23.3844,39.1143,14.0829,27.5423,51.2054,14.0923,32.2796,66.434,14.0953,37.662,85.6061,14.0962,43.7675,109.74,14.0965,50.687,140.119,14.0966,58.5249,178.359,14.0966,67.4005,226.493,14.0966,77.4493,287.08,14.0966,88.8254,363.343,14.0966,101.703,459.336,14.0966,116.281,580.161,14.0966,132.782,732.241,14.0966,151.46,923.655,14.0966,172.603,1164.57,14.0966,196.535,1467.79,14.0966,223.625,1849.39,14.0966,254.288,2329.62,14.0966,288.997,2933.93,14.0966,328.285,3694.33,14.0966,372.755,4651.04,14.0966,423.092,5854.57,14.0966,480.07,7368.38,14.0966,544.564,9272.08,14.0966,617.566,11665.5,14.0966,700.197,14673.6,14.0966,793.729,18452.9,14.0966,899.599,23198.6,14.0966,1019.43,29154.1,14.0966,1155.07,36622.3,14.0966,1308.6,45977.9,14.0966,1482.39,57683.7,14.0966,1679.09,72307.8,14.0966,1901.73,90542.8,14.0966,2153.73,113226,14.0966,2438.97,141360,14.0966,2761.81,176127,14.0966,3127.22,218898,14.0966,3540.81,271226,14.0966,4008.92,334817,14.0966,4538.74,411470,14.0966,5138.38,502973,14.0966,5817.04,610948,14.0966,6585.12,736653,14.0966,7454.39,880741,14.0966,8438.15,1.04302e+06,14.0966,9551.45,1.22224e+06,14.0966,10811.3,1.41602e+06,14.0966,12237,1.62086e+06,14.0966,11.7194,11.96,12.6541,2.21263,4.16949,0.989383,2.67766,5.84076,0.311842,3.14343,7.55825,0.0972771,3.63127,9.58578,0.0303237,4.15787,12.0912,0.00945211,4.73731,15.2286,0.00294633,5.38238,19.1721,0.000918508,6.10553,24.134,0.000286163,6.91951,30.3791,8.92692e-05,7.83792,38.2397,2.78121e-05,8.87555,48.1338,8.65134e-06,10.0489,60.5876,2.7882e-06,11.3761,76.2629,8.29036e-07,12.8779,95.9927,2.4373e-07,14.5775,120.825,4.33068e-09,16.5012,152.08,1.75749e-07,18.6784,191.415,-1.86328e-07,21.1428,240.917,1.91829e-07,23.9322,303.213,-1.81475e-07,27.0895,381.602,7.0186e-08,30.6634,480.231,-2.86769e-08,34.7087,604.316,2.40784e-07,39.2876,760.401,9.87368e-08,44.4705,956.705,1.22263e-07,50.3371,1203.54,-4.31966e-07,56.9776,1513.81,-1.9705e-07,64.494,1903.69,-2.763e-08,73.0018,2393.4,3.9185e-07,82.6317,3008.13,1.35379e-07,93.5318,3779.25,-4.16351e-08,105.869,4745.7,2.06965e-08,119.834,5955.6,-3.18887e-07,135.641,7468.12,-1.48271e-08,153.531,9355.62,2.00739e-07,173.781,11705.8,2.28358e-07,196.701,14624.1,-1.93587e-08,222.642,18235,-2.88101e-07,252.003,22683.4,-2.24732e-07,285.234,28134,8.56806e-09,322.845,34767,2.34258e-07,365.413,42770.9,2.99668e-07,413.588,52327.9,8.28644e-08,468.111,63591.2,-3.07049e-07,529.814,76653.2,-3.1888e-07,599.642,91502.5,-6.72276e-08,678.662,107975,2.26339e-07,768.083,125705,3.69212e-07,869.267,144088,2.04077e-07,983.76,162277,-2.80509e-07,1113.3,179223,-4.22737e-07,1259.87,193777,-1.71951e-07,1425.68,204839,4.55555e-07,11.7194,11.96,12.6541,2.21263,4.16949,0.989383,2.67766,5.84076,0.311842,3.14343,7.55825,0.0972771,3.63127,9.58578,0.0303237,4.15787,12.0912,0.00945211,4.73731,15.2286,0.00294633,5.38238,19.1721,0.000918508,6.10553,24.134,0.000286163,6.91951,30.3791,8.92692e-05,7.83792,38.2397,2.78121e-05,8.87555,48.1338,8.65134e-06,10.0489,60.5876,2.7882e-06,11.3761,76.2629,8.29036e-07,12.8779,95.9927,2.4373e-07,14.5775,120.825,1e-08,16.5012,152.08,1.75749e-07,18.6784,191.415,1e-08,21.1428,240.917,1.91829e-07,23.9322,303.213,1e-08,27.0895,381.602,7.0186e-08,30.6634,480.231,1e-08,34.7087,604.316,2.40784e-07,39.2876,760.401,9.87368e-08,44.4705,956.705,1.22263e-07,50.3371,1203.54,1e-08,56.9776,1513.81,1e-08,64.494,1903.69,1e-08,73.0018,2393.4,3.9185e-07,82.6317,3008.13,1.35379e-07,93.5318,3779.25,1e-08,105.869,4745.7,2.06965e-08,119.834,5955.6,1e-08,135.641,7468.12,1e-08,153.531,9355.62,2.00739e-07,173.781,11705.8,2.28358e-07,196.701,14624.1,1e-08,222.642,18235,1e-08,252.003,22683.4,1e-08,285.234,28134,1e-08,322.845,34767,2.34258e-07,365.413,42770.9,2.99668e-07,413.588,52327.9,8.28644e-08,468.111,63591.2,1e-08,529.814,76653.2,1e-08,599.642,91502.5,1e-08,678.662,107975,2.26339e-07,768.083,125705,3.69212e-07,869.267,144088,2.04077e-07,983.76,162277,1e-08,1113.3,179223,1e-08,1259.87,193777,1e-08,1425.68,204839,4.55555e-07,6.2823,3.27286,2.43537,0.219672,6.18826,2.24117,0.56371,6.87772,2.63624,0.308279,14,19,19,5,1,3,0,3,0,1,3,0,5,3,0,3,8,0,3,13,0,8,9,0,11,17,0,6,29,0,5,12,0,15,28,0,15,22,0,15,36,0,10,59,0,21,161,0,24,136,0,8,208,0,22,171,0,22,491,0,59,306,0,73,627,0,39,491,0,34,1012,0,48,922,0,51,2704,0,41,1779,0,100,2269,0,62,1922,0,90,2929,0,125,4773,0,157,2744,0,123,7015,0,202,8613,0,173,9970,0,88,11665,0,137,13614,0,331,19376,0,296,11445,0,203,15280,0,309,28151,0,468,31948,0,437,47777,0,382,67617,0,694,49565,0,333,109956,0,843,77779,0,476,96495,0,522,80511,0,1204,69870,0,895,106172,0,1093,216816,0,1017,164774,0
-1.05176e+08,1,8.88811e-15,10,1023,0,1.05176e+08,0.528882,1.08665,0.389689,0.145397,0.379329,3.24381,0.161596,0.446195,1.77396,0.159177,1.15e+07,4.49998e+06,6.79999e+06,1.15e+07,4.49997e+06,6.79999e+06,1.15e+07,4.49996e+06,6.79999e+06,1.15e+07,4.49995e+06,6.79999e+06,1.14999e+07,4.49993e+06,6.79999e+06,1.14999e+07,4.49991e+06,6.79999e+06,1.14999e+07,4.49989e+06,6.79999e+06,1.14999e+07,4.49986e+06,6.79999e+06,1.14999e+07,4.49982e+06,6.79999e+06,1.14999e+07,4.49977e+06,6.79999e+06,1.14999e+07,4.49971e+06,6.79999e+06,1.14999e+07,4.49963e+06,6.79999e+06,1.14998e+07,4.49953e+06,6.79999e+06,1.14998e+07,4.49941e+06,6.79999e+06,1.14998e+07,4.49926e+06,6.79999e+06,1.14998e+07,4.49906e+06,6.79999e+06,1.14997e+07,4.49882e+06,6.79999e+06,1.14997e+07,4.49851e+06,6.79999e+06,1.14997e+07,4.49812e+06,6.79999e+06,1.14996e+07,4.49764e+06,6.79999e+06,1.14996e+07,4.49702e+06,6.79999e+06,1.14995e+07,4.49625e+06,6.79999e+06,1.14995e+07,4.49528e+06,6.79999e+06,1.14994e+07,4.49406e+06,6.79999e+06,1.14993e+07,4.49253e+06,6.79999e+06,1.14992e+07,4.49059e+06,6.79999e+06,1.14991e+07,4.48817e+06,6.79999e+06,1.1499e+07,4.48511e+06,6.79999e+06,1.14988e+07,4.48128e+06,6.79999e+06,1.14987e+07,4.47646e+06,6.79999e+06,1.14985e+07,4.47041e+06,6.79999e+06,1.14983e+07,4.46281e+06,6.79999e+06,1.14981e+07,4.4533e+06,6.79999e+06,1.14979e+07,4.44138e+06,6.79999e+06,1.14976e+07,4.42649e+06,6.79999e+06,1.14972e+07,4.40789e+06,6.79999e+06,1.14969e+07,4.38471e+06,6.79999e+06,1.14965e+07,4.35592e+06,6.79999e+06,1.1496e+07,4.32027e+06,6.79999e+06,1.14955e+07,4.27629e+06,6.79999e+06,1.14949e+07,4.22231e+06,6.79999e+06,1.14942e+07,4.15647e+06,6.79999e+06,1.14934e+07,4.07676e+06,6.79999e+06,1.14926e+07,3.98112e+06,6.79999e+06,1.14916e+07,3.86765e+06,6.79999e+06,1.14905e+07,3.73474e+06,6.79999e+06,1.14892e+07,3.58148e+06,6.79999e+06,1.14878e+07,3.40785e+06,6.79999e+06,1.14862e+07,3.21513e+06,6.79999e+06,1.14844e+07,3.00605e+06,6.79999e+06,1.14823e+07,2.7848e+06,6.79999e+06,1.148e+07,2.5568e+06,6.79999e+06,1.14773e+07,2.32825e+06,6.79999e+06,13.5742,8.52444,0.508366,16.8306,13.2585,0.162638,20.0035,17.569,0.0507846,23.2616,22.4214,0.0158319,26.7328,28.3297,0.00493498,30.5212,35.6974,0.00153831,34.7178,44.9473,0.000479527,39.4086,56.5822,0.000149456,44.6796,71.2245,4.66214e-05,50.6209,89.6543,1.45419e-05,57.3297,112.852,4.54748e-06,64.9129,142.051,1.43857e-06,73.4897,178.803,4.36618e-07,83.1934,225.062,1.40153e-07,94.1745,283.286,4.96378e-08,106.602,356.568,1.05434e-07,120.669,448.799,-6.49244e-08,136.59,564.873,1.70148e-07,154.611,710.948,-5.34594e-08,175.008,894.767,1.63407e-07,198.097,1126.06,8.04804e-08,224.231,1417.07,1.14667e-07,253.813,1783.15,-1.71227e-07,287.297,2243.62,-2.88466e-07,325.198,2822.67,-4.33651e-07,368.098,3550.67,7.9318e-08,416.657,4465.65,3.13319e-07,471.621,5615.16,3.4613e-07,533.835,7058.61,-1.19199e-07,604.255,8870.02,-2.79964e-07,683.962,11141.4,-2.30521e-07,774.182,13986.7,-2.55099e-07,876.299,17546.4,1.23585e-07,991.883,21993.1,1.41192e-07,1122.71,27536.7,-9.71886e-08,1270.78,34430.7,-3.68368e-07,1438.38,42977.7,-3.45379e-07,1628.07,53532.7,-3.25328e-09,1842.77,66504.6,2.6362e-07,2085.77,82350.2,2.53445e-07,2360.79,101560,-2.47407e-08,2672.05,124632,-3.80602e-07,3024.31,152018,-4.79005e-07,3422.98,184060,-1.14379e-07,3874.15,220884,2.64297e-07,4384.72,262283,3.44131e-07,4962.49,307576,7.5349e-08,5616.29,355497,-3.63097e-07,6356.1,404126,-6.05442e-07,7193.18,450932,-2.72333e-07,8140.28,492963,2.29675e-07,9211.79,527178,4.3387e-07,10424,550893,-1.0711e-07,10.102,8.06553,2.81012,10.6436,8.57909,0.869423,11.5336,10.2515,0.270869,12.7211,12.7138,0.0844293,14.1823,15.9373,0.0263173,15.9122,20.0383,0.0082035,17.9198,25.2154,0.00255722,20.2244,31.7373,0.000797017,22.8539,39.9486,0.000248622,25.8438,50.2851,7.75492e-05,29.237,63.2963,2.42508e-05,33.0837,79.6738,7.67162e-06,37.4415,100.288,2.32837e-06,42.3767,126.236,7.33e-07,47.9646,158.896,2.79256e-07,54.2906,200.003,9.87351e-09,61.452,251.741,1.61085e-07,69.5585,316.859,-2.47141e-07,78.7347,398.812,8.93552e-08,89.1218,501.948,-2.53231e-07,100.879,631.736,-1.25047e-07,114.188,795.049,-1.78808e-07,129.252,1000.53,2.6733e-07,146.304,1259.03,4.50292e-07,165.605,1584.19,6.76904e-07,187.452,1993.12,-1.23808e-07,212.181,2507.27,-4.89068e-07,240.173,3153.54,-5.40284e-07,271.856,3965.56,1.86061e-07,307.719,4985.38,4.37004e-07,348.313,6265.4,3.59828e-07,394.26,7870.83,3.98192e-07,446.268,9882.51,-1.92908e-07,505.135,12400.3,-2.20392e-07,571.766,15546.9,1.51705e-07,647.184,19472.2,5.74996e-07,732.547,24357.4,5.39112e-07,829.167,30420,5.07815e-09,938.526,37916.3,-4.11492e-07,1062.3,47143.9,-3.9561e-07,1202.4,58439.2,3.86185e-08,1360.96,72169.3,5.94093e-07,1540.42,88715.8,7.47693e-07,1743.53,108445,1.78537e-07,1973.41,131665,-4.12549e-07,2233.57,158557,-5.37164e-07,2528,189103,-1.17615e-07,2861.2,222986,5.66769e-07,3238.27,259510,9.45053e-07,3664.97,297540,4.25093e-07,4147.81,335497,-3.58506e-07,4694.17,371444,-6.7724e-07,5312.37,403256,1.67192e-07,1.61744,3.89446,9.84394,3.28846,7.5504,12.774,5.07607,11.7187,13.6844,7.03202,16.8147,13.9681,9.20215,23.1769,14.0566,11.6301,31.1672,14.0841,14.3598,41.2186,14.0927,17.4376,53.8688,14.0954,20.9137,69.7915,14.0962,24.8432,89.8341,14.0965,29.2879,115.063,14.0966,34.3168,146.819,14.0966,40.0078,186.792,14.0966,46.4487,237.107,14.0966,53.7388,300.44,14.0966,61.9903,380.158,14.0966,71.3301,480.499,14.0966,81.902,606.796,14.0966,93.8685,765.761,14.0966,107.414,965.837,14.0966,122.746,1217.65,14.0966,140.101,1534.57,14.0966,159.745,1933.41,14.0966,181.981,2435.3,14.0966,207.15,3066.85,14.0966,235.64,3861.46,14.0966,267.889,4861.11,14.0966,304.391,6118.54,14.0966,345.709,7699.91,14.0966,392.478,9688.22,14.0966,445.417,12187.5,14.0966,505.339,15327.7,14.0966,573.165,19271.6,14.0966,649.938,24222,14.0966,736.839,30430.9,14.0966,835.202,38211.5,14.0966,946.539,47950.3,14.0966,1072.56,60122.8,14.0966,1215.21,75309.9,14.0966,1376.66,94216.2,14.0966,1559.41,117688,14.0966,1766.26,146729,14.0966,2000.39,182510,14.0966,2265.39,226372,14.0966,2565.33,279806,14.0966,2904.81,344416,14.0966,3289.05,421845,14.0966,3723.93,513667,14.0966,4216.13,621231,14.0966,4773.18,745478,14.0966,5403.64,886744,14.0966,6117.15,1.04457e+06,14.0966,6924.63,1.2176e+06,14.0966,11.7194,11.96,12.6541,13.9321,16.1295,13.6434,16.6097,21.9702,13.9553,19.7532,29.5285,14.0526,23.3844,39.1143,14.0829,27.5423,51.2054,14.0923,32.2796,66.434,14.0953,37.662,85.6061,14.0962,43.7675,109.74,14.0965,50.687,140.119,14.0966,58.5249,178.359,14.0966,67.4005,226.493,14.0966,77.4493,287.08,14.0966,88.8254,363.343,14.0966,101.703,459.336,14.0966,116.281,580.161,14.0966,132.782,732.241,14.0966,151.46,923.655,14.0966,172.603,1164.57,14.0966,196.535,1467.79,14.0966,223.625,1849.39,14.0966,254.288,2329.62,14.0966,288.997,2933.93,14.0966,328.285,3694.33,14.0966,372.755,4651.04,14.0966,423.092,5854.57,14.0966,480.07,7368.38,14.0966,544.564,9272.08,14.0966,617.566,11665.5,14.0966,700.197,14673.6,14.0966,793.729,18452.9,14.0966,899.599,23198.6,14.0966,1019.43,29154.1,14.0966,1155.07,36622.3,14.0966,1308.6,45977.9,14.0966,1482.39,57683.7,14.0966,1679.09,72307.8,14.0966,1901.73,90542.8,14.0966,2153.73,113226,14.0966,2438.97,141360,14.0966,2761.81,176127,14.0966,3127.22,218898,14.0966,3540.81,271226,14.0966,4008.92,334817,14.0966,4538.74,411470,14.0966,5138.38,502973,14.0966,5817.04,610948,14.0966,6585.12,736653,14.0966,7454.39,880741,14.0966,8438.15,1.04302e+06,14.0966,9551.45,1.22224e+06,14.0966,10811.3,1.41602e+06,14.0966,12237,1.62086e+06,14.0966,11.7194,11.96,12.6541,2.21263,4.16949,0.989383,2.67766,5.84076,0.311842,3.14343,7.55825,0.0972771,3.63127,9.58578,0.0303237,4.15787,12.0912,0.00945211,4.73731,15.2286,0.00294633,5.38238,19.1721,0.000918508,6.10553,24.134,0.000286163,6.91951,30.3791,8.92692e-05,7.83792,38.2397,2.78121e-05,8.87555,48.1338,8.65134e-06,10.0489,60.5876,2.7882e-06,11.3761,76.2629,8.29036e-07,12.8779,95.9927,2.4373e-07,14.5775,120.825,4.33068e-09,16.5012,152.08,1.75749e-07,18.6784,191.415,-1.86328e-07,21.1428,240.917,1.91829e-07,23.9322,303.213,-1.81475e-07,27.0895,381.602,7.0186e-08,30.6634,480.231,-2.86769e-08,34.7087,604.316,2.40784e-07,39.2876,760.401,9.87368e-08,44.4705,956.705,1.22263e-07,50.3371,1203.54,-4.31966e-07,56.9776,1513.81,-1.9705e-07,64.494,1903.69,-2.763e-08,73.0018,2393.4,3.9185e-07,82.6317,3008.13,1.35379e-07,93.5318,3779.25,-4.16351e-08,105.869,4745.7,2.06965e-08,119.834,5955.6,-3.18887e-07,135.641,7468.12,-1.48271e-08,153.531,9355.62,2.00739e-07,173.781,11705.8,2.28358e-07,196.701,14624.1,-1.93587e-08,222.642,18235,-2.88101e-07,252.003,22683.4,-2.24732e-07,285.234,28134,8.56806e-09,322.845,34767,2.34258e-07,365.413,42770.9,2.99668e-07,413.588,52327.9,8.28644e-08,468.111,63591.2,-3.07049e-07,529.814,76653.2,-3.1888e-07,599.642,91502.5,-6.72276e-08,678.662,107975,2.26339e-07,768.083,125705,3.69212e-07,869.267,144088,2.04077e-07,983.76,162277,-2.80509e-07,1113.3,179223,-4.22737e-07,1259.87,193777,-1.71951e-07,1425.68,204839,4.55555e-07,11.7194,11.96,12.6541,2.21263,4.16949,0.989383,2.67766,5.84076,0.311842,3.14343,7.55825,0.0972771,3.63127,9.58578,0.0303237,4.15787,12.0912,0.00945211,4.73731,15.2286,0.00294633,5.38238,19.1721,0.000918508,6.10553,24.134,0.000286163,6.91951,30.3791,8.92692e-05,7.83792,38.2397,2.78121e-05,8.87555,48.1338,8.65134e-06,10.0489,60.5876,2.7882e-06,11.3761,76.2629,8.29036e-07,12.8779,95.9927,2.4373e-07,14.5775,120.825,1e-08,16.5012,152.08,1.75749e-07,18.6784,191.415,1e-08,21.1428,240.917,1.91829e-07,23.9322,303.213,1e-08,27.0895,381.602,7.0186e-08,30.6634,480.231,1e-08,34.7087,604.316,2.40784e-07,39.2876,760.401,9.87368e-08,44.4705,956.705,1.22263e-07,50.3371,1203.54,1e-08,56.9776,1513.81,1e-08,64.494,1903.69,1e-08,73.0018,2393.4,3.9185e-07,82.6317,3008.13,1.35379e-07,93.5318,3779.25,1e-08,105.869,4745.7,2.06965e-08,119.834,5955.6,1e-08,135.641,7468.12,1e-08,153.531,9355.62,2.00739e-07,173.781,11705.8,2.28358e-07,196.701,14624.1,1e-08,222.642,18235,1e-08,252.003,22683.4,1e-08,285.234,28134,1e-08,322.845,34767,2.34258e-07,365.413,42770.9,2.99668e-07,413.588,52327.9,8.28644e-08,468.111,63591.2,1e-08,529.814,76653.2,1e-08,599.642,91502.5,1e-08,678.662,107975,2.26339e-07,768.083,125705,3.69212e-07,869.267,144088,2.04077e-07,983.76,162277,1e-08,1113.3,179223,1e-08,1259.87,193777,1e-08,1425.68,204839,4.55555e-07,6.2823,3.27286,2.43537,0.219672,6.18826,2.24117,0.56371,6.87772,2.63624,0.308279,4,10,19,2,4,0,5,0,1,5,10,0,8,10,0,3,14,0,15,6,0,11,30,0,5,29,0,3,6,0,17,39,0,11,63,0,8,20,0,5,124,0,7,181,0,18,102,0,24,78,0,21,380,0,14,234,0,20,226,0,31,557,0,28,427,0,47,587,0,24,245,0,33,544,0,9,1276,0,39,1527,0,59,1996,0,96,1309,0,143,1655,0,27,6288,0,78,5280,0,99,6213,0,72,6753,0,64,5153,0,170,14471,0,71,12828,0,181,10363,0,418,10584,0,239,29011,0,200,31526,0,260,54528,0,677,63954,0,754,57819,0,344,56189,0,288,74582,0,861,121690,0,1277,65342,0,794,197245,0,1056,242632,0,1321,144238,0,579,212800,0,2171,167786,0
-1.05176e+08,1,8.88811e-15,10,1023,0,1.05176e+08,0.528882,1.08665,0.389689,0.145397,0.379329,3.24381,0.161596,0.446195,1.77396,0.159177,1.15e+07,4.49998e+06,6.79999e+06,1.15e+07,4.49997e+06,6.79999e+06,1.15e+07,4.49996e+06,6.79999e+06,1.15e+07,4.49995e+06,6.79999e+06,1.14999e+07,4.49993e+06,6.79999e+06,1.14999e+07,4.49991e+06,6.79999e+06,1.14999e+07,4.49989e+06,6.79999e+06,1.14999e+07,4.49986e+06,6.79999e+06,1.14999e+07,4.49982e+06,6.79999e+06,1.14999e+07,4.49977e+06,6.79999e+06,1.14999e+07,4.49971e+06,6.79999e+06,1.14999e+07,4.49963e+06,6.79999e+06,1.14998e+07,4.49953e+06,6.79999e+06,1.14998e+07,4.49941e+06,6.79999e+06,1.14998e+07,4.49926e+06,6.79999e+06,1.14998e+07,4.49906e+06,6.79999e+06,1.14997e+07,4.49882e+06,6.79999e+06,1.14997e+07,4.49851e+06,6.79999e+06,1.14997e+07,4.49812e+06,6.79999e+06,1.14996e+07,4.49764e+06,6.79999e+06,1.14996e+07,4.49702e+06,6.79999e+06,1.14995e+07,4.49625e+06,6.79999e+06,1.14995e+07,4.49528e+06,6.79999e+06,1.14994e+07,4.49406e+06,6.79999e+06,1.14993e+07,4.49253e+06,6.79999e+06,1.14992e+07,4.49059e+06,6.79999e+06,1.14991e+07,4.48817e+06,6.79999e+06,1.1499e+07,4.48511e+06,6.79999e+06,1.14988e+07,4.48128e+06,6.79999e+06,1.14987e+07,4.47646e+06,6.79999e+06,1.14985e+07,4.47041e+06,6.79999e+06,1.14983e+07,4.46281e+06,6.79999e+06,1.14981e+07,4.4533e+06,6.79999e+06,1.14979e+07,4.44138e+06,6.79999e+06,1.14976e+07,4.42649e+06,6.79999e+06,1.14972e+07,4.40789e+06,6.79999e+06,1.14969e+07,4.38471e+06,6.79999e+06,1.14965e+07,4.35592e+06,6.79999e+06,1.1496e+07,4.32027e+06,6.79999e+06,1.14955e+07,4.27629e+06,6.79999e+06,1.14949e+07,4.22231e+06,6.79999e+06,1.14942e+07,4.15647e+06,6.79999e+06,1.14934e+07,4.07676e+06,6.79999e+06,1.14926e+07,3.98112e+06,6.79999e+06,1.14916e+07,3.86765e+06,6.79999e+06,1.14905e+07,3.73474e+06,6.79999e+06,1.14892e+07,3.58148e+06,6.79999e+06,1.14878e+07,3.40785e+06,6.79999e+06,1.14862e+07,3.21513e+06,6.79999e+06,1.14844e+07,3.00605e+06,6.79999e+06,1.14823e+07,2.7848e+06,6.79999e+06,1.148e+07,2.5568e+06,6.79999e+06,1.14773e+07,2.32825e+06,6.79999e+06,13.5742,8.52444,0.508366,16.8306,13.2585,0.162638,20.0035,17.569,0.0507846,23.2616,22.4214,0.0158319,26.7328,28.3297,0.00493498,30.5212,35.6974,0.00153831,34.7178,44.9473,0.000479527,39.4086,56.5822,0.000149456,44.6796,71.2245,4.66214e-05,50.6209,89.6543,1.45419e-05,57.3297,112.852,4.54748e-06,64.9129,142.051,1.43857e-06,73.4897,178.803,4.36618e-07,83.1934,225.062,1.40153e-07,94.1745,283.286,4.96378e-08,106.602,356.568,1.05434e-07,120.669,448.799,-6.49244e-08,136.59,564.873,1.70148e-07,154.611,710.948,-5.34594e-08,175.008,894.767,1.63407e-07,198.097,1126.06,8.04804e-08,224.231,1417.07,1.14667e-07,253.813,1783.15,-1.71227e-07,287.297,2243.62,-2.88466e-07,325.198,2822.67,-4.33651e-07,368.098,3550.67,7.9318e-08,416.657,4465.65,3.13319e-07,471.621,5615.16,3.4613e-07,533.835,7058.61,-1.19199e-07,604.255,8870.02,-2.79964e-07,683.962,11141.4,-2.30521e-07,774.182,13986.7,-2.55099e-07,876.299,17546.4,1.23585e-07,991.883,21993.1,1.41192e-07,1122.71,27536.7,-9.71886e-08,1270.78,34430.7,-3.68368e-07,1438.38,42977.7,-3.45379e-07,1628.07,53532.7,-3.25328e-09,1842.77,66504.6,2.6362e-07,2085.77,82350.2,2.53445e-07,2360.79,101560,-2.47407e-08,2672.05,124632,-3.80602e-07,3024.31,152018,-4.79005e-07,3422.98,184060,-1.14379e-07,3874.15,220884,2.64297e-07,4384.72,262283,3.44131e-07,4962.49,307576,7.5349e-08,5616.29,355497,-3.63097e-07,6356.1,404126,-6.05442e-07,7193.18,450932,-2.72333e-07,8140.28,492963,2.29675e-07,9211.79,527178,4.3387e-07,10424,550893,-1.0711e-07,10.102,8.06553,2.81012,10.6436,8.57909,0.869423,11.5336,10.2515,0.270869,12.7211,12.7138,0.0844293,14.1823,15.9373,0.0263173,15.9122,20.0383,0.0082035,17.9198,25.2154,0.00255722,20.2244,31.7373,0.000797017,22.8539,39.9486,0.000248622,25.8438,50.2851,7.75492e-05,29.237,63.2963,2.42508e-05,33.0837,79.6738,7.67162e-06,37.4415,100.288,2.32837e-06,42.3767,126.236,7.33e-07,47.9646,158.896,2.79256e-07,54.2906,200.003,9.87351e-09,61.452,251.741,1.61085e-07,69.5585,316.859,-2.47141e-07,78.7347,398.812,8.93552e-08,89.1218,501.948,-2.53231e-07,100.879,631.736,-1.25047e-07,114.188,795.049,-1.78808e-07,129.252,1000.53,2.6733e-07,146.304,1259.03,4.50292e-07,165.605,1584.19,6.76904e-07,187.452,1993.12,-1.23808e-07,212.181,2507.27,-4.89068e-07,240.173,3153.54,-5.40284e-07,271.856,3965.56,1.86061e-07,307.719,4985.38,4.37004e-07,348.313,6265.4,3.59828e-07,394.26,7870.83,3.98192e-07,446.268,9882.51,-1.92908e-07,505.135,12400.3,-2.20392e-07,571.766,15546.9,1.51705e-07,647.184,19472.2,5.74996e-07,732.547,24357.4,5.39112e-07,829.167,30420,5.07815e-09,938.526,37916.3,-4.11492e-07,1062.3,47143.9,-3.9561e-07,1202.4,58439.2,3.86185e-08,1360.96,72169.3,5.94093e-07,1540.42,88715.8,7.47693e-07,1743.53,108445,1.78537e-07,1973.41,131665,-4.12549e-07,2233.57,158557,-5.37164e-07,2528,189103,-1.17615e-07,2861.2,222986,5.66769e-07,3238.27,259510,9.45053e-07,3664.97,297540,4.25093e-07,4147.81,335497,-3.58506e-07,4694.17,371444,-6.7724e-07,5312.37,403256,1.67192e-07,1.61744,3.89446,9.84394,3.28846,7.5504,12.774,5.07607,11.7187,13.6844,7.03202,16.8147,13.9681,9.20215,23.1769,14.0566,11.6301,31.1672,14.0841,14.3598,41.2186,14.0927,17.4376,53.8688,14.0954,20.9137,69.7915,14.0962,24.8432,89.8341,14.0965,29.2879,115.063,14.0966,34.3168,146.819,14.0966,40.0078,186.792,14.0966,46.4487,237.107,14.0966,53.7388,300.44,14.0966,61.9903,380.158,14.0966,71.3301,480.499,14.0966,81.902,606.796,14.0966,93.8685,765.761,14.0966,107.414,965.837,14.0966,122.746,1217.65,14.0966,140.101,1534.57,14.0966,159.745,1933.41,14.0966,181.981,2435.3,14.0966,207.15,3066.85,14.0966,235.64,3861.46,14.0966,267.889,4861.11,14.0966,304.391,6118.54,14.0966,345.709,7699.91,14.0966,392.478,9688.22,14.0966,445.417,12187.5,14.0966,505.339,15327.7,14.0966,573.165,19271.6,14.0966,649.938,24222,14.0966,736.839,30430.9,14.0966,835.202,38211.5,14.0966,946.539,47950.3,14.0966,1072.56,60122.8,14.0966,1215.21,75309.9,14.0966,1376.66,94216.2,14.0966,1559.41,117688,14.0966,1766.26,146729,14.0966,2000.39,182510,14.0966,2265.39,226372,14.0966,2565.33,279806,14.0966,2904.81,344416,14.0966,3289.05,421845,14.0966,3723.93,513667,14.0966,4216.13,621231,14.0966,4773.18,745478,14.0966,5403.64,886744,14.0966,6117.15,1.04457e+06,14.0966,6924.63,1.2176e+06,14.0966,11.7194,11.96,12.6541,13.9321,16.1295,13.6434,16.6097,21.9702,13.9553,19.7532,29.5285,14.0526,23.3844,39.1143,14.0829,27.5423,51.2054,14.0923,32.2796,66.434,14.0953,37.662,85.6061,14.0962,43.7675,109.74,14.0965,50.687,140.119,14.0966,58.5249,178.359,14.0966,67.4005,226.493,14.0966,77.4493,287.08,14.0966,88.8254,363.343,14.0966,101.703,459.336,14.0966,116.281,580.161,14.0966,132.782,732.241,14.0966,151.46,923.655,14.0966,172.603,1164.57,14.0966,196.535,1467.79,14.0966,223.625,1849.39,14.0966,254.288,2329.62,14.0966,288.997,2933.93,14.0966,328.285,3694.33,14.0966,372.755,4651.04,14.0966,423.092,5854.57,14.0966,480.07,7368.38,14.0966,544.564,9272.08,14.0966,617.566,11665.5,14.0966,700.197,14673.6,14.0966,793.729,18452.9,14.0966,899.599,23198.6,14.0966,1019.43,29154.1,14.0966,1155.07,36622.3,14.0966,1308.6,45977.9,14.0966,1482.39,57683.7,14.0966,1679.09,72307.8,14.0966,1901.73,90542.8,14.0966,2153.73,113226,14.0966,2438.97,141360,14.0966,2761.81,176127,14.0966,3127.22,218898,14.0966,3540.81,271226,14.0966,4008.92,334817,14.0966,4538.74,411470,14.0966,5138.38,502973,14.0966,5817.04,610948,14.0966,6585.12,736653,14.0966,7454.39,880741,14.0966,8438.15,1.04302e+06,14.0966,9551.45,1.22224e+06,14.0966,10811.3,1.41602e+06,14.0966,12237,1.62086e+06,14.0966,11.7194,11.96,12.6541,2.21263,4.16949,0.989383,2.67766,5.84076,0.311842,3.14343,7.55825,0.0972771,3.63127,9.58578,0.0303237,4.15787,12.0912,0.00945211,4.73731,15.2286,0.00294633,5.38238,19.1721,0.000918508,6.10553,24.134,0.000286163,6.91951,30.3791,8.92692e-05,7.83792,38.2397,2.78121e-05,8.87555,48.1338,8.65134e-06,10.0489,60.5876,2.7882e-06,11.3761,76.2629,8.29036e-07,12.8779,95.9927,2.4373e-07,14.5775,120.825,4.33068e-09,16.5012,152.08,1.75749e-07,18.6784,191.415,-1.86328e-07,21.1428,240.917,1.91829e-07,23.9322,303.213,-1.81475e-07,27.0895,381.602,7.0186e-08,30.6634,480.231,-2.86769e-08,34.7087,604.316,2.40784e-07,39.2876,760.401,9.87368e-08,44.4705,956.705,1.22263e-07,50.3371,1203.54,-4.31966e-07,56.9776,1513.81,-1.9705e-07,64.494,1903.69,-2.763e-08,73.0018,2393.4,3.9185e-07,82.6317,3008.13,1.35379e-07,93.5318,3779.25,-4.16351e-08,105.869,4745.7,2.06965e-08,119.834,5955.6,-3.18887e-07,135.641,7468.12,-1.48271e-08,153.531,9355.62,2.00739e-07,173.781,11705.8,2.28358e-07,196.701,14624.1,-1.93587e-08,222.642,18235,-2.88101e-07,252.003,22683.4,-2.24732e-07,285.234,28134,8.56806e-09,322.845,34767,2.34258e-07,365.413,42770.9,2.99668e-07,413.588,52327.9,8.28644e-08,468.111,63591.2,-3.07049e-07,529.814,76653.2,-3.1888e-07,599.642,91502.5,-6.72276e-08,678.662,107975,2.26339e-07,768.083,125705,3.69212e-07,869.267,144088,2.04077e-07,983.76,162277,-2.80509e-07,1113.3,179223,-4.22737e-07,1259.87,193777,-1.71951e-07,1425.68,204839,4.55555e-07,11.7194,11.96,12.6541,2.21263,4.16949,0.989383,2.67766,5.84076,0.311842,3.14343,7.55825,0.0972771,3.63127,9.58578,0.0303237,4.15787,12.0912,0.00945211,4.73731,15.2286,0.00294633,5.38238,19.1721,0.000918508,6.10553,24.134,0.000286163,6.91951,30.3791,8.92692e-05,7.83792,38.2397,2.78121e-05,8.87555,48.1338,8.65134e-06,10.0489,60.5876,2.7882e-06,11.3761,76.2629,8.29036e-07,12.8779,95.9927,2.4373e-07,14.5775,120.825,1e-08,16.5012,152.08,1.75749e-07,18.6784,191.415,1e-08,21.1428,240.917,1.91829e-07,23.9322,303.213,1e-08,27.0895,381.602,7.0186e-08,30.6634,480.231,1e-08,34.7087,604.316,2.40784e-07,39.2876,760.401,9.87368e-08,44.4705,956.705,1.22263e-07,50.3371,1203.54,1e-08,56.9776,1513.81,1e-08,64.494,1903.69,1e-08,73.0018,2393.4,3.9185e-07,82.6317,3008.13,1.35379e-07,93.5318,3779.25,1e-08,105.869,4745.7,2.06965e-08,119.834,5955.6,1e-08,135.641,7468.12,1e-08,153.531,9355.62,2.00739e-07,173.781,11705.8,2.28358e-07,196.701,14624.1,1e-08,222.642,18235,1e-08,252.003,22683.4,1e-08,285.234,28134,1e-08,322.845,34767,2.34258e-07,365.413,42770.9,2.99668e-07,413.588,52327.9,8.28644e-08,468.111,63591.2,1e-08,529.814,76653.2,1e-08,599.642,91502.5,1e-08,678.662,107975,2.26339e-07,768.083,125705,3.69212e-07,869.267,144088,2.04077e-07,983.76,162277,1e-08,1113.3,179223,1e-08,1259.87,193777,1e-08,1425.68,204839,4.55555e-07,6.2823,3.27286,2.43537,0.219672,6.18826,2.24117,0.56371,6.87772,2.63624,0.308279,16,14,4,1,3,0,2,2,0,2,6,0,3,6,0,13,9,0,2,6,0,6,15,0,0,34,0,4,17,0,18,28,0,23,50,0,11,43,0,7,64,0,4,107,0,11,151,0,12,167,0,9,278,0,25,335,0,24,230,0,28,209,0,32,894,0,29,640,0,27,681,0,70,332,0,42,1609,0,32,2136,0,105,1772,0,54,1544,0,68,3812,0,142,2161,0,190,5065,0,121,9366,0,242,5704,0,184,8636,0,122,8243,0,230,9256,0,263,11566,0,174,19707,0,90,46714,0,358,41742,0,285,28824,0,773,55008,0,317,49915,0,667,70670,0,540,95925,0,1001,151597,0,658,104800,0,539,111726,0,1111,105437,0,891,231713,0,953,139025,0,1218,652157,0
-1.05176e+08,1,8.88811e-15,10,1023,0,1.05176e+08,0.528882,1.08665,0.389689,0.145397,0.379329,3.24381,0.161596,0.446195,1.77396,0.159177,1.15e+07,4.49998e+06,6.79999e+06,1.15e+07,4.49997e+06,6.79999e+06,1.15e+07,4.49996e+06,6.79999e+06,1.15e+07,4.49995e+06,6.79999e+06,1.14999e+07,4.49993e+06,6.79999e+06,1.14999e+07,4.49991e+06,6.79999e+06,1.14999e+07,4.49989e+06,6.79999e+06,1.14999e+07,4.49986e+06,6.79999e+06,1.14999e+07,4.49982e+06,6.79999e+06,1.14999e+07,4.49977e+06,6.79999e+06,1.14999e+07,4.49971e+06,6.79999e+06,1.14999e+07,4.49963e+06,6.79999e+06,1.14998e+07,4.49953e+06,6.79999e+06,1.14998e+07,4.49941e+06,6.79999e+06,1.14998e+07,4.49926e+06,6.79999e+06,1.14998e+07,4.49906e+06,6.79999e+06,1.14997e+07,4.49882e+06,6.79999e+06,1.14997e+07,4.49851e+06,6.79999e+06,1.14997e+07,4.49812e+06,6.79999e+06,1.14996e+07,4.49764e+06,6.79999e+06,1.14996e+07,4.49702e+06,6.79999e+06,1.14995e+07,4.49625e+06,6.79999e+06,1.14995e+07,4.49528e+06,6.79999e+06,1.14994e+07,4.49406e+06,6.79999e+06,1.14993e+07,4.49253e+06,6.79999e+06,1.14992e+07,4.49059e+06,6.79999e+06,1.14991e+07,4.48817e+06,6.79999e+06,1.1499e+07,4.48511e+06,6.79999e+06,1.14988e+07,4.48128e+06,6.79999e+06,1.14987e+07,4.47646e+06,6.79999e+06,1.14985e+07,4.47041e+06,6.79999e+06,1.14983e+07,4.46281e+06,6.79999e+06,1.14981e+07,4.4533e+06,6.79999e+06,1.14979e+07,4.44138e+06,6.79999e+06,1.14976e+07,4.42649e+06,6.79999e+06,1.14972e+07,4.40789e+06,6.79999e+06,1.14969e+07,4.38471e+06,6.79999e+06,1.14965e+07,4.35592e+06,6.79999e+06,1.1496e+07,4.32027e+06,6.79999e+06,1.14955e+07,4.27629e+06,6.79999e+06,1.14949e+07,4.22231e+06,6.79999e+06,1.14942e+07,4.15647e+06,6.79999e+06,1.14934e+07,4.07676e+06,6.79999e+06,1.14926e+07,3.98112e+06,6.79999e+06,1.14916e+07,3.86765e+06,6.79999e+06,1.14905e+07,3.73474e+06,6.79999e+06,1.14892e+07,3.58148e+06,6.79999e+06,1.14878e+07,3.40785e+06,6.79999e+06,1.14862e+07,3.21513e+06,6.79999e+06,1.14844e+07,3.00605e+06,6.79999e+06,1.14823e+07,2.7848e+06,6.79999e+06,1.148e+07,2.5568e+06,6.79999e+06,1.14773e+07,2.32825e+06,6.79999e+06,13.5742,8.52444,0.508366,16.8306,13.2585,0.162638,20.0035,17.569,0.0507846,23.2616,22.4214,0.0158319,26.7328,28.3297,0.00493498,30.5212,35.6974,0.00153831,34.7178,44.9473,0.000479527,39.4086,56.5822,0.000149456,44.6796,71.2245,4.66214e-05,50.6209,89.6543,1.45419e-05,57.3297,112.852,4.54748e-06,64.9129,142.051,1.43857e-06,73.4897,178.803,4.36618e-07,83.1934,225.062,1.40153e-07,94.1745,283.286,4.96378e-08,106.602,356.568,1.05434e-07,120.669,448.799,-6.49244e-08,136.59,564.873,1.70148e-07,154.611,710.948,-5.34594e-08,175.008,894.767,1.63407e-07,198.097,1126.06,8.04804e-08,224.231,1417.07,1.14667e-07,253.813,1783.15,-1.71227e-07,287.297,2243.62,-2.88466e-07,325.198,2822.67,-4.33651e-07,368.098,3550.67,7.9318e-08,416.657,4465.65,3.13319e-07,471.621,5615.16,3.4613e-07,533.835,7058.61,-1.19199e-07,604.255,8870.02,-2.79964e-07,683.962,11141.4,-2.30521e-07,774.182,13986.7,-2.55099e-07,876.299,17546.4,1.23585e-07,991.883,21993.1,1.41192e-07,1122.71,27536.7,-9.71886e-08,1270.78,34430.7,-3.68368e-07,1438.38,42977.7,-3.45379e-07,1628.07,53532.7,-3.25328e-09,1842.77,66504.6,2.6362e-07,2085.77,82350.2,2.53445e-07,2360.79,101560,-2.47407e-08,2672.05,124632,-3.80602e-07,3024.31,152018,-4.79005e-07,3422.98,184060,-1.14379e-07,3874.15,220884,2.64297e-07,4384.72,262283,3.44131e-07,4962.49,307576,7.5349e-08,5616.29,355497,-3.63097e-07,6356.1,404126,-6.05442e-07,7193.18,450932,-2.72333e-07,8140.28,492963,2.29675e-07,9211.79,527178,4.3387e-07,10424,550893,-1.0711e-07,10.102,8.06553,2.81012,10.6436,8.57909,0.869423,11.5336,10.2515,0.270869,12.7211,12.7138,0.0844293,14.1823,15.9373,0.0263173,15.9122,20.0383,0.0082035,17.9198,25.2154,0.00255722,20.2244,31.7373,0.000797017,22.8539,39.9486,0.000248622,25.8438,50.2851,7.75492e-05,29.237,63.2963,2.42508e-05,33.0837,79.6738,7.67162e-06,37.4415,100.288,2.32837e-06,42.3767,126.236,7.33e-07,47.9646,158.896,2.79256e-07,54.2906,200.003,9.87351e-09,61.452,251.741,1.61085e-07,69.5585,316.859,-2.47141e-07,78.7347,398.812,8.93552e-08,89.1218,501.948,-2.53231e-07,100.879,631.736,-1.25047e-07,114.188,795.049,-1.78808e-07,129.252,1000.53,2.6733e-07,146.304,1259.03,4.50292e-07,165.605,1584.19,6.76904e-07,187.452,1993.12,-1.23808e-07,212.181,2507.27,-4.89068e-07,240.173,3153.54,-5.40284e-07,271.856,3965.56,1.86061e-07,307.719,4985.38,4.37004e-07,348.313,6265.4,3.59828e-07,394.26,7870.83,3.98192e-07,446.268,9882.51,-1.92908e-07,505.135,12400.3,-2.20392e-07,571.766,15546.9,1.51705e-07,647.184,19472.2,5.74996e-07,732.547,24357.4,5.39112e-07,829.167,30420,5.07815e-09,938.526,37916.3,-4.11492e-07,1062.3,47143.9,-3.9561e-07,1202.4,58439.2,3.86185e-08,1360.96,72169.3,5.94093e-07,1540.42,88715.8,7.47693e-07,1743.53,108445,1.78537e-07,1973.41,131665,-4.12549e-07,2233.57,158557,-5.37164e-07,2528,189103,-1.17615e-07,2861.2,222986,5.66769e-07,3238.27,259510,9.45053e-07,3664.97,297540,4.25093e-07,4147.81,335497,-3.58506e-07,4694.17,371444,-6.7724e-07,5312.37,403256,1.67192e-07,1.61744,3.89446,9.84394,3.28846,7.5504,12.774,5.07607,11.7187,13.6844,7.03202,16.8147,13.9681,9.20215,23.1769,14.0566,11.6301,31.1672,14.0841,14.3598,41.2186,14.0927,17.4376,53.8688,14.0954,20.9137,69.7915,14.0962,24.8432,89.8341,14.0965,29.2879,115.063,14.0966,34.3168,146.819,14.0966,40.0078,186.792,14.0966,46.4487,237.107,14.0966,53.7388,300.44,14.0966,61.9903,380.158,14.0966,71.3301,480.499,14.0966,81.902,606.796,14.0966,93.8685,765.761,14.0966,107.414,965.837,14.0966,122.746,1217.65,14.0966,140.101,1534.57,14.0966,159.745,1933.41,14.0966,181.981,2435.3,14.0966,207.15,3066.85,14.0966,235.64,3861.46,14.0966,267.889,4861.11,14.0966,304.391,6118.54,14.0966,345.709,7699.91,14.0966,392.478,9688.22,14.0966,445.417,12187.5,14.0966,505.339,15327.7,14.0966,573.165,19271.6,14.0966,649.938,24222,14.0966,736.839,30430.9,14.0966,835.202,38211.5,14.0966,946.539,47950.3,14.0966,1072.56,60122.8,14.0966,1215.21,75309.9,14.0966,1376.66,94216.2,14.0966,1559.41,117688,14.0966,1766.26,146729,14.0966,2000.39,182510,14.0966,2265.39,226372,14.0966,2565.33,279806,14.0966,2904.81,344416,14.0966,3289.05,421845,14.0966,3723.93,513667,14.0966,4216.13,621231,14.0966,4773.18,745478,14.0966,5403.64,886744,14.0966,6117.15,1.04457e+06,14.0966,6924.63,1.2176e+06,14.0966,11.7194,11.96,12.6541,13.9321,16.1295,13.6434,16.6097,21.9702,13.9553,19.7532,29.5285,14.0526,23.3844,39.1143,14.0829,27.5423,51.2054,14.0923,32.2796,66.434,14.0953,37.662,85.6061,14.0962,43.7675,109.74,14.0965,50.687,140.119,14.0966,58.5249,178.359,14.0966,67.4005,226.493,14.0966,77.4493,287.08,14.0966,88.8254,363.343,14.0966,101.703,459.336,14.0966,116.281,580.161,14.0966,132.782,732.241,14.0966,151.46,923.655,14.0966,172.603,1164.57,14.0966,196.535,1467.79,14.0966,223.625,1849.39,14.0966,254.288,2329.62,14.0966,288.997,2933.93,14.0966,328.285,3694.33,14.0966,372.755,4651.04,14.0966,423.092,5854.57,14.0966,480.07,7368.38,14.0966,544.564,9272.08,14.0966,617.566,11665.5,14.0966,700.197,14673.6,14.0966,793.729,18452.9,14.0966,899.599,23198.6,14.0966,1019.43,29154.1,14.0966,1155.07,36622.3,14.0966,1308.6,45977.9,14.0966,1482.39,57683.7,14.0966,1679.09,72307.8,14.0966,1901.73,90542.8,14.0966,2153.73,113226,14.0966,2438.97,141360,14.0966,2761.81,176127,14.0966,3127.22,218898,14.0966,3540.81,271226,14.0966,4008.92,334817,14.0966,4538.74,411470,14.0966,5138.38,502973,14.0966,5817.04,610948,14.0966,6585.12,736653,14.0966,7454.39,880741,14.0966,8438.15,1.04302e+06,14.0966,9551.45,1.22224e+06,14.0966,10811.3,1.41602e+06,14.0966,12237,1.62086e+06,14.0966,11.7194,11.96,12.6541,2.21263,4.16949,0.989383,2.67766,5.84076,0.311842,3.14343,7.55825,0.0972771,3.63127,9.58578,0.0303237,4.15787,12.0912,0.00945211,4.73731,15.2286,0.00294633,5.38238,19.1721,0.000918508,6.10553,24.134,0.000286163,6.91951,30.3791,8.92692e-05,7.83792,38.2397,2.78121e-05,8.87555,48.1338,8.65134e-06,10.0489,60.5876,2.7882e-06,11.3761,76.2629,8.29036e-07,12.8779,95.9927,2.4373e-07,14.5775,120.825,4.33068e-09,16.5012,152.08,1.75749e-07,18.6784,191.415,-1.86328e-07,21.1428,240.917,1.91829e-07,23.9322,303.213,-1.81475e-07,27.0895,381.602,7.0186e-08,30.6634,480.231,-2.86769e-08,34.7087,604.316,2.40784e-07,39.2876,760.401,9.87368e-08,44.4705,956.705,1.22263e-07,50.3371,1203.54,-4.31966e-07,56.9776,1513.81,-1.9705e-07,64.494,1903.69,-2.763e-08,73.0018,2393.4,3.9185e-07,82.6317,3008.13,1.35379e-07,93.5318,3779.25,-4.16351e-08,105.869,4745.7,2.06965e-08,119.834,5955.6,-3.18887e-07,135.641,7468.12,-1.48271e-08,153.531,9355.62,2.00739e-07,173.781,11705.8,2.28358e-07,196.701,14624.1,-1.93587e-08,222.642,18235,-2.88101e-07,252.003,22683.4,-2.24732e-07,285.234,28134,8.56806e-09,322.845,34767,2.34258e-07,365.413,42770.9,2.99668e-07,413.588,52327.9,8.28644e-08,468.111,63591.2,-3.07049e-07,529.814,76653.2,-3.1888e-07,599.642,91502.5,-6.72276e-08,678.662,107975,2.26339e-07,768.083,125705,3.69212e-07,869.267,144088,2.04077e-07,983.76,162277,-2.80509e-07,1113.3,179223,-4.22737e-07,1259.87,193777,-1.71951e-07,1425.68,204839,4.55555e-07,11.7194,11.96,12.6541,2.21263,4.16949,0.989383,2.67766,5.84076,0.311842,3.14343,7.55825,0.0972771,3.63127,9.58578,0.0303237,4.15787,12.0912,0.00945211,4.73731,15.2286,0.00294633,5.38238,19.1721,0.000918508,6.10553,24.134,0.000286163,6.91951,30.3791,8.92692e-05,7.83792,38.2397,2.78121e-05,8.87555,48.1338,8.65134e-06,10.0489,60.5876,2.7882e-06,11.3761,76.2629,8.29036e-07,12.8779,95.9927,2.4373e-07,14.5775,120.825,1e-08,16.5012,152.08,1.75749e-07,18.6784,191.415,1e-08,21.1428,240.917,1.91829e-07,23.9322,303.213,1e-08,27.0895,381.602,7.0186e-08,30.6634,480.231,1e-08,34.7087,604.316,2.40784e-07,39.2876,760.401,9.87368e-08,44.4705,956.705,1.22263e-07,50.3371,1203.54,1e-08,56.9776,1513.81,1e-08,64.494,1903.69,1e-08,73.0018,2393.4,3.9185e-07,82.6317,3008.13,1.35379e-07,93.5318,3779.25,1e-08,105.869,4745.7,2.06965e-08,119.834,5955.6,1e-08,135.641,7468.12,1e-08,153.531,9355.62,2.00739e-07,173.781,11705.8,2.28358e-07,196.701,14624.1,1e-08,222.642,18235,1e-08,252.003,22683.4,1e-08,285.234,28134,1e-08,322.845,34767,2.34258e-07,365.413,42770.9,2.99668e-07,413.588,52327.9,8.28644e-08,468.111,63591.2,1e-08,529.814,76653.2,1e-08,599.642,91502.5,1e-08,678.662,107975,2.26339e-07,768.083,125705,3.69212e-07,869.267,144088,2.04077e-07,983.76,162277,1e-08,1113.3,179223,1e-08,1259.87,193777,1e-08,1425.68,204839,4.55555e-07,6.2823,3.27286,2.43537,0.219672,6.18826,2.24117,0.56371,6.87772,2.63624,0.308279,16,13,3,0,6,2,2,4,0,1,6,0,2,8,0,4,12,0,1,24,0,3,19,0,10,20,0,7,42,0,10,35,0,3,29,0,12,28,0,9,38,0,6,102,0,27,121,0,34,119,0,18,220,0,8,198,0,28,459,0,3,391,0,22,403,0,31,769,0,39,466,0,24,1273,0,91,1447,0,59,1885,0,94,3828,0,44,4080,0,52,3490,0,84,4950,0,142,3799,0,203,6354,0,135,5662,0,132,13510,0,64,9213,0,121,23455,0,307,18823,0,131,18559,0,354,20961,0,337,31221,0,687,46076,0,585,62598,0,537,78576,0,368,29658,0,867,119905,0,201,114667,0,630,129461,0,373,146076,0,1028,138938,0,1784,245045,0,1268,262505,0,994,484377,0
-1.05176e+08,1,8.88811e-15,10,1023,0,1.05176e+08,0.528882,1.08665,0.389689,0.145397,0.379329,3.24381,0.161596,0.446195,1.77396,0.159177,1.15e+07,4.49998e+06,6.79999e+06,1.15e+07,4.49997e+06,6.79999e+06,1.15e+07,4.49996e+06,6.79999e+06,1.15e+07,4.49995e+06,6.79999e+06,1.14999e+07,4.49993e+06,6.79999e+06,1.14999e+07,4.49991e+06,6.79999e+06,1.14999e+07,4.49989e+06,6.79999e+06,1.14999e+07,4.49986e+06,6.79999e+06,1.14999e+07,4.49982e+06,6.79999e+06,1.14999e+07,4.49977e+06,6.79999e+06,1.14999e+07,4.49971e+06,6.79999e+06,1.14999e+07,4.49963e+06,6.79999e+06,1.14998e+07,4.49953e+06,6.79999e+06,1.14998e+07,4.49941e+06,6.79999e+06,1.14998e+07,4.49926e+06,6.79999e+06,1.14998e+07,4.49906e+06,6.79999e+06,1.14997e+07,4.49882e+06,6.79999e+06,1.14997e+07,4.49851e+06,6.79999e+06,1.14997e+07,4.49812e+06,6.79999e+06,1.14996e+07,4.49764e+06,6.79999e+06,1.14996e+07,4.49702e+06,6.79999e+06,1.14995e+07,4.49625e+06,6.79999e+06,1.14995e+07,4.49528e+06,6.79999e+06,1.14994e+07,4.49406e+06,6.79999e+06,1.14993e+07,4.49253e+06,6.79999e+06,1.14992e+07,4.49059e+06,6.79999e+06,1.14991e+07,4.48817e+06,6.79999e+06,1.1499e+07,4.48511e+06,6.79999e+06,1.14988e+07,4.48128e+06,6.79999e+06,1.14987e+07,4.47646e+06,6.79999e+06,1.14985e+07,4.47041e+06,6.79999e+06,1.14983e+07,4.46281e+06,6.79999e+06,1.14981e+07,4.4533e+06,6.79999e+06,1.14979e+07,4.44138e+06,6.79999e+06,1.14976e+07,4.42649e+06,6.79999e+06,1.14972e+07,4.40789e+06,6.79999e+06,1.14969e+07,4.38471e+06,6.79999e+06,1.14965e+07,4.35592e+06,6.79999e+06,1.1496e+07,4.32027e+06,6.79999e+06,1.14955e+07,4.27629e+06,6.79999e+06,1.14949e+07,4.22231e+06,6.79999e+06,1.14942e+07,4.15647e+06,6.79999e+06,1.14934e+07,4.07676e+06,6.79999e+06,1.14926e+07,3.98112e+06,6.79999e+06,1.14916e+07,3.86765e+06,6.79999e+06,1.14905e+07,3.73474e+06,6.79999e+06,1.14892e+07,3.58148e+06,6.79999e+06,1.14878e+07,3.40785e+06,6.79999e+06,1.14862e+07,3.21513e+06,6.79999e+06,1.14844e+07,3.00605e+06,6.79999e+06,1.14823e+07,2.7848e+06,6.79999e+06,1.148e+07,2.5568e+06,6.79999e+06,1.14773e+07,2.32825e+06,6.79999e+06,13.5742,8.52444,0.508366,16.8306,13.2585,0.162638,20.0035,17.569,0.0507846,23.2616,22.4214,0.0158319,26.7328,28.3297,0.00493498,30.5212,35.6974,0.00153831,34.7178,44.9473,0.000479527,39.4086,56.5822,0.000149456,44.6796,71.2245,4.66214e-05,50.6209,89.6543,1.45419e-05,57.3297,112.852,4.54748e-06,64.9129,142.051,1.43857e-06,73.4897,178.803,4.36618e-07,83.1934,225.062,1.40153e-07,94.1745,283.286,4.96378e-08,106.602,356.568,1.05434e-07,120.669,448.799,-6.49244e-08,136.59,564.873,1.70148e-07,154.611,710.948,-5.34594e-08,175.008,894.767,1.63407e-07,198.097,1126.06,8.04804e-08,224.231,1417.07,1.14667e-07,253.813,1783.15,-1.71227e-07,287.297,2243.62,-2.88466e-07,325.198,2822.67,-4.33651e-07,368.098,3550.67,7.9318e-08,416.657,4465.65,3.13319e-07,471.621,5615.16,3.4613e-07,533.835,7058.61,-1.19199e-07,604.255,8870.02,-2.79964e-07,683.962,11141.4,-2.30521e-07,774.182,13986.7,-2.55099e-07,876.299,17546.4,1.23585e-07,991.883,21993.1,1.41192e-07,1122.71,27536.7,-9.71886e-08,1270.78,34430.7,-3.68368e-07,1438.38,42977.7,-3.45379e-07,1628.07,53532.7,-3.25328e-09,1842.77,66504.6,2.6362e-07,2085.77,82350.2,2.53445e-07,2360.79,101560,-2.47407e-08,2672.05,124632,-3.80602e-07,3024.31,152018,-4.79005e-07,3422.98,184060,-1.14379e-07,3874.15,220884,2.64297e-07,4384.72,262283,3.44131e-07,4962.49,307576,7.5349e-08,5616.29,355497,-3.63097e-07,6356.1,404126,-6.05442e-07,7193.18,450932,-2.72333e-07,8140.28,492963,2.29675e-07,9211.79,527178,4.3387e-07,10424,550893,-1.0711e-07,10.102,8.06553,2.81012,10.6436,8.57909,0.869423,11.5336,10.2515,0.270869,12.7211,12.7138,0.0844293,14.1823,15.9373,0.0263173,15.9122,20.0383,0.0082035,17.9198,25.2154,0.00255722,20.2244,31.7373,0.000797017,22.8539,39.9486,0.000248622,25.8438,50.2851,7.75492e-05,29.237,63.2963,2.42508e-05,33.0837,79.6738,7.67162e-06,37.4415,100.288,2.32837e-06,42.3767,126.236,7.33e-07,47.9646,158.896,2.79256e-07,54.2906,200.003,9.87351e-09,61.452,251.741,1.61085e-07,69.5585,316.859,-2.47141e-07,78.7347,398.812,8.93552e-08,89.1218,501.948,-2.53231e-07,100.879,631.736,-1.25047e-07,114.188,795.049,-1.78808e-07,129.252,1000.53,2.6733e-07,146.304,1259.03,4.50292e-07,165.605,1584.19,6.76904e-07,187.452,1993.12,-1.23808e-07,212.181,2507.27,-4.89068e-07,240.173,3153.54,-5.40284e-07,271.856,3965.56,1.86061e-07,307.719,4985.38,4.37004e-07,348.313,6265.4,3.59828e-07,394.26,7870.83,3.98192e-07,446.268,9882.51,-1.92908e-07,505.135,12400.3,-2.20392e-07,571.766,15546.9,1.51705e-07,647.184,19472.2,5.74996e-07,732.547,24357.4,5.39112e-07,829.167,30420,5.07815e-09,938.526,37916.3,-4.11492e-07,1062.3,47143.9,-3.9561e-07,1202.4,58439.2,3.86185e-08,1360.96,72169.3,5.94093e-07,1540.42,88715.8,7.47693e-07,1743.53,108445,1.78537e-07,1973.41,131665,-4.12549e-07,2233.57,158557,-5.37164e-07,2528,189103,-1.17615e-07,2861.2,222986,5.66769e-07,3238.27,259510,9.45053e-07,3664.97,297540,4.25093e-07,4147.81,335497,-3.58506e-07,4694.17,371444,-6.7724e-07,5312.37,403256,1.67192e-07,1.61744,3.89446,9.84394,3.28846,7.5504,12.774,5.07607,11.7187,13.6844,7.03202,16.8147,13.9681,9.20215,23.1769,14.0566,11.6301,31.1672,14.0841,14.3598,41.2186,14.0927,17.4376,53.8688,14.0954,20.9137,69.7915,14.0962,24.8432,89.8341,14.0965,29.2879,115.063,14.0966,34.3168,146.819,14.0966,40.0078,186.792,14.0966,46.4487,237.107,14.0966,53.7388,300.44,14.0966,61.9903,380.158,14.0966,71.3301,480.499,14.0966,81.902,606.796,14.0966,93.8685,765.761,14.0966,107.414,965.837,14.0966,122.746,1217.65,14.0966,140.101,1534.57,14.0966,159.745,1933.41,14.0966,181.981,2435.3,14.0966,207.15,3066.85,14.0966,235.64,3861.46,14.0966,267.889,4861.11,14.0966,304.391,6118.54,14.0966,345.709,7699.91,14.0966,392.478,9688.22,14.0966,445.417,12187.5,14.0966,505.339,15327.7,14.0966,573.165,19271.6,14.0966,649.938,24222,14.0966,736.839,30430.9,14.0966,835.202,38211.5,14.0966,946.539,47950.3,14.0966,1072.56,60122.8,14.0966,1215.21,75309.9,14.0966,1376.66,94216.2,14.0966,1559.41,117688,14.0966,1766.26,146729,14.0966,2000.39,182510,14.0966,2265.39,226372,14.0966,2565.33,279806,14.0966,2904.81,344416,14.0966,3289.05,421845,14.0966,3723.93,513667,14.0966,4216.13,621231,14.0966,4773.18,745478,14.0966,5403.64,886744,14.0966,6117.15,1.04457e+06,14.0966,6924.63,1.2176e+06,14.0966,11.7194,11.96,12.6541,13.9321,16.1295,13.6434,16.6097,21.9702,13.9553,19.7532,29.5285,14.0526,23.3844,39.1143,14.0829,27.5423,51.2054,14.0923,32.2796,66.434,14.0953,37.662,85.6061,14.0962,43.7675,109.74,14.0965,50.687,140.119,14.0966,58.5249,178.359,14.0966,67.4005,226.493,14.0966,77.4493,287.08,14.0966,88.8254,363.343,14.0966,101.703,459.336,14.0966,116.281,580.161,14.0966,132.782,732.241,14.0966,151.46,923.655,14.0966,172.603,1164.57,14.0966,196.535,1467.79,14.0966,223.625,1849.39,14.0966,254.288,2329.62,14.0966,288.997,2933.93,14.0966,328.285,3694.33,14.0966,372.755,4651.04,14.0966,423.092,5854.57,14.0966,480.07,7368.38,14.0966,544.564,9272.08,14.0966,617.566,11665.5,14.0966,700.197,14673.6,14.0966,793.729,18452.9,14.0966,899.599,23198.6,14.0966,1019.43,29154.1,14.0966,1155.07,36622.3,14.0966,1308.6,45977.9,14.0966,1482.39,57683.7,14.0966,1679.09,72307.8,14.0966,1901.73,90542.8,14.0966,2153.73,113226,14.0966,2438.97,141360,14.0966,2761.81,176127,14.0966,3127.22,218898,14.0966,3540.81,271226,14.0966,4008.92,334817,14.0966,4538.74,411470,14.0966,5138.38,502973,14.0966,5817.04,610948,14.0966,6585.12,736653,14.0966,7454.39,880741,14.0966,8438.15,1.04302e+06,14.0966,9551.45,1.22224e+06,14.0966,10811.3,1.41602e+06,14.0966,12237,1.62086e+06,14.0966,11.7194,11.96,12.6541,2.21263,4.16949,0.989383,2.67766,5.84076,0.311842,3.14343,7.55825,0.0972771,3.63127,9.58578,0.0303237,4.15787,12.0912,0.00945211,4.73731,15.2286,0.00294633,5.38238,19.1721,0.000918508,6.10553,24.134,0.000286163,6.91951,30.3791,8.92692e-05,7.83792,38.2397,2.78121e-05,8.87555,48.1338,8.65134e-06,10.0489,60.5876,2.7882e-06,11.3761,76.2629,8.29036e-07,12.8779,95.9927,2.4373e-07,14.5775,120.825,4.33068e-09,16.5012,152.08,1.75749e-07,18.6784,191.415,-1.86328e-07,21.1428,240.917,1.91829e-07,23.9322,303.213,-1.81475e-07,27.0895,381.602,7.0186e-08,30.6634,480.231,-2.86769e-08,34.7087,604.316,2.40784e-07,39.2876,760.401,9.87368e-08,44.4705,956.705,1.22263e-07,50.3371,1203.54,-4.31966e-07,56.9776,1513.81,-1.9705e-07,64.494,1903.69,-2.763e-08,73.0018,2393.4,3.9185e-07,82.6317,3008.13,1.35379e-07,93.5318,3779.25,-4.16351e-08,105.869,4745.7,2.06965e-08,119.834,5955.6,-3.18887e-07,135.641,7468.12,-1.48271e-08,153.531,9355.62,2.00739e-07,173.781,11705.8,2.28358e-07,196.701,14624.1,-1.93587e-08,222.642,18235,-2.88101e-07,252.003,22683.4,-2.24732e-07,285.234,28134,8.56806e-09,322.845,34767,2.34258e-07,365.413,42770.9,2.99668e-07,413.588,52327.9,8.28644e-08,468.111,63591.2,-3.07049e-07,529.814,76653.2,-3.1888e-07,599.642,91502.5,-6.72276e-08,678.662,107975,2.26339e-07,768.083,125705,3.69212e-07,869.267,144088,2.04077e-07,983.76,162277,-2.80509e-07,1113.3,179223,-4.22737e-07,1259.87,193777,-1.71951e-07,1425.68,204839,4.55555e-07,11.7194,11.96,12.6541,2.21263,4.16949,0.989383,2.67766,5.84076,0.311842,3.14343,7.55825,0.0972771,3.63127,9.58578,0.0303237,4.15787,12.0912,0.00945211,4.73731,15.2286,0.00294633,5.38238,19.1721,0.000918508,6.10553,24.134,0.000286163,6.91951,30.3791,8.92692e-05,7.83792,38.2397,2.78121e-05,8.87555,48.1338,8.65134e-06,10.0489,60.5876,2.7882e-06,11.3761,76.2629,8.29036e-07,12.8779,95.9927,2.4373e-07,14.5775,120.825,1e-08,16.5012,152.08,1.75749e-07,18.6784,191.415,1e-08,21.1428,240.917,1.91829e-07,23.9322,303.213,1e-08,27.0895,381.602,7.0186e-08,30.6634,480.231,1e-08,34.7087,604.316,2.40784e-07,39.2876,760.401,9.87368e-08,44.4705,956.705,1.22263e-07,50.3371,1203.54,1e-08,56.9776,1513.81,1e-08,64.494,1903.69,1e-08,73.0018,2393.4,3.9185e-07,82.6317,3008.13,1.35379e-07,93.5318,3779.25,1e-08,105.869,4745.7,2.06965e-08,119.834,5955.6,1e-08,135.641,7468.12,1e-08,153.531,9355.62,2.00739e-07,173.781,11705.8,2.28358e-07,196.701,14624.1,1e-08,222.642,18235,1e-08,252.003,22683.4,1e-08,285.234,28134,1e-08,322.845,34767,2.34258e-07,365.413,42770.9,2.99668e-07,413.588,52327.9,8.28644e-08,468.111,63591.2,1e-08,529.814,76653.2,1e-08,599.642,91502.5,1e-08,678.662,107975,2.26339e-07,768.083,125705,3.69212e-07,869.267,144088,2.04077e-07,983.76,162277,1e-08,1113.3,179223,1e-08,1259.87,193777,1e-08,1425.68,204839,4.55555e-07,6.2823,3.27286,2.43537,0.219672,6.18826,2.24117,0.56371,6.87772,2.63624,0.308279,18,13,14,0,0,0,3,10,1,1,10,0,2,1,0,4,6,0,7,14,0,4,12,0,7,32,0,9,13,0,5,49,0,10,34,0,8,61,0,6,139,0,7,80,0,14,134,0,18,203,0,21,181,0,14,227,0,26,183,0,27,431,0,20,429,0,14,838,0,35,1037,0,29,987,0,53,965,0,69,2305,0,85,1677,0,157,989,0,63,4808,0,76,2422,0,70,3560,0,148,7029,0,125,6102,0,106,4734,0,98,10241,0,165,14597,0,241,26495,0,99,10418,0,246,13747,0,477,30989,0,493,29281,0,347,92000,0,281,29673,0,545,37313,0,938,111455,0,611,142217,0,740,122292,0,607,119586,0,520,66004,0,1000,140391,0,1965,102839,0,1000,251935,0
-1.05176e+08,1,8.88811e-15,10,1023,0,1.05176e+08,0.528882,1.08665,0.389689,0.145397,0.379329,3.24381,0.161596,0.446195,1.77396,0.159177,1.15e+07,4.49998e+06,6.79999e+06,1.15e+07,4.49997e+06,6.79999e+06,1.15e+07,4.49996e+06,6.79999e+06,1.15e+07,4.49995e+06,6.79999e+06,1.14999e+07,4.49993e+06,6.79999e+06,1.14999e+07,4.49991e+06,6.79999e+06,1.14999e+07,4.49989e+06,6.79999e+06,1.14999e+07,4.49986e+06,6.79999e+06,1.14999e+07,4.49982e+06,6.79999e+06,1.14999e+07,4.49977e+06,6.79999e+06,1.14999e+07,4.49971e+06,6.79999e+06,1.14999e+07,4.49963e+06,6.79999e+06,1.14998e+07,4.49953e+06,6.79999e+06,1.14998e+07,4.49941e+06,6.79999e+06,1.14998e+07,4.49926e+06,6.79999e+06,1.14998e+07,4.49906e+06,6.79999e+06,1.14997e+07,4.49882e+06,6.79999e+06,1.14997e+07,4.49851e+06,6.79999e+06,1.14997e+07,4.49812e+06,6.79999e+06,1.14996e+07,4.49764e+06,6.79999e+06,1.14996e+07,4.49702e+06,6.79999e+06,1.14995e+07,4.49625e+06,6.79999e+06,1.14995e+07,4.49528e+06,6.79999e+06,1.14994e+07,4.49406e+06,6.79999e+06,1.14993e+07,4.49253e+06,6.79999e+06,1.14992e+07,4.49059e+06,6.79999e+06,1.14991e+07,4.48817e+06,6.79999e+06,1.1499e+07,4.48511e+06,6.79999e+06,1.14988e+07,4.48128e+06,6.79999e+06,1.14987e+07,4.47646e+06,6.79999e+06,1.14985e+07,4.47041e+06,6.79999e+06,1.14983e+07,4.46281e+06,6.79999e+06,1.14981e+07,4.4533e+06,6.79999e+06,1.14979e+07,4.44138e+06,6.79999e+06,1.14976e+07,4.42649e+06,6.79999e+06,1.14972e+07,4.40789e+06,6.79999e+06,1.14969e+07,4.38471e+06,6.79999e+06,1.14965e+07,4.35592e+06,6.79999e+06,1.1496e+07,4.32027e+06,6.79999e+06,1.14955e+07,4.27629e+06,6.79999e+06,1.14949e+07,4.22231e+06,6.79999e+06,1.14942e+07,4.15647e+06,6.79999e+06,1.14934e+07,4.07676e+06,6.79999e+06,1.14926e+07,3.98112e+06,6.79999e+06,1.14916e+07,3.86765e+06,6.79999e+06,1.14905e+07,3.73474e+06,6.79999e+06,1.14892e+07,3.58148e+06,6.79999e+06,1.14878e+07,3.40785e+06,6.79999e+06,1.14862e+07,3.21513e+06,6.79999e+06,1.14844e+07,3.00605e+06,6.79999e+06,1.14823e+07,2.7848e+06,6.79999e+06,1.148e+07,2.5568e+06,6.79999e+06,1.14773e+07,2.32825e+06,6.79999e+06,13.5742,8.52444,0.508366,16.8306,13.2585,0.162638,20.0035,17.569,0.0507846,23.2616,22.4214,0.0158319,26.7328,28.3297,0.00493498,30.5212,35.6974,0.00153831,34.7178,44.9473,0.000479527,39.4086,56.5822,0.000149456,44.6796,71.2245,4.66214e-05,50.6209,89.6543,1.45419e-05,57.3297,112.852,4.54748e-06,64.9129,142.051,1.43857e-06,73.4897,178.803,4.36618e-07,83.1934,225.062,1.40153e-07,94.1745,283.286,4.96378e-08,106.602,356.568,1.05434e-07,120.669,448.799,-6.49244e-08,136.59,564.873,1.70148e-07,154.611,710.948,-5.34594e-08,175.008,894.767,1.63407e-07,198.097,1126.06,8.04804e-08,224.231,1417.07,1.14667e-07,253.813,1783.15,-1.71227e-07,287.297,2243.62,-2.88466e-07,325.198,2822.67,-4.33651e-07,368.098,3550.67,7.9318e-08,416.657,4465.65,3.13319e-07,471.621,5615.16,3.4613e-07,533.835,7058.61,-1.19199e-07,604.255,8870.02,-2.79964e-07,683.962,11141.4,-2.30521e-07,774.182,13986.7,-2.55099e-07,876.299,17546.4,1.23585e-07,991.883,21993.1,1.41192e-07,1122.71,27536.7,-9.71886e-08,1270.78,34430.7,-3.68368e-07,1438.38,42977.7,-3.45379e-07,1628.07,53532.7,-3.25328e-09,1842.77,66504.6,2.6362e-07,2085.77,82350.2,2.53445e-07,2360.79,101560,-2.47407e-08,2672.05,124632,-3.80602e-07,3024.31,152018,-4.79005e-07,3422.98,184060,-1.14379e-07,3874.15,220884,2.64297e-07,4384.72,262283,3.44131e-07,4962.49,307576,7.5349e-08,5616.29,355497,-3.63097e-07,6356.1,404126,-6.05442e-07,7193.18,450932,-2.72333e-07,8140.28,492963,2.29675e-07,9211.79,527178,4.3387e-07,10424,550893,-1.0711e-07,10.102,8.06553,2.81012,10.6436,8.57909,0.869423,11.5336,10.2515,0.270869,12.7211,12.7138,0.0844293,14.1823,15.9373,0.0263173,15.9122,20.0383,0.0082035,17.9198,25.2154,0.00255722,20.2244,31.7373,0.000797017,22.8539,39.9486,0.000248622,25.8438,50.2851,7.75492e-05,29.237,63.2963,2.42508e-05,33.0837,79.6738,7.67162e-06,37.4415,100.288,2.32837e-06,42.3767,126.236,7.33e-07,47.9646,158.896,2.79256e-07,54.2906,200.003,9.87351e-09,61.452,251.741,1.61085e-07,69.5585,316.859,-2.47141e-07,78.7347,398.812,8.93552e-08,89.1218,501.948,-2.53231e-07,100.879,631.736,-1.25047e-07,114.188,795.049,-1.78808e-07,129.252,1000.53,2.6733e-07,146.304,1259.03,4.50292e-07,165.605,1584.19,6.76904e-07,187.452,1993.12,-1.23808e-07,212.181,2507.27,-4.89068e-07,240.173,3153.54,-5.40284e-07,271.856,3965.56,1.86061e-07,307.719,4985.38,4.37004e-07,348.313,6265.4,3.59828e-07,394.26,7870.83,3.98192e-07,446.268,9882.51,-1.92908e-07,505.135,12400.3,-2.20392e-07,571.766,15546.9,1.51705e-07,647.184,19472.2,5.74996e-07,732.547,24357.4,5.39112e-07,829.167,30420,5.07815e-09,938.526,37916.3,-4.11492e-07,1062.3,47143.9,-3.9561e-07,1202.4,58439.2,3.86185e-08,1360.96,72169.3,5.94093e-07,1540.42,88715.8,7.47693e-07,1743.53,108445,1.78537e-07,1973.41,131665,-4.12549e-07,2233.57,158557,-5.37164e-07,2528,189103,-1.17615e-07,2861.2,222986,5.66769e-07,3238.27,259510,9.45053e-07,3664.97,297540,4.25093e-07,4147.81,335497,-3.58506e-07,4694.17,371444,-6.7724e-07,5312.37,403256,1.67192e-07,1.61744,3.89446,9.84394,3.28846,7.5504,12.774,5.07607,11.7187,13.6844,7.03202,16.8147,13.9681,9.20215,23.1769,14.0566,11.6301,31.1672,14.0841,14.3598,41.2186,14.0927,17.4376,53.8688,14.0954,20.9137,69.7915,14.0962,24.8432,89.8341,14.0965,29.2879,115.063,14.0966,34.3168,146.819,14.0966,40.0078,186.792,14.0966,46.4487,237.107,14.0966,53.7388,300.44,14.0966,61.9903,380.158,14.0966,71.3301,480.499,14.0966,81.902,606.796,14.0966,93.8685,765.761,14.0966,107.414,965.837,14.0966,122.746,1217.65,14.0966,140.101,1534.57,14.0966,159.745,1933.41,14.0966,181.981,2435.3,14.0966,207.15,3066.85,14.0966,235.64,3861.46,14.0966,267.889,4861.11,14.0966,304.391,6118.54,14.0966,345.709,7699.91,14.0966,392.478,9688.22,14.0966,445.417,12187.5,14.0966,505.339,15327.7,14.0966,573.165,19271.6,14.0966,649.938,24222,14.0966,736.839,30430.9,14.0966,835.202,38211.5,14.0966,946.539,47950.3,14.0966,1072.56,60122.8,14.0966,1215.21,75309.9,14.0966,1376.66,94216.2,14.0966,1559.41,117688,14.0966,1766.26,146729,14.0966,2000.39,182510,14.0966,2265.39,226372,14.0966,2565.33,279806,14.0966,2904.81,344416,14.0966,3289.05,421845,14.0966,3723.93,513667,14.0966,4216.13,621231,14.0966,4773.18,745478,14.0966,5403.64,886744,14.0966,6117.15,1.04457e+06,14.0966,6924.63,1.2176e+06,14.0966,11.7194,11.96,12.6541,13.9321,16.1295,13.6434,16.6097,21.9702,13.9553,19.7532,29.5285,14.0526,23.3844,39.1143,14.0829,27.5423,51.2054,14.0923,32.2796,66.434,14.0953,37.662,85.6061,14.0962,43.7675,109.74,14.0965,50.687,140.119,14.0966,58.5249,178.359,14.0966,67.4005,226.493,14.0966,77.4493,287.08,14.0966,88.8254,363.343,14.0966,101.703,459.336,14.0966,116.281,580.161,14.0966,132.782,732.241,14.0966,151.46,923.655,14.0966,172.603,1164.57,14.0966,196.535,1467.79,14.0966,223.625,1849.39,14.0966,254.288,2329.62,14.0966,288.997,2933.93,14.0966,328.285,3694.33,14.0966,372.755,4651.04,14.0966,423.092,5854.57,14.0966,480.07,7368.38,14.0966,544.564,9272.08,14.0966,617.566,11665.5,14.0966,700.197,14673.6,14.0966,793.729,18452.9,14.0966,899.599,23198.6,14.0966,1019.43,29154.1,14.0966,1155.07,36622.3,14.0966,1308.6,45977.9,14.0966,1482.39,57683.7,14.0966,1679.09,72307.8,14.0966,1901.73,90542.8,14.0966,2153.73,113226,14.0966,2438.97,141360,14.0966,2761.81,176127,14.0966,3127.22,218898,14.0966,3540.81,271226,14.0966,4008.92,334817,14.0966,4538.74,411470,14.0966,5138.38,502973,14.0966,5817.04,610948,14.0966,6585.12,736653,14.0966,7454.39,880741,14.0966,8438.15,1.04302e+06,14.0966,9551.45,1.22224e+06,14.0966,10811.3,1.41602e+06,14.0966,12237,1.62086e+06,14.0966,11.7194,11.96,12.6541,2.21263,4.16949,0.989383,2.67766,5.84076,0.311842,3.14343,7.55825,0.0972771,3.63127,9.58578,0.0303237,4.15787,12.0912,0.00945211,4.73731,15.2286,0.00294633,5.38238,19.1721,0.000918508,6.10553,24.134,0.000286163,6.91951,30.3791,8.92692e-05,7.83792,38.2397,2.78121e-05,8.87555,48.1338,8.65134e-06,10.0489,60.5876,2.7882e-06,11.3761,76.2629,8.29036e-07,12.8779,95.9927,2.4373e-07,14.5775,120.825,4.33068e-09,16.5012,152.08,1.75749e-07,18.6784,191.415,-1.86328e-07,21.1428,240.917,1.91829e-07,23.9322,303.213,-1.81475e-07,27.0895,381.602,7.0186e-08,30.6634,480.231,-2.86769e-08,34.7087,604.316,2.40784e-07,39.2876,760.401,9.87368e-08,44.4705,956.705,1.22263e-07,50.3371,1203.54,-4.31966e-07,56.9776,1513.81,-1.9705e-07,64.494,1903.69,-2.763e-08,73.0018,2393.4,3.9185e-07,82.6317,3008.13,1.35379e-07,93.5318,3779.25,-4.16351e-08,105.869,4745.7,2.06965e-08,119.834,5955.6,-3.18887e-07,135.641,7468.12,-1.48271e-08,153.531,9355.62,2.00739e-07,173.781,11705.8,2.28358e-07,196.701,14624.1,-1.93587e-08,222.642,18235,-2.88101e-07,252.003,22683.4,-2.24732e-07,285.234,28134,8.56806e-09,322.845,34767,2.34258e-07,365.413,42770.9,2.99668e-07,413.588,52327.9,8.28644e-08,468.111,63591.2,-3.07049e-07,529.814,76653.2,-3.1888e-07,599.642,91502.5,-6.72276e-08,678.662,107975,2.26339e-07,768.083,125705,3.69212e-07,869.267,144088,2.04077e-07,983.76,162277,-2.80509e-07,1113.3,179223,-4.22737e-07,1259.87,193777,-1.71951e-07,1425.68,204839,4.55555e-07,11.7194,11.96,12.6541,2.21263,4.16949,0.989383,2.67766,5.84076,0.311842,3.14343,7.55825,0.0972771,3.63127,9.58578,0.0303237,4.15787,12.0912,0.00945211,4.73731,15.2286,0.00294633,5.38238,19.1721,0.000918508,6.10553,24.134,0.000286163,6.91951,30.3791,8.92692e-05,7.83792,38.2397,2.78121e-05,8.87555,48.1338,8.65134e-06,10.0489,60.5876,2.7882e-06,11.3761,76.2629,8.29036e-07,12.8779,95.9927,2.4373e-07,14.5775,120.825,1e-08,16.5012,152.08,1.75749e-07,18.6784,191.415,1e-08,21.1428,240.917,1.91829e-07,23.9322,303.213,1e-08,27.0895,381.602,7.0186e-08,30.6634,480.231,1e-08,34.7087,604.316,2.40784e-07,39.2876,760.401,9.87368e-08,44.4705,956.705,1.22263e-07,50.3371,1203.54,1e-08,56.9776,1513.81,1e-08,64.494,1903.69,1e-08,73.0018,2393.4,3.9185e-07,82.6317,3008.13,1.35379e-07,93.5318,3779.25,1e-08,105.869,4745.7,2.06965e-08,119.834,5955.6,1e-08,135.641,7468.12,1e-08,153.531,9355.62,2.00739e-07,173.781,11705.8,2.28358e-07,196.701,14624.1,1e-08,222.642,18235,1e-08,252.003,22683.4,1e-08,285.234,28134,1e-08,322.845,34767,2.34258e-07,365.413,42770.9,2.99668e-07,413.588,52327.9,8.28644e-08,468.111,63591.2,1e-08,529.814,76653.2,1e-08,599.642,91502.5,1e-08,678.662,107975,2.26339e-07,768.083,125705,3.69212e-07,869.267,144088,2.04077e-07,983.76,162277,1e-08,1113.3,179223,1e-08,1259.87,193777,1e-08,1425.68,204839,4.55555e-07,6.2823,3.27286,2.43537,0.219672,6.18826,2.24117,0.56371,6.87772,2.63624,0.308279,14,21,5,3,3,1,3,6,0,2,5,0,7,16,0,5,9,0,1,12,0,4,19,0,9,17,0,9,25,0,8,43,0,9,11,0,13,59,0,13,72,0,6,153,0,9,112,0,23,171,0,27,166,0,35,93,0,12,113,0,23,293,0,37,479,0,21,899,0,42,1091,0,34,862,0,19,643,0,77,1104,0,64,1997,0,59,3272,0,107,3148,0,88,1732,0,140,3520,0,72,5661,0,84,6709,0,92,4764,0,218,13911,0,129,7316,0,358,17526,0,428,14983,0,420,19997,0,340,34416,0,233,30883,0,308,35811,0,804,105857,0,500,103918,0,309,69621,0,700,97029,0,591,153434,0,873,155999,0,741,83602,0,1159,170772,0,1579,231425,0,1479,200159,0
-1.05176e+08,1,8.88811e-15,10,1023,0,1.05176e+08,0.528882,1.08665,0.389689,0.145397,0.379329,3.24381,0.161596,0.446195,1.77396,0.159177,1.15e+07,4.49998e+06,6.79999e+06,1.15e+07,4.49997e+06,6.79999e+06,1.15e+07,4.49996e+06,6.79999e+06,1.15e+07,4.49995e+06,6.79999e+06,1.14999e+07,4.49993e+06,6.79999e+06,1.14999e+07,4.49991e+06,6.79999e+06,1.14999e+07,4.49989e+06,6.79999e+06,1.14999e+07,4.49986e+06,6.79999e+06,1.14999e+07,4.49982e+06,6.79999e+06,1.14999e+07,4.49977e+06,6.79999e+06,1.14999e+07,4.49971e+06,6.79999e+06,1.14999e+07,4.49963e+06,6.79999e+06,1.14998e+07,4.49953e+06,6.79999e+06,1.14998e+07,4.49941e+06,6.79999e+06,1.14998e+07,4.49926e+06,6.79999e+06,1.14998e+07,4.49906e+06,6.79999e+06,1.14997e+07,4.49882e+06,6.79999e+06,1.14997e+07,4.49851e+06,6.79999e+06,1.14997e+07,4.49812e+06,6.79999e+06,1.14996e+07,4.49764e+06,6.79999e+06,1.14996e+07,4.49702e+06,6.79999e+06,1.14995e+07,4.49625e+06,6.79999e+06,1.14995e+07,4.49528e+06,6.79999e+06,1.14994e+07,4.49406e+06,6.79999e+06,1.14993e+07,4.49253e+06,6.79999e+06,1.14992e+07,4.49059e+06,6.79999e+06,1.14991e+07,4.48817e+06,6.79999e+06,1.1499e+07,4.48511e+06,6.79999e+06,1.14988e+07,4.48128e+06,6.79999e+06,1.14987e+07,4.47646e+06,6.79999e+06,1.14985e+07,4.47041e+06,6.79999e+06,1.14983e+07,4.46281e+06,6.79999e+06,1.14981e+07,4.4533e+06,6.79999e+06,1.14979e+07,4.44138e+06,6.79999e+06,1.14976e+07,4.42649e+06,6.79999e+06,1.14972e+07,4.40789e+06,6.79999e+06,1.14969e+07,4.38471e+06,6.79999e+06,1.14965e+07,4.35592e+06,6.79999e+06,1.1496e+07,4.32027e+06,6.79999e+06,1.14955e+07,4.27629e+06,6.79999e+06,1.14949e+07,4.22231e+06,6.79999e+06,1.14942e+07,4.15647e+06,6.79999e+06,1.14934e+07,4.07676e+06,6.79999e+06,1.14926e+07,3.98112e+06,6.79999e+06,1.14916e+07,3.86765e+06,6.79999e+06,1.14905e+07,3.73474e+06,6.79999e+06,1.14892e+07,3.58148e+06,6.79999e+06,1.14878e+07,3.40785e+06,6.79999e+06,1.14862e+07,3.21513e+06,6.79999e+06,1.14844e+07,3.00605e+06,6.79999e+06,1.14823e+07,2.7848e+06,6.79999e+06,1.148e+07,2.5568e+06,6.79999e+06,1.14773e+07,2.32825e+06,6.79999e+06,13.5742,8.52444,0.508366,16.8306,13.2585,0.162638,20.0035,17.569,0.0507846,23.2616,22.4214,0.0158319,26.7328,28.3297,0.00493498,30.5212,35.6974,0.00153831,34.7178,44.9473,0.000479527,39.4086,56.5822,0.000149456,44.6796,71.2245,4.66214e-05,50.6209,89.6543,1.45419e-05,57.3297,112.852,4.54748e-06,64.9129,142.051,1.43857e-06,73.4897,178.803,4.36618e-07,83.1934,225.062,1.40153e-07,94.1745,283.286,4.96378e-08,106.602,356.568,1.05434e-07,120.669,448.799,-6.49244e-08,136.59,564.873,1.70148e-07,154.611,710.948,-5.34594e-08,175.008,894.767,1.63407e-07,198.097,1126.06,8.04804e-08,224.231,1417.07,1.14667e-07,253.813,1783.15,-1.71227e-07,287.297,2243.62,-2.88466e-07,325.198,2822.67,-4.33651e-07,368.098,3550.67,7.9318e-08,416.657,4465.65,3.13319e-07,471.621,5615.16,3.4613e-07,533.835,7058.61,-1.19199e-07,604.255,8870.02,-2.79964e-07,683.962,11141.4,-2.30521e-07,774.182,13986.7,-2.55099e-07,876.299,17546.4,1.23585e-07,991.883,21993.1,1.41192e-07,1122.71,27536.7,-9.71886e-08,1270.78,34430.7,-3.68368e-07,1438.38,42977.7,-3.45379e-07,1628.07,53532.7,-3.25328e-09,1842.77,66504.6,2.6362e-07,2085.77,82350.2,2.53445e-07,2360.79,101560,-2.47407e-08,2672.05,124632,-3.80602e-07,3024.31,152018,-4.79005e-07,3422.98,184060,-1.14379e-07,3874.15,220884,2.64297e-07,4384.72,262283,3.44131e-07,4962.49,307576,7.5349e-08,5616.29,355497,-3.63097e-07,6356.1,404126,-6.05442e-07,7193.18,450932,-2.72333e-07,8140.28,492963,2.29675e-07,9211.79,527178,4.3387e-07,10424,550893,-1.0711e-07,10.102,8.06553,2.81012,10.6436,8.57909,0.869423,11.5336,10.2515,0.270869,12.7211,12.7138,0.0844293,14.1823,15.9373,0.0263173,15.9122,20.0383,0.0082035,17.9198,25.2154,0.00255722,20.2244,31.7373,0.000797017,22.8539,39.9486,0.000248622,25.8438,50.2851,7.75492e-05,29.237,63.2963,2.42508e-05,33.0837,79.6738,7.67162e-06,37.4415,100.288,2.32837e-06,42.3767,126.236,7.33e-07,47.9646,158.896,2.79256e-07,54.2906,200.003,9.87351e-09,61.452,251.741,1.61085e-07,69.5585,316.859,-2.47141e-07,78.7347,398.812,8.93552e-08,89.1218,501.948,-2.53231e-07,100.879,631.736,-1.25047e-07,114.188,795.049,-1.78808e-07,129.252,1000.53,2.6733e-07,146.304,1259.03,4.50292e-07,165.605,1584.19,6.76904e-07,187.452,1993.12,-1.23808e-07,212.181,2507.27,-4.89068e-07,240.173,3153.54,-5.40284e-07,271.856,3965.56,1.86061e-07,307.719,4985.38,4.37004e-07,348.313,6265.4,3.59828e-07,394.26,7870.83,3.98192e-07,446.268,9882.51,-1.92908e-07,505.135,12400.3,-2.20392e-07,571.766,15546.9,1.51705e-07,647.184,19472.2,5.74996e-07,732.547,24357.4,5.39112e-07,829.167,30420,5.07815e-09,938.526,37916.3,-4.11492e-07,1062.3,47143.9,-3.9561e-07,1202.4,58439.2,3.86185e-08,1360.96,72169.3,5.94093e-07,1540.42,88715.8,7.47693e-07,1743.53,108445,1.78537e-07,1973.41,131665,-4.12549e-07,2233.57,158557,-5.37164e-07,2528,189103,-1.17615e-07,2861.2,222986,5.66769e-07,3238.27,259510,9.45053e-07,3664.97,297540,4.25093e-07,4147.81,335497,-3.58506e-07,4694.17,371444,-6.7724e-07,5312.37,403256,1.67192e-07,1.61744,3.89446,9.84394,3.28846,7.5504,12.774,5.07607,11.7187,13.6844,7.03202,16.8147,13.9681,9.20215,23.1769,14.0566,11.6301,31.1672,14.0841,14.3598,41.2186,14.0927,17.4376,53.8688,14.0954,20.9137,69.7915,14.0962,24.8432,89.8341,14.0965,29.2879,115.063,14.0966,34.3168,146.819,14.0966,40.0078,186.792,14.0966,46.4487,237.107,14.0966,53.7388,300.44,14.0966,61.9903,380.158,14.0966,71.3301,480.499,14.0966,81.902,606.796,14.0966,93.8685,765.761,14.0966,107.414,965.837,14.0966,122.746,1217.65,14.0966,140.101,1534.57,14.0966,159.745,1933.41,14.0966,181.981,2435.3,14.0966,207.15,3066.85,14.0966,235.64,3861.46,14.0966,267.889,4861.11,14.0966,304.391,6118.54,14.0966,345.709,7699.91,14.0966,392.478,9688.22,14.0966,445.417,12187.5,14.0966,505.339,15327.7,14.0966,573.165,19271.6,14.0966,649.938,24222,14.0966,736.839,30430.9,14.0966,835.202,38211.5,14.0966,946.539,47950.3,14.0966,1072.56,60122.8,14.0966,1215.21,75309.9,14.0966,1376.66,94216.2,14.0966,1559.41,117688,14.0966,1766.26,146729,14.0966,2000.39,182510,14.0966,2265.39,226372,14.0966,2565.33,279806,14.0966,2904.81,344416,14.0966,3289.05,421845,14.0966,3723.93,513667,14.0966,4216.13,621231,14.0966,4773.18,745478,14.0966,5403.64,886744,14.0966,6117.15,1.04457e+06,14.0966,6924.63,1.2176e+06,14.0966,11.7194,11.96,12.6541,13.9321,16.1295,13.6434,16.6097,21.9702,13.9553,19.7532,29.5285,14.0526,23.3844,39.1143,14.0829,27.5423,51.2054,14.0923,32.2796,66.434,14.0953,37.662,85.6061,14.0962,43.7675,109.74,14.0965,50.687,140.119,14.0966,58.5249,178.359,14.0966,67.4005,226.493,14.0966,77.4493,287.08,14.0966,88.8254,363.343,14.0966,101.703,459.336,14.0966,116.281,580.161,14.0966,132.782,732.241,14.0966,151.46,923.655,14.0966,172.603,1164.57,14.0966,196.535,1467.79,14.0966,223.625,1849.39,14.0966,254.288,2329.62,14.0966,288.997,2933.93,14.0966,328.285,3694.33,14.0966,372.755,4651.04,14.0966,423.092,5854.57,14.0966,480.07,7368.38,14.0966,544.564,9272.08,14.0966,617.566,11665.5,14.0966,700.197,14673.6,14.0966,793.729,18452.9,14.0966,899.599,23198.6,14.0966,1019.43,29154.1,14.0966,1155.07,36622.3,14.0966,1308.6,45977.9,14.0966,1482.39,57683.7,14.0966,1679.09,72307.8,14.0966,1901.73,90542.8,14.0966,2153.73,113226,14.0966,2438.97,141360,14.0966,2761.81,176127,14.0966,3127.22,218898,14.0966,3540.81,271226,14.0966,4008.92,334817,14.0966,4538.74,411470,14.0966,5138.38,502973,14.0966,5817.04,610948,14.0966,6585.12,736653,14.0966,7454.39,880741,14.0966,8438.15,1.04302e+06,14.0966,9551.45,1.22224e+06,14.0966,10811.3,1.41602e+06,14.0966,12237,1.62086e+06,14.0966,11.7194,11.96,12.6541,2.21263,4.16949,0.989383,2.67766,5.84076,0.311842,3.14343,7.55825,0.0972771,3.63127,9.58578,0.0303237,4.15787,12.0912,0.00945211,4.73731,15.2286,0.00294633,5.38238,19.1721,0.000918508,6.10553,24.134,0.000286163,6.91951,30.3791,8.92692e-05,7.83792,38.2397,2.78121e-05,8.87555,48.1338,8.65134e-06,10.0489,60.5876,2.7882e-06,11.3761,76.2629,8.29036e-07,12.8779,95.9927,2.4373e-07,14.5775,120.825,4.33068e-09,16.5012,152.08,1.75749e-07,18.6784,191.415,-1.86328e-07,21.1428,240.917,1.91829e-07,23.9322,303.213,-1.81475e-07,27.0895,381.602,7.0186e-08,30.6634,480.231,-2.86769e-08,34.7087,604.316,2.40784e-07,39.2876,760.401,9.87368e-08,44.4705,956.705,1.22263e-07,50.3371,1203.54,-4.31966e-07,56.9776,1513.81,-1.9705e-07,64.494,1903.69,-2.763e-08,73.0018,2393.4,3.9185e-07,82.6317,3008.13,1.35379e-07,93.5318,3779.25,-4.16351e-08,105.869,4745.7,2.06965e-08,119.834,5955.6,-3.18887e-07,135.641,7468.12,-1.48271e-08,153.531,9355.62,2.00739e-07,173.781,11705.8,2.28358e-07,196.701,14624.1,-1.93587e-08,222.642,18235,-2.88101e-07,252.003,22683.4,-2.24732e-07,285.234,28134,8.56806e-09,322.845,34767,2.34258e-07,365.413,42770.9,2.99668e-07,413.588,52327.9,8.28644e-08,468.111,63591.2,-3.07049e-07,529.814,76653.2,-3.1888e-07,599.642,91502.5,-6.72276e-08,678.662,107975,2.26339e-07,768.083,125705,3.69212e-07,869.267,144088,2.04077e-07,983.76,162277,-2.80509e-07,1113.3,179223,-4.22737e-07,1259.87,193777,-1.71951e-07,1425.68,204839,4.55555e-07,11.7194,11.96,12.6541,2.21263,4.16949,0.989383,2.67766,5.84076,0.311842,3.14343,7.55825,0.0972771,3.63127,9.58578,0.0303237,4.15787,12.0912,0.00945211,4.73731,15.2286,0.00294633,5.38238,19.1721,0.000918508,6.10553,24.134,0.000286163,6.91951,30.3791,8.92692e-05,7.83792,38.2397,2.78121e-05,8.87555,48.1338,8.65134e-06,10.0489,60.5876,2.7882e-06,11.3761,76.2629,8.29036e-07,12.8779,95.9927,2.4373e-07,14.5775,120.825,1e-08,16.5012,152.08,1.75749e-07,18.6784,191.415,1e-08,21.1428,240.917,1.91829e-07,23.9322,303.213,1e-08,27.0895,381.602,7.0186e-08,30.6634,480.231,1e-08,34.7087,604.316,2.40784e-07,39.2876,760.401,9.87368e-08,44.4705,956.705,1.22263e-07,50.3371,1203.54,1e-08,56.9776,1513.81,1e-08,64.494,1903.69,1e-08,73.0018,2393.4,3.9185e-07,82.6317,3008.13,1.35379e-07,93.5318,3779.25,1e-08,105.869,4745.7,2.06965e-08,119.834,5955.6,1e-08,135.641,7468.12,1e-08,153.531,9355.62,2.00739e-07,173.781,11705.8,2.28358e-07,196.701,14624.1,1e-08,222.642,18235,1e-08,252.003,22683.4,1e-08,285.234,28134,1e-08,322.845,34767,2.34258e-07,365.413,42770.9,2.99668e-07,413.588,52327.9,8.28644e-08,468.111,63591.2,1e-08,529.814,76653.2,1e-08,599.642,91502.5,1e-08,678.662,107975,2.26339e-07,768.083,125705,3.69212e-07,869.267,144088,2.04077e-07,983.76,162277,1e-08,1113.3,179223,1e-08,1259.87,193777,1e-08,1425.68,204839,4.55555e-07,6.2823,3.27286,2.43537,0.219672,6.18826,2.24117,0.56371,6.87772,2.63624,0.308279,14,16,3,2,4,1,4,8,1,2,6,0,6,6,0,5,24,0,9,27,0,6,27,0,4,31,0,10,67,0,5,33,0,8,42,0,7,104,0,35,71,0,11,105,0,8,168,0,17,212,0,27,267,0,23,267,0,16,287,0,28,365,0,42,882,0,36,368,0,30,518,0,27,1524,0,50,1559,0,60,1439,0,26,3467,0,52,1714,0,36,1478,0,144,4189,0,65,5489,0,197,3789,0,95,7689,0,171,9229,0,132,13489,0,239,12625,0,112,26111,0,144,9013,0,253,20688,0,191,30470,0,734,69075,0,390,92207,0,731,74448,0,418,44130,0,821,103265,0,303,99354,0,236,83870,0,460,99090,0,1329,151979,0,1887,248600,0,1173,255864,0,1865,176318,0
-1.05176e+08,1,8.88811e-15,10,1023,0,1.05176e+08,0.528882,1.08665,0.389689,0.145397,0.379329,3.24381,0.161596,0.446195,1.77396,0.159177,1.15e+07,4.49998e+06,6.79999e+06,1.15e+07,4.49997e+06,6.79999e+06,1.15e+07,4.49996e+06,6.79999e+06,1.15e+07,4.49995e+06,6.79999e+06,1.14999e+07,4.49993e+06,6.79999e+06,1.14999e+07,4.49991e+06,6.79999e+06,1.14999e+07,4.49989e+06,6.79999e+06,1.14999e+07,4.49986e+06,6.79999e+06,1.14999e+07,4.49982e+06,6.79999e+06,1.14999e+07,4.49977e+06,6.79999e+06,1.14999e+07,4.49971e+06,6.79999e+06,1.14999e+07,4.49963e+06,6.79999e+06,1.14998e+07,4.49953e+06,6.79999e+06,1.14998e+07,4.49941e+06,6.79999e+06,1.14998e+07,4.49926e+06,6.79999e+06,1.14998e+07,4.49906e+06,6.79999e+06,1.14997e+07,4.49882e+06,6.79999e+06,1.14997e+07,4.49851e+06,6.79999e+06,1.14997e+07,4.49812e+06,6.79999e+06,1.14996e+07,4.49764e+06,6.79999e+06,1.14996e+07,4.49702e+06,6.79999e+06,1.14995e+07,4.49625e+06,6.79999e+06,1.14995e+07,4.49528e+06,6.79999e+06,1.14994e+07,4.49406e+06,6.79999e+06,1.14993e+07,4.49253e+06,6.79999e+06,1.14992e+07,4.49059e+06,6.79999e+06,1.14991e+07,4.48817e+06,6.79999e+06,1.1499e+07,4.48511e+06,6.79999e+06,1.14988e+07,4.48128e+06,6.79999e+06,1.14987e+07,4.47646e+06,6.79999e+06,1.14985e+07,4.47041e+06,6.79999e+06,1.14983e+07,4.46281e+06,6.79999e+06,1.14981e+07,4.4533e+06,6.79999e+06,1.14979e+07,4.44138e+06,6.79999e+06,1.14976e+07,4.42649e+06,6.79999e+06,1.14972e+07,4.40789e+06,6.79999e+06,1.14969e+07,4.38471e+06,6.79999e+06,1.14965e+07,4.35592e+06,6.79999e+06,1.1496e+07,4.32027e+06,6.79999e+06,1.14955e+07,4.27629e+06,6.79999e+06,1.14949e+07,4.22231e+06,6.79999e+06,1.14942e+07,4.15647e+06,6.79999e+06,1.14934e+07,4.07676e+06,6.79999e+06,1.14926e+07,3.98112e+06,6.79999e+06,1.14916e+07,3.86765e+06,6.79999e+06,1.14905e+07,3.73474e+06,6.79999e+06,1.14892e+07,3.58148e+06,6.79999e+06,1.14878e+07,3.40785e+06,6.79999e+06,1.14862e+07,3.21513e+06,6.79999e+06,1.14844e+07,3.00605e+06,6.79999e+06,1.14823e+07,2.7848e+06,6.79999e+06,1.148e+07,2.5568e+06,6.79999e+06,1.14773e+07,2.32825e+06,6.79999e+06,13.5742,8.52444,0.508366,16.8306,13.2585,0.162638,20.0035,17.569,0.0507846,23.2616,22.4214,0.0158319,26.7328,28.3297,0.00493498,30.5212,35.6974,0.00153831,34.7178,44.9473,0.000479527,39.4086,56.5822,0.000149456,44.6796,71.2245,4.66214e-05,50.6209,89.6543,1.45419e-05,57.3297,112.852,4.54748e-06,64.9129,142.051,1.43857e-06,73.4897,178.803,4.36618e-07,83.1934,225.062,1.40153e-07,94.1745,283.286,4.96378e-08,106.602,356.568,1.05434e-07,120.669,448.799,-6.49244e-08,136.59,564.873,1.70148e-07,154.611,710.948,-5.34594e-08,175.008,894.767,1.63407e-07,198.097,1126.06,8.04804e-08,224.231,1417.07,1.14667e-07,253.813,1783.15,-1.71227e-07,287.297,2243.62,-2.88466e-07,325.198,2822.67,-4.33651e-07,368.098,3550.67,7.9318e-08,416.657,4465.65,3.13319e-07,471.621,5615.16,3.4613e-07,533.835,7058.61,-1.19199e-07,604.255,8870.02,-2.79964e-07,683.962,11141.4,-2.30521e-07,774.182,13986.7,-2.55099e-07,876.299,17546.4,1.23585e-07,991.883,21993.1,1.41192e-07,1122.71,27536.7,-9.71886e-08,1270.78,34430.7,-3.68368e-07,1438.38,42977.7,-3.45379e-07,1628.07,53532.7,-3.25328e-09,1842.77,66504.6,2.6362e-07,2085.77,82350.2,2.53445e-07,2360.79,101560,-2.47407e-08,2672.05,124632,-3.80602e-07,3024.31,152018,-4.79005e-07,3422.98,184060,-1.14379e-07,3874.15,220884,2.64297e-07,4384.72,262283,3.44131e-07,4962.49,307576,7.5349e-08,5616.29,355497,-3.63097e-07,6356.1,404126,-6.05442e-07,7193.18,450932,-2.72333e-07,8140.28,492963,2.29675e-07,9211.79,527178,4.3387e-07,10424,550893,-1.0711e-07,10.102,8.06553,2.81012,10.6436,8.57909,0.869423,11.5336,10.2515,0.270869,12.7211,12.7138,0.0844293,14.1823,15.9373,0.0263173,15.9122,20.0383,0.0082035,17.9198,25.2154,0.00255722,20.2244,31.7373,0.000797017,22.8539,39.9486,0.000248622,25.8438,50.2851,7.75492e-05,29.237,63.2963,2.42508e-05,33.0837,79.6738,7.67162e-06,37.4415,100.288,2.32837e-06,42.3767,126.236,7.33e-07,47.9646,158.896,2.79256e-07,54.2906,200.003,9.87351e-09,61.452,251.741,1.61085e-07,69.5585,316.859,-2.47141e-07,78.7347,398.812,8.93552e-08,89.1218,501.948,-2.53231e-07,100.879,631.736,-1.25047e-07,114.188,795.049,-1.78808e-07,129.252,1000.53,2.6733e-07,146.304,1259.03,4.50292e-07,165.605,1584.19,6.76904e-07,187.452,1993.12,-1.23808e-07,212.181,2507.27,-4.89068e-07,240.173,3153.54,-5.40284e-07,271.856,3965.56,1.86061e-07,307.719,4985.38,4.37004e-07,348.313,6265.4,3.59828e-07,394.26,7870.83,3.98192e-07,446.268,9882.51,-1.92908e-07,505.135,12400.3,-2.20392e-07,571.766,15546.9,1.51705e-07,647.184,19472.2,5.74996e-07,732.547,24357.4,5.39112e-07,829.167,30420,5.07815e-09,938.526,37916.3,-4.11492e-07,1062.3,47143.9,-3.9561e-07,1202.4,58439.2,3.86185e-08,1360.96,72169.3,5.94093e-07,1540.42,88715.8,7.47693e-07,1743.53,108445,1.78537e-07,1973.41,131665,-4.12549e-07,2233.57,158557,-5.37164e-07,2528,189103,-1.17615e-07,2861.2,222986,5.66769e-07,3238.27,259510,9.45053e-07,3664.97,297540,4.25093e-07,4147.81,335497,-3.58506e-07,4694.17,371444,-6.7724e-07,5312.37,403256,1.67192e-07,1.61744,3.89446,9.84394,3.28846,7.5504,12.774,5.07607,11.7187,13.6844,7.03202,16.8147,13.9681,9.20215,23.1769,14.0566,11.6301,31.1672,14.0841,14.3598,41.2186,14.0927,17.4376,53.8688,14.0954,20.9137,69.7915,14.0962,24.8432,89.8341,14.0965,29.2879,115.063,14.0966,34.3168,146.819,14.0966,40.0078,186.792,14.0966,46.4487,237.107,14.0966,53.7388,300.44,14.0966,61.9903,380.158,14.0966,71.3301,480.499,14.0966,81.902,606.796,14.0966,93.8685,765.761,14.0966,107.414,965.837,14.0966,122.746,1217.65,14.0966,140.101,1534.57,14.0966,159.745,1933.41,14.0966,181.981,2435.3,14.0966,207.15,3066.85,14.0966,235.64,3861.46,14.0966,267.889,4861.11,14.0966,304.391,6118.54,14.0966,345.709,7699.91,14.0966,392.478,9688.22,14.0966,445.417,12187.5,14.0966,505.339,15327.7,14.0966,573.165,19271.6,14.0966,649.938,24222,14.0966,736.839,30430.9,14.0966,835.202,38211.5,14.0966,946.539,47950.3,14.0966,1072.56,60122.8,14.0966,1215.21,75309.9,14.0966,1376.66,94216.2,14.0966,1559.41,117688,14.0966,1766.26,146729,14.0966,2000.39,182510,14.0966,2265.39,226372,14.0966,2565.33,279806,14.0966,2904.81,344416,14.0966,3289.05,421845,14.0966,3723.93,513667,14.0966,4216.13,621231,14.0966,4773.18,745478,14.0966,5403.64,886744,14.0966,6117.15,1.04457e+06,14.0966,6924.63,1.2176e+06,14.0966,11.7194,11.96,12.6541,13.9321,16.1295,13.6434,16.6097,21.9702,13.9553,19.7532,29.5285,14.0526,23.3844,39.1143,14.0829,27.5423,51.2054,14.0923,32.2796,66.434,14.0953,37.662,85.6061,14.0962,43.7675,109.74,14.0965,50.687,140.119,14.0966,58.5249,178.359,14.0966,67.4005,226.493,14.0966,77.4493,287.08,14.0966,88.8254,363.343,14.0966,101.703,459.336,14.0966,116.281,580.161,14.0966,132.782,732.241,14.0966,151.46,923.655,14.0966,172.603,1164.57,14.0966,196.535,1467.79,14.0966,223.625,1849.39,14.0966,254.288,2329.62,14.0966,288.997,2933.93,14.0966,328.285,3694.33,14.0966,372.755,4651.04,14.0966,423.092,5854.57,14.0966,480.07,7368.38,14.0966,544.564,9272.08,14.0966,617.566,11665.5,14.0966,700.197,14673.6,14.0966,793.729,18452.9,14.0966,899.599,23198.6,14.0966,1019.43,29154.1,14.0966,1155.07,36622.3,14.0966,1308.6,45977.9,14.0966,1482.39,57683.7,14.0966,1679.09,72307.8,14.0966,1901.73,90542.8,14.0966,2153.73,113226,14.0966,2438.97,141360,14.0966,2761.81,176127,14.0966,3127.22,218898,14.0966,3540.81,271226,14.0966,4008.92,334817,14.0966,4538.74,411470,14.0966,5138.38,502973,14.0966,5817.04,610948,14.0966,6585.12,736653,14.0966,7454.39,880741,14.0966,8438.15,1.04302e+06,14.0966,9551.45,1.22224e+06,14.0966,10811.3,1.41602e+06,14.0966,12237,1.62086e+06,14.0966,11.7194,11.96,12.6541,2.21263,4.16949,0.989383,2.67766,5.84076,0.311842,3.14343,7.55825,0.0972771,3.63127,9.58578,0.0303237,4.15787,12.0912,0.00945211,4.73731,15.2286,0.00294633,5.38238,19.1721,0.000918508,6.10553,24.134,0.000286163,6.91951,30.3791,8.92692e-05,7.83792,38.2397,2.78121e-05,8.87555,48.1338,8.65134e-06,10.0489,60.5876,2.7882e-06,11.3761,76.2629,8.29036e-07,12.8779,95.9927,2.4373e-07,14.5775,120.825,4.33068e-09,16.5012,152.08,1.75749e-07,18.6784,191.415,-1.86328e-07,21.1428,240.917,1.91829e-07,23.9322,303.213,-1.81475e-07,27.0895,381.602,7.0186e-08,30.6634,480.231,-2.86769e-08,34.7087,604.316,2.40784e-07,39.2876,760.401,9.87368e-08,44.4705,956.705,1.22263e-07,50.3371,1203.54,-4.31966e-07,56.9776,1513.81,-1.9705e-07,64.494,1903.69,-2.763e-08,73.0018,2393.4,3.9185e-07,82.6317,3008.13,1.35379e-07,93.5318,3779.25,-4.16351e-08,105.869,4745.7,2.06965e-08,119.834,5955.6,-3.18887e-07,135.641,7468.12,-1.48271e-08,153.531,9355.62,2.00739e-07,173.781,11705.8,2.28358e-07,196.701,14624.1,-1.93587e-08,222.642,18235,-2.88101e-07,252.003,22683.4,-2.24732e-07,285.234,28134,8.56806e-09,322.845,34767,2.34258e-07,365.413,42770.9,2.99668e-07,413.588,52327.9,8.28644e-08,468.111,63591.2,-3.07049e-07,529.814,76653.2,-3.1888e-07,599.642,91502.5,-6.72276e-08,678.662,107975,2.26339e-07,768.083,125705,3.69212e-07,869.267,144088,2.04077e-07,983.76,162277,-2.80509e-07,1113.3,179223,-4.22737e-07,1259.87,193777,-1.71951e-07,1425.68,204839,4.55555e-07,11.7194,11.96,12.6541,2.21263,4.16949,0.989383,2.67766,5.84076,0.311842,3.14343,7.55825,0.0972771,3.63127,9.58578,0.0303237,4.15787,12.0912,0.00945211,4.73731,15.2286,0.00294633,5.38238,19.1721,0.000918508,6.10553,24.134,0.000286163,6.91951,30.3791,8.92692e-05,7.83792,38.2397,2.78121e-05,8.87555,48.1338,8.65134e-06,10.0489,60.5876,2.7882e-06,11.3761,76.2629,8.29036e-07,12.8779,95.9927,2.4373e-07,14.5775,120.825,1e-08,16.5012,152.08,1.75749e-07,18.6784,191.415,1e-08,21.1428,240.917,1.91829e-07,23.9322,303.213,1e-08,27.0895,381.602,7.0186e-08,30.6634,480.231,1e-08,34.7087,604.316,2.40784e-07,39.2876,760.401,9.87368e-08,44.4705,956.705,1.22263e-07,50.3371,1203.54,1e-08,56.9776,1513.81,1e-08,64.494,1903.69,1e-08,73.0018,2393.4,3.9185e-07,82.6317,3008.13,1.35379e-07,93.5318,3779.25,1e-08,105.869,4745.7,2.06965e-08,119.834,5955.6,1e-08,135.641,7468.12,1e-08,153.531,9355.62,2.00739e-07,173.781,11705.8,2.28358e-07,196.701,14624.1,1e-08,222.642,18235,1e-08,252.003,22683.4,1e-08,285.234,28134,1e-08,322.845,34767,2.34258e-07,365.413,42770.9,2.99668e-07,413.588,52327.9,8.28644e-08,468.111,63591.2,1e-08,529.814,76653.2,1e-08,599.642,91502.5,1e-08,678.662,107975,2.26339e-07,768.083,125705,3.69212e-07,869.267,144088,2.04077e-07,983.76,162277,1e-08,1113.3,179223,1e-08,1259.87,193777,1e-08,1425.68,204839,4.55555e-07,6.2823,3.27286,2.43537,0.219672,6.18826,2.24117,0.56371,6.87772,2.63624,0.308279,8,9,17,3,7,2,6,9,0,4,3,0,4,5,0,8,5,0,7,20,0,4,16,0,6,36,0,5,35,0,16,46,0,15,94,0,9,83,0,16,24,0,22,108,0,25,151,0,27,108,0,21,156,0,19,387,0,22,340,0,36,438,0,39,307,0,35,438,0,83,1256,0,19,1044,0,56,1303,0,101,1540,0,46,2512,0,38,2940,0,93,2583,0,59,2203,0,166,5101,0,44,1671,0,34,10070,0,92,5839,0,230,13042,0,335,14459,0,233,10151,0,154,13232,0,143,17361,0,268,35520,0,625,57944,0,365,42301,0,790,40136,0,237,46784,0,534,101207,0,430,52700,0,1268,90833,0,833,96886,0,840,103745,0,1230,131065,0,1598,85953,0,1454,238704,0
-1.05176e+08,1,8.88811e-15,10,1023,0,1.05176e+08,0.528882,1.08665,0.389689,0.145397,0.379329,3.24381,0.161596,0.446195,1.77396,0.159177,1.15e+07,4.49998e+06,6.79999e+06,1.15e+07,4.49997e+06,6.79999e+06,1.15e+07,4.49996e+06,6.79999e+06,1.15e+07,4.49995e+06,6.79999e+06,1.14999e+07,4.49993e+06,6.79999e+06,1.14999e+07,4.49991e+06,6.79999e+06,1.14999e+07,4.49989e+06,6.79999e+06,1.14999e+07,4.49986e+06,6.79999e+06,1.14999e+07,4.49982e+06,6.79999e+06,1.14999e+07,4.49977e+06,6.79999e+06,1.14999e+07,4.49971e+06,6.79999e+06,1.14999e+07,4.49963e+06,6.79999e+06,1.14998e+07,4.49953e+06,6.79999e+06,1.14998e+07,4.49941e+06,6.79999e+06,1.14998e+07,4.49926e+06,6.79999e+06,1.14998e+07,4.49906e+06,6.79999e+06,1.14997e+07,4.49882e+06,6.79999e+06,1.14997e+07,4.49851e+06,6.79999e+06,1.14997e+07,4.49812e+06,6.79999e+06,1.14996e+07,4.49764e+06,6.79999e+06,1.14996e+07,4.49702e+06,6.79999e+06,1.14995e+07,4.49625e+06,6.79999e+06,1.14995e+07,4.49528e+06,6.79999e+06,1.14994e+07,4.49406e+06,6.79999e+06,1.14993e+07,4.49253e+06,6.79999e+06,1.14992e+07,4.49059e+06,6.79999e+06,1.14991e+07,4.48817e+06,6.79999e+06,1.1499e+07,4.48511e+06,6.79999e+06,1.14988e+07,4.48128e+06,6.79999e+06,1.14987e+07,4.47646e+06,6.79999e+06,1.14985e+07,4.47041e+06,6.79999e+06,1.14983e+07,4.46281e+06,6.79999e+06,1.14981e+07,4.4533e+06,6.79999e+06,1.14979e+07,4.44138e+06,6.79999e+06,1.14976e+07,4.42649e+06,6.79999e+06,1.14972e+07,4.40789e+06,6.79999e+06,1.14969e+07,4.38471e+06,6.79999e+06,1.14965e+07,4.35592e+06,6.79999e+06,1.1496e+07,4.32027e+06,6.79999e+06,1.14955e+07,4.27629e+06,6.79999e+06,1.14949e+07,4.22231e+06,6.79999e+06,1.14942e+07,4.15647e+06,6.79999e+06,1.14934e+07,4.07676e+06,6.79999e+06,1.14926e+07,3.98112e+06,6.79999e+06,1.14916e+07,3.86765e+06,6.79999e+06,1.14905e+07,3.73474e+06,6.79999e+06,1.14892e+07,3.58148e+06,6.79999e+06,1.14878e+07,3.40785e+06,6.79999e+06,1.14862e+07,3.21513e+06,6.79999e+06,1.14844e+07,3.00605e+06,6.79999e+06,1.14823e+07,2.7848e+06,6.79999e+06,1.148e+07,2.5568e+06,6.79999e+06,1.14773e+07,2.32825e+06,6.79999e+06,13.5742,8.52444,0.508366,16.8306,13.2585,0.162638,20.0035,17.569,0.0507846,23.2616,22.4214,0.0158319,26.7328,28.3297,0.00493498,30.5212,35.6974,0.00153831,34.7178,44.9473,0.000479527,39.4086,56.5822,0.000149456,44.6796,71.2245,4.66214e-05,50.6209,89.6543,1.45419e-05,57.3297,112.852,4.54748e-06,64.9129,142.051,1.43857e-06,73.4897,178.803,4.36618e-07,83.1934,225.062,1.40153e-07,94.1745,283.286,4.96378e-08,106.602,356.568,1.05434e-07,120.669,448.799,-6.49244e-08,136.59,564.873,1.70148e-07,154.611,710.948,-5.34594e-08,175.008,894.767,1.63407e-07,198.097,1126.06,8.04804e-08,224.231,1417.07,1.14667e-07,253.813,1783.15,-1.71227e-07,287.297,2243.62,-2.88466e-07,325.198,2822.67,-4.33651e-07,368.098,3550.67,7.9318e-08,416.657,4465.65,3.13319e-07,471.621,5615.16,3.4613e-07,533.835,7058.61,-1.19199e-07,604.255,8870.02,-2.79964e-07,683.962,11141.4,-2.30521e-07,774.182,13986.7,-2.55099e-07,876.299,17546.4,1.23585e-07,991.883,21993.1,1.41192e-07,1122.71,27536.7,-9.71886e-08,1270.78,34430.7,-3.68368e-07,1438.38,42977.7,-3.45379e-07,1628.07,53532.7,-3.25328e-09,1842.77,66504.6,2.6362e-07,2085.77,82350.2,2.53445e-07,2360.79,101560,-2.47407e-08,2672.05,124632,-3.80602e-07,3024.31,152018,-4.79005e-07,3422.98,184060,-1.14379e-07,3874.15,220884,2.64297e-07,4384.72,262283,3.44131e-07,4962.49,307576,7.5349e-08,5616.29,355497,-3.63097e-07,6356.1,404126,-6.05442e-07,7193.18,450932,-2.72333e-07,8140.28,492963,2.29675e-07,9211.79,527178,4.3387e-07,10424,550893,-1.0711e-07,10.102,8.06553,2.81012,10.6436,8.57909,0.869423,11.5336,10.2515,0.270869,12.7211,12.7138,0.0844293,14.1823,15.9373,0.0263173,15.9122,20.0383,0.0082035,17.9198,25.2154,0.00255722,20.2244,31.7373,0.000797017,22.8539,39.9486,0.000248622,25.8438,50.2851,7.75492e-05,29.237,63.2963,2.42508e-05,33.0837,79.6738,7.67162e-06,37.4415,100.288,2.32837e-06,42.3767,126.236,7.33e-07,47.9646,158.896,2.79256e-07,54.2906,200.003,9.87351e-09,61.452,251.741,1.61085e-07,69.5585,316.859,-2.47141e-07,78.7347,398.812,8.93552e-08,89.1218,501.948,-2.53231e-07,100.879,631.736,-1.25047e-07,114.188,795.049,-1.78808e-07,129.252,1000.53,2.6733e-07,146.304,1259.03,4.50292e-07,165.605,1584.19,6.76904e-07,187.452,1993.12,-1.23808e-07,212.181,2507.27,-4.89068e-07,240.173,3153.54,-5.40284e-07,271.856,3965.56,1.86061e-07,307.719,4985.38,4.37004e-07,348.313,6265.4,3.59828e-07,394.26,7870.83,3.98192e-07,446.268,9882.51,-1.92908e-07,505.135,12400.3,-2.20392e-07,571.766,15546.9,1.51705e-07,647.184,19472.2,5.74996e-07,732.547,24357.4,5.39112e-07,829.167,30420,5.07815e-09,938.526,37916.3,-4.11492e-07,1062.3,47143.9,-3.9561e-07,1202.4,58439.2,3.86185e-08,1360.96,72169.3,5.94093e-07,1540.42,88715.8,7.47693e-07,1743.53,108445,1.78537e-07,1973.41,131665,-4.12549e-07,2233.57,158557,-5.37164e-07,2528,189103,-1.17615e-07,2861.2,222986,5.66769e-07,3238.27,259510,9.45053e-07,3664.97,297540,4.25093e-07,4147.81,335497,-3.58506e-07,4694.17,371444,-6.7724e-07,5312.37,403256,1.67192e-07,1.61744,3.89446,9.84394,3.28846,7.5504,12.774,5.07607,11.7187,13.6844,7.03202,16.8147,13.9681,9.20215,23.1769,14.0566,11.6301,31.1672,14.0841,14.3598,41.2186,14.0927,17.4376,53.8688,14.0954,20.9137,69.7915,14.0962,24.8432,89.8341,14.0965,29.2879,115.063,14.0966,34.3168,146.819,14.0966,40.0078,186.792,14.0966,46.4487,237.107,14.0966,53.7388,300.44,14.0966,61.9903,380.158,14.0966,71.3301,480.499,14.0966,81.902,606.796,14.0966,93.8685,765.761,14.0966,107.414,965.837,14.0966,122.746,1217.65,14.0966,140.101,1534.57,14.0966,159.745,1933.41,14.0966,181.981,2435.3,14.0966,207.15,3066.85,14.0966,235.64,3861.46,14.0966,267.889,4861.11,14.0966,304.391,6118.54,14.0966,345.709,7699.91,14.0966,392.478,9688.22,14.0966,445.417,12187.5,14.0966,505.339,15327.7,14.0966,573.165,19271.6,14.0966,649.938,24222,14.0966,736.839,30430.9,14.0966,835.202,38211.5,14.0966,946.539,47950.3,14.0966,1072.56,60122.8,14.0966,1215.21,75309.9,14.0966,1376.66,94216.2,14.0966,1559.41,117688,14.0966,1766.26,146729,14.0966,2000.39,182510,14.0966,2265.39,226372,14.0966,2565.33,279806,14.0966,2904.81,344416,14.0966,3289.05,421845,14.0966,3723.93,513667,14.0966,4216.13,621231,14.0966,4773.18,745478,14.0966,5403.64,886744,14.0966,6117.15,1.04457e+06,14.0966,6924.63,1.2176e+06,14.0966,11.7194,11.96,12.6541,13.9321,16.1295,13.6434,16.6097,21.9702,13.9553,19.7532,29.5285,14.0526,23.3844,39.1143,14.0829,27.5423,51.2054,14.0923,32.2796,66.434,14.0953,37.662,85.6061,14.0962,43.7675,109.74,14.0965,50.687,140.119,14.0966,58.5249,178.359,14.0966,67.4005,226.493,14.0966,77.4493,287.08,14.0966,88.8254,363.343,14.0966,101.703,459.336,14.0966,116.281,580.161,14.0966,132.782,732.241,14.0966,151.46,923.655,14.0966,172.603,1164.57,14.0966,196.535,1467.79,14.0966,223.625,1849.39,14.0966,254.288,2329.62,14.0966,288.997,2933.93,14.0966,328.285,3694.33,14.0966,372.755,4651.04,14.0966,423.092,5854.57,14.0966,480.07,7368.38,14.0966,544.564,9272.08,14.0966,617.566,11665.5,14.0966,700.197,14673.6,14.0966,793.729,18452.9,14.0966,899.599,23198.6,14.0966,1019.43,29154.1,14.0966,1155.07,36622.3,14.0966,1308.6,45977.9,14.0966,1482.39,57683.7,14.0966,1679.09,72307.8,14.0966,1901.73,90542.8,14.0966,2153.73,113226,14.0966,2438.97,141360,14.0966,2761.81,176127,14.0966,3127.22,218898,14.0966,3540.81,271226,14.0966,4008.92,334817,14.0966,4538.74,411470,14.0966,5138.38,502973,14.0966,5817.04,610948,14.0966,6585.12,736653,14.0966,7454.39,880741,14.0966,8438.15,1.04302e+06,14.0966,9551.45,1.22224e+06,14.0966,10811.3,1.41602e+06,14.0966,12237,1.62086e+06,14.0966,11.7194,11.96,12.6541,2.21263,4.16949,0.989383,2.67766,5.84076,0.311842,3.14343,7.55825,0.0972771,3.63127,9.58578,0.0303237,4.15787,12.0912,0.00945211,4.73731,15.2286,0.00294633,5.38238,19.1721,0.000918508,6.10553,24.134,0.000286163,6.91951,30.3791,8.92692e-05,7.83792,38.2397,2.78121e-05,8.87555,48.1338,8.65134e-06,10.0489,60.5876,2.7882e-06,11.3761,76.2629,8.29036e-07,12.8779,95.9927,2.4373e-07,14.5775,120.825,4.33068e-09,16.5012,152.08,1.75749e-07,18.6784,191.415,-1.86328e-07,21.1428,240.917,1.91829e-07,23.9322,303.213,-1.81475e-07,27.0895,381.602,7.0186e-08,30.6634,480.231,-2.86769e-08,34.7087,604.316,2.40784e-07,39.2876,760.401,9.87368e-08,44.4705,956.705,1.22263e-07,50.3371,1203.54,-4.31966e-07,56.9776,1513.81,-1.9705e-07,64.494,1903.69,-2.763e-08,73.0018,2393.4,3.9185e-07,82.6317,3008.13,1.35379e-07,93.5318,3779.25,-4.16351e-08,105.869,4745.7,2.06965e-08,119.834,5955.6,-3.18887e-07,135.641,7468.12,-1.48271e-08,153.531,9355.62,2.00739e-07,173.781,11705.8,2.28358e-07,196.701,14624.1,-1.93587e-08,222.642,18235,-2.88101e-07,252.003,22683.4,-2.24732e-07,285.234,28134,8.56806e-09,322.845,34767,2.34258e-07,365.413,42770.9,2.99668e-07,413.588,52327.9,8.28644e-08,468.111,63591.2,-3.07049e-07,529.814,76653.2,-3.1888e-07,599.642,91502.5,-6.72276e-08,678.662,107975,2.26339e-07,768.083,125705,3.69212e-07,869.267,144088,2.04077e-07,983.76,162277,-2.80509e-07,1113.3,179223,-4.22737e-07,1259.87,193777,-1.71951e-07,1425.68,204839,4.55555e-07,11.7194,11.96,12.6541,2.21263,4.16949,0.989383,2.67766,5.84076,0.311842,3.14343,7.55825,0.0972771,3.63127,9.58578,0.0303237,4.15787,12.0912,0.00945211,4.73731,15.2286,0.00294633,5.38238,19.1721,0.000918508,6.10553,24.134,0.000286163,6.91951,30.3791,8.92692e-05,7.83792,38.2397,2.78121e-05,8.87555,48.1338,8.65134e-06,10.0489,60.5876,2.7882e-06,11.3761,76.2629,8.29036e-07,12.8779,95.9927,2.4373e-07,14.5775,120.825,1e-08,16.5012,152.08,1.75749e-07,18.6784,191.415,1e-08,21.1428,240.917,1.91829e-07,23.9322,303.213,1e-08,27.0895,381.602,7.0186e-08,30.6634,480.231,1e-08,34.7087,604.316,2.40784e-07,39.2876,760.401,9.87368e-08,44.4705,956.705,1.22263e-07,50.3371,1203.54,1e-08,56.9776,1513.81,1e-08,64.494,1903.69,1e-08,73.0018,2393.4,3.9185e-07,82.6317,3008.13,1.35379e-07,93.5318,3779.25,1e-08,105.869,4745.7,2.06965e-08,119.834,5955.6,1e-08,135.641,7468.12,1e-08,153.531,9355.62,2.00739e-07,173.781,11705.8,2.28358e-07,196.701,14624.1,1e-08,222.642,18235,1e-08,252.003,22683.4,1e-08,285.234,28134,1e-08,322.845,34767,2.34258e-07,365.413,42770.9,2.99668e-07,413.588,52327.9,8.28644e-08,468.111,63591.2,1e-08,529.814,76653.2,1e-08,599.642,91502.5,1e-08,678.662,107975,2.26339e-07,768.083,125705,3.69212e-07,869.267,144088,2.04077e-07,983.76,162277,1e-08,1113.3,179223,1e-08,1259.87,193777,1e-08,1425.68,204839,4.55555e-07,6.2823,3.27286,2.43537,0.219672,6.18826,2.24117,0.56371,6.87772,2.63624,0.308279,13,12,12,1,2,0,3,9,0,4,6,0,6,8,0,4,9,0,2,12,0,7,13,0,6,19,0,11,41,0,4,44,0,10,42,0,5,53,0,10,54,0,14,72,0,10,75,0,15,154,0,14,203,0,32,466,0,12,417,0,10,364,0,26,311,0,33,985,0,60,720,0,55,1671,0,61,2236,0,67,876,0,32,2333,0,32,2333,0,106,4231,0,57,4257,0,87,2375,0,159,6101,0,164,7255,0,91,6331,0,213,13053,0,164,8848,0,204,14401,0,265,25039,0,102,11642,0,167,25469,0,704,49522,0,498,59012,0,128,87343,0,290,76484,0,543,29194,0,687,70037,0,578,105040,0,712,56751,0,643,114631,0,2240,48136,0,1541,189561,0,1473,101841,0
-1.05176e+08,1.48641e-52,8.88811e-15,10,1023,0,1.05176e+08,0.528882,1.08665,0.389689,0.145397,0.379329,3.24381,0.161596,0.446195,1.77396,0.159177,1.15e+07,4.49998e+06,6.79999e+06,1.15e+07,4.49997e+06,6.79999e+06,1.15e+07,4.49996e+06,6.79999e+06,1.15e+07,4.49995e+06,6.79999e+06,1.14999e+07,4.49993e+06,6.79999e+06,1.14999e+07,4.49991e+06,6.79999e+06,1.14999e+07,4.49989e+06,6.79999e+06,1.14999e+07,4.49986e+06,6.79999e+06,1.14999e+07,4.49982e+06,6.79999e+06,1.14999e+07,4.49977e+06,6.79999e+06,1.14999e+07,4.49971e+06,6.79999e+06,1.14999e+07,4.49963e+06,6.79999e+06,1.14998e+07,4.49953e+06,6.79999e+06,1.14998e+07,4.49941e+06,6.79999e+06,1.14998e+07,4.49926e+06,6.79999e+06,1.14998e+07,4.49906e+06,6.79999e+06,1.14997e+07,4.49882e+06,6.79999e+06,1.14997e+07,4.49851e+06,6.79999e+06,1.14997e+07,4.49812e+06,6.79999e+06,1.14996e+07,4.49764e+06,6.79999e+06,1.14996e+07,4.49702e+06,6.79999e+06,1.14995e+07,4.49625e+06,6.79999e+06,1.14995e+07,4.49528e+06,6.79999e+06,1.14994e+07,4.49406e+06,6.79999e+06,1.14993e+07,4.49253e+06,6.79999e+06,1.14992e+07,4.49059e+06,6.79999e+06,1.14991e+07,4.48817e+06,6.79999e+06,1.1499e+07,4.48511e+06,6.79999e+06,1.14988e+07,4.48128e+06,6.79999e+06,1.14987e+07,4.47646e+06,6.79999e+06,1.14985e+07,4.47041e+06,6.79999e+06,1.14983e+07,4.46281e+06,6.79999e+06,1.14981e+07,4.4533e+06,6.79999e+06,1.14979e+07,4.44138e+06,6.79999e+06,1.14976e+07,4.42649e+06,6.79999e+06,1.14972e+07,4.40789e+06,6.79999e+06,1.14969e+07,4.38471e+06,6.79999e+06,1.14965e+07,4.35592e+06,6.79999e+06,1.1496e+07,4.32027e+06,6.79999e+06,1.14955e+07,4.27629e+06,6.79999e+06,1.14949e+07,4.22231e+06,6.79999e+06,1.14942e+07,4.15647e+06,6.79999e+06,1.14934e+07,4.07676e+06,6.79999e+06,1.14926e+07,3.98112e+06,6.79999e+06,1.14916e+07,3.86765e+06,6.79999e+06,1.14905e+07,3.73474e+06,6.79999e+06,1.14892e+07,3.58148e+06,6.79999e+06,1.14878e+07,3.40785e+06,6.79999e+06,1.14862e+07,3.21513e+06,6.79999e+06,1.14844e+07,3.00605e+06,6.79999e+06,1.14823e+07,2.7848e+06,6.79999e+06,1.148e+07,2.5568e+06,6.79999e+06,1.14773e+07,2.32825e+06,6.79999e+06,13.5742,8.52444,0.508366,16.8306,13.2585,0.162638,20.0035,17.569,0.0507846,23.2616,22.4214,0.0158319,26.7328,28.3297,0.00493498,30.5212,35.6974,0.00153831,34.7178,44.9473,0.000479527,39.4086,56.5822,0.000149456,44.6796,71.2245,4.66214e-05,50.6209,89.6543,1.45419e-05,57.3297,112.852,4.54748e-06,64.9129,142.051,1.43857e-06,73.4897,178.803,4.36618e-07,83.1934,225.062,1.40153e-07,94.1745,283.286,4.96378e-08,106.602,356.568,1.05434e-07,120.669,448.799,-6.49244e-08,136.59,564.873,1.70148e-07,154.611,710.948,-5.34594e-08,175.008,894.767,1.63407e-07,198.097,1126.06,8.04804e-08,224.231,1417.07,1.14667e-07,253.813,1783.15,-1.71227e-07,287.297,2243.62,-2.88466e-07,325.198,2822.67,-4.33651e-07,368.098,3550.67,7.9318e-08,416.657,4465.65,3.13319e-07,471.621,5615.16,3.4613e-07,533.835,7058.61,-1.19199e-07,604.255,8870.02,-2.79964e-07,683.962,11141.4,-2.30521e-07,774.182,13986.7,-2.55099e-07,876.299,17546.4,1.23585e-07,991.883,21993.1,1.41192e-07,1122.71,27536.7,-9.71886e-08,1270.78,34430.7,-3.68368e-07,1438.38,42977.7,-3.45379e-07,1628.07,53532.7,-3.25328e-09,1842.77,66504.6,2.6362e-07,2085.77,82350.2,2.53445e-07,2360.79,101560,-2.47407e-08,2672.05,124632,-3.80602e-07,3024.31,152018,-4.79005e-07,3422.98,184060,-1.14379e-07,3874.15,220884,2.64297e-07,4384.72,262283,3.44131e-07,4962.49,307576,7.5349e-08,5616.29,355497,-3.63097e-07,6356.1,404126,-6.05442e-07,7193.18,450932,-2.72333e-07,8140.28,492963,2.29675e-07,9211.79,527178,4.3387e-07,10424,550893,-1.0711e-07,10.102,8.06553,2.81012,10.6436,8.57909,0.869423,11.5336,10.2515,0.270869,12.7211,12.7138,0.0844293,14.1823,15.9373,0.0263173,15.9122,20.0383,0.0082035,17.9198,25.2154,0.00255722,20.2244,31.7373,0.000797017,22.8539,39.9486,0.000248622,25.8438,50.2851,7.75492e-05,29.237,63.2963,2.42508e-05,33.0837,79.6738,7.67162e-06,37.4415,100.288,2.32837e-06,42.3767,126.236,7.33e-07,47.9646,158.896,2.79256e-07,54.2906,200.003,9.87351e-09,61.452,251.741,1.61085e-07,69.5585,316.859,-2.47141e-07,78.7347,398.812,8.93552e-08,89.1218,501.948,-2.53231e-07,100.879,631.736,-1.25047e-07,114.188,795.049,-1.78808e-07,129.252,1000.53,2.6733e-07,146.304,1259.03,4.50292e-07,165.605,1584.19,6.76904e-07,187.452,1993.12,-1.23808e-07,212.181,2507.27,-4.89068e-07,240.173,3153.54,-5.40284e-07,271.856,3965.56,1.86061e-07,307.719,4985.38,4.37004e-07,348.313,6265.4,3.59828e-07,394.26,7870.83,3.98192e-07,446.268,9882.51,-1.92908e-07,505.135,12400.3,-2.20392e-07,571.766,15546.9,1.51705e-07,647.184,19472.2,5.74996e-07,732.547,24357.4,5.39112e-07,829.167,30420,5.07815e-09,938.526,37916.3,-4.11492e-07,1062.3,47143.9,-3.9561e-07,1202.4,58439.2,3.86185e-08,1360.96,72169.3,5.94093e-07,1540.42,88715.8,7.47693e-07,1743.53,108445,1.78537e-07,1973.41,131665,-4.12549e-07,2233.57,158557,-5.37164e-07,2528,189103,-1.17615e-07,2861.2,222986,5.66769e-07,3238.27,259510,9.45053e-07,3664.97,297540,4.25093e-07,4147.81,335497,-3.58506e-07,4694.17,371444,-6.7724e-07,5312.37,403256,1.67192e-07,1.61744,3.89446,9.84394,3.28846,7.5504,12.774,5.07607,11.7187,13.6844,7.03202,16.8147,13.9681,9.20215,23.1769,14.0566,11.6301,31.1672,14.0841,14.3598,41.2186,14.0927,17.4376,53.8688,14.0954,20.9137,69.7915,14.0962,24.8432,89.8341,14.0965,29.2879,115.063,14.0966,34.3168,146.819,14.0966,40.0078,186.792,14.0966,46.4487,237.107,14.0966,53.7388,300.44,14.0966,61.9903,380.158,14.0966,71.3301,480.499,14.0966,81.902,606.796,14.0966,93.8685,765.761,14.0966,107.414,965.837,14.0966,122.746,1217.65,14.0966,140.101,1534.57,14.0966,159.745,1933.41,14.0966,181.981,2435.3,14.0966,207.15,3066.85,14.0966,235.64,3861.46,14.0966,267.889,4861.11,14.0966,304.391,6118.54,14.0966,345.709,7699.91,14.0966,392.478,9688.22,14.0966,445.417,12187.5,14.0966,505.339,15327.7,14.0966,573.165,19271.6,14.0966,649.938,24222,14.0966,736.839,30430.9,14.0966,835.202,38211.5,14.0966,946.539,47950.3,14.0966,1072.56,60122.8,14.0966,1215.21,75309.9,14.0966,1376.66,94216.2,14.0966,1559.41,117688,14.0966,1766.26,146729,14.0966,2000.39,182510,14.0966,2265.39,226372,14.0966,2565.33,279806,14.0966,2904.81,344416,14.0966,3289.05,421845,14.0966,3723.93,513667,14.0966,4216.13,621231,14.0966,4773.18,745478,14.0966,5403.64,886744,14.0966,6117.15,1.04457e+06,14.0966,6924.63,1.2176e+06,14.0966,11.7194,11.96,12.6541,13.9321,16.1295,13.6434,16.6097,21.9702,13.9553,19.7532,29.5285,14.0526,23.3844,39.1143,14.0829,27.5423,51.2054,14.0923,32.2796,66.434,14.0953,37.662,85.6061,14.0962,43.7675,109.74,14.0965,50.687,140.119,14.0966,58.5249,178.359,14.0966,67.4005,226.493,14.0966,77.4493,287.08,14.0966,88.8254,363.343,14.0966,101.703,459.336,14.0966,116.281,580.161,14.0966,132.782,732.241,14.0966,151.46,923.655,14.0966,172.603,1164.57,14.0966,196.535,1467.79,14.0966,223.625,1849.39,14.0966,254.288,2329.62,14.0966,288.997,2933.93,14.0966,328.285,3694.33,14.0966,372.755,4651.04,14.0966,423.092,5854.57,14.0966,480.07,7368.38,14.0966,544.564,9272.08,14.0966,617.566,11665.5,14.0966,700.197,14673.6,14.0966,793.729,18452.9,14.0966,899.599,23198.6,14.0966,1019.43,29154.1,14.0966,1155.07,36622.3,14.0966,1308.6,45977.9,14.0966,1482.39,57683.7,14.0966,1679.09,72307.8,14.0966,1901.73,90542.8,14.0966,2153.73,113226,14.0966,2438.97,141360,14.0966,2761.81,176127,14.0966,3127.22,218898,14.0966,3540.81,271226,14.0966,4008.92,334817,14.0966,4538.74,411470,14.0966,5138.38,502973,14.0966,5817.04,610948,14.0966,6585.12,736653,14.0966,7454.39,880741,14.0966,8438.15,1.04302e+06,14.0966,9551.45,1.22224e+06,14.0966,10811.3,1.41602e+06,14.0966,12237,1.62086e+06,14.0966,11.7194,11.96,12.6541,2.21263,4.16949,0.989383,2.67766,5.84076,0.311842,3.14343,7.55825,0.0972771,3.63127,9.58578,0.0303237,4.15787,12.0912,0.00945211,4.73731,15.2286,0.00294633,5.38238,19.1721,0.000918508,6.10553,24.134,0.000286163,6.91951,30.3791,8.92692e-05,7.83792,38.2397,2.78121e-05,8.87555,48.1338,8.65134e-06,10.0489,60.5876,2.7882e-06,11.3761,76.2629,8.29036e-07,12.8779,95.9927,2.4373e-07,14.5775,120.825,4.33068e-09,16.5012,152.08,1.75749e-07,18.6784,191.415,-1.86328e-07,21.1428,240.917,1.91829e-07,23.9322,303.213,-1.81475e-07,27.0895,381.602,7.0186e-08,30.6634,480.231,-2.86769e-08,34.7087,604.316,2.40784e-07,39.2876,760.401,9.87368e-08,44.4705,956.705,1.22263e-07,50.3371,1203.54,-4.31966e-07,56.9776,1513.81,-1.9705e-07,64.494,1903.69,-2.763e-08,73.0018,2393.4,3.9185e-07,82.6317,3008.13,1.35379e-07,93.5318,3779.25,-4.16351e-08,105.869,4745.7,2.06965e-08,119.834,5955.6,-3.18887e-07,135.641,7468.12,-1.48271e-08,153.531,9355.62,2.00739e-07,173.781,11705.8,2.28358e-07,196.701,14624.1,-1.93587e-08,222.642,18235,-2.88101e-07,252.003,22683.4,-2.24732e-07,285.234,28134,8.56806e-09,322.845,34767,2.34258e-07,365.413,42770.9,2.99668e-07,413.588,52327.9,8.28644e-08,468.111,63591.2,-3.07049e-07,529.814,76653.2,-3.1888e-07,599.642,91502.5,-6.72276e-08,678.662,107975,2.26339e-07,768.083,125705,3.69212e-07,869.267,144088,2.04077e-07,983.76,162277,-2.80509e-07,1113.3,179223,-4.22737e-07,1259.87,193777,-1.71951e-07,1425.68,204839,4.55555e-07,11.7194,11.96,12.6541,2.21263,4.16949,0.989383,2.67766,5.84076,0.311842,3.14343,7.55825,0.0972771,3.63127,9.58578,0.0303237,4.15787,12.0912,0.00945211,4.73731,15.2286,0.00294633,5.38238,19.1721,0.000918508,6.10553,24.134,0.000286163,6.91951,30.3791,8.92692e-05,7.83792,38.2397,2.78121e-05,8.87555,48.1338,8.65134e-06,10.0489,60.5876,2.7882e-06,11.3761,76.2629,8.29036e-07,12.8779,95.9927,2.4373e-07,14.5775,120.825,1e-08,16.5012,152.08,1.75749e-07,18.6784,191.415,1e-08,21.1428,240.917,1.91829e-07,23.9322,303.213,1e-08,27.0895,381.602,7.0186e-08,30.6634,480.231,1e-08,34.7087,604.316,2.40784e-07,39.2876,760.401,9.87368e-08,44.4705,956.705,1.22263e-07,50.3371,1203.54,1e-08,56.9776,1513.81,1e-08,64.494,1903.69,1e-08,73.0018,2393.4,3.9185e-07,82.6317,3008.13,1.35379e-07,93.5318,3779.25,1e-08,105.869,4745.7,2.06965e-08,119.834,5955.6,1e-08,135.641,7468.12,1e-08,153.531,9355.62,2.00739e-07,173.781,11705.8,2.28358e-07,196.701,14624.1,1e-08,222.642,18235,1e-08,252.003,22683.4,1e-08,285.234,28134,1e-08,322.845,34767,2.34258e-07,365.413,42770.9,2.99668e-07,413.588,52327.9,8.28644e-08,468.111,63591.2,1e-08,529.814,76653.2,1e-08,599.642,91502.5,1e-08,678.662,107975,2.26339e-07,768.083,125705,3.69212e-07,869.267,144088,2.04077e-07,983.76,162277,1e-08,1113.3,179223,1e-08,1259.87,193777,1e-08,1425.68,204839,4.55555e-07,6.2823,3.27286,2.43537,0.219672,6.18826,2.24117,0.56371,6.87772,2.63624,0.308279,8,4,10,3,2,0,2,7,0,3,6,0,3,9,0,7,14,0,5,7,0,6,15,0,8,19,0,10,60,0,8,31,0,1,27,0,10,56,0,7,117,0,6,69,0,23,225,0,18,120,0,30,332,0,20,152,0,6,233,0,42,444,0,32,380,0,56,317,0,40,540,0,43,548,0,74,314,0,81,1068,0,87,1083,0,137,1656,0,50,2726,0,124,3055,0,118,3281,0,252,3208,0,55,9292,0,114,7979,0,197,14781,0,200,21639,0,73,9934,0,148,20829,0,392,14330,0,282,26251,0,221,10714,0,242,57800,0,513,76318,0,504,110419,0,927,86806,0,968,102873,0,613,197142,0,1234,161689,0,663,125615,0,1131,372761,0,284,223980,0,986,55860,0
-1.05176e+08,1,8.88811e-15,10,1023,0,1.05176e+08,0.528882,1.08665,0.389689,0.145397,0.379329,3.24381,0.161596,0.446195,1.77396,0.159177,1.15e+07,4.49998e+06,6.79999e+06,1.15e+07,4.49997e+06,6.79999e+06,1.15e+07,4.49996e+06,6.79999e+06,1.15e+07,4.49995e+06,6.79999e+06,1.14999e+07,4.49993e+06,6.79999e+06,1.14999e+07,4.49991e+06,6.79999e+06,1.14999e+07,4.49989e+06,6.79999e+06,1.14999e+07,4.49986e+06,6.79999e+06,1.14999e+07,4.49982e+06,6.79999e+06,1.14999e+07,4.49977e+06,6.79999e+06,1.14999e+07,4.49971e+06,6.79999e+06,1.14999e+07,4.49963e+06,6.79999e+06,1.14998e+07,4.49953e+06,6.79999e+06,1.14998e+07,4.49941e+06,6.79999e+06,1.14998e+07,4.49926e+06,6.79999e+06,1.14998e+07,4.49906e+06,6.79999e+06,1.14997e+07,4.49882e+06,6.79999e+06,1.14997e+07,4.49851e+06,6.79999e+06,1.14997e+07,4.49812e+06,6.79999e+06,1.14996e+07,4.49764e+06,6.79999e+06,1.14996e+07,4.49702e+06,6.79999e+06,1.14995e+07,4.49625e+06,6.79999e+06,1.14995e+07,4.49528e+06,6.79999e+06,1.14994e+07,4.49406e+06,6.79999e+06,1.14993e+07,4.49253e+06,6.79999e+06,1.14992e+07,4.49059e+06,6.79999e+06,1.14991e+07,4.48817e+06,6.79999e+06,1.1499e+07,4.48511e+06,6.79999e+06,1.14988e+07,4.48128e+06,6.79999e+06,1.14987e+07,4.47646e+06,6.79999e+06,1.14985e+07,4.47041e+06,6.79999e+06,1.14983e+07,4.46281e+06,6.79999e+06,1.14981e+07,4.4533e+06,6.79999e+06,1.14979e+07,4.44138e+06,6.79999e+06,1.14976e+07,4.42649e+06,6.79999e+06,1.14972e+07,4.40789e+06,6.79999e+06,1.14969e+07,4.38471e+06,6.79999e+06,1.14965e+07,4.35592e+06,6.79999e+06,1.1496e+07,4.32027e+06,6.79999e+06,1.14955e+07,4.27629e+06,6.79999e+06,1.14949e+07,4.22231e+06,6.79999e+06,1.14942e+07,4.15647e+06,6.79999e+06,1.14934e+07,4.07676e+06,6.79999e+06,1.14926e+07,3.98112e+06,6.79999e+06,1.14916e+07,3.86765e+06,6.79999e+06,1.14905e+07,3.73474e+06,6.79999e+06,1.14892e+07,3.58148e+06,6.79999e+06,1.14878e+07,3.40785e+06,6.79999e+06,1.14862e+07,3.21513e+06,6.79999e+06,1.14844e+07,3.00605e+06,6.79999e+06,1.14823e+07,2.7848e+06,6.79999e+06,1.148e+07,2.5568e+06,6.79999e+06,1.14773e+07,2.32825e+06,6.79999e+06,13.5742,8.52444,0.508366,16.8306,13.2585,0.162638,20.0035,17.569,0.0507846,23.2616,22.4214,0.0158319,26.7328,28.3297,0.00493498,30.5212,35.6974,0.00153831,34.7178,44.9473,0.000479527,39.4086,56.5822,0.000149456,44.6796,71.2245,4.66214e-05,50.6209,89.6543,1.45419e-05,57.3297,112.852,4.54748e-06,64.9129,142.051,1.43857e-06,73.4897,178.803,4.36618e-07,83.1934,225.062,1.40153e-07,94.1745,283.286,4.96378e-08,106.602,356.568,1.05434e-07,120.669,448.799,-6.49244e-08,136.59,564.873,1.70148e-07,154.611,710.948,-5.34594e-08,175.008,894.767,1.63407e-07,198.097,1126.06,8.04804e-08,224.231,1417.07,1.14667e-07,253.813,1783.15,-1.71227e-07,287.297,2243.62,-2.88466e-07,325.198,2822.67,-4.33651e-07,368.098,3550.67,7.9318e-08,416.657,4465.65,3.13319e-07,471.621,5615.16,3.4613e-07,533.835,7058.61,-1.19199e-07,604.255,8870.02,-2.79964e-07,683.962,11141.4,-2.30521e-07,774.182,13986.7,-2.55099e-07,876.299,17546.4,1.23585e-07,991.883,21993.1,1.41192e-07,1122.71,27536.7,-9.71886e-08,1270.78,34430.7,-3.68368e-07,1438.38,42977.7,-3.45379e-07,1628.07,53532.7,-3.25328e-09,1842.77,66504.6,2.6362e-07,2085.77,82350.2,2.53445e-07,2360.79,101560,-2.47407e-08,2672.05,124632,-3.80602e-07,3024.31,152018,-4.79005e-07,3422.98,184060,-1.14379e-07,3874.15,220884,2.64297e-07,4384.72,262283,3.44131e-07,4962.49,307576,7.5349e-08,5616.29,355497,-3.63097e-07,6356.1,404126,-6.05442e-07,7193.18,450932,-2.72333e-07,8140.28,492963,2.29675e-07,9211.79,527178,4.3387e-07,10424,550893,-1.0711e-07,10.102,8.06553,2.81012,10.6436,8.57909,0.869423,11.5336,10.2515,0.270869,12.7211,12.7138,0.0844293,14.1823,15.9373,0.0263173,15.9122,20.0383,0.0082035,17.9198,25.2154,0.00255722,20.2244,31.7373,0.000797017,22.8539,39.9486,0.000248622,25.8438,50.2851,7.75492e-05,29.237,63.2963,2.42508e-05,33.0837,79.6738,7.67162e-06,37.4415,100.288,2.32837e-06,42.3767,126.236,7.33e-07,47.9646,158.896,2.79256e-07,54.2906,200.003,9.87351e-09,61.452,251.741,1.61085e-07,69.5585,316.859,-2.47141e-07,78.7347,398.812,8.93552e-08,89.1218,501.948,-2.53231e-07,100.879,631.736,-1.25047e-07,114.188,795.049,-1.78808e-07,129.252,1000.53,2.6733e-07,146.304,1259.03,4.50292e-07,165.605,1584.19,6.76904e-07,187.452,1993.12,-1.23808e-07,212.181,2507.27,-4.89068e-07,240.173,3153.54,-5.40284e-07,271.856,3965.56,1.86061e-07,307.719,4985.38,4.37004e-07,348.313,6265.4,3.59828e-07,394.26,7870.83,3.98192e-07,446.268,9882.51,-1.92908e-07,505.135,12400.3,-2.20392e-07,571.766,15546.9,1.51705e-07,647.184,19472.2,5.74996e-07,732.547,24357.4,5.39112e-07,829.167,30420,5.07815e-09,938.526,37916.3,-4.11492e-07,1062.3,47143.9,-3.9561e-07,1202.4,58439.2,3.86185e-08,1360.96,72169.3,5.94093e-07,1540.42,88715.8,7.47693e-07,1743.53,108445,1.78537e-07,1973.41,131665,-4.12549e-07,2233.57,158557,-5.37164e-07,2528,189103,-1.17615e-07,2861.2,222986,5.66769e-07,3238.27,259510,9.45053e-07,3664.97,297540,4.25093e-07,4147.81,335497,-3.58506e-07,4694.17,371444,-6.7724e-07,5312.37,403256,1.67192e-07,1.61744,3.89446,9.84394,3.28846,7.5504,12.774,5.07607,11.7187,13.6844,7.03202,16.8147,13.9681,9.20215,23.1769,14.0566,11.6301,31.1672,14.0841,14.3598,41.2186,14.0927,17.4376,53.8688,14.0954,20.9137,69.7915,14.0962,24.8432,89.8341,14.0965,29.2879,115.063,14.0966,34.3168,146.819,14.0966,40.0078,186.792,14.0966,46.4487,237.107,14.0966,53.7388,300.44,14.0966,61.9903,380.158,14.0966,71.3301,480.499,14.0966,81.902,606.796,14.0966,93.8685,765.761,14.0966,107.414,965.837,14.0966,122.746,1217.65,14.0966,140.101,1534.57,14.0966,159.745,1933.41,14.0966,181.981,2435.3,14.0966,207.15,3066.85,14.0966,235.64,3861.46,14.0966,267.889,4861.11,14.0966,304.391,6118.54,14.0966,345.709,7699.91,14.0966,392.478,9688.22,14.0966,445.417,12187.5,14.0966,505.339,15327.7,14.0966,573.165,19271.6,14.0966,649.938,24222,14.0966,736.839,30430.9,14.0966,835.202,38211.5,14.0966,946.539,47950.3,14.0966,1072.56,60122.8,14.0966,1215.21,75309.9,14.0966,1376.66,94216.2,14.0966,1559.41,117688,14.0966,1766.26,146729,14.0966,2000.39,182510,14.0966,2265.39,226372,14.0966,2565.33,279806,14.0966,2904.81,344416,14.0966,3289.05,421845,14.0966,3723.93,513667,14.0966,4216.13,621231,14.0966,4773.18,745478,14.0966,5403.64,886744,14.0966,6117.15,1.04457e+06,14.0966,6924.63,1.2176e+06,14.0966,11.7194,11.96,12.6541,13.9321,16.1295,13.6434,16.6097,21.9702,13.9553,19.7532,29.5285,14.0526,23.3844,39.1143,14.0829,27.5423,51.2054,14.0923,32.2796,66.434,14.0953,37.662,85.6061,14.0962,43.7675,109.74,14.0965,50.687,140.119,14.0966,58.5249,178.359,14.0966,67.4005,226.493,14.0966,77.4493,287.08,14.0966,88.8254,363.343,14.0966,101.703,459.336,14.0966,116.281,580.161,14.0966,132.782,732.241,14.0966,151.46,923.655,14.0966,172.603,1164.57,14.0966,196.535,1467.79,14.0966,223.625,1849.39,14.0966,254.288,2329.62,14.0966,288.997,2933.93,14.0966,328.285,3694.33,14.0966,372.755,4651.04,14.0966,423.092,5854.57,14.0966,480.07,7368.38,14.0966,544.564,9272.08,14.0966,617.566,11665.5,14.0966,700.197,14673.6,14.0966,793.729,18452.9,14.0966,899.599,23198.6,14.0966,1019.43,29154.1,14.0966,1155.07,36622.3,14.0966,1308.6,45977.9,14.0966,1482.39,57683.7,14.0966,1679.09,72307.8,14.0966,1901.73,90542.8,14.0966,2153.73,113226,14.0966,2438.97,141360,14.0966,2761.81,176127,14.0966,3127.22,218898,14.0966,3540.81,271226,14.0966,4008.92,334817,14.0966,4538.74,411470,14.0966,5138.38,502973,14.0966,5817.04,610948,14.0966,6585.12,736653,14.0966,7454.39,880741,14.0966,8438.15,1.04302e+06,14.0966,9551.45,1.22224e+06,14.0966,10811.3,1.41602e+06,14.0966,12237,1.62086e+06,14.0966,11.7194,11.96,12.6541,2.21263,4.16949,0.989383,2.67766,5.84076,0.311842,3.14343,7.55825,0.0972771,3.63127,9.58578,0.0303237,4.15787,12.0912,0.00945211,4.73731,15.2286,0.00294633,5.38238,19.1721,0.000918508,6.10553,24.134,0.000286163,6.91951,30.3791,8.92692e-05,7.83792,38.2397,2.78121e-05,8.87555,48.1338,8.65134e-06,10.0489,60.5876,2.7882e-06,11.3761,76.2629,8.29036e-07,12.8779,95.9927,2.4373e-07,14.5775,120.825,4.33068e-09,16.5012,152.08,1.75749e-07,18.6784,191.415,-1.86328e-07,21.1428,240.917,1.91829e-07,23.9322,303.213,-1.81475e-07,27.0895,381.602,7.0186e-08,30.6634,480.231,-2.86769e-08,34.7087,604.316,2.40784e-07,39.2876,760.401,9.87368e-08,44.4705,956.705,1.22263e-07,50.3371,1203.54,-4.31966e-07,56.9776,1513.81,-1.9705e-07,64.494,1903.69,-2.763e-08,73.0018,2393.4,3.9185e-07,82.6317,3008.13,1.35379e-07,93.5318,3779.25,-4.16351e-08,105.869,4745.7,2.06965e-08,119.834,5955.6,-3.18887e-07,135.641,7468.12,-1.48271e-08,153.531,9355.62,2.00739e-07,173.781,11705.8,2.28358e-07,196.701,14624.1,-1.93587e-08,222.642,18235,-2.88101e-07,252.003,22683.4,-2.24732e-07,285.234,28134,8.56806e-09,322.845,34767,2.34258e-07,365.413,42770.9,2.99668e-07,413.588,52327.9,8.28644e-08,468.111,63591.2,-3.07049e-07,529.814,76653.2,-3.1888e-07,599.642,91502.5,-6.72276e-08,678.662,107975,2.26339e-07,768.083,125705,3.69212e-07,869.267,144088,2.04077e-07,983.76,162277,-2.80509e-07,1113.3,179223,-4.22737e-07,1259.87,193777,-1.71951e-07,1425.68,204839,4.55555e-07,11.7194,11.96,12.6541,2.21263,4.16949,0.989383,2.67766,5.84076,0.311842,3.14343,7.55825,0.0972771,3.63127,9.58578,0.0303237,4.15787,12.0912,0.00945211,4.73731,15.2286,0.00294633,5.38238,19.1721,0.000918508,6.10553,24.134,0.000286163,6.91951,30.3791,8.92692e-05,7.83792,38.2397,2.78121e-05,8.87555,48.1338,8.65134e-06,10.0489,60.5876,2.7882e-06,11.3761,76.2629,8.29036e-07,12.8779,95.9927,2.4373e-07,14.5775,120.825,1e-08,16.5012,152.08,1.75749e-07,18.6784,191.415,1e-08,21.1428,240.917,1.91829e-07,23.9322,303.213,1e-08,27.0895,381.602,7.0186e-08,30.6634,480.231,1e-08,34.7087,604.316,2.40784e-07,39.2876,760.401,9.87368e-08,44.4705,956.705,1.22263e-07,50.3371,1203.54,1e-08,56.9776,1513.81,1e-08,64.494,1903.69,1e-08,73.0018,2393.4,3.9185e-07,82.6317,3008.13,1.35379e-07,93.5318,3779.25,1e-08,105.869,4745.7,2.06965e-08,119.834,5955.6,1e-08,135.641,7468.12,1e-08,153.531,9355.62,2.00739e-07,173.781,11705.8,2.28358e-07,196.701,14624.1,1e-08,222.642,18235,1e-08,252.003,22683.4,1e-08,285.234,28134,1e-08,322.845,34767,2.34258e-07,365.413,42770.9,2.99668e-07,413.588,52327.9,8.28644e-08,468.111,63591.2,1e-08,529.814,76653.2,1e-08,599.642,91502.5,1e-08,678.662,107975,2.26339e-07,768.083,125705,3.69212e-07,869.267,144088,2.04077e-07,983.76,162277,1e-08,1113.3,179223,1e-08,1259.87,193777,1e-08,1425.68,204839,4.55555e-07,6.2823,3.27286,2.43537,0.219672,6.18826,2.24117,0.56371,6.87772,2.63624,0.308279,10,13,12,4,1,2,3,7,0,2,8,0,4,17,0,5,4,0,7,14,0,5,10,0,2,37,0,4,21,0,2,12,0,5,66,0,20,32,0,26,78,0,25,66,0,31,108,0,10,80,0,2,25,0,11,303,0,34,403,0,17,464,0,30,438,0,36,561,0,35,1045,0,89,651,0,22,920,0,42,1727,0,44,1011,0,49,1525,0,69,2322,0,103,2268,0,210,3219,0,271,3604,0,233,4483,0,142,9667,0,137,10419,0,200,17618,0,254,13124,0,326,53049,0,221,41408,0,283,59687,0,285,54815,0,403,17872,0,353,44519,0,581,82975,0,413,61685,0,781,168712,0,908,124213,0,900,130860,0,583,131984,0,1128,101240,0,946,256466,0,1648,128210,0
-1.05176e+08,8.09535e-47,8.88811e-15,10,1023,0,1.05176e+08,0.528882,1.08665,0.389689,0.145397,0.379329,3.24381,0.161596,0.446195,1.77396,0.159177,1.15e+07,4.49998e+06,6.79999e+06,1.15e+07,4.49997e+06,6.79999e+06,1.15e+07,4.49996e+06,6.79999e+06,1.15e+07,4.49995e+06,6.79999e+06,1.14999e+07,4.49993e+06,6.79999e+06,1.14999e+07,4.49991e+06,6.79999e+06,1.14999e+07,4.49989e+06,6.79999e+06,1.14999e+07,4.49986e+06,6.79999e+06,1.14999e+07,4.49982e+06,6.79999e+06,1.14999e+07,4.49977e+06,6.79999e+06,1.14999e+07,4.49971e+06,6.79999e+06,1.14999e+07,4.49963e+06,6.79999e+06,1.14998e+07,4.49953e+06,6.79999e+06,1.14998e+07,4.49941e+06,6.79999e+06,1.14998e+07,4.49926e+06,6.79999e+06,1.14998e+07,4.49906e+06,6.79999e+06,1.14997e+07,4.49882e+06,6.79999e+06,1.14997e+07,4.49851e+06,6.79999e+06,1.14997e+07,4.49812e+06,6.79999e+06,1.14996e+07,4.49764e+06,6.79999e+06,1.14996e+07,4.49702e+06,6.79999e+06,1.14995e+07,4.49625e+06,6.79999e+06,1.14995e+07,4.49528e+06,6.79999e+06,1.14994e+07,4.49406e+06,6.79999e+06,1.14993e+07,4.49253e+06,6.79999e+06,1.14992e+07,4.49059e+06,6.79999e+06,1.14991e+07,4.48817e+06,6.79999e+06,1.1499e+07,4.48511e+06,6.79999e+06,1.14988e+07,4.48128e+06,6.79999e+06,1.14987e+07,4.47646e+06,6.79999e+06,1.14985e+07,4.47041e+06,6.79999e+06,1.14983e+07,4.46281e+06,6.79999e+06,1.14981e+07,4.4533e+06,6.79999e+06,1.14979e+07,4.44138e+06,6.79999e+06,1.14976e+07,4.42649e+06,6.79999e+06,1.14972e+07,4.40789e+06,6.79999e+06,1.14969e+07,4.38471e+06,6.79999e+06,1.14965e+07,4.35592e+06,6.79999e+06,1.1496e+07,4.32027e+06,6.79999e+06,1.14955e+07,4.27629e+06,6.79999e+06,1.14949e+07,4.22231e+06,6.79999e+06,1.14942e+07,4.15647e+06,6.79999e+06,1.14934e+07,4.07676e+06,6.79999e+06,1.14926e+07,3.98112e+06,6.79999e+06,1.14916e+07,3.86765e+06,6.79999e+06,1.14905e+07,3.73474e+06,6.79999e+06,1.14892e+07,3.58148e+06,6.79999e+06,1.14878e+07,3.40785e+06,6.79999e+06,1.14862e+07,3.21513e+06,6.79999e+06,1.14844e+07,3.00605e+06,6.79999e+06,1.14823e+07,2.7848e+06,6.79999e+06,1.148e+07,2.5568e+06,6.79999e+06,1.14773e+07,2.32825e+06,6.79999e+06,13.5742,8.52444,0.508366,16.8306,13.2585,0.162638,20.0035,17.569,0.0507846,23.2616,22.4214,0.0158319,26.7328,28.3297,0.00493498,30.5212,35.6974,0.00153831,34.7178,44.9473,0.000479527,39.4086,56.5822,0.000149456,44.6796,71.2245,4.66214e-05,50.6209,89.6543,1.45419e-05,57.3297,112.852,4.54748e-06,64.9129,142.051,1.43857e-06,73.4897,178.803,4.36618e-07,83.1934,225.062,1.40153e-07,94.1745,283.286,4.96378e-08,106.602,356.568,1.05434e-07,120.669,448.799,-6.49244e-08,136.59,564.873,1.70148e-07,154.611,710.948,-5.34594e-08,175.008,894.767,1.63407e-07,198.097,1126.06,8.04804e-08,224.231,1417.07,1.14667e-07,253.813,1783.15,-1.71227e-07,287.297,2243.62,-2.88466e-07,325.198,2822.67,-4.33651e-07,368.098,3550.67,7.9318e-08,416.657,4465.65,3.13319e-07,471.621,5615.16,3.4613e-07,533.835,7058.61,-1.19199e-07,604.255,8870.02,-2.79964e-07,683.962,11141.4,-2.30521e-07,774.182,13986.7,-2.55099e-07,876.299,17546.4,1.23585e-07,991.883,21993.1,1.41192e-07,1122.71,27536.7,-9.71886e-08,1270.78,34430.7,-3.68368e-07,1438.38,42977.7,-3.45379e-07,1628.07,53532.7,-3.25328e-09,1842.77,66504.6,2.6362e-07,2085.77,82350.2,2.53445e-07,2360.79,101560,-2.47407e-08,2672.05,124632,-3.80602e-07,3024.31,152018,-4.79005e-07,3422.98,184060,-1.14379e-07,3874.15,220884,2.64297e-07,4384.72,262283,3.44131e-07,4962.49,307576,7.5349e-08,5616.29,355497,-3.63097e-07,6356.1,404126,-6.05442e-07,7193.18,450932,-2.72333e-07,8140.28,492963,2.29675e-07,9211.79,527178,4.3387e-07,10424,550893,-1.0711e-07,10.102,8.06553,2.81012,10.6436,8.57909,0.869423,11.5336,10.2515,0.270869,12.7211,12.7138,0.0844293,14.1823,15.9373,0.0263173,15.9122,20.0383,0.0082035,17.9198,25.2154,0.00255722,20.2244,31.7373,0.000797017,22.8539,39.9486,0.000248622,25.8438,50.2851,7.75492e-05,29.237,63.2963,2.42508e-05,33.0837,79.6738,7.67162e-06,37.4415,100.288,2.32837e-06,42.3767,126.236,7.33e-07,47.9646,158.896,2.79256e-07,54.2906,200.003,9.87351e-09,61.452,251.741,1.61085e-07,69.5585,316.859,-2.47141e-07,78.7347,398.812,8.93552e-08,89.1218,501.948,-2.53231e-07,100.879,631.736,-1.25047e-07,114.188,795.049,-1.78808e-07,129.252,1000.53,2.6733e-07,146.304,1259.03,4.50292e-07,165.605,1584.19,6.76904e-07,187.452,1993.12,-1.23808e-07,212.181,2507.27,-4.89068e-07,240.173,3153.54,-5.40284e-07,271.856,3965.56,1.86061e-07,307.719,4985.38,4.37004e-07,348.313,6265.4,3.59828e-07,394.26,7870.83,3.98192e-07,446.268,9882.51,-1.92908e-07,505.135,12400.3,-2.20392e-07,571.766,15546.9,1.51705e-07,647.184,19472.2,5.74996e-07,732.547,24357.4,5.39112e-07,829.167,30420,5.07815e-09,938.526,37916.3,-4.11492e-07,1062.3,47143.9,-3.9561e-07,1202.4,58439.2,3.86185e-08,1360.96,72169.3,5.94093e-07,1540.42,88715.8,7.47693e-07,1743.53,108445,1.78537e-07,1973.41,131665,-4.12549e-07,2233.57,158557,-5.37164e-07,2528,189103,-1.17615e-07,2861.2,222986,5.66769e-07,3238.27,259510,9.45053e-07,3664.97,297540,4.25093e-07,4147.81,335497,-3.58506e-07,4694.17,371444,-6.7724e-07,5312.37,403256,1.67192e-07,1.61744,3.89446,9.84394,3.28846,7.5504,12.774,5.07607,11.7187,13.6844,7.03202,16.8147,13.9681,9.20215,23.1769,14.0566,11.6301,31.1672,14.0841,14.3598,41.2186,14.0927,17.4376,53.8688,14.0954,20.9137,69.7915,14.0962,24.8432,89.8341,14.0965,29.2879,115.063,14.0966,34.3168,146.819,14.0966,40.0078,186.792,14.0966,46.4487,237.107,14.0966,53.7388,300.44,14.0966,61.9903,380.158,14.0966,71.3301,480.499,14.0966,81.902,606.796,14.0966,93.8685,765.761,14.0966,107.414,965.837,14.0966,122.746,1217.65,14.0966,140.101,1534.57,14.0966,159.745,1933.41,14.0966,181.981,2435.3,14.0966,207.15,3066.85,14.0966,235.64,3861.46,14.0966,267.889,4861.11,14.0966,304.391,6118.54,14.0966,345.709,7699.91,14.0966,392.478,9688.22,14.0966,445.417,12187.5,14.0966,505.339,15327.7,14.0966,573.165,19271.6,14.0966,649.938,24222,14.0966,736.839,30430.9,14.0966,835.202,38211.5,14.0966,946.539,47950.3,14.0966,1072.56,60122.8,14.0966,1215.21,75309.9,14.0966,1376.66,94216.2,14.0966,1559.41,117688,14.0966,1766.26,146729,14.0966,2000.39,182510,14.0966,2265.39,226372,14.0966,2565.33,279806,14.0966,2904.81,344416,14.0966,3289.05,421845,14.0966,3723.93,513667,14.0966,4216.13,621231,14.0966,4773.18,745478,14.0966,5403.64,886744,14.0966,6117.15,1.04457e+06,14.0966,6924.63,1.2176e+06,14.0966,11.7194,11.96,12.6541,13.9321,16.1295,13.6434,16.6097,21.9702,13.9553,19.7532,29.5285,14.0526,23.3844,39.1143,14.0829,27.5423,51.2054,14.0923,32.2796,66.434,14.0953,37.662,85.6061,14.0962,43.7675,109.74,14.0965,50.687,140.119,14.0966,58.5249,178.359,14.0966,67.4005,226.493,14.0966,77.4493,287.08,14.0966,88.8254,363.343,14.0966,101.703,459.336,14.0966,116.281,580.161,14.0966,132.782,732.241,14.0966,151.46,923.655,14.0966,172.603,1164.57,14.0966,196.535,1467.79,14.0966,223.625,1849.39,14.0966,254.288,2329.62,14.0966,288.997,2933.93,14.0966,328.285,3694.33,14.0966,372.755,4651.04,14.0966,423.092,5854.57,14.0966,480.07,7368.38,14.0966,544.564,9272.08,14.0966,617.566,11665.5,14.0966,700.197,14673.6,14.0966,793.729,18452.9,14.0966,899.599,23198.6,14.0966,1019.43,29154.1,14.0966,1155.07,36622.3,14.0966,1308.6,45977.9,14.0966,1482.39,57683.7,14.0966,1679.09,72307.8,14.0966,1901.73,90542.8,14.0966,2153.73,113226,14.0966,2438.97,141360,14.0966,2761.81,176127,14.0966,3127.22,218898,14.0966,3540.81,271226,14.0966,4008.92,334817,14.0966,4538.74,411470,14.0966,5138.38,502973,14.0966,5817.04,610948,14.0966,6585.12,736653,14.0966,7454.39,880741,14.0966,8438.15,1.04302e+06,14.0966,9551.45,1.22224e+06,14.0966,10811.3,1.41602e+06,14.0966,12237,1.62086e+06,14.0966,11.7194,11.96,12.6541,2.21263,4.16949,0.989383,2.67766,5.84076,0.311842,3.14343,7.55825,0.0972771,3.63127,9.58578,0.0303237,4.15787,12.0912,0.00945211,4.73731,15.2286,0.00294633,5.38238,19.1721,0.000918508,6.10553,24.134,0.000286163,6.91951,30.3791,8.92692e-05,7.83792,38.2397,2.78121e-05,8.87555,48.1338,8.65134e-06,10.0489,60.5876,2.7882e-06,11.3761,76.2629,8.29036e-07,12.8779,95.9927,2.4373e-07,14.5775,120.825,4.33068e-09,16.5012,152.08,1.75749e-07,18.6784,191.415,-1.86328e-07,21.1428,240.917,1.91829e-07,23.9322,303.213,-1.81475e-07,27.0895,381.602,7.0186e-08,30.6634,480.231,-2.86769e-08,34.7087,604.316,2.40784e-07,39.2876,760.401,9.87368e-08,44.4705,956.705,1.22263e-07,50.3371,1203.54,-4.31966e-07,56.9776,1513.81,-1.9705e-07,64.494,1903.69,-2.763e-08,73.0018,2393.4,3.9185e-07,82.6317,3008.13,1.35379e-07,93.5318,3779.25,-4.16351e-08,105.869,4745.7,2.06965e-08,119.834,5955.6,-3.18887e-07,135.641,7468.12,-1.48271e-08,153.531,9355.62,2.00739e-07,173.781,11705.8,2.28358e-07,196.701,14624.1,-1.93587e-08,222.642,18235,-2.88101e-07,252.003,22683.4,-2.24732e-07,285.234,28134,8.56806e-09,322.845,34767,2.34258e-07,365.413,42770.9,2.99668e-07,413.588,52327.9,8.28644e-08,468.111,63591.2,-3.07049e-07,529.814,76653.2,-3.1888e-07,599.642,91502.5,-6.72276e-08,678.662,107975,2.26339e-07,768.083,125705,3.69212e-07,869.267,144088,2.04077e-07,983.76,162277,-2.80509e-07,1113.3,179223,-4.22737e-07,1259.87,193777,-1.71951e-07,1425.68,204839,4.55555e-07,11.7194,11.96,12.6541,2.21263,4.16949,0.989383,2.67766,5.84076,0.311842,3.14343,7.55825,0.0972771,3.63127,9.58578,0.0303237,4.15787,12.0912,0.00945211,4.73731,15.2286,0.00294633,5.38238,19.1721,0.000918508,6.10553,24.134,0.000286163,6.91951,30.3791,8.92692e-05,7.83792,38.2397,2.78121e-05,8.87555,48.1338,8.65134e-06,10.0489,60.5876,2.7882e-06,11.3761,76.2629,8.29036e-07,12.8779,95.9927,2.4373e-07,14.5775,120.825,1e-08,16.5012,152.08,1.75749e-07,18.6784,191.415,1e-08,21.1428,240.917,1.91829e-07,23.9322,303.213,1e-08,27.0895,381.602,7.0186e-08,30.6634,480.231,1e-08,34.7087,604.316,2.40784e-07,39.2876,760.401,9.87368e-08,44.4705,956.705,1.22263e-07,50.3371,1203.54,1e-08,56.9776,1513.81,1e-08,64.494,1903.69,1e-08,73.0018,2393.4,3.9185e-07,82.6317,3008.13,1.35379e-07,93.5318,3779.25,1e-08,105.869,4745.7,2.06965e-08,119.834,5955.6,1e-08,135.641,7468.12,1e-08,153.531,9355.62,2.00739e-07,173.781,11705.8,2.28358e-07,196.701,14624.1,1e-08,222.642,18235,1e-08,252.003,22683.4,1e-08,285.234,28134,1e-08,322.845,34767,2.34258e-07,365.413,42770.9,2.99668e-07,413.588,52327.9,8.28644e-08,468.111,63591.2,1e-08,529.814,76653.2,1e-08,599.642,91502.5,1e-08,678.662,107975,2.26339e-07,768.083,125705,3.69212e-07,869.267,144088,2.04077e-07,983.76,162277,1e-08,1113.3,179223,1e-08,1259.87,193777,1e-08,1425.68,204839,4.55555e-07,6.2823,3.27286,2.43537,0.219672,6.18826,2.24117,0.56371,6.87772,2.63624,0.308279,5,12,5,4,2,1,3,12,0,6,3,0,6,8,0,1,16,0,8,18,0,3,13,0,7,10,0,5,28,0,8,53,0,10,67,0,10,58,0,9,59,0,10,47,0,10,129,0,14,227,0,12,209,0,10,351,0,15,467,0,16,314,0,29,477,0,46,634,0,27,854,0,58,378,0,57,475,0,51,1337,0,62,1560,0,59,2114,0,174,3133,0,55,1014,0,106,3185,0,112,4251,0,141,5127,0,322,11297,0,92,5695,0,263,25574,0,243,18746,0,286,13012,0,175,25629,0,428,50392,0,383,58112,0,430,56955,0,376,57608,0,837,72305,0,520,58296,0,1018,89536,0,1448,124637,0,825,150395,0,1089,151762,0,828,209930,0,409,134798,0,1133,254570,0
-1.05176e+08,1,8.88811e-15,10,1023,0,1.05176e+08,0.528882,1.08665,0.389689,0.145397,0.379329,3.24381,0.161596,0.446195,1.77396,0.159177,1.15e+07,4.49998e+06,6.79999e+06,1.15e+07,4.49997e+06,6.79999e+06,1.15e+07,4.49996e+06,6.79999e+06,1.15e+07,4.49995e+06,6.79999e+06,1.14999e+07,4.49993e+06,6.79999e+06,1.14999e+07,4.49991e+06,6.79999e+06,1.14999e+07,4.49989e+06,6.79999e+06,1.14999e+07,4.49986e+06,6.79999e+06,1.14999e+07,4.49982e+06,6.79999e+06,1.14999e+07,4.49977e+06,6.79999e+06,1.14999e+07,4.49971e+06,6.79999e+06,1.14999e+07,4.49963e+06,6.79999e+06,1.14998e+07,4.49953e+06,6.79999e+06,1.14998e+07,4.49941e+06,6.79999e+06,1.14998e+07,4.49926e+06,6.79999e+06,1.14998e+07,4.49906e+06,6.79999e+06,1.14997e+07,4.49882e+06,6.79999e+06,1.14997e+07,4.49851e+06,6.79999e+06,1.14997e+07,4.49812e+06,6.79999e+06,1.14996e+07,4.49764e+06,6.79999e+06,1.14996e+07,4.49702e+06,6.79999e+06,1.14995e+07,4.49625e+06,6.79999e+06,1.14995e+07,4.49528e+06,6.79999e+06,1.14994e+07,4.49406e+06,6.79999e+06,1.14993e+07,4.49253e+06,6.79999e+06,1.14992e+07,4.49059e+06,6.79999e+06,1.14991e+07,4.48817e+06,6.79999e+06,1.1499e+07,4.48511e+06,6.79999e+06,1.14988e+07,4.48128e+06,6.79999e+06,1.14987e+07,4.47646e+06,6.79999e+06,1.14985e+07,4.47041e+06,6.79999e+06,1.14983e+07,4.46281e+06,6.79999e+06,1.14981e+07,4.4533e+06,6.79999e+06,1.14979e+07,4.44138e+06,6.79999e+06,1.14976e+07,4.42649e+06,6.79999e+06,1.14972e+07,4.40789e+06,6.79999e+06,1.14969e+07,4.38471e+06,6.79999e+06,1.14965e+07,4.35592e+06,6.79999e+06,1.1496e+07,4.32027e+06,6.79999e+06,1.14955e+07,4.27629e+06,6.79999e+06,1.14949e+07,4.22231e+06,6.79999e+06,1.14942e+07,4.15647e+06,6.79999e+06,1.14934e+07,4.07676e+06,6.79999e+06,1.14926e+07,3.98112e+06,6.79999e+06,1.14916e+07,3.86765e+06,6.79999e+06,1.14905e+07,3.73474e+06,6.79999e+06,1.14892e+07,3.58148e+06,6.79999e+06,1.14878e+07,3.40785e+06,6.79999e+06,1.14862e+07,3.21513e+06,6.79999e+06,1.14844e+07,3.00605e+06,6.79999e+06,1.14823e+07,2.7848e+06,6.79999e+06,1.148e+07,2.5568e+06,6.79999e+06,1.14773e+07,2.32825e+06,6.79999e+06,13.5742,8.52444,0.508366,16.8306,13.2585,0.162638,20.0035,17.569,0.0507846,23.2616,22.4214,0.0158319,26.7328,28.3297,0.00493498,30.5212,35.6974,0.00153831,34.7178,44.9473,0.000479527,39.4086,56.5822,0.000149456,44.6796,71.2245,4.66214e-05,50.6209,89.6543,1.45419e-05,57.3297,112.852,4.54748e-06,64.9129,142.051,1.43857e-06,73.4897,178.803,4.36618e-07,83.1934,225.062,1.40153e-07,94.1745,283.286,4.96378e-08,106.602,356.568,1.05434e-07,120.669,448.799,-6.49244e-08,136.59,564.873,1.70148e-07,154.611,710.948,-5.34594e-08,175.008,894.767,1.63407e-07,198.097,1126.06,8.04804e-08,224.231,1417.07,1.14667e-07,253.813,1783.15,-1.71227e-07,287.297,2243.62,-2.88466e-07,325.198,2822.67,-4.33651e-07,368.098,3550.67,7.9318e-08,416.657,4465.65,3.13319e-07,471.621,5615.16,3.4613e-07,533.835,7058.61,-1.19199e-07,604.255,8870.02,-2.79964e-07,683.962,11141.4,-2.30521e-07,774.182,13986.7,-2.55099e-07,876.299,17546.4,1.23585e-07,991.883,21993.1,1.41192e-07,1122.71,27536.7,-9.71886e-08,1270.78,34430.7,-3.68368e-07,1438.38,42977.7,-3.45379e-07,1628.07,53532.7,-3.25328e-09,1842.77,66504.6,2.6362e-07,2085.77,82350.2,2.53445e-07,2360.79,101560,-2.47407e-08,2672.05,124632,-3.80602e-07,3024.31,152018,-4.79005e-07,3422.98,184060,-1.14379e-07,3874.15,220884,2.64297e-07,4384.72,262283,3.44131e-07,4962.49,307576,7.5349e-08,5616.29,355497,-3.63097e-07,6356.1,404126,-6.05442e-07,7193.18,450932,-2.72333e-07,8140.28,492963,2.29675e-07,9211.79,527178,4.3387e-07,10424,550893,-1.0711e-07,10.102,8.06553,2.81012,10.6436,8.57909,0.869423,11.5336,10.2515,0.270869,12.7211,12.7138,0.0844293,14.1823,15.9373,0.0263173,15.9122,20.0383,0.0082035,17.9198,25.2154,0.00255722,20.2244,31.7373,0.000797017,22.8539,39.9486,0.000248622,25.8438,50.2851,7.75492e-05,29.237,63.2963,2.42508e-05,33.0837,79.6738,7.67162e-06,37.4415,100.288,2.32837e-06,42.3767,126.236,7.33e-07,47.9646,158.896,2.79256e-07,54.2906,200.003,9.87351e-09,61.452,251.741,1.61085e-07,69.5585,316.859,-2.47141e-07,78.7347,398.812,8.93552e-08,89.1218,501.948,-2.53231e-07,100.879,631.736,-1.25047e-07,114.188,795.049,-1.78808e-07,129.252,1000.53,2.6733e-07,146.304,1259.03,4.50292e-07,165.605,1584.19,6.76904e-07,187.452,1993.12,-1.23808e-07,212.181,2507.27,-4.89068e-07,240.173,3153.54,-5.40284e-07,271.856,3965.56,1.86061e-07,307.719,4985.38,4.37004e-07,348.313,6265.4,3.59828e-07,394.26,7870.83,3.98192e-07,446.268,9882.51,-1.92908e-07,505.135,12400.3,-2.20392e-07,571.766,15546.9,1.51705e-07,647.184,19472.2,5.74996e-07,732.547,24357.4,5.39112e-07,829.167,30420,5.07815e-09,938.526,37916.3,-4.11492e-07,1062.3,47143.9,-3.9561e-07,1202.4,58439.2,3.86185e-08,1360.96,72169.3,5.94093e-07,1540.42,88715.8,7.47693e-07,1743.53,108445,1.78537e-07,1973.41,131665,-4.12549e-07,2233.57,158557,-5.37164e-07,2528,189103,-1.17615e-07,2861.2,222986,5.66769e-07,3238.27,259510,9.45053e-07,3664.97,297540,4.25093e-07,4147.81,335497,-3.58506e-07,4694.17,371444,-6.7724e-07,5312.37,403256,1.67192e-07,1.61744,3.89446,9.84394,3.28846,7.5504,12.774,5.07607,11.7187,13.6844,7.03202,16.8147,13.9681,9.20215,23.1769,14.0566,11.6301,31.1672,14.0841,14.3598,41.2186,14.0927,17.4376,53.8688,14.0954,20.9137,69.7915,14.0962,24.8432,89.8341,14.0965,29.2879,115.063,14.0966,34.3168,146.819,14.0966,40.0078,186.792,14.0966,46.4487,237.107,14.0966,53.7388,300.44,14.0966,61.9903,380.158,14.0966,71.3301,480.499,14.0966,81.902,606.796,14.0966,93.8685,765.761,14.0966,107.414,965.837,14.0966,122.746,1217.65,14.0966,140.101,1534.57,14.0966,159.745,1933.41,14.0966,181.981,2435.3,14.0966,207.15,3066.85,14.0966,235.64,3861.46,14.0966,267.889,4861.11,14.0966,304.391,6118.54,14.0966,345.709,7699.91,14.0966,392.478,9688.22,14.0966,445.417,12187.5,14.0966,505.339,15327.7,14.0966,573.165,19271.6,14.0966,649.938,24222,14.0966,736.839,30430.9,14.0966,835.202,38211.5,14.0966,946.539,47950.3,14.0966,1072.56,60122.8,14.0966,1215.21,75309.9,14.0966,1376.66,94216.2,14.0966,1559.41,117688,14.0966,1766.26,146729,14.0966,2000.39,182510,14.0966,2265.39,226372,14.0966,2565.33,279806,14.0966,2904.81,344416,14.0966,3289.05,421845,14.0966,3723.93,513667,14.0966,4216.13,621231,14.0966,4773.18,745478,14.0966,5403.64,886744,14.0966,6117.15,1.04457e+06,14.0966,6924.63,1.2176e+06,14.0966,11.7194,11.96,12.6541,13.9321,16.1295,13.6434,16.6097,21.9702,13.9553,19.7532,29.5285,14.0526,23.3844,39.1143,14.0829,27.5423,51.2054,14.0923,32.2796,66.434,14.0953,37.662,85.6061,14.0962,43.7675,109.74,14.0965,50.687,140.119,14.0966,58.5249,178.359,14.0966,67.4005,226.493,14.0966,77.4493,287.08,14.0966,88.8254,363.343,14.0966,101.703,459.336,14.0966,116.281,580.161,14.0966,132.782,732.241,14.0966,151.46,923.655,14.0966,172.603,1164.57,14.0966,196.535,1467.79,14.0966,223.625,1849.39,14.0966,254.288,2329.62,14.0966,288.997,2933.93,14.0966,328.285,3694.33,14.0966,372.755,4651.04,14.0966,423.092,5854.57,14.0966,480.07,7368.38,14.0966,544.564,9272.08,14.0966,617.566,11665.5,14.0966,700.197,14673.6,14.0966,793.729,18452.9,14.0966,899.599,23198.6,14.0966,1019.43,29154.1,14.0966,1155.07,36622.3,14.0966,1308.6,45977.9,14.0966,1482.39,57683.7,14.0966,1679.09,72307.8,14.0966,1901.73,90542.8,14.0966,2153.73,113226,14.0966,2438.97,141360,14.0966,2761.81,176127,14.0966,3127.22,218898,14.0966,3540.81,271226,14.0966,4008.92,334817,14.0966,4538.74,411470,14.0966,5138.38,502973,14.0966,5817.04,610948,14.0966,6585.12,736653,14.0966,7454.39,880741,14.0966,8438.15,1.04302e+06,14.0966,9551.45,1.22224e+06,14.0966,10811.3,1.41602e+06,14.0966,12237,1.62086e+06,14.0966,11.7194,11.96,12.6541,2.21263,4.16949,0.989383,2.67766,5.84076,0.311842,3.14343,7.55825,0.0972771,3.63127,9.58578,0.0303237,4.15787,12.0912,0.00945211,4.73731,15.2286,0.00294633,5.38238,19.1721,0.000918508,6.10553,24.134,0.000286163,6.91951,30.3791,8.92692e-05,7.83792,38.2397,2.78121e-05,8.87555,48.1338,8.65134e-06,10.0489,60.5876,2.7882e-06,11.3761,76.2629,8.29036e-07,12.8779,95.9927,2.4373e-07,14.5775,120.825,4.33068e-09,16.5012,152.08,1.75749e-07,18.6784,191.415,-1.86328e-07,21.1428,240.917,1.91829e-07,23.9322,303.213,-1.81475e-07,27.0895,381.602,7.0186e-08,30.6634,480.231,-2.86769e-08,34.7087,604.316,2.40784e-07,39.2876,760.401,9.87368e-08,44.4705,956.705,1.22263e-07,50.3371,1203.54,-4.31966e-07,56.9776,1513.81,-1.9705e-07,64.494,1903.69,-2.763e-08,73.0018,2393.4,3.9185e-07,82.6317,3008.13,1.35379e-07,93.5318,3779.25,-4.16351e-08,105.869,4745.7,2.06965e-08,119.834,5955.6,-3.18887e-07,135.641,7468.12,-1.48271e-08,153.531,9355.62,2.00739e-07,173.781,11705.8,2.28358e-07,196.701,14624.1,-1.93587e-08,222.642,18235,-2.88101e-07,252.003,22683.4,-2.24732e-07,285.234,28134,8.56806e-09,322.845,34767,2.34258e-07,365.413,42770.9,2.99668e-07,413.588,52327.9,8.28644e-08,468.111,63591.2,-3.07049e-07,529.814,76653.2,-3.1888e-07,599.642,91502.5,-6.72276e-08,678.662,107975,2.26339e-07,768.083,125705,3.69212e-07,869.267,144088,2.04077e-07,983.76,162277,-2.80509e-07,1113.3,179223,-4.22737e-07,1259.87,193777,-1.71951e-07,1425.68,204839,4.55555e-07,11.7194,11.96,12.6541,2.21263,4.16949,0.989383,2.67766,5.84076,0.311842,3.14343,7.55825,0.0972771,3.63127,9.58578,0.0303237,4.15787,12.0912,0.00945211,4.73731,15.2286,0.00294633,5.38238,19.1721,0.000918508,6.10553,24.134,0.000286163,6.91951,30.3791,8.92692e-05,7.83792,38.2397,2.78121e-05,8.87555,48.1338,8.65134e-06,10.0489,60.5876,2.7882e-06,11.3761,76.2629,8.29036e-07,12.8779,95.9927,2.4373e-07,14.5775,120.825,1e-08,16.5012,152.08,1.75749e-07,18.6784,191.415,1e-08,21.1428,240.917,1.91829e-07,23.9322,303.213,1e-08,27.0895,381.602,7.0186e-08,30.6634,480.231,1e-08,34.7087,604.316,2.40784e-07,39.2876,760.401,9.87368e-08,44.4705,956.705,1.22263e-07,50.3371,1203.54,1e-08,56.9776,1513.81,1e-08,64.494,1903.69,1e-08,73.0018,2393.4,3.9185e-07,82.6317,3008.13,1.35379e-07,93.5318,3779.25,1e-08,105.869,4745.7,2.06965e-08,119.834,5955.6,1e-08,135.641,7468.12,1e-08,153.531,9355.62,2.00739e-07,173.781,11705.8,2.28358e-07,196.701,14624.1,1e-08,222.642,18235,1e-08,252.003,22683.4,1e-08,285.234,28134,1e-08,322.845,34767,2.34258e-07,365.413,42770.9,2.99668e-07,413.588,52327.9,8.28644e-08,468.111,63591.2,1e-08,529.814,76653.2,1e-08,599.642,91502.5,1e-08,678.662,107975,2.26339e-07,768.083,125705,3.69212e-07,869.267,144088,2.04077e-07,983.76,162277,1e-08,1113.3,179223,1e-08,1259.87,193777,1e-08,1425.68,204839,4.55555e-07,6.2823,3.27286,2.43537,0.219672,6.18826,2.24117,0.56371,6.87772,2.63624,0.308279,9,22,12,2,1,2,3,8,0,0,4,0,6,4,0,3,15,0,3,12,0,4,15,0,7,30,0,11,14,0,6,42,0,12,31,0,15,56,0,12,102,0,15,112,0,4,77,0,9,126,0,26,115,0,14,145,0,53,288,0,20,471,0,25,487,0,46,648,0,28,1191,0,33,485,0,61,1135,0,74,1650,0,77,798,0,46,4210,0,43,3862,0,55,2510,0,70,4624,0,125,3606,0,112,7195,0,149,3866,0,175,6790,0,274,12821,0,149,11979,0,266,11569,0,423,42215,0,293,30373,0,444,31761,0,1114,27268,0,442,62319,0,256,116994,0,543,52043,0,692,102572,0,547,68207,0,1200,87954,0,344,43266,0,1418,96544,0,806,198958,0,1987,344285,0
-1.05176e+08,1,8.88811e-15,10,1023,0,1.05176e+08,0.528882,1.08665,0.389689,0.145397,0.379329,3.24381,0.161596,0.446195,1.77396,0.159177,1.15e+07,4.49998e+06,6.79999e+06,1.15e+07,4.49997e+06,6.79999e+06,1.15e+07,4.49996e+06,6.79999e+06,1.15e+07,4.49995e+06,6.79999e+06,1.14999e+07,4.49993e+06,6.79999e+06,1.14999e+07,4.49991e+06,6.79999e+06,1.14999e+07,4.49989e+06,6.79999e+06,1.14999e+07,4.49986e+06,6.79999e+06,1.14999e+07,4.49982e+06,6.79999e+06,1.14999e+07,4.49977e+06,6.79999e+06,1.14999e+07,4.49971e+06,6.79999e+06,1.14999e+07,4.49963e+06,6.79999e+06,1.14998e+07,4.49953e+06,6.79999e+06,1.14998e+07,4.49941e+06,6.79999e+06,1.14998e+07,4.49926e+06,6.79999e+06,1.14998e+07,4.49906e+06,6.79999e+06,1.14997e+07,4.49882e+06,6.79999e+06,1.14997e+07,4.49851e+06,6.79999e+06,1.14997e+07,4.49812e+06,6.79999e+06,1.14996e+07,4.49764e+06,6.79999e+06,1.14996e+07,4.49702e+06,6.79999e+06,1.14995e+07,4.49625e+06,6.79999e+06,1.14995e+07,4.49528e+06,6.79999e+06,1.14994e+07,4.49406e+06,6.79999e+06,1.14993e+07,4.49253e+06,6.79999e+06,1.14992e+07,4.49059e+06,6.79999e+06,1.14991e+07,4.48817e+06,6.79999e+06,1.1499e+07,4.48511e+06,6.79999e+06,1.14988e+07,4.48128e+06,6.79999e+06,1.14987e+07,4.47646e+06,6.79999e+06,1.14985e+07,4.47041e+06,6.79999e+06,1.14983e+07,4.46281e+06,6.79999e+06,1.14981e+07,4.4533e+06,6.79999e+06,1.14979e+07,4.44138e+06,6.79999e+06,1.14976e+07,4.42649e+06,6.79999e+06,1.14972e+07,4.40789e+06,6.79999e+06,1.14969e+07,4.38471e+06,6.79999e+06,1.14965e+07,4.35592e+06,6.79999e+06,1.1496e+07,4.32027e+06,6.79999e+06,1.14955e+07,4.27629e+06,6.79999e+06,1.14949e+07,4.22231e+06,6.79999e+06,1.14942e+07,4.15647e+06,6.79999e+06,1.14934e+07,4.07676e+06,6.79999e+06,1.14926e+07,3.98112e+06,6.79999e+06,1.14916e+07,3.86765e+06,6.79999e+06,1.14905e+07,3.73474e+06,6.79999e+06,1.14892e+07,3.58148e+06,6.79999e+06,1.14878e+07,3.40785e+06,6.79999e+06,1.14862e+07,3.21513e+06,6.79999e+06,1.14844e+07,3.00605e+06,6.79999e+06,1.14823e+07,2.7848e+06,6.79999e+06,1.148e+07,2.5568e+06,6.79999e+06,1.14773e+07,2.32825e+06,6.79999e+06,13.5742,8.52444,0.508366,16.8306,13.2585,0.162638,20.0035,17.569,0.0507846,23.2616,22.4214,0.0158319,26.7328,28.3297,0.00493498,30.5212,35.6974,0.00153831,34.7178,44.9473,0.000479527,39.4086,56.5822,0.000149456,44.6796,71.2245,4.66214e-05,50.6209,89.6543,1.45419e-05,57.3297,112.852,4.54748e-06,64.9129,142.051,1.43857e-06,73.4897,178.803,4.36618e-07,83.1934,225.062,1.40153e-07,94.1745,283.286,4.96378e-08,106.602,356.568,1.05434e-07,120.669,448.799,-6.49244e-08,136.59,564.873,1.70148e-07,154.611,710.948,-5.34594e-08,175.008,894.767,1.63407e-07,198.097,1126.06,8.04804e-08,224.231,1417.07,1.14667e-07,253.813,1783.15,-1.71227e-07,287.297,2243.62,-2.88466e-07,325.198,2822.67,-4.33651e-07,368.098,3550.67,7.9318e-08,416.657,4465.65,3.13319e-07,471.621,5615.16,3.4613e-07,533.835,7058.61,-1.19199e-07,604.255,8870.02,-2.79964e-07,683.962,11141.4,-2.30521e-07,774.182,13986.7,-2.55099e-07,876.299,17546.4,1.23585e-07,991.883,21993.1,1.41192e-07,1122.71,27536.7,-9.71886e-08,1270.78,34430.7,-3.68368e-07,1438.38,42977.7,-3.45379e-07,1628.07,53532.7,-3.25328e-09,1842.77,66504.6,2.6362e-07,2085.77,82350.2,2.53445e-07,2360.79,101560,-2.47407e-08,2672.05,124632,-3.80602e-07,3024.31,152018,-4.79005e-07,3422.98,184060,-1.14379e-07,3874.15,220884,2.64297e-07,4384.72,262283,3.44131e-07,4962.49,307576,7.5349e-08,5616.29,355497,-3.63097e-07,6356.1,404126,-6.05442e-07,7193.18,450932,-2.72333e-07,8140.28,492963,2.29675e-07,9211.79,527178,4.3387e-07,10424,550893,-1.0711e-07,10.102,8.06553,2.81012,10.6436,8.57909,0.869423,11.5336,10.2515,0.270869,12.7211,12.7138,0.0844293,14.1823,15.9373,0.0263173,15.9122,20.0383,0.0082035,17.9198,25.2154,0.00255722,20.2244,31.7373,0.000797017,22.8539,39.9486,0.000248622,25.8438,50.2851,7.75492e-05,29.237,63.2963,2.42508e-05,33.0837,79.6738,7.67162e-06,37.4415,100.288,2.32837e-06,42.3767,126.236,7.33e-07,47.9646,158.896,2.79256e-07,54.2906,200.003,9.87351e-09,61.452,251.741,1.61085e-07,69.5585,316.859,-2.47141e-07,78.7347,398.812,8.93552e-08,89.1218,501.948,-2.53231e-07,100.879,631.736,-1.25047e-07,114.188,795.049,-1.78808e-07,129.252,1000.53,2.6733e-07,146.304,1259.03,4.50292e-07,165.605,1584.19,6.76904e-07,187.452,1993.12,-1.23808e-07,212.181,2507.27,-4.89068e-07,240.173,3153.54,-5.40284e-07,271.856,3965.56,1.86061e-07,307.719,4985.38,4.37004e-07,348.313,6265.4,3.59828e-07,394.26,7870.83,3.98192e-07,446.268,9882.51,-1.92908e-07,505.135,12400.3,-2.20392e-07,571.766,15546.9,1.51705e-07,647.184,19472.2,5.74996e-07,732.547,24357.4,5.39112e-07,829.167,30420,5.07815e-09,938.526,37916.3,-4.11492e-07,1062.3,47143.9,-3.9561e-07,1202.4,58439.2,3.86185e-08,1360.96,72169.3,5.94093e-07,1540.42,88715.8,7.47693e-07,1743.53,108445,1.78537e-07,1973.41,131665,-4.12549e-07,2233.57,158557,-5.37164e-07,2528,189103,-1.17615e-07,2861.2,222986,5.66769e-07,3238.27,259510,9.45053e-07,3664.97,297540,4.25093e-07,4147.81,335497,-3.58506e-07,4694.17,371444,-6.7724e-07,5312.37,403256,1.67192e-07,1.61744,3.89446,9.84394,3.28846,7.5504,12.774,5.07607,11.7187,13.6844,7.03202,16.8147,13.9681,9.20215,23.1769,14.0566,11.6301,31.1672,14.0841,14.3598,41.2186,14.0927,17.4376,53.8688,14.0954,20.9137,69.7915,14.0962,24.8432,89.8341,14.0965,29.2879,115.063,14.0966,34.3168,146.819,14.0966,40.0078,186.792,14.0966,46.4487,237.107,14.0966,53.7388,300.44,14.0966,61.9903,380.158,14.0966,71.3301,480.499,14.0966,81.902,606.796,14.0966,93.8685,765.761,14.0966,107.414,965.837,14.0966,122.746,1217.65,14.0966,140.101,1534.57,14.0966,159.745,1933.41,14.0966,181.981,2435.3,14.0966,207.15,3066.85,14.0966,235.64,3861.46,14.0966,267.889,4861.11,14.0966,304.391,6118.54,14.0966,345.709,7699.91,14.0966,392.478,9688.22,14.0966,445.417,12187.5,14.0966,505.339,15327.7,14.0966,573.165,19271.6,14.0966,649.938,24222,14.0966,736.839,30430.9,14.0966,835.202,38211.5,14.0966,946.539,47950.3,14.0966,1072.56,60122.8,14.0966,1215.21,75309.9,14.0966,1376.66,94216.2,14.0966,1559.41,117688,14.0966,1766.26,146729,14.0966,2000.39,182510,14.0966,2265.39,226372,14.0966,2565.33,279806,14.0966,2904.81,344416,14.0966,3289.05,421845,14.0966,3723.93,513667,14.0966,4216.13,621231,14.0966,4773.18,745478,14.0966,5403.64,886744,14.0966,6117.15,1.04457e+06,14.0966,6924.63,1.2176e+06,14.0966,11.7194,11.96,12.6541,13.9321,16.1295,13.6434,16.6097,21.9702,13.9553,19.7532,29.5285,14.0526,23.3844,39.1143,14.0829,27.5423,51.2054,14.0923,32.2796,66.434,14.0953,37.662,85.6061,14.0962,43.7675,109.74,14.0965,50.687,140.119,14.0966,58.5249,178.359,14.0966,67.4005,226.493,14.0966,77.4493,287.08,14.0966,88.8254,363.343,14.0966,101.703,459.336,14.0966,116.281,580.161,14.0966,132.782,732.241,14.0966,151.46,923.655,14.0966,172.603,1164.57,14.0966,196.535,1467.79,14.0966,223.625,1849.39,14.0966,254.288,2329.62,14.0966,288.997,2933.93,14.0966,328.285,3694.33,14.0966,372.755,4651.04,14.0966,423.092,5854.57,14.0966,480.07,7368.38,14.0966,544.564,9272.08,14.0966,617.566,11665.5,14.0966,700.197,14673.6,14.0966,793.729,18452.9,14.0966,899.599,23198.6,14.0966,1019.43,29154.1,14.0966,1155.07,36622.3,14.0966,1308.6,45977.9,14.0966,1482.39,57683.7,14.0966,1679.09,72307.8,14.0966,1901.73,90542.8,14.0966,2153.73,113226,14.0966,2438.97,141360,14.0966,2761.81,176127,14.0966,3127.22,218898,14.0966,3540.81,271226,14.0966,4008.92,334817,14.0966,4538.74,411470,14.0966,5138.38,502973,14.0966,5817.04,610948,14.0966,6585.12,736653,14.0966,7454.39,880741,14.0966,8438.15,1.04302e+06,14.0966,9551.45,1.22224e+06,14.0966,10811.3,1.41602e+06,14.0966,12237,1.62086e+06,14.0966,11.7194,11.96,12.6541,2.21263,4.16949,0.989383,2.67766,5.84076,0.311842,3.14343,7.55825,0.0972771,3.63127,9.58578,0.0303237,4.15787,12.0912,0.00945211,4.73731,15.2286,0.00294633,5.38238,19.1721,0.000918508,6.10553,24.134,0.000286163,6.91951,30.3791,8.92692e-05,7.83792,38.2397,2.78121e-05,8.87555,48.1338,8.65134e-06,10.0489,60.5876,2.7882e-06,11.3761,76.2629,8.29036e-07,12.8779,95.9927,2.4373e-07,14.5775,120.825,4.33068e-09,16.5012,152.08,1.75749e-07,18.6784,191.415,-1.86328e-07,21.1428,240.917,1.91829e-07,23.9322,303.213,-1.81475e-07,27.0895,381.602,7.0186e-08,30.6634,480.231,-2.86769e-08,34.7087,604.316,2.40784e-07,39.2876,760.401,9.87368e-08,44.4705,956.705,1.22263e-07,50.3371,1203.54,-4.31966e-07,56.9776,1513.81,-1.9705e-07,64.494,1903.69,-2.763e-08,73.0018,2393.4,3.9185e-07,82.6317,3008.13,1.35379e-07,93.5318,3779.25,-4.16351e-08,105.869,4745.7,2.06965e-08,119.834,5955.6,-3.18887e-07,135.641,7468.12,-1.48271e-08,153.531,9355.62,2.00739e-07,173.781,11705.8,2.28358e-07,196.701,14624.1,-1.93587e-08,222.642,18235,-2.88101e-07,252.003,22683.4,-2.24732e-07,285.234,28134,8.56806e-09,322.845,34767,2.34258e-07,365.413,42770.9,2.99668e-07,413.588,52327.9,8.28644e-08,468.111,63591.2,-3.07049e-07,529.814,76653.2,-3.1888e-07,599.642,91502.5,-6.72276e-08,678.662,107975,2.26339e-07,768.083,125705,3.69212e-07,869.267,144088,2.04077e-07,983.76,162277,-2.80509e-07,1113.3,179223,-4.22737e-07,1259.87,193777,-1.71951e-07,1425.68,204839,4.55555e-07,11.7194,11.96,12.6541,2.21263,4.16949,0.989383,2.67766,5.84076,0.311842,3.14343,7.55825,0.0972771,3.63127,9.58578,0.0303237,4.15787,12.0912,0.00945211,4.73731,15.2286,0.00294633,5.38238,19.1721,0.000918508,6.10553,24.134,0.000286163,6.91951,30.3791,8.92692e-05,7.83792,38.2397,2.78121e-05,8.87555,48.1338,8.65134e-06,10.0489,60.5876,2.7882e-06,11.3761,76.2629,8.29036e-07,12.8779,95.9927,2.4373e-07,14.5775,120.825,1e-08,16.5012,152.08,1.75749e-07,18.6784,191.415,1e-08,21.1428,240.917,1.91829e-07,23.9322,303.213,1e-08,27.0895,381.602,7.0186e-08,30.6634,480.231,1e-08,34.7087,604.316,2.40784e-07,39.2876,760.401,9.87368e-08,44.4705,956.705,1.22263e-07,50.3371,1203.54,1e-08,56.9776,1513.81,1e-08,64.494,1903.69,1e-08,73.0018,2393.4,3.9185e-07,82.6317,3008.13,1.35379e-07,93.5318,3779.25,1e-08,105.869,4745.7,2.06965e-08,119.834,5955.6,1e-08,135.641,7468.12,1e-08,153.531,9355.62,2.00739e-07,173.781,11705.8,2.28358e-07,196.701,14624.1,1e-08,222.642,18235,1e-08,252.003,22683.4,1e-08,285.234,28134,1e-08,322.845,34767,2.34258e-07,365.413,42770.9,2.99668e-07,413.588,52327.9,8.28644e-08,468.111,63591.2,1e-08,529.814,76653.2,1e-08,599.642,91502.5,1e-08,678.662,107975,2.26339e-07,768.083,125705,3.69212e-07,869.267,144088,2.04077e-07,983.76,162277,1e-08,1113.3,179223,1e-08,1259.87,193777,1e-08,1425.68,204839,4.55555e-07,6.2823,3.27286,2.43537,0.219672,6.18826,2.24117,0.56371,6.87772,2.63624,0.308279,6,22,12,2,0,2,1,6,0,3,9,0,1,15,0,3,7,0,6,35,0,3,33,0,8,14,0,6,30,0,9,21,0,6,37,0,9,59,0,7,77,0,8,94,0,10,132,0,11,145,0,27,260,0,12,274,0,35,329,0,16,538,0,34,415,0,39,366,0,53,580,0,36,401,0,64,949,0,13,1458,0,141,1350,0,64,1817,0,94,3909,0,33,3480,0,191,3828,0,47,6620,0,108,6482,0,88,7945,0,101,16771,0,341,13243,0,65,11869,0,439,7230,0,247,43323,0,337,54804,0,474,31429,0,386,90346,0,526,66815,0,201,140777,0,214,175639,0,1373,77156,0,555,154185,0,902,173096,0,431,186353,0,1060,156917,0,1272,143936,0,1456,225782,0
-1.05176e+08,1,8.88811e-15,10,1023,0,1.05176e+08,0.528882,1.08665,0.389689,0.145397,0.379329,3.24381,0.161596,0.446195,1.77396,0.159177,1.15e+07,4.49998e+06,6.79999e+06,1.15e+07,4.49997e+06,6.79999e+06,1.15e+07,4.49996e+06,6.79999e+06,1.15e+07,4.49995e+06,6.79999e+06,1.14999e+07,4.49993e+06,6.79999e+06,1.14999e+07,4.49991e+06,6.79999e+06,1.14999e+07,4.49989e+06,6.79999e+06,1.14999e+07,4.49986e+06,6.79999e+06,1.14999e+07,4.49982e+06,6.79999e+06,1.14999e+07,4.49977e+06,6.79999e+06,1.14999e+07,4.49971e+06,6.79999e+06,1.14999e+07,4.49963e+06,6.79999e+06,1.14998e+07,4.49953e+06,6.79999e+06,1.14998e+07,4.49941e+06,6.79999e+06,1.14998e+07,4.49926e+06,6.79999e+06,1.14998e+07,4.49906e+06,6.79999e+06,1.14997e+07,4.49882e+06,6.79999e+06,1.14997e+07,4.49851e+06,6.79999e+06,1.14997e+07,4.49812e+06,6.79999e+06,1.14996e+07,4.49764e+06,6.79999e+06,1.14996e+07,4.49702e+06,6.79999e+06,1.14995e+07,4.49625e+06,6.79999e+06,1.14995e+07,4.49528e+06,6.79999e+06,1.14994e+07,4.49406e+06,6.79999e+06,1.14993e+07,4.49253e+06,6.79999e+06,1.14992e+07,4.49059e+06,6.79999e+06,1.14991e+07,4.48817e+06,6.79999e+06,1.1499e+07,4.48511e+06,6.79999e+06,1.14988e+07,4.48128e+06,6.79999e+06,1.14987e+07,4.47646e+06,6.79999e+06,1.14985e+07,4.47041e+06,6.79999e+06,1.14983e+07,4.46281e+06,6.79999e+06,1.14981e+07,4.4533e+06,6.79999e+06,1.14979e+07,4.44138e+06,6.79999e+06,1.14976e+07,4.42649e+06,6.79999e+06,1.14972e+07,4.40789e+06,6.79999e+06,1.14969e+07,4.38471e+06,6.79999e+06,1.14965e+07,4.35592e+06,6.79999e+06,1.1496e+07,4.32027e+06,6.79999e+06,1.14955e+07,4.27629e+06,6.79999e+06,1.14949e+07,4.22231e+06,6.79999e+06,1.14942e+07,4.15647e+06,6.79999e+06,1.14934e+07,4.07676e+06,6.79999e+06,1.14926e+07,3.98112e+06,6.79999e+06,1.14916e+07,3.86765e+06,6.79999e+06,1.14905e+07,3.73474e+06,6.79999e+06,1.14892e+07,3.58148e+06,6.79999e+06,1.14878e+07,3.40785e+06,6.79999e+06,1.14862e+07,3.21513e+06,6.79999e+06,1.14844e+07,3.00605e+06,6.79999e+06,1.14823e+07,2.7848e+06,6.79999e+06,1.148e+07,2.5568e+06,6.79999e+06,1.14773e+07,2.32825e+06,6.79999e+06,13.5742,8.52444,0.508366,16.8306,13.2585,0.162638,20.0035,17.569,0.0507846,23.2616,22.4214,0.0158319,26.7328,28.3297,0.00493498,30.5212,35.6974,0.00153831,34.7178,44.9473,0.000479527,39.4086,56.5822,0.000149456,44.6796,71.2245,4.66214e-05,50.6209,89.6543,1.45419e-05,57.3297,112.852,4.54748e-06,64.9129,142.051,1.43857e-06,73.4897,178.803,4.36618e-07,83.1934,225.062,1.40153e-07,94.1745,283.286,4.96378e-08,106.602,356.568,1.05434e-07,120.669,448.799,-6.49244e-08,136.59,564.873,1.70148e-07,154.611,710.948,-5.34594e-08,175.008,894.767,1.63407e-07,198.097,1126.06,8.04804e-08,224.231,1417.07,1.14667e-07,253.813,1783.15,-1.71227e-07,287.297,2243.62,-2.88466e-07,325.198,2822.67,-4.33651e-07,368.098,3550.67,7.9318e-08,416.657,4465.65,3.13319e-07,471.621,5615.16,3.4613e-07,533.835,7058.61,-1.19199e-07,604.255,8870.02,-2.79964e-07,683.962,11141.4,-2.30521e-07,774.182,13986.7,-2.55099e-07,876.299,17546.4,1.23585e-07,991.883,21993.1,1.41192e-07,1122.71,27536.7,-9.71886e-08,1270.78,34430.7,-3.68368e-07,1438.38,42977.7,-3.45379e-07,1628.07,53532.7,-3.25328e-09,1842.77,66504.6,2.6362e-07,2085.77,82350.2,2.53445e-07,2360.79,101560,-2.47407e-08,2672.05,124632,-3.80602e-07,3024.31,152018,-4.79005e-07,3422.98,184060,-1.14379e-07,3874.15,220884,2.64297e-07,4384.72,262283,3.44131e-07,4962.49,307576,7.5349e-08,5616.29,355497,-3.63097e-07,6356.1,404126,-6.05442e-07,7193.18,450932,-2.72333e-07,8140.28,492963,2.29675e-07,9211.79,527178,4.3387e-07,10424,550893,-1.0711e-07,10.102,8.06553,2.81012,10.6436,8.57909,0.869423,11.5336,10.2515,0.270869,12.7211,12.7138,0.0844293,14.1823,15.9373,0.0263173,15.9122,20.0383,0.0082035,17.9198,25.2154,0.00255722,20.2244,31.7373,0.000797017,22.8539,39.9486,0.000248622,25.8438,50.2851,7.75492e-05,29.237,63.2963,2.42508e-05,33.0837,79.6738,7.67162e-06,37.4415,100.288,2.32837e-06,42.3767,126.236,7.33e-07,47.9646,158.896,2.79256e-07,54.2906,200.003,9.87351e-09,61.452,251.741,1.61085e-07,69.5585,316.859,-2.47141e-07,78.7347,398.812,8.93552e-08,89.1218,501.948,-2.53231e-07,100.879,631.736,-1.25047e-07,114.188,795.049,-1.78808e-07,129.252,1000.53,2.6733e-07,146.304,1259.03,4.50292e-07,165.605,1584.19,6.76904e-07,187.452,1993.12,-1.23808e-07,212.181,2507.27,-4.89068e-07,240.173,3153.54,-5.40284e-07,271.856,3965.56,1.86061e-07,307.719,4985.38,4.37004e-07,348.313,6265.4,3.59828e-07,394.26,7870.83,3.98192e-07,446.268,9882.51,-1.92908e-07,505.135,12400.3,-2.20392e-07,571.766,15546.9,1.51705e-07,647.184,19472.2,5.74996e-07,732.547,24357.4,5.39112e-07,829.167,30420,5.07815e-09,938.526,37916.3,-4.11492e-07,1062.3,47143.9,-3.9561e-07,1202.4,58439.2,3.86185e-08,1360.96,72169.3,5.94093e-07,1540.42,88715.8,7.47693e-07,1743.53,108445,1.78537e-07,1973.41,131665,-4.12549e-07,2233.57,158557,-5.37164e-07,2528,189103,-1.17615e-07,2861.2,222986,5.66769e-07,3238.27,259510,9.45053e-07,3664.97,297540,4.25093e-07,4147.81,335497,-3.58506e-07,4694.17,371444,-6.7724e-07,5312.37,403256,1.67192e-07,1.61744,3.89446,9.84394,3.28846,7.5504,12.774,5.07607,11.7187,13.6844,7.03202,16.8147,13.9681,9.20215,23.1769,14.0566,11.6301,31.1672,14.0841,14.3598,41.2186,14.0927,17.4376,53.8688,14.0954,20.9137,69.7915,14.0962,24.8432,89.8341,14.0965,29.2879,115.063,14.0966,34.3168,146.819,14.0966,40.0078,186.792,14.0966,46.4487,237.107,14.0966,53.7388,300.44,14.0966,61.9903,380.158,14.0966,71.3301,480.499,14.0966,81.902,606.796,14.0966,93.8685,765.761,14.0966,107.414,965.837,14.0966,122.746,1217.65,14.0966,140.101,1534.57,14.0966,159.745,1933.41,14.0966,181.981,2435.3,14.0966,207.15,3066.85,14.0966,235.64,3861.46,14.0966,267.889,4861.11,14.0966,304.391,6118.54,14.0966,345.709,7699.91,14.0966,392.478,9688.22,14.0966,445.417,12187.5,14.0966,505.339,15327.7,14.0966,573.165,19271.6,14.0966,649.938,24222,14.0966,736.839,30430.9,14.0966,835.202,38211.5,14.0966,946.539,47950.3,14.0966,1072.56,60122.8,14.0966,1215.21,75309.9,14.0966,1376.66,94216.2,14.0966,1559.41,117688,14.0966,1766.26,146729,14.0966,2000.39,182510,14.0966,2265.39,226372,14.0966,2565.33,279806,14.0966,2904.81,344416,14.0966,3289.05,421845,14.0966,3723.93,513667,14.0966,4216.13,621231,14.0966,4773.18,745478,14.0966,5403.64,886744,14.0966,6117.15,1.04457e+06,14.0966,6924.63,1.2176e+06,14.0966,11.7194,11.96,12.6541,13.9321,16.1295,13.6434,16.6097,21.9702,13.9553,19.7532,29.5285,14.0526,23.3844,39.1143,14.0829,27.5423,51.2054,14.0923,32.2796,66.434,14.0953,37.662,85.6061,14.0962,43.7675,109.74,14.0965,50.687,140.119,14.0966,58.5249,178.359,14.0966,67.4005,226.493,14.0966,77.4493,287.08,14.0966,88.8254,363.343,14.0966,101.703,459.336,14.0966,116.281,580.161,14.0966,132.782,732.241,14.0966,151.46,923.655,14.0966,172.603,1164.57,14.0966,196.535,1467.79,14.0966,223.625,1849.39,14.0966,254.288,2329.62,14.0966,288.997,2933.93,14.0966,328.285,3694.33,14.0966,372.755,4651.04,14.0966,423.092,5854.57,14.0966,480.07,7368.38,14.0966,544.564,9272.08,14.0966,617.566,11665.5,14.0966,700.197,14673.6,14.0966,793.729,18452.9,14.0966,899.599,23198.6,14.0966,1019.43,29154.1,14.0966,1155.07,36622.3,14.0966,1308.6,45977.9,14.0966,1482.39,57683.7,14.0966,1679.09,72307.8,14.0966,1901.73,90542.8,14.0966,2153.73,113226,14.0966,2438.97,141360,14.0966,2761.81,176127,14.0966,3127.22,218898,14.0966,3540.81,271226,14.0966,4008.92,334817,14.0966,4538.74,411470,14.0966,5138.38,502973,14.0966,5817.04,610948,14.0966,6585.12,736653,14.0966,7454.39,880741,14.0966,8438.15,1.04302e+06,14.0966,9551.45,1.22224e+06,14.0966,10811.3,1.41602e+06,14.0966,12237,1.62086e+06,14.0966,11.7194,11.96,12.6541,2.21263,4.16949,0.989383,2.67766,5.84076,0.311842,3.14343,7.55825,0.0972771,3.63127,9.58578,0.0303237,4.15787,12.0912,0.00945211,4.73731,15.2286,0.00294633,5.38238,19.1721,0.000918508,6.10553,24.134,0.000286163,6.91951,30.3791,8.92692e-05,7.83792,38.2397,2.78121e-05,8.87555,48.1338,8.65134e-06,10.0489,60.5876,2.7882e-06,11.3761,76.2629,8.29036e-07,12.8779,95.9927,2.4373e-07,14.5775,120.825,4.33068e-09,16.5012,152.08,1.75749e-07,18.6784,191.415,-1.86328e-07,21.1428,240.917,1.91829e-07,23.9322,303.213,-1.81475e-07,27.0895,381.602,7.0186e-08,30.6634,480.231,-2.86769e-08,34.7087,604.316,2.40784e-07,39.2876,760.401,9.87368e-08,44.4705,956.705,1.22263e-07,50.3371,1203.54,-4.31966e-07,56.9776,1513.81,-1.9705e-07,64.494,1903.69,-2.763e-08,73.0018,2393.4,3.9185e-07,82.6317,3008.13,1.35379e-07,93.5318,3779.25,-4.16351e-08,105.869,4745.7,2.06965e-08,119.834,5955.6,-3.18887e-07,135.641,7468.12,-1.48271e-08,153.531,9355.62,2.00739e-07,173.781,11705.8,2.28358e-07,196.701,14624.1,-1.93587e-08,222.642,18235,-2.88101e-07,252.003,22683.4,-2.24732e-07,285.234,28134,8.56806e-09,322.845,34767,2.34258e-07,365.413,42770.9,2.99668e-07,413.588,52327.9,8.28644e-08,468.111,63591.2,-3.07049e-07,529.814,76653.2,-3.1888e-07,599.642,91502.5,-6.72276e-08,678.662,107975,2.26339e-07,768.083,125705,3.69212e-07,869.267,144088,2.04077e-07,983.76,162277,-2.80509e-07,1113.3,179223,-4.22737e-07,1259.87,193777,-1.71951e-07,1425.68,204839,4.55555e-07,11.7194,11.96,12.6541,2.21263,4.16949,0.989383,2.67766,5.84076,0.311842,3.14343,7.55825,0.0972771,3.63127,9.58578,0.0303237,4.15787,12.0912,0.00945211,4.73731,15.2286,0.00294633,5.38238,19.1721,0.000918508,6.10553,24.134,0.000286163,6.91951,30.3791,8.92692e-05,7.83792,38.2397,2.78121e-05,8.87555,48.1338,8.65134e-06,10.0489,60.5876,2.7882e-06,11.3761,76.2629,8.29036e-07,12.8779,95.9927,2.4373e-07,14.5775,120.825,1e-08,16.5012,152.08,1.75749e-07,18.6784,191.415,1e-08,21.1428,240.917,1.91829e-07,23.9322,303.213,1e-08,27.0895,381.602,7.0186e-08,30.6634,480.231,1e-08,34.7087,604.316,2.40784e-07,39.2876,760.401,9.87368e-08,44.4705,956.705,1.22263e-07,50.3371,1203.54,1e-08,56.9776,1513.81,1e-08,64.494,1903.69,1e-08,73.0018,2393.4,3.9185e-07,82.6317,3008.13,1.35379e-07,93.5318,3779.25,1e-08,105.869,4745.7,2.06965e-08,119.834,5955.6,1e-08,135.641,7468.12,1e-08,153.531,9355.62,2.00739e-07,173.781,11705.8,2.28358e-07,196.701,14624.1,1e-08,222.642,18235,1e-08,252.003,22683.4,1e-08,285.234,28134,1e-08,322.845,34767,2.34258e-07,365.413,42770.9,2.99668e-07,413.588,52327.9,8.28644e-08,468.111,63591.2,1e-08,529.814,76653.2,1e-08,599.642,91502.5,1e-08,678.662,107975,2.26339e-07,768.083,125705,3.69212e-07,869.267,144088,2.04077e-07,983.76,162277,1e-08,1113.3,179223,1e-08,1259.87,193777,1e-08,1425.68,204839,4.55555e-07,6.2823,3.27286,2.43537,0.219672,6.18826,2.24117,0.56371,6.87772,2.63624,0.308279,16,16,16,3,5,0,1,4,0,4,6,0,0,5,0,6,3,0,8,11,0,3,10,0,2,23,0,5,11,0,3,25,0,9,59,0,13,60,0,7,80,0,5,82,0,21,88,0,16,176,0,31,243,0,47,245,0,29,234,0,20,164,0,50,275,0,42,757,0,44,706,0,60,1134,0,30,732,0,20,1771,0,20,2979,0,63,1396,0,107,2746,0,21,5714,0,117,9874,0,95,6756,0,113,5309,0,107,7770,0,111,15759,0,154,10607,0,127,26766,0,222,26625,0,382,30062,0,166,31969,0,990,71428,0,309,137593,0,597,49737,0,421,57315,0,236,83285,0,657,110182,0,1017,145038,0,457,111922,0,751,215253,0,1221,189312,0,554,333884,0,1723,246174,0
-1.05176e+08,1,8.88811e-15,10,1023,0,1.05176e+08,0.528882,1.08665,0.389689,0.145397,0.379329,3.24381,0.161596,0.446195,1.77396,0.159177,1.15e+07,4.49998e+06,6.79999e+06,1.15e+07,4.49997e+06,6.79999e+06,1.15e+07,4.49996e+06,6.79999e+06,1.15e+07,4.49995e+06,6.79999e+06,1.14999e+07,4.49993e+06,6.79999e+06,1.14999e+07,4.49991e+06,6.79999e+06,1.14999e+07,4.49989e+06,6.79999e+06,1.14999e+07,4.49986e+06,6.79999e+06,1.14999e+07,4.49982e+06,6.79999e+06,1.14999e+07,4.49977e+06,6.79999e+06,1.14999e+07,4.49971e+06,6.79999e+06,1.14999e+07,4.49963e+06,6.79999e+06,1.14998e+07,4.49953e+06,6.79999e+06,1.14998e+07,4.49941e+06,6.79999e+06,1.14998e+07,4.49926e+06,6.79999e+06,1.14998e+07,4.49906e+06,6.79999e+06,1.14997e+07,4.49882e+06,6.79999e+06,1.14997e+07,4.49851e+06,6.79999e+06,1.14997e+07,4.49812e+06,6.79999e+06,1.14996e+07,4.49764e+06,6.79999e+06,1.14996e+07,4.49702e+06,6.79999e+06,1.14995e+07,4.49625e+06,6.79999e+06,1.14995e+07,4.49528e+06,6.79999e+06,1.14994e+07,4.49406e+06,6.79999e+06,1.14993e+07,4.49253e+06,6.79999e+06,1.14992e+07,4.49059e+06,6.79999e+06,1.14991e+07,4.48817e+06,6.79999e+06,1.1499e+07,4.48511e+06,6.79999e+06,1.14988e+07,4.48128e+06,6.79999e+06,1.14987e+07,4.47646e+06,6.79999e+06,1.14985e+07,4.47041e+06,6.79999e+06,1.14983e+07,4.46281e+06,6.79999e+06,1.14981e+07,4.4533e+06,6.79999e+06,1.14979e+07,4.44138e+06,6.79999e+06,1.14976e+07,4.42649e+06,6.79999e+06,1.14972e+07,4.40789e+06,6.79999e+06,1.14969e+07,4.38471e+06,6.79999e+06,1.14965e+07,4.35592e+06,6.79999e+06,1.1496e+07,4.32027e+06,6.79999e+06,1.14955e+07,4.27629e+06,6.79999e+06,1.14949e+07,4.22231e+06,6.79999e+06,1.14942e+07,4.15647e+06,6.79999e+06,1.14934e+07,4.07676e+06,6.79999e+06,1.14926e+07,3.98112e+06,6.79999e+06,1.14916e+07,3.86765e+06,6.79999e+06,1.14905e+07,3.73474e+06,6.79999e+06,1.14892e+07,3.58148e+06,6.79999e+06,1.14878e+07,3.40785e+06,6.79999e+06,1.14862e+07,3.21513e+06,6.79999e+06,1.14844e+07,3.00605e+06,6.79999e+06,1.14823e+07,2.7848e+06,6.79999e+06,1.148e+07,2.5568e+06,6.79999e+06,1.14773e+07,2.32825e+06,6.79999e+06,13.5742,8.52444,0.508366,16.8306,13.2585,0.162638,20.0035,17.569,0.0507846,23.2616,22.4214,0.0158319,26.7328,28.3297,0.00493498,30.5212,35.6974,0.00153831,34.7178,44.9473,0.000479527,39.4086,56.5822,0.000149456,44.6796,71.2245,4.66214e-05,50.6209,89.6543,1.45419e-05,57.3297,112.852,4.54748e-06,64.9129,142.051,1.43857e-06,73.4897,178.803,4.36618e-07,83.1934,225.062,1.40153e-07,94.1745,283.286,4.96378e-08,106.602,356.568,1.05434e-07,120.669,448.799,-6.49244e-08,136.59,564.873,1.70148e-07,154.611,710.948,-5.34594e-08,175.008,894.767,1.63407e-07,198.097,1126.06,8.04804e-08,224.231,1417.07,1.14667e-07,253.813,1783.15,-1.71227e-07,287.297,2243.62,-2.88466e-07,325.198,2822.67,-4.33651e-07,368.098,3550.67,7.9318e-08,416.657,4465.65,3.13319e-07,471.621,5615.16,3.4613e-07,533.835,7058.61,-1.19199e-07,604.255,8870.02,-2.79964e-07,683.962,11141.4,-2.30521e-07,774.182,13986.7,-2.55099e-07,876.299,17546.4,1.23585e-07,991.883,21993.1,1.41192e-07,1122.71,27536.7,-9.71886e-08,1270.78,34430.7,-3.68368e-07,1438.38,42977.7,-3.45379e-07,1628.07,53532.7,-3.25328e-09,1842.77,66504.6,2.6362e-07,2085.77,82350.2,2.53445e-07,2360.79,101560,-2.47407e-08,2672.05,124632,-3.80602e-07,3024.31,152018,-4.79005e-07,3422.98,184060,-1.14379e-07,3874.15,220884,2.64297e-07,4384.72,262283,3.44131e-07,4962.49,307576,7.5349e-08,5616.29,355497,-3.63097e-07,6356.1,404126,-6.05442e-07,7193.18,450932,-2.72333e-07,8140.28,492963,2.29675e-07,9211.79,527178,4.3387e-07,10424,550893,-1.0711e-07,10.102,8.06553,2.81012,10.6436,8.57909,0.869423,11.5336,10.2515,0.270869,12.7211,12.7138,0.0844293,14.1823,15.9373,0.0263173,15.9122,20.0383,0.0082035,17.9198,25.2154,0.00255722,20.2244,31.7373,0.000797017,22.8539,39.9486,0.000248622,25.8438,50.2851,7.75492e-05,29.237,63.2963,2.42508e-05,33.0837,79.6738,7.67162e-06,37.4415,100.288,2.32837e-06,42.3767,126.236,7.33e-07,47.9646,158.896,2.79256e-07,54.2906,200.003,9.87351e-09,61.452,251.741,1.61085e-07,69.5585,316.859,-2.47141e-07,78.7347,398.812,8.93552e-08,89.1218,501.948,-2.53231e-07,100.879,631.736,-1.25047e-07,114.188,795.049,-1.78808e-07,129.252,1000.53,2.6733e-07,146.304,1259.03,4.50292e-07,165.605,1584.19,6.76904e-07,187.452,1993.12,-1.23808e-07,212.181,2507.27,-4.89068e-07,240.173,3153.54,-5.40284e-07,271.856,3965.56,1.86061e-07,307.719,4985.38,4.37004e-07,348.313,6265.4,3.59828e-07,394.26,7870.83,3.98192e-07,446.268,9882.51,-1.92908e-07,505.135,12400.3,-2.20392e-07,571.766,15546.9,1.51705e-07,647.184,19472.2,5.74996e-07,732.547,24357.4,5.39112e-07,829.167,30420,5.07815e-09,938.526,37916.3,-4.11492e-07,1062.3,47143.9,-3.9561e-07,1202.4,58439.2,3.86185e-08,1360.96,72169.3,5.94093e-07,1540.42,88715.8,7.47693e-07,1743.53,108445,1.78537e-07,1973.41,131665,-4.12549e-07,2233.57,158557,-5.37164e-07,2528,189103,-1.17615e-07,2861.2,222986,5.66769e-07,3238.27,259510,9.45053e-07,3664.97,297540,4.25093e-07,4147.81,335497,-3.58506e-07,4694.17,371444,-6.7724e-07,5312.37,403256,1.67192e-07,1.61744,3.89446,9.84394,3.28846,7.5504,12.774,5.07607,11.7187,13.6844,7.03202,16.8147,13.9681,9.20215,23.1769,14.0566,11.6301,31.1672,14.0841,14.3598,41.2186,14.0927,17.4376,53.8688,14.0954,20.9137,69.7915,14.0962,24.8432,89.8341,14.0965,29.2879,115.063,14.0966,34.3168,146.819,14.0966,40.0078,186.792,14.0966,46.4487,237.107,14.0966,53.7388,300.44,14.0966,61.9903,380.158,14.0966,71.3301,480.499,14.0966,81.902,606.796,14.0966,93.8685,765.761,14.0966,107.414,965.837,14.0966,122.746,1217.65,14.0966,140.101,1534.57,14.0966,159.745,1933.41,14.0966,181.981,2435.3,14.0966,207.15,3066.85,14.0966,235.64,3861.46,14.0966,267.889,4861.11,14.0966,304.391,6118.54,14.0966,345.709,7699.91,14.0966,392.478,9688.22,14.0966,445.417,12187.5,14.0966,505.339,15327.7,14.0966,573.165,19271.6,14.0966,649.938,24222,14.0966,736.839,30430.9,14.0966,835.202,38211.5,14.0966,946.539,47950.3,14.0966,1072.56,60122.8,14.0966,1215.21,75309.9,14.0966,1376.66,94216.2,14.0966,1559.41,117688,14.0966,1766.26,146729,14.0966,2000.39,182510,14.0966,2265.39,226372,14.0966,2565.33,279806,14.0966,2904.81,344416,14.0966,3289.05,421845,14.0966,3723.93,513667,14.0966,4216.13,621231,14.0966,4773.18,745478,14.0966,5403.64,886744,14.0966,6117.15,1.04457e+06,14.0966,6924.63,1.2176e+06,14.0966,11.7194,11.96,12.6541,13.9321,16.1295,13.6434,16.6097,21.9702,13.9553,19.7532,29.5285,14.0526,23.3844,39.1143,14.0829,27.5423,51.2054,14.0923,32.2796,66.434,14.0953,37.662,85.6061,14.0962,43.7675,109.74,14.0965,50.687,140.119,14.0966,58.5249,178.359,14.0966,67.4005,226.493,14.0966,77.4493,287.08,14.0966,88.8254,363.343,14.0966,101.703,459.336,14.0966,116.281,580.161,14.0966,132.782,732.241,14.0966,151.46,923.655,14.0966,172.603,1164.57,14.0966,196.535,1467.79,14.0966,223.625,1849.39,14.0966,254.288,2329.62,14.0966,288.997,2933.93,14.0966,328.285,3694.33,14.0966,372.755,4651.04,14.0966,423.092,5854.57,14.0966,480.07,7368.38,14.0966,544.564,9272.08,14.0966,617.566,11665.5,14.0966,700.197,14673.6,14.0966,793.729,18452.9,14.0966,899.599,23198.6,14.0966,1019.43,29154.1,14.0966,1155.07,36622.3,14.0966,1308.6,45977.9,14.0966,1482.39,57683.7,14.0966,1679.09,72307.8,14.0966,1901.73,90542.8,14.0966,2153.73,113226,14.0966,2438.97,141360,14.0966,2761.81,176127,14.0966,3127.22,218898,14.0966,3540.81,271226,14.0966,4008.92,334817,14.0966,4538.74,411470,14.0966,5138.38,502973,14.0966,5817.04,610948,14.0966,6585.12,736653,14.0966,7454.39,880741,14.0966,8438.15,1.04302e+06,14.0966,9551.45,1.22224e+06,14.0966,10811.3,1.41602e+06,14.0966,12237,1.62086e+06,14.0966,11.7194,11.96,12.6541,2.21263,4.16949,0.989383,2.67766,5.84076,0.311842,3.14343,7.55825,0.0972771,3.63127,9.58578,0.0303237,4.15787,12.0912,0.00945211,4.73731,15.2286,0.00294633,5.38238,19.1721,0.000918508,6.10553,24.134,0.000286163,6.91951,30.3791,8.92692e-05,7.83792,38.2397,2.78121e-05,8.87555,48.1338,8.65134e-06,10.0489,60.5876,2.7882e-06,11.3761,76.2629,8.29036e-07,12.8779,95.9927,2.4373e-07,14.5775,120.825,4.33068e-09,16.5012,152.08,1.75749e-07,18.6784,191.415,-1.86328e-07,21.1428,240.917,1.91829e-07,23.9322,303.213,-1.81475e-07,27.0895,381.602,7.0186e-08,30.6634,480.231,-2.86769e-08,34.7087,604.316,2.40784e-07,39.2876,760.401,9.87368e-08,44.4705,956.705,1.22263e-07,50.3371,1203.54,-4.31966e-07,56.9776,1513.81,-1.9705e-07,64.494,1903.69,-2.763e-08,73.0018,2393.4,3.9185e-07,82.6317,3008.13,1.35379e-07,93.5318,3779.25,-4.16351e-08,105.869,4745.7,2.06965e-08,119.834,5955.6,-3.18887e-07,135.641,7468.12,-1.48271e-08,153.531,9355.62,2.00739e-07,173.781,11705.8,2.28358e-07,196.701,14624.1,-1.93587e-08,222.642,18235,-2.88101e-07,252.003,22683.4,-2.24732e-07,285.234,28134,8.56806e-09,322.845,34767,2.34258e-07,365.413,42770.9,2.99668e-07,413.588,52327.9,8.28644e-08,468.111,63591.2,-3.07049e-07,529.814,76653.2,-3.1888e-07,599.642,91502.5,-6.72276e-08,678.662,107975,2.26339e-07,768.083,125705,3.69212e-07,869.267,144088,2.04077e-07,983.76,162277,-2.80509e-07,1113.3,179223,-4.22737e-07,1259.87,193777,-1.71951e-07,1425.68,204839,4.55555e-07,11.7194,11.96,12.6541,2.21263,4.16949,0.989383,2.67766,5.84076,0.311842,3.14343,7.55825,0.0972771,3.63127,9.58578,0.0303237,4.15787,12.0912,0.00945211,4.73731,15.2286,0.00294633,5.38238,19.1721,0.000918508,6.10553,24.134,0.000286163,6.91951,30.3791,8.92692e-05,7.83792,38.2397,2.78121e-05,8.87555,48.1338,8.65134e-06,10.0489,60.5876,2.7882e-06,11.3761,76.2629,8.29036e-07,12.8779,95.9927,2.4373e-07,14.5775,120.825,1e-08,16.5012,152.08,1.75749e-07,18.6784,191.415,1e-08,21.1428,240.917,1.91829e-07,23.9322,303.213,1e-08,27.0895,381.602,7.0186e-08,30.6634,480.231,1e-08,34.7087,604.316,2.40784e-07,39.2876,760.401,9.87368e-08,44.4705,956.705,1.22263e-07,50.3371,1203.54,1e-08,56.9776,1513.81,1e-08,64.494,1903.69,1e-08,73.0018,2393.4,3.9185e-07,82.6317,3008.13,1.35379e-07,93.5318,3779.25,1e-08,105.869,4745.7,2.06965e-08,119.834,5955.6,1e-08,135.641,7468.12,1e-08,153.531,9355.62,2.00739e-07,173.781,11705.8,2.28358e-07,196.701,14624.1,1e-08,222.642,18235,1e-08,252.003,22683.4,1e-08,285.234,28134,1e-08,322.845,34767,2.34258e-07,365.413,42770.9,2.99668e-07,413.588,52327.9,8.28644e-08,468.111,63591.2,1e-08,529.814,76653.2,1e-08,599.642,91502.5,1e-08,678.662,107975,2.26339e-07,768.083,125705,3.69212e-07,869.267,144088,2.04077e-07,983.76,162277,1e-08,1113.3,179223,1e-08,1259.87,193777,1e-08,1425.68,204839,4.55555e-07,6.2823,3.27286,2.43537,0.219672,6.18826,2.24117,0.56371,6.87772,2.63624,0.308279,10,9,3,2,3,0,5,7,0,4,3,0,2,9,0,1,13,0,8,9,0,10,29,0,7,33,0,13,24,0,18,70,0,18,48,0,6,37,0,11,57,0,7,192,0,20,109,0,9,216,0,16,221,0,32,278,0,29,210,0,30,416,0,27,622,0,36,436,0,20,917,0,45,1138,0,75,264,0,75,1732,0,110,2464,0,131,1744,0,115,1749,0,33,3898,0,84,3993,0,57,4614,0,138,7686,0,216,9026,0,107,11734,0,175,12398,0,234,10850,0,151,13407,0,104,26931,0,283,44383,0,396,22445,0,469,95770,0,462,79118,0,532,56337,0,577,135385,0,720,93934,0,120,154953,0,826,206237,0,787,167189,0,806,203960,0,1282,181040,0,1178,266697,0
-1.05176e+08,1,8.88811e-15,10,1023,0,1.05176e+08,0.528882,1.08665,0.389689,0.145397,0.379329,3.24381,0.161596,0.446195,1.77396,0.159177,1.15e+07,4.49998e+06,6.79999e+06,1.15e+07,4.49997e+06,6.79999e+06,1.15e+07,4.49996e+06,6.79999e+06,1.15e+07,4.49995e+06,6.79999e+06,1.14999e+07,4.49993e+06,6.79999e+06,1.14999e+07,4.49991e+06,6.79999e+06,1.14999e+07,4.49989e+06,6.79999e+06,1.14999e+07,4.49986e+06,6.79999e+06,1.14999e+07,4.49982e+06,6.79999e+06,1.14999e+07,4.49977e+06,6.79999e+06,1.14999e+07,4.49971e+06,6.79999e+06,1.14999e+07,4.49963e+06,6.79999e+06,1.14998e+07,4.49953e+06,6.79999e+06,1.14998e+07,4.49941e+06,6.79999e+06,1.14998e+07,4.49926e+06,6.79999e+06,1.14998e+07,4.49906e+06,6.79999e+06,1.14997e+07,4.49882e+06,6.79999e+06,1.14997e+07,4.49851e+06,6.79999e+06,1.14997e+07,4.49812e+06,6.79999e+06,1.14996e+07,4.49764e+06,6.79999e+06,1.14996e+07,4.49702e+06,6.79999e+06,1.14995e+07,4.49625e+06,6.79999e+06,1.14995e+07,4.49528e+06,6.79999e+06,1.14994e+07,4.49406e+06,6.79999e+06,1.14993e+07,4.49253e+06,6.79999e+06,1.14992e+07,4.49059e+06,6.79999e+06,1.14991e+07,4.48817e+06,6.79999e+06,1.1499e+07,4.48511e+06,6.79999e+06,1.14988e+07,4.48128e+06,6.79999e+06,1.14987e+07,4.47646e+06,6.79999e+06,1.14985e+07,4.47041e+06,6.79999e+06,1.14983e+07,4.46281e+06,6.79999e+06,1.14981e+07,4.4533e+06,6.79999e+06,1.14979e+07,4.44138e+06,6.79999e+06,1.14976e+07,4.42649e+06,6.79999e+06,1.14972e+07,4.40789e+06,6.79999e+06,1.14969e+07,4.38471e+06,6.79999e+06,1.14965e+07,4.35592e+06,6.79999e+06,1.1496e+07,4.32027e+06,6.79999e+06,1.14955e+07,4.27629e+06,6.79999e+06,1.14949e+07,4.22231e+06,6.79999e+06,1.14942e+07,4.15647e+06,6.79999e+06,1.14934e+07,4.07676e+06,6.79999e+06,1.14926e+07,3.98112e+06,6.79999e+06,1.14916e+07,3.86765e+06,6.79999e+06,1.14905e+07,3.73474e+06,6.79999e+06,1.14892e+07,3.58148e+06,6.79999e+06,1.14878e+07,3.40785e+06,6.79999e+06,1.14862e+07,3.21513e+06,6.79999e+06,1.14844e+07,3.00605e+06,6.79999e+06,1.14823e+07,2.7848e+06,6.79999e+06,1.148e+07,2.5568e+06,6.79999e+06,1.14773e+07,2.32825e+06,6.79999e+06,13.5742,8.52444,0.508366,16.8306,13.2585,0.162638,20.0035,17.569,0.0507846,23.2616,22.4214,0.0158319,26.7328,28.3297,0.00493498,30.5212,35.6974,0.00153831,34.7178,44.9473,0.000479527,39.4086,56.5822,0.000149456,44.6796,71.2245,4.66214e-05,50.6209,89.6543,1.45419e-05,57.3297,112.852,4.54748e-06,64.9129,142.051,1.43857e-06,73.4897,178.803,4.36618e-07,83.1934,225.062,1.40153e-07,94.1745,283.286,4.96378e-08,106.602,356.568,1.05434e-07,120.669,448.799,-6.49244e-08,136.59,564.873,1.70148e-07,154.611,710.948,-5.34594e-08,175.008,894.767,1.63407e-07,198.097,1126.06,8.04804e-08,224.231,1417.07,1.14667e-07,253.813,1783.15,-1.71227e-07,287.297,2243.62,-2.88466e-07,325.198,2822.67,-4.33651e-07,368.098,3550.67,7.9318e-08,416.657,4465.65,3.13319e-07,471.621,5615.16,3.4613e-07,533.835,7058.61,-1.19199e-07,604.255,8870.02,-2.79964e-07,683.962,11141.4,-2.30521e-07,774.182,13986.7,-2.55099e-07,876.299,17546.4,1.23585e-07,991.883,21993.1,1.41192e-07,1122.71,27536.7,-9.71886e-08,1270.78,34430.7,-3.68368e-07,1438.38,42977.7,-3.45379e-07,1628.07,53532.7,-3.25328e-09,1842.77,66504.6,2.6362e-07,2085.77,82350.2,2.53445e-07,2360.79,101560,-2.47407e-08,2672.05,124632,-3.80602e-07,3024.31,152018,-4.79005e-07,3422.98,184060,-1.14379e-07,3874.15,220884,2.64297e-07,4384.72,262283,3.44131e-07,4962.49,307576,7.5349e-08,5616.29,355497,-3.63097e-07,6356.1,404126,-6.05442e-07,7193.18,450932,-2.72333e-07,8140.28,492963,2.29675e-07,9211.79,527178,4.3387e-07,10424,550893,-1.0711e-07,10.102,8.06553,2.81012,10.6436,8.57909,0.869423,11.5336,10.2515,0.270869,12.7211,12.7138,0.0844293,14.1823,15.9373,0.0263173,15.9122,20.0383,0.0082035,17.9198,25.2154,0.00255722,20.2244,31.7373,0.000797017,22.8539,39.9486,0.000248622,25.8438,50.2851,7.75492e-05,29.237,63.2963,2.42508e-05,33.0837,79.6738,7.67162e-06,37.4415,100.288,2.32837e-06,42.3767,126.236,7.33e-07,47.9646,158.896,2.79256e-07,54.2906,200.003,9.87351e-09,61.452,251.741,1.61085e-07,69.5585,316.859,-2.47141e-07,78.7347,398.812,8.93552e-08,89.1218,501.948,-2.53231e-07,100.879,631.736,-1.25047e-07,114.188,795.049,-1.78808e-07,129.252,1000.53,2.6733e-07,146.304,1259.03,4.50292e-07,165.605,1584.19,6.76904e-07,187.452,1993.12,-1.23808e-07,212.181,2507.27,-4.89068e-07,240.173,3153.54,-5.40284e-07,271.856,3965.56,1.86061e-07,307.719,4985.38,4.37004e-07,348.313,6265.4,3.59828e-07,394.26,7870.83,3.98192e-07,446.268,9882.51,-1.92908e-07,505.135,12400.3,-2.20392e-07,571.766,15546.9,1.51705e-07,647.184,19472.2,5.74996e-07,732.547,24357.4,5.39112e-07,829.167,30420,5.07815e-09,938.526,37916.3,-4.11492e-07,1062.3,47143.9,-3.9561e-07,1202.4,58439.2,3.86185e-08,1360.96,72169.3,5.94093e-07,1540.42,88715.8,7.47693e-07,1743.53,108445,1.78537e-07,1973.41,131665,-4.12549e-07,2233.57,158557,-5.37164e-07,2528,189103,-1.17615e-07,2861.2,222986,5.66769e-07,3238.27,259510,9.45053e-07,3664.97,297540,4.25093e-07,4147.81,335497,-3.58506e-07,4694.17,371444,-6.7724e-07,5312.37,403256,1.67192e-07,1.61744,3.89446,9.84394,3.28846,7.5504,12.774,5.07607,11.7187,13.6844,7.03202,16.8147,13.9681,9.20215,23.1769,14.0566,11.6301,31.1672,14.0841,14.3598,41.2186,14.0927,17.4376,53.8688,14.0954,20.9137,69.7915,14.0962,24.8432,89.8341,14.0965,29.2879,115.063,14.0966,34.3168,146.819,14.0966,40.0078,186.792,14.0966,46.4487,237.107,14.0966,53.7388,300.44,14.0966,61.9903,380.158,14.0966,71.3301,480.499,14.0966,81.902,606.796,14.0966,93.8685,765.761,14.0966,107.414,965.837,14.0966,122.746,1217.65,14.0966,140.101,1534.57,14.0966,159.745,1933.41,14.0966,181.981,2435.3,14.0966,207.15,3066.85,14.0966,235.64,3861.46,14.0966,267.889,4861.11,14.0966,304.391,6118.54,14.0966,345.709,7699.91,14.0966,392.478,9688.22,14.0966,445.417,12187.5,14.0966,505.339,15327.7,14.0966,573.165,19271.6,14.0966,649.938,24222,14.0966,736.839,30430.9,14.0966,835.202,38211.5,14.0966,946.539,47950.3,14.0966,1072.56,60122.8,14.0966,1215.21,75309.9,14.0966,1376.66,94216.2,14.0966,1559.41,117688,14.0966,1766.26,146729,14.0966,2000.39,182510,14.0966,2265.39,226372,14.0966,2565.33,279806,14.0966,2904.81,344416,14.0966,3289.05,421845,14.0966,3723.93,513667,14.0966,4216.13,621231,14.0966,4773.18,745478,14.0966,5403.64,886744,14.0966,6117.15,1.04457e+06,14.0966,6924.63,1.2176e+06,14.0966,11.7194,11.96,12.6541,13.9321,16.1295,13.6434,16.6097,21.9702,13.9553,19.7532,29.5285,14.0526,23.3844,39.1143,14.0829,27.5423,51.2054,14.0923,32.2796,66.434,14.0953,37.662,85.6061,14.0962,43.7675,109.74,14.0965,50.687,140.119,14.0966,58.5249,178.359,14.0966,67.4005,226.493,14.0966,77.4493,287.08,14.0966,88.8254,363.343,14.0966,101.703,459.336,14.0966,116.281,580.161,14.0966,132.782,732.241,14.0966,151.46,923.655,14.0966,172.603,1164.57,14.0966,196.535,1467.79,14.0966,223.625,1849.39,14.0966,254.288,2329.62,14.0966,288.997,2933.93,14.0966,328.285,3694.33,14.0966,372.755,4651.04,14.0966,423.092,5854.57,14.0966,480.07,7368.38,14.0966,544.564,9272.08,14.0966,617.566,11665.5,14.0966,700.197,14673.6,14.0966,793.729,18452.9,14.0966,899.599,23198.6,14.0966,1019.43,29154.1,14.0966,1155.07,36622.3,14.0966,1308.6,45977.9,14.0966,1482.39,57683.7,14.0966,1679.09,72307.8,14.0966,1901.73,90542.8,14.0966,2153.73,113226,14.0966,2438.97,141360,14.0966,2761.81,176127,14.0966,3127.22,218898,14.0966,3540.81,271226,14.0966,4008.92,334817,14.0966,4538.74,411470,14.0966,5138.38,502973,14.0966,5817.04,610948,14.0966,6585.12,736653,14.0966,7454.39,880741,14.0966,8438.15,1.04302e+06,14.0966,9551.45,1.22224e+06,14.0966,10811.3,1.41602e+06,14.0966,12237,1.62086e+06,14.0966,11.7194,11.96,12.6541,2.21263,4.16949,0.989383,2.67766,5.84076,0.311842,3.14343,7.55825,0.0972771,3.63127,9.58578,0.0303237,4.15787,12.0912,0.00945211,4.73731,15.2286,0.00294633,5.38238,19.1721,0.000918508,6.10553,24.134,0.000286163,6.91951,30.3791,8.92692e-05,7.83792,38.2397,2.78121e-05,8.87555,48.1338,8.65134e-06,10.0489,60.5876,2.7882e-06,11.3761,76.2629,8.29036e-07,12.8779,95.9927,2.4373e-07,14.5775,120.825,4.33068e-09,16.5012,152.08,1.75749e-07,18.6784,191.415,-1.86328e-07,21.1428,240.917,1.91829e-07,23.9322,303.213,-1.81475e-07,27.0895,381.602,7.0186e-08,30.6634,480.231,-2.86769e-08,34.7087,604.316,2.40784e-07,39.2876,760.401,9.87368e-08,44.4705,956.705,1.22263e-07,50.3371,1203.54,-4.31966e-07,56.9776,1513.81,-1.9705e-07,64.494,1903.69,-2.763e-08,73.0018,2393.4,3.9185e-07,82.6317,3008.13,1.35379e-07,93.5318,3779.25,-4.16351e-08,105.869,4745.7,2.06965e-08,119.834,5955.6,-3.18887e-07,135.641,7468.12,-1.48271e-08,153.531,9355.62,2.00739e-07,173.781,11705.8,2.28358e-07,196.701,14624.1,-1.93587e-08,222.642,18235,-2.88101e-07,252.003,22683.4,-2.24732e-07,285.234,28134,8.56806e-09,322.845,34767,2.34258e-07,365.413,42770.9,2.99668e-07,413.588,52327.9,8.28644e-08,468.111,63591.2,-3.07049e-07,529.814,76653.2,-3.1888e-07,599.642,91502.5,-6.72276e-08,678.662,107975,2.26339e-07,768.083,125705,3.69212e-07,869.267,144088,2.04077e-07,983.76,162277,-2.80509e-07,1113.3,179223,-4.22737e-07,1259.87,193777,-1.71951e-07,1425.68,204839,4.55555e-07,11.7194,11.96,12.6541,2.21263,4.16949,0.989383,2.67766,5.84076,0.311842,3.14343,7.55825,0.0972771,3.63127,9.58578,0.0303237,4.15787,12.0912,0.00945211,4.73731,15.2286,0.00294633,5.38238,19.1721,0.000918508,6.10553,24.134,0.000286163,6.91951,30.3791,8.92692e-05,7.83792,38.2397,2.78121e-05,8.87555,48.1338,8.65134e-06,10.0489,60.5876,2.7882e-06,11.3761,76.2629,8.29036e-07,12.8779,95.9927,2.4373e-07,14.5775,120.825,1e-08,16.5012,152.08,1.75749e-07,18.6784,191.415,1e-08,21.1428,240.917,1.91829e-07,23.9322,303.213,1e-08,27.0895,381.602,7.0186e-08,30.6634,480.231,1e-08,34.7087,604.316,2.40784e-07,39.2876,760.401,9.87368e-08,44.4705,956.705,1.22263e-07,50.3371,1203.54,1e-08,56.9776,1513.81,1e-08,64.494,1903.69,1e-08,73.0018,2393.4,3.9185e-07,82.6317,3008.13,1.35379e-07,93.5318,3779.25,1e-08,105.869,4745.7,2.06965e-08,119.834,5955.6,1e-08,135.641,7468.12,1e-08,153.531,9355.62,2.00739e-07,173.781,11705.8,2.28358e-07,196.701,14624.1,1e-08,222.642,18235,1e-08,252.003,22683.4,1e-08,285.234,28134,1e-08,322.845,34767,2.34258e-07,365.413,42770.9,2.99668e-07,413.588,52327.9,8.28644e-08,468.111,63591.2,1e-08,529.814,76653.2,1e-08,599.642,91502.5,1e-08,678.662,107975,2.26339e-07,768.083,125705,3.69212e-07,869.267,144088,2.04077e-07,983.76,162277,1e-08,1113.3,179223,1e-08,1259.87,193777,1e-08,1425.68,204839,4.55555e-07,6.2823,3.27286,2.43537,0.219672,6.18826,2.24117,0.56371,6.87772,2.63624,0.308279,11,14,18,1,2,0,0,18,0,3,7,0,2,7,0,3,5,0,3,16,0,5,23,0,4,15,0,4,49,0,7,41,0,3,82,0,9,41,0,10,94,0,9,74,0,6,127,0,12,190,0,8,305,0,19,254,0,28,435,0,18,324,0,43,244,0,14,971,0,35,665,0,60,519,0,36,1653,0,54,1452,0,115,2137,0,135,3182,0,54,3676,0,42,1386,0,71,4163,0,113,4593,0,95,4977,0,93,11251,0,196,16013,0,244,21452,0,166,11614,0,352,8231,0,413,26952,0,270,57143,0,253,54773,0,444,33609,0,444,124479,0,487,41059,0,307,59499,0,478,119338,0,1499,220461,0,576,95897,0,1276,135490,0,509,170023,0,1372,291467,0,1236,74192,0
-1.05176e+08,1,8.88811e-15,10,1023,0,1.05176e+08,0.528882,1.08665,0.389689,0.145397,0.379329,3.24381,0.161596,0.446195,1.77396,0.159177,1.15e+07,4.49998e+06,6.79999e+06,1.15e+07,4.49997e+06,6.79999e+06,1.15e+07,4.49996e+06,6.79999e+06,1.15e+07,4.49995e+06,6.79999e+06,1.14999e+07,4.49993e+06,6.79999e+06,1.14999e+07,4.49991e+06,6.79999e+06,1.14999e+07,4.49989e+06,6.79999e+06,1.14999e+07,4.49986e+06,6.79999e+06,1.14999e+07,4.49982e+06,6.79999e+06,1.14999e+07,4.49977e+06,6.79999e+06,1.14999e+07,4.49971e+06,6.79999e+06,1.14999e+07,4.49963e+06,6.79999e+06,1.14998e+07,4.49953e+06,6.79999e+06,1.14998e+07,4.49941e+06,6.79999e+06,1.14998e+07,4.49926e+06,6.79999e+06,1.14998e+07,4.49906e+06,6.79999e+06,1.14997e+07,4.49882e+06,6.79999e+06,1.14997e+07,4.49851e+06,6.79999e+06,1.14997e+07,4.49812e+06,6.79999e+06,1.14996e+07,4.49764e+06,6.79999e+06,1.14996e+07,4.49702e+06,6.79999e+06,1.14995e+07,4.49625e+06,6.79999e+06,1.14995e+07,4.49528e+06,6.79999e+06,1.14994e+07,4.49406e+06,6.79999e+06,1.14993e+07,4.49253e+06,6.79999e+06,1.14992e+07,4.49059e+06,6.79999e+06,1.14991e+07,4.48817e+06,6.79999e+06,1.1499e+07,4.48511e+06,6.79999e+06,1.14988e+07,4.48128e+06,6.79999e+06,1.14987e+07,4.47646e+06,6.79999e+06,1.14985e+07,4.47041e+06,6.79999e+06,1.14983e+07,4.46281e+06,6.79999e+06,1.14981e+07,4.4533e+06,6.79999e+06,1.14979e+07,4.44138e+06,6.79999e+06,1.14976e+07,4.42649e+06,6.79999e+06,1.14972e+07,4.40789e+06,6.79999e+06,1.14969e+07,4.38471e+06,6.79999e+06,1.14965e+07,4.35592e+06,6.79999e+06,1.1496e+07,4.32027e+06,6.79999e+06,1.14955e+07,4.27629e+06,6.79999e+06,1.14949e+07,4.22231e+06,6.79999e+06,1.14942e+07,4.15647e+06,6.79999e+06,1.14934e+07,4.07676e+06,6.79999e+06,1.14926e+07,3.98112e+06,6.79999e+06,1.14916e+07,3.86765e+06,6.79999e+06,1.14905e+07,3.73474e+06,6.79999e+06,1.14892e+07,3.58148e+06,6.79999e+06,1.14878e+07,3.40785e+06,6.79999e+06,1.14862e+07,3.21513e+06,6.79999e+06,1.14844e+07,3.00605e+06,6.79999e+06,1.14823e+07,2.7848e+06,6.79999e+06,1.148e+07,2.5568e+06,6.79999e+06,1.14773e+07,2.32825e+06,6.79999e+06,13.5742,8.52444,0.508366,16.8306,13.2585,0.162638,20.0035,17.569,0.0507846,23.2616,22.4214,0.0158319,26.7328,28.3297,0.00493498,30.5212,35.6974,0.00153831,34.7178,44.9473,0.000479527,39.4086,56.5822,0.000149456,44.6796,71.2245,4.66214e-05,50.6209,89.6543,1.45419e-05,57.3297,112.852,4.54748e-06,64.9129,142.051,1.43857e-06,73.4897,178.803,4.36618e-07,83.1934,225.062,1.40153e-07,94.1745,283.286,4.96378e-08,106.602,356.568,1.05434e-07,120.669,448.799,-6.49244e-08,136.59,564.873,1.70148e-07,154.611,710.948,-5.34594e-08,175.008,894.767,1.63407e-07,198.097,1126.06,8.04804e-08,224.231,1417.07,1.14667e-07,253.813,1783.15,-1.71227e-07,287.297,2243.62,-2.88466e-07,325.198,2822.67,-4.33651e-07,368.098,3550.67,7.9318e-08,416.657,4465.65,3.13319e-07,471.621,5615.16,3.4613e-07,533.835,7058.61,-1.19199e-07,604.255,8870.02,-2.79964e-07,683.962,11141.4,-2.30521e-07,774.182,13986.7,-2.55099e-07,876.299,17546.4,1.23585e-07,991.883,21993.1,1.41192e-07,1122.71,27536.7,-9.71886e-08,1270.78,34430.7,-3.68368e-07,1438.38,42977.7,-3.45379e-07,1628.07,53532.7,-3.25328e-09,1842.77,66504.6,2.6362e-07,2085.77,82350.2,2.53445e-07,2360.79,101560,-2.47407e-08,2672.05,124632,-3.80602e-07,3024.31,152018,-4.79005e-07,3422.98,184060,-1.14379e-07,3874.15,220884,2.64297e-07,4384.72,262283,3.44131e-07,4962.49,307576,7.5349e-08,5616.29,355497,-3.63097e-07,6356.1,404126,-6.05442e-07,7193.18,450932,-2.72333e-07,8140.28,492963,2.29675e-07,9211.79,527178,4.3387e-07,10424,550893,-1.0711e-07,10.102,8.06553,2.81012,10.6436,8.57909,0.869423,11.5336,10.2515,0.270869,12.7211,12.7138,0.0844293,14.1823,15.9373,0.0263173,15.9122,20.0383,0.0082035,17.9198,25.2154,0.00255722,20.2244,31.7373,0.000797017,22.8539,39.9486,0.000248622,25.8438,50.2851,7.75492e-05,29.237,63.2963,2.42508e-05,33.0837,79.6738,7.67162e-06,37.4415,100.288,2.32837e-06,42.3767,126.236,7.33e-07,47.9646,158.896,2.79256e-07,54.2906,200.003,9.87351e-09,61.452,251.741,1.61085e-07,69.5585,316.859,-2.47141e-07,78.7347,398.812,8.93552e-08,89.1218,501.948,-2.53231e-07,100.879,631.736,-1.25047e-07,114.188,795.049,-1.78808e-07,129.252,1000.53,2.6733e-07,146.304,1259.03,4.50292e-07,165.605,1584.19,6.76904e-07,187.452,1993.12,-1.23808e-07,212.181,2507.27,-4.89068e-07,240.173,3153.54,-5.40284e-07,271.856,3965.56,1.86061e-07,307.719,4985.38,4.37004e-07,348.313,6265.4,3.59828e-07,394.26,7870.83,3.98192e-07,446.268,9882.51,-1.92908e-07,505.135,12400.3,-2.20392e-07,571.766,15546.9,1.51705e-07,647.184,19472.2,5.74996e-07,732.547,24357.4,5.39112e-07,829.167,30420,5.07815e-09,938.526,37916.3,-4.11492e-07,1062.3,47143.9,-3.9561e-07,1202.4,58439.2,3.86185e-08,1360.96,72169.3,5.94093e-07,1540.42,88715.8,7.47693e-07,1743.53,108445,1.78537e-07,1973.41,131665,-4.12549e-07,2233.57,158557,-5.37164e-07,2528,189103,-1.17615e-07,2861.2,222986,5.66769e-07,3238.27,259510,9.45053e-07,3664.97,297540,4.25093e-07,4147.81,335497,-3.58506e-07,4694.17,371444,-6.7724e-07,5312.37,403256,1.67192e-07,1.61744,3.89446,9.84394,3.28846,7.5504,12.774,5.07607,11.7187,13.6844,7.03202,16.8147,13.9681,9.20215,23.1769,14.0566,11.6301,31.1672,14.0841,14.3598,41.2186,14.0927,17.4376,53.8688,14.0954,20.9137,69.7915,14.0962,24.8432,89.8341,14.0965,29.2879,115.063,14.0966,34.3168,146.819,14.0966,40.0078,186.792,14.0966,46.4487,237.107,14.0966,53.7388,300.44,14.0966,61.9903,380.158,14.0966,71.3301,480.499,14.0966,81.902,606.796,14.0966,93.8685,765.761,14.0966,107.414,965.837,14.0966,122.746,1217.65,14.0966,140.101,1534.57,14.0966,159.745,1933.41,14.0966,181.981,2435.3,14.0966,207.15,3066.85,14.0966,235.64,3861.46,14.0966,267.889,4861.11,14.0966,304.391,6118.54,14.0966,345.709,7699.91,14.0966,392.478,9688.22,14.0966,445.417,12187.5,14.0966,505.339,15327.7,14.0966,573.165,19271.6,14.0966,649.938,24222,14.0966,736.839,30430.9,14.0966,835.202,38211.5,14.0966,946.539,47950.3,14.0966,1072.56,60122.8,14.0966,1215.21,75309.9,14.0966,1376.66,94216.2,14.0966,1559.41,117688,14.0966,1766.26,146729,14.0966,2000.39,182510,14.0966,2265.39,226372,14.0966,2565.33,279806,14.0966,2904.81,344416,14.0966,3289.05,421845,14.0966,3723.93,513667,14.0966,4216.13,621231,14.0966,4773.18,745478,14.0966,5403.64,886744,14.0966,6117.15,1.04457e+06,14.0966,6924.63,1.2176e+06,14.0966,11.7194,11.96,12.6541,13.9321,16.1295,13.6434,16.6097,21.9702,13.9553,19.7532,29.5285,14.0526,23.3844,39.1143,14.0829,27.5423,51.2054,14.0923,32.2796,66.434,14.0953,37.662,85.6061,14.0962,43.7675,109.74,14.0965,50.687,140.119,14.0966,58.5249,178.359,14.0966,67.4005,226.493,14.0966,77.4493,287.08,14.0966,88.8254,363.343,14.0966,101.703,459.336,14.0966,116.281,580.161,14.0966,132.782,732.241,14.0966,151.46,923.655,14.0966,172.603,1164.57,14.0966,196.535,1467.79,14.0966,223.625,1849.39,14.0966,254.288,2329.62,14.0966,288.997,2933.93,14.0966,328.285,3694.33,14.0966,372.755,4651.04,14.0966,423.092,5854.57,14.0966,480.07,7368.38,14.0966,544.564,9272.08,14.0966,617.566,11665.5,14.0966,700.197,14673.6,14.0966,793.729,18452.9,14.0966,899.599,23198.6,14.0966,1019.43,29154.1,14.0966,1155.07,36622.3,14.0966,1308.6,45977.9,14.0966,1482.39,57683.7,14.0966,1679.09,72307.8,14.0966,1901.73,90542.8,14.0966,2153.73,113226,14.0966,2438.97,141360,14.0966,2761.81,176127,14.0966,3127.22,218898,14.0966,3540.81,271226,14.0966,4008.92,334817,14.0966,4538.74,411470,14.0966,5138.38,502973,14.0966,5817.04,610948,14.0966,6585.12,736653,14.0966,7454.39,880741,14.0966,8438.15,1.04302e+06,14.0966,9551.45,1.22224e+06,14.0966,10811.3,1.41602e+06,14.0966,12237,1.62086e+06,14.0966,11.7194,11.96,12.6541,2.21263,4.16949,0.989383,2.67766,5.84076,0.311842,3.14343,7.55825,0.0972771,3.63127,9.58578,0.0303237,4.15787,12.0912,0.00945211,4.73731,15.2286,0.00294633,5.38238,19.1721,0.000918508,6.10553,24.134,0.000286163,6.91951,30.3791,8.92692e-05,7.83792,38.2397,2.78121e-05,8.87555,48.1338,8.65134e-06,10.0489,60.5876,2.7882e-06,11.3761,76.2629,8.29036e-07,12.8779,95.9927,2.4373e-07,14.5775,120.825,4.33068e-09,16.5012,152.08,1.75749e-07,18.6784,191.415,-1.86328e-07,21.1428,240.917,1.91829e-07,23.9322,303.213,-1.81475e-07,27.0895,381.602,7.0186e-08,30.6634,480.231,-2.86769e-08,34.7087,604.316,2.40784e-07,39.2876,760.401,9.87368e-08,44.4705,956.705,1.22263e-07,50.3371,1203.54,-4.31966e-07,56.9776,1513.81,-1.9705e-07,64.494,1903.69,-2.763e-08,73.0018,2393.4,3.9185e-07,82.6317,3008.13,1.35379e-07,93.5318,3779.25,-4.16351e-08,105.869,4745.7,2.06965e-08,119.834,5955.6,-3.18887e-07,135.641,7468.12,-1.48271e-08,153.531,9355.62,2.00739e-07,173.781,11705.8,2.28358e-07,196.701,14624.1,-1.93587e-08,222.642,18235,-2.88101e-07,252.003,22683.4,-2.24732e-07,285.234,28134,8.56806e-09,322.845,34767,2.34258e-07,365.413,42770.9,2.99668e-07,413.588,52327.9,8.28644e-08,468.111,63591.2,-3.07049e-07,529.814,76653.2,-3.1888e-07,599.642,91502.5,-6.72276e-08,678.662,107975,2.26339e-07,768.083,125705,3.69212e-07,869.267,144088,2.04077e-07,983.76,162277,-2.80509e-07,1113.3,179223,-4.22737e-07,1259.87,193777,-1.71951e-07,1425.68,204839,4.55555e-07,11.7194,11.96,12.6541,2.21263,4.16949,0.989383,2.67766,5.84076,0.311842,3.14343,7.55825,0.0972771,3.63127,9.58578,0.0303237,4.15787,12.0912,0.00945211,4.73731,15.2286,0.00294633,5.38238,19.1721,0.000918508,6.10553,24.134,0.000286163,6.91951,30.3791,8.92692e-05,7.83792,38.2397,2.78121e-05,8.87555,48.1338,8.65134e-06,10.0489,60.5876,2.7882e-06,11.3761,76.2629,8.29036e-07,12.8779,95.9927,2.4373e-07,14.5775,120.825,1e-08,16.5012,152.08,1.75749e-07,18.6784,191.415,1e-08,21.1428,240.917,1.91829e-07,23.9322,303.213,1e-08,27.0895,381.602,7.0186e-08,30.6634,480.231,1e-08,34.7087,604.316,2.40784e-07,39.2876,760.401,9.87368e-08,44.4705,956.705,1.22263e-07,50.3371,1203.54,1e-08,56.9776,1513.81,1e-08,64.494,1903.69,1e-08,73.0018,2393.4,3.9185e-07,82.6317,3008.13,1.35379e-07,93.5318,3779.25,1e-08,105.869,4745.7,2.06965e-08,119.834,5955.6,1e-08,135.641,7468.12,1e-08,153.531,9355.62,2.00739e-07,173.781,11705.8,2.28358e-07,196.701,14624.1,1e-08,222.642,18235,1e-08,252.003,22683.4,1e-08,285.234,28134,1e-08,322.845,34767,2.34258e-07,365.413,42770.9,2.99668e-07,413.588,52327.9,8.28644e-08,468.111,63591.2,1e-08,529.814,76653.2,1e-08,599.642,91502.5,1e-08,678.662,107975,2.26339e-07,768.083,125705,3.69212e-07,869.267,144088,2.04077e-07,983.76,162277,1e-08,1113.3,179223,1e-08,1259.87,193777,1e-08,1425.68,204839,4.55555e-07,6.2823,3.27286,2.43537,0.219672,6.18826,2.24117,0.56371,6.87772,2.63624,0.308279,19,7,21,2,4,1,2,5,0,1,17,0,3,10,0,0,13,0,4,6,0,11,12,0,7,27,0,7,38,0,5,56,0,0,28,0,4,42,0,6,103,0,6,114,0,13,177,0,13,79,0,12,142,0,11,207,0,22,281,0,29,455,0,20,290,0,20,901,0,30,769,0,71,1614,0,49,711,0,33,2139,0,64,2068,0,99,1795,0,100,1857,0,75,4581,0,98,4328,0,204,7120,0,100,9622,0,40,12873,0,300,14248,0,357,9622,0,208,22397,0,213,8435,0,371,20757,0,215,31062,0,250,41764,0,607,37282,0,565,105413,0,539,33255,0,792,112845,0,347,65604,0,726,179811,0,1203,187312,0,975,138658,0,1823,284252,0,902,151231,0,2507,225804,0
-1.05176e+08,1,8.88811e-15,10,1023,0,1.05176e+08,0.528882,1.08665,0.389689,0.145397,0.379329,3.24381,0.161596,0.446195,1.77396,0.159177,1.15e+07,4.49998e+06,6.79999e+06,1.15e+07,4.49997e+06,6.79999e+06,1.15e+07,4.49996e+06,6.79999e+06,1.15e+07,4.49995e+06,6.79999e+06,1.14999e+07,4.49993e+06,6.79999e+06,1.14999e+07,4.49991e+06,6.79999e+06,1.14999e+07,4.49989e+06,6.79999e+06,1.14999e+07,4.49986e+06,6.79999e+06,1.14999e+07,4.49982e+06,6.79999e+06,1.14999e+07,4.49977e+06,6.79999e+06,1.14999e+07,4.49971e+06,6.79999e+06,1.14999e+07,4.49963e+06,6.79999e+06,1.14998e+07,4.49953e+06,6.79999e+06,1.14998e+07,4.49941e+06,6.79999e+06,1.14998e+07,4.49926e+06,6.79999e+06,1.14998e+07,4.49906e+06,6.79999e+06,1.14997e+07,4.49882e+06,6.79999e+06,1.14997e+07,4.49851e+06,6.79999e+06,1.14997e+07,4.49812e+06,6.79999e+06,1.14996e+07,4.49764e+06,6.79999e+06,1.14996e+07,4.49702e+06,6.79999e+06,1.14995e+07,4.49625e+06,6.79999e+06,1.14995e+07,4.49528e+06,6.79999e+06,1.14994e+07,4.49406e+06,6.79999e+06,1.14993e+07,4.49253e+06,6.79999e+06,1.14992e+07,4.49059e+06,6.79999e+06,1.14991e+07,4.48817e+06,6.79999e+06,1.1499e+07,4.48511e+06,6.79999e+06,1.14988e+07,4.48128e+06,6.79999e+06,1.14987e+07,4.47646e+06,6.79999e+06,1.14985e+07,4.47041e+06,6.79999e+06,1.14983e+07,4.46281e+06,6.79999e+06,1.14981e+07,4.4533e+06,6.79999e+06,1.14979e+07,4.44138e+06,6.79999e+06,1.14976e+07,4.42649e+06,6.79999e+06,1.14972e+07,4.40789e+06,6.79999e+06,1.14969e+07,4.38471e+06,6.79999e+06,1.14965e+07,4.35592e+06,6.79999e+06,1.1496e+07,4.32027e+06,6.79999e+06,1.14955e+07,4.27629e+06,6.79999e+06,1.14949e+07,4.22231e+06,6.79999e+06,1.14942e+07,4.15647e+06,6.79999e+06,1.14934e+07,4.07676e+06,6.79999e+06,1.14926e+07,3.98112e+06,6.79999e+06,1.14916e+07,3.86765e+06,6.79999e+06,1.14905e+07,3.73474e+06,6.79999e+06,1.14892e+07,3.58148e+06,6.79999e+06,1.14878e+07,3.40785e+06,6.79999e+06,1.14862e+07,3.21513e+06,6.79999e+06,1.14844e+07,3.00605e+06,6.79999e+06,1.14823e+07,2.7848e+06,6.79999e+06,1.148e+07,2.5568e+06,6.79999e+06,1.14773e+07,2.32825e+06,6.79999e+06,13.5742,8.52444,0.508366,16.8306,13.2585,0.162638,20.0035,17.569,0.0507846,23.2616,22.4214,0.0158319,26.7328,28.3297,0.00493498,30.5212,35.6974,0.00153831,34.7178,44.9473,0.000479527,39.4086,56.5822,0.000149456,44.6796,71.2245,4.66214e-05,50.6209,89.6543,1.45419e-05,57.3297,112.852,4.54748e-06,64.9129,142.051,1.43857e-06,73.4897,178.803,4.36618e-07,83.1934,225.062,1.40153e-07,94.1745,283.286,4.96378e-08,106.602,356.568,1.05434e-07,120.669,448.799,-6.49244e-08,136.59,564.873,1.70148e-07,154.611,710.948,-5.34594e-08,175.008,894.767,1.63407e-07,198.097,1126.06,8.04804e-08,224.231,1417.07,1.14667e-07,253.813,1783.15,-1.71227e-07,287.297,2243.62,-2.88466e-07,325.198,2822.67,-4.33651e-07,368.098,3550.67,7.9318e-08,416.657,4465.65,3.13319e-07,471.621,5615.16,3.4613e-07,533.835,7058.61,-1.19199e-07,604.255,8870.02,-2.79964e-07,683.962,11141.4,-2.30521e-07,774.182,13986.7,-2.55099e-07,876.299,17546.4,1.23585e-07,991.883,21993.1,1.41192e-07,1122.71,27536.7,-9.71886e-08,1270.78,34430.7,-3.68368e-07,1438.38,42977.7,-3.45379e-07,1628.07,53532.7,-3.25328e-09,1842.77,66504.6,2.6362e-07,2085.77,82350.2,2.53445e-07,2360.79,101560,-2.47407e-08,2672.05,124632,-3.80602e-07,3024.31,152018,-4.79005e-07,3422.98,184060,-1.14379e-07,3874.15,220884,2.64297e-07,4384.72,262283,3.44131e-07,4962.49,307576,7.5349e-08,5616.29,355497,-3.63097e-07,6356.1,404126,-6.05442e-07,7193.18,450932,-2.72333e-07,8140.28,492963,2.29675e-07,9211.79,527178,4.3387e-07,10424,550893,-1.0711e-07,10.102,8.06553,2.81012,10.6436,8.57909,0.869423,11.5336,10.2515,0.270869,12.7211,12.7138,0.0844293,14.1823,15.9373,0.0263173,15.9122,20.0383,0.0082035,17.9198,25.2154,0.00255722,20.2244,31.7373,0.000797017,22.8539,39.9486,0.000248622,25.8438,50.2851,7.75492e-05,29.237,63.2963,2.42508e-05,33.0837,79.6738,7.67162e-06,37.4415,100.288,2.32837e-06,42.3767,126.236,7.33e-07,47.9646,158.896,2.79256e-07,54.2906,200.003,9.87351e-09,61.452,251.741,1.61085e-07,69.5585,316.859,-2.47141e-07,78.7347,398.812,8.93552e-08,89.1218,501.948,-2.53231e-07,100.879,631.736,-1.25047e-07,114.188,795.049,-1.78808e-07,129.252,1000.53,2.6733e-07,146.304,1259.03,4.50292e-07,165.605,1584.19,6.76904e-07,187.452,1993.12,-1.23808e-07,212.181,2507.27,-4.89068e-07,240.173,3153.54,-5.40284e-07,271.856,3965.56,1.86061e-07,307.719,4985.38,4.37004e-07,348.313,6265.4,3.59828e-07,394.26,7870.83,3.98192e-07,446.268,9882.51,-1.92908e-07,505.135,12400.3,-2.20392e-07,571.766,15546.9,1.51705e-07,647.184,19472.2,5.74996e-07,732.547,24357.4,5.39112e-07,829.167,30420,5.07815e-09,938.526,37916.3,-4.11492e-07,1062.3,47143.9,-3.9561e-07,1202.4,58439.2,3.86185e-08,1360.96,72169.3,5.94093e-07,1540.42,88715.8,7.47693e-07,1743.53,108445,1.78537e-07,1973.41,131665,-4.12549e-07,2233.57,158557,-5.37164e-07,2528,189103,-1.17615e-07,2861.2,222986,5.66769e-07,3238.27,259510,9.45053e-07,3664.97,297540,4.25093e-07,4147.81,335497,-3.58506e-07,4694.17,371444,-6.7724e-07,5312.37,403256,1.67192e-07,1.61744,3.89446,9.84394,3.28846,7.5504,12.774,5.07607,11.7187,13.6844,7.03202,16.8147,13.9681,9.20215,23.1769,14.0566,11.6301,31.1672,14.0841,14.3598,41.2186,14.0927,17.4376,53.8688,14.0954,20.9137,69.7915,14.0962,24.8432,89.8341,14.0965,29.2879,115.063,14.0966,34.3168,146.819,14.0966,40.0078,186.792,14.0966,46.4487,237.107,14.0966,53.7388,300.44,14.0966,61.9903,380.158,14.0966,71.3301,480.499,14.0966,81.902,606.796,14.0966,93.8685,765.761,14.0966,107.414,965.837,14.0966,122.746,1217.65,14.0966,140.101,1534.57,14.0966,159.745,1933.41,14.0966,181.981,2435.3,14.0966,207.15,3066.85,14.0966,235.64,3861.46,14.0966,267.889,4861.11,14.0966,304.391,6118.54,14.0966,345.709,7699.91,14.0966,392.478,9688.22,14.0966,445.417,12187.5,14.0966,505.339,15327.7,14.0966,573.165,19271.6,14.0966,649.938,24222,14.0966,736.839,30430.9,14.0966,835.202,38211.5,14.0966,946.539,47950.3,14.0966,1072.56,60122.8,14.0966,1215.21,75309.9,14.0966,1376.66,94216.2,14.0966,1559.41,117688,14.0966,1766.26,146729,14.0966,2000.39,182510,14.0966,2265.39,226372,14.0966,2565.33,279806,14.0966,2904.81,344416,14.0966,3289.05,421845,14.0966,3723.93,513667,14.0966,4216.13,621231,14.0966,4773.18,745478,14.0966,5403.64,886744,14.0966,6117.15,1.04457e+06,14.0966,6924.63,1.2176e+06,14.0966,11.7194,11.96,12.6541,13.9321,16.1295,13.6434,16.6097,21.9702,13.9553,19.7532,29.5285,14.0526,23.3844,39.1143,14.0829,27.5423,51.2054,14.0923,32.2796,66.434,14.0953,37.662,85.6061,14.0962,43.7675,109.74,14.0965,50.687,140.119,14.0966,58.5249,178.359,14.0966,67.4005,226.493,14.0966,77.4493,287.08,14.0966,88.8254,363.343,14.0966,101.703,459.336,14.0966,116.281,580.161,14.0966,132.782,732.241,14.0966,151.46,923.655,14.0966,172.603,1164.57,14.0966,196.535,1467.79,14.0966,223.625,1849.39,14.0966,254.288,2329.62,14.0966,288.997,2933.93,14.0966,328.285,3694.33,14.0966,372.755,4651.04,14.0966,423.092,5854.57,14.0966,480.07,7368.38,14.0966,544.564,9272.08,14.0966,617.566,11665.5,14.0966,700.197,14673.6,14.0966,793.729,18452.9,14.0966,899.599,23198.6,14.0966,1019.43,29154.1,14.0966,1155.07,36622.3,14.0966,1308.6,45977.9,14.0966,1482.39,57683.7,14.0966,1679.09,72307.8,14.0966,1901.73,90542.8,14.0966,2153.73,113226,14.0966,2438.97,141360,14.0966,2761.81,176127,14.0966,3127.22,218898,14.0966,3540.81,271226,14.0966,4008.92,334817,14.0966,4538.74,411470,14.0966,5138.38,502973,14.0966,5817.04,610948,14.0966,6585.12,736653,14.0966,7454.39,880741,14.0966,8438.15,1.04302e+06,14.0966,9551.45,1.22224e+06,14.0966,10811.3,1.41602e+06,14.0966,12237,1.62086e+06,14.0966,11.7194,11.96,12.6541,2.21263,4.16949,0.989383,2.67766,5.84076,0.311842,3.14343,7.55825,0.0972771,3.63127,9.58578,0.0303237,4.15787,12.0912,0.00945211,4.73731,15.2286,0.00294633,5.38238,19.1721,0.000918508,6.10553,24.134,0.000286163,6.91951,30.3791,8.92692e-05,7.83792,38.2397,2.78121e-05,8.87555,48.1338,8.65134e-06,10.0489,60.5876,2.7882e-06,11.3761,76.2629,8.29036e-07,12.8779,95.9927,2.4373e-07,14.5775,120.825,4.33068e-09,16.5012,152.08,1.75749e-07,18.6784,191.415,-1.86328e-07,21.1428,240.917,1.91829e-07,23.9322,303.213,-1.81475e-07,27.0895,381.602,7.0186e-08,30.6634,480.231,-2.86769e-08,34.7087,604.316,2.40784e-07,39.2876,760.401,9.87368e-08,44.4705,956.705,1.22263e-07,50.3371,1203.54,-4.31966e-07,56.9776,1513.81,-1.9705e-07,64.494,1903.69,-2.763e-08,73.0018,2393.4,3.9185e-07,82.6317,3008.13,1.35379e-07,93.5318,3779.25,-4.16351e-08,105.869,4745.7,2.06965e-08,119.834,5955.6,-3.18887e-07,135.641,7468.12,-1.48271e-08,153.531,9355.62,2.00739e-07,173.781,11705.8,2.28358e-07,196.701,14624.1,-1.93587e-08,222.642,18235,-2.88101e-07,252.003,22683.4,-2.24732e-07,285.234,28134,8.56806e-09,322.845,34767,2.34258e-07,365.413,42770.9,2.99668e-07,413.588,52327.9,8.28644e-08,468.111,63591.2,-3.07049e-07,529.814,76653.2,-3.1888e-07,599.642,91502.5,-6.72276e-08,678.662,107975,2.26339e-07,768.083,125705,3.69212e-07,869.267,144088,2.04077e-07,983.76,162277,-2.80509e-07,1113.3,179223,-4.22737e-07,1259.87,193777,-1.71951e-07,1425.68,204839,4.55555e-07,11.7194,11.96,12.6541,2.21263,4.16949,0.989383,2.67766,5.84076,0.311842,3.14343,7.55825,0.0972771,3.63127,9.58578,0.0303237,4.15787,12.0912,0.00945211,4.73731,15.2286,0.00294633,5.38238,19.1721,0.000918508,6.10553,24.134,0.000286163,6.91951,30.3791,8.92692e-05,7.83792,38.2397,2.78121e-05,8.87555,48.1338,8.65134e-06,10.0489,60.5876,2.7882e-06,11.3761,76.2629,8.29036e-07,12.8779,95.9927,2.4373e-07,14.5775,120.825,1e-08,16.5012,152.08,1.75749e-07,18.6784,191.415,1e-08,21.1428,240.917,1.91829e-07,23.9322,303.213,1e-08,27.0895,381.602,7.0186e-08,30.6634,480.231,1e-08,34.7087,604.316,2.40784e-07,39.2876,760.401,9.87368e-08,44.4705,956.705,1.22263e-07,50.3371,1203.54,1e-08,56.9776,1513.81,1e-08,64.494,1903.69,1e-08,73.0018,2393.4,3.9185e-07,82.6317,3008.13,1.35379e-07,93.5318,3779.25,1e-08,105.869,4745.7,2.06965e-08,119.834,5955.6,1e-08,135.641,7468.12,1e-08,153.531,9355.62,2.00739e-07,173.781,11705.8,2.28358e-07,196.701,14624.1,1e-08,222.642,18235,1e-08,252.003,22683.4,1e-08,285.234,28134,1e-08,322.845,34767,2.34258e-07,365.413,42770.9,2.99668e-07,413.588,52327.9,8.28644e-08,468.111,63591.2,1e-08,529.814,76653.2,1e-08,599.642,91502.5,1e-08,678.662,107975,2.26339e-07,768.083,125705,3.69212e-07,869.267,144088,2.04077e-07,983.76,162277,1e-08,1113.3,179223,1e-08,1259.87,193777,1e-08,1425.68,204839,4.55555e-07,6.2823,3.27286,2.43537,0.219672,6.18826,2.24117,0.56371,6.87772,2.63624,0.308279,9,25,6,2,4,0,1,6,0,0,11,0,6,22,0,4,29,0,1,7,0,4,14,0,5,16,0,11,21,0,9,50,0,12,65,0,11,44,0,14,105,0,7,150,0,21,111,0,15,148,0,23,153,0,22,213,0,12,240,0,14,270,0,32,734,0,36,487,0,38,634,0,50,1810,0,77,1615,0,29,1127,0,72,1737,0,124,3766,0,41,2906,0,142,3964,0,132,1598,0,113,5369,0,174,5177,0,88,7426,0,123,16187,0,141,16112,0,173,29219,0,265,23552,0,132,60630,0,161,45741,0,380,94653,0,282,79113,0,565,95407,0,361,57571,0,615,71892,0,297,127544,0,685,106070,0,713,74615,0,952,64997,0,748,148525,0,1566,65034,0,1400,133983,0
-1.05176e+08,1,8.88811e-15,10,1023,0,1.05176e+08,0.528882,1.08665,0.389689,0.145397,0.379329,3.24381,0.161596,0.446195,1.77396,0.159177,1.15e+07,4.49998e+06,6.79999e+06,1.15e+07,4.49997e+06,6.79999e+06,1.15e+07,4.49996e+06,6.79999e+06,1.15e+07,4.49995e+06,6.79999e+06,1.14999e+07,4.49993e+06,6.79999e+06,1.14999e+07,4.49991e+06,6.79999e+06,1.14999e+07,4.49989e+06,6.79999e+06,1.14999e+07,4.49986e+06,6.79999e+06,1.14999e+07,4.49982e+06,6.79999e+06,1.14999e+07,4.49977e+06,6.79999e+06,1.14999e+07,4.49971e+06,6.79999e+06,1.14999e+07,4.49963e+06,6.79999e+06,1.14998e+07,4.49953e+06,6.79999e+06,1.14998e+07,4.49941e+06,6.79999e+06,1.14998e+07,4.49926e+06,6.79999e+06,1.14998e+07,4.49906e+06,6.79999e+06,1.14997e+07,4.49882e+06,6.79999e+06,1.14997e+07,4.49851e+06,6.79999e+06,1.14997e+07,4.49812e+06,6.79999e+06,1.14996e+07,4.49764e+06,6.79999e+06,1.14996e+07,4.49702e+06,6.79999e+06,1.14995e+07,4.49625e+06,6.79999e+06,1.14995e+07,4.49528e+06,6.79999e+06,1.14994e+07,4.49406e+06,6.79999e+06,1.14993e+07,4.49253e+06,6.79999e+06,1.14992e+07,4.49059e+06,6.79999e+06,1.14991e+07,4.48817e+06,6.79999e+06,1.1499e+07,4.48511e+06,6.79999e+06,1.14988e+07,4.48128e+06,6.79999e+06,1.14987e+07,4.47646e+06,6.79999e+06,1.14985e+07,4.47041e+06,6.79999e+06,1.14983e+07,4.46281e+06,6.79999e+06,1.14981e+07,4.4533e+06,6.79999e+06,1.14979e+07,4.44138e+06,6.79999e+06,1.14976e+07,4.42649e+06,6.79999e+06,1.14972e+07,4.40789e+06,6.79999e+06,1.14969e+07,4.38471e+06,6.79999e+06,1.14965e+07,4.35592e+06,6.79999e+06,1.1496e+07,4.32027e+06,6.79999e+06,1.14955e+07,4.27629e+06,6.79999e+06,1.14949e+07,4.22231e+06,6.79999e+06,1.14942e+07,4.15647e+06,6.79999e+06,1.14934e+07,4.07676e+06,6.79999e+06,1.14926e+07,3.98112e+06,6.79999e+06,1.14916e+07,3.86765e+06,6.79999e+06,1.14905e+07,3.73474e+06,6.79999e+06,1.14892e+07,3.58148e+06,6.79999e+06,1.14878e+07,3.40785e+06,6.79999e+06,1.14862e+07,3.21513e+06,6.79999e+06,1.14844e+07,3.00605e+06,6.79999e+06,1.14823e+07,2.7848e+06,6.79999e+06,1.148e+07,2.5568e+06,6.79999e+06,1.14773e+07,2.32825e+06,6.79999e+06,13.5742,8.52444,0.508366,16.8306,13.2585,0.162638,20.0035,17.569,0.0507846,23.2616,22.4214,0.0158319,26.7328,28.3297,0.00493498,30.5212,35.6974,0.00153831,34.7178,44.9473,0.000479527,39.4086,56.5822,0.000149456,44.6796,71.2245,4.66214e-05,50.6209,89.6543,1.45419e-05,57.3297,112.852,4.54748e-06,64.9129,142.051,1.43857e-06,73.4897,178.803,4.36618e-07,83.1934,225.062,1.40153e-07,94.1745,283.286,4.96378e-08,106.602,356.568,1.05434e-07,120.669,448.799,-6.49244e-08,136.59,564.873,1.70148e-07,154.611,710.948,-5.34594e-08,175.008,894.767,1.63407e-07,198.097,1126.06,8.04804e-08,224.231,1417.07,1.14667e-07,253.813,1783.15,-1.71227e-07,287.297,2243.62,-2.88466e-07,325.198,2822.67,-4.33651e-07,368.098,3550.67,7.9318e-08,416.657,4465.65,3.13319e-07,471.621,5615.16,3.4613e-07,533.835,7058.61,-1.19199e-07,604.255,8870.02,-2.79964e-07,683.962,11141.4,-2.30521e-07,774.182,13986.7,-2.55099e-07,876.299,17546.4,1.23585e-07,991.883,21993.1,1.41192e-07,1122.71,27536.7,-9.71886e-08,1270.78,34430.7,-3.68368e-07,1438.38,42977.7,-3.45379e-07,1628.07,53532.7,-3.25328e-09,1842.77,66504.6,2.6362e-07,2085.77,82350.2,2.53445e-07,2360.79,101560,-2.47407e-08,2672.05,124632,-3.80602e-07,3024.31,152018,-4.79005e-07,3422.98,184060,-1.14379e-07,3874.15,220884,2.64297e-07,4384.72,262283,3.44131e-07,4962.49,307576,7.5349e-08,5616.29,355497,-3.63097e-07,6356.1,404126,-6.05442e-07,7193.18,450932,-2.72333e-07,8140.28,492963,2.29675e-07,9211.79,527178,4.3387e-07,10424,550893,-1.0711e-07,10.102,8.06553,2.81012,10.6436,8.57909,0.869423,11.5336,10.2515,0.270869,12.7211,12.7138,0.0844293,14.1823,15.9373,0.0263173,15.9122,20.0383,0.0082035,17.9198,25.2154,0.00255722,20.2244,31.7373,0.000797017,22.8539,39.9486,0.000248622,25.8438,50.2851,7.75492e-05,29.237,63.2963,2.42508e-05,33.0837,79.6738,7.67162e-06,37.4415,100.288,2.32837e-06,42.3767,126.236,7.33e-07,47.9646,158.896,2.79256e-07,54.2906,200.003,9.87351e-09,61.452,251.741,1.61085e-07,69.5585,316.859,-2.47141e-07,78.7347,398.812,8.93552e-08,89.1218,501.948,-2.53231e-07,100.879,631.736,-1.25047e-07,114.188,795.049,-1.78808e-07,129.252,1000.53,2.6733e-07,146.304,1259.03,4.50292e-07,165.605,1584.19,6.76904e-07,187.452,1993.12,-1.23808e-07,212.181,2507.27,-4.89068e-07,240.173,3153.54,-5.40284e-07,271.856,3965.56,1.86061e-07,307.719,4985.38,4.37004e-07,348.313,6265.4,3.59828e-07,394.26,7870.83,3.98192e-07,446.268,9882.51,-1.92908e-07,505.135,12400.3,-2.20392e-07,571.766,15546.9,1.51705e-07,647.184,19472.2,5.74996e-07,732.547,24357.4,5.39112e-07,829.167,30420,5.07815e-09,938.526,37916.3,-4.11492e-07,1062.3,47143.9,-3.9561e-07,1202.4,58439.2,3.86185e-08,1360.96,72169.3,5.94093e-07,1540.42,88715.8,7.47693e-07,1743.53,108445,1.78537e-07,1973.41,131665,-4.12549e-07,2233.57,158557,-5.37164e-07,2528,189103,-1.17615e-07,2861.2,222986,5.66769e-07,3238.27,259510,9.45053e-07,3664.97,297540,4.25093e-07,4147.81,335497,-3.58506e-07,4694.17,371444,-6.7724e-07,5312.37,403256,1.67192e-07,1.61744,3.89446,9.84394,3.28846,7.5504,12.774,5.07607,11.7187,13.6844,7.03202,16.8147,13.9681,9.20215,23.1769,14.0566,11.6301,31.1672,14.0841,14.3598,41.2186,14.0927,17.4376,53.8688,14.0954,20.9137,69.7915,14.0962,24.8432,89.8341,14.0965,29.2879,115.063,14.0966,34.3168,146.819,14.0966,40.0078,186.792,14.0966,46.4487,237.107,14.0966,53.7388,300.44,14.0966,61.9903,380.158,14.0966,71.3301,480.499,14.0966,81.902,606.796,14.0966,93.8685,765.761,14.0966,107.414,965.837,14.0966,122.746,1217.65,14.0966,140.101,1534.57,14.0966,159.745,1933.41,14.0966,181.981,2435.3,14.0966,207.15,3066.85,14.0966,235.64,3861.46,14.0966,267.889,4861.11,14.0966,304.391,6118.54,14.0966,345.709,7699.91,14.0966,392.478,9688.22,14.0966,445.417,12187.5,14.0966,505.339,15327.7,14.0966,573.165,19271.6,14.0966,649.938,24222,14.0966,736.839,30430.9,14.0966,835.202,38211.5,14.0966,946.539,47950.3,14.0966,1072.56,60122.8,14.0966,1215.21,75309.9,14.0966,1376.66,94216.2,14.0966,1559.41,117688,14.0966,1766.26,146729,14.0966,2000.39,182510,14.0966,2265.39,226372,14.0966,2565.33,279806,14.0966,2904.81,344416,14.0966,3289.05,421845,14.0966,3723.93,513667,14.0966,4216.13,621231,14.0966,4773.18,745478,14.0966,5403.64,886744,14.0966,6117.15,1.04457e+06,14.0966,6924.63,1.2176e+06,14.0966,11.7194,11.96,12.6541,13.9321,16.1295,13.6434,16.6097,21.9702,13.9553,19.7532,29.5285,14.0526,23.3844,39.1143,14.0829,27.5423,51.2054,14.0923,32.2796,66.434,14.0953,37.662,85.6061,14.0962,43.7675,109.74,14.0965,50.687,140.119,14.0966,58.5249,178.359,14.0966,67.4005,226.493,14.0966,77.4493,287.08,14.0966,88.8254,363.343,14.0966,101.703,459.336,14.0966,116.281,580.161,14.0966,132.782,732.241,14.0966,151.46,923.655,14.0966,172.603,1164.57,14.0966,196.535,1467.79,14.0966,223.625,1849.39,14.0966,254.288,2329.62,14.0966,288.997,2933.93,14.0966,328.285,3694.33,14.0966,372.755,4651.04,14.0966,423.092,5854.57,14.0966,480.07,7368.38,14.0966,544.564,9272.08,14.0966,617.566,11665.5,14.0966,700.197,14673.6,14.0966,793.729,18452.9,14.0966,899.599,23198.6,14.0966,1019.43,29154.1,14.0966,1155.07,36622.3,14.0966,1308.6,45977.9,14.0966,1482.39,57683.7,14.0966,1679.09,72307.8,14.0966,1901.73,90542.8,14.0966,2153.73,113226,14.0966,2438.97,141360,14.0966,2761.81,176127,14.0966,3127.22,218898,14.0966,3540.81,271226,14.0966,4008.92,334817,14.0966,4538.74,411470,14.0966,5138.38,502973,14.0966,5817.04,610948,14.0966,6585.12,736653,14.0966,7454.39,880741,14.0966,8438.15,1.04302e+06,14.0966,9551.45,1.22224e+06,14.0966,10811.3,1.41602e+06,14.0966,12237,1.62086e+06,14.0966,11.7194,11.96,12.6541,2.21263,4.16949,0.989383,2.67766,5.84076,0.311842,3.14343,7.55825,0.0972771,3.63127,9.58578,0.0303237,4.15787,12.0912,0.00945211,4.73731,15.2286,0.00294633,5.38238,19.1721,0.000918508,6.10553,24.134,0.000286163,6.91951,30.3791,8.92692e-05,7.83792,38.2397,2.78121e-05,8.87555,48.1338,8.65134e-06,10.0489,60.5876,2.7882e-06,11.3761,76.2629,8.29036e-07,12.8779,95.9927,2.4373e-07,14.5775,120.825,4.33068e-09,16.5012,152.08,1.75749e-07,18.6784,191.415,-1.86328e-07,21.1428,240.917,1.91829e-07,23.9322,303.213,-1.81475e-07,27.0895,381.602,7.0186e-08,30.6634,480.231,-2.86769e-08,34.7087,604.316,2.40784e-07,39.2876,760.401,9.87368e-08,44.4705,956.705,1.22263e-07,50.3371,1203.54,-4.31966e-07,56.9776,1513.81,-1.9705e-07,64.494,1903.69,-2.763e-08,73.0018,2393.4,3.9185e-07,82.6317,3008.13,1.35379e-07,93.5318,3779.25,-4.16351e-08,105.869,4745.7,2.06965e-08,119.834,5955.6,-3.18887e-07,135.641,7468.12,-1.48271e-08,153.531,9355.62,2.00739e-07,173.781,11705.8,2.28358e-07,196.701,14624.1,-1.93587e-08,222.642,18235,-2.88101e-07,252.003,22683.4,-2.24732e-07,285.234,28134,8.56806e-09,322.845,34767,2.34258e-07,365.413,42770.9,2.99668e-07,413.588,52327.9,8.28644e-08,468.111,63591.2,-3.07049e-07,529.814,76653.2,-3.1888e-07,599.642,91502.5,-6.72276e-08,678.662,107975,2.26339e-07,768.083,125705,3.69212e-07,869.267,144088,2.04077e-07,983.76,162277,-2.80509e-07,1113.3,179223,-4.22737e-07,1259.87,193777,-1.71951e-07,1425.68,204839,4.55555e-07,11.7194,11.96,12.6541,2.21263,4.16949,0.989383,2.67766,5.84076,0.311842,3.14343,7.55825,0.0972771,3.63127,9.58578,0.0303237,4.15787,12.0912,0.00945211,4.73731,15.2286,0.00294633,5.38238,19.1721,0.000918508,6.10553,24.134,0.000286163,6.91951,30.3791,8.92692e-05,7.83792,38.2397,2.78121e-05,8.87555,48.1338,8.65134e-06,10.0489,60.5876,2.7882e-06,11.3761,76.2629,8.29036e-07,12.8779,95.9927,2.4373e-07,14.5775,120.825,1e-08,16.5012,152.08,1.75749e-07,18.6784,191.415,1e-08,21.1428,240.917,1.91829e-07,23.9322,303.213,1e-08,27.0895,381.602,7.0186e-08,30.6634,480.231,1e-08,34.7087,604.316,2.40784e-07,39.2876,760.401,9.87368e-08,44.4705,956.705,1.22263e-07,50.3371,1203.54,1e-08,56.9776,1513.81,1e-08,64.494,1903.69,1e-08,73.0018,2393.4,3.9185e-07,82.6317,3008.13,1.35379e-07,93.5318,3779.25,1e-08,105.869,4745.7,2.06965e-08,119.834,5955.6,1e-08,135.641,7468.12,1e-08,153.531,9355.62,2.00739e-07,173.781,11705.8,2.28358e-07,196.701,14624.1,1e-08,222.642,18235,1e-08,252.003,22683.4,1e-08,285.234,28134,1e-08,322.845,34767,2.34258e-07,365.413,42770.9,2.99668e-07,413.588,52327.9,8.28644e-08,468.111,63591.2,1e-08,529.814,76653.2,1e-08,599.642,91502.5,1e-08,678.662,107975,2.26339e-07,768.083,125705,3.69212e-07,869.267,144088,2.04077e-07,983.76,162277,1e-08,1113.3,179223,1e-08,1259.87,193777,1e-08,1425.68,204839,4.55555e-07,6.2823,3.27286,2.43537,0.219672,6.18826,2.24117,0.56371,6.87772,2.63624,0.308279,5,4,22,4,3,2,5,6,2,2,5,0,0,9,0,7,6,0,8,1,0,1,12,0,3,31,0,3,55,0,5,32,0,11,56,0,9,84,0,9,62,0,12,76,0,11,93,0,20,111,0,11,144,0,28,186,0,22,204,0,35,184,0,35,306,0,20,198,0,33,498,0,30,411,0,49,1098,0,25,1551,0,32,1862,0,48,2273,0,101,3573,0,85,5737,0,184,6934,0,193,3645,0,54,8076,0,127,5862,0,116,11171,0,208,14618,0,326,12770,0,291,19340,0,231,34110,0,351,40367,0,405,25061,0,418,51337,0,469,91562,0,179,44391,0,382,68168,0,518,69651,0,1332,110069,0,366,106702,0,971,120976,0,886,165256,0,914,361882,0,725,96837,0
-1.05176e+08,1,8.88811e-15,10,1023,0,1.05176e+08,0.528882,1.08665,0.389689,0.145397,0.379329,3.24381,0.161596,0.446195,1.77396,0.159177,1.15e+07,4.49998e+06,6.79999e+06,1.15e+07,4.49997e+06,6.79999e+06,1.15e+07,4.49996e+06,6.79999e+06,1.15e+07,4.49995e+06,6.79999e+06,1.14999e+07,4.49993e+06,6.79999e+06,1.14999e+07,4.49991e+06,6.79999e+06,1.14999e+07,4.49989e+06,6.79999e+06,1.14999e+07,4.49986e+06,6.79999e+06,1.14999e+07,4.49982e+06,6.79999e+06,1.14999e+07,4.49977e+06,6.79999e+06,1.14999e+07,4.49971e+06,6.79999e+06,1.14999e+07,4.49963e+06,6.79999e+06,1.14998e+07,4.49953e+06,6.79999e+06,1.14998e+07,4.49941e+06,6.79999e+06,1.14998e+07,4.49926e+06,6.79999e+06,1.14998e+07,4.49906e+06,6.79999e+06,1.14997e+07,4.49882e+06,6.79999e+06,1.14997e+07,4.49851e+06,6.79999e+06,1.14997e+07,4.49812e+06,6.79999e+06,1.14996e+07,4.49764e+06,6.79999e+06,1.14996e+07,4.49702e+06,6.79999e+06,1.14995e+07,4.49625e+06,6.79999e+06,1.14995e+07,4.49528e+06,6.79999e+06,1.14994e+07,4.49406e+06,6.79999e+06,1.14993e+07,4.49253e+06,6.79999e+06,1.14992e+07,4.49059e+06,6.79999e+06,1.14991e+07,4.48817e+06,6.79999e+06,1.1499e+07,4.48511e+06,6.79999e+06,1.14988e+07,4.48128e+06,6.79999e+06,1.14987e+07,4.47646e+06,6.79999e+06,1.14985e+07,4.47041e+06,6.79999e+06,1.14983e+07,4.46281e+06,6.79999e+06,1.14981e+07,4.4533e+06,6.79999e+06,1.14979e+07,4.44138e+06,6.79999e+06,1.14976e+07,4.42649e+06,6.79999e+06,1.14972e+07,4.40789e+06,6.79999e+06,1.14969e+07,4.38471e+06,6.79999e+06,1.14965e+07,4.35592e+06,6.79999e+06,1.1496e+07,4.32027e+06,6.79999e+06,1.14955e+07,4.27629e+06,6.79999e+06,1.14949e+07,4.22231e+06,6.79999e+06,1.14942e+07,4.15647e+06,6.79999e+06,1.14934e+07,4.07676e+06,6.79999e+06,1.14926e+07,3.98112e+06,6.79999e+06,1.14916e+07,3.86765e+06,6.79999e+06,1.14905e+07,3.73474e+06,6.79999e+06,1.14892e+07,3.58148e+06,6.79999e+06,1.14878e+07,3.40785e+06,6.79999e+06,1.14862e+07,3.21513e+06,6.79999e+06,1.14844e+07,3.00605e+06,6.79999e+06,1.14823e+07,2.7848e+06,6.79999e+06,1.148e+07,2.5568e+06,6.79999e+06,1.14773e+07,2.32825e+06,6.79999e+06,13.5742,8.52444,0.508366,16.8306,13.2585,0.162638,20.0035,17.569,0.0507846,23.2616,22.4214,0.0158319,26.7328,28.3297,0.00493498,30.5212,35.6974,0.00153831,34.7178,44.9473,0.000479527,39.4086,56.5822,0.000149456,44.6796,71.2245,4.66214e-05,50.6209,89.6543,1.45419e-05,57.3297,112.852,4.54748e-06,64.9129,142.051,1.43857e-06,73.4897,178.803,4.36618e-07,83.1934,225.062,1.40153e-07,94.1745,283.286,4.96378e-08,106.602,356.568,1.05434e-07,120.669,448.799,-6.49244e-08,136.59,564.873,1.70148e-07,154.611,710.948,-5.34594e-08,175.008,894.767,1.63407e-07,198.097,1126.06,8.04804e-08,224.231,1417.07,1.14667e-07,253.813,1783.15,-1.71227e-07,287.297,2243.62,-2.88466e-07,325.198,2822.67,-4.33651e-07,368.098,3550.67,7.9318e-08,416.657,4465.65,3.13319e-07,471.621,5615.16,3.4613e-07,533.835,7058.61,-1.19199e-07,604.255,8870.02,-2.79964e-07,683.962,11141.4,-2.30521e-07,774.182,13986.7,-2.55099e-07,876.299,17546.4,1.23585e-07,991.883,21993.1,1.41192e-07,1122.71,27536.7,-9.71886e-08,1270.78,34430.7,-3.68368e-07,1438.38,42977.7,-3.45379e-07,1628.07,53532.7,-3.25328e-09,1842.77,66504.6,2.6362e-07,2085.77,82350.2,2.53445e-07,2360.79,101560,-2.47407e-08,2672.05,124632,-3.80602e-07,3024.31,152018,-4.79005e-07,3422.98,184060,-1.14379e-07,3874.15,220884,2.64297e-07,4384.72,262283,3.44131e-07,4962.49,307576,7.5349e-08,5616.29,355497,-3.63097e-07,6356.1,404126,-6.05442e-07,7193.18,450932,-2.72333e-07,8140.28,492963,2.29675e-07,9211.79,527178,4.3387e-07,10424,550893,-1.0711e-07,10.102,8.06553,2.81012,10.6436,8.57909,0.869423,11.5336,10.2515,0.270869,12.7211,12.7138,0.0844293,14.1823,15.9373,0.0263173,15.9122,20.0383,0.0082035,17.9198,25.2154,0.00255722,20.2244,31.7373,0.000797017,22.8539,39.9486,0.000248622,25.8438,50.2851,7.75492e-05,29.237,63.2963,2.42508e-05,33.0837,79.6738,7.67162e-06,37.4415,100.288,2.32837e-06,42.3767,126.236,7.33e-07,47.9646,158.896,2.79256e-07,54.2906,200.003,9.87351e-09,61.452,251.741,1.61085e-07,69.5585,316.859,-2.47141e-07,78.7347,398.812,8.93552e-08,89.1218,501.948,-2.53231e-07,100.879,631.736,-1.25047e-07,114.188,795.049,-1.78808e-07,129.252,1000.53,2.6733e-07,146.304,1259.03,4.50292e-07,165.605,1584.19,6.76904e-07,187.452,1993.12,-1.23808e-07,212.181,2507.27,-4.89068e-07,240.173,3153.54,-5.40284e-07,271.856,3965.56,1.86061e-07,307.719,4985.38,4.37004e-07,348.313,6265.4,3.59828e-07,394.26,7870.83,3.98192e-07,446.268,9882.51,-1.92908e-07,505.135,12400.3,-2.20392e-07,571.766,15546.9,1.51705e-07,647.184,19472.2,5.74996e-07,732.547,24357.4,5.39112e-07,829.167,30420,5.07815e-09,938.526,37916.3,-4.11492e-07,1062.3,47143.9,-3.9561e-07,1202.4,58439.2,3.86185e-08,1360.96,72169.3,5.94093e-07,1540.42,88715.8,7.47693e-07,1743.53,108445,1.78537e-07,1973.41,131665,-4.12549e-07,2233.57,158557,-5.37164e-07,2528,189103,-1.17615e-07,2861.2,222986,5.66769e-07,3238.27,259510,9.45053e-07,3664.97,297540,4.25093e-07,4147.81,335497,-3.58506e-07,4694.17,371444,-6.7724e-07,5312.37,403256,1.67192e-07,1.61744,3.89446,9.84394,3.28846,7.5504,12.774,5.07607,11.7187,13.6844,7.03202,16.8147,13.9681,9.20215,23.1769,14.0566,11.6301,31.1672,14.0841,14.3598,41.2186,14.0927,17.4376,53.8688,14.0954,20.9137,69.7915,14.0962,24.8432,89.8341,14.0965,29.2879,115.063,14.0966,34.3168,146.819,14.0966,40.0078,186.792,14.0966,46.4487,237.107,14.0966,53.7388,300.44,14.0966,61.9903,380.158,14.0966,71.3301,480.499,14.0966,81.902,606.796,14.0966,93.8685,765.761,14.0966,107.414,965.837,14.0966,122.746,1217.65,14.0966,140.101,1534.57,14.0966,159.745,1933.41,14.0966,181.981,2435.3,14.0966,207.15,3066.85,14.0966,235.64,3861.46,14.0966,267.889,4861.11,14.0966,304.391,6118.54,14.0966,345.709,7699.91,14.0966,392.478,9688.22,14.0966,445.417,12187.5,14.0966,505.339,15327.7,14.0966,573.165,19271.6,14.0966,649.938,24222,14.0966,736.839,30430.9,14.0966,835.202,38211.5,14.0966,946.539,47950.3,14.0966,1072.56,60122.8,14.0966,1215.21,75309.9,14.0966,1376.66,94216.2,14.0966,1559.41,117688,14.0966,1766.26,146729,14.0966,2000.39,182510,14.0966,2265.39,226372,14.0966,2565.33,279806,14.0966,2904.81,344416,14.0966,3289.05,421845,14.0966,3723.93,513667,14.0966,4216.13,621231,14.0966,4773.18,745478,14.0966,5403.64,886744,14.0966,6117.15,1.04457e+06,14.0966,6924.63,1.2176e+06,14.0966,11.7194,11.96,12.6541,13.9321,16.1295,13.6434,16.6097,21.9702,13.9553,19.7532,29.5285,14.0526,23.3844,39.1143,14.0829,27.5423,51.2054,14.0923,32.2796,66.434,14.0953,37.662,85.6061,14.0962,43.7675,109.74,14.0965,50.687,140.119,14.0966,58.5249,178.359,14.0966,67.4005,226.493,14.0966,77.4493,287.08,14.0966,88.8254,363.343,14.0966,101.703,459.336,14.0966,116.281,580.161,14.0966,132.782,732.241,14.0966,151.46,923.655,14.0966,172.603,1164.57,14.0966,196.535,1467.79,14.0966,223.625,1849.39,14.0966,254.288,2329.62,14.0966,288.997,2933.93,14.0966,328.285,3694.33,14.0966,372.755,4651.04,14.0966,423.092,5854.57,14.0966,480.07,7368.38,14.0966,544.564,9272.08,14.0966,617.566,11665.5,14.0966,700.197,14673.6,14.0966,793.729,18452.9,14.0966,899.599,23198.6,14.0966,1019.43,29154.1,14.0966,1155.07,36622.3,14.0966,1308.6,45977.9,14.0966,1482.39,57683.7,14.0966,1679.09,72307.8,14.0966,1901.73,90542.8,14.0966,2153.73,113226,14.0966,2438.97,141360,14.0966,2761.81,176127,14.0966,3127.22,218898,14.0966,3540.81,271226,14.0966,4008.92,334817,14.0966,4538.74,411470,14.0966,5138.38,502973,14.0966,5817.04,610948,14.0966,6585.12,736653,14.0966,7454.39,880741,14.0966,8438.15,1.04302e+06,14.0966,9551.45,1.22224e+06,14.0966,10811.3,1.41602e+06,14.0966,12237,1.62086e+06,14.0966,11.7194,11.96,12.6541,2.21263,4.16949,0.989383,2.67766,5.84076,0.311842,3.14343,7.55825,0.0972771,3.63127,9.58578,0.0303237,4.15787,12.0912,0.00945211,4.73731,15.2286,0.00294633,5.38238,19.1721,0.000918508,6.10553,24.134,0.000286163,6.91951,30.3791,8.92692e-05,7.83792,38.2397,2.78121e-05,8.87555,48.1338,8.65134e-06,10.0489,60.5876,2.7882e-06,11.3761,76.2629,8.29036e-07,12.8779,95.9927,2.4373e-07,14.5775,120.825,4.33068e-09,16.5012,152.08,1.75749e-07,18.6784,191.415,-1.86328e-07,21.1428,240.917,1.91829e-07,23.9322,303.213,-1.81475e-07,27.0895,381.602,7.0186e-08,30.6634,480.231,-2.86769e-08,34.7087,604.316,2.40784e-07,39.2876,760.401,9.87368e-08,44.4705,956.705,1.22263e-07,50.3371,1203.54,-4.31966e-07,56.9776,1513.81,-1.9705e-07,64.494,1903.69,-2.763e-08,73.0018,2393.4,3.9185e-07,82.6317,3008.13,1.35379e-07,93.5318,3779.25,-4.16351e-08,105.869,4745.7,2.06965e-08,119.834,5955.6,-3.18887e-07,135.641,7468.12,-1.48271e-08,153.531,9355.62,2.00739e-07,173.781,11705.8,2.28358e-07,196.701,14624.1,-1.93587e-08,222.642,18235,-2.88101e-07,252.003,22683.4,-2.24732e-07,285.234,28134,8.56806e-09,322.845,34767,2.34258e-07,365.413,42770.9,2.99668e-07,413.588,52327.9,8.28644e-08,468.111,63591.2,-3.07049e-07,529.814,76653.2,-3.1888e-07,599.642,91502.5,-6.72276e-08,678.662,107975,2.26339e-07,768.083,125705,3.69212e-07,869.267,144088,2.04077e-07,983.76,162277,-2.80509e-07,1113.3,179223,-4.22737e-07,1259.87,193777,-1.71951e-07,1425.68,204839,4.55555e-07,11.7194,11.96,12.6541,2.21263,4.16949,0.989383,2.67766,5.84076,0.311842,3.14343,7.55825,0.0972771,3.63127,9.58578,0.0303237,4.15787,12.0912,0.00945211,4.73731,15.2286,0.00294633,5.38238,19.1721,0.000918508,6.10553,24.134,0.000286163,6.91951,30.3791,8.92692e-05,7.83792,38.2397,2.78121e-05,8.87555,48.1338,8.65134e-06,10.0489,60.5876,2.7882e-06,11.3761,76.2629,8.29036e-07,12.8779,95.9927,2.4373e-07,14.5775,120.825,1e-08,16.5012,152.08,1.75749e-07,18.6784,191.415,1e-08,21.1428,240.917,1.91829e-07,23.9322,303.213,1e-08,27.0895,381.602,7.0186e-08,30.6634,480.231,1e-08,34.7087,604.316,2.40784e-07,39.2876,760.401,9.87368e-08,44.4705,956.705,1.22263e-07,50.3371,1203.54,1e-08,56.9776,1513.81,1e-08,64.494,1903.69,1e-08,73.0018,2393.4,3.9185e-07,82.6317,3008.13,1.35379e-07,93.5318,3779.25,1e-08,105.869,4745.7,2.06965e-08,119.834,5955.6,1e-08,135.641,7468.12,1e-08,153.531,9355.62,2.00739e-07,173.781,11705.8,2.28358e-07,196.701,14624.1,1e-08,222.642,18235,1e-08,252.003,22683.4,1e-08,285.234,28134,1e-08,322.845,34767,2.34258e-07,365.413,42770.9,2.99668e-07,413.588,52327.9,8.28644e-08,468.111,63591.2,1e-08,529.814,76653.2,1e-08,599.642,91502.5,1e-08,678.662,107975,2.26339e-07,768.083,125705,3.69212e-07,869.267,144088,2.04077e-07,983.76,162277,1e-08,1113.3,179223,1e-08,1259.87,193777,1e-08,1425.68,204839,4.55555e-07,6.2823,3.27286,2.43537,0.219672,6.18826,2.24117,0.56371,6.87772,2.63624,0.308279,12,16,6,1,7,0,7,11,0,3,8,0,4,8,1,1,17,0,1,14,0,5,20,0,10,15,0,2,14,0,5,30,0,5,62,0,6,30,0,5,89,0,21,76,0,10,86,0,7,232,0,15,211,0,37,187,0,21,391,0,21,550,0,16,319,0,19,792,0,28,164,0,47,1061,0,25,1002,0,66,2265,0,69,1303,0,184,2577,0,119,1406,0,47,2039,0,87,3924,0,119,2001,0,164,8366,0,219,7961,0,269,10671,0,213,11892,0,338,35302,0,216,26961,0,549,39101,0,321,27796,0,329,28331,0,691,19906,0,456,41721,0,260,101591,0,481,198622,0,711,52976,0,824,184538,0,1289,130571,0,712,139327,0,1853,337854,0,1869,232577,0,783,215083,0
-1.05176e+08,1,8.88811e-15,10,1023,0,1.05176e+08,0.528882,1.08665,0.389689,0.145397,0.379329,3.24381,0.161596,0.446195,1.77396,0.159177,1.15e+07,4.49998e+06,6.79999e+06,1.15e+07,4.49997e+06,6.79999e+06,1.15e+07,4.49996e+06,6.79999e+06,1.15e+07,4.49995e+06,6.79999e+06,1.14999e+07,4.49993e+06,6.79999e+06,1.14999e+07,4.49991e+06,6.79999e+06,1.14999e+07,4.49989e+06,6.79999e+06,1.14999e+07,4.49986e+06,6.79999e+06,1.14999e+07,4.49982e+06,6.79999e+06,1.14999e+07,4.49977e+06,6.79999e+06,1.14999e+07,4.49971e+06,6.79999e+06,1.14999e+07,4.49963e+06,6.79999e+06,1.14998e+07,4.49953e+06,6.79999e+06,1.14998e+07,4.49941e+06,6.79999e+06,1.14998e+07,4.49926e+06,6.79999e+06,1.14998e+07,4.49906e+06,6.79999e+06,1.14997e+07,4.49882e+06,6.79999e+06,1.14997e+07,4.49851e+06,6.79999e+06,1.14997e+07,4.49812e+06,6.79999e+06,1.14996e+07,4.49764e+06,6.79999e+06,1.14996e+07,4.49702e+06,6.79999e+06,1.14995e+07,4.49625e+06,6.79999e+06,1.14995e+07,4.49528e+06,6.79999e+06,1.14994e+07,4.49406e+06,6.79999e+06,1.14993e+07,4.49253e+06,6.79999e+06,1.14992e+07,4.49059e+06,6.79999e+06,1.14991e+07,4.48817e+06,6.79999e+06,1.1499e+07,4.48511e+06,6.79999e+06,1.14988e+07,4.48128e+06,6.79999e+06,1.14987e+07,4.47646e+06,6.79999e+06,1.14985e+07,4.47041e+06,6.79999e+06,1.14983e+07,4.46281e+06,6.79999e+06,1.14981e+07,4.4533e+06,6.79999e+06,1.14979e+07,4.44138e+06,6.79999e+06,1.14976e+07,4.42649e+06,6.79999e+06,1.14972e+07,4.40789e+06,6.79999e+06,1.14969e+07,4.38471e+06,6.79999e+06,1.14965e+07,4.35592e+06,6.79999e+06,1.1496e+07,4.32027e+06,6.79999e+06,1.14955e+07,4.27629e+06,6.79999e+06,1.14949e+07,4.22231e+06,6.79999e+06,1.14942e+07,4.15647e+06,6.79999e+06,1.14934e+07,4.07676e+06,6.79999e+06,1.14926e+07,3.98112e+06,6.79999e+06,1.14916e+07,3.86765e+06,6.79999e+06,1.14905e+07,3.73474e+06,6.79999e+06,1.14892e+07,3.58148e+06,6.79999e+06,1.14878e+07,3.40785e+06,6.79999e+06,1.14862e+07,3.21513e+06,6.79999e+06,1.14844e+07,3.00605e+06,6.79999e+06,1.14823e+07,2.7848e+06,6.79999e+06,1.148e+07,2.5568e+06,6.79999e+06,1.14773e+07,2.32825e+06,6.79999e+06,13.5742,8.52444,0.508366,16.8306,13.2585,0.162638,20.0035,17.569,0.0507846,23.2616,22.4214,0.0158319,26.7328,28.3297,0.00493498,30.5212,35.6974,0.00153831,34.7178,44.9473,0.000479527,39.4086,56.5822,0.000149456,44.6796,71.2245,4.66214e-05,50.6209,89.6543,1.45419e-05,57.3297,112.852,4.54748e-06,64.9129,142.051,1.43857e-06,73.4897,178.803,4.36618e-07,83.1934,225.062,1.40153e-07,94.1745,283.286,4.96378e-08,106.602,356.568,1.05434e-07,120.669,448.799,-6.49244e-08,136.59,564.873,1.70148e-07,154.611,710.948,-5.34594e-08,175.008,894.767,1.63407e-07,198.097,1126.06,8.04804e-08,224.231,1417.07,1.14667e-07,253.813,1783.15,-1.71227e-07,287.297,2243.62,-2.88466e-07,325.198,2822.67,-4.33651e-07,368.098,3550.67,7.9318e-08,416.657,4465.65,3.13319e-07,471.621,5615.16,3.4613e-07,533.835,7058.61,-1.19199e-07,604.255,8870.02,-2.79964e-07,683.962,11141.4,-2.30521e-07,774.182,13986.7,-2.55099e-07,876.299,17546.4,1.23585e-07,991.883,21993.1,1.41192e-07,1122.71,27536.7,-9.71886e-08,1270.78,34430.7,-3.68368e-07,1438.38,42977.7,-3.45379e-07,1628.07,53532.7,-3.25328e-09,1842.77,66504.6,2.6362e-07,2085.77,82350.2,2.53445e-07,2360.79,101560,-2.47407e-08,2672.05,124632,-3.80602e-07,3024.31,152018,-4.79005e-07,3422.98,184060,-1.14379e-07,3874.15,220884,2.64297e-07,4384.72,262283,3.44131e-07,4962.49,307576,7.5349e-08,5616.29,355497,-3.63097e-07,6356.1,404126,-6.05442e-07,7193.18,450932,-2.72333e-07,8140.28,492963,2.29675e-07,9211.79,527178,4.3387e-07,10424,550893,-1.0711e-07,10.102,8.06553,2.81012,10.6436,8.57909,0.869423,11.5336,10.2515,0.270869,12.7211,12.7138,0.0844293,14.1823,15.9373,0.0263173,15.9122,20.0383,0.0082035,17.9198,25.2154,0.00255722,20.2244,31.7373,0.000797017,22.8539,39.9486,0.000248622,25.8438,50.2851,7.75492e-05,29.237,63.2963,2.42508e-05,33.0837,79.6738,7.67162e-06,37.4415,100.288,2.32837e-06,42.3767,126.236,7.33e-07,47.9646,158.896,2.79256e-07,54.2906,200.003,9.87351e-09,61.452,251.741,1.61085e-07,69.5585,316.859,-2.47141e-07,78.7347,398.812,8.93552e-08,89.1218,501.948,-2.53231e-07,100.879,631.736,-1.25047e-07,114.188,795.049,-1.78808e-07,129.252,1000.53,2.6733e-07,146.304,1259.03,4.50292e-07,165.605,1584.19,6.76904e-07,187.452,1993.12,-1.23808e-07,212.181,2507.27,-4.89068e-07,240.173,3153.54,-5.40284e-07,271.856,3965.56,1.86061e-07,307.719,4985.38,4.37004e-07,348.313,6265.4,3.59828e-07,394.26,7870.83,3.98192e-07,446.268,9882.51,-1.92908e-07,505.135,12400.3,-2.20392e-07,571.766,15546.9,1.51705e-07,647.184,19472.2,5.74996e-07,732.547,24357.4,5.39112e-07,829.167,30420,5.07815e-09,938.526,37916.3,-4.11492e-07,1062.3,47143.9,-3.9561e-07,1202.4,58439.2,3.86185e-08,1360.96,72169.3,5.94093e-07,1540.42,88715.8,7.47693e-07,1743.53,108445,1.78537e-07,1973.41,131665,-4.12549e-07,2233.57,158557,-5.37164e-07,2528,189103,-1.17615e-07,2861.2,222986,5.66769e-07,3238.27,259510,9.45053e-07,3664.97,297540,4.25093e-07,4147.81,335497,-3.58506e-07,4694.17,371444,-6.7724e-07,5312.37,403256,1.67192e-07,1.61744,3.89446,9.84394,3.28846,7.5504,12.774,5.07607,11.7187,13.6844,7.03202,16.8147,13.9681,9.20215,23.1769,14.0566,11.6301,31.1672,14.0841,14.3598,41.2186,14.0927,17.4376,53.8688,14.0954,20.9137,69.7915,14.0962,24.8432,89.8341,14.0965,29.2879,115.063,14.0966,34.3168,146.819,14.0966,40.0078,186.792,14.0966,46.4487,237.107,14.0966,53.7388,300.44,14.0966,61.9903,380.158,14.0966,71.3301,480.499,14.0966,81.902,606.796,14.0966,93.8685,765.761,14.0966,107.414,965.837,14.0966,122.746,1217.65,14.0966,140.101,1534.57,14.0966,159.745,1933.41,14.0966,181.981,2435.3,14.0966,207.15,3066.85,14.0966,235.64,3861.46,14.0966,267.889,4861.11,14.0966,304.391,6118.54,14.0966,345.709,7699.91,14.0966,392.478,9688.22,14.0966,445.417,12187.5,14.0966,505.339,15327.7,14.0966,573.165,19271.6,14.0966,649.938,24222,14.0966,736.839,30430.9,14.0966,835.202,38211.5,14.0966,946.539,47950.3,14.0966,1072.56,60122.8,14.0966,1215.21,75309.9,14.0966,1376.66,94216.2,14.0966,1559.41,117688,14.0966,1766.26,146729,14.0966,2000.39,182510,14.0966,2265.39,226372,14.0966,2565.33,279806,14.0966,2904.81,344416,14.0966,3289.05,421845,14.0966,3723.93,513667,14.0966,4216.13,621231,14.0966,4773.18,745478,14.0966,5403.64,886744,14.0966,6117.15,1.04457e+06,14.0966,6924.63,1.2176e+06,14.0966,11.7194,11.96,12.6541,13.9321,16.1295,13.6434,16.6097,21.9702,13.9553,19.7532,29.5285,14.0526,23.3844,39.1143,14.0829,27.5423,51.2054,14.0923,32.2796,66.434,14.0953,37.662,85.6061,14.0962,43.7675,109.74,14.0965,50.687,140.119,14.0966,58.5249,178.359,14.0966,67.4005,226.493,14.0966,77.4493,287.08,14.0966,88.8254,363.343,14.0966,101.703,459.336,14.0966,116.281,580.161,14.0966,132.782,732.241,14.0966,151.46,923.655,14.0966,172.603,1164.57,14.0966,196.535,1467.79,14.0966,223.625,1849.39,14.0966,254.288,2329.62,14.0966,288.997,2933.93,14.0966,328.285,3694.33,14.0966,372.755,4651.04,14.0966,423.092,5854.57,14.0966,480.07,7368.38,14.0966,544.564,9272.08,14.0966,617.566,11665.5,14.0966,700.197,14673.6,14.0966,793.729,18452.9,14.0966,899.599,23198.6,14.0966,1019.43,29154.1,14.0966,1155.07,36622.3,14.0966,1308.6,45977.9,14.0966,1482.39,57683.7,14.0966,1679.09,72307.8,14.0966,1901.73,90542.8,14.0966,2153.73,113226,14.0966,2438.97,141360,14.0966,2761.81,176127,14.0966,3127.22,218898,14.0966,3540.81,271226,14.0966,4008.92,334817,14.0966,4538.74,411470,14.0966,5138.38,502973,14.0966,5817.04,610948,14.0966,6585.12,736653,14.0966,7454.39,880741,14.0966,8438.15,1.04302e+06,14.0966,9551.45,1.22224e+06,14.0966,10811.3,1.41602e+06,14.0966,12237,1.62086e+06,14.0966,11.7194,11.96,12.6541,2.21263,4.16949,0.989383,2.67766,5.84076,0.311842,3.14343,7.55825,0.0972771,3.63127,9.58578,0.0303237,4.15787,12.0912,0.00945211,4.73731,15.2286,0.00294633,5.38238,19.1721,0.000918508,6.10553,24.134,0.000286163,6.91951,30.3791,8.92692e-05,7.83792,38.2397,2.78121e-05,8.87555,48.1338,8.65134e-06,10.0489,60.5876,2.7882e-06,11.3761,76.2629,8.29036e-07,12.8779,95.9927,2.4373e-07,14.5775,120.825,4.33068e-09,16.5012,152.08,1.75749e-07,18.6784,191.415,-1.86328e-07,21.1428,240.917,1.91829e-07,23.9322,303.213,-1.81475e-07,27.0895,381.602,7.0186e-08,30.6634,480.231,-2.86769e-08,34.7087,604.316,2.40784e-07,39.2876,760.401,9.87368e-08,44.4705,956.705,1.22263e-07,50.3371,1203.54,-4.31966e-07,56.9776,1513.81,-1.9705e-07,64.494,1903.69,-2.763e-08,73.0018,2393.4,3.9185e-07,82.6317,3008.13,1.35379e-07,93.5318,3779.25,-4.16351e-08,105.869,4745.7,2.06965e-08,119.834,5955.6,-3.18887e-07,135.641,7468.12,-1.48271e-08,153.531,9355.62,2.00739e-07,173.781,11705.8,2.28358e-07,196.701,14624.1,-1.93587e-08,222.642,18235,-2.88101e-07,252.003,22683.4,-2.24732e-07,285.234,28134,8.56806e-09,322.845,34767,2.34258e-07,365.413,42770.9,2.99668e-07,413.588,52327.9,8.28644e-08,468.111,63591.2,-3.07049e-07,529.814,76653.2,-3.1888e-07,599.642,91502.5,-6.72276e-08,678.662,107975,2.26339e-07,768.083,125705,3.69212e-07,869.267,144088,2.04077e-07,983.76,162277,-2.80509e-07,1113.3,179223,-4.22737e-07,1259.87,193777,-1.71951e-07,1425.68,204839,4.55555e-07,11.7194,11.96,12.6541,2.21263,4.16949,0.989383,2.67766,5.84076,0.311842,3.14343,7.55825,0.0972771,3.63127,9.58578,0.0303237,4.15787,12.0912,0.00945211,4.73731,15.2286,0.00294633,5.38238,19.1721,0.000918508,6.10553,24.134,0.000286163,6.91951,30.3791,8.92692e-05,7.83792,38.2397,2.78121e-05,8.87555,48.1338,8.65134e-06,10.0489,60.5876,2.7882e-06,11.3761,76.2629,8.29036e-07,12.8779,95.9927,2.4373e-07,14.5775,120.825,1e-08,16.5012,152.08,1.75749e-07,18.6784,191.415,1e-08,21.1428,240.917,1.91829e-07,23.9322,303.213,1e-08,27.0895,381.602,7.0186e-08,30.6634,480.231,1e-08,34.7087,604.316,2.40784e-07,39.2876,760.401,9.87368e-08,44.4705,956.705,1.22263e-07,50.3371,1203.54,1e-08,56.9776,1513.81,1e-08,64.494,1903.69,1e-08,73.0018,2393.4,3.9185e-07,82.6317,3008.13,1.35379e-07,93.5318,3779.25,1e-08,105.869,4745.7,2.06965e-08,119.834,5955.6,1e-08,135.641,7468.12,1e-08,153.531,9355.62,2.00739e-07,173.781,11705.8,2.28358e-07,196.701,14624.1,1e-08,222.642,18235,1e-08,252.003,22683.4,1e-08,285.234,28134,1e-08,322.845,34767,2.34258e-07,365.413,42770.9,2.99668e-07,413.588,52327.9,8.28644e-08,468.111,63591.2,1e-08,529.814,76653.2,1e-08,599.642,91502.5,1e-08,678.662,107975,2.26339e-07,768.083,125705,3.69212e-07,869.267,144088,2.04077e-07,983.76,162277,1e-08,1113.3,179223,1e-08,1259.87,193777,1e-08,1425.68,204839,4.55555e-07,6.2823,3.27286,2.43537,0.219672,6.18826,2.24117,0.56371,6.87772,2.63624,0.308279,10,5,5,5,5,1,4,6,0,3,6,0,6,5,0,0,16,0,12,9,0,5,15,0,7,27,0,8,7,0,8,31,0,2,93,0,8,86,0,13,42,0,2,107,0,18,92,0,8,206,0,15,144,0,17,259,0,46,182,0,26,157,0,23,388,0,47,224,0,35,996,0,52,431,0,100,577,0,69,1735,0,32,3109,0,85,1895,0,36,3586,0,122,7003,0,67,7449,0,83,2683,0,208,8681,0,165,8150,0,134,10214,0,341,22668,0,194,13354,0,365,13670,0,173,40040,0,456,62258,0,671,37432,0,739,52913,0,545,84004,0,486,96345,0,543,83778,0,529,164886,0,591,112454,0,620,123305,0,1686,357055,0,1059,103685,0,792,215631,0,699,155519,0
-1.05176e+08,8.09535e-47,8.88811e-15,10,1023,0,1.05176e+08,0.528882,1.08665,0.389689,0.145397,0.379329,3.24381,0.161596,0.446195,1.77396,0.159177,1.15e+07,4.49998e+06,6.79999e+06,1.15e+07,4.49997e+06,6.79999e+06,1.15e+07,4.49996e+06,6.79999e+06,1.15e+07,4.49995e+06,6.79999e+06,1.14999e+07,4.49993e+06,6.79999e+06,1.14999e+07,4.49991e+06,6.79999e+06,1.14999e+07,4.49989e+06,6.79999e+06,1.14999e+07,4.49986e+06,6.79999e+06,1.14999e+07,4.49982e+06,6.79999e+06,1.14999e+07,4.49977e+06,6.79999e+06,1.14999e+07,4.49971e+06,6.79999e+06,1.14999e+07,4.49963e+06,6.79999e+06,1.14998e+07,4.49953e+06,6.79999e+06,1.14998e+07,4.49941e+06,6.79999e+06,1.14998e+07,4.49926e+06,6.79999e+06,1.14998e+07,4.49906e+06,6.79999e+06,1.14997e+07,4.49882e+06,6.79999e+06,1.14997e+07,4.49851e+06,6.79999e+06,1.14997e+07,4.49812e+06,6.79999e+06,1.14996e+07,4.49764e+06,6.79999e+06,1.14996e+07,4.49702e+06,6.79999e+06,1.14995e+07,4.49625e+06,6.79999e+06,1.14995e+07,4.49528e+06,6.79999e+06,1.14994e+07,4.49406e+06,6.79999e+06,1.14993e+07,4.49253e+06,6.79999e+06,1.14992e+07,4.49059e+06,6.79999e+06,1.14991e+07,4.48817e+06,6.79999e+06,1.1499e+07,4.48511e+06,6.79999e+06,1.14988e+07,4.48128e+06,6.79999e+06,1.14987e+07,4.47646e+06,6.79999e+06,1.14985e+07,4.47041e+06,6.79999e+06,1.14983e+07,4.46281e+06,6.79999e+06,1.14981e+07,4.4533e+06,6.79999e+06,1.14979e+07,4.44138e+06,6.79999e+06,1.14976e+07,4.42649e+06,6.79999e+06,1.14972e+07,4.40789e+06,6.79999e+06,1.14969e+07,4.38471e+06,6.79999e+06,1.14965e+07,4.35592e+06,6.79999e+06,1.1496e+07,4.32027e+06,6.79999e+06,1.14955e+07,4.27629e+06,6.79999e+06,1.14949e+07,4.22231e+06,6.79999e+06,1.14942e+07,4.15647e+06,6.79999e+06,1.14934e+07,4.07676e+06,6.79999e+06,1.14926e+07,3.98112e+06,6.79999e+06,1.14916e+07,3.86765e+06,6.79999e+06,1.14905e+07,3.73474e+06,6.79999e+06,1.14892e+07,3.58148e+06,6.79999e+06,1.14878e+07,3.40785e+06,6.79999e+06,1.14862e+07,3.21513e+06,6.79999e+06,1.14844e+07,3.00605e+06,6.79999e+06,1.14823e+07,2.7848e+06,6.79999e+06,1.148e+07,2.5568e+06,6.79999e+06,1.14773e+07,2.32825e+06,6.79999e+06,13.5742,8.52444,0.508366,16.8306,13.2585,0.162638,20.0035,17.569,0.0507846,23.2616,22.4214,0.0158319,26.7328,28.3297,0.00493498,30.5212,35.6974,0.00153831,34.7178,44.9473,0.000479527,39.4086,56.5822,0.000149456,44.6796,71.2245,4.66214e-05,50.6209,89.6543,1.45419e-05,57.3297,112.852,4.54748e-06,64.9129,142.051,1.43857e-06,73.4897,178.803,4.36618e-07,83.1934,225.062,1.40153e-07,94.1745,283.286,4.96378e-08,106.602,356.568,1.05434e-07,120.669,448.799,-6.49244e-08,136.59,564.873,1.70148e-07,154.611,710.948,-5.34594e-08,175.008,894.767,1.63407e-07,198.097,1126.06,8.04804e-08,224.231,1417.07,1.14667e-07,253.813,1783.15,-1.71227e-07,287.297,2243.62,-2.88466e-07,325.198,2822.67,-4.33651e-07,368.098,3550.67,7.9318e-08,416.657,4465.65,3.13319e-07,471.621,5615.16,3.4613e-07,533.835,7058.61,-1.19199e-07,604.255,8870.02,-2.79964e-07,683.962,11141.4,-2.30521e-07,774.182,13986.7,-2.55099e-07,876.299,17546.4,1.23585e-07,991.883,21993.1,1.41192e-07,1122.71,27536.7,-9.71886e-08,1270.78,34430.7,-3.68368e-07,1438.38,42977.7,-3.45379e-07,1628.07,53532.7,-3.25328e-09,1842.77,66504.6,2.6362e-07,2085.77,82350.2,2.53445e-07,2360.79,101560,-2.47407e-08,2672.05,124632,-3.80602e-07,3024.31,152018,-4.79005e-07,3422.98,184060,-1.14379e-07,3874.15,220884,2.64297e-07,4384.72,262283,3.44131e-07,4962.49,307576,7.5349e-08,5616.29,355497,-3.63097e-07,6356.1,404126,-6.05442e-07,7193.18,450932,-2.72333e-07,8140.28,492963,2.29675e-07,9211.79,527178,4.3387e-07,10424,550893,-1.0711e-07,10.102,8.06553,2.81012,10.6436,8.57909,0.869423,11.5336,10.2515,0.270869,12.7211,12.7138,0.0844293,14.1823,15.9373,0.0263173,15.9122,20.0383,0.0082035,17.9198,25.2154,0.00255722,20.2244,31.7373,0.000797017,22.8539,39.9486,0.000248622,25.8438,50.2851,7.75492e-05,29.237,63.2963,2.42508e-05,33.0837,79.6738,7.67162e-06,37.4415,100.288,2.32837e-06,42.3767,126.236,7.33e-07,47.9646,158.896,2.79256e-07,54.2906,200.003,9.87351e-09,61.452,251.741,1.61085e-07,69.5585,316.859,-2.47141e-07,78.7347,398.812,8.93552e-08,89.1218,501.948,-2.53231e-07,100.879,631.736,-1.25047e-07,114.188,795.049,-1.78808e-07,129.252,1000.53,2.6733e-07,146.304,1259.03,4.50292e-07,165.605,1584.19,6.76904e-07,187.452,1993.12,-1.23808e-07,212.181,2507.27,-4.89068e-07,240.173,3153.54,-5.40284e-07,271.856,3965.56,1.86061e-07,307.719,4985.38,4.37004e-07,348.313,6265.4,3.59828e-07,394.26,7870.83,3.98192e-07,446.268,9882.51,-1.92908e-07,505.135,12400.3,-2.20392e-07,571.766,15546.9,1.51705e-07,647.184,19472.2,5.74996e-07,732.547,24357.4,5.39112e-07,829.167,30420,5.07815e-09,938.526,37916.3,-4.11492e-07,1062.3,47143.9,-3.9561e-07,1202.4,58439.2,3.86185e-08,1360.96,72169.3,5.94093e-07,1540.42,88715.8,7.47693e-07,1743.53,108445,1.78537e-07,1973.41,131665,-4.12549e-07,2233.57,158557,-5.37164e-07,2528,189103,-1.17615e-07,2861.2,222986,5.66769e-07,3238.27,259510,9.45053e-07,3664.97,297540,4.25093e-07,4147.81,335497,-3.58506e-07,4694.17,371444,-6.7724e-07,5312.37,403256,1.67192e-07,1.61744,3.89446,9.84394,3.28846,7.5504,12.774,5.07607,11.7187,13.6844,7.03202,16.8147,13.9681,9.20215,23.1769,14.0566,11.6301,31.1672,14.0841,14.3598,41.2186,14.0927,17.4376,53.8688,14.0954,20.9137,69.7915,14.0962,24.8432,89.8341,14.0965,29.2879,115.063,14.0966,34.3168,146.819,14.0966,40.0078,186.792,14.0966,46.4487,237.107,14.0966,53.7388,300.44,14.0966,61.9903,380.158,14.0966,71.3301,480.499,14.0966,81.902,606.796,14.0966,93.8685,765.761,14.0966,107.414,965.837,14.0966,122.746,1217.65,14.0966,140.101,1534.57,14.0966,159.745,1933.41,14.0966,181.981,2435.3,14.0966,207.15,3066.85,14.0966,235.64,3861.46,14.0966,267.889,4861.11,14.0966,304.391,6118.54,14.0966,345.709,7699.91,14.0966,392.478,9688.22,14.0966,445.417,12187.5,14.0966,505.339,15327.7,14.0966,573.165,19271.6,14.0966,649.938,24222,14.0966,736.839,30430.9,14.0966,835.202,38211.5,14.0966,946.539,47950.3,14.0966,1072.56,60122.8,14.0966,1215.21,75309.9,14.0966,1376.66,94216.2,14.0966,1559.41,117688,14.0966,1766.26,146729,14.0966,2000.39,182510,14.0966,2265.39,226372,14.0966,2565.33,279806,14.0966,2904.81,344416,14.0966,3289.05,421845,14.0966,3723.93,513667,14.0966,4216.13,621231,14.0966,4773.18,745478,14.0966,5403.64,886744,14.0966,6117.15,1.04457e+06,14.0966,6924.63,1.2176e+06,14.0966,11.7194,11.96,12.6541,13.9321,16.1295,13.6434,16.6097,21.9702,13.9553,19.7532,29.5285,14.0526,23.3844,39.1143,14.0829,27.5423,51.2054,14.0923,32.2796,66.434,14.0953,37.662,85.6061,14.0962,43.7675,109.74,14.0965,50.687,140.119,14.0966,58.5249,178.359,14.0966,67.4005,226.493,14.0966,77.4493,287.08,14.0966,88.8254,363.343,14.0966,101.703,459.336,14.0966,116.281,580.161,14.0966,132.782,732.241,14.0966,151.46,923.655,14.0966,172.603,1164.57,14.0966,196.535,1467.79,14.0966,223.625,1849.39,14.0966,254.288,2329.62,14.0966,288.997,2933.93,14.0966,328.285,3694.33,14.0966,372.755,4651.04,14.0966,423.092,5854.57,14.0966,480.07,7368.38,14.0966,544.564,9272.08,14.0966,617.566,11665.5,14.0966,700.197,14673.6,14.0966,793.729,18452.9,14.0966,899.599,23198.6,14.0966,1019.43,29154.1,14.0966,1155.07,36622.3,14.0966,1308.6,45977.9,14.0966,1482.39,57683.7,14.0966,1679.09,72307.8,14.0966,1901.73,90542.8,14.0966,2153.73,113226,14.0966,2438.97,141360,14.0966,2761.81,176127,14.0966,3127.22,218898,14.0966,3540.81,271226,14.0966,4008.92,334817,14.0966,4538.74,411470,14.0966,5138.38,502973,14.0966,5817.04,610948,14.0966,6585.12,736653,14.0966,7454.39,880741,14.0966,8438.15,1.04302e+06,14.0966,9551.45,1.22224e+06,14.0966,10811.3,1.41602e+06,14.0966,12237,1.62086e+06,14.0966,11.7194,11.96,12.6541,2.21263,4.16949,0.989383,2.67766,5.84076,0.311842,3.14343,7.55825,0.0972771,3.63127,9.58578,0.0303237,4.15787,12.0912,0.00945211,4.73731,15.2286,0.00294633,5.38238,19.1721,0.000918508,6.10553,24.134,0.000286163,6.91951,30.3791,8.92692e-05,7.83792,38.2397,2.78121e-05,8.87555,48.1338,8.65134e-06,10.0489,60.5876,2.7882e-06,11.3761,76.2629,8.29036e-07,12.8779,95.9927,2.4373e-07,14.5775,120.825,4.33068e-09,16.5012,152.08,1.75749e-07,18.6784,191.415,-1.86328e-07,21.1428,240.917,1.91829e-07,23.9322,303.213,-1.81475e-07,27.0895,381.602,7.0186e-08,30.6634,480.231,-2.86769e-08,34.7087,604.316,2.40784e-07,39.2876,760.401,9.87368e-08,44.4705,956.705,1.22263e-07,50.3371,1203.54,-4.31966e-07,56.9776,1513.81,-1.9705e-07,64.494,1903.69,-2.763e-08,73.0018,2393.4,3.9185e-07,82.6317,3008.13,1.35379e-07,93.5318,3779.25,-4.16351e-08,105.869,4745.7,2.06965e-08,119.834,5955.6,-3.18887e-07,135.641,7468.12,-1.48271e-08,153.531,9355.62,2.00739e-07,173.781,11705.8,2.28358e-07,196.701,14624.1,-1.93587e-08,222.642,18235,-2.88101e-07,252.003,22683.4,-2.24732e-07,285.234,28134,8.56806e-09,322.845,34767,2.34258e-07,365.413,42770.9,2.99668e-07,413.588,52327.9,8.28644e-08,468.111,63591.2,-3.07049e-07,529.814,76653.2,-3.1888e-07,599.642,91502.5,-6.72276e-08,678.662,107975,2.26339e-07,768.083,125705,3.69212e-07,869.267,144088,2.04077e-07,983.76,162277,-2.80509e-07,1113.3,179223,-4.22737e-07,1259.87,193777,-1.71951e-07,1425.68,204839,4.55555e-07,11.7194,11.96,12.6541,2.21263,4.16949,0.989383,2.67766,5.84076,0.311842,3.14343,7.55825,0.0972771,3.63127,9.58578,0.0303237,4.15787,12.0912,0.00945211,4.73731,15.2286,0.00294633,5.38238,19.1721,0.000918508,6.10553,24.134,0.000286163,6.91951,30.3791,8.92692e-05,7.83792,38.2397,2.78121e-05,8.87555,48.1338,8.65134e-06,10.0489,60.5876,2.7882e-06,11.3761,76.2629,8.29036e-07,12.8779,95.9927,2.4373e-07,14.5775,120.825,1e-08,16.5012,152.08,1.75749e-07,18.6784,191.415,1e-08,21.1428,240.917,1.91829e-07,23.9322,303.213,1e-08,27.0895,381.602,7.0186e-08,30.6634,480.231,1e-08,34.7087,604.316,2.40784e-07,39.2876,760.401,9.87368e-08,44.4705,956.705,1.22263e-07,50.3371,1203.54,1e-08,56.9776,1513.81,1e-08,64.494,1903.69,1e-08,73.0018,2393.4,3.9185e-07,82.6317,3008.13,1.35379e-07,93.5318,3779.25,1e-08,105.869,4745.7,2.06965e-08,119.834,5955.6,1e-08,135.641,7468.12,1e-08,153.531,9355.62,2.00739e-07,173.781,11705.8,2.28358e-07,196.701,14624.1,1e-08,222.642,18235,1e-08,252.003,22683.4,1e-08,285.234,28134,1e-08,322.845,34767,2.34258e-07,365.413,42770.9,2.99668e-07,413.588,52327.9,8.28644e-08,468.111,63591.2,1e-08,529.814,76653.2,1e-08,599.642,91502.5,1e-08,678.662,107975,2.26339e-07,768.083,125705,3.69212e-07,869.267,144088,2.04077e-07,983.76,162277,1e-08,1113.3,179223,1e-08,1259.87,193777,1e-08,1425.68,204839,4.55555e-07,6.2823,3.27286,2.43537,0.219672,6.18826,2.24117,0.56371,6.87772,2.63624,0.308279,7,10,20,5,9,0,6,9,1,4,5,0,2,7,0,7,16,0,6,9,0,7,19,0,3,24,0,4,21,0,8,72,0,4,32,0,8,52,0,12,99,0,15,108,0,13,108,0,20,100,0,27,137,0,25,297,0,35,320,0,16,206,0,35,600,0,30,303,0,26,646,0,41,1071,0,40,790,0,39,2777,0,25,2332,0,87,3091,0,145,3445,0,102,4820,0,139,4926,0,43,5572,0,129,7544,0,153,10526,0,110,12020,0,155,16122,0,172,13040,0,208,41540,0,285,5995,0,303,66055,0,845,19842,0,308,71683,0,230,123806,0,430,74125,0,818,78533,0,1309,99548,0,1287,156802,0,589,59671,0,628,197981,0,905,244059,0,1886,273722,0,1159,200037,0
-1.05176e+08,1,8.88811e-15,10,1023,0,1.05176e+08,0.528882,1.08665,0.389689,0.145397,0.379329,3.24381,0.161596,0.446195,1.77396,0.159177,1.15e+07,4.49998e+06,6.79999e+06,1.15e+07,4.49997e+06,6.79999e+06,1.15e+07,4.49996e+06,6.79999e+06,1.15e+07,4.49995e+06,6.79999e+06,1.14999e+07,4.49993e+06,6.79999e+06,1.14999e+07,4.49991e+06,6.79999e+06,1.14999e+07,4.49989e+06,6.79999e+06,1.14999e+07,4.49986e+06,6.79999e+06,1.14999e+07,4.49982e+06,6.79999e+06,1.14999e+07,4.49977e+06,6.79999e+06,1.14999e+07,4.49971e+06,6.79999e+06,1.14999e+07,4.49963e+06,6.79999e+06,1.14998e+07,4.49953e+06,6.79999e+06,1.14998e+07,4.49941e+06,6.79999e+06,1.14998e+07,4.49926e+06,6.79999e+06,1.14998e+07,4.49906e+06,6.79999e+06,1.14997e+07,4.49882e+06,6.79999e+06,1.14997e+07,4.49851e+06,6.79999e+06,1.14997e+07,4.49812e+06,6.79999e+06,1.14996e+07,4.49764e+06,6.79999e+06,1.14996e+07,4.49702e+06,6.79999e+06,1.14995e+07,4.49625e+06,6.79999e+06,1.14995e+07,4.49528e+06,6.79999e+06,1.14994e+07,4.49406e+06,6.79999e+06,1.14993e+07,4.49253e+06,6.79999e+06,1.14992e+07,4.49059e+06,6.79999e+06,1.14991e+07,4.48817e+06,6.79999e+06,1.1499e+07,4.48511e+06,6.79999e+06,1.14988e+07,4.48128e+06,6.79999e+06,1.14987e+07,4.47646e+06,6.79999e+06,1.14985e+07,4.47041e+06,6.79999e+06,1.14983e+07,4.46281e+06,6.79999e+06,1.14981e+07,4.4533e+06,6.79999e+06,1.14979e+07,4.44138e+06,6.79999e+06,1.14976e+07,4.42649e+06,6.79999e+06,1.14972e+07,4.40789e+06,6.79999e+06,1.14969e+07,4.38471e+06,6.79999e+06,1.14965e+07,4.35592e+06,6.79999e+06,1.1496e+07,4.32027e+06,6.79999e+06,1.14955e+07,4.27629e+06,6.79999e+06,1.14949e+07,4.22231e+06,6.79999e+06,1.14942e+07,4.15647e+06,6.79999e+06,1.14934e+07,4.07676e+06,6.79999e+06,1.14926e+07,3.98112e+06,6.79999e+06,1.14916e+07,3.86765e+06,6.79999e+06,1.14905e+07,3.73474e+06,6.79999e+06,1.14892e+07,3.58148e+06,6.79999e+06,1.14878e+07,3.40785e+06,6.79999e+06,1.14862e+07,3.21513e+06,6.79999e+06,1.14844e+07,3.00605e+06,6.79999e+06,1.14823e+07,2.7848e+06,6.79999e+06,1.148e+07,2.5568e+06,6.79999e+06,1.14773e+07,2.32825e+06,6.79999e+06,13.5742,8.52444,0.508366,16.8306,13.2585,0.162638,20.0035,17.569,0.0507846,23.2616,22.4214,0.0158319,26.7328,28.3297,0.00493498,30.5212,35.6974,0.00153831,34.7178,44.9473,0.000479527,39.4086,56.5822,0.000149456,44.6796,71.2245,4.66214e-05,50.6209,89.6543,1.45419e-05,57.3297,112.852,4.54748e-06,64.9129,142.051,1.43857e-06,73.4897,178.803,4.36618e-07,83.1934,225.062,1.40153e-07,94.1745,283.286,4.96378e-08,106.602,356.568,1.05434e-07,120.669,448.799,-6.49244e-08,136.59,564.873,1.70148e-07,154.611,710.948,-5.34594e-08,175.008,894.767,1.63407e-07,198.097,1126.06,8.04804e-08,224.231,1417.07,1.14667e-07,253.813,1783.15,-1.71227e-07,287.297,2243.62,-2.88466e-07,325.198,2822.67,-4.33651e-07,368.098,3550.67,7.9318e-08,416.657,4465.65,3.13319e-07,471.621,5615.16,3.4613e-07,533.835,7058.61,-1.19199e-07,604.255,8870.02,-2.79964e-07,683.962,11141.4,-2.30521e-07,774.182,13986.7,-2.55099e-07,876.299,17546.4,1.23585e-07,991.883,21993.1,1.41192e-07,1122.71,27536.7,-9.71886e-08,1270.78,34430.7,-3.68368e-07,1438.38,42977.7,-3.45379e-07,1628.07,53532.7,-3.25328e-09,1842.77,66504.6,2.6362e-07,2085.77,82350.2,2.53445e-07,2360.79,101560,-2.47407e-08,2672.05,124632,-3.80602e-07,3024.31,152018,-4.79005e-07,3422.98,184060,-1.14379e-07,3874.15,220884,2.64297e-07,4384.72,262283,3.44131e-07,4962.49,307576,7.5349e-08,5616.29,355497,-3.63097e-07,6356.1,404126,-6.05442e-07,7193.18,450932,-2.72333e-07,8140.28,492963,2.29675e-07,9211.79,527178,4.3387e-07,10424,550893,-1.0711e-07,10.102,8.06553,2.81012,10.6436,8.57909,0.869423,11.5336,10.2515,0.270869,12.7211,12.7138,0.0844293,14.1823,15.9373,0.0263173,15.9122,20.0383,0.0082035,17.9198,25.2154,0.00255722,20.2244,31.7373,0.000797017,22.8539,39.9486,0.000248622,25.8438,50.2851,7.75492e-05,29.237,63.2963,2.42508e-05,33.0837,79.6738,7.67162e-06,37.4415,100.288,2.32837e-06,42.3767,126.236,7.33e-07,47.9646,158.896,2.79256e-07,54.2906,200.003,9.87351e-09,61.452,251.741,1.61085e-07,69.5585,316.859,-2.47141e-07,78.7347,398.812,8.93552e-08,89.1218,501.948,-2.53231e-07,100.879,631.736,-1.25047e-07,114.188,795.049,-1.78808e-07,129.252,1000.53,2.6733e-07,146.304,1259.03,4.50292e-07,165.605,1584.19,6.76904e-07,187.452,1993.12,-1.23808e-07,212.181,2507.27,-4.89068e-07,240.173,3153.54,-5.40284e-07,271.856,3965.56,1.86061e-07,307.719,4985.38,4.37004e-07,348.313,6265.4,3.59828e-07,394.26,7870.83,3.98192e-07,446.268,9882.51,-1.92908e-07,505.135,12400.3,-2.20392e-07,571.766,15546.9,1.51705e-07,647.184,19472.2,5.74996e-07,732.547,24357.4,5.39112e-07,829.167,30420,5.07815e-09,938.526,37916.3,-4.11492e-07,1062.3,47143.9,-3.9561e-07,1202.4,58439.2,3.86185e-08,1360.96,72169.3,5.94093e-07,1540.42,88715.8,7.47693e-07,1743.53,108445,1.78537e-07,1973.41,131665,-4.12549e-07,2233.57,158557,-5.37164e-07,2528,189103,-1.17615e-07,2861.2,222986,5.66769e-07,3238.27,259510,9.45053e-07,3664.97,297540,4.25093e-07,4147.81,335497,-3.58506e-07,4694.17,371444,-6.7724e-07,5312.37,403256,1.67192e-07,1.61744,3.89446,9.84394,3.28846,7.5504,12.774,5.07607,11.7187,13.6844,7.03202,16.8147,13.9681,9.20215,23.1769,14.0566,11.6301,31.1672,14.0841,14.3598,41.2186,14.0927,17.4376,53.8688,14.0954,20.9137,69.7915,14.0962,24.8432,89.8341,14.0965,29.2879,115.063,14.0966,34.3168,146.819,14.0966,40.0078,186.792,14.0966,46.4487,237.107,14.0966,53.7388,300.44,14.0966,61.9903,380.158,14.0966,71.3301,480.499,14.0966,81.902,606.796,14.0966,93.8685,765.761,14.0966,107.414,965.837,14.0966,122.746,1217.65,14.0966,140.101,1534.57,14.0966,159.745,1933.41,14.0966,181.981,2435.3,14.0966,207.15,3066.85,14.0966,235.64,3861.46,14.0966,267.889,4861.11,14.0966,304.391,6118.54,14.0966,345.709,7699.91,14.0966,392.478,9688.22,14.0966,445.417,12187.5,14.0966,505.339,15327.7,14.0966,573.165,19271.6,14.0966,649.938,24222,14.0966,736.839,30430.9,14.0966,835.202,38211.5,14.0966,946.539,47950.3,14.0966,1072.56,60122.8,14.0966,1215.21,75309.9,14.0966,1376.66,94216.2,14.0966,1559.41,117688,14.0966,1766.26,146729,14.0966,2000.39,182510,14.0966,2265.39,226372,14.0966,2565.33,279806,14.0966,2904.81,344416,14.0966,3289.05,421845,14.0966,3723.93,513667,14.0966,4216.13,621231,14.0966,4773.18,745478,14.0966,5403.64,886744,14.0966,6117.15,1.04457e+06,14.0966,6924.63,1.2176e+06,14.0966,11.7194,11.96,12.6541,13.9321,16.1295,13.6434,16.6097,21.9702,13.9553,19.7532,29.5285,14.0526,23.3844,39.1143,14.0829,27.5423,51.2054,14.0923,32.2796,66.434,14.0953,37.662,85.6061,14.0962,43.7675,109.74,14.0965,50.687,140.119,14.0966,58.5249,178.359,14.0966,67.4005,226.493,14.0966,77.4493,287.08,14.0966,88.8254,363.343,14.0966,101.703,459.336,14.0966,116.281,580.161,14.0966,132.782,732.241,14.0966,151.46,923.655,14.0966,172.603,1164.57,14.0966,196.535,1467.79,14.0966,223.625,1849.39,14.0966,254.288,2329.62,14.0966,288.997,2933.93,14.0966,328.285,3694.33,14.0966,372.755,4651.04,14.0966,423.092,5854.57,14.0966,480.07,7368.38,14.0966,544.564,9272.08,14.0966,617.566,11665.5,14.0966,700.197,14673.6,14.0966,793.729,18452.9,14.0966,899.599,23198.6,14.0966,1019.43,29154.1,14.0966,1155.07,36622.3,14.0966,1308.6,45977.9,14.0966,1482.39,57683.7,14.0966,1679.09,72307.8,14.0966,1901.73,90542.8,14.0966,2153.73,113226,14.0966,2438.97,141360,14.0966,2761.81,176127,14.0966,3127.22,218898,14.0966,3540.81,271226,14.0966,4008.92,334817,14.0966,4538.74,411470,14.0966,5138.38,502973,14.0966,5817.04,610948,14.0966,6585.12,736653,14.0966,7454.39,880741,14.0966,8438.15,1.04302e+06,14.0966,9551.45,1.22224e+06,14.0966,10811.3,1.41602e+06,14.0966,12237,1.62086e+06,14.0966,11.7194,11.96,12.6541,2.21263,4.16949,0.989383,2.67766,5.84076,0.311842,3.14343,7.55825,0.0972771,3.63127,9.58578,0.0303237,4.15787,12.0912,0.00945211,4.73731,15.2286,0.00294633,5.38238,19.1721,0.000918508,6.10553,24.134,0.000286163,6.91951,30.3791,8.92692e-05,7.83792,38.2397,2.78121e-05,8.87555,48.1338,8.65134e-06,10.0489,60.5876,2.7882e-06,11.3761,76.2629,8.29036e-07,12.8779,95.9927,2.4373e-07,14.5775,120.825,4.33068e-09,16.5012,152.08,1.75749e-07,18.6784,191.415,-1.86328e-07,21.1428,240.917,1.91829e-07,23.9322,303.213,-1.81475e-07,27.0895,381.602,7.0186e-08,30.6634,480.231,-2.86769e-08,34.7087,604.316,2.40784e-07,39.2876,760.401,9.87368e-08,44.4705,956.705,1.22263e-07,50.3371,1203.54,-4.31966e-07,56.9776,1513.81,-1.9705e-07,64.494,1903.69,-2.763e-08,73.0018,2393.4,3.9185e-07,82.6317,3008.13,1.35379e-07,93.5318,3779.25,-4.16351e-08,105.869,4745.7,2.06965e-08,119.834,5955.6,-3.18887e-07,135.641,7468.12,-1.48271e-08,153.531,9355.62,2.00739e-07,173.781,11705.8,2.28358e-07,196.701,14624.1,-1.93587e-08,222.642,18235,-2.88101e-07,252.003,22683.4,-2.24732e-07,285.234,28134,8.56806e-09,322.845,34767,2.34258e-07,365.413,42770.9,2.99668e-07,413.588,52327.9,8.28644e-08,468.111,63591.2,-3.07049e-07,529.814,76653.2,-3.1888e-07,599.642,91502.5,-6.72276e-08,678.662,107975,2.26339e-07,768.083,125705,3.69212e-07,869.267,144088,2.04077e-07,983.76,162277,-2.80509e-07,1113.3,179223,-4.22737e-07,1259.87,193777,-1.71951e-07,1425.68,204839,4.55555e-07,11.7194,11.96,12.6541,2.21263,4.16949,0.989383,2.67766,5.84076,0.311842,3.14343,7.55825,0.0972771,3.63127,9.58578,0.0303237,4.15787,12.0912,0.00945211,4.73731,15.2286,0.00294633,5.38238,19.1721,0.000918508,6.10553,24.134,0.000286163,6.91951,30.3791,8.92692e-05,7.83792,38.2397,2.78121e-05,8.87555,48.1338,8.65134e-06,10.0489,60.5876,2.7882e-06,11.3761,76.2629,8.29036e-07,12.8779,95.9927,2.4373e-07,14.5775,120.825,1e-08,16.5012,152.08,1.75749e-07,18.6784,191.415,1e-08,21.1428,240.917,1.91829e-07,23.9322,303.213,1e-08,27.0895,381.602,7.0186e-08,30.6634,480.231,1e-08,34.7087,604.316,2.40784e-07,39.2876,760.401,9.87368e-08,44.4705,956.705,1.22263e-07,50.3371,1203.54,1e-08,56.9776,1513.81,1e-08,64.494,1903.69,1e-08,73.0018,2393.4,3.9185e-07,82.6317,3008.13,1.35379e-07,93.5318,3779.25,1e-08,105.869,4745.7,2.06965e-08,119.834,5955.6,1e-08,135.641,7468.12,1e-08,153.531,9355.62,2.00739e-07,173.781,11705.8,2.28358e-07,196.701,14624.1,1e-08,222.642,18235,1e-08,252.003,22683.4,1e-08,285.234,28134,1e-08,322.845,34767,2.34258e-07,365.413,42770.9,2.99668e-07,413.588,52327.9,8.28644e-08,468.111,63591.2,1e-08,529.814,76653.2,1e-08,599.642,91502.5,1e-08,678.662,107975,2.26339e-07,768.083,125705,3.69212e-07,869.267,144088,2.04077e-07,983.76,162277,1e-08,1113.3,179223,1e-08,1259.87,193777,1e-08,1425.68,204839,4.55555e-07,6.2823,3.27286,2.43537,0.219672,6.18826,2.24117,0.56371,6.87772,2.63624,0.308279,14,10,2,2,7,0,3,3,0,3,8,0,2,4,0,8,12,0,4,28,0,5,17,0,2,28,0,8,28,0,5,20,0,12,29,0,27,74,0,19,43,0,4,44,0,37,101,0,14,121,0,13,135,0,9,220,0,22,185,0,26,483,0,75,599,0,68,509,0,23,481,0,86,1576,0,23,1563,0,46,1791,0,49,1162,0,78,1989,0,87,3528,0,70,2755,0,109,6131,0,103,3957,0,104,7900,0,272,11490,0,325,8761,0,173,9644,0,150,12230,0,309,26935,0,274,19898,0,361,45041,0,365,38196,0,251,95411,0,838,93881,0,670,73903,0,1062,56553,0,317,119842,0,795,116974,0,1340,167928,0,1220,194019,0,699,91271,0,1427,196958,0,1083,277208,0
-1.05176e+08,1,8.88811e-15,10,1023,0,1.05176e+08,0.528882,1.08665,0.389689,0.145397,0.379329,3.24381,0.161596,0.446195,1.77396,0.159177,1.15e+07,4.49998e+06,6.79999e+06,1.15e+07,4.49997e+06,6.79999e+06,1.15e+07,4.49996e+06,6.79999e+06,1.15e+07,4.49995e+06,6.79999e+06,1.14999e+07,4.49993e+06,6.79999e+06,1.14999e+07,4.49991e+06,6.79999e+06,1.14999e+07,4.49989e+06,6.79999e+06,1.14999e+07,4.49986e+06,6.79999e+06,1.14999e+07,4.49982e+06,6.79999e+06,1.14999e+07,4.49977e+06,6.79999e+06,1.14999e+07,4.49971e+06,6.79999e+06,1.14999e+07,4.49963e+06,6.79999e+06,1.14998e+07,4.49953e+06,6.79999e+06,1.14998e+07,4.49941e+06,6.79999e+06,1.14998e+07,4.49926e+06,6.79999e+06,1.14998e+07,4.49906e+06,6.79999e+06,1.14997e+07,4.49882e+06,6.79999e+06,1.14997e+07,4.49851e+06,6.79999e+06,1.14997e+07,4.49812e+06,6.79999e+06,1.14996e+07,4.49764e+06,6.79999e+06,1.14996e+07,4.49702e+06,6.79999e+06,1.14995e+07,4.49625e+06,6.79999e+06,1.14995e+07,4.49528e+06,6.79999e+06,1.14994e+07,4.49406e+06,6.79999e+06,1.14993e+07,4.49253e+06,6.79999e+06,1.14992e+07,4.49059e+06,6.79999e+06,1.14991e+07,4.48817e+06,6.79999e+06,1.1499e+07,4.48511e+06,6.79999e+06,1.14988e+07,4.48128e+06,6.79999e+06,1.14987e+07,4.47646e+06,6.79999e+06,1.14985e+07,4.47041e+06,6.79999e+06,1.14983e+07,4.46281e+06,6.79999e+06,1.14981e+07,4.4533e+06,6.79999e+06,1.14979e+07,4.44138e+06,6.79999e+06,1.14976e+07,4.42649e+06,6.79999e+06,1.14972e+07,4.40789e+06,6.79999e+06,1.14969e+07,4.38471e+06,6.79999e+06,1.14965e+07,4.35592e+06,6.79999e+06,1.1496e+07,4.32027e+06,6.79999e+06,1.14955e+07,4.27629e+06,6.79999e+06,1.14949e+07,4.22231e+06,6.79999e+06,1.14942e+07,4.15647e+06,6.79999e+06,1.14934e+07,4.07676e+06,6.79999e+06,1.14926e+07,3.98112e+06,6.79999e+06,1.14916e+07,3.86765e+06,6.79999e+06,1.14905e+07,3.73474e+06,6.79999e+06,1.14892e+07,3.58148e+06,6.79999e+06,1.14878e+07,3.40785e+06,6.79999e+06,1.14862e+07,3.21513e+06,6.79999e+06,1.14844e+07,3.00605e+06,6.79999e+06,1.14823e+07,2.7848e+06,6.79999e+06,1.148e+07,2.5568e+06,6.79999e+06,1.14773e+07,2.32825e+06,6.79999e+06,13.5742,8.52444,0.508366,16.8306,13.2585,0.162638,20.0035,17.569,0.0507846,23.2616,22.4214,0.0158319,26.7328,28.3297,0.00493498,30.5212,35.6974,0.00153831,34.7178,44.9473,0.000479527,39.4086,56.5822,0.000149456,44.6796,71.2245,4.66214e-05,50.6209,89.6543,1.45419e-05,57.3297,112.852,4.54748e-06,64.9129,142.051,1.43857e-06,73.4897,178.803,4.36618e-07,83.1934,225.062,1.40153e-07,94.1745,283.286,4.96378e-08,106.602,356.568,1.05434e-07,120.669,448.799,-6.49244e-08,136.59,564.873,1.70148e-07,154.611,710.948,-5.34594e-08,175.008,894.767,1.63407e-07,198.097,1126.06,8.04804e-08,224.231,1417.07,1.14667e-07,253.813,1783.15,-1.71227e-07,287.297,2243.62,-2.88466e-07,325.198,2822.67,-4.33651e-07,368.098,3550.67,7.9318e-08,416.657,4465.65,3.13319e-07,471.621,5615.16,3.4613e-07,533.835,7058.61,-1.19199e-07,604.255,8870.02,-2.79964e-07,683.962,11141.4,-2.30521e-07,774.182,13986.7,-2.55099e-07,876.299,17546.4,1.23585e-07,991.883,21993.1,1.41192e-07,1122.71,27536.7,-9.71886e-08,1270.78,34430.7,-3.68368e-07,1438.38,42977.7,-3.45379e-07,1628.07,53532.7,-3.25328e-09,1842.77,66504.6,2.6362e-07,2085.77,82350.2,2.53445e-07,2360.79,101560,-2.47407e-08,2672.05,124632,-3.80602e-07,3024.31,152018,-4.79005e-07,3422.98,184060,-1.14379e-07,3874.15,220884,2.64297e-07,4384.72,262283,3.44131e-07,4962.49,307576,7.5349e-08,5616.29,355497,-3.63097e-07,6356.1,404126,-6.05442e-07,7193.18,450932,-2.72333e-07,8140.28,492963,2.29675e-07,9211.79,527178,4.3387e-07,10424,550893,-1.0711e-07,10.102,8.06553,2.81012,10.6436,8.57909,0.869423,11.5336,10.2515,0.270869,12.7211,12.7138,0.0844293,14.1823,15.9373,0.0263173,15.9122,20.0383,0.0082035,17.9198,25.2154,0.00255722,20.2244,31.7373,0.000797017,22.8539,39.9486,0.000248622,25.8438,50.2851,7.75492e-05,29.237,63.2963,2.42508e-05,33.0837,79.6738,7.67162e-06,37.4415,100.288,2.32837e-06,42.3767,126.236,7.33e-07,47.9646,158.896,2.79256e-07,54.2906,200.003,9.87351e-09,61.452,251.741,1.61085e-07,69.5585,316.859,-2.47141e-07,78.7347,398.812,8.93552e-08,89.1218,501.948,-2.53231e-07,100.879,631.736,-1.25047e-07,114.188,795.049,-1.78808e-07,129.252,1000.53,2.6733e-07,146.304,1259.03,4.50292e-07,165.605,1584.19,6.76904e-07,187.452,1993.12,-1.23808e-07,212.181,2507.27,-4.89068e-07,240.173,3153.54,-5.40284e-07,271.856,3965.56,1.86061e-07,307.719,4985.38,4.37004e-07,348.313,6265.4,3.59828e-07,394.26,7870.83,3.98192e-07,446.268,9882.51,-1.92908e-07,505.135,12400.3,-2.20392e-07,571.766,15546.9,1.51705e-07,647.184,19472.2,5.74996e-07,732.547,24357.4,5.39112e-07,829.167,30420,5.07815e-09,938.526,37916.3,-4.11492e-07,1062.3,47143.9,-3.9561e-07,1202.4,58439.2,3.86185e-08,1360.96,72169.3,5.94093e-07,1540.42,88715.8,7.47693e-07,1743.53,108445,1.78537e-07,1973.41,131665,-4.12549e-07,2233.57,158557,-5.37164e-07,2528,189103,-1.17615e-07,2861.2,222986,5.66769e-07,3238.27,259510,9.45053e-07,3664.97,297540,4.25093e-07,4147.81,335497,-3.58506e-07,4694.17,371444,-6.7724e-07,5312.37,403256,1.67192e-07,1.61744,3.89446,9.84394,3.28846,7.5504,12.774,5.07607,11.7187,13.6844,7.03202,16.8147,13.9681,9.20215,23.1769,14.0566,11.6301,31.1672,14.0841,14.3598,41.2186,14.0927,17.4376,53.8688,14.0954,20.9137,69.7915,14.0962,24.8432,89.8341,14.0965,29.2879,115.063,14.0966,34.3168,146.819,14.0966,40.0078,186.792,14.0966,46.4487,237.107,14.0966,53.7388,300.44,14.0966,61.9903,380.158,14.0966,71.3301,480.499,14.0966,81.902,606.796,14.0966,93.8685,765.761,14.0966,107.414,965.837,14.0966,122.746,1217.65,14.0966,140.101,1534.57,14.0966,159.745,1933.41,14.0966,181.981,2435.3,14.0966,207.15,3066.85,14.0966,235.64,3861.46,14.0966,267.889,4861.11,14.0966,304.391,6118.54,14.0966,345.709,7699.91,14.0966,392.478,9688.22,14.0966,445.417,12187.5,14.0966,505.339,15327.7,14.0966,573.165,19271.6,14.0966,649.938,24222,14.0966,736.839,30430.9,14.0966,835.202,38211.5,14.0966,946.539,47950.3,14.0966,1072.56,60122.8,14.0966,1215.21,75309.9,14.0966,1376.66,94216.2,14.0966,1559.41,117688,14.0966,1766.26,146729,14.0966,2000.39,182510,14.0966,2265.39,226372,14.0966,2565.33,279806,14.0966,2904.81,344416,14.0966,3289.05,421845,14.0966,3723.93,513667,14.0966,4216.13,621231,14.0966,4773.18,745478,14.0966,5403.64,886744,14.0966,6117.15,1.04457e+06,14.0966,6924.63,1.2176e+06,14.0966,11.7194,11.96,12.6541,13.9321,16.1295,13.6434,16.6097,21.9702,13.9553,19.7532,29.5285,14.0526,23.3844,39.1143,14.0829,27.5423,51.2054,14.0923,32.2796,66.434,14.0953,37.662,85.6061,14.0962,43.7675,109.74,14.0965,50.687,140.119,14.0966,58.5249,178.359,14.0966,67.4005,226.493,14.0966,77.4493,287.08,14.0966,88.8254,363.343,14.0966,101.703,459.336,14.0966,116.281,580.161,14.0966,132.782,732.241,14.0966,151.46,923.655,14.0966,172.603,1164.57,14.0966,196.535,1467.79,14.0966,223.625,1849.39,14.0966,254.288,2329.62,14.0966,288.997,2933.93,14.0966,328.285,3694.33,14.0966,372.755,4651.04,14.0966,423.092,5854.57,14.0966,480.07,7368.38,14.0966,544.564,9272.08,14.0966,617.566,11665.5,14.0966,700.197,14673.6,14.0966,793.729,18452.9,14.0966,899.599,23198.6,14.0966,1019.43,29154.1,14.0966,1155.07,36622.3,14.0966,1308.6,45977.9,14.0966,1482.39,57683.7,14.0966,1679.09,72307.8,14.0966,1901.73,90542.8,14.0966,2153.73,113226,14.0966,2438.97,141360,14.0966,2761.81,176127,14.0966,3127.22,218898,14.0966,3540.81,271226,14.0966,4008.92,334817,14.0966,4538.74,411470,14.0966,5138.38,502973,14.0966,5817.04,610948,14.0966,6585.12,736653,14.0966,7454.39,880741,14.0966,8438.15,1.04302e+06,14.0966,9551.45,1.22224e+06,14.0966,10811.3,1.41602e+06,14.0966,12237,1.62086e+06,14.0966,11.7194,11.96,12.6541,2.21263,4.16949,0.989383,2.67766,5.84076,0.311842,3.14343,7.55825,0.0972771,3.63127,9.58578,0.0303237,4.15787,12.0912,0.00945211,4.73731,15.2286,0.00294633,5.38238,19.1721,0.000918508,6.10553,24.134,0.000286163,6.91951,30.3791,8.92692e-05,7.83792,38.2397,2.78121e-05,8.87555,48.1338,8.65134e-06,10.0489,60.5876,2.7882e-06,11.3761,76.2629,8.29036e-07,12.8779,95.9927,2.4373e-07,14.5775,120.825,4.33068e-09,16.5012,152.08,1.75749e-07,18.6784,191.415,-1.86328e-07,21.1428,240.917,1.91829e-07,23.9322,303.213,-1.81475e-07,27.0895,381.602,7.0186e-08,30.6634,480.231,-2.86769e-08,34.7087,604.316,2.40784e-07,39.2876,760.401,9.87368e-08,44.4705,956.705,1.22263e-07,50.3371,1203.54,-4.31966e-07,56.9776,1513.81,-1.9705e-07,64.494,1903.69,-2.763e-08,73.0018,2393.4,3.9185e-07,82.6317,3008.13,1.35379e-07,93.5318,3779.25,-4.16351e-08,105.869,4745.7,2.06965e-08,119.834,5955.6,-3.18887e-07,135.641,7468.12,-1.48271e-08,153.531,9355.62,2.00739e-07,173.781,11705.8,2.28358e-07,196.701,14624.1,-1.93587e-08,222.642,18235,-2.88101e-07,252.003,22683.4,-2.24732e-07,285.234,28134,8.56806e-09,322.845,34767,2.34258e-07,365.413,42770.9,2.99668e-07,413.588,52327.9,8.28644e-08,468.111,63591.2,-3.07049e-07,529.814,76653.2,-3.1888e-07,599.642,91502.5,-6.72276e-08,678.662,107975,2.26339e-07,768.083,125705,3.69212e-07,869.267,144088,2.04077e-07,983.76,162277,-2.80509e-07,1113.3,179223,-4.22737e-07,1259.87,193777,-1.71951e-07,1425.68,204839,4.55555e-07,11.7194,11.96,12.6541,2.21263,4.16949,0.989383,2.67766,5.84076,0.311842,3.14343,7.55825,0.0972771,3.63127,9.58578,0.0303237,4.15787,12.0912,0.00945211,4.73731,15.2286,0.00294633,5.38238,19.1721,0.000918508,6.10553,24.134,0.000286163,6.91951,30.3791,8.92692e-05,7.83792,38.2397,2.78121e-05,8.87555,48.1338,8.65134e-06,10.0489,60.5876,2.7882e-06,11.3761,76.2629,8.29036e-07,12.8779,95.9927,2.4373e-07,14.5775,120.825,1e-08,16.5012,152.08,1.75749e-07,18.6784,191.415,1e-08,21.1428,240.917,1.91829e-07,23.9322,303.213,1e-08,27.0895,381.602,7.0186e-08,30.6634,480.231,1e-08,34.7087,604.316,2.40784e-07,39.2876,760.401,9.87368e-08,44.4705,956.705,1.22263e-07,50.3371,1203.54,1e-08,56.9776,1513.81,1e-08,64.494,1903.69,1e-08,73.0018,2393.4,3.9185e-07,82.6317,3008.13,1.35379e-07,93.5318,3779.25,1e-08,105.869,4745.7,2.06965e-08,119.834,5955.6,1e-08,135.641,7468.12,1e-08,153.531,9355.62,2.00739e-07,173.781,11705.8,2.28358e-07,196.701,14624.1,1e-08,222.642,18235,1e-08,252.003,22683.4,1e-08,285.234,28134,1e-08,322.845,34767,2.34258e-07,365.413,42770.9,2.99668e-07,413.588,52327.9,8.28644e-08,468.111,63591.2,1e-08,529.814,76653.2,1e-08,599.642,91502.5,1e-08,678.662,107975,2.26339e-07,768.083,125705,3.69212e-07,869.267,144088,2.04077e-07,983.76,162277,1e-08,1113.3,179223,1e-08,1259.87,193777,1e-08,1425.68,204839,4.55555e-07,6.2823,3.27286,2.43537,0.219672,6.18826,2.24117,0.56371,6.87772,2.63624,0.308279,11,24,15,3,6,2,4,3,0,3,6,0,5,12,0,4,19,0,10,21,0,8,27,0,4,34,0,19,62,0,8,36,0,6,37,0,6,37,0,15,65,0,9,106,0,22,222,0,8,104,0,21,126,0,32,165,0,10,197,0,34,589,0,27,539,0,23,928,0,29,1100,0,71,600,0,61,1344,0,74,2339,0,44,1847,0,46,4189,0,55,5279,0,54,6546,0,90,1907,0,134,7144,0,201,5963,0,138,5977,0,193,9481,0,204,9411,0,220,15616,0,399,24803,0,285,28456,0,445,30532,0,284,28105,0,305,72912,0,419,46063,0,423,56595,0,487,81414,0,979,91182,0,810,167562,0,757,152200,0,903,123321,0,1103,103318,0,1113,143491,0,1540,180901,0
-1.05176e+08,1,8.88811e-15,10,1023,0,1.05176e+08,0.528882,1.08665,0.389689,0.145397,0.379329,3.24381,0.161596,0.446195,1.77396,0.159177,1.15e+07,4.49998e+06,6.79999e+06,1.15e+07,4.49997e+06,6.79999e+06,1.15e+07,4.49996e+06,6.79999e+06,1.15e+07,4.49995e+06,6.79999e+06,1.14999e+07,4.49993e+06,6.79999e+06,1.14999e+07,4.49991e+06,6.79999e+06,1.14999e+07,4.49989e+06,6.79999e+06,1.14999e+07,4.49986e+06,6.79999e+06,1.14999e+07,4.49982e+06,6.79999e+06,1.14999e+07,4.49977e+06,6.79999e+06,1.14999e+07,4.49971e+06,6.79999e+06,1.14999e+07,4.49963e+06,6.79999e+06,1.14998e+07,4.49953e+06,6.79999e+06,1.14998e+07,4.49941e+06,6.79999e+06,1.14998e+07,4.49926e+06,6.79999e+06,1.14998e+07,4.49906e+06,6.79999e+06,1.14997e+07,4.49882e+06,6.79999e+06,1.14997e+07,4.49851e+06,6.79999e+06,1.14997e+07,4.49812e+06,6.79999e+06,1.14996e+07,4.49764e+06,6.79999e+06,1.14996e+07,4.49702e+06,6.79999e+06,1.14995e+07,4.49625e+06,6.79999e+06,1.14995e+07,4.49528e+06,6.79999e+06,1.14994e+07,4.49406e+06,6.79999e+06,1.14993e+07,4.49253e+06,6.79999e+06,1.14992e+07,4.49059e+06,6.79999e+06,1.14991e+07,4.48817e+06,6.79999e+06,1.1499e+07,4.48511e+06,6.79999e+06,1.14988e+07,4.48128e+06,6.79999e+06,1.14987e+07,4.47646e+06,6.79999e+06,1.14985e+07,4.47041e+06,6.79999e+06,1.14983e+07,4.46281e+06,6.79999e+06,1.14981e+07,4.4533e+06,6.79999e+06,1.14979e+07,4.44138e+06,6.79999e+06,1.14976e+07,4.42649e+06,6.79999e+06,1.14972e+07,4.40789e+06,6.79999e+06,1.14969e+07,4.38471e+06,6.79999e+06,1.14965e+07,4.35592e+06,6.79999e+06,1.1496e+07,4.32027e+06,6.79999e+06,1.14955e+07,4.27629e+06,6.79999e+06,1.14949e+07,4.22231e+06,6.79999e+06,1.14942e+07,4.15647e+06,6.79999e+06,1.14934e+07,4.07676e+06,6.79999e+06,1.14926e+07,3.98112e+06,6.79999e+06,1.14916e+07,3.86765e+06,6.79999e+06,1.14905e+07,3.73474e+06,6.79999e+06,1.14892e+07,3.58148e+06,6.79999e+06,1.14878e+07,3.40785e+06,6.79999e+06,1.14862e+07,3.21513e+06,6.79999e+06,1.14844e+07,3.00605e+06,6.79999e+06,1.14823e+07,2.7848e+06,6.79999e+06,1.148e+07,2.5568e+06,6.79999e+06,1.14773e+07,2.32825e+06,6.79999e+06,13.5742,8.52444,0.508366,16.8306,13.2585,0.162638,20.0035,17.569,0.0507846,23.2616,22.4214,0.0158319,26.7328,28.3297,0.00493498,30.5212,35.6974,0.00153831,34.7178,44.9473,0.000479527,39.4086,56.5822,0.000149456,44.6796,71.2245,4.66214e-05,50.6209,89.6543,1.45419e-05,57.3297,112.852,4.54748e-06,64.9129,142.051,1.43857e-06,73.4897,178.803,4.36618e-07,83.1934,225.062,1.40153e-07,94.1745,283.286,4.96378e-08,106.602,356.568,1.05434e-07,120.669,448.799,-6.49244e-08,136.59,564.873,1.70148e-07,154.611,710.948,-5.34594e-08,175.008,894.767,1.63407e-07,198.097,1126.06,8.04804e-08,224.231,1417.07,1.14667e-07,253.813,1783.15,-1.71227e-07,287.297,2243.62,-2.88466e-07,325.198,2822.67,-4.33651e-07,368.098,3550.67,7.9318e-08,416.657,4465.65,3.13319e-07,471.621,5615.16,3.4613e-07,533.835,7058.61,-1.19199e-07,604.255,8870.02,-2.79964e-07,683.962,11141.4,-2.30521e-07,774.182,13986.7,-2.55099e-07,876.299,17546.4,1.23585e-07,991.883,21993.1,1.41192e-07,1122.71,27536.7,-9.71886e-08,1270.78,34430.7,-3.68368e-07,1438.38,42977.7,-3.45379e-07,1628.07,53532.7,-3.25328e-09,1842.77,66504.6,2.6362e-07,2085.77,82350.2,2.53445e-07,2360.79,101560,-2.47407e-08,2672.05,124632,-3.80602e-07,3024.31,152018,-4.79005e-07,3422.98,184060,-1.14379e-07,3874.15,220884,2.64297e-07,4384.72,262283,3.44131e-07,4962.49,307576,7.5349e-08,5616.29,355497,-3.63097e-07,6356.1,404126,-6.05442e-07,7193.18,450932,-2.72333e-07,8140.28,492963,2.29675e-07,9211.79,527178,4.3387e-07,10424,550893,-1.0711e-07,10.102,8.06553,2.81012,10.6436,8.57909,0.869423,11.5336,10.2515,0.270869,12.7211,12.7138,0.0844293,14.1823,15.9373,0.0263173,15.9122,20.0383,0.0082035,17.9198,25.2154,0.00255722,20.2244,31.7373,0.000797017,22.8539,39.9486,0.000248622,25.8438,50.2851,7.75492e-05,29.237,63.2963,2.42508e-05,33.0837,79.6738,7.67162e-06,37.4415,100.288,2.32837e-06,42.3767,126.236,7.33e-07,47.9646,158.896,2.79256e-07,54.2906,200.003,9.87351e-09,61.452,251.741,1.61085e-07,69.5585,316.859,-2.47141e-07,78.7347,398.812,8.93552e-08,89.1218,501.948,-2.53231e-07,100.879,631.736,-1.25047e-07,114.188,795.049,-1.78808e-07,129.252,1000.53,2.6733e-07,146.304,1259.03,4.50292e-07,165.605,1584.19,6.76904e-07,187.452,1993.12,-1.23808e-07,212.181,2507.27,-4.89068e-07,240.173,3153.54,-5.40284e-07,271.856,3965.56,1.86061e-07,307.719,4985.38,4.37004e-07,348.313,6265.4,3.59828e-07,394.26,7870.83,3.98192e-07,446.268,9882.51,-1.92908e-07,505.135,12400.3,-2.20392e-07,571.766,15546.9,1.51705e-07,647.184,19472.2,5.74996e-07,732.547,24357.4,5.39112e-07,829.167,30420,5.07815e-09,938.526,37916.3,-4.11492e-07,1062.3,47143.9,-3.9561e-07,1202.4,58439.2,3.86185e-08,1360.96,72169.3,5.94093e-07,1540.42,88715.8,7.47693e-07,1743.53,108445,1.78537e-07,1973.41,131665,-4.12549e-07,2233.57,158557,-5.37164e-07,2528,189103,-1.17615e-07,2861.2,222986,5.66769e-07,3238.27,259510,9.45053e-07,3664.97,297540,4.25093e-07,4147.81,335497,-3.58506e-07,4694.17,371444,-6.7724e-07,5312.37,403256,1.67192e-07,1.61744,3.89446,9.84394,3.28846,7.5504,12.774,5.07607,11.7187,13.6844,7.03202,16.8147,13.9681,9.20215,23.1769,14.0566,11.6301,31.1672,14.0841,14.3598,41.2186,14.0927,17.4376,53.8688,14.0954,20.9137,69.7915,14.0962,24.8432,89.8341,14.0965,29.2879,115.063,14.0966,34.3168,146.819,14.0966,40.0078,186.792,14.0966,46.4487,237.107,14.0966,53.7388,300.44,14.0966,61.9903,380.158,14.0966,71.3301,480.499,14.0966,81.902,606.796,14.0966,93.8685,765.761,14.0966,107.414,965.837,14.0966,122.746,1217.65,14.0966,140.101,1534.57,14.0966,159.745,1933.41,14.0966,181.981,2435.3,14.0966,207.15,3066.85,14.0966,235.64,3861.46,14.0966,267.889,4861.11,14.0966,304.391,6118.54,14.0966,345.709,7699.91,14.0966,392.478,9688.22,14.0966,445.417,12187.5,14.0966,505.339,15327.7,14.0966,573.165,19271.6,14.0966,649.938,24222,14.0966,736.839,30430.9,14.0966,835.202,38211.5,14.0966,946.539,47950.3,14.0966,1072.56,60122.8,14.0966,1215.21,75309.9,14.0966,1376.66,94216.2,14.0966,1559.41,117688,14.0966,1766.26,146729,14.0966,2000.39,182510,14.0966,2265.39,226372,14.0966,2565.33,279806,14.0966,2904.81,344416,14.0966,3289.05,421845,14.0966,3723.93,513667,14.0966,4216.13,621231,14.0966,4773.18,745478,14.0966,5403.64,886744,14.0966,6117.15,1.04457e+06,14.0966,6924.63,1.2176e+06,14.0966,11.7194,11.96,12.6541,13.9321,16.1295,13.6434,16.6097,21.9702,13.9553,19.7532,29.5285,14.0526,23.3844,39.1143,14.0829,27.5423,51.2054,14.0923,32.2796,66.434,14.0953,37.662,85.6061,14.0962,43.7675,109.74,14.0965,50.687,140.119,14.0966,58.5249,178.359,14.0966,67.4005,226.493,14.0966,77.4493,287.08,14.0966,88.8254,363.343,14.0966,101.703,459.336,14.0966,116.281,580.161,14.0966,132.782,732.241,14.0966,151.46,923.655,14.0966,172.603,1164.57,14.0966,196.535,1467.79,14.0966,223.625,1849.39,14.0966,254.288,2329.62,14.0966,288.997,2933.93,14.0966,328.285,3694.33,14.0966,372.755,4651.04,14.0966,423.092,5854.57,14.0966,480.07,7368.38,14.0966,544.564,9272.08,14.0966,617.566,11665.5,14.0966,700.197,14673.6,14.0966,793.729,18452.9,14.0966,899.599,23198.6,14.0966,1019.43,29154.1,14.0966,1155.07,36622.3,14.0966,1308.6,45977.9,14.0966,1482.39,57683.7,14.0966,1679.09,72307.8,14.0966,1901.73,90542.8,14.0966,2153.73,113226,14.0966,2438.97,141360,14.0966,2761.81,176127,14.0966,3127.22,218898,14.0966,3540.81,271226,14.0966,4008.92,334817,14.0966,4538.74,411470,14.0966,5138.38,502973,14.0966,5817.04,610948,14.0966,6585.12,736653,14.0966,7454.39,880741,14.0966,8438.15,1.04302e+06,14.0966,9551.45,1.22224e+06,14.0966,10811.3,1.41602e+06,14.0966,12237,1.62086e+06,14.0966,11.7194,11.96,12.6541,2.21263,4.16949,0.989383,2.67766,5.84076,0.311842,3.14343,7.55825,0.0972771,3.63127,9.58578,0.0303237,4.15787,12.0912,0.00945211,4.73731,15.2286,0.00294633,5.38238,19.1721,0.000918508,6.10553,24.134,0.000286163,6.91951,30.3791,8.92692e-05,7.83792,38.2397,2.78121e-05,8.87555,48.1338,8.65134e-06,10.0489,60.5876,2.7882e-06,11.3761,76.2629,8.29036e-07,12.8779,95.9927,2.4373e-07,14.5775,120.825,4.33068e-09,16.5012,152.08,1.75749e-07,18.6784,191.415,-1.86328e-07,21.1428,240.917,1.91829e-07,23.9322,303.213,-1.81475e-07,27.0895,381.602,7.0186e-08,30.6634,480.231,-2.86769e-08,34.7087,604.316,2.40784e-07,39.2876,760.401,9.87368e-08,44.4705,956.705,1.22263e-07,50.3371,1203.54,-4.31966e-07,56.9776,1513.81,-1.9705e-07,64.494,1903.69,-2.763e-08,73.0018,2393.4,3.9185e-07,82.6317,3008.13,1.35379e-07,93.5318,3779.25,-4.16351e-08,105.869,4745.7,2.06965e-08,119.834,5955.6,-3.18887e-07,135.641,7468.12,-1.48271e-08,153.531,9355.62,2.00739e-07,173.781,11705.8,2.28358e-07,196.701,14624.1,-1.93587e-08,222.642,18235,-2.88101e-07,252.003,22683.4,-2.24732e-07,285.234,28134,8.56806e-09,322.845,34767,2.34258e-07,365.413,42770.9,2.99668e-07,413.588,52327.9,8.28644e-08,468.111,63591.2,-3.07049e-07,529.814,76653.2,-3.1888e-07,599.642,91502.5,-6.72276e-08,678.662,107975,2.26339e-07,768.083,125705,3.69212e-07,869.267,144088,2.04077e-07,983.76,162277,-2.80509e-07,1113.3,179223,-4.22737e-07,1259.87,193777,-1.71951e-07,1425.68,204839,4.55555e-07,11.7194,11.96,12.6541,2.21263,4.16949,0.989383,2.67766,5.84076,0.311842,3.14343,7.55825,0.0972771,3.63127,9.58578,0.0303237,4.15787,12.0912,0.00945211,4.73731,15.2286,0.00294633,5.38238,19.1721,0.000918508,6.10553,24.134,0.000286163,6.91951,30.3791,8.92692e-05,7.83792,38.2397,2.78121e-05,8.87555,48.1338,8.65134e-06,10.0489,60.5876,2.7882e-06,11.3761,76.2629,8.29036e-07,12.8779,95.9927,2.4373e-07,14.5775,120.825,1e-08,16.5012,152.08,1.75749e-07,18.6784,191.415,1e-08,21.1428,240.917,1.91829e-07,23.9322,303.213,1e-08,27.0895,381.602,7.0186e-08,30.6634,480.231,1e-08,34.7087,604.316,2.40784e-07,39.2876,760.401,9.87368e-08,44.4705,956.705,1.22263e-07,50.3371,1203.54,1e-08,56.9776,1513.81,1e-08,64.494,1903.69,1e-08,73.0018,2393.4,3.9185e-07,82.6317,3008.13,1.35379e-07,93.5318,3779.25,1e-08,105.869,4745.7,2.06965e-08,119.834,5955.6,1e-08,135.641,7468.12,1e-08,153.531,9355.62,2.00739e-07,173.781,11705.8,2.28358e-07,196.701,14624.1,1e-08,222.642,18235,1e-08,252.003,22683.4,1e-08,285.234,28134,1e-08,322.845,34767,2.34258e-07,365.413,42770.9,2.99668e-07,413.588,52327.9,8.28644e-08,468.111,63591.2,1e-08,529.814,76653.2,1e-08,599.642,91502.5,1e-08,678.662,107975,2.26339e-07,768.083,125705,3.69212e-07,869.267,144088,2.04077e-07,983.76,162277,1e-08,1113.3,179223,1e-08,1259.87,193777,1e-08,1425.68,204839,4.55555e-07,6.2823,3.27286,2.43537,0.219672,6.18826,2.24117,0.56371,6.87772,2.63624,0.308279,5,5,16,4,5,0,5,5,0,3,13,0,3,4,0,2,17,0,0,9,0,3,42,0,4,54,0,6,28,0,11,36,0,6,29,0,16,31,0,4,62,0,15,95,0,6,110,0,11,146,0,24,338,0,12,204,0,22,486,0,26,370,0,27,622,0,15,565,0,30,299,0,56,555,0,41,1695,0,75,1085,0,74,1508,0,93,2679,0,84,3412,0,108,3131,0,63,6415,0,94,5880,0,112,4425,0,210,7804,0,109,13735,0,253,22669,0,166,13597,0,338,28401,0,307,8588,0,529,14240,0,274,45735,0,463,48985,0,341,62730,0,481,54839,0,730,131064,0,1364,225929,0,1183,123862,0,1596,126418,0,797,84642,0,1010,132708,0,1694,193862,0,1083,256297,0
-1.05176e+08,1,8.88811e-15,10,1023,0,1.05176e+08,0.528882,1.08665,0.389689,0.145397,0.379329,3.24381,0.161596,0.446195,1.77396,0.159177,1.15e+07,4.49998e+06,6.79999e+06,1.15e+07,4.49997e+06,6.79999e+06,1.15e+07,4.49996e+06,6.79999e+06,1.15e+07,4.49995e+06,6.79999e+06,1.14999e+07,4.49993e+06,6.79999e+06,1.14999e+07,4.49991e+06,6.79999e+06,1.14999e+07,4.49989e+06,6.79999e+06,1.14999e+07,4.49986e+06,6.79999e+06,1.14999e+07,4.49982e+06,6.79999e+06,1.14999e+07,4.49977e+06,6.79999e+06,1.14999e+07,4.49971e+06,6.79999e+06,1.14999e+07,4.49963e+06,6.79999e+06,1.14998e+07,4.49953e+06,6.79999e+06,1.14998e+07,4.49941e+06,6.79999e+06,1.14998e+07,4.49926e+06,6.79999e+06,1.14998e+07,4.49906e+06,6.79999e+06,1.14997e+07,4.49882e+06,6.79999e+06,1.14997e+07,4.49851e+06,6.79999e+06,1.14997e+07,4.49812e+06,6.79999e+06,1.14996e+07,4.49764e+06,6.79999e+06,1.14996e+07,4.49702e+06,6.79999e+06,1.14995e+07,4.49625e+06,6.79999e+06,1.14995e+07,4.49528e+06,6.79999e+06,1.14994e+07,4.49406e+06,6.79999e+06,1.14993e+07,4.49253e+06,6.79999e+06,1.14992e+07,4.49059e+06,6.79999e+06,1.14991e+07,4.48817e+06,6.79999e+06,1.1499e+07,4.48511e+06,6.79999e+06,1.14988e+07,4.48128e+06,6.79999e+06,1.14987e+07,4.47646e+06,6.79999e+06,1.14985e+07,4.47041e+06,6.79999e+06,1.14983e+07,4.46281e+06,6.79999e+06,1.14981e+07,4.4533e+06,6.79999e+06,1.14979e+07,4.44138e+06,6.79999e+06,1.14976e+07,4.42649e+06,6.79999e+06,1.14972e+07,4.40789e+06,6.79999e+06,1.14969e+07,4.38471e+06,6.79999e+06,1.14965e+07,4.35592e+06,6.79999e+06,1.1496e+07,4.32027e+06,6.79999e+06,1.14955e+07,4.27629e+06,6.79999e+06,1.14949e+07,4.22231e+06,6.79999e+06,1.14942e+07,4.15647e+06,6.79999e+06,1.14934e+07,4.07676e+06,6.79999e+06,1.14926e+07,3.98112e+06,6.79999e+06,1.14916e+07,3.86765e+06,6.79999e+06,1.14905e+07,3.73474e+06,6.79999e+06,1.14892e+07,3.58148e+06,6.79999e+06,1.14878e+07,3.40785e+06,6.79999e+06,1.14862e+07,3.21513e+06,6.79999e+06,1.14844e+07,3.00605e+06,6.79999e+06,1.14823e+07,2.7848e+06,6.79999e+06,1.148e+07,2.5568e+06,6.79999e+06,1.14773e+07,2.32825e+06,6.79999e+06,13.5742,8.52444,0.508366,16.8306,13.2585,0.162638,20.0035,17.569,0.0507846,23.2616,22.4214,0.0158319,26.7328,28.3297,0.00493498,30.5212,35.6974,0.00153831,34.7178,44.9473,0.000479527,39.4086,56.5822,0.000149456,44.6796,71.2245,4.66214e-05,50.6209,89.6543,1.45419e-05,57.3297,112.852,4.54748e-06,64.9129,142.051,1.43857e-06,73.4897,178.803,4.36618e-07,83.1934,225.062,1.40153e-07,94.1745,283.286,4.96378e-08,106.602,356.568,1.05434e-07,120.669,448.799,-6.49244e-08,136.59,564.873,1.70148e-07,154.611,710.948,-5.34594e-08,175.008,894.767,1.63407e-07,198.097,1126.06,8.04804e-08,224.231,1417.07,1.14667e-07,253.813,1783.15,-1.71227e-07,287.297,2243.62,-2.88466e-07,325.198,2822.67,-4.33651e-07,368.098,3550.67,7.9318e-08,416.657,4465.65,3.13319e-07,471.621,5615.16,3.4613e-07,533.835,7058.61,-1.19199e-07,604.255,8870.02,-2.79964e-07,683.962,11141.4,-2.30521e-07,774.182,13986.7,-2.55099e-07,876.299,17546.4,1.23585e-07,991.883,21993.1,1.41192e-07,1122.71,27536.7,-9.71886e-08,1270.78,34430.7,-3.68368e-07,1438.38,42977.7,-3.45379e-07,1628.07,53532.7,-3.25328e-09,1842.77,66504.6,2.6362e-07,2085.77,82350.2,2.53445e-07,2360.79,101560,-2.47407e-08,2672.05,124632,-3.80602e-07,3024.31,152018,-4.79005e-07,3422.98,184060,-1.14379e-07,3874.15,220884,2.64297e-07,4384.72,262283,3.44131e-07,4962.49,307576,7.5349e-08,5616.29,355497,-3.63097e-07,6356.1,404126,-6.05442e-07,7193.18,450932,-2.72333e-07,8140.28,492963,2.29675e-07,9211.79,527178,4.3387e-07,10424,550893,-1.0711e-07,10.102,8.06553,2.81012,10.6436,8.57909,0.869423,11.5336,10.2515,0.270869,12.7211,12.7138,0.0844293,14.1823,15.9373,0.0263173,15.9122,20.0383,0.0082035,17.9198,25.2154,0.00255722,20.2244,31.7373,0.000797017,22.8539,39.9486,0.000248622,25.8438,50.2851,7.75492e-05,29.237,63.2963,2.42508e-05,33.0837,79.6738,7.67162e-06,37.4415,100.288,2.32837e-06,42.3767,126.236,7.33e-07,47.9646,158.896,2.79256e-07,54.2906,200.003,9.87351e-09,61.452,251.741,1.61085e-07,69.5585,316.859,-2.47141e-07,78.7347,398.812,8.93552e-08,89.1218,501.948,-2.53231e-07,100.879,631.736,-1.25047e-07,114.188,795.049,-1.78808e-07,129.252,1000.53,2.6733e-07,146.304,1259.03,4.50292e-07,165.605,1584.19,6.76904e-07,187.452,1993.12,-1.23808e-07,212.181,2507.27,-4.89068e-07,240.173,3153.54,-5.40284e-07,271.856,3965.56,1.86061e-07,307.719,4985.38,4.37004e-07,348.313,6265.4,3.59828e-07,394.26,7870.83,3.98192e-07,446.268,9882.51,-1.92908e-07,505.135,12400.3,-2.20392e-07,571.766,15546.9,1.51705e-07,647.184,19472.2,5.74996e-07,732.547,24357.4,5.39112e-07,829.167,30420,5.07815e-09,938.526,37916.3,-4.11492e-07,1062.3,47143.9,-3.9561e-07,1202.4,58439.2,3.86185e-08,1360.96,72169.3,5.94093e-07,1540.42,88715.8,7.47693e-07,1743.53,108445,1.78537e-07,1973.41,131665,-4.12549e-07,2233.57,158557,-5.37164e-07,2528,189103,-1.17615e-07,2861.2,222986,5.66769e-07,3238.27,259510,9.45053e-07,3664.97,297540,4.25093e-07,4147.81,335497,-3.58506e-07,4694.17,371444,-6.7724e-07,5312.37,403256,1.67192e-07,1.61744,3.89446,9.84394,3.28846,7.5504,12.774,5.07607,11.7187,13.6844,7.03202,16.8147,13.9681,9.20215,23.1769,14.0566,11.6301,31.1672,14.0841,14.3598,41.2186,14.0927,17.4376,53.8688,14.0954,20.9137,69.7915,14.0962,24.8432,89.8341,14.0965,29.2879,115.063,14.0966,34.3168,146.819,14.0966,40.0078,186.792,14.0966,46.4487,237.107,14.0966,53.7388,300.44,14.0966,61.9903,380.158,14.0966,71.3301,480.499,14.0966,81.902,606.796,14.0966,93.8685,765.761,14.0966,107.414,965.837,14.0966,122.746,1217.65,14.0966,140.101,1534.57,14.0966,159.745,1933.41,14.0966,181.981,2435.3,14.0966,207.15,3066.85,14.0966,235.64,3861.46,14.0966,267.889,4861.11,14.0966,304.391,6118.54,14.0966,345.709,7699.91,14.0966,392.478,9688.22,14.0966,445.417,12187.5,14.0966,505.339,15327.7,14.0966,573.165,19271.6,14.0966,649.938,24222,14.0966,736.839,30430.9,14.0966,835.202,38211.5,14.0966,946.539,47950.3,14.0966,1072.56,60122.8,14.0966,1215.21,75309.9,14.0966,1376.66,94216.2,14.0966,1559.41,117688,14.0966,1766.26,146729,14.0966,2000.39,182510,14.0966,2265.39,226372,14.0966,2565.33,279806,14.0966,2904.81,344416,14.0966,3289.05,421845,14.0966,3723.93,513667,14.0966,4216.13,621231,14.0966,4773.18,745478,14.0966,5403.64,886744,14.0966,6117.15,1.04457e+06,14.0966,6924.63,1.2176e+06,14.0966,11.7194,11.96,12.6541,13.9321,16.1295,13.6434,16.6097,21.9702,13.9553,19.7532,29.5285,14.0526,23.3844,39.1143,14.0829,27.5423,51.2054,14.0923,32.2796,66.434,14.0953,37.662,85.6061,14.0962,43.7675,109.74,14.0965,50.687,140.119,14.0966,58.5249,178.359,14.0966,67.4005,226.493,14.0966,77.4493,287.08,14.0966,88.8254,363.343,14.0966,101.703,459.336,14.0966,116.281,580.161,14.0966,132.782,732.241,14.0966,151.46,923.655,14.0966,172.603,1164.57,14.0966,196.535,1467.79,14.0966,223.625,1849.39,14.0966,254.288,2329.62,14.0966,288.997,2933.93,14.0966,328.285,3694.33,14.0966,372.755,4651.04,14.0966,423.092,5854.57,14.0966,480.07,7368.38,14.0966,544.564,9272.08,14.0966,617.566,11665.5,14.0966,700.197,14673.6,14.0966,793.729,18452.9,14.0966,899.599,23198.6,14.0966,1019.43,29154.1,14.0966,1155.07,36622.3,14.0966,1308.6,45977.9,14.0966,1482.39,57683.7,14.0966,1679.09,72307.8,14.0966,1901.73,90542.8,14.0966,2153.73,113226,14.0966,2438.97,141360,14.0966,2761.81,176127,14.0966,3127.22,218898,14.0966,3540.81,271226,14.0966,4008.92,334817,14.0966,4538.74,411470,14.0966,5138.38,502973,14.0966,5817.04,610948,14.0966,6585.12,736653,14.0966,7454.39,880741,14.0966,8438.15,1.04302e+06,14.0966,9551.45,1.22224e+06,14.0966,10811.3,1.41602e+06,14.0966,12237,1.62086e+06,14.0966,11.7194,11.96,12.6541,2.21263,4.16949,0.989383,2.67766,5.84076,0.311842,3.14343,7.55825,0.0972771,3.63127,9.58578,0.0303237,4.15787,12.0912,0.00945211,4.73731,15.2286,0.00294633,5.38238,19.1721,0.000918508,6.10553,24.134,0.000286163,6.91951,30.3791,8.92692e-05,7.83792,38.2397,2.78121e-05,8.87555,48.1338,8.65134e-06,10.0489,60.5876,2.7882e-06,11.3761,76.2629,8.29036e-07,12.8779,95.9927,2.4373e-07,14.5775,120.825,4.33068e-09,16.5012,152.08,1.75749e-07,18.6784,191.415,-1.86328e-07,21.1428,240.917,1.91829e-07,23.9322,303.213,-1.81475e-07,27.0895,381.602,7.0186e-08,30.6634,480.231,-2.86769e-08,34.7087,604.316,2.40784e-07,39.2876,760.401,9.87368e-08,44.4705,956.705,1.22263e-07,50.3371,1203.54,-4.31966e-07,56.9776,1513.81,-1.9705e-07,64.494,1903.69,-2.763e-08,73.0018,2393.4,3.9185e-07,82.6317,3008.13,1.35379e-07,93.5318,3779.25,-4.16351e-08,105.869,4745.7,2.06965e-08,119.834,5955.6,-3.18887e-07,135.641,7468.12,-1.48271e-08,153.531,9355.62,2.00739e-07,173.781,11705.8,2.28358e-07,196.701,14624.1,-1.93587e-08,222.642,18235,-2.88101e-07,252.003,22683.4,-2.24732e-07,285.234,28134,8.56806e-09,322.845,34767,2.34258e-07,365.413,42770.9,2.99668e-07,413.588,52327.9,8.28644e-08,468.111,63591.2,-3.07049e-07,529.814,76653.2,-3.1888e-07,599.642,91502.5,-6.72276e-08,678.662,107975,2.26339e-07,768.083,125705,3.69212e-07,869.267,144088,2.04077e-07,983.76,162277,-2.80509e-07,1113.3,179223,-4.22737e-07,1259.87,193777,-1.71951e-07,1425.68,204839,4.55555e-07,11.7194,11.96,12.6541,2.21263,4.16949,0.989383,2.67766,5.84076,0.311842,3.14343,7.55825,0.0972771,3.63127,9.58578,0.0303237,4.15787,12.0912,0.00945211,4.73731,15.2286,0.00294633,5.38238,19.1721,0.000918508,6.10553,24.134,0.000286163,6.91951,30.3791,8.92692e-05,7.83792,38.2397,2.78121e-05,8.87555,48.1338,8.65134e-06,10.0489,60.5876,2.7882e-06,11.3761,76.2629,8.29036e-07,12.8779,95.9927,2.4373e-07,14.5775,120.825,1e-08,16.5012,152.08,1.75749e-07,18.6784,191.415,1e-08,21.1428,240.917,1.91829e-07,23.9322,303.213,1e-08,27.0895,381.602,7.0186e-08,30.6634,480.231,1e-08,34.7087,604.316,2.40784e-07,39.2876,760.401,9.87368e-08,44.4705,956.705,1.22263e-07,50.3371,1203.54,1e-08,56.9776,1513.81,1e-08,64.494,1903.69,1e-08,73.0018,2393.4,3.9185e-07,82.6317,3008.13,1.35379e-07,93.5318,3779.25,1e-08,105.869,4745.7,2.06965e-08,119.834,5955.6,1e-08,135.641,7468.12,1e-08,153.531,9355.62,2.00739e-07,173.781,11705.8,2.28358e-07,196.701,14624.1,1e-08,222.642,18235,1e-08,252.003,22683.4,1e-08,285.234,28134,1e-08,322.845,34767,2.34258e-07,365.413,42770.9,2.99668e-07,413.588,52327.9,8.28644e-08,468.111,63591.2,1e-08,529.814,76653.2,1e-08,599.642,91502.5,1e-08,678.662,107975,2.26339e-07,768.083,125705,3.69212e-07,869.267,144088,2.04077e-07,983.76,162277,1e-08,1113.3,179223,1e-08,1259.87,193777,1e-08,1425.68,204839,4.55555e-07,6.2823,3.27286,2.43537,0.219672,6.18826,2.24117,0.56371,6.87772,2.63624,0.308279,14,10,17,4,9,0,1,4,0,3,5,0,4,12,1,7,8,0,6,35,0,2,13,0,6,21,0,7,18,0,11,18,0,5,76,0,15,47,0,4,47,0,27,111,0,12,81,0,12,131,0,8,225,0,7,350,0,27,257,0,54,286,0,30,434,0,23,427,0,69,905,0,43,856,0,96,2136,0,19,2592,0,40,2752,0,142,660,0,113,2347,0,24,2309,0,68,5639,0,126,10321,0,108,3352,0,122,11347,0,306,6539,0,115,13591,0,122,17215,0,226,15637,0,213,26865,0,547,24134,0,289,59154,0,537,80530,0,558,79639,0,1120,68026,0,655,82965,0,783,84046,0,900,223416,0,797,122350,0,1069,99191,0,756,145861,0,982,305391,0,2021,168453,0
-1.05176e+08,9.49891e-51,8.88811e-15,10,1023,0,1.05176e+08,0.528882,1.08665,0.389689,0.145397,0.379329,3.24381,0.161596,0.446195,1.77396,0.159177,1.15e+07,4.49998e+06,6.79999e+06,1.15e+07,4.49997e+06,6.79999e+06,1.15e+07,4.49996e+06,6.79999e+06,1.15e+07,4.49995e+06,6.79999e+06,1.14999e+07,4.49993e+06,6.79999e+06,1.14999e+07,4.49991e+06,6.79999e+06,1.14999e+07,4.49989e+06,6.79999e+06,1.14999e+07,4.49986e+06,6.79999e+06,1.14999e+07,4.49982e+06,6.79999e+06,1.14999e+07,4.49977e+06,6.79999e+06,1.14999e+07,4.49971e+06,6.79999e+06,1.14999e+07,4.49963e+06,6.79999e+06,1.14998e+07,4.49953e+06,6.79999e+06,1.14998e+07,4.49941e+06,6.79999e+06,1.14998e+07,4.49926e+06,6.79999e+06,1.14998e+07,4.49906e+06,6.79999e+06,1.14997e+07,4.49882e+06,6.79999e+06,1.14997e+07,4.49851e+06,6.79999e+06,1.14997e+07,4.49812e+06,6.79999e+06,1.14996e+07,4.49764e+06,6.79999e+06,1.14996e+07,4.49702e+06,6.79999e+06,1.14995e+07,4.49625e+06,6.79999e+06,1.14995e+07,4.49528e+06,6.79999e+06,1.14994e+07,4.49406e+06,6.79999e+06,1.14993e+07,4.49253e+06,6.79999e+06,1.14992e+07,4.49059e+06,6.79999e+06,1.14991e+07,4.48817e+06,6.79999e+06,1.1499e+07,4.48511e+06,6.79999e+06,1.14988e+07,4.48128e+06,6.79999e+06,1.14987e+07,4.47646e+06,6.79999e+06,1.14985e+07,4.47041e+06,6.79999e+06,1.14983e+07,4.46281e+06,6.79999e+06,1.14981e+07,4.4533e+06,6.79999e+06,1.14979e+07,4.44138e+06,6.79999e+06,1.14976e+07,4.42649e+06,6.79999e+06,1.14972e+07,4.40789e+06,6.79999e+06,1.14969e+07,4.38471e+06,6.79999e+06,1.14965e+07,4.35592e+06,6.79999e+06,1.1496e+07,4.32027e+06,6.79999e+06,1.14955e+07,4.27629e+06,6.79999e+06,1.14949e+07,4.22231e+06,6.79999e+06,1.14942e+07,4.15647e+06,6.79999e+06,1.14934e+07,4.07676e+06,6.79999e+06,1.14926e+07,3.98112e+06,6.79999e+06,1.14916e+07,3.86765e+06,6.79999e+06,1.14905e+07,3.73474e+06,6.79999e+06,1.14892e+07,3.58148e+06,6.79999e+06,1.14878e+07,3.40785e+06,6.79999e+06,1.14862e+07,3.21513e+06,6.79999e+06,1.14844e+07,3.00605e+06,6.79999e+06,1.14823e+07,2.7848e+06,6.79999e+06,1.148e+07,2.5568e+06,6.79999e+06,1.14773e+07,2.32825e+06,6.79999e+06,13.5742,8.52444,0.508366,16.8306,13.2585,0.162638,20.0035,17.569,0.0507846,23.2616,22.4214,0.0158319,26.7328,28.3297,0.00493498,30.5212,35.6974,0.00153831,34.7178,44.9473,0.000479527,39.4086,56.5822,0.000149456,44.6796,71.2245,4.66214e-05,50.6209,89.6543,1.45419e-05,57.3297,112.852,4.54748e-06,64.9129,142.051,1.43857e-06,73.4897,178.803,4.36618e-07,83.1934,225.062,1.40153e-07,94.1745,283.286,4.96378e-08,106.602,356.568,1.05434e-07,120.669,448.799,-6.49244e-08,136.59,564.873,1.70148e-07,154.611,710.948,-5.34594e-08,175.008,894.767,1.63407e-07,198.097,1126.06,8.04804e-08,224.231,1417.07,1.14667e-07,253.813,1783.15,-1.71227e-07,287.297,2243.62,-2.88466e-07,325.198,2822.67,-4.33651e-07,368.098,3550.67,7.9318e-08,416.657,4465.65,3.13319e-07,471.621,5615.16,3.4613e-07,533.835,7058.61,-1.19199e-07,604.255,8870.02,-2.79964e-07,683.962,11141.4,-2.30521e-07,774.182,13986.7,-2.55099e-07,876.299,17546.4,1.23585e-07,991.883,21993.1,1.41192e-07,1122.71,27536.7,-9.71886e-08,1270.78,34430.7,-3.68368e-07,1438.38,42977.7,-3.45379e-07,1628.07,53532.7,-3.25328e-09,1842.77,66504.6,2.6362e-07,2085.77,82350.2,2.53445e-07,2360.79,101560,-2.47407e-08,2672.05,124632,-3.80602e-07,3024.31,152018,-4.79005e-07,3422.98,184060,-1.14379e-07,3874.15,220884,2.64297e-07,4384.72,262283,3.44131e-07,4962.49,307576,7.5349e-08,5616.29,355497,-3.63097e-07,6356.1,404126,-6.05442e-07,7193.18,450932,-2.72333e-07,8140.28,492963,2.29675e-07,9211.79,527178,4.3387e-07,10424,550893,-1.0711e-07,10.102,8.06553,2.81012,10.6436,8.57909,0.869423,11.5336,10.2515,0.270869,12.7211,12.7138,0.0844293,14.1823,15.9373,0.0263173,15.9122,20.0383,0.0082035,17.9198,25.2154,0.00255722,20.2244,31.7373,0.000797017,22.8539,39.9486,0.000248622,25.8438,50.2851,7.75492e-05,29.237,63.2963,2.42508e-05,33.0837,79.6738,7.67162e-06,37.4415,100.288,2.32837e-06,42.3767,126.236,7.33e-07,47.9646,158.896,2.79256e-07,54.2906,200.003,9.87351e-09,61.452,251.741,1.61085e-07,69.5585,316.859,-2.47141e-07,78.7347,398.812,8.93552e-08,89.1218,501.948,-2.53231e-07,100.879,631.736,-1.25047e-07,114.188,795.049,-1.78808e-07,129.252,1000.53,2.6733e-07,146.304,1259.03,4.50292e-07,165.605,1584.19,6.76904e-07,187.452,1993.12,-1.23808e-07,212.181,2507.27,-4.89068e-07,240.173,3153.54,-5.40284e-07,271.856,3965.56,1.86061e-07,307.719,4985.38,4.37004e-07,348.313,6265.4,3.59828e-07,394.26,7870.83,3.98192e-07,446.268,9882.51,-1.92908e-07,505.135,12400.3,-2.20392e-07,571.766,15546.9,1.51705e-07,647.184,19472.2,5.74996e-07,732.547,24357.4,5.39112e-07,829.167,30420,5.07815e-09,938.526,37916.3,-4.11492e-07,1062.3,47143.9,-3.9561e-07,1202.4,58439.2,3.86185e-08,1360.96,72169.3,5.94093e-07,1540.42,88715.8,7.47693e-07,1743.53,108445,1.78537e-07,1973.41,131665,-4.12549e-07,2233.57,158557,-5.37164e-07,2528,189103,-1.17615e-07,2861.2,222986,5.66769e-07,3238.27,259510,9.45053e-07,3664.97,297540,4.25093e-07,4147.81,335497,-3.58506e-07,4694.17,371444,-6.7724e-07,5312.37,403256,1.67192e-07,1.61744,3.89446,9.84394,3.28846,7.5504,12.774,5.07607,11.7187,13.6844,7.03202,16.8147,13.9681,9.20215,23.1769,14.0566,11.6301,31.1672,14.0841,14.3598,41.2186,14.0927,17.4376,53.8688,14.0954,20.9137,69.7915,14.0962,24.8432,89.8341,14.0965,29.2879,115.063,14.0966,34.3168,146.819,14.0966,40.0078,186.792,14.0966,46.4487,237.107,14.0966,53.7388,300.44,14.0966,61.9903,380.158,14.0966,71.3301,480.499,14.0966,81.902,606.796,14.0966,93.8685,765.761,14.0966,107.414,965.837,14.0966,122.746,1217.65,14.0966,140.101,1534.57,14.0966,159.745,1933.41,14.0966,181.981,2435.3,14.0966,207.15,3066.85,14.0966,235.64,3861.46,14.0966,267.889,4861.11,14.0966,304.391,6118.54,14.0966,345.709,7699.91,14.0966,392.478,9688.22,14.0966,445.417,12187.5,14.0966,505.339,15327.7,14.0966,573.165,19271.6,14.0966,649.938,24222,14.0966,736.839,30430.9,14.0966,835.202,38211.5,14.0966,946.539,47950.3,14.0966,1072.56,60122.8,14.0966,1215.21,75309.9,14.0966,1376.66,94216.2,14.0966,1559.41,117688,14.0966,1766.26,146729,14.0966,2000.39,182510,14.0966,2265.39,226372,14.0966,2565.33,279806,14.0966,2904.81,344416,14.0966,3289.05,421845,14.0966,3723.93,513667,14.0966,4216.13,621231,14.0966,4773.18,745478,14.0966,5403.64,886744,14.0966,6117.15,1.04457e+06,14.0966,6924.63,1.2176e+06,14.0966,11.7194,11.96,12.6541,13.9321,16.1295,13.6434,16.6097,21.9702,13.9553,19.7532,29.5285,14.0526,23.3844,39.1143,14.0829,27.5423,51.2054,14.0923,32.2796,66.434,14.0953,37.662,85.6061,14.0962,43.7675,109.74,14.0965,50.687,140.119,14.0966,58.5249,178.359,14.0966,67.4005,226.493,14.0966,77.4493,287.08,14.0966,88.8254,363.343,14.0966,101.703,459.336,14.0966,116.281,580.161,14.0966,132.782,732.241,14.0966,151.46,923.655,14.0966,172.603,1164.57,14.0966,196.535,1467.79,14.0966,223.625,1849.39,14.0966,254.288,2329.62,14.0966,288.997,2933.93,14.0966,328.285,3694.33,14.0966,372.755,4651.04,14.0966,423.092,5854.57,14.0966,480.07,7368.38,14.0966,544.564,9272.08,14.0966,617.566,11665.5,14.0966,700.197,14673.6,14.0966,793.729,18452.9,14.0966,899.599,23198.6,14.0966,1019.43,29154.1,14.0966,1155.07,36622.3,14.0966,1308.6,45977.9,14.0966,1482.39,57683.7,14.0966,1679.09,72307.8,14.0966,1901.73,90542.8,14.0966,2153.73,113226,14.0966,2438.97,141360,14.0966,2761.81,176127,14.0966,3127.22,218898,14.0966,3540.81,271226,14.0966,4008.92,334817,14.0966,4538.74,411470,14.0966,5138.38,502973,14.0966,5817.04,610948,14.0966,6585.12,736653,14.0966,7454.39,880741,14.0966,8438.15,1.04302e+06,14.0966,9551.45,1.22224e+06,14.0966,10811.3,1.41602e+06,14.0966,12237,1.62086e+06,14.0966,11.7194,11.96,12.6541,2.21263,4.16949,0.989383,2.67766,5.84076,0.311842,3.14343,7.55825,0.0972771,3.63127,9.58578,0.0303237,4.15787,12.0912,0.00945211,4.73731,15.2286,0.00294633,5.38238,19.1721,0.000918508,6.10553,24.134,0.000286163,6.91951,30.3791,8.92692e-05,7.83792,38.2397,2.78121e-05,8.87555,48.1338,8.65134e-06,10.0489,60.5876,2.7882e-06,11.3761,76.2629,8.29036e-07,12.8779,95.9927,2.4373e-07,14.5775,120.825,4.33068e-09,16.5012,152.08,1.75749e-07,18.6784,191.415,-1.86328e-07,21.1428,240.917,1.91829e-07,23.9322,303.213,-1.81475e-07,27.0895,381.602,7.0186e-08,30.6634,480.231,-2.86769e-08,34.7087,604.316,2.40784e-07,39.2876,760.401,9.87368e-08,44.4705,956.705,1.22263e-07,50.3371,1203.54,-4.31966e-07,56.9776,1513.81,-1.9705e-07,64.494,1903.69,-2.763e-08,73.0018,2393.4,3.9185e-07,82.6317,3008.13,1.35379e-07,93.5318,3779.25,-4.16351e-08,105.869,4745.7,2.06965e-08,119.834,5955.6,-3.18887e-07,135.641,7468.12,-1.48271e-08,153.531,9355.62,2.00739e-07,173.781,11705.8,2.28358e-07,196.701,14624.1,-1.93587e-08,222.642,18235,-2.88101e-07,252.003,22683.4,-2.24732e-07,285.234,28134,8.56806e-09,322.845,34767,2.34258e-07,365.413,42770.9,2.99668e-07,413.588,52327.9,8.28644e-08,468.111,63591.2,-3.07049e-07,529.814,76653.2,-3.1888e-07,599.642,91502.5,-6.72276e-08,678.662,107975,2.26339e-07,768.083,125705,3.69212e-07,869.267,144088,2.04077e-07,983.76,162277,-2.80509e-07,1113.3,179223,-4.22737e-07,1259.87,193777,-1.71951e-07,1425.68,204839,4.55555e-07,11.7194,11.96,12.6541,2.21263,4.16949,0.989383,2.67766,5.84076,0.311842,3.14343,7.55825,0.0972771,3.63127,9.58578,0.0303237,4.15787,12.0912,0.00945211,4.73731,15.2286,0.00294633,5.38238,19.1721,0.000918508,6.10553,24.134,0.000286163,6.91951,30.3791,8.92692e-05,7.83792,38.2397,2.78121e-05,8.87555,48.1338,8.65134e-06,10.0489,60.5876,2.7882e-06,11.3761,76.2629,8.29036e-07,12.8779,95.9927,2.4373e-07,14.5775,120.825,1e-08,16.5012,152.08,1.75749e-07,18.6784,191.415,1e-08,21.1428,240.917,1.91829e-07,23.9322,303.213,1e-08,27.0895,381.602,7.0186e-08,30.6634,480.231,1e-08,34.7087,604.316,2.40784e-07,39.2876,760.401,9.87368e-08,44.4705,956.705,1.22263e-07,50.3371,1203.54,1e-08,56.9776,1513.81,1e-08,64.494,1903.69,1e-08,73.0018,2393.4,3.9185e-07,82.6317,3008.13,1.35379e-07,93.5318,3779.25,1e-08,105.869,4745.7,2.06965e-08,119.834,5955.6,1e-08,135.641,7468.12,1e-08,153.531,9355.62,2.00739e-07,173.781,11705.8,2.28358e-07,196.701,14624.1,1e-08,222.642,18235,1e-08,252.003,22683.4,1e-08,285.234,28134,1e-08,322.845,34767,2.34258e-07,365.413,42770.9,2.99668e-07,413.588,52327.9,8.28644e-08,468.111,63591.2,1e-08,529.814,76653.2,1e-08,599.642,91502.5,1e-08,678.662,107975,2.26339e-07,768.083,125705,3.69212e-07,869.267,144088,2.04077e-07,983.76,162277,1e-08,1113.3,179223,1e-08,1259.87,193777,1e-08,1425.68,204839,4.55555e-07,6.2823,3.27286,2.43537,0.219672,6.18826,2.24117,0.56371,6.87772,2.63624,0.308279,27,13,8,4,4,3,1,5,0,3,8,0,6,13,0,3,11,0,3,8,0,5,8,0,10,15,0,5,24,0,8,23,0,5,20,0,9,83,0,9,141,0,7,144,0,18,151,0,10,184,0,10,177,0,46,206,0,31,262,0,29,290,0,43,405,0,22,565,0,28,1055,0,71,1835,0,41,373,0,17,1345,0,70,2077,0,67,1177,0,112,2730,0,128,6136,0,131,4721,0,129,4796,0,34,6261,0,184,16939,0,358,6242,0,179,12483,0,245,13260,0,243,34023,0,330,19066,0,402,27764,0,430,37640,0,455,32159,0,273,72011,0,377,65554,0,663,119049,0,882,82886,0,1016,94821,0,436,164826,0,1100,78669,0,574,276968,0,1350,152709,0,1561,307452,0
-1.05176e+08,1,8.88811e-15,10,1023,0,1.05176e+08,0.528882,1.08665,0.389689,0.145397,0.379329,3.24381,0.161596,0.446195,1.77396,0.159177,1.15e+07,4.49998e+06,6.79999e+06,1.15e+07,4.49997e+06,6.79999e+06,1.15e+07,4.49996e+06,6.79999e+06,1.15e+07,4.49995e+06,6.79999e+06,1.14999e+07,4.49993e+06,6.79999e+06,1.14999e+07,4.49991e+06,6.79999e+06,1.14999e+07,4.49989e+06,6.79999e+06,1.14999e+07,4.49986e+06,6.79999e+06,1.14999e+07,4.49982e+06,6.79999e+06,1.14999e+07,4.49977e+06,6.79999e+06,1.14999e+07,4.49971e+06,6.79999e+06,1.14999e+07,4.49963e+06,6.79999e+06,1.14998e+07,4.49953e+06,6.79999e+06,1.14998e+07,4.49941e+06,6.79999e+06,1.14998e+07,4.49926e+06,6.79999e+06,1.14998e+07,4.49906e+06,6.79999e+06,1.14997e+07,4.49882e+06,6.79999e+06,1.14997e+07,4.49851e+06,6.79999e+06,1.14997e+07,4.49812e+06,6.79999e+06,1.14996e+07,4.49764e+06,6.79999e+06,1.14996e+07,4.49702e+06,6.79999e+06,1.14995e+07,4.49625e+06,6.79999e+06,1.14995e+07,4.49528e+06,6.79999e+06,1.14994e+07,4.49406e+06,6.79999e+06,1.14993e+07,4.49253e+06,6.79999e+06,1.14992e+07,4.49059e+06,6.79999e+06,1.14991e+07,4.48817e+06,6.79999e+06,1.1499e+07,4.48511e+06,6.79999e+06,1.14988e+07,4.48128e+06,6.79999e+06,1.14987e+07,4.47646e+06,6.79999e+06,1.14985e+07,4.47041e+06,6.79999e+06,1.14983e+07,4.46281e+06,6.79999e+06,1.14981e+07,4.4533e+06,6.79999e+06,1.14979e+07,4.44138e+06,6.79999e+06,1.14976e+07,4.42649e+06,6.79999e+06,1.14972e+07,4.40789e+06,6.79999e+06,1.14969e+07,4.38471e+06,6.79999e+06,1.14965e+07,4.35592e+06,6.79999e+06,1.1496e+07,4.32027e+06,6.79999e+06,1.14955e+07,4.27629e+06,6.79999e+06,1.14949e+07,4.22231e+06,6.79999e+06,1.14942e+07,4.15647e+06,6.79999e+06,1.14934e+07,4.07676e+06,6.79999e+06,1.14926e+07,3.98112e+06,6.79999e+06,1.14916e+07,3.86765e+06,6.79999e+06,1.14905e+07,3.73474e+06,6.79999e+06,1.14892e+07,3.58148e+06,6.79999e+06,1.14878e+07,3.40785e+06,6.79999e+06,1.14862e+07,3.21513e+06,6.79999e+06,1.14844e+07,3.00605e+06,6.79999e+06,1.14823e+07,2.7848e+06,6.79999e+06,1.148e+07,2.5568e+06,6.79999e+06,1.14773e+07,2.32825e+06,6.79999e+06,13.5742,8.52444,0.508366,16.8306,13.2585,0.162638,20.0035,17.569,0.0507846,23.2616,22.4214,0.0158319,26.7328,28.3297,0.00493498,30.5212,35.6974,0.00153831,34.7178,44.9473,0.000479527,39.4086,56.5822,0.000149456,44.6796,71.2245,4.66214e-05,50.6209,89.6543,1.45419e-05,57.3297,112.852,4.54748e-06,64.9129,142.051,1.43857e-06,73.4897,178.803,4.36618e-07,83.1934,225.062,1.40153e-07,94.1745,283.286,4.96378e-08,106.602,356.568,1.05434e-07,120.669,448.799,-6.49244e-08,136.59,564.873,1.70148e-07,154.611,710.948,-5.34594e-08,175.008,894.767,1.63407e-07,198.097,1126.06,8.04804e-08,224.231,1417.07,1.14667e-07,253.813,1783.15,-1.71227e-07,287.297,2243.62,-2.88466e-07,325.198,2822.67,-4.33651e-07,368.098,3550.67,7.9318e-08,416.657,4465.65,3.13319e-07,471.621,5615.16,3.4613e-07,533.835,7058.61,-1.19199e-07,604.255,8870.02,-2.79964e-07,683.962,11141.4,-2.30521e-07,774.182,13986.7,-2.55099e-07,876.299,17546.4,1.23585e-07,991.883,21993.1,1.41192e-07,1122.71,27536.7,-9.71886e-08,1270.78,34430.7,-3.68368e-07,1438.38,42977.7,-3.45379e-07,1628.07,53532.7,-3.25328e-09,1842.77,66504.6,2.6362e-07,2085.77,82350.2,2.53445e-07,2360.79,101560,-2.47407e-08,2672.05,124632,-3.80602e-07,3024.31,152018,-4.79005e-07,3422.98,184060,-1.14379e-07,3874.15,220884,2.64297e-07,4384.72,262283,3.44131e-07,4962.49,307576,7.5349e-08,5616.29,355497,-3.63097e-07,6356.1,404126,-6.05442e-07,7193.18,450932,-2.72333e-07,8140.28,492963,2.29675e-07,9211.79,527178,4.3387e-07,10424,550893,-1.0711e-07,10.102,8.06553,2.81012,10.6436,8.57909,0.869423,11.5336,10.2515,0.270869,12.7211,12.7138,0.0844293,14.1823,15.9373,0.0263173,15.9122,20.0383,0.0082035,17.9198,25.2154,0.00255722,20.2244,31.7373,0.000797017,22.8539,39.9486,0.000248622,25.8438,50.2851,7.75492e-05,29.237,63.2963,2.42508e-05,33.0837,79.6738,7.67162e-06,37.4415,100.288,2.32837e-06,42.3767,126.236,7.33e-07,47.9646,158.896,2.79256e-07,54.2906,200.003,9.87351e-09,61.452,251.741,1.61085e-07,69.5585,316.859,-2.47141e-07,78.7347,398.812,8.93552e-08,89.1218,501.948,-2.53231e-07,100.879,631.736,-1.25047e-07,114.188,795.049,-1.78808e-07,129.252,1000.53,2.6733e-07,146.304,1259.03,4.50292e-07,165.605,1584.19,6.76904e-07,187.452,1993.12,-1.23808e-07,212.181,2507.27,-4.89068e-07,240.173,3153.54,-5.40284e-07,271.856,3965.56,1.86061e-07,307.719,4985.38,4.37004e-07,348.313,6265.4,3.59828e-07,394.26,7870.83,3.98192e-07,446.268,9882.51,-1.92908e-07,505.135,12400.3,-2.20392e-07,571.766,15546.9,1.51705e-07,647.184,19472.2,5.74996e-07,732.547,24357.4,5.39112e-07,829.167,30420,5.07815e-09,938.526,37916.3,-4.11492e-07,1062.3,47143.9,-3.9561e-07,1202.4,58439.2,3.86185e-08,1360.96,72169.3,5.94093e-07,1540.42,88715.8,7.47693e-07,1743.53,108445,1.78537e-07,1973.41,131665,-4.12549e-07,2233.57,158557,-5.37164e-07,2528,189103,-1.17615e-07,2861.2,222986,5.66769e-07,3238.27,259510,9.45053e-07,3664.97,297540,4.25093e-07,4147.81,335497,-3.58506e-07,4694.17,371444,-6.7724e-07,5312.37,403256,1.67192e-07,1.61744,3.89446,9.84394,3.28846,7.5504,12.774,5.07607,11.7187,13.6844,7.03202,16.8147,13.9681,9.20215,23.1769,14.0566,11.6301,31.1672,14.0841,14.3598,41.2186,14.0927,17.4376,53.8688,14.0954,20.9137,69.7915,14.0962,24.8432,89.8341,14.0965,29.2879,115.063,14.0966,34.3168,146.819,14.0966,40.0078,186.792,14.0966,46.4487,237.107,14.0966,53.7388,300.44,14.0966,61.9903,380.158,14.0966,71.3301,480.499,14.0966,81.902,606.796,14.0966,93.8685,765.761,14.0966,107.414,965.837,14.0966,122.746,1217.65,14.0966,140.101,1534.57,14.0966,159.745,1933.41,14.0966,181.981,2435.3,14.0966,207.15,3066.85,14.0966,235.64,3861.46,14.0966,267.889,4861.11,14.0966,304.391,6118.54,14.0966,345.709,7699.91,14.0966,392.478,9688.22,14.0966,445.417,12187.5,14.0966,505.339,15327.7,14.0966,573.165,19271.6,14.0966,649.938,24222,14.0966,736.839,30430.9,14.0966,835.202,38211.5,14.0966,946.539,47950.3,14.0966,1072.56,60122.8,14.0966,1215.21,75309.9,14.0966,1376.66,94216.2,14.0966,1559.41,117688,14.0966,1766.26,146729,14.0966,2000.39,182510,14.0966,2265.39,226372,14.0966,2565.33,279806,14.0966,2904.81,344416,14.0966,3289.05,421845,14.0966,3723.93,513667,14.0966,4216.13,621231,14.0966,4773.18,745478,14.0966,5403.64,886744,14.0966,6117.15,1.04457e+06,14.0966,6924.63,1.2176e+06,14.0966,11.7194,11.96,12.6541,13.9321,16.1295,13.6434,16.6097,21.9702,13.9553,19.7532,29.5285,14.0526,23.3844,39.1143,14.0829,27.5423,51.2054,14.0923,32.2796,66.434,14.0953,37.662,85.6061,14.0962,43.7675,109.74,14.0965,50.687,140.119,14.0966,58.5249,178.359,14.0966,67.4005,226.493,14.0966,77.4493,287.08,14.0966,88.8254,363.343,14.0966,101.703,459.336,14.0966,116.281,580.161,14.0966,132.782,732.241,14.0966,151.46,923.655,14.0966,172.603,1164.57,14.0966,196.535,1467.79,14.0966,223.625,1849.39,14.0966,254.288,2329.62,14.0966,288.997,2933.93,14.0966,328.285,3694.33,14.0966,372.755,4651.04,14.0966,423.092,5854.57,14.0966,480.07,7368.38,14.0966,544.564,9272.08,14.0966,617.566,11665.5,14.0966,700.197,14673.6,14.0966,793.729,18452.9,14.0966,899.599,23198.6,14.0966,1019.43,29154.1,14.0966,1155.07,36622.3,14.0966,1308.6,45977.9,14.0966,1482.39,57683.7,14.0966,1679.09,72307.8,14.0966,1901.73,90542.8,14.0966,2153.73,113226,14.0966,2438.97,141360,14.0966,2761.81,176127,14.0966,3127.22,218898,14.0966,3540.81,271226,14.0966,4008.92,334817,14.0966,4538.74,411470,14.0966,5138.38,502973,14.0966,5817.04,610948,14.0966,6585.12,736653,14.0966,7454.39,880741,14.0966,8438.15,1.04302e+06,14.0966,9551.45,1.22224e+06,14.0966,10811.3,1.41602e+06,14.0966,12237,1.62086e+06,14.0966,11.7194,11.96,12.6541,2.21263,4.16949,0.989383,2.67766,5.84076,0.311842,3.14343,7.55825,0.0972771,3.63127,9.58578,0.0303237,4.15787,12.0912,0.00945211,4.73731,15.2286,0.00294633,5.38238,19.1721,0.000918508,6.10553,24.134,0.000286163,6.91951,30.3791,8.92692e-05,7.83792,38.2397,2.78121e-05,8.87555,48.1338,8.65134e-06,10.0489,60.5876,2.7882e-06,11.3761,76.2629,8.29036e-07,12.8779,95.9927,2.4373e-07,14.5775,120.825,4.33068e-09,16.5012,152.08,1.75749e-07,18.6784,191.415,-1.86328e-07,21.1428,240.917,1.91829e-07,23.9322,303.213,-1.81475e-07,27.0895,381.602,7.0186e-08,30.6634,480.231,-2.86769e-08,34.7087,604.316,2.40784e-07,39.2876,760.401,9.87368e-08,44.4705,956.705,1.22263e-07,50.3371,1203.54,-4.31966e-07,56.9776,1513.81,-1.9705e-07,64.494,1903.69,-2.763e-08,73.0018,2393.4,3.9185e-07,82.6317,3008.13,1.35379e-07,93.5318,3779.25,-4.16351e-08,105.869,4745.7,2.06965e-08,119.834,5955.6,-3.18887e-07,135.641,7468.12,-1.48271e-08,153.531,9355.62,2.00739e-07,173.781,11705.8,2.28358e-07,196.701,14624.1,-1.93587e-08,222.642,18235,-2.88101e-07,252.003,22683.4,-2.24732e-07,285.234,28134,8.56806e-09,322.845,34767,2.34258e-07,365.413,42770.9,2.99668e-07,413.588,52327.9,8.28644e-08,468.111,63591.2,-3.07049e-07,529.814,76653.2,-3.1888e-07,599.642,91502.5,-6.72276e-08,678.662,107975,2.26339e-07,768.083,125705,3.69212e-07,869.267,144088,2.04077e-07,983.76,162277,-2.80509e-07,1113.3,179223,-4.22737e-07,1259.87,193777,-1.71951e-07,1425.68,204839,4.55555e-07,11.7194,11.96,12.6541,2.21263,4.16949,0.989383,2.67766,5.84076,0.311842,3.14343,7.55825,0.0972771,3.63127,9.58578,0.0303237,4.15787,12.0912,0.00945211,4.73731,15.2286,0.00294633,5.38238,19.1721,0.000918508,6.10553,24.134,0.000286163,6.91951,30.3791,8.92692e-05,7.83792,38.2397,2.78121e-05,8.87555,48.1338,8.65134e-06,10.0489,60.5876,2.7882e-06,11.3761,76.2629,8.29036e-07,12.8779,95.9927,2.4373e-07,14.5775,120.825,1e-08,16.5012,152.08,1.75749e-07,18.6784,191.415,1e-08,21.1428,240.917,1.91829e-07,23.9322,303.213,1e-08,27.0895,381.602,7.0186e-08,30.6634,480.231,1e-08,34.7087,604.316,2.40784e-07,39.2876,760.401,9.87368e-08,44.4705,956.705,1.22263e-07,50.3371,1203.54,1e-08,56.9776,1513.81,1e-08,64.494,1903.69,1e-08,73.0018,2393.4,3.9185e-07,82.6317,3008.13,1.35379e-07,93.5318,3779.25,1e-08,105.869,4745.7,2.06965e-08,119.834,5955.6,1e-08,135.641,7468.12,1e-08,153.531,9355.62,2.00739e-07,173.781,11705.8,2.28358e-07,196.701,14624.1,1e-08,222.642,18235,1e-08,252.003,22683.4,1e-08,285.234,28134,1e-08,322.845,34767,2.34258e-07,365.413,42770.9,2.99668e-07,413.588,52327.9,8.28644e-08,468.111,63591.2,1e-08,529.814,76653.2,1e-08,599.642,91502.5,1e-08,678.662,107975,2.26339e-07,768.083,125705,3.69212e-07,869.267,144088,2.04077e-07,983.76,162277,1e-08,1113.3,179223,1e-08,1259.87,193777,1e-08,1425.68,204839,4.55555e-07,6.2823,3.27286,2.43537,0.219672,6.18826,2.24117,0.56371,6.87772,2.63624,0.308279,5,3,9,0,0,0,2,5,1,1,4,0,2,12,0,5,12,0,3,15,0,8,24,0,3,20,0,3,31,0,14,21,0,9,99,0,6,78,0,18,56,0,17,107,0,16,140,0,19,185,0,20,61,0,40,264,0,21,473,0,18,535,0,29,528,0,52,347,0,22,861,0,67,708,0,80,819,0,83,897,0,40,2053,0,35,1542,0,111,1978,0,94,5081,0,107,2847,0,129,2619,0,236,11972,0,145,12577,0,94,10874,0,139,9745,0,321,15022,0,220,19005,0,403,17463,0,96,27459,0,414,18576,0,237,31154,0,445,46743,0,597,101520,0,297,108179,0,1073,105428,0,837,116555,0,538,99943,0,529,194574,0,833,148570,0,575,116039,0,2550,326048,0
-1.05176e+08,1,8.88811e-15,10,1023,0,1.05176e+08,0.528882,1.08665,0.389689,0.145397,0.379329,3.24381,0.161596,0.446195,1.77396,0.159177,1.15e+07,4.49998e+06,6.79999e+06,1.15e+07,4.49997e+06,6.79999e+06,1.15e+07,4.49996e+06,6.79999e+06,1.15e+07,4.49995e+06,6.79999e+06,1.14999e+07,4.49993e+06,6.79999e+06,1.14999e+07,4.49991e+06,6.79999e+06,1.14999e+07,4.49989e+06,6.79999e+06,1.14999e+07,4.49986e+06,6.79999e+06,1.14999e+07,4.49982e+06,6.79999e+06,1.14999e+07,4.49977e+06,6.79999e+06,1.14999e+07,4.49971e+06,6.79999e+06,1.14999e+07,4.49963e+06,6.79999e+06,1.14998e+07,4.49953e+06,6.79999e+06,1.14998e+07,4.49941e+06,6.79999e+06,1.14998e+07,4.49926e+06,6.79999e+06,1.14998e+07,4.49906e+06,6.79999e+06,1.14997e+07,4.49882e+06,6.79999e+06,1.14997e+07,4.49851e+06,6.79999e+06,1.14997e+07,4.49812e+06,6.79999e+06,1.14996e+07,4.49764e+06,6.79999e+06,1.14996e+07,4.49702e+06,6.79999e+06,1.14995e+07,4.49625e+06,6.79999e+06,1.14995e+07,4.49528e+06,6.79999e+06,1.14994e+07,4.49406e+06,6.79999e+06,1.14993e+07,4.49253e+06,6.79999e+06,1.14992e+07,4.49059e+06,6.79999e+06,1.14991e+07,4.48817e+06,6.79999e+06,1.1499e+07,4.48511e+06,6.79999e+06,1.14988e+07,4.48128e+06,6.79999e+06,1.14987e+07,4.47646e+06,6.79999e+06,1.14985e+07,4.47041e+06,6.79999e+06,1.14983e+07,4.46281e+06,6.79999e+06,1.14981e+07,4.4533e+06,6.79999e+06,1.14979e+07,4.44138e+06,6.79999e+06,1.14976e+07,4.42649e+06,6.79999e+06,1.14972e+07,4.40789e+06,6.79999e+06,1.14969e+07,4.38471e+06,6.79999e+06,1.14965e+07,4.35592e+06,6.79999e+06,1.1496e+07,4.32027e+06,6.79999e+06,1.14955e+07,4.27629e+06,6.79999e+06,1.14949e+07,4.22231e+06,6.79999e+06,1.14942e+07,4.15647e+06,6.79999e+06,1.14934e+07,4.07676e+06,6.79999e+06,1.14926e+07,3.98112e+06,6.79999e+06,1.14916e+07,3.86765e+06,6.79999e+06,1.14905e+07,3.73474e+06,6.79999e+06,1.14892e+07,3.58148e+06,6.79999e+06,1.14878e+07,3.40785e+06,6.79999e+06,1.14862e+07,3.21513e+06,6.79999e+06,1.14844e+07,3.00605e+06,6.79999e+06,1.14823e+07,2.7848e+06,6.79999e+06,1.148e+07,2.5568e+06,6.79999e+06,1.14773e+07,2.32825e+06,6.79999e+06,13.5742,8.52444,0.508366,16.8306,13.2585,0.162638,20.0035,17.569,0.0507846,23.2616,22.4214,0.0158319,26.7328,28.3297,0.00493498,30.5212,35.6974,0.00153831,34.7178,44.9473,0.000479527,39.4086,56.5822,0.000149456,44.6796,71.2245,4.66214e-05,50.6209,89.6543,1.45419e-05,57.3297,112.852,4.54748e-06,64.9129,142.051,1.43857e-06,73.4897,178.803,4.36618e-07,83.1934,225.062,1.40153e-07,94.1745,283.286,4.96378e-08,106.602,356.568,1.05434e-07,120.669,448.799,-6.49244e-08,136.59,564.873,1.70148e-07,154.611,710.948,-5.34594e-08,175.008,894.767,1.63407e-07,198.097,1126.06,8.04804e-08,224.231,1417.07,1.14667e-07,253.813,1783.15,-1.71227e-07,287.297,2243.62,-2.88466e-07,325.198,2822.67,-4.33651e-07,368.098,3550.67,7.9318e-08,416.657,4465.65,3.13319e-07,471.621,5615.16,3.4613e-07,533.835,7058.61,-1.19199e-07,604.255,8870.02,-2.79964e-07,683.962,11141.4,-2.30521e-07,774.182,13986.7,-2.55099e-07,876.299,17546.4,1.23585e-07,991.883,21993.1,1.41192e-07,1122.71,27536.7,-9.71886e-08,1270.78,34430.7,-3.68368e-07,1438.38,42977.7,-3.45379e-07,1628.07,53532.7,-3.25328e-09,1842.77,66504.6,2.6362e-07,2085.77,82350.2,2.53445e-07,2360.79,101560,-2.47407e-08,2672.05,124632,-3.80602e-07,3024.31,152018,-4.79005e-07,3422.98,184060,-1.14379e-07,3874.15,220884,2.64297e-07,4384.72,262283,3.44131e-07,4962.49,307576,7.5349e-08,5616.29,355497,-3.63097e-07,6356.1,404126,-6.05442e-07,7193.18,450932,-2.72333e-07,8140.28,492963,2.29675e-07,9211.79,527178,4.3387e-07,10424,550893,-1.0711e-07,10.102,8.06553,2.81012,10.6436,8.57909,0.869423,11.5336,10.2515,0.270869,12.7211,12.7138,0.0844293,14.1823,15.9373,0.0263173,15.9122,20.0383,0.0082035,17.9198,25.2154,0.00255722,20.2244,31.7373,0.000797017,22.8539,39.9486,0.000248622,25.8438,50.2851,7.75492e-05,29.237,63.2963,2.42508e-05,33.0837,79.6738,7.67162e-06,37.4415,100.288,2.32837e-06,42.3767,126.236,7.33e-07,47.9646,158.896,2.79256e-07,54.2906,200.003,9.87351e-09,61.452,251.741,1.61085e-07,69.5585,316.859,-2.47141e-07,78.7347,398.812,8.93552e-08,89.1218,501.948,-2.53231e-07,100.879,631.736,-1.25047e-07,114.188,795.049,-1.78808e-07,129.252,1000.53,2.6733e-07,146.304,1259.03,4.50292e-07,165.605,1584.19,6.76904e-07,187.452,1993.12,-1.23808e-07,212.181,2507.27,-4.89068e-07,240.173,3153.54,-5.40284e-07,271.856,3965.56,1.86061e-07,307.719,4985.38,4.37004e-07,348.313,6265.4,3.59828e-07,394.26,7870.83,3.98192e-07,446.268,9882.51,-1.92908e-07,505.135,12400.3,-2.20392e-07,571.766,15546.9,1.51705e-07,647.184,19472.2,5.74996e-07,732.547,24357.4,5.39112e-07,829.167,30420,5.07815e-09,938.526,37916.3,-4.11492e-07,1062.3,47143.9,-3.9561e-07,1202.4,58439.2,3.86185e-08,1360.96,72169.3,5.94093e-07,1540.42,88715.8,7.47693e-07,1743.53,108445,1.78537e-07,1973.41,131665,-4.12549e-07,2233.57,158557,-5.37164e-07,2528,189103,-1.17615e-07,2861.2,222986,5.66769e-07,3238.27,259510,9.45053e-07,3664.97,297540,4.25093e-07,4147.81,335497,-3.58506e-07,4694.17,371444,-6.7724e-07,5312.37,403256,1.67192e-07,1.61744,3.89446,9.84394,3.28846,7.5504,12.774,5.07607,11.7187,13.6844,7.03202,16.8147,13.9681,9.20215,23.1769,14.0566,11.6301,31.1672,14.0841,14.3598,41.2186,14.0927,17.4376,53.8688,14.0954,20.9137,69.7915,14.0962,24.8432,89.8341,14.0965,29.2879,115.063,14.0966,34.3168,146.819,14.0966,40.0078,186.792,14.0966,46.4487,237.107,14.0966,53.7388,300.44,14.0966,61.9903,380.158,14.0966,71.3301,480.499,14.0966,81.902,606.796,14.0966,93.8685,765.761,14.0966,107.414,965.837,14.0966,122.746,1217.65,14.0966,140.101,1534.57,14.0966,159.745,1933.41,14.0966,181.981,2435.3,14.0966,207.15,3066.85,14.0966,235.64,3861.46,14.0966,267.889,4861.11,14.0966,304.391,6118.54,14.0966,345.709,7699.91,14.0966,392.478,9688.22,14.0966,445.417,12187.5,14.0966,505.339,15327.7,14.0966,573.165,19271.6,14.0966,649.938,24222,14.0966,736.839,30430.9,14.0966,835.202,38211.5,14.0966,946.539,47950.3,14.0966,1072.56,60122.8,14.0966,1215.21,75309.9,14.0966,1376.66,94216.2,14.0966,1559.41,117688,14.0966,1766.26,146729,14.0966,2000.39,182510,14.0966,2265.39,226372,14.0966,2565.33,279806,14.0966,2904.81,344416,14.0966,3289.05,421845,14.0966,3723.93,513667,14.0966,4216.13,621231,14.0966,4773.18,745478,14.0966,5403.64,886744,14.0966,6117.15,1.04457e+06,14.0966,6924.63,1.2176e+06,14.0966,11.7194,11.96,12.6541,13.9321,16.1295,13.6434,16.6097,21.9702,13.9553,19.7532,29.5285,14.0526,23.3844,39.1143,14.0829,27.5423,51.2054,14.0923,32.2796,66.434,14.0953,37.662,85.6061,14.0962,43.7675,109.74,14.0965,50.687,140.119,14.0966,58.5249,178.359,14.0966,67.4005,226.493,14.0966,77.4493,287.08,14.0966,88.8254,363.343,14.0966,101.703,459.336,14.0966,116.281,580.161,14.0966,132.782,732.241,14.0966,151.46,923.655,14.0966,172.603,1164.57,14.0966,196.535,1467.79,14.0966,223.625,1849.39,14.0966,254.288,2329.62,14.0966,288.997,2933.93,14.0966,328.285,3694.33,14.0966,372.755,4651.04,14.0966,423.092,5854.57,14.0966,480.07,7368.38,14.0966,544.564,9272.08,14.0966,617.566,11665.5,14.0966,700.197,14673.6,14.0966,793.729,18452.9,14.0966,899.599,23198.6,14.0966,1019.43,29154.1,14.0966,1155.07,36622.3,14.0966,1308.6,45977.9,14.0966,1482.39,57683.7,14.0966,1679.09,72307.8,14.0966,1901.73,90542.8,14.0966,2153.73,113226,14.0966,2438.97,141360,14.0966,2761.81,176127,14.0966,3127.22,218898,14.0966,3540.81,271226,14.0966,4008.92,334817,14.0966,4538.74,411470,14.0966,5138.38,502973,14.0966,5817.04,610948,14.0966,6585.12,736653,14.0966,7454.39,880741,14.0966,8438.15,1.04302e+06,14.0966,9551.45,1.22224e+06,14.0966,10811.3,1.41602e+06,14.0966,12237,1.62086e+06,14.0966,11.7194,11.96,12.6541,2.21263,4.16949,0.989383,2.67766,5.84076,0.311842,3.14343,7.55825,0.0972771,3.63127,9.58578,0.0303237,4.15787,12.0912,0.00945211,4.73731,15.2286,0.00294633,5.38238,19.1721,0.000918508,6.10553,24.134,0.000286163,6.91951,30.3791,8.92692e-05,7.83792,38.2397,2.78121e-05,8.87555,48.1338,8.65134e-06,10.0489,60.5876,2.7882e-06,11.3761,76.2629,8.29036e-07,12.8779,95.9927,2.4373e-07,14.5775,120.825,4.33068e-09,16.5012,152.08,1.75749e-07,18.6784,191.415,-1.86328e-07,21.1428,240.917,1.91829e-07,23.9322,303.213,-1.81475e-07,27.0895,381.602,7.0186e-08,30.6634,480.231,-2.86769e-08,34.7087,604.316,2.40784e-07,39.2876,760.401,9.87368e-08,44.4705,956.705,1.22263e-07,50.3371,1203.54,-4.31966e-07,56.9776,1513.81,-1.9705e-07,64.494,1903.69,-2.763e-08,73.0018,2393.4,3.9185e-07,82.6317,3008.13,1.35379e-07,93.5318,3779.25,-4.16351e-08,105.869,4745.7,2.06965e-08,119.834,5955.6,-3.18887e-07,135.641,7468.12,-1.48271e-08,153.531,9355.62,2.00739e-07,173.781,11705.8,2.28358e-07,196.701,14624.1,-1.93587e-08,222.642,18235,-2.88101e-07,252.003,22683.4,-2.24732e-07,285.234,28134,8.56806e-09,322.845,34767,2.34258e-07,365.413,42770.9,2.99668e-07,413.588,52327.9,8.28644e-08,468.111,63591.2,-3.07049e-07,529.814,76653.2,-3.1888e-07,599.642,91502.5,-6.72276e-08,678.662,107975,2.26339e-07,768.083,125705,3.69212e-07,869.267,144088,2.04077e-07,983.76,162277,-2.80509e-07,1113.3,179223,-4.22737e-07,1259.87,193777,-1.71951e-07,1425.68,204839,4.55555e-07,11.7194,11.96,12.6541,2.21263,4.16949,0.989383,2.67766,5.84076,0.311842,3.14343,7.55825,0.0972771,3.63127,9.58578,0.0303237,4.15787,12.0912,0.00945211,4.73731,15.2286,0.00294633,5.38238,19.1721,0.000918508,6.10553,24.134,0.000286163,6.91951,30.3791,8.92692e-05,7.83792,38.2397,2.78121e-05,8.87555,48.1338,8.65134e-06,10.0489,60.5876,2.7882e-06,11.3761,76.2629,8.29036e-07,12.8779,95.9927,2.4373e-07,14.5775,120.825,1e-08,16.5012,152.08,1.75749e-07,18.6784,191.415,1e-08,21.1428,240.917,1.91829e-07,23.9322,303.213,1e-08,27.0895,381.602,7.0186e-08,30.6634,480.231,1e-08,34.7087,604.316,2.40784e-07,39.2876,760.401,9.87368e-08,44.4705,956.705,1.22263e-07,50.3371,1203.54,1e-08,56.9776,1513.81,1e-08,64.494,1903.69,1e-08,73.0018,2393.4,3.9185e-07,82.6317,3008.13,1.35379e-07,93.5318,3779.25,1e-08,105.869,4745.7,2.06965e-08,119.834,5955.6,1e-08,135.641,7468.12,1e-08,153.531,9355.62,2.00739e-07,173.781,11705.8,2.28358e-07,196.701,14624.1,1e-08,222.642,18235,1e-08,252.003,22683.4,1e-08,285.234,28134,1e-08,322.845,34767,2.34258e-07,365.413,42770.9,2.99668e-07,413.588,52327.9,8.28644e-08,468.111,63591.2,1e-08,529.814,76653.2,1e-08,599.642,91502.5,1e-08,678.662,107975,2.26339e-07,768.083,125705,3.69212e-07,869.267,144088,2.04077e-07,983.76,162277,1e-08,1113.3,179223,1e-08,1259.87,193777,1e-08,1425.68,204839,4.55555e-07,6.2823,3.27286,2.43537,0.219672,6.18826,2.24117,0.56371,6.87772,2.63624,0.308279,17,9,9,5,4,1,2,3,0,4,4,0,7,8,0,0,9,0,6,19,0,2,45,0,6,24,0,7,34,0,2,25,0,12,67,0,18,17,0,13,30,0,10,179,0,12,36,0,33,131,0,12,173,0,16,187,0,25,427,0,32,304,0,35,380,0,34,886,0,30,633,0,42,1020,0,62,1457,0,105,1252,0,147,2331,0,42,1067,0,93,2646,0,191,3026,0,63,3843,0,151,5840,0,111,7843,0,114,7135,0,128,11718,0,77,16624,0,165,35344,0,234,22449,0,288,38717,0,280,37298,0,300,31869,0,678,68331,0,461,70694,0,390,82841,0,527,126852,0,826,70832,0,1343,176104,0,738,192593,0,514,73591,0,738,156753,0,609,232520,0,635,250198,0
-1.05176e+08,0.999999,8.88811e-15,10,1023,0,1.05176e+08,0.528882,1.08665,0.389689,0.145397,0.379329,3.24381,0.161596,0.446195,1.77396,0.159177,1.15e+07,4.49998e+06,6.79999e+06,1.15e+07,4.49997e+06,6.79999e+06,1.15e+07,4.49996e+06,6.79999e+06,1.15e+07,4.49995e+06,6.79999e+06,1.14999e+07,4.49993e+06,6.79999e+06,1.14999e+07,4.49991e+06,6.79999e+06,1.14999e+07,4.49989e+06,6.79999e+06,1.14999e+07,4.49986e+06,6.79999e+06,1.14999e+07,4.49982e+06,6.79999e+06,1.14999e+07,4.49977e+06,6.79999e+06,1.14999e+07,4.49971e+06,6.79999e+06,1.14999e+07,4.49963e+06,6.79999e+06,1.14998e+07,4.49953e+06,6.79999e+06,1.14998e+07,4.49941e+06,6.79999e+06,1.14998e+07,4.49926e+06,6.79999e+06,1.14998e+07,4.49906e+06,6.79999e+06,1.14997e+07,4.49882e+06,6.79999e+06,1.14997e+07,4.49851e+06,6.79999e+06,1.14997e+07,4.49812e+06,6.79999e+06,1.14996e+07,4.49764e+06,6.79999e+06,1.14996e+07,4.49702e+06,6.79999e+06,1.14995e+07,4.49625e+06,6.79999e+06,1.14995e+07,4.49528e+06,6.79999e+06,1.14994e+07,4.49406e+06,6.79999e+06,1.14993e+07,4.49253e+06,6.79999e+06,1.14992e+07,4.49059e+06,6.79999e+06,1.14991e+07,4.48817e+06,6.79999e+06,1.1499e+07,4.48511e+06,6.79999e+06,1.14988e+07,4.48128e+06,6.79999e+06,1.14987e+07,4.47646e+06,6.79999e+06,1.14985e+07,4.47041e+06,6.79999e+06,1.14983e+07,4.46281e+06,6.79999e+06,1.14981e+07,4.4533e+06,6.79999e+06,1.14979e+07,4.44138e+06,6.79999e+06,1.14976e+07,4.42649e+06,6.79999e+06,1.14972e+07,4.40789e+06,6.79999e+06,1.14969e+07,4.38471e+06,6.79999e+06,1.14965e+07,4.35592e+06,6.79999e+06,1.1496e+07,4.32027e+06,6.79999e+06,1.14955e+07,4.27629e+06,6.79999e+06,1.14949e+07,4.22231e+06,6.79999e+06,1.14942e+07,4.15647e+06,6.79999e+06,1.14934e+07,4.07676e+06,6.79999e+06,1.14926e+07,3.98112e+06,6.79999e+06,1.14916e+07,3.86765e+06,6.79999e+06,1.14905e+07,3.73474e+06,6.79999e+06,1.14892e+07,3.58148e+06,6.79999e+06,1.14878e+07,3.40785e+06,6.79999e+06,1.14862e+07,3.21513e+06,6.79999e+06,1.14844e+07,3.00605e+06,6.79999e+06,1.14823e+07,2.7848e+06,6.79999e+06,1.148e+07,2.5568e+06,6.79999e+06,1.14773e+07,2.32825e+06,6.79999e+06,13.5742,8.52444,0.508366,16.8306,13.2585,0.162638,20.0035,17.569,0.0507846,23.2616,22.4214,0.0158319,26.7328,28.3297,0.00493498,30.5212,35.6974,0.00153831,34.7178,44.9473,0.000479527,39.4086,56.5822,0.000149456,44.6796,71.2245,4.66214e-05,50.6209,89.6543,1.45419e-05,57.3297,112.852,4.54748e-06,64.9129,142.051,1.43857e-06,73.4897,178.803,4.36618e-07,83.1934,225.062,1.40153e-07,94.1745,283.286,4.96378e-08,106.602,356.568,1.05434e-07,120.669,448.799,-6.49244e-08,136.59,564.873,1.70148e-07,154.611,710.948,-5.34594e-08,175.008,894.767,1.63407e-07,198.097,1126.06,8.04804e-08,224.231,1417.07,1.14667e-07,253.813,1783.15,-1.71227e-07,287.297,2243.62,-2.88466e-07,325.198,2822.67,-4.33651e-07,368.098,3550.67,7.9318e-08,416.657,4465.65,3.13319e-07,471.621,5615.16,3.4613e-07,533.835,7058.61,-1.19199e-07,604.255,8870.02,-2.79964e-07,683.962,11141.4,-2.30521e-07,774.182,13986.7,-2.55099e-07,876.299,17546.4,1.23585e-07,991.883,21993.1,1.41192e-07,1122.71,27536.7,-9.71886e-08,1270.78,34430.7,-3.68368e-07,1438.38,42977.7,-3.45379e-07,1628.07,53532.7,-3.25328e-09,1842.77,66504.6,2.6362e-07,2085.77,82350.2,2.53445e-07,2360.79,101560,-2.47407e-08,2672.05,124632,-3.80602e-07,3024.31,152018,-4.79005e-07,3422.98,184060,-1.14379e-07,3874.15,220884,2.64297e-07,4384.72,262283,3.44131e-07,4962.49,307576,7.5349e-08,5616.29,355497,-3.63097e-07,6356.1,404126,-6.05442e-07,7193.18,450932,-2.72333e-07,8140.28,492963,2.29675e-07,9211.79,527178,4.3387e-07,10424,550893,-1.0711e-07,10.102,8.06553,2.81012,10.6436,8.57909,0.869423,11.5336,10.2515,0.270869,12.7211,12.7138,0.0844293,14.1823,15.9373,0.0263173,15.9122,20.0383,0.0082035,17.9198,25.2154,0.00255722,20.2244,31.7373,0.000797017,22.8539,39.9486,0.000248622,25.8438,50.2851,7.75492e-05,29.237,63.2963,2.42508e-05,33.0837,79.6738,7.67162e-06,37.4415,100.288,2.32837e-06,42.3767,126.236,7.33e-07,47.9646,158.896,2.79256e-07,54.2906,200.003,9.87351e-09,61.452,251.741,1.61085e-07,69.5585,316.859,-2.47141e-07,78.7347,398.812,8.93552e-08,89.1218,501.948,-2.53231e-07,100.879,631.736,-1.25047e-07,114.188,795.049,-1.78808e-07,129.252,1000.53,2.6733e-07,146.304,1259.03,4.50292e-07,165.605,1584.19,6.76904e-07,187.452,1993.12,-1.23808e-07,212.181,2507.27,-4.89068e-07,240.173,3153.54,-5.40284e-07,271.856,3965.56,1.86061e-07,307.719,4985.38,4.37004e-07,348.313,6265.4,3.59828e-07,394.26,7870.83,3.98192e-07,446.268,9882.51,-1.92908e-07,505.135,12400.3,-2.20392e-07,571.766,15546.9,1.51705e-07,647.184,19472.2,5.74996e-07,732.547,24357.4,5.39112e-07,829.167,30420,5.07815e-09,938.526,37916.3,-4.11492e-07,1062.3,47143.9,-3.9561e-07,1202.4,58439.2,3.86185e-08,1360.96,72169.3,5.94093e-07,1540.42,88715.8,7.47693e-07,1743.53,108445,1.78537e-07,1973.41,131665,-4.12549e-07,2233.57,158557,-5.37164e-07,2528,189103,-1.17615e-07,2861.2,222986,5.66769e-07,3238.27,259510,9.45053e-07,3664.97,297540,4.25093e-07,4147.81,335497,-3.58506e-07,4694.17,371444,-6.7724e-07,5312.37,403256,1.67192e-07,1.61744,3.89446,9.84394,3.28846,7.5504,12.774,5.07607,11.7187,13.6844,7.03202,16.8147,13.9681,9.20215,23.1769,14.0566,11.6301,31.1672,14.0841,14.3598,41.2186,14.0927,17.4376,53.8688,14.0954,20.9137,69.7915,14.0962,24.8432,89.8341,14.0965,29.2879,115.063,14.0966,34.3168,146.819,14.0966,40.0078,186.792,14.0966,46.4487,237.107,14.0966,53.7388,300.44,14.0966,61.9903,380.158,14.0966,71.3301,480.499,14.0966,81.902,606.796,14.0966,93.8685,765.761,14.0966,107.414,965.837,14.0966,122.746,1217.65,14.0966,140.101,1534.57,14.0966,159.745,1933.41,14.0966,181.981,2435.3,14.0966,207.15,3066.85,14.0966,235.64,3861.46,14.0966,267.889,4861.11,14.0966,304.391,6118.54,14.0966,345.709,7699.91,14.0966,392.478,9688.22,14.0966,445.417,12187.5,14.0966,505.339,15327.7,14.0966,573.165,19271.6,14.0966,649.938,24222,14.0966,736.839,30430.9,14.0966,835.202,38211.5,14.0966,946.539,47950.3,14.0966,1072.56,60122.8,14.0966,1215.21,75309.9,14.0966,1376.66,94216.2,14.0966,1559.41,117688,14.0966,1766.26,146729,14.0966,2000.39,182510,14.0966,2265.39,226372,14.0966,2565.33,279806,14.0966,2904.81,344416,14.0966,3289.05,421845,14.0966,3723.93,513667,14.0966,4216.13,621231,14.0966,4773.18,745478,14.0966,5403.64,886744,14.0966,6117.15,1.04457e+06,14.0966,6924.63,1.2176e+06,14.0966,11.7194,11.96,12.6541,13.9321,16.1295,13.6434,16.6097,21.9702,13.9553,19.7532,29.5285,14.0526,23.3844,39.1143,14.0829,27.5423,51.2054,14.0923,32.2796,66.434,14.0953,37.662,85.6061,14.0962,43.7675,109.74,14.0965,50.687,140.119,14.0966,58.5249,178.359,14.0966,67.4005,226.493,14.0966,77.4493,287.08,14.0966,88.8254,363.343,14.0966,101.703,459.336,14.0966,116.281,580.161,14.0966,132.782,732.241,14.0966,151.46,923.655,14.0966,172.603,1164.57,14.0966,196.535,1467.79,14.0966,223.625,1849.39,14.0966,254.288,2329.62,14.0966,288.997,2933.93,14.0966,328.285,3694.33,14.0966,372.755,4651.04,14.0966,423.092,5854.57,14.0966,480.07,7368.38,14.0966,544.564,9272.08,14.0966,617.566,11665.5,14.0966,700.197,14673.6,14.0966,793.729,18452.9,14.0966,899.599,23198.6,14.0966,1019.43,29154.1,14.0966,1155.07,36622.3,14.0966,1308.6,45977.9,14.0966,1482.39,57683.7,14.0966,1679.09,72307.8,14.0966,1901.73,90542.8,14.0966,2153.73,113226,14.0966,2438.97,141360,14.0966,2761.81,176127,14.0966,3127.22,218898,14.0966,3540.81,271226,14.0966,4008.92,334817,14.0966,4538.74,411470,14.0966,5138.38,502973,14.0966,5817.04,610948,14.0966,6585.12,736653,14.0966,7454.39,880741,14.0966,8438.15,1.04302e+06,14.0966,9551.45,1.22224e+06,14.0966,10811.3,1.41602e+06,14.0966,12237,1.62086e+06,14.0966,11.7194,11.96,12.6541,2.21263,4.16949,0.989383,2.67766,5.84076,0.311842,3.14343,7.55825,0.0972771,3.63127,9.58578,0.0303237,4.15787,12.0912,0.00945211,4.73731,15.2286,0.00294633,5.38238,19.1721,0.000918508,6.10553,24.134,0.000286163,6.91951,30.3791,8.92692e-05,7.83792,38.2397,2.78121e-05,8.87555,48.1338,8.65134e-06,10.0489,60.5876,2.7882e-06,11.3761,76.2629,8.29036e-07,12.8779,95.9927,2.4373e-07,14.5775,120.825,4.33068e-09,16.5012,152.08,1.75749e-07,18.6784,191.415,-1.86328e-07,21.1428,240.917,1.91829e-07,23.9322,303.213,-1.81475e-07,27.0895,381.602,7.0186e-08,30.6634,480.231,-2.86769e-08,34.7087,604.316,2.40784e-07,39.2876,760.401,9.87368e-08,44.4705,956.705,1.22263e-07,50.3371,1203.54,-4.31966e-07,56.9776,1513.81,-1.9705e-07,64.494,1903.69,-2.763e-08,73.0018,2393.4,3.9185e-07,82.6317,3008.13,1.35379e-07,93.5318,3779.25,-4.16351e-08,105.869,4745.7,2.06965e-08,119.834,5955.6,-3.18887e-07,135.641,7468.12,-1.48271e-08,153.531,9355.62,2.00739e-07,173.781,11705.8,2.28358e-07,196.701,14624.1,-1.93587e-08,222.642,18235,-2.88101e-07,252.003,22683.4,-2.24732e-07,285.234,28134,8.56806e-09,322.845,34767,2.34258e-07,365.413,42770.9,2.99668e-07,413.588,52327.9,8.28644e-08,468.111,63591.2,-3.07049e-07,529.814,76653.2,-3.1888e-07,599.642,91502.5,-6.72276e-08,678.662,107975,2.26339e-07,768.083,125705,3.69212e-07,869.267,144088,2.04077e-07,983.76,162277,-2.80509e-07,1113.3,179223,-4.22737e-07,1259.87,193777,-1.71951e-07,1425.68,204839,4.55555e-07,11.7194,11.96,12.6541,2.21263,4.16949,0.989383,2.67766,5.84076,0.311842,3.14343,7.55825,0.0972771,3.63127,9.58578,0.0303237,4.15787,12.0912,0.00945211,4.73731,15.2286,0.00294633,5.38238,19.1721,0.000918508,6.10553,24.134,0.000286163,6.91951,30.3791,8.92692e-05,7.83792,38.2397,2.78121e-05,8.87555,48.1338,8.65134e-06,10.0489,60.5876,2.7882e-06,11.3761,76.2629,8.29036e-07,12.8779,95.9927,2.4373e-07,14.5775,120.825,1e-08,16.5012,152.08,1.75749e-07,18.6784,191.415,1e-08,21.1428,240.917,1.91829e-07,23.9322,303.213,1e-08,27.0895,381.602,7.0186e-08,30.6634,480.231,1e-08,34.7087,604.316,2.40784e-07,39.2876,760.401,9.87368e-08,44.4705,956.705,1.22263e-07,50.3371,1203.54,1e-08,56.9776,1513.81,1e-08,64.494,1903.69,1e-08,73.0018,2393.4,3.9185e-07,82.6317,3008.13,1.35379e-07,93.5318,3779.25,1e-08,105.869,4745.7,2.06965e-08,119.834,5955.6,1e-08,135.641,7468.12,1e-08,153.531,9355.62,2.00739e-07,173.781,11705.8,2.28358e-07,196.701,14624.1,1e-08,222.642,18235,1e-08,252.003,22683.4,1e-08,285.234,28134,1e-08,322.845,34767,2.34258e-07,365.413,42770.9,2.99668e-07,413.588,52327.9,8.28644e-08,468.111,63591.2,1e-08,529.814,76653.2,1e-08,599.642,91502.5,1e-08,678.662,107975,2.26339e-07,768.083,125705,3.69212e-07,869.267,144088,2.04077e-07,983.76,162277,1e-08,1113.3,179223,1e-08,1259.87,193777,1e-08,1425.68,204839,4.55555e-07,6.2823,3.27286,2.43537,0.219672,6.18826,2.24117,0.56371,6.87772,2.63624,0.308279,18,24,29,2,6,1,1,4,0,2,17,0,1,6,0,7,7,0,3,22,0,7,24,0,8,13,0,0,18,0,9,22,0,6,53,0,12,108,0,5,26,0,5,128,0,18,156,0,30,136,0,19,141,0,19,459,0,15,262,0,23,290,0,30,491,0,42,663,0,24,933,0,77,829,0,61,1575,0,18,600,0,67,2750,0,134,2025,0,89,2005,0,77,4782,0,120,7738,0,114,7010,0,159,7041,0,252,10301,0,244,20982,0,82,19719,0,328,12249,0,378,40052,0,108,17213,0,265,35118,0,810,57733,0,286,54118,0,663,69844,0,278,94835,0,1038,72738,0,650,96276,0,578,57691,0,644,171973,0,834,124170,0,799,152692,0,1394,254827,0,1154,216018,0
-1.05176e+08,1,8.88811e-15,10,1023,0,1.05176e+08,0.528882,1.08665,0.389689,0.145397,0.379329,3.24381,0.161596,0.446195,1.77396,0.159177,1.15e+07,4.49998e+06,6.79999e+06,1.15e+07,4.49997e+06,6.79999e+06,1.15e+07,4.49996e+06,6.79999e+06,1.15e+07,4.49995e+06,6.79999e+06,1.14999e+07,4.49993e+06,6.79999e+06,1.14999e+07,4.49991e+06,6.79999e+06,1.14999e+07,4.49989e+06,6.79999e+06,1.14999e+07,4.49986e+06,6.79999e+06,1.14999e+07,4.49982e+06,6.79999e+06,1.14999e+07,4.49977e+06,6.79999e+06,1.14999e+07,4.49971e+06,6.79999e+06,1.14999e+07,4.49963e+06,6.79999e+06,1.14998e+07,4.49953e+06,6.79999e+06,1.14998e+07,4.49941e+06,6.79999e+06,1.14998e+07,4.49926e+06,6.79999e+06,1.14998e+07,4.49906e+06,6.79999e+06,1.14997e+07,4.49882e+06,6.79999e+06,1.14997e+07,4.49851e+06,6.79999e+06,1.14997e+07,4.49812e+06,6.79999e+06,1.14996e+07,4.49764e+06,6.79999e+06,1.14996e+07,4.49702e+06,6.79999e+06,1.14995e+07,4.49625e+06,6.79999e+06,1.14995e+07,4.49528e+06,6.79999e+06,1.14994e+07,4.49406e+06,6.79999e+06,1.14993e+07,4.49253e+06,6.79999e+06,1.14992e+07,4.49059e+06,6.79999e+06,1.14991e+07,4.48817e+06,6.79999e+06,1.1499e+07,4.48511e+06,6.79999e+06,1.14988e+07,4.48128e+06,6.79999e+06,1.14987e+07,4.47646e+06,6.79999e+06,1.14985e+07,4.47041e+06,6.79999e+06,1.14983e+07,4.46281e+06,6.79999e+06,1.14981e+07,4.4533e+06,6.79999e+06,1.14979e+07,4.44138e+06,6.79999e+06,1.14976e+07,4.42649e+06,6.79999e+06,1.14972e+07,4.40789e+06,6.79999e+06,1.14969e+07,4.38471e+06,6.79999e+06,1.14965e+07,4.35592e+06,6.79999e+06,1.1496e+07,4.32027e+06,6.79999e+06,1.14955e+07,4.27629e+06,6.79999e+06,1.14949e+07,4.22231e+06,6.79999e+06,1.14942e+07,4.15647e+06,6.79999e+06,1.14934e+07,4.07676e+06,6.79999e+06,1.14926e+07,3.98112e+06,6.79999e+06,1.14916e+07,3.86765e+06,6.79999e+06,1.14905e+07,3.73474e+06,6.79999e+06,1.14892e+07,3.58148e+06,6.79999e+06,1.14878e+07,3.40785e+06,6.79999e+06,1.14862e+07,3.21513e+06,6.79999e+06,1.14844e+07,3.00605e+06,6.79999e+06,1.14823e+07,2.7848e+06,6.79999e+06,1.148e+07,2.5568e+06,6.79999e+06,1.14773e+07,2.32825e+06,6.79999e+06,13.5742,8.52444,0.508366,16.8306,13.2585,0.162638,20.0035,17.569,0.0507846,23.2616,22.4214,0.0158319,26.7328,28.3297,0.00493498,30.5212,35.6974,0.00153831,34.7178,44.9473,0.000479527,39.4086,56.5822,0.000149456,44.6796,71.2245,4.66214e-05,50.6209,89.6543,1.45419e-05,57.3297,112.852,4.54748e-06,64.9129,142.051,1.43857e-06,73.4897,178.803,4.36618e-07,83.1934,225.062,1.40153e-07,94.1745,283.286,4.96378e-08,106.602,356.568,1.05434e-07,120.669,448.799,-6.49244e-08,136.59,564.873,1.70148e-07,154.611,710.948,-5.34594e-08,175.008,894.767,1.63407e-07,198.097,1126.06,8.04804e-08,224.231,1417.07,1.14667e-07,253.813,1783.15,-1.71227e-07,287.297,2243.62,-2.88466e-07,325.198,2822.67,-4.33651e-07,368.098,3550.67,7.9318e-08,416.657,4465.65,3.13319e-07,471.621,5615.16,3.4613e-07,533.835,7058.61,-1.19199e-07,604.255,8870.02,-2.79964e-07,683.962,11141.4,-2.30521e-07,774.182,13986.7,-2.55099e-07,876.299,17546.4,1.23585e-07,991.883,21993.1,1.41192e-07,1122.71,27536.7,-9.71886e-08,1270.78,34430.7,-3.68368e-07,1438.38,42977.7,-3.45379e-07,1628.07,53532.7,-3.25328e-09,1842.77,66504.6,2.6362e-07,2085.77,82350.2,2.53445e-07,2360.79,101560,-2.47407e-08,2672.05,124632,-3.80602e-07,3024.31,152018,-4.79005e-07,3422.98,184060,-1.14379e-07,3874.15,220884,2.64297e-07,4384.72,262283,3.44131e-07,4962.49,307576,7.5349e-08,5616.29,355497,-3.63097e-07,6356.1,404126,-6.05442e-07,7193.18,450932,-2.72333e-07,8140.28,492963,2.29675e-07,9211.79,527178,4.3387e-07,10424,550893,-1.0711e-07,10.102,8.06553,2.81012,10.6436,8.57909,0.869423,11.5336,10.2515,0.270869,12.7211,12.7138,0.0844293,14.1823,15.9373,0.0263173,15.9122,20.0383,0.0082035,17.9198,25.2154,0.00255722,20.2244,31.7373,0.000797017,22.8539,39.9486,0.000248622,25.8438,50.2851,7.75492e-05,29.237,63.2963,2.42508e-05,33.0837,79.6738,7.67162e-06,37.4415,100.288,2.32837e-06,42.3767,126.236,7.33e-07,47.9646,158.896,2.79256e-07,54.2906,200.003,9.87351e-09,61.452,251.741,1.61085e-07,69.5585,316.859,-2.47141e-07,78.7347,398.812,8.93552e-08,89.1218,501.948,-2.53231e-07,100.879,631.736,-1.25047e-07,114.188,795.049,-1.78808e-07,129.252,1000.53,2.6733e-07,146.304,1259.03,4.50292e-07,165.605,1584.19,6.76904e-07,187.452,1993.12,-1.23808e-07,212.181,2507.27,-4.89068e-07,240.173,3153.54,-5.40284e-07,271.856,3965.56,1.86061e-07,307.719,4985.38,4.37004e-07,348.313,6265.4,3.59828e-07,394.26,7870.83,3.98192e-07,446.268,9882.51,-1.92908e-07,505.135,12400.3,-2.20392e-07,571.766,15546.9,1.51705e-07,647.184,19472.2,5.74996e-07,732.547,24357.4,5.39112e-07,829.167,30420,5.07815e-09,938.526,37916.3,-4.11492e-07,1062.3,47143.9,-3.9561e-07,1202.4,58439.2,3.86185e-08,1360.96,72169.3,5.94093e-07,1540.42,88715.8,7.47693e-07,1743.53,108445,1.78537e-07,1973.41,131665,-4.12549e-07,2233.57,158557,-5.37164e-07,2528,189103,-1.17615e-07,2861.2,222986,5.66769e-07,3238.27,259510,9.45053e-07,3664.97,297540,4.25093e-07,4147.81,335497,-3.58506e-07,4694.17,371444,-6.7724e-07,5312.37,403256,1.67192e-07,1.61744,3.89446,9.84394,3.28846,7.5504,12.774,5.07607,11.7187,13.6844,7.03202,16.8147,13.9681,9.20215,23.1769,14.0566,11.6301,31.1672,14.0841,14.3598,41.2186,14.0927,17.4376,53.8688,14.0954,20.9137,69.7915,14.0962,24.8432,89.8341,14.0965,29.2879,115.063,14.0966,34.3168,146.819,14.0966,40.0078,186.792,14.0966,46.4487,237.107,14.0966,53.7388,300.44,14.0966,61.9903,380.158,14.0966,71.3301,480.499,14.0966,81.902,606.796,14.0966,93.8685,765.761,14.0966,107.414,965.837,14.0966,122.746,1217.65,14.0966,140.101,1534.57,14.0966,159.745,1933.41,14.0966,181.981,2435.3,14.0966,207.15,3066.85,14.0966,235.64,3861.46,14.0966,267.889,4861.11,14.0966,304.391,6118.54,14.0966,345.709,7699.91,14.0966,392.478,9688.22,14.0966,445.417,12187.5,14.0966,505.339,15327.7,14.0966,573.165,19271.6,14.0966,649.938,24222,14.0966,736.839,30430.9,14.0966,835.202,38211.5,14.0966,946.539,47950.3,14.0966,1072.56,60122.8,14.0966,1215.21,75309.9,14.0966,1376.66,94216.2,14.0966,1559.41,117688,14.0966,1766.26,146729,14.0966,2000.39,182510,14.0966,2265.39,226372,14.0966,2565.33,279806,14.0966,2904.81,344416,14.0966,3289.05,421845,14.0966,3723.93,513667,14.0966,4216.13,621231,14.0966,4773.18,745478,14.0966,5403.64,886744,14.0966,6117.15,1.04457e+06,14.0966,6924.63,1.2176e+06,14.0966,11.7194,11.96,12.6541,13.9321,16.1295,13.6434,16.6097,21.9702,13.9553,19.7532,29.5285,14.0526,23.3844,39.1143,14.0829,27.5423,51.2054,14.0923,32.2796,66.434,14.0953,37.662,85.6061,14.0962,43.7675,109.74,14.0965,50.687,140.119,14.0966,58.5249,178.359,14.0966,67.4005,226.493,14.0966,77.4493,287.08,14.0966,88.8254,363.343,14.0966,101.703,459.336,14.0966,116.281,580.161,14.0966,132.782,732.241,14.0966,151.46,923.655,14.0966,172.603,1164.57,14.0966,196.535,1467.79,14.0966,223.625,1849.39,14.0966,254.288,2329.62,14.0966,288.997,2933.93,14.0966,328.285,3694.33,14.0966,372.755,4651.04,14.0966,423.092,5854.57,14.0966,480.07,7368.38,14.0966,544.564,9272.08,14.0966,617.566,11665.5,14.0966,700.197,14673.6,14.0966,793.729,18452.9,14.0966,899.599,23198.6,14.0966,1019.43,29154.1,14.0966,1155.07,36622.3,14.0966,1308.6,45977.9,14.0966,1482.39,57683.7,14.0966,1679.09,72307.8,14.0966,1901.73,90542.8,14.0966,2153.73,113226,14.0966,2438.97,141360,14.0966,2761.81,176127,14.0966,3127.22,218898,14.0966,3540.81,271226,14.0966,4008.92,334817,14.0966,4538.74,411470,14.0966,5138.38,502973,14.0966,5817.04,610948,14.0966,6585.12,736653,14.0966,7454.39,880741,14.0966,8438.15,1.04302e+06,14.0966,9551.45,1.22224e+06,14.0966,10811.3,1.41602e+06,14.0966,12237,1.62086e+06,14.0966,11.7194,11.96,12.6541,2.21263,4.16949,0.989383,2.67766,5.84076,0.311842,3.14343,7.55825,0.0972771,3.63127,9.58578,0.0303237,4.15787,12.0912,0.00945211,4.73731,15.2286,0.00294633,5.38238,19.1721,0.000918508,6.10553,24.134,0.000286163,6.91951,30.3791,8.92692e-05,7.83792,38.2397,2.78121e-05,8.87555,48.1338,8.65134e-06,10.0489,60.5876,2.7882e-06,11.3761,76.2629,8.29036e-07,12.8779,95.9927,2.4373e-07,14.5775,120.825,4.33068e-09,16.5012,152.08,1.75749e-07,18.6784,191.415,-1.86328e-07,21.1428,240.917,1.91829e-07,23.9322,303.213,-1.81475e-07,27.0895,381.602,7.0186e-08,30.6634,480.231,-2.86769e-08,34.7087,604.316,2.40784e-07,39.2876,760.401,9.87368e-08,44.4705,956.705,1.22263e-07,50.3371,1203.54,-4.31966e-07,56.9776,1513.81,-1.9705e-07,64.494,1903.69,-2.763e-08,73.0018,2393.4,3.9185e-07,82.6317,3008.13,1.35379e-07,93.5318,3779.25,-4.16351e-08,105.869,4745.7,2.06965e-08,119.834,5955.6,-3.18887e-07,135.641,7468.12,-1.48271e-08,153.531,9355.62,2.00739e-07,173.781,11705.8,2.28358e-07,196.701,14624.1,-1.93587e-08,222.642,18235,-2.88101e-07,252.003,22683.4,-2.24732e-07,285.234,28134,8.56806e-09,322.845,34767,2.34258e-07,365.413,42770.9,2.99668e-07,413.588,52327.9,8.28644e-08,468.111,63591.2,-3.07049e-07,529.814,76653.2,-3.1888e-07,599.642,91502.5,-6.72276e-08,678.662,107975,2.26339e-07,768.083,125705,3.69212e-07,869.267,144088,2.04077e-07,983.76,162277,-2.80509e-07,1113.3,179223,-4.22737e-07,1259.87,193777,-1.71951e-07,1425.68,204839,4.55555e-07,11.7194,11.96,12.6541,2.21263,4.16949,0.989383,2.67766,5.84076,0.311842,3.14343,7.55825,0.0972771,3.63127,9.58578,0.0303237,4.15787,12.0912,0.00945211,4.73731,15.2286,0.00294633,5.38238,19.1721,0.000918508,6.10553,24.134,0.000286163,6.91951,30.3791,8.92692e-05,7.83792,38.2397,2.78121e-05,8.87555,48.1338,8.65134e-06,10.0489,60.5876,2.7882e-06,11.3761,76.2629,8.29036e-07,12.8779,95.9927,2.4373e-07,14.5775,120.825,1e-08,16.5012,152.08,1.75749e-07,18.6784,191.415,1e-08,21.1428,240.917,1.91829e-07,23.9322,303.213,1e-08,27.0895,381.602,7.0186e-08,30.6634,480.231,1e-08,34.7087,604.316,2.40784e-07,39.2876,760.401,9.87368e-08,44.4705,956.705,1.22263e-07,50.3371,1203.54,1e-08,56.9776,1513.81,1e-08,64.494,1903.69,1e-08,73.0018,2393.4,3.9185e-07,82.6317,3008.13,1.35379e-07,93.5318,3779.25,1e-08,105.869,4745.7,2.06965e-08,119.834,5955.6,1e-08,135.641,7468.12,1e-08,153.531,9355.62,2.00739e-07,173.781,11705.8,2.28358e-07,196.701,14624.1,1e-08,222.642,18235,1e-08,252.003,22683.4,1e-08,285.234,28134,1e-08,322.845,34767,2.34258e-07,365.413,42770.9,2.99668e-07,413.588,52327.9,8.28644e-08,468.111,63591.2,1e-08,529.814,76653.2,1e-08,599.642,91502.5,1e-08,678.662,107975,2.26339e-07,768.083,125705,3.69212e-07,869.267,144088,2.04077e-07,983.76,162277,1e-08,1113.3,179223,1e-08,1259.87,193777,1e-08,1425.68,204839,4.55555e-07,6.2823,3.27286,2.43537,0.219672,6.18826,2.24117,0.56371,6.87772,2.63624,0.308279,18,22,20,1,1,2,2,2,0,6,15,0,7,17,0,6,10,0,5,22,0,3,24,0,0,43,0,11,25,0,7,33,0,10,30,0,8,61,0,15,106,0,19,68,0,11,99,0,34,76,0,15,268,0,26,101,0,24,554,0,29,614,0,19,259,0,30,682,0,76,1204,0,67,616,0,54,1250,0,61,1796,0,126,2184,0,100,1218,0,34,4208,0,124,3046,0,167,4185,0,85,4642,0,146,5058,0,171,18775,0,144,14828,0,237,22397,0,215,11146,0,83,27737,0,173,35882,0,237,27620,0,275,43849,0,536,53623,0,578,44833,0,484,67669,0,481,72815,0,428,155439,0,765,67103,0,1153,207780,0,1364,89454,0,2390,174855,0,1899,97569,0,2627,159383,0
-1.05176e+08,1,8.88811e-15,10,1023,0,1.05176e+08,0.528882,1.08665,0.389689,0.145397,0.379329,3.24381,0.161596,0.446195,1.77396,0.159177,1.15e+07,4.49998e+06,6.79999e+06,1.15e+07,4.49997e+06,6.79999e+06,1.15e+07,4.49996e+06,6.79999e+06,1.15e+07,4.49995e+06,6.79999e+06,1.14999e+07,4.49993e+06,6.79999e+06,1.14999e+07,4.49991e+06,6.79999e+06,1.14999e+07,4.49989e+06,6.79999e+06,1.14999e+07,4.49986e+06,6.79999e+06,1.14999e+07,4.49982e+06,6.79999e+06,1.14999e+07,4.49977e+06,6.79999e+06,1.14999e+07,4.49971e+06,6.79999e+06,1.14999e+07,4.49963e+06,6.79999e+06,1.14998e+07,4.49953e+06,6.79999e+06,1.14998e+07,4.49941e+06,6.79999e+06,1.14998e+07,4.49926e+06,6.79999e+06,1.14998e+07,4.49906e+06,6.79999e+06,1.14997e+07,4.49882e+06,6.79999e+06,1.14997e+07,4.49851e+06,6.79999e+06,1.14997e+07,4.49812e+06,6.79999e+06,1.14996e+07,4.49764e+06,6.79999e+06,1.14996e+07,4.49702e+06,6.79999e+06,1.14995e+07,4.49625e+06,6.79999e+06,1.14995e+07,4.49528e+06,6.79999e+06,1.14994e+07,4.49406e+06,6.79999e+06,1.14993e+07,4.49253e+06,6.79999e+06,1.14992e+07,4.49059e+06,6.79999e+06,1.14991e+07,4.48817e+06,6.79999e+06,1.1499e+07,4.48511e+06,6.79999e+06,1.14988e+07,4.48128e+06,6.79999e+06,1.14987e+07,4.47646e+06,6.79999e+06,1.14985e+07,4.47041e+06,6.79999e+06,1.14983e+07,4.46281e+06,6.79999e+06,1.14981e+07,4.4533e+06,6.79999e+06,1.14979e+07,4.44138e+06,6.79999e+06,1.14976e+07,4.42649e+06,6.79999e+06,1.14972e+07,4.40789e+06,6.79999e+06,1.14969e+07,4.38471e+06,6.79999e+06,1.14965e+07,4.35592e+06,6.79999e+06,1.1496e+07,4.32027e+06,6.79999e+06,1.14955e+07,4.27629e+06,6.79999e+06,1.14949e+07,4.22231e+06,6.79999e+06,1.14942e+07,4.15647e+06,6.79999e+06,1.14934e+07,4.07676e+06,6.79999e+06,1.14926e+07,3.98112e+06,6.79999e+06,1.14916e+07,3.86765e+06,6.79999e+06,1.14905e+07,3.73474e+06,6.79999e+06,1.14892e+07,3.58148e+06,6.79999e+06,1.14878e+07,3.40785e+06,6.79999e+06,1.14862e+07,3.21513e+06,6.79999e+06,1.14844e+07,3.00605e+06,6.79999e+06,1.14823e+07,2.7848e+06,6.79999e+06,1.148e+07,2.5568e+06,6.79999e+06,1.14773e+07,2.32825e+06,6.79999e+06,13.5742,8.52444,0.508366,16.8306,13.2585,0.162638,20.0035,17.569,0.0507846,23.2616,22.4214,0.0158319,26.7328,28.3297,0.00493498,30.5212,35.6974,0.00153831,34.7178,44.9473,0.000479527,39.4086,56.5822,0.000149456,44.6796,71.2245,4.66214e-05,50.6209,89.6543,1.45419e-05,57.3297,112.852,4.54748e-06,64.9129,142.051,1.43857e-06,73.4897,178.803,4.36618e-07,83.1934,225.062,1.40153e-07,94.1745,283.286,4.96378e-08,106.602,356.568,1.05434e-07,120.669,448.799,-6.49244e-08,136.59,564.873,1.70148e-07,154.611,710.948,-5.34594e-08,175.008,894.767,1.63407e-07,198.097,1126.06,8.04804e-08,224.231,1417.07,1.14667e-07,253.813,1783.15,-1.71227e-07,287.297,2243.62,-2.88466e-07,325.198,2822.67,-4.33651e-07,368.098,3550.67,7.9318e-08,416.657,4465.65,3.13319e-07,471.621,5615.16,3.4613e-07,533.835,7058.61,-1.19199e-07,604.255,8870.02,-2.79964e-07,683.962,11141.4,-2.30521e-07,774.182,13986.7,-2.55099e-07,876.299,17546.4,1.23585e-07,991.883,21993.1,1.41192e-07,1122.71,27536.7,-9.71886e-08,1270.78,34430.7,-3.68368e-07,1438.38,42977.7,-3.45379e-07,1628.07,53532.7,-3.25328e-09,1842.77,66504.6,2.6362e-07,2085.77,82350.2,2.53445e-07,2360.79,101560,-2.47407e-08,2672.05,124632,-3.80602e-07,3024.31,152018,-4.79005e-07,3422.98,184060,-1.14379e-07,3874.15,220884,2.64297e-07,4384.72,262283,3.44131e-07,4962.49,307576,7.5349e-08,5616.29,355497,-3.63097e-07,6356.1,404126,-6.05442e-07,7193.18,450932,-2.72333e-07,8140.28,492963,2.29675e-07,9211.79,527178,4.3387e-07,10424,550893,-1.0711e-07,10.102,8.06553,2.81012,10.6436,8.57909,0.869423,11.5336,10.2515,0.270869,12.7211,12.7138,0.0844293,14.1823,15.9373,0.0263173,15.9122,20.0383,0.0082035,17.9198,25.2154,0.00255722,20.2244,31.7373,0.000797017,22.8539,39.9486,0.000248622,25.8438,50.2851,7.75492e-05,29.237,63.2963,2.42508e-05,33.0837,79.6738,7.67162e-06,37.4415,100.288,2.32837e-06,42.3767,126.236,7.33e-07,47.9646,158.896,2.79256e-07,54.2906,200.003,9.87351e-09,61.452,251.741,1.61085e-07,69.5585,316.859,-2.47141e-07,78.7347,398.812,8.93552e-08,89.1218,501.948,-2.53231e-07,100.879,631.736,-1.25047e-07,114.188,795.049,-1.78808e-07,129.252,1000.53,2.6733e-07,146.304,1259.03,4.50292e-07,165.605,1584.19,6.76904e-07,187.452,1993.12,-1.23808e-07,212.181,2507.27,-4.89068e-07,240.173,3153.54,-5.40284e-07,271.856,3965.56,1.86061e-07,307.719,4985.38,4.37004e-07,348.313,6265.4,3.59828e-07,394.26,7870.83,3.98192e-07,446.268,9882.51,-1.92908e-07,505.135,12400.3,-2.20392e-07,571.766,15546.9,1.51705e-07,647.184,19472.2,5.74996e-07,732.547,24357.4,5.39112e-07,829.167,30420,5.07815e-09,938.526,37916.3,-4.11492e-07,1062.3,47143.9,-3.9561e-07,1202.4,58439.2,3.86185e-08,1360.96,72169.3,5.94093e-07,1540.42,88715.8,7.47693e-07,1743.53,108445,1.78537e-07,1973.41,131665,-4.12549e-07,2233.57,158557,-5.37164e-07,2528,189103,-1.17615e-07,2861.2,222986,5.66769e-07,3238.27,259510,9.45053e-07,3664.97,297540,4.25093e-07,4147.81,335497,-3.58506e-07,4694.17,371444,-6.7724e-07,5312.37,403256,1.67192e-07,1.61744,3.89446,9.84394,3.28846,7.5504,12.774,5.07607,11.7187,13.6844,7.03202,16.8147,13.9681,9.20215,23.1769,14.0566,11.6301,31.1672,14.0841,14.3598,41.2186,14.0927,17.4376,53.8688,14.0954,20.9137,69.7915,14.0962,24.8432,89.8341,14.0965,29.2879,115.063,14.0966,34.3168,146.819,14.0966,40.0078,186.792,14.0966,46.4487,237.107,14.0966,53.7388,300.44,14.0966,61.9903,380.158,14.0966,71.3301,480.499,14.0966,81.902,606.796,14.0966,93.8685,765.761,14.0966,107.414,965.837,14.0966,122.746,1217.65,14.0966,140.101,1534.57,14.0966,159.745,1933.41,14.0966,181.981,2435.3,14.0966,207.15,3066.85,14.0966,235.64,3861.46,14.0966,267.889,4861.11,14.0966,304.391,6118.54,14.0966,345.709,7699.91,14.0966,392.478,9688.22,14.0966,445.417,12187.5,14.0966,505.339,15327.7,14.0966,573.165,19271.6,14.0966,649.938,24222,14.0966,736.839,30430.9,14.0966,835.202,38211.5,14.0966,946.539,47950.3,14.0966,1072.56,60122.8,14.0966,1215.21,75309.9,14.0966,1376.66,94216.2,14.0966,1559.41,117688,14.0966,1766.26,146729,14.0966,2000.39,182510,14.0966,2265.39,226372,14.0966,2565.33,279806,14.0966,2904.81,344416,14.0966,3289.05,421845,14.0966,3723.93,513667,14.0966,4216.13,621231,14.0966,4773.18,745478,14.0966,5403.64,886744,14.0966,6117.15,1.04457e+06,14.0966,6924.63,1.2176e+06,14.0966,11.7194,11.96,12.6541,13.9321,16.1295,13.6434,16.6097,21.9702,13.9553,19.7532,29.5285,14.0526,23.3844,39.1143,14.0829,27.5423,51.2054,14.0923,32.2796,66.434,14.0953,37.662,85.6061,14.0962,43.7675,109.74,14.0965,50.687,140.119,14.0966,58.5249,178.359,14.0966,67.4005,226.493,14.0966,77.4493,287.08,14.0966,88.8254,363.343,14.0966,101.703,459.336,14.0966,116.281,580.161,14.0966,132.782,732.241,14.0966,151.46,923.655,14.0966,172.603,1164.57,14.0966,196.535,1467.79,14.0966,223.625,1849.39,14.0966,254.288,2329.62,14.0966,288.997,2933.93,14.0966,328.285,3694.33,14.0966,372.755,4651.04,14.0966,423.092,5854.57,14.0966,480.07,7368.38,14.0966,544.564,9272.08,14.0966,617.566,11665.5,14.0966,700.197,14673.6,14.0966,793.729,18452.9,14.0966,899.599,23198.6,14.0966,1019.43,29154.1,14.0966,1155.07,36622.3,14.0966,1308.6,45977.9,14.0966,1482.39,57683.7,14.0966,1679.09,72307.8,14.0966,1901.73,90542.8,14.0966,2153.73,113226,14.0966,2438.97,141360,14.0966,2761.81,176127,14.0966,3127.22,218898,14.0966,3540.81,271226,14.0966,4008.92,334817,14.0966,4538.74,411470,14.0966,5138.38,502973,14.0966,5817.04,610948,14.0966,6585.12,736653,14.0966,7454.39,880741,14.0966,8438.15,1.04302e+06,14.0966,9551.45,1.22224e+06,14.0966,10811.3,1.41602e+06,14.0966,12237,1.62086e+06,14.0966,11.7194,11.96,12.6541,2.21263,4.16949,0.989383,2.67766,5.84076,0.311842,3.14343,7.55825,0.0972771,3.63127,9.58578,0.0303237,4.15787,12.0912,0.00945211,4.73731,15.2286,0.00294633,5.38238,19.1721,0.000918508,6.10553,24.134,0.000286163,6.91951,30.3791,8.92692e-05,7.83792,38.2397,2.78121e-05,8.87555,48.1338,8.65134e-06,10.0489,60.5876,2.7882e-06,11.3761,76.2629,8.29036e-07,12.8779,95.9927,2.4373e-07,14.5775,120.825,4.33068e-09,16.5012,152.08,1.75749e-07,18.6784,191.415,-1.86328e-07,21.1428,240.917,1.91829e-07,23.9322,303.213,-1.81475e-07,27.0895,381.602,7.0186e-08,30.6634,480.231,-2.86769e-08,34.7087,604.316,2.40784e-07,39.2876,760.401,9.87368e-08,44.4705,956.705,1.22263e-07,50.3371,1203.54,-4.31966e-07,56.9776,1513.81,-1.9705e-07,64.494,1903.69,-2.763e-08,73.0018,2393.4,3.9185e-07,82.6317,3008.13,1.35379e-07,93.5318,3779.25,-4.16351e-08,105.869,4745.7,2.06965e-08,119.834,5955.6,-3.18887e-07,135.641,7468.12,-1.48271e-08,153.531,9355.62,2.00739e-07,173.781,11705.8,2.28358e-07,196.701,14624.1,-1.93587e-08,222.642,18235,-2.88101e-07,252.003,22683.4,-2.24732e-07,285.234,28134,8.56806e-09,322.845,34767,2.34258e-07,365.413,42770.9,2.99668e-07,413.588,52327.9,8.28644e-08,468.111,63591.2,-3.07049e-07,529.814,76653.2,-3.1888e-07,599.642,91502.5,-6.72276e-08,678.662,107975,2.26339e-07,768.083,125705,3.69212e-07,869.267,144088,2.04077e-07,983.76,162277,-2.80509e-07,1113.3,179223,-4.22737e-07,1259.87,193777,-1.71951e-07,1425.68,204839,4.55555e-07,11.7194,11.96,12.6541,2.21263,4.16949,0.989383,2.67766,5.84076,0.311842,3.14343,7.55825,0.0972771,3.63127,9.58578,0.0303237,4.15787,12.0912,0.00945211,4.73731,15.2286,0.00294633,5.38238,19.1721,0.000918508,6.10553,24.134,0.000286163,6.91951,30.3791,8.92692e-05,7.83792,38.2397,2.78121e-05,8.87555,48.1338,8.65134e-06,10.0489,60.5876,2.7882e-06,11.3761,76.2629,8.29036e-07,12.8779,95.9927,2.4373e-07,14.5775,120.825,1e-08,16.5012,152.08,1.75749e-07,18.6784,191.415,1e-08,21.1428,240.917,1.91829e-07,23.9322,303.213,1e-08,27.0895,381.602,7.0186e-08,30.6634,480.231,1e-08,34.7087,604.316,2.40784e-07,39.2876,760.401,9.87368e-08,44.4705,956.705,1.22263e-07,50.3371,1203.54,1e-08,56.9776,1513.81,1e-08,64.494,1903.69,1e-08,73.0018,2393.4,3.9185e-07,82.6317,3008.13,1.35379e-07,93.5318,3779.25,1e-08,105.869,4745.7,2.06965e-08,119.834,5955.6,1e-08,135.641,7468.12,1e-08,153.531,9355.62,2.00739e-07,173.781,11705.8,2.28358e-07,196.701,14624.1,1e-08,222.642,18235,1e-08,252.003,22683.4,1e-08,285.234,28134,1e-08,322.845,34767,2.34258e-07,365.413,42770.9,2.99668e-07,413.588,52327.9,8.28644e-08,468.111,63591.2,1e-08,529.814,76653.2,1e-08,599.642,91502.5,1e-08,678.662,107975,2.26339e-07,768.083,125705,3.69212e-07,869.267,144088,2.04077e-07,983.76,162277,1e-08,1113.3,179223,1e-08,1259.87,193777,1e-08,1425.68,204839,4.55555e-07,6.2823,3.27286,2.43537,0.219672,6.18826,2.24117,0.56371,6.87772,2.63624,0.308279,17,1,11,2,2,0,3,7,0,4,10,0,0,7,0,3,5,0,7,22,0,1,18,0,7,13,0,7,30,0,12,15,0,6,42,0,5,78,0,10,66,0,15,85,0,15,138,0,22,35,0,17,136,0,14,160,0,28,190,0,45,937,0,30,622,0,22,333,0,49,261,0,68,922,0,40,837,0,140,835,0,54,1672,0,101,2261,0,45,2211,0,70,5049,0,94,2820,0,146,7318,0,202,6622,0,113,13272,0,335,15540,0,230,19039,0,226,16168,0,246,20049,0,308,32875,0,142,57202,0,342,66836,0,314,29820,0,479,73311,0,1071,31604,0,502,66287,0,530,113746,0,906,117172,0,829,131039,0,440,180395,0,1265,109153,0,1836,222642,0,818,347642,0
-1.05176e+08,1,8.88811e-15,10,1023,0,1.05176e+08,0.528882,1.08665,0.389689,0.145397,0.379329,3.24381,0.161596,0.446195,1.77396,0.159177,1.15e+07,4.49998e+06,6.79999e+06,1.15e+07,4.49997e+06,6.79999e+06,1.15e+07,4.49996e+06,6.79999e+06,1.15e+07,4.49995e+06,6.79999e+06,1.14999e+07,4.49993e+06,6.79999e+06,1.14999e+07,4.49991e+06,6.79999e+06,1.14999e+07,4.49989e+06,6.79999e+06,1.14999e+07,4.49986e+06,6.79999e+06,1.14999e+07,4.49982e+06,6.79999e+06,1.14999e+07,4.49977e+06,6.79999e+06,1.14999e+07,4.49971e+06,6.79999e+06,1.14999e+07,4.49963e+06,6.79999e+06,1.14998e+07,4.49953e+06,6.79999e+06,1.14998e+07,4.49941e+06,6.79999e+06,1.14998e+07,4.49926e+06,6.79999e+06,1.14998e+07,4.49906e+06,6.79999e+06,1.14997e+07,4.49882e+06,6.79999e+06,1.14997e+07,4.49851e+06,6.79999e+06,1.14997e+07,4.49812e+06,6.79999e+06,1.14996e+07,4.49764e+06,6.79999e+06,1.14996e+07,4.49702e+06,6.79999e+06,1.14995e+07,4.49625e+06,6.79999e+06,1.14995e+07,4.49528e+06,6.79999e+06,1.14994e+07,4.49406e+06,6.79999e+06,1.14993e+07,4.49253e+06,6.79999e+06,1.14992e+07,4.49059e+06,6.79999e+06,1.14991e+07,4.48817e+06,6.79999e+06,1.1499e+07,4.48511e+06,6.79999e+06,1.14988e+07,4.48128e+06,6.79999e+06,1.14987e+07,4.47646e+06,6.79999e+06,1.14985e+07,4.47041e+06,6.79999e+06,1.14983e+07,4.46281e+06,6.79999e+06,1.14981e+07,4.4533e+06,6.79999e+06,1.14979e+07,4.44138e+06,6.79999e+06,1.14976e+07,4.42649e+06,6.79999e+06,1.14972e+07,4.40789e+06,6.79999e+06,1.14969e+07,4.38471e+06,6.79999e+06,1.14965e+07,4.35592e+06,6.79999e+06,1.1496e+07,4.32027e+06,6.79999e+06,1.14955e+07,4.27629e+06,6.79999e+06,1.14949e+07,4.22231e+06,6.79999e+06,1.14942e+07,4.15647e+06,6.79999e+06,1.14934e+07,4.07676e+06,6.79999e+06,1.14926e+07,3.98112e+06,6.79999e+06,1.14916e+07,3.86765e+06,6.79999e+06,1.14905e+07,3.73474e+06,6.79999e+06,1.14892e+07,3.58148e+06,6.79999e+06,1.14878e+07,3.40785e+06,6.79999e+06,1.14862e+07,3.21513e+06,6.79999e+06,1.14844e+07,3.00605e+06,6.79999e+06,1.14823e+07,2.7848e+06,6.79999e+06,1.148e+07,2.5568e+06,6.79999e+06,1.14773e+07,2.32825e+06,6.79999e+06,13.5742,8.52444,0.508366,16.8306,13.2585,0.162638,20.0035,17.569,0.0507846,23.2616,22.4214,0.0158319,26.7328,28.3297,0.00493498,30.5212,35.6974,0.00153831,34.7178,44.9473,0.000479527,39.4086,56.5822,0.000149456,44.6796,71.2245,4.66214e-05,50.6209,89.6543,1.45419e-05,57.3297,112.852,4.54748e-06,64.9129,142.051,1.43857e-06,73.4897,178.803,4.36618e-07,83.1934,225.062,1.40153e-07,94.1745,283.286,4.96378e-08,106.602,356.568,1.05434e-07,120.669,448.799,-6.49244e-08,136.59,564.873,1.70148e-07,154.611,710.948,-5.34594e-08,175.008,894.767,1.63407e-07,198.097,1126.06,8.04804e-08,224.231,1417.07,1.14667e-07,253.813,1783.15,-1.71227e-07,287.297,2243.62,-2.88466e-07,325.198,2822.67,-4.33651e-07,368.098,3550.67,7.9318e-08,416.657,4465.65,3.13319e-07,471.621,5615.16,3.4613e-07,533.835,7058.61,-1.19199e-07,604.255,8870.02,-2.79964e-07,683.962,11141.4,-2.30521e-07,774.182,13986.7,-2.55099e-07,876.299,17546.4,1.23585e-07,991.883,21993.1,1.41192e-07,1122.71,27536.7,-9.71886e-08,1270.78,34430.7,-3.68368e-07,1438.38,42977.7,-3.45379e-07,1628.07,53532.7,-3.25328e-09,1842.77,66504.6,2.6362e-07,2085.77,82350.2,2.53445e-07,2360.79,101560,-2.47407e-08,2672.05,124632,-3.80602e-07,3024.31,152018,-4.79005e-07,3422.98,184060,-1.14379e-07,3874.15,220884,2.64297e-07,4384.72,262283,3.44131e-07,4962.49,307576,7.5349e-08,5616.29,355497,-3.63097e-07,6356.1,404126,-6.05442e-07,7193.18,450932,-2.72333e-07,8140.28,492963,2.29675e-07,9211.79,527178,4.3387e-07,10424,550893,-1.0711e-07,10.102,8.06553,2.81012,10.6436,8.57909,0.869423,11.5336,10.2515,0.270869,12.7211,12.7138,0.0844293,14.1823,15.9373,0.0263173,15.9122,20.0383,0.0082035,17.9198,25.2154,0.00255722,20.2244,31.7373,0.000797017,22.8539,39.9486,0.000248622,25.8438,50.2851,7.75492e-05,29.237,63.2963,2.42508e-05,33.0837,79.6738,7.67162e-06,37.4415,100.288,2.32837e-06,42.3767,126.236,7.33e-07,47.9646,158.896,2.79256e-07,54.2906,200.003,9.87351e-09,61.452,251.741,1.61085e-07,69.5585,316.859,-2.47141e-07,78.7347,398.812,8.93552e-08,89.1218,501.948,-2.53231e-07,100.879,631.736,-1.25047e-07,114.188,795.049,-1.78808e-07,129.252,1000.53,2.6733e-07,146.304,1259.03,4.50292e-07,165.605,1584.19,6.76904e-07,187.452,1993.12,-1.23808e-07,212.181,2507.27,-4.89068e-07,240.173,3153.54,-5.40284e-07,271.856,3965.56,1.86061e-07,307.719,4985.38,4.37004e-07,348.313,6265.4,3.59828e-07,394.26,7870.83,3.98192e-07,446.268,9882.51,-1.92908e-07,505.135,12400.3,-2.20392e-07,571.766,15546.9,1.51705e-07,647.184,19472.2,5.74996e-07,732.547,24357.4,5.39112e-07,829.167,30420,5.07815e-09,938.526,37916.3,-4.11492e-07,1062.3,47143.9,-3.9561e-07,1202.4,58439.2,3.86185e-08,1360.96,72169.3,5.94093e-07,1540.42,88715.8,7.47693e-07,1743.53,108445,1.78537e-07,1973.41,131665,-4.12549e-07,2233.57,158557,-5.37164e-07,2528,189103,-1.17615e-07,2861.2,222986,5.66769e-07,3238.27,259510,9.45053e-07,3664.97,297540,4.25093e-07,4147.81,335497,-3.58506e-07,4694.17,371444,-6.7724e-07,5312.37,403256,1.67192e-07,1.61744,3.89446,9.84394,3.28846,7.5504,12.774,5.07607,11.7187,13.6844,7.03202,16.8147,13.9681,9.20215,23.1769,14.0566,11.6301,31.1672,14.0841,14.3598,41.2186,14.0927,17.4376,53.8688,14.0954,20.9137,69.7915,14.0962,24.8432,89.8341,14.0965,29.2879,115.063,14.0966,34.3168,146.819,14.0966,40.0078,186.792,14.0966,46.4487,237.107,14.0966,53.7388,300.44,14.0966,61.9903,380.158,14.0966,71.3301,480.499,14.0966,81.902,606.796,14.0966,93.8685,765.761,14.0966,107.414,965.837,14.0966,122.746,1217.65,14.0966,140.101,1534.57,14.0966,159.745,1933.41,14.0966,181.981,2435.3,14.0966,207.15,3066.85,14.0966,235.64,3861.46,14.0966,267.889,4861.11,14.0966,304.391,6118.54,14.0966,345.709,7699.91,14.0966,392.478,9688.22,14.0966,445.417,12187.5,14.0966,505.339,15327.7,14.0966,573.165,19271.6,14.0966,649.938,24222,14.0966,736.839,30430.9,14.0966,835.202,38211.5,14.0966,946.539,47950.3,14.0966,1072.56,60122.8,14.0966,1215.21,75309.9,14.0966,1376.66,94216.2,14.0966,1559.41,117688,14.0966,1766.26,146729,14.0966,2000.39,182510,14.0966,2265.39,226372,14.0966,2565.33,279806,14.0966,2904.81,344416,14.0966,3289.05,421845,14.0966,3723.93,513667,14.0966,4216.13,621231,14.0966,4773.18,745478,14.0966,5403.64,886744,14.0966,6117.15,1.04457e+06,14.0966,6924.63,1.2176e+06,14.0966,11.7194,11.96,12.6541,13.9321,16.1295,13.6434,16.6097,21.9702,13.9553,19.7532,29.5285,14.0526,23.3844,39.1143,14.0829,27.5423,51.2054,14.0923,32.2796,66.434,14.0953,37.662,85.6061,14.0962,43.7675,109.74,14.0965,50.687,140.119,14.0966,58.5249,178.359,14.0966,67.4005,226.493,14.0966,77.4493,287.08,14.0966,88.8254,363.343,14.0966,101.703,459.336,14.0966,116.281,580.161,14.0966,132.782,732.241,14.0966,151.46,923.655,14.0966,172.603,1164.57,14.0966,196.535,1467.79,14.0966,223.625,1849.39,14.0966,254.288,2329.62,14.0966,288.997,2933.93,14.0966,328.285,3694.33,14.0966,372.755,4651.04,14.0966,423.092,5854.57,14.0966,480.07,7368.38,14.0966,544.564,9272.08,14.0966,617.566,11665.5,14.0966,700.197,14673.6,14.0966,793.729,18452.9,14.0966,899.599,23198.6,14.0966,1019.43,29154.1,14.0966,1155.07,36622.3,14.0966,1308.6,45977.9,14.0966,1482.39,57683.7,14.0966,1679.09,72307.8,14.0966,1901.73,90542.8,14.0966,2153.73,113226,14.0966,2438.97,141360,14.0966,2761.81,176127,14.0966,3127.22,218898,14.0966,3540.81,271226,14.0966,4008.92,334817,14.0966,4538.74,411470,14.0966,5138.38,502973,14.0966,5817.04,610948,14.0966,6585.12,736653,14.0966,7454.39,880741,14.0966,8438.15,1.04302e+06,14.0966,9551.45,1.22224e+06,14.0966,10811.3,1.41602e+06,14.0966,12237,1.62086e+06,14.0966,11.7194,11.96,12.6541,2.21263,4.16949,0.989383,2.67766,5.84076,0.311842,3.14343,7.55825,0.0972771,3.63127,9.58578,0.0303237,4.15787,12.0912,0.00945211,4.73731,15.2286,0.00294633,5.38238,19.1721,0.000918508,6.10553,24.134,0.000286163,6.91951,30.3791,8.92692e-05,7.83792,38.2397,2.78121e-05,8.87555,48.1338,8.65134e-06,10.0489,60.5876,2.7882e-06,11.3761,76.2629,8.29036e-07,12.8779,95.9927,2.4373e-07,14.5775,120.825,4.33068e-09,16.5012,152.08,1.75749e-07,18.6784,191.415,-1.86328e-07,21.1428,240.917,1.91829e-07,23.9322,303.213,-1.81475e-07,27.0895,381.602,7.0186e-08,30.6634,480.231,-2.86769e-08,34.7087,604.316,2.40784e-07,39.2876,760.401,9.87368e-08,44.4705,956.705,1.22263e-07,50.3371,1203.54,-4.31966e-07,56.9776,1513.81,-1.9705e-07,64.494,1903.69,-2.763e-08,73.0018,2393.4,3.9185e-07,82.6317,3008.13,1.35379e-07,93.5318,3779.25,-4.16351e-08,105.869,4745.7,2.06965e-08,119.834,5955.6,-3.18887e-07,135.641,7468.12,-1.48271e-08,153.531,9355.62,2.00739e-07,173.781,11705.8,2.28358e-07,196.701,14624.1,-1.93587e-08,222.642,18235,-2.88101e-07,252.003,22683.4,-2.24732e-07,285.234,28134,8.56806e-09,322.845,34767,2.34258e-07,365.413,42770.9,2.99668e-07,413.588,52327.9,8.28644e-08,468.111,63591.2,-3.07049e-07,529.814,76653.2,-3.1888e-07,599.642,91502.5,-6.72276e-08,678.662,107975,2.26339e-07,768.083,125705,3.69212e-07,869.267,144088,2.04077e-07,983.76,162277,-2.80509e-07,1113.3,179223,-4.22737e-07,1259.87,193777,-1.71951e-07,1425.68,204839,4.55555e-07,11.7194,11.96,12.6541,2.21263,4.16949,0.989383,2.67766,5.84076,0.311842,3.14343,7.55825,0.0972771,3.63127,9.58578,0.0303237,4.15787,12.0912,0.00945211,4.73731,15.2286,0.00294633,5.38238,19.1721,0.000918508,6.10553,24.134,0.000286163,6.91951,30.3791,8.92692e-05,7.83792,38.2397,2.78121e-05,8.87555,48.1338,8.65134e-06,10.0489,60.5876,2.7882e-06,11.3761,76.2629,8.29036e-07,12.8779,95.9927,2.4373e-07,14.5775,120.825,1e-08,16.5012,152.08,1.75749e-07,18.6784,191.415,1e-08,21.1428,240.917,1.91829e-07,23.9322,303.213,1e-08,27.0895,381.602,7.0186e-08,30.6634,480.231,1e-08,34.7087,604.316,2.40784e-07,39.2876,760.401,9.87368e-08,44.4705,956.705,1.22263e-07,50.3371,1203.54,1e-08,56.9776,1513.81,1e-08,64.494,1903.69,1e-08,73.0018,2393.4,3.9185e-07,82.6317,3008.13,1.35379e-07,93.5318,3779.25,1e-08,105.869,4745.7,2.06965e-08,119.834,5955.6,1e-08,135.641,7468.12,1e-08,153.531,9355.62,2.00739e-07,173.781,11705.8,2.28358e-07,196.701,14624.1,1e-08,222.642,18235,1e-08,252.003,22683.4,1e-08,285.234,28134,1e-08,322.845,34767,2.34258e-07,365.413,42770.9,2.99668e-07,413.588,52327.9,8.28644e-08,468.111,63591.2,1e-08,529.814,76653.2,1e-08,599.642,91502.5,1e-08,678.662,107975,2.26339e-07,768.083,125705,3.69212e-07,869.267,144088,2.04077e-07,983.76,162277,1e-08,1113.3,179223,1e-08,1259.87,193777,1e-08,1425.68,204839,4.55555e-07,6.2823,3.27286,2.43537,0.219672,6.18826,2.24117,0.56371,6.87772,2.63624,0.308279,12,11,8,1,8,3,2,7,0,6,9,0,2,10,0,4,6,0,4,12,0,4,19,0,5,29,0,6,24,0,5,33,0,6,35,0,9,68,0,10,34,0,9,72,0,8,78,0,7,186,0,24,256,0,17,144,0,24,503,0,20,281,0,28,499,0,29,412,0,15,335,0,36,1019,0,49,2323,0,48,1865,0,108,2556,0,57,1621,0,36,3483,0,167,2074,0,147,3470,0,143,5756,0,61,8658,0,302,13937,0,145,9221,0,52,20545,0,142,7552,0,130,17463,0,119,29001,0,316,22500,0,264,81230,0,542,22459,0,660,46810,0,612,46630,0,441,103279,0,877,104942,0,693,118189,0,1127,118009,0,933,76407,0,859,208250,0,2089,70776,0,1230,195511,0
-1.05176e+08,1,8.88811e-15,10,1023,0,1.05176e+08,0.528882,1.08665,0.389689,0.145397,0.379329,3.24381,0.161596,0.446195,1.77396,0.159177,1.15e+07,4.49998e+06,6.79999e+06,1.15e+07,4.49997e+06,6.79999e+06,1.15e+07,4.49996e+06,6.79999e+06,1.15e+07,4.49995e+06,6.79999e+06,1.14999e+07,4.49993e+06,6.79999e+06,1.14999e+07,4.49991e+06,6.79999e+06,1.14999e+07,4.49989e+06,6.79999e+06,1.14999e+07,4.49986e+06,6.79999e+06,1.14999e+07,4.49982e+06,6.79999e+06,1.14999e+07,4.49977e+06,6.79999e+06,1.14999e+07,4.49971e+06,6.79999e+06,1.14999e+07,4.49963e+06,6.79999e+06,1.14998e+07,4.49953e+06,6.79999e+06,1.14998e+07,4.49941e+06,6.79999e+06,1.14998e+07,4.49926e+06,6.79999e+06,1.14998e+07,4.49906e+06,6.79999e+06,1.14997e+07,4.49882e+06,6.79999e+06,1.14997e+07,4.49851e+06,6.79999e+06,1.14997e+07,4.49812e+06,6.79999e+06,1.14996e+07,4.49764e+06,6.79999e+06,1.14996e+07,4.49702e+06,6.79999e+06,1.14995e+07,4.49625e+06,6.79999e+06,1.14995e+07,4.49528e+06,6.79999e+06,1.14994e+07,4.49406e+06,6.79999e+06,1.14993e+07,4.49253e+06,6.79999e+06,1.14992e+07,4.49059e+06,6.79999e+06,1.14991e+07,4.48817e+06,6.79999e+06,1.1499e+07,4.48511e+06,6.79999e+06,1.14988e+07,4.48128e+06,6.79999e+06,1.14987e+07,4.47646e+06,6.79999e+06,1.14985e+07,4.47041e+06,6.79999e+06,1.14983e+07,4.46281e+06,6.79999e+06,1.14981e+07,4.4533e+06,6.79999e+06,1.14979e+07,4.44138e+06,6.79999e+06,1.14976e+07,4.42649e+06,6.79999e+06,1.14972e+07,4.40789e+06,6.79999e+06,1.14969e+07,4.38471e+06,6.79999e+06,1.14965e+07,4.35592e+06,6.79999e+06,1.1496e+07,4.32027e+06,6.79999e+06,1.14955e+07,4.27629e+06,6.79999e+06,1.14949e+07,4.22231e+06,6.79999e+06,1.14942e+07,4.15647e+06,6.79999e+06,1.14934e+07,4.07676e+06,6.79999e+06,1.14926e+07,3.98112e+06,6.79999e+06,1.14916e+07,3.86765e+06,6.79999e+06,1.14905e+07,3.73474e+06,6.79999e+06,1.14892e+07,3.58148e+06,6.79999e+06,1.14878e+07,3.40785e+06,6.79999e+06,1.14862e+07,3.21513e+06,6.79999e+06,1.14844e+07,3.00605e+06,6.79999e+06,1.14823e+07,2.7848e+06,6.79999e+06,1.148e+07,2.5568e+06,6.79999e+06,1.14773e+07,2.32825e+06,6.79999e+06,13.5742,8.52444,0.508366,16.8306,13.2585,0.162638,20.0035,17.569,0.0507846,23.2616,22.4214,0.0158319,26.7328,28.3297,0.00493498,30.5212,35.6974,0.00153831,34.7178,44.9473,0.000479527,39.4086,56.5822,0.000149456,44.6796,71.2245,4.66214e-05,50.6209,89.6543,1.45419e-05,57.3297,112.852,4.54748e-06,64.9129,142.051,1.43857e-06,73.4897,178.803,4.36618e-07,83.1934,225.062,1.40153e-07,94.1745,283.286,4.96378e-08,106.602,356.568,1.05434e-07,120.669,448.799,-6.49244e-08,136.59,564.873,1.70148e-07,154.611,710.948,-5.34594e-08,175.008,894.767,1.63407e-07,198.097,1126.06,8.04804e-08,224.231,1417.07,1.14667e-07,253.813,1783.15,-1.71227e-07,287.297,2243.62,-2.88466e-07,325.198,2822.67,-4.33651e-07,368.098,3550.67,7.9318e-08,416.657,4465.65,3.13319e-07,471.621,5615.16,3.4613e-07,533.835,7058.61,-1.19199e-07,604.255,8870.02,-2.79964e-07,683.962,11141.4,-2.30521e-07,774.182,13986.7,-2.55099e-07,876.299,17546.4,1.23585e-07,991.883,21993.1,1.41192e-07,1122.71,27536.7,-9.71886e-08,1270.78,34430.7,-3.68368e-07,1438.38,42977.7,-3.45379e-07,1628.07,53532.7,-3.25328e-09,1842.77,66504.6,2.6362e-07,2085.77,82350.2,2.53445e-07,2360.79,101560,-2.47407e-08,2672.05,124632,-3.80602e-07,3024.31,152018,-4.79005e-07,3422.98,184060,-1.14379e-07,3874.15,220884,2.64297e-07,4384.72,262283,3.44131e-07,4962.49,307576,7.5349e-08,5616.29,355497,-3.63097e-07,6356.1,404126,-6.05442e-07,7193.18,450932,-2.72333e-07,8140.28,492963,2.29675e-07,9211.79,527178,4.3387e-07,10424,550893,-1.0711e-07,10.102,8.06553,2.81012,10.6436,8.57909,0.869423,11.5336,10.2515,0.270869,12.7211,12.7138,0.0844293,14.1823,15.9373,0.0263173,15.9122,20.0383,0.0082035,17.9198,25.2154,0.00255722,20.2244,31.7373,0.000797017,22.8539,39.9486,0.000248622,25.8438,50.2851,7.75492e-05,29.237,63.2963,2.42508e-05,33.0837,79.6738,7.67162e-06,37.4415,100.288,2.32837e-06,42.3767,126.236,7.33e-07,47.9646,158.896,2.79256e-07,54.2906,200.003,9.87351e-09,61.452,251.741,1.61085e-07,69.5585,316.859,-2.47141e-07,78.7347,398.812,8.93552e-08,89.1218,501.948,-2.53231e-07,100.879,631.736,-1.25047e-07,114.188,795.049,-1.78808e-07,129.252,1000.53,2.6733e-07,146.304,1259.03,4.50292e-07,165.605,1584.19,6.76904e-07,187.452,1993.12,-1.23808e-07,212.181,2507.27,-4.89068e-07,240.173,3153.54,-5.40284e-07,271.856,3965.56,1.86061e-07,307.719,4985.38,4.37004e-07,348.313,6265.4,3.59828e-07,394.26,7870.83,3.98192e-07,446.268,9882.51,-1.92908e-07,505.135,12400.3,-2.20392e-07,571.766,15546.9,1.51705e-07,647.184,19472.2,5.74996e-07,732.547,24357.4,5.39112e-07,829.167,30420,5.07815e-09,938.526,37916.3,-4.11492e-07,1062.3,47143.9,-3.9561e-07,1202.4,58439.2,3.86185e-08,1360.96,72169.3,5.94093e-07,1540.42,88715.8,7.47693e-07,1743.53,108445,1.78537e-07,1973.41,131665,-4.12549e-07,2233.57,158557,-5.37164e-07,2528,189103,-1.17615e-07,2861.2,222986,5.66769e-07,3238.27,259510,9.45053e-07,3664.97,297540,4.25093e-07,4147.81,335497,-3.58506e-07,4694.17,371444,-6.7724e-07,5312.37,403256,1.67192e-07,1.61744,3.89446,9.84394,3.28846,7.5504,12.774,5.07607,11.7187,13.6844,7.03202,16.8147,13.9681,9.20215,23.1769,14.0566,11.6301,31.1672,14.0841,14.3598,41.2186,14.0927,17.4376,53.8688,14.0954,20.9137,69.7915,14.0962,24.8432,89.8341,14.0965,29.2879,115.063,14.0966,34.3168,146.819,14.0966,40.0078,186.792,14.0966,46.4487,237.107,14.0966,53.7388,300.44,14.0966,61.9903,380.158,14.0966,71.3301,480.499,14.0966,81.902,606.796,14.0966,93.8685,765.761,14.0966,107.414,965.837,14.0966,122.746,1217.65,14.0966,140.101,1534.57,14.0966,159.745,1933.41,14.0966,181.981,2435.3,14.0966,207.15,3066.85,14.0966,235.64,3861.46,14.0966,267.889,4861.11,14.0966,304.391,6118.54,14.0966,345.709,7699.91,14.0966,392.478,9688.22,14.0966,445.417,12187.5,14.0966,505.339,15327.7,14.0966,573.165,19271.6,14.0966,649.938,24222,14.0966,736.839,30430.9,14.0966,835.202,38211.5,14.0966,946.539,47950.3,14.0966,1072.56,60122.8,14.0966,1215.21,75309.9,14.0966,1376.66,94216.2,14.0966,1559.41,117688,14.0966,1766.26,146729,14.0966,2000.39,182510,14.0966,2265.39,226372,14.0966,2565.33,279806,14.0966,2904.81,344416,14.0966,3289.05,421845,14.0966,3723.93,513667,14.0966,4216.13,621231,14.0966,4773.18,745478,14.0966,5403.64,886744,14.0966,6117.15,1.04457e+06,14.0966,6924.63,1.2176e+06,14.0966,11.7194,11.96,12.6541,13.9321,16.1295,13.6434,16.6097,21.9702,13.9553,19.7532,29.5285,14.0526,23.3844,39.1143,14.0829,27.5423,51.2054,14.0923,32.2796,66.434,14.0953,37.662,85.6061,14.0962,43.7675,109.74,14.0965,50.687,140.119,14.0966,58.5249,178.359,14.0966,67.4005,226.493,14.0966,77.4493,287.08,14.0966,88.8254,363.343,14.0966,101.703,459.336,14.0966,116.281,580.161,14.0966,132.782,732.241,14.0966,151.46,923.655,14.0966,172.603,1164.57,14.0966,196.535,1467.79,14.0966,223.625,1849.39,14.0966,254.288,2329.62,14.0966,288.997,2933.93,14.0966,328.285,3694.33,14.0966,372.755,4651.04,14.0966,423.092,5854.57,14.0966,480.07,7368.38,14.0966,544.564,9272.08,14.0966,617.566,11665.5,14.0966,700.197,14673.6,14.0966,793.729,18452.9,14.0966,899.599,23198.6,14.0966,1019.43,29154.1,14.0966,1155.07,36622.3,14.0966,1308.6,45977.9,14.0966,1482.39,57683.7,14.0966,1679.09,72307.8,14.0966,1901.73,90542.8,14.0966,2153.73,113226,14.0966,2438.97,141360,14.0966,2761.81,176127,14.0966,3127.22,218898,14.0966,3540.81,271226,14.0966,4008.92,334817,14.0966,4538.74,411470,14.0966,5138.38,502973,14.0966,5817.04,610948,14.0966,6585.12,736653,14.0966,7454.39,880741,14.0966,8438.15,1.04302e+06,14.0966,9551.45,1.22224e+06,14.0966,10811.3,1.41602e+06,14.0966,12237,1.62086e+06,14.0966,11.7194,11.96,12.6541,2.21263,4.16949,0.989383,2.67766,5.84076,0.311842,3.14343,7.55825,0.0972771,3.63127,9.58578,0.0303237,4.15787,12.0912,0.00945211,4.73731,15.2286,0.00294633,5.38238,19.1721,0.000918508,6.10553,24.134,0.000286163,6.91951,30.3791,8.92692e-05,7.83792,38.2397,2.78121e-05,8.87555,48.1338,8.65134e-06,10.0489,60.5876,2.7882e-06,11.3761,76.2629,8.29036e-07,12.8779,95.9927,2.4373e-07,14.5775,120.825,4.33068e-09,16.5012,152.08,1.75749e-07,18.6784,191.415,-1.86328e-07,21.1428,240.917,1.91829e-07,23.9322,303.213,-1.81475e-07,27.0895,381.602,7.0186e-08,30.6634,480.231,-2.86769e-08,34.7087,604.316,2.40784e-07,39.2876,760.401,9.87368e-08,44.4705,956.705,1.22263e-07,50.3371,1203.54,-4.31966e-07,56.9776,1513.81,-1.9705e-07,64.494,1903.69,-2.763e-08,73.0018,2393.4,3.9185e-07,82.6317,3008.13,1.35379e-07,93.5318,3779.25,-4.16351e-08,105.869,4745.7,2.06965e-08,119.834,5955.6,-3.18887e-07,135.641,7468.12,-1.48271e-08,153.531,9355.62,2.00739e-07,173.781,11705.8,2.28358e-07,196.701,14624.1,-1.93587e-08,222.642,18235,-2.88101e-07,252.003,22683.4,-2.24732e-07,285.234,28134,8.56806e-09,322.845,34767,2.34258e-07,365.413,42770.9,2.99668e-07,413.588,52327.9,8.28644e-08,468.111,63591.2,-3.07049e-07,529.814,76653.2,-3.1888e-07,599.642,91502.5,-6.72276e-08,678.662,107975,2.26339e-07,768.083,125705,3.69212e-07,869.267,144088,2.04077e-07,983.76,162277,-2.80509e-07,1113.3,179223,-4.22737e-07,1259.87,193777,-1.71951e-07,1425.68,204839,4.55555e-07,11.7194,11.96,12.6541,2.21263,4.16949,0.989383,2.67766,5.84076,0.311842,3.14343,7.55825,0.0972771,3.63127,9.58578,0.0303237,4.15787,12.0912,0.00945211,4.73731,15.2286,0.00294633,5.38238,19.1721,0.000918508,6.10553,24.134,0.000286163,6.91951,30.3791,8.92692e-05,7.83792,38.2397,2.78121e-05,8.87555,48.1338,8.65134e-06,10.0489,60.5876,2.7882e-06,11.3761,76.2629,8.29036e-07,12.8779,95.9927,2.4373e-07,14.5775,120.825,1e-08,16.5012,152.08,1.75749e-07,18.6784,191.415,1e-08,21.1428,240.917,1.91829e-07,23.9322,303.213,1e-08,27.0895,381.602,7.0186e-08,30.6634,480.231,1e-08,34.7087,604.316,2.40784e-07,39.2876,760.401,9.87368e-08,44.4705,956.705,1.22263e-07,50.3371,1203.54,1e-08,56.9776,1513.81,1e-08,64.494,1903.69,1e-08,73.0018,2393.4,3.9185e-07,82.6317,3008.13,1.35379e-07,93.5318,3779.25,1e-08,105.869,4745.7,2.06965e-08,119.834,5955.6,1e-08,135.641,7468.12,1e-08,153.531,9355.62,2.00739e-07,173.781,11705.8,2.28358e-07,196.701,14624.1,1e-08,222.642,18235,1e-08,252.003,22683.4,1e-08,285.234,28134,1e-08,322.845,34767,2.34258e-07,365.413,42770.9,2.99668e-07,413.588,52327.9,8.28644e-08,468.111,63591.2,1e-08,529.814,76653.2,1e-08,599.642,91502.5,1e-08,678.662,107975,2.26339e-07,768.083,125705,3.69212e-07,869.267,144088,2.04077e-07,983.76,162277,1e-08,1113.3,179223,1e-08,1259.87,193777,1e-08,1425.68,204839,4.55555e-07,6.2823,3.27286,2.43537,0.219672,6.18826,2.24117,0.56371,6.87772,2.63624,0.308279,14,17,8,5,0,2,6,5,0,1,10,0,3,5,0,5,21,0,3,8,0,8,21,0,10,22,0,3,57,0,10,44,0,10,48,0,2,43,0,15,68,0,6,45,0,19,199,0,12,144,0,13,126,0,37,183,0,25,479,0,37,164,0,34,328,0,15,455,0,37,335,0,40,748,0,57,374,0,33,1133,0,85,2936,0,69,2343,0,57,1591,0,58,2306,0,85,7627,0,190,7504,0,281,10416,0,61,7380,0,107,10984,0,257,11611,0,239,12898,0,93,18919,0,296,22491,0,324,31901,0,86,47089,0,422,68838,0,832,53340,0,343,60123,0,487,61466,0,794,144008,0,1434,120958,0,935,167729,0,681,285505,0,1373,201696,0,1290,135331,0,738,343456,0
-1.05176e+08,1,8.88811e-15,10,1023,0,1.05176e+08,0.528882,1.08665,0.389689,0.145397,0.379329,3.24381,0.161596,0.446195,1.77396,0.159177,1.15e+07,4.49998e+06,6.79999e+06,1.15e+07,4.49997e+06,6.79999e+06,1.15e+07,4.49996e+06,6.79999e+06,1.15e+07,4.49995e+06,6.79999e+06,1.14999e+07,4.49993e+06,6.79999e+06,1.14999e+07,4.49991e+06,6.79999e+06,1.14999e+07,4.49989e+06,6.79999e+06,1.14999e+07,4.49986e+06,6.79999e+06,1.14999e+07,4.49982e+06,6.79999e+06,1.14999e+07,4.49977e+06,6.79999e+06,1.14999e+07,4.49971e+06,6.79999e+06,1.14999e+07,4.49963e+06,6.79999e+06,1.14998e+07,4.49953e+06,6.79999e+06,1.14998e+07,4.49941e+06,6.79999e+06,1.14998e+07,4.49926e+06,6.79999e+06,1.14998e+07,4.49906e+06,6.79999e+06,1.14997e+07,4.49882e+06,6.79999e+06,1.14997e+07,4.49851e+06,6.79999e+06,1.14997e+07,4.49812e+06,6.79999e+06,1.14996e+07,4.49764e+06,6.79999e+06,1.14996e+07,4.49702e+06,6.79999e+06,1.14995e+07,4.49625e+06,6.79999e+06,1.14995e+07,4.49528e+06,6.79999e+06,1.14994e+07,4.49406e+06,6.79999e+06,1.14993e+07,4.49253e+06,6.79999e+06,1.14992e+07,4.49059e+06,6.79999e+06,1.14991e+07,4.48817e+06,6.79999e+06,1.1499e+07,4.48511e+06,6.79999e+06,1.14988e+07,4.48128e+06,6.79999e+06,1.14987e+07,4.47646e+06,6.79999e+06,1.14985e+07,4.47041e+06,6.79999e+06,1.14983e+07,4.46281e+06,6.79999e+06,1.14981e+07,4.4533e+06,6.79999e+06,1.14979e+07,4.44138e+06,6.79999e+06,1.14976e+07,4.42649e+06,6.79999e+06,1.14972e+07,4.40789e+06,6.79999e+06,1.14969e+07,4.38471e+06,6.79999e+06,1.14965e+07,4.35592e+06,6.79999e+06,1.1496e+07,4.32027e+06,6.79999e+06,1.14955e+07,4.27629e+06,6.79999e+06,1.14949e+07,4.22231e+06,6.79999e+06,1.14942e+07,4.15647e+06,6.79999e+06,1.14934e+07,4.07676e+06,6.79999e+06,1.14926e+07,3.98112e+06,6.79999e+06,1.14916e+07,3.86765e+06,6.79999e+06,1.14905e+07,3.73474e+06,6.79999e+06,1.14892e+07,3.58148e+06,6.79999e+06,1.14878e+07,3.40785e+06,6.79999e+06,1.14862e+07,3.21513e+06,6.79999e+06,1.14844e+07,3.00605e+06,6.79999e+06,1.14823e+07,2.7848e+06,6.79999e+06,1.148e+07,2.5568e+06,6.79999e+06,1.14773e+07,2.32825e+06,6.79999e+06,13.5742,8.52444,0.508366,16.8306,13.2585,0.162638,20.0035,17.569,0.0507846,23.2616,22.4214,0.0158319,26.7328,28.3297,0.00493498,30.5212,35.6974,0.00153831,34.7178,44.9473,0.000479527,39.4086,56.5822,0.000149456,44.6796,71.2245,4.66214e-05,50.6209,89.6543,1.45419e-05,57.3297,112.852,4.54748e-06,64.9129,142.051,1.43857e-06,73.4897,178.803,4.36618e-07,83.1934,225.062,1.40153e-07,94.1745,283.286,4.96378e-08,106.602,356.568,1.05434e-07,120.669,448.799,-6.49244e-08,136.59,564.873,1.70148e-07,154.611,710.948,-5.34594e-08,175.008,894.767,1.63407e-07,198.097,1126.06,8.04804e-08,224.231,1417.07,1.14667e-07,253.813,1783.15,-1.71227e-07,287.297,2243.62,-2.88466e-07,325.198,2822.67,-4.33651e-07,368.098,3550.67,7.9318e-08,416.657,4465.65,3.13319e-07,471.621,5615.16,3.4613e-07,533.835,7058.61,-1.19199e-07,604.255,8870.02,-2.79964e-07,683.962,11141.4,-2.30521e-07,774.182,13986.7,-2.55099e-07,876.299,17546.4,1.23585e-07,991.883,21993.1,1.41192e-07,1122.71,27536.7,-9.71886e-08,1270.78,34430.7,-3.68368e-07,1438.38,42977.7,-3.45379e-07,1628.07,53532.7,-3.25328e-09,1842.77,66504.6,2.6362e-07,2085.77,82350.2,2.53445e-07,2360.79,101560,-2.47407e-08,2672.05,124632,-3.80602e-07,3024.31,152018,-4.79005e-07,3422.98,184060,-1.14379e-07,3874.15,220884,2.64297e-07,4384.72,262283,3.44131e-07,4962.49,307576,7.5349e-08,5616.29,355497,-3.63097e-07,6356.1,404126,-6.05442e-07,7193.18,450932,-2.72333e-07,8140.28,492963,2.29675e-07,9211.79,527178,4.3387e-07,10424,550893,-1.0711e-07,10.102,8.06553,2.81012,10.6436,8.57909,0.869423,11.5336,10.2515,0.270869,12.7211,12.7138,0.0844293,14.1823,15.9373,0.0263173,15.9122,20.0383,0.0082035,17.9198,25.2154,0.00255722,20.2244,31.7373,0.000797017,22.8539,39.9486,0.000248622,25.8438,50.2851,7.75492e-05,29.237,63.2963,2.42508e-05,33.0837,79.6738,7.67162e-06,37.4415,100.288,2.32837e-06,42.3767,126.236,7.33e-07,47.9646,158.896,2.79256e-07,54.2906,200.003,9.87351e-09,61.452,251.741,1.61085e-07,69.5585,316.859,-2.47141e-07,78.7347,398.812,8.93552e-08,89.1218,501.948,-2.53231e-07,100.879,631.736,-1.25047e-07,114.188,795.049,-1.78808e-07,129.252,1000.53,2.6733e-07,146.304,1259.03,4.50292e-07,165.605,1584.19,6.76904e-07,187.452,1993.12,-1.23808e-07,212.181,2507.27,-4.89068e-07,240.173,3153.54,-5.40284e-07,271.856,3965.56,1.86061e-07,307.719,4985.38,4.37004e-07,348.313,6265.4,3.59828e-07,394.26,7870.83,3.98192e-07,446.268,9882.51,-1.92908e-07,505.135,12400.3,-2.20392e-07,571.766,15546.9,1.51705e-07,647.184,19472.2,5.74996e-07,732.547,24357.4,5.39112e-07,829.167,30420,5.07815e-09,938.526,37916.3,-4.11492e-07,1062.3,47143.9,-3.9561e-07,1202.4,58439.2,3.86185e-08,1360.96,72169.3,5.94093e-07,1540.42,88715.8,7.47693e-07,1743.53,108445,1.78537e-07,1973.41,131665,-4.12549e-07,2233.57,158557,-5.37164e-07,2528,189103,-1.17615e-07,2861.2,222986,5.66769e-07,3238.27,259510,9.45053e-07,3664.97,297540,4.25093e-07,4147.81,335497,-3.58506e-07,4694.17,371444,-6.7724e-07,5312.37,403256,1.67192e-07,1.61744,3.89446,9.84394,3.28846,7.5504,12.774,5.07607,11.7187,13.6844,7.03202,16.8147,13.9681,9.20215,23.1769,14.0566,11.6301,31.1672,14.0841,14.3598,41.2186,14.0927,17.4376,53.8688,14.0954,20.9137,69.7915,14.0962,24.8432,89.8341,14.0965,29.2879,115.063,14.0966,34.3168,146.819,14.0966,40.0078,186.792,14.0966,46.4487,237.107,14.0966,53.7388,300.44,14.0966,61.9903,380.158,14.0966,71.3301,480.499,14.0966,81.902,606.796,14.0966,93.8685,765.761,14.0966,107.414,965.837,14.0966,122.746,1217.65,14.0966,140.101,1534.57,14.0966,159.745,1933.41,14.0966,181.981,2435.3,14.0966,207.15,3066.85,14.0966,235.64,3861.46,14.0966,267.889,4861.11,14.0966,304.391,6118.54,14.0966,345.709,7699.91,14.0966,392.478,9688.22,14.0966,445.417,12187.5,14.0966,505.339,15327.7,14.0966,573.165,19271.6,14.0966,649.938,24222,14.0966,736.839,30430.9,14.0966,835.202,38211.5,14.0966,946.539,47950.3,14.0966,1072.56,60122.8,14.0966,1215.21,75309.9,14.0966,1376.66,94216.2,14.0966,1559.41,117688,14.0966,1766.26,146729,14.0966,2000.39,182510,14.0966,2265.39,226372,14.0966,2565.33,279806,14.0966,2904.81,344416,14.0966,3289.05,421845,14.0966,3723.93,513667,14.0966,4216.13,621231,14.0966,4773.18,745478,14.0966,5403.64,886744,14.0966,6117.15,1.04457e+06,14.0966,6924.63,1.2176e+06,14.0966,11.7194,11.96,12.6541,13.9321,16.1295,13.6434,16.6097,21.9702,13.9553,19.7532,29.5285,14.0526,23.3844,39.1143,14.0829,27.5423,51.2054,14.0923,32.2796,66.434,14.0953,37.662,85.6061,14.0962,43.7675,109.74,14.0965,50.687,140.119,14.0966,58.5249,178.359,14.0966,67.4005,226.493,14.0966,77.4493,287.08,14.0966,88.8254,363.343,14.0966,101.703,459.336,14.0966,116.281,580.161,14.0966,132.782,732.241,14.0966,151.46,923.655,14.0966,172.603,1164.57,14.0966,196.535,1467.79,14.0966,223.625,1849.39,14.0966,254.288,2329.62,14.0966,288.997,2933.93,14.0966,328.285,3694.33,14.0966,372.755,4651.04,14.0966,423.092,5854.57,14.0966,480.07,7368.38,14.0966,544.564,9272.08,14.0966,617.566,11665.5,14.0966,700.197,14673.6,14.0966,793.729,18452.9,14.0966,899.599,23198.6,14.0966,1019.43,29154.1,14.0966,1155.07,36622.3,14.0966,1308.6,45977.9,14.0966,1482.39,57683.7,14.0966,1679.09,72307.8,14.0966,1901.73,90542.8,14.0966,2153.73,113226,14.0966,2438.97,141360,14.0966,2761.81,176127,14.0966,3127.22,218898,14.0966,3540.81,271226,14.0966,4008.92,334817,14.0966,4538.74,411470,14.0966,5138.38,502973,14.0966,5817.04,610948,14.0966,6585.12,736653,14.0966,7454.39,880741,14.0966,8438.15,1.04302e+06,14.0966,9551.45,1.22224e+06,14.0966,10811.3,1.41602e+06,14.0966,12237,1.62086e+06,14.0966,11.7194,11.96,12.6541,2.21263,4.16949,0.989383,2.67766,5.84076,0.311842,3.14343,7.55825,0.0972771,3.63127,9.58578,0.0303237,4.15787,12.0912,0.00945211,4.73731,15.2286,0.00294633,5.38238,19.1721,0.000918508,6.10553,24.134,0.000286163,6.91951,30.3791,8.92692e-05,7.83792,38.2397,2.78121e-05,8.87555,48.1338,8.65134e-06,10.0489,60.5876,2.7882e-06,11.3761,76.2629,8.29036e-07,12.8779,95.9927,2.4373e-07,14.5775,120.825,4.33068e-09,16.5012,152.08,1.75749e-07,18.6784,191.415,-1.86328e-07,21.1428,240.917,1.91829e-07,23.9322,303.213,-1.81475e-07,27.0895,381.602,7.0186e-08,30.6634,480.231,-2.86769e-08,34.7087,604.316,2.40784e-07,39.2876,760.401,9.87368e-08,44.4705,956.705,1.22263e-07,50.3371,1203.54,-4.31966e-07,56.9776,1513.81,-1.9705e-07,64.494,1903.69,-2.763e-08,73.0018,2393.4,3.9185e-07,82.6317,3008.13,1.35379e-07,93.5318,3779.25,-4.16351e-08,105.869,4745.7,2.06965e-08,119.834,5955.6,-3.18887e-07,135.641,7468.12,-1.48271e-08,153.531,9355.62,2.00739e-07,173.781,11705.8,2.28358e-07,196.701,14624.1,-1.93587e-08,222.642,18235,-2.88101e-07,252.003,22683.4,-2.24732e-07,285.234,28134,8.56806e-09,322.845,34767,2.34258e-07,365.413,42770.9,2.99668e-07,413.588,52327.9,8.28644e-08,468.111,63591.2,-3.07049e-07,529.814,76653.2,-3.1888e-07,599.642,91502.5,-6.72276e-08,678.662,107975,2.26339e-07,768.083,125705,3.69212e-07,869.267,144088,2.04077e-07,983.76,162277,-2.80509e-07,1113.3,179223,-4.22737e-07,1259.87,193777,-1.71951e-07,1425.68,204839,4.55555e-07,11.7194,11.96,12.6541,2.21263,4.16949,0.989383,2.67766,5.84076,0.311842,3.14343,7.55825,0.0972771,3.63127,9.58578,0.0303237,4.15787,12.0912,0.00945211,4.73731,15.2286,0.00294633,5.38238,19.1721,0.000918508,6.10553,24.134,0.000286163,6.91951,30.3791,8.92692e-05,7.83792,38.2397,2.78121e-05,8.87555,48.1338,8.65134e-06,10.0489,60.5876,2.7882e-06,11.3761,76.2629,8.29036e-07,12.8779,95.9927,2.4373e-07,14.5775,120.825,1e-08,16.5012,152.08,1.75749e-07,18.6784,191.415,1e-08,21.1428,240.917,1.91829e-07,23.9322,303.213,1e-08,27.0895,381.602,7.0186e-08,30.6634,480.231,1e-08,34.7087,604.316,2.40784e-07,39.2876,760.401,9.87368e-08,44.4705,956.705,1.22263e-07,50.3371,1203.54,1e-08,56.9776,1513.81,1e-08,64.494,1903.69,1e-08,73.0018,2393.4,3.9185e-07,82.6317,3008.13,1.35379e-07,93.5318,3779.25,1e-08,105.869,4745.7,2.06965e-08,119.834,5955.6,1e-08,135.641,7468.12,1e-08,153.531,9355.62,2.00739e-07,173.781,11705.8,2.28358e-07,196.701,14624.1,1e-08,222.642,18235,1e-08,252.003,22683.4,1e-08,285.234,28134,1e-08,322.845,34767,2.34258e-07,365.413,42770.9,2.99668e-07,413.588,52327.9,8.28644e-08,468.111,63591.2,1e-08,529.814,76653.2,1e-08,599.642,91502.5,1e-08,678.662,107975,2.26339e-07,768.083,125705,3.69212e-07,869.267,144088,2.04077e-07,983.76,162277,1e-08,1113.3,179223,1e-08,1259.87,193777,1e-08,1425.68,204839,4.55555e-07,6.2823,3.27286,2.43537,0.219672,6.18826,2.24117,0.56371,6.87772,2.63624,0.308279,6,22,2,4,5,2,2,2,0,3,6,0,7,18,0,2,20,0,2,9,0,3,21,0,5,23,0,2,27,0,11,17,0,8,77,0,6,119,0,4,152,0,25,183,0,9,113,0,15,126,0,26,344,0,24,174,0,22,316,0,37,375,0,29,282,0,44,746,0,23,656,0,53,496,0,38,1395,0,60,2872,0,20,3793,0,80,2654,0,74,3014,0,104,5187,0,73,6204,0,203,4596,0,170,4696,0,83,6998,0,124,14842,0,189,23336,0,380,35408,0,94,30403,0,499,30782,0,389,25470,0,420,28387,0,405,54986,0,427,32279,0,666,34369,0,83,120623,0,616,25220,0,554,173003,0,1839,108395,0,897,140218,0,497,174761,0,888,222635,0,1141,242404,0
-1.05176e+08,1,8.88811e-15,10,1023,0,1.05176e+08,0.528882,1.08665,0.389689,0.145397,0.379329,3.24381,0.161596,0.446195,1.77396,0.159177,1.15e+07,4.49998e+06,6.79999e+06,1.15e+07,4.49997e+06,6.79999e+06,1.15e+07,4.49996e+06,6.79999e+06,1.15e+07,4.49995e+06,6.79999e+06,1.14999e+07,4.49993e+06,6.79999e+06,1.14999e+07,4.49991e+06,6.79999e+06,1.14999e+07,4.49989e+06,6.79999e+06,1.14999e+07,4.49986e+06,6.79999e+06,1.14999e+07,4.49982e+06,6.79999e+06,1.14999e+07,4.49977e+06,6.79999e+06,1.14999e+07,4.49971e+06,6.79999e+06,1.14999e+07,4.49963e+06,6.79999e+06,1.14998e+07,4.49953e+06,6.79999e+06,1.14998e+07,4.49941e+06,6.79999e+06,1.14998e+07,4.49926e+06,6.79999e+06,1.14998e+07,4.49906e+06,6.79999e+06,1.14997e+07,4.49882e+06,6.79999e+06,1.14997e+07,4.49851e+06,6.79999e+06,1.14997e+07,4.49812e+06,6.79999e+06,1.14996e+07,4.49764e+06,6.79999e+06,1.14996e+07,4.49702e+06,6.79999e+06,1.14995e+07,4.49625e+06,6.79999e+06,1.14995e+07,4.49528e+06,6.79999e+06,1.14994e+07,4.49406e+06,6.79999e+06,1.14993e+07,4.49253e+06,6.79999e+06,1.14992e+07,4.49059e+06,6.79999e+06,1.14991e+07,4.48817e+06,6.79999e+06,1.1499e+07,4.48511e+06,6.79999e+06,1.14988e+07,4.48128e+06,6.79999e+06,1.14987e+07,4.47646e+06,6.79999e+06,1.14985e+07,4.47041e+06,6.79999e+06,1.14983e+07,4.46281e+06,6.79999e+06,1.14981e+07,4.4533e+06,6.79999e+06,1.14979e+07,4.44138e+06,6.79999e+06,1.14976e+07,4.42649e+06,6.79999e+06,1.14972e+07,4.40789e+06,6.79999e+06,1.14969e+07,4.38471e+06,6.79999e+06,1.14965e+07,4.35592e+06,6.79999e+06,1.1496e+07,4.32027e+06,6.79999e+06,1.14955e+07,4.27629e+06,6.79999e+06,1.14949e+07,4.22231e+06,6.79999e+06,1.14942e+07,4.15647e+06,6.79999e+06,1.14934e+07,4.07676e+06,6.79999e+06,1.14926e+07,3.98112e+06,6.79999e+06,1.14916e+07,3.86765e+06,6.79999e+06,1.14905e+07,3.73474e+06,6.79999e+06,1.14892e+07,3.58148e+06,6.79999e+06,1.14878e+07,3.40785e+06,6.79999e+06,1.14862e+07,3.21513e+06,6.79999e+06,1.14844e+07,3.00605e+06,6.79999e+06,1.14823e+07,2.7848e+06,6.79999e+06,1.148e+07,2.5568e+06,6.79999e+06,1.14773e+07,2.32825e+06,6.79999e+06,13.5742,8.52444,0.508366,16.8306,13.2585,0.162638,20.0035,17.569,0.0507846,23.2616,22.4214,0.0158319,26.7328,28.3297,0.00493498,30.5212,35.6974,0.00153831,34.7178,44.9473,0.000479527,39.4086,56.5822,0.000149456,44.6796,71.2245,4.66214e-05,50.6209,89.6543,1.45419e-05,57.3297,112.852,4.54748e-06,64.9129,142.051,1.43857e-06,73.4897,178.803,4.36618e-07,83.1934,225.062,1.40153e-07,94.1745,283.286,4.96378e-08,106.602,356.568,1.05434e-07,120.669,448.799,-6.49244e-08,136.59,564.873,1.70148e-07,154.611,710.948,-5.34594e-08,175.008,894.767,1.63407e-07,198.097,1126.06,8.04804e-08,224.231,1417.07,1.14667e-07,253.813,1783.15,-1.71227e-07,287.297,2243.62,-2.88466e-07,325.198,2822.67,-4.33651e-07,368.098,3550.67,7.9318e-08,416.657,4465.65,3.13319e-07,471.621,5615.16,3.4613e-07,533.835,7058.61,-1.19199e-07,604.255,8870.02,-2.79964e-07,683.962,11141.4,-2.30521e-07,774.182,13986.7,-2.55099e-07,876.299,17546.4,1.23585e-07,991.883,21993.1,1.41192e-07,1122.71,27536.7,-9.71886e-08,1270.78,34430.7,-3.68368e-07,1438.38,42977.7,-3.45379e-07,1628.07,53532.7,-3.25328e-09,1842.77,66504.6,2.6362e-07,2085.77,82350.2,2.53445e-07,2360.79,101560,-2.47407e-08,2672.05,124632,-3.80602e-07,3024.31,152018,-4.79005e-07,3422.98,184060,-1.14379e-07,3874.15,220884,2.64297e-07,4384.72,262283,3.44131e-07,4962.49,307576,7.5349e-08,5616.29,355497,-3.63097e-07,6356.1,404126,-6.05442e-07,7193.18,450932,-2.72333e-07,8140.28,492963,2.29675e-07,9211.79,527178,4.3387e-07,10424,550893,-1.0711e-07,10.102,8.06553,2.81012,10.6436,8.57909,0.869423,11.5336,10.2515,0.270869,12.7211,12.7138,0.0844293,14.1823,15.9373,0.0263173,15.9122,20.0383,0.0082035,17.9198,25.2154,0.00255722,20.2244,31.7373,0.000797017,22.8539,39.9486,0.000248622,25.8438,50.2851,7.75492e-05,29.237,63.2963,2.42508e-05,33.0837,79.6738,7.67162e-06,37.4415,100.288,2.32837e-06,42.3767,126.236,7.33e-07,47.9646,158.896,2.79256e-07,54.2906,200.003,9.87351e-09,61.452,251.741,1.61085e-07,69.5585,316.859,-2.47141e-07,78.7347,398.812,8.93552e-08,89.1218,501.948,-2.53231e-07,100.879,631.736,-1.25047e-07,114.188,795.049,-1.78808e-07,129.252,1000.53,2.6733e-07,146.304,1259.03,4.50292e-07,165.605,1584.19,6.76904e-07,187.452,1993.12,-1.23808e-07,212.181,2507.27,-4.89068e-07,240.173,3153.54,-5.40284e-07,271.856,3965.56,1.86061e-07,307.719,4985.38,4.37004e-07,348.313,6265.4,3.59828e-07,394.26,7870.83,3.98192e-07,446.268,9882.51,-1.92908e-07,505.135,12400.3,-2.20392e-07,571.766,15546.9,1.51705e-07,647.184,19472.2,5.74996e-07,732.547,24357.4,5.39112e-07,829.167,30420,5.07815e-09,938.526,37916.3,-4.11492e-07,1062.3,47143.9,-3.9561e-07,1202.4,58439.2,3.86185e-08,1360.96,72169.3,5.94093e-07,1540.42,88715.8,7.47693e-07,1743.53,108445,1.78537e-07,1973.41,131665,-4.12549e-07,2233.57,158557,-5.37164e-07,2528,189103,-1.17615e-07,2861.2,222986,5.66769e-07,3238.27,259510,9.45053e-07,3664.97,297540,4.25093e-07,4147.81,335497,-3.58506e-07,4694.17,371444,-6.7724e-07,5312.37,403256,1.67192e-07,1.61744,3.89446,9.84394,3.28846,7.5504,12.774,5.07607,11.7187,13.6844,7.03202,16.8147,13.9681,9.20215,23.1769,14.0566,11.6301,31.1672,14.0841,14.3598,41.2186,14.0927,17.4376,53.8688,14.0954,20.9137,69.7915,14.0962,24.8432,89.8341,14.0965,29.2879,115.063,14.0966,34.3168,146.819,14.0966,40.0078,186.792,14.0966,46.4487,237.107,14.0966,53.7388,300.44,14.0966,61.9903,380.158,14.0966,71.3301,480.499,14.0966,81.902,606.796,14.0966,93.8685,765.761,14.0966,107.414,965.837,14.0966,122.746,1217.65,14.0966,140.101,1534.57,14.0966,159.745,1933.41,14.0966,181.981,2435.3,14.0966,207.15,3066.85,14.0966,235.64,3861.46,14.0966,267.889,4861.11,14.0966,304.391,6118.54,14.0966,345.709,7699.91,14.0966,392.478,9688.22,14.0966,445.417,12187.5,14.0966,505.339,15327.7,14.0966,573.165,19271.6,14.0966,649.938,24222,14.0966,736.839,30430.9,14.0966,835.202,38211.5,14.0966,946.539,47950.3,14.0966,1072.56,60122.8,14.0966,1215.21,75309.9,14.0966,1376.66,94216.2,14.0966,1559.41,117688,14.0966,1766.26,146729,14.0966,2000.39,182510,14.0966,2265.39,226372,14.0966,2565.33,279806,14.0966,2904.81,344416,14.0966,3289.05,421845,14.0966,3723.93,513667,14.0966,4216.13,621231,14.0966,4773.18,745478,14.0966,5403.64,886744,14.0966,6117.15,1.04457e+06,14.0966,6924.63,1.2176e+06,14.0966,11.7194,11.96,12.6541,13.9321,16.1295,13.6434,16.6097,21.9702,13.9553,19.7532,29.5285,14.0526,23.3844,39.1143,14.0829,27.5423,51.2054,14.0923,32.2796,66.434,14.0953,37.662,85.6061,14.0962,43.7675,109.74,14.0965,50.687,140.119,14.0966,58.5249,178.359,14.0966,67.4005,226.493,14.0966,77.4493,287.08,14.0966,88.8254,363.343,14.0966,101.703,459.336,14.0966,116.281,580.161,14.0966,132.782,732.241,14.0966,151.46,923.655,14.0966,172.603,1164.57,14.0966,196.535,1467.79,14.0966,223.625,1849.39,14.0966,254.288,2329.62,14.0966,288.997,2933.93,14.0966,328.285,3694.33,14.0966,372.755,4651.04,14.0966,423.092,5854.57,14.0966,480.07,7368.38,14.0966,544.564,9272.08,14.0966,617.566,11665.5,14.0966,700.197,14673.6,14.0966,793.729,18452.9,14.0966,899.599,23198.6,14.0966,1019.43,29154.1,14.0966,1155.07,36622.3,14.0966,1308.6,45977.9,14.0966,1482.39,57683.7,14.0966,1679.09,72307.8,14.0966,1901.73,90542.8,14.0966,2153.73,113226,14.0966,2438.97,141360,14.0966,2761.81,176127,14.0966,3127.22,218898,14.0966,3540.81,271226,14.0966,4008.92,334817,14.0966,4538.74,411470,14.0966,5138.38,502973,14.0966,5817.04,610948,14.0966,6585.12,736653,14.0966,7454.39,880741,14.0966,8438.15,1.04302e+06,14.0966,9551.45,1.22224e+06,14.0966,10811.3,1.41602e+06,14.0966,12237,1.62086e+06,14.0966,11.7194,11.96,12.6541,2.21263,4.16949,0.989383,2.67766,5.84076,0.311842,3.14343,7.55825,0.0972771,3.63127,9.58578,0.0303237,4.15787,12.0912,0.00945211,4.73731,15.2286,0.00294633,5.38238,19.1721,0.000918508,6.10553,24.134,0.000286163,6.91951,30.3791,8.92692e-05,7.83792,38.2397,2.78121e-05,8.87555,48.1338,8.65134e-06,10.0489,60.5876,2.7882e-06,11.3761,76.2629,8.29036e-07,12.8779,95.9927,2.4373e-07,14.5775,120.825,4.33068e-09,16.5012,152.08,1.75749e-07,18.6784,191.415,-1.86328e-07,21.1428,240.917,1.91829e-07,23.9322,303.213,-1.81475e-07,27.0895,381.602,7.0186e-08,30.6634,480.231,-2.86769e-08,34.7087,604.316,2.40784e-07,39.2876,760.401,9.87368e-08,44.4705,956.705,1.22263e-07,50.3371,1203.54,-4.31966e-07,56.9776,1513.81,-1.9705e-07,64.494,1903.69,-2.763e-08,73.0018,2393.4,3.9185e-07,82.6317,3008.13,1.35379e-07,93.5318,3779.25,-4.16351e-08,105.869,4745.7,2.06965e-08,119.834,5955.6,-3.18887e-07,135.641,7468.12,-1.48271e-08,153.531,9355.62,2.00739e-07,173.781,11705.8,2.28358e-07,196.701,14624.1,-1.93587e-08,222.642,18235,-2.88101e-07,252.003,22683.4,-2.24732e-07,285.234,28134,8.56806e-09,322.845,34767,2.34258e-07,365.413,42770.9,2.99668e-07,413.588,52327.9,8.28644e-08,468.111,63591.2,-3.07049e-07,529.814,76653.2,-3.1888e-07,599.642,91502.5,-6.72276e-08,678.662,107975,2.26339e-07,768.083,125705,3.69212e-07,869.267,144088,2.04077e-07,983.76,162277,-2.80509e-07,1113.3,179223,-4.22737e-07,1259.87,193777,-1.71951e-07,1425.68,204839,4.55555e-07,11.7194,11.96,12.6541,2.21263,4.16949,0.989383,2.67766,5.84076,0.311842,3.14343,7.55825,0.0972771,3.63127,9.58578,0.0303237,4.15787,12.0912,0.00945211,4.73731,15.2286,0.00294633,5.38238,19.1721,0.000918508,6.10553,24.134,0.000286163,6.91951,30.3791,8.92692e-05,7.83792,38.2397,2.78121e-05,8.87555,48.1338,8.65134e-06,10.0489,60.5876,2.7882e-06,11.3761,76.2629,8.29036e-07,12.8779,95.9927,2.4373e-07,14.5775,120.825,1e-08,16.5012,152.08,1.75749e-07,18.6784,191.415,1e-08,21.1428,240.917,1.91829e-07,23.9322,303.213,1e-08,27.0895,381.602,7.0186e-08,30.6634,480.231,1e-08,34.7087,604.316,2.40784e-07,39.2876,760.401,9.87368e-08,44.4705,956.705,1.22263e-07,50.3371,1203.54,1e-08,56.9776,1513.81,1e-08,64.494,1903.69,1e-08,73.0018,2393.4,3.9185e-07,82.6317,3008.13,1.35379e-07,93.5318,3779.25,1e-08,105.869,4745.7,2.06965e-08,119.834,5955.6,1e-08,135.641,7468.12,1e-08,153.531,9355.62,2.00739e-07,173.781,11705.8,2.28358e-07,196.701,14624.1,1e-08,222.642,18235,1e-08,252.003,22683.4,1e-08,285.234,28134,1e-08,322.845,34767,2.34258e-07,365.413,42770.9,2.99668e-07,413.588,52327.9,8.28644e-08,468.111,63591.2,1e-08,529.814,76653.2,1e-08,599.642,91502.5,1e-08,678.662,107975,2.26339e-07,768.083,125705,3.69212e-07,869.267,144088,2.04077e-07,983.76,162277,1e-08,1113.3,179223,1e-08,1259.87,193777,1e-08,1425.68,204839,4.55555e-07,6.2823,3.27286,2.43537,0.219672,6.18826,2.24117,0.56371,6.87772,2.63624,0.308279,10,10,16,2,3,1,5,4,0,3,13,0,1,3,0,5,10,0,4,29,0,2,22,0,5,28,0,1,65,0,11,59,0,4,39,0,14,57,0,8,69,0,3,73,0,15,68,0,6,162,0,9,184,0,24,259,0,51,132,0,22,345,0,36,561,0,41,700,0,52,496,0,37,869,0,44,849,0,72,1479,0,32,2149,0,46,2145,0,81,5408,0,92,4794,0,167,3954,0,121,1806,0,198,4235,0,159,13127,0,184,5248,0,253,12816,0,170,21377,0,471,49040,0,222,15875,0,374,31719,0,226,40386,0,470,88591,0,523,42437,0,1189,34807,0,675,55923,0,752,145041,0,619,107619,0,412,146028,0,1641,139793,0,933,91757,0,1898,141973,0,3535,163801,0
-1.05176e+08,1,8.88811e-15,10,1023,0,1.05176e+08,0.528882,1.08665,0.389689,0.145397,0.379329,3.24381,0.161596,0.446195,1.77396,0.159177,1.15e+07,4.49998e+06,6.79999e+06,1.15e+07,4.49997e+06,6.79999e+06,1.15e+07,4.49996e+06,6.79999e+06,1.15e+07,4.49995e+06,6.79999e+06,1.14999e+07,4.49993e+06,6.79999e+06,1.14999e+07,4.49991e+06,6.79999e+06,1.14999e+07,4.49989e+06,6.79999e+06,1.14999e+07,4.49986e+06,6.79999e+06,1.14999e+07,4.49982e+06,6.79999e+06,1.14999e+07,4.49977e+06,6.79999e+06,1.14999e+07,4.49971e+06,6.79999e+06,1.14999e+07,4.49963e+06,6.79999e+06,1.14998e+07,4.49953e+06,6.79999e+06,1.14998e+07,4.49941e+06,6.79999e+06,1.14998e+07,4.49926e+06,6.79999e+06,1.14998e+07,4.49906e+06,6.79999e+06,1.14997e+07,4.49882e+06,6.79999e+06,1.14997e+07,4.49851e+06,6.79999e+06,1.14997e+07,4.49812e+06,6.79999e+06,1.14996e+07,4.49764e+06,6.79999e+06,1.14996e+07,4.49702e+06,6.79999e+06,1.14995e+07,4.49625e+06,6.79999e+06,1.14995e+07,4.49528e+06,6.79999e+06,1.14994e+07,4.49406e+06,6.79999e+06,1.14993e+07,4.49253e+06,6.79999e+06,1.14992e+07,4.49059e+06,6.79999e+06,1.14991e+07,4.48817e+06,6.79999e+06,1.1499e+07,4.48511e+06,6.79999e+06,1.14988e+07,4.48128e+06,6.79999e+06,1.14987e+07,4.47646e+06,6.79999e+06,1.14985e+07,4.47041e+06,6.79999e+06,1.14983e+07,4.46281e+06,6.79999e+06,1.14981e+07,4.4533e+06,6.79999e+06,1.14979e+07,4.44138e+06,6.79999e+06,1.14976e+07,4.42649e+06,6.79999e+06,1.14972e+07,4.40789e+06,6.79999e+06,1.14969e+07,4.38471e+06,6.79999e+06,1.14965e+07,4.35592e+06,6.79999e+06,1.1496e+07,4.32027e+06,6.79999e+06,1.14955e+07,4.27629e+06,6.79999e+06,1.14949e+07,4.22231e+06,6.79999e+06,1.14942e+07,4.15647e+06,6.79999e+06,1.14934e+07,4.07676e+06,6.79999e+06,1.14926e+07,3.98112e+06,6.79999e+06,1.14916e+07,3.86765e+06,6.79999e+06,1.14905e+07,3.73474e+06,6.79999e+06,1.14892e+07,3.58148e+06,6.79999e+06,1.14878e+07,3.40785e+06,6.79999e+06,1.14862e+07,3.21513e+06,6.79999e+06,1.14844e+07,3.00605e+06,6.79999e+06,1.14823e+07,2.7848e+06,6.79999e+06,1.148e+07,2.5568e+06,6.79999e+06,1.14773e+07,2.32825e+06,6.79999e+06,13.5742,8.52444,0.508366,16.8306,13.2585,0.162638,20.0035,17.569,0.0507846,23.2616,22.4214,0.0158319,26.7328,28.3297,0.00493498,30.5212,35.6974,0.00153831,34.7178,44.9473,0.000479527,39.4086,56.5822,0.000149456,44.6796,71.2245,4.66214e-05,50.6209,89.6543,1.45419e-05,57.3297,112.852,4.54748e-06,64.9129,142.051,1.43857e-06,73.4897,178.803,4.36618e-07,83.1934,225.062,1.40153e-07,94.1745,283.286,4.96378e-08,106.602,356.568,1.05434e-07,120.669,448.799,-6.49244e-08,136.59,564.873,1.70148e-07,154.611,710.948,-5.34594e-08,175.008,894.767,1.63407e-07,198.097,1126.06,8.04804e-08,224.231,1417.07,1.14667e-07,253.813,1783.15,-1.71227e-07,287.297,2243.62,-2.88466e-07,325.198,2822.67,-4.33651e-07,368.098,3550.67,7.9318e-08,416.657,4465.65,3.13319e-07,471.621,5615.16,3.4613e-07,533.835,7058.61,-1.19199e-07,604.255,8870.02,-2.79964e-07,683.962,11141.4,-2.30521e-07,774.182,13986.7,-2.55099e-07,876.299,17546.4,1.23585e-07,991.883,21993.1,1.41192e-07,1122.71,27536.7,-9.71886e-08,1270.78,34430.7,-3.68368e-07,1438.38,42977.7,-3.45379e-07,1628.07,53532.7,-3.25328e-09,1842.77,66504.6,2.6362e-07,2085.77,82350.2,2.53445e-07,2360.79,101560,-2.47407e-08,2672.05,124632,-3.80602e-07,3024.31,152018,-4.79005e-07,3422.98,184060,-1.14379e-07,3874.15,220884,2.64297e-07,4384.72,262283,3.44131e-07,4962.49,307576,7.5349e-08,5616.29,355497,-3.63097e-07,6356.1,404126,-6.05442e-07,7193.18,450932,-2.72333e-07,8140.28,492963,2.29675e-07,9211.79,527178,4.3387e-07,10424,550893,-1.0711e-07,10.102,8.06553,2.81012,10.6436,8.57909,0.869423,11.5336,10.2515,0.270869,12.7211,12.7138,0.0844293,14.1823,15.9373,0.0263173,15.9122,20.0383,0.0082035,17.9198,25.2154,0.00255722,20.2244,31.7373,0.000797017,22.8539,39.9486,0.000248622,25.8438,50.2851,7.75492e-05,29.237,63.2963,2.42508e-05,33.0837,79.6738,7.67162e-06,37.4415,100.288,2.32837e-06,42.3767,126.236,7.33e-07,47.9646,158.896,2.79256e-07,54.2906,200.003,9.87351e-09,61.452,251.741,1.61085e-07,69.5585,316.859,-2.47141e-07,78.7347,398.812,8.93552e-08,89.1218,501.948,-2.53231e-07,100.879,631.736,-1.25047e-07,114.188,795.049,-1.78808e-07,129.252,1000.53,2.6733e-07,146.304,1259.03,4.50292e-07,165.605,1584.19,6.76904e-07,187.452,1993.12,-1.23808e-07,212.181,2507.27,-4.89068e-07,240.173,3153.54,-5.40284e-07,271.856,3965.56,1.86061e-07,307.719,4985.38,4.37004e-07,348.313,6265.4,3.59828e-07,394.26,7870.83,3.98192e-07,446.268,9882.51,-1.92908e-07,505.135,12400.3,-2.20392e-07,571.766,15546.9,1.51705e-07,647.184,19472.2,5.74996e-07,732.547,24357.4,5.39112e-07,829.167,30420,5.07815e-09,938.526,37916.3,-4.11492e-07,1062.3,47143.9,-3.9561e-07,1202.4,58439.2,3.86185e-08,1360.96,72169.3,5.94093e-07,1540.42,88715.8,7.47693e-07,1743.53,108445,1.78537e-07,1973.41,131665,-4.12549e-07,2233.57,158557,-5.37164e-07,2528,189103,-1.17615e-07,2861.2,222986,5.66769e-07,3238.27,259510,9.45053e-07,3664.97,297540,4.25093e-07,4147.81,335497,-3.58506e-07,4694.17,371444,-6.7724e-07,5312.37,403256,1.67192e-07,1.61744,3.89446,9.84394,3.28846,7.5504,12.774,5.07607,11.7187,13.6844,7.03202,16.8147,13.9681,9.20215,23.1769,14.0566,11.6301,31.1672,14.0841,14.3598,41.2186,14.0927,17.4376,53.8688,14.0954,20.9137,69.7915,14.0962,24.8432,89.8341,14.0965,29.2879,115.063,14.0966,34.3168,146.819,14.0966,40.0078,186.792,14.0966,46.4487,237.107,14.0966,53.7388,300.44,14.0966,61.9903,380.158,14.0966,71.3301,480.499,14.0966,81.902,606.796,14.0966,93.8685,765.761,14.0966,107.414,965.837,14.0966,122.746,1217.65,14.0966,140.101,1534.57,14.0966,159.745,1933.41,14.0966,181.981,2435.3,14.0966,207.15,3066.85,14.0966,235.64,3861.46,14.0966,267.889,4861.11,14.0966,304.391,6118.54,14.0966,345.709,7699.91,14.0966,392.478,9688.22,14.0966,445.417,12187.5,14.0966,505.339,15327.7,14.0966,573.165,19271.6,14.0966,649.938,24222,14.0966,736.839,30430.9,14.0966,835.202,38211.5,14.0966,946.539,47950.3,14.0966,1072.56,60122.8,14.0966,1215.21,75309.9,14.0966,1376.66,94216.2,14.0966,1559.41,117688,14.0966,1766.26,146729,14.0966,2000.39,182510,14.0966,2265.39,226372,14.0966,2565.33,279806,14.0966,2904.81,344416,14.0966,3289.05,421845,14.0966,3723.93,513667,14.0966,4216.13,621231,14.0966,4773.18,745478,14.0966,5403.64,886744,14.0966,6117.15,1.04457e+06,14.0966,6924.63,1.2176e+06,14.0966,11.7194,11.96,12.6541,13.9321,16.1295,13.6434,16.6097,21.9702,13.9553,19.7532,29.5285,14.0526,23.3844,39.1143,14.0829,27.5423,51.2054,14.0923,32.2796,66.434,14.0953,37.662,85.6061,14.0962,43.7675,109.74,14.0965,50.687,140.119,14.0966,58.5249,178.359,14.0966,67.4005,226.493,14.0966,77.4493,287.08,14.0966,88.8254,363.343,14.0966,101.703,459.336,14.0966,116.281,580.161,14.0966,132.782,732.241,14.0966,151.46,923.655,14.0966,172.603,1164.57,14.0966,196.535,1467.79,14.0966,223.625,1849.39,14.0966,254.288,2329.62,14.0966,288.997,2933.93,14.0966,328.285,3694.33,14.0966,372.755,4651.04,14.0966,423.092,5854.57,14.0966,480.07,7368.38,14.0966,544.564,9272.08,14.0966,617.566,11665.5,14.0966,700.197,14673.6,14.0966,793.729,18452.9,14.0966,899.599,23198.6,14.0966,1019.43,29154.1,14.0966,1155.07,36622.3,14.0966,1308.6,45977.9,14.0966,1482.39,57683.7,14.0966,1679.09,72307.8,14.0966,1901.73,90542.8,14.0966,2153.73,113226,14.0966,2438.97,141360,14.0966,2761.81,176127,14.0966,3127.22,218898,14.0966,3540.81,271226,14.0966,4008.92,334817,14.0966,4538.74,411470,14.0966,5138.38,502973,14.0966,5817.04,610948,14.0966,6585.12,736653,14.0966,7454.39,880741,14.0966,8438.15,1.04302e+06,14.0966,9551.45,1.22224e+06,14.0966,10811.3,1.41602e+06,14.0966,12237,1.62086e+06,14.0966,11.7194,11.96,12.6541,2.21263,4.16949,0.989383,2.67766,5.84076,0.311842,3.14343,7.55825,0.0972771,3.63127,9.58578,0.0303237,4.15787,12.0912,0.00945211,4.73731,15.2286,0.00294633,5.38238,19.1721,0.000918508,6.10553,24.134,0.000286163,6.91951,30.3791,8.92692e-05,7.83792,38.2397,2.78121e-05,8.87555,48.1338,8.65134e-06,10.0489,60.5876,2.7882e-06,11.3761,76.2629,8.29036e-07,12.8779,95.9927,2.4373e-07,14.5775,120.825,4.33068e-09,16.5012,152.08,1.75749e-07,18.6784,191.415,-1.86328e-07,21.1428,240.917,1.91829e-07,23.9322,303.213,-1.81475e-07,27.0895,381.602,7.0186e-08,30.6634,480.231,-2.86769e-08,34.7087,604.316,2.40784e-07,39.2876,760.401,9.87368e-08,44.4705,956.705,1.22263e-07,50.3371,1203.54,-4.31966e-07,56.9776,1513.81,-1.9705e-07,64.494,1903.69,-2.763e-08,73.0018,2393.4,3.9185e-07,82.6317,3008.13,1.35379e-07,93.5318,3779.25,-4.16351e-08,105.869,4745.7,2.06965e-08,119.834,5955.6,-3.18887e-07,135.641,7468.12,-1.48271e-08,153.531,9355.62,2.00739e-07,173.781,11705.8,2.28358e-07,196.701,14624.1,-1.93587e-08,222.642,18235,-2.88101e-07,252.003,22683.4,-2.24732e-07,285.234,28134,8.56806e-09,322.845,34767,2.34258e-07,365.413,42770.9,2.99668e-07,413.588,52327.9,8.28644e-08,468.111,63591.2,-3.07049e-07,529.814,76653.2,-3.1888e-07,599.642,91502.5,-6.72276e-08,678.662,107975,2.26339e-07,768.083,125705,3.69212e-07,869.267,144088,2.04077e-07,983.76,162277,-2.80509e-07,1113.3,179223,-4.22737e-07,1259.87,193777,-1.71951e-07,1425.68,204839,4.55555e-07,11.7194,11.96,12.6541,2.21263,4.16949,0.989383,2.67766,5.84076,0.311842,3.14343,7.55825,0.0972771,3.63127,9.58578,0.0303237,4.15787,12.0912,0.00945211,4.73731,15.2286,0.00294633,5.38238,19.1721,0.000918508,6.10553,24.134,0.000286163,6.91951,30.3791,8.92692e-05,7.83792,38.2397,2.78121e-05,8.87555,48.1338,8.65134e-06,10.0489,60.5876,2.7882e-06,11.3761,76.2629,8.29036e-07,12.8779,95.9927,2.4373e-07,14.5775,120.825,1e-08,16.5012,152.08,1.75749e-07,18.6784,191.415,1e-08,21.1428,240.917,1.91829e-07,23.9322,303.213,1e-08,27.0895,381.602,7.0186e-08,30.6634,480.231,1e-08,34.7087,604.316,2.40784e-07,39.2876,760.401,9.87368e-08,44.4705,956.705,1.22263e-07,50.3371,1203.54,1e-08,56.9776,1513.81,1e-08,64.494,1903.69,1e-08,73.0018,2393.4,3.9185e-07,82.6317,3008.13,1.35379e-07,93.5318,3779.25,1e-08,105.869,4745.7,2.06965e-08,119.834,5955.6,1e-08,135.641,7468.12,1e-08,153.531,9355.62,2.00739e-07,173.781,11705.8,2.28358e-07,196.701,14624.1,1e-08,222.642,18235,1e-08,252.003,22683.4,1e-08,285.234,28134,1e-08,322.845,34767,2.34258e-07,365.413,42770.9,2.99668e-07,413.588,52327.9,8.28644e-08,468.111,63591.2,1e-08,529.814,76653.2,1e-08,599.642,91502.5,1e-08,678.662,107975,2.26339e-07,768.083,125705,3.69212e-07,869.267,144088,2.04077e-07,983.76,162277,1e-08,1113.3,179223,1e-08,1259.87,193777,1e-08,1425.68,204839,4.55555e-07,6.2823,3.27286,2.43537,0.219672,6.18826,2.24117,0.56371,6.87772,2.63624,0.308279,6,9,12,1,0,3,6,1,0,1,5,0,2,8,0,6,8,0,2,23,0,6,37,0,13,24,0,2,33,0,14,69,0,6,33,0,21,45,0,11,82,0,3,59,0,3,88,0,18,114,0,19,452,0,8,432,0,26,543,0,37,346,0,46,272,0,29,555,0,33,397,0,18,1188,0,87,913,0,52,936,0,56,1710,0,63,2324,0,13,2781,0,111,3401,0,102,3274,0,203,7599,0,200,7188,0,125,10801,0,141,9735,0,366,10334,0,230,32245,0,158,27362,0,281,17849,0,286,49750,0,242,37300,0,569,72804,0,268,91542,0,349,108351,0,669,84939,0,460,141333,0,211,107679,0,279,73698,0,879,279956,0,1425,92126,0,1691,90045,0,2104,199137,0
-1.05176e+08,1,8.88811e-15,10,1023,0,1.05176e+08,0.528882,1.08665,0.389689,0.145397,0.379329,3.24381,0.161596,0.446195,1.77396,0.159177,1.15e+07,4.49998e+06,6.79999e+06,1.15e+07,4.49997e+06,6.79999e+06,1.15e+07,4.49996e+06,6.79999e+06,1.15e+07,4.49995e+06,6.79999e+06,1.14999e+07,4.49993e+06,6.79999e+06,1.14999e+07,4.49991e+06,6.79999e+06,1.14999e+07,4.49989e+06,6.79999e+06,1.14999e+07,4.49986e+06,6.79999e+06,1.14999e+07,4.49982e+06,6.79999e+06,1.14999e+07,4.49977e+06,6.79999e+06,1.14999e+07,4.49971e+06,6.79999e+06,1.14999e+07,4.49963e+06,6.79999e+06,1.14998e+07,4.49953e+06,6.79999e+06,1.14998e+07,4.49941e+06,6.79999e+06,1.14998e+07,4.49926e+06,6.79999e+06,1.14998e+07,4.49906e+06,6.79999e+06,1.14997e+07,4.49882e+06,6.79999e+06,1.14997e+07,4.49851e+06,6.79999e+06,1.14997e+07,4.49812e+06,6.79999e+06,1.14996e+07,4.49764e+06,6.79999e+06,1.14996e+07,4.49702e+06,6.79999e+06,1.14995e+07,4.49625e+06,6.79999e+06,1.14995e+07,4.49528e+06,6.79999e+06,1.14994e+07,4.49406e+06,6.79999e+06,1.14993e+07,4.49253e+06,6.79999e+06,1.14992e+07,4.49059e+06,6.79999e+06,1.14991e+07,4.48817e+06,6.79999e+06,1.1499e+07,4.48511e+06,6.79999e+06,1.14988e+07,4.48128e+06,6.79999e+06,1.14987e+07,4.47646e+06,6.79999e+06,1.14985e+07,4.47041e+06,6.79999e+06,1.14983e+07,4.46281e+06,6.79999e+06,1.14981e+07,4.4533e+06,6.79999e+06,1.14979e+07,4.44138e+06,6.79999e+06,1.14976e+07,4.42649e+06,6.79999e+06,1.14972e+07,4.40789e+06,6.79999e+06,1.14969e+07,4.38471e+06,6.79999e+06,1.14965e+07,4.35592e+06,6.79999e+06,1.1496e+07,4.32027e+06,6.79999e+06,1.14955e+07,4.27629e+06,6.79999e+06,1.14949e+07,4.22231e+06,6.79999e+06,1.14942e+07,4.15647e+06,6.79999e+06,1.14934e+07,4.07676e+06,6.79999e+06,1.14926e+07,3.98112e+06,6.79999e+06,1.14916e+07,3.86765e+06,6.79999e+06,1.14905e+07,3.73474e+06,6.79999e+06,1.14892e+07,3.58148e+06,6.79999e+06,1.14878e+07,3.40785e+06,6.79999e+06,1.14862e+07,3.21513e+06,6.79999e+06,1.14844e+07,3.00605e+06,6.79999e+06,1.14823e+07,2.7848e+06,6.79999e+06,1.148e+07,2.5568e+06,6.79999e+06,1.14773e+07,2.32825e+06,6.79999e+06,13.5742,8.52444,0.508366,16.8306,13.2585,0.162638,20.0035,17.569,0.0507846,23.2616,22.4214,0.0158319,26.7328,28.3297,0.00493498,30.5212,35.6974,0.00153831,34.7178,44.9473,0.000479527,39.4086,56.5822,0.000149456,44.6796,71.2245,4.66214e-05,50.6209,89.6543,1.45419e-05,57.3297,112.852,4.54748e-06,64.9129,142.051,1.43857e-06,73.4897,178.803,4.36618e-07,83.1934,225.062,1.40153e-07,94.1745,283.286,4.96378e-08,106.602,356.568,1.05434e-07,120.669,448.799,-6.49244e-08,136.59,564.873,1.70148e-07,154.611,710.948,-5.34594e-08,175.008,894.767,1.63407e-07,198.097,1126.06,8.04804e-08,224.231,1417.07,1.14667e-07,253.813,1783.15,-1.71227e-07,287.297,2243.62,-2.88466e-07,325.198,2822.67,-4.33651e-07,368.098,3550.67,7.9318e-08,416.657,4465.65,3.13319e-07,471.621,5615.16,3.4613e-07,533.835,7058.61,-1.19199e-07,604.255,8870.02,-2.79964e-07,683.962,11141.4,-2.30521e-07,774.182,13986.7,-2.55099e-07,876.299,17546.4,1.23585e-07,991.883,21993.1,1.41192e-07,1122.71,27536.7,-9.71886e-08,1270.78,34430.7,-3.68368e-07,1438.38,42977.7,-3.45379e-07,1628.07,53532.7,-3.25328e-09,1842.77,66504.6,2.6362e-07,2085.77,82350.2,2.53445e-07,2360.79,101560,-2.47407e-08,2672.05,124632,-3.80602e-07,3024.31,152018,-4.79005e-07,3422.98,184060,-1.14379e-07,3874.15,220884,2.64297e-07,4384.72,262283,3.44131e-07,4962.49,307576,7.5349e-08,5616.29,355497,-3.63097e-07,6356.1,404126,-6.05442e-07,7193.18,450932,-2.72333e-07,8140.28,492963,2.29675e-07,9211.79,527178,4.3387e-07,10424,550893,-1.0711e-07,10.102,8.06553,2.81012,10.6436,8.57909,0.869423,11.5336,10.2515,0.270869,12.7211,12.7138,0.0844293,14.1823,15.9373,0.0263173,15.9122,20.0383,0.0082035,17.9198,25.2154,0.00255722,20.2244,31.7373,0.000797017,22.8539,39.9486,0.000248622,25.8438,50.2851,7.75492e-05,29.237,63.2963,2.42508e-05,33.0837,79.6738,7.67162e-06,37.4415,100.288,2.32837e-06,42.3767,126.236,7.33e-07,47.9646,158.896,2.79256e-07,54.2906,200.003,9.87351e-09,61.452,251.741,1.61085e-07,69.5585,316.859,-2.47141e-07,78.7347,398.812,8.93552e-08,89.1218,501.948,-2.53231e-07,100.879,631.736,-1.25047e-07,114.188,795.049,-1.78808e-07,129.252,1000.53,2.6733e-07,146.304,1259.03,4.50292e-07,165.605,1584.19,6.76904e-07,187.452,1993.12,-1.23808e-07,212.181,2507.27,-4.89068e-07,240.173,3153.54,-5.40284e-07,271.856,3965.56,1.86061e-07,307.719,4985.38,4.37004e-07,348.313,6265.4,3.59828e-07,394.26,7870.83,3.98192e-07,446.268,9882.51,-1.92908e-07,505.135,12400.3,-2.20392e-07,571.766,15546.9,1.51705e-07,647.184,19472.2,5.74996e-07,732.547,24357.4,5.39112e-07,829.167,30420,5.07815e-09,938.526,37916.3,-4.11492e-07,1062.3,47143.9,-3.9561e-07,1202.4,58439.2,3.86185e-08,1360.96,72169.3,5.94093e-07,1540.42,88715.8,7.47693e-07,1743.53,108445,1.78537e-07,1973.41,131665,-4.12549e-07,2233.57,158557,-5.37164e-07,2528,189103,-1.17615e-07,2861.2,222986,5.66769e-07,3238.27,259510,9.45053e-07,3664.97,297540,4.25093e-07,4147.81,335497,-3.58506e-07,4694.17,371444,-6.7724e-07,5312.37,403256,1.67192e-07,1.61744,3.89446,9.84394,3.28846,7.5504,12.774,5.07607,11.7187,13.6844,7.03202,16.8147,13.9681,9.20215,23.1769,14.0566,11.6301,31.1672,14.0841,14.3598,41.2186,14.0927,17.4376,53.8688,14.0954,20.9137,69.7915,14.0962,24.8432,89.8341,14.0965,29.2879,115.063,14.0966,34.3168,146.819,14.0966,40.0078,186.792,14.0966,46.4487,237.107,14.0966,53.7388,300.44,14.0966,61.9903,380.158,14.0966,71.3301,480.499,14.0966,81.902,606.796,14.0966,93.8685,765.761,14.0966,107.414,965.837,14.0966,122.746,1217.65,14.0966,140.101,1534.57,14.0966,159.745,1933.41,14.0966,181.981,2435.3,14.0966,207.15,3066.85,14.0966,235.64,3861.46,14.0966,267.889,4861.11,14.0966,304.391,6118.54,14.0966,345.709,7699.91,14.0966,392.478,9688.22,14.0966,445.417,12187.5,14.0966,505.339,15327.7,14.0966,573.165,19271.6,14.0966,649.938,24222,14.0966,736.839,30430.9,14.0966,835.202,38211.5,14.0966,946.539,47950.3,14.0966,1072.56,60122.8,14.0966,1215.21,75309.9,14.0966,1376.66,94216.2,14.0966,1559.41,117688,14.0966,1766.26,146729,14.0966,2000.39,182510,14.0966,2265.39,226372,14.0966,2565.33,279806,14.0966,2904.81,344416,14.0966,3289.05,421845,14.0966,3723.93,513667,14.0966,4216.13,621231,14.0966,4773.18,745478,14.0966,5403.64,886744,14.0966,6117.15,1.04457e+06,14.0966,6924.63,1.2176e+06,14.0966,11.7194,11.96,12.6541,13.9321,16.1295,13.6434,16.6097,21.9702,13.9553,19.7532,29.5285,14.0526,23.3844,39.1143,14.0829,27.5423,51.2054,14.0923,32.2796,66.434,14.0953,37.662,85.6061,14.0962,43.7675,109.74,14.0965,50.687,140.119,14.0966,58.5249,178.359,14.0966,67.4005,226.493,14.0966,77.4493,287.08,14.0966,88.8254,363.343,14.0966,101.703,459.336,14.0966,116.281,580.161,14.0966,132.782,732.241,14.0966,151.46,923.655,14.0966,172.603,1164.57,14.0966,196.535,1467.79,14.0966,223.625,1849.39,14.0966,254.288,2329.62,14.0966,288.997,2933.93,14.0966,328.285,3694.33,14.0966,372.755,4651.04,14.0966,423.092,5854.57,14.0966,480.07,7368.38,14.0966,544.564,9272.08,14.0966,617.566,11665.5,14.0966,700.197,14673.6,14.0966,793.729,18452.9,14.0966,899.599,23198.6,14.0966,1019.43,29154.1,14.0966,1155.07,36622.3,14.0966,1308.6,45977.9,14.0966,1482.39,57683.7,14.0966,1679.09,72307.8,14.0966,1901.73,90542.8,14.0966,2153.73,113226,14.0966,2438.97,141360,14.0966,2761.81,176127,14.0966,3127.22,218898,14.0966,3540.81,271226,14.0966,4008.92,334817,14.0966,4538.74,411470,14.0966,5138.38,502973,14.0966,5817.04,610948,14.0966,6585.12,736653,14.0966,7454.39,880741,14.0966,8438.15,1.04302e+06,14.0966,9551.45,1.22224e+06,14.0966,10811.3,1.41602e+06,14.0966,12237,1.62086e+06,14.0966,11.7194,11.96,12.6541,2.21263,4.16949,0.989383,2.67766,5.84076,0.311842,3.14343,7.55825,0.0972771,3.63127,9.58578,0.0303237,4.15787,12.0912,0.00945211,4.73731,15.2286,0.00294633,5.38238,19.1721,0.000918508,6.10553,24.134,0.000286163,6.91951,30.3791,8.92692e-05,7.83792,38.2397,2.78121e-05,8.87555,48.1338,8.65134e-06,10.0489,60.5876,2.7882e-06,11.3761,76.2629,8.29036e-07,12.8779,95.9927,2.4373e-07,14.5775,120.825,4.33068e-09,16.5012,152.08,1.75749e-07,18.6784,191.415,-1.86328e-07,21.1428,240.917,1.91829e-07,23.9322,303.213,-1.81475e-07,27.0895,381.602,7.0186e-08,30.6634,480.231,-2.86769e-08,34.7087,604.316,2.40784e-07,39.2876,760.401,9.87368e-08,44.4705,956.705,1.22263e-07,50.3371,1203.54,-4.31966e-07,56.9776,1513.81,-1.9705e-07,64.494,1903.69,-2.763e-08,73.0018,2393.4,3.9185e-07,82.6317,3008.13,1.35379e-07,93.5318,3779.25,-4.16351e-08,105.869,4745.7,2.06965e-08,119.834,5955.6,-3.18887e-07,135.641,7468.12,-1.48271e-08,153.531,9355.62,2.00739e-07,173.781,11705.8,2.28358e-07,196.701,14624.1,-1.93587e-08,222.642,18235,-2.88101e-07,252.003,22683.4,-2.24732e-07,285.234,28134,8.56806e-09,322.845,34767,2.34258e-07,365.413,42770.9,2.99668e-07,413.588,52327.9,8.28644e-08,468.111,63591.2,-3.07049e-07,529.814,76653.2,-3.1888e-07,599.642,91502.5,-6.72276e-08,678.662,107975,2.26339e-07,768.083,125705,3.69212e-07,869.267,144088,2.04077e-07,983.76,162277,-2.80509e-07,1113.3,179223,-4.22737e-07,1259.87,193777,-1.71951e-07,1425.68,204839,4.55555e-07,11.7194,11.96,12.6541,2.21263,4.16949,0.989383,2.67766,5.84076,0.311842,3.14343,7.55825,0.0972771,3.63127,9.58578,0.0303237,4.15787,12.0912,0.00945211,4.73731,15.2286,0.00294633,5.38238,19.1721,0.000918508,6.10553,24.134,0.000286163,6.91951,30.3791,8.92692e-05,7.83792,38.2397,2.78121e-05,8.87555,48.1338,8.65134e-06,10.0489,60.5876,2.7882e-06,11.3761,76.2629,8.29036e-07,12.8779,95.9927,2.4373e-07,14.5775,120.825,1e-08,16.5012,152.08,1.75749e-07,18.6784,191.415,1e-08,21.1428,240.917,1.91829e-07,23.9322,303.213,1e-08,27.0895,381.602,7.0186e-08,30.6634,480.231,1e-08,34.7087,604.316,2.40784e-07,39.2876,760.401,9.87368e-08,44.4705,956.705,1.22263e-07,50.3371,1203.54,1e-08,56.9776,1513.81,1e-08,64.494,1903.69,1e-08,73.0018,2393.4,3.9185e-07,82.6317,3008.13,1.35379e-07,93.5318,3779.25,1e-08,105.869,4745.7,2.06965e-08,119.834,5955.6,1e-08,135.641,7468.12,1e-08,153.531,9355.62,2.00739e-07,173.781,11705.8,2.28358e-07,196.701,14624.1,1e-08,222.642,18235,1e-08,252.003,22683.4,1e-08,285.234,28134,1e-08,322.845,34767,2.34258e-07,365.413,42770.9,2.99668e-07,413.588,52327.9,8.28644e-08,468.111,63591.2,1e-08,529.814,76653.2,1e-08,599.642,91502.5,1e-08,678.662,107975,2.26339e-07,768.083,125705,3.69212e-07,869.267,144088,2.04077e-07,983.76,162277,1e-08,1113.3,179223,1e-08,1259.87,193777,1e-08,1425.68,204839,4.55555e-07,6.2823,3.27286,2.43537,0.219672,6.18826,2.24117,0.56371,6.87772,2.63624,0.308279,11,9,11,1,10,2,3,6,0,2,3,0,5,15,0,2,9,0,8,8,0,5,15,0,13,27,0,8,30,0,7,12,0,4,60,0,16,45,0,7,77,0,11,85,0,12,139,0,16,262,0,27,147,0,24,286,0,10,501,0,15,476,0,23,629,0,20,425,0,38,634,0,23,1372,0,65,818,0,64,1754,0,38,1479,0,70,2575,0,69,1504,0,92,2337,0,108,7224,0,103,9780,0,160,3700,0,123,10729,0,126,26926,0,275,8917,0,218,19886,0,464,14640,0,541,22341,0,345,27814,0,132,30150,0,253,59663,0,563,71433,0,305,113547,0,646,59518,0,535,119615,0,1486,73402,0,1327,113436,0,463,77126,0,1072,161174,0,1994,166486,0,1191,99433,0
-1.05176e+08,1,8.88811e-15,10,1023,0,1.05176e+08,0.528882,1.08665,0.389689,0.145397,0.379329,3.24381,0.161596,0.446195,1.77396,0.159177,1.15e+07,4.49998e+06,6.79999e+06,1.15e+07,4.49997e+06,6.79999e+06,1.15e+07,4.49996e+06,6.79999e+06,1.15e+07,4.49995e+06,6.79999e+06,1.14999e+07,4.49993e+06,6.79999e+06,1.14999e+07,4.49991e+06,6.79999e+06,1.14999e+07,4.49989e+06,6.79999e+06,1.14999e+07,4.49986e+06,6.79999e+06,1.14999e+07,4.49982e+06,6.79999e+06,1.14999e+07,4.49977e+06,6.79999e+06,1.14999e+07,4.49971e+06,6.79999e+06,1.14999e+07,4.49963e+06,6.79999e+06,1.14998e+07,4.49953e+06,6.79999e+06,1.14998e+07,4.49941e+06,6.79999e+06,1.14998e+07,4.49926e+06,6.79999e+06,1.14998e+07,4.49906e+06,6.79999e+06,1.14997e+07,4.49882e+06,6.79999e+06,1.14997e+07,4.49851e+06,6.79999e+06,1.14997e+07,4.49812e+06,6.79999e+06,1.14996e+07,4.49764e+06,6.79999e+06,1.14996e+07,4.49702e+06,6.79999e+06,1.14995e+07,4.49625e+06,6.79999e+06,1.14995e+07,4.49528e+06,6.79999e+06,1.14994e+07,4.49406e+06,6.79999e+06,1.14993e+07,4.49253e+06,6.79999e+06,1.14992e+07,4.49059e+06,6.79999e+06,1.14991e+07,4.48817e+06,6.79999e+06,1.1499e+07,4.48511e+06,6.79999e+06,1.14988e+07,4.48128e+06,6.79999e+06,1.14987e+07,4.47646e+06,6.79999e+06,1.14985e+07,4.47041e+06,6.79999e+06,1.14983e+07,4.46281e+06,6.79999e+06,1.14981e+07,4.4533e+06,6.79999e+06,1.14979e+07,4.44138e+06,6.79999e+06,1.14976e+07,4.42649e+06,6.79999e+06,1.14972e+07,4.40789e+06,6.79999e+06,1.14969e+07,4.38471e+06,6.79999e+06,1.14965e+07,4.35592e+06,6.79999e+06,1.1496e+07,4.32027e+06,6.79999e+06,1.14955e+07,4.27629e+06,6.79999e+06,1.14949e+07,4.22231e+06,6.79999e+06,1.14942e+07,4.15647e+06,6.79999e+06,1.14934e+07,4.07676e+06,6.79999e+06,1.14926e+07,3.98112e+06,6.79999e+06,1.14916e+07,3.86765e+06,6.79999e+06,1.14905e+07,3.73474e+06,6.79999e+06,1.14892e+07,3.58148e+06,6.79999e+06,1.14878e+07,3.40785e+06,6.79999e+06,1.14862e+07,3.21513e+06,6.79999e+06,1.14844e+07,3.00605e+06,6.79999e+06,1.14823e+07,2.7848e+06,6.79999e+06,1.148e+07,2.5568e+06,6.79999e+06,1.14773e+07,2.32825e+06,6.79999e+06,13.5742,8.52444,0.508366,16.8306,13.2585,0.162638,20.0035,17.569,0.0507846,23.2616,22.4214,0.0158319,26.7328,28.3297,0.00493498,30.5212,35.6974,0.00153831,34.7178,44.9473,0.000479527,39.4086,56.5822,0.000149456,44.6796,71.2245,4.66214e-05,50.6209,89.6543,1.45419e-05,57.3297,112.852,4.54748e-06,64.9129,142.051,1.43857e-06,73.4897,178.803,4.36618e-07,83.1934,225.062,1.40153e-07,94.1745,283.286,4.96378e-08,106.602,356.568,1.05434e-07,120.669,448.799,-6.49244e-08,136.59,564.873,1.70148e-07,154.611,710.948,-5.34594e-08,175.008,894.767,1.63407e-07,198.097,1126.06,8.04804e-08,224.231,1417.07,1.14667e-07,253.813,1783.15,-1.71227e-07,287.297,2243.62,-2.88466e-07,325.198,2822.67,-4.33651e-07,368.098,3550.67,7.9318e-08,416.657,4465.65,3.13319e-07,471.621,5615.16,3.4613e-07,533.835,7058.61,-1.19199e-07,604.255,8870.02,-2.79964e-07,683.962,11141.4,-2.30521e-07,774.182,13986.7,-2.55099e-07,876.299,17546.4,1.23585e-07,991.883,21993.1,1.41192e-07,1122.71,27536.7,-9.71886e-08,1270.78,34430.7,-3.68368e-07,1438.38,42977.7,-3.45379e-07,1628.07,53532.7,-3.25328e-09,1842.77,66504.6,2.6362e-07,2085.77,82350.2,2.53445e-07,2360.79,101560,-2.47407e-08,2672.05,124632,-3.80602e-07,3024.31,152018,-4.79005e-07,3422.98,184060,-1.14379e-07,3874.15,220884,2.64297e-07,4384.72,262283,3.44131e-07,4962.49,307576,7.5349e-08,5616.29,355497,-3.63097e-07,6356.1,404126,-6.05442e-07,7193.18,450932,-2.72333e-07,8140.28,492963,2.29675e-07,9211.79,527178,4.3387e-07,10424,550893,-1.0711e-07,10.102,8.06553,2.81012,10.6436,8.57909,0.869423,11.5336,10.2515,0.270869,12.7211,12.7138,0.0844293,14.1823,15.9373,0.0263173,15.9122,20.0383,0.0082035,17.9198,25.2154,0.00255722,20.2244,31.7373,0.000797017,22.8539,39.9486,0.000248622,25.8438,50.2851,7.75492e-05,29.237,63.2963,2.42508e-05,33.0837,79.6738,7.67162e-06,37.4415,100.288,2.32837e-06,42.3767,126.236,7.33e-07,47.9646,158.896,2.79256e-07,54.2906,200.003,9.87351e-09,61.452,251.741,1.61085e-07,69.5585,316.859,-2.47141e-07,78.7347,398.812,8.93552e-08,89.1218,501.948,-2.53231e-07,100.879,631.736,-1.25047e-07,114.188,795.049,-1.78808e-07,129.252,1000.53,2.6733e-07,146.304,1259.03,4.50292e-07,165.605,1584.19,6.76904e-07,187.452,1993.12,-1.23808e-07,212.181,2507.27,-4.89068e-07,240.173,3153.54,-5.40284e-07,271.856,3965.56,1.86061e-07,307.719,4985.38,4.37004e-07,348.313,6265.4,3.59828e-07,394.26,7870.83,3.98192e-07,446.268,9882.51,-1.92908e-07,505.135,12400.3,-2.20392e-07,571.766,15546.9,1.51705e-07,647.184,19472.2,5.74996e-07,732.547,24357.4,5.39112e-07,829.167,30420,5.07815e-09,938.526,37916.3,-4.11492e-07,1062.3,47143.9,-3.9561e-07,1202.4,58439.2,3.86185e-08,1360.96,72169.3,5.94093e-07,1540.42,88715.8,7.47693e-07,1743.53,108445,1.78537e-07,1973.41,131665,-4.12549e-07,2233.57,158557,-5.37164e-07,2528,189103,-1.17615e-07,2861.2,222986,5.66769e-07,3238.27,259510,9.45053e-07,3664.97,297540,4.25093e-07,4147.81,335497,-3.58506e-07,4694.17,371444,-6.7724e-07,5312.37,403256,1.67192e-07,1.61744,3.89446,9.84394,3.28846,7.5504,12.774,5.07607,11.7187,13.6844,7.03202,16.8147,13.9681,9.20215,23.1769,14.0566,11.6301,31.1672,14.0841,14.3598,41.2186,14.0927,17.4376,53.8688,14.0954,20.9137,69.7915,14.0962,24.8432,89.8341,14.0965,29.2879,115.063,14.0966,34.3168,146.819,14.0966,40.0078,186.792,14.0966,46.4487,237.107,14.0966,53.7388,300.44,14.0966,61.9903,380.158,14.0966,71.3301,480.499,14.0966,81.902,606.796,14.0966,93.8685,765.761,14.0966,107.414,965.837,14.0966,122.746,1217.65,14.0966,140.101,1534.57,14.0966,159.745,1933.41,14.0966,181.981,2435.3,14.0966,207.15,3066.85,14.0966,235.64,3861.46,14.0966,267.889,4861.11,14.0966,304.391,6118.54,14.0966,345.709,7699.91,14.0966,392.478,9688.22,14.0966,445.417,12187.5,14.0966,505.339,15327.7,14.0966,573.165,19271.6,14.0966,649.938,24222,14.0966,736.839,30430.9,14.0966,835.202,38211.5,14.0966,946.539,47950.3,14.0966,1072.56,60122.8,14.0966,1215.21,75309.9,14.0966,1376.66,94216.2,14.0966,1559.41,117688,14.0966,1766.26,146729,14.0966,2000.39,182510,14.0966,2265.39,226372,14.0966,2565.33,279806,14.0966,2904.81,344416,14.0966,3289.05,421845,14.0966,3723.93,513667,14.0966,4216.13,621231,14.0966,4773.18,745478,14.0966,5403.64,886744,14.0966,6117.15,1.04457e+06,14.0966,6924.63,1.2176e+06,14.0966,11.7194,11.96,12.6541,13.9321,16.1295,13.6434,16.6097,21.9702,13.9553,19.7532,29.5285,14.0526,23.3844,39.1143,14.0829,27.5423,51.2054,14.0923,32.2796,66.434,14.0953,37.662,85.6061,14.0962,43.7675,109.74,14.0965,50.687,140.119,14.0966,58.5249,178.359,14.0966,67.4005,226.493,14.0966,77.4493,287.08,14.0966,88.8254,363.343,14.0966,101.703,459.336,14.0966,116.281,580.161,14.0966,132.782,732.241,14.0966,151.46,923.655,14.0966,172.603,1164.57,14.0966,196.535,1467.79,14.0966,223.625,1849.39,14.0966,254.288,2329.62,14.0966,288.997,2933.93,14.0966,328.285,3694.33,14.0966,372.755,4651.04,14.0966,423.092,5854.57,14.0966,480.07,7368.38,14.0966,544.564,9272.08,14.0966,617.566,11665.5,14.0966,700.197,14673.6,14.0966,793.729,18452.9,14.0966,899.599,23198.6,14.0966,1019.43,29154.1,14.0966,1155.07,36622.3,14.0966,1308.6,45977.9,14.0966,1482.39,57683.7,14.0966,1679.09,72307.8,14.0966,1901.73,90542.8,14.0966,2153.73,113226,14.0966,2438.97,141360,14.0966,2761.81,176127,14.0966,3127.22,218898,14.0966,3540.81,271226,14.0966,4008.92,334817,14.0966,4538.74,411470,14.0966,5138.38,502973,14.0966,5817.04,610948,14.0966,6585.12,736653,14.0966,7454.39,880741,14.0966,8438.15,1.04302e+06,14.0966,9551.45,1.22224e+06,14.0966,10811.3,1.41602e+06,14.0966,12237,1.62086e+06,14.0966,11.7194,11.96,12.6541,2.21263,4.16949,0.989383,2.67766,5.84076,0.311842,3.14343,7.55825,0.0972771,3.63127,9.58578,0.0303237,4.15787,12.0912,0.00945211,4.73731,15.2286,0.00294633,5.38238,19.1721,0.000918508,6.10553,24.134,0.000286163,6.91951,30.3791,8.92692e-05,7.83792,38.2397,2.78121e-05,8.87555,48.1338,8.65134e-06,10.0489,60.5876,2.7882e-06,11.3761,76.2629,8.29036e-07,12.8779,95.9927,2.4373e-07,14.5775,120.825,4.33068e-09,16.5012,152.08,1.75749e-07,18.6784,191.415,-1.86328e-07,21.1428,240.917,1.91829e-07,23.9322,303.213,-1.81475e-07,27.0895,381.602,7.0186e-08,30.6634,480.231,-2.86769e-08,34.7087,604.316,2.40784e-07,39.2876,760.401,9.87368e-08,44.4705,956.705,1.22263e-07,50.3371,1203.54,-4.31966e-07,56.9776,1513.81,-1.9705e-07,64.494,1903.69,-2.763e-08,73.0018,2393.4,3.9185e-07,82.6317,3008.13,1.35379e-07,93.5318,3779.25,-4.16351e-08,105.869,4745.7,2.06965e-08,119.834,5955.6,-3.18887e-07,135.641,7468.12,-1.48271e-08,153.531,9355.62,2.00739e-07,173.781,11705.8,2.28358e-07,196.701,14624.1,-1.93587e-08,222.642,18235,-2.88101e-07,252.003,22683.4,-2.24732e-07,285.234,28134,8.56806e-09,322.845,34767,2.34258e-07,365.413,42770.9,2.99668e-07,413.588,52327.9,8.28644e-08,468.111,63591.2,-3.07049e-07,529.814,76653.2,-3.1888e-07,599.642,91502.5,-6.72276e-08,678.662,107975,2.26339e-07,768.083,125705,3.69212e-07,869.267,144088,2.04077e-07,983.76,162277,-2.80509e-07,1113.3,179223,-4.22737e-07,1259.87,193777,-1.71951e-07,1425.68,204839,4.55555e-07,11.7194,11.96,12.6541,2.21263,4.16949,0.989383,2.67766,5.84076,0.311842,3.14343,7.55825,0.0972771,3.63127,9.58578,0.0303237,4.15787,12.0912,0.00945211,4.73731,15.2286,0.00294633,5.38238,19.1721,0.000918508,6.10553,24.134,0.000286163,6.91951,30.3791,8.92692e-05,7.83792,38.2397,2.78121e-05,8.87555,48.1338,8.65134e-06,10.0489,60.5876,2.7882e-06,11.3761,76.2629,8.29036e-07,12.8779,95.9927,2.4373e-07,14.5775,120.825,1e-08,16.5012,152.08,1.75749e-07,18.6784,191.415,1e-08,21.1428,240.917,1.91829e-07,23.9322,303.213,1e-08,27.0895,381.602,7.0186e-08,30.6634,480.231,1e-08,34.7087,604.316,2.40784e-07,39.2876,760.401,9.87368e-08,44.4705,956.705,1.22263e-07,50.3371,1203.54,1e-08,56.9776,1513.81,1e-08,64.494,1903.69,1e-08,73.0018,2393.4,3.9185e-07,82.6317,3008.13,1.35379e-07,93.5318,3779.25,1e-08,105.869,4745.7,2.06965e-08,119.834,5955.6,1e-08,135.641,7468.12,1e-08,153.531,9355.62,2.00739e-07,173.781,11705.8,2.28358e-07,196.701,14624.1,1e-08,222.642,18235,1e-08,252.003,22683.4,1e-08,285.234,28134,1e-08,322.845,34767,2.34258e-07,365.413,42770.9,2.99668e-07,413.588,52327.9,8.28644e-08,468.111,63591.2,1e-08,529.814,76653.2,1e-08,599.642,91502.5,1e-08,678.662,107975,2.26339e-07,768.083,125705,3.69212e-07,869.267,144088,2.04077e-07,983.76,162277,1e-08,1113.3,179223,1e-08,1259.87,193777,1e-08,1425.68,204839,4.55555e-07,6.2823,3.27286,2.43537,0.219672,6.18826,2.24117,0.56371,6.87772,2.63624,0.308279,19,5,12,1,3,0,0,4,0,3,7,0,5,7,0,1,13,0,4,18,0,9,38,0,9,26,0,15,22,0,4,39,0,14,91,0,1,18,0,7,62,0,3,76,0,18,148,0,19,81,0,27,365,0,20,358,0,18,350,0,46,423,0,33,352,0,55,472,0,57,906,0,47,633,0,41,717,0,57,457,0,81,1717,0,96,2296,0,59,3286,0,74,5451,0,143,4275,0,157,5531,0,94,2295,0,307,4724,0,139,6340,0,92,9287,0,149,13428,0,489,31703,0,145,18778,0,290,17712,0,561,36372,0,495,56130,0,442,56431,0,484,79123,0,476,86882,0,838,104494,0,830,158829,0,812,203508,0,1577,71015,0,1381,75040,0,1949,171239,0,878,136101,0
-1.05176e+08,1,8.88811e-15,10,1023,0,1.05176e+08,0.528882,1.08665,0.389689,0.145397,0.379329,3.24381,0.161596,0.446195,1.77396,0.159177,1.15e+07,4.49998e+06,6.79999e+06,1.15e+07,4.49997e+06,6.79999e+06,1.15e+07,4.49996e+06,6.79999e+06,1.15e+07,4.49995e+06,6.79999e+06,1.14999e+07,4.49993e+06,6.79999e+06,1.14999e+07,4.49991e+06,6.79999e+06,1.14999e+07,4.49989e+06,6.79999e+06,1.14999e+07,4.49986e+06,6.79999e+06,1.14999e+07,4.49982e+06,6.79999e+06,1.14999e+07,4.49977e+06,6.79999e+06,1.14999e+07,4.49971e+06,6.79999e+06,1.14999e+07,4.49963e+06,6.79999e+06,1.14998e+07,4.49953e+06,6.79999e+06,1.14998e+07,4.49941e+06,6.79999e+06,1.14998e+07,4.49926e+06,6.79999e+06,1.14998e+07,4.49906e+06,6.79999e+06,1.14997e+07,4.49882e+06,6.79999e+06,1.14997e+07,4.49851e+06,6.79999e+06,1.14997e+07,4.49812e+06,6.79999e+06,1.14996e+07,4.49764e+06,6.79999e+06,1.14996e+07,4.49702e+06,6.79999e+06,1.14995e+07,4.49625e+06,6.79999e+06,1.14995e+07,4.49528e+06,6.79999e+06,1.14994e+07,4.49406e+06,6.79999e+06,1.14993e+07,4.49253e+06,6.79999e+06,1.14992e+07,4.49059e+06,6.79999e+06,1.14991e+07,4.48817e+06,6.79999e+06,1.1499e+07,4.48511e+06,6.79999e+06,1.14988e+07,4.48128e+06,6.79999e+06,1.14987e+07,4.47646e+06,6.79999e+06,1.14985e+07,4.47041e+06,6.79999e+06,1.14983e+07,4.46281e+06,6.79999e+06,1.14981e+07,4.4533e+06,6.79999e+06,1.14979e+07,4.44138e+06,6.79999e+06,1.14976e+07,4.42649e+06,6.79999e+06,1.14972e+07,4.40789e+06,6.79999e+06,1.14969e+07,4.38471e+06,6.79999e+06,1.14965e+07,4.35592e+06,6.79999e+06,1.1496e+07,4.32027e+06,6.79999e+06,1.14955e+07,4.27629e+06,6.79999e+06,1.14949e+07,4.22231e+06,6.79999e+06,1.14942e+07,4.15647e+06,6.79999e+06,1.14934e+07,4.07676e+06,6.79999e+06,1.14926e+07,3.98112e+06,6.79999e+06,1.14916e+07,3.86765e+06,6.79999e+06,1.14905e+07,3.73474e+06,6.79999e+06,1.14892e+07,3.58148e+06,6.79999e+06,1.14878e+07,3.40785e+06,6.79999e+06,1.14862e+07,3.21513e+06,6.79999e+06,1.14844e+07,3.00605e+06,6.79999e+06,1.14823e+07,2.7848e+06,6.79999e+06,1.148e+07,2.5568e+06,6.79999e+06,1.14773e+07,2.32825e+06,6.79999e+06,13.5742,8.52444,0.508366,16.8306,13.2585,0.162638,20.0035,17.569,0.0507846,23.2616,22.4214,0.0158319,26.7328,28.3297,0.00493498,30.5212,35.6974,0.00153831,34.7178,44.9473,0.000479527,39.4086,56.5822,0.000149456,44.6796,71.2245,4.66214e-05,50.6209,89.6543,1.45419e-05,57.3297,112.852,4.54748e-06,64.9129,142.051,1.43857e-06,73.4897,178.803,4.36618e-07,83.1934,225.062,1.40153e-07,94.1745,283.286,4.96378e-08,106.602,356.568,1.05434e-07,120.669,448.799,-6.49244e-08,136.59,564.873,1.70148e-07,154.611,710.948,-5.34594e-08,175.008,894.767,1.63407e-07,198.097,1126.06,8.04804e-08,224.231,1417.07,1.14667e-07,253.813,1783.15,-1.71227e-07,287.297,2243.62,-2.88466e-07,325.198,2822.67,-4.33651e-07,368.098,3550.67,7.9318e-08,416.657,4465.65,3.13319e-07,471.621,5615.16,3.4613e-07,533.835,7058.61,-1.19199e-07,604.255,8870.02,-2.79964e-07,683.962,11141.4,-2.30521e-07,774.182,13986.7,-2.55099e-07,876.299,17546.4,1.23585e-07,991.883,21993.1,1.41192e-07,1122.71,27536.7,-9.71886e-08,1270.78,34430.7,-3.68368e-07,1438.38,42977.7,-3.45379e-07,1628.07,53532.7,-3.25328e-09,1842.77,66504.6,2.6362e-07,2085.77,82350.2,2.53445e-07,2360.79,101560,-2.47407e-08,2672.05,124632,-3.80602e-07,3024.31,152018,-4.79005e-07,3422.98,184060,-1.14379e-07,3874.15,220884,2.64297e-07,4384.72,262283,3.44131e-07,4962.49,307576,7.5349e-08,5616.29,355497,-3.63097e-07,6356.1,404126,-6.05442e-07,7193.18,450932,-2.72333e-07,8140.28,492963,2.29675e-07,9211.79,527178,4.3387e-07,10424,550893,-1.0711e-07,10.102,8.06553,2.81012,10.6436,8.57909,0.869423,11.5336,10.2515,0.270869,12.7211,12.7138,0.0844293,14.1823,15.9373,0.0263173,15.9122,20.0383,0.0082035,17.9198,25.2154,0.00255722,20.2244,31.7373,0.000797017,22.8539,39.9486,0.000248622,25.8438,50.2851,7.75492e-05,29.237,63.2963,2.42508e-05,33.0837,79.6738,7.67162e-06,37.4415,100.288,2.32837e-06,42.3767,126.236,7.33e-07,47.9646,158.896,2.79256e-07,54.2906,200.003,9.87351e-09,61.452,251.741,1.61085e-07,69.5585,316.859,-2.47141e-07,78.7347,398.812,8.93552e-08,89.1218,501.948,-2.53231e-07,100.879,631.736,-1.25047e-07,114.188,795.049,-1.78808e-07,129.252,1000.53,2.6733e-07,146.304,1259.03,4.50292e-07,165.605,1584.19,6.76904e-07,187.452,1993.12,-1.23808e-07,212.181,2507.27,-4.89068e-07,240.173,3153.54,-5.40284e-07,271.856,3965.56,1.86061e-07,307.719,4985.38,4.37004e-07,348.313,6265.4,3.59828e-07,394.26,7870.83,3.98192e-07,446.268,9882.51,-1.92908e-07,505.135,12400.3,-2.20392e-07,571.766,15546.9,1.51705e-07,647.184,19472.2,5.74996e-07,732.547,24357.4,5.39112e-07,829.167,30420,5.07815e-09,938.526,37916.3,-4.11492e-07,1062.3,47143.9,-3.9561e-07,1202.4,58439.2,3.86185e-08,1360.96,72169.3,5.94093e-07,1540.42,88715.8,7.47693e-07,1743.53,108445,1.78537e-07,1973.41,131665,-4.12549e-07,2233.57,158557,-5.37164e-07,2528,189103,-1.17615e-07,2861.2,222986,5.66769e-07,3238.27,259510,9.45053e-07,3664.97,297540,4.25093e-07,4147.81,335497,-3.58506e-07,4694.17,371444,-6.7724e-07,5312.37,403256,1.67192e-07,1.61744,3.89446,9.84394,3.28846,7.5504,12.774,5.07607,11.7187,13.6844,7.03202,16.8147,13.9681,9.20215,23.1769,14.0566,11.6301,31.1672,14.0841,14.3598,41.2186,14.0927,17.4376,53.8688,14.0954,20.9137,69.7915,14.0962,24.8432,89.8341,14.0965,29.2879,115.063,14.0966,34.3168,146.819,14.0966,40.0078,186.792,14.0966,46.4487,237.107,14.0966,53.7388,300.44,14.0966,61.9903,380.158,14.0966,71.3301,480.499,14.0966,81.902,606.796,14.0966,93.8685,765.761,14.0966,107.414,965.837,14.0966,122.746,1217.65,14.0966,140.101,1534.57,14.0966,159.745,1933.41,14.0966,181.981,2435.3,14.0966,207.15,3066.85,14.0966,235.64,3861.46,14.0966,267.889,4861.11,14.0966,304.391,6118.54,14.0966,345.709,7699.91,14.0966,392.478,9688.22,14.0966,445.417,12187.5,14.0966,505.339,15327.7,14.0966,573.165,19271.6,14.0966,649.938,24222,14.0966,736.839,30430.9,14.0966,835.202,38211.5,14.0966,946.539,47950.3,14.0966,1072.56,60122.8,14.0966,1215.21,75309.9,14.0966,1376.66,94216.2,14.0966,1559.41,117688,14.0966,1766.26,146729,14.0966,2000.39,182510,14.0966,2265.39,226372,14.0966,2565.33,279806,14.0966,2904.81,344416,14.0966,3289.05,421845,14.0966,3723.93,513667,14.0966,4216.13,621231,14.0966,4773.18,745478,14.0966,5403.64,886744,14.0966,6117.15,1.04457e+06,14.0966,6924.63,1.2176e+06,14.0966,11.7194,11.96,12.6541,13.9321,16.1295,13.6434,16.6097,21.9702,13.9553,19.7532,29.5285,14.0526,23.3844,39.1143,14.0829,27.5423,51.2054,14.0923,32.2796,66.434,14.0953,37.662,85.6061,14.0962,43.7675,109.74,14.0965,50.687,140.119,14.0966,58.5249,178.359,14.0966,67.4005,226.493,14.0966,77.4493,287.08,14.0966,88.8254,363.343,14.0966,101.703,459.336,14.0966,116.281,580.161,14.0966,132.782,732.241,14.0966,151.46,923.655,14.0966,172.603,1164.57,14.0966,196.535,1467.79,14.0966,223.625,1849.39,14.0966,254.288,2329.62,14.0966,288.997,2933.93,14.0966,328.285,3694.33,14.0966,372.755,4651.04,14.0966,423.092,5854.57,14.0966,480.07,7368.38,14.0966,544.564,9272.08,14.0966,617.566,11665.5,14.0966,700.197,14673.6,14.0966,793.729,18452.9,14.0966,899.599,23198.6,14.0966,1019.43,29154.1,14.0966,1155.07,36622.3,14.0966,1308.6,45977.9,14.0966,1482.39,57683.7,14.0966,1679.09,72307.8,14.0966,1901.73,90542.8,14.0966,2153.73,113226,14.0966,2438.97,141360,14.0966,2761.81,176127,14.0966,3127.22,218898,14.0966,3540.81,271226,14.0966,4008.92,334817,14.0966,4538.74,411470,14.0966,5138.38,502973,14.0966,5817.04,610948,14.0966,6585.12,736653,14.0966,7454.39,880741,14.0966,8438.15,1.04302e+06,14.0966,9551.45,1.22224e+06,14.0966,10811.3,1.41602e+06,14.0966,12237,1.62086e+06,14.0966,11.7194,11.96,12.6541,2.21263,4.16949,0.989383,2.67766,5.84076,0.311842,3.14343,7.55825,0.0972771,3.63127,9.58578,0.0303237,4.15787,12.0912,0.00945211,4.73731,15.2286,0.00294633,5.38238,19.1721,0.000918508,6.10553,24.134,0.000286163,6.91951,30.3791,8.92692e-05,7.83792,38.2397,2.78121e-05,8.87555,48.1338,8.65134e-06,10.0489,60.5876,2.7882e-06,11.3761,76.2629,8.29036e-07,12.8779,95.9927,2.4373e-07,14.5775,120.825,4.33068e-09,16.5012,152.08,1.75749e-07,18.6784,191.415,-1.86328e-07,21.1428,240.917,1.91829e-07,23.9322,303.213,-1.81475e-07,27.0895,381.602,7.0186e-08,30.6634,480.231,-2.86769e-08,34.7087,604.316,2.40784e-07,39.2876,760.401,9.87368e-08,44.4705,956.705,1.22263e-07,50.3371,1203.54,-4.31966e-07,56.9776,1513.81,-1.9705e-07,64.494,1903.69,-2.763e-08,73.0018,2393.4,3.9185e-07,82.6317,3008.13,1.35379e-07,93.5318,3779.25,-4.16351e-08,105.869,4745.7,2.06965e-08,119.834,5955.6,-3.18887e-07,135.641,7468.12,-1.48271e-08,153.531,9355.62,2.00739e-07,173.781,11705.8,2.28358e-07,196.701,14624.1,-1.93587e-08,222.642,18235,-2.88101e-07,252.003,22683.4,-2.24732e-07,285.234,28134,8.56806e-09,322.845,34767,2.34258e-07,365.413,42770.9,2.99668e-07,413.588,52327.9,8.28644e-08,468.111,63591.2,-3.07049e-07,529.814,76653.2,-3.1888e-07,599.642,91502.5,-6.72276e-08,678.662,107975,2.26339e-07,768.083,125705,3.69212e-07,869.267,144088,2.04077e-07,983.76,162277,-2.80509e-07,1113.3,179223,-4.22737e-07,1259.87,193777,-1.71951e-07,1425.68,204839,4.55555e-07,11.7194,11.96,12.6541,2.21263,4.16949,0.989383,2.67766,5.84076,0.311842,3.14343,7.55825,0.0972771,3.63127,9.58578,0.0303237,4.15787,12.0912,0.00945211,4.73731,15.2286,0.00294633,5.38238,19.1721,0.000918508,6.10553,24.134,0.000286163,6.91951,30.3791,8.92692e-05,7.83792,38.2397,2.78121e-05,8.87555,48.1338,8.65134e-06,10.0489,60.5876,2.7882e-06,11.3761,76.2629,8.29036e-07,12.8779,95.9927,2.4373e-07,14.5775,120.825,1e-08,16.5012,152.08,1.75749e-07,18.6784,191.415,1e-08,21.1428,240.917,1.91829e-07,23.9322,303.213,1e-08,27.0895,381.602,7.0186e-08,30.6634,480.231,1e-08,34.7087,604.316,2.40784e-07,39.2876,760.401,9.87368e-08,44.4705,956.705,1.22263e-07,50.3371,1203.54,1e-08,56.9776,1513.81,1e-08,64.494,1903.69,1e-08,73.0018,2393.4,3.9185e-07,82.6317,3008.13,1.35379e-07,93.5318,3779.25,1e-08,105.869,4745.7,2.06965e-08,119.834,5955.6,1e-08,135.641,7468.12,1e-08,153.531,9355.62,2.00739e-07,173.781,11705.8,2.28358e-07,196.701,14624.1,1e-08,222.642,18235,1e-08,252.003,22683.4,1e-08,285.234,28134,1e-08,322.845,34767,2.34258e-07,365.413,42770.9,2.99668e-07,413.588,52327.9,8.28644e-08,468.111,63591.2,1e-08,529.814,76653.2,1e-08,599.642,91502.5,1e-08,678.662,107975,2.26339e-07,768.083,125705,3.69212e-07,869.267,144088,2.04077e-07,983.76,162277,1e-08,1113.3,179223,1e-08,1259.87,193777,1e-08,1425.68,204839,4.55555e-07,6.2823,3.27286,2.43537,0.219672,6.18826,2.24117,0.56371,6.87772,2.63624,0.308279,8,5,11,3,4,3,0,10,0,6,8,0,3,19,0,3,5,0,9,15,0,19,32,0,4,43,0,8,80,0,6,60,0,10,13,0,13,53,0,19,122,0,8,98,0,10,50,0,27,106,0,21,216,0,35,413,0,17,301,0,9,188,0,39,516,0,32,516,0,43,686,0,71,1024,0,44,2267,0,42,2009,0,47,2192,0,45,2173,0,66,2892,0,88,3764,0,157,4141,0,70,7005,0,153,7335,0,170,15076,0,203,9639,0,99,16419,0,91,11638,0,473,26487,0,177,41731,0,188,14760,0,360,28797,0,569,51418,0,602,37242,0,627,41592,0,709,66002,0,499,151182,0,879,92205,0,659,111208,0,1212,164840,0,410,389842,0,689,145342,0,994,182573,0
-1.05176e+08,1,8.88811e-15,10,1023,0,1.05176e+08,0.528882,1.08665,0.389689,0.145397,0.379329,3.24381,0.161596,0.446195,1.77396,0.159177,1.15e+07,4.49998e+06,6.79999e+06,1.15e+07,4.49997e+06,6.79999e+06,1.15e+07,4.49996e+06,6.79999e+06,1.15e+07,4.49995e+06,6.79999e+06,1.14999e+07,4.49993e+06,6.79999e+06,1.14999e+07,4.49991e+06,6.79999e+06,1.14999e+07,4.49989e+06,6.79999e+06,1.14999e+07,4.49986e+06,6.79999e+06,1.14999e+07,4.49982e+06,6.79999e+06,1.14999e+07,4.49977e+06,6.79999e+06,1.14999e+07,4.49971e+06,6.79999e+06,1.14999e+07,4.49963e+06,6.79999e+06,1.14998e+07,4.49953e+06,6.79999e+06,1.14998e+07,4.49941e+06,6.79999e+06,1.14998e+07,4.49926e+06,6.79999e+06,1.14998e+07,4.49906e+06,6.79999e+06,1.14997e+07,4.49882e+06,6.79999e+06,1.14997e+07,4.49851e+06,6.79999e+06,1.14997e+07,4.49812e+06,6.79999e+06,1.14996e+07,4.49764e+06,6.79999e+06,1.14996e+07,4.49702e+06,6.79999e+06,1.14995e+07,4.49625e+06,6.79999e+06,1.14995e+07,4.49528e+06,6.79999e+06,1.14994e+07,4.49406e+06,6.79999e+06,1.14993e+07,4.49253e+06,6.79999e+06,1.14992e+07,4.49059e+06,6.79999e+06,1.14991e+07,4.48817e+06,6.79999e+06,1.1499e+07,4.48511e+06,6.79999e+06,1.14988e+07,4.48128e+06,6.79999e+06,1.14987e+07,4.47646e+06,6.79999e+06,1.14985e+07,4.47041e+06,6.79999e+06,1.14983e+07,4.46281e+06,6.79999e+06,1.14981e+07,4.4533e+06,6.79999e+06,1.14979e+07,4.44138e+06,6.79999e+06,1.14976e+07,4.42649e+06,6.79999e+06,1.14972e+07,4.40789e+06,6.79999e+06,1.14969e+07,4.38471e+06,6.79999e+06,1.14965e+07,4.35592e+06,6.79999e+06,1.1496e+07,4.32027e+06,6.79999e+06,1.14955e+07,4.27629e+06,6.79999e+06,1.14949e+07,4.22231e+06,6.79999e+06,1.14942e+07,4.15647e+06,6.79999e+06,1.14934e+07,4.07676e+06,6.79999e+06,1.14926e+07,3.98112e+06,6.79999e+06,1.14916e+07,3.86765e+06,6.79999e+06,1.14905e+07,3.73474e+06,6.79999e+06,1.14892e+07,3.58148e+06,6.79999e+06,1.14878e+07,3.40785e+06,6.79999e+06,1.14862e+07,3.21513e+06,6.79999e+06,1.14844e+07,3.00605e+06,6.79999e+06,1.14823e+07,2.7848e+06,6.79999e+06,1.148e+07,2.5568e+06,6.79999e+06,1.14773e+07,2.32825e+06,6.79999e+06,13.5742,8.52444,0.508366,16.8306,13.2585,0.162638,20.0035,17.569,0.0507846,23.2616,22.4214,0.0158319,26.7328,28.3297,0.00493498,30.5212,35.6974,0.00153831,34.7178,44.9473,0.000479527,39.4086,56.5822,0.000149456,44.6796,71.2245,4.66214e-05,50.6209,89.6543,1.45419e-05,57.3297,112.852,4.54748e-06,64.9129,142.051,1.43857e-06,73.4897,178.803,4.36618e-07,83.1934,225.062,1.40153e-07,94.1745,283.286,4.96378e-08,106.602,356.568,1.05434e-07,120.669,448.799,-6.49244e-08,136.59,564.873,1.70148e-07,154.611,710.948,-5.34594e-08,175.008,894.767,1.63407e-07,198.097,1126.06,8.04804e-08,224.231,1417.07,1.14667e-07,253.813,1783.15,-1.71227e-07,287.297,2243.62,-2.88466e-07,325.198,2822.67,-4.33651e-07,368.098,3550.67,7.9318e-08,416.657,4465.65,3.13319e-07,471.621,5615.16,3.4613e-07,533.835,7058.61,-1.19199e-07,604.255,8870.02,-2.79964e-07,683.962,11141.4,-2.30521e-07,774.182,13986.7,-2.55099e-07,876.299,17546.4,1.23585e-07,991.883,21993.1,1.41192e-07,1122.71,27536.7,-9.71886e-08,1270.78,34430.7,-3.68368e-07,1438.38,42977.7,-3.45379e-07,1628.07,53532.7,-3.25328e-09,1842.77,66504.6,2.6362e-07,2085.77,82350.2,2.53445e-07,2360.79,101560,-2.47407e-08,2672.05,124632,-3.80602e-07,3024.31,152018,-4.79005e-07,3422.98,184060,-1.14379e-07,3874.15,220884,2.64297e-07,4384.72,262283,3.44131e-07,4962.49,307576,7.5349e-08,5616.29,355497,-3.63097e-07,6356.1,404126,-6.05442e-07,7193.18,450932,-2.72333e-07,8140.28,492963,2.29675e-07,9211.79,527178,4.3387e-07,10424,550893,-1.0711e-07,10.102,8.06553,2.81012,10.6436,8.57909,0.869423,11.5336,10.2515,0.270869,12.7211,12.7138,0.0844293,14.1823,15.9373,0.0263173,15.9122,20.0383,0.0082035,17.9198,25.2154,0.00255722,20.2244,31.7373,0.000797017,22.8539,39.9486,0.000248622,25.8438,50.2851,7.75492e-05,29.237,63.2963,2.42508e-05,33.0837,79.6738,7.67162e-06,37.4415,100.288,2.32837e-06,42.3767,126.236,7.33e-07,47.9646,158.896,2.79256e-07,54.2906,200.003,9.87351e-09,61.452,251.741,1.61085e-07,69.5585,316.859,-2.47141e-07,78.7347,398.812,8.93552e-08,89.1218,501.948,-2.53231e-07,100.879,631.736,-1.25047e-07,114.188,795.049,-1.78808e-07,129.252,1000.53,2.6733e-07,146.304,1259.03,4.50292e-07,165.605,1584.19,6.76904e-07,187.452,1993.12,-1.23808e-07,212.181,2507.27,-4.89068e-07,240.173,3153.54,-5.40284e-07,271.856,3965.56,1.86061e-07,307.719,4985.38,4.37004e-07,348.313,6265.4,3.59828e-07,394.26,7870.83,3.98192e-07,446.268,9882.51,-1.92908e-07,505.135,12400.3,-2.20392e-07,571.766,15546.9,1.51705e-07,647.184,19472.2,5.74996e-07,732.547,24357.4,5.39112e-07,829.167,30420,5.07815e-09,938.526,37916.3,-4.11492e-07,1062.3,47143.9,-3.9561e-07,1202.4,58439.2,3.86185e-08,1360.96,72169.3,5.94093e-07,1540.42,88715.8,7.47693e-07,1743.53,108445,1.78537e-07,1973.41,131665,-4.12549e-07,2233.57,158557,-5.37164e-07,2528,189103,-1.17615e-07,2861.2,222986,5.66769e-07,3238.27,259510,9.45053e-07,3664.97,297540,4.25093e-07,4147.81,335497,-3.58506e-07,4694.17,371444,-6.7724e-07,5312.37,403256,1.67192e-07,1.61744,3.89446,9.84394,3.28846,7.5504,12.774,5.07607,11.7187,13.6844,7.03202,16.8147,13.9681,9.20215,23.1769,14.0566,11.6301,31.1672,14.0841,14.3598,41.2186,14.0927,17.4376,53.8688,14.0954,20.9137,69.7915,14.0962,24.8432,89.8341,14.0965,29.2879,115.063,14.0966,34.3168,146.819,14.0966,40.0078,186.792,14.0966,46.4487,237.107,14.0966,53.7388,300.44,14.0966,61.9903,380.158,14.0966,71.3301,480.499,14.0966,81.902,606.796,14.0966,93.8685,765.761,14.0966,107.414,965.837,14.0966,122.746,1217.65,14.0966,140.101,1534.57,14.0966,159.745,1933.41,14.0966,181.981,2435.3,14.0966,207.15,3066.85,14.0966,235.64,3861.46,14.0966,267.889,4861.11,14.0966,304.391,6118.54,14.0966,345.709,7699.91,14.0966,392.478,9688.22,14.0966,445.417,12187.5,14.0966,505.339,15327.7,14.0966,573.165,19271.6,14.0966,649.938,24222,14.0966,736.839,30430.9,14.0966,835.202,38211.5,14.0966,946.539,47950.3,14.0966,1072.56,60122.8,14.0966,1215.21,75309.9,14.0966,1376.66,94216.2,14.0966,1559.41,117688,14.0966,1766.26,146729,14.0966,2000.39,182510,14.0966,2265.39,226372,14.0966,2565.33,279806,14.0966,2904.81,344416,14.0966,3289.05,421845,14.0966,3723.93,513667,14.0966,4216.13,621231,14.0966,4773.18,745478,14.0966,5403.64,886744,14.0966,6117.15,1.04457e+06,14.0966,6924.63,1.2176e+06,14.0966,11.7194,11.96,12.6541,13.9321,16.1295,13.6434,16.6097,21.9702,13.9553,19.7532,29.5285,14.0526,23.3844,39.1143,14.0829,27.5423,51.2054,14.0923,32.2796,66.434,14.0953,37.662,85.6061,14.0962,43.7675,109.74,14.0965,50.687,140.119,14.0966,58.5249,178.359,14.0966,67.4005,226.493,14.0966,77.4493,287.08,14.0966,88.8254,363.343,14.0966,101.703,459.336,14.0966,116.281,580.161,14.0966,132.782,732.241,14.0966,151.46,923.655,14.0966,172.603,1164.57,14.0966,196.535,1467.79,14.0966,223.625,1849.39,14.0966,254.288,2329.62,14.0966,288.997,2933.93,14.0966,328.285,3694.33,14.0966,372.755,4651.04,14.0966,423.092,5854.57,14.0966,480.07,7368.38,14.0966,544.564,9272.08,14.0966,617.566,11665.5,14.0966,700.197,14673.6,14.0966,793.729,18452.9,14.0966,899.599,23198.6,14.0966,1019.43,29154.1,14.0966,1155.07,36622.3,14.0966,1308.6,45977.9,14.0966,1482.39,57683.7,14.0966,1679.09,72307.8,14.0966,1901.73,90542.8,14.0966,2153.73,113226,14.0966,2438.97,141360,14.0966,2761.81,176127,14.0966,3127.22,218898,14.0966,3540.81,271226,14.0966,4008.92,334817,14.0966,4538.74,411470,14.0966,5138.38,502973,14.0966,5817.04,610948,14.0966,6585.12,736653,14.0966,7454.39,880741,14.0966,8438.15,1.04302e+06,14.0966,9551.45,1.22224e+06,14.0966,10811.3,1.41602e+06,14.0966,12237,1.62086e+06,14.0966,11.7194,11.96,12.6541,2.21263,4.16949,0.989383,2.67766,5.84076,0.311842,3.14343,7.55825,0.0972771,3.63127,9.58578,0.0303237,4.15787,12.0912,0.00945211,4.73731,15.2286,0.00294633,5.38238,19.1721,0.000918508,6.10553,24.134,0.000286163,6.91951,30.3791,8.92692e-05,7.83792,38.2397,2.78121e-05,8.87555,48.1338,8.65134e-06,10.0489,60.5876,2.7882e-06,11.3761,76.2629,8.29036e-07,12.8779,95.9927,2.4373e-07,14.5775,120.825,4.33068e-09,16.5012,152.08,1.75749e-07,18.6784,191.415,-1.86328e-07,21.1428,240.917,1.91829e-07,23.9322,303.213,-1.81475e-07,27.0895,381.602,7.0186e-08,30.6634,480.231,-2.86769e-08,34.7087,604.316,2.40784e-07,39.2876,760.401,9.87368e-08,44.4705,956.705,1.22263e-07,50.3371,1203.54,-4.31966e-07,56.9776,1513.81,-1.9705e-07,64.494,1903.69,-2.763e-08,73.0018,2393.4,3.9185e-07,82.6317,3008.13,1.35379e-07,93.5318,3779.25,-4.16351e-08,105.869,4745.7,2.06965e-08,119.834,5955.6,-3.18887e-07,135.641,7468.12,-1.48271e-08,153.531,9355.62,2.00739e-07,173.781,11705.8,2.28358e-07,196.701,14624.1,-1.93587e-08,222.642,18235,-2.88101e-07,252.003,22683.4,-2.24732e-07,285.234,28134,8.56806e-09,322.845,34767,2.34258e-07,365.413,42770.9,2.99668e-07,413.588,52327.9,8.28644e-08,468.111,63591.2,-3.07049e-07,529.814,76653.2,-3.1888e-07,599.642,91502.5,-6.72276e-08,678.662,107975,2.26339e-07,768.083,125705,3.69212e-07,869.267,144088,2.04077e-07,983.76,162277,-2.80509e-07,1113.3,179223,-4.22737e-07,1259.87,193777,-1.71951e-07,1425.68,204839,4.55555e-07,11.7194,11.96,12.6541,2.21263,4.16949,0.989383,2.67766,5.84076,0.311842,3.14343,7.55825,0.0972771,3.63127,9.58578,0.0303237,4.15787,12.0912,0.00945211,4.73731,15.2286,0.00294633,5.38238,19.1721,0.000918508,6.10553,24.134,0.000286163,6.91951,30.3791,8.92692e-05,7.83792,38.2397,2.78121e-05,8.87555,48.1338,8.65134e-06,10.0489,60.5876,2.7882e-06,11.3761,76.2629,8.29036e-07,12.8779,95.9927,2.4373e-07,14.5775,120.825,1e-08,16.5012,152.08,1.75749e-07,18.6784,191.415,1e-08,21.1428,240.917,1.91829e-07,23.9322,303.213,1e-08,27.0895,381.602,7.0186e-08,30.6634,480.231,1e-08,34.7087,604.316,2.40784e-07,39.2876,760.401,9.87368e-08,44.4705,956.705,1.22263e-07,50.3371,1203.54,1e-08,56.9776,1513.81,1e-08,64.494,1903.69,1e-08,73.0018,2393.4,3.9185e-07,82.6317,3008.13,1.35379e-07,93.5318,3779.25,1e-08,105.869,4745.7,2.06965e-08,119.834,5955.6,1e-08,135.641,7468.12,1e-08,153.531,9355.62,2.00739e-07,173.781,11705.8,2.28358e-07,196.701,14624.1,1e-08,222.642,18235,1e-08,252.003,22683.4,1e-08,285.234,28134,1e-08,322.845,34767,2.34258e-07,365.413,42770.9,2.99668e-07,413.588,52327.9,8.28644e-08,468.111,63591.2,1e-08,529.814,76653.2,1e-08,599.642,91502.5,1e-08,678.662,107975,2.26339e-07,768.083,125705,3.69212e-07,869.267,144088,2.04077e-07,983.76,162277,1e-08,1113.3,179223,1e-08,1259.87,193777,1e-08,1425.68,204839,4.55555e-07,6.2823,3.27286,2.43537,0.219672,6.18826,2.24117,0.56371,6.87772,2.63624,0.308279,6,11,20,6,2,3,0,6,0,2,11,0,2,10,0,10,12,0,5,3,0,3,29,0,5,30,0,2,19,0,4,57,0,10,36,0,13,68,0,17,44,0,17,95,0,21,68,0,10,104,0,27,171,0,40,382,0,16,275,0,30,441,0,64,266,0,94,364,0,25,668,0,43,696,0,77,1877,0,26,1000,0,38,2179,0,51,1181,0,98,6885,0,106,2099,0,58,4315,0,104,5090,0,57,6690,0,126,12723,0,197,8756,0,207,25346,0,156,13602,0,304,31510,0,381,40736,0,460,34101,0,335,21799,0,499,36009,0,163,74031,0,508,38935,0,628,67488,0,269,144727,0,1445,145099,0,1030,179749,0,1414,167227,0,1303,163920,0,703,129734,0,1047,151829,0
-1.05176e+08,1,8.88811e-15,10,1023,0,1.05176e+08,0.528882,1.08665,0.389689,0.145397,0.379329,3.24381,0.161596,0.446195,1.77396,0.159177,1.15e+07,4.49998e+06,6.79999e+06,1.15e+07,4.49997e+06,6.79999e+06,1.15e+07,4.49996e+06,6.79999e+06,1.15e+07,4.49995e+06,6.79999e+06,1.14999e+07,4.49993e+06,6.79999e+06,1.14999e+07,4.49991e+06,6.79999e+06,1.14999e+07,4.49989e+06,6.79999e+06,1.14999e+07,4.49986e+06,6.79999e+06,1.14999e+07,4.49982e+06,6.79999e+06,1.14999e+07,4.49977e+06,6.79999e+06,1.14999e+07,4.49971e+06,6.79999e+06,1.14999e+07,4.49963e+06,6.79999e+06,1.14998e+07,4.49953e+06,6.79999e+06,1.14998e+07,4.49941e+06,6.79999e+06,1.14998e+07,4.49926e+06,6.79999e+06,1.14998e+07,4.49906e+06,6.79999e+06,1.14997e+07,4.49882e+06,6.79999e+06,1.14997e+07,4.49851e+06,6.79999e+06,1.14997e+07,4.49812e+06,6.79999e+06,1.14996e+07,4.49764e+06,6.79999e+06,1.14996e+07,4.49702e+06,6.79999e+06,1.14995e+07,4.49625e+06,6.79999e+06,1.14995e+07,4.49528e+06,6.79999e+06,1.14994e+07,4.49406e+06,6.79999e+06,1.14993e+07,4.49253e+06,6.79999e+06,1.14992e+07,4.49059e+06,6.79999e+06,1.14991e+07,4.48817e+06,6.79999e+06,1.1499e+07,4.48511e+06,6.79999e+06,1.14988e+07,4.48128e+06,6.79999e+06,1.14987e+07,4.47646e+06,6.79999e+06,1.14985e+07,4.47041e+06,6.79999e+06,1.14983e+07,4.46281e+06,6.79999e+06,1.14981e+07,4.4533e+06,6.79999e+06,1.14979e+07,4.44138e+06,6.79999e+06,1.14976e+07,4.42649e+06,6.79999e+06,1.14972e+07,4.40789e+06,6.79999e+06,1.14969e+07,4.38471e+06,6.79999e+06,1.14965e+07,4.35592e+06,6.79999e+06,1.1496e+07,4.32027e+06,6.79999e+06,1.14955e+07,4.27629e+06,6.79999e+06,1.14949e+07,4.22231e+06,6.79999e+06,1.14942e+07,4.15647e+06,6.79999e+06,1.14934e+07,4.07676e+06,6.79999e+06,1.14926e+07,3.98112e+06,6.79999e+06,1.14916e+07,3.86765e+06,6.79999e+06,1.14905e+07,3.73474e+06,6.79999e+06,1.14892e+07,3.58148e+06,6.79999e+06,1.14878e+07,3.40785e+06,6.79999e+06,1.14862e+07,3.21513e+06,6.79999e+06,1.14844e+07,3.00605e+06,6.79999e+06,1.14823e+07,2.7848e+06,6.79999e+06,1.148e+07,2.5568e+06,6.79999e+06,1.14773e+07,2.32825e+06,6.79999e+06,13.5742,8.52444,0.508366,16.8306,13.2585,0.162638,20.0035,17.569,0.0507846,23.2616,22.4214,0.0158319,26.7328,28.3297,0.00493498,30.5212,35.6974,0.00153831,34.7178,44.9473,0.000479527,39.4086,56.5822,0.000149456,44.6796,71.2245,4.66214e-05,50.6209,89.6543,1.45419e-05,57.3297,112.852,4.54748e-06,64.9129,142.051,1.43857e-06,73.4897,178.803,4.36618e-07,83.1934,225.062,1.40153e-07,94.1745,283.286,4.96378e-08,106.602,356.568,1.05434e-07,120.669,448.799,-6.49244e-08,136.59,564.873,1.70148e-07,154.611,710.948,-5.34594e-08,175.008,894.767,1.63407e-07,198.097,1126.06,8.04804e-08,224.231,1417.07,1.14667e-07,253.813,1783.15,-1.71227e-07,287.297,2243.62,-2.88466e-07,325.198,2822.67,-4.33651e-07,368.098,3550.67,7.9318e-08,416.657,4465.65,3.13319e-07,471.621,5615.16,3.4613e-07,533.835,7058.61,-1.19199e-07,604.255,8870.02,-2.79964e-07,683.962,11141.4,-2.30521e-07,774.182,13986.7,-2.55099e-07,876.299,17546.4,1.23585e-07,991.883,21993.1,1.41192e-07,1122.71,27536.7,-9.71886e-08,1270.78,34430.7,-3.68368e-07,1438.38,42977.7,-3.45379e-07,1628.07,53532.7,-3.25328e-09,1842.77,66504.6,2.6362e-07,2085.77,82350.2,2.53445e-07,2360.79,101560,-2.47407e-08,2672.05,124632,-3.80602e-07,3024.31,152018,-4.79005e-07,3422.98,184060,-1.14379e-07,3874.15,220884,2.64297e-07,4384.72,262283,3.44131e-07,4962.49,307576,7.5349e-08,5616.29,355497,-3.63097e-07,6356.1,404126,-6.05442e-07,7193.18,450932,-2.72333e-07,8140.28,492963,2.29675e-07,9211.79,527178,4.3387e-07,10424,550893,-1.0711e-07,10.102,8.06553,2.81012,10.6436,8.57909,0.869423,11.5336,10.2515,0.270869,12.7211,12.7138,0.0844293,14.1823,15.9373,0.0263173,15.9122,20.0383,0.0082035,17.9198,25.2154,0.00255722,20.2244,31.7373,0.000797017,22.8539,39.9486,0.000248622,25.8438,50.2851,7.75492e-05,29.237,63.2963,2.42508e-05,33.0837,79.6738,7.67162e-06,37.4415,100.288,2.32837e-06,42.3767,126.236,7.33e-07,47.9646,158.896,2.79256e-07,54.2906,200.003,9.87351e-09,61.452,251.741,1.61085e-07,69.5585,316.859,-2.47141e-07,78.7347,398.812,8.93552e-08,89.1218,501.948,-2.53231e-07,100.879,631.736,-1.25047e-07,114.188,795.049,-1.78808e-07,129.252,1000.53,2.6733e-07,146.304,1259.03,4.50292e-07,165.605,1584.19,6.76904e-07,187.452,1993.12,-1.23808e-07,212.181,2507.27,-4.89068e-07,240.173,3153.54,-5.40284e-07,271.856,3965.56,1.86061e-07,307.719,4985.38,4.37004e-07,348.313,6265.4,3.59828e-07,394.26,7870.83,3.98192e-07,446.268,9882.51,-1.92908e-07,505.135,12400.3,-2.20392e-07,571.766,15546.9,1.51705e-07,647.184,19472.2,5.74996e-07,732.547,24357.4,5.39112e-07,829.167,30420,5.07815e-09,938.526,37916.3,-4.11492e-07,1062.3,47143.9,-3.9561e-07,1202.4,58439.2,3.86185e-08,1360.96,72169.3,5.94093e-07,1540.42,88715.8,7.47693e-07,1743.53,108445,1.78537e-07,1973.41,131665,-4.12549e-07,2233.57,158557,-5.37164e-07,2528,189103,-1.17615e-07,2861.2,222986,5.66769e-07,3238.27,259510,9.45053e-07,3664.97,297540,4.25093e-07,4147.81,335497,-3.58506e-07,4694.17,371444,-6.7724e-07,5312.37,403256,1.67192e-07,1.61744,3.89446,9.84394,3.28846,7.5504,12.774,5.07607,11.7187,13.6844,7.03202,16.8147,13.9681,9.20215,23.1769,14.0566,11.6301,31.1672,14.0841,14.3598,41.2186,14.0927,17.4376,53.8688,14.0954,20.9137,69.7915,14.0962,24.8432,89.8341,14.0965,29.2879,115.063,14.0966,34.3168,146.819,14.0966,40.0078,186.792,14.0966,46.4487,237.107,14.0966,53.7388,300.44,14.0966,61.9903,380.158,14.0966,71.3301,480.499,14.0966,81.902,606.796,14.0966,93.8685,765.761,14.0966,107.414,965.837,14.0966,122.746,1217.65,14.0966,140.101,1534.57,14.0966,159.745,1933.41,14.0966,181.981,2435.3,14.0966,207.15,3066.85,14.0966,235.64,3861.46,14.0966,267.889,4861.11,14.0966,304.391,6118.54,14.0966,345.709,7699.91,14.0966,392.478,9688.22,14.0966,445.417,12187.5,14.0966,505.339,15327.7,14.0966,573.165,19271.6,14.0966,649.938,24222,14.0966,736.839,30430.9,14.0966,835.202,38211.5,14.0966,946.539,47950.3,14.0966,1072.56,60122.8,14.0966,1215.21,75309.9,14.0966,1376.66,94216.2,14.0966,1559.41,117688,14.0966,1766.26,146729,14.0966,2000.39,182510,14.0966,2265.39,226372,14.0966,2565.33,279806,14.0966,2904.81,344416,14.0966,3289.05,421845,14.0966,3723.93,513667,14.0966,4216.13,621231,14.0966,4773.18,745478,14.0966,5403.64,886744,14.0966,6117.15,1.04457e+06,14.0966,6924.63,1.2176e+06,14.0966,11.7194,11.96,12.6541,13.9321,16.1295,13.6434,16.6097,21.9702,13.9553,19.7532,29.5285,14.0526,23.3844,39.1143,14.0829,27.5423,51.2054,14.0923,32.2796,66.434,14.0953,37.662,85.6061,14.0962,43.7675,109.74,14.0965,50.687,140.119,14.0966,58.5249,178.359,14.0966,67.4005,226.493,14.0966,77.4493,287.08,14.0966,88.8254,363.343,14.0966,101.703,459.336,14.0966,116.281,580.161,14.0966,132.782,732.241,14.0966,151.46,923.655,14.0966,172.603,1164.57,14.0966,196.535,1467.79,14.0966,223.625,1849.39,14.0966,254.288,2329.62,14.0966,288.997,2933.93,14.0966,328.285,3694.33,14.0966,372.755,4651.04,14.0966,423.092,5854.57,14.0966,480.07,7368.38,14.0966,544.564,9272.08,14.0966,617.566,11665.5,14.0966,700.197,14673.6,14.0966,793.729,18452.9,14.0966,899.599,23198.6,14.0966,1019.43,29154.1,14.0966,1155.07,36622.3,14.0966,1308.6,45977.9,14.0966,1482.39,57683.7,14.0966,1679.09,72307.8,14.0966,1901.73,90542.8,14.0966,2153.73,113226,14.0966,2438.97,141360,14.0966,2761.81,176127,14.0966,3127.22,218898,14.0966,3540.81,271226,14.0966,4008.92,334817,14.0966,4538.74,411470,14.0966,5138.38,502973,14.0966,5817.04,610948,14.0966,6585.12,736653,14.0966,7454.39,880741,14.0966,8438.15,1.04302e+06,14.0966,9551.45,1.22224e+06,14.0966,10811.3,1.41602e+06,14.0966,12237,1.62086e+06,14.0966,11.7194,11.96,12.6541,2.21263,4.16949,0.989383,2.67766,5.84076,0.311842,3.14343,7.55825,0.0972771,3.63127,9.58578,0.0303237,4.15787,12.0912,0.00945211,4.73731,15.2286,0.00294633,5.38238,19.1721,0.000918508,6.10553,24.134,0.000286163,6.91951,30.3791,8.92692e-05,7.83792,38.2397,2.78121e-05,8.87555,48.1338,8.65134e-06,10.0489,60.5876,2.7882e-06,11.3761,76.2629,8.29036e-07,12.8779,95.9927,2.4373e-07,14.5775,120.825,4.33068e-09,16.5012,152.08,1.75749e-07,18.6784,191.415,-1.86328e-07,21.1428,240.917,1.91829e-07,23.9322,303.213,-1.81475e-07,27.0895,381.602,7.0186e-08,30.6634,480.231,-2.86769e-08,34.7087,604.316,2.40784e-07,39.2876,760.401,9.87368e-08,44.4705,956.705,1.22263e-07,50.3371,1203.54,-4.31966e-07,56.9776,1513.81,-1.9705e-07,64.494,1903.69,-2.763e-08,73.0018,2393.4,3.9185e-07,82.6317,3008.13,1.35379e-07,93.5318,3779.25,-4.16351e-08,105.869,4745.7,2.06965e-08,119.834,5955.6,-3.18887e-07,135.641,7468.12,-1.48271e-08,153.531,9355.62,2.00739e-07,173.781,11705.8,2.28358e-07,196.701,14624.1,-1.93587e-08,222.642,18235,-2.88101e-07,252.003,22683.4,-2.24732e-07,285.234,28134,8.56806e-09,322.845,34767,2.34258e-07,365.413,42770.9,2.99668e-07,413.588,52327.9,8.28644e-08,468.111,63591.2,-3.07049e-07,529.814,76653.2,-3.1888e-07,599.642,91502.5,-6.72276e-08,678.662,107975,2.26339e-07,768.083,125705,3.69212e-07,869.267,144088,2.04077e-07,983.76,162277,-2.80509e-07,1113.3,179223,-4.22737e-07,1259.87,193777,-1.71951e-07,1425.68,204839,4.55555e-07,11.7194,11.96,12.6541,2.21263,4.16949,0.989383,2.67766,5.84076,0.311842,3.14343,7.55825,0.0972771,3.63127,9.58578,0.0303237,4.15787,12.0912,0.00945211,4.73731,15.2286,0.00294633,5.38238,19.1721,0.000918508,6.10553,24.134,0.000286163,6.91951,30.3791,8.92692e-05,7.83792,38.2397,2.78121e-05,8.87555,48.1338,8.65134e-06,10.0489,60.5876,2.7882e-06,11.3761,76.2629,8.29036e-07,12.8779,95.9927,2.4373e-07,14.5775,120.825,1e-08,16.5012,152.08,1.75749e-07,18.6784,191.415,1e-08,21.1428,240.917,1.91829e-07,23.9322,303.213,1e-08,27.0895,381.602,7.0186e-08,30.6634,480.231,1e-08,34.7087,604.316,2.40784e-07,39.2876,760.401,9.87368e-08,44.4705,956.705,1.22263e-07,50.3371,1203.54,1e-08,56.9776,1513.81,1e-08,64.494,1903.69,1e-08,73.0018,2393.4,3.9185e-07,82.6317,3008.13,1.35379e-07,93.5318,3779.25,1e-08,105.869,4745.7,2.06965e-08,119.834,5955.6,1e-08,135.641,7468.12,1e-08,153.531,9355.62,2.00739e-07,173.781,11705.8,2.28358e-07,196.701,14624.1,1e-08,222.642,18235,1e-08,252.003,22683.4,1e-08,285.234,28134,1e-08,322.845,34767,2.34258e-07,365.413,42770.9,2.99668e-07,413.588,52327.9,8.28644e-08,468.111,63591.2,1e-08,529.814,76653.2,1e-08,599.642,91502.5,1e-08,678.662,107975,2.26339e-07,768.083,125705,3.69212e-07,869.267,144088,2.04077e-07,983.76,162277,1e-08,1113.3,179223,1e-08,1259.87,193777,1e-08,1425.68,204839,4.55555e-07,6.2823,3.27286,2.43537,0.219672,6.18826,2.24117,0.56371,6.87772,2.63624,0.308279,12,4,7,5,5,1,0,3,0,3,2,0,1,8,0,2,7,0,3,9,0,2,6,0,10,27,0,9,21,0,2,48,0,6,23,0,13,65,0,10,84,0,19,67,0,7,100,0,17,128,0,35,237,0,16,109,0,10,129,0,31,250,0,20,262,0,38,492,0,54,652,0,18,953,0,44,1120,0,40,692,0,27,1090,0,72,1724,0,83,6187,0,99,2923,0,113,2651,0,144,3894,0,105,9185,0,94,9118,0,175,9270,0,432,13595,0,154,7798,0,342,15627,0,777,20333,0,113,14224,0,201,37670,0,112,59245,0,554,78675,0,479,60954,0,434,96753,0,596,64249,0,659,163019,0,597,40779,0,1318,123775,0,630,253479,0,1133,184394,0,1948,262964,0
-1.05176e+08,1,8.88811e-15,10,1023,0,1.05176e+08,0.528882,1.08665,0.389689,0.145397,0.379329,3.24381,0.161596,0.446195,1.77396,0.159177,1.15e+07,4.49998e+06,6.79999e+06,1.15e+07,4.49997e+06,6.79999e+06,1.15e+07,4.49996e+06,6.79999e+06,1.15e+07,4.49995e+06,6.79999e+06,1.14999e+07,4.49993e+06,6.79999e+06,1.14999e+07,4.49991e+06,6.79999e+06,1.14999e+07,4.49989e+06,6.79999e+06,1.14999e+07,4.49986e+06,6.79999e+06,1.14999e+07,4.49982e+06,6.79999e+06,1.14999e+07,4.49977e+06,6.79999e+06,1.14999e+07,4.49971e+06,6.79999e+06,1.14999e+07,4.49963e+06,6.79999e+06,1.14998e+07,4.49953e+06,6.79999e+06,1.14998e+07,4.49941e+06,6.79999e+06,1.14998e+07,4.49926e+06,6.79999e+06,1.14998e+07,4.49906e+06,6.79999e+06,1.14997e+07,4.49882e+06,6.79999e+06,1.14997e+07,4.49851e+06,6.79999e+06,1.14997e+07,4.49812e+06,6.79999e+06,1.14996e+07,4.49764e+06,6.79999e+06,1.14996e+07,4.49702e+06,6.79999e+06,1.14995e+07,4.49625e+06,6.79999e+06,1.14995e+07,4.49528e+06,6.79999e+06,1.14994e+07,4.49406e+06,6.79999e+06,1.14993e+07,4.49253e+06,6.79999e+06,1.14992e+07,4.49059e+06,6.79999e+06,1.14991e+07,4.48817e+06,6.79999e+06,1.1499e+07,4.48511e+06,6.79999e+06,1.14988e+07,4.48128e+06,6.79999e+06,1.14987e+07,4.47646e+06,6.79999e+06,1.14985e+07,4.47041e+06,6.79999e+06,1.14983e+07,4.46281e+06,6.79999e+06,1.14981e+07,4.4533e+06,6.79999e+06,1.14979e+07,4.44138e+06,6.79999e+06,1.14976e+07,4.42649e+06,6.79999e+06,1.14972e+07,4.40789e+06,6.79999e+06,1.14969e+07,4.38471e+06,6.79999e+06,1.14965e+07,4.35592e+06,6.79999e+06,1.1496e+07,4.32027e+06,6.79999e+06,1.14955e+07,4.27629e+06,6.79999e+06,1.14949e+07,4.22231e+06,6.79999e+06,1.14942e+07,4.15647e+06,6.79999e+06,1.14934e+07,4.07676e+06,6.79999e+06,1.14926e+07,3.98112e+06,6.79999e+06,1.14916e+07,3.86765e+06,6.79999e+06,1.14905e+07,3.73474e+06,6.79999e+06,1.14892e+07,3.58148e+06,6.79999e+06,1.14878e+07,3.40785e+06,6.79999e+06,1.14862e+07,3.21513e+06,6.79999e+06,1.14844e+07,3.00605e+06,6.79999e+06,1.14823e+07,2.7848e+06,6.79999e+06,1.148e+07,2.5568e+06,6.79999e+06,1.14773e+07,2.32825e+06,6.79999e+06,13.5742,8.52444,0.508366,16.8306,13.2585,0.162638,20.0035,17.569,0.0507846,23.2616,22.4214,0.0158319,26.7328,28.3297,0.00493498,30.5212,35.6974,0.00153831,34.7178,44.9473,0.000479527,39.4086,56.5822,0.000149456,44.6796,71.2245,4.66214e-05,50.6209,89.6543,1.45419e-05,57.3297,112.852,4.54748e-06,64.9129,142.051,1.43857e-06,73.4897,178.803,4.36618e-07,83.1934,225.062,1.40153e-07,94.1745,283.286,4.96378e-08,106.602,356.568,1.05434e-07,120.669,448.799,-6.49244e-08,136.59,564.873,1.70148e-07,154.611,710.948,-5.34594e-08,175.008,894.767,1.63407e-07,198.097,1126.06,8.04804e-08,224.231,1417.07,1.14667e-07,253.813,1783.15,-1.71227e-07,287.297,2243.62,-2.88466e-07,325.198,2822.67,-4.33651e-07,368.098,3550.67,7.9318e-08,416.657,4465.65,3.13319e-07,471.621,5615.16,3.4613e-07,533.835,7058.61,-1.19199e-07,604.255,8870.02,-2.79964e-07,683.962,11141.4,-2.30521e-07,774.182,13986.7,-2.55099e-07,876.299,17546.4,1.23585e-07,991.883,21993.1,1.41192e-07,1122.71,27536.7,-9.71886e-08,1270.78,34430.7,-3.68368e-07,1438.38,42977.7,-3.45379e-07,1628.07,53532.7,-3.25328e-09,1842.77,66504.6,2.6362e-07,2085.77,82350.2,2.53445e-07,2360.79,101560,-2.47407e-08,2672.05,124632,-3.80602e-07,3024.31,152018,-4.79005e-07,3422.98,184060,-1.14379e-07,3874.15,220884,2.64297e-07,4384.72,262283,3.44131e-07,4962.49,307576,7.5349e-08,5616.29,355497,-3.63097e-07,6356.1,404126,-6.05442e-07,7193.18,450932,-2.72333e-07,8140.28,492963,2.29675e-07,9211.79,527178,4.3387e-07,10424,550893,-1.0711e-07,10.102,8.06553,2.81012,10.6436,8.57909,0.869423,11.5336,10.2515,0.270869,12.7211,12.7138,0.0844293,14.1823,15.9373,0.0263173,15.9122,20.0383,0.0082035,17.9198,25.2154,0.00255722,20.2244,31.7373,0.000797017,22.8539,39.9486,0.000248622,25.8438,50.2851,7.75492e-05,29.237,63.2963,2.42508e-05,33.0837,79.6738,7.67162e-06,37.4415,100.288,2.32837e-06,42.3767,126.236,7.33e-07,47.9646,158.896,2.79256e-07,54.2906,200.003,9.87351e-09,61.452,251.741,1.61085e-07,69.5585,316.859,-2.47141e-07,78.7347,398.812,8.93552e-08,89.1218,501.948,-2.53231e-07,100.879,631.736,-1.25047e-07,114.188,795.049,-1.78808e-07,129.252,1000.53,2.6733e-07,146.304,1259.03,4.50292e-07,165.605,1584.19,6.76904e-07,187.452,1993.12,-1.23808e-07,212.181,2507.27,-4.89068e-07,240.173,3153.54,-5.40284e-07,271.856,3965.56,1.86061e-07,307.719,4985.38,4.37004e-07,348.313,6265.4,3.59828e-07,394.26,7870.83,3.98192e-07,446.268,9882.51,-1.92908e-07,505.135,12400.3,-2.20392e-07,571.766,15546.9,1.51705e-07,647.184,19472.2,5.74996e-07,732.547,24357.4,5.39112e-07,829.167,30420,5.07815e-09,938.526,37916.3,-4.11492e-07,1062.3,47143.9,-3.9561e-07,1202.4,58439.2,3.86185e-08,1360.96,72169.3,5.94093e-07,1540.42,88715.8,7.47693e-07,1743.53,108445,1.78537e-07,1973.41,131665,-4.12549e-07,2233.57,158557,-5.37164e-07,2528,189103,-1.17615e-07,2861.2,222986,5.66769e-07,3238.27,259510,9.45053e-07,3664.97,297540,4.25093e-07,4147.81,335497,-3.58506e-07,4694.17,371444,-6.7724e-07,5312.37,403256,1.67192e-07,1.61744,3.89446,9.84394,3.28846,7.5504,12.774,5.07607,11.7187,13.6844,7.03202,16.8147,13.9681,9.20215,23.1769,14.0566,11.6301,31.1672,14.0841,14.3598,41.2186,14.0927,17.4376,53.8688,14.0954,20.9137,69.7915,14.0962,24.8432,89.8341,14.0965,29.2879,115.063,14.0966,34.3168,146.819,14.0966,40.0078,186.792,14.0966,46.4487,237.107,14.0966,53.7388,300.44,14.0966,61.9903,380.158,14.0966,71.3301,480.499,14.0966,81.902,606.796,14.0966,93.8685,765.761,14.0966,107.414,965.837,14.0966,122.746,1217.65,14.0966,140.101,1534.57,14.0966,159.745,1933.41,14.0966,181.981,2435.3,14.0966,207.15,3066.85,14.0966,235.64,3861.46,14.0966,267.889,4861.11,14.0966,304.391,6118.54,14.0966,345.709,7699.91,14.0966,392.478,9688.22,14.0966,445.417,12187.5,14.0966,505.339,15327.7,14.0966,573.165,19271.6,14.0966,649.938,24222,14.0966,736.839,30430.9,14.0966,835.202,38211.5,14.0966,946.539,47950.3,14.0966,1072.56,60122.8,14.0966,1215.21,75309.9,14.0966,1376.66,94216.2,14.0966,1559.41,117688,14.0966,1766.26,146729,14.0966,2000.39,182510,14.0966,2265.39,226372,14.0966,2565.33,279806,14.0966,2904.81,344416,14.0966,3289.05,421845,14.0966,3723.93,513667,14.0966,4216.13,621231,14.0966,4773.18,745478,14.0966,5403.64,886744,14.0966,6117.15,1.04457e+06,14.0966,6924.63,1.2176e+06,14.0966,11.7194,11.96,12.6541,13.9321,16.1295,13.6434,16.6097,21.9702,13.9553,19.7532,29.5285,14.0526,23.3844,39.1143,14.0829,27.5423,51.2054,14.0923,32.2796,66.434,14.0953,37.662,85.6061,14.0962,43.7675,109.74,14.0965,50.687,140.119,14.0966,58.5249,178.359,14.0966,67.4005,226.493,14.0966,77.4493,287.08,14.0966,88.8254,363.343,14.0966,101.703,459.336,14.0966,116.281,580.161,14.0966,132.782,732.241,14.0966,151.46,923.655,14.0966,172.603,1164.57,14.0966,196.535,1467.79,14.0966,223.625,1849.39,14.0966,254.288,2329.62,14.0966,288.997,2933.93,14.0966,328.285,3694.33,14.0966,372.755,4651.04,14.0966,423.092,5854.57,14.0966,480.07,7368.38,14.0966,544.564,9272.08,14.0966,617.566,11665.5,14.0966,700.197,14673.6,14.0966,793.729,18452.9,14.0966,899.599,23198.6,14.0966,1019.43,29154.1,14.0966,1155.07,36622.3,14.0966,1308.6,45977.9,14.0966,1482.39,57683.7,14.0966,1679.09,72307.8,14.0966,1901.73,90542.8,14.0966,2153.73,113226,14.0966,2438.97,141360,14.0966,2761.81,176127,14.0966,3127.22,218898,14.0966,3540.81,271226,14.0966,4008.92,334817,14.0966,4538.74,411470,14.0966,5138.38,502973,14.0966,5817.04,610948,14.0966,6585.12,736653,14.0966,7454.39,880741,14.0966,8438.15,1.04302e+06,14.0966,9551.45,1.22224e+06,14.0966,10811.3,1.41602e+06,14.0966,12237,1.62086e+06,14.0966,11.7194,11.96,12.6541,2.21263,4.16949,0.989383,2.67766,5.84076,0.311842,3.14343,7.55825,0.0972771,3.63127,9.58578,0.0303237,4.15787,12.0912,0.00945211,4.73731,15.2286,0.00294633,5.38238,19.1721,0.000918508,6.10553,24.134,0.000286163,6.91951,30.3791,8.92692e-05,7.83792,38.2397,2.78121e-05,8.87555,48.1338,8.65134e-06,10.0489,60.5876,2.7882e-06,11.3761,76.2629,8.29036e-07,12.8779,95.9927,2.4373e-07,14.5775,120.825,4.33068e-09,16.5012,152.08,1.75749e-07,18.6784,191.415,-1.86328e-07,21.1428,240.917,1.91829e-07,23.9322,303.213,-1.81475e-07,27.0895,381.602,7.0186e-08,30.6634,480.231,-2.86769e-08,34.7087,604.316,2.40784e-07,39.2876,760.401,9.87368e-08,44.4705,956.705,1.22263e-07,50.3371,1203.54,-4.31966e-07,56.9776,1513.81,-1.9705e-07,64.494,1903.69,-2.763e-08,73.0018,2393.4,3.9185e-07,82.6317,3008.13,1.35379e-07,93.5318,3779.25,-4.16351e-08,105.869,4745.7,2.06965e-08,119.834,5955.6,-3.18887e-07,135.641,7468.12,-1.48271e-08,153.531,9355.62,2.00739e-07,173.781,11705.8,2.28358e-07,196.701,14624.1,-1.93587e-08,222.642,18235,-2.88101e-07,252.003,22683.4,-2.24732e-07,285.234,28134,8.56806e-09,322.845,34767,2.34258e-07,365.413,42770.9,2.99668e-07,413.588,52327.9,8.28644e-08,468.111,63591.2,-3.07049e-07,529.814,76653.2,-3.1888e-07,599.642,91502.5,-6.72276e-08,678.662,107975,2.26339e-07,768.083,125705,3.69212e-07,869.267,144088,2.04077e-07,983.76,162277,-2.80509e-07,1113.3,179223,-4.22737e-07,1259.87,193777,-1.71951e-07,1425.68,204839,4.55555e-07,11.7194,11.96,12.6541,2.21263,4.16949,0.989383,2.67766,5.84076,0.311842,3.14343,7.55825,0.0972771,3.63127,9.58578,0.0303237,4.15787,12.0912,0.00945211,4.73731,15.2286,0.00294633,5.38238,19.1721,0.000918508,6.10553,24.134,0.000286163,6.91951,30.3791,8.92692e-05,7.83792,38.2397,2.78121e-05,8.87555,48.1338,8.65134e-06,10.0489,60.5876,2.7882e-06,11.3761,76.2629,8.29036e-07,12.8779,95.9927,2.4373e-07,14.5775,120.825,1e-08,16.5012,152.08,1.75749e-07,18.6784,191.415,1e-08,21.1428,240.917,1.91829e-07,23.9322,303.213,1e-08,27.0895,381.602,7.0186e-08,30.6634,480.231,1e-08,34.7087,604.316,2.40784e-07,39.2876,760.401,9.87368e-08,44.4705,956.705,1.22263e-07,50.3371,1203.54,1e-08,56.9776,1513.81,1e-08,64.494,1903.69,1e-08,73.0018,2393.4,3.9185e-07,82.6317,3008.13,1.35379e-07,93.5318,3779.25,1e-08,105.869,4745.7,2.06965e-08,119.834,5955.6,1e-08,135.641,7468.12,1e-08,153.531,9355.62,2.00739e-07,173.781,11705.8,2.28358e-07,196.701,14624.1,1e-08,222.642,18235,1e-08,252.003,22683.4,1e-08,285.234,28134,1e-08,322.845,34767,2.34258e-07,365.413,42770.9,2.99668e-07,413.588,52327.9,8.28644e-08,468.111,63591.2,1e-08,529.814,76653.2,1e-08,599.642,91502.5,1e-08,678.662,107975,2.26339e-07,768.083,125705,3.69212e-07,869.267,144088,2.04077e-07,983.76,162277,1e-08,1113.3,179223,1e-08,1259.87,193777,1e-08,1425.68,204839,4.55555e-07,6.2823,3.27286,2.43537,0.219672,6.18826,2.24117,0.56371,6.87772,2.63624,0.308279,21,8,15,2,2,0,2,12,0,3,9,0,6,6,0,2,8,0,2,16,0,6,9,0,8,22,0,5,13,0,9,28,0,8,48,0,17,53,0,11,66,0,10,138,0,11,65,0,22,57,0,19,188,0,22,185,0,25,261,0,26,221,0,15,237,0,42,391,0,45,1055,0,12,1309,0,65,1189,0,37,1615,0,88,1594,0,130,2610,0,54,2993,0,118,2761,0,137,2900,0,124,6327,0,189,11230,0,184,3651,0,90,11893,0,276,15734,0,241,38840,0,204,26686,0,205,25399,0,189,52341,0,267,7217,0,687,83628,0,212,78263,0,419,77650,0,195,71321,0,627,44759,0,935,97431,0,569,87042,0,965,222150,0,874,157296,0,1642,156514,0,1410,156915,0
-1.05176e+08,1,8.88811e-15,10,1023,0,1.05176e+08,0.528882,1.08665,0.389689,0.145397,0.379329,3.24381,0.161596,0.446195,1.77396,0.159177,1.15e+07,4.49998e+06,6.79999e+06,1.15e+07,4.49997e+06,6.79999e+06,1.15e+07,4.49996e+06,6.79999e+06,1.15e+07,4.49995e+06,6.79999e+06,1.14999e+07,4.49993e+06,6.79999e+06,1.14999e+07,4.49991e+06,6.79999e+06,1.14999e+07,4.49989e+06,6.79999e+06,1.14999e+07,4.49986e+06,6.79999e+06,1.14999e+07,4.49982e+06,6.79999e+06,1.14999e+07,4.49977e+06,6.79999e+06,1.14999e+07,4.49971e+06,6.79999e+06,1.14999e+07,4.49963e+06,6.79999e+06,1.14998e+07,4.49953e+06,6.79999e+06,1.14998e+07,4.49941e+06,6.79999e+06,1.14998e+07,4.49926e+06,6.79999e+06,1.14998e+07,4.49906e+06,6.79999e+06,1.14997e+07,4.49882e+06,6.79999e+06,1.14997e+07,4.49851e+06,6.79999e+06,1.14997e+07,4.49812e+06,6.79999e+06,1.14996e+07,4.49764e+06,6.79999e+06,1.14996e+07,4.49702e+06,6.79999e+06,1.14995e+07,4.49625e+06,6.79999e+06,1.14995e+07,4.49528e+06,6.79999e+06,1.14994e+07,4.49406e+06,6.79999e+06,1.14993e+07,4.49253e+06,6.79999e+06,1.14992e+07,4.49059e+06,6.79999e+06,1.14991e+07,4.48817e+06,6.79999e+06,1.1499e+07,4.48511e+06,6.79999e+06,1.14988e+07,4.48128e+06,6.79999e+06,1.14987e+07,4.47646e+06,6.79999e+06,1.14985e+07,4.47041e+06,6.79999e+06,1.14983e+07,4.46281e+06,6.79999e+06,1.14981e+07,4.4533e+06,6.79999e+06,1.14979e+07,4.44138e+06,6.79999e+06,1.14976e+07,4.42649e+06,6.79999e+06,1.14972e+07,4.40789e+06,6.79999e+06,1.14969e+07,4.38471e+06,6.79999e+06,1.14965e+07,4.35592e+06,6.79999e+06,1.1496e+07,4.32027e+06,6.79999e+06,1.14955e+07,4.27629e+06,6.79999e+06,1.14949e+07,4.22231e+06,6.79999e+06,1.14942e+07,4.15647e+06,6.79999e+06,1.14934e+07,4.07676e+06,6.79999e+06,1.14926e+07,3.98112e+06,6.79999e+06,1.14916e+07,3.86765e+06,6.79999e+06,1.14905e+07,3.73474e+06,6.79999e+06,1.14892e+07,3.58148e+06,6.79999e+06,1.14878e+07,3.40785e+06,6.79999e+06,1.14862e+07,3.21513e+06,6.79999e+06,1.14844e+07,3.00605e+06,6.79999e+06,1.14823e+07,2.7848e+06,6.79999e+06,1.148e+07,2.5568e+06,6.79999e+06,1.14773e+07,2.32825e+06,6.79999e+06,13.5742,8.52444,0.508366,16.8306,13.2585,0.162638,20.0035,17.569,0.0507846,23.2616,22.4214,0.0158319,26.7328,28.3297,0.00493498,30.5212,35.6974,0.00153831,34.7178,44.9473,0.000479527,39.4086,56.5822,0.000149456,44.6796,71.2245,4.66214e-05,50.6209,89.6543,1.45419e-05,57.3297,112.852,4.54748e-06,64.9129,142.051,1.43857e-06,73.4897,178.803,4.36618e-07,83.1934,225.062,1.40153e-07,94.1745,283.286,4.96378e-08,106.602,356.568,1.05434e-07,120.669,448.799,-6.49244e-08,136.59,564.873,1.70148e-07,154.611,710.948,-5.34594e-08,175.008,894.767,1.63407e-07,198.097,1126.06,8.04804e-08,224.231,1417.07,1.14667e-07,253.813,1783.15,-1.71227e-07,287.297,2243.62,-2.88466e-07,325.198,2822.67,-4.33651e-07,368.098,3550.67,7.9318e-08,416.657,4465.65,3.13319e-07,471.621,5615.16,3.4613e-07,533.835,7058.61,-1.19199e-07,604.255,8870.02,-2.79964e-07,683.962,11141.4,-2.30521e-07,774.182,13986.7,-2.55099e-07,876.299,17546.4,1.23585e-07,991.883,21993.1,1.41192e-07,1122.71,27536.7,-9.71886e-08,1270.78,34430.7,-3.68368e-07,1438.38,42977.7,-3.45379e-07,1628.07,53532.7,-3.25328e-09,1842.77,66504.6,2.6362e-07,2085.77,82350.2,2.53445e-07,2360.79,101560,-2.47407e-08,2672.05,124632,-3.80602e-07,3024.31,152018,-4.79005e-07,3422.98,184060,-1.14379e-07,3874.15,220884,2.64297e-07,4384.72,262283,3.44131e-07,4962.49,307576,7.5349e-08,5616.29,355497,-3.63097e-07,6356.1,404126,-6.05442e-07,7193.18,450932,-2.72333e-07,8140.28,492963,2.29675e-07,9211.79,527178,4.3387e-07,10424,550893,-1.0711e-07,10.102,8.06553,2.81012,10.6436,8.57909,0.869423,11.5336,10.2515,0.270869,12.7211,12.7138,0.0844293,14.1823,15.9373,0.0263173,15.9122,20.0383,0.0082035,17.9198,25.2154,0.00255722,20.2244,31.7373,0.000797017,22.8539,39.9486,0.000248622,25.8438,50.2851,7.75492e-05,29.237,63.2963,2.42508e-05,33.0837,79.6738,7.67162e-06,37.4415,100.288,2.32837e-06,42.3767,126.236,7.33e-07,47.9646,158.896,2.79256e-07,54.2906,200.003,9.87351e-09,61.452,251.741,1.61085e-07,69.5585,316.859,-2.47141e-07,78.7347,398.812,8.93552e-08,89.1218,501.948,-2.53231e-07,100.879,631.736,-1.25047e-07,114.188,795.049,-1.78808e-07,129.252,1000.53,2.6733e-07,146.304,1259.03,4.50292e-07,165.605,1584.19,6.76904e-07,187.452,1993.12,-1.23808e-07,212.181,2507.27,-4.89068e-07,240.173,3153.54,-5.40284e-07,271.856,3965.56,1.86061e-07,307.719,4985.38,4.37004e-07,348.313,6265.4,3.59828e-07,394.26,7870.83,3.98192e-07,446.268,9882.51,-1.92908e-07,505.135,12400.3,-2.20392e-07,571.766,15546.9,1.51705e-07,647.184,19472.2,5.74996e-07,732.547,24357.4,5.39112e-07,829.167,30420,5.07815e-09,938.526,37916.3,-4.11492e-07,1062.3,47143.9,-3.9561e-07,1202.4,58439.2,3.86185e-08,1360.96,72169.3,5.94093e-07,1540.42,88715.8,7.47693e-07,1743.53,108445,1.78537e-07,1973.41,131665,-4.12549e-07,2233.57,158557,-5.37164e-07,2528,189103,-1.17615e-07,2861.2,222986,5.66769e-07,3238.27,259510,9.45053e-07,3664.97,297540,4.25093e-07,4147.81,335497,-3.58506e-07,4694.17,371444,-6.7724e-07,5312.37,403256,1.67192e-07,1.61744,3.89446,9.84394,3.28846,7.5504,12.774,5.07607,11.7187,13.6844,7.03202,16.8147,13.9681,9.20215,23.1769,14.0566,11.6301,31.1672,14.0841,14.3598,41.2186,14.0927,17.4376,53.8688,14.0954,20.9137,69.7915,14.0962,24.8432,89.8341,14.0965,29.2879,115.063,14.0966,34.3168,146.819,14.0966,40.0078,186.792,14.0966,46.4487,237.107,14.0966,53.7388,300.44,14.0966,61.9903,380.158,14.0966,71.3301,480.499,14.0966,81.902,606.796,14.0966,93.8685,765.761,14.0966,107.414,965.837,14.0966,122.746,1217.65,14.0966,140.101,1534.57,14.0966,159.745,1933.41,14.0966,181.981,2435.3,14.0966,207.15,3066.85,14.0966,235.64,3861.46,14.0966,267.889,4861.11,14.0966,304.391,6118.54,14.0966,345.709,7699.91,14.0966,392.478,9688.22,14.0966,445.417,12187.5,14.0966,505.339,15327.7,14.0966,573.165,19271.6,14.0966,649.938,24222,14.0966,736.839,30430.9,14.0966,835.202,38211.5,14.0966,946.539,47950.3,14.0966,1072.56,60122.8,14.0966,1215.21,75309.9,14.0966,1376.66,94216.2,14.0966,1559.41,117688,14.0966,1766.26,146729,14.0966,2000.39,182510,14.0966,2265.39,226372,14.0966,2565.33,279806,14.0966,2904.81,344416,14.0966,3289.05,421845,14.0966,3723.93,513667,14.0966,4216.13,621231,14.0966,4773.18,745478,14.0966,5403.64,886744,14.0966,6117.15,1.04457e+06,14.0966,6924.63,1.2176e+06,14.0966,11.7194,11.96,12.6541,13.9321,16.1295,13.6434,16.6097,21.9702,13.9553,19.7532,29.5285,14.0526,23.3844,39.1143,14.0829,27.5423,51.2054,14.0923,32.2796,66.434,14.0953,37.662,85.6061,14.0962,43.7675,109.74,14.0965,50.687,140.119,14.0966,58.5249,178.359,14.0966,67.4005,226.493,14.0966,77.4493,287.08,14.0966,88.8254,363.343,14.0966,101.703,459.336,14.0966,116.281,580.161,14.0966,132.782,732.241,14.0966,151.46,923.655,14.0966,172.603,1164.57,14.0966,196.535,1467.79,14.0966,223.625,1849.39,14.0966,254.288,2329.62,14.0966,288.997,2933.93,14.0966,328.285,3694.33,14.0966,372.755,4651.04,14.0966,423.092,5854.57,14.0966,480.07,7368.38,14.0966,544.564,9272.08,14.0966,617.566,11665.5,14.0966,700.197,14673.6,14.0966,793.729,18452.9,14.0966,899.599,23198.6,14.0966,1019.43,29154.1,14.0966,1155.07,36622.3,14.0966,1308.6,45977.9,14.0966,1482.39,57683.7,14.0966,1679.09,72307.8,14.0966,1901.73,90542.8,14.0966,2153.73,113226,14.0966,2438.97,141360,14.0966,2761.81,176127,14.0966,3127.22,218898,14.0966,3540.81,271226,14.0966,4008.92,334817,14.0966,4538.74,411470,14.0966,5138.38,502973,14.0966,5817.04,610948,14.0966,6585.12,736653,14.0966,7454.39,880741,14.0966,8438.15,1.04302e+06,14.0966,9551.45,1.22224e+06,14.0966,10811.3,1.41602e+06,14.0966,12237,1.62086e+06,14.0966,11.7194,11.96,12.6541,2.21263,4.16949,0.989383,2.67766,5.84076,0.311842,3.14343,7.55825,0.0972771,3.63127,9.58578,0.0303237,4.15787,12.0912,0.00945211,4.73731,15.2286,0.00294633,5.38238,19.1721,0.000918508,6.10553,24.134,0.000286163,6.91951,30.3791,8.92692e-05,7.83792,38.2397,2.78121e-05,8.87555,48.1338,8.65134e-06,10.0489,60.5876,2.7882e-06,11.3761,76.2629,8.29036e-07,12.8779,95.9927,2.4373e-07,14.5775,120.825,4.33068e-09,16.5012,152.08,1.75749e-07,18.6784,191.415,-1.86328e-07,21.1428,240.917,1.91829e-07,23.9322,303.213,-1.81475e-07,27.0895,381.602,7.0186e-08,30.6634,480.231,-2.86769e-08,34.7087,604.316,2.40784e-07,39.2876,760.401,9.87368e-08,44.4705,956.705,1.22263e-07,50.3371,1203.54,-4.31966e-07,56.9776,1513.81,-1.9705e-07,64.494,1903.69,-2.763e-08,73.0018,2393.4,3.9185e-07,82.6317,3008.13,1.35379e-07,93.5318,3779.25,-4.16351e-08,105.869,4745.7,2.06965e-08,119.834,5955.6,-3.18887e-07,135.641,7468.12,-1.48271e-08,153.531,9355.62,2.00739e-07,173.781,11705.8,2.28358e-07,196.701,14624.1,-1.93587e-08,222.642,18235,-2.88101e-07,252.003,22683.4,-2.24732e-07,285.234,28134,8.56806e-09,322.845,34767,2.34258e-07,365.413,42770.9,2.99668e-07,413.588,52327.9,8.28644e-08,468.111,63591.2,-3.07049e-07,529.814,76653.2,-3.1888e-07,599.642,91502.5,-6.72276e-08,678.662,107975,2.26339e-07,768.083,125705,3.69212e-07,869.267,144088,2.04077e-07,983.76,162277,-2.80509e-07,1113.3,179223,-4.22737e-07,1259.87,193777,-1.71951e-07,1425.68,204839,4.55555e-07,11.7194,11.96,12.6541,2.21263,4.16949,0.989383,2.67766,5.84076,0.311842,3.14343,7.55825,0.0972771,3.63127,9.58578,0.0303237,4.15787,12.0912,0.00945211,4.73731,15.2286,0.00294633,5.38238,19.1721,0.000918508,6.10553,24.134,0.000286163,6.91951,30.3791,8.92692e-05,7.83792,38.2397,2.78121e-05,8.87555,48.1338,8.65134e-06,10.0489,60.5876,2.7882e-06,11.3761,76.2629,8.29036e-07,12.8779,95.9927,2.4373e-07,14.5775,120.825,1e-08,16.5012,152.08,1.75749e-07,18.6784,191.415,1e-08,21.1428,240.917,1.91829e-07,23.9322,303.213,1e-08,27.0895,381.602,7.0186e-08,30.6634,480.231,1e-08,34.7087,604.316,2.40784e-07,39.2876,760.401,9.87368e-08,44.4705,956.705,1.22263e-07,50.3371,1203.54,1e-08,56.9776,1513.81,1e-08,64.494,1903.69,1e-08,73.0018,2393.4,3.9185e-07,82.6317,3008.13,1.35379e-07,93.5318,3779.25,1e-08,105.869,4745.7,2.06965e-08,119.834,5955.6,1e-08,135.641,7468.12,1e-08,153.531,9355.62,2.00739e-07,173.781,11705.8,2.28358e-07,196.701,14624.1,1e-08,222.642,18235,1e-08,252.003,22683.4,1e-08,285.234,28134,1e-08,322.845,34767,2.34258e-07,365.413,42770.9,2.99668e-07,413.588,52327.9,8.28644e-08,468.111,63591.2,1e-08,529.814,76653.2,1e-08,599.642,91502.5,1e-08,678.662,107975,2.26339e-07,768.083,125705,3.69212e-07,869.267,144088,2.04077e-07,983.76,162277,1e-08,1113.3,179223,1e-08,1259.87,193777,1e-08,1425.68,204839,4.55555e-07,6.2823,3.27286,2.43537,0.219672,6.18826,2.24117,0.56371,6.87772,2.63624,0.308279,12,6,7,1,1,1,1,2,0,2,4,1,4,3,0,5,14,0,1,11,0,0,28,0,5,23,0,8,36,0,7,23,0,11,29,0,5,24,0,13,91,0,13,87,0,23,83,0,16,76,0,33,208,0,20,162,0,24,86,0,16,489,0,21,348,0,52,506,0,41,865,0,39,885,0,25,1273,0,58,1552,0,56,2022,0,14,3392,0,103,3658,0,45,4798,0,61,2270,0,29,8165,0,148,5322,0,128,6080,0,344,12531,0,258,10448,0,152,31779,0,405,21493,0,134,25587,0,311,47076,0,373,32452,0,198,41871,0,237,48315,0,279,54839,0,568,55491,0,353,50453,0,840,40129,0,280,122165,0,660,203128,0,1516,128159,0,1296,221368,0,1504,298629,0
-1.05176e+08,1,8.88811e-15,10,1023,0,1.05176e+08,0.528882,1.08665,0.389689,0.145397,0.379329,3.24381,0.161596,0.446195,1.77396,0.159177,1.15e+07,4.49998e+06,6.79999e+06,1.15e+07,4.49997e+06,6.79999e+06,1.15e+07,4.49996e+06,6.79999e+06,1.15e+07,4.49995e+06,6.79999e+06,1.14999e+07,4.49993e+06,6.79999e+06,1.14999e+07,4.49991e+06,6.79999e+06,1.14999e+07,4.49989e+06,6.79999e+06,1.14999e+07,4.49986e+06,6.79999e+06,1.14999e+07,4.49982e+06,6.79999e+06,1.14999e+07,4.49977e+06,6.79999e+06,1.14999e+07,4.49971e+06,6.79999e+06,1.14999e+07,4.49963e+06,6.79999e+06,1.14998e+07,4.49953e+06,6.79999e+06,1.14998e+07,4.49941e+06,6.79999e+06,1.14998e+07,4.49926e+06,6.79999e+06,1.14998e+07,4.49906e+06,6.79999e+06,1.14997e+07,4.49882e+06,6.79999e+06,1.14997e+07,4.49851e+06,6.79999e+06,1.14997e+07,4.49812e+06,6.79999e+06,1.14996e+07,4.49764e+06,6.79999e+06,1.14996e+07,4.49702e+06,6.79999e+06,1.14995e+07,4.49625e+06,6.79999e+06,1.14995e+07,4.49528e+06,6.79999e+06,1.14994e+07,4.49406e+06,6.79999e+06,1.14993e+07,4.49253e+06,6.79999e+06,1.14992e+07,4.49059e+06,6.79999e+06,1.14991e+07,4.48817e+06,6.79999e+06,1.1499e+07,4.48511e+06,6.79999e+06,1.14988e+07,4.48128e+06,6.79999e+06,1.14987e+07,4.47646e+06,6.79999e+06,1.14985e+07,4.47041e+06,6.79999e+06,1.14983e+07,4.46281e+06,6.79999e+06,1.14981e+07,4.4533e+06,6.79999e+06,1.14979e+07,4.44138e+06,6.79999e+06,1.14976e+07,4.42649e+06,6.79999e+06,1.14972e+07,4.40789e+06,6.79999e+06,1.14969e+07,4.38471e+06,6.79999e+06,1.14965e+07,4.35592e+06,6.79999e+06,1.1496e+07,4.32027e+06,6.79999e+06,1.14955e+07,4.27629e+06,6.79999e+06,1.14949e+07,4.22231e+06,6.79999e+06,1.14942e+07,4.15647e+06,6.79999e+06,1.14934e+07,4.07676e+06,6.79999e+06,1.14926e+07,3.98112e+06,6.79999e+06,1.14916e+07,3.86765e+06,6.79999e+06,1.14905e+07,3.73474e+06,6.79999e+06,1.14892e+07,3.58148e+06,6.79999e+06,1.14878e+07,3.40785e+06,6.79999e+06,1.14862e+07,3.21513e+06,6.79999e+06,1.14844e+07,3.00605e+06,6.79999e+06,1.14823e+07,2.7848e+06,6.79999e+06,1.148e+07,2.5568e+06,6.79999e+06,1.14773e+07,2.32825e+06,6.79999e+06,13.5742,8.52444,0.508366,16.8306,13.2585,0.162638,20.0035,17.569,0.0507846,23.2616,22.4214,0.0158319,26.7328,28.3297,0.00493498,30.5212,35.6974,0.00153831,34.7178,44.9473,0.000479527,39.4086,56.5822,0.000149456,44.6796,71.2245,4.66214e-05,50.6209,89.6543,1.45419e-05,57.3297,112.852,4.54748e-06,64.9129,142.051,1.43857e-06,73.4897,178.803,4.36618e-07,83.1934,225.062,1.40153e-07,94.1745,283.286,4.96378e-08,106.602,356.568,1.05434e-07,120.669,448.799,-6.49244e-08,136.59,564.873,1.70148e-07,154.611,710.948,-5.34594e-08,175.008,894.767,1.63407e-07,198.097,1126.06,8.04804e-08,224.231,1417.07,1.14667e-07,253.813,1783.15,-1.71227e-07,287.297,2243.62,-2.88466e-07,325.198,2822.67,-4.33651e-07,368.098,3550.67,7.9318e-08,416.657,4465.65,3.13319e-07,471.621,5615.16,3.4613e-07,533.835,7058.61,-1.19199e-07,604.255,8870.02,-2.79964e-07,683.962,11141.4,-2.30521e-07,774.182,13986.7,-2.55099e-07,876.299,17546.4,1.23585e-07,991.883,21993.1,1.41192e-07,1122.71,27536.7,-9.71886e-08,1270.78,34430.7,-3.68368e-07,1438.38,42977.7,-3.45379e-07,1628.07,53532.7,-3.25328e-09,1842.77,66504.6,2.6362e-07,2085.77,82350.2,2.53445e-07,2360.79,101560,-2.47407e-08,2672.05,124632,-3.80602e-07,3024.31,152018,-4.79005e-07,3422.98,184060,-1.14379e-07,3874.15,220884,2.64297e-07,4384.72,262283,3.44131e-07,4962.49,307576,7.5349e-08,5616.29,355497,-3.63097e-07,6356.1,404126,-6.05442e-07,7193.18,450932,-2.72333e-07,8140.28,492963,2.29675e-07,9211.79,527178,4.3387e-07,10424,550893,-1.0711e-07,10.102,8.06553,2.81012,10.6436,8.57909,0.869423,11.5336,10.2515,0.270869,12.7211,12.7138,0.0844293,14.1823,15.9373,0.0263173,15.9122,20.0383,0.0082035,17.9198,25.2154,0.00255722,20.2244,31.7373,0.000797017,22.8539,39.9486,0.000248622,25.8438,50.2851,7.75492e-05,29.237,63.2963,2.42508e-05,33.0837,79.6738,7.67162e-06,37.4415,100.288,2.32837e-06,42.3767,126.236,7.33e-07,47.9646,158.896,2.79256e-07,54.2906,200.003,9.87351e-09,61.452,251.741,1.61085e-07,69.5585,316.859,-2.47141e-07,78.7347,398.812,8.93552e-08,89.1218,501.948,-2.53231e-07,100.879,631.736,-1.25047e-07,114.188,795.049,-1.78808e-07,129.252,1000.53,2.6733e-07,146.304,1259.03,4.50292e-07,165.605,1584.19,6.76904e-07,187.452,1993.12,-1.23808e-07,212.181,2507.27,-4.89068e-07,240.173,3153.54,-5.40284e-07,271.856,3965.56,1.86061e-07,307.719,4985.38,4.37004e-07,348.313,6265.4,3.59828e-07,394.26,7870.83,3.98192e-07,446.268,9882.51,-1.92908e-07,505.135,12400.3,-2.20392e-07,571.766,15546.9,1.51705e-07,647.184,19472.2,5.74996e-07,732.547,24357.4,5.39112e-07,829.167,30420,5.07815e-09,938.526,37916.3,-4.11492e-07,1062.3,47143.9,-3.9561e-07,1202.4,58439.2,3.86185e-08,1360.96,72169.3,5.94093e-07,1540.42,88715.8,7.47693e-07,1743.53,108445,1.78537e-07,1973.41,131665,-4.12549e-07,2233.57,158557,-5.37164e-07,2528,189103,-1.17615e-07,2861.2,222986,5.66769e-07,3238.27,259510,9.45053e-07,3664.97,297540,4.25093e-07,4147.81,335497,-3.58506e-07,4694.17,371444,-6.7724e-07,5312.37,403256,1.67192e-07,1.61744,3.89446,9.84394,3.28846,7.5504,12.774,5.07607,11.7187,13.6844,7.03202,16.8147,13.9681,9.20215,23.1769,14.0566,11.6301,31.1672,14.0841,14.3598,41.2186,14.0927,17.4376,53.8688,14.0954,20.9137,69.7915,14.0962,24.8432,89.8341,14.0965,29.2879,115.063,14.0966,34.3168,146.819,14.0966,40.0078,186.792,14.0966,46.4487,237.107,14.0966,53.7388,300.44,14.0966,61.9903,380.158,14.0966,71.3301,480.499,14.0966,81.902,606.796,14.0966,93.8685,765.761,14.0966,107.414,965.837,14.0966,122.746,1217.65,14.0966,140.101,1534.57,14.0966,159.745,1933.41,14.0966,181.981,2435.3,14.0966,207.15,3066.85,14.0966,235.64,3861.46,14.0966,267.889,4861.11,14.0966,304.391,6118.54,14.0966,345.709,7699.91,14.0966,392.478,9688.22,14.0966,445.417,12187.5,14.0966,505.339,15327.7,14.0966,573.165,19271.6,14.0966,649.938,24222,14.0966,736.839,30430.9,14.0966,835.202,38211.5,14.0966,946.539,47950.3,14.0966,1072.56,60122.8,14.0966,1215.21,75309.9,14.0966,1376.66,94216.2,14.0966,1559.41,117688,14.0966,1766.26,146729,14.0966,2000.39,182510,14.0966,2265.39,226372,14.0966,2565.33,279806,14.0966,2904.81,344416,14.0966,3289.05,421845,14.0966,3723.93,513667,14.0966,4216.13,621231,14.0966,4773.18,745478,14.0966,5403.64,886744,14.0966,6117.15,1.04457e+06,14.0966,6924.63,1.2176e+06,14.0966,11.7194,11.96,12.6541,13.9321,16.1295,13.6434,16.6097,21.9702,13.9553,19.7532,29.5285,14.0526,23.3844,39.1143,14.0829,27.5423,51.2054,14.0923,32.2796,66.434,14.0953,37.662,85.6061,14.0962,43.7675,109.74,14.0965,50.687,140.119,14.0966,58.5249,178.359,14.0966,67.4005,226.493,14.0966,77.4493,287.08,14.0966,88.8254,363.343,14.0966,101.703,459.336,14.0966,116.281,580.161,14.0966,132.782,732.241,14.0966,151.46,923.655,14.0966,172.603,1164.57,14.0966,196.535,1467.79,14.0966,223.625,1849.39,14.0966,254.288,2329.62,14.0966,288.997,2933.93,14.0966,328.285,3694.33,14.0966,372.755,4651.04,14.0966,423.092,5854.57,14.0966,480.07,7368.38,14.0966,544.564,9272.08,14.0966,617.566,11665.5,14.0966,700.197,14673.6,14.0966,793.729,18452.9,14.0966,899.599,23198.6,14.0966,1019.43,29154.1,14.0966,1155.07,36622.3,14.0966,1308.6,45977.9,14.0966,1482.39,57683.7,14.0966,1679.09,72307.8,14.0966,1901.73,90542.8,14.0966,2153.73,113226,14.0966,2438.97,141360,14.0966,2761.81,176127,14.0966,3127.22,218898,14.0966,3540.81,271226,14.0966,4008.92,334817,14.0966,4538.74,411470,14.0966,5138.38,502973,14.0966,5817.04,610948,14.0966,6585.12,736653,14.0966,7454.39,880741,14.0966,8438.15,1.04302e+06,14.0966,9551.45,1.22224e+06,14.0966,10811.3,1.41602e+06,14.0966,12237,1.62086e+06,14.0966,11.7194,11.96,12.6541,2.21263,4.16949,0.989383,2.67766,5.84076,0.311842,3.14343,7.55825,0.0972771,3.63127,9.58578,0.0303237,4.15787,12.0912,0.00945211,4.73731,15.2286,0.00294633,5.38238,19.1721,0.000918508,6.10553,24.134,0.000286163,6.91951,30.3791,8.92692e-05,7.83792,38.2397,2.78121e-05,8.87555,48.1338,8.65134e-06,10.0489,60.5876,2.7882e-06,11.3761,76.2629,8.29036e-07,12.8779,95.9927,2.4373e-07,14.5775,120.825,4.33068e-09,16.5012,152.08,1.75749e-07,18.6784,191.415,-1.86328e-07,21.1428,240.917,1.91829e-07,23.9322,303.213,-1.81475e-07,27.0895,381.602,7.0186e-08,30.6634,480.231,-2.86769e-08,34.7087,604.316,2.40784e-07,39.2876,760.401,9.87368e-08,44.4705,956.705,1.22263e-07,50.3371,1203.54,-4.31966e-07,56.9776,1513.81,-1.9705e-07,64.494,1903.69,-2.763e-08,73.0018,2393.4,3.9185e-07,82.6317,3008.13,1.35379e-07,93.5318,3779.25,-4.16351e-08,105.869,4745.7,2.06965e-08,119.834,5955.6,-3.18887e-07,135.641,7468.12,-1.48271e-08,153.531,9355.62,2.00739e-07,173.781,11705.8,2.28358e-07,196.701,14624.1,-1.93587e-08,222.642,18235,-2.88101e-07,252.003,22683.4,-2.24732e-07,285.234,28134,8.56806e-09,322.845,34767,2.34258e-07,365.413,42770.9,2.99668e-07,413.588,52327.9,8.28644e-08,468.111,63591.2,-3.07049e-07,529.814,76653.2,-3.1888e-07,599.642,91502.5,-6.72276e-08,678.662,107975,2.26339e-07,768.083,125705,3.69212e-07,869.267,144088,2.04077e-07,983.76,162277,-2.80509e-07,1113.3,179223,-4.22737e-07,1259.87,193777,-1.71951e-07,1425.68,204839,4.55555e-07,11.7194,11.96,12.6541,2.21263,4.16949,0.989383,2.67766,5.84076,0.311842,3.14343,7.55825,0.0972771,3.63127,9.58578,0.0303237,4.15787,12.0912,0.00945211,4.73731,15.2286,0.00294633,5.38238,19.1721,0.000918508,6.10553,24.134,0.000286163,6.91951,30.3791,8.92692e-05,7.83792,38.2397,2.78121e-05,8.87555,48.1338,8.65134e-06,10.0489,60.5876,2.7882e-06,11.3761,76.2629,8.29036e-07,12.8779,95.9927,2.4373e-07,14.5775,120.825,1e-08,16.5012,152.08,1.75749e-07,18.6784,191.415,1e-08,21.1428,240.917,1.91829e-07,23.9322,303.213,1e-08,27.0895,381.602,7.0186e-08,30.6634,480.231,1e-08,34.7087,604.316,2.40784e-07,39.2876,760.401,9.87368e-08,44.4705,956.705,1.22263e-07,50.3371,1203.54,1e-08,56.9776,1513.81,1e-08,64.494,1903.69,1e-08,73.0018,2393.4,3.9185e-07,82.6317,3008.13,1.35379e-07,93.5318,3779.25,1e-08,105.869,4745.7,2.06965e-08,119.834,5955.6,1e-08,135.641,7468.12,1e-08,153.531,9355.62,2.00739e-07,173.781,11705.8,2.28358e-07,196.701,14624.1,1e-08,222.642,18235,1e-08,252.003,22683.4,1e-08,285.234,28134,1e-08,322.845,34767,2.34258e-07,365.413,42770.9,2.99668e-07,413.588,52327.9,8.28644e-08,468.111,63591.2,1e-08,529.814,76653.2,1e-08,599.642,91502.5,1e-08,678.662,107975,2.26339e-07,768.083,125705,3.69212e-07,869.267,144088,2.04077e-07,983.76,162277,1e-08,1113.3,179223,1e-08,1259.87,193777,1e-08,1425.68,204839,4.55555e-07,6.2823,3.27286,2.43537,0.219672,6.18826,2.24117,0.56371,6.87772,2.63624,0.308279,13,19,28,1,0,0,2,4,0,3,7,0,7,10,0,2,10,0,12,10,0,5,24,0,9,18,0,9,21,0,5,25,0,8,56,0,3,46,0,8,115,0,12,49,0,19,68,0,21,121,0,15,267,0,20,327,0,29,405,0,17,321,0,49,404,0,39,470,0,18,741,0,39,693,0,34,892,0,60,1469,0,52,2415,0,109,4120,0,102,4793,0,48,4137,0,72,3923,0,170,2966,0,61,9919,0,126,11147,0,129,7014,0,222,19075,0,121,14301,0,179,10114,0,515,25099,0,491,28763,0,256,72525,0,484,41502,0,299,54840,0,609,67188,0,423,135174,0,771,103344,0,1394,63387,0,686,105414,0,1134,128623,0,1421,315696,0,1606,106085,0,660,142756,0
-1.05176e+08,3.03665e-61,8.88811e-15,10,1023,0,1.05176e+08,0.528882,1.08665,0.389689,0.145397,0.379329,3.24381,0.161596,0.446195,1.77396,0.159177,1.15e+07,4.49998e+06,6.79999e+06,1.15e+07,4.49997e+06,6.79999e+06,1.15e+07,4.49996e+06,6.79999e+06,1.15e+07,4.49995e+06,6.79999e+06,1.14999e+07,4.49993e+06,6.79999e+06,1.14999e+07,4.49991e+06,6.79999e+06,1.14999e+07,4.49989e+06,6.79999e+06,1.14999e+07,4.49986e+06,6.79999e+06,1.14999e+07,4.49982e+06,6.79999e+06,1.14999e+07,4.49977e+06,6.79999e+06,1.14999e+07,4.49971e+06,6.79999e+06,1.14999e+07,4.49963e+06,6.79999e+06,1.14998e+07,4.49953e+06,6.79999e+06,1.14998e+07,4.49941e+06,6.79999e+06,1.14998e+07,4.49926e+06,6.79999e+06,1.14998e+07,4.49906e+06,6.79999e+06,1.14997e+07,4.49882e+06,6.79999e+06,1.14997e+07,4.49851e+06,6.79999e+06,1.14997e+07,4.49812e+06,6.79999e+06,1.14996e+07,4.49764e+06,6.79999e+06,1.14996e+07,4.49702e+06,6.79999e+06,1.14995e+07,4.49625e+06,6.79999e+06,1.14995e+07,4.49528e+06,6.79999e+06,1.14994e+07,4.49406e+06,6.79999e+06,1.14993e+07,4.49253e+06,6.79999e+06,1.14992e+07,4.49059e+06,6.79999e+06,1.14991e+07,4.48817e+06,6.79999e+06,1.1499e+07,4.48511e+06,6.79999e+06,1.14988e+07,4.48128e+06,6.79999e+06,1.14987e+07,4.47646e+06,6.79999e+06,1.14985e+07,4.47041e+06,6.79999e+06,1.14983e+07,4.46281e+06,6.79999e+06,1.14981e+07,4.4533e+06,6.79999e+06,1.14979e+07,4.44138e+06,6.79999e+06,1.14976e+07,4.42649e+06,6.79999e+06,1.14972e+07,4.40789e+06,6.79999e+06,1.14969e+07,4.38471e+06,6.79999e+06,1.14965e+07,4.35592e+06,6.79999e+06,1.1496e+07,4.32027e+06,6.79999e+06,1.14955e+07,4.27629e+06,6.79999e+06,1.14949e+07,4.22231e+06,6.79999e+06,1.14942e+07,4.15647e+06,6.79999e+06,1.14934e+07,4.07676e+06,6.79999e+06,1.14926e+07,3.98112e+06,6.79999e+06,1.14916e+07,3.86765e+06,6.79999e+06,1.14905e+07,3.73474e+06,6.79999e+06,1.14892e+07,3.58148e+06,6.79999e+06,1.14878e+07,3.40785e+06,6.79999e+06,1.14862e+07,3.21513e+06,6.79999e+06,1.14844e+07,3.00605e+06,6.79999e+06,1.14823e+07,2.7848e+06,6.79999e+06,1.148e+07,2.5568e+06,6.79999e+06,1.14773e+07,2.32825e+06,6.79999e+06,13.5742,8.52444,0.508366,16.8306,13.2585,0.162638,20.0035,17.569,0.0507846,23.2616,22.4214,0.0158319,26.7328,28.3297,0.00493498,30.5212,35.6974,0.00153831,34.7178,44.9473,0.000479527,39.4086,56.5822,0.000149456,44.6796,71.2245,4.66214e-05,50.6209,89.6543,1.45419e-05,57.3297,112.852,4.54748e-06,64.9129,142.051,1.43857e-06,73.4897,178.803,4.36618e-07,83.1934,225.062,1.40153e-07,94.1745,283.286,4.96378e-08,106.602,356.568,1.05434e-07,120.669,448.799,-6.49244e-08,136.59,564.873,1.70148e-07,154.611,710.948,-5.34594e-08,175.008,894.767,1.63407e-07,198.097,1126.06,8.04804e-08,224.231,1417.07,1.14667e-07,253.813,1783.15,-1.71227e-07,287.297,2243.62,-2.88466e-07,325.198,2822.67,-4.33651e-07,368.098,3550.67,7.9318e-08,416.657,4465.65,3.13319e-07,471.621,5615.16,3.4613e-07,533.835,7058.61,-1.19199e-07,604.255,8870.02,-2.79964e-07,683.962,11141.4,-2.30521e-07,774.182,13986.7,-2.55099e-07,876.299,17546.4,1.23585e-07,991.883,21993.1,1.41192e-07,1122.71,27536.7,-9.71886e-08,1270.78,34430.7,-3.68368e-07,1438.38,42977.7,-3.45379e-07,1628.07,53532.7,-3.25328e-09,1842.77,66504.6,2.6362e-07,2085.77,82350.2,2.53445e-07,2360.79,101560,-2.47407e-08,2672.05,124632,-3.80602e-07,3024.31,152018,-4.79005e-07,3422.98,184060,-1.14379e-07,3874.15,220884,2.64297e-07,4384.72,262283,3.44131e-07,4962.49,307576,7.5349e-08,5616.29,355497,-3.63097e-07,6356.1,404126,-6.05442e-07,7193.18,450932,-2.72333e-07,8140.28,492963,2.29675e-07,9211.79,527178,4.3387e-07,10424,550893,-1.0711e-07,10.102,8.06553,2.81012,10.6436,8.57909,0.869423,11.5336,10.2515,0.270869,12.7211,12.7138,0.0844293,14.1823,15.9373,0.0263173,15.9122,20.0383,0.0082035,17.9198,25.2154,0.00255722,20.2244,31.7373,0.000797017,22.8539,39.9486,0.000248622,25.8438,50.2851,7.75492e-05,29.237,63.2963,2.42508e-05,33.0837,79.6738,7.67162e-06,37.4415,100.288,2.32837e-06,42.3767,126.236,7.33e-07,47.9646,158.896,2.79256e-07,54.2906,200.003,9.87351e-09,61.452,251.741,1.61085e-07,69.5585,316.859,-2.47141e-07,78.7347,398.812,8.93552e-08,89.1218,501.948,-2.53231e-07,100.879,631.736,-1.25047e-07,114.188,795.049,-1.78808e-07,129.252,1000.53,2.6733e-07,146.304,1259.03,4.50292e-07,165.605,1584.19,6.76904e-07,187.452,1993.12,-1.23808e-07,212.181,2507.27,-4.89068e-07,240.173,3153.54,-5.40284e-07,271.856,3965.56,1.86061e-07,307.719,4985.38,4.37004e-07,348.313,6265.4,3.59828e-07,394.26,7870.83,3.98192e-07,446.268,9882.51,-1.92908e-07,505.135,12400.3,-2.20392e-07,571.766,15546.9,1.51705e-07,647.184,19472.2,5.74996e-07,732.547,24357.4,5.39112e-07,829.167,30420,5.07815e-09,938.526,37916.3,-4.11492e-07,1062.3,47143.9,-3.9561e-07,1202.4,58439.2,3.86185e-08,1360.96,72169.3,5.94093e-07,1540.42,88715.8,7.47693e-07,1743.53,108445,1.78537e-07,1973.41,131665,-4.12549e-07,2233.57,158557,-5.37164e-07,2528,189103,-1.17615e-07,2861.2,222986,5.66769e-07,3238.27,259510,9.45053e-07,3664.97,297540,4.25093e-07,4147.81,335497,-3.58506e-07,4694.17,371444,-6.7724e-07,5312.37,403256,1.67192e-07,1.61744,3.89446,9.84394,3.28846,7.5504,12.774,5.07607,11.7187,13.6844,7.03202,16.8147,13.9681,9.20215,23.1769,14.0566,11.6301,31.1672,14.0841,14.3598,41.2186,14.0927,17.4376,53.8688,14.0954,20.9137,69.7915,14.0962,24.8432,89.8341,14.0965,29.2879,115.063,14.0966,34.3168,146.819,14.0966,40.0078,186.792,14.0966,46.4487,237.107,14.0966,53.7388,300.44,14.0966,61.9903,380.158,14.0966,71.3301,480.499,14.0966,81.902,606.796,14.0966,93.8685,765.761,14.0966,107.414,965.837,14.0966,122.746,1217.65,14.0966,140.101,1534.57,14.0966,159.745,1933.41,14.0966,181.981,2435.3,14.0966,207.15,3066.85,14.0966,235.64,3861.46,14.0966,267.889,4861.11,14.0966,304.391,6118.54,14.0966,345.709,7699.91,14.0966,392.478,9688.22,14.0966,445.417,12187.5,14.0966,505.339,15327.7,14.0966,573.165,19271.6,14.0966,649.938,24222,14.0966,736.839,30430.9,14.0966,835.202,38211.5,14.0966,946.539,47950.3,14.0966,1072.56,60122.8,14.0966,1215.21,75309.9,14.0966,1376.66,94216.2,14.0966,1559.41,117688,14.0966,1766.26,146729,14.0966,2000.39,182510,14.0966,2265.39,226372,14.0966,2565.33,279806,14.0966,2904.81,344416,14.0966,3289.05,421845,14.0966,3723.93,513667,14.0966,4216.13,621231,14.0966,4773.18,745478,14.0966,5403.64,886744,14.0966,6117.15,1.04457e+06,14.0966,6924.63,1.2176e+06,14.0966,11.7194,11.96,12.6541,13.9321,16.1295,13.6434,16.6097,21.9702,13.9553,19.7532,29.5285,14.0526,23.3844,39.1143,14.0829,27.5423,51.2054,14.0923,32.2796,66.434,14.0953,37.662,85.6061,14.0962,43.7675,109.74,14.0965,50.687,140.119,14.0966,58.5249,178.359,14.0966,67.4005,226.493,14.0966,77.4493,287.08,14.0966,88.8254,363.343,14.0966,101.703,459.336,14.0966,116.281,580.161,14.0966,132.782,732.241,14.0966,151.46,923.655,14.0966,172.603,1164.57,14.0966,196.535,1467.79,14.0966,223.625,1849.39,14.0966,254.288,2329.62,14.0966,288.997,2933.93,14.0966,328.285,3694.33,14.0966,372.755,4651.04,14.0966,423.092,5854.57,14.0966,480.07,7368.38,14.0966,544.564,9272.08,14.0966,617.566,11665.5,14.0966,700.197,14673.6,14.0966,793.729,18452.9,14.0966,899.599,23198.6,14.0966,1019.43,29154.1,14.0966,1155.07,36622.3,14.0966,1308.6,45977.9,14.0966,1482.39,57683.7,14.0966,1679.09,72307.8,14.0966,1901.73,90542.8,14.0966,2153.73,113226,14.0966,2438.97,141360,14.0966,2761.81,176127,14.0966,3127.22,218898,14.0966,3540.81,271226,14.0966,4008.92,334817,14.0966,4538.74,411470,14.0966,5138.38,502973,14.0966,5817.04,610948,14.0966,6585.12,736653,14.0966,7454.39,880741,14.0966,8438.15,1.04302e+06,14.0966,9551.45,1.22224e+06,14.0966,10811.3,1.41602e+06,14.0966,12237,1.62086e+06,14.0966,11.7194,11.96,12.6541,2.21263,4.16949,0.989383,2.67766,5.84076,0.311842,3.14343,7.55825,0.0972771,3.63127,9.58578,0.0303237,4.15787,12.0912,0.00945211,4.73731,15.2286,0.00294633,5.38238,19.1721,0.000918508,6.10553,24.134,0.000286163,6.91951,30.3791,8.92692e-05,7.83792,38.2397,2.78121e-05,8.87555,48.1338,8.65134e-06,10.0489,60.5876,2.7882e-06,11.3761,76.2629,8.29036e-07,12.8779,95.9927,2.4373e-07,14.5775,120.825,4.33068e-09,16.5012,152.08,1.75749e-07,18.6784,191.415,-1.86328e-07,21.1428,240.917,1.91829e-07,23.9322,303.213,-1.81475e-07,27.0895,381.602,7.0186e-08,30.6634,480.231,-2.86769e-08,34.7087,604.316,2.40784e-07,39.2876,760.401,9.87368e-08,44.4705,956.705,1.22263e-07,50.3371,1203.54,-4.31966e-07,56.9776,1513.81,-1.9705e-07,64.494,1903.69,-2.763e-08,73.0018,2393.4,3.9185e-07,82.6317,3008.13,1.35379e-07,93.5318,3779.25,-4.16351e-08,105.869,4745.7,2.06965e-08,119.834,5955.6,-3.18887e-07,135.641,7468.12,-1.48271e-08,153.531,9355.62,2.00739e-07,173.781,11705.8,2.28358e-07,196.701,14624.1,-1.93587e-08,222.642,18235,-2.88101e-07,252.003,22683.4,-2.24732e-07,285.234,28134,8.56806e-09,322.845,34767,2.34258e-07,365.413,42770.9,2.99668e-07,413.588,52327.9,8.28644e-08,468.111,63591.2,-3.07049e-07,529.814,76653.2,-3.1888e-07,599.642,91502.5,-6.72276e-08,678.662,107975,2.26339e-07,768.083,125705,3.69212e-07,869.267,144088,2.04077e-07,983.76,162277,-2.80509e-07,1113.3,179223,-4.22737e-07,1259.87,193777,-1.71951e-07,1425.68,204839,4.55555e-07,11.7194,11.96,12.6541,2.21263,4.16949,0.989383,2.67766,5.84076,0.311842,3.14343,7.55825,0.0972771,3.63127,9.58578,0.0303237,4.15787,12.0912,0.00945211,4.73731,15.2286,0.00294633,5.38238,19.1721,0.000918508,6.10553,24.134,0.000286163,6.91951,30.3791,8.92692e-05,7.83792,38.2397,2.78121e-05,8.87555,48.1338,8.65134e-06,10.0489,60.5876,2.7882e-06,11.3761,76.2629,8.29036e-07,12.8779,95.9927,2.4373e-07,14.5775,120.825,1e-08,16.5012,152.08,1.75749e-07,18.6784,191.415,1e-08,21.1428,240.917,1.91829e-07,23.9322,303.213,1e-08,27.0895,381.602,7.0186e-08,30.6634,480.231,1e-08,34.7087,604.316,2.40784e-07,39.2876,760.401,9.87368e-08,44.4705,956.705,1.22263e-07,50.3371,1203.54,1e-08,56.9776,1513.81,1e-08,64.494,1903.69,1e-08,73.0018,2393.4,3.9185e-07,82.6317,3008.13,1.35379e-07,93.5318,3779.25,1e-08,105.869,4745.7,2.06965e-08,119.834,5955.6,1e-08,135.641,7468.12,1e-08,153.531,9355.62,2.00739e-07,173.781,11705.8,2.28358e-07,196.701,14624.1,1e-08,222.642,18235,1e-08,252.003,22683.4,1e-08,285.234,28134,1e-08,322.845,34767,2.34258e-07,365.413,42770.9,2.99668e-07,413.588,52327.9,8.28644e-08,468.111,63591.2,1e-08,529.814,76653.2,1e-08,599.642,91502.5,1e-08,678.662,107975,2.26339e-07,768.083,125705,3.69212e-07,869.267,144088,2.04077e-07,983.76,162277,1e-08,1113.3,179223,1e-08,1259.87,193777,1e-08,1425.68,204839,4.55555e-07,6.2823,3.27286,2.43537,0.219672,6.18826,2.24117,0.56371,6.87772,2.63624,0.308279,18,28,5,3,9,0,3,4,0,4,7,0,3,11,0,5,13,0,7,18,0,9,26,0,1,22,0,10,22,0,13,68,0,13,28,0,11,45,0,7,9,0,22,83,0,9,141,0,10,185,0,15,199,0,15,214,0,33,187,0,31,257,0,31,440,0,31,883,0,31,971,0,46,719,0,84,683,0,41,1693,0,62,1619,0,54,1937,0,58,2606,0,117,8962,0,142,3702,0,175,7148,0,43,5342,0,200,4785,0,280,11561,0,263,11550,0,188,8002,0,276,14107,0,451,17282,0,212,49187,0,484,36261,0,228,34529,0,566,63275,0,714,88652,0,245,82589,0,427,119578,0,453,110987,0,1522,83403,0,1339,130980,0,939,279938,0,762,218695,0,866,224441,0
-1.05176e+08,1,8.88811e-15,10,1023,0,1.05176e+08,0.528882,1.08665,0.389689,0.145397,0.379329,3.24381,0.161596,0.446195,1.77396,0.159177,1.15e+07,4.49998e+06,6.79999e+06,1.15e+07,4.49997e+06,6.79999e+06,1.15e+07,4.49996e+06,6.79999e+06,1.15e+07,4.49995e+06,6.79999e+06,1.14999e+07,4.49993e+06,6.79999e+06,1.14999e+07,4.49991e+06,6.79999e+06,1.14999e+07,4.49989e+06,6.79999e+06,1.14999e+07,4.49986e+06,6.79999e+06,1.14999e+07,4.49982e+06,6.79999e+06,1.14999e+07,4.49977e+06,6.79999e+06,1.14999e+07,4.49971e+06,6.79999e+06,1.14999e+07,4.49963e+06,6.79999e+06,1.14998e+07,4.49953e+06,6.79999e+06,1.14998e+07,4.49941e+06,6.79999e+06,1.14998e+07,4.49926e+06,6.79999e+06,1.14998e+07,4.49906e+06,6.79999e+06,1.14997e+07,4.49882e+06,6.79999e+06,1.14997e+07,4.49851e+06,6.79999e+06,1.14997e+07,4.49812e+06,6.79999e+06,1.14996e+07,4.49764e+06,6.79999e+06,1.14996e+07,4.49702e+06,6.79999e+06,1.14995e+07,4.49625e+06,6.79999e+06,1.14995e+07,4.49528e+06,6.79999e+06,1.14994e+07,4.49406e+06,6.79999e+06,1.14993e+07,4.49253e+06,6.79999e+06,1.14992e+07,4.49059e+06,6.79999e+06,1.14991e+07,4.48817e+06,6.79999e+06,1.1499e+07,4.48511e+06,6.79999e+06,1.14988e+07,4.48128e+06,6.79999e+06,1.14987e+07,4.47646e+06,6.79999e+06,1.14985e+07,4.47041e+06,6.79999e+06,1.14983e+07,4.46281e+06,6.79999e+06,1.14981e+07,4.4533e+06,6.79999e+06,1.14979e+07,4.44138e+06,6.79999e+06,1.14976e+07,4.42649e+06,6.79999e+06,1.14972e+07,4.40789e+06,6.79999e+06,1.14969e+07,4.38471e+06,6.79999e+06,1.14965e+07,4.35592e+06,6.79999e+06,1.1496e+07,4.32027e+06,6.79999e+06,1.14955e+07,4.27629e+06,6.79999e+06,1.14949e+07,4.22231e+06,6.79999e+06,1.14942e+07,4.15647e+06,6.79999e+06,1.14934e+07,4.07676e+06,6.79999e+06,1.14926e+07,3.98112e+06,6.79999e+06,1.14916e+07,3.86765e+06,6.79999e+06,1.14905e+07,3.73474e+06,6.79999e+06,1.14892e+07,3.58148e+06,6.79999e+06,1.14878e+07,3.40785e+06,6.79999e+06,1.14862e+07,3.21513e+06,6.79999e+06,1.14844e+07,3.00605e+06,6.79999e+06,1.14823e+07,2.7848e+06,6.79999e+06,1.148e+07,2.5568e+06,6.79999e+06,1.14773e+07,2.32825e+06,6.79999e+06,13.5742,8.52444,0.508366,16.8306,13.2585,0.162638,20.0035,17.569,0.0507846,23.2616,22.4214,0.0158319,26.7328,28.3297,0.00493498,30.5212,35.6974,0.00153831,34.7178,44.9473,0.000479527,39.4086,56.5822,0.000149456,44.6796,71.2245,4.66214e-05,50.6209,89.6543,1.45419e-05,57.3297,112.852,4.54748e-06,64.9129,142.051,1.43857e-06,73.4897,178.803,4.36618e-07,83.1934,225.062,1.40153e-07,94.1745,283.286,4.96378e-08,106.602,356.568,1.05434e-07,120.669,448.799,-6.49244e-08,136.59,564.873,1.70148e-07,154.611,710.948,-5.34594e-08,175.008,894.767,1.63407e-07,198.097,1126.06,8.04804e-08,224.231,1417.07,1.14667e-07,253.813,1783.15,-1.71227e-07,287.297,2243.62,-2.88466e-07,325.198,2822.67,-4.33651e-07,368.098,3550.67,7.9318e-08,416.657,4465.65,3.13319e-07,471.621,5615.16,3.4613e-07,533.835,7058.61,-1.19199e-07,604.255,8870.02,-2.79964e-07,683.962,11141.4,-2.30521e-07,774.182,13986.7,-2.55099e-07,876.299,17546.4,1.23585e-07,991.883,21993.1,1.41192e-07,1122.71,27536.7,-9.71886e-08,1270.78,34430.7,-3.68368e-07,1438.38,42977.7,-3.45379e-07,1628.07,53532.7,-3.25328e-09,1842.77,66504.6,2.6362e-07,2085.77,82350.2,2.53445e-07,2360.79,101560,-2.47407e-08,2672.05,124632,-3.80602e-07,3024.31,152018,-4.79005e-07,3422.98,184060,-1.14379e-07,3874.15,220884,2.64297e-07,4384.72,262283,3.44131e-07,4962.49,307576,7.5349e-08,5616.29,355497,-3.63097e-07,6356.1,404126,-6.05442e-07,7193.18,450932,-2.72333e-07,8140.28,492963,2.29675e-07,9211.79,527178,4.3387e-07,10424,550893,-1.0711e-07,10.102,8.06553,2.81012,10.6436,8.57909,0.869423,11.5336,10.2515,0.270869,12.7211,12.7138,0.0844293,14.1823,15.9373,0.0263173,15.9122,20.0383,0.0082035,17.9198,25.2154,0.00255722,20.2244,31.7373,0.000797017,22.8539,39.9486,0.000248622,25.8438,50.2851,7.75492e-05,29.237,63.2963,2.42508e-05,33.0837,79.6738,7.67162e-06,37.4415,100.288,2.32837e-06,42.3767,126.236,7.33e-07,47.9646,158.896,2.79256e-07,54.2906,200.003,9.87351e-09,61.452,251.741,1.61085e-07,69.5585,316.859,-2.47141e-07,78.7347,398.812,8.93552e-08,89.1218,501.948,-2.53231e-07,100.879,631.736,-1.25047e-07,114.188,795.049,-1.78808e-07,129.252,1000.53,2.6733e-07,146.304,1259.03,4.50292e-07,165.605,1584.19,6.76904e-07,187.452,1993.12,-1.23808e-07,212.181,2507.27,-4.89068e-07,240.173,3153.54,-5.40284e-07,271.856,3965.56,1.86061e-07,307.719,4985.38,4.37004e-07,348.313,6265.4,3.59828e-07,394.26,7870.83,3.98192e-07,446.268,9882.51,-1.92908e-07,505.135,12400.3,-2.20392e-07,571.766,15546.9,1.51705e-07,647.184,19472.2,5.74996e-07,732.547,24357.4,5.39112e-07,829.167,30420,5.07815e-09,938.526,37916.3,-4.11492e-07,1062.3,47143.9,-3.9561e-07,1202.4,58439.2,3.86185e-08,1360.96,72169.3,5.94093e-07,1540.42,88715.8,7.47693e-07,1743.53,108445,1.78537e-07,1973.41,131665,-4.12549e-07,2233.57,158557,-5.37164e-07,2528,189103,-1.17615e-07,2861.2,222986,5.66769e-07,3238.27,259510,9.45053e-07,3664.97,297540,4.25093e-07,4147.81,335497,-3.58506e-07,4694.17,371444,-6.7724e-07,5312.37,403256,1.67192e-07,1.61744,3.89446,9.84394,3.28846,7.5504,12.774,5.07607,11.7187,13.6844,7.03202,16.8147,13.9681,9.20215,23.1769,14.0566,11.6301,31.1672,14.0841,14.3598,41.2186,14.0927,17.4376,53.8688,14.0954,20.9137,69.7915,14.0962,24.8432,89.8341,14.0965,29.2879,115.063,14.0966,34.3168,146.819,14.0966,40.0078,186.792,14.0966,46.4487,237.107,14.0966,53.7388,300.44,14.0966,61.9903,380.158,14.0966,71.3301,480.499,14.0966,81.902,606.796,14.0966,93.8685,765.761,14.0966,107.414,965.837,14.0966,122.746,1217.65,14.0966,140.101,1534.57,14.0966,159.745,1933.41,14.0966,181.981,2435.3,14.0966,207.15,3066.85,14.0966,235.64,3861.46,14.0966,267.889,4861.11,14.0966,304.391,6118.54,14.0966,345.709,7699.91,14.0966,392.478,9688.22,14.0966,445.417,12187.5,14.0966,505.339,15327.7,14.0966,573.165,19271.6,14.0966,649.938,24222,14.0966,736.839,30430.9,14.0966,835.202,38211.5,14.0966,946.539,47950.3,14.0966,1072.56,60122.8,14.0966,1215.21,75309.9,14.0966,1376.66,94216.2,14.0966,1559.41,117688,14.0966,1766.26,146729,14.0966,2000.39,182510,14.0966,2265.39,226372,14.0966,2565.33,279806,14.0966,2904.81,344416,14.0966,3289.05,421845,14.0966,3723.93,513667,14.0966,4216.13,621231,14.0966,4773.18,745478,14.0966,5403.64,886744,14.0966,6117.15,1.04457e+06,14.0966,6924.63,1.2176e+06,14.0966,11.7194,11.96,12.6541,13.9321,16.1295,13.6434,16.6097,21.9702,13.9553,19.7532,29.5285,14.0526,23.3844,39.1143,14.0829,27.5423,51.2054,14.0923,32.2796,66.434,14.0953,37.662,85.6061,14.0962,43.7675,109.74,14.0965,50.687,140.119,14.0966,58.5249,178.359,14.0966,67.4005,226.493,14.0966,77.4493,287.08,14.0966,88.8254,363.343,14.0966,101.703,459.336,14.0966,116.281,580.161,14.0966,132.782,732.241,14.0966,151.46,923.655,14.0966,172.603,1164.57,14.0966,196.535,1467.79,14.0966,223.625,1849.39,14.0966,254.288,2329.62,14.0966,288.997,2933.93,14.0966,328.285,3694.33,14.0966,372.755,4651.04,14.0966,423.092,5854.57,14.0966,480.07,7368.38,14.0966,544.564,9272.08,14.0966,617.566,11665.5,14.0966,700.197,14673.6,14.0966,793.729,18452.9,14.0966,899.599,23198.6,14.0966,1019.43,29154.1,14.0966,1155.07,36622.3,14.0966,1308.6,45977.9,14.0966,1482.39,57683.7,14.0966,1679.09,72307.8,14.0966,1901.73,90542.8,14.0966,2153.73,113226,14.0966,2438.97,141360,14.0966,2761.81,176127,14.0966,3127.22,218898,14.0966,3540.81,271226,14.0966,4008.92,334817,14.0966,4538.74,411470,14.0966,5138.38,502973,14.0966,5817.04,610948,14.0966,6585.12,736653,14.0966,7454.39,880741,14.0966,8438.15,1.04302e+06,14.0966,9551.45,1.22224e+06,14.0966,10811.3,1.41602e+06,14.0966,12237,1.62086e+06,14.0966,11.7194,11.96,12.6541,2.21263,4.16949,0.989383,2.67766,5.84076,0.311842,3.14343,7.55825,0.0972771,3.63127,9.58578,0.0303237,4.15787,12.0912,0.00945211,4.73731,15.2286,0.00294633,5.38238,19.1721,0.000918508,6.10553,24.134,0.000286163,6.91951,30.3791,8.92692e-05,7.83792,38.2397,2.78121e-05,8.87555,48.1338,8.65134e-06,10.0489,60.5876,2.7882e-06,11.3761,76.2629,8.29036e-07,12.8779,95.9927,2.4373e-07,14.5775,120.825,4.33068e-09,16.5012,152.08,1.75749e-07,18.6784,191.415,-1.86328e-07,21.1428,240.917,1.91829e-07,23.9322,303.213,-1.81475e-07,27.0895,381.602,7.0186e-08,30.6634,480.231,-2.86769e-08,34.7087,604.316,2.40784e-07,39.2876,760.401,9.87368e-08,44.4705,956.705,1.22263e-07,50.3371,1203.54,-4.31966e-07,56.9776,1513.81,-1.9705e-07,64.494,1903.69,-2.763e-08,73.0018,2393.4,3.9185e-07,82.6317,3008.13,1.35379e-07,93.5318,3779.25,-4.16351e-08,105.869,4745.7,2.06965e-08,119.834,5955.6,-3.18887e-07,135.641,7468.12,-1.48271e-08,153.531,9355.62,2.00739e-07,173.781,11705.8,2.28358e-07,196.701,14624.1,-1.93587e-08,222.642,18235,-2.88101e-07,252.003,22683.4,-2.24732e-07,285.234,28134,8.56806e-09,322.845,34767,2.34258e-07,365.413,42770.9,2.99668e-07,413.588,52327.9,8.28644e-08,468.111,63591.2,-3.07049e-07,529.814,76653.2,-3.1888e-07,599.642,91502.5,-6.72276e-08,678.662,107975,2.26339e-07,768.083,125705,3.69212e-07,869.267,144088,2.04077e-07,983.76,162277,-2.80509e-07,1113.3,179223,-4.22737e-07,1259.87,193777,-1.71951e-07,1425.68,204839,4.55555e-07,11.7194,11.96,12.6541,2.21263,4.16949,0.989383,2.67766,5.84076,0.311842,3.14343,7.55825,0.0972771,3.63127,9.58578,0.0303237,4.15787,12.0912,0.00945211,4.73731,15.2286,0.00294633,5.38238,19.1721,0.000918508,6.10553,24.134,0.000286163,6.91951,30.3791,8.92692e-05,7.83792,38.2397,2.78121e-05,8.87555,48.1338,8.65134e-06,10.0489,60.5876,2.7882e-06,11.3761,76.2629,8.29036e-07,12.8779,95.9927,2.4373e-07,14.5775,120.825,1e-08,16.5012,152.08,1.75749e-07,18.6784,191.415,1e-08,21.1428,240.917,1.91829e-07,23.9322,303.213,1e-08,27.0895,381.602,7.0186e-08,30.6634,480.231,1e-08,34.7087,604.316,2.40784e-07,39.2876,760.401,9.87368e-08,44.4705,956.705,1.22263e-07,50.3371,1203.54,1e-08,56.9776,1513.81,1e-08,64.494,1903.69,1e-08,73.0018,2393.4,3.9185e-07,82.6317,3008.13,1.35379e-07,93.5318,3779.25,1e-08,105.869,4745.7,2.06965e-08,119.834,5955.6,1e-08,135.641,7468.12,1e-08,153.531,9355.62,2.00739e-07,173.781,11705.8,2.28358e-07,196.701,14624.1,1e-08,222.642,18235,1e-08,252.003,22683.4,1e-08,285.234,28134,1e-08,322.845,34767,2.34258e-07,365.413,42770.9,2.99668e-07,413.588,52327.9,8.28644e-08,468.111,63591.2,1e-08,529.814,76653.2,1e-08,599.642,91502.5,1e-08,678.662,107975,2.26339e-07,768.083,125705,3.69212e-07,869.267,144088,2.04077e-07,983.76,162277,1e-08,1113.3,179223,1e-08,1259.87,193777,1e-08,1425.68,204839,4.55555e-07,6.2823,3.27286,2.43537,0.219672,6.18826,2.24117,0.56371,6.87772,2.63624,0.308279,15,15,15,1,6,0,0,7,0,1,7,0,4,4,0,7,17,0,5,28,0,2,32,0,2,22,0,6,20,0,7,42,0,8,58,0,3,50,0,4,25,0,11,108,0,14,78,0,18,164,0,25,121,0,22,295,0,19,236,0,17,334,0,28,787,0,37,369,0,59,831,0,27,278,0,15,1109,0,50,690,0,47,1076,0,58,1792,0,160,4266,0,56,2550,0,73,1926,0,56,4515,0,98,6497,0,166,6521,0,181,16105,0,94,6482,0,196,9273,0,193,20418,0,713,39458,0,503,33922,0,533,32086,0,488,37843,0,759,54669,0,388,52442,0,334,84918,0,458,51930,0,886,62880,0,1002,135193,0,1220,94767,0,614,128411,0,1046,115920,0,1615,145853,0
-1.05176e+08,1,8.88811e-15,10,1023,0,1.05176e+08,0.528882,1.08665,0.389689,0.145397,0.379329,3.24381,0.161596,0.446195,1.77396,0.159177,1.15e+07,4.49998e+06,6.79999e+06,1.15e+07,4.49997e+06,6.79999e+06,1.15e+07,4.49996e+06,6.79999e+06,1.15e+07,4.49995e+06,6.79999e+06,1.14999e+07,4.49993e+06,6.79999e+06,1.14999e+07,4.49991e+06,6.79999e+06,1.14999e+07,4.49989e+06,6.79999e+06,1.14999e+07,4.49986e+06,6.79999e+06,1.14999e+07,4.49982e+06,6.79999e+06,1.14999e+07,4.49977e+06,6.79999e+06,1.14999e+07,4.49971e+06,6.79999e+06,1.14999e+07,4.49963e+06,6.79999e+06,1.14998e+07,4.49953e+06,6.79999e+06,1.14998e+07,4.49941e+06,6.79999e+06,1.14998e+07,4.49926e+06,6.79999e+06,1.14998e+07,4.49906e+06,6.79999e+06,1.14997e+07,4.49882e+06,6.79999e+06,1.14997e+07,4.49851e+06,6.79999e+06,1.14997e+07,4.49812e+06,6.79999e+06,1.14996e+07,4.49764e+06,6.79999e+06,1.14996e+07,4.49702e+06,6.79999e+06,1.14995e+07,4.49625e+06,6.79999e+06,1.14995e+07,4.49528e+06,6.79999e+06,1.14994e+07,4.49406e+06,6.79999e+06,1.14993e+07,4.49253e+06,6.79999e+06,1.14992e+07,4.49059e+06,6.79999e+06,1.14991e+07,4.48817e+06,6.79999e+06,1.1499e+07,4.48511e+06,6.79999e+06,1.14988e+07,4.48128e+06,6.79999e+06,1.14987e+07,4.47646e+06,6.79999e+06,1.14985e+07,4.47041e+06,6.79999e+06,1.14983e+07,4.46281e+06,6.79999e+06,1.14981e+07,4.4533e+06,6.79999e+06,1.14979e+07,4.44138e+06,6.79999e+06,1.14976e+07,4.42649e+06,6.79999e+06,1.14972e+07,4.40789e+06,6.79999e+06,1.14969e+07,4.38471e+06,6.79999e+06,1.14965e+07,4.35592e+06,6.79999e+06,1.1496e+07,4.32027e+06,6.79999e+06,1.14955e+07,4.27629e+06,6.79999e+06,1.14949e+07,4.22231e+06,6.79999e+06,1.14942e+07,4.15647e+06,6.79999e+06,1.14934e+07,4.07676e+06,6.79999e+06,1.14926e+07,3.98112e+06,6.79999e+06,1.14916e+07,3.86765e+06,6.79999e+06,1.14905e+07,3.73474e+06,6.79999e+06,1.14892e+07,3.58148e+06,6.79999e+06,1.14878e+07,3.40785e+06,6.79999e+06,1.14862e+07,3.21513e+06,6.79999e+06,1.14844e+07,3.00605e+06,6.79999e+06,1.14823e+07,2.7848e+06,6.79999e+06,1.148e+07,2.5568e+06,6.79999e+06,1.14773e+07,2.32825e+06,6.79999e+06,13.5742,8.52444,0.508366,16.8306,13.2585,0.162638,20.0035,17.569,0.0507846,23.2616,22.4214,0.0158319,26.7328,28.3297,0.00493498,30.5212,35.6974,0.00153831,34.7178,44.9473,0.000479527,39.4086,56.5822,0.000149456,44.6796,71.2245,4.66214e-05,50.6209,89.6543,1.45419e-05,57.3297,112.852,4.54748e-06,64.9129,142.051,1.43857e-06,73.4897,178.803,4.36618e-07,83.1934,225.062,1.40153e-07,94.1745,283.286,4.96378e-08,106.602,356.568,1.05434e-07,120.669,448.799,-6.49244e-08,136.59,564.873,1.70148e-07,154.611,710.948,-5.34594e-08,175.008,894.767,1.63407e-07,198.097,1126.06,8.04804e-08,224.231,1417.07,1.14667e-07,253.813,1783.15,-1.71227e-07,287.297,2243.62,-2.88466e-07,325.198,2822.67,-4.33651e-07,368.098,3550.67,7.9318e-08,416.657,4465.65,3.13319e-07,471.621,5615.16,3.4613e-07,533.835,7058.61,-1.19199e-07,604.255,8870.02,-2.79964e-07,683.962,11141.4,-2.30521e-07,774.182,13986.7,-2.55099e-07,876.299,17546.4,1.23585e-07,991.883,21993.1,1.41192e-07,1122.71,27536.7,-9.71886e-08,1270.78,34430.7,-3.68368e-07,1438.38,42977.7,-3.45379e-07,1628.07,53532.7,-3.25328e-09,1842.77,66504.6,2.6362e-07,2085.77,82350.2,2.53445e-07,2360.79,101560,-2.47407e-08,2672.05,124632,-3.80602e-07,3024.31,152018,-4.79005e-07,3422.98,184060,-1.14379e-07,3874.15,220884,2.64297e-07,4384.72,262283,3.44131e-07,4962.49,307576,7.5349e-08,5616.29,355497,-3.63097e-07,6356.1,404126,-6.05442e-07,7193.18,450932,-2.72333e-07,8140.28,492963,2.29675e-07,9211.79,527178,4.3387e-07,10424,550893,-1.0711e-07,10.102,8.06553,2.81012,10.6436,8.57909,0.869423,11.5336,10.2515,0.270869,12.7211,12.7138,0.0844293,14.1823,15.9373,0.0263173,15.9122,20.0383,0.0082035,17.9198,25.2154,0.00255722,20.2244,31.7373,0.000797017,22.8539,39.9486,0.000248622,25.8438,50.2851,7.75492e-05,29.237,63.2963,2.42508e-05,33.0837,79.6738,7.67162e-06,37.4415,100.288,2.32837e-06,42.3767,126.236,7.33e-07,47.9646,158.896,2.79256e-07,54.2906,200.003,9.87351e-09,61.452,251.741,1.61085e-07,69.5585,316.859,-2.47141e-07,78.7347,398.812,8.93552e-08,89.1218,501.948,-2.53231e-07,100.879,631.736,-1.25047e-07,114.188,795.049,-1.78808e-07,129.252,1000.53,2.6733e-07,146.304,1259.03,4.50292e-07,165.605,1584.19,6.76904e-07,187.452,1993.12,-1.23808e-07,212.181,2507.27,-4.89068e-07,240.173,3153.54,-5.40284e-07,271.856,3965.56,1.86061e-07,307.719,4985.38,4.37004e-07,348.313,6265.4,3.59828e-07,394.26,7870.83,3.98192e-07,446.268,9882.51,-1.92908e-07,505.135,12400.3,-2.20392e-07,571.766,15546.9,1.51705e-07,647.184,19472.2,5.74996e-07,732.547,24357.4,5.39112e-07,829.167,30420,5.07815e-09,938.526,37916.3,-4.11492e-07,1062.3,47143.9,-3.9561e-07,1202.4,58439.2,3.86185e-08,1360.96,72169.3,5.94093e-07,1540.42,88715.8,7.47693e-07,1743.53,108445,1.78537e-07,1973.41,131665,-4.12549e-07,2233.57,158557,-5.37164e-07,2528,189103,-1.17615e-07,2861.2,222986,5.66769e-07,3238.27,259510,9.45053e-07,3664.97,297540,4.25093e-07,4147.81,335497,-3.58506e-07,4694.17,371444,-6.7724e-07,5312.37,403256,1.67192e-07,1.61744,3.89446,9.84394,3.28846,7.5504,12.774,5.07607,11.7187,13.6844,7.03202,16.8147,13.9681,9.20215,23.1769,14.0566,11.6301,31.1672,14.0841,14.3598,41.2186,14.0927,17.4376,53.8688,14.0954,20.9137,69.7915,14.0962,24.8432,89.8341,14.0965,29.2879,115.063,14.0966,34.3168,146.819,14.0966,40.0078,186.792,14.0966,46.4487,237.107,14.0966,53.7388,300.44,14.0966,61.9903,380.158,14.0966,71.3301,480.499,14.0966,81.902,606.796,14.0966,93.8685,765.761,14.0966,107.414,965.837,14.0966,122.746,1217.65,14.0966,140.101,1534.57,14.0966,159.745,1933.41,14.0966,181.981,2435.3,14.0966,207.15,3066.85,14.0966,235.64,3861.46,14.0966,267.889,4861.11,14.0966,304.391,6118.54,14.0966,345.709,7699.91,14.0966,392.478,9688.22,14.0966,445.417,12187.5,14.0966,505.339,15327.7,14.0966,573.165,19271.6,14.0966,649.938,24222,14.0966,736.839,30430.9,14.0966,835.202,38211.5,14.0966,946.539,47950.3,14.0966,1072.56,60122.8,14.0966,1215.21,75309.9,14.0966,1376.66,94216.2,14.0966,1559.41,117688,14.0966,1766.26,146729,14.0966,2000.39,182510,14.0966,2265.39,226372,14.0966,2565.33,279806,14.0966,2904.81,344416,14.0966,3289.05,421845,14.0966,3723.93,513667,14.0966,4216.13,621231,14.0966,4773.18,745478,14.0966,5403.64,886744,14.0966,6117.15,1.04457e+06,14.0966,6924.63,1.2176e+06,14.0966,11.7194,11.96,12.6541,13.9321,16.1295,13.6434,16.6097,21.9702,13.9553,19.7532,29.5285,14.0526,23.3844,39.1143,14.0829,27.5423,51.2054,14.0923,32.2796,66.434,14.0953,37.662,85.6061,14.0962,43.7675,109.74,14.0965,50.687,140.119,14.0966,58.5249,178.359,14.0966,67.4005,226.493,14.0966,77.4493,287.08,14.0966,88.8254,363.343,14.0966,101.703,459.336,14.0966,116.281,580.161,14.0966,132.782,732.241,14.0966,151.46,923.655,14.0966,172.603,1164.57,14.0966,196.535,1467.79,14.0966,223.625,1849.39,14.0966,254.288,2329.62,14.0966,288.997,2933.93,14.0966,328.285,3694.33,14.0966,372.755,4651.04,14.0966,423.092,5854.57,14.0966,480.07,7368.38,14.0966,544.564,9272.08,14.0966,617.566,11665.5,14.0966,700.197,14673.6,14.0966,793.729,18452.9,14.0966,899.599,23198.6,14.0966,1019.43,29154.1,14.0966,1155.07,36622.3,14.0966,1308.6,45977.9,14.0966,1482.39,57683.7,14.0966,1679.09,72307.8,14.0966,1901.73,90542.8,14.0966,2153.73,113226,14.0966,2438.97,141360,14.0966,2761.81,176127,14.0966,3127.22,218898,14.0966,3540.81,271226,14.0966,4008.92,334817,14.0966,4538.74,411470,14.0966,5138.38,502973,14.0966,5817.04,610948,14.0966,6585.12,736653,14.0966,7454.39,880741,14.0966,8438.15,1.04302e+06,14.0966,9551.45,1.22224e+06,14.0966,10811.3,1.41602e+06,14.0966,12237,1.62086e+06,14.0966,11.7194,11.96,12.6541,2.21263,4.16949,0.989383,2.67766,5.84076,0.311842,3.14343,7.55825,0.0972771,3.63127,9.58578,0.0303237,4.15787,12.0912,0.00945211,4.73731,15.2286,0.00294633,5.38238,19.1721,0.000918508,6.10553,24.134,0.000286163,6.91951,30.3791,8.92692e-05,7.83792,38.2397,2.78121e-05,8.87555,48.1338,8.65134e-06,10.0489,60.5876,2.7882e-06,11.3761,76.2629,8.29036e-07,12.8779,95.9927,2.4373e-07,14.5775,120.825,4.33068e-09,16.5012,152.08,1.75749e-07,18.6784,191.415,-1.86328e-07,21.1428,240.917,1.91829e-07,23.9322,303.213,-1.81475e-07,27.0895,381.602,7.0186e-08,30.6634,480.231,-2.86769e-08,34.7087,604.316,2.40784e-07,39.2876,760.401,9.87368e-08,44.4705,956.705,1.22263e-07,50.3371,1203.54,-4.31966e-07,56.9776,1513.81,-1.9705e-07,64.494,1903.69,-2.763e-08,73.0018,2393.4,3.9185e-07,82.6317,3008.13,1.35379e-07,93.5318,3779.25,-4.16351e-08,105.869,4745.7,2.06965e-08,119.834,5955.6,-3.18887e-07,135.641,7468.12,-1.48271e-08,153.531,9355.62,2.00739e-07,173.781,11705.8,2.28358e-07,196.701,14624.1,-1.93587e-08,222.642,18235,-2.88101e-07,252.003,22683.4,-2.24732e-07,285.234,28134,8.56806e-09,322.845,34767,2.34258e-07,365.413,42770.9,2.99668e-07,413.588,52327.9,8.28644e-08,468.111,63591.2,-3.07049e-07,529.814,76653.2,-3.1888e-07,599.642,91502.5,-6.72276e-08,678.662,107975,2.26339e-07,768.083,125705,3.69212e-07,869.267,144088,2.04077e-07,983.76,162277,-2.80509e-07,1113.3,179223,-4.22737e-07,1259.87,193777,-1.71951e-07,1425.68,204839,4.55555e-07,11.7194,11.96,12.6541,2.21263,4.16949,0.989383,2.67766,5.84076,0.311842,3.14343,7.55825,0.0972771,3.63127,9.58578,0.0303237,4.15787,12.0912,0.00945211,4.73731,15.2286,0.00294633,5.38238,19.1721,0.000918508,6.10553,24.134,0.000286163,6.91951,30.3791,8.92692e-05,7.83792,38.2397,2.78121e-05,8.87555,48.1338,8.65134e-06,10.0489,60.5876,2.7882e-06,11.3761,76.2629,8.29036e-07,12.8779,95.9927,2.4373e-07,14.5775,120.825,1e-08,16.5012,152.08,1.75749e-07,18.6784,191.415,1e-08,21.1428,240.917,1.91829e-07,23.9322,303.213,1e-08,27.0895,381.602,7.0186e-08,30.6634,480.231,1e-08,34.7087,604.316,2.40784e-07,39.2876,760.401,9.87368e-08,44.4705,956.705,1.22263e-07,50.3371,1203.54,1e-08,56.9776,1513.81,1e-08,64.494,1903.69,1e-08,73.0018,2393.4,3.9185e-07,82.6317,3008.13,1.35379e-07,93.5318,3779.25,1e-08,105.869,4745.7,2.06965e-08,119.834,5955.6,1e-08,135.641,7468.12,1e-08,153.531,9355.62,2.00739e-07,173.781,11705.8,2.28358e-07,196.701,14624.1,1e-08,222.642,18235,1e-08,252.003,22683.4,1e-08,285.234,28134,1e-08,322.845,34767,2.34258e-07,365.413,42770.9,2.99668e-07,413.588,52327.9,8.28644e-08,468.111,63591.2,1e-08,529.814,76653.2,1e-08,599.642,91502.5,1e-08,678.662,107975,2.26339e-07,768.083,125705,3.69212e-07,869.267,144088,2.04077e-07,983.76,162277,1e-08,1113.3,179223,1e-08,1259.87,193777,1e-08,1425.68,204839,4.55555e-07,6.2823,3.27286,2.43537,0.219672,6.18826,2.24117,0.56371,6.87772,2.63624,0.308279,21,15,9,2,2,2,3,5,0,3,8,0,2,20,0,3,13,0,5,29,0,9,13,0,4,11,0,4,28,0,14,33,0,10,49,0,7,61,0,9,83,0,6,92,0,13,109,0,15,148,0,8,296,0,15,242,0,12,610,0,30,311,0,27,543,0,53,878,0,17,1096,0,9,1151,0,80,1401,0,31,1330,0,44,2689,0,70,2475,0,45,3052,0,120,4249,0,92,3635,0,50,3572,0,97,4560,0,95,12184,0,171,8971,0,135,5167,0,282,13219,0,357,35643,0,285,28622,0,317,35472,0,338,61591,0,386,95280,0,781,73130,0,395,42083,0,310,36238,0,488,96122,0,782,105271,0,1175,198572,0,774,301661,0,745,294949,0,1121,124842,0,776,363860,0
-1.05176e+08,1,8.88811e-15,10,1023,0,1.05176e+08,0.528882,1.08665,0.389689,0.145397,0.379329,3.24381,0.161596,0.446195,1.77396,0.159177,1.15e+07,4.49998e+06,6.79999e+06,1.15e+07,4.49997e+06,6.79999e+06,1.15e+07,4.49996e+06,6.79999e+06,1.15e+07,4.49995e+06,6.79999e+06,1.14999e+07,4.49993e+06,6.79999e+06,1.14999e+07,4.49991e+06,6.79999e+06,1.14999e+07,4.49989e+06,6.79999e+06,1.14999e+07,4.49986e+06,6.79999e+06,1.14999e+07,4.49982e+06,6.79999e+06,1.14999e+07,4.49977e+06,6.79999e+06,1.14999e+07,4.49971e+06,6.79999e+06,1.14999e+07,4.49963e+06,6.79999e+06,1.14998e+07,4.49953e+06,6.79999e+06,1.14998e+07,4.49941e+06,6.79999e+06,1.14998e+07,4.49926e+06,6.79999e+06,1.14998e+07,4.49906e+06,6.79999e+06,1.14997e+07,4.49882e+06,6.79999e+06,1.14997e+07,4.49851e+06,6.79999e+06,1.14997e+07,4.49812e+06,6.79999e+06,1.14996e+07,4.49764e+06,6.79999e+06,1.14996e+07,4.49702e+06,6.79999e+06,1.14995e+07,4.49625e+06,6.79999e+06,1.14995e+07,4.49528e+06,6.79999e+06,1.14994e+07,4.49406e+06,6.79999e+06,1.14993e+07,4.49253e+06,6.79999e+06,1.14992e+07,4.49059e+06,6.79999e+06,1.14991e+07,4.48817e+06,6.79999e+06,1.1499e+07,4.48511e+06,6.79999e+06,1.14988e+07,4.48128e+06,6.79999e+06,1.14987e+07,4.47646e+06,6.79999e+06,1.14985e+07,4.47041e+06,6.79999e+06,1.14983e+07,4.46281e+06,6.79999e+06,1.14981e+07,4.4533e+06,6.79999e+06,1.14979e+07,4.44138e+06,6.79999e+06,1.14976e+07,4.42649e+06,6.79999e+06,1.14972e+07,4.40789e+06,6.79999e+06,1.14969e+07,4.38471e+06,6.79999e+06,1.14965e+07,4.35592e+06,6.79999e+06,1.1496e+07,4.32027e+06,6.79999e+06,1.14955e+07,4.27629e+06,6.79999e+06,1.14949e+07,4.22231e+06,6.79999e+06,1.14942e+07,4.15647e+06,6.79999e+06,1.14934e+07,4.07676e+06,6.79999e+06,1.14926e+07,3.98112e+06,6.79999e+06,1.14916e+07,3.86765e+06,6.79999e+06,1.14905e+07,3.73474e+06,6.79999e+06,1.14892e+07,3.58148e+06,6.79999e+06,1.14878e+07,3.40785e+06,6.79999e+06,1.14862e+07,3.21513e+06,6.79999e+06,1.14844e+07,3.00605e+06,6.79999e+06,1.14823e+07,2.7848e+06,6.79999e+06,1.148e+07,2.5568e+06,6.79999e+06,1.14773e+07,2.32825e+06,6.79999e+06,13.5742,8.52444,0.508366,16.8306,13.2585,0.162638,20.0035,17.569,0.0507846,23.2616,22.4214,0.0158319,26.7328,28.3297,0.00493498,30.5212,35.6974,0.00153831,34.7178,44.9473,0.000479527,39.4086,56.5822,0.000149456,44.6796,71.2245,4.66214e-05,50.6209,89.6543,1.45419e-05,57.3297,112.852,4.54748e-06,64.9129,142.051,1.43857e-06,73.4897,178.803,4.36618e-07,83.1934,225.062,1.40153e-07,94.1745,283.286,4.96378e-08,106.602,356.568,1.05434e-07,120.669,448.799,-6.49244e-08,136.59,564.873,1.70148e-07,154.611,710.948,-5.34594e-08,175.008,894.767,1.63407e-07,198.097,1126.06,8.04804e-08,224.231,1417.07,1.14667e-07,253.813,1783.15,-1.71227e-07,287.297,2243.62,-2.88466e-07,325.198,2822.67,-4.33651e-07,368.098,3550.67,7.9318e-08,416.657,4465.65,3.13319e-07,471.621,5615.16,3.4613e-07,533.835,7058.61,-1.19199e-07,604.255,8870.02,-2.79964e-07,683.962,11141.4,-2.30521e-07,774.182,13986.7,-2.55099e-07,876.299,17546.4,1.23585e-07,991.883,21993.1,1.41192e-07,1122.71,27536.7,-9.71886e-08,1270.78,34430.7,-3.68368e-07,1438.38,42977.7,-3.45379e-07,1628.07,53532.7,-3.25328e-09,1842.77,66504.6,2.6362e-07,2085.77,82350.2,2.53445e-07,2360.79,101560,-2.47407e-08,2672.05,124632,-3.80602e-07,3024.31,152018,-4.79005e-07,3422.98,184060,-1.14379e-07,3874.15,220884,2.64297e-07,4384.72,262283,3.44131e-07,4962.49,307576,7.5349e-08,5616.29,355497,-3.63097e-07,6356.1,404126,-6.05442e-07,7193.18,450932,-2.72333e-07,8140.28,492963,2.29675e-07,9211.79,527178,4.3387e-07,10424,550893,-1.0711e-07,10.102,8.06553,2.81012,10.6436,8.57909,0.869423,11.5336,10.2515,0.270869,12.7211,12.7138,0.0844293,14.1823,15.9373,0.0263173,15.9122,20.0383,0.0082035,17.9198,25.2154,0.00255722,20.2244,31.7373,0.000797017,22.8539,39.9486,0.000248622,25.8438,50.2851,7.75492e-05,29.237,63.2963,2.42508e-05,33.0837,79.6738,7.67162e-06,37.4415,100.288,2.32837e-06,42.3767,126.236,7.33e-07,47.9646,158.896,2.79256e-07,54.2906,200.003,9.87351e-09,61.452,251.741,1.61085e-07,69.5585,316.859,-2.47141e-07,78.7347,398.812,8.93552e-08,89.1218,501.948,-2.53231e-07,100.879,631.736,-1.25047e-07,114.188,795.049,-1.78808e-07,129.252,1000.53,2.6733e-07,146.304,1259.03,4.50292e-07,165.605,1584.19,6.76904e-07,187.452,1993.12,-1.23808e-07,212.181,2507.27,-4.89068e-07,240.173,3153.54,-5.40284e-07,271.856,3965.56,1.86061e-07,307.719,4985.38,4.37004e-07,348.313,6265.4,3.59828e-07,394.26,7870.83,3.98192e-07,446.268,9882.51,-1.92908e-07,505.135,12400.3,-2.20392e-07,571.766,15546.9,1.51705e-07,647.184,19472.2,5.74996e-07,732.547,24357.4,5.39112e-07,829.167,30420,5.07815e-09,938.526,37916.3,-4.11492e-07,1062.3,47143.9,-3.9561e-07,1202.4,58439.2,3.86185e-08,1360.96,72169.3,5.94093e-07,1540.42,88715.8,7.47693e-07,1743.53,108445,1.78537e-07,1973.41,131665,-4.12549e-07,2233.57,158557,-5.37164e-07,2528,189103,-1.17615e-07,2861.2,222986,5.66769e-07,3238.27,259510,9.45053e-07,3664.97,297540,4.25093e-07,4147.81,335497,-3.58506e-07,4694.17,371444,-6.7724e-07,5312.37,403256,1.67192e-07,1.61744,3.89446,9.84394,3.28846,7.5504,12.774,5.07607,11.7187,13.6844,7.03202,16.8147,13.9681,9.20215,23.1769,14.0566,11.6301,31.1672,14.0841,14.3598,41.2186,14.0927,17.4376,53.8688,14.0954,20.9137,69.7915,14.0962,24.8432,89.8341,14.0965,29.2879,115.063,14.0966,34.3168,146.819,14.0966,40.0078,186.792,14.0966,46.4487,237.107,14.0966,53.7388,300.44,14.0966,61.9903,380.158,14.0966,71.3301,480.499,14.0966,81.902,606.796,14.0966,93.8685,765.761,14.0966,107.414,965.837,14.0966,122.746,1217.65,14.0966,140.101,1534.57,14.0966,159.745,1933.41,14.0966,181.981,2435.3,14.0966,207.15,3066.85,14.0966,235.64,3861.46,14.0966,267.889,4861.11,14.0966,304.391,6118.54,14.0966,345.709,7699.91,14.0966,392.478,9688.22,14.0966,445.417,12187.5,14.0966,505.339,15327.7,14.0966,573.165,19271.6,14.0966,649.938,24222,14.0966,736.839,30430.9,14.0966,835.202,38211.5,14.0966,946.539,47950.3,14.0966,1072.56,60122.8,14.0966,1215.21,75309.9,14.0966,1376.66,94216.2,14.0966,1559.41,117688,14.0966,1766.26,146729,14.0966,2000.39,182510,14.0966,2265.39,226372,14.0966,2565.33,279806,14.0966,2904.81,344416,14.0966,3289.05,421845,14.0966,3723.93,513667,14.0966,4216.13,621231,14.0966,4773.18,745478,14.0966,5403.64,886744,14.0966,6117.15,1.04457e+06,14.0966,6924.63,1.2176e+06,14.0966,11.7194,11.96,12.6541,13.9321,16.1295,13.6434,16.6097,21.9702,13.9553,19.7532,29.5285,14.0526,23.3844,39.1143,14.0829,27.5423,51.2054,14.0923,32.2796,66.434,14.0953,37.662,85.6061,14.0962,43.7675,109.74,14.0965,50.687,140.119,14.0966,58.5249,178.359,14.0966,67.4005,226.493,14.0966,77.4493,287.08,14.0966,88.8254,363.343,14.0966,101.703,459.336,14.0966,116.281,580.161,14.0966,132.782,732.241,14.0966,151.46,923.655,14.0966,172.603,1164.57,14.0966,196.535,1467.79,14.0966,223.625,1849.39,14.0966,254.288,2329.62,14.0966,288.997,2933.93,14.0966,328.285,3694.33,14.0966,372.755,4651.04,14.0966,423.092,5854.57,14.0966,480.07,7368.38,14.0966,544.564,9272.08,14.0966,617.566,11665.5,14.0966,700.197,14673.6,14.0966,793.729,18452.9,14.0966,899.599,23198.6,14.0966,1019.43,29154.1,14.0966,1155.07,36622.3,14.0966,1308.6,45977.9,14.0966,1482.39,57683.7,14.0966,1679.09,72307.8,14.0966,1901.73,90542.8,14.0966,2153.73,113226,14.0966,2438.97,141360,14.0966,2761.81,176127,14.0966,3127.22,218898,14.0966,3540.81,271226,14.0966,4008.92,334817,14.0966,4538.74,411470,14.0966,5138.38,502973,14.0966,5817.04,610948,14.0966,6585.12,736653,14.0966,7454.39,880741,14.0966,8438.15,1.04302e+06,14.0966,9551.45,1.22224e+06,14.0966,10811.3,1.41602e+06,14.0966,12237,1.62086e+06,14.0966,11.7194,11.96,12.6541,2.21263,4.16949,0.989383,2.67766,5.84076,0.311842,3.14343,7.55825,0.0972771,3.63127,9.58578,0.0303237,4.15787,12.0912,0.00945211,4.73731,15.2286,0.00294633,5.38238,19.1721,0.000918508,6.10553,24.134,0.000286163,6.91951,30.3791,8.92692e-05,7.83792,38.2397,2.78121e-05,8.87555,48.1338,8.65134e-06,10.0489,60.5876,2.7882e-06,11.3761,76.2629,8.29036e-07,12.8779,95.9927,2.4373e-07,14.5775,120.825,4.33068e-09,16.5012,152.08,1.75749e-07,18.6784,191.415,-1.86328e-07,21.1428,240.917,1.91829e-07,23.9322,303.213,-1.81475e-07,27.0895,381.602,7.0186e-08,30.6634,480.231,-2.86769e-08,34.7087,604.316,2.40784e-07,39.2876,760.401,9.87368e-08,44.4705,956.705,1.22263e-07,50.3371,1203.54,-4.31966e-07,56.9776,1513.81,-1.9705e-07,64.494,1903.69,-2.763e-08,73.0018,2393.4,3.9185e-07,82.6317,3008.13,1.35379e-07,93.5318,3779.25,-4.16351e-08,105.869,4745.7,2.06965e-08,119.834,5955.6,-3.18887e-07,135.641,7468.12,-1.48271e-08,153.531,9355.62,2.00739e-07,173.781,11705.8,2.28358e-07,196.701,14624.1,-1.93587e-08,222.642,18235,-2.88101e-07,252.003,22683.4,-2.24732e-07,285.234,28134,8.56806e-09,322.845,34767,2.34258e-07,365.413,42770.9,2.99668e-07,413.588,52327.9,8.28644e-08,468.111,63591.2,-3.07049e-07,529.814,76653.2,-3.1888e-07,599.642,91502.5,-6.72276e-08,678.662,107975,2.26339e-07,768.083,125705,3.69212e-07,869.267,144088,2.04077e-07,983.76,162277,-2.80509e-07,1113.3,179223,-4.22737e-07,1259.87,193777,-1.71951e-07,1425.68,204839,4.55555e-07,11.7194,11.96,12.6541,2.21263,4.16949,0.989383,2.67766,5.84076,0.311842,3.14343,7.55825,0.0972771,3.63127,9.58578,0.0303237,4.15787,12.0912,0.00945211,4.73731,15.2286,0.00294633,5.38238,19.1721,0.000918508,6.10553,24.134,0.000286163,6.91951,30.3791,8.92692e-05,7.83792,38.2397,2.78121e-05,8.87555,48.1338,8.65134e-06,10.0489,60.5876,2.7882e-06,11.3761,76.2629,8.29036e-07,12.8779,95.9927,2.4373e-07,14.5775,120.825,1e-08,16.5012,152.08,1.75749e-07,18.6784,191.415,1e-08,21.1428,240.917,1.91829e-07,23.9322,303.213,1e-08,27.0895,381.602,7.0186e-08,30.6634,480.231,1e-08,34.7087,604.316,2.40784e-07,39.2876,760.401,9.87368e-08,44.4705,956.705,1.22263e-07,50.3371,1203.54,1e-08,56.9776,1513.81,1e-08,64.494,1903.69,1e-08,73.0018,2393.4,3.9185e-07,82.6317,3008.13,1.35379e-07,93.5318,3779.25,1e-08,105.869,4745.7,2.06965e-08,119.834,5955.6,1e-08,135.641,7468.12,1e-08,153.531,9355.62,2.00739e-07,173.781,11705.8,2.28358e-07,196.701,14624.1,1e-08,222.642,18235,1e-08,252.003,22683.4,1e-08,285.234,28134,1e-08,322.845,34767,2.34258e-07,365.413,42770.9,2.99668e-07,413.588,52327.9,8.28644e-08,468.111,63591.2,1e-08,529.814,76653.2,1e-08,599.642,91502.5,1e-08,678.662,107975,2.26339e-07,768.083,125705,3.69212e-07,869.267,144088,2.04077e-07,983.76,162277,1e-08,1113.3,179223,1e-08,1259.87,193777,1e-08,1425.68,204839,4.55555e-07,6.2823,3.27286,2.43537,0.219672,6.18826,2.24117,0.56371,6.87772,2.63624,0.308279,7,13,13,1,5,3,2,3,0,4,9,0,4,10,0,2,22,0,5,10,0,3,14,0,9,25,0,5,23,0,7,37,0,7,22,0,17,73,0,11,65,0,9,43,0,13,125,0,17,179,0,39,283,0,23,298,0,11,431,0,18,228,0,22,618,0,69,545,0,31,757,0,44,869,0,53,490,0,46,969,0,78,1107,0,73,225,0,116,2442,0,114,1798,0,137,3610,0,102,8001,0,102,9592,0,172,9637,0,255,8305,0,129,16128,0,343,33516,0,269,14393,0,303,27399,0,479,46615,0,320,72555,0,433,71602,0,263,86597,0,965,66916,0,324,96284,0,360,106966,0,625,80852,0,1079,232201,0,1142,297499,0,1376,208054,0,439,119543,0,2564,333909,0
-1.05176e+08,1,8.88811e-15,10,1023,0,1.05176e+08,0.528882,1.08665,0.389689,0.145397,0.379329,3.24381,0.161596,0.446195,1.77396,0.159177,1.15e+07,4.49998e+06,6.79999e+06,1.15e+07,4.49997e+06,6.79999e+06,1.15e+07,4.49996e+06,6.79999e+06,1.15e+07,4.49995e+06,6.79999e+06,1.14999e+07,4.49993e+06,6.79999e+06,1.14999e+07,4.49991e+06,6.79999e+06,1.14999e+07,4.49989e+06,6.79999e+06,1.14999e+07,4.49986e+06,6.79999e+06,1.14999e+07,4.49982e+06,6.79999e+06,1.14999e+07,4.49977e+06,6.79999e+06,1.14999e+07,4.49971e+06,6.79999e+06,1.14999e+07,4.49963e+06,6.79999e+06,1.14998e+07,4.49953e+06,6.79999e+06,1.14998e+07,4.49941e+06,6.79999e+06,1.14998e+07,4.49926e+06,6.79999e+06,1.14998e+07,4.49906e+06,6.79999e+06,1.14997e+07,4.49882e+06,6.79999e+06,1.14997e+07,4.49851e+06,6.79999e+06,1.14997e+07,4.49812e+06,6.79999e+06,1.14996e+07,4.49764e+06,6.79999e+06,1.14996e+07,4.49702e+06,6.79999e+06,1.14995e+07,4.49625e+06,6.79999e+06,1.14995e+07,4.49528e+06,6.79999e+06,1.14994e+07,4.49406e+06,6.79999e+06,1.14993e+07,4.49253e+06,6.79999e+06,1.14992e+07,4.49059e+06,6.79999e+06,1.14991e+07,4.48817e+06,6.79999e+06,1.1499e+07,4.48511e+06,6.79999e+06,1.14988e+07,4.48128e+06,6.79999e+06,1.14987e+07,4.47646e+06,6.79999e+06,1.14985e+07,4.47041e+06,6.79999e+06,1.14983e+07,4.46281e+06,6.79999e+06,1.14981e+07,4.4533e+06,6.79999e+06,1.14979e+07,4.44138e+06,6.79999e+06,1.14976e+07,4.42649e+06,6.79999e+06,1.14972e+07,4.40789e+06,6.79999e+06,1.14969e+07,4.38471e+06,6.79999e+06,1.14965e+07,4.35592e+06,6.79999e+06,1.1496e+07,4.32027e+06,6.79999e+06,1.14955e+07,4.27629e+06,6.79999e+06,1.14949e+07,4.22231e+06,6.79999e+06,1.14942e+07,4.15647e+06,6.79999e+06,1.14934e+07,4.07676e+06,6.79999e+06,1.14926e+07,3.98112e+06,6.79999e+06,1.14916e+07,3.86765e+06,6.79999e+06,1.14905e+07,3.73474e+06,6.79999e+06,1.14892e+07,3.58148e+06,6.79999e+06,1.14878e+07,3.40785e+06,6.79999e+06,1.14862e+07,3.21513e+06,6.79999e+06,1.14844e+07,3.00605e+06,6.79999e+06,1.14823e+07,2.7848e+06,6.79999e+06,1.148e+07,2.5568e+06,6.79999e+06,1.14773e+07,2.32825e+06,6.79999e+06,13.5742,8.52444,0.508366,16.8306,13.2585,0.162638,20.0035,17.569,0.0507846,23.2616,22.4214,0.0158319,26.7328,28.3297,0.00493498,30.5212,35.6974,0.00153831,34.7178,44.9473,0.000479527,39.4086,56.5822,0.000149456,44.6796,71.2245,4.66214e-05,50.6209,89.6543,1.45419e-05,57.3297,112.852,4.54748e-06,64.9129,142.051,1.43857e-06,73.4897,178.803,4.36618e-07,83.1934,225.062,1.40153e-07,94.1745,283.286,4.96378e-08,106.602,356.568,1.05434e-07,120.669,448.799,-6.49244e-08,136.59,564.873,1.70148e-07,154.611,710.948,-5.34594e-08,175.008,894.767,1.63407e-07,198.097,1126.06,8.04804e-08,224.231,1417.07,1.14667e-07,253.813,1783.15,-1.71227e-07,287.297,2243.62,-2.88466e-07,325.198,2822.67,-4.33651e-07,368.098,3550.67,7.9318e-08,416.657,4465.65,3.13319e-07,471.621,5615.16,3.4613e-07,533.835,7058.61,-1.19199e-07,604.255,8870.02,-2.79964e-07,683.962,11141.4,-2.30521e-07,774.182,13986.7,-2.55099e-07,876.299,17546.4,1.23585e-07,991.883,21993.1,1.41192e-07,1122.71,27536.7,-9.71886e-08,1270.78,34430.7,-3.68368e-07,1438.38,42977.7,-3.45379e-07,1628.07,53532.7,-3.25328e-09,1842.77,66504.6,2.6362e-07,2085.77,82350.2,2.53445e-07,2360.79,101560,-2.47407e-08,2672.05,124632,-3.80602e-07,3024.31,152018,-4.79005e-07,3422.98,184060,-1.14379e-07,3874.15,220884,2.64297e-07,4384.72,262283,3.44131e-07,4962.49,307576,7.5349e-08,5616.29,355497,-3.63097e-07,6356.1,404126,-6.05442e-07,7193.18,450932,-2.72333e-07,8140.28,492963,2.29675e-07,9211.79,527178,4.3387e-07,10424,550893,-1.0711e-07,10.102,8.06553,2.81012,10.6436,8.57909,0.869423,11.5336,10.2515,0.270869,12.7211,12.7138,0.0844293,14.1823,15.9373,0.0263173,15.9122,20.0383,0.0082035,17.9198,25.2154,0.00255722,20.2244,31.7373,0.000797017,22.8539,39.9486,0.000248622,25.8438,50.2851,7.75492e-05,29.237,63.2963,2.42508e-05,33.0837,79.6738,7.67162e-06,37.4415,100.288,2.32837e-06,42.3767,126.236,7.33e-07,47.9646,158.896,2.79256e-07,54.2906,200.003,9.87351e-09,61.452,251.741,1.61085e-07,69.5585,316.859,-2.47141e-07,78.7347,398.812,8.93552e-08,89.1218,501.948,-2.53231e-07,100.879,631.736,-1.25047e-07,114.188,795.049,-1.78808e-07,129.252,1000.53,2.6733e-07,146.304,1259.03,4.50292e-07,165.605,1584.19,6.76904e-07,187.452,1993.12,-1.23808e-07,212.181,2507.27,-4.89068e-07,240.173,3153.54,-5.40284e-07,271.856,3965.56,1.86061e-07,307.719,4985.38,4.37004e-07,348.313,6265.4,3.59828e-07,394.26,7870.83,3.98192e-07,446.268,9882.51,-1.92908e-07,505.135,12400.3,-2.20392e-07,571.766,15546.9,1.51705e-07,647.184,19472.2,5.74996e-07,732.547,24357.4,5.39112e-07,829.167,30420,5.07815e-09,938.526,37916.3,-4.11492e-07,1062.3,47143.9,-3.9561e-07,1202.4,58439.2,3.86185e-08,1360.96,72169.3,5.94093e-07,1540.42,88715.8,7.47693e-07,1743.53,108445,1.78537e-07,1973.41,131665,-4.12549e-07,2233.57,158557,-5.37164e-07,2528,189103,-1.17615e-07,2861.2,222986,5.66769e-07,3238.27,259510,9.45053e-07,3664.97,297540,4.25093e-07,4147.81,335497,-3.58506e-07,4694.17,371444,-6.7724e-07,5312.37,403256,1.67192e-07,1.61744,3.89446,9.84394,3.28846,7.5504,12.774,5.07607,11.7187,13.6844,7.03202,16.8147,13.9681,9.20215,23.1769,14.0566,11.6301,31.1672,14.0841,14.3598,41.2186,14.0927,17.4376,53.8688,14.0954,20.9137,69.7915,14.0962,24.8432,89.8341,14.0965,29.2879,115.063,14.0966,34.3168,146.819,14.0966,40.0078,186.792,14.0966,46.4487,237.107,14.0966,53.7388,300.44,14.0966,61.9903,380.158,14.0966,71.3301,480.499,14.0966,81.902,606.796,14.0966,93.8685,765.761,14.0966,107.414,965.837,14.0966,122.746,1217.65,14.0966,140.101,1534.57,14.0966,159.745,1933.41,14.0966,181.981,2435.3,14.0966,207.15,3066.85,14.0966,235.64,3861.46,14.0966,267.889,4861.11,14.0966,304.391,6118.54,14.0966,345.709,7699.91,14.0966,392.478,9688.22,14.0966,445.417,12187.5,14.0966,505.339,15327.7,14.0966,573.165,19271.6,14.0966,649.938,24222,14.0966,736.839,30430.9,14.0966,835.202,38211.5,14.0966,946.539,47950.3,14.0966,1072.56,60122.8,14.0966,1215.21,75309.9,14.0966,1376.66,94216.2,14.0966,1559.41,117688,14.0966,1766.26,146729,14.0966,2000.39,182510,14.0966,2265.39,226372,14.0966,2565.33,279806,14.0966,2904.81,344416,14.0966,3289.05,421845,14.0966,3723.93,513667,14.0966,4216.13,621231,14.0966,4773.18,745478,14.0966,5403.64,886744,14.0966,6117.15,1.04457e+06,14.0966,6924.63,1.2176e+06,14.0966,11.7194,11.96,12.6541,13.9321,16.1295,13.6434,16.6097,21.9702,13.9553,19.7532,29.5285,14.0526,23.3844,39.1143,14.0829,27.5423,51.2054,14.0923,32.2796,66.434,14.0953,37.662,85.6061,14.0962,43.7675,109.74,14.0965,50.687,140.119,14.0966,58.5249,178.359,14.0966,67.4005,226.493,14.0966,77.4493,287.08,14.0966,88.8254,363.343,14.0966,101.703,459.336,14.0966,116.281,580.161,14.0966,132.782,732.241,14.0966,151.46,923.655,14.0966,172.603,1164.57,14.0966,196.535,1467.79,14.0966,223.625,1849.39,14.0966,254.288,2329.62,14.0966,288.997,2933.93,14.0966,328.285,3694.33,14.0966,372.755,4651.04,14.0966,423.092,5854.57,14.0966,480.07,7368.38,14.0966,544.564,9272.08,14.0966,617.566,11665.5,14.0966,700.197,14673.6,14.0966,793.729,18452.9,14.0966,899.599,23198.6,14.0966,1019.43,29154.1,14.0966,1155.07,36622.3,14.0966,1308.6,45977.9,14.0966,1482.39,57683.7,14.0966,1679.09,72307.8,14.0966,1901.73,90542.8,14.0966,2153.73,113226,14.0966,2438.97,141360,14.0966,2761.81,176127,14.0966,3127.22,218898,14.0966,3540.81,271226,14.0966,4008.92,334817,14.0966,4538.74,411470,14.0966,5138.38,502973,14.0966,5817.04,610948,14.0966,6585.12,736653,14.0966,7454.39,880741,14.0966,8438.15,1.04302e+06,14.0966,9551.45,1.22224e+06,14.0966,10811.3,1.41602e+06,14.0966,12237,1.62086e+06,14.0966,11.7194,11.96,12.6541,2.21263,4.16949,0.989383,2.67766,5.84076,0.311842,3.14343,7.55825,0.0972771,3.63127,9.58578,0.0303237,4.15787,12.0912,0.00945211,4.73731,15.2286,0.00294633,5.38238,19.1721,0.000918508,6.10553,24.134,0.000286163,6.91951,30.3791,8.92692e-05,7.83792,38.2397,2.78121e-05,8.87555,48.1338,8.65134e-06,10.0489,60.5876,2.7882e-06,11.3761,76.2629,8.29036e-07,12.8779,95.9927,2.4373e-07,14.5775,120.825,4.33068e-09,16.5012,152.08,1.75749e-07,18.6784,191.415,-1.86328e-07,21.1428,240.917,1.91829e-07,23.9322,303.213,-1.81475e-07,27.0895,381.602,7.0186e-08,30.6634,480.231,-2.86769e-08,34.7087,604.316,2.40784e-07,39.2876,760.401,9.87368e-08,44.4705,956.705,1.22263e-07,50.3371,1203.54,-4.31966e-07,56.9776,1513.81,-1.9705e-07,64.494,1903.69,-2.763e-08,73.0018,2393.4,3.9185e-07,82.6317,3008.13,1.35379e-07,93.5318,3779.25,-4.16351e-08,105.869,4745.7,2.06965e-08,119.834,5955.6,-3.18887e-07,135.641,7468.12,-1.48271e-08,153.531,9355.62,2.00739e-07,173.781,11705.8,2.28358e-07,196.701,14624.1,-1.93587e-08,222.642,18235,-2.88101e-07,252.003,22683.4,-2.24732e-07,285.234,28134,8.56806e-09,322.845,34767,2.34258e-07,365.413,42770.9,2.99668e-07,413.588,52327.9,8.28644e-08,468.111,63591.2,-3.07049e-07,529.814,76653.2,-3.1888e-07,599.642,91502.5,-6.72276e-08,678.662,107975,2.26339e-07,768.083,125705,3.69212e-07,869.267,144088,2.04077e-07,983.76,162277,-2.80509e-07,1113.3,179223,-4.22737e-07,1259.87,193777,-1.71951e-07,1425.68,204839,4.55555e-07,11.7194,11.96,12.6541,2.21263,4.16949,0.989383,2.67766,5.84076,0.311842,3.14343,7.55825,0.0972771,3.63127,9.58578,0.0303237,4.15787,12.0912,0.00945211,4.73731,15.2286,0.00294633,5.38238,19.1721,0.000918508,6.10553,24.134,0.000286163,6.91951,30.3791,8.92692e-05,7.83792,38.2397,2.78121e-05,8.87555,48.1338,8.65134e-06,10.0489,60.5876,2.7882e-06,11.3761,76.2629,8.29036e-07,12.8779,95.9927,2.4373e-07,14.5775,120.825,1e-08,16.5012,152.08,1.75749e-07,18.6784,191.415,1e-08,21.1428,240.917,1.91829e-07,23.9322,303.213,1e-08,27.0895,381.602,7.0186e-08,30.6634,480.231,1e-08,34.7087,604.316,2.40784e-07,39.2876,760.401,9.87368e-08,44.4705,956.705,1.22263e-07,50.3371,1203.54,1e-08,56.9776,1513.81,1e-08,64.494,1903.69,1e-08,73.0018,2393.4,3.9185e-07,82.6317,3008.13,1.35379e-07,93.5318,3779.25,1e-08,105.869,4745.7,2.06965e-08,119.834,5955.6,1e-08,135.641,7468.12,1e-08,153.531,9355.62,2.00739e-07,173.781,11705.8,2.28358e-07,196.701,14624.1,1e-08,222.642,18235,1e-08,252.003,22683.4,1e-08,285.234,28134,1e-08,322.845,34767,2.34258e-07,365.413,42770.9,2.99668e-07,413.588,52327.9,8.28644e-08,468.111,63591.2,1e-08,529.814,76653.2,1e-08,599.642,91502.5,1e-08,678.662,107975,2.26339e-07,768.083,125705,3.69212e-07,869.267,144088,2.04077e-07,983.76,162277,1e-08,1113.3,179223,1e-08,1259.87,193777,1e-08,1425.68,204839,4.55555e-07,6.2823,3.27286,2.43537,0.219672,6.18826,2.24117,0.56371,6.87772,2.63624,0.308279,7,13,20,2,3,0,4,6,0,2,9,0,2,16,0,7,5,0,8,8,0,7,30,0,7,46,0,1,26,0,12,33,0,10,58,0,12,61,0,9,72,0,6,136,0,16,116,0,13,183,0,20,278,0,15,193,0,28,398,0,17,256,0,32,330,0,38,916,0,45,694,0,43,642,0,54,1776,0,46,1751,0,32,1723,0,59,3061,0,85,3055,0,115,4162,0,49,2716,0,60,5562,0,66,10822,0,249,11524,0,172,12238,0,214,12264,0,139,16973,0,279,27775,0,303,13048,0,260,19815,0,541,48826,0,221,98815,0,316,24733,0,428,71906,0,431,129047,0,1330,83860,0,334,146908,0,1029,116720,0,815,104629,0,747,241610,0,938,175940,0,1901,137557,0
-1.05176e+08,1,8.88811e-15,10,1023,0,1.05176e+08,0.528882,1.08665,0.389689,0.145397,0.379329,3.24381,0.161596,0.446195,1.77396,0.159177,1.15e+07,4.49998e+06,6.79999e+06,1.15e+07,4.49997e+06,6.79999e+06,1.15e+07,4.49996e+06,6.79999e+06,1.15e+07,4.49995e+06,6.79999e+06,1.14999e+07,4.49993e+06,6.79999e+06,1.14999e+07,4.49991e+06,6.79999e+06,1.14999e+07,4.49989e+06,6.79999e+06,1.14999e+07,4.49986e+06,6.79999e+06,1.14999e+07,4.49982e+06,6.79999e+06,1.14999e+07,4.49977e+06,6.79999e+06,1.14999e+07,4.49971e+06,6.79999e+06,1.14999e+07,4.49963e+06,6.79999e+06,1.14998e+07,4.49953e+06,6.79999e+06,1.14998e+07,4.49941e+06,6.79999e+06,1.14998e+07,4.49926e+06,6.79999e+06,1.14998e+07,4.49906e+06,6.79999e+06,1.14997e+07,4.49882e+06,6.79999e+06,1.14997e+07,4.49851e+06,6.79999e+06,1.14997e+07,4.49812e+06,6.79999e+06,1.14996e+07,4.49764e+06,6.79999e+06,1.14996e+07,4.49702e+06,6.79999e+06,1.14995e+07,4.49625e+06,6.79999e+06,1.14995e+07,4.49528e+06,6.79999e+06,1.14994e+07,4.49406e+06,6.79999e+06,1.14993e+07,4.49253e+06,6.79999e+06,1.14992e+07,4.49059e+06,6.79999e+06,1.14991e+07,4.48817e+06,6.79999e+06,1.1499e+07,4.48511e+06,6.79999e+06,1.14988e+07,4.48128e+06,6.79999e+06,1.14987e+07,4.47646e+06,6.79999e+06,1.14985e+07,4.47041e+06,6.79999e+06,1.14983e+07,4.46281e+06,6.79999e+06,1.14981e+07,4.4533e+06,6.79999e+06,1.14979e+07,4.44138e+06,6.79999e+06,1.14976e+07,4.42649e+06,6.79999e+06,1.14972e+07,4.40789e+06,6.79999e+06,1.14969e+07,4.38471e+06,6.79999e+06,1.14965e+07,4.35592e+06,6.79999e+06,1.1496e+07,4.32027e+06,6.79999e+06,1.14955e+07,4.27629e+06,6.79999e+06,1.14949e+07,4.22231e+06,6.79999e+06,1.14942e+07,4.15647e+06,6.79999e+06,1.14934e+07,4.07676e+06,6.79999e+06,1.14926e+07,3.98112e+06,6.79999e+06,1.14916e+07,3.86765e+06,6.79999e+06,1.14905e+07,3.73474e+06,6.79999e+06,1.14892e+07,3.58148e+06,6.79999e+06,1.14878e+07,3.40785e+06,6.79999e+06,1.14862e+07,3.21513e+06,6.79999e+06,1.14844e+07,3.00605e+06,6.79999e+06,1.14823e+07,2.7848e+06,6.79999e+06,1.148e+07,2.5568e+06,6.79999e+06,1.14773e+07,2.32825e+06,6.79999e+06,13.5742,8.52444,0.508366,16.8306,13.2585,0.162638,20.0035,17.569,0.0507846,23.2616,22.4214,0.0158319,26.7328,28.3297,0.00493498,30.5212,35.6974,0.00153831,34.7178,44.9473,0.000479527,39.4086,56.5822,0.000149456,44.6796,71.2245,4.66214e-05,50.6209,89.6543,1.45419e-05,57.3297,112.852,4.54748e-06,64.9129,142.051,1.43857e-06,73.4897,178.803,4.36618e-07,83.1934,225.062,1.40153e-07,94.1745,283.286,4.96378e-08,106.602,356.568,1.05434e-07,120.669,448.799,-6.49244e-08,136.59,564.873,1.70148e-07,154.611,710.948,-5.34594e-08,175.008,894.767,1.63407e-07,198.097,1126.06,8.04804e-08,224.231,1417.07,1.14667e-07,253.813,1783.15,-1.71227e-07,287.297,2243.62,-2.88466e-07,325.198,2822.67,-4.33651e-07,368.098,3550.67,7.9318e-08,416.657,4465.65,3.13319e-07,471.621,5615.16,3.4613e-07,533.835,7058.61,-1.19199e-07,604.255,8870.02,-2.79964e-07,683.962,11141.4,-2.30521e-07,774.182,13986.7,-2.55099e-07,876.299,17546.4,1.23585e-07,991.883,21993.1,1.41192e-07,1122.71,27536.7,-9.71886e-08,1270.78,34430.7,-3.68368e-07,1438.38,42977.7,-3.45379e-07,1628.07,53532.7,-3.25328e-09,1842.77,66504.6,2.6362e-07,2085.77,82350.2,2.53445e-07,2360.79,101560,-2.47407e-08,2672.05,124632,-3.80602e-07,3024.31,152018,-4.79005e-07,3422.98,184060,-1.14379e-07,3874.15,220884,2.64297e-07,4384.72,262283,3.44131e-07,4962.49,307576,7.5349e-08,5616.29,355497,-3.63097e-07,6356.1,404126,-6.05442e-07,7193.18,450932,-2.72333e-07,8140.28,492963,2.29675e-07,9211.79,527178,4.3387e-07,10424,550893,-1.0711e-07,10.102,8.06553,2.81012,10.6436,8.57909,0.869423,11.5336,10.2515,0.270869,12.7211,12.7138,0.0844293,14.1823,15.9373,0.0263173,15.9122,20.0383,0.0082035,17.9198,25.2154,0.00255722,20.2244,31.7373,0.000797017,22.8539,39.9486,0.000248622,25.8438,50.2851,7.75492e-05,29.237,63.2963,2.42508e-05,33.0837,79.6738,7.67162e-06,37.4415,100.288,2.32837e-06,42.3767,126.236,7.33e-07,47.9646,158.896,2.79256e-07,54.2906,200.003,9.87351e-09,61.452,251.741,1.61085e-07,69.5585,316.859,-2.47141e-07,78.7347,398.812,8.93552e-08,89.1218,501.948,-2.53231e-07,100.879,631.736,-1.25047e-07,114.188,795.049,-1.78808e-07,129.252,1000.53,2.6733e-07,146.304,1259.03,4.50292e-07,165.605,1584.19,6.76904e-07,187.452,1993.12,-1.23808e-07,212.181,2507.27,-4.89068e-07,240.173,3153.54,-5.40284e-07,271.856,3965.56,1.86061e-07,307.719,4985.38,4.37004e-07,348.313,6265.4,3.59828e-07,394.26,7870.83,3.98192e-07,446.268,9882.51,-1.92908e-07,505.135,12400.3,-2.20392e-07,571.766,15546.9,1.51705e-07,647.184,19472.2,5.74996e-07,732.547,24357.4,5.39112e-07,829.167,30420,5.07815e-09,938.526,37916.3,-4.11492e-07,1062.3,47143.9,-3.9561e-07,1202.4,58439.2,3.86185e-08,1360.96,72169.3,5.94093e-07,1540.42,88715.8,7.47693e-07,1743.53,108445,1.78537e-07,1973.41,131665,-4.12549e-07,2233.57,158557,-5.37164e-07,2528,189103,-1.17615e-07,2861.2,222986,5.66769e-07,3238.27,259510,9.45053e-07,3664.97,297540,4.25093e-07,4147.81,335497,-3.58506e-07,4694.17,371444,-6.7724e-07,5312.37,403256,1.67192e-07,1.61744,3.89446,9.84394,3.28846,7.5504,12.774,5.07607,11.7187,13.6844,7.03202,16.8147,13.9681,9.20215,23.1769,14.0566,11.6301,31.1672,14.0841,14.3598,41.2186,14.0927,17.4376,53.8688,14.0954,20.9137,69.7915,14.0962,24.8432,89.8341,14.0965,29.2879,115.063,14.0966,34.3168,146.819,14.0966,40.0078,186.792,14.0966,46.4487,237.107,14.0966,53.7388,300.44,14.0966,61.9903,380.158,14.0966,71.3301,480.499,14.0966,81.902,606.796,14.0966,93.8685,765.761,14.0966,107.414,965.837,14.0966,122.746,1217.65,14.0966,140.101,1534.57,14.0966,159.745,1933.41,14.0966,181.981,2435.3,14.0966,207.15,3066.85,14.0966,235.64,3861.46,14.0966,267.889,4861.11,14.0966,304.391,6118.54,14.0966,345.709,7699.91,14.0966,392.478,9688.22,14.0966,445.417,12187.5,14.0966,505.339,15327.7,14.0966,573.165,19271.6,14.0966,649.938,24222,14.0966,736.839,30430.9,14.0966,835.202,38211.5,14.0966,946.539,47950.3,14.0966,1072.56,60122.8,14.0966,1215.21,75309.9,14.0966,1376.66,94216.2,14.0966,1559.41,117688,14.0966,1766.26,146729,14.0966,2000.39,182510,14.0966,2265.39,226372,14.0966,2565.33,279806,14.0966,2904.81,344416,14.0966,3289.05,421845,14.0966,3723.93,513667,14.0966,4216.13,621231,14.0966,4773.18,745478,14.0966,5403.64,886744,14.0966,6117.15,1.04457e+06,14.0966,6924.63,1.2176e+06,14.0966,11.7194,11.96,12.6541,13.9321,16.1295,13.6434,16.6097,21.9702,13.9553,19.7532,29.5285,14.0526,23.3844,39.1143,14.0829,27.5423,51.2054,14.0923,32.2796,66.434,14.0953,37.662,85.6061,14.0962,43.7675,109.74,14.0965,50.687,140.119,14.0966,58.5249,178.359,14.0966,67.4005,226.493,14.0966,77.4493,287.08,14.0966,88.8254,363.343,14.0966,101.703,459.336,14.0966,116.281,580.161,14.0966,132.782,732.241,14.0966,151.46,923.655,14.0966,172.603,1164.57,14.0966,196.535,1467.79,14.0966,223.625,1849.39,14.0966,254.288,2329.62,14.0966,288.997,2933.93,14.0966,328.285,3694.33,14.0966,372.755,4651.04,14.0966,423.092,5854.57,14.0966,480.07,7368.38,14.0966,544.564,9272.08,14.0966,617.566,11665.5,14.0966,700.197,14673.6,14.0966,793.729,18452.9,14.0966,899.599,23198.6,14.0966,1019.43,29154.1,14.0966,1155.07,36622.3,14.0966,1308.6,45977.9,14.0966,1482.39,57683.7,14.0966,1679.09,72307.8,14.0966,1901.73,90542.8,14.0966,2153.73,113226,14.0966,2438.97,141360,14.0966,2761.81,176127,14.0966,3127.22,218898,14.0966,3540.81,271226,14.0966,4008.92,334817,14.0966,4538.74,411470,14.0966,5138.38,502973,14.0966,5817.04,610948,14.0966,6585.12,736653,14.0966,7454.39,880741,14.0966,8438.15,1.04302e+06,14.0966,9551.45,1.22224e+06,14.0966,10811.3,1.41602e+06,14.0966,12237,1.62086e+06,14.0966,11.7194,11.96,12.6541,2.21263,4.16949,0.989383,2.67766,5.84076,0.311842,3.14343,7.55825,0.0972771,3.63127,9.58578,0.0303237,4.15787,12.0912,0.00945211,4.73731,15.2286,0.00294633,5.38238,19.1721,0.000918508,6.10553,24.134,0.000286163,6.91951,30.3791,8.92692e-05,7.83792,38.2397,2.78121e-05,8.87555,48.1338,8.65134e-06,10.0489,60.5876,2.7882e-06,11.3761,76.2629,8.29036e-07,12.8779,95.9927,2.4373e-07,14.5775,120.825,4.33068e-09,16.5012,152.08,1.75749e-07,18.6784,191.415,-1.86328e-07,21.1428,240.917,1.91829e-07,23.9322,303.213,-1.81475e-07,27.0895,381.602,7.0186e-08,30.6634,480.231,-2.86769e-08,34.7087,604.316,2.40784e-07,39.2876,760.401,9.87368e-08,44.4705,956.705,1.22263e-07,50.3371,1203.54,-4.31966e-07,56.9776,1513.81,-1.9705e-07,64.494,1903.69,-2.763e-08,73.0018,2393.4,3.9185e-07,82.6317,3008.13,1.35379e-07,93.5318,3779.25,-4.16351e-08,105.869,4745.7,2.06965e-08,119.834,5955.6,-3.18887e-07,135.641,7468.12,-1.48271e-08,153.531,9355.62,2.00739e-07,173.781,11705.8,2.28358e-07,196.701,14624.1,-1.93587e-08,222.642,18235,-2.88101e-07,252.003,22683.4,-2.24732e-07,285.234,28134,8.56806e-09,322.845,34767,2.34258e-07,365.413,42770.9,2.99668e-07,413.588,52327.9,8.28644e-08,468.111,63591.2,-3.07049e-07,529.814,76653.2,-3.1888e-07,599.642,91502.5,-6.72276e-08,678.662,107975,2.26339e-07,768.083,125705,3.69212e-07,869.267,144088,2.04077e-07,983.76,162277,-2.80509e-07,1113.3,179223,-4.22737e-07,1259.87,193777,-1.71951e-07,1425.68,204839,4.55555e-07,11.7194,11.96,12.6541,2.21263,4.16949,0.989383,2.67766,5.84076,0.311842,3.14343,7.55825,0.0972771,3.63127,9.58578,0.0303237,4.15787,12.0912,0.00945211,4.73731,15.2286,0.00294633,5.38238,19.1721,0.000918508,6.10553,24.134,0.000286163,6.91951,30.3791,8.92692e-05,7.83792,38.2397,2.78121e-05,8.87555,48.1338,8.65134e-06,10.0489,60.5876,2.7882e-06,11.3761,76.2629,8.29036e-07,12.8779,95.9927,2.4373e-07,14.5775,120.825,1e-08,16.5012,152.08,1.75749e-07,18.6784,191.415,1e-08,21.1428,240.917,1.91829e-07,23.9322,303.213,1e-08,27.0895,381.602,7.0186e-08,30.6634,480.231,1e-08,34.7087,604.316,2.40784e-07,39.2876,760.401,9.87368e-08,44.4705,956.705,1.22263e-07,50.3371,1203.54,1e-08,56.9776,1513.81,1e-08,64.494,1903.69,1e-08,73.0018,2393.4,3.9185e-07,82.6317,3008.13,1.35379e-07,93.5318,3779.25,1e-08,105.869,4745.7,2.06965e-08,119.834,5955.6,1e-08,135.641,7468.12,1e-08,153.531,9355.62,2.00739e-07,173.781,11705.8,2.28358e-07,196.701,14624.1,1e-08,222.642,18235,1e-08,252.003,22683.4,1e-08,285.234,28134,1e-08,322.845,34767,2.34258e-07,365.413,42770.9,2.99668e-07,413.588,52327.9,8.28644e-08,468.111,63591.2,1e-08,529.814,76653.2,1e-08,599.642,91502.5,1e-08,678.662,107975,2.26339e-07,768.083,125705,3.69212e-07,869.267,144088,2.04077e-07,983.76,162277,1e-08,1113.3,179223,1e-08,1259.87,193777,1e-08,1425.68,204839,4.55555e-07,6.2823,3.27286,2.43537,0.219672,6.18826,2.24117,0.56371,6.87772,2.63624,0.308279,7,15,11,1,8,2,1,6,0,7,3,0,1,16,0,5,10,0,7,20,0,2,10,0,7,20,0,8,22,0,11,22,0,6,52,0,5,71,0,3,45,0,20,66,0,12,148,0,24,71,0,13,247,0,14,360,0,28,152,0,26,319,0,59,339,0,29,645,0,51,630,0,33,1485,0,64,1332,0,74,1741,0,64,3112,0,64,2249,0,98,2072,0,164,2308,0,72,10609,0,120,7715,0,223,7264,0,112,8724,0,206,9226,0,217,14560,0,269,28980,0,102,20206,0,378,44287,0,195,41621,0,336,14302,0,554,10815,0,415,48444,0,379,51732,0,556,157215,0,544,136807,0,470,164254,0,713,197081,0,1151,168949,0,1616,203652,0,1892,151077,0,1830,136552,0
-1.05176e+08,8.09535e-47,8.88811e-15,10,1023,0,1.05176e+08,0.528882,1.08665,0.389689,0.145397,0.379329,3.24381,0.161596,0.446195,1.77396,0.159177,1.15e+07,4.49998e+06,6.79999e+06,1.15e+07,4.49997e+06,6.79999e+06,1.15e+07,4.49996e+06,6.79999e+06,1.15e+07,4.49995e+06,6.79999e+06,1.14999e+07,4.49993e+06,6.79999e+06,1.14999e+07,4.49991e+06,6.79999e+06,1.14999e+07,4.49989e+06,6.79999e+06,1.14999e+07,4.49986e+06,6.79999e+06,1.14999e+07,4.49982e+06,6.79999e+06,1.14999e+07,4.49977e+06,6.79999e+06,1.14999e+07,4.49971e+06,6.79999e+06,1.14999e+07,4.49963e+06,6.79999e+06,1.14998e+07,4.49953e+06,6.79999e+06,1.14998e+07,4.49941e+06,6.79999e+06,1.14998e+07,4.49926e+06,6.79999e+06,1.14998e+07,4.49906e+06,6.79999e+06,1.14997e+07,4.49882e+06,6.79999e+06,1.14997e+07,4.49851e+06,6.79999e+06,1.14997e+07,4.49812e+06,6.79999e+06,1.14996e+07,4.49764e+06,6.79999e+06,1.14996e+07,4.49702e+06,6.79999e+06,1.14995e+07,4.49625e+06,6.79999e+06,1.14995e+07,4.49528e+06,6.79999e+06,1.14994e+07,4.49406e+06,6.79999e+06,1.14993e+07,4.49253e+06,6.79999e+06,1.14992e+07,4.49059e+06,6.79999e+06,1.14991e+07,4.48817e+06,6.79999e+06,1.1499e+07,4.48511e+06,6.79999e+06,1.14988e+07,4.48128e+06,6.79999e+06,1.14987e+07,4.47646e+06,6.79999e+06,1.14985e+07,4.47041e+06,6.79999e+06,1.14983e+07,4.46281e+06,6.79999e+06,1.14981e+07,4.4533e+06,6.79999e+06,1.14979e+07,4.44138e+06,6.79999e+06,1.14976e+07,4.42649e+06,6.79999e+06,1.14972e+07,4.40789e+06,6.79999e+06,1.14969e+07,4.38471e+06,6.79999e+06,1.14965e+07,4.35592e+06,6.79999e+06,1.1496e+07,4.32027e+06,6.79999e+06,1.14955e+07,4.27629e+06,6.79999e+06,1.14949e+07,4.22231e+06,6.79999e+06,1.14942e+07,4.15647e+06,6.79999e+06,1.14934e+07,4.07676e+06,6.79999e+06,1.14926e+07,3.98112e+06,6.79999e+06,1.14916e+07,3.86765e+06,6.79999e+06,1.14905e+07,3.73474e+06,6.79999e+06,1.14892e+07,3.58148e+06,6.79999e+06,1.14878e+07,3.40785e+06,6.79999e+06,1.14862e+07,3.21513e+06,6.79999e+06,1.14844e+07,3.00605e+06,6.79999e+06,1.14823e+07,2.7848e+06,6.79999e+06,1.148e+07,2.5568e+06,6.79999e+06,1.14773e+07,2.32825e+06,6.79999e+06,13.5742,8.52444,0.508366,16.8306,13.2585,0.162638,20.0035,17.569,0.0507846,23.2616,22.4214,0.0158319,26.7328,28.3297,0.00493498,30.5212,35.6974,0.00153831,34.7178,44.9473,0.000479527,39.4086,56.5822,0.000149456,44.6796,71.2245,4.66214e-05,50.6209,89.6543,1.45419e-05,57.3297,112.852,4.54748e-06,64.9129,142.051,1.43857e-06,73.4897,178.803,4.36618e-07,83.1934,225.062,1.40153e-07,94.1745,283.286,4.96378e-08,106.602,356.568,1.05434e-07,120.669,448.799,-6.49244e-08,136.59,564.873,1.70148e-07,154.611,710.948,-5.34594e-08,175.008,894.767,1.63407e-07,198.097,1126.06,8.04804e-08,224.231,1417.07,1.14667e-07,253.813,1783.15,-1.71227e-07,287.297,2243.62,-2.88466e-07,325.198,2822.67,-4.33651e-07,368.098,3550.67,7.9318e-08,416.657,4465.65,3.13319e-07,471.621,5615.16,3.4613e-07,533.835,7058.61,-1.19199e-07,604.255,8870.02,-2.79964e-07,683.962,11141.4,-2.30521e-07,774.182,13986.7,-2.55099e-07,876.299,17546.4,1.23585e-07,991.883,21993.1,1.41192e-07,1122.71,27536.7,-9.71886e-08,1270.78,34430.7,-3.68368e-07,1438.38,42977.7,-3.45379e-07,1628.07,53532.7,-3.25328e-09,1842.77,66504.6,2.6362e-07,2085.77,82350.2,2.53445e-07,2360.79,101560,-2.47407e-08,2672.05,124632,-3.80602e-07,3024.31,152018,-4.79005e-07,3422.98,184060,-1.14379e-07,3874.15,220884,2.64297e-07,4384.72,262283,3.44131e-07,4962.49,307576,7.5349e-08,5616.29,355497,-3.63097e-07,6356.1,404126,-6.05442e-07,7193.18,450932,-2.72333e-07,8140.28,492963,2.29675e-07,9211.79,527178,4.3387e-07,10424,550893,-1.0711e-07,10.102,8.06553,2.81012,10.6436,8.57909,0.869423,11.5336,10.2515,0.270869,12.7211,12.7138,0.0844293,14.1823,15.9373,0.0263173,15.9122,20.0383,0.0082035,17.9198,25.2154,0.00255722,20.2244,31.7373,0.000797017,22.8539,39.9486,0.000248622,25.8438,50.2851,7.75492e-05,29.237,63.2963,2.42508e-05,33.0837,79.6738,7.67162e-06,37.4415,100.288,2.32837e-06,42.3767,126.236,7.33e-07,47.9646,158.896,2.79256e-07,54.2906,200.003,9.87351e-09,61.452,251.741,1.61085e-07,69.5585,316.859,-2.47141e-07,78.7347,398.812,8.93552e-08,89.1218,501.948,-2.53231e-07,100.879,631.736,-1.25047e-07,114.188,795.049,-1.78808e-07,129.252,1000.53,2.6733e-07,146.304,1259.03,4.50292e-07,165.605,1584.19,6.76904e-07,187.452,1993.12,-1.23808e-07,212.181,2507.27,-4.89068e-07,240.173,3153.54,-5.40284e-07,271.856,3965.56,1.86061e-07,307.719,4985.38,4.37004e-07,348.313,6265.4,3.59828e-07,394.26,7870.83,3.98192e-07,446.268,9882.51,-1.92908e-07,505.135,12400.3,-2.20392e-07,571.766,15546.9,1.51705e-07,647.184,19472.2,5.74996e-07,732.547,24357.4,5.39112e-07,829.167,30420,5.07815e-09,938.526,37916.3,-4.11492e-07,1062.3,47143.9,-3.9561e-07,1202.4,58439.2,3.86185e-08,1360.96,72169.3,5.94093e-07,1540.42,88715.8,7.47693e-07,1743.53,108445,1.78537e-07,1973.41,131665,-4.12549e-07,2233.57,158557,-5.37164e-07,2528,189103,-1.17615e-07,2861.2,222986,5.66769e-07,3238.27,259510,9.45053e-07,3664.97,297540,4.25093e-07,4147.81,335497,-3.58506e-07,4694.17,371444,-6.7724e-07,5312.37,403256,1.67192e-07,1.61744,3.89446,9.84394,3.28846,7.5504,12.774,5.07607,11.7187,13.6844,7.03202,16.8147,13.9681,9.20215,23.1769,14.0566,11.6301,31.1672,14.0841,14.3598,41.2186,14.0927,17.4376,53.8688,14.0954,20.9137,69.7915,14.0962,24.8432,89.8341,14.0965,29.2879,115.063,14.0966,34.3168,146.819,14.0966,40.0078,186.792,14.0966,46.4487,237.107,14.0966,53.7388,300.44,14.0966,61.9903,380.158,14.0966,71.3301,480.499,14.0966,81.902,606.796,14.0966,93.8685,765.761,14.0966,107.414,965.837,14.0966,122.746,1217.65,14.0966,140.101,1534.57,14.0966,159.745,1933.41,14.0966,181.981,2435.3,14.0966,207.15,3066.85,14.0966,235.64,3861.46,14.0966,267.889,4861.11,14.0966,304.391,6118.54,14.0966,345.709,7699.91,14.0966,392.478,9688.22,14.0966,445.417,12187.5,14.0966,505.339,15327.7,14.0966,573.165,19271.6,14.0966,649.938,24222,14.0966,736.839,30430.9,14.0966,835.202,38211.5,14.0966,946.539,47950.3,14.0966,1072.56,60122.8,14.0966,1215.21,75309.9,14.0966,1376.66,94216.2,14.0966,1559.41,117688,14.0966,1766.26,146729,14.0966,2000.39,182510,14.0966,2265.39,226372,14.0966,2565.33,279806,14.0966,2904.81,344416,14.0966,3289.05,421845,14.0966,3723.93,513667,14.0966,4216.13,621231,14.0966,4773.18,745478,14.0966,5403.64,886744,14.0966,6117.15,1.04457e+06,14.0966,6924.63,1.2176e+06,14.0966,11.7194,11.96,12.6541,13.9321,16.1295,13.6434,16.6097,21.9702,13.9553,19.7532,29.5285,14.0526,23.3844,39.1143,14.0829,27.5423,51.2054,14.0923,32.2796,66.434,14.0953,37.662,85.6061,14.0962,43.7675,109.74,14.0965,50.687,140.119,14.0966,58.5249,178.359,14.0966,67.4005,226.493,14.0966,77.4493,287.08,14.0966,88.8254,363.343,14.0966,101.703,459.336,14.0966,116.281,580.161,14.0966,132.782,732.241,14.0966,151.46,923.655,14.0966,172.603,1164.57,14.0966,196.535,1467.79,14.0966,223.625,1849.39,14.0966,254.288,2329.62,14.0966,288.997,2933.93,14.0966,328.285,3694.33,14.0966,372.755,4651.04,14.0966,423.092,5854.57,14.0966,480.07,7368.38,14.0966,544.564,9272.08,14.0966,617.566,11665.5,14.0966,700.197,14673.6,14.0966,793.729,18452.9,14.0966,899.599,23198.6,14.0966,1019.43,29154.1,14.0966,1155.07,36622.3,14.0966,1308.6,45977.9,14.0966,1482.39,57683.7,14.0966,1679.09,72307.8,14.0966,1901.73,90542.8,14.0966,2153.73,113226,14.0966,2438.97,141360,14.0966,2761.81,176127,14.0966,3127.22,218898,14.0966,3540.81,271226,14.0966,4008.92,334817,14.0966,4538.74,411470,14.0966,5138.38,502973,14.0966,5817.04,610948,14.0966,6585.12,736653,14.0966,7454.39,880741,14.0966,8438.15,1.04302e+06,14.0966,9551.45,1.22224e+06,14.0966,10811.3,1.41602e+06,14.0966,12237,1.62086e+06,14.0966,11.7194,11.96,12.6541,2.21263,4.16949,0.989383,2.67766,5.84076,0.311842,3.14343,7.55825,0.0972771,3.63127,9.58578,0.0303237,4.15787,12.0912,0.00945211,4.73731,15.2286,0.00294633,5.38238,19.1721,0.000918508,6.10553,24.134,0.000286163,6.91951,30.3791,8.92692e-05,7.83792,38.2397,2.78121e-05,8.87555,48.1338,8.65134e-06,10.0489,60.5876,2.7882e-06,11.3761,76.2629,8.29036e-07,12.8779,95.9927,2.4373e-07,14.5775,120.825,4.33068e-09,16.5012,152.08,1.75749e-07,18.6784,191.415,-1.86328e-07,21.1428,240.917,1.91829e-07,23.9322,303.213,-1.81475e-07,27.0895,381.602,7.0186e-08,30.6634,480.231,-2.86769e-08,34.7087,604.316,2.40784e-07,39.2876,760.401,9.87368e-08,44.4705,956.705,1.22263e-07,50.3371,1203.54,-4.31966e-07,56.9776,1513.81,-1.9705e-07,64.494,1903.69,-2.763e-08,73.0018,2393.4,3.9185e-07,82.6317,3008.13,1.35379e-07,93.5318,3779.25,-4.16351e-08,105.869,4745.7,2.06965e-08,119.834,5955.6,-3.18887e-07,135.641,7468.12,-1.48271e-08,153.531,9355.62,2.00739e-07,173.781,11705.8,2.28358e-07,196.701,14624.1,-1.93587e-08,222.642,18235,-2.88101e-07,252.003,22683.4,-2.24732e-07,285.234,28134,8.56806e-09,322.845,34767,2.34258e-07,365.413,42770.9,2.99668e-07,413.588,52327.9,8.28644e-08,468.111,63591.2,-3.07049e-07,529.814,76653.2,-3.1888e-07,599.642,91502.5,-6.72276e-08,678.662,107975,2.26339e-07,768.083,125705,3.69212e-07,869.267,144088,2.04077e-07,983.76,162277,-2.80509e-07,1113.3,179223,-4.22737e-07,1259.87,193777,-1.71951e-07,1425.68,204839,4.55555e-07,11.7194,11.96,12.6541,2.21263,4.16949,0.989383,2.67766,5.84076,0.311842,3.14343,7.55825,0.0972771,3.63127,9.58578,0.0303237,4.15787,12.0912,0.00945211,4.73731,15.2286,0.00294633,5.38238,19.1721,0.000918508,6.10553,24.134,0.000286163,6.91951,30.3791,8.92692e-05,7.83792,38.2397,2.78121e-05,8.87555,48.1338,8.65134e-06,10.0489,60.5876,2.7882e-06,11.3761,76.2629,8.29036e-07,12.8779,95.9927,2.4373e-07,14.5775,120.825,1e-08,16.5012,152.08,1.75749e-07,18.6784,191.415,1e-08,21.1428,240.917,1.91829e-07,23.9322,303.213,1e-08,27.0895,381.602,7.0186e-08,30.6634,480.231,1e-08,34.7087,604.316,2.40784e-07,39.2876,760.401,9.87368e-08,44.4705,956.705,1.22263e-07,50.3371,1203.54,1e-08,56.9776,1513.81,1e-08,64.494,1903.69,1e-08,73.0018,2393.4,3.9185e-07,82.6317,3008.13,1.35379e-07,93.5318,3779.25,1e-08,105.869,4745.7,2.06965e-08,119.834,5955.6,1e-08,135.641,7468.12,1e-08,153.531,9355.62,2.00739e-07,173.781,11705.8,2.28358e-07,196.701,14624.1,1e-08,222.642,18235,1e-08,252.003,22683.4,1e-08,285.234,28134,1e-08,322.845,34767,2.34258e-07,365.413,42770.9,2.99668e-07,413.588,52327.9,8.28644e-08,468.111,63591.2,1e-08,529.814,76653.2,1e-08,599.642,91502.5,1e-08,678.662,107975,2.26339e-07,768.083,125705,3.69212e-07,869.267,144088,2.04077e-07,983.76,162277,1e-08,1113.3,179223,1e-08,1259.87,193777,1e-08,1425.68,204839,4.55555e-07,6.2823,3.27286,2.43537,0.219672,6.18826,2.24117,0.56371,6.87772,2.63624,0.308279,39,17,15,0,4,0,0,4,0,3,6,0,3,5,0,2,16,0,4,17,0,2,36,0,7,51,0,9,35,0,6,39,0,4,55,0,5,32,0,8,16,0,9,47,0,22,62,0,13,129,0,14,262,0,21,241,0,21,272,0,33,318,0,33,304,0,48,258,0,88,782,0,79,1255,0,63,1587,0,43,1856,0,88,2033,0,35,1392,0,89,3704,0,124,4776,0,145,6388,0,84,5038,0,147,6789,0,114,12687,0,221,11724,0,256,20189,0,269,18860,0,407,14368,0,199,30113,0,167,36898,0,475,52882,0,363,52065,0,1039,73803,0,307,42798,0,371,34541,0,435,131293,0,388,107887,0,1061,169753,0,640,185622,0,690,143146,0,1453,193102,0,1136,268227,0
-1.05176e+08,1,8.88811e-15,10,1023,0,1.05176e+08,0.528882,1.08665,0.389689,0.145397,0.379329,3.24381,0.161596,0.446195,1.77396,0.159177,1.15e+07,4.49998e+06,6.79999e+06,1.15e+07,4.49997e+06,6.79999e+06,1.15e+07,4.49996e+06,6.79999e+06,1.15e+07,4.49995e+06,6.79999e+06,1.14999e+07,4.49993e+06,6.79999e+06,1.14999e+07,4.49991e+06,6.79999e+06,1.14999e+07,4.49989e+06,6.79999e+06,1.14999e+07,4.49986e+06,6.79999e+06,1.14999e+07,4.49982e+06,6.79999e+06,1.14999e+07,4.49977e+06,6.79999e+06,1.14999e+07,4.49971e+06,6.79999e+06,1.14999e+07,4.49963e+06,6.79999e+06,1.14998e+07,4.49953e+06,6.79999e+06,1.14998e+07,4.49941e+06,6.79999e+06,1.14998e+07,4.49926e+06,6.79999e+06,1.14998e+07,4.49906e+06,6.79999e+06,1.14997e+07,4.49882e+06,6.79999e+06,1.14997e+07,4.49851e+06,6.79999e+06,1.14997e+07,4.49812e+06,6.79999e+06,1.14996e+07,4.49764e+06,6.79999e+06,1.14996e+07,4.49702e+06,6.79999e+06,1.14995e+07,4.49625e+06,6.79999e+06,1.14995e+07,4.49528e+06,6.79999e+06,1.14994e+07,4.49406e+06,6.79999e+06,1.14993e+07,4.49253e+06,6.79999e+06,1.14992e+07,4.49059e+06,6.79999e+06,1.14991e+07,4.48817e+06,6.79999e+06,1.1499e+07,4.48511e+06,6.79999e+06,1.14988e+07,4.48128e+06,6.79999e+06,1.14987e+07,4.47646e+06,6.79999e+06,1.14985e+07,4.47041e+06,6.79999e+06,1.14983e+07,4.46281e+06,6.79999e+06,1.14981e+07,4.4533e+06,6.79999e+06,1.14979e+07,4.44138e+06,6.79999e+06,1.14976e+07,4.42649e+06,6.79999e+06,1.14972e+07,4.40789e+06,6.79999e+06,1.14969e+07,4.38471e+06,6.79999e+06,1.14965e+07,4.35592e+06,6.79999e+06,1.1496e+07,4.32027e+06,6.79999e+06,1.14955e+07,4.27629e+06,6.79999e+06,1.14949e+07,4.22231e+06,6.79999e+06,1.14942e+07,4.15647e+06,6.79999e+06,1.14934e+07,4.07676e+06,6.79999e+06,1.14926e+07,3.98112e+06,6.79999e+06,1.14916e+07,3.86765e+06,6.79999e+06,1.14905e+07,3.73474e+06,6.79999e+06,1.14892e+07,3.58148e+06,6.79999e+06,1.14878e+07,3.40785e+06,6.79999e+06,1.14862e+07,3.21513e+06,6.79999e+06,1.14844e+07,3.00605e+06,6.79999e+06,1.14823e+07,2.7848e+06,6.79999e+06,1.148e+07,2.5568e+06,6.79999e+06,1.14773e+07,2.32825e+06,6.79999e+06,13.5742,8.52444,0.508366,16.8306,13.2585,0.162638,20.0035,17.569,0.0507846,23.2616,22.4214,0.0158319,26.7328,28.3297,0.00493498,30.5212,35.6974,0.00153831,34.7178,44.9473,0.000479527,39.4086,56.5822,0.000149456,44.6796,71.2245,4.66214e-05,50.6209,89.6543,1.45419e-05,57.3297,112.852,4.54748e-06,64.9129,142.051,1.43857e-06,73.4897,178.803,4.36618e-07,83.1934,225.062,1.40153e-07,94.1745,283.286,4.96378e-08,106.602,356.568,1.05434e-07,120.669,448.799,-6.49244e-08,136.59,564.873,1.70148e-07,154.611,710.948,-5.34594e-08,175.008,894.767,1.63407e-07,198.097,1126.06,8.04804e-08,224.231,1417.07,1.14667e-07,253.813,1783.15,-1.71227e-07,287.297,2243.62,-2.88466e-07,325.198,2822.67,-4.33651e-07,368.098,3550.67,7.9318e-08,416.657,4465.65,3.13319e-07,471.621,5615.16,3.4613e-07,533.835,7058.61,-1.19199e-07,604.255,8870.02,-2.79964e-07,683.962,11141.4,-2.30521e-07,774.182,13986.7,-2.55099e-07,876.299,17546.4,1.23585e-07,991.883,21993.1,1.41192e-07,1122.71,27536.7,-9.71886e-08,1270.78,34430.7,-3.68368e-07,1438.38,42977.7,-3.45379e-07,1628.07,53532.7,-3.25328e-09,1842.77,66504.6,2.6362e-07,2085.77,82350.2,2.53445e-07,2360.79,101560,-2.47407e-08,2672.05,124632,-3.80602e-07,3024.31,152018,-4.79005e-07,3422.98,184060,-1.14379e-07,3874.15,220884,2.64297e-07,4384.72,262283,3.44131e-07,4962.49,307576,7.5349e-08,5616.29,355497,-3.63097e-07,6356.1,404126,-6.05442e-07,7193.18,450932,-2.72333e-07,8140.28,492963,2.29675e-07,9211.79,527178,4.3387e-07,10424,550893,-1.0711e-07,10.102,8.06553,2.81012,10.6436,8.57909,0.869423,11.5336,10.2515,0.270869,12.7211,12.7138,0.0844293,14.1823,15.9373,0.0263173,15.9122,20.0383,0.0082035,17.9198,25.2154,0.00255722,20.2244,31.7373,0.000797017,22.8539,39.9486,0.000248622,25.8438,50.2851,7.75492e-05,29.237,63.2963,2.42508e-05,33.0837,79.6738,7.67162e-06,37.4415,100.288,2.32837e-06,42.3767,126.236,7.33e-07,47.9646,158.896,2.79256e-07,54.2906,200.003,9.87351e-09,61.452,251.741,1.61085e-07,69.5585,316.859,-2.47141e-07,78.7347,398.812,8.93552e-08,89.1218,501.948,-2.53231e-07,100.879,631.736,-1.25047e-07,114.188,795.049,-1.78808e-07,129.252,1000.53,2.6733e-07,146.304,1259.03,4.50292e-07,165.605,1584.19,6.76904e-07,187.452,1993.12,-1.23808e-07,212.181,2507.27,-4.89068e-07,240.173,3153.54,-5.40284e-07,271.856,3965.56,1.86061e-07,307.719,4985.38,4.37004e-07,348.313,6265.4,3.59828e-07,394.26,7870.83,3.98192e-07,446.268,9882.51,-1.92908e-07,505.135,12400.3,-2.20392e-07,571.766,15546.9,1.51705e-07,647.184,19472.2,5.74996e-07,732.547,24357.4,5.39112e-07,829.167,30420,5.07815e-09,938.526,37916.3,-4.11492e-07,1062.3,47143.9,-3.9561e-07,1202.4,58439.2,3.86185e-08,1360.96,72169.3,5.94093e-07,1540.42,88715.8,7.47693e-07,1743.53,108445,1.78537e-07,1973.41,131665,-4.12549e-07,2233.57,158557,-5.37164e-07,2528,189103,-1.17615e-07,2861.2,222986,5.66769e-07,3238.27,259510,9.45053e-07,3664.97,297540,4.25093e-07,4147.81,335497,-3.58506e-07,4694.17,371444,-6.7724e-07,5312.37,403256,1.67192e-07,1.61744,3.89446,9.84394,3.28846,7.5504,12.774,5.07607,11.7187,13.6844,7.03202,16.8147,13.9681,9.20215,23.1769,14.0566,11.6301,31.1672,14.0841,14.3598,41.2186,14.0927,17.4376,53.8688,14.0954,20.9137,69.7915,14.0962,24.8432,89.8341,14.0965,29.2879,115.063,14.0966,34.3168,146.819,14.0966,40.0078,186.792,14.0966,46.4487,237.107,14.0966,53.7388,300.44,14.0966,61.9903,380.158,14.0966,71.3301,480.499,14.0966,81.902,606.796,14.0966,93.8685,765.761,14.0966,107.414,965.837,14.0966,122.746,1217.65,14.0966,140.101,1534.57,14.0966,159.745,1933.41,14.0966,181.981,2435.3,14.0966,207.15,3066.85,14.0966,235.64,3861.46,14.0966,267.889,4861.11,14.0966,304.391,6118.54,14.0966,345.709,7699.91,14.0966,392.478,9688.22,14.0966,445.417,12187.5,14.0966,505.339,15327.7,14.0966,573.165,19271.6,14.0966,649.938,24222,14.0966,736.839,30430.9,14.0966,835.202,38211.5,14.0966,946.539,47950.3,14.0966,1072.56,60122.8,14.0966,1215.21,75309.9,14.0966,1376.66,94216.2,14.0966,1559.41,117688,14.0966,1766.26,146729,14.0966,2000.39,182510,14.0966,2265.39,226372,14.0966,2565.33,279806,14.0966,2904.81,344416,14.0966,3289.05,421845,14.0966,3723.93,513667,14.0966,4216.13,621231,14.0966,4773.18,745478,14.0966,5403.64,886744,14.0966,6117.15,1.04457e+06,14.0966,6924.63,1.2176e+06,14.0966,11.7194,11.96,12.6541,13.9321,16.1295,13.6434,16.6097,21.9702,13.9553,19.7532,29.5285,14.0526,23.3844,39.1143,14.0829,27.5423,51.2054,14.0923,32.2796,66.434,14.0953,37.662,85.6061,14.0962,43.7675,109.74,14.0965,50.687,140.119,14.0966,58.5249,178.359,14.0966,67.4005,226.493,14.0966,77.4493,287.08,14.0966,88.8254,363.343,14.0966,101.703,459.336,14.0966,116.281,580.161,14.0966,132.782,732.241,14.0966,151.46,923.655,14.0966,172.603,1164.57,14.0966,196.535,1467.79,14.0966,223.625,1849.39,14.0966,254.288,2329.62,14.0966,288.997,2933.93,14.0966,328.285,3694.33,14.0966,372.755,4651.04,14.0966,423.092,5854.57,14.0966,480.07,7368.38,14.0966,544.564,9272.08,14.0966,617.566,11665.5,14.0966,700.197,14673.6,14.0966,793.729,18452.9,14.0966,899.599,23198.6,14.0966,1019.43,29154.1,14.0966,1155.07,36622.3,14.0966,1308.6,45977.9,14.0966,1482.39,57683.7,14.0966,1679.09,72307.8,14.0966,1901.73,90542.8,14.0966,2153.73,113226,14.0966,2438.97,141360,14.0966,2761.81,176127,14.0966,3127.22,218898,14.0966,3540.81,271226,14.0966,4008.92,334817,14.0966,4538.74,411470,14.0966,5138.38,502973,14.0966,5817.04,610948,14.0966,6585.12,736653,14.0966,7454.39,880741,14.0966,8438.15,1.04302e+06,14.0966,9551.45,1.22224e+06,14.0966,10811.3,1.41602e+06,14.0966,12237,1.62086e+06,14.0966,11.7194,11.96,12.6541,2.21263,4.16949,0.989383,2.67766,5.84076,0.311842,3.14343,7.55825,0.0972771,3.63127,9.58578,0.0303237,4.15787,12.0912,0.00945211,4.73731,15.2286,0.00294633,5.38238,19.1721,0.000918508,6.10553,24.134,0.000286163,6.91951,30.3791,8.92692e-05,7.83792,38.2397,2.78121e-05,8.87555,48.1338,8.65134e-06,10.0489,60.5876,2.7882e-06,11.3761,76.2629,8.29036e-07,12.8779,95.9927,2.4373e-07,14.5775,120.825,4.33068e-09,16.5012,152.08,1.75749e-07,18.6784,191.415,-1.86328e-07,21.1428,240.917,1.91829e-07,23.9322,303.213,-1.81475e-07,27.0895,381.602,7.0186e-08,30.6634,480.231,-2.86769e-08,34.7087,604.316,2.40784e-07,39.2876,760.401,9.87368e-08,44.4705,956.705,1.22263e-07,50.3371,1203.54,-4.31966e-07,56.9776,1513.81,-1.9705e-07,64.494,1903.69,-2.763e-08,73.0018,2393.4,3.9185e-07,82.6317,3008.13,1.35379e-07,93.5318,3779.25,-4.16351e-08,105.869,4745.7,2.06965e-08,119.834,5955.6,-3.18887e-07,135.641,7468.12,-1.48271e-08,153.531,9355.62,2.00739e-07,173.781,11705.8,2.28358e-07,196.701,14624.1,-1.93587e-08,222.642,18235,-2.88101e-07,252.003,22683.4,-2.24732e-07,285.234,28134,8.56806e-09,322.845,34767,2.34258e-07,365.413,42770.9,2.99668e-07,413.588,52327.9,8.28644e-08,468.111,63591.2,-3.07049e-07,529.814,76653.2,-3.1888e-07,599.642,91502.5,-6.72276e-08,678.662,107975,2.26339e-07,768.083,125705,3.69212e-07,869.267,144088,2.04077e-07,983.76,162277,-2.80509e-07,1113.3,179223,-4.22737e-07,1259.87,193777,-1.71951e-07,1425.68,204839,4.55555e-07,11.7194,11.96,12.6541,2.21263,4.16949,0.989383,2.67766,5.84076,0.311842,3.14343,7.55825,0.0972771,3.63127,9.58578,0.0303237,4.15787,12.0912,0.00945211,4.73731,15.2286,0.00294633,5.38238,19.1721,0.000918508,6.10553,24.134,0.000286163,6.91951,30.3791,8.92692e-05,7.83792,38.2397,2.78121e-05,8.87555,48.1338,8.65134e-06,10.0489,60.5876,2.7882e-06,11.3761,76.2629,8.29036e-07,12.8779,95.9927,2.4373e-07,14.5775,120.825,1e-08,16.5012,152.08,1.75749e-07,18.6784,191.415,1e-08,21.1428,240.917,1.91829e-07,23.9322,303.213,1e-08,27.0895,381.602,7.0186e-08,30.6634,480.231,1e-08,34.7087,604.316,2.40784e-07,39.2876,760.401,9.87368e-08,44.4705,956.705,1.22263e-07,50.3371,1203.54,1e-08,56.9776,1513.81,1e-08,64.494,1903.69,1e-08,73.0018,2393.4,3.9185e-07,82.6317,3008.13,1.35379e-07,93.5318,3779.25,1e-08,105.869,4745.7,2.06965e-08,119.834,5955.6,1e-08,135.641,7468.12,1e-08,153.531,9355.62,2.00739e-07,173.781,11705.8,2.28358e-07,196.701,14624.1,1e-08,222.642,18235,1e-08,252.003,22683.4,1e-08,285.234,28134,1e-08,322.845,34767,2.34258e-07,365.413,42770.9,2.99668e-07,413.588,52327.9,8.28644e-08,468.111,63591.2,1e-08,529.814,76653.2,1e-08,599.642,91502.5,1e-08,678.662,107975,2.26339e-07,768.083,125705,3.69212e-07,869.267,144088,2.04077e-07,983.76,162277,1e-08,1113.3,179223,1e-08,1259.87,193777,1e-08,1425.68,204839,4.55555e-07,6.2823,3.27286,2.43537,0.219672,6.18826,2.24117,0.56371,6.87772,2.63624,0.308279,8,11,10,7,0,0,0,6,0,1,12,0,4,15,0,4,18,0,3,12,0,10,27,0,11,31,0,3,47,0,9,41,0,6,56,0,4,32,0,15,121,0,18,72,0,21,159,0,7,156,0,14,435,0,21,163,0,14,361,0,27,435,0,10,392,0,43,271,0,19,1054,0,56,561,0,82,805,0,59,1130,0,78,2267,0,48,4207,0,129,4524,0,94,2316,0,87,3418,0,200,4512,0,144,4149,0,227,8906,0,177,6834,0,303,25778,0,325,21004,0,292,35929,0,143,20750,0,436,41067,0,420,53214,0,820,50098,0,480,46566,0,656,41298,0,248,46601,0,846,220667,0,654,103833,0,1322,284272,0,1033,149221,0,1433,181209,0,1437,110855,0,1740,213004,0
-1.05176e+08,3.03692e-61,8.88811e-15,10,1023,0,1.05176e+08,0.528882,1.08665,0.389689,0.145397,0.379329,3.24381,0.161596,0.446195,1.77396,0.159177,1.15e+07,4.49998e+06,6.79999e+06,1.15e+07,4.49997e+06,6.79999e+06,1.15e+07,4.49996e+06,6.79999e+06,1.15e+07,4.49995e+06,6.79999e+06,1.14999e+07,4.49993e+06,6.79999e+06,1.14999e+07,4.49991e+06,6.79999e+06,1.14999e+07,4.49989e+06,6.79999e+06,1.14999e+07,4.49986e+06,6.79999e+06,1.14999e+07,4.49982e+06,6.79999e+06,1.14999e+07,4.49977e+06,6.79999e+06,1.14999e+07,4.49971e+06,6.79999e+06,1.14999e+07,4.49963e+06,6.79999e+06,1.14998e+07,4.49953e+06,6.79999e+06,1.14998e+07,4.49941e+06,6.79999e+06,1.14998e+07,4.49926e+06,6.79999e+06,1.14998e+07,4.49906e+06,6.79999e+06,1.14997e+07,4.49882e+06,6.79999e+06,1.14997e+07,4.49851e+06,6.79999e+06,1.14997e+07,4.49812e+06,6.79999e+06,1.14996e+07,4.49764e+06,6.79999e+06,1.14996e+07,4.49702e+06,6.79999e+06,1.14995e+07,4.49625e+06,6.79999e+06,1.14995e+07,4.49528e+06,6.79999e+06,1.14994e+07,4.49406e+06,6.79999e+06,1.14993e+07,4.49253e+06,6.79999e+06,1.14992e+07,4.49059e+06,6.79999e+06,1.14991e+07,4.48817e+06,6.79999e+06,1.1499e+07,4.48511e+06,6.79999e+06,1.14988e+07,4.48128e+06,6.79999e+06,1.14987e+07,4.47646e+06,6.79999e+06,1.14985e+07,4.47041e+06,6.79999e+06,1.14983e+07,4.46281e+06,6.79999e+06,1.14981e+07,4.4533e+06,6.79999e+06,1.14979e+07,4.44138e+06,6.79999e+06,1.14976e+07,4.42649e+06,6.79999e+06,1.14972e+07,4.40789e+06,6.79999e+06,1.14969e+07,4.38471e+06,6.79999e+06,1.14965e+07,4.35592e+06,6.79999e+06,1.1496e+07,4.32027e+06,6.79999e+06,1.14955e+07,4.27629e+06,6.79999e+06,1.14949e+07,4.22231e+06,6.79999e+06,1.14942e+07,4.15647e+06,6.79999e+06,1.14934e+07,4.07676e+06,6.79999e+06,1.14926e+07,3.98112e+06,6.79999e+06,1.14916e+07,3.86765e+06,6.79999e+06,1.14905e+07,3.73474e+06,6.79999e+06,1.14892e+07,3.58148e+06,6.79999e+06,1.14878e+07,3.40785e+06,6.79999e+06,1.14862e+07,3.21513e+06,6.79999e+06,1.14844e+07,3.00605e+06,6.79999e+06,1.14823e+07,2.7848e+06,6.79999e+06,1.148e+07,2.5568e+06,6.79999e+06,1.14773e+07,2.32825e+06,6.79999e+06,13.5742,8.52444,0.508366,16.8306,13.2585,0.162638,20.0035,17.569,0.0507846,23.2616,22.4214,0.0158319,26.7328,28.3297,0.00493498,30.5212,35.6974,0.00153831,34.7178,44.9473,0.000479527,39.4086,56.5822,0.000149456,44.6796,71.2245,4.66214e-05,50.6209,89.6543,1.45419e-05,57.3297,112.852,4.54748e-06,64.9129,142.051,1.43857e-06,73.4897,178.803,4.36618e-07,83.1934,225.062,1.40153e-07,94.1745,283.286,4.96378e-08,106.602,356.568,1.05434e-07,120.669,448.799,-6.49244e-08,136.59,564.873,1.70148e-07,154.611,710.948,-5.34594e-08,175.008,894.767,1.63407e-07,198.097,1126.06,8.04804e-08,224.231,1417.07,1.14667e-07,253.813,1783.15,-1.71227e-07,287.297,2243.62,-2.88466e-07,325.198,2822.67,-4.33651e-07,368.098,3550.67,7.9318e-08,416.657,4465.65,3.13319e-07,471.621,5615.16,3.4613e-07,533.835,7058.61,-1.19199e-07,604.255,8870.02,-2.79964e-07,683.962,11141.4,-2.30521e-07,774.182,13986.7,-2.55099e-07,876.299,17546.4,1.23585e-07,991.883,21993.1,1.41192e-07,1122.71,27536.7,-9.71886e-08,1270.78,34430.7,-3.68368e-07,1438.38,42977.7,-3.45379e-07,1628.07,53532.7,-3.25328e-09,1842.77,66504.6,2.6362e-07,2085.77,82350.2,2.53445e-07,2360.79,101560,-2.47407e-08,2672.05,124632,-3.80602e-07,3024.31,152018,-4.79005e-07,3422.98,184060,-1.14379e-07,3874.15,220884,2.64297e-07,4384.72,262283,3.44131e-07,4962.49,307576,7.5349e-08,5616.29,355497,-3.63097e-07,6356.1,404126,-6.05442e-07,7193.18,450932,-2.72333e-07,8140.28,492963,2.29675e-07,9211.79,527178,4.3387e-07,10424,550893,-1.0711e-07,10.102,8.06553,2.81012,10.6436,8.57909,0.869423,11.5336,10.2515,0.270869,12.7211,12.7138,0.0844293,14.1823,15.9373,0.0263173,15.9122,20.0383,0.0082035,17.9198,25.2154,0.00255722,20.2244,31.7373,0.000797017,22.8539,39.9486,0.000248622,25.8438,50.2851,7.75492e-05,29.237,63.2963,2.42508e-05,33.0837,79.6738,7.67162e-06,37.4415,100.288,2.32837e-06,42.3767,126.236,7.33e-07,47.9646,158.896,2.79256e-07,54.2906,200.003,9.87351e-09,61.452,251.741,1.61085e-07,69.5585,316.859,-2.47141e-07,78.7347,398.812,8.93552e-08,89.1218,501.948,-2.53231e-07,100.879,631.736,-1.25047e-07,114.188,795.049,-1.78808e-07,129.252,1000.53,2.6733e-07,146.304,1259.03,4.50292e-07,165.605,1584.19,6.76904e-07,187.452,1993.12,-1.23808e-07,212.181,2507.27,-4.89068e-07,240.173,3153.54,-5.40284e-07,271.856,3965.56,1.86061e-07,307.719,4985.38,4.37004e-07,348.313,6265.4,3.59828e-07,394.26,7870.83,3.98192e-07,446.268,9882.51,-1.92908e-07,505.135,12400.3,-2.20392e-07,571.766,15546.9,1.51705e-07,647.184,19472.2,5.74996e-07,732.547,24357.4,5.39112e-07,829.167,30420,5.07815e-09,938.526,37916.3,-4.11492e-07,1062.3,47143.9,-3.9561e-07,1202.4,58439.2,3.86185e-08,1360.96,72169.3,5.94093e-07,1540.42,88715.8,7.47693e-07,1743.53,108445,1.78537e-07,1973.41,131665,-4.12549e-07,2233.57,158557,-5.37164e-07,2528,189103,-1.17615e-07,2861.2,222986,5.66769e-07,3238.27,259510,9.45053e-07,3664.97,297540,4.25093e-07,4147.81,335497,-3.58506e-07,4694.17,371444,-6.7724e-07,5312.37,403256,1.67192e-07,1.61744,3.89446,9.84394,3.28846,7.5504,12.774,5.07607,11.7187,13.6844,7.03202,16.8147,13.9681,9.20215,23.1769,14.0566,11.6301,31.1672,14.0841,14.3598,41.2186,14.0927,17.4376,53.8688,14.0954,20.9137,69.7915,14.0962,24.8432,89.8341,14.0965,29.2879,115.063,14.0966,34.3168,146.819,14.0966,40.0078,186.792,14.0966,46.4487,237.107,14.0966,53.7388,300.44,14.0966,61.9903,380.158,14.0966,71.3301,480.499,14.0966,81.902,606.796,14.0966,93.8685,765.761,14.0966,107.414,965.837,14.0966,122.746,1217.65,14.0966,140.101,1534.57,14.0966,159.745,1933.41,14.0966,181.981,2435.3,14.0966,207.15,3066.85,14.0966,235.64,3861.46,14.0966,267.889,4861.11,14.0966,304.391,6118.54,14.0966,345.709,7699.91,14.0966,392.478,9688.22,14.0966,445.417,12187.5,14.0966,505.339,15327.7,14.0966,573.165,19271.6,14.0966,649.938,24222,14.0966,736.839,30430.9,14.0966,835.202,38211.5,14.0966,946.539,47950.3,14.0966,1072.56,60122.8,14.0966,1215.21,75309.9,14.0966,1376.66,94216.2,14.0966,1559.41,117688,14.0966,1766.26,146729,14.0966,2000.39,182510,14.0966,2265.39,226372,14.0966,2565.33,279806,14.0966,2904.81,344416,14.0966,3289.05,421845,14.0966,3723.93,513667,14.0966,4216.13,621231,14.0966,4773.18,745478,14.0966,5403.64,886744,14.0966,6117.15,1.04457e+06,14.0966,6924.63,1.2176e+06,14.0966,11.7194,11.96,12.6541,13.9321,16.1295,13.6434,16.6097,21.9702,13.9553,19.7532,29.5285,14.0526,23.3844,39.1143,14.0829,27.5423,51.2054,14.0923,32.2796,66.434,14.0953,37.662,85.6061,14.0962,43.7675,109.74,14.0965,50.687,140.119,14.0966,58.5249,178.359,14.0966,67.4005,226.493,14.0966,77.4493,287.08,14.0966,88.8254,363.343,14.0966,101.703,459.336,14.0966,116.281,580.161,14.0966,132.782,732.241,14.0966,151.46,923.655,14.0966,172.603,1164.57,14.0966,196.535,1467.79,14.0966,223.625,1849.39,14.0966,254.288,2329.62,14.0966,288.997,2933.93,14.0966,328.285,3694.33,14.0966,372.755,4651.04,14.0966,423.092,5854.57,14.0966,480.07,7368.38,14.0966,544.564,9272.08,14.0966,617.566,11665.5,14.0966,700.197,14673.6,14.0966,793.729,18452.9,14.0966,899.599,23198.6,14.0966,1019.43,29154.1,14.0966,1155.07,36622.3,14.0966,1308.6,45977.9,14.0966,1482.39,57683.7,14.0966,1679.09,72307.8,14.0966,1901.73,90542.8,14.0966,2153.73,113226,14.0966,2438.97,141360,14.0966,2761.81,176127,14.0966,3127.22,218898,14.0966,3540.81,271226,14.0966,4008.92,334817,14.0966,4538.74,411470,14.0966,5138.38,502973,14.0966,5817.04,610948,14.0966,6585.12,736653,14.0966,7454.39,880741,14.0966,8438.15,1.04302e+06,14.0966,9551.45,1.22224e+06,14.0966,10811.3,1.41602e+06,14.0966,12237,1.62086e+06,14.0966,11.7194,11.96,12.6541,2.21263,4.16949,0.989383,2.67766,5.84076,0.311842,3.14343,7.55825,0.0972771,3.63127,9.58578,0.0303237,4.15787,12.0912,0.00945211,4.73731,15.2286,0.00294633,5.38238,19.1721,0.000918508,6.10553,24.134,0.000286163,6.91951,30.3791,8.92692e-05,7.83792,38.2397,2.78121e-05,8.87555,48.1338,8.65134e-06,10.0489,60.5876,2.7882e-06,11.3761,76.2629,8.29036e-07,12.8779,95.9927,2.4373e-07,14.5775,120.825,4.33068e-09,16.5012,152.08,1.75749e-07,18.6784,191.415,-1.86328e-07,21.1428,240.917,1.91829e-07,23.9322,303.213,-1.81475e-07,27.0895,381.602,7.0186e-08,30.6634,480.231,-2.86769e-08,34.7087,604.316,2.40784e-07,39.2876,760.401,9.87368e-08,44.4705,956.705,1.22263e-07,50.3371,1203.54,-4.31966e-07,56.9776,1513.81,-1.9705e-07,64.494,1903.69,-2.763e-08,73.0018,2393.4,3.9185e-07,82.6317,3008.13,1.35379e-07,93.5318,3779.25,-4.16351e-08,105.869,4745.7,2.06965e-08,119.834,5955.6,-3.18887e-07,135.641,7468.12,-1.48271e-08,153.531,9355.62,2.00739e-07,173.781,11705.8,2.28358e-07,196.701,14624.1,-1.93587e-08,222.642,18235,-2.88101e-07,252.003,22683.4,-2.24732e-07,285.234,28134,8.56806e-09,322.845,34767,2.34258e-07,365.413,42770.9,2.99668e-07,413.588,52327.9,8.28644e-08,468.111,63591.2,-3.07049e-07,529.814,76653.2,-3.1888e-07,599.642,91502.5,-6.72276e-08,678.662,107975,2.26339e-07,768.083,125705,3.69212e-07,869.267,144088,2.04077e-07,983.76,162277,-2.80509e-07,1113.3,179223,-4.22737e-07,1259.87,193777,-1.71951e-07,1425.68,204839,4.55555e-07,11.7194,11.96,12.6541,2.21263,4.16949,0.989383,2.67766,5.84076,0.311842,3.14343,7.55825,0.0972771,3.63127,9.58578,0.0303237,4.15787,12.0912,0.00945211,4.73731,15.2286,0.00294633,5.38238,19.1721,0.000918508,6.10553,24.134,0.000286163,6.91951,30.3791,8.92692e-05,7.83792,38.2397,2.78121e-05,8.87555,48.1338,8.65134e-06,10.0489,60.5876,2.7882e-06,11.3761,76.2629,8.29036e-07,12.8779,95.9927,2.4373e-07,14.5775,120.825,1e-08,16.5012,152.08,1.75749e-07,18.6784,191.415,1e-08,21.1428,240.917,1.91829e-07,23.9322,303.213,1e-08,27.0895,381.602,7.0186e-08,30.6634,480.231,1e-08,34.7087,604.316,2.40784e-07,39.2876,760.401,9.87368e-08,44.4705,956.705,1.22263e-07,50.3371,1203.54,1e-08,56.9776,1513.81,1e-08,64.494,1903.69,1e-08,73.0018,2393.4,3.9185e-07,82.6317,3008.13,1.35379e-07,93.5318,3779.25,1e-08,105.869,4745.7,2.06965e-08,119.834,5955.6,1e-08,135.641,7468.12,1e-08,153.531,9355.62,2.00739e-07,173.781,11705.8,2.28358e-07,196.701,14624.1,1e-08,222.642,18235,1e-08,252.003,22683.4,1e-08,285.234,28134,1e-08,322.845,34767,2.34258e-07,365.413,42770.9,2.99668e-07,413.588,52327.9,8.28644e-08,468.111,63591.2,1e-08,529.814,76653.2,1e-08,599.642,91502.5,1e-08,678.662,107975,2.26339e-07,768.083,125705,3.69212e-07,869.267,144088,2.04077e-07,983.76,162277,1e-08,1113.3,179223,1e-08,1259.87,193777,1e-08,1425.68,204839,4.55555e-07,6.2823,3.27286,2.43537,0.219672,6.18826,2.24117,0.56371,6.87772,2.63624,0.308279,7,3,12,1,1,2,1,9,0,1,6,0,1,13,0,5,12,0,10,27,0,2,31,0,5,24,0,8,29,0,16,21,0,6,31,0,17,96,0,8,99,0,16,55,0,26,239,0,44,205,0,17,226,0,16,201,0,21,219,0,24,332,0,29,532,0,56,1129,0,22,744,0,14,486,0,47,1036,0,29,1480,0,65,1853,0,77,4575,0,122,1589,0,70,2683,0,69,4369,0,99,3096,0,237,7668,0,186,5636,0,292,14915,0,221,11684,0,280,12864,0,212,17858,0,268,26969,0,417,29247,0,391,25765,0,280,37987,0,320,39581,0,819,112390,0,671,52239,0,768,89754,0,969,103384,0,912,93093,0,1443,173511,0,1440,236281,0,994,249899,0,980,147478,0
-1.05176e+08,1,8.88811e-15,10,1023,0,1.05176e+08,0.528882,1.08665,0.389689,0.145397,0.379329,3.24381,0.161596,0.446195,1.77396,0.159177,1.15e+07,4.49998e+06,6.79999e+06,1.15e+07,4.49997e+06,6.79999e+06,1.15e+07,4.49996e+06,6.79999e+06,1.15e+07,4.49995e+06,6.79999e+06,1.14999e+07,4.49993e+06,6.79999e+06,1.14999e+07,4.49991e+06,6.79999e+06,1.14999e+07,4.49989e+06,6.79999e+06,1.14999e+07,4.49986e+06,6.79999e+06,1.14999e+07,4.49982e+06,6.79999e+06,1.14999e+07,4.49977e+06,6.79999e+06,1.14999e+07,4.49971e+06,6.79999e+06,1.14999e+07,4.49963e+06,6.79999e+06,1.14998e+07,4.49953e+06,6.79999e+06,1.14998e+07,4.49941e+06,6.79999e+06,1.14998e+07,4.49926e+06,6.79999e+06,1.14998e+07,4.49906e+06,6.79999e+06,1.14997e+07,4.49882e+06,6.79999e+06,1.14997e+07,4.49851e+06,6.79999e+06,1.14997e+07,4.49812e+06,6.79999e+06,1.14996e+07,4.49764e+06,6.79999e+06,1.14996e+07,4.49702e+06,6.79999e+06,1.14995e+07,4.49625e+06,6.79999e+06,1.14995e+07,4.49528e+06,6.79999e+06,1.14994e+07,4.49406e+06,6.79999e+06,1.14993e+07,4.49253e+06,6.79999e+06,1.14992e+07,4.49059e+06,6.79999e+06,1.14991e+07,4.48817e+06,6.79999e+06,1.1499e+07,4.48511e+06,6.79999e+06,1.14988e+07,4.48128e+06,6.79999e+06,1.14987e+07,4.47646e+06,6.79999e+06,1.14985e+07,4.47041e+06,6.79999e+06,1.14983e+07,4.46281e+06,6.79999e+06,1.14981e+07,4.4533e+06,6.79999e+06,1.14979e+07,4.44138e+06,6.79999e+06,1.14976e+07,4.42649e+06,6.79999e+06,1.14972e+07,4.40789e+06,6.79999e+06,1.14969e+07,4.38471e+06,6.79999e+06,1.14965e+07,4.35592e+06,6.79999e+06,1.1496e+07,4.32027e+06,6.79999e+06,1.14955e+07,4.27629e+06,6.79999e+06,1.14949e+07,4.22231e+06,6.79999e+06,1.14942e+07,4.15647e+06,6.79999e+06,1.14934e+07,4.07676e+06,6.79999e+06,1.14926e+07,3.98112e+06,6.79999e+06,1.14916e+07,3.86765e+06,6.79999e+06,1.14905e+07,3.73474e+06,6.79999e+06,1.14892e+07,3.58148e+06,6.79999e+06,1.14878e+07,3.40785e+06,6.79999e+06,1.14862e+07,3.21513e+06,6.79999e+06,1.14844e+07,3.00605e+06,6.79999e+06,1.14823e+07,2.7848e+06,6.79999e+06,1.148e+07,2.5568e+06,6.79999e+06,1.14773e+07,2.32825e+06,6.79999e+06,13.5742,8.52444,0.508366,16.8306,13.2585,0.162638,20.0035,17.569,0.0507846,23.2616,22.4214,0.0158319,26.7328,28.3297,0.00493498,30.5212,35.6974,0.00153831,34.7178,44.9473,0.000479527,39.4086,56.5822,0.000149456,44.6796,71.2245,4.66214e-05,50.6209,89.6543,1.45419e-05,57.3297,112.852,4.54748e-06,64.9129,142.051,1.43857e-06,73.4897,178.803,4.36618e-07,83.1934,225.062,1.40153e-07,94.1745,283.286,4.96378e-08,106.602,356.568,1.05434e-07,120.669,448.799,-6.49244e-08,136.59,564.873,1.70148e-07,154.611,710.948,-5.34594e-08,175.008,894.767,1.63407e-07,198.097,1126.06,8.04804e-08,224.231,1417.07,1.14667e-07,253.813,1783.15,-1.71227e-07,287.297,2243.62,-2.88466e-07,325.198,2822.67,-4.33651e-07,368.098,3550.67,7.9318e-08,416.657,4465.65,3.13319e-07,471.621,5615.16,3.4613e-07,533.835,7058.61,-1.19199e-07,604.255,8870.02,-2.79964e-07,683.962,11141.4,-2.30521e-07,774.182,13986.7,-2.55099e-07,876.299,17546.4,1.23585e-07,991.883,21993.1,1.41192e-07,1122.71,27536.7,-9.71886e-08,1270.78,34430.7,-3.68368e-07,1438.38,42977.7,-3.45379e-07,1628.07,53532.7,-3.25328e-09,1842.77,66504.6,2.6362e-07,2085.77,82350.2,2.53445e-07,2360.79,101560,-2.47407e-08,2672.05,124632,-3.80602e-07,3024.31,152018,-4.79005e-07,3422.98,184060,-1.14379e-07,3874.15,220884,2.64297e-07,4384.72,262283,3.44131e-07,4962.49,307576,7.5349e-08,5616.29,355497,-3.63097e-07,6356.1,404126,-6.05442e-07,7193.18,450932,-2.72333e-07,8140.28,492963,2.29675e-07,9211.79,527178,4.3387e-07,10424,550893,-1.0711e-07,10.102,8.06553,2.81012,10.6436,8.57909,0.869423,11.5336,10.2515,0.270869,12.7211,12.7138,0.0844293,14.1823,15.9373,0.0263173,15.9122,20.0383,0.0082035,17.9198,25.2154,0.00255722,20.2244,31.7373,0.000797017,22.8539,39.9486,0.000248622,25.8438,50.2851,7.75492e-05,29.237,63.2963,2.42508e-05,33.0837,79.6738,7.67162e-06,37.4415,100.288,2.32837e-06,42.3767,126.236,7.33e-07,47.9646,158.896,2.79256e-07,54.2906,200.003,9.87351e-09,61.452,251.741,1.61085e-07,69.5585,316.859,-2.47141e-07,78.7347,398.812,8.93552e-08,89.1218,501.948,-2.53231e-07,100.879,631.736,-1.25047e-07,114.188,795.049,-1.78808e-07,129.252,1000.53,2.6733e-07,146.304,1259.03,4.50292e-07,165.605,1584.19,6.76904e-07,187.452,1993.12,-1.23808e-07,212.181,2507.27,-4.89068e-07,240.173,3153.54,-5.40284e-07,271.856,3965.56,1.86061e-07,307.719,4985.38,4.37004e-07,348.313,6265.4,3.59828e-07,394.26,7870.83,3.98192e-07,446.268,9882.51,-1.92908e-07,505.135,12400.3,-2.20392e-07,571.766,15546.9,1.51705e-07,647.184,19472.2,5.74996e-07,732.547,24357.4,5.39112e-07,829.167,30420,5.07815e-09,938.526,37916.3,-4.11492e-07,1062.3,47143.9,-3.9561e-07,1202.4,58439.2,3.86185e-08,1360.96,72169.3,5.94093e-07,1540.42,88715.8,7.47693e-07,1743.53,108445,1.78537e-07,1973.41,131665,-4.12549e-07,2233.57,158557,-5.37164e-07,2528,189103,-1.17615e-07,2861.2,222986,5.66769e-07,3238.27,259510,9.45053e-07,3664.97,297540,4.25093e-07,4147.81,335497,-3.58506e-07,4694.17,371444,-6.7724e-07,5312.37,403256,1.67192e-07,1.61744,3.89446,9.84394,3.28846,7.5504,12.774,5.07607,11.7187,13.6844,7.03202,16.8147,13.9681,9.20215,23.1769,14.0566,11.6301,31.1672,14.0841,14.3598,41.2186,14.0927,17.4376,53.8688,14.0954,20.9137,69.7915,14.0962,24.8432,89.8341,14.0965,29.2879,115.063,14.0966,34.3168,146.819,14.0966,40.0078,186.792,14.0966,46.4487,237.107,14.0966,53.7388,300.44,14.0966,61.9903,380.158,14.0966,71.3301,480.499,14.0966,81.902,606.796,14.0966,93.8685,765.761,14.0966,107.414,965.837,14.0966,122.746,1217.65,14.0966,140.101,1534.57,14.0966,159.745,1933.41,14.0966,181.981,2435.3,14.0966,207.15,3066.85,14.0966,235.64,3861.46,14.0966,267.889,4861.11,14.0966,304.391,6118.54,14.0966,345.709,7699.91,14.0966,392.478,9688.22,14.0966,445.417,12187.5,14.0966,505.339,15327.7,14.0966,573.165,19271.6,14.0966,649.938,24222,14.0966,736.839,30430.9,14.0966,835.202,38211.5,14.0966,946.539,47950.3,14.0966,1072.56,60122.8,14.0966,1215.21,75309.9,14.0966,1376.66,94216.2,14.0966,1559.41,117688,14.0966,1766.26,146729,14.0966,2000.39,182510,14.0966,2265.39,226372,14.0966,2565.33,279806,14.0966,2904.81,344416,14.0966,3289.05,421845,14.0966,3723.93,513667,14.0966,4216.13,621231,14.0966,4773.18,745478,14.0966,5403.64,886744,14.0966,6117.15,1.04457e+06,14.0966,6924.63,1.2176e+06,14.0966,11.7194,11.96,12.6541,13.9321,16.1295,13.6434,16.6097,21.9702,13.9553,19.7532,29.5285,14.0526,23.3844,39.1143,14.0829,27.5423,51.2054,14.0923,32.2796,66.434,14.0953,37.662,85.6061,14.0962,43.7675,109.74,14.0965,50.687,140.119,14.0966,58.5249,178.359,14.0966,67.4005,226.493,14.0966,77.4493,287.08,14.0966,88.8254,363.343,14.0966,101.703,459.336,14.0966,116.281,580.161,14.0966,132.782,732.241,14.0966,151.46,923.655,14.0966,172.603,1164.57,14.0966,196.535,1467.79,14.0966,223.625,1849.39,14.0966,254.288,2329.62,14.0966,288.997,2933.93,14.0966,328.285,3694.33,14.0966,372.755,4651.04,14.0966,423.092,5854.57,14.0966,480.07,7368.38,14.0966,544.564,9272.08,14.0966,617.566,11665.5,14.0966,700.197,14673.6,14.0966,793.729,18452.9,14.0966,899.599,23198.6,14.0966,1019.43,29154.1,14.0966,1155.07,36622.3,14.0966,1308.6,45977.9,14.0966,1482.39,57683.7,14.0966,1679.09,72307.8,14.0966,1901.73,90542.8,14.0966,2153.73,113226,14.0966,2438.97,141360,14.0966,2761.81,176127,14.0966,3127.22,218898,14.0966,3540.81,271226,14.0966,4008.92,334817,14.0966,4538.74,411470,14.0966,5138.38,502973,14.0966,5817.04,610948,14.0966,6585.12,736653,14.0966,7454.39,880741,14.0966,8438.15,1.04302e+06,14.0966,9551.45,1.22224e+06,14.0966,10811.3,1.41602e+06,14.0966,12237,1.62086e+06,14.0966,11.7194,11.96,12.6541,2.21263,4.16949,0.989383,2.67766,5.84076,0.311842,3.14343,7.55825,0.0972771,3.63127,9.58578,0.0303237,4.15787,12.0912,0.00945211,4.73731,15.2286,0.00294633,5.38238,19.1721,0.000918508,6.10553,24.134,0.000286163,6.91951,30.3791,8.92692e-05,7.83792,38.2397,2.78121e-05,8.87555,48.1338,8.65134e-06,10.0489,60.5876,2.7882e-06,11.3761,76.2629,8.29036e-07,12.8779,95.9927,2.4373e-07,14.5775,120.825,4.33068e-09,16.5012,152.08,1.75749e-07,18.6784,191.415,-1.86328e-07,21.1428,240.917,1.91829e-07,23.9322,303.213,-1.81475e-07,27.0895,381.602,7.0186e-08,30.6634,480.231,-2.86769e-08,34.7087,604.316,2.40784e-07,39.2876,760.401,9.87368e-08,44.4705,956.705,1.22263e-07,50.3371,1203.54,-4.31966e-07,56.9776,1513.81,-1.9705e-07,64.494,1903.69,-2.763e-08,73.0018,2393.4,3.9185e-07,82.6317,3008.13,1.35379e-07,93.5318,3779.25,-4.16351e-08,105.869,4745.7,2.06965e-08,119.834,5955.6,-3.18887e-07,135.641,7468.12,-1.48271e-08,153.531,9355.62,2.00739e-07,173.781,11705.8,2.28358e-07,196.701,14624.1,-1.93587e-08,222.642,18235,-2.88101e-07,252.003,22683.4,-2.24732e-07,285.234,28134,8.56806e-09,322.845,34767,2.34258e-07,365.413,42770.9,2.99668e-07,413.588,52327.9,8.28644e-08,468.111,63591.2,-3.07049e-07,529.814,76653.2,-3.1888e-07,599.642,91502.5,-6.72276e-08,678.662,107975,2.26339e-07,768.083,125705,3.69212e-07,869.267,144088,2.04077e-07,983.76,162277,-2.80509e-07,1113.3,179223,-4.22737e-07,1259.87,193777,-1.71951e-07,1425.68,204839,4.55555e-07,11.7194,11.96,12.6541,2.21263,4.16949,0.989383,2.67766,5.84076,0.311842,3.14343,7.55825,0.0972771,3.63127,9.58578,0.0303237,4.15787,12.0912,0.00945211,4.73731,15.2286,0.00294633,5.38238,19.1721,0.000918508,6.10553,24.134,0.000286163,6.91951,30.3791,8.92692e-05,7.83792,38.2397,2.78121e-05,8.87555,48.1338,8.65134e-06,10.0489,60.5876,2.7882e-06,11.3761,76.2629,8.29036e-07,12.8779,95.9927,2.4373e-07,14.5775,120.825,1e-08,16.5012,152.08,1.75749e-07,18.6784,191.415,1e-08,21.1428,240.917,1.91829e-07,23.9322,303.213,1e-08,27.0895,381.602,7.0186e-08,30.6634,480.231,1e-08,34.7087,604.316,2.40784e-07,39.2876,760.401,9.87368e-08,44.4705,956.705,1.22263e-07,50.3371,1203.54,1e-08,56.9776,1513.81,1e-08,64.494,1903.69,1e-08,73.0018,2393.4,3.9185e-07,82.6317,3008.13,1.35379e-07,93.5318,3779.25,1e-08,105.869,4745.7,2.06965e-08,119.834,5955.6,1e-08,135.641,7468.12,1e-08,153.531,9355.62,2.00739e-07,173.781,11705.8,2.28358e-07,196.701,14624.1,1e-08,222.642,18235,1e-08,252.003,22683.4,1e-08,285.234,28134,1e-08,322.845,34767,2.34258e-07,365.413,42770.9,2.99668e-07,413.588,52327.9,8.28644e-08,468.111,63591.2,1e-08,529.814,76653.2,1e-08,599.642,91502.5,1e-08,678.662,107975,2.26339e-07,768.083,125705,3.69212e-07,869.267,144088,2.04077e-07,983.76,162277,1e-08,1113.3,179223,1e-08,1259.87,193777,1e-08,1425.68,204839,4.55555e-07,6.2823,3.27286,2.43537,0.219672,6.18826,2.24117,0.56371,6.87772,2.63624,0.308279,10,19,17,3,2,0,3,5,0,1,12,0,3,12,0,4,11,0,12,12,0,3,20,0,2,37,0,11,46,0,24,49,0,4,48,0,4,71,0,8,113,0,17,93,0,19,117,0,23,133,0,7,112,0,17,150,0,22,369,0,16,446,0,25,362,0,44,875,0,45,689,0,90,1022,0,26,1267,0,53,1598,0,55,2676,0,63,2121,0,29,5701,0,186,7551,0,116,1761,0,74,7012,0,127,5052,0,196,8386,0,171,6905,0,433,20530,0,151,22926,0,216,15781,0,346,36582,0,144,42157,0,514,41430,0,537,36008,0,525,119600,0,512,34827,0,224,76419,0,360,100166,0,594,133023,0,1269,118963,0,481,373092,0,1606,239986,0,1415,67110,0,2607,231883,0
-1.05176e+08,1,8.88811e-15,10,1023,0,1.05176e+08,0.528882,1.08665,0.389689,0.145397,0.379329,3.24381,0.161596,0.446195,1.77396,0.159177,1.15e+07,4.49998e+06,6.79999e+06,1.15e+07,4.49997e+06,6.79999e+06,1.15e+07,4.49996e+06,6.79999e+06,1.15e+07,4.49995e+06,6.79999e+06,1.14999e+07,4.49993e+06,6.79999e+06,1.14999e+07,4.49991e+06,6.79999e+06,1.14999e+07,4.49989e+06,6.79999e+06,1.14999e+07,4.49986e+06,6.79999e+06,1.14999e+07,4.49982e+06,6.79999e+06,1.14999e+07,4.49977e+06,6.79999e+06,1.14999e+07,4.49971e+06,6.79999e+06,1.14999e+07,4.49963e+06,6.79999e+06,1.14998e+07,4.49953e+06,6.79999e+06,1.14998e+07,4.49941e+06,6.79999e+06,1.14998e+07,4.49926e+06,6.79999e+06,1.14998e+07,4.49906e+06,6.79999e+06,1.14997e+07,4.49882e+06,6.79999e+06,1.14997e+07,4.49851e+06,6.79999e+06,1.14997e+07,4.49812e+06,6.79999e+06,1.14996e+07,4.49764e+06,6.79999e+06,1.14996e+07,4.49702e+06,6.79999e+06,1.14995e+07,4.49625e+06,6.79999e+06,1.14995e+07,4.49528e+06,6.79999e+06,1.14994e+07,4.49406e+06,6.79999e+06,1.14993e+07,4.49253e+06,6.79999e+06,1.14992e+07,4.49059e+06,6.79999e+06,1.14991e+07,4.48817e+06,6.79999e+06,1.1499e+07,4.48511e+06,6.79999e+06,1.14988e+07,4.48128e+06,6.79999e+06,1.14987e+07,4.47646e+06,6.79999e+06,1.14985e+07,4.47041e+06,6.79999e+06,1.14983e+07,4.46281e+06,6.79999e+06,1.14981e+07,4.4533e+06,6.79999e+06,1.14979e+07,4.44138e+06,6.79999e+06,1.14976e+07,4.42649e+06,6.79999e+06,1.14972e+07,4.40789e+06,6.79999e+06,1.14969e+07,4.38471e+06,6.79999e+06,1.14965e+07,4.35592e+06,6.79999e+06,1.1496e+07,4.32027e+06,6.79999e+06,1.14955e+07,4.27629e+06,6.79999e+06,1.14949e+07,4.22231e+06,6.79999e+06,1.14942e+07,4.15647e+06,6.79999e+06,1.14934e+07,4.07676e+06,6.79999e+06,1.14926e+07,3.98112e+06,6.79999e+06,1.14916e+07,3.86765e+06,6.79999e+06,1.14905e+07,3.73474e+06,6.79999e+06,1.14892e+07,3.58148e+06,6.79999e+06,1.14878e+07,3.40785e+06,6.79999e+06,1.14862e+07,3.21513e+06,6.79999e+06,1.14844e+07,3.00605e+06,6.79999e+06,1.14823e+07,2.7848e+06,6.79999e+06,1.148e+07,2.5568e+06,6.79999e+06,1.14773e+07,2.32825e+06,6.79999e+06,13.5742,8.52444,0.508366,16.8306,13.2585,0.162638,20.0035,17.569,0.0507846,23.2616,22.4214,0.0158319,26.7328,28.3297,0.00493498,30.5212,35.6974,0.00153831,34.7178,44.9473,0.000479527,39.4086,56.5822,0.000149456,44.6796,71.2245,4.66214e-05,50.6209,89.6543,1.45419e-05,57.3297,112.852,4.54748e-06,64.9129,142.051,1.43857e-06,73.4897,178.803,4.36618e-07,83.1934,225.062,1.40153e-07,94.1745,283.286,4.96378e-08,106.602,356.568,1.05434e-07,120.669,448.799,-6.49244e-08,136.59,564.873,1.70148e-07,154.611,710.948,-5.34594e-08,175.008,894.767,1.63407e-07,198.097,1126.06,8.04804e-08,224.231,1417.07,1.14667e-07,253.813,1783.15,-1.71227e-07,287.297,2243.62,-2.88466e-07,325.198,2822.67,-4.33651e-07,368.098,3550.67,7.9318e-08,416.657,4465.65,3.13319e-07,471.621,5615.16,3.4613e-07,533.835,7058.61,-1.19199e-07,604.255,8870.02,-2.79964e-07,683.962,11141.4,-2.30521e-07,774.182,13986.7,-2.55099e-07,876.299,17546.4,1.23585e-07,991.883,21993.1,1.41192e-07,1122.71,27536.7,-9.71886e-08,1270.78,34430.7,-3.68368e-07,1438.38,42977.7,-3.45379e-07,1628.07,53532.7,-3.25328e-09,1842.77,66504.6,2.6362e-07,2085.77,82350.2,2.53445e-07,2360.79,101560,-2.47407e-08,2672.05,124632,-3.80602e-07,3024.31,152018,-4.79005e-07,3422.98,184060,-1.14379e-07,3874.15,220884,2.64297e-07,4384.72,262283,3.44131e-07,4962.49,307576,7.5349e-08,5616.29,355497,-3.63097e-07,6356.1,404126,-6.05442e-07,7193.18,450932,-2.72333e-07,8140.28,492963,2.29675e-07,9211.79,527178,4.3387e-07,10424,550893,-1.0711e-07,10.102,8.06553,2.81012,10.6436,8.57909,0.869423,11.5336,10.2515,0.270869,12.7211,12.7138,0.0844293,14.1823,15.9373,0.0263173,15.9122,20.0383,0.0082035,17.9198,25.2154,0.00255722,20.2244,31.7373,0.000797017,22.8539,39.9486,0.000248622,25.8438,50.2851,7.75492e-05,29.237,63.2963,2.42508e-05,33.0837,79.6738,7.67162e-06,37.4415,100.288,2.32837e-06,42.3767,126.236,7.33e-07,47.9646,158.896,2.79256e-07,54.2906,200.003,9.87351e-09,61.452,251.741,1.61085e-07,69.5585,316.859,-2.47141e-07,78.7347,398.812,8.93552e-08,89.1218,501.948,-2.53231e-07,100.879,631.736,-1.25047e-07,114.188,795.049,-1.78808e-07,129.252,1000.53,2.6733e-07,146.304,1259.03,4.50292e-07,165.605,1584.19,6.76904e-07,187.452,1993.12,-1.23808e-07,212.181,2507.27,-4.89068e-07,240.173,3153.54,-5.40284e-07,271.856,3965.56,1.86061e-07,307.719,4985.38,4.37004e-07,348.313,6265.4,3.59828e-07,394.26,7870.83,3.98192e-07,446.268,9882.51,-1.92908e-07,505.135,12400.3,-2.20392e-07,571.766,15546.9,1.51705e-07,647.184,19472.2,5.74996e-07,732.547,24357.4,5.39112e-07,829.167,30420,5.07815e-09,938.526,37916.3,-4.11492e-07,1062.3,47143.9,-3.9561e-07,1202.4,58439.2,3.86185e-08,1360.96,72169.3,5.94093e-07,1540.42,88715.8,7.47693e-07,1743.53,108445,1.78537e-07,1973.41,131665,-4.12549e-07,2233.57,158557,-5.37164e-07,2528,189103,-1.17615e-07,2861.2,222986,5.66769e-07,3238.27,259510,9.45053e-07,3664.97,297540,4.25093e-07,4147.81,335497,-3.58506e-07,4694.17,371444,-6.7724e-07,5312.37,403256,1.67192e-07,1.61744,3.89446,9.84394,3.28846,7.5504,12.774,5.07607,11.7187,13.6844,7.03202,16.8147,13.9681,9.20215,23.1769,14.0566,11.6301,31.1672,14.0841,14.3598,41.2186,14.0927,17.4376,53.8688,14.0954,20.9137,69.7915,14.0962,24.8432,89.8341,14.0965,29.2879,115.063,14.0966,34.3168,146.819,14.0966,40.0078,186.792,14.0966,46.4487,237.107,14.0966,53.7388,300.44,14.0966,61.9903,380.158,14.0966,71.3301,480.499,14.0966,81.902,606.796,14.0966,93.8685,765.761,14.0966,107.414,965.837,14.0966,122.746,1217.65,14.0966,140.101,1534.57,14.0966,159.745,1933.41,14.0966,181.981,2435.3,14.0966,207.15,3066.85,14.0966,235.64,3861.46,14.0966,267.889,4861.11,14.0966,304.391,6118.54,14.0966,345.709,7699.91,14.0966,392.478,9688.22,14.0966,445.417,12187.5,14.0966,505.339,15327.7,14.0966,573.165,19271.6,14.0966,649.938,24222,14.0966,736.839,30430.9,14.0966,835.202,38211.5,14.0966,946.539,47950.3,14.0966,1072.56,60122.8,14.0966,1215.21,75309.9,14.0966,1376.66,94216.2,14.0966,1559.41,117688,14.0966,1766.26,146729,14.0966,2000.39,182510,14.0966,2265.39,226372,14.0966,2565.33,279806,14.0966,2904.81,344416,14.0966,3289.05,421845,14.0966,3723.93,513667,14.0966,4216.13,621231,14.0966,4773.18,745478,14.0966,5403.64,886744,14.0966,6117.15,1.04457e+06,14.0966,6924.63,1.2176e+06,14.0966,11.7194,11.96,12.6541,13.9321,16.1295,13.6434,16.6097,21.9702,13.9553,19.7532,29.5285,14.0526,23.3844,39.1143,14.0829,27.5423,51.2054,14.0923,32.2796,66.434,14.0953,37.662,85.6061,14.0962,43.7675,109.74,14.0965,50.687,140.119,14.0966,58.5249,178.359,14.0966,67.4005,226.493,14.0966,77.4493,287.08,14.0966,88.8254,363.343,14.0966,101.703,459.336,14.0966,116.281,580.161,14.0966,132.782,732.241,14.0966,151.46,923.655,14.0966,172.603,1164.57,14.0966,196.535,1467.79,14.0966,223.625,1849.39,14.0966,254.288,2329.62,14.0966,288.997,2933.93,14.0966,328.285,3694.33,14.0966,372.755,4651.04,14.0966,423.092,5854.57,14.0966,480.07,7368.38,14.0966,544.564,9272.08,14.0966,617.566,11665.5,14.0966,700.197,14673.6,14.0966,793.729,18452.9,14.0966,899.599,23198.6,14.0966,1019.43,29154.1,14.0966,1155.07,36622.3,14.0966,1308.6,45977.9,14.0966,1482.39,57683.7,14.0966,1679.09,72307.8,14.0966,1901.73,90542.8,14.0966,2153.73,113226,14.0966,2438.97,141360,14.0966,2761.81,176127,14.0966,3127.22,218898,14.0966,3540.81,271226,14.0966,4008.92,334817,14.0966,4538.74,411470,14.0966,5138.38,502973,14.0966,5817.04,610948,14.0966,6585.12,736653,14.0966,7454.39,880741,14.0966,8438.15,1.04302e+06,14.0966,9551.45,1.22224e+06,14.0966,10811.3,1.41602e+06,14.0966,12237,1.62086e+06,14.0966,11.7194,11.96,12.6541,2.21263,4.16949,0.989383,2.67766,5.84076,0.311842,3.14343,7.55825,0.0972771,3.63127,9.58578,0.0303237,4.15787,12.0912,0.00945211,4.73731,15.2286,0.00294633,5.38238,19.1721,0.000918508,6.10553,24.134,0.000286163,6.91951,30.3791,8.92692e-05,7.83792,38.2397,2.78121e-05,8.87555,48.1338,8.65134e-06,10.0489,60.5876,2.7882e-06,11.3761,76.2629,8.29036e-07,12.8779,95.9927,2.4373e-07,14.5775,120.825,4.33068e-09,16.5012,152.08,1.75749e-07,18.6784,191.415,-1.86328e-07,21.1428,240.917,1.91829e-07,23.9322,303.213,-1.81475e-07,27.0895,381.602,7.0186e-08,30.6634,480.231,-2.86769e-08,34.7087,604.316,2.40784e-07,39.2876,760.401,9.87368e-08,44.4705,956.705,1.22263e-07,50.3371,1203.54,-4.31966e-07,56.9776,1513.81,-1.9705e-07,64.494,1903.69,-2.763e-08,73.0018,2393.4,3.9185e-07,82.6317,3008.13,1.35379e-07,93.5318,3779.25,-4.16351e-08,105.869,4745.7,2.06965e-08,119.834,5955.6,-3.18887e-07,135.641,7468.12,-1.48271e-08,153.531,9355.62,2.00739e-07,173.781,11705.8,2.28358e-07,196.701,14624.1,-1.93587e-08,222.642,18235,-2.88101e-07,252.003,22683.4,-2.24732e-07,285.234,28134,8.56806e-09,322.845,34767,2.34258e-07,365.413,42770.9,2.99668e-07,413.588,52327.9,8.28644e-08,468.111,63591.2,-3.07049e-07,529.814,76653.2,-3.1888e-07,599.642,91502.5,-6.72276e-08,678.662,107975,2.26339e-07,768.083,125705,3.69212e-07,869.267,144088,2.04077e-07,983.76,162277,-2.80509e-07,1113.3,179223,-4.22737e-07,1259.87,193777,-1.71951e-07,1425.68,204839,4.55555e-07,11.7194,11.96,12.6541,2.21263,4.16949,0.989383,2.67766,5.84076,0.311842,3.14343,7.55825,0.0972771,3.63127,9.58578,0.0303237,4.15787,12.0912,0.00945211,4.73731,15.2286,0.00294633,5.38238,19.1721,0.000918508,6.10553,24.134,0.000286163,6.91951,30.3791,8.92692e-05,7.83792,38.2397,2.78121e-05,8.87555,48.1338,8.65134e-06,10.0489,60.5876,2.7882e-06,11.3761,76.2629,8.29036e-07,12.8779,95.9927,2.4373e-07,14.5775,120.825,1e-08,16.5012,152.08,1.75749e-07,18.6784,191.415,1e-08,21.1428,240.917,1.91829e-07,23.9322,303.213,1e-08,27.0895,381.602,7.0186e-08,30.6634,480.231,1e-08,34.7087,604.316,2.40784e-07,39.2876,760.401,9.87368e-08,44.4705,956.705,1.22263e-07,50.3371,1203.54,1e-08,56.9776,1513.81,1e-08,64.494,1903.69,1e-08,73.0018,2393.4,3.9185e-07,82.6317,3008.13,1.35379e-07,93.5318,3779.25,1e-08,105.869,4745.7,2.06965e-08,119.834,5955.6,1e-08,135.641,7468.12,1e-08,153.531,9355.62,2.00739e-07,173.781,11705.8,2.28358e-07,196.701,14624.1,1e-08,222.642,18235,1e-08,252.003,22683.4,1e-08,285.234,28134,1e-08,322.845,34767,2.34258e-07,365.413,42770.9,2.99668e-07,413.588,52327.9,8.28644e-08,468.111,63591.2,1e-08,529.814,76653.2,1e-08,599.642,91502.5,1e-08,678.662,107975,2.26339e-07,768.083,125705,3.69212e-07,869.267,144088,2.04077e-07,983.76,162277,1e-08,1113.3,179223,1e-08,1259.87,193777,1e-08,1425.68,204839,4.55555e-07,6.2823,3.27286,2.43537,0.219672,6.18826,2.24117,0.56371,6.87772,2.63624,0.308279,9,23,9,0,5,0,1,6,0,2,5,0,2,9,0,4,14,0,4,18,0,13,28,0,4,24,0,6,51,0,5,72,0,15,50,0,4,58,0,2,40,0,12,116,0,14,119,0,13,133,0,10,114,0,14,257,0,19,413,0,17,290,0,25,359,0,22,556,0,51,1222,0,34,1373,0,82,881,0,44,1492,0,111,2790,0,27,2670,0,77,2566,0,170,4388,0,118,2229,0,112,4222,0,158,3284,0,121,6806,0,205,7405,0,173,13919,0,120,20294,0,202,11688,0,254,18523,0,335,31244,0,303,45542,0,331,76141,0,338,51718,0,349,81006,0,545,119748,0,610,102219,0,672,77418,0,963,121146,0,1568,142634,0,1745,133574,0,778,51412,0,2048,253160,0
-1.05176e+08,1,8.88811e-15,10,1023,0,1.05176e+08,0.528882,1.08665,0.389689,0.145397,0.379329,3.24381,0.161596,0.446195,1.77396,0.159177,1.15e+07,4.49998e+06,6.79999e+06,1.15e+07,4.49997e+06,6.79999e+06,1.15e+07,4.49996e+06,6.79999e+06,1.15e+07,4.49995e+06,6.79999e+06,1.14999e+07,4.49993e+06,6.79999e+06,1.14999e+07,4.49991e+06,6.79999e+06,1.14999e+07,4.49989e+06,6.79999e+06,1.14999e+07,4.49986e+06,6.79999e+06,1.14999e+07,4.49982e+06,6.79999e+06,1.14999e+07,4.49977e+06,6.79999e+06,1.14999e+07,4.49971e+06,6.79999e+06,1.14999e+07,4.49963e+06,6.79999e+06,1.14998e+07,4.49953e+06,6.79999e+06,1.14998e+07,4.49941e+06,6.79999e+06,1.14998e+07,4.49926e+06,6.79999e+06,1.14998e+07,4.49906e+06,6.79999e+06,1.14997e+07,4.49882e+06,6.79999e+06,1.14997e+07,4.49851e+06,6.79999e+06,1.14997e+07,4.49812e+06,6.79999e+06,1.14996e+07,4.49764e+06,6.79999e+06,1.14996e+07,4.49702e+06,6.79999e+06,1.14995e+07,4.49625e+06,6.79999e+06,1.14995e+07,4.49528e+06,6.79999e+06,1.14994e+07,4.49406e+06,6.79999e+06,1.14993e+07,4.49253e+06,6.79999e+06,1.14992e+07,4.49059e+06,6.79999e+06,1.14991e+07,4.48817e+06,6.79999e+06,1.1499e+07,4.48511e+06,6.79999e+06,1.14988e+07,4.48128e+06,6.79999e+06,1.14987e+07,4.47646e+06,6.79999e+06,1.14985e+07,4.47041e+06,6.79999e+06,1.14983e+07,4.46281e+06,6.79999e+06,1.14981e+07,4.4533e+06,6.79999e+06,1.14979e+07,4.44138e+06,6.79999e+06,1.14976e+07,4.42649e+06,6.79999e+06,1.14972e+07,4.40789e+06,6.79999e+06,1.14969e+07,4.38471e+06,6.79999e+06,1.14965e+07,4.35592e+06,6.79999e+06,1.1496e+07,4.32027e+06,6.79999e+06,1.14955e+07,4.27629e+06,6.79999e+06,1.14949e+07,4.22231e+06,6.79999e+06,1.14942e+07,4.15647e+06,6.79999e+06,1.14934e+07,4.07676e+06,6.79999e+06,1.14926e+07,3.98112e+06,6.79999e+06,1.14916e+07,3.86765e+06,6.79999e+06,1.14905e+07,3.73474e+06,6.79999e+06,1.14892e+07,3.58148e+06,6.79999e+06,1.14878e+07,3.40785e+06,6.79999e+06,1.14862e+07,3.21513e+06,6.79999e+06,1.14844e+07,3.00605e+06,6.79999e+06,1.14823e+07,2.7848e+06,6.79999e+06,1.148e+07,2.5568e+06,6.79999e+06,1.14773e+07,2.32825e+06,6.79999e+06,13.5742,8.52444,0.508366,16.8306,13.2585,0.162638,20.0035,17.569,0.0507846,23.2616,22.4214,0.0158319,26.7328,28.3297,0.00493498,30.5212,35.6974,0.00153831,34.7178,44.9473,0.000479527,39.4086,56.5822,0.000149456,44.6796,71.2245,4.66214e-05,50.6209,89.6543,1.45419e-05,57.3297,112.852,4.54748e-06,64.9129,142.051,1.43857e-06,73.4897,178.803,4.36618e-07,83.1934,225.062,1.40153e-07,94.1745,283.286,4.96378e-08,106.602,356.568,1.05434e-07,120.669,448.799,-6.49244e-08,136.59,564.873,1.70148e-07,154.611,710.948,-5.34594e-08,175.008,894.767,1.63407e-07,198.097,1126.06,8.04804e-08,224.231,1417.07,1.14667e-07,253.813,1783.15,-1.71227e-07,287.297,2243.62,-2.88466e-07,325.198,2822.67,-4.33651e-07,368.098,3550.67,7.9318e-08,416.657,4465.65,3.13319e-07,471.621,5615.16,3.4613e-07,533.835,7058.61,-1.19199e-07,604.255,8870.02,-2.79964e-07,683.962,11141.4,-2.30521e-07,774.182,13986.7,-2.55099e-07,876.299,17546.4,1.23585e-07,991.883,21993.1,1.41192e-07,1122.71,27536.7,-9.71886e-08,1270.78,34430.7,-3.68368e-07,1438.38,42977.7,-3.45379e-07,1628.07,53532.7,-3.25328e-09,1842.77,66504.6,2.6362e-07,2085.77,82350.2,2.53445e-07,2360.79,101560,-2.47407e-08,2672.05,124632,-3.80602e-07,3024.31,152018,-4.79005e-07,3422.98,184060,-1.14379e-07,3874.15,220884,2.64297e-07,4384.72,262283,3.44131e-07,4962.49,307576,7.5349e-08,5616.29,355497,-3.63097e-07,6356.1,404126,-6.05442e-07,7193.18,450932,-2.72333e-07,8140.28,492963,2.29675e-07,9211.79,527178,4.3387e-07,10424,550893,-1.0711e-07,10.102,8.06553,2.81012,10.6436,8.57909,0.869423,11.5336,10.2515,0.270869,12.7211,12.7138,0.0844293,14.1823,15.9373,0.0263173,15.9122,20.0383,0.0082035,17.9198,25.2154,0.00255722,20.2244,31.7373,0.000797017,22.8539,39.9486,0.000248622,25.8438,50.2851,7.75492e-05,29.237,63.2963,2.42508e-05,33.0837,79.6738,7.67162e-06,37.4415,100.288,2.32837e-06,42.3767,126.236,7.33e-07,47.9646,158.896,2.79256e-07,54.2906,200.003,9.87351e-09,61.452,251.741,1.61085e-07,69.5585,316.859,-2.47141e-07,78.7347,398.812,8.93552e-08,89.1218,501.948,-2.53231e-07,100.879,631.736,-1.25047e-07,114.188,795.049,-1.78808e-07,129.252,1000.53,2.6733e-07,146.304,1259.03,4.50292e-07,165.605,1584.19,6.76904e-07,187.452,1993.12,-1.23808e-07,212.181,2507.27,-4.89068e-07,240.173,3153.54,-5.40284e-07,271.856,3965.56,1.86061e-07,307.719,4985.38,4.37004e-07,348.313,6265.4,3.59828e-07,394.26,7870.83,3.98192e-07,446.268,9882.51,-1.92908e-07,505.135,12400.3,-2.20392e-07,571.766,15546.9,1.51705e-07,647.184,19472.2,5.74996e-07,732.547,24357.4,5.39112e-07,829.167,30420,5.07815e-09,938.526,37916.3,-4.11492e-07,1062.3,47143.9,-3.9561e-07,1202.4,58439.2,3.86185e-08,1360.96,72169.3,5.94093e-07,1540.42,88715.8,7.47693e-07,1743.53,108445,1.78537e-07,1973.41,131665,-4.12549e-07,2233.57,158557,-5.37164e-07,2528,189103,-1.17615e-07,2861.2,222986,5.66769e-07,3238.27,259510,9.45053e-07,3664.97,297540,4.25093e-07,4147.81,335497,-3.58506e-07,4694.17,371444,-6.7724e-07,5312.37,403256,1.67192e-07,1.61744,3.89446,9.84394,3.28846,7.5504,12.774,5.07607,11.7187,13.6844,7.03202,16.8147,13.9681,9.20215,23.1769,14.0566,11.6301,31.1672,14.0841,14.3598,41.2186,14.0927,17.4376,53.8688,14.0954,20.9137,69.7915,14.0962,24.8432,89.8341,14.0965,29.2879,115.063,14.0966,34.3168,146.819,14.0966,40.0078,186.792,14.0966,46.4487,237.107,14.0966,53.7388,300.44,14.0966,61.9903,380.158,14.0966,71.3301,480.499,14.0966,81.902,606.796,14.0966,93.8685,765.761,14.0966,107.414,965.837,14.0966,122.746,1217.65,14.0966,140.101,1534.57,14.0966,159.745,1933.41,14.0966,181.981,2435.3,14.0966,207.15,3066.85,14.0966,235.64,3861.46,14.0966,267.889,4861.11,14.0966,304.391,6118.54,14.0966,345.709,7699.91,14.0966,392.478,9688.22,14.0966,445.417,12187.5,14.0966,505.339,15327.7,14.0966,573.165,19271.6,14.0966,649.938,24222,14.0966,736.839,30430.9,14.0966,835.202,38211.5,14.0966,946.539,47950.3,14.0966,1072.56,60122.8,14.0966,1215.21,75309.9,14.0966,1376.66,94216.2,14.0966,1559.41,117688,14.0966,1766.26,146729,14.0966,2000.39,182510,14.0966,2265.39,226372,14.0966,2565.33,279806,14.0966,2904.81,344416,14.0966,3289.05,421845,14.0966,3723.93,513667,14.0966,4216.13,621231,14.0966,4773.18,745478,14.0966,5403.64,886744,14.0966,6117.15,1.04457e+06,14.0966,6924.63,1.2176e+06,14.0966,11.7194,11.96,12.6541,13.9321,16.1295,13.6434,16.6097,21.9702,13.9553,19.7532,29.5285,14.0526,23.3844,39.1143,14.0829,27.5423,51.2054,14.0923,32.2796,66.434,14.0953,37.662,85.6061,14.0962,43.7675,109.74,14.0965,50.687,140.119,14.0966,58.5249,178.359,14.0966,67.4005,226.493,14.0966,77.4493,287.08,14.0966,88.8254,363.343,14.0966,101.703,459.336,14.0966,116.281,580.161,14.0966,132.782,732.241,14.0966,151.46,923.655,14.0966,172.603,1164.57,14.0966,196.535,1467.79,14.0966,223.625,1849.39,14.0966,254.288,2329.62,14.0966,288.997,2933.93,14.0966,328.285,3694.33,14.0966,372.755,4651.04,14.0966,423.092,5854.57,14.0966,480.07,7368.38,14.0966,544.564,9272.08,14.0966,617.566,11665.5,14.0966,700.197,14673.6,14.0966,793.729,18452.9,14.0966,899.599,23198.6,14.0966,1019.43,29154.1,14.0966,1155.07,36622.3,14.0966,1308.6,45977.9,14.0966,1482.39,57683.7,14.0966,1679.09,72307.8,14.0966,1901.73,90542.8,14.0966,2153.73,113226,14.0966,2438.97,141360,14.0966,2761.81,176127,14.0966,3127.22,218898,14.0966,3540.81,271226,14.0966,4008.92,334817,14.0966,4538.74,411470,14.0966,5138.38,502973,14.0966,5817.04,610948,14.0966,6585.12,736653,14.0966,7454.39,880741,14.0966,8438.15,1.04302e+06,14.0966,9551.45,1.22224e+06,14.0966,10811.3,1.41602e+06,14.0966,12237,1.62086e+06,14.0966,11.7194,11.96,12.6541,2.21263,4.16949,0.989383,2.67766,5.84076,0.311842,3.14343,7.55825,0.0972771,3.63127,9.58578,0.0303237,4.15787,12.0912,0.00945211,4.73731,15.2286,0.00294633,5.38238,19.1721,0.000918508,6.10553,24.134,0.000286163,6.91951,30.3791,8.92692e-05,7.83792,38.2397,2.78121e-05,8.87555,48.1338,8.65134e-06,10.0489,60.5876,2.7882e-06,11.3761,76.2629,8.29036e-07,12.8779,95.9927,2.4373e-07,14.5775,120.825,4.33068e-09,16.5012,152.08,1.75749e-07,18.6784,191.415,-1.86328e-07,21.1428,240.917,1.91829e-07,23.9322,303.213,-1.81475e-07,27.0895,381.602,7.0186e-08,30.6634,480.231,-2.86769e-08,34.7087,604.316,2.40784e-07,39.2876,760.401,9.87368e-08,44.4705,956.705,1.22263e-07,50.3371,1203.54,-4.31966e-07,56.9776,1513.81,-1.9705e-07,64.494,1903.69,-2.763e-08,73.0018,2393.4,3.9185e-07,82.6317,3008.13,1.35379e-07,93.5318,3779.25,-4.16351e-08,105.869,4745.7,2.06965e-08,119.834,5955.6,-3.18887e-07,135.641,7468.12,-1.48271e-08,153.531,9355.62,2.00739e-07,173.781,11705.8,2.28358e-07,196.701,14624.1,-1.93587e-08,222.642,18235,-2.88101e-07,252.003,22683.4,-2.24732e-07,285.234,28134,8.56806e-09,322.845,34767,2.34258e-07,365.413,42770.9,2.99668e-07,413.588,52327.9,8.28644e-08,468.111,63591.2,-3.07049e-07,529.814,76653.2,-3.1888e-07,599.642,91502.5,-6.72276e-08,678.662,107975,2.26339e-07,768.083,125705,3.69212e-07,869.267,144088,2.04077e-07,983.76,162277,-2.80509e-07,1113.3,179223,-4.22737e-07,1259.87,193777,-1.71951e-07,1425.68,204839,4.55555e-07,11.7194,11.96,12.6541,2.21263,4.16949,0.989383,2.67766,5.84076,0.311842,3.14343,7.55825,0.0972771,3.63127,9.58578,0.0303237,4.15787,12.0912,0.00945211,4.73731,15.2286,0.00294633,5.38238,19.1721,0.000918508,6.10553,24.134,0.000286163,6.91951,30.3791,8.92692e-05,7.83792,38.2397,2.78121e-05,8.87555,48.1338,8.65134e-06,10.0489,60.5876,2.7882e-06,11.3761,76.2629,8.29036e-07,12.8779,95.9927,2.4373e-07,14.5775,120.825,1e-08,16.5012,152.08,1.75749e-07,18.6784,191.415,1e-08,21.1428,240.917,1.91829e-07,23.9322,303.213,1e-08,27.0895,381.602,7.0186e-08,30.6634,480.231,1e-08,34.7087,604.316,2.40784e-07,39.2876,760.401,9.87368e-08,44.4705,956.705,1.22263e-07,50.3371,1203.54,1e-08,56.9776,1513.81,1e-08,64.494,1903.69,1e-08,73.0018,2393.4,3.9185e-07,82.6317,3008.13,1.35379e-07,93.5318,3779.25,1e-08,105.869,4745.7,2.06965e-08,119.834,5955.6,1e-08,135.641,7468.12,1e-08,153.531,9355.62,2.00739e-07,173.781,11705.8,2.28358e-07,196.701,14624.1,1e-08,222.642,18235,1e-08,252.003,22683.4,1e-08,285.234,28134,1e-08,322.845,34767,2.34258e-07,365.413,42770.9,2.99668e-07,413.588,52327.9,8.28644e-08,468.111,63591.2,1e-08,529.814,76653.2,1e-08,599.642,91502.5,1e-08,678.662,107975,2.26339e-07,768.083,125705,3.69212e-07,869.267,144088,2.04077e-07,983.76,162277,1e-08,1113.3,179223,1e-08,1259.87,193777,1e-08,1425.68,204839,4.55555e-07,6.2823,3.27286,2.43537,0.219672,6.18826,2.24117,0.56371,6.87772,2.63624,0.308279,9,7,13,3,5,0,2,7,0,0,0,1,2,11,0,11,13,0,2,11,0,1,21,0,3,28,0,12,38,0,12,22,0,11,28,0,12,40,0,9,100,0,12,67,0,8,114,0,23,93,0,24,191,0,24,261,0,22,303,0,29,265,0,39,356,0,27,500,0,26,299,0,80,1647,0,60,2281,0,87,1203,0,87,1751,0,80,1245,0,38,4436,0,48,3641,0,114,2340,0,71,5334,0,153,6192,0,103,7378,0,156,21930,0,223,20376,0,128,25147,0,263,23527,0,327,23932,0,247,31731,0,197,49213,0,630,47500,0,484,31148,0,200,65737,0,554,72369,0,916,155662,0,475,119543,0,1013,163866,0,1873,202170,0,2645,141763,0,1498,90632,0,1220,179264,0
-1.05176e+08,0.999999,8.88811e-15,10,1023,0,1.05176e+08,0.528882,1.08665,0.389689,0.145397,0.379329,3.24381,0.161596,0.446195,1.77396,0.159177,1.15e+07,4.49998e+06,6.79999e+06,1.15e+07,4.49997e+06,6.79999e+06,1.15e+07,4.49996e+06,6.79999e+06,1.15e+07,4.49995e+06,6.79999e+06,1.14999e+07,4.49993e+06,6.79999e+06,1.14999e+07,4.49991e+06,6.79999e+06,1.14999e+07,4.49989e+06,6.79999e+06,1.14999e+07,4.49986e+06,6.79999e+06,1.14999e+07,4.49982e+06,6.79999e+06,1.14999e+07,4.49977e+06,6.79999e+06,1.14999e+07,4.49971e+06,6.79999e+06,1.14999e+07,4.49963e+06,6.79999e+06,1.14998e+07,4.49953e+06,6.79999e+06,1.14998e+07,4.49941e+06,6.79999e+06,1.14998e+07,4.49926e+06,6.79999e+06,1.14998e+07,4.49906e+06,6.79999e+06,1.14997e+07,4.49882e+06,6.79999e+06,1.14997e+07,4.49851e+06,6.79999e+06,1.14997e+07,4.49812e+06,6.79999e+06,1.14996e+07,4.49764e+06,6.79999e+06,1.14996e+07,4.49702e+06,6.79999e+06,1.14995e+07,4.49625e+06,6.79999e+06,1.14995e+07,4.49528e+06,6.79999e+06,1.14994e+07,4.49406e+06,6.79999e+06,1.14993e+07,4.49253e+06,6.79999e+06,1.14992e+07,4.49059e+06,6.79999e+06,1.14991e+07,4.48817e+06,6.79999e+06,1.1499e+07,4.48511e+06,6.79999e+06,1.14988e+07,4.48128e+06,6.79999e+06,1.14987e+07,4.47646e+06,6.79999e+06,1.14985e+07,4.47041e+06,6.79999e+06,1.14983e+07,4.46281e+06,6.79999e+06,1.14981e+07,4.4533e+06,6.79999e+06,1.14979e+07,4.44138e+06,6.79999e+06,1.14976e+07,4.42649e+06,6.79999e+06,1.14972e+07,4.40789e+06,6.79999e+06,1.14969e+07,4.38471e+06,6.79999e+06,1.14965e+07,4.35592e+06,6.79999e+06,1.1496e+07,4.32027e+06,6.79999e+06,1.14955e+07,4.27629e+06,6.79999e+06,1.14949e+07,4.22231e+06,6.79999e+06,1.14942e+07,4.15647e+06,6.79999e+06,1.14934e+07,4.07676e+06,6.79999e+06,1.14926e+07,3.98112e+06,6.79999e+06,1.14916e+07,3.86765e+06,6.79999e+06,1.14905e+07,3.73474e+06,6.79999e+06,1.14892e+07,3.58148e+06,6.79999e+06,1.14878e+07,3.40785e+06,6.79999e+06,1.14862e+07,3.21513e+06,6.79999e+06,1.14844e+07,3.00605e+06,6.79999e+06,1.14823e+07,2.7848e+06,6.79999e+06,1.148e+07,2.5568e+06,6.79999e+06,1.14773e+07,2.32825e+06,6.79999e+06,13.5742,8.52444,0.508366,16.8306,13.2585,0.162638,20.0035,17.569,0.0507846,23.2616,22.4214,0.0158319,26.7328,28.3297,0.00493498,30.5212,35.6974,0.00153831,34.7178,44.9473,0.000479527,39.4086,56.5822,0.000149456,44.6796,71.2245,4.66214e-05,50.6209,89.6543,1.45419e-05,57.3297,112.852,4.54748e-06,64.9129,142.051,1.43857e-06,73.4897,178.803,4.36618e-07,83.1934,225.062,1.40153e-07,94.1745,283.286,4.96378e-08,106.602,356.568,1.05434e-07,120.669,448.799,-6.49244e-08,136.59,564.873,1.70148e-07,154.611,710.948,-5.34594e-08,175.008,894.767,1.63407e-07,198.097,1126.06,8.04804e-08,224.231,1417.07,1.14667e-07,253.813,1783.15,-1.71227e-07,287.297,2243.62,-2.88466e-07,325.198,2822.67,-4.33651e-07,368.098,3550.67,7.9318e-08,416.657,4465.65,3.13319e-07,471.621,5615.16,3.4613e-07,533.835,7058.61,-1.19199e-07,604.255,8870.02,-2.79964e-07,683.962,11141.4,-2.30521e-07,774.182,13986.7,-2.55099e-07,876.299,17546.4,1.23585e-07,991.883,21993.1,1.41192e-07,1122.71,27536.7,-9.71886e-08,1270.78,34430.7,-3.68368e-07,1438.38,42977.7,-3.45379e-07,1628.07,53532.7,-3.25328e-09,1842.77,66504.6,2.6362e-07,2085.77,82350.2,2.53445e-07,2360.79,101560,-2.47407e-08,2672.05,124632,-3.80602e-07,3024.31,152018,-4.79005e-07,3422.98,184060,-1.14379e-07,3874.15,220884,2.64297e-07,4384.72,262283,3.44131e-07,4962.49,307576,7.5349e-08,5616.29,355497,-3.63097e-07,6356.1,404126,-6.05442e-07,7193.18,450932,-2.72333e-07,8140.28,492963,2.29675e-07,9211.79,527178,4.3387e-07,10424,550893,-1.0711e-07,10.102,8.06553,2.81012,10.6436,8.57909,0.869423,11.5336,10.2515,0.270869,12.7211,12.7138,0.0844293,14.1823,15.9373,0.0263173,15.9122,20.0383,0.0082035,17.9198,25.2154,0.00255722,20.2244,31.7373,0.000797017,22.8539,39.9486,0.000248622,25.8438,50.2851,7.75492e-05,29.237,63.2963,2.42508e-05,33.0837,79.6738,7.67162e-06,37.4415,100.288,2.32837e-06,42.3767,126.236,7.33e-07,47.9646,158.896,2.79256e-07,54.2906,200.003,9.87351e-09,61.452,251.741,1.61085e-07,69.5585,316.859,-2.47141e-07,78.7347,398.812,8.93552e-08,89.1218,501.948,-2.53231e-07,100.879,631.736,-1.25047e-07,114.188,795.049,-1.78808e-07,129.252,1000.53,2.6733e-07,146.304,1259.03,4.50292e-07,165.605,1584.19,6.76904e-07,187.452,1993.12,-1.23808e-07,212.181,2507.27,-4.89068e-07,240.173,3153.54,-5.40284e-07,271.856,3965.56,1.86061e-07,307.719,4985.38,4.37004e-07,348.313,6265.4,3.59828e-07,394.26,7870.83,3.98192e-07,446.268,9882.51,-1.92908e-07,505.135,12400.3,-2.20392e-07,571.766,15546.9,1.51705e-07,647.184,19472.2,5.74996e-07,732.547,24357.4,5.39112e-07,829.167,30420,5.07815e-09,938.526,37916.3,-4.11492e-07,1062.3,47143.9,-3.9561e-07,1202.4,58439.2,3.86185e-08,1360.96,72169.3,5.94093e-07,1540.42,88715.8,7.47693e-07,1743.53,108445,1.78537e-07,1973.41,131665,-4.12549e-07,2233.57,158557,-5.37164e-07,2528,189103,-1.17615e-07,2861.2,222986,5.66769e-07,3238.27,259510,9.45053e-07,3664.97,297540,4.25093e-07,4147.81,335497,-3.58506e-07,4694.17,371444,-6.7724e-07,5312.37,403256,1.67192e-07,1.61744,3.89446,9.84394,3.28846,7.5504,12.774,5.07607,11.7187,13.6844,7.03202,16.8147,13.9681,9.20215,23.1769,14.0566,11.6301,31.1672,14.0841,14.3598,41.2186,14.0927,17.4376,53.8688,14.0954,20.9137,69.7915,14.0962,24.8432,89.8341,14.0965,29.2879,115.063,14.0966,34.3168,146.819,14.0966,40.0078,186.792,14.0966,46.4487,237.107,14.0966,53.7388,300.44,14.0966,61.9903,380.158,14.0966,71.3301,480.499,14.0966,81.902,606.796,14.0966,93.8685,765.761,14.0966,107.414,965.837,14.0966,122.746,1217.65,14.0966,140.101,1534.57,14.0966,159.745,1933.41,14.0966,181.981,2435.3,14.0966,207.15,3066.85,14.0966,235.64,3861.46,14.0966,267.889,4861.11,14.0966,304.391,6118.54,14.0966,345.709,7699.91,14.0966,392.478,9688.22,14.0966,445.417,12187.5,14.0966,505.339,15327.7,14.0966,573.165,19271.6,14.0966,649.938,24222,14.0966,736.839,30430.9,14.0966,835.202,38211.5,14.0966,946.539,47950.3,14.0966,1072.56,60122.8,14.0966,1215.21,75309.9,14.0966,1376.66,94216.2,14.0966,1559.41,117688,14.0966,1766.26,146729,14.0966,2000.39,182510,14.0966,2265.39,226372,14.0966,2565.33,279806,14.0966,2904.81,344416,14.0966,3289.05,421845,14.0966,3723.93,513667,14.0966,4216.13,621231,14.0966,4773.18,745478,14.0966,5403.64,886744,14.0966,6117.15,1.04457e+06,14.0966,6924.63,1.2176e+06,14.0966,11.7194,11.96,12.6541,13.9321,16.1295,13.6434,16.6097,21.9702,13.9553,19.7532,29.5285,14.0526,23.3844,39.1143,14.0829,27.5423,51.2054,14.0923,32.2796,66.434,14.0953,37.662,85.6061,14.0962,43.7675,109.74,14.0965,50.687,140.119,14.0966,58.5249,178.359,14.0966,67.4005,226.493,14.0966,77.4493,287.08,14.0966,88.8254,363.343,14.0966,101.703,459.336,14.0966,116.281,580.161,14.0966,132.782,732.241,14.0966,151.46,923.655,14.0966,172.603,1164.57,14.0966,196.535,1467.79,14.0966,223.625,1849.39,14.0966,254.288,2329.62,14.0966,288.997,2933.93,14.0966,328.285,3694.33,14.0966,372.755,4651.04,14.0966,423.092,5854.57,14.0966,480.07,7368.38,14.0966,544.564,9272.08,14.0966,617.566,11665.5,14.0966,700.197,14673.6,14.0966,793.729,18452.9,14.0966,899.599,23198.6,14.0966,1019.43,29154.1,14.0966,1155.07,36622.3,14.0966,1308.6,45977.9,14.0966,1482.39,57683.7,14.0966,1679.09,72307.8,14.0966,1901.73,90542.8,14.0966,2153.73,113226,14.0966,2438.97,141360,14.0966,2761.81,176127,14.0966,3127.22,218898,14.0966,3540.81,271226,14.0966,4008.92,334817,14.0966,4538.74,411470,14.0966,5138.38,502973,14.0966,5817.04,610948,14.0966,6585.12,736653,14.0966,7454.39,880741,14.0966,8438.15,1.04302e+06,14.0966,9551.45,1.22224e+06,14.0966,10811.3,1.41602e+06,14.0966,12237,1.62086e+06,14.0966,11.7194,11.96,12.6541,2.21263,4.16949,0.989383,2.67766,5.84076,0.311842,3.14343,7.55825,0.0972771,3.63127,9.58578,0.0303237,4.15787,12.0912,0.00945211,4.73731,15.2286,0.00294633,5.38238,19.1721,0.000918508,6.10553,24.134,0.000286163,6.91951,30.3791,8.92692e-05,7.83792,38.2397,2.78121e-05,8.87555,48.1338,8.65134e-06,10.0489,60.5876,2.7882e-06,11.3761,76.2629,8.29036e-07,12.8779,95.9927,2.4373e-07,14.5775,120.825,4.33068e-09,16.5012,152.08,1.75749e-07,18.6784,191.415,-1.86328e-07,21.1428,240.917,1.91829e-07,23.9322,303.213,-1.81475e-07,27.0895,381.602,7.0186e-08,30.6634,480.231,-2.86769e-08,34.7087,604.316,2.40784e-07,39.2876,760.401,9.87368e-08,44.4705,956.705,1.22263e-07,50.3371,1203.54,-4.31966e-07,56.9776,1513.81,-1.9705e-07,64.494,1903.69,-2.763e-08,73.0018,2393.4,3.9185e-07,82.6317,3008.13,1.35379e-07,93.5318,3779.25,-4.16351e-08,105.869,4745.7,2.06965e-08,119.834,5955.6,-3.18887e-07,135.641,7468.12,-1.48271e-08,153.531,9355.62,2.00739e-07,173.781,11705.8,2.28358e-07,196.701,14624.1,-1.93587e-08,222.642,18235,-2.88101e-07,252.003,22683.4,-2.24732e-07,285.234,28134,8.56806e-09,322.845,34767,2.34258e-07,365.413,42770.9,2.99668e-07,413.588,52327.9,8.28644e-08,468.111,63591.2,-3.07049e-07,529.814,76653.2,-3.1888e-07,599.642,91502.5,-6.72276e-08,678.662,107975,2.26339e-07,768.083,125705,3.69212e-07,869.267,144088,2.04077e-07,983.76,162277,-2.80509e-07,1113.3,179223,-4.22737e-07,1259.87,193777,-1.71951e-07,1425.68,204839,4.55555e-07,11.7194,11.96,12.6541,2.21263,4.16949,0.989383,2.67766,5.84076,0.311842,3.14343,7.55825,0.0972771,3.63127,9.58578,0.0303237,4.15787,12.0912,0.00945211,4.73731,15.2286,0.00294633,5.38238,19.1721,0.000918508,6.10553,24.134,0.000286163,6.91951,30.3791,8.92692e-05,7.83792,38.2397,2.78121e-05,8.87555,48.1338,8.65134e-06,10.0489,60.5876,2.7882e-06,11.3761,76.2629,8.29036e-07,12.8779,95.9927,2.4373e-07,14.5775,120.825,1e-08,16.5012,152.08,1.75749e-07,18.6784,191.415,1e-08,21.1428,240.917,1.91829e-07,23.9322,303.213,1e-08,27.0895,381.602,7.0186e-08,30.6634,480.231,1e-08,34.7087,604.316,2.40784e-07,39.2876,760.401,9.87368e-08,44.4705,956.705,1.22263e-07,50.3371,1203.54,1e-08,56.9776,1513.81,1e-08,64.494,1903.69,1e-08,73.0018,2393.4,3.9185e-07,82.6317,3008.13,1.35379e-07,93.5318,3779.25,1e-08,105.869,4745.7,2.06965e-08,119.834,5955.6,1e-08,135.641,7468.12,1e-08,153.531,9355.62,2.00739e-07,173.781,11705.8,2.28358e-07,196.701,14624.1,1e-08,222.642,18235,1e-08,252.003,22683.4,1e-08,285.234,28134,1e-08,322.845,34767,2.34258e-07,365.413,42770.9,2.99668e-07,413.588,52327.9,8.28644e-08,468.111,63591.2,1e-08,529.814,76653.2,1e-08,599.642,91502.5,1e-08,678.662,107975,2.26339e-07,768.083,125705,3.69212e-07,869.267,144088,2.04077e-07,983.76,162277,1e-08,1113.3,179223,1e-08,1259.87,193777,1e-08,1425.68,204839,4.55555e-07,6.2823,3.27286,2.43537,0.219672,6.18826,2.24117,0.56371,6.87772,2.63624,0.308279,13,5,9,4,5,0,1,2,0,4,6,0,2,14,0,5,28,0,3,12,0,6,17,0,8,15,0,6,9,0,10,53,0,11,41,0,21,24,0,8,27,0,9,40,0,25,128,0,20,194,0,35,157,0,16,286,0,40,292,0,45,333,0,28,405,0,50,775,0,36,593,0,22,706,0,28,1222,0,41,1380,0,70,1199,0,61,3182,0,86,4995,0,125,2469,0,73,3427,0,157,6135,0,124,6344,0,172,5863,0,185,10692,0,308,15922,0,222,21832,0,324,14036,0,177,41371,0,486,44307,0,361,18596,0,460,51750,0,561,106245,0,966,38314,0,480,68154,0,295,70678,0,715,94309,0,1275,104842,0,969,131708,0,660,70561,0,876,214833,0,493,180035,0
-1.05176e+08,1,8.88811e-15,10,1023,0,1.05176e+08,0.528882,1.08665,0.389689,0.145397,0.379329,3.24381,0.161596,0.446195,1.77396,0.159177,1.15e+07,4.49998e+06,6.79999e+06,1.15e+07,4.49997e+06,6.79999e+06,1.15e+07,4.49996e+06,6.79999e+06,1.15e+07,4.49995e+06,6.79999e+06,1.14999e+07,4.49993e+06,6.79999e+06,1.14999e+07,4.49991e+06,6.79999e+06,1.14999e+07,4.49989e+06,6.79999e+06,1.14999e+07,4.49986e+06,6.79999e+06,1.14999e+07,4.49982e+06,6.79999e+06,1.14999e+07,4.49977e+06,6.79999e+06,1.14999e+07,4.49971e+06,6.79999e+06,1.14999e+07,4.49963e+06,6.79999e+06,1.14998e+07,4.49953e+06,6.79999e+06,1.14998e+07,4.49941e+06,6.79999e+06,1.14998e+07,4.49926e+06,6.79999e+06,1.14998e+07,4.49906e+06,6.79999e+06,1.14997e+07,4.49882e+06,6.79999e+06,1.14997e+07,4.49851e+06,6.79999e+06,1.14997e+07,4.49812e+06,6.79999e+06,1.14996e+07,4.49764e+06,6.79999e+06,1.14996e+07,4.49702e+06,6.79999e+06,1.14995e+07,4.49625e+06,6.79999e+06,1.14995e+07,4.49528e+06,6.79999e+06,1.14994e+07,4.49406e+06,6.79999e+06,1.14993e+07,4.49253e+06,6.79999e+06,1.14992e+07,4.49059e+06,6.79999e+06,1.14991e+07,4.48817e+06,6.79999e+06,1.1499e+07,4.48511e+06,6.79999e+06,1.14988e+07,4.48128e+06,6.79999e+06,1.14987e+07,4.47646e+06,6.79999e+06,1.14985e+07,4.47041e+06,6.79999e+06,1.14983e+07,4.46281e+06,6.79999e+06,1.14981e+07,4.4533e+06,6.79999e+06,1.14979e+07,4.44138e+06,6.79999e+06,1.14976e+07,4.42649e+06,6.79999e+06,1.14972e+07,4.40789e+06,6.79999e+06,1.14969e+07,4.38471e+06,6.79999e+06,1.14965e+07,4.35592e+06,6.79999e+06,1.1496e+07,4.32027e+06,6.79999e+06,1.14955e+07,4.27629e+06,6.79999e+06,1.14949e+07,4.22231e+06,6.79999e+06,1.14942e+07,4.15647e+06,6.79999e+06,1.14934e+07,4.07676e+06,6.79999e+06,1.14926e+07,3.98112e+06,6.79999e+06,1.14916e+07,3.86765e+06,6.79999e+06,1.14905e+07,3.73474e+06,6.79999e+06,1.14892e+07,3.58148e+06,6.79999e+06,1.14878e+07,3.40785e+06,6.79999e+06,1.14862e+07,3.21513e+06,6.79999e+06,1.14844e+07,3.00605e+06,6.79999e+06,1.14823e+07,2.7848e+06,6.79999e+06,1.148e+07,2.5568e+06,6.79999e+06,1.14773e+07,2.32825e+06,6.79999e+06,13.5742,8.52444,0.508366,16.8306,13.2585,0.162638,20.0035,17.569,0.0507846,23.2616,22.4214,0.0158319,26.7328,28.3297,0.00493498,30.5212,35.6974,0.00153831,34.7178,44.9473,0.000479527,39.4086,56.5822,0.000149456,44.6796,71.2245,4.66214e-05,50.6209,89.6543,1.45419e-05,57.3297,112.852,4.54748e-06,64.9129,142.051,1.43857e-06,73.4897,178.803,4.36618e-07,83.1934,225.062,1.40153e-07,94.1745,283.286,4.96378e-08,106.602,356.568,1.05434e-07,120.669,448.799,-6.49244e-08,136.59,564.873,1.70148e-07,154.611,710.948,-5.34594e-08,175.008,894.767,1.63407e-07,198.097,1126.06,8.04804e-08,224.231,1417.07,1.14667e-07,253.813,1783.15,-1.71227e-07,287.297,2243.62,-2.88466e-07,325.198,2822.67,-4.33651e-07,368.098,3550.67,7.9318e-08,416.657,4465.65,3.13319e-07,471.621,5615.16,3.4613e-07,533.835,7058.61,-1.19199e-07,604.255,8870.02,-2.79964e-07,683.962,11141.4,-2.30521e-07,774.182,13986.7,-2.55099e-07,876.299,17546.4,1.23585e-07,991.883,21993.1,1.41192e-07,1122.71,27536.7,-9.71886e-08,1270.78,34430.7,-3.68368e-07,1438.38,42977.7,-3.45379e-07,1628.07,53532.7,-3.25328e-09,1842.77,66504.6,2.6362e-07,2085.77,82350.2,2.53445e-07,2360.79,101560,-2.47407e-08,2672.05,124632,-3.80602e-07,3024.31,152018,-4.79005e-07,3422.98,184060,-1.14379e-07,3874.15,220884,2.64297e-07,4384.72,262283,3.44131e-07,4962.49,307576,7.5349e-08,5616.29,355497,-3.63097e-07,6356.1,404126,-6.05442e-07,7193.18,450932,-2.72333e-07,8140.28,492963,2.29675e-07,9211.79,527178,4.3387e-07,10424,550893,-1.0711e-07,10.102,8.06553,2.81012,10.6436,8.57909,0.869423,11.5336,10.2515,0.270869,12.7211,12.7138,0.0844293,14.1823,15.9373,0.0263173,15.9122,20.0383,0.0082035,17.9198,25.2154,0.00255722,20.2244,31.7373,0.000797017,22.8539,39.9486,0.000248622,25.8438,50.2851,7.75492e-05,29.237,63.2963,2.42508e-05,33.0837,79.6738,7.67162e-06,37.4415,100.288,2.32837e-06,42.3767,126.236,7.33e-07,47.9646,158.896,2.79256e-07,54.2906,200.003,9.87351e-09,61.452,251.741,1.61085e-07,69.5585,316.859,-2.47141e-07,78.7347,398.812,8.93552e-08,89.1218,501.948,-2.53231e-07,100.879,631.736,-1.25047e-07,114.188,795.049,-1.78808e-07,129.252,1000.53,2.6733e-07,146.304,1259.03,4.50292e-07,165.605,1584.19,6.76904e-07,187.452,1993.12,-1.23808e-07,212.181,2507.27,-4.89068e-07,240.173,3153.54,-5.40284e-07,271.856,3965.56,1.86061e-07,307.719,4985.38,4.37004e-07,348.313,6265.4,3.59828e-07,394.26,7870.83,3.98192e-07,446.268,9882.51,-1.92908e-07,505.135,12400.3,-2.20392e-07,571.766,15546.9,1.51705e-07,647.184,19472.2,5.74996e-07,732.547,24357.4,5.39112e-07,829.167,30420,5.07815e-09,938.526,37916.3,-4.11492e-07,1062.3,47143.9,-3.9561e-07,1202.4,58439.2,3.86185e-08,1360.96,72169.3,5.94093e-07,1540.42,88715.8,7.47693e-07,1743.53,108445,1.78537e-07,1973.41,131665,-4.12549e-07,2233.57,158557,-5.37164e-07,2528,189103,-1.17615e-07,2861.2,222986,5.66769e-07,3238.27,259510,9.45053e-07,3664.97,297540,4.25093e-07,4147.81,335497,-3.58506e-07,4694.17,371444,-6.7724e-07,5312.37,403256,1.67192e-07,1.61744,3.89446,9.84394,3.28846,7.5504,12.774,5.07607,11.7187,13.6844,7.03202,16.8147,13.9681,9.20215,23.1769,14.0566,11.6301,31.1672,14.0841,14.3598,41.2186,14.0927,17.4376,53.8688,14.0954,20.9137,69.7915,14.0962,24.8432,89.8341,14.0965,29.2879,115.063,14.0966,34.3168,146.819,14.0966,40.0078,186.792,14.0966,46.4487,237.107,14.0966,53.7388,300.44,14.0966,61.9903,380.158,14.0966,71.3301,480.499,14.0966,81.902,606.796,14.0966,93.8685,765.761,14.0966,107.414,965.837,14.0966,122.746,1217.65,14.0966,140.101,1534.57,14.0966,159.745,1933.41,14.0966,181.981,2435.3,14.0966,207.15,3066.85,14.0966,235.64,3861.46,14.0966,267.889,4861.11,14.0966,304.391,6118.54,14.0966,345.709,7699.91,14.0966,392.478,9688.22,14.0966,445.417,12187.5,14.0966,505.339,15327.7,14.0966,573.165,19271.6,14.0966,649.938,24222,14.0966,736.839,30430.9,14.0966,835.202,38211.5,14.0966,946.539,47950.3,14.0966,1072.56,60122.8,14.0966,1215.21,75309.9,14.0966,1376.66,94216.2,14.0966,1559.41,117688,14.0966,1766.26,146729,14.0966,2000.39,182510,14.0966,2265.39,226372,14.0966,2565.33,279806,14.0966,2904.81,344416,14.0966,3289.05,421845,14.0966,3723.93,513667,14.0966,4216.13,621231,14.0966,4773.18,745478,14.0966,5403.64,886744,14.0966,6117.15,1.04457e+06,14.0966,6924.63,1.2176e+06,14.0966,11.7194,11.96,12.6541,13.9321,16.1295,13.6434,16.6097,21.9702,13.9553,19.7532,29.5285,14.0526,23.3844,39.1143,14.0829,27.5423,51.2054,14.0923,32.2796,66.434,14.0953,37.662,85.6061,14.0962,43.7675,109.74,14.0965,50.687,140.119,14.0966,58.5249,178.359,14.0966,67.4005,226.493,14.0966,77.4493,287.08,14.0966,88.8254,363.343,14.0966,101.703,459.336,14.0966,116.281,580.161,14.0966,132.782,732.241,14.0966,151.46,923.655,14.0966,172.603,1164.57,14.0966,196.535,1467.79,14.0966,223.625,1849.39,14.0966,254.288,2329.62,14.0966,288.997,2933.93,14.0966,328.285,3694.33,14.0966,372.755,4651.04,14.0966,423.092,5854.57,14.0966,480.07,7368.38,14.0966,544.564,9272.08,14.0966,617.566,11665.5,14.0966,700.197,14673.6,14.0966,793.729,18452.9,14.0966,899.599,23198.6,14.0966,1019.43,29154.1,14.0966,1155.07,36622.3,14.0966,1308.6,45977.9,14.0966,1482.39,57683.7,14.0966,1679.09,72307.8,14.0966,1901.73,90542.8,14.0966,2153.73,113226,14.0966,2438.97,141360,14.0966,2761.81,176127,14.0966,3127.22,218898,14.0966,3540.81,271226,14.0966,4008.92,334817,14.0966,4538.74,411470,14.0966,5138.38,502973,14.0966,5817.04,610948,14.0966,6585.12,736653,14.0966,7454.39,880741,14.0966,8438.15,1.04302e+06,14.0966,9551.45,1.22224e+06,14.0966,10811.3,1.41602e+06,14.0966,12237,1.62086e+06,14.0966,11.7194,11.96,12.6541,2.21263,4.16949,0.989383,2.67766,5.84076,0.311842,3.14343,7.55825,0.0972771,3.63127,9.58578,0.0303237,4.15787,12.0912,0.00945211,4.73731,15.2286,0.00294633,5.38238,19.1721,0.000918508,6.10553,24.134,0.000286163,6.91951,30.3791,8.92692e-05,7.83792,38.2397,2.78121e-05,8.87555,48.1338,8.65134e-06,10.0489,60.5876,2.7882e-06,11.3761,76.2629,8.29036e-07,12.8779,95.9927,2.4373e-07,14.5775,120.825,4.33068e-09,16.5012,152.08,1.75749e-07,18.6784,191.415,-1.86328e-07,21.1428,240.917,1.91829e-07,23.9322,303.213,-1.81475e-07,27.0895,381.602,7.0186e-08,30.6634,480.231,-2.86769e-08,34.7087,604.316,2.40784e-07,39.2876,760.401,9.87368e-08,44.4705,956.705,1.22263e-07,50.3371,1203.54,-4.31966e-07,56.9776,1513.81,-1.9705e-07,64.494,1903.69,-2.763e-08,73.0018,2393.4,3.9185e-07,82.6317,3008.13,1.35379e-07,93.5318,3779.25,-4.16351e-08,105.869,4745.7,2.06965e-08,119.834,5955.6,-3.18887e-07,135.641,7468.12,-1.48271e-08,153.531,9355.62,2.00739e-07,173.781,11705.8,2.28358e-07,196.701,14624.1,-1.93587e-08,222.642,18235,-2.88101e-07,252.003,22683.4,-2.24732e-07,285.234,28134,8.56806e-09,322.845,34767,2.34258e-07,365.413,42770.9,2.99668e-07,413.588,52327.9,8.28644e-08,468.111,63591.2,-3.07049e-07,529.814,76653.2,-3.1888e-07,599.642,91502.5,-6.72276e-08,678.662,107975,2.26339e-07,768.083,125705,3.69212e-07,869.267,144088,2.04077e-07,983.76,162277,-2.80509e-07,1113.3,179223,-4.22737e-07,1259.87,193777,-1.71951e-07,1425.68,204839,4.55555e-07,11.7194,11.96,12.6541,2.21263,4.16949,0.989383,2.67766,5.84076,0.311842,3.14343,7.55825,0.0972771,3.63127,9.58578,0.0303237,4.15787,12.0912,0.00945211,4.73731,15.2286,0.00294633,5.38238,19.1721,0.000918508,6.10553,24.134,0.000286163,6.91951,30.3791,8.92692e-05,7.83792,38.2397,2.78121e-05,8.87555,48.1338,8.65134e-06,10.0489,60.5876,2.7882e-06,11.3761,76.2629,8.29036e-07,12.8779,95.9927,2.4373e-07,14.5775,120.825,1e-08,16.5012,152.08,1.75749e-07,18.6784,191.415,1e-08,21.1428,240.917,1.91829e-07,23.9322,303.213,1e-08,27.0895,381.602,7.0186e-08,30.6634,480.231,1e-08,34.7087,604.316,2.40784e-07,39.2876,760.401,9.87368e-08,44.4705,956.705,1.22263e-07,50.3371,1203.54,1e-08,56.9776,1513.81,1e-08,64.494,1903.69,1e-08,73.0018,2393.4,3.9185e-07,82.6317,3008.13,1.35379e-07,93.5318,3779.25,1e-08,105.869,4745.7,2.06965e-08,119.834,5955.6,1e-08,135.641,7468.12,1e-08,153.531,9355.62,2.00739e-07,173.781,11705.8,2.28358e-07,196.701,14624.1,1e-08,222.642,18235,1e-08,252.003,22683.4,1e-08,285.234,28134,1e-08,322.845,34767,2.34258e-07,365.413,42770.9,2.99668e-07,413.588,52327.9,8.28644e-08,468.111,63591.2,1e-08,529.814,76653.2,1e-08,599.642,91502.5,1e-08,678.662,107975,2.26339e-07,768.083,125705,3.69212e-07,869.267,144088,2.04077e-07,983.76,162277,1e-08,1113.3,179223,1e-08,1259.87,193777,1e-08,1425.68,204839,4.55555e-07,6.2823,3.27286,2.43537,0.219672,6.18826,2.24117,0.56371,6.87772,2.63624,0.308279,4,11,8,4,3,4,3,3,0,3,7,0,3,12,0,1,9,0,2,11,0,2,11,0,2,35,0,6,61,0,4,23,0,6,49,0,17,38,0,6,47,0,12,127,0,18,77,0,15,216,0,17,125,0,16,501,0,17,213,0,17,266,0,41,599,0,45,800,0,47,688,0,28,453,0,43,1644,0,38,1279,0,28,816,0,28,4521,0,73,2662,0,109,6101,0,98,3339,0,65,5990,0,136,6293,0,80,6260,0,178,12244,0,146,4627,0,400,21408,0,267,28541,0,296,37764,0,257,38453,0,419,50075,0,329,51285,0,245,83192,0,549,26771,0,372,85655,0,340,200152,0,1182,119975,0,1294,155078,0,740,187835,0,1225,119674,0,448,77840,0,797,212435,0
-1.05176e+08,1,8.88811e-15,10,1023,0,1.05176e+08,0.528882,1.08665,0.389689,0.145397,0.379329,3.24381,0.161596,0.446195,1.77396,0.159177,1.15e+07,4.49998e+06,6.79999e+06,1.15e+07,4.49997e+06,6.79999e+06,1.15e+07,4.49996e+06,6.79999e+06,1.15e+07,4.49995e+06,6.79999e+06,1.14999e+07,4.49993e+06,6.79999e+06,1.14999e+07,4.49991e+06,6.79999e+06,1.14999e+07,4.49989e+06,6.79999e+06,1.14999e+07,4.49986e+06,6.79999e+06,1.14999e+07,4.49982e+06,6.79999e+06,1.14999e+07,4.49977e+06,6.79999e+06,1.14999e+07,4.49971e+06,6.79999e+06,1.14999e+07,4.49963e+06,6.79999e+06,1.14998e+07,4.49953e+06,6.79999e+06,1.14998e+07,4.49941e+06,6.79999e+06,1.14998e+07,4.49926e+06,6.79999e+06,1.14998e+07,4.49906e+06,6.79999e+06,1.14997e+07,4.49882e+06,6.79999e+06,1.14997e+07,4.49851e+06,6.79999e+06,1.14997e+07,4.49812e+06,6.79999e+06,1.14996e+07,4.49764e+06,6.79999e+06,1.14996e+07,4.49702e+06,6.79999e+06,1.14995e+07,4.49625e+06,6.79999e+06,1.14995e+07,4.49528e+06,6.79999e+06,1.14994e+07,4.49406e+06,6.79999e+06,1.14993e+07,4.49253e+06,6.79999e+06,1.14992e+07,4.49059e+06,6.79999e+06,1.14991e+07,4.48817e+06,6.79999e+06,1.1499e+07,4.48511e+06,6.79999e+06,1.14988e+07,4.48128e+06,6.79999e+06,1.14987e+07,4.47646e+06,6.79999e+06,1.14985e+07,4.47041e+06,6.79999e+06,1.14983e+07,4.46281e+06,6.79999e+06,1.14981e+07,4.4533e+06,6.79999e+06,1.14979e+07,4.44138e+06,6.79999e+06,1.14976e+07,4.42649e+06,6.79999e+06,1.14972e+07,4.40789e+06,6.79999e+06,1.14969e+07,4.38471e+06,6.79999e+06,1.14965e+07,4.35592e+06,6.79999e+06,1.1496e+07,4.32027e+06,6.79999e+06,1.14955e+07,4.27629e+06,6.79999e+06,1.14949e+07,4.22231e+06,6.79999e+06,1.14942e+07,4.15647e+06,6.79999e+06,1.14934e+07,4.07676e+06,6.79999e+06,1.14926e+07,3.98112e+06,6.79999e+06,1.14916e+07,3.86765e+06,6.79999e+06,1.14905e+07,3.73474e+06,6.79999e+06,1.14892e+07,3.58148e+06,6.79999e+06,1.14878e+07,3.40785e+06,6.79999e+06,1.14862e+07,3.21513e+06,6.79999e+06,1.14844e+07,3.00605e+06,6.79999e+06,1.14823e+07,2.7848e+06,6.79999e+06,1.148e+07,2.5568e+06,6.79999e+06,1.14773e+07,2.32825e+06,6.79999e+06,13.5742,8.52444,0.508366,16.8306,13.2585,0.162638,20.0035,17.569,0.0507846,23.2616,22.4214,0.0158319,26.7328,28.3297,0.00493498,30.5212,35.6974,0.00153831,34.7178,44.9473,0.000479527,39.4086,56.5822,0.000149456,44.6796,71.2245,4.66214e-05,50.6209,89.6543,1.45419e-05,57.3297,112.852,4.54748e-06,64.9129,142.051,1.43857e-06,73.4897,178.803,4.36618e-07,83.1934,225.062,1.40153e-07,94.1745,283.286,4.96378e-08,106.602,356.568,1.05434e-07,120.669,448.799,-6.49244e-08,136.59,564.873,1.70148e-07,154.611,710.948,-5.34594e-08,175.008,894.767,1.63407e-07,198.097,1126.06,8.04804e-08,224.231,1417.07,1.14667e-07,253.813,1783.15,-1.71227e-07,287.297,2243.62,-2.88466e-07,325.198,2822.67,-4.33651e-07,368.098,3550.67,7.9318e-08,416.657,4465.65,3.13319e-07,471.621,5615.16,3.4613e-07,533.835,7058.61,-1.19199e-07,604.255,8870.02,-2.79964e-07,683.962,11141.4,-2.30521e-07,774.182,13986.7,-2.55099e-07,876.299,17546.4,1.23585e-07,991.883,21993.1,1.41192e-07,1122.71,27536.7,-9.71886e-08,1270.78,34430.7,-3.68368e-07,1438.38,42977.7,-3.45379e-07,1628.07,53532.7,-3.25328e-09,1842.77,66504.6,2.6362e-07,2085.77,82350.2,2.53445e-07,2360.79,101560,-2.47407e-08,2672.05,124632,-3.80602e-07,3024.31,152018,-4.79005e-07,3422.98,184060,-1.14379e-07,3874.15,220884,2.64297e-07,4384.72,262283,3.44131e-07,4962.49,307576,7.5349e-08,5616.29,355497,-3.63097e-07,6356.1,404126,-6.05442e-07,7193.18,450932,-2.72333e-07,8140.28,492963,2.29675e-07,9211.79,527178,4.3387e-07,10424,550893,-1.0711e-07,10.102,8.06553,2.81012,10.6436,8.57909,0.869423,11.5336,10.2515,0.270869,12.7211,12.7138,0.0844293,14.1823,15.9373,0.0263173,15.9122,20.0383,0.0082035,17.9198,25.2154,0.00255722,20.2244,31.7373,0.000797017,22.8539,39.9486,0.000248622,25.8438,50.2851,7.75492e-05,29.237,63.2963,2.42508e-05,33.0837,79.6738,7.67162e-06,37.4415,100.288,2.32837e-06,42.3767,126.236,7.33e-07,47.9646,158.896,2.79256e-07,54.2906,200.003,9.87351e-09,61.452,251.741,1.61085e-07,69.5585,316.859,-2.47141e-07,78.7347,398.812,8.93552e-08,89.1218,501.948,-2.53231e-07,100.879,631.736,-1.25047e-07,114.188,795.049,-1.78808e-07,129.252,1000.53,2.6733e-07,146.304,1259.03,4.50292e-07,165.605,1584.19,6.76904e-07,187.452,1993.12,-1.23808e-07,212.181,2507.27,-4.89068e-07,240.173,3153.54,-5.40284e-07,271.856,3965.56,1.86061e-07,307.719,4985.38,4.37004e-07,348.313,6265.4,3.59828e-07,394.26,7870.83,3.98192e-07,446.268,9882.51,-1.92908e-07,505.135,12400.3,-2.20392e-07,571.766,15546.9,1.51705e-07,647.184,19472.2,5.74996e-07,732.547,24357.4,5.39112e-07,829.167,30420,5.07815e-09,938.526,37916.3,-4.11492e-07,1062.3,47143.9,-3.9561e-07,1202.4,58439.2,3.86185e-08,1360.96,72169.3,5.94093e-07,1540.42,88715.8,7.47693e-07,1743.53,108445,1.78537e-07,1973.41,131665,-4.12549e-07,2233.57,158557,-5.37164e-07,2528,189103,-1.17615e-07,2861.2,222986,5.66769e-07,3238.27,259510,9.45053e-07,3664.97,297540,4.25093e-07,4147.81,335497,-3.58506e-07,4694.17,371444,-6.7724e-07,5312.37,403256,1.67192e-07,1.61744,3.89446,9.84394,3.28846,7.5504,12.774,5.07607,11.7187,13.6844,7.03202,16.8147,13.9681,9.20215,23.1769,14.0566,11.6301,31.1672,14.0841,14.3598,41.2186,14.0927,17.4376,53.8688,14.0954,20.9137,69.7915,14.0962,24.8432,89.8341,14.0965,29.2879,115.063,14.0966,34.3168,146.819,14.0966,40.0078,186.792,14.0966,46.4487,237.107,14.0966,53.7388,300.44,14.0966,61.9903,380.158,14.0966,71.3301,480.499,14.0966,81.902,606.796,14.0966,93.8685,765.761,14.0966,107.414,965.837,14.0966,122.746,1217.65,14.0966,140.101,1534.57,14.0966,159.745,1933.41,14.0966,181.981,2435.3,14.0966,207.15,3066.85,14.0966,235.64,3861.46,14.0966,267.889,4861.11,14.0966,304.391,6118.54,14.0966,345.709,7699.91,14.0966,392.478,9688.22,14.0966,445.417,12187.5,14.0966,505.339,15327.7,14.0966,573.165,19271.6,14.0966,649.938,24222,14.0966,736.839,30430.9,14.0966,835.202,38211.5,14.0966,946.539,47950.3,14.0966,1072.56,60122.8,14.0966,1215.21,75309.9,14.0966,1376.66,94216.2,14.0966,1559.41,117688,14.0966,1766.26,146729,14.0966,2000.39,182510,14.0966,2265.39,226372,14.0966,2565.33,279806,14.0966,2904.81,344416,14.0966,3289.05,421845,14.0966,3723.93,513667,14.0966,4216.13,621231,14.0966,4773.18,745478,14.0966,5403.64,886744,14.0966,6117.15,1.04457e+06,14.0966,6924.63,1.2176e+06,14.0966,11.7194,11.96,12.6541,13.9321,16.1295,13.6434,16.6097,21.9702,13.9553,19.7532,29.5285,14.0526,23.3844,39.1143,14.0829,27.5423,51.2054,14.0923,32.2796,66.434,14.0953,37.662,85.6061,14.0962,43.7675,109.74,14.0965,50.687,140.119,14.0966,58.5249,178.359,14.0966,67.4005,226.493,14.0966,77.4493,287.08,14.0966,88.8254,363.343,14.0966,101.703,459.336,14.0966,116.281,580.161,14.0966,132.782,732.241,14.0966,151.46,923.655,14.0966,172.603,1164.57,14.0966,196.535,1467.79,14.0966,223.625,1849.39,14.0966,254.288,2329.62,14.0966,288.997,2933.93,14.0966,328.285,3694.33,14.0966,372.755,4651.04,14.0966,423.092,5854.57,14.0966,480.07,7368.38,14.0966,544.564,9272.08,14.0966,617.566,11665.5,14.0966,700.197,14673.6,14.0966,793.729,18452.9,14.0966,899.599,23198.6,14.0966,1019.43,29154.1,14.0966,1155.07,36622.3,14.0966,1308.6,45977.9,14.0966,1482.39,57683.7,14.0966,1679.09,72307.8,14.0966,1901.73,90542.8,14.0966,2153.73,113226,14.0966,2438.97,141360,14.0966,2761.81,176127,14.0966,3127.22,218898,14.0966,3540.81,271226,14.0966,4008.92,334817,14.0966,4538.74,411470,14.0966,5138.38,502973,14.0966,5817.04,610948,14.0966,6585.12,736653,14.0966,7454.39,880741,14.0966,8438.15,1.04302e+06,14.0966,9551.45,1.22224e+06,14.0966,10811.3,1.41602e+06,14.0966,12237,1.62086e+06,14.0966,11.7194,11.96,12.6541,2.21263,4.16949,0.989383,2.67766,5.84076,0.311842,3.14343,7.55825,0.0972771,3.63127,9.58578,0.0303237,4.15787,12.0912,0.00945211,4.73731,15.2286,0.00294633,5.38238,19.1721,0.000918508,6.10553,24.134,0.000286163,6.91951,30.3791,8.92692e-05,7.83792,38.2397,2.78121e-05,8.87555,48.1338,8.65134e-06,10.0489,60.5876,2.7882e-06,11.3761,76.2629,8.29036e-07,12.8779,95.9927,2.4373e-07,14.5775,120.825,4.33068e-09,16.5012,152.08,1.75749e-07,18.6784,191.415,-1.86328e-07,21.1428,240.917,1.91829e-07,23.9322,303.213,-1.81475e-07,27.0895,381.602,7.0186e-08,30.6634,480.231,-2.86769e-08,34.7087,604.316,2.40784e-07,39.2876,760.401,9.87368e-08,44.4705,956.705,1.22263e-07,50.3371,1203.54,-4.31966e-07,56.9776,1513.81,-1.9705e-07,64.494,1903.69,-2.763e-08,73.0018,2393.4,3.9185e-07,82.6317,3008.13,1.35379e-07,93.5318,3779.25,-4.16351e-08,105.869,4745.7,2.06965e-08,119.834,5955.6,-3.18887e-07,135.641,7468.12,-1.48271e-08,153.531,9355.62,2.00739e-07,173.781,11705.8,2.28358e-07,196.701,14624.1,-1.93587e-08,222.642,18235,-2.88101e-07,252.003,22683.4,-2.24732e-07,285.234,28134,8.56806e-09,322.845,34767,2.34258e-07,365.413,42770.9,2.99668e-07,413.588,52327.9,8.28644e-08,468.111,63591.2,-3.07049e-07,529.814,76653.2,-3.1888e-07,599.642,91502.5,-6.72276e-08,678.662,107975,2.26339e-07,768.083,125705,3.69212e-07,869.267,144088,2.04077e-07,983.76,162277,-2.80509e-07,1113.3,179223,-4.22737e-07,1259.87,193777,-1.71951e-07,1425.68,204839,4.55555e-07,11.7194,11.96,12.6541,2.21263,4.16949,0.989383,2.67766,5.84076,0.311842,3.14343,7.55825,0.0972771,3.63127,9.58578,0.0303237,4.15787,12.0912,0.00945211,4.73731,15.2286,0.00294633,5.38238,19.1721,0.000918508,6.10553,24.134,0.000286163,6.91951,30.3791,8.92692e-05,7.83792,38.2397,2.78121e-05,8.87555,48.1338,8.65134e-06,10.0489,60.5876,2.7882e-06,11.3761,76.2629,8.29036e-07,12.8779,95.9927,2.4373e-07,14.5775,120.825,1e-08,16.5012,152.08,1.75749e-07,18.6784,191.415,1e-08,21.1428,240.917,1.91829e-07,23.9322,303.213,1e-08,27.0895,381.602,7.0186e-08,30.6634,480.231,1e-08,34.7087,604.316,2.40784e-07,39.2876,760.401,9.87368e-08,44.4705,956.705,1.22263e-07,50.3371,1203.54,1e-08,56.9776,1513.81,1e-08,64.494,1903.69,1e-08,73.0018,2393.4,3.9185e-07,82.6317,3008.13,1.35379e-07,93.5318,3779.25,1e-08,105.869,4745.7,2.06965e-08,119.834,5955.6,1e-08,135.641,7468.12,1e-08,153.531,9355.62,2.00739e-07,173.781,11705.8,2.28358e-07,196.701,14624.1,1e-08,222.642,18235,1e-08,252.003,22683.4,1e-08,285.234,28134,1e-08,322.845,34767,2.34258e-07,365.413,42770.9,2.99668e-07,413.588,52327.9,8.28644e-08,468.111,63591.2,1e-08,529.814,76653.2,1e-08,599.642,91502.5,1e-08,678.662,107975,2.26339e-07,768.083,125705,3.69212e-07,869.267,144088,2.04077e-07,983.76,162277,1e-08,1113.3,179223,1e-08,1259.87,193777,1e-08,1425.68,204839,4.55555e-07,6.2823,3.27286,2.43537,0.219672,6.18826,2.24117,0.56371,6.87772,2.63624,0.308279,12,17,5,3,1,1,2,3,1,1,7,0,0,6,0,9,18,0,2,17,0,3,17,0,8,36,0,1,31,0,5,74,0,6,59,0,19,57,0,10,128,0,16,57,0,16,104,0,9,220,0,7,156,0,20,200,0,33,191,0,14,354,0,55,195,0,38,450,0,31,639,0,31,847,0,30,1312,0,24,1709,0,108,1425,0,65,5002,0,59,3132,0,51,4605,0,197,3726,0,94,6193,0,215,8068,0,309,5705,0,299,9380,0,148,17378,0,226,18523,0,135,18108,0,519,25958,0,417,65299,0,191,46491,0,281,34589,0,516,86537,0,703,51827,0,594,57348,0,390,89645,0,985,110345,0,569,164430,0,1051,230459,0,1889,71765,0,892,145501,0,1441,94775,0
-1.05176e+08,1,8.88811e-15,10,1023,0,1.05176e+08,0.528882,1.08665,0.389689,0.145397,0.379329,3.24381,0.161596,0.446195,1.77396,0.159177,1.15e+07,4.49998e+06,6.79999e+06,1.15e+07,4.49997e+06,6.79999e+06,1.15e+07,4.49996e+06,6.79999e+06,1.15e+07,4.49995e+06,6.79999e+06,1.14999e+07,4.49993e+06,6.79999e+06,1.14999e+07,4.49991e+06,6.79999e+06,1.14999e+07,4.49989e+06,6.79999e+06,1.14999e+07,4.49986e+06,6.79999e+06,1.14999e+07,4.49982e+06,6.79999e+06,1.14999e+07,4.49977e+06,6.79999e+06,1.14999e+07,4.49971e+06,6.79999e+06,1.14999e+07,4.49963e+06,6.79999e+06,1.14998e+07,4.49953e+06,6.79999e+06,1.14998e+07,4.49941e+06,6.79999e+06,1.14998e+07,4.49926e+06,6.79999e+06,1.14998e+07,4.49906e+06,6.79999e+06,1.14997e+07,4.49882e+06,6.79999e+06,1.14997e+07,4.49851e+06,6.79999e+06,1.14997e+07,4.49812e+06,6.79999e+06,1.14996e+07,4.49764e+06,6.79999e+06,1.14996e+07,4.49702e+06,6.79999e+06,1.14995e+07,4.49625e+06,6.79999e+06,1.14995e+07,4.49528e+06,6.79999e+06,1.14994e+07,4.49406e+06,6.79999e+06,1.14993e+07,4.49253e+06,6.79999e+06,1.14992e+07,4.49059e+06,6.79999e+06,1.14991e+07,4.48817e+06,6.79999e+06,1.1499e+07,4.48511e+06,6.79999e+06,1.14988e+07,4.48128e+06,6.79999e+06,1.14987e+07,4.47646e+06,6.79999e+06,1.14985e+07,4.47041e+06,6.79999e+06,1.14983e+07,4.46281e+06,6.79999e+06,1.14981e+07,4.4533e+06,6.79999e+06,1.14979e+07,4.44138e+06,6.79999e+06,1.14976e+07,4.42649e+06,6.79999e+06,1.14972e+07,4.40789e+06,6.79999e+06,1.14969e+07,4.38471e+06,6.79999e+06,1.14965e+07,4.35592e+06,6.79999e+06,1.1496e+07,4.32027e+06,6.79999e+06,1.14955e+07,4.27629e+06,6.79999e+06,1.14949e+07,4.22231e+06,6.79999e+06,1.14942e+07,4.15647e+06,6.79999e+06,1.14934e+07,4.07676e+06,6.79999e+06,1.14926e+07,3.98112e+06,6.79999e+06,1.14916e+07,3.86765e+06,6.79999e+06,1.14905e+07,3.73474e+06,6.79999e+06,1.14892e+07,3.58148e+06,6.79999e+06,1.14878e+07,3.40785e+06,6.79999e+06,1.14862e+07,3.21513e+06,6.79999e+06,1.14844e+07,3.00605e+06,6.79999e+06,1.14823e+07,2.7848e+06,6.79999e+06,1.148e+07,2.5568e+06,6.79999e+06,1.14773e+07,2.32825e+06,6.79999e+06,13.5742,8.52444,0.508366,16.8306,13.2585,0.162638,20.0035,17.569,0.0507846,23.2616,22.4214,0.0158319,26.7328,28.3297,0.00493498,30.5212,35.6974,0.00153831,34.7178,44.9473,0.000479527,39.4086,56.5822,0.000149456,44.6796,71.2245,4.66214e-05,50.6209,89.6543,1.45419e-05,57.3297,112.852,4.54748e-06,64.9129,142.051,1.43857e-06,73.4897,178.803,4.36618e-07,83.1934,225.062,1.40153e-07,94.1745,283.286,4.96378e-08,106.602,356.568,1.05434e-07,120.669,448.799,-6.49244e-08,136.59,564.873,1.70148e-07,154.611,710.948,-5.34594e-08,175.008,894.767,1.63407e-07,198.097,1126.06,8.04804e-08,224.231,1417.07,1.14667e-07,253.813,1783.15,-1.71227e-07,287.297,2243.62,-2.88466e-07,325.198,2822.67,-4.33651e-07,368.098,3550.67,7.9318e-08,416.657,4465.65,3.13319e-07,471.621,5615.16,3.4613e-07,533.835,7058.61,-1.19199e-07,604.255,8870.02,-2.79964e-07,683.962,11141.4,-2.30521e-07,774.182,13986.7,-2.55099e-07,876.299,17546.4,1.23585e-07,991.883,21993.1,1.41192e-07,1122.71,27536.7,-9.71886e-08,1270.78,34430.7,-3.68368e-07,1438.38,42977.7,-3.45379e-07,1628.07,53532.7,-3.25328e-09,1842.77,66504.6,2.6362e-07,2085.77,82350.2,2.53445e-07,2360.79,101560,-2.47407e-08,2672.05,124632,-3.80602e-07,3024.31,152018,-4.79005e-07,3422.98,184060,-1.14379e-07,3874.15,220884,2.64297e-07,4384.72,262283,3.44131e-07,4962.49,307576,7.5349e-08,5616.29,355497,-3.63097e-07,6356.1,404126,-6.05442e-07,7193.18,450932,-2.72333e-07,8140.28,492963,2.29675e-07,9211.79,527178,4.3387e-07,10424,550893,-1.0711e-07,10.102,8.06553,2.81012,10.6436,8.57909,0.869423,11.5336,10.2515,0.270869,12.7211,12.7138,0.0844293,14.1823,15.9373,0.0263173,15.9122,20.0383,0.0082035,17.9198,25.2154,0.00255722,20.2244,31.7373,0.000797017,22.8539,39.9486,0.000248622,25.8438,50.2851,7.75492e-05,29.237,63.2963,2.42508e-05,33.0837,79.6738,7.67162e-06,37.4415,100.288,2.32837e-06,42.3767,126.236,7.33e-07,47.9646,158.896,2.79256e-07,54.2906,200.003,9.87351e-09,61.452,251.741,1.61085e-07,69.5585,316.859,-2.47141e-07,78.7347,398.812,8.93552e-08,89.1218,501.948,-2.53231e-07,100.879,631.736,-1.25047e-07,114.188,795.049,-1.78808e-07,129.252,1000.53,2.6733e-07,146.304,1259.03,4.50292e-07,165.605,1584.19,6.76904e-07,187.452,1993.12,-1.23808e-07,212.181,2507.27,-4.89068e-07,240.173,3153.54,-5.40284e-07,271.856,3965.56,1.86061e-07,307.719,4985.38,4.37004e-07,348.313,6265.4,3.59828e-07,394.26,7870.83,3.98192e-07,446.268,9882.51,-1.92908e-07,505.135,12400.3,-2.20392e-07,571.766,15546.9,1.51705e-07,647.184,19472.2,5.74996e-07,732.547,24357.4,5.39112e-07,829.167,30420,5.07815e-09,938.526,37916.3,-4.11492e-07,1062.3,47143.9,-3.9561e-07,1202.4,58439.2,3.86185e-08,1360.96,72169.3,5.94093e-07,1540.42,88715.8,7.47693e-07,1743.53,108445,1.78537e-07,1973.41,131665,-4.12549e-07,2233.57,158557,-5.37164e-07,2528,189103,-1.17615e-07,2861.2,222986,5.66769e-07,3238.27,259510,9.45053e-07,3664.97,297540,4.25093e-07,4147.81,335497,-3.58506e-07,4694.17,371444,-6.7724e-07,5312.37,403256,1.67192e-07,1.61744,3.89446,9.84394,3.28846,7.5504,12.774,5.07607,11.7187,13.6844,7.03202,16.8147,13.9681,9.20215,23.1769,14.0566,11.6301,31.1672,14.0841,14.3598,41.2186,14.0927,17.4376,53.8688,14.0954,20.9137,69.7915,14.0962,24.8432,89.8341,14.0965,29.2879,115.063,14.0966,34.3168,146.819,14.0966,40.0078,186.792,14.0966,46.4487,237.107,14.0966,53.7388,300.44,14.0966,61.9903,380.158,14.0966,71.3301,480.499,14.0966,81.902,606.796,14.0966,93.8685,765.761,14.0966,107.414,965.837,14.0966,122.746,1217.65,14.0966,140.101,1534.57,14.0966,159.745,1933.41,14.0966,181.981,2435.3,14.0966,207.15,3066.85,14.0966,235.64,3861.46,14.0966,267.889,4861.11,14.0966,304.391,6118.54,14.0966,345.709,7699.91,14.0966,392.478,9688.22,14.0966,445.417,12187.5,14.0966,505.339,15327.7,14.0966,573.165,19271.6,14.0966,649.938,24222,14.0966,736.839,30430.9,14.0966,835.202,38211.5,14.0966,946.539,47950.3,14.0966,1072.56,60122.8,14.0966,1215.21,75309.9,14.0966,1376.66,94216.2,14.0966,1559.41,117688,14.0966,1766.26,146729,14.0966,2000.39,182510,14.0966,2265.39,226372,14.0966,2565.33,279806,14.0966,2904.81,344416,14.0966,3289.05,421845,14.0966,3723.93,513667,14.0966,4216.13,621231,14.0966,4773.18,745478,14.0966,5403.64,886744,14.0966,6117.15,1.04457e+06,14.0966,6924.63,1.2176e+06,14.0966,11.7194,11.96,12.6541,13.9321,16.1295,13.6434,16.6097,21.9702,13.9553,19.7532,29.5285,14.0526,23.3844,39.1143,14.0829,27.5423,51.2054,14.0923,32.2796,66.434,14.0953,37.662,85.6061,14.0962,43.7675,109.74,14.0965,50.687,140.119,14.0966,58.5249,178.359,14.0966,67.4005,226.493,14.0966,77.4493,287.08,14.0966,88.8254,363.343,14.0966,101.703,459.336,14.0966,116.281,580.161,14.0966,132.782,732.241,14.0966,151.46,923.655,14.0966,172.603,1164.57,14.0966,196.535,1467.79,14.0966,223.625,1849.39,14.0966,254.288,2329.62,14.0966,288.997,2933.93,14.0966,328.285,3694.33,14.0966,372.755,4651.04,14.0966,423.092,5854.57,14.0966,480.07,7368.38,14.0966,544.564,9272.08,14.0966,617.566,11665.5,14.0966,700.197,14673.6,14.0966,793.729,18452.9,14.0966,899.599,23198.6,14.0966,1019.43,29154.1,14.0966,1155.07,36622.3,14.0966,1308.6,45977.9,14.0966,1482.39,57683.7,14.0966,1679.09,72307.8,14.0966,1901.73,90542.8,14.0966,2153.73,113226,14.0966,2438.97,141360,14.0966,2761.81,176127,14.0966,3127.22,218898,14.0966,3540.81,271226,14.0966,4008.92,334817,14.0966,4538.74,411470,14.0966,5138.38,502973,14.0966,5817.04,610948,14.0966,6585.12,736653,14.0966,7454.39,880741,14.0966,8438.15,1.04302e+06,14.0966,9551.45,1.22224e+06,14.0966,10811.3,1.41602e+06,14.0966,12237,1.62086e+06,14.0966,11.7194,11.96,12.6541,2.21263,4.16949,0.989383,2.67766,5.84076,0.311842,3.14343,7.55825,0.0972771,3.63127,9.58578,0.0303237,4.15787,12.0912,0.00945211,4.73731,15.2286,0.00294633,5.38238,19.1721,0.000918508,6.10553,24.134,0.000286163,6.91951,30.3791,8.92692e-05,7.83792,38.2397,2.78121e-05,8.87555,48.1338,8.65134e-06,10.0489,60.5876,2.7882e-06,11.3761,76.2629,8.29036e-07,12.8779,95.9927,2.4373e-07,14.5775,120.825,4.33068e-09,16.5012,152.08,1.75749e-07,18.6784,191.415,-1.86328e-07,21.1428,240.917,1.91829e-07,23.9322,303.213,-1.81475e-07,27.0895,381.602,7.0186e-08,30.6634,480.231,-2.86769e-08,34.7087,604.316,2.40784e-07,39.2876,760.401,9.87368e-08,44.4705,956.705,1.22263e-07,50.3371,1203.54,-4.31966e-07,56.9776,1513.81,-1.9705e-07,64.494,1903.69,-2.763e-08,73.0018,2393.4,3.9185e-07,82.6317,3008.13,1.35379e-07,93.5318,3779.25,-4.16351e-08,105.869,4745.7,2.06965e-08,119.834,5955.6,-3.18887e-07,135.641,7468.12,-1.48271e-08,153.531,9355.62,2.00739e-07,173.781,11705.8,2.28358e-07,196.701,14624.1,-1.93587e-08,222.642,18235,-2.88101e-07,252.003,22683.4,-2.24732e-07,285.234,28134,8.56806e-09,322.845,34767,2.34258e-07,365.413,42770.9,2.99668e-07,413.588,52327.9,8.28644e-08,468.111,63591.2,-3.07049e-07,529.814,76653.2,-3.1888e-07,599.642,91502.5,-6.72276e-08,678.662,107975,2.26339e-07,768.083,125705,3.69212e-07,869.267,144088,2.04077e-07,983.76,162277,-2.80509e-07,1113.3,179223,-4.22737e-07,1259.87,193777,-1.71951e-07,1425.68,204839,4.55555e-07,11.7194,11.96,12.6541,2.21263,4.16949,0.989383,2.67766,5.84076,0.311842,3.14343,7.55825,0.0972771,3.63127,9.58578,0.0303237,4.15787,12.0912,0.00945211,4.73731,15.2286,0.00294633,5.38238,19.1721,0.000918508,6.10553,24.134,0.000286163,6.91951,30.3791,8.92692e-05,7.83792,38.2397,2.78121e-05,8.87555,48.1338,8.65134e-06,10.0489,60.5876,2.7882e-06,11.3761,76.2629,8.29036e-07,12.8779,95.9927,2.4373e-07,14.5775,120.825,1e-08,16.5012,152.08,1.75749e-07,18.6784,191.415,1e-08,21.1428,240.917,1.91829e-07,23.9322,303.213,1e-08,27.0895,381.602,7.0186e-08,30.6634,480.231,1e-08,34.7087,604.316,2.40784e-07,39.2876,760.401,9.87368e-08,44.4705,956.705,1.22263e-07,50.3371,1203.54,1e-08,56.9776,1513.81,1e-08,64.494,1903.69,1e-08,73.0018,2393.4,3.9185e-07,82.6317,3008.13,1.35379e-07,93.5318,3779.25,1e-08,105.869,4745.7,2.06965e-08,119.834,5955.6,1e-08,135.641,7468.12,1e-08,153.531,9355.62,2.00739e-07,173.781,11705.8,2.28358e-07,196.701,14624.1,1e-08,222.642,18235,1e-08,252.003,22683.4,1e-08,285.234,28134,1e-08,322.845,34767,2.34258e-07,365.413,42770.9,2.99668e-07,413.588,52327.9,8.28644e-08,468.111,63591.2,1e-08,529.814,76653.2,1e-08,599.642,91502.5,1e-08,678.662,107975,2.26339e-07,768.083,125705,3.69212e-07,869.267,144088,2.04077e-07,983.76,162277,1e-08,1113.3,179223,1e-08,1259.87,193777,1e-08,1425.68,204839,4.55555e-07,6.2823,3.27286,2.43537,0.219672,6.18826,2.24117,0.56371,6.87772,2.63624,0.308279,5,12,17,3,4,2,2,0,0,7,14,0,4,8,0,3,14,0,1,4,0,3,20,0,5,27,0,4,19,0,6,44,0,7,62,0,7,32,0,25,94,0,20,155,0,5,206,0,9,180,0,12,202,0,15,290,0,25,256,0,14,437,0,47,596,0,34,256,0,46,688,0,64,888,0,30,840,0,62,1432,0,37,1046,0,76,1270,0,127,1318,0,90,2790,0,62,2781,0,109,6443,0,90,5137,0,171,7184,0,195,10122,0,194,9818,0,381,32188,0,201,22868,0,304,9388,0,174,51148,0,729,39745,0,344,100394,0,246,109967,0,670,48770,0,427,116580,0,603,86087,0,709,86511,0,525,135434,0,2595,161209,0,1805,104102,0,1095,274692,0,1720,188746,0
-1.05176e+08,1,8.88811e-15,10,1023,0,1.05176e+08,0.528882,1.08665,0.389689,0.145397,0.379329,3.24381,0.161596,0.446195,1.77396,0.159177,1.15e+07,4.49998e+06,6.79999e+06,1.15e+07,4.49997e+06,6.79999e+06,1.15e+07,4.49996e+06,6.79999e+06,1.15e+07,4.49995e+06,6.79999e+06,1.14999e+07,4.49993e+06,6.79999e+06,1.14999e+07,4.49991e+06,6.79999e+06,1.14999e+07,4.49989e+06,6.79999e+06,1.14999e+07,4.49986e+06,6.79999e+06,1.14999e+07,4.49982e+06,6.79999e+06,1.14999e+07,4.49977e+06,6.79999e+06,1.14999e+07,4.49971e+06,6.79999e+06,1.14999e+07,4.49963e+06,6.79999e+06,1.14998e+07,4.49953e+06,6.79999e+06,1.14998e+07,4.49941e+06,6.79999e+06,1.14998e+07,4.49926e+06,6.79999e+06,1.14998e+07,4.49906e+06,6.79999e+06,1.14997e+07,4.49882e+06,6.79999e+06,1.14997e+07,4.49851e+06,6.79999e+06,1.14997e+07,4.49812e+06,6.79999e+06,1.14996e+07,4.49764e+06,6.79999e+06,1.14996e+07,4.49702e+06,6.79999e+06,1.14995e+07,4.49625e+06,6.79999e+06,1.14995e+07,4.49528e+06,6.79999e+06,1.14994e+07,4.49406e+06,6.79999e+06,1.14993e+07,4.49253e+06,6.79999e+06,1.14992e+07,4.49059e+06,6.79999e+06,1.14991e+07,4.48817e+06,6.79999e+06,1.1499e+07,4.48511e+06,6.79999e+06,1.14988e+07,4.48128e+06,6.79999e+06,1.14987e+07,4.47646e+06,6.79999e+06,1.14985e+07,4.47041e+06,6.79999e+06,1.14983e+07,4.46281e+06,6.79999e+06,1.14981e+07,4.4533e+06,6.79999e+06,1.14979e+07,4.44138e+06,6.79999e+06,1.14976e+07,4.42649e+06,6.79999e+06,1.14972e+07,4.40789e+06,6.79999e+06,1.14969e+07,4.38471e+06,6.79999e+06,1.14965e+07,4.35592e+06,6.79999e+06,1.1496e+07,4.32027e+06,6.79999e+06,1.14955e+07,4.27629e+06,6.79999e+06,1.14949e+07,4.22231e+06,6.79999e+06,1.14942e+07,4.15647e+06,6.79999e+06,1.14934e+07,4.07676e+06,6.79999e+06,1.14926e+07,3.98112e+06,6.79999e+06,1.14916e+07,3.86765e+06,6.79999e+06,1.14905e+07,3.73474e+06,6.79999e+06,1.14892e+07,3.58148e+06,6.79999e+06,1.14878e+07,3.40785e+06,6.79999e+06,1.14862e+07,3.21513e+06,6.79999e+06,1.14844e+07,3.00605e+06,6.79999e+06,1.14823e+07,2.7848e+06,6.79999e+06,1.148e+07,2.5568e+06,6.79999e+06,1.14773e+07,2.32825e+06,6.79999e+06,13.5742,8.52444,0.508366,16.8306,13.2585,0.162638,20.0035,17.569,0.0507846,23.2616,22.4214,0.0158319,26.7328,28.3297,0.00493498,30.5212,35.6974,0.00153831,34.7178,44.9473,0.000479527,39.4086,56.5822,0.000149456,44.6796,71.2245,4.66214e-05,50.6209,89.6543,1.45419e-05,57.3297,112.852,4.54748e-06,64.9129,142.051,1.43857e-06,73.4897,178.803,4.36618e-07,83.1934,225.062,1.40153e-07,94.1745,283.286,4.96378e-08,106.602,356.568,1.05434e-07,120.669,448.799,-6.49244e-08,136.59,564.873,1.70148e-07,154.611,710.948,-5.34594e-08,175.008,894.767,1.63407e-07,198.097,1126.06,8.04804e-08,224.231,1417.07,1.14667e-07,253.813,1783.15,-1.71227e-07,287.297,2243.62,-2.88466e-07,325.198,2822.67,-4.33651e-07,368.098,3550.67,7.9318e-08,416.657,4465.65,3.13319e-07,471.621,5615.16,3.4613e-07,533.835,7058.61,-1.19199e-07,604.255,8870.02,-2.79964e-07,683.962,11141.4,-2.30521e-07,774.182,13986.7,-2.55099e-07,876.299,17546.4,1.23585e-07,991.883,21993.1,1.41192e-07,1122.71,27536.7,-9.71886e-08,1270.78,34430.7,-3.68368e-07,1438.38,42977.7,-3.45379e-07,1628.07,53532.7,-3.25328e-09,1842.77,66504.6,2.6362e-07,2085.77,82350.2,2.53445e-07,2360.79,101560,-2.47407e-08,2672.05,124632,-3.80602e-07,3024.31,152018,-4.79005e-07,3422.98,184060,-1.14379e-07,3874.15,220884,2.64297e-07,4384.72,262283,3.44131e-07,4962.49,307576,7.5349e-08,5616.29,355497,-3.63097e-07,6356.1,404126,-6.05442e-07,7193.18,450932,-2.72333e-07,8140.28,492963,2.29675e-07,9211.79,527178,4.3387e-07,10424,550893,-1.0711e-07,10.102,8.06553,2.81012,10.6436,8.57909,0.869423,11.5336,10.2515,0.270869,12.7211,12.7138,0.0844293,14.1823,15.9373,0.0263173,15.9122,20.0383,0.0082035,17.9198,25.2154,0.00255722,20.2244,31.7373,0.000797017,22.8539,39.9486,0.000248622,25.8438,50.2851,7.75492e-05,29.237,63.2963,2.42508e-05,33.0837,79.6738,7.67162e-06,37.4415,100.288,2.32837e-06,42.3767,126.236,7.33e-07,47.9646,158.896,2.79256e-07,54.2906,200.003,9.87351e-09,61.452,251.741,1.61085e-07,69.5585,316.859,-2.47141e-07,78.7347,398.812,8.93552e-08,89.1218,501.948,-2.53231e-07,100.879,631.736,-1.25047e-07,114.188,795.049,-1.78808e-07,129.252,1000.53,2.6733e-07,146.304,1259.03,4.50292e-07,165.605,1584.19,6.76904e-07,187.452,1993.12,-1.23808e-07,212.181,2507.27,-4.89068e-07,240.173,3153.54,-5.40284e-07,271.856,3965.56,1.86061e-07,307.719,4985.38,4.37004e-07,348.313,6265.4,3.59828e-07,394.26,7870.83,3.98192e-07,446.268,9882.51,-1.92908e-07,505.135,12400.3,-2.20392e-07,571.766,15546.9,1.51705e-07,647.184,19472.2,5.74996e-07,732.547,24357.4,5.39112e-07,829.167,30420,5.07815e-09,938.526,37916.3,-4.11492e-07,1062.3,47143.9,-3.9561e-07,1202.4,58439.2,3.86185e-08,1360.96,72169.3,5.94093e-07,1540.42,88715.8,7.47693e-07,1743.53,108445,1.78537e-07,1973.41,131665,-4.12549e-07,2233.57,158557,-5.37164e-07,2528,189103,-1.17615e-07,2861.2,222986,5.66769e-07,3238.27,259510,9.45053e-07,3664.97,297540,4.25093e-07,4147.81,335497,-3.58506e-07,4694.17,371444,-6.7724e-07,5312.37,403256,1.67192e-07,1.61744,3.89446,9.84394,3.28846,7.5504,12.774,5.07607,11.7187,13.6844,7.03202,16.8147,13.9681,9.20215,23.1769,14.0566,11.6301,31.1672,14.0841,14.3598,41.2186,14.0927,17.4376,53.8688,14.0954,20.9137,69.7915,14.0962,24.8432,89.8341,14.0965,29.2879,115.063,14.0966,34.3168,146.819,14.0966,40.0078,186.792,14.0966,46.4487,237.107,14.0966,53.7388,300.44,14.0966,61.9903,380.158,14.0966,71.3301,480.499,14.0966,81.902,606.796,14.0966,93.8685,765.761,14.0966,107.414,965.837,14.0966,122.746,1217.65,14.0966,140.101,1534.57,14.0966,159.745,1933.41,14.0966,181.981,2435.3,14.0966,207.15,3066.85,14.0966,235.64,3861.46,14.0966,267.889,4861.11,14.0966,304.391,6118.54,14.0966,345.709,7699.91,14.0966,392.478,9688.22,14.0966,445.417,12187.5,14.0966,505.339,15327.7,14.0966,573.165,19271.6,14.0966,649.938,24222,14.0966,736.839,30430.9,14.0966,835.202,38211.5,14.0966,946.539,47950.3,14.0966,1072.56,60122.8,14.0966,1215.21,75309.9,14.0966,1376.66,94216.2,14.0966,1559.41,117688,14.0966,1766.26,146729,14.0966,2000.39,182510,14.0966,2265.39,226372,14.0966,2565.33,279806,14.0966,2904.81,344416,14.0966,3289.05,421845,14.0966,3723.93,513667,14.0966,4216.13,621231,14.0966,4773.18,745478,14.0966,5403.64,886744,14.0966,6117.15,1.04457e+06,14.0966,6924.63,1.2176e+06,14.0966,11.7194,11.96,12.6541,13.9321,16.1295,13.6434,16.6097,21.9702,13.9553,19.7532,29.5285,14.0526,23.3844,39.1143,14.0829,27.5423,51.2054,14.0923,32.2796,66.434,14.0953,37.662,85.6061,14.0962,43.7675,109.74,14.0965,50.687,140.119,14.0966,58.5249,178.359,14.0966,67.4005,226.493,14.0966,77.4493,287.08,14.0966,88.8254,363.343,14.0966,101.703,459.336,14.0966,116.281,580.161,14.0966,132.782,732.241,14.0966,151.46,923.655,14.0966,172.603,1164.57,14.0966,196.535,1467.79,14.0966,223.625,1849.39,14.0966,254.288,2329.62,14.0966,288.997,2933.93,14.0966,328.285,3694.33,14.0966,372.755,4651.04,14.0966,423.092,5854.57,14.0966,480.07,7368.38,14.0966,544.564,9272.08,14.0966,617.566,11665.5,14.0966,700.197,14673.6,14.0966,793.729,18452.9,14.0966,899.599,23198.6,14.0966,1019.43,29154.1,14.0966,1155.07,36622.3,14.0966,1308.6,45977.9,14.0966,1482.39,57683.7,14.0966,1679.09,72307.8,14.0966,1901.73,90542.8,14.0966,2153.73,113226,14.0966,2438.97,141360,14.0966,2761.81,176127,14.0966,3127.22,218898,14.0966,3540.81,271226,14.0966,4008.92,334817,14.0966,4538.74,411470,14.0966,5138.38,502973,14.0966,5817.04,610948,14.0966,6585.12,736653,14.0966,7454.39,880741,14.0966,8438.15,1.04302e+06,14.0966,9551.45,1.22224e+06,14.0966,10811.3,1.41602e+06,14.0966,12237,1.62086e+06,14.0966,11.7194,11.96,12.6541,2.21263,4.16949,0.989383,2.67766,5.84076,0.311842,3.14343,7.55825,0.0972771,3.63127,9.58578,0.0303237,4.15787,12.0912,0.00945211,4.73731,15.2286,0.00294633,5.38238,19.1721,0.000918508,6.10553,24.134,0.000286163,6.91951,30.3791,8.92692e-05,7.83792,38.2397,2.78121e-05,8.87555,48.1338,8.65134e-06,10.0489,60.5876,2.7882e-06,11.3761,76.2629,8.29036e-07,12.8779,95.9927,2.4373e-07,14.5775,120.825,4.33068e-09,16.5012,152.08,1.75749e-07,18.6784,191.415,-1.86328e-07,21.1428,240.917,1.91829e-07,23.9322,303.213,-1.81475e-07,27.0895,381.602,7.0186e-08,30.6634,480.231,-2.86769e-08,34.7087,604.316,2.40784e-07,39.2876,760.401,9.87368e-08,44.4705,956.705,1.22263e-07,50.3371,1203.54,-4.31966e-07,56.9776,1513.81,-1.9705e-07,64.494,1903.69,-2.763e-08,73.0018,2393.4,3.9185e-07,82.6317,3008.13,1.35379e-07,93.5318,3779.25,-4.16351e-08,105.869,4745.7,2.06965e-08,119.834,5955.6,-3.18887e-07,135.641,7468.12,-1.48271e-08,153.531,9355.62,2.00739e-07,173.781,11705.8,2.28358e-07,196.701,14624.1,-1.93587e-08,222.642,18235,-2.88101e-07,252.003,22683.4,-2.24732e-07,285.234,28134,8.56806e-09,322.845,34767,2.34258e-07,365.413,42770.9,2.99668e-07,413.588,52327.9,8.28644e-08,468.111,63591.2,-3.07049e-07,529.814,76653.2,-3.1888e-07,599.642,91502.5,-6.72276e-08,678.662,107975,2.26339e-07,768.083,125705,3.69212e-07,869.267,144088,2.04077e-07,983.76,162277,-2.80509e-07,1113.3,179223,-4.22737e-07,1259.87,193777,-1.71951e-07,1425.68,204839,4.55555e-07,11.7194,11.96,12.6541,2.21263,4.16949,0.989383,2.67766,5.84076,0.311842,3.14343,7.55825,0.0972771,3.63127,9.58578,0.0303237,4.15787,12.0912,0.00945211,4.73731,15.2286,0.00294633,5.38238,19.1721,0.000918508,6.10553,24.134,0.000286163,6.91951,30.3791,8.92692e-05,7.83792,38.2397,2.78121e-05,8.87555,48.1338,8.65134e-06,10.0489,60.5876,2.7882e-06,11.3761,76.2629,8.29036e-07,12.8779,95.9927,2.4373e-07,14.5775,120.825,1e-08,16.5012,152.08,1.75749e-07,18.6784,191.415,1e-08,21.1428,240.917,1.91829e-07,23.9322,303.213,1e-08,27.0895,381.602,7.0186e-08,30.6634,480.231,1e-08,34.7087,604.316,2.40784e-07,39.2876,760.401,9.87368e-08,44.4705,956.705,1.22263e-07,50.3371,1203.54,1e-08,56.9776,1513.81,1e-08,64.494,1903.69,1e-08,73.0018,2393.4,3.9185e-07,82.6317,3008.13,1.35379e-07,93.5318,3779.25,1e-08,105.869,4745.7,2.06965e-08,119.834,5955.6,1e-08,135.641,7468.12,1e-08,153.531,9355.62,2.00739e-07,173.781,11705.8,2.28358e-07,196.701,14624.1,1e-08,222.642,18235,1e-08,252.003,22683.4,1e-08,285.234,28134,1e-08,322.845,34767,2.34258e-07,365.413,42770.9,2.99668e-07,413.588,52327.9,8.28644e-08,468.111,63591.2,1e-08,529.814,76653.2,1e-08,599.642,91502.5,1e-08,678.662,107975,2.26339e-07,768.083,125705,3.69212e-07,869.267,144088,2.04077e-07,983.76,162277,1e-08,1113.3,179223,1e-08,1259.87,193777,1e-08,1425.68,204839,4.55555e-07,6.2823,3.27286,2.43537,0.219672,6.18826,2.24117,0.56371,6.87772,2.63624,0.308279,15,17,13,2,3,0,2,4,2,3,5,0,0,14,0,8,32,0,4,16,0,4,15,0,12,20,0,8,24,0,3,31,0,4,32,0,3,91,0,5,163,0,13,118,0,12,153,0,9,223,0,24,133,0,10,317,0,22,331,0,13,137,0,27,511,0,41,551,0,70,721,0,49,1460,0,43,1603,0,160,1541,0,29,3397,0,96,2356,0,79,7071,0,100,1904,0,120,5321,0,256,6647,0,93,6677,0,307,10400,0,217,9909,0,89,6235,0,510,19566,0,288,18671,0,209,28020,0,235,23213,0,299,49193,0,271,10373,0,605,89477,0,714,65628,0,555,102439,0,497,63313,0,1413,63480,0,1183,108497,0,382,170558,0,1305,216331,0,935,139300,0,665,115725,0
-1.05176e+08,1,8.88811e-15,10,1023,0,1.05176e+08,0.528882,1.08665,0.389689,0.145397,0.379329,3.24381,0.161596,0.446195,1.77396,0.159177,1.15e+07,4.49998e+06,6.79999e+06,1.15e+07,4.49997e+06,6.79999e+06,1.15e+07,4.49996e+06,6.79999e+06,1.15e+07,4.49995e+06,6.79999e+06,1.14999e+07,4.49993e+06,6.79999e+06,1.14999e+07,4.49991e+06,6.79999e+06,1.14999e+07,4.49989e+06,6.79999e+06,1.14999e+07,4.49986e+06,6.79999e+06,1.14999e+07,4.49982e+06,6.79999e+06,1.14999e+07,4.49977e+06,6.79999e+06,1.14999e+07,4.49971e+06,6.79999e+06,1.14999e+07,4.49963e+06,6.79999e+06,1.14998e+07,4.49953e+06,6.79999e+06,1.14998e+07,4.49941e+06,6.79999e+06,1.14998e+07,4.49926e+06,6.79999e+06,1.14998e+07,4.49906e+06,6.79999e+06,1.14997e+07,4.49882e+06,6.79999e+06,1.14997e+07,4.49851e+06,6.79999e+06,1.14997e+07,4.49812e+06,6.79999e+06,1.14996e+07,4.49764e+06,6.79999e+06,1.14996e+07,4.49702e+06,6.79999e+06,1.14995e+07,4.49625e+06,6.79999e+06,1.14995e+07,4.49528e+06,6.79999e+06,1.14994e+07,4.49406e+06,6.79999e+06,1.14993e+07,4.49253e+06,6.79999e+06,1.14992e+07,4.49059e+06,6.79999e+06,1.14991e+07,4.48817e+06,6.79999e+06,1.1499e+07,4.48511e+06,6.79999e+06,1.14988e+07,4.48128e+06,6.79999e+06,1.14987e+07,4.47646e+06,6.79999e+06,1.14985e+07,4.47041e+06,6.79999e+06,1.14983e+07,4.46281e+06,6.79999e+06,1.14981e+07,4.4533e+06,6.79999e+06,1.14979e+07,4.44138e+06,6.79999e+06,1.14976e+07,4.42649e+06,6.79999e+06,1.14972e+07,4.40789e+06,6.79999e+06,1.14969e+07,4.38471e+06,6.79999e+06,1.14965e+07,4.35592e+06,6.79999e+06,1.1496e+07,4.32027e+06,6.79999e+06,1.14955e+07,4.27629e+06,6.79999e+06,1.14949e+07,4.22231e+06,6.79999e+06,1.14942e+07,4.15647e+06,6.79999e+06,1.14934e+07,4.07676e+06,6.79999e+06,1.14926e+07,3.98112e+06,6.79999e+06,1.14916e+07,3.86765e+06,6.79999e+06,1.14905e+07,3.73474e+06,6.79999e+06,1.14892e+07,3.58148e+06,6.79999e+06,1.14878e+07,3.40785e+06,6.79999e+06,1.14862e+07,3.21513e+06,6.79999e+06,1.14844e+07,3.00605e+06,6.79999e+06,1.14823e+07,2.7848e+06,6.79999e+06,1.148e+07,2.5568e+06,6.79999e+06,1.14773e+07,2.32825e+06,6.79999e+06,13.5742,8.52444,0.508366,16.8306,13.2585,0.162638,20.0035,17.569,0.0507846,23.2616,22.4214,0.0158319,26.7328,28.3297,0.00493498,30.5212,35.6974,0.00153831,34.7178,44.9473,0.000479527,39.4086,56.5822,0.000149456,44.6796,71.2245,4.66214e-05,50.6209,89.6543,1.45419e-05,57.3297,112.852,4.54748e-06,64.9129,142.051,1.43857e-06,73.4897,178.803,4.36618e-07,83.1934,225.062,1.40153e-07,94.1745,283.286,4.96378e-08,106.602,356.568,1.05434e-07,120.669,448.799,-6.49244e-08,136.59,564.873,1.70148e-07,154.611,710.948,-5.34594e-08,175.008,894.767,1.63407e-07,198.097,1126.06,8.04804e-08,224.231,1417.07,1.14667e-07,253.813,1783.15,-1.71227e-07,287.297,2243.62,-2.88466e-07,325.198,2822.67,-4.33651e-07,368.098,3550.67,7.9318e-08,416.657,4465.65,3.13319e-07,471.621,5615.16,3.4613e-07,533.835,7058.61,-1.19199e-07,604.255,8870.02,-2.79964e-07,683.962,11141.4,-2.30521e-07,774.182,13986.7,-2.55099e-07,876.299,17546.4,1.23585e-07,991.883,21993.1,1.41192e-07,1122.71,27536.7,-9.71886e-08,1270.78,34430.7,-3.68368e-07,1438.38,42977.7,-3.45379e-07,1628.07,53532.7,-3.25328e-09,1842.77,66504.6,2.6362e-07,2085.77,82350.2,2.53445e-07,2360.79,101560,-2.47407e-08,2672.05,124632,-3.80602e-07,3024.31,152018,-4.79005e-07,3422.98,184060,-1.14379e-07,3874.15,220884,2.64297e-07,4384.72,262283,3.44131e-07,4962.49,307576,7.5349e-08,5616.29,355497,-3.63097e-07,6356.1,404126,-6.05442e-07,7193.18,450932,-2.72333e-07,8140.28,492963,2.29675e-07,9211.79,527178,4.3387e-07,10424,550893,-1.0711e-07,10.102,8.06553,2.81012,10.6436,8.57909,0.869423,11.5336,10.2515,0.270869,12.7211,12.7138,0.0844293,14.1823,15.9373,0.0263173,15.9122,20.0383,0.0082035,17.9198,25.2154,0.00255722,20.2244,31.7373,0.000797017,22.8539,39.9486,0.000248622,25.8438,50.2851,7.75492e-05,29.237,63.2963,2.42508e-05,33.0837,79.6738,7.67162e-06,37.4415,100.288,2.32837e-06,42.3767,126.236,7.33e-07,47.9646,158.896,2.79256e-07,54.2906,200.003,9.87351e-09,61.452,251.741,1.61085e-07,69.5585,316.859,-2.47141e-07,78.7347,398.812,8.93552e-08,89.1218,501.948,-2.53231e-07,100.879,631.736,-1.25047e-07,114.188,795.049,-1.78808e-07,129.252,1000.53,2.6733e-07,146.304,1259.03,4.50292e-07,165.605,1584.19,6.76904e-07,187.452,1993.12,-1.23808e-07,212.181,2507.27,-4.89068e-07,240.173,3153.54,-5.40284e-07,271.856,3965.56,1.86061e-07,307.719,4985.38,4.37004e-07,348.313,6265.4,3.59828e-07,394.26,7870.83,3.98192e-07,446.268,9882.51,-1.92908e-07,505.135,12400.3,-2.20392e-07,571.766,15546.9,1.51705e-07,647.184,19472.2,5.74996e-07,732.547,24357.4,5.39112e-07,829.167,30420,5.07815e-09,938.526,37916.3,-4.11492e-07,1062.3,47143.9,-3.9561e-07,1202.4,58439.2,3.86185e-08,1360.96,72169.3,5.94093e-07,1540.42,88715.8,7.47693e-07,1743.53,108445,1.78537e-07,1973.41,131665,-4.12549e-07,2233.57,158557,-5.37164e-07,2528,189103,-1.17615e-07,2861.2,222986,5.66769e-07,3238.27,259510,9.45053e-07,3664.97,297540,4.25093e-07,4147.81,335497,-3.58506e-07,4694.17,371444,-6.7724e-07,5312.37,403256,1.67192e-07,1.61744,3.89446,9.84394,3.28846,7.5504,12.774,5.07607,11.7187,13.6844,7.03202,16.8147,13.9681,9.20215,23.1769,14.0566,11.6301,31.1672,14.0841,14.3598,41.2186,14.0927,17.4376,53.8688,14.0954,20.9137,69.7915,14.0962,24.8432,89.8341,14.0965,29.2879,115.063,14.0966,34.3168,146.819,14.0966,40.0078,186.792,14.0966,46.4487,237.107,14.0966,53.7388,300.44,14.0966,61.9903,380.158,14.0966,71.3301,480.499,14.0966,81.902,606.796,14.0966,93.8685,765.761,14.0966,107.414,965.837,14.0966,122.746,1217.65,14.0966,140.101,1534.57,14.0966,159.745,1933.41,14.0966,181.981,2435.3,14.0966,207.15,3066.85,14.0966,235.64,3861.46,14.0966,267.889,4861.11,14.0966,304.391,6118.54,14.0966,345.709,7699.91,14.0966,392.478,9688.22,14.0966,445.417,12187.5,14.0966,505.339,15327.7,14.0966,573.165,19271.6,14.0966,649.938,24222,14.0966,736.839,30430.9,14.0966,835.202,38211.5,14.0966,946.539,47950.3,14.0966,1072.56,60122.8,14.0966,1215.21,75309.9,14.0966,1376.66,94216.2,14.0966,1559.41,117688,14.0966,1766.26,146729,14.0966,2000.39,182510,14.0966,2265.39,226372,14.0966,2565.33,279806,14.0966,2904.81,344416,14.0966,3289.05,421845,14.0966,3723.93,513667,14.0966,4216.13,621231,14.0966,4773.18,745478,14.0966,5403.64,886744,14.0966,6117.15,1.04457e+06,14.0966,6924.63,1.2176e+06,14.0966,11.7194,11.96,12.6541,13.9321,16.1295,13.6434,16.6097,21.9702,13.9553,19.7532,29.5285,14.0526,23.3844,39.1143,14.0829,27.5423,51.2054,14.0923,32.2796,66.434,14.0953,37.662,85.6061,14.0962,43.7675,109.74,14.0965,50.687,140.119,14.0966,58.5249,178.359,14.0966,67.4005,226.493,14.0966,77.4493,287.08,14.0966,88.8254,363.343,14.0966,101.703,459.336,14.0966,116.281,580.161,14.0966,132.782,732.241,14.0966,151.46,923.655,14.0966,172.603,1164.57,14.0966,196.535,1467.79,14.0966,223.625,1849.39,14.0966,254.288,2329.62,14.0966,288.997,2933.93,14.0966,328.285,3694.33,14.0966,372.755,4651.04,14.0966,423.092,5854.57,14.0966,480.07,7368.38,14.0966,544.564,9272.08,14.0966,617.566,11665.5,14.0966,700.197,14673.6,14.0966,793.729,18452.9,14.0966,899.599,23198.6,14.0966,1019.43,29154.1,14.0966,1155.07,36622.3,14.0966,1308.6,45977.9,14.0966,1482.39,57683.7,14.0966,1679.09,72307.8,14.0966,1901.73,90542.8,14.0966,2153.73,113226,14.0966,2438.97,141360,14.0966,2761.81,176127,14.0966,3127.22,218898,14.0966,3540.81,271226,14.0966,4008.92,334817,14.0966,4538.74,411470,14.0966,5138.38,502973,14.0966,5817.04,610948,14.0966,6585.12,736653,14.0966,7454.39,880741,14.0966,8438.15,1.04302e+06,14.0966,9551.45,1.22224e+06,14.0966,10811.3,1.41602e+06,14.0966,12237,1.62086e+06,14.0966,11.7194,11.96,12.6541,2.21263,4.16949,0.989383,2.67766,5.84076,0.311842,3.14343,7.55825,0.0972771,3.63127,9.58578,0.0303237,4.15787,12.0912,0.00945211,4.73731,15.2286,0.00294633,5.38238,19.1721,0.000918508,6.10553,24.134,0.000286163,6.91951,30.3791,8.92692e-05,7.83792,38.2397,2.78121e-05,8.87555,48.1338,8.65134e-06,10.0489,60.5876,2.7882e-06,11.3761,76.2629,8.29036e-07,12.8779,95.9927,2.4373e-07,14.5775,120.825,4.33068e-09,16.5012,152.08,1.75749e-07,18.6784,191.415,-1.86328e-07,21.1428,240.917,1.91829e-07,23.9322,303.213,-1.81475e-07,27.0895,381.602,7.0186e-08,30.6634,480.231,-2.86769e-08,34.7087,604.316,2.40784e-07,39.2876,760.401,9.87368e-08,44.4705,956.705,1.22263e-07,50.3371,1203.54,-4.31966e-07,56.9776,1513.81,-1.9705e-07,64.494,1903.69,-2.763e-08,73.0018,2393.4,3.9185e-07,82.6317,3008.13,1.35379e-07,93.5318,3779.25,-4.16351e-08,105.869,4745.7,2.06965e-08,119.834,5955.6,-3.18887e-07,135.641,7468.12,-1.48271e-08,153.531,9355.62,2.00739e-07,173.781,11705.8,2.28358e-07,196.701,14624.1,-1.93587e-08,222.642,18235,-2.88101e-07,252.003,22683.4,-2.24732e-07,285.234,28134,8.56806e-09,322.845,34767,2.34258e-07,365.413,42770.9,2.99668e-07,413.588,52327.9,8.28644e-08,468.111,63591.2,-3.07049e-07,529.814,76653.2,-3.1888e-07,599.642,91502.5,-6.72276e-08,678.662,107975,2.26339e-07,768.083,125705,3.69212e-07,869.267,144088,2.04077e-07,983.76,162277,-2.80509e-07,1113.3,179223,-4.22737e-07,1259.87,193777,-1.71951e-07,1425.68,204839,4.55555e-07,11.7194,11.96,12.6541,2.21263,4.16949,0.989383,2.67766,5.84076,0.311842,3.14343,7.55825,0.0972771,3.63127,9.58578,0.0303237,4.15787,12.0912,0.00945211,4.73731,15.2286,0.00294633,5.38238,19.1721,0.000918508,6.10553,24.134,0.000286163,6.91951,30.3791,8.92692e-05,7.83792,38.2397,2.78121e-05,8.87555,48.1338,8.65134e-06,10.0489,60.5876,2.7882e-06,11.3761,76.2629,8.29036e-07,12.8779,95.9927,2.4373e-07,14.5775,120.825,1e-08,16.5012,152.08,1.75749e-07,18.6784,191.415,1e-08,21.1428,240.917,1.91829e-07,23.9322,303.213,1e-08,27.0895,381.602,7.0186e-08,30.6634,480.231,1e-08,34.7087,604.316,2.40784e-07,39.2876,760.401,9.87368e-08,44.4705,956.705,1.22263e-07,50.3371,1203.54,1e-08,56.9776,1513.81,1e-08,64.494,1903.69,1e-08,73.0018,2393.4,3.9185e-07,82.6317,3008.13,1.35379e-07,93.5318,3779.25,1e-08,105.869,4745.7,2.06965e-08,119.834,5955.6,1e-08,135.641,7468.12,1e-08,153.531,9355.62,2.00739e-07,173.781,11705.8,2.28358e-07,196.701,14624.1,1e-08,222.642,18235,1e-08,252.003,22683.4,1e-08,285.234,28134,1e-08,322.845,34767,2.34258e-07,365.413,42770.9,2.99668e-07,413.588,52327.9,8.28644e-08,468.111,63591.2,1e-08,529.814,76653.2,1e-08,599.642,91502.5,1e-08,678.662,107975,2.26339e-07,768.083,125705,3.69212e-07,869.267,144088,2.04077e-07,983.76,162277,1e-08,1113.3,179223,1e-08,1259.87,193777,1e-08,1425.68,204839,4.55555e-07,6.2823,3.27286,2.43537,0.219672,6.18826,2.24117,0.56371,6.87772,2.63624,0.308279,9,10,26,2,3,1,10,5,0,3,5,0,8,3,0,3,9,0,3,7,0,2,12,0,4,22,0,3,38,0,5,26,0,1,59,0,9,46,0,12,44,0,4,52,0,13,102,0,9,109,0,20,184,0,17,364,0,29,295,0,27,594,0,31,264,0,22,1070,0,14,647,0,52,563,0,48,1211,0,22,1803,0,45,2328,0,83,1095,0,101,1337,0,88,4880,0,60,2178,0,151,1944,0,87,7927,0,95,10382,0,101,10297,0,258,9769,0,317,11672,0,304,22095,0,308,30677,0,326,28158,0,525,43297,0,200,58090,0,842,59194,0,346,61856,0,598,98756,0,878,88512,0,666,168561,0,583,111088,0,1270,150506,0,1607,134938,0,760,236262,0,2242,211800,0
-1.05176e+08,1,8.88811e-15,10,1023,0,1.05176e+08,0.528882,1.08665,0.389689,0.145397,0.379329,3.24381,0.161596,0.446195,1.77396,0.159177,1.15e+07,4.49998e+06,6.79999e+06,1.15e+07,4.49997e+06,6.79999e+06,1.15e+07,4.49996e+06,6.79999e+06,1.15e+07,4.49995e+06,6.79999e+06,1.14999e+07,4.49993e+06,6.79999e+06,1.14999e+07,4.49991e+06,6.79999e+06,1.14999e+07,4.49989e+06,6.79999e+06,1.14999e+07,4.49986e+06,6.79999e+06,1.14999e+07,4.49982e+06,6.79999e+06,1.14999e+07,4.49977e+06,6.79999e+06,1.14999e+07,4.49971e+06,6.79999e+06,1.14999e+07,4.49963e+06,6.79999e+06,1.14998e+07,4.49953e+06,6.79999e+06,1.14998e+07,4.49941e+06,6.79999e+06,1.14998e+07,4.49926e+06,6.79999e+06,1.14998e+07,4.49906e+06,6.79999e+06,1.14997e+07,4.49882e+06,6.79999e+06,1.14997e+07,4.49851e+06,6.79999e+06,1.14997e+07,4.49812e+06,6.79999e+06,1.14996e+07,4.49764e+06,6.79999e+06,1.14996e+07,4.49702e+06,6.79999e+06,1.14995e+07,4.49625e+06,6.79999e+06,1.14995e+07,4.49528e+06,6.79999e+06,1.14994e+07,4.49406e+06,6.79999e+06,1.14993e+07,4.49253e+06,6.79999e+06,1.14992e+07,4.49059e+06,6.79999e+06,1.14991e+07,4.48817e+06,6.79999e+06,1.1499e+07,4.48511e+06,6.79999e+06,1.14988e+07,4.48128e+06,6.79999e+06,1.14987e+07,4.47646e+06,6.79999e+06,1.14985e+07,4.47041e+06,6.79999e+06,1.14983e+07,4.46281e+06,6.79999e+06,1.14981e+07,4.4533e+06,6.79999e+06,1.14979e+07,4.44138e+06,6.79999e+06,1.14976e+07,4.42649e+06,6.79999e+06,1.14972e+07,4.40789e+06,6.79999e+06,1.14969e+07,4.38471e+06,6.79999e+06,1.14965e+07,4.35592e+06,6.79999e+06,1.1496e+07,4.32027e+06,6.79999e+06,1.14955e+07,4.27629e+06,6.79999e+06,1.14949e+07,4.22231e+06,6.79999e+06,1.14942e+07,4.15647e+06,6.79999e+06,1.14934e+07,4.07676e+06,6.79999e+06,1.14926e+07,3.98112e+06,6.79999e+06,1.14916e+07,3.86765e+06,6.79999e+06,1.14905e+07,3.73474e+06,6.79999e+06,1.14892e+07,3.58148e+06,6.79999e+06,1.14878e+07,3.40785e+06,6.79999e+06,1.14862e+07,3.21513e+06,6.79999e+06,1.14844e+07,3.00605e+06,6.79999e+06,1.14823e+07,2.7848e+06,6.79999e+06,1.148e+07,2.5568e+06,6.79999e+06,1.14773e+07,2.32825e+06,6.79999e+06,13.5742,8.52444,0.508366,16.8306,13.2585,0.162638,20.0035,17.569,0.0507846,23.2616,22.4214,0.0158319,26.7328,28.3297,0.00493498,30.5212,35.6974,0.00153831,34.7178,44.9473,0.000479527,39.4086,56.5822,0.000149456,44.6796,71.2245,4.66214e-05,50.6209,89.6543,1.45419e-05,57.3297,112.852,4.54748e-06,64.9129,142.051,1.43857e-06,73.4897,178.803,4.36618e-07,83.1934,225.062,1.40153e-07,94.1745,283.286,4.96378e-08,106.602,356.568,1.05434e-07,120.669,448.799,-6.49244e-08,136.59,564.873,1.70148e-07,154.611,710.948,-5.34594e-08,175.008,894.767,1.63407e-07,198.097,1126.06,8.04804e-08,224.231,1417.07,1.14667e-07,253.813,1783.15,-1.71227e-07,287.297,2243.62,-2.88466e-07,325.198,2822.67,-4.33651e-07,368.098,3550.67,7.9318e-08,416.657,4465.65,3.13319e-07,471.621,5615.16,3.4613e-07,533.835,7058.61,-1.19199e-07,604.255,8870.02,-2.79964e-07,683.962,11141.4,-2.30521e-07,774.182,13986.7,-2.55099e-07,876.299,17546.4,1.23585e-07,991.883,21993.1,1.41192e-07,1122.71,27536.7,-9.71886e-08,1270.78,34430.7,-3.68368e-07,1438.38,42977.7,-3.45379e-07,1628.07,53532.7,-3.25328e-09,1842.77,66504.6,2.6362e-07,2085.77,82350.2,2.53445e-07,2360.79,101560,-2.47407e-08,2672.05,124632,-3.80602e-07,3024.31,152018,-4.79005e-07,3422.98,184060,-1.14379e-07,3874.15,220884,2.64297e-07,4384.72,262283,3.44131e-07,4962.49,307576,7.5349e-08,5616.29,355497,-3.63097e-07,6356.1,404126,-6.05442e-07,7193.18,450932,-2.72333e-07,8140.28,492963,2.29675e-07,9211.79,527178,4.3387e-07,10424,550893,-1.0711e-07,10.102,8.06553,2.81012,10.6436,8.57909,0.869423,11.5336,10.2515,0.270869,12.7211,12.7138,0.0844293,14.1823,15.9373,0.0263173,15.9122,20.0383,0.0082035,17.9198,25.2154,0.00255722,20.2244,31.7373,0.000797017,22.8539,39.9486,0.000248622,25.8438,50.2851,7.75492e-05,29.237,63.2963,2.42508e-05,33.0837,79.6738,7.67162e-06,37.4415,100.288,2.32837e-06,42.3767,126.236,7.33e-07,47.9646,158.896,2.79256e-07,54.2906,200.003,9.87351e-09,61.452,251.741,1.61085e-07,69.5585,316.859,-2.47141e-07,78.7347,398.812,8.93552e-08,89.1218,501.948,-2.53231e-07,100.879,631.736,-1.25047e-07,114.188,795.049,-1.78808e-07,129.252,1000.53,2.6733e-07,146.304,1259.03,4.50292e-07,165.605,1584.19,6.76904e-07,187.452,1993.12,-1.23808e-07,212.181,2507.27,-4.89068e-07,240.173,3153.54,-5.40284e-07,271.856,3965.56,1.86061e-07,307.719,4985.38,4.37004e-07,348.313,6265.4,3.59828e-07,394.26,7870.83,3.98192e-07,446.268,9882.51,-1.92908e-07,505.135,12400.3,-2.20392e-07,571.766,15546.9,1.51705e-07,647.184,19472.2,5.74996e-07,732.547,24357.4,5.39112e-07,829.167,30420,5.07815e-09,938.526,37916.3,-4.11492e-07,1062.3,47143.9,-3.9561e-07,1202.4,58439.2,3.86185e-08,1360.96,72169.3,5.94093e-07,1540.42,88715.8,7.47693e-07,1743.53,108445,1.78537e-07,1973.41,131665,-4.12549e-07,2233.57,158557,-5.37164e-07,2528,189103,-1.17615e-07,2861.2,222986,5.66769e-07,3238.27,259510,9.45053e-07,3664.97,297540,4.25093e-07,4147.81,335497,-3.58506e-07,4694.17,371444,-6.7724e-07,5312.37,403256,1.67192e-07,1.61744,3.89446,9.84394,3.28846,7.5504,12.774,5.07607,11.7187,13.6844,7.03202,16.8147,13.9681,9.20215,23.1769,14.0566,11.6301,31.1672,14.0841,14.3598,41.2186,14.0927,17.4376,53.8688,14.0954,20.9137,69.7915,14.0962,24.8432,89.8341,14.0965,29.2879,115.063,14.0966,34.3168,146.819,14.0966,40.0078,186.792,14.0966,46.4487,237.107,14.0966,53.7388,300.44,14.0966,61.9903,380.158,14.0966,71.3301,480.499,14.0966,81.902,606.796,14.0966,93.8685,765.761,14.0966,107.414,965.837,14.0966,122.746,1217.65,14.0966,140.101,1534.57,14.0966,159.745,1933.41,14.0966,181.981,2435.3,14.0966,207.15,3066.85,14.0966,235.64,3861.46,14.0966,267.889,4861.11,14.0966,304.391,6118.54,14.0966,345.709,7699.91,14.0966,392.478,9688.22,14.0966,445.417,12187.5,14.0966,505.339,15327.7,14.0966,573.165,19271.6,14.0966,649.938,24222,14.0966,736.839,30430.9,14.0966,835.202,38211.5,14.0966,946.539,47950.3,14.0966,1072.56,60122.8,14.0966,1215.21,75309.9,14.0966,1376.66,94216.2,14.0966,1559.41,117688,14.0966,1766.26,146729,14.0966,2000.39,182510,14.0966,2265.39,226372,14.0966,2565.33,279806,14.0966,2904.81,344416,14.0966,3289.05,421845,14.0966,3723.93,513667,14.0966,4216.13,621231,14.0966,4773.18,745478,14.0966,5403.64,886744,14.0966,6117.15,1.04457e+06,14.0966,6924.63,1.2176e+06,14.0966,11.7194,11.96,12.6541,13.9321,16.1295,13.6434,16.6097,21.9702,13.9553,19.7532,29.5285,14.0526,23.3844,39.1143,14.0829,27.5423,51.2054,14.0923,32.2796,66.434,14.0953,37.662,85.6061,14.0962,43.7675,109.74,14.0965,50.687,140.119,14.0966,58.5249,178.359,14.0966,67.4005,226.493,14.0966,77.4493,287.08,14.0966,88.8254,363.343,14.0966,101.703,459.336,14.0966,116.281,580.161,14.0966,132.782,732.241,14.0966,151.46,923.655,14.0966,172.603,1164.57,14.0966,196.535,1467.79,14.0966,223.625,1849.39,14.0966,254.288,2329.62,14.0966,288.997,2933.93,14.0966,328.285,3694.33,14.0966,372.755,4651.04,14.0966,423.092,5854.57,14.0966,480.07,7368.38,14.0966,544.564,9272.08,14.0966,617.566,11665.5,14.0966,700.197,14673.6,14.0966,793.729,18452.9,14.0966,899.599,23198.6,14.0966,1019.43,29154.1,14.0966,1155.07,36622.3,14.0966,1308.6,45977.9,14.0966,1482.39,57683.7,14.0966,1679.09,72307.8,14.0966,1901.73,90542.8,14.0966,2153.73,113226,14.0966,2438.97,141360,14.0966,2761.81,176127,14.0966,3127.22,218898,14.0966,3540.81,271226,14.0966,4008.92,334817,14.0966,4538.74,411470,14.0966,5138.38,502973,14.0966,5817.04,610948,14.0966,6585.12,736653,14.0966,7454.39,880741,14.0966,8438.15,1.04302e+06,14.0966,9551.45,1.22224e+06,14.0966,10811.3,1.41602e+06,14.0966,12237,1.62086e+06,14.0966,11.7194,11.96,12.6541,2.21263,4.16949,0.989383,2.67766,5.84076,0.311842,3.14343,7.55825,0.0972771,3.63127,9.58578,0.0303237,4.15787,12.0912,0.00945211,4.73731,15.2286,0.00294633,5.38238,19.1721,0.000918508,6.10553,24.134,0.000286163,6.91951,30.3791,8.92692e-05,7.83792,38.2397,2.78121e-05,8.87555,48.1338,8.65134e-06,10.0489,60.5876,2.7882e-06,11.3761,76.2629,8.29036e-07,12.8779,95.9927,2.4373e-07,14.5775,120.825,4.33068e-09,16.5012,152.08,1.75749e-07,18.6784,191.415,-1.86328e-07,21.1428,240.917,1.91829e-07,23.9322,303.213,-1.81475e-07,27.0895,381.602,7.0186e-08,30.6634,480.231,-2.86769e-08,34.7087,604.316,2.40784e-07,39.2876,760.401,9.87368e-08,44.4705,956.705,1.22263e-07,50.3371,1203.54,-4.31966e-07,56.9776,1513.81,-1.9705e-07,64.494,1903.69,-2.763e-08,73.0018,2393.4,3.9185e-07,82.6317,3008.13,1.35379e-07,93.5318,3779.25,-4.16351e-08,105.869,4745.7,2.06965e-08,119.834,5955.6,-3.18887e-07,135.641,7468.12,-1.48271e-08,153.531,9355.62,2.00739e-07,173.781,11705.8,2.28358e-07,196.701,14624.1,-1.93587e-08,222.642,18235,-2.88101e-07,252.003,22683.4,-2.24732e-07,285.234,28134,8.56806e-09,322.845,34767,2.34258e-07,365.413,42770.9,2.99668e-07,413.588,52327.9,8.28644e-08,468.111,63591.2,-3.07049e-07,529.814,76653.2,-3.1888e-07,599.642,91502.5,-6.72276e-08,678.662,107975,2.26339e-07,768.083,125705,3.69212e-07,869.267,144088,2.04077e-07,983.76,162277,-2.80509e-07,1113.3,179223,-4.22737e-07,1259.87,193777,-1.71951e-07,1425.68,204839,4.55555e-07,11.7194,11.96,12.6541,2.21263,4.16949,0.989383,2.67766,5.84076,0.311842,3.14343,7.55825,0.0972771,3.63127,9.58578,0.0303237,4.15787,12.0912,0.00945211,4.73731,15.2286,0.00294633,5.38238,19.1721,0.000918508,6.10553,24.134,0.000286163,6.91951,30.3791,8.92692e-05,7.83792,38.2397,2.78121e-05,8.87555,48.1338,8.65134e-06,10.0489,60.5876,2.7882e-06,11.3761,76.2629,8.29036e-07,12.8779,95.9927,2.4373e-07,14.5775,120.825,1e-08,16.5012,152.08,1.75749e-07,18.6784,191.415,1e-08,21.1428,240.917,1.91829e-07,23.9322,303.213,1e-08,27.0895,381.602,7.0186e-08,30.6634,480.231,1e-08,34.7087,604.316,2.40784e-07,39.2876,760.401,9.87368e-08,44.4705,956.705,1.22263e-07,50.3371,1203.54,1e-08,56.9776,1513.81,1e-08,64.494,1903.69,1e-08,73.0018,2393.4,3.9185e-07,82.6317,3008.13,1.35379e-07,93.5318,3779.25,1e-08,105.869,4745.7,2.06965e-08,119.834,5955.6,1e-08,135.641,7468.12,1e-08,153.531,9355.62,2.00739e-07,173.781,11705.8,2.28358e-07,196.701,14624.1,1e-08,222.642,18235,1e-08,252.003,22683.4,1e-08,285.234,28134,1e-08,322.845,34767,2.34258e-07,365.413,42770.9,2.99668e-07,413.588,52327.9,8.28644e-08,468.111,63591.2,1e-08,529.814,76653.2,1e-08,599.642,91502.5,1e-08,678.662,107975,2.26339e-07,768.083,125705,3.69212e-07,869.267,144088,2.04077e-07,983.76,162277,1e-08,1113.3,179223,1e-08,1259.87,193777,1e-08,1425.68,204839,4.55555e-07,6.2823,3.27286,2.43537,0.219672,6.18826,2.24117,0.56371,6.87772,2.63624,0.308279,14,10,14,3,1,1,4,7,0,2,0,0,8,11,0,3,14,0,1,10,0,7,30,0,3,28,0,9,20,0,13,21,0,5,54,0,8,44,0,9,110,0,16,83,0,9,121,0,20,184,0,13,258,0,45,286,0,35,515,0,9,101,0,14,500,0,24,542,0,79,1414,0,24,1285,0,52,1243,0,70,1600,0,36,1581,0,99,2196,0,133,3738,0,115,4694,0,156,3906,0,142,2980,0,124,10405,0,179,6374,0,140,11477,0,237,19665,0,104,14497,0,217,24803,0,257,25546,0,291,29593,0,319,35241,0,390,61057,0,246,84049,0,509,61875,0,855,87570,0,932,82583,0,300,156330,0,404,181714,0,271,21254,0,1146,102568,0,1561,146398,0,1757,194087,0
-1.05176e+08,1,8.88811e-15,10,1023,0,1.05176e+08,0.528882,1.08665,0.389689,0.145397,0.379329,3.24381,0.161596,0.446195,1.77396,0.159177,1.15e+07,4.49998e+06,6.79999e+06,1.15e+07,4.49997e+06,6.79999e+06,1.15e+07,4.49996e+06,6.79999e+06,1.15e+07,4.49995e+06,6.79999e+06,1.14999e+07,4.49993e+06,6.79999e+06,1.14999e+07,4.49991e+06,6.79999e+06,1.14999e+07,4.49989e+06,6.79999e+06,1.14999e+07,4.49986e+06,6.79999e+06,1.14999e+07,4.49982e+06,6.79999e+06,1.14999e+07,4.49977e+06,6.79999e+06,1.14999e+07,4.49971e+06,6.79999e+06,1.14999e+07,4.49963e+06,6.79999e+06,1.14998e+07,4.49953e+06,6.79999e+06,1.14998e+07,4.49941e+06,6.79999e+06,1.14998e+07,4.49926e+06,6.79999e+06,1.14998e+07,4.49906e+06,6.79999e+06,1.14997e+07,4.49882e+06,6.79999e+06,1.14997e+07,4.49851e+06,6.79999e+06,1.14997e+07,4.49812e+06,6.79999e+06,1.14996e+07,4.49764e+06,6.79999e+06,1.14996e+07,4.49702e+06,6.79999e+06,1.14995e+07,4.49625e+06,6.79999e+06,1.14995e+07,4.49528e+06,6.79999e+06,1.14994e+07,4.49406e+06,6.79999e+06,1.14993e+07,4.49253e+06,6.79999e+06,1.14992e+07,4.49059e+06,6.79999e+06,1.14991e+07,4.48817e+06,6.79999e+06,1.1499e+07,4.48511e+06,6.79999e+06,1.14988e+07,4.48128e+06,6.79999e+06,1.14987e+07,4.47646e+06,6.79999e+06,1.14985e+07,4.47041e+06,6.79999e+06,1.14983e+07,4.46281e+06,6.79999e+06,1.14981e+07,4.4533e+06,6.79999e+06,1.14979e+07,4.44138e+06,6.79999e+06,1.14976e+07,4.42649e+06,6.79999e+06,1.14972e+07,4.40789e+06,6.79999e+06,1.14969e+07,4.38471e+06,6.79999e+06,1.14965e+07,4.35592e+06,6.79999e+06,1.1496e+07,4.32027e+06,6.79999e+06,1.14955e+07,4.27629e+06,6.79999e+06,1.14949e+07,4.22231e+06,6.79999e+06,1.14942e+07,4.15647e+06,6.79999e+06,1.14934e+07,4.07676e+06,6.79999e+06,1.14926e+07,3.98112e+06,6.79999e+06,1.14916e+07,3.86765e+06,6.79999e+06,1.14905e+07,3.73474e+06,6.79999e+06,1.14892e+07,3.58148e+06,6.79999e+06,1.14878e+07,3.40785e+06,6.79999e+06,1.14862e+07,3.21513e+06,6.79999e+06,1.14844e+07,3.00605e+06,6.79999e+06,1.14823e+07,2.7848e+06,6.79999e+06,1.148e+07,2.5568e+06,6.79999e+06,1.14773e+07,2.32825e+06,6.79999e+06,13.5742,8.52444,0.508366,16.8306,13.2585,0.162638,20.0035,17.569,0.0507846,23.2616,22.4214,0.0158319,26.7328,28.3297,0.00493498,30.5212,35.6974,0.00153831,34.7178,44.9473,0.000479527,39.4086,56.5822,0.000149456,44.6796,71.2245,4.66214e-05,50.6209,89.6543,1.45419e-05,57.3297,112.852,4.54748e-06,64.9129,142.051,1.43857e-06,73.4897,178.803,4.36618e-07,83.1934,225.062,1.40153e-07,94.1745,283.286,4.96378e-08,106.602,356.568,1.05434e-07,120.669,448.799,-6.49244e-08,136.59,564.873,1.70148e-07,154.611,710.948,-5.34594e-08,175.008,894.767,1.63407e-07,198.097,1126.06,8.04804e-08,224.231,1417.07,1.14667e-07,253.813,1783.15,-1.71227e-07,287.297,2243.62,-2.88466e-07,325.198,2822.67,-4.33651e-07,368.098,3550.67,7.9318e-08,416.657,4465.65,3.13319e-07,471.621,5615.16,3.4613e-07,533.835,7058.61,-1.19199e-07,604.255,8870.02,-2.79964e-07,683.962,11141.4,-2.30521e-07,774.182,13986.7,-2.55099e-07,876.299,17546.4,1.23585e-07,991.883,21993.1,1.41192e-07,1122.71,27536.7,-9.71886e-08,1270.78,34430.7,-3.68368e-07,1438.38,42977.7,-3.45379e-07,1628.07,53532.7,-3.25328e-09,1842.77,66504.6,2.6362e-07,2085.77,82350.2,2.53445e-07,2360.79,101560,-2.47407e-08,2672.05,124632,-3.80602e-07,3024.31,152018,-4.79005e-07,3422.98,184060,-1.14379e-07,3874.15,220884,2.64297e-07,4384.72,262283,3.44131e-07,4962.49,307576,7.5349e-08,5616.29,355497,-3.63097e-07,6356.1,404126,-6.05442e-07,7193.18,450932,-2.72333e-07,8140.28,492963,2.29675e-07,9211.79,527178,4.3387e-07,10424,550893,-1.0711e-07,10.102,8.06553,2.81012,10.6436,8.57909,0.869423,11.5336,10.2515,0.270869,12.7211,12.7138,0.0844293,14.1823,15.9373,0.0263173,15.9122,20.0383,0.0082035,17.9198,25.2154,0.00255722,20.2244,31.7373,0.000797017,22.8539,39.9486,0.000248622,25.8438,50.2851,7.75492e-05,29.237,63.2963,2.42508e-05,33.0837,79.6738,7.67162e-06,37.4415,100.288,2.32837e-06,42.3767,126.236,7.33e-07,47.9646,158.896,2.79256e-07,54.2906,200.003,9.87351e-09,61.452,251.741,1.61085e-07,69.5585,316.859,-2.47141e-07,78.7347,398.812,8.93552e-08,89.1218,501.948,-2.53231e-07,100.879,631.736,-1.25047e-07,114.188,795.049,-1.78808e-07,129.252,1000.53,2.6733e-07,146.304,1259.03,4.50292e-07,165.605,1584.19,6.76904e-07,187.452,1993.12,-1.23808e-07,212.181,2507.27,-4.89068e-07,240.173,3153.54,-5.40284e-07,271.856,3965.56,1.86061e-07,307.719,4985.38,4.37004e-07,348.313,6265.4,3.59828e-07,394.26,7870.83,3.98192e-07,446.268,9882.51,-1.92908e-07,505.135,12400.3,-2.20392e-07,571.766,15546.9,1.51705e-07,647.184,19472.2,5.74996e-07,732.547,24357.4,5.39112e-07,829.167,30420,5.07815e-09,938.526,37916.3,-4.11492e-07,1062.3,47143.9,-3.9561e-07,1202.4,58439.2,3.86185e-08,1360.96,72169.3,5.94093e-07,1540.42,88715.8,7.47693e-07,1743.53,108445,1.78537e-07,1973.41,131665,-4.12549e-07,2233.57,158557,-5.37164e-07,2528,189103,-1.17615e-07,2861.2,222986,5.66769e-07,3238.27,259510,9.45053e-07,3664.97,297540,4.25093e-07,4147.81,335497,-3.58506e-07,4694.17,371444,-6.7724e-07,5312.37,403256,1.67192e-07,1.61744,3.89446,9.84394,3.28846,7.5504,12.774,5.07607,11.7187,13.6844,7.03202,16.8147,13.9681,9.20215,23.1769,14.0566,11.6301,31.1672,14.0841,14.3598,41.2186,14.0927,17.4376,53.8688,14.0954,20.9137,69.7915,14.0962,24.8432,89.8341,14.0965,29.2879,115.063,14.0966,34.3168,146.819,14.0966,40.0078,186.792,14.0966,46.4487,237.107,14.0966,53.7388,300.44,14.0966,61.9903,380.158,14.0966,71.3301,480.499,14.0966,81.902,606.796,14.0966,93.8685,765.761,14.0966,107.414,965.837,14.0966,122.746,1217.65,14.0966,140.101,1534.57,14.0966,159.745,1933.41,14.0966,181.981,2435.3,14.0966,207.15,3066.85,14.0966,235.64,3861.46,14.0966,267.889,4861.11,14.0966,304.391,6118.54,14.0966,345.709,7699.91,14.0966,392.478,9688.22,14.0966,445.417,12187.5,14.0966,505.339,15327.7,14.0966,573.165,19271.6,14.0966,649.938,24222,14.0966,736.839,30430.9,14.0966,835.202,38211.5,14.0966,946.539,47950.3,14.0966,1072.56,60122.8,14.0966,1215.21,75309.9,14.0966,1376.66,94216.2,14.0966,1559.41,117688,14.0966,1766.26,146729,14.0966,2000.39,182510,14.0966,2265.39,226372,14.0966,2565.33,279806,14.0966,2904.81,344416,14.0966,3289.05,421845,14.0966,3723.93,513667,14.0966,4216.13,621231,14.0966,4773.18,745478,14.0966,5403.64,886744,14.0966,6117.15,1.04457e+06,14.0966,6924.63,1.2176e+06,14.0966,11.7194,11.96,12.6541,13.9321,16.1295,13.6434,16.6097,21.9702,13.9553,19.7532,29.5285,14.0526,23.3844,39.1143,14.0829,27.5423,51.2054,14.0923,32.2796,66.434,14.0953,37.662,85.6061,14.0962,43.7675,109.74,14.0965,50.687,140.119,14.0966,58.5249,178.359,14.0966,67.4005,226.493,14.0966,77.4493,287.08,14.0966,88.8254,363.343,14.0966,101.703,459.336,14.0966,116.281,580.161,14.0966,132.782,732.241,14.0966,151.46,923.655,14.0966,172.603,1164.57,14.0966,196.535,1467.79,14.0966,223.625,1849.39,14.0966,254.288,2329.62,14.0966,288.997,2933.93,14.0966,328.285,3694.33,14.0966,372.755,4651.04,14.0966,423.092,5854.57,14.0966,480.07,7368.38,14.0966,544.564,9272.08,14.0966,617.566,11665.5,14.0966,700.197,14673.6,14.0966,793.729,18452.9,14.0966,899.599,23198.6,14.0966,1019.43,29154.1,14.0966,1155.07,36622.3,14.0966,1308.6,45977.9,14.0966,1482.39,57683.7,14.0966,1679.09,72307.8,14.0966,1901.73,90542.8,14.0966,2153.73,113226,14.0966,2438.97,141360,14.0966,2761.81,176127,14.0966,3127.22,218898,14.0966,3540.81,271226,14.0966,4008.92,334817,14.0966,4538.74,411470,14.0966,5138.38,502973,14.0966,5817.04,610948,14.0966,6585.12,736653,14.0966,7454.39,880741,14.0966,8438.15,1.04302e+06,14.0966,9551.45,1.22224e+06,14.0966,10811.3,1.41602e+06,14.0966,12237,1.62086e+06,14.0966,11.7194,11.96,12.6541,2.21263,4.16949,0.989383,2.67766,5.84076,0.311842,3.14343,7.55825,0.0972771,3.63127,9.58578,0.0303237,4.15787,12.0912,0.00945211,4.73731,15.2286,0.00294633,5.38238,19.1721,0.000918508,6.10553,24.134,0.000286163,6.91951,30.3791,8.92692e-05,7.83792,38.2397,2.78121e-05,8.87555,48.1338,8.65134e-06,10.0489,60.5876,2.7882e-06,11.3761,76.2629,8.29036e-07,12.8779,95.9927,2.4373e-07,14.5775,120.825,4.33068e-09,16.5012,152.08,1.75749e-07,18.6784,191.415,-1.86328e-07,21.1428,240.917,1.91829e-07,23.9322,303.213,-1.81475e-07,27.0895,381.602,7.0186e-08,30.6634,480.231,-2.86769e-08,34.7087,604.316,2.40784e-07,39.2876,760.401,9.87368e-08,44.4705,956.705,1.22263e-07,50.3371,1203.54,-4.31966e-07,56.9776,1513.81,-1.9705e-07,64.494,1903.69,-2.763e-08,73.0018,2393.4,3.9185e-07,82.6317,3008.13,1.35379e-07,93.5318,3779.25,-4.16351e-08,105.869,4745.7,2.06965e-08,119.834,5955.6,-3.18887e-07,135.641,7468.12,-1.48271e-08,153.531,9355.62,2.00739e-07,173.781,11705.8,2.28358e-07,196.701,14624.1,-1.93587e-08,222.642,18235,-2.88101e-07,252.003,22683.4,-2.24732e-07,285.234,28134,8.56806e-09,322.845,34767,2.34258e-07,365.413,42770.9,2.99668e-07,413.588,52327.9,8.28644e-08,468.111,63591.2,-3.07049e-07,529.814,76653.2,-3.1888e-07,599.642,91502.5,-6.72276e-08,678.662,107975,2.26339e-07,768.083,125705,3.69212e-07,869.267,144088,2.04077e-07,983.76,162277,-2.80509e-07,1113.3,179223,-4.22737e-07,1259.87,193777,-1.71951e-07,1425.68,204839,4.55555e-07,11.7194,11.96,12.6541,2.21263,4.16949,0.989383,2.67766,5.84076,0.311842,3.14343,7.55825,0.0972771,3.63127,9.58578,0.0303237,4.15787,12.0912,0.00945211,4.73731,15.2286,0.00294633,5.38238,19.1721,0.000918508,6.10553,24.134,0.000286163,6.91951,30.3791,8.92692e-05,7.83792,38.2397,2.78121e-05,8.87555,48.1338,8.65134e-06,10.0489,60.5876,2.7882e-06,11.3761,76.2629,8.29036e-07,12.8779,95.9927,2.4373e-07,14.5775,120.825,1e-08,16.5012,152.08,1.75749e-07,18.6784,191.415,1e-08,21.1428,240.917,1.91829e-07,23.9322,303.213,1e-08,27.0895,381.602,7.0186e-08,30.6634,480.231,1e-08,34.7087,604.316,2.40784e-07,39.2876,760.401,9.87368e-08,44.4705,956.705,1.22263e-07,50.3371,1203.54,1e-08,56.9776,1513.81,1e-08,64.494,1903.69,1e-08,73.0018,2393.4,3.9185e-07,82.6317,3008.13,1.35379e-07,93.5318,3779.25,1e-08,105.869,4745.7,2.06965e-08,119.834,5955.6,1e-08,135.641,7468.12,1e-08,153.531,9355.62,2.00739e-07,173.781,11705.8,2.28358e-07,196.701,14624.1,1e-08,222.642,18235,1e-08,252.003,22683.4,1e-08,285.234,28134,1e-08,322.845,34767,2.34258e-07,365.413,42770.9,2.99668e-07,413.588,52327.9,8.28644e-08,468.111,63591.2,1e-08,529.814,76653.2,1e-08,599.642,91502.5,1e-08,678.662,107975,2.26339e-07,768.083,125705,3.69212e-07,869.267,144088,2.04077e-07,983.76,162277,1e-08,1113.3,179223,1e-08,1259.87,193777,1e-08,1425.68,204839,4.55555e-07,6.2823,3.27286,2.43537,0.219672,6.18826,2.24117,0.56371,6.87772,2.63624,0.308279,11,18,13,0,4,0,1,14,0,4,9,0,3,20,0,10,18,0,6,26,0,6,21,0,13,29,0,3,25,0,4,46,0,21,53,0,9,27,0,25,67,0,13,91,0,9,102,0,26,239,0,18,259,0,9,249,0,22,469,0,31,75,0,30,325,0,32,370,0,27,1382,0,59,842,0,41,1417,0,58,1260,0,67,1388,0,86,2061,0,88,4055,0,101,6017,0,165,6606,0,136,4487,0,244,7084,0,228,11117,0,95,12190,0,239,12417,0,90,26873,0,524,15891,0,489,13654,0,445,42214,0,279,37884,0,290,45839,0,297,53299,0,381,86597,0,583,126572,0,482,160121,0,648,90946,0,923,137486,0,530,157671,0,311,154504,0,904,345788,0,2840,305670,0
-1.05176e+08,1.48641e-52,8.88811e-15,10,1023,0,1.05176e+08,0.528882,1.08665,0.389689,0.145397,0.379329,3.24381,0.161596,0.446195,1.77396,0.159177,1.15e+07,4.49998e+06,6.79999e+06,1.15e+07,4.49997e+06,6.79999e+06,1.15e+07,4.49996e+06,6.79999e+06,1.15e+07,4.49995e+06,6.79999e+06,1.14999e+07,4.49993e+06,6.79999e+06,1.14999e+07,4.49991e+06,6.79999e+06,1.14999e+07,4.49989e+06,6.79999e+06,1.14999e+07,4.49986e+06,6.79999e+06,1.14999e+07,4.49982e+06,6.79999e+06,1.14999e+07,4.49977e+06,6.79999e+06,1.14999e+07,4.49971e+06,6.79999e+06,1.14999e+07,4.49963e+06,6.79999e+06,1.14998e+07,4.49953e+06,6.79999e+06,1.14998e+07,4.49941e+06,6.79999e+06,1.14998e+07,4.49926e+06,6.79999e+06,1.14998e+07,4.49906e+06,6.79999e+06,1.14997e+07,4.49882e+06,6.79999e+06,1.14997e+07,4.49851e+06,6.79999e+06,1.14997e+07,4.49812e+06,6.79999e+06,1.14996e+07,4.49764e+06,6.79999e+06,1.14996e+07,4.49702e+06,6.79999e+06,1.14995e+07,4.49625e+06,6.79999e+06,1.14995e+07,4.49528e+06,6.79999e+06,1.14994e+07,4.49406e+06,6.79999e+06,1.14993e+07,4.49253e+06,6.79999e+06,1.14992e+07,4.49059e+06,6.79999e+06,1.14991e+07,4.48817e+06,6.79999e+06,1.1499e+07,4.48511e+06,6.79999e+06,1.14988e+07,4.48128e+06,6.79999e+06,1.14987e+07,4.47646e+06,6.79999e+06,1.14985e+07,4.47041e+06,6.79999e+06,1.14983e+07,4.46281e+06,6.79999e+06,1.14981e+07,4.4533e+06,6.79999e+06,1.14979e+07,4.44138e+06,6.79999e+06,1.14976e+07,4.42649e+06,6.79999e+06,1.14972e+07,4.40789e+06,6.79999e+06,1.14969e+07,4.38471e+06,6.79999e+06,1.14965e+07,4.35592e+06,6.79999e+06,1.1496e+07,4.32027e+06,6.79999e+06,1.14955e+07,4.27629e+06,6.79999e+06,1.14949e+07,4.22231e+06,6.79999e+06,1.14942e+07,4.15647e+06,6.79999e+06,1.14934e+07,4.07676e+06,6.79999e+06,1.14926e+07,3.98112e+06,6.79999e+06,1.14916e+07,3.86765e+06,6.79999e+06,1.14905e+07,3.73474e+06,6.79999e+06,1.14892e+07,3.58148e+06,6.79999e+06,1.14878e+07,3.40785e+06,6.79999e+06,1.14862e+07,3.21513e+06,6.79999e+06,1.14844e+07,3.00605e+06,6.79999e+06,1.14823e+07,2.7848e+06,6.79999e+06,1.148e+07,2.5568e+06,6.79999e+06,1.14773e+07,2.32825e+06,6.79999e+06,13.5742,8.52444,0.508366,16.8306,13.2585,0.162638,20.0035,17.569,0.0507846,23.2616,22.4214,0.0158319,26.7328,28.3297,0.00493498,30.5212,35.6974,0.00153831,34.7178,44.9473,0.000479527,39.4086,56.5822,0.000149456,44.6796,71.2245,4.66214e-05,50.6209,89.6543,1.45419e-05,57.3297,112.852,4.54748e-06,64.9129,142.051,1.43857e-06,73.4897,178.803,4.36618e-07,83.1934,225.062,1.40153e-07,94.1745,283.286,4.96378e-08,106.602,356.568,1.05434e-07,120.669,448.799,-6.49244e-08,136.59,564.873,1.70148e-07,154.611,710.948,-5.34594e-08,175.008,894.767,1.63407e-07,198.097,1126.06,8.04804e-08,224.231,1417.07,1.14667e-07,253.813,1783.15,-1.71227e-07,287.297,2243.62,-2.88466e-07,325.198,2822.67,-4.33651e-07,368.098,3550.67,7.9318e-08,416.657,4465.65,3.13319e-07,471.621,5615.16,3.4613e-07,533.835,7058.61,-1.19199e-07,604.255,8870.02,-2.79964e-07,683.962,11141.4,-2.30521e-07,774.182,13986.7,-2.55099e-07,876.299,17546.4,1.23585e-07,991.883,21993.1,1.41192e-07,1122.71,27536.7,-9.71886e-08,1270.78,34430.7,-3.68368e-07,1438.38,42977.7,-3.45379e-07,1628.07,53532.7,-3.25328e-09,1842.77,66504.6,2.6362e-07,2085.77,82350.2,2.53445e-07,2360.79,101560,-2.47407e-08,2672.05,124632,-3.80602e-07,3024.31,152018,-4.79005e-07,3422.98,184060,-1.14379e-07,3874.15,220884,2.64297e-07,4384.72,262283,3.44131e-07,4962.49,307576,7.5349e-08,5616.29,355497,-3.63097e-07,6356.1,404126,-6.05442e-07,7193.18,450932,-2.72333e-07,8140.28,492963,2.29675e-07,9211.79,527178,4.3387e-07,10424,550893,-1.0711e-07,10.102,8.06553,2.81012,10.6436,8.57909,0.869423,11.5336,10.2515,0.270869,12.7211,12.7138,0.0844293,14.1823,15.9373,0.0263173,15.9122,20.0383,0.0082035,17.9198,25.2154,0.00255722,20.2244,31.7373,0.000797017,22.8539,39.9486,0.000248622,25.8438,50.2851,7.75492e-05,29.237,63.2963,2.42508e-05,33.0837,79.6738,7.67162e-06,37.4415,100.288,2.32837e-06,42.3767,126.236,7.33e-07,47.9646,158.896,2.79256e-07,54.2906,200.003,9.87351e-09,61.452,251.741,1.61085e-07,69.5585,316.859,-2.47141e-07,78.7347,398.812,8.93552e-08,89.1218,501.948,-2.53231e-07,100.879,631.736,-1.25047e-07,114.188,795.049,-1.78808e-07,129.252,1000.53,2.6733e-07,146.304,1259.03,4.50292e-07,165.605,1584.19,6.76904e-07,187.452,1993.12,-1.23808e-07,212.181,2507.27,-4.89068e-07,240.173,3153.54,-5.40284e-07,271.856,3965.56,1.86061e-07,307.719,4985.38,4.37004e-07,348.313,6265.4,3.59828e-07,394.26,7870.83,3.98192e-07,446.268,9882.51,-1.92908e-07,505.135,12400.3,-2.20392e-07,571.766,15546.9,1.51705e-07,647.184,19472.2,5.74996e-07,732.547,24357.4,5.39112e-07,829.167,30420,5.07815e-09,938.526,37916.3,-4.11492e-07,1062.3,47143.9,-3.9561e-07,1202.4,58439.2,3.86185e-08,1360.96,72169.3,5.94093e-07,1540.42,88715.8,7.47693e-07,1743.53,108445,1.78537e-07,1973.41,131665,-4.12549e-07,2233.57,158557,-5.37164e-07,2528,189103,-1.17615e-07,2861.2,222986,5.66769e-07,3238.27,259510,9.45053e-07,3664.97,297540,4.25093e-07,4147.81,335497,-3.58506e-07,4694.17,371444,-6.7724e-07,5312.37,403256,1.67192e-07,1.61744,3.89446,9.84394,3.28846,7.5504,12.774,5.07607,11.7187,13.6844,7.03202,16.8147,13.9681,9.20215,23.1769,14.0566,11.6301,31.1672,14.0841,14.3598,41.2186,14.0927,17.4376,53.8688,14.0954,20.9137,69.7915,14.0962,24.8432,89.8341,14.0965,29.2879,115.063,14.0966,34.3168,146.819,14.0966,40.0078,186.792,14.0966,46.4487,237.107,14.0966,53.7388,300.44,14.0966,61.9903,380.158,14.0966,71.3301,480.499,14.0966,81.902,606.796,14.0966,93.8685,765.761,14.0966,107.414,965.837,14.0966,122.746,1217.65,14.0966,140.101,1534.57,14.0966,159.745,1933.41,14.0966,181.981,2435.3,14.0966,207.15,3066.85,14.0966,235.64,3861.46,14.0966,267.889,4861.11,14.0966,304.391,6118.54,14.0966,345.709,7699.91,14.0966,392.478,9688.22,14.0966,445.417,12187.5,14.0966,505.339,15327.7,14.0966,573.165,19271.6,14.0966,649.938,24222,14.0966,736.839,30430.9,14.0966,835.202,38211.5,14.0966,946.539,47950.3,14.0966,1072.56,60122.8,14.0966,1215.21,75309.9,14.0966,1376.66,94216.2,14.0966,1559.41,117688,14.0966,1766.26,146729,14.0966,2000.39,182510,14.0966,2265.39,226372,14.0966,2565.33,279806,14.0966,2904.81,344416,14.0966,3289.05,421845,14.0966,3723.93,513667,14.0966,4216.13,621231,14.0966,4773.18,745478,14.0966,5403.64,886744,14.0966,6117.15,1.04457e+06,14.0966,6924.63,1.2176e+06,14.0966,11.7194,11.96,12.6541,13.9321,16.1295,13.6434,16.6097,21.9702,13.9553,19.7532,29.5285,14.0526,23.3844,39.1143,14.0829,27.5423,51.2054,14.0923,32.2796,66.434,14.0953,37.662,85.6061,14.0962,43.7675,109.74,14.0965,50.687,140.119,14.0966,58.5249,178.359,14.0966,67.4005,226.493,14.0966,77.4493,287.08,14.0966,88.8254,363.343,14.0966,101.703,459.336,14.0966,116.281,580.161,14.0966,132.782,732.241,14.0966,151.46,923.655,14.0966,172.603,1164.57,14.0966,196.535,1467.79,14.0966,223.625,1849.39,14.0966,254.288,2329.62,14.0966,288.997,2933.93,14.0966,328.285,3694.33,14.0966,372.755,4651.04,14.0966,423.092,5854.57,14.0966,480.07,7368.38,14.0966,544.564,9272.08,14.0966,617.566,11665.5,14.0966,700.197,14673.6,14.0966,793.729,18452.9,14.0966,899.599,23198.6,14.0966,1019.43,29154.1,14.0966,1155.07,36622.3,14.0966,1308.6,45977.9,14.0966,1482.39,57683.7,14.0966,1679.09,72307.8,14.0966,1901.73,90542.8,14.0966,2153.73,113226,14.0966,2438.97,141360,14.0966,2761.81,176127,14.0966,3127.22,218898,14.0966,3540.81,271226,14.0966,4008.92,334817,14.0966,4538.74,411470,14.0966,5138.38,502973,14.0966,5817.04,610948,14.0966,6585.12,736653,14.0966,7454.39,880741,14.0966,8438.15,1.04302e+06,14.0966,9551.45,1.22224e+06,14.0966,10811.3,1.41602e+06,14.0966,12237,1.62086e+06,14.0966,11.7194,11.96,12.6541,2.21263,4.16949,0.989383,2.67766,5.84076,0.311842,3.14343,7.55825,0.0972771,3.63127,9.58578,0.0303237,4.15787,12.0912,0.00945211,4.73731,15.2286,0.00294633,5.38238,19.1721,0.000918508,6.10553,24.134,0.000286163,6.91951,30.3791,8.92692e-05,7.83792,38.2397,2.78121e-05,8.87555,48.1338,8.65134e-06,10.0489,60.5876,2.7882e-06,11.3761,76.2629,8.29036e-07,12.8779,95.9927,2.4373e-07,14.5775,120.825,4.33068e-09,16.5012,152.08,1.75749e-07,18.6784,191.415,-1.86328e-07,21.1428,240.917,1.91829e-07,23.9322,303.213,-1.81475e-07,27.0895,381.602,7.0186e-08,30.6634,480.231,-2.86769e-08,34.7087,604.316,2.40784e-07,39.2876,760.401,9.87368e-08,44.4705,956.705,1.22263e-07,50.3371,1203.54,-4.31966e-07,56.9776,1513.81,-1.9705e-07,64.494,1903.69,-2.763e-08,73.0018,2393.4,3.9185e-07,82.6317,3008.13,1.35379e-07,93.5318,3779.25,-4.16351e-08,105.869,4745.7,2.06965e-08,119.834,5955.6,-3.18887e-07,135.641,7468.12,-1.48271e-08,153.531,9355.62,2.00739e-07,173.781,11705.8,2.28358e-07,196.701,14624.1,-1.93587e-08,222.642,18235,-2.88101e-07,252.003,22683.4,-2.24732e-07,285.234,28134,8.56806e-09,322.845,34767,2.34258e-07,365.413,42770.9,2.99668e-07,413.588,52327.9,8.28644e-08,468.111,63591.2,-3.07049e-07,529.814,76653.2,-3.1888e-07,599.642,91502.5,-6.72276e-08,678.662,107975,2.26339e-07,768.083,125705,3.69212e-07,869.267,144088,2.04077e-07,983.76,162277,-2.80509e-07,1113.3,179223,-4.22737e-07,1259.87,193777,-1.71951e-07,1425.68,204839,4.55555e-07,11.7194,11.96,12.6541,2.21263,4.16949,0.989383,2.67766,5.84076,0.311842,3.14343,7.55825,0.0972771,3.63127,9.58578,0.0303237,4.15787,12.0912,0.00945211,4.73731,15.2286,0.00294633,5.38238,19.1721,0.000918508,6.10553,24.134,0.000286163,6.91951,30.3791,8.92692e-05,7.83792,38.2397,2.78121e-05,8.87555,48.1338,8.65134e-06,10.0489,60.5876,2.7882e-06,11.3761,76.2629,8.29036e-07,12.8779,95.9927,2.4373e-07,14.5775,120.825,1e-08,16.5012,152.08,1.75749e-07,18.6784,191.415,1e-08,21.1428,240.917,1.91829e-07,23.9322,303.213,1e-08,27.0895,381.602,7.0186e-08,30.6634,480.231,1e-08,34.7087,604.316,2.40784e-07,39.2876,760.401,9.87368e-08,44.4705,956.705,1.22263e-07,50.3371,1203.54,1e-08,56.9776,1513.81,1e-08,64.494,1903.69,1e-08,73.0018,2393.4,3.9185e-07,82.6317,3008.13,1.35379e-07,93.5318,3779.25,1e-08,105.869,4745.7,2.06965e-08,119.834,5955.6,1e-08,135.641,7468.12,1e-08,153.531,9355.62,2.00739e-07,173.781,11705.8,2.28358e-07,196.701,14624.1,1e-08,222.642,18235,1e-08,252.003,22683.4,1e-08,285.234,28134,1e-08,322.845,34767,2.34258e-07,365.413,42770.9,2.99668e-07,413.588,52327.9,8.28644e-08,468.111,63591.2,1e-08,529.814,76653.2,1e-08,599.642,91502.5,1e-08,678.662,107975,2.26339e-07,768.083,125705,3.69212e-07,869.267,144088,2.04077e-07,983.76,162277,1e-08,1113.3,179223,1e-08,1259.87,193777,1e-08,1425.68,204839,4.55555e-07,6.2823,3.27286,2.43537,0.219672,6.18826,2.24117,0.56371,6.87772,2.63624,0.308279,4,8,18,3,2,1,2,7,0,1,6,0,2,7,0,4,4,0,10,7,0,7,20,0,4,28,0,11,12,0,7,23,0,12,57,0,14,77,0,10,74,0,11,40,0,16,56,0,29,135,0,8,174,0,20,227,0,31,506,0,74,574,0,56,409,0,33,535,0,25,906,0,35,444,0,41,1413,0,73,2463,0,56,999,0,72,2862,0,27,2638,0,136,3944,0,71,6859,0,113,7164,0,149,10834,0,118,6188,0,227,7619,0,150,25178,0,220,21056,0,197,25994,0,239,32952,0,302,28882,0,394,44657,0,371,13691,0,225,39906,0,454,124651,0,354,59584,0,772,114494,0,1002,173003,0,400,199670,0,1419,187542,0,1795,254661,0,999,209633,0,2589,108220,0
-1.05176e+08,1,8.88811e-15,10,1023,0,1.05176e+08,0.528882,1.08665,0.389689,0.145397,0.379329,3.24381,0.161596,0.446195,1.77396,0.159177,1.15e+07,4.49998e+06,6.79999e+06,1.15e+07,4.49997e+06,6.79999e+06,1.15e+07,4.49996e+06,6.79999e+06,1.15e+07,4.49995e+06,6.79999e+06,1.14999e+07,4.49993e+06,6.79999e+06,1.14999e+07,4.49991e+06,6.79999e+06,1.14999e+07,4.49989e+06,6.79999e+06,1.14999e+07,4.49986e+06,6.79999e+06,1.14999e+07,4.49982e+06,6.79999e+06,1.14999e+07,4.49977e+06,6.79999e+06,1.14999e+07,4.49971e+06,6.79999e+06,1.14999e+07,4.49963e+06,6.79999e+06,1.14998e+07,4.49953e+06,6.79999e+06,1.14998e+07,4.49941e+06,6.79999e+06,1.14998e+07,4.49926e+06,6.79999e+06,1.14998e+07,4.49906e+06,6.79999e+06,1.14997e+07,4.49882e+06,6.79999e+06,1.14997e+07,4.49851e+06,6.79999e+06,1.14997e+07,4.49812e+06,6.79999e+06,1.14996e+07,4.49764e+06,6.79999e+06,1.14996e+07,4.49702e+06,6.79999e+06,1.14995e+07,4.49625e+06,6.79999e+06,1.14995e+07,4.49528e+06,6.79999e+06,1.14994e+07,4.49406e+06,6.79999e+06,1.14993e+07,4.49253e+06,6.79999e+06,1.14992e+07,4.49059e+06,6.79999e+06,1.14991e+07,4.48817e+06,6.79999e+06,1.1499e+07,4.48511e+06,6.79999e+06,1.14988e+07,4.48128e+06,6.79999e+06,1.14987e+07,4.47646e+06,6.79999e+06,1.14985e+07,4.47041e+06,6.79999e+06,1.14983e+07,4.46281e+06,6.79999e+06,1.14981e+07,4.4533e+06,6.79999e+06,1.14979e+07,4.44138e+06,6.79999e+06,1.14976e+07,4.42649e+06,6.79999e+06,1.14972e+07,4.40789e+06,6.79999e+06,1.14969e+07,4.38471e+06,6.79999e+06,1.14965e+07,4.35592e+06,6.79999e+06,1.1496e+07,4.32027e+06,6.79999e+06,1.14955e+07,4.27629e+06,6.79999e+06,1.14949e+07,4.22231e+06,6.79999e+06,1.14942e+07,4.15647e+06,6.79999e+06,1.14934e+07,4.07676e+06,6.79999e+06,1.14926e+07,3.98112e+06,6.79999e+06,1.14916e+07,3.86765e+06,6.79999e+06,1.14905e+07,3.73474e+06,6.79999e+06,1.14892e+07,3.58148e+06,6.79999e+06,1.14878e+07,3.40785e+06,6.79999e+06,1.14862e+07,3.21513e+06,6.79999e+06,1.14844e+07,3.00605e+06,6.79999e+06,1.14823e+07,2.7848e+06,6.79999e+06,1.148e+07,2.5568e+06,6.79999e+06,1.14773e+07,2.32825e+06,6.79999e+06,13.5742,8.52444,0.508366,16.8306,13.2585,0.162638,20.0035,17.569,0.0507846,23.2616,22.4214,0.0158319,26.7328,28.3297,0.00493498,30.5212,35.6974,0.00153831,34.7178,44.9473,0.000479527,39.4086,56.5822,0.000149456,44.6796,71.2245,4.66214e-05,50.6209,89.6543,1.45419e-05,57.3297,112.852,4.54748e-06,64.9129,142.051,1.43857e-06,73.4897,178.803,4.36618e-07,83.1934,225.062,1.40153e-07,94.1745,283.286,4.96378e-08,106.602,356.568,1.05434e-07,120.669,448.799,-6.49244e-08,136.59,564.873,1.70148e-07,154.611,710.948,-5.34594e-08,175.008,894.767,1.63407e-07,198.097,1126.06,8.04804e-08,224.231,1417.07,1.14667e-07,253.813,1783.15,-1.71227e-07,287.297,2243.62,-2.88466e-07,325.198,2822.67,-4.33651e-07,368.098,3550.67,7.9318e-08,416.657,4465.65,3.13319e-07,471.621,5615.16,3.4613e-07,533.835,7058.61,-1.19199e-07,604.255,8870.02,-2.79964e-07,683.962,11141.4,-2.30521e-07,774.182,13986.7,-2.55099e-07,876.299,17546.4,1.23585e-07,991.883,21993.1,1.41192e-07,1122.71,27536.7,-9.71886e-08,1270.78,34430.7,-3.68368e-07,1438.38,42977.7,-3.45379e-07,1628.07,53532.7,-3.25328e-09,1842.77,66504.6,2.6362e-07,2085.77,82350.2,2.53445e-07,2360.79,101560,-2.47407e-08,2672.05,124632,-3.80602e-07,3024.31,152018,-4.79005e-07,3422.98,184060,-1.14379e-07,3874.15,220884,2.64297e-07,4384.72,262283,3.44131e-07,4962.49,307576,7.5349e-08,5616.29,355497,-3.63097e-07,6356.1,404126,-6.05442e-07,7193.18,450932,-2.72333e-07,8140.28,492963,2.29675e-07,9211.79,527178,4.3387e-07,10424,550893,-1.0711e-07,10.102,8.06553,2.81012,10.6436,8.57909,0.869423,11.5336,10.2515,0.270869,12.7211,12.7138,0.0844293,14.1823,15.9373,0.0263173,15.9122,20.0383,0.0082035,17.9198,25.2154,0.00255722,20.2244,31.7373,0.000797017,22.8539,39.9486,0.000248622,25.8438,50.2851,7.75492e-05,29.237,63.2963,2.42508e-05,33.0837,79.6738,7.67162e-06,37.4415,100.288,2.32837e-06,42.3767,126.236,7.33e-07,47.9646,158.896,2.79256e-07,54.2906,200.003,9.87351e-09,61.452,251.741,1.61085e-07,69.5585,316.859,-2.47141e-07,78.7347,398.812,8.93552e-08,89.1218,501.948,-2.53231e-07,100.879,631.736,-1.25047e-07,114.188,795.049,-1.78808e-07,129.252,1000.53,2.6733e-07,146.304,1259.03,4.50292e-07,165.605,1584.19,6.76904e-07,187.452,1993.12,-1.23808e-07,212.181,2507.27,-4.89068e-07,240.173,3153.54,-5.40284e-07,271.856,3965.56,1.86061e-07,307.719,4985.38,4.37004e-07,348.313,6265.4,3.59828e-07,394.26,7870.83,3.98192e-07,446.268,9882.51,-1.92908e-07,505.135,12400.3,-2.20392e-07,571.766,15546.9,1.51705e-07,647.184,19472.2,5.74996e-07,732.547,24357.4,5.39112e-07,829.167,30420,5.07815e-09,938.526,37916.3,-4.11492e-07,1062.3,47143.9,-3.9561e-07,1202.4,58439.2,3.86185e-08,1360.96,72169.3,5.94093e-07,1540.42,88715.8,7.47693e-07,1743.53,108445,1.78537e-07,1973.41,131665,-4.12549e-07,2233.57,158557,-5.37164e-07,2528,189103,-1.17615e-07,2861.2,222986,5.66769e-07,3238.27,259510,9.45053e-07,3664.97,297540,4.25093e-07,4147.81,335497,-3.58506e-07,4694.17,371444,-6.7724e-07,5312.37,403256,1.67192e-07,1.61744,3.89446,9.84394,3.28846,7.5504,12.774,5.07607,11.7187,13.6844,7.03202,16.8147,13.9681,9.20215,23.1769,14.0566,11.6301,31.1672,14.0841,14.3598,41.2186,14.0927,17.4376,53.8688,14.0954,20.9137,69.7915,14.0962,24.8432,89.8341,14.0965,29.2879,115.063,14.0966,34.3168,146.819,14.0966,40.0078,186.792,14.0966,46.4487,237.107,14.0966,53.7388,300.44,14.0966,61.9903,380.158,14.0966,71.3301,480.499,14.0966,81.902,606.796,14.0966,93.8685,765.761,14.0966,107.414,965.837,14.0966,122.746,1217.65,14.0966,140.101,1534.57,14.0966,159.745,1933.41,14.0966,181.981,2435.3,14.0966,207.15,3066.85,14.0966,235.64,3861.46,14.0966,267.889,4861.11,14.0966,304.391,6118.54,14.0966,345.709,7699.91,14.0966,392.478,9688.22,14.0966,445.417,12187.5,14.0966,505.339,15327.7,14.0966,573.165,19271.6,14.0966,649.938,24222,14.0966,736.839,30430.9,14.0966,835.202,38211.5,14.0966,946.539,47950.3,14.0966,1072.56,60122.8,14.0966,1215.21,75309.9,14.0966,1376.66,94216.2,14.0966,1559.41,117688,14.0966,1766.26,146729,14.0966,2000.39,182510,14.0966,2265.39,226372,14.0966,2565.33,279806,14.0966,2904.81,344416,14.0966,3289.05,421845,14.0966,3723.93,513667,14.0966,4216.13,621231,14.0966,4773.18,745478,14.0966,5403.64,886744,14.0966,6117.15,1.04457e+06,14.0966,6924.63,1.2176e+06,14.0966,11.7194,11.96,12.6541,13.9321,16.1295,13.6434,16.6097,21.9702,13.9553,19.7532,29.5285,14.0526,23.3844,39.1143,14.0829,27.5423,51.2054,14.0923,32.2796,66.434,14.0953,37.662,85.6061,14.0962,43.7675,109.74,14.0965,50.687,140.119,14.0966,58.5249,178.359,14.0966,67.4005,226.493,14.0966,77.4493,287.08,14.0966,88.8254,363.343,14.0966,101.703,459.336,14.0966,116.281,580.161,14.0966,132.782,732.241,14.0966,151.46,923.655,14.0966,172.603,1164.57,14.0966,196.535,1467.79,14.0966,223.625,1849.39,14.0966,254.288,2329.62,14.0966,288.997,2933.93,14.0966,328.285,3694.33,14.0966,372.755,4651.04,14.0966,423.092,5854.57,14.0966,480.07,7368.38,14.0966,544.564,9272.08,14.0966,617.566,11665.5,14.0966,700.197,14673.6,14.0966,793.729,18452.9,14.0966,899.599,23198.6,14.0966,1019.43,29154.1,14.0966,1155.07,36622.3,14.0966,1308.6,45977.9,14.0966,1482.39,57683.7,14.0966,1679.09,72307.8,14.0966,1901.73,90542.8,14.0966,2153.73,113226,14.0966,2438.97,141360,14.0966,2761.81,176127,14.0966,3127.22,218898,14.0966,3540.81,271226,14.0966,4008.92,334817,14.0966,4538.74,411470,14.0966,5138.38,502973,14.0966,5817.04,610948,14.0966,6585.12,736653,14.0966,7454.39,880741,14.0966,8438.15,1.04302e+06,14.0966,9551.45,1.22224e+06,14.0966,10811.3,1.41602e+06,14.0966,12237,1.62086e+06,14.0966,11.7194,11.96,12.6541,2.21263,4.16949,0.989383,2.67766,5.84076,0.311842,3.14343,7.55825,0.0972771,3.63127,9.58578,0.0303237,4.15787,12.0912,0.00945211,4.73731,15.2286,0.00294633,5.38238,19.1721,0.000918508,6.10553,24.134,0.000286163,6.91951,30.3791,8.92692e-05,7.83792,38.2397,2.78121e-05,8.87555,48.1338,8.65134e-06,10.0489,60.5876,2.7882e-06,11.3761,76.2629,8.29036e-07,12.8779,95.9927,2.4373e-07,14.5775,120.825,4.33068e-09,16.5012,152.08,1.75749e-07,18.6784,191.415,-1.86328e-07,21.1428,240.917,1.91829e-07,23.9322,303.213,-1.81475e-07,27.0895,381.602,7.0186e-08,30.6634,480.231,-2.86769e-08,34.7087,604.316,2.40784e-07,39.2876,760.401,9.87368e-08,44.4705,956.705,1.22263e-07,50.3371,1203.54,-4.31966e-07,56.9776,1513.81,-1.9705e-07,64.494,1903.69,-2.763e-08,73.0018,2393.4,3.9185e-07,82.6317,3008.13,1.35379e-07,93.5318,3779.25,-4.16351e-08,105.869,4745.7,2.06965e-08,119.834,5955.6,-3.18887e-07,135.641,7468.12,-1.48271e-08,153.531,9355.62,2.00739e-07,173.781,11705.8,2.28358e-07,196.701,14624.1,-1.93587e-08,222.642,18235,-2.88101e-07,252.003,22683.4,-2.24732e-07,285.234,28134,8.56806e-09,322.845,34767,2.34258e-07,365.413,42770.9,2.99668e-07,413.588,52327.9,8.28644e-08,468.111,63591.2,-3.07049e-07,529.814,76653.2,-3.1888e-07,599.642,91502.5,-6.72276e-08,678.662,107975,2.26339e-07,768.083,125705,3.69212e-07,869.267,144088,2.04077e-07,983.76,162277,-2.80509e-07,1113.3,179223,-4.22737e-07,1259.87,193777,-1.71951e-07,1425.68,204839,4.55555e-07,11.7194,11.96,12.6541,2.21263,4.16949,0.989383,2.67766,5.84076,0.311842,3.14343,7.55825,0.0972771,3.63127,9.58578,0.0303237,4.15787,12.0912,0.00945211,4.73731,15.2286,0.00294633,5.38238,19.1721,0.000918508,6.10553,24.134,0.000286163,6.91951,30.3791,8.92692e-05,7.83792,38.2397,2.78121e-05,8.87555,48.1338,8.65134e-06,10.0489,60.5876,2.7882e-06,11.3761,76.2629,8.29036e-07,12.8779,95.9927,2.4373e-07,14.5775,120.825,1e-08,16.5012,152.08,1.75749e-07,18.6784,191.415,1e-08,21.1428,240.917,1.91829e-07,23.9322,303.213,1e-08,27.0895,381.602,7.0186e-08,30.6634,480.231,1e-08,34.7087,604.316,2.40784e-07,39.2876,760.401,9.87368e-08,44.4705,956.705,1.22263e-07,50.3371,1203.54,1e-08,56.9776,1513.81,1e-08,64.494,1903.69,1e-08,73.0018,2393.4,3.9185e-07,82.6317,3008.13,1.35379e-07,93.5318,3779.25,1e-08,105.869,4745.7,2.06965e-08,119.834,5955.6,1e-08,135.641,7468.12,1e-08,153.531,9355.62,2.00739e-07,173.781,11705.8,2.28358e-07,196.701,14624.1,1e-08,222.642,18235,1e-08,252.003,22683.4,1e-08,285.234,28134,1e-08,322.845,34767,2.34258e-07,365.413,42770.9,2.99668e-07,413.588,52327.9,8.28644e-08,468.111,63591.2,1e-08,529.814,76653.2,1e-08,599.642,91502.5,1e-08,678.662,107975,2.26339e-07,768.083,125705,3.69212e-07,869.267,144088,2.04077e-07,983.76,162277,1e-08,1113.3,179223,1e-08,1259.87,193777,1e-08,1425.68,204839,4.55555e-07,6.2823,3.27286,2.43537,0.219672,6.18826,2.24117,0.56371,6.87772,2.63624,0.308279,7,20,8,0,2,0,1,4,0,3,6,0,0,6,0,6,3,0,6,13,0,3,23,0,3,26,0,7,13,0,5,26,0,16,51,0,25,20,0,9,62,0,15,88,0,2,136,0,24,150,0,23,222,0,35,235,0,22,349,0,22,444,0,29,804,0,17,751,0,38,1076,0,12,441,0,76,1200,0,43,1056,0,50,2174,0,67,1898,0,84,5630,0,125,5488,0,46,6332,0,88,15088,0,118,10930,0,55,8177,0,102,18782,0,293,12669,0,368,8007,0,421,18786,0,380,30786,0,444,48598,0,328,63130,0,111,40768,0,602,52512,0,572,60932,0,735,50428,0,1227,165503,0,510,51554,0,413,89695,0,910,108196,0,1235,111280,0,1167,165484,0,2524,220589,0
-1.05176e+08,9.49891e-51,8.88811e-15,10,1023,0,1.05176e+08,0.528882,1.08665,0.389689,0.145397,0.379329,3.24381,0.161596,0.446195,1.77396,0.159177,1.15e+07,4.49998e+06,6.79999e+06,1.15e+07,4.49997e+06,6.79999e+06,1.15e+07,4.49996e+06,6.79999e+06,1.15e+07,4.49995e+06,6.79999e+06,1.14999e+07,4.49993e+06,6.79999e+06,1.14999e+07,4.49991e+06,6.79999e+06,1.14999e+07,4.49989e+06,6.79999e+06,1.14999e+07,4.49986e+06,6.79999e+06,1.14999e+07,4.49982e+06,6.79999e+06,1.14999e+07,4.49977e+06,6.79999e+06,1.14999e+07,4.49971e+06,6.79999e+06,1.14999e+07,4.49963e+06,6.79999e+06,1.14998e+07,4.49953e+06,6.79999e+06,1.14998e+07,4.49941e+06,6.79999e+06,1.14998e+07,4.49926e+06,6.79999e+06,1.14998e+07,4.49906e+06,6.79999e+06,1.14997e+07,4.49882e+06,6.79999e+06,1.14997e+07,4.49851e+06,6.79999e+06,1.14997e+07,4.49812e+06,6.79999e+06,1.14996e+07,4.49764e+06,6.79999e+06,1.14996e+07,4.49702e+06,6.79999e+06,1.14995e+07,4.49625e+06,6.79999e+06,1.14995e+07,4.49528e+06,6.79999e+06,1.14994e+07,4.49406e+06,6.79999e+06,1.14993e+07,4.49253e+06,6.79999e+06,1.14992e+07,4.49059e+06,6.79999e+06,1.14991e+07,4.48817e+06,6.79999e+06,1.1499e+07,4.48511e+06,6.79999e+06,1.14988e+07,4.48128e+06,6.79999e+06,1.14987e+07,4.47646e+06,6.79999e+06,1.14985e+07,4.47041e+06,6.79999e+06,1.14983e+07,4.46281e+06,6.79999e+06,1.14981e+07,4.4533e+06,6.79999e+06,1.14979e+07,4.44138e+06,6.79999e+06,1.14976e+07,4.42649e+06,6.79999e+06,1.14972e+07,4.40789e+06,6.79999e+06,1.14969e+07,4.38471e+06,6.79999e+06,1.14965e+07,4.35592e+06,6.79999e+06,1.1496e+07,4.32027e+06,6.79999e+06,1.14955e+07,4.27629e+06,6.79999e+06,1.14949e+07,4.22231e+06,6.79999e+06,1.14942e+07,4.15647e+06,6.79999e+06,1.14934e+07,4.07676e+06,6.79999e+06,1.14926e+07,3.98112e+06,6.79999e+06,1.14916e+07,3.86765e+06,6.79999e+06,1.14905e+07,3.73474e+06,6.79999e+06,1.14892e+07,3.58148e+06,6.79999e+06,1.14878e+07,3.40785e+06,6.79999e+06,1.14862e+07,3.21513e+06,6.79999e+06,1.14844e+07,3.00605e+06,6.79999e+06,1.14823e+07,2.7848e+06,6.79999e+06,1.148e+07,2.5568e+06,6.79999e+06,1.14773e+07,2.32825e+06,6.79999e+06,13.5742,8.52444,0.508366,16.8306,13.2585,0.162638,20.0035,17.569,0.0507846,23.2616,22.4214,0.0158319,26.7328,28.3297,0.00493498,30.5212,35.6974,0.00153831,34.7178,44.9473,0.000479527,39.4086,56.5822,0.000149456,44.6796,71.2245,4.66214e-05,50.6209,89.6543,1.45419e-05,57.3297,112.852,4.54748e-06,64.9129,142.051,1.43857e-06,73.4897,178.803,4.36618e-07,83.1934,225.062,1.40153e-07,94.1745,283.286,4.96378e-08,106.602,356.568,1.05434e-07,120.669,448.799,-6.49244e-08,136.59,564.873,1.70148e-07,154.611,710.948,-5.34594e-08,175.008,894.767,1.63407e-07,198.097,1126.06,8.04804e-08,224.231,1417.07,1.14667e-07,253.813,1783.15,-1.71227e-07,287.297,2243.62,-2.88466e-07,325.198,2822.67,-4.33651e-07,368.098,3550.67,7.9318e-08,416.657,4465.65,3.13319e-07,471.621,5615.16,3.4613e-07,533.835,7058.61,-1.19199e-07,604.255,8870.02,-2.79964e-07,683.962,11141.4,-2.30521e-07,774.182,13986.7,-2.55099e-07,876.299,17546.4,1.23585e-07,991.883,21993.1,1.41192e-07,1122.71,27536.7,-9.71886e-08,1270.78,34430.7,-3.68368e-07,1438.38,42977.7,-3.45379e-07,1628.07,53532.7,-3.25328e-09,1842.77,66504.6,2.6362e-07,2085.77,82350.2,2.53445e-07,2360.79,101560,-2.47407e-08,2672.05,124632,-3.80602e-07,3024.31,152018,-4.79005e-07,3422.98,184060,-1.14379e-07,3874.15,220884,2.64297e-07,4384.72,262283,3.44131e-07,4962.49,307576,7.5349e-08,5616.29,355497,-3.63097e-07,6356.1,404126,-6.05442e-07,7193.18,450932,-2.72333e-07,8140.28,492963,2.29675e-07,9211.79,527178,4.3387e-07,10424,550893,-1.0711e-07,10.102,8.06553,2.81012,10.6436,8.57909,0.869423,11.5336,10.2515,0.270869,12.7211,12.7138,0.0844293,14.1823,15.9373,0.0263173,15.9122,20.0383,0.0082035,17.9198,25.2154,0.00255722,20.2244,31.7373,0.000797017,22.8539,39.9486,0.000248622,25.8438,50.2851,7.75492e-05,29.237,63.2963,2.42508e-05,33.0837,79.6738,7.67162e-06,37.4415,100.288,2.32837e-06,42.3767,126.236,7.33e-07,47.9646,158.896,2.79256e-07,54.2906,200.003,9.87351e-09,61.452,251.741,1.61085e-07,69.5585,316.859,-2.47141e-07,78.7347,398.812,8.93552e-08,89.1218,501.948,-2.53231e-07,100.879,631.736,-1.25047e-07,114.188,795.049,-1.78808e-07,129.252,1000.53,2.6733e-07,146.304,1259.03,4.50292e-07,165.605,1584.19,6.76904e-07,187.452,1993.12,-1.23808e-07,212.181,2507.27,-4.89068e-07,240.173,3153.54,-5.40284e-07,271.856,3965.56,1.86061e-07,307.719,4985.38,4.37004e-07,348.313,6265.4,3.59828e-07,394.26,7870.83,3.98192e-07,446.268,9882.51,-1.92908e-07,505.135,12400.3,-2.20392e-07,571.766,15546.9,1.51705e-07,647.184,19472.2,5.74996e-07,732.547,24357.4,5.39112e-07,829.167,30420,5.07815e-09,938.526,37916.3,-4.11492e-07,1062.3,47143.9,-3.9561e-07,1202.4,58439.2,3.86185e-08,1360.96,72169.3,5.94093e-07,1540.42,88715.8,7.47693e-07,1743.53,108445,1.78537e-07,1973.41,131665,-4.12549e-07,2233.57,158557,-5.37164e-07,2528,189103,-1.17615e-07,2861.2,222986,5.66769e-07,3238.27,259510,9.45053e-07,3664.97,297540,4.25093e-07,4147.81,335497,-3.58506e-07,4694.17,371444,-6.7724e-07,5312.37,403256,1.67192e-07,1.61744,3.89446,9.84394,3.28846,7.5504,12.774,5.07607,11.7187,13.6844,7.03202,16.8147,13.9681,9.20215,23.1769,14.0566,11.6301,31.1672,14.0841,14.3598,41.2186,14.0927,17.4376,53.8688,14.0954,20.9137,69.7915,14.0962,24.8432,89.8341,14.0965,29.2879,115.063,14.0966,34.3168,146.819,14.0966,40.0078,186.792,14.0966,46.4487,237.107,14.0966,53.7388,300.44,14.0966,61.9903,380.158,14.0966,71.3301,480.499,14.0966,81.902,606.796,14.0966,93.8685,765.761,14.0966,107.414,965.837,14.0966,122.746,1217.65,14.0966,140.101,1534.57,14.0966,159.745,1933.41,14.0966,181.981,2435.3,14.0966,207.15,3066.85,14.0966,235.64,3861.46,14.0966,267.889,4861.11,14.0966,304.391,6118.54,14.0966,345.709,7699.91,14.0966,392.478,9688.22,14.0966,445.417,12187.5,14.0966,505.339,15327.7,14.0966,573.165,19271.6,14.0966,649.938,24222,14.0966,736.839,30430.9,14.0966,835.202,38211.5,14.0966,946.539,47950.3,14.0966,1072.56,60122.8,14.0966,1215.21,75309.9,14.0966,1376.66,94216.2,14.0966,1559.41,117688,14.0966,1766.26,146729,14.0966,2000.39,182510,14.0966,2265.39,226372,14.0966,2565.33,279806,14.0966,2904.81,344416,14.0966,3289.05,421845,14.0966,3723.93,513667,14.0966,4216.13,621231,14.0966,4773.18,745478,14.0966,5403.64,886744,14.0966,6117.15,1.04457e+06,14.0966,6924.63,1.2176e+06,14.0966,11.7194,11.96,12.6541,13.9321,16.1295,13.6434,16.6097,21.9702,13.9553,19.7532,29.5285,14.0526,23.3844,39.1143,14.0829,27.5423,51.2054,14.0923,32.2796,66.434,14.0953,37.662,85.6061,14.0962,43.7675,109.74,14.0965,50.687,140.119,14.0966,58.5249,178.359,14.0966,67.4005,226.493,14.0966,77.4493,287.08,14.0966,88.8254,363.343,14.0966,101.703,459.336,14.0966,116.281,580.161,14.0966,132.782,732.241,14.0966,151.46,923.655,14.0966,172.603,1164.57,14.0966,196.535,1467.79,14.0966,223.625,1849.39,14.0966,254.288,2329.62,14.0966,288.997,2933.93,14.0966,328.285,3694.33,14.0966,372.755,4651.04,14.0966,423.092,5854.57,14.0966,480.07,7368.38,14.0966,544.564,9272.08,14.0966,617.566,11665.5,14.0966,700.197,14673.6,14.0966,793.729,18452.9,14.0966,899.599,23198.6,14.0966,1019.43,29154.1,14.0966,1155.07,36622.3,14.0966,1308.6,45977.9,14.0966,1482.39,57683.7,14.0966,1679.09,72307.8,14.0966,1901.73,90542.8,14.0966,2153.73,113226,14.0966,2438.97,141360,14.0966,2761.81,176127,14.0966,3127.22,218898,14.0966,3540.81,271226,14.0966,4008.92,334817,14.0966,4538.74,411470,14.0966,5138.38,502973,14.0966,5817.04,610948,14.0966,6585.12,736653,14.0966,7454.39,880741,14.0966,8438.15,1.04302e+06,14.0966,9551.45,1.22224e+06,14.0966,10811.3,1.41602e+06,14.0966,12237,1.62086e+06,14.0966,11.7194,11.96,12.6541,2.21263,4.16949,0.989383,2.67766,5.84076,0.311842,3.14343,7.55825,0.0972771,3.63127,9.58578,0.0303237,4.15787,12.0912,0.00945211,4.73731,15.2286,0.00294633,5.38238,19.1721,0.000918508,6.10553,24.134,0.000286163,6.91951,30.3791,8.92692e-05,7.83792,38.2397,2.78121e-05,8.87555,48.1338,8.65134e-06,10.0489,60.5876,2.7882e-06,11.3761,76.2629,8.29036e-07,12.8779,95.9927,2.4373e-07,14.5775,120.825,4.33068e-09,16.5012,152.08,1.75749e-07,18.6784,191.415,-1.86328e-07,21.1428,240.917,1.91829e-07,23.9322,303.213,-1.81475e-07,27.0895,381.602,7.0186e-08,30.6634,480.231,-2.86769e-08,34.7087,604.316,2.40784e-07,39.2876,760.401,9.87368e-08,44.4705,956.705,1.22263e-07,50.3371,1203.54,-4.31966e-07,56.9776,1513.81,-1.9705e-07,64.494,1903.69,-2.763e-08,73.0018,2393.4,3.9185e-07,82.6317,3008.13,1.35379e-07,93.5318,3779.25,-4.16351e-08,105.869,4745.7,2.06965e-08,119.834,5955.6,-3.18887e-07,135.641,7468.12,-1.48271e-08,153.531,9355.62,2.00739e-07,173.781,11705.8,2.28358e-07,196.701,14624.1,-1.93587e-08,222.642,18235,-2.88101e-07,252.003,22683.4,-2.24732e-07,285.234,28134,8.56806e-09,322.845,34767,2.34258e-07,365.413,42770.9,2.99668e-07,413.588,52327.9,8.28644e-08,468.111,63591.2,-3.07049e-07,529.814,76653.2,-3.1888e-07,599.642,91502.5,-6.72276e-08,678.662,107975,2.26339e-07,768.083,125705,3.69212e-07,869.267,144088,2.04077e-07,983.76,162277,-2.80509e-07,1113.3,179223,-4.22737e-07,1259.87,193777,-1.71951e-07,1425.68,204839,4.55555e-07,11.7194,11.96,12.6541,2.21263,4.16949,0.989383,2.67766,5.84076,0.311842,3.14343,7.55825,0.0972771,3.63127,9.58578,0.0303237,4.15787,12.0912,0.00945211,4.73731,15.2286,0.00294633,5.38238,19.1721,0.000918508,6.10553,24.134,0.000286163,6.91951,30.3791,8.92692e-05,7.83792,38.2397,2.78121e-05,8.87555,48.1338,8.65134e-06,10.0489,60.5876,2.7882e-06,11.3761,76.2629,8.29036e-07,12.8779,95.9927,2.4373e-07,14.5775,120.825,1e-08,16.5012,152.08,1.75749e-07,18.6784,191.415,1e-08,21.1428,240.917,1.91829e-07,23.9322,303.213,1e-08,27.0895,381.602,7.0186e-08,30.6634,480.231,1e-08,34.7087,604.316,2.40784e-07,39.2876,760.401,9.87368e-08,44.4705,956.705,1.22263e-07,50.3371,1203.54,1e-08,56.9776,1513.81,1e-08,64.494,1903.69,1e-08,73.0018,2393.4,3.9185e-07,82.6317,3008.13,1.35379e-07,93.5318,3779.25,1e-08,105.869,4745.7,2.06965e-08,119.834,5955.6,1e-08,135.641,7468.12,1e-08,153.531,9355.62,2.00739e-07,173.781,11705.8,2.28358e-07,196.701,14624.1,1e-08,222.642,18235,1e-08,252.003,22683.4,1e-08,285.234,28134,1e-08,322.845,34767,2.34258e-07,365.413,42770.9,2.99668e-07,413.588,52327.9,8.28644e-08,468.111,63591.2,1e-08,529.814,76653.2,1e-08,599.642,91502.5,1e-08,678.662,107975,2.26339e-07,768.083,125705,3.69212e-07,869.267,144088,2.04077e-07,983.76,162277,1e-08,1113.3,179223,1e-08,1259.87,193777,1e-08,1425.68,204839,4.55555e-07,6.2823,3.27286,2.43537,0.219672,6.18826,2.24117,0.56371,6.87772,2.63624,0.308279,11,18,19,1,7,0,2,8,0,2,10,0,6,2,0,2,10,0,6,10,0,8,26,0,3,43,0,7,40,0,9,58,0,12,22,0,7,59,0,11,118,0,14,130,0,9,119,0,24,294,0,5,201,0,33,214,0,13,439,0,37,133,0,43,1006,0,41,205,0,70,449,0,23,643,0,61,638,0,34,1073,0,93,1846,0,44,3230,0,77,1456,0,78,3144,0,183,6274,0,68,4194,0,135,2153,0,111,11928,0,159,7187,0,99,17708,0,372,14765,0,304,51378,0,194,22065,0,149,20384,0,336,58959,0,181,42558,0,621,25772,0,421,80076,0,372,102655,0,590,155118,0,1166,102488,0,748,79726,0,405,165009,0,1535,149635,0,2112,202468,0,1448,201515,0
-1.05176e+08,1,8.88811e-15,10,1023,0,1.05176e+08,0.528882,1.08665,0.389689,0.145397,0.379329,3.24381,0.161596,0.446195,1.77396,0.159177,1.15e+07,4.49998e+06,6.79999e+06,1.15e+07,4.49997e+06,6.79999e+06,1.15e+07,4.49996e+06,6.79999e+06,1.15e+07,4.49995e+06,6.79999e+06,1.14999e+07,4.49993e+06,6.79999e+06,1.14999e+07,4.49991e+06,6.79999e+06,1.14999e+07,4.49989e+06,6.79999e+06,1.14999e+07,4.49986e+06,6.79999e+06,1.14999e+07,4.49982e+06,6.79999e+06,1.14999e+07,4.49977e+06,6.79999e+06,1.14999e+07,4.49971e+06,6.79999e+06,1.14999e+07,4.49963e+06,6.79999e+06,1.14998e+07,4.49953e+06,6.79999e+06,1.14998e+07,4.49941e+06,6.79999e+06,1.14998e+07,4.49926e+06,6.79999e+06,1.14998e+07,4.49906e+06,6.79999e+06,1.14997e+07,4.49882e+06,6.79999e+06,1.14997e+07,4.49851e+06,6.79999e+06,1.14997e+07,4.49812e+06,6.79999e+06,1.14996e+07,4.49764e+06,6.79999e+06,1.14996e+07,4.49702e+06,6.79999e+06,1.14995e+07,4.49625e+06,6.79999e+06,1.14995e+07,4.49528e+06,6.79999e+06,1.14994e+07,4.49406e+06,6.79999e+06,1.14993e+07,4.49253e+06,6.79999e+06,1.14992e+07,4.49059e+06,6.79999e+06,1.14991e+07,4.48817e+06,6.79999e+06,1.1499e+07,4.48511e+06,6.79999e+06,1.14988e+07,4.48128e+06,6.79999e+06,1.14987e+07,4.47646e+06,6.79999e+06,1.14985e+07,4.47041e+06,6.79999e+06,1.14983e+07,4.46281e+06,6.79999e+06,1.14981e+07,4.4533e+06,6.79999e+06,1.14979e+07,4.44138e+06,6.79999e+06,1.14976e+07,4.42649e+06,6.79999e+06,1.14972e+07,4.40789e+06,6.79999e+06,1.14969e+07,4.38471e+06,6.79999e+06,1.14965e+07,4.35592e+06,6.79999e+06,1.1496e+07,4.32027e+06,6.79999e+06,1.14955e+07,4.27629e+06,6.79999e+06,1.14949e+07,4.22231e+06,6.79999e+06,1.14942e+07,4.15647e+06,6.79999e+06,1.14934e+07,4.07676e+06,6.79999e+06,1.14926e+07,3.98112e+06,6.79999e+06,1.14916e+07,3.86765e+06,6.79999e+06,1.14905e+07,3.73474e+06,6.79999e+06,1.14892e+07,3.58148e+06,6.79999e+06,1.14878e+07,3.40785e+06,6.79999e+06,1.14862e+07,3.21513e+06,6.79999e+06,1.14844e+07,3.00605e+06,6.79999e+06,1.14823e+07,2.7848e+06,6.79999e+06,1.148e+07,2.5568e+06,6.79999e+06,1.14773e+07,2.32825e+06,6.79999e+06,13.5742,8.52444,0.508366,16.8306,13.2585,0.162638,20.0035,17.569,0.0507846,23.2616,22.4214,0.0158319,26.7328,28.3297,0.00493498,30.5212,35.6974,0.00153831,34.7178,44.9473,0.000479527,39.4086,56.5822,0.000149456,44.6796,71.2245,4.66214e-05,50.6209,89.6543,1.45419e-05,57.3297,112.852,4.54748e-06,64.9129,142.051,1.43857e-06,73.4897,178.803,4.36618e-07,83.1934,225.062,1.40153e-07,94.1745,283.286,4.96378e-08,106.602,356.568,1.05434e-07,120.669,448.799,-6.49244e-08,136.59,564.873,1.70148e-07,154.611,710.948,-5.34594e-08,175.008,894.767,1.63407e-07,198.097,1126.06,8.04804e-08,224.231,1417.07,1.14667e-07,253.813,1783.15,-1.71227e-07,287.297,2243.62,-2.88466e-07,325.198,2822.67,-4.33651e-07,368.098,3550.67,7.9318e-08,416.657,4465.65,3.13319e-07,471.621,5615.16,3.4613e-07,533.835,7058.61,-1.19199e-07,604.255,8870.02,-2.79964e-07,683.962,11141.4,-2.30521e-07,774.182,13986.7,-2.55099e-07,876.299,17546.4,1.23585e-07,991.883,21993.1,1.41192e-07,1122.71,27536.7,-9.71886e-08,1270.78,34430.7,-3.68368e-07,1438.38,42977.7,-3.45379e-07,1628.07,53532.7,-3.25328e-09,1842.77,66504.6,2.6362e-07,2085.77,82350.2,2.53445e-07,2360.79,101560,-2.47407e-08,2672.05,124632,-3.80602e-07,3024.31,152018,-4.79005e-07,3422.98,184060,-1.14379e-07,3874.15,220884,2.64297e-07,4384.72,262283,3.44131e-07,4962.49,307576,7.5349e-08,5616.29,355497,-3.63097e-07,6356.1,404126,-6.05442e-07,7193.18,450932,-2.72333e-07,8140.28,492963,2.29675e-07,9211.79,527178,4.3387e-07,10424,550893,-1.0711e-07,10.102,8.06553,2.81012,10.6436,8.57909,0.869423,11.5336,10.2515,0.270869,12.7211,12.7138,0.0844293,14.1823,15.9373,0.0263173,15.9122,20.0383,0.0082035,17.9198,25.2154,0.00255722,20.2244,31.7373,0.000797017,22.8539,39.9486,0.000248622,25.8438,50.2851,7.75492e-05,29.237,63.2963,2.42508e-05,33.0837,79.6738,7.67162e-06,37.4415,100.288,2.32837e-06,42.3767,126.236,7.33e-07,47.9646,158.896,2.79256e-07,54.2906,200.003,9.87351e-09,61.452,251.741,1.61085e-07,69.5585,316.859,-2.47141e-07,78.7347,398.812,8.93552e-08,89.1218,501.948,-2.53231e-07,100.879,631.736,-1.25047e-07,114.188,795.049,-1.78808e-07,129.252,1000.53,2.6733e-07,146.304,1259.03,4.50292e-07,165.605,1584.19,6.76904e-07,187.452,1993.12,-1.23808e-07,212.181,2507.27,-4.89068e-07,240.173,3153.54,-5.40284e-07,271.856,3965.56,1.86061e-07,307.719,4985.38,4.37004e-07,348.313,6265.4,3.59828e-07,394.26,7870.83,3.98192e-07,446.268,9882.51,-1.92908e-07,505.135,12400.3,-2.20392e-07,571.766,15546.9,1.51705e-07,647.184,19472.2,5.74996e-07,732.547,24357.4,5.39112e-07,829.167,30420,5.07815e-09,938.526,37916.3,-4.11492e-07,1062.3,47143.9,-3.9561e-07,1202.4,58439.2,3.86185e-08,1360.96,72169.3,5.94093e-07,1540.42,88715.8,7.47693e-07,1743.53,108445,1.78537e-07,1973.41,131665,-4.12549e-07,2233.57,158557,-5.37164e-07,2528,189103,-1.17615e-07,2861.2,222986,5.66769e-07,3238.27,259510,9.45053e-07,3664.97,297540,4.25093e-07,4147.81,335497,-3.58506e-07,4694.17,371444,-6.7724e-07,5312.37,403256,1.67192e-07,1.61744,3.89446,9.84394,3.28846,7.5504,12.774,5.07607,11.7187,13.6844,7.03202,16.8147,13.9681,9.20215,23.1769,14.0566,11.6301,31.1672,14.0841,14.3598,41.2186,14.0927,17.4376,53.8688,14.0954,20.9137,69.7915,14.0962,24.8432,89.8341,14.0965,29.2879,115.063,14.0966,34.3168,146.819,14.0966,40.0078,186.792,14.0966,46.4487,237.107,14.0966,53.7388,300.44,14.0966,61.9903,380.158,14.0966,71.3301,480.499,14.0966,81.902,606.796,14.0966,93.8685,765.761,14.0966,107.414,965.837,14.0966,122.746,1217.65,14.0966,140.101,1534.57,14.0966,159.745,1933.41,14.0966,181.981,2435.3,14.0966,207.15,3066.85,14.0966,235.64,3861.46,14.0966,267.889,4861.11,14.0966,304.391,6118.54,14.0966,345.709,7699.91,14.0966,392.478,9688.22,14.0966,445.417,12187.5,14.0966,505.339,15327.7,14.0966,573.165,19271.6,14.0966,649.938,24222,14.0966,736.839,30430.9,14.0966,835.202,38211.5,14.0966,946.539,47950.3,14.0966,1072.56,60122.8,14.0966,1215.21,75309.9,14.0966,1376.66,94216.2,14.0966,1559.41,117688,14.0966,1766.26,146729,14.0966,2000.39,182510,14.0966,2265.39,226372,14.0966,2565.33,279806,14.0966,2904.81,344416,14.0966,3289.05,421845,14.0966,3723.93,513667,14.0966,4216.13,621231,14.0966,4773.18,745478,14.0966,5403.64,886744,14.0966,6117.15,1.04457e+06,14.0966,6924.63,1.2176e+06,14.0966,11.7194,11.96,12.6541,13.9321,16.1295,13.6434,16.6097,21.9702,13.9553,19.7532,29.5285,14.0526,23.3844,39.1143,14.0829,27.5423,51.2054,14.0923,32.2796,66.434,14.0953,37.662,85.6061,14.0962,43.7675,109.74,14.0965,50.687,140.119,14.0966,58.5249,178.359,14.0966,67.4005,226.493,14.0966,77.4493,287.08,14.0966,88.8254,363.343,14.0966,101.703,459.336,14.0966,116.281,580.161,14.0966,132.782,732.241,14.0966,151.46,923.655,14.0966,172.603,1164.57,14.0966,196.535,1467.79,14.0966,223.625,1849.39,14.0966,254.288,2329.62,14.0966,288.997,2933.93,14.0966,328.285,3694.33,14.0966,372.755,4651.04,14.0966,423.092,5854.57,14.0966,480.07,7368.38,14.0966,544.564,9272.08,14.0966,617.566,11665.5,14.0966,700.197,14673.6,14.0966,793.729,18452.9,14.0966,899.599,23198.6,14.0966,1019.43,29154.1,14.0966,1155.07,36622.3,14.0966,1308.6,45977.9,14.0966,1482.39,57683.7,14.0966,1679.09,72307.8,14.0966,1901.73,90542.8,14.0966,2153.73,113226,14.0966,2438.97,141360,14.0966,2761.81,176127,14.0966,3127.22,218898,14.0966,3540.81,271226,14.0966,4008.92,334817,14.0966,4538.74,411470,14.0966,5138.38,502973,14.0966,5817.04,610948,14.0966,6585.12,736653,14.0966,7454.39,880741,14.0966,8438.15,1.04302e+06,14.0966,9551.45,1.22224e+06,14.0966,10811.3,1.41602e+06,14.0966,12237,1.62086e+06,14.0966,11.7194,11.96,12.6541,2.21263,4.16949,0.989383,2.67766,5.84076,0.311842,3.14343,7.55825,0.0972771,3.63127,9.58578,0.0303237,4.15787,12.0912,0.00945211,4.73731,15.2286,0.00294633,5.38238,19.1721,0.000918508,6.10553,24.134,0.000286163,6.91951,30.3791,8.92692e-05,7.83792,38.2397,2.78121e-05,8.87555,48.1338,8.65134e-06,10.0489,60.5876,2.7882e-06,11.3761,76.2629,8.29036e-07,12.8779,95.9927,2.4373e-07,14.5775,120.825,4.33068e-09,16.5012,152.08,1.75749e-07,18.6784,191.415,-1.86328e-07,21.1428,240.917,1.91829e-07,23.9322,303.213,-1.81475e-07,27.0895,381.602,7.0186e-08,30.6634,480.231,-2.86769e-08,34.7087,604.316,2.40784e-07,39.2876,760.401,9.87368e-08,44.4705,956.705,1.22263e-07,50.3371,1203.54,-4.31966e-07,56.9776,1513.81,-1.9705e-07,64.494,1903.69,-2.763e-08,73.0018,2393.4,3.9185e-07,82.6317,3008.13,1.35379e-07,93.5318,3779.25,-4.16351e-08,105.869,4745.7,2.06965e-08,119.834,5955.6,-3.18887e-07,135.641,7468.12,-1.48271e-08,153.531,9355.62,2.00739e-07,173.781,11705.8,2.28358e-07,196.701,14624.1,-1.93587e-08,222.642,18235,-2.88101e-07,252.003,22683.4,-2.24732e-07,285.234,28134,8.56806e-09,322.845,34767,2.34258e-07,365.413,42770.9,2.99668e-07,413.588,52327.9,8.28644e-08,468.111,63591.2,-3.07049e-07,529.814,76653.2,-3.1888e-07,599.642,91502.5,-6.72276e-08,678.662,107975,2.26339e-07,768.083,125705,3.69212e-07,869.267,144088,2.04077e-07,983.76,162277,-2.80509e-07,1113.3,179223,-4.22737e-07,1259.87,193777,-1.71951e-07,1425.68,204839,4.55555e-07,11.7194,11.96,12.6541,2.21263,4.16949,0.989383,2.67766,5.84076,0.311842,3.14343,7.55825,0.0972771,3.63127,9.58578,0.0303237,4.15787,12.0912,0.00945211,4.73731,15.2286,0.00294633,5.38238,19.1721,0.000918508,6.10553,24.134,0.000286163,6.91951,30.3791,8.92692e-05,7.83792,38.2397,2.78121e-05,8.87555,48.1338,8.65134e-06,10.0489,60.5876,2.7882e-06,11.3761,76.2629,8.29036e-07,12.8779,95.9927,2.4373e-07,14.5775,120.825,1e-08,16.5012,152.08,1.75749e-07,18.6784,191.415,1e-08,21.1428,240.917,1.91829e-07,23.9322,303.213,1e-08,27.0895,381.602,7.0186e-08,30.6634,480.231,1e-08,34.7087,604.316,2.40784e-07,39.2876,760.401,9.87368e-08,44.4705,956.705,1.22263e-07,50.3371,1203.54,1e-08,56.9776,1513.81,1e-08,64.494,1903.69,1e-08,73.0018,2393.4,3.9185e-07,82.6317,3008.13,1.35379e-07,93.5318,3779.25,1e-08,105.869,4745.7,2.06965e-08,119.834,5955.6,1e-08,135.641,7468.12,1e-08,153.531,9355.62,2.00739e-07,173.781,11705.8,2.28358e-07,196.701,14624.1,1e-08,222.642,18235,1e-08,252.003,22683.4,1e-08,285.234,28134,1e-08,322.845,34767,2.34258e-07,365.413,42770.9,2.99668e-07,413.588,52327.9,8.28644e-08,468.111,63591.2,1e-08,529.814,76653.2,1e-08,599.642,91502.5,1e-08,678.662,107975,2.26339e-07,768.083,125705,3.69212e-07,869.267,144088,2.04077e-07,983.76,162277,1e-08,1113.3,179223,1e-08,1259.87,193777,1e-08,1425.68,204839,4.55555e-07,6.2823,3.27286,2.43537,0.219672,6.18826,2.24117,0.56371,6.87772,2.63624,0.308279,4,16,10,1,3,1,7,4,0,6,19,0,2,9,0,2,11,0,3,17,0,0,10,0,9,47,0,8,19,0,11,42,0,6,46,0,8,36,0,10,72,0,14,54,0,18,92,0,22,190,0,8,177,0,24,319,0,12,338,0,37,627,0,19,426,0,25,477,0,30,817,0,95,921,0,62,468,0,15,2605,0,52,1639,0,87,1825,0,75,3636,0,79,4552,0,117,2399,0,141,5053,0,165,9388,0,101,6345,0,192,11250,0,160,11436,0,236,21164,0,315,18319,0,134,29344,0,145,23420,0,441,40205,0,406,47741,0,646,46933,0,288,40108,0,250,63982,0,635,119636,0,657,141024,0,1134,96947,0,1084,136933,0,911,251282,0,1373,354629,0,1573,247715,0
-1.05176e+08,1,8.88811e-15,10,1023,0,1.05176e+08,0.528882,1.08665,0.389689,0.145397,0.379329,3.24381,0.161596,0.446195,1.77396,0.159177,1.15e+07,4.49998e+06,6.79999e+06,1.15e+07,4.49997e+06,6.79999e+06,1.15e+07,4.49996e+06,6.79999e+06,1.15e+07,4.49995e+06,6.79999e+06,1.14999e+07,4.49993e+06,6.79999e+06,1.14999e+07,4.49991e+06,6.79999e+06,1.14999e+07,4.49989e+06,6.79999e+06,1.14999e+07,4.49986e+06,6.79999e+06,1.14999e+07,4.49982e+06,6.79999e+06,1.14999e+07,4.49977e+06,6.79999e+06,1.14999e+07,4.49971e+06,6.79999e+06,1.14999e+07,4.49963e+06,6.79999e+06,1.14998e+07,4.49953e+06,6.79999e+06,1.14998e+07,4.49941e+06,6.79999e+06,1.14998e+07,4.49926e+06,6.79999e+06,1.14998e+07,4.49906e+06,6.79999e+06,1.14997e+07,4.49882e+06,6.79999e+06,1.14997e+07,4.49851e+06,6.79999e+06,1.14997e+07,4.49812e+06,6.79999e+06,1.14996e+07,4.49764e+06,6.79999e+06,1.14996e+07,4.49702e+06,6.79999e+06,1.14995e+07,4.49625e+06,6.79999e+06,1.14995e+07,4.49528e+06,6.79999e+06,1.14994e+07,4.49406e+06,6.79999e+06,1.14993e+07,4.49253e+06,6.79999e+06,1.14992e+07,4.49059e+06,6.79999e+06,1.14991e+07,4.48817e+06,6.79999e+06,1.1499e+07,4.48511e+06,6.79999e+06,1.14988e+07,4.48128e+06,6.79999e+06,1.14987e+07,4.47646e+06,6.79999e+06,1.14985e+07,4.47041e+06,6.79999e+06,1.14983e+07,4.46281e+06,6.79999e+06,1.14981e+07,4.4533e+06,6.79999e+06,1.14979e+07,4.44138e+06,6.79999e+06,1.14976e+07,4.42649e+06,6.79999e+06,1.14972e+07,4.40789e+06,6.79999e+06,1.14969e+07,4.38471e+06,6.79999e+06,1.14965e+07,4.35592e+06,6.79999e+06,1.1496e+07,4.32027e+06,6.79999e+06,1.14955e+07,4.27629e+06,6.79999e+06,1.14949e+07,4.22231e+06,6.79999e+06,1.14942e+07,4.15647e+06,6.79999e+06,1.14934e+07,4.07676e+06,6.79999e+06,1.14926e+07,3.98112e+06,6.79999e+06,1.14916e+07,3.86765e+06,6.79999e+06,1.14905e+07,3.73474e+06,6.79999e+06,1.14892e+07,3.58148e+06,6.79999e+06,1.14878e+07,3.40785e+06,6.79999e+06,1.14862e+07,3.21513e+06,6.79999e+06,1.14844e+07,3.00605e+06,6.79999e+06,1.14823e+07,2.7848e+06,6.79999e+06,1.148e+07,2.5568e+06,6.79999e+06,1.14773e+07,2.32825e+06,6.79999e+06,13.5742,8.52444,0.508366,16.8306,13.2585,0.162638,20.0035,17.569,0.0507846,23.2616,22.4214,0.0158319,26.7328,28.3297,0.00493498,30.5212,35.6974,0.00153831,34.7178,44.9473,0.000479527,39.4086,56.5822,0.000149456,44.6796,71.2245,4.66214e-05,50.6209,89.6543,1.45419e-05,57.3297,112.852,4.54748e-06,64.9129,142.051,1.43857e-06,73.4897,178.803,4.36618e-07,83.1934,225.062,1.40153e-07,94.1745,283.286,4.96378e-08,106.602,356.568,1.05434e-07,120.669,448.799,-6.49244e-08,136.59,564.873,1.70148e-07,154.611,710.948,-5.34594e-08,175.008,894.767,1.63407e-07,198.097,1126.06,8.04804e-08,224.231,1417.07,1.14667e-07,253.813,1783.15,-1.71227e-07,287.297,2243.62,-2.88466e-07,325.198,2822.67,-4.33651e-07,368.098,3550.67,7.9318e-08,416.657,4465.65,3.13319e-07,471.621,5615.16,3.4613e-07,533.835,7058.61,-1.19199e-07,604.255,8870.02,-2.79964e-07,683.962,11141.4,-2.30521e-07,774.182,13986.7,-2.55099e-07,876.299,17546.4,1.23585e-07,991.883,21993.1,1.41192e-07,1122.71,27536.7,-9.71886e-08,1270.78,34430.7,-3.68368e-07,1438.38,42977.7,-3.45379e-07,1628.07,53532.7,-3.25328e-09,1842.77,66504.6,2.6362e-07,2085.77,82350.2,2.53445e-07,2360.79,101560,-2.47407e-08,2672.05,124632,-3.80602e-07,3024.31,152018,-4.79005e-07,3422.98,184060,-1.14379e-07,3874.15,220884,2.64297e-07,4384.72,262283,3.44131e-07,4962.49,307576,7.5349e-08,5616.29,355497,-3.63097e-07,6356.1,404126,-6.05442e-07,7193.18,450932,-2.72333e-07,8140.28,492963,2.29675e-07,9211.79,527178,4.3387e-07,10424,550893,-1.0711e-07,10.102,8.06553,2.81012,10.6436,8.57909,0.869423,11.5336,10.2515,0.270869,12.7211,12.7138,0.0844293,14.1823,15.9373,0.0263173,15.9122,20.0383,0.0082035,17.9198,25.2154,0.00255722,20.2244,31.7373,0.000797017,22.8539,39.9486,0.000248622,25.8438,50.2851,7.75492e-05,29.237,63.2963,2.42508e-05,33.0837,79.6738,7.67162e-06,37.4415,100.288,2.32837e-06,42.3767,126.236,7.33e-07,47.9646,158.896,2.79256e-07,54.2906,200.003,9.87351e-09,61.452,251.741,1.61085e-07,69.5585,316.859,-2.47141e-07,78.7347,398.812,8.93552e-08,89.1218,501.948,-2.53231e-07,100.879,631.736,-1.25047e-07,114.188,795.049,-1.78808e-07,129.252,1000.53,2.6733e-07,146.304,1259.03,4.50292e-07,165.605,1584.19,6.76904e-07,187.452,1993.12,-1.23808e-07,212.181,2507.27,-4.89068e-07,240.173,3153.54,-5.40284e-07,271.856,3965.56,1.86061e-07,307.719,4985.38,4.37004e-07,348.313,6265.4,3.59828e-07,394.26,7870.83,3.98192e-07,446.268,9882.51,-1.92908e-07,505.135,12400.3,-2.20392e-07,571.766,15546.9,1.51705e-07,647.184,19472.2,5.74996e-07,732.547,24357.4,5.39112e-07,829.167,30420,5.07815e-09,938.526,37916.3,-4.11492e-07,1062.3,47143.9,-3.9561e-07,1202.4,58439.2,3.86185e-08,1360.96,72169.3,5.94093e-07,1540.42,88715.8,7.47693e-07,1743.53,108445,1.78537e-07,1973.41,131665,-4.12549e-07,2233.57,158557,-5.37164e-07,2528,189103,-1.17615e-07,2861.2,222986,5.66769e-07,3238.27,259510,9.45053e-07,3664.97,297540,4.25093e-07,4147.81,335497,-3.58506e-07,4694.17,371444,-6.7724e-07,5312.37,403256,1.67192e-07,1.61744,3.89446,9.84394,3.28846,7.5504,12.774,5.07607,11.7187,13.6844,7.03202,16.8147,13.9681,9.20215,23.1769,14.0566,11.6301,31.1672,14.0841,14.3598,41.2186,14.0927,17.4376,53.8688,14.0954,20.9137,69.7915,14.0962,24.8432,89.8341,14.0965,29.2879,115.063,14.0966,34.3168,146.819,14.0966,40.0078,186.792,14.0966,46.4487,237.107,14.0966,53.7388,300.44,14.0966,61.9903,380.158,14.0966,71.3301,480.499,14.0966,81.902,606.796,14.0966,93.8685,765.761,14.0966,107.414,965.837,14.0966,122.746,1217.65,14.0966,140.101,1534.57,14.0966,159.745,1933.41,14.0966,181.981,2435.3,14.0966,207.15,3066.85,14.0966,235.64,3861.46,14.0966,267.889,4861.11,14.0966,304.391,6118.54,14.0966,345.709,7699.91,14.0966,392.478,9688.22,14.0966,445.417,12187.5,14.0966,505.339,15327.7,14.0966,573.165,19271.6,14.0966,649.938,24222,14.0966,736.839,30430.9,14.0966,835.202,38211.5,14.0966,946.539,47950.3,14.0966,1072.56,60122.8,14.0966,1215.21,75309.9,14.0966,1376.66,94216.2,14.0966,1559.41,117688,14.0966,1766.26,146729,14.0966,2000.39,182510,14.0966,2265.39,226372,14.0966,2565.33,279806,14.0966,2904.81,344416,14.0966,3289.05,421845,14.0966,3723.93,513667,14.0966,4216.13,621231,14.0966,4773.18,745478,14.0966,5403.64,886744,14.0966,6117.15,1.04457e+06,14.0966,6924.63,1.2176e+06,14.0966,11.7194,11.96,12.6541,13.9321,16.1295,13.6434,16.6097,21.9702,13.9553,19.7532,29.5285,14.0526,23.3844,39.1143,14.0829,27.5423,51.2054,14.0923,32.2796,66.434,14.0953,37.662,85.6061,14.0962,43.7675,109.74,14.0965,50.687,140.119,14.0966,58.5249,178.359,14.0966,67.4005,226.493,14.0966,77.4493,287.08,14.0966,88.8254,363.343,14.0966,101.703,459.336,14.0966,116.281,580.161,14.0966,132.782,732.241,14.0966,151.46,923.655,14.0966,172.603,1164.57,14.0966,196.535,1467.79,14.0966,223.625,1849.39,14.0966,254.288,2329.62,14.0966,288.997,2933.93,14.0966,328.285,3694.33,14.0966,372.755,4651.04,14.0966,423.092,5854.57,14.0966,480.07,7368.38,14.0966,544.564,9272.08,14.0966,617.566,11665.5,14.0966,700.197,14673.6,14.0966,793.729,18452.9,14.0966,899.599,23198.6,14.0966,1019.43,29154.1,14.0966,1155.07,36622.3,14.0966,1308.6,45977.9,14.0966,1482.39,57683.7,14.0966,1679.09,72307.8,14.0966,1901.73,90542.8,14.0966,2153.73,113226,14.0966,2438.97,141360,14.0966,2761.81,176127,14.0966,3127.22,218898,14.0966,3540.81,271226,14.0966,4008.92,334817,14.0966,4538.74,411470,14.0966,5138.38,502973,14.0966,5817.04,610948,14.0966,6585.12,736653,14.0966,7454.39,880741,14.0966,8438.15,1.04302e+06,14.0966,9551.45,1.22224e+06,14.0966,10811.3,1.41602e+06,14.0966,12237,1.62086e+06,14.0966,11.7194,11.96,12.6541,2.21263,4.16949,0.989383,2.67766,5.84076,0.311842,3.14343,7.55825,0.0972771,3.63127,9.58578,0.0303237,4.15787,12.0912,0.00945211,4.73731,15.2286,0.00294633,5.38238,19.1721,0.000918508,6.10553,24.134,0.000286163,6.91951,30.3791,8.92692e-05,7.83792,38.2397,2.78121e-05,8.87555,48.1338,8.65134e-06,10.0489,60.5876,2.7882e-06,11.3761,76.2629,8.29036e-07,12.8779,95.9927,2.4373e-07,14.5775,120.825,4.33068e-09,16.5012,152.08,1.75749e-07,18.6784,191.415,-1.86328e-07,21.1428,240.917,1.91829e-07,23.9322,303.213,-1.81475e-07,27.0895,381.602,7.0186e-08,30.6634,480.231,-2.86769e-08,34.7087,604.316,2.40784e-07,39.2876,760.401,9.87368e-08,44.4705,956.705,1.22263e-07,50.3371,1203.54,-4.31966e-07,56.9776,1513.81,-1.9705e-07,64.494,1903.69,-2.763e-08,73.0018,2393.4,3.9185e-07,82.6317,3008.13,1.35379e-07,93.5318,3779.25,-4.16351e-08,105.869,4745.7,2.06965e-08,119.834,5955.6,-3.18887e-07,135.641,7468.12,-1.48271e-08,153.531,9355.62,2.00739e-07,173.781,11705.8,2.28358e-07,196.701,14624.1,-1.93587e-08,222.642,18235,-2.88101e-07,252.003,22683.4,-2.24732e-07,285.234,28134,8.56806e-09,322.845,34767,2.34258e-07,365.413,42770.9,2.99668e-07,413.588,52327.9,8.28644e-08,468.111,63591.2,-3.07049e-07,529.814,76653.2,-3.1888e-07,599.642,91502.5,-6.72276e-08,678.662,107975,2.26339e-07,768.083,125705,3.69212e-07,869.267,144088,2.04077e-07,983.76,162277,-2.80509e-07,1113.3,179223,-4.22737e-07,1259.87,193777,-1.71951e-07,1425.68,204839,4.55555e-07,11.7194,11.96,12.6541,2.21263,4.16949,0.989383,2.67766,5.84076,0.311842,3.14343,7.55825,0.0972771,3.63127,9.58578,0.0303237,4.15787,12.0912,0.00945211,4.73731,15.2286,0.00294633,5.38238,19.1721,0.000918508,6.10553,24.134,0.000286163,6.91951,30.3791,8.92692e-05,7.83792,38.2397,2.78121e-05,8.87555,48.1338,8.65134e-06,10.0489,60.5876,2.7882e-06,11.3761,76.2629,8.29036e-07,12.8779,95.9927,2.4373e-07,14.5775,120.825,1e-08,16.5012,152.08,1.75749e-07,18.6784,191.415,1e-08,21.1428,240.917,1.91829e-07,23.9322,303.213,1e-08,27.0895,381.602,7.0186e-08,30.6634,480.231,1e-08,34.7087,604.316,2.40784e-07,39.2876,760.401,9.87368e-08,44.4705,956.705,1.22263e-07,50.3371,1203.54,1e-08,56.9776,1513.81,1e-08,64.494,1903.69,1e-08,73.0018,2393.4,3.9185e-07,82.6317,3008.13,1.35379e-07,93.5318,3779.25,1e-08,105.869,4745.7,2.06965e-08,119.834,5955.6,1e-08,135.641,7468.12,1e-08,153.531,9355.62,2.00739e-07,173.781,11705.8,2.28358e-07,196.701,14624.1,1e-08,222.642,18235,1e-08,252.003,22683.4,1e-08,285.234,28134,1e-08,322.845,34767,2.34258e-07,365.413,42770.9,2.99668e-07,413.588,52327.9,8.28644e-08,468.111,63591.2,1e-08,529.814,76653.2,1e-08,599.642,91502.5,1e-08,678.662,107975,2.26339e-07,768.083,125705,3.69212e-07,869.267,144088,2.04077e-07,983.76,162277,1e-08,1113.3,179223,1e-08,1259.87,193777,1e-08,1425.68,204839,4.55555e-07,6.2823,3.27286,2.43537,0.219672,6.18826,2.24117,0.56371,6.87772,2.63624,0.308279,4,9,8,3,1,0,3,9,0,2,1,0,5,11,0,1,20,0,4,10,0,2,7,0,4,10,0,5,28,0,1,44,0,14,25,0,13,51,0,7,38,0,9,105,0,10,48,0,9,95,0,7,104,0,10,98,0,24,404,0,26,389,0,28,647,0,27,178,0,58,958,0,75,544,0,80,774,0,40,1667,0,57,1919,0,42,1281,0,108,4358,0,65,1228,0,166,2787,0,194,10189,0,119,7212,0,123,6751,0,173,8443,0,253,13829,0,129,27384,0,306,32985,0,257,24357,0,463,28297,0,250,31711,0,598,48775,0,673,46958,0,1140,94490,0,668,128917,0,528,88296,0,793,124516,0,998,148898,0,985,249725,0,598,261007,0,1687,282798,0,966,207026,0
-1.05176e+08,1,8.88811e-15,10,1023,0,1.05176e+08,0.528882,1.08665,0.389689,0.145397,0.379329,3.24381,0.161596,0.446195,1.77396,0.159177,1.15e+07,4.49998e+06,6.79999e+06,1.15e+07,4.49997e+06,6.79999e+06,1.15e+07,4.49996e+06,6.79999e+06,1.15e+07,4.49995e+06,6.79999e+06,1.14999e+07,4.49993e+06,6.79999e+06,1.14999e+07,4.49991e+06,6.79999e+06,1.14999e+07,4.49989e+06,6.79999e+06,1.14999e+07,4.49986e+06,6.79999e+06,1.14999e+07,4.49982e+06,6.79999e+06,1.14999e+07,4.49977e+06,6.79999e+06,1.14999e+07,4.49971e+06,6.79999e+06,1.14999e+07,4.49963e+06,6.79999e+06,1.14998e+07,4.49953e+06,6.79999e+06,1.14998e+07,4.49941e+06,6.79999e+06,1.14998e+07,4.49926e+06,6.79999e+06,1.14998e+07,4.49906e+06,6.79999e+06,1.14997e+07,4.49882e+06,6.79999e+06,1.14997e+07,4.49851e+06,6.79999e+06,1.14997e+07,4.49812e+06,6.79999e+06,1.14996e+07,4.49764e+06,6.79999e+06,1.14996e+07,4.49702e+06,6.79999e+06,1.14995e+07,4.49625e+06,6.79999e+06,1.14995e+07,4.49528e+06,6.79999e+06,1.14994e+07,4.49406e+06,6.79999e+06,1.14993e+07,4.49253e+06,6.79999e+06,1.14992e+07,4.49059e+06,6.79999e+06,1.14991e+07,4.48817e+06,6.79999e+06,1.1499e+07,4.48511e+06,6.79999e+06,1.14988e+07,4.48128e+06,6.79999e+06,1.14987e+07,4.47646e+06,6.79999e+06,1.14985e+07,4.47041e+06,6.79999e+06,1.14983e+07,4.46281e+06,6.79999e+06,1.14981e+07,4.4533e+06,6.79999e+06,1.14979e+07,4.44138e+06,6.79999e+06,1.14976e+07,4.42649e+06,6.79999e+06,1.14972e+07,4.40789e+06,6.79999e+06,1.14969e+07,4.38471e+06,6.79999e+06,1.14965e+07,4.35592e+06,6.79999e+06,1.1496e+07,4.32027e+06,6.79999e+06,1.14955e+07,4.27629e+06,6.79999e+06,1.14949e+07,4.22231e+06,6.79999e+06,1.14942e+07,4.15647e+06,6.79999e+06,1.14934e+07,4.07676e+06,6.79999e+06,1.14926e+07,3.98112e+06,6.79999e+06,1.14916e+07,3.86765e+06,6.79999e+06,1.14905e+07,3.73474e+06,6.79999e+06,1.14892e+07,3.58148e+06,6.79999e+06,1.14878e+07,3.40785e+06,6.79999e+06,1.14862e+07,3.21513e+06,6.79999e+06,1.14844e+07,3.00605e+06,6.79999e+06,1.14823e+07,2.7848e+06,6.79999e+06,1.148e+07,2.5568e+06,6.79999e+06,1.14773e+07,2.32825e+06,6.79999e+06,13.5742,8.52444,0.508366,16.8306,13.2585,0.162638,20.0035,17.569,0.0507846,23.2616,22.4214,0.0158319,26.7328,28.3297,0.00493498,30.5212,35.6974,0.00153831,34.7178,44.9473,0.000479527,39.4086,56.5822,0.000149456,44.6796,71.2245,4.66214e-05,50.6209,89.6543,1.45419e-05,57.3297,112.852,4.54748e-06,64.9129,142.051,1.43857e-06,73.4897,178.803,4.36618e-07,83.1934,225.062,1.40153e-07,94.1745,283.286,4.96378e-08,106.602,356.568,1.05434e-07,120.669,448.799,-6.49244e-08,136.59,564.873,1.70148e-07,154.611,710.948,-5.34594e-08,175.008,894.767,1.63407e-07,198.097,1126.06,8.04804e-08,224.231,1417.07,1.14667e-07,253.813,1783.15,-1.71227e-07,287.297,2243.62,-2.88466e-07,325.198,2822.67,-4.33651e-07,368.098,3550.67,7.9318e-08,416.657,4465.65,3.13319e-07,471.621,5615.16,3.4613e-07,533.835,7058.61,-1.19199e-07,604.255,8870.02,-2.79964e-07,683.962,11141.4,-2.30521e-07,774.182,13986.7,-2.55099e-07,876.299,17546.4,1.23585e-07,991.883,21993.1,1.41192e-07,1122.71,27536.7,-9.71886e-08,1270.78,34430.7,-3.68368e-07,1438.38,42977.7,-3.45379e-07,1628.07,53532.7,-3.25328e-09,1842.77,66504.6,2.6362e-07,2085.77,82350.2,2.53445e-07,2360.79,101560,-2.47407e-08,2672.05,124632,-3.80602e-07,3024.31,152018,-4.79005e-07,3422.98,184060,-1.14379e-07,3874.15,220884,2.64297e-07,4384.72,262283,3.44131e-07,4962.49,307576,7.5349e-08,5616.29,355497,-3.63097e-07,6356.1,404126,-6.05442e-07,7193.18,450932,-2.72333e-07,8140.28,492963,2.29675e-07,9211.79,527178,4.3387e-07,10424,550893,-1.0711e-07,10.102,8.06553,2.81012,10.6436,8.57909,0.869423,11.5336,10.2515,0.270869,12.7211,12.7138,0.0844293,14.1823,15.9373,0.0263173,15.9122,20.0383,0.0082035,17.9198,25.2154,0.00255722,20.2244,31.7373,0.000797017,22.8539,39.9486,0.000248622,25.8438,50.2851,7.75492e-05,29.237,63.2963,2.42508e-05,33.0837,79.6738,7.67162e-06,37.4415,100.288,2.32837e-06,42.3767,126.236,7.33e-07,47.9646,158.896,2.79256e-07,54.2906,200.003,9.87351e-09,61.452,251.741,1.61085e-07,69.5585,316.859,-2.47141e-07,78.7347,398.812,8.93552e-08,89.1218,501.948,-2.53231e-07,100.879,631.736,-1.25047e-07,114.188,795.049,-1.78808e-07,129.252,1000.53,2.6733e-07,146.304,1259.03,4.50292e-07,165.605,1584.19,6.76904e-07,187.452,1993.12,-1.23808e-07,212.181,2507.27,-4.89068e-07,240.173,3153.54,-5.40284e-07,271.856,3965.56,1.86061e-07,307.719,4985.38,4.37004e-07,348.313,6265.4,3.59828e-07,394.26,7870.83,3.98192e-07,446.268,9882.51,-1.92908e-07,505.135,12400.3,-2.20392e-07,571.766,15546.9,1.51705e-07,647.184,19472.2,5.74996e-07,732.547,24357.4,5.39112e-07,829.167,30420,5.07815e-09,938.526,37916.3,-4.11492e-07,1062.3,47143.9,-3.9561e-07,1202.4,58439.2,3.86185e-08,1360.96,72169.3,5.94093e-07,1540.42,88715.8,7.47693e-07,1743.53,108445,1.78537e-07,1973.41,131665,-4.12549e-07,2233.57,158557,-5.37164e-07,2528,189103,-1.17615e-07,2861.2,222986,5.66769e-07,3238.27,259510,9.45053e-07,3664.97,297540,4.25093e-07,4147.81,335497,-3.58506e-07,4694.17,371444,-6.7724e-07,5312.37,403256,1.67192e-07,1.61744,3.89446,9.84394,3.28846,7.5504,12.774,5.07607,11.7187,13.6844,7.03202,16.8147,13.9681,9.20215,23.1769,14.0566,11.6301,31.1672,14.0841,14.3598,41.2186,14.0927,17.4376,53.8688,14.0954,20.9137,69.7915,14.0962,24.8432,89.8341,14.0965,29.2879,115.063,14.0966,34.3168,146.819,14.0966,40.0078,186.792,14.0966,46.4487,237.107,14.0966,53.7388,300.44,14.0966,61.9903,380.158,14.0966,71.3301,480.499,14.0966,81.902,606.796,14.0966,93.8685,765.761,14.0966,107.414,965.837,14.0966,122.746,1217.65,14.0966,140.101,1534.57,14.0966,159.745,1933.41,14.0966,181.981,2435.3,14.0966,207.15,3066.85,14.0966,235.64,3861.46,14.0966,267.889,4861.11,14.0966,304.391,6118.54,14.0966,345.709,7699.91,14.0966,392.478,9688.22,14.0966,445.417,12187.5,14.0966,505.339,15327.7,14.0966,573.165,19271.6,14.0966,649.938,24222,14.0966,736.839,30430.9,14.0966,835.202,38211.5,14.0966,946.539,47950.3,14.0966,1072.56,60122.8,14.0966,1215.21,75309.9,14.0966,1376.66,94216.2,14.0966,1559.41,117688,14.0966,1766.26,146729,14.0966,2000.39,182510,14.0966,2265.39,226372,14.0966,2565.33,279806,14.0966,2904.81,344416,14.0966,3289.05,421845,14.0966,3723.93,513667,14.0966,4216.13,621231,14.0966,4773.18,745478,14.0966,5403.64,886744,14.0966,6117.15,1.04457e+06,14.0966,6924.63,1.2176e+06,14.0966,11.7194,11.96,12.6541,13.9321,16.1295,13.6434,16.6097,21.9702,13.9553,19.7532,29.5285,14.0526,23.3844,39.1143,14.0829,27.5423,51.2054,14.0923,32.2796,66.434,14.0953,37.662,85.6061,14.0962,43.7675,109.74,14.0965,50.687,140.119,14.0966,58.5249,178.359,14.0966,67.4005,226.493,14.0966,77.4493,287.08,14.0966,88.8254,363.343,14.0966,101.703,459.336,14.0966,116.281,580.161,14.0966,132.782,732.241,14.0966,151.46,923.655,14.0966,172.603,1164.57,14.0966,196.535,1467.79,14.0966,223.625,1849.39,14.0966,254.288,2329.62,14.0966,288.997,2933.93,14.0966,328.285,3694.33,14.0966,372.755,4651.04,14.0966,423.092,5854.57,14.0966,480.07,7368.38,14.0966,544.564,9272.08,14.0966,617.566,11665.5,14.0966,700.197,14673.6,14.0966,793.729,18452.9,14.0966,899.599,23198.6,14.0966,1019.43,29154.1,14.0966,1155.07,36622.3,14.0966,1308.6,45977.9,14.0966,1482.39,57683.7,14.0966,1679.09,72307.8,14.0966,1901.73,90542.8,14.0966,2153.73,113226,14.0966,2438.97,141360,14.0966,2761.81,176127,14.0966,3127.22,218898,14.0966,3540.81,271226,14.0966,4008.92,334817,14.0966,4538.74,411470,14.0966,5138.38,502973,14.0966,5817.04,610948,14.0966,6585.12,736653,14.0966,7454.39,880741,14.0966,8438.15,1.04302e+06,14.0966,9551.45,1.22224e+06,14.0966,10811.3,1.41602e+06,14.0966,12237,1.62086e+06,14.0966,11.7194,11.96,12.6541,2.21263,4.16949,0.989383,2.67766,5.84076,0.311842,3.14343,7.55825,0.0972771,3.63127,9.58578,0.0303237,4.15787,12.0912,0.00945211,4.73731,15.2286,0.00294633,5.38238,19.1721,0.000918508,6.10553,24.134,0.000286163,6.91951,30.3791,8.92692e-05,7.83792,38.2397,2.78121e-05,8.87555,48.1338,8.65134e-06,10.0489,60.5876,2.7882e-06,11.3761,76.2629,8.29036e-07,12.8779,95.9927,2.4373e-07,14.5775,120.825,4.33068e-09,16.5012,152.08,1.75749e-07,18.6784,191.415,-1.86328e-07,21.1428,240.917,1.91829e-07,23.9322,303.213,-1.81475e-07,27.0895,381.602,7.0186e-08,30.6634,480.231,-2.86769e-08,34.7087,604.316,2.40784e-07,39.2876,760.401,9.87368e-08,44.4705,956.705,1.22263e-07,50.3371,1203.54,-4.31966e-07,56.9776,1513.81,-1.9705e-07,64.494,1903.69,-2.763e-08,73.0018,2393.4,3.9185e-07,82.6317,3008.13,1.35379e-07,93.5318,3779.25,-4.16351e-08,105.869,4745.7,2.06965e-08,119.834,5955.6,-3.18887e-07,135.641,7468.12,-1.48271e-08,153.531,9355.62,2.00739e-07,173.781,11705.8,2.28358e-07,196.701,14624.1,-1.93587e-08,222.642,18235,-2.88101e-07,252.003,22683.4,-2.24732e-07,285.234,28134,8.56806e-09,322.845,34767,2.34258e-07,365.413,42770.9,2.99668e-07,413.588,52327.9,8.28644e-08,468.111,63591.2,-3.07049e-07,529.814,76653.2,-3.1888e-07,599.642,91502.5,-6.72276e-08,678.662,107975,2.26339e-07,768.083,125705,3.69212e-07,869.267,144088,2.04077e-07,983.76,162277,-2.80509e-07,1113.3,179223,-4.22737e-07,1259.87,193777,-1.71951e-07,1425.68,204839,4.55555e-07,11.7194,11.96,12.6541,2.21263,4.16949,0.989383,2.67766,5.84076,0.311842,3.14343,7.55825,0.0972771,3.63127,9.58578,0.0303237,4.15787,12.0912,0.00945211,4.73731,15.2286,0.00294633,5.38238,19.1721,0.000918508,6.10553,24.134,0.000286163,6.91951,30.3791,8.92692e-05,7.83792,38.2397,2.78121e-05,8.87555,48.1338,8.65134e-06,10.0489,60.5876,2.7882e-06,11.3761,76.2629,8.29036e-07,12.8779,95.9927,2.4373e-07,14.5775,120.825,1e-08,16.5012,152.08,1.75749e-07,18.6784,191.415,1e-08,21.1428,240.917,1.91829e-07,23.9322,303.213,1e-08,27.0895,381.602,7.0186e-08,30.6634,480.231,1e-08,34.7087,604.316,2.40784e-07,39.2876,760.401,9.87368e-08,44.4705,956.705,1.22263e-07,50.3371,1203.54,1e-08,56.9776,1513.81,1e-08,64.494,1903.69,1e-08,73.0018,2393.4,3.9185e-07,82.6317,3008.13,1.35379e-07,93.5318,3779.25,1e-08,105.869,4745.7,2.06965e-08,119.834,5955.6,1e-08,135.641,7468.12,1e-08,153.531,9355.62,2.00739e-07,173.781,11705.8,2.28358e-07,196.701,14624.1,1e-08,222.642,18235,1e-08,252.003,22683.4,1e-08,285.234,28134,1e-08,322.845,34767,2.34258e-07,365.413,42770.9,2.99668e-07,413.588,52327.9,8.28644e-08,468.111,63591.2,1e-08,529.814,76653.2,1e-08,599.642,91502.5,1e-08,678.662,107975,2.26339e-07,768.083,125705,3.69212e-07,869.267,144088,2.04077e-07,983.76,162277,1e-08,1113.3,179223,1e-08,1259.87,193777,1e-08,1425.68,204839,4.55555e-07,6.2823,3.27286,2.43537,0.219672,6.18826,2.24117,0.56371,6.87772,2.63624,0.308279,12,7,16,4,2,1,3,4,0,1,10,0,2,10,0,5,13,0,4,6,0,4,16,0,5,56,0,8,45,0,9,43,0,12,53,0,12,107,0,12,77,0,18,156,0,25,85,0,8,120,0,8,156,0,35,133,0,28,429,0,16,368,0,22,371,0,29,392,0,16,1158,0,38,2005,0,57,774,0,49,695,0,88,1321,0,54,2112,0,109,3794,0,110,3406,0,108,5406,0,118,4338,0,267,4359,0,121,14716,0,137,13777,0,176,5216,0,141,28345,0,420,27269,0,373,21008,0,263,50392,0,261,39493,0,837,58725,0,415,55841,0,510,38493,0,773,107439,0,685,75905,0,1226,105625,0,1575,104263,0,853,130730,0,961,124165,0,1247,193705,0,974,183599,0
-1.05176e+08,1,8.88811e-15,10,1023,0,1.05176e+08,0.528882,1.08665,0.389689,0.145397,0.379329,3.24381,0.161596,0.446195,1.77396,0.159177,1.15e+07,4.49998e+06,6.79999e+06,1.15e+07,4.49997e+06,6.79999e+06,1.15e+07,4.49996e+06,6.79999e+06,1.15e+07,4.49995e+06,6.79999e+06,1.14999e+07,4.49993e+06,6.79999e+06,1.14999e+07,4.49991e+06,6.79999e+06,1.14999e+07,4.49989e+06,6.79999e+06,1.14999e+07,4.49986e+06,6.79999e+06,1.14999e+07,4.49982e+06,6.79999e+06,1.14999e+07,4.49977e+06,6.79999e+06,1.14999e+07,4.49971e+06,6.79999e+06,1.14999e+07,4.49963e+06,6.79999e+06,1.14998e+07,4.49953e+06,6.79999e+06,1.14998e+07,4.49941e+06,6.79999e+06,1.14998e+07,4.49926e+06,6.79999e+06,1.14998e+07,4.49906e+06,6.79999e+06,1.14997e+07,4.49882e+06,6.79999e+06,1.14997e+07,4.49851e+06,6.79999e+06,1.14997e+07,4.49812e+06,6.79999e+06,1.14996e+07,4.49764e+06,6.79999e+06,1.14996e+07,4.49702e+06,6.79999e+06,1.14995e+07,4.49625e+06,6.79999e+06,1.14995e+07,4.49528e+06,6.79999e+06,1.14994e+07,4.49406e+06,6.79999e+06,1.14993e+07,4.49253e+06,6.79999e+06,1.14992e+07,4.49059e+06,6.79999e+06,1.14991e+07,4.48817e+06,6.79999e+06,1.1499e+07,4.48511e+06,6.79999e+06,1.14988e+07,4.48128e+06,6.79999e+06,1.14987e+07,4.47646e+06,6.79999e+06,1.14985e+07,4.47041e+06,6.79999e+06,1.14983e+07,4.46281e+06,6.79999e+06,1.14981e+07,4.4533e+06,6.79999e+06,1.14979e+07,4.44138e+06,6.79999e+06,1.14976e+07,4.42649e+06,6.79999e+06,1.14972e+07,4.40789e+06,6.79999e+06,1.14969e+07,4.38471e+06,6.79999e+06,1.14965e+07,4.35592e+06,6.79999e+06,1.1496e+07,4.32027e+06,6.79999e+06,1.14955e+07,4.27629e+06,6.79999e+06,1.14949e+07,4.22231e+06,6.79999e+06,1.14942e+07,4.15647e+06,6.79999e+06,1.14934e+07,4.07676e+06,6.79999e+06,1.14926e+07,3.98112e+06,6.79999e+06,1.14916e+07,3.86765e+06,6.79999e+06,1.14905e+07,3.73474e+06,6.79999e+06,1.14892e+07,3.58148e+06,6.79999e+06,1.14878e+07,3.40785e+06,6.79999e+06,1.14862e+07,3.21513e+06,6.79999e+06,1.14844e+07,3.00605e+06,6.79999e+06,1.14823e+07,2.7848e+06,6.79999e+06,1.148e+07,2.5568e+06,6.79999e+06,1.14773e+07,2.32825e+06,6.79999e+06,13.5742,8.52444,0.508366,16.8306,13.2585,0.162638,20.0035,17.569,0.0507846,23.2616,22.4214,0.0158319,26.7328,28.3297,0.00493498,30.5212,35.6974,0.00153831,34.7178,44.9473,0.000479527,39.4086,56.5822,0.000149456,44.6796,71.2245,4.66214e-05,50.6209,89.6543,1.45419e-05,57.3297,112.852,4.54748e-06,64.9129,142.051,1.43857e-06,73.4897,178.803,4.36618e-07,83.1934,225.062,1.40153e-07,94.1745,283.286,4.96378e-08,106.602,356.568,1.05434e-07,120.669,448.799,-6.49244e-08,136.59,564.873,1.70148e-07,154.611,710.948,-5.34594e-08,175.008,894.767,1.63407e-07,198.097,1126.06,8.04804e-08,224.231,1417.07,1.14667e-07,253.813,1783.15,-1.71227e-07,287.297,2243.62,-2.88466e-07,325.198,2822.67,-4.33651e-07,368.098,3550.67,7.9318e-08,416.657,4465.65,3.13319e-07,471.621,5615.16,3.4613e-07,533.835,7058.61,-1.19199e-07,604.255,8870.02,-2.79964e-07,683.962,11141.4,-2.30521e-07,774.182,13986.7,-2.55099e-07,876.299,17546.4,1.23585e-07,991.883,21993.1,1.41192e-07,1122.71,27536.7,-9.71886e-08,1270.78,34430.7,-3.68368e-07,1438.38,42977.7,-3.45379e-07,1628.07,53532.7,-3.25328e-09,1842.77,66504.6,2.6362e-07,2085.77,82350.2,2.53445e-07,2360.79,101560,-2.47407e-08,2672.05,124632,-3.80602e-07,3024.31,152018,-4.79005e-07,3422.98,184060,-1.14379e-07,3874.15,220884,2.64297e-07,4384.72,262283,3.44131e-07,4962.49,307576,7.5349e-08,5616.29,355497,-3.63097e-07,6356.1,404126,-6.05442e-07,7193.18,450932,-2.72333e-07,8140.28,492963,2.29675e-07,9211.79,527178,4.3387e-07,10424,550893,-1.0711e-07,10.102,8.06553,2.81012,10.6436,8.57909,0.869423,11.5336,10.2515,0.270869,12.7211,12.7138,0.0844293,14.1823,15.9373,0.0263173,15.9122,20.0383,0.0082035,17.9198,25.2154,0.00255722,20.2244,31.7373,0.000797017,22.8539,39.9486,0.000248622,25.8438,50.2851,7.75492e-05,29.237,63.2963,2.42508e-05,33.0837,79.6738,7.67162e-06,37.4415,100.288,2.32837e-06,42.3767,126.236,7.33e-07,47.9646,158.896,2.79256e-07,54.2906,200.003,9.87351e-09,61.452,251.741,1.61085e-07,69.5585,316.859,-2.47141e-07,78.7347,398.812,8.93552e-08,89.1218,501.948,-2.53231e-07,100.879,631.736,-1.25047e-07,114.188,795.049,-1.78808e-07,129.252,1000.53,2.6733e-07,146.304,1259.03,4.50292e-07,165.605,1584.19,6.76904e-07,187.452,1993.12,-1.23808e-07,212.181,2507.27,-4.89068e-07,240.173,3153.54,-5.40284e-07,271.856,3965.56,1.86061e-07,307.719,4985.38,4.37004e-07,348.313,6265.4,3.59828e-07,394.26,7870.83,3.98192e-07,446.268,9882.51,-1.92908e-07,505.135,12400.3,-2.20392e-07,571.766,15546.9,1.51705e-07,647.184,19472.2,5.74996e-07,732.547,24357.4,5.39112e-07,829.167,30420,5.07815e-09,938.526,37916.3,-4.11492e-07,1062.3,47143.9,-3.9561e-07,1202.4,58439.2,3.86185e-08,1360.96,72169.3,5.94093e-07,1540.42,88715.8,7.47693e-07,1743.53,108445,1.78537e-07,1973.41,131665,-4.12549e-07,2233.57,158557,-5.37164e-07,2528,189103,-1.17615e-07,2861.2,222986,5.66769e-07,3238.27,259510,9.45053e-07,3664.97,297540,4.25093e-07,4147.81,335497,-3.58506e-07,4694.17,371444,-6.7724e-07,5312.37,403256,1.67192e-07,1.61744,3.89446,9.84394,3.28846,7.5504,12.774,5.07607,11.7187,13.6844,7.03202,16.8147,13.9681,9.20215,23.1769,14.0566,11.6301,31.1672,14.0841,14.3598,41.2186,14.0927,17.4376,53.8688,14.0954,20.9137,69.7915,14.0962,24.8432,89.8341,14.0965,29.2879,115.063,14.0966,34.3168,146.819,14.0966,40.0078,186.792,14.0966,46.4487,237.107,14.0966,53.7388,300.44,14.0966,61.9903,380.158,14.0966,71.3301,480.499,14.0966,81.902,606.796,14.0966,93.8685,765.761,14.0966,107.414,965.837,14.0966,122.746,1217.65,14.0966,140.101,1534.57,14.0966,159.745,1933.41,14.0966,181.981,2435.3,14.0966,207.15,3066.85,14.0966,235.64,3861.46,14.0966,267.889,4861.11,14.0966,304.391,6118.54,14.0966,345.709,7699.91,14.0966,392.478,9688.22,14.0966,445.417,12187.5,14.0966,505.339,15327.7,14.0966,573.165,19271.6,14.0966,649.938,24222,14.0966,736.839,30430.9,14.0966,835.202,38211.5,14.0966,946.539,47950.3,14.0966,1072.56,60122.8,14.0966,1215.21,75309.9,14.0966,1376.66,94216.2,14.0966,1559.41,117688,14.0966,1766.26,146729,14.0966,2000.39,182510,14.0966,2265.39,226372,14.0966,2565.33,279806,14.0966,2904.81,344416,14.0966,3289.05,421845,14.0966,3723.93,513667,14.0966,4216.13,621231,14.0966,4773.18,745478,14.0966,5403.64,886744,14.0966,6117.15,1.04457e+06,14.0966,6924.63,1.2176e+06,14.0966,11.7194,11.96,12.6541,13.9321,16.1295,13.6434,16.6097,21.9702,13.9553,19.7532,29.5285,14.0526,23.3844,39.1143,14.0829,27.5423,51.2054,14.0923,32.2796,66.434,14.0953,37.662,85.6061,14.0962,43.7675,109.74,14.0965,50.687,140.119,14.0966,58.5249,178.359,14.0966,67.4005,226.493,14.0966,77.4493,287.08,14.0966,88.8254,363.343,14.0966,101.703,459.336,14.0966,116.281,580.161,14.0966,132.782,732.241,14.0966,151.46,923.655,14.0966,172.603,1164.57,14.0966,196.535,1467.79,14.0966,223.625,1849.39,14.0966,254.288,2329.62,14.0966,288.997,2933.93,14.0966,328.285,3694.33,14.0966,372.755,4651.04,14.0966,423.092,5854.57,14.0966,480.07,7368.38,14.0966,544.564,9272.08,14.0966,617.566,11665.5,14.0966,700.197,14673.6,14.0966,793.729,18452.9,14.0966,899.599,23198.6,14.0966,1019.43,29154.1,14.0966,1155.07,36622.3,14.0966,1308.6,45977.9,14.0966,1482.39,57683.7,14.0966,1679.09,72307.8,14.0966,1901.73,90542.8,14.0966,2153.73,113226,14.0966,2438.97,141360,14.0966,2761.81,176127,14.0966,3127.22,218898,14.0966,3540.81,271226,14.0966,4008.92,334817,14.0966,4538.74,411470,14.0966,5138.38,502973,14.0966,5817.04,610948,14.0966,6585.12,736653,14.0966,7454.39,880741,14.0966,8438.15,1.04302e+06,14.0966,9551.45,1.22224e+06,14.0966,10811.3,1.41602e+06,14.0966,12237,1.62086e+06,14.0966,11.7194,11.96,12.6541,2.21263,4.16949,0.989383,2.67766,5.84076,0.311842,3.14343,7.55825,0.0972771,3.63127,9.58578,0.0303237,4.15787,12.0912,0.00945211,4.73731,15.2286,0.00294633,5.38238,19.1721,0.000918508,6.10553,24.134,0.000286163,6.91951,30.3791,8.92692e-05,7.83792,38.2397,2.78121e-05,8.87555,48.1338,8.65134e-06,10.0489,60.5876,2.7882e-06,11.3761,76.2629,8.29036e-07,12.8779,95.9927,2.4373e-07,14.5775,120.825,4.33068e-09,16.5012,152.08,1.75749e-07,18.6784,191.415,-1.86328e-07,21.1428,240.917,1.91829e-07,23.9322,303.213,-1.81475e-07,27.0895,381.602,7.0186e-08,30.6634,480.231,-2.86769e-08,34.7087,604.316,2.40784e-07,39.2876,760.401,9.87368e-08,44.4705,956.705,1.22263e-07,50.3371,1203.54,-4.31966e-07,56.9776,1513.81,-1.9705e-07,64.494,1903.69,-2.763e-08,73.0018,2393.4,3.9185e-07,82.6317,3008.13,1.35379e-07,93.5318,3779.25,-4.16351e-08,105.869,4745.7,2.06965e-08,119.834,5955.6,-3.18887e-07,135.641,7468.12,-1.48271e-08,153.531,9355.62,2.00739e-07,173.781,11705.8,2.28358e-07,196.701,14624.1,-1.93587e-08,222.642,18235,-2.88101e-07,252.003,22683.4,-2.24732e-07,285.234,28134,8.56806e-09,322.845,34767,2.34258e-07,365.413,42770.9,2.99668e-07,413.588,52327.9,8.28644e-08,468.111,63591.2,-3.07049e-07,529.814,76653.2,-3.1888e-07,599.642,91502.5,-6.72276e-08,678.662,107975,2.26339e-07,768.083,125705,3.69212e-07,869.267,144088,2.04077e-07,983.76,162277,-2.80509e-07,1113.3,179223,-4.22737e-07,1259.87,193777,-1.71951e-07,1425.68,204839,4.55555e-07,11.7194,11.96,12.6541,2.21263,4.16949,0.989383,2.67766,5.84076,0.311842,3.14343,7.55825,0.0972771,3.63127,9.58578,0.0303237,4.15787,12.0912,0.00945211,4.73731,15.2286,0.00294633,5.38238,19.1721,0.000918508,6.10553,24.134,0.000286163,6.91951,30.3791,8.92692e-05,7.83792,38.2397,2.78121e-05,8.87555,48.1338,8.65134e-06,10.0489,60.5876,2.7882e-06,11.3761,76.2629,8.29036e-07,12.8779,95.9927,2.4373e-07,14.5775,120.825,1e-08,16.5012,152.08,1.75749e-07,18.6784,191.415,1e-08,21.1428,240.917,1.91829e-07,23.9322,303.213,1e-08,27.0895,381.602,7.0186e-08,30.6634,480.231,1e-08,34.7087,604.316,2.40784e-07,39.2876,760.401,9.87368e-08,44.4705,956.705,1.22263e-07,50.3371,1203.54,1e-08,56.9776,1513.81,1e-08,64.494,1903.69,1e-08,73.0018,2393.4,3.9185e-07,82.6317,3008.13,1.35379e-07,93.5318,3779.25,1e-08,105.869,4745.7,2.06965e-08,119.834,5955.6,1e-08,135.641,7468.12,1e-08,153.531,9355.62,2.00739e-07,173.781,11705.8,2.28358e-07,196.701,14624.1,1e-08,222.642,18235,1e-08,252.003,22683.4,1e-08,285.234,28134,1e-08,322.845,34767,2.34258e-07,365.413,42770.9,2.99668e-07,413.588,52327.9,8.28644e-08,468.111,63591.2,1e-08,529.814,76653.2,1e-08,599.642,91502.5,1e-08,678.662,107975,2.26339e-07,768.083,125705,3.69212e-07,869.267,144088,2.04077e-07,983.76,162277,1e-08,1113.3,179223,1e-08,1259.87,193777,1e-08,1425.68,204839,4.55555e-07,6.2823,3.27286,2.43537,0.219672,6.18826,2.24117,0.56371,6.87772,2.63624,0.308279,11,12,4,1,1,2,2,8,0,3,4,0,2,8,0,3,6,0,4,27,0,4,19,0,1,38,0,7,15,0,7,34,0,10,67,0,3,65,0,11,119,0,12,96,0,18,76,0,26,127,0,32,263,0,14,238,0,26,212,0,51,227,0,16,302,0,30,631,0,96,740,0,99,1047,0,34,1141,0,60,1094,0,27,2929,0,68,1207,0,57,4405,0,90,2879,0,84,3719,0,133,7585,0,149,9937,0,162,7799,0,188,23801,0,119,7380,0,178,18183,0,205,3186,0,294,38749,0,119,22489,0,168,42308,0,289,79490,0,384,32877,0,502,58961,0,382,111518,0,816,110720,0,463,189850,0,843,135569,0,583,88014,0,985,97635,0,1620,114912,0,1683,441464,0
-1.05176e+08,1,8.88811e-15,10,1023,0,1.05176e+08,0.528882,1.08665,0.389689,0.145397,0.379329,3.24381,0.161596,0.446195,1.77396,0.159177,1.15e+07,4.49998e+06,6.79999e+06,1.15e+07,4.49997e+06,6.79999e+06,1.15e+07,4.49996e+06,6.79999e+06,1.15e+07,4.49995e+06,6.79999e+06,1.14999e+07,4.49993e+06,6.79999e+06,1.14999e+07,4.49991e+06,6.79999e+06,1.14999e+07,4.49989e+06,6.79999e+06,1.14999e+07,4.49986e+06,6.79999e+06,1.14999e+07,4.49982e+06,6.79999e+06,1.14999e+07,4.49977e+06,6.79999e+06,1.14999e+07,4.49971e+06,6.79999e+06,1.14999e+07,4.49963e+06,6.79999e+06,1.14998e+07,4.49953e+06,6.79999e+06,1.14998e+07,4.49941e+06,6.79999e+06,1.14998e+07,4.49926e+06,6.79999e+06,1.14998e+07,4.49906e+06,6.79999e+06,1.14997e+07,4.49882e+06,6.79999e+06,1.14997e+07,4.49851e+06,6.79999e+06,1.14997e+07,4.49812e+06,6.79999e+06,1.14996e+07,4.49764e+06,6.79999e+06,1.14996e+07,4.49702e+06,6.79999e+06,1.14995e+07,4.49625e+06,6.79999e+06,1.14995e+07,4.49528e+06,6.79999e+06,1.14994e+07,4.49406e+06,6.79999e+06,1.14993e+07,4.49253e+06,6.79999e+06,1.14992e+07,4.49059e+06,6.79999e+06,1.14991e+07,4.48817e+06,6.79999e+06,1.1499e+07,4.48511e+06,6.79999e+06,1.14988e+07,4.48128e+06,6.79999e+06,1.14987e+07,4.47646e+06,6.79999e+06,1.14985e+07,4.47041e+06,6.79999e+06,1.14983e+07,4.46281e+06,6.79999e+06,1.14981e+07,4.4533e+06,6.79999e+06,1.14979e+07,4.44138e+06,6.79999e+06,1.14976e+07,4.42649e+06,6.79999e+06,1.14972e+07,4.40789e+06,6.79999e+06,1.14969e+07,4.38471e+06,6.79999e+06,1.14965e+07,4.35592e+06,6.79999e+06,1.1496e+07,4.32027e+06,6.79999e+06,1.14955e+07,4.27629e+06,6.79999e+06,1.14949e+07,4.22231e+06,6.79999e+06,1.14942e+07,4.15647e+06,6.79999e+06,1.14934e+07,4.07676e+06,6.79999e+06,1.14926e+07,3.98112e+06,6.79999e+06,1.14916e+07,3.86765e+06,6.79999e+06,1.14905e+07,3.73474e+06,6.79999e+06,1.14892e+07,3.58148e+06,6.79999e+06,1.14878e+07,3.40785e+06,6.79999e+06,1.14862e+07,3.21513e+06,6.79999e+06,1.14844e+07,3.00605e+06,6.79999e+06,1.14823e+07,2.7848e+06,6.79999e+06,1.148e+07,2.5568e+06,6.79999e+06,1.14773e+07,2.32825e+06,6.79999e+06,13.5742,8.52444,0.508366,16.8306,13.2585,0.162638,20.0035,17.569,0.0507846,23.2616,22.4214,0.0158319,26.7328,28.3297,0.00493498,30.5212,35.6974,0.00153831,34.7178,44.9473,0.000479527,39.4086,56.5822,0.000149456,44.6796,71.2245,4.66214e-05,50.6209,89.6543,1.45419e-05,57.3297,112.852,4.54748e-06,64.9129,142.051,1.43857e-06,73.4897,178.803,4.36618e-07,83.1934,225.062,1.40153e-07,94.1745,283.286,4.96378e-08,106.602,356.568,1.05434e-07,120.669,448.799,-6.49244e-08,136.59,564.873,1.70148e-07,154.611,710.948,-5.34594e-08,175.008,894.767,1.63407e-07,198.097,1126.06,8.04804e-08,224.231,1417.07,1.14667e-07,253.813,1783.15,-1.71227e-07,287.297,2243.62,-2.88466e-07,325.198,2822.67,-4.33651e-07,368.098,3550.67,7.9318e-08,416.657,4465.65,3.13319e-07,471.621,5615.16,3.4613e-07,533.835,7058.61,-1.19199e-07,604.255,8870.02,-2.79964e-07,683.962,11141.4,-2.30521e-07,774.182,13986.7,-2.55099e-07,876.299,17546.4,1.23585e-07,991.883,21993.1,1.41192e-07,1122.71,27536.7,-9.71886e-08,1270.78,34430.7,-3.68368e-07,1438.38,42977.7,-3.45379e-07,1628.07,53532.7,-3.25328e-09,1842.77,66504.6,2.6362e-07,2085.77,82350.2,2.53445e-07,2360.79,101560,-2.47407e-08,2672.05,124632,-3.80602e-07,3024.31,152018,-4.79005e-07,3422.98,184060,-1.14379e-07,3874.15,220884,2.64297e-07,4384.72,262283,3.44131e-07,4962.49,307576,7.5349e-08,5616.29,355497,-3.63097e-07,6356.1,404126,-6.05442e-07,7193.18,450932,-2.72333e-07,8140.28,492963,2.29675e-07,9211.79,527178,4.3387e-07,10424,550893,-1.0711e-07,10.102,8.06553,2.81012,10.6436,8.57909,0.869423,11.5336,10.2515,0.270869,12.7211,12.7138,0.0844293,14.1823,15.9373,0.0263173,15.9122,20.0383,0.0082035,17.9198,25.2154,0.00255722,20.2244,31.7373,0.000797017,22.8539,39.9486,0.000248622,25.8438,50.2851,7.75492e-05,29.237,63.2963,2.42508e-05,33.0837,79.6738,7.67162e-06,37.4415,100.288,2.32837e-06,42.3767,126.236,7.33e-07,47.9646,158.896,2.79256e-07,54.2906,200.003,9.87351e-09,61.452,251.741,1.61085e-07,69.5585,316.859,-2.47141e-07,78.7347,398.812,8.93552e-08,89.1218,501.948,-2.53231e-07,100.879,631.736,-1.25047e-07,114.188,795.049,-1.78808e-07,129.252,1000.53,2.6733e-07,146.304,1259.03,4.50292e-07,165.605,1584.19,6.76904e-07,187.452,1993.12,-1.23808e-07,212.181,2507.27,-4.89068e-07,240.173,3153.54,-5.40284e-07,271.856,3965.56,1.86061e-07,307.719,4985.38,4.37004e-07,348.313,6265.4,3.59828e-07,394.26,7870.83,3.98192e-07,446.268,9882.51,-1.92908e-07,505.135,12400.3,-2.20392e-07,571.766,15546.9,1.51705e-07,647.184,19472.2,5.74996e-07,732.547,24357.4,5.39112e-07,829.167,30420,5.07815e-09,938.526,37916.3,-4.11492e-07,1062.3,47143.9,-3.9561e-07,1202.4,58439.2,3.86185e-08,1360.96,72169.3,5.94093e-07,1540.42,88715.8,7.47693e-07,1743.53,108445,1.78537e-07,1973.41,131665,-4.12549e-07,2233.57,158557,-5.37164e-07,2528,189103,-1.17615e-07,2861.2,222986,5.66769e-07,3238.27,259510,9.45053e-07,3664.97,297540,4.25093e-07,4147.81,335497,-3.58506e-07,4694.17,371444,-6.7724e-07,5312.37,403256,1.67192e-07,1.61744,3.89446,9.84394,3.28846,7.5504,12.774,5.07607,11.7187,13.6844,7.03202,16.8147,13.9681,9.20215,23.1769,14.0566,11.6301,31.1672,14.0841,14.3598,41.2186,14.0927,17.4376,53.8688,14.0954,20.9137,69.7915,14.0962,24.8432,89.8341,14.0965,29.2879,115.063,14.0966,34.3168,146.819,14.0966,40.0078,186.792,14.0966,46.4487,237.107,14.0966,53.7388,300.44,14.0966,61.9903,380.158,14.0966,71.3301,480.499,14.0966,81.902,606.796,14.0966,93.8685,765.761,14.0966,107.414,965.837,14.0966,122.746,1217.65,14.0966,140.101,1534.57,14.0966,159.745,1933.41,14.0966,181.981,2435.3,14.0966,207.15,3066.85,14.0966,235.64,3861.46,14.0966,267.889,4861.11,14.0966,304.391,6118.54,14.0966,345.709,7699.91,14.0966,392.478,9688.22,14.0966,445.417,12187.5,14.0966,505.339,15327.7,14.0966,573.165,19271.6,14.0966,649.938,24222,14.0966,736.839,30430.9,14.0966,835.202,38211.5,14.0966,946.539,47950.3,14.0966,1072.56,60122.8,14.0966,1215.21,75309.9,14.0966,1376.66,94216.2,14.0966,1559.41,117688,14.0966,1766.26,146729,14.0966,2000.39,182510,14.0966,2265.39,226372,14.0966,2565.33,279806,14.0966,2904.81,344416,14.0966,3289.05,421845,14.0966,3723.93,513667,14.0966,4216.13,621231,14.0966,4773.18,745478,14.0966,5403.64,886744,14.0966,6117.15,1.04457e+06,14.0966,6924.63,1.2176e+06,14.0966,11.7194,11.96,12.6541,13.9321,16.1295,13.6434,16.6097,21.9702,13.9553,19.7532,29.5285,14.0526,23.3844,39.1143,14.0829,27.5423,51.2054,14.0923,32.2796,66.434,14.0953,37.662,85.6061,14.0962,43.7675,109.74,14.0965,50.687,140.119,14.0966,58.5249,178.359,14.0966,67.4005,226.493,14.0966,77.4493,287.08,14.0966,88.8254,363.343,14.0966,101.703,459.336,14.0966,116.281,580.161,14.0966,132.782,732.241,14.0966,151.46,923.655,14.0966,172.603,1164.57,14.0966,196.535,1467.79,14.0966,223.625,1849.39,14.0966,254.288,2329.62,14.0966,288.997,2933.93,14.0966,328.285,3694.33,14.0966,372.755,4651.04,14.0966,423.092,5854.57,14.0966,480.07,7368.38,14.0966,544.564,9272.08,14.0966,617.566,11665.5,14.0966,700.197,14673.6,14.0966,793.729,18452.9,14.0966,899.599,23198.6,14.0966,1019.43,29154.1,14.0966,1155.07,36622.3,14.0966,1308.6,45977.9,14.0966,1482.39,57683.7,14.0966,1679.09,72307.8,14.0966,1901.73,90542.8,14.0966,2153.73,113226,14.0966,2438.97,141360,14.0966,2761.81,176127,14.0966,3127.22,218898,14.0966,3540.81,271226,14.0966,4008.92,334817,14.0966,4538.74,411470,14.0966,5138.38,502973,14.0966,5817.04,610948,14.0966,6585.12,736653,14.0966,7454.39,880741,14.0966,8438.15,1.04302e+06,14.0966,9551.45,1.22224e+06,14.0966,10811.3,1.41602e+06,14.0966,12237,1.62086e+06,14.0966,11.7194,11.96,12.6541,2.21263,4.16949,0.989383,2.67766,5.84076,0.311842,3.14343,7.55825,0.0972771,3.63127,9.58578,0.0303237,4.15787,12.0912,0.00945211,4.73731,15.2286,0.00294633,5.38238,19.1721,0.000918508,6.10553,24.134,0.000286163,6.91951,30.3791,8.92692e-05,7.83792,38.2397,2.78121e-05,8.87555,48.1338,8.65134e-06,10.0489,60.5876,2.7882e-06,11.3761,76.2629,8.29036e-07,12.8779,95.9927,2.4373e-07,14.5775,120.825,4.33068e-09,16.5012,152.08,1.75749e-07,18.6784,191.415,-1.86328e-07,21.1428,240.917,1.91829e-07,23.9322,303.213,-1.81475e-07,27.0895,381.602,7.0186e-08,30.6634,480.231,-2.86769e-08,34.7087,604.316,2.40784e-07,39.2876,760.401,9.87368e-08,44.4705,956.705,1.22263e-07,50.3371,1203.54,-4.31966e-07,56.9776,1513.81,-1.9705e-07,64.494,1903.69,-2.763e-08,73.0018,2393.4,3.9185e-07,82.6317,3008.13,1.35379e-07,93.5318,3779.25,-4.16351e-08,105.869,4745.7,2.06965e-08,119.834,5955.6,-3.18887e-07,135.641,7468.12,-1.48271e-08,153.531,9355.62,2.00739e-07,173.781,11705.8,2.28358e-07,196.701,14624.1,-1.93587e-08,222.642,18235,-2.88101e-07,252.003,22683.4,-2.24732e-07,285.234,28134,8.56806e-09,322.845,34767,2.34258e-07,365.413,42770.9,2.99668e-07,413.588,52327.9,8.28644e-08,468.111,63591.2,-3.07049e-07,529.814,76653.2,-3.1888e-07,599.642,91502.5,-6.72276e-08,678.662,107975,2.26339e-07,768.083,125705,3.69212e-07,869.267,144088,2.04077e-07,983.76,162277,-2.80509e-07,1113.3,179223,-4.22737e-07,1259.87,193777,-1.71951e-07,1425.68,204839,4.55555e-07,11.7194,11.96,12.6541,2.21263,4.16949,0.989383,2.67766,5.84076,0.311842,3.14343,7.55825,0.0972771,3.63127,9.58578,0.0303237,4.15787,12.0912,0.00945211,4.73731,15.2286,0.00294633,5.38238,19.1721,0.000918508,6.10553,24.134,0.000286163,6.91951,30.3791,8.92692e-05,7.83792,38.2397,2.78121e-05,8.87555,48.1338,8.65134e-06,10.0489,60.5876,2.7882e-06,11.3761,76.2629,8.29036e-07,12.8779,95.9927,2.4373e-07,14.5775,120.825,1e-08,16.5012,152.08,1.75749e-07,18.6784,191.415,1e-08,21.1428,240.917,1.91829e-07,23.9322,303.213,1e-08,27.0895,381.602,7.0186e-08,30.6634,480.231,1e-08,34.7087,604.316,2.40784e-07,39.2876,760.401,9.87368e-08,44.4705,956.705,1.22263e-07,50.3371,1203.54,1e-08,56.9776,1513.81,1e-08,64.494,1903.69,1e-08,73.0018,2393.4,3.9185e-07,82.6317,3008.13,1.35379e-07,93.5318,3779.25,1e-08,105.869,4745.7,2.06965e-08,119.834,5955.6,1e-08,135.641,7468.12,1e-08,153.531,9355.62,2.00739e-07,173.781,11705.8,2.28358e-07,196.701,14624.1,1e-08,222.642,18235,1e-08,252.003,22683.4,1e-08,285.234,28134,1e-08,322.845,34767,2.34258e-07,365.413,42770.9,2.99668e-07,413.588,52327.9,8.28644e-08,468.111,63591.2,1e-08,529.814,76653.2,1e-08,599.642,91502.5,1e-08,678.662,107975,2.26339e-07,768.083,125705,3.69212e-07,869.267,144088,2.04077e-07,983.76,162277,1e-08,1113.3,179223,1e-08,1259.87,193777,1e-08,1425.68,204839,4.55555e-07,6.2823,3.27286,2.43537,0.219672,6.18826,2.24117,0.56371,6.87772,2.63624,0.308279,13,11,10,2,3,0,6,2,0,6,4,0,2,6,0,2,6,0,6,19,0,3,15,0,8,38,0,6,31,0,9,14,0,8,48,0,8,48,0,25,73,0,22,82,0,28,166,0,11,197,0,8,240,0,23,79,0,15,182,0,18,285,0,12,78,0,20,1005,0,56,1868,0,56,719,0,53,1112,0,59,833,0,43,1854,0,34,4462,0,112,6731,0,116,7562,0,109,3593,0,99,8114,0,106,12239,0,160,8310,0,328,8752,0,85,31381,0,130,28720,0,199,32235,0,421,24764,0,176,28687,0,325,52558,0,298,89972,0,684,77808,0,758,79466,0,319,83257,0,636,111304,0,533,134712,0,655,121093,0,1154,71127,0,648,301944,0,1468,178841,0,1502,135923,0
-1.05176e+08,1,8.88811e-15,10,1023,0,1.05176e+08,0.528882,1.08665,0.389689,0.145397,0.379329,3.24381,0.161596,0.446195,1.77396,0.159177,1.15e+07,4.49998e+06,6.79999e+06,1.15e+07,4.49997e+06,6.79999e+06,1.15e+07,4.49996e+06,6.79999e+06,1.15e+07,4.49995e+06,6.79999e+06,1.14999e+07,4.49993e+06,6.79999e+06,1.14999e+07,4.49991e+06,6.79999e+06,1.14999e+07,4.49989e+06,6.79999e+06,1.14999e+07,4.49986e+06,6.79999e+06,1.14999e+07,4.49982e+06,6.79999e+06,1.14999e+07,4.49977e+06,6.79999e+06,1.14999e+07,4.49971e+06,6.79999e+06,1.14999e+07,4.49963e+06,6.79999e+06,1.14998e+07,4.49953e+06,6.79999e+06,1.14998e+07,4.49941e+06,6.79999e+06,1.14998e+07,4.49926e+06,6.79999e+06,1.14998e+07,4.49906e+06,6.79999e+06,1.14997e+07,4.49882e+06,6.79999e+06,1.14997e+07,4.49851e+06,6.79999e+06,1.14997e+07,4.49812e+06,6.79999e+06,1.14996e+07,4.49764e+06,6.79999e+06,1.14996e+07,4.49702e+06,6.79999e+06,1.14995e+07,4.49625e+06,6.79999e+06,1.14995e+07,4.49528e+06,6.79999e+06,1.14994e+07,4.49406e+06,6.79999e+06,1.14993e+07,4.49253e+06,6.79999e+06,1.14992e+07,4.49059e+06,6.79999e+06,1.14991e+07,4.48817e+06,6.79999e+06,1.1499e+07,4.48511e+06,6.79999e+06,1.14988e+07,4.48128e+06,6.79999e+06,1.14987e+07,4.47646e+06,6.79999e+06,1.14985e+07,4.47041e+06,6.79999e+06,1.14983e+07,4.46281e+06,6.79999e+06,1.14981e+07,4.4533e+06,6.79999e+06,1.14979e+07,4.44138e+06,6.79999e+06,1.14976e+07,4.42649e+06,6.79999e+06,1.14972e+07,4.40789e+06,6.79999e+06,1.14969e+07,4.38471e+06,6.79999e+06,1.14965e+07,4.35592e+06,6.79999e+06,1.1496e+07,4.32027e+06,6.79999e+06,1.14955e+07,4.27629e+06,6.79999e+06,1.14949e+07,4.22231e+06,6.79999e+06,1.14942e+07,4.15647e+06,6.79999e+06,1.14934e+07,4.07676e+06,6.79999e+06,1.14926e+07,3.98112e+06,6.79999e+06,1.14916e+07,3.86765e+06,6.79999e+06,1.14905e+07,3.73474e+06,6.79999e+06,1.14892e+07,3.58148e+06,6.79999e+06,1.14878e+07,3.40785e+06,6.79999e+06,1.14862e+07,3.21513e+06,6.79999e+06,1.14844e+07,3.00605e+06,6.79999e+06,1.14823e+07,2.7848e+06,6.79999e+06,1.148e+07,2.5568e+06,6.79999e+06,1.14773e+07,2.32825e+06,6.79999e+06,13.5742,8.52444,0.508366,16.8306,13.2585,0.162638,20.0035,17.569,0.0507846,23.2616,22.4214,0.0158319,26.7328,28.3297,0.00493498,30.5212,35.6974,0.00153831,34.7178,44.9473,0.000479527,39.4086,56.5822,0.000149456,44.6796,71.2245,4.66214e-05,50.6209,89.6543,1.45419e-05,57.3297,112.852,4.54748e-06,64.9129,142.051,1.43857e-06,73.4897,178.803,4.36618e-07,83.1934,225.062,1.40153e-07,94.1745,283.286,4.96378e-08,106.602,356.568,1.05434e-07,120.669,448.799,-6.49244e-08,136.59,564.873,1.70148e-07,154.611,710.948,-5.34594e-08,175.008,894.767,1.63407e-07,198.097,1126.06,8.04804e-08,224.231,1417.07,1.14667e-07,253.813,1783.15,-1.71227e-07,287.297,2243.62,-2.88466e-07,325.198,2822.67,-4.33651e-07,368.098,3550.67,7.9318e-08,416.657,4465.65,3.13319e-07,471.621,5615.16,3.4613e-07,533.835,7058.61,-1.19199e-07,604.255,8870.02,-2.79964e-07,683.962,11141.4,-2.30521e-07,774.182,13986.7,-2.55099e-07,876.299,17546.4,1.23585e-07,991.883,21993.1,1.41192e-07,1122.71,27536.7,-9.71886e-08,1270.78,34430.7,-3.68368e-07,1438.38,42977.7,-3.45379e-07,1628.07,53532.7,-3.25328e-09,1842.77,66504.6,2.6362e-07,2085.77,82350.2,2.53445e-07,2360.79,101560,-2.47407e-08,2672.05,124632,-3.80602e-07,3024.31,152018,-4.79005e-07,3422.98,184060,-1.14379e-07,3874.15,220884,2.64297e-07,4384.72,262283,3.44131e-07,4962.49,307576,7.5349e-08,5616.29,355497,-3.63097e-07,6356.1,404126,-6.05442e-07,7193.18,450932,-2.72333e-07,8140.28,492963,2.29675e-07,9211.79,527178,4.3387e-07,10424,550893,-1.0711e-07,10.102,8.06553,2.81012,10.6436,8.57909,0.869423,11.5336,10.2515,0.270869,12.7211,12.7138,0.0844293,14.1823,15.9373,0.0263173,15.9122,20.0383,0.0082035,17.9198,25.2154,0.00255722,20.2244,31.7373,0.000797017,22.8539,39.9486,0.000248622,25.8438,50.2851,7.75492e-05,29.237,63.2963,2.42508e-05,33.0837,79.6738,7.67162e-06,37.4415,100.288,2.32837e-06,42.3767,126.236,7.33e-07,47.9646,158.896,2.79256e-07,54.2906,200.003,9.87351e-09,61.452,251.741,1.61085e-07,69.5585,316.859,-2.47141e-07,78.7347,398.812,8.93552e-08,89.1218,501.948,-2.53231e-07,100.879,631.736,-1.25047e-07,114.188,795.049,-1.78808e-07,129.252,1000.53,2.6733e-07,146.304,1259.03,4.50292e-07,165.605,1584.19,6.76904e-07,187.452,1993.12,-1.23808e-07,212.181,2507.27,-4.89068e-07,240.173,3153.54,-5.40284e-07,271.856,3965.56,1.86061e-07,307.719,4985.38,4.37004e-07,348.313,6265.4,3.59828e-07,394.26,7870.83,3.98192e-07,446.268,9882.51,-1.92908e-07,505.135,12400.3,-2.20392e-07,571.766,15546.9,1.51705e-07,647.184,19472.2,5.74996e-07,732.547,24357.4,5.39112e-07,829.167,30420,5.07815e-09,938.526,37916.3,-4.11492e-07,1062.3,47143.9,-3.9561e-07,1202.4,58439.2,3.86185e-08,1360.96,72169.3,5.94093e-07,1540.42,88715.8,7.47693e-07,1743.53,108445,1.78537e-07,1973.41,131665,-4.12549e-07,2233.57,158557,-5.37164e-07,2528,189103,-1.17615e-07,2861.2,222986,5.66769e-07,3238.27,259510,9.45053e-07,3664.97,297540,4.25093e-07,4147.81,335497,-3.58506e-07,4694.17,371444,-6.7724e-07,5312.37,403256,1.67192e-07,1.61744,3.89446,9.84394,3.28846,7.5504,12.774,5.07607,11.7187,13.6844,7.03202,16.8147,13.9681,9.20215,23.1769,14.0566,11.6301,31.1672,14.0841,14.3598,41.2186,14.0927,17.4376,53.8688,14.0954,20.9137,69.7915,14.0962,24.8432,89.8341,14.0965,29.2879,115.063,14.0966,34.3168,146.819,14.0966,40.0078,186.792,14.0966,46.4487,237.107,14.0966,53.7388,300.44,14.0966,61.9903,380.158,14.0966,71.3301,480.499,14.0966,81.902,606.796,14.0966,93.8685,765.761,14.0966,107.414,965.837,14.0966,122.746,1217.65,14.0966,140.101,1534.57,14.0966,159.745,1933.41,14.0966,181.981,2435.3,14.0966,207.15,3066.85,14.0966,235.64,3861.46,14.0966,267.889,4861.11,14.0966,304.391,6118.54,14.0966,345.709,7699.91,14.0966,392.478,9688.22,14.0966,445.417,12187.5,14.0966,505.339,15327.7,14.0966,573.165,19271.6,14.0966,649.938,24222,14.0966,736.839,30430.9,14.0966,835.202,38211.5,14.0966,946.539,47950.3,14.0966,1072.56,60122.8,14.0966,1215.21,75309.9,14.0966,1376.66,94216.2,14.0966,1559.41,117688,14.0966,1766.26,146729,14.0966,2000.39,182510,14.0966,2265.39,226372,14.0966,2565.33,279806,14.0966,2904.81,344416,14.0966,3289.05,421845,14.0966,3723.93,513667,14.0966,4216.13,621231,14.0966,4773.18,745478,14.0966,5403.64,886744,14.0966,6117.15,1.04457e+06,14.0966,6924.63,1.2176e+06,14.0966,11.7194,11.96,12.6541,13.9321,16.1295,13.6434,16.6097,21.9702,13.9553,19.7532,29.5285,14.0526,23.3844,39.1143,14.0829,27.5423,51.2054,14.0923,32.2796,66.434,14.0953,37.662,85.6061,14.0962,43.7675,109.74,14.0965,50.687,140.119,14.0966,58.5249,178.359,14.0966,67.4005,226.493,14.0966,77.4493,287.08,14.0966,88.8254,363.343,14.0966,101.703,459.336,14.0966,116.281,580.161,14.0966,132.782,732.241,14.0966,151.46,923.655,14.0966,172.603,1164.57,14.0966,196.535,1467.79,14.0966,223.625,1849.39,14.0966,254.288,2329.62,14.0966,288.997,2933.93,14.0966,328.285,3694.33,14.0966,372.755,4651.04,14.0966,423.092,5854.57,14.0966,480.07,7368.38,14.0966,544.564,9272.08,14.0966,617.566,11665.5,14.0966,700.197,14673.6,14.0966,793.729,18452.9,14.0966,899.599,23198.6,14.0966,1019.43,29154.1,14.0966,1155.07,36622.3,14.0966,1308.6,45977.9,14.0966,1482.39,57683.7,14.0966,1679.09,72307.8,14.0966,1901.73,90542.8,14.0966,2153.73,113226,14.0966,2438.97,141360,14.0966,2761.81,176127,14.0966,3127.22,218898,14.0966,3540.81,271226,14.0966,4008.92,334817,14.0966,4538.74,411470,14.0966,5138.38,502973,14.0966,5817.04,610948,14.0966,6585.12,736653,14.0966,7454.39,880741,14.0966,8438.15,1.04302e+06,14.0966,9551.45,1.22224e+06,14.0966,10811.3,1.41602e+06,14.0966,12237,1.62086e+06,14.0966,11.7194,11.96,12.6541,2.21263,4.16949,0.989383,2.67766,5.84076,0.311842,3.14343,7.55825,0.0972771,3.63127,9.58578,0.0303237,4.15787,12.0912,0.00945211,4.73731,15.2286,0.00294633,5.38238,19.1721,0.000918508,6.10553,24.134,0.000286163,6.91951,30.3791,8.92692e-05,7.83792,38.2397,2.78121e-05,8.87555,48.1338,8.65134e-06,10.0489,60.5876,2.7882e-06,11.3761,76.2629,8.29036e-07,12.8779,95.9927,2.4373e-07,14.5775,120.825,4.33068e-09,16.5012,152.08,1.75749e-07,18.6784,191.415,-1.86328e-07,21.1428,240.917,1.91829e-07,23.9322,303.213,-1.81475e-07,27.0895,381.602,7.0186e-08,30.6634,480.231,-2.86769e-08,34.7087,604.316,2.40784e-07,39.2876,760.401,9.87368e-08,44.4705,956.705,1.22263e-07,50.3371,1203.54,-4.31966e-07,56.9776,1513.81,-1.9705e-07,64.494,1903.69,-2.763e-08,73.0018,2393.4,3.9185e-07,82.6317,3008.13,1.35379e-07,93.5318,3779.25,-4.16351e-08,105.869,4745.7,2.06965e-08,119.834,5955.6,-3.18887e-07,135.641,7468.12,-1.48271e-08,153.531,9355.62,2.00739e-07,173.781,11705.8,2.28358e-07,196.701,14624.1,-1.93587e-08,222.642,18235,-2.88101e-07,252.003,22683.4,-2.24732e-07,285.234,28134,8.56806e-09,322.845,34767,2.34258e-07,365.413,42770.9,2.99668e-07,413.588,52327.9,8.28644e-08,468.111,63591.2,-3.07049e-07,529.814,76653.2,-3.1888e-07,599.642,91502.5,-6.72276e-08,678.662,107975,2.26339e-07,768.083,125705,3.69212e-07,869.267,144088,2.04077e-07,983.76,162277,-2.80509e-07,1113.3,179223,-4.22737e-07,1259.87,193777,-1.71951e-07,1425.68,204839,4.55555e-07,11.7194,11.96,12.6541,2.21263,4.16949,0.989383,2.67766,5.84076,0.311842,3.14343,7.55825,0.0972771,3.63127,9.58578,0.0303237,4.15787,12.0912,0.00945211,4.73731,15.2286,0.00294633,5.38238,19.1721,0.000918508,6.10553,24.134,0.000286163,6.91951,30.3791,8.92692e-05,7.83792,38.2397,2.78121e-05,8.87555,48.1338,8.65134e-06,10.0489,60.5876,2.7882e-06,11.3761,76.2629,8.29036e-07,12.8779,95.9927,2.4373e-07,14.5775,120.825,1e-08,16.5012,152.08,1.75749e-07,18.6784,191.415,1e-08,21.1428,240.917,1.91829e-07,23.9322,303.213,1e-08,27.0895,381.602,7.0186e-08,30.6634,480.231,1e-08,34.7087,604.316,2.40784e-07,39.2876,760.401,9.87368e-08,44.4705,956.705,1.22263e-07,50.3371,1203.54,1e-08,56.9776,1513.81,1e-08,64.494,1903.69,1e-08,73.0018,2393.4,3.9185e-07,82.6317,3008.13,1.35379e-07,93.5318,3779.25,1e-08,105.869,4745.7,2.06965e-08,119.834,5955.6,1e-08,135.641,7468.12,1e-08,153.531,9355.62,2.00739e-07,173.781,11705.8,2.28358e-07,196.701,14624.1,1e-08,222.642,18235,1e-08,252.003,22683.4,1e-08,285.234,28134,1e-08,322.845,34767,2.34258e-07,365.413,42770.9,2.99668e-07,413.588,52327.9,8.28644e-08,468.111,63591.2,1e-08,529.814,76653.2,1e-08,599.642,91502.5,1e-08,678.662,107975,2.26339e-07,768.083,125705,3.69212e-07,869.267,144088,2.04077e-07,983.76,162277,1e-08,1113.3,179223,1e-08,1259.87,193777,1e-08,1425.68,204839,4.55555e-07,6.2823,3.27286,2.43537,0.219672,6.18826,2.24117,0.56371,6.87772,2.63624,0.308279,7,16,14,3,4,3,3,9,0,4,3,1,5,15,0,5,12,0,10,19,0,6,30,0,8,9,0,10,24,0,7,29,0,6,71,0,20,57,0,11,54,0,22,113,0,19,107,0,24,171,0,19,100,0,23,167,0,21,220,0,28,532,0,27,334,0,36,533,0,48,1040,0,30,586,0,59,1831,0,25,1216,0,74,1722,0,97,1887,0,100,1377,0,83,5944,0,103,5785,0,83,8477,0,178,6546,0,210,8129,0,300,15716,0,268,15826,0,95,21468,0,307,15448,0,532,36699,0,338,45617,0,164,45051,0,544,48626,0,282,36947,0,878,82003,0,502,72354,0,660,66705,0,567,122194,0,846,69814,0,1357,101336,0,2353,161195,0,716,229367,0,1289,132040,0
-1.05176e+08,1,8.88811e-15,10,1023,0,1.05176e+08,0.528882,1.08665,0.389689,0.145397,0.379329,3.24381,0.161596,0.446195,1.77396,0.159177,1.15e+07,4.49998e+06,6.79999e+06,1.15e+07,4.49997e+06,6.79999e+06,1.15e+07,4.49996e+06,6.79999e+06,1.15e+07,4.49995e+06,6.79999e+06,1.14999e+07,4.49993e+06,6.79999e+06,1.14999e+07,4.49991e+06,6.79999e+06,1.14999e+07,4.49989e+06,6.79999e+06,1.14999e+07,4.49986e+06,6.79999e+06,1.14999e+07,4.49982e+06,6.79999e+06,1.14999e+07,4.49977e+06,6.79999e+06,1.14999e+07,4.49971e+06,6.79999e+06,1.14999e+07,4.49963e+06,6.79999e+06,1.14998e+07,4.49953e+06,6.79999e+06,1.14998e+07,4.49941e+06,6.79999e+06,1.14998e+07,4.49926e+06,6.79999e+06,1.14998e+07,4.49906e+06,6.79999e+06,1.14997e+07,4.49882e+06,6.79999e+06,1.14997e+07,4.49851e+06,6.79999e+06,1.14997e+07,4.49812e+06,6.79999e+06,1.14996e+07,4.49764e+06,6.79999e+06,1.14996e+07,4.49702e+06,6.79999e+06,1.14995e+07,4.49625e+06,6.79999e+06,1.14995e+07,4.49528e+06,6.79999e+06,1.14994e+07,4.49406e+06,6.79999e+06,1.14993e+07,4.49253e+06,6.79999e+06,1.14992e+07,4.49059e+06,6.79999e+06,1.14991e+07,4.48817e+06,6.79999e+06,1.1499e+07,4.48511e+06,6.79999e+06,1.14988e+07,4.48128e+06,6.79999e+06,1.14987e+07,4.47646e+06,6.79999e+06,1.14985e+07,4.47041e+06,6.79999e+06,1.14983e+07,4.46281e+06,6.79999e+06,1.14981e+07,4.4533e+06,6.79999e+06,1.14979e+07,4.44138e+06,6.79999e+06,1.14976e+07,4.42649e+06,6.79999e+06,1.14972e+07,4.40789e+06,6.79999e+06,1.14969e+07,4.38471e+06,6.79999e+06,1.14965e+07,4.35592e+06,6.79999e+06,1.1496e+07,4.32027e+06,6.79999e+06,1.14955e+07,4.27629e+06,6.79999e+06,1.14949e+07,4.22231e+06,6.79999e+06,1.14942e+07,4.15647e+06,6.79999e+06,1.14934e+07,4.07676e+06,6.79999e+06,1.14926e+07,3.98112e+06,6.79999e+06,1.14916e+07,3.86765e+06,6.79999e+06,1.14905e+07,3.73474e+06,6.79999e+06,1.14892e+07,3.58148e+06,6.79999e+06,1.14878e+07,3.40785e+06,6.79999e+06,1.14862e+07,3.21513e+06,6.79999e+06,1.14844e+07,3.00605e+06,6.79999e+06,1.14823e+07,2.7848e+06,6.79999e+06,1.148e+07,2.5568e+06,6.79999e+06,1.14773e+07,2.32825e+06,6.79999e+06,13.5742,8.52444,0.508366,16.8306,13.2585,0.162638,20.0035,17.569,0.0507846,23.2616,22.4214,0.0158319,26.7328,28.3297,0.00493498,30.5212,35.6974,0.00153831,34.7178,44.9473,0.000479527,39.4086,56.5822,0.000149456,44.6796,71.2245,4.66214e-05,50.6209,89.6543,1.45419e-05,57.3297,112.852,4.54748e-06,64.9129,142.051,1.43857e-06,73.4897,178.803,4.36618e-07,83.1934,225.062,1.40153e-07,94.1745,283.286,4.96378e-08,106.602,356.568,1.05434e-07,120.669,448.799,-6.49244e-08,136.59,564.873,1.70148e-07,154.611,710.948,-5.34594e-08,175.008,894.767,1.63407e-07,198.097,1126.06,8.04804e-08,224.231,1417.07,1.14667e-07,253.813,1783.15,-1.71227e-07,287.297,2243.62,-2.88466e-07,325.198,2822.67,-4.33651e-07,368.098,3550.67,7.9318e-08,416.657,4465.65,3.13319e-07,471.621,5615.16,3.4613e-07,533.835,7058.61,-1.19199e-07,604.255,8870.02,-2.79964e-07,683.962,11141.4,-2.30521e-07,774.182,13986.7,-2.55099e-07,876.299,17546.4,1.23585e-07,991.883,21993.1,1.41192e-07,1122.71,27536.7,-9.71886e-08,1270.78,34430.7,-3.68368e-07,1438.38,42977.7,-3.45379e-07,1628.07,53532.7,-3.25328e-09,1842.77,66504.6,2.6362e-07,2085.77,82350.2,2.53445e-07,2360.79,101560,-2.47407e-08,2672.05,124632,-3.80602e-07,3024.31,152018,-4.79005e-07,3422.98,184060,-1.14379e-07,3874.15,220884,2.64297e-07,4384.72,262283,3.44131e-07,4962.49,307576,7.5349e-08,5616.29,355497,-3.63097e-07,6356.1,404126,-6.05442e-07,7193.18,450932,-2.72333e-07,8140.28,492963,2.29675e-07,9211.79,527178,4.3387e-07,10424,550893,-1.0711e-07,10.102,8.06553,2.81012,10.6436,8.57909,0.869423,11.5336,10.2515,0.270869,12.7211,12.7138,0.0844293,14.1823,15.9373,0.0263173,15.9122,20.0383,0.0082035,17.9198,25.2154,0.00255722,20.2244,31.7373,0.000797017,22.8539,39.9486,0.000248622,25.8438,50.2851,7.75492e-05,29.237,63.2963,2.42508e-05,33.0837,79.6738,7.67162e-06,37.4415,100.288,2.32837e-06,42.3767,126.236,7.33e-07,47.9646,158.896,2.79256e-07,54.2906,200.003,9.87351e-09,61.452,251.741,1.61085e-07,69.5585,316.859,-2.47141e-07,78.7347,398.812,8.93552e-08,89.1218,501.948,-2.53231e-07,100.879,631.736,-1.25047e-07,114.188,795.049,-1.78808e-07,129.252,1000.53,2.6733e-07,146.304,1259.03,4.50292e-07,165.605,1584.19,6.76904e-07,187.452,1993.12,-1.23808e-07,212.181,2507.27,-4.89068e-07,240.173,3153.54,-5.40284e-07,271.856,3965.56,1.86061e-07,307.719,4985.38,4.37004e-07,348.313,6265.4,3.59828e-07,394.26,7870.83,3.98192e-07,446.268,9882.51,-1.92908e-07,505.135,12400.3,-2.20392e-07,571.766,15546.9,1.51705e-07,647.184,19472.2,5.74996e-07,732.547,24357.4,5.39112e-07,829.167,30420,5.07815e-09,938.526,37916.3,-4.11492e-07,1062.3,47143.9,-3.9561e-07,1202.4,58439.2,3.86185e-08,1360.96,72169.3,5.94093e-07,1540.42,88715.8,7.47693e-07,1743.53,108445,1.78537e-07,1973.41,131665,-4.12549e-07,2233.57,158557,-5.37164e-07,2528,189103,-1.17615e-07,2861.2,222986,5.66769e-07,3238.27,259510,9.45053e-07,3664.97,297540,4.25093e-07,4147.81,335497,-3.58506e-07,4694.17,371444,-6.7724e-07,5312.37,403256,1.67192e-07,1.61744,3.89446,9.84394,3.28846,7.5504,12.774,5.07607,11.7187,13.6844,7.03202,16.8147,13.9681,9.20215,23.1769,14.0566,11.6301,31.1672,14.0841,14.3598,41.2186,14.0927,17.4376,53.8688,14.0954,20.9137,69.7915,14.0962,24.8432,89.8341,14.0965,29.2879,115.063,14.0966,34.3168,146.819,14.0966,40.0078,186.792,14.0966,46.4487,237.107,14.0966,53.7388,300.44,14.0966,61.9903,380.158,14.0966,71.3301,480.499,14.0966,81.902,606.796,14.0966,93.8685,765.761,14.0966,107.414,965.837,14.0966,122.746,1217.65,14.0966,140.101,1534.57,14.0966,159.745,1933.41,14.0966,181.981,2435.3,14.0966,207.15,3066.85,14.0966,235.64,3861.46,14.0966,267.889,4861.11,14.0966,304.391,6118.54,14.0966,345.709,7699.91,14.0966,392.478,9688.22,14.0966,445.417,12187.5,14.0966,505.339,15327.7,14.0966,573.165,19271.6,14.0966,649.938,24222,14.0966,736.839,30430.9,14.0966,835.202,38211.5,14.0966,946.539,47950.3,14.0966,1072.56,60122.8,14.0966,1215.21,75309.9,14.0966,1376.66,94216.2,14.0966,1559.41,117688,14.0966,1766.26,146729,14.0966,2000.39,182510,14.0966,2265.39,226372,14.0966,2565.33,279806,14.0966,2904.81,344416,14.0966,3289.05,421845,14.0966,3723.93,513667,14.0966,4216.13,621231,14.0966,4773.18,745478,14.0966,5403.64,886744,14.0966,6117.15,1.04457e+06,14.0966,6924.63,1.2176e+06,14.0966,11.7194,11.96,12.6541,13.9321,16.1295,13.6434,16.6097,21.9702,13.9553,19.7532,29.5285,14.0526,23.3844,39.1143,14.0829,27.5423,51.2054,14.0923,32.2796,66.434,14.0953,37.662,85.6061,14.0962,43.7675,109.74,14.0965,50.687,140.119,14.0966,58.5249,178.359,14.0966,67.4005,226.493,14.0966,77.4493,287.08,14.0966,88.8254,363.343,14.0966,101.703,459.336,14.0966,116.281,580.161,14.0966,132.782,732.241,14.0966,151.46,923.655,14.0966,172.603,1164.57,14.0966,196.535,1467.79,14.0966,223.625,1849.39,14.0966,254.288,2329.62,14.0966,288.997,2933.93,14.0966,328.285,3694.33,14.0966,372.755,4651.04,14.0966,423.092,5854.57,14.0966,480.07,7368.38,14.0966,544.564,9272.08,14.0966,617.566,11665.5,14.0966,700.197,14673.6,14.0966,793.729,18452.9,14.0966,899.599,23198.6,14.0966,1019.43,29154.1,14.0966,1155.07,36622.3,14.0966,1308.6,45977.9,14.0966,1482.39,57683.7,14.0966,1679.09,72307.8,14.0966,1901.73,90542.8,14.0966,2153.73,113226,14.0966,2438.97,141360,14.0966,2761.81,176127,14.0966,3127.22,218898,14.0966,3540.81,271226,14.0966,4008.92,334817,14.0966,4538.74,411470,14.0966,5138.38,502973,14.0966,5817.04,610948,14.0966,6585.12,736653,14.0966,7454.39,880741,14.0966,8438.15,1.04302e+06,14.0966,9551.45,1.22224e+06,14.0966,10811.3,1.41602e+06,14.0966,12237,1.62086e+06,14.0966,11.7194,11.96,12.6541,2.21263,4.16949,0.989383,2.67766,5.84076,0.311842,3.14343,7.55825,0.0972771,3.63127,9.58578,0.0303237,4.15787,12.0912,0.00945211,4.73731,15.2286,0.00294633,5.38238,19.1721,0.000918508,6.10553,24.134,0.000286163,6.91951,30.3791,8.92692e-05,7.83792,38.2397,2.78121e-05,8.87555,48.1338,8.65134e-06,10.0489,60.5876,2.7882e-06,11.3761,76.2629,8.29036e-07,12.8779,95.9927,2.4373e-07,14.5775,120.825,4.33068e-09,16.5012,152.08,1.75749e-07,18.6784,191.415,-1.86328e-07,21.1428,240.917,1.91829e-07,23.9322,303.213,-1.81475e-07,27.0895,381.602,7.0186e-08,30.6634,480.231,-2.86769e-08,34.7087,604.316,2.40784e-07,39.2876,760.401,9.87368e-08,44.4705,956.705,1.22263e-07,50.3371,1203.54,-4.31966e-07,56.9776,1513.81,-1.9705e-07,64.494,1903.69,-2.763e-08,73.0018,2393.4,3.9185e-07,82.6317,3008.13,1.35379e-07,93.5318,3779.25,-4.16351e-08,105.869,4745.7,2.06965e-08,119.834,5955.6,-3.18887e-07,135.641,7468.12,-1.48271e-08,153.531,9355.62,2.00739e-07,173.781,11705.8,2.28358e-07,196.701,14624.1,-1.93587e-08,222.642,18235,-2.88101e-07,252.003,22683.4,-2.24732e-07,285.234,28134,8.56806e-09,322.845,34767,2.34258e-07,365.413,42770.9,2.99668e-07,413.588,52327.9,8.28644e-08,468.111,63591.2,-3.07049e-07,529.814,76653.2,-3.1888e-07,599.642,91502.5,-6.72276e-08,678.662,107975,2.26339e-07,768.083,125705,3.69212e-07,869.267,144088,2.04077e-07,983.76,162277,-2.80509e-07,1113.3,179223,-4.22737e-07,1259.87,193777,-1.71951e-07,1425.68,204839,4.55555e-07,11.7194,11.96,12.6541,2.21263,4.16949,0.989383,2.67766,5.84076,0.311842,3.14343,7.55825,0.0972771,3.63127,9.58578,0.0303237,4.15787,12.0912,0.00945211,4.73731,15.2286,0.00294633,5.38238,19.1721,0.000918508,6.10553,24.134,0.000286163,6.91951,30.3791,8.92692e-05,7.83792,38.2397,2.78121e-05,8.87555,48.1338,8.65134e-06,10.0489,60.5876,2.7882e-06,11.3761,76.2629,8.29036e-07,12.8779,95.9927,2.4373e-07,14.5775,120.825,1e-08,16.5012,152.08,1.75749e-07,18.6784,191.415,1e-08,21.1428,240.917,1.91829e-07,23.9322,303.213,1e-08,27.0895,381.602,7.0186e-08,30.6634,480.231,1e-08,34.7087,604.316,2.40784e-07,39.2876,760.401,9.87368e-08,44.4705,956.705,1.22263e-07,50.3371,1203.54,1e-08,56.9776,1513.81,1e-08,64.494,1903.69,1e-08,73.0018,2393.4,3.9185e-07,82.6317,3008.13,1.35379e-07,93.5318,3779.25,1e-08,105.869,4745.7,2.06965e-08,119.834,5955.6,1e-08,135.641,7468.12,1e-08,153.531,9355.62,2.00739e-07,173.781,11705.8,2.28358e-07,196.701,14624.1,1e-08,222.642,18235,1e-08,252.003,22683.4,1e-08,285.234,28134,1e-08,322.845,34767,2.34258e-07,365.413,42770.9,2.99668e-07,413.588,52327.9,8.28644e-08,468.111,63591.2,1e-08,529.814,76653.2,1e-08,599.642,91502.5,1e-08,678.662,107975,2.26339e-07,768.083,125705,3.69212e-07,869.267,144088,2.04077e-07,983.76,162277,1e-08,1113.3,179223,1e-08,1259.87,193777,1e-08,1425.68,204839,4.55555e-07,6.2823,3.27286,2.43537,0.219672,6.18826,2.24117,0.56371,6.87772,2.63624,0.308279,10,22,14,3,5,2,4,3,0,2,9,0,4,13,0,5,19,0,4,10,0,1,27,0,0,27,0,5,16,0,7,26,0,11,32,0,6,51,0,11,60,0,10,40,0,6,98,0,29,289,0,9,121,0,24,129,0,10,399,0,25,690,0,27,666,0,27,389,0,35,730,0,26,1478,0,41,1549,0,72,1966,0,68,2337,0,69,2390,0,101,1843,0,131,9279,0,81,1866,0,65,3465,0,190,9050,0,112,10128,0,135,14954,0,258,35970,0,238,23565,0,273,25034,0,163,16498,0,676,43836,0,287,19796,0,432,40901,0,344,96950,0,168,124527,0,355,119312,0,709,58251,0,340,107525,0,991,100864,0,465,91896,0,1670,158558,0,878,133481,0,1842,307830,0
-1.05176e+08,1,8.88811e-15,10,1023,0,1.05176e+08,0.528882,1.08665,0.389689,0.145397,0.379329,3.24381,0.161596,0.446195,1.77396,0.159177,1.15e+07,4.49998e+06,6.79999e+06,1.15e+07,4.49997e+06,6.79999e+06,1.15e+07,4.49996e+06,6.79999e+06,1.15e+07,4.49995e+06,6.79999e+06,1.14999e+07,4.49993e+06,6.79999e+06,1.14999e+07,4.49991e+06,6.79999e+06,1.14999e+07,4.49989e+06,6.79999e+06,1.14999e+07,4.49986e+06,6.79999e+06,1.14999e+07,4.49982e+06,6.79999e+06,1.14999e+07,4.49977e+06,6.79999e+06,1.14999e+07,4.49971e+06,6.79999e+06,1.14999e+07,4.49963e+06,6.79999e+06,1.14998e+07,4.49953e+06,6.79999e+06,1.14998e+07,4.49941e+06,6.79999e+06,1.14998e+07,4.49926e+06,6.79999e+06,1.14998e+07,4.49906e+06,6.79999e+06,1.14997e+07,4.49882e+06,6.79999e+06,1.14997e+07,4.49851e+06,6.79999e+06,1.14997e+07,4.49812e+06,6.79999e+06,1.14996e+07,4.49764e+06,6.79999e+06,1.14996e+07,4.49702e+06,6.79999e+06,1.14995e+07,4.49625e+06,6.79999e+06,1.14995e+07,4.49528e+06,6.79999e+06,1.14994e+07,4.49406e+06,6.79999e+06,1.14993e+07,4.49253e+06,6.79999e+06,1.14992e+07,4.49059e+06,6.79999e+06,1.14991e+07,4.48817e+06,6.79999e+06,1.1499e+07,4.48511e+06,6.79999e+06,1.14988e+07,4.48128e+06,6.79999e+06,1.14987e+07,4.47646e+06,6.79999e+06,1.14985e+07,4.47041e+06,6.79999e+06,1.14983e+07,4.46281e+06,6.79999e+06,1.14981e+07,4.4533e+06,6.79999e+06,1.14979e+07,4.44138e+06,6.79999e+06,1.14976e+07,4.42649e+06,6.79999e+06,1.14972e+07,4.40789e+06,6.79999e+06,1.14969e+07,4.38471e+06,6.79999e+06,1.14965e+07,4.35592e+06,6.79999e+06,1.1496e+07,4.32027e+06,6.79999e+06,1.14955e+07,4.27629e+06,6.79999e+06,1.14949e+07,4.22231e+06,6.79999e+06,1.14942e+07,4.15647e+06,6.79999e+06,1.14934e+07,4.07676e+06,6.79999e+06,1.14926e+07,3.98112e+06,6.79999e+06,1.14916e+07,3.86765e+06,6.79999e+06,1.14905e+07,3.73474e+06,6.79999e+06,1.14892e+07,3.58148e+06,6.79999e+06,1.14878e+07,3.40785e+06,6.79999e+06,1.14862e+07,3.21513e+06,6.79999e+06,1.14844e+07,3.00605e+06,6.79999e+06,1.14823e+07,2.7848e+06,6.79999e+06,1.148e+07,2.5568e+06,6.79999e+06,1.14773e+07,2.32825e+06,6.79999e+06,13.5742,8.52444,0.508366,16.8306,13.2585,0.162638,20.0035,17.569,0.0507846,23.2616,22.4214,0.0158319,26.7328,28.3297,0.00493498,30.5212,35.6974,0.00153831,34.7178,44.9473,0.000479527,39.4086,56.5822,0.000149456,44.6796,71.2245,4.66214e-05,50.6209,89.6543,1.45419e-05,57.3297,112.852,4.54748e-06,64.9129,142.051,1.43857e-06,73.4897,178.803,4.36618e-07,83.1934,225.062,1.40153e-07,94.1745,283.286,4.96378e-08,106.602,356.568,1.05434e-07,120.669,448.799,-6.49244e-08,136.59,564.873,1.70148e-07,154.611,710.948,-5.34594e-08,175.008,894.767,1.63407e-07,198.097,1126.06,8.04804e-08,224.231,1417.07,1.14667e-07,253.813,1783.15,-1.71227e-07,287.297,2243.62,-2.88466e-07,325.198,2822.67,-4.33651e-07,368.098,3550.67,7.9318e-08,416.657,4465.65,3.13319e-07,471.621,5615.16,3.4613e-07,533.835,7058.61,-1.19199e-07,604.255,8870.02,-2.79964e-07,683.962,11141.4,-2.30521e-07,774.182,13986.7,-2.55099e-07,876.299,17546.4,1.23585e-07,991.883,21993.1,1.41192e-07,1122.71,27536.7,-9.71886e-08,1270.78,34430.7,-3.68368e-07,1438.38,42977.7,-3.45379e-07,1628.07,53532.7,-3.25328e-09,1842.77,66504.6,2.6362e-07,2085.77,82350.2,2.53445e-07,2360.79,101560,-2.47407e-08,2672.05,124632,-3.80602e-07,3024.31,152018,-4.79005e-07,3422.98,184060,-1.14379e-07,3874.15,220884,2.64297e-07,4384.72,262283,3.44131e-07,4962.49,307576,7.5349e-08,5616.29,355497,-3.63097e-07,6356.1,404126,-6.05442e-07,7193.18,450932,-2.72333e-07,8140.28,492963,2.29675e-07,9211.79,527178,4.3387e-07,10424,550893,-1.0711e-07,10.102,8.06553,2.81012,10.6436,8.57909,0.869423,11.5336,10.2515,0.270869,12.7211,12.7138,0.0844293,14.1823,15.9373,0.0263173,15.9122,20.0383,0.0082035,17.9198,25.2154,0.00255722,20.2244,31.7373,0.000797017,22.8539,39.9486,0.000248622,25.8438,50.2851,7.75492e-05,29.237,63.2963,2.42508e-05,33.0837,79.6738,7.67162e-06,37.4415,100.288,2.32837e-06,42.3767,126.236,7.33e-07,47.9646,158.896,2.79256e-07,54.2906,200.003,9.87351e-09,61.452,251.741,1.61085e-07,69.5585,316.859,-2.47141e-07,78.7347,398.812,8.93552e-08,89.1218,501.948,-2.53231e-07,100.879,631.736,-1.25047e-07,114.188,795.049,-1.78808e-07,129.252,1000.53,2.6733e-07,146.304,1259.03,4.50292e-07,165.605,1584.19,6.76904e-07,187.452,1993.12,-1.23808e-07,212.181,2507.27,-4.89068e-07,240.173,3153.54,-5.40284e-07,271.856,3965.56,1.86061e-07,307.719,4985.38,4.37004e-07,348.313,6265.4,3.59828e-07,394.26,7870.83,3.98192e-07,446.268,9882.51,-1.92908e-07,505.135,12400.3,-2.20392e-07,571.766,15546.9,1.51705e-07,647.184,19472.2,5.74996e-07,732.547,24357.4,5.39112e-07,829.167,30420,5.07815e-09,938.526,37916.3,-4.11492e-07,1062.3,47143.9,-3.9561e-07,1202.4,58439.2,3.86185e-08,1360.96,72169.3,5.94093e-07,1540.42,88715.8,7.47693e-07,1743.53,108445,1.78537e-07,1973.41,131665,-4.12549e-07,2233.57,158557,-5.37164e-07,2528,189103,-1.17615e-07,2861.2,222986,5.66769e-07,3238.27,259510,9.45053e-07,3664.97,297540,4.25093e-07,4147.81,335497,-3.58506e-07,4694.17,371444,-6.7724e-07,5312.37,403256,1.67192e-07,1.61744,3.89446,9.84394,3.28846,7.5504,12.774,5.07607,11.7187,13.6844,7.03202,16.8147,13.9681,9.20215,23.1769,14.0566,11.6301,31.1672,14.0841,14.3598,41.2186,14.0927,17.4376,53.8688,14.0954,20.9137,69.7915,14.0962,24.8432,89.8341,14.0965,29.2879,115.063,14.0966,34.3168,146.819,14.0966,40.0078,186.792,14.0966,46.4487,237.107,14.0966,53.7388,300.44,14.0966,61.9903,380.158,14.0966,71.3301,480.499,14.0966,81.902,606.796,14.0966,93.8685,765.761,14.0966,107.414,965.837,14.0966,122.746,1217.65,14.0966,140.101,1534.57,14.0966,159.745,1933.41,14.0966,181.981,2435.3,14.0966,207.15,3066.85,14.0966,235.64,3861.46,14.0966,267.889,4861.11,14.0966,304.391,6118.54,14.0966,345.709,7699.91,14.0966,392.478,9688.22,14.0966,445.417,12187.5,14.0966,505.339,15327.7,14.0966,573.165,19271.6,14.0966,649.938,24222,14.0966,736.839,30430.9,14.0966,835.202,38211.5,14.0966,946.539,47950.3,14.0966,1072.56,60122.8,14.0966,1215.21,75309.9,14.0966,1376.66,94216.2,14.0966,1559.41,117688,14.0966,1766.26,146729,14.0966,2000.39,182510,14.0966,2265.39,226372,14.0966,2565.33,279806,14.0966,2904.81,344416,14.0966,3289.05,421845,14.0966,3723.93,513667,14.0966,4216.13,621231,14.0966,4773.18,745478,14.0966,5403.64,886744,14.0966,6117.15,1.04457e+06,14.0966,6924.63,1.2176e+06,14.0966,11.7194,11.96,12.6541,13.9321,16.1295,13.6434,16.6097,21.9702,13.9553,19.7532,29.5285,14.0526,23.3844,39.1143,14.0829,27.5423,51.2054,14.0923,32.2796,66.434,14.0953,37.662,85.6061,14.0962,43.7675,109.74,14.0965,50.687,140.119,14.0966,58.5249,178.359,14.0966,67.4005,226.493,14.0966,77.4493,287.08,14.0966,88.8254,363.343,14.0966,101.703,459.336,14.0966,116.281,580.161,14.0966,132.782,732.241,14.0966,151.46,923.655,14.0966,172.603,1164.57,14.0966,196.535,1467.79,14.0966,223.625,1849.39,14.0966,254.288,2329.62,14.0966,288.997,2933.93,14.0966,328.285,3694.33,14.0966,372.755,4651.04,14.0966,423.092,5854.57,14.0966,480.07,7368.38,14.0966,544.564,9272.08,14.0966,617.566,11665.5,14.0966,700.197,14673.6,14.0966,793.729,18452.9,14.0966,899.599,23198.6,14.0966,1019.43,29154.1,14.0966,1155.07,36622.3,14.0966,1308.6,45977.9,14.0966,1482.39,57683.7,14.0966,1679.09,72307.8,14.0966,1901.73,90542.8,14.0966,2153.73,113226,14.0966,2438.97,141360,14.0966,2761.81,176127,14.0966,3127.22,218898,14.0966,3540.81,271226,14.0966,4008.92,334817,14.0966,4538.74,411470,14.0966,5138.38,502973,14.0966,5817.04,610948,14.0966,6585.12,736653,14.0966,7454.39,880741,14.0966,8438.15,1.04302e+06,14.0966,9551.45,1.22224e+06,14.0966,10811.3,1.41602e+06,14.0966,12237,1.62086e+06,14.0966,11.7194,11.96,12.6541,2.21263,4.16949,0.989383,2.67766,5.84076,0.311842,3.14343,7.55825,0.0972771,3.63127,9.58578,0.0303237,4.15787,12.0912,0.00945211,4.73731,15.2286,0.00294633,5.38238,19.1721,0.000918508,6.10553,24.134,0.000286163,6.91951,30.3791,8.92692e-05,7.83792,38.2397,2.78121e-05,8.87555,48.1338,8.65134e-06,10.0489,60.5876,2.7882e-06,11.3761,76.2629,8.29036e-07,12.8779,95.9927,2.4373e-07,14.5775,120.825,4.33068e-09,16.5012,152.08,1.75749e-07,18.6784,191.415,-1.86328e-07,21.1428,240.917,1.91829e-07,23.9322,303.213,-1.81475e-07,27.0895,381.602,7.0186e-08,30.6634,480.231,-2.86769e-08,34.7087,604.316,2.40784e-07,39.2876,760.401,9.87368e-08,44.4705,956.705,1.22263e-07,50.3371,1203.54,-4.31966e-07,56.9776,1513.81,-1.9705e-07,64.494,1903.69,-2.763e-08,73.0018,2393.4,3.9185e-07,82.6317,3008.13,1.35379e-07,93.5318,3779.25,-4.16351e-08,105.869,4745.7,2.06965e-08,119.834,5955.6,-3.18887e-07,135.641,7468.12,-1.48271e-08,153.531,9355.62,2.00739e-07,173.781,11705.8,2.28358e-07,196.701,14624.1,-1.93587e-08,222.642,18235,-2.88101e-07,252.003,22683.4,-2.24732e-07,285.234,28134,8.56806e-09,322.845,34767,2.34258e-07,365.413,42770.9,2.99668e-07,413.588,52327.9,8.28644e-08,468.111,63591.2,-3.07049e-07,529.814,76653.2,-3.1888e-07,599.642,91502.5,-6.72276e-08,678.662,107975,2.26339e-07,768.083,125705,3.69212e-07,869.267,144088,2.04077e-07,983.76,162277,-2.80509e-07,1113.3,179223,-4.22737e-07,1259.87,193777,-1.71951e-07,1425.68,204839,4.55555e-07,11.7194,11.96,12.6541,2.21263,4.16949,0.989383,2.67766,5.84076,0.311842,3.14343,7.55825,0.0972771,3.63127,9.58578,0.0303237,4.15787,12.0912,0.00945211,4.73731,15.2286,0.00294633,5.38238,19.1721,0.000918508,6.10553,24.134,0.000286163,6.91951,30.3791,8.92692e-05,7.83792,38.2397,2.78121e-05,8.87555,48.1338,8.65134e-06,10.0489,60.5876,2.7882e-06,11.3761,76.2629,8.29036e-07,12.8779,95.9927,2.4373e-07,14.5775,120.825,1e-08,16.5012,152.08,1.75749e-07,18.6784,191.415,1e-08,21.1428,240.917,1.91829e-07,23.9322,303.213,1e-08,27.0895,381.602,7.0186e-08,30.6634,480.231,1e-08,34.7087,604.316,2.40784e-07,39.2876,760.401,9.87368e-08,44.4705,956.705,1.22263e-07,50.3371,1203.54,1e-08,56.9776,1513.81,1e-08,64.494,1903.69,1e-08,73.0018,2393.4,3.9185e-07,82.6317,3008.13,1.35379e-07,93.5318,3779.25,1e-08,105.869,4745.7,2.06965e-08,119.834,5955.6,1e-08,135.641,7468.12,1e-08,153.531,9355.62,2.00739e-07,173.781,11705.8,2.28358e-07,196.701,14624.1,1e-08,222.642,18235,1e-08,252.003,22683.4,1e-08,285.234,28134,1e-08,322.845,34767,2.34258e-07,365.413,42770.9,2.99668e-07,413.588,52327.9,8.28644e-08,468.111,63591.2,1e-08,529.814,76653.2,1e-08,599.642,91502.5,1e-08,678.662,107975,2.26339e-07,768.083,125705,3.69212e-07,869.267,144088,2.04077e-07,983.76,162277,1e-08,1113.3,179223,1e-08,1259.87,193777,1e-08,1425.68,204839,4.55555e-07,6.2823,3.27286,2.43537,0.219672,6.18826,2.24117,0.56371,6.87772,2.63624,0.308279,24,8,9,2,6,1,1,7,0,6,3,0,2,7,0,4,9,0,4,27,0,5,16,0,4,29,0,3,22,0,3,25,0,0,47,0,12,51,0,10,61,0,20,93,0,7,34,0,16,105,0,29,230,0,29,394,0,31,532,0,23,282,0,34,610,0,24,627,0,43,469,0,27,1584,0,54,787,0,55,1095,0,71,621,0,58,2365,0,65,3486,0,99,3326,0,71,6542,0,142,9199,0,250,5813,0,173,9200,0,89,5372,0,79,17802,0,95,23145,0,280,28414,0,255,9603,0,285,38812,0,250,25287,0,462,79019,0,767,58635,0,613,85988,0,533,38419,0,777,103589,0,560,286251,0,1651,107404,0,966,143262,0,1328,262203,0,1545,255089,0,1184,133922,0
-1.05176e+08,1,8.88811e-15,10,1023,0,1.05176e+08,0.528882,1.08665,0.389689,0.145397,0.379329,3.24381,0.161596,0.446195,1.77396,0.159177,1.15e+07,4.49998e+06,6.79999e+06,1.15e+07,4.49997e+06,6.79999e+06,1.15e+07,4.49996e+06,6.79999e+06,1.15e+07,4.49995e+06,6.79999e+06,1.14999e+07,4.49993e+06,6.79999e+06,1.14999e+07,4.49991e+06,6.79999e+06,1.14999e+07,4.49989e+06,6.79999e+06,1.14999e+07,4.49986e+06,6.79999e+06,1.14999e+07,4.49982e+06,6.79999e+06,1.14999e+07,4.49977e+06,6.79999e+06,1.14999e+07,4.49971e+06,6.79999e+06,1.14999e+07,4.49963e+06,6.79999e+06,1.14998e+07,4.49953e+06,6.79999e+06,1.14998e+07,4.49941e+06,6.79999e+06,1.14998e+07,4.49926e+06,6.79999e+06,1.14998e+07,4.49906e+06,6.79999e+06,1.14997e+07,4.49882e+06,6.79999e+06,1.14997e+07,4.49851e+06,6.79999e+06,1.14997e+07,4.49812e+06,6.79999e+06,1.14996e+07,4.49764e+06,6.79999e+06,1.14996e+07,4.49702e+06,6.79999e+06,1.14995e+07,4.49625e+06,6.79999e+06,1.14995e+07,4.49528e+06,6.79999e+06,1.14994e+07,4.49406e+06,6.79999e+06,1.14993e+07,4.49253e+06,6.79999e+06,1.14992e+07,4.49059e+06,6.79999e+06,1.14991e+07,4.48817e+06,6.79999e+06,1.1499e+07,4.48511e+06,6.79999e+06,1.14988e+07,4.48128e+06,6.79999e+06,1.14987e+07,4.47646e+06,6.79999e+06,1.14985e+07,4.47041e+06,6.79999e+06,1.14983e+07,4.46281e+06,6.79999e+06,1.14981e+07,4.4533e+06,6.79999e+06,1.14979e+07,4.44138e+06,6.79999e+06,1.14976e+07,4.42649e+06,6.79999e+06,1.14972e+07,4.40789e+06,6.79999e+06,1.14969e+07,4.38471e+06,6.79999e+06,1.14965e+07,4.35592e+06,6.79999e+06,1.1496e+07,4.32027e+06,6.79999e+06,1.14955e+07,4.27629e+06,6.79999e+06,1.14949e+07,4.22231e+06,6.79999e+06,1.14942e+07,4.15647e+06,6.79999e+06,1.14934e+07,4.07676e+06,6.79999e+06,1.14926e+07,3.98112e+06,6.79999e+06,1.14916e+07,3.86765e+06,6.79999e+06,1.14905e+07,3.73474e+06,6.79999e+06,1.14892e+07,3.58148e+06,6.79999e+06,1.14878e+07,3.40785e+06,6.79999e+06,1.14862e+07,3.21513e+06,6.79999e+06,1.14844e+07,3.00605e+06,6.79999e+06,1.14823e+07,2.7848e+06,6.79999e+06,1.148e+07,2.5568e+06,6.79999e+06,1.14773e+07,2.32825e+06,6.79999e+06,13.5742,8.52444,0.508366,16.8306,13.2585,0.162638,20.0035,17.569,0.0507846,23.2616,22.4214,0.0158319,26.7328,28.3297,0.00493498,30.5212,35.6974,0.00153831,34.7178,44.9473,0.000479527,39.4086,56.5822,0.000149456,44.6796,71.2245,4.66214e-05,50.6209,89.6543,1.45419e-05,57.3297,112.852,4.54748e-06,64.9129,142.051,1.43857e-06,73.4897,178.803,4.36618e-07,83.1934,225.062,1.40153e-07,94.1745,283.286,4.96378e-08,106.602,356.568,1.05434e-07,120.669,448.799,-6.49244e-08,136.59,564.873,1.70148e-07,154.611,710.948,-5.34594e-08,175.008,894.767,1.63407e-07,198.097,1126.06,8.04804e-08,224.231,1417.07,1.14667e-07,253.813,1783.15,-1.71227e-07,287.297,2243.62,-2.88466e-07,325.198,2822.67,-4.33651e-07,368.098,3550.67,7.9318e-08,416.657,4465.65,3.13319e-07,471.621,5615.16,3.4613e-07,533.835,7058.61,-1.19199e-07,604.255,8870.02,-2.79964e-07,683.962,11141.4,-2.30521e-07,774.182,13986.7,-2.55099e-07,876.299,17546.4,1.23585e-07,991.883,21993.1,1.41192e-07,1122.71,27536.7,-9.71886e-08,1270.78,34430.7,-3.68368e-07,1438.38,42977.7,-3.45379e-07,1628.07,53532.7,-3.25328e-09,1842.77,66504.6,2.6362e-07,2085.77,82350.2,2.53445e-07,2360.79,101560,-2.47407e-08,2672.05,124632,-3.80602e-07,3024.31,152018,-4.79005e-07,3422.98,184060,-1.14379e-07,3874.15,220884,2.64297e-07,4384.72,262283,3.44131e-07,4962.49,307576,7.5349e-08,5616.29,355497,-3.63097e-07,6356.1,404126,-6.05442e-07,7193.18,450932,-2.72333e-07,8140.28,492963,2.29675e-07,9211.79,527178,4.3387e-07,10424,550893,-1.0711e-07,10.102,8.06553,2.81012,10.6436,8.57909,0.869423,11.5336,10.2515,0.270869,12.7211,12.7138,0.0844293,14.1823,15.9373,0.0263173,15.9122,20.0383,0.0082035,17.9198,25.2154,0.00255722,20.2244,31.7373,0.000797017,22.8539,39.9486,0.000248622,25.8438,50.2851,7.75492e-05,29.237,63.2963,2.42508e-05,33.0837,79.6738,7.67162e-06,37.4415,100.288,2.32837e-06,42.3767,126.236,7.33e-07,47.9646,158.896,2.79256e-07,54.2906,200.003,9.87351e-09,61.452,251.741,1.61085e-07,69.5585,316.859,-2.47141e-07,78.7347,398.812,8.93552e-08,89.1218,501.948,-2.53231e-07,100.879,631.736,-1.25047e-07,114.188,795.049,-1.78808e-07,129.252,1000.53,2.6733e-07,146.304,1259.03,4.50292e-07,165.605,1584.19,6.76904e-07,187.452,1993.12,-1.23808e-07,212.181,2507.27,-4.89068e-07,240.173,3153.54,-5.40284e-07,271.856,3965.56,1.86061e-07,307.719,4985.38,4.37004e-07,348.313,6265.4,3.59828e-07,394.26,7870.83,3.98192e-07,446.268,9882.51,-1.92908e-07,505.135,12400.3,-2.20392e-07,571.766,15546.9,1.51705e-07,647.184,19472.2,5.74996e-07,732.547,24357.4,5.39112e-07,829.167,30420,5.07815e-09,938.526,37916.3,-4.11492e-07,1062.3,47143.9,-3.9561e-07,1202.4,58439.2,3.86185e-08,1360.96,72169.3,5.94093e-07,1540.42,88715.8,7.47693e-07,1743.53,108445,1.78537e-07,1973.41,131665,-4.12549e-07,2233.57,158557,-5.37164e-07,2528,189103,-1.17615e-07,2861.2,222986,5.66769e-07,3238.27,259510,9.45053e-07,3664.97,297540,4.25093e-07,4147.81,335497,-3.58506e-07,4694.17,371444,-6.7724e-07,5312.37,403256,1.67192e-07,1.61744,3.89446,9.84394,3.28846,7.5504,12.774,5.07607,11.7187,13.6844,7.03202,16.8147,13.9681,9.20215,23.1769,14.0566,11.6301,31.1672,14.0841,14.3598,41.2186,14.0927,17.4376,53.8688,14.0954,20.9137,69.7915,14.0962,24.8432,89.8341,14.0965,29.2879,115.063,14.0966,34.3168,146.819,14.0966,40.0078,186.792,14.0966,46.4487,237.107,14.0966,53.7388,300.44,14.0966,61.9903,380.158,14.0966,71.3301,480.499,14.0966,81.902,606.796,14.0966,93.8685,765.761,14.0966,107.414,965.837,14.0966,122.746,1217.65,14.0966,140.101,1534.57,14.0966,159.745,1933.41,14.0966,181.981,2435.3,14.0966,207.15,3066.85,14.0966,235.64,3861.46,14.0966,267.889,4861.11,14.0966,304.391,6118.54,14.0966,345.709,7699.91,14.0966,392.478,9688.22,14.0966,445.417,12187.5,14.0966,505.339,15327.7,14.0966,573.165,19271.6,14.0966,649.938,24222,14.0966,736.839,30430.9,14.0966,835.202,38211.5,14.0966,946.539,47950.3,14.0966,1072.56,60122.8,14.0966,1215.21,75309.9,14.0966,1376.66,94216.2,14.0966,1559.41,117688,14.0966,1766.26,146729,14.0966,2000.39,182510,14.0966,2265.39,226372,14.0966,2565.33,279806,14.0966,2904.81,344416,14.0966,3289.05,421845,14.0966,3723.93,513667,14.0966,4216.13,621231,14.0966,4773.18,745478,14.0966,5403.64,886744,14.0966,6117.15,1.04457e+06,14.0966,6924.63,1.2176e+06,14.0966,11.7194,11.96,12.6541,13.9321,16.1295,13.6434,16.6097,21.9702,13.9553,19.7532,29.5285,14.0526,23.3844,39.1143,14.0829,27.5423,51.2054,14.0923,32.2796,66.434,14.0953,37.662,85.6061,14.0962,43.7675,109.74,14.0965,50.687,140.119,14.0966,58.5249,178.359,14.0966,67.4005,226.493,14.0966,77.4493,287.08,14.0966,88.8254,363.343,14.0966,101.703,459.336,14.0966,116.281,580.161,14.0966,132.782,732.241,14.0966,151.46,923.655,14.0966,172.603,1164.57,14.0966,196.535,1467.79,14.0966,223.625,1849.39,14.0966,254.288,2329.62,14.0966,288.997,2933.93,14.0966,328.285,3694.33,14.0966,372.755,4651.04,14.0966,423.092,5854.57,14.0966,480.07,7368.38,14.0966,544.564,9272.08,14.0966,617.566,11665.5,14.0966,700.197,14673.6,14.0966,793.729,18452.9,14.0966,899.599,23198.6,14.0966,1019.43,29154.1,14.0966,1155.07,36622.3,14.0966,1308.6,45977.9,14.0966,1482.39,57683.7,14.0966,1679.09,72307.8,14.0966,1901.73,90542.8,14.0966,2153.73,113226,14.0966,2438.97,141360,14.0966,2761.81,176127,14.0966,3127.22,218898,14.0966,3540.81,271226,14.0966,4008.92,334817,14.0966,4538.74,411470,14.0966,5138.38,502973,14.0966,5817.04,610948,14.0966,6585.12,736653,14.0966,7454.39,880741,14.0966,8438.15,1.04302e+06,14.0966,9551.45,1.22224e+06,14.0966,10811.3,1.41602e+06,14.0966,12237,1.62086e+06,14.0966,11.7194,11.96,12.6541,2.21263,4.16949,0.989383,2.67766,5.84076,0.311842,3.14343,7.55825,0.0972771,3.63127,9.58578,0.0303237,4.15787,12.0912,0.00945211,4.73731,15.2286,0.00294633,5.38238,19.1721,0.000918508,6.10553,24.134,0.000286163,6.91951,30.3791,8.92692e-05,7.83792,38.2397,2.78121e-05,8.87555,48.1338,8.65134e-06,10.0489,60.5876,2.7882e-06,11.3761,76.2629,8.29036e-07,12.8779,95.9927,2.4373e-07,14.5775,120.825,4.33068e-09,16.5012,152.08,1.75749e-07,18.6784,191.415,-1.86328e-07,21.1428,240.917,1.91829e-07,23.9322,303.213,-1.81475e-07,27.0895,381.602,7.0186e-08,30.6634,480.231,-2.86769e-08,34.7087,604.316,2.40784e-07,39.2876,760.401,9.87368e-08,44.4705,956.705,1.22263e-07,50.3371,1203.54,-4.31966e-07,56.9776,1513.81,-1.9705e-07,64.494,1903.69,-2.763e-08,73.0018,2393.4,3.9185e-07,82.6317,3008.13,1.35379e-07,93.5318,3779.25,-4.16351e-08,105.869,4745.7,2.06965e-08,119.834,5955.6,-3.18887e-07,135.641,7468.12,-1.48271e-08,153.531,9355.62,2.00739e-07,173.781,11705.8,2.28358e-07,196.701,14624.1,-1.93587e-08,222.642,18235,-2.88101e-07,252.003,22683.4,-2.24732e-07,285.234,28134,8.56806e-09,322.845,34767,2.34258e-07,365.413,42770.9,2.99668e-07,413.588,52327.9,8.28644e-08,468.111,63591.2,-3.07049e-07,529.814,76653.2,-3.1888e-07,599.642,91502.5,-6.72276e-08,678.662,107975,2.26339e-07,768.083,125705,3.69212e-07,869.267,144088,2.04077e-07,983.76,162277,-2.80509e-07,1113.3,179223,-4.22737e-07,1259.87,193777,-1.71951e-07,1425.68,204839,4.55555e-07,11.7194,11.96,12.6541,2.21263,4.16949,0.989383,2.67766,5.84076,0.311842,3.14343,7.55825,0.0972771,3.63127,9.58578,0.0303237,4.15787,12.0912,0.00945211,4.73731,15.2286,0.00294633,5.38238,19.1721,0.000918508,6.10553,24.134,0.000286163,6.91951,30.3791,8.92692e-05,7.83792,38.2397,2.78121e-05,8.87555,48.1338,8.65134e-06,10.0489,60.5876,2.7882e-06,11.3761,76.2629,8.29036e-07,12.8779,95.9927,2.4373e-07,14.5775,120.825,1e-08,16.5012,152.08,1.75749e-07,18.6784,191.415,1e-08,21.1428,240.917,1.91829e-07,23.9322,303.213,1e-08,27.0895,381.602,7.0186e-08,30.6634,480.231,1e-08,34.7087,604.316,2.40784e-07,39.2876,760.401,9.87368e-08,44.4705,956.705,1.22263e-07,50.3371,1203.54,1e-08,56.9776,1513.81,1e-08,64.494,1903.69,1e-08,73.0018,2393.4,3.9185e-07,82.6317,3008.13,1.35379e-07,93.5318,3779.25,1e-08,105.869,4745.7,2.06965e-08,119.834,5955.6,1e-08,135.641,7468.12,1e-08,153.531,9355.62,2.00739e-07,173.781,11705.8,2.28358e-07,196.701,14624.1,1e-08,222.642,18235,1e-08,252.003,22683.4,1e-08,285.234,28134,1e-08,322.845,34767,2.34258e-07,365.413,42770.9,2.99668e-07,413.588,52327.9,8.28644e-08,468.111,63591.2,1e-08,529.814,76653.2,1e-08,599.642,91502.5,1e-08,678.662,107975,2.26339e-07,768.083,125705,3.69212e-07,869.267,144088,2.04077e-07,983.76,162277,1e-08,1113.3,179223,1e-08,1259.87,193777,1e-08,1425.68,204839,4.55555e-07,6.2823,3.27286,2.43537,0.219672,6.18826,2.24117,0.56371,6.87772,2.63624,0.308279,9,9,12,3,4,2,4,5,0,2,4,0,4,7,1,2,20,0,5,19,0,6,20,0,6,10,0,6,10,0,11,28,0,10,59,0,7,49,0,8,103,0,11,94,0,16,223,0,9,141,0,9,89,0,15,140,0,36,326,0,41,420,0,25,482,0,15,526,0,60,478,0,70,1035,0,47,1583,0,91,1709,0,83,3782,0,81,2317,0,82,1771,0,64,2531,0,156,4689,0,143,5452,0,109,3803,0,276,6084,0,122,6327,0,213,14573,0,303,17979,0,412,51410,0,357,27008,0,309,31532,0,516,25405,0,293,58073,0,520,70976,0,516,87456,0,774,89672,0,1153,53019,0,1052,140630,0,429,161642,0,1371,272087,0,721,96725,0,496,244921,0,1081,131411,0
-1.05176e+08,1,8.88811e-15,10,1023,0,1.05176e+08,0.528882,1.08665,0.389689,0.145397,0.379329,3.24381,0.161596,0.446195,1.77396,0.159177,1.15e+07,4.49998e+06,6.79999e+06,1.15e+07,4.49997e+06,6.79999e+06,1.15e+07,4.49996e+06,6.79999e+06,1.15e+07,4.49995e+06,6.79999e+06,1.14999e+07,4.49993e+06,6.79999e+06,1.14999e+07,4.49991e+06,6.79999e+06,1.14999e+07,4.49989e+06,6.79999e+06,1.14999e+07,4.49986e+06,6.79999e+06,1.14999e+07,4.49982e+06,6.79999e+06,1.14999e+07,4.49977e+06,6.79999e+06,1.14999e+07,4.49971e+06,6.79999e+06,1.14999e+07,4.49963e+06,6.79999e+06,1.14998e+07,4.49953e+06,6.79999e+06,1.14998e+07,4.49941e+06,6.79999e+06,1.14998e+07,4.49926e+06,6.79999e+06,1.14998e+07,4.49906e+06,6.79999e+06,1.14997e+07,4.49882e+06,6.79999e+06,1.14997e+07,4.49851e+06,6.79999e+06,1.14997e+07,4.49812e+06,6.79999e+06,1.14996e+07,4.49764e+06,6.79999e+06,1.14996e+07,4.49702e+06,6.79999e+06,1.14995e+07,4.49625e+06,6.79999e+06,1.14995e+07,4.49528e+06,6.79999e+06,1.14994e+07,4.49406e+06,6.79999e+06,1.14993e+07,4.49253e+06,6.79999e+06,1.14992e+07,4.49059e+06,6.79999e+06,1.14991e+07,4.48817e+06,6.79999e+06,1.1499e+07,4.48511e+06,6.79999e+06,1.14988e+07,4.48128e+06,6.79999e+06,1.14987e+07,4.47646e+06,6.79999e+06,1.14985e+07,4.47041e+06,6.79999e+06,1.14983e+07,4.46281e+06,6.79999e+06,1.14981e+07,4.4533e+06,6.79999e+06,1.14979e+07,4.44138e+06,6.79999e+06,1.14976e+07,4.42649e+06,6.79999e+06,1.14972e+07,4.40789e+06,6.79999e+06,1.14969e+07,4.38471e+06,6.79999e+06,1.14965e+07,4.35592e+06,6.79999e+06,1.1496e+07,4.32027e+06,6.79999e+06,1.14955e+07,4.27629e+06,6.79999e+06,1.14949e+07,4.22231e+06,6.79999e+06,1.14942e+07,4.15647e+06,6.79999e+06,1.14934e+07,4.07676e+06,6.79999e+06,1.14926e+07,3.98112e+06,6.79999e+06,1.14916e+07,3.86765e+06,6.79999e+06,1.14905e+07,3.73474e+06,6.79999e+06,1.14892e+07,3.58148e+06,6.79999e+06,1.14878e+07,3.40785e+06,6.79999e+06,1.14862e+07,3.21513e+06,6.79999e+06,1.14844e+07,3.00605e+06,6.79999e+06,1.14823e+07,2.7848e+06,6.79999e+06,1.148e+07,2.5568e+06,6.79999e+06,1.14773e+07,2.32825e+06,6.79999e+06,13.5742,8.52444,0.508366,16.8306,13.2585,0.162638,20.0035,17.569,0.0507846,23.2616,22.4214,0.0158319,26.7328,28.3297,0.00493498,30.5212,35.6974,0.00153831,34.7178,44.9473,0.000479527,39.4086,56.5822,0.000149456,44.6796,71.2245,4.66214e-05,50.6209,89.6543,1.45419e-05,57.3297,112.852,4.54748e-06,64.9129,142.051,1.43857e-06,73.4897,178.803,4.36618e-07,83.1934,225.062,1.40153e-07,94.1745,283.286,4.96378e-08,106.602,356.568,1.05434e-07,120.669,448.799,-6.49244e-08,136.59,564.873,1.70148e-07,154.611,710.948,-5.34594e-08,175.008,894.767,1.63407e-07,198.097,1126.06,8.04804e-08,224.231,1417.07,1.14667e-07,253.813,1783.15,-1.71227e-07,287.297,2243.62,-2.88466e-07,325.198,2822.67,-4.33651e-07,368.098,3550.67,7.9318e-08,416.657,4465.65,3.13319e-07,471.621,5615.16,3.4613e-07,533.835,7058.61,-1.19199e-07,604.255,8870.02,-2.79964e-07,683.962,11141.4,-2.30521e-07,774.182,13986.7,-2.55099e-07,876.299,17546.4,1.23585e-07,991.883,21993.1,1.41192e-07,1122.71,27536.7,-9.71886e-08,1270.78,34430.7,-3.68368e-07,1438.38,42977.7,-3.45379e-07,1628.07,53532.7,-3.25328e-09,1842.77,66504.6,2.6362e-07,2085.77,82350.2,2.53445e-07,2360.79,101560,-2.47407e-08,2672.05,124632,-3.80602e-07,3024.31,152018,-4.79005e-07,3422.98,184060,-1.14379e-07,3874.15,220884,2.64297e-07,4384.72,262283,3.44131e-07,4962.49,307576,7.5349e-08,5616.29,355497,-3.63097e-07,6356.1,404126,-6.05442e-07,7193.18,450932,-2.72333e-07,8140.28,492963,2.29675e-07,9211.79,527178,4.3387e-07,10424,550893,-1.0711e-07,10.102,8.06553,2.81012,10.6436,8.57909,0.869423,11.5336,10.2515,0.270869,12.7211,12.7138,0.0844293,14.1823,15.9373,0.0263173,15.9122,20.0383,0.0082035,17.9198,25.2154,0.00255722,20.2244,31.7373,0.000797017,22.8539,39.9486,0.000248622,25.8438,50.2851,7.75492e-05,29.237,63.2963,2.42508e-05,33.0837,79.6738,7.67162e-06,37.4415,100.288,2.32837e-06,42.3767,126.236,7.33e-07,47.9646,158.896,2.79256e-07,54.2906,200.003,9.87351e-09,61.452,251.741,1.61085e-07,69.5585,316.859,-2.47141e-07,78.7347,398.812,8.93552e-08,89.1218,501.948,-2.53231e-07,100.879,631.736,-1.25047e-07,114.188,795.049,-1.78808e-07,129.252,1000.53,2.6733e-07,146.304,1259.03,4.50292e-07,165.605,1584.19,6.76904e-07,187.452,1993.12,-1.23808e-07,212.181,2507.27,-4.89068e-07,240.173,3153.54,-5.40284e-07,271.856,3965.56,1.86061e-07,307.719,4985.38,4.37004e-07,348.313,6265.4,3.59828e-07,394.26,7870.83,3.98192e-07,446.268,9882.51,-1.92908e-07,505.135,12400.3,-2.20392e-07,571.766,15546.9,1.51705e-07,647.184,19472.2,5.74996e-07,732.547,24357.4,5.39112e-07,829.167,30420,5.07815e-09,938.526,37916.3,-4.11492e-07,1062.3,47143.9,-3.9561e-07,1202.4,58439.2,3.86185e-08,1360.96,72169.3,5.94093e-07,1540.42,88715.8,7.47693e-07,1743.53,108445,1.78537e-07,1973.41,131665,-4.12549e-07,2233.57,158557,-5.37164e-07,2528,189103,-1.17615e-07,2861.2,222986,5.66769e-07,3238.27,259510,9.45053e-07,3664.97,297540,4.25093e-07,4147.81,335497,-3.58506e-07,4694.17,371444,-6.7724e-07,5312.37,403256,1.67192e-07,1.61744,3.89446,9.84394,3.28846,7.5504,12.774,5.07607,11.7187,13.6844,7.03202,16.8147,13.9681,9.20215,23.1769,14.0566,11.6301,31.1672,14.0841,14.3598,41.2186,14.0927,17.4376,53.8688,14.0954,20.9137,69.7915,14.0962,24.8432,89.8341,14.0965,29.2879,115.063,14.0966,34.3168,146.819,14.0966,40.0078,186.792,14.0966,46.4487,237.107,14.0966,53.7388,300.44,14.0966,61.9903,380.158,14.0966,71.3301,480.499,14.0966,81.902,606.796,14.0966,93.8685,765.761,14.0966,107.414,965.837,14.0966,122.746,1217.65,14.0966,140.101,1534.57,14.0966,159.745,1933.41,14.0966,181.981,2435.3,14.0966,207.15,3066.85,14.0966,235.64,3861.46,14.0966,267.889,4861.11,14.0966,304.391,6118.54,14.0966,345.709,7699.91,14.0966,392.478,9688.22,14.0966,445.417,12187.5,14.0966,505.339,15327.7,14.0966,573.165,19271.6,14.0966,649.938,24222,14.0966,736.839,30430.9,14.0966,835.202,38211.5,14.0966,946.539,47950.3,14.0966,1072.56,60122.8,14.0966,1215.21,75309.9,14.0966,1376.66,94216.2,14.0966,1559.41,117688,14.0966,1766.26,146729,14.0966,2000.39,182510,14.0966,2265.39,226372,14.0966,2565.33,279806,14.0966,2904.81,344416,14.0966,3289.05,421845,14.0966,3723.93,513667,14.0966,4216.13,621231,14.0966,4773.18,745478,14.0966,5403.64,886744,14.0966,6117.15,1.04457e+06,14.0966,6924.63,1.2176e+06,14.0966,11.7194,11.96,12.6541,13.9321,16.1295,13.6434,16.6097,21.9702,13.9553,19.7532,29.5285,14.0526,23.3844,39.1143,14.0829,27.5423,51.2054,14.0923,32.2796,66.434,14.0953,37.662,85.6061,14.0962,43.7675,109.74,14.0965,50.687,140.119,14.0966,58.5249,178.359,14.0966,67.4005,226.493,14.0966,77.4493,287.08,14.0966,88.8254,363.343,14.0966,101.703,459.336,14.0966,116.281,580.161,14.0966,132.782,732.241,14.0966,151.46,923.655,14.0966,172.603,1164.57,14.0966,196.535,1467.79,14.0966,223.625,1849.39,14.0966,254.288,2329.62,14.0966,288.997,2933.93,14.0966,328.285,3694.33,14.0966,372.755,4651.04,14.0966,423.092,5854.57,14.0966,480.07,7368.38,14.0966,544.564,9272.08,14.0966,617.566,11665.5,14.0966,700.197,14673.6,14.0966,793.729,18452.9,14.0966,899.599,23198.6,14.0966,1019.43,29154.1,14.0966,1155.07,36622.3,14.0966,1308.6,45977.9,14.0966,1482.39,57683.7,14.0966,1679.09,72307.8,14.0966,1901.73,90542.8,14.0966,2153.73,113226,14.0966,2438.97,141360,14.0966,2761.81,176127,14.0966,3127.22,218898,14.0966,3540.81,271226,14.0966,4008.92,334817,14.0966,4538.74,411470,14.0966,5138.38,502973,14.0966,5817.04,610948,14.0966,6585.12,736653,14.0966,7454.39,880741,14.0966,8438.15,1.04302e+06,14.0966,9551.45,1.22224e+06,14.0966,10811.3,1.41602e+06,14.0966,12237,1.62086e+06,14.0966,11.7194,11.96,12.6541,2.21263,4.16949,0.989383,2.67766,5.84076,0.311842,3.14343,7.55825,0.0972771,3.63127,9.58578,0.0303237,4.15787,12.0912,0.00945211,4.73731,15.2286,0.00294633,5.38238,19.1721,0.000918508,6.10553,24.134,0.000286163,6.91951,30.3791,8.92692e-05,7.83792,38.2397,2.78121e-05,8.87555,48.1338,8.65134e-06,10.0489,60.5876,2.7882e-06,11.3761,76.2629,8.29036e-07,12.8779,95.9927,2.4373e-07,14.5775,120.825,4.33068e-09,16.5012,152.08,1.75749e-07,18.6784,191.415,-1.86328e-07,21.1428,240.917,1.91829e-07,23.9322,303.213,-1.81475e-07,27.0895,381.602,7.0186e-08,30.6634,480.231,-2.86769e-08,34.7087,604.316,2.40784e-07,39.2876,760.401,9.87368e-08,44.4705,956.705,1.22263e-07,50.3371,1203.54,-4.31966e-07,56.9776,1513.81,-1.9705e-07,64.494,1903.69,-2.763e-08,73.0018,2393.4,3.9185e-07,82.6317,3008.13,1.35379e-07,93.5318,3779.25,-4.16351e-08,105.869,4745.7,2.06965e-08,119.834,5955.6,-3.18887e-07,135.641,7468.12,-1.48271e-08,153.531,9355.62,2.00739e-07,173.781,11705.8,2.28358e-07,196.701,14624.1,-1.93587e-08,222.642,18235,-2.88101e-07,252.003,22683.4,-2.24732e-07,285.234,28134,8.56806e-09,322.845,34767,2.34258e-07,365.413,42770.9,2.99668e-07,413.588,52327.9,8.28644e-08,468.111,63591.2,-3.07049e-07,529.814,76653.2,-3.1888e-07,599.642,91502.5,-6.72276e-08,678.662,107975,2.26339e-07,768.083,125705,3.69212e-07,869.267,144088,2.04077e-07,983.76,162277,-2.80509e-07,1113.3,179223,-4.22737e-07,1259.87,193777,-1.71951e-07,1425.68,204839,4.55555e-07,11.7194,11.96,12.6541,2.21263,4.16949,0.989383,2.67766,5.84076,0.311842,3.14343,7.55825,0.0972771,3.63127,9.58578,0.0303237,4.15787,12.0912,0.00945211,4.73731,15.2286,0.00294633,5.38238,19.1721,0.000918508,6.10553,24.134,0.000286163,6.91951,30.3791,8.92692e-05,7.83792,38.2397,2.78121e-05,8.87555,48.1338,8.65134e-06,10.0489,60.5876,2.7882e-06,11.3761,76.2629,8.29036e-07,12.8779,95.9927,2.4373e-07,14.5775,120.825,1e-08,16.5012,152.08,1.75749e-07,18.6784,191.415,1e-08,21.1428,240.917,1.91829e-07,23.9322,303.213,1e-08,27.0895,381.602,7.0186e-08,30.6634,480.231,1e-08,34.7087,604.316,2.40784e-07,39.2876,760.401,9.87368e-08,44.4705,956.705,1.22263e-07,50.3371,1203.54,1e-08,56.9776,1513.81,1e-08,64.494,1903.69,1e-08,73.0018,2393.4,3.9185e-07,82.6317,3008.13,1.35379e-07,93.5318,3779.25,1e-08,105.869,4745.7,2.06965e-08,119.834,5955.6,1e-08,135.641,7468.12,1e-08,153.531,9355.62,2.00739e-07,173.781,11705.8,2.28358e-07,196.701,14624.1,1e-08,222.642,18235,1e-08,252.003,22683.4,1e-08,285.234,28134,1e-08,322.845,34767,2.34258e-07,365.413,42770.9,2.99668e-07,413.588,52327.9,8.28644e-08,468.111,63591.2,1e-08,529.814,76653.2,1e-08,599.642,91502.5,1e-08,678.662,107975,2.26339e-07,768.083,125705,3.69212e-07,869.267,144088,2.04077e-07,983.76,162277,1e-08,1113.3,179223,1e-08,1259.87,193777,1e-08,1425.68,204839,4.55555e-07,6.2823,3.27286,2.43537,0.219672,6.18826,2.24117,0.56371,6.87772,2.63624,0.308279,10,9,10,1,4,1,5,4,0,5,3,0,1,10,0,1,10,0,1,18,0,5,10,0,2,25,0,7,23,0,8,47,0,14,40,0,8,29,0,13,48,0,14,122,0,16,113,0,33,307,0,28,163,0,35,145,0,30,412,0,22,323,0,26,487,0,32,567,0,40,890,0,48,959,0,61,1339,0,43,1038,0,29,1706,0,60,3147,0,23,1614,0,30,2038,0,115,4148,0,78,2743,0,101,10724,0,130,7163,0,355,10646,0,227,7599,0,131,19994,0,189,8669,0,350,41147,0,151,24587,0,363,42471,0,614,34053,0,679,38350,0,406,76567,0,369,93670,0,660,72492,0,641,149837,0,465,69223,0,855,140430,0,1135,219659,0,1015,175554,0,1522,272456,0
-1.05176e+08,1,8.88811e-15,10,1023,0,1.05176e+08,0.528882,1.08665,0.389689,0.145397,0.379329,3.24381,0.161596,0.446195,1.77396,0.159177,1.15e+07,4.49998e+06,6.79999e+06,1.15e+07,4.49997e+06,6.79999e+06,1.15e+07,4.49996e+06,6.79999e+06,1.15e+07,4.49995e+06,6.79999e+06,1.14999e+07,4.49993e+06,6.79999e+06,1.14999e+07,4.49991e+06,6.79999e+06,1.14999e+07,4.49989e+06,6.79999e+06,1.14999e+07,4.49986e+06,6.79999e+06,1.14999e+07,4.49982e+06,6.79999e+06,1.14999e+07,4.49977e+06,6.79999e+06,1.14999e+07,4.49971e+06,6.79999e+06,1.14999e+07,4.49963e+06,6.79999e+06,1.14998e+07,4.49953e+06,6.79999e+06,1.14998e+07,4.49941e+06,6.79999e+06,1.14998e+07,4.49926e+06,6.79999e+06,1.14998e+07,4.49906e+06,6.79999e+06,1.14997e+07,4.49882e+06,6.79999e+06,1.14997e+07,4.49851e+06,6.79999e+06,1.14997e+07,4.49812e+06,6.79999e+06,1.14996e+07,4.49764e+06,6.79999e+06,1.14996e+07,4.49702e+06,6.79999e+06,1.14995e+07,4.49625e+06,6.79999e+06,1.14995e+07,4.49528e+06,6.79999e+06,1.14994e+07,4.49406e+06,6.79999e+06,1.14993e+07,4.49253e+06,6.79999e+06,1.14992e+07,4.49059e+06,6.79999e+06,1.14991e+07,4.48817e+06,6.79999e+06,1.1499e+07,4.48511e+06,6.79999e+06,1.14988e+07,4.48128e+06,6.79999e+06,1.14987e+07,4.47646e+06,6.79999e+06,1.14985e+07,4.47041e+06,6.79999e+06,1.14983e+07,4.46281e+06,6.79999e+06,1.14981e+07,4.4533e+06,6.79999e+06,1.14979e+07,4.44138e+06,6.79999e+06,1.14976e+07,4.42649e+06,6.79999e+06,1.14972e+07,4.40789e+06,6.79999e+06,1.14969e+07,4.38471e+06,6.79999e+06,1.14965e+07,4.35592e+06,6.79999e+06,1.1496e+07,4.32027e+06,6.79999e+06,1.14955e+07,4.27629e+06,6.79999e+06,1.14949e+07,4.22231e+06,6.79999e+06,1.14942e+07,4.15647e+06,6.79999e+06,1.14934e+07,4.07676e+06,6.79999e+06,1.14926e+07,3.98112e+06,6.79999e+06,1.14916e+07,3.86765e+06,6.79999e+06,1.14905e+07,3.73474e+06,6.79999e+06,1.14892e+07,3.58148e+06,6.79999e+06,1.14878e+07,3.40785e+06,6.79999e+06,1.14862e+07,3.21513e+06,6.79999e+06,1.14844e+07,3.00605e+06,6.79999e+06,1.14823e+07,2.7848e+06,6.79999e+06,1.148e+07,2.5568e+06,6.79999e+06,1.14773e+07,2.32825e+06,6.79999e+06,13.5742,8.52444,0.508366,16.8306,13.2585,0.162638,20.0035,17.569,0.0507846,23.2616,22.4214,0.0158319,26.7328,28.3297,0.00493498,30.5212,35.6974,0.00153831,34.7178,44.9473,0.000479527,39.4086,56.5822,0.000149456,44.6796,71.2245,4.66214e-05,50.6209,89.6543,1.45419e-05,57.3297,112.852,4.54748e-06,64.9129,142.051,1.43857e-06,73.4897,178.803,4.36618e-07,83.1934,225.062,1.40153e-07,94.1745,283.286,4.96378e-08,106.602,356.568,1.05434e-07,120.669,448.799,-6.49244e-08,136.59,564.873,1.70148e-07,154.611,710.948,-5.34594e-08,175.008,894.767,1.63407e-07,198.097,1126.06,8.04804e-08,224.231,1417.07,1.14667e-07,253.813,1783.15,-1.71227e-07,287.297,2243.62,-2.88466e-07,325.198,2822.67,-4.33651e-07,368.098,3550.67,7.9318e-08,416.657,4465.65,3.13319e-07,471.621,5615.16,3.4613e-07,533.835,7058.61,-1.19199e-07,604.255,8870.02,-2.79964e-07,683.962,11141.4,-2.30521e-07,774.182,13986.7,-2.55099e-07,876.299,17546.4,1.23585e-07,991.883,21993.1,1.41192e-07,1122.71,27536.7,-9.71886e-08,1270.78,34430.7,-3.68368e-07,1438.38,42977.7,-3.45379e-07,1628.07,53532.7,-3.25328e-09,1842.77,66504.6,2.6362e-07,2085.77,82350.2,2.53445e-07,2360.79,101560,-2.47407e-08,2672.05,124632,-3.80602e-07,3024.31,152018,-4.79005e-07,3422.98,184060,-1.14379e-07,3874.15,220884,2.64297e-07,4384.72,262283,3.44131e-07,4962.49,307576,7.5349e-08,5616.29,355497,-3.63097e-07,6356.1,404126,-6.05442e-07,7193.18,450932,-2.72333e-07,8140.28,492963,2.29675e-07,9211.79,527178,4.3387e-07,10424,550893,-1.0711e-07,10.102,8.06553,2.81012,10.6436,8.57909,0.869423,11.5336,10.2515,0.270869,12.7211,12.7138,0.0844293,14.1823,15.9373,0.0263173,15.9122,20.0383,0.0082035,17.9198,25.2154,0.00255722,20.2244,31.7373,0.000797017,22.8539,39.9486,0.000248622,25.8438,50.2851,7.75492e-05,29.237,63.2963,2.42508e-05,33.0837,79.6738,7.67162e-06,37.4415,100.288,2.32837e-06,42.3767,126.236,7.33e-07,47.9646,158.896,2.79256e-07,54.2906,200.003,9.87351e-09,61.452,251.741,1.61085e-07,69.5585,316.859,-2.47141e-07,78.7347,398.812,8.93552e-08,89.1218,501.948,-2.53231e-07,100.879,631.736,-1.25047e-07,114.188,795.049,-1.78808e-07,129.252,1000.53,2.6733e-07,146.304,1259.03,4.50292e-07,165.605,1584.19,6.76904e-07,187.452,1993.12,-1.23808e-07,212.181,2507.27,-4.89068e-07,240.173,3153.54,-5.40284e-07,271.856,3965.56,1.86061e-07,307.719,4985.38,4.37004e-07,348.313,6265.4,3.59828e-07,394.26,7870.83,3.98192e-07,446.268,9882.51,-1.92908e-07,505.135,12400.3,-2.20392e-07,571.766,15546.9,1.51705e-07,647.184,19472.2,5.74996e-07,732.547,24357.4,5.39112e-07,829.167,30420,5.07815e-09,938.526,37916.3,-4.11492e-07,1062.3,47143.9,-3.9561e-07,1202.4,58439.2,3.86185e-08,1360.96,72169.3,5.94093e-07,1540.42,88715.8,7.47693e-07,1743.53,108445,1.78537e-07,1973.41,131665,-4.12549e-07,2233.57,158557,-5.37164e-07,2528,189103,-1.17615e-07,2861.2,222986,5.66769e-07,3238.27,259510,9.45053e-07,3664.97,297540,4.25093e-07,4147.81,335497,-3.58506e-07,4694.17,371444,-6.7724e-07,5312.37,403256,1.67192e-07,1.61744,3.89446,9.84394,3.28846,7.5504,12.774,5.07607,11.7187,13.6844,7.03202,16.8147,13.9681,9.20215,23.1769,14.0566,11.6301,31.1672,14.0841,14.3598,41.2186,14.0927,17.4376,53.8688,14.0954,20.9137,69.7915,14.0962,24.8432,89.8341,14.0965,29.2879,115.063,14.0966,34.3168,146.819,14.0966,40.0078,186.792,14.0966,46.4487,237.107,14.0966,53.7388,300.44,14.0966,61.9903,380.158,14.0966,71.3301,480.499,14.0966,81.902,606.796,14.0966,93.8685,765.761,14.0966,107.414,965.837,14.0966,122.746,1217.65,14.0966,140.101,1534.57,14.0966,159.745,1933.41,14.0966,181.981,2435.3,14.0966,207.15,3066.85,14.0966,235.64,3861.46,14.0966,267.889,4861.11,14.0966,304.391,6118.54,14.0966,345.709,7699.91,14.0966,392.478,9688.22,14.0966,445.417,12187.5,14.0966,505.339,15327.7,14.0966,573.165,19271.6,14.0966,649.938,24222,14.0966,736.839,30430.9,14.0966,835.202,38211.5,14.0966,946.539,47950.3,14.0966,1072.56,60122.8,14.0966,1215.21,75309.9,14.0966,1376.66,94216.2,14.0966,1559.41,117688,14.0966,1766.26,146729,14.0966,2000.39,182510,14.0966,2265.39,226372,14.0966,2565.33,279806,14.0966,2904.81,344416,14.0966,3289.05,421845,14.0966,3723.93,513667,14.0966,4216.13,621231,14.0966,4773.18,745478,14.0966,5403.64,886744,14.0966,6117.15,1.04457e+06,14.0966,6924.63,1.2176e+06,14.0966,11.7194,11.96,12.6541,13.9321,16.1295,13.6434,16.6097,21.9702,13.9553,19.7532,29.5285,14.0526,23.3844,39.1143,14.0829,27.5423,51.2054,14.0923,32.2796,66.434,14.0953,37.662,85.6061,14.0962,43.7675,109.74,14.0965,50.687,140.119,14.0966,58.5249,178.359,14.0966,67.4005,226.493,14.0966,77.4493,287.08,14.0966,88.8254,363.343,14.0966,101.703,459.336,14.0966,116.281,580.161,14.0966,132.782,732.241,14.0966,151.46,923.655,14.0966,172.603,1164.57,14.0966,196.535,1467.79,14.0966,223.625,1849.39,14.0966,254.288,2329.62,14.0966,288.997,2933.93,14.0966,328.285,3694.33,14.0966,372.755,4651.04,14.0966,423.092,5854.57,14.0966,480.07,7368.38,14.0966,544.564,9272.08,14.0966,617.566,11665.5,14.0966,700.197,14673.6,14.0966,793.729,18452.9,14.0966,899.599,23198.6,14.0966,1019.43,29154.1,14.0966,1155.07,36622.3,14.0966,1308.6,45977.9,14.0966,1482.39,57683.7,14.0966,1679.09,72307.8,14.0966,1901.73,90542.8,14.0966,2153.73,113226,14.0966,2438.97,141360,14.0966,2761.81,176127,14.0966,3127.22,218898,14.0966,3540.81,271226,14.0966,4008.92,334817,14.0966,4538.74,411470,14.0966,5138.38,502973,14.0966,5817.04,610948,14.0966,6585.12,736653,14.0966,7454.39,880741,14.0966,8438.15,1.04302e+06,14.0966,9551.45,1.22224e+06,14.0966,10811.3,1.41602e+06,14.0966,12237,1.62086e+06,14.0966,11.7194,11.96,12.6541,2.21263,4.16949,0.989383,2.67766,5.84076,0.311842,3.14343,7.55825,0.0972771,3.63127,9.58578,0.0303237,4.15787,12.0912,0.00945211,4.73731,15.2286,0.00294633,5.38238,19.1721,0.000918508,6.10553,24.134,0.000286163,6.91951,30.3791,8.92692e-05,7.83792,38.2397,2.78121e-05,8.87555,48.1338,8.65134e-06,10.0489,60.5876,2.7882e-06,11.3761,76.2629,8.29036e-07,12.8779,95.9927,2.4373e-07,14.5775,120.825,4.33068e-09,16.5012,152.08,1.75749e-07,18.6784,191.415,-1.86328e-07,21.1428,240.917,1.91829e-07,23.9322,303.213,-1.81475e-07,27.0895,381.602,7.0186e-08,30.6634,480.231,-2.86769e-08,34.7087,604.316,2.40784e-07,39.2876,760.401,9.87368e-08,44.4705,956.705,1.22263e-07,50.3371,1203.54,-4.31966e-07,56.9776,1513.81,-1.9705e-07,64.494,1903.69,-2.763e-08,73.0018,2393.4,3.9185e-07,82.6317,3008.13,1.35379e-07,93.5318,3779.25,-4.16351e-08,105.869,4745.7,2.06965e-08,119.834,5955.6,-3.18887e-07,135.641,7468.12,-1.48271e-08,153.531,9355.62,2.00739e-07,173.781,11705.8,2.28358e-07,196.701,14624.1,-1.93587e-08,222.642,18235,-2.88101e-07,252.003,22683.4,-2.24732e-07,285.234,28134,8.56806e-09,322.845,34767,2.34258e-07,365.413,42770.9,2.99668e-07,413.588,52327.9,8.28644e-08,468.111,63591.2,-3.07049e-07,529.814,76653.2,-3.1888e-07,599.642,91502.5,-6.72276e-08,678.662,107975,2.26339e-07,768.083,125705,3.69212e-07,869.267,144088,2.04077e-07,983.76,162277,-2.80509e-07,1113.3,179223,-4.22737e-07,1259.87,193777,-1.71951e-07,1425.68,204839,4.55555e-07,11.7194,11.96,12.6541,2.21263,4.16949,0.989383,2.67766,5.84076,0.311842,3.14343,7.55825,0.0972771,3.63127,9.58578,0.0303237,4.15787,12.0912,0.00945211,4.73731,15.2286,0.00294633,5.38238,19.1721,0.000918508,6.10553,24.134,0.000286163,6.91951,30.3791,8.92692e-05,7.83792,38.2397,2.78121e-05,8.87555,48.1338,8.65134e-06,10.0489,60.5876,2.7882e-06,11.3761,76.2629,8.29036e-07,12.8779,95.9927,2.4373e-07,14.5775,120.825,1e-08,16.5012,152.08,1.75749e-07,18.6784,191.415,1e-08,21.1428,240.917,1.91829e-07,23.9322,303.213,1e-08,27.0895,381.602,7.0186e-08,30.6634,480.231,1e-08,34.7087,604.316,2.40784e-07,39.2876,760.401,9.87368e-08,44.4705,956.705,1.22263e-07,50.3371,1203.54,1e-08,56.9776,1513.81,1e-08,64.494,1903.69,1e-08,73.0018,2393.4,3.9185e-07,82.6317,3008.13,1.35379e-07,93.5318,3779.25,1e-08,105.869,4745.7,2.06965e-08,119.834,5955.6,1e-08,135.641,7468.12,1e-08,153.531,9355.62,2.00739e-07,173.781,11705.8,2.28358e-07,196.701,14624.1,1e-08,222.642,18235,1e-08,252.003,22683.4,1e-08,285.234,28134,1e-08,322.845,34767,2.34258e-07,365.413,42770.9,2.99668e-07,413.588,52327.9,8.28644e-08,468.111,63591.2,1e-08,529.814,76653.2,1e-08,599.642,91502.5,1e-08,678.662,107975,2.26339e-07,768.083,125705,3.69212e-07,869.267,144088,2.04077e-07,983.76,162277,1e-08,1113.3,179223,1e-08,1259.87,193777,1e-08,1425.68,204839,4.55555e-07,6.2823,3.27286,2.43537,0.219672,6.18826,2.24117,0.56371,6.87772,2.63624,0.308279,2,9,17,5,6,0,6,3,0,3,6,0,1,8,0,6,10,0,4,10,0,6,16,0,6,13,0,2,44,0,14,28,0,7,34,0,12,104,0,2,74,0,17,165,0,19,165,0,12,132,0,24,135,0,23,321,0,14,174,0,25,261,0,15,339,0,28,1059,0,45,837,0,60,1460,0,25,871,0,40,1231,0,66,1897,0,91,1462,0,68,1905,0,67,4999,0,82,5416,0,103,5371,0,157,3283,0,166,8101,0,180,5762,0,260,18891,0,199,21377,0,404,9033,0,305,20811,0,228,41680,0,499,73808,0,411,42436,0,456,83008,0,336,81094,0,565,133342,0,807,115833,0,513,130771,0,905,134993,0,648,60183,0,1195,179209,0,657,365898,0,1221,56366,0
-1.05176e+08,9.49891e-51,8.88811e-15,10,1023,0,1.05176e+08,0.528882,1.08665,0.389689,0.145397,0.379329,3.24381,0.161596,0.446195,1.77396,0.159177,1.15e+07,4.49998e+06,6.79999e+06,1.15e+07,4.49997e+06,6.79999e+06,1.15e+07,4.49996e+06,6.79999e+06,1.15e+07,4.49995e+06,6.79999e+06,1.14999e+07,4.49993e+06,6.79999e+06,1.14999e+07,4.49991e+06,6.79999e+06,1.14999e+07,4.49989e+06,6.79999e+06,1.14999e+07,4.49986e+06,6.79999e+06,1.14999e+07,4.49982e+06,6.79999e+06,1.14999e+07,4.49977e+06,6.79999e+06,1.14999e+07,4.49971e+06,6.79999e+06,1.14999e+07,4.49963e+06,6.79999e+06,1.14998e+07,4.49953e+06,6.79999e+06,1.14998e+07,4.49941e+06,6.79999e+06,1.14998e+07,4.49926e+06,6.79999e+06,1.14998e+07,4.49906e+06,6.79999e+06,1.14997e+07,4.49882e+06,6.79999e+06,1.14997e+07,4.49851e+06,6.79999e+06,1.14997e+07,4.49812e+06,6.79999e+06,1.14996e+07,4.49764e+06,6.79999e+06,1.14996e+07,4.49702e+06,6.79999e+06,1.14995e+07,4.49625e+06,6.79999e+06,1.14995e+07,4.49528e+06,6.79999e+06,1.14994e+07,4.49406e+06,6.79999e+06,1.14993e+07,4.49253e+06,6.79999e+06,1.14992e+07,4.49059e+06,6.79999e+06,1.14991e+07,4.48817e+06,6.79999e+06,1.1499e+07,4.48511e+06,6.79999e+06,1.14988e+07,4.48128e+06,6.79999e+06,1.14987e+07,4.47646e+06,6.79999e+06,1.14985e+07,4.47041e+06,6.79999e+06,1.14983e+07,4.46281e+06,6.79999e+06,1.14981e+07,4.4533e+06,6.79999e+06,1.14979e+07,4.44138e+06,6.79999e+06,1.14976e+07,4.42649e+06,6.79999e+06,1.14972e+07,4.40789e+06,6.79999e+06,1.14969e+07,4.38471e+06,6.79999e+06,1.14965e+07,4.35592e+06,6.79999e+06,1.1496e+07,4.32027e+06,6.79999e+06,1.14955e+07,4.27629e+06,6.79999e+06,1.14949e+07,4.22231e+06,6.79999e+06,1.14942e+07,4.15647e+06,6.79999e+06,1.14934e+07,4.07676e+06,6.79999e+06,1.14926e+07,3.98112e+06,6.79999e+06,1.14916e+07,3.86765e+06,6.79999e+06,1.14905e+07,3.73474e+06,6.79999e+06,1.14892e+07,3.58148e+06,6.79999e+06,1.14878e+07,3.40785e+06,6.79999e+06,1.14862e+07,3.21513e+06,6.79999e+06,1.14844e+07,3.00605e+06,6.79999e+06,1.14823e+07,2.7848e+06,6.79999e+06,1.148e+07,2.5568e+06,6.79999e+06,1.14773e+07,2.32825e+06,6.79999e+06,13.5742,8.52444,0.508366,16.8306,13.2585,0.162638,20.0035,17.569,0.0507846,23.2616,22.4214,0.0158319,26.7328,28.3297,0.00493498,30.5212,35.6974,0.00153831,34.7178,44.9473,0.000479527,39.4086,56.5822,0.000149456,44.6796,71.2245,4.66214e-05,50.6209,89.6543,1.45419e-05,57.3297,112.852,4.54748e-06,64.9129,142.051,1.43857e-06,73.4897,178.803,4.36618e-07,83.1934,225.062,1.40153e-07,94.1745,283.286,4.96378e-08,106.602,356.568,1.05434e-07,120.669,448.799,-6.49244e-08,136.59,564.873,1.70148e-07,154.611,710.948,-5.34594e-08,175.008,894.767,1.63407e-07,198.097,1126.06,8.04804e-08,224.231,1417.07,1.14667e-07,253.813,1783.15,-1.71227e-07,287.297,2243.62,-2.88466e-07,325.198,2822.67,-4.33651e-07,368.098,3550.67,7.9318e-08,416.657,4465.65,3.13319e-07,471.621,5615.16,3.4613e-07,533.835,7058.61,-1.19199e-07,604.255,8870.02,-2.79964e-07,683.962,11141.4,-2.30521e-07,774.182,13986.7,-2.55099e-07,876.299,17546.4,1.23585e-07,991.883,21993.1,1.41192e-07,1122.71,27536.7,-9.71886e-08,1270.78,34430.7,-3.68368e-07,1438.38,42977.7,-3.45379e-07,1628.07,53532.7,-3.25328e-09,1842.77,66504.6,2.6362e-07,2085.77,82350.2,2.53445e-07,2360.79,101560,-2.47407e-08,2672.05,124632,-3.80602e-07,3024.31,152018,-4.79005e-07,3422.98,184060,-1.14379e-07,3874.15,220884,2.64297e-07,4384.72,262283,3.44131e-07,4962.49,307576,7.5349e-08,5616.29,355497,-3.63097e-07,6356.1,404126,-6.05442e-07,7193.18,450932,-2.72333e-07,8140.28,492963,2.29675e-07,9211.79,527178,4.3387e-07,10424,550893,-1.0711e-07,10.102,8.06553,2.81012,10.6436,8.57909,0.869423,11.5336,10.2515,0.270869,12.7211,12.7138,0.0844293,14.1823,15.9373,0.0263173,15.9122,20.0383,0.0082035,17.9198,25.2154,0.00255722,20.2244,31.7373,0.000797017,22.8539,39.9486,0.000248622,25.8438,50.2851,7.75492e-05,29.237,63.2963,2.42508e-05,33.0837,79.6738,7.67162e-06,37.4415,100.288,2.32837e-06,42.3767,126.236,7.33e-07,47.9646,158.896,2.79256e-07,54.2906,200.003,9.87351e-09,61.452,251.741,1.61085e-07,69.5585,316.859,-2.47141e-07,78.7347,398.812,8.93552e-08,89.1218,501.948,-2.53231e-07,100.879,631.736,-1.25047e-07,114.188,795.049,-1.78808e-07,129.252,1000.53,2.6733e-07,146.304,1259.03,4.50292e-07,165.605,1584.19,6.76904e-07,187.452,1993.12,-1.23808e-07,212.181,2507.27,-4.89068e-07,240.173,3153.54,-5.40284e-07,271.856,3965.56,1.86061e-07,307.719,4985.38,4.37004e-07,348.313,6265.4,3.59828e-07,394.26,7870.83,3.98192e-07,446.268,9882.51,-1.92908e-07,505.135,12400.3,-2.20392e-07,571.766,15546.9,1.51705e-07,647.184,19472.2,5.74996e-07,732.547,24357.4,5.39112e-07,829.167,30420,5.07815e-09,938.526,37916.3,-4.11492e-07,1062.3,47143.9,-3.9561e-07,1202.4,58439.2,3.86185e-08,1360.96,72169.3,5.94093e-07,1540.42,88715.8,7.47693e-07,1743.53,108445,1.78537e-07,1973.41,131665,-4.12549e-07,2233.57,158557,-5.37164e-07,2528,189103,-1.17615e-07,2861.2,222986,5.66769e-07,3238.27,259510,9.45053e-07,3664.97,297540,4.25093e-07,4147.81,335497,-3.58506e-07,4694.17,371444,-6.7724e-07,5312.37,403256,1.67192e-07,1.61744,3.89446,9.84394,3.28846,7.5504,12.774,5.07607,11.7187,13.6844,7.03202,16.8147,13.9681,9.20215,23.1769,14.0566,11.6301,31.1672,14.0841,14.3598,41.2186,14.0927,17.4376,53.8688,14.0954,20.9137,69.7915,14.0962,24.8432,89.8341,14.0965,29.2879,115.063,14.0966,34.3168,146.819,14.0966,40.0078,186.792,14.0966,46.4487,237.107,14.0966,53.7388,300.44,14.0966,61.9903,380.158,14.0966,71.3301,480.499,14.0966,81.902,606.796,14.0966,93.8685,765.761,14.0966,107.414,965.837,14.0966,122.746,1217.65,14.0966,140.101,1534.57,14.0966,159.745,1933.41,14.0966,181.981,2435.3,14.0966,207.15,3066.85,14.0966,235.64,3861.46,14.0966,267.889,4861.11,14.0966,304.391,6118.54,14.0966,345.709,7699.91,14.0966,392.478,9688.22,14.0966,445.417,12187.5,14.0966,505.339,15327.7,14.0966,573.165,19271.6,14.0966,649.938,24222,14.0966,736.839,30430.9,14.0966,835.202,38211.5,14.0966,946.539,47950.3,14.0966,1072.56,60122.8,14.0966,1215.21,75309.9,14.0966,1376.66,94216.2,14.0966,1559.41,117688,14.0966,1766.26,146729,14.0966,2000.39,182510,14.0966,2265.39,226372,14.0966,2565.33,279806,14.0966,2904.81,344416,14.0966,3289.05,421845,14.0966,3723.93,513667,14.0966,4216.13,621231,14.0966,4773.18,745478,14.0966,5403.64,886744,14.0966,6117.15,1.04457e+06,14.0966,6924.63,1.2176e+06,14.0966,11.7194,11.96,12.6541,13.9321,16.1295,13.6434,16.6097,21.9702,13.9553,19.7532,29.5285,14.0526,23.3844,39.1143,14.0829,27.5423,51.2054,14.0923,32.2796,66.434,14.0953,37.662,85.6061,14.0962,43.7675,109.74,14.0965,50.687,140.119,14.0966,58.5249,178.359,14.0966,67.4005,226.493,14.0966,77.4493,287.08,14.0966,88.8254,363.343,14.0966,101.703,459.336,14.0966,116.281,580.161,14.0966,132.782,732.241,14.0966,151.46,923.655,14.0966,172.603,1164.57,14.0966,196.535,1467.79,14.0966,223.625,1849.39,14.0966,254.288,2329.62,14.0966,288.997,2933.93,14.0966,328.285,3694.33,14.0966,372.755,4651.04,14.0966,423.092,5854.57,14.0966,480.07,7368.38,14.0966,544.564,9272.08,14.0966,617.566,11665.5,14.0966,700.197,14673.6,14.0966,793.729,18452.9,14.0966,899.599,23198.6,14.0966,1019.43,29154.1,14.0966,1155.07,36622.3,14.0966,1308.6,45977.9,14.0966,1482.39,57683.7,14.0966,1679.09,72307.8,14.0966,1901.73,90542.8,14.0966,2153.73,113226,14.0966,2438.97,141360,14.0966,2761.81,176127,14.0966,3127.22,218898,14.0966,3540.81,271226,14.0966,4008.92,334817,14.0966,4538.74,411470,14.0966,5138.38,502973,14.0966,5817.04,610948,14.0966,6585.12,736653,14.0966,7454.39,880741,14.0966,8438.15,1.04302e+06,14.0966,9551.45,1.22224e+06,14.0966,10811.3,1.41602e+06,14.0966,12237,1.62086e+06,14.0966,11.7194,11.96,12.6541,2.21263,4.16949,0.989383,2.67766,5.84076,0.311842,3.14343,7.55825,0.0972771,3.63127,9.58578,0.0303237,4.15787,12.0912,0.00945211,4.73731,15.2286,0.00294633,5.38238,19.1721,0.000918508,6.10553,24.134,0.000286163,6.91951,30.3791,8.92692e-05,7.83792,38.2397,2.78121e-05,8.87555,48.1338,8.65134e-06,10.0489,60.5876,2.7882e-06,11.3761,76.2629,8.29036e-07,12.8779,95.9927,2.4373e-07,14.5775,120.825,4.33068e-09,16.5012,152.08,1.75749e-07,18.6784,191.415,-1.86328e-07,21.1428,240.917,1.91829e-07,23.9322,303.213,-1.81475e-07,27.0895,381.602,7.0186e-08,30.6634,480.231,-2.86769e-08,34.7087,604.316,2.40784e-07,39.2876,760.401,9.87368e-08,44.4705,956.705,1.22263e-07,50.3371,1203.54,-4.31966e-07,56.9776,1513.81,-1.9705e-07,64.494,1903.69,-2.763e-08,73.0018,2393.4,3.9185e-07,82.6317,3008.13,1.35379e-07,93.5318,3779.25,-4.16351e-08,105.869,4745.7,2.06965e-08,119.834,5955.6,-3.18887e-07,135.641,7468.12,-1.48271e-08,153.531,9355.62,2.00739e-07,173.781,11705.8,2.28358e-07,196.701,14624.1,-1.93587e-08,222.642,18235,-2.88101e-07,252.003,22683.4,-2.24732e-07,285.234,28134,8.56806e-09,322.845,34767,2.34258e-07,365.413,42770.9,2.99668e-07,413.588,52327.9,8.28644e-08,468.111,63591.2,-3.07049e-07,529.814,76653.2,-3.1888e-07,599.642,91502.5,-6.72276e-08,678.662,107975,2.26339e-07,768.083,125705,3.69212e-07,869.267,144088,2.04077e-07,983.76,162277,-2.80509e-07,1113.3,179223,-4.22737e-07,1259.87,193777,-1.71951e-07,1425.68,204839,4.55555e-07,11.7194,11.96,12.6541,2.21263,4.16949,0.989383,2.67766,5.84076,0.311842,3.14343,7.55825,0.0972771,3.63127,9.58578,0.0303237,4.15787,12.0912,0.00945211,4.73731,15.2286,0.00294633,5.38238,19.1721,0.000918508,6.10553,24.134,0.000286163,6.91951,30.3791,8.92692e-05,7.83792,38.2397,2.78121e-05,8.87555,48.1338,8.65134e-06,10.0489,60.5876,2.7882e-06,11.3761,76.2629,8.29036e-07,12.8779,95.9927,2.4373e-07,14.5775,120.825,1e-08,16.5012,152.08,1.75749e-07,18.6784,191.415,1e-08,21.1428,240.917,1.91829e-07,23.9322,303.213,1e-08,27.0895,381.602,7.0186e-08,30.6634,480.231,1e-08,34.7087,604.316,2.40784e-07,39.2876,760.401,9.87368e-08,44.4705,956.705,1.22263e-07,50.3371,1203.54,1e-08,56.9776,1513.81,1e-08,64.494,1903.69,1e-08,73.0018,2393.4,3.9185e-07,82.6317,3008.13,1.35379e-07,93.5318,3779.25,1e-08,105.869,4745.7,2.06965e-08,119.834,5955.6,1e-08,135.641,7468.12,1e-08,153.531,9355.62,2.00739e-07,173.781,11705.8,2.28358e-07,196.701,14624.1,1e-08,222.642,18235,1e-08,252.003,22683.4,1e-08,285.234,28134,1e-08,322.845,34767,2.34258e-07,365.413,42770.9,2.99668e-07,413.588,52327.9,8.28644e-08,468.111,63591.2,1e-08,529.814,76653.2,1e-08,599.642,91502.5,1e-08,678.662,107975,2.26339e-07,768.083,125705,3.69212e-07,869.267,144088,2.04077e-07,983.76,162277,1e-08,1113.3,179223,1e-08,1259.87,193777,1e-08,1425.68,204839,4.55555e-07,6.2823,3.27286,2.43537,0.219672,6.18826,2.24117,0.56371,6.87772,2.63624,0.308279,9,10,17,2,2,1,5,8,1,4,5,0,9,6,0,1,6,0,8,13,0,0,16,0,3,34,0,11,26,0,6,37,0,7,35,0,8,95,0,17,67,0,12,121,0,22,110,0,13,85,0,12,104,0,19,366,0,16,336,0,22,683,0,20,276,0,16,461,0,54,1231,0,21,542,0,35,2086,0,71,2472,0,45,2831,0,52,1598,0,63,2613,0,100,3255,0,108,2688,0,137,5545,0,31,7855,0,172,9064,0,152,4248,0,78,19198,0,311,10414,0,124,27633,0,243,28376,0,233,18915,0,371,36375,0,599,47085,0,372,85957,0,1122,40156,0,336,116327,0,549,65206,0,1111,293372,0,863,198110,0,1385,244908,0,463,208607,0,542,197970,0,1540,208795,0
-1.05176e+08,8.05897e-47,8.88811e-15,10,1023,0,1.05176e+08,0.528882,1.08665,0.389689,0.145397,0.379329,3.24381,0.161596,0.446195,1.77396,0.159177,1.15e+07,4.49998e+06,6.79999e+06,1.15e+07,4.49997e+06,6.79999e+06,1.15e+07,4.49996e+06,6.79999e+06,1.15e+07,4.49995e+06,6.79999e+06,1.14999e+07,4.49993e+06,6.79999e+06,1.14999e+07,4.49991e+06,6.79999e+06,1.14999e+07,4.49989e+06,6.79999e+06,1.14999e+07,4.49986e+06,6.79999e+06,1.14999e+07,4.49982e+06,6.79999e+06,1.14999e+07,4.49977e+06,6.79999e+06,1.14999e+07,4.49971e+06,6.79999e+06,1.14999e+07,4.49963e+06,6.79999e+06,1.14998e+07,4.49953e+06,6.79999e+06,1.14998e+07,4.49941e+06,6.79999e+06,1.14998e+07,4.49926e+06,6.79999e+06,1.14998e+07,4.49906e+06,6.79999e+06,1.14997e+07,4.49882e+06,6.79999e+06,1.14997e+07,4.49851e+06,6.79999e+06,1.14997e+07,4.49812e+06,6.79999e+06,1.14996e+07,4.49764e+06,6.79999e+06,1.14996e+07,4.49702e+06,6.79999e+06,1.14995e+07,4.49625e+06,6.79999e+06,1.14995e+07,4.49528e+06,6.79999e+06,1.14994e+07,4.49406e+06,6.79999e+06,1.14993e+07,4.49253e+06,6.79999e+06,1.14992e+07,4.49059e+06,6.79999e+06,1.14991e+07,4.48817e+06,6.79999e+06,1.1499e+07,4.48511e+06,6.79999e+06,1.14988e+07,4.48128e+06,6.79999e+06,1.14987e+07,4.47646e+06,6.79999e+06,1.14985e+07,4.47041e+06,6.79999e+06,1.14983e+07,4.46281e+06,6.79999e+06,1.14981e+07,4.4533e+06,6.79999e+06,1.14979e+07,4.44138e+06,6.79999e+06,1.14976e+07,4.42649e+06,6.79999e+06,1.14972e+07,4.40789e+06,6.79999e+06,1.14969e+07,4.38471e+06,6.79999e+06,1.14965e+07,4.35592e+06,6.79999e+06,1.1496e+07,4.32027e+06,6.79999e+06,1.14955e+07,4.27629e+06,6.79999e+06,1.14949e+07,4.22231e+06,6.79999e+06,1.14942e+07,4.15647e+06,6.79999e+06,1.14934e+07,4.07676e+06,6.79999e+06,1.14926e+07,3.98112e+06,6.79999e+06,1.14916e+07,3.86765e+06,6.79999e+06,1.14905e+07,3.73474e+06,6.79999e+06,1.14892e+07,3.58148e+06,6.79999e+06,1.14878e+07,3.40785e+06,6.79999e+06,1.14862e+07,3.21513e+06,6.79999e+06,1.14844e+07,3.00605e+06,6.79999e+06,1.14823e+07,2.7848e+06,6.79999e+06,1.148e+07,2.5568e+06,6.79999e+06,1.14773e+07,2.32825e+06,6.79999e+06,13.5742,8.52444,0.508366,16.8306,13.2585,0.162638,20.0035,17.569,0.0507846,23.2616,22.4214,0.0158319,26.7328,28.3297,0.00493498,30.5212,35.6974,0.00153831,34.7178,44.9473,0.000479527,39.4086,56.5822,0.000149456,44.6796,71.2245,4.66214e-05,50.6209,89.6543,1.45419e-05,57.3297,112.852,4.54748e-06,64.9129,142.051,1.43857e-06,73.4897,178.803,4.36618e-07,83.1934,225.062,1.40153e-07,94.1745,283.286,4.96378e-08,106.602,356.568,1.05434e-07,120.669,448.799,-6.49244e-08,136.59,564.873,1.70148e-07,154.611,710.948,-5.34594e-08,175.008,894.767,1.63407e-07,198.097,1126.06,8.04804e-08,224.231,1417.07,1.14667e-07,253.813,1783.15,-1.71227e-07,287.297,2243.62,-2.88466e-07,325.198,2822.67,-4.33651e-07,368.098,3550.67,7.9318e-08,416.657,4465.65,3.13319e-07,471.621,5615.16,3.4613e-07,533.835,7058.61,-1.19199e-07,604.255,8870.02,-2.79964e-07,683.962,11141.4,-2.30521e-07,774.182,13986.7,-2.55099e-07,876.299,17546.4,1.23585e-07,991.883,21993.1,1.41192e-07,1122.71,27536.7,-9.71886e-08,1270.78,34430.7,-3.68368e-07,1438.38,42977.7,-3.45379e-07,1628.07,53532.7,-3.25328e-09,1842.77,66504.6,2.6362e-07,2085.77,82350.2,2.53445e-07,2360.79,101560,-2.47407e-08,2672.05,124632,-3.80602e-07,3024.31,152018,-4.79005e-07,3422.98,184060,-1.14379e-07,3874.15,220884,2.64297e-07,4384.72,262283,3.44131e-07,4962.49,307576,7.5349e-08,5616.29,355497,-3.63097e-07,6356.1,404126,-6.05442e-07,7193.18,450932,-2.72333e-07,8140.28,492963,2.29675e-07,9211.79,527178,4.3387e-07,10424,550893,-1.0711e-07,10.102,8.06553,2.81012,10.6436,8.57909,0.869423,11.5336,10.2515,0.270869,12.7211,12.7138,0.0844293,14.1823,15.9373,0.0263173,15.9122,20.0383,0.0082035,17.9198,25.2154,0.00255722,20.2244,31.7373,0.000797017,22.8539,39.9486,0.000248622,25.8438,50.2851,7.75492e-05,29.237,63.2963,2.42508e-05,33.0837,79.6738,7.67162e-06,37.4415,100.288,2.32837e-06,42.3767,126.236,7.33e-07,47.9646,158.896,2.79256e-07,54.2906,200.003,9.87351e-09,61.452,251.741,1.61085e-07,69.5585,316.859,-2.47141e-07,78.7347,398.812,8.93552e-08,89.1218,501.948,-2.53231e-07,100.879,631.736,-1.25047e-07,114.188,795.049,-1.78808e-07,129.252,1000.53,2.6733e-07,146.304,1259.03,4.50292e-07,165.605,1584.19,6.76904e-07,187.452,1993.12,-1.23808e-07,212.181,2507.27,-4.89068e-07,240.173,3153.54,-5.40284e-07,271.856,3965.56,1.86061e-07,307.719,4985.38,4.37004e-07,348.313,6265.4,3.59828e-07,394.26,7870.83,3.98192e-07,446.268,9882.51,-1.92908e-07,505.135,12400.3,-2.20392e-07,571.766,15546.9,1.51705e-07,647.184,19472.2,5.74996e-07,732.547,24357.4,5.39112e-07,829.167,30420,5.07815e-09,938.526,37916.3,-4.11492e-07,1062.3,47143.9,-3.9561e-07,1202.4,58439.2,3.86185e-08,1360.96,72169.3,5.94093e-07,1540.42,88715.8,7.47693e-07,1743.53,108445,1.78537e-07,1973.41,131665,-4.12549e-07,2233.57,158557,-5.37164e-07,2528,189103,-1.17615e-07,2861.2,222986,5.66769e-07,3238.27,259510,9.45053e-07,3664.97,297540,4.25093e-07,4147.81,335497,-3.58506e-07,4694.17,371444,-6.7724e-07,5312.37,403256,1.67192e-07,1.61744,3.89446,9.84394,3.28846,7.5504,12.774,5.07607,11.7187,13.6844,7.03202,16.8147,13.9681,9.20215,23.1769,14.0566,11.6301,31.1672,14.0841,14.3598,41.2186,14.0927,17.4376,53.8688,14.0954,20.9137,69.7915,14.0962,24.8432,89.8341,14.0965,29.2879,115.063,14.0966,34.3168,146.819,14.0966,40.0078,186.792,14.0966,46.4487,237.107,14.0966,53.7388,300.44,14.0966,61.9903,380.158,14.0966,71.3301,480.499,14.0966,81.902,606.796,14.0966,93.8685,765.761,14.0966,107.414,965.837,14.0966,122.746,1217.65,14.0966,140.101,1534.57,14.0966,159.745,1933.41,14.0966,181.981,2435.3,14.0966,207.15,3066.85,14.0966,235.64,3861.46,14.0966,267.889,4861.11,14.0966,304.391,6118.54,14.0966,345.709,7699.91,14.0966,392.478,9688.22,14.0966,445.417,12187.5,14.0966,505.339,15327.7,14.0966,573.165,19271.6,14.0966,649.938,24222,14.0966,736.839,30430.9,14.0966,835.202,38211.5,14.0966,946.539,47950.3,14.0966,1072.56,60122.8,14.0966,1215.21,75309.9,14.0966,1376.66,94216.2,14.0966,1559.41,117688,14.0966,1766.26,146729,14.0966,2000.39,182510,14.0966,2265.39,226372,14.0966,2565.33,279806,14.0966,2904.81,344416,14.0966,3289.05,421845,14.0966,3723.93,513667,14.0966,4216.13,621231,14.0966,4773.18,745478,14.0966,5403.64,886744,14.0966,6117.15,1.04457e+06,14.0966,6924.63,1.2176e+06,14.0966,11.7194,11.96,12.6541,13.9321,16.1295,13.6434,16.6097,21.9702,13.9553,19.7532,29.5285,14.0526,23.3844,39.1143,14.0829,27.5423,51.2054,14.0923,32.2796,66.434,14.0953,37.662,85.6061,14.0962,43.7675,109.74,14.0965,50.687,140.119,14.0966,58.5249,178.359,14.0966,67.4005,226.493,14.0966,77.4493,287.08,14.0966,88.8254,363.343,14.0966,101.703,459.336,14.0966,116.281,580.161,14.0966,132.782,732.241,14.0966,151.46,923.655,14.0966,172.603,1164.57,14.0966,196.535,1467.79,14.0966,223.625,1849.39,14.0966,254.288,2329.62,14.0966,288.997,2933.93,14.0966,328.285,3694.33,14.0966,372.755,4651.04,14.0966,423.092,5854.57,14.0966,480.07,7368.38,14.0966,544.564,9272.08,14.0966,617.566,11665.5,14.0966,700.197,14673.6,14.0966,793.729,18452.9,14.0966,899.599,23198.6,14.0966,1019.43,29154.1,14.0966,1155.07,36622.3,14.0966,1308.6,45977.9,14.0966,1482.39,57683.7,14.0966,1679.09,72307.8,14.0966,1901.73,90542.8,14.0966,2153.73,113226,14.0966,2438.97,141360,14.0966,2761.81,176127,14.0966,3127.22,218898,14.0966,3540.81,271226,14.0966,4008.92,334817,14.0966,4538.74,411470,14.0966,5138.38,502973,14.0966,5817.04,610948,14.0966,6585.12,736653,14.0966,7454.39,880741,14.0966,8438.15,1.04302e+06,14.0966,9551.45,1.22224e+06,14.0966,10811.3,1.41602e+06,14.0966,12237,1.62086e+06,14.0966,11.7194,11.96,12.6541,2.21263,4.16949,0.989383,2.67766,5.84076,0.311842,3.14343,7.55825,0.0972771,3.63127,9.58578,0.0303237,4.15787,12.0912,0.00945211,4.73731,15.2286,0.00294633,5.38238,19.1721,0.000918508,6.10553,24.134,0.000286163,6.91951,30.3791,8.92692e-05,7.83792,38.2397,2.78121e-05,8.87555,48.1338,8.65134e-06,10.0489,60.5876,2.7882e-06,11.3761,76.2629,8.29036e-07,12.8779,95.9927,2.4373e-07,14.5775,120.825,4.33068e-09,16.5012,152.08,1.75749e-07,18.6784,191.415,-1.86328e-07,21.1428,240.917,1.91829e-07,23.9322,303.213,-1.81475e-07,27.0895,381.602,7.0186e-08,30.6634,480.231,-2.86769e-08,34.7087,604.316,2.40784e-07,39.2876,760.401,9.87368e-08,44.4705,956.705,1.22263e-07,50.3371,1203.54,-4.31966e-07,56.9776,1513.81,-1.9705e-07,64.494,1903.69,-2.763e-08,73.0018,2393.4,3.9185e-07,82.6317,3008.13,1.35379e-07,93.5318,3779.25,-4.16351e-08,105.869,4745.7,2.06965e-08,119.834,5955.6,-3.18887e-07,135.641,7468.12,-1.48271e-08,153.531,9355.62,2.00739e-07,173.781,11705.8,2.28358e-07,196.701,14624.1,-1.93587e-08,222.642,18235,-2.88101e-07,252.003,22683.4,-2.24732e-07,285.234,28134,8.56806e-09,322.845,34767,2.34258e-07,365.413,42770.9,2.99668e-07,413.588,52327.9,8.28644e-08,468.111,63591.2,-3.07049e-07,529.814,76653.2,-3.1888e-07,599.642,91502.5,-6.72276e-08,678.662,107975,2.26339e-07,768.083,125705,3.69212e-07,869.267,144088,2.04077e-07,983.76,162277,-2.80509e-07,1113.3,179223,-4.22737e-07,1259.87,193777,-1.71951e-07,1425.68,204839,4.55555e-07,11.7194,11.96,12.6541,2.21263,4.16949,0.989383,2.67766,5.84076,0.311842,3.14343,7.55825,0.0972771,3.63127,9.58578,0.0303237,4.15787,12.0912,0.00945211,4.73731,15.2286,0.00294633,5.38238,19.1721,0.000918508,6.10553,24.134,0.000286163,6.91951,30.3791,8.92692e-05,7.83792,38.2397,2.78121e-05,8.87555,48.1338,8.65134e-06,10.0489,60.5876,2.7882e-06,11.3761,76.2629,8.29036e-07,12.8779,95.9927,2.4373e-07,14.5775,120.825,1e-08,16.5012,152.08,1.75749e-07,18.6784,191.415,1e-08,21.1428,240.917,1.91829e-07,23.9322,303.213,1e-08,27.0895,381.602,7.0186e-08,30.6634,480.231,1e-08,34.7087,604.316,2.40784e-07,39.2876,760.401,9.87368e-08,44.4705,956.705,1.22263e-07,50.3371,1203.54,1e-08,56.9776,1513.81,1e-08,64.494,1903.69,1e-08,73.0018,2393.4,3.9185e-07,82.6317,3008.13,1.35379e-07,93.5318,3779.25,1e-08,105.869,4745.7,2.06965e-08,119.834,5955.6,1e-08,135.641,7468.12,1e-08,153.531,9355.62,2.00739e-07,173.781,11705.8,2.28358e-07,196.701,14624.1,1e-08,222.642,18235,1e-08,252.003,22683.4,1e-08,285.234,28134,1e-08,322.845,34767,2.34258e-07,365.413,42770.9,2.99668e-07,413.588,52327.9,8.28644e-08,468.111,63591.2,1e-08,529.814,76653.2,1e-08,599.642,91502.5,1e-08,678.662,107975,2.26339e-07,768.083,125705,3.69212e-07,869.267,144088,2.04077e-07,983.76,162277,1e-08,1113.3,179223,1e-08,1259.87,193777,1e-08,1425.68,204839,4.55555e-07,6.2823,3.27286,2.43537,0.219672,6.18826,2.24117,0.56371,6.87772,2.63624,0.308279,11,14,27,4,4,2,3,10,0,3,10,0,12,2,0,3,4,0,11,17,0,5,6,0,9,18,0,5,37,0,6,20,0,9,76,0,8,168,0,17,89,0,30,85,0,12,280,0,26,68,0,10,209,0,20,282,0,23,313,0,27,271,0,22,497,0,19,254,0,62,1176,0,19,1674,0,22,1117,0,51,1340,0,48,2721,0,59,4949,0,83,4220,0,120,4262,0,134,4553,0,102,5005,0,194,6332,0,243,7965,0,242,7720,0,218,12119,0,119,16928,0,251,25241,0,149,18355,0,489,34383,0,289,31130,0,215,57618,0,187,60988,0,501,125763,0,693,133444,0,909,65150,0,1064,149817,0,541,160731,0,1098,195357,0,1187,236377,0,844,103816,0,1836,296092,0
-1.05176e+08,1,8.88811e-15,10,1023,0,1.05176e+08,0.528882,1.08665,0.389689,0.145397,0.379329,3.24381,0.161596,0.446195,1.77396,0.159177,1.15e+07,4.49998e+06,6.79999e+06,1.15e+07,4.49997e+06,6.79999e+06,1.15e+07,4.49996e+06,6.79999e+06,1.15e+07,4.49995e+06,6.79999e+06,1.14999e+07,4.49993e+06,6.79999e+06,1.14999e+07,4.49991e+06,6.79999e+06,1.14999e+07,4.49989e+06,6.79999e+06,1.14999e+07,4.49986e+06,6.79999e+06,1.14999e+07,4.49982e+06,6.79999e+06,1.14999e+07,4.49977e+06,6.79999e+06,1.14999e+07,4.49971e+06,6.79999e+06,1.14999e+07,4.49963e+06,6.79999e+06,1.14998e+07,4.49953e+06,6.79999e+06,1.14998e+07,4.49941e+06,6.79999e+06,1.14998e+07,4.49926e+06,6.79999e+06,1.14998e+07,4.49906e+06,6.79999e+06,1.14997e+07,4.49882e+06,6.79999e+06,1.14997e+07,4.49851e+06,6.79999e+06,1.14997e+07,4.49812e+06,6.79999e+06,1.14996e+07,4.49764e+06,6.79999e+06,1.14996e+07,4.49702e+06,6.79999e+06,1.14995e+07,4.49625e+06,6.79999e+06,1.14995e+07,4.49528e+06,6.79999e+06,1.14994e+07,4.49406e+06,6.79999e+06,1.14993e+07,4.49253e+06,6.79999e+06,1.14992e+07,4.49059e+06,6.79999e+06,1.14991e+07,4.48817e+06,6.79999e+06,1.1499e+07,4.48511e+06,6.79999e+06,1.14988e+07,4.48128e+06,6.79999e+06,1.14987e+07,4.47646e+06,6.79999e+06,1.14985e+07,4.47041e+06,6.79999e+06,1.14983e+07,4.46281e+06,6.79999e+06,1.14981e+07,4.4533e+06,6.79999e+06,1.14979e+07,4.44138e+06,6.79999e+06,1.14976e+07,4.42649e+06,6.79999e+06,1.14972e+07,4.40789e+06,6.79999e+06,1.14969e+07,4.38471e+06,6.79999e+06,1.14965e+07,4.35592e+06,6.79999e+06,1.1496e+07,4.32027e+06,6.79999e+06,1.14955e+07,4.27629e+06,6.79999e+06,1.14949e+07,4.22231e+06,6.79999e+06,1.14942e+07,4.15647e+06,6.79999e+06,1.14934e+07,4.07676e+06,6.79999e+06,1.14926e+07,3.98112e+06,6.79999e+06,1.14916e+07,3.86765e+06,6.79999e+06,1.14905e+07,3.73474e+06,6.79999e+06,1.14892e+07,3.58148e+06,6.79999e+06,1.14878e+07,3.40785e+06,6.79999e+06,1.14862e+07,3.21513e+06,6.79999e+06,1.14844e+07,3.00605e+06,6.79999e+06,1.14823e+07,2.7848e+06,6.79999e+06,1.148e+07,2.5568e+06,6.79999e+06,1.14773e+07,2.32825e+06,6.79999e+06,13.5742,8.52444,0.508366,16.8306,13.2585,0.162638,20.0035,17.569,0.0507846,23.2616,22.4214,0.0158319,26.7328,28.3297,0.00493498,30.5212,35.6974,0.00153831,34.7178,44.9473,0.000479527,39.4086,56.5822,0.000149456,44.6796,71.2245,4.66214e-05,50.6209,89.6543,1.45419e-05,57.3297,112.852,4.54748e-06,64.9129,142.051,1.43857e-06,73.4897,178.803,4.36618e-07,83.1934,225.062,1.40153e-07,94.1745,283.286,4.96378e-08,106.602,356.568,1.05434e-07,120.669,448.799,-6.49244e-08,136.59,564.873,1.70148e-07,154.611,710.948,-5.34594e-08,175.008,894.767,1.63407e-07,198.097,1126.06,8.04804e-08,224.231,1417.07,1.14667e-07,253.813,1783.15,-1.71227e-07,287.297,2243.62,-2.88466e-07,325.198,2822.67,-4.33651e-07,368.098,3550.67,7.9318e-08,416.657,4465.65,3.13319e-07,471.621,5615.16,3.4613e-07,533.835,7058.61,-1.19199e-07,604.255,8870.02,-2.79964e-07,683.962,11141.4,-2.30521e-07,774.182,13986.7,-2.55099e-07,876.299,17546.4,1.23585e-07,991.883,21993.1,1.41192e-07,1122.71,27536.7,-9.71886e-08,1270.78,34430.7,-3.68368e-07,1438.38,42977.7,-3.45379e-07,1628.07,53532.7,-3.25328e-09,1842.77,66504.6,2.6362e-07,2085.77,82350.2,2.53445e-07,2360.79,101560,-2.47407e-08,2672.05,124632,-3.80602e-07,3024.31,152018,-4.79005e-07,3422.98,184060,-1.14379e-07,3874.15,220884,2.64297e-07,4384.72,262283,3.44131e-07,4962.49,307576,7.5349e-08,5616.29,355497,-3.63097e-07,6356.1,404126,-6.05442e-07,7193.18,450932,-2.72333e-07,8140.28,492963,2.29675e-07,9211.79,527178,4.3387e-07,10424,550893,-1.0711e-07,10.102,8.06553,2.81012,10.6436,8.57909,0.869423,11.5336,10.2515,0.270869,12.7211,12.7138,0.0844293,14.1823,15.9373,0.0263173,15.9122,20.0383,0.0082035,17.9198,25.2154,0.00255722,20.2244,31.7373,0.000797017,22.8539,39.9486,0.000248622,25.8438,50.2851,7.75492e-05,29.237,63.2963,2.42508e-05,33.0837,79.6738,7.67162e-06,37.4415,100.288,2.32837e-06,42.3767,126.236,7.33e-07,47.9646,158.896,2.79256e-07,54.2906,200.003,9.87351e-09,61.452,251.741,1.61085e-07,69.5585,316.859,-2.47141e-07,78.7347,398.812,8.93552e-08,89.1218,501.948,-2.53231e-07,100.879,631.736,-1.25047e-07,114.188,795.049,-1.78808e-07,129.252,1000.53,2.6733e-07,146.304,1259.03,4.50292e-07,165.605,1584.19,6.76904e-07,187.452,1993.12,-1.23808e-07,212.181,2507.27,-4.89068e-07,240.173,3153.54,-5.40284e-07,271.856,3965.56,1.86061e-07,307.719,4985.38,4.37004e-07,348.313,6265.4,3.59828e-07,394.26,7870.83,3.98192e-07,446.268,9882.51,-1.92908e-07,505.135,12400.3,-2.20392e-07,571.766,15546.9,1.51705e-07,647.184,19472.2,5.74996e-07,732.547,24357.4,5.39112e-07,829.167,30420,5.07815e-09,938.526,37916.3,-4.11492e-07,1062.3,47143.9,-3.9561e-07,1202.4,58439.2,3.86185e-08,1360.96,72169.3,5.94093e-07,1540.42,88715.8,7.47693e-07,1743.53,108445,1.78537e-07,1973.41,131665,-4.12549e-07,2233.57,158557,-5.37164e-07,2528,189103,-1.17615e-07,2861.2,222986,5.66769e-07,3238.27,259510,9.45053e-07,3664.97,297540,4.25093e-07,4147.81,335497,-3.58506e-07,4694.17,371444,-6.7724e-07,5312.37,403256,1.67192e-07,1.61744,3.89446,9.84394,3.28846,7.5504,12.774,5.07607,11.7187,13.6844,7.03202,16.8147,13.9681,9.20215,23.1769,14.0566,11.6301,31.1672,14.0841,14.3598,41.2186,14.0927,17.4376,53.8688,14.0954,20.9137,69.7915,14.0962,24.8432,89.8341,14.0965,29.2879,115.063,14.0966,34.3168,146.819,14.0966,40.0078,186.792,14.0966,46.4487,237.107,14.0966,53.7388,300.44,14.0966,61.9903,380.158,14.0966,71.3301,480.499,14.0966,81.902,606.796,14.0966,93.8685,765.761,14.0966,107.414,965.837,14.0966,122.746,1217.65,14.0966,140.101,1534.57,14.0966,159.745,1933.41,14.0966,181.981,2435.3,14.0966,207.15,3066.85,14.0966,235.64,3861.46,14.0966,267.889,4861.11,14.0966,304.391,6118.54,14.0966,345.709,7699.91,14.0966,392.478,9688.22,14.0966,445.417,12187.5,14.0966,505.339,15327.7,14.0966,573.165,19271.6,14.0966,649.938,24222,14.0966,736.839,30430.9,14.0966,835.202,38211.5,14.0966,946.539,47950.3,14.0966,1072.56,60122.8,14.0966,1215.21,75309.9,14.0966,1376.66,94216.2,14.0966,1559.41,117688,14.0966,1766.26,146729,14.0966,2000.39,182510,14.0966,2265.39,226372,14.0966,2565.33,279806,14.0966,2904.81,344416,14.0966,3289.05,421845,14.0966,3723.93,513667,14.0966,4216.13,621231,14.0966,4773.18,745478,14.0966,5403.64,886744,14.0966,6117.15,1.04457e+06,14.0966,6924.63,1.2176e+06,14.0966,11.7194,11.96,12.6541,13.9321,16.1295,13.6434,16.6097,21.9702,13.9553,19.7532,29.5285,14.0526,23.3844,39.1143,14.0829,27.5423,51.2054,14.0923,32.2796,66.434,14.0953,37.662,85.6061,14.0962,43.7675,109.74,14.0965,50.687,140.119,14.0966,58.5249,178.359,14.0966,67.4005,226.493,14.0966,77.4493,287.08,14.0966,88.8254,363.343,14.0966,101.703,459.336,14.0966,116.281,580.161,14.0966,132.782,732.241,14.0966,151.46,923.655,14.0966,172.603,1164.57,14.0966,196.535,1467.79,14.0966,223.625,1849.39,14.0966,254.288,2329.62,14.0966,288.997,2933.93,14.0966,328.285,3694.33,14.0966,372.755,4651.04,14.0966,423.092,5854.57,14.0966,480.07,7368.38,14.0966,544.564,9272.08,14.0966,617.566,11665.5,14.0966,700.197,14673.6,14.0966,793.729,18452.9,14.0966,899.599,23198.6,14.0966,1019.43,29154.1,14.0966,1155.07,36622.3,14.0966,1308.6,45977.9,14.0966,1482.39,57683.7,14.0966,1679.09,72307.8,14.0966,1901.73,90542.8,14.0966,2153.73,113226,14.0966,2438.97,141360,14.0966,2761.81,176127,14.0966,3127.22,218898,14.0966,3540.81,271226,14.0966,4008.92,334817,14.0966,4538.74,411470,14.0966,5138.38,502973,14.0966,5817.04,610948,14.0966,6585.12,736653,14.0966,7454.39,880741,14.0966,8438.15,1.04302e+06,14.0966,9551.45,1.22224e+06,14.0966,10811.3,1.41602e+06,14.0966,12237,1.62086e+06,14.0966,11.7194,11.96,12.6541,2.21263,4.16949,0.989383,2.67766,5.84076,0.311842,3.14343,7.55825,0.0972771,3.63127,9.58578,0.0303237,4.15787,12.0912,0.00945211,4.73731,15.2286,0.00294633,5.38238,19.1721,0.000918508,6.10553,24.134,0.000286163,6.91951,30.3791,8.92692e-05,7.83792,38.2397,2.78121e-05,8.87555,48.1338,8.65134e-06,10.0489,60.5876,2.7882e-06,11.3761,76.2629,8.29036e-07,12.8779,95.9927,2.4373e-07,14.5775,120.825,4.33068e-09,16.5012,152.08,1.75749e-07,18.6784,191.415,-1.86328e-07,21.1428,240.917,1.91829e-07,23.9322,303.213,-1.81475e-07,27.0895,381.602,7.0186e-08,30.6634,480.231,-2.86769e-08,34.7087,604.316,2.40784e-07,39.2876,760.401,9.87368e-08,44.4705,956.705,1.22263e-07,50.3371,1203.54,-4.31966e-07,56.9776,1513.81,-1.9705e-07,64.494,1903.69,-2.763e-08,73.0018,2393.4,3.9185e-07,82.6317,3008.13,1.35379e-07,93.5318,3779.25,-4.16351e-08,105.869,4745.7,2.06965e-08,119.834,5955.6,-3.18887e-07,135.641,7468.12,-1.48271e-08,153.531,9355.62,2.00739e-07,173.781,11705.8,2.28358e-07,196.701,14624.1,-1.93587e-08,222.642,18235,-2.88101e-07,252.003,22683.4,-2.24732e-07,285.234,28134,8.56806e-09,322.845,34767,2.34258e-07,365.413,42770.9,2.99668e-07,413.588,52327.9,8.28644e-08,468.111,63591.2,-3.07049e-07,529.814,76653.2,-3.1888e-07,599.642,91502.5,-6.72276e-08,678.662,107975,2.26339e-07,768.083,125705,3.69212e-07,869.267,144088,2.04077e-07,983.76,162277,-2.80509e-07,1113.3,179223,-4.22737e-07,1259.87,193777,-1.71951e-07,1425.68,204839,4.55555e-07,11.7194,11.96,12.6541,2.21263,4.16949,0.989383,2.67766,5.84076,0.311842,3.14343,7.55825,0.0972771,3.63127,9.58578,0.0303237,4.15787,12.0912,0.00945211,4.73731,15.2286,0.00294633,5.38238,19.1721,0.000918508,6.10553,24.134,0.000286163,6.91951,30.3791,8.92692e-05,7.83792,38.2397,2.78121e-05,8.87555,48.1338,8.65134e-06,10.0489,60.5876,2.7882e-06,11.3761,76.2629,8.29036e-07,12.8779,95.9927,2.4373e-07,14.5775,120.825,1e-08,16.5012,152.08,1.75749e-07,18.6784,191.415,1e-08,21.1428,240.917,1.91829e-07,23.9322,303.213,1e-08,27.0895,381.602,7.0186e-08,30.6634,480.231,1e-08,34.7087,604.316,2.40784e-07,39.2876,760.401,9.87368e-08,44.4705,956.705,1.22263e-07,50.3371,1203.54,1e-08,56.9776,1513.81,1e-08,64.494,1903.69,1e-08,73.0018,2393.4,3.9185e-07,82.6317,3008.13,1.35379e-07,93.5318,3779.25,1e-08,105.869,4745.7,2.06965e-08,119.834,5955.6,1e-08,135.641,7468.12,1e-08,153.531,9355.62,2.00739e-07,173.781,11705.8,2.28358e-07,196.701,14624.1,1e-08,222.642,18235,1e-08,252.003,22683.4,1e-08,285.234,28134,1e-08,322.845,34767,2.34258e-07,365.413,42770.9,2.99668e-07,413.588,52327.9,8.28644e-08,468.111,63591.2,1e-08,529.814,76653.2,1e-08,599.642,91502.5,1e-08,678.662,107975,2.26339e-07,768.083,125705,3.69212e-07,869.267,144088,2.04077e-07,983.76,162277,1e-08,1113.3,179223,1e-08,1259.87,193777,1e-08,1425.68,204839,4.55555e-07,6.2823,3.27286,2.43537,0.219672,6.18826,2.24117,0.56371,6.87772,2.63624,0.308279,18,7,19,2,4,1,3,3,0,4,9,0,6,4,0,3,18,0,3,7,0,7,14,0,7,16,0,12,44,0,2,40,0,5,86,0,12,29,0,11,43,0,6,92,0,23,163,0,11,117,0,17,156,0,13,260,0,26,360,0,16,281,0,42,354,0,43,874,0,19,1128,0,40,1226,0,53,1711,0,87,1051,0,62,2762,0,22,2186,0,203,3105,0,89,1851,0,59,3884,0,226,4263,0,234,3633,0,186,8413,0,102,15578,0,194,15671,0,225,17578,0,531,40851,0,185,16034,0,343,34650,0,181,48517,0,187,86652,0,414,45775,0,280,46007,0,536,97295,0,441,83147,0,1145,170873,0,962,144734,0,2233,189253,0,1136,157484,0,943,247470,0,1234,125223,0
-1.05176e+08,1,8.88811e-15,10,1023,0,1.05176e+08,0.528882,1.08665,0.389689,0.145397,0.379329,3.24381,0.161596,0.446195,1.77396,0.159177,1.15e+07,4.49998e+06,6.79999e+06,1.15e+07,4.49997e+06,6.79999e+06,1.15e+07,4.49996e+06,6.79999e+06,1.15e+07,4.49995e+06,6.79999e+06,1.14999e+07,4.49993e+06,6.79999e+06,1.14999e+07,4.49991e+06,6.79999e+06,1.14999e+07,4.49989e+06,6.79999e+06,1.14999e+07,4.49986e+06,6.79999e+06,1.14999e+07,4.49982e+06,6.79999e+06,1.14999e+07,4.49977e+06,6.79999e+06,1.14999e+07,4.49971e+06,6.79999e+06,1.14999e+07,4.49963e+06,6.79999e+06,1.14998e+07,4.49953e+06,6.79999e+06,1.14998e+07,4.49941e+06,6.79999e+06,1.14998e+07,4.49926e+06,6.79999e+06,1.14998e+07,4.49906e+06,6.79999e+06,1.14997e+07,4.49882e+06,6.79999e+06,1.14997e+07,4.49851e+06,6.79999e+06,1.14997e+07,4.49812e+06,6.79999e+06,1.14996e+07,4.49764e+06,6.79999e+06,1.14996e+07,4.49702e+06,6.79999e+06,1.14995e+07,4.49625e+06,6.79999e+06,1.14995e+07,4.49528e+06,6.79999e+06,1.14994e+07,4.49406e+06,6.79999e+06,1.14993e+07,4.49253e+06,6.79999e+06,1.14992e+07,4.49059e+06,6.79999e+06,1.14991e+07,4.48817e+06,6.79999e+06,1.1499e+07,4.48511e+06,6.79999e+06,1.14988e+07,4.48128e+06,6.79999e+06,1.14987e+07,4.47646e+06,6.79999e+06,1.14985e+07,4.47041e+06,6.79999e+06,1.14983e+07,4.46281e+06,6.79999e+06,1.14981e+07,4.4533e+06,6.79999e+06,1.14979e+07,4.44138e+06,6.79999e+06,1.14976e+07,4.42649e+06,6.79999e+06,1.14972e+07,4.40789e+06,6.79999e+06,1.14969e+07,4.38471e+06,6.79999e+06,1.14965e+07,4.35592e+06,6.79999e+06,1.1496e+07,4.32027e+06,6.79999e+06,1.14955e+07,4.27629e+06,6.79999e+06,1.14949e+07,4.22231e+06,6.79999e+06,1.14942e+07,4.15647e+06,6.79999e+06,1.14934e+07,4.07676e+06,6.79999e+06,1.14926e+07,3.98112e+06,6.79999e+06,1.14916e+07,3.86765e+06,6.79999e+06,1.14905e+07,3.73474e+06,6.79999e+06,1.14892e+07,3.58148e+06,6.79999e+06,1.14878e+07,3.40785e+06,6.79999e+06,1.14862e+07,3.21513e+06,6.79999e+06,1.14844e+07,3.00605e+06,6.79999e+06,1.14823e+07,2.7848e+06,6.79999e+06,1.148e+07,2.5568e+06,6.79999e+06,1.14773e+07,2.32825e+06,6.79999e+06,13.5742,8.52444,0.508366,16.8306,13.2585,0.162638,20.0035,17.569,0.0507846,23.2616,22.4214,0.0158319,26.7328,28.3297,0.00493498,30.5212,35.6974,0.00153831,34.7178,44.9473,0.000479527,39.4086,56.5822,0.000149456,44.6796,71.2245,4.66214e-05,50.6209,89.6543,1.45419e-05,57.3297,112.852,4.54748e-06,64.9129,142.051,1.43857e-06,73.4897,178.803,4.36618e-07,83.1934,225.062,1.40153e-07,94.1745,283.286,4.96378e-08,106.602,356.568,1.05434e-07,120.669,448.799,-6.49244e-08,136.59,564.873,1.70148e-07,154.611,710.948,-5.34594e-08,175.008,894.767,1.63407e-07,198.097,1126.06,8.04804e-08,224.231,1417.07,1.14667e-07,253.813,1783.15,-1.71227e-07,287.297,2243.62,-2.88466e-07,325.198,2822.67,-4.33651e-07,368.098,3550.67,7.9318e-08,416.657,4465.65,3.13319e-07,471.621,5615.16,3.4613e-07,533.835,7058.61,-1.19199e-07,604.255,8870.02,-2.79964e-07,683.962,11141.4,-2.30521e-07,774.182,13986.7,-2.55099e-07,876.299,17546.4,1.23585e-07,991.883,21993.1,1.41192e-07,1122.71,27536.7,-9.71886e-08,1270.78,34430.7,-3.68368e-07,1438.38,42977.7,-3.45379e-07,1628.07,53532.7,-3.25328e-09,1842.77,66504.6,2.6362e-07,2085.77,82350.2,2.53445e-07,2360.79,101560,-2.47407e-08,2672.05,124632,-3.80602e-07,3024.31,152018,-4.79005e-07,3422.98,184060,-1.14379e-07,3874.15,220884,2.64297e-07,4384.72,262283,3.44131e-07,4962.49,307576,7.5349e-08,5616.29,355497,-3.63097e-07,6356.1,404126,-6.05442e-07,7193.18,450932,-2.72333e-07,8140.28,492963,2.29675e-07,9211.79,527178,4.3387e-07,10424,550893,-1.0711e-07,10.102,8.06553,2.81012,10.6436,8.57909,0.869423,11.5336,10.2515,0.270869,12.7211,12.7138,0.0844293,14.1823,15.9373,0.0263173,15.9122,20.0383,0.0082035,17.9198,25.2154,0.00255722,20.2244,31.7373,0.000797017,22.8539,39.9486,0.000248622,25.8438,50.2851,7.75492e-05,29.237,63.2963,2.42508e-05,33.0837,79.6738,7.67162e-06,37.4415,100.288,2.32837e-06,42.3767,126.236,7.33e-07,47.9646,158.896,2.79256e-07,54.2906,200.003,9.87351e-09,61.452,251.741,1.61085e-07,69.5585,316.859,-2.47141e-07,78.7347,398.812,8.93552e-08,89.1218,501.948,-2.53231e-07,100.879,631.736,-1.25047e-07,114.188,795.049,-1.78808e-07,129.252,1000.53,2.6733e-07,146.304,1259.03,4.50292e-07,165.605,1584.19,6.76904e-07,187.452,1993.12,-1.23808e-07,212.181,2507.27,-4.89068e-07,240.173,3153.54,-5.40284e-07,271.856,3965.56,1.86061e-07,307.719,4985.38,4.37004e-07,348.313,6265.4,3.59828e-07,394.26,7870.83,3.98192e-07,446.268,9882.51,-1.92908e-07,505.135,12400.3,-2.20392e-07,571.766,15546.9,1.51705e-07,647.184,19472.2,5.74996e-07,732.547,24357.4,5.39112e-07,829.167,30420,5.07815e-09,938.526,37916.3,-4.11492e-07,1062.3,47143.9,-3.9561e-07,1202.4,58439.2,3.86185e-08,1360.96,72169.3,5.94093e-07,1540.42,88715.8,7.47693e-07,1743.53,108445,1.78537e-07,1973.41,131665,-4.12549e-07,2233.57,158557,-5.37164e-07,2528,189103,-1.17615e-07,2861.2,222986,5.66769e-07,3238.27,259510,9.45053e-07,3664.97,297540,4.25093e-07,4147.81,335497,-3.58506e-07,4694.17,371444,-6.7724e-07,5312.37,403256,1.67192e-07,1.61744,3.89446,9.84394,3.28846,7.5504,12.774,5.07607,11.7187,13.6844,7.03202,16.8147,13.9681,9.20215,23.1769,14.0566,11.6301,31.1672,14.0841,14.3598,41.2186,14.0927,17.4376,53.8688,14.0954,20.9137,69.7915,14.0962,24.8432,89.8341,14.0965,29.2879,115.063,14.0966,34.3168,146.819,14.0966,40.0078,186.792,14.0966,46.4487,237.107,14.0966,53.7388,300.44,14.0966,61.9903,380.158,14.0966,71.3301,480.499,14.0966,81.902,606.796,14.0966,93.8685,765.761,14.0966,107.414,965.837,14.0966,122.746,1217.65,14.0966,140.101,1534.57,14.0966,159.745,1933.41,14.0966,181.981,2435.3,14.0966,207.15,3066.85,14.0966,235.64,3861.46,14.0966,267.889,4861.11,14.0966,304.391,6118.54,14.0966,345.709,7699.91,14.0966,392.478,9688.22,14.0966,445.417,12187.5,14.0966,505.339,15327.7,14.0966,573.165,19271.6,14.0966,649.938,24222,14.0966,736.839,30430.9,14.0966,835.202,38211.5,14.0966,946.539,47950.3,14.0966,1072.56,60122.8,14.0966,1215.21,75309.9,14.0966,1376.66,94216.2,14.0966,1559.41,117688,14.0966,1766.26,146729,14.0966,2000.39,182510,14.0966,2265.39,226372,14.0966,2565.33,279806,14.0966,2904.81,344416,14.0966,3289.05,421845,14.0966,3723.93,513667,14.0966,4216.13,621231,14.0966,4773.18,745478,14.0966,5403.64,886744,14.0966,6117.15,1.04457e+06,14.0966,6924.63,1.2176e+06,14.0966,11.7194,11.96,12.6541,13.9321,16.1295,13.6434,16.6097,21.9702,13.9553,19.7532,29.5285,14.0526,23.3844,39.1143,14.0829,27.5423,51.2054,14.0923,32.2796,66.434,14.0953,37.662,85.6061,14.0962,43.7675,109.74,14.0965,50.687,140.119,14.0966,58.5249,178.359,14.0966,67.4005,226.493,14.0966,77.4493,287.08,14.0966,88.8254,363.343,14.0966,101.703,459.336,14.0966,116.281,580.161,14.0966,132.782,732.241,14.0966,151.46,923.655,14.0966,172.603,1164.57,14.0966,196.535,1467.79,14.0966,223.625,1849.39,14.0966,254.288,2329.62,14.0966,288.997,2933.93,14.0966,328.285,3694.33,14.0966,372.755,4651.04,14.0966,423.092,5854.57,14.0966,480.07,7368.38,14.0966,544.564,9272.08,14.0966,617.566,11665.5,14.0966,700.197,14673.6,14.0966,793.729,18452.9,14.0966,899.599,23198.6,14.0966,1019.43,29154.1,14.0966,1155.07,36622.3,14.0966,1308.6,45977.9,14.0966,1482.39,57683.7,14.0966,1679.09,72307.8,14.0966,1901.73,90542.8,14.0966,2153.73,113226,14.0966,2438.97,141360,14.0966,2761.81,176127,14.0966,3127.22,218898,14.0966,3540.81,271226,14.0966,4008.92,334817,14.0966,4538.74,411470,14.0966,5138.38,502973,14.0966,5817.04,610948,14.0966,6585.12,736653,14.0966,7454.39,880741,14.0966,8438.15,1.04302e+06,14.0966,9551.45,1.22224e+06,14.0966,10811.3,1.41602e+06,14.0966,12237,1.62086e+06,14.0966,11.7194,11.96,12.6541,2.21263,4.16949,0.989383,2.67766,5.84076,0.311842,3.14343,7.55825,0.0972771,3.63127,9.58578,0.0303237,4.15787,12.0912,0.00945211,4.73731,15.2286,0.00294633,5.38238,19.1721,0.000918508,6.10553,24.134,0.000286163,6.91951,30.3791,8.92692e-05,7.83792,38.2397,2.78121e-05,8.87555,48.1338,8.65134e-06,10.0489,60.5876,2.7882e-06,11.3761,76.2629,8.29036e-07,12.8779,95.9927,2.4373e-07,14.5775,120.825,4.33068e-09,16.5012,152.08,1.75749e-07,18.6784,191.415,-1.86328e-07,21.1428,240.917,1.91829e-07,23.9322,303.213,-1.81475e-07,27.0895,381.602,7.0186e-08,30.6634,480.231,-2.86769e-08,34.7087,604.316,2.40784e-07,39.2876,760.401,9.87368e-08,44.4705,956.705,1.22263e-07,50.3371,1203.54,-4.31966e-07,56.9776,1513.81,-1.9705e-07,64.494,1903.69,-2.763e-08,73.0018,2393.4,3.9185e-07,82.6317,3008.13,1.35379e-07,93.5318,3779.25,-4.16351e-08,105.869,4745.7,2.06965e-08,119.834,5955.6,-3.18887e-07,135.641,7468.12,-1.48271e-08,153.531,9355.62,2.00739e-07,173.781,11705.8,2.28358e-07,196.701,14624.1,-1.93587e-08,222.642,18235,-2.88101e-07,252.003,22683.4,-2.24732e-07,285.234,28134,8.56806e-09,322.845,34767,2.34258e-07,365.413,42770.9,2.99668e-07,413.588,52327.9,8.28644e-08,468.111,63591.2,-3.07049e-07,529.814,76653.2,-3.1888e-07,599.642,91502.5,-6.72276e-08,678.662,107975,2.26339e-07,768.083,125705,3.69212e-07,869.267,144088,2.04077e-07,983.76,162277,-2.80509e-07,1113.3,179223,-4.22737e-07,1259.87,193777,-1.71951e-07,1425.68,204839,4.55555e-07,11.7194,11.96,12.6541,2.21263,4.16949,0.989383,2.67766,5.84076,0.311842,3.14343,7.55825,0.0972771,3.63127,9.58578,0.0303237,4.15787,12.0912,0.00945211,4.73731,15.2286,0.00294633,5.38238,19.1721,0.000918508,6.10553,24.134,0.000286163,6.91951,30.3791,8.92692e-05,7.83792,38.2397,2.78121e-05,8.87555,48.1338,8.65134e-06,10.0489,60.5876,2.7882e-06,11.3761,76.2629,8.29036e-07,12.8779,95.9927,2.4373e-07,14.5775,120.825,1e-08,16.5012,152.08,1.75749e-07,18.6784,191.415,1e-08,21.1428,240.917,1.91829e-07,23.9322,303.213,1e-08,27.0895,381.602,7.0186e-08,30.6634,480.231,1e-08,34.7087,604.316,2.40784e-07,39.2876,760.401,9.87368e-08,44.4705,956.705,1.22263e-07,50.3371,1203.54,1e-08,56.9776,1513.81,1e-08,64.494,1903.69,1e-08,73.0018,2393.4,3.9185e-07,82.6317,3008.13,1.35379e-07,93.5318,3779.25,1e-08,105.869,4745.7,2.06965e-08,119.834,5955.6,1e-08,135.641,7468.12,1e-08,153.531,9355.62,2.00739e-07,173.781,11705.8,2.28358e-07,196.701,14624.1,1e-08,222.642,18235,1e-08,252.003,22683.4,1e-08,285.234,28134,1e-08,322.845,34767,2.34258e-07,365.413,42770.9,2.99668e-07,413.588,52327.9,8.28644e-08,468.111,63591.2,1e-08,529.814,76653.2,1e-08,599.642,91502.5,1e-08,678.662,107975,2.26339e-07,768.083,125705,3.69212e-07,869.267,144088,2.04077e-07,983.76,162277,1e-08,1113.3,179223,1e-08,1259.87,193777,1e-08,1425.68,204839,4.55555e-07,6.2823,3.27286,2.43537,0.219672,6.18826,2.24117,0.56371,6.87772,2.63624,0.308279,9,10,12,0,3,0,4,8,1,5,9,0,4,9,0,5,17,0,8,32,0,3,12,0,5,23,0,8,34,0,15,42,0,11,20,0,5,96,0,7,47,0,8,175,0,10,143,0,21,93,0,26,245,0,41,181,0,30,275,0,33,328,0,40,474,0,35,449,0,37,847,0,53,1125,0,60,1585,0,55,2572,0,93,1154,0,47,2169,0,98,3145,0,25,2768,0,158,6547,0,99,4106,0,246,8369,0,110,15872,0,167,11104,0,166,17169,0,204,9650,0,244,20423,0,521,27548,0,295,18375,0,371,37988,0,768,51145,0,355,23396,0,703,117011,0,215,48771,0,781,43348,0,726,140433,0,1266,160179,0,1215,121292,0,290,312249,0,658,298230,0,444,301841,0
-1.05176e+08,1,8.88811e-15,10,1023,0,1.05176e+08,0.528882,1.08665,0.389689,0.145397,0.379329,3.24381,0.161596,0.446195,1.77396,0.159177,1.15e+07,4.49998e+06,6.79999e+06,1.15e+07,4.49997e+06,6.79999e+06,1.15e+07,4.49996e+06,6.79999e+06,1.15e+07,4.49995e+06,6.79999e+06,1.14999e+07,4.49993e+06,6.79999e+06,1.14999e+07,4.49991e+06,6.79999e+06,1.14999e+07,4.49989e+06,6.79999e+06,1.14999e+07,4.49986e+06,6.79999e+06,1.14999e+07,4.49982e+06,6.79999e+06,1.14999e+07,4.49977e+06,6.79999e+06,1.14999e+07,4.49971e+06,6.79999e+06,1.14999e+07,4.49963e+06,6.79999e+06,1.14998e+07,4.49953e+06,6.79999e+06,1.14998e+07,4.49941e+06,6.79999e+06,1.14998e+07,4.49926e+06,6.79999e+06,1.14998e+07,4.49906e+06,6.79999e+06,1.14997e+07,4.49882e+06,6.79999e+06,1.14997e+07,4.49851e+06,6.79999e+06,1.14997e+07,4.49812e+06,6.79999e+06,1.14996e+07,4.49764e+06,6.79999e+06,1.14996e+07,4.49702e+06,6.79999e+06,1.14995e+07,4.49625e+06,6.79999e+06,1.14995e+07,4.49528e+06,6.79999e+06,1.14994e+07,4.49406e+06,6.79999e+06,1.14993e+07,4.49253e+06,6.79999e+06,1.14992e+07,4.49059e+06,6.79999e+06,1.14991e+07,4.48817e+06,6.79999e+06,1.1499e+07,4.48511e+06,6.79999e+06,1.14988e+07,4.48128e+06,6.79999e+06,1.14987e+07,4.47646e+06,6.79999e+06,1.14985e+07,4.47041e+06,6.79999e+06,1.14983e+07,4.46281e+06,6.79999e+06,1.14981e+07,4.4533e+06,6.79999e+06,1.14979e+07,4.44138e+06,6.79999e+06,1.14976e+07,4.42649e+06,6.79999e+06,1.14972e+07,4.40789e+06,6.79999e+06,1.14969e+07,4.38471e+06,6.79999e+06,1.14965e+07,4.35592e+06,6.79999e+06,1.1496e+07,4.32027e+06,6.79999e+06,1.14955e+07,4.27629e+06,6.79999e+06,1.14949e+07,4.22231e+06,6.79999e+06,1.14942e+07,4.15647e+06,6.79999e+06,1.14934e+07,4.07676e+06,6.79999e+06,1.14926e+07,3.98112e+06,6.79999e+06,1.14916e+07,3.86765e+06,6.79999e+06,1.14905e+07,3.73474e+06,6.79999e+06,1.14892e+07,3.58148e+06,6.79999e+06,1.14878e+07,3.40785e+06,6.79999e+06,1.14862e+07,3.21513e+06,6.79999e+06,1.14844e+07,3.00605e+06,6.79999e+06,1.14823e+07,2.7848e+06,6.79999e+06,1.148e+07,2.5568e+06,6.79999e+06,1.14773e+07,2.32825e+06,6.79999e+06,13.5742,8.52444,0.508366,16.8306,13.2585,0.162638,20.0035,17.569,0.0507846,23.2616,22.4214,0.0158319,26.7328,28.3297,0.00493498,30.5212,35.6974,0.00153831,34.7178,44.9473,0.000479527,39.4086,56.5822,0.000149456,44.6796,71.2245,4.66214e-05,50.6209,89.6543,1.45419e-05,57.3297,112.852,4.54748e-06,64.9129,142.051,1.43857e-06,73.4897,178.803,4.36618e-07,83.1934,225.062,1.40153e-07,94.1745,283.286,4.96378e-08,106.602,356.568,1.05434e-07,120.669,448.799,-6.49244e-08,136.59,564.873,1.70148e-07,154.611,710.948,-5.34594e-08,175.008,894.767,1.63407e-07,198.097,1126.06,8.04804e-08,224.231,1417.07,1.14667e-07,253.813,1783.15,-1.71227e-07,287.297,2243.62,-2.88466e-07,325.198,2822.67,-4.33651e-07,368.098,3550.67,7.9318e-08,416.657,4465.65,3.13319e-07,471.621,5615.16,3.4613e-07,533.835,7058.61,-1.19199e-07,604.255,8870.02,-2.79964e-07,683.962,11141.4,-2.30521e-07,774.182,13986.7,-2.55099e-07,876.299,17546.4,1.23585e-07,991.883,21993.1,1.41192e-07,1122.71,27536.7,-9.71886e-08,1270.78,34430.7,-3.68368e-07,1438.38,42977.7,-3.45379e-07,1628.07,53532.7,-3.25328e-09,1842.77,66504.6,2.6362e-07,2085.77,82350.2,2.53445e-07,2360.79,101560,-2.47407e-08,2672.05,124632,-3.80602e-07,3024.31,152018,-4.79005e-07,3422.98,184060,-1.14379e-07,3874.15,220884,2.64297e-07,4384.72,262283,3.44131e-07,4962.49,307576,7.5349e-08,5616.29,355497,-3.63097e-07,6356.1,404126,-6.05442e-07,7193.18,450932,-2.72333e-07,8140.28,492963,2.29675e-07,9211.79,527178,4.3387e-07,10424,550893,-1.0711e-07,10.102,8.06553,2.81012,10.6436,8.57909,0.869423,11.5336,10.2515,0.270869,12.7211,12.7138,0.0844293,14.1823,15.9373,0.0263173,15.9122,20.0383,0.0082035,17.9198,25.2154,0.00255722,20.2244,31.7373,0.000797017,22.8539,39.9486,0.000248622,25.8438,50.2851,7.75492e-05,29.237,63.2963,2.42508e-05,33.0837,79.6738,7.67162e-06,37.4415,100.288,2.32837e-06,42.3767,126.236,7.33e-07,47.9646,158.896,2.79256e-07,54.2906,200.003,9.87351e-09,61.452,251.741,1.61085e-07,69.5585,316.859,-2.47141e-07,78.7347,398.812,8.93552e-08,89.1218,501.948,-2.53231e-07,100.879,631.736,-1.25047e-07,114.188,795.049,-1.78808e-07,129.252,1000.53,2.6733e-07,146.304,1259.03,4.50292e-07,165.605,1584.19,6.76904e-07,187.452,1993.12,-1.23808e-07,212.181,2507.27,-4.89068e-07,240.173,3153.54,-5.40284e-07,271.856,3965.56,1.86061e-07,307.719,4985.38,4.37004e-07,348.313,6265.4,3.59828e-07,394.26,7870.83,3.98192e-07,446.268,9882.51,-1.92908e-07,505.135,12400.3,-2.20392e-07,571.766,15546.9,1.51705e-07,647.184,19472.2,5.74996e-07,732.547,24357.4,5.39112e-07,829.167,30420,5.07815e-09,938.526,37916.3,-4.11492e-07,1062.3,47143.9,-3.9561e-07,1202.4,58439.2,3.86185e-08,1360.96,72169.3,5.94093e-07,1540.42,88715.8,7.47693e-07,1743.53,108445,1.78537e-07,1973.41,131665,-4.12549e-07,2233.57,158557,-5.37164e-07,2528,189103,-1.17615e-07,2861.2,222986,5.66769e-07,3238.27,259510,9.45053e-07,3664.97,297540,4.25093e-07,4147.81,335497,-3.58506e-07,4694.17,371444,-6.7724e-07,5312.37,403256,1.67192e-07,1.61744,3.89446,9.84394,3.28846,7.5504,12.774,5.07607,11.7187,13.6844,7.03202,16.8147,13.9681,9.20215,23.1769,14.0566,11.6301,31.1672,14.0841,14.3598,41.2186,14.0927,17.4376,53.8688,14.0954,20.9137,69.7915,14.0962,24.8432,89.8341,14.0965,29.2879,115.063,14.0966,34.3168,146.819,14.0966,40.0078,186.792,14.0966,46.4487,237.107,14.0966,53.7388,300.44,14.0966,61.9903,380.158,14.0966,71.3301,480.499,14.0966,81.902,606.796,14.0966,93.8685,765.761,14.0966,107.414,965.837,14.0966,122.746,1217.65,14.0966,140.101,1534.57,14.0966,159.745,1933.41,14.0966,181.981,2435.3,14.0966,207.15,3066.85,14.0966,235.64,3861.46,14.0966,267.889,4861.11,14.0966,304.391,6118.54,14.0966,345.709,7699.91,14.0966,392.478,9688.22,14.0966,445.417,12187.5,14.0966,505.339,15327.7,14.0966,573.165,19271.6,14.0966,649.938,24222,14.0966,736.839,30430.9,14.0966,835.202,38211.5,14.0966,946.539,47950.3,14.0966,1072.56,60122.8,14.0966,1215.21,75309.9,14.0966,1376.66,94216.2,14.0966,1559.41,117688,14.0966,1766.26,146729,14.0966,2000.39,182510,14.0966,2265.39,226372,14.0966,2565.33,279806,14.0966,2904.81,344416,14.0966,3289.05,421845,14.0966,3723.93,513667,14.0966,4216.13,621231,14.0966,4773.18,745478,14.0966,5403.64,886744,14.0966,6117.15,1.04457e+06,14.0966,6924.63,1.2176e+06,14.0966,11.7194,11.96,12.6541,13.9321,16.1295,13.6434,16.6097,21.9702,13.9553,19.7532,29.5285,14.0526,23.3844,39.1143,14.0829,27.5423,51.2054,14.0923,32.2796,66.434,14.0953,37.662,85.6061,14.0962,43.7675,109.74,14.0965,50.687,140.119,14.0966,58.5249,178.359,14.0966,67.4005,226.493,14.0966,77.4493,287.08,14.0966,88.8254,363.343,14.0966,101.703,459.336,14.0966,116.281,580.161,14.0966,132.782,732.241,14.0966,151.46,923.655,14.0966,172.603,1164.57,14.0966,196.535,1467.79,14.0966,223.625,1849.39,14.0966,254.288,2329.62,14.0966,288.997,2933.93,14.0966,328.285,3694.33,14.0966,372.755,4651.04,14.0966,423.092,5854.57,14.0966,480.07,7368.38,14.0966,544.564,9272.08,14.0966,617.566,11665.5,14.0966,700.197,14673.6,14.0966,793.729,18452.9,14.0966,899.599,23198.6,14.0966,1019.43,29154.1,14.0966,1155.07,36622.3,14.0966,1308.6,45977.9,14.0966,1482.39,57683.7,14.0966,1679.09,72307.8,14.0966,1901.73,90542.8,14.0966,2153.73,113226,14.0966,2438.97,141360,14.0966,2761.81,176127,14.0966,3127.22,218898,14.0966,3540.81,271226,14.0966,4008.92,334817,14.0966,4538.74,411470,14.0966,5138.38,502973,14.0966,5817.04,610948,14.0966,6585.12,736653,14.0966,7454.39,880741,14.0966,8438.15,1.04302e+06,14.0966,9551.45,1.22224e+06,14.0966,10811.3,1.41602e+06,14.0966,12237,1.62086e+06,14.0966,11.7194,11.96,12.6541,2.21263,4.16949,0.989383,2.67766,5.84076,0.311842,3.14343,7.55825,0.0972771,3.63127,9.58578,0.0303237,4.15787,12.0912,0.00945211,4.73731,15.2286,0.00294633,5.38238,19.1721,0.000918508,6.10553,24.134,0.000286163,6.91951,30.3791,8.92692e-05,7.83792,38.2397,2.78121e-05,8.87555,48.1338,8.65134e-06,10.0489,60.5876,2.7882e-06,11.3761,76.2629,8.29036e-07,12.8779,95.9927,2.4373e-07,14.5775,120.825,4.33068e-09,16.5012,152.08,1.75749e-07,18.6784,191.415,-1.86328e-07,21.1428,240.917,1.91829e-07,23.9322,303.213,-1.81475e-07,27.0895,381.602,7.0186e-08,30.6634,480.231,-2.86769e-08,34.7087,604.316,2.40784e-07,39.2876,760.401,9.87368e-08,44.4705,956.705,1.22263e-07,50.3371,1203.54,-4.31966e-07,56.9776,1513.81,-1.9705e-07,64.494,1903.69,-2.763e-08,73.0018,2393.4,3.9185e-07,82.6317,3008.13,1.35379e-07,93.5318,3779.25,-4.16351e-08,105.869,4745.7,2.06965e-08,119.834,5955.6,-3.18887e-07,135.641,7468.12,-1.48271e-08,153.531,9355.62,2.00739e-07,173.781,11705.8,2.28358e-07,196.701,14624.1,-1.93587e-08,222.642,18235,-2.88101e-07,252.003,22683.4,-2.24732e-07,285.234,28134,8.56806e-09,322.845,34767,2.34258e-07,365.413,42770.9,2.99668e-07,413.588,52327.9,8.28644e-08,468.111,63591.2,-3.07049e-07,529.814,76653.2,-3.1888e-07,599.642,91502.5,-6.72276e-08,678.662,107975,2.26339e-07,768.083,125705,3.69212e-07,869.267,144088,2.04077e-07,983.76,162277,-2.80509e-07,1113.3,179223,-4.22737e-07,1259.87,193777,-1.71951e-07,1425.68,204839,4.55555e-07,11.7194,11.96,12.6541,2.21263,4.16949,0.989383,2.67766,5.84076,0.311842,3.14343,7.55825,0.0972771,3.63127,9.58578,0.0303237,4.15787,12.0912,0.00945211,4.73731,15.2286,0.00294633,5.38238,19.1721,0.000918508,6.10553,24.134,0.000286163,6.91951,30.3791,8.92692e-05,7.83792,38.2397,2.78121e-05,8.87555,48.1338,8.65134e-06,10.0489,60.5876,2.7882e-06,11.3761,76.2629,8.29036e-07,12.8779,95.9927,2.4373e-07,14.5775,120.825,1e-08,16.5012,152.08,1.75749e-07,18.6784,191.415,1e-08,21.1428,240.917,1.91829e-07,23.9322,303.213,1e-08,27.0895,381.602,7.0186e-08,30.6634,480.231,1e-08,34.7087,604.316,2.40784e-07,39.2876,760.401,9.87368e-08,44.4705,956.705,1.22263e-07,50.3371,1203.54,1e-08,56.9776,1513.81,1e-08,64.494,1903.69,1e-08,73.0018,2393.4,3.9185e-07,82.6317,3008.13,1.35379e-07,93.5318,3779.25,1e-08,105.869,4745.7,2.06965e-08,119.834,5955.6,1e-08,135.641,7468.12,1e-08,153.531,9355.62,2.00739e-07,173.781,11705.8,2.28358e-07,196.701,14624.1,1e-08,222.642,18235,1e-08,252.003,22683.4,1e-08,285.234,28134,1e-08,322.845,34767,2.34258e-07,365.413,42770.9,2.99668e-07,413.588,52327.9,8.28644e-08,468.111,63591.2,1e-08,529.814,76653.2,1e-08,599.642,91502.5,1e-08,678.662,107975,2.26339e-07,768.083,125705,3.69212e-07,869.267,144088,2.04077e-07,983.76,162277,1e-08,1113.3,179223,1e-08,1259.87,193777,1e-08,1425.68,204839,4.55555e-07,6.2823,3.27286,2.43537,0.219672,6.18826,2.24117,0.56371,6.87772,2.63624,0.308279,5,3,9,1,2,0,4,7,0,1,6,1,3,9,0,3,7,0,1,13,0,1,20,0,7,16,0,2,20,0,12,13,0,4,51,0,5,56,0,3,49,0,15,136,0,12,92,0,9,150,0,5,360,0,20,294,0,18,183,0,16,410,0,47,300,0,57,1176,0,17,898,0,54,584,0,47,1725,0,50,1826,0,81,1276,0,117,3183,0,115,3503,0,93,2828,0,128,7294,0,24,11869,0,100,5728,0,246,4801,0,249,10734,0,83,14900,0,240,8287,0,145,25969,0,227,26735,0,286,45967,0,148,90782,0,605,47660,0,563,59575,0,509,53900,0,405,115305,0,413,121003,0,914,200179,0,1143,100376,0,511,182138,0,1059,280435,0,1425,161914,0,2335,328286,0
-1.05176e+08,1,8.88811e-15,10,1023,0,1.05176e+08,0.528882,1.08665,0.389689,0.145397,0.379329,3.24381,0.161596,0.446195,1.77396,0.159177,1.15e+07,4.49998e+06,6.79999e+06,1.15e+07,4.49997e+06,6.79999e+06,1.15e+07,4.49996e+06,6.79999e+06,1.15e+07,4.49995e+06,6.79999e+06,1.14999e+07,4.49993e+06,6.79999e+06,1.14999e+07,4.49991e+06,6.79999e+06,1.14999e+07,4.49989e+06,6.79999e+06,1.14999e+07,4.49986e+06,6.79999e+06,1.14999e+07,4.49982e+06,6.79999e+06,1.14999e+07,4.49977e+06,6.79999e+06,1.14999e+07,4.49971e+06,6.79999e+06,1.14999e+07,4.49963e+06,6.79999e+06,1.14998e+07,4.49953e+06,6.79999e+06,1.14998e+07,4.49941e+06,6.79999e+06,1.14998e+07,4.49926e+06,6.79999e+06,1.14998e+07,4.49906e+06,6.79999e+06,1.14997e+07,4.49882e+06,6.79999e+06,1.14997e+07,4.49851e+06,6.79999e+06,1.14997e+07,4.49812e+06,6.79999e+06,1.14996e+07,4.49764e+06,6.79999e+06,1.14996e+07,4.49702e+06,6.79999e+06,1.14995e+07,4.49625e+06,6.79999e+06,1.14995e+07,4.49528e+06,6.79999e+06,1.14994e+07,4.49406e+06,6.79999e+06,1.14993e+07,4.49253e+06,6.79999e+06,1.14992e+07,4.49059e+06,6.79999e+06,1.14991e+07,4.48817e+06,6.79999e+06,1.1499e+07,4.48511e+06,6.79999e+06,1.14988e+07,4.48128e+06,6.79999e+06,1.14987e+07,4.47646e+06,6.79999e+06,1.14985e+07,4.47041e+06,6.79999e+06,1.14983e+07,4.46281e+06,6.79999e+06,1.14981e+07,4.4533e+06,6.79999e+06,1.14979e+07,4.44138e+06,6.79999e+06,1.14976e+07,4.42649e+06,6.79999e+06,1.14972e+07,4.40789e+06,6.79999e+06,1.14969e+07,4.38471e+06,6.79999e+06,1.14965e+07,4.35592e+06,6.79999e+06,1.1496e+07,4.32027e+06,6.79999e+06,1.14955e+07,4.27629e+06,6.79999e+06,1.14949e+07,4.22231e+06,6.79999e+06,1.14942e+07,4.15647e+06,6.79999e+06,1.14934e+07,4.07676e+06,6.79999e+06,1.14926e+07,3.98112e+06,6.79999e+06,1.14916e+07,3.86765e+06,6.79999e+06,1.14905e+07,3.73474e+06,6.79999e+06,1.14892e+07,3.58148e+06,6.79999e+06,1.14878e+07,3.40785e+06,6.79999e+06,1.14862e+07,3.21513e+06,6.79999e+06,1.14844e+07,3.00605e+06,6.79999e+06,1.14823e+07,2.7848e+06,6.79999e+06,1.148e+07,2.5568e+06,6.79999e+06,1.14773e+07,2.32825e+06,6.79999e+06,13.5742,8.52444,0.508366,16.8306,13.2585,0.162638,20.0035,17.569,0.0507846,23.2616,22.4214,0.0158319,26.7328,28.3297,0.00493498,30.5212,35.6974,0.00153831,34.7178,44.9473,0.000479527,39.4086,56.5822,0.000149456,44.6796,71.2245,4.66214e-05,50.6209,89.6543,1.45419e-05,57.3297,112.852,4.54748e-06,64.9129,142.051,1.43857e-06,73.4897,178.803,4.36618e-07,83.1934,225.062,1.40153e-07,94.1745,283.286,4.96378e-08,106.602,356.568,1.05434e-07,120.669,448.799,-6.49244e-08,136.59,564.873,1.70148e-07,154.611,710.948,-5.34594e-08,175.008,894.767,1.63407e-07,198.097,1126.06,8.04804e-08,224.231,1417.07,1.14667e-07,253.813,1783.15,-1.71227e-07,287.297,2243.62,-2.88466e-07,325.198,2822.67,-4.33651e-07,368.098,3550.67,7.9318e-08,416.657,4465.65,3.13319e-07,471.621,5615.16,3.4613e-07,533.835,7058.61,-1.19199e-07,604.255,8870.02,-2.79964e-07,683.962,11141.4,-2.30521e-07,774.182,13986.7,-2.55099e-07,876.299,17546.4,1.23585e-07,991.883,21993.1,1.41192e-07,1122.71,27536.7,-9.71886e-08,1270.78,34430.7,-3.68368e-07,1438.38,42977.7,-3.45379e-07,1628.07,53532.7,-3.25328e-09,1842.77,66504.6,2.6362e-07,2085.77,82350.2,2.53445e-07,2360.79,101560,-2.47407e-08,2672.05,124632,-3.80602e-07,3024.31,152018,-4.79005e-07,3422.98,184060,-1.14379e-07,3874.15,220884,2.64297e-07,4384.72,262283,3.44131e-07,4962.49,307576,7.5349e-08,5616.29,355497,-3.63097e-07,6356.1,404126,-6.05442e-07,7193.18,450932,-2.72333e-07,8140.28,492963,2.29675e-07,9211.79,527178,4.3387e-07,10424,550893,-1.0711e-07,10.102,8.06553,2.81012,10.6436,8.57909,0.869423,11.5336,10.2515,0.270869,12.7211,12.7138,0.0844293,14.1823,15.9373,0.0263173,15.9122,20.0383,0.0082035,17.9198,25.2154,0.00255722,20.2244,31.7373,0.000797017,22.8539,39.9486,0.000248622,25.8438,50.2851,7.75492e-05,29.237,63.2963,2.42508e-05,33.0837,79.6738,7.67162e-06,37.4415,100.288,2.32837e-06,42.3767,126.236,7.33e-07,47.9646,158.896,2.79256e-07,54.2906,200.003,9.87351e-09,61.452,251.741,1.61085e-07,69.5585,316.859,-2.47141e-07,78.7347,398.812,8.93552e-08,89.1218,501.948,-2.53231e-07,100.879,631.736,-1.25047e-07,114.188,795.049,-1.78808e-07,129.252,1000.53,2.6733e-07,146.304,1259.03,4.50292e-07,165.605,1584.19,6.76904e-07,187.452,1993.12,-1.23808e-07,212.181,2507.27,-4.89068e-07,240.173,3153.54,-5.40284e-07,271.856,3965.56,1.86061e-07,307.719,4985.38,4.37004e-07,348.313,6265.4,3.59828e-07,394.26,7870.83,3.98192e-07,446.268,9882.51,-1.92908e-07,505.135,12400.3,-2.20392e-07,571.766,15546.9,1.51705e-07,647.184,19472.2,5.74996e-07,732.547,24357.4,5.39112e-07,829.167,30420,5.07815e-09,938.526,37916.3,-4.11492e-07,1062.3,47143.9,-3.9561e-07,1202.4,58439.2,3.86185e-08,1360.96,72169.3,5.94093e-07,1540.42,88715.8,7.47693e-07,1743.53,108445,1.78537e-07,1973.41,131665,-4.12549e-07,2233.57,158557,-5.37164e-07,2528,189103,-1.17615e-07,2861.2,222986,5.66769e-07,3238.27,259510,9.45053e-07,3664.97,297540,4.25093e-07,4147.81,335497,-3.58506e-07,4694.17,371444,-6.7724e-07,5312.37,403256,1.67192e-07,1.61744,3.89446,9.84394,3.28846,7.5504,12.774,5.07607,11.7187,13.6844,7.03202,16.8147,13.9681,9.20215,23.1769,14.0566,11.6301,31.1672,14.0841,14.3598,41.2186,14.0927,17.4376,53.8688,14.0954,20.9137,69.7915,14.0962,24.8432,89.8341,14.0965,29.2879,115.063,14.0966,34.3168,146.819,14.0966,40.0078,186.792,14.0966,46.4487,237.107,14.0966,53.7388,300.44,14.0966,61.9903,380.158,14.0966,71.3301,480.499,14.0966,81.902,606.796,14.0966,93.8685,765.761,14.0966,107.414,965.837,14.0966,122.746,1217.65,14.0966,140.101,1534.57,14.0966,159.745,1933.41,14.0966,181.981,2435.3,14.0966,207.15,3066.85,14.0966,235.64,3861.46,14.0966,267.889,4861.11,14.0966,304.391,6118.54,14.0966,345.709,7699.91,14.0966,392.478,9688.22,14.0966,445.417,12187.5,14.0966,505.339,15327.7,14.0966,573.165,19271.6,14.0966,649.938,24222,14.0966,736.839,30430.9,14.0966,835.202,38211.5,14.0966,946.539,47950.3,14.0966,1072.56,60122.8,14.0966,1215.21,75309.9,14.0966,1376.66,94216.2,14.0966,1559.41,117688,14.0966,1766.26,146729,14.0966,2000.39,182510,14.0966,2265.39,226372,14.0966,2565.33,279806,14.0966,2904.81,344416,14.0966,3289.05,421845,14.0966,3723.93,513667,14.0966,4216.13,621231,14.0966,4773.18,745478,14.0966,5403.64,886744,14.0966,6117.15,1.04457e+06,14.0966,6924.63,1.2176e+06,14.0966,11.7194,11.96,12.6541,13.9321,16.1295,13.6434,16.6097,21.9702,13.9553,19.7532,29.5285,14.0526,23.3844,39.1143,14.0829,27.5423,51.2054,14.0923,32.2796,66.434,14.0953,37.662,85.6061,14.0962,43.7675,109.74,14.0965,50.687,140.119,14.0966,58.5249,178.359,14.0966,67.4005,226.493,14.0966,77.4493,287.08,14.0966,88.8254,363.343,14.0966,101.703,459.336,14.0966,116.281,580.161,14.0966,132.782,732.241,14.0966,151.46,923.655,14.0966,172.603,1164.57,14.0966,196.535,1467.79,14.0966,223.625,1849.39,14.0966,254.288,2329.62,14.0966,288.997,2933.93,14.0966,328.285,3694.33,14.0966,372.755,4651.04,14.0966,423.092,5854.57,14.0966,480.07,7368.38,14.0966,544.564,9272.08,14.0966,617.566,11665.5,14.0966,700.197,14673.6,14.0966,793.729,18452.9,14.0966,899.599,23198.6,14.0966,1019.43,29154.1,14.0966,1155.07,36622.3,14.0966,1308.6,45977.9,14.0966,1482.39,57683.7,14.0966,1679.09,72307.8,14.0966,1901.73,90542.8,14.0966,2153.73,113226,14.0966,2438.97,141360,14.0966,2761.81,176127,14.0966,3127.22,218898,14.0966,3540.81,271226,14.0966,4008.92,334817,14.0966,4538.74,411470,14.0966,5138.38,502973,14.0966,5817.04,610948,14.0966,6585.12,736653,14.0966,7454.39,880741,14.0966,8438.15,1.04302e+06,14.0966,9551.45,1.22224e+06,14.0966,10811.3,1.41602e+06,14.0966,12237,1.62086e+06,14.0966,11.7194,11.96,12.6541,2.21263,4.16949,0.989383,2.67766,5.84076,0.311842,3.14343,7.55825,0.0972771,3.63127,9.58578,0.0303237,4.15787,12.0912,0.00945211,4.73731,15.2286,0.00294633,5.38238,19.1721,0.000918508,6.10553,24.134,0.000286163,6.91951,30.3791,8.92692e-05,7.83792,38.2397,2.78121e-05,8.87555,48.1338,8.65134e-06,10.0489,60.5876,2.7882e-06,11.3761,76.2629,8.29036e-07,12.8779,95.9927,2.4373e-07,14.5775,120.825,4.33068e-09,16.5012,152.08,1.75749e-07,18.6784,191.415,-1.86328e-07,21.1428,240.917,1.91829e-07,23.9322,303.213,-1.81475e-07,27.0895,381.602,7.0186e-08,30.6634,480.231,-2.86769e-08,34.7087,604.316,2.40784e-07,39.2876,760.401,9.87368e-08,44.4705,956.705,1.22263e-07,50.3371,1203.54,-4.31966e-07,56.9776,1513.81,-1.9705e-07,64.494,1903.69,-2.763e-08,73.0018,2393.4,3.9185e-07,82.6317,3008.13,1.35379e-07,93.5318,3779.25,-4.16351e-08,105.869,4745.7,2.06965e-08,119.834,5955.6,-3.18887e-07,135.641,7468.12,-1.48271e-08,153.531,9355.62,2.00739e-07,173.781,11705.8,2.28358e-07,196.701,14624.1,-1.93587e-08,222.642,18235,-2.88101e-07,252.003,22683.4,-2.24732e-07,285.234,28134,8.56806e-09,322.845,34767,2.34258e-07,365.413,42770.9,2.99668e-07,413.588,52327.9,8.28644e-08,468.111,63591.2,-3.07049e-07,529.814,76653.2,-3.1888e-07,599.642,91502.5,-6.72276e-08,678.662,107975,2.26339e-07,768.083,125705,3.69212e-07,869.267,144088,2.04077e-07,983.76,162277,-2.80509e-07,1113.3,179223,-4.22737e-07,1259.87,193777,-1.71951e-07,1425.68,204839,4.55555e-07,11.7194,11.96,12.6541,2.21263,4.16949,0.989383,2.67766,5.84076,0.311842,3.14343,7.55825,0.0972771,3.63127,9.58578,0.0303237,4.15787,12.0912,0.00945211,4.73731,15.2286,0.00294633,5.38238,19.1721,0.000918508,6.10553,24.134,0.000286163,6.91951,30.3791,8.92692e-05,7.83792,38.2397,2.78121e-05,8.87555,48.1338,8.65134e-06,10.0489,60.5876,2.7882e-06,11.3761,76.2629,8.29036e-07,12.8779,95.9927,2.4373e-07,14.5775,120.825,1e-08,16.5012,152.08,1.75749e-07,18.6784,191.415,1e-08,21.1428,240.917,1.91829e-07,23.9322,303.213,1e-08,27.0895,381.602,7.0186e-08,30.6634,480.231,1e-08,34.7087,604.316,2.40784e-07,39.2876,760.401,9.87368e-08,44.4705,956.705,1.22263e-07,50.3371,1203.54,1e-08,56.9776,1513.81,1e-08,64.494,1903.69,1e-08,73.0018,2393.4,3.9185e-07,82.6317,3008.13,1.35379e-07,93.5318,3779.25,1e-08,105.869,4745.7,2.06965e-08,119.834,5955.6,1e-08,135.641,7468.12,1e-08,153.531,9355.62,2.00739e-07,173.781,11705.8,2.28358e-07,196.701,14624.1,1e-08,222.642,18235,1e-08,252.003,22683.4,1e-08,285.234,28134,1e-08,322.845,34767,2.34258e-07,365.413,42770.9,2.99668e-07,413.588,52327.9,8.28644e-08,468.111,63591.2,1e-08,529.814,76653.2,1e-08,599.642,91502.5,1e-08,678.662,107975,2.26339e-07,768.083,125705,3.69212e-07,869.267,144088,2.04077e-07,983.76,162277,1e-08,1113.3,179223,1e-08,1259.87,193777,1e-08,1425.68,204839,4.55555e-07,6.2823,3.27286,2.43537,0.219672,6.18826,2.24117,0.56371,6.87772,2.63624,0.308279,4,15,24,3,5,1,2,3,0,1,10,0,9,5,1,4,15,0,5,12,0,1,37,0,4,23,0,9,20,0,0,51,0,4,97,0,5,46,0,7,34,0,16,147,0,5,124,0,20,166,0,16,98,0,14,248,0,32,282,0,13,198,0,26,230,0,28,272,0,18,720,0,12,632,0,37,1702,0,115,2949,0,73,1419,0,117,2473,0,68,5637,0,84,3225,0,126,2415,0,162,5592,0,204,6046,0,154,4163,0,136,20777,0,156,4971,0,193,17538,0,312,23541,0,465,25346,0,223,35161,0,345,12151,0,540,84799,0,924,81185,0,458,120194,0,373,39936,0,327,169830,0,631,55466,0,1822,236867,0,1543,122944,0,774,154265,0,1602,350684,0,1325,266923,0
-1.05176e+08,1,8.88811e-15,10,1023,0,1.05176e+08,0.528882,1.08665,0.389689,0.145397,0.379329,3.24381,0.161596,0.446195,1.77396,0.159177,1.15e+07,4.49998e+06,6.79999e+06,1.15e+07,4.49997e+06,6.79999e+06,1.15e+07,4.49996e+06,6.79999e+06,1.15e+07,4.49995e+06,6.79999e+06,1.14999e+07,4.49993e+06,6.79999e+06,1.14999e+07,4.49991e+06,6.79999e+06,1.14999e+07,4.49989e+06,6.79999e+06,1.14999e+07,4.49986e+06,6.79999e+06,1.14999e+07,4.49982e+06,6.79999e+06,1.14999e+07,4.49977e+06,6.79999e+06,1.14999e+07,4.49971e+06,6.79999e+06,1.14999e+07,4.49963e+06,6.79999e+06,1.14998e+07,4.49953e+06,6.79999e+06,1.14998e+07,4.49941e+06,6.79999e+06,1.14998e+07,4.49926e+06,6.79999e+06,1.14998e+07,4.49906e+06,6.79999e+06,1.14997e+07,4.49882e+06,6.79999e+06,1.14997e+07,4.49851e+06,6.79999e+06,1.14997e+07,4.49812e+06,6.79999e+06,1.14996e+07,4.49764e+06,6.79999e+06,1.14996e+07,4.49702e+06,6.79999e+06,1.14995e+07,4.49625e+06,6.79999e+06,1.14995e+07,4.49528e+06,6.79999e+06,1.14994e+07,4.49406e+06,6.79999e+06,1.14993e+07,4.49253e+06,6.79999e+06,1.14992e+07,4.49059e+06,6.79999e+06,1.14991e+07,4.48817e+06,6.79999e+06,1.1499e+07,4.48511e+06,6.79999e+06,1.14988e+07,4.48128e+06,6.79999e+06,1.14987e+07,4.47646e+06,6.79999e+06,1.14985e+07,4.47041e+06,6.79999e+06,1.14983e+07,4.46281e+06,6.79999e+06,1.14981e+07,4.4533e+06,6.79999e+06,1.14979e+07,4.44138e+06,6.79999e+06,1.14976e+07,4.42649e+06,6.79999e+06,1.14972e+07,4.40789e+06,6.79999e+06,1.14969e+07,4.38471e+06,6.79999e+06,1.14965e+07,4.35592e+06,6.79999e+06,1.1496e+07,4.32027e+06,6.79999e+06,1.14955e+07,4.27629e+06,6.79999e+06,1.14949e+07,4.22231e+06,6.79999e+06,1.14942e+07,4.15647e+06,6.79999e+06,1.14934e+07,4.07676e+06,6.79999e+06,1.14926e+07,3.98112e+06,6.79999e+06,1.14916e+07,3.86765e+06,6.79999e+06,1.14905e+07,3.73474e+06,6.79999e+06,1.14892e+07,3.58148e+06,6.79999e+06,1.14878e+07,3.40785e+06,6.79999e+06,1.14862e+07,3.21513e+06,6.79999e+06,1.14844e+07,3.00605e+06,6.79999e+06,1.14823e+07,2.7848e+06,6.79999e+06,1.148e+07,2.5568e+06,6.79999e+06,1.14773e+07,2.32825e+06,6.79999e+06,13.5742,8.52444,0.508366,16.8306,13.2585,0.162638,20.0035,17.569,0.0507846,23.2616,22.4214,0.0158319,26.7328,28.3297,0.00493498,30.5212,35.6974,0.00153831,34.7178,44.9473,0.000479527,39.4086,56.5822,0.000149456,44.6796,71.2245,4.66214e-05,50.6209,89.6543,1.45419e-05,57.3297,112.852,4.54748e-06,64.9129,142.051,1.43857e-06,73.4897,178.803,4.36618e-07,83.1934,225.062,1.40153e-07,94.1745,283.286,4.96378e-08,106.602,356.568,1.05434e-07,120.669,448.799,-6.49244e-08,136.59,564.873,1.70148e-07,154.611,710.948,-5.34594e-08,175.008,894.767,1.63407e-07,198.097,1126.06,8.04804e-08,224.231,1417.07,1.14667e-07,253.813,1783.15,-1.71227e-07,287.297,2243.62,-2.88466e-07,325.198,2822.67,-4.33651e-07,368.098,3550.67,7.9318e-08,416.657,4465.65,3.13319e-07,471.621,5615.16,3.4613e-07,533.835,7058.61,-1.19199e-07,604.255,8870.02,-2.79964e-07,683.962,11141.4,-2.30521e-07,774.182,13986.7,-2.55099e-07,876.299,17546.4,1.23585e-07,991.883,21993.1,1.41192e-07,1122.71,27536.7,-9.71886e-08,1270.78,34430.7,-3.68368e-07,1438.38,42977.7,-3.45379e-07,1628.07,53532.7,-3.25328e-09,1842.77,66504.6,2.6362e-07,2085.77,82350.2,2.53445e-07,2360.79,101560,-2.47407e-08,2672.05,124632,-3.80602e-07,3024.31,152018,-4.79005e-07,3422.98,184060,-1.14379e-07,3874.15,220884,2.64297e-07,4384.72,262283,3.44131e-07,4962.49,307576,7.5349e-08,5616.29,355497,-3.63097e-07,6356.1,404126,-6.05442e-07,7193.18,450932,-2.72333e-07,8140.28,492963,2.29675e-07,9211.79,527178,4.3387e-07,10424,550893,-1.0711e-07,10.102,8.06553,2.81012,10.6436,8.57909,0.869423,11.5336,10.2515,0.270869,12.7211,12.7138,0.0844293,14.1823,15.9373,0.0263173,15.9122,20.0383,0.0082035,17.9198,25.2154,0.00255722,20.2244,31.7373,0.000797017,22.8539,39.9486,0.000248622,25.8438,50.2851,7.75492e-05,29.237,63.2963,2.42508e-05,33.0837,79.6738,7.67162e-06,37.4415,100.288,2.32837e-06,42.3767,126.236,7.33e-07,47.9646,158.896,2.79256e-07,54.2906,200.003,9.87351e-09,61.452,251.741,1.61085e-07,69.5585,316.859,-2.47141e-07,78.7347,398.812,8.93552e-08,89.1218,501.948,-2.53231e-07,100.879,631.736,-1.25047e-07,114.188,795.049,-1.78808e-07,129.252,1000.53,2.6733e-07,146.304,1259.03,4.50292e-07,165.605,1584.19,6.76904e-07,187.452,1993.12,-1.23808e-07,212.181,2507.27,-4.89068e-07,240.173,3153.54,-5.40284e-07,271.856,3965.56,1.86061e-07,307.719,4985.38,4.37004e-07,348.313,6265.4,3.59828e-07,394.26,7870.83,3.98192e-07,446.268,9882.51,-1.92908e-07,505.135,12400.3,-2.20392e-07,571.766,15546.9,1.51705e-07,647.184,19472.2,5.74996e-07,732.547,24357.4,5.39112e-07,829.167,30420,5.07815e-09,938.526,37916.3,-4.11492e-07,1062.3,47143.9,-3.9561e-07,1202.4,58439.2,3.86185e-08,1360.96,72169.3,5.94093e-07,1540.42,88715.8,7.47693e-07,1743.53,108445,1.78537e-07,1973.41,131665,-4.12549e-07,2233.57,158557,-5.37164e-07,2528,189103,-1.17615e-07,2861.2,222986,5.66769e-07,3238.27,259510,9.45053e-07,3664.97,297540,4.25093e-07,4147.81,335497,-3.58506e-07,4694.17,371444,-6.7724e-07,5312.37,403256,1.67192e-07,1.61744,3.89446,9.84394,3.28846,7.5504,12.774,5.07607,11.7187,13.6844,7.03202,16.8147,13.9681,9.20215,23.1769,14.0566,11.6301,31.1672,14.0841,14.3598,41.2186,14.0927,17.4376,53.8688,14.0954,20.9137,69.7915,14.0962,24.8432,89.8341,14.0965,29.2879,115.063,14.0966,34.3168,146.819,14.0966,40.0078,186.792,14.0966,46.4487,237.107,14.0966,53.7388,300.44,14.0966,61.9903,380.158,14.0966,71.3301,480.499,14.0966,81.902,606.796,14.0966,93.8685,765.761,14.0966,107.414,965.837,14.0966,122.746,1217.65,14.0966,140.101,1534.57,14.0966,159.745,1933.41,14.0966,181.981,2435.3,14.0966,207.15,3066.85,14.0966,235.64,3861.46,14.0966,267.889,4861.11,14.0966,304.391,6118.54,14.0966,345.709,7699.91,14.0966,392.478,9688.22,14.0966,445.417,12187.5,14.0966,505.339,15327.7,14.0966,573.165,19271.6,14.0966,649.938,24222,14.0966,736.839,30430.9,14.0966,835.202,38211.5,14.0966,946.539,47950.3,14.0966,1072.56,60122.8,14.0966,1215.21,75309.9,14.0966,1376.66,94216.2,14.0966,1559.41,117688,14.0966,1766.26,146729,14.0966,2000.39,182510,14.0966,2265.39,226372,14.0966,2565.33,279806,14.0966,2904.81,344416,14.0966,3289.05,421845,14.0966,3723.93,513667,14.0966,4216.13,621231,14.0966,4773.18,745478,14.0966,5403.64,886744,14.0966,6117.15,1.04457e+06,14.0966,6924.63,1.2176e+06,14.0966,11.7194,11.96,12.6541,13.9321,16.1295,13.6434,16.6097,21.9702,13.9553,19.7532,29.5285,14.0526,23.3844,39.1143,14.0829,27.5423,51.2054,14.0923,32.2796,66.434,14.0953,37.662,85.6061,14.0962,43.7675,109.74,14.0965,50.687,140.119,14.0966,58.5249,178.359,14.0966,67.4005,226.493,14.0966,77.4493,287.08,14.0966,88.8254,363.343,14.0966,101.703,459.336,14.0966,116.281,580.161,14.0966,132.782,732.241,14.0966,151.46,923.655,14.0966,172.603,1164.57,14.0966,196.535,1467.79,14.0966,223.625,1849.39,14.0966,254.288,2329.62,14.0966,288.997,2933.93,14.0966,328.285,3694.33,14.0966,372.755,4651.04,14.0966,423.092,5854.57,14.0966,480.07,7368.38,14.0966,544.564,9272.08,14.0966,617.566,11665.5,14.0966,700.197,14673.6,14.0966,793.729,18452.9,14.0966,899.599,23198.6,14.0966,1019.43,29154.1,14.0966,1155.07,36622.3,14.0966,1308.6,45977.9,14.0966,1482.39,57683.7,14.0966,1679.09,72307.8,14.0966,1901.73,90542.8,14.0966,2153.73,113226,14.0966,2438.97,141360,14.0966,2761.81,176127,14.0966,3127.22,218898,14.0966,3540.81,271226,14.0966,4008.92,334817,14.0966,4538.74,411470,14.0966,5138.38,502973,14.0966,5817.04,610948,14.0966,6585.12,736653,14.0966,7454.39,880741,14.0966,8438.15,1.04302e+06,14.0966,9551.45,1.22224e+06,14.0966,10811.3,1.41602e+06,14.0966,12237,1.62086e+06,14.0966,11.7194,11.96,12.6541,2.21263,4.16949,0.989383,2.67766,5.84076,0.311842,3.14343,7.55825,0.0972771,3.63127,9.58578,0.0303237,4.15787,12.0912,0.00945211,4.73731,15.2286,0.00294633,5.38238,19.1721,0.000918508,6.10553,24.134,0.000286163,6.91951,30.3791,8.92692e-05,7.83792,38.2397,2.78121e-05,8.87555,48.1338,8.65134e-06,10.0489,60.5876,2.7882e-06,11.3761,76.2629,8.29036e-07,12.8779,95.9927,2.4373e-07,14.5775,120.825,4.33068e-09,16.5012,152.08,1.75749e-07,18.6784,191.415,-1.86328e-07,21.1428,240.917,1.91829e-07,23.9322,303.213,-1.81475e-07,27.0895,381.602,7.0186e-08,30.6634,480.231,-2.86769e-08,34.7087,604.316,2.40784e-07,39.2876,760.401,9.87368e-08,44.4705,956.705,1.22263e-07,50.3371,1203.54,-4.31966e-07,56.9776,1513.81,-1.9705e-07,64.494,1903.69,-2.763e-08,73.0018,2393.4,3.9185e-07,82.6317,3008.13,1.35379e-07,93.5318,3779.25,-4.16351e-08,105.869,4745.7,2.06965e-08,119.834,5955.6,-3.18887e-07,135.641,7468.12,-1.48271e-08,153.531,9355.62,2.00739e-07,173.781,11705.8,2.28358e-07,196.701,14624.1,-1.93587e-08,222.642,18235,-2.88101e-07,252.003,22683.4,-2.24732e-07,285.234,28134,8.56806e-09,322.845,34767,2.34258e-07,365.413,42770.9,2.99668e-07,413.588,52327.9,8.28644e-08,468.111,63591.2,-3.07049e-07,529.814,76653.2,-3.1888e-07,599.642,91502.5,-6.72276e-08,678.662,107975,2.26339e-07,768.083,125705,3.69212e-07,869.267,144088,2.04077e-07,983.76,162277,-2.80509e-07,1113.3,179223,-4.22737e-07,1259.87,193777,-1.71951e-07,1425.68,204839,4.55555e-07,11.7194,11.96,12.6541,2.21263,4.16949,0.989383,2.67766,5.84076,0.311842,3.14343,7.55825,0.0972771,3.63127,9.58578,0.0303237,4.15787,12.0912,0.00945211,4.73731,15.2286,0.00294633,5.38238,19.1721,0.000918508,6.10553,24.134,0.000286163,6.91951,30.3791,8.92692e-05,7.83792,38.2397,2.78121e-05,8.87555,48.1338,8.65134e-06,10.0489,60.5876,2.7882e-06,11.3761,76.2629,8.29036e-07,12.8779,95.9927,2.4373e-07,14.5775,120.825,1e-08,16.5012,152.08,1.75749e-07,18.6784,191.415,1e-08,21.1428,240.917,1.91829e-07,23.9322,303.213,1e-08,27.0895,381.602,7.0186e-08,30.6634,480.231,1e-08,34.7087,604.316,2.40784e-07,39.2876,760.401,9.87368e-08,44.4705,956.705,1.22263e-07,50.3371,1203.54,1e-08,56.9776,1513.81,1e-08,64.494,1903.69,1e-08,73.0018,2393.4,3.9185e-07,82.6317,3008.13,1.35379e-07,93.5318,3779.25,1e-08,105.869,4745.7,2.06965e-08,119.834,5955.6,1e-08,135.641,7468.12,1e-08,153.531,9355.62,2.00739e-07,173.781,11705.8,2.28358e-07,196.701,14624.1,1e-08,222.642,18235,1e-08,252.003,22683.4,1e-08,285.234,28134,1e-08,322.845,34767,2.34258e-07,365.413,42770.9,2.99668e-07,413.588,52327.9,8.28644e-08,468.111,63591.2,1e-08,529.814,76653.2,1e-08,599.642,91502.5,1e-08,678.662,107975,2.26339e-07,768.083,125705,3.69212e-07,869.267,144088,2.04077e-07,983.76,162277,1e-08,1113.3,179223,1e-08,1259.87,193777,1e-08,1425.68,204839,4.55555e-07,6.2823,3.27286,2.43537,0.219672,6.18826,2.24117,0.56371,6.87772,2.63624,0.308279,11,10,9,0,3,0,6,12,0,1,7,0,7,5,0,3,10,0,6,20,0,14,18,0,5,18,0,3,17,0,7,47,0,6,39,0,11,25,0,8,57,0,9,97,0,12,58,0,15,100,0,14,271,0,29,264,0,22,248,0,21,393,0,16,434,0,70,935,0,46,381,0,40,1548,0,48,911,0,25,1623,0,84,2866,0,50,1687,0,75,1535,0,90,4052,0,141,7442,0,119,6070,0,79,9612,0,134,9785,0,176,13114,0,208,12917,0,132,15700,0,227,13794,0,239,16511,0,231,23920,0,351,37145,0,341,45025,0,278,71896,0,618,54964,0,671,176633,0,274,103213,0,983,111684,0,856,154081,0,395,247404,0,842,84918,0,606,221296,0,1522,186850,0
-1.05176e+08,1,8.88811e-15,10,1023,0,1.05176e+08,0.528882,1.08665,0.389689,0.145397,0.379329,3.24381,0.161596,0.446195,1.77396,0.159177,1.15e+07,4.49998e+06,6.79999e+06,1.15e+07,4.49997e+06,6.79999e+06,1.15e+07,4.49996e+06,6.79999e+06,1.15e+07,4.49995e+06,6.79999e+06,1.14999e+07,4.49993e+06,6.79999e+06,1.14999e+07,4.49991e+06,6.79999e+06,1.14999e+07,4.49989e+06,6.79999e+06,1.14999e+07,4.49986e+06,6.79999e+06,1.14999e+07,4.49982e+06,6.79999e+06,1.14999e+07,4.49977e+06,6.79999e+06,1.14999e+07,4.49971e+06,6.79999e+06,1.14999e+07,4.49963e+06,6.79999e+06,1.14998e+07,4.49953e+06,6.79999e+06,1.14998e+07,4.49941e+06,6.79999e+06,1.14998e+07,4.49926e+06,6.79999e+06,1.14998e+07,4.49906e+06,6.79999e+06,1.14997e+07,4.49882e+06,6.79999e+06,1.14997e+07,4.49851e+06,6.79999e+06,1.14997e+07,4.49812e+06,6.79999e+06,1.14996e+07,4.49764e+06,6.79999e+06,1.14996e+07,4.49702e+06,6.79999e+06,1.14995e+07,4.49625e+06,6.79999e+06,1.14995e+07,4.49528e+06,6.79999e+06,1.14994e+07,4.49406e+06,6.79999e+06,1.14993e+07,4.49253e+06,6.79999e+06,1.14992e+07,4.49059e+06,6.79999e+06,1.14991e+07,4.48817e+06,6.79999e+06,1.1499e+07,4.48511e+06,6.79999e+06,1.14988e+07,4.48128e+06,6.79999e+06,1.14987e+07,4.47646e+06,6.79999e+06,1.14985e+07,4.47041e+06,6.79999e+06,1.14983e+07,4.46281e+06,6.79999e+06,1.14981e+07,4.4533e+06,6.79999e+06,1.14979e+07,4.44138e+06,6.79999e+06,1.14976e+07,4.42649e+06,6.79999e+06,1.14972e+07,4.40789e+06,6.79999e+06,1.14969e+07,4.38471e+06,6.79999e+06,1.14965e+07,4.35592e+06,6.79999e+06,1.1496e+07,4.32027e+06,6.79999e+06,1.14955e+07,4.27629e+06,6.79999e+06,1.14949e+07,4.22231e+06,6.79999e+06,1.14942e+07,4.15647e+06,6.79999e+06,1.14934e+07,4.07676e+06,6.79999e+06,1.14926e+07,3.98112e+06,6.79999e+06,1.14916e+07,3.86765e+06,6.79999e+06,1.14905e+07,3.73474e+06,6.79999e+06,1.14892e+07,3.58148e+06,6.79999e+06,1.14878e+07,3.40785e+06,6.79999e+06,1.14862e+07,3.21513e+06,6.79999e+06,1.14844e+07,3.00605e+06,6.79999e+06,1.14823e+07,2.7848e+06,6.79999e+06,1.148e+07,2.5568e+06,6.79999e+06,1.14773e+07,2.32825e+06,6.79999e+06,13.5742,8.52444,0.508366,16.8306,13.2585,0.162638,20.0035,17.569,0.0507846,23.2616,22.4214,0.0158319,26.7328,28.3297,0.00493498,30.5212,35.6974,0.00153831,34.7178,44.9473,0.000479527,39.4086,56.5822,0.000149456,44.6796,71.2245,4.66214e-05,50.6209,89.6543,1.45419e-05,57.3297,112.852,4.54748e-06,64.9129,142.051,1.43857e-06,73.4897,178.803,4.36618e-07,83.1934,225.062,1.40153e-07,94.1745,283.286,4.96378e-08,106.602,356.568,1.05434e-07,120.669,448.799,-6.49244e-08,136.59,564.873,1.70148e-07,154.611,710.948,-5.34594e-08,175.008,894.767,1.63407e-07,198.097,1126.06,8.04804e-08,224.231,1417.07,1.14667e-07,253.813,1783.15,-1.71227e-07,287.297,2243.62,-2.88466e-07,325.198,2822.67,-4.33651e-07,368.098,3550.67,7.9318e-08,416.657,4465.65,3.13319e-07,471.621,5615.16,3.4613e-07,533.835,7058.61,-1.19199e-07,604.255,8870.02,-2.79964e-07,683.962,11141.4,-2.30521e-07,774.182,13986.7,-2.55099e-07,876.299,17546.4,1.23585e-07,991.883,21993.1,1.41192e-07,1122.71,27536.7,-9.71886e-08,1270.78,34430.7,-3.68368e-07,1438.38,42977.7,-3.45379e-07,1628.07,53532.7,-3.25328e-09,1842.77,66504.6,2.6362e-07,2085.77,82350.2,2.53445e-07,2360.79,101560,-2.47407e-08,2672.05,124632,-3.80602e-07,3024.31,152018,-4.79005e-07,3422.98,184060,-1.14379e-07,3874.15,220884,2.64297e-07,4384.72,262283,3.44131e-07,4962.49,307576,7.5349e-08,5616.29,355497,-3.63097e-07,6356.1,404126,-6.05442e-07,7193.18,450932,-2.72333e-07,8140.28,492963,2.29675e-07,9211.79,527178,4.3387e-07,10424,550893,-1.0711e-07,10.102,8.06553,2.81012,10.6436,8.57909,0.869423,11.5336,10.2515,0.270869,12.7211,12.7138,0.0844293,14.1823,15.9373,0.0263173,15.9122,20.0383,0.0082035,17.9198,25.2154,0.00255722,20.2244,31.7373,0.000797017,22.8539,39.9486,0.000248622,25.8438,50.2851,7.75492e-05,29.237,63.2963,2.42508e-05,33.0837,79.6738,7.67162e-06,37.4415,100.288,2.32837e-06,42.3767,126.236,7.33e-07,47.9646,158.896,2.79256e-07,54.2906,200.003,9.87351e-09,61.452,251.741,1.61085e-07,69.5585,316.859,-2.47141e-07,78.7347,398.812,8.93552e-08,89.1218,501.948,-2.53231e-07,100.879,631.736,-1.25047e-07,114.188,795.049,-1.78808e-07,129.252,1000.53,2.6733e-07,146.304,1259.03,4.50292e-07,165.605,1584.19,6.76904e-07,187.452,1993.12,-1.23808e-07,212.181,2507.27,-4.89068e-07,240.173,3153.54,-5.40284e-07,271.856,3965.56,1.86061e-07,307.719,4985.38,4.37004e-07,348.313,6265.4,3.59828e-07,394.26,7870.83,3.98192e-07,446.268,9882.51,-1.92908e-07,505.135,12400.3,-2.20392e-07,571.766,15546.9,1.51705e-07,647.184,19472.2,5.74996e-07,732.547,24357.4,5.39112e-07,829.167,30420,5.07815e-09,938.526,37916.3,-4.11492e-07,1062.3,47143.9,-3.9561e-07,1202.4,58439.2,3.86185e-08,1360.96,72169.3,5.94093e-07,1540.42,88715.8,7.47693e-07,1743.53,108445,1.78537e-07,1973.41,131665,-4.12549e-07,2233.57,158557,-5.37164e-07,2528,189103,-1.17615e-07,2861.2,222986,5.66769e-07,3238.27,259510,9.45053e-07,3664.97,297540,4.25093e-07,4147.81,335497,-3.58506e-07,4694.17,371444,-6.7724e-07,5312.37,403256,1.67192e-07,1.61744,3.89446,9.84394,3.28846,7.5504,12.774,5.07607,11.7187,13.6844,7.03202,16.8147,13.9681,9.20215,23.1769,14.0566,11.6301,31.1672,14.0841,14.3598,41.2186,14.0927,17.4376,53.8688,14.0954,20.9137,69.7915,14.0962,24.8432,89.8341,14.0965,29.2879,115.063,14.0966,34.3168,146.819,14.0966,40.0078,186.792,14.0966,46.4487,237.107,14.0966,53.7388,300.44,14.0966,61.9903,380.158,14.0966,71.3301,480.499,14.0966,81.902,606.796,14.0966,93.8685,765.761,14.0966,107.414,965.837,14.0966,122.746,1217.65,14.0966,140.101,1534.57,14.0966,159.745,1933.41,14.0966,181.981,2435.3,14.0966,207.15,3066.85,14.0966,235.64,3861.46,14.0966,267.889,4861.11,14.0966,304.391,6118.54,14.0966,345.709,7699.91,14.0966,392.478,9688.22,14.0966,445.417,12187.5,14.0966,505.339,15327.7,14.0966,573.165,19271.6,14.0966,649.938,24222,14.0966,736.839,30430.9,14.0966,835.202,38211.5,14.0966,946.539,47950.3,14.0966,1072.56,60122.8,14.0966,1215.21,75309.9,14.0966,1376.66,94216.2,14.0966,1559.41,117688,14.0966,1766.26,146729,14.0966,2000.39,182510,14.0966,2265.39,226372,14.0966,2565.33,279806,14.0966,2904.81,344416,14.0966,3289.05,421845,14.0966,3723.93,513667,14.0966,4216.13,621231,14.0966,4773.18,745478,14.0966,5403.64,886744,14.0966,6117.15,1.04457e+06,14.0966,6924.63,1.2176e+06,14.0966,11.7194,11.96,12.6541,13.9321,16.1295,13.6434,16.6097,21.9702,13.9553,19.7532,29.5285,14.0526,23.3844,39.1143,14.0829,27.5423,51.2054,14.0923,32.2796,66.434,14.0953,37.662,85.6061,14.0962,43.7675,109.74,14.0965,50.687,140.119,14.0966,58.5249,178.359,14.0966,67.4005,226.493,14.0966,77.4493,287.08,14.0966,88.8254,363.343,14.0966,101.703,459.336,14.0966,116.281,580.161,14.0966,132.782,732.241,14.0966,151.46,923.655,14.0966,172.603,1164.57,14.0966,196.535,1467.79,14.0966,223.625,1849.39,14.0966,254.288,2329.62,14.0966,288.997,2933.93,14.0966,328.285,3694.33,14.0966,372.755,4651.04,14.0966,423.092,5854.57,14.0966,480.07,7368.38,14.0966,544.564,9272.08,14.0966,617.566,11665.5,14.0966,700.197,14673.6,14.0966,793.729,18452.9,14.0966,899.599,23198.6,14.0966,1019.43,29154.1,14.0966,1155.07,36622.3,14.0966,1308.6,45977.9,14.0966,1482.39,57683.7,14.0966,1679.09,72307.8,14.0966,1901.73,90542.8,14.0966,2153.73,113226,14.0966,2438.97,141360,14.0966,2761.81,176127,14.0966,3127.22,218898,14.0966,3540.81,271226,14.0966,4008.92,334817,14.0966,4538.74,411470,14.0966,5138.38,502973,14.0966,5817.04,610948,14.0966,6585.12,736653,14.0966,7454.39,880741,14.0966,8438.15,1.04302e+06,14.0966,9551.45,1.22224e+06,14.0966,10811.3,1.41602e+06,14.0966,12237,1.62086e+06,14.0966,11.7194,11.96,12.6541,2.21263,4.16949,0.989383,2.67766,5.84076,0.311842,3.14343,7.55825,0.0972771,3.63127,9.58578,0.0303237,4.15787,12.0912,0.00945211,4.73731,15.2286,0.00294633,5.38238,19.1721,0.000918508,6.10553,24.134,0.000286163,6.91951,30.3791,8.92692e-05,7.83792,38.2397,2.78121e-05,8.87555,48.1338,8.65134e-06,10.0489,60.5876,2.7882e-06,11.3761,76.2629,8.29036e-07,12.8779,95.9927,2.4373e-07,14.5775,120.825,4.33068e-09,16.5012,152.08,1.75749e-07,18.6784,191.415,-1.86328e-07,21.1428,240.917,1.91829e-07,23.9322,303.213,-1.81475e-07,27.0895,381.602,7.0186e-08,30.6634,480.231,-2.86769e-08,34.7087,604.316,2.40784e-07,39.2876,760.401,9.87368e-08,44.4705,956.705,1.22263e-07,50.3371,1203.54,-4.31966e-07,56.9776,1513.81,-1.9705e-07,64.494,1903.69,-2.763e-08,73.0018,2393.4,3.9185e-07,82.6317,3008.13,1.35379e-07,93.5318,3779.25,-4.16351e-08,105.869,4745.7,2.06965e-08,119.834,5955.6,-3.18887e-07,135.641,7468.12,-1.48271e-08,153.531,9355.62,2.00739e-07,173.781,11705.8,2.28358e-07,196.701,14624.1,-1.93587e-08,222.642,18235,-2.88101e-07,252.003,22683.4,-2.24732e-07,285.234,28134,8.56806e-09,322.845,34767,2.34258e-07,365.413,42770.9,2.99668e-07,413.588,52327.9,8.28644e-08,468.111,63591.2,-3.07049e-07,529.814,76653.2,-3.1888e-07,599.642,91502.5,-6.72276e-08,678.662,107975,2.26339e-07,768.083,125705,3.69212e-07,869.267,144088,2.04077e-07,983.76,162277,-2.80509e-07,1113.3,179223,-4.22737e-07,1259.87,193777,-1.71951e-07,1425.68,204839,4.55555e-07,11.7194,11.96,12.6541,2.21263,4.16949,0.989383,2.67766,5.84076,0.311842,3.14343,7.55825,0.0972771,3.63127,9.58578,0.0303237,4.15787,12.0912,0.00945211,4.73731,15.2286,0.00294633,5.38238,19.1721,0.000918508,6.10553,24.134,0.000286163,6.91951,30.3791,8.92692e-05,7.83792,38.2397,2.78121e-05,8.87555,48.1338,8.65134e-06,10.0489,60.5876,2.7882e-06,11.3761,76.2629,8.29036e-07,12.8779,95.9927,2.4373e-07,14.5775,120.825,1e-08,16.5012,152.08,1.75749e-07,18.6784,191.415,1e-08,21.1428,240.917,1.91829e-07,23.9322,303.213,1e-08,27.0895,381.602,7.0186e-08,30.6634,480.231,1e-08,34.7087,604.316,2.40784e-07,39.2876,760.401,9.87368e-08,44.4705,956.705,1.22263e-07,50.3371,1203.54,1e-08,56.9776,1513.81,1e-08,64.494,1903.69,1e-08,73.0018,2393.4,3.9185e-07,82.6317,3008.13,1.35379e-07,93.5318,3779.25,1e-08,105.869,4745.7,2.06965e-08,119.834,5955.6,1e-08,135.641,7468.12,1e-08,153.531,9355.62,2.00739e-07,173.781,11705.8,2.28358e-07,196.701,14624.1,1e-08,222.642,18235,1e-08,252.003,22683.4,1e-08,285.234,28134,1e-08,322.845,34767,2.34258e-07,365.413,42770.9,2.99668e-07,413.588,52327.9,8.28644e-08,468.111,63591.2,1e-08,529.814,76653.2,1e-08,599.642,91502.5,1e-08,678.662,107975,2.26339e-07,768.083,125705,3.69212e-07,869.267,144088,2.04077e-07,983.76,162277,1e-08,1113.3,179223,1e-08,1259.87,193777,1e-08,1425.68,204839,4.55555e-07,6.2823,3.27286,2.43537,0.219672,6.18826,2.24117,0.56371,6.87772,2.63624,0.308279,12,6,10,2,3,0,5,3,2,2,4,0,4,9,0,7,4,0,1,18,0,1,21,0,5,34,0,3,43,0,6,41,0,7,42,0,9,90,0,20,77,0,11,48,0,8,141,0,17,114,0,16,193,0,2,217,0,27,228,0,16,428,0,22,558,0,55,527,0,57,827,0,52,2281,0,23,1361,0,94,2073,0,58,2863,0,71,2534,0,90,3354,0,30,2992,0,65,6571,0,96,3629,0,80,10006,0,46,13947,0,229,8664,0,273,16148,0,169,25596,0,267,20521,0,381,18673,0,623,41524,0,435,25073,0,288,35063,0,515,65165,0,323,89799,0,777,68699,0,681,23598,0,797,194931,0,1470,85820,0,927,173211,0,1352,117612,0,1365,232034,0,1649,214238,0
-1.05176e+08,1,8.88811e-15,10,1023,0,1.05176e+08,0.528882,1.08665,0.389689,0.145397,0.379329,3.24381,0.161596,0.446195,1.77396,0.159177,1.15e+07,4.49998e+06,6.79999e+06,1.15e+07,4.49997e+06,6.79999e+06,1.15e+07,4.49996e+06,6.79999e+06,1.15e+07,4.49995e+06,6.79999e+06,1.14999e+07,4.49993e+06,6.79999e+06,1.14999e+07,4.49991e+06,6.79999e+06,1.14999e+07,4.49989e+06,6.79999e+06,1.14999e+07,4.49986e+06,6.79999e+06,1.14999e+07,4.49982e+06,6.79999e+06,1.14999e+07,4.49977e+06,6.79999e+06,1.14999e+07,4.49971e+06,6.79999e+06,1.14999e+07,4.49963e+06,6.79999e+06,1.14998e+07,4.49953e+06,6.79999e+06,1.14998e+07,4.49941e+06,6.79999e+06,1.14998e+07,4.49926e+06,6.79999e+06,1.14998e+07,4.49906e+06,6.79999e+06,1.14997e+07,4.49882e+06,6.79999e+06,1.14997e+07,4.49851e+06,6.79999e+06,1.14997e+07,4.49812e+06,6.79999e+06,1.14996e+07,4.49764e+06,6.79999e+06,1.14996e+07,4.49702e+06,6.79999e+06,1.14995e+07,4.49625e+06,6.79999e+06,1.14995e+07,4.49528e+06,6.79999e+06,1.14994e+07,4.49406e+06,6.79999e+06,1.14993e+07,4.49253e+06,6.79999e+06,1.14992e+07,4.49059e+06,6.79999e+06,1.14991e+07,4.48817e+06,6.79999e+06,1.1499e+07,4.48511e+06,6.79999e+06,1.14988e+07,4.48128e+06,6.79999e+06,1.14987e+07,4.47646e+06,6.79999e+06,1.14985e+07,4.47041e+06,6.79999e+06,1.14983e+07,4.46281e+06,6.79999e+06,1.14981e+07,4.4533e+06,6.79999e+06,1.14979e+07,4.44138e+06,6.79999e+06,1.14976e+07,4.42649e+06,6.79999e+06,1.14972e+07,4.40789e+06,6.79999e+06,1.14969e+07,4.38471e+06,6.79999e+06,1.14965e+07,4.35592e+06,6.79999e+06,1.1496e+07,4.32027e+06,6.79999e+06,1.14955e+07,4.27629e+06,6.79999e+06,1.14949e+07,4.22231e+06,6.79999e+06,1.14942e+07,4.15647e+06,6.79999e+06,1.14934e+07,4.07676e+06,6.79999e+06,1.14926e+07,3.98112e+06,6.79999e+06,1.14916e+07,3.86765e+06,6.79999e+06,1.14905e+07,3.73474e+06,6.79999e+06,1.14892e+07,3.58148e+06,6.79999e+06,1.14878e+07,3.40785e+06,6.79999e+06,1.14862e+07,3.21513e+06,6.79999e+06,1.14844e+07,3.00605e+06,6.79999e+06,1.14823e+07,2.7848e+06,6.79999e+06,1.148e+07,2.5568e+06,6.79999e+06,1.14773e+07,2.32825e+06,6.79999e+06,13.5742,8.52444,0.508366,16.8306,13.2585,0.162638,20.0035,17.569,0.0507846,23.2616,22.4214,0.0158319,26.7328,28.3297,0.00493498,30.5212,35.6974,0.00153831,34.7178,44.9473,0.000479527,39.4086,56.5822,0.000149456,44.6796,71.2245,4.66214e-05,50.6209,89.6543,1.45419e-05,57.3297,112.852,4.54748e-06,64.9129,142.051,1.43857e-06,73.4897,178.803,4.36618e-07,83.1934,225.062,1.40153e-07,94.1745,283.286,4.96378e-08,106.602,356.568,1.05434e-07,120.669,448.799,-6.49244e-08,136.59,564.873,1.70148e-07,154.611,710.948,-5.34594e-08,175.008,894.767,1.63407e-07,198.097,1126.06,8.04804e-08,224.231,1417.07,1.14667e-07,253.813,1783.15,-1.71227e-07,287.297,2243.62,-2.88466e-07,325.198,2822.67,-4.33651e-07,368.098,3550.67,7.9318e-08,416.657,4465.65,3.13319e-07,471.621,5615.16,3.4613e-07,533.835,7058.61,-1.19199e-07,604.255,8870.02,-2.79964e-07,683.962,11141.4,-2.30521e-07,774.182,13986.7,-2.55099e-07,876.299,17546.4,1.23585e-07,991.883,21993.1,1.41192e-07,1122.71,27536.7,-9.71886e-08,1270.78,34430.7,-3.68368e-07,1438.38,42977.7,-3.45379e-07,1628.07,53532.7,-3.25328e-09,1842.77,66504.6,2.6362e-07,2085.77,82350.2,2.53445e-07,2360.79,101560,-2.47407e-08,2672.05,124632,-3.80602e-07,3024.31,152018,-4.79005e-07,3422.98,184060,-1.14379e-07,3874.15,220884,2.64297e-07,4384.72,262283,3.44131e-07,4962.49,307576,7.5349e-08,5616.29,355497,-3.63097e-07,6356.1,404126,-6.05442e-07,7193.18,450932,-2.72333e-07,8140.28,492963,2.29675e-07,9211.79,527178,4.3387e-07,10424,550893,-1.0711e-07,10.102,8.06553,2.81012,10.6436,8.57909,0.869423,11.5336,10.2515,0.270869,12.7211,12.7138,0.0844293,14.1823,15.9373,0.0263173,15.9122,20.0383,0.0082035,17.9198,25.2154,0.00255722,20.2244,31.7373,0.000797017,22.8539,39.9486,0.000248622,25.8438,50.2851,7.75492e-05,29.237,63.2963,2.42508e-05,33.0837,79.6738,7.67162e-06,37.4415,100.288,2.32837e-06,42.3767,126.236,7.33e-07,47.9646,158.896,2.79256e-07,54.2906,200.003,9.87351e-09,61.452,251.741,1.61085e-07,69.5585,316.859,-2.47141e-07,78.7347,398.812,8.93552e-08,89.1218,501.948,-2.53231e-07,100.879,631.736,-1.25047e-07,114.188,795.049,-1.78808e-07,129.252,1000.53,2.6733e-07,146.304,1259.03,4.50292e-07,165.605,1584.19,6.76904e-07,187.452,1993.12,-1.23808e-07,212.181,2507.27,-4.89068e-07,240.173,3153.54,-5.40284e-07,271.856,3965.56,1.86061e-07,307.719,4985.38,4.37004e-07,348.313,6265.4,3.59828e-07,394.26,7870.83,3.98192e-07,446.268,9882.51,-1.92908e-07,505.135,12400.3,-2.20392e-07,571.766,15546.9,1.51705e-07,647.184,19472.2,5.74996e-07,732.547,24357.4,5.39112e-07,829.167,30420,5.07815e-09,938.526,37916.3,-4.11492e-07,1062.3,47143.9,-3.9561e-07,1202.4,58439.2,3.86185e-08,1360.96,72169.3,5.94093e-07,1540.42,88715.8,7.47693e-07,1743.53,108445,1.78537e-07,1973.41,131665,-4.12549e-07,2233.57,158557,-5.37164e-07,2528,189103,-1.17615e-07,2861.2,222986,5.66769e-07,3238.27,259510,9.45053e-07,3664.97,297540,4.25093e-07,4147.81,335497,-3.58506e-07,4694.17,371444,-6.7724e-07,5312.37,403256,1.67192e-07,1.61744,3.89446,9.84394,3.28846,7.5504,12.774,5.07607,11.7187,13.6844,7.03202,16.8147,13.9681,9.20215,23.1769,14.0566,11.6301,31.1672,14.0841,14.3598,41.2186,14.0927,17.4376,53.8688,14.0954,20.9137,69.7915,14.0962,24.8432,89.8341,14.0965,29.2879,115.063,14.0966,34.3168,146.819,14.0966,40.0078,186.792,14.0966,46.4487,237.107,14.0966,53.7388,300.44,14.0966,61.9903,380.158,14.0966,71.3301,480.499,14.0966,81.902,606.796,14.0966,93.8685,765.761,14.0966,107.414,965.837,14.0966,122.746,1217.65,14.0966,140.101,1534.57,14.0966,159.745,1933.41,14.0966,181.981,2435.3,14.0966,207.15,3066.85,14.0966,235.64,3861.46,14.0966,267.889,4861.11,14.0966,304.391,6118.54,14.0966,345.709,7699.91,14.0966,392.478,9688.22,14.0966,445.417,12187.5,14.0966,505.339,15327.7,14.0966,573.165,19271.6,14.0966,649.938,24222,14.0966,736.839,30430.9,14.0966,835.202,38211.5,14.0966,946.539,47950.3,14.0966,1072.56,60122.8,14.0966,1215.21,75309.9,14.0966,1376.66,94216.2,14.0966,1559.41,117688,14.0966,1766.26,146729,14.0966,2000.39,182510,14.0966,2265.39,226372,14.0966,2565.33,279806,14.0966,2904.81,344416,14.0966,3289.05,421845,14.0966,3723.93,513667,14.0966,4216.13,621231,14.0966,4773.18,745478,14.0966,5403.64,886744,14.0966,6117.15,1.04457e+06,14.0966,6924.63,1.2176e+06,14.0966,11.7194,11.96,12.6541,13.9321,16.1295,13.6434,16.6097,21.9702,13.9553,19.7532,29.5285,14.0526,23.3844,39.1143,14.0829,27.5423,51.2054,14.0923,32.2796,66.434,14.0953,37.662,85.6061,14.0962,43.7675,109.74,14.0965,50.687,140.119,14.0966,58.5249,178.359,14.0966,67.4005,226.493,14.0966,77.4493,287.08,14.0966,88.8254,363.343,14.0966,101.703,459.336,14.0966,116.281,580.161,14.0966,132.782,732.241,14.0966,151.46,923.655,14.0966,172.603,1164.57,14.0966,196.535,1467.79,14.0966,223.625,1849.39,14.0966,254.288,2329.62,14.0966,288.997,2933.93,14.0966,328.285,3694.33,14.0966,372.755,4651.04,14.0966,423.092,5854.57,14.0966,480.07,7368.38,14.0966,544.564,9272.08,14.0966,617.566,11665.5,14.0966,700.197,14673.6,14.0966,793.729,18452.9,14.0966,899.599,23198.6,14.0966,1019.43,29154.1,14.0966,1155.07,36622.3,14.0966,1308.6,45977.9,14.0966,1482.39,57683.7,14.0966,1679.09,72307.8,14.0966,1901.73,90542.8,14.0966,2153.73,113226,14.0966,2438.97,141360,14.0966,2761.81,176127,14.0966,3127.22,218898,14.0966,3540.81,271226,14.0966,4008.92,334817,14.0966,4538.74,411470,14.0966,5138.38,502973,14.0966,5817.04,610948,14.0966,6585.12,736653,14.0966,7454.39,880741,14.0966,8438.15,1.04302e+06,14.0966,9551.45,1.22224e+06,14.0966,10811.3,1.41602e+06,14.0966,12237,1.62086e+06,14.0966,11.7194,11.96,12.6541,2.21263,4.16949,0.989383,2.67766,5.84076,0.311842,3.14343,7.55825,0.0972771,3.63127,9.58578,0.0303237,4.15787,12.0912,0.00945211,4.73731,15.2286,0.00294633,5.38238,19.1721,0.000918508,6.10553,24.134,0.000286163,6.91951,30.3791,8.92692e-05,7.83792,38.2397,2.78121e-05,8.87555,48.1338,8.65134e-06,10.0489,60.5876,2.7882e-06,11.3761,76.2629,8.29036e-07,12.8779,95.9927,2.4373e-07,14.5775,120.825,4.33068e-09,16.5012,152.08,1.75749e-07,18.6784,191.415,-1.86328e-07,21.1428,240.917,1.91829e-07,23.9322,303.213,-1.81475e-07,27.0895,381.602,7.0186e-08,30.6634,480.231,-2.86769e-08,34.7087,604.316,2.40784e-07,39.2876,760.401,9.87368e-08,44.4705,956.705,1.22263e-07,50.3371,1203.54,-4.31966e-07,56.9776,1513.81,-1.9705e-07,64.494,1903.69,-2.763e-08,73.0018,2393.4,3.9185e-07,82.6317,3008.13,1.35379e-07,93.5318,3779.25,-4.16351e-08,105.869,4745.7,2.06965e-08,119.834,5955.6,-3.18887e-07,135.641,7468.12,-1.48271e-08,153.531,9355.62,2.00739e-07,173.781,11705.8,2.28358e-07,196.701,14624.1,-1.93587e-08,222.642,18235,-2.88101e-07,252.003,22683.4,-2.24732e-07,285.234,28134,8.56806e-09,322.845,34767,2.34258e-07,365.413,42770.9,2.99668e-07,413.588,52327.9,8.28644e-08,468.111,63591.2,-3.07049e-07,529.814,76653.2,-3.1888e-07,599.642,91502.5,-6.72276e-08,678.662,107975,2.26339e-07,768.083,125705,3.69212e-07,869.267,144088,2.04077e-07,983.76,162277,-2.80509e-07,1113.3,179223,-4.22737e-07,1259.87,193777,-1.71951e-07,1425.68,204839,4.55555e-07,11.7194,11.96,12.6541,2.21263,4.16949,0.989383,2.67766,5.84076,0.311842,3.14343,7.55825,0.0972771,3.63127,9.58578,0.0303237,4.15787,12.0912,0.00945211,4.73731,15.2286,0.00294633,5.38238,19.1721,0.000918508,6.10553,24.134,0.000286163,6.91951,30.3791,8.92692e-05,7.83792,38.2397,2.78121e-05,8.87555,48.1338,8.65134e-06,10.0489,60.5876,2.7882e-06,11.3761,76.2629,8.29036e-07,12.8779,95.9927,2.4373e-07,14.5775,120.825,1e-08,16.5012,152.08,1.75749e-07,18.6784,191.415,1e-08,21.1428,240.917,1.91829e-07,23.9322,303.213,1e-08,27.0895,381.602,7.0186e-08,30.6634,480.231,1e-08,34.7087,604.316,2.40784e-07,39.2876,760.401,9.87368e-08,44.4705,956.705,1.22263e-07,50.3371,1203.54,1e-08,56.9776,1513.81,1e-08,64.494,1903.69,1e-08,73.0018,2393.4,3.9185e-07,82.6317,3008.13,1.35379e-07,93.5318,3779.25,1e-08,105.869,4745.7,2.06965e-08,119.834,5955.6,1e-08,135.641,7468.12,1e-08,153.531,9355.62,2.00739e-07,173.781,11705.8,2.28358e-07,196.701,14624.1,1e-08,222.642,18235,1e-08,252.003,22683.4,1e-08,285.234,28134,1e-08,322.845,34767,2.34258e-07,365.413,42770.9,2.99668e-07,413.588,52327.9,8.28644e-08,468.111,63591.2,1e-08,529.814,76653.2,1e-08,599.642,91502.5,1e-08,678.662,107975,2.26339e-07,768.083,125705,3.69212e-07,869.267,144088,2.04077e-07,983.76,162277,1e-08,1113.3,179223,1e-08,1259.87,193777,1e-08,1425.68,204839,4.55555e-07,6.2823,3.27286,2.43537,0.219672,6.18826,2.24117,0.56371,6.87772,2.63624,0.308279,3,16,10,4,2,1,2,9,0,6,3,1,2,2,0,4,15,0,8,10,0,5,20,0,5,13,0,6,14,0,4,25,0,2,26,0,11,30,0,24,134,0,15,69,0,14,73,0,25,115,0,14,177,0,23,166,0,34,369,0,20,387,0,38,354,0,32,600,0,46,809,0,20,416,0,17,724,0,67,978,0,100,3501,0,83,2037,0,102,3942,0,150,1770,0,191,5154,0,97,2744,0,81,8226,0,76,10220,0,208,4491,0,154,12967,0,404,22418,0,228,23830,0,386,27866,0,288,18796,0,419,53630,0,804,56348,0,678,75835,0,769,55481,0,617,112535,0,323,116329,0,2090,134289,0,1465,146428,0,977,102830,0,737,109441,0,1211,233286,0,1521,182457,0
-1.05176e+08,9.4989e-51,8.88811e-15,10,1023,0,1.05176e+08,0.528882,1.08665,0.389689,0.145397,0.379329,3.24381,0.161596,0.446195,1.77396,0.159177,1.15e+07,4.49998e+06,6.79999e+06,1.15e+07,4.49997e+06,6.79999e+06,1.15e+07,4.49996e+06,6.79999e+06,1.15e+07,4.49995e+06,6.79999e+06,1.14999e+07,4.49993e+06,6.79999e+06,1.14999e+07,4.49991e+06,6.79999e+06,1.14999e+07,4.49989e+06,6.79999e+06,1.14999e+07,4.49986e+06,6.79999e+06,1.14999e+07,4.49982e+06,6.79999e+06,1.14999e+07,4.49977e+06,6.79999e+06,1.14999e+07,4.49971e+06,6.79999e+06,1.14999e+07,4.49963e+06,6.79999e+06,1.14998e+07,4.49953e+06,6.79999e+06,1.14998e+07,4.49941e+06,6.79999e+06,1.14998e+07,4.49926e+06,6.79999e+06,1.14998e+07,4.49906e+06,6.79999e+06,1.14997e+07,4.49882e+06,6.79999e+06,1.14997e+07,4.49851e+06,6.79999e+06,1.14997e+07,4.49812e+06,6.79999e+06,1.14996e+07,4.49764e+06,6.79999e+06,1.14996e+07,4.49702e+06,6.79999e+06,1.14995e+07,4.49625e+06,6.79999e+06,1.14995e+07,4.49528e+06,6.79999e+06,1.14994e+07,4.49406e+06,6.79999e+06,1.14993e+07,4.49253e+06,6.79999e+06,1.14992e+07,4.49059e+06,6.79999e+06,1.14991e+07,4.48817e+06,6.79999e+06,1.1499e+07,4.48511e+06,6.79999e+06,1.14988e+07,4.48128e+06,6.79999e+06,1.14987e+07,4.47646e+06,6.79999e+06,1.14985e+07,4.47041e+06,6.79999e+06,1.14983e+07,4.46281e+06,6.79999e+06,1.14981e+07,4.4533e+06,6.79999e+06,1.14979e+07,4.44138e+06,6.79999e+06,1.14976e+07,4.42649e+06,6.79999e+06,1.14972e+07,4.40789e+06,6.79999e+06,1.14969e+07,4.38471e+06,6.79999e+06,1.14965e+07,4.35592e+06,6.79999e+06,1.1496e+07,4.32027e+06,6.79999e+06,1.14955e+07,4.27629e+06,6.79999e+06,1.14949e+07,4.22231e+06,6.79999e+06,1.14942e+07,4.15647e+06,6.79999e+06,1.14934e+07,4.07676e+06,6.79999e+06,1.14926e+07,3.98112e+06,6.79999e+06,1.14916e+07,3.86765e+06,6.79999e+06,1.14905e+07,3.73474e+06,6.79999e+06,1.14892e+07,3.58148e+06,6.79999e+06,1.14878e+07,3.40785e+06,6.79999e+06,1.14862e+07,3.21513e+06,6.79999e+06,1.14844e+07,3.00605e+06,6.79999e+06,1.14823e+07,2.7848e+06,6.79999e+06,1.148e+07,2.5568e+06,6.79999e+06,1.14773e+07,2.32825e+06,6.79999e+06,13.5742,8.52444,0.508366,16.8306,13.2585,0.162638,20.0035,17.569,0.0507846,23.2616,22.4214,0.0158319,26.7328,28.3297,0.00493498,30.5212,35.6974,0.00153831,34.7178,44.9473,0.000479527,39.4086,56.5822,0.000149456,44.6796,71.2245,4.66214e-05,50.6209,89.6543,1.45419e-05,57.3297,112.852,4.54748e-06,64.9129,142.051,1.43857e-06,73.4897,178.803,4.36618e-07,83.1934,225.062,1.40153e-07,94.1745,283.286,4.96378e-08,106.602,356.568,1.05434e-07,120.669,448.799,-6.49244e-08,136.59,564.873,1.70148e-07,154.611,710.948,-5.34594e-08,175.008,894.767,1.63407e-07,198.097,1126.06,8.04804e-08,224.231,1417.07,1.14667e-07,253.813,1783.15,-1.71227e-07,287.297,2243.62,-2.88466e-07,325.198,2822.67,-4.33651e-07,368.098,3550.67,7.9318e-08,416.657,4465.65,3.13319e-07,471.621,5615.16,3.4613e-07,533.835,7058.61,-1.19199e-07,604.255,8870.02,-2.79964e-07,683.962,11141.4,-2.30521e-07,774.182,13986.7,-2.55099e-07,876.299,17546.4,1.23585e-07,991.883,21993.1,1.41192e-07,1122.71,27536.7,-9.71886e-08,1270.78,34430.7,-3.68368e-07,1438.38,42977.7,-3.45379e-07,1628.07,53532.7,-3.25328e-09,1842.77,66504.6,2.6362e-07,2085.77,82350.2,2.53445e-07,2360.79,101560,-2.47407e-08,2672.05,124632,-3.80602e-07,3024.31,152018,-4.79005e-07,3422.98,184060,-1.14379e-07,3874.15,220884,2.64297e-07,4384.72,262283,3.44131e-07,4962.49,307576,7.5349e-08,5616.29,355497,-3.63097e-07,6356.1,404126,-6.05442e-07,7193.18,450932,-2.72333e-07,8140.28,492963,2.29675e-07,9211.79,527178,4.3387e-07,10424,550893,-1.0711e-07,10.102,8.06553,2.81012,10.6436,8.57909,0.869423,11.5336,10.2515,0.270869,12.7211,12.7138,0.0844293,14.1823,15.9373,0.0263173,15.9122,20.0383,0.0082035,17.9198,25.2154,0.00255722,20.2244,31.7373,0.000797017,22.8539,39.9486,0.000248622,25.8438,50.2851,7.75492e-05,29.237,63.2963,2.42508e-05,33.0837,79.6738,7.67162e-06,37.4415,100.288,2.32837e-06,42.3767,126.236,7.33e-07,47.9646,158.896,2.79256e-07,54.2906,200.003,9.87351e-09,61.452,251.741,1.61085e-07,69.5585,316.859,-2.47141e-07,78.7347,398.812,8.93552e-08,89.1218,501.948,-2.53231e-07,100.879,631.736,-1.25047e-07,114.188,795.049,-1.78808e-07,129.252,1000.53,2.6733e-07,146.304,1259.03,4.50292e-07,165.605,1584.19,6.76904e-07,187.452,1993.12,-1.23808e-07,212.181,2507.27,-4.89068e-07,240.173,3153.54,-5.40284e-07,271.856,3965.56,1.86061e-07,307.719,4985.38,4.37004e-07,348.313,6265.4,3.59828e-07,394.26,7870.83,3.98192e-07,446.268,9882.51,-1.92908e-07,505.135,12400.3,-2.20392e-07,571.766,15546.9,1.51705e-07,647.184,19472.2,5.74996e-07,732.547,24357.4,5.39112e-07,829.167,30420,5.07815e-09,938.526,37916.3,-4.11492e-07,1062.3,47143.9,-3.9561e-07,1202.4,58439.2,3.86185e-08,1360.96,72169.3,5.94093e-07,1540.42,88715.8,7.47693e-07,1743.53,108445,1.78537e-07,1973.41,131665,-4.12549e-07,2233.57,158557,-5.37164e-07,2528,189103,-1.17615e-07,2861.2,222986,5.66769e-07,3238.27,259510,9.45053e-07,3664.97,297540,4.25093e-07,4147.81,335497,-3.58506e-07,4694.17,371444,-6.7724e-07,5312.37,403256,1.67192e-07,1.61744,3.89446,9.84394,3.28846,7.5504,12.774,5.07607,11.7187,13.6844,7.03202,16.8147,13.9681,9.20215,23.1769,14.0566,11.6301,31.1672,14.0841,14.3598,41.2186,14.0927,17.4376,53.8688,14.0954,20.9137,69.7915,14.0962,24.8432,89.8341,14.0965,29.2879,115.063,14.0966,34.3168,146.819,14.0966,40.0078,186.792,14.0966,46.4487,237.107,14.0966,53.7388,300.44,14.0966,61.9903,380.158,14.0966,71.3301,480.499,14.0966,81.902,606.796,14.0966,93.8685,765.761,14.0966,107.414,965.837,14.0966,122.746,1217.65,14.0966,140.101,1534.57,14.0966,159.745,1933.41,14.0966,181.981,2435.3,14.0966,207.15,3066.85,14.0966,235.64,3861.46,14.0966,267.889,4861.11,14.0966,304.391,6118.54,14.0966,345.709,7699.91,14.0966,392.478,9688.22,14.0966,445.417,12187.5,14.0966,505.339,15327.7,14.0966,573.165,19271.6,14.0966,649.938,24222,14.0966,736.839,30430.9,14.0966,835.202,38211.5,14.0966,946.539,47950.3,14.0966,1072.56,60122.8,14.0966,1215.21,75309.9,14.0966,1376.66,94216.2,14.0966,1559.41,117688,14.0966,1766.26,146729,14.0966,2000.39,182510,14.0966,2265.39,226372,14.0966,2565.33,279806,14.0966,2904.81,344416,14.0966,3289.05,421845,14.0966,3723.93,513667,14.0966,4216.13,621231,14.0966,4773.18,745478,14.0966,5403.64,886744,14.0966,6117.15,1.04457e+06,14.0966,6924.63,1.2176e+06,14.0966,11.7194,11.96,12.6541,13.9321,16.1295,13.6434,16.6097,21.9702,13.9553,19.7532,29.5285,14.0526,23.3844,39.1143,14.0829,27.5423,51.2054,14.0923,32.2796,66.434,14.0953,37.662,85.6061,14.0962,43.7675,109.74,14.0965,50.687,140.119,14.0966,58.5249,178.359,14.0966,67.4005,226.493,14.0966,77.4493,287.08,14.0966,88.8254,363.343,14.0966,101.703,459.336,14.0966,116.281,580.161,14.0966,132.782,732.241,14.0966,151.46,923.655,14.0966,172.603,1164.57,14.0966,196.535,1467.79,14.0966,223.625,1849.39,14.0966,254.288,2329.62,14.0966,288.997,2933.93,14.0966,328.285,3694.33,14.0966,372.755,4651.04,14.0966,423.092,5854.57,14.0966,480.07,7368.38,14.0966,544.564,9272.08,14.0966,617.566,11665.5,14.0966,700.197,14673.6,14.0966,793.729,18452.9,14.0966,899.599,23198.6,14.0966,1019.43,29154.1,14.0966,1155.07,36622.3,14.0966,1308.6,45977.9,14.0966,1482.39,57683.7,14.0966,1679.09,72307.8,14.0966,1901.73,90542.8,14.0966,2153.73,113226,14.0966,2438.97,141360,14.0966,2761.81,176127,14.0966,3127.22,218898,14.0966,3540.81,271226,14.0966,4008.92,334817,14.0966,4538.74,411470,14.0966,5138.38,502973,14.0966,5817.04,610948,14.0966,6585.12,736653,14.0966,7454.39,880741,14.0966,8438.15,1.04302e+06,14.0966,9551.45,1.22224e+06,14.0966,10811.3,1.41602e+06,14.0966,12237,1.62086e+06,14.0966,11.7194,11.96,12.6541,2.21263,4.16949,0.989383,2.67766,5.84076,0.311842,3.14343,7.55825,0.0972771,3.63127,9.58578,0.0303237,4.15787,12.0912,0.00945211,4.73731,15.2286,0.00294633,5.38238,19.1721,0.000918508,6.10553,24.134,0.000286163,6.91951,30.3791,8.92692e-05,7.83792,38.2397,2.78121e-05,8.87555,48.1338,8.65134e-06,10.0489,60.5876,2.7882e-06,11.3761,76.2629,8.29036e-07,12.8779,95.9927,2.4373e-07,14.5775,120.825,4.33068e-09,16.5012,152.08,1.75749e-07,18.6784,191.415,-1.86328e-07,21.1428,240.917,1.91829e-07,23.9322,303.213,-1.81475e-07,27.0895,381.602,7.0186e-08,30.6634,480.231,-2.86769e-08,34.7087,604.316,2.40784e-07,39.2876,760.401,9.87368e-08,44.4705,956.705,1.22263e-07,50.3371,1203.54,-4.31966e-07,56.9776,1513.81,-1.9705e-07,64.494,1903.69,-2.763e-08,73.0018,2393.4,3.9185e-07,82.6317,3008.13,1.35379e-07,93.5318,3779.25,-4.16351e-08,105.869,4745.7,2.06965e-08,119.834,5955.6,-3.18887e-07,135.641,7468.12,-1.48271e-08,153.531,9355.62,2.00739e-07,173.781,11705.8,2.28358e-07,196.701,14624.1,-1.93587e-08,222.642,18235,-2.88101e-07,252.003,22683.4,-2.24732e-07,285.234,28134,8.56806e-09,322.845,34767,2.34258e-07,365.413,42770.9,2.99668e-07,413.588,52327.9,8.28644e-08,468.111,63591.2,-3.07049e-07,529.814,76653.2,-3.1888e-07,599.642,91502.5,-6.72276e-08,678.662,107975,2.26339e-07,768.083,125705,3.69212e-07,869.267,144088,2.04077e-07,983.76,162277,-2.80509e-07,1113.3,179223,-4.22737e-07,1259.87,193777,-1.71951e-07,1425.68,204839,4.55555e-07,11.7194,11.96,12.6541,2.21263,4.16949,0.989383,2.67766,5.84076,0.311842,3.14343,7.55825,0.0972771,3.63127,9.58578,0.0303237,4.15787,12.0912,0.00945211,4.73731,15.2286,0.00294633,5.38238,19.1721,0.000918508,6.10553,24.134,0.000286163,6.91951,30.3791,8.92692e-05,7.83792,38.2397,2.78121e-05,8.87555,48.1338,8.65134e-06,10.0489,60.5876,2.7882e-06,11.3761,76.2629,8.29036e-07,12.8779,95.9927,2.4373e-07,14.5775,120.825,1e-08,16.5012,152.08,1.75749e-07,18.6784,191.415,1e-08,21.1428,240.917,1.91829e-07,23.9322,303.213,1e-08,27.0895,381.602,7.0186e-08,30.6634,480.231,1e-08,34.7087,604.316,2.40784e-07,39.2876,760.401,9.87368e-08,44.4705,956.705,1.22263e-07,50.3371,1203.54,1e-08,56.9776,1513.81,1e-08,64.494,1903.69,1e-08,73.0018,2393.4,3.9185e-07,82.6317,3008.13,1.35379e-07,93.5318,3779.25,1e-08,105.869,4745.7,2.06965e-08,119.834,5955.6,1e-08,135.641,7468.12,1e-08,153.531,9355.62,2.00739e-07,173.781,11705.8,2.28358e-07,196.701,14624.1,1e-08,222.642,18235,1e-08,252.003,22683.4,1e-08,285.234,28134,1e-08,322.845,34767,2.34258e-07,365.413,42770.9,2.99668e-07,413.588,52327.9,8.28644e-08,468.111,63591.2,1e-08,529.814,76653.2,1e-08,599.642,91502.5,1e-08,678.662,107975,2.26339e-07,768.083,125705,3.69212e-07,869.267,144088,2.04077e-07,983.76,162277,1e-08,1113.3,179223,1e-08,1259.87,193777,1e-08,1425.68,204839,4.55555e-07,6.2823,3.27286,2.43537,0.219672,6.18826,2.24117,0.56371,6.87772,2.63624,0.308279,12,19,7,1,4,0,6,2,0,3,9,0,4,7,0,4,14,0,2,9,0,7,9,0,6,17,0,9,26,0,2,46,0,7,52,0,10,34,0,28,120,0,14,69,0,6,98,0,21,112,0,5,306,0,34,249,0,27,530,0,26,529,0,18,477,0,67,452,0,36,549,0,70,680,0,31,1522,0,66,1643,0,48,758,0,28,1971,0,88,3073,0,141,4623,0,114,3523,0,113,4374,0,130,4671,0,43,8843,0,141,21992,0,187,4766,0,389,17564,0,186,22143,0,295,15918,0,401,32550,0,173,19183,0,214,34604,0,428,71363,0,617,35891,0,459,82229,0,583,120064,0,1054,101096,0,506,143438,0,1195,212305,0,979,157865,0,1877,83061,0,2067,268044,0
-1.05176e+08,1,8.88811e-15,10,1023,0,1.05176e+08,0.528882,1.08665,0.389689,0.145397,0.379329,3.24381,0.161596,0.446195,1.77396,0.159177,1.15e+07,4.49998e+06,6.79999e+06,1.15e+07,4.49997e+06,6.79999e+06,1.15e+07,4.49996e+06,6.79999e+06,1.15e+07,4.49995e+06,6.79999e+06,1.14999e+07,4.49993e+06,6.79999e+06,1.14999e+07,4.49991e+06,6.79999e+06,1.14999e+07,4.49989e+06,6.79999e+06,1.14999e+07,4.49986e+06,6.79999e+06,1.14999e+07,4.49982e+06,6.79999e+06,1.14999e+07,4.49977e+06,6.79999e+06,1.14999e+07,4.49971e+06,6.79999e+06,1.14999e+07,4.49963e+06,6.79999e+06,1.14998e+07,4.49953e+06,6.79999e+06,1.14998e+07,4.49941e+06,6.79999e+06,1.14998e+07,4.49926e+06,6.79999e+06,1.14998e+07,4.49906e+06,6.79999e+06,1.14997e+07,4.49882e+06,6.79999e+06,1.14997e+07,4.49851e+06,6.79999e+06,1.14997e+07,4.49812e+06,6.79999e+06,1.14996e+07,4.49764e+06,6.79999e+06,1.14996e+07,4.49702e+06,6.79999e+06,1.14995e+07,4.49625e+06,6.79999e+06,1.14995e+07,4.49528e+06,6.79999e+06,1.14994e+07,4.49406e+06,6.79999e+06,1.14993e+07,4.49253e+06,6.79999e+06,1.14992e+07,4.49059e+06,6.79999e+06,1.14991e+07,4.48817e+06,6.79999e+06,1.1499e+07,4.48511e+06,6.79999e+06,1.14988e+07,4.48128e+06,6.79999e+06,1.14987e+07,4.47646e+06,6.79999e+06,1.14985e+07,4.47041e+06,6.79999e+06,1.14983e+07,4.46281e+06,6.79999e+06,1.14981e+07,4.4533e+06,6.79999e+06,1.14979e+07,4.44138e+06,6.79999e+06,1.14976e+07,4.42649e+06,6.79999e+06,1.14972e+07,4.40789e+06,6.79999e+06,1.14969e+07,4.38471e+06,6.79999e+06,1.14965e+07,4.35592e+06,6.79999e+06,1.1496e+07,4.32027e+06,6.79999e+06,1.14955e+07,4.27629e+06,6.79999e+06,1.14949e+07,4.22231e+06,6.79999e+06,1.14942e+07,4.15647e+06,6.79999e+06,1.14934e+07,4.07676e+06,6.79999e+06,1.14926e+07,3.98112e+06,6.79999e+06,1.14916e+07,3.86765e+06,6.79999e+06,1.14905e+07,3.73474e+06,6.79999e+06,1.14892e+07,3.58148e+06,6.79999e+06,1.14878e+07,3.40785e+06,6.79999e+06,1.14862e+07,3.21513e+06,6.79999e+06,1.14844e+07,3.00605e+06,6.79999e+06,1.14823e+07,2.7848e+06,6.79999e+06,1.148e+07,2.5568e+06,6.79999e+06,1.14773e+07,2.32825e+06,6.79999e+06,13.5742,8.52444,0.508366,16.8306,13.2585,0.162638,20.0035,17.569,0.0507846,23.2616,22.4214,0.0158319,26.7328,28.3297,0.00493498,30.5212,35.6974,0.00153831,34.7178,44.9473,0.000479527,39.4086,56.5822,0.000149456,44.6796,71.2245,4.66214e-05,50.6209,89.6543,1.45419e-05,57.3297,112.852,4.54748e-06,64.9129,142.051,1.43857e-06,73.4897,178.803,4.36618e-07,83.1934,225.062,1.40153e-07,94.1745,283.286,4.96378e-08,106.602,356.568,1.05434e-07,120.669,448.799,-6.49244e-08,136.59,564.873,1.70148e-07,154.611,710.948,-5.34594e-08,175.008,894.767,1.63407e-07,198.097,1126.06,8.04804e-08,224.231,1417.07,1.14667e-07,253.813,1783.15,-1.71227e-07,287.297,2243.62,-2.88466e-07,325.198,2822.67,-4.33651e-07,368.098,3550.67,7.9318e-08,416.657,4465.65,3.13319e-07,471.621,5615.16,3.4613e-07,533.835,7058.61,-1.19199e-07,604.255,8870.02,-2.79964e-07,683.962,11141.4,-2.30521e-07,774.182,13986.7,-2.55099e-07,876.299,17546.4,1.23585e-07,991.883,21993.1,1.41192e-07,1122.71,27536.7,-9.71886e-08,1270.78,34430.7,-3.68368e-07,1438.38,42977.7,-3.45379e-07,1628.07,53532.7,-3.25328e-09,1842.77,66504.6,2.6362e-07,2085.77,82350.2,2.53445e-07,2360.79,101560,-2.47407e-08,2672.05,124632,-3.80602e-07,3024.31,152018,-4.79005e-07,3422.98,184060,-1.14379e-07,3874.15,220884,2.64297e-07,4384.72,262283,3.44131e-07,4962.49,307576,7.5349e-08,5616.29,355497,-3.63097e-07,6356.1,404126,-6.05442e-07,7193.18,450932,-2.72333e-07,8140.28,492963,2.29675e-07,9211.79,527178,4.3387e-07,10424,550893,-1.0711e-07,10.102,8.06553,2.81012,10.6436,8.57909,0.869423,11.5336,10.2515,0.270869,12.7211,12.7138,0.0844293,14.1823,15.9373,0.0263173,15.9122,20.0383,0.0082035,17.9198,25.2154,0.00255722,20.2244,31.7373,0.000797017,22.8539,39.9486,0.000248622,25.8438,50.2851,7.75492e-05,29.237,63.2963,2.42508e-05,33.0837,79.6738,7.67162e-06,37.4415,100.288,2.32837e-06,42.3767,126.236,7.33e-07,47.9646,158.896,2.79256e-07,54.2906,200.003,9.87351e-09,61.452,251.741,1.61085e-07,69.5585,316.859,-2.47141e-07,78.7347,398.812,8.93552e-08,89.1218,501.948,-2.53231e-07,100.879,631.736,-1.25047e-07,114.188,795.049,-1.78808e-07,129.252,1000.53,2.6733e-07,146.304,1259.03,4.50292e-07,165.605,1584.19,6.76904e-07,187.452,1993.12,-1.23808e-07,212.181,2507.27,-4.89068e-07,240.173,3153.54,-5.40284e-07,271.856,3965.56,1.86061e-07,307.719,4985.38,4.37004e-07,348.313,6265.4,3.59828e-07,394.26,7870.83,3.98192e-07,446.268,9882.51,-1.92908e-07,505.135,12400.3,-2.20392e-07,571.766,15546.9,1.51705e-07,647.184,19472.2,5.74996e-07,732.547,24357.4,5.39112e-07,829.167,30420,5.07815e-09,938.526,37916.3,-4.11492e-07,1062.3,47143.9,-3.9561e-07,1202.4,58439.2,3.86185e-08,1360.96,72169.3,5.94093e-07,1540.42,88715.8,7.47693e-07,1743.53,108445,1.78537e-07,1973.41,131665,-4.12549e-07,2233.57,158557,-5.37164e-07,2528,189103,-1.17615e-07,2861.2,222986,5.66769e-07,3238.27,259510,9.45053e-07,3664.97,297540,4.25093e-07,4147.81,335497,-3.58506e-07,4694.17,371444,-6.7724e-07,5312.37,403256,1.67192e-07,1.61744,3.89446,9.84394,3.28846,7.5504,12.774,5.07607,11.7187,13.6844,7.03202,16.8147,13.9681,9.20215,23.1769,14.0566,11.6301,31.1672,14.0841,14.3598,41.2186,14.0927,17.4376,53.8688,14.0954,20.9137,69.7915,14.0962,24.8432,89.8341,14.0965,29.2879,115.063,14.0966,34.3168,146.819,14.0966,40.0078,186.792,14.0966,46.4487,237.107,14.0966,53.7388,300.44,14.0966,61.9903,380.158,14.0966,71.3301,480.499,14.0966,81.902,606.796,14.0966,93.8685,765.761,14.0966,107.414,965.837,14.0966,122.746,1217.65,14.0966,140.101,1534.57,14.0966,159.745,1933.41,14.0966,181.981,2435.3,14.0966,207.15,3066.85,14.0966,235.64,3861.46,14.0966,267.889,4861.11,14.0966,304.391,6118.54,14.0966,345.709,7699.91,14.0966,392.478,9688.22,14.0966,445.417,12187.5,14.0966,505.339,15327.7,14.0966,573.165,19271.6,14.0966,649.938,24222,14.0966,736.839,30430.9,14.0966,835.202,38211.5,14.0966,946.539,47950.3,14.0966,1072.56,60122.8,14.0966,1215.21,75309.9,14.0966,1376.66,94216.2,14.0966,1559.41,117688,14.0966,1766.26,146729,14.0966,2000.39,182510,14.0966,2265.39,226372,14.0966,2565.33,279806,14.0966,2904.81,344416,14.0966,3289.05,421845,14.0966,3723.93,513667,14.0966,4216.13,621231,14.0966,4773.18,745478,14.0966,5403.64,886744,14.0966,6117.15,1.04457e+06,14.0966,6924.63,1.2176e+06,14.0966,11.7194,11.96,12.6541,13.9321,16.1295,13.6434,16.6097,21.9702,13.9553,19.7532,29.5285,14.0526,23.3844,39.1143,14.0829,27.5423,51.2054,14.0923,32.2796,66.434,14.0953,37.662,85.6061,14.0962,43.7675,109.74,14.0965,50.687,140.119,14.0966,58.5249,178.359,14.0966,67.4005,226.493,14.0966,77.4493,287.08,14.0966,88.8254,363.343,14.0966,101.703,459.336,14.0966,116.281,580.161,14.0966,132.782,732.241,14.0966,151.46,923.655,14.0966,172.603,1164.57,14.0966,196.535,1467.79,14.0966,223.625,1849.39,14.0966,254.288,2329.62,14.0966,288.997,2933.93,14.0966,328.285,3694.33,14.0966,372.755,4651.04,14.0966,423.092,5854.57,14.0966,480.07,7368.38,14.0966,544.564,9272.08,14.0966,617.566,11665.5,14.0966,700.197,14673.6,14.0966,793.729,18452.9,14.0966,899.599,23198.6,14.0966,1019.43,29154.1,14.0966,1155.07,36622.3,14.0966,1308.6,45977.9,14.0966,1482.39,57683.7,14.0966,1679.09,72307.8,14.0966,1901.73,90542.8,14.0966,2153.73,113226,14.0966,2438.97,141360,14.0966,2761.81,176127,14.0966,3127.22,218898,14.0966,3540.81,271226,14.0966,4008.92,334817,14.0966,4538.74,411470,14.0966,5138.38,502973,14.0966,5817.04,610948,14.0966,6585.12,736653,14.0966,7454.39,880741,14.0966,8438.15,1.04302e+06,14.0966,9551.45,1.22224e+06,14.0966,10811.3,1.41602e+06,14.0966,12237,1.62086e+06,14.0966,11.7194,11.96,12.6541,2.21263,4.16949,0.989383,2.67766,5.84076,0.311842,3.14343,7.55825,0.0972771,3.63127,9.58578,0.0303237,4.15787,12.0912,0.00945211,4.73731,15.2286,0.00294633,5.38238,19.1721,0.000918508,6.10553,24.134,0.000286163,6.91951,30.3791,8.92692e-05,7.83792,38.2397,2.78121e-05,8.87555,48.1338,8.65134e-06,10.0489,60.5876,2.7882e-06,11.3761,76.2629,8.29036e-07,12.8779,95.9927,2.4373e-07,14.5775,120.825,4.33068e-09,16.5012,152.08,1.75749e-07,18.6784,191.415,-1.86328e-07,21.1428,240.917,1.91829e-07,23.9322,303.213,-1.81475e-07,27.0895,381.602,7.0186e-08,30.6634,480.231,-2.86769e-08,34.7087,604.316,2.40784e-07,39.2876,760.401,9.87368e-08,44.4705,956.705,1.22263e-07,50.3371,1203.54,-4.31966e-07,56.9776,1513.81,-1.9705e-07,64.494,1903.69,-2.763e-08,73.0018,2393.4,3.9185e-07,82.6317,3008.13,1.35379e-07,93.5318,3779.25,-4.16351e-08,105.869,4745.7,2.06965e-08,119.834,5955.6,-3.18887e-07,135.641,7468.12,-1.48271e-08,153.531,9355.62,2.00739e-07,173.781,11705.8,2.28358e-07,196.701,14624.1,-1.93587e-08,222.642,18235,-2.88101e-07,252.003,22683.4,-2.24732e-07,285.234,28134,8.56806e-09,322.845,34767,2.34258e-07,365.413,42770.9,2.99668e-07,413.588,52327.9,8.28644e-08,468.111,63591.2,-3.07049e-07,529.814,76653.2,-3.1888e-07,599.642,91502.5,-6.72276e-08,678.662,107975,2.26339e-07,768.083,125705,3.69212e-07,869.267,144088,2.04077e-07,983.76,162277,-2.80509e-07,1113.3,179223,-4.22737e-07,1259.87,193777,-1.71951e-07,1425.68,204839,4.55555e-07,11.7194,11.96,12.6541,2.21263,4.16949,0.989383,2.67766,5.84076,0.311842,3.14343,7.55825,0.0972771,3.63127,9.58578,0.0303237,4.15787,12.0912,0.00945211,4.73731,15.2286,0.00294633,5.38238,19.1721,0.000918508,6.10553,24.134,0.000286163,6.91951,30.3791,8.92692e-05,7.83792,38.2397,2.78121e-05,8.87555,48.1338,8.65134e-06,10.0489,60.5876,2.7882e-06,11.3761,76.2629,8.29036e-07,12.8779,95.9927,2.4373e-07,14.5775,120.825,1e-08,16.5012,152.08,1.75749e-07,18.6784,191.415,1e-08,21.1428,240.917,1.91829e-07,23.9322,303.213,1e-08,27.0895,381.602,7.0186e-08,30.6634,480.231,1e-08,34.7087,604.316,2.40784e-07,39.2876,760.401,9.87368e-08,44.4705,956.705,1.22263e-07,50.3371,1203.54,1e-08,56.9776,1513.81,1e-08,64.494,1903.69,1e-08,73.0018,2393.4,3.9185e-07,82.6317,3008.13,1.35379e-07,93.5318,3779.25,1e-08,105.869,4745.7,2.06965e-08,119.834,5955.6,1e-08,135.641,7468.12,1e-08,153.531,9355.62,2.00739e-07,173.781,11705.8,2.28358e-07,196.701,14624.1,1e-08,222.642,18235,1e-08,252.003,22683.4,1e-08,285.234,28134,1e-08,322.845,34767,2.34258e-07,365.413,42770.9,2.99668e-07,413.588,52327.9,8.28644e-08,468.111,63591.2,1e-08,529.814,76653.2,1e-08,599.642,91502.5,1e-08,678.662,107975,2.26339e-07,768.083,125705,3.69212e-07,869.267,144088,2.04077e-07,983.76,162277,1e-08,1113.3,179223,1e-08,1259.87,193777,1e-08,1425.68,204839,4.55555e-07,6.2823,3.27286,2.43537,0.219672,6.18826,2.24117,0.56371,6.87772,2.63624,0.308279,10,12,16,5,4,0,3,11,1,1,4,0,5,3,0,6,3,0,4,21,0,7,22,0,5,24,0,8,32,0,4,29,0,6,38,0,17,140,0,11,45,0,14,45,0,13,98,0,24,181,0,18,107,0,12,194,0,11,258,0,24,507,0,38,481,0,5,558,0,55,381,0,40,1153,0,35,1242,0,42,452,0,39,1087,0,114,2269,0,67,2758,0,90,3110,0,61,3233,0,125,8378,0,48,4510,0,153,5201,0,286,9601,0,151,12072,0,107,35442,0,125,16112,0,289,23284,0,197,20981,0,450,28058,0,460,76847,0,341,65937,0,420,48455,0,762,100535,0,457,177038,0,850,175243,0,1202,103892,0,1045,125583,0,1534,75101,0,883,263074,0,1479,174356,0
-1.05176e+08,1,8.88811e-15,10,1023,0,1.05176e+08,0.528882,1.08665,0.389689,0.145397,0.379329,3.24381,0.161596,0.446195,1.77396,0.159177,1.15e+07,4.49998e+06,6.79999e+06,1.15e+07,4.49997e+06,6.79999e+06,1.15e+07,4.49996e+06,6.79999e+06,1.15e+07,4.49995e+06,6.79999e+06,1.14999e+07,4.49993e+06,6.79999e+06,1.14999e+07,4.49991e+06,6.79999e+06,1.14999e+07,4.49989e+06,6.79999e+06,1.14999e+07,4.49986e+06,6.79999e+06,1.14999e+07,4.49982e+06,6.79999e+06,1.14999e+07,4.49977e+06,6.79999e+06,1.14999e+07,4.49971e+06,6.79999e+06,1.14999e+07,4.49963e+06,6.79999e+06,1.14998e+07,4.49953e+06,6.79999e+06,1.14998e+07,4.49941e+06,6.79999e+06,1.14998e+07,4.49926e+06,6.79999e+06,1.14998e+07,4.49906e+06,6.79999e+06,1.14997e+07,4.49882e+06,6.79999e+06,1.14997e+07,4.49851e+06,6.79999e+06,1.14997e+07,4.49812e+06,6.79999e+06,1.14996e+07,4.49764e+06,6.79999e+06,1.14996e+07,4.49702e+06,6.79999e+06,1.14995e+07,4.49625e+06,6.79999e+06,1.14995e+07,4.49528e+06,6.79999e+06,1.14994e+07,4.49406e+06,6.79999e+06,1.14993e+07,4.49253e+06,6.79999e+06,1.14992e+07,4.49059e+06,6.79999e+06,1.14991e+07,4.48817e+06,6.79999e+06,1.1499e+07,4.48511e+06,6.79999e+06,1.14988e+07,4.48128e+06,6.79999e+06,1.14987e+07,4.47646e+06,6.79999e+06,1.14985e+07,4.47041e+06,6.79999e+06,1.14983e+07,4.46281e+06,6.79999e+06,1.14981e+07,4.4533e+06,6.79999e+06,1.14979e+07,4.44138e+06,6.79999e+06,1.14976e+07,4.42649e+06,6.79999e+06,1.14972e+07,4.40789e+06,6.79999e+06,1.14969e+07,4.38471e+06,6.79999e+06,1.14965e+07,4.35592e+06,6.79999e+06,1.1496e+07,4.32027e+06,6.79999e+06,1.14955e+07,4.27629e+06,6.79999e+06,1.14949e+07,4.22231e+06,6.79999e+06,1.14942e+07,4.15647e+06,6.79999e+06,1.14934e+07,4.07676e+06,6.79999e+06,1.14926e+07,3.98112e+06,6.79999e+06,1.14916e+07,3.86765e+06,6.79999e+06,1.14905e+07,3.73474e+06,6.79999e+06,1.14892e+07,3.58148e+06,6.79999e+06,1.14878e+07,3.40785e+06,6.79999e+06,1.14862e+07,3.21513e+06,6.79999e+06,1.14844e+07,3.00605e+06,6.79999e+06,1.14823e+07,2.7848e+06,6.79999e+06,1.148e+07,2.5568e+06,6.79999e+06,1.14773e+07,2.32825e+06,6.79999e+06,13.5742,8.52444,0.508366,16.8306,13.2585,0.162638,20.0035,17.569,0.0507846,23.2616,22.4214,0.0158319,26.7328,28.3297,0.00493498,30.5212,35.6974,0.00153831,34.7178,44.9473,0.000479527,39.4086,56.5822,0.000149456,44.6796,71.2245,4.66214e-05,50.6209,89.6543,1.45419e-05,57.3297,112.852,4.54748e-06,64.9129,142.051,1.43857e-06,73.4897,178.803,4.36618e-07,83.1934,225.062,1.40153e-07,94.1745,283.286,4.96378e-08,106.602,356.568,1.05434e-07,120.669,448.799,-6.49244e-08,136.59,564.873,1.70148e-07,154.611,710.948,-5.34594e-08,175.008,894.767,1.63407e-07,198.097,1126.06,8.04804e-08,224.231,1417.07,1.14667e-07,253.813,1783.15,-1.71227e-07,287.297,2243.62,-2.88466e-07,325.198,2822.67,-4.33651e-07,368.098,3550.67,7.9318e-08,416.657,4465.65,3.13319e-07,471.621,5615.16,3.4613e-07,533.835,7058.61,-1.19199e-07,604.255,8870.02,-2.79964e-07,683.962,11141.4,-2.30521e-07,774.182,13986.7,-2.55099e-07,876.299,17546.4,1.23585e-07,991.883,21993.1,1.41192e-07,1122.71,27536.7,-9.71886e-08,1270.78,34430.7,-3.68368e-07,1438.38,42977.7,-3.45379e-07,1628.07,53532.7,-3.25328e-09,1842.77,66504.6,2.6362e-07,2085.77,82350.2,2.53445e-07,2360.79,101560,-2.47407e-08,2672.05,124632,-3.80602e-07,3024.31,152018,-4.79005e-07,3422.98,184060,-1.14379e-07,3874.15,220884,2.64297e-07,4384.72,262283,3.44131e-07,4962.49,307576,7.5349e-08,5616.29,355497,-3.63097e-07,6356.1,404126,-6.05442e-07,7193.18,450932,-2.72333e-07,8140.28,492963,2.29675e-07,9211.79,527178,4.3387e-07,10424,550893,-1.0711e-07,10.102,8.06553,2.81012,10.6436,8.57909,0.869423,11.5336,10.2515,0.270869,12.7211,12.7138,0.0844293,14.1823,15.9373,0.0263173,15.9122,20.0383,0.0082035,17.9198,25.2154,0.00255722,20.2244,31.7373,0.000797017,22.8539,39.9486,0.000248622,25.8438,50.2851,7.75492e-05,29.237,63.2963,2.42508e-05,33.0837,79.6738,7.67162e-06,37.4415,100.288,2.32837e-06,42.3767,126.236,7.33e-07,47.9646,158.896,2.79256e-07,54.2906,200.003,9.87351e-09,61.452,251.741,1.61085e-07,69.5585,316.859,-2.47141e-07,78.7347,398.812,8.93552e-08,89.1218,501.948,-2.53231e-07,100.879,631.736,-1.25047e-07,114.188,795.049,-1.78808e-07,129.252,1000.53,2.6733e-07,146.304,1259.03,4.50292e-07,165.605,1584.19,6.76904e-07,187.452,1993.12,-1.23808e-07,212.181,2507.27,-4.89068e-07,240.173,3153.54,-5.40284e-07,271.856,3965.56,1.86061e-07,307.719,4985.38,4.37004e-07,348.313,6265.4,3.59828e-07,394.26,7870.83,3.98192e-07,446.268,9882.51,-1.92908e-07,505.135,12400.3,-2.20392e-07,571.766,15546.9,1.51705e-07,647.184,19472.2,5.74996e-07,732.547,24357.4,5.39112e-07,829.167,30420,5.07815e-09,938.526,37916.3,-4.11492e-07,1062.3,47143.9,-3.9561e-07,1202.4,58439.2,3.86185e-08,1360.96,72169.3,5.94093e-07,1540.42,88715.8,7.47693e-07,1743.53,108445,1.78537e-07,1973.41,131665,-4.12549e-07,2233.57,158557,-5.37164e-07,2528,189103,-1.17615e-07,2861.2,222986,5.66769e-07,3238.27,259510,9.45053e-07,3664.97,297540,4.25093e-07,4147.81,335497,-3.58506e-07,4694.17,371444,-6.7724e-07,5312.37,403256,1.67192e-07,1.61744,3.89446,9.84394,3.28846,7.5504,12.774,5.07607,11.7187,13.6844,7.03202,16.8147,13.9681,9.20215,23.1769,14.0566,11.6301,31.1672,14.0841,14.3598,41.2186,14.0927,17.4376,53.8688,14.0954,20.9137,69.7915,14.0962,24.8432,89.8341,14.0965,29.2879,115.063,14.0966,34.3168,146.819,14.0966,40.0078,186.792,14.0966,46.4487,237.107,14.0966,53.7388,300.44,14.0966,61.9903,380.158,14.0966,71.3301,480.499,14.0966,81.902,606.796,14.0966,93.8685,765.761,14.0966,107.414,965.837,14.0966,122.746,1217.65,14.0966,140.101,1534.57,14.0966,159.745,1933.41,14.0966,181.981,2435.3,14.0966,207.15,3066.85,14.0966,235.64,3861.46,14.0966,267.889,4861.11,14.0966,304.391,6118.54,14.0966,345.709,7699.91,14.0966,392.478,9688.22,14.0966,445.417,12187.5,14.0966,505.339,15327.7,14.0966,573.165,19271.6,14.0966,649.938,24222,14.0966,736.839,30430.9,14.0966,835.202,38211.5,14.0966,946.539,47950.3,14.0966,1072.56,60122.8,14.0966,1215.21,75309.9,14.0966,1376.66,94216.2,14.0966,1559.41,117688,14.0966,1766.26,146729,14.0966,2000.39,182510,14.0966,2265.39,226372,14.0966,2565.33,279806,14.0966,2904.81,344416,14.0966,3289.05,421845,14.0966,3723.93,513667,14.0966,4216.13,621231,14.0966,4773.18,745478,14.0966,5403.64,886744,14.0966,6117.15,1.04457e+06,14.0966,6924.63,1.2176e+06,14.0966,11.7194,11.96,12.6541,13.9321,16.1295,13.6434,16.6097,21.9702,13.9553,19.7532,29.5285,14.0526,23.3844,39.1143,14.0829,27.5423,51.2054,14.0923,32.2796,66.434,14.0953,37.662,85.6061,14.0962,43.7675,109.74,14.0965,50.687,140.119,14.0966,58.5249,178.359,14.0966,67.4005,226.493,14.0966,77.4493,287.08,14.0966,88.8254,363.343,14.0966,101.703,459.336,14.0966,116.281,580.161,14.0966,132.782,732.241,14.0966,151.46,923.655,14.0966,172.603,1164.57,14.0966,196.535,1467.79,14.0966,223.625,1849.39,14.0966,254.288,2329.62,14.0966,288.997,2933.93,14.0966,328.285,3694.33,14.0966,372.755,4651.04,14.0966,423.092,5854.57,14.0966,480.07,7368.38,14.0966,544.564,9272.08,14.0966,617.566,11665.5,14.0966,700.197,14673.6,14.0966,793.729,18452.9,14.0966,899.599,23198.6,14.0966,1019.43,29154.1,14.0966,1155.07,36622.3,14.0966,1308.6,45977.9,14.0966,1482.39,57683.7,14.0966,1679.09,72307.8,14.0966,1901.73,90542.8,14.0966,2153.73,113226,14.0966,2438.97,141360,14.0966,2761.81,176127,14.0966,3127.22,218898,14.0966,3540.81,271226,14.0966,4008.92,334817,14.0966,4538.74,411470,14.0966,5138.38,502973,14.0966,5817.04,610948,14.0966,6585.12,736653,14.0966,7454.39,880741,14.0966,8438.15,1.04302e+06,14.0966,9551.45,1.22224e+06,14.0966,10811.3,1.41602e+06,14.0966,12237,1.62086e+06,14.0966,11.7194,11.96,12.6541,2.21263,4.16949,0.989383,2.67766,5.84076,0.311842,3.14343,7.55825,0.0972771,3.63127,9.58578,0.0303237,4.15787,12.0912,0.00945211,4.73731,15.2286,0.00294633,5.38238,19.1721,0.000918508,6.10553,24.134,0.000286163,6.91951,30.3791,8.92692e-05,7.83792,38.2397,2.78121e-05,8.87555,48.1338,8.65134e-06,10.0489,60.5876,2.7882e-06,11.3761,76.2629,8.29036e-07,12.8779,95.9927,2.4373e-07,14.5775,120.825,4.33068e-09,16.5012,152.08,1.75749e-07,18.6784,191.415,-1.86328e-07,21.1428,240.917,1.91829e-07,23.9322,303.213,-1.81475e-07,27.0895,381.602,7.0186e-08,30.6634,480.231,-2.86769e-08,34.7087,604.316,2.40784e-07,39.2876,760.401,9.87368e-08,44.4705,956.705,1.22263e-07,50.3371,1203.54,-4.31966e-07,56.9776,1513.81,-1.9705e-07,64.494,1903.69,-2.763e-08,73.0018,2393.4,3.9185e-07,82.6317,3008.13,1.35379e-07,93.5318,3779.25,-4.16351e-08,105.869,4745.7,2.06965e-08,119.834,5955.6,-3.18887e-07,135.641,7468.12,-1.48271e-08,153.531,9355.62,2.00739e-07,173.781,11705.8,2.28358e-07,196.701,14624.1,-1.93587e-08,222.642,18235,-2.88101e-07,252.003,22683.4,-2.24732e-07,285.234,28134,8.56806e-09,322.845,34767,2.34258e-07,365.413,42770.9,2.99668e-07,413.588,52327.9,8.28644e-08,468.111,63591.2,-3.07049e-07,529.814,76653.2,-3.1888e-07,599.642,91502.5,-6.72276e-08,678.662,107975,2.26339e-07,768.083,125705,3.69212e-07,869.267,144088,2.04077e-07,983.76,162277,-2.80509e-07,1113.3,179223,-4.22737e-07,1259.87,193777,-1.71951e-07,1425.68,204839,4.55555e-07,11.7194,11.96,12.6541,2.21263,4.16949,0.989383,2.67766,5.84076,0.311842,3.14343,7.55825,0.0972771,3.63127,9.58578,0.0303237,4.15787,12.0912,0.00945211,4.73731,15.2286,0.00294633,5.38238,19.1721,0.000918508,6.10553,24.134,0.000286163,6.91951,30.3791,8.92692e-05,7.83792,38.2397,2.78121e-05,8.87555,48.1338,8.65134e-06,10.0489,60.5876,2.7882e-06,11.3761,76.2629,8.29036e-07,12.8779,95.9927,2.4373e-07,14.5775,120.825,1e-08,16.5012,152.08,1.75749e-07,18.6784,191.415,1e-08,21.1428,240.917,1.91829e-07,23.9322,303.213,1e-08,27.0895,381.602,7.0186e-08,30.6634,480.231,1e-08,34.7087,604.316,2.40784e-07,39.2876,760.401,9.87368e-08,44.4705,956.705,1.22263e-07,50.3371,1203.54,1e-08,56.9776,1513.81,1e-08,64.494,1903.69,1e-08,73.0018,2393.4,3.9185e-07,82.6317,3008.13,1.35379e-07,93.5318,3779.25,1e-08,105.869,4745.7,2.06965e-08,119.834,5955.6,1e-08,135.641,7468.12,1e-08,153.531,9355.62,2.00739e-07,173.781,11705.8,2.28358e-07,196.701,14624.1,1e-08,222.642,18235,1e-08,252.003,22683.4,1e-08,285.234,28134,1e-08,322.845,34767,2.34258e-07,365.413,42770.9,2.99668e-07,413.588,52327.9,8.28644e-08,468.111,63591.2,1e-08,529.814,76653.2,1e-08,599.642,91502.5,1e-08,678.662,107975,2.26339e-07,768.083,125705,3.69212e-07,869.267,144088,2.04077e-07,983.76,162277,1e-08,1113.3,179223,1e-08,1259.87,193777,1e-08,1425.68,204839,4.55555e-07,6.2823,3.27286,2.43537,0.219672,6.18826,2.24117,0.56371,6.87772,2.63624,0.308279,21,3,7,6,7,1,2,8,0,3,5,0,1,20,0,7,7,0,9,24,0,6,29,0,1,9,0,2,25,0,8,22,0,8,32,0,13,32,0,8,114,0,4,94,0,17,123,0,26,128,0,28,237,0,24,381,0,34,285,0,16,328,0,42,513,0,63,478,0,54,858,0,51,428,0,61,636,0,37,1280,0,57,1535,0,31,1708,0,83,4600,0,105,3230,0,37,2432,0,141,4105,0,199,12689,0,175,5842,0,211,9430,0,170,17579,0,270,14334,0,242,19011,0,202,12107,0,395,30392,0,359,65613,0,459,42643,0,509,23636,0,477,35897,0,303,101273,0,227,83641,0,342,232709,0,944,59969,0,690,166318,0,404,399004,0,1177,216783,0,1244,291437,0
-1.05176e+08,1,8.88811e-15,10,1023,0,1.05176e+08,0.528882,1.08665,0.389689,0.145397,0.379329,3.24381,0.161596,0.446195,1.77396,0.159177,1.15e+07,4.49998e+06,6.79999e+06,1.15e+07,4.49997e+06,6.79999e+06,1.15e+07,4.49996e+06,6.79999e+06,1.15e+07,4.49995e+06,6.79999e+06,1.14999e+07,4.49993e+06,6.79999e+06,1.14999e+07,4.49991e+06,6.79999e+06,1.14999e+07,4.49989e+06,6.79999e+06,1.14999e+07,4.49986e+06,6.79999e+06,1.14999e+07,4.49982e+06,6.79999e+06,1.14999e+07,4.49977e+06,6.79999e+06,1.14999e+07,4.49971e+06,6.79999e+06,1.14999e+07,4.49963e+06,6.79999e+06,1.14998e+07,4.49953e+06,6.79999e+06,1.14998e+07,4.49941e+06,6.79999e+06,1.14998e+07,4.49926e+06,6.79999e+06,1.14998e+07,4.49906e+06,6.79999e+06,1.14997e+07,4.49882e+06,6.79999e+06,1.14997e+07,4.49851e+06,6.79999e+06,1.14997e+07,4.49812e+06,6.79999e+06,1.14996e+07,4.49764e+06,6.79999e+06,1.14996e+07,4.49702e+06,6.79999e+06,1.14995e+07,4.49625e+06,6.79999e+06,1.14995e+07,4.49528e+06,6.79999e+06,1.14994e+07,4.49406e+06,6.79999e+06,1.14993e+07,4.49253e+06,6.79999e+06,1.14992e+07,4.49059e+06,6.79999e+06,1.14991e+07,4.48817e+06,6.79999e+06,1.1499e+07,4.48511e+06,6.79999e+06,1.14988e+07,4.48128e+06,6.79999e+06,1.14987e+07,4.47646e+06,6.79999e+06,1.14985e+07,4.47041e+06,6.79999e+06,1.14983e+07,4.46281e+06,6.79999e+06,1.14981e+07,4.4533e+06,6.79999e+06,1.14979e+07,4.44138e+06,6.79999e+06,1.14976e+07,4.42649e+06,6.79999e+06,1.14972e+07,4.40789e+06,6.79999e+06,1.14969e+07,4.38471e+06,6.79999e+06,1.14965e+07,4.35592e+06,6.79999e+06,1.1496e+07,4.32027e+06,6.79999e+06,1.14955e+07,4.27629e+06,6.79999e+06,1.14949e+07,4.22231e+06,6.79999e+06,1.14942e+07,4.15647e+06,6.79999e+06,1.14934e+07,4.07676e+06,6.79999e+06,1.14926e+07,3.98112e+06,6.79999e+06,1.14916e+07,3.86765e+06,6.79999e+06,1.14905e+07,3.73474e+06,6.79999e+06,1.14892e+07,3.58148e+06,6.79999e+06,1.14878e+07,3.40785e+06,6.79999e+06,1.14862e+07,3.21513e+06,6.79999e+06,1.14844e+07,3.00605e+06,6.79999e+06,1.14823e+07,2.7848e+06,6.79999e+06,1.148e+07,2.5568e+06,6.79999e+06,1.14773e+07,2.32825e+06,6.79999e+06,13.5742,8.52444,0.508366,16.8306,13.2585,0.162638,20.0035,17.569,0.0507846,23.2616,22.4214,0.0158319,26.7328,28.3297,0.00493498,30.5212,35.6974,0.00153831,34.7178,44.9473,0.000479527,39.4086,56.5822,0.000149456,44.6796,71.2245,4.66214e-05,50.6209,89.6543,1.45419e-05,57.3297,112.852,4.54748e-06,64.9129,142.051,1.43857e-06,73.4897,178.803,4.36618e-07,83.1934,225.062,1.40153e-07,94.1745,283.286,4.96378e-08,106.602,356.568,1.05434e-07,120.669,448.799,-6.49244e-08,136.59,564.873,1.70148e-07,154.611,710.948,-5.34594e-08,175.008,894.767,1.63407e-07,198.097,1126.06,8.04804e-08,224.231,1417.07,1.14667e-07,253.813,1783.15,-1.71227e-07,287.297,2243.62,-2.88466e-07,325.198,2822.67,-4.33651e-07,368.098,3550.67,7.9318e-08,416.657,4465.65,3.13319e-07,471.621,5615.16,3.4613e-07,533.835,7058.61,-1.19199e-07,604.255,8870.02,-2.79964e-07,683.962,11141.4,-2.30521e-07,774.182,13986.7,-2.55099e-07,876.299,17546.4,1.23585e-07,991.883,21993.1,1.41192e-07,1122.71,27536.7,-9.71886e-08,1270.78,34430.7,-3.68368e-07,1438.38,42977.7,-3.45379e-07,1628.07,53532.7,-3.25328e-09,1842.77,66504.6,2.6362e-07,2085.77,82350.2,2.53445e-07,2360.79,101560,-2.47407e-08,2672.05,124632,-3.80602e-07,3024.31,152018,-4.79005e-07,3422.98,184060,-1.14379e-07,3874.15,220884,2.64297e-07,4384.72,262283,3.44131e-07,4962.49,307576,7.5349e-08,5616.29,355497,-3.63097e-07,6356.1,404126,-6.05442e-07,7193.18,450932,-2.72333e-07,8140.28,492963,2.29675e-07,9211.79,527178,4.3387e-07,10424,550893,-1.0711e-07,10.102,8.06553,2.81012,10.6436,8.57909,0.869423,11.5336,10.2515,0.270869,12.7211,12.7138,0.0844293,14.1823,15.9373,0.0263173,15.9122,20.0383,0.0082035,17.9198,25.2154,0.00255722,20.2244,31.7373,0.000797017,22.8539,39.9486,0.000248622,25.8438,50.2851,7.75492e-05,29.237,63.2963,2.42508e-05,33.0837,79.6738,7.67162e-06,37.4415,100.288,2.32837e-06,42.3767,126.236,7.33e-07,47.9646,158.896,2.79256e-07,54.2906,200.003,9.87351e-09,61.452,251.741,1.61085e-07,69.5585,316.859,-2.47141e-07,78.7347,398.812,8.93552e-08,89.1218,501.948,-2.53231e-07,100.879,631.736,-1.25047e-07,114.188,795.049,-1.78808e-07,129.252,1000.53,2.6733e-07,146.304,1259.03,4.50292e-07,165.605,1584.19,6.76904e-07,187.452,1993.12,-1.23808e-07,212.181,2507.27,-4.89068e-07,240.173,3153.54,-5.40284e-07,271.856,3965.56,1.86061e-07,307.719,4985.38,4.37004e-07,348.313,6265.4,3.59828e-07,394.26,7870.83,3.98192e-07,446.268,9882.51,-1.92908e-07,505.135,12400.3,-2.20392e-07,571.766,15546.9,1.51705e-07,647.184,19472.2,5.74996e-07,732.547,24357.4,5.39112e-07,829.167,30420,5.07815e-09,938.526,37916.3,-4.11492e-07,1062.3,47143.9,-3.9561e-07,1202.4,58439.2,3.86185e-08,1360.96,72169.3,5.94093e-07,1540.42,88715.8,7.47693e-07,1743.53,108445,1.78537e-07,1973.41,131665,-4.12549e-07,2233.57,158557,-5.37164e-07,2528,189103,-1.17615e-07,2861.2,222986,5.66769e-07,3238.27,259510,9.45053e-07,3664.97,297540,4.25093e-07,4147.81,335497,-3.58506e-07,4694.17,371444,-6.7724e-07,5312.37,403256,1.67192e-07,1.61744,3.89446,9.84394,3.28846,7.5504,12.774,5.07607,11.7187,13.6844,7.03202,16.8147,13.9681,9.20215,23.1769,14.0566,11.6301,31.1672,14.0841,14.3598,41.2186,14.0927,17.4376,53.8688,14.0954,20.9137,69.7915,14.0962,24.8432,89.8341,14.0965,29.2879,115.063,14.0966,34.3168,146.819,14.0966,40.0078,186.792,14.0966,46.4487,237.107,14.0966,53.7388,300.44,14.0966,61.9903,380.158,14.0966,71.3301,480.499,14.0966,81.902,606.796,14.0966,93.8685,765.761,14.0966,107.414,965.837,14.0966,122.746,1217.65,14.0966,140.101,1534.57,14.0966,159.745,1933.41,14.0966,181.981,2435.3,14.0966,207.15,3066.85,14.0966,235.64,3861.46,14.0966,267.889,4861.11,14.0966,304.391,6118.54,14.0966,345.709,7699.91,14.0966,392.478,9688.22,14.0966,445.417,12187.5,14.0966,505.339,15327.7,14.0966,573.165,19271.6,14.0966,649.938,24222,14.0966,736.839,30430.9,14.0966,835.202,38211.5,14.0966,946.539,47950.3,14.0966,1072.56,60122.8,14.0966,1215.21,75309.9,14.0966,1376.66,94216.2,14.0966,1559.41,117688,14.0966,1766.26,146729,14.0966,2000.39,182510,14.0966,2265.39,226372,14.0966,2565.33,279806,14.0966,2904.81,344416,14.0966,3289.05,421845,14.0966,3723.93,513667,14.0966,4216.13,621231,14.0966,4773.18,745478,14.0966,5403.64,886744,14.0966,6117.15,1.04457e+06,14.0966,6924.63,1.2176e+06,14.0966,11.7194,11.96,12.6541,13.9321,16.1295,13.6434,16.6097,21.9702,13.9553,19.7532,29.5285,14.0526,23.3844,39.1143,14.0829,27.5423,51.2054,14.0923,32.2796,66.434,14.0953,37.662,85.6061,14.0962,43.7675,109.74,14.0965,50.687,140.119,14.0966,58.5249,178.359,14.0966,67.4005,226.493,14.0966,77.4493,287.08,14.0966,88.8254,363.343,14.0966,101.703,459.336,14.0966,116.281,580.161,14.0966,132.782,732.241,14.0966,151.46,923.655,14.0966,172.603,1164.57,14.0966,196.535,1467.79,14.0966,223.625,1849.39,14.0966,254.288,2329.62,14.0966,288.997,2933.93,14.0966,328.285,3694.33,14.0966,372.755,4651.04,14.0966,423.092,5854.57,14.0966,480.07,7368.38,14.0966,544.564,9272.08,14.0966,617.566,11665.5,14.0966,700.197,14673.6,14.0966,793.729,18452.9,14.0966,899.599,23198.6,14.0966,1019.43,29154.1,14.0966,1155.07,36622.3,14.0966,1308.6,45977.9,14.0966,1482.39,57683.7,14.0966,1679.09,72307.8,14.0966,1901.73,90542.8,14.0966,2153.73,113226,14.0966,2438.97,141360,14.0966,2761.81,176127,14.0966,3127.22,218898,14.0966,3540.81,271226,14.0966,4008.92,334817,14.0966,4538.74,411470,14.0966,5138.38,502973,14.0966,5817.04,610948,14.0966,6585.12,736653,14.0966,7454.39,880741,14.0966,8438.15,1.04302e+06,14.0966,9551.45,1.22224e+06,14.0966,10811.3,1.41602e+06,14.0966,12237,1.62086e+06,14.0966,11.7194,11.96,12.6541,2.21263,4.16949,0.989383,2.67766,5.84076,0.311842,3.14343,7.55825,0.0972771,3.63127,9.58578,0.0303237,4.15787,12.0912,0.00945211,4.73731,15.2286,0.00294633,5.38238,19.1721,0.000918508,6.10553,24.134,0.000286163,6.91951,30.3791,8.92692e-05,7.83792,38.2397,2.78121e-05,8.87555,48.1338,8.65134e-06,10.0489,60.5876,2.7882e-06,11.3761,76.2629,8.29036e-07,12.8779,95.9927,2.4373e-07,14.5775,120.825,4.33068e-09,16.5012,152.08,1.75749e-07,18.6784,191.415,-1.86328e-07,21.1428,240.917,1.91829e-07,23.9322,303.213,-1.81475e-07,27.0895,381.602,7.0186e-08,30.6634,480.231,-2.86769e-08,34.7087,604.316,2.40784e-07,39.2876,760.401,9.87368e-08,44.4705,956.705,1.22263e-07,50.3371,1203.54,-4.31966e-07,56.9776,1513.81,-1.9705e-07,64.494,1903.69,-2.763e-08,73.0018,2393.4,3.9185e-07,82.6317,3008.13,1.35379e-07,93.5318,3779.25,-4.16351e-08,105.869,4745.7,2.06965e-08,119.834,5955.6,-3.18887e-07,135.641,7468.12,-1.48271e-08,153.531,9355.62,2.00739e-07,173.781,11705.8,2.28358e-07,196.701,14624.1,-1.93587e-08,222.642,18235,-2.88101e-07,252.003,22683.4,-2.24732e-07,285.234,28134,8.56806e-09,322.845,34767,2.34258e-07,365.413,42770.9,2.99668e-07,413.588,52327.9,8.28644e-08,468.111,63591.2,-3.07049e-07,529.814,76653.2,-3.1888e-07,599.642,91502.5,-6.72276e-08,678.662,107975,2.26339e-07,768.083,125705,3.69212e-07,869.267,144088,2.04077e-07,983.76,162277,-2.80509e-07,1113.3,179223,-4.22737e-07,1259.87,193777,-1.71951e-07,1425.68,204839,4.55555e-07,11.7194,11.96,12.6541,2.21263,4.16949,0.989383,2.67766,5.84076,0.311842,3.14343,7.55825,0.0972771,3.63127,9.58578,0.0303237,4.15787,12.0912,0.00945211,4.73731,15.2286,0.00294633,5.38238,19.1721,0.000918508,6.10553,24.134,0.000286163,6.91951,30.3791,8.92692e-05,7.83792,38.2397,2.78121e-05,8.87555,48.1338,8.65134e-06,10.0489,60.5876,2.7882e-06,11.3761,76.2629,8.29036e-07,12.8779,95.9927,2.4373e-07,14.5775,120.825,1e-08,16.5012,152.08,1.75749e-07,18.6784,191.415,1e-08,21.1428,240.917,1.91829e-07,23.9322,303.213,1e-08,27.0895,381.602,7.0186e-08,30.6634,480.231,1e-08,34.7087,604.316,2.40784e-07,39.2876,760.401,9.87368e-08,44.4705,956.705,1.22263e-07,50.3371,1203.54,1e-08,56.9776,1513.81,1e-08,64.494,1903.69,1e-08,73.0018,2393.4,3.9185e-07,82.6317,3008.13,1.35379e-07,93.5318,3779.25,1e-08,105.869,4745.7,2.06965e-08,119.834,5955.6,1e-08,135.641,7468.12,1e-08,153.531,9355.62,2.00739e-07,173.781,11705.8,2.28358e-07,196.701,14624.1,1e-08,222.642,18235,1e-08,252.003,22683.4,1e-08,285.234,28134,1e-08,322.845,34767,2.34258e-07,365.413,42770.9,2.99668e-07,413.588,52327.9,8.28644e-08,468.111,63591.2,1e-08,529.814,76653.2,1e-08,599.642,91502.5,1e-08,678.662,107975,2.26339e-07,768.083,125705,3.69212e-07,869.267,144088,2.04077e-07,983.76,162277,1e-08,1113.3,179223,1e-08,1259.87,193777,1e-08,1425.68,204839,4.55555e-07,6.2823,3.27286,2.43537,0.219672,6.18826,2.24117,0.56371,6.87772,2.63624,0.308279,8,12,9,2,5,2,1,4,1,2,1,0,2,8,0,6,6,1,3,15,0,8,16,0,8,34,0,9,23,0,7,34,0,11,72,0,17,47,0,5,83,0,12,77,0,8,34,0,29,149,0,22,89,0,16,155,0,26,265,0,29,318,0,35,312,0,37,979,0,26,845,0,118,1346,0,56,561,0,53,950,0,49,2248,0,58,3832,0,100,2367,0,59,1774,0,82,4346,0,129,5982,0,277,14174,0,50,14299,0,148,9524,0,80,11912,0,398,14737,0,271,7966,0,239,25275,0,217,37027,0,243,44488,0,415,56748,0,249,29779,0,378,70359,0,773,113460,0,284,38756,0,886,203533,0,799,96044,0,555,66354,0,1697,147048,0,979,366036,0,1364,212713,0
-1.05176e+08,1,8.88811e-15,10,1023,0,1.05176e+08,0.528882,1.08665,0.389689,0.145397,0.379329,3.24381,0.161596,0.446195,1.77396,0.159177,1.15e+07,4.49998e+06,6.79999e+06,1.15e+07,4.49997e+06,6.79999e+06,1.15e+07,4.49996e+06,6.79999e+06,1.15e+07,4.49995e+06,6.79999e+06,1.14999e+07,4.49993e+06,6.79999e+06,1.14999e+07,4.49991e+06,6.79999e+06,1.14999e+07,4.49989e+06,6.79999e+06,1.14999e+07,4.49986e+06,6.79999e+06,1.14999e+07,4.49982e+06,6.79999e+06,1.14999e+07,4.49977e+06,6.79999e+06,1.14999e+07,4.49971e+06,6.79999e+06,1.14999e+07,4.49963e+06,6.79999e+06,1.14998e+07,4.49953e+06,6.79999e+06,1.14998e+07,4.49941e+06,6.79999e+06,1.14998e+07,4.49926e+06,6.79999e+06,1.14998e+07,4.49906e+06,6.79999e+06,1.14997e+07,4.49882e+06,6.79999e+06,1.14997e+07,4.49851e+06,6.79999e+06,1.14997e+07,4.49812e+06,6.79999e+06,1.14996e+07,4.49764e+06,6.79999e+06,1.14996e+07,4.49702e+06,6.79999e+06,1.14995e+07,4.49625e+06,6.79999e+06,1.14995e+07,4.49528e+06,6.79999e+06,1.14994e+07,4.49406e+06,6.79999e+06,1.14993e+07,4.49253e+06,6.79999e+06,1.14992e+07,4.49059e+06,6.79999e+06,1.14991e+07,4.48817e+06,6.79999e+06,1.1499e+07,4.48511e+06,6.79999e+06,1.14988e+07,4.48128e+06,6.79999e+06,1.14987e+07,4.47646e+06,6.79999e+06,1.14985e+07,4.47041e+06,6.79999e+06,1.14983e+07,4.46281e+06,6.79999e+06,1.14981e+07,4.4533e+06,6.79999e+06,1.14979e+07,4.44138e+06,6.79999e+06,1.14976e+07,4.42649e+06,6.79999e+06,1.14972e+07,4.40789e+06,6.79999e+06,1.14969e+07,4.38471e+06,6.79999e+06,1.14965e+07,4.35592e+06,6.79999e+06,1.1496e+07,4.32027e+06,6.79999e+06,1.14955e+07,4.27629e+06,6.79999e+06,1.14949e+07,4.22231e+06,6.79999e+06,1.14942e+07,4.15647e+06,6.79999e+06,1.14934e+07,4.07676e+06,6.79999e+06,1.14926e+07,3.98112e+06,6.79999e+06,1.14916e+07,3.86765e+06,6.79999e+06,1.14905e+07,3.73474e+06,6.79999e+06,1.14892e+07,3.58148e+06,6.79999e+06,1.14878e+07,3.40785e+06,6.79999e+06,1.14862e+07,3.21513e+06,6.79999e+06,1.14844e+07,3.00605e+06,6.79999e+06,1.14823e+07,2.7848e+06,6.79999e+06,1.148e+07,2.5568e+06,6.79999e+06,1.14773e+07,2.32825e+06,6.79999e+06,13.5742,8.52444,0.508366,16.8306,13.2585,0.162638,20.0035,17.569,0.0507846,23.2616,22.4214,0.0158319,26.7328,28.3297,0.00493498,30.5212,35.6974,0.00153831,34.7178,44.9473,0.000479527,39.4086,56.5822,0.000149456,44.6796,71.2245,4.66214e-05,50.6209,89.6543,1.45419e-05,57.3297,112.852,4.54748e-06,64.9129,142.051,1.43857e-06,73.4897,178.803,4.36618e-07,83.1934,225.062,1.40153e-07,94.1745,283.286,4.96378e-08,106.602,356.568,1.05434e-07,120.669,448.799,-6.49244e-08,136.59,564.873,1.70148e-07,154.611,710.948,-5.34594e-08,175.008,894.767,1.63407e-07,198.097,1126.06,8.04804e-08,224.231,1417.07,1.14667e-07,253.813,1783.15,-1.71227e-07,287.297,2243.62,-2.88466e-07,325.198,2822.67,-4.33651e-07,368.098,3550.67,7.9318e-08,416.657,4465.65,3.13319e-07,471.621,5615.16,3.4613e-07,533.835,7058.61,-1.19199e-07,604.255,8870.02,-2.79964e-07,683.962,11141.4,-2.30521e-07,774.182,13986.7,-2.55099e-07,876.299,17546.4,1.23585e-07,991.883,21993.1,1.41192e-07,1122.71,27536.7,-9.71886e-08,1270.78,34430.7,-3.68368e-07,1438.38,42977.7,-3.45379e-07,1628.07,53532.7,-3.25328e-09,1842.77,66504.6,2.6362e-07,2085.77,82350.2,2.53445e-07,2360.79,101560,-2.47407e-08,2672.05,124632,-3.80602e-07,3024.31,152018,-4.79005e-07,3422.98,184060,-1.14379e-07,3874.15,220884,2.64297e-07,4384.72,262283,3.44131e-07,4962.49,307576,7.5349e-08,5616.29,355497,-3.63097e-07,6356.1,404126,-6.05442e-07,7193.18,450932,-2.72333e-07,8140.28,492963,2.29675e-07,9211.79,527178,4.3387e-07,10424,550893,-1.0711e-07,10.102,8.06553,2.81012,10.6436,8.57909,0.869423,11.5336,10.2515,0.270869,12.7211,12.7138,0.0844293,14.1823,15.9373,0.0263173,15.9122,20.0383,0.0082035,17.9198,25.2154,0.00255722,20.2244,31.7373,0.000797017,22.8539,39.9486,0.000248622,25.8438,50.2851,7.75492e-05,29.237,63.2963,2.42508e-05,33.0837,79.6738,7.67162e-06,37.4415,100.288,2.32837e-06,42.3767,126.236,7.33e-07,47.9646,158.896,2.79256e-07,54.2906,200.003,9.87351e-09,61.452,251.741,1.61085e-07,69.5585,316.859,-2.47141e-07,78.7347,398.812,8.93552e-08,89.1218,501.948,-2.53231e-07,100.879,631.736,-1.25047e-07,114.188,795.049,-1.78808e-07,129.252,1000.53,2.6733e-07,146.304,1259.03,4.50292e-07,165.605,1584.19,6.76904e-07,187.452,1993.12,-1.23808e-07,212.181,2507.27,-4.89068e-07,240.173,3153.54,-5.40284e-07,271.856,3965.56,1.86061e-07,307.719,4985.38,4.37004e-07,348.313,6265.4,3.59828e-07,394.26,7870.83,3.98192e-07,446.268,9882.51,-1.92908e-07,505.135,12400.3,-2.20392e-07,571.766,15546.9,1.51705e-07,647.184,19472.2,5.74996e-07,732.547,24357.4,5.39112e-07,829.167,30420,5.07815e-09,938.526,37916.3,-4.11492e-07,1062.3,47143.9,-3.9561e-07,1202.4,58439.2,3.86185e-08,1360.96,72169.3,5.94093e-07,1540.42,88715.8,7.47693e-07,1743.53,108445,1.78537e-07,1973.41,131665,-4.12549e-07,2233.57,158557,-5.37164e-07,2528,189103,-1.17615e-07,2861.2,222986,5.66769e-07,3238.27,259510,9.45053e-07,3664.97,297540,4.25093e-07,4147.81,335497,-3.58506e-07,4694.17,371444,-6.7724e-07,5312.37,403256,1.67192e-07,1.61744,3.89446,9.84394,3.28846,7.5504,12.774,5.07607,11.7187,13.6844,7.03202,16.8147,13.9681,9.20215,23.1769,14.0566,11.6301,31.1672,14.0841,14.3598,41.2186,14.0927,17.4376,53.8688,14.0954,20.9137,69.7915,14.0962,24.8432,89.8341,14.0965,29.2879,115.063,14.0966,34.3168,146.819,14.0966,40.0078,186.792,14.0966,46.4487,237.107,14.0966,53.7388,300.44,14.0966,61.9903,380.158,14.0966,71.3301,480.499,14.0966,81.902,606.796,14.0966,93.8685,765.761,14.0966,107.414,965.837,14.0966,122.746,1217.65,14.0966,140.101,1534.57,14.0966,159.745,1933.41,14.0966,181.981,2435.3,14.0966,207.15,3066.85,14.0966,235.64,3861.46,14.0966,267.889,4861.11,14.0966,304.391,6118.54,14.0966,345.709,7699.91,14.0966,392.478,9688.22,14.0966,445.417,12187.5,14.0966,505.339,15327.7,14.0966,573.165,19271.6,14.0966,649.938,24222,14.0966,736.839,30430.9,14.0966,835.202,38211.5,14.0966,946.539,47950.3,14.0966,1072.56,60122.8,14.0966,1215.21,75309.9,14.0966,1376.66,94216.2,14.0966,1559.41,117688,14.0966,1766.26,146729,14.0966,2000.39,182510,14.0966,2265.39,226372,14.0966,2565.33,279806,14.0966,2904.81,344416,14.0966,3289.05,421845,14.0966,3723.93,513667,14.0966,4216.13,621231,14.0966,4773.18,745478,14.0966,5403.64,886744,14.0966,6117.15,1.04457e+06,14.0966,6924.63,1.2176e+06,14.0966,11.7194,11.96,12.6541,13.9321,16.1295,13.6434,16.6097,21.9702,13.9553,19.7532,29.5285,14.0526,23.3844,39.1143,14.0829,27.5423,51.2054,14.0923,32.2796,66.434,14.0953,37.662,85.6061,14.0962,43.7675,109.74,14.0965,50.687,140.119,14.0966,58.5249,178.359,14.0966,67.4005,226.493,14.0966,77.4493,287.08,14.0966,88.8254,363.343,14.0966,101.703,459.336,14.0966,116.281,580.161,14.0966,132.782,732.241,14.0966,151.46,923.655,14.0966,172.603,1164.57,14.0966,196.535,1467.79,14.0966,223.625,1849.39,14.0966,254.288,2329.62,14.0966,288.997,2933.93,14.0966,328.285,3694.33,14.0966,372.755,4651.04,14.0966,423.092,5854.57,14.0966,480.07,7368.38,14.0966,544.564,9272.08,14.0966,617.566,11665.5,14.0966,700.197,14673.6,14.0966,793.729,18452.9,14.0966,899.599,23198.6,14.0966,1019.43,29154.1,14.0966,1155.07,36622.3,14.0966,1308.6,45977.9,14.0966,1482.39,57683.7,14.0966,1679.09,72307.8,14.0966,1901.73,90542.8,14.0966,2153.73,113226,14.0966,2438.97,141360,14.0966,2761.81,176127,14.0966,3127.22,218898,14.0966,3540.81,271226,14.0966,4008.92,334817,14.0966,4538.74,411470,14.0966,5138.38,502973,14.0966,5817.04,610948,14.0966,6585.12,736653,14.0966,7454.39,880741,14.0966,8438.15,1.04302e+06,14.0966,9551.45,1.22224e+06,14.0966,10811.3,1.41602e+06,14.0966,12237,1.62086e+06,14.0966,11.7194,11.96,12.6541,2.21263,4.16949,0.989383,2.67766,5.84076,0.311842,3.14343,7.55825,0.0972771,3.63127,9.58578,0.0303237,4.15787,12.0912,0.00945211,4.73731,15.2286,0.00294633,5.38238,19.1721,0.000918508,6.10553,24.134,0.000286163,6.91951,30.3791,8.92692e-05,7.83792,38.2397,2.78121e-05,8.87555,48.1338,8.65134e-06,10.0489,60.5876,2.7882e-06,11.3761,76.2629,8.29036e-07,12.8779,95.9927,2.4373e-07,14.5775,120.825,4.33068e-09,16.5012,152.08,1.75749e-07,18.6784,191.415,-1.86328e-07,21.1428,240.917,1.91829e-07,23.9322,303.213,-1.81475e-07,27.0895,381.602,7.0186e-08,30.6634,480.231,-2.86769e-08,34.7087,604.316,2.40784e-07,39.2876,760.401,9.87368e-08,44.4705,956.705,1.22263e-07,50.3371,1203.54,-4.31966e-07,56.9776,1513.81,-1.9705e-07,64.494,1903.69,-2.763e-08,73.0018,2393.4,3.9185e-07,82.6317,3008.13,1.35379e-07,93.5318,3779.25,-4.16351e-08,105.869,4745.7,2.06965e-08,119.834,5955.6,-3.18887e-07,135.641,7468.12,-1.48271e-08,153.531,9355.62,2.00739e-07,173.781,11705.8,2.28358e-07,196.701,14624.1,-1.93587e-08,222.642,18235,-2.88101e-07,252.003,22683.4,-2.24732e-07,285.234,28134,8.56806e-09,322.845,34767,2.34258e-07,365.413,42770.9,2.99668e-07,413.588,52327.9,8.28644e-08,468.111,63591.2,-3.07049e-07,529.814,76653.2,-3.1888e-07,599.642,91502.5,-6.72276e-08,678.662,107975,2.26339e-07,768.083,125705,3.69212e-07,869.267,144088,2.04077e-07,983.76,162277,-2.80509e-07,1113.3,179223,-4.22737e-07,1259.87,193777,-1.71951e-07,1425.68,204839,4.55555e-07,11.7194,11.96,12.6541,2.21263,4.16949,0.989383,2.67766,5.84076,0.311842,3.14343,7.55825,0.0972771,3.63127,9.58578,0.0303237,4.15787,12.0912,0.00945211,4.73731,15.2286,0.00294633,5.38238,19.1721,0.000918508,6.10553,24.134,0.000286163,6.91951,30.3791,8.92692e-05,7.83792,38.2397,2.78121e-05,8.87555,48.1338,8.65134e-06,10.0489,60.5876,2.7882e-06,11.3761,76.2629,8.29036e-07,12.8779,95.9927,2.4373e-07,14.5775,120.825,1e-08,16.5012,152.08,1.75749e-07,18.6784,191.415,1e-08,21.1428,240.917,1.91829e-07,23.9322,303.213,1e-08,27.0895,381.602,7.0186e-08,30.6634,480.231,1e-08,34.7087,604.316,2.40784e-07,39.2876,760.401,9.87368e-08,44.4705,956.705,1.22263e-07,50.3371,1203.54,1e-08,56.9776,1513.81,1e-08,64.494,1903.69,1e-08,73.0018,2393.4,3.9185e-07,82.6317,3008.13,1.35379e-07,93.5318,3779.25,1e-08,105.869,4745.7,2.06965e-08,119.834,5955.6,1e-08,135.641,7468.12,1e-08,153.531,9355.62,2.00739e-07,173.781,11705.8,2.28358e-07,196.701,14624.1,1e-08,222.642,18235,1e-08,252.003,22683.4,1e-08,285.234,28134,1e-08,322.845,34767,2.34258e-07,365.413,42770.9,2.99668e-07,413.588,52327.9,8.28644e-08,468.111,63591.2,1e-08,529.814,76653.2,1e-08,599.642,91502.5,1e-08,678.662,107975,2.26339e-07,768.083,125705,3.69212e-07,869.267,144088,2.04077e-07,983.76,162277,1e-08,1113.3,179223,1e-08,1259.87,193777,1e-08,1425.68,204839,4.55555e-07,6.2823,3.27286,2.43537,0.219672,6.18826,2.24117,0.56371,6.87772,2.63624,0.308279,12,8,17,2,10,1,2,6,1,4,8,0,4,5,0,5,5,0,10,10,0,6,15,0,2,29,0,18,12,0,11,49,0,14,67,0,6,83,0,21,36,0,4,47,0,15,136,0,38,110,0,21,222,0,28,165,0,24,321,0,23,185,0,34,549,0,19,396,0,3,583,0,23,667,0,76,1173,0,41,1876,0,28,1954,0,66,2191,0,94,1829,0,53,7440,0,62,4360,0,120,8287,0,156,7567,0,205,11887,0,223,7250,0,275,17414,0,115,11607,0,158,27681,0,475,22940,0,112,35372,0,157,66645,0,386,23877,0,584,65840,0,163,70980,0,881,41066,0,1356,216217,0,821,189588,0,1091,245386,0,1143,174543,0,694,173475,0,1352,237375,0,662,169539,0
-1.05176e+08,1,8.88811e-15,10,1023,0,1.05176e+08,0.528882,1.08665,0.389689,0.145397,0.379329,3.24381,0.161596,0.446195,1.77396,0.159177,1.15e+07,4.49998e+06,6.79999e+06,1.15e+07,4.49997e+06,6.79999e+06,1.15e+07,4.49996e+06,6.79999e+06,1.15e+07,4.49995e+06,6.79999e+06,1.14999e+07,4.49993e+06,6.79999e+06,1.14999e+07,4.49991e+06,6.79999e+06,1.14999e+07,4.49989e+06,6.79999e+06,1.14999e+07,4.49986e+06,6.79999e+06,1.14999e+07,4.49982e+06,6.79999e+06,1.14999e+07,4.49977e+06,6.79999e+06,1.14999e+07,4.49971e+06,6.79999e+06,1.14999e+07,4.49963e+06,6.79999e+06,1.14998e+07,4.49953e+06,6.79999e+06,1.14998e+07,4.49941e+06,6.79999e+06,1.14998e+07,4.49926e+06,6.79999e+06,1.14998e+07,4.49906e+06,6.79999e+06,1.14997e+07,4.49882e+06,6.79999e+06,1.14997e+07,4.49851e+06,6.79999e+06,1.14997e+07,4.49812e+06,6.79999e+06,1.14996e+07,4.49764e+06,6.79999e+06,1.14996e+07,4.49702e+06,6.79999e+06,1.14995e+07,4.49625e+06,6.79999e+06,1.14995e+07,4.49528e+06,6.79999e+06,1.14994e+07,4.49406e+06,6.79999e+06,1.14993e+07,4.49253e+06,6.79999e+06,1.14992e+07,4.49059e+06,6.79999e+06,1.14991e+07,4.48817e+06,6.79999e+06,1.1499e+07,4.48511e+06,6.79999e+06,1.14988e+07,4.48128e+06,6.79999e+06,1.14987e+07,4.47646e+06,6.79999e+06,1.14985e+07,4.47041e+06,6.79999e+06,1.14983e+07,4.46281e+06,6.79999e+06,1.14981e+07,4.4533e+06,6.79999e+06,1.14979e+07,4.44138e+06,6.79999e+06,1.14976e+07,4.42649e+06,6.79999e+06,1.14972e+07,4.40789e+06,6.79999e+06,1.14969e+07,4.38471e+06,6.79999e+06,1.14965e+07,4.35592e+06,6.79999e+06,1.1496e+07,4.32027e+06,6.79999e+06,1.14955e+07,4.27629e+06,6.79999e+06,1.14949e+07,4.22231e+06,6.79999e+06,1.14942e+07,4.15647e+06,6.79999e+06,1.14934e+07,4.07676e+06,6.79999e+06,1.14926e+07,3.98112e+06,6.79999e+06,1.14916e+07,3.86765e+06,6.79999e+06,1.14905e+07,3.73474e+06,6.79999e+06,1.14892e+07,3.58148e+06,6.79999e+06,1.14878e+07,3.40785e+06,6.79999e+06,1.14862e+07,3.21513e+06,6.79999e+06,1.14844e+07,3.00605e+06,6.79999e+06,1.14823e+07,2.7848e+06,6.79999e+06,1.148e+07,2.5568e+06,6.79999e+06,1.14773e+07,2.32825e+06,6.79999e+06,13.5742,8.52444,0.508366,16.8306,13.2585,0.162638,20.0035,17.569,0.0507846,23.2616,22.4214,0.0158319,26.7328,28.3297,0.00493498,30.5212,35.6974,0.00153831,34.7178,44.9473,0.000479527,39.4086,56.5822,0.000149456,44.6796,71.2245,4.66214e-05,50.6209,89.6543,1.45419e-05,57.3297,112.852,4.54748e-06,64.9129,142.051,1.43857e-06,73.4897,178.803,4.36618e-07,83.1934,225.062,1.40153e-07,94.1745,283.286,4.96378e-08,106.602,356.568,1.05434e-07,120.669,448.799,-6.49244e-08,136.59,564.873,1.70148e-07,154.611,710.948,-5.34594e-08,175.008,894.767,1.63407e-07,198.097,1126.06,8.04804e-08,224.231,1417.07,1.14667e-07,253.813,1783.15,-1.71227e-07,287.297,2243.62,-2.88466e-07,325.198,2822.67,-4.33651e-07,368.098,3550.67,7.9318e-08,416.657,4465.65,3.13319e-07,471.621,5615.16,3.4613e-07,533.835,7058.61,-1.19199e-07,604.255,8870.02,-2.79964e-07,683.962,11141.4,-2.30521e-07,774.182,13986.7,-2.55099e-07,876.299,17546.4,1.23585e-07,991.883,21993.1,1.41192e-07,1122.71,27536.7,-9.71886e-08,1270.78,34430.7,-3.68368e-07,1438.38,42977.7,-3.45379e-07,1628.07,53532.7,-3.25328e-09,1842.77,66504.6,2.6362e-07,2085.77,82350.2,2.53445e-07,2360.79,101560,-2.47407e-08,2672.05,124632,-3.80602e-07,3024.31,152018,-4.79005e-07,3422.98,184060,-1.14379e-07,3874.15,220884,2.64297e-07,4384.72,262283,3.44131e-07,4962.49,307576,7.5349e-08,5616.29,355497,-3.63097e-07,6356.1,404126,-6.05442e-07,7193.18,450932,-2.72333e-07,8140.28,492963,2.29675e-07,9211.79,527178,4.3387e-07,10424,550893,-1.0711e-07,10.102,8.06553,2.81012,10.6436,8.57909,0.869423,11.5336,10.2515,0.270869,12.7211,12.7138,0.0844293,14.1823,15.9373,0.0263173,15.9122,20.0383,0.0082035,17.9198,25.2154,0.00255722,20.2244,31.7373,0.000797017,22.8539,39.9486,0.000248622,25.8438,50.2851,7.75492e-05,29.237,63.2963,2.42508e-05,33.0837,79.6738,7.67162e-06,37.4415,100.288,2.32837e-06,42.3767,126.236,7.33e-07,47.9646,158.896,2.79256e-07,54.2906,200.003,9.87351e-09,61.452,251.741,1.61085e-07,69.5585,316.859,-2.47141e-07,78.7347,398.812,8.93552e-08,89.1218,501.948,-2.53231e-07,100.879,631.736,-1.25047e-07,114.188,795.049,-1.78808e-07,129.252,1000.53,2.6733e-07,146.304,1259.03,4.50292e-07,165.605,1584.19,6.76904e-07,187.452,1993.12,-1.23808e-07,212.181,2507.27,-4.89068e-07,240.173,3153.54,-5.40284e-07,271.856,3965.56,1.86061e-07,307.719,4985.38,4.37004e-07,348.313,6265.4,3.59828e-07,394.26,7870.83,3.98192e-07,446.268,9882.51,-1.92908e-07,505.135,12400.3,-2.20392e-07,571.766,15546.9,1.51705e-07,647.184,19472.2,5.74996e-07,732.547,24357.4,5.39112e-07,829.167,30420,5.07815e-09,938.526,37916.3,-4.11492e-07,1062.3,47143.9,-3.9561e-07,1202.4,58439.2,3.86185e-08,1360.96,72169.3,5.94093e-07,1540.42,88715.8,7.47693e-07,1743.53,108445,1.78537e-07,1973.41,131665,-4.12549e-07,2233.57,158557,-5.37164e-07,2528,189103,-1.17615e-07,2861.2,222986,5.66769e-07,3238.27,259510,9.45053e-07,3664.97,297540,4.25093e-07,4147.81,335497,-3.58506e-07,4694.17,371444,-6.7724e-07,5312.37,403256,1.67192e-07,1.61744,3.89446,9.84394,3.28846,7.5504,12.774,5.07607,11.7187,13.6844,7.03202,16.8147,13.9681,9.20215,23.1769,14.0566,11.6301,31.1672,14.0841,14.3598,41.2186,14.0927,17.4376,53.8688,14.0954,20.9137,69.7915,14.0962,24.8432,89.8341,14.0965,29.2879,115.063,14.0966,34.3168,146.819,14.0966,40.0078,186.792,14.0966,46.4487,237.107,14.0966,53.7388,300.44,14.0966,61.9903,380.158,14.0966,71.3301,480.499,14.0966,81.902,606.796,14.0966,93.8685,765.761,14.0966,107.414,965.837,14.0966,122.746,1217.65,14.0966,140.101,1534.57,14.0966,159.745,1933.41,14.0966,181.981,2435.3,14.0966,207.15,3066.85,14.0966,235.64,3861.46,14.0966,267.889,4861.11,14.0966,304.391,6118.54,14.0966,345.709,7699.91,14.0966,392.478,9688.22,14.0966,445.417,12187.5,14.0966,505.339,15327.7,14.0966,573.165,19271.6,14.0966,649.938,24222,14.0966,736.839,30430.9,14.0966,835.202,38211.5,14.0966,946.539,47950.3,14.0966,1072.56,60122.8,14.0966,1215.21,75309.9,14.0966,1376.66,94216.2,14.0966,1559.41,117688,14.0966,1766.26,146729,14.0966,2000.39,182510,14.0966,2265.39,226372,14.0966,2565.33,279806,14.0966,2904.81,344416,14.0966,3289.05,421845,14.0966,3723.93,513667,14.0966,4216.13,621231,14.0966,4773.18,745478,14.0966,5403.64,886744,14.0966,6117.15,1.04457e+06,14.0966,6924.63,1.2176e+06,14.0966,11.7194,11.96,12.6541,13.9321,16.1295,13.6434,16.6097,21.9702,13.9553,19.7532,29.5285,14.0526,23.3844,39.1143,14.0829,27.5423,51.2054,14.0923,32.2796,66.434,14.0953,37.662,85.6061,14.0962,43.7675,109.74,14.0965,50.687,140.119,14.0966,58.5249,178.359,14.0966,67.4005,226.493,14.0966,77.4493,287.08,14.0966,88.8254,363.343,14.0966,101.703,459.336,14.0966,116.281,580.161,14.0966,132.782,732.241,14.0966,151.46,923.655,14.0966,172.603,1164.57,14.0966,196.535,1467.79,14.0966,223.625,1849.39,14.0966,254.288,2329.62,14.0966,288.997,2933.93,14.0966,328.285,3694.33,14.0966,372.755,4651.04,14.0966,423.092,5854.57,14.0966,480.07,7368.38,14.0966,544.564,9272.08,14.0966,617.566,11665.5,14.0966,700.197,14673.6,14.0966,793.729,18452.9,14.0966,899.599,23198.6,14.0966,1019.43,29154.1,14.0966,1155.07,36622.3,14.0966,1308.6,45977.9,14.0966,1482.39,57683.7,14.0966,1679.09,72307.8,14.0966,1901.73,90542.8,14.0966,2153.73,113226,14.0966,2438.97,141360,14.0966,2761.81,176127,14.0966,3127.22,218898,14.0966,3540.81,271226,14.0966,4008.92,334817,14.0966,4538.74,411470,14.0966,5138.38,502973,14.0966,5817.04,610948,14.0966,6585.12,736653,14.0966,7454.39,880741,14.0966,8438.15,1.04302e+06,14.0966,9551.45,1.22224e+06,14.0966,10811.3,1.41602e+06,14.0966,12237,1.62086e+06,14.0966,11.7194,11.96,12.6541,2.21263,4.16949,0.989383,2.67766,5.84076,0.311842,3.14343,7.55825,0.0972771,3.63127,9.58578,0.0303237,4.15787,12.0912,0.00945211,4.73731,15.2286,0.00294633,5.38238,19.1721,0.000918508,6.10553,24.134,0.000286163,6.91951,30.3791,8.92692e-05,7.83792,38.2397,2.78121e-05,8.87555,48.1338,8.65134e-06,10.0489,60.5876,2.7882e-06,11.3761,76.2629,8.29036e-07,12.8779,95.9927,2.4373e-07,14.5775,120.825,4.33068e-09,16.5012,152.08,1.75749e-07,18.6784,191.415,-1.86328e-07,21.1428,240.917,1.91829e-07,23.9322,303.213,-1.81475e-07,27.0895,381.602,7.0186e-08,30.6634,480.231,-2.86769e-08,34.7087,604.316,2.40784e-07,39.2876,760.401,9.87368e-08,44.4705,956.705,1.22263e-07,50.3371,1203.54,-4.31966e-07,56.9776,1513.81,-1.9705e-07,64.494,1903.69,-2.763e-08,73.0018,2393.4,3.9185e-07,82.6317,3008.13,1.35379e-07,93.5318,3779.25,-4.16351e-08,105.869,4745.7,2.06965e-08,119.834,5955.6,-3.18887e-07,135.641,7468.12,-1.48271e-08,153.531,9355.62,2.00739e-07,173.781,11705.8,2.28358e-07,196.701,14624.1,-1.93587e-08,222.642,18235,-2.88101e-07,252.003,22683.4,-2.24732e-07,285.234,28134,8.56806e-09,322.845,34767,2.34258e-07,365.413,42770.9,2.99668e-07,413.588,52327.9,8.28644e-08,468.111,63591.2,-3.07049e-07,529.814,76653.2,-3.1888e-07,599.642,91502.5,-6.72276e-08,678.662,107975,2.26339e-07,768.083,125705,3.69212e-07,869.267,144088,2.04077e-07,983.76,162277,-2.80509e-07,1113.3,179223,-4.22737e-07,1259.87,193777,-1.71951e-07,1425.68,204839,4.55555e-07,11.7194,11.96,12.6541,2.21263,4.16949,0.989383,2.67766,5.84076,0.311842,3.14343,7.55825,0.0972771,3.63127,9.58578,0.0303237,4.15787,12.0912,0.00945211,4.73731,15.2286,0.00294633,5.38238,19.1721,0.000918508,6.10553,24.134,0.000286163,6.91951,30.3791,8.92692e-05,7.83792,38.2397,2.78121e-05,8.87555,48.1338,8.65134e-06,10.0489,60.5876,2.7882e-06,11.3761,76.2629,8.29036e-07,12.8779,95.9927,2.4373e-07,14.5775,120.825,1e-08,16.5012,152.08,1.75749e-07,18.6784,191.415,1e-08,21.1428,240.917,1.91829e-07,23.9322,303.213,1e-08,27.0895,381.602,7.0186e-08,30.6634,480.231,1e-08,34.7087,604.316,2.40784e-07,39.2876,760.401,9.87368e-08,44.4705,956.705,1.22263e-07,50.3371,1203.54,1e-08,56.9776,1513.81,1e-08,64.494,1903.69,1e-08,73.0018,2393.4,3.9185e-07,82.6317,3008.13,1.35379e-07,93.5318,3779.25,1e-08,105.869,4745.7,2.06965e-08,119.834,5955.6,1e-08,135.641,7468.12,1e-08,153.531,9355.62,2.00739e-07,173.781,11705.8,2.28358e-07,196.701,14624.1,1e-08,222.642,18235,1e-08,252.003,22683.4,1e-08,285.234,28134,1e-08,322.845,34767,2.34258e-07,365.413,42770.9,2.99668e-07,413.588,52327.9,8.28644e-08,468.111,63591.2,1e-08,529.814,76653.2,1e-08,599.642,91502.5,1e-08,678.662,107975,2.26339e-07,768.083,125705,3.69212e-07,869.267,144088,2.04077e-07,983.76,162277,1e-08,1113.3,179223,1e-08,1259.87,193777,1e-08,1425.68,204839,4.55555e-07,6.2823,3.27286,2.43537,0.219672,6.18826,2.24117,0.56371,6.87772,2.63624,0.308279,11,7,14,4,3,1,3,5,0,10,5,0,4,4,0,2,22,0,1,15,0,8,8,0,9,34,0,10,15,0,2,19,0,7,32,0,7,43,0,12,107,0,22,74,0,12,116,0,16,153,0,22,116,0,29,189,0,30,314,0,30,344,0,32,782,0,40,655,0,42,595,0,31,759,0,40,1322,0,43,908,0,85,3052,0,24,3635,0,63,2187,0,99,8356,0,116,3937,0,125,4277,0,89,8544,0,193,19160,0,117,19899,0,103,21259,0,220,17988,0,166,15845,0,314,33304,0,212,30188,0,326,64156,0,111,45993,0,520,63259,0,516,31750,0,297,57828,0,763,107887,0,1090,193056,0,1756,148466,0,1738,227384,0,509,273555,0,717,207740,0,1858,189452,0
-1.05176e+08,1,8.88811e-15,10,1023,0,1.05176e+08,0.528882,1.08665,0.389689,0.145397,0.379329,3.24381,0.161596,0.446195,1.77396,0.159177,1.15e+07,4.49998e+06,6.79999e+06,1.15e+07,4.49997e+06,6.79999e+06,1.15e+07,4.49996e+06,6.79999e+06,1.15e+07,4.49995e+06,6.79999e+06,1.14999e+07,4.49993e+06,6.79999e+06,1.14999e+07,4.49991e+06,6.79999e+06,1.14999e+07,4.49989e+06,6.79999e+06,1.14999e+07,4.49986e+06,6.79999e+06,1.14999e+07,4.49982e+06,6.79999e+06,1.14999e+07,4.49977e+06,6.79999e+06,1.14999e+07,4.49971e+06,6.79999e+06,1.14999e+07,4.49963e+06,6.79999e+06,1.14998e+07,4.49953e+06,6.79999e+06,1.14998e+07,4.49941e+06,6.79999e+06,1.14998e+07,4.49926e+06,6.79999e+06,1.14998e+07,4.49906e+06,6.79999e+06,1.14997e+07,4.49882e+06,6.79999e+06,1.14997e+07,4.49851e+06,6.79999e+06,1.14997e+07,4.49812e+06,6.79999e+06,1.14996e+07,4.49764e+06,6.79999e+06,1.14996e+07,4.49702e+06,6.79999e+06,1.14995e+07,4.49625e+06,6.79999e+06,1.14995e+07,4.49528e+06,6.79999e+06,1.14994e+07,4.49406e+06,6.79999e+06,1.14993e+07,4.49253e+06,6.79999e+06,1.14992e+07,4.49059e+06,6.79999e+06,1.14991e+07,4.48817e+06,6.79999e+06,1.1499e+07,4.48511e+06,6.79999e+06,1.14988e+07,4.48128e+06,6.79999e+06,1.14987e+07,4.47646e+06,6.79999e+06,1.14985e+07,4.47041e+06,6.79999e+06,1.14983e+07,4.46281e+06,6.79999e+06,1.14981e+07,4.4533e+06,6.79999e+06,1.14979e+07,4.44138e+06,6.79999e+06,1.14976e+07,4.42649e+06,6.79999e+06,1.14972e+07,4.40789e+06,6.79999e+06,1.14969e+07,4.38471e+06,6.79999e+06,1.14965e+07,4.35592e+06,6.79999e+06,1.1496e+07,4.32027e+06,6.79999e+06,1.14955e+07,4.27629e+06,6.79999e+06,1.14949e+07,4.22231e+06,6.79999e+06,1.14942e+07,4.15647e+06,6.79999e+06,1.14934e+07,4.07676e+06,6.79999e+06,1.14926e+07,3.98112e+06,6.79999e+06,1.14916e+07,3.86765e+06,6.79999e+06,1.14905e+07,3.73474e+06,6.79999e+06,1.14892e+07,3.58148e+06,6.79999e+06,1.14878e+07,3.40785e+06,6.79999e+06,1.14862e+07,3.21513e+06,6.79999e+06,1.14844e+07,3.00605e+06,6.79999e+06,1.14823e+07,2.7848e+06,6.79999e+06,1.148e+07,2.5568e+06,6.79999e+06,1.14773e+07,2.32825e+06,6.79999e+06,13.5742,8.52444,0.508366,16.8306,13.2585,0.162638,20.0035,17.569,0.0507846,23.2616,22.4214,0.0158319,26.7328,28.3297,0.00493498,30.5212,35.6974,0.00153831,34.7178,44.9473,0.000479527,39.4086,56.5822,0.000149456,44.6796,71.2245,4.66214e-05,50.6209,89.6543,1.45419e-05,57.3297,112.852,4.54748e-06,64.9129,142.051,1.43857e-06,73.4897,178.803,4.36618e-07,83.1934,225.062,1.40153e-07,94.1745,283.286,4.96378e-08,106.602,356.568,1.05434e-07,120.669,448.799,-6.49244e-08,136.59,564.873,1.70148e-07,154.611,710.948,-5.34594e-08,175.008,894.767,1.63407e-07,198.097,1126.06,8.04804e-08,224.231,1417.07,1.14667e-07,253.813,1783.15,-1.71227e-07,287.297,2243.62,-2.88466e-07,325.198,2822.67,-4.33651e-07,368.098,3550.67,7.9318e-08,416.657,4465.65,3.13319e-07,471.621,5615.16,3.4613e-07,533.835,7058.61,-1.19199e-07,604.255,8870.02,-2.79964e-07,683.962,11141.4,-2.30521e-07,774.182,13986.7,-2.55099e-07,876.299,17546.4,1.23585e-07,991.883,21993.1,1.41192e-07,1122.71,27536.7,-9.71886e-08,1270.78,34430.7,-3.68368e-07,1438.38,42977.7,-3.45379e-07,1628.07,53532.7,-3.25328e-09,1842.77,66504.6,2.6362e-07,2085.77,82350.2,2.53445e-07,2360.79,101560,-2.47407e-08,2672.05,124632,-3.80602e-07,3024.31,152018,-4.79005e-07,3422.98,184060,-1.14379e-07,3874.15,220884,2.64297e-07,4384.72,262283,3.44131e-07,4962.49,307576,7.5349e-08,5616.29,355497,-3.63097e-07,6356.1,404126,-6.05442e-07,7193.18,450932,-2.72333e-07,8140.28,492963,2.29675e-07,9211.79,527178,4.3387e-07,10424,550893,-1.0711e-07,10.102,8.06553,2.81012,10.6436,8.57909,0.869423,11.5336,10.2515,0.270869,12.7211,12.7138,0.0844293,14.1823,15.9373,0.0263173,15.9122,20.0383,0.0082035,17.9198,25.2154,0.00255722,20.2244,31.7373,0.000797017,22.8539,39.9486,0.000248622,25.8438,50.2851,7.75492e-05,29.237,63.2963,2.42508e-05,33.0837,79.6738,7.67162e-06,37.4415,100.288,2.32837e-06,42.3767,126.236,7.33e-07,47.9646,158.896,2.79256e-07,54.2906,200.003,9.87351e-09,61.452,251.741,1.61085e-07,69.5585,316.859,-2.47141e-07,78.7347,398.812,8.93552e-08,89.1218,501.948,-2.53231e-07,100.879,631.736,-1.25047e-07,114.188,795.049,-1.78808e-07,129.252,1000.53,2.6733e-07,146.304,1259.03,4.50292e-07,165.605,1584.19,6.76904e-07,187.452,1993.12,-1.23808e-07,212.181,2507.27,-4.89068e-07,240.173,3153.54,-5.40284e-07,271.856,3965.56,1.86061e-07,307.719,4985.38,4.37004e-07,348.313,6265.4,3.59828e-07,394.26,7870.83,3.98192e-07,446.268,9882.51,-1.92908e-07,505.135,12400.3,-2.20392e-07,571.766,15546.9,1.51705e-07,647.184,19472.2,5.74996e-07,732.547,24357.4,5.39112e-07,829.167,30420,5.07815e-09,938.526,37916.3,-4.11492e-07,1062.3,47143.9,-3.9561e-07,1202.4,58439.2,3.86185e-08,1360.96,72169.3,5.94093e-07,1540.42,88715.8,7.47693e-07,1743.53,108445,1.78537e-07,1973.41,131665,-4.12549e-07,2233.57,158557,-5.37164e-07,2528,189103,-1.17615e-07,2861.2,222986,5.66769e-07,3238.27,259510,9.45053e-07,3664.97,297540,4.25093e-07,4147.81,335497,-3.58506e-07,4694.17,371444,-6.7724e-07,5312.37,403256,1.67192e-07,1.61744,3.89446,9.84394,3.28846,7.5504,12.774,5.07607,11.7187,13.6844,7.03202,16.8147,13.9681,9.20215,23.1769,14.0566,11.6301,31.1672,14.0841,14.3598,41.2186,14.0927,17.4376,53.8688,14.0954,20.9137,69.7915,14.0962,24.8432,89.8341,14.0965,29.2879,115.063,14.0966,34.3168,146.819,14.0966,40.0078,186.792,14.0966,46.4487,237.107,14.0966,53.7388,300.44,14.0966,61.9903,380.158,14.0966,71.3301,480.499,14.0966,81.902,606.796,14.0966,93.8685,765.761,14.0966,107.414,965.837,14.0966,122.746,1217.65,14.0966,140.101,1534.57,14.0966,159.745,1933.41,14.0966,181.981,2435.3,14.0966,207.15,3066.85,14.0966,235.64,3861.46,14.0966,267.889,4861.11,14.0966,304.391,6118.54,14.0966,345.709,7699.91,14.0966,392.478,9688.22,14.0966,445.417,12187.5,14.0966,505.339,15327.7,14.0966,573.165,19271.6,14.0966,649.938,24222,14.0966,736.839,30430.9,14.0966,835.202,38211.5,14.0966,946.539,47950.3,14.0966,1072.56,60122.8,14.0966,1215.21,75309.9,14.0966,1376.66,94216.2,14.0966,1559.41,117688,14.0966,1766.26,146729,14.0966,2000.39,182510,14.0966,2265.39,226372,14.0966,2565.33,279806,14.0966,2904.81,344416,14.0966,3289.05,421845,14.0966,3723.93,513667,14.0966,4216.13,621231,14.0966,4773.18,745478,14.0966,5403.64,886744,14.0966,6117.15,1.04457e+06,14.0966,6924.63,1.2176e+06,14.0966,11.7194,11.96,12.6541,13.9321,16.1295,13.6434,16.6097,21.9702,13.9553,19.7532,29.5285,14.0526,23.3844,39.1143,14.0829,27.5423,51.2054,14.0923,32.2796,66.434,14.0953,37.662,85.6061,14.0962,43.7675,109.74,14.0965,50.687,140.119,14.0966,58.5249,178.359,14.0966,67.4005,226.493,14.0966,77.4493,287.08,14.0966,88.8254,363.343,14.0966,101.703,459.336,14.0966,116.281,580.161,14.0966,132.782,732.241,14.0966,151.46,923.655,14.0966,172.603,1164.57,14.0966,196.535,1467.79,14.0966,223.625,1849.39,14.0966,254.288,2329.62,14.0966,288.997,2933.93,14.0966,328.285,3694.33,14.0966,372.755,4651.04,14.0966,423.092,5854.57,14.0966,480.07,7368.38,14.0966,544.564,9272.08,14.0966,617.566,11665.5,14.0966,700.197,14673.6,14.0966,793.729,18452.9,14.0966,899.599,23198.6,14.0966,1019.43,29154.1,14.0966,1155.07,36622.3,14.0966,1308.6,45977.9,14.0966,1482.39,57683.7,14.0966,1679.09,72307.8,14.0966,1901.73,90542.8,14.0966,2153.73,113226,14.0966,2438.97,141360,14.0966,2761.81,176127,14.0966,3127.22,218898,14.0966,3540.81,271226,14.0966,4008.92,334817,14.0966,4538.74,411470,14.0966,5138.38,502973,14.0966,5817.04,610948,14.0966,6585.12,736653,14.0966,7454.39,880741,14.0966,8438.15,1.04302e+06,14.0966,9551.45,1.22224e+06,14.0966,10811.3,1.41602e+06,14.0966,12237,1.62086e+06,14.0966,11.7194,11.96,12.6541,2.21263,4.16949,0.989383,2.67766,5.84076,0.311842,3.14343,7.55825,0.0972771,3.63127,9.58578,0.0303237,4.15787,12.0912,0.00945211,4.73731,15.2286,0.00294633,5.38238,19.1721,0.000918508,6.10553,24.134,0.000286163,6.91951,30.3791,8.92692e-05,7.83792,38.2397,2.78121e-05,8.87555,48.1338,8.65134e-06,10.0489,60.5876,2.7882e-06,11.3761,76.2629,8.29036e-07,12.8779,95.9927,2.4373e-07,14.5775,120.825,4.33068e-09,16.5012,152.08,1.75749e-07,18.6784,191.415,-1.86328e-07,21.1428,240.917,1.91829e-07,23.9322,303.213,-1.81475e-07,27.0895,381.602,7.0186e-08,30.6634,480.231,-2.86769e-08,34.7087,604.316,2.40784e-07,39.2876,760.401,9.87368e-08,44.4705,956.705,1.22263e-07,50.3371,1203.54,-4.31966e-07,56.9776,1513.81,-1.9705e-07,64.494,1903.69,-2.763e-08,73.0018,2393.4,3.9185e-07,82.6317,3008.13,1.35379e-07,93.5318,3779.25,-4.16351e-08,105.869,4745.7,2.06965e-08,119.834,5955.6,-3.18887e-07,135.641,7468.12,-1.48271e-08,153.531,9355.62,2.00739e-07,173.781,11705.8,2.28358e-07,196.701,14624.1,-1.93587e-08,222.642,18235,-2.88101e-07,252.003,22683.4,-2.24732e-07,285.234,28134,8.56806e-09,322.845,34767,2.34258e-07,365.413,42770.9,2.99668e-07,413.588,52327.9,8.28644e-08,468.111,63591.2,-3.07049e-07,529.814,76653.2,-3.1888e-07,599.642,91502.5,-6.72276e-08,678.662,107975,2.26339e-07,768.083,125705,3.69212e-07,869.267,144088,2.04077e-07,983.76,162277,-2.80509e-07,1113.3,179223,-4.22737e-07,1259.87,193777,-1.71951e-07,1425.68,204839,4.55555e-07,11.7194,11.96,12.6541,2.21263,4.16949,0.989383,2.67766,5.84076,0.311842,3.14343,7.55825,0.0972771,3.63127,9.58578,0.0303237,4.15787,12.0912,0.00945211,4.73731,15.2286,0.00294633,5.38238,19.1721,0.000918508,6.10553,24.134,0.000286163,6.91951,30.3791,8.92692e-05,7.83792,38.2397,2.78121e-05,8.87555,48.1338,8.65134e-06,10.0489,60.5876,2.7882e-06,11.3761,76.2629,8.29036e-07,12.8779,95.9927,2.4373e-07,14.5775,120.825,1e-08,16.5012,152.08,1.75749e-07,18.6784,191.415,1e-08,21.1428,240.917,1.91829e-07,23.9322,303.213,1e-08,27.0895,381.602,7.0186e-08,30.6634,480.231,1e-08,34.7087,604.316,2.40784e-07,39.2876,760.401,9.87368e-08,44.4705,956.705,1.22263e-07,50.3371,1203.54,1e-08,56.9776,1513.81,1e-08,64.494,1903.69,1e-08,73.0018,2393.4,3.9185e-07,82.6317,3008.13,1.35379e-07,93.5318,3779.25,1e-08,105.869,4745.7,2.06965e-08,119.834,5955.6,1e-08,135.641,7468.12,1e-08,153.531,9355.62,2.00739e-07,173.781,11705.8,2.28358e-07,196.701,14624.1,1e-08,222.642,18235,1e-08,252.003,22683.4,1e-08,285.234,28134,1e-08,322.845,34767,2.34258e-07,365.413,42770.9,2.99668e-07,413.588,52327.9,8.28644e-08,468.111,63591.2,1e-08,529.814,76653.2,1e-08,599.642,91502.5,1e-08,678.662,107975,2.26339e-07,768.083,125705,3.69212e-07,869.267,144088,2.04077e-07,983.76,162277,1e-08,1113.3,179223,1e-08,1259.87,193777,1e-08,1425.68,204839,4.55555e-07,6.2823,3.27286,2.43537,0.219672,6.18826,2.24117,0.56371,6.87772,2.63624,0.308279,8,9,13,2,7,2,3,8,0,12,11,0,6,7,0,2,14,0,3,25,0,3,12,0,5,21,0,8,11,0,3,46,0,7,27,0,8,86,0,11,48,0,13,63,0,29,137,0,17,91,0,11,276,0,15,152,0,38,271,0,61,411,0,33,606,0,39,607,0,13,449,0,24,1336,0,78,575,0,38,1836,0,62,1585,0,71,2837,0,77,3674,0,76,4403,0,112,2986,0,121,6147,0,148,7916,0,127,7983,0,188,5678,0,157,21298,0,67,15828,0,265,17549,0,356,37617,0,328,18428,0,354,52926,0,403,46481,0,318,82775,0,469,53047,0,799,126328,0,385,143833,0,809,131159,0,505,113630,0,787,138267,0,1575,228571,0,1351,151681,0,733,211502,0
-1.05176e+08,1,8.88811e-15,10,1023,0,1.05176e+08,0.528882,1.08665,0.389689,0.145397,0.379329,3.24381,0.161596,0.446195,1.77396,0.159177,1.15e+07,4.49998e+06,6.79999e+06,1.15e+07,4.49997e+06,6.79999e+06,1.15e+07,4.49996e+06,6.79999e+06,1.15e+07,4.49995e+06,6.79999e+06,1.14999e+07,4.49993e+06,6.79999e+06,1.14999e+07,4.49991e+06,6.79999e+06,1.14999e+07,4.49989e+06,6.79999e+06,1.14999e+07,4.49986e+06,6.79999e+06,1.14999e+07,4.49982e+06,6.79999e+06,1.14999e+07,4.49977e+06,6.79999e+06,1.14999e+07,4.49971e+06,6.79999e+06,1.14999e+07,4.49963e+06,6.79999e+06,1.14998e+07,4.49953e+06,6.79999e+06,1.14998e+07,4.49941e+06,6.79999e+06,1.14998e+07,4.49926e+06,6.79999e+06,1.14998e+07,4.49906e+06,6.79999e+06,1.14997e+07,4.49882e+06,6.79999e+06,1.14997e+07,4.49851e+06,6.79999e+06,1.14997e+07,4.49812e+06,6.79999e+06,1.14996e+07,4.49764e+06,6.79999e+06,1.14996e+07,4.49702e+06,6.79999e+06,1.14995e+07,4.49625e+06,6.79999e+06,1.14995e+07,4.49528e+06,6.79999e+06,1.14994e+07,4.49406e+06,6.79999e+06,1.14993e+07,4.49253e+06,6.79999e+06,1.14992e+07,4.49059e+06,6.79999e+06,1.14991e+07,4.48817e+06,6.79999e+06,1.1499e+07,4.48511e+06,6.79999e+06,1.14988e+07,4.48128e+06,6.79999e+06,1.14987e+07,4.47646e+06,6.79999e+06,1.14985e+07,4.47041e+06,6.79999e+06,1.14983e+07,4.46281e+06,6.79999e+06,1.14981e+07,4.4533e+06,6.79999e+06,1.14979e+07,4.44138e+06,6.79999e+06,1.14976e+07,4.42649e+06,6.79999e+06,1.14972e+07,4.40789e+06,6.79999e+06,1.14969e+07,4.38471e+06,6.79999e+06,1.14965e+07,4.35592e+06,6.79999e+06,1.1496e+07,4.32027e+06,6.79999e+06,1.14955e+07,4.27629e+06,6.79999e+06,1.14949e+07,4.22231e+06,6.79999e+06,1.14942e+07,4.15647e+06,6.79999e+06,1.14934e+07,4.07676e+06,6.79999e+06,1.14926e+07,3.98112e+06,6.79999e+06,1.14916e+07,3.86765e+06,6.79999e+06,1.14905e+07,3.73474e+06,6.79999e+06,1.14892e+07,3.58148e+06,6.79999e+06,1.14878e+07,3.40785e+06,6.79999e+06,1.14862e+07,3.21513e+06,6.79999e+06,1.14844e+07,3.00605e+06,6.79999e+06,1.14823e+07,2.7848e+06,6.79999e+06,1.148e+07,2.5568e+06,6.79999e+06,1.14773e+07,2.32825e+06,6.79999e+06,13.5742,8.52444,0.508366,16.8306,13.2585,0.162638,20.0035,17.569,0.0507846,23.2616,22.4214,0.0158319,26.7328,28.3297,0.00493498,30.5212,35.6974,0.00153831,34.7178,44.9473,0.000479527,39.4086,56.5822,0.000149456,44.6796,71.2245,4.66214e-05,50.6209,89.6543,1.45419e-05,57.3297,112.852,4.54748e-06,64.9129,142.051,1.43857e-06,73.4897,178.803,4.36618e-07,83.1934,225.062,1.40153e-07,94.1745,283.286,4.96378e-08,106.602,356.568,1.05434e-07,120.669,448.799,-6.49244e-08,136.59,564.873,1.70148e-07,154.611,710.948,-5.34594e-08,175.008,894.767,1.63407e-07,198.097,1126.06,8.04804e-08,224.231,1417.07,1.14667e-07,253.813,1783.15,-1.71227e-07,287.297,2243.62,-2.88466e-07,325.198,2822.67,-4.33651e-07,368.098,3550.67,7.9318e-08,416.657,4465.65,3.13319e-07,471.621,5615.16,3.4613e-07,533.835,7058.61,-1.19199e-07,604.255,8870.02,-2.79964e-07,683.962,11141.4,-2.30521e-07,774.182,13986.7,-2.55099e-07,876.299,17546.4,1.23585e-07,991.883,21993.1,1.41192e-07,1122.71,27536.7,-9.71886e-08,1270.78,34430.7,-3.68368e-07,1438.38,42977.7,-3.45379e-07,1628.07,53532.7,-3.25328e-09,1842.77,66504.6,2.6362e-07,2085.77,82350.2,2.53445e-07,2360.79,101560,-2.47407e-08,2672.05,124632,-3.80602e-07,3024.31,152018,-4.79005e-07,3422.98,184060,-1.14379e-07,3874.15,220884,2.64297e-07,4384.72,262283,3.44131e-07,4962.49,307576,7.5349e-08,5616.29,355497,-3.63097e-07,6356.1,404126,-6.05442e-07,7193.18,450932,-2.72333e-07,8140.28,492963,2.29675e-07,9211.79,527178,4.3387e-07,10424,550893,-1.0711e-07,10.102,8.06553,2.81012,10.6436,8.57909,0.869423,11.5336,10.2515,0.270869,12.7211,12.7138,0.0844293,14.1823,15.9373,0.0263173,15.9122,20.0383,0.0082035,17.9198,25.2154,0.00255722,20.2244,31.7373,0.000797017,22.8539,39.9486,0.000248622,25.8438,50.2851,7.75492e-05,29.237,63.2963,2.42508e-05,33.0837,79.6738,7.67162e-06,37.4415,100.288,2.32837e-06,42.3767,126.236,7.33e-07,47.9646,158.896,2.79256e-07,54.2906,200.003,9.87351e-09,61.452,251.741,1.61085e-07,69.5585,316.859,-2.47141e-07,78.7347,398.812,8.93552e-08,89.1218,501.948,-2.53231e-07,100.879,631.736,-1.25047e-07,114.188,795.049,-1.78808e-07,129.252,1000.53,2.6733e-07,146.304,1259.03,4.50292e-07,165.605,1584.19,6.76904e-07,187.452,1993.12,-1.23808e-07,212.181,2507.27,-4.89068e-07,240.173,3153.54,-5.40284e-07,271.856,3965.56,1.86061e-07,307.719,4985.38,4.37004e-07,348.313,6265.4,3.59828e-07,394.26,7870.83,3.98192e-07,446.268,9882.51,-1.92908e-07,505.135,12400.3,-2.20392e-07,571.766,15546.9,1.51705e-07,647.184,19472.2,5.74996e-07,732.547,24357.4,5.39112e-07,829.167,30420,5.07815e-09,938.526,37916.3,-4.11492e-07,1062.3,47143.9,-3.9561e-07,1202.4,58439.2,3.86185e-08,1360.96,72169.3,5.94093e-07,1540.42,88715.8,7.47693e-07,1743.53,108445,1.78537e-07,1973.41,131665,-4.12549e-07,2233.57,158557,-5.37164e-07,2528,189103,-1.17615e-07,2861.2,222986,5.66769e-07,3238.27,259510,9.45053e-07,3664.97,297540,4.25093e-07,4147.81,335497,-3.58506e-07,4694.17,371444,-6.7724e-07,5312.37,403256,1.67192e-07,1.61744,3.89446,9.84394,3.28846,7.5504,12.774,5.07607,11.7187,13.6844,7.03202,16.8147,13.9681,9.20215,23.1769,14.0566,11.6301,31.1672,14.0841,14.3598,41.2186,14.0927,17.4376,53.8688,14.0954,20.9137,69.7915,14.0962,24.8432,89.8341,14.0965,29.2879,115.063,14.0966,34.3168,146.819,14.0966,40.0078,186.792,14.0966,46.4487,237.107,14.0966,53.7388,300.44,14.0966,61.9903,380.158,14.0966,71.3301,480.499,14.0966,81.902,606.796,14.0966,93.8685,765.761,14.0966,107.414,965.837,14.0966,122.746,1217.65,14.0966,140.101,1534.57,14.0966,159.745,1933.41,14.0966,181.981,2435.3,14.0966,207.15,3066.85,14.0966,235.64,3861.46,14.0966,267.889,4861.11,14.0966,304.391,6118.54,14.0966,345.709,7699.91,14.0966,392.478,9688.22,14.0966,445.417,12187.5,14.0966,505.339,15327.7,14.0966,573.165,19271.6,14.0966,649.938,24222,14.0966,736.839,30430.9,14.0966,835.202,38211.5,14.0966,946.539,47950.3,14.0966,1072.56,60122.8,14.0966,1215.21,75309.9,14.0966,1376.66,94216.2,14.0966,1559.41,117688,14.0966,1766.26,146729,14.0966,2000.39,182510,14.0966,2265.39,226372,14.0966,2565.33,279806,14.0966,2904.81,344416,14.0966,3289.05,421845,14.0966,3723.93,513667,14.0966,4216.13,621231,14.0966,4773.18,745478,14.0966,5403.64,886744,14.0966,6117.15,1.04457e+06,14.0966,6924.63,1.2176e+06,14.0966,11.7194,11.96,12.6541,13.9321,16.1295,13.6434,16.6097,21.9702,13.9553,19.7532,29.5285,14.0526,23.3844,39.1143,14.0829,27.5423,51.2054,14.0923,32.2796,66.434,14.0953,37.662,85.6061,14.0962,43.7675,109.74,14.0965,50.687,140.119,14.0966,58.5249,178.359,14.0966,67.4005,226.493,14.0966,77.4493,287.08,14.0966,88.8254,363.343,14.0966,101.703,459.336,14.0966,116.281,580.161,14.0966,132.782,732.241,14.0966,151.46,923.655,14.0966,172.603,1164.57,14.0966,196.535,1467.79,14.0966,223.625,1849.39,14.0966,254.288,2329.62,14.0966,288.997,2933.93,14.0966,328.285,3694.33,14.0966,372.755,4651.04,14.0966,423.092,5854.57,14.0966,480.07,7368.38,14.0966,544.564,9272.08,14.0966,617.566,11665.5,14.0966,700.197,14673.6,14.0966,793.729,18452.9,14.0966,899.599,23198.6,14.0966,1019.43,29154.1,14.0966,1155.07,36622.3,14.0966,1308.6,45977.9,14.0966,1482.39,57683.7,14.0966,1679.09,72307.8,14.0966,1901.73,90542.8,14.0966,2153.73,113226,14.0966,2438.97,141360,14.0966,2761.81,176127,14.0966,3127.22,218898,14.0966,3540.81,271226,14.0966,4008.92,334817,14.0966,4538.74,411470,14.0966,5138.38,502973,14.0966,5817.04,610948,14.0966,6585.12,736653,14.0966,7454.39,880741,14.0966,8438.15,1.04302e+06,14.0966,9551.45,1.22224e+06,14.0966,10811.3,1.41602e+06,14.0966,12237,1.62086e+06,14.0966,11.7194,11.96,12.6541,2.21263,4.16949,0.989383,2.67766,5.84076,0.311842,3.14343,7.55825,0.0972771,3.63127,9.58578,0.0303237,4.15787,12.0912,0.00945211,4.73731,15.2286,0.00294633,5.38238,19.1721,0.000918508,6.10553,24.134,0.000286163,6.91951,30.3791,8.92692e-05,7.83792,38.2397,2.78121e-05,8.87555,48.1338,8.65134e-06,10.0489,60.5876,2.7882e-06,11.3761,76.2629,8.29036e-07,12.8779,95.9927,2.4373e-07,14.5775,120.825,4.33068e-09,16.5012,152.08,1.75749e-07,18.6784,191.415,-1.86328e-07,21.1428,240.917,1.91829e-07,23.9322,303.213,-1.81475e-07,27.0895,381.602,7.0186e-08,30.6634,480.231,-2.86769e-08,34.7087,604.316,2.40784e-07,39.2876,760.401,9.87368e-08,44.4705,956.705,1.22263e-07,50.3371,1203.54,-4.31966e-07,56.9776,1513.81,-1.9705e-07,64.494,1903.69,-2.763e-08,73.0018,2393.4,3.9185e-07,82.6317,3008.13,1.35379e-07,93.5318,3779.25,-4.16351e-08,105.869,4745.7,2.06965e-08,119.834,5955.6,-3.18887e-07,135.641,7468.12,-1.48271e-08,153.531,9355.62,2.00739e-07,173.781,11705.8,2.28358e-07,196.701,14624.1,-1.93587e-08,222.642,18235,-2.88101e-07,252.003,22683.4,-2.24732e-07,285.234,28134,8.56806e-09,322.845,34767,2.34258e-07,365.413,42770.9,2.99668e-07,413.588,52327.9,8.28644e-08,468.111,63591.2,-3.07049e-07,529.814,76653.2,-3.1888e-07,599.642,91502.5,-6.72276e-08,678.662,107975,2.26339e-07,768.083,125705,3.69212e-07,869.267,144088,2.04077e-07,983.76,162277,-2.80509e-07,1113.3,179223,-4.22737e-07,1259.87,193777,-1.71951e-07,1425.68,204839,4.55555e-07,11.7194,11.96,12.6541,2.21263,4.16949,0.989383,2.67766,5.84076,0.311842,3.14343,7.55825,0.0972771,3.63127,9.58578,0.0303237,4.15787,12.0912,0.00945211,4.73731,15.2286,0.00294633,5.38238,19.1721,0.000918508,6.10553,24.134,0.000286163,6.91951,30.3791,8.92692e-05,7.83792,38.2397,2.78121e-05,8.87555,48.1338,8.65134e-06,10.0489,60.5876,2.7882e-06,11.3761,76.2629,8.29036e-07,12.8779,95.9927,2.4373e-07,14.5775,120.825,1e-08,16.5012,152.08,1.75749e-07,18.6784,191.415,1e-08,21.1428,240.917,1.91829e-07,23.9322,303.213,1e-08,27.0895,381.602,7.0186e-08,30.6634,480.231,1e-08,34.7087,604.316,2.40784e-07,39.2876,760.401,9.87368e-08,44.4705,956.705,1.22263e-07,50.3371,1203.54,1e-08,56.9776,1513.81,1e-08,64.494,1903.69,1e-08,73.0018,2393.4,3.9185e-07,82.6317,3008.13,1.35379e-07,93.5318,3779.25,1e-08,105.869,4745.7,2.06965e-08,119.834,5955.6,1e-08,135.641,7468.12,1e-08,153.531,9355.62,2.00739e-07,173.781,11705.8,2.28358e-07,196.701,14624.1,1e-08,222.642,18235,1e-08,252.003,22683.4,1e-08,285.234,28134,1e-08,322.845,34767,2.34258e-07,365.413,42770.9,2.99668e-07,413.588,52327.9,8.28644e-08,468.111,63591.2,1e-08,529.814,76653.2,1e-08,599.642,91502.5,1e-08,678.662,107975,2.26339e-07,768.083,125705,3.69212e-07,869.267,144088,2.04077e-07,983.76,162277,1e-08,1113.3,179223,1e-08,1259.87,193777,1e-08,1425.68,204839,4.55555e-07,6.2823,3.27286,2.43537,0.219672,6.18826,2.24117,0.56371,6.87772,2.63624,0.308279,8,9,17,0,3,1,5,3,0,0,10,0,5,12,0,4,9,0,3,17,0,3,24,0,9,15,0,5,25,0,9,33,0,16,18,0,8,100,0,11,48,0,10,68,0,4,154,0,17,111,0,7,191,0,8,235,0,13,325,0,50,512,0,70,429,0,41,711,0,43,928,0,27,1419,0,85,871,0,56,841,0,93,1458,0,61,1777,0,50,4568,0,98,4424,0,93,6911,0,87,9371,0,128,5141,0,161,8592,0,126,9836,0,318,8757,0,352,15138,0,87,11159,0,163,13777,0,315,59792,0,258,39450,0,281,58870,0,958,46263,0,696,68498,0,497,28695,0,1049,113710,0,472,72099,0,329,241025,0,546,43131,0,751,129970,0,1085,156059,0,2738,179253,0
-1.05176e+08,8.09535e-47,8.88811e-15,10,1023,0,1.05176e+08,0.528882,1.08665,0.389689,0.145397,0.379329,3.24381,0.161596,0.446195,1.77396,0.159177,1.15e+07,4.49998e+06,6.79999e+06,1.15e+07,4.49997e+06,6.79999e+06,1.15e+07,4.49996e+06,6.79999e+06,1.15e+07,4.49995e+06,6.79999e+06,1.14999e+07,4.49993e+06,6.79999e+06,1.14999e+07,4.49991e+06,6.79999e+06,1.14999e+07,4.49989e+06,6.79999e+06,1.14999e+07,4.49986e+06,6.79999e+06,1.14999e+07,4.49982e+06,6.79999e+06,1.14999e+07,4.49977e+06,6.79999e+06,1.14999e+07,4.49971e+06,6.79999e+06,1.14999e+07,4.49963e+06,6.79999e+06,1.14998e+07,4.49953e+06,6.79999e+06,1.14998e+07,4.49941e+06,6.79999e+06,1.14998e+07,4.49926e+06,6.79999e+06,1.14998e+07,4.49906e+06,6.79999e+06,1.14997e+07,4.49882e+06,6.79999e+06,1.14997e+07,4.49851e+06,6.79999e+06,1.14997e+07,4.49812e+06,6.79999e+06,1.14996e+07,4.49764e+06,6.79999e+06,1.14996e+07,4.49702e+06,6.79999e+06,1.14995e+07,4.49625e+06,6.79999e+06,1.14995e+07,4.49528e+06,6.79999e+06,1.14994e+07,4.49406e+06,6.79999e+06,1.14993e+07,4.49253e+06,6.79999e+06,1.14992e+07,4.49059e+06,6.79999e+06,1.14991e+07,4.48817e+06,6.79999e+06,1.1499e+07,4.48511e+06,6.79999e+06,1.14988e+07,4.48128e+06,6.79999e+06,1.14987e+07,4.47646e+06,6.79999e+06,1.14985e+07,4.47041e+06,6.79999e+06,1.14983e+07,4.46281e+06,6.79999e+06,1.14981e+07,4.4533e+06,6.79999e+06,1.14979e+07,4.44138e+06,6.79999e+06,1.14976e+07,4.42649e+06,6.79999e+06,1.14972e+07,4.40789e+06,6.79999e+06,1.14969e+07,4.38471e+06,6.79999e+06,1.14965e+07,4.35592e+06,6.79999e+06,1.1496e+07,4.32027e+06,6.79999e+06,1.14955e+07,4.27629e+06,6.79999e+06,1.14949e+07,4.22231e+06,6.79999e+06,1.14942e+07,4.15647e+06,6.79999e+06,1.14934e+07,4.07676e+06,6.79999e+06,1.14926e+07,3.98112e+06,6.79999e+06,1.14916e+07,3.86765e+06,6.79999e+06,1.14905e+07,3.73474e+06,6.79999e+06,1.14892e+07,3.58148e+06,6.79999e+06,1.14878e+07,3.40785e+06,6.79999e+06,1.14862e+07,3.21513e+06,6.79999e+06,1.14844e+07,3.00605e+06,6.79999e+06,1.14823e+07,2.7848e+06,6.79999e+06,1.148e+07,2.5568e+06,6.79999e+06,1.14773e+07,2.32825e+06,6.79999e+06,13.5742,8.52444,0.508366,16.8306,13.2585,0.162638,20.0035,17.569,0.0507846,23.2616,22.4214,0.0158319,26.7328,28.3297,0.00493498,30.5212,35.6974,0.00153831,34.7178,44.9473,0.000479527,39.4086,56.5822,0.000149456,44.6796,71.2245,4.66214e-05,50.6209,89.6543,1.45419e-05,57.3297,112.852,4.54748e-06,64.9129,142.051,1.43857e-06,73.4897,178.803,4.36618e-07,83.1934,225.062,1.40153e-07,94.1745,283.286,4.96378e-08,106.602,356.568,1.05434e-07,120.669,448.799,-6.49244e-08,136.59,564.873,1.70148e-07,154.611,710.948,-5.34594e-08,175.008,894.767,1.63407e-07,198.097,1126.06,8.04804e-08,224.231,1417.07,1.14667e-07,253.813,1783.15,-1.71227e-07,287.297,2243.62,-2.88466e-07,325.198,2822.67,-4.33651e-07,368.098,3550.67,7.9318e-08,416.657,4465.65,3.13319e-07,471.621,5615.16,3.4613e-07,533.835,7058.61,-1.19199e-07,604.255,8870.02,-2.79964e-07,683.962,11141.4,-2.30521e-07,774.182,13986.7,-2.55099e-07,876.299,17546.4,1.23585e-07,991.883,21993.1,1.41192e-07,1122.71,27536.7,-9.71886e-08,1270.78,34430.7,-3.68368e-07,1438.38,42977.7,-3.45379e-07,1628.07,53532.7,-3.25328e-09,1842.77,66504.6,2.6362e-07,2085.77,82350.2,2.53445e-07,2360.79,101560,-2.47407e-08,2672.05,124632,-3.80602e-07,3024.31,152018,-4.79005e-07,3422.98,184060,-1.14379e-07,3874.15,220884,2.64297e-07,4384.72,262283,3.44131e-07,4962.49,307576,7.5349e-08,5616.29,355497,-3.63097e-07,6356.1,404126,-6.05442e-07,7193.18,450932,-2.72333e-07,8140.28,492963,2.29675e-07,9211.79,527178,4.3387e-07,10424,550893,-1.0711e-07,10.102,8.06553,2.81012,10.6436,8.57909,0.869423,11.5336,10.2515,0.270869,12.7211,12.7138,0.0844293,14.1823,15.9373,0.0263173,15.9122,20.0383,0.0082035,17.9198,25.2154,0.00255722,20.2244,31.7373,0.000797017,22.8539,39.9486,0.000248622,25.8438,50.2851,7.75492e-05,29.237,63.2963,2.42508e-05,33.0837,79.6738,7.67162e-06,37.4415,100.288,2.32837e-06,42.3767,126.236,7.33e-07,47.9646,158.896,2.79256e-07,54.2906,200.003,9.87351e-09,61.452,251.741,1.61085e-07,69.5585,316.859,-2.47141e-07,78.7347,398.812,8.93552e-08,89.1218,501.948,-2.53231e-07,100.879,631.736,-1.25047e-07,114.188,795.049,-1.78808e-07,129.252,1000.53,2.6733e-07,146.304,1259.03,4.50292e-07,165.605,1584.19,6.76904e-07,187.452,1993.12,-1.23808e-07,212.181,2507.27,-4.89068e-07,240.173,3153.54,-5.40284e-07,271.856,3965.56,1.86061e-07,307.719,4985.38,4.37004e-07,348.313,6265.4,3.59828e-07,394.26,7870.83,3.98192e-07,446.268,9882.51,-1.92908e-07,505.135,12400.3,-2.20392e-07,571.766,15546.9,1.51705e-07,647.184,19472.2,5.74996e-07,732.547,24357.4,5.39112e-07,829.167,30420,5.07815e-09,938.526,37916.3,-4.11492e-07,1062.3,47143.9,-3.9561e-07,1202.4,58439.2,3.86185e-08,1360.96,72169.3,5.94093e-07,1540.42,88715.8,7.47693e-07,1743.53,108445,1.78537e-07,1973.41,131665,-4.12549e-07,2233.57,158557,-5.37164e-07,2528,189103,-1.17615e-07,2861.2,222986,5.66769e-07,3238.27,259510,9.45053e-07,3664.97,297540,4.25093e-07,4147.81,335497,-3.58506e-07,4694.17,371444,-6.7724e-07,5312.37,403256,1.67192e-07,1.61744,3.89446,9.84394,3.28846,7.5504,12.774,5.07607,11.7187,13.6844,7.03202,16.8147,13.9681,9.20215,23.1769,14.0566,11.6301,31.1672,14.0841,14.3598,41.2186,14.0927,17.4376,53.8688,14.0954,20.9137,69.7915,14.0962,24.8432,89.8341,14.0965,29.2879,115.063,14.0966,34.3168,146.819,14.0966,40.0078,186.792,14.0966,46.4487,237.107,14.0966,53.7388,300.44,14.0966,61.9903,380.158,14.0966,71.3301,480.499,14.0966,81.902,606.796,14.0966,93.8685,765.761,14.0966,107.414,965.837,14.0966,122.746,1217.65,14.0966,140.101,1534.57,14.0966,159.745,1933.41,14.0966,181.981,2435.3,14.0966,207.15,3066.85,14.0966,235.64,3861.46,14.0966,267.889,4861.11,14.0966,304.391,6118.54,14.0966,345.709,7699.91,14.0966,392.478,9688.22,14.0966,445.417,12187.5,14.0966,505.339,15327.7,14.0966,573.165,19271.6,14.0966,649.938,24222,14.0966,736.839,30430.9,14.0966,835.202,38211.5,14.0966,946.539,47950.3,14.0966,1072.56,60122.8,14.0966,1215.21,75309.9,14.0966,1376.66,94216.2,14.0966,1559.41,117688,14.0966,1766.26,146729,14.0966,2000.39,182510,14.0966,2265.39,226372,14.0966,2565.33,279806,14.0966,2904.81,344416,14.0966,3289.05,421845,14.0966,3723.93,513667,14.0966,4216.13,621231,14.0966,4773.18,745478,14.0966,5403.64,886744,14.0966,6117.15,1.04457e+06,14.0966,6924.63,1.2176e+06,14.0966,11.7194,11.96,12.6541,13.9321,16.1295,13.6434,16.6097,21.9702,13.9553,19.7532,29.5285,14.0526,23.3844,39.1143,14.0829,27.5423,51.2054,14.0923,32.2796,66.434,14.0953,37.662,85.6061,14.0962,43.7675,109.74,14.0965,50.687,140.119,14.0966,58.5249,178.359,14.0966,67.4005,226.493,14.0966,77.4493,287.08,14.0966,88.8254,363.343,14.0966,101.703,459.336,14.0966,116.281,580.161,14.0966,132.782,732.241,14.0966,151.46,923.655,14.0966,172.603,1164.57,14.0966,196.535,1467.79,14.0966,223.625,1849.39,14.0966,254.288,2329.62,14.0966,288.997,2933.93,14.0966,328.285,3694.33,14.0966,372.755,4651.04,14.0966,423.092,5854.57,14.0966,480.07,7368.38,14.0966,544.564,9272.08,14.0966,617.566,11665.5,14.0966,700.197,14673.6,14.0966,793.729,18452.9,14.0966,899.599,23198.6,14.0966,1019.43,29154.1,14.0966,1155.07,36622.3,14.0966,1308.6,45977.9,14.0966,1482.39,57683.7,14.0966,1679.09,72307.8,14.0966,1901.73,90542.8,14.0966,2153.73,113226,14.0966,2438.97,141360,14.0966,2761.81,176127,14.0966,3127.22,218898,14.0966,3540.81,271226,14.0966,4008.92,334817,14.0966,4538.74,411470,14.0966,5138.38,502973,14.0966,5817.04,610948,14.0966,6585.12,736653,14.0966,7454.39,880741,14.0966,8438.15,1.04302e+06,14.0966,9551.45,1.22224e+06,14.0966,10811.3,1.41602e+06,14.0966,12237,1.62086e+06,14.0966,11.7194,11.96,12.6541,2.21263,4.16949,0.989383,2.67766,5.84076,0.311842,3.14343,7.55825,0.0972771,3.63127,9.58578,0.0303237,4.15787,12.0912,0.00945211,4.73731,15.2286,0.00294633,5.38238,19.1721,0.000918508,6.10553,24.134,0.000286163,6.91951,30.3791,8.92692e-05,7.83792,38.2397,2.78121e-05,8.87555,48.1338,8.65134e-06,10.0489,60.5876,2.7882e-06,11.3761,76.2629,8.29036e-07,12.8779,95.9927,2.4373e-07,14.5775,120.825,4.33068e-09,16.5012,152.08,1.75749e-07,18.6784,191.415,-1.86328e-07,21.1428,240.917,1.91829e-07,23.9322,303.213,-1.81475e-07,27.0895,381.602,7.0186e-08,30.6634,480.231,-2.86769e-08,34.7087,604.316,2.40784e-07,39.2876,760.401,9.87368e-08,44.4705,956.705,1.22263e-07,50.3371,1203.54,-4.31966e-07,56.9776,1513.81,-1.9705e-07,64.494,1903.69,-2.763e-08,73.0018,2393.4,3.9185e-07,82.6317,3008.13,1.35379e-07,93.5318,3779.25,-4.16351e-08,105.869,4745.7,2.06965e-08,119.834,5955.6,-3.18887e-07,135.641,7468.12,-1.48271e-08,153.531,9355.62,2.00739e-07,173.781,11705.8,2.28358e-07,196.701,14624.1,-1.93587e-08,222.642,18235,-2.88101e-07,252.003,22683.4,-2.24732e-07,285.234,28134,8.56806e-09,322.845,34767,2.34258e-07,365.413,42770.9,2.99668e-07,413.588,52327.9,8.28644e-08,468.111,63591.2,-3.07049e-07,529.814,76653.2,-3.1888e-07,599.642,91502.5,-6.72276e-08,678.662,107975,2.26339e-07,768.083,125705,3.69212e-07,869.267,144088,2.04077e-07,983.76,162277,-2.80509e-07,1113.3,179223,-4.22737e-07,1259.87,193777,-1.71951e-07,1425.68,204839,4.55555e-07,11.7194,11.96,12.6541,2.21263,4.16949,0.989383,2.67766,5.84076,0.311842,3.14343,7.55825,0.0972771,3.63127,9.58578,0.0303237,4.15787,12.0912,0.00945211,4.73731,15.2286,0.00294633,5.38238,19.1721,0.000918508,6.10553,24.134,0.000286163,6.91951,30.3791,8.92692e-05,7.83792,38.2397,2.78121e-05,8.87555,48.1338,8.65134e-06,10.0489,60.5876,2.7882e-06,11.3761,76.2629,8.29036e-07,12.8779,95.9927,2.4373e-07,14.5775,120.825,1e-08,16.5012,152.08,1.75749e-07,18.6784,191.415,1e-08,21.1428,240.917,1.91829e-07,23.9322,303.213,1e-08,27.0895,381.602,7.0186e-08,30.6634,480.231,1e-08,34.7087,604.316,2.40784e-07,39.2876,760.401,9.87368e-08,44.4705,956.705,1.22263e-07,50.3371,1203.54,1e-08,56.9776,1513.81,1e-08,64.494,1903.69,1e-08,73.0018,2393.4,3.9185e-07,82.6317,3008.13,1.35379e-07,93.5318,3779.25,1e-08,105.869,4745.7,2.06965e-08,119.834,5955.6,1e-08,135.641,7468.12,1e-08,153.531,9355.62,2.00739e-07,173.781,11705.8,2.28358e-07,196.701,14624.1,1e-08,222.642,18235,1e-08,252.003,22683.4,1e-08,285.234,28134,1e-08,322.845,34767,2.34258e-07,365.413,42770.9,2.99668e-07,413.588,52327.9,8.28644e-08,468.111,63591.2,1e-08,529.814,76653.2,1e-08,599.642,91502.5,1e-08,678.662,107975,2.26339e-07,768.083,125705,3.69212e-07,869.267,144088,2.04077e-07,983.76,162277,1e-08,1113.3,179223,1e-08,1259.87,193777,1e-08,1425.68,204839,4.55555e-07,6.2823,3.27286,2.43537,0.219672,6.18826,2.24117,0.56371,6.87772,2.63624,0.308279,7,10,21,0,5,0,2,6,0,1,14,0,5,4,0,5,6,0,6,12,0,7,23,0,9,19,0,1,13,0,12,41,0,12,38,0,8,63,0,18,86,0,13,70,0,14,242,0,23,136,0,11,154,0,19,234,0,24,351,0,56,451,0,25,282,0,25,523,0,62,609,0,42,625,0,89,1126,0,49,997,0,92,1738,0,52,2986,0,95,1831,0,115,3274,0,164,4816,0,130,5939,0,253,4778,0,187,7581,0,110,8988,0,229,5703,0,194,11372,0,502,41134,0,215,10164,0,349,9751,0,334,49295,0,306,36868,0,451,32891,0,373,38391,0,408,76644,0,987,121697,0,616,168508,0,486,143451,0,854,226579,0,1353,75538,0,554,225248,0,2272,158295,0
-1.05176e+08,1,8.88811e-15,10,1023,0,1.05176e+08,0.528882,1.08665,0.389689,0.145397,0.379329,3.24381,0.161596,0.446195,1.77396,0.159177,1.15e+07,4.49998e+06,6.79999e+06,1.15e+07,4.49997e+06,6.79999e+06,1.15e+07,4.49996e+06,6.79999e+06,1.15e+07,4.49995e+06,6.79999e+06,1.14999e+07,4.49993e+06,6.79999e+06,1.14999e+07,4.49991e+06,6.79999e+06,1.14999e+07,4.49989e+06,6.79999e+06,1.14999e+07,4.49986e+06,6.79999e+06,1.14999e+07,4.49982e+06,6.79999e+06,1.14999e+07,4.49977e+06,6.79999e+06,1.14999e+07,4.49971e+06,6.79999e+06,1.14999e+07,4.49963e+06,6.79999e+06,1.14998e+07,4.49953e+06,6.79999e+06,1.14998e+07,4.49941e+06,6.79999e+06,1.14998e+07,4.49926e+06,6.79999e+06,1.14998e+07,4.49906e+06,6.79999e+06,1.14997e+07,4.49882e+06,6.79999e+06,1.14997e+07,4.49851e+06,6.79999e+06,1.14997e+07,4.49812e+06,6.79999e+06,1.14996e+07,4.49764e+06,6.79999e+06,1.14996e+07,4.49702e+06,6.79999e+06,1.14995e+07,4.49625e+06,6.79999e+06,1.14995e+07,4.49528e+06,6.79999e+06,1.14994e+07,4.49406e+06,6.79999e+06,1.14993e+07,4.49253e+06,6.79999e+06,1.14992e+07,4.49059e+06,6.79999e+06,1.14991e+07,4.48817e+06,6.79999e+06,1.1499e+07,4.48511e+06,6.79999e+06,1.14988e+07,4.48128e+06,6.79999e+06,1.14987e+07,4.47646e+06,6.79999e+06,1.14985e+07,4.47041e+06,6.79999e+06,1.14983e+07,4.46281e+06,6.79999e+06,1.14981e+07,4.4533e+06,6.79999e+06,1.14979e+07,4.44138e+06,6.79999e+06,1.14976e+07,4.42649e+06,6.79999e+06,1.14972e+07,4.40789e+06,6.79999e+06,1.14969e+07,4.38471e+06,6.79999e+06,1.14965e+07,4.35592e+06,6.79999e+06,1.1496e+07,4.32027e+06,6.79999e+06,1.14955e+07,4.27629e+06,6.79999e+06,1.14949e+07,4.22231e+06,6.79999e+06,1.14942e+07,4.15647e+06,6.79999e+06,1.14934e+07,4.07676e+06,6.79999e+06,1.14926e+07,3.98112e+06,6.79999e+06,1.14916e+07,3.86765e+06,6.79999e+06,1.14905e+07,3.73474e+06,6.79999e+06,1.14892e+07,3.58148e+06,6.79999e+06,1.14878e+07,3.40785e+06,6.79999e+06,1.14862e+07,3.21513e+06,6.79999e+06,1.14844e+07,3.00605e+06,6.79999e+06,1.14823e+07,2.7848e+06,6.79999e+06,1.148e+07,2.5568e+06,6.79999e+06,1.14773e+07,2.32825e+06,6.79999e+06,13.5742,8.52444,0.508366,16.8306,13.2585,0.162638,20.0035,17.569,0.0507846,23.2616,22.4214,0.0158319,26.7328,28.3297,0.00493498,30.5212,35.6974,0.00153831,34.7178,44.9473,0.000479527,39.4086,56.5822,0.000149456,44.6796,71.2245,4.66214e-05,50.6209,89.6543,1.45419e-05,57.3297,112.852,4.54748e-06,64.9129,142.051,1.43857e-06,73.4897,178.803,4.36618e-07,83.1934,225.062,1.40153e-07,94.1745,283.286,4.96378e-08,106.602,356.568,1.05434e-07,120.669,448.799,-6.49244e-08,136.59,564.873,1.70148e-07,154.611,710.948,-5.34594e-08,175.008,894.767,1.63407e-07,198.097,1126.06,8.04804e-08,224.231,1417.07,1.14667e-07,253.813,1783.15,-1.71227e-07,287.297,2243.62,-2.88466e-07,325.198,2822.67,-4.33651e-07,368.098,3550.67,7.9318e-08,416.657,4465.65,3.13319e-07,471.621,5615.16,3.4613e-07,533.835,7058.61,-1.19199e-07,604.255,8870.02,-2.79964e-07,683.962,11141.4,-2.30521e-07,774.182,13986.7,-2.55099e-07,876.299,17546.4,1.23585e-07,991.883,21993.1,1.41192e-07,1122.71,27536.7,-9.71886e-08,1270.78,34430.7,-3.68368e-07,1438.38,42977.7,-3.45379e-07,1628.07,53532.7,-3.25328e-09,1842.77,66504.6,2.6362e-07,2085.77,82350.2,2.53445e-07,2360.79,101560,-2.47407e-08,2672.05,124632,-3.80602e-07,3024.31,152018,-4.79005e-07,3422.98,184060,-1.14379e-07,3874.15,220884,2.64297e-07,4384.72,262283,3.44131e-07,4962.49,307576,7.5349e-08,5616.29,355497,-3.63097e-07,6356.1,404126,-6.05442e-07,7193.18,450932,-2.72333e-07,8140.28,492963,2.29675e-07,9211.79,527178,4.3387e-07,10424,550893,-1.0711e-07,10.102,8.06553,2.81012,10.6436,8.57909,0.869423,11.5336,10.2515,0.270869,12.7211,12.7138,0.0844293,14.1823,15.9373,0.0263173,15.9122,20.0383,0.0082035,17.9198,25.2154,0.00255722,20.2244,31.7373,0.000797017,22.8539,39.9486,0.000248622,25.8438,50.2851,7.75492e-05,29.237,63.2963,2.42508e-05,33.0837,79.6738,7.67162e-06,37.4415,100.288,2.32837e-06,42.3767,126.236,7.33e-07,47.9646,158.896,2.79256e-07,54.2906,200.003,9.87351e-09,61.452,251.741,1.61085e-07,69.5585,316.859,-2.47141e-07,78.7347,398.812,8.93552e-08,89.1218,501.948,-2.53231e-07,100.879,631.736,-1.25047e-07,114.188,795.049,-1.78808e-07,129.252,1000.53,2.6733e-07,146.304,1259.03,4.50292e-07,165.605,1584.19,6.76904e-07,187.452,1993.12,-1.23808e-07,212.181,2507.27,-4.89068e-07,240.173,3153.54,-5.40284e-07,271.856,3965.56,1.86061e-07,307.719,4985.38,4.37004e-07,348.313,6265.4,3.59828e-07,394.26,7870.83,3.98192e-07,446.268,9882.51,-1.92908e-07,505.135,12400.3,-2.20392e-07,571.766,15546.9,1.51705e-07,647.184,19472.2,5.74996e-07,732.547,24357.4,5.39112e-07,829.167,30420,5.07815e-09,938.526,37916.3,-4.11492e-07,1062.3,47143.9,-3.9561e-07,1202.4,58439.2,3.86185e-08,1360.96,72169.3,5.94093e-07,1540.42,88715.8,7.47693e-07,1743.53,108445,1.78537e-07,1973.41,131665,-4.12549e-07,2233.57,158557,-5.37164e-07,2528,189103,-1.17615e-07,2861.2,222986,5.66769e-07,3238.27,259510,9.45053e-07,3664.97,297540,4.25093e-07,4147.81,335497,-3.58506e-07,4694.17,371444,-6.7724e-07,5312.37,403256,1.67192e-07,1.61744,3.89446,9.84394,3.28846,7.5504,12.774,5.07607,11.7187,13.6844,7.03202,16.8147,13.9681,9.20215,23.1769,14.0566,11.6301,31.1672,14.0841,14.3598,41.2186,14.0927,17.4376,53.8688,14.0954,20.9137,69.7915,14.0962,24.8432,89.8341,14.0965,29.2879,115.063,14.0966,34.3168,146.819,14.0966,40.0078,186.792,14.0966,46.4487,237.107,14.0966,53.7388,300.44,14.0966,61.9903,380.158,14.0966,71.3301,480.499,14.0966,81.902,606.796,14.0966,93.8685,765.761,14.0966,107.414,965.837,14.0966,122.746,1217.65,14.0966,140.101,1534.57,14.0966,159.745,1933.41,14.0966,181.981,2435.3,14.0966,207.15,3066.85,14.0966,235.64,3861.46,14.0966,267.889,4861.11,14.0966,304.391,6118.54,14.0966,345.709,7699.91,14.0966,392.478,9688.22,14.0966,445.417,12187.5,14.0966,505.339,15327.7,14.0966,573.165,19271.6,14.0966,649.938,24222,14.0966,736.839,30430.9,14.0966,835.202,38211.5,14.0966,946.539,47950.3,14.0966,1072.56,60122.8,14.0966,1215.21,75309.9,14.0966,1376.66,94216.2,14.0966,1559.41,117688,14.0966,1766.26,146729,14.0966,2000.39,182510,14.0966,2265.39,226372,14.0966,2565.33,279806,14.0966,2904.81,344416,14.0966,3289.05,421845,14.0966,3723.93,513667,14.0966,4216.13,621231,14.0966,4773.18,745478,14.0966,5403.64,886744,14.0966,6117.15,1.04457e+06,14.0966,6924.63,1.2176e+06,14.0966,11.7194,11.96,12.6541,13.9321,16.1295,13.6434,16.6097,21.9702,13.9553,19.7532,29.5285,14.0526,23.3844,39.1143,14.0829,27.5423,51.2054,14.0923,32.2796,66.434,14.0953,37.662,85.6061,14.0962,43.7675,109.74,14.0965,50.687,140.119,14.0966,58.5249,178.359,14.0966,67.4005,226.493,14.0966,77.4493,287.08,14.0966,88.8254,363.343,14.0966,101.703,459.336,14.0966,116.281,580.161,14.0966,132.782,732.241,14.0966,151.46,923.655,14.0966,172.603,1164.57,14.0966,196.535,1467.79,14.0966,223.625,1849.39,14.0966,254.288,2329.62,14.0966,288.997,2933.93,14.0966,328.285,3694.33,14.0966,372.755,4651.04,14.0966,423.092,5854.57,14.0966,480.07,7368.38,14.0966,544.564,9272.08,14.0966,617.566,11665.5,14.0966,700.197,14673.6,14.0966,793.729,18452.9,14.0966,899.599,23198.6,14.0966,1019.43,29154.1,14.0966,1155.07,36622.3,14.0966,1308.6,45977.9,14.0966,1482.39,57683.7,14.0966,1679.09,72307.8,14.0966,1901.73,90542.8,14.0966,2153.73,113226,14.0966,2438.97,141360,14.0966,2761.81,176127,14.0966,3127.22,218898,14.0966,3540.81,271226,14.0966,4008.92,334817,14.0966,4538.74,411470,14.0966,5138.38,502973,14.0966,5817.04,610948,14.0966,6585.12,736653,14.0966,7454.39,880741,14.0966,8438.15,1.04302e+06,14.0966,9551.45,1.22224e+06,14.0966,10811.3,1.41602e+06,14.0966,12237,1.62086e+06,14.0966,11.7194,11.96,12.6541,2.21263,4.16949,0.989383,2.67766,5.84076,0.311842,3.14343,7.55825,0.0972771,3.63127,9.58578,0.0303237,4.15787,12.0912,0.00945211,4.73731,15.2286,0.00294633,5.38238,19.1721,0.000918508,6.10553,24.134,0.000286163,6.91951,30.3791,8.92692e-05,7.83792,38.2397,2.78121e-05,8.87555,48.1338,8.65134e-06,10.0489,60.5876,2.7882e-06,11.3761,76.2629,8.29036e-07,12.8779,95.9927,2.4373e-07,14.5775,120.825,4.33068e-09,16.5012,152.08,1.75749e-07,18.6784,191.415,-1.86328e-07,21.1428,240.917,1.91829e-07,23.9322,303.213,-1.81475e-07,27.0895,381.602,7.0186e-08,30.6634,480.231,-2.86769e-08,34.7087,604.316,2.40784e-07,39.2876,760.401,9.87368e-08,44.4705,956.705,1.22263e-07,50.3371,1203.54,-4.31966e-07,56.9776,1513.81,-1.9705e-07,64.494,1903.69,-2.763e-08,73.0018,2393.4,3.9185e-07,82.6317,3008.13,1.35379e-07,93.5318,3779.25,-4.16351e-08,105.869,4745.7,2.06965e-08,119.834,5955.6,-3.18887e-07,135.641,7468.12,-1.48271e-08,153.531,9355.62,2.00739e-07,173.781,11705.8,2.28358e-07,196.701,14624.1,-1.93587e-08,222.642,18235,-2.88101e-07,252.003,22683.4,-2.24732e-07,285.234,28134,8.56806e-09,322.845,34767,2.34258e-07,365.413,42770.9,2.99668e-07,413.588,52327.9,8.28644e-08,468.111,63591.2,-3.07049e-07,529.814,76653.2,-3.1888e-07,599.642,91502.5,-6.72276e-08,678.662,107975,2.26339e-07,768.083,125705,3.69212e-07,869.267,144088,2.04077e-07,983.76,162277,-2.80509e-07,1113.3,179223,-4.22737e-07,1259.87,193777,-1.71951e-07,1425.68,204839,4.55555e-07,11.7194,11.96,12.6541,2.21263,4.16949,0.989383,2.67766,5.84076,0.311842,3.14343,7.55825,0.0972771,3.63127,9.58578,0.0303237,4.15787,12.0912,0.00945211,4.73731,15.2286,0.00294633,5.38238,19.1721,0.000918508,6.10553,24.134,0.000286163,6.91951,30.3791,8.92692e-05,7.83792,38.2397,2.78121e-05,8.87555,48.1338,8.65134e-06,10.0489,60.5876,2.7882e-06,11.3761,76.2629,8.29036e-07,12.8779,95.9927,2.4373e-07,14.5775,120.825,1e-08,16.5012,152.08,1.75749e-07,18.6784,191.415,1e-08,21.1428,240.917,1.91829e-07,23.9322,303.213,1e-08,27.0895,381.602,7.0186e-08,30.6634,480.231,1e-08,34.7087,604.316,2.40784e-07,39.2876,760.401,9.87368e-08,44.4705,956.705,1.22263e-07,50.3371,1203.54,1e-08,56.9776,1513.81,1e-08,64.494,1903.69,1e-08,73.0018,2393.4,3.9185e-07,82.6317,3008.13,1.35379e-07,93.5318,3779.25,1e-08,105.869,4745.7,2.06965e-08,119.834,5955.6,1e-08,135.641,7468.12,1e-08,153.531,9355.62,2.00739e-07,173.781,11705.8,2.28358e-07,196.701,14624.1,1e-08,222.642,18235,1e-08,252.003,22683.4,1e-08,285.234,28134,1e-08,322.845,34767,2.34258e-07,365.413,42770.9,2.99668e-07,413.588,52327.9,8.28644e-08,468.111,63591.2,1e-08,529.814,76653.2,1e-08,599.642,91502.5,1e-08,678.662,107975,2.26339e-07,768.083,125705,3.69212e-07,869.267,144088,2.04077e-07,983.76,162277,1e-08,1113.3,179223,1e-08,1259.87,193777,1e-08,1425.68,204839,4.55555e-07,6.2823,3.27286,2.43537,0.219672,6.18826,2.24117,0.56371,6.87772,2.63624,0.308279,9,17,11,6,7,1,1,2,0,2,9,0,1,18,0,1,13,0,4,19,0,3,16,0,4,26,0,2,27,0,10,56,0,18,61,0,9,45,0,9,114,0,8,30,0,8,108,0,16,108,0,8,191,0,12,273,0,15,160,0,25,390,0,29,377,0,16,328,0,39,1215,0,60,956,0,37,634,0,25,2252,0,36,2725,0,69,1155,0,89,1660,0,61,6428,0,165,3532,0,115,3732,0,120,10200,0,128,11599,0,137,10283,0,200,14175,0,187,10820,0,201,8006,0,342,33737,0,267,39025,0,324,48826,0,206,49900,0,234,94455,0,427,71652,0,672,86768,0,714,92960,0,1001,133699,0,652,90199,0,1075,156177,0,705,50294,0,1302,263234,0,1451,245199,0
-1.05176e+08,1,8.88811e-15,10,1023,0,1.05176e+08,0.528882,1.08665,0.389689,0.145397,0.379329,3.24381,0.161596,0.446195,1.77396,0.159177,1.15e+07,4.49998e+06,6.79999e+06,1.15e+07,4.49997e+06,6.79999e+06,1.15e+07,4.49996e+06,6.79999e+06,1.15e+07,4.49995e+06,6.79999e+06,1.14999e+07,4.49993e+06,6.79999e+06,1.14999e+07,4.49991e+06,6.79999e+06,1.14999e+07,4.49989e+06,6.79999e+06,1.14999e+07,4.49986e+06,6.79999e+06,1.14999e+07,4.49982e+06,6.79999e+06,1.14999e+07,4.49977e+06,6.79999e+06,1.14999e+07,4.49971e+06,6.79999e+06,1.14999e+07,4.49963e+06,6.79999e+06,1.14998e+07,4.49953e+06,6.79999e+06,1.14998e+07,4.49941e+06,6.79999e+06,1.14998e+07,4.49926e+06,6.79999e+06,1.14998e+07,4.49906e+06,6.79999e+06,1.14997e+07,4.49882e+06,6.79999e+06,1.14997e+07,4.49851e+06,6.79999e+06,1.14997e+07,4.49812e+06,6.79999e+06,1.14996e+07,4.49764e+06,6.79999e+06,1.14996e+07,4.49702e+06,6.79999e+06,1.14995e+07,4.49625e+06,6.79999e+06,1.14995e+07,4.49528e+06,6.79999e+06,1.14994e+07,4.49406e+06,6.79999e+06,1.14993e+07,4.49253e+06,6.79999e+06,1.14992e+07,4.49059e+06,6.79999e+06,1.14991e+07,4.48817e+06,6.79999e+06,1.1499e+07,4.48511e+06,6.79999e+06,1.14988e+07,4.48128e+06,6.79999e+06,1.14987e+07,4.47646e+06,6.79999e+06,1.14985e+07,4.47041e+06,6.79999e+06,1.14983e+07,4.46281e+06,6.79999e+06,1.14981e+07,4.4533e+06,6.79999e+06,1.14979e+07,4.44138e+06,6.79999e+06,1.14976e+07,4.42649e+06,6.79999e+06,1.14972e+07,4.40789e+06,6.79999e+06,1.14969e+07,4.38471e+06,6.79999e+06,1.14965e+07,4.35592e+06,6.79999e+06,1.1496e+07,4.32027e+06,6.79999e+06,1.14955e+07,4.27629e+06,6.79999e+06,1.14949e+07,4.22231e+06,6.79999e+06,1.14942e+07,4.15647e+06,6.79999e+06,1.14934e+07,4.07676e+06,6.79999e+06,1.14926e+07,3.98112e+06,6.79999e+06,1.14916e+07,3.86765e+06,6.79999e+06,1.14905e+07,3.73474e+06,6.79999e+06,1.14892e+07,3.58148e+06,6.79999e+06,1.14878e+07,3.40785e+06,6.79999e+06,1.14862e+07,3.21513e+06,6.79999e+06,1.14844e+07,3.00605e+06,6.79999e+06,1.14823e+07,2.7848e+06,6.79999e+06,1.148e+07,2.5568e+06,6.79999e+06,1.14773e+07,2.32825e+06,6.79999e+06,13.5742,8.52444,0.508366,16.8306,13.2585,0.162638,20.0035,17.569,0.0507846,23.2616,22.4214,0.0158319,26.7328,28.3297,0.00493498,30.5212,35.6974,0.00153831,34.7178,44.9473,0.000479527,39.4086,56.5822,0.000149456,44.6796,71.2245,4.66214e-05,50.6209,89.6543,1.45419e-05,57.3297,112.852,4.54748e-06,64.9129,142.051,1.43857e-06,73.4897,178.803,4.36618e-07,83.1934,225.062,1.40153e-07,94.1745,283.286,4.96378e-08,106.602,356.568,1.05434e-07,120.669,448.799,-6.49244e-08,136.59,564.873,1.70148e-07,154.611,710.948,-5.34594e-08,175.008,894.767,1.63407e-07,198.097,1126.06,8.04804e-08,224.231,1417.07,1.14667e-07,253.813,1783.15,-1.71227e-07,287.297,2243.62,-2.88466e-07,325.198,2822.67,-4.33651e-07,368.098,3550.67,7.9318e-08,416.657,4465.65,3.13319e-07,471.621,5615.16,3.4613e-07,533.835,7058.61,-1.19199e-07,604.255,8870.02,-2.79964e-07,683.962,11141.4,-2.30521e-07,774.182,13986.7,-2.55099e-07,876.299,17546.4,1.23585e-07,991.883,21993.1,1.41192e-07,1122.71,27536.7,-9.71886e-08,1270.78,34430.7,-3.68368e-07,1438.38,42977.7,-3.45379e-07,1628.07,53532.7,-3.25328e-09,1842.77,66504.6,2.6362e-07,2085.77,82350.2,2.53445e-07,2360.79,101560,-2.47407e-08,2672.05,124632,-3.80602e-07,3024.31,152018,-4.79005e-07,3422.98,184060,-1.14379e-07,3874.15,220884,2.64297e-07,4384.72,262283,3.44131e-07,4962.49,307576,7.5349e-08,5616.29,355497,-3.63097e-07,6356.1,404126,-6.05442e-07,7193.18,450932,-2.72333e-07,8140.28,492963,2.29675e-07,9211.79,527178,4.3387e-07,10424,550893,-1.0711e-07,10.102,8.06553,2.81012,10.6436,8.57909,0.869423,11.5336,10.2515,0.270869,12.7211,12.7138,0.0844293,14.1823,15.9373,0.0263173,15.9122,20.0383,0.0082035,17.9198,25.2154,0.00255722,20.2244,31.7373,0.000797017,22.8539,39.9486,0.000248622,25.8438,50.2851,7.75492e-05,29.237,63.2963,2.42508e-05,33.0837,79.6738,7.67162e-06,37.4415,100.288,2.32837e-06,42.3767,126.236,7.33e-07,47.9646,158.896,2.79256e-07,54.2906,200.003,9.87351e-09,61.452,251.741,1.61085e-07,69.5585,316.859,-2.47141e-07,78.7347,398.812,8.93552e-08,89.1218,501.948,-2.53231e-07,100.879,631.736,-1.25047e-07,114.188,795.049,-1.78808e-07,129.252,1000.53,2.6733e-07,146.304,1259.03,4.50292e-07,165.605,1584.19,6.76904e-07,187.452,1993.12,-1.23808e-07,212.181,2507.27,-4.89068e-07,240.173,3153.54,-5.40284e-07,271.856,3965.56,1.86061e-07,307.719,4985.38,4.37004e-07,348.313,6265.4,3.59828e-07,394.26,7870.83,3.98192e-07,446.268,9882.51,-1.92908e-07,505.135,12400.3,-2.20392e-07,571.766,15546.9,1.51705e-07,647.184,19472.2,5.74996e-07,732.547,24357.4,5.39112e-07,829.167,30420,5.07815e-09,938.526,37916.3,-4.11492e-07,1062.3,47143.9,-3.9561e-07,1202.4,58439.2,3.86185e-08,1360.96,72169.3,5.94093e-07,1540.42,88715.8,7.47693e-07,1743.53,108445,1.78537e-07,1973.41,131665,-4.12549e-07,2233.57,158557,-5.37164e-07,2528,189103,-1.17615e-07,2861.2,222986,5.66769e-07,3238.27,259510,9.45053e-07,3664.97,297540,4.25093e-07,4147.81,335497,-3.58506e-07,4694.17,371444,-6.7724e-07,5312.37,403256,1.67192e-07,1.61744,3.89446,9.84394,3.28846,7.5504,12.774,5.07607,11.7187,13.6844,7.03202,16.8147,13.9681,9.20215,23.1769,14.0566,11.6301,31.1672,14.0841,14.3598,41.2186,14.0927,17.4376,53.8688,14.0954,20.9137,69.7915,14.0962,24.8432,89.8341,14.0965,29.2879,115.063,14.0966,34.3168,146.819,14.0966,40.0078,186.792,14.0966,46.4487,237.107,14.0966,53.7388,300.44,14.0966,61.9903,380.158,14.0966,71.3301,480.499,14.0966,81.902,606.796,14.0966,93.8685,765.761,14.0966,107.414,965.837,14.0966,122.746,1217.65,14.0966,140.101,1534.57,14.0966,159.745,1933.41,14.0966,181.981,2435.3,14.0966,207.15,3066.85,14.0966,235.64,3861.46,14.0966,267.889,4861.11,14.0966,304.391,6118.54,14.0966,345.709,7699.91,14.0966,392.478,9688.22,14.0966,445.417,12187.5,14.0966,505.339,15327.7,14.0966,573.165,19271.6,14.0966,649.938,24222,14.0966,736.839,30430.9,14.0966,835.202,38211.5,14.0966,946.539,47950.3,14.0966,1072.56,60122.8,14.0966,1215.21,75309.9,14.0966,1376.66,94216.2,14.0966,1559.41,117688,14.0966,1766.26,146729,14.0966,2000.39,182510,14.0966,2265.39,226372,14.0966,2565.33,279806,14.0966,2904.81,344416,14.0966,3289.05,421845,14.0966,3723.93,513667,14.0966,4216.13,621231,14.0966,4773.18,745478,14.0966,5403.64,886744,14.0966,6117.15,1.04457e+06,14.0966,6924.63,1.2176e+06,14.0966,11.7194,11.96,12.6541,13.9321,16.1295,13.6434,16.6097,21.9702,13.9553,19.7532,29.5285,14.0526,23.3844,39.1143,14.0829,27.5423,51.2054,14.0923,32.2796,66.434,14.0953,37.662,85.6061,14.0962,43.7675,109.74,14.0965,50.687,140.119,14.0966,58.5249,178.359,14.0966,67.4005,226.493,14.0966,77.4493,287.08,14.0966,88.8254,363.343,14.0966,101.703,459.336,14.0966,116.281,580.161,14.0966,132.782,732.241,14.0966,151.46,923.655,14.0966,172.603,1164.57,14.0966,196.535,1467.79,14.0966,223.625,1849.39,14.0966,254.288,2329.62,14.0966,288.997,2933.93,14.0966,328.285,3694.33,14.0966,372.755,4651.04,14.0966,423.092,5854.57,14.0966,480.07,7368.38,14.0966,544.564,9272.08,14.0966,617.566,11665.5,14.0966,700.197,14673.6,14.0966,793.729,18452.9,14.0966,899.599,23198.6,14.0966,1019.43,29154.1,14.0966,1155.07,36622.3,14.0966,1308.6,45977.9,14.0966,1482.39,57683.7,14.0966,1679.09,72307.8,14.0966,1901.73,90542.8,14.0966,2153.73,113226,14.0966,2438.97,141360,14.0966,2761.81,176127,14.0966,3127.22,218898,14.0966,3540.81,271226,14.0966,4008.92,334817,14.0966,4538.74,411470,14.0966,5138.38,502973,14.0966,5817.04,610948,14.0966,6585.12,736653,14.0966,7454.39,880741,14.0966,8438.15,1.04302e+06,14.0966,9551.45,1.22224e+06,14.0966,10811.3,1.41602e+06,14.0966,12237,1.62086e+06,14.0966,11.7194,11.96,12.6541,2.21263,4.16949,0.989383,2.67766,5.84076,0.311842,3.14343,7.55825,0.0972771,3.63127,9.58578,0.0303237,4.15787,12.0912,0.00945211,4.73731,15.2286,0.00294633,5.38238,19.1721,0.000918508,6.10553,24.134,0.000286163,6.91951,30.3791,8.92692e-05,7.83792,38.2397,2.78121e-05,8.87555,48.1338,8.65134e-06,10.0489,60.5876,2.7882e-06,11.3761,76.2629,8.29036e-07,12.8779,95.9927,2.4373e-07,14.5775,120.825,4.33068e-09,16.5012,152.08,1.75749e-07,18.6784,191.415,-1.86328e-07,21.1428,240.917,1.91829e-07,23.9322,303.213,-1.81475e-07,27.0895,381.602,7.0186e-08,30.6634,480.231,-2.86769e-08,34.7087,604.316,2.40784e-07,39.2876,760.401,9.87368e-08,44.4705,956.705,1.22263e-07,50.3371,1203.54,-4.31966e-07,56.9776,1513.81,-1.9705e-07,64.494,1903.69,-2.763e-08,73.0018,2393.4,3.9185e-07,82.6317,3008.13,1.35379e-07,93.5318,3779.25,-4.16351e-08,105.869,4745.7,2.06965e-08,119.834,5955.6,-3.18887e-07,135.641,7468.12,-1.48271e-08,153.531,9355.62,2.00739e-07,173.781,11705.8,2.28358e-07,196.701,14624.1,-1.93587e-08,222.642,18235,-2.88101e-07,252.003,22683.4,-2.24732e-07,285.234,28134,8.56806e-09,322.845,34767,2.34258e-07,365.413,42770.9,2.99668e-07,413.588,52327.9,8.28644e-08,468.111,63591.2,-3.07049e-07,529.814,76653.2,-3.1888e-07,599.642,91502.5,-6.72276e-08,678.662,107975,2.26339e-07,768.083,125705,3.69212e-07,869.267,144088,2.04077e-07,983.76,162277,-2.80509e-07,1113.3,179223,-4.22737e-07,1259.87,193777,-1.71951e-07,1425.68,204839,4.55555e-07,11.7194,11.96,12.6541,2.21263,4.16949,0.989383,2.67766,5.84076,0.311842,3.14343,7.55825,0.0972771,3.63127,9.58578,0.0303237,4.15787,12.0912,0.00945211,4.73731,15.2286,0.00294633,5.38238,19.1721,0.000918508,6.10553,24.134,0.000286163,6.91951,30.3791,8.92692e-05,7.83792,38.2397,2.78121e-05,8.87555,48.1338,8.65134e-06,10.0489,60.5876,2.7882e-06,11.3761,76.2629,8.29036e-07,12.8779,95.9927,2.4373e-07,14.5775,120.825,1e-08,16.5012,152.08,1.75749e-07,18.6784,191.415,1e-08,21.1428,240.917,1.91829e-07,23.9322,303.213,1e-08,27.0895,381.602,7.0186e-08,30.6634,480.231,1e-08,34.7087,604.316,2.40784e-07,39.2876,760.401,9.87368e-08,44.4705,956.705,1.22263e-07,50.3371,1203.54,1e-08,56.9776,1513.81,1e-08,64.494,1903.69,1e-08,73.0018,2393.4,3.9185e-07,82.6317,3008.13,1.35379e-07,93.5318,3779.25,1e-08,105.869,4745.7,2.06965e-08,119.834,5955.6,1e-08,135.641,7468.12,1e-08,153.531,9355.62,2.00739e-07,173.781,11705.8,2.28358e-07,196.701,14624.1,1e-08,222.642,18235,1e-08,252.003,22683.4,1e-08,285.234,28134,1e-08,322.845,34767,2.34258e-07,365.413,42770.9,2.99668e-07,413.588,52327.9,8.28644e-08,468.111,63591.2,1e-08,529.814,76653.2,1e-08,599.642,91502.5,1e-08,678.662,107975,2.26339e-07,768.083,125705,3.69212e-07,869.267,144088,2.04077e-07,983.76,162277,1e-08,1113.3,179223,1e-08,1259.87,193777,1e-08,1425.68,204839,4.55555e-07,6.2823,3.27286,2.43537,0.219672,6.18826,2.24117,0.56371,6.87772,2.63624,0.308279,11,9,9,3,6,3,3,14,0,3,5,0,4,18,0,6,10,0,1,6,0,3,19,0,1,28,0,3,39,0,6,35,0,5,39,0,22,55,0,5,66,0,8,76,0,16,202,0,23,245,0,14,163,0,26,192,0,46,202,0,25,295,0,29,722,0,36,546,0,28,941,0,33,1419,0,52,1043,0,134,1298,0,61,1492,0,58,5299,0,62,2530,0,80,3780,0,109,3918,0,127,8346,0,174,5106,0,135,4545,0,77,24837,0,230,8406,0,285,31200,0,241,19093,0,173,46656,0,398,36356,0,336,26461,0,245,48721,0,746,80393,0,899,78016,0,640,165794,0,600,160025,0,520,110024,0,577,177304,0,1200,225038,0,535,162345,0,524,207942,0,693,160139,0
-1.05176e+08,1,8.88811e-15,10,1023,0,1.05176e+08,0.528882,1.08665,0.389689,0.145397,0.379329,3.24381,0.161596,0.446195,1.77396,0.159177,1.15e+07,4.49998e+06,6.79999e+06,1.15e+07,4.49997e+06,6.79999e+06,1.15e+07,4.49996e+06,6.79999e+06,1.15e+07,4.49995e+06,6.79999e+06,1.14999e+07,4.49993e+06,6.79999e+06,1.14999e+07,4.49991e+06,6.79999e+06,1.14999e+07,4.49989e+06,6.79999e+06,1.14999e+07,4.49986e+06,6.79999e+06,1.14999e+07,4.49982e+06,6.79999e+06,1.14999e+07,4.49977e+06,6.79999e+06,1.14999e+07,4.49971e+06,6.79999e+06,1.14999e+07,4.49963e+06,6.79999e+06,1.14998e+07,4.49953e+06,6.79999e+06,1.14998e+07,4.49941e+06,6.79999e+06,1.14998e+07,4.49926e+06,6.79999e+06,1.14998e+07,4.49906e+06,6.79999e+06,1.14997e+07,4.49882e+06,6.79999e+06,1.14997e+07,4.49851e+06,6.79999e+06,1.14997e+07,4.49812e+06,6.79999e+06,1.14996e+07,4.49764e+06,6.79999e+06,1.14996e+07,4.49702e+06,6.79999e+06,1.14995e+07,4.49625e+06,6.79999e+06,1.14995e+07,4.49528e+06,6.79999e+06,1.14994e+07,4.49406e+06,6.79999e+06,1.14993e+07,4.49253e+06,6.79999e+06,1.14992e+07,4.49059e+06,6.79999e+06,1.14991e+07,4.48817e+06,6.79999e+06,1.1499e+07,4.48511e+06,6.79999e+06,1.14988e+07,4.48128e+06,6.79999e+06,1.14987e+07,4.47646e+06,6.79999e+06,1.14985e+07,4.47041e+06,6.79999e+06,1.14983e+07,4.46281e+06,6.79999e+06,1.14981e+07,4.4533e+06,6.79999e+06,1.14979e+07,4.44138e+06,6.79999e+06,1.14976e+07,4.42649e+06,6.79999e+06,1.14972e+07,4.40789e+06,6.79999e+06,1.14969e+07,4.38471e+06,6.79999e+06,1.14965e+07,4.35592e+06,6.79999e+06,1.1496e+07,4.32027e+06,6.79999e+06,1.14955e+07,4.27629e+06,6.79999e+06,1.14949e+07,4.22231e+06,6.79999e+06,1.14942e+07,4.15647e+06,6.79999e+06,1.14934e+07,4.07676e+06,6.79999e+06,1.14926e+07,3.98112e+06,6.79999e+06,1.14916e+07,3.86765e+06,6.79999e+06,1.14905e+07,3.73474e+06,6.79999e+06,1.14892e+07,3.58148e+06,6.79999e+06,1.14878e+07,3.40785e+06,6.79999e+06,1.14862e+07,3.21513e+06,6.79999e+06,1.14844e+07,3.00605e+06,6.79999e+06,1.14823e+07,2.7848e+06,6.79999e+06,1.148e+07,2.5568e+06,6.79999e+06,1.14773e+07,2.32825e+06,6.79999e+06,13.5742,8.52444,0.508366,16.8306,13.2585,0.162638,20.0035,17.569,0.0507846,23.2616,22.4214,0.0158319,26.7328,28.3297,0.00493498,30.5212,35.6974,0.00153831,34.7178,44.9473,0.000479527,39.4086,56.5822,0.000149456,44.6796,71.2245,4.66214e-05,50.6209,89.6543,1.45419e-05,57.3297,112.852,4.54748e-06,64.9129,142.051,1.43857e-06,73.4897,178.803,4.36618e-07,83.1934,225.062,1.40153e-07,94.1745,283.286,4.96378e-08,106.602,356.568,1.05434e-07,120.669,448.799,-6.49244e-08,136.59,564.873,1.70148e-07,154.611,710.948,-5.34594e-08,175.008,894.767,1.63407e-07,198.097,1126.06,8.04804e-08,224.231,1417.07,1.14667e-07,253.813,1783.15,-1.71227e-07,287.297,2243.62,-2.88466e-07,325.198,2822.67,-4.33651e-07,368.098,3550.67,7.9318e-08,416.657,4465.65,3.13319e-07,471.621,5615.16,3.4613e-07,533.835,7058.61,-1.19199e-07,604.255,8870.02,-2.79964e-07,683.962,11141.4,-2.30521e-07,774.182,13986.7,-2.55099e-07,876.299,17546.4,1.23585e-07,991.883,21993.1,1.41192e-07,1122.71,27536.7,-9.71886e-08,1270.78,34430.7,-3.68368e-07,1438.38,42977.7,-3.45379e-07,1628.07,53532.7,-3.25328e-09,1842.77,66504.6,2.6362e-07,2085.77,82350.2,2.53445e-07,2360.79,101560,-2.47407e-08,2672.05,124632,-3.80602e-07,3024.31,152018,-4.79005e-07,3422.98,184060,-1.14379e-07,3874.15,220884,2.64297e-07,4384.72,262283,3.44131e-07,4962.49,307576,7.5349e-08,5616.29,355497,-3.63097e-07,6356.1,404126,-6.05442e-07,7193.18,450932,-2.72333e-07,8140.28,492963,2.29675e-07,9211.79,527178,4.3387e-07,10424,550893,-1.0711e-07,10.102,8.06553,2.81012,10.6436,8.57909,0.869423,11.5336,10.2515,0.270869,12.7211,12.7138,0.0844293,14.1823,15.9373,0.0263173,15.9122,20.0383,0.0082035,17.9198,25.2154,0.00255722,20.2244,31.7373,0.000797017,22.8539,39.9486,0.000248622,25.8438,50.2851,7.75492e-05,29.237,63.2963,2.42508e-05,33.0837,79.6738,7.67162e-06,37.4415,100.288,2.32837e-06,42.3767,126.236,7.33e-07,47.9646,158.896,2.79256e-07,54.2906,200.003,9.87351e-09,61.452,251.741,1.61085e-07,69.5585,316.859,-2.47141e-07,78.7347,398.812,8.93552e-08,89.1218,501.948,-2.53231e-07,100.879,631.736,-1.25047e-07,114.188,795.049,-1.78808e-07,129.252,1000.53,2.6733e-07,146.304,1259.03,4.50292e-07,165.605,1584.19,6.76904e-07,187.452,1993.12,-1.23808e-07,212.181,2507.27,-4.89068e-07,240.173,3153.54,-5.40284e-07,271.856,3965.56,1.86061e-07,307.719,4985.38,4.37004e-07,348.313,6265.4,3.59828e-07,394.26,7870.83,3.98192e-07,446.268,9882.51,-1.92908e-07,505.135,12400.3,-2.20392e-07,571.766,15546.9,1.51705e-07,647.184,19472.2,5.74996e-07,732.547,24357.4,5.39112e-07,829.167,30420,5.07815e-09,938.526,37916.3,-4.11492e-07,1062.3,47143.9,-3.9561e-07,1202.4,58439.2,3.86185e-08,1360.96,72169.3,5.94093e-07,1540.42,88715.8,7.47693e-07,1743.53,108445,1.78537e-07,1973.41,131665,-4.12549e-07,2233.57,158557,-5.37164e-07,2528,189103,-1.17615e-07,2861.2,222986,5.66769e-07,3238.27,259510,9.45053e-07,3664.97,297540,4.25093e-07,4147.81,335497,-3.58506e-07,4694.17,371444,-6.7724e-07,5312.37,403256,1.67192e-07,1.61744,3.89446,9.84394,3.28846,7.5504,12.774,5.07607,11.7187,13.6844,7.03202,16.8147,13.9681,9.20215,23.1769,14.0566,11.6301,31.1672,14.0841,14.3598,41.2186,14.0927,17.4376,53.8688,14.0954,20.9137,69.7915,14.0962,24.8432,89.8341,14.0965,29.2879,115.063,14.0966,34.3168,146.819,14.0966,40.0078,186.792,14.0966,46.4487,237.107,14.0966,53.7388,300.44,14.0966,61.9903,380.158,14.0966,71.3301,480.499,14.0966,81.902,606.796,14.0966,93.8685,765.761,14.0966,107.414,965.837,14.0966,122.746,1217.65,14.0966,140.101,1534.57,14.0966,159.745,1933.41,14.0966,181.981,2435.3,14.0966,207.15,3066.85,14.0966,235.64,3861.46,14.0966,267.889,4861.11,14.0966,304.391,6118.54,14.0966,345.709,7699.91,14.0966,392.478,9688.22,14.0966,445.417,12187.5,14.0966,505.339,15327.7,14.0966,573.165,19271.6,14.0966,649.938,24222,14.0966,736.839,30430.9,14.0966,835.202,38211.5,14.0966,946.539,47950.3,14.0966,1072.56,60122.8,14.0966,1215.21,75309.9,14.0966,1376.66,94216.2,14.0966,1559.41,117688,14.0966,1766.26,146729,14.0966,2000.39,182510,14.0966,2265.39,226372,14.0966,2565.33,279806,14.0966,2904.81,344416,14.0966,3289.05,421845,14.0966,3723.93,513667,14.0966,4216.13,621231,14.0966,4773.18,745478,14.0966,5403.64,886744,14.0966,6117.15,1.04457e+06,14.0966,6924.63,1.2176e+06,14.0966,11.7194,11.96,12.6541,13.9321,16.1295,13.6434,16.6097,21.9702,13.9553,19.7532,29.5285,14.0526,23.3844,39.1143,14.0829,27.5423,51.2054,14.0923,32.2796,66.434,14.0953,37.662,85.6061,14.0962,43.7675,109.74,14.0965,50.687,140.119,14.0966,58.5249,178.359,14.0966,67.4005,226.493,14.0966,77.4493,287.08,14.0966,88.8254,363.343,14.0966,101.703,459.336,14.0966,116.281,580.161,14.0966,132.782,732.241,14.0966,151.46,923.655,14.0966,172.603,1164.57,14.0966,196.535,1467.79,14.0966,223.625,1849.39,14.0966,254.288,2329.62,14.0966,288.997,2933.93,14.0966,328.285,3694.33,14.0966,372.755,4651.04,14.0966,423.092,5854.57,14.0966,480.07,7368.38,14.0966,544.564,9272.08,14.0966,617.566,11665.5,14.0966,700.197,14673.6,14.0966,793.729,18452.9,14.0966,899.599,23198.6,14.0966,1019.43,29154.1,14.0966,1155.07,36622.3,14.0966,1308.6,45977.9,14.0966,1482.39,57683.7,14.0966,1679.09,72307.8,14.0966,1901.73,90542.8,14.0966,2153.73,113226,14.0966,2438.97,141360,14.0966,2761.81,176127,14.0966,3127.22,218898,14.0966,3540.81,271226,14.0966,4008.92,334817,14.0966,4538.74,411470,14.0966,5138.38,502973,14.0966,5817.04,610948,14.0966,6585.12,736653,14.0966,7454.39,880741,14.0966,8438.15,1.04302e+06,14.0966,9551.45,1.22224e+06,14.0966,10811.3,1.41602e+06,14.0966,12237,1.62086e+06,14.0966,11.7194,11.96,12.6541,2.21263,4.16949,0.989383,2.67766,5.84076,0.311842,3.14343,7.55825,0.0972771,3.63127,9.58578,0.0303237,4.15787,12.0912,0.00945211,4.73731,15.2286,0.00294633,5.38238,19.1721,0.000918508,6.10553,24.134,0.000286163,6.91951,30.3791,8.92692e-05,7.83792,38.2397,2.78121e-05,8.87555,48.1338,8.65134e-06,10.0489,60.5876,2.7882e-06,11.3761,76.2629,8.29036e-07,12.8779,95.9927,2.4373e-07,14.5775,120.825,4.33068e-09,16.5012,152.08,1.75749e-07,18.6784,191.415,-1.86328e-07,21.1428,240.917,1.91829e-07,23.9322,303.213,-1.81475e-07,27.0895,381.602,7.0186e-08,30.6634,480.231,-2.86769e-08,34.7087,604.316,2.40784e-07,39.2876,760.401,9.87368e-08,44.4705,956.705,1.22263e-07,50.3371,1203.54,-4.31966e-07,56.9776,1513.81,-1.9705e-07,64.494,1903.69,-2.763e-08,73.0018,2393.4,3.9185e-07,82.6317,3008.13,1.35379e-07,93.5318,3779.25,-4.16351e-08,105.869,4745.7,2.06965e-08,119.834,5955.6,-3.18887e-07,135.641,7468.12,-1.48271e-08,153.531,9355.62,2.00739e-07,173.781,11705.8,2.28358e-07,196.701,14624.1,-1.93587e-08,222.642,18235,-2.88101e-07,252.003,22683.4,-2.24732e-07,285.234,28134,8.56806e-09,322.845,34767,2.34258e-07,365.413,42770.9,2.99668e-07,413.588,52327.9,8.28644e-08,468.111,63591.2,-3.07049e-07,529.814,76653.2,-3.1888e-07,599.642,91502.5,-6.72276e-08,678.662,107975,2.26339e-07,768.083,125705,3.69212e-07,869.267,144088,2.04077e-07,983.76,162277,-2.80509e-07,1113.3,179223,-4.22737e-07,1259.87,193777,-1.71951e-07,1425.68,204839,4.55555e-07,11.7194,11.96,12.6541,2.21263,4.16949,0.989383,2.67766,5.84076,0.311842,3.14343,7.55825,0.0972771,3.63127,9.58578,0.0303237,4.15787,12.0912,0.00945211,4.73731,15.2286,0.00294633,5.38238,19.1721,0.000918508,6.10553,24.134,0.000286163,6.91951,30.3791,8.92692e-05,7.83792,38.2397,2.78121e-05,8.87555,48.1338,8.65134e-06,10.0489,60.5876,2.7882e-06,11.3761,76.2629,8.29036e-07,12.8779,95.9927,2.4373e-07,14.5775,120.825,1e-08,16.5012,152.08,1.75749e-07,18.6784,191.415,1e-08,21.1428,240.917,1.91829e-07,23.9322,303.213,1e-08,27.0895,381.602,7.0186e-08,30.6634,480.231,1e-08,34.7087,604.316,2.40784e-07,39.2876,760.401,9.87368e-08,44.4705,956.705,1.22263e-07,50.3371,1203.54,1e-08,56.9776,1513.81,1e-08,64.494,1903.69,1e-08,73.0018,2393.4,3.9185e-07,82.6317,3008.13,1.35379e-07,93.5318,3779.25,1e-08,105.869,4745.7,2.06965e-08,119.834,5955.6,1e-08,135.641,7468.12,1e-08,153.531,9355.62,2.00739e-07,173.781,11705.8,2.28358e-07,196.701,14624.1,1e-08,222.642,18235,1e-08,252.003,22683.4,1e-08,285.234,28134,1e-08,322.845,34767,2.34258e-07,365.413,42770.9,2.99668e-07,413.588,52327.9,8.28644e-08,468.111,63591.2,1e-08,529.814,76653.2,1e-08,599.642,91502.5,1e-08,678.662,107975,2.26339e-07,768.083,125705,3.69212e-07,869.267,144088,2.04077e-07,983.76,162277,1e-08,1113.3,179223,1e-08,1259.87,193777,1e-08,1425.68,204839,4.55555e-07,6.2823,3.27286,2.43537,0.219672,6.18826,2.24117,0.56371,6.87772,2.63624,0.308279,13,18,15,2,4,2,3,3,0,4,12,0,4,6,0,4,9,0,4,17,0,3,8,0,2,31,0,8,22,0,2,36,0,14,21,0,7,63,0,5,59,0,19,109,0,7,64,0,13,158,0,11,170,0,17,152,0,19,650,0,14,626,0,27,269,0,46,400,0,43,669,0,71,1346,0,39,772,0,31,2177,0,49,1026,0,64,1306,0,112,3196,0,85,2526,0,133,7122,0,75,4168,0,72,4185,0,125,6955,0,130,7861,0,182,23168,0,444,17074,0,96,29867,0,168,22725,0,489,26128,0,628,27516,0,598,37240,0,419,101882,0,406,30313,0,218,33423,0,417,91007,0,1422,134379,0,938,142748,0,977,184216,0,956,172621,0,685,95379,0,1557,288830,0
-1.05176e+08,1,8.88811e-15,10,1023,0,1.05176e+08,0.528882,1.08665,0.389689,0.145397,0.379329,3.24381,0.161596,0.446195,1.77396,0.159177,1.15e+07,4.49998e+06,6.79999e+06,1.15e+07,4.49997e+06,6.79999e+06,1.15e+07,4.49996e+06,6.79999e+06,1.15e+07,4.49995e+06,6.79999e+06,1.14999e+07,4.49993e+06,6.79999e+06,1.14999e+07,4.49991e+06,6.79999e+06,1.14999e+07,4.49989e+06,6.79999e+06,1.14999e+07,4.49986e+06,6.79999e+06,1.14999e+07,4.49982e+06,6.79999e+06,1.14999e+07,4.49977e+06,6.79999e+06,1.14999e+07,4.49971e+06,6.79999e+06,1.14999e+07,4.49963e+06,6.79999e+06,1.14998e+07,4.49953e+06,6.79999e+06,1.14998e+07,4.49941e+06,6.79999e+06,1.14998e+07,4.49926e+06,6.79999e+06,1.14998e+07,4.49906e+06,6.79999e+06,1.14997e+07,4.49882e+06,6.79999e+06,1.14997e+07,4.49851e+06,6.79999e+06,1.14997e+07,4.49812e+06,6.79999e+06,1.14996e+07,4.49764e+06,6.79999e+06,1.14996e+07,4.49702e+06,6.79999e+06,1.14995e+07,4.49625e+06,6.79999e+06,1.14995e+07,4.49528e+06,6.79999e+06,1.14994e+07,4.49406e+06,6.79999e+06,1.14993e+07,4.49253e+06,6.79999e+06,1.14992e+07,4.49059e+06,6.79999e+06,1.14991e+07,4.48817e+06,6.79999e+06,1.1499e+07,4.48511e+06,6.79999e+06,1.14988e+07,4.48128e+06,6.79999e+06,1.14987e+07,4.47646e+06,6.79999e+06,1.14985e+07,4.47041e+06,6.79999e+06,1.14983e+07,4.46281e+06,6.79999e+06,1.14981e+07,4.4533e+06,6.79999e+06,1.14979e+07,4.44138e+06,6.79999e+06,1.14976e+07,4.42649e+06,6.79999e+06,1.14972e+07,4.40789e+06,6.79999e+06,1.14969e+07,4.38471e+06,6.79999e+06,1.14965e+07,4.35592e+06,6.79999e+06,1.1496e+07,4.32027e+06,6.79999e+06,1.14955e+07,4.27629e+06,6.79999e+06,1.14949e+07,4.22231e+06,6.79999e+06,1.14942e+07,4.15647e+06,6.79999e+06,1.14934e+07,4.07676e+06,6.79999e+06,1.14926e+07,3.98112e+06,6.79999e+06,1.14916e+07,3.86765e+06,6.79999e+06,1.14905e+07,3.73474e+06,6.79999e+06,1.14892e+07,3.58148e+06,6.79999e+06,1.14878e+07,3.40785e+06,6.79999e+06,1.14862e+07,3.21513e+06,6.79999e+06,1.14844e+07,3.00605e+06,6.79999e+06,1.14823e+07,2.7848e+06,6.79999e+06,1.148e+07,2.5568e+06,6.79999e+06,1.14773e+07,2.32825e+06,6.79999e+06,13.5742,8.52444,0.508366,16.8306,13.2585,0.162638,20.0035,17.569,0.0507846,23.2616,22.4214,0.0158319,26.7328,28.3297,0.00493498,30.5212,35.6974,0.00153831,34.7178,44.9473,0.000479527,39.4086,56.5822,0.000149456,44.6796,71.2245,4.66214e-05,50.6209,89.6543,1.45419e-05,57.3297,112.852,4.54748e-06,64.9129,142.051,1.43857e-06,73.4897,178.803,4.36618e-07,83.1934,225.062,1.40153e-07,94.1745,283.286,4.96378e-08,106.602,356.568,1.05434e-07,120.669,448.799,-6.49244e-08,136.59,564.873,1.70148e-07,154.611,710.948,-5.34594e-08,175.008,894.767,1.63407e-07,198.097,1126.06,8.04804e-08,224.231,1417.07,1.14667e-07,253.813,1783.15,-1.71227e-07,287.297,2243.62,-2.88466e-07,325.198,2822.67,-4.33651e-07,368.098,3550.67,7.9318e-08,416.657,4465.65,3.13319e-07,471.621,5615.16,3.4613e-07,533.835,7058.61,-1.19199e-07,604.255,8870.02,-2.79964e-07,683.962,11141.4,-2.30521e-07,774.182,13986.7,-2.55099e-07,876.299,17546.4,1.23585e-07,991.883,21993.1,1.41192e-07,1122.71,27536.7,-9.71886e-08,1270.78,34430.7,-3.68368e-07,1438.38,42977.7,-3.45379e-07,1628.07,53532.7,-3.25328e-09,1842.77,66504.6,2.6362e-07,2085.77,82350.2,2.53445e-07,2360.79,101560,-2.47407e-08,2672.05,124632,-3.80602e-07,3024.31,152018,-4.79005e-07,3422.98,184060,-1.14379e-07,3874.15,220884,2.64297e-07,4384.72,262283,3.44131e-07,4962.49,307576,7.5349e-08,5616.29,355497,-3.63097e-07,6356.1,404126,-6.05442e-07,7193.18,450932,-2.72333e-07,8140.28,492963,2.29675e-07,9211.79,527178,4.3387e-07,10424,550893,-1.0711e-07,10.102,8.06553,2.81012,10.6436,8.57909,0.869423,11.5336,10.2515,0.270869,12.7211,12.7138,0.0844293,14.1823,15.9373,0.0263173,15.9122,20.0383,0.0082035,17.9198,25.2154,0.00255722,20.2244,31.7373,0.000797017,22.8539,39.9486,0.000248622,25.8438,50.2851,7.75492e-05,29.237,63.2963,2.42508e-05,33.0837,79.6738,7.67162e-06,37.4415,100.288,2.32837e-06,42.3767,126.236,7.33e-07,47.9646,158.896,2.79256e-07,54.2906,200.003,9.87351e-09,61.452,251.741,1.61085e-07,69.5585,316.859,-2.47141e-07,78.7347,398.812,8.93552e-08,89.1218,501.948,-2.53231e-07,100.879,631.736,-1.25047e-07,114.188,795.049,-1.78808e-07,129.252,1000.53,2.6733e-07,146.304,1259.03,4.50292e-07,165.605,1584.19,6.76904e-07,187.452,1993.12,-1.23808e-07,212.181,2507.27,-4.89068e-07,240.173,3153.54,-5.40284e-07,271.856,3965.56,1.86061e-07,307.719,4985.38,4.37004e-07,348.313,6265.4,3.59828e-07,394.26,7870.83,3.98192e-07,446.268,9882.51,-1.92908e-07,505.135,12400.3,-2.20392e-07,571.766,15546.9,1.51705e-07,647.184,19472.2,5.74996e-07,732.547,24357.4,5.39112e-07,829.167,30420,5.07815e-09,938.526,37916.3,-4.11492e-07,1062.3,47143.9,-3.9561e-07,1202.4,58439.2,3.86185e-08,1360.96,72169.3,5.94093e-07,1540.42,88715.8,7.47693e-07,1743.53,108445,1.78537e-07,1973.41,131665,-4.12549e-07,2233.57,158557,-5.37164e-07,2528,189103,-1.17615e-07,2861.2,222986,5.66769e-07,3238.27,259510,9.45053e-07,3664.97,297540,4.25093e-07,4147.81,335497,-3.58506e-07,4694.17,371444,-6.7724e-07,5312.37,403256,1.67192e-07,1.61744,3.89446,9.84394,3.28846,7.5504,12.774,5.07607,11.7187,13.6844,7.03202,16.8147,13.9681,9.20215,23.1769,14.0566,11.6301,31.1672,14.0841,14.3598,41.2186,14.0927,17.4376,53.8688,14.0954,20.9137,69.7915,14.0962,24.8432,89.8341,14.0965,29.2879,115.063,14.0966,34.3168,146.819,14.0966,40.0078,186.792,14.0966,46.4487,237.107,14.0966,53.7388,300.44,14.0966,61.9903,380.158,14.0966,71.3301,480.499,14.0966,81.902,606.796,14.0966,93.8685,765.761,14.0966,107.414,965.837,14.0966,122.746,1217.65,14.0966,140.101,1534.57,14.0966,159.745,1933.41,14.0966,181.981,2435.3,14.0966,207.15,3066.85,14.0966,235.64,3861.46,14.0966,267.889,4861.11,14.0966,304.391,6118.54,14.0966,345.709,7699.91,14.0966,392.478,9688.22,14.0966,445.417,12187.5,14.0966,505.339,15327.7,14.0966,573.165,19271.6,14.0966,649.938,24222,14.0966,736.839,30430.9,14.0966,835.202,38211.5,14.0966,946.539,47950.3,14.0966,1072.56,60122.8,14.0966,1215.21,75309.9,14.0966,1376.66,94216.2,14.0966,1559.41,117688,14.0966,1766.26,146729,14.0966,2000.39,182510,14.0966,2265.39,226372,14.0966,2565.33,279806,14.0966,2904.81,344416,14.0966,3289.05,421845,14.0966,3723.93,513667,14.0966,4216.13,621231,14.0966,4773.18,745478,14.0966,5403.64,886744,14.0966,6117.15,1.04457e+06,14.0966,6924.63,1.2176e+06,14.0966,11.7194,11.96,12.6541,13.9321,16.1295,13.6434,16.6097,21.9702,13.9553,19.7532,29.5285,14.0526,23.3844,39.1143,14.0829,27.5423,51.2054,14.0923,32.2796,66.434,14.0953,37.662,85.6061,14.0962,43.7675,109.74,14.0965,50.687,140.119,14.0966,58.5249,178.359,14.0966,67.4005,226.493,14.0966,77.4493,287.08,14.0966,88.8254,363.343,14.0966,101.703,459.336,14.0966,116.281,580.161,14.0966,132.782,732.241,14.0966,151.46,923.655,14.0966,172.603,1164.57,14.0966,196.535,1467.79,14.0966,223.625,1849.39,14.0966,254.288,2329.62,14.0966,288.997,2933.93,14.0966,328.285,3694.33,14.0966,372.755,4651.04,14.0966,423.092,5854.57,14.0966,480.07,7368.38,14.0966,544.564,9272.08,14.0966,617.566,11665.5,14.0966,700.197,14673.6,14.0966,793.729,18452.9,14.0966,899.599,23198.6,14.0966,1019.43,29154.1,14.0966,1155.07,36622.3,14.0966,1308.6,45977.9,14.0966,1482.39,57683.7,14.0966,1679.09,72307.8,14.0966,1901.73,90542.8,14.0966,2153.73,113226,14.0966,2438.97,141360,14.0966,2761.81,176127,14.0966,3127.22,218898,14.0966,3540.81,271226,14.0966,4008.92,334817,14.0966,4538.74,411470,14.0966,5138.38,502973,14.0966,5817.04,610948,14.0966,6585.12,736653,14.0966,7454.39,880741,14.0966,8438.15,1.04302e+06,14.0966,9551.45,1.22224e+06,14.0966,10811.3,1.41602e+06,14.0966,12237,1.62086e+06,14.0966,11.7194,11.96,12.6541,2.21263,4.16949,0.989383,2.67766,5.84076,0.311842,3.14343,7.55825,0.0972771,3.63127,9.58578,0.0303237,4.15787,12.0912,0.00945211,4.73731,15.2286,0.00294633,5.38238,19.1721,0.000918508,6.10553,24.134,0.000286163,6.91951,30.3791,8.92692e-05,7.83792,38.2397,2.78121e-05,8.87555,48.1338,8.65134e-06,10.0489,60.5876,2.7882e-06,11.3761,76.2629,8.29036e-07,12.8779,95.9927,2.4373e-07,14.5775,120.825,4.33068e-09,16.5012,152.08,1.75749e-07,18.6784,191.415,-1.86328e-07,21.1428,240.917,1.91829e-07,23.9322,303.213,-1.81475e-07,27.0895,381.602,7.0186e-08,30.6634,480.231,-2.86769e-08,34.7087,604.316,2.40784e-07,39.2876,760.401,9.87368e-08,44.4705,956.705,1.22263e-07,50.3371,1203.54,-4.31966e-07,56.9776,1513.81,-1.9705e-07,64.494,1903.69,-2.763e-08,73.0018,2393.4,3.9185e-07,82.6317,3008.13,1.35379e-07,93.5318,3779.25,-4.16351e-08,105.869,4745.7,2.06965e-08,119.834,5955.6,-3.18887e-07,135.641,7468.12,-1.48271e-08,153.531,9355.62,2.00739e-07,173.781,11705.8,2.28358e-07,196.701,14624.1,-1.93587e-08,222.642,18235,-2.88101e-07,252.003,22683.4,-2.24732e-07,285.234,28134,8.56806e-09,322.845,34767,2.34258e-07,365.413,42770.9,2.99668e-07,413.588,52327.9,8.28644e-08,468.111,63591.2,-3.07049e-07,529.814,76653.2,-3.1888e-07,599.642,91502.5,-6.72276e-08,678.662,107975,2.26339e-07,768.083,125705,3.69212e-07,869.267,144088,2.04077e-07,983.76,162277,-2.80509e-07,1113.3,179223,-4.22737e-07,1259.87,193777,-1.71951e-07,1425.68,204839,4.55555e-07,11.7194,11.96,12.6541,2.21263,4.16949,0.989383,2.67766,5.84076,0.311842,3.14343,7.55825,0.0972771,3.63127,9.58578,0.0303237,4.15787,12.0912,0.00945211,4.73731,15.2286,0.00294633,5.38238,19.1721,0.000918508,6.10553,24.134,0.000286163,6.91951,30.3791,8.92692e-05,7.83792,38.2397,2.78121e-05,8.87555,48.1338,8.65134e-06,10.0489,60.5876,2.7882e-06,11.3761,76.2629,8.29036e-07,12.8779,95.9927,2.4373e-07,14.5775,120.825,1e-08,16.5012,152.08,1.75749e-07,18.6784,191.415,1e-08,21.1428,240.917,1.91829e-07,23.9322,303.213,1e-08,27.0895,381.602,7.0186e-08,30.6634,480.231,1e-08,34.7087,604.316,2.40784e-07,39.2876,760.401,9.87368e-08,44.4705,956.705,1.22263e-07,50.3371,1203.54,1e-08,56.9776,1513.81,1e-08,64.494,1903.69,1e-08,73.0018,2393.4,3.9185e-07,82.6317,3008.13,1.35379e-07,93.5318,3779.25,1e-08,105.869,4745.7,2.06965e-08,119.834,5955.6,1e-08,135.641,7468.12,1e-08,153.531,9355.62,2.00739e-07,173.781,11705.8,2.28358e-07,196.701,14624.1,1e-08,222.642,18235,1e-08,252.003,22683.4,1e-08,285.234,28134,1e-08,322.845,34767,2.34258e-07,365.413,42770.9,2.99668e-07,413.588,52327.9,8.28644e-08,468.111,63591.2,1e-08,529.814,76653.2,1e-08,599.642,91502.5,1e-08,678.662,107975,2.26339e-07,768.083,125705,3.69212e-07,869.267,144088,2.04077e-07,983.76,162277,1e-08,1113.3,179223,1e-08,1259.87,193777,1e-08,1425.68,204839,4.55555e-07,6.2823,3.27286,2.43537,0.219672,6.18826,2.24117,0.56371,6.87772,2.63624,0.308279,35,7,3,1,5,2,0,14,0,1,3,0,2,11,0,7,8,0,2,13,0,9,30,0,14,13,0,9,17,0,5,52,0,10,55,0,9,61,0,13,57,0,11,50,0,7,240,0,9,244,0,27,212,0,37,214,0,44,436,0,31,135,0,31,459,0,62,280,0,70,607,0,42,1171,0,60,1705,0,50,2240,0,42,1563,0,42,2602,0,90,2679,0,48,3366,0,131,3459,0,89,5267,0,125,4805,0,122,4552,0,154,11249,0,131,13287,0,182,13337,0,146,17838,0,290,29035,0,319,41154,0,302,18417,0,434,16654,0,276,46780,0,398,105958,0,586,99746,0,959,103600,0,610,178618,0,417,84602,0,650,80288,0,1709,161339,0,1146,207769,0,1414,204691,0
-1.05176e+08,1,8.88811e-15,10,1023,0,1.05176e+08,0.528882,1.08665,0.389689,0.145397,0.379329,3.24381,0.161596,0.446195,1.77396,0.159177,1.15e+07,4.49998e+06,6.79999e+06,1.15e+07,4.49997e+06,6.79999e+06,1.15e+07,4.49996e+06,6.79999e+06,1.15e+07,4.49995e+06,6.79999e+06,1.14999e+07,4.49993e+06,6.79999e+06,1.14999e+07,4.49991e+06,6.79999e+06,1.14999e+07,4.49989e+06,6.79999e+06,1.14999e+07,4.49986e+06,6.79999e+06,1.14999e+07,4.49982e+06,6.79999e+06,1.14999e+07,4.49977e+06,6.79999e+06,1.14999e+07,4.49971e+06,6.79999e+06,1.14999e+07,4.49963e+06,6.79999e+06,1.14998e+07,4.49953e+06,6.79999e+06,1.14998e+07,4.49941e+06,6.79999e+06,1.14998e+07,4.49926e+06,6.79999e+06,1.14998e+07,4.49906e+06,6.79999e+06,1.14997e+07,4.49882e+06,6.79999e+06,1.14997e+07,4.49851e+06,6.79999e+06,1.14997e+07,4.49812e+06,6.79999e+06,1.14996e+07,4.49764e+06,6.79999e+06,1.14996e+07,4.49702e+06,6.79999e+06,1.14995e+07,4.49625e+06,6.79999e+06,1.14995e+07,4.49528e+06,6.79999e+06,1.14994e+07,4.49406e+06,6.79999e+06,1.14993e+07,4.49253e+06,6.79999e+06,1.14992e+07,4.49059e+06,6.79999e+06,1.14991e+07,4.48817e+06,6.79999e+06,1.1499e+07,4.48511e+06,6.79999e+06,1.14988e+07,4.48128e+06,6.79999e+06,1.14987e+07,4.47646e+06,6.79999e+06,1.14985e+07,4.47041e+06,6.79999e+06,1.14983e+07,4.46281e+06,6.79999e+06,1.14981e+07,4.4533e+06,6.79999e+06,1.14979e+07,4.44138e+06,6.79999e+06,1.14976e+07,4.42649e+06,6.79999e+06,1.14972e+07,4.40789e+06,6.79999e+06,1.14969e+07,4.38471e+06,6.79999e+06,1.14965e+07,4.35592e+06,6.79999e+06,1.1496e+07,4.32027e+06,6.79999e+06,1.14955e+07,4.27629e+06,6.79999e+06,1.14949e+07,4.22231e+06,6.79999e+06,1.14942e+07,4.15647e+06,6.79999e+06,1.14934e+07,4.07676e+06,6.79999e+06,1.14926e+07,3.98112e+06,6.79999e+06,1.14916e+07,3.86765e+06,6.79999e+06,1.14905e+07,3.73474e+06,6.79999e+06,1.14892e+07,3.58148e+06,6.79999e+06,1.14878e+07,3.40785e+06,6.79999e+06,1.14862e+07,3.21513e+06,6.79999e+06,1.14844e+07,3.00605e+06,6.79999e+06,1.14823e+07,2.7848e+06,6.79999e+06,1.148e+07,2.5568e+06,6.79999e+06,1.14773e+07,2.32825e+06,6.79999e+06,13.5742,8.52444,0.508366,16.8306,13.2585,0.162638,20.0035,17.569,0.0507846,23.2616,22.4214,0.0158319,26.7328,28.3297,0.00493498,30.5212,35.6974,0.00153831,34.7178,44.9473,0.000479527,39.4086,56.5822,0.000149456,44.6796,71.2245,4.66214e-05,50.6209,89.6543,1.45419e-05,57.3297,112.852,4.54748e-06,64.9129,142.051,1.43857e-06,73.4897,178.803,4.36618e-07,83.1934,225.062,1.40153e-07,94.1745,283.286,4.96378e-08,106.602,356.568,1.05434e-07,120.669,448.799,-6.49244e-08,136.59,564.873,1.70148e-07,154.611,710.948,-5.34594e-08,175.008,894.767,1.63407e-07,198.097,1126.06,8.04804e-08,224.231,1417.07,1.14667e-07,253.813,1783.15,-1.71227e-07,287.297,2243.62,-2.88466e-07,325.198,2822.67,-4.33651e-07,368.098,3550.67,7.9318e-08,416.657,4465.65,3.13319e-07,471.621,5615.16,3.4613e-07,533.835,7058.61,-1.19199e-07,604.255,8870.02,-2.79964e-07,683.962,11141.4,-2.30521e-07,774.182,13986.7,-2.55099e-07,876.299,17546.4,1.23585e-07,991.883,21993.1,1.41192e-07,1122.71,27536.7,-9.71886e-08,1270.78,34430.7,-3.68368e-07,1438.38,42977.7,-3.45379e-07,1628.07,53532.7,-3.25328e-09,1842.77,66504.6,2.6362e-07,2085.77,82350.2,2.53445e-07,2360.79,101560,-2.47407e-08,2672.05,124632,-3.80602e-07,3024.31,152018,-4.79005e-07,3422.98,184060,-1.14379e-07,3874.15,220884,2.64297e-07,4384.72,262283,3.44131e-07,4962.49,307576,7.5349e-08,5616.29,355497,-3.63097e-07,6356.1,404126,-6.05442e-07,7193.18,450932,-2.72333e-07,8140.28,492963,2.29675e-07,9211.79,527178,4.3387e-07,10424,550893,-1.0711e-07,10.102,8.06553,2.81012,10.6436,8.57909,0.869423,11.5336,10.2515,0.270869,12.7211,12.7138,0.0844293,14.1823,15.9373,0.0263173,15.9122,20.0383,0.0082035,17.9198,25.2154,0.00255722,20.2244,31.7373,0.000797017,22.8539,39.9486,0.000248622,25.8438,50.2851,7.75492e-05,29.237,63.2963,2.42508e-05,33.0837,79.6738,7.67162e-06,37.4415,100.288,2.32837e-06,42.3767,126.236,7.33e-07,47.9646,158.896,2.79256e-07,54.2906,200.003,9.87351e-09,61.452,251.741,1.61085e-07,69.5585,316.859,-2.47141e-07,78.7347,398.812,8.93552e-08,89.1218,501.948,-2.53231e-07,100.879,631.736,-1.25047e-07,114.188,795.049,-1.78808e-07,129.252,1000.53,2.6733e-07,146.304,1259.03,4.50292e-07,165.605,1584.19,6.76904e-07,187.452,1993.12,-1.23808e-07,212.181,2507.27,-4.89068e-07,240.173,3153.54,-5.40284e-07,271.856,3965.56,1.86061e-07,307.719,4985.38,4.37004e-07,348.313,6265.4,3.59828e-07,394.26,7870.83,3.98192e-07,446.268,9882.51,-1.92908e-07,505.135,12400.3,-2.20392e-07,571.766,15546.9,1.51705e-07,647.184,19472.2,5.74996e-07,732.547,24357.4,5.39112e-07,829.167,30420,5.07815e-09,938.526,37916.3,-4.11492e-07,1062.3,47143.9,-3.9561e-07,1202.4,58439.2,3.86185e-08,1360.96,72169.3,5.94093e-07,1540.42,88715.8,7.47693e-07,1743.53,108445,1.78537e-07,1973.41,131665,-4.12549e-07,2233.57,158557,-5.37164e-07,2528,189103,-1.17615e-07,2861.2,222986,5.66769e-07,3238.27,259510,9.45053e-07,3664.97,297540,4.25093e-07,4147.81,335497,-3.58506e-07,4694.17,371444,-6.7724e-07,5312.37,403256,1.67192e-07,1.61744,3.89446,9.84394,3.28846,7.5504,12.774,5.07607,11.7187,13.6844,7.03202,16.8147,13.9681,9.20215,23.1769,14.0566,11.6301,31.1672,14.0841,14.3598,41.2186,14.0927,17.4376,53.8688,14.0954,20.9137,69.7915,14.0962,24.8432,89.8341,14.0965,29.2879,115.063,14.0966,34.3168,146.819,14.0966,40.0078,186.792,14.0966,46.4487,237.107,14.0966,53.7388,300.44,14.0966,61.9903,380.158,14.0966,71.3301,480.499,14.0966,81.902,606.796,14.0966,93.8685,765.761,14.0966,107.414,965.837,14.0966,122.746,1217.65,14.0966,140.101,1534.57,14.0966,159.745,1933.41,14.0966,181.981,2435.3,14.0966,207.15,3066.85,14.0966,235.64,3861.46,14.0966,267.889,4861.11,14.0966,304.391,6118.54,14.0966,345.709,7699.91,14.0966,392.478,9688.22,14.0966,445.417,12187.5,14.0966,505.339,15327.7,14.0966,573.165,19271.6,14.0966,649.938,24222,14.0966,736.839,30430.9,14.0966,835.202,38211.5,14.0966,946.539,47950.3,14.0966,1072.56,60122.8,14.0966,1215.21,75309.9,14.0966,1376.66,94216.2,14.0966,1559.41,117688,14.0966,1766.26,146729,14.0966,2000.39,182510,14.0966,2265.39,226372,14.0966,2565.33,279806,14.0966,2904.81,344416,14.0966,3289.05,421845,14.0966,3723.93,513667,14.0966,4216.13,621231,14.0966,4773.18,745478,14.0966,5403.64,886744,14.0966,6117.15,1.04457e+06,14.0966,6924.63,1.2176e+06,14.0966,11.7194,11.96,12.6541,13.9321,16.1295,13.6434,16.6097,21.9702,13.9553,19.7532,29.5285,14.0526,23.3844,39.1143,14.0829,27.5423,51.2054,14.0923,32.2796,66.434,14.0953,37.662,85.6061,14.0962,43.7675,109.74,14.0965,50.687,140.119,14.0966,58.5249,178.359,14.0966,67.4005,226.493,14.0966,77.4493,287.08,14.0966,88.8254,363.343,14.0966,101.703,459.336,14.0966,116.281,580.161,14.0966,132.782,732.241,14.0966,151.46,923.655,14.0966,172.603,1164.57,14.0966,196.535,1467.79,14.0966,223.625,1849.39,14.0966,254.288,2329.62,14.0966,288.997,2933.93,14.0966,328.285,3694.33,14.0966,372.755,4651.04,14.0966,423.092,5854.57,14.0966,480.07,7368.38,14.0966,544.564,9272.08,14.0966,617.566,11665.5,14.0966,700.197,14673.6,14.0966,793.729,18452.9,14.0966,899.599,23198.6,14.0966,1019.43,29154.1,14.0966,1155.07,36622.3,14.0966,1308.6,45977.9,14.0966,1482.39,57683.7,14.0966,1679.09,72307.8,14.0966,1901.73,90542.8,14.0966,2153.73,113226,14.0966,2438.97,141360,14.0966,2761.81,176127,14.0966,3127.22,218898,14.0966,3540.81,271226,14.0966,4008.92,334817,14.0966,4538.74,411470,14.0966,5138.38,502973,14.0966,5817.04,610948,14.0966,6585.12,736653,14.0966,7454.39,880741,14.0966,8438.15,1.04302e+06,14.0966,9551.45,1.22224e+06,14.0966,10811.3,1.41602e+06,14.0966,12237,1.62086e+06,14.0966,11.7194,11.96,12.6541,2.21263,4.16949,0.989383,2.67766,5.84076,0.311842,3.14343,7.55825,0.0972771,3.63127,9.58578,0.0303237,4.15787,12.0912,0.00945211,4.73731,15.2286,0.00294633,5.38238,19.1721,0.000918508,6.10553,24.134,0.000286163,6.91951,30.3791,8.92692e-05,7.83792,38.2397,2.78121e-05,8.87555,48.1338,8.65134e-06,10.0489,60.5876,2.7882e-06,11.3761,76.2629,8.29036e-07,12.8779,95.9927,2.4373e-07,14.5775,120.825,4.33068e-09,16.5012,152.08,1.75749e-07,18.6784,191.415,-1.86328e-07,21.1428,240.917,1.91829e-07,23.9322,303.213,-1.81475e-07,27.0895,381.602,7.0186e-08,30.6634,480.231,-2.86769e-08,34.7087,604.316,2.40784e-07,39.2876,760.401,9.87368e-08,44.4705,956.705,1.22263e-07,50.3371,1203.54,-4.31966e-07,56.9776,1513.81,-1.9705e-07,64.494,1903.69,-2.763e-08,73.0018,2393.4,3.9185e-07,82.6317,3008.13,1.35379e-07,93.5318,3779.25,-4.16351e-08,105.869,4745.7,2.06965e-08,119.834,5955.6,-3.18887e-07,135.641,7468.12,-1.48271e-08,153.531,9355.62,2.00739e-07,173.781,11705.8,2.28358e-07,196.701,14624.1,-1.93587e-08,222.642,18235,-2.88101e-07,252.003,22683.4,-2.24732e-07,285.234,28134,8.56806e-09,322.845,34767,2.34258e-07,365.413,42770.9,2.99668e-07,413.588,52327.9,8.28644e-08,468.111,63591.2,-3.07049e-07,529.814,76653.2,-3.1888e-07,599.642,91502.5,-6.72276e-08,678.662,107975,2.26339e-07,768.083,125705,3.69212e-07,869.267,144088,2.04077e-07,983.76,162277,-2.80509e-07,1113.3,179223,-4.22737e-07,1259.87,193777,-1.71951e-07,1425.68,204839,4.55555e-07,11.7194,11.96,12.6541,2.21263,4.16949,0.989383,2.67766,5.84076,0.311842,3.14343,7.55825,0.0972771,3.63127,9.58578,0.0303237,4.15787,12.0912,0.00945211,4.73731,15.2286,0.00294633,5.38238,19.1721,0.000918508,6.10553,24.134,0.000286163,6.91951,30.3791,8.92692e-05,7.83792,38.2397,2.78121e-05,8.87555,48.1338,8.65134e-06,10.0489,60.5876,2.7882e-06,11.3761,76.2629,8.29036e-07,12.8779,95.9927,2.4373e-07,14.5775,120.825,1e-08,16.5012,152.08,1.75749e-07,18.6784,191.415,1e-08,21.1428,240.917,1.91829e-07,23.9322,303.213,1e-08,27.0895,381.602,7.0186e-08,30.6634,480.231,1e-08,34.7087,604.316,2.40784e-07,39.2876,760.401,9.87368e-08,44.4705,956.705,1.22263e-07,50.3371,1203.54,1e-08,56.9776,1513.81,1e-08,64.494,1903.69,1e-08,73.0018,2393.4,3.9185e-07,82.6317,3008.13,1.35379e-07,93.5318,3779.25,1e-08,105.869,4745.7,2.06965e-08,119.834,5955.6,1e-08,135.641,7468.12,1e-08,153.531,9355.62,2.00739e-07,173.781,11705.8,2.28358e-07,196.701,14624.1,1e-08,222.642,18235,1e-08,252.003,22683.4,1e-08,285.234,28134,1e-08,322.845,34767,2.34258e-07,365.413,42770.9,2.99668e-07,413.588,52327.9,8.28644e-08,468.111,63591.2,1e-08,529.814,76653.2,1e-08,599.642,91502.5,1e-08,678.662,107975,2.26339e-07,768.083,125705,3.69212e-07,869.267,144088,2.04077e-07,983.76,162277,1e-08,1113.3,179223,1e-08,1259.87,193777,1e-08,1425.68,204839,4.55555e-07,6.2823,3.27286,2.43537,0.219672,6.18826,2.24117,0.56371,6.87772,2.63624,0.308279,21,19,17,2,7,2,2,3,0,5,5,0,1,9,0,4,9,0,12,9,0,8,19,0,4,8,0,5,17,0,6,51,0,2,69,0,8,91,0,15,102,0,9,145,0,14,266,0,11,124,0,21,190,0,9,411,0,26,373,0,13,487,0,31,270,0,51,620,0,72,1133,0,41,590,0,31,514,0,19,1137,0,48,2090,0,103,3376,0,75,3281,0,75,2661,0,34,6787,0,194,10861,0,163,4568,0,127,8587,0,234,15795,0,161,18328,0,104,14552,0,297,20328,0,323,15758,0,230,22385,0,404,35028,0,435,67147,0,283,11578,0,469,91858,0,743,83185,0,594,74900,0,1446,228484,0,757,134568,0,846,162136,0,988,69400,0,826,164139,0,792,166683,0
-1.05176e+08,1,8.88811e-15,10,1023,0,1.05176e+08,0.528882,1.08665,0.389689,0.145397,0.379329,3.24381,0.161596,0.446195,1.77396,0.159177,1.15e+07,4.49998e+06,6.79999e+06,1.15e+07,4.49997e+06,6.79999e+06,1.15e+07,4.49996e+06,6.79999e+06,1.15e+07,4.49995e+06,6.79999e+06,1.14999e+07,4.49993e+06,6.79999e+06,1.14999e+07,4.49991e+06,6.79999e+06,1.14999e+07,4.49989e+06,6.79999e+06,1.14999e+07,4.49986e+06,6.79999e+06,1.14999e+07,4.49982e+06,6.79999e+06,1.14999e+07,4.49977e+06,6.79999e+06,1.14999e+07,4.49971e+06,6.79999e+06,1.14999e+07,4.49963e+06,6.79999e+06,1.14998e+07,4.49953e+06,6.79999e+06,1.14998e+07,4.49941e+06,6.79999e+06,1.14998e+07,4.49926e+06,6.79999e+06,1.14998e+07,4.49906e+06,6.79999e+06,1.14997e+07,4.49882e+06,6.79999e+06,1.14997e+07,4.49851e+06,6.79999e+06,1.14997e+07,4.49812e+06,6.79999e+06,1.14996e+07,4.49764e+06,6.79999e+06,1.14996e+07,4.49702e+06,6.79999e+06,1.14995e+07,4.49625e+06,6.79999e+06,1.14995e+07,4.49528e+06,6.79999e+06,1.14994e+07,4.49406e+06,6.79999e+06,1.14993e+07,4.49253e+06,6.79999e+06,1.14992e+07,4.49059e+06,6.79999e+06,1.14991e+07,4.48817e+06,6.79999e+06,1.1499e+07,4.48511e+06,6.79999e+06,1.14988e+07,4.48128e+06,6.79999e+06,1.14987e+07,4.47646e+06,6.79999e+06,1.14985e+07,4.47041e+06,6.79999e+06,1.14983e+07,4.46281e+06,6.79999e+06,1.14981e+07,4.4533e+06,6.79999e+06,1.14979e+07,4.44138e+06,6.79999e+06,1.14976e+07,4.42649e+06,6.79999e+06,1.14972e+07,4.40789e+06,6.79999e+06,1.14969e+07,4.38471e+06,6.79999e+06,1.14965e+07,4.35592e+06,6.79999e+06,1.1496e+07,4.32027e+06,6.79999e+06,1.14955e+07,4.27629e+06,6.79999e+06,1.14949e+07,4.22231e+06,6.79999e+06,1.14942e+07,4.15647e+06,6.79999e+06,1.14934e+07,4.07676e+06,6.79999e+06,1.14926e+07,3.98112e+06,6.79999e+06,1.14916e+07,3.86765e+06,6.79999e+06,1.14905e+07,3.73474e+06,6.79999e+06,1.14892e+07,3.58148e+06,6.79999e+06,1.14878e+07,3.40785e+06,6.79999e+06,1.14862e+07,3.21513e+06,6.79999e+06,1.14844e+07,3.00605e+06,6.79999e+06,1.14823e+07,2.7848e+06,6.79999e+06,1.148e+07,2.5568e+06,6.79999e+06,1.14773e+07,2.32825e+06,6.79999e+06,13.5742,8.52444,0.508366,16.8306,13.2585,0.162638,20.0035,17.569,0.0507846,23.2616,22.4214,0.0158319,26.7328,28.3297,0.00493498,30.5212,35.6974,0.00153831,34.7178,44.9473,0.000479527,39.4086,56.5822,0.000149456,44.6796,71.2245,4.66214e-05,50.6209,89.6543,1.45419e-05,57.3297,112.852,4.54748e-06,64.9129,142.051,1.43857e-06,73.4897,178.803,4.36618e-07,83.1934,225.062,1.40153e-07,94.1745,283.286,4.96378e-08,106.602,356.568,1.05434e-07,120.669,448.799,-6.49244e-08,136.59,564.873,1.70148e-07,154.611,710.948,-5.34594e-08,175.008,894.767,1.63407e-07,198.097,1126.06,8.04804e-08,224.231,1417.07,1.14667e-07,253.813,1783.15,-1.71227e-07,287.297,2243.62,-2.88466e-07,325.198,2822.67,-4.33651e-07,368.098,3550.67,7.9318e-08,416.657,4465.65,3.13319e-07,471.621,5615.16,3.4613e-07,533.835,7058.61,-1.19199e-07,604.255,8870.02,-2.79964e-07,683.962,11141.4,-2.30521e-07,774.182,13986.7,-2.55099e-07,876.299,17546.4,1.23585e-07,991.883,21993.1,1.41192e-07,1122.71,27536.7,-9.71886e-08,1270.78,34430.7,-3.68368e-07,1438.38,42977.7,-3.45379e-07,1628.07,53532.7,-3.25328e-09,1842.77,66504.6,2.6362e-07,2085.77,82350.2,2.53445e-07,2360.79,101560,-2.47407e-08,2672.05,124632,-3.80602e-07,3024.31,152018,-4.79005e-07,3422.98,184060,-1.14379e-07,3874.15,220884,2.64297e-07,4384.72,262283,3.44131e-07,4962.49,307576,7.5349e-08,5616.29,355497,-3.63097e-07,6356.1,404126,-6.05442e-07,7193.18,450932,-2.72333e-07,8140.28,492963,2.29675e-07,9211.79,527178,4.3387e-07,10424,550893,-1.0711e-07,10.102,8.06553,2.81012,10.6436,8.57909,0.869423,11.5336,10.2515,0.270869,12.7211,12.7138,0.0844293,14.1823,15.9373,0.0263173,15.9122,20.0383,0.0082035,17.9198,25.2154,0.00255722,20.2244,31.7373,0.000797017,22.8539,39.9486,0.000248622,25.8438,50.2851,7.75492e-05,29.237,63.2963,2.42508e-05,33.0837,79.6738,7.67162e-06,37.4415,100.288,2.32837e-06,42.3767,126.236,7.33e-07,47.9646,158.896,2.79256e-07,54.2906,200.003,9.87351e-09,61.452,251.741,1.61085e-07,69.5585,316.859,-2.47141e-07,78.7347,398.812,8.93552e-08,89.1218,501.948,-2.53231e-07,100.879,631.736,-1.25047e-07,114.188,795.049,-1.78808e-07,129.252,1000.53,2.6733e-07,146.304,1259.03,4.50292e-07,165.605,1584.19,6.76904e-07,187.452,1993.12,-1.23808e-07,212.181,2507.27,-4.89068e-07,240.173,3153.54,-5.40284e-07,271.856,3965.56,1.86061e-07,307.719,4985.38,4.37004e-07,348.313,6265.4,3.59828e-07,394.26,7870.83,3.98192e-07,446.268,9882.51,-1.92908e-07,505.135,12400.3,-2.20392e-07,571.766,15546.9,1.51705e-07,647.184,19472.2,5.74996e-07,732.547,24357.4,5.39112e-07,829.167,30420,5.07815e-09,938.526,37916.3,-4.11492e-07,1062.3,47143.9,-3.9561e-07,1202.4,58439.2,3.86185e-08,1360.96,72169.3,5.94093e-07,1540.42,88715.8,7.47693e-07,1743.53,108445,1.78537e-07,1973.41,131665,-4.12549e-07,2233.57,158557,-5.37164e-07,2528,189103,-1.17615e-07,2861.2,222986,5.66769e-07,3238.27,259510,9.45053e-07,3664.97,297540,4.25093e-07,4147.81,335497,-3.58506e-07,4694.17,371444,-6.7724e-07,5312.37,403256,1.67192e-07,1.61744,3.89446,9.84394,3.28846,7.5504,12.774,5.07607,11.7187,13.6844,7.03202,16.8147,13.9681,9.20215,23.1769,14.0566,11.6301,31.1672,14.0841,14.3598,41.2186,14.0927,17.4376,53.8688,14.0954,20.9137,69.7915,14.0962,24.8432,89.8341,14.0965,29.2879,115.063,14.0966,34.3168,146.819,14.0966,40.0078,186.792,14.0966,46.4487,237.107,14.0966,53.7388,300.44,14.0966,61.9903,380.158,14.0966,71.3301,480.499,14.0966,81.902,606.796,14.0966,93.8685,765.761,14.0966,107.414,965.837,14.0966,122.746,1217.65,14.0966,140.101,1534.57,14.0966,159.745,1933.41,14.0966,181.981,2435.3,14.0966,207.15,3066.85,14.0966,235.64,3861.46,14.0966,267.889,4861.11,14.0966,304.391,6118.54,14.0966,345.709,7699.91,14.0966,392.478,9688.22,14.0966,445.417,12187.5,14.0966,505.339,15327.7,14.0966,573.165,19271.6,14.0966,649.938,24222,14.0966,736.839,30430.9,14.0966,835.202,38211.5,14.0966,946.539,47950.3,14.0966,1072.56,60122.8,14.0966,1215.21,75309.9,14.0966,1376.66,94216.2,14.0966,1559.41,117688,14.0966,1766.26,146729,14.0966,2000.39,182510,14.0966,2265.39,226372,14.0966,2565.33,279806,14.0966,2904.81,344416,14.0966,3289.05,421845,14.0966,3723.93,513667,14.0966,4216.13,621231,14.0966,4773.18,745478,14.0966,5403.64,886744,14.0966,6117.15,1.04457e+06,14.0966,6924.63,1.2176e+06,14.0966,11.7194,11.96,12.6541,13.9321,16.1295,13.6434,16.6097,21.9702,13.9553,19.7532,29.5285,14.0526,23.3844,39.1143,14.0829,27.5423,51.2054,14.0923,32.2796,66.434,14.0953,37.662,85.6061,14.0962,43.7675,109.74,14.0965,50.687,140.119,14.0966,58.5249,178.359,14.0966,67.4005,226.493,14.0966,77.4493,287.08,14.0966,88.8254,363.343,14.0966,101.703,459.336,14.0966,116.281,580.161,14.0966,132.782,732.241,14.0966,151.46,923.655,14.0966,172.603,1164.57,14.0966,196.535,1467.79,14.0966,223.625,1849.39,14.0966,254.288,2329.62,14.0966,288.997,2933.93,14.0966,328.285,3694.33,14.0966,372.755,4651.04,14.0966,423.092,5854.57,14.0966,480.07,7368.38,14.0966,544.564,9272.08,14.0966,617.566,11665.5,14.0966,700.197,14673.6,14.0966,793.729,18452.9,14.0966,899.599,23198.6,14.0966,1019.43,29154.1,14.0966,1155.07,36622.3,14.0966,1308.6,45977.9,14.0966,1482.39,57683.7,14.0966,1679.09,72307.8,14.0966,1901.73,90542.8,14.0966,2153.73,113226,14.0966,2438.97,141360,14.0966,2761.81,176127,14.0966,3127.22,218898,14.0966,3540.81,271226,14.0966,4008.92,334817,14.0966,4538.74,411470,14.0966,5138.38,502973,14.0966,5817.04,610948,14.0966,6585.12,736653,14.0966,7454.39,880741,14.0966,8438.15,1.04302e+06,14.0966,9551.45,1.22224e+06,14.0966,10811.3,1.41602e+06,14.0966,12237,1.62086e+06,14.0966,11.7194,11.96,12.6541,2.21263,4.16949,0.989383,2.67766,5.84076,0.311842,3.14343,7.55825,0.0972771,3.63127,9.58578,0.0303237,4.15787,12.0912,0.00945211,4.73731,15.2286,0.00294633,5.38238,19.1721,0.000918508,6.10553,24.134,0.000286163,6.91951,30.3791,8.92692e-05,7.83792,38.2397,2.78121e-05,8.87555,48.1338,8.65134e-06,10.0489,60.5876,2.7882e-06,11.3761,76.2629,8.29036e-07,12.8779,95.9927,2.4373e-07,14.5775,120.825,4.33068e-09,16.5012,152.08,1.75749e-07,18.6784,191.415,-1.86328e-07,21.1428,240.917,1.91829e-07,23.9322,303.213,-1.81475e-07,27.0895,381.602,7.0186e-08,30.6634,480.231,-2.86769e-08,34.7087,604.316,2.40784e-07,39.2876,760.401,9.87368e-08,44.4705,956.705,1.22263e-07,50.3371,1203.54,-4.31966e-07,56.9776,1513.81,-1.9705e-07,64.494,1903.69,-2.763e-08,73.0018,2393.4,3.9185e-07,82.6317,3008.13,1.35379e-07,93.5318,3779.25,-4.16351e-08,105.869,4745.7,2.06965e-08,119.834,5955.6,-3.18887e-07,135.641,7468.12,-1.48271e-08,153.531,9355.62,2.00739e-07,173.781,11705.8,2.28358e-07,196.701,14624.1,-1.93587e-08,222.642,18235,-2.88101e-07,252.003,22683.4,-2.24732e-07,285.234,28134,8.56806e-09,322.845,34767,2.34258e-07,365.413,42770.9,2.99668e-07,413.588,52327.9,8.28644e-08,468.111,63591.2,-3.07049e-07,529.814,76653.2,-3.1888e-07,599.642,91502.5,-6.72276e-08,678.662,107975,2.26339e-07,768.083,125705,3.69212e-07,869.267,144088,2.04077e-07,983.76,162277,-2.80509e-07,1113.3,179223,-4.22737e-07,1259.87,193777,-1.71951e-07,1425.68,204839,4.55555e-07,11.7194,11.96,12.6541,2.21263,4.16949,0.989383,2.67766,5.84076,0.311842,3.14343,7.55825,0.0972771,3.63127,9.58578,0.0303237,4.15787,12.0912,0.00945211,4.73731,15.2286,0.00294633,5.38238,19.1721,0.000918508,6.10553,24.134,0.000286163,6.91951,30.3791,8.92692e-05,7.83792,38.2397,2.78121e-05,8.87555,48.1338,8.65134e-06,10.0489,60.5876,2.7882e-06,11.3761,76.2629,8.29036e-07,12.8779,95.9927,2.4373e-07,14.5775,120.825,1e-08,16.5012,152.08,1.75749e-07,18.6784,191.415,1e-08,21.1428,240.917,1.91829e-07,23.9322,303.213,1e-08,27.0895,381.602,7.0186e-08,30.6634,480.231,1e-08,34.7087,604.316,2.40784e-07,39.2876,760.401,9.87368e-08,44.4705,956.705,1.22263e-07,50.3371,1203.54,1e-08,56.9776,1513.81,1e-08,64.494,1903.69,1e-08,73.0018,2393.4,3.9185e-07,82.6317,3008.13,1.35379e-07,93.5318,3779.25,1e-08,105.869,4745.7,2.06965e-08,119.834,5955.6,1e-08,135.641,7468.12,1e-08,153.531,9355.62,2.00739e-07,173.781,11705.8,2.28358e-07,196.701,14624.1,1e-08,222.642,18235,1e-08,252.003,22683.4,1e-08,285.234,28134,1e-08,322.845,34767,2.34258e-07,365.413,42770.9,2.99668e-07,413.588,52327.9,8.28644e-08,468.111,63591.2,1e-08,529.814,76653.2,1e-08,599.642,91502.5,1e-08,678.662,107975,2.26339e-07,768.083,125705,3.69212e-07,869.267,144088,2.04077e-07,983.76,162277,1e-08,1113.3,179223,1e-08,1259.87,193777,1e-08,1425.68,204839,4.55555e-07,6.2823,3.27286,2.43537,0.219672,6.18826,2.24117,0.56371,6.87772,2.63624,0.308279,13,16,10,4,6,1,7,8,0,4,4,0,8,10,0,2,11,0,8,18,0,3,16,0,13,32,0,3,21,0,4,13,0,2,105,0,12,53,0,17,48,0,6,95,0,12,130,0,10,222,0,13,186,0,15,225,0,5,211,0,17,440,0,23,617,0,25,787,0,36,825,0,35,433,0,39,1221,0,76,1388,0,35,5316,0,46,3169,0,101,2039,0,131,1865,0,55,4889,0,105,8818,0,113,8218,0,89,13244,0,134,13181,0,195,17886,0,166,19824,0,347,20572,0,215,45904,0,235,52166,0,380,49737,0,332,54630,0,260,28540,0,216,28746,0,721,63488,0,658,136421,0,607,163379,0,645,106396,0,556,111185,0,577,237146,0,635,84033,0,1437,218336,0
-1.05176e+08,1,8.88811e-15,10,1023,0,1.05176e+08,0.528882,1.08665,0.389689,0.145397,0.379329,3.24381,0.161596,0.446195,1.77396,0.159177,1.15e+07,4.49998e+06,6.79999e+06,1.15e+07,4.49997e+06,6.79999e+06,1.15e+07,4.49996e+06,6.79999e+06,1.15e+07,4.49995e+06,6.79999e+06,1.14999e+07,4.49993e+06,6.79999e+06,1.14999e+07,4.49991e+06,6.79999e+06,1.14999e+07,4.49989e+06,6.79999e+06,1.14999e+07,4.49986e+06,6.79999e+06,1.14999e+07,4.49982e+06,6.79999e+06,1.14999e+07,4.49977e+06,6.79999e+06,1.14999e+07,4.49971e+06,6.79999e+06,1.14999e+07,4.49963e+06,6.79999e+06,1.14998e+07,4.49953e+06,6.79999e+06,1.14998e+07,4.49941e+06,6.79999e+06,1.14998e+07,4.49926e+06,6.79999e+06,1.14998e+07,4.49906e+06,6.79999e+06,1.14997e+07,4.49882e+06,6.79999e+06,1.14997e+07,4.49851e+06,6.79999e+06,1.14997e+07,4.49812e+06,6.79999e+06,1.14996e+07,4.49764e+06,6.79999e+06,1.14996e+07,4.49702e+06,6.79999e+06,1.14995e+07,4.49625e+06,6.79999e+06,1.14995e+07,4.49528e+06,6.79999e+06,1.14994e+07,4.49406e+06,6.79999e+06,1.14993e+07,4.49253e+06,6.79999e+06,1.14992e+07,4.49059e+06,6.79999e+06,1.14991e+07,4.48817e+06,6.79999e+06,1.1499e+07,4.48511e+06,6.79999e+06,1.14988e+07,4.48128e+06,6.79999e+06,1.14987e+07,4.47646e+06,6.79999e+06,1.14985e+07,4.47041e+06,6.79999e+06,1.14983e+07,4.46281e+06,6.79999e+06,1.14981e+07,4.4533e+06,6.79999e+06,1.14979e+07,4.44138e+06,6.79999e+06,1.14976e+07,4.42649e+06,6.79999e+06,1.14972e+07,4.40789e+06,6.79999e+06,1.14969e+07,4.38471e+06,6.79999e+06,1.14965e+07,4.35592e+06,6.79999e+06,1.1496e+07,4.32027e+06,6.79999e+06,1.14955e+07,4.27629e+06,6.79999e+06,1.14949e+07,4.22231e+06,6.79999e+06,1.14942e+07,4.15647e+06,6.79999e+06,1.14934e+07,4.07676e+06,6.79999e+06,1.14926e+07,3.98112e+06,6.79999e+06,1.14916e+07,3.86765e+06,6.79999e+06,1.14905e+07,3.73474e+06,6.79999e+06,1.14892e+07,3.58148e+06,6.79999e+06,1.14878e+07,3.40785e+06,6.79999e+06,1.14862e+07,3.21513e+06,6.79999e+06,1.14844e+07,3.00605e+06,6.79999e+06,1.14823e+07,2.7848e+06,6.79999e+06,1.148e+07,2.5568e+06,6.79999e+06,1.14773e+07,2.32825e+06,6.79999e+06,13.5742,8.52444,0.508366,16.8306,13.2585,0.162638,20.0035,17.569,0.0507846,23.2616,22.4214,0.0158319,26.7328,28.3297,0.00493498,30.5212,35.6974,0.00153831,34.7178,44.9473,0.000479527,39.4086,56.5822,0.000149456,44.6796,71.2245,4.66214e-05,50.6209,89.6543,1.45419e-05,57.3297,112.852,4.54748e-06,64.9129,142.051,1.43857e-06,73.4897,178.803,4.36618e-07,83.1934,225.062,1.40153e-07,94.1745,283.286,4.96378e-08,106.602,356.568,1.05434e-07,120.669,448.799,-6.49244e-08,136.59,564.873,1.70148e-07,154.611,710.948,-5.34594e-08,175.008,894.767,1.63407e-07,198.097,1126.06,8.04804e-08,224.231,1417.07,1.14667e-07,253.813,1783.15,-1.71227e-07,287.297,2243.62,-2.88466e-07,325.198,2822.67,-4.33651e-07,368.098,3550.67,7.9318e-08,416.657,4465.65,3.13319e-07,471.621,5615.16,3.4613e-07,533.835,7058.61,-1.19199e-07,604.255,8870.02,-2.79964e-07,683.962,11141.4,-2.30521e-07,774.182,13986.7,-2.55099e-07,876.299,17546.4,1.23585e-07,991.883,21993.1,1.41192e-07,1122.71,27536.7,-9.71886e-08,1270.78,34430.7,-3.68368e-07,1438.38,42977.7,-3.45379e-07,1628.07,53532.7,-3.25328e-09,1842.77,66504.6,2.6362e-07,2085.77,82350.2,2.53445e-07,2360.79,101560,-2.47407e-08,2672.05,124632,-3.80602e-07,3024.31,152018,-4.79005e-07,3422.98,184060,-1.14379e-07,3874.15,220884,2.64297e-07,4384.72,262283,3.44131e-07,4962.49,307576,7.5349e-08,5616.29,355497,-3.63097e-07,6356.1,404126,-6.05442e-07,7193.18,450932,-2.72333e-07,8140.28,492963,2.29675e-07,9211.79,527178,4.3387e-07,10424,550893,-1.0711e-07,10.102,8.06553,2.81012,10.6436,8.57909,0.869423,11.5336,10.2515,0.270869,12.7211,12.7138,0.0844293,14.1823,15.9373,0.0263173,15.9122,20.0383,0.0082035,17.9198,25.2154,0.00255722,20.2244,31.7373,0.000797017,22.8539,39.9486,0.000248622,25.8438,50.2851,7.75492e-05,29.237,63.2963,2.42508e-05,33.0837,79.6738,7.67162e-06,37.4415,100.288,2.32837e-06,42.3767,126.236,7.33e-07,47.9646,158.896,2.79256e-07,54.2906,200.003,9.87351e-09,61.452,251.741,1.61085e-07,69.5585,316.859,-2.47141e-07,78.7347,398.812,8.93552e-08,89.1218,501.948,-2.53231e-07,100.879,631.736,-1.25047e-07,114.188,795.049,-1.78808e-07,129.252,1000.53,2.6733e-07,146.304,1259.03,4.50292e-07,165.605,1584.19,6.76904e-07,187.452,1993.12,-1.23808e-07,212.181,2507.27,-4.89068e-07,240.173,3153.54,-5.40284e-07,271.856,3965.56,1.86061e-07,307.719,4985.38,4.37004e-07,348.313,6265.4,3.59828e-07,394.26,7870.83,3.98192e-07,446.268,9882.51,-1.92908e-07,505.135,12400.3,-2.20392e-07,571.766,15546.9,1.51705e-07,647.184,19472.2,5.74996e-07,732.547,24357.4,5.39112e-07,829.167,30420,5.07815e-09,938.526,37916.3,-4.11492e-07,1062.3,47143.9,-3.9561e-07,1202.4,58439.2,3.86185e-08,1360.96,72169.3,5.94093e-07,1540.42,88715.8,7.47693e-07,1743.53,108445,1.78537e-07,1973.41,131665,-4.12549e-07,2233.57,158557,-5.37164e-07,2528,189103,-1.17615e-07,2861.2,222986,5.66769e-07,3238.27,259510,9.45053e-07,3664.97,297540,4.25093e-07,4147.81,335497,-3.58506e-07,4694.17,371444,-6.7724e-07,5312.37,403256,1.67192e-07,1.61744,3.89446,9.84394,3.28846,7.5504,12.774,5.07607,11.7187,13.6844,7.03202,16.8147,13.9681,9.20215,23.1769,14.0566,11.6301,31.1672,14.0841,14.3598,41.2186,14.0927,17.4376,53.8688,14.0954,20.9137,69.7915,14.0962,24.8432,89.8341,14.0965,29.2879,115.063,14.0966,34.3168,146.819,14.0966,40.0078,186.792,14.0966,46.4487,237.107,14.0966,53.7388,300.44,14.0966,61.9903,380.158,14.0966,71.3301,480.499,14.0966,81.902,606.796,14.0966,93.8685,765.761,14.0966,107.414,965.837,14.0966,122.746,1217.65,14.0966,140.101,1534.57,14.0966,159.745,1933.41,14.0966,181.981,2435.3,14.0966,207.15,3066.85,14.0966,235.64,3861.46,14.0966,267.889,4861.11,14.0966,304.391,6118.54,14.0966,345.709,7699.91,14.0966,392.478,9688.22,14.0966,445.417,12187.5,14.0966,505.339,15327.7,14.0966,573.165,19271.6,14.0966,649.938,24222,14.0966,736.839,30430.9,14.0966,835.202,38211.5,14.0966,946.539,47950.3,14.0966,1072.56,60122.8,14.0966,1215.21,75309.9,14.0966,1376.66,94216.2,14.0966,1559.41,117688,14.0966,1766.26,146729,14.0966,2000.39,182510,14.0966,2265.39,226372,14.0966,2565.33,279806,14.0966,2904.81,344416,14.0966,3289.05,421845,14.0966,3723.93,513667,14.0966,4216.13,621231,14.0966,4773.18,745478,14.0966,5403.64,886744,14.0966,6117.15,1.04457e+06,14.0966,6924.63,1.2176e+06,14.0966,11.7194,11.96,12.6541,13.9321,16.1295,13.6434,16.6097,21.9702,13.9553,19.7532,29.5285,14.0526,23.3844,39.1143,14.0829,27.5423,51.2054,14.0923,32.2796,66.434,14.0953,37.662,85.6061,14.0962,43.7675,109.74,14.0965,50.687,140.119,14.0966,58.5249,178.359,14.0966,67.4005,226.493,14.0966,77.4493,287.08,14.0966,88.8254,363.343,14.0966,101.703,459.336,14.0966,116.281,580.161,14.0966,132.782,732.241,14.0966,151.46,923.655,14.0966,172.603,1164.57,14.0966,196.535,1467.79,14.0966,223.625,1849.39,14.0966,254.288,2329.62,14.0966,288.997,2933.93,14.0966,328.285,3694.33,14.0966,372.755,4651.04,14.0966,423.092,5854.57,14.0966,480.07,7368.38,14.0966,544.564,9272.08,14.0966,617.566,11665.5,14.0966,700.197,14673.6,14.0966,793.729,18452.9,14.0966,899.599,23198.6,14.0966,1019.43,29154.1,14.0966,1155.07,36622.3,14.0966,1308.6,45977.9,14.0966,1482.39,57683.7,14.0966,1679.09,72307.8,14.0966,1901.73,90542.8,14.0966,2153.73,113226,14.0966,2438.97,141360,14.0966,2761.81,176127,14.0966,3127.22,218898,14.0966,3540.81,271226,14.0966,4008.92,334817,14.0966,4538.74,411470,14.0966,5138.38,502973,14.0966,5817.04,610948,14.0966,6585.12,736653,14.0966,7454.39,880741,14.0966,8438.15,1.04302e+06,14.0966,9551.45,1.22224e+06,14.0966,10811.3,1.41602e+06,14.0966,12237,1.62086e+06,14.0966,11.7194,11.96,12.6541,2.21263,4.16949,0.989383,2.67766,5.84076,0.311842,3.14343,7.55825,0.0972771,3.63127,9.58578,0.0303237,4.15787,12.0912,0.00945211,4.73731,15.2286,0.00294633,5.38238,19.1721,0.000918508,6.10553,24.134,0.000286163,6.91951,30.3791,8.92692e-05,7.83792,38.2397,2.78121e-05,8.87555,48.1338,8.65134e-06,10.0489,60.5876,2.7882e-06,11.3761,76.2629,8.29036e-07,12.8779,95.9927,2.4373e-07,14.5775,120.825,4.33068e-09,16.5012,152.08,1.75749e-07,18.6784,191.415,-1.86328e-07,21.1428,240.917,1.91829e-07,23.9322,303.213,-1.81475e-07,27.0895,381.602,7.0186e-08,30.6634,480.231,-2.86769e-08,34.7087,604.316,2.40784e-07,39.2876,760.401,9.87368e-08,44.4705,956.705,1.22263e-07,50.3371,1203.54,-4.31966e-07,56.9776,1513.81,-1.9705e-07,64.494,1903.69,-2.763e-08,73.0018,2393.4,3.9185e-07,82.6317,3008.13,1.35379e-07,93.5318,3779.25,-4.16351e-08,105.869,4745.7,2.06965e-08,119.834,5955.6,-3.18887e-07,135.641,7468.12,-1.48271e-08,153.531,9355.62,2.00739e-07,173.781,11705.8,2.28358e-07,196.701,14624.1,-1.93587e-08,222.642,18235,-2.88101e-07,252.003,22683.4,-2.24732e-07,285.234,28134,8.56806e-09,322.845,34767,2.34258e-07,365.413,42770.9,2.99668e-07,413.588,52327.9,8.28644e-08,468.111,63591.2,-3.07049e-07,529.814,76653.2,-3.1888e-07,599.642,91502.5,-6.72276e-08,678.662,107975,2.26339e-07,768.083,125705,3.69212e-07,869.267,144088,2.04077e-07,983.76,162277,-2.80509e-07,1113.3,179223,-4.22737e-07,1259.87,193777,-1.71951e-07,1425.68,204839,4.55555e-07,11.7194,11.96,12.6541,2.21263,4.16949,0.989383,2.67766,5.84076,0.311842,3.14343,7.55825,0.0972771,3.63127,9.58578,0.0303237,4.15787,12.0912,0.00945211,4.73731,15.2286,0.00294633,5.38238,19.1721,0.000918508,6.10553,24.134,0.000286163,6.91951,30.3791,8.92692e-05,7.83792,38.2397,2.78121e-05,8.87555,48.1338,8.65134e-06,10.0489,60.5876,2.7882e-06,11.3761,76.2629,8.29036e-07,12.8779,95.9927,2.4373e-07,14.5775,120.825,1e-08,16.5012,152.08,1.75749e-07,18.6784,191.415,1e-08,21.1428,240.917,1.91829e-07,23.9322,303.213,1e-08,27.0895,381.602,7.0186e-08,30.6634,480.231,1e-08,34.7087,604.316,2.40784e-07,39.2876,760.401,9.87368e-08,44.4705,956.705,1.22263e-07,50.3371,1203.54,1e-08,56.9776,1513.81,1e-08,64.494,1903.69,1e-08,73.0018,2393.4,3.9185e-07,82.6317,3008.13,1.35379e-07,93.5318,3779.25,1e-08,105.869,4745.7,2.06965e-08,119.834,5955.6,1e-08,135.641,7468.12,1e-08,153.531,9355.62,2.00739e-07,173.781,11705.8,2.28358e-07,196.701,14624.1,1e-08,222.642,18235,1e-08,252.003,22683.4,1e-08,285.234,28134,1e-08,322.845,34767,2.34258e-07,365.413,42770.9,2.99668e-07,413.588,52327.9,8.28644e-08,468.111,63591.2,1e-08,529.814,76653.2,1e-08,599.642,91502.5,1e-08,678.662,107975,2.26339e-07,768.083,125705,3.69212e-07,869.267,144088,2.04077e-07,983.76,162277,1e-08,1113.3,179223,1e-08,1259.87,193777,1e-08,1425.68,204839,4.55555e-07,6.2823,3.27286,2.43537,0.219672,6.18826,2.24117,0.56371,6.87772,2.63624,0.308279,19,15,4,1,5,0,2,5,1,1,6,0,2,6,0,2,12,0,10,11,0,3,5,0,2,23,0,7,34,0,13,21,0,9,88,0,16,142,0,4,32,0,13,70,0,8,95,0,8,245,0,13,288,0,23,205,0,9,366,0,4,256,0,48,330,0,36,421,0,38,937,0,43,569,0,53,1180,0,76,2852,0,62,1625,0,26,2420,0,48,2003,0,156,3987,0,74,5701,0,89,12833,0,130,11993,0,102,10105,0,240,9008,0,144,15447,0,187,28502,0,175,10596,0,169,21976,0,406,21510,0,157,19809,0,470,44602,0,321,35423,0,416,71801,0,815,105484,0,1131,128009,0,928,83800,0,536,146600,0,547,170711,0,713,114677,0,2061,231969,0,1663,214778,0
-1.05176e+08,1,8.88811e-15,10,1023,0,1.05176e+08,0.528882,1.08665,0.389689,0.145397,0.379329,3.24381,0.161596,0.446195,1.77396,0.159177,1.15e+07,4.49998e+06,6.79999e+06,1.15e+07,4.49997e+06,6.79999e+06,1.15e+07,4.49996e+06,6.79999e+06,1.15e+07,4.49995e+06,6.79999e+06,1.14999e+07,4.49993e+06,6.79999e+06,1.14999e+07,4.49991e+06,6.79999e+06,1.14999e+07,4.49989e+06,6.79999e+06,1.14999e+07,4.49986e+06,6.79999e+06,1.14999e+07,4.49982e+06,6.79999e+06,1.14999e+07,4.49977e+06,6.79999e+06,1.14999e+07,4.49971e+06,6.79999e+06,1.14999e+07,4.49963e+06,6.79999e+06,1.14998e+07,4.49953e+06,6.79999e+06,1.14998e+07,4.49941e+06,6.79999e+06,1.14998e+07,4.49926e+06,6.79999e+06,1.14998e+07,4.49906e+06,6.79999e+06,1.14997e+07,4.49882e+06,6.79999e+06,1.14997e+07,4.49851e+06,6.79999e+06,1.14997e+07,4.49812e+06,6.79999e+06,1.14996e+07,4.49764e+06,6.79999e+06,1.14996e+07,4.49702e+06,6.79999e+06,1.14995e+07,4.49625e+06,6.79999e+06,1.14995e+07,4.49528e+06,6.79999e+06,1.14994e+07,4.49406e+06,6.79999e+06,1.14993e+07,4.49253e+06,6.79999e+06,1.14992e+07,4.49059e+06,6.79999e+06,1.14991e+07,4.48817e+06,6.79999e+06,1.1499e+07,4.48511e+06,6.79999e+06,1.14988e+07,4.48128e+06,6.79999e+06,1.14987e+07,4.47646e+06,6.79999e+06,1.14985e+07,4.47041e+06,6.79999e+06,1.14983e+07,4.46281e+06,6.79999e+06,1.14981e+07,4.4533e+06,6.79999e+06,1.14979e+07,4.44138e+06,6.79999e+06,1.14976e+07,4.42649e+06,6.79999e+06,1.14972e+07,4.40789e+06,6.79999e+06,1.14969e+07,4.38471e+06,6.79999e+06,1.14965e+07,4.35592e+06,6.79999e+06,1.1496e+07,4.32027e+06,6.79999e+06,1.14955e+07,4.27629e+06,6.79999e+06,1.14949e+07,4.22231e+06,6.79999e+06,1.14942e+07,4.15647e+06,6.79999e+06,1.14934e+07,4.07676e+06,6.79999e+06,1.14926e+07,3.98112e+06,6.79999e+06,1.14916e+07,3.86765e+06,6.79999e+06,1.14905e+07,3.73474e+06,6.79999e+06,1.14892e+07,3.58148e+06,6.79999e+06,1.14878e+07,3.40785e+06,6.79999e+06,1.14862e+07,3.21513e+06,6.79999e+06,1.14844e+07,3.00605e+06,6.79999e+06,1.14823e+07,2.7848e+06,6.79999e+06,1.148e+07,2.5568e+06,6.79999e+06,1.14773e+07,2.32825e+06,6.79999e+06,13.5742,8.52444,0.508366,16.8306,13.2585,0.162638,20.0035,17.569,0.0507846,23.2616,22.4214,0.0158319,26.7328,28.3297,0.00493498,30.5212,35.6974,0.00153831,34.7178,44.9473,0.000479527,39.4086,56.5822,0.000149456,44.6796,71.2245,4.66214e-05,50.6209,89.6543,1.45419e-05,57.3297,112.852,4.54748e-06,64.9129,142.051,1.43857e-06,73.4897,178.803,4.36618e-07,83.1934,225.062,1.40153e-07,94.1745,283.286,4.96378e-08,106.602,356.568,1.05434e-07,120.669,448.799,-6.49244e-08,136.59,564.873,1.70148e-07,154.611,710.948,-5.34594e-08,175.008,894.767,1.63407e-07,198.097,1126.06,8.04804e-08,224.231,1417.07,1.14667e-07,253.813,1783.15,-1.71227e-07,287.297,2243.62,-2.88466e-07,325.198,2822.67,-4.33651e-07,368.098,3550.67,7.9318e-08,416.657,4465.65,3.13319e-07,471.621,5615.16,3.4613e-07,533.835,7058.61,-1.19199e-07,604.255,8870.02,-2.79964e-07,683.962,11141.4,-2.30521e-07,774.182,13986.7,-2.55099e-07,876.299,17546.4,1.23585e-07,991.883,21993.1,1.41192e-07,1122.71,27536.7,-9.71886e-08,1270.78,34430.7,-3.68368e-07,1438.38,42977.7,-3.45379e-07,1628.07,53532.7,-3.25328e-09,1842.77,66504.6,2.6362e-07,2085.77,82350.2,2.53445e-07,2360.79,101560,-2.47407e-08,2672.05,124632,-3.80602e-07,3024.31,152018,-4.79005e-07,3422.98,184060,-1.14379e-07,3874.15,220884,2.64297e-07,4384.72,262283,3.44131e-07,4962.49,307576,7.5349e-08,5616.29,355497,-3.63097e-07,6356.1,404126,-6.05442e-07,7193.18,450932,-2.72333e-07,8140.28,492963,2.29675e-07,9211.79,527178,4.3387e-07,10424,550893,-1.0711e-07,10.102,8.06553,2.81012,10.6436,8.57909,0.869423,11.5336,10.2515,0.270869,12.7211,12.7138,0.0844293,14.1823,15.9373,0.0263173,15.9122,20.0383,0.0082035,17.9198,25.2154,0.00255722,20.2244,31.7373,0.000797017,22.8539,39.9486,0.000248622,25.8438,50.2851,7.75492e-05,29.237,63.2963,2.42508e-05,33.0837,79.6738,7.67162e-06,37.4415,100.288,2.32837e-06,42.3767,126.236,7.33e-07,47.9646,158.896,2.79256e-07,54.2906,200.003,9.87351e-09,61.452,251.741,1.61085e-07,69.5585,316.859,-2.47141e-07,78.7347,398.812,8.93552e-08,89.1218,501.948,-2.53231e-07,100.879,631.736,-1.25047e-07,114.188,795.049,-1.78808e-07,129.252,1000.53,2.6733e-07,146.304,1259.03,4.50292e-07,165.605,1584.19,6.76904e-07,187.452,1993.12,-1.23808e-07,212.181,2507.27,-4.89068e-07,240.173,3153.54,-5.40284e-07,271.856,3965.56,1.86061e-07,307.719,4985.38,4.37004e-07,348.313,6265.4,3.59828e-07,394.26,7870.83,3.98192e-07,446.268,9882.51,-1.92908e-07,505.135,12400.3,-2.20392e-07,571.766,15546.9,1.51705e-07,647.184,19472.2,5.74996e-07,732.547,24357.4,5.39112e-07,829.167,30420,5.07815e-09,938.526,37916.3,-4.11492e-07,1062.3,47143.9,-3.9561e-07,1202.4,58439.2,3.86185e-08,1360.96,72169.3,5.94093e-07,1540.42,88715.8,7.47693e-07,1743.53,108445,1.78537e-07,1973.41,131665,-4.12549e-07,2233.57,158557,-5.37164e-07,2528,189103,-1.17615e-07,2861.2,222986,5.66769e-07,3238.27,259510,9.45053e-07,3664.97,297540,4.25093e-07,4147.81,335497,-3.58506e-07,4694.17,371444,-6.7724e-07,5312.37,403256,1.67192e-07,1.61744,3.89446,9.84394,3.28846,7.5504,12.774,5.07607,11.7187,13.6844,7.03202,16.8147,13.9681,9.20215,23.1769,14.0566,11.6301,31.1672,14.0841,14.3598,41.2186,14.0927,17.4376,53.8688,14.0954,20.9137,69.7915,14.0962,24.8432,89.8341,14.0965,29.2879,115.063,14.0966,34.3168,146.819,14.0966,40.0078,186.792,14.0966,46.4487,237.107,14.0966,53.7388,300.44,14.0966,61.9903,380.158,14.0966,71.3301,480.499,14.0966,81.902,606.796,14.0966,93.8685,765.761,14.0966,107.414,965.837,14.0966,122.746,1217.65,14.0966,140.101,1534.57,14.0966,159.745,1933.41,14.0966,181.981,2435.3,14.0966,207.15,3066.85,14.0966,235.64,3861.46,14.0966,267.889,4861.11,14.0966,304.391,6118.54,14.0966,345.709,7699.91,14.0966,392.478,9688.22,14.0966,445.417,12187.5,14.0966,505.339,15327.7,14.0966,573.165,19271.6,14.0966,649.938,24222,14.0966,736.839,30430.9,14.0966,835.202,38211.5,14.0966,946.539,47950.3,14.0966,1072.56,60122.8,14.0966,1215.21,75309.9,14.0966,1376.66,94216.2,14.0966,1559.41,117688,14.0966,1766.26,146729,14.0966,2000.39,182510,14.0966,2265.39,226372,14.0966,2565.33,279806,14.0966,2904.81,344416,14.0966,3289.05,421845,14.0966,3723.93,513667,14.0966,4216.13,621231,14.0966,4773.18,745478,14.0966,5403.64,886744,14.0966,6117.15,1.04457e+06,14.0966,6924.63,1.2176e+06,14.0966,11.7194,11.96,12.6541,13.9321,16.1295,13.6434,16.6097,21.9702,13.9553,19.7532,29.5285,14.0526,23.3844,39.1143,14.0829,27.5423,51.2054,14.0923,32.2796,66.434,14.0953,37.662,85.6061,14.0962,43.7675,109.74,14.0965,50.687,140.119,14.0966,58.5249,178.359,14.0966,67.4005,226.493,14.0966,77.4493,287.08,14.0966,88.8254,363.343,14.0966,101.703,459.336,14.0966,116.281,580.161,14.0966,132.782,732.241,14.0966,151.46,923.655,14.0966,172.603,1164.57,14.0966,196.535,1467.79,14.0966,223.625,1849.39,14.0966,254.288,2329.62,14.0966,288.997,2933.93,14.0966,328.285,3694.33,14.0966,372.755,4651.04,14.0966,423.092,5854.57,14.0966,480.07,7368.38,14.0966,544.564,9272.08,14.0966,617.566,11665.5,14.0966,700.197,14673.6,14.0966,793.729,18452.9,14.0966,899.599,23198.6,14.0966,1019.43,29154.1,14.0966,1155.07,36622.3,14.0966,1308.6,45977.9,14.0966,1482.39,57683.7,14.0966,1679.09,72307.8,14.0966,1901.73,90542.8,14.0966,2153.73,113226,14.0966,2438.97,141360,14.0966,2761.81,176127,14.0966,3127.22,218898,14.0966,3540.81,271226,14.0966,4008.92,334817,14.0966,4538.74,411470,14.0966,5138.38,502973,14.0966,5817.04,610948,14.0966,6585.12,736653,14.0966,7454.39,880741,14.0966,8438.15,1.04302e+06,14.0966,9551.45,1.22224e+06,14.0966,10811.3,1.41602e+06,14.0966,12237,1.62086e+06,14.0966,11.7194,11.96,12.6541,2.21263,4.16949,0.989383,2.67766,5.84076,0.311842,3.14343,7.55825,0.0972771,3.63127,9.58578,0.0303237,4.15787,12.0912,0.00945211,4.73731,15.2286,0.00294633,5.38238,19.1721,0.000918508,6.10553,24.134,0.000286163,6.91951,30.3791,8.92692e-05,7.83792,38.2397,2.78121e-05,8.87555,48.1338,8.65134e-06,10.0489,60.5876,2.7882e-06,11.3761,76.2629,8.29036e-07,12.8779,95.9927,2.4373e-07,14.5775,120.825,4.33068e-09,16.5012,152.08,1.75749e-07,18.6784,191.415,-1.86328e-07,21.1428,240.917,1.91829e-07,23.9322,303.213,-1.81475e-07,27.0895,381.602,7.0186e-08,30.6634,480.231,-2.86769e-08,34.7087,604.316,2.40784e-07,39.2876,760.401,9.87368e-08,44.4705,956.705,1.22263e-07,50.3371,1203.54,-4.31966e-07,56.9776,1513.81,-1.9705e-07,64.494,1903.69,-2.763e-08,73.0018,2393.4,3.9185e-07,82.6317,3008.13,1.35379e-07,93.5318,3779.25,-4.16351e-08,105.869,4745.7,2.06965e-08,119.834,5955.6,-3.18887e-07,135.641,7468.12,-1.48271e-08,153.531,9355.62,2.00739e-07,173.781,11705.8,2.28358e-07,196.701,14624.1,-1.93587e-08,222.642,18235,-2.88101e-07,252.003,22683.4,-2.24732e-07,285.234,28134,8.56806e-09,322.845,34767,2.34258e-07,365.413,42770.9,2.99668e-07,413.588,52327.9,8.28644e-08,468.111,63591.2,-3.07049e-07,529.814,76653.2,-3.1888e-07,599.642,91502.5,-6.72276e-08,678.662,107975,2.26339e-07,768.083,125705,3.69212e-07,869.267,144088,2.04077e-07,983.76,162277,-2.80509e-07,1113.3,179223,-4.22737e-07,1259.87,193777,-1.71951e-07,1425.68,204839,4.55555e-07,11.7194,11.96,12.6541,2.21263,4.16949,0.989383,2.67766,5.84076,0.311842,3.14343,7.55825,0.0972771,3.63127,9.58578,0.0303237,4.15787,12.0912,0.00945211,4.73731,15.2286,0.00294633,5.38238,19.1721,0.000918508,6.10553,24.134,0.000286163,6.91951,30.3791,8.92692e-05,7.83792,38.2397,2.78121e-05,8.87555,48.1338,8.65134e-06,10.0489,60.5876,2.7882e-06,11.3761,76.2629,8.29036e-07,12.8779,95.9927,2.4373e-07,14.5775,120.825,1e-08,16.5012,152.08,1.75749e-07,18.6784,191.415,1e-08,21.1428,240.917,1.91829e-07,23.9322,303.213,1e-08,27.0895,381.602,7.0186e-08,30.6634,480.231,1e-08,34.7087,604.316,2.40784e-07,39.2876,760.401,9.87368e-08,44.4705,956.705,1.22263e-07,50.3371,1203.54,1e-08,56.9776,1513.81,1e-08,64.494,1903.69,1e-08,73.0018,2393.4,3.9185e-07,82.6317,3008.13,1.35379e-07,93.5318,3779.25,1e-08,105.869,4745.7,2.06965e-08,119.834,5955.6,1e-08,135.641,7468.12,1e-08,153.531,9355.62,2.00739e-07,173.781,11705.8,2.28358e-07,196.701,14624.1,1e-08,222.642,18235,1e-08,252.003,22683.4,1e-08,285.234,28134,1e-08,322.845,34767,2.34258e-07,365.413,42770.9,2.99668e-07,413.588,52327.9,8.28644e-08,468.111,63591.2,1e-08,529.814,76653.2,1e-08,599.642,91502.5,1e-08,678.662,107975,2.26339e-07,768.083,125705,3.69212e-07,869.267,144088,2.04077e-07,983.76,162277,1e-08,1113.3,179223,1e-08,1259.87,193777,1e-08,1425.68,204839,4.55555e-07,6.2823,3.27286,2.43537,0.219672,6.18826,2.24117,0.56371,6.87772,2.63624,0.308279,22,8,13,2,6,1,4,9,0,3,8,0,2,11,0,1,19,0,4,34,0,9,17,0,4,3,0,12,38,0,8,22,0,10,64,0,5,83,0,18,133,0,14,71,0,11,168,0,22,203,0,13,135,0,23,221,0,34,200,0,29,217,0,25,548,0,57,419,0,34,665,0,78,331,0,87,1257,0,70,1335,0,31,1720,0,31,6625,0,127,3894,0,115,2948,0,35,5949,0,150,6819,0,102,4890,0,103,4621,0,165,11067,0,125,19928,0,201,9340,0,178,18070,0,319,37139,0,562,20909,0,271,40304,0,317,45738,0,279,53832,0,432,77657,0,460,133484,0,678,114780,0,807,161632,0,670,124816,0,380,141410,0,1068,277341,0,672,100807,0,1453,171629,0
-1.05176e+08,1,8.88811e-15,10,1023,0,1.05176e+08,0.528882,1.08665,0.389689,0.145397,0.379329,3.24381,0.161596,0.446195,1.77396,0.159177,1.15e+07,4.49998e+06,6.79999e+06,1.15e+07,4.49997e+06,6.79999e+06,1.15e+07,4.49996e+06,6.79999e+06,1.15e+07,4.49995e+06,6.79999e+06,1.14999e+07,4.49993e+06,6.79999e+06,1.14999e+07,4.49991e+06,6.79999e+06,1.14999e+07,4.49989e+06,6.79999e+06,1.14999e+07,4.49986e+06,6.79999e+06,1.14999e+07,4.49982e+06,6.79999e+06,1.14999e+07,4.49977e+06,6.79999e+06,1.14999e+07,4.49971e+06,6.79999e+06,1.14999e+07,4.49963e+06,6.79999e+06,1.14998e+07,4.49953e+06,6.79999e+06,1.14998e+07,4.49941e+06,6.79999e+06,1.14998e+07,4.49926e+06,6.79999e+06,1.14998e+07,4.49906e+06,6.79999e+06,1.14997e+07,4.49882e+06,6.79999e+06,1.14997e+07,4.49851e+06,6.79999e+06,1.14997e+07,4.49812e+06,6.79999e+06,1.14996e+07,4.49764e+06,6.79999e+06,1.14996e+07,4.49702e+06,6.79999e+06,1.14995e+07,4.49625e+06,6.79999e+06,1.14995e+07,4.49528e+06,6.79999e+06,1.14994e+07,4.49406e+06,6.79999e+06,1.14993e+07,4.49253e+06,6.79999e+06,1.14992e+07,4.49059e+06,6.79999e+06,1.14991e+07,4.48817e+06,6.79999e+06,1.1499e+07,4.48511e+06,6.79999e+06,1.14988e+07,4.48128e+06,6.79999e+06,1.14987e+07,4.47646e+06,6.79999e+06,1.14985e+07,4.47041e+06,6.79999e+06,1.14983e+07,4.46281e+06,6.79999e+06,1.14981e+07,4.4533e+06,6.79999e+06,1.14979e+07,4.44138e+06,6.79999e+06,1.14976e+07,4.42649e+06,6.79999e+06,1.14972e+07,4.40789e+06,6.79999e+06,1.14969e+07,4.38471e+06,6.79999e+06,1.14965e+07,4.35592e+06,6.79999e+06,1.1496e+07,4.32027e+06,6.79999e+06,1.14955e+07,4.27629e+06,6.79999e+06,1.14949e+07,4.22231e+06,6.79999e+06,1.14942e+07,4.15647e+06,6.79999e+06,1.14934e+07,4.07676e+06,6.79999e+06,1.14926e+07,3.98112e+06,6.79999e+06,1.14916e+07,3.86765e+06,6.79999e+06,1.14905e+07,3.73474e+06,6.79999e+06,1.14892e+07,3.58148e+06,6.79999e+06,1.14878e+07,3.40785e+06,6.79999e+06,1.14862e+07,3.21513e+06,6.79999e+06,1.14844e+07,3.00605e+06,6.79999e+06,1.14823e+07,2.7848e+06,6.79999e+06,1.148e+07,2.5568e+06,6.79999e+06,1.14773e+07,2.32825e+06,6.79999e+06,13.5742,8.52444,0.508366,16.8306,13.2585,0.162638,20.0035,17.569,0.0507846,23.2616,22.4214,0.0158319,26.7328,28.3297,0.00493498,30.5212,35.6974,0.00153831,34.7178,44.9473,0.000479527,39.4086,56.5822,0.000149456,44.6796,71.2245,4.66214e-05,50.6209,89.6543,1.45419e-05,57.3297,112.852,4.54748e-06,64.9129,142.051,1.43857e-06,73.4897,178.803,4.36618e-07,83.1934,225.062,1.40153e-07,94.1745,283.286,4.96378e-08,106.602,356.568,1.05434e-07,120.669,448.799,-6.49244e-08,136.59,564.873,1.70148e-07,154.611,710.948,-5.34594e-08,175.008,894.767,1.63407e-07,198.097,1126.06,8.04804e-08,224.231,1417.07,1.14667e-07,253.813,1783.15,-1.71227e-07,287.297,2243.62,-2.88466e-07,325.198,2822.67,-4.33651e-07,368.098,3550.67,7.9318e-08,416.657,4465.65,3.13319e-07,471.621,5615.16,3.4613e-07,533.835,7058.61,-1.19199e-07,604.255,8870.02,-2.79964e-07,683.962,11141.4,-2.30521e-07,774.182,13986.7,-2.55099e-07,876.299,17546.4,1.23585e-07,991.883,21993.1,1.41192e-07,1122.71,27536.7,-9.71886e-08,1270.78,34430.7,-3.68368e-07,1438.38,42977.7,-3.45379e-07,1628.07,53532.7,-3.25328e-09,1842.77,66504.6,2.6362e-07,2085.77,82350.2,2.53445e-07,2360.79,101560,-2.47407e-08,2672.05,124632,-3.80602e-07,3024.31,152018,-4.79005e-07,3422.98,184060,-1.14379e-07,3874.15,220884,2.64297e-07,4384.72,262283,3.44131e-07,4962.49,307576,7.5349e-08,5616.29,355497,-3.63097e-07,6356.1,404126,-6.05442e-07,7193.18,450932,-2.72333e-07,8140.28,492963,2.29675e-07,9211.79,527178,4.3387e-07,10424,550893,-1.0711e-07,10.102,8.06553,2.81012,10.6436,8.57909,0.869423,11.5336,10.2515,0.270869,12.7211,12.7138,0.0844293,14.1823,15.9373,0.0263173,15.9122,20.0383,0.0082035,17.9198,25.2154,0.00255722,20.2244,31.7373,0.000797017,22.8539,39.9486,0.000248622,25.8438,50.2851,7.75492e-05,29.237,63.2963,2.42508e-05,33.0837,79.6738,7.67162e-06,37.4415,100.288,2.32837e-06,42.3767,126.236,7.33e-07,47.9646,158.896,2.79256e-07,54.2906,200.003,9.87351e-09,61.452,251.741,1.61085e-07,69.5585,316.859,-2.47141e-07,78.7347,398.812,8.93552e-08,89.1218,501.948,-2.53231e-07,100.879,631.736,-1.25047e-07,114.188,795.049,-1.78808e-07,129.252,1000.53,2.6733e-07,146.304,1259.03,4.50292e-07,165.605,1584.19,6.76904e-07,187.452,1993.12,-1.23808e-07,212.181,2507.27,-4.89068e-07,240.173,3153.54,-5.40284e-07,271.856,3965.56,1.86061e-07,307.719,4985.38,4.37004e-07,348.313,6265.4,3.59828e-07,394.26,7870.83,3.98192e-07,446.268,9882.51,-1.92908e-07,505.135,12400.3,-2.20392e-07,571.766,15546.9,1.51705e-07,647.184,19472.2,5.74996e-07,732.547,24357.4,5.39112e-07,829.167,30420,5.07815e-09,938.526,37916.3,-4.11492e-07,1062.3,47143.9,-3.9561e-07,1202.4,58439.2,3.86185e-08,1360.96,72169.3,5.94093e-07,1540.42,88715.8,7.47693e-07,1743.53,108445,1.78537e-07,1973.41,131665,-4.12549e-07,2233.57,158557,-5.37164e-07,2528,189103,-1.17615e-07,2861.2,222986,5.66769e-07,3238.27,259510,9.45053e-07,3664.97,297540,4.25093e-07,4147.81,335497,-3.58506e-07,4694.17,371444,-6.7724e-07,5312.37,403256,1.67192e-07,1.61744,3.89446,9.84394,3.28846,7.5504,12.774,5.07607,11.7187,13.6844,7.03202,16.8147,13.9681,9.20215,23.1769,14.0566,11.6301,31.1672,14.0841,14.3598,41.2186,14.0927,17.4376,53.8688,14.0954,20.9137,69.7915,14.0962,24.8432,89.8341,14.0965,29.2879,115.063,14.0966,34.3168,146.819,14.0966,40.0078,186.792,14.0966,46.4487,237.107,14.0966,53.7388,300.44,14.0966,61.9903,380.158,14.0966,71.3301,480.499,14.0966,81.902,606.796,14.0966,93.8685,765.761,14.0966,107.414,965.837,14.0966,122.746,1217.65,14.0966,140.101,1534.57,14.0966,159.745,1933.41,14.0966,181.981,2435.3,14.0966,207.15,3066.85,14.0966,235.64,3861.46,14.0966,267.889,4861.11,14.0966,304.391,6118.54,14.0966,345.709,7699.91,14.0966,392.478,9688.22,14.0966,445.417,12187.5,14.0966,505.339,15327.7,14.0966,573.165,19271.6,14.0966,649.938,24222,14.0966,736.839,30430.9,14.0966,835.202,38211.5,14.0966,946.539,47950.3,14.0966,1072.56,60122.8,14.0966,1215.21,75309.9,14.0966,1376.66,94216.2,14.0966,1559.41,117688,14.0966,1766.26,146729,14.0966,2000.39,182510,14.0966,2265.39,226372,14.0966,2565.33,279806,14.0966,2904.81,344416,14.0966,3289.05,421845,14.0966,3723.93,513667,14.0966,4216.13,621231,14.0966,4773.18,745478,14.0966,5403.64,886744,14.0966,6117.15,1.04457e+06,14.0966,6924.63,1.2176e+06,14.0966,11.7194,11.96,12.6541,13.9321,16.1295,13.6434,16.6097,21.9702,13.9553,19.7532,29.5285,14.0526,23.3844,39.1143,14.0829,27.5423,51.2054,14.0923,32.2796,66.434,14.0953,37.662,85.6061,14.0962,43.7675,109.74,14.0965,50.687,140.119,14.0966,58.5249,178.359,14.0966,67.4005,226.493,14.0966,77.4493,287.08,14.0966,88.8254,363.343,14.0966,101.703,459.336,14.0966,116.281,580.161,14.0966,132.782,732.241,14.0966,151.46,923.655,14.0966,172.603,1164.57,14.0966,196.535,1467.79,14.0966,223.625,1849.39,14.0966,254.288,2329.62,14.0966,288.997,2933.93,14.0966,328.285,3694.33,14.0966,372.755,4651.04,14.0966,423.092,5854.57,14.0966,480.07,7368.38,14.0966,544.564,9272.08,14.0966,617.566,11665.5,14.0966,700.197,14673.6,14.0966,793.729,18452.9,14.0966,899.599,23198.6,14.0966,1019.43,29154.1,14.0966,1155.07,36622.3,14.0966,1308.6,45977.9,14.0966,1482.39,57683.7,14.0966,1679.09,72307.8,14.0966,1901.73,90542.8,14.0966,2153.73,113226,14.0966,2438.97,141360,14.0966,2761.81,176127,14.0966,3127.22,218898,14.0966,3540.81,271226,14.0966,4008.92,334817,14.0966,4538.74,411470,14.0966,5138.38,502973,14.0966,5817.04,610948,14.0966,6585.12,736653,14.0966,7454.39,880741,14.0966,8438.15,1.04302e+06,14.0966,9551.45,1.22224e+06,14.0966,10811.3,1.41602e+06,14.0966,12237,1.62086e+06,14.0966,11.7194,11.96,12.6541,2.21263,4.16949,0.989383,2.67766,5.84076,0.311842,3.14343,7.55825,0.0972771,3.63127,9.58578,0.0303237,4.15787,12.0912,0.00945211,4.73731,15.2286,0.00294633,5.38238,19.1721,0.000918508,6.10553,24.134,0.000286163,6.91951,30.3791,8.92692e-05,7.83792,38.2397,2.78121e-05,8.87555,48.1338,8.65134e-06,10.0489,60.5876,2.7882e-06,11.3761,76.2629,8.29036e-07,12.8779,95.9927,2.4373e-07,14.5775,120.825,4.33068e-09,16.5012,152.08,1.75749e-07,18.6784,191.415,-1.86328e-07,21.1428,240.917,1.91829e-07,23.9322,303.213,-1.81475e-07,27.0895,381.602,7.0186e-08,30.6634,480.231,-2.86769e-08,34.7087,604.316,2.40784e-07,39.2876,760.401,9.87368e-08,44.4705,956.705,1.22263e-07,50.3371,1203.54,-4.31966e-07,56.9776,1513.81,-1.9705e-07,64.494,1903.69,-2.763e-08,73.0018,2393.4,3.9185e-07,82.6317,3008.13,1.35379e-07,93.5318,3779.25,-4.16351e-08,105.869,4745.7,2.06965e-08,119.834,5955.6,-3.18887e-07,135.641,7468.12,-1.48271e-08,153.531,9355.62,2.00739e-07,173.781,11705.8,2.28358e-07,196.701,14624.1,-1.93587e-08,222.642,18235,-2.88101e-07,252.003,22683.4,-2.24732e-07,285.234,28134,8.56806e-09,322.845,34767,2.34258e-07,365.413,42770.9,2.99668e-07,413.588,52327.9,8.28644e-08,468.111,63591.2,-3.07049e-07,529.814,76653.2,-3.1888e-07,599.642,91502.5,-6.72276e-08,678.662,107975,2.26339e-07,768.083,125705,3.69212e-07,869.267,144088,2.04077e-07,983.76,162277,-2.80509e-07,1113.3,179223,-4.22737e-07,1259.87,193777,-1.71951e-07,1425.68,204839,4.55555e-07,11.7194,11.96,12.6541,2.21263,4.16949,0.989383,2.67766,5.84076,0.311842,3.14343,7.55825,0.0972771,3.63127,9.58578,0.0303237,4.15787,12.0912,0.00945211,4.73731,15.2286,0.00294633,5.38238,19.1721,0.000918508,6.10553,24.134,0.000286163,6.91951,30.3791,8.92692e-05,7.83792,38.2397,2.78121e-05,8.87555,48.1338,8.65134e-06,10.0489,60.5876,2.7882e-06,11.3761,76.2629,8.29036e-07,12.8779,95.9927,2.4373e-07,14.5775,120.825,1e-08,16.5012,152.08,1.75749e-07,18.6784,191.415,1e-08,21.1428,240.917,1.91829e-07,23.9322,303.213,1e-08,27.0895,381.602,7.0186e-08,30.6634,480.231,1e-08,34.7087,604.316,2.40784e-07,39.2876,760.401,9.87368e-08,44.4705,956.705,1.22263e-07,50.3371,1203.54,1e-08,56.9776,1513.81,1e-08,64.494,1903.69,1e-08,73.0018,2393.4,3.9185e-07,82.6317,3008.13,1.35379e-07,93.5318,3779.25,1e-08,105.869,4745.7,2.06965e-08,119.834,5955.6,1e-08,135.641,7468.12,1e-08,153.531,9355.62,2.00739e-07,173.781,11705.8,2.28358e-07,196.701,14624.1,1e-08,222.642,18235,1e-08,252.003,22683.4,1e-08,285.234,28134,1e-08,322.845,34767,2.34258e-07,365.413,42770.9,2.99668e-07,413.588,52327.9,8.28644e-08,468.111,63591.2,1e-08,529.814,76653.2,1e-08,599.642,91502.5,1e-08,678.662,107975,2.26339e-07,768.083,125705,3.69212e-07,869.267,144088,2.04077e-07,983.76,162277,1e-08,1113.3,179223,1e-08,1259.87,193777,1e-08,1425.68,204839,4.55555e-07,6.2823,3.27286,2.43537,0.219672,6.18826,2.24117,0.56371,6.87772,2.63624,0.308279,10,10,13,0,4,1,2,3,0,1,4,0,0,4,0,5,8,0,3,15,0,4,16,0,0,12,0,5,33,0,9,7,0,8,52,0,13,73,0,4,81,0,13,140,0,10,141,0,14,173,0,25,145,0,26,164,0,27,156,0,36,205,0,14,503,0,65,774,0,35,607,0,18,1361,0,53,1789,0,65,1516,0,111,1977,0,61,2166,0,103,3662,0,106,4518,0,66,2478,0,169,7334,0,246,10366,0,165,6612,0,133,12606,0,237,11657,0,489,7448,0,181,12149,0,186,24865,0,358,66902,0,227,21079,0,319,36961,0,703,50630,0,404,105018,0,331,30070,0,1029,106494,0,1174,83438,0,677,145730,0,641,177604,0,1099,163267,0,1324,312350,0,1799,152520,0
-1.05176e+08,1,8.88811e-15,10,1023,0,1.05176e+08,0.528882,1.08665,0.389689,0.145397,0.379329,3.24381,0.161596,0.446195,1.77396,0.159177,1.15e+07,4.49998e+06,6.79999e+06,1.15e+07,4.49997e+06,6.79999e+06,1.15e+07,4.49996e+06,6.79999e+06,1.15e+07,4.49995e+06,6.79999e+06,1.14999e+07,4.49993e+06,6.79999e+06,1.14999e+07,4.49991e+06,6.79999e+06,1.14999e+07,4.49989e+06,6.79999e+06,1.14999e+07,4.49986e+06,6.79999e+06,1.14999e+07,4.49982e+06,6.79999e+06,1.14999e+07,4.49977e+06,6.79999e+06,1.14999e+07,4.49971e+06,6.79999e+06,1.14999e+07,4.49963e+06,6.79999e+06,1.14998e+07,4.49953e+06,6.79999e+06,1.14998e+07,4.49941e+06,6.79999e+06,1.14998e+07,4.49926e+06,6.79999e+06,1.14998e+07,4.49906e+06,6.79999e+06,1.14997e+07,4.49882e+06,6.79999e+06,1.14997e+07,4.49851e+06,6.79999e+06,1.14997e+07,4.49812e+06,6.79999e+06,1.14996e+07,4.49764e+06,6.79999e+06,1.14996e+07,4.49702e+06,6.79999e+06,1.14995e+07,4.49625e+06,6.79999e+06,1.14995e+07,4.49528e+06,6.79999e+06,1.14994e+07,4.49406e+06,6.79999e+06,1.14993e+07,4.49253e+06,6.79999e+06,1.14992e+07,4.49059e+06,6.79999e+06,1.14991e+07,4.48817e+06,6.79999e+06,1.1499e+07,4.48511e+06,6.79999e+06,1.14988e+07,4.48128e+06,6.79999e+06,1.14987e+07,4.47646e+06,6.79999e+06,1.14985e+07,4.47041e+06,6.79999e+06,1.14983e+07,4.46281e+06,6.79999e+06,1.14981e+07,4.4533e+06,6.79999e+06,1.14979e+07,4.44138e+06,6.79999e+06,1.14976e+07,4.42649e+06,6.79999e+06,1.14972e+07,4.40789e+06,6.79999e+06,1.14969e+07,4.38471e+06,6.79999e+06,1.14965e+07,4.35592e+06,6.79999e+06,1.1496e+07,4.32027e+06,6.79999e+06,1.14955e+07,4.27629e+06,6.79999e+06,1.14949e+07,4.22231e+06,6.79999e+06,1.14942e+07,4.15647e+06,6.79999e+06,1.14934e+07,4.07676e+06,6.79999e+06,1.14926e+07,3.98112e+06,6.79999e+06,1.14916e+07,3.86765e+06,6.79999e+06,1.14905e+07,3.73474e+06,6.79999e+06,1.14892e+07,3.58148e+06,6.79999e+06,1.14878e+07,3.40785e+06,6.79999e+06,1.14862e+07,3.21513e+06,6.79999e+06,1.14844e+07,3.00605e+06,6.79999e+06,1.14823e+07,2.7848e+06,6.79999e+06,1.148e+07,2.5568e+06,6.79999e+06,1.14773e+07,2.32825e+06,6.79999e+06,13.5742,8.52444,0.508366,16.8306,13.2585,0.162638,20.0035,17.569,0.0507846,23.2616,22.4214,0.0158319,26.7328,28.3297,0.00493498,30.5212,35.6974,0.00153831,34.7178,44.9473,0.000479527,39.4086,56.5822,0.000149456,44.6796,71.2245,4.66214e-05,50.6209,89.6543,1.45419e-05,57.3297,112.852,4.54748e-06,64.9129,142.051,1.43857e-06,73.4897,178.803,4.36618e-07,83.1934,225.062,1.40153e-07,94.1745,283.286,4.96378e-08,106.602,356.568,1.05434e-07,120.669,448.799,-6.49244e-08,136.59,564.873,1.70148e-07,154.611,710.948,-5.34594e-08,175.008,894.767,1.63407e-07,198.097,1126.06,8.04804e-08,224.231,1417.07,1.14667e-07,253.813,1783.15,-1.71227e-07,287.297,2243.62,-2.88466e-07,325.198,2822.67,-4.33651e-07,368.098,3550.67,7.9318e-08,416.657,4465.65,3.13319e-07,471.621,5615.16,3.4613e-07,533.835,7058.61,-1.19199e-07,604.255,8870.02,-2.79964e-07,683.962,11141.4,-2.30521e-07,774.182,13986.7,-2.55099e-07,876.299,17546.4,1.23585e-07,991.883,21993.1,1.41192e-07,1122.71,27536.7,-9.71886e-08,1270.78,34430.7,-3.68368e-07,1438.38,42977.7,-3.45379e-07,1628.07,53532.7,-3.25328e-09,1842.77,66504.6,2.6362e-07,2085.77,82350.2,2.53445e-07,2360.79,101560,-2.47407e-08,2672.05,124632,-3.80602e-07,3024.31,152018,-4.79005e-07,3422.98,184060,-1.14379e-07,3874.15,220884,2.64297e-07,4384.72,262283,3.44131e-07,4962.49,307576,7.5349e-08,5616.29,355497,-3.63097e-07,6356.1,404126,-6.05442e-07,7193.18,450932,-2.72333e-07,8140.28,492963,2.29675e-07,9211.79,527178,4.3387e-07,10424,550893,-1.0711e-07,10.102,8.06553,2.81012,10.6436,8.57909,0.869423,11.5336,10.2515,0.270869,12.7211,12.7138,0.0844293,14.1823,15.9373,0.0263173,15.9122,20.0383,0.0082035,17.9198,25.2154,0.00255722,20.2244,31.7373,0.000797017,22.8539,39.9486,0.000248622,25.8438,50.2851,7.75492e-05,29.237,63.2963,2.42508e-05,33.0837,79.6738,7.67162e-06,37.4415,100.288,2.32837e-06,42.3767,126.236,7.33e-07,47.9646,158.896,2.79256e-07,54.2906,200.003,9.87351e-09,61.452,251.741,1.61085e-07,69.5585,316.859,-2.47141e-07,78.7347,398.812,8.93552e-08,89.1218,501.948,-2.53231e-07,100.879,631.736,-1.25047e-07,114.188,795.049,-1.78808e-07,129.252,1000.53,2.6733e-07,146.304,1259.03,4.50292e-07,165.605,1584.19,6.76904e-07,187.452,1993.12,-1.23808e-07,212.181,2507.27,-4.89068e-07,240.173,3153.54,-5.40284e-07,271.856,3965.56,1.86061e-07,307.719,4985.38,4.37004e-07,348.313,6265.4,3.59828e-07,394.26,7870.83,3.98192e-07,446.268,9882.51,-1.92908e-07,505.135,12400.3,-2.20392e-07,571.766,15546.9,1.51705e-07,647.184,19472.2,5.74996e-07,732.547,24357.4,5.39112e-07,829.167,30420,5.07815e-09,938.526,37916.3,-4.11492e-07,1062.3,47143.9,-3.9561e-07,1202.4,58439.2,3.86185e-08,1360.96,72169.3,5.94093e-07,1540.42,88715.8,7.47693e-07,1743.53,108445,1.78537e-07,1973.41,131665,-4.12549e-07,2233.57,158557,-5.37164e-07,2528,189103,-1.17615e-07,2861.2,222986,5.66769e-07,3238.27,259510,9.45053e-07,3664.97,297540,4.25093e-07,4147.81,335497,-3.58506e-07,4694.17,371444,-6.7724e-07,5312.37,403256,1.67192e-07,1.61744,3.89446,9.84394,3.28846,7.5504,12.774,5.07607,11.7187,13.6844,7.03202,16.8147,13.9681,9.20215,23.1769,14.0566,11.6301,31.1672,14.0841,14.3598,41.2186,14.0927,17.4376,53.8688,14.0954,20.9137,69.7915,14.0962,24.8432,89.8341,14.0965,29.2879,115.063,14.0966,34.3168,146.819,14.0966,40.0078,186.792,14.0966,46.4487,237.107,14.0966,53.7388,300.44,14.0966,61.9903,380.158,14.0966,71.3301,480.499,14.0966,81.902,606.796,14.0966,93.8685,765.761,14.0966,107.414,965.837,14.0966,122.746,1217.65,14.0966,140.101,1534.57,14.0966,159.745,1933.41,14.0966,181.981,2435.3,14.0966,207.15,3066.85,14.0966,235.64,3861.46,14.0966,267.889,4861.11,14.0966,304.391,6118.54,14.0966,345.709,7699.91,14.0966,392.478,9688.22,14.0966,445.417,12187.5,14.0966,505.339,15327.7,14.0966,573.165,19271.6,14.0966,649.938,24222,14.0966,736.839,30430.9,14.0966,835.202,38211.5,14.0966,946.539,47950.3,14.0966,1072.56,60122.8,14.0966,1215.21,75309.9,14.0966,1376.66,94216.2,14.0966,1559.41,117688,14.0966,1766.26,146729,14.0966,2000.39,182510,14.0966,2265.39,226372,14.0966,2565.33,279806,14.0966,2904.81,344416,14.0966,3289.05,421845,14.0966,3723.93,513667,14.0966,4216.13,621231,14.0966,4773.18,745478,14.0966,5403.64,886744,14.0966,6117.15,1.04457e+06,14.0966,6924.63,1.2176e+06,14.0966,11.7194,11.96,12.6541,13.9321,16.1295,13.6434,16.6097,21.9702,13.9553,19.7532,29.5285,14.0526,23.3844,39.1143,14.0829,27.5423,51.2054,14.0923,32.2796,66.434,14.0953,37.662,85.6061,14.0962,43.7675,109.74,14.0965,50.687,140.119,14.0966,58.5249,178.359,14.0966,67.4005,226.493,14.0966,77.4493,287.08,14.0966,88.8254,363.343,14.0966,101.703,459.336,14.0966,116.281,580.161,14.0966,132.782,732.241,14.0966,151.46,923.655,14.0966,172.603,1164.57,14.0966,196.535,1467.79,14.0966,223.625,1849.39,14.0966,254.288,2329.62,14.0966,288.997,2933.93,14.0966,328.285,3694.33,14.0966,372.755,4651.04,14.0966,423.092,5854.57,14.0966,480.07,7368.38,14.0966,544.564,9272.08,14.0966,617.566,11665.5,14.0966,700.197,14673.6,14.0966,793.729,18452.9,14.0966,899.599,23198.6,14.0966,1019.43,29154.1,14.0966,1155.07,36622.3,14.0966,1308.6,45977.9,14.0966,1482.39,57683.7,14.0966,1679.09,72307.8,14.0966,1901.73,90542.8,14.0966,2153.73,113226,14.0966,2438.97,141360,14.0966,2761.81,176127,14.0966,3127.22,218898,14.0966,3540.81,271226,14.0966,4008.92,334817,14.0966,4538.74,411470,14.0966,5138.38,502973,14.0966,5817.04,610948,14.0966,6585.12,736653,14.0966,7454.39,880741,14.0966,8438.15,1.04302e+06,14.0966,9551.45,1.22224e+06,14.0966,10811.3,1.41602e+06,14.0966,12237,1.62086e+06,14.0966,11.7194,11.96,12.6541,2.21263,4.16949,0.989383,2.67766,5.84076,0.311842,3.14343,7.55825,0.0972771,3.63127,9.58578,0.0303237,4.15787,12.0912,0.00945211,4.73731,15.2286,0.00294633,5.38238,19.1721,0.000918508,6.10553,24.134,0.000286163,6.91951,30.3791,8.92692e-05,7.83792,38.2397,2.78121e-05,8.87555,48.1338,8.65134e-06,10.0489,60.5876,2.7882e-06,11.3761,76.2629,8.29036e-07,12.8779,95.9927,2.4373e-07,14.5775,120.825,4.33068e-09,16.5012,152.08,1.75749e-07,18.6784,191.415,-1.86328e-07,21.1428,240.917,1.91829e-07,23.9322,303.213,-1.81475e-07,27.0895,381.602,7.0186e-08,30.6634,480.231,-2.86769e-08,34.7087,604.316,2.40784e-07,39.2876,760.401,9.87368e-08,44.4705,956.705,1.22263e-07,50.3371,1203.54,-4.31966e-07,56.9776,1513.81,-1.9705e-07,64.494,1903.69,-2.763e-08,73.0018,2393.4,3.9185e-07,82.6317,3008.13,1.35379e-07,93.5318,3779.25,-4.16351e-08,105.869,4745.7,2.06965e-08,119.834,5955.6,-3.18887e-07,135.641,7468.12,-1.48271e-08,153.531,9355.62,2.00739e-07,173.781,11705.8,2.28358e-07,196.701,14624.1,-1.93587e-08,222.642,18235,-2.88101e-07,252.003,22683.4,-2.24732e-07,285.234,28134,8.56806e-09,322.845,34767,2.34258e-07,365.413,42770.9,2.99668e-07,413.588,52327.9,8.28644e-08,468.111,63591.2,-3.07049e-07,529.814,76653.2,-3.1888e-07,599.642,91502.5,-6.72276e-08,678.662,107975,2.26339e-07,768.083,125705,3.69212e-07,869.267,144088,2.04077e-07,983.76,162277,-2.80509e-07,1113.3,179223,-4.22737e-07,1259.87,193777,-1.71951e-07,1425.68,204839,4.55555e-07,11.7194,11.96,12.6541,2.21263,4.16949,0.989383,2.67766,5.84076,0.311842,3.14343,7.55825,0.0972771,3.63127,9.58578,0.0303237,4.15787,12.0912,0.00945211,4.73731,15.2286,0.00294633,5.38238,19.1721,0.000918508,6.10553,24.134,0.000286163,6.91951,30.3791,8.92692e-05,7.83792,38.2397,2.78121e-05,8.87555,48.1338,8.65134e-06,10.0489,60.5876,2.7882e-06,11.3761,76.2629,8.29036e-07,12.8779,95.9927,2.4373e-07,14.5775,120.825,1e-08,16.5012,152.08,1.75749e-07,18.6784,191.415,1e-08,21.1428,240.917,1.91829e-07,23.9322,303.213,1e-08,27.0895,381.602,7.0186e-08,30.6634,480.231,1e-08,34.7087,604.316,2.40784e-07,39.2876,760.401,9.87368e-08,44.4705,956.705,1.22263e-07,50.3371,1203.54,1e-08,56.9776,1513.81,1e-08,64.494,1903.69,1e-08,73.0018,2393.4,3.9185e-07,82.6317,3008.13,1.35379e-07,93.5318,3779.25,1e-08,105.869,4745.7,2.06965e-08,119.834,5955.6,1e-08,135.641,7468.12,1e-08,153.531,9355.62,2.00739e-07,173.781,11705.8,2.28358e-07,196.701,14624.1,1e-08,222.642,18235,1e-08,252.003,22683.4,1e-08,285.234,28134,1e-08,322.845,34767,2.34258e-07,365.413,42770.9,2.99668e-07,413.588,52327.9,8.28644e-08,468.111,63591.2,1e-08,529.814,76653.2,1e-08,599.642,91502.5,1e-08,678.662,107975,2.26339e-07,768.083,125705,3.69212e-07,869.267,144088,2.04077e-07,983.76,162277,1e-08,1113.3,179223,1e-08,1259.87,193777,1e-08,1425.68,204839,4.55555e-07,6.2823,3.27286,2.43537,0.219672,6.18826,2.24117,0.56371,6.87772,2.63624,0.308279,10,18,1,4,7,2,1,11,0,5,14,0,8,12,0,5,10,0,9,22,0,11,17,0,3,24,0,12,46,0,14,23,0,7,22,0,8,32,0,9,66,0,16,106,0,10,70,0,27,156,0,9,217,0,22,125,0,26,149,0,19,304,0,48,683,0,19,224,0,26,490,0,40,1223,0,50,965,0,64,2543,0,37,1439,0,57,1734,0,119,3156,0,153,4937,0,167,4680,0,133,6141,0,169,3738,0,176,9307,0,182,11606,0,266,7202,0,142,15356,0,190,29844,0,280,27452,0,349,43526,0,181,38993,0,416,61054,0,467,65646,0,620,60201,0,757,75051,0,747,92326,0,1232,130908,0,573,170260,0,1004,204810,0,1997,144118,0,450,185682,0,1223,176884,0
-1.05176e+08,1,8.88811e-15,10,1023,0,1.05176e+08,0.528882,1.08665,0.389689,0.145397,0.379329,3.24381,0.161596,0.446195,1.77396,0.159177,1.15e+07,4.49998e+06,6.79999e+06,1.15e+07,4.49997e+06,6.79999e+06,1.15e+07,4.49996e+06,6.79999e+06,1.15e+07,4.49995e+06,6.79999e+06,1.14999e+07,4.49993e+06,6.79999e+06,1.14999e+07,4.49991e+06,6.79999e+06,1.14999e+07,4.49989e+06,6.79999e+06,1.14999e+07,4.49986e+06,6.79999e+06,1.14999e+07,4.49982e+06,6.79999e+06,1.14999e+07,4.49977e+06,6.79999e+06,1.14999e+07,4.49971e+06,6.79999e+06,1.14999e+07,4.49963e+06,6.79999e+06,1.14998e+07,4.49953e+06,6.79999e+06,1.14998e+07,4.49941e+06,6.79999e+06,1.14998e+07,4.49926e+06,6.79999e+06,1.14998e+07,4.49906e+06,6.79999e+06,1.14997e+07,4.49882e+06,6.79999e+06,1.14997e+07,4.49851e+06,6.79999e+06,1.14997e+07,4.49812e+06,6.79999e+06,1.14996e+07,4.49764e+06,6.79999e+06,1.14996e+07,4.49702e+06,6.79999e+06,1.14995e+07,4.49625e+06,6.79999e+06,1.14995e+07,4.49528e+06,6.79999e+06,1.14994e+07,4.49406e+06,6.79999e+06,1.14993e+07,4.49253e+06,6.79999e+06,1.14992e+07,4.49059e+06,6.79999e+06,1.14991e+07,4.48817e+06,6.79999e+06,1.1499e+07,4.48511e+06,6.79999e+06,1.14988e+07,4.48128e+06,6.79999e+06,1.14987e+07,4.47646e+06,6.79999e+06,1.14985e+07,4.47041e+06,6.79999e+06,1.14983e+07,4.46281e+06,6.79999e+06,1.14981e+07,4.4533e+06,6.79999e+06,1.14979e+07,4.44138e+06,6.79999e+06,1.14976e+07,4.42649e+06,6.79999e+06,1.14972e+07,4.40789e+06,6.79999e+06,1.14969e+07,4.38471e+06,6.79999e+06,1.14965e+07,4.35592e+06,6.79999e+06,1.1496e+07,4.32027e+06,6.79999e+06,1.14955e+07,4.27629e+06,6.79999e+06,1.14949e+07,4.22231e+06,6.79999e+06,1.14942e+07,4.15647e+06,6.79999e+06,1.14934e+07,4.07676e+06,6.79999e+06,1.14926e+07,3.98112e+06,6.79999e+06,1.14916e+07,3.86765e+06,6.79999e+06,1.14905e+07,3.73474e+06,6.79999e+06,1.14892e+07,3.58148e+06,6.79999e+06,1.14878e+07,3.40785e+06,6.79999e+06,1.14862e+07,3.21513e+06,6.79999e+06,1.14844e+07,3.00605e+06,6.79999e+06,1.14823e+07,2.7848e+06,6.79999e+06,1.148e+07,2.5568e+06,6.79999e+06,1.14773e+07,2.32825e+06,6.79999e+06,13.5742,8.52444,0.508366,16.8306,13.2585,0.162638,20.0035,17.569,0.0507846,23.2616,22.4214,0.0158319,26.7328,28.3297,0.00493498,30.5212,35.6974,0.00153831,34.7178,44.9473,0.000479527,39.4086,56.5822,0.000149456,44.6796,71.2245,4.66214e-05,50.6209,89.6543,1.45419e-05,57.3297,112.852,4.54748e-06,64.9129,142.051,1.43857e-06,73.4897,178.803,4.36618e-07,83.1934,225.062,1.40153e-07,94.1745,283.286,4.96378e-08,106.602,356.568,1.05434e-07,120.669,448.799,-6.49244e-08,136.59,564.873,1.70148e-07,154.611,710.948,-5.34594e-08,175.008,894.767,1.63407e-07,198.097,1126.06,8.04804e-08,224.231,1417.07,1.14667e-07,253.813,1783.15,-1.71227e-07,287.297,2243.62,-2.88466e-07,325.198,2822.67,-4.33651e-07,368.098,3550.67,7.9318e-08,416.657,4465.65,3.13319e-07,471.621,5615.16,3.4613e-07,533.835,7058.61,-1.19199e-07,604.255,8870.02,-2.79964e-07,683.962,11141.4,-2.30521e-07,774.182,13986.7,-2.55099e-07,876.299,17546.4,1.23585e-07,991.883,21993.1,1.41192e-07,1122.71,27536.7,-9.71886e-08,1270.78,34430.7,-3.68368e-07,1438.38,42977.7,-3.45379e-07,1628.07,53532.7,-3.25328e-09,1842.77,66504.6,2.6362e-07,2085.77,82350.2,2.53445e-07,2360.79,101560,-2.47407e-08,2672.05,124632,-3.80602e-07,3024.31,152018,-4.79005e-07,3422.98,184060,-1.14379e-07,3874.15,220884,2.64297e-07,4384.72,262283,3.44131e-07,4962.49,307576,7.5349e-08,5616.29,355497,-3.63097e-07,6356.1,404126,-6.05442e-07,7193.18,450932,-2.72333e-07,8140.28,492963,2.29675e-07,9211.79,527178,4.3387e-07,10424,550893,-1.0711e-07,10.102,8.06553,2.81012,10.6436,8.57909,0.869423,11.5336,10.2515,0.270869,12.7211,12.7138,0.0844293,14.1823,15.9373,0.0263173,15.9122,20.0383,0.0082035,17.9198,25.2154,0.00255722,20.2244,31.7373,0.000797017,22.8539,39.9486,0.000248622,25.8438,50.2851,7.75492e-05,29.237,63.2963,2.42508e-05,33.0837,79.6738,7.67162e-06,37.4415,100.288,2.32837e-06,42.3767,126.236,7.33e-07,47.9646,158.896,2.79256e-07,54.2906,200.003,9.87351e-09,61.452,251.741,1.61085e-07,69.5585,316.859,-2.47141e-07,78.7347,398.812,8.93552e-08,89.1218,501.948,-2.53231e-07,100.879,631.736,-1.25047e-07,114.188,795.049,-1.78808e-07,129.252,1000.53,2.6733e-07,146.304,1259.03,4.50292e-07,165.605,1584.19,6.76904e-07,187.452,1993.12,-1.23808e-07,212.181,2507.27,-4.89068e-07,240.173,3153.54,-5.40284e-07,271.856,3965.56,1.86061e-07,307.719,4985.38,4.37004e-07,348.313,6265.4,3.59828e-07,394.26,7870.83,3.98192e-07,446.268,9882.51,-1.92908e-07,505.135,12400.3,-2.20392e-07,571.766,15546.9,1.51705e-07,647.184,19472.2,5.74996e-07,732.547,24357.4,5.39112e-07,829.167,30420,5.07815e-09,938.526,37916.3,-4.11492e-07,1062.3,47143.9,-3.9561e-07,1202.4,58439.2,3.86185e-08,1360.96,72169.3,5.94093e-07,1540.42,88715.8,7.47693e-07,1743.53,108445,1.78537e-07,1973.41,131665,-4.12549e-07,2233.57,158557,-5.37164e-07,2528,189103,-1.17615e-07,2861.2,222986,5.66769e-07,3238.27,259510,9.45053e-07,3664.97,297540,4.25093e-07,4147.81,335497,-3.58506e-07,4694.17,371444,-6.7724e-07,5312.37,403256,1.67192e-07,1.61744,3.89446,9.84394,3.28846,7.5504,12.774,5.07607,11.7187,13.6844,7.03202,16.8147,13.9681,9.20215,23.1769,14.0566,11.6301,31.1672,14.0841,14.3598,41.2186,14.0927,17.4376,53.8688,14.0954,20.9137,69.7915,14.0962,24.8432,89.8341,14.0965,29.2879,115.063,14.0966,34.3168,146.819,14.0966,40.0078,186.792,14.0966,46.4487,237.107,14.0966,53.7388,300.44,14.0966,61.9903,380.158,14.0966,71.3301,480.499,14.0966,81.902,606.796,14.0966,93.8685,765.761,14.0966,107.414,965.837,14.0966,122.746,1217.65,14.0966,140.101,1534.57,14.0966,159.745,1933.41,14.0966,181.981,2435.3,14.0966,207.15,3066.85,14.0966,235.64,3861.46,14.0966,267.889,4861.11,14.0966,304.391,6118.54,14.0966,345.709,7699.91,14.0966,392.478,9688.22,14.0966,445.417,12187.5,14.0966,505.339,15327.7,14.0966,573.165,19271.6,14.0966,649.938,24222,14.0966,736.839,30430.9,14.0966,835.202,38211.5,14.0966,946.539,47950.3,14.0966,1072.56,60122.8,14.0966,1215.21,75309.9,14.0966,1376.66,94216.2,14.0966,1559.41,117688,14.0966,1766.26,146729,14.0966,2000.39,182510,14.0966,2265.39,226372,14.0966,2565.33,279806,14.0966,2904.81,344416,14.0966,3289.05,421845,14.0966,3723.93,513667,14.0966,4216.13,621231,14.0966,4773.18,745478,14.0966,5403.64,886744,14.0966,6117.15,1.04457e+06,14.0966,6924.63,1.2176e+06,14.0966,11.7194,11.96,12.6541,13.9321,16.1295,13.6434,16.6097,21.9702,13.9553,19.7532,29.5285,14.0526,23.3844,39.1143,14.0829,27.5423,51.2054,14.0923,32.2796,66.434,14.0953,37.662,85.6061,14.0962,43.7675,109.74,14.0965,50.687,140.119,14.0966,58.5249,178.359,14.0966,67.4005,226.493,14.0966,77.4493,287.08,14.0966,88.8254,363.343,14.0966,101.703,459.336,14.0966,116.281,580.161,14.0966,132.782,732.241,14.0966,151.46,923.655,14.0966,172.603,1164.57,14.0966,196.535,1467.79,14.0966,223.625,1849.39,14.0966,254.288,2329.62,14.0966,288.997,2933.93,14.0966,328.285,3694.33,14.0966,372.755,4651.04,14.0966,423.092,5854.57,14.0966,480.07,7368.38,14.0966,544.564,9272.08,14.0966,617.566,11665.5,14.0966,700.197,14673.6,14.0966,793.729,18452.9,14.0966,899.599,23198.6,14.0966,1019.43,29154.1,14.0966,1155.07,36622.3,14.0966,1308.6,45977.9,14.0966,1482.39,57683.7,14.0966,1679.09,72307.8,14.0966,1901.73,90542.8,14.0966,2153.73,113226,14.0966,2438.97,141360,14.0966,2761.81,176127,14.0966,3127.22,218898,14.0966,3540.81,271226,14.0966,4008.92,334817,14.0966,4538.74,411470,14.0966,5138.38,502973,14.0966,5817.04,610948,14.0966,6585.12,736653,14.0966,7454.39,880741,14.0966,8438.15,1.04302e+06,14.0966,9551.45,1.22224e+06,14.0966,10811.3,1.41602e+06,14.0966,12237,1.62086e+06,14.0966,11.7194,11.96,12.6541,2.21263,4.16949,0.989383,2.67766,5.84076,0.311842,3.14343,7.55825,0.0972771,3.63127,9.58578,0.0303237,4.15787,12.0912,0.00945211,4.73731,15.2286,0.00294633,5.38238,19.1721,0.000918508,6.10553,24.134,0.000286163,6.91951,30.3791,8.92692e-05,7.83792,38.2397,2.78121e-05,8.87555,48.1338,8.65134e-06,10.0489,60.5876,2.7882e-06,11.3761,76.2629,8.29036e-07,12.8779,95.9927,2.4373e-07,14.5775,120.825,4.33068e-09,16.5012,152.08,1.75749e-07,18.6784,191.415,-1.86328e-07,21.1428,240.917,1.91829e-07,23.9322,303.213,-1.81475e-07,27.0895,381.602,7.0186e-08,30.6634,480.231,-2.86769e-08,34.7087,604.316,2.40784e-07,39.2876,760.401,9.87368e-08,44.4705,956.705,1.22263e-07,50.3371,1203.54,-4.31966e-07,56.9776,1513.81,-1.9705e-07,64.494,1903.69,-2.763e-08,73.0018,2393.4,3.9185e-07,82.6317,3008.13,1.35379e-07,93.5318,3779.25,-4.16351e-08,105.869,4745.7,2.06965e-08,119.834,5955.6,-3.18887e-07,135.641,7468.12,-1.48271e-08,153.531,9355.62,2.00739e-07,173.781,11705.8,2.28358e-07,196.701,14624.1,-1.93587e-08,222.642,18235,-2.88101e-07,252.003,22683.4,-2.24732e-07,285.234,28134,8.56806e-09,322.845,34767,2.34258e-07,365.413,42770.9,2.99668e-07,413.588,52327.9,8.28644e-08,468.111,63591.2,-3.07049e-07,529.814,76653.2,-3.1888e-07,599.642,91502.5,-6.72276e-08,678.662,107975,2.26339e-07,768.083,125705,3.69212e-07,869.267,144088,2.04077e-07,983.76,162277,-2.80509e-07,1113.3,179223,-4.22737e-07,1259.87,193777,-1.71951e-07,1425.68,204839,4.55555e-07,11.7194,11.96,12.6541,2.21263,4.16949,0.989383,2.67766,5.84076,0.311842,3.14343,7.55825,0.0972771,3.63127,9.58578,0.0303237,4.15787,12.0912,0.00945211,4.73731,15.2286,0.00294633,5.38238,19.1721,0.000918508,6.10553,24.134,0.000286163,6.91951,30.3791,8.92692e-05,7.83792,38.2397,2.78121e-05,8.87555,48.1338,8.65134e-06,10.0489,60.5876,2.7882e-06,11.3761,76.2629,8.29036e-07,12.8779,95.9927,2.4373e-07,14.5775,120.825,1e-08,16.5012,152.08,1.75749e-07,18.6784,191.415,1e-08,21.1428,240.917,1.91829e-07,23.9322,303.213,1e-08,27.0895,381.602,7.0186e-08,30.6634,480.231,1e-08,34.7087,604.316,2.40784e-07,39.2876,760.401,9.87368e-08,44.4705,956.705,1.22263e-07,50.3371,1203.54,1e-08,56.9776,1513.81,1e-08,64.494,1903.69,1e-08,73.0018,2393.4,3.9185e-07,82.6317,3008.13,1.35379e-07,93.5318,3779.25,1e-08,105.869,4745.7,2.06965e-08,119.834,5955.6,1e-08,135.641,7468.12,1e-08,153.531,9355.62,2.00739e-07,173.781,11705.8,2.28358e-07,196.701,14624.1,1e-08,222.642,18235,1e-08,252.003,22683.4,1e-08,285.234,28134,1e-08,322.845,34767,2.34258e-07,365.413,42770.9,2.99668e-07,413.588,52327.9,8.28644e-08,468.111,63591.2,1e-08,529.814,76653.2,1e-08,599.642,91502.5,1e-08,678.662,107975,2.26339e-07,768.083,125705,3.69212e-07,869.267,144088,2.04077e-07,983.76,162277,1e-08,1113.3,179223,1e-08,1259.87,193777,1e-08,1425.68,204839,4.55555e-07,6.2823,3.27286,2.43537,0.219672,6.18826,2.24117,0.56371,6.87772,2.63624,0.308279,12,10,13,1,1,0,1,4,1,4,5,0,4,13,0,3,4,0,5,23,0,5,15,0,6,37,0,4,22,0,3,22,0,1,49,0,6,78,0,12,100,0,21,36,0,6,170,0,22,75,0,40,136,0,41,335,0,19,167,0,29,494,0,17,614,0,32,879,0,36,886,0,36,1407,0,35,1454,0,79,1419,0,67,1624,0,73,3848,0,70,4482,0,82,2254,0,68,3268,0,139,2918,0,68,7517,0,129,7653,0,233,6742,0,232,14695,0,304,14721,0,139,27829,0,146,44115,0,211,51261,0,373,43881,0,804,54460,0,485,60518,0,540,87104,0,437,112203,0,525,51307,0,1019,43515,0,810,150370,0,1225,220540,0,917,212259,0,3445,189292,0,1171,225010,0
-1.05176e+08,1,8.88811e-15,10,1023,0,1.05176e+08,0.528882,1.08665,0.389689,0.145397,0.379329,3.24381,0.161596,0.446195,1.77396,0.159177,1.15e+07,4.49998e+06,6.79999e+06,1.15e+07,4.49997e+06,6.79999e+06,1.15e+07,4.49996e+06,6.79999e+06,1.15e+07,4.49995e+06,6.79999e+06,1.14999e+07,4.49993e+06,6.79999e+06,1.14999e+07,4.49991e+06,6.79999e+06,1.14999e+07,4.49989e+06,6.79999e+06,1.14999e+07,4.49986e+06,6.79999e+06,1.14999e+07,4.49982e+06,6.79999e+06,1.14999e+07,4.49977e+06,6.79999e+06,1.14999e+07,4.49971e+06,6.79999e+06,1.14999e+07,4.49963e+06,6.79999e+06,1.14998e+07,4.49953e+06,6.79999e+06,1.14998e+07,4.49941e+06,6.79999e+06,1.14998e+07,4.49926e+06,6.79999e+06,1.14998e+07,4.49906e+06,6.79999e+06,1.14997e+07,4.49882e+06,6.79999e+06,1.14997e+07,4.49851e+06,6.79999e+06,1.14997e+07,4.49812e+06,6.79999e+06,1.14996e+07,4.49764e+06,6.79999e+06,1.14996e+07,4.49702e+06,6.79999e+06,1.14995e+07,4.49625e+06,6.79999e+06,1.14995e+07,4.49528e+06,6.79999e+06,1.14994e+07,4.49406e+06,6.79999e+06,1.14993e+07,4.49253e+06,6.79999e+06,1.14992e+07,4.49059e+06,6.79999e+06,1.14991e+07,4.48817e+06,6.79999e+06,1.1499e+07,4.48511e+06,6.79999e+06,1.14988e+07,4.48128e+06,6.79999e+06,1.14987e+07,4.47646e+06,6.79999e+06,1.14985e+07,4.47041e+06,6.79999e+06,1.14983e+07,4.46281e+06,6.79999e+06,1.14981e+07,4.4533e+06,6.79999e+06,1.14979e+07,4.44138e+06,6.79999e+06,1.14976e+07,4.42649e+06,6.79999e+06,1.14972e+07,4.40789e+06,6.79999e+06,1.14969e+07,4.38471e+06,6.79999e+06,1.14965e+07,4.35592e+06,6.79999e+06,1.1496e+07,4.32027e+06,6.79999e+06,1.14955e+07,4.27629e+06,6.79999e+06,1.14949e+07,4.22231e+06,6.79999e+06,1.14942e+07,4.15647e+06,6.79999e+06,1.14934e+07,4.07676e+06,6.79999e+06,1.14926e+07,3.98112e+06,6.79999e+06,1.14916e+07,3.86765e+06,6.79999e+06,1.14905e+07,3.73474e+06,6.79999e+06,1.14892e+07,3.58148e+06,6.79999e+06,1.14878e+07,3.40785e+06,6.79999e+06,1.14862e+07,3.21513e+06,6.79999e+06,1.14844e+07,3.00605e+06,6.79999e+06,1.14823e+07,2.7848e+06,6.79999e+06,1.148e+07,2.5568e+06,6.79999e+06,1.14773e+07,2.32825e+06,6.79999e+06,13.5742,8.52444,0.508366,16.8306,13.2585,0.162638,20.0035,17.569,0.0507846,23.2616,22.4214,0.0158319,26.7328,28.3297,0.00493498,30.5212,35.6974,0.00153831,34.7178,44.9473,0.000479527,39.4086,56.5822,0.000149456,44.6796,71.2245,4.66214e-05,50.6209,89.6543,1.45419e-05,57.3297,112.852,4.54748e-06,64.9129,142.051,1.43857e-06,73.4897,178.803,4.36618e-07,83.1934,225.062,1.40153e-07,94.1745,283.286,4.96378e-08,106.602,356.568,1.05434e-07,120.669,448.799,-6.49244e-08,136.59,564.873,1.70148e-07,154.611,710.948,-5.34594e-08,175.008,894.767,1.63407e-07,198.097,1126.06,8.04804e-08,224.231,1417.07,1.14667e-07,253.813,1783.15,-1.71227e-07,287.297,2243.62,-2.88466e-07,325.198,2822.67,-4.33651e-07,368.098,3550.67,7.9318e-08,416.657,4465.65,3.13319e-07,471.621,5615.16,3.4613e-07,533.835,7058.61,-1.19199e-07,604.255,8870.02,-2.79964e-07,683.962,11141.4,-2.30521e-07,774.182,13986.7,-2.55099e-07,876.299,17546.4,1.23585e-07,991.883,21993.1,1.41192e-07,1122.71,27536.7,-9.71886e-08,1270.78,34430.7,-3.68368e-07,1438.38,42977.7,-3.45379e-07,1628.07,53532.7,-3.25328e-09,1842.77,66504.6,2.6362e-07,2085.77,82350.2,2.53445e-07,2360.79,101560,-2.47407e-08,2672.05,124632,-3.80602e-07,3024.31,152018,-4.79005e-07,3422.98,184060,-1.14379e-07,3874.15,220884,2.64297e-07,4384.72,262283,3.44131e-07,4962.49,307576,7.5349e-08,5616.29,355497,-3.63097e-07,6356.1,404126,-6.05442e-07,7193.18,450932,-2.72333e-07,8140.28,492963,2.29675e-07,9211.79,527178,4.3387e-07,10424,550893,-1.0711e-07,10.102,8.06553,2.81012,10.6436,8.57909,0.869423,11.5336,10.2515,0.270869,12.7211,12.7138,0.0844293,14.1823,15.9373,0.0263173,15.9122,20.0383,0.0082035,17.9198,25.2154,0.00255722,20.2244,31.7373,0.000797017,22.8539,39.9486,0.000248622,25.8438,50.2851,7.75492e-05,29.237,63.2963,2.42508e-05,33.0837,79.6738,7.67162e-06,37.4415,100.288,2.32837e-06,42.3767,126.236,7.33e-07,47.9646,158.896,2.79256e-07,54.2906,200.003,9.87351e-09,61.452,251.741,1.61085e-07,69.5585,316.859,-2.47141e-07,78.7347,398.812,8.93552e-08,89.1218,501.948,-2.53231e-07,100.879,631.736,-1.25047e-07,114.188,795.049,-1.78808e-07,129.252,1000.53,2.6733e-07,146.304,1259.03,4.50292e-07,165.605,1584.19,6.76904e-07,187.452,1993.12,-1.23808e-07,212.181,2507.27,-4.89068e-07,240.173,3153.54,-5.40284e-07,271.856,3965.56,1.86061e-07,307.719,4985.38,4.37004e-07,348.313,6265.4,3.59828e-07,394.26,7870.83,3.98192e-07,446.268,9882.51,-1.92908e-07,505.135,12400.3,-2.20392e-07,571.766,15546.9,1.51705e-07,647.184,19472.2,5.74996e-07,732.547,24357.4,5.39112e-07,829.167,30420,5.07815e-09,938.526,37916.3,-4.11492e-07,1062.3,47143.9,-3.9561e-07,1202.4,58439.2,3.86185e-08,1360.96,72169.3,5.94093e-07,1540.42,88715.8,7.47693e-07,1743.53,108445,1.78537e-07,1973.41,131665,-4.12549e-07,2233.57,158557,-5.37164e-07,2528,189103,-1.17615e-07,2861.2,222986,5.66769e-07,3238.27,259510,9.45053e-07,3664.97,297540,4.25093e-07,4147.81,335497,-3.58506e-07,4694.17,371444,-6.7724e-07,5312.37,403256,1.67192e-07,1.61744,3.89446,9.84394,3.28846,7.5504,12.774,5.07607,11.7187,13.6844,7.03202,16.8147,13.9681,9.20215,23.1769,14.0566,11.6301,31.1672,14.0841,14.3598,41.2186,14.0927,17.4376,53.8688,14.0954,20.9137,69.7915,14.0962,24.8432,89.8341,14.0965,29.2879,115.063,14.0966,34.3168,146.819,14.0966,40.0078,186.792,14.0966,46.4487,237.107,14.0966,53.7388,300.44,14.0966,61.9903,380.158,14.0966,71.3301,480.499,14.0966,81.902,606.796,14.0966,93.8685,765.761,14.0966,107.414,965.837,14.0966,122.746,1217.65,14.0966,140.101,1534.57,14.0966,159.745,1933.41,14.0966,181.981,2435.3,14.0966,207.15,3066.85,14.0966,235.64,3861.46,14.0966,267.889,4861.11,14.0966,304.391,6118.54,14.0966,345.709,7699.91,14.0966,392.478,9688.22,14.0966,445.417,12187.5,14.0966,505.339,15327.7,14.0966,573.165,19271.6,14.0966,649.938,24222,14.0966,736.839,30430.9,14.0966,835.202,38211.5,14.0966,946.539,47950.3,14.0966,1072.56,60122.8,14.0966,1215.21,75309.9,14.0966,1376.66,94216.2,14.0966,1559.41,117688,14.0966,1766.26,146729,14.0966,2000.39,182510,14.0966,2265.39,226372,14.0966,2565.33,279806,14.0966,2904.81,344416,14.0966,3289.05,421845,14.0966,3723.93,513667,14.0966,4216.13,621231,14.0966,4773.18,745478,14.0966,5403.64,886744,14.0966,6117.15,1.04457e+06,14.0966,6924.63,1.2176e+06,14.0966,11.7194,11.96,12.6541,13.9321,16.1295,13.6434,16.6097,21.9702,13.9553,19.7532,29.5285,14.0526,23.3844,39.1143,14.0829,27.5423,51.2054,14.0923,32.2796,66.434,14.0953,37.662,85.6061,14.0962,43.7675,109.74,14.0965,50.687,140.119,14.0966,58.5249,178.359,14.0966,67.4005,226.493,14.0966,77.4493,287.08,14.0966,88.8254,363.343,14.0966,101.703,459.336,14.0966,116.281,580.161,14.0966,132.782,732.241,14.0966,151.46,923.655,14.0966,172.603,1164.57,14.0966,196.535,1467.79,14.0966,223.625,1849.39,14.0966,254.288,2329.62,14.0966,288.997,2933.93,14.0966,328.285,3694.33,14.0966,372.755,4651.04,14.0966,423.092,5854.57,14.0966,480.07,7368.38,14.0966,544.564,9272.08,14.0966,617.566,11665.5,14.0966,700.197,14673.6,14.0966,793.729,18452.9,14.0966,899.599,23198.6,14.0966,1019.43,29154.1,14.0966,1155.07,36622.3,14.0966,1308.6,45977.9,14.0966,1482.39,57683.7,14.0966,1679.09,72307.8,14.0966,1901.73,90542.8,14.0966,2153.73,113226,14.0966,2438.97,141360,14.0966,2761.81,176127,14.0966,3127.22,218898,14.0966,3540.81,271226,14.0966,4008.92,334817,14.0966,4538.74,411470,14.0966,5138.38,502973,14.0966,5817.04,610948,14.0966,6585.12,736653,14.0966,7454.39,880741,14.0966,8438.15,1.04302e+06,14.0966,9551.45,1.22224e+06,14.0966,10811.3,1.41602e+06,14.0966,12237,1.62086e+06,14.0966,11.7194,11.96,12.6541,2.21263,4.16949,0.989383,2.67766,5.84076,0.311842,3.14343,7.55825,0.0972771,3.63127,9.58578,0.0303237,4.15787,12.0912,0.00945211,4.73731,15.2286,0.00294633,5.38238,19.1721,0.000918508,6.10553,24.134,0.000286163,6.91951,30.3791,8.92692e-05,7.83792,38.2397,2.78121e-05,8.87555,48.1338,8.65134e-06,10.0489,60.5876,2.7882e-06,11.3761,76.2629,8.29036e-07,12.8779,95.9927,2.4373e-07,14.5775,120.825,4.33068e-09,16.5012,152.08,1.75749e-07,18.6784,191.415,-1.86328e-07,21.1428,240.917,1.91829e-07,23.9322,303.213,-1.81475e-07,27.0895,381.602,7.0186e-08,30.6634,480.231,-2.86769e-08,34.7087,604.316,2.40784e-07,39.2876,760.401,9.87368e-08,44.4705,956.705,1.22263e-07,50.3371,1203.54,-4.31966e-07,56.9776,1513.81,-1.9705e-07,64.494,1903.69,-2.763e-08,73.0018,2393.4,3.9185e-07,82.6317,3008.13,1.35379e-07,93.5318,3779.25,-4.16351e-08,105.869,4745.7,2.06965e-08,119.834,5955.6,-3.18887e-07,135.641,7468.12,-1.48271e-08,153.531,9355.62,2.00739e-07,173.781,11705.8,2.28358e-07,196.701,14624.1,-1.93587e-08,222.642,18235,-2.88101e-07,252.003,22683.4,-2.24732e-07,285.234,28134,8.56806e-09,322.845,34767,2.34258e-07,365.413,42770.9,2.99668e-07,413.588,52327.9,8.28644e-08,468.111,63591.2,-3.07049e-07,529.814,76653.2,-3.1888e-07,599.642,91502.5,-6.72276e-08,678.662,107975,2.26339e-07,768.083,125705,3.69212e-07,869.267,144088,2.04077e-07,983.76,162277,-2.80509e-07,1113.3,179223,-4.22737e-07,1259.87,193777,-1.71951e-07,1425.68,204839,4.55555e-07,11.7194,11.96,12.6541,2.21263,4.16949,0.989383,2.67766,5.84076,0.311842,3.14343,7.55825,0.0972771,3.63127,9.58578,0.0303237,4.15787,12.0912,0.00945211,4.73731,15.2286,0.00294633,5.38238,19.1721,0.000918508,6.10553,24.134,0.000286163,6.91951,30.3791,8.92692e-05,7.83792,38.2397,2.78121e-05,8.87555,48.1338,8.65134e-06,10.0489,60.5876,2.7882e-06,11.3761,76.2629,8.29036e-07,12.8779,95.9927,2.4373e-07,14.5775,120.825,1e-08,16.5012,152.08,1.75749e-07,18.6784,191.415,1e-08,21.1428,240.917,1.91829e-07,23.9322,303.213,1e-08,27.0895,381.602,7.0186e-08,30.6634,480.231,1e-08,34.7087,604.316,2.40784e-07,39.2876,760.401,9.87368e-08,44.4705,956.705,1.22263e-07,50.3371,1203.54,1e-08,56.9776,1513.81,1e-08,64.494,1903.69,1e-08,73.0018,2393.4,3.9185e-07,82.6317,3008.13,1.35379e-07,93.5318,3779.25,1e-08,105.869,4745.7,2.06965e-08,119.834,5955.6,1e-08,135.641,7468.12,1e-08,153.531,9355.62,2.00739e-07,173.781,11705.8,2.28358e-07,196.701,14624.1,1e-08,222.642,18235,1e-08,252.003,22683.4,1e-08,285.234,28134,1e-08,322.845,34767,2.34258e-07,365.413,42770.9,2.99668e-07,413.588,52327.9,8.28644e-08,468.111,63591.2,1e-08,529.814,76653.2,1e-08,599.642,91502.5,1e-08,678.662,107975,2.26339e-07,768.083,125705,3.69212e-07,869.267,144088,2.04077e-07,983.76,162277,1e-08,1113.3,179223,1e-08,1259.87,193777,1e-08,1425.68,204839,4.55555e-07,6.2823,3.27286,2.43537,0.219672,6.18826,2.24117,0.56371,6.87772,2.63624,0.308279,7,15,13,0,0,2,6,6,2,5,7,0,1,15,1,8,15,0,2,15,0,1,10,0,5,28,0,3,16,0,10,38,0,7,50,0,17,37,0,9,151,0,9,98,0,23,77,0,15,229,0,15,97,0,22,272,0,24,344,0,13,490,0,44,881,0,42,436,0,19,585,0,55,1612,0,61,1231,0,23,1493,0,36,1300,0,70,2613,0,87,4836,0,69,6758,0,107,3914,0,212,13039,0,154,12792,0,246,8213,0,113,7854,0,125,14600,0,220,8940,0,266,16183,0,214,43902,0,240,36122,0,382,51424,0,161,77705,0,465,58412,0,376,37443,0,552,105099,0,912,132310,0,791,164759,0,578,172761,0,496,206132,0,1434,209411,0,777,306373,0,1987,240618,0
-1.05176e+08,1,8.88811e-15,10,1023,0,1.05176e+08,0.528882,1.08665,0.389689,0.145397,0.379329,3.24381,0.161596,0.446195,1.77396,0.159177,1.15e+07,4.49998e+06,6.79999e+06,1.15e+07,4.49997e+06,6.79999e+06,1.15e+07,4.49996e+06,6.79999e+06,1.15e+07,4.49995e+06,6.79999e+06,1.14999e+07,4.49993e+06,6.79999e+06,1.14999e+07,4.49991e+06,6.79999e+06,1.14999e+07,4.49989e+06,6.79999e+06,1.14999e+07,4.49986e+06,6.79999e+06,1.14999e+07,4.49982e+06,6.79999e+06,1.14999e+07,4.49977e+06,6.79999e+06,1.14999e+07,4.49971e+06,6.79999e+06,1.14999e+07,4.49963e+06,6.79999e+06,1.14998e+07,4.49953e+06,6.79999e+06,1.14998e+07,4.49941e+06,6.79999e+06,1.14998e+07,4.49926e+06,6.79999e+06,1.14998e+07,4.49906e+06,6.79999e+06,1.14997e+07,4.49882e+06,6.79999e+06,1.14997e+07,4.49851e+06,6.79999e+06,1.14997e+07,4.49812e+06,6.79999e+06,1.14996e+07,4.49764e+06,6.79999e+06,1.14996e+07,4.49702e+06,6.79999e+06,1.14995e+07,4.49625e+06,6.79999e+06,1.14995e+07,4.49528e+06,6.79999e+06,1.14994e+07,4.49406e+06,6.79999e+06,1.14993e+07,4.49253e+06,6.79999e+06,1.14992e+07,4.49059e+06,6.79999e+06,1.14991e+07,4.48817e+06,6.79999e+06,1.1499e+07,4.48511e+06,6.79999e+06,1.14988e+07,4.48128e+06,6.79999e+06,1.14987e+07,4.47646e+06,6.79999e+06,1.14985e+07,4.47041e+06,6.79999e+06,1.14983e+07,4.46281e+06,6.79999e+06,1.14981e+07,4.4533e+06,6.79999e+06,1.14979e+07,4.44138e+06,6.79999e+06,1.14976e+07,4.42649e+06,6.79999e+06,1.14972e+07,4.40789e+06,6.79999e+06,1.14969e+07,4.38471e+06,6.79999e+06,1.14965e+07,4.35592e+06,6.79999e+06,1.1496e+07,4.32027e+06,6.79999e+06,1.14955e+07,4.27629e+06,6.79999e+06,1.14949e+07,4.22231e+06,6.79999e+06,1.14942e+07,4.15647e+06,6.79999e+06,1.14934e+07,4.07676e+06,6.79999e+06,1.14926e+07,3.98112e+06,6.79999e+06,1.14916e+07,3.86765e+06,6.79999e+06,1.14905e+07,3.73474e+06,6.79999e+06,1.14892e+07,3.58148e+06,6.79999e+06,1.14878e+07,3.40785e+06,6.79999e+06,1.14862e+07,3.21513e+06,6.79999e+06,1.14844e+07,3.00605e+06,6.79999e+06,1.14823e+07,2.7848e+06,6.79999e+06,1.148e+07,2.5568e+06,6.79999e+06,1.14773e+07,2.32825e+06,6.79999e+06,13.5742,8.52444,0.508366,16.8306,13.2585,0.162638,20.0035,17.569,0.0507846,23.2616,22.4214,0.0158319,26.7328,28.3297,0.00493498,30.5212,35.6974,0.00153831,34.7178,44.9473,0.000479527,39.4086,56.5822,0.000149456,44.6796,71.2245,4.66214e-05,50.6209,89.6543,1.45419e-05,57.3297,112.852,4.54748e-06,64.9129,142.051,1.43857e-06,73.4897,178.803,4.36618e-07,83.1934,225.062,1.40153e-07,94.1745,283.286,4.96378e-08,106.602,356.568,1.05434e-07,120.669,448.799,-6.49244e-08,136.59,564.873,1.70148e-07,154.611,710.948,-5.34594e-08,175.008,894.767,1.63407e-07,198.097,1126.06,8.04804e-08,224.231,1417.07,1.14667e-07,253.813,1783.15,-1.71227e-07,287.297,2243.62,-2.88466e-07,325.198,2822.67,-4.33651e-07,368.098,3550.67,7.9318e-08,416.657,4465.65,3.13319e-07,471.621,5615.16,3.4613e-07,533.835,7058.61,-1.19199e-07,604.255,8870.02,-2.79964e-07,683.962,11141.4,-2.30521e-07,774.182,13986.7,-2.55099e-07,876.299,17546.4,1.23585e-07,991.883,21993.1,1.41192e-07,1122.71,27536.7,-9.71886e-08,1270.78,34430.7,-3.68368e-07,1438.38,42977.7,-3.45379e-07,1628.07,53532.7,-3.25328e-09,1842.77,66504.6,2.6362e-07,2085.77,82350.2,2.53445e-07,2360.79,101560,-2.47407e-08,2672.05,124632,-3.80602e-07,3024.31,152018,-4.79005e-07,3422.98,184060,-1.14379e-07,3874.15,220884,2.64297e-07,4384.72,262283,3.44131e-07,4962.49,307576,7.5349e-08,5616.29,355497,-3.63097e-07,6356.1,404126,-6.05442e-07,7193.18,450932,-2.72333e-07,8140.28,492963,2.29675e-07,9211.79,527178,4.3387e-07,10424,550893,-1.0711e-07,10.102,8.06553,2.81012,10.6436,8.57909,0.869423,11.5336,10.2515,0.270869,12.7211,12.7138,0.0844293,14.1823,15.9373,0.0263173,15.9122,20.0383,0.0082035,17.9198,25.2154,0.00255722,20.2244,31.7373,0.000797017,22.8539,39.9486,0.000248622,25.8438,50.2851,7.75492e-05,29.237,63.2963,2.42508e-05,33.0837,79.6738,7.67162e-06,37.4415,100.288,2.32837e-06,42.3767,126.236,7.33e-07,47.9646,158.896,2.79256e-07,54.2906,200.003,9.87351e-09,61.452,251.741,1.61085e-07,69.5585,316.859,-2.47141e-07,78.7347,398.812,8.93552e-08,89.1218,501.948,-2.53231e-07,100.879,631.736,-1.25047e-07,114.188,795.049,-1.78808e-07,129.252,1000.53,2.6733e-07,146.304,1259.03,4.50292e-07,165.605,1584.19,6.76904e-07,187.452,1993.12,-1.23808e-07,212.181,2507.27,-4.89068e-07,240.173,3153.54,-5.40284e-07,271.856,3965.56,1.86061e-07,307.719,4985.38,4.37004e-07,348.313,6265.4,3.59828e-07,394.26,7870.83,3.98192e-07,446.268,9882.51,-1.92908e-07,505.135,12400.3,-2.20392e-07,571.766,15546.9,1.51705e-07,647.184,19472.2,5.74996e-07,732.547,24357.4,5.39112e-07,829.167,30420,5.07815e-09,938.526,37916.3,-4.11492e-07,1062.3,47143.9,-3.9561e-07,1202.4,58439.2,3.86185e-08,1360.96,72169.3,5.94093e-07,1540.42,88715.8,7.47693e-07,1743.53,108445,1.78537e-07,1973.41,131665,-4.12549e-07,2233.57,158557,-5.37164e-07,2528,189103,-1.17615e-07,2861.2,222986,5.66769e-07,3238.27,259510,9.45053e-07,3664.97,297540,4.25093e-07,4147.81,335497,-3.58506e-07,4694.17,371444,-6.7724e-07,5312.37,403256,1.67192e-07,1.61744,3.89446,9.84394,3.28846,7.5504,12.774,5.07607,11.7187,13.6844,7.03202,16.8147,13.9681,9.20215,23.1769,14.0566,11.6301,31.1672,14.0841,14.3598,41.2186,14.0927,17.4376,53.8688,14.0954,20.9137,69.7915,14.0962,24.8432,89.8341,14.0965,29.2879,115.063,14.0966,34.3168,146.819,14.0966,40.0078,186.792,14.0966,46.4487,237.107,14.0966,53.7388,300.44,14.0966,61.9903,380.158,14.0966,71.3301,480.499,14.0966,81.902,606.796,14.0966,93.8685,765.761,14.0966,107.414,965.837,14.0966,122.746,1217.65,14.0966,140.101,1534.57,14.0966,159.745,1933.41,14.0966,181.981,2435.3,14.0966,207.15,3066.85,14.0966,235.64,3861.46,14.0966,267.889,4861.11,14.0966,304.391,6118.54,14.0966,345.709,7699.91,14.0966,392.478,9688.22,14.0966,445.417,12187.5,14.0966,505.339,15327.7,14.0966,573.165,19271.6,14.0966,649.938,24222,14.0966,736.839,30430.9,14.0966,835.202,38211.5,14.0966,946.539,47950.3,14.0966,1072.56,60122.8,14.0966,1215.21,75309.9,14.0966,1376.66,94216.2,14.0966,1559.41,117688,14.0966,1766.26,146729,14.0966,2000.39,182510,14.0966,2265.39,226372,14.0966,2565.33,279806,14.0966,2904.81,344416,14.0966,3289.05,421845,14.0966,3723.93,513667,14.0966,4216.13,621231,14.0966,4773.18,745478,14.0966,5403.64,886744,14.0966,6117.15,1.04457e+06,14.0966,6924.63,1.2176e+06,14.0966,11.7194,11.96,12.6541,13.9321,16.1295,13.6434,16.6097,21.9702,13.9553,19.7532,29.5285,14.0526,23.3844,39.1143,14.0829,27.5423,51.2054,14.0923,32.2796,66.434,14.0953,37.662,85.6061,14.0962,43.7675,109.74,14.0965,50.687,140.119,14.0966,58.5249,178.359,14.0966,67.4005,226.493,14.0966,77.4493,287.08,14.0966,88.8254,363.343,14.0966,101.703,459.336,14.0966,116.281,580.161,14.0966,132.782,732.241,14.0966,151.46,923.655,14.0966,172.603,1164.57,14.0966,196.535,1467.79,14.0966,223.625,1849.39,14.0966,254.288,2329.62,14.0966,288.997,2933.93,14.0966,328.285,3694.33,14.0966,372.755,4651.04,14.0966,423.092,5854.57,14.0966,480.07,7368.38,14.0966,544.564,9272.08,14.0966,617.566,11665.5,14.0966,700.197,14673.6,14.0966,793.729,18452.9,14.0966,899.599,23198.6,14.0966,1019.43,29154.1,14.0966,1155.07,36622.3,14.0966,1308.6,45977.9,14.0966,1482.39,57683.7,14.0966,1679.09,72307.8,14.0966,1901.73,90542.8,14.0966,2153.73,113226,14.0966,2438.97,141360,14.0966,2761.81,176127,14.0966,3127.22,218898,14.0966,3540.81,271226,14.0966,4008.92,334817,14.0966,4538.74,411470,14.0966,5138.38,502973,14.0966,5817.04,610948,14.0966,6585.12,736653,14.0966,7454.39,880741,14.0966,8438.15,1.04302e+06,14.0966,9551.45,1.22224e+06,14.0966,10811.3,1.41602e+06,14.0966,12237,1.62086e+06,14.0966,11.7194,11.96,12.6541,2.21263,4.16949,0.989383,2.67766,5.84076,0.311842,3.14343,7.55825,0.0972771,3.63127,9.58578,0.0303237,4.15787,12.0912,0.00945211,4.73731,15.2286,0.00294633,5.38238,19.1721,0.000918508,6.10553,24.134,0.000286163,6.91951,30.3791,8.92692e-05,7.83792,38.2397,2.78121e-05,8.87555,48.1338,8.65134e-06,10.0489,60.5876,2.7882e-06,11.3761,76.2629,8.29036e-07,12.8779,95.9927,2.4373e-07,14.5775,120.825,4.33068e-09,16.5012,152.08,1.75749e-07,18.6784,191.415,-1.86328e-07,21.1428,240.917,1.91829e-07,23.9322,303.213,-1.81475e-07,27.0895,381.602,7.0186e-08,30.6634,480.231,-2.86769e-08,34.7087,604.316,2.40784e-07,39.2876,760.401,9.87368e-08,44.4705,956.705,1.22263e-07,50.3371,1203.54,-4.31966e-07,56.9776,1513.81,-1.9705e-07,64.494,1903.69,-2.763e-08,73.0018,2393.4,3.9185e-07,82.6317,3008.13,1.35379e-07,93.5318,3779.25,-4.16351e-08,105.869,4745.7,2.06965e-08,119.834,5955.6,-3.18887e-07,135.641,7468.12,-1.48271e-08,153.531,9355.62,2.00739e-07,173.781,11705.8,2.28358e-07,196.701,14624.1,-1.93587e-08,222.642,18235,-2.88101e-07,252.003,22683.4,-2.24732e-07,285.234,28134,8.56806e-09,322.845,34767,2.34258e-07,365.413,42770.9,2.99668e-07,413.588,52327.9,8.28644e-08,468.111,63591.2,-3.07049e-07,529.814,76653.2,-3.1888e-07,599.642,91502.5,-6.72276e-08,678.662,107975,2.26339e-07,768.083,125705,3.69212e-07,869.267,144088,2.04077e-07,983.76,162277,-2.80509e-07,1113.3,179223,-4.22737e-07,1259.87,193777,-1.71951e-07,1425.68,204839,4.55555e-07,11.7194,11.96,12.6541,2.21263,4.16949,0.989383,2.67766,5.84076,0.311842,3.14343,7.55825,0.0972771,3.63127,9.58578,0.0303237,4.15787,12.0912,0.00945211,4.73731,15.2286,0.00294633,5.38238,19.1721,0.000918508,6.10553,24.134,0.000286163,6.91951,30.3791,8.92692e-05,7.83792,38.2397,2.78121e-05,8.87555,48.1338,8.65134e-06,10.0489,60.5876,2.7882e-06,11.3761,76.2629,8.29036e-07,12.8779,95.9927,2.4373e-07,14.5775,120.825,1e-08,16.5012,152.08,1.75749e-07,18.6784,191.415,1e-08,21.1428,240.917,1.91829e-07,23.9322,303.213,1e-08,27.0895,381.602,7.0186e-08,30.6634,480.231,1e-08,34.7087,604.316,2.40784e-07,39.2876,760.401,9.87368e-08,44.4705,956.705,1.22263e-07,50.3371,1203.54,1e-08,56.9776,1513.81,1e-08,64.494,1903.69,1e-08,73.0018,2393.4,3.9185e-07,82.6317,3008.13,1.35379e-07,93.5318,3779.25,1e-08,105.869,4745.7,2.06965e-08,119.834,5955.6,1e-08,135.641,7468.12,1e-08,153.531,9355.62,2.00739e-07,173.781,11705.8,2.28358e-07,196.701,14624.1,1e-08,222.642,18235,1e-08,252.003,22683.4,1e-08,285.234,28134,1e-08,322.845,34767,2.34258e-07,365.413,42770.9,2.99668e-07,413.588,52327.9,8.28644e-08,468.111,63591.2,1e-08,529.814,76653.2,1e-08,599.642,91502.5,1e-08,678.662,107975,2.26339e-07,768.083,125705,3.69212e-07,869.267,144088,2.04077e-07,983.76,162277,1e-08,1113.3,179223,1e-08,1259.87,193777,1e-08,1425.68,204839,4.55555e-07,6.2823,3.27286,2.43537,0.219672,6.18826,2.24117,0.56371,6.87772,2.63624,0.308279,15,4,7,2,3,0,1,10,0,2,13,0,1,3,0,7,22,0,2,13,0,4,11,0,7,29,0,7,9,0,18,53,0,5,39,0,7,83,0,6,51,0,12,100,0,15,35,0,6,98,0,14,203,0,18,79,0,18,460,0,7,303,0,23,337,0,53,524,0,23,793,0,18,767,0,73,680,0,26,1802,0,100,1357,0,84,2079,0,106,2558,0,92,2377,0,106,8949,0,152,5222,0,127,9109,0,65,4661,0,108,7855,0,151,15733,0,183,13258,0,142,21979,0,429,51577,0,289,30412,0,380,58896,0,593,25853,0,467,74103,0,695,104263,0,645,65494,0,575,118389,0,809,114952,0,1647,147832,0,502,153235,0,1294,173605,0,1597,208072,0,951,173967,0
-1.05176e+08,3.03665e-61,8.88811e-15,10,1023,0,1.05176e+08,0.528882,1.08665,0.389689,0.145397,0.379329,3.24381,0.161596,0.446195,1.77396,0.159177,1.15e+07,4.49998e+06,6.79999e+06,1.15e+07,4.49997e+06,6.79999e+06,1.15e+07,4.49996e+06,6.79999e+06,1.15e+07,4.49995e+06,6.79999e+06,1.14999e+07,4.49993e+06,6.79999e+06,1.14999e+07,4.49991e+06,6.79999e+06,1.14999e+07,4.49989e+06,6.79999e+06,1.14999e+07,4.49986e+06,6.79999e+06,1.14999e+07,4.49982e+06,6.79999e+06,1.14999e+07,4.49977e+06,6.79999e+06,1.14999e+07,4.49971e+06,6.79999e+06,1.14999e+07,4.49963e+06,6.79999e+06,1.14998e+07,4.49953e+06,6.79999e+06,1.14998e+07,4.49941e+06,6.79999e+06,1.14998e+07,4.49926e+06,6.79999e+06,1.14998e+07,4.49906e+06,6.79999e+06,1.14997e+07,4.49882e+06,6.79999e+06,1.14997e+07,4.49851e+06,6.79999e+06,1.14997e+07,4.49812e+06,6.79999e+06,1.14996e+07,4.49764e+06,6.79999e+06,1.14996e+07,4.49702e+06,6.79999e+06,1.14995e+07,4.49625e+06,6.79999e+06,1.14995e+07,4.49528e+06,6.79999e+06,1.14994e+07,4.49406e+06,6.79999e+06,1.14993e+07,4.49253e+06,6.79999e+06,1.14992e+07,4.49059e+06,6.79999e+06,1.14991e+07,4.48817e+06,6.79999e+06,1.1499e+07,4.48511e+06,6.79999e+06,1.14988e+07,4.48128e+06,6.79999e+06,1.14987e+07,4.47646e+06,6.79999e+06,1.14985e+07,4.47041e+06,6.79999e+06,1.14983e+07,4.46281e+06,6.79999e+06,1.14981e+07,4.4533e+06,6.79999e+06,1.14979e+07,4.44138e+06,6.79999e+06,1.14976e+07,4.42649e+06,6.79999e+06,1.14972e+07,4.40789e+06,6.79999e+06,1.14969e+07,4.38471e+06,6.79999e+06,1.14965e+07,4.35592e+06,6.79999e+06,1.1496e+07,4.32027e+06,6.79999e+06,1.14955e+07,4.27629e+06,6.79999e+06,1.14949e+07,4.22231e+06,6.79999e+06,1.14942e+07,4.15647e+06,6.79999e+06,1.14934e+07,4.07676e+06,6.79999e+06,1.14926e+07,3.98112e+06,6.79999e+06,1.14916e+07,3.86765e+06,6.79999e+06,1.14905e+07,3.73474e+06,6.79999e+06,1.14892e+07,3.58148e+06,6.79999e+06,1.14878e+07,3.40785e+06,6.79999e+06,1.14862e+07,3.21513e+06,6.79999e+06,1.14844e+07,3.00605e+06,6.79999e+06,1.14823e+07,2.7848e+06,6.79999e+06,1.148e+07,2.5568e+06,6.79999e+06,1.14773e+07,2.32825e+06,6.79999e+06,13.5742,8.52444,0.508366,16.8306,13.2585,0.162638,20.0035,17.569,0.0507846,23.2616,22.4214,0.0158319,26.7328,28.3297,0.00493498,30.5212,35.6974,0.00153831,34.7178,44.9473,0.000479527,39.4086,56.5822,0.000149456,44.6796,71.2245,4.66214e-05,50.6209,89.6543,1.45419e-05,57.3297,112.852,4.54748e-06,64.9129,142.051,1.43857e-06,73.4897,178.803,4.36618e-07,83.1934,225.062,1.40153e-07,94.1745,283.286,4.96378e-08,106.602,356.568,1.05434e-07,120.669,448.799,-6.49244e-08,136.59,564.873,1.70148e-07,154.611,710.948,-5.34594e-08,175.008,894.767,1.63407e-07,198.097,1126.06,8.04804e-08,224.231,1417.07,1.14667e-07,253.813,1783.15,-1.71227e-07,287.297,2243.62,-2.88466e-07,325.198,2822.67,-4.33651e-07,368.098,3550.67,7.9318e-08,416.657,4465.65,3.13319e-07,471.621,5615.16,3.4613e-07,533.835,7058.61,-1.19199e-07,604.255,8870.02,-2.79964e-07,683.962,11141.4,-2.30521e-07,774.182,13986.7,-2.55099e-07,876.299,17546.4,1.23585e-07,991.883,21993.1,1.41192e-07,1122.71,27536.7,-9.71886e-08,1270.78,34430.7,-3.68368e-07,1438.38,42977.7,-3.45379e-07,1628.07,53532.7,-3.25328e-09,1842.77,66504.6,2.6362e-07,2085.77,82350.2,2.53445e-07,2360.79,101560,-2.47407e-08,2672.05,124632,-3.80602e-07,3024.31,152018,-4.79005e-07,3422.98,184060,-1.14379e-07,3874.15,220884,2.64297e-07,4384.72,262283,3.44131e-07,4962.49,307576,7.5349e-08,5616.29,355497,-3.63097e-07,6356.1,404126,-6.05442e-07,7193.18,450932,-2.72333e-07,8140.28,492963,2.29675e-07,9211.79,527178,4.3387e-07,10424,550893,-1.0711e-07,10.102,8.06553,2.81012,10.6436,8.57909,0.869423,11.5336,10.2515,0.270869,12.7211,12.7138,0.0844293,14.1823,15.9373,0.0263173,15.9122,20.0383,0.0082035,17.9198,25.2154,0.00255722,20.2244,31.7373,0.000797017,22.8539,39.9486,0.000248622,25.8438,50.2851,7.75492e-05,29.237,63.2963,2.42508e-05,33.0837,79.6738,7.67162e-06,37.4415,100.288,2.32837e-06,42.3767,126.236,7.33e-07,47.9646,158.896,2.79256e-07,54.2906,200.003,9.87351e-09,61.452,251.741,1.61085e-07,69.5585,316.859,-2.47141e-07,78.7347,398.812,8.93552e-08,89.1218,501.948,-2.53231e-07,100.879,631.736,-1.25047e-07,114.188,795.049,-1.78808e-07,129.252,1000.53,2.6733e-07,146.304,1259.03,4.50292e-07,165.605,1584.19,6.76904e-07,187.452,1993.12,-1.23808e-07,212.181,2507.27,-4.89068e-07,240.173,3153.54,-5.40284e-07,271.856,3965.56,1.86061e-07,307.719,4985.38,4.37004e-07,348.313,6265.4,3.59828e-07,394.26,7870.83,3.98192e-07,446.268,9882.51,-1.92908e-07,505.135,12400.3,-2.20392e-07,571.766,15546.9,1.51705e-07,647.184,19472.2,5.74996e-07,732.547,24357.4,5.39112e-07,829.167,30420,5.07815e-09,938.526,37916.3,-4.11492e-07,1062.3,47143.9,-3.9561e-07,1202.4,58439.2,3.86185e-08,1360.96,72169.3,5.94093e-07,1540.42,88715.8,7.47693e-07,1743.53,108445,1.78537e-07,1973.41,131665,-4.12549e-07,2233.57,158557,-5.37164e-07,2528,189103,-1.17615e-07,2861.2,222986,5.66769e-07,3238.27,259510,9.45053e-07,3664.97,297540,4.25093e-07,4147.81,335497,-3.58506e-07,4694.17,371444,-6.7724e-07,5312.37,403256,1.67192e-07,1.61744,3.89446,9.84394,3.28846,7.5504,12.774,5.07607,11.7187,13.6844,7.03202,16.8147,13.9681,9.20215,23.1769,14.0566,11.6301,31.1672,14.0841,14.3598,41.2186,14.0927,17.4376,53.8688,14.0954,20.9137,69.7915,14.0962,24.8432,89.8341,14.0965,29.2879,115.063,14.0966,34.3168,146.819,14.0966,40.0078,186.792,14.0966,46.4487,237.107,14.0966,53.7388,300.44,14.0966,61.9903,380.158,14.0966,71.3301,480.499,14.0966,81.902,606.796,14.0966,93.8685,765.761,14.0966,107.414,965.837,14.0966,122.746,1217.65,14.0966,140.101,1534.57,14.0966,159.745,1933.41,14.0966,181.981,2435.3,14.0966,207.15,3066.85,14.0966,235.64,3861.46,14.0966,267.889,4861.11,14.0966,304.391,6118.54,14.0966,345.709,7699.91,14.0966,392.478,9688.22,14.0966,445.417,12187.5,14.0966,505.339,15327.7,14.0966,573.165,19271.6,14.0966,649.938,24222,14.0966,736.839,30430.9,14.0966,835.202,38211.5,14.0966,946.539,47950.3,14.0966,1072.56,60122.8,14.0966,1215.21,75309.9,14.0966,1376.66,94216.2,14.0966,1559.41,117688,14.0966,1766.26,146729,14.0966,2000.39,182510,14.0966,2265.39,226372,14.0966,2565.33,279806,14.0966,2904.81,344416,14.0966,3289.05,421845,14.0966,3723.93,513667,14.0966,4216.13,621231,14.0966,4773.18,745478,14.0966,5403.64,886744,14.0966,6117.15,1.04457e+06,14.0966,6924.63,1.2176e+06,14.0966,11.7194,11.96,12.6541,13.9321,16.1295,13.6434,16.6097,21.9702,13.9553,19.7532,29.5285,14.0526,23.3844,39.1143,14.0829,27.5423,51.2054,14.0923,32.2796,66.434,14.0953,37.662,85.6061,14.0962,43.7675,109.74,14.0965,50.687,140.119,14.0966,58.5249,178.359,14.0966,67.4005,226.493,14.0966,77.4493,287.08,14.0966,88.8254,363.343,14.0966,101.703,459.336,14.0966,116.281,580.161,14.0966,132.782,732.241,14.0966,151.46,923.655,14.0966,172.603,1164.57,14.0966,196.535,1467.79,14.0966,223.625,1849.39,14.0966,254.288,2329.62,14.0966,288.997,2933.93,14.0966,328.285,3694.33,14.0966,372.755,4651.04,14.0966,423.092,5854.57,14.0966,480.07,7368.38,14.0966,544.564,9272.08,14.0966,617.566,11665.5,14.0966,700.197,14673.6,14.0966,793.729,18452.9,14.0966,899.599,23198.6,14.0966,1019.43,29154.1,14.0966,1155.07,36622.3,14.0966,1308.6,45977.9,14.0966,1482.39,57683.7,14.0966,1679.09,72307.8,14.0966,1901.73,90542.8,14.0966,2153.73,113226,14.0966,2438.97,141360,14.0966,2761.81,176127,14.0966,3127.22,218898,14.0966,3540.81,271226,14.0966,4008.92,334817,14.0966,4538.74,411470,14.0966,5138.38,502973,14.0966,5817.04,610948,14.0966,6585.12,736653,14.0966,7454.39,880741,14.0966,8438.15,1.04302e+06,14.0966,9551.45,1.22224e+06,14.0966,10811.3,1.41602e+06,14.0966,12237,1.62086e+06,14.0966,11.7194,11.96,12.6541,2.21263,4.16949,0.989383,2.67766,5.84076,0.311842,3.14343,7.55825,0.0972771,3.63127,9.58578,0.0303237,4.15787,12.0912,0.00945211,4.73731,15.2286,0.00294633,5.38238,19.1721,0.000918508,6.10553,24.134,0.000286163,6.91951,30.3791,8.92692e-05,7.83792,38.2397,2.78121e-05,8.87555,48.1338,8.65134e-06,10.0489,60.5876,2.7882e-06,11.3761,76.2629,8.29036e-07,12.8779,95.9927,2.4373e-07,14.5775,120.825,4.33068e-09,16.5012,152.08,1.75749e-07,18.6784,191.415,-1.86328e-07,21.1428,240.917,1.91829e-07,23.9322,303.213,-1.81475e-07,27.0895,381.602,7.0186e-08,30.6634,480.231,-2.86769e-08,34.7087,604.316,2.40784e-07,39.2876,760.401,9.87368e-08,44.4705,956.705,1.22263e-07,50.3371,1203.54,-4.31966e-07,56.9776,1513.81,-1.9705e-07,64.494,1903.69,-2.763e-08,73.0018,2393.4,3.9185e-07,82.6317,3008.13,1.35379e-07,93.5318,3779.25,-4.16351e-08,105.869,4745.7,2.06965e-08,119.834,5955.6,-3.18887e-07,135.641,7468.12,-1.48271e-08,153.531,9355.62,2.00739e-07,173.781,11705.8,2.28358e-07,196.701,14624.1,-1.93587e-08,222.642,18235,-2.88101e-07,252.003,22683.4,-2.24732e-07,285.234,28134,8.56806e-09,322.845,34767,2.34258e-07,365.413,42770.9,2.99668e-07,413.588,52327.9,8.28644e-08,468.111,63591.2,-3.07049e-07,529.814,76653.2,-3.1888e-07,599.642,91502.5,-6.72276e-08,678.662,107975,2.26339e-07,768.083,125705,3.69212e-07,869.267,144088,2.04077e-07,983.76,162277,-2.80509e-07,1113.3,179223,-4.22737e-07,1259.87,193777,-1.71951e-07,1425.68,204839,4.55555e-07,11.7194,11.96,12.6541,2.21263,4.16949,0.989383,2.67766,5.84076,0.311842,3.14343,7.55825,0.0972771,3.63127,9.58578,0.0303237,4.15787,12.0912,0.00945211,4.73731,15.2286,0.00294633,5.38238,19.1721,0.000918508,6.10553,24.134,0.000286163,6.91951,30.3791,8.92692e-05,7.83792,38.2397,2.78121e-05,8.87555,48.1338,8.65134e-06,10.0489,60.5876,2.7882e-06,11.3761,76.2629,8.29036e-07,12.8779,95.9927,2.4373e-07,14.5775,120.825,1e-08,16.5012,152.08,1.75749e-07,18.6784,191.415,1e-08,21.1428,240.917,1.91829e-07,23.9322,303.213,1e-08,27.0895,381.602,7.0186e-08,30.6634,480.231,1e-08,34.7087,604.316,2.40784e-07,39.2876,760.401,9.87368e-08,44.4705,956.705,1.22263e-07,50.3371,1203.54,1e-08,56.9776,1513.81,1e-08,64.494,1903.69,1e-08,73.0018,2393.4,3.9185e-07,82.6317,3008.13,1.35379e-07,93.5318,3779.25,1e-08,105.869,4745.7,2.06965e-08,119.834,5955.6,1e-08,135.641,7468.12,1e-08,153.531,9355.62,2.00739e-07,173.781,11705.8,2.28358e-07,196.701,14624.1,1e-08,222.642,18235,1e-08,252.003,22683.4,1e-08,285.234,28134,1e-08,322.845,34767,2.34258e-07,365.413,42770.9,2.99668e-07,413.588,52327.9,8.28644e-08,468.111,63591.2,1e-08,529.814,76653.2,1e-08,599.642,91502.5,1e-08,678.662,107975,2.26339e-07,768.083,125705,3.69212e-07,869.267,144088,2.04077e-07,983.76,162277,1e-08,1113.3,179223,1e-08,1259.87,193777,1e-08,1425.68,204839,4.55555e-07,6.2823,3.27286,2.43537,0.219672,6.18826,2.24117,0.56371,6.87772,2.63624,0.308279,4,6,36,0,5,0,1,4,0,1,4,0,6,27,0,4,6,0,2,19,0,6,8,0,2,15,0,7,15,0,10,64,0,3,50,0,10,64,0,11,38,0,8,73,0,10,167,0,11,169,0,13,93,0,21,315,0,17,184,0,14,541,0,53,573,0,17,646,0,43,877,0,55,2274,0,42,1814,0,74,730,0,65,3019,0,118,1888,0,30,2177,0,137,3195,0,135,4414,0,162,4356,0,87,5814,0,135,11355,0,258,9612,0,372,27970,0,412,8796,0,320,21012,0,54,20731,0,284,35645,0,190,41279,0,611,19841,0,200,50916,0,415,97356,0,725,94090,0,564,70403,0,275,144934,0,726,104256,0,1061,150770,0,1838,169368,0,2106,372292,0,1349,183469,0
-1.05176e+08,1,8.88811e-15,10,1023,0,1.05176e+08,0.528882,1.08665,0.389689,0.145397,0.379329,3.24381,0.161596,0.446195,1.77396,0.159177,1.15e+07,4.49998e+06,6.79999e+06,1.15e+07,4.49997e+06,6.79999e+06,1.15e+07,4.49996e+06,6.79999e+06,1.15e+07,4.49995e+06,6.79999e+06,1.14999e+07,4.49993e+06,6.79999e+06,1.14999e+07,4.49991e+06,6.79999e+06,1.14999e+07,4.49989e+06,6.79999e+06,1.14999e+07,4.49986e+06,6.79999e+06,1.14999e+07,4.49982e+06,6.79999e+06,1.14999e+07,4.49977e+06,6.79999e+06,1.14999e+07,4.49971e+06,6.79999e+06,1.14999e+07,4.49963e+06,6.79999e+06,1.14998e+07,4.49953e+06,6.79999e+06,1.14998e+07,4.49941e+06,6.79999e+06,1.14998e+07,4.49926e+06,6.79999e+06,1.14998e+07,4.49906e+06,6.79999e+06,1.14997e+07,4.49882e+06,6.79999e+06,1.14997e+07,4.49851e+06,6.79999e+06,1.14997e+07,4.49812e+06,6.79999e+06,1.14996e+07,4.49764e+06,6.79999e+06,1.14996e+07,4.49702e+06,6.79999e+06,1.14995e+07,4.49625e+06,6.79999e+06,1.14995e+07,4.49528e+06,6.79999e+06,1.14994e+07,4.49406e+06,6.79999e+06,1.14993e+07,4.49253e+06,6.79999e+06,1.14992e+07,4.49059e+06,6.79999e+06,1.14991e+07,4.48817e+06,6.79999e+06,1.1499e+07,4.48511e+06,6.79999e+06,1.14988e+07,4.48128e+06,6.79999e+06,1.14987e+07,4.47646e+06,6.79999e+06,1.14985e+07,4.47041e+06,6.79999e+06,1.14983e+07,4.46281e+06,6.79999e+06,1.14981e+07,4.4533e+06,6.79999e+06,1.14979e+07,4.44138e+06,6.79999e+06,1.14976e+07,4.42649e+06,6.79999e+06,1.14972e+07,4.40789e+06,6.79999e+06,1.14969e+07,4.38471e+06,6.79999e+06,1.14965e+07,4.35592e+06,6.79999e+06,1.1496e+07,4.32027e+06,6.79999e+06,1.14955e+07,4.27629e+06,6.79999e+06,1.14949e+07,4.22231e+06,6.79999e+06,1.14942e+07,4.15647e+06,6.79999e+06,1.14934e+07,4.07676e+06,6.79999e+06,1.14926e+07,3.98112e+06,6.79999e+06,1.14916e+07,3.86765e+06,6.79999e+06,1.14905e+07,3.73474e+06,6.79999e+06,1.14892e+07,3.58148e+06,6.79999e+06,1.14878e+07,3.40785e+06,6.79999e+06,1.14862e+07,3.21513e+06,6.79999e+06,1.14844e+07,3.00605e+06,6.79999e+06,1.14823e+07,2.7848e+06,6.79999e+06,1.148e+07,2.5568e+06,6.79999e+06,1.14773e+07,2.32825e+06,6.79999e+06,13.5742,8.52444,0.508366,16.8306,13.2585,0.162638,20.0035,17.569,0.0507846,23.2616,22.4214,0.0158319,26.7328,28.3297,0.00493498,30.5212,35.6974,0.00153831,34.7178,44.9473,0.000479527,39.4086,56.5822,0.000149456,44.6796,71.2245,4.66214e-05,50.6209,89.6543,1.45419e-05,57.3297,112.852,4.54748e-06,64.9129,142.051,1.43857e-06,73.4897,178.803,4.36618e-07,83.1934,225.062,1.40153e-07,94.1745,283.286,4.96378e-08,106.602,356.568,1.05434e-07,120.669,448.799,-6.49244e-08,136.59,564.873,1.70148e-07,154.611,710.948,-5.34594e-08,175.008,894.767,1.63407e-07,198.097,1126.06,8.04804e-08,224.231,1417.07,1.14667e-07,253.813,1783.15,-1.71227e-07,287.297,2243.62,-2.88466e-07,325.198,2822.67,-4.33651e-07,368.098,3550.67,7.9318e-08,416.657,4465.65,3.13319e-07,471.621,5615.16,3.4613e-07,533.835,7058.61,-1.19199e-07,604.255,8870.02,-2.79964e-07,683.962,11141.4,-2.30521e-07,774.182,13986.7,-2.55099e-07,876.299,17546.4,1.23585e-07,991.883,21993.1,1.41192e-07,1122.71,27536.7,-9.71886e-08,1270.78,34430.7,-3.68368e-07,1438.38,42977.7,-3.45379e-07,1628.07,53532.7,-3.25328e-09,1842.77,66504.6,2.6362e-07,2085.77,82350.2,2.53445e-07,2360.79,101560,-2.47407e-08,2672.05,124632,-3.80602e-07,3024.31,152018,-4.79005e-07,3422.98,184060,-1.14379e-07,3874.15,220884,2.64297e-07,4384.72,262283,3.44131e-07,4962.49,307576,7.5349e-08,5616.29,355497,-3.63097e-07,6356.1,404126,-6.05442e-07,7193.18,450932,-2.72333e-07,8140.28,492963,2.29675e-07,9211.79,527178,4.3387e-07,10424,550893,-1.0711e-07,10.102,8.06553,2.81012,10.6436,8.57909,0.869423,11.5336,10.2515,0.270869,12.7211,12.7138,0.0844293,14.1823,15.9373,0.0263173,15.9122,20.0383,0.0082035,17.9198,25.2154,0.00255722,20.2244,31.7373,0.000797017,22.8539,39.9486,0.000248622,25.8438,50.2851,7.75492e-05,29.237,63.2963,2.42508e-05,33.0837,79.6738,7.67162e-06,37.4415,100.288,2.32837e-06,42.3767,126.236,7.33e-07,47.9646,158.896,2.79256e-07,54.2906,200.003,9.87351e-09,61.452,251.741,1.61085e-07,69.5585,316.859,-2.47141e-07,78.7347,398.812,8.93552e-08,89.1218,501.948,-2.53231e-07,100.879,631.736,-1.25047e-07,114.188,795.049,-1.78808e-07,129.252,1000.53,2.6733e-07,146.304,1259.03,4.50292e-07,165.605,1584.19,6.76904e-07,187.452,1993.12,-1.23808e-07,212.181,2507.27,-4.89068e-07,240.173,3153.54,-5.40284e-07,271.856,3965.56,1.86061e-07,307.719,4985.38,4.37004e-07,348.313,6265.4,3.59828e-07,394.26,7870.83,3.98192e-07,446.268,9882.51,-1.92908e-07,505.135,12400.3,-2.20392e-07,571.766,15546.9,1.51705e-07,647.184,19472.2,5.74996e-07,732.547,24357.4,5.39112e-07,829.167,30420,5.07815e-09,938.526,37916.3,-4.11492e-07,1062.3,47143.9,-3.9561e-07,1202.4,58439.2,3.86185e-08,1360.96,72169.3,5.94093e-07,1540.42,88715.8,7.47693e-07,1743.53,108445,1.78537e-07,1973.41,131665,-4.12549e-07,2233.57,158557,-5.37164e-07,2528,189103,-1.17615e-07,2861.2,222986,5.66769e-07,3238.27,259510,9.45053e-07,3664.97,297540,4.25093e-07,4147.81,335497,-3.58506e-07,4694.17,371444,-6.7724e-07,5312.37,403256,1.67192e-07,1.61744,3.89446,9.84394,3.28846,7.5504,12.774,5.07607,11.7187,13.6844,7.03202,16.8147,13.9681,9.20215,23.1769,14.0566,11.6301,31.1672,14.0841,14.3598,41.2186,14.0927,17.4376,53.8688,14.0954,20.9137,69.7915,14.0962,24.8432,89.8341,14.0965,29.2879,115.063,14.0966,34.3168,146.819,14.0966,40.0078,186.792,14.0966,46.4487,237.107,14.0966,53.7388,300.44,14.0966,61.9903,380.158,14.0966,71.3301,480.499,14.0966,81.902,606.796,14.0966,93.8685,765.761,14.0966,107.414,965.837,14.0966,122.746,1217.65,14.0966,140.101,1534.57,14.0966,159.745,1933.41,14.0966,181.981,2435.3,14.0966,207.15,3066.85,14.0966,235.64,3861.46,14.0966,267.889,4861.11,14.0966,304.391,6118.54,14.0966,345.709,7699.91,14.0966,392.478,9688.22,14.0966,445.417,12187.5,14.0966,505.339,15327.7,14.0966,573.165,19271.6,14.0966,649.938,24222,14.0966,736.839,30430.9,14.0966,835.202,38211.5,14.0966,946.539,47950.3,14.0966,1072.56,60122.8,14.0966,1215.21,75309.9,14.0966,1376.66,94216.2,14.0966,1559.41,117688,14.0966,1766.26,146729,14.0966,2000.39,182510,14.0966,2265.39,226372,14.0966,2565.33,279806,14.0966,2904.81,344416,14.0966,3289.05,421845,14.0966,3723.93,513667,14.0966,4216.13,621231,14.0966,4773.18,745478,14.0966,5403.64,886744,14.0966,6117.15,1.04457e+06,14.0966,6924.63,1.2176e+06,14.0966,11.7194,11.96,12.6541,13.9321,16.1295,13.6434,16.6097,21.9702,13.9553,19.7532,29.5285,14.0526,23.3844,39.1143,14.0829,27.5423,51.2054,14.0923,32.2796,66.434,14.0953,37.662,85.6061,14.0962,43.7675,109.74,14.0965,50.687,140.119,14.0966,58.5249,178.359,14.0966,67.4005,226.493,14.0966,77.4493,287.08,14.0966,88.8254,363.343,14.0966,101.703,459.336,14.0966,116.281,580.161,14.0966,132.782,732.241,14.0966,151.46,923.655,14.0966,172.603,1164.57,14.0966,196.535,1467.79,14.0966,223.625,1849.39,14.0966,254.288,2329.62,14.0966,288.997,2933.93,14.0966,328.285,3694.33,14.0966,372.755,4651.04,14.0966,423.092,5854.57,14.0966,480.07,7368.38,14.0966,544.564,9272.08,14.0966,617.566,11665.5,14.0966,700.197,14673.6,14.0966,793.729,18452.9,14.0966,899.599,23198.6,14.0966,1019.43,29154.1,14.0966,1155.07,36622.3,14.0966,1308.6,45977.9,14.0966,1482.39,57683.7,14.0966,1679.09,72307.8,14.0966,1901.73,90542.8,14.0966,2153.73,113226,14.0966,2438.97,141360,14.0966,2761.81,176127,14.0966,3127.22,218898,14.0966,3540.81,271226,14.0966,4008.92,334817,14.0966,4538.74,411470,14.0966,5138.38,502973,14.0966,5817.04,610948,14.0966,6585.12,736653,14.0966,7454.39,880741,14.0966,8438.15,1.04302e+06,14.0966,9551.45,1.22224e+06,14.0966,10811.3,1.41602e+06,14.0966,12237,1.62086e+06,14.0966,11.7194,11.96,12.6541,2.21263,4.16949,0.989383,2.67766,5.84076,0.311842,3.14343,7.55825,0.0972771,3.63127,9.58578,0.0303237,4.15787,12.0912,0.00945211,4.73731,15.2286,0.00294633,5.38238,19.1721,0.000918508,6.10553,24.134,0.000286163,6.91951,30.3791,8.92692e-05,7.83792,38.2397,2.78121e-05,8.87555,48.1338,8.65134e-06,10.0489,60.5876,2.7882e-06,11.3761,76.2629,8.29036e-07,12.8779,95.9927,2.4373e-07,14.5775,120.825,4.33068e-09,16.5012,152.08,1.75749e-07,18.6784,191.415,-1.86328e-07,21.1428,240.917,1.91829e-07,23.9322,303.213,-1.81475e-07,27.0895,381.602,7.0186e-08,30.6634,480.231,-2.86769e-08,34.7087,604.316,2.40784e-07,39.2876,760.401,9.87368e-08,44.4705,956.705,1.22263e-07,50.3371,1203.54,-4.31966e-07,56.9776,1513.81,-1.9705e-07,64.494,1903.69,-2.763e-08,73.0018,2393.4,3.9185e-07,82.6317,3008.13,1.35379e-07,93.5318,3779.25,-4.16351e-08,105.869,4745.7,2.06965e-08,119.834,5955.6,-3.18887e-07,135.641,7468.12,-1.48271e-08,153.531,9355.62,2.00739e-07,173.781,11705.8,2.28358e-07,196.701,14624.1,-1.93587e-08,222.642,18235,-2.88101e-07,252.003,22683.4,-2.24732e-07,285.234,28134,8.56806e-09,322.845,34767,2.34258e-07,365.413,42770.9,2.99668e-07,413.588,52327.9,8.28644e-08,468.111,63591.2,-3.07049e-07,529.814,76653.2,-3.1888e-07,599.642,91502.5,-6.72276e-08,678.662,107975,2.26339e-07,768.083,125705,3.69212e-07,869.267,144088,2.04077e-07,983.76,162277,-2.80509e-07,1113.3,179223,-4.22737e-07,1259.87,193777,-1.71951e-07,1425.68,204839,4.55555e-07,11.7194,11.96,12.6541,2.21263,4.16949,0.989383,2.67766,5.84076,0.311842,3.14343,7.55825,0.0972771,3.63127,9.58578,0.0303237,4.15787,12.0912,0.00945211,4.73731,15.2286,0.00294633,5.38238,19.1721,0.000918508,6.10553,24.134,0.000286163,6.91951,30.3791,8.92692e-05,7.83792,38.2397,2.78121e-05,8.87555,48.1338,8.65134e-06,10.0489,60.5876,2.7882e-06,11.3761,76.2629,8.29036e-07,12.8779,95.9927,2.4373e-07,14.5775,120.825,1e-08,16.5012,152.08,1.75749e-07,18.6784,191.415,1e-08,21.1428,240.917,1.91829e-07,23.9322,303.213,1e-08,27.0895,381.602,7.0186e-08,30.6634,480.231,1e-08,34.7087,604.316,2.40784e-07,39.2876,760.401,9.87368e-08,44.4705,956.705,1.22263e-07,50.3371,1203.54,1e-08,56.9776,1513.81,1e-08,64.494,1903.69,1e-08,73.0018,2393.4,3.9185e-07,82.6317,3008.13,1.35379e-07,93.5318,3779.25,1e-08,105.869,4745.7,2.06965e-08,119.834,5955.6,1e-08,135.641,7468.12,1e-08,153.531,9355.62,2.00739e-07,173.781,11705.8,2.28358e-07,196.701,14624.1,1e-08,222.642,18235,1e-08,252.003,22683.4,1e-08,285.234,28134,1e-08,322.845,34767,2.34258e-07,365.413,42770.9,2.99668e-07,413.588,52327.9,8.28644e-08,468.111,63591.2,1e-08,529.814,76653.2,1e-08,599.642,91502.5,1e-08,678.662,107975,2.26339e-07,768.083,125705,3.69212e-07,869.267,144088,2.04077e-07,983.76,162277,1e-08,1113.3,179223,1e-08,1259.87,193777,1e-08,1425.68,204839,4.55555e-07,6.2823,3.27286,2.43537,0.219672,6.18826,2.24117,0.56371,6.87772,2.63624,0.308279,14,4,12,2,6,1,2,2,0,2,9,1,2,11,0,8,9,0,3,9,0,9,38,0,6,26,0,10,18,0,9,36,0,8,73,0,8,40,0,6,99,0,7,89,0,21,98,0,11,175,0,12,495,0,16,144,0,11,175,0,27,317,0,39,317,0,14,676,0,38,872,0,59,782,0,83,908,0,74,540,0,75,1896,0,67,1240,0,70,3417,0,84,2978,0,73,2049,0,117,7834,0,144,6885,0,110,13009,0,81,9222,0,91,13110,0,213,15270,0,159,40456,0,421,27082,0,506,37453,0,155,47818,0,428,43176,0,368,53345,0,456,49267,0,724,154627,0,1115,81169,0,561,166506,0,1974,111554,0,2747,307483,0,1538,177153,0,1284,273652,0,2262,107685,0
-1.05176e+08,1,8.88811e-15,10,1023,0,1.05176e+08,0.528882,1.08665,0.389689,0.145397,0.379329,3.24381,0.161596,0.446195,1.77396,0.159177,1.15e+07,4.49998e+06,6.79999e+06,1.15e+07,4.49997e+06,6.79999e+06,1.15e+07,4.49996e+06,6.79999e+06,1.15e+07,4.49995e+06,6.79999e+06,1.14999e+07,4.49993e+06,6.79999e+06,1.14999e+07,4.49991e+06,6.79999e+06,1.14999e+07,4.49989e+06,6.79999e+06,1.14999e+07,4.49986e+06,6.79999e+06,1.14999e+07,4.49982e+06,6.79999e+06,1.14999e+07,4.49977e+06,6.79999e+06,1.14999e+07,4.49971e+06,6.79999e+06,1.14999e+07,4.49963e+06,6.79999e+06,1.14998e+07,4.49953e+06,6.79999e+06,1.14998e+07,4.49941e+06,6.79999e+06,1.14998e+07,4.49926e+06,6.79999e+06,1.14998e+07,4.49906e+06,6.79999e+06,1.14997e+07,4.49882e+06,6.79999e+06,1.14997e+07,4.49851e+06,6.79999e+06,1.14997e+07,4.49812e+06,6.79999e+06,1.14996e+07,4.49764e+06,6.79999e+06,1.14996e+07,4.49702e+06,6.79999e+06,1.14995e+07,4.49625e+06,6.79999e+06,1.14995e+07,4.49528e+06,6.79999e+06,1.14994e+07,4.49406e+06,6.79999e+06,1.14993e+07,4.49253e+06,6.79999e+06,1.14992e+07,4.49059e+06,6.79999e+06,1.14991e+07,4.48817e+06,6.79999e+06,1.1499e+07,4.48511e+06,6.79999e+06,1.14988e+07,4.48128e+06,6.79999e+06,1.14987e+07,4.47646e+06,6.79999e+06,1.14985e+07,4.47041e+06,6.79999e+06,1.14983e+07,4.46281e+06,6.79999e+06,1.14981e+07,4.4533e+06,6.79999e+06,1.14979e+07,4.44138e+06,6.79999e+06,1.14976e+07,4.42649e+06,6.79999e+06,1.14972e+07,4.40789e+06,6.79999e+06,1.14969e+07,4.38471e+06,6.79999e+06,1.14965e+07,4.35592e+06,6.79999e+06,1.1496e+07,4.32027e+06,6.79999e+06,1.14955e+07,4.27629e+06,6.79999e+06,1.14949e+07,4.22231e+06,6.79999e+06,1.14942e+07,4.15647e+06,6.79999e+06,1.14934e+07,4.07676e+06,6.79999e+06,1.14926e+07,3.98112e+06,6.79999e+06,1.14916e+07,3.86765e+06,6.79999e+06,1.14905e+07,3.73474e+06,6.79999e+06,1.14892e+07,3.58148e+06,6.79999e+06,1.14878e+07,3.40785e+06,6.79999e+06,1.14862e+07,3.21513e+06,6.79999e+06,1.14844e+07,3.00605e+06,6.79999e+06,1.14823e+07,2.7848e+06,6.79999e+06,1.148e+07,2.5568e+06,6.79999e+06,1.14773e+07,2.32825e+06,6.79999e+06,13.5742,8.52444,0.508366,16.8306,13.2585,0.162638,20.0035,17.569,0.0507846,23.2616,22.4214,0.0158319,26.7328,28.3297,0.00493498,30.5212,35.6974,0.00153831,34.7178,44.9473,0.000479527,39.4086,56.5822,0.000149456,44.6796,71.2245,4.66214e-05,50.6209,89.6543,1.45419e-05,57.3297,112.852,4.54748e-06,64.9129,142.051,1.43857e-06,73.4897,178.803,4.36618e-07,83.1934,225.062,1.40153e-07,94.1745,283.286,4.96378e-08,106.602,356.568,1.05434e-07,120.669,448.799,-6.49244e-08,136.59,564.873,1.70148e-07,154.611,710.948,-5.34594e-08,175.008,894.767,1.63407e-07,198.097,1126.06,8.04804e-08,224.231,1417.07,1.14667e-07,253.813,1783.15,-1.71227e-07,287.297,2243.62,-2.88466e-07,325.198,2822.67,-4.33651e-07,368.098,3550.67,7.9318e-08,416.657,4465.65,3.13319e-07,471.621,5615.16,3.4613e-07,533.835,7058.61,-1.19199e-07,604.255,8870.02,-2.79964e-07,683.962,11141.4,-2.30521e-07,774.182,13986.7,-2.55099e-07,876.299,17546.4,1.23585e-07,991.883,21993.1,1.41192e-07,1122.71,27536.7,-9.71886e-08,1270.78,34430.7,-3.68368e-07,1438.38,42977.7,-3.45379e-07,1628.07,53532.7,-3.25328e-09,1842.77,66504.6,2.6362e-07,2085.77,82350.2,2.53445e-07,2360.79,101560,-2.47407e-08,2672.05,124632,-3.80602e-07,3024.31,152018,-4.79005e-07,3422.98,184060,-1.14379e-07,3874.15,220884,2.64297e-07,4384.72,262283,3.44131e-07,4962.49,307576,7.5349e-08,5616.29,355497,-3.63097e-07,6356.1,404126,-6.05442e-07,7193.18,450932,-2.72333e-07,8140.28,492963,2.29675e-07,9211.79,527178,4.3387e-07,10424,550893,-1.0711e-07,10.102,8.06553,2.81012,10.6436,8.57909,0.869423,11.5336,10.2515,0.270869,12.7211,12.7138,0.0844293,14.1823,15.9373,0.0263173,15.9122,20.0383,0.0082035,17.9198,25.2154,0.00255722,20.2244,31.7373,0.000797017,22.8539,39.9486,0.000248622,25.8438,50.2851,7.75492e-05,29.237,63.2963,2.42508e-05,33.0837,79.6738,7.67162e-06,37.4415,100.288,2.32837e-06,42.3767,126.236,7.33e-07,47.9646,158.896,2.79256e-07,54.2906,200.003,9.87351e-09,61.452,251.741,1.61085e-07,69.5585,316.859,-2.47141e-07,78.7347,398.812,8.93552e-08,89.1218,501.948,-2.53231e-07,100.879,631.736,-1.25047e-07,114.188,795.049,-1.78808e-07,129.252,1000.53,2.6733e-07,146.304,1259.03,4.50292e-07,165.605,1584.19,6.76904e-07,187.452,1993.12,-1.23808e-07,212.181,2507.27,-4.89068e-07,240.173,3153.54,-5.40284e-07,271.856,3965.56,1.86061e-07,307.719,4985.38,4.37004e-07,348.313,6265.4,3.59828e-07,394.26,7870.83,3.98192e-07,446.268,9882.51,-1.92908e-07,505.135,12400.3,-2.20392e-07,571.766,15546.9,1.51705e-07,647.184,19472.2,5.74996e-07,732.547,24357.4,5.39112e-07,829.167,30420,5.07815e-09,938.526,37916.3,-4.11492e-07,1062.3,47143.9,-3.9561e-07,1202.4,58439.2,3.86185e-08,1360.96,72169.3,5.94093e-07,1540.42,88715.8,7.47693e-07,1743.53,108445,1.78537e-07,1973.41,131665,-4.12549e-07,2233.57,158557,-5.37164e-07,2528,189103,-1.17615e-07,2861.2,222986,5.66769e-07,3238.27,259510,9.45053e-07,3664.97,297540,4.25093e-07,4147.81,335497,-3.58506e-07,4694.17,371444,-6.7724e-07,5312.37,403256,1.67192e-07,1.61744,3.89446,9.84394,3.28846,7.5504,12.774,5.07607,11.7187,13.6844,7.03202,16.8147,13.9681,9.20215,23.1769,14.0566,11.6301,31.1672,14.0841,14.3598,41.2186,14.0927,17.4376,53.8688,14.0954,20.9137,69.7915,14.0962,24.8432,89.8341,14.0965,29.2879,115.063,14.0966,34.3168,146.819,14.0966,40.0078,186.792,14.0966,46.4487,237.107,14.0966,53.7388,300.44,14.0966,61.9903,380.158,14.0966,71.3301,480.499,14.0966,81.902,606.796,14.0966,93.8685,765.761,14.0966,107.414,965.837,14.0966,122.746,1217.65,14.0966,140.101,1534.57,14.0966,159.745,1933.41,14.0966,181.981,2435.3,14.0966,207.15,3066.85,14.0966,235.64,3861.46,14.0966,267.889,4861.11,14.0966,304.391,6118.54,14.0966,345.709,7699.91,14.0966,392.478,9688.22,14.0966,445.417,12187.5,14.0966,505.339,15327.7,14.0966,573.165,19271.6,14.0966,649.938,24222,14.0966,736.839,30430.9,14.0966,835.202,38211.5,14.0966,946.539,47950.3,14.0966,1072.56,60122.8,14.0966,1215.21,75309.9,14.0966,1376.66,94216.2,14.0966,1559.41,117688,14.0966,1766.26,146729,14.0966,2000.39,182510,14.0966,2265.39,226372,14.0966,2565.33,279806,14.0966,2904.81,344416,14.0966,3289.05,421845,14.0966,3723.93,513667,14.0966,4216.13,621231,14.0966,4773.18,745478,14.0966,5403.64,886744,14.0966,6117.15,1.04457e+06,14.0966,6924.63,1.2176e+06,14.0966,11.7194,11.96,12.6541,13.9321,16.1295,13.6434,16.6097,21.9702,13.9553,19.7532,29.5285,14.0526,23.3844,39.1143,14.0829,27.5423,51.2054,14.0923,32.2796,66.434,14.0953,37.662,85.6061,14.0962,43.7675,109.74,14.0965,50.687,140.119,14.0966,58.5249,178.359,14.0966,67.4005,226.493,14.0966,77.4493,287.08,14.0966,88.8254,363.343,14.0966,101.703,459.336,14.0966,116.281,580.161,14.0966,132.782,732.241,14.0966,151.46,923.655,14.0966,172.603,1164.57,14.0966,196.535,1467.79,14.0966,223.625,1849.39,14.0966,254.288,2329.62,14.0966,288.997,2933.93,14.0966,328.285,3694.33,14.0966,372.755,4651.04,14.0966,423.092,5854.57,14.0966,480.07,7368.38,14.0966,544.564,9272.08,14.0966,617.566,11665.5,14.0966,700.197,14673.6,14.0966,793.729,18452.9,14.0966,899.599,23198.6,14.0966,1019.43,29154.1,14.0966,1155.07,36622.3,14.0966,1308.6,45977.9,14.0966,1482.39,57683.7,14.0966,1679.09,72307.8,14.0966,1901.73,90542.8,14.0966,2153.73,113226,14.0966,2438.97,141360,14.0966,2761.81,176127,14.0966,3127.22,218898,14.0966,3540.81,271226,14.0966,4008.92,334817,14.0966,4538.74,411470,14.0966,5138.38,502973,14.0966,5817.04,610948,14.0966,6585.12,736653,14.0966,7454.39,880741,14.0966,8438.15,1.04302e+06,14.0966,9551.45,1.22224e+06,14.0966,10811.3,1.41602e+06,14.0966,12237,1.62086e+06,14.0966,11.7194,11.96,12.6541,2.21263,4.16949,0.989383,2.67766,5.84076,0.311842,3.14343,7.55825,0.0972771,3.63127,9.58578,0.0303237,4.15787,12.0912,0.00945211,4.73731,15.2286,0.00294633,5.38238,19.1721,0.000918508,6.10553,24.134,0.000286163,6.91951,30.3791,8.92692e-05,7.83792,38.2397,2.78121e-05,8.87555,48.1338,8.65134e-06,10.0489,60.5876,2.7882e-06,11.3761,76.2629,8.29036e-07,12.8779,95.9927,2.4373e-07,14.5775,120.825,4.33068e-09,16.5012,152.08,1.75749e-07,18.6784,191.415,-1.86328e-07,21.1428,240.917,1.91829e-07,23.9322,303.213,-1.81475e-07,27.0895,381.602,7.0186e-08,30.6634,480.231,-2.86769e-08,34.7087,604.316,2.40784e-07,39.2876,760.401,9.87368e-08,44.4705,956.705,1.22263e-07,50.3371,1203.54,-4.31966e-07,56.9776,1513.81,-1.9705e-07,64.494,1903.69,-2.763e-08,73.0018,2393.4,3.9185e-07,82.6317,3008.13,1.35379e-07,93.5318,3779.25,-4.16351e-08,105.869,4745.7,2.06965e-08,119.834,5955.6,-3.18887e-07,135.641,7468.12,-1.48271e-08,153.531,9355.62,2.00739e-07,173.781,11705.8,2.28358e-07,196.701,14624.1,-1.93587e-08,222.642,18235,-2.88101e-07,252.003,22683.4,-2.24732e-07,285.234,28134,8.56806e-09,322.845,34767,2.34258e-07,365.413,42770.9,2.99668e-07,413.588,52327.9,8.28644e-08,468.111,63591.2,-3.07049e-07,529.814,76653.2,-3.1888e-07,599.642,91502.5,-6.72276e-08,678.662,107975,2.26339e-07,768.083,125705,3.69212e-07,869.267,144088,2.04077e-07,983.76,162277,-2.80509e-07,1113.3,179223,-4.22737e-07,1259.87,193777,-1.71951e-07,1425.68,204839,4.55555e-07,11.7194,11.96,12.6541,2.21263,4.16949,0.989383,2.67766,5.84076,0.311842,3.14343,7.55825,0.0972771,3.63127,9.58578,0.0303237,4.15787,12.0912,0.00945211,4.73731,15.2286,0.00294633,5.38238,19.1721,0.000918508,6.10553,24.134,0.000286163,6.91951,30.3791,8.92692e-05,7.83792,38.2397,2.78121e-05,8.87555,48.1338,8.65134e-06,10.0489,60.5876,2.7882e-06,11.3761,76.2629,8.29036e-07,12.8779,95.9927,2.4373e-07,14.5775,120.825,1e-08,16.5012,152.08,1.75749e-07,18.6784,191.415,1e-08,21.1428,240.917,1.91829e-07,23.9322,303.213,1e-08,27.0895,381.602,7.0186e-08,30.6634,480.231,1e-08,34.7087,604.316,2.40784e-07,39.2876,760.401,9.87368e-08,44.4705,956.705,1.22263e-07,50.3371,1203.54,1e-08,56.9776,1513.81,1e-08,64.494,1903.69,1e-08,73.0018,2393.4,3.9185e-07,82.6317,3008.13,1.35379e-07,93.5318,3779.25,1e-08,105.869,4745.7,2.06965e-08,119.834,5955.6,1e-08,135.641,7468.12,1e-08,153.531,9355.62,2.00739e-07,173.781,11705.8,2.28358e-07,196.701,14624.1,1e-08,222.642,18235,1e-08,252.003,22683.4,1e-08,285.234,28134,1e-08,322.845,34767,2.34258e-07,365.413,42770.9,2.99668e-07,413.588,52327.9,8.28644e-08,468.111,63591.2,1e-08,529.814,76653.2,1e-08,599.642,91502.5,1e-08,678.662,107975,2.26339e-07,768.083,125705,3.69212e-07,869.267,144088,2.04077e-07,983.76,162277,1e-08,1113.3,179223,1e-08,1259.87,193777,1e-08,1425.68,204839,4.55555e-07,6.2823,3.27286,2.43537,0.219672,6.18826,2.24117,0.56371,6.87772,2.63624,0.308279,7,17,7,4,1,1,4,3,0,3,4,0,3,10,0,4,13,0,2,20,0,10,16,0,5,21,0,6,21,0,12,12,0,8,24,0,17,101,0,8,54,0,4,33,0,23,54,0,24,108,0,16,131,0,3,163,0,15,165,0,19,456,0,25,697,0,35,510,0,22,858,0,30,1440,0,28,752,0,18,1590,0,93,2059,0,52,2630,0,108,1324,0,61,3154,0,42,8276,0,129,4289,0,222,10194,0,75,9770,0,159,5458,0,272,18111,0,98,28514,0,141,36133,0,246,27418,0,351,42108,0,450,44037,0,164,44553,0,351,116201,0,627,61414,0,700,56569,0,827,55198,0,187,288648,0,842,86312,0,524,109557,0,1248,94004,0,3560,136856,0,1228,215834,0
-1.05176e+08,1,8.88811e-15,10,1023,0,1.05176e+08,0.528882,1.08665,0.389689,0.145397,0.379329,3.24381,0.161596,0.446195,1.77396,0.159177,1.15e+07,4.49998e+06,6.79999e+06,1.15e+07,4.49997e+06,6.79999e+06,1.15e+07,4.49996e+06,6.79999e+06,1.15e+07,4.49995e+06,6.79999e+06,1.14999e+07,4.49993e+06,6.79999e+06,1.14999e+07,4.49991e+06,6.79999e+06,1.14999e+07,4.49989e+06,6.79999e+06,1.14999e+07,4.49986e+06,6.79999e+06,1.14999e+07,4.49982e+06,6.79999e+06,1.14999e+07,4.49977e+06,6.79999e+06,1.14999e+07,4.49971e+06,6.79999e+06,1.14999e+07,4.49963e+06,6.79999e+06,1.14998e+07,4.49953e+06,6.79999e+06,1.14998e+07,4.49941e+06,6.79999e+06,1.14998e+07,4.49926e+06,6.79999e+06,1.14998e+07,4.49906e+06,6.79999e+06,1.14997e+07,4.49882e+06,6.79999e+06,1.14997e+07,4.49851e+06,6.79999e+06,1.14997e+07,4.49812e+06,6.79999e+06,1.14996e+07,4.49764e+06,6.79999e+06,1.14996e+07,4.49702e+06,6.79999e+06,1.14995e+07,4.49625e+06,6.79999e+06,1.14995e+07,4.49528e+06,6.79999e+06,1.14994e+07,4.49406e+06,6.79999e+06,1.14993e+07,4.49253e+06,6.79999e+06,1.14992e+07,4.49059e+06,6.79999e+06,1.14991e+07,4.48817e+06,6.79999e+06,1.1499e+07,4.48511e+06,6.79999e+06,1.14988e+07,4.48128e+06,6.79999e+06,1.14987e+07,4.47646e+06,6.79999e+06,1.14985e+07,4.47041e+06,6.79999e+06,1.14983e+07,4.46281e+06,6.79999e+06,1.14981e+07,4.4533e+06,6.79999e+06,1.14979e+07,4.44138e+06,6.79999e+06,1.14976e+07,4.42649e+06,6.79999e+06,1.14972e+07,4.40789e+06,6.79999e+06,1.14969e+07,4.38471e+06,6.79999e+06,1.14965e+07,4.35592e+06,6.79999e+06,1.1496e+07,4.32027e+06,6.79999e+06,1.14955e+07,4.27629e+06,6.79999e+06,1.14949e+07,4.22231e+06,6.79999e+06,1.14942e+07,4.15647e+06,6.79999e+06,1.14934e+07,4.07676e+06,6.79999e+06,1.14926e+07,3.98112e+06,6.79999e+06,1.14916e+07,3.86765e+06,6.79999e+06,1.14905e+07,3.73474e+06,6.79999e+06,1.14892e+07,3.58148e+06,6.79999e+06,1.14878e+07,3.40785e+06,6.79999e+06,1.14862e+07,3.21513e+06,6.79999e+06,1.14844e+07,3.00605e+06,6.79999e+06,1.14823e+07,2.7848e+06,6.79999e+06,1.148e+07,2.5568e+06,6.79999e+06,1.14773e+07,2.32825e+06,6.79999e+06,13.5742,8.52444,0.508366,16.8306,13.2585,0.162638,20.0035,17.569,0.0507846,23.2616,22.4214,0.0158319,26.7328,28.3297,0.00493498,30.5212,35.6974,0.00153831,34.7178,44.9473,0.000479527,39.4086,56.5822,0.000149456,44.6796,71.2245,4.66214e-05,50.6209,89.6543,1.45419e-05,57.3297,112.852,4.54748e-06,64.9129,142.051,1.43857e-06,73.4897,178.803,4.36618e-07,83.1934,225.062,1.40153e-07,94.1745,283.286,4.96378e-08,106.602,356.568,1.05434e-07,120.669,448.799,-6.49244e-08,136.59,564.873,1.70148e-07,154.611,710.948,-5.34594e-08,175.008,894.767,1.63407e-07,198.097,1126.06,8.04804e-08,224.231,1417.07,1.14667e-07,253.813,1783.15,-1.71227e-07,287.297,2243.62,-2.88466e-07,325.198,2822.67,-4.33651e-07,368.098,3550.67,7.9318e-08,416.657,4465.65,3.13319e-07,471.621,5615.16,3.4613e-07,533.835,7058.61,-1.19199e-07,604.255,8870.02,-2.79964e-07,683.962,11141.4,-2.30521e-07,774.182,13986.7,-2.55099e-07,876.299,17546.4,1.23585e-07,991.883,21993.1,1.41192e-07,1122.71,27536.7,-9.71886e-08,1270.78,34430.7,-3.68368e-07,1438.38,42977.7,-3.45379e-07,1628.07,53532.7,-3.25328e-09,1842.77,66504.6,2.6362e-07,2085.77,82350.2,2.53445e-07,2360.79,101560,-2.47407e-08,2672.05,124632,-3.80602e-07,3024.31,152018,-4.79005e-07,3422.98,184060,-1.14379e-07,3874.15,220884,2.64297e-07,4384.72,262283,3.44131e-07,4962.49,307576,7.5349e-08,5616.29,355497,-3.63097e-07,6356.1,404126,-6.05442e-07,7193.18,450932,-2.72333e-07,8140.28,492963,2.29675e-07,9211.79,527178,4.3387e-07,10424,550893,-1.0711e-07,10.102,8.06553,2.81012,10.6436,8.57909,0.869423,11.5336,10.2515,0.270869,12.7211,12.7138,0.0844293,14.1823,15.9373,0.0263173,15.9122,20.0383,0.0082035,17.9198,25.2154,0.00255722,20.2244,31.7373,0.000797017,22.8539,39.9486,0.000248622,25.8438,50.2851,7.75492e-05,29.237,63.2963,2.42508e-05,33.0837,79.6738,7.67162e-06,37.4415,100.288,2.32837e-06,42.3767,126.236,7.33e-07,47.9646,158.896,2.79256e-07,54.2906,200.003,9.87351e-09,61.452,251.741,1.61085e-07,69.5585,316.859,-2.47141e-07,78.7347,398.812,8.93552e-08,89.1218,501.948,-2.53231e-07,100.879,631.736,-1.25047e-07,114.188,795.049,-1.78808e-07,129.252,1000.53,2.6733e-07,146.304,1259.03,4.50292e-07,165.605,1584.19,6.76904e-07,187.452,1993.12,-1.23808e-07,212.181,2507.27,-4.89068e-07,240.173,3153.54,-5.40284e-07,271.856,3965.56,1.86061e-07,307.719,4985.38,4.37004e-07,348.313,6265.4,3.59828e-07,394.26,7870.83,3.98192e-07,446.268,9882.51,-1.92908e-07,505.135,12400.3,-2.20392e-07,571.766,15546.9,1.51705e-07,647.184,19472.2,5.74996e-07,732.547,24357.4,5.39112e-07,829.167,30420,5.07815e-09,938.526,37916.3,-4.11492e-07,1062.3,47143.9,-3.9561e-07,1202.4,58439.2,3.86185e-08,1360.96,72169.3,5.94093e-07,1540.42,88715.8,7.47693e-07,1743.53,108445,1.78537e-07,1973.41,131665,-4.12549e-07,2233.57,158557,-5.37164e-07,2528,189103,-1.17615e-07,2861.2,222986,5.66769e-07,3238.27,259510,9.45053e-07,3664.97,297540,4.25093e-07,4147.81,335497,-3.58506e-07,4694.17,371444,-6.7724e-07,5312.37,403256,1.67192e-07,1.61744,3.89446,9.84394,3.28846,7.5504,12.774,5.07607,11.7187,13.6844,7.03202,16.8147,13.9681,9.20215,23.1769,14.0566,11.6301,31.1672,14.0841,14.3598,41.2186,14.0927,17.4376,53.8688,14.0954,20.9137,69.7915,14.0962,24.8432,89.8341,14.0965,29.2879,115.063,14.0966,34.3168,146.819,14.0966,40.0078,186.792,14.0966,46.4487,237.107,14.0966,53.7388,300.44,14.0966,61.9903,380.158,14.0966,71.3301,480.499,14.0966,81.902,606.796,14.0966,93.8685,765.761,14.0966,107.414,965.837,14.0966,122.746,1217.65,14.0966,140.101,1534.57,14.0966,159.745,1933.41,14.0966,181.981,2435.3,14.0966,207.15,3066.85,14.0966,235.64,3861.46,14.0966,267.889,4861.11,14.0966,304.391,6118.54,14.0966,345.709,7699.91,14.0966,392.478,9688.22,14.0966,445.417,12187.5,14.0966,505.339,15327.7,14.0966,573.165,19271.6,14.0966,649.938,24222,14.0966,736.839,30430.9,14.0966,835.202,38211.5,14.0966,946.539,47950.3,14.0966,1072.56,60122.8,14.0966,1215.21,75309.9,14.0966,1376.66,94216.2,14.0966,1559.41,117688,14.0966,1766.26,146729,14.0966,2000.39,182510,14.0966,2265.39,226372,14.0966,2565.33,279806,14.0966,2904.81,344416,14.0966,3289.05,421845,14.0966,3723.93,513667,14.0966,4216.13,621231,14.0966,4773.18,745478,14.0966,5403.64,886744,14.0966,6117.15,1.04457e+06,14.0966,6924.63,1.2176e+06,14.0966,11.7194,11.96,12.6541,13.9321,16.1295,13.6434,16.6097,21.9702,13.9553,19.7532,29.5285,14.0526,23.3844,39.1143,14.0829,27.5423,51.2054,14.0923,32.2796,66.434,14.0953,37.662,85.6061,14.0962,43.7675,109.74,14.0965,50.687,140.119,14.0966,58.5249,178.359,14.0966,67.4005,226.493,14.0966,77.4493,287.08,14.0966,88.8254,363.343,14.0966,101.703,459.336,14.0966,116.281,580.161,14.0966,132.782,732.241,14.0966,151.46,923.655,14.0966,172.603,1164.57,14.0966,196.535,1467.79,14.0966,223.625,1849.39,14.0966,254.288,2329.62,14.0966,288.997,2933.93,14.0966,328.285,3694.33,14.0966,372.755,4651.04,14.0966,423.092,5854.57,14.0966,480.07,7368.38,14.0966,544.564,9272.08,14.0966,617.566,11665.5,14.0966,700.197,14673.6,14.0966,793.729,18452.9,14.0966,899.599,23198.6,14.0966,1019.43,29154.1,14.0966,1155.07,36622.3,14.0966,1308.6,45977.9,14.0966,1482.39,57683.7,14.0966,1679.09,72307.8,14.0966,1901.73,90542.8,14.0966,2153.73,113226,14.0966,2438.97,141360,14.0966,2761.81,176127,14.0966,3127.22,218898,14.0966,3540.81,271226,14.0966,4008.92,334817,14.0966,4538.74,411470,14.0966,5138.38,502973,14.0966,5817.04,610948,14.0966,6585.12,736653,14.0966,7454.39,880741,14.0966,8438.15,1.04302e+06,14.0966,9551.45,1.22224e+06,14.0966,10811.3,1.41602e+06,14.0966,12237,1.62086e+06,14.0966,11.7194,11.96,12.6541,2.21263,4.16949,0.989383,2.67766,5.84076,0.311842,3.14343,7.55825,0.0972771,3.63127,9.58578,0.0303237,4.15787,12.0912,0.00945211,4.73731,15.2286,0.00294633,5.38238,19.1721,0.000918508,6.10553,24.134,0.000286163,6.91951,30.3791,8.92692e-05,7.83792,38.2397,2.78121e-05,8.87555,48.1338,8.65134e-06,10.0489,60.5876,2.7882e-06,11.3761,76.2629,8.29036e-07,12.8779,95.9927,2.4373e-07,14.5775,120.825,4.33068e-09,16.5012,152.08,1.75749e-07,18.6784,191.415,-1.86328e-07,21.1428,240.917,1.91829e-07,23.9322,303.213,-1.81475e-07,27.0895,381.602,7.0186e-08,30.6634,480.231,-2.86769e-08,34.7087,604.316,2.40784e-07,39.2876,760.401,9.87368e-08,44.4705,956.705,1.22263e-07,50.3371,1203.54,-4.31966e-07,56.9776,1513.81,-1.9705e-07,64.494,1903.69,-2.763e-08,73.0018,2393.4,3.9185e-07,82.6317,3008.13,1.35379e-07,93.5318,3779.25,-4.16351e-08,105.869,4745.7,2.06965e-08,119.834,5955.6,-3.18887e-07,135.641,7468.12,-1.48271e-08,153.531,9355.62,2.00739e-07,173.781,11705.8,2.28358e-07,196.701,14624.1,-1.93587e-08,222.642,18235,-2.88101e-07,252.003,22683.4,-2.24732e-07,285.234,28134,8.56806e-09,322.845,34767,2.34258e-07,365.413,42770.9,2.99668e-07,413.588,52327.9,8.28644e-08,468.111,63591.2,-3.07049e-07,529.814,76653.2,-3.1888e-07,599.642,91502.5,-6.72276e-08,678.662,107975,2.26339e-07,768.083,125705,3.69212e-07,869.267,144088,2.04077e-07,983.76,162277,-2.80509e-07,1113.3,179223,-4.22737e-07,1259.87,193777,-1.71951e-07,1425.68,204839,4.55555e-07,11.7194,11.96,12.6541,2.21263,4.16949,0.989383,2.67766,5.84076,0.311842,3.14343,7.55825,0.0972771,3.63127,9.58578,0.0303237,4.15787,12.0912,0.00945211,4.73731,15.2286,0.00294633,5.38238,19.1721,0.000918508,6.10553,24.134,0.000286163,6.91951,30.3791,8.92692e-05,7.83792,38.2397,2.78121e-05,8.87555,48.1338,8.65134e-06,10.0489,60.5876,2.7882e-06,11.3761,76.2629,8.29036e-07,12.8779,95.9927,2.4373e-07,14.5775,120.825,1e-08,16.5012,152.08,1.75749e-07,18.6784,191.415,1e-08,21.1428,240.917,1.91829e-07,23.9322,303.213,1e-08,27.0895,381.602,7.0186e-08,30.6634,480.231,1e-08,34.7087,604.316,2.40784e-07,39.2876,760.401,9.87368e-08,44.4705,956.705,1.22263e-07,50.3371,1203.54,1e-08,56.9776,1513.81,1e-08,64.494,1903.69,1e-08,73.0018,2393.4,3.9185e-07,82.6317,3008.13,1.35379e-07,93.5318,3779.25,1e-08,105.869,4745.7,2.06965e-08,119.834,5955.6,1e-08,135.641,7468.12,1e-08,153.531,9355.62,2.00739e-07,173.781,11705.8,2.28358e-07,196.701,14624.1,1e-08,222.642,18235,1e-08,252.003,22683.4,1e-08,285.234,28134,1e-08,322.845,34767,2.34258e-07,365.413,42770.9,2.99668e-07,413.588,52327.9,8.28644e-08,468.111,63591.2,1e-08,529.814,76653.2,1e-08,599.642,91502.5,1e-08,678.662,107975,2.26339e-07,768.083,125705,3.69212e-07,869.267,144088,2.04077e-07,983.76,162277,1e-08,1113.3,179223,1e-08,1259.87,193777,1e-08,1425.68,204839,4.55555e-07,6.2823,3.27286,2.43537,0.219672,6.18826,2.24117,0.56371,6.87772,2.63624,0.308279,13,10,11,3,2,3,2,4,0,3,7,1,3,16,0,9,16,0,1,17,0,9,10,0,6,25,0,9,36,0,5,48,0,7,43,0,16,55,0,13,64,0,6,47,0,28,90,0,14,178,0,37,220,0,23,178,0,30,308,0,44,306,0,22,518,0,48,457,0,48,850,0,34,834,0,12,375,0,77,1788,0,17,1610,0,69,3198,0,48,3656,0,202,7651,0,82,3043,0,149,6494,0,48,3078,0,126,6491,0,155,27072,0,132,6694,0,158,15115,0,220,16843,0,365,22018,0,295,24132,0,417,66749,0,246,30495,0,245,73887,0,425,127589,0,319,74354,0,404,65645,0,670,157396,0,824,84408,0,1240,103220,0,1870,76807,0,386,87984,0,1039,473111,0
-1.05176e+08,1,8.88811e-15,10,1023,0,1.05176e+08,0.528882,1.08665,0.389689,0.145397,0.379329,3.24381,0.161596,0.446195,1.77396,0.159177,1.15e+07,4.49998e+06,6.79999e+06,1.15e+07,4.49997e+06,6.79999e+06,1.15e+07,4.49996e+06,6.79999e+06,1.15e+07,4.49995e+06,6.79999e+06,1.14999e+07,4.49993e+06,6.79999e+06,1.14999e+07,4.49991e+06,6.79999e+06,1.14999e+07,4.49989e+06,6.79999e+06,1.14999e+07,4.49986e+06,6.79999e+06,1.14999e+07,4.49982e+06,6.79999e+06,1.14999e+07,4.49977e+06,6.79999e+06,1.14999e+07,4.49971e+06,6.79999e+06,1.14999e+07,4.49963e+06,6.79999e+06,1.14998e+07,4.49953e+06,6.79999e+06,1.14998e+07,4.49941e+06,6.79999e+06,1.14998e+07,4.49926e+06,6.79999e+06,1.14998e+07,4.49906e+06,6.79999e+06,1.14997e+07,4.49882e+06,6.79999e+06,1.14997e+07,4.49851e+06,6.79999e+06,1.14997e+07,4.49812e+06,6.79999e+06,1.14996e+07,4.49764e+06,6.79999e+06,1.14996e+07,4.49702e+06,6.79999e+06,1.14995e+07,4.49625e+06,6.79999e+06,1.14995e+07,4.49528e+06,6.79999e+06,1.14994e+07,4.49406e+06,6.79999e+06,1.14993e+07,4.49253e+06,6.79999e+06,1.14992e+07,4.49059e+06,6.79999e+06,1.14991e+07,4.48817e+06,6.79999e+06,1.1499e+07,4.48511e+06,6.79999e+06,1.14988e+07,4.48128e+06,6.79999e+06,1.14987e+07,4.47646e+06,6.79999e+06,1.14985e+07,4.47041e+06,6.79999e+06,1.14983e+07,4.46281e+06,6.79999e+06,1.14981e+07,4.4533e+06,6.79999e+06,1.14979e+07,4.44138e+06,6.79999e+06,1.14976e+07,4.42649e+06,6.79999e+06,1.14972e+07,4.40789e+06,6.79999e+06,1.14969e+07,4.38471e+06,6.79999e+06,1.14965e+07,4.35592e+06,6.79999e+06,1.1496e+07,4.32027e+06,6.79999e+06,1.14955e+07,4.27629e+06,6.79999e+06,1.14949e+07,4.22231e+06,6.79999e+06,1.14942e+07,4.15647e+06,6.79999e+06,1.14934e+07,4.07676e+06,6.79999e+06,1.14926e+07,3.98112e+06,6.79999e+06,1.14916e+07,3.86765e+06,6.79999e+06,1.14905e+07,3.73474e+06,6.79999e+06,1.14892e+07,3.58148e+06,6.79999e+06,1.14878e+07,3.40785e+06,6.79999e+06,1.14862e+07,3.21513e+06,6.79999e+06,1.14844e+07,3.00605e+06,6.79999e+06,1.14823e+07,2.7848e+06,6.79999e+06,1.148e+07,2.5568e+06,6.79999e+06,1.14773e+07,2.32825e+06,6.79999e+06,13.5742,8.52444,0.508366,16.8306,13.2585,0.162638,20.0035,17.569,0.0507846,23.2616,22.4214,0.0158319,26.7328,28.3297,0.00493498,30.5212,35.6974,0.00153831,34.7178,44.9473,0.000479527,39.4086,56.5822,0.000149456,44.6796,71.2245,4.66214e-05,50.6209,89.6543,1.45419e-05,57.3297,112.852,4.54748e-06,64.9129,142.051,1.43857e-06,73.4897,178.803,4.36618e-07,83.1934,225.062,1.40153e-07,94.1745,283.286,4.96378e-08,106.602,356.568,1.05434e-07,120.669,448.799,-6.49244e-08,136.59,564.873,1.70148e-07,154.611,710.948,-5.34594e-08,175.008,894.767,1.63407e-07,198.097,1126.06,8.04804e-08,224.231,1417.07,1.14667e-07,253.813,1783.15,-1.71227e-07,287.297,2243.62,-2.88466e-07,325.198,2822.67,-4.33651e-07,368.098,3550.67,7.9318e-08,416.657,4465.65,3.13319e-07,471.621,5615.16,3.4613e-07,533.835,7058.61,-1.19199e-07,604.255,8870.02,-2.79964e-07,683.962,11141.4,-2.30521e-07,774.182,13986.7,-2.55099e-07,876.299,17546.4,1.23585e-07,991.883,21993.1,1.41192e-07,1122.71,27536.7,-9.71886e-08,1270.78,34430.7,-3.68368e-07,1438.38,42977.7,-3.45379e-07,1628.07,53532.7,-3.25328e-09,1842.77,66504.6,2.6362e-07,2085.77,82350.2,2.53445e-07,2360.79,101560,-2.47407e-08,2672.05,124632,-3.80602e-07,3024.31,152018,-4.79005e-07,3422.98,184060,-1.14379e-07,3874.15,220884,2.64297e-07,4384.72,262283,3.44131e-07,4962.49,307576,7.5349e-08,5616.29,355497,-3.63097e-07,6356.1,404126,-6.05442e-07,7193.18,450932,-2.72333e-07,8140.28,492963,2.29675e-07,9211.79,527178,4.3387e-07,10424,550893,-1.0711e-07,10.102,8.06553,2.81012,10.6436,8.57909,0.869423,11.5336,10.2515,0.270869,12.7211,12.7138,0.0844293,14.1823,15.9373,0.0263173,15.9122,20.0383,0.0082035,17.9198,25.2154,0.00255722,20.2244,31.7373,0.000797017,22.8539,39.9486,0.000248622,25.8438,50.2851,7.75492e-05,29.237,63.2963,2.42508e-05,33.0837,79.6738,7.67162e-06,37.4415,100.288,2.32837e-06,42.3767,126.236,7.33e-07,47.9646,158.896,2.79256e-07,54.2906,200.003,9.87351e-09,61.452,251.741,1.61085e-07,69.5585,316.859,-2.47141e-07,78.7347,398.812,8.93552e-08,89.1218,501.948,-2.53231e-07,100.879,631.736,-1.25047e-07,114.188,795.049,-1.78808e-07,129.252,1000.53,2.6733e-07,146.304,1259.03,4.50292e-07,165.605,1584.19,6.76904e-07,187.452,1993.12,-1.23808e-07,212.181,2507.27,-4.89068e-07,240.173,3153.54,-5.40284e-07,271.856,3965.56,1.86061e-07,307.719,4985.38,4.37004e-07,348.313,6265.4,3.59828e-07,394.26,7870.83,3.98192e-07,446.268,9882.51,-1.92908e-07,505.135,12400.3,-2.20392e-07,571.766,15546.9,1.51705e-07,647.184,19472.2,5.74996e-07,732.547,24357.4,5.39112e-07,829.167,30420,5.07815e-09,938.526,37916.3,-4.11492e-07,1062.3,47143.9,-3.9561e-07,1202.4,58439.2,3.86185e-08,1360.96,72169.3,5.94093e-07,1540.42,88715.8,7.47693e-07,1743.53,108445,1.78537e-07,1973.41,131665,-4.12549e-07,2233.57,158557,-5.37164e-07,2528,189103,-1.17615e-07,2861.2,222986,5.66769e-07,3238.27,259510,9.45053e-07,3664.97,297540,4.25093e-07,4147.81,335497,-3.58506e-07,4694.17,371444,-6.7724e-07,5312.37,403256,1.67192e-07,1.61744,3.89446,9.84394,3.28846,7.5504,12.774,5.07607,11.7187,13.6844,7.03202,16.8147,13.9681,9.20215,23.1769,14.0566,11.6301,31.1672,14.0841,14.3598,41.2186,14.0927,17.4376,53.8688,14.0954,20.9137,69.7915,14.0962,24.8432,89.8341,14.0965,29.2879,115.063,14.0966,34.3168,146.819,14.0966,40.0078,186.792,14.0966,46.4487,237.107,14.0966,53.7388,300.44,14.0966,61.9903,380.158,14.0966,71.3301,480.499,14.0966,81.902,606.796,14.0966,93.8685,765.761,14.0966,107.414,965.837,14.0966,122.746,1217.65,14.0966,140.101,1534.57,14.0966,159.745,1933.41,14.0966,181.981,2435.3,14.0966,207.15,3066.85,14.0966,235.64,3861.46,14.0966,267.889,4861.11,14.0966,304.391,6118.54,14.0966,345.709,7699.91,14.0966,392.478,9688.22,14.0966,445.417,12187.5,14.0966,505.339,15327.7,14.0966,573.165,19271.6,14.0966,649.938,24222,14.0966,736.839,30430.9,14.0966,835.202,38211.5,14.0966,946.539,47950.3,14.0966,1072.56,60122.8,14.0966,1215.21,75309.9,14.0966,1376.66,94216.2,14.0966,1559.41,117688,14.0966,1766.26,146729,14.0966,2000.39,182510,14.0966,2265.39,226372,14.0966,2565.33,279806,14.0966,2904.81,344416,14.0966,3289.05,421845,14.0966,3723.93,513667,14.0966,4216.13,621231,14.0966,4773.18,745478,14.0966,5403.64,886744,14.0966,6117.15,1.04457e+06,14.0966,6924.63,1.2176e+06,14.0966,11.7194,11.96,12.6541,13.9321,16.1295,13.6434,16.6097,21.9702,13.9553,19.7532,29.5285,14.0526,23.3844,39.1143,14.0829,27.5423,51.2054,14.0923,32.2796,66.434,14.0953,37.662,85.6061,14.0962,43.7675,109.74,14.0965,50.687,140.119,14.0966,58.5249,178.359,14.0966,67.4005,226.493,14.0966,77.4493,287.08,14.0966,88.8254,363.343,14.0966,101.703,459.336,14.0966,116.281,580.161,14.0966,132.782,732.241,14.0966,151.46,923.655,14.0966,172.603,1164.57,14.0966,196.535,1467.79,14.0966,223.625,1849.39,14.0966,254.288,2329.62,14.0966,288.997,2933.93,14.0966,328.285,3694.33,14.0966,372.755,4651.04,14.0966,423.092,5854.57,14.0966,480.07,7368.38,14.0966,544.564,9272.08,14.0966,617.566,11665.5,14.0966,700.197,14673.6,14.0966,793.729,18452.9,14.0966,899.599,23198.6,14.0966,1019.43,29154.1,14.0966,1155.07,36622.3,14.0966,1308.6,45977.9,14.0966,1482.39,57683.7,14.0966,1679.09,72307.8,14.0966,1901.73,90542.8,14.0966,2153.73,113226,14.0966,2438.97,141360,14.0966,2761.81,176127,14.0966,3127.22,218898,14.0966,3540.81,271226,14.0966,4008.92,334817,14.0966,4538.74,411470,14.0966,5138.38,502973,14.0966,5817.04,610948,14.0966,6585.12,736653,14.0966,7454.39,880741,14.0966,8438.15,1.04302e+06,14.0966,9551.45,1.22224e+06,14.0966,10811.3,1.41602e+06,14.0966,12237,1.62086e+06,14.0966,11.7194,11.96,12.6541,2.21263,4.16949,0.989383,2.67766,5.84076,0.311842,3.14343,7.55825,0.0972771,3.63127,9.58578,0.0303237,4.15787,12.0912,0.00945211,4.73731,15.2286,0.00294633,5.38238,19.1721,0.000918508,6.10553,24.134,0.000286163,6.91951,30.3791,8.92692e-05,7.83792,38.2397,2.78121e-05,8.87555,48.1338,8.65134e-06,10.0489,60.5876,2.7882e-06,11.3761,76.2629,8.29036e-07,12.8779,95.9927,2.4373e-07,14.5775,120.825,4.33068e-09,16.5012,152.08,1.75749e-07,18.6784,191.415,-1.86328e-07,21.1428,240.917,1.91829e-07,23.9322,303.213,-1.81475e-07,27.0895,381.602,7.0186e-08,30.6634,480.231,-2.86769e-08,34.7087,604.316,2.40784e-07,39.2876,760.401,9.87368e-08,44.4705,956.705,1.22263e-07,50.3371,1203.54,-4.31966e-07,56.9776,1513.81,-1.9705e-07,64.494,1903.69,-2.763e-08,73.0018,2393.4,3.9185e-07,82.6317,3008.13,1.35379e-07,93.5318,3779.25,-4.16351e-08,105.869,4745.7,2.06965e-08,119.834,5955.6,-3.18887e-07,135.641,7468.12,-1.48271e-08,153.531,9355.62,2.00739e-07,173.781,11705.8,2.28358e-07,196.701,14624.1,-1.93587e-08,222.642,18235,-2.88101e-07,252.003,22683.4,-2.24732e-07,285.234,28134,8.56806e-09,322.845,34767,2.34258e-07,365.413,42770.9,2.99668e-07,413.588,52327.9,8.28644e-08,468.111,63591.2,-3.07049e-07,529.814,76653.2,-3.1888e-07,599.642,91502.5,-6.72276e-08,678.662,107975,2.26339e-07,768.083,125705,3.69212e-07,869.267,144088,2.04077e-07,983.76,162277,-2.80509e-07,1113.3,179223,-4.22737e-07,1259.87,193777,-1.71951e-07,1425.68,204839,4.55555e-07,11.7194,11.96,12.6541,2.21263,4.16949,0.989383,2.67766,5.84076,0.311842,3.14343,7.55825,0.0972771,3.63127,9.58578,0.0303237,4.15787,12.0912,0.00945211,4.73731,15.2286,0.00294633,5.38238,19.1721,0.000918508,6.10553,24.134,0.000286163,6.91951,30.3791,8.92692e-05,7.83792,38.2397,2.78121e-05,8.87555,48.1338,8.65134e-06,10.0489,60.5876,2.7882e-06,11.3761,76.2629,8.29036e-07,12.8779,95.9927,2.4373e-07,14.5775,120.825,1e-08,16.5012,152.08,1.75749e-07,18.6784,191.415,1e-08,21.1428,240.917,1.91829e-07,23.9322,303.213,1e-08,27.0895,381.602,7.0186e-08,30.6634,480.231,1e-08,34.7087,604.316,2.40784e-07,39.2876,760.401,9.87368e-08,44.4705,956.705,1.22263e-07,50.3371,1203.54,1e-08,56.9776,1513.81,1e-08,64.494,1903.69,1e-08,73.0018,2393.4,3.9185e-07,82.6317,3008.13,1.35379e-07,93.5318,3779.25,1e-08,105.869,4745.7,2.06965e-08,119.834,5955.6,1e-08,135.641,7468.12,1e-08,153.531,9355.62,2.00739e-07,173.781,11705.8,2.28358e-07,196.701,14624.1,1e-08,222.642,18235,1e-08,252.003,22683.4,1e-08,285.234,28134,1e-08,322.845,34767,2.34258e-07,365.413,42770.9,2.99668e-07,413.588,52327.9,8.28644e-08,468.111,63591.2,1e-08,529.814,76653.2,1e-08,599.642,91502.5,1e-08,678.662,107975,2.26339e-07,768.083,125705,3.69212e-07,869.267,144088,2.04077e-07,983.76,162277,1e-08,1113.3,179223,1e-08,1259.87,193777,1e-08,1425.68,204839,4.55555e-07,6.2823,3.27286,2.43537,0.219672,6.18826,2.24117,0.56371,6.87772,2.63624,0.308279,12,14,6,3,10,1,4,5,3,5,8,0,6,7,0,8,7,0,2,20,0,5,17,0,6,18,0,8,24,0,6,30,0,12,69,0,10,47,0,12,42,0,9,119,0,9,59,0,9,167,0,8,166,0,31,291,0,15,239,0,34,554,0,29,494,0,33,384,0,30,1373,0,43,908,0,57,1543,0,60,2672,0,69,3423,0,126,1782,0,98,6083,0,76,8432,0,113,10553,0,227,5559,0,137,4295,0,154,7210,0,200,14510,0,403,22166,0,74,17053,0,375,9111,0,203,19507,0,298,49797,0,402,11365,0,236,26878,0,574,50500,0,919,110703,0,649,125029,0,661,81407,0,402,153588,0,964,158010,0,2109,161962,0,728,146571,0,1280,140956,0,2270,187135,0
-1.05176e+08,1.3692e-11,8.88811e-15,10,1023,0,1.05176e+08,0.528882,1.08665,0.389689,0.145397,0.379329,3.24381,0.161596,0.446195,1.77396,0.159177,1.15e+07,4.49998e+06,6.79999e+06,1.15e+07,4.49997e+06,6.79999e+06,1.15e+07,4.49996e+06,6.79999e+06,1.15e+07,4.49995e+06,6.79999e+06,1.14999e+07,4.49993e+06,6.79999e+06,1.14999e+07,4.49991e+06,6.79999e+06,1.14999e+07,4.49989e+06,6.79999e+06,1.14999e+07,4.49986e+06,6.79999e+06,1.14999e+07,4.49982e+06,6.79999e+06,1.14999e+07,4.49977e+06,6.79999e+06,1.14999e+07,4.49971e+06,6.79999e+06,1.14999e+07,4.49963e+06,6.79999e+06,1.14998e+07,4.49953e+06,6.79999e+06,1.14998e+07,4.49941e+06,6.79999e+06,1.14998e+07,4.49926e+06,6.79999e+06,1.14998e+07,4.49906e+06,6.79999e+06,1.14997e+07,4.49882e+06,6.79999e+06,1.14997e+07,4.49851e+06,6.79999e+06,1.14997e+07,4.49812e+06,6.79999e+06,1.14996e+07,4.49764e+06,6.79999e+06,1.14996e+07,4.49702e+06,6.79999e+06,1.14995e+07,4.49625e+06,6.79999e+06,1.14995e+07,4.49528e+06,6.79999e+06,1.14994e+07,4.49406e+06,6.79999e+06,1.14993e+07,4.49253e+06,6.79999e+06,1.14992e+07,4.49059e+06,6.79999e+06,1.14991e+07,4.48817e+06,6.79999e+06,1.1499e+07,4.48511e+06,6.79999e+06,1.14988e+07,4.48128e+06,6.79999e+06,1.14987e+07,4.47646e+06,6.79999e+06,1.14985e+07,4.47041e+06,6.79999e+06,1.14983e+07,4.46281e+06,6.79999e+06,1.14981e+07,4.4533e+06,6.79999e+06,1.14979e+07,4.44138e+06,6.79999e+06,1.14976e+07,4.42649e+06,6.79999e+06,1.14972e+07,4.40789e+06,6.79999e+06,1.14969e+07,4.38471e+06,6.79999e+06,1.14965e+07,4.35592e+06,6.79999e+06,1.1496e+07,4.32027e+06,6.79999e+06,1.14955e+07,4.27629e+06,6.79999e+06,1.14949e+07,4.22231e+06,6.79999e+06,1.14942e+07,4.15647e+06,6.79999e+06,1.14934e+07,4.07676e+06,6.79999e+06,1.14926e+07,3.98112e+06,6.79999e+06,1.14916e+07,3.86765e+06,6.79999e+06,1.14905e+07,3.73474e+06,6.79999e+06,1.14892e+07,3.58148e+06,6.79999e+06,1.14878e+07,3.40785e+06,6.79999e+06,1.14862e+07,3.21513e+06,6.79999e+06,1.14844e+07,3.00605e+06,6.79999e+06,1.14823e+07,2.7848e+06,6.79999e+06,1.148e+07,2.5568e+06,6.79999e+06,1.14773e+07,2.32825e+06,6.79999e+06,13.5742,8.52444,0.508366,16.8306,13.2585,0.162638,20.0035,17.569,0.0507846,23.2616,22.4214,0.0158319,26.7328,28.3297,0.00493498,30.5212,35.6974,0.00153831,34.7178,44.9473,0.000479527,39.4086,56.5822,0.000149456,44.6796,71.2245,4.66214e-05,50.6209,89.6543,1.45419e-05,57.3297,112.852,4.54748e-06,64.9129,142.051,1.43857e-06,73.4897,178.803,4.36618e-07,83.1934,225.062,1.40153e-07,94.1745,283.286,4.96378e-08,106.602,356.568,1.05434e-07,120.669,448.799,-6.49244e-08,136.59,564.873,1.70148e-07,154.611,710.948,-5.34594e-08,175.008,894.767,1.63407e-07,198.097,1126.06,8.04804e-08,224.231,1417.07,1.14667e-07,253.813,1783.15,-1.71227e-07,287.297,2243.62,-2.88466e-07,325.198,2822.67,-4.33651e-07,368.098,3550.67,7.9318e-08,416.657,4465.65,3.13319e-07,471.621,5615.16,3.4613e-07,533.835,7058.61,-1.19199e-07,604.255,8870.02,-2.79964e-07,683.962,11141.4,-2.30521e-07,774.182,13986.7,-2.55099e-07,876.299,17546.4,1.23585e-07,991.883,21993.1,1.41192e-07,1122.71,27536.7,-9.71886e-08,1270.78,34430.7,-3.68368e-07,1438.38,42977.7,-3.45379e-07,1628.07,53532.7,-3.25328e-09,1842.77,66504.6,2.6362e-07,2085.77,82350.2,2.53445e-07,2360.79,101560,-2.47407e-08,2672.05,124632,-3.80602e-07,3024.31,152018,-4.79005e-07,3422.98,184060,-1.14379e-07,3874.15,220884,2.64297e-07,4384.72,262283,3.44131e-07,4962.49,307576,7.5349e-08,5616.29,355497,-3.63097e-07,6356.1,404126,-6.05442e-07,7193.18,450932,-2.72333e-07,8140.28,492963,2.29675e-07,9211.79,527178,4.3387e-07,10424,550893,-1.0711e-07,10.102,8.06553,2.81012,10.6436,8.57909,0.869423,11.5336,10.2515,0.270869,12.7211,12.7138,0.0844293,14.1823,15.9373,0.0263173,15.9122,20.0383,0.0082035,17.9198,25.2154,0.00255722,20.2244,31.7373,0.000797017,22.8539,39.9486,0.000248622,25.8438,50.2851,7.75492e-05,29.237,63.2963,2.42508e-05,33.0837,79.6738,7.67162e-06,37.4415,100.288,2.32837e-06,42.3767,126.236,7.33e-07,47.9646,158.896,2.79256e-07,54.2906,200.003,9.87351e-09,61.452,251.741,1.61085e-07,69.5585,316.859,-2.47141e-07,78.7347,398.812,8.93552e-08,89.1218,501.948,-2.53231e-07,100.879,631.736,-1.25047e-07,114.188,795.049,-1.78808e-07,129.252,1000.53,2.6733e-07,146.304,1259.03,4.50292e-07,165.605,1584.19,6.76904e-07,187.452,1993.12,-1.23808e-07,212.181,2507.27,-4.89068e-07,240.173,3153.54,-5.40284e-07,271.856,3965.56,1.86061e-07,307.719,4985.38,4.37004e-07,348.313,6265.4,3.59828e-07,394.26,7870.83,3.98192e-07,446.268,9882.51,-1.92908e-07,505.135,12400.3,-2.20392e-07,571.766,15546.9,1.51705e-07,647.184,19472.2,5.74996e-07,732.547,24357.4,5.39112e-07,829.167,30420,5.07815e-09,938.526,37916.3,-4.11492e-07,1062.3,47143.9,-3.9561e-07,1202.4,58439.2,3.86185e-08,1360.96,72169.3,5.94093e-07,1540.42,88715.8,7.47693e-07,1743.53,108445,1.78537e-07,1973.41,131665,-4.12549e-07,2233.57,158557,-5.37164e-07,2528,189103,-1.17615e-07,2861.2,222986,5.66769e-07,3238.27,259510,9.45053e-07,3664.97,297540,4.25093e-07,4147.81,335497,-3.58506e-07,4694.17,371444,-6.7724e-07,5312.37,403256,1.67192e-07,1.61744,3.89446,9.84394,3.28846,7.5504,12.774,5.07607,11.7187,13.6844,7.03202,16.8147,13.9681,9.20215,23.1769,14.0566,11.6301,31.1672,14.0841,14.3598,41.2186,14.0927,17.4376,53.8688,14.0954,20.9137,69.7915,14.0962,24.8432,89.8341,14.0965,29.2879,115.063,14.0966,34.3168,146.819,14.0966,40.0078,186.792,14.0966,46.4487,237.107,14.0966,53.7388,300.44,14.0966,61.9903,380.158,14.0966,71.3301,480.499,14.0966,81.902,606.796,14.0966,93.8685,765.761,14.0966,107.414,965.837,14.0966,122.746,1217.65,14.0966,140.101,1534.57,14.0966,159.745,1933.41,14.0966,181.981,2435.3,14.0966,207.15,3066.85,14.0966,235.64,3861.46,14.0966,267.889,4861.11,14.0966,304.391,6118.54,14.0966,345.709,7699.91,14.0966,392.478,9688.22,14.0966,445.417,12187.5,14.0966,505.339,15327.7,14.0966,573.165,19271.6,14.0966,649.938,24222,14.0966,736.839,30430.9,14.0966,835.202,38211.5,14.0966,946.539,47950.3,14.0966,1072.56,60122.8,14.0966,1215.21,75309.9,14.0966,1376.66,94216.2,14.0966,1559.41,117688,14.0966,1766.26,146729,14.0966,2000.39,182510,14.0966,2265.39,226372,14.0966,2565.33,279806,14.0966,2904.81,344416,14.0966,3289.05,421845,14.0966,3723.93,513667,14.0966,4216.13,621231,14.0966,4773.18,745478,14.0966,5403.64,886744,14.0966,6117.15,1.04457e+06,14.0966,6924.63,1.2176e+06,14.0966,11.7194,11.96,12.6541,13.9321,16.1295,13.6434,16.6097,21.9702,13.9553,19.7532,29.5285,14.0526,23.3844,39.1143,14.0829,27.5423,51.2054,14.0923,32.2796,66.434,14.0953,37.662,85.6061,14.0962,43.7675,109.74,14.0965,50.687,140.119,14.0966,58.5249,178.359,14.0966,67.4005,226.493,14.0966,77.4493,287.08,14.0966,88.8254,363.343,14.0966,101.703,459.336,14.0966,116.281,580.161,14.0966,132.782,732.241,14.0966,151.46,923.655,14.0966,172.603,1164.57,14.0966,196.535,1467.79,14.0966,223.625,1849.39,14.0966,254.288,2329.62,14.0966,288.997,2933.93,14.0966,328.285,3694.33,14.0966,372.755,4651.04,14.0966,423.092,5854.57,14.0966,480.07,7368.38,14.0966,544.564,9272.08,14.0966,617.566,11665.5,14.0966,700.197,14673.6,14.0966,793.729,18452.9,14.0966,899.599,23198.6,14.0966,1019.43,29154.1,14.0966,1155.07,36622.3,14.0966,1308.6,45977.9,14.0966,1482.39,57683.7,14.0966,1679.09,72307.8,14.0966,1901.73,90542.8,14.0966,2153.73,113226,14.0966,2438.97,141360,14.0966,2761.81,176127,14.0966,3127.22,218898,14.0966,3540.81,271226,14.0966,4008.92,334817,14.0966,4538.74,411470,14.0966,5138.38,502973,14.0966,5817.04,610948,14.0966,6585.12,736653,14.0966,7454.39,880741,14.0966,8438.15,1.04302e+06,14.0966,9551.45,1.22224e+06,14.0966,10811.3,1.41602e+06,14.0966,12237,1.62086e+06,14.0966,11.7194,11.96,12.6541,2.21263,4.16949,0.989383,2.67766,5.84076,0.311842,3.14343,7.55825,0.0972771,3.63127,9.58578,0.0303237,4.15787,12.0912,0.00945211,4.73731,15.2286,0.00294633,5.38238,19.1721,0.000918508,6.10553,24.134,0.000286163,6.91951,30.3791,8.92692e-05,7.83792,38.2397,2.78121e-05,8.87555,48.1338,8.65134e-06,10.0489,60.5876,2.7882e-06,11.3761,76.2629,8.29036e-07,12.8779,95.9927,2.4373e-07,14.5775,120.825,4.33068e-09,16.5012,152.08,1.75749e-07,18.6784,191.415,-1.86328e-07,21.1428,240.917,1.91829e-07,23.9322,303.213,-1.81475e-07,27.0895,381.602,7.0186e-08,30.6634,480.231,-2.86769e-08,34.7087,604.316,2.40784e-07,39.2876,760.401,9.87368e-08,44.4705,956.705,1.22263e-07,50.3371,1203.54,-4.31966e-07,56.9776,1513.81,-1.9705e-07,64.494,1903.69,-2.763e-08,73.0018,2393.4,3.9185e-07,82.6317,3008.13,1.35379e-07,93.5318,3779.25,-4.16351e-08,105.869,4745.7,2.06965e-08,119.834,5955.6,-3.18887e-07,135.641,7468.12,-1.48271e-08,153.531,9355.62,2.00739e-07,173.781,11705.8,2.28358e-07,196.701,14624.1,-1.93587e-08,222.642,18235,-2.88101e-07,252.003,22683.4,-2.24732e-07,285.234,28134,8.56806e-09,322.845,34767,2.34258e-07,365.413,42770.9,2.99668e-07,413.588,52327.9,8.28644e-08,468.111,63591.2,-3.07049e-07,529.814,76653.2,-3.1888e-07,599.642,91502.5,-6.72276e-08,678.662,107975,2.26339e-07,768.083,125705,3.69212e-07,869.267,144088,2.04077e-07,983.76,162277,-2.80509e-07,1113.3,179223,-4.22737e-07,1259.87,193777,-1.71951e-07,1425.68,204839,4.55555e-07,11.7194,11.96,12.6541,2.21263,4.16949,0.989383,2.67766,5.84076,0.311842,3.14343,7.55825,0.0972771,3.63127,9.58578,0.0303237,4.15787,12.0912,0.00945211,4.73731,15.2286,0.00294633,5.38238,19.1721,0.000918508,6.10553,24.134,0.000286163,6.91951,30.3791,8.92692e-05,7.83792,38.2397,2.78121e-05,8.87555,48.1338,8.65134e-06,10.0489,60.5876,2.7882e-06,11.3761,76.2629,8.29036e-07,12.8779,95.9927,2.4373e-07,14.5775,120.825,1e-08,16.5012,152.08,1.75749e-07,18.6784,191.415,1e-08,21.1428,240.917,1.91829e-07,23.9322,303.213,1e-08,27.0895,381.602,7.0186e-08,30.6634,480.231,1e-08,34.7087,604.316,2.40784e-07,39.2876,760.401,9.87368e-08,44.4705,956.705,1.22263e-07,50.3371,1203.54,1e-08,56.9776,1513.81,1e-08,64.494,1903.69,1e-08,73.0018,2393.4,3.9185e-07,82.6317,3008.13,1.35379e-07,93.5318,3779.25,1e-08,105.869,4745.7,2.06965e-08,119.834,5955.6,1e-08,135.641,7468.12,1e-08,153.531,9355.62,2.00739e-07,173.781,11705.8,2.28358e-07,196.701,14624.1,1e-08,222.642,18235,1e-08,252.003,22683.4,1e-08,285.234,28134,1e-08,322.845,34767,2.34258e-07,365.413,42770.9,2.99668e-07,413.588,52327.9,8.28644e-08,468.111,63591.2,1e-08,529.814,76653.2,1e-08,599.642,91502.5,1e-08,678.662,107975,2.26339e-07,768.083,125705,3.69212e-07,869.267,144088,2.04077e-07,983.76,162277,1e-08,1113.3,179223,1e-08,1259.87,193777,1e-08,1425.68,204839,4.55555e-07,6.2823,3.27286,2.43537,0.219672,6.18826,2.24117,0.56371,6.87772,2.63624,0.308279,5,11,7,2,2,0,2,7,0,10,6,1,5,5,0,8,6,0,3,11,0,5,24,0,1,20,0,5,28,0,5,40,0,6,56,0,17,83,0,8,81,0,17,61,0,10,97,0,18,81,0,19,80,0,24,265,0,18,355,0,36,348,0,11,349,0,35,542,0,15,278,0,71,1272,0,80,1264,0,31,1594,0,54,1146,0,90,2886,0,61,1921,0,107,2585,0,105,5814,0,103,5078,0,220,10357,0,210,7403,0,171,10439,0,389,13849,0,175,8514,0,402,18228,0,304,26353,0,421,28363,0,447,99038,0,318,46350,0,438,92982,0,739,68273,0,821,63677,0,260,41941,0,488,134736,0,1155,103326,0,1350,215503,0,1000,238570,0,966,126208,0,2956,214021,0
-1.05176e+08,1,8.88811e-15,10,1023,0,1.05176e+08,0.528882,1.08665,0.389689,0.145397,0.379329,3.24381,0.161596,0.446195,1.77396,0.159177,1.15e+07,4.49998e+06,6.79999e+06,1.15e+07,4.49997e+06,6.79999e+06,1.15e+07,4.49996e+06,6.79999e+06,1.15e+07,4.49995e+06,6.79999e+06,1.14999e+07,4.49993e+06,6.79999e+06,1.14999e+07,4.49991e+06,6.79999e+06,1.14999e+07,4.49989e+06,6.79999e+06,1.14999e+07,4.49986e+06,6.79999e+06,1.14999e+07,4.49982e+06,6.79999e+06,1.14999e+07,4.49977e+06,6.79999e+06,1.14999e+07,4.49971e+06,6.79999e+06,1.14999e+07,4.49963e+06,6.79999e+06,1.14998e+07,4.49953e+06,6.79999e+06,1.14998e+07,4.49941e+06,6.79999e+06,1.14998e+07,4.49926e+06,6.79999e+06,1.14998e+07,4.49906e+06,6.79999e+06,1.14997e+07,4.49882e+06,6.79999e+06,1.14997e+07,4.49851e+06,6.79999e+06,1.14997e+07,4.49812e+06,6.79999e+06,1.14996e+07,4.49764e+06,6.79999e+06,1.14996e+07,4.49702e+06,6.79999e+06,1.14995e+07,4.49625e+06,6.79999e+06,1.14995e+07,4.49528e+06,6.79999e+06,1.14994e+07,4.49406e+06,6.79999e+06,1.14993e+07,4.49253e+06,6.79999e+06,1.14992e+07,4.49059e+06,6.79999e+06,1.14991e+07,4.48817e+06,6.79999e+06,1.1499e+07,4.48511e+06,6.79999e+06,1.14988e+07,4.48128e+06,6.79999e+06,1.14987e+07,4.47646e+06,6.79999e+06,1.14985e+07,4.47041e+06,6.79999e+06,1.14983e+07,4.46281e+06,6.79999e+06,1.14981e+07,4.4533e+06,6.79999e+06,1.14979e+07,4.44138e+06,6.79999e+06,1.14976e+07,4.42649e+06,6.79999e+06,1.14972e+07,4.40789e+06,6.79999e+06,1.14969e+07,4.38471e+06,6.79999e+06,1.14965e+07,4.35592e+06,6.79999e+06,1.1496e+07,4.32027e+06,6.79999e+06,1.14955e+07,4.27629e+06,6.79999e+06,1.14949e+07,4.22231e+06,6.79999e+06,1.14942e+07,4.15647e+06,6.79999e+06,1.14934e+07,4.07676e+06,6.79999e+06,1.14926e+07,3.98112e+06,6.79999e+06,1.14916e+07,3.86765e+06,6.79999e+06,1.14905e+07,3.73474e+06,6.79999e+06,1.14892e+07,3.58148e+06,6.79999e+06,1.14878e+07,3.40785e+06,6.79999e+06,1.14862e+07,3.21513e+06,6.79999e+06,1.14844e+07,3.00605e+06,6.79999e+06,1.14823e+07,2.7848e+06,6.79999e+06,1.148e+07,2.5568e+06,6.79999e+06,1.14773e+07,2.32825e+06,6.79999e+06,13.5742,8.52444,0.508366,16.8306,13.2585,0.162638,20.0035,17.569,0.0507846,23.2616,22.4214,0.0158319,26.7328,28.3297,0.00493498,30.5212,35.6974,0.00153831,34.7178,44.9473,0.000479527,39.4086,56.5822,0.000149456,44.6796,71.2245,4.66214e-05,50.6209,89.6543,1.45419e-05,57.3297,112.852,4.54748e-06,64.9129,142.051,1.43857e-06,73.4897,178.803,4.36618e-07,83.1934,225.062,1.40153e-07,94.1745,283.286,4.96378e-08,106.602,356.568,1.05434e-07,120.669,448.799,-6.49244e-08,136.59,564.873,1.70148e-07,154.611,710.948,-5.34594e-08,175.008,894.767,1.63407e-07,198.097,1126.06,8.04804e-08,224.231,1417.07,1.14667e-07,253.813,1783.15,-1.71227e-07,287.297,2243.62,-2.88466e-07,325.198,2822.67,-4.33651e-07,368.098,3550.67,7.9318e-08,416.657,4465.65,3.13319e-07,471.621,5615.16,3.4613e-07,533.835,7058.61,-1.19199e-07,604.255,8870.02,-2.79964e-07,683.962,11141.4,-2.30521e-07,774.182,13986.7,-2.55099e-07,876.299,17546.4,1.23585e-07,991.883,21993.1,1.41192e-07,1122.71,27536.7,-9.71886e-08,1270.78,34430.7,-3.68368e-07,1438.38,42977.7,-3.45379e-07,1628.07,53532.7,-3.25328e-09,1842.77,66504.6,2.6362e-07,2085.77,82350.2,2.53445e-07,2360.79,101560,-2.47407e-08,2672.05,124632,-3.80602e-07,3024.31,152018,-4.79005e-07,3422.98,184060,-1.14379e-07,3874.15,220884,2.64297e-07,4384.72,262283,3.44131e-07,4962.49,307576,7.5349e-08,5616.29,355497,-3.63097e-07,6356.1,404126,-6.05442e-07,7193.18,450932,-2.72333e-07,8140.28,492963,2.29675e-07,9211.79,527178,4.3387e-07,10424,550893,-1.0711e-07,10.102,8.06553,2.81012,10.6436,8.57909,0.869423,11.5336,10.2515,0.270869,12.7211,12.7138,0.0844293,14.1823,15.9373,0.0263173,15.9122,20.0383,0.0082035,17.9198,25.2154,0.00255722,20.2244,31.7373,0.000797017,22.8539,39.9486,0.000248622,25.8438,50.2851,7.75492e-05,29.237,63.2963,2.42508e-05,33.0837,79.6738,7.67162e-06,37.4415,100.288,2.32837e-06,42.3767,126.236,7.33e-07,47.9646,158.896,2.79256e-07,54.2906,200.003,9.87351e-09,61.452,251.741,1.61085e-07,69.5585,316.859,-2.47141e-07,78.7347,398.812,8.93552e-08,89.1218,501.948,-2.53231e-07,100.879,631.736,-1.25047e-07,114.188,795.049,-1.78808e-07,129.252,1000.53,2.6733e-07,146.304,1259.03,4.50292e-07,165.605,1584.19,6.76904e-07,187.452,1993.12,-1.23808e-07,212.181,2507.27,-4.89068e-07,240.173,3153.54,-5.40284e-07,271.856,3965.56,1.86061e-07,307.719,4985.38,4.37004e-07,348.313,6265.4,3.59828e-07,394.26,7870.83,3.98192e-07,446.268,9882.51,-1.92908e-07,505.135,12400.3,-2.20392e-07,571.766,15546.9,1.51705e-07,647.184,19472.2,5.74996e-07,732.547,24357.4,5.39112e-07,829.167,30420,5.07815e-09,938.526,37916.3,-4.11492e-07,1062.3,47143.9,-3.9561e-07,1202.4,58439.2,3.86185e-08,1360.96,72169.3,5.94093e-07,1540.42,88715.8,7.47693e-07,1743.53,108445,1.78537e-07,1973.41,131665,-4.12549e-07,2233.57,158557,-5.37164e-07,2528,189103,-1.17615e-07,2861.2,222986,5.66769e-07,3238.27,259510,9.45053e-07,3664.97,297540,4.25093e-07,4147.81,335497,-3.58506e-07,4694.17,371444,-6.7724e-07,5312.37,403256,1.67192e-07,1.61744,3.89446,9.84394,3.28846,7.5504,12.774,5.07607,11.7187,13.6844,7.03202,16.8147,13.9681,9.20215,23.1769,14.0566,11.6301,31.1672,14.0841,14.3598,41.2186,14.0927,17.4376,53.8688,14.0954,20.9137,69.7915,14.0962,24.8432,89.8341,14.0965,29.2879,115.063,14.0966,34.3168,146.819,14.0966,40.0078,186.792,14.0966,46.4487,237.107,14.0966,53.7388,300.44,14.0966,61.9903,380.158,14.0966,71.3301,480.499,14.0966,81.902,606.796,14.0966,93.8685,765.761,14.0966,107.414,965.837,14.0966,122.746,1217.65,14.0966,140.101,1534.57,14.0966,159.745,1933.41,14.0966,181.981,2435.3,14.0966,207.15,3066.85,14.0966,235.64,3861.46,14.0966,267.889,4861.11,14.0966,304.391,6118.54,14.0966,345.709,7699.91,14.0966,392.478,9688.22,14.0966,445.417,12187.5,14.0966,505.339,15327.7,14.0966,573.165,19271.6,14.0966,649.938,24222,14.0966,736.839,30430.9,14.0966,835.202,38211.5,14.0966,946.539,47950.3,14.0966,1072.56,60122.8,14.0966,1215.21,75309.9,14.0966,1376.66,94216.2,14.0966,1559.41,117688,14.0966,1766.26,146729,14.0966,2000.39,182510,14.0966,2265.39,226372,14.0966,2565.33,279806,14.0966,2904.81,344416,14.0966,3289.05,421845,14.0966,3723.93,513667,14.0966,4216.13,621231,14.0966,4773.18,745478,14.0966,5403.64,886744,14.0966,6117.15,1.04457e+06,14.0966,6924.63,1.2176e+06,14.0966,11.7194,11.96,12.6541,13.9321,16.1295,13.6434,16.6097,21.9702,13.9553,19.7532,29.5285,14.0526,23.3844,39.1143,14.0829,27.5423,51.2054,14.0923,32.2796,66.434,14.0953,37.662,85.6061,14.0962,43.7675,109.74,14.0965,50.687,140.119,14.0966,58.5249,178.359,14.0966,67.4005,226.493,14.0966,77.4493,287.08,14.0966,88.8254,363.343,14.0966,101.703,459.336,14.0966,116.281,580.161,14.0966,132.782,732.241,14.0966,151.46,923.655,14.0966,172.603,1164.57,14.0966,196.535,1467.79,14.0966,223.625,1849.39,14.0966,254.288,2329.62,14.0966,288.997,2933.93,14.0966,328.285,3694.33,14.0966,372.755,4651.04,14.0966,423.092,5854.57,14.0966,480.07,7368.38,14.0966,544.564,9272.08,14.0966,617.566,11665.5,14.0966,700.197,14673.6,14.0966,793.729,18452.9,14.0966,899.599,23198.6,14.0966,1019.43,29154.1,14.0966,1155.07,36622.3,14.0966,1308.6,45977.9,14.0966,1482.39,57683.7,14.0966,1679.09,72307.8,14.0966,1901.73,90542.8,14.0966,2153.73,113226,14.0966,2438.97,141360,14.0966,2761.81,176127,14.0966,3127.22,218898,14.0966,3540.81,271226,14.0966,4008.92,334817,14.0966,4538.74,411470,14.0966,5138.38,502973,14.0966,5817.04,610948,14.0966,6585.12,736653,14.0966,7454.39,880741,14.0966,8438.15,1.04302e+06,14.0966,9551.45,1.22224e+06,14.0966,10811.3,1.41602e+06,14.0966,12237,1.62086e+06,14.0966,11.7194,11.96,12.6541,2.21263,4.16949,0.989383,2.67766,5.84076,0.311842,3.14343,7.55825,0.0972771,3.63127,9.58578,0.0303237,4.15787,12.0912,0.00945211,4.73731,15.2286,0.00294633,5.38238,19.1721,0.000918508,6.10553,24.134,0.000286163,6.91951,30.3791,8.92692e-05,7.83792,38.2397,2.78121e-05,8.87555,48.1338,8.65134e-06,10.0489,60.5876,2.7882e-06,11.3761,76.2629,8.29036e-07,12.8779,95.9927,2.4373e-07,14.5775,120.825,4.33068e-09,16.5012,152.08,1.75749e-07,18.6784,191.415,-1.86328e-07,21.1428,240.917,1.91829e-07,23.9322,303.213,-1.81475e-07,27.0895,381.602,7.0186e-08,30.6634,480.231,-2.86769e-08,34.7087,604.316,2.40784e-07,39.2876,760.401,9.87368e-08,44.4705,956.705,1.22263e-07,50.3371,1203.54,-4.31966e-07,56.9776,1513.81,-1.9705e-07,64.494,1903.69,-2.763e-08,73.0018,2393.4,3.9185e-07,82.6317,3008.13,1.35379e-07,93.5318,3779.25,-4.16351e-08,105.869,4745.7,2.06965e-08,119.834,5955.6,-3.18887e-07,135.641,7468.12,-1.48271e-08,153.531,9355.62,2.00739e-07,173.781,11705.8,2.28358e-07,196.701,14624.1,-1.93587e-08,222.642,18235,-2.88101e-07,252.003,22683.4,-2.24732e-07,285.234,28134,8.56806e-09,322.845,34767,2.34258e-07,365.413,42770.9,2.99668e-07,413.588,52327.9,8.28644e-08,468.111,63591.2,-3.07049e-07,529.814,76653.2,-3.1888e-07,599.642,91502.5,-6.72276e-08,678.662,107975,2.26339e-07,768.083,125705,3.69212e-07,869.267,144088,2.04077e-07,983.76,162277,-2.80509e-07,1113.3,179223,-4.22737e-07,1259.87,193777,-1.71951e-07,1425.68,204839,4.55555e-07,11.7194,11.96,12.6541,2.21263,4.16949,0.989383,2.67766,5.84076,0.311842,3.14343,7.55825,0.0972771,3.63127,9.58578,0.0303237,4.15787,12.0912,0.00945211,4.73731,15.2286,0.00294633,5.38238,19.1721,0.000918508,6.10553,24.134,0.000286163,6.91951,30.3791,8.92692e-05,7.83792,38.2397,2.78121e-05,8.87555,48.1338,8.65134e-06,10.0489,60.5876,2.7882e-06,11.3761,76.2629,8.29036e-07,12.8779,95.9927,2.4373e-07,14.5775,120.825,1e-08,16.5012,152.08,1.75749e-07,18.6784,191.415,1e-08,21.1428,240.917,1.91829e-07,23.9322,303.213,1e-08,27.0895,381.602,7.0186e-08,30.6634,480.231,1e-08,34.7087,604.316,2.40784e-07,39.2876,760.401,9.87368e-08,44.4705,956.705,1.22263e-07,50.3371,1203.54,1e-08,56.9776,1513.81,1e-08,64.494,1903.69,1e-08,73.0018,2393.4,3.9185e-07,82.6317,3008.13,1.35379e-07,93.5318,3779.25,1e-08,105.869,4745.7,2.06965e-08,119.834,5955.6,1e-08,135.641,7468.12,1e-08,153.531,9355.62,2.00739e-07,173.781,11705.8,2.28358e-07,196.701,14624.1,1e-08,222.642,18235,1e-08,252.003,22683.4,1e-08,285.234,28134,1e-08,322.845,34767,2.34258e-07,365.413,42770.9,2.99668e-07,413.588,52327.9,8.28644e-08,468.111,63591.2,1e-08,529.814,76653.2,1e-08,599.642,91502.5,1e-08,678.662,107975,2.26339e-07,768.083,125705,3.69212e-07,869.267,144088,2.04077e-07,983.76,162277,1e-08,1113.3,179223,1e-08,1259.87,193777,1e-08,1425.68,204839,4.55555e-07,6.2823,3.27286,2.43537,0.219672,6.18826,2.24117,0.56371,6.87772,2.63624,0.308279,16,15,2,3,6,0,1,3,1,1,4,0,3,4,0,4,15,0,1,15,0,3,22,0,2,27,0,4,23,0,9,43,0,6,40,0,9,76,0,28,109,0,13,84,0,11,93,0,6,149,0,32,162,0,24,163,0,33,197,0,16,574,0,31,330,0,41,922,0,33,990,0,34,1061,0,50,1872,0,59,1240,0,73,1860,0,48,1972,0,84,1347,0,107,2565,0,68,6307,0,89,6868,0,127,6744,0,81,11308,0,105,5700,0,139,10930,0,308,25834,0,316,10762,0,158,14628,0,318,23095,0,381,60154,0,389,28432,0,331,75970,0,478,96881,0,612,46687,0,799,91398,0,834,163440,0,883,115514,0,1591,144573,0,811,115400,0,1111,264627,0,2212,226629,0
-1.05176e+08,1,8.88811e-15,10,1023,0,1.05176e+08,0.528882,1.08665,0.389689,0.145397,0.379329,3.24381,0.161596,0.446195,1.77396,0.159177,1.15e+07,4.49998e+06,6.79999e+06,1.15e+07,4.49997e+06,6.79999e+06,1.15e+07,4.49996e+06,6.79999e+06,1.15e+07,4.49995e+06,6.79999e+06,1.14999e+07,4.49993e+06,6.79999e+06,1.14999e+07,4.49991e+06,6.79999e+06,1.14999e+07,4.49989e+06,6.79999e+06,1.14999e+07,4.49986e+06,6.79999e+06,1.14999e+07,4.49982e+06,6.79999e+06,1.14999e+07,4.49977e+06,6.79999e+06,1.14999e+07,4.49971e+06,6.79999e+06,1.14999e+07,4.49963e+06,6.79999e+06,1.14998e+07,4.49953e+06,6.79999e+06,1.14998e+07,4.49941e+06,6.79999e+06,1.14998e+07,4.49926e+06,6.79999e+06,1.14998e+07,4.49906e+06,6.79999e+06,1.14997e+07,4.49882e+06,6.79999e+06,1.14997e+07,4.49851e+06,6.79999e+06,1.14997e+07,4.49812e+06,6.79999e+06,1.14996e+07,4.49764e+06,6.79999e+06,1.14996e+07,4.49702e+06,6.79999e+06,1.14995e+07,4.49625e+06,6.79999e+06,1.14995e+07,4.49528e+06,6.79999e+06,1.14994e+07,4.49406e+06,6.79999e+06,1.14993e+07,4.49253e+06,6.79999e+06,1.14992e+07,4.49059e+06,6.79999e+06,1.14991e+07,4.48817e+06,6.79999e+06,1.1499e+07,4.48511e+06,6.79999e+06,1.14988e+07,4.48128e+06,6.79999e+06,1.14987e+07,4.47646e+06,6.79999e+06,1.14985e+07,4.47041e+06,6.79999e+06,1.14983e+07,4.46281e+06,6.79999e+06,1.14981e+07,4.4533e+06,6.79999e+06,1.14979e+07,4.44138e+06,6.79999e+06,1.14976e+07,4.42649e+06,6.79999e+06,1.14972e+07,4.40789e+06,6.79999e+06,1.14969e+07,4.38471e+06,6.79999e+06,1.14965e+07,4.35592e+06,6.79999e+06,1.1496e+07,4.32027e+06,6.79999e+06,1.14955e+07,4.27629e+06,6.79999e+06,1.14949e+07,4.22231e+06,6.79999e+06,1.14942e+07,4.15647e+06,6.79999e+06,1.14934e+07,4.07676e+06,6.79999e+06,1.14926e+07,3.98112e+06,6.79999e+06,1.14916e+07,3.86765e+06,6.79999e+06,1.14905e+07,3.73474e+06,6.79999e+06,1.14892e+07,3.58148e+06,6.79999e+06,1.14878e+07,3.40785e+06,6.79999e+06,1.14862e+07,3.21513e+06,6.79999e+06,1.14844e+07,3.00605e+06,6.79999e+06,1.14823e+07,2.7848e+06,6.79999e+06,1.148e+07,2.5568e+06,6.79999e+06,1.14773e+07,2.32825e+06,6.79999e+06,13.5742,8.52444,0.508366,16.8306,13.2585,0.162638,20.0035,17.569,0.0507846,23.2616,22.4214,0.0158319,26.7328,28.3297,0.00493498,30.5212,35.6974,0.00153831,34.7178,44.9473,0.000479527,39.4086,56.5822,0.000149456,44.6796,71.2245,4.66214e-05,50.6209,89.6543,1.45419e-05,57.3297,112.852,4.54748e-06,64.9129,142.051,1.43857e-06,73.4897,178.803,4.36618e-07,83.1934,225.062,1.40153e-07,94.1745,283.286,4.96378e-08,106.602,356.568,1.05434e-07,120.669,448.799,-6.49244e-08,136.59,564.873,1.70148e-07,154.611,710.948,-5.34594e-08,175.008,894.767,1.63407e-07,198.097,1126.06,8.04804e-08,224.231,1417.07,1.14667e-07,253.813,1783.15,-1.71227e-07,287.297,2243.62,-2.88466e-07,325.198,2822.67,-4.33651e-07,368.098,3550.67,7.9318e-08,416.657,4465.65,3.13319e-07,471.621,5615.16,3.4613e-07,533.835,7058.61,-1.19199e-07,604.255,8870.02,-2.79964e-07,683.962,11141.4,-2.30521e-07,774.182,13986.7,-2.55099e-07,876.299,17546.4,1.23585e-07,991.883,21993.1,1.41192e-07,1122.71,27536.7,-9.71886e-08,1270.78,34430.7,-3.68368e-07,1438.38,42977.7,-3.45379e-07,1628.07,53532.7,-3.25328e-09,1842.77,66504.6,2.6362e-07,2085.77,82350.2,2.53445e-07,2360.79,101560,-2.47407e-08,2672.05,124632,-3.80602e-07,3024.31,152018,-4.79005e-07,3422.98,184060,-1.14379e-07,3874.15,220884,2.64297e-07,4384.72,262283,3.44131e-07,4962.49,307576,7.5349e-08,5616.29,355497,-3.63097e-07,6356.1,404126,-6.05442e-07,7193.18,450932,-2.72333e-07,8140.28,492963,2.29675e-07,9211.79,527178,4.3387e-07,10424,550893,-1.0711e-07,10.102,8.06553,2.81012,10.6436,8.57909,0.869423,11.5336,10.2515,0.270869,12.7211,12.7138,0.0844293,14.1823,15.9373,0.0263173,15.9122,20.0383,0.0082035,17.9198,25.2154,0.00255722,20.2244,31.7373,0.000797017,22.8539,39.9486,0.000248622,25.8438,50.2851,7.75492e-05,29.237,63.2963,2.42508e-05,33.0837,79.6738,7.67162e-06,37.4415,100.288,2.32837e-06,42.3767,126.236,7.33e-07,47.9646,158.896,2.79256e-07,54.2906,200.003,9.87351e-09,61.452,251.741,1.61085e-07,69.5585,316.859,-2.47141e-07,78.7347,398.812,8.93552e-08,89.1218,501.948,-2.53231e-07,100.879,631.736,-1.25047e-07,114.188,795.049,-1.78808e-07,129.252,1000.53,2.6733e-07,146.304,1259.03,4.50292e-07,165.605,1584.19,6.76904e-07,187.452,1993.12,-1.23808e-07,212.181,2507.27,-4.89068e-07,240.173,3153.54,-5.40284e-07,271.856,3965.56,1.86061e-07,307.719,4985.38,4.37004e-07,348.313,6265.4,3.59828e-07,394.26,7870.83,3.98192e-07,446.268,9882.51,-1.92908e-07,505.135,12400.3,-2.20392e-07,571.766,15546.9,1.51705e-07,647.184,19472.2,5.74996e-07,732.547,24357.4,5.39112e-07,829.167,30420,5.07815e-09,938.526,37916.3,-4.11492e-07,1062.3,47143.9,-3.9561e-07,1202.4,58439.2,3.86185e-08,1360.96,72169.3,5.94093e-07,1540.42,88715.8,7.47693e-07,1743.53,108445,1.78537e-07,1973.41,131665,-4.12549e-07,2233.57,158557,-5.37164e-07,2528,189103,-1.17615e-07,2861.2,222986,5.66769e-07,3238.27,259510,9.45053e-07,3664.97,297540,4.25093e-07,4147.81,335497,-3.58506e-07,4694.17,371444,-6.7724e-07,5312.37,403256,1.67192e-07,1.61744,3.89446,9.84394,3.28846,7.5504,12.774,5.07607,11.7187,13.6844,7.03202,16.8147,13.9681,9.20215,23.1769,14.0566,11.6301,31.1672,14.0841,14.3598,41.2186,14.0927,17.4376,53.8688,14.0954,20.9137,69.7915,14.0962,24.8432,89.8341,14.0965,29.2879,115.063,14.0966,34.3168,146.819,14.0966,40.0078,186.792,14.0966,46.4487,237.107,14.0966,53.7388,300.44,14.0966,61.9903,380.158,14.0966,71.3301,480.499,14.0966,81.902,606.796,14.0966,93.8685,765.761,14.0966,107.414,965.837,14.0966,122.746,1217.65,14.0966,140.101,1534.57,14.0966,159.745,1933.41,14.0966,181.981,2435.3,14.0966,207.15,3066.85,14.0966,235.64,3861.46,14.0966,267.889,4861.11,14.0966,304.391,6118.54,14.0966,345.709,7699.91,14.0966,392.478,9688.22,14.0966,445.417,12187.5,14.0966,505.339,15327.7,14.0966,573.165,19271.6,14.0966,649.938,24222,14.0966,736.839,30430.9,14.0966,835.202,38211.5,14.0966,946.539,47950.3,14.0966,1072.56,60122.8,14.0966,1215.21,75309.9,14.0966,1376.66,94216.2,14.0966,1559.41,117688,14.0966,1766.26,146729,14.0966,2000.39,182510,14.0966,2265.39,226372,14.0966,2565.33,279806,14.0966,2904.81,344416,14.0966,3289.05,421845,14.0966,3723.93,513667,14.0966,4216.13,621231,14.0966,4773.18,745478,14.0966,5403.64,886744,14.0966,6117.15,1.04457e+06,14.0966,6924.63,1.2176e+06,14.0966,11.7194,11.96,12.6541,13.9321,16.1295,13.6434,16.6097,21.9702,13.9553,19.7532,29.5285,14.0526,23.3844,39.1143,14.0829,27.5423,51.2054,14.0923,32.2796,66.434,14.0953,37.662,85.6061,14.0962,43.7675,109.74,14.0965,50.687,140.119,14.0966,58.5249,178.359,14.0966,67.4005,226.493,14.0966,77.4493,287.08,14.0966,88.8254,363.343,14.0966,101.703,459.336,14.0966,116.281,580.161,14.0966,132.782,732.241,14.0966,151.46,923.655,14.0966,172.603,1164.57,14.0966,196.535,1467.79,14.0966,223.625,1849.39,14.0966,254.288,2329.62,14.0966,288.997,2933.93,14.0966,328.285,3694.33,14.0966,372.755,4651.04,14.0966,423.092,5854.57,14.0966,480.07,7368.38,14.0966,544.564,9272.08,14.0966,617.566,11665.5,14.0966,700.197,14673.6,14.0966,793.729,18452.9,14.0966,899.599,23198.6,14.0966,1019.43,29154.1,14.0966,1155.07,36622.3,14.0966,1308.6,45977.9,14.0966,1482.39,57683.7,14.0966,1679.09,72307.8,14.0966,1901.73,90542.8,14.0966,2153.73,113226,14.0966,2438.97,141360,14.0966,2761.81,176127,14.0966,3127.22,218898,14.0966,3540.81,271226,14.0966,4008.92,334817,14.0966,4538.74,411470,14.0966,5138.38,502973,14.0966,5817.04,610948,14.0966,6585.12,736653,14.0966,7454.39,880741,14.0966,8438.15,1.04302e+06,14.0966,9551.45,1.22224e+06,14.0966,10811.3,1.41602e+06,14.0966,12237,1.62086e+06,14.0966,11.7194,11.96,12.6541,2.21263,4.16949,0.989383,2.67766,5.84076,0.311842,3.14343,7.55825,0.0972771,3.63127,9.58578,0.0303237,4.15787,12.0912,0.00945211,4.73731,15.2286,0.00294633,5.38238,19.1721,0.000918508,6.10553,24.134,0.000286163,6.91951,30.3791,8.92692e-05,7.83792,38.2397,2.78121e-05,8.87555,48.1338,8.65134e-06,10.0489,60.5876,2.7882e-06,11.3761,76.2629,8.29036e-07,12.8779,95.9927,2.4373e-07,14.5775,120.825,4.33068e-09,16.5012,152.08,1.75749e-07,18.6784,191.415,-1.86328e-07,21.1428,240.917,1.91829e-07,23.9322,303.213,-1.81475e-07,27.0895,381.602,7.0186e-08,30.6634,480.231,-2.86769e-08,34.7087,604.316,2.40784e-07,39.2876,760.401,9.87368e-08,44.4705,956.705,1.22263e-07,50.3371,1203.54,-4.31966e-07,56.9776,1513.81,-1.9705e-07,64.494,1903.69,-2.763e-08,73.0018,2393.4,3.9185e-07,82.6317,3008.13,1.35379e-07,93.5318,3779.25,-4.16351e-08,105.869,4745.7,2.06965e-08,119.834,5955.6,-3.18887e-07,135.641,7468.12,-1.48271e-08,153.531,9355.62,2.00739e-07,173.781,11705.8,2.28358e-07,196.701,14624.1,-1.93587e-08,222.642,18235,-2.88101e-07,252.003,22683.4,-2.24732e-07,285.234,28134,8.56806e-09,322.845,34767,2.34258e-07,365.413,42770.9,2.99668e-07,413.588,52327.9,8.28644e-08,468.111,63591.2,-3.07049e-07,529.814,76653.2,-3.1888e-07,599.642,91502.5,-6.72276e-08,678.662,107975,2.26339e-07,768.083,125705,3.69212e-07,869.267,144088,2.04077e-07,983.76,162277,-2.80509e-07,1113.3,179223,-4.22737e-07,1259.87,193777,-1.71951e-07,1425.68,204839,4.55555e-07,11.7194,11.96,12.6541,2.21263,4.16949,0.989383,2.67766,5.84076,0.311842,3.14343,7.55825,0.0972771,3.63127,9.58578,0.0303237,4.15787,12.0912,0.00945211,4.73731,15.2286,0.00294633,5.38238,19.1721,0.000918508,6.10553,24.134,0.000286163,6.91951,30.3791,8.92692e-05,7.83792,38.2397,2.78121e-05,8.87555,48.1338,8.65134e-06,10.0489,60.5876,2.7882e-06,11.3761,76.2629,8.29036e-07,12.8779,95.9927,2.4373e-07,14.5775,120.825,1e-08,16.5012,152.08,1.75749e-07,18.6784,191.415,1e-08,21.1428,240.917,1.91829e-07,23.9322,303.213,1e-08,27.0895,381.602,7.0186e-08,30.6634,480.231,1e-08,34.7087,604.316,2.40784e-07,39.2876,760.401,9.87368e-08,44.4705,956.705,1.22263e-07,50.3371,1203.54,1e-08,56.9776,1513.81,1e-08,64.494,1903.69,1e-08,73.0018,2393.4,3.9185e-07,82.6317,3008.13,1.35379e-07,93.5318,3779.25,1e-08,105.869,4745.7,2.06965e-08,119.834,5955.6,1e-08,135.641,7468.12,1e-08,153.531,9355.62,2.00739e-07,173.781,11705.8,2.28358e-07,196.701,14624.1,1e-08,222.642,18235,1e-08,252.003,22683.4,1e-08,285.234,28134,1e-08,322.845,34767,2.34258e-07,365.413,42770.9,2.99668e-07,413.588,52327.9,8.28644e-08,468.111,63591.2,1e-08,529.814,76653.2,1e-08,599.642,91502.5,1e-08,678.662,107975,2.26339e-07,768.083,125705,3.69212e-07,869.267,144088,2.04077e-07,983.76,162277,1e-08,1113.3,179223,1e-08,1259.87,193777,1e-08,1425.68,204839,4.55555e-07,6.2823,3.27286,2.43537,0.219672,6.18826,2.24117,0.56371,6.87772,2.63624,0.308279,8,5,9,4,2,2,1,12,0,8,9,0,10,8,0,1,12,0,4,8,0,4,19,0,4,16,0,4,29,0,1,48,0,11,64,0,10,67,0,2,78,0,13,74,0,10,102,0,29,123,0,19,256,0,22,539,0,26,197,0,23,101,0,23,419,0,28,842,0,33,766,0,41,1401,0,46,1484,0,40,1155,0,80,1643,0,46,2065,0,51,1914,0,67,1926,0,65,4657,0,126,8533,0,121,8663,0,173,9326,0,261,12933,0,130,13079,0,130,14685,0,103,32770,0,194,37011,0,347,30408,0,524,50409,0,449,46017,0,561,55857,0,357,93478,0,399,77627,0,566,87383,0,1008,93906,0,925,141247,0,1634,158495,0,1456,270691,0,1339,287274,0,1904,247227,0
-1.05176e+08,7.86429e-46,8.88811e-15,10,1023,0,1.05176e+08,0.528882,1.08665,0.389689,0.145397,0.379329,3.24381,0.161596,0.446195,1.77396,0.159177,1.15e+07,4.49998e+06,6.79999e+06,1.15e+07,4.49997e+06,6.79999e+06,1.15e+07,4.49996e+06,6.79999e+06,1.15e+07,4.49995e+06,6.79999e+06,1.14999e+07,4.49993e+06,6.79999e+06,1.14999e+07,4.49991e+06,6.79999e+06,1.14999e+07,4.49989e+06,6.79999e+06,1.14999e+07,4.49986e+06,6.79999e+06,1.14999e+07,4.49982e+06,6.79999e+06,1.14999e+07,4.49977e+06,6.79999e+06,1.14999e+07,4.49971e+06,6.79999e+06,1.14999e+07,4.49963e+06,6.79999e+06,1.14998e+07,4.49953e+06,6.79999e+06,1.14998e+07,4.49941e+06,6.79999e+06,1.14998e+07,4.49926e+06,6.79999e+06,1.14998e+07,4.49906e+06,6.79999e+06,1.14997e+07,4.49882e+06,6.79999e+06,1.14997e+07,4.49851e+06,6.79999e+06,1.14997e+07,4.49812e+06,6.79999e+06,1.14996e+07,4.49764e+06,6.79999e+06,1.14996e+07,4.49702e+06,6.79999e+06,1.14995e+07,4.49625e+06,6.79999e+06,1.14995e+07,4.49528e+06,6.79999e+06,1.14994e+07,4.49406e+06,6.79999e+06,1.14993e+07,4.49253e+06,6.79999e+06,1.14992e+07,4.49059e+06,6.79999e+06,1.14991e+07,4.48817e+06,6.79999e+06,1.1499e+07,4.48511e+06,6.79999e+06,1.14988e+07,4.48128e+06,6.79999e+06,1.14987e+07,4.47646e+06,6.79999e+06,1.14985e+07,4.47041e+06,6.79999e+06,1.14983e+07,4.46281e+06,6.79999e+06,1.14981e+07,4.4533e+06,6.79999e+06,1.14979e+07,4.44138e+06,6.79999e+06,1.14976e+07,4.42649e+06,6.79999e+06,1.14972e+07,4.40789e+06,6.79999e+06,1.14969e+07,4.38471e+06,6.79999e+06,1.14965e+07,4.35592e+06,6.79999e+06,1.1496e+07,4.32027e+06,6.79999e+06,1.14955e+07,4.27629e+06,6.79999e+06,1.14949e+07,4.22231e+06,6.79999e+06,1.14942e+07,4.15647e+06,6.79999e+06,1.14934e+07,4.07676e+06,6.79999e+06,1.14926e+07,3.98112e+06,6.79999e+06,1.14916e+07,3.86765e+06,6.79999e+06,1.14905e+07,3.73474e+06,6.79999e+06,1.14892e+07,3.58148e+06,6.79999e+06,1.14878e+07,3.40785e+06,6.79999e+06,1.14862e+07,3.21513e+06,6.79999e+06,1.14844e+07,3.00605e+06,6.79999e+06,1.14823e+07,2.7848e+06,6.79999e+06,1.148e+07,2.5568e+06,6.79999e+06,1.14773e+07,2.32825e+06,6.79999e+06,13.5742,8.52444,0.508366,16.8306,13.2585,0.162638,20.0035,17.569,0.0507846,23.2616,22.4214,0.0158319,26.7328,28.3297,0.00493498,30.5212,35.6974,0.00153831,34.7178,44.9473,0.000479527,39.4086,56.5822,0.000149456,44.6796,71.2245,4.66214e-05,50.6209,89.6543,1.45419e-05,57.3297,112.852,4.54748e-06,64.9129,142.051,1.43857e-06,73.4897,178.803,4.36618e-07,83.1934,225.062,1.40153e-07,94.1745,283.286,4.96378e-08,106.602,356.568,1.05434e-07,120.669,448.799,-6.49244e-08,136.59,564.873,1.70148e-07,154.611,710.948,-5.34594e-08,175.008,894.767,1.63407e-07,198.097,1126.06,8.04804e-08,224.231,1417.07,1.14667e-07,253.813,1783.15,-1.71227e-07,287.297,2243.62,-2.88466e-07,325.198,2822.67,-4.33651e-07,368.098,3550.67,7.9318e-08,416.657,4465.65,3.13319e-07,471.621,5615.16,3.4613e-07,533.835,7058.61,-1.19199e-07,604.255,8870.02,-2.79964e-07,683.962,11141.4,-2.30521e-07,774.182,13986.7,-2.55099e-07,876.299,17546.4,1.23585e-07,991.883,21993.1,1.41192e-07,1122.71,27536.7,-9.71886e-08,1270.78,34430.7,-3.68368e-07,1438.38,42977.7,-3.45379e-07,1628.07,53532.7,-3.25328e-09,1842.77,66504.6,2.6362e-07,2085.77,82350.2,2.53445e-07,2360.79,101560,-2.47407e-08,2672.05,124632,-3.80602e-07,3024.31,152018,-4.79005e-07,3422.98,184060,-1.14379e-07,3874.15,220884,2.64297e-07,4384.72,262283,3.44131e-07,4962.49,307576,7.5349e-08,5616.29,355497,-3.63097e-07,6356.1,404126,-6.05442e-07,7193.18,450932,-2.72333e-07,8140.28,492963,2.29675e-07,9211.79,527178,4.3387e-07,10424,550893,-1.0711e-07,10.102,8.06553,2.81012,10.6436,8.57909,0.869423,11.5336,10.2515,0.270869,12.7211,12.7138,0.0844293,14.1823,15.9373,0.0263173,15.9122,20.0383,0.0082035,17.9198,25.2154,0.00255722,20.2244,31.7373,0.000797017,22.8539,39.9486,0.000248622,25.8438,50.2851,7.75492e-05,29.237,63.2963,2.42508e-05,33.0837,79.6738,7.67162e-06,37.4415,100.288,2.32837e-06,42.3767,126.236,7.33e-07,47.9646,158.896,2.79256e-07,54.2906,200.003,9.87351e-09,61.452,251.741,1.61085e-07,69.5585,316.859,-2.47141e-07,78.7347,398.812,8.93552e-08,89.1218,501.948,-2.53231e-07,100.879,631.736,-1.25047e-07,114.188,795.049,-1.78808e-07,129.252,1000.53,2.6733e-07,146.304,1259.03,4.50292e-07,165.605,1584.19,6.76904e-07,187.452,1993.12,-1.23808e-07,212.181,2507.27,-4.89068e-07,240.173,3153.54,-5.40284e-07,271.856,3965.56,1.86061e-07,307.719,4985.38,4.37004e-07,348.313,6265.4,3.59828e-07,394.26,7870.83,3.98192e-07,446.268,9882.51,-1.92908e-07,505.135,12400.3,-2.20392e-07,571.766,15546.9,1.51705e-07,647.184,19472.2,5.74996e-07,732.547,24357.4,5.39112e-07,829.167,30420,5.07815e-09,938.526,37916.3,-4.11492e-07,1062.3,47143.9,-3.9561e-07,1202.4,58439.2,3.86185e-08,1360.96,72169.3,5.94093e-07,1540.42,88715.8,7.47693e-07,1743.53,108445,1.78537e-07,1973.41,131665,-4.12549e-07,2233.57,158557,-5.37164e-07,2528,189103,-1.17615e-07,2861.2,222986,5.66769e-07,3238.27,259510,9.45053e-07,3664.97,297540,4.25093e-07,4147.81,335497,-3.58506e-07,4694.17,371444,-6.7724e-07,5312.37,403256,1.67192e-07,1.61744,3.89446,9.84394,3.28846,7.5504,12.774,5.07607,11.7187,13.6844,7.03202,16.8147,13.9681,9.20215,23.1769,14.0566,11.6301,31.1672,14.0841,14.3598,41.2186,14.0927,17.4376,53.8688,14.0954,20.9137,69.7915,14.0962,24.8432,89.8341,14.0965,29.2879,115.063,14.0966,34.3168,146.819,14.0966,40.0078,186.792,14.0966,46.4487,237.107,14.0966,53.7388,300.44,14.0966,61.9903,380.158,14.0966,71.3301,480.499,14.0966,81.902,606.796,14.0966,93.8685,765.761,14.0966,107.414,965.837,14.0966,122.746,1217.65,14.0966,140.101,1534.57,14.0966,159.745,1933.41,14.0966,181.981,2435.3,14.0966,207.15,3066.85,14.0966,235.64,3861.46,14.0966,267.889,4861.11,14.0966,304.391,6118.54,14.0966,345.709,7699.91,14.0966,392.478,9688.22,14.0966,445.417,12187.5,14.0966,505.339,15327.7,14.0966,573.165,19271.6,14.0966,649.938,24222,14.0966,736.839,30430.9,14.0966,835.202,38211.5,14.0966,946.539,47950.3,14.0966,1072.56,60122.8,14.0966,1215.21,75309.9,14.0966,1376.66,94216.2,14.0966,1559.41,117688,14.0966,1766.26,146729,14.0966,2000.39,182510,14.0966,2265.39,226372,14.0966,2565.33,279806,14.0966,2904.81,344416,14.0966,3289.05,421845,14.0966,3723.93,513667,14.0966,4216.13,621231,14.0966,4773.18,745478,14.0966,5403.64,886744,14.0966,6117.15,1.04457e+06,14.0966,6924.63,1.2176e+06,14.0966,11.7194,11.96,12.6541,13.9321,16.1295,13.6434,16.6097,21.9702,13.9553,19.7532,29.5285,14.0526,23.3844,39.1143,14.0829,27.5423,51.2054,14.0923,32.2796,66.434,14.0953,37.662,85.6061,14.0962,43.7675,109.74,14.0965,50.687,140.119,14.0966,58.5249,178.359,14.0966,67.4005,226.493,14.0966,77.4493,287.08,14.0966,88.8254,363.343,14.0966,101.703,459.336,14.0966,116.281,580.161,14.0966,132.782,732.241,14.0966,151.46,923.655,14.0966,172.603,1164.57,14.0966,196.535,1467.79,14.0966,223.625,1849.39,14.0966,254.288,2329.62,14.0966,288.997,2933.93,14.0966,328.285,3694.33,14.0966,372.755,4651.04,14.0966,423.092,5854.57,14.0966,480.07,7368.38,14.0966,544.564,9272.08,14.0966,617.566,11665.5,14.0966,700.197,14673.6,14.0966,793.729,18452.9,14.0966,899.599,23198.6,14.0966,1019.43,29154.1,14.0966,1155.07,36622.3,14.0966,1308.6,45977.9,14.0966,1482.39,57683.7,14.0966,1679.09,72307.8,14.0966,1901.73,90542.8,14.0966,2153.73,113226,14.0966,2438.97,141360,14.0966,2761.81,176127,14.0966,3127.22,218898,14.0966,3540.81,271226,14.0966,4008.92,334817,14.0966,4538.74,411470,14.0966,5138.38,502973,14.0966,5817.04,610948,14.0966,6585.12,736653,14.0966,7454.39,880741,14.0966,8438.15,1.04302e+06,14.0966,9551.45,1.22224e+06,14.0966,10811.3,1.41602e+06,14.0966,12237,1.62086e+06,14.0966,11.7194,11.96,12.6541,2.21263,4.16949,0.989383,2.67766,5.84076,0.311842,3.14343,7.55825,0.0972771,3.63127,9.58578,0.0303237,4.15787,12.0912,0.00945211,4.73731,15.2286,0.00294633,5.38238,19.1721,0.000918508,6.10553,24.134,0.000286163,6.91951,30.3791,8.92692e-05,7.83792,38.2397,2.78121e-05,8.87555,48.1338,8.65134e-06,10.0489,60.5876,2.7882e-06,11.3761,76.2629,8.29036e-07,12.8779,95.9927,2.4373e-07,14.5775,120.825,4.33068e-09,16.5012,152.08,1.75749e-07,18.6784,191.415,-1.86328e-07,21.1428,240.917,1.91829e-07,23.9322,303.213,-1.81475e-07,27.0895,381.602,7.0186e-08,30.6634,480.231,-2.86769e-08,34.7087,604.316,2.40784e-07,39.2876,760.401,9.87368e-08,44.4705,956.705,1.22263e-07,50.3371,1203.54,-4.31966e-07,56.9776,1513.81,-1.9705e-07,64.494,1903.69,-2.763e-08,73.0018,2393.4,3.9185e-07,82.6317,3008.13,1.35379e-07,93.5318,3779.25,-4.16351e-08,105.869,4745.7,2.06965e-08,119.834,5955.6,-3.18887e-07,135.641,7468.12,-1.48271e-08,153.531,9355.62,2.00739e-07,173.781,11705.8,2.28358e-07,196.701,14624.1,-1.93587e-08,222.642,18235,-2.88101e-07,252.003,22683.4,-2.24732e-07,285.234,28134,8.56806e-09,322.845,34767,2.34258e-07,365.413,42770.9,2.99668e-07,413.588,52327.9,8.28644e-08,468.111,63591.2,-3.07049e-07,529.814,76653.2,-3.1888e-07,599.642,91502.5,-6.72276e-08,678.662,107975,2.26339e-07,768.083,125705,3.69212e-07,869.267,144088,2.04077e-07,983.76,162277,-2.80509e-07,1113.3,179223,-4.22737e-07,1259.87,193777,-1.71951e-07,1425.68,204839,4.55555e-07,11.7194,11.96,12.6541,2.21263,4.16949,0.989383,2.67766,5.84076,0.311842,3.14343,7.55825,0.0972771,3.63127,9.58578,0.0303237,4.15787,12.0912,0.00945211,4.73731,15.2286,0.00294633,5.38238,19.1721,0.000918508,6.10553,24.134,0.000286163,6.91951,30.3791,8.92692e-05,7.83792,38.2397,2.78121e-05,8.87555,48.1338,8.65134e-06,10.0489,60.5876,2.7882e-06,11.3761,76.2629,8.29036e-07,12.8779,95.9927,2.4373e-07,14.5775,120.825,1e-08,16.5012,152.08,1.75749e-07,18.6784,191.415,1e-08,21.1428,240.917,1.91829e-07,23.9322,303.213,1e-08,27.0895,381.602,7.0186e-08,30.6634,480.231,1e-08,34.7087,604.316,2.40784e-07,39.2876,760.401,9.87368e-08,44.4705,956.705,1.22263e-07,50.3371,1203.54,1e-08,56.9776,1513.81,1e-08,64.494,1903.69,1e-08,73.0018,2393.4,3.9185e-07,82.6317,3008.13,1.35379e-07,93.5318,3779.25,1e-08,105.869,4745.7,2.06965e-08,119.834,5955.6,1e-08,135.641,7468.12,1e-08,153.531,9355.62,2.00739e-07,173.781,11705.8,2.28358e-07,196.701,14624.1,1e-08,222.642,18235,1e-08,252.003,22683.4,1e-08,285.234,28134,1e-08,322.845,34767,2.34258e-07,365.413,42770.9,2.99668e-07,413.588,52327.9,8.28644e-08,468.111,63591.2,1e-08,529.814,76653.2,1e-08,599.642,91502.5,1e-08,678.662,107975,2.26339e-07,768.083,125705,3.69212e-07,869.267,144088,2.04077e-07,983.76,162277,1e-08,1113.3,179223,1e-08,1259.87,193777,1e-08,1425.68,204839,4.55555e-07,6.2823,3.27286,2.43537,0.219672,6.18826,2.24117,0.56371,6.87772,2.63624,0.308279,17,12,13,0,1,0,1,4,0,0,5,0,4,13,0,12,6,0,2,10,0,7,3,0,7,21,0,11,31,0,5,30,0,6,36,0,13,86,0,13,68,0,2,63,0,12,60,0,10,142,0,26,118,0,21,367,0,19,228,0,49,434,0,20,612,0,31,705,0,12,932,0,24,548,0,34,651,0,74,1975,0,49,4113,0,50,3237,0,67,2542,0,136,3611,0,112,5190,0,96,6796,0,193,9919,0,157,7589,0,186,9961,0,291,10957,0,155,19927,0,266,20488,0,338,22678,0,350,64338,0,550,45213,0,195,58924,0,297,59607,0,926,25662,0,230,67433,0,552,59120,0,593,166234,0,884,95115,0,941,87163,0,2856,185426,0,2089,82222,0,1675,227504,0
-1.05176e+08,1,8.88811e-15,10,1023,0,1.05176e+08,0.528882,1.08665,0.389689,0.145397,0.379329,3.24381,0.161596,0.446195,1.77396,0.159177,1.15e+07,4.49998e+06,6.79999e+06,1.15e+07,4.49997e+06,6.79999e+06,1.15e+07,4.49996e+06,6.79999e+06,1.15e+07,4.49995e+06,6.79999e+06,1.14999e+07,4.49993e+06,6.79999e+06,1.14999e+07,4.49991e+06,6.79999e+06,1.14999e+07,4.49989e+06,6.79999e+06,1.14999e+07,4.49986e+06,6.79999e+06,1.14999e+07,4.49982e+06,6.79999e+06,1.14999e+07,4.49977e+06,6.79999e+06,1.14999e+07,4.49971e+06,6.79999e+06,1.14999e+07,4.49963e+06,6.79999e+06,1.14998e+07,4.49953e+06,6.79999e+06,1.14998e+07,4.49941e+06,6.79999e+06,1.14998e+07,4.49926e+06,6.79999e+06,1.14998e+07,4.49906e+06,6.79999e+06,1.14997e+07,4.49882e+06,6.79999e+06,1.14997e+07,4.49851e+06,6.79999e+06,1.14997e+07,4.49812e+06,6.79999e+06,1.14996e+07,4.49764e+06,6.79999e+06,1.14996e+07,4.49702e+06,6.79999e+06,1.14995e+07,4.49625e+06,6.79999e+06,1.14995e+07,4.49528e+06,6.79999e+06,1.14994e+07,4.49406e+06,6.79999e+06,1.14993e+07,4.49253e+06,6.79999e+06,1.14992e+07,4.49059e+06,6.79999e+06,1.14991e+07,4.48817e+06,6.79999e+06,1.1499e+07,4.48511e+06,6.79999e+06,1.14988e+07,4.48128e+06,6.79999e+06,1.14987e+07,4.47646e+06,6.79999e+06,1.14985e+07,4.47041e+06,6.79999e+06,1.14983e+07,4.46281e+06,6.79999e+06,1.14981e+07,4.4533e+06,6.79999e+06,1.14979e+07,4.44138e+06,6.79999e+06,1.14976e+07,4.42649e+06,6.79999e+06,1.14972e+07,4.40789e+06,6.79999e+06,1.14969e+07,4.38471e+06,6.79999e+06,1.14965e+07,4.35592e+06,6.79999e+06,1.1496e+07,4.32027e+06,6.79999e+06,1.14955e+07,4.27629e+06,6.79999e+06,1.14949e+07,4.22231e+06,6.79999e+06,1.14942e+07,4.15647e+06,6.79999e+06,1.14934e+07,4.07676e+06,6.79999e+06,1.14926e+07,3.98112e+06,6.79999e+06,1.14916e+07,3.86765e+06,6.79999e+06,1.14905e+07,3.73474e+06,6.79999e+06,1.14892e+07,3.58148e+06,6.79999e+06,1.14878e+07,3.40785e+06,6.79999e+06,1.14862e+07,3.21513e+06,6.79999e+06,1.14844e+07,3.00605e+06,6.79999e+06,1.14823e+07,2.7848e+06,6.79999e+06,1.148e+07,2.5568e+06,6.79999e+06,1.14773e+07,2.32825e+06,6.79999e+06,13.5742,8.52444,0.508366,16.8306,13.2585,0.162638,20.0035,17.569,0.0507846,23.2616,22.4214,0.0158319,26.7328,28.3297,0.00493498,30.5212,35.6974,0.00153831,34.7178,44.9473,0.000479527,39.4086,56.5822,0.000149456,44.6796,71.2245,4.66214e-05,50.6209,89.6543,1.45419e-05,57.3297,112.852,4.54748e-06,64.9129,142.051,1.43857e-06,73.4897,178.803,4.36618e-07,83.1934,225.062,1.40153e-07,94.1745,283.286,4.96378e-08,106.602,356.568,1.05434e-07,120.669,448.799,-6.49244e-08,136.59,564.873,1.70148e-07,154.611,710.948,-5.34594e-08,175.008,894.767,1.63407e-07,198.097,1126.06,8.04804e-08,224.231,1417.07,1.14667e-07,253.813,1783.15,-1.71227e-07,287.297,2243.62,-2.88466e-07,325.198,2822.67,-4.33651e-07,368.098,3550.67,7.9318e-08,416.657,4465.65,3.13319e-07,471.621,5615.16,3.4613e-07,533.835,7058.61,-1.19199e-07,604.255,8870.02,-2.79964e-07,683.962,11141.4,-2.30521e-07,774.182,13986.7,-2.55099e-07,876.299,17546.4,1.23585e-07,991.883,21993.1,1.41192e-07,1122.71,27536.7,-9.71886e-08,1270.78,34430.7,-3.68368e-07,1438.38,42977.7,-3.45379e-07,1628.07,53532.7,-3.25328e-09,1842.77,66504.6,2.6362e-07,2085.77,82350.2,2.53445e-07,2360.79,101560,-2.47407e-08,2672.05,124632,-3.80602e-07,3024.31,152018,-4.79005e-07,3422.98,184060,-1.14379e-07,3874.15,220884,2.64297e-07,4384.72,262283,3.44131e-07,4962.49,307576,7.5349e-08,5616.29,355497,-3.63097e-07,6356.1,404126,-6.05442e-07,7193.18,450932,-2.72333e-07,8140.28,492963,2.29675e-07,9211.79,527178,4.3387e-07,10424,550893,-1.0711e-07,10.102,8.06553,2.81012,10.6436,8.57909,0.869423,11.5336,10.2515,0.270869,12.7211,12.7138,0.0844293,14.1823,15.9373,0.0263173,15.9122,20.0383,0.0082035,17.9198,25.2154,0.00255722,20.2244,31.7373,0.000797017,22.8539,39.9486,0.000248622,25.8438,50.2851,7.75492e-05,29.237,63.2963,2.42508e-05,33.0837,79.6738,7.67162e-06,37.4415,100.288,2.32837e-06,42.3767,126.236,7.33e-07,47.9646,158.896,2.79256e-07,54.2906,200.003,9.87351e-09,61.452,251.741,1.61085e-07,69.5585,316.859,-2.47141e-07,78.7347,398.812,8.93552e-08,89.1218,501.948,-2.53231e-07,100.879,631.736,-1.25047e-07,114.188,795.049,-1.78808e-07,129.252,1000.53,2.6733e-07,146.304,1259.03,4.50292e-07,165.605,1584.19,6.76904e-07,187.452,1993.12,-1.23808e-07,212.181,2507.27,-4.89068e-07,240.173,3153.54,-5.40284e-07,271.856,3965.56,1.86061e-07,307.719,4985.38,4.37004e-07,348.313,6265.4,3.59828e-07,394.26,7870.83,3.98192e-07,446.268,9882.51,-1.92908e-07,505.135,12400.3,-2.20392e-07,571.766,15546.9,1.51705e-07,647.184,19472.2,5.74996e-07,732.547,24357.4,5.39112e-07,829.167,30420,5.07815e-09,938.526,37916.3,-4.11492e-07,1062.3,47143.9,-3.9561e-07,1202.4,58439.2,3.86185e-08,1360.96,72169.3,5.94093e-07,1540.42,88715.8,7.47693e-07,1743.53,108445,1.78537e-07,1973.41,131665,-4.12549e-07,2233.57,158557,-5.37164e-07,2528,189103,-1.17615e-07,2861.2,222986,5.66769e-07,3238.27,259510,9.45053e-07,3664.97,297540,4.25093e-07,4147.81,335497,-3.58506e-07,4694.17,371444,-6.7724e-07,5312.37,403256,1.67192e-07,1.61744,3.89446,9.84394,3.28846,7.5504,12.774,5.07607,11.7187,13.6844,7.03202,16.8147,13.9681,9.20215,23.1769,14.0566,11.6301,31.1672,14.0841,14.3598,41.2186,14.0927,17.4376,53.8688,14.0954,20.9137,69.7915,14.0962,24.8432,89.8341,14.0965,29.2879,115.063,14.0966,34.3168,146.819,14.0966,40.0078,186.792,14.0966,46.4487,237.107,14.0966,53.7388,300.44,14.0966,61.9903,380.158,14.0966,71.3301,480.499,14.0966,81.902,606.796,14.0966,93.8685,765.761,14.0966,107.414,965.837,14.0966,122.746,1217.65,14.0966,140.101,1534.57,14.0966,159.745,1933.41,14.0966,181.981,2435.3,14.0966,207.15,3066.85,14.0966,235.64,3861.46,14.0966,267.889,4861.11,14.0966,304.391,6118.54,14.0966,345.709,7699.91,14.0966,392.478,9688.22,14.0966,445.417,12187.5,14.0966,505.339,15327.7,14.0966,573.165,19271.6,14.0966,649.938,24222,14.0966,736.839,30430.9,14.0966,835.202,38211.5,14.0966,946.539,47950.3,14.0966,1072.56,60122.8,14.0966,1215.21,75309.9,14.0966,1376.66,94216.2,14.0966,1559.41,117688,14.0966,1766.26,146729,14.0966,2000.39,182510,14.0966,2265.39,226372,14.0966,2565.33,279806,14.0966,2904.81,344416,14.0966,3289.05,421845,14.0966,3723.93,513667,14.0966,4216.13,621231,14.0966,4773.18,745478,14.0966,5403.64,886744,14.0966,6117.15,1.04457e+06,14.0966,6924.63,1.2176e+06,14.0966,11.7194,11.96,12.6541,13.9321,16.1295,13.6434,16.6097,21.9702,13.9553,19.7532,29.5285,14.0526,23.3844,39.1143,14.0829,27.5423,51.2054,14.0923,32.2796,66.434,14.0953,37.662,85.6061,14.0962,43.7675,109.74,14.0965,50.687,140.119,14.0966,58.5249,178.359,14.0966,67.4005,226.493,14.0966,77.4493,287.08,14.0966,88.8254,363.343,14.0966,101.703,459.336,14.0966,116.281,580.161,14.0966,132.782,732.241,14.0966,151.46,923.655,14.0966,172.603,1164.57,14.0966,196.535,1467.79,14.0966,223.625,1849.39,14.0966,254.288,2329.62,14.0966,288.997,2933.93,14.0966,328.285,3694.33,14.0966,372.755,4651.04,14.0966,423.092,5854.57,14.0966,480.07,7368.38,14.0966,544.564,9272.08,14.0966,617.566,11665.5,14.0966,700.197,14673.6,14.0966,793.729,18452.9,14.0966,899.599,23198.6,14.0966,1019.43,29154.1,14.0966,1155.07,36622.3,14.0966,1308.6,45977.9,14.0966,1482.39,57683.7,14.0966,1679.09,72307.8,14.0966,1901.73,90542.8,14.0966,2153.73,113226,14.0966,2438.97,141360,14.0966,2761.81,176127,14.0966,3127.22,218898,14.0966,3540.81,271226,14.0966,4008.92,334817,14.0966,4538.74,411470,14.0966,5138.38,502973,14.0966,5817.04,610948,14.0966,6585.12,736653,14.0966,7454.39,880741,14.0966,8438.15,1.04302e+06,14.0966,9551.45,1.22224e+06,14.0966,10811.3,1.41602e+06,14.0966,12237,1.62086e+06,14.0966,11.7194,11.96,12.6541,2.21263,4.16949,0.989383,2.67766,5.84076,0.311842,3.14343,7.55825,0.0972771,3.63127,9.58578,0.0303237,4.15787,12.0912,0.00945211,4.73731,15.2286,0.00294633,5.38238,19.1721,0.000918508,6.10553,24.134,0.000286163,6.91951,30.3791,8.92692e-05,7.83792,38.2397,2.78121e-05,8.87555,48.1338,8.65134e-06,10.0489,60.5876,2.7882e-06,11.3761,76.2629,8.29036e-07,12.8779,95.9927,2.4373e-07,14.5775,120.825,4.33068e-09,16.5012,152.08,1.75749e-07,18.6784,191.415,-1.86328e-07,21.1428,240.917,1.91829e-07,23.9322,303.213,-1.81475e-07,27.0895,381.602,7.0186e-08,30.6634,480.231,-2.86769e-08,34.7087,604.316,2.40784e-07,39.2876,760.401,9.87368e-08,44.4705,956.705,1.22263e-07,50.3371,1203.54,-4.31966e-07,56.9776,1513.81,-1.9705e-07,64.494,1903.69,-2.763e-08,73.0018,2393.4,3.9185e-07,82.6317,3008.13,1.35379e-07,93.5318,3779.25,-4.16351e-08,105.869,4745.7,2.06965e-08,119.834,5955.6,-3.18887e-07,135.641,7468.12,-1.48271e-08,153.531,9355.62,2.00739e-07,173.781,11705.8,2.28358e-07,196.701,14624.1,-1.93587e-08,222.642,18235,-2.88101e-07,252.003,22683.4,-2.24732e-07,285.234,28134,8.56806e-09,322.845,34767,2.34258e-07,365.413,42770.9,2.99668e-07,413.588,52327.9,8.28644e-08,468.111,63591.2,-3.07049e-07,529.814,76653.2,-3.1888e-07,599.642,91502.5,-6.72276e-08,678.662,107975,2.26339e-07,768.083,125705,3.69212e-07,869.267,144088,2.04077e-07,983.76,162277,-2.80509e-07,1113.3,179223,-4.22737e-07,1259.87,193777,-1.71951e-07,1425.68,204839,4.55555e-07,11.7194,11.96,12.6541,2.21263,4.16949,0.989383,2.67766,5.84076,0.311842,3.14343,7.55825,0.0972771,3.63127,9.58578,0.0303237,4.15787,12.0912,0.00945211,4.73731,15.2286,0.00294633,5.38238,19.1721,0.000918508,6.10553,24.134,0.000286163,6.91951,30.3791,8.92692e-05,7.83792,38.2397,2.78121e-05,8.87555,48.1338,8.65134e-06,10.0489,60.5876,2.7882e-06,11.3761,76.2629,8.29036e-07,12.8779,95.9927,2.4373e-07,14.5775,120.825,1e-08,16.5012,152.08,1.75749e-07,18.6784,191.415,1e-08,21.1428,240.917,1.91829e-07,23.9322,303.213,1e-08,27.0895,381.602,7.0186e-08,30.6634,480.231,1e-08,34.7087,604.316,2.40784e-07,39.2876,760.401,9.87368e-08,44.4705,956.705,1.22263e-07,50.3371,1203.54,1e-08,56.9776,1513.81,1e-08,64.494,1903.69,1e-08,73.0018,2393.4,3.9185e-07,82.6317,3008.13,1.35379e-07,93.5318,3779.25,1e-08,105.869,4745.7,2.06965e-08,119.834,5955.6,1e-08,135.641,7468.12,1e-08,153.531,9355.62,2.00739e-07,173.781,11705.8,2.28358e-07,196.701,14624.1,1e-08,222.642,18235,1e-08,252.003,22683.4,1e-08,285.234,28134,1e-08,322.845,34767,2.34258e-07,365.413,42770.9,2.99668e-07,413.588,52327.9,8.28644e-08,468.111,63591.2,1e-08,529.814,76653.2,1e-08,599.642,91502.5,1e-08,678.662,107975,2.26339e-07,768.083,125705,3.69212e-07,869.267,144088,2.04077e-07,983.76,162277,1e-08,1113.3,179223,1e-08,1259.87,193777,1e-08,1425.68,204839,4.55555e-07,6.2823,3.27286,2.43537,0.219672,6.18826,2.24117,0.56371,6.87772,2.63624,0.308279,12,6,6,0,2,2,5,13,1,1,9,0,3,6,0,3,12,0,5,17,0,5,20,0,5,32,0,7,27,0,7,24,0,10,36,0,7,69,0,4,73,0,13,68,0,22,142,0,15,156,0,31,122,0,14,94,0,19,241,0,20,970,0,29,496,0,22,391,0,16,416,0,27,717,0,91,1753,0,53,1447,0,126,895,0,100,3334,0,56,2221,0,71,3296,0,204,8784,0,138,7595,0,92,7168,0,252,8394,0,134,7713,0,66,12815,0,160,10957,0,260,19840,0,111,11838,0,327,42866,0,427,28277,0,576,44306,0,480,38414,0,294,92308,0,430,52727,0,1405,90113,0,590,107899,0,1020,157430,0,691,179655,0,730,99391,0,1535,132711,0,1122,212367,0
-1.05176e+08,1,8.88811e-15,10,1023,0,1.05176e+08,0.528882,1.08665,0.389689,0.145397,0.379329,3.24381,0.161596,0.446195,1.77396,0.159177,1.15e+07,4.49998e+06,6.79999e+06,1.15e+07,4.49997e+06,6.79999e+06,1.15e+07,4.49996e+06,6.79999e+06,1.15e+07,4.49995e+06,6.79999e+06,1.14999e+07,4.49993e+06,6.79999e+06,1.14999e+07,4.49991e+06,6.79999e+06,1.14999e+07,4.49989e+06,6.79999e+06,1.14999e+07,4.49986e+06,6.79999e+06,1.14999e+07,4.49982e+06,6.79999e+06,1.14999e+07,4.49977e+06,6.79999e+06,1.14999e+07,4.49971e+06,6.79999e+06,1.14999e+07,4.49963e+06,6.79999e+06,1.14998e+07,4.49953e+06,6.79999e+06,1.14998e+07,4.49941e+06,6.79999e+06,1.14998e+07,4.49926e+06,6.79999e+06,1.14998e+07,4.49906e+06,6.79999e+06,1.14997e+07,4.49882e+06,6.79999e+06,1.14997e+07,4.49851e+06,6.79999e+06,1.14997e+07,4.49812e+06,6.79999e+06,1.14996e+07,4.49764e+06,6.79999e+06,1.14996e+07,4.49702e+06,6.79999e+06,1.14995e+07,4.49625e+06,6.79999e+06,1.14995e+07,4.49528e+06,6.79999e+06,1.14994e+07,4.49406e+06,6.79999e+06,1.14993e+07,4.49253e+06,6.79999e+06,1.14992e+07,4.49059e+06,6.79999e+06,1.14991e+07,4.48817e+06,6.79999e+06,1.1499e+07,4.48511e+06,6.79999e+06,1.14988e+07,4.48128e+06,6.79999e+06,1.14987e+07,4.47646e+06,6.79999e+06,1.14985e+07,4.47041e+06,6.79999e+06,1.14983e+07,4.46281e+06,6.79999e+06,1.14981e+07,4.4533e+06,6.79999e+06,1.14979e+07,4.44138e+06,6.79999e+06,1.14976e+07,4.42649e+06,6.79999e+06,1.14972e+07,4.40789e+06,6.79999e+06,1.14969e+07,4.38471e+06,6.79999e+06,1.14965e+07,4.35592e+06,6.79999e+06,1.1496e+07,4.32027e+06,6.79999e+06,1.14955e+07,4.27629e+06,6.79999e+06,1.14949e+07,4.22231e+06,6.79999e+06,1.14942e+07,4.15647e+06,6.79999e+06,1.14934e+07,4.07676e+06,6.79999e+06,1.14926e+07,3.98112e+06,6.79999e+06,1.14916e+07,3.86765e+06,6.79999e+06,1.14905e+07,3.73474e+06,6.79999e+06,1.14892e+07,3.58148e+06,6.79999e+06,1.14878e+07,3.40785e+06,6.79999e+06,1.14862e+07,3.21513e+06,6.79999e+06,1.14844e+07,3.00605e+06,6.79999e+06,1.14823e+07,2.7848e+06,6.79999e+06,1.148e+07,2.5568e+06,6.79999e+06,1.14773e+07,2.32825e+06,6.79999e+06,13.5742,8.52444,0.508366,16.8306,13.2585,0.162638,20.0035,17.569,0.0507846,23.2616,22.4214,0.0158319,26.7328,28.3297,0.00493498,30.5212,35.6974,0.00153831,34.7178,44.9473,0.000479527,39.4086,56.5822,0.000149456,44.6796,71.2245,4.66214e-05,50.6209,89.6543,1.45419e-05,57.3297,112.852,4.54748e-06,64.9129,142.051,1.43857e-06,73.4897,178.803,4.36618e-07,83.1934,225.062,1.40153e-07,94.1745,283.286,4.96378e-08,106.602,356.568,1.05434e-07,120.669,448.799,-6.49244e-08,136.59,564.873,1.70148e-07,154.611,710.948,-5.34594e-08,175.008,894.767,1.63407e-07,198.097,1126.06,8.04804e-08,224.231,1417.07,1.14667e-07,253.813,1783.15,-1.71227e-07,287.297,2243.62,-2.88466e-07,325.198,2822.67,-4.33651e-07,368.098,3550.67,7.9318e-08,416.657,4465.65,3.13319e-07,471.621,5615.16,3.4613e-07,533.835,7058.61,-1.19199e-07,604.255,8870.02,-2.79964e-07,683.962,11141.4,-2.30521e-07,774.182,13986.7,-2.55099e-07,876.299,17546.4,1.23585e-07,991.883,21993.1,1.41192e-07,1122.71,27536.7,-9.71886e-08,1270.78,34430.7,-3.68368e-07,1438.38,42977.7,-3.45379e-07,1628.07,53532.7,-3.25328e-09,1842.77,66504.6,2.6362e-07,2085.77,82350.2,2.53445e-07,2360.79,101560,-2.47407e-08,2672.05,124632,-3.80602e-07,3024.31,152018,-4.79005e-07,3422.98,184060,-1.14379e-07,3874.15,220884,2.64297e-07,4384.72,262283,3.44131e-07,4962.49,307576,7.5349e-08,5616.29,355497,-3.63097e-07,6356.1,404126,-6.05442e-07,7193.18,450932,-2.72333e-07,8140.28,492963,2.29675e-07,9211.79,527178,4.3387e-07,10424,550893,-1.0711e-07,10.102,8.06553,2.81012,10.6436,8.57909,0.869423,11.5336,10.2515,0.270869,12.7211,12.7138,0.0844293,14.1823,15.9373,0.0263173,15.9122,20.0383,0.0082035,17.9198,25.2154,0.00255722,20.2244,31.7373,0.000797017,22.8539,39.9486,0.000248622,25.8438,50.2851,7.75492e-05,29.237,63.2963,2.42508e-05,33.0837,79.6738,7.67162e-06,37.4415,100.288,2.32837e-06,42.3767,126.236,7.33e-07,47.9646,158.896,2.79256e-07,54.2906,200.003,9.87351e-09,61.452,251.741,1.61085e-07,69.5585,316.859,-2.47141e-07,78.7347,398.812,8.93552e-08,89.1218,501.948,-2.53231e-07,100.879,631.736,-1.25047e-07,114.188,795.049,-1.78808e-07,129.252,1000.53,2.6733e-07,146.304,1259.03,4.50292e-07,165.605,1584.19,6.76904e-07,187.452,1993.12,-1.23808e-07,212.181,2507.27,-4.89068e-07,240.173,3153.54,-5.40284e-07,271.856,3965.56,1.86061e-07,307.719,4985.38,4.37004e-07,348.313,6265.4,3.59828e-07,394.26,7870.83,3.98192e-07,446.268,9882.51,-1.92908e-07,505.135,12400.3,-2.20392e-07,571.766,15546.9,1.51705e-07,647.184,19472.2,5.74996e-07,732.547,24357.4,5.39112e-07,829.167,30420,5.07815e-09,938.526,37916.3,-4.11492e-07,1062.3,47143.9,-3.9561e-07,1202.4,58439.2,3.86185e-08,1360.96,72169.3,5.94093e-07,1540.42,88715.8,7.47693e-07,1743.53,108445,1.78537e-07,1973.41,131665,-4.12549e-07,2233.57,158557,-5.37164e-07,2528,189103,-1.17615e-07,2861.2,222986,5.66769e-07,3238.27,259510,9.45053e-07,3664.97,297540,4.25093e-07,4147.81,335497,-3.58506e-07,4694.17,371444,-6.7724e-07,5312.37,403256,1.67192e-07,1.61744,3.89446,9.84394,3.28846,7.5504,12.774,5.07607,11.7187,13.6844,7.03202,16.8147,13.9681,9.20215,23.1769,14.0566,11.6301,31.1672,14.0841,14.3598,41.2186,14.0927,17.4376,53.8688,14.0954,20.9137,69.7915,14.0962,24.8432,89.8341,14.0965,29.2879,115.063,14.0966,34.3168,146.819,14.0966,40.0078,186.792,14.0966,46.4487,237.107,14.0966,53.7388,300.44,14.0966,61.9903,380.158,14.0966,71.3301,480.499,14.0966,81.902,606.796,14.0966,93.8685,765.761,14.0966,107.414,965.837,14.0966,122.746,1217.65,14.0966,140.101,1534.57,14.0966,159.745,1933.41,14.0966,181.981,2435.3,14.0966,207.15,3066.85,14.0966,235.64,3861.46,14.0966,267.889,4861.11,14.0966,304.391,6118.54,14.0966,345.709,7699.91,14.0966,392.478,9688.22,14.0966,445.417,12187.5,14.0966,505.339,15327.7,14.0966,573.165,19271.6,14.0966,649.938,24222,14.0966,736.839,30430.9,14.0966,835.202,38211.5,14.0966,946.539,47950.3,14.0966,1072.56,60122.8,14.0966,1215.21,75309.9,14.0966,1376.66,94216.2,14.0966,1559.41,117688,14.0966,1766.26,146729,14.0966,2000.39,182510,14.0966,2265.39,226372,14.0966,2565.33,279806,14.0966,2904.81,344416,14.0966,3289.05,421845,14.0966,3723.93,513667,14.0966,4216.13,621231,14.0966,4773.18,745478,14.0966,5403.64,886744,14.0966,6117.15,1.04457e+06,14.0966,6924.63,1.2176e+06,14.0966,11.7194,11.96,12.6541,13.9321,16.1295,13.6434,16.6097,21.9702,13.9553,19.7532,29.5285,14.0526,23.3844,39.1143,14.0829,27.5423,51.2054,14.0923,32.2796,66.434,14.0953,37.662,85.6061,14.0962,43.7675,109.74,14.0965,50.687,140.119,14.0966,58.5249,178.359,14.0966,67.4005,226.493,14.0966,77.4493,287.08,14.0966,88.8254,363.343,14.0966,101.703,459.336,14.0966,116.281,580.161,14.0966,132.782,732.241,14.0966,151.46,923.655,14.0966,172.603,1164.57,14.0966,196.535,1467.79,14.0966,223.625,1849.39,14.0966,254.288,2329.62,14.0966,288.997,2933.93,14.0966,328.285,3694.33,14.0966,372.755,4651.04,14.0966,423.092,5854.57,14.0966,480.07,7368.38,14.0966,544.564,9272.08,14.0966,617.566,11665.5,14.0966,700.197,14673.6,14.0966,793.729,18452.9,14.0966,899.599,23198.6,14.0966,1019.43,29154.1,14.0966,1155.07,36622.3,14.0966,1308.6,45977.9,14.0966,1482.39,57683.7,14.0966,1679.09,72307.8,14.0966,1901.73,90542.8,14.0966,2153.73,113226,14.0966,2438.97,141360,14.0966,2761.81,176127,14.0966,3127.22,218898,14.0966,3540.81,271226,14.0966,4008.92,334817,14.0966,4538.74,411470,14.0966,5138.38,502973,14.0966,5817.04,610948,14.0966,6585.12,736653,14.0966,7454.39,880741,14.0966,8438.15,1.04302e+06,14.0966,9551.45,1.22224e+06,14.0966,10811.3,1.41602e+06,14.0966,12237,1.62086e+06,14.0966,11.7194,11.96,12.6541,2.21263,4.16949,0.989383,2.67766,5.84076,0.311842,3.14343,7.55825,0.0972771,3.63127,9.58578,0.0303237,4.15787,12.0912,0.00945211,4.73731,15.2286,0.00294633,5.38238,19.1721,0.000918508,6.10553,24.134,0.000286163,6.91951,30.3791,8.92692e-05,7.83792,38.2397,2.78121e-05,8.87555,48.1338,8.65134e-06,10.0489,60.5876,2.7882e-06,11.3761,76.2629,8.29036e-07,12.8779,95.9927,2.4373e-07,14.5775,120.825,4.33068e-09,16.5012,152.08,1.75749e-07,18.6784,191.415,-1.86328e-07,21.1428,240.917,1.91829e-07,23.9322,303.213,-1.81475e-07,27.0895,381.602,7.0186e-08,30.6634,480.231,-2.86769e-08,34.7087,604.316,2.40784e-07,39.2876,760.401,9.87368e-08,44.4705,956.705,1.22263e-07,50.3371,1203.54,-4.31966e-07,56.9776,1513.81,-1.9705e-07,64.494,1903.69,-2.763e-08,73.0018,2393.4,3.9185e-07,82.6317,3008.13,1.35379e-07,93.5318,3779.25,-4.16351e-08,105.869,4745.7,2.06965e-08,119.834,5955.6,-3.18887e-07,135.641,7468.12,-1.48271e-08,153.531,9355.62,2.00739e-07,173.781,11705.8,2.28358e-07,196.701,14624.1,-1.93587e-08,222.642,18235,-2.88101e-07,252.003,22683.4,-2.24732e-07,285.234,28134,8.56806e-09,322.845,34767,2.34258e-07,365.413,42770.9,2.99668e-07,413.588,52327.9,8.28644e-08,468.111,63591.2,-3.07049e-07,529.814,76653.2,-3.1888e-07,599.642,91502.5,-6.72276e-08,678.662,107975,2.26339e-07,768.083,125705,3.69212e-07,869.267,144088,2.04077e-07,983.76,162277,-2.80509e-07,1113.3,179223,-4.22737e-07,1259.87,193777,-1.71951e-07,1425.68,204839,4.55555e-07,11.7194,11.96,12.6541,2.21263,4.16949,0.989383,2.67766,5.84076,0.311842,3.14343,7.55825,0.0972771,3.63127,9.58578,0.0303237,4.15787,12.0912,0.00945211,4.73731,15.2286,0.00294633,5.38238,19.1721,0.000918508,6.10553,24.134,0.000286163,6.91951,30.3791,8.92692e-05,7.83792,38.2397,2.78121e-05,8.87555,48.1338,8.65134e-06,10.0489,60.5876,2.7882e-06,11.3761,76.2629,8.29036e-07,12.8779,95.9927,2.4373e-07,14.5775,120.825,1e-08,16.5012,152.08,1.75749e-07,18.6784,191.415,1e-08,21.1428,240.917,1.91829e-07,23.9322,303.213,1e-08,27.0895,381.602,7.0186e-08,30.6634,480.231,1e-08,34.7087,604.316,2.40784e-07,39.2876,760.401,9.87368e-08,44.4705,956.705,1.22263e-07,50.3371,1203.54,1e-08,56.9776,1513.81,1e-08,64.494,1903.69,1e-08,73.0018,2393.4,3.9185e-07,82.6317,3008.13,1.35379e-07,93.5318,3779.25,1e-08,105.869,4745.7,2.06965e-08,119.834,5955.6,1e-08,135.641,7468.12,1e-08,153.531,9355.62,2.00739e-07,173.781,11705.8,2.28358e-07,196.701,14624.1,1e-08,222.642,18235,1e-08,252.003,22683.4,1e-08,285.234,28134,1e-08,322.845,34767,2.34258e-07,365.413,42770.9,2.99668e-07,413.588,52327.9,8.28644e-08,468.111,63591.2,1e-08,529.814,76653.2,1e-08,599.642,91502.5,1e-08,678.662,107975,2.26339e-07,768.083,125705,3.69212e-07,869.267,144088,2.04077e-07,983.76,162277,1e-08,1113.3,179223,1e-08,1259.87,193777,1e-08,1425.68,204839,4.55555e-07,6.2823,3.27286,2.43537,0.219672,6.18826,2.24117,0.56371,6.87772,2.63624,0.308279,33,17,9,0,5,0,1,10,0,0,6,0,3,6,0,7,10,0,2,15,0,2,29,0,7,16,0,6,22,0,5,36,0,5,56,0,10,41,0,9,56,0,19,203,0,9,109,0,8,149,0,15,106,0,16,153,0,18,519,0,23,269,0,30,205,0,42,337,0,40,639,0,39,762,0,84,833,0,26,1436,0,92,1405,0,129,3068,0,110,2202,0,48,3071,0,108,4207,0,81,5079,0,75,15590,0,105,7993,0,131,16029,0,242,12671,0,179,27456,0,387,24138,0,523,37047,0,309,50907,0,224,37181,0,273,31869,0,339,83453,0,396,38401,0,800,133117,0,1077,141066,0,533,141736,0,1140,151426,0,880,129831,0,1139,102135,0,1665,142791,0,2257,199731,0
-1.05176e+08,1,8.88811e-15,10,1023,0,1.05176e+08,0.528882,1.08665,0.389689,0.145397,0.379329,3.24381,0.161596,0.446195,1.77396,0.159177,1.15e+07,4.49998e+06,6.79999e+06,1.15e+07,4.49997e+06,6.79999e+06,1.15e+07,4.49996e+06,6.79999e+06,1.15e+07,4.49995e+06,6.79999e+06,1.14999e+07,4.49993e+06,6.79999e+06,1.14999e+07,4.49991e+06,6.79999e+06,1.14999e+07,4.49989e+06,6.79999e+06,1.14999e+07,4.49986e+06,6.79999e+06,1.14999e+07,4.49982e+06,6.79999e+06,1.14999e+07,4.49977e+06,6.79999e+06,1.14999e+07,4.49971e+06,6.79999e+06,1.14999e+07,4.49963e+06,6.79999e+06,1.14998e+07,4.49953e+06,6.79999e+06,1.14998e+07,4.49941e+06,6.79999e+06,1.14998e+07,4.49926e+06,6.79999e+06,1.14998e+07,4.49906e+06,6.79999e+06,1.14997e+07,4.49882e+06,6.79999e+06,1.14997e+07,4.49851e+06,6.79999e+06,1.14997e+07,4.49812e+06,6.79999e+06,1.14996e+07,4.49764e+06,6.79999e+06,1.14996e+07,4.49702e+06,6.79999e+06,1.14995e+07,4.49625e+06,6.79999e+06,1.14995e+07,4.49528e+06,6.79999e+06,1.14994e+07,4.49406e+06,6.79999e+06,1.14993e+07,4.49253e+06,6.79999e+06,1.14992e+07,4.49059e+06,6.79999e+06,1.14991e+07,4.48817e+06,6.79999e+06,1.1499e+07,4.48511e+06,6.79999e+06,1.14988e+07,4.48128e+06,6.79999e+06,1.14987e+07,4.47646e+06,6.79999e+06,1.14985e+07,4.47041e+06,6.79999e+06,1.14983e+07,4.46281e+06,6.79999e+06,1.14981e+07,4.4533e+06,6.79999e+06,1.14979e+07,4.44138e+06,6.79999e+06,1.14976e+07,4.42649e+06,6.79999e+06,1.14972e+07,4.40789e+06,6.79999e+06,1.14969e+07,4.38471e+06,6.79999e+06,1.14965e+07,4.35592e+06,6.79999e+06,1.1496e+07,4.32027e+06,6.79999e+06,1.14955e+07,4.27629e+06,6.79999e+06,1.14949e+07,4.22231e+06,6.79999e+06,1.14942e+07,4.15647e+06,6.79999e+06,1.14934e+07,4.07676e+06,6.79999e+06,1.14926e+07,3.98112e+06,6.79999e+06,1.14916e+07,3.86765e+06,6.79999e+06,1.14905e+07,3.73474e+06,6.79999e+06,1.14892e+07,3.58148e+06,6.79999e+06,1.14878e+07,3.40785e+06,6.79999e+06,1.14862e+07,3.21513e+06,6.79999e+06,1.14844e+07,3.00605e+06,6.79999e+06,1.14823e+07,2.7848e+06,6.79999e+06,1.148e+07,2.5568e+06,6.79999e+06,1.14773e+07,2.32825e+06,6.79999e+06,13.5742,8.52444,0.508366,16.8306,13.2585,0.162638,20.0035,17.569,0.0507846,23.2616,22.4214,0.0158319,26.7328,28.3297,0.00493498,30.5212,35.6974,0.00153831,34.7178,44.9473,0.000479527,39.4086,56.5822,0.000149456,44.6796,71.2245,4.66214e-05,50.6209,89.6543,1.45419e-05,57.3297,112.852,4.54748e-06,64.9129,142.051,1.43857e-06,73.4897,178.803,4.36618e-07,83.1934,225.062,1.40153e-07,94.1745,283.286,4.96378e-08,106.602,356.568,1.05434e-07,120.669,448.799,-6.49244e-08,136.59,564.873,1.70148e-07,154.611,710.948,-5.34594e-08,175.008,894.767,1.63407e-07,198.097,1126.06,8.04804e-08,224.231,1417.07,1.14667e-07,253.813,1783.15,-1.71227e-07,287.297,2243.62,-2.88466e-07,325.198,2822.67,-4.33651e-07,368.098,3550.67,7.9318e-08,416.657,4465.65,3.13319e-07,471.621,5615.16,3.4613e-07,533.835,7058.61,-1.19199e-07,604.255,8870.02,-2.79964e-07,683.962,11141.4,-2.30521e-07,774.182,13986.7,-2.55099e-07,876.299,17546.4,1.23585e-07,991.883,21993.1,1.41192e-07,1122.71,27536.7,-9.71886e-08,1270.78,34430.7,-3.68368e-07,1438.38,42977.7,-3.45379e-07,1628.07,53532.7,-3.25328e-09,1842.77,66504.6,2.6362e-07,2085.77,82350.2,2.53445e-07,2360.79,101560,-2.47407e-08,2672.05,124632,-3.80602e-07,3024.31,152018,-4.79005e-07,3422.98,184060,-1.14379e-07,3874.15,220884,2.64297e-07,4384.72,262283,3.44131e-07,4962.49,307576,7.5349e-08,5616.29,355497,-3.63097e-07,6356.1,404126,-6.05442e-07,7193.18,450932,-2.72333e-07,8140.28,492963,2.29675e-07,9211.79,527178,4.3387e-07,10424,550893,-1.0711e-07,10.102,8.06553,2.81012,10.6436,8.57909,0.869423,11.5336,10.2515,0.270869,12.7211,12.7138,0.0844293,14.1823,15.9373,0.0263173,15.9122,20.0383,0.0082035,17.9198,25.2154,0.00255722,20.2244,31.7373,0.000797017,22.8539,39.9486,0.000248622,25.8438,50.2851,7.75492e-05,29.237,63.2963,2.42508e-05,33.0837,79.6738,7.67162e-06,37.4415,100.288,2.32837e-06,42.3767,126.236,7.33e-07,47.9646,158.896,2.79256e-07,54.2906,200.003,9.87351e-09,61.452,251.741,1.61085e-07,69.5585,316.859,-2.47141e-07,78.7347,398.812,8.93552e-08,89.1218,501.948,-2.53231e-07,100.879,631.736,-1.25047e-07,114.188,795.049,-1.78808e-07,129.252,1000.53,2.6733e-07,146.304,1259.03,4.50292e-07,165.605,1584.19,6.76904e-07,187.452,1993.12,-1.23808e-07,212.181,2507.27,-4.89068e-07,240.173,3153.54,-5.40284e-07,271.856,3965.56,1.86061e-07,307.719,4985.38,4.37004e-07,348.313,6265.4,3.59828e-07,394.26,7870.83,3.98192e-07,446.268,9882.51,-1.92908e-07,505.135,12400.3,-2.20392e-07,571.766,15546.9,1.51705e-07,647.184,19472.2,5.74996e-07,732.547,24357.4,5.39112e-07,829.167,30420,5.07815e-09,938.526,37916.3,-4.11492e-07,1062.3,47143.9,-3.9561e-07,1202.4,58439.2,3.86185e-08,1360.96,72169.3,5.94093e-07,1540.42,88715.8,7.47693e-07,1743.53,108445,1.78537e-07,1973.41,131665,-4.12549e-07,2233.57,158557,-5.37164e-07,2528,189103,-1.17615e-07,2861.2,222986,5.66769e-07,3238.27,259510,9.45053e-07,3664.97,297540,4.25093e-07,4147.81,335497,-3.58506e-07,4694.17,371444,-6.7724e-07,5312.37,403256,1.67192e-07,1.61744,3.89446,9.84394,3.28846,7.5504,12.774,5.07607,11.7187,13.6844,7.03202,16.8147,13.9681,9.20215,23.1769,14.0566,11.6301,31.1672,14.0841,14.3598,41.2186,14.0927,17.4376,53.8688,14.0954,20.9137,69.7915,14.0962,24.8432,89.8341,14.0965,29.2879,115.063,14.0966,34.3168,146.819,14.0966,40.0078,186.792,14.0966,46.4487,237.107,14.0966,53.7388,300.44,14.0966,61.9903,380.158,14.0966,71.3301,480.499,14.0966,81.902,606.796,14.0966,93.8685,765.761,14.0966,107.414,965.837,14.0966,122.746,1217.65,14.0966,140.101,1534.57,14.0966,159.745,1933.41,14.0966,181.981,2435.3,14.0966,207.15,3066.85,14.0966,235.64,3861.46,14.0966,267.889,4861.11,14.0966,304.391,6118.54,14.0966,345.709,7699.91,14.0966,392.478,9688.22,14.0966,445.417,12187.5,14.0966,505.339,15327.7,14.0966,573.165,19271.6,14.0966,649.938,24222,14.0966,736.839,30430.9,14.0966,835.202,38211.5,14.0966,946.539,47950.3,14.0966,1072.56,60122.8,14.0966,1215.21,75309.9,14.0966,1376.66,94216.2,14.0966,1559.41,117688,14.0966,1766.26,146729,14.0966,2000.39,182510,14.0966,2265.39,226372,14.0966,2565.33,279806,14.0966,2904.81,344416,14.0966,3289.05,421845,14.0966,3723.93,513667,14.0966,4216.13,621231,14.0966,4773.18,745478,14.0966,5403.64,886744,14.0966,6117.15,1.04457e+06,14.0966,6924.63,1.2176e+06,14.0966,11.7194,11.96,12.6541,13.9321,16.1295,13.6434,16.6097,21.9702,13.9553,19.7532,29.5285,14.0526,23.3844,39.1143,14.0829,27.5423,51.2054,14.0923,32.2796,66.434,14.0953,37.662,85.6061,14.0962,43.7675,109.74,14.0965,50.687,140.119,14.0966,58.5249,178.359,14.0966,67.4005,226.493,14.0966,77.4493,287.08,14.0966,88.8254,363.343,14.0966,101.703,459.336,14.0966,116.281,580.161,14.0966,132.782,732.241,14.0966,151.46,923.655,14.0966,172.603,1164.57,14.0966,196.535,1467.79,14.0966,223.625,1849.39,14.0966,254.288,2329.62,14.0966,288.997,2933.93,14.0966,328.285,3694.33,14.0966,372.755,4651.04,14.0966,423.092,5854.57,14.0966,480.07,7368.38,14.0966,544.564,9272.08,14.0966,617.566,11665.5,14.0966,700.197,14673.6,14.0966,793.729,18452.9,14.0966,899.599,23198.6,14.0966,1019.43,29154.1,14.0966,1155.07,36622.3,14.0966,1308.6,45977.9,14.0966,1482.39,57683.7,14.0966,1679.09,72307.8,14.0966,1901.73,90542.8,14.0966,2153.73,113226,14.0966,2438.97,141360,14.0966,2761.81,176127,14.0966,3127.22,218898,14.0966,3540.81,271226,14.0966,4008.92,334817,14.0966,4538.74,411470,14.0966,5138.38,502973,14.0966,5817.04,610948,14.0966,6585.12,736653,14.0966,7454.39,880741,14.0966,8438.15,1.04302e+06,14.0966,9551.45,1.22224e+06,14.0966,10811.3,1.41602e+06,14.0966,12237,1.62086e+06,14.0966,11.7194,11.96,12.6541,2.21263,4.16949,0.989383,2.67766,5.84076,0.311842,3.14343,7.55825,0.0972771,3.63127,9.58578,0.0303237,4.15787,12.0912,0.00945211,4.73731,15.2286,0.00294633,5.38238,19.1721,0.000918508,6.10553,24.134,0.000286163,6.91951,30.3791,8.92692e-05,7.83792,38.2397,2.78121e-05,8.87555,48.1338,8.65134e-06,10.0489,60.5876,2.7882e-06,11.3761,76.2629,8.29036e-07,12.8779,95.9927,2.4373e-07,14.5775,120.825,4.33068e-09,16.5012,152.08,1.75749e-07,18.6784,191.415,-1.86328e-07,21.1428,240.917,1.91829e-07,23.9322,303.213,-1.81475e-07,27.0895,381.602,7.0186e-08,30.6634,480.231,-2.86769e-08,34.7087,604.316,2.40784e-07,39.2876,760.401,9.87368e-08,44.4705,956.705,1.22263e-07,50.3371,1203.54,-4.31966e-07,56.9776,1513.81,-1.9705e-07,64.494,1903.69,-2.763e-08,73.0018,2393.4,3.9185e-07,82.6317,3008.13,1.35379e-07,93.5318,3779.25,-4.16351e-08,105.869,4745.7,2.06965e-08,119.834,5955.6,-3.18887e-07,135.641,7468.12,-1.48271e-08,153.531,9355.62,2.00739e-07,173.781,11705.8,2.28358e-07,196.701,14624.1,-1.93587e-08,222.642,18235,-2.88101e-07,252.003,22683.4,-2.24732e-07,285.234,28134,8.56806e-09,322.845,34767,2.34258e-07,365.413,42770.9,2.99668e-07,413.588,52327.9,8.28644e-08,468.111,63591.2,-3.07049e-07,529.814,76653.2,-3.1888e-07,599.642,91502.5,-6.72276e-08,678.662,107975,2.26339e-07,768.083,125705,3.69212e-07,869.267,144088,2.04077e-07,983.76,162277,-2.80509e-07,1113.3,179223,-4.22737e-07,1259.87,193777,-1.71951e-07,1425.68,204839,4.55555e-07,11.7194,11.96,12.6541,2.21263,4.16949,0.989383,2.67766,5.84076,0.311842,3.14343,7.55825,0.0972771,3.63127,9.58578,0.0303237,4.15787,12.0912,0.00945211,4.73731,15.2286,0.00294633,5.38238,19.1721,0.000918508,6.10553,24.134,0.000286163,6.91951,30.3791,8.92692e-05,7.83792,38.2397,2.78121e-05,8.87555,48.1338,8.65134e-06,10.0489,60.5876,2.7882e-06,11.3761,76.2629,8.29036e-07,12.8779,95.9927,2.4373e-07,14.5775,120.825,1e-08,16.5012,152.08,1.75749e-07,18.6784,191.415,1e-08,21.1428,240.917,1.91829e-07,23.9322,303.213,1e-08,27.0895,381.602,7.0186e-08,30.6634,480.231,1e-08,34.7087,604.316,2.40784e-07,39.2876,760.401,9.87368e-08,44.4705,956.705,1.22263e-07,50.3371,1203.54,1e-08,56.9776,1513.81,1e-08,64.494,1903.69,1e-08,73.0018,2393.4,3.9185e-07,82.6317,3008.13,1.35379e-07,93.5318,3779.25,1e-08,105.869,4745.7,2.06965e-08,119.834,5955.6,1e-08,135.641,7468.12,1e-08,153.531,9355.62,2.00739e-07,173.781,11705.8,2.28358e-07,196.701,14624.1,1e-08,222.642,18235,1e-08,252.003,22683.4,1e-08,285.234,28134,1e-08,322.845,34767,2.34258e-07,365.413,42770.9,2.99668e-07,413.588,52327.9,8.28644e-08,468.111,63591.2,1e-08,529.814,76653.2,1e-08,599.642,91502.5,1e-08,678.662,107975,2.26339e-07,768.083,125705,3.69212e-07,869.267,144088,2.04077e-07,983.76,162277,1e-08,1113.3,179223,1e-08,1259.87,193777,1e-08,1425.68,204839,4.55555e-07,6.2823,3.27286,2.43537,0.219672,6.18826,2.24117,0.56371,6.87772,2.63624,0.308279,7,7,9,1,0,0,1,3,2,3,16,0,4,12,1,4,14,0,1,12,0,2,10,0,10,13,0,7,36,0,2,34,0,3,54,0,12,46,0,21,67,0,9,124,0,22,105,0,10,104,0,21,181,0,27,242,0,24,320,0,46,145,0,24,696,0,34,918,0,34,836,0,39,1017,0,56,919,0,78,1112,0,113,1703,0,76,1575,0,52,2682,0,68,5574,0,129,7231,0,127,5438,0,79,7166,0,77,5095,0,262,10550,0,170,6902,0,324,18683,0,299,15123,0,138,16992,0,407,21573,0,203,58009,0,564,54532,0,574,28370,0,622,110727,0,862,103550,0,683,65156,0,520,157622,0,1306,164581,0,1176,276855,0,1084,218994,0,1287,270190,0,1671,287439,0
-1.05176e+08,1,8.88811e-15,10,1023,0,1.05176e+08,0.528882,1.08665,0.389689,0.145397,0.379329,3.24381,0.161596,0.446195,1.77396,0.159177,1.15e+07,4.49998e+06,6.79999e+06,1.15e+07,4.49997e+06,6.79999e+06,1.15e+07,4.49996e+06,6.79999e+06,1.15e+07,4.49995e+06,6.79999e+06,1.14999e+07,4.49993e+06,6.79999e+06,1.14999e+07,4.49991e+06,6.79999e+06,1.14999e+07,4.49989e+06,6.79999e+06,1.14999e+07,4.49986e+06,6.79999e+06,1.14999e+07,4.49982e+06,6.79999e+06,1.14999e+07,4.49977e+06,6.79999e+06,1.14999e+07,4.49971e+06,6.79999e+06,1.14999e+07,4.49963e+06,6.79999e+06,1.14998e+07,4.49953e+06,6.79999e+06,1.14998e+07,4.49941e+06,6.79999e+06,1.14998e+07,4.49926e+06,6.79999e+06,1.14998e+07,4.49906e+06,6.79999e+06,1.14997e+07,4.49882e+06,6.79999e+06,1.14997e+07,4.49851e+06,6.79999e+06,1.14997e+07,4.49812e+06,6.79999e+06,1.14996e+07,4.49764e+06,6.79999e+06,1.14996e+07,4.49702e+06,6.79999e+06,1.14995e+07,4.49625e+06,6.79999e+06,1.14995e+07,4.49528e+06,6.79999e+06,1.14994e+07,4.49406e+06,6.79999e+06,1.14993e+07,4.49253e+06,6.79999e+06,1.14992e+07,4.49059e+06,6.79999e+06,1.14991e+07,4.48817e+06,6.79999e+06,1.1499e+07,4.48511e+06,6.79999e+06,1.14988e+07,4.48128e+06,6.79999e+06,1.14987e+07,4.47646e+06,6.79999e+06,1.14985e+07,4.47041e+06,6.79999e+06,1.14983e+07,4.46281e+06,6.79999e+06,1.14981e+07,4.4533e+06,6.79999e+06,1.14979e+07,4.44138e+06,6.79999e+06,1.14976e+07,4.42649e+06,6.79999e+06,1.14972e+07,4.40789e+06,6.79999e+06,1.14969e+07,4.38471e+06,6.79999e+06,1.14965e+07,4.35592e+06,6.79999e+06,1.1496e+07,4.32027e+06,6.79999e+06,1.14955e+07,4.27629e+06,6.79999e+06,1.14949e+07,4.22231e+06,6.79999e+06,1.14942e+07,4.15647e+06,6.79999e+06,1.14934e+07,4.07676e+06,6.79999e+06,1.14926e+07,3.98112e+06,6.79999e+06,1.14916e+07,3.86765e+06,6.79999e+06,1.14905e+07,3.73474e+06,6.79999e+06,1.14892e+07,3.58148e+06,6.79999e+06,1.14878e+07,3.40785e+06,6.79999e+06,1.14862e+07,3.21513e+06,6.79999e+06,1.14844e+07,3.00605e+06,6.79999e+06,1.14823e+07,2.7848e+06,6.79999e+06,1.148e+07,2.5568e+06,6.79999e+06,1.14773e+07,2.32825e+06,6.79999e+06,13.5742,8.52444,0.508366,16.8306,13.2585,0.162638,20.0035,17.569,0.0507846,23.2616,22.4214,0.0158319,26.7328,28.3297,0.00493498,30.5212,35.6974,0.00153831,34.7178,44.9473,0.000479527,39.4086,56.5822,0.000149456,44.6796,71.2245,4.66214e-05,50.6209,89.6543,1.45419e-05,57.3297,112.852,4.54748e-06,64.9129,142.051,1.43857e-06,73.4897,178.803,4.36618e-07,83.1934,225.062,1.40153e-07,94.1745,283.286,4.96378e-08,106.602,356.568,1.05434e-07,120.669,448.799,-6.49244e-08,136.59,564.873,1.70148e-07,154.611,710.948,-5.34594e-08,175.008,894.767,1.63407e-07,198.097,1126.06,8.04804e-08,224.231,1417.07,1.14667e-07,253.813,1783.15,-1.71227e-07,287.297,2243.62,-2.88466e-07,325.198,2822.67,-4.33651e-07,368.098,3550.67,7.9318e-08,416.657,4465.65,3.13319e-07,471.621,5615.16,3.4613e-07,533.835,7058.61,-1.19199e-07,604.255,8870.02,-2.79964e-07,683.962,11141.4,-2.30521e-07,774.182,13986.7,-2.55099e-07,876.299,17546.4,1.23585e-07,991.883,21993.1,1.41192e-07,1122.71,27536.7,-9.71886e-08,1270.78,34430.7,-3.68368e-07,1438.38,42977.7,-3.45379e-07,1628.07,53532.7,-3.25328e-09,1842.77,66504.6,2.6362e-07,2085.77,82350.2,2.53445e-07,2360.79,101560,-2.47407e-08,2672.05,124632,-3.80602e-07,3024.31,152018,-4.79005e-07,3422.98,184060,-1.14379e-07,3874.15,220884,2.64297e-07,4384.72,262283,3.44131e-07,4962.49,307576,7.5349e-08,5616.29,355497,-3.63097e-07,6356.1,404126,-6.05442e-07,7193.18,450932,-2.72333e-07,8140.28,492963,2.29675e-07,9211.79,527178,4.3387e-07,10424,550893,-1.0711e-07,10.102,8.06553,2.81012,10.6436,8.57909,0.869423,11.5336,10.2515,0.270869,12.7211,12.7138,0.0844293,14.1823,15.9373,0.0263173,15.9122,20.0383,0.0082035,17.9198,25.2154,0.00255722,20.2244,31.7373,0.000797017,22.8539,39.9486,0.000248622,25.8438,50.2851,7.75492e-05,29.237,63.2963,2.42508e-05,33.0837,79.6738,7.67162e-06,37.4415,100.288,2.32837e-06,42.3767,126.236,7.33e-07,47.9646,158.896,2.79256e-07,54.2906,200.003,9.87351e-09,61.452,251.741,1.61085e-07,69.5585,316.859,-2.47141e-07,78.7347,398.812,8.93552e-08,89.1218,501.948,-2.53231e-07,100.879,631.736,-1.25047e-07,114.188,795.049,-1.78808e-07,129.252,1000.53,2.6733e-07,146.304,1259.03,4.50292e-07,165.605,1584.19,6.76904e-07,187.452,1993.12,-1.23808e-07,212.181,2507.27,-4.89068e-07,240.173,3153.54,-5.40284e-07,271.856,3965.56,1.86061e-07,307.719,4985.38,4.37004e-07,348.313,6265.4,3.59828e-07,394.26,7870.83,3.98192e-07,446.268,9882.51,-1.92908e-07,505.135,12400.3,-2.20392e-07,571.766,15546.9,1.51705e-07,647.184,19472.2,5.74996e-07,732.547,24357.4,5.39112e-07,829.167,30420,5.07815e-09,938.526,37916.3,-4.11492e-07,1062.3,47143.9,-3.9561e-07,1202.4,58439.2,3.86185e-08,1360.96,72169.3,5.94093e-07,1540.42,88715.8,7.47693e-07,1743.53,108445,1.78537e-07,1973.41,131665,-4.12549e-07,2233.57,158557,-5.37164e-07,2528,189103,-1.17615e-07,2861.2,222986,5.66769e-07,3238.27,259510,9.45053e-07,3664.97,297540,4.25093e-07,4147.81,335497,-3.58506e-07,4694.17,371444,-6.7724e-07,5312.37,403256,1.67192e-07,1.61744,3.89446,9.84394,3.28846,7.5504,12.774,5.07607,11.7187,13.6844,7.03202,16.8147,13.9681,9.20215,23.1769,14.0566,11.6301,31.1672,14.0841,14.3598,41.2186,14.0927,17.4376,53.8688,14.0954,20.9137,69.7915,14.0962,24.8432,89.8341,14.0965,29.2879,115.063,14.0966,34.3168,146.819,14.0966,40.0078,186.792,14.0966,46.4487,237.107,14.0966,53.7388,300.44,14.0966,61.9903,380.158,14.0966,71.3301,480.499,14.0966,81.902,606.796,14.0966,93.8685,765.761,14.0966,107.414,965.837,14.0966,122.746,1217.65,14.0966,140.101,1534.57,14.0966,159.745,1933.41,14.0966,181.981,2435.3,14.0966,207.15,3066.85,14.0966,235.64,3861.46,14.0966,267.889,4861.11,14.0966,304.391,6118.54,14.0966,345.709,7699.91,14.0966,392.478,9688.22,14.0966,445.417,12187.5,14.0966,505.339,15327.7,14.0966,573.165,19271.6,14.0966,649.938,24222,14.0966,736.839,30430.9,14.0966,835.202,38211.5,14.0966,946.539,47950.3,14.0966,1072.56,60122.8,14.0966,1215.21,75309.9,14.0966,1376.66,94216.2,14.0966,1559.41,117688,14.0966,1766.26,146729,14.0966,2000.39,182510,14.0966,2265.39,226372,14.0966,2565.33,279806,14.0966,2904.81,344416,14.0966,3289.05,421845,14.0966,3723.93,513667,14.0966,4216.13,621231,14.0966,4773.18,745478,14.0966,5403.64,886744,14.0966,6117.15,1.04457e+06,14.0966,6924.63,1.2176e+06,14.0966,11.7194,11.96,12.6541,13.9321,16.1295,13.6434,16.6097,21.9702,13.9553,19.7532,29.5285,14.0526,23.3844,39.1143,14.0829,27.5423,51.2054,14.0923,32.2796,66.434,14.0953,37.662,85.6061,14.0962,43.7675,109.74,14.0965,50.687,140.119,14.0966,58.5249,178.359,14.0966,67.4005,226.493,14.0966,77.4493,287.08,14.0966,88.8254,363.343,14.0966,101.703,459.336,14.0966,116.281,580.161,14.0966,132.782,732.241,14.0966,151.46,923.655,14.0966,172.603,1164.57,14.0966,196.535,1467.79,14.0966,223.625,1849.39,14.0966,254.288,2329.62,14.0966,288.997,2933.93,14.0966,328.285,3694.33,14.0966,372.755,4651.04,14.0966,423.092,5854.57,14.0966,480.07,7368.38,14.0966,544.564,9272.08,14.0966,617.566,11665.5,14.0966,700.197,14673.6,14.0966,793.729,18452.9,14.0966,899.599,23198.6,14.0966,1019.43,29154.1,14.0966,1155.07,36622.3,14.0966,1308.6,45977.9,14.0966,1482.39,57683.7,14.0966,1679.09,72307.8,14.0966,1901.73,90542.8,14.0966,2153.73,113226,14.0966,2438.97,141360,14.0966,2761.81,176127,14.0966,3127.22,218898,14.0966,3540.81,271226,14.0966,4008.92,334817,14.0966,4538.74,411470,14.0966,5138.38,502973,14.0966,5817.04,610948,14.0966,6585.12,736653,14.0966,7454.39,880741,14.0966,8438.15,1.04302e+06,14.0966,9551.45,1.22224e+06,14.0966,10811.3,1.41602e+06,14.0966,12237,1.62086e+06,14.0966,11.7194,11.96,12.6541,2.21263,4.16949,0.989383,2.67766,5.84076,0.311842,3.14343,7.55825,0.0972771,3.63127,9.58578,0.0303237,4.15787,12.0912,0.00945211,4.73731,15.2286,0.00294633,5.38238,19.1721,0.000918508,6.10553,24.134,0.000286163,6.91951,30.3791,8.92692e-05,7.83792,38.2397,2.78121e-05,8.87555,48.1338,8.65134e-06,10.0489,60.5876,2.7882e-06,11.3761,76.2629,8.29036e-07,12.8779,95.9927,2.4373e-07,14.5775,120.825,4.33068e-09,16.5012,152.08,1.75749e-07,18.6784,191.415,-1.86328e-07,21.1428,240.917,1.91829e-07,23.9322,303.213,-1.81475e-07,27.0895,381.602,7.0186e-08,30.6634,480.231,-2.86769e-08,34.7087,604.316,2.40784e-07,39.2876,760.401,9.87368e-08,44.4705,956.705,1.22263e-07,50.3371,1203.54,-4.31966e-07,56.9776,1513.81,-1.9705e-07,64.494,1903.69,-2.763e-08,73.0018,2393.4,3.9185e-07,82.6317,3008.13,1.35379e-07,93.5318,3779.25,-4.16351e-08,105.869,4745.7,2.06965e-08,119.834,5955.6,-3.18887e-07,135.641,7468.12,-1.48271e-08,153.531,9355.62,2.00739e-07,173.781,11705.8,2.28358e-07,196.701,14624.1,-1.93587e-08,222.642,18235,-2.88101e-07,252.003,22683.4,-2.24732e-07,285.234,28134,8.56806e-09,322.845,34767,2.34258e-07,365.413,42770.9,2.99668e-07,413.588,52327.9,8.28644e-08,468.111,63591.2,-3.07049e-07,529.814,76653.2,-3.1888e-07,599.642,91502.5,-6.72276e-08,678.662,107975,2.26339e-07,768.083,125705,3.69212e-07,869.267,144088,2.04077e-07,983.76,162277,-2.80509e-07,1113.3,179223,-4.22737e-07,1259.87,193777,-1.71951e-07,1425.68,204839,4.55555e-07,11.7194,11.96,12.6541,2.21263,4.16949,0.989383,2.67766,5.84076,0.311842,3.14343,7.55825,0.0972771,3.63127,9.58578,0.0303237,4.15787,12.0912,0.00945211,4.73731,15.2286,0.00294633,5.38238,19.1721,0.000918508,6.10553,24.134,0.000286163,6.91951,30.3791,8.92692e-05,7.83792,38.2397,2.78121e-05,8.87555,48.1338,8.65134e-06,10.0489,60.5876,2.7882e-06,11.3761,76.2629,8.29036e-07,12.8779,95.9927,2.4373e-07,14.5775,120.825,1e-08,16.5012,152.08,1.75749e-07,18.6784,191.415,1e-08,21.1428,240.917,1.91829e-07,23.9322,303.213,1e-08,27.0895,381.602,7.0186e-08,30.6634,480.231,1e-08,34.7087,604.316,2.40784e-07,39.2876,760.401,9.87368e-08,44.4705,956.705,1.22263e-07,50.3371,1203.54,1e-08,56.9776,1513.81,1e-08,64.494,1903.69,1e-08,73.0018,2393.4,3.9185e-07,82.6317,3008.13,1.35379e-07,93.5318,3779.25,1e-08,105.869,4745.7,2.06965e-08,119.834,5955.6,1e-08,135.641,7468.12,1e-08,153.531,9355.62,2.00739e-07,173.781,11705.8,2.28358e-07,196.701,14624.1,1e-08,222.642,18235,1e-08,252.003,22683.4,1e-08,285.234,28134,1e-08,322.845,34767,2.34258e-07,365.413,42770.9,2.99668e-07,413.588,52327.9,8.28644e-08,468.111,63591.2,1e-08,529.814,76653.2,1e-08,599.642,91502.5,1e-08,678.662,107975,2.26339e-07,768.083,125705,3.69212e-07,869.267,144088,2.04077e-07,983.76,162277,1e-08,1113.3,179223,1e-08,1259.87,193777,1e-08,1425.68,204839,4.55555e-07,6.2823,3.27286,2.43537,0.219672,6.18826,2.24117,0.56371,6.87772,2.63624,0.308279,13,11,8,0,2,0,2,7,0,6,10,0,1,5,0,4,6,0,2,18,0,7,17,0,2,36,0,9,37,0,5,41,0,7,32,0,7,60,0,8,63,0,13,71,0,11,180,0,24,143,0,17,148,0,29,283,0,24,363,0,31,213,0,16,683,0,31,533,0,77,575,0,54,742,0,64,959,0,34,953,0,44,2284,0,68,3108,0,92,3586,0,59,5536,0,35,2687,0,137,5005,0,191,11048,0,151,7664,0,234,14981,0,273,7396,0,148,26245,0,140,16538,0,337,33470,0,357,37093,0,384,44007,0,135,65560,0,737,27751,0,413,62335,0,577,64386,0,495,88997,0,685,140498,0,1062,150469,0,1123,117182,0,1435,233558,0,1332,173319,0,493,322296,0
-1.05176e+08,1,8.88811e-15,10,1023,0,1.05176e+08,0.528882,1.08665,0.389689,0.145397,0.379329,3.24381,0.161596,0.446195,1.77396,0.159177,1.15e+07,4.49998e+06,6.79999e+06,1.15e+07,4.49997e+06,6.79999e+06,1.15e+07,4.49996e+06,6.79999e+06,1.15e+07,4.49995e+06,6.79999e+06,1.14999e+07,4.49993e+06,6.79999e+06,1.14999e+07,4.49991e+06,6.79999e+06,1.14999e+07,4.49989e+06,6.79999e+06,1.14999e+07,4.49986e+06,6.79999e+06,1.14999e+07,4.49982e+06,6.79999e+06,1.14999e+07,4.49977e+06,6.79999e+06,1.14999e+07,4.49971e+06,6.79999e+06,1.14999e+07,4.49963e+06,6.79999e+06,1.14998e+07,4.49953e+06,6.79999e+06,1.14998e+07,4.49941e+06,6.79999e+06,1.14998e+07,4.49926e+06,6.79999e+06,1.14998e+07,4.49906e+06,6.79999e+06,1.14997e+07,4.49882e+06,6.79999e+06,1.14997e+07,4.49851e+06,6.79999e+06,1.14997e+07,4.49812e+06,6.79999e+06,1.14996e+07,4.49764e+06,6.79999e+06,1.14996e+07,4.49702e+06,6.79999e+06,1.14995e+07,4.49625e+06,6.79999e+06,1.14995e+07,4.49528e+06,6.79999e+06,1.14994e+07,4.49406e+06,6.79999e+06,1.14993e+07,4.49253e+06,6.79999e+06,1.14992e+07,4.49059e+06,6.79999e+06,1.14991e+07,4.48817e+06,6.79999e+06,1.1499e+07,4.48511e+06,6.79999e+06,1.14988e+07,4.48128e+06,6.79999e+06,1.14987e+07,4.47646e+06,6.79999e+06,1.14985e+07,4.47041e+06,6.79999e+06,1.14983e+07,4.46281e+06,6.79999e+06,1.14981e+07,4.4533e+06,6.79999e+06,1.14979e+07,4.44138e+06,6.79999e+06,1.14976e+07,4.42649e+06,6.79999e+06,1.14972e+07,4.40789e+06,6.79999e+06,1.14969e+07,4.38471e+06,6.79999e+06,1.14965e+07,4.35592e+06,6.79999e+06,1.1496e+07,4.32027e+06,6.79999e+06,1.14955e+07,4.27629e+06,6.79999e+06,1.14949e+07,4.22231e+06,6.79999e+06,1.14942e+07,4.15647e+06,6.79999e+06,1.14934e+07,4.07676e+06,6.79999e+06,1.14926e+07,3.98112e+06,6.79999e+06,1.14916e+07,3.86765e+06,6.79999e+06,1.14905e+07,3.73474e+06,6.79999e+06,1.14892e+07,3.58148e+06,6.79999e+06,1.14878e+07,3.40785e+06,6.79999e+06,1.14862e+07,3.21513e+06,6.79999e+06,1.14844e+07,3.00605e+06,6.79999e+06,1.14823e+07,2.7848e+06,6.79999e+06,1.148e+07,2.5568e+06,6.79999e+06,1.14773e+07,2.32825e+06,6.79999e+06,13.5742,8.52444,0.508366,16.8306,13.2585,0.162638,20.0035,17.569,0.0507846,23.2616,22.4214,0.0158319,26.7328,28.3297,0.00493498,30.5212,35.6974,0.00153831,34.7178,44.9473,0.000479527,39.4086,56.5822,0.000149456,44.6796,71.2245,4.66214e-05,50.6209,89.6543,1.45419e-05,57.3297,112.852,4.54748e-06,64.9129,142.051,1.43857e-06,73.4897,178.803,4.36618e-07,83.1934,225.062,1.40153e-07,94.1745,283.286,4.96378e-08,106.602,356.568,1.05434e-07,120.669,448.799,-6.49244e-08,136.59,564.873,1.70148e-07,154.611,710.948,-5.34594e-08,175.008,894.767,1.63407e-07,198.097,1126.06,8.04804e-08,224.231,1417.07,1.14667e-07,253.813,1783.15,-1.71227e-07,287.297,2243.62,-2.88466e-07,325.198,2822.67,-4.33651e-07,368.098,3550.67,7.9318e-08,416.657,4465.65,3.13319e-07,471.621,5615.16,3.4613e-07,533.835,7058.61,-1.19199e-07,604.255,8870.02,-2.79964e-07,683.962,11141.4,-2.30521e-07,774.182,13986.7,-2.55099e-07,876.299,17546.4,1.23585e-07,991.883,21993.1,1.41192e-07,1122.71,27536.7,-9.71886e-08,1270.78,34430.7,-3.68368e-07,1438.38,42977.7,-3.45379e-07,1628.07,53532.7,-3.25328e-09,1842.77,66504.6,2.6362e-07,2085.77,82350.2,2.53445e-07,2360.79,101560,-2.47407e-08,2672.05,124632,-3.80602e-07,3024.31,152018,-4.79005e-07,3422.98,184060,-1.14379e-07,3874.15,220884,2.64297e-07,4384.72,262283,3.44131e-07,4962.49,307576,7.5349e-08,5616.29,355497,-3.63097e-07,6356.1,404126,-6.05442e-07,7193.18,450932,-2.72333e-07,8140.28,492963,2.29675e-07,9211.79,527178,4.3387e-07,10424,550893,-1.0711e-07,10.102,8.06553,2.81012,10.6436,8.57909,0.869423,11.5336,10.2515,0.270869,12.7211,12.7138,0.0844293,14.1823,15.9373,0.0263173,15.9122,20.0383,0.0082035,17.9198,25.2154,0.00255722,20.2244,31.7373,0.000797017,22.8539,39.9486,0.000248622,25.8438,50.2851,7.75492e-05,29.237,63.2963,2.42508e-05,33.0837,79.6738,7.67162e-06,37.4415,100.288,2.32837e-06,42.3767,126.236,7.33e-07,47.9646,158.896,2.79256e-07,54.2906,200.003,9.87351e-09,61.452,251.741,1.61085e-07,69.5585,316.859,-2.47141e-07,78.7347,398.812,8.93552e-08,89.1218,501.948,-2.53231e-07,100.879,631.736,-1.25047e-07,114.188,795.049,-1.78808e-07,129.252,1000.53,2.6733e-07,146.304,1259.03,4.50292e-07,165.605,1584.19,6.76904e-07,187.452,1993.12,-1.23808e-07,212.181,2507.27,-4.89068e-07,240.173,3153.54,-5.40284e-07,271.856,3965.56,1.86061e-07,307.719,4985.38,4.37004e-07,348.313,6265.4,3.59828e-07,394.26,7870.83,3.98192e-07,446.268,9882.51,-1.92908e-07,505.135,12400.3,-2.20392e-07,571.766,15546.9,1.51705e-07,647.184,19472.2,5.74996e-07,732.547,24357.4,5.39112e-07,829.167,30420,5.07815e-09,938.526,37916.3,-4.11492e-07,1062.3,47143.9,-3.9561e-07,1202.4,58439.2,3.86185e-08,1360.96,72169.3,5.94093e-07,1540.42,88715.8,7.47693e-07,1743.53,108445,1.78537e-07,1973.41,131665,-4.12549e-07,2233.57,158557,-5.37164e-07,2528,189103,-1.17615e-07,2861.2,222986,5.66769e-07,3238.27,259510,9.45053e-07,3664.97,297540,4.25093e-07,4147.81,335497,-3.58506e-07,4694.17,371444,-6.7724e-07,5312.37,403256,1.67192e-07,1.61744,3.89446,9.84394,3.28846,7.5504,12.774,5.07607,11.7187,13.6844,7.03202,16.8147,13.9681,9.20215,23.1769,14.0566,11.6301,31.1672,14.0841,14.3598,41.2186,14.0927,17.4376,53.8688,14.0954,20.9137,69.7915,14.0962,24.8432,89.8341,14.0965,29.2879,115.063,14.0966,34.3168,146.819,14.0966,40.0078,186.792,14.0966,46.4487,237.107,14.0966,53.7388,300.44,14.0966,61.9903,380.158,14.0966,71.3301,480.499,14.0966,81.902,606.796,14.0966,93.8685,765.761,14.0966,107.414,965.837,14.0966,122.746,1217.65,14.0966,140.101,1534.57,14.0966,159.745,1933.41,14.0966,181.981,2435.3,14.0966,207.15,3066.85,14.0966,235.64,3861.46,14.0966,267.889,4861.11,14.0966,304.391,6118.54,14.0966,345.709,7699.91,14.0966,392.478,9688.22,14.0966,445.417,12187.5,14.0966,505.339,15327.7,14.0966,573.165,19271.6,14.0966,649.938,24222,14.0966,736.839,30430.9,14.0966,835.202,38211.5,14.0966,946.539,47950.3,14.0966,1072.56,60122.8,14.0966,1215.21,75309.9,14.0966,1376.66,94216.2,14.0966,1559.41,117688,14.0966,1766.26,146729,14.0966,2000.39,182510,14.0966,2265.39,226372,14.0966,2565.33,279806,14.0966,2904.81,344416,14.0966,3289.05,421845,14.0966,3723.93,513667,14.0966,4216.13,621231,14.0966,4773.18,745478,14.0966,5403.64,886744,14.0966,6117.15,1.04457e+06,14.0966,6924.63,1.2176e+06,14.0966,11.7194,11.96,12.6541,13.9321,16.1295,13.6434,16.6097,21.9702,13.9553,19.7532,29.5285,14.0526,23.3844,39.1143,14.0829,27.5423,51.2054,14.0923,32.2796,66.434,14.0953,37.662,85.6061,14.0962,43.7675,109.74,14.0965,50.687,140.119,14.0966,58.5249,178.359,14.0966,67.4005,226.493,14.0966,77.4493,287.08,14.0966,88.8254,363.343,14.0966,101.703,459.336,14.0966,116.281,580.161,14.0966,132.782,732.241,14.0966,151.46,923.655,14.0966,172.603,1164.57,14.0966,196.535,1467.79,14.0966,223.625,1849.39,14.0966,254.288,2329.62,14.0966,288.997,2933.93,14.0966,328.285,3694.33,14.0966,372.755,4651.04,14.0966,423.092,5854.57,14.0966,480.07,7368.38,14.0966,544.564,9272.08,14.0966,617.566,11665.5,14.0966,700.197,14673.6,14.0966,793.729,18452.9,14.0966,899.599,23198.6,14.0966,1019.43,29154.1,14.0966,1155.07,36622.3,14.0966,1308.6,45977.9,14.0966,1482.39,57683.7,14.0966,1679.09,72307.8,14.0966,1901.73,90542.8,14.0966,2153.73,113226,14.0966,2438.97,141360,14.0966,2761.81,176127,14.0966,3127.22,218898,14.0966,3540.81,271226,14.0966,4008.92,334817,14.0966,4538.74,411470,14.0966,5138.38,502973,14.0966,5817.04,610948,14.0966,6585.12,736653,14.0966,7454.39,880741,14.0966,8438.15,1.04302e+06,14.0966,9551.45,1.22224e+06,14.0966,10811.3,1.41602e+06,14.0966,12237,1.62086e+06,14.0966,11.7194,11.96,12.6541,2.21263,4.16949,0.989383,2.67766,5.84076,0.311842,3.14343,7.55825,0.0972771,3.63127,9.58578,0.0303237,4.15787,12.0912,0.00945211,4.73731,15.2286,0.00294633,5.38238,19.1721,0.000918508,6.10553,24.134,0.000286163,6.91951,30.3791,8.92692e-05,7.83792,38.2397,2.78121e-05,8.87555,48.1338,8.65134e-06,10.0489,60.5876,2.7882e-06,11.3761,76.2629,8.29036e-07,12.8779,95.9927,2.4373e-07,14.5775,120.825,4.33068e-09,16.5012,152.08,1.75749e-07,18.6784,191.415,-1.86328e-07,21.1428,240.917,1.91829e-07,23.9322,303.213,-1.81475e-07,27.0895,381.602,7.0186e-08,30.6634,480.231,-2.86769e-08,34.7087,604.316,2.40784e-07,39.2876,760.401,9.87368e-08,44.4705,956.705,1.22263e-07,50.3371,1203.54,-4.31966e-07,56.9776,1513.81,-1.9705e-07,64.494,1903.69,-2.763e-08,73.0018,2393.4,3.9185e-07,82.6317,3008.13,1.35379e-07,93.5318,3779.25,-4.16351e-08,105.869,4745.7,2.06965e-08,119.834,5955.6,-3.18887e-07,135.641,7468.12,-1.48271e-08,153.531,9355.62,2.00739e-07,173.781,11705.8,2.28358e-07,196.701,14624.1,-1.93587e-08,222.642,18235,-2.88101e-07,252.003,22683.4,-2.24732e-07,285.234,28134,8.56806e-09,322.845,34767,2.34258e-07,365.413,42770.9,2.99668e-07,413.588,52327.9,8.28644e-08,468.111,63591.2,-3.07049e-07,529.814,76653.2,-3.1888e-07,599.642,91502.5,-6.72276e-08,678.662,107975,2.26339e-07,768.083,125705,3.69212e-07,869.267,144088,2.04077e-07,983.76,162277,-2.80509e-07,1113.3,179223,-4.22737e-07,1259.87,193777,-1.71951e-07,1425.68,204839,4.55555e-07,11.7194,11.96,12.6541,2.21263,4.16949,0.989383,2.67766,5.84076,0.311842,3.14343,7.55825,0.0972771,3.63127,9.58578,0.0303237,4.15787,12.0912,0.00945211,4.73731,15.2286,0.00294633,5.38238,19.1721,0.000918508,6.10553,24.134,0.000286163,6.91951,30.3791,8.92692e-05,7.83792,38.2397,2.78121e-05,8.87555,48.1338,8.65134e-06,10.0489,60.5876,2.7882e-06,11.3761,76.2629,8.29036e-07,12.8779,95.9927,2.4373e-07,14.5775,120.825,1e-08,16.5012,152.08,1.75749e-07,18.6784,191.415,1e-08,21.1428,240.917,1.91829e-07,23.9322,303.213,1e-08,27.0895,381.602,7.0186e-08,30.6634,480.231,1e-08,34.7087,604.316,2.40784e-07,39.2876,760.401,9.87368e-08,44.4705,956.705,1.22263e-07,50.3371,1203.54,1e-08,56.9776,1513.81,1e-08,64.494,1903.69,1e-08,73.0018,2393.4,3.9185e-07,82.6317,3008.13,1.35379e-07,93.5318,3779.25,1e-08,105.869,4745.7,2.06965e-08,119.834,5955.6,1e-08,135.641,7468.12,1e-08,153.531,9355.62,2.00739e-07,173.781,11705.8,2.28358e-07,196.701,14624.1,1e-08,222.642,18235,1e-08,252.003,22683.4,1e-08,285.234,28134,1e-08,322.845,34767,2.34258e-07,365.413,42770.9,2.99668e-07,413.588,52327.9,8.28644e-08,468.111,63591.2,1e-08,529.814,76653.2,1e-08,599.642,91502.5,1e-08,678.662,107975,2.26339e-07,768.083,125705,3.69212e-07,869.267,144088,2.04077e-07,983.76,162277,1e-08,1113.3,179223,1e-08,1259.87,193777,1e-08,1425.68,204839,4.55555e-07,6.2823,3.27286,2.43537,0.219672,6.18826,2.24117,0.56371,6.87772,2.63624,0.308279,14,15,19,0,0,0,1,10,2,2,6,0,4,4,0,4,15,0,5,35,0,4,20,0,6,12,0,9,30,0,9,39,0,9,17,0,10,64,0,6,73,0,11,97,0,3,159,0,16,108,0,9,212,0,14,87,0,32,259,0,34,268,0,38,348,0,32,590,0,39,1083,0,42,781,0,44,1027,0,53,353,0,72,3108,0,47,2906,0,86,1644,0,91,3214,0,45,6102,0,89,7417,0,149,8945,0,166,9144,0,142,21332,0,274,8437,0,155,22824,0,388,17915,0,429,20524,0,232,27192,0,444,50096,0,723,26053,0,587,60665,0,427,93956,0,791,76860,0,396,170618,0,719,190405,0,1158,125718,0,795,184991,0,1299,195925,0,478,434720,0,1900,279554,0
-1.05176e+08,3.03664e-61,8.88811e-15,10,1023,0,1.05176e+08,0.528882,1.08665,0.389689,0.145397,0.379329,3.24381,0.161596,0.446195,1.77396,0.159177,1.15e+07,4.49998e+06,6.79999e+06,1.15e+07,4.49997e+06,6.79999e+06,1.15e+07,4.49996e+06,6.79999e+06,1.15e+07,4.49995e+06,6.79999e+06,1.14999e+07,4.49993e+06,6.79999e+06,1.14999e+07,4.49991e+06,6.79999e+06,1.14999e+07,4.49989e+06,6.79999e+06,1.14999e+07,4.49986e+06,6.79999e+06,1.14999e+07,4.49982e+06,6.79999e+06,1.14999e+07,4.49977e+06,6.79999e+06,1.14999e+07,4.49971e+06,6.79999e+06,1.14999e+07,4.49963e+06,6.79999e+06,1.14998e+07,4.49953e+06,6.79999e+06,1.14998e+07,4.49941e+06,6.79999e+06,1.14998e+07,4.49926e+06,6.79999e+06,1.14998e+07,4.49906e+06,6.79999e+06,1.14997e+07,4.49882e+06,6.79999e+06,1.14997e+07,4.49851e+06,6.79999e+06,1.14997e+07,4.49812e+06,6.79999e+06,1.14996e+07,4.49764e+06,6.79999e+06,1.14996e+07,4.49702e+06,6.79999e+06,1.14995e+07,4.49625e+06,6.79999e+06,1.14995e+07,4.49528e+06,6.79999e+06,1.14994e+07,4.49406e+06,6.79999e+06,1.14993e+07,4.49253e+06,6.79999e+06,1.14992e+07,4.49059e+06,6.79999e+06,1.14991e+07,4.48817e+06,6.79999e+06,1.1499e+07,4.48511e+06,6.79999e+06,1.14988e+07,4.48128e+06,6.79999e+06,1.14987e+07,4.47646e+06,6.79999e+06,1.14985e+07,4.47041e+06,6.79999e+06,1.14983e+07,4.46281e+06,6.79999e+06,1.14981e+07,4.4533e+06,6.79999e+06,1.14979e+07,4.44138e+06,6.79999e+06,1.14976e+07,4.42649e+06,6.79999e+06,1.14972e+07,4.40789e+06,6.79999e+06,1.14969e+07,4.38471e+06,6.79999e+06,1.14965e+07,4.35592e+06,6.79999e+06,1.1496e+07,4.32027e+06,6.79999e+06,1.14955e+07,4.27629e+06,6.79999e+06,1.14949e+07,4.22231e+06,6.79999e+06,1.14942e+07,4.15647e+06,6.79999e+06,1.14934e+07,4.07676e+06,6.79999e+06,1.14926e+07,3.98112e+06,6.79999e+06,1.14916e+07,3.86765e+06,6.79999e+06,1.14905e+07,3.73474e+06,6.79999e+06,1.14892e+07,3.58148e+06,6.79999e+06,1.14878e+07,3.40785e+06,6.79999e+06,1.14862e+07,3.21513e+06,6.79999e+06,1.14844e+07,3.00605e+06,6.79999e+06,1.14823e+07,2.7848e+06,6.79999e+06,1.148e+07,2.5568e+06,6.79999e+06,1.14773e+07,2.32825e+06,6.79999e+06,13.5742,8.52444,0.508366,16.8306,13.2585,0.162638,20.0035,17.569,0.0507846,23.2616,22.4214,0.0158319,26.7328,28.3297,0.00493498,30.5212,35.6974,0.00153831,34.7178,44.9473,0.000479527,39.4086,56.5822,0.000149456,44.6796,71.2245,4.66214e-05,50.6209,89.6543,1.45419e-05,57.3297,112.852,4.54748e-06,64.9129,142.051,1.43857e-06,73.4897,178.803,4.36618e-07,83.1934,225.062,1.40153e-07,94.1745,283.286,4.96378e-08,106.602,356.568,1.05434e-07,120.669,448.799,-6.49244e-08,136.59,564.873,1.70148e-07,154.611,710.948,-5.34594e-08,175.008,894.767,1.63407e-07,198.097,1126.06,8.04804e-08,224.231,1417.07,1.14667e-07,253.813,1783.15,-1.71227e-07,287.297,2243.62,-2.88466e-07,325.198,2822.67,-4.33651e-07,368.098,3550.67,7.9318e-08,416.657,4465.65,3.13319e-07,471.621,5615.16,3.4613e-07,533.835,7058.61,-1.19199e-07,604.255,8870.02,-2.79964e-07,683.962,11141.4,-2.30521e-07,774.182,13986.7,-2.55099e-07,876.299,17546.4,1.23585e-07,991.883,21993.1,1.41192e-07,1122.71,27536.7,-9.71886e-08,1270.78,34430.7,-3.68368e-07,1438.38,42977.7,-3.45379e-07,1628.07,53532.7,-3.25328e-09,1842.77,66504.6,2.6362e-07,2085.77,82350.2,2.53445e-07,2360.79,101560,-2.47407e-08,2672.05,124632,-3.80602e-07,3024.31,152018,-4.79005e-07,3422.98,184060,-1.14379e-07,3874.15,220884,2.64297e-07,4384.72,262283,3.44131e-07,4962.49,307576,7.5349e-08,5616.29,355497,-3.63097e-07,6356.1,404126,-6.05442e-07,7193.18,450932,-2.72333e-07,8140.28,492963,2.29675e-07,9211.79,527178,4.3387e-07,10424,550893,-1.0711e-07,10.102,8.06553,2.81012,10.6436,8.57909,0.869423,11.5336,10.2515,0.270869,12.7211,12.7138,0.0844293,14.1823,15.9373,0.0263173,15.9122,20.0383,0.0082035,17.9198,25.2154,0.00255722,20.2244,31.7373,0.000797017,22.8539,39.9486,0.000248622,25.8438,50.2851,7.75492e-05,29.237,63.2963,2.42508e-05,33.0837,79.6738,7.67162e-06,37.4415,100.288,2.32837e-06,42.3767,126.236,7.33e-07,47.9646,158.896,2.79256e-07,54.2906,200.003,9.87351e-09,61.452,251.741,1.61085e-07,69.5585,316.859,-2.47141e-07,78.7347,398.812,8.93552e-08,89.1218,501.948,-2.53231e-07,100.879,631.736,-1.25047e-07,114.188,795.049,-1.78808e-07,129.252,1000.53,2.6733e-07,146.304,1259.03,4.50292e-07,165.605,1584.19,6.76904e-07,187.452,1993.12,-1.23808e-07,212.181,2507.27,-4.89068e-07,240.173,3153.54,-5.40284e-07,271.856,3965.56,1.86061e-07,307.719,4985.38,4.37004e-07,348.313,6265.4,3.59828e-07,394.26,7870.83,3.98192e-07,446.268,9882.51,-1.92908e-07,505.135,12400.3,-2.20392e-07,571.766,15546.9,1.51705e-07,647.184,19472.2,5.74996e-07,732.547,24357.4,5.39112e-07,829.167,30420,5.07815e-09,938.526,37916.3,-4.11492e-07,1062.3,47143.9,-3.9561e-07,1202.4,58439.2,3.86185e-08,1360.96,72169.3,5.94093e-07,1540.42,88715.8,7.47693e-07,1743.53,108445,1.78537e-07,1973.41,131665,-4.12549e-07,2233.57,158557,-5.37164e-07,2528,189103,-1.17615e-07,2861.2,222986,5.66769e-07,3238.27,259510,9.45053e-07,3664.97,297540,4.25093e-07,4147.81,335497,-3.58506e-07,4694.17,371444,-6.7724e-07,5312.37,403256,1.67192e-07,1.61744,3.89446,9.84394,3.28846,7.5504,12.774,5.07607,11.7187,13.6844,7.03202,16.8147,13.9681,9.20215,23.1769,14.0566,11.6301,31.1672,14.0841,14.3598,41.2186,14.0927,17.4376,53.8688,14.0954,20.9137,69.7915,14.0962,24.8432,89.8341,14.0965,29.2879,115.063,14.0966,34.3168,146.819,14.0966,40.0078,186.792,14.0966,46.4487,237.107,14.0966,53.7388,300.44,14.0966,61.9903,380.158,14.0966,71.3301,480.499,14.0966,81.902,606.796,14.0966,93.8685,765.761,14.0966,107.414,965.837,14.0966,122.746,1217.65,14.0966,140.101,1534.57,14.0966,159.745,1933.41,14.0966,181.981,2435.3,14.0966,207.15,3066.85,14.0966,235.64,3861.46,14.0966,267.889,4861.11,14.0966,304.391,6118.54,14.0966,345.709,7699.91,14.0966,392.478,9688.22,14.0966,445.417,12187.5,14.0966,505.339,15327.7,14.0966,573.165,19271.6,14.0966,649.938,24222,14.0966,736.839,30430.9,14.0966,835.202,38211.5,14.0966,946.539,47950.3,14.0966,1072.56,60122.8,14.0966,1215.21,75309.9,14.0966,1376.66,94216.2,14.0966,1559.41,117688,14.0966,1766.26,146729,14.0966,2000.39,182510,14.0966,2265.39,226372,14.0966,2565.33,279806,14.0966,2904.81,344416,14.0966,3289.05,421845,14.0966,3723.93,513667,14.0966,4216.13,621231,14.0966,4773.18,745478,14.0966,5403.64,886744,14.0966,6117.15,1.04457e+06,14.0966,6924.63,1.2176e+06,14.0966,11.7194,11.96,12.6541,13.9321,16.1295,13.6434,16.6097,21.9702,13.9553,19.7532,29.5285,14.0526,23.3844,39.1143,14.0829,27.5423,51.2054,14.0923,32.2796,66.434,14.0953,37.662,85.6061,14.0962,43.7675,109.74,14.0965,50.687,140.119,14.0966,58.5249,178.359,14.0966,67.4005,226.493,14.0966,77.4493,287.08,14.0966,88.8254,363.343,14.0966,101.703,459.336,14.0966,116.281,580.161,14.0966,132.782,732.241,14.0966,151.46,923.655,14.0966,172.603,1164.57,14.0966,196.535,1467.79,14.0966,223.625,1849.39,14.0966,254.288,2329.62,14.0966,288.997,2933.93,14.0966,328.285,3694.33,14.0966,372.755,4651.04,14.0966,423.092,5854.57,14.0966,480.07,7368.38,14.0966,544.564,9272.08,14.0966,617.566,11665.5,14.0966,700.197,14673.6,14.0966,793.729,18452.9,14.0966,899.599,23198.6,14.0966,1019.43,29154.1,14.0966,1155.07,36622.3,14.0966,1308.6,45977.9,14.0966,1482.39,57683.7,14.0966,1679.09,72307.8,14.0966,1901.73,90542.8,14.0966,2153.73,113226,14.0966,2438.97,141360,14.0966,2761.81,176127,14.0966,3127.22,218898,14.0966,3540.81,271226,14.0966,4008.92,334817,14.0966,4538.74,411470,14.0966,5138.38,502973,14.0966,5817.04,610948,14.0966,6585.12,736653,14.0966,7454.39,880741,14.0966,8438.15,1.04302e+06,14.0966,9551.45,1.22224e+06,14.0966,10811.3,1.41602e+06,14.0966,12237,1.62086e+06,14.0966,11.7194,11.96,12.6541,2.21263,4.16949,0.989383,2.67766,5.84076,0.311842,3.14343,7.55825,0.0972771,3.63127,9.58578,0.0303237,4.15787,12.0912,0.00945211,4.73731,15.2286,0.00294633,5.38238,19.1721,0.000918508,6.10553,24.134,0.000286163,6.91951,30.3791,8.92692e-05,7.83792,38.2397,2.78121e-05,8.87555,48.1338,8.65134e-06,10.0489,60.5876,2.7882e-06,11.3761,76.2629,8.29036e-07,12.8779,95.9927,2.4373e-07,14.5775,120.825,4.33068e-09,16.5012,152.08,1.75749e-07,18.6784,191.415,-1.86328e-07,21.1428,240.917,1.91829e-07,23.9322,303.213,-1.81475e-07,27.0895,381.602,7.0186e-08,30.6634,480.231,-2.86769e-08,34.7087,604.316,2.40784e-07,39.2876,760.401,9.87368e-08,44.4705,956.705,1.22263e-07,50.3371,1203.54,-4.31966e-07,56.9776,1513.81,-1.9705e-07,64.494,1903.69,-2.763e-08,73.0018,2393.4,3.9185e-07,82.6317,3008.13,1.35379e-07,93.5318,3779.25,-4.16351e-08,105.869,4745.7,2.06965e-08,119.834,5955.6,-3.18887e-07,135.641,7468.12,-1.48271e-08,153.531,9355.62,2.00739e-07,173.781,11705.8,2.28358e-07,196.701,14624.1,-1.93587e-08,222.642,18235,-2.88101e-07,252.003,22683.4,-2.24732e-07,285.234,28134,8.56806e-09,322.845,34767,2.34258e-07,365.413,42770.9,2.99668e-07,413.588,52327.9,8.28644e-08,468.111,63591.2,-3.07049e-07,529.814,76653.2,-3.1888e-07,599.642,91502.5,-6.72276e-08,678.662,107975,2.26339e-07,768.083,125705,3.69212e-07,869.267,144088,2.04077e-07,983.76,162277,-2.80509e-07,1113.3,179223,-4.22737e-07,1259.87,193777,-1.71951e-07,1425.68,204839,4.55555e-07,11.7194,11.96,12.6541,2.21263,4.16949,0.989383,2.67766,5.84076,0.311842,3.14343,7.55825,0.0972771,3.63127,9.58578,0.0303237,4.15787,12.0912,0.00945211,4.73731,15.2286,0.00294633,5.38238,19.1721,0.000918508,6.10553,24.134,0.000286163,6.91951,30.3791,8.92692e-05,7.83792,38.2397,2.78121e-05,8.87555,48.1338,8.65134e-06,10.0489,60.5876,2.7882e-06,11.3761,76.2629,8.29036e-07,12.8779,95.9927,2.4373e-07,14.5775,120.825,1e-08,16.5012,152.08,1.75749e-07,18.6784,191.415,1e-08,21.1428,240.917,1.91829e-07,23.9322,303.213,1e-08,27.0895,381.602,7.0186e-08,30.6634,480.231,1e-08,34.7087,604.316,2.40784e-07,39.2876,760.401,9.87368e-08,44.4705,956.705,1.22263e-07,50.3371,1203.54,1e-08,56.9776,1513.81,1e-08,64.494,1903.69,1e-08,73.0018,2393.4,3.9185e-07,82.6317,3008.13,1.35379e-07,93.5318,3779.25,1e-08,105.869,4745.7,2.06965e-08,119.834,5955.6,1e-08,135.641,7468.12,1e-08,153.531,9355.62,2.00739e-07,173.781,11705.8,2.28358e-07,196.701,14624.1,1e-08,222.642,18235,1e-08,252.003,22683.4,1e-08,285.234,28134,1e-08,322.845,34767,2.34258e-07,365.413,42770.9,2.99668e-07,413.588,52327.9,8.28644e-08,468.111,63591.2,1e-08,529.814,76653.2,1e-08,599.642,91502.5,1e-08,678.662,107975,2.26339e-07,768.083,125705,3.69212e-07,869.267,144088,2.04077e-07,983.76,162277,1e-08,1113.3,179223,1e-08,1259.87,193777,1e-08,1425.68,204839,4.55555e-07,6.2823,3.27286,2.43537,0.219672,6.18826,2.24117,0.56371,6.87772,2.63624,0.308279,23,7,14,1,7,0,0,8,1,3,9,0,1,9,0,3,13,0,6,28,0,11,13,0,4,20,0,8,23,0,2,49,0,21,94,0,7,80,0,16,69,0,23,73,0,6,97,0,27,117,0,13,143,0,21,193,0,4,511,0,33,479,0,33,542,0,55,578,0,24,1284,0,47,454,0,18,1770,0,61,1536,0,83,1656,0,41,1376,0,133,4345,0,64,2257,0,94,8076,0,104,5708,0,80,12492,0,194,7160,0,173,17997,0,142,9444,0,136,13965,0,248,38862,0,212,29616,0,405,23076,0,413,38157,0,434,83721,0,781,33794,0,570,86073,0,679,42090,0,574,110065,0,949,218501,0,1432,126092,0,1059,141714,0,930,245632,0,1230,98561,0,1457,54878,0
-1.05176e+08,1,8.88811e-15,10,1023,0,1.05176e+08,0.528882,1.08665,0.389689,0.145397,0.379329,3.24381,0.161596,0.446195,1.77396,0.159177,1.15e+07,4.49998e+06,6.79999e+06,1.15e+07,4.49997e+06,6.79999e+06,1.15e+07,4.49996e+06,6.79999e+06,1.15e+07,4.49995e+06,6.79999e+06,1.14999e+07,4.49993e+06,6.79999e+06,1.14999e+07,4.49991e+06,6.79999e+06,1.14999e+07,4.49989e+06,6.79999e+06,1.14999e+07,4.49986e+06,6.79999e+06,1.14999e+07,4.49982e+06,6.79999e+06,1.14999e+07,4.49977e+06,6.79999e+06,1.14999e+07,4.49971e+06,6.79999e+06,1.14999e+07,4.49963e+06,6.79999e+06,1.14998e+07,4.49953e+06,6.79999e+06,1.14998e+07,4.49941e+06,6.79999e+06,1.14998e+07,4.49926e+06,6.79999e+06,1.14998e+07,4.49906e+06,6.79999e+06,1.14997e+07,4.49882e+06,6.79999e+06,1.14997e+07,4.49851e+06,6.79999e+06,1.14997e+07,4.49812e+06,6.79999e+06,1.14996e+07,4.49764e+06,6.79999e+06,1.14996e+07,4.49702e+06,6.79999e+06,1.14995e+07,4.49625e+06,6.79999e+06,1.14995e+07,4.49528e+06,6.79999e+06,1.14994e+07,4.49406e+06,6.79999e+06,1.14993e+07,4.49253e+06,6.79999e+06,1.14992e+07,4.49059e+06,6.79999e+06,1.14991e+07,4.48817e+06,6.79999e+06,1.1499e+07,4.48511e+06,6.79999e+06,1.14988e+07,4.48128e+06,6.79999e+06,1.14987e+07,4.47646e+06,6.79999e+06,1.14985e+07,4.47041e+06,6.79999e+06,1.14983e+07,4.46281e+06,6.79999e+06,1.14981e+07,4.4533e+06,6.79999e+06,1.14979e+07,4.44138e+06,6.79999e+06,1.14976e+07,4.42649e+06,6.79999e+06,1.14972e+07,4.40789e+06,6.79999e+06,1.14969e+07,4.38471e+06,6.79999e+06,1.14965e+07,4.35592e+06,6.79999e+06,1.1496e+07,4.32027e+06,6.79999e+06,1.14955e+07,4.27629e+06,6.79999e+06,1.14949e+07,4.22231e+06,6.79999e+06,1.14942e+07,4.15647e+06,6.79999e+06,1.14934e+07,4.07676e+06,6.79999e+06,1.14926e+07,3.98112e+06,6.79999e+06,1.14916e+07,3.86765e+06,6.79999e+06,1.14905e+07,3.73474e+06,6.79999e+06,1.14892e+07,3.58148e+06,6.79999e+06,1.14878e+07,3.40785e+06,6.79999e+06,1.14862e+07,3.21513e+06,6.79999e+06,1.14844e+07,3.00605e+06,6.79999e+06,1.14823e+07,2.7848e+06,6.79999e+06,1.148e+07,2.5568e+06,6.79999e+06,1.14773e+07,2.32825e+06,6.79999e+06,13.5742,8.52444,0.508366,16.8306,13.2585,0.162638,20.0035,17.569,0.0507846,23.2616,22.4214,0.0158319,26.7328,28.3297,0.00493498,30.5212,35.6974,0.00153831,34.7178,44.9473,0.000479527,39.4086,56.5822,0.000149456,44.6796,71.2245,4.66214e-05,50.6209,89.6543,1.45419e-05,57.3297,112.852,4.54748e-06,64.9129,142.051,1.43857e-06,73.4897,178.803,4.36618e-07,83.1934,225.062,1.40153e-07,94.1745,283.286,4.96378e-08,106.602,356.568,1.05434e-07,120.669,448.799,-6.49244e-08,136.59,564.873,1.70148e-07,154.611,710.948,-5.34594e-08,175.008,894.767,1.63407e-07,198.097,1126.06,8.04804e-08,224.231,1417.07,1.14667e-07,253.813,1783.15,-1.71227e-07,287.297,2243.62,-2.88466e-07,325.198,2822.67,-4.33651e-07,368.098,3550.67,7.9318e-08,416.657,4465.65,3.13319e-07,471.621,5615.16,3.4613e-07,533.835,7058.61,-1.19199e-07,604.255,8870.02,-2.79964e-07,683.962,11141.4,-2.30521e-07,774.182,13986.7,-2.55099e-07,876.299,17546.4,1.23585e-07,991.883,21993.1,1.41192e-07,1122.71,27536.7,-9.71886e-08,1270.78,34430.7,-3.68368e-07,1438.38,42977.7,-3.45379e-07,1628.07,53532.7,-3.25328e-09,1842.77,66504.6,2.6362e-07,2085.77,82350.2,2.53445e-07,2360.79,101560,-2.47407e-08,2672.05,124632,-3.80602e-07,3024.31,152018,-4.79005e-07,3422.98,184060,-1.14379e-07,3874.15,220884,2.64297e-07,4384.72,262283,3.44131e-07,4962.49,307576,7.5349e-08,5616.29,355497,-3.63097e-07,6356.1,404126,-6.05442e-07,7193.18,450932,-2.72333e-07,8140.28,492963,2.29675e-07,9211.79,527178,4.3387e-07,10424,550893,-1.0711e-07,10.102,8.06553,2.81012,10.6436,8.57909,0.869423,11.5336,10.2515,0.270869,12.7211,12.7138,0.0844293,14.1823,15.9373,0.0263173,15.9122,20.0383,0.0082035,17.9198,25.2154,0.00255722,20.2244,31.7373,0.000797017,22.8539,39.9486,0.000248622,25.8438,50.2851,7.75492e-05,29.237,63.2963,2.42508e-05,33.0837,79.6738,7.67162e-06,37.4415,100.288,2.32837e-06,42.3767,126.236,7.33e-07,47.9646,158.896,2.79256e-07,54.2906,200.003,9.87351e-09,61.452,251.741,1.61085e-07,69.5585,316.859,-2.47141e-07,78.7347,398.812,8.93552e-08,89.1218,501.948,-2.53231e-07,100.879,631.736,-1.25047e-07,114.188,795.049,-1.78808e-07,129.252,1000.53,2.6733e-07,146.304,1259.03,4.50292e-07,165.605,1584.19,6.76904e-07,187.452,1993.12,-1.23808e-07,212.181,2507.27,-4.89068e-07,240.173,3153.54,-5.40284e-07,271.856,3965.56,1.86061e-07,307.719,4985.38,4.37004e-07,348.313,6265.4,3.59828e-07,394.26,7870.83,3.98192e-07,446.268,9882.51,-1.92908e-07,505.135,12400.3,-2.20392e-07,571.766,15546.9,1.51705e-07,647.184,19472.2,5.74996e-07,732.547,24357.4,5.39112e-07,829.167,30420,5.07815e-09,938.526,37916.3,-4.11492e-07,1062.3,47143.9,-3.9561e-07,1202.4,58439.2,3.86185e-08,1360.96,72169.3,5.94093e-07,1540.42,88715.8,7.47693e-07,1743.53,108445,1.78537e-07,1973.41,131665,-4.12549e-07,2233.57,158557,-5.37164e-07,2528,189103,-1.17615e-07,2861.2,222986,5.66769e-07,3238.27,259510,9.45053e-07,3664.97,297540,4.25093e-07,4147.81,335497,-3.58506e-07,4694.17,371444,-6.7724e-07,5312.37,403256,1.67192e-07,1.61744,3.89446,9.84394,3.28846,7.5504,12.774,5.07607,11.7187,13.6844,7.03202,16.8147,13.9681,9.20215,23.1769,14.0566,11.6301,31.1672,14.0841,14.3598,41.2186,14.0927,17.4376,53.8688,14.0954,20.9137,69.7915,14.0962,24.8432,89.8341,14.0965,29.2879,115.063,14.0966,34.3168,146.819,14.0966,40.0078,186.792,14.0966,46.4487,237.107,14.0966,53.7388,300.44,14.0966,61.9903,380.158,14.0966,71.3301,480.499,14.0966,81.902,606.796,14.0966,93.8685,765.761,14.0966,107.414,965.837,14.0966,122.746,1217.65,14.0966,140.101,1534.57,14.0966,159.745,1933.41,14.0966,181.981,2435.3,14.0966,207.15,3066.85,14.0966,235.64,3861.46,14.0966,267.889,4861.11,14.0966,304.391,6118.54,14.0966,345.709,7699.91,14.0966,392.478,9688.22,14.0966,445.417,12187.5,14.0966,505.339,15327.7,14.0966,573.165,19271.6,14.0966,649.938,24222,14.0966,736.839,30430.9,14.0966,835.202,38211.5,14.0966,946.539,47950.3,14.0966,1072.56,60122.8,14.0966,1215.21,75309.9,14.0966,1376.66,94216.2,14.0966,1559.41,117688,14.0966,1766.26,146729,14.0966,2000.39,182510,14.0966,2265.39,226372,14.0966,2565.33,279806,14.0966,2904.81,344416,14.0966,3289.05,421845,14.0966,3723.93,513667,14.0966,4216.13,621231,14.0966,4773.18,745478,14.0966,5403.64,886744,14.0966,6117.15,1.04457e+06,14.0966,6924.63,1.2176e+06,14.0966,11.7194,11.96,12.6541,13.9321,16.1295,13.6434,16.6097,21.9702,13.9553,19.7532,29.5285,14.0526,23.3844,39.1143,14.0829,27.5423,51.2054,14.0923,32.2796,66.434,14.0953,37.662,85.6061,14.0962,43.7675,109.74,14.0965,50.687,140.119,14.0966,58.5249,178.359,14.0966,67.4005,226.493,14.0966,77.4493,287.08,14.0966,88.8254,363.343,14.0966,101.703,459.336,14.0966,116.281,580.161,14.0966,132.782,732.241,14.0966,151.46,923.655,14.0966,172.603,1164.57,14.0966,196.535,1467.79,14.0966,223.625,1849.39,14.0966,254.288,2329.62,14.0966,288.997,2933.93,14.0966,328.285,3694.33,14.0966,372.755,4651.04,14.0966,423.092,5854.57,14.0966,480.07,7368.38,14.0966,544.564,9272.08,14.0966,617.566,11665.5,14.0966,700.197,14673.6,14.0966,793.729,18452.9,14.0966,899.599,23198.6,14.0966,1019.43,29154.1,14.0966,1155.07,36622.3,14.0966,1308.6,45977.9,14.0966,1482.39,57683.7,14.0966,1679.09,72307.8,14.0966,1901.73,90542.8,14.0966,2153.73,113226,14.0966,2438.97,141360,14.0966,2761.81,176127,14.0966,3127.22,218898,14.0966,3540.81,271226,14.0966,4008.92,334817,14.0966,4538.74,411470,14.0966,5138.38,502973,14.0966,5817.04,610948,14.0966,6585.12,736653,14.0966,7454.39,880741,14.0966,8438.15,1.04302e+06,14.0966,9551.45,1.22224e+06,14.0966,10811.3,1.41602e+06,14.0966,12237,1.62086e+06,14.0966,11.7194,11.96,12.6541,2.21263,4.16949,0.989383,2.67766,5.84076,0.311842,3.14343,7.55825,0.0972771,3.63127,9.58578,0.0303237,4.15787,12.0912,0.00945211,4.73731,15.2286,0.00294633,5.38238,19.1721,0.000918508,6.10553,24.134,0.000286163,6.91951,30.3791,8.92692e-05,7.83792,38.2397,2.78121e-05,8.87555,48.1338,8.65134e-06,10.0489,60.5876,2.7882e-06,11.3761,76.2629,8.29036e-07,12.8779,95.9927,2.4373e-07,14.5775,120.825,4.33068e-09,16.5012,152.08,1.75749e-07,18.6784,191.415,-1.86328e-07,21.1428,240.917,1.91829e-07,23.9322,303.213,-1.81475e-07,27.0895,381.602,7.0186e-08,30.6634,480.231,-2.86769e-08,34.7087,604.316,2.40784e-07,39.2876,760.401,9.87368e-08,44.4705,956.705,1.22263e-07,50.3371,1203.54,-4.31966e-07,56.9776,1513.81,-1.9705e-07,64.494,1903.69,-2.763e-08,73.0018,2393.4,3.9185e-07,82.6317,3008.13,1.35379e-07,93.5318,3779.25,-4.16351e-08,105.869,4745.7,2.06965e-08,119.834,5955.6,-3.18887e-07,135.641,7468.12,-1.48271e-08,153.531,9355.62,2.00739e-07,173.781,11705.8,2.28358e-07,196.701,14624.1,-1.93587e-08,222.642,18235,-2.88101e-07,252.003,22683.4,-2.24732e-07,285.234,28134,8.56806e-09,322.845,34767,2.34258e-07,365.413,42770.9,2.99668e-07,413.588,52327.9,8.28644e-08,468.111,63591.2,-3.07049e-07,529.814,76653.2,-3.1888e-07,599.642,91502.5,-6.72276e-08,678.662,107975,2.26339e-07,768.083,125705,3.69212e-07,869.267,144088,2.04077e-07,983.76,162277,-2.80509e-07,1113.3,179223,-4.22737e-07,1259.87,193777,-1.71951e-07,1425.68,204839,4.55555e-07,11.7194,11.96,12.6541,2.21263,4.16949,0.989383,2.67766,5.84076,0.311842,3.14343,7.55825,0.0972771,3.63127,9.58578,0.0303237,4.15787,12.0912,0.00945211,4.73731,15.2286,0.00294633,5.38238,19.1721,0.000918508,6.10553,24.134,0.000286163,6.91951,30.3791,8.92692e-05,7.83792,38.2397,2.78121e-05,8.87555,48.1338,8.65134e-06,10.0489,60.5876,2.7882e-06,11.3761,76.2629,8.29036e-07,12.8779,95.9927,2.4373e-07,14.5775,120.825,1e-08,16.5012,152.08,1.75749e-07,18.6784,191.415,1e-08,21.1428,240.917,1.91829e-07,23.9322,303.213,1e-08,27.0895,381.602,7.0186e-08,30.6634,480.231,1e-08,34.7087,604.316,2.40784e-07,39.2876,760.401,9.87368e-08,44.4705,956.705,1.22263e-07,50.3371,1203.54,1e-08,56.9776,1513.81,1e-08,64.494,1903.69,1e-08,73.0018,2393.4,3.9185e-07,82.6317,3008.13,1.35379e-07,93.5318,3779.25,1e-08,105.869,4745.7,2.06965e-08,119.834,5955.6,1e-08,135.641,7468.12,1e-08,153.531,9355.62,2.00739e-07,173.781,11705.8,2.28358e-07,196.701,14624.1,1e-08,222.642,18235,1e-08,252.003,22683.4,1e-08,285.234,28134,1e-08,322.845,34767,2.34258e-07,365.413,42770.9,2.99668e-07,413.588,52327.9,8.28644e-08,468.111,63591.2,1e-08,529.814,76653.2,1e-08,599.642,91502.5,1e-08,678.662,107975,2.26339e-07,768.083,125705,3.69212e-07,869.267,144088,2.04077e-07,983.76,162277,1e-08,1113.3,179223,1e-08,1259.87,193777,1e-08,1425.68,204839,4.55555e-07,6.2823,3.27286,2.43537,0.219672,6.18826,2.24117,0.56371,6.87772,2.63624,0.308279,31,6,4,1,7,0,3,1,0,3,8,0,1,3,0,6,13,0,11,5,0,9,12,0,2,15,0,14,16,0,8,33,0,13,36,0,5,150,0,8,41,0,5,123,0,19,119,0,9,125,0,17,100,0,42,231,0,39,129,0,32,423,0,14,286,0,47,599,0,38,736,0,33,863,0,63,900,0,70,3295,0,44,1714,0,149,929,0,81,1903,0,82,8332,0,68,2533,0,91,4612,0,153,11608,0,211,14075,0,141,12913,0,49,13459,0,224,20340,0,315,41595,0,354,45697,0,376,33200,0,305,23626,0,569,52645,0,467,52611,0,648,96631,0,172,54351,0,524,85210,0,910,90601,0,736,58694,0,1211,172528,0,1634,45188,0,1136,145914,0,996,170606,0
-1.05176e+08,1,8.88811e-15,10,1023,0,1.05176e+08,0.528882,1.08665,0.389689,0.145397,0.379329,3.24381,0.161596,0.446195,1.77396,0.159177,1.15e+07,4.49998e+06,6.79999e+06,1.15e+07,4.49997e+06,6.79999e+06,1.15e+07,4.49996e+06,6.79999e+06,1.15e+07,4.49995e+06,6.79999e+06,1.14999e+07,4.49993e+06,6.79999e+06,1.14999e+07,4.49991e+06,6.79999e+06,1.14999e+07,4.49989e+06,6.79999e+06,1.14999e+07,4.49986e+06,6.79999e+06,1.14999e+07,4.49982e+06,6.79999e+06,1.14999e+07,4.49977e+06,6.79999e+06,1.14999e+07,4.49971e+06,6.79999e+06,1.14999e+07,4.49963e+06,6.79999e+06,1.14998e+07,4.49953e+06,6.79999e+06,1.14998e+07,4.49941e+06,6.79999e+06,1.14998e+07,4.49926e+06,6.79999e+06,1.14998e+07,4.49906e+06,6.79999e+06,1.14997e+07,4.49882e+06,6.79999e+06,1.14997e+07,4.49851e+06,6.79999e+06,1.14997e+07,4.49812e+06,6.79999e+06,1.14996e+07,4.49764e+06,6.79999e+06,1.14996e+07,4.49702e+06,6.79999e+06,1.14995e+07,4.49625e+06,6.79999e+06,1.14995e+07,4.49528e+06,6.79999e+06,1.14994e+07,4.49406e+06,6.79999e+06,1.14993e+07,4.49253e+06,6.79999e+06,1.14992e+07,4.49059e+06,6.79999e+06,1.14991e+07,4.48817e+06,6.79999e+06,1.1499e+07,4.48511e+06,6.79999e+06,1.14988e+07,4.48128e+06,6.79999e+06,1.14987e+07,4.47646e+06,6.79999e+06,1.14985e+07,4.47041e+06,6.79999e+06,1.14983e+07,4.46281e+06,6.79999e+06,1.14981e+07,4.4533e+06,6.79999e+06,1.14979e+07,4.44138e+06,6.79999e+06,1.14976e+07,4.42649e+06,6.79999e+06,1.14972e+07,4.40789e+06,6.79999e+06,1.14969e+07,4.38471e+06,6.79999e+06,1.14965e+07,4.35592e+06,6.79999e+06,1.1496e+07,4.32027e+06,6.79999e+06,1.14955e+07,4.27629e+06,6.79999e+06,1.14949e+07,4.22231e+06,6.79999e+06,1.14942e+07,4.15647e+06,6.79999e+06,1.14934e+07,4.07676e+06,6.79999e+06,1.14926e+07,3.98112e+06,6.79999e+06,1.14916e+07,3.86765e+06,6.79999e+06,1.14905e+07,3.73474e+06,6.79999e+06,1.14892e+07,3.58148e+06,6.79999e+06,1.14878e+07,3.40785e+06,6.79999e+06,1.14862e+07,3.21513e+06,6.79999e+06,1.14844e+07,3.00605e+06,6.79999e+06,1.14823e+07,2.7848e+06,6.79999e+06,1.148e+07,2.5568e+06,6.79999e+06,1.14773e+07,2.32825e+06,6.79999e+06,13.5742,8.52444,0.508366,16.8306,13.2585,0.162638,20.0035,17.569,0.0507846,23.2616,22.4214,0.0158319,26.7328,28.3297,0.00493498,30.5212,35.6974,0.00153831,34.7178,44.9473,0.000479527,39.4086,56.5822,0.000149456,44.6796,71.2245,4.66214e-05,50.6209,89.6543,1.45419e-05,57.3297,112.852,4.54748e-06,64.9129,142.051,1.43857e-06,73.4897,178.803,4.36618e-07,83.1934,225.062,1.40153e-07,94.1745,283.286,4.96378e-08,106.602,356.568,1.05434e-07,120.669,448.799,-6.49244e-08,136.59,564.873,1.70148e-07,154.611,710.948,-5.34594e-08,175.008,894.767,1.63407e-07,198.097,1126.06,8.04804e-08,224.231,1417.07,1.14667e-07,253.813,1783.15,-1.71227e-07,287.297,2243.62,-2.88466e-07,325.198,2822.67,-4.33651e-07,368.098,3550.67,7.9318e-08,416.657,4465.65,3.13319e-07,471.621,5615.16,3.4613e-07,533.835,7058.61,-1.19199e-07,604.255,8870.02,-2.79964e-07,683.962,11141.4,-2.30521e-07,774.182,13986.7,-2.55099e-07,876.299,17546.4,1.23585e-07,991.883,21993.1,1.41192e-07,1122.71,27536.7,-9.71886e-08,1270.78,34430.7,-3.68368e-07,1438.38,42977.7,-3.45379e-07,1628.07,53532.7,-3.25328e-09,1842.77,66504.6,2.6362e-07,2085.77,82350.2,2.53445e-07,2360.79,101560,-2.47407e-08,2672.05,124632,-3.80602e-07,3024.31,152018,-4.79005e-07,3422.98,184060,-1.14379e-07,3874.15,220884,2.64297e-07,4384.72,262283,3.44131e-07,4962.49,307576,7.5349e-08,5616.29,355497,-3.63097e-07,6356.1,404126,-6.05442e-07,7193.18,450932,-2.72333e-07,8140.28,492963,2.29675e-07,9211.79,527178,4.3387e-07,10424,550893,-1.0711e-07,10.102,8.06553,2.81012,10.6436,8.57909,0.869423,11.5336,10.2515,0.270869,12.7211,12.7138,0.0844293,14.1823,15.9373,0.0263173,15.9122,20.0383,0.0082035,17.9198,25.2154,0.00255722,20.2244,31.7373,0.000797017,22.8539,39.9486,0.000248622,25.8438,50.2851,7.75492e-05,29.237,63.2963,2.42508e-05,33.0837,79.6738,7.67162e-06,37.4415,100.288,2.32837e-06,42.3767,126.236,7.33e-07,47.9646,158.896,2.79256e-07,54.2906,200.003,9.87351e-09,61.452,251.741,1.61085e-07,69.5585,316.859,-2.47141e-07,78.7347,398.812,8.93552e-08,89.1218,501.948,-2.53231e-07,100.879,631.736,-1.25047e-07,114.188,795.049,-1.78808e-07,129.252,1000.53,2.6733e-07,146.304,1259.03,4.50292e-07,165.605,1584.19,6.76904e-07,187.452,1993.12,-1.23808e-07,212.181,2507.27,-4.89068e-07,240.173,3153.54,-5.40284e-07,271.856,3965.56,1.86061e-07,307.719,4985.38,4.37004e-07,348.313,6265.4,3.59828e-07,394.26,7870.83,3.98192e-07,446.268,9882.51,-1.92908e-07,505.135,12400.3,-2.20392e-07,571.766,15546.9,1.51705e-07,647.184,19472.2,5.74996e-07,732.547,24357.4,5.39112e-07,829.167,30420,5.07815e-09,938.526,37916.3,-4.11492e-07,1062.3,47143.9,-3.9561e-07,1202.4,58439.2,3.86185e-08,1360.96,72169.3,5.94093e-07,1540.42,88715.8,7.47693e-07,1743.53,108445,1.78537e-07,1973.41,131665,-4.12549e-07,2233.57,158557,-5.37164e-07,2528,189103,-1.17615e-07,2861.2,222986,5.66769e-07,3238.27,259510,9.45053e-07,3664.97,297540,4.25093e-07,4147.81,335497,-3.58506e-07,4694.17,371444,-6.7724e-07,5312.37,403256,1.67192e-07,1.61744,3.89446,9.84394,3.28846,7.5504,12.774,5.07607,11.7187,13.6844,7.03202,16.8147,13.9681,9.20215,23.1769,14.0566,11.6301,31.1672,14.0841,14.3598,41.2186,14.0927,17.4376,53.8688,14.0954,20.9137,69.7915,14.0962,24.8432,89.8341,14.0965,29.2879,115.063,14.0966,34.3168,146.819,14.0966,40.0078,186.792,14.0966,46.4487,237.107,14.0966,53.7388,300.44,14.0966,61.9903,380.158,14.0966,71.3301,480.499,14.0966,81.902,606.796,14.0966,93.8685,765.761,14.0966,107.414,965.837,14.0966,122.746,1217.65,14.0966,140.101,1534.57,14.0966,159.745,1933.41,14.0966,181.981,2435.3,14.0966,207.15,3066.85,14.0966,235.64,3861.46,14.0966,267.889,4861.11,14.0966,304.391,6118.54,14.0966,345.709,7699.91,14.0966,392.478,9688.22,14.0966,445.417,12187.5,14.0966,505.339,15327.7,14.0966,573.165,19271.6,14.0966,649.938,24222,14.0966,736.839,30430.9,14.0966,835.202,38211.5,14.0966,946.539,47950.3,14.0966,1072.56,60122.8,14.0966,1215.21,75309.9,14.0966,1376.66,94216.2,14.0966,1559.41,117688,14.0966,1766.26,146729,14.0966,2000.39,182510,14.0966,2265.39,226372,14.0966,2565.33,279806,14.0966,2904.81,344416,14.0966,3289.05,421845,14.0966,3723.93,513667,14.0966,4216.13,621231,14.0966,4773.18,745478,14.0966,5403.64,886744,14.0966,6117.15,1.04457e+06,14.0966,6924.63,1.2176e+06,14.0966,11.7194,11.96,12.6541,13.9321,16.1295,13.6434,16.6097,21.9702,13.9553,19.7532,29.5285,14.0526,23.3844,39.1143,14.0829,27.5423,51.2054,14.0923,32.2796,66.434,14.0953,37.662,85.6061,14.0962,43.7675,109.74,14.0965,50.687,140.119,14.0966,58.5249,178.359,14.0966,67.4005,226.493,14.0966,77.4493,287.08,14.0966,88.8254,363.343,14.0966,101.703,459.336,14.0966,116.281,580.161,14.0966,132.782,732.241,14.0966,151.46,923.655,14.0966,172.603,1164.57,14.0966,196.535,1467.79,14.0966,223.625,1849.39,14.0966,254.288,2329.62,14.0966,288.997,2933.93,14.0966,328.285,3694.33,14.0966,372.755,4651.04,14.0966,423.092,5854.57,14.0966,480.07,7368.38,14.0966,544.564,9272.08,14.0966,617.566,11665.5,14.0966,700.197,14673.6,14.0966,793.729,18452.9,14.0966,899.599,23198.6,14.0966,1019.43,29154.1,14.0966,1155.07,36622.3,14.0966,1308.6,45977.9,14.0966,1482.39,57683.7,14.0966,1679.09,72307.8,14.0966,1901.73,90542.8,14.0966,2153.73,113226,14.0966,2438.97,141360,14.0966,2761.81,176127,14.0966,3127.22,218898,14.0966,3540.81,271226,14.0966,4008.92,334817,14.0966,4538.74,411470,14.0966,5138.38,502973,14.0966,5817.04,610948,14.0966,6585.12,736653,14.0966,7454.39,880741,14.0966,8438.15,1.04302e+06,14.0966,9551.45,1.22224e+06,14.0966,10811.3,1.41602e+06,14.0966,12237,1.62086e+06,14.0966,11.7194,11.96,12.6541,2.21263,4.16949,0.989383,2.67766,5.84076,0.311842,3.14343,7.55825,0.0972771,3.63127,9.58578,0.0303237,4.15787,12.0912,0.00945211,4.73731,15.2286,0.00294633,5.38238,19.1721,0.000918508,6.10553,24.134,0.000286163,6.91951,30.3791,8.92692e-05,7.83792,38.2397,2.78121e-05,8.87555,48.1338,8.65134e-06,10.0489,60.5876,2.7882e-06,11.3761,76.2629,8.29036e-07,12.8779,95.9927,2.4373e-07,14.5775,120.825,4.33068e-09,16.5012,152.08,1.75749e-07,18.6784,191.415,-1.86328e-07,21.1428,240.917,1.91829e-07,23.9322,303.213,-1.81475e-07,27.0895,381.602,7.0186e-08,30.6634,480.231,-2.86769e-08,34.7087,604.316,2.40784e-07,39.2876,760.401,9.87368e-08,44.4705,956.705,1.22263e-07,50.3371,1203.54,-4.31966e-07,56.9776,1513.81,-1.9705e-07,64.494,1903.69,-2.763e-08,73.0018,2393.4,3.9185e-07,82.6317,3008.13,1.35379e-07,93.5318,3779.25,-4.16351e-08,105.869,4745.7,2.06965e-08,119.834,5955.6,-3.18887e-07,135.641,7468.12,-1.48271e-08,153.531,9355.62,2.00739e-07,173.781,11705.8,2.28358e-07,196.701,14624.1,-1.93587e-08,222.642,18235,-2.88101e-07,252.003,22683.4,-2.24732e-07,285.234,28134,8.56806e-09,322.845,34767,2.34258e-07,365.413,42770.9,2.99668e-07,413.588,52327.9,8.28644e-08,468.111,63591.2,-3.07049e-07,529.814,76653.2,-3.1888e-07,599.642,91502.5,-6.72276e-08,678.662,107975,2.26339e-07,768.083,125705,3.69212e-07,869.267,144088,2.04077e-07,983.76,162277,-2.80509e-07,1113.3,179223,-4.22737e-07,1259.87,193777,-1.71951e-07,1425.68,204839,4.55555e-07,11.7194,11.96,12.6541,2.21263,4.16949,0.989383,2.67766,5.84076,0.311842,3.14343,7.55825,0.0972771,3.63127,9.58578,0.0303237,4.15787,12.0912,0.00945211,4.73731,15.2286,0.00294633,5.38238,19.1721,0.000918508,6.10553,24.134,0.000286163,6.91951,30.3791,8.92692e-05,7.83792,38.2397,2.78121e-05,8.87555,48.1338,8.65134e-06,10.0489,60.5876,2.7882e-06,11.3761,76.2629,8.29036e-07,12.8779,95.9927,2.4373e-07,14.5775,120.825,1e-08,16.5012,152.08,1.75749e-07,18.6784,191.415,1e-08,21.1428,240.917,1.91829e-07,23.9322,303.213,1e-08,27.0895,381.602,7.0186e-08,30.6634,480.231,1e-08,34.7087,604.316,2.40784e-07,39.2876,760.401,9.87368e-08,44.4705,956.705,1.22263e-07,50.3371,1203.54,1e-08,56.9776,1513.81,1e-08,64.494,1903.69,1e-08,73.0018,2393.4,3.9185e-07,82.6317,3008.13,1.35379e-07,93.5318,3779.25,1e-08,105.869,4745.7,2.06965e-08,119.834,5955.6,1e-08,135.641,7468.12,1e-08,153.531,9355.62,2.00739e-07,173.781,11705.8,2.28358e-07,196.701,14624.1,1e-08,222.642,18235,1e-08,252.003,22683.4,1e-08,285.234,28134,1e-08,322.845,34767,2.34258e-07,365.413,42770.9,2.99668e-07,413.588,52327.9,8.28644e-08,468.111,63591.2,1e-08,529.814,76653.2,1e-08,599.642,91502.5,1e-08,678.662,107975,2.26339e-07,768.083,125705,3.69212e-07,869.267,144088,2.04077e-07,983.76,162277,1e-08,1113.3,179223,1e-08,1259.87,193777,1e-08,1425.68,204839,4.55555e-07,6.2823,3.27286,2.43537,0.219672,6.18826,2.24117,0.56371,6.87772,2.63624,0.308279,3,15,13,2,0,3,3,7,0,9,2,0,7,7,0,4,18,0,4,6,0,8,4,0,8,11,0,6,20,0,6,63,0,8,36,0,4,71,0,13,70,0,19,183,0,7,129,0,30,207,0,13,130,0,28,190,0,24,186,0,36,574,0,26,477,0,42,809,0,39,763,0,54,828,0,62,551,0,32,1451,0,146,5586,0,131,1119,0,100,3137,0,83,5118,0,163,5309,0,156,4622,0,99,11835,0,173,4561,0,139,5318,0,148,12846,0,65,23527,0,133,20382,0,210,50625,0,492,26493,0,588,29653,0,243,82316,0,473,51591,0,546,76172,0,307,62650,0,738,75403,0,753,75982,0,656,75819,0,2033,155570,0,1783,219309,0,362,116107,0,1295,258904,0
-1.05176e+08,1,8.88811e-15,10,1023,0,1.05176e+08,0.528882,1.08665,0.389689,0.145397,0.379329,3.24381,0.161596,0.446195,1.77396,0.159177,1.15e+07,4.49998e+06,6.79999e+06,1.15e+07,4.49997e+06,6.79999e+06,1.15e+07,4.49996e+06,6.79999e+06,1.15e+07,4.49995e+06,6.79999e+06,1.14999e+07,4.49993e+06,6.79999e+06,1.14999e+07,4.49991e+06,6.79999e+06,1.14999e+07,4.49989e+06,6.79999e+06,1.14999e+07,4.49986e+06,6.79999e+06,1.14999e+07,4.49982e+06,6.79999e+06,1.14999e+07,4.49977e+06,6.79999e+06,1.14999e+07,4.49971e+06,6.79999e+06,1.14999e+07,4.49963e+06,6.79999e+06,1.14998e+07,4.49953e+06,6.79999e+06,1.14998e+07,4.49941e+06,6.79999e+06,1.14998e+07,4.49926e+06,6.79999e+06,1.14998e+07,4.49906e+06,6.79999e+06,1.14997e+07,4.49882e+06,6.79999e+06,1.14997e+07,4.49851e+06,6.79999e+06,1.14997e+07,4.49812e+06,6.79999e+06,1.14996e+07,4.49764e+06,6.79999e+06,1.14996e+07,4.49702e+06,6.79999e+06,1.14995e+07,4.49625e+06,6.79999e+06,1.14995e+07,4.49528e+06,6.79999e+06,1.14994e+07,4.49406e+06,6.79999e+06,1.14993e+07,4.49253e+06,6.79999e+06,1.14992e+07,4.49059e+06,6.79999e+06,1.14991e+07,4.48817e+06,6.79999e+06,1.1499e+07,4.48511e+06,6.79999e+06,1.14988e+07,4.48128e+06,6.79999e+06,1.14987e+07,4.47646e+06,6.79999e+06,1.14985e+07,4.47041e+06,6.79999e+06,1.14983e+07,4.46281e+06,6.79999e+06,1.14981e+07,4.4533e+06,6.79999e+06,1.14979e+07,4.44138e+06,6.79999e+06,1.14976e+07,4.42649e+06,6.79999e+06,1.14972e+07,4.40789e+06,6.79999e+06,1.14969e+07,4.38471e+06,6.79999e+06,1.14965e+07,4.35592e+06,6.79999e+06,1.1496e+07,4.32027e+06,6.79999e+06,1.14955e+07,4.27629e+06,6.79999e+06,1.14949e+07,4.22231e+06,6.79999e+06,1.14942e+07,4.15647e+06,6.79999e+06,1.14934e+07,4.07676e+06,6.79999e+06,1.14926e+07,3.98112e+06,6.79999e+06,1.14916e+07,3.86765e+06,6.79999e+06,1.14905e+07,3.73474e+06,6.79999e+06,1.14892e+07,3.58148e+06,6.79999e+06,1.14878e+07,3.40785e+06,6.79999e+06,1.14862e+07,3.21513e+06,6.79999e+06,1.14844e+07,3.00605e+06,6.79999e+06,1.14823e+07,2.7848e+06,6.79999e+06,1.148e+07,2.5568e+06,6.79999e+06,1.14773e+07,2.32825e+06,6.79999e+06,13.5742,8.52444,0.508366,16.8306,13.2585,0.162638,20.0035,17.569,0.0507846,23.2616,22.4214,0.0158319,26.7328,28.3297,0.00493498,30.5212,35.6974,0.00153831,34.7178,44.9473,0.000479527,39.4086,56.5822,0.000149456,44.6796,71.2245,4.66214e-05,50.6209,89.6543,1.45419e-05,57.3297,112.852,4.54748e-06,64.9129,142.051,1.43857e-06,73.4897,178.803,4.36618e-07,83.1934,225.062,1.40153e-07,94.1745,283.286,4.96378e-08,106.602,356.568,1.05434e-07,120.669,448.799,-6.49244e-08,136.59,564.873,1.70148e-07,154.611,710.948,-5.34594e-08,175.008,894.767,1.63407e-07,198.097,1126.06,8.04804e-08,224.231,1417.07,1.14667e-07,253.813,1783.15,-1.71227e-07,287.297,2243.62,-2.88466e-07,325.198,2822.67,-4.33651e-07,368.098,3550.67,7.9318e-08,416.657,4465.65,3.13319e-07,471.621,5615.16,3.4613e-07,533.835,7058.61,-1.19199e-07,604.255,8870.02,-2.79964e-07,683.962,11141.4,-2.30521e-07,774.182,13986.7,-2.55099e-07,876.299,17546.4,1.23585e-07,991.883,21993.1,1.41192e-07,1122.71,27536.7,-9.71886e-08,1270.78,34430.7,-3.68368e-07,1438.38,42977.7,-3.45379e-07,1628.07,53532.7,-3.25328e-09,1842.77,66504.6,2.6362e-07,2085.77,82350.2,2.53445e-07,2360.79,101560,-2.47407e-08,2672.05,124632,-3.80602e-07,3024.31,152018,-4.79005e-07,3422.98,184060,-1.14379e-07,3874.15,220884,2.64297e-07,4384.72,262283,3.44131e-07,4962.49,307576,7.5349e-08,5616.29,355497,-3.63097e-07,6356.1,404126,-6.05442e-07,7193.18,450932,-2.72333e-07,8140.28,492963,2.29675e-07,9211.79,527178,4.3387e-07,10424,550893,-1.0711e-07,10.102,8.06553,2.81012,10.6436,8.57909,0.869423,11.5336,10.2515,0.270869,12.7211,12.7138,0.0844293,14.1823,15.9373,0.0263173,15.9122,20.0383,0.0082035,17.9198,25.2154,0.00255722,20.2244,31.7373,0.000797017,22.8539,39.9486,0.000248622,25.8438,50.2851,7.75492e-05,29.237,63.2963,2.42508e-05,33.0837,79.6738,7.67162e-06,37.4415,100.288,2.32837e-06,42.3767,126.236,7.33e-07,47.9646,158.896,2.79256e-07,54.2906,200.003,9.87351e-09,61.452,251.741,1.61085e-07,69.5585,316.859,-2.47141e-07,78.7347,398.812,8.93552e-08,89.1218,501.948,-2.53231e-07,100.879,631.736,-1.25047e-07,114.188,795.049,-1.78808e-07,129.252,1000.53,2.6733e-07,146.304,1259.03,4.50292e-07,165.605,1584.19,6.76904e-07,187.452,1993.12,-1.23808e-07,212.181,2507.27,-4.89068e-07,240.173,3153.54,-5.40284e-07,271.856,3965.56,1.86061e-07,307.719,4985.38,4.37004e-07,348.313,6265.4,3.59828e-07,394.26,7870.83,3.98192e-07,446.268,9882.51,-1.92908e-07,505.135,12400.3,-2.20392e-07,571.766,15546.9,1.51705e-07,647.184,19472.2,5.74996e-07,732.547,24357.4,5.39112e-07,829.167,30420,5.07815e-09,938.526,37916.3,-4.11492e-07,1062.3,47143.9,-3.9561e-07,1202.4,58439.2,3.86185e-08,1360.96,72169.3,5.94093e-07,1540.42,88715.8,7.47693e-07,1743.53,108445,1.78537e-07,1973.41,131665,-4.12549e-07,2233.57,158557,-5.37164e-07,2528,189103,-1.17615e-07,2861.2,222986,5.66769e-07,3238.27,259510,9.45053e-07,3664.97,297540,4.25093e-07,4147.81,335497,-3.58506e-07,4694.17,371444,-6.7724e-07,5312.37,403256,1.67192e-07,1.61744,3.89446,9.84394,3.28846,7.5504,12.774,5.07607,11.7187,13.6844,7.03202,16.8147,13.9681,9.20215,23.1769,14.0566,11.6301,31.1672,14.0841,14.3598,41.2186,14.0927,17.4376,53.8688,14.0954,20.9137,69.7915,14.0962,24.8432,89.8341,14.0965,29.2879,115.063,14.0966,34.3168,146.819,14.0966,40.0078,186.792,14.0966,46.4487,237.107,14.0966,53.7388,300.44,14.0966,61.9903,380.158,14.0966,71.3301,480.499,14.0966,81.902,606.796,14.0966,93.8685,765.761,14.0966,107.414,965.837,14.0966,122.746,1217.65,14.0966,140.101,1534.57,14.0966,159.745,1933.41,14.0966,181.981,2435.3,14.0966,207.15,3066.85,14.0966,235.64,3861.46,14.0966,267.889,4861.11,14.0966,304.391,6118.54,14.0966,345.709,7699.91,14.0966,392.478,9688.22,14.0966,445.417,12187.5,14.0966,505.339,15327.7,14.0966,573.165,19271.6,14.0966,649.938,24222,14.0966,736.839,30430.9,14.0966,835.202,38211.5,14.0966,946.539,47950.3,14.0966,1072.56,60122.8,14.0966,1215.21,75309.9,14.0966,1376.66,94216.2,14.0966,1559.41,117688,14.0966,1766.26,146729,14.0966,2000.39,182510,14.0966,2265.39,226372,14.0966,2565.33,279806,14.0966,2904.81,344416,14.0966,3289.05,421845,14.0966,3723.93,513667,14.0966,4216.13,621231,14.0966,4773.18,745478,14.0966,5403.64,886744,14.0966,6117.15,1.04457e+06,14.0966,6924.63,1.2176e+06,14.0966,11.7194,11.96,12.6541,13.9321,16.1295,13.6434,16.6097,21.9702,13.9553,19.7532,29.5285,14.0526,23.3844,39.1143,14.0829,27.5423,51.2054,14.0923,32.2796,66.434,14.0953,37.662,85.6061,14.0962,43.7675,109.74,14.0965,50.687,140.119,14.0966,58.5249,178.359,14.0966,67.4005,226.493,14.0966,77.4493,287.08,14.0966,88.8254,363.343,14.0966,101.703,459.336,14.0966,116.281,580.161,14.0966,132.782,732.241,14.0966,151.46,923.655,14.0966,172.603,1164.57,14.0966,196.535,1467.79,14.0966,223.625,1849.39,14.0966,254.288,2329.62,14.0966,288.997,2933.93,14.0966,328.285,3694.33,14.0966,372.755,4651.04,14.0966,423.092,5854.57,14.0966,480.07,7368.38,14.0966,544.564,9272.08,14.0966,617.566,11665.5,14.0966,700.197,14673.6,14.0966,793.729,18452.9,14.0966,899.599,23198.6,14.0966,1019.43,29154.1,14.0966,1155.07,36622.3,14.0966,1308.6,45977.9,14.0966,1482.39,57683.7,14.0966,1679.09,72307.8,14.0966,1901.73,90542.8,14.0966,2153.73,113226,14.0966,2438.97,141360,14.0966,2761.81,176127,14.0966,3127.22,218898,14.0966,3540.81,271226,14.0966,4008.92,334817,14.0966,4538.74,411470,14.0966,5138.38,502973,14.0966,5817.04,610948,14.0966,6585.12,736653,14.0966,7454.39,880741,14.0966,8438.15,1.04302e+06,14.0966,9551.45,1.22224e+06,14.0966,10811.3,1.41602e+06,14.0966,12237,1.62086e+06,14.0966,11.7194,11.96,12.6541,2.21263,4.16949,0.989383,2.67766,5.84076,0.311842,3.14343,7.55825,0.0972771,3.63127,9.58578,0.0303237,4.15787,12.0912,0.00945211,4.73731,15.2286,0.00294633,5.38238,19.1721,0.000918508,6.10553,24.134,0.000286163,6.91951,30.3791,8.92692e-05,7.83792,38.2397,2.78121e-05,8.87555,48.1338,8.65134e-06,10.0489,60.5876,2.7882e-06,11.3761,76.2629,8.29036e-07,12.8779,95.9927,2.4373e-07,14.5775,120.825,4.33068e-09,16.5012,152.08,1.75749e-07,18.6784,191.415,-1.86328e-07,21.1428,240.917,1.91829e-07,23.9322,303.213,-1.81475e-07,27.0895,381.602,7.0186e-08,30.6634,480.231,-2.86769e-08,34.7087,604.316,2.40784e-07,39.2876,760.401,9.87368e-08,44.4705,956.705,1.22263e-07,50.3371,1203.54,-4.31966e-07,56.9776,1513.81,-1.9705e-07,64.494,1903.69,-2.763e-08,73.0018,2393.4,3.9185e-07,82.6317,3008.13,1.35379e-07,93.5318,3779.25,-4.16351e-08,105.869,4745.7,2.06965e-08,119.834,5955.6,-3.18887e-07,135.641,7468.12,-1.48271e-08,153.531,9355.62,2.00739e-07,173.781,11705.8,2.28358e-07,196.701,14624.1,-1.93587e-08,222.642,18235,-2.88101e-07,252.003,22683.4,-2.24732e-07,285.234,28134,8.56806e-09,322.845,34767,2.34258e-07,365.413,42770.9,2.99668e-07,413.588,52327.9,8.28644e-08,468.111,63591.2,-3.07049e-07,529.814,76653.2,-3.1888e-07,599.642,91502.5,-6.72276e-08,678.662,107975,2.26339e-07,768.083,125705,3.69212e-07,869.267,144088,2.04077e-07,983.76,162277,-2.80509e-07,1113.3,179223,-4.22737e-07,1259.87,193777,-1.71951e-07,1425.68,204839,4.55555e-07,11.7194,11.96,12.6541,2.21263,4.16949,0.989383,2.67766,5.84076,0.311842,3.14343,7.55825,0.0972771,3.63127,9.58578,0.0303237,4.15787,12.0912,0.00945211,4.73731,15.2286,0.00294633,5.38238,19.1721,0.000918508,6.10553,24.134,0.000286163,6.91951,30.3791,8.92692e-05,7.83792,38.2397,2.78121e-05,8.87555,48.1338,8.65134e-06,10.0489,60.5876,2.7882e-06,11.3761,76.2629,8.29036e-07,12.8779,95.9927,2.4373e-07,14.5775,120.825,1e-08,16.5012,152.08,1.75749e-07,18.6784,191.415,1e-08,21.1428,240.917,1.91829e-07,23.9322,303.213,1e-08,27.0895,381.602,7.0186e-08,30.6634,480.231,1e-08,34.7087,604.316,2.40784e-07,39.2876,760.401,9.87368e-08,44.4705,956.705,1.22263e-07,50.3371,1203.54,1e-08,56.9776,1513.81,1e-08,64.494,1903.69,1e-08,73.0018,2393.4,3.9185e-07,82.6317,3008.13,1.35379e-07,93.5318,3779.25,1e-08,105.869,4745.7,2.06965e-08,119.834,5955.6,1e-08,135.641,7468.12,1e-08,153.531,9355.62,2.00739e-07,173.781,11705.8,2.28358e-07,196.701,14624.1,1e-08,222.642,18235,1e-08,252.003,22683.4,1e-08,285.234,28134,1e-08,322.845,34767,2.34258e-07,365.413,42770.9,2.99668e-07,413.588,52327.9,8.28644e-08,468.111,63591.2,1e-08,529.814,76653.2,1e-08,599.642,91502.5,1e-08,678.662,107975,2.26339e-07,768.083,125705,3.69212e-07,869.267,144088,2.04077e-07,983.76,162277,1e-08,1113.3,179223,1e-08,1259.87,193777,1e-08,1425.68,204839,4.55555e-07,6.2823,3.27286,2.43537,0.219672,6.18826,2.24117,0.56371,6.87772,2.63624,0.308279,11,12,9,1,8,0,1,6,1,3,10,1,1,13,0,4,13,0,2,9,0,12,10,0,4,9,0,7,41,0,9,45,0,5,54,0,11,39,0,13,77,0,6,85,0,10,118,0,12,280,0,23,313,0,18,298,0,30,279,0,42,336,0,25,427,0,27,800,0,27,574,0,43,794,0,46,546,0,71,910,0,93,2184,0,39,3884,0,61,2182,0,122,1713,0,89,7608,0,123,7705,0,53,4203,0,305,7535,0,160,12632,0,118,24658,0,392,14333,0,247,22374,0,170,20043,0,199,11238,0,593,76056,0,372,37599,0,595,79779,0,879,35198,0,648,49947,0,628,147207,0,353,135671,0,619,111519,0,629,206440,0,1062,164392,0,1241,261511,0,1222,371613,0
-1.05176e+08,8.09535e-47,8.88811e-15,10,1023,0,1.05176e+08,0.528882,1.08665,0.389689,0.145397,0.379329,3.24381,0.161596,0.446195,1.77396,0.159177,1.15e+07,4.49998e+06,6.79999e+06,1.15e+07,4.49997e+06,6.79999e+06,1.15e+07,4.49996e+06,6.79999e+06,1.15e+07,4.49995e+06,6.79999e+06,1.14999e+07,4.49993e+06,6.79999e+06,1.14999e+07,4.49991e+06,6.79999e+06,1.14999e+07,4.49989e+06,6.79999e+06,1.14999e+07,4.49986e+06,6.79999e+06,1.14999e+07,4.49982e+06,6.79999e+06,1.14999e+07,4.49977e+06,6.79999e+06,1.14999e+07,4.49971e+06,6.79999e+06,1.14999e+07,4.49963e+06,6.79999e+06,1.14998e+07,4.49953e+06,6.79999e+06,1.14998e+07,4.49941e+06,6.79999e+06,1.14998e+07,4.49926e+06,6.79999e+06,1.14998e+07,4.49906e+06,6.79999e+06,1.14997e+07,4.49882e+06,6.79999e+06,1.14997e+07,4.49851e+06,6.79999e+06,1.14997e+07,4.49812e+06,6.79999e+06,1.14996e+07,4.49764e+06,6.79999e+06,1.14996e+07,4.49702e+06,6.79999e+06,1.14995e+07,4.49625e+06,6.79999e+06,1.14995e+07,4.49528e+06,6.79999e+06,1.14994e+07,4.49406e+06,6.79999e+06,1.14993e+07,4.49253e+06,6.79999e+06,1.14992e+07,4.49059e+06,6.79999e+06,1.14991e+07,4.48817e+06,6.79999e+06,1.1499e+07,4.48511e+06,6.79999e+06,1.14988e+07,4.48128e+06,6.79999e+06,1.14987e+07,4.47646e+06,6.79999e+06,1.14985e+07,4.47041e+06,6.79999e+06,1.14983e+07,4.46281e+06,6.79999e+06,1.14981e+07,4.4533e+06,6.79999e+06,1.14979e+07,4.44138e+06,6.79999e+06,1.14976e+07,4.42649e+06,6.79999e+06,1.14972e+07,4.40789e+06,6.79999e+06,1.14969e+07,4.38471e+06,6.79999e+06,1.14965e+07,4.35592e+06,6.79999e+06,1.1496e+07,4.32027e+06,6.79999e+06,1.14955e+07,4.27629e+06,6.79999e+06,1.14949e+07,4.22231e+06,6.79999e+06,1.14942e+07,4.15647e+06,6.79999e+06,1.14934e+07,4.07676e+06,6.79999e+06,1.14926e+07,3.98112e+06,6.79999e+06,1.14916e+07,3.86765e+06,6.79999e+06,1.14905e+07,3.73474e+06,6.79999e+06,1.14892e+07,3.58148e+06,6.79999e+06,1.14878e+07,3.40785e+06,6.79999e+06,1.14862e+07,3.21513e+06,6.79999e+06,1.14844e+07,3.00605e+06,6.79999e+06,1.14823e+07,2.7848e+06,6.79999e+06,1.148e+07,2.5568e+06,6.79999e+06,1.14773e+07,2.32825e+06,6.79999e+06,13.5742,8.52444,0.508366,16.8306,13.2585,0.162638,20.0035,17.569,0.0507846,23.2616,22.4214,0.0158319,26.7328,28.3297,0.00493498,30.5212,35.6974,0.00153831,34.7178,44.9473,0.000479527,39.4086,56.5822,0.000149456,44.6796,71.2245,4.66214e-05,50.6209,89.6543,1.45419e-05,57.3297,112.852,4.54748e-06,64.9129,142.051,1.43857e-06,73.4897,178.803,4.36618e-07,83.1934,225.062,1.40153e-07,94.1745,283.286,4.96378e-08,106.602,356.568,1.05434e-07,120.669,448.799,-6.49244e-08,136.59,564.873,1.70148e-07,154.611,710.948,-5.34594e-08,175.008,894.767,1.63407e-07,198.097,1126.06,8.04804e-08,224.231,1417.07,1.14667e-07,253.813,1783.15,-1.71227e-07,287.297,2243.62,-2.88466e-07,325.198,2822.67,-4.33651e-07,368.098,3550.67,7.9318e-08,416.657,4465.65,3.13319e-07,471.621,5615.16,3.4613e-07,533.835,7058.61,-1.19199e-07,604.255,8870.02,-2.79964e-07,683.962,11141.4,-2.30521e-07,774.182,13986.7,-2.55099e-07,876.299,17546.4,1.23585e-07,991.883,21993.1,1.41192e-07,1122.71,27536.7,-9.71886e-08,1270.78,34430.7,-3.68368e-07,1438.38,42977.7,-3.45379e-07,1628.07,53532.7,-3.25328e-09,1842.77,66504.6,2.6362e-07,2085.77,82350.2,2.53445e-07,2360.79,101560,-2.47407e-08,2672.05,124632,-3.80602e-07,3024.31,152018,-4.79005e-07,3422.98,184060,-1.14379e-07,3874.15,220884,2.64297e-07,4384.72,262283,3.44131e-07,4962.49,307576,7.5349e-08,5616.29,355497,-3.63097e-07,6356.1,404126,-6.05442e-07,7193.18,450932,-2.72333e-07,8140.28,492963,2.29675e-07,9211.79,527178,4.3387e-07,10424,550893,-1.0711e-07,10.102,8.06553,2.81012,10.6436,8.57909,0.869423,11.5336,10.2515,0.270869,12.7211,12.7138,0.0844293,14.1823,15.9373,0.0263173,15.9122,20.0383,0.0082035,17.9198,25.2154,0.00255722,20.2244,31.7373,0.000797017,22.8539,39.9486,0.000248622,25.8438,50.2851,7.75492e-05,29.237,63.2963,2.42508e-05,33.0837,79.6738,7.67162e-06,37.4415,100.288,2.32837e-06,42.3767,126.236,7.33e-07,47.9646,158.896,2.79256e-07,54.2906,200.003,9.87351e-09,61.452,251.741,1.61085e-07,69.5585,316.859,-2.47141e-07,78.7347,398.812,8.93552e-08,89.1218,501.948,-2.53231e-07,100.879,631.736,-1.25047e-07,114.188,795.049,-1.78808e-07,129.252,1000.53,2.6733e-07,146.304,1259.03,4.50292e-07,165.605,1584.19,6.76904e-07,187.452,1993.12,-1.23808e-07,212.181,2507.27,-4.89068e-07,240.173,3153.54,-5.40284e-07,271.856,3965.56,1.86061e-07,307.719,4985.38,4.37004e-07,348.313,6265.4,3.59828e-07,394.26,7870.83,3.98192e-07,446.268,9882.51,-1.92908e-07,505.135,12400.3,-2.20392e-07,571.766,15546.9,1.51705e-07,647.184,19472.2,5.74996e-07,732.547,24357.4,5.39112e-07,829.167,30420,5.07815e-09,938.526,37916.3,-4.11492e-07,1062.3,47143.9,-3.9561e-07,1202.4,58439.2,3.86185e-08,1360.96,72169.3,5.94093e-07,1540.42,88715.8,7.47693e-07,1743.53,108445,1.78537e-07,1973.41,131665,-4.12549e-07,2233.57,158557,-5.37164e-07,2528,189103,-1.17615e-07,2861.2,222986,5.66769e-07,3238.27,259510,9.45053e-07,3664.97,297540,4.25093e-07,4147.81,335497,-3.58506e-07,4694.17,371444,-6.7724e-07,5312.37,403256,1.67192e-07,1.61744,3.89446,9.84394,3.28846,7.5504,12.774,5.07607,11.7187,13.6844,7.03202,16.8147,13.9681,9.20215,23.1769,14.0566,11.6301,31.1672,14.0841,14.3598,41.2186,14.0927,17.4376,53.8688,14.0954,20.9137,69.7915,14.0962,24.8432,89.8341,14.0965,29.2879,115.063,14.0966,34.3168,146.819,14.0966,40.0078,186.792,14.0966,46.4487,237.107,14.0966,53.7388,300.44,14.0966,61.9903,380.158,14.0966,71.3301,480.499,14.0966,81.902,606.796,14.0966,93.8685,765.761,14.0966,107.414,965.837,14.0966,122.746,1217.65,14.0966,140.101,1534.57,14.0966,159.745,1933.41,14.0966,181.981,2435.3,14.0966,207.15,3066.85,14.0966,235.64,3861.46,14.0966,267.889,4861.11,14.0966,304.391,6118.54,14.0966,345.709,7699.91,14.0966,392.478,9688.22,14.0966,445.417,12187.5,14.0966,505.339,15327.7,14.0966,573.165,19271.6,14.0966,649.938,24222,14.0966,736.839,30430.9,14.0966,835.202,38211.5,14.0966,946.539,47950.3,14.0966,1072.56,60122.8,14.0966,1215.21,75309.9,14.0966,1376.66,94216.2,14.0966,1559.41,117688,14.0966,1766.26,146729,14.0966,2000.39,182510,14.0966,2265.39,226372,14.0966,2565.33,279806,14.0966,2904.81,344416,14.0966,3289.05,421845,14.0966,3723.93,513667,14.0966,4216.13,621231,14.0966,4773.18,745478,14.0966,5403.64,886744,14.0966,6117.15,1.04457e+06,14.0966,6924.63,1.2176e+06,14.0966,11.7194,11.96,12.6541,13.9321,16.1295,13.6434,16.6097,21.9702,13.9553,19.7532,29.5285,14.0526,23.3844,39.1143,14.0829,27.5423,51.2054,14.0923,32.2796,66.434,14.0953,37.662,85.6061,14.0962,43.7675,109.74,14.0965,50.687,140.119,14.0966,58.5249,178.359,14.0966,67.4005,226.493,14.0966,77.4493,287.08,14.0966,88.8254,363.343,14.0966,101.703,459.336,14.0966,116.281,580.161,14.0966,132.782,732.241,14.0966,151.46,923.655,14.0966,172.603,1164.57,14.0966,196.535,1467.79,14.0966,223.625,1849.39,14.0966,254.288,2329.62,14.0966,288.997,2933.93,14.0966,328.285,3694.33,14.0966,372.755,4651.04,14.0966,423.092,5854.57,14.0966,480.07,7368.38,14.0966,544.564,9272.08,14.0966,617.566,11665.5,14.0966,700.197,14673.6,14.0966,793.729,18452.9,14.0966,899.599,23198.6,14.0966,1019.43,29154.1,14.0966,1155.07,36622.3,14.0966,1308.6,45977.9,14.0966,1482.39,57683.7,14.0966,1679.09,72307.8,14.0966,1901.73,90542.8,14.0966,2153.73,113226,14.0966,2438.97,141360,14.0966,2761.81,176127,14.0966,3127.22,218898,14.0966,3540.81,271226,14.0966,4008.92,334817,14.0966,4538.74,411470,14.0966,5138.38,502973,14.0966,5817.04,610948,14.0966,6585.12,736653,14.0966,7454.39,880741,14.0966,8438.15,1.04302e+06,14.0966,9551.45,1.22224e+06,14.0966,10811.3,1.41602e+06,14.0966,12237,1.62086e+06,14.0966,11.7194,11.96,12.6541,2.21263,4.16949,0.989383,2.67766,5.84076,0.311842,3.14343,7.55825,0.0972771,3.63127,9.58578,0.0303237,4.15787,12.0912,0.00945211,4.73731,15.2286,0.00294633,5.38238,19.1721,0.000918508,6.10553,24.134,0.000286163,6.91951,30.3791,8.92692e-05,7.83792,38.2397,2.78121e-05,8.87555,48.1338,8.65134e-06,10.0489,60.5876,2.7882e-06,11.3761,76.2629,8.29036e-07,12.8779,95.9927,2.4373e-07,14.5775,120.825,4.33068e-09,16.5012,152.08,1.75749e-07,18.6784,191.415,-1.86328e-07,21.1428,240.917,1.91829e-07,23.9322,303.213,-1.81475e-07,27.0895,381.602,7.0186e-08,30.6634,480.231,-2.86769e-08,34.7087,604.316,2.40784e-07,39.2876,760.401,9.87368e-08,44.4705,956.705,1.22263e-07,50.3371,1203.54,-4.31966e-07,56.9776,1513.81,-1.9705e-07,64.494,1903.69,-2.763e-08,73.0018,2393.4,3.9185e-07,82.6317,3008.13,1.35379e-07,93.5318,3779.25,-4.16351e-08,105.869,4745.7,2.06965e-08,119.834,5955.6,-3.18887e-07,135.641,7468.12,-1.48271e-08,153.531,9355.62,2.00739e-07,173.781,11705.8,2.28358e-07,196.701,14624.1,-1.93587e-08,222.642,18235,-2.88101e-07,252.003,22683.4,-2.24732e-07,285.234,28134,8.56806e-09,322.845,34767,2.34258e-07,365.413,42770.9,2.99668e-07,413.588,52327.9,8.28644e-08,468.111,63591.2,-3.07049e-07,529.814,76653.2,-3.1888e-07,599.642,91502.5,-6.72276e-08,678.662,107975,2.26339e-07,768.083,125705,3.69212e-07,869.267,144088,2.04077e-07,983.76,162277,-2.80509e-07,1113.3,179223,-4.22737e-07,1259.87,193777,-1.71951e-07,1425.68,204839,4.55555e-07,11.7194,11.96,12.6541,2.21263,4.16949,0.989383,2.67766,5.84076,0.311842,3.14343,7.55825,0.0972771,3.63127,9.58578,0.0303237,4.15787,12.0912,0.00945211,4.73731,15.2286,0.00294633,5.38238,19.1721,0.000918508,6.10553,24.134,0.000286163,6.91951,30.3791,8.92692e-05,7.83792,38.2397,2.78121e-05,8.87555,48.1338,8.65134e-06,10.0489,60.5876,2.7882e-06,11.3761,76.2629,8.29036e-07,12.8779,95.9927,2.4373e-07,14.5775,120.825,1e-08,16.5012,152.08,1.75749e-07,18.6784,191.415,1e-08,21.1428,240.917,1.91829e-07,23.9322,303.213,1e-08,27.0895,381.602,7.0186e-08,30.6634,480.231,1e-08,34.7087,604.316,2.40784e-07,39.2876,760.401,9.87368e-08,44.4705,956.705,1.22263e-07,50.3371,1203.54,1e-08,56.9776,1513.81,1e-08,64.494,1903.69,1e-08,73.0018,2393.4,3.9185e-07,82.6317,3008.13,1.35379e-07,93.5318,3779.25,1e-08,105.869,4745.7,2.06965e-08,119.834,5955.6,1e-08,135.641,7468.12,1e-08,153.531,9355.62,2.00739e-07,173.781,11705.8,2.28358e-07,196.701,14624.1,1e-08,222.642,18235,1e-08,252.003,22683.4,1e-08,285.234,28134,1e-08,322.845,34767,2.34258e-07,365.413,42770.9,2.99668e-07,413.588,52327.9,8.28644e-08,468.111,63591.2,1e-08,529.814,76653.2,1e-08,599.642,91502.5,1e-08,678.662,107975,2.26339e-07,768.083,125705,3.69212e-07,869.267,144088,2.04077e-07,983.76,162277,1e-08,1113.3,179223,1e-08,1259.87,193777,1e-08,1425.68,204839,4.55555e-07,6.2823,3.27286,2.43537,0.219672,6.18826,2.24117,0.56371,6.87772,2.63624,0.308279,15,9,11,5,3,0,6,4,0,6,10,0,5,13,0,1,20,0,0,16,0,2,31,0,7,27,0,7,40,0,15,33,0,5,27,0,19,73,0,10,115,0,7,53,0,10,109,0,13,109,0,28,317,0,31,188,0,18,355,0,20,169,0,12,370,0,20,507,0,31,447,0,29,1212,0,36,704,0,46,2342,0,27,1200,0,72,1343,0,93,5306,0,77,3389,0,150,5394,0,89,6402,0,223,6278,0,198,11052,0,41,10913,0,183,12844,0,265,11983,0,292,11856,0,192,37844,0,246,53181,0,281,28165,0,495,24172,0,318,69947,0,413,67304,0,235,64499,0,994,57881,0,414,101731,0,990,199655,0,1374,94597,0,548,156412,0,1077,161064,0,804,103494,0
-1.05176e+08,1,8.88811e-15,10,1023,0,1.05176e+08,0.528882,1.08665,0.389689,0.145397,0.379329,3.24381,0.161596,0.446195,1.77396,0.159177,1.15e+07,4.49998e+06,6.79999e+06,1.15e+07,4.49997e+06,6.79999e+06,1.15e+07,4.49996e+06,6.79999e+06,1.15e+07,4.49995e+06,6.79999e+06,1.14999e+07,4.49993e+06,6.79999e+06,1.14999e+07,4.49991e+06,6.79999e+06,1.14999e+07,4.49989e+06,6.79999e+06,1.14999e+07,4.49986e+06,6.79999e+06,1.14999e+07,4.49982e+06,6.79999e+06,1.14999e+07,4.49977e+06,6.79999e+06,1.14999e+07,4.49971e+06,6.79999e+06,1.14999e+07,4.49963e+06,6.79999e+06,1.14998e+07,4.49953e+06,6.79999e+06,1.14998e+07,4.49941e+06,6.79999e+06,1.14998e+07,4.49926e+06,6.79999e+06,1.14998e+07,4.49906e+06,6.79999e+06,1.14997e+07,4.49882e+06,6.79999e+06,1.14997e+07,4.49851e+06,6.79999e+06,1.14997e+07,4.49812e+06,6.79999e+06,1.14996e+07,4.49764e+06,6.79999e+06,1.14996e+07,4.49702e+06,6.79999e+06,1.14995e+07,4.49625e+06,6.79999e+06,1.14995e+07,4.49528e+06,6.79999e+06,1.14994e+07,4.49406e+06,6.79999e+06,1.14993e+07,4.49253e+06,6.79999e+06,1.14992e+07,4.49059e+06,6.79999e+06,1.14991e+07,4.48817e+06,6.79999e+06,1.1499e+07,4.48511e+06,6.79999e+06,1.14988e+07,4.48128e+06,6.79999e+06,1.14987e+07,4.47646e+06,6.79999e+06,1.14985e+07,4.47041e+06,6.79999e+06,1.14983e+07,4.46281e+06,6.79999e+06,1.14981e+07,4.4533e+06,6.79999e+06,1.14979e+07,4.44138e+06,6.79999e+06,1.14976e+07,4.42649e+06,6.79999e+06,1.14972e+07,4.40789e+06,6.79999e+06,1.14969e+07,4.38471e+06,6.79999e+06,1.14965e+07,4.35592e+06,6.79999e+06,1.1496e+07,4.32027e+06,6.79999e+06,1.14955e+07,4.27629e+06,6.79999e+06,1.14949e+07,4.22231e+06,6.79999e+06,1.14942e+07,4.15647e+06,6.79999e+06,1.14934e+07,4.07676e+06,6.79999e+06,1.14926e+07,3.98112e+06,6.79999e+06,1.14916e+07,3.86765e+06,6.79999e+06,1.14905e+07,3.73474e+06,6.79999e+06,1.14892e+07,3.58148e+06,6.79999e+06,1.14878e+07,3.40785e+06,6.79999e+06,1.14862e+07,3.21513e+06,6.79999e+06,1.14844e+07,3.00605e+06,6.79999e+06,1.14823e+07,2.7848e+06,6.79999e+06,1.148e+07,2.5568e+06,6.79999e+06,1.14773e+07,2.32825e+06,6.79999e+06,13.5742,8.52444,0.508366,16.8306,13.2585,0.162638,20.0035,17.569,0.0507846,23.2616,22.4214,0.0158319,26.7328,28.3297,0.00493498,30.5212,35.6974,0.00153831,34.7178,44.9473,0.000479527,39.4086,56.5822,0.000149456,44.6796,71.2245,4.66214e-05,50.6209,89.6543,1.45419e-05,57.3297,112.852,4.54748e-06,64.9129,142.051,1.43857e-06,73.4897,178.803,4.36618e-07,83.1934,225.062,1.40153e-07,94.1745,283.286,4.96378e-08,106.602,356.568,1.05434e-07,120.669,448.799,-6.49244e-08,136.59,564.873,1.70148e-07,154.611,710.948,-5.34594e-08,175.008,894.767,1.63407e-07,198.097,1126.06,8.04804e-08,224.231,1417.07,1.14667e-07,253.813,1783.15,-1.71227e-07,287.297,2243.62,-2.88466e-07,325.198,2822.67,-4.33651e-07,368.098,3550.67,7.9318e-08,416.657,4465.65,3.13319e-07,471.621,5615.16,3.4613e-07,533.835,7058.61,-1.19199e-07,604.255,8870.02,-2.79964e-07,683.962,11141.4,-2.30521e-07,774.182,13986.7,-2.55099e-07,876.299,17546.4,1.23585e-07,991.883,21993.1,1.41192e-07,1122.71,27536.7,-9.71886e-08,1270.78,34430.7,-3.68368e-07,1438.38,42977.7,-3.45379e-07,1628.07,53532.7,-3.25328e-09,1842.77,66504.6,2.6362e-07,2085.77,82350.2,2.53445e-07,2360.79,101560,-2.47407e-08,2672.05,124632,-3.80602e-07,3024.31,152018,-4.79005e-07,3422.98,184060,-1.14379e-07,3874.15,220884,2.64297e-07,4384.72,262283,3.44131e-07,4962.49,307576,7.5349e-08,5616.29,355497,-3.63097e-07,6356.1,404126,-6.05442e-07,7193.18,450932,-2.72333e-07,8140.28,492963,2.29675e-07,9211.79,527178,4.3387e-07,10424,550893,-1.0711e-07,10.102,8.06553,2.81012,10.6436,8.57909,0.869423,11.5336,10.2515,0.270869,12.7211,12.7138,0.0844293,14.1823,15.9373,0.0263173,15.9122,20.0383,0.0082035,17.9198,25.2154,0.00255722,20.2244,31.7373,0.000797017,22.8539,39.9486,0.000248622,25.8438,50.2851,7.75492e-05,29.237,63.2963,2.42508e-05,33.0837,79.6738,7.67162e-06,37.4415,100.288,2.32837e-06,42.3767,126.236,7.33e-07,47.9646,158.896,2.79256e-07,54.2906,200.003,9.87351e-09,61.452,251.741,1.61085e-07,69.5585,316.859,-2.47141e-07,78.7347,398.812,8.93552e-08,89.1218,501.948,-2.53231e-07,100.879,631.736,-1.25047e-07,114.188,795.049,-1.78808e-07,129.252,1000.53,2.6733e-07,146.304,1259.03,4.50292e-07,165.605,1584.19,6.76904e-07,187.452,1993.12,-1.23808e-07,212.181,2507.27,-4.89068e-07,240.173,3153.54,-5.40284e-07,271.856,3965.56,1.86061e-07,307.719,4985.38,4.37004e-07,348.313,6265.4,3.59828e-07,394.26,7870.83,3.98192e-07,446.268,9882.51,-1.92908e-07,505.135,12400.3,-2.20392e-07,571.766,15546.9,1.51705e-07,647.184,19472.2,5.74996e-07,732.547,24357.4,5.39112e-07,829.167,30420,5.07815e-09,938.526,37916.3,-4.11492e-07,1062.3,47143.9,-3.9561e-07,1202.4,58439.2,3.86185e-08,1360.96,72169.3,5.94093e-07,1540.42,88715.8,7.47693e-07,1743.53,108445,1.78537e-07,1973.41,131665,-4.12549e-07,2233.57,158557,-5.37164e-07,2528,189103,-1.17615e-07,2861.2,222986,5.66769e-07,3238.27,259510,9.45053e-07,3664.97,297540,4.25093e-07,4147.81,335497,-3.58506e-07,4694.17,371444,-6.7724e-07,5312.37,403256,1.67192e-07,1.61744,3.89446,9.84394,3.28846,7.5504,12.774,5.07607,11.7187,13.6844,7.03202,16.8147,13.9681,9.20215,23.1769,14.0566,11.6301,31.1672,14.0841,14.3598,41.2186,14.0927,17.4376,53.8688,14.0954,20.9137,69.7915,14.0962,24.8432,89.8341,14.0965,29.2879,115.063,14.0966,34.3168,146.819,14.0966,40.0078,186.792,14.0966,46.4487,237.107,14.0966,53.7388,300.44,14.0966,61.9903,380.158,14.0966,71.3301,480.499,14.0966,81.902,606.796,14.0966,93.8685,765.761,14.0966,107.414,965.837,14.0966,122.746,1217.65,14.0966,140.101,1534.57,14.0966,159.745,1933.41,14.0966,181.981,2435.3,14.0966,207.15,3066.85,14.0966,235.64,3861.46,14.0966,267.889,4861.11,14.0966,304.391,6118.54,14.0966,345.709,7699.91,14.0966,392.478,9688.22,14.0966,445.417,12187.5,14.0966,505.339,15327.7,14.0966,573.165,19271.6,14.0966,649.938,24222,14.0966,736.839,30430.9,14.0966,835.202,38211.5,14.0966,946.539,47950.3,14.0966,1072.56,60122.8,14.0966,1215.21,75309.9,14.0966,1376.66,94216.2,14.0966,1559.41,117688,14.0966,1766.26,146729,14.0966,2000.39,182510,14.0966,2265.39,226372,14.0966,2565.33,279806,14.0966,2904.81,344416,14.0966,3289.05,421845,14.0966,3723.93,513667,14.0966,4216.13,621231,14.0966,4773.18,745478,14.0966,5403.64,886744,14.0966,6117.15,1.04457e+06,14.0966,6924.63,1.2176e+06,14.0966,11.7194,11.96,12.6541,13.9321,16.1295,13.6434,16.6097,21.9702,13.9553,19.7532,29.5285,14.0526,23.3844,39.1143,14.0829,27.5423,51.2054,14.0923,32.2796,66.434,14.0953,37.662,85.6061,14.0962,43.7675,109.74,14.0965,50.687,140.119,14.0966,58.5249,178.359,14.0966,67.4005,226.493,14.0966,77.4493,287.08,14.0966,88.8254,363.343,14.0966,101.703,459.336,14.0966,116.281,580.161,14.0966,132.782,732.241,14.0966,151.46,923.655,14.0966,172.603,1164.57,14.0966,196.535,1467.79,14.0966,223.625,1849.39,14.0966,254.288,2329.62,14.0966,288.997,2933.93,14.0966,328.285,3694.33,14.0966,372.755,4651.04,14.0966,423.092,5854.57,14.0966,480.07,7368.38,14.0966,544.564,9272.08,14.0966,617.566,11665.5,14.0966,700.197,14673.6,14.0966,793.729,18452.9,14.0966,899.599,23198.6,14.0966,1019.43,29154.1,14.0966,1155.07,36622.3,14.0966,1308.6,45977.9,14.0966,1482.39,57683.7,14.0966,1679.09,72307.8,14.0966,1901.73,90542.8,14.0966,2153.73,113226,14.0966,2438.97,141360,14.0966,2761.81,176127,14.0966,3127.22,218898,14.0966,3540.81,271226,14.0966,4008.92,334817,14.0966,4538.74,411470,14.0966,5138.38,502973,14.0966,5817.04,610948,14.0966,6585.12,736653,14.0966,7454.39,880741,14.0966,8438.15,1.04302e+06,14.0966,9551.45,1.22224e+06,14.0966,10811.3,1.41602e+06,14.0966,12237,1.62086e+06,14.0966,11.7194,11.96,12.6541,2.21263,4.16949,0.989383,2.67766,5.84076,0.311842,3.14343,7.55825,0.0972771,3.63127,9.58578,0.0303237,4.15787,12.0912,0.00945211,4.73731,15.2286,0.00294633,5.38238,19.1721,0.000918508,6.10553,24.134,0.000286163,6.91951,30.3791,8.92692e-05,7.83792,38.2397,2.78121e-05,8.87555,48.1338,8.65134e-06,10.0489,60.5876,2.7882e-06,11.3761,76.2629,8.29036e-07,12.8779,95.9927,2.4373e-07,14.5775,120.825,4.33068e-09,16.5012,152.08,1.75749e-07,18.6784,191.415,-1.86328e-07,21.1428,240.917,1.91829e-07,23.9322,303.213,-1.81475e-07,27.0895,381.602,7.0186e-08,30.6634,480.231,-2.86769e-08,34.7087,604.316,2.40784e-07,39.2876,760.401,9.87368e-08,44.4705,956.705,1.22263e-07,50.3371,1203.54,-4.31966e-07,56.9776,1513.81,-1.9705e-07,64.494,1903.69,-2.763e-08,73.0018,2393.4,3.9185e-07,82.6317,3008.13,1.35379e-07,93.5318,3779.25,-4.16351e-08,105.869,4745.7,2.06965e-08,119.834,5955.6,-3.18887e-07,135.641,7468.12,-1.48271e-08,153.531,9355.62,2.00739e-07,173.781,11705.8,2.28358e-07,196.701,14624.1,-1.93587e-08,222.642,18235,-2.88101e-07,252.003,22683.4,-2.24732e-07,285.234,28134,8.56806e-09,322.845,34767,2.34258e-07,365.413,42770.9,2.99668e-07,413.588,52327.9,8.28644e-08,468.111,63591.2,-3.07049e-07,529.814,76653.2,-3.1888e-07,599.642,91502.5,-6.72276e-08,678.662,107975,2.26339e-07,768.083,125705,3.69212e-07,869.267,144088,2.04077e-07,983.76,162277,-2.80509e-07,1113.3,179223,-4.22737e-07,1259.87,193777,-1.71951e-07,1425.68,204839,4.55555e-07,11.7194,11.96,12.6541,2.21263,4.16949,0.989383,2.67766,5.84076,0.311842,3.14343,7.55825,0.0972771,3.63127,9.58578,0.0303237,4.15787,12.0912,0.00945211,4.73731,15.2286,0.00294633,5.38238,19.1721,0.000918508,6.10553,24.134,0.000286163,6.91951,30.3791,8.92692e-05,7.83792,38.2397,2.78121e-05,8.87555,48.1338,8.65134e-06,10.0489,60.5876,2.7882e-06,11.3761,76.2629,8.29036e-07,12.8779,95.9927,2.4373e-07,14.5775,120.825,1e-08,16.5012,152.08,1.75749e-07,18.6784,191.415,1e-08,21.1428,240.917,1.91829e-07,23.9322,303.213,1e-08,27.0895,381.602,7.0186e-08,30.6634,480.231,1e-08,34.7087,604.316,2.40784e-07,39.2876,760.401,9.87368e-08,44.4705,956.705,1.22263e-07,50.3371,1203.54,1e-08,56.9776,1513.81,1e-08,64.494,1903.69,1e-08,73.0018,2393.4,3.9185e-07,82.6317,3008.13,1.35379e-07,93.5318,3779.25,1e-08,105.869,4745.7,2.06965e-08,119.834,5955.6,1e-08,135.641,7468.12,1e-08,153.531,9355.62,2.00739e-07,173.781,11705.8,2.28358e-07,196.701,14624.1,1e-08,222.642,18235,1e-08,252.003,22683.4,1e-08,285.234,28134,1e-08,322.845,34767,2.34258e-07,365.413,42770.9,2.99668e-07,413.588,52327.9,8.28644e-08,468.111,63591.2,1e-08,529.814,76653.2,1e-08,599.642,91502.5,1e-08,678.662,107975,2.26339e-07,768.083,125705,3.69212e-07,869.267,144088,2.04077e-07,983.76,162277,1e-08,1113.3,179223,1e-08,1259.87,193777,1e-08,1425.68,204839,4.55555e-07,6.2823,3.27286,2.43537,0.219672,6.18826,2.24117,0.56371,6.87772,2.63624,0.308279,16,8,4,1,3,2,2,8,1,2,13,0,1,8,0,4,15,0,3,20,0,2,21,0,12,19,0,2,12,0,10,59,0,9,64,0,9,71,0,11,30,0,20,57,0,9,122,0,19,188,0,11,223,0,18,266,0,20,180,0,27,312,0,15,572,0,49,356,0,46,759,0,15,1034,0,43,799,0,17,1416,0,90,2315,0,81,2145,0,95,3078,0,118,2454,0,73,7554,0,80,8616,0,183,3820,0,151,7821,0,142,9988,0,186,16286,0,201,7628,0,327,16642,0,228,18334,0,260,21691,0,158,25525,0,586,40386,0,424,35691,0,523,62072,0,447,174781,0,567,209120,0,1268,133189,0,1185,229805,0,1046,152430,0,398,148548,0,239,130132,0,958,166810,0
-1.05176e+08,1,8.88811e-15,10,1023,0,1.05176e+08,0.528882,1.08665,0.389689,0.145397,0.379329,3.24381,0.161596,0.446195,1.77396,0.159177,1.15e+07,4.49998e+06,6.79999e+06,1.15e+07,4.49997e+06,6.79999e+06,1.15e+07,4.49996e+06,6.79999e+06,1.15e+07,4.49995e+06,6.79999e+06,1.14999e+07,4.49993e+06,6.79999e+06,1.14999e+07,4.49991e+06,6.79999e+06,1.14999e+07,4.49989e+06,6.79999e+06,1.14999e+07,4.49986e+06,6.79999e+06,1.14999e+07,4.49982e+06,6.79999e+06,1.14999e+07,4.49977e+06,6.79999e+06,1.14999e+07,4.49971e+06,6.79999e+06,1.14999e+07,4.49963e+06,6.79999e+06,1.14998e+07,4.49953e+06,6.79999e+06,1.14998e+07,4.49941e+06,6.79999e+06,1.14998e+07,4.49926e+06,6.79999e+06,1.14998e+07,4.49906e+06,6.79999e+06,1.14997e+07,4.49882e+06,6.79999e+06,1.14997e+07,4.49851e+06,6.79999e+06,1.14997e+07,4.49812e+06,6.79999e+06,1.14996e+07,4.49764e+06,6.79999e+06,1.14996e+07,4.49702e+06,6.79999e+06,1.14995e+07,4.49625e+06,6.79999e+06,1.14995e+07,4.49528e+06,6.79999e+06,1.14994e+07,4.49406e+06,6.79999e+06,1.14993e+07,4.49253e+06,6.79999e+06,1.14992e+07,4.49059e+06,6.79999e+06,1.14991e+07,4.48817e+06,6.79999e+06,1.1499e+07,4.48511e+06,6.79999e+06,1.14988e+07,4.48128e+06,6.79999e+06,1.14987e+07,4.47646e+06,6.79999e+06,1.14985e+07,4.47041e+06,6.79999e+06,1.14983e+07,4.46281e+06,6.79999e+06,1.14981e+07,4.4533e+06,6.79999e+06,1.14979e+07,4.44138e+06,6.79999e+06,1.14976e+07,4.42649e+06,6.79999e+06,1.14972e+07,4.40789e+06,6.79999e+06,1.14969e+07,4.38471e+06,6.79999e+06,1.14965e+07,4.35592e+06,6.79999e+06,1.1496e+07,4.32027e+06,6.79999e+06,1.14955e+07,4.27629e+06,6.79999e+06,1.14949e+07,4.22231e+06,6.79999e+06,1.14942e+07,4.15647e+06,6.79999e+06,1.14934e+07,4.07676e+06,6.79999e+06,1.14926e+07,3.98112e+06,6.79999e+06,1.14916e+07,3.86765e+06,6.79999e+06,1.14905e+07,3.73474e+06,6.79999e+06,1.14892e+07,3.58148e+06,6.79999e+06,1.14878e+07,3.40785e+06,6.79999e+06,1.14862e+07,3.21513e+06,6.79999e+06,1.14844e+07,3.00605e+06,6.79999e+06,1.14823e+07,2.7848e+06,6.79999e+06,1.148e+07,2.5568e+06,6.79999e+06,1.14773e+07,2.32825e+06,6.79999e+06,13.5742,8.52444,0.508366,16.8306,13.2585,0.162638,20.0035,17.569,0.0507846,23.2616,22.4214,0.0158319,26.7328,28.3297,0.00493498,30.5212,35.6974,0.00153831,34.7178,44.9473,0.000479527,39.4086,56.5822,0.000149456,44.6796,71.2245,4.66214e-05,50.6209,89.6543,1.45419e-05,57.3297,112.852,4.54748e-06,64.9129,142.051,1.43857e-06,73.4897,178.803,4.36618e-07,83.1934,225.062,1.40153e-07,94.1745,283.286,4.96378e-08,106.602,356.568,1.05434e-07,120.669,448.799,-6.49244e-08,136.59,564.873,1.70148e-07,154.611,710.948,-5.34594e-08,175.008,894.767,1.63407e-07,198.097,1126.06,8.04804e-08,224.231,1417.07,1.14667e-07,253.813,1783.15,-1.71227e-07,287.297,2243.62,-2.88466e-07,325.198,2822.67,-4.33651e-07,368.098,3550.67,7.9318e-08,416.657,4465.65,3.13319e-07,471.621,5615.16,3.4613e-07,533.835,7058.61,-1.19199e-07,604.255,8870.02,-2.79964e-07,683.962,11141.4,-2.30521e-07,774.182,13986.7,-2.55099e-07,876.299,17546.4,1.23585e-07,991.883,21993.1,1.41192e-07,1122.71,27536.7,-9.71886e-08,1270.78,34430.7,-3.68368e-07,1438.38,42977.7,-3.45379e-07,1628.07,53532.7,-3.25328e-09,1842.77,66504.6,2.6362e-07,2085.77,82350.2,2.53445e-07,2360.79,101560,-2.47407e-08,2672.05,124632,-3.80602e-07,3024.31,152018,-4.79005e-07,3422.98,184060,-1.14379e-07,3874.15,220884,2.64297e-07,4384.72,262283,3.44131e-07,4962.49,307576,7.5349e-08,5616.29,355497,-3.63097e-07,6356.1,404126,-6.05442e-07,7193.18,450932,-2.72333e-07,8140.28,492963,2.29675e-07,9211.79,527178,4.3387e-07,10424,550893,-1.0711e-07,10.102,8.06553,2.81012,10.6436,8.57909,0.869423,11.5336,10.2515,0.270869,12.7211,12.7138,0.0844293,14.1823,15.9373,0.0263173,15.9122,20.0383,0.0082035,17.9198,25.2154,0.00255722,20.2244,31.7373,0.000797017,22.8539,39.9486,0.000248622,25.8438,50.2851,7.75492e-05,29.237,63.2963,2.42508e-05,33.0837,79.6738,7.67162e-06,37.4415,100.288,2.32837e-06,42.3767,126.236,7.33e-07,47.9646,158.896,2.79256e-07,54.2906,200.003,9.87351e-09,61.452,251.741,1.61085e-07,69.5585,316.859,-2.47141e-07,78.7347,398.812,8.93552e-08,89.1218,501.948,-2.53231e-07,100.879,631.736,-1.25047e-07,114.188,795.049,-1.78808e-07,129.252,1000.53,2.6733e-07,146.304,1259.03,4.50292e-07,165.605,1584.19,6.76904e-07,187.452,1993.12,-1.23808e-07,212.181,2507.27,-4.89068e-07,240.173,3153.54,-5.40284e-07,271.856,3965.56,1.86061e-07,307.719,4985.38,4.37004e-07,348.313,6265.4,3.59828e-07,394.26,7870.83,3.98192e-07,446.268,9882.51,-1.92908e-07,505.135,12400.3,-2.20392e-07,571.766,15546.9,1.51705e-07,647.184,19472.2,5.74996e-07,732.547,24357.4,5.39112e-07,829.167,30420,5.07815e-09,938.526,37916.3,-4.11492e-07,1062.3,47143.9,-3.9561e-07,1202.4,58439.2,3.86185e-08,1360.96,72169.3,5.94093e-07,1540.42,88715.8,7.47693e-07,1743.53,108445,1.78537e-07,1973.41,131665,-4.12549e-07,2233.57,158557,-5.37164e-07,2528,189103,-1.17615e-07,2861.2,222986,5.66769e-07,3238.27,259510,9.45053e-07,3664.97,297540,4.25093e-07,4147.81,335497,-3.58506e-07,4694.17,371444,-6.7724e-07,5312.37,403256,1.67192e-07,1.61744,3.89446,9.84394,3.28846,7.5504,12.774,5.07607,11.7187,13.6844,7.03202,16.8147,13.9681,9.20215,23.1769,14.0566,11.6301,31.1672,14.0841,14.3598,41.2186,14.0927,17.4376,53.8688,14.0954,20.9137,69.7915,14.0962,24.8432,89.8341,14.0965,29.2879,115.063,14.0966,34.3168,146.819,14.0966,40.0078,186.792,14.0966,46.4487,237.107,14.0966,53.7388,300.44,14.0966,61.9903,380.158,14.0966,71.3301,480.499,14.0966,81.902,606.796,14.0966,93.8685,765.761,14.0966,107.414,965.837,14.0966,122.746,1217.65,14.0966,140.101,1534.57,14.0966,159.745,1933.41,14.0966,181.981,2435.3,14.0966,207.15,3066.85,14.0966,235.64,3861.46,14.0966,267.889,4861.11,14.0966,304.391,6118.54,14.0966,345.709,7699.91,14.0966,392.478,9688.22,14.0966,445.417,12187.5,14.0966,505.339,15327.7,14.0966,573.165,19271.6,14.0966,649.938,24222,14.0966,736.839,30430.9,14.0966,835.202,38211.5,14.0966,946.539,47950.3,14.0966,1072.56,60122.8,14.0966,1215.21,75309.9,14.0966,1376.66,94216.2,14.0966,1559.41,117688,14.0966,1766.26,146729,14.0966,2000.39,182510,14.0966,2265.39,226372,14.0966,2565.33,279806,14.0966,2904.81,344416,14.0966,3289.05,421845,14.0966,3723.93,513667,14.0966,4216.13,621231,14.0966,4773.18,745478,14.0966,5403.64,886744,14.0966,6117.15,1.04457e+06,14.0966,6924.63,1.2176e+06,14.0966,11.7194,11.96,12.6541,13.9321,16.1295,13.6434,16.6097,21.9702,13.9553,19.7532,29.5285,14.0526,23.3844,39.1143,14.0829,27.5423,51.2054,14.0923,32.2796,66.434,14.0953,37.662,85.6061,14.0962,43.7675,109.74,14.0965,50.687,140.119,14.0966,58.5249,178.359,14.0966,67.4005,226.493,14.0966,77.4493,287.08,14.0966,88.8254,363.343,14.0966,101.703,459.336,14.0966,116.281,580.161,14.0966,132.782,732.241,14.0966,151.46,923.655,14.0966,172.603,1164.57,14.0966,196.535,1467.79,14.0966,223.625,1849.39,14.0966,254.288,2329.62,14.0966,288.997,2933.93,14.0966,328.285,3694.33,14.0966,372.755,4651.04,14.0966,423.092,5854.57,14.0966,480.07,7368.38,14.0966,544.564,9272.08,14.0966,617.566,11665.5,14.0966,700.197,14673.6,14.0966,793.729,18452.9,14.0966,899.599,23198.6,14.0966,1019.43,29154.1,14.0966,1155.07,36622.3,14.0966,1308.6,45977.9,14.0966,1482.39,57683.7,14.0966,1679.09,72307.8,14.0966,1901.73,90542.8,14.0966,2153.73,113226,14.0966,2438.97,141360,14.0966,2761.81,176127,14.0966,3127.22,218898,14.0966,3540.81,271226,14.0966,4008.92,334817,14.0966,4538.74,411470,14.0966,5138.38,502973,14.0966,5817.04,610948,14.0966,6585.12,736653,14.0966,7454.39,880741,14.0966,8438.15,1.04302e+06,14.0966,9551.45,1.22224e+06,14.0966,10811.3,1.41602e+06,14.0966,12237,1.62086e+06,14.0966,11.7194,11.96,12.6541,2.21263,4.16949,0.989383,2.67766,5.84076,0.311842,3.14343,7.55825,0.0972771,3.63127,9.58578,0.0303237,4.15787,12.0912,0.00945211,4.73731,15.2286,0.00294633,5.38238,19.1721,0.000918508,6.10553,24.134,0.000286163,6.91951,30.3791,8.92692e-05,7.83792,38.2397,2.78121e-05,8.87555,48.1338,8.65134e-06,10.0489,60.5876,2.7882e-06,11.3761,76.2629,8.29036e-07,12.8779,95.9927,2.4373e-07,14.5775,120.825,4.33068e-09,16.5012,152.08,1.75749e-07,18.6784,191.415,-1.86328e-07,21.1428,240.917,1.91829e-07,23.9322,303.213,-1.81475e-07,27.0895,381.602,7.0186e-08,30.6634,480.231,-2.86769e-08,34.7087,604.316,2.40784e-07,39.2876,760.401,9.87368e-08,44.4705,956.705,1.22263e-07,50.3371,1203.54,-4.31966e-07,56.9776,1513.81,-1.9705e-07,64.494,1903.69,-2.763e-08,73.0018,2393.4,3.9185e-07,82.6317,3008.13,1.35379e-07,93.5318,3779.25,-4.16351e-08,105.869,4745.7,2.06965e-08,119.834,5955.6,-3.18887e-07,135.641,7468.12,-1.48271e-08,153.531,9355.62,2.00739e-07,173.781,11705.8,2.28358e-07,196.701,14624.1,-1.93587e-08,222.642,18235,-2.88101e-07,252.003,22683.4,-2.24732e-07,285.234,28134,8.56806e-09,322.845,34767,2.34258e-07,365.413,42770.9,2.99668e-07,413.588,52327.9,8.28644e-08,468.111,63591.2,-3.07049e-07,529.814,76653.2,-3.1888e-07,599.642,91502.5,-6.72276e-08,678.662,107975,2.26339e-07,768.083,125705,3.69212e-07,869.267,144088,2.04077e-07,983.76,162277,-2.80509e-07,1113.3,179223,-4.22737e-07,1259.87,193777,-1.71951e-07,1425.68,204839,4.55555e-07,11.7194,11.96,12.6541,2.21263,4.16949,0.989383,2.67766,5.84076,0.311842,3.14343,7.55825,0.0972771,3.63127,9.58578,0.0303237,4.15787,12.0912,0.00945211,4.73731,15.2286,0.00294633,5.38238,19.1721,0.000918508,6.10553,24.134,0.000286163,6.91951,30.3791,8.92692e-05,7.83792,38.2397,2.78121e-05,8.87555,48.1338,8.65134e-06,10.0489,60.5876,2.7882e-06,11.3761,76.2629,8.29036e-07,12.8779,95.9927,2.4373e-07,14.5775,120.825,1e-08,16.5012,152.08,1.75749e-07,18.6784,191.415,1e-08,21.1428,240.917,1.91829e-07,23.9322,303.213,1e-08,27.0895,381.602,7.0186e-08,30.6634,480.231,1e-08,34.7087,604.316,2.40784e-07,39.2876,760.401,9.87368e-08,44.4705,956.705,1.22263e-07,50.3371,1203.54,1e-08,56.9776,1513.81,1e-08,64.494,1903.69,1e-08,73.0018,2393.4,3.9185e-07,82.6317,3008.13,1.35379e-07,93.5318,3779.25,1e-08,105.869,4745.7,2.06965e-08,119.834,5955.6,1e-08,135.641,7468.12,1e-08,153.531,9355.62,2.00739e-07,173.781,11705.8,2.28358e-07,196.701,14624.1,1e-08,222.642,18235,1e-08,252.003,22683.4,1e-08,285.234,28134,1e-08,322.845,34767,2.34258e-07,365.413,42770.9,2.99668e-07,413.588,52327.9,8.28644e-08,468.111,63591.2,1e-08,529.814,76653.2,1e-08,599.642,91502.5,1e-08,678.662,107975,2.26339e-07,768.083,125705,3.69212e-07,869.267,144088,2.04077e-07,983.76,162277,1e-08,1113.3,179223,1e-08,1259.87,193777,1e-08,1425.68,204839,4.55555e-07,6.2823,3.27286,2.43537,0.219672,6.18826,2.24117,0.56371,6.87772,2.63624,0.308279,7,6,2,2,4,1,3,3,1,2,5,0,6,17,0,1,17,0,3,16,0,3,21,0,4,35,0,6,34,0,11,21,0,1,66,0,8,73,0,6,107,0,14,83,0,23,104,0,8,90,0,5,162,0,31,188,0,26,123,0,42,551,0,22,519,0,31,862,0,20,972,0,83,707,0,64,1064,0,65,1524,0,79,2406,0,102,2282,0,88,3706,0,69,4945,0,152,4182,0,50,4797,0,109,4073,0,87,5346,0,87,9835,0,114,12441,0,267,18644,0,201,25088,0,458,17594,0,413,54807,0,265,14804,0,576,49300,0,473,52399,0,325,45980,0,994,96411,0,312,117694,0,648,119849,0,931,209941,0,1057,87793,0,965,150730,0,2065,127643,0,681,265059,0
-1.05176e+08,1,8.88811e-15,10,1023,0,1.05176e+08,0.528882,1.08665,0.389689,0.145397,0.379329,3.24381,0.161596,0.446195,1.77396,0.159177,1.15e+07,4.49998e+06,6.79999e+06,1.15e+07,4.49997e+06,6.79999e+06,1.15e+07,4.49996e+06,6.79999e+06,1.15e+07,4.49995e+06,6.79999e+06,1.14999e+07,4.49993e+06,6.79999e+06,1.14999e+07,4.49991e+06,6.79999e+06,1.14999e+07,4.49989e+06,6.79999e+06,1.14999e+07,4.49986e+06,6.79999e+06,1.14999e+07,4.49982e+06,6.79999e+06,1.14999e+07,4.49977e+06,6.79999e+06,1.14999e+07,4.49971e+06,6.79999e+06,1.14999e+07,4.49963e+06,6.79999e+06,1.14998e+07,4.49953e+06,6.79999e+06,1.14998e+07,4.49941e+06,6.79999e+06,1.14998e+07,4.49926e+06,6.79999e+06,1.14998e+07,4.49906e+06,6.79999e+06,1.14997e+07,4.49882e+06,6.79999e+06,1.14997e+07,4.49851e+06,6.79999e+06,1.14997e+07,4.49812e+06,6.79999e+06,1.14996e+07,4.49764e+06,6.79999e+06,1.14996e+07,4.49702e+06,6.79999e+06,1.14995e+07,4.49625e+06,6.79999e+06,1.14995e+07,4.49528e+06,6.79999e+06,1.14994e+07,4.49406e+06,6.79999e+06,1.14993e+07,4.49253e+06,6.79999e+06,1.14992e+07,4.49059e+06,6.79999e+06,1.14991e+07,4.48817e+06,6.79999e+06,1.1499e+07,4.48511e+06,6.79999e+06,1.14988e+07,4.48128e+06,6.79999e+06,1.14987e+07,4.47646e+06,6.79999e+06,1.14985e+07,4.47041e+06,6.79999e+06,1.14983e+07,4.46281e+06,6.79999e+06,1.14981e+07,4.4533e+06,6.79999e+06,1.14979e+07,4.44138e+06,6.79999e+06,1.14976e+07,4.42649e+06,6.79999e+06,1.14972e+07,4.40789e+06,6.79999e+06,1.14969e+07,4.38471e+06,6.79999e+06,1.14965e+07,4.35592e+06,6.79999e+06,1.1496e+07,4.32027e+06,6.79999e+06,1.14955e+07,4.27629e+06,6.79999e+06,1.14949e+07,4.22231e+06,6.79999e+06,1.14942e+07,4.15647e+06,6.79999e+06,1.14934e+07,4.07676e+06,6.79999e+06,1.14926e+07,3.98112e+06,6.79999e+06,1.14916e+07,3.86765e+06,6.79999e+06,1.14905e+07,3.73474e+06,6.79999e+06,1.14892e+07,3.58148e+06,6.79999e+06,1.14878e+07,3.40785e+06,6.79999e+06,1.14862e+07,3.21513e+06,6.79999e+06,1.14844e+07,3.00605e+06,6.79999e+06,1.14823e+07,2.7848e+06,6.79999e+06,1.148e+07,2.5568e+06,6.79999e+06,1.14773e+07,2.32825e+06,6.79999e+06,13.5742,8.52444,0.508366,16.8306,13.2585,0.162638,20.0035,17.569,0.0507846,23.2616,22.4214,0.0158319,26.7328,28.3297,0.00493498,30.5212,35.6974,0.00153831,34.7178,44.9473,0.000479527,39.4086,56.5822,0.000149456,44.6796,71.2245,4.66214e-05,50.6209,89.6543,1.45419e-05,57.3297,112.852,4.54748e-06,64.9129,142.051,1.43857e-06,73.4897,178.803,4.36618e-07,83.1934,225.062,1.40153e-07,94.1745,283.286,4.96378e-08,106.602,356.568,1.05434e-07,120.669,448.799,-6.49244e-08,136.59,564.873,1.70148e-07,154.611,710.948,-5.34594e-08,175.008,894.767,1.63407e-07,198.097,1126.06,8.04804e-08,224.231,1417.07,1.14667e-07,253.813,1783.15,-1.71227e-07,287.297,2243.62,-2.88466e-07,325.198,2822.67,-4.33651e-07,368.098,3550.67,7.9318e-08,416.657,4465.65,3.13319e-07,471.621,5615.16,3.4613e-07,533.835,7058.61,-1.19199e-07,604.255,8870.02,-2.79964e-07,683.962,11141.4,-2.30521e-07,774.182,13986.7,-2.55099e-07,876.299,17546.4,1.23585e-07,991.883,21993.1,1.41192e-07,1122.71,27536.7,-9.71886e-08,1270.78,34430.7,-3.68368e-07,1438.38,42977.7,-3.45379e-07,1628.07,53532.7,-3.25328e-09,1842.77,66504.6,2.6362e-07,2085.77,82350.2,2.53445e-07,2360.79,101560,-2.47407e-08,2672.05,124632,-3.80602e-07,3024.31,152018,-4.79005e-07,3422.98,184060,-1.14379e-07,3874.15,220884,2.64297e-07,4384.72,262283,3.44131e-07,4962.49,307576,7.5349e-08,5616.29,355497,-3.63097e-07,6356.1,404126,-6.05442e-07,7193.18,450932,-2.72333e-07,8140.28,492963,2.29675e-07,9211.79,527178,4.3387e-07,10424,550893,-1.0711e-07,10.102,8.06553,2.81012,10.6436,8.57909,0.869423,11.5336,10.2515,0.270869,12.7211,12.7138,0.0844293,14.1823,15.9373,0.0263173,15.9122,20.0383,0.0082035,17.9198,25.2154,0.00255722,20.2244,31.7373,0.000797017,22.8539,39.9486,0.000248622,25.8438,50.2851,7.75492e-05,29.237,63.2963,2.42508e-05,33.0837,79.6738,7.67162e-06,37.4415,100.288,2.32837e-06,42.3767,126.236,7.33e-07,47.9646,158.896,2.79256e-07,54.2906,200.003,9.87351e-09,61.452,251.741,1.61085e-07,69.5585,316.859,-2.47141e-07,78.7347,398.812,8.93552e-08,89.1218,501.948,-2.53231e-07,100.879,631.736,-1.25047e-07,114.188,795.049,-1.78808e-07,129.252,1000.53,2.6733e-07,146.304,1259.03,4.50292e-07,165.605,1584.19,6.76904e-07,187.452,1993.12,-1.23808e-07,212.181,2507.27,-4.89068e-07,240.173,3153.54,-5.40284e-07,271.856,3965.56,1.86061e-07,307.719,4985.38,4.37004e-07,348.313,6265.4,3.59828e-07,394.26,7870.83,3.98192e-07,446.268,9882.51,-1.92908e-07,505.135,12400.3,-2.20392e-07,571.766,15546.9,1.51705e-07,647.184,19472.2,5.74996e-07,732.547,24357.4,5.39112e-07,829.167,30420,5.07815e-09,938.526,37916.3,-4.11492e-07,1062.3,47143.9,-3.9561e-07,1202.4,58439.2,3.86185e-08,1360.96,72169.3,5.94093e-07,1540.42,88715.8,7.47693e-07,1743.53,108445,1.78537e-07,1973.41,131665,-4.12549e-07,2233.57,158557,-5.37164e-07,2528,189103,-1.17615e-07,2861.2,222986,5.66769e-07,3238.27,259510,9.45053e-07,3664.97,297540,4.25093e-07,4147.81,335497,-3.58506e-07,4694.17,371444,-6.7724e-07,5312.37,403256,1.67192e-07,1.61744,3.89446,9.84394,3.28846,7.5504,12.774,5.07607,11.7187,13.6844,7.03202,16.8147,13.9681,9.20215,23.1769,14.0566,11.6301,31.1672,14.0841,14.3598,41.2186,14.0927,17.4376,53.8688,14.0954,20.9137,69.7915,14.0962,24.8432,89.8341,14.0965,29.2879,115.063,14.0966,34.3168,146.819,14.0966,40.0078,186.792,14.0966,46.4487,237.107,14.0966,53.7388,300.44,14.0966,61.9903,380.158,14.0966,71.3301,480.499,14.0966,81.902,606.796,14.0966,93.8685,765.761,14.0966,107.414,965.837,14.0966,122.746,1217.65,14.0966,140.101,1534.57,14.0966,159.745,1933.41,14.0966,181.981,2435.3,14.0966,207.15,3066.85,14.0966,235.64,3861.46,14.0966,267.889,4861.11,14.0966,304.391,6118.54,14.0966,345.709,7699.91,14.0966,392.478,9688.22,14.0966,445.417,12187.5,14.0966,505.339,15327.7,14.0966,573.165,19271.6,14.0966,649.938,24222,14.0966,736.839,30430.9,14.0966,835.202,38211.5,14.0966,946.539,47950.3,14.0966,1072.56,60122.8,14.0966,1215.21,75309.9,14.0966,1376.66,94216.2,14.0966,1559.41,117688,14.0966,1766.26,146729,14.0966,2000.39,182510,14.0966,2265.39,226372,14.0966,2565.33,279806,14.0966,2904.81,344416,14.0966,3289.05,421845,14.0966,3723.93,513667,14.0966,4216.13,621231,14.0966,4773.18,745478,14.0966,5403.64,886744,14.0966,6117.15,1.04457e+06,14.0966,6924.63,1.2176e+06,14.0966,11.7194,11.96,12.6541,13.9321,16.1295,13.6434,16.6097,21.9702,13.9553,19.7532,29.5285,14.0526,23.3844,39.1143,14.0829,27.5423,51.2054,14.0923,32.2796,66.434,14.0953,37.662,85.6061,14.0962,43.7675,109.74,14.0965,50.687,140.119,14.0966,58.5249,178.359,14.0966,67.4005,226.493,14.0966,77.4493,287.08,14.0966,88.8254,363.343,14.0966,101.703,459.336,14.0966,116.281,580.161,14.0966,132.782,732.241,14.0966,151.46,923.655,14.0966,172.603,1164.57,14.0966,196.535,1467.79,14.0966,223.625,1849.39,14.0966,254.288,2329.62,14.0966,288.997,2933.93,14.0966,328.285,3694.33,14.0966,372.755,4651.04,14.0966,423.092,5854.57,14.0966,480.07,7368.38,14.0966,544.564,9272.08,14.0966,617.566,11665.5,14.0966,700.197,14673.6,14.0966,793.729,18452.9,14.0966,899.599,23198.6,14.0966,1019.43,29154.1,14.0966,1155.07,36622.3,14.0966,1308.6,45977.9,14.0966,1482.39,57683.7,14.0966,1679.09,72307.8,14.0966,1901.73,90542.8,14.0966,2153.73,113226,14.0966,2438.97,141360,14.0966,2761.81,176127,14.0966,3127.22,218898,14.0966,3540.81,271226,14.0966,4008.92,334817,14.0966,4538.74,411470,14.0966,5138.38,502973,14.0966,5817.04,610948,14.0966,6585.12,736653,14.0966,7454.39,880741,14.0966,8438.15,1.04302e+06,14.0966,9551.45,1.22224e+06,14.0966,10811.3,1.41602e+06,14.0966,12237,1.62086e+06,14.0966,11.7194,11.96,12.6541,2.21263,4.16949,0.989383,2.67766,5.84076,0.311842,3.14343,7.55825,0.0972771,3.63127,9.58578,0.0303237,4.15787,12.0912,0.00945211,4.73731,15.2286,0.00294633,5.38238,19.1721,0.000918508,6.10553,24.134,0.000286163,6.91951,30.3791,8.92692e-05,7.83792,38.2397,2.78121e-05,8.87555,48.1338,8.65134e-06,10.0489,60.5876,2.7882e-06,11.3761,76.2629,8.29036e-07,12.8779,95.9927,2.4373e-07,14.5775,120.825,4.33068e-09,16.5012,152.08,1.75749e-07,18.6784,191.415,-1.86328e-07,21.1428,240.917,1.91829e-07,23.9322,303.213,-1.81475e-07,27.0895,381.602,7.0186e-08,30.6634,480.231,-2.86769e-08,34.7087,604.316,2.40784e-07,39.2876,760.401,9.87368e-08,44.4705,956.705,1.22263e-07,50.3371,1203.54,-4.31966e-07,56.9776,1513.81,-1.9705e-07,64.494,1903.69,-2.763e-08,73.0018,2393.4,3.9185e-07,82.6317,3008.13,1.35379e-07,93.5318,3779.25,-4.16351e-08,105.869,4745.7,2.06965e-08,119.834,5955.6,-3.18887e-07,135.641,7468.12,-1.48271e-08,153.531,9355.62,2.00739e-07,173.781,11705.8,2.28358e-07,196.701,14624.1,-1.93587e-08,222.642,18235,-2.88101e-07,252.003,22683.4,-2.24732e-07,285.234,28134,8.56806e-09,322.845,34767,2.34258e-07,365.413,42770.9,2.99668e-07,413.588,52327.9,8.28644e-08,468.111,63591.2,-3.07049e-07,529.814,76653.2,-3.1888e-07,599.642,91502.5,-6.72276e-08,678.662,107975,2.26339e-07,768.083,125705,3.69212e-07,869.267,144088,2.04077e-07,983.76,162277,-2.80509e-07,1113.3,179223,-4.22737e-07,1259.87,193777,-1.71951e-07,1425.68,204839,4.55555e-07,11.7194,11.96,12.6541,2.21263,4.16949,0.989383,2.67766,5.84076,0.311842,3.14343,7.55825,0.0972771,3.63127,9.58578,0.0303237,4.15787,12.0912,0.00945211,4.73731,15.2286,0.00294633,5.38238,19.1721,0.000918508,6.10553,24.134,0.000286163,6.91951,30.3791,8.92692e-05,7.83792,38.2397,2.78121e-05,8.87555,48.1338,8.65134e-06,10.0489,60.5876,2.7882e-06,11.3761,76.2629,8.29036e-07,12.8779,95.9927,2.4373e-07,14.5775,120.825,1e-08,16.5012,152.08,1.75749e-07,18.6784,191.415,1e-08,21.1428,240.917,1.91829e-07,23.9322,303.213,1e-08,27.0895,381.602,7.0186e-08,30.6634,480.231,1e-08,34.7087,604.316,2.40784e-07,39.2876,760.401,9.87368e-08,44.4705,956.705,1.22263e-07,50.3371,1203.54,1e-08,56.9776,1513.81,1e-08,64.494,1903.69,1e-08,73.0018,2393.4,3.9185e-07,82.6317,3008.13,1.35379e-07,93.5318,3779.25,1e-08,105.869,4745.7,2.06965e-08,119.834,5955.6,1e-08,135.641,7468.12,1e-08,153.531,9355.62,2.00739e-07,173.781,11705.8,2.28358e-07,196.701,14624.1,1e-08,222.642,18235,1e-08,252.003,22683.4,1e-08,285.234,28134,1e-08,322.845,34767,2.34258e-07,365.413,42770.9,2.99668e-07,413.588,52327.9,8.28644e-08,468.111,63591.2,1e-08,529.814,76653.2,1e-08,599.642,91502.5,1e-08,678.662,107975,2.26339e-07,768.083,125705,3.69212e-07,869.267,144088,2.04077e-07,983.76,162277,1e-08,1113.3,179223,1e-08,1259.87,193777,1e-08,1425.68,204839,4.55555e-07,6.2823,3.27286,2.43537,0.219672,6.18826,2.24117,0.56371,6.87772,2.63624,0.308279,5,7,12,2,4,0,1,4,0,2,4,0,9,11,1,6,10,0,7,13,0,2,29,0,7,7,0,1,32,0,3,34,0,13,37,0,14,45,0,25,98,0,6,93,0,7,97,0,20,58,0,18,93,0,13,388,0,24,407,0,41,329,0,33,253,0,18,812,0,40,345,0,22,1205,0,54,2246,0,43,951,0,77,1626,0,63,1297,0,46,3211,0,80,3687,0,46,6602,0,59,7051,0,232,7894,0,236,6318,0,145,9128,0,189,32839,0,198,20636,0,349,18110,0,203,19745,0,386,41603,0,329,57199,0,493,48197,0,793,58977,0,1223,152945,0,578,43106,0,1785,137394,0,887,48424,0,854,114866,0,507,213905,0,1938,222282,0,1851,221186,0,2063,173799,0
-1.05176e+08,1,8.88811e-15,10,1023,0,1.05176e+08,0.528882,1.08665,0.389689,0.145397,0.379329,3.24381,0.161596,0.446195,1.77396,0.159177,1.15e+07,4.49998e+06,6.79999e+06,1.15e+07,4.49997e+06,6.79999e+06,1.15e+07,4.49996e+06,6.79999e+06,1.15e+07,4.49995e+06,6.79999e+06,1.14999e+07,4.49993e+06,6.79999e+06,1.14999e+07,4.49991e+06,6.79999e+06,1.14999e+07,4.49989e+06,6.79999e+06,1.14999e+07,4.49986e+06,6.79999e+06,1.14999e+07,4.49982e+06,6.79999e+06,1.14999e+07,4.49977e+06,6.79999e+06,1.14999e+07,4.49971e+06,6.79999e+06,1.14999e+07,4.49963e+06,6.79999e+06,1.14998e+07,4.49953e+06,6.79999e+06,1.14998e+07,4.49941e+06,6.79999e+06,1.14998e+07,4.49926e+06,6.79999e+06,1.14998e+07,4.49906e+06,6.79999e+06,1.14997e+07,4.49882e+06,6.79999e+06,1.14997e+07,4.49851e+06,6.79999e+06,1.14997e+07,4.49812e+06,6.79999e+06,1.14996e+07,4.49764e+06,6.79999e+06,1.14996e+07,4.49702e+06,6.79999e+06,1.14995e+07,4.49625e+06,6.79999e+06,1.14995e+07,4.49528e+06,6.79999e+06,1.14994e+07,4.49406e+06,6.79999e+06,1.14993e+07,4.49253e+06,6.79999e+06,1.14992e+07,4.49059e+06,6.79999e+06,1.14991e+07,4.48817e+06,6.79999e+06,1.1499e+07,4.48511e+06,6.79999e+06,1.14988e+07,4.48128e+06,6.79999e+06,1.14987e+07,4.47646e+06,6.79999e+06,1.14985e+07,4.47041e+06,6.79999e+06,1.14983e+07,4.46281e+06,6.79999e+06,1.14981e+07,4.4533e+06,6.79999e+06,1.14979e+07,4.44138e+06,6.79999e+06,1.14976e+07,4.42649e+06,6.79999e+06,1.14972e+07,4.40789e+06,6.79999e+06,1.14969e+07,4.38471e+06,6.79999e+06,1.14965e+07,4.35592e+06,6.79999e+06,1.1496e+07,4.32027e+06,6.79999e+06,1.14955e+07,4.27629e+06,6.79999e+06,1.14949e+07,4.22231e+06,6.79999e+06,1.14942e+07,4.15647e+06,6.79999e+06,1.14934e+07,4.07676e+06,6.79999e+06,1.14926e+07,3.98112e+06,6.79999e+06,1.14916e+07,3.86765e+06,6.79999e+06,1.14905e+07,3.73474e+06,6.79999e+06,1.14892e+07,3.58148e+06,6.79999e+06,1.14878e+07,3.40785e+06,6.79999e+06,1.14862e+07,3.21513e+06,6.79999e+06,1.14844e+07,3.00605e+06,6.79999e+06,1.14823e+07,2.7848e+06,6.79999e+06,1.148e+07,2.5568e+06,6.79999e+06,1.14773e+07,2.32825e+06,6.79999e+06,13.5742,8.52444,0.508366,16.8306,13.2585,0.162638,20.0035,17.569,0.0507846,23.2616,22.4214,0.0158319,26.7328,28.3297,0.00493498,30.5212,35.6974,0.00153831,34.7178,44.9473,0.000479527,39.4086,56.5822,0.000149456,44.6796,71.2245,4.66214e-05,50.6209,89.6543,1.45419e-05,57.3297,112.852,4.54748e-06,64.9129,142.051,1.43857e-06,73.4897,178.803,4.36618e-07,83.1934,225.062,1.40153e-07,94.1745,283.286,4.96378e-08,106.602,356.568,1.05434e-07,120.669,448.799,-6.49244e-08,136.59,564.873,1.70148e-07,154.611,710.948,-5.34594e-08,175.008,894.767,1.63407e-07,198.097,1126.06,8.04804e-08,224.231,1417.07,1.14667e-07,253.813,1783.15,-1.71227e-07,287.297,2243.62,-2.88466e-07,325.198,2822.67,-4.33651e-07,368.098,3550.67,7.9318e-08,416.657,4465.65,3.13319e-07,471.621,5615.16,3.4613e-07,533.835,7058.61,-1.19199e-07,604.255,8870.02,-2.79964e-07,683.962,11141.4,-2.30521e-07,774.182,13986.7,-2.55099e-07,876.299,17546.4,1.23585e-07,991.883,21993.1,1.41192e-07,1122.71,27536.7,-9.71886e-08,1270.78,34430.7,-3.68368e-07,1438.38,42977.7,-3.45379e-07,1628.07,53532.7,-3.25328e-09,1842.77,66504.6,2.6362e-07,2085.77,82350.2,2.53445e-07,2360.79,101560,-2.47407e-08,2672.05,124632,-3.80602e-07,3024.31,152018,-4.79005e-07,3422.98,184060,-1.14379e-07,3874.15,220884,2.64297e-07,4384.72,262283,3.44131e-07,4962.49,307576,7.5349e-08,5616.29,355497,-3.63097e-07,6356.1,404126,-6.05442e-07,7193.18,450932,-2.72333e-07,8140.28,492963,2.29675e-07,9211.79,527178,4.3387e-07,10424,550893,-1.0711e-07,10.102,8.06553,2.81012,10.6436,8.57909,0.869423,11.5336,10.2515,0.270869,12.7211,12.7138,0.0844293,14.1823,15.9373,0.0263173,15.9122,20.0383,0.0082035,17.9198,25.2154,0.00255722,20.2244,31.7373,0.000797017,22.8539,39.9486,0.000248622,25.8438,50.2851,7.75492e-05,29.237,63.2963,2.42508e-05,33.0837,79.6738,7.67162e-06,37.4415,100.288,2.32837e-06,42.3767,126.236,7.33e-07,47.9646,158.896,2.79256e-07,54.2906,200.003,9.87351e-09,61.452,251.741,1.61085e-07,69.5585,316.859,-2.47141e-07,78.7347,398.812,8.93552e-08,89.1218,501.948,-2.53231e-07,100.879,631.736,-1.25047e-07,114.188,795.049,-1.78808e-07,129.252,1000.53,2.6733e-07,146.304,1259.03,4.50292e-07,165.605,1584.19,6.76904e-07,187.452,1993.12,-1.23808e-07,212.181,2507.27,-4.89068e-07,240.173,3153.54,-5.40284e-07,271.856,3965.56,1.86061e-07,307.719,4985.38,4.37004e-07,348.313,6265.4,3.59828e-07,394.26,7870.83,3.98192e-07,446.268,9882.51,-1.92908e-07,505.135,12400.3,-2.20392e-07,571.766,15546.9,1.51705e-07,647.184,19472.2,5.74996e-07,732.547,24357.4,5.39112e-07,829.167,30420,5.07815e-09,938.526,37916.3,-4.11492e-07,1062.3,47143.9,-3.9561e-07,1202.4,58439.2,3.86185e-08,1360.96,72169.3,5.94093e-07,1540.42,88715.8,7.47693e-07,1743.53,108445,1.78537e-07,1973.41,131665,-4.12549e-07,2233.57,158557,-5.37164e-07,2528,189103,-1.17615e-07,2861.2,222986,5.66769e-07,3238.27,259510,9.45053e-07,3664.97,297540,4.25093e-07,4147.81,335497,-3.58506e-07,4694.17,371444,-6.7724e-07,5312.37,403256,1.67192e-07,1.61744,3.89446,9.84394,3.28846,7.5504,12.774,5.07607,11.7187,13.6844,7.03202,16.8147,13.9681,9.20215,23.1769,14.0566,11.6301,31.1672,14.0841,14.3598,41.2186,14.0927,17.4376,53.8688,14.0954,20.9137,69.7915,14.0962,24.8432,89.8341,14.0965,29.2879,115.063,14.0966,34.3168,146.819,14.0966,40.0078,186.792,14.0966,46.4487,237.107,14.0966,53.7388,300.44,14.0966,61.9903,380.158,14.0966,71.3301,480.499,14.0966,81.902,606.796,14.0966,93.8685,765.761,14.0966,107.414,965.837,14.0966,122.746,1217.65,14.0966,140.101,1534.57,14.0966,159.745,1933.41,14.0966,181.981,2435.3,14.0966,207.15,3066.85,14.0966,235.64,3861.46,14.0966,267.889,4861.11,14.0966,304.391,6118.54,14.0966,345.709,7699.91,14.0966,392.478,9688.22,14.0966,445.417,12187.5,14.0966,505.339,15327.7,14.0966,573.165,19271.6,14.0966,649.938,24222,14.0966,736.839,30430.9,14.0966,835.202,38211.5,14.0966,946.539,47950.3,14.0966,1072.56,60122.8,14.0966,1215.21,75309.9,14.0966,1376.66,94216.2,14.0966,1559.41,117688,14.0966,1766.26,146729,14.0966,2000.39,182510,14.0966,2265.39,226372,14.0966,2565.33,279806,14.0966,2904.81,344416,14.0966,3289.05,421845,14.0966,3723.93,513667,14.0966,4216.13,621231,14.0966,4773.18,745478,14.0966,5403.64,886744,14.0966,6117.15,1.04457e+06,14.0966,6924.63,1.2176e+06,14.0966,11.7194,11.96,12.6541,13.9321,16.1295,13.6434,16.6097,21.9702,13.9553,19.7532,29.5285,14.0526,23.3844,39.1143,14.0829,27.5423,51.2054,14.0923,32.2796,66.434,14.0953,37.662,85.6061,14.0962,43.7675,109.74,14.0965,50.687,140.119,14.0966,58.5249,178.359,14.0966,67.4005,226.493,14.0966,77.4493,287.08,14.0966,88.8254,363.343,14.0966,101.703,459.336,14.0966,116.281,580.161,14.0966,132.782,732.241,14.0966,151.46,923.655,14.0966,172.603,1164.57,14.0966,196.535,1467.79,14.0966,223.625,1849.39,14.0966,254.288,2329.62,14.0966,288.997,2933.93,14.0966,328.285,3694.33,14.0966,372.755,4651.04,14.0966,423.092,5854.57,14.0966,480.07,7368.38,14.0966,544.564,9272.08,14.0966,617.566,11665.5,14.0966,700.197,14673.6,14.0966,793.729,18452.9,14.0966,899.599,23198.6,14.0966,1019.43,29154.1,14.0966,1155.07,36622.3,14.0966,1308.6,45977.9,14.0966,1482.39,57683.7,14.0966,1679.09,72307.8,14.0966,1901.73,90542.8,14.0966,2153.73,113226,14.0966,2438.97,141360,14.0966,2761.81,176127,14.0966,3127.22,218898,14.0966,3540.81,271226,14.0966,4008.92,334817,14.0966,4538.74,411470,14.0966,5138.38,502973,14.0966,5817.04,610948,14.0966,6585.12,736653,14.0966,7454.39,880741,14.0966,8438.15,1.04302e+06,14.0966,9551.45,1.22224e+06,14.0966,10811.3,1.41602e+06,14.0966,12237,1.62086e+06,14.0966,11.7194,11.96,12.6541,2.21263,4.16949,0.989383,2.67766,5.84076,0.311842,3.14343,7.55825,0.0972771,3.63127,9.58578,0.0303237,4.15787,12.0912,0.00945211,4.73731,15.2286,0.00294633,5.38238,19.1721,0.000918508,6.10553,24.134,0.000286163,6.91951,30.3791,8.92692e-05,7.83792,38.2397,2.78121e-05,8.87555,48.1338,8.65134e-06,10.0489,60.5876,2.7882e-06,11.3761,76.2629,8.29036e-07,12.8779,95.9927,2.4373e-07,14.5775,120.825,4.33068e-09,16.5012,152.08,1.75749e-07,18.6784,191.415,-1.86328e-07,21.1428,240.917,1.91829e-07,23.9322,303.213,-1.81475e-07,27.0895,381.602,7.0186e-08,30.6634,480.231,-2.86769e-08,34.7087,604.316,2.40784e-07,39.2876,760.401,9.87368e-08,44.4705,956.705,1.22263e-07,50.3371,1203.54,-4.31966e-07,56.9776,1513.81,-1.9705e-07,64.494,1903.69,-2.763e-08,73.0018,2393.4,3.9185e-07,82.6317,3008.13,1.35379e-07,93.5318,3779.25,-4.16351e-08,105.869,4745.7,2.06965e-08,119.834,5955.6,-3.18887e-07,135.641,7468.12,-1.48271e-08,153.531,9355.62,2.00739e-07,173.781,11705.8,2.28358e-07,196.701,14624.1,-1.93587e-08,222.642,18235,-2.88101e-07,252.003,22683.4,-2.24732e-07,285.234,28134,8.56806e-09,322.845,34767,2.34258e-07,365.413,42770.9,2.99668e-07,413.588,52327.9,8.28644e-08,468.111,63591.2,-3.07049e-07,529.814,76653.2,-3.1888e-07,599.642,91502.5,-6.72276e-08,678.662,107975,2.26339e-07,768.083,125705,3.69212e-07,869.267,144088,2.04077e-07,983.76,162277,-2.80509e-07,1113.3,179223,-4.22737e-07,1259.87,193777,-1.71951e-07,1425.68,204839,4.55555e-07,11.7194,11.96,12.6541,2.21263,4.16949,0.989383,2.67766,5.84076,0.311842,3.14343,7.55825,0.0972771,3.63127,9.58578,0.0303237,4.15787,12.0912,0.00945211,4.73731,15.2286,0.00294633,5.38238,19.1721,0.000918508,6.10553,24.134,0.000286163,6.91951,30.3791,8.92692e-05,7.83792,38.2397,2.78121e-05,8.87555,48.1338,8.65134e-06,10.0489,60.5876,2.7882e-06,11.3761,76.2629,8.29036e-07,12.8779,95.9927,2.4373e-07,14.5775,120.825,1e-08,16.5012,152.08,1.75749e-07,18.6784,191.415,1e-08,21.1428,240.917,1.91829e-07,23.9322,303.213,1e-08,27.0895,381.602,7.0186e-08,30.6634,480.231,1e-08,34.7087,604.316,2.40784e-07,39.2876,760.401,9.87368e-08,44.4705,956.705,1.22263e-07,50.3371,1203.54,1e-08,56.9776,1513.81,1e-08,64.494,1903.69,1e-08,73.0018,2393.4,3.9185e-07,82.6317,3008.13,1.35379e-07,93.5318,3779.25,1e-08,105.869,4745.7,2.06965e-08,119.834,5955.6,1e-08,135.641,7468.12,1e-08,153.531,9355.62,2.00739e-07,173.781,11705.8,2.28358e-07,196.701,14624.1,1e-08,222.642,18235,1e-08,252.003,22683.4,1e-08,285.234,28134,1e-08,322.845,34767,2.34258e-07,365.413,42770.9,2.99668e-07,413.588,52327.9,8.28644e-08,468.111,63591.2,1e-08,529.814,76653.2,1e-08,599.642,91502.5,1e-08,678.662,107975,2.26339e-07,768.083,125705,3.69212e-07,869.267,144088,2.04077e-07,983.76,162277,1e-08,1113.3,179223,1e-08,1259.87,193777,1e-08,1425.68,204839,4.55555e-07,6.2823,3.27286,2.43537,0.219672,6.18826,2.24117,0.56371,6.87772,2.63624,0.308279,6,12,31,3,3,0,4,3,1,1,14,0,3,8,0,2,7,0,5,11,0,8,18,0,6,34,0,15,17,0,9,30,0,8,41,0,15,84,0,6,102,0,4,108,0,14,111,0,31,200,0,26,205,0,22,328,0,29,303,0,19,284,0,43,253,0,35,643,0,23,764,0,37,614,0,47,1562,0,73,773,0,87,1804,0,122,1683,0,75,3949,0,130,5161,0,108,6440,0,54,9345,0,98,7530,0,190,13062,0,178,4657,0,170,29120,0,171,5331,0,302,34780,0,256,15588,0,298,40079,0,256,48253,0,316,89839,0,309,76088,0,552,52136,0,500,100938,0,884,58631,0,523,187019,0,779,89402,0,1347,173637,0,1206,141694,0,771,209464,0,1082,146465,0
-1.05176e+08,1,8.88811e-15,10,1023,0,1.05176e+08,0.528882,1.08665,0.389689,0.145397,0.379329,3.24381,0.161596,0.446195,1.77396,0.159177,1.15e+07,4.49998e+06,6.79999e+06,1.15e+07,4.49997e+06,6.79999e+06,1.15e+07,4.49996e+06,6.79999e+06,1.15e+07,4.49995e+06,6.79999e+06,1.14999e+07,4.49993e+06,6.79999e+06,1.14999e+07,4.49991e+06,6.79999e+06,1.14999e+07,4.49989e+06,6.79999e+06,1.14999e+07,4.49986e+06,6.79999e+06,1.14999e+07,4.49982e+06,6.79999e+06,1.14999e+07,4.49977e+06,6.79999e+06,1.14999e+07,4.49971e+06,6.79999e+06,1.14999e+07,4.49963e+06,6.79999e+06,1.14998e+07,4.49953e+06,6.79999e+06,1.14998e+07,4.49941e+06,6.79999e+06,1.14998e+07,4.49926e+06,6.79999e+06,1.14998e+07,4.49906e+06,6.79999e+06,1.14997e+07,4.49882e+06,6.79999e+06,1.14997e+07,4.49851e+06,6.79999e+06,1.14997e+07,4.49812e+06,6.79999e+06,1.14996e+07,4.49764e+06,6.79999e+06,1.14996e+07,4.49702e+06,6.79999e+06,1.14995e+07,4.49625e+06,6.79999e+06,1.14995e+07,4.49528e+06,6.79999e+06,1.14994e+07,4.49406e+06,6.79999e+06,1.14993e+07,4.49253e+06,6.79999e+06,1.14992e+07,4.49059e+06,6.79999e+06,1.14991e+07,4.48817e+06,6.79999e+06,1.1499e+07,4.48511e+06,6.79999e+06,1.14988e+07,4.48128e+06,6.79999e+06,1.14987e+07,4.47646e+06,6.79999e+06,1.14985e+07,4.47041e+06,6.79999e+06,1.14983e+07,4.46281e+06,6.79999e+06,1.14981e+07,4.4533e+06,6.79999e+06,1.14979e+07,4.44138e+06,6.79999e+06,1.14976e+07,4.42649e+06,6.79999e+06,1.14972e+07,4.40789e+06,6.79999e+06,1.14969e+07,4.38471e+06,6.79999e+06,1.14965e+07,4.35592e+06,6.79999e+06,1.1496e+07,4.32027e+06,6.79999e+06,1.14955e+07,4.27629e+06,6.79999e+06,1.14949e+07,4.22231e+06,6.79999e+06,1.14942e+07,4.15647e+06,6.79999e+06,1.14934e+07,4.07676e+06,6.79999e+06,1.14926e+07,3.98112e+06,6.79999e+06,1.14916e+07,3.86765e+06,6.79999e+06,1.14905e+07,3.73474e+06,6.79999e+06,1.14892e+07,3.58148e+06,6.79999e+06,1.14878e+07,3.40785e+06,6.79999e+06,1.14862e+07,3.21513e+06,6.79999e+06,1.14844e+07,3.00605e+06,6.79999e+06,1.14823e+07,2.7848e+06,6.79999e+06,1.148e+07,2.5568e+06,6.79999e+06,1.14773e+07,2.32825e+06,6.79999e+06,13.5742,8.52444,0.508366,16.8306,13.2585,0.162638,20.0035,17.569,0.0507846,23.2616,22.4214,0.0158319,26.7328,28.3297,0.00493498,30.5212,35.6974,0.00153831,34.7178,44.9473,0.000479527,39.4086,56.5822,0.000149456,44.6796,71.2245,4.66214e-05,50.6209,89.6543,1.45419e-05,57.3297,112.852,4.54748e-06,64.9129,142.051,1.43857e-06,73.4897,178.803,4.36618e-07,83.1934,225.062,1.40153e-07,94.1745,283.286,4.96378e-08,106.602,356.568,1.05434e-07,120.669,448.799,-6.49244e-08,136.59,564.873,1.70148e-07,154.611,710.948,-5.34594e-08,175.008,894.767,1.63407e-07,198.097,1126.06,8.04804e-08,224.231,1417.07,1.14667e-07,253.813,1783.15,-1.71227e-07,287.297,2243.62,-2.88466e-07,325.198,2822.67,-4.33651e-07,368.098,3550.67,7.9318e-08,416.657,4465.65,3.13319e-07,471.621,5615.16,3.4613e-07,533.835,7058.61,-1.19199e-07,604.255,8870.02,-2.79964e-07,683.962,11141.4,-2.30521e-07,774.182,13986.7,-2.55099e-07,876.299,17546.4,1.23585e-07,991.883,21993.1,1.41192e-07,1122.71,27536.7,-9.71886e-08,1270.78,34430.7,-3.68368e-07,1438.38,42977.7,-3.45379e-07,1628.07,53532.7,-3.25328e-09,1842.77,66504.6,2.6362e-07,2085.77,82350.2,2.53445e-07,2360.79,101560,-2.47407e-08,2672.05,124632,-3.80602e-07,3024.31,152018,-4.79005e-07,3422.98,184060,-1.14379e-07,3874.15,220884,2.64297e-07,4384.72,262283,3.44131e-07,4962.49,307576,7.5349e-08,5616.29,355497,-3.63097e-07,6356.1,404126,-6.05442e-07,7193.18,450932,-2.72333e-07,8140.28,492963,2.29675e-07,9211.79,527178,4.3387e-07,10424,550893,-1.0711e-07,10.102,8.06553,2.81012,10.6436,8.57909,0.869423,11.5336,10.2515,0.270869,12.7211,12.7138,0.0844293,14.1823,15.9373,0.0263173,15.9122,20.0383,0.0082035,17.9198,25.2154,0.00255722,20.2244,31.7373,0.000797017,22.8539,39.9486,0.000248622,25.8438,50.2851,7.75492e-05,29.237,63.2963,2.42508e-05,33.0837,79.6738,7.67162e-06,37.4415,100.288,2.32837e-06,42.3767,126.236,7.33e-07,47.9646,158.896,2.79256e-07,54.2906,200.003,9.87351e-09,61.452,251.741,1.61085e-07,69.5585,316.859,-2.47141e-07,78.7347,398.812,8.93552e-08,89.1218,501.948,-2.53231e-07,100.879,631.736,-1.25047e-07,114.188,795.049,-1.78808e-07,129.252,1000.53,2.6733e-07,146.304,1259.03,4.50292e-07,165.605,1584.19,6.76904e-07,187.452,1993.12,-1.23808e-07,212.181,2507.27,-4.89068e-07,240.173,3153.54,-5.40284e-07,271.856,3965.56,1.86061e-07,307.719,4985.38,4.37004e-07,348.313,6265.4,3.59828e-07,394.26,7870.83,3.98192e-07,446.268,9882.51,-1.92908e-07,505.135,12400.3,-2.20392e-07,571.766,15546.9,1.51705e-07,647.184,19472.2,5.74996e-07,732.547,24357.4,5.39112e-07,829.167,30420,5.07815e-09,938.526,37916.3,-4.11492e-07,1062.3,47143.9,-3.9561e-07,1202.4,58439.2,3.86185e-08,1360.96,72169.3,5.94093e-07,1540.42,88715.8,7.47693e-07,1743.53,108445,1.78537e-07,1973.41,131665,-4.12549e-07,2233.57,158557,-5.37164e-07,2528,189103,-1.17615e-07,2861.2,222986,5.66769e-07,3238.27,259510,9.45053e-07,3664.97,297540,4.25093e-07,4147.81,335497,-3.58506e-07,4694.17,371444,-6.7724e-07,5312.37,403256,1.67192e-07,1.61744,3.89446,9.84394,3.28846,7.5504,12.774,5.07607,11.7187,13.6844,7.03202,16.8147,13.9681,9.20215,23.1769,14.0566,11.6301,31.1672,14.0841,14.3598,41.2186,14.0927,17.4376,53.8688,14.0954,20.9137,69.7915,14.0962,24.8432,89.8341,14.0965,29.2879,115.063,14.0966,34.3168,146.819,14.0966,40.0078,186.792,14.0966,46.4487,237.107,14.0966,53.7388,300.44,14.0966,61.9903,380.158,14.0966,71.3301,480.499,14.0966,81.902,606.796,14.0966,93.8685,765.761,14.0966,107.414,965.837,14.0966,122.746,1217.65,14.0966,140.101,1534.57,14.0966,159.745,1933.41,14.0966,181.981,2435.3,14.0966,207.15,3066.85,14.0966,235.64,3861.46,14.0966,267.889,4861.11,14.0966,304.391,6118.54,14.0966,345.709,7699.91,14.0966,392.478,9688.22,14.0966,445.417,12187.5,14.0966,505.339,15327.7,14.0966,573.165,19271.6,14.0966,649.938,24222,14.0966,736.839,30430.9,14.0966,835.202,38211.5,14.0966,946.539,47950.3,14.0966,1072.56,60122.8,14.0966,1215.21,75309.9,14.0966,1376.66,94216.2,14.0966,1559.41,117688,14.0966,1766.26,146729,14.0966,2000.39,182510,14.0966,2265.39,226372,14.0966,2565.33,279806,14.0966,2904.81,344416,14.0966,3289.05,421845,14.0966,3723.93,513667,14.0966,4216.13,621231,14.0966,4773.18,745478,14.0966,5403.64,886744,14.0966,6117.15,1.04457e+06,14.0966,6924.63,1.2176e+06,14.0966,11.7194,11.96,12.6541,13.9321,16.1295,13.6434,16.6097,21.9702,13.9553,19.7532,29.5285,14.0526,23.3844,39.1143,14.0829,27.5423,51.2054,14.0923,32.2796,66.434,14.0953,37.662,85.6061,14.0962,43.7675,109.74,14.0965,50.687,140.119,14.0966,58.5249,178.359,14.0966,67.4005,226.493,14.0966,77.4493,287.08,14.0966,88.8254,363.343,14.0966,101.703,459.336,14.0966,116.281,580.161,14.0966,132.782,732.241,14.0966,151.46,923.655,14.0966,172.603,1164.57,14.0966,196.535,1467.79,14.0966,223.625,1849.39,14.0966,254.288,2329.62,14.0966,288.997,2933.93,14.0966,328.285,3694.33,14.0966,372.755,4651.04,14.0966,423.092,5854.57,14.0966,480.07,7368.38,14.0966,544.564,9272.08,14.0966,617.566,11665.5,14.0966,700.197,14673.6,14.0966,793.729,18452.9,14.0966,899.599,23198.6,14.0966,1019.43,29154.1,14.0966,1155.07,36622.3,14.0966,1308.6,45977.9,14.0966,1482.39,57683.7,14.0966,1679.09,72307.8,14.0966,1901.73,90542.8,14.0966,2153.73,113226,14.0966,2438.97,141360,14.0966,2761.81,176127,14.0966,3127.22,218898,14.0966,3540.81,271226,14.0966,4008.92,334817,14.0966,4538.74,411470,14.0966,5138.38,502973,14.0966,5817.04,610948,14.0966,6585.12,736653,14.0966,7454.39,880741,14.0966,8438.15,1.04302e+06,14.0966,9551.45,1.22224e+06,14.0966,10811.3,1.41602e+06,14.0966,12237,1.62086e+06,14.0966,11.7194,11.96,12.6541,2.21263,4.16949,0.989383,2.67766,5.84076,0.311842,3.14343,7.55825,0.0972771,3.63127,9.58578,0.0303237,4.15787,12.0912,0.00945211,4.73731,15.2286,0.00294633,5.38238,19.1721,0.000918508,6.10553,24.134,0.000286163,6.91951,30.3791,8.92692e-05,7.83792,38.2397,2.78121e-05,8.87555,48.1338,8.65134e-06,10.0489,60.5876,2.7882e-06,11.3761,76.2629,8.29036e-07,12.8779,95.9927,2.4373e-07,14.5775,120.825,4.33068e-09,16.5012,152.08,1.75749e-07,18.6784,191.415,-1.86328e-07,21.1428,240.917,1.91829e-07,23.9322,303.213,-1.81475e-07,27.0895,381.602,7.0186e-08,30.6634,480.231,-2.86769e-08,34.7087,604.316,2.40784e-07,39.2876,760.401,9.87368e-08,44.4705,956.705,1.22263e-07,50.3371,1203.54,-4.31966e-07,56.9776,1513.81,-1.9705e-07,64.494,1903.69,-2.763e-08,73.0018,2393.4,3.9185e-07,82.6317,3008.13,1.35379e-07,93.5318,3779.25,-4.16351e-08,105.869,4745.7,2.06965e-08,119.834,5955.6,-3.18887e-07,135.641,7468.12,-1.48271e-08,153.531,9355.62,2.00739e-07,173.781,11705.8,2.28358e-07,196.701,14624.1,-1.93587e-08,222.642,18235,-2.88101e-07,252.003,22683.4,-2.24732e-07,285.234,28134,8.56806e-09,322.845,34767,2.34258e-07,365.413,42770.9,2.99668e-07,413.588,52327.9,8.28644e-08,468.111,63591.2,-3.07049e-07,529.814,76653.2,-3.1888e-07,599.642,91502.5,-6.72276e-08,678.662,107975,2.26339e-07,768.083,125705,3.69212e-07,869.267,144088,2.04077e-07,983.76,162277,-2.80509e-07,1113.3,179223,-4.22737e-07,1259.87,193777,-1.71951e-07,1425.68,204839,4.55555e-07,11.7194,11.96,12.6541,2.21263,4.16949,0.989383,2.67766,5.84076,0.311842,3.14343,7.55825,0.0972771,3.63127,9.58578,0.0303237,4.15787,12.0912,0.00945211,4.73731,15.2286,0.00294633,5.38238,19.1721,0.000918508,6.10553,24.134,0.000286163,6.91951,30.3791,8.92692e-05,7.83792,38.2397,2.78121e-05,8.87555,48.1338,8.65134e-06,10.0489,60.5876,2.7882e-06,11.3761,76.2629,8.29036e-07,12.8779,95.9927,2.4373e-07,14.5775,120.825,1e-08,16.5012,152.08,1.75749e-07,18.6784,191.415,1e-08,21.1428,240.917,1.91829e-07,23.9322,303.213,1e-08,27.0895,381.602,7.0186e-08,30.6634,480.231,1e-08,34.7087,604.316,2.40784e-07,39.2876,760.401,9.87368e-08,44.4705,956.705,1.22263e-07,50.3371,1203.54,1e-08,56.9776,1513.81,1e-08,64.494,1903.69,1e-08,73.0018,2393.4,3.9185e-07,82.6317,3008.13,1.35379e-07,93.5318,3779.25,1e-08,105.869,4745.7,2.06965e-08,119.834,5955.6,1e-08,135.641,7468.12,1e-08,153.531,9355.62,2.00739e-07,173.781,11705.8,2.28358e-07,196.701,14624.1,1e-08,222.642,18235,1e-08,252.003,22683.4,1e-08,285.234,28134,1e-08,322.845,34767,2.34258e-07,365.413,42770.9,2.99668e-07,413.588,52327.9,8.28644e-08,468.111,63591.2,1e-08,529.814,76653.2,1e-08,599.642,91502.5,1e-08,678.662,107975,2.26339e-07,768.083,125705,3.69212e-07,869.267,144088,2.04077e-07,983.76,162277,1e-08,1113.3,179223,1e-08,1259.87,193777,1e-08,1425.68,204839,4.55555e-07,6.2823,3.27286,2.43537,0.219672,6.18826,2.24117,0.56371,6.87772,2.63624,0.308279,3,9,19,1,5,1,5,4,1,1,11,0,6,5,0,10,12,0,4,23,0,0,12,0,7,26,0,6,47,0,6,26,0,15,67,0,17,95,0,13,62,0,8,35,0,12,231,0,29,166,0,12,243,0,17,308,0,10,233,0,20,273,0,44,303,0,37,462,0,26,811,0,42,700,0,36,1328,0,75,1134,0,97,907,0,44,1983,0,83,6710,0,107,3202,0,113,6027,0,70,6784,0,167,6289,0,156,9162,0,131,14794,0,107,10234,0,269,22718,0,224,33752,0,404,38049,0,347,17650,0,107,40160,0,870,26715,0,537,51557,0,313,99219,0,591,149387,0,586,98398,0,583,209081,0,688,63972,0,871,187926,0,698,113223,0,2246,192910,0,2366,221669,0
-1.05176e+08,1,8.88811e-15,10,1023,0,1.05176e+08,0.528882,1.08665,0.389689,0.145397,0.379329,3.24381,0.161596,0.446195,1.77396,0.159177,1.15e+07,4.49998e+06,6.79999e+06,1.15e+07,4.49997e+06,6.79999e+06,1.15e+07,4.49996e+06,6.79999e+06,1.15e+07,4.49995e+06,6.79999e+06,1.14999e+07,4.49993e+06,6.79999e+06,1.14999e+07,4.49991e+06,6.79999e+06,1.14999e+07,4.49989e+06,6.79999e+06,1.14999e+07,4.49986e+06,6.79999e+06,1.14999e+07,4.49982e+06,6.79999e+06,1.14999e+07,4.49977e+06,6.79999e+06,1.14999e+07,4.49971e+06,6.79999e+06,1.14999e+07,4.49963e+06,6.79999e+06,1.14998e+07,4.49953e+06,6.79999e+06,1.14998e+07,4.49941e+06,6.79999e+06,1.14998e+07,4.49926e+06,6.79999e+06,1.14998e+07,4.49906e+06,6.79999e+06,1.14997e+07,4.49882e+06,6.79999e+06,1.14997e+07,4.49851e+06,6.79999e+06,1.14997e+07,4.49812e+06,6.79999e+06,1.14996e+07,4.49764e+06,6.79999e+06,1.14996e+07,4.49702e+06,6.79999e+06,1.14995e+07,4.49625e+06,6.79999e+06,1.14995e+07,4.49528e+06,6.79999e+06,1.14994e+07,4.49406e+06,6.79999e+06,1.14993e+07,4.49253e+06,6.79999e+06,1.14992e+07,4.49059e+06,6.79999e+06,1.14991e+07,4.48817e+06,6.79999e+06,1.1499e+07,4.48511e+06,6.79999e+06,1.14988e+07,4.48128e+06,6.79999e+06,1.14987e+07,4.47646e+06,6.79999e+06,1.14985e+07,4.47041e+06,6.79999e+06,1.14983e+07,4.46281e+06,6.79999e+06,1.14981e+07,4.4533e+06,6.79999e+06,1.14979e+07,4.44138e+06,6.79999e+06,1.14976e+07,4.42649e+06,6.79999e+06,1.14972e+07,4.40789e+06,6.79999e+06,1.14969e+07,4.38471e+06,6.79999e+06,1.14965e+07,4.35592e+06,6.79999e+06,1.1496e+07,4.32027e+06,6.79999e+06,1.14955e+07,4.27629e+06,6.79999e+06,1.14949e+07,4.22231e+06,6.79999e+06,1.14942e+07,4.15647e+06,6.79999e+06,1.14934e+07,4.07676e+06,6.79999e+06,1.14926e+07,3.98112e+06,6.79999e+06,1.14916e+07,3.86765e+06,6.79999e+06,1.14905e+07,3.73474e+06,6.79999e+06,1.14892e+07,3.58148e+06,6.79999e+06,1.14878e+07,3.40785e+06,6.79999e+06,1.14862e+07,3.21513e+06,6.79999e+06,1.14844e+07,3.00605e+06,6.79999e+06,1.14823e+07,2.7848e+06,6.79999e+06,1.148e+07,2.5568e+06,6.79999e+06,1.14773e+07,2.32825e+06,6.79999e+06,13.5742,8.52444,0.508366,16.8306,13.2585,0.162638,20.0035,17.569,0.0507846,23.2616,22.4214,0.0158319,26.7328,28.3297,0.00493498,30.5212,35.6974,0.00153831,34.7178,44.9473,0.000479527,39.4086,56.5822,0.000149456,44.6796,71.2245,4.66214e-05,50.6209,89.6543,1.45419e-05,57.3297,112.852,4.54748e-06,64.9129,142.051,1.43857e-06,73.4897,178.803,4.36618e-07,83.1934,225.062,1.40153e-07,94.1745,283.286,4.96378e-08,106.602,356.568,1.05434e-07,120.669,448.799,-6.49244e-08,136.59,564.873,1.70148e-07,154.611,710.948,-5.34594e-08,175.008,894.767,1.63407e-07,198.097,1126.06,8.04804e-08,224.231,1417.07,1.14667e-07,253.813,1783.15,-1.71227e-07,287.297,2243.62,-2.88466e-07,325.198,2822.67,-4.33651e-07,368.098,3550.67,7.9318e-08,416.657,4465.65,3.13319e-07,471.621,5615.16,3.4613e-07,533.835,7058.61,-1.19199e-07,604.255,8870.02,-2.79964e-07,683.962,11141.4,-2.30521e-07,774.182,13986.7,-2.55099e-07,876.299,17546.4,1.23585e-07,991.883,21993.1,1.41192e-07,1122.71,27536.7,-9.71886e-08,1270.78,34430.7,-3.68368e-07,1438.38,42977.7,-3.45379e-07,1628.07,53532.7,-3.25328e-09,1842.77,66504.6,2.6362e-07,2085.77,82350.2,2.53445e-07,2360.79,101560,-2.47407e-08,2672.05,124632,-3.80602e-07,3024.31,152018,-4.79005e-07,3422.98,184060,-1.14379e-07,3874.15,220884,2.64297e-07,4384.72,262283,3.44131e-07,4962.49,307576,7.5349e-08,5616.29,355497,-3.63097e-07,6356.1,404126,-6.05442e-07,7193.18,450932,-2.72333e-07,8140.28,492963,2.29675e-07,9211.79,527178,4.3387e-07,10424,550893,-1.0711e-07,10.102,8.06553,2.81012,10.6436,8.57909,0.869423,11.5336,10.2515,0.270869,12.7211,12.7138,0.0844293,14.1823,15.9373,0.0263173,15.9122,20.0383,0.0082035,17.9198,25.2154,0.00255722,20.2244,31.7373,0.000797017,22.8539,39.9486,0.000248622,25.8438,50.2851,7.75492e-05,29.237,63.2963,2.42508e-05,33.0837,79.6738,7.67162e-06,37.4415,100.288,2.32837e-06,42.3767,126.236,7.33e-07,47.9646,158.896,2.79256e-07,54.2906,200.003,9.87351e-09,61.452,251.741,1.61085e-07,69.5585,316.859,-2.47141e-07,78.7347,398.812,8.93552e-08,89.1218,501.948,-2.53231e-07,100.879,631.736,-1.25047e-07,114.188,795.049,-1.78808e-07,129.252,1000.53,2.6733e-07,146.304,1259.03,4.50292e-07,165.605,1584.19,6.76904e-07,187.452,1993.12,-1.23808e-07,212.181,2507.27,-4.89068e-07,240.173,3153.54,-5.40284e-07,271.856,3965.56,1.86061e-07,307.719,4985.38,4.37004e-07,348.313,6265.4,3.59828e-07,394.26,7870.83,3.98192e-07,446.268,9882.51,-1.92908e-07,505.135,12400.3,-2.20392e-07,571.766,15546.9,1.51705e-07,647.184,19472.2,5.74996e-07,732.547,24357.4,5.39112e-07,829.167,30420,5.07815e-09,938.526,37916.3,-4.11492e-07,1062.3,47143.9,-3.9561e-07,1202.4,58439.2,3.86185e-08,1360.96,72169.3,5.94093e-07,1540.42,88715.8,7.47693e-07,1743.53,108445,1.78537e-07,1973.41,131665,-4.12549e-07,2233.57,158557,-5.37164e-07,2528,189103,-1.17615e-07,2861.2,222986,5.66769e-07,3238.27,259510,9.45053e-07,3664.97,297540,4.25093e-07,4147.81,335497,-3.58506e-07,4694.17,371444,-6.7724e-07,5312.37,403256,1.67192e-07,1.61744,3.89446,9.84394,3.28846,7.5504,12.774,5.07607,11.7187,13.6844,7.03202,16.8147,13.9681,9.20215,23.1769,14.0566,11.6301,31.1672,14.0841,14.3598,41.2186,14.0927,17.4376,53.8688,14.0954,20.9137,69.7915,14.0962,24.8432,89.8341,14.0965,29.2879,115.063,14.0966,34.3168,146.819,14.0966,40.0078,186.792,14.0966,46.4487,237.107,14.0966,53.7388,300.44,14.0966,61.9903,380.158,14.0966,71.3301,480.499,14.0966,81.902,606.796,14.0966,93.8685,765.761,14.0966,107.414,965.837,14.0966,122.746,1217.65,14.0966,140.101,1534.57,14.0966,159.745,1933.41,14.0966,181.981,2435.3,14.0966,207.15,3066.85,14.0966,235.64,3861.46,14.0966,267.889,4861.11,14.0966,304.391,6118.54,14.0966,345.709,7699.91,14.0966,392.478,9688.22,14.0966,445.417,12187.5,14.0966,505.339,15327.7,14.0966,573.165,19271.6,14.0966,649.938,24222,14.0966,736.839,30430.9,14.0966,835.202,38211.5,14.0966,946.539,47950.3,14.0966,1072.56,60122.8,14.0966,1215.21,75309.9,14.0966,1376.66,94216.2,14.0966,1559.41,117688,14.0966,1766.26,146729,14.0966,2000.39,182510,14.0966,2265.39,226372,14.0966,2565.33,279806,14.0966,2904.81,344416,14.0966,3289.05,421845,14.0966,3723.93,513667,14.0966,4216.13,621231,14.0966,4773.18,745478,14.0966,5403.64,886744,14.0966,6117.15,1.04457e+06,14.0966,6924.63,1.2176e+06,14.0966,11.7194,11.96,12.6541,13.9321,16.1295,13.6434,16.6097,21.9702,13.9553,19.7532,29.5285,14.0526,23.3844,39.1143,14.0829,27.5423,51.2054,14.0923,32.2796,66.434,14.0953,37.662,85.6061,14.0962,43.7675,109.74,14.0965,50.687,140.119,14.0966,58.5249,178.359,14.0966,67.4005,226.493,14.0966,77.4493,287.08,14.0966,88.8254,363.343,14.0966,101.703,459.336,14.0966,116.281,580.161,14.0966,132.782,732.241,14.0966,151.46,923.655,14.0966,172.603,1164.57,14.0966,196.535,1467.79,14.0966,223.625,1849.39,14.0966,254.288,2329.62,14.0966,288.997,2933.93,14.0966,328.285,3694.33,14.0966,372.755,4651.04,14.0966,423.092,5854.57,14.0966,480.07,7368.38,14.0966,544.564,9272.08,14.0966,617.566,11665.5,14.0966,700.197,14673.6,14.0966,793.729,18452.9,14.0966,899.599,23198.6,14.0966,1019.43,29154.1,14.0966,1155.07,36622.3,14.0966,1308.6,45977.9,14.0966,1482.39,57683.7,14.0966,1679.09,72307.8,14.0966,1901.73,90542.8,14.0966,2153.73,113226,14.0966,2438.97,141360,14.0966,2761.81,176127,14.0966,3127.22,218898,14.0966,3540.81,271226,14.0966,4008.92,334817,14.0966,4538.74,411470,14.0966,5138.38,502973,14.0966,5817.04,610948,14.0966,6585.12,736653,14.0966,7454.39,880741,14.0966,8438.15,1.04302e+06,14.0966,9551.45,1.22224e+06,14.0966,10811.3,1.41602e+06,14.0966,12237,1.62086e+06,14.0966,11.7194,11.96,12.6541,2.21263,4.16949,0.989383,2.67766,5.84076,0.311842,3.14343,7.55825,0.0972771,3.63127,9.58578,0.0303237,4.15787,12.0912,0.00945211,4.73731,15.2286,0.00294633,5.38238,19.1721,0.000918508,6.10553,24.134,0.000286163,6.91951,30.3791,8.92692e-05,7.83792,38.2397,2.78121e-05,8.87555,48.1338,8.65134e-06,10.0489,60.5876,2.7882e-06,11.3761,76.2629,8.29036e-07,12.8779,95.9927,2.4373e-07,14.5775,120.825,4.33068e-09,16.5012,152.08,1.75749e-07,18.6784,191.415,-1.86328e-07,21.1428,240.917,1.91829e-07,23.9322,303.213,-1.81475e-07,27.0895,381.602,7.0186e-08,30.6634,480.231,-2.86769e-08,34.7087,604.316,2.40784e-07,39.2876,760.401,9.87368e-08,44.4705,956.705,1.22263e-07,50.3371,1203.54,-4.31966e-07,56.9776,1513.81,-1.9705e-07,64.494,1903.69,-2.763e-08,73.0018,2393.4,3.9185e-07,82.6317,3008.13,1.35379e-07,93.5318,3779.25,-4.16351e-08,105.869,4745.7,2.06965e-08,119.834,5955.6,-3.18887e-07,135.641,7468.12,-1.48271e-08,153.531,9355.62,2.00739e-07,173.781,11705.8,2.28358e-07,196.701,14624.1,-1.93587e-08,222.642,18235,-2.88101e-07,252.003,22683.4,-2.24732e-07,285.234,28134,8.56806e-09,322.845,34767,2.34258e-07,365.413,42770.9,2.99668e-07,413.588,52327.9,8.28644e-08,468.111,63591.2,-3.07049e-07,529.814,76653.2,-3.1888e-07,599.642,91502.5,-6.72276e-08,678.662,107975,2.26339e-07,768.083,125705,3.69212e-07,869.267,144088,2.04077e-07,983.76,162277,-2.80509e-07,1113.3,179223,-4.22737e-07,1259.87,193777,-1.71951e-07,1425.68,204839,4.55555e-07,11.7194,11.96,12.6541,2.21263,4.16949,0.989383,2.67766,5.84076,0.311842,3.14343,7.55825,0.0972771,3.63127,9.58578,0.0303237,4.15787,12.0912,0.00945211,4.73731,15.2286,0.00294633,5.38238,19.1721,0.000918508,6.10553,24.134,0.000286163,6.91951,30.3791,8.92692e-05,7.83792,38.2397,2.78121e-05,8.87555,48.1338,8.65134e-06,10.0489,60.5876,2.7882e-06,11.3761,76.2629,8.29036e-07,12.8779,95.9927,2.4373e-07,14.5775,120.825,1e-08,16.5012,152.08,1.75749e-07,18.6784,191.415,1e-08,21.1428,240.917,1.91829e-07,23.9322,303.213,1e-08,27.0895,381.602,7.0186e-08,30.6634,480.231,1e-08,34.7087,604.316,2.40784e-07,39.2876,760.401,9.87368e-08,44.4705,956.705,1.22263e-07,50.3371,1203.54,1e-08,56.9776,1513.81,1e-08,64.494,1903.69,1e-08,73.0018,2393.4,3.9185e-07,82.6317,3008.13,1.35379e-07,93.5318,3779.25,1e-08,105.869,4745.7,2.06965e-08,119.834,5955.6,1e-08,135.641,7468.12,1e-08,153.531,9355.62,2.00739e-07,173.781,11705.8,2.28358e-07,196.701,14624.1,1e-08,222.642,18235,1e-08,252.003,22683.4,1e-08,285.234,28134,1e-08,322.845,34767,2.34258e-07,365.413,42770.9,2.99668e-07,413.588,52327.9,8.28644e-08,468.111,63591.2,1e-08,529.814,76653.2,1e-08,599.642,91502.5,1e-08,678.662,107975,2.26339e-07,768.083,125705,3.69212e-07,869.267,144088,2.04077e-07,983.76,162277,1e-08,1113.3,179223,1e-08,1259.87,193777,1e-08,1425.68,204839,4.55555e-07,6.2823,3.27286,2.43537,0.219672,6.18826,2.24117,0.56371,6.87772,2.63624,0.308279,10,6,26,3,6,2,10,3,0,6,4,0,3,5,0,2,10,0,4,9,0,2,33,0,1,39,0,13,17,0,12,32,0,8,30,0,13,58,0,7,52,0,9,42,0,19,160,0,17,119,0,19,208,0,14,300,0,35,513,0,30,212,0,33,192,0,30,672,0,27,916,0,59,435,0,53,681,0,34,1319,0,50,2684,0,76,1933,0,76,2889,0,118,2029,0,98,3613,0,58,4418,0,200,5589,0,56,11524,0,90,8947,0,115,15703,0,170,13162,0,177,17087,0,180,45858,0,90,35025,0,377,19611,0,385,64808,0,388,87306,0,465,49175,0,516,79951,0,470,126868,0,941,82644,0,927,44252,0,989,230338,0,196,170586,0,1333,74161,0,1429,204861,0
-1.05176e+08,1,8.88811e-15,10,1023,0,1.05176e+08,0.528882,1.08665,0.389689,0.145397,0.379329,3.24381,0.161596,0.446195,1.77396,0.159177,1.15e+07,4.49998e+06,6.79999e+06,1.15e+07,4.49997e+06,6.79999e+06,1.15e+07,4.49996e+06,6.79999e+06,1.15e+07,4.49995e+06,6.79999e+06,1.14999e+07,4.49993e+06,6.79999e+06,1.14999e+07,4.49991e+06,6.79999e+06,1.14999e+07,4.49989e+06,6.79999e+06,1.14999e+07,4.49986e+06,6.79999e+06,1.14999e+07,4.49982e+06,6.79999e+06,1.14999e+07,4.49977e+06,6.79999e+06,1.14999e+07,4.49971e+06,6.79999e+06,1.14999e+07,4.49963e+06,6.79999e+06,1.14998e+07,4.49953e+06,6.79999e+06,1.14998e+07,4.49941e+06,6.79999e+06,1.14998e+07,4.49926e+06,6.79999e+06,1.14998e+07,4.49906e+06,6.79999e+06,1.14997e+07,4.49882e+06,6.79999e+06,1.14997e+07,4.49851e+06,6.79999e+06,1.14997e+07,4.49812e+06,6.79999e+06,1.14996e+07,4.49764e+06,6.79999e+06,1.14996e+07,4.49702e+06,6.79999e+06,1.14995e+07,4.49625e+06,6.79999e+06,1.14995e+07,4.49528e+06,6.79999e+06,1.14994e+07,4.49406e+06,6.79999e+06,1.14993e+07,4.49253e+06,6.79999e+06,1.14992e+07,4.49059e+06,6.79999e+06,1.14991e+07,4.48817e+06,6.79999e+06,1.1499e+07,4.48511e+06,6.79999e+06,1.14988e+07,4.48128e+06,6.79999e+06,1.14987e+07,4.47646e+06,6.79999e+06,1.14985e+07,4.47041e+06,6.79999e+06,1.14983e+07,4.46281e+06,6.79999e+06,1.14981e+07,4.4533e+06,6.79999e+06,1.14979e+07,4.44138e+06,6.79999e+06,1.14976e+07,4.42649e+06,6.79999e+06,1.14972e+07,4.40789e+06,6.79999e+06,1.14969e+07,4.38471e+06,6.79999e+06,1.14965e+07,4.35592e+06,6.79999e+06,1.1496e+07,4.32027e+06,6.79999e+06,1.14955e+07,4.27629e+06,6.79999e+06,1.14949e+07,4.22231e+06,6.79999e+06,1.14942e+07,4.15647e+06,6.79999e+06,1.14934e+07,4.07676e+06,6.79999e+06,1.14926e+07,3.98112e+06,6.79999e+06,1.14916e+07,3.86765e+06,6.79999e+06,1.14905e+07,3.73474e+06,6.79999e+06,1.14892e+07,3.58148e+06,6.79999e+06,1.14878e+07,3.40785e+06,6.79999e+06,1.14862e+07,3.21513e+06,6.79999e+06,1.14844e+07,3.00605e+06,6.79999e+06,1.14823e+07,2.7848e+06,6.79999e+06,1.148e+07,2.5568e+06,6.79999e+06,1.14773e+07,2.32825e+06,6.79999e+06,13.5742,8.52444,0.508366,16.8306,13.2585,0.162638,20.0035,17.569,0.0507846,23.2616,22.4214,0.0158319,26.7328,28.3297,0.00493498,30.5212,35.6974,0.00153831,34.7178,44.9473,0.000479527,39.4086,56.5822,0.000149456,44.6796,71.2245,4.66214e-05,50.6209,89.6543,1.45419e-05,57.3297,112.852,4.54748e-06,64.9129,142.051,1.43857e-06,73.4897,178.803,4.36618e-07,83.1934,225.062,1.40153e-07,94.1745,283.286,4.96378e-08,106.602,356.568,1.05434e-07,120.669,448.799,-6.49244e-08,136.59,564.873,1.70148e-07,154.611,710.948,-5.34594e-08,175.008,894.767,1.63407e-07,198.097,1126.06,8.04804e-08,224.231,1417.07,1.14667e-07,253.813,1783.15,-1.71227e-07,287.297,2243.62,-2.88466e-07,325.198,2822.67,-4.33651e-07,368.098,3550.67,7.9318e-08,416.657,4465.65,3.13319e-07,471.621,5615.16,3.4613e-07,533.835,7058.61,-1.19199e-07,604.255,8870.02,-2.79964e-07,683.962,11141.4,-2.30521e-07,774.182,13986.7,-2.55099e-07,876.299,17546.4,1.23585e-07,991.883,21993.1,1.41192e-07,1122.71,27536.7,-9.71886e-08,1270.78,34430.7,-3.68368e-07,1438.38,42977.7,-3.45379e-07,1628.07,53532.7,-3.25328e-09,1842.77,66504.6,2.6362e-07,2085.77,82350.2,2.53445e-07,2360.79,101560,-2.47407e-08,2672.05,124632,-3.80602e-07,3024.31,152018,-4.79005e-07,3422.98,184060,-1.14379e-07,3874.15,220884,2.64297e-07,4384.72,262283,3.44131e-07,4962.49,307576,7.5349e-08,5616.29,355497,-3.63097e-07,6356.1,404126,-6.05442e-07,7193.18,450932,-2.72333e-07,8140.28,492963,2.29675e-07,9211.79,527178,4.3387e-07,10424,550893,-1.0711e-07,10.102,8.06553,2.81012,10.6436,8.57909,0.869423,11.5336,10.2515,0.270869,12.7211,12.7138,0.0844293,14.1823,15.9373,0.0263173,15.9122,20.0383,0.0082035,17.9198,25.2154,0.00255722,20.2244,31.7373,0.000797017,22.8539,39.9486,0.000248622,25.8438,50.2851,7.75492e-05,29.237,63.2963,2.42508e-05,33.0837,79.6738,7.67162e-06,37.4415,100.288,2.32837e-06,42.3767,126.236,7.33e-07,47.9646,158.896,2.79256e-07,54.2906,200.003,9.87351e-09,61.452,251.741,1.61085e-07,69.5585,316.859,-2.47141e-07,78.7347,398.812,8.93552e-08,89.1218,501.948,-2.53231e-07,100.879,631.736,-1.25047e-07,114.188,795.049,-1.78808e-07,129.252,1000.53,2.6733e-07,146.304,1259.03,4.50292e-07,165.605,1584.19,6.76904e-07,187.452,1993.12,-1.23808e-07,212.181,2507.27,-4.89068e-07,240.173,3153.54,-5.40284e-07,271.856,3965.56,1.86061e-07,307.719,4985.38,4.37004e-07,348.313,6265.4,3.59828e-07,394.26,7870.83,3.98192e-07,446.268,9882.51,-1.92908e-07,505.135,12400.3,-2.20392e-07,571.766,15546.9,1.51705e-07,647.184,19472.2,5.74996e-07,732.547,24357.4,5.39112e-07,829.167,30420,5.07815e-09,938.526,37916.3,-4.11492e-07,1062.3,47143.9,-3.9561e-07,1202.4,58439.2,3.86185e-08,1360.96,72169.3,5.94093e-07,1540.42,88715.8,7.47693e-07,1743.53,108445,1.78537e-07,1973.41,131665,-4.12549e-07,2233.57,158557,-5.37164e-07,2528,189103,-1.17615e-07,2861.2,222986,5.66769e-07,3238.27,259510,9.45053e-07,3664.97,297540,4.25093e-07,4147.81,335497,-3.58506e-07,4694.17,371444,-6.7724e-07,5312.37,403256,1.67192e-07,1.61744,3.89446,9.84394,3.28846,7.5504,12.774,5.07607,11.7187,13.6844,7.03202,16.8147,13.9681,9.20215,23.1769,14.0566,11.6301,31.1672,14.0841,14.3598,41.2186,14.0927,17.4376,53.8688,14.0954,20.9137,69.7915,14.0962,24.8432,89.8341,14.0965,29.2879,115.063,14.0966,34.3168,146.819,14.0966,40.0078,186.792,14.0966,46.4487,237.107,14.0966,53.7388,300.44,14.0966,61.9903,380.158,14.0966,71.3301,480.499,14.0966,81.902,606.796,14.0966,93.8685,765.761,14.0966,107.414,965.837,14.0966,122.746,1217.65,14.0966,140.101,1534.57,14.0966,159.745,1933.41,14.0966,181.981,2435.3,14.0966,207.15,3066.85,14.0966,235.64,3861.46,14.0966,267.889,4861.11,14.0966,304.391,6118.54,14.0966,345.709,7699.91,14.0966,392.478,9688.22,14.0966,445.417,12187.5,14.0966,505.339,15327.7,14.0966,573.165,19271.6,14.0966,649.938,24222,14.0966,736.839,30430.9,14.0966,835.202,38211.5,14.0966,946.539,47950.3,14.0966,1072.56,60122.8,14.0966,1215.21,75309.9,14.0966,1376.66,94216.2,14.0966,1559.41,117688,14.0966,1766.26,146729,14.0966,2000.39,182510,14.0966,2265.39,226372,14.0966,2565.33,279806,14.0966,2904.81,344416,14.0966,3289.05,421845,14.0966,3723.93,513667,14.0966,4216.13,621231,14.0966,4773.18,745478,14.0966,5403.64,886744,14.0966,6117.15,1.04457e+06,14.0966,6924.63,1.2176e+06,14.0966,11.7194,11.96,12.6541,13.9321,16.1295,13.6434,16.6097,21.9702,13.9553,19.7532,29.5285,14.0526,23.3844,39.1143,14.0829,27.5423,51.2054,14.0923,32.2796,66.434,14.0953,37.662,85.6061,14.0962,43.7675,109.74,14.0965,50.687,140.119,14.0966,58.5249,178.359,14.0966,67.4005,226.493,14.0966,77.4493,287.08,14.0966,88.8254,363.343,14.0966,101.703,459.336,14.0966,116.281,580.161,14.0966,132.782,732.241,14.0966,151.46,923.655,14.0966,172.603,1164.57,14.0966,196.535,1467.79,14.0966,223.625,1849.39,14.0966,254.288,2329.62,14.0966,288.997,2933.93,14.0966,328.285,3694.33,14.0966,372.755,4651.04,14.0966,423.092,5854.57,14.0966,480.07,7368.38,14.0966,544.564,9272.08,14.0966,617.566,11665.5,14.0966,700.197,14673.6,14.0966,793.729,18452.9,14.0966,899.599,23198.6,14.0966,1019.43,29154.1,14.0966,1155.07,36622.3,14.0966,1308.6,45977.9,14.0966,1482.39,57683.7,14.0966,1679.09,72307.8,14.0966,1901.73,90542.8,14.0966,2153.73,113226,14.0966,2438.97,141360,14.0966,2761.81,176127,14.0966,3127.22,218898,14.0966,3540.81,271226,14.0966,4008.92,334817,14.0966,4538.74,411470,14.0966,5138.38,502973,14.0966,5817.04,610948,14.0966,6585.12,736653,14.0966,7454.39,880741,14.0966,8438.15,1.04302e+06,14.0966,9551.45,1.22224e+06,14.0966,10811.3,1.41602e+06,14.0966,12237,1.62086e+06,14.0966,11.7194,11.96,12.6541,2.21263,4.16949,0.989383,2.67766,5.84076,0.311842,3.14343,7.55825,0.0972771,3.63127,9.58578,0.0303237,4.15787,12.0912,0.00945211,4.73731,15.2286,0.00294633,5.38238,19.1721,0.000918508,6.10553,24.134,0.000286163,6.91951,30.3791,8.92692e-05,7.83792,38.2397,2.78121e-05,8.87555,48.1338,8.65134e-06,10.0489,60.5876,2.7882e-06,11.3761,76.2629,8.29036e-07,12.8779,95.9927,2.4373e-07,14.5775,120.825,4.33068e-09,16.5012,152.08,1.75749e-07,18.6784,191.415,-1.86328e-07,21.1428,240.917,1.91829e-07,23.9322,303.213,-1.81475e-07,27.0895,381.602,7.0186e-08,30.6634,480.231,-2.86769e-08,34.7087,604.316,2.40784e-07,39.2876,760.401,9.87368e-08,44.4705,956.705,1.22263e-07,50.3371,1203.54,-4.31966e-07,56.9776,1513.81,-1.9705e-07,64.494,1903.69,-2.763e-08,73.0018,2393.4,3.9185e-07,82.6317,3008.13,1.35379e-07,93.5318,3779.25,-4.16351e-08,105.869,4745.7,2.06965e-08,119.834,5955.6,-3.18887e-07,135.641,7468.12,-1.48271e-08,153.531,9355.62,2.00739e-07,173.781,11705.8,2.28358e-07,196.701,14624.1,-1.93587e-08,222.642,18235,-2.88101e-07,252.003,22683.4,-2.24732e-07,285.234,28134,8.56806e-09,322.845,34767,2.34258e-07,365.413,42770.9,2.99668e-07,413.588,52327.9,8.28644e-08,468.111,63591.2,-3.07049e-07,529.814,76653.2,-3.1888e-07,599.642,91502.5,-6.72276e-08,678.662,107975,2.26339e-07,768.083,125705,3.69212e-07,869.267,144088,2.04077e-07,983.76,162277,-2.80509e-07,1113.3,179223,-4.22737e-07,1259.87,193777,-1.71951e-07,1425.68,204839,4.55555e-07,11.7194,11.96,12.6541,2.21263,4.16949,0.989383,2.67766,5.84076,0.311842,3.14343,7.55825,0.0972771,3.63127,9.58578,0.0303237,4.15787,12.0912,0.00945211,4.73731,15.2286,0.00294633,5.38238,19.1721,0.000918508,6.10553,24.134,0.000286163,6.91951,30.3791,8.92692e-05,7.83792,38.2397,2.78121e-05,8.87555,48.1338,8.65134e-06,10.0489,60.5876,2.7882e-06,11.3761,76.2629,8.29036e-07,12.8779,95.9927,2.4373e-07,14.5775,120.825,1e-08,16.5012,152.08,1.75749e-07,18.6784,191.415,1e-08,21.1428,240.917,1.91829e-07,23.9322,303.213,1e-08,27.0895,381.602,7.0186e-08,30.6634,480.231,1e-08,34.7087,604.316,2.40784e-07,39.2876,760.401,9.87368e-08,44.4705,956.705,1.22263e-07,50.3371,1203.54,1e-08,56.9776,1513.81,1e-08,64.494,1903.69,1e-08,73.0018,2393.4,3.9185e-07,82.6317,3008.13,1.35379e-07,93.5318,3779.25,1e-08,105.869,4745.7,2.06965e-08,119.834,5955.6,1e-08,135.641,7468.12,1e-08,153.531,9355.62,2.00739e-07,173.781,11705.8,2.28358e-07,196.701,14624.1,1e-08,222.642,18235,1e-08,252.003,22683.4,1e-08,285.234,28134,1e-08,322.845,34767,2.34258e-07,365.413,42770.9,2.99668e-07,413.588,52327.9,8.28644e-08,468.111,63591.2,1e-08,529.814,76653.2,1e-08,599.642,91502.5,1e-08,678.662,107975,2.26339e-07,768.083,125705,3.69212e-07,869.267,144088,2.04077e-07,983.76,162277,1e-08,1113.3,179223,1e-08,1259.87,193777,1e-08,1425.68,204839,4.55555e-07,6.2823,3.27286,2.43537,0.219672,6.18826,2.24117,0.56371,6.87772,2.63624,0.308279,5,12,11,3,4,1,3,5,0,1,6,0,5,5,0,5,6,0,6,9,0,11,18,0,6,28,0,9,28,0,11,32,0,6,102,0,14,31,0,9,88,0,9,88,0,26,137,0,22,173,0,18,231,0,27,124,0,17,272,0,16,262,0,43,388,0,27,812,0,56,435,0,35,1024,0,70,1431,0,52,834,0,95,1422,0,49,2033,0,86,3012,0,92,2822,0,103,4875,0,132,4744,0,90,7304,0,141,9453,0,175,9448,0,185,28780,0,214,12479,0,498,15825,0,123,18913,0,226,14941,0,96,51066,0,494,49897,0,460,116618,0,303,117388,0,317,70816,0,886,99968,0,589,63677,0,712,72478,0,455,285432,0,863,448543,0,1076,142110,0,2522,77145,0
-1.05176e+08,1,8.88811e-15,10,1023,0,1.05176e+08,0.528882,1.08665,0.389689,0.145397,0.379329,3.24381,0.161596,0.446195,1.77396,0.159177,1.15e+07,4.49998e+06,6.79999e+06,1.15e+07,4.49997e+06,6.79999e+06,1.15e+07,4.49996e+06,6.79999e+06,1.15e+07,4.49995e+06,6.79999e+06,1.14999e+07,4.49993e+06,6.79999e+06,1.14999e+07,4.49991e+06,6.79999e+06,1.14999e+07,4.49989e+06,6.79999e+06,1.14999e+07,4.49986e+06,6.79999e+06,1.14999e+07,4.49982e+06,6.79999e+06,1.14999e+07,4.49977e+06,6.79999e+06,1.14999e+07,4.49971e+06,6.79999e+06,1.14999e+07,4.49963e+06,6.79999e+06,1.14998e+07,4.49953e+06,6.79999e+06,1.14998e+07,4.49941e+06,6.79999e+06,1.14998e+07,4.49926e+06,6.79999e+06,1.14998e+07,4.49906e+06,6.79999e+06,1.14997e+07,4.49882e+06,6.79999e+06,1.14997e+07,4.49851e+06,6.79999e+06,1.14997e+07,4.49812e+06,6.79999e+06,1.14996e+07,4.49764e+06,6.79999e+06,1.14996e+07,4.49702e+06,6.79999e+06,1.14995e+07,4.49625e+06,6.79999e+06,1.14995e+07,4.49528e+06,6.79999e+06,1.14994e+07,4.49406e+06,6.79999e+06,1.14993e+07,4.49253e+06,6.79999e+06,1.14992e+07,4.49059e+06,6.79999e+06,1.14991e+07,4.48817e+06,6.79999e+06,1.1499e+07,4.48511e+06,6.79999e+06,1.14988e+07,4.48128e+06,6.79999e+06,1.14987e+07,4.47646e+06,6.79999e+06,1.14985e+07,4.47041e+06,6.79999e+06,1.14983e+07,4.46281e+06,6.79999e+06,1.14981e+07,4.4533e+06,6.79999e+06,1.14979e+07,4.44138e+06,6.79999e+06,1.14976e+07,4.42649e+06,6.79999e+06,1.14972e+07,4.40789e+06,6.79999e+06,1.14969e+07,4.38471e+06,6.79999e+06,1.14965e+07,4.35592e+06,6.79999e+06,1.1496e+07,4.32027e+06,6.79999e+06,1.14955e+07,4.27629e+06,6.79999e+06,1.14949e+07,4.22231e+06,6.79999e+06,1.14942e+07,4.15647e+06,6.79999e+06,1.14934e+07,4.07676e+06,6.79999e+06,1.14926e+07,3.98112e+06,6.79999e+06,1.14916e+07,3.86765e+06,6.79999e+06,1.14905e+07,3.73474e+06,6.79999e+06,1.14892e+07,3.58148e+06,6.79999e+06,1.14878e+07,3.40785e+06,6.79999e+06,1.14862e+07,3.21513e+06,6.79999e+06,1.14844e+07,3.00605e+06,6.79999e+06,1.14823e+07,2.7848e+06,6.79999e+06,1.148e+07,2.5568e+06,6.79999e+06,1.14773e+07,2.32825e+06,6.79999e+06,13.5742,8.52444,0.508366,16.8306,13.2585,0.162638,20.0035,17.569,0.0507846,23.2616,22.4214,0.0158319,26.7328,28.3297,0.00493498,30.5212,35.6974,0.00153831,34.7178,44.9473,0.000479527,39.4086,56.5822,0.000149456,44.6796,71.2245,4.66214e-05,50.6209,89.6543,1.45419e-05,57.3297,112.852,4.54748e-06,64.9129,142.051,1.43857e-06,73.4897,178.803,4.36618e-07,83.1934,225.062,1.40153e-07,94.1745,283.286,4.96378e-08,106.602,356.568,1.05434e-07,120.669,448.799,-6.49244e-08,136.59,564.873,1.70148e-07,154.611,710.948,-5.34594e-08,175.008,894.767,1.63407e-07,198.097,1126.06,8.04804e-08,224.231,1417.07,1.14667e-07,253.813,1783.15,-1.71227e-07,287.297,2243.62,-2.88466e-07,325.198,2822.67,-4.33651e-07,368.098,3550.67,7.9318e-08,416.657,4465.65,3.13319e-07,471.621,5615.16,3.4613e-07,533.835,7058.61,-1.19199e-07,604.255,8870.02,-2.79964e-07,683.962,11141.4,-2.30521e-07,774.182,13986.7,-2.55099e-07,876.299,17546.4,1.23585e-07,991.883,21993.1,1.41192e-07,1122.71,27536.7,-9.71886e-08,1270.78,34430.7,-3.68368e-07,1438.38,42977.7,-3.45379e-07,1628.07,53532.7,-3.25328e-09,1842.77,66504.6,2.6362e-07,2085.77,82350.2,2.53445e-07,2360.79,101560,-2.47407e-08,2672.05,124632,-3.80602e-07,3024.31,152018,-4.79005e-07,3422.98,184060,-1.14379e-07,3874.15,220884,2.64297e-07,4384.72,262283,3.44131e-07,4962.49,307576,7.5349e-08,5616.29,355497,-3.63097e-07,6356.1,404126,-6.05442e-07,7193.18,450932,-2.72333e-07,8140.28,492963,2.29675e-07,9211.79,527178,4.3387e-07,10424,550893,-1.0711e-07,10.102,8.06553,2.81012,10.6436,8.57909,0.869423,11.5336,10.2515,0.270869,12.7211,12.7138,0.0844293,14.1823,15.9373,0.0263173,15.9122,20.0383,0.0082035,17.9198,25.2154,0.00255722,20.2244,31.7373,0.000797017,22.8539,39.9486,0.000248622,25.8438,50.2851,7.75492e-05,29.237,63.2963,2.42508e-05,33.0837,79.6738,7.67162e-06,37.4415,100.288,2.32837e-06,42.3767,126.236,7.33e-07,47.9646,158.896,2.79256e-07,54.2906,200.003,9.87351e-09,61.452,251.741,1.61085e-07,69.5585,316.859,-2.47141e-07,78.7347,398.812,8.93552e-08,89.1218,501.948,-2.53231e-07,100.879,631.736,-1.25047e-07,114.188,795.049,-1.78808e-07,129.252,1000.53,2.6733e-07,146.304,1259.03,4.50292e-07,165.605,1584.19,6.76904e-07,187.452,1993.12,-1.23808e-07,212.181,2507.27,-4.89068e-07,240.173,3153.54,-5.40284e-07,271.856,3965.56,1.86061e-07,307.719,4985.38,4.37004e-07,348.313,6265.4,3.59828e-07,394.26,7870.83,3.98192e-07,446.268,9882.51,-1.92908e-07,505.135,12400.3,-2.20392e-07,571.766,15546.9,1.51705e-07,647.184,19472.2,5.74996e-07,732.547,24357.4,5.39112e-07,829.167,30420,5.07815e-09,938.526,37916.3,-4.11492e-07,1062.3,47143.9,-3.9561e-07,1202.4,58439.2,3.86185e-08,1360.96,72169.3,5.94093e-07,1540.42,88715.8,7.47693e-07,1743.53,108445,1.78537e-07,1973.41,131665,-4.12549e-07,2233.57,158557,-5.37164e-07,2528,189103,-1.17615e-07,2861.2,222986,5.66769e-07,3238.27,259510,9.45053e-07,3664.97,297540,4.25093e-07,4147.81,335497,-3.58506e-07,4694.17,371444,-6.7724e-07,5312.37,403256,1.67192e-07,1.61744,3.89446,9.84394,3.28846,7.5504,12.774,5.07607,11.7187,13.6844,7.03202,16.8147,13.9681,9.20215,23.1769,14.0566,11.6301,31.1672,14.0841,14.3598,41.2186,14.0927,17.4376,53.8688,14.0954,20.9137,69.7915,14.0962,24.8432,89.8341,14.0965,29.2879,115.063,14.0966,34.3168,146.819,14.0966,40.0078,186.792,14.0966,46.4487,237.107,14.0966,53.7388,300.44,14.0966,61.9903,380.158,14.0966,71.3301,480.499,14.0966,81.902,606.796,14.0966,93.8685,765.761,14.0966,107.414,965.837,14.0966,122.746,1217.65,14.0966,140.101,1534.57,14.0966,159.745,1933.41,14.0966,181.981,2435.3,14.0966,207.15,3066.85,14.0966,235.64,3861.46,14.0966,267.889,4861.11,14.0966,304.391,6118.54,14.0966,345.709,7699.91,14.0966,392.478,9688.22,14.0966,445.417,12187.5,14.0966,505.339,15327.7,14.0966,573.165,19271.6,14.0966,649.938,24222,14.0966,736.839,30430.9,14.0966,835.202,38211.5,14.0966,946.539,47950.3,14.0966,1072.56,60122.8,14.0966,1215.21,75309.9,14.0966,1376.66,94216.2,14.0966,1559.41,117688,14.0966,1766.26,146729,14.0966,2000.39,182510,14.0966,2265.39,226372,14.0966,2565.33,279806,14.0966,2904.81,344416,14.0966,3289.05,421845,14.0966,3723.93,513667,14.0966,4216.13,621231,14.0966,4773.18,745478,14.0966,5403.64,886744,14.0966,6117.15,1.04457e+06,14.0966,6924.63,1.2176e+06,14.0966,11.7194,11.96,12.6541,13.9321,16.1295,13.6434,16.6097,21.9702,13.9553,19.7532,29.5285,14.0526,23.3844,39.1143,14.0829,27.5423,51.2054,14.0923,32.2796,66.434,14.0953,37.662,85.6061,14.0962,43.7675,109.74,14.0965,50.687,140.119,14.0966,58.5249,178.359,14.0966,67.4005,226.493,14.0966,77.4493,287.08,14.0966,88.8254,363.343,14.0966,101.703,459.336,14.0966,116.281,580.161,14.0966,132.782,732.241,14.0966,151.46,923.655,14.0966,172.603,1164.57,14.0966,196.535,1467.79,14.0966,223.625,1849.39,14.0966,254.288,2329.62,14.0966,288.997,2933.93,14.0966,328.285,3694.33,14.0966,372.755,4651.04,14.0966,423.092,5854.57,14.0966,480.07,7368.38,14.0966,544.564,9272.08,14.0966,617.566,11665.5,14.0966,700.197,14673.6,14.0966,793.729,18452.9,14.0966,899.599,23198.6,14.0966,1019.43,29154.1,14.0966,1155.07,36622.3,14.0966,1308.6,45977.9,14.0966,1482.39,57683.7,14.0966,1679.09,72307.8,14.0966,1901.73,90542.8,14.0966,2153.73,113226,14.0966,2438.97,141360,14.0966,2761.81,176127,14.0966,3127.22,218898,14.0966,3540.81,271226,14.0966,4008.92,334817,14.0966,4538.74,411470,14.0966,5138.38,502973,14.0966,5817.04,610948,14.0966,6585.12,736653,14.0966,7454.39,880741,14.0966,8438.15,1.04302e+06,14.0966,9551.45,1.22224e+06,14.0966,10811.3,1.41602e+06,14.0966,12237,1.62086e+06,14.0966,11.7194,11.96,12.6541,2.21263,4.16949,0.989383,2.67766,5.84076,0.311842,3.14343,7.55825,0.0972771,3.63127,9.58578,0.0303237,4.15787,12.0912,0.00945211,4.73731,15.2286,0.00294633,5.38238,19.1721,0.000918508,6.10553,24.134,0.000286163,6.91951,30.3791,8.92692e-05,7.83792,38.2397,2.78121e-05,8.87555,48.1338,8.65134e-06,10.0489,60.5876,2.7882e-06,11.3761,76.2629,8.29036e-07,12.8779,95.9927,2.4373e-07,14.5775,120.825,4.33068e-09,16.5012,152.08,1.75749e-07,18.6784,191.415,-1.86328e-07,21.1428,240.917,1.91829e-07,23.9322,303.213,-1.81475e-07,27.0895,381.602,7.0186e-08,30.6634,480.231,-2.86769e-08,34.7087,604.316,2.40784e-07,39.2876,760.401,9.87368e-08,44.4705,956.705,1.22263e-07,50.3371,1203.54,-4.31966e-07,56.9776,1513.81,-1.9705e-07,64.494,1903.69,-2.763e-08,73.0018,2393.4,3.9185e-07,82.6317,3008.13,1.35379e-07,93.5318,3779.25,-4.16351e-08,105.869,4745.7,2.06965e-08,119.834,5955.6,-3.18887e-07,135.641,7468.12,-1.48271e-08,153.531,9355.62,2.00739e-07,173.781,11705.8,2.28358e-07,196.701,14624.1,-1.93587e-08,222.642,18235,-2.88101e-07,252.003,22683.4,-2.24732e-07,285.234,28134,8.56806e-09,322.845,34767,2.34258e-07,365.413,42770.9,2.99668e-07,413.588,52327.9,8.28644e-08,468.111,63591.2,-3.07049e-07,529.814,76653.2,-3.1888e-07,599.642,91502.5,-6.72276e-08,678.662,107975,2.26339e-07,768.083,125705,3.69212e-07,869.267,144088,2.04077e-07,983.76,162277,-2.80509e-07,1113.3,179223,-4.22737e-07,1259.87,193777,-1.71951e-07,1425.68,204839,4.55555e-07,11.7194,11.96,12.6541,2.21263,4.16949,0.989383,2.67766,5.84076,0.311842,3.14343,7.55825,0.0972771,3.63127,9.58578,0.0303237,4.15787,12.0912,0.00945211,4.73731,15.2286,0.00294633,5.38238,19.1721,0.000918508,6.10553,24.134,0.000286163,6.91951,30.3791,8.92692e-05,7.83792,38.2397,2.78121e-05,8.87555,48.1338,8.65134e-06,10.0489,60.5876,2.7882e-06,11.3761,76.2629,8.29036e-07,12.8779,95.9927,2.4373e-07,14.5775,120.825,1e-08,16.5012,152.08,1.75749e-07,18.6784,191.415,1e-08,21.1428,240.917,1.91829e-07,23.9322,303.213,1e-08,27.0895,381.602,7.0186e-08,30.6634,480.231,1e-08,34.7087,604.316,2.40784e-07,39.2876,760.401,9.87368e-08,44.4705,956.705,1.22263e-07,50.3371,1203.54,1e-08,56.9776,1513.81,1e-08,64.494,1903.69,1e-08,73.0018,2393.4,3.9185e-07,82.6317,3008.13,1.35379e-07,93.5318,3779.25,1e-08,105.869,4745.7,2.06965e-08,119.834,5955.6,1e-08,135.641,7468.12,1e-08,153.531,9355.62,2.00739e-07,173.781,11705.8,2.28358e-07,196.701,14624.1,1e-08,222.642,18235,1e-08,252.003,22683.4,1e-08,285.234,28134,1e-08,322.845,34767,2.34258e-07,365.413,42770.9,2.99668e-07,413.588,52327.9,8.28644e-08,468.111,63591.2,1e-08,529.814,76653.2,1e-08,599.642,91502.5,1e-08,678.662,107975,2.26339e-07,768.083,125705,3.69212e-07,869.267,144088,2.04077e-07,983.76,162277,1e-08,1113.3,179223,1e-08,1259.87,193777,1e-08,1425.68,204839,4.55555e-07,6.2823,3.27286,2.43537,0.219672,6.18826,2.24117,0.56371,6.87772,2.63624,0.308279,12,12,10,3,2,1,2,3,1,5,12,1,0,9,0,6,10,0,6,14,0,13,15,0,5,17,0,7,31,0,4,44,0,8,71,0,9,122,0,16,76,0,11,81,0,13,234,0,13,129,0,9,154,0,19,132,0,42,306,0,14,313,0,41,1066,0,11,778,0,21,773,0,77,854,0,42,635,0,53,1290,0,73,2310,0,91,2346,0,65,1958,0,81,2219,0,121,4170,0,211,5381,0,67,9185,0,103,5312,0,246,6653,0,109,15878,0,293,22875,0,265,18072,0,248,17172,0,280,17951,0,237,57688,0,356,28443,0,833,48143,0,597,67464,0,531,162063,0,777,42057,0,811,150433,0,1187,216322,0,371,230153,0,459,130441,0,1008,179605,0,1388,289421,0
-1.05176e+08,1,8.88811e-15,10,1023,0,1.05176e+08,0.528882,1.08665,0.389689,0.145397,0.379329,3.24381,0.161596,0.446195,1.77396,0.159177,1.15e+07,4.49998e+06,6.79999e+06,1.15e+07,4.49997e+06,6.79999e+06,1.15e+07,4.49996e+06,6.79999e+06,1.15e+07,4.49995e+06,6.79999e+06,1.14999e+07,4.49993e+06,6.79999e+06,1.14999e+07,4.49991e+06,6.79999e+06,1.14999e+07,4.49989e+06,6.79999e+06,1.14999e+07,4.49986e+06,6.79999e+06,1.14999e+07,4.49982e+06,6.79999e+06,1.14999e+07,4.49977e+06,6.79999e+06,1.14999e+07,4.49971e+06,6.79999e+06,1.14999e+07,4.49963e+06,6.79999e+06,1.14998e+07,4.49953e+06,6.79999e+06,1.14998e+07,4.49941e+06,6.79999e+06,1.14998e+07,4.49926e+06,6.79999e+06,1.14998e+07,4.49906e+06,6.79999e+06,1.14997e+07,4.49882e+06,6.79999e+06,1.14997e+07,4.49851e+06,6.79999e+06,1.14997e+07,4.49812e+06,6.79999e+06,1.14996e+07,4.49764e+06,6.79999e+06,1.14996e+07,4.49702e+06,6.79999e+06,1.14995e+07,4.49625e+06,6.79999e+06,1.14995e+07,4.49528e+06,6.79999e+06,1.14994e+07,4.49406e+06,6.79999e+06,1.14993e+07,4.49253e+06,6.79999e+06,1.14992e+07,4.49059e+06,6.79999e+06,1.14991e+07,4.48817e+06,6.79999e+06,1.1499e+07,4.48511e+06,6.79999e+06,1.14988e+07,4.48128e+06,6.79999e+06,1.14987e+07,4.47646e+06,6.79999e+06,1.14985e+07,4.47041e+06,6.79999e+06,1.14983e+07,4.46281e+06,6.79999e+06,1.14981e+07,4.4533e+06,6.79999e+06,1.14979e+07,4.44138e+06,6.79999e+06,1.14976e+07,4.42649e+06,6.79999e+06,1.14972e+07,4.40789e+06,6.79999e+06,1.14969e+07,4.38471e+06,6.79999e+06,1.14965e+07,4.35592e+06,6.79999e+06,1.1496e+07,4.32027e+06,6.79999e+06,1.14955e+07,4.27629e+06,6.79999e+06,1.14949e+07,4.22231e+06,6.79999e+06,1.14942e+07,4.15647e+06,6.79999e+06,1.14934e+07,4.07676e+06,6.79999e+06,1.14926e+07,3.98112e+06,6.79999e+06,1.14916e+07,3.86765e+06,6.79999e+06,1.14905e+07,3.73474e+06,6.79999e+06,1.14892e+07,3.58148e+06,6.79999e+06,1.14878e+07,3.40785e+06,6.79999e+06,1.14862e+07,3.21513e+06,6.79999e+06,1.14844e+07,3.00605e+06,6.79999e+06,1.14823e+07,2.7848e+06,6.79999e+06,1.148e+07,2.5568e+06,6.79999e+06,1.14773e+07,2.32825e+06,6.79999e+06,13.5742,8.52444,0.508366,16.8306,13.2585,0.162638,20.0035,17.569,0.0507846,23.2616,22.4214,0.0158319,26.7328,28.3297,0.00493498,30.5212,35.6974,0.00153831,34.7178,44.9473,0.000479527,39.4086,56.5822,0.000149456,44.6796,71.2245,4.66214e-05,50.6209,89.6543,1.45419e-05,57.3297,112.852,4.54748e-06,64.9129,142.051,1.43857e-06,73.4897,178.803,4.36618e-07,83.1934,225.062,1.40153e-07,94.1745,283.286,4.96378e-08,106.602,356.568,1.05434e-07,120.669,448.799,-6.49244e-08,136.59,564.873,1.70148e-07,154.611,710.948,-5.34594e-08,175.008,894.767,1.63407e-07,198.097,1126.06,8.04804e-08,224.231,1417.07,1.14667e-07,253.813,1783.15,-1.71227e-07,287.297,2243.62,-2.88466e-07,325.198,2822.67,-4.33651e-07,368.098,3550.67,7.9318e-08,416.657,4465.65,3.13319e-07,471.621,5615.16,3.4613e-07,533.835,7058.61,-1.19199e-07,604.255,8870.02,-2.79964e-07,683.962,11141.4,-2.30521e-07,774.182,13986.7,-2.55099e-07,876.299,17546.4,1.23585e-07,991.883,21993.1,1.41192e-07,1122.71,27536.7,-9.71886e-08,1270.78,34430.7,-3.68368e-07,1438.38,42977.7,-3.45379e-07,1628.07,53532.7,-3.25328e-09,1842.77,66504.6,2.6362e-07,2085.77,82350.2,2.53445e-07,2360.79,101560,-2.47407e-08,2672.05,124632,-3.80602e-07,3024.31,152018,-4.79005e-07,3422.98,184060,-1.14379e-07,3874.15,220884,2.64297e-07,4384.72,262283,3.44131e-07,4962.49,307576,7.5349e-08,5616.29,355497,-3.63097e-07,6356.1,404126,-6.05442e-07,7193.18,450932,-2.72333e-07,8140.28,492963,2.29675e-07,9211.79,527178,4.3387e-07,10424,550893,-1.0711e-07,10.102,8.06553,2.81012,10.6436,8.57909,0.869423,11.5336,10.2515,0.270869,12.7211,12.7138,0.0844293,14.1823,15.9373,0.0263173,15.9122,20.0383,0.0082035,17.9198,25.2154,0.00255722,20.2244,31.7373,0.000797017,22.8539,39.9486,0.000248622,25.8438,50.2851,7.75492e-05,29.237,63.2963,2.42508e-05,33.0837,79.6738,7.67162e-06,37.4415,100.288,2.32837e-06,42.3767,126.236,7.33e-07,47.9646,158.896,2.79256e-07,54.2906,200.003,9.87351e-09,61.452,251.741,1.61085e-07,69.5585,316.859,-2.47141e-07,78.7347,398.812,8.93552e-08,89.1218,501.948,-2.53231e-07,100.879,631.736,-1.25047e-07,114.188,795.049,-1.78808e-07,129.252,1000.53,2.6733e-07,146.304,1259.03,4.50292e-07,165.605,1584.19,6.76904e-07,187.452,1993.12,-1.23808e-07,212.181,2507.27,-4.89068e-07,240.173,3153.54,-5.40284e-07,271.856,3965.56,1.86061e-07,307.719,4985.38,4.37004e-07,348.313,6265.4,3.59828e-07,394.26,7870.83,3.98192e-07,446.268,9882.51,-1.92908e-07,505.135,12400.3,-2.20392e-07,571.766,15546.9,1.51705e-07,647.184,19472.2,5.74996e-07,732.547,24357.4,5.39112e-07,829.167,30420,5.07815e-09,938.526,37916.3,-4.11492e-07,1062.3,47143.9,-3.9561e-07,1202.4,58439.2,3.86185e-08,1360.96,72169.3,5.94093e-07,1540.42,88715.8,7.47693e-07,1743.53,108445,1.78537e-07,1973.41,131665,-4.12549e-07,2233.57,158557,-5.37164e-07,2528,189103,-1.17615e-07,2861.2,222986,5.66769e-07,3238.27,259510,9.45053e-07,3664.97,297540,4.25093e-07,4147.81,335497,-3.58506e-07,4694.17,371444,-6.7724e-07,5312.37,403256,1.67192e-07,1.61744,3.89446,9.84394,3.28846,7.5504,12.774,5.07607,11.7187,13.6844,7.03202,16.8147,13.9681,9.20215,23.1769,14.0566,11.6301,31.1672,14.0841,14.3598,41.2186,14.0927,17.4376,53.8688,14.0954,20.9137,69.7915,14.0962,24.8432,89.8341,14.0965,29.2879,115.063,14.0966,34.3168,146.819,14.0966,40.0078,186.792,14.0966,46.4487,237.107,14.0966,53.7388,300.44,14.0966,61.9903,380.158,14.0966,71.3301,480.499,14.0966,81.902,606.796,14.0966,93.8685,765.761,14.0966,107.414,965.837,14.0966,122.746,1217.65,14.0966,140.101,1534.57,14.0966,159.745,1933.41,14.0966,181.981,2435.3,14.0966,207.15,3066.85,14.0966,235.64,3861.46,14.0966,267.889,4861.11,14.0966,304.391,6118.54,14.0966,345.709,7699.91,14.0966,392.478,9688.22,14.0966,445.417,12187.5,14.0966,505.339,15327.7,14.0966,573.165,19271.6,14.0966,649.938,24222,14.0966,736.839,30430.9,14.0966,835.202,38211.5,14.0966,946.539,47950.3,14.0966,1072.56,60122.8,14.0966,1215.21,75309.9,14.0966,1376.66,94216.2,14.0966,1559.41,117688,14.0966,1766.26,146729,14.0966,2000.39,182510,14.0966,2265.39,226372,14.0966,2565.33,279806,14.0966,2904.81,344416,14.0966,3289.05,421845,14.0966,3723.93,513667,14.0966,4216.13,621231,14.0966,4773.18,745478,14.0966,5403.64,886744,14.0966,6117.15,1.04457e+06,14.0966,6924.63,1.2176e+06,14.0966,11.7194,11.96,12.6541,13.9321,16.1295,13.6434,16.6097,21.9702,13.9553,19.7532,29.5285,14.0526,23.3844,39.1143,14.0829,27.5423,51.2054,14.0923,32.2796,66.434,14.0953,37.662,85.6061,14.0962,43.7675,109.74,14.0965,50.687,140.119,14.0966,58.5249,178.359,14.0966,67.4005,226.493,14.0966,77.4493,287.08,14.0966,88.8254,363.343,14.0966,101.703,459.336,14.0966,116.281,580.161,14.0966,132.782,732.241,14.0966,151.46,923.655,14.0966,172.603,1164.57,14.0966,196.535,1467.79,14.0966,223.625,1849.39,14.0966,254.288,2329.62,14.0966,288.997,2933.93,14.0966,328.285,3694.33,14.0966,372.755,4651.04,14.0966,423.092,5854.57,14.0966,480.07,7368.38,14.0966,544.564,9272.08,14.0966,617.566,11665.5,14.0966,700.197,14673.6,14.0966,793.729,18452.9,14.0966,899.599,23198.6,14.0966,1019.43,29154.1,14.0966,1155.07,36622.3,14.0966,1308.6,45977.9,14.0966,1482.39,57683.7,14.0966,1679.09,72307.8,14.0966,1901.73,90542.8,14.0966,2153.73,113226,14.0966,2438.97,141360,14.0966,2761.81,176127,14.0966,3127.22,218898,14.0966,3540.81,271226,14.0966,4008.92,334817,14.0966,4538.74,411470,14.0966,5138.38,502973,14.0966,5817.04,610948,14.0966,6585.12,736653,14.0966,7454.39,880741,14.0966,8438.15,1.04302e+06,14.0966,9551.45,1.22224e+06,14.0966,10811.3,1.41602e+06,14.0966,12237,1.62086e+06,14.0966,11.7194,11.96,12.6541,2.21263,4.16949,0.989383,2.67766,5.84076,0.311842,3.14343,7.55825,0.0972771,3.63127,9.58578,0.0303237,4.15787,12.0912,0.00945211,4.73731,15.2286,0.00294633,5.38238,19.1721,0.000918508,6.10553,24.134,0.000286163,6.91951,30.3791,8.92692e-05,7.83792,38.2397,2.78121e-05,8.87555,48.1338,8.65134e-06,10.0489,60.5876,2.7882e-06,11.3761,76.2629,8.29036e-07,12.8779,95.9927,2.4373e-07,14.5775,120.825,4.33068e-09,16.5012,152.08,1.75749e-07,18.6784,191.415,-1.86328e-07,21.1428,240.917,1.91829e-07,23.9322,303.213,-1.81475e-07,27.0895,381.602,7.0186e-08,30.6634,480.231,-2.86769e-08,34.7087,604.316,2.40784e-07,39.2876,760.401,9.87368e-08,44.4705,956.705,1.22263e-07,50.3371,1203.54,-4.31966e-07,56.9776,1513.81,-1.9705e-07,64.494,1903.69,-2.763e-08,73.0018,2393.4,3.9185e-07,82.6317,3008.13,1.35379e-07,93.5318,3779.25,-4.16351e-08,105.869,4745.7,2.06965e-08,119.834,5955.6,-3.18887e-07,135.641,7468.12,-1.48271e-08,153.531,9355.62,2.00739e-07,173.781,11705.8,2.28358e-07,196.701,14624.1,-1.93587e-08,222.642,18235,-2.88101e-07,252.003,22683.4,-2.24732e-07,285.234,28134,8.56806e-09,322.845,34767,2.34258e-07,365.413,42770.9,2.99668e-07,413.588,52327.9,8.28644e-08,468.111,63591.2,-3.07049e-07,529.814,76653.2,-3.1888e-07,599.642,91502.5,-6.72276e-08,678.662,107975,2.26339e-07,768.083,125705,3.69212e-07,869.267,144088,2.04077e-07,983.76,162277,-2.80509e-07,1113.3,179223,-4.22737e-07,1259.87,193777,-1.71951e-07,1425.68,204839,4.55555e-07,11.7194,11.96,12.6541,2.21263,4.16949,0.989383,2.67766,5.84076,0.311842,3.14343,7.55825,0.0972771,3.63127,9.58578,0.0303237,4.15787,12.0912,0.00945211,4.73731,15.2286,0.00294633,5.38238,19.1721,0.000918508,6.10553,24.134,0.000286163,6.91951,30.3791,8.92692e-05,7.83792,38.2397,2.78121e-05,8.87555,48.1338,8.65134e-06,10.0489,60.5876,2.7882e-06,11.3761,76.2629,8.29036e-07,12.8779,95.9927,2.4373e-07,14.5775,120.825,1e-08,16.5012,152.08,1.75749e-07,18.6784,191.415,1e-08,21.1428,240.917,1.91829e-07,23.9322,303.213,1e-08,27.0895,381.602,7.0186e-08,30.6634,480.231,1e-08,34.7087,604.316,2.40784e-07,39.2876,760.401,9.87368e-08,44.4705,956.705,1.22263e-07,50.3371,1203.54,1e-08,56.9776,1513.81,1e-08,64.494,1903.69,1e-08,73.0018,2393.4,3.9185e-07,82.6317,3008.13,1.35379e-07,93.5318,3779.25,1e-08,105.869,4745.7,2.06965e-08,119.834,5955.6,1e-08,135.641,7468.12,1e-08,153.531,9355.62,2.00739e-07,173.781,11705.8,2.28358e-07,196.701,14624.1,1e-08,222.642,18235,1e-08,252.003,22683.4,1e-08,285.234,28134,1e-08,322.845,34767,2.34258e-07,365.413,42770.9,2.99668e-07,413.588,52327.9,8.28644e-08,468.111,63591.2,1e-08,529.814,76653.2,1e-08,599.642,91502.5,1e-08,678.662,107975,2.26339e-07,768.083,125705,3.69212e-07,869.267,144088,2.04077e-07,983.76,162277,1e-08,1113.3,179223,1e-08,1259.87,193777,1e-08,1425.68,204839,4.55555e-07,6.2823,3.27286,2.43537,0.219672,6.18826,2.24117,0.56371,6.87772,2.63624,0.308279,19,4,6,5,0,3,2,4,0,2,7,0,1,13,0,2,8,0,7,13,0,4,23,0,6,11,0,4,33,0,5,38,0,10,36,0,12,85,0,5,114,0,10,43,0,23,173,0,15,93,0,27,83,0,13,364,0,30,558,0,28,346,0,19,399,0,28,173,0,21,374,0,26,683,0,78,670,0,120,1376,0,55,2167,0,58,3605,0,67,3942,0,97,4436,0,135,8078,0,124,6791,0,143,3032,0,120,5035,0,145,17246,0,444,11347,0,189,22723,0,256,33371,0,512,27985,0,257,70601,0,239,42220,0,441,38772,0,230,59177,0,403,98606,0,679,86775,0,1504,120360,0,791,86637,0,627,70371,0,1178,90421,0,594,120784,0,1065,36337,0,691,143959,0
-1.05176e+08,1,8.88811e-15,10,1023,0,1.05176e+08,0.528882,1.08665,0.389689,0.145397,0.379329,3.24381,0.161596,0.446195,1.77396,0.159177,1.15e+07,4.49998e+06,6.79999e+06,1.15e+07,4.49997e+06,6.79999e+06,1.15e+07,4.49996e+06,6.79999e+06,1.15e+07,4.49995e+06,6.79999e+06,1.14999e+07,4.49993e+06,6.79999e+06,1.14999e+07,4.49991e+06,6.79999e+06,1.14999e+07,4.49989e+06,6.79999e+06,1.14999e+07,4.49986e+06,6.79999e+06,1.14999e+07,4.49982e+06,6.79999e+06,1.14999e+07,4.49977e+06,6.79999e+06,1.14999e+07,4.49971e+06,6.79999e+06,1.14999e+07,4.49963e+06,6.79999e+06,1.14998e+07,4.49953e+06,6.79999e+06,1.14998e+07,4.49941e+06,6.79999e+06,1.14998e+07,4.49926e+06,6.79999e+06,1.14998e+07,4.49906e+06,6.79999e+06,1.14997e+07,4.49882e+06,6.79999e+06,1.14997e+07,4.49851e+06,6.79999e+06,1.14997e+07,4.49812e+06,6.79999e+06,1.14996e+07,4.49764e+06,6.79999e+06,1.14996e+07,4.49702e+06,6.79999e+06,1.14995e+07,4.49625e+06,6.79999e+06,1.14995e+07,4.49528e+06,6.79999e+06,1.14994e+07,4.49406e+06,6.79999e+06,1.14993e+07,4.49253e+06,6.79999e+06,1.14992e+07,4.49059e+06,6.79999e+06,1.14991e+07,4.48817e+06,6.79999e+06,1.1499e+07,4.48511e+06,6.79999e+06,1.14988e+07,4.48128e+06,6.79999e+06,1.14987e+07,4.47646e+06,6.79999e+06,1.14985e+07,4.47041e+06,6.79999e+06,1.14983e+07,4.46281e+06,6.79999e+06,1.14981e+07,4.4533e+06,6.79999e+06,1.14979e+07,4.44138e+06,6.79999e+06,1.14976e+07,4.42649e+06,6.79999e+06,1.14972e+07,4.40789e+06,6.79999e+06,1.14969e+07,4.38471e+06,6.79999e+06,1.14965e+07,4.35592e+06,6.79999e+06,1.1496e+07,4.32027e+06,6.79999e+06,1.14955e+07,4.27629e+06,6.79999e+06,1.14949e+07,4.22231e+06,6.79999e+06,1.14942e+07,4.15647e+06,6.79999e+06,1.14934e+07,4.07676e+06,6.79999e+06,1.14926e+07,3.98112e+06,6.79999e+06,1.14916e+07,3.86765e+06,6.79999e+06,1.14905e+07,3.73474e+06,6.79999e+06,1.14892e+07,3.58148e+06,6.79999e+06,1.14878e+07,3.40785e+06,6.79999e+06,1.14862e+07,3.21513e+06,6.79999e+06,1.14844e+07,3.00605e+06,6.79999e+06,1.14823e+07,2.7848e+06,6.79999e+06,1.148e+07,2.5568e+06,6.79999e+06,1.14773e+07,2.32825e+06,6.79999e+06,13.5742,8.52444,0.508366,16.8306,13.2585,0.162638,20.0035,17.569,0.0507846,23.2616,22.4214,0.0158319,26.7328,28.3297,0.00493498,30.5212,35.6974,0.00153831,34.7178,44.9473,0.000479527,39.4086,56.5822,0.000149456,44.6796,71.2245,4.66214e-05,50.6209,89.6543,1.45419e-05,57.3297,112.852,4.54748e-06,64.9129,142.051,1.43857e-06,73.4897,178.803,4.36618e-07,83.1934,225.062,1.40153e-07,94.1745,283.286,4.96378e-08,106.602,356.568,1.05434e-07,120.669,448.799,-6.49244e-08,136.59,564.873,1.70148e-07,154.611,710.948,-5.34594e-08,175.008,894.767,1.63407e-07,198.097,1126.06,8.04804e-08,224.231,1417.07,1.14667e-07,253.813,1783.15,-1.71227e-07,287.297,2243.62,-2.88466e-07,325.198,2822.67,-4.33651e-07,368.098,3550.67,7.9318e-08,416.657,4465.65,3.13319e-07,471.621,5615.16,3.4613e-07,533.835,7058.61,-1.19199e-07,604.255,8870.02,-2.79964e-07,683.962,11141.4,-2.30521e-07,774.182,13986.7,-2.55099e-07,876.299,17546.4,1.23585e-07,991.883,21993.1,1.41192e-07,1122.71,27536.7,-9.71886e-08,1270.78,34430.7,-3.68368e-07,1438.38,42977.7,-3.45379e-07,1628.07,53532.7,-3.25328e-09,1842.77,66504.6,2.6362e-07,2085.77,82350.2,2.53445e-07,2360.79,101560,-2.47407e-08,2672.05,124632,-3.80602e-07,3024.31,152018,-4.79005e-07,3422.98,184060,-1.14379e-07,3874.15,220884,2.64297e-07,4384.72,262283,3.44131e-07,4962.49,307576,7.5349e-08,5616.29,355497,-3.63097e-07,6356.1,404126,-6.05442e-07,7193.18,450932,-2.72333e-07,8140.28,492963,2.29675e-07,9211.79,527178,4.3387e-07,10424,550893,-1.0711e-07,10.102,8.06553,2.81012,10.6436,8.57909,0.869423,11.5336,10.2515,0.270869,12.7211,12.7138,0.0844293,14.1823,15.9373,0.0263173,15.9122,20.0383,0.0082035,17.9198,25.2154,0.00255722,20.2244,31.7373,0.000797017,22.8539,39.9486,0.000248622,25.8438,50.2851,7.75492e-05,29.237,63.2963,2.42508e-05,33.0837,79.6738,7.67162e-06,37.4415,100.288,2.32837e-06,42.3767,126.236,7.33e-07,47.9646,158.896,2.79256e-07,54.2906,200.003,9.87351e-09,61.452,251.741,1.61085e-07,69.5585,316.859,-2.47141e-07,78.7347,398.812,8.93552e-08,89.1218,501.948,-2.53231e-07,100.879,631.736,-1.25047e-07,114.188,795.049,-1.78808e-07,129.252,1000.53,2.6733e-07,146.304,1259.03,4.50292e-07,165.605,1584.19,6.76904e-07,187.452,1993.12,-1.23808e-07,212.181,2507.27,-4.89068e-07,240.173,3153.54,-5.40284e-07,271.856,3965.56,1.86061e-07,307.719,4985.38,4.37004e-07,348.313,6265.4,3.59828e-07,394.26,7870.83,3.98192e-07,446.268,9882.51,-1.92908e-07,505.135,12400.3,-2.20392e-07,571.766,15546.9,1.51705e-07,647.184,19472.2,5.74996e-07,732.547,24357.4,5.39112e-07,829.167,30420,5.07815e-09,938.526,37916.3,-4.11492e-07,1062.3,47143.9,-3.9561e-07,1202.4,58439.2,3.86185e-08,1360.96,72169.3,5.94093e-07,1540.42,88715.8,7.47693e-07,1743.53,108445,1.78537e-07,1973.41,131665,-4.12549e-07,2233.57,158557,-5.37164e-07,2528,189103,-1.17615e-07,2861.2,222986,5.66769e-07,3238.27,259510,9.45053e-07,3664.97,297540,4.25093e-07,4147.81,335497,-3.58506e-07,4694.17,371444,-6.7724e-07,5312.37,403256,1.67192e-07,1.61744,3.89446,9.84394,3.28846,7.5504,12.774,5.07607,11.7187,13.6844,7.03202,16.8147,13.9681,9.20215,23.1769,14.0566,11.6301,31.1672,14.0841,14.3598,41.2186,14.0927,17.4376,53.8688,14.0954,20.9137,69.7915,14.0962,24.8432,89.8341,14.0965,29.2879,115.063,14.0966,34.3168,146.819,14.0966,40.0078,186.792,14.0966,46.4487,237.107,14.0966,53.7388,300.44,14.0966,61.9903,380.158,14.0966,71.3301,480.499,14.0966,81.902,606.796,14.0966,93.8685,765.761,14.0966,107.414,965.837,14.0966,122.746,1217.65,14.0966,140.101,1534.57,14.0966,159.745,1933.41,14.0966,181.981,2435.3,14.0966,207.15,3066.85,14.0966,235.64,3861.46,14.0966,267.889,4861.11,14.0966,304.391,6118.54,14.0966,345.709,7699.91,14.0966,392.478,9688.22,14.0966,445.417,12187.5,14.0966,505.339,15327.7,14.0966,573.165,19271.6,14.0966,649.938,24222,14.0966,736.839,30430.9,14.0966,835.202,38211.5,14.0966,946.539,47950.3,14.0966,1072.56,60122.8,14.0966,1215.21,75309.9,14.0966,1376.66,94216.2,14.0966,1559.41,117688,14.0966,1766.26,146729,14.0966,2000.39,182510,14.0966,2265.39,226372,14.0966,2565.33,279806,14.0966,2904.81,344416,14.0966,3289.05,421845,14.0966,3723.93,513667,14.0966,4216.13,621231,14.0966,4773.18,745478,14.0966,5403.64,886744,14.0966,6117.15,1.04457e+06,14.0966,6924.63,1.2176e+06,14.0966,11.7194,11.96,12.6541,13.9321,16.1295,13.6434,16.6097,21.9702,13.9553,19.7532,29.5285,14.0526,23.3844,39.1143,14.0829,27.5423,51.2054,14.0923,32.2796,66.434,14.0953,37.662,85.6061,14.0962,43.7675,109.74,14.0965,50.687,140.119,14.0966,58.5249,178.359,14.0966,67.4005,226.493,14.0966,77.4493,287.08,14.0966,88.8254,363.343,14.0966,101.703,459.336,14.0966,116.281,580.161,14.0966,132.782,732.241,14.0966,151.46,923.655,14.0966,172.603,1164.57,14.0966,196.535,1467.79,14.0966,223.625,1849.39,14.0966,254.288,2329.62,14.0966,288.997,2933.93,14.0966,328.285,3694.33,14.0966,372.755,4651.04,14.0966,423.092,5854.57,14.0966,480.07,7368.38,14.0966,544.564,9272.08,14.0966,617.566,11665.5,14.0966,700.197,14673.6,14.0966,793.729,18452.9,14.0966,899.599,23198.6,14.0966,1019.43,29154.1,14.0966,1155.07,36622.3,14.0966,1308.6,45977.9,14.0966,1482.39,57683.7,14.0966,1679.09,72307.8,14.0966,1901.73,90542.8,14.0966,2153.73,113226,14.0966,2438.97,141360,14.0966,2761.81,176127,14.0966,3127.22,218898,14.0966,3540.81,271226,14.0966,4008.92,334817,14.0966,4538.74,411470,14.0966,5138.38,502973,14.0966,5817.04,610948,14.0966,6585.12,736653,14.0966,7454.39,880741,14.0966,8438.15,1.04302e+06,14.0966,9551.45,1.22224e+06,14.0966,10811.3,1.41602e+06,14.0966,12237,1.62086e+06,14.0966,11.7194,11.96,12.6541,2.21263,4.16949,0.989383,2.67766,5.84076,0.311842,3.14343,7.55825,0.0972771,3.63127,9.58578,0.0303237,4.15787,12.0912,0.00945211,4.73731,15.2286,0.00294633,5.38238,19.1721,0.000918508,6.10553,24.134,0.000286163,6.91951,30.3791,8.92692e-05,7.83792,38.2397,2.78121e-05,8.87555,48.1338,8.65134e-06,10.0489,60.5876,2.7882e-06,11.3761,76.2629,8.29036e-07,12.8779,95.9927,2.4373e-07,14.5775,120.825,4.33068e-09,16.5012,152.08,1.75749e-07,18.6784,191.415,-1.86328e-07,21.1428,240.917,1.91829e-07,23.9322,303.213,-1.81475e-07,27.0895,381.602,7.0186e-08,30.6634,480.231,-2.86769e-08,34.7087,604.316,2.40784e-07,39.2876,760.401,9.87368e-08,44.4705,956.705,1.22263e-07,50.3371,1203.54,-4.31966e-07,56.9776,1513.81,-1.9705e-07,64.494,1903.69,-2.763e-08,73.0018,2393.4,3.9185e-07,82.6317,3008.13,1.35379e-07,93.5318,3779.25,-4.16351e-08,105.869,4745.7,2.06965e-08,119.834,5955.6,-3.18887e-07,135.641,7468.12,-1.48271e-08,153.531,9355.62,2.00739e-07,173.781,11705.8,2.28358e-07,196.701,14624.1,-1.93587e-08,222.642,18235,-2.88101e-07,252.003,22683.4,-2.24732e-07,285.234,28134,8.56806e-09,322.845,34767,2.34258e-07,365.413,42770.9,2.99668e-07,413.588,52327.9,8.28644e-08,468.111,63591.2,-3.07049e-07,529.814,76653.2,-3.1888e-07,599.642,91502.5,-6.72276e-08,678.662,107975,2.26339e-07,768.083,125705,3.69212e-07,869.267,144088,2.04077e-07,983.76,162277,-2.80509e-07,1113.3,179223,-4.22737e-07,1259.87,193777,-1.71951e-07,1425.68,204839,4.55555e-07,11.7194,11.96,12.6541,2.21263,4.16949,0.989383,2.67766,5.84076,0.311842,3.14343,7.55825,0.0972771,3.63127,9.58578,0.0303237,4.15787,12.0912,0.00945211,4.73731,15.2286,0.00294633,5.38238,19.1721,0.000918508,6.10553,24.134,0.000286163,6.91951,30.3791,8.92692e-05,7.83792,38.2397,2.78121e-05,8.87555,48.1338,8.65134e-06,10.0489,60.5876,2.7882e-06,11.3761,76.2629,8.29036e-07,12.8779,95.9927,2.4373e-07,14.5775,120.825,1e-08,16.5012,152.08,1.75749e-07,18.6784,191.415,1e-08,21.1428,240.917,1.91829e-07,23.9322,303.213,1e-08,27.0895,381.602,7.0186e-08,30.6634,480.231,1e-08,34.7087,604.316,2.40784e-07,39.2876,760.401,9.87368e-08,44.4705,956.705,1.22263e-07,50.3371,1203.54,1e-08,56.9776,1513.81,1e-08,64.494,1903.69,1e-08,73.0018,2393.4,3.9185e-07,82.6317,3008.13,1.35379e-07,93.5318,3779.25,1e-08,105.869,4745.7,2.06965e-08,119.834,5955.6,1e-08,135.641,7468.12,1e-08,153.531,9355.62,2.00739e-07,173.781,11705.8,2.28358e-07,196.701,14624.1,1e-08,222.642,18235,1e-08,252.003,22683.4,1e-08,285.234,28134,1e-08,322.845,34767,2.34258e-07,365.413,42770.9,2.99668e-07,413.588,52327.9,8.28644e-08,468.111,63591.2,1e-08,529.814,76653.2,1e-08,599.642,91502.5,1e-08,678.662,107975,2.26339e-07,768.083,125705,3.69212e-07,869.267,144088,2.04077e-07,983.76,162277,1e-08,1113.3,179223,1e-08,1259.87,193777,1e-08,1425.68,204839,4.55555e-07,6.2823,3.27286,2.43537,0.219672,6.18826,2.24117,0.56371,6.87772,2.63624,0.308279,9,11,20,4,3,1,3,6,0,4,0,1,1,16,0,0,13,0,7,23,0,5,26,0,6,15,0,11,28,0,7,50,0,5,51,0,6,17,0,9,48,0,6,89,0,10,30,0,7,196,0,17,332,0,16,207,0,17,338,0,12,568,0,7,459,0,21,243,0,30,940,0,39,402,0,49,668,0,18,1322,0,62,3555,0,145,2279,0,132,3604,0,107,3363,0,89,6630,0,172,4813,0,81,13320,0,36,4411,0,167,13750,0,235,8446,0,148,17124,0,194,36078,0,73,27450,0,100,43560,0,444,21182,0,215,67675,0,562,64184,0,1076,41615,0,951,62844,0,502,127385,0,544,148618,0,367,126893,0,970,211326,0,936,177855,0,788,243662,0,1202,194451,0
-1.05176e+08,1,8.88811e-15,10,1023,0,1.05176e+08,0.528882,1.08665,0.389689,0.145397,0.379329,3.24381,0.161596,0.446195,1.77396,0.159177,1.15e+07,4.49998e+06,6.79999e+06,1.15e+07,4.49997e+06,6.79999e+06,1.15e+07,4.49996e+06,6.79999e+06,1.15e+07,4.49995e+06,6.79999e+06,1.14999e+07,4.49993e+06,6.79999e+06,1.14999e+07,4.49991e+06,6.79999e+06,1.14999e+07,4.49989e+06,6.79999e+06,1.14999e+07,4.49986e+06,6.79999e+06,1.14999e+07,4.49982e+06,6.79999e+06,1.14999e+07,4.49977e+06,6.79999e+06,1.14999e+07,4.49971e+06,6.79999e+06,1.14999e+07,4.49963e+06,6.79999e+06,1.14998e+07,4.49953e+06,6.79999e+06,1.14998e+07,4.49941e+06,6.79999e+06,1.14998e+07,4.49926e+06,6.79999e+06,1.14998e+07,4.49906e+06,6.79999e+06,1.14997e+07,4.49882e+06,6.79999e+06,1.14997e+07,4.49851e+06,6.79999e+06,1.14997e+07,4.49812e+06,6.79999e+06,1.14996e+07,4.49764e+06,6.79999e+06,1.14996e+07,4.49702e+06,6.79999e+06,1.14995e+07,4.49625e+06,6.79999e+06,1.14995e+07,4.49528e+06,6.79999e+06,1.14994e+07,4.49406e+06,6.79999e+06,1.14993e+07,4.49253e+06,6.79999e+06,1.14992e+07,4.49059e+06,6.79999e+06,1.14991e+07,4.48817e+06,6.79999e+06,1.1499e+07,4.48511e+06,6.79999e+06,1.14988e+07,4.48128e+06,6.79999e+06,1.14987e+07,4.47646e+06,6.79999e+06,1.14985e+07,4.47041e+06,6.79999e+06,1.14983e+07,4.46281e+06,6.79999e+06,1.14981e+07,4.4533e+06,6.79999e+06,1.14979e+07,4.44138e+06,6.79999e+06,1.14976e+07,4.42649e+06,6.79999e+06,1.14972e+07,4.40789e+06,6.79999e+06,1.14969e+07,4.38471e+06,6.79999e+06,1.14965e+07,4.35592e+06,6.79999e+06,1.1496e+07,4.32027e+06,6.79999e+06,1.14955e+07,4.27629e+06,6.79999e+06,1.14949e+07,4.22231e+06,6.79999e+06,1.14942e+07,4.15647e+06,6.79999e+06,1.14934e+07,4.07676e+06,6.79999e+06,1.14926e+07,3.98112e+06,6.79999e+06,1.14916e+07,3.86765e+06,6.79999e+06,1.14905e+07,3.73474e+06,6.79999e+06,1.14892e+07,3.58148e+06,6.79999e+06,1.14878e+07,3.40785e+06,6.79999e+06,1.14862e+07,3.21513e+06,6.79999e+06,1.14844e+07,3.00605e+06,6.79999e+06,1.14823e+07,2.7848e+06,6.79999e+06,1.148e+07,2.5568e+06,6.79999e+06,1.14773e+07,2.32825e+06,6.79999e+06,13.5742,8.52444,0.508366,16.8306,13.2585,0.162638,20.0035,17.569,0.0507846,23.2616,22.4214,0.0158319,26.7328,28.3297,0.00493498,30.5212,35.6974,0.00153831,34.7178,44.9473,0.000479527,39.4086,56.5822,0.000149456,44.6796,71.2245,4.66214e-05,50.6209,89.6543,1.45419e-05,57.3297,112.852,4.54748e-06,64.9129,142.051,1.43857e-06,73.4897,178.803,4.36618e-07,83.1934,225.062,1.40153e-07,94.1745,283.286,4.96378e-08,106.602,356.568,1.05434e-07,120.669,448.799,-6.49244e-08,136.59,564.873,1.70148e-07,154.611,710.948,-5.34594e-08,175.008,894.767,1.63407e-07,198.097,1126.06,8.04804e-08,224.231,1417.07,1.14667e-07,253.813,1783.15,-1.71227e-07,287.297,2243.62,-2.88466e-07,325.198,2822.67,-4.33651e-07,368.098,3550.67,7.9318e-08,416.657,4465.65,3.13319e-07,471.621,5615.16,3.4613e-07,533.835,7058.61,-1.19199e-07,604.255,8870.02,-2.79964e-07,683.962,11141.4,-2.30521e-07,774.182,13986.7,-2.55099e-07,876.299,17546.4,1.23585e-07,991.883,21993.1,1.41192e-07,1122.71,27536.7,-9.71886e-08,1270.78,34430.7,-3.68368e-07,1438.38,42977.7,-3.45379e-07,1628.07,53532.7,-3.25328e-09,1842.77,66504.6,2.6362e-07,2085.77,82350.2,2.53445e-07,2360.79,101560,-2.47407e-08,2672.05,124632,-3.80602e-07,3024.31,152018,-4.79005e-07,3422.98,184060,-1.14379e-07,3874.15,220884,2.64297e-07,4384.72,262283,3.44131e-07,4962.49,307576,7.5349e-08,5616.29,355497,-3.63097e-07,6356.1,404126,-6.05442e-07,7193.18,450932,-2.72333e-07,8140.28,492963,2.29675e-07,9211.79,527178,4.3387e-07,10424,550893,-1.0711e-07,10.102,8.06553,2.81012,10.6436,8.57909,0.869423,11.5336,10.2515,0.270869,12.7211,12.7138,0.0844293,14.1823,15.9373,0.0263173,15.9122,20.0383,0.0082035,17.9198,25.2154,0.00255722,20.2244,31.7373,0.000797017,22.8539,39.9486,0.000248622,25.8438,50.2851,7.75492e-05,29.237,63.2963,2.42508e-05,33.0837,79.6738,7.67162e-06,37.4415,100.288,2.32837e-06,42.3767,126.236,7.33e-07,47.9646,158.896,2.79256e-07,54.2906,200.003,9.87351e-09,61.452,251.741,1.61085e-07,69.5585,316.859,-2.47141e-07,78.7347,398.812,8.93552e-08,89.1218,501.948,-2.53231e-07,100.879,631.736,-1.25047e-07,114.188,795.049,-1.78808e-07,129.252,1000.53,2.6733e-07,146.304,1259.03,4.50292e-07,165.605,1584.19,6.76904e-07,187.452,1993.12,-1.23808e-07,212.181,2507.27,-4.89068e-07,240.173,3153.54,-5.40284e-07,271.856,3965.56,1.86061e-07,307.719,4985.38,4.37004e-07,348.313,6265.4,3.59828e-07,394.26,7870.83,3.98192e-07,446.268,9882.51,-1.92908e-07,505.135,12400.3,-2.20392e-07,571.766,15546.9,1.51705e-07,647.184,19472.2,5.74996e-07,732.547,24357.4,5.39112e-07,829.167,30420,5.07815e-09,938.526,37916.3,-4.11492e-07,1062.3,47143.9,-3.9561e-07,1202.4,58439.2,3.86185e-08,1360.96,72169.3,5.94093e-07,1540.42,88715.8,7.47693e-07,1743.53,108445,1.78537e-07,1973.41,131665,-4.12549e-07,2233.57,158557,-5.37164e-07,2528,189103,-1.17615e-07,2861.2,222986,5.66769e-07,3238.27,259510,9.45053e-07,3664.97,297540,4.25093e-07,4147.81,335497,-3.58506e-07,4694.17,371444,-6.7724e-07,5312.37,403256,1.67192e-07,1.61744,3.89446,9.84394,3.28846,7.5504,12.774,5.07607,11.7187,13.6844,7.03202,16.8147,13.9681,9.20215,23.1769,14.0566,11.6301,31.1672,14.0841,14.3598,41.2186,14.0927,17.4376,53.8688,14.0954,20.9137,69.7915,14.0962,24.8432,89.8341,14.0965,29.2879,115.063,14.0966,34.3168,146.819,14.0966,40.0078,186.792,14.0966,46.4487,237.107,14.0966,53.7388,300.44,14.0966,61.9903,380.158,14.0966,71.3301,480.499,14.0966,81.902,606.796,14.0966,93.8685,765.761,14.0966,107.414,965.837,14.0966,122.746,1217.65,14.0966,140.101,1534.57,14.0966,159.745,1933.41,14.0966,181.981,2435.3,14.0966,207.15,3066.85,14.0966,235.64,3861.46,14.0966,267.889,4861.11,14.0966,304.391,6118.54,14.0966,345.709,7699.91,14.0966,392.478,9688.22,14.0966,445.417,12187.5,14.0966,505.339,15327.7,14.0966,573.165,19271.6,14.0966,649.938,24222,14.0966,736.839,30430.9,14.0966,835.202,38211.5,14.0966,946.539,47950.3,14.0966,1072.56,60122.8,14.0966,1215.21,75309.9,14.0966,1376.66,94216.2,14.0966,1559.41,117688,14.0966,1766.26,146729,14.0966,2000.39,182510,14.0966,2265.39,226372,14.0966,2565.33,279806,14.0966,2904.81,344416,14.0966,3289.05,421845,14.0966,3723.93,513667,14.0966,4216.13,621231,14.0966,4773.18,745478,14.0966,5403.64,886744,14.0966,6117.15,1.04457e+06,14.0966,6924.63,1.2176e+06,14.0966,11.7194,11.96,12.6541,13.9321,16.1295,13.6434,16.6097,21.9702,13.9553,19.7532,29.5285,14.0526,23.3844,39.1143,14.0829,27.5423,51.2054,14.0923,32.2796,66.434,14.0953,37.662,85.6061,14.0962,43.7675,109.74,14.0965,50.687,140.119,14.0966,58.5249,178.359,14.0966,67.4005,226.493,14.0966,77.4493,287.08,14.0966,88.8254,363.343,14.0966,101.703,459.336,14.0966,116.281,580.161,14.0966,132.782,732.241,14.0966,151.46,923.655,14.0966,172.603,1164.57,14.0966,196.535,1467.79,14.0966,223.625,1849.39,14.0966,254.288,2329.62,14.0966,288.997,2933.93,14.0966,328.285,3694.33,14.0966,372.755,4651.04,14.0966,423.092,5854.57,14.0966,480.07,7368.38,14.0966,544.564,9272.08,14.0966,617.566,11665.5,14.0966,700.197,14673.6,14.0966,793.729,18452.9,14.0966,899.599,23198.6,14.0966,1019.43,29154.1,14.0966,1155.07,36622.3,14.0966,1308.6,45977.9,14.0966,1482.39,57683.7,14.0966,1679.09,72307.8,14.0966,1901.73,90542.8,14.0966,2153.73,113226,14.0966,2438.97,141360,14.0966,2761.81,176127,14.0966,3127.22,218898,14.0966,3540.81,271226,14.0966,4008.92,334817,14.0966,4538.74,411470,14.0966,5138.38,502973,14.0966,5817.04,610948,14.0966,6585.12,736653,14.0966,7454.39,880741,14.0966,8438.15,1.04302e+06,14.0966,9551.45,1.22224e+06,14.0966,10811.3,1.41602e+06,14.0966,12237,1.62086e+06,14.0966,11.7194,11.96,12.6541,2.21263,4.16949,0.989383,2.67766,5.84076,0.311842,3.14343,7.55825,0.0972771,3.63127,9.58578,0.0303237,4.15787,12.0912,0.00945211,4.73731,15.2286,0.00294633,5.38238,19.1721,0.000918508,6.10553,24.134,0.000286163,6.91951,30.3791,8.92692e-05,7.83792,38.2397,2.78121e-05,8.87555,48.1338,8.65134e-06,10.0489,60.5876,2.7882e-06,11.3761,76.2629,8.29036e-07,12.8779,95.9927,2.4373e-07,14.5775,120.825,4.33068e-09,16.5012,152.08,1.75749e-07,18.6784,191.415,-1.86328e-07,21.1428,240.917,1.91829e-07,23.9322,303.213,-1.81475e-07,27.0895,381.602,7.0186e-08,30.6634,480.231,-2.86769e-08,34.7087,604.316,2.40784e-07,39.2876,760.401,9.87368e-08,44.4705,956.705,1.22263e-07,50.3371,1203.54,-4.31966e-07,56.9776,1513.81,-1.9705e-07,64.494,1903.69,-2.763e-08,73.0018,2393.4,3.9185e-07,82.6317,3008.13,1.35379e-07,93.5318,3779.25,-4.16351e-08,105.869,4745.7,2.06965e-08,119.834,5955.6,-3.18887e-07,135.641,7468.12,-1.48271e-08,153.531,9355.62,2.00739e-07,173.781,11705.8,2.28358e-07,196.701,14624.1,-1.93587e-08,222.642,18235,-2.88101e-07,252.003,22683.4,-2.24732e-07,285.234,28134,8.56806e-09,322.845,34767,2.34258e-07,365.413,42770.9,2.99668e-07,413.588,52327.9,8.28644e-08,468.111,63591.2,-3.07049e-07,529.814,76653.2,-3.1888e-07,599.642,91502.5,-6.72276e-08,678.662,107975,2.26339e-07,768.083,125705,3.69212e-07,869.267,144088,2.04077e-07,983.76,162277,-2.80509e-07,1113.3,179223,-4.22737e-07,1259.87,193777,-1.71951e-07,1425.68,204839,4.55555e-07,11.7194,11.96,12.6541,2.21263,4.16949,0.989383,2.67766,5.84076,0.311842,3.14343,7.55825,0.0972771,3.63127,9.58578,0.0303237,4.15787,12.0912,0.00945211,4.73731,15.2286,0.00294633,5.38238,19.1721,0.000918508,6.10553,24.134,0.000286163,6.91951,30.3791,8.92692e-05,7.83792,38.2397,2.78121e-05,8.87555,48.1338,8.65134e-06,10.0489,60.5876,2.7882e-06,11.3761,76.2629,8.29036e-07,12.8779,95.9927,2.4373e-07,14.5775,120.825,1e-08,16.5012,152.08,1.75749e-07,18.6784,191.415,1e-08,21.1428,240.917,1.91829e-07,23.9322,303.213,1e-08,27.0895,381.602,7.0186e-08,30.6634,480.231,1e-08,34.7087,604.316,2.40784e-07,39.2876,760.401,9.87368e-08,44.4705,956.705,1.22263e-07,50.3371,1203.54,1e-08,56.9776,1513.81,1e-08,64.494,1903.69,1e-08,73.0018,2393.4,3.9185e-07,82.6317,3008.13,1.35379e-07,93.5318,3779.25,1e-08,105.869,4745.7,2.06965e-08,119.834,5955.6,1e-08,135.641,7468.12,1e-08,153.531,9355.62,2.00739e-07,173.781,11705.8,2.28358e-07,196.701,14624.1,1e-08,222.642,18235,1e-08,252.003,22683.4,1e-08,285.234,28134,1e-08,322.845,34767,2.34258e-07,365.413,42770.9,2.99668e-07,413.588,52327.9,8.28644e-08,468.111,63591.2,1e-08,529.814,76653.2,1e-08,599.642,91502.5,1e-08,678.662,107975,2.26339e-07,768.083,125705,3.69212e-07,869.267,144088,2.04077e-07,983.76,162277,1e-08,1113.3,179223,1e-08,1259.87,193777,1e-08,1425.68,204839,4.55555e-07,6.2823,3.27286,2.43537,0.219672,6.18826,2.24117,0.56371,6.87772,2.63624,0.308279,10,15,9,2,0,1,0,4,1,3,6,0,6,5,0,6,12,0,4,10,0,5,14,0,15,20,0,3,17,0,6,46,0,8,51,0,16,66,0,6,126,0,14,83,0,13,98,0,14,72,0,20,235,0,32,119,0,27,339,0,37,358,0,36,583,0,71,462,0,44,632,0,15,939,0,30,600,0,24,1248,0,37,2094,0,117,2746,0,112,2126,0,32,1594,0,124,4669,0,96,3152,0,69,5494,0,193,6379,0,84,10972,0,249,12109,0,136,17173,0,126,33781,0,241,28293,0,498,32417,0,116,50805,0,452,35477,0,419,86286,0,538,57673,0,506,72904,0,309,39233,0,1032,182953,0,1412,121794,0,881,140415,0,1077,152512,0,866,128699,0,2764,30745,0
-1.05176e+08,1,8.88811e-15,10,1023,0,1.05176e+08,0.528882,1.08665,0.389689,0.145397,0.379329,3.24381,0.161596,0.446195,1.77396,0.159177,1.15e+07,4.49998e+06,6.79999e+06,1.15e+07,4.49997e+06,6.79999e+06,1.15e+07,4.49996e+06,6.79999e+06,1.15e+07,4.49995e+06,6.79999e+06,1.14999e+07,4.49993e+06,6.79999e+06,1.14999e+07,4.49991e+06,6.79999e+06,1.14999e+07,4.49989e+06,6.79999e+06,1.14999e+07,4.49986e+06,6.79999e+06,1.14999e+07,4.49982e+06,6.79999e+06,1.14999e+07,4.49977e+06,6.79999e+06,1.14999e+07,4.49971e+06,6.79999e+06,1.14999e+07,4.49963e+06,6.79999e+06,1.14998e+07,4.49953e+06,6.79999e+06,1.14998e+07,4.49941e+06,6.79999e+06,1.14998e+07,4.49926e+06,6.79999e+06,1.14998e+07,4.49906e+06,6.79999e+06,1.14997e+07,4.49882e+06,6.79999e+06,1.14997e+07,4.49851e+06,6.79999e+06,1.14997e+07,4.49812e+06,6.79999e+06,1.14996e+07,4.49764e+06,6.79999e+06,1.14996e+07,4.49702e+06,6.79999e+06,1.14995e+07,4.49625e+06,6.79999e+06,1.14995e+07,4.49528e+06,6.79999e+06,1.14994e+07,4.49406e+06,6.79999e+06,1.14993e+07,4.49253e+06,6.79999e+06,1.14992e+07,4.49059e+06,6.79999e+06,1.14991e+07,4.48817e+06,6.79999e+06,1.1499e+07,4.48511e+06,6.79999e+06,1.14988e+07,4.48128e+06,6.79999e+06,1.14987e+07,4.47646e+06,6.79999e+06,1.14985e+07,4.47041e+06,6.79999e+06,1.14983e+07,4.46281e+06,6.79999e+06,1.14981e+07,4.4533e+06,6.79999e+06,1.14979e+07,4.44138e+06,6.79999e+06,1.14976e+07,4.42649e+06,6.79999e+06,1.14972e+07,4.40789e+06,6.79999e+06,1.14969e+07,4.38471e+06,6.79999e+06,1.14965e+07,4.35592e+06,6.79999e+06,1.1496e+07,4.32027e+06,6.79999e+06,1.14955e+07,4.27629e+06,6.79999e+06,1.14949e+07,4.22231e+06,6.79999e+06,1.14942e+07,4.15647e+06,6.79999e+06,1.14934e+07,4.07676e+06,6.79999e+06,1.14926e+07,3.98112e+06,6.79999e+06,1.14916e+07,3.86765e+06,6.79999e+06,1.14905e+07,3.73474e+06,6.79999e+06,1.14892e+07,3.58148e+06,6.79999e+06,1.14878e+07,3.40785e+06,6.79999e+06,1.14862e+07,3.21513e+06,6.79999e+06,1.14844e+07,3.00605e+06,6.79999e+06,1.14823e+07,2.7848e+06,6.79999e+06,1.148e+07,2.5568e+06,6.79999e+06,1.14773e+07,2.32825e+06,6.79999e+06,13.5742,8.52444,0.508366,16.8306,13.2585,0.162638,20.0035,17.569,0.0507846,23.2616,22.4214,0.0158319,26.7328,28.3297,0.00493498,30.5212,35.6974,0.00153831,34.7178,44.9473,0.000479527,39.4086,56.5822,0.000149456,44.6796,71.2245,4.66214e-05,50.6209,89.6543,1.45419e-05,57.3297,112.852,4.54748e-06,64.9129,142.051,1.43857e-06,73.4897,178.803,4.36618e-07,83.1934,225.062,1.40153e-07,94.1745,283.286,4.96378e-08,106.602,356.568,1.05434e-07,120.669,448.799,-6.49244e-08,136.59,564.873,1.70148e-07,154.611,710.948,-5.34594e-08,175.008,894.767,1.63407e-07,198.097,1126.06,8.04804e-08,224.231,1417.07,1.14667e-07,253.813,1783.15,-1.71227e-07,287.297,2243.62,-2.88466e-07,325.198,2822.67,-4.33651e-07,368.098,3550.67,7.9318e-08,416.657,4465.65,3.13319e-07,471.621,5615.16,3.4613e-07,533.835,7058.61,-1.19199e-07,604.255,8870.02,-2.79964e-07,683.962,11141.4,-2.30521e-07,774.182,13986.7,-2.55099e-07,876.299,17546.4,1.23585e-07,991.883,21993.1,1.41192e-07,1122.71,27536.7,-9.71886e-08,1270.78,34430.7,-3.68368e-07,1438.38,42977.7,-3.45379e-07,1628.07,53532.7,-3.25328e-09,1842.77,66504.6,2.6362e-07,2085.77,82350.2,2.53445e-07,2360.79,101560,-2.47407e-08,2672.05,124632,-3.80602e-07,3024.31,152018,-4.79005e-07,3422.98,184060,-1.14379e-07,3874.15,220884,2.64297e-07,4384.72,262283,3.44131e-07,4962.49,307576,7.5349e-08,5616.29,355497,-3.63097e-07,6356.1,404126,-6.05442e-07,7193.18,450932,-2.72333e-07,8140.28,492963,2.29675e-07,9211.79,527178,4.3387e-07,10424,550893,-1.0711e-07,10.102,8.06553,2.81012,10.6436,8.57909,0.869423,11.5336,10.2515,0.270869,12.7211,12.7138,0.0844293,14.1823,15.9373,0.0263173,15.9122,20.0383,0.0082035,17.9198,25.2154,0.00255722,20.2244,31.7373,0.000797017,22.8539,39.9486,0.000248622,25.8438,50.2851,7.75492e-05,29.237,63.2963,2.42508e-05,33.0837,79.6738,7.67162e-06,37.4415,100.288,2.32837e-06,42.3767,126.236,7.33e-07,47.9646,158.896,2.79256e-07,54.2906,200.003,9.87351e-09,61.452,251.741,1.61085e-07,69.5585,316.859,-2.47141e-07,78.7347,398.812,8.93552e-08,89.1218,501.948,-2.53231e-07,100.879,631.736,-1.25047e-07,114.188,795.049,-1.78808e-07,129.252,1000.53,2.6733e-07,146.304,1259.03,4.50292e-07,165.605,1584.19,6.76904e-07,187.452,1993.12,-1.23808e-07,212.181,2507.27,-4.89068e-07,240.173,3153.54,-5.40284e-07,271.856,3965.56,1.86061e-07,307.719,4985.38,4.37004e-07,348.313,6265.4,3.59828e-07,394.26,7870.83,3.98192e-07,446.268,9882.51,-1.92908e-07,505.135,12400.3,-2.20392e-07,571.766,15546.9,1.51705e-07,647.184,19472.2,5.74996e-07,732.547,24357.4,5.39112e-07,829.167,30420,5.07815e-09,938.526,37916.3,-4.11492e-07,1062.3,47143.9,-3.9561e-07,1202.4,58439.2,3.86185e-08,1360.96,72169.3,5.94093e-07,1540.42,88715.8,7.47693e-07,1743.53,108445,1.78537e-07,1973.41,131665,-4.12549e-07,2233.57,158557,-5.37164e-07,2528,189103,-1.17615e-07,2861.2,222986,5.66769e-07,3238.27,259510,9.45053e-07,3664.97,297540,4.25093e-07,4147.81,335497,-3.58506e-07,4694.17,371444,-6.7724e-07,5312.37,403256,1.67192e-07,1.61744,3.89446,9.84394,3.28846,7.5504,12.774,5.07607,11.7187,13.6844,7.03202,16.8147,13.9681,9.20215,23.1769,14.0566,11.6301,31.1672,14.0841,14.3598,41.2186,14.0927,17.4376,53.8688,14.0954,20.9137,69.7915,14.0962,24.8432,89.8341,14.0965,29.2879,115.063,14.0966,34.3168,146.819,14.0966,40.0078,186.792,14.0966,46.4487,237.107,14.0966,53.7388,300.44,14.0966,61.9903,380.158,14.0966,71.3301,480.499,14.0966,81.902,606.796,14.0966,93.8685,765.761,14.0966,107.414,965.837,14.0966,122.746,1217.65,14.0966,140.101,1534.57,14.0966,159.745,1933.41,14.0966,181.981,2435.3,14.0966,207.15,3066.85,14.0966,235.64,3861.46,14.0966,267.889,4861.11,14.0966,304.391,6118.54,14.0966,345.709,7699.91,14.0966,392.478,9688.22,14.0966,445.417,12187.5,14.0966,505.339,15327.7,14.0966,573.165,19271.6,14.0966,649.938,24222,14.0966,736.839,30430.9,14.0966,835.202,38211.5,14.0966,946.539,47950.3,14.0966,1072.56,60122.8,14.0966,1215.21,75309.9,14.0966,1376.66,94216.2,14.0966,1559.41,117688,14.0966,1766.26,146729,14.0966,2000.39,182510,14.0966,2265.39,226372,14.0966,2565.33,279806,14.0966,2904.81,344416,14.0966,3289.05,421845,14.0966,3723.93,513667,14.0966,4216.13,621231,14.0966,4773.18,745478,14.0966,5403.64,886744,14.0966,6117.15,1.04457e+06,14.0966,6924.63,1.2176e+06,14.0966,11.7194,11.96,12.6541,13.9321,16.1295,13.6434,16.6097,21.9702,13.9553,19.7532,29.5285,14.0526,23.3844,39.1143,14.0829,27.5423,51.2054,14.0923,32.2796,66.434,14.0953,37.662,85.6061,14.0962,43.7675,109.74,14.0965,50.687,140.119,14.0966,58.5249,178.359,14.0966,67.4005,226.493,14.0966,77.4493,287.08,14.0966,88.8254,363.343,14.0966,101.703,459.336,14.0966,116.281,580.161,14.0966,132.782,732.241,14.0966,151.46,923.655,14.0966,172.603,1164.57,14.0966,196.535,1467.79,14.0966,223.625,1849.39,14.0966,254.288,2329.62,14.0966,288.997,2933.93,14.0966,328.285,3694.33,14.0966,372.755,4651.04,14.0966,423.092,5854.57,14.0966,480.07,7368.38,14.0966,544.564,9272.08,14.0966,617.566,11665.5,14.0966,700.197,14673.6,14.0966,793.729,18452.9,14.0966,899.599,23198.6,14.0966,1019.43,29154.1,14.0966,1155.07,36622.3,14.0966,1308.6,45977.9,14.0966,1482.39,57683.7,14.0966,1679.09,72307.8,14.0966,1901.73,90542.8,14.0966,2153.73,113226,14.0966,2438.97,141360,14.0966,2761.81,176127,14.0966,3127.22,218898,14.0966,3540.81,271226,14.0966,4008.92,334817,14.0966,4538.74,411470,14.0966,5138.38,502973,14.0966,5817.04,610948,14.0966,6585.12,736653,14.0966,7454.39,880741,14.0966,8438.15,1.04302e+06,14.0966,9551.45,1.22224e+06,14.0966,10811.3,1.41602e+06,14.0966,12237,1.62086e+06,14.0966,11.7194,11.96,12.6541,2.21263,4.16949,0.989383,2.67766,5.84076,0.311842,3.14343,7.55825,0.0972771,3.63127,9.58578,0.0303237,4.15787,12.0912,0.00945211,4.73731,15.2286,0.00294633,5.38238,19.1721,0.000918508,6.10553,24.134,0.000286163,6.91951,30.3791,8.92692e-05,7.83792,38.2397,2.78121e-05,8.87555,48.1338,8.65134e-06,10.0489,60.5876,2.7882e-06,11.3761,76.2629,8.29036e-07,12.8779,95.9927,2.4373e-07,14.5775,120.825,4.33068e-09,16.5012,152.08,1.75749e-07,18.6784,191.415,-1.86328e-07,21.1428,240.917,1.91829e-07,23.9322,303.213,-1.81475e-07,27.0895,381.602,7.0186e-08,30.6634,480.231,-2.86769e-08,34.7087,604.316,2.40784e-07,39.2876,760.401,9.87368e-08,44.4705,956.705,1.22263e-07,50.3371,1203.54,-4.31966e-07,56.9776,1513.81,-1.9705e-07,64.494,1903.69,-2.763e-08,73.0018,2393.4,3.9185e-07,82.6317,3008.13,1.35379e-07,93.5318,3779.25,-4.16351e-08,105.869,4745.7,2.06965e-08,119.834,5955.6,-3.18887e-07,135.641,7468.12,-1.48271e-08,153.531,9355.62,2.00739e-07,173.781,11705.8,2.28358e-07,196.701,14624.1,-1.93587e-08,222.642,18235,-2.88101e-07,252.003,22683.4,-2.24732e-07,285.234,28134,8.56806e-09,322.845,34767,2.34258e-07,365.413,42770.9,2.99668e-07,413.588,52327.9,8.28644e-08,468.111,63591.2,-3.07049e-07,529.814,76653.2,-3.1888e-07,599.642,91502.5,-6.72276e-08,678.662,107975,2.26339e-07,768.083,125705,3.69212e-07,869.267,144088,2.04077e-07,983.76,162277,-2.80509e-07,1113.3,179223,-4.22737e-07,1259.87,193777,-1.71951e-07,1425.68,204839,4.55555e-07,11.7194,11.96,12.6541,2.21263,4.16949,0.989383,2.67766,5.84076,0.311842,3.14343,7.55825,0.0972771,3.63127,9.58578,0.0303237,4.15787,12.0912,0.00945211,4.73731,15.2286,0.00294633,5.38238,19.1721,0.000918508,6.10553,24.134,0.000286163,6.91951,30.3791,8.92692e-05,7.83792,38.2397,2.78121e-05,8.87555,48.1338,8.65134e-06,10.0489,60.5876,2.7882e-06,11.3761,76.2629,8.29036e-07,12.8779,95.9927,2.4373e-07,14.5775,120.825,1e-08,16.5012,152.08,1.75749e-07,18.6784,191.415,1e-08,21.1428,240.917,1.91829e-07,23.9322,303.213,1e-08,27.0895,381.602,7.0186e-08,30.6634,480.231,1e-08,34.7087,604.316,2.40784e-07,39.2876,760.401,9.87368e-08,44.4705,956.705,1.22263e-07,50.3371,1203.54,1e-08,56.9776,1513.81,1e-08,64.494,1903.69,1e-08,73.0018,2393.4,3.9185e-07,82.6317,3008.13,1.35379e-07,93.5318,3779.25,1e-08,105.869,4745.7,2.06965e-08,119.834,5955.6,1e-08,135.641,7468.12,1e-08,153.531,9355.62,2.00739e-07,173.781,11705.8,2.28358e-07,196.701,14624.1,1e-08,222.642,18235,1e-08,252.003,22683.4,1e-08,285.234,28134,1e-08,322.845,34767,2.34258e-07,365.413,42770.9,2.99668e-07,413.588,52327.9,8.28644e-08,468.111,63591.2,1e-08,529.814,76653.2,1e-08,599.642,91502.5,1e-08,678.662,107975,2.26339e-07,768.083,125705,3.69212e-07,869.267,144088,2.04077e-07,983.76,162277,1e-08,1113.3,179223,1e-08,1259.87,193777,1e-08,1425.68,204839,4.55555e-07,6.2823,3.27286,2.43537,0.219672,6.18826,2.24117,0.56371,6.87772,2.63624,0.308279,8,8,15,0,2,0,2,5,1,1,1,0,1,14,0,4,17,0,7,6,0,1,15,0,3,21,0,10,47,0,8,25,0,7,34,0,11,108,0,10,76,0,6,131,0,5,162,0,7,227,0,23,118,0,12,245,0,62,638,0,19,272,0,21,688,0,24,701,0,43,727,0,33,1137,0,95,2215,0,29,1305,0,82,2779,0,98,2466,0,79,2624,0,107,2696,0,110,2192,0,73,3719,0,118,8197,0,190,17387,0,248,14434,0,214,10173,0,182,17239,0,395,31086,0,368,28389,0,170,30331,0,161,13751,0,611,73384,0,323,41123,0,396,143121,0,796,81617,0,1074,78350,0,638,152995,0,647,94854,0,1602,168831,0,1862,202139,0,1247,73928,0,1840,311456,0
-1.05176e+08,1,8.88811e-15,10,1023,0,1.05176e+08,0.528882,1.08665,0.389689,0.145397,0.379329,3.24381,0.161596,0.446195,1.77396,0.159177,1.15e+07,4.49998e+06,6.79999e+06,1.15e+07,4.49997e+06,6.79999e+06,1.15e+07,4.49996e+06,6.79999e+06,1.15e+07,4.49995e+06,6.79999e+06,1.14999e+07,4.49993e+06,6.79999e+06,1.14999e+07,4.49991e+06,6.79999e+06,1.14999e+07,4.49989e+06,6.79999e+06,1.14999e+07,4.49986e+06,6.79999e+06,1.14999e+07,4.49982e+06,6.79999e+06,1.14999e+07,4.49977e+06,6.79999e+06,1.14999e+07,4.49971e+06,6.79999e+06,1.14999e+07,4.49963e+06,6.79999e+06,1.14998e+07,4.49953e+06,6.79999e+06,1.14998e+07,4.49941e+06,6.79999e+06,1.14998e+07,4.49926e+06,6.79999e+06,1.14998e+07,4.49906e+06,6.79999e+06,1.14997e+07,4.49882e+06,6.79999e+06,1.14997e+07,4.49851e+06,6.79999e+06,1.14997e+07,4.49812e+06,6.79999e+06,1.14996e+07,4.49764e+06,6.79999e+06,1.14996e+07,4.49702e+06,6.79999e+06,1.14995e+07,4.49625e+06,6.79999e+06,1.14995e+07,4.49528e+06,6.79999e+06,1.14994e+07,4.49406e+06,6.79999e+06,1.14993e+07,4.49253e+06,6.79999e+06,1.14992e+07,4.49059e+06,6.79999e+06,1.14991e+07,4.48817e+06,6.79999e+06,1.1499e+07,4.48511e+06,6.79999e+06,1.14988e+07,4.48128e+06,6.79999e+06,1.14987e+07,4.47646e+06,6.79999e+06,1.14985e+07,4.47041e+06,6.79999e+06,1.14983e+07,4.46281e+06,6.79999e+06,1.14981e+07,4.4533e+06,6.79999e+06,1.14979e+07,4.44138e+06,6.79999e+06,1.14976e+07,4.42649e+06,6.79999e+06,1.14972e+07,4.40789e+06,6.79999e+06,1.14969e+07,4.38471e+06,6.79999e+06,1.14965e+07,4.35592e+06,6.79999e+06,1.1496e+07,4.32027e+06,6.79999e+06,1.14955e+07,4.27629e+06,6.79999e+06,1.14949e+07,4.22231e+06,6.79999e+06,1.14942e+07,4.15647e+06,6.79999e+06,1.14934e+07,4.07676e+06,6.79999e+06,1.14926e+07,3.98112e+06,6.79999e+06,1.14916e+07,3.86765e+06,6.79999e+06,1.14905e+07,3.73474e+06,6.79999e+06,1.14892e+07,3.58148e+06,6.79999e+06,1.14878e+07,3.40785e+06,6.79999e+06,1.14862e+07,3.21513e+06,6.79999e+06,1.14844e+07,3.00605e+06,6.79999e+06,1.14823e+07,2.7848e+06,6.79999e+06,1.148e+07,2.5568e+06,6.79999e+06,1.14773e+07,2.32825e+06,6.79999e+06,13.5742,8.52444,0.508366,16.8306,13.2585,0.162638,20.0035,17.569,0.0507846,23.2616,22.4214,0.0158319,26.7328,28.3297,0.00493498,30.5212,35.6974,0.00153831,34.7178,44.9473,0.000479527,39.4086,56.5822,0.000149456,44.6796,71.2245,4.66214e-05,50.6209,89.6543,1.45419e-05,57.3297,112.852,4.54748e-06,64.9129,142.051,1.43857e-06,73.4897,178.803,4.36618e-07,83.1934,225.062,1.40153e-07,94.1745,283.286,4.96378e-08,106.602,356.568,1.05434e-07,120.669,448.799,-6.49244e-08,136.59,564.873,1.70148e-07,154.611,710.948,-5.34594e-08,175.008,894.767,1.63407e-07,198.097,1126.06,8.04804e-08,224.231,1417.07,1.14667e-07,253.813,1783.15,-1.71227e-07,287.297,2243.62,-2.88466e-07,325.198,2822.67,-4.33651e-07,368.098,3550.67,7.9318e-08,416.657,4465.65,3.13319e-07,471.621,5615.16,3.4613e-07,533.835,7058.61,-1.19199e-07,604.255,8870.02,-2.79964e-07,683.962,11141.4,-2.30521e-07,774.182,13986.7,-2.55099e-07,876.299,17546.4,1.23585e-07,991.883,21993.1,1.41192e-07,1122.71,27536.7,-9.71886e-08,1270.78,34430.7,-3.68368e-07,1438.38,42977.7,-3.45379e-07,1628.07,53532.7,-3.25328e-09,1842.77,66504.6,2.6362e-07,2085.77,82350.2,2.53445e-07,2360.79,101560,-2.47407e-08,2672.05,124632,-3.80602e-07,3024.31,152018,-4.79005e-07,3422.98,184060,-1.14379e-07,3874.15,220884,2.64297e-07,4384.72,262283,3.44131e-07,4962.49,307576,7.5349e-08,5616.29,355497,-3.63097e-07,6356.1,404126,-6.05442e-07,7193.18,450932,-2.72333e-07,8140.28,492963,2.29675e-07,9211.79,527178,4.3387e-07,10424,550893,-1.0711e-07,10.102,8.06553,2.81012,10.6436,8.57909,0.869423,11.5336,10.2515,0.270869,12.7211,12.7138,0.0844293,14.1823,15.9373,0.0263173,15.9122,20.0383,0.0082035,17.9198,25.2154,0.00255722,20.2244,31.7373,0.000797017,22.8539,39.9486,0.000248622,25.8438,50.2851,7.75492e-05,29.237,63.2963,2.42508e-05,33.0837,79.6738,7.67162e-06,37.4415,100.288,2.32837e-06,42.3767,126.236,7.33e-07,47.9646,158.896,2.79256e-07,54.2906,200.003,9.87351e-09,61.452,251.741,1.61085e-07,69.5585,316.859,-2.47141e-07,78.7347,398.812,8.93552e-08,89.1218,501.948,-2.53231e-07,100.879,631.736,-1.25047e-07,114.188,795.049,-1.78808e-07,129.252,1000.53,2.6733e-07,146.304,1259.03,4.50292e-07,165.605,1584.19,6.76904e-07,187.452,1993.12,-1.23808e-07,212.181,2507.27,-4.89068e-07,240.173,3153.54,-5.40284e-07,271.856,3965.56,1.86061e-07,307.719,4985.38,4.37004e-07,348.313,6265.4,3.59828e-07,394.26,7870.83,3.98192e-07,446.268,9882.51,-1.92908e-07,505.135,12400.3,-2.20392e-07,571.766,15546.9,1.51705e-07,647.184,19472.2,5.74996e-07,732.547,24357.4,5.39112e-07,829.167,30420,5.07815e-09,938.526,37916.3,-4.11492e-07,1062.3,47143.9,-3.9561e-07,1202.4,58439.2,3.86185e-08,1360.96,72169.3,5.94093e-07,1540.42,88715.8,7.47693e-07,1743.53,108445,1.78537e-07,1973.41,131665,-4.12549e-07,2233.57,158557,-5.37164e-07,2528,189103,-1.17615e-07,2861.2,222986,5.66769e-07,3238.27,259510,9.45053e-07,3664.97,297540,4.25093e-07,4147.81,335497,-3.58506e-07,4694.17,371444,-6.7724e-07,5312.37,403256,1.67192e-07,1.61744,3.89446,9.84394,3.28846,7.5504,12.774,5.07607,11.7187,13.6844,7.03202,16.8147,13.9681,9.20215,23.1769,14.0566,11.6301,31.1672,14.0841,14.3598,41.2186,14.0927,17.4376,53.8688,14.0954,20.9137,69.7915,14.0962,24.8432,89.8341,14.0965,29.2879,115.063,14.0966,34.3168,146.819,14.0966,40.0078,186.792,14.0966,46.4487,237.107,14.0966,53.7388,300.44,14.0966,61.9903,380.158,14.0966,71.3301,480.499,14.0966,81.902,606.796,14.0966,93.8685,765.761,14.0966,107.414,965.837,14.0966,122.746,1217.65,14.0966,140.101,1534.57,14.0966,159.745,1933.41,14.0966,181.981,2435.3,14.0966,207.15,3066.85,14.0966,235.64,3861.46,14.0966,267.889,4861.11,14.0966,304.391,6118.54,14.0966,345.709,7699.91,14.0966,392.478,9688.22,14.0966,445.417,12187.5,14.0966,505.339,15327.7,14.0966,573.165,19271.6,14.0966,649.938,24222,14.0966,736.839,30430.9,14.0966,835.202,38211.5,14.0966,946.539,47950.3,14.0966,1072.56,60122.8,14.0966,1215.21,75309.9,14.0966,1376.66,94216.2,14.0966,1559.41,117688,14.0966,1766.26,146729,14.0966,2000.39,182510,14.0966,2265.39,226372,14.0966,2565.33,279806,14.0966,2904.81,344416,14.0966,3289.05,421845,14.0966,3723.93,513667,14.0966,4216.13,621231,14.0966,4773.18,745478,14.0966,5403.64,886744,14.0966,6117.15,1.04457e+06,14.0966,6924.63,1.2176e+06,14.0966,11.7194,11.96,12.6541,13.9321,16.1295,13.6434,16.6097,21.9702,13.9553,19.7532,29.5285,14.0526,23.3844,39.1143,14.0829,27.5423,51.2054,14.0923,32.2796,66.434,14.0953,37.662,85.6061,14.0962,43.7675,109.74,14.0965,50.687,140.119,14.0966,58.5249,178.359,14.0966,67.4005,226.493,14.0966,77.4493,287.08,14.0966,88.8254,363.343,14.0966,101.703,459.336,14.0966,116.281,580.161,14.0966,132.782,732.241,14.0966,151.46,923.655,14.0966,172.603,1164.57,14.0966,196.535,1467.79,14.0966,223.625,1849.39,14.0966,254.288,2329.62,14.0966,288.997,2933.93,14.0966,328.285,3694.33,14.0966,372.755,4651.04,14.0966,423.092,5854.57,14.0966,480.07,7368.38,14.0966,544.564,9272.08,14.0966,617.566,11665.5,14.0966,700.197,14673.6,14.0966,793.729,18452.9,14.0966,899.599,23198.6,14.0966,1019.43,29154.1,14.0966,1155.07,36622.3,14.0966,1308.6,45977.9,14.0966,1482.39,57683.7,14.0966,1679.09,72307.8,14.0966,1901.73,90542.8,14.0966,2153.73,113226,14.0966,2438.97,141360,14.0966,2761.81,176127,14.0966,3127.22,218898,14.0966,3540.81,271226,14.0966,4008.92,334817,14.0966,4538.74,411470,14.0966,5138.38,502973,14.0966,5817.04,610948,14.0966,6585.12,736653,14.0966,7454.39,880741,14.0966,8438.15,1.04302e+06,14.0966,9551.45,1.22224e+06,14.0966,10811.3,1.41602e+06,14.0966,12237,1.62086e+06,14.0966,11.7194,11.96,12.6541,2.21263,4.16949,0.989383,2.67766,5.84076,0.311842,3.14343,7.55825,0.0972771,3.63127,9.58578,0.0303237,4.15787,12.0912,0.00945211,4.73731,15.2286,0.00294633,5.38238,19.1721,0.000918508,6.10553,24.134,0.000286163,6.91951,30.3791,8.92692e-05,7.83792,38.2397,2.78121e-05,8.87555,48.1338,8.65134e-06,10.0489,60.5876,2.7882e-06,11.3761,76.2629,8.29036e-07,12.8779,95.9927,2.4373e-07,14.5775,120.825,4.33068e-09,16.5012,152.08,1.75749e-07,18.6784,191.415,-1.86328e-07,21.1428,240.917,1.91829e-07,23.9322,303.213,-1.81475e-07,27.0895,381.602,7.0186e-08,30.6634,480.231,-2.86769e-08,34.7087,604.316,2.40784e-07,39.2876,760.401,9.87368e-08,44.4705,956.705,1.22263e-07,50.3371,1203.54,-4.31966e-07,56.9776,1513.81,-1.9705e-07,64.494,1903.69,-2.763e-08,73.0018,2393.4,3.9185e-07,82.6317,3008.13,1.35379e-07,93.5318,3779.25,-4.16351e-08,105.869,4745.7,2.06965e-08,119.834,5955.6,-3.18887e-07,135.641,7468.12,-1.48271e-08,153.531,9355.62,2.00739e-07,173.781,11705.8,2.28358e-07,196.701,14624.1,-1.93587e-08,222.642,18235,-2.88101e-07,252.003,22683.4,-2.24732e-07,285.234,28134,8.56806e-09,322.845,34767,2.34258e-07,365.413,42770.9,2.99668e-07,413.588,52327.9,8.28644e-08,468.111,63591.2,-3.07049e-07,529.814,76653.2,-3.1888e-07,599.642,91502.5,-6.72276e-08,678.662,107975,2.26339e-07,768.083,125705,3.69212e-07,869.267,144088,2.04077e-07,983.76,162277,-2.80509e-07,1113.3,179223,-4.22737e-07,1259.87,193777,-1.71951e-07,1425.68,204839,4.55555e-07,11.7194,11.96,12.6541,2.21263,4.16949,0.989383,2.67766,5.84076,0.311842,3.14343,7.55825,0.0972771,3.63127,9.58578,0.0303237,4.15787,12.0912,0.00945211,4.73731,15.2286,0.00294633,5.38238,19.1721,0.000918508,6.10553,24.134,0.000286163,6.91951,30.3791,8.92692e-05,7.83792,38.2397,2.78121e-05,8.87555,48.1338,8.65134e-06,10.0489,60.5876,2.7882e-06,11.3761,76.2629,8.29036e-07,12.8779,95.9927,2.4373e-07,14.5775,120.825,1e-08,16.5012,152.08,1.75749e-07,18.6784,191.415,1e-08,21.1428,240.917,1.91829e-07,23.9322,303.213,1e-08,27.0895,381.602,7.0186e-08,30.6634,480.231,1e-08,34.7087,604.316,2.40784e-07,39.2876,760.401,9.87368e-08,44.4705,956.705,1.22263e-07,50.3371,1203.54,1e-08,56.9776,1513.81,1e-08,64.494,1903.69,1e-08,73.0018,2393.4,3.9185e-07,82.6317,3008.13,1.35379e-07,93.5318,3779.25,1e-08,105.869,4745.7,2.06965e-08,119.834,5955.6,1e-08,135.641,7468.12,1e-08,153.531,9355.62,2.00739e-07,173.781,11705.8,2.28358e-07,196.701,14624.1,1e-08,222.642,18235,1e-08,252.003,22683.4,1e-08,285.234,28134,1e-08,322.845,34767,2.34258e-07,365.413,42770.9,2.99668e-07,413.588,52327.9,8.28644e-08,468.111,63591.2,1e-08,529.814,76653.2,1e-08,599.642,91502.5,1e-08,678.662,107975,2.26339e-07,768.083,125705,3.69212e-07,869.267,144088,2.04077e-07,983.76,162277,1e-08,1113.3,179223,1e-08,1259.87,193777,1e-08,1425.68,204839,4.55555e-07,6.2823,3.27286,2.43537,0.219672,6.18826,2.24117,0.56371,6.87772,2.63624,0.308279,7,8,11,1,2,0,3,9,0,2,12,1,4,4,0,2,7,0,4,10,0,3,12,0,8,19,0,10,29,0,7,45,0,14,106,0,10,43,0,9,87,0,8,108,0,21,121,0,26,193,0,42,330,0,23,120,0,11,326,0,22,162,0,21,660,0,30,705,0,44,954,0,42,395,0,44,870,0,63,1082,0,108,2174,0,97,2694,0,163,2330,0,55,1904,0,82,2368,0,77,10991,0,110,4793,0,88,9467,0,189,16899,0,172,17679,0,308,31617,0,258,16476,0,225,44331,0,284,23490,0,381,41940,0,611,75981,0,424,59615,0,366,82169,0,260,101662,0,922,71249,0,451,156712,0,664,78903,0,1228,177643,0,1382,167296,0,1582,198373,0,1434,123569,0
-1.05176e+08,1,8.88811e-15,10,1023,0,1.05176e+08,0.528882,1.08665,0.389689,0.145397,0.379329,3.24381,0.161596,0.446195,1.77396,0.159177,1.15e+07,4.49998e+06,6.79999e+06,1.15e+07,4.49997e+06,6.79999e+06,1.15e+07,4.49996e+06,6.79999e+06,1.15e+07,4.49995e+06,6.79999e+06,1.14999e+07,4.49993e+06,6.79999e+06,1.14999e+07,4.49991e+06,6.79999e+06,1.14999e+07,4.49989e+06,6.79999e+06,1.14999e+07,4.49986e+06,6.79999e+06,1.14999e+07,4.49982e+06,6.79999e+06,1.14999e+07,4.49977e+06,6.79999e+06,1.14999e+07,4.49971e+06,6.79999e+06,1.14999e+07,4.49963e+06,6.79999e+06,1.14998e+07,4.49953e+06,6.79999e+06,1.14998e+07,4.49941e+06,6.79999e+06,1.14998e+07,4.49926e+06,6.79999e+06,1.14998e+07,4.49906e+06,6.79999e+06,1.14997e+07,4.49882e+06,6.79999e+06,1.14997e+07,4.49851e+06,6.79999e+06,1.14997e+07,4.49812e+06,6.79999e+06,1.14996e+07,4.49764e+06,6.79999e+06,1.14996e+07,4.49702e+06,6.79999e+06,1.14995e+07,4.49625e+06,6.79999e+06,1.14995e+07,4.49528e+06,6.79999e+06,1.14994e+07,4.49406e+06,6.79999e+06,1.14993e+07,4.49253e+06,6.79999e+06,1.14992e+07,4.49059e+06,6.79999e+06,1.14991e+07,4.48817e+06,6.79999e+06,1.1499e+07,4.48511e+06,6.79999e+06,1.14988e+07,4.48128e+06,6.79999e+06,1.14987e+07,4.47646e+06,6.79999e+06,1.14985e+07,4.47041e+06,6.79999e+06,1.14983e+07,4.46281e+06,6.79999e+06,1.14981e+07,4.4533e+06,6.79999e+06,1.14979e+07,4.44138e+06,6.79999e+06,1.14976e+07,4.42649e+06,6.79999e+06,1.14972e+07,4.40789e+06,6.79999e+06,1.14969e+07,4.38471e+06,6.79999e+06,1.14965e+07,4.35592e+06,6.79999e+06,1.1496e+07,4.32027e+06,6.79999e+06,1.14955e+07,4.27629e+06,6.79999e+06,1.14949e+07,4.22231e+06,6.79999e+06,1.14942e+07,4.15647e+06,6.79999e+06,1.14934e+07,4.07676e+06,6.79999e+06,1.14926e+07,3.98112e+06,6.79999e+06,1.14916e+07,3.86765e+06,6.79999e+06,1.14905e+07,3.73474e+06,6.79999e+06,1.14892e+07,3.58148e+06,6.79999e+06,1.14878e+07,3.40785e+06,6.79999e+06,1.14862e+07,3.21513e+06,6.79999e+06,1.14844e+07,3.00605e+06,6.79999e+06,1.14823e+07,2.7848e+06,6.79999e+06,1.148e+07,2.5568e+06,6.79999e+06,1.14773e+07,2.32825e+06,6.79999e+06,13.5742,8.52444,0.508366,16.8306,13.2585,0.162638,20.0035,17.569,0.0507846,23.2616,22.4214,0.0158319,26.7328,28.3297,0.00493498,30.5212,35.6974,0.00153831,34.7178,44.9473,0.000479527,39.4086,56.5822,0.000149456,44.6796,71.2245,4.66214e-05,50.6209,89.6543,1.45419e-05,57.3297,112.852,4.54748e-06,64.9129,142.051,1.43857e-06,73.4897,178.803,4.36618e-07,83.1934,225.062,1.40153e-07,94.1745,283.286,4.96378e-08,106.602,356.568,1.05434e-07,120.669,448.799,-6.49244e-08,136.59,564.873,1.70148e-07,154.611,710.948,-5.34594e-08,175.008,894.767,1.63407e-07,198.097,1126.06,8.04804e-08,224.231,1417.07,1.14667e-07,253.813,1783.15,-1.71227e-07,287.297,2243.62,-2.88466e-07,325.198,2822.67,-4.33651e-07,368.098,3550.67,7.9318e-08,416.657,4465.65,3.13319e-07,471.621,5615.16,3.4613e-07,533.835,7058.61,-1.19199e-07,604.255,8870.02,-2.79964e-07,683.962,11141.4,-2.30521e-07,774.182,13986.7,-2.55099e-07,876.299,17546.4,1.23585e-07,991.883,21993.1,1.41192e-07,1122.71,27536.7,-9.71886e-08,1270.78,34430.7,-3.68368e-07,1438.38,42977.7,-3.45379e-07,1628.07,53532.7,-3.25328e-09,1842.77,66504.6,2.6362e-07,2085.77,82350.2,2.53445e-07,2360.79,101560,-2.47407e-08,2672.05,124632,-3.80602e-07,3024.31,152018,-4.79005e-07,3422.98,184060,-1.14379e-07,3874.15,220884,2.64297e-07,4384.72,262283,3.44131e-07,4962.49,307576,7.5349e-08,5616.29,355497,-3.63097e-07,6356.1,404126,-6.05442e-07,7193.18,450932,-2.72333e-07,8140.28,492963,2.29675e-07,9211.79,527178,4.3387e-07,10424,550893,-1.0711e-07,10.102,8.06553,2.81012,10.6436,8.57909,0.869423,11.5336,10.2515,0.270869,12.7211,12.7138,0.0844293,14.1823,15.9373,0.0263173,15.9122,20.0383,0.0082035,17.9198,25.2154,0.00255722,20.2244,31.7373,0.000797017,22.8539,39.9486,0.000248622,25.8438,50.2851,7.75492e-05,29.237,63.2963,2.42508e-05,33.0837,79.6738,7.67162e-06,37.4415,100.288,2.32837e-06,42.3767,126.236,7.33e-07,47.9646,158.896,2.79256e-07,54.2906,200.003,9.87351e-09,61.452,251.741,1.61085e-07,69.5585,316.859,-2.47141e-07,78.7347,398.812,8.93552e-08,89.1218,501.948,-2.53231e-07,100.879,631.736,-1.25047e-07,114.188,795.049,-1.78808e-07,129.252,1000.53,2.6733e-07,146.304,1259.03,4.50292e-07,165.605,1584.19,6.76904e-07,187.452,1993.12,-1.23808e-07,212.181,2507.27,-4.89068e-07,240.173,3153.54,-5.40284e-07,271.856,3965.56,1.86061e-07,307.719,4985.38,4.37004e-07,348.313,6265.4,3.59828e-07,394.26,7870.83,3.98192e-07,446.268,9882.51,-1.92908e-07,505.135,12400.3,-2.20392e-07,571.766,15546.9,1.51705e-07,647.184,19472.2,5.74996e-07,732.547,24357.4,5.39112e-07,829.167,30420,5.07815e-09,938.526,37916.3,-4.11492e-07,1062.3,47143.9,-3.9561e-07,1202.4,58439.2,3.86185e-08,1360.96,72169.3,5.94093e-07,1540.42,88715.8,7.47693e-07,1743.53,108445,1.78537e-07,1973.41,131665,-4.12549e-07,2233.57,158557,-5.37164e-07,2528,189103,-1.17615e-07,2861.2,222986,5.66769e-07,3238.27,259510,9.45053e-07,3664.97,297540,4.25093e-07,4147.81,335497,-3.58506e-07,4694.17,371444,-6.7724e-07,5312.37,403256,1.67192e-07,1.61744,3.89446,9.84394,3.28846,7.5504,12.774,5.07607,11.7187,13.6844,7.03202,16.8147,13.9681,9.20215,23.1769,14.0566,11.6301,31.1672,14.0841,14.3598,41.2186,14.0927,17.4376,53.8688,14.0954,20.9137,69.7915,14.0962,24.8432,89.8341,14.0965,29.2879,115.063,14.0966,34.3168,146.819,14.0966,40.0078,186.792,14.0966,46.4487,237.107,14.0966,53.7388,300.44,14.0966,61.9903,380.158,14.0966,71.3301,480.499,14.0966,81.902,606.796,14.0966,93.8685,765.761,14.0966,107.414,965.837,14.0966,122.746,1217.65,14.0966,140.101,1534.57,14.0966,159.745,1933.41,14.0966,181.981,2435.3,14.0966,207.15,3066.85,14.0966,235.64,3861.46,14.0966,267.889,4861.11,14.0966,304.391,6118.54,14.0966,345.709,7699.91,14.0966,392.478,9688.22,14.0966,445.417,12187.5,14.0966,505.339,15327.7,14.0966,573.165,19271.6,14.0966,649.938,24222,14.0966,736.839,30430.9,14.0966,835.202,38211.5,14.0966,946.539,47950.3,14.0966,1072.56,60122.8,14.0966,1215.21,75309.9,14.0966,1376.66,94216.2,14.0966,1559.41,117688,14.0966,1766.26,146729,14.0966,2000.39,182510,14.0966,2265.39,226372,14.0966,2565.33,279806,14.0966,2904.81,344416,14.0966,3289.05,421845,14.0966,3723.93,513667,14.0966,4216.13,621231,14.0966,4773.18,745478,14.0966,5403.64,886744,14.0966,6117.15,1.04457e+06,14.0966,6924.63,1.2176e+06,14.0966,11.7194,11.96,12.6541,13.9321,16.1295,13.6434,16.6097,21.9702,13.9553,19.7532,29.5285,14.0526,23.3844,39.1143,14.0829,27.5423,51.2054,14.0923,32.2796,66.434,14.0953,37.662,85.6061,14.0962,43.7675,109.74,14.0965,50.687,140.119,14.0966,58.5249,178.359,14.0966,67.4005,226.493,14.0966,77.4493,287.08,14.0966,88.8254,363.343,14.0966,101.703,459.336,14.0966,116.281,580.161,14.0966,132.782,732.241,14.0966,151.46,923.655,14.0966,172.603,1164.57,14.0966,196.535,1467.79,14.0966,223.625,1849.39,14.0966,254.288,2329.62,14.0966,288.997,2933.93,14.0966,328.285,3694.33,14.0966,372.755,4651.04,14.0966,423.092,5854.57,14.0966,480.07,7368.38,14.0966,544.564,9272.08,14.0966,617.566,11665.5,14.0966,700.197,14673.6,14.0966,793.729,18452.9,14.0966,899.599,23198.6,14.0966,1019.43,29154.1,14.0966,1155.07,36622.3,14.0966,1308.6,45977.9,14.0966,1482.39,57683.7,14.0966,1679.09,72307.8,14.0966,1901.73,90542.8,14.0966,2153.73,113226,14.0966,2438.97,141360,14.0966,2761.81,176127,14.0966,3127.22,218898,14.0966,3540.81,271226,14.0966,4008.92,334817,14.0966,4538.74,411470,14.0966,5138.38,502973,14.0966,5817.04,610948,14.0966,6585.12,736653,14.0966,7454.39,880741,14.0966,8438.15,1.04302e+06,14.0966,9551.45,1.22224e+06,14.0966,10811.3,1.41602e+06,14.0966,12237,1.62086e+06,14.0966,11.7194,11.96,12.6541,2.21263,4.16949,0.989383,2.67766,5.84076,0.311842,3.14343,7.55825,0.0972771,3.63127,9.58578,0.0303237,4.15787,12.0912,0.00945211,4.73731,15.2286,0.00294633,5.38238,19.1721,0.000918508,6.10553,24.134,0.000286163,6.91951,30.3791,8.92692e-05,7.83792,38.2397,2.78121e-05,8.87555,48.1338,8.65134e-06,10.0489,60.5876,2.7882e-06,11.3761,76.2629,8.29036e-07,12.8779,95.9927,2.4373e-07,14.5775,120.825,4.33068e-09,16.5012,152.08,1.75749e-07,18.6784,191.415,-1.86328e-07,21.1428,240.917,1.91829e-07,23.9322,303.213,-1.81475e-07,27.0895,381.602,7.0186e-08,30.6634,480.231,-2.86769e-08,34.7087,604.316,2.40784e-07,39.2876,760.401,9.87368e-08,44.4705,956.705,1.22263e-07,50.3371,1203.54,-4.31966e-07,56.9776,1513.81,-1.9705e-07,64.494,1903.69,-2.763e-08,73.0018,2393.4,3.9185e-07,82.6317,3008.13,1.35379e-07,93.5318,3779.25,-4.16351e-08,105.869,4745.7,2.06965e-08,119.834,5955.6,-3.18887e-07,135.641,7468.12,-1.48271e-08,153.531,9355.62,2.00739e-07,173.781,11705.8,2.28358e-07,196.701,14624.1,-1.93587e-08,222.642,18235,-2.88101e-07,252.003,22683.4,-2.24732e-07,285.234,28134,8.56806e-09,322.845,34767,2.34258e-07,365.413,42770.9,2.99668e-07,413.588,52327.9,8.28644e-08,468.111,63591.2,-3.07049e-07,529.814,76653.2,-3.1888e-07,599.642,91502.5,-6.72276e-08,678.662,107975,2.26339e-07,768.083,125705,3.69212e-07,869.267,144088,2.04077e-07,983.76,162277,-2.80509e-07,1113.3,179223,-4.22737e-07,1259.87,193777,-1.71951e-07,1425.68,204839,4.55555e-07,11.7194,11.96,12.6541,2.21263,4.16949,0.989383,2.67766,5.84076,0.311842,3.14343,7.55825,0.0972771,3.63127,9.58578,0.0303237,4.15787,12.0912,0.00945211,4.73731,15.2286,0.00294633,5.38238,19.1721,0.000918508,6.10553,24.134,0.000286163,6.91951,30.3791,8.92692e-05,7.83792,38.2397,2.78121e-05,8.87555,48.1338,8.65134e-06,10.0489,60.5876,2.7882e-06,11.3761,76.2629,8.29036e-07,12.8779,95.9927,2.4373e-07,14.5775,120.825,1e-08,16.5012,152.08,1.75749e-07,18.6784,191.415,1e-08,21.1428,240.917,1.91829e-07,23.9322,303.213,1e-08,27.0895,381.602,7.0186e-08,30.6634,480.231,1e-08,34.7087,604.316,2.40784e-07,39.2876,760.401,9.87368e-08,44.4705,956.705,1.22263e-07,50.3371,1203.54,1e-08,56.9776,1513.81,1e-08,64.494,1903.69,1e-08,73.0018,2393.4,3.9185e-07,82.6317,3008.13,1.35379e-07,93.5318,3779.25,1e-08,105.869,4745.7,2.06965e-08,119.834,5955.6,1e-08,135.641,7468.12,1e-08,153.531,9355.62,2.00739e-07,173.781,11705.8,2.28358e-07,196.701,14624.1,1e-08,222.642,18235,1e-08,252.003,22683.4,1e-08,285.234,28134,1e-08,322.845,34767,2.34258e-07,365.413,42770.9,2.99668e-07,413.588,52327.9,8.28644e-08,468.111,63591.2,1e-08,529.814,76653.2,1e-08,599.642,91502.5,1e-08,678.662,107975,2.26339e-07,768.083,125705,3.69212e-07,869.267,144088,2.04077e-07,983.76,162277,1e-08,1113.3,179223,1e-08,1259.87,193777,1e-08,1425.68,204839,4.55555e-07,6.2823,3.27286,2.43537,0.219672,6.18826,2.24117,0.56371,6.87772,2.63624,0.308279,11,8,9,1,4,1,2,3,0,1,5,0,4,5,0,5,11,0,4,14,0,5,28,0,4,27,0,6,45,0,8,64,0,16,33,0,15,22,0,4,87,0,32,80,0,11,126,0,30,178,0,20,380,0,29,307,0,16,300,0,19,400,0,40,321,0,78,657,0,49,557,0,14,596,0,39,1006,0,50,1141,0,83,2650,0,116,1387,0,45,3047,0,78,6080,0,72,6697,0,135,2647,0,108,5196,0,205,10195,0,151,7818,0,152,11709,0,273,18902,0,251,24768,0,317,36384,0,249,46832,0,228,61146,0,348,58424,0,372,92954,0,363,143027,0,690,60649,0,631,150248,0,698,141058,0,887,148384,0,887,150183,0,1280,139697,0,1071,135598,0,1326,122055,0
-1.05176e+08,1,8.88811e-15,10,1023,0,1.05176e+08,0.528882,1.08665,0.389689,0.145397,0.379329,3.24381,0.161596,0.446195,1.77396,0.159177,1.15e+07,4.49998e+06,6.79999e+06,1.15e+07,4.49997e+06,6.79999e+06,1.15e+07,4.49996e+06,6.79999e+06,1.15e+07,4.49995e+06,6.79999e+06,1.14999e+07,4.49993e+06,6.79999e+06,1.14999e+07,4.49991e+06,6.79999e+06,1.14999e+07,4.49989e+06,6.79999e+06,1.14999e+07,4.49986e+06,6.79999e+06,1.14999e+07,4.49982e+06,6.79999e+06,1.14999e+07,4.49977e+06,6.79999e+06,1.14999e+07,4.49971e+06,6.79999e+06,1.14999e+07,4.49963e+06,6.79999e+06,1.14998e+07,4.49953e+06,6.79999e+06,1.14998e+07,4.49941e+06,6.79999e+06,1.14998e+07,4.49926e+06,6.79999e+06,1.14998e+07,4.49906e+06,6.79999e+06,1.14997e+07,4.49882e+06,6.79999e+06,1.14997e+07,4.49851e+06,6.79999e+06,1.14997e+07,4.49812e+06,6.79999e+06,1.14996e+07,4.49764e+06,6.79999e+06,1.14996e+07,4.49702e+06,6.79999e+06,1.14995e+07,4.49625e+06,6.79999e+06,1.14995e+07,4.49528e+06,6.79999e+06,1.14994e+07,4.49406e+06,6.79999e+06,1.14993e+07,4.49253e+06,6.79999e+06,1.14992e+07,4.49059e+06,6.79999e+06,1.14991e+07,4.48817e+06,6.79999e+06,1.1499e+07,4.48511e+06,6.79999e+06,1.14988e+07,4.48128e+06,6.79999e+06,1.14987e+07,4.47646e+06,6.79999e+06,1.14985e+07,4.47041e+06,6.79999e+06,1.14983e+07,4.46281e+06,6.79999e+06,1.14981e+07,4.4533e+06,6.79999e+06,1.14979e+07,4.44138e+06,6.79999e+06,1.14976e+07,4.42649e+06,6.79999e+06,1.14972e+07,4.40789e+06,6.79999e+06,1.14969e+07,4.38471e+06,6.79999e+06,1.14965e+07,4.35592e+06,6.79999e+06,1.1496e+07,4.32027e+06,6.79999e+06,1.14955e+07,4.27629e+06,6.79999e+06,1.14949e+07,4.22231e+06,6.79999e+06,1.14942e+07,4.15647e+06,6.79999e+06,1.14934e+07,4.07676e+06,6.79999e+06,1.14926e+07,3.98112e+06,6.79999e+06,1.14916e+07,3.86765e+06,6.79999e+06,1.14905e+07,3.73474e+06,6.79999e+06,1.14892e+07,3.58148e+06,6.79999e+06,1.14878e+07,3.40785e+06,6.79999e+06,1.14862e+07,3.21513e+06,6.79999e+06,1.14844e+07,3.00605e+06,6.79999e+06,1.14823e+07,2.7848e+06,6.79999e+06,1.148e+07,2.5568e+06,6.79999e+06,1.14773e+07,2.32825e+06,6.79999e+06,13.5742,8.52444,0.508366,16.8306,13.2585,0.162638,20.0035,17.569,0.0507846,23.2616,22.4214,0.0158319,26.7328,28.3297,0.00493498,30.5212,35.6974,0.00153831,34.7178,44.9473,0.000479527,39.4086,56.5822,0.000149456,44.6796,71.2245,4.66214e-05,50.6209,89.6543,1.45419e-05,57.3297,112.852,4.54748e-06,64.9129,142.051,1.43857e-06,73.4897,178.803,4.36618e-07,83.1934,225.062,1.40153e-07,94.1745,283.286,4.96378e-08,106.602,356.568,1.05434e-07,120.669,448.799,-6.49244e-08,136.59,564.873,1.70148e-07,154.611,710.948,-5.34594e-08,175.008,894.767,1.63407e-07,198.097,1126.06,8.04804e-08,224.231,1417.07,1.14667e-07,253.813,1783.15,-1.71227e-07,287.297,2243.62,-2.88466e-07,325.198,2822.67,-4.33651e-07,368.098,3550.67,7.9318e-08,416.657,4465.65,3.13319e-07,471.621,5615.16,3.4613e-07,533.835,7058.61,-1.19199e-07,604.255,8870.02,-2.79964e-07,683.962,11141.4,-2.30521e-07,774.182,13986.7,-2.55099e-07,876.299,17546.4,1.23585e-07,991.883,21993.1,1.41192e-07,1122.71,27536.7,-9.71886e-08,1270.78,34430.7,-3.68368e-07,1438.38,42977.7,-3.45379e-07,1628.07,53532.7,-3.25328e-09,1842.77,66504.6,2.6362e-07,2085.77,82350.2,2.53445e-07,2360.79,101560,-2.47407e-08,2672.05,124632,-3.80602e-07,3024.31,152018,-4.79005e-07,3422.98,184060,-1.14379e-07,3874.15,220884,2.64297e-07,4384.72,262283,3.44131e-07,4962.49,307576,7.5349e-08,5616.29,355497,-3.63097e-07,6356.1,404126,-6.05442e-07,7193.18,450932,-2.72333e-07,8140.28,492963,2.29675e-07,9211.79,527178,4.3387e-07,10424,550893,-1.0711e-07,10.102,8.06553,2.81012,10.6436,8.57909,0.869423,11.5336,10.2515,0.270869,12.7211,12.7138,0.0844293,14.1823,15.9373,0.0263173,15.9122,20.0383,0.0082035,17.9198,25.2154,0.00255722,20.2244,31.7373,0.000797017,22.8539,39.9486,0.000248622,25.8438,50.2851,7.75492e-05,29.237,63.2963,2.42508e-05,33.0837,79.6738,7.67162e-06,37.4415,100.288,2.32837e-06,42.3767,126.236,7.33e-07,47.9646,158.896,2.79256e-07,54.2906,200.003,9.87351e-09,61.452,251.741,1.61085e-07,69.5585,316.859,-2.47141e-07,78.7347,398.812,8.93552e-08,89.1218,501.948,-2.53231e-07,100.879,631.736,-1.25047e-07,114.188,795.049,-1.78808e-07,129.252,1000.53,2.6733e-07,146.304,1259.03,4.50292e-07,165.605,1584.19,6.76904e-07,187.452,1993.12,-1.23808e-07,212.181,2507.27,-4.89068e-07,240.173,3153.54,-5.40284e-07,271.856,3965.56,1.86061e-07,307.719,4985.38,4.37004e-07,348.313,6265.4,3.59828e-07,394.26,7870.83,3.98192e-07,446.268,9882.51,-1.92908e-07,505.135,12400.3,-2.20392e-07,571.766,15546.9,1.51705e-07,647.184,19472.2,5.74996e-07,732.547,24357.4,5.39112e-07,829.167,30420,5.07815e-09,938.526,37916.3,-4.11492e-07,1062.3,47143.9,-3.9561e-07,1202.4,58439.2,3.86185e-08,1360.96,72169.3,5.94093e-07,1540.42,88715.8,7.47693e-07,1743.53,108445,1.78537e-07,1973.41,131665,-4.12549e-07,2233.57,158557,-5.37164e-07,2528,189103,-1.17615e-07,2861.2,222986,5.66769e-07,3238.27,259510,9.45053e-07,3664.97,297540,4.25093e-07,4147.81,335497,-3.58506e-07,4694.17,371444,-6.7724e-07,5312.37,403256,1.67192e-07,1.61744,3.89446,9.84394,3.28846,7.5504,12.774,5.07607,11.7187,13.6844,7.03202,16.8147,13.9681,9.20215,23.1769,14.0566,11.6301,31.1672,14.0841,14.3598,41.2186,14.0927,17.4376,53.8688,14.0954,20.9137,69.7915,14.0962,24.8432,89.8341,14.0965,29.2879,115.063,14.0966,34.3168,146.819,14.0966,40.0078,186.792,14.0966,46.4487,237.107,14.0966,53.7388,300.44,14.0966,61.9903,380.158,14.0966,71.3301,480.499,14.0966,81.902,606.796,14.0966,93.8685,765.761,14.0966,107.414,965.837,14.0966,122.746,1217.65,14.0966,140.101,1534.57,14.0966,159.745,1933.41,14.0966,181.981,2435.3,14.0966,207.15,3066.85,14.0966,235.64,3861.46,14.0966,267.889,4861.11,14.0966,304.391,6118.54,14.0966,345.709,7699.91,14.0966,392.478,9688.22,14.0966,445.417,12187.5,14.0966,505.339,15327.7,14.0966,573.165,19271.6,14.0966,649.938,24222,14.0966,736.839,30430.9,14.0966,835.202,38211.5,14.0966,946.539,47950.3,14.0966,1072.56,60122.8,14.0966,1215.21,75309.9,14.0966,1376.66,94216.2,14.0966,1559.41,117688,14.0966,1766.26,146729,14.0966,2000.39,182510,14.0966,2265.39,226372,14.0966,2565.33,279806,14.0966,2904.81,344416,14.0966,3289.05,421845,14.0966,3723.93,513667,14.0966,4216.13,621231,14.0966,4773.18,745478,14.0966,5403.64,886744,14.0966,6117.15,1.04457e+06,14.0966,6924.63,1.2176e+06,14.0966,11.7194,11.96,12.6541,13.9321,16.1295,13.6434,16.6097,21.9702,13.9553,19.7532,29.5285,14.0526,23.3844,39.1143,14.0829,27.5423,51.2054,14.0923,32.2796,66.434,14.0953,37.662,85.6061,14.0962,43.7675,109.74,14.0965,50.687,140.119,14.0966,58.5249,178.359,14.0966,67.4005,226.493,14.0966,77.4493,287.08,14.0966,88.8254,363.343,14.0966,101.703,459.336,14.0966,116.281,580.161,14.0966,132.782,732.241,14.0966,151.46,923.655,14.0966,172.603,1164.57,14.0966,196.535,1467.79,14.0966,223.625,1849.39,14.0966,254.288,2329.62,14.0966,288.997,2933.93,14.0966,328.285,3694.33,14.0966,372.755,4651.04,14.0966,423.092,5854.57,14.0966,480.07,7368.38,14.0966,544.564,9272.08,14.0966,617.566,11665.5,14.0966,700.197,14673.6,14.0966,793.729,18452.9,14.0966,899.599,23198.6,14.0966,1019.43,29154.1,14.0966,1155.07,36622.3,14.0966,1308.6,45977.9,14.0966,1482.39,57683.7,14.0966,1679.09,72307.8,14.0966,1901.73,90542.8,14.0966,2153.73,113226,14.0966,2438.97,141360,14.0966,2761.81,176127,14.0966,3127.22,218898,14.0966,3540.81,271226,14.0966,4008.92,334817,14.0966,4538.74,411470,14.0966,5138.38,502973,14.0966,5817.04,610948,14.0966,6585.12,736653,14.0966,7454.39,880741,14.0966,8438.15,1.04302e+06,14.0966,9551.45,1.22224e+06,14.0966,10811.3,1.41602e+06,14.0966,12237,1.62086e+06,14.0966,11.7194,11.96,12.6541,2.21263,4.16949,0.989383,2.67766,5.84076,0.311842,3.14343,7.55825,0.0972771,3.63127,9.58578,0.0303237,4.15787,12.0912,0.00945211,4.73731,15.2286,0.00294633,5.38238,19.1721,0.000918508,6.10553,24.134,0.000286163,6.91951,30.3791,8.92692e-05,7.83792,38.2397,2.78121e-05,8.87555,48.1338,8.65134e-06,10.0489,60.5876,2.7882e-06,11.3761,76.2629,8.29036e-07,12.8779,95.9927,2.4373e-07,14.5775,120.825,4.33068e-09,16.5012,152.08,1.75749e-07,18.6784,191.415,-1.86328e-07,21.1428,240.917,1.91829e-07,23.9322,303.213,-1.81475e-07,27.0895,381.602,7.0186e-08,30.6634,480.231,-2.86769e-08,34.7087,604.316,2.40784e-07,39.2876,760.401,9.87368e-08,44.4705,956.705,1.22263e-07,50.3371,1203.54,-4.31966e-07,56.9776,1513.81,-1.9705e-07,64.494,1903.69,-2.763e-08,73.0018,2393.4,3.9185e-07,82.6317,3008.13,1.35379e-07,93.5318,3779.25,-4.16351e-08,105.869,4745.7,2.06965e-08,119.834,5955.6,-3.18887e-07,135.641,7468.12,-1.48271e-08,153.531,9355.62,2.00739e-07,173.781,11705.8,2.28358e-07,196.701,14624.1,-1.93587e-08,222.642,18235,-2.88101e-07,252.003,22683.4,-2.24732e-07,285.234,28134,8.56806e-09,322.845,34767,2.34258e-07,365.413,42770.9,2.99668e-07,413.588,52327.9,8.28644e-08,468.111,63591.2,-3.07049e-07,529.814,76653.2,-3.1888e-07,599.642,91502.5,-6.72276e-08,678.662,107975,2.26339e-07,768.083,125705,3.69212e-07,869.267,144088,2.04077e-07,983.76,162277,-2.80509e-07,1113.3,179223,-4.22737e-07,1259.87,193777,-1.71951e-07,1425.68,204839,4.55555e-07,11.7194,11.96,12.6541,2.21263,4.16949,0.989383,2.67766,5.84076,0.311842,3.14343,7.55825,0.0972771,3.63127,9.58578,0.0303237,4.15787,12.0912,0.00945211,4.73731,15.2286,0.00294633,5.38238,19.1721,0.000918508,6.10553,24.134,0.000286163,6.91951,30.3791,8.92692e-05,7.83792,38.2397,2.78121e-05,8.87555,48.1338,8.65134e-06,10.0489,60.5876,2.7882e-06,11.3761,76.2629,8.29036e-07,12.8779,95.9927,2.4373e-07,14.5775,120.825,1e-08,16.5012,152.08,1.75749e-07,18.6784,191.415,1e-08,21.1428,240.917,1.91829e-07,23.9322,303.213,1e-08,27.0895,381.602,7.0186e-08,30.6634,480.231,1e-08,34.7087,604.316,2.40784e-07,39.2876,760.401,9.87368e-08,44.4705,956.705,1.22263e-07,50.3371,1203.54,1e-08,56.9776,1513.81,1e-08,64.494,1903.69,1e-08,73.0018,2393.4,3.9185e-07,82.6317,3008.13,1.35379e-07,93.5318,3779.25,1e-08,105.869,4745.7,2.06965e-08,119.834,5955.6,1e-08,135.641,7468.12,1e-08,153.531,9355.62,2.00739e-07,173.781,11705.8,2.28358e-07,196.701,14624.1,1e-08,222.642,18235,1e-08,252.003,22683.4,1e-08,285.234,28134,1e-08,322.845,34767,2.34258e-07,365.413,42770.9,2.99668e-07,413.588,52327.9,8.28644e-08,468.111,63591.2,1e-08,529.814,76653.2,1e-08,599.642,91502.5,1e-08,678.662,107975,2.26339e-07,768.083,125705,3.69212e-07,869.267,144088,2.04077e-07,983.76,162277,1e-08,1113.3,179223,1e-08,1259.87,193777,1e-08,1425.68,204839,4.55555e-07,6.2823,3.27286,2.43537,0.219672,6.18826,2.24117,0.56371,6.87772,2.63624,0.308279,10,5,6,3,3,0,3,3,0,0,6,0,4,10,0,17,8,0,4,24,0,0,22,0,17,54,0,4,16,0,6,26,0,9,41,0,13,33,0,13,108,0,20,203,0,12,87,0,7,125,0,27,137,0,17,129,0,20,244,0,39,300,0,41,459,0,16,544,0,10,739,0,21,1102,0,17,852,0,29,2355,0,70,1743,0,56,1691,0,152,2475,0,26,3482,0,104,4793,0,128,6835,0,92,5146,0,109,6733,0,154,13725,0,148,20788,0,71,27002,0,245,10956,0,184,11376,0,411,31868,0,333,34461,0,460,60539,0,187,89697,0,515,99917,0,750,116240,0,532,62053,0,617,47752,0,1281,147903,0,504,225462,0,1109,156955,0,1225,420243,0,1091,188992,0
-1.05176e+08,1,8.88811e-15,10,1023,0,1.05176e+08,0.528882,1.08665,0.389689,0.145397,0.379329,3.24381,0.161596,0.446195,1.77396,0.159177,1.15e+07,4.49998e+06,6.79999e+06,1.15e+07,4.49997e+06,6.79999e+06,1.15e+07,4.49996e+06,6.79999e+06,1.15e+07,4.49995e+06,6.79999e+06,1.14999e+07,4.49993e+06,6.79999e+06,1.14999e+07,4.49991e+06,6.79999e+06,1.14999e+07,4.49989e+06,6.79999e+06,1.14999e+07,4.49986e+06,6.79999e+06,1.14999e+07,4.49982e+06,6.79999e+06,1.14999e+07,4.49977e+06,6.79999e+06,1.14999e+07,4.49971e+06,6.79999e+06,1.14999e+07,4.49963e+06,6.79999e+06,1.14998e+07,4.49953e+06,6.79999e+06,1.14998e+07,4.49941e+06,6.79999e+06,1.14998e+07,4.49926e+06,6.79999e+06,1.14998e+07,4.49906e+06,6.79999e+06,1.14997e+07,4.49882e+06,6.79999e+06,1.14997e+07,4.49851e+06,6.79999e+06,1.14997e+07,4.49812e+06,6.79999e+06,1.14996e+07,4.49764e+06,6.79999e+06,1.14996e+07,4.49702e+06,6.79999e+06,1.14995e+07,4.49625e+06,6.79999e+06,1.14995e+07,4.49528e+06,6.79999e+06,1.14994e+07,4.49406e+06,6.79999e+06,1.14993e+07,4.49253e+06,6.79999e+06,1.14992e+07,4.49059e+06,6.79999e+06,1.14991e+07,4.48817e+06,6.79999e+06,1.1499e+07,4.48511e+06,6.79999e+06,1.14988e+07,4.48128e+06,6.79999e+06,1.14987e+07,4.47646e+06,6.79999e+06,1.14985e+07,4.47041e+06,6.79999e+06,1.14983e+07,4.46281e+06,6.79999e+06,1.14981e+07,4.4533e+06,6.79999e+06,1.14979e+07,4.44138e+06,6.79999e+06,1.14976e+07,4.42649e+06,6.79999e+06,1.14972e+07,4.40789e+06,6.79999e+06,1.14969e+07,4.38471e+06,6.79999e+06,1.14965e+07,4.35592e+06,6.79999e+06,1.1496e+07,4.32027e+06,6.79999e+06,1.14955e+07,4.27629e+06,6.79999e+06,1.14949e+07,4.22231e+06,6.79999e+06,1.14942e+07,4.15647e+06,6.79999e+06,1.14934e+07,4.07676e+06,6.79999e+06,1.14926e+07,3.98112e+06,6.79999e+06,1.14916e+07,3.86765e+06,6.79999e+06,1.14905e+07,3.73474e+06,6.79999e+06,1.14892e+07,3.58148e+06,6.79999e+06,1.14878e+07,3.40785e+06,6.79999e+06,1.14862e+07,3.21513e+06,6.79999e+06,1.14844e+07,3.00605e+06,6.79999e+06,1.14823e+07,2.7848e+06,6.79999e+06,1.148e+07,2.5568e+06,6.79999e+06,1.14773e+07,2.32825e+06,6.79999e+06,13.5742,8.52444,0.508366,16.8306,13.2585,0.162638,20.0035,17.569,0.0507846,23.2616,22.4214,0.0158319,26.7328,28.3297,0.00493498,30.5212,35.6974,0.00153831,34.7178,44.9473,0.000479527,39.4086,56.5822,0.000149456,44.6796,71.2245,4.66214e-05,50.6209,89.6543,1.45419e-05,57.3297,112.852,4.54748e-06,64.9129,142.051,1.43857e-06,73.4897,178.803,4.36618e-07,83.1934,225.062,1.40153e-07,94.1745,283.286,4.96378e-08,106.602,356.568,1.05434e-07,120.669,448.799,-6.49244e-08,136.59,564.873,1.70148e-07,154.611,710.948,-5.34594e-08,175.008,894.767,1.63407e-07,198.097,1126.06,8.04804e-08,224.231,1417.07,1.14667e-07,253.813,1783.15,-1.71227e-07,287.297,2243.62,-2.88466e-07,325.198,2822.67,-4.33651e-07,368.098,3550.67,7.9318e-08,416.657,4465.65,3.13319e-07,471.621,5615.16,3.4613e-07,533.835,7058.61,-1.19199e-07,604.255,8870.02,-2.79964e-07,683.962,11141.4,-2.30521e-07,774.182,13986.7,-2.55099e-07,876.299,17546.4,1.23585e-07,991.883,21993.1,1.41192e-07,1122.71,27536.7,-9.71886e-08,1270.78,34430.7,-3.68368e-07,1438.38,42977.7,-3.45379e-07,1628.07,53532.7,-3.25328e-09,1842.77,66504.6,2.6362e-07,2085.77,82350.2,2.53445e-07,2360.79,101560,-2.47407e-08,2672.05,124632,-3.80602e-07,3024.31,152018,-4.79005e-07,3422.98,184060,-1.14379e-07,3874.15,220884,2.64297e-07,4384.72,262283,3.44131e-07,4962.49,307576,7.5349e-08,5616.29,355497,-3.63097e-07,6356.1,404126,-6.05442e-07,7193.18,450932,-2.72333e-07,8140.28,492963,2.29675e-07,9211.79,527178,4.3387e-07,10424,550893,-1.0711e-07,10.102,8.06553,2.81012,10.6436,8.57909,0.869423,11.5336,10.2515,0.270869,12.7211,12.7138,0.0844293,14.1823,15.9373,0.0263173,15.9122,20.0383,0.0082035,17.9198,25.2154,0.00255722,20.2244,31.7373,0.000797017,22.8539,39.9486,0.000248622,25.8438,50.2851,7.75492e-05,29.237,63.2963,2.42508e-05,33.0837,79.6738,7.67162e-06,37.4415,100.288,2.32837e-06,42.3767,126.236,7.33e-07,47.9646,158.896,2.79256e-07,54.2906,200.003,9.87351e-09,61.452,251.741,1.61085e-07,69.5585,316.859,-2.47141e-07,78.7347,398.812,8.93552e-08,89.1218,501.948,-2.53231e-07,100.879,631.736,-1.25047e-07,114.188,795.049,-1.78808e-07,129.252,1000.53,2.6733e-07,146.304,1259.03,4.50292e-07,165.605,1584.19,6.76904e-07,187.452,1993.12,-1.23808e-07,212.181,2507.27,-4.89068e-07,240.173,3153.54,-5.40284e-07,271.856,3965.56,1.86061e-07,307.719,4985.38,4.37004e-07,348.313,6265.4,3.59828e-07,394.26,7870.83,3.98192e-07,446.268,9882.51,-1.92908e-07,505.135,12400.3,-2.20392e-07,571.766,15546.9,1.51705e-07,647.184,19472.2,5.74996e-07,732.547,24357.4,5.39112e-07,829.167,30420,5.07815e-09,938.526,37916.3,-4.11492e-07,1062.3,47143.9,-3.9561e-07,1202.4,58439.2,3.86185e-08,1360.96,72169.3,5.94093e-07,1540.42,88715.8,7.47693e-07,1743.53,108445,1.78537e-07,1973.41,131665,-4.12549e-07,2233.57,158557,-5.37164e-07,2528,189103,-1.17615e-07,2861.2,222986,5.66769e-07,3238.27,259510,9.45053e-07,3664.97,297540,4.25093e-07,4147.81,335497,-3.58506e-07,4694.17,371444,-6.7724e-07,5312.37,403256,1.67192e-07,1.61744,3.89446,9.84394,3.28846,7.5504,12.774,5.07607,11.7187,13.6844,7.03202,16.8147,13.9681,9.20215,23.1769,14.0566,11.6301,31.1672,14.0841,14.3598,41.2186,14.0927,17.4376,53.8688,14.0954,20.9137,69.7915,14.0962,24.8432,89.8341,14.0965,29.2879,115.063,14.0966,34.3168,146.819,14.0966,40.0078,186.792,14.0966,46.4487,237.107,14.0966,53.7388,300.44,14.0966,61.9903,380.158,14.0966,71.3301,480.499,14.0966,81.902,606.796,14.0966,93.8685,765.761,14.0966,107.414,965.837,14.0966,122.746,1217.65,14.0966,140.101,1534.57,14.0966,159.745,1933.41,14.0966,181.981,2435.3,14.0966,207.15,3066.85,14.0966,235.64,3861.46,14.0966,267.889,4861.11,14.0966,304.391,6118.54,14.0966,345.709,7699.91,14.0966,392.478,9688.22,14.0966,445.417,12187.5,14.0966,505.339,15327.7,14.0966,573.165,19271.6,14.0966,649.938,24222,14.0966,736.839,30430.9,14.0966,835.202,38211.5,14.0966,946.539,47950.3,14.0966,1072.56,60122.8,14.0966,1215.21,75309.9,14.0966,1376.66,94216.2,14.0966,1559.41,117688,14.0966,1766.26,146729,14.0966,2000.39,182510,14.0966,2265.39,226372,14.0966,2565.33,279806,14.0966,2904.81,344416,14.0966,3289.05,421845,14.0966,3723.93,513667,14.0966,4216.13,621231,14.0966,4773.18,745478,14.0966,5403.64,886744,14.0966,6117.15,1.04457e+06,14.0966,6924.63,1.2176e+06,14.0966,11.7194,11.96,12.6541,13.9321,16.1295,13.6434,16.6097,21.9702,13.9553,19.7532,29.5285,14.0526,23.3844,39.1143,14.0829,27.5423,51.2054,14.0923,32.2796,66.434,14.0953,37.662,85.6061,14.0962,43.7675,109.74,14.0965,50.687,140.119,14.0966,58.5249,178.359,14.0966,67.4005,226.493,14.0966,77.4493,287.08,14.0966,88.8254,363.343,14.0966,101.703,459.336,14.0966,116.281,580.161,14.0966,132.782,732.241,14.0966,151.46,923.655,14.0966,172.603,1164.57,14.0966,196.535,1467.79,14.0966,223.625,1849.39,14.0966,254.288,2329.62,14.0966,288.997,2933.93,14.0966,328.285,3694.33,14.0966,372.755,4651.04,14.0966,423.092,5854.57,14.0966,480.07,7368.38,14.0966,544.564,9272.08,14.0966,617.566,11665.5,14.0966,700.197,14673.6,14.0966,793.729,18452.9,14.0966,899.599,23198.6,14.0966,1019.43,29154.1,14.0966,1155.07,36622.3,14.0966,1308.6,45977.9,14.0966,1482.39,57683.7,14.0966,1679.09,72307.8,14.0966,1901.73,90542.8,14.0966,2153.73,113226,14.0966,2438.97,141360,14.0966,2761.81,176127,14.0966,3127.22,218898,14.0966,3540.81,271226,14.0966,4008.92,334817,14.0966,4538.74,411470,14.0966,5138.38,502973,14.0966,5817.04,610948,14.0966,6585.12,736653,14.0966,7454.39,880741,14.0966,8438.15,1.04302e+06,14.0966,9551.45,1.22224e+06,14.0966,10811.3,1.41602e+06,14.0966,12237,1.62086e+06,14.0966,11.7194,11.96,12.6541,2.21263,4.16949,0.989383,2.67766,5.84076,0.311842,3.14343,7.55825,0.0972771,3.63127,9.58578,0.0303237,4.15787,12.0912,0.00945211,4.73731,15.2286,0.00294633,5.38238,19.1721,0.000918508,6.10553,24.134,0.000286163,6.91951,30.3791,8.92692e-05,7.83792,38.2397,2.78121e-05,8.87555,48.1338,8.65134e-06,10.0489,60.5876,2.7882e-06,11.3761,76.2629,8.29036e-07,12.8779,95.9927,2.4373e-07,14.5775,120.825,4.33068e-09,16.5012,152.08,1.75749e-07,18.6784,191.415,-1.86328e-07,21.1428,240.917,1.91829e-07,23.9322,303.213,-1.81475e-07,27.0895,381.602,7.0186e-08,30.6634,480.231,-2.86769e-08,34.7087,604.316,2.40784e-07,39.2876,760.401,9.87368e-08,44.4705,956.705,1.22263e-07,50.3371,1203.54,-4.31966e-07,56.9776,1513.81,-1.9705e-07,64.494,1903.69,-2.763e-08,73.0018,2393.4,3.9185e-07,82.6317,3008.13,1.35379e-07,93.5318,3779.25,-4.16351e-08,105.869,4745.7,2.06965e-08,119.834,5955.6,-3.18887e-07,135.641,7468.12,-1.48271e-08,153.531,9355.62,2.00739e-07,173.781,11705.8,2.28358e-07,196.701,14624.1,-1.93587e-08,222.642,18235,-2.88101e-07,252.003,22683.4,-2.24732e-07,285.234,28134,8.56806e-09,322.845,34767,2.34258e-07,365.413,42770.9,2.99668e-07,413.588,52327.9,8.28644e-08,468.111,63591.2,-3.07049e-07,529.814,76653.2,-3.1888e-07,599.642,91502.5,-6.72276e-08,678.662,107975,2.26339e-07,768.083,125705,3.69212e-07,869.267,144088,2.04077e-07,983.76,162277,-2.80509e-07,1113.3,179223,-4.22737e-07,1259.87,193777,-1.71951e-07,1425.68,204839,4.55555e-07,11.7194,11.96,12.6541,2.21263,4.16949,0.989383,2.67766,5.84076,0.311842,3.14343,7.55825,0.0972771,3.63127,9.58578,0.0303237,4.15787,12.0912,0.00945211,4.73731,15.2286,0.00294633,5.38238,19.1721,0.000918508,6.10553,24.134,0.000286163,6.91951,30.3791,8.92692e-05,7.83792,38.2397,2.78121e-05,8.87555,48.1338,8.65134e-06,10.0489,60.5876,2.7882e-06,11.3761,76.2629,8.29036e-07,12.8779,95.9927,2.4373e-07,14.5775,120.825,1e-08,16.5012,152.08,1.75749e-07,18.6784,191.415,1e-08,21.1428,240.917,1.91829e-07,23.9322,303.213,1e-08,27.0895,381.602,7.0186e-08,30.6634,480.231,1e-08,34.7087,604.316,2.40784e-07,39.2876,760.401,9.87368e-08,44.4705,956.705,1.22263e-07,50.3371,1203.54,1e-08,56.9776,1513.81,1e-08,64.494,1903.69,1e-08,73.0018,2393.4,3.9185e-07,82.6317,3008.13,1.35379e-07,93.5318,3779.25,1e-08,105.869,4745.7,2.06965e-08,119.834,5955.6,1e-08,135.641,7468.12,1e-08,153.531,9355.62,2.00739e-07,173.781,11705.8,2.28358e-07,196.701,14624.1,1e-08,222.642,18235,1e-08,252.003,22683.4,1e-08,285.234,28134,1e-08,322.845,34767,2.34258e-07,365.413,42770.9,2.99668e-07,413.588,52327.9,8.28644e-08,468.111,63591.2,1e-08,529.814,76653.2,1e-08,599.642,91502.5,1e-08,678.662,107975,2.26339e-07,768.083,125705,3.69212e-07,869.267,144088,2.04077e-07,983.76,162277,1e-08,1113.3,179223,1e-08,1259.87,193777,1e-08,1425.68,204839,4.55555e-07,6.2823,3.27286,2.43537,0.219672,6.18826,2.24117,0.56371,6.87772,2.63624,0.308279,13,13,16,0,9,0,1,5,1,2,4,0,0,4,0,5,14,0,3,7,0,7,6,0,4,21,0,3,35,0,5,47,0,4,32,0,15,24,0,10,78,0,17,98,0,17,303,0,9,150,0,34,132,0,30,212,0,24,192,0,36,256,0,23,803,0,20,1454,0,35,743,0,57,703,0,42,1612,0,84,1442,0,57,663,0,32,1320,0,107,4634,0,125,4810,0,114,4339,0,159,3602,0,293,7424,0,137,7835,0,142,5293,0,388,19376,0,227,15298,0,103,7210,0,176,23842,0,347,45400,0,362,42284,0,356,113443,0,362,110498,0,610,24455,0,777,44927,0,490,82123,0,430,103308,0,1236,206850,0,668,175309,0,1965,172434,0,1184,174597,0,1153,138011,0
-1.05176e+08,1,8.88811e-15,10,1023,0,1.05176e+08,0.528882,1.08665,0.389689,0.145397,0.379329,3.24381,0.161596,0.446195,1.77396,0.159177,1.15e+07,4.49998e+06,6.79999e+06,1.15e+07,4.49997e+06,6.79999e+06,1.15e+07,4.49996e+06,6.79999e+06,1.15e+07,4.49995e+06,6.79999e+06,1.14999e+07,4.49993e+06,6.79999e+06,1.14999e+07,4.49991e+06,6.79999e+06,1.14999e+07,4.49989e+06,6.79999e+06,1.14999e+07,4.49986e+06,6.79999e+06,1.14999e+07,4.49982e+06,6.79999e+06,1.14999e+07,4.49977e+06,6.79999e+06,1.14999e+07,4.49971e+06,6.79999e+06,1.14999e+07,4.49963e+06,6.79999e+06,1.14998e+07,4.49953e+06,6.79999e+06,1.14998e+07,4.49941e+06,6.79999e+06,1.14998e+07,4.49926e+06,6.79999e+06,1.14998e+07,4.49906e+06,6.79999e+06,1.14997e+07,4.49882e+06,6.79999e+06,1.14997e+07,4.49851e+06,6.79999e+06,1.14997e+07,4.49812e+06,6.79999e+06,1.14996e+07,4.49764e+06,6.79999e+06,1.14996e+07,4.49702e+06,6.79999e+06,1.14995e+07,4.49625e+06,6.79999e+06,1.14995e+07,4.49528e+06,6.79999e+06,1.14994e+07,4.49406e+06,6.79999e+06,1.14993e+07,4.49253e+06,6.79999e+06,1.14992e+07,4.49059e+06,6.79999e+06,1.14991e+07,4.48817e+06,6.79999e+06,1.1499e+07,4.48511e+06,6.79999e+06,1.14988e+07,4.48128e+06,6.79999e+06,1.14987e+07,4.47646e+06,6.79999e+06,1.14985e+07,4.47041e+06,6.79999e+06,1.14983e+07,4.46281e+06,6.79999e+06,1.14981e+07,4.4533e+06,6.79999e+06,1.14979e+07,4.44138e+06,6.79999e+06,1.14976e+07,4.42649e+06,6.79999e+06,1.14972e+07,4.40789e+06,6.79999e+06,1.14969e+07,4.38471e+06,6.79999e+06,1.14965e+07,4.35592e+06,6.79999e+06,1.1496e+07,4.32027e+06,6.79999e+06,1.14955e+07,4.27629e+06,6.79999e+06,1.14949e+07,4.22231e+06,6.79999e+06,1.14942e+07,4.15647e+06,6.79999e+06,1.14934e+07,4.07676e+06,6.79999e+06,1.14926e+07,3.98112e+06,6.79999e+06,1.14916e+07,3.86765e+06,6.79999e+06,1.14905e+07,3.73474e+06,6.79999e+06,1.14892e+07,3.58148e+06,6.79999e+06,1.14878e+07,3.40785e+06,6.79999e+06,1.14862e+07,3.21513e+06,6.79999e+06,1.14844e+07,3.00605e+06,6.79999e+06,1.14823e+07,2.7848e+06,6.79999e+06,1.148e+07,2.5568e+06,6.79999e+06,1.14773e+07,2.32825e+06,6.79999e+06,13.5742,8.52444,0.508366,16.8306,13.2585,0.162638,20.0035,17.569,0.0507846,23.2616,22.4214,0.0158319,26.7328,28.3297,0.00493498,30.5212,35.6974,0.00153831,34.7178,44.9473,0.000479527,39.4086,56.5822,0.000149456,44.6796,71.2245,4.66214e-05,50.6209,89.6543,1.45419e-05,57.3297,112.852,4.54748e-06,64.9129,142.051,1.43857e-06,73.4897,178.803,4.36618e-07,83.1934,225.062,1.40153e-07,94.1745,283.286,4.96378e-08,106.602,356.568,1.05434e-07,120.669,448.799,-6.49244e-08,136.59,564.873,1.70148e-07,154.611,710.948,-5.34594e-08,175.008,894.767,1.63407e-07,198.097,1126.06,8.04804e-08,224.231,1417.07,1.14667e-07,253.813,1783.15,-1.71227e-07,287.297,2243.62,-2.88466e-07,325.198,2822.67,-4.33651e-07,368.098,3550.67,7.9318e-08,416.657,4465.65,3.13319e-07,471.621,5615.16,3.4613e-07,533.835,7058.61,-1.19199e-07,604.255,8870.02,-2.79964e-07,683.962,11141.4,-2.30521e-07,774.182,13986.7,-2.55099e-07,876.299,17546.4,1.23585e-07,991.883,21993.1,1.41192e-07,1122.71,27536.7,-9.71886e-08,1270.78,34430.7,-3.68368e-07,1438.38,42977.7,-3.45379e-07,1628.07,53532.7,-3.25328e-09,1842.77,66504.6,2.6362e-07,2085.77,82350.2,2.53445e-07,2360.79,101560,-2.47407e-08,2672.05,124632,-3.80602e-07,3024.31,152018,-4.79005e-07,3422.98,184060,-1.14379e-07,3874.15,220884,2.64297e-07,4384.72,262283,3.44131e-07,4962.49,307576,7.5349e-08,5616.29,355497,-3.63097e-07,6356.1,404126,-6.05442e-07,7193.18,450932,-2.72333e-07,8140.28,492963,2.29675e-07,9211.79,527178,4.3387e-07,10424,550893,-1.0711e-07,10.102,8.06553,2.81012,10.6436,8.57909,0.869423,11.5336,10.2515,0.270869,12.7211,12.7138,0.0844293,14.1823,15.9373,0.0263173,15.9122,20.0383,0.0082035,17.9198,25.2154,0.00255722,20.2244,31.7373,0.000797017,22.8539,39.9486,0.000248622,25.8438,50.2851,7.75492e-05,29.237,63.2963,2.42508e-05,33.0837,79.6738,7.67162e-06,37.4415,100.288,2.32837e-06,42.3767,126.236,7.33e-07,47.9646,158.896,2.79256e-07,54.2906,200.003,9.87351e-09,61.452,251.741,1.61085e-07,69.5585,316.859,-2.47141e-07,78.7347,398.812,8.93552e-08,89.1218,501.948,-2.53231e-07,100.879,631.736,-1.25047e-07,114.188,795.049,-1.78808e-07,129.252,1000.53,2.6733e-07,146.304,1259.03,4.50292e-07,165.605,1584.19,6.76904e-07,187.452,1993.12,-1.23808e-07,212.181,2507.27,-4.89068e-07,240.173,3153.54,-5.40284e-07,271.856,3965.56,1.86061e-07,307.719,4985.38,4.37004e-07,348.313,6265.4,3.59828e-07,394.26,7870.83,3.98192e-07,446.268,9882.51,-1.92908e-07,505.135,12400.3,-2.20392e-07,571.766,15546.9,1.51705e-07,647.184,19472.2,5.74996e-07,732.547,24357.4,5.39112e-07,829.167,30420,5.07815e-09,938.526,37916.3,-4.11492e-07,1062.3,47143.9,-3.9561e-07,1202.4,58439.2,3.86185e-08,1360.96,72169.3,5.94093e-07,1540.42,88715.8,7.47693e-07,1743.53,108445,1.78537e-07,1973.41,131665,-4.12549e-07,2233.57,158557,-5.37164e-07,2528,189103,-1.17615e-07,2861.2,222986,5.66769e-07,3238.27,259510,9.45053e-07,3664.97,297540,4.25093e-07,4147.81,335497,-3.58506e-07,4694.17,371444,-6.7724e-07,5312.37,403256,1.67192e-07,1.61744,3.89446,9.84394,3.28846,7.5504,12.774,5.07607,11.7187,13.6844,7.03202,16.8147,13.9681,9.20215,23.1769,14.0566,11.6301,31.1672,14.0841,14.3598,41.2186,14.0927,17.4376,53.8688,14.0954,20.9137,69.7915,14.0962,24.8432,89.8341,14.0965,29.2879,115.063,14.0966,34.3168,146.819,14.0966,40.0078,186.792,14.0966,46.4487,237.107,14.0966,53.7388,300.44,14.0966,61.9903,380.158,14.0966,71.3301,480.499,14.0966,81.902,606.796,14.0966,93.8685,765.761,14.0966,107.414,965.837,14.0966,122.746,1217.65,14.0966,140.101,1534.57,14.0966,159.745,1933.41,14.0966,181.981,2435.3,14.0966,207.15,3066.85,14.0966,235.64,3861.46,14.0966,267.889,4861.11,14.0966,304.391,6118.54,14.0966,345.709,7699.91,14.0966,392.478,9688.22,14.0966,445.417,12187.5,14.0966,505.339,15327.7,14.0966,573.165,19271.6,14.0966,649.938,24222,14.0966,736.839,30430.9,14.0966,835.202,38211.5,14.0966,946.539,47950.3,14.0966,1072.56,60122.8,14.0966,1215.21,75309.9,14.0966,1376.66,94216.2,14.0966,1559.41,117688,14.0966,1766.26,146729,14.0966,2000.39,182510,14.0966,2265.39,226372,14.0966,2565.33,279806,14.0966,2904.81,344416,14.0966,3289.05,421845,14.0966,3723.93,513667,14.0966,4216.13,621231,14.0966,4773.18,745478,14.0966,5403.64,886744,14.0966,6117.15,1.04457e+06,14.0966,6924.63,1.2176e+06,14.0966,11.7194,11.96,12.6541,13.9321,16.1295,13.6434,16.6097,21.9702,13.9553,19.7532,29.5285,14.0526,23.3844,39.1143,14.0829,27.5423,51.2054,14.0923,32.2796,66.434,14.0953,37.662,85.6061,14.0962,43.7675,109.74,14.0965,50.687,140.119,14.0966,58.5249,178.359,14.0966,67.4005,226.493,14.0966,77.4493,287.08,14.0966,88.8254,363.343,14.0966,101.703,459.336,14.0966,116.281,580.161,14.0966,132.782,732.241,14.0966,151.46,923.655,14.0966,172.603,1164.57,14.0966,196.535,1467.79,14.0966,223.625,1849.39,14.0966,254.288,2329.62,14.0966,288.997,2933.93,14.0966,328.285,3694.33,14.0966,372.755,4651.04,14.0966,423.092,5854.57,14.0966,480.07,7368.38,14.0966,544.564,9272.08,14.0966,617.566,11665.5,14.0966,700.197,14673.6,14.0966,793.729,18452.9,14.0966,899.599,23198.6,14.0966,1019.43,29154.1,14.0966,1155.07,36622.3,14.0966,1308.6,45977.9,14.0966,1482.39,57683.7,14.0966,1679.09,72307.8,14.0966,1901.73,90542.8,14.0966,2153.73,113226,14.0966,2438.97,141360,14.0966,2761.81,176127,14.0966,3127.22,218898,14.0966,3540.81,271226,14.0966,4008.92,334817,14.0966,4538.74,411470,14.0966,5138.38,502973,14.0966,5817.04,610948,14.0966,6585.12,736653,14.0966,7454.39,880741,14.0966,8438.15,1.04302e+06,14.0966,9551.45,1.22224e+06,14.0966,10811.3,1.41602e+06,14.0966,12237,1.62086e+06,14.0966,11.7194,11.96,12.6541,2.21263,4.16949,0.989383,2.67766,5.84076,0.311842,3.14343,7.55825,0.0972771,3.63127,9.58578,0.0303237,4.15787,12.0912,0.00945211,4.73731,15.2286,0.00294633,5.38238,19.1721,0.000918508,6.10553,24.134,0.000286163,6.91951,30.3791,8.92692e-05,7.83792,38.2397,2.78121e-05,8.87555,48.1338,8.65134e-06,10.0489,60.5876,2.7882e-06,11.3761,76.2629,8.29036e-07,12.8779,95.9927,2.4373e-07,14.5775,120.825,4.33068e-09,16.5012,152.08,1.75749e-07,18.6784,191.415,-1.86328e-07,21.1428,240.917,1.91829e-07,23.9322,303.213,-1.81475e-07,27.0895,381.602,7.0186e-08,30.6634,480.231,-2.86769e-08,34.7087,604.316,2.40784e-07,39.2876,760.401,9.87368e-08,44.4705,956.705,1.22263e-07,50.3371,1203.54,-4.31966e-07,56.9776,1513.81,-1.9705e-07,64.494,1903.69,-2.763e-08,73.0018,2393.4,3.9185e-07,82.6317,3008.13,1.35379e-07,93.5318,3779.25,-4.16351e-08,105.869,4745.7,2.06965e-08,119.834,5955.6,-3.18887e-07,135.641,7468.12,-1.48271e-08,153.531,9355.62,2.00739e-07,173.781,11705.8,2.28358e-07,196.701,14624.1,-1.93587e-08,222.642,18235,-2.88101e-07,252.003,22683.4,-2.24732e-07,285.234,28134,8.56806e-09,322.845,34767,2.34258e-07,365.413,42770.9,2.99668e-07,413.588,52327.9,8.28644e-08,468.111,63591.2,-3.07049e-07,529.814,76653.2,-3.1888e-07,599.642,91502.5,-6.72276e-08,678.662,107975,2.26339e-07,768.083,125705,3.69212e-07,869.267,144088,2.04077e-07,983.76,162277,-2.80509e-07,1113.3,179223,-4.22737e-07,1259.87,193777,-1.71951e-07,1425.68,204839,4.55555e-07,11.7194,11.96,12.6541,2.21263,4.16949,0.989383,2.67766,5.84076,0.311842,3.14343,7.55825,0.0972771,3.63127,9.58578,0.0303237,4.15787,12.0912,0.00945211,4.73731,15.2286,0.00294633,5.38238,19.1721,0.000918508,6.10553,24.134,0.000286163,6.91951,30.3791,8.92692e-05,7.83792,38.2397,2.78121e-05,8.87555,48.1338,8.65134e-06,10.0489,60.5876,2.7882e-06,11.3761,76.2629,8.29036e-07,12.8779,95.9927,2.4373e-07,14.5775,120.825,1e-08,16.5012,152.08,1.75749e-07,18.6784,191.415,1e-08,21.1428,240.917,1.91829e-07,23.9322,303.213,1e-08,27.0895,381.602,7.0186e-08,30.6634,480.231,1e-08,34.7087,604.316,2.40784e-07,39.2876,760.401,9.87368e-08,44.4705,956.705,1.22263e-07,50.3371,1203.54,1e-08,56.9776,1513.81,1e-08,64.494,1903.69,1e-08,73.0018,2393.4,3.9185e-07,82.6317,3008.13,1.35379e-07,93.5318,3779.25,1e-08,105.869,4745.7,2.06965e-08,119.834,5955.6,1e-08,135.641,7468.12,1e-08,153.531,9355.62,2.00739e-07,173.781,11705.8,2.28358e-07,196.701,14624.1,1e-08,222.642,18235,1e-08,252.003,22683.4,1e-08,285.234,28134,1e-08,322.845,34767,2.34258e-07,365.413,42770.9,2.99668e-07,413.588,52327.9,8.28644e-08,468.111,63591.2,1e-08,529.814,76653.2,1e-08,599.642,91502.5,1e-08,678.662,107975,2.26339e-07,768.083,125705,3.69212e-07,869.267,144088,2.04077e-07,983.76,162277,1e-08,1113.3,179223,1e-08,1259.87,193777,1e-08,1425.68,204839,4.55555e-07,6.2823,3.27286,2.43537,0.219672,6.18826,2.24117,0.56371,6.87772,2.63624,0.308279,13,7,18,1,4,0,1,8,0,5,6,0,0,16,0,7,18,0,4,12,0,9,12,0,12,28,0,6,14,0,13,39,0,13,38,0,7,63,0,18,36,0,12,90,0,5,218,0,18,160,0,23,83,0,26,122,0,16,414,0,9,495,0,36,608,0,45,802,0,28,463,0,27,883,0,76,680,0,58,1107,0,76,2295,0,96,3617,0,84,2459,0,79,10453,0,65,5599,0,216,6601,0,86,8992,0,243,12762,0,244,7319,0,267,12932,0,181,11074,0,232,11678,0,270,18307,0,364,40852,0,265,85141,0,485,78659,0,517,69347,0,508,53697,0,254,55647,0,671,129982,0,1504,55962,0,571,181060,0,993,71100,0,924,135408,0,732,275835,0,935,130749,0
-1.05176e+08,1,8.88811e-15,10,1023,0,1.05176e+08,0.528882,1.08665,0.389689,0.145397,0.379329,3.24381,0.161596,0.446195,1.77396,0.159177,1.15e+07,4.49998e+06,6.79999e+06,1.15e+07,4.49997e+06,6.79999e+06,1.15e+07,4.49996e+06,6.79999e+06,1.15e+07,4.49995e+06,6.79999e+06,1.14999e+07,4.49993e+06,6.79999e+06,1.14999e+07,4.49991e+06,6.79999e+06,1.14999e+07,4.49989e+06,6.79999e+06,1.14999e+07,4.49986e+06,6.79999e+06,1.14999e+07,4.49982e+06,6.79999e+06,1.14999e+07,4.49977e+06,6.79999e+06,1.14999e+07,4.49971e+06,6.79999e+06,1.14999e+07,4.49963e+06,6.79999e+06,1.14998e+07,4.49953e+06,6.79999e+06,1.14998e+07,4.49941e+06,6.79999e+06,1.14998e+07,4.49926e+06,6.79999e+06,1.14998e+07,4.49906e+06,6.79999e+06,1.14997e+07,4.49882e+06,6.79999e+06,1.14997e+07,4.49851e+06,6.79999e+06,1.14997e+07,4.49812e+06,6.79999e+06,1.14996e+07,4.49764e+06,6.79999e+06,1.14996e+07,4.49702e+06,6.79999e+06,1.14995e+07,4.49625e+06,6.79999e+06,1.14995e+07,4.49528e+06,6.79999e+06,1.14994e+07,4.49406e+06,6.79999e+06,1.14993e+07,4.49253e+06,6.79999e+06,1.14992e+07,4.49059e+06,6.79999e+06,1.14991e+07,4.48817e+06,6.79999e+06,1.1499e+07,4.48511e+06,6.79999e+06,1.14988e+07,4.48128e+06,6.79999e+06,1.14987e+07,4.47646e+06,6.79999e+06,1.14985e+07,4.47041e+06,6.79999e+06,1.14983e+07,4.46281e+06,6.79999e+06,1.14981e+07,4.4533e+06,6.79999e+06,1.14979e+07,4.44138e+06,6.79999e+06,1.14976e+07,4.42649e+06,6.79999e+06,1.14972e+07,4.40789e+06,6.79999e+06,1.14969e+07,4.38471e+06,6.79999e+06,1.14965e+07,4.35592e+06,6.79999e+06,1.1496e+07,4.32027e+06,6.79999e+06,1.14955e+07,4.27629e+06,6.79999e+06,1.14949e+07,4.22231e+06,6.79999e+06,1.14942e+07,4.15647e+06,6.79999e+06,1.14934e+07,4.07676e+06,6.79999e+06,1.14926e+07,3.98112e+06,6.79999e+06,1.14916e+07,3.86765e+06,6.79999e+06,1.14905e+07,3.73474e+06,6.79999e+06,1.14892e+07,3.58148e+06,6.79999e+06,1.14878e+07,3.40785e+06,6.79999e+06,1.14862e+07,3.21513e+06,6.79999e+06,1.14844e+07,3.00605e+06,6.79999e+06,1.14823e+07,2.7848e+06,6.79999e+06,1.148e+07,2.5568e+06,6.79999e+06,1.14773e+07,2.32825e+06,6.79999e+06,13.5742,8.52444,0.508366,16.8306,13.2585,0.162638,20.0035,17.569,0.0507846,23.2616,22.4214,0.0158319,26.7328,28.3297,0.00493498,30.5212,35.6974,0.00153831,34.7178,44.9473,0.000479527,39.4086,56.5822,0.000149456,44.6796,71.2245,4.66214e-05,50.6209,89.6543,1.45419e-05,57.3297,112.852,4.54748e-06,64.9129,142.051,1.43857e-06,73.4897,178.803,4.36618e-07,83.1934,225.062,1.40153e-07,94.1745,283.286,4.96378e-08,106.602,356.568,1.05434e-07,120.669,448.799,-6.49244e-08,136.59,564.873,1.70148e-07,154.611,710.948,-5.34594e-08,175.008,894.767,1.63407e-07,198.097,1126.06,8.04804e-08,224.231,1417.07,1.14667e-07,253.813,1783.15,-1.71227e-07,287.297,2243.62,-2.88466e-07,325.198,2822.67,-4.33651e-07,368.098,3550.67,7.9318e-08,416.657,4465.65,3.13319e-07,471.621,5615.16,3.4613e-07,533.835,7058.61,-1.19199e-07,604.255,8870.02,-2.79964e-07,683.962,11141.4,-2.30521e-07,774.182,13986.7,-2.55099e-07,876.299,17546.4,1.23585e-07,991.883,21993.1,1.41192e-07,1122.71,27536.7,-9.71886e-08,1270.78,34430.7,-3.68368e-07,1438.38,42977.7,-3.45379e-07,1628.07,53532.7,-3.25328e-09,1842.77,66504.6,2.6362e-07,2085.77,82350.2,2.53445e-07,2360.79,101560,-2.47407e-08,2672.05,124632,-3.80602e-07,3024.31,152018,-4.79005e-07,3422.98,184060,-1.14379e-07,3874.15,220884,2.64297e-07,4384.72,262283,3.44131e-07,4962.49,307576,7.5349e-08,5616.29,355497,-3.63097e-07,6356.1,404126,-6.05442e-07,7193.18,450932,-2.72333e-07,8140.28,492963,2.29675e-07,9211.79,527178,4.3387e-07,10424,550893,-1.0711e-07,10.102,8.06553,2.81012,10.6436,8.57909,0.869423,11.5336,10.2515,0.270869,12.7211,12.7138,0.0844293,14.1823,15.9373,0.0263173,15.9122,20.0383,0.0082035,17.9198,25.2154,0.00255722,20.2244,31.7373,0.000797017,22.8539,39.9486,0.000248622,25.8438,50.2851,7.75492e-05,29.237,63.2963,2.42508e-05,33.0837,79.6738,7.67162e-06,37.4415,100.288,2.32837e-06,42.3767,126.236,7.33e-07,47.9646,158.896,2.79256e-07,54.2906,200.003,9.87351e-09,61.452,251.741,1.61085e-07,69.5585,316.859,-2.47141e-07,78.7347,398.812,8.93552e-08,89.1218,501.948,-2.53231e-07,100.879,631.736,-1.25047e-07,114.188,795.049,-1.78808e-07,129.252,1000.53,2.6733e-07,146.304,1259.03,4.50292e-07,165.605,1584.19,6.76904e-07,187.452,1993.12,-1.23808e-07,212.181,2507.27,-4.89068e-07,240.173,3153.54,-5.40284e-07,271.856,3965.56,1.86061e-07,307.719,4985.38,4.37004e-07,348.313,6265.4,3.59828e-07,394.26,7870.83,3.98192e-07,446.268,9882.51,-1.92908e-07,505.135,12400.3,-2.20392e-07,571.766,15546.9,1.51705e-07,647.184,19472.2,5.74996e-07,732.547,24357.4,5.39112e-07,829.167,30420,5.07815e-09,938.526,37916.3,-4.11492e-07,1062.3,47143.9,-3.9561e-07,1202.4,58439.2,3.86185e-08,1360.96,72169.3,5.94093e-07,1540.42,88715.8,7.47693e-07,1743.53,108445,1.78537e-07,1973.41,131665,-4.12549e-07,2233.57,158557,-5.37164e-07,2528,189103,-1.17615e-07,2861.2,222986,5.66769e-07,3238.27,259510,9.45053e-07,3664.97,297540,4.25093e-07,4147.81,335497,-3.58506e-07,4694.17,371444,-6.7724e-07,5312.37,403256,1.67192e-07,1.61744,3.89446,9.84394,3.28846,7.5504,12.774,5.07607,11.7187,13.6844,7.03202,16.8147,13.9681,9.20215,23.1769,14.0566,11.6301,31.1672,14.0841,14.3598,41.2186,14.0927,17.4376,53.8688,14.0954,20.9137,69.7915,14.0962,24.8432,89.8341,14.0965,29.2879,115.063,14.0966,34.3168,146.819,14.0966,40.0078,186.792,14.0966,46.4487,237.107,14.0966,53.7388,300.44,14.0966,61.9903,380.158,14.0966,71.3301,480.499,14.0966,81.902,606.796,14.0966,93.8685,765.761,14.0966,107.414,965.837,14.0966,122.746,1217.65,14.0966,140.101,1534.57,14.0966,159.745,1933.41,14.0966,181.981,2435.3,14.0966,207.15,3066.85,14.0966,235.64,3861.46,14.0966,267.889,4861.11,14.0966,304.391,6118.54,14.0966,345.709,7699.91,14.0966,392.478,9688.22,14.0966,445.417,12187.5,14.0966,505.339,15327.7,14.0966,573.165,19271.6,14.0966,649.938,24222,14.0966,736.839,30430.9,14.0966,835.202,38211.5,14.0966,946.539,47950.3,14.0966,1072.56,60122.8,14.0966,1215.21,75309.9,14.0966,1376.66,94216.2,14.0966,1559.41,117688,14.0966,1766.26,146729,14.0966,2000.39,182510,14.0966,2265.39,226372,14.0966,2565.33,279806,14.0966,2904.81,344416,14.0966,3289.05,421845,14.0966,3723.93,513667,14.0966,4216.13,621231,14.0966,4773.18,745478,14.0966,5403.64,886744,14.0966,6117.15,1.04457e+06,14.0966,6924.63,1.2176e+06,14.0966,11.7194,11.96,12.6541,13.9321,16.1295,13.6434,16.6097,21.9702,13.9553,19.7532,29.5285,14.0526,23.3844,39.1143,14.0829,27.5423,51.2054,14.0923,32.2796,66.434,14.0953,37.662,85.6061,14.0962,43.7675,109.74,14.0965,50.687,140.119,14.0966,58.5249,178.359,14.0966,67.4005,226.493,14.0966,77.4493,287.08,14.0966,88.8254,363.343,14.0966,101.703,459.336,14.0966,116.281,580.161,14.0966,132.782,732.241,14.0966,151.46,923.655,14.0966,172.603,1164.57,14.0966,196.535,1467.79,14.0966,223.625,1849.39,14.0966,254.288,2329.62,14.0966,288.997,2933.93,14.0966,328.285,3694.33,14.0966,372.755,4651.04,14.0966,423.092,5854.57,14.0966,480.07,7368.38,14.0966,544.564,9272.08,14.0966,617.566,11665.5,14.0966,700.197,14673.6,14.0966,793.729,18452.9,14.0966,899.599,23198.6,14.0966,1019.43,29154.1,14.0966,1155.07,36622.3,14.0966,1308.6,45977.9,14.0966,1482.39,57683.7,14.0966,1679.09,72307.8,14.0966,1901.73,90542.8,14.0966,2153.73,113226,14.0966,2438.97,141360,14.0966,2761.81,176127,14.0966,3127.22,218898,14.0966,3540.81,271226,14.0966,4008.92,334817,14.0966,4538.74,411470,14.0966,5138.38,502973,14.0966,5817.04,610948,14.0966,6585.12,736653,14.0966,7454.39,880741,14.0966,8438.15,1.04302e+06,14.0966,9551.45,1.22224e+06,14.0966,10811.3,1.41602e+06,14.0966,12237,1.62086e+06,14.0966,11.7194,11.96,12.6541,2.21263,4.16949,0.989383,2.67766,5.84076,0.311842,3.14343,7.55825,0.0972771,3.63127,9.58578,0.0303237,4.15787,12.0912,0.00945211,4.73731,15.2286,0.00294633,5.38238,19.1721,0.000918508,6.10553,24.134,0.000286163,6.91951,30.3791,8.92692e-05,7.83792,38.2397,2.78121e-05,8.87555,48.1338,8.65134e-06,10.0489,60.5876,2.7882e-06,11.3761,76.2629,8.29036e-07,12.8779,95.9927,2.4373e-07,14.5775,120.825,4.33068e-09,16.5012,152.08,1.75749e-07,18.6784,191.415,-1.86328e-07,21.1428,240.917,1.91829e-07,23.9322,303.213,-1.81475e-07,27.0895,381.602,7.0186e-08,30.6634,480.231,-2.86769e-08,34.7087,604.316,2.40784e-07,39.2876,760.401,9.87368e-08,44.4705,956.705,1.22263e-07,50.3371,1203.54,-4.31966e-07,56.9776,1513.81,-1.9705e-07,64.494,1903.69,-2.763e-08,73.0018,2393.4,3.9185e-07,82.6317,3008.13,1.35379e-07,93.5318,3779.25,-4.16351e-08,105.869,4745.7,2.06965e-08,119.834,5955.6,-3.18887e-07,135.641,7468.12,-1.48271e-08,153.531,9355.62,2.00739e-07,173.781,11705.8,2.28358e-07,196.701,14624.1,-1.93587e-08,222.642,18235,-2.88101e-07,252.003,22683.4,-2.24732e-07,285.234,28134,8.56806e-09,322.845,34767,2.34258e-07,365.413,42770.9,2.99668e-07,413.588,52327.9,8.28644e-08,468.111,63591.2,-3.07049e-07,529.814,76653.2,-3.1888e-07,599.642,91502.5,-6.72276e-08,678.662,107975,2.26339e-07,768.083,125705,3.69212e-07,869.267,144088,2.04077e-07,983.76,162277,-2.80509e-07,1113.3,179223,-4.22737e-07,1259.87,193777,-1.71951e-07,1425.68,204839,4.55555e-07,11.7194,11.96,12.6541,2.21263,4.16949,0.989383,2.67766,5.84076,0.311842,3.14343,7.55825,0.0972771,3.63127,9.58578,0.0303237,4.15787,12.0912,0.00945211,4.73731,15.2286,0.00294633,5.38238,19.1721,0.000918508,6.10553,24.134,0.000286163,6.91951,30.3791,8.92692e-05,7.83792,38.2397,2.78121e-05,8.87555,48.1338,8.65134e-06,10.0489,60.5876,2.7882e-06,11.3761,76.2629,8.29036e-07,12.8779,95.9927,2.4373e-07,14.5775,120.825,1e-08,16.5012,152.08,1.75749e-07,18.6784,191.415,1e-08,21.1428,240.917,1.91829e-07,23.9322,303.213,1e-08,27.0895,381.602,7.0186e-08,30.6634,480.231,1e-08,34.7087,604.316,2.40784e-07,39.2876,760.401,9.87368e-08,44.4705,956.705,1.22263e-07,50.3371,1203.54,1e-08,56.9776,1513.81,1e-08,64.494,1903.69,1e-08,73.0018,2393.4,3.9185e-07,82.6317,3008.13,1.35379e-07,93.5318,3779.25,1e-08,105.869,4745.7,2.06965e-08,119.834,5955.6,1e-08,135.641,7468.12,1e-08,153.531,9355.62,2.00739e-07,173.781,11705.8,2.28358e-07,196.701,14624.1,1e-08,222.642,18235,1e-08,252.003,22683.4,1e-08,285.234,28134,1e-08,322.845,34767,2.34258e-07,365.413,42770.9,2.99668e-07,413.588,52327.9,8.28644e-08,468.111,63591.2,1e-08,529.814,76653.2,1e-08,599.642,91502.5,1e-08,678.662,107975,2.26339e-07,768.083,125705,3.69212e-07,869.267,144088,2.04077e-07,983.76,162277,1e-08,1113.3,179223,1e-08,1259.87,193777,1e-08,1425.68,204839,4.55555e-07,6.2823,3.27286,2.43537,0.219672,6.18826,2.24117,0.56371,6.87772,2.63624,0.308279,8,7,13,2,7,2,2,8,0,5,5,0,7,11,0,9,17,0,5,19,0,5,26,0,9,19,0,3,36,0,9,56,0,13,64,0,20,138,0,11,47,0,10,37,0,8,116,0,11,113,0,35,244,0,9,269,0,41,566,0,20,397,0,36,414,0,26,769,0,35,1026,0,70,746,0,57,1311,0,80,2036,0,41,1008,0,69,3119,0,80,6653,0,73,3438,0,49,2823,0,196,3695,0,228,8113,0,237,22206,0,95,16236,0,173,14028,0,228,24531,0,116,10339,0,185,17251,0,383,28831,0,212,70673,0,260,73456,0,390,32352,0,318,112305,0,597,90483,0,1064,93428,0,564,124911,0,1145,83958,0,1346,150112,0,1329,86769,0,1175,166128,0,1205,198351,0
-1.05176e+08,1,8.88811e-15,10,1023,0,1.05176e+08,0.528882,1.08665,0.389689,0.145397,0.379329,3.24381,0.161596,0.446195,1.77396,0.159177,1.15e+07,4.49998e+06,6.79999e+06,1.15e+07,4.49997e+06,6.79999e+06,1.15e+07,4.49996e+06,6.79999e+06,1.15e+07,4.49995e+06,6.79999e+06,1.14999e+07,4.49993e+06,6.79999e+06,1.14999e+07,4.49991e+06,6.79999e+06,1.14999e+07,4.49989e+06,6.79999e+06,1.14999e+07,4.49986e+06,6.79999e+06,1.14999e+07,4.49982e+06,6.79999e+06,1.14999e+07,4.49977e+06,6.79999e+06,1.14999e+07,4.49971e+06,6.79999e+06,1.14999e+07,4.49963e+06,6.79999e+06,1.14998e+07,4.49953e+06,6.79999e+06,1.14998e+07,4.49941e+06,6.79999e+06,1.14998e+07,4.49926e+06,6.79999e+06,1.14998e+07,4.49906e+06,6.79999e+06,1.14997e+07,4.49882e+06,6.79999e+06,1.14997e+07,4.49851e+06,6.79999e+06,1.14997e+07,4.49812e+06,6.79999e+06,1.14996e+07,4.49764e+06,6.79999e+06,1.14996e+07,4.49702e+06,6.79999e+06,1.14995e+07,4.49625e+06,6.79999e+06,1.14995e+07,4.49528e+06,6.79999e+06,1.14994e+07,4.49406e+06,6.79999e+06,1.14993e+07,4.49253e+06,6.79999e+06,1.14992e+07,4.49059e+06,6.79999e+06,1.14991e+07,4.48817e+06,6.79999e+06,1.1499e+07,4.48511e+06,6.79999e+06,1.14988e+07,4.48128e+06,6.79999e+06,1.14987e+07,4.47646e+06,6.79999e+06,1.14985e+07,4.47041e+06,6.79999e+06,1.14983e+07,4.46281e+06,6.79999e+06,1.14981e+07,4.4533e+06,6.79999e+06,1.14979e+07,4.44138e+06,6.79999e+06,1.14976e+07,4.42649e+06,6.79999e+06,1.14972e+07,4.40789e+06,6.79999e+06,1.14969e+07,4.38471e+06,6.79999e+06,1.14965e+07,4.35592e+06,6.79999e+06,1.1496e+07,4.32027e+06,6.79999e+06,1.14955e+07,4.27629e+06,6.79999e+06,1.14949e+07,4.22231e+06,6.79999e+06,1.14942e+07,4.15647e+06,6.79999e+06,1.14934e+07,4.07676e+06,6.79999e+06,1.14926e+07,3.98112e+06,6.79999e+06,1.14916e+07,3.86765e+06,6.79999e+06,1.14905e+07,3.73474e+06,6.79999e+06,1.14892e+07,3.58148e+06,6.79999e+06,1.14878e+07,3.40785e+06,6.79999e+06,1.14862e+07,3.21513e+06,6.79999e+06,1.14844e+07,3.00605e+06,6.79999e+06,1.14823e+07,2.7848e+06,6.79999e+06,1.148e+07,2.5568e+06,6.79999e+06,1.14773e+07,2.32825e+06,6.79999e+06,13.5742,8.52444,0.508366,16.8306,13.2585,0.162638,20.0035,17.569,0.0507846,23.2616,22.4214,0.0158319,26.7328,28.3297,0.00493498,30.5212,35.6974,0.00153831,34.7178,44.9473,0.000479527,39.4086,56.5822,0.000149456,44.6796,71.2245,4.66214e-05,50.6209,89.6543,1.45419e-05,57.3297,112.852,4.54748e-06,64.9129,142.051,1.43857e-06,73.4897,178.803,4.36618e-07,83.1934,225.062,1.40153e-07,94.1745,283.286,4.96378e-08,106.602,356.568,1.05434e-07,120.669,448.799,-6.49244e-08,136.59,564.873,1.70148e-07,154.611,710.948,-5.34594e-08,175.008,894.767,1.63407e-07,198.097,1126.06,8.04804e-08,224.231,1417.07,1.14667e-07,253.813,1783.15,-1.71227e-07,287.297,2243.62,-2.88466e-07,325.198,2822.67,-4.33651e-07,368.098,3550.67,7.9318e-08,416.657,4465.65,3.13319e-07,471.621,5615.16,3.4613e-07,533.835,7058.61,-1.19199e-07,604.255,8870.02,-2.79964e-07,683.962,11141.4,-2.30521e-07,774.182,13986.7,-2.55099e-07,876.299,17546.4,1.23585e-07,991.883,21993.1,1.41192e-07,1122.71,27536.7,-9.71886e-08,1270.78,34430.7,-3.68368e-07,1438.38,42977.7,-3.45379e-07,1628.07,53532.7,-3.25328e-09,1842.77,66504.6,2.6362e-07,2085.77,82350.2,2.53445e-07,2360.79,101560,-2.47407e-08,2672.05,124632,-3.80602e-07,3024.31,152018,-4.79005e-07,3422.98,184060,-1.14379e-07,3874.15,220884,2.64297e-07,4384.72,262283,3.44131e-07,4962.49,307576,7.5349e-08,5616.29,355497,-3.63097e-07,6356.1,404126,-6.05442e-07,7193.18,450932,-2.72333e-07,8140.28,492963,2.29675e-07,9211.79,527178,4.3387e-07,10424,550893,-1.0711e-07,10.102,8.06553,2.81012,10.6436,8.57909,0.869423,11.5336,10.2515,0.270869,12.7211,12.7138,0.0844293,14.1823,15.9373,0.0263173,15.9122,20.0383,0.0082035,17.9198,25.2154,0.00255722,20.2244,31.7373,0.000797017,22.8539,39.9486,0.000248622,25.8438,50.2851,7.75492e-05,29.237,63.2963,2.42508e-05,33.0837,79.6738,7.67162e-06,37.4415,100.288,2.32837e-06,42.3767,126.236,7.33e-07,47.9646,158.896,2.79256e-07,54.2906,200.003,9.87351e-09,61.452,251.741,1.61085e-07,69.5585,316.859,-2.47141e-07,78.7347,398.812,8.93552e-08,89.1218,501.948,-2.53231e-07,100.879,631.736,-1.25047e-07,114.188,795.049,-1.78808e-07,129.252,1000.53,2.6733e-07,146.304,1259.03,4.50292e-07,165.605,1584.19,6.76904e-07,187.452,1993.12,-1.23808e-07,212.181,2507.27,-4.89068e-07,240.173,3153.54,-5.40284e-07,271.856,3965.56,1.86061e-07,307.719,4985.38,4.37004e-07,348.313,6265.4,3.59828e-07,394.26,7870.83,3.98192e-07,446.268,9882.51,-1.92908e-07,505.135,12400.3,-2.20392e-07,571.766,15546.9,1.51705e-07,647.184,19472.2,5.74996e-07,732.547,24357.4,5.39112e-07,829.167,30420,5.07815e-09,938.526,37916.3,-4.11492e-07,1062.3,47143.9,-3.9561e-07,1202.4,58439.2,3.86185e-08,1360.96,72169.3,5.94093e-07,1540.42,88715.8,7.47693e-07,1743.53,108445,1.78537e-07,1973.41,131665,-4.12549e-07,2233.57,158557,-5.37164e-07,2528,189103,-1.17615e-07,2861.2,222986,5.66769e-07,3238.27,259510,9.45053e-07,3664.97,297540,4.25093e-07,4147.81,335497,-3.58506e-07,4694.17,371444,-6.7724e-07,5312.37,403256,1.67192e-07,1.61744,3.89446,9.84394,3.28846,7.5504,12.774,5.07607,11.7187,13.6844,7.03202,16.8147,13.9681,9.20215,23.1769,14.0566,11.6301,31.1672,14.0841,14.3598,41.2186,14.0927,17.4376,53.8688,14.0954,20.9137,69.7915,14.0962,24.8432,89.8341,14.0965,29.2879,115.063,14.0966,34.3168,146.819,14.0966,40.0078,186.792,14.0966,46.4487,237.107,14.0966,53.7388,300.44,14.0966,61.9903,380.158,14.0966,71.3301,480.499,14.0966,81.902,606.796,14.0966,93.8685,765.761,14.0966,107.414,965.837,14.0966,122.746,1217.65,14.0966,140.101,1534.57,14.0966,159.745,1933.41,14.0966,181.981,2435.3,14.0966,207.15,3066.85,14.0966,235.64,3861.46,14.0966,267.889,4861.11,14.0966,304.391,6118.54,14.0966,345.709,7699.91,14.0966,392.478,9688.22,14.0966,445.417,12187.5,14.0966,505.339,15327.7,14.0966,573.165,19271.6,14.0966,649.938,24222,14.0966,736.839,30430.9,14.0966,835.202,38211.5,14.0966,946.539,47950.3,14.0966,1072.56,60122.8,14.0966,1215.21,75309.9,14.0966,1376.66,94216.2,14.0966,1559.41,117688,14.0966,1766.26,146729,14.0966,2000.39,182510,14.0966,2265.39,226372,14.0966,2565.33,279806,14.0966,2904.81,344416,14.0966,3289.05,421845,14.0966,3723.93,513667,14.0966,4216.13,621231,14.0966,4773.18,745478,14.0966,5403.64,886744,14.0966,6117.15,1.04457e+06,14.0966,6924.63,1.2176e+06,14.0966,11.7194,11.96,12.6541,13.9321,16.1295,13.6434,16.6097,21.9702,13.9553,19.7532,29.5285,14.0526,23.3844,39.1143,14.0829,27.5423,51.2054,14.0923,32.2796,66.434,14.0953,37.662,85.6061,14.0962,43.7675,109.74,14.0965,50.687,140.119,14.0966,58.5249,178.359,14.0966,67.4005,226.493,14.0966,77.4493,287.08,14.0966,88.8254,363.343,14.0966,101.703,459.336,14.0966,116.281,580.161,14.0966,132.782,732.241,14.0966,151.46,923.655,14.0966,172.603,1164.57,14.0966,196.535,1467.79,14.0966,223.625,1849.39,14.0966,254.288,2329.62,14.0966,288.997,2933.93,14.0966,328.285,3694.33,14.0966,372.755,4651.04,14.0966,423.092,5854.57,14.0966,480.07,7368.38,14.0966,544.564,9272.08,14.0966,617.566,11665.5,14.0966,700.197,14673.6,14.0966,793.729,18452.9,14.0966,899.599,23198.6,14.0966,1019.43,29154.1,14.0966,1155.07,36622.3,14.0966,1308.6,45977.9,14.0966,1482.39,57683.7,14.0966,1679.09,72307.8,14.0966,1901.73,90542.8,14.0966,2153.73,113226,14.0966,2438.97,141360,14.0966,2761.81,176127,14.0966,3127.22,218898,14.0966,3540.81,271226,14.0966,4008.92,334817,14.0966,4538.74,411470,14.0966,5138.38,502973,14.0966,5817.04,610948,14.0966,6585.12,736653,14.0966,7454.39,880741,14.0966,8438.15,1.04302e+06,14.0966,9551.45,1.22224e+06,14.0966,10811.3,1.41602e+06,14.0966,12237,1.62086e+06,14.0966,11.7194,11.96,12.6541,2.21263,4.16949,0.989383,2.67766,5.84076,0.311842,3.14343,7.55825,0.0972771,3.63127,9.58578,0.0303237,4.15787,12.0912,0.00945211,4.73731,15.2286,0.00294633,5.38238,19.1721,0.000918508,6.10553,24.134,0.000286163,6.91951,30.3791,8.92692e-05,7.83792,38.2397,2.78121e-05,8.87555,48.1338,8.65134e-06,10.0489,60.5876,2.7882e-06,11.3761,76.2629,8.29036e-07,12.8779,95.9927,2.4373e-07,14.5775,120.825,4.33068e-09,16.5012,152.08,1.75749e-07,18.6784,191.415,-1.86328e-07,21.1428,240.917,1.91829e-07,23.9322,303.213,-1.81475e-07,27.0895,381.602,7.0186e-08,30.6634,480.231,-2.86769e-08,34.7087,604.316,2.40784e-07,39.2876,760.401,9.87368e-08,44.4705,956.705,1.22263e-07,50.3371,1203.54,-4.31966e-07,56.9776,1513.81,-1.9705e-07,64.494,1903.69,-2.763e-08,73.0018,2393.4,3.9185e-07,82.6317,3008.13,1.35379e-07,93.5318,3779.25,-4.16351e-08,105.869,4745.7,2.06965e-08,119.834,5955.6,-3.18887e-07,135.641,7468.12,-1.48271e-08,153.531,9355.62,2.00739e-07,173.781,11705.8,2.28358e-07,196.701,14624.1,-1.93587e-08,222.642,18235,-2.88101e-07,252.003,22683.4,-2.24732e-07,285.234,28134,8.56806e-09,322.845,34767,2.34258e-07,365.413,42770.9,2.99668e-07,413.588,52327.9,8.28644e-08,468.111,63591.2,-3.07049e-07,529.814,76653.2,-3.1888e-07,599.642,91502.5,-6.72276e-08,678.662,107975,2.26339e-07,768.083,125705,3.69212e-07,869.267,144088,2.04077e-07,983.76,162277,-2.80509e-07,1113.3,179223,-4.22737e-07,1259.87,193777,-1.71951e-07,1425.68,204839,4.55555e-07,11.7194,11.96,12.6541,2.21263,4.16949,0.989383,2.67766,5.84076,0.311842,3.14343,7.55825,0.0972771,3.63127,9.58578,0.0303237,4.15787,12.0912,0.00945211,4.73731,15.2286,0.00294633,5.38238,19.1721,0.000918508,6.10553,24.134,0.000286163,6.91951,30.3791,8.92692e-05,7.83792,38.2397,2.78121e-05,8.87555,48.1338,8.65134e-06,10.0489,60.5876,2.7882e-06,11.3761,76.2629,8.29036e-07,12.8779,95.9927,2.4373e-07,14.5775,120.825,1e-08,16.5012,152.08,1.75749e-07,18.6784,191.415,1e-08,21.1428,240.917,1.91829e-07,23.9322,303.213,1e-08,27.0895,381.602,7.0186e-08,30.6634,480.231,1e-08,34.7087,604.316,2.40784e-07,39.2876,760.401,9.87368e-08,44.4705,956.705,1.22263e-07,50.3371,1203.54,1e-08,56.9776,1513.81,1e-08,64.494,1903.69,1e-08,73.0018,2393.4,3.9185e-07,82.6317,3008.13,1.35379e-07,93.5318,3779.25,1e-08,105.869,4745.7,2.06965e-08,119.834,5955.6,1e-08,135.641,7468.12,1e-08,153.531,9355.62,2.00739e-07,173.781,11705.8,2.28358e-07,196.701,14624.1,1e-08,222.642,18235,1e-08,252.003,22683.4,1e-08,285.234,28134,1e-08,322.845,34767,2.34258e-07,365.413,42770.9,2.99668e-07,413.588,52327.9,8.28644e-08,468.111,63591.2,1e-08,529.814,76653.2,1e-08,599.642,91502.5,1e-08,678.662,107975,2.26339e-07,768.083,125705,3.69212e-07,869.267,144088,2.04077e-07,983.76,162277,1e-08,1113.3,179223,1e-08,1259.87,193777,1e-08,1425.68,204839,4.55555e-07,6.2823,3.27286,2.43537,0.219672,6.18826,2.24117,0.56371,6.87772,2.63624,0.308279,16,17,12,7,6,0,7,7,1,4,10,0,6,17,0,5,21,0,5,7,0,4,25,0,7,27,0,17,37,0,4,57,0,8,71,0,4,51,0,21,95,0,26,94,0,13,188,0,34,235,0,11,246,0,32,126,0,16,388,0,18,240,0,9,807,0,31,612,0,33,606,0,35,1071,0,56,1081,0,42,1516,0,93,1751,0,88,1509,0,76,2267,0,62,4121,0,169,6413,0,107,3646,0,39,10523,0,104,6268,0,171,17463,0,153,15251,0,218,15398,0,350,24083,0,364,29247,0,336,34052,0,349,47817,0,642,51656,0,308,82018,0,509,39864,0,846,54966,0,2191,211893,0,1530,81593,0,547,160805,0,683,178104,0,1107,154597,0,488,224141,0,1313,162734,0
-1.05176e+08,1,8.88811e-15,10,1023,0,1.05176e+08,0.528882,1.08665,0.389689,0.145397,0.379329,3.24381,0.161596,0.446195,1.77396,0.159177,1.15e+07,4.49998e+06,6.79999e+06,1.15e+07,4.49997e+06,6.79999e+06,1.15e+07,4.49996e+06,6.79999e+06,1.15e+07,4.49995e+06,6.79999e+06,1.14999e+07,4.49993e+06,6.79999e+06,1.14999e+07,4.49991e+06,6.79999e+06,1.14999e+07,4.49989e+06,6.79999e+06,1.14999e+07,4.49986e+06,6.79999e+06,1.14999e+07,4.49982e+06,6.79999e+06,1.14999e+07,4.49977e+06,6.79999e+06,1.14999e+07,4.49971e+06,6.79999e+06,1.14999e+07,4.49963e+06,6.79999e+06,1.14998e+07,4.49953e+06,6.79999e+06,1.14998e+07,4.49941e+06,6.79999e+06,1.14998e+07,4.49926e+06,6.79999e+06,1.14998e+07,4.49906e+06,6.79999e+06,1.14997e+07,4.49882e+06,6.79999e+06,1.14997e+07,4.49851e+06,6.79999e+06,1.14997e+07,4.49812e+06,6.79999e+06,1.14996e+07,4.49764e+06,6.79999e+06,1.14996e+07,4.49702e+06,6.79999e+06,1.14995e+07,4.49625e+06,6.79999e+06,1.14995e+07,4.49528e+06,6.79999e+06,1.14994e+07,4.49406e+06,6.79999e+06,1.14993e+07,4.49253e+06,6.79999e+06,1.14992e+07,4.49059e+06,6.79999e+06,1.14991e+07,4.48817e+06,6.79999e+06,1.1499e+07,4.48511e+06,6.79999e+06,1.14988e+07,4.48128e+06,6.79999e+06,1.14987e+07,4.47646e+06,6.79999e+06,1.14985e+07,4.47041e+06,6.79999e+06,1.14983e+07,4.46281e+06,6.79999e+06,1.14981e+07,4.4533e+06,6.79999e+06,1.14979e+07,4.44138e+06,6.79999e+06,1.14976e+07,4.42649e+06,6.79999e+06,1.14972e+07,4.40789e+06,6.79999e+06,1.14969e+07,4.38471e+06,6.79999e+06,1.14965e+07,4.35592e+06,6.79999e+06,1.1496e+07,4.32027e+06,6.79999e+06,1.14955e+07,4.27629e+06,6.79999e+06,1.14949e+07,4.22231e+06,6.79999e+06,1.14942e+07,4.15647e+06,6.79999e+06,1.14934e+07,4.07676e+06,6.79999e+06,1.14926e+07,3.98112e+06,6.79999e+06,1.14916e+07,3.86765e+06,6.79999e+06,1.14905e+07,3.73474e+06,6.79999e+06,1.14892e+07,3.58148e+06,6.79999e+06,1.14878e+07,3.40785e+06,6.79999e+06,1.14862e+07,3.21513e+06,6.79999e+06,1.14844e+07,3.00605e+06,6.79999e+06,1.14823e+07,2.7848e+06,6.79999e+06,1.148e+07,2.5568e+06,6.79999e+06,1.14773e+07,2.32825e+06,6.79999e+06,13.5742,8.52444,0.508366,16.8306,13.2585,0.162638,20.0035,17.569,0.0507846,23.2616,22.4214,0.0158319,26.7328,28.3297,0.00493498,30.5212,35.6974,0.00153831,34.7178,44.9473,0.000479527,39.4086,56.5822,0.000149456,44.6796,71.2245,4.66214e-05,50.6209,89.6543,1.45419e-05,57.3297,112.852,4.54748e-06,64.9129,142.051,1.43857e-06,73.4897,178.803,4.36618e-07,83.1934,225.062,1.40153e-07,94.1745,283.286,4.96378e-08,106.602,356.568,1.05434e-07,120.669,448.799,-6.49244e-08,136.59,564.873,1.70148e-07,154.611,710.948,-5.34594e-08,175.008,894.767,1.63407e-07,198.097,1126.06,8.04804e-08,224.231,1417.07,1.14667e-07,253.813,1783.15,-1.71227e-07,287.297,2243.62,-2.88466e-07,325.198,2822.67,-4.33651e-07,368.098,3550.67,7.9318e-08,416.657,4465.65,3.13319e-07,471.621,5615.16,3.4613e-07,533.835,7058.61,-1.19199e-07,604.255,8870.02,-2.79964e-07,683.962,11141.4,-2.30521e-07,774.182,13986.7,-2.55099e-07,876.299,17546.4,1.23585e-07,991.883,21993.1,1.41192e-07,1122.71,27536.7,-9.71886e-08,1270.78,34430.7,-3.68368e-07,1438.38,42977.7,-3.45379e-07,1628.07,53532.7,-3.25328e-09,1842.77,66504.6,2.6362e-07,2085.77,82350.2,2.53445e-07,2360.79,101560,-2.47407e-08,2672.05,124632,-3.80602e-07,3024.31,152018,-4.79005e-07,3422.98,184060,-1.14379e-07,3874.15,220884,2.64297e-07,4384.72,262283,3.44131e-07,4962.49,307576,7.5349e-08,5616.29,355497,-3.63097e-07,6356.1,404126,-6.05442e-07,7193.18,450932,-2.72333e-07,8140.28,492963,2.29675e-07,9211.79,527178,4.3387e-07,10424,550893,-1.0711e-07,10.102,8.06553,2.81012,10.6436,8.57909,0.869423,11.5336,10.2515,0.270869,12.7211,12.7138,0.0844293,14.1823,15.9373,0.0263173,15.9122,20.0383,0.0082035,17.9198,25.2154,0.00255722,20.2244,31.7373,0.000797017,22.8539,39.9486,0.000248622,25.8438,50.2851,7.75492e-05,29.237,63.2963,2.42508e-05,33.0837,79.6738,7.67162e-06,37.4415,100.288,2.32837e-06,42.3767,126.236,7.33e-07,47.9646,158.896,2.79256e-07,54.2906,200.003,9.87351e-09,61.452,251.741,1.61085e-07,69.5585,316.859,-2.47141e-07,78.7347,398.812,8.93552e-08,89.1218,501.948,-2.53231e-07,100.879,631.736,-1.25047e-07,114.188,795.049,-1.78808e-07,129.252,1000.53,2.6733e-07,146.304,1259.03,4.50292e-07,165.605,1584.19,6.76904e-07,187.452,1993.12,-1.23808e-07,212.181,2507.27,-4.89068e-07,240.173,3153.54,-5.40284e-07,271.856,3965.56,1.86061e-07,307.719,4985.38,4.37004e-07,348.313,6265.4,3.59828e-07,394.26,7870.83,3.98192e-07,446.268,9882.51,-1.92908e-07,505.135,12400.3,-2.20392e-07,571.766,15546.9,1.51705e-07,647.184,19472.2,5.74996e-07,732.547,24357.4,5.39112e-07,829.167,30420,5.07815e-09,938.526,37916.3,-4.11492e-07,1062.3,47143.9,-3.9561e-07,1202.4,58439.2,3.86185e-08,1360.96,72169.3,5.94093e-07,1540.42,88715.8,7.47693e-07,1743.53,108445,1.78537e-07,1973.41,131665,-4.12549e-07,2233.57,158557,-5.37164e-07,2528,189103,-1.17615e-07,2861.2,222986,5.66769e-07,3238.27,259510,9.45053e-07,3664.97,297540,4.25093e-07,4147.81,335497,-3.58506e-07,4694.17,371444,-6.7724e-07,5312.37,403256,1.67192e-07,1.61744,3.89446,9.84394,3.28846,7.5504,12.774,5.07607,11.7187,13.6844,7.03202,16.8147,13.9681,9.20215,23.1769,14.0566,11.6301,31.1672,14.0841,14.3598,41.2186,14.0927,17.4376,53.8688,14.0954,20.9137,69.7915,14.0962,24.8432,89.8341,14.0965,29.2879,115.063,14.0966,34.3168,146.819,14.0966,40.0078,186.792,14.0966,46.4487,237.107,14.0966,53.7388,300.44,14.0966,61.9903,380.158,14.0966,71.3301,480.499,14.0966,81.902,606.796,14.0966,93.8685,765.761,14.0966,107.414,965.837,14.0966,122.746,1217.65,14.0966,140.101,1534.57,14.0966,159.745,1933.41,14.0966,181.981,2435.3,14.0966,207.15,3066.85,14.0966,235.64,3861.46,14.0966,267.889,4861.11,14.0966,304.391,6118.54,14.0966,345.709,7699.91,14.0966,392.478,9688.22,14.0966,445.417,12187.5,14.0966,505.339,15327.7,14.0966,573.165,19271.6,14.0966,649.938,24222,14.0966,736.839,30430.9,14.0966,835.202,38211.5,14.0966,946.539,47950.3,14.0966,1072.56,60122.8,14.0966,1215.21,75309.9,14.0966,1376.66,94216.2,14.0966,1559.41,117688,14.0966,1766.26,146729,14.0966,2000.39,182510,14.0966,2265.39,226372,14.0966,2565.33,279806,14.0966,2904.81,344416,14.0966,3289.05,421845,14.0966,3723.93,513667,14.0966,4216.13,621231,14.0966,4773.18,745478,14.0966,5403.64,886744,14.0966,6117.15,1.04457e+06,14.0966,6924.63,1.2176e+06,14.0966,11.7194,11.96,12.6541,13.9321,16.1295,13.6434,16.6097,21.9702,13.9553,19.7532,29.5285,14.0526,23.3844,39.1143,14.0829,27.5423,51.2054,14.0923,32.2796,66.434,14.0953,37.662,85.6061,14.0962,43.7675,109.74,14.0965,50.687,140.119,14.0966,58.5249,178.359,14.0966,67.4005,226.493,14.0966,77.4493,287.08,14.0966,88.8254,363.343,14.0966,101.703,459.336,14.0966,116.281,580.161,14.0966,132.782,732.241,14.0966,151.46,923.655,14.0966,172.603,1164.57,14.0966,196.535,1467.79,14.0966,223.625,1849.39,14.0966,254.288,2329.62,14.0966,288.997,2933.93,14.0966,328.285,3694.33,14.0966,372.755,4651.04,14.0966,423.092,5854.57,14.0966,480.07,7368.38,14.0966,544.564,9272.08,14.0966,617.566,11665.5,14.0966,700.197,14673.6,14.0966,793.729,18452.9,14.0966,899.599,23198.6,14.0966,1019.43,29154.1,14.0966,1155.07,36622.3,14.0966,1308.6,45977.9,14.0966,1482.39,57683.7,14.0966,1679.09,72307.8,14.0966,1901.73,90542.8,14.0966,2153.73,113226,14.0966,2438.97,141360,14.0966,2761.81,176127,14.0966,3127.22,218898,14.0966,3540.81,271226,14.0966,4008.92,334817,14.0966,4538.74,411470,14.0966,5138.38,502973,14.0966,5817.04,610948,14.0966,6585.12,736653,14.0966,7454.39,880741,14.0966,8438.15,1.04302e+06,14.0966,9551.45,1.22224e+06,14.0966,10811.3,1.41602e+06,14.0966,12237,1.62086e+06,14.0966,11.7194,11.96,12.6541,2.21263,4.16949,0.989383,2.67766,5.84076,0.311842,3.14343,7.55825,0.0972771,3.63127,9.58578,0.0303237,4.15787,12.0912,0.00945211,4.73731,15.2286,0.00294633,5.38238,19.1721,0.000918508,6.10553,24.134,0.000286163,6.91951,30.3791,8.92692e-05,7.83792,38.2397,2.78121e-05,8.87555,48.1338,8.65134e-06,10.0489,60.5876,2.7882e-06,11.3761,76.2629,8.29036e-07,12.8779,95.9927,2.4373e-07,14.5775,120.825,4.33068e-09,16.5012,152.08,1.75749e-07,18.6784,191.415,-1.86328e-07,21.1428,240.917,1.91829e-07,23.9322,303.213,-1.81475e-07,27.0895,381.602,7.0186e-08,30.6634,480.231,-2.86769e-08,34.7087,604.316,2.40784e-07,39.2876,760.401,9.87368e-08,44.4705,956.705,1.22263e-07,50.3371,1203.54,-4.31966e-07,56.9776,1513.81,-1.9705e-07,64.494,1903.69,-2.763e-08,73.0018,2393.4,3.9185e-07,82.6317,3008.13,1.35379e-07,93.5318,3779.25,-4.16351e-08,105.869,4745.7,2.06965e-08,119.834,5955.6,-3.18887e-07,135.641,7468.12,-1.48271e-08,153.531,9355.62,2.00739e-07,173.781,11705.8,2.28358e-07,196.701,14624.1,-1.93587e-08,222.642,18235,-2.88101e-07,252.003,22683.4,-2.24732e-07,285.234,28134,8.56806e-09,322.845,34767,2.34258e-07,365.413,42770.9,2.99668e-07,413.588,52327.9,8.28644e-08,468.111,63591.2,-3.07049e-07,529.814,76653.2,-3.1888e-07,599.642,91502.5,-6.72276e-08,678.662,107975,2.26339e-07,768.083,125705,3.69212e-07,869.267,144088,2.04077e-07,983.76,162277,-2.80509e-07,1113.3,179223,-4.22737e-07,1259.87,193777,-1.71951e-07,1425.68,204839,4.55555e-07,11.7194,11.96,12.6541,2.21263,4.16949,0.989383,2.67766,5.84076,0.311842,3.14343,7.55825,0.0972771,3.63127,9.58578,0.0303237,4.15787,12.0912,0.00945211,4.73731,15.2286,0.00294633,5.38238,19.1721,0.000918508,6.10553,24.134,0.000286163,6.91951,30.3791,8.92692e-05,7.83792,38.2397,2.78121e-05,8.87555,48.1338,8.65134e-06,10.0489,60.5876,2.7882e-06,11.3761,76.2629,8.29036e-07,12.8779,95.9927,2.4373e-07,14.5775,120.825,1e-08,16.5012,152.08,1.75749e-07,18.6784,191.415,1e-08,21.1428,240.917,1.91829e-07,23.9322,303.213,1e-08,27.0895,381.602,7.0186e-08,30.6634,480.231,1e-08,34.7087,604.316,2.40784e-07,39.2876,760.401,9.87368e-08,44.4705,956.705,1.22263e-07,50.3371,1203.54,1e-08,56.9776,1513.81,1e-08,64.494,1903.69,1e-08,73.0018,2393.4,3.9185e-07,82.6317,3008.13,1.35379e-07,93.5318,3779.25,1e-08,105.869,4745.7,2.06965e-08,119.834,5955.6,1e-08,135.641,7468.12,1e-08,153.531,9355.62,2.00739e-07,173.781,11705.8,2.28358e-07,196.701,14624.1,1e-08,222.642,18235,1e-08,252.003,22683.4,1e-08,285.234,28134,1e-08,322.845,34767,2.34258e-07,365.413,42770.9,2.99668e-07,413.588,52327.9,8.28644e-08,468.111,63591.2,1e-08,529.814,76653.2,1e-08,599.642,91502.5,1e-08,678.662,107975,2.26339e-07,768.083,125705,3.69212e-07,869.267,144088,2.04077e-07,983.76,162277,1e-08,1113.3,179223,1e-08,1259.87,193777,1e-08,1425.68,204839,4.55555e-07,6.2823,3.27286,2.43537,0.219672,6.18826,2.24117,0.56371,6.87772,2.63624,0.308279,7,15,7,2,3,3,1,12,0,5,11,0,3,11,0,5,1,0,4,19,0,11,34,0,4,20,0,1,23,0,9,29,0,9,39,0,18,57,0,12,73,0,5,138,0,28,81,0,11,196,0,14,160,0,30,258,0,34,206,0,12,631,0,20,963,0,52,881,0,38,549,0,81,1294,0,54,704,0,67,1212,0,47,2254,0,77,1740,0,127,3838,0,148,3280,0,130,7194,0,74,4458,0,115,2774,0,325,7906,0,184,7347,0,168,11087,0,117,14719,0,214,16756,0,501,27975,0,548,28553,0,466,60889,0,733,72116,0,552,35606,0,735,96967,0,419,90050,0,559,145027,0,667,280193,0,606,101311,0,1396,82025,0,1615,344476,0,2818,116163,0,654,80175,0
-1.05176e+08,1,8.88811e-15,10,1023,0,1.05176e+08,0.528882,1.08665,0.389689,0.145397,0.379329,3.24381,0.161596,0.446195,1.77396,0.159177,1.15e+07,4.49998e+06,6.79999e+06,1.15e+07,4.49997e+06,6.79999e+06,1.15e+07,4.49996e+06,6.79999e+06,1.15e+07,4.49995e+06,6.79999e+06,1.14999e+07,4.49993e+06,6.79999e+06,1.14999e+07,4.49991e+06,6.79999e+06,1.14999e+07,4.49989e+06,6.79999e+06,1.14999e+07,4.49986e+06,6.79999e+06,1.14999e+07,4.49982e+06,6.79999e+06,1.14999e+07,4.49977e+06,6.79999e+06,1.14999e+07,4.49971e+06,6.79999e+06,1.14999e+07,4.49963e+06,6.79999e+06,1.14998e+07,4.49953e+06,6.79999e+06,1.14998e+07,4.49941e+06,6.79999e+06,1.14998e+07,4.49926e+06,6.79999e+06,1.14998e+07,4.49906e+06,6.79999e+06,1.14997e+07,4.49882e+06,6.79999e+06,1.14997e+07,4.49851e+06,6.79999e+06,1.14997e+07,4.49812e+06,6.79999e+06,1.14996e+07,4.49764e+06,6.79999e+06,1.14996e+07,4.49702e+06,6.79999e+06,1.14995e+07,4.49625e+06,6.79999e+06,1.14995e+07,4.49528e+06,6.79999e+06,1.14994e+07,4.49406e+06,6.79999e+06,1.14993e+07,4.49253e+06,6.79999e+06,1.14992e+07,4.49059e+06,6.79999e+06,1.14991e+07,4.48817e+06,6.79999e+06,1.1499e+07,4.48511e+06,6.79999e+06,1.14988e+07,4.48128e+06,6.79999e+06,1.14987e+07,4.47646e+06,6.79999e+06,1.14985e+07,4.47041e+06,6.79999e+06,1.14983e+07,4.46281e+06,6.79999e+06,1.14981e+07,4.4533e+06,6.79999e+06,1.14979e+07,4.44138e+06,6.79999e+06,1.14976e+07,4.42649e+06,6.79999e+06,1.14972e+07,4.40789e+06,6.79999e+06,1.14969e+07,4.38471e+06,6.79999e+06,1.14965e+07,4.35592e+06,6.79999e+06,1.1496e+07,4.32027e+06,6.79999e+06,1.14955e+07,4.27629e+06,6.79999e+06,1.14949e+07,4.22231e+06,6.79999e+06,1.14942e+07,4.15647e+06,6.79999e+06,1.14934e+07,4.07676e+06,6.79999e+06,1.14926e+07,3.98112e+06,6.79999e+06,1.14916e+07,3.86765e+06,6.79999e+06,1.14905e+07,3.73474e+06,6.79999e+06,1.14892e+07,3.58148e+06,6.79999e+06,1.14878e+07,3.40785e+06,6.79999e+06,1.14862e+07,3.21513e+06,6.79999e+06,1.14844e+07,3.00605e+06,6.79999e+06,1.14823e+07,2.7848e+06,6.79999e+06,1.148e+07,2.5568e+06,6.79999e+06,1.14773e+07,2.32825e+06,6.79999e+06,13.5742,8.52444,0.508366,16.8306,13.2585,0.162638,20.0035,17.569,0.0507846,23.2616,22.4214,0.0158319,26.7328,28.3297,0.00493498,30.5212,35.6974,0.00153831,34.7178,44.9473,0.000479527,39.4086,56.5822,0.000149456,44.6796,71.2245,4.66214e-05,50.6209,89.6543,1.45419e-05,57.3297,112.852,4.54748e-06,64.9129,142.051,1.43857e-06,73.4897,178.803,4.36618e-07,83.1934,225.062,1.40153e-07,94.1745,283.286,4.96378e-08,106.602,356.568,1.05434e-07,120.669,448.799,-6.49244e-08,136.59,564.873,1.70148e-07,154.611,710.948,-5.34594e-08,175.008,894.767,1.63407e-07,198.097,1126.06,8.04804e-08,224.231,1417.07,1.14667e-07,253.813,1783.15,-1.71227e-07,287.297,2243.62,-2.88466e-07,325.198,2822.67,-4.33651e-07,368.098,3550.67,7.9318e-08,416.657,4465.65,3.13319e-07,471.621,5615.16,3.4613e-07,533.835,7058.61,-1.19199e-07,604.255,8870.02,-2.79964e-07,683.962,11141.4,-2.30521e-07,774.182,13986.7,-2.55099e-07,876.299,17546.4,1.23585e-07,991.883,21993.1,1.41192e-07,1122.71,27536.7,-9.71886e-08,1270.78,34430.7,-3.68368e-07,1438.38,42977.7,-3.45379e-07,1628.07,53532.7,-3.25328e-09,1842.77,66504.6,2.6362e-07,2085.77,82350.2,2.53445e-07,2360.79,101560,-2.47407e-08,2672.05,124632,-3.80602e-07,3024.31,152018,-4.79005e-07,3422.98,184060,-1.14379e-07,3874.15,220884,2.64297e-07,4384.72,262283,3.44131e-07,4962.49,307576,7.5349e-08,5616.29,355497,-3.63097e-07,6356.1,404126,-6.05442e-07,7193.18,450932,-2.72333e-07,8140.28,492963,2.29675e-07,9211.79,527178,4.3387e-07,10424,550893,-1.0711e-07,10.102,8.06553,2.81012,10.6436,8.57909,0.869423,11.5336,10.2515,0.270869,12.7211,12.7138,0.0844293,14.1823,15.9373,0.0263173,15.9122,20.0383,0.0082035,17.9198,25.2154,0.00255722,20.2244,31.7373,0.000797017,22.8539,39.9486,0.000248622,25.8438,50.2851,7.75492e-05,29.237,63.2963,2.42508e-05,33.0837,79.6738,7.67162e-06,37.4415,100.288,2.32837e-06,42.3767,126.236,7.33e-07,47.9646,158.896,2.79256e-07,54.2906,200.003,9.87351e-09,61.452,251.741,1.61085e-07,69.5585,316.859,-2.47141e-07,78.7347,398.812,8.93552e-08,89.1218,501.948,-2.53231e-07,100.879,631.736,-1.25047e-07,114.188,795.049,-1.78808e-07,129.252,1000.53,2.6733e-07,146.304,1259.03,4.50292e-07,165.605,1584.19,6.76904e-07,187.452,1993.12,-1.23808e-07,212.181,2507.27,-4.89068e-07,240.173,3153.54,-5.40284e-07,271.856,3965.56,1.86061e-07,307.719,4985.38,4.37004e-07,348.313,6265.4,3.59828e-07,394.26,7870.83,3.98192e-07,446.268,9882.51,-1.92908e-07,505.135,12400.3,-2.20392e-07,571.766,15546.9,1.51705e-07,647.184,19472.2,5.74996e-07,732.547,24357.4,5.39112e-07,829.167,30420,5.07815e-09,938.526,37916.3,-4.11492e-07,1062.3,47143.9,-3.9561e-07,1202.4,58439.2,3.86185e-08,1360.96,72169.3,5.94093e-07,1540.42,88715.8,7.47693e-07,1743.53,108445,1.78537e-07,1973.41,131665,-4.12549e-07,2233.57,158557,-5.37164e-07,2528,189103,-1.17615e-07,2861.2,222986,5.66769e-07,3238.27,259510,9.45053e-07,3664.97,297540,4.25093e-07,4147.81,335497,-3.58506e-07,4694.17,371444,-6.7724e-07,5312.37,403256,1.67192e-07,1.61744,3.89446,9.84394,3.28846,7.5504,12.774,5.07607,11.7187,13.6844,7.03202,16.8147,13.9681,9.20215,23.1769,14.0566,11.6301,31.1672,14.0841,14.3598,41.2186,14.0927,17.4376,53.8688,14.0954,20.9137,69.7915,14.0962,24.8432,89.8341,14.0965,29.2879,115.063,14.0966,34.3168,146.819,14.0966,40.0078,186.792,14.0966,46.4487,237.107,14.0966,53.7388,300.44,14.0966,61.9903,380.158,14.0966,71.3301,480.499,14.0966,81.902,606.796,14.0966,93.8685,765.761,14.0966,107.414,965.837,14.0966,122.746,1217.65,14.0966,140.101,1534.57,14.0966,159.745,1933.41,14.0966,181.981,2435.3,14.0966,207.15,3066.85,14.0966,235.64,3861.46,14.0966,267.889,4861.11,14.0966,304.391,6118.54,14.0966,345.709,7699.91,14.0966,392.478,9688.22,14.0966,445.417,12187.5,14.0966,505.339,15327.7,14.0966,573.165,19271.6,14.0966,649.938,24222,14.0966,736.839,30430.9,14.0966,835.202,38211.5,14.0966,946.539,47950.3,14.0966,1072.56,60122.8,14.0966,1215.21,75309.9,14.0966,1376.66,94216.2,14.0966,1559.41,117688,14.0966,1766.26,146729,14.0966,2000.39,182510,14.0966,2265.39,226372,14.0966,2565.33,279806,14.0966,2904.81,344416,14.0966,3289.05,421845,14.0966,3723.93,513667,14.0966,4216.13,621231,14.0966,4773.18,745478,14.0966,5403.64,886744,14.0966,6117.15,1.04457e+06,14.0966,6924.63,1.2176e+06,14.0966,11.7194,11.96,12.6541,13.9321,16.1295,13.6434,16.6097,21.9702,13.9553,19.7532,29.5285,14.0526,23.3844,39.1143,14.0829,27.5423,51.2054,14.0923,32.2796,66.434,14.0953,37.662,85.6061,14.0962,43.7675,109.74,14.0965,50.687,140.119,14.0966,58.5249,178.359,14.0966,67.4005,226.493,14.0966,77.4493,287.08,14.0966,88.8254,363.343,14.0966,101.703,459.336,14.0966,116.281,580.161,14.0966,132.782,732.241,14.0966,151.46,923.655,14.0966,172.603,1164.57,14.0966,196.535,1467.79,14.0966,223.625,1849.39,14.0966,254.288,2329.62,14.0966,288.997,2933.93,14.0966,328.285,3694.33,14.0966,372.755,4651.04,14.0966,423.092,5854.57,14.0966,480.07,7368.38,14.0966,544.564,9272.08,14.0966,617.566,11665.5,14.0966,700.197,14673.6,14.0966,793.729,18452.9,14.0966,899.599,23198.6,14.0966,1019.43,29154.1,14.0966,1155.07,36622.3,14.0966,1308.6,45977.9,14.0966,1482.39,57683.7,14.0966,1679.09,72307.8,14.0966,1901.73,90542.8,14.0966,2153.73,113226,14.0966,2438.97,141360,14.0966,2761.81,176127,14.0966,3127.22,218898,14.0966,3540.81,271226,14.0966,4008.92,334817,14.0966,4538.74,411470,14.0966,5138.38,502973,14.0966,5817.04,610948,14.0966,6585.12,736653,14.0966,7454.39,880741,14.0966,8438.15,1.04302e+06,14.0966,9551.45,1.22224e+06,14.0966,10811.3,1.41602e+06,14.0966,12237,1.62086e+06,14.0966,11.7194,11.96,12.6541,2.21263,4.16949,0.989383,2.67766,5.84076,0.311842,3.14343,7.55825,0.0972771,3.63127,9.58578,0.0303237,4.15787,12.0912,0.00945211,4.73731,15.2286,0.00294633,5.38238,19.1721,0.000918508,6.10553,24.134,0.000286163,6.91951,30.3791,8.92692e-05,7.83792,38.2397,2.78121e-05,8.87555,48.1338,8.65134e-06,10.0489,60.5876,2.7882e-06,11.3761,76.2629,8.29036e-07,12.8779,95.9927,2.4373e-07,14.5775,120.825,4.33068e-09,16.5012,152.08,1.75749e-07,18.6784,191.415,-1.86328e-07,21.1428,240.917,1.91829e-07,23.9322,303.213,-1.81475e-07,27.0895,381.602,7.0186e-08,30.6634,480.231,-2.86769e-08,34.7087,604.316,2.40784e-07,39.2876,760.401,9.87368e-08,44.4705,956.705,1.22263e-07,50.3371,1203.54,-4.31966e-07,56.9776,1513.81,-1.9705e-07,64.494,1903.69,-2.763e-08,73.0018,2393.4,3.9185e-07,82.6317,3008.13,1.35379e-07,93.5318,3779.25,-4.16351e-08,105.869,4745.7,2.06965e-08,119.834,5955.6,-3.18887e-07,135.641,7468.12,-1.48271e-08,153.531,9355.62,2.00739e-07,173.781,11705.8,2.28358e-07,196.701,14624.1,-1.93587e-08,222.642,18235,-2.88101e-07,252.003,22683.4,-2.24732e-07,285.234,28134,8.56806e-09,322.845,34767,2.34258e-07,365.413,42770.9,2.99668e-07,413.588,52327.9,8.28644e-08,468.111,63591.2,-3.07049e-07,529.814,76653.2,-3.1888e-07,599.642,91502.5,-6.72276e-08,678.662,107975,2.26339e-07,768.083,125705,3.69212e-07,869.267,144088,2.04077e-07,983.76,162277,-2.80509e-07,1113.3,179223,-4.22737e-07,1259.87,193777,-1.71951e-07,1425.68,204839,4.55555e-07,11.7194,11.96,12.6541,2.21263,4.16949,0.989383,2.67766,5.84076,0.311842,3.14343,7.55825,0.0972771,3.63127,9.58578,0.0303237,4.15787,12.0912,0.00945211,4.73731,15.2286,0.00294633,5.38238,19.1721,0.000918508,6.10553,24.134,0.000286163,6.91951,30.3791,8.92692e-05,7.83792,38.2397,2.78121e-05,8.87555,48.1338,8.65134e-06,10.0489,60.5876,2.7882e-06,11.3761,76.2629,8.29036e-07,12.8779,95.9927,2.4373e-07,14.5775,120.825,1e-08,16.5012,152.08,1.75749e-07,18.6784,191.415,1e-08,21.1428,240.917,1.91829e-07,23.9322,303.213,1e-08,27.0895,381.602,7.0186e-08,30.6634,480.231,1e-08,34.7087,604.316,2.40784e-07,39.2876,760.401,9.87368e-08,44.4705,956.705,1.22263e-07,50.3371,1203.54,1e-08,56.9776,1513.81,1e-08,64.494,1903.69,1e-08,73.0018,2393.4,3.9185e-07,82.6317,3008.13,1.35379e-07,93.5318,3779.25,1e-08,105.869,4745.7,2.06965e-08,119.834,5955.6,1e-08,135.641,7468.12,1e-08,153.531,9355.62,2.00739e-07,173.781,11705.8,2.28358e-07,196.701,14624.1,1e-08,222.642,18235,1e-08,252.003,22683.4,1e-08,285.234,28134,1e-08,322.845,34767,2.34258e-07,365.413,42770.9,2.99668e-07,413.588,52327.9,8.28644e-08,468.111,63591.2,1e-08,529.814,76653.2,1e-08,599.642,91502.5,1e-08,678.662,107975,2.26339e-07,768.083,125705,3.69212e-07,869.267,144088,2.04077e-07,983.76,162277,1e-08,1113.3,179223,1e-08,1259.87,193777,1e-08,1425.68,204839,4.55555e-07,6.2823,3.27286,2.43537,0.219672,6.18826,2.24117,0.56371,6.87772,2.63624,0.308279,16,13,4,2,2,3,4,5,0,3,8,0,3,4,0,7,1,0,7,19,0,6,18,0,9,21,0,3,13,0,20,45,0,10,43,0,7,70,0,11,105,0,30,64,0,21,137,0,8,179,0,23,246,0,24,220,0,12,148,0,15,533,0,15,576,0,38,650,0,36,1057,0,49,688,0,23,991,0,38,890,0,20,1285,0,109,2925,0,112,3503,0,62,4785,0,83,5056,0,104,4283,0,64,8219,0,168,6624,0,88,18330,0,75,18577,0,74,26430,0,255,26174,0,215,17954,0,537,23977,0,459,63119,0,147,96258,0,368,22597,0,413,27240,0,754,105317,0,745,81214,0,505,84850,0,436,163860,0,435,121703,0,2119,191326,0,1667,106053,0,1693,250422,0
-1.05176e+08,1,8.88811e-15,10,1023,0,1.05176e+08,0.528882,1.08665,0.389689,0.145397,0.379329,3.24381,0.161596,0.446195,1.77396,0.159177,1.15e+07,4.49998e+06,6.79999e+06,1.15e+07,4.49997e+06,6.79999e+06,1.15e+07,4.49996e+06,6.79999e+06,1.15e+07,4.49995e+06,6.79999e+06,1.14999e+07,4.49993e+06,6.79999e+06,1.14999e+07,4.49991e+06,6.79999e+06,1.14999e+07,4.49989e+06,6.79999e+06,1.14999e+07,4.49986e+06,6.79999e+06,1.14999e+07,4.49982e+06,6.79999e+06,1.14999e+07,4.49977e+06,6.79999e+06,1.14999e+07,4.49971e+06,6.79999e+06,1.14999e+07,4.49963e+06,6.79999e+06,1.14998e+07,4.49953e+06,6.79999e+06,1.14998e+07,4.49941e+06,6.79999e+06,1.14998e+07,4.49926e+06,6.79999e+06,1.14998e+07,4.49906e+06,6.79999e+06,1.14997e+07,4.49882e+06,6.79999e+06,1.14997e+07,4.49851e+06,6.79999e+06,1.14997e+07,4.49812e+06,6.79999e+06,1.14996e+07,4.49764e+06,6.79999e+06,1.14996e+07,4.49702e+06,6.79999e+06,1.14995e+07,4.49625e+06,6.79999e+06,1.14995e+07,4.49528e+06,6.79999e+06,1.14994e+07,4.49406e+06,6.79999e+06,1.14993e+07,4.49253e+06,6.79999e+06,1.14992e+07,4.49059e+06,6.79999e+06,1.14991e+07,4.48817e+06,6.79999e+06,1.1499e+07,4.48511e+06,6.79999e+06,1.14988e+07,4.48128e+06,6.79999e+06,1.14987e+07,4.47646e+06,6.79999e+06,1.14985e+07,4.47041e+06,6.79999e+06,1.14983e+07,4.46281e+06,6.79999e+06,1.14981e+07,4.4533e+06,6.79999e+06,1.14979e+07,4.44138e+06,6.79999e+06,1.14976e+07,4.42649e+06,6.79999e+06,1.14972e+07,4.40789e+06,6.79999e+06,1.14969e+07,4.38471e+06,6.79999e+06,1.14965e+07,4.35592e+06,6.79999e+06,1.1496e+07,4.32027e+06,6.79999e+06,1.14955e+07,4.27629e+06,6.79999e+06,1.14949e+07,4.22231e+06,6.79999e+06,1.14942e+07,4.15647e+06,6.79999e+06,1.14934e+07,4.07676e+06,6.79999e+06,1.14926e+07,3.98112e+06,6.79999e+06,1.14916e+07,3.86765e+06,6.79999e+06,1.14905e+07,3.73474e+06,6.79999e+06,1.14892e+07,3.58148e+06,6.79999e+06,1.14878e+07,3.40785e+06,6.79999e+06,1.14862e+07,3.21513e+06,6.79999e+06,1.14844e+07,3.00605e+06,6.79999e+06,1.14823e+07,2.7848e+06,6.79999e+06,1.148e+07,2.5568e+06,6.79999e+06,1.14773e+07,2.32825e+06,6.79999e+06,13.5742,8.52444,0.508366,16.8306,13.2585,0.162638,20.0035,17.569,0.0507846,23.2616,22.4214,0.0158319,26.7328,28.3297,0.00493498,30.5212,35.6974,0.00153831,34.7178,44.9473,0.000479527,39.4086,56.5822,0.000149456,44.6796,71.2245,4.66214e-05,50.6209,89.6543,1.45419e-05,57.3297,112.852,4.54748e-06,64.9129,142.051,1.43857e-06,73.4897,178.803,4.36618e-07,83.1934,225.062,1.40153e-07,94.1745,283.286,4.96378e-08,106.602,356.568,1.05434e-07,120.669,448.799,-6.49244e-08,136.59,564.873,1.70148e-07,154.611,710.948,-5.34594e-08,175.008,894.767,1.63407e-07,198.097,1126.06,8.04804e-08,224.231,1417.07,1.14667e-07,253.813,1783.15,-1.71227e-07,287.297,2243.62,-2.88466e-07,325.198,2822.67,-4.33651e-07,368.098,3550.67,7.9318e-08,416.657,4465.65,3.13319e-07,471.621,5615.16,3.4613e-07,533.835,7058.61,-1.19199e-07,604.255,8870.02,-2.79964e-07,683.962,11141.4,-2.30521e-07,774.182,13986.7,-2.55099e-07,876.299,17546.4,1.23585e-07,991.883,21993.1,1.41192e-07,1122.71,27536.7,-9.71886e-08,1270.78,34430.7,-3.68368e-07,1438.38,42977.7,-3.45379e-07,1628.07,53532.7,-3.25328e-09,1842.77,66504.6,2.6362e-07,2085.77,82350.2,2.53445e-07,2360.79,101560,-2.47407e-08,2672.05,124632,-3.80602e-07,3024.31,152018,-4.79005e-07,3422.98,184060,-1.14379e-07,3874.15,220884,2.64297e-07,4384.72,262283,3.44131e-07,4962.49,307576,7.5349e-08,5616.29,355497,-3.63097e-07,6356.1,404126,-6.05442e-07,7193.18,450932,-2.72333e-07,8140.28,492963,2.29675e-07,9211.79,527178,4.3387e-07,10424,550893,-1.0711e-07,10.102,8.06553,2.81012,10.6436,8.57909,0.869423,11.5336,10.2515,0.270869,12.7211,12.7138,0.0844293,14.1823,15.9373,0.0263173,15.9122,20.0383,0.0082035,17.9198,25.2154,0.00255722,20.2244,31.7373,0.000797017,22.8539,39.9486,0.000248622,25.8438,50.2851,7.75492e-05,29.237,63.2963,2.42508e-05,33.0837,79.6738,7.67162e-06,37.4415,100.288,2.32837e-06,42.3767,126.236,7.33e-07,47.9646,158.896,2.79256e-07,54.2906,200.003,9.87351e-09,61.452,251.741,1.61085e-07,69.5585,316.859,-2.47141e-07,78.7347,398.812,8.93552e-08,89.1218,501.948,-2.53231e-07,100.879,631.736,-1.25047e-07,114.188,795.049,-1.78808e-07,129.252,1000.53,2.6733e-07,146.304,1259.03,4.50292e-07,165.605,1584.19,6.76904e-07,187.452,1993.12,-1.23808e-07,212.181,2507.27,-4.89068e-07,240.173,3153.54,-5.40284e-07,271.856,3965.56,1.86061e-07,307.719,4985.38,4.37004e-07,348.313,6265.4,3.59828e-07,394.26,7870.83,3.98192e-07,446.268,9882.51,-1.92908e-07,505.135,12400.3,-2.20392e-07,571.766,15546.9,1.51705e-07,647.184,19472.2,5.74996e-07,732.547,24357.4,5.39112e-07,829.167,30420,5.07815e-09,938.526,37916.3,-4.11492e-07,1062.3,47143.9,-3.9561e-07,1202.4,58439.2,3.86185e-08,1360.96,72169.3,5.94093e-07,1540.42,88715.8,7.47693e-07,1743.53,108445,1.78537e-07,1973.41,131665,-4.12549e-07,2233.57,158557,-5.37164e-07,2528,189103,-1.17615e-07,2861.2,222986,5.66769e-07,3238.27,259510,9.45053e-07,3664.97,297540,4.25093e-07,4147.81,335497,-3.58506e-07,4694.17,371444,-6.7724e-07,5312.37,403256,1.67192e-07,1.61744,3.89446,9.84394,3.28846,7.5504,12.774,5.07607,11.7187,13.6844,7.03202,16.8147,13.9681,9.20215,23.1769,14.0566,11.6301,31.1672,14.0841,14.3598,41.2186,14.0927,17.4376,53.8688,14.0954,20.9137,69.7915,14.0962,24.8432,89.8341,14.0965,29.2879,115.063,14.0966,34.3168,146.819,14.0966,40.0078,186.792,14.0966,46.4487,237.107,14.0966,53.7388,300.44,14.0966,61.9903,380.158,14.0966,71.3301,480.499,14.0966,81.902,606.796,14.0966,93.8685,765.761,14.0966,107.414,965.837,14.0966,122.746,1217.65,14.0966,140.101,1534.57,14.0966,159.745,1933.41,14.0966,181.981,2435.3,14.0966,207.15,3066.85,14.0966,235.64,3861.46,14.0966,267.889,4861.11,14.0966,304.391,6118.54,14.0966,345.709,7699.91,14.0966,392.478,9688.22,14.0966,445.417,12187.5,14.0966,505.339,15327.7,14.0966,573.165,19271.6,14.0966,649.938,24222,14.0966,736.839,30430.9,14.0966,835.202,38211.5,14.0966,946.539,47950.3,14.0966,1072.56,60122.8,14.0966,1215.21,75309.9,14.0966,1376.66,94216.2,14.0966,1559.41,117688,14.0966,1766.26,146729,14.0966,2000.39,182510,14.0966,2265.39,226372,14.0966,2565.33,279806,14.0966,2904.81,344416,14.0966,3289.05,421845,14.0966,3723.93,513667,14.0966,4216.13,621231,14.0966,4773.18,745478,14.0966,5403.64,886744,14.0966,6117.15,1.04457e+06,14.0966,6924.63,1.2176e+06,14.0966,11.7194,11.96,12.6541,13.9321,16.1295,13.6434,16.6097,21.9702,13.9553,19.7532,29.5285,14.0526,23.3844,39.1143,14.0829,27.5423,51.2054,14.0923,32.2796,66.434,14.0953,37.662,85.6061,14.0962,43.7675,109.74,14.0965,50.687,140.119,14.0966,58.5249,178.359,14.0966,67.4005,226.493,14.0966,77.4493,287.08,14.0966,88.8254,363.343,14.0966,101.703,459.336,14.0966,116.281,580.161,14.0966,132.782,732.241,14.0966,151.46,923.655,14.0966,172.603,1164.57,14.0966,196.535,1467.79,14.0966,223.625,1849.39,14.0966,254.288,2329.62,14.0966,288.997,2933.93,14.0966,328.285,3694.33,14.0966,372.755,4651.04,14.0966,423.092,5854.57,14.0966,480.07,7368.38,14.0966,544.564,9272.08,14.0966,617.566,11665.5,14.0966,700.197,14673.6,14.0966,793.729,18452.9,14.0966,899.599,23198.6,14.0966,1019.43,29154.1,14.0966,1155.07,36622.3,14.0966,1308.6,45977.9,14.0966,1482.39,57683.7,14.0966,1679.09,72307.8,14.0966,1901.73,90542.8,14.0966,2153.73,113226,14.0966,2438.97,141360,14.0966,2761.81,176127,14.0966,3127.22,218898,14.0966,3540.81,271226,14.0966,4008.92,334817,14.0966,4538.74,411470,14.0966,5138.38,502973,14.0966,5817.04,610948,14.0966,6585.12,736653,14.0966,7454.39,880741,14.0966,8438.15,1.04302e+06,14.0966,9551.45,1.22224e+06,14.0966,10811.3,1.41602e+06,14.0966,12237,1.62086e+06,14.0966,11.7194,11.96,12.6541,2.21263,4.16949,0.989383,2.67766,5.84076,0.311842,3.14343,7.55825,0.0972771,3.63127,9.58578,0.0303237,4.15787,12.0912,0.00945211,4.73731,15.2286,0.00294633,5.38238,19.1721,0.000918508,6.10553,24.134,0.000286163,6.91951,30.3791,8.92692e-05,7.83792,38.2397,2.78121e-05,8.87555,48.1338,8.65134e-06,10.0489,60.5876,2.7882e-06,11.3761,76.2629,8.29036e-07,12.8779,95.9927,2.4373e-07,14.5775,120.825,4.33068e-09,16.5012,152.08,1.75749e-07,18.6784,191.415,-1.86328e-07,21.1428,240.917,1.91829e-07,23.9322,303.213,-1.81475e-07,27.0895,381.602,7.0186e-08,30.6634,480.231,-2.86769e-08,34.7087,604.316,2.40784e-07,39.2876,760.401,9.87368e-08,44.4705,956.705,1.22263e-07,50.3371,1203.54,-4.31966e-07,56.9776,1513.81,-1.9705e-07,64.494,1903.69,-2.763e-08,73.0018,2393.4,3.9185e-07,82.6317,3008.13,1.35379e-07,93.5318,3779.25,-4.16351e-08,105.869,4745.7,2.06965e-08,119.834,5955.6,-3.18887e-07,135.641,7468.12,-1.48271e-08,153.531,9355.62,2.00739e-07,173.781,11705.8,2.28358e-07,196.701,14624.1,-1.93587e-08,222.642,18235,-2.88101e-07,252.003,22683.4,-2.24732e-07,285.234,28134,8.56806e-09,322.845,34767,2.34258e-07,365.413,42770.9,2.99668e-07,413.588,52327.9,8.28644e-08,468.111,63591.2,-3.07049e-07,529.814,76653.2,-3.1888e-07,599.642,91502.5,-6.72276e-08,678.662,107975,2.26339e-07,768.083,125705,3.69212e-07,869.267,144088,2.04077e-07,983.76,162277,-2.80509e-07,1113.3,179223,-4.22737e-07,1259.87,193777,-1.71951e-07,1425.68,204839,4.55555e-07,11.7194,11.96,12.6541,2.21263,4.16949,0.989383,2.67766,5.84076,0.311842,3.14343,7.55825,0.0972771,3.63127,9.58578,0.0303237,4.15787,12.0912,0.00945211,4.73731,15.2286,0.00294633,5.38238,19.1721,0.000918508,6.10553,24.134,0.000286163,6.91951,30.3791,8.92692e-05,7.83792,38.2397,2.78121e-05,8.87555,48.1338,8.65134e-06,10.0489,60.5876,2.7882e-06,11.3761,76.2629,8.29036e-07,12.8779,95.9927,2.4373e-07,14.5775,120.825,1e-08,16.5012,152.08,1.75749e-07,18.6784,191.415,1e-08,21.1428,240.917,1.91829e-07,23.9322,303.213,1e-08,27.0895,381.602,7.0186e-08,30.6634,480.231,1e-08,34.7087,604.316,2.40784e-07,39.2876,760.401,9.87368e-08,44.4705,956.705,1.22263e-07,50.3371,1203.54,1e-08,56.9776,1513.81,1e-08,64.494,1903.69,1e-08,73.0018,2393.4,3.9185e-07,82.6317,3008.13,1.35379e-07,93.5318,3779.25,1e-08,105.869,4745.7,2.06965e-08,119.834,5955.6,1e-08,135.641,7468.12,1e-08,153.531,9355.62,2.00739e-07,173.781,11705.8,2.28358e-07,196.701,14624.1,1e-08,222.642,18235,1e-08,252.003,22683.4,1e-08,285.234,28134,1e-08,322.845,34767,2.34258e-07,365.413,42770.9,2.99668e-07,413.588,52327.9,8.28644e-08,468.111,63591.2,1e-08,529.814,76653.2,1e-08,599.642,91502.5,1e-08,678.662,107975,2.26339e-07,768.083,125705,3.69212e-07,869.267,144088,2.04077e-07,983.76,162277,1e-08,1113.3,179223,1e-08,1259.87,193777,1e-08,1425.68,204839,4.55555e-07,6.2823,3.27286,2.43537,0.219672,6.18826,2.24117,0.56371,6.87772,2.63624,0.308279,13,22,10,3,3,0,5,8,0,7,5,0,4,23,0,4,7,0,7,18,0,2,31,0,2,21,0,12,19,0,8,73,0,6,28,0,7,96,0,12,50,0,9,67,0,16,165,0,12,142,0,16,232,0,16,258,0,33,188,0,19,561,0,24,384,0,32,433,0,23,1533,0,40,1370,0,59,705,0,34,1983,0,52,937,0,71,1512,0,89,2914,0,149,2151,0,90,4212,0,164,4895,0,144,11970,0,190,15411,0,165,9826,0,264,12915,0,277,25628,0,240,12403,0,142,28329,0,459,30378,0,305,63304,0,658,33671,0,803,97047,0,448,50766,0,704,143535,0,435,80392,0,683,94463,0,404,168500,0,1807,39678,0,877,212692,0,1627,171946,0,2629,220951,0
-1.05176e+08,1,8.88811e-15,10,1023,0,1.05176e+08,0.528882,1.08665,0.389689,0.145397,0.379329,3.24381,0.161596,0.446195,1.77396,0.159177,1.15e+07,4.49998e+06,6.79999e+06,1.15e+07,4.49997e+06,6.79999e+06,1.15e+07,4.49996e+06,6.79999e+06,1.15e+07,4.49995e+06,6.79999e+06,1.14999e+07,4.49993e+06,6.79999e+06,1.14999e+07,4.49991e+06,6.79999e+06,1.14999e+07,4.49989e+06,6.79999e+06,1.14999e+07,4.49986e+06,6.79999e+06,1.14999e+07,4.49982e+06,6.79999e+06,1.14999e+07,4.49977e+06,6.79999e+06,1.14999e+07,4.49971e+06,6.79999e+06,1.14999e+07,4.49963e+06,6.79999e+06,1.14998e+07,4.49953e+06,6.79999e+06,1.14998e+07,4.49941e+06,6.79999e+06,1.14998e+07,4.49926e+06,6.79999e+06,1.14998e+07,4.49906e+06,6.79999e+06,1.14997e+07,4.49882e+06,6.79999e+06,1.14997e+07,4.49851e+06,6.79999e+06,1.14997e+07,4.49812e+06,6.79999e+06,1.14996e+07,4.49764e+06,6.79999e+06,1.14996e+07,4.49702e+06,6.79999e+06,1.14995e+07,4.49625e+06,6.79999e+06,1.14995e+07,4.49528e+06,6.79999e+06,1.14994e+07,4.49406e+06,6.79999e+06,1.14993e+07,4.49253e+06,6.79999e+06,1.14992e+07,4.49059e+06,6.79999e+06,1.14991e+07,4.48817e+06,6.79999e+06,1.1499e+07,4.48511e+06,6.79999e+06,1.14988e+07,4.48128e+06,6.79999e+06,1.14987e+07,4.47646e+06,6.79999e+06,1.14985e+07,4.47041e+06,6.79999e+06,1.14983e+07,4.46281e+06,6.79999e+06,1.14981e+07,4.4533e+06,6.79999e+06,1.14979e+07,4.44138e+06,6.79999e+06,1.14976e+07,4.42649e+06,6.79999e+06,1.14972e+07,4.40789e+06,6.79999e+06,1.14969e+07,4.38471e+06,6.79999e+06,1.14965e+07,4.35592e+06,6.79999e+06,1.1496e+07,4.32027e+06,6.79999e+06,1.14955e+07,4.27629e+06,6.79999e+06,1.14949e+07,4.22231e+06,6.79999e+06,1.14942e+07,4.15647e+06,6.79999e+06,1.14934e+07,4.07676e+06,6.79999e+06,1.14926e+07,3.98112e+06,6.79999e+06,1.14916e+07,3.86765e+06,6.79999e+06,1.14905e+07,3.73474e+06,6.79999e+06,1.14892e+07,3.58148e+06,6.79999e+06,1.14878e+07,3.40785e+06,6.79999e+06,1.14862e+07,3.21513e+06,6.79999e+06,1.14844e+07,3.00605e+06,6.79999e+06,1.14823e+07,2.7848e+06,6.79999e+06,1.148e+07,2.5568e+06,6.79999e+06,1.14773e+07,2.32825e+06,6.79999e+06,13.5742,8.52444,0.508366,16.8306,13.2585,0.162638,20.0035,17.569,0.0507846,23.2616,22.4214,0.0158319,26.7328,28.3297,0.00493498,30.5212,35.6974,0.00153831,34.7178,44.9473,0.000479527,39.4086,56.5822,0.000149456,44.6796,71.2245,4.66214e-05,50.6209,89.6543,1.45419e-05,57.3297,112.852,4.54748e-06,64.9129,142.051,1.43857e-06,73.4897,178.803,4.36618e-07,83.1934,225.062,1.40153e-07,94.1745,283.286,4.96378e-08,106.602,356.568,1.05434e-07,120.669,448.799,-6.49244e-08,136.59,564.873,1.70148e-07,154.611,710.948,-5.34594e-08,175.008,894.767,1.63407e-07,198.097,1126.06,8.04804e-08,224.231,1417.07,1.14667e-07,253.813,1783.15,-1.71227e-07,287.297,2243.62,-2.88466e-07,325.198,2822.67,-4.33651e-07,368.098,3550.67,7.9318e-08,416.657,4465.65,3.13319e-07,471.621,5615.16,3.4613e-07,533.835,7058.61,-1.19199e-07,604.255,8870.02,-2.79964e-07,683.962,11141.4,-2.30521e-07,774.182,13986.7,-2.55099e-07,876.299,17546.4,1.23585e-07,991.883,21993.1,1.41192e-07,1122.71,27536.7,-9.71886e-08,1270.78,34430.7,-3.68368e-07,1438.38,42977.7,-3.45379e-07,1628.07,53532.7,-3.25328e-09,1842.77,66504.6,2.6362e-07,2085.77,82350.2,2.53445e-07,2360.79,101560,-2.47407e-08,2672.05,124632,-3.80602e-07,3024.31,152018,-4.79005e-07,3422.98,184060,-1.14379e-07,3874.15,220884,2.64297e-07,4384.72,262283,3.44131e-07,4962.49,307576,7.5349e-08,5616.29,355497,-3.63097e-07,6356.1,404126,-6.05442e-07,7193.18,450932,-2.72333e-07,8140.28,492963,2.29675e-07,9211.79,527178,4.3387e-07,10424,550893,-1.0711e-07,10.102,8.06553,2.81012,10.6436,8.57909,0.869423,11.5336,10.2515,0.270869,12.7211,12.7138,0.0844293,14.1823,15.9373,0.0263173,15.9122,20.0383,0.0082035,17.9198,25.2154,0.00255722,20.2244,31.7373,0.000797017,22.8539,39.9486,0.000248622,25.8438,50.2851,7.75492e-05,29.237,63.2963,2.42508e-05,33.0837,79.6738,7.67162e-06,37.4415,100.288,2.32837e-06,42.3767,126.236,7.33e-07,47.9646,158.896,2.79256e-07,54.2906,200.003,9.87351e-09,61.452,251.741,1.61085e-07,69.5585,316.859,-2.47141e-07,78.7347,398.812,8.93552e-08,89.1218,501.948,-2.53231e-07,100.879,631.736,-1.25047e-07,114.188,795.049,-1.78808e-07,129.252,1000.53,2.6733e-07,146.304,1259.03,4.50292e-07,165.605,1584.19,6.76904e-07,187.452,1993.12,-1.23808e-07,212.181,2507.27,-4.89068e-07,240.173,3153.54,-5.40284e-07,271.856,3965.56,1.86061e-07,307.719,4985.38,4.37004e-07,348.313,6265.4,3.59828e-07,394.26,7870.83,3.98192e-07,446.268,9882.51,-1.92908e-07,505.135,12400.3,-2.20392e-07,571.766,15546.9,1.51705e-07,647.184,19472.2,5.74996e-07,732.547,24357.4,5.39112e-07,829.167,30420,5.07815e-09,938.526,37916.3,-4.11492e-07,1062.3,47143.9,-3.9561e-07,1202.4,58439.2,3.86185e-08,1360.96,72169.3,5.94093e-07,1540.42,88715.8,7.47693e-07,1743.53,108445,1.78537e-07,1973.41,131665,-4.12549e-07,2233.57,158557,-5.37164e-07,2528,189103,-1.17615e-07,2861.2,222986,5.66769e-07,3238.27,259510,9.45053e-07,3664.97,297540,4.25093e-07,4147.81,335497,-3.58506e-07,4694.17,371444,-6.7724e-07,5312.37,403256,1.67192e-07,1.61744,3.89446,9.84394,3.28846,7.5504,12.774,5.07607,11.7187,13.6844,7.03202,16.8147,13.9681,9.20215,23.1769,14.0566,11.6301,31.1672,14.0841,14.3598,41.2186,14.0927,17.4376,53.8688,14.0954,20.9137,69.7915,14.0962,24.8432,89.8341,14.0965,29.2879,115.063,14.0966,34.3168,146.819,14.0966,40.0078,186.792,14.0966,46.4487,237.107,14.0966,53.7388,300.44,14.0966,61.9903,380.158,14.0966,71.3301,480.499,14.0966,81.902,606.796,14.0966,93.8685,765.761,14.0966,107.414,965.837,14.0966,122.746,1217.65,14.0966,140.101,1534.57,14.0966,159.745,1933.41,14.0966,181.981,2435.3,14.0966,207.15,3066.85,14.0966,235.64,3861.46,14.0966,267.889,4861.11,14.0966,304.391,6118.54,14.0966,345.709,7699.91,14.0966,392.478,9688.22,14.0966,445.417,12187.5,14.0966,505.339,15327.7,14.0966,573.165,19271.6,14.0966,649.938,24222,14.0966,736.839,30430.9,14.0966,835.202,38211.5,14.0966,946.539,47950.3,14.0966,1072.56,60122.8,14.0966,1215.21,75309.9,14.0966,1376.66,94216.2,14.0966,1559.41,117688,14.0966,1766.26,146729,14.0966,2000.39,182510,14.0966,2265.39,226372,14.0966,2565.33,279806,14.0966,2904.81,344416,14.0966,3289.05,421845,14.0966,3723.93,513667,14.0966,4216.13,621231,14.0966,4773.18,745478,14.0966,5403.64,886744,14.0966,6117.15,1.04457e+06,14.0966,6924.63,1.2176e+06,14.0966,11.7194,11.96,12.6541,13.9321,16.1295,13.6434,16.6097,21.9702,13.9553,19.7532,29.5285,14.0526,23.3844,39.1143,14.0829,27.5423,51.2054,14.0923,32.2796,66.434,14.0953,37.662,85.6061,14.0962,43.7675,109.74,14.0965,50.687,140.119,14.0966,58.5249,178.359,14.0966,67.4005,226.493,14.0966,77.4493,287.08,14.0966,88.8254,363.343,14.0966,101.703,459.336,14.0966,116.281,580.161,14.0966,132.782,732.241,14.0966,151.46,923.655,14.0966,172.603,1164.57,14.0966,196.535,1467.79,14.0966,223.625,1849.39,14.0966,254.288,2329.62,14.0966,288.997,2933.93,14.0966,328.285,3694.33,14.0966,372.755,4651.04,14.0966,423.092,5854.57,14.0966,480.07,7368.38,14.0966,544.564,9272.08,14.0966,617.566,11665.5,14.0966,700.197,14673.6,14.0966,793.729,18452.9,14.0966,899.599,23198.6,14.0966,1019.43,29154.1,14.0966,1155.07,36622.3,14.0966,1308.6,45977.9,14.0966,1482.39,57683.7,14.0966,1679.09,72307.8,14.0966,1901.73,90542.8,14.0966,2153.73,113226,14.0966,2438.97,141360,14.0966,2761.81,176127,14.0966,3127.22,218898,14.0966,3540.81,271226,14.0966,4008.92,334817,14.0966,4538.74,411470,14.0966,5138.38,502973,14.0966,5817.04,610948,14.0966,6585.12,736653,14.0966,7454.39,880741,14.0966,8438.15,1.04302e+06,14.0966,9551.45,1.22224e+06,14.0966,10811.3,1.41602e+06,14.0966,12237,1.62086e+06,14.0966,11.7194,11.96,12.6541,2.21263,4.16949,0.989383,2.67766,5.84076,0.311842,3.14343,7.55825,0.0972771,3.63127,9.58578,0.0303237,4.15787,12.0912,0.00945211,4.73731,15.2286,0.00294633,5.38238,19.1721,0.000918508,6.10553,24.134,0.000286163,6.91951,30.3791,8.92692e-05,7.83792,38.2397,2.78121e-05,8.87555,48.1338,8.65134e-06,10.0489,60.5876,2.7882e-06,11.3761,76.2629,8.29036e-07,12.8779,95.9927,2.4373e-07,14.5775,120.825,4.33068e-09,16.5012,152.08,1.75749e-07,18.6784,191.415,-1.86328e-07,21.1428,240.917,1.91829e-07,23.9322,303.213,-1.81475e-07,27.0895,381.602,7.0186e-08,30.6634,480.231,-2.86769e-08,34.7087,604.316,2.40784e-07,39.2876,760.401,9.87368e-08,44.4705,956.705,1.22263e-07,50.3371,1203.54,-4.31966e-07,56.9776,1513.81,-1.9705e-07,64.494,1903.69,-2.763e-08,73.0018,2393.4,3.9185e-07,82.6317,3008.13,1.35379e-07,93.5318,3779.25,-4.16351e-08,105.869,4745.7,2.06965e-08,119.834,5955.6,-3.18887e-07,135.641,7468.12,-1.48271e-08,153.531,9355.62,2.00739e-07,173.781,11705.8,2.28358e-07,196.701,14624.1,-1.93587e-08,222.642,18235,-2.88101e-07,252.003,22683.4,-2.24732e-07,285.234,28134,8.56806e-09,322.845,34767,2.34258e-07,365.413,42770.9,2.99668e-07,413.588,52327.9,8.28644e-08,468.111,63591.2,-3.07049e-07,529.814,76653.2,-3.1888e-07,599.642,91502.5,-6.72276e-08,678.662,107975,2.26339e-07,768.083,125705,3.69212e-07,869.267,144088,2.04077e-07,983.76,162277,-2.80509e-07,1113.3,179223,-4.22737e-07,1259.87,193777,-1.71951e-07,1425.68,204839,4.55555e-07,11.7194,11.96,12.6541,2.21263,4.16949,0.989383,2.67766,5.84076,0.311842,3.14343,7.55825,0.0972771,3.63127,9.58578,0.0303237,4.15787,12.0912,0.00945211,4.73731,15.2286,0.00294633,5.38238,19.1721,0.000918508,6.10553,24.134,0.000286163,6.91951,30.3791,8.92692e-05,7.83792,38.2397,2.78121e-05,8.87555,48.1338,8.65134e-06,10.0489,60.5876,2.7882e-06,11.3761,76.2629,8.29036e-07,12.8779,95.9927,2.4373e-07,14.5775,120.825,1e-08,16.5012,152.08,1.75749e-07,18.6784,191.415,1e-08,21.1428,240.917,1.91829e-07,23.9322,303.213,1e-08,27.0895,381.602,7.0186e-08,30.6634,480.231,1e-08,34.7087,604.316,2.40784e-07,39.2876,760.401,9.87368e-08,44.4705,956.705,1.22263e-07,50.3371,1203.54,1e-08,56.9776,1513.81,1e-08,64.494,1903.69,1e-08,73.0018,2393.4,3.9185e-07,82.6317,3008.13,1.35379e-07,93.5318,3779.25,1e-08,105.869,4745.7,2.06965e-08,119.834,5955.6,1e-08,135.641,7468.12,1e-08,153.531,9355.62,2.00739e-07,173.781,11705.8,2.28358e-07,196.701,14624.1,1e-08,222.642,18235,1e-08,252.003,22683.4,1e-08,285.234,28134,1e-08,322.845,34767,2.34258e-07,365.413,42770.9,2.99668e-07,413.588,52327.9,8.28644e-08,468.111,63591.2,1e-08,529.814,76653.2,1e-08,599.642,91502.5,1e-08,678.662,107975,2.26339e-07,768.083,125705,3.69212e-07,869.267,144088,2.04077e-07,983.76,162277,1e-08,1113.3,179223,1e-08,1259.87,193777,1e-08,1425.68,204839,4.55555e-07,6.2823,3.27286,2.43537,0.219672,6.18826,2.24117,0.56371,6.87772,2.63624,0.308279,10,5,7,0,2,0,2,12,0,1,3,0,6,11,0,4,10,0,8,19,0,3,8,0,4,25,0,4,19,0,3,25,0,14,46,0,8,68,0,9,54,0,8,118,0,12,95,0,17,134,0,9,266,0,32,187,0,40,479,0,29,508,0,25,382,0,41,589,0,52,789,0,49,756,0,35,827,0,38,1008,0,39,2184,0,106,1892,0,82,2977,0,87,4806,0,90,3149,0,65,6960,0,61,9710,0,134,10748,0,318,3876,0,288,13293,0,238,17804,0,336,36488,0,502,21425,0,237,29872,0,552,57367,0,391,76683,0,631,57525,0,1249,116232,0,372,117238,0,497,185445,0,229,226477,0,832,189791,0,1094,152962,0,461,198872,0,638,142416,0,1031,181954,0
-1.05176e+08,1,8.88811e-15,10,1023,0,1.05176e+08,0.528882,1.08665,0.389689,0.145397,0.379329,3.24381,0.161596,0.446195,1.77396,0.159177,1.15e+07,4.49998e+06,6.79999e+06,1.15e+07,4.49997e+06,6.79999e+06,1.15e+07,4.49996e+06,6.79999e+06,1.15e+07,4.49995e+06,6.79999e+06,1.14999e+07,4.49993e+06,6.79999e+06,1.14999e+07,4.49991e+06,6.79999e+06,1.14999e+07,4.49989e+06,6.79999e+06,1.14999e+07,4.49986e+06,6.79999e+06,1.14999e+07,4.49982e+06,6.79999e+06,1.14999e+07,4.49977e+06,6.79999e+06,1.14999e+07,4.49971e+06,6.79999e+06,1.14999e+07,4.49963e+06,6.79999e+06,1.14998e+07,4.49953e+06,6.79999e+06,1.14998e+07,4.49941e+06,6.79999e+06,1.14998e+07,4.49926e+06,6.79999e+06,1.14998e+07,4.49906e+06,6.79999e+06,1.14997e+07,4.49882e+06,6.79999e+06,1.14997e+07,4.49851e+06,6.79999e+06,1.14997e+07,4.49812e+06,6.79999e+06,1.14996e+07,4.49764e+06,6.79999e+06,1.14996e+07,4.49702e+06,6.79999e+06,1.14995e+07,4.49625e+06,6.79999e+06,1.14995e+07,4.49528e+06,6.79999e+06,1.14994e+07,4.49406e+06,6.79999e+06,1.14993e+07,4.49253e+06,6.79999e+06,1.14992e+07,4.49059e+06,6.79999e+06,1.14991e+07,4.48817e+06,6.79999e+06,1.1499e+07,4.48511e+06,6.79999e+06,1.14988e+07,4.48128e+06,6.79999e+06,1.14987e+07,4.47646e+06,6.79999e+06,1.14985e+07,4.47041e+06,6.79999e+06,1.14983e+07,4.46281e+06,6.79999e+06,1.14981e+07,4.4533e+06,6.79999e+06,1.14979e+07,4.44138e+06,6.79999e+06,1.14976e+07,4.42649e+06,6.79999e+06,1.14972e+07,4.40789e+06,6.79999e+06,1.14969e+07,4.38471e+06,6.79999e+06,1.14965e+07,4.35592e+06,6.79999e+06,1.1496e+07,4.32027e+06,6.79999e+06,1.14955e+07,4.27629e+06,6.79999e+06,1.14949e+07,4.22231e+06,6.79999e+06,1.14942e+07,4.15647e+06,6.79999e+06,1.14934e+07,4.07676e+06,6.79999e+06,1.14926e+07,3.98112e+06,6.79999e+06,1.14916e+07,3.86765e+06,6.79999e+06,1.14905e+07,3.73474e+06,6.79999e+06,1.14892e+07,3.58148e+06,6.79999e+06,1.14878e+07,3.40785e+06,6.79999e+06,1.14862e+07,3.21513e+06,6.79999e+06,1.14844e+07,3.00605e+06,6.79999e+06,1.14823e+07,2.7848e+06,6.79999e+06,1.148e+07,2.5568e+06,6.79999e+06,1.14773e+07,2.32825e+06,6.79999e+06,13.5742,8.52444,0.508366,16.8306,13.2585,0.162638,20.0035,17.569,0.0507846,23.2616,22.4214,0.0158319,26.7328,28.3297,0.00493498,30.5212,35.6974,0.00153831,34.7178,44.9473,0.000479527,39.4086,56.5822,0.000149456,44.6796,71.2245,4.66214e-05,50.6209,89.6543,1.45419e-05,57.3297,112.852,4.54748e-06,64.9129,142.051,1.43857e-06,73.4897,178.803,4.36618e-07,83.1934,225.062,1.40153e-07,94.1745,283.286,4.96378e-08,106.602,356.568,1.05434e-07,120.669,448.799,-6.49244e-08,136.59,564.873,1.70148e-07,154.611,710.948,-5.34594e-08,175.008,894.767,1.63407e-07,198.097,1126.06,8.04804e-08,224.231,1417.07,1.14667e-07,253.813,1783.15,-1.71227e-07,287.297,2243.62,-2.88466e-07,325.198,2822.67,-4.33651e-07,368.098,3550.67,7.9318e-08,416.657,4465.65,3.13319e-07,471.621,5615.16,3.4613e-07,533.835,7058.61,-1.19199e-07,604.255,8870.02,-2.79964e-07,683.962,11141.4,-2.30521e-07,774.182,13986.7,-2.55099e-07,876.299,17546.4,1.23585e-07,991.883,21993.1,1.41192e-07,1122.71,27536.7,-9.71886e-08,1270.78,34430.7,-3.68368e-07,1438.38,42977.7,-3.45379e-07,1628.07,53532.7,-3.25328e-09,1842.77,66504.6,2.6362e-07,2085.77,82350.2,2.53445e-07,2360.79,101560,-2.47407e-08,2672.05,124632,-3.80602e-07,3024.31,152018,-4.79005e-07,3422.98,184060,-1.14379e-07,3874.15,220884,2.64297e-07,4384.72,262283,3.44131e-07,4962.49,307576,7.5349e-08,5616.29,355497,-3.63097e-07,6356.1,404126,-6.05442e-07,7193.18,450932,-2.72333e-07,8140.28,492963,2.29675e-07,9211.79,527178,4.3387e-07,10424,550893,-1.0711e-07,10.102,8.06553,2.81012,10.6436,8.57909,0.869423,11.5336,10.2515,0.270869,12.7211,12.7138,0.0844293,14.1823,15.9373,0.0263173,15.9122,20.0383,0.0082035,17.9198,25.2154,0.00255722,20.2244,31.7373,0.000797017,22.8539,39.9486,0.000248622,25.8438,50.2851,7.75492e-05,29.237,63.2963,2.42508e-05,33.0837,79.6738,7.67162e-06,37.4415,100.288,2.32837e-06,42.3767,126.236,7.33e-07,47.9646,158.896,2.79256e-07,54.2906,200.003,9.87351e-09,61.452,251.741,1.61085e-07,69.5585,316.859,-2.47141e-07,78.7347,398.812,8.93552e-08,89.1218,501.948,-2.53231e-07,100.879,631.736,-1.25047e-07,114.188,795.049,-1.78808e-07,129.252,1000.53,2.6733e-07,146.304,1259.03,4.50292e-07,165.605,1584.19,6.76904e-07,187.452,1993.12,-1.23808e-07,212.181,2507.27,-4.89068e-07,240.173,3153.54,-5.40284e-07,271.856,3965.56,1.86061e-07,307.719,4985.38,4.37004e-07,348.313,6265.4,3.59828e-07,394.26,7870.83,3.98192e-07,446.268,9882.51,-1.92908e-07,505.135,12400.3,-2.20392e-07,571.766,15546.9,1.51705e-07,647.184,19472.2,5.74996e-07,732.547,24357.4,5.39112e-07,829.167,30420,5.07815e-09,938.526,37916.3,-4.11492e-07,1062.3,47143.9,-3.9561e-07,1202.4,58439.2,3.86185e-08,1360.96,72169.3,5.94093e-07,1540.42,88715.8,7.47693e-07,1743.53,108445,1.78537e-07,1973.41,131665,-4.12549e-07,2233.57,158557,-5.37164e-07,2528,189103,-1.17615e-07,2861.2,222986,5.66769e-07,3238.27,259510,9.45053e-07,3664.97,297540,4.25093e-07,4147.81,335497,-3.58506e-07,4694.17,371444,-6.7724e-07,5312.37,403256,1.67192e-07,1.61744,3.89446,9.84394,3.28846,7.5504,12.774,5.07607,11.7187,13.6844,7.03202,16.8147,13.9681,9.20215,23.1769,14.0566,11.6301,31.1672,14.0841,14.3598,41.2186,14.0927,17.4376,53.8688,14.0954,20.9137,69.7915,14.0962,24.8432,89.8341,14.0965,29.2879,115.063,14.0966,34.3168,146.819,14.0966,40.0078,186.792,14.0966,46.4487,237.107,14.0966,53.7388,300.44,14.0966,61.9903,380.158,14.0966,71.3301,480.499,14.0966,81.902,606.796,14.0966,93.8685,765.761,14.0966,107.414,965.837,14.0966,122.746,1217.65,14.0966,140.101,1534.57,14.0966,159.745,1933.41,14.0966,181.981,2435.3,14.0966,207.15,3066.85,14.0966,235.64,3861.46,14.0966,267.889,4861.11,14.0966,304.391,6118.54,14.0966,345.709,7699.91,14.0966,392.478,9688.22,14.0966,445.417,12187.5,14.0966,505.339,15327.7,14.0966,573.165,19271.6,14.0966,649.938,24222,14.0966,736.839,30430.9,14.0966,835.202,38211.5,14.0966,946.539,47950.3,14.0966,1072.56,60122.8,14.0966,1215.21,75309.9,14.0966,1376.66,94216.2,14.0966,1559.41,117688,14.0966,1766.26,146729,14.0966,2000.39,182510,14.0966,2265.39,226372,14.0966,2565.33,279806,14.0966,2904.81,344416,14.0966,3289.05,421845,14.0966,3723.93,513667,14.0966,4216.13,621231,14.0966,4773.18,745478,14.0966,5403.64,886744,14.0966,6117.15,1.04457e+06,14.0966,6924.63,1.2176e+06,14.0966,11.7194,11.96,12.6541,13.9321,16.1295,13.6434,16.6097,21.9702,13.9553,19.7532,29.5285,14.0526,23.3844,39.1143,14.0829,27.5423,51.2054,14.0923,32.2796,66.434,14.0953,37.662,85.6061,14.0962,43.7675,109.74,14.0965,50.687,140.119,14.0966,58.5249,178.359,14.0966,67.4005,226.493,14.0966,77.4493,287.08,14.0966,88.8254,363.343,14.0966,101.703,459.336,14.0966,116.281,580.161,14.0966,132.782,732.241,14.0966,151.46,923.655,14.0966,172.603,1164.57,14.0966,196.535,1467.79,14.0966,223.625,1849.39,14.0966,254.288,2329.62,14.0966,288.997,2933.93,14.0966,328.285,3694.33,14.0966,372.755,4651.04,14.0966,423.092,5854.57,14.0966,480.07,7368.38,14.0966,544.564,9272.08,14.0966,617.566,11665.5,14.0966,700.197,14673.6,14.0966,793.729,18452.9,14.0966,899.599,23198.6,14.0966,1019.43,29154.1,14.0966,1155.07,36622.3,14.0966,1308.6,45977.9,14.0966,1482.39,57683.7,14.0966,1679.09,72307.8,14.0966,1901.73,90542.8,14.0966,2153.73,113226,14.0966,2438.97,141360,14.0966,2761.81,176127,14.0966,3127.22,218898,14.0966,3540.81,271226,14.0966,4008.92,334817,14.0966,4538.74,411470,14.0966,5138.38,502973,14.0966,5817.04,610948,14.0966,6585.12,736653,14.0966,7454.39,880741,14.0966,8438.15,1.04302e+06,14.0966,9551.45,1.22224e+06,14.0966,10811.3,1.41602e+06,14.0966,12237,1.62086e+06,14.0966,11.7194,11.96,12.6541,2.21263,4.16949,0.989383,2.67766,5.84076,0.311842,3.14343,7.55825,0.0972771,3.63127,9.58578,0.0303237,4.15787,12.0912,0.00945211,4.73731,15.2286,0.00294633,5.38238,19.1721,0.000918508,6.10553,24.134,0.000286163,6.91951,30.3791,8.92692e-05,7.83792,38.2397,2.78121e-05,8.87555,48.1338,8.65134e-06,10.0489,60.5876,2.7882e-06,11.3761,76.2629,8.29036e-07,12.8779,95.9927,2.4373e-07,14.5775,120.825,4.33068e-09,16.5012,152.08,1.75749e-07,18.6784,191.415,-1.86328e-07,21.1428,240.917,1.91829e-07,23.9322,303.213,-1.81475e-07,27.0895,381.602,7.0186e-08,30.6634,480.231,-2.86769e-08,34.7087,604.316,2.40784e-07,39.2876,760.401,9.87368e-08,44.4705,956.705,1.22263e-07,50.3371,1203.54,-4.31966e-07,56.9776,1513.81,-1.9705e-07,64.494,1903.69,-2.763e-08,73.0018,2393.4,3.9185e-07,82.6317,3008.13,1.35379e-07,93.5318,3779.25,-4.16351e-08,105.869,4745.7,2.06965e-08,119.834,5955.6,-3.18887e-07,135.641,7468.12,-1.48271e-08,153.531,9355.62,2.00739e-07,173.781,11705.8,2.28358e-07,196.701,14624.1,-1.93587e-08,222.642,18235,-2.88101e-07,252.003,22683.4,-2.24732e-07,285.234,28134,8.56806e-09,322.845,34767,2.34258e-07,365.413,42770.9,2.99668e-07,413.588,52327.9,8.28644e-08,468.111,63591.2,-3.07049e-07,529.814,76653.2,-3.1888e-07,599.642,91502.5,-6.72276e-08,678.662,107975,2.26339e-07,768.083,125705,3.69212e-07,869.267,144088,2.04077e-07,983.76,162277,-2.80509e-07,1113.3,179223,-4.22737e-07,1259.87,193777,-1.71951e-07,1425.68,204839,4.55555e-07,11.7194,11.96,12.6541,2.21263,4.16949,0.989383,2.67766,5.84076,0.311842,3.14343,7.55825,0.0972771,3.63127,9.58578,0.0303237,4.15787,12.0912,0.00945211,4.73731,15.2286,0.00294633,5.38238,19.1721,0.000918508,6.10553,24.134,0.000286163,6.91951,30.3791,8.92692e-05,7.83792,38.2397,2.78121e-05,8.87555,48.1338,8.65134e-06,10.0489,60.5876,2.7882e-06,11.3761,76.2629,8.29036e-07,12.8779,95.9927,2.4373e-07,14.5775,120.825,1e-08,16.5012,152.08,1.75749e-07,18.6784,191.415,1e-08,21.1428,240.917,1.91829e-07,23.9322,303.213,1e-08,27.0895,381.602,7.0186e-08,30.6634,480.231,1e-08,34.7087,604.316,2.40784e-07,39.2876,760.401,9.87368e-08,44.4705,956.705,1.22263e-07,50.3371,1203.54,1e-08,56.9776,1513.81,1e-08,64.494,1903.69,1e-08,73.0018,2393.4,3.9185e-07,82.6317,3008.13,1.35379e-07,93.5318,3779.25,1e-08,105.869,4745.7,2.06965e-08,119.834,5955.6,1e-08,135.641,7468.12,1e-08,153.531,9355.62,2.00739e-07,173.781,11705.8,2.28358e-07,196.701,14624.1,1e-08,222.642,18235,1e-08,252.003,22683.4,1e-08,285.234,28134,1e-08,322.845,34767,2.34258e-07,365.413,42770.9,2.99668e-07,413.588,52327.9,8.28644e-08,468.111,63591.2,1e-08,529.814,76653.2,1e-08,599.642,91502.5,1e-08,678.662,107975,2.26339e-07,768.083,125705,3.69212e-07,869.267,144088,2.04077e-07,983.76,162277,1e-08,1113.3,179223,1e-08,1259.87,193777,1e-08,1425.68,204839,4.55555e-07,6.2823,3.27286,2.43537,0.219672,6.18826,2.24117,0.56371,6.87772,2.63624,0.308279,13,8,10,2,2,0,1,8,0,3,4,0,6,13,0,7,4,0,5,15,0,5,13,0,4,39,0,4,21,0,11,37,0,7,44,0,5,32,0,12,88,0,14,45,0,20,68,0,6,239,0,6,177,0,20,141,0,24,289,0,31,298,0,30,638,0,33,635,0,27,789,0,18,1310,0,35,684,0,51,3019,0,42,810,0,133,739,0,38,2707,0,45,3587,0,119,5099,0,92,4236,0,183,10300,0,166,11016,0,171,8293,0,106,5800,0,76,12520,0,134,10642,0,492,35950,0,423,27650,0,345,37479,0,616,65981,0,316,29855,0,579,91002,0,407,98463,0,1261,87259,0,1464,155644,0,331,114099,0,1064,209896,0,1192,209687,0,1727,131378,0,1420,267569,0
-1.05176e+08,1,8.88811e-15,10,1023,0,1.05176e+08,0.528882,1.08665,0.389689,0.145397,0.379329,3.24381,0.161596,0.446195,1.77396,0.159177,1.15e+07,4.49998e+06,6.79999e+06,1.15e+07,4.49997e+06,6.79999e+06,1.15e+07,4.49996e+06,6.79999e+06,1.15e+07,4.49995e+06,6.79999e+06,1.14999e+07,4.49993e+06,6.79999e+06,1.14999e+07,4.49991e+06,6.79999e+06,1.14999e+07,4.49989e+06,6.79999e+06,1.14999e+07,4.49986e+06,6.79999e+06,1.14999e+07,4.49982e+06,6.79999e+06,1.14999e+07,4.49977e+06,6.79999e+06,1.14999e+07,4.49971e+06,6.79999e+06,1.14999e+07,4.49963e+06,6.79999e+06,1.14998e+07,4.49953e+06,6.79999e+06,1.14998e+07,4.49941e+06,6.79999e+06,1.14998e+07,4.49926e+06,6.79999e+06,1.14998e+07,4.49906e+06,6.79999e+06,1.14997e+07,4.49882e+06,6.79999e+06,1.14997e+07,4.49851e+06,6.79999e+06,1.14997e+07,4.49812e+06,6.79999e+06,1.14996e+07,4.49764e+06,6.79999e+06,1.14996e+07,4.49702e+06,6.79999e+06,1.14995e+07,4.49625e+06,6.79999e+06,1.14995e+07,4.49528e+06,6.79999e+06,1.14994e+07,4.49406e+06,6.79999e+06,1.14993e+07,4.49253e+06,6.79999e+06,1.14992e+07,4.49059e+06,6.79999e+06,1.14991e+07,4.48817e+06,6.79999e+06,1.1499e+07,4.48511e+06,6.79999e+06,1.14988e+07,4.48128e+06,6.79999e+06,1.14987e+07,4.47646e+06,6.79999e+06,1.14985e+07,4.47041e+06,6.79999e+06,1.14983e+07,4.46281e+06,6.79999e+06,1.14981e+07,4.4533e+06,6.79999e+06,1.14979e+07,4.44138e+06,6.79999e+06,1.14976e+07,4.42649e+06,6.79999e+06,1.14972e+07,4.40789e+06,6.79999e+06,1.14969e+07,4.38471e+06,6.79999e+06,1.14965e+07,4.35592e+06,6.79999e+06,1.1496e+07,4.32027e+06,6.79999e+06,1.14955e+07,4.27629e+06,6.79999e+06,1.14949e+07,4.22231e+06,6.79999e+06,1.14942e+07,4.15647e+06,6.79999e+06,1.14934e+07,4.07676e+06,6.79999e+06,1.14926e+07,3.98112e+06,6.79999e+06,1.14916e+07,3.86765e+06,6.79999e+06,1.14905e+07,3.73474e+06,6.79999e+06,1.14892e+07,3.58148e+06,6.79999e+06,1.14878e+07,3.40785e+06,6.79999e+06,1.14862e+07,3.21513e+06,6.79999e+06,1.14844e+07,3.00605e+06,6.79999e+06,1.14823e+07,2.7848e+06,6.79999e+06,1.148e+07,2.5568e+06,6.79999e+06,1.14773e+07,2.32825e+06,6.79999e+06,13.5742,8.52444,0.508366,16.8306,13.2585,0.162638,20.0035,17.569,0.0507846,23.2616,22.4214,0.0158319,26.7328,28.3297,0.00493498,30.5212,35.6974,0.00153831,34.7178,44.9473,0.000479527,39.4086,56.5822,0.000149456,44.6796,71.2245,4.66214e-05,50.6209,89.6543,1.45419e-05,57.3297,112.852,4.54748e-06,64.9129,142.051,1.43857e-06,73.4897,178.803,4.36618e-07,83.1934,225.062,1.40153e-07,94.1745,283.286,4.96378e-08,106.602,356.568,1.05434e-07,120.669,448.799,-6.49244e-08,136.59,564.873,1.70148e-07,154.611,710.948,-5.34594e-08,175.008,894.767,1.63407e-07,198.097,1126.06,8.04804e-08,224.231,1417.07,1.14667e-07,253.813,1783.15,-1.71227e-07,287.297,2243.62,-2.88466e-07,325.198,2822.67,-4.33651e-07,368.098,3550.67,7.9318e-08,416.657,4465.65,3.13319e-07,471.621,5615.16,3.4613e-07,533.835,7058.61,-1.19199e-07,604.255,8870.02,-2.79964e-07,683.962,11141.4,-2.30521e-07,774.182,13986.7,-2.55099e-07,876.299,17546.4,1.23585e-07,991.883,21993.1,1.41192e-07,1122.71,27536.7,-9.71886e-08,1270.78,34430.7,-3.68368e-07,1438.38,42977.7,-3.45379e-07,1628.07,53532.7,-3.25328e-09,1842.77,66504.6,2.6362e-07,2085.77,82350.2,2.53445e-07,2360.79,101560,-2.47407e-08,2672.05,124632,-3.80602e-07,3024.31,152018,-4.79005e-07,3422.98,184060,-1.14379e-07,3874.15,220884,2.64297e-07,4384.72,262283,3.44131e-07,4962.49,307576,7.5349e-08,5616.29,355497,-3.63097e-07,6356.1,404126,-6.05442e-07,7193.18,450932,-2.72333e-07,8140.28,492963,2.29675e-07,9211.79,527178,4.3387e-07,10424,550893,-1.0711e-07,10.102,8.06553,2.81012,10.6436,8.57909,0.869423,11.5336,10.2515,0.270869,12.7211,12.7138,0.0844293,14.1823,15.9373,0.0263173,15.9122,20.0383,0.0082035,17.9198,25.2154,0.00255722,20.2244,31.7373,0.000797017,22.8539,39.9486,0.000248622,25.8438,50.2851,7.75492e-05,29.237,63.2963,2.42508e-05,33.0837,79.6738,7.67162e-06,37.4415,100.288,2.32837e-06,42.3767,126.236,7.33e-07,47.9646,158.896,2.79256e-07,54.2906,200.003,9.87351e-09,61.452,251.741,1.61085e-07,69.5585,316.859,-2.47141e-07,78.7347,398.812,8.93552e-08,89.1218,501.948,-2.53231e-07,100.879,631.736,-1.25047e-07,114.188,795.049,-1.78808e-07,129.252,1000.53,2.6733e-07,146.304,1259.03,4.50292e-07,165.605,1584.19,6.76904e-07,187.452,1993.12,-1.23808e-07,212.181,2507.27,-4.89068e-07,240.173,3153.54,-5.40284e-07,271.856,3965.56,1.86061e-07,307.719,4985.38,4.37004e-07,348.313,6265.4,3.59828e-07,394.26,7870.83,3.98192e-07,446.268,9882.51,-1.92908e-07,505.135,12400.3,-2.20392e-07,571.766,15546.9,1.51705e-07,647.184,19472.2,5.74996e-07,732.547,24357.4,5.39112e-07,829.167,30420,5.07815e-09,938.526,37916.3,-4.11492e-07,1062.3,47143.9,-3.9561e-07,1202.4,58439.2,3.86185e-08,1360.96,72169.3,5.94093e-07,1540.42,88715.8,7.47693e-07,1743.53,108445,1.78537e-07,1973.41,131665,-4.12549e-07,2233.57,158557,-5.37164e-07,2528,189103,-1.17615e-07,2861.2,222986,5.66769e-07,3238.27,259510,9.45053e-07,3664.97,297540,4.25093e-07,4147.81,335497,-3.58506e-07,4694.17,371444,-6.7724e-07,5312.37,403256,1.67192e-07,1.61744,3.89446,9.84394,3.28846,7.5504,12.774,5.07607,11.7187,13.6844,7.03202,16.8147,13.9681,9.20215,23.1769,14.0566,11.6301,31.1672,14.0841,14.3598,41.2186,14.0927,17.4376,53.8688,14.0954,20.9137,69.7915,14.0962,24.8432,89.8341,14.0965,29.2879,115.063,14.0966,34.3168,146.819,14.0966,40.0078,186.792,14.0966,46.4487,237.107,14.0966,53.7388,300.44,14.0966,61.9903,380.158,14.0966,71.3301,480.499,14.0966,81.902,606.796,14.0966,93.8685,765.761,14.0966,107.414,965.837,14.0966,122.746,1217.65,14.0966,140.101,1534.57,14.0966,159.745,1933.41,14.0966,181.981,2435.3,14.0966,207.15,3066.85,14.0966,235.64,3861.46,14.0966,267.889,4861.11,14.0966,304.391,6118.54,14.0966,345.709,7699.91,14.0966,392.478,9688.22,14.0966,445.417,12187.5,14.0966,505.339,15327.7,14.0966,573.165,19271.6,14.0966,649.938,24222,14.0966,736.839,30430.9,14.0966,835.202,38211.5,14.0966,946.539,47950.3,14.0966,1072.56,60122.8,14.0966,1215.21,75309.9,14.0966,1376.66,94216.2,14.0966,1559.41,117688,14.0966,1766.26,146729,14.0966,2000.39,182510,14.0966,2265.39,226372,14.0966,2565.33,279806,14.0966,2904.81,344416,14.0966,3289.05,421845,14.0966,3723.93,513667,14.0966,4216.13,621231,14.0966,4773.18,745478,14.0966,5403.64,886744,14.0966,6117.15,1.04457e+06,14.0966,6924.63,1.2176e+06,14.0966,11.7194,11.96,12.6541,13.9321,16.1295,13.6434,16.6097,21.9702,13.9553,19.7532,29.5285,14.0526,23.3844,39.1143,14.0829,27.5423,51.2054,14.0923,32.2796,66.434,14.0953,37.662,85.6061,14.0962,43.7675,109.74,14.0965,50.687,140.119,14.0966,58.5249,178.359,14.0966,67.4005,226.493,14.0966,77.4493,287.08,14.0966,88.8254,363.343,14.0966,101.703,459.336,14.0966,116.281,580.161,14.0966,132.782,732.241,14.0966,151.46,923.655,14.0966,172.603,1164.57,14.0966,196.535,1467.79,14.0966,223.625,1849.39,14.0966,254.288,2329.62,14.0966,288.997,2933.93,14.0966,328.285,3694.33,14.0966,372.755,4651.04,14.0966,423.092,5854.57,14.0966,480.07,7368.38,14.0966,544.564,9272.08,14.0966,617.566,11665.5,14.0966,700.197,14673.6,14.0966,793.729,18452.9,14.0966,899.599,23198.6,14.0966,1019.43,29154.1,14.0966,1155.07,36622.3,14.0966,1308.6,45977.9,14.0966,1482.39,57683.7,14.0966,1679.09,72307.8,14.0966,1901.73,90542.8,14.0966,2153.73,113226,14.0966,2438.97,141360,14.0966,2761.81,176127,14.0966,3127.22,218898,14.0966,3540.81,271226,14.0966,4008.92,334817,14.0966,4538.74,411470,14.0966,5138.38,502973,14.0966,5817.04,610948,14.0966,6585.12,736653,14.0966,7454.39,880741,14.0966,8438.15,1.04302e+06,14.0966,9551.45,1.22224e+06,14.0966,10811.3,1.41602e+06,14.0966,12237,1.62086e+06,14.0966,11.7194,11.96,12.6541,2.21263,4.16949,0.989383,2.67766,5.84076,0.311842,3.14343,7.55825,0.0972771,3.63127,9.58578,0.0303237,4.15787,12.0912,0.00945211,4.73731,15.2286,0.00294633,5.38238,19.1721,0.000918508,6.10553,24.134,0.000286163,6.91951,30.3791,8.92692e-05,7.83792,38.2397,2.78121e-05,8.87555,48.1338,8.65134e-06,10.0489,60.5876,2.7882e-06,11.3761,76.2629,8.29036e-07,12.8779,95.9927,2.4373e-07,14.5775,120.825,4.33068e-09,16.5012,152.08,1.75749e-07,18.6784,191.415,-1.86328e-07,21.1428,240.917,1.91829e-07,23.9322,303.213,-1.81475e-07,27.0895,381.602,7.0186e-08,30.6634,480.231,-2.86769e-08,34.7087,604.316,2.40784e-07,39.2876,760.401,9.87368e-08,44.4705,956.705,1.22263e-07,50.3371,1203.54,-4.31966e-07,56.9776,1513.81,-1.9705e-07,64.494,1903.69,-2.763e-08,73.0018,2393.4,3.9185e-07,82.6317,3008.13,1.35379e-07,93.5318,3779.25,-4.16351e-08,105.869,4745.7,2.06965e-08,119.834,5955.6,-3.18887e-07,135.641,7468.12,-1.48271e-08,153.531,9355.62,2.00739e-07,173.781,11705.8,2.28358e-07,196.701,14624.1,-1.93587e-08,222.642,18235,-2.88101e-07,252.003,22683.4,-2.24732e-07,285.234,28134,8.56806e-09,322.845,34767,2.34258e-07,365.413,42770.9,2.99668e-07,413.588,52327.9,8.28644e-08,468.111,63591.2,-3.07049e-07,529.814,76653.2,-3.1888e-07,599.642,91502.5,-6.72276e-08,678.662,107975,2.26339e-07,768.083,125705,3.69212e-07,869.267,144088,2.04077e-07,983.76,162277,-2.80509e-07,1113.3,179223,-4.22737e-07,1259.87,193777,-1.71951e-07,1425.68,204839,4.55555e-07,11.7194,11.96,12.6541,2.21263,4.16949,0.989383,2.67766,5.84076,0.311842,3.14343,7.55825,0.0972771,3.63127,9.58578,0.0303237,4.15787,12.0912,0.00945211,4.73731,15.2286,0.00294633,5.38238,19.1721,0.000918508,6.10553,24.134,0.000286163,6.91951,30.3791,8.92692e-05,7.83792,38.2397,2.78121e-05,8.87555,48.1338,8.65134e-06,10.0489,60.5876,2.7882e-06,11.3761,76.2629,8.29036e-07,12.8779,95.9927,2.4373e-07,14.5775,120.825,1e-08,16.5012,152.08,1.75749e-07,18.6784,191.415,1e-08,21.1428,240.917,1.91829e-07,23.9322,303.213,1e-08,27.0895,381.602,7.0186e-08,30.6634,480.231,1e-08,34.7087,604.316,2.40784e-07,39.2876,760.401,9.87368e-08,44.4705,956.705,1.22263e-07,50.3371,1203.54,1e-08,56.9776,1513.81,1e-08,64.494,1903.69,1e-08,73.0018,2393.4,3.9185e-07,82.6317,3008.13,1.35379e-07,93.5318,3779.25,1e-08,105.869,4745.7,2.06965e-08,119.834,5955.6,1e-08,135.641,7468.12,1e-08,153.531,9355.62,2.00739e-07,173.781,11705.8,2.28358e-07,196.701,14624.1,1e-08,222.642,18235,1e-08,252.003,22683.4,1e-08,285.234,28134,1e-08,322.845,34767,2.34258e-07,365.413,42770.9,2.99668e-07,413.588,52327.9,8.28644e-08,468.111,63591.2,1e-08,529.814,76653.2,1e-08,599.642,91502.5,1e-08,678.662,107975,2.26339e-07,768.083,125705,3.69212e-07,869.267,144088,2.04077e-07,983.76,162277,1e-08,1113.3,179223,1e-08,1259.87,193777,1e-08,1425.68,204839,4.55555e-07,6.2823,3.27286,2.43537,0.219672,6.18826,2.24117,0.56371,6.87772,2.63624,0.308279,6,13,11,1,3,0,4,9,0,4,2,0,4,8,0,5,14,0,3,17,0,5,17,0,3,17,0,1,32,0,7,48,0,2,56,0,7,60,0,8,49,0,21,117,0,23,85,0,20,102,0,28,120,0,36,266,0,23,192,0,35,312,0,23,248,0,35,506,0,51,671,0,11,772,0,83,1138,0,46,761,0,119,1706,0,54,1328,0,81,3716,0,46,4306,0,59,3953,0,115,5975,0,51,8991,0,140,15698,0,129,6240,0,127,17504,0,100,6424,0,279,10950,0,132,17509,0,199,31800,0,491,73403,0,133,31139,0,436,43391,0,723,74035,0,445,98331,0,1093,204289,0,1031,156812,0,1271,44397,0,854,83334,0,537,175049,0,1019,154935,0,977,146595,0
-1.05176e+08,1,8.88811e-15,10,1023,0,1.05176e+08,0.528882,1.08665,0.389689,0.145397,0.379329,3.24381,0.161596,0.446195,1.77396,0.159177,1.15e+07,4.49998e+06,6.79999e+06,1.15e+07,4.49997e+06,6.79999e+06,1.15e+07,4.49996e+06,6.79999e+06,1.15e+07,4.49995e+06,6.79999e+06,1.14999e+07,4.49993e+06,6.79999e+06,1.14999e+07,4.49991e+06,6.79999e+06,1.14999e+07,4.49989e+06,6.79999e+06,1.14999e+07,4.49986e+06,6.79999e+06,1.14999e+07,4.49982e+06,6.79999e+06,1.14999e+07,4.49977e+06,6.79999e+06,1.14999e+07,4.49971e+06,6.79999e+06,1.14999e+07,4.49963e+06,6.79999e+06,1.14998e+07,4.49953e+06,6.79999e+06,1.14998e+07,4.49941e+06,6.79999e+06,1.14998e+07,4.49926e+06,6.79999e+06,1.14998e+07,4.49906e+06,6.79999e+06,1.14997e+07,4.49882e+06,6.79999e+06,1.14997e+07,4.49851e+06,6.79999e+06,1.14997e+07,4.49812e+06,6.79999e+06,1.14996e+07,4.49764e+06,6.79999e+06,1.14996e+07,4.49702e+06,6.79999e+06,1.14995e+07,4.49625e+06,6.79999e+06,1.14995e+07,4.49528e+06,6.79999e+06,1.14994e+07,4.49406e+06,6.79999e+06,1.14993e+07,4.49253e+06,6.79999e+06,1.14992e+07,4.49059e+06,6.79999e+06,1.14991e+07,4.48817e+06,6.79999e+06,1.1499e+07,4.48511e+06,6.79999e+06,1.14988e+07,4.48128e+06,6.79999e+06,1.14987e+07,4.47646e+06,6.79999e+06,1.14985e+07,4.47041e+06,6.79999e+06,1.14983e+07,4.46281e+06,6.79999e+06,1.14981e+07,4.4533e+06,6.79999e+06,1.14979e+07,4.44138e+06,6.79999e+06,1.14976e+07,4.42649e+06,6.79999e+06,1.14972e+07,4.40789e+06,6.79999e+06,1.14969e+07,4.38471e+06,6.79999e+06,1.14965e+07,4.35592e+06,6.79999e+06,1.1496e+07,4.32027e+06,6.79999e+06,1.14955e+07,4.27629e+06,6.79999e+06,1.14949e+07,4.22231e+06,6.79999e+06,1.14942e+07,4.15647e+06,6.79999e+06,1.14934e+07,4.07676e+06,6.79999e+06,1.14926e+07,3.98112e+06,6.79999e+06,1.14916e+07,3.86765e+06,6.79999e+06,1.14905e+07,3.73474e+06,6.79999e+06,1.14892e+07,3.58148e+06,6.79999e+06,1.14878e+07,3.40785e+06,6.79999e+06,1.14862e+07,3.21513e+06,6.79999e+06,1.14844e+07,3.00605e+06,6.79999e+06,1.14823e+07,2.7848e+06,6.79999e+06,1.148e+07,2.5568e+06,6.79999e+06,1.14773e+07,2.32825e+06,6.79999e+06,13.5742,8.52444,0.508366,16.8306,13.2585,0.162638,20.0035,17.569,0.0507846,23.2616,22.4214,0.0158319,26.7328,28.3297,0.00493498,30.5212,35.6974,0.00153831,34.7178,44.9473,0.000479527,39.4086,56.5822,0.000149456,44.6796,71.2245,4.66214e-05,50.6209,89.6543,1.45419e-05,57.3297,112.852,4.54748e-06,64.9129,142.051,1.43857e-06,73.4897,178.803,4.36618e-07,83.1934,225.062,1.40153e-07,94.1745,283.286,4.96378e-08,106.602,356.568,1.05434e-07,120.669,448.799,-6.49244e-08,136.59,564.873,1.70148e-07,154.611,710.948,-5.34594e-08,175.008,894.767,1.63407e-07,198.097,1126.06,8.04804e-08,224.231,1417.07,1.14667e-07,253.813,1783.15,-1.71227e-07,287.297,2243.62,-2.88466e-07,325.198,2822.67,-4.33651e-07,368.098,3550.67,7.9318e-08,416.657,4465.65,3.13319e-07,471.621,5615.16,3.4613e-07,533.835,7058.61,-1.19199e-07,604.255,8870.02,-2.79964e-07,683.962,11141.4,-2.30521e-07,774.182,13986.7,-2.55099e-07,876.299,17546.4,1.23585e-07,991.883,21993.1,1.41192e-07,1122.71,27536.7,-9.71886e-08,1270.78,34430.7,-3.68368e-07,1438.38,42977.7,-3.45379e-07,1628.07,53532.7,-3.25328e-09,1842.77,66504.6,2.6362e-07,2085.77,82350.2,2.53445e-07,2360.79,101560,-2.47407e-08,2672.05,124632,-3.80602e-07,3024.31,152018,-4.79005e-07,3422.98,184060,-1.14379e-07,3874.15,220884,2.64297e-07,4384.72,262283,3.44131e-07,4962.49,307576,7.5349e-08,5616.29,355497,-3.63097e-07,6356.1,404126,-6.05442e-07,7193.18,450932,-2.72333e-07,8140.28,492963,2.29675e-07,9211.79,527178,4.3387e-07,10424,550893,-1.0711e-07,10.102,8.06553,2.81012,10.6436,8.57909,0.869423,11.5336,10.2515,0.270869,12.7211,12.7138,0.0844293,14.1823,15.9373,0.0263173,15.9122,20.0383,0.0082035,17.9198,25.2154,0.00255722,20.2244,31.7373,0.000797017,22.8539,39.9486,0.000248622,25.8438,50.2851,7.75492e-05,29.237,63.2963,2.42508e-05,33.0837,79.6738,7.67162e-06,37.4415,100.288,2.32837e-06,42.3767,126.236,7.33e-07,47.9646,158.896,2.79256e-07,54.2906,200.003,9.87351e-09,61.452,251.741,1.61085e-07,69.5585,316.859,-2.47141e-07,78.7347,398.812,8.93552e-08,89.1218,501.948,-2.53231e-07,100.879,631.736,-1.25047e-07,114.188,795.049,-1.78808e-07,129.252,1000.53,2.6733e-07,146.304,1259.03,4.50292e-07,165.605,1584.19,6.76904e-07,187.452,1993.12,-1.23808e-07,212.181,2507.27,-4.89068e-07,240.173,3153.54,-5.40284e-07,271.856,3965.56,1.86061e-07,307.719,4985.38,4.37004e-07,348.313,6265.4,3.59828e-07,394.26,7870.83,3.98192e-07,446.268,9882.51,-1.92908e-07,505.135,12400.3,-2.20392e-07,571.766,15546.9,1.51705e-07,647.184,19472.2,5.74996e-07,732.547,24357.4,5.39112e-07,829.167,30420,5.07815e-09,938.526,37916.3,-4.11492e-07,1062.3,47143.9,-3.9561e-07,1202.4,58439.2,3.86185e-08,1360.96,72169.3,5.94093e-07,1540.42,88715.8,7.47693e-07,1743.53,108445,1.78537e-07,1973.41,131665,-4.12549e-07,2233.57,158557,-5.37164e-07,2528,189103,-1.17615e-07,2861.2,222986,5.66769e-07,3238.27,259510,9.45053e-07,3664.97,297540,4.25093e-07,4147.81,335497,-3.58506e-07,4694.17,371444,-6.7724e-07,5312.37,403256,1.67192e-07,1.61744,3.89446,9.84394,3.28846,7.5504,12.774,5.07607,11.7187,13.6844,7.03202,16.8147,13.9681,9.20215,23.1769,14.0566,11.6301,31.1672,14.0841,14.3598,41.2186,14.0927,17.4376,53.8688,14.0954,20.9137,69.7915,14.0962,24.8432,89.8341,14.0965,29.2879,115.063,14.0966,34.3168,146.819,14.0966,40.0078,186.792,14.0966,46.4487,237.107,14.0966,53.7388,300.44,14.0966,61.9903,380.158,14.0966,71.3301,480.499,14.0966,81.902,606.796,14.0966,93.8685,765.761,14.0966,107.414,965.837,14.0966,122.746,1217.65,14.0966,140.101,1534.57,14.0966,159.745,1933.41,14.0966,181.981,2435.3,14.0966,207.15,3066.85,14.0966,235.64,3861.46,14.0966,267.889,4861.11,14.0966,304.391,6118.54,14.0966,345.709,7699.91,14.0966,392.478,9688.22,14.0966,445.417,12187.5,14.0966,505.339,15327.7,14.0966,573.165,19271.6,14.0966,649.938,24222,14.0966,736.839,30430.9,14.0966,835.202,38211.5,14.0966,946.539,47950.3,14.0966,1072.56,60122.8,14.0966,1215.21,75309.9,14.0966,1376.66,94216.2,14.0966,1559.41,117688,14.0966,1766.26,146729,14.0966,2000.39,182510,14.0966,2265.39,226372,14.0966,2565.33,279806,14.0966,2904.81,344416,14.0966,3289.05,421845,14.0966,3723.93,513667,14.0966,4216.13,621231,14.0966,4773.18,745478,14.0966,5403.64,886744,14.0966,6117.15,1.04457e+06,14.0966,6924.63,1.2176e+06,14.0966,11.7194,11.96,12.6541,13.9321,16.1295,13.6434,16.6097,21.9702,13.9553,19.7532,29.5285,14.0526,23.3844,39.1143,14.0829,27.5423,51.2054,14.0923,32.2796,66.434,14.0953,37.662,85.6061,14.0962,43.7675,109.74,14.0965,50.687,140.119,14.0966,58.5249,178.359,14.0966,67.4005,226.493,14.0966,77.4493,287.08,14.0966,88.8254,363.343,14.0966,101.703,459.336,14.0966,116.281,580.161,14.0966,132.782,732.241,14.0966,151.46,923.655,14.0966,172.603,1164.57,14.0966,196.535,1467.79,14.0966,223.625,1849.39,14.0966,254.288,2329.62,14.0966,288.997,2933.93,14.0966,328.285,3694.33,14.0966,372.755,4651.04,14.0966,423.092,5854.57,14.0966,480.07,7368.38,14.0966,544.564,9272.08,14.0966,617.566,11665.5,14.0966,700.197,14673.6,14.0966,793.729,18452.9,14.0966,899.599,23198.6,14.0966,1019.43,29154.1,14.0966,1155.07,36622.3,14.0966,1308.6,45977.9,14.0966,1482.39,57683.7,14.0966,1679.09,72307.8,14.0966,1901.73,90542.8,14.0966,2153.73,113226,14.0966,2438.97,141360,14.0966,2761.81,176127,14.0966,3127.22,218898,14.0966,3540.81,271226,14.0966,4008.92,334817,14.0966,4538.74,411470,14.0966,5138.38,502973,14.0966,5817.04,610948,14.0966,6585.12,736653,14.0966,7454.39,880741,14.0966,8438.15,1.04302e+06,14.0966,9551.45,1.22224e+06,14.0966,10811.3,1.41602e+06,14.0966,12237,1.62086e+06,14.0966,11.7194,11.96,12.6541,2.21263,4.16949,0.989383,2.67766,5.84076,0.311842,3.14343,7.55825,0.0972771,3.63127,9.58578,0.0303237,4.15787,12.0912,0.00945211,4.73731,15.2286,0.00294633,5.38238,19.1721,0.000918508,6.10553,24.134,0.000286163,6.91951,30.3791,8.92692e-05,7.83792,38.2397,2.78121e-05,8.87555,48.1338,8.65134e-06,10.0489,60.5876,2.7882e-06,11.3761,76.2629,8.29036e-07,12.8779,95.9927,2.4373e-07,14.5775,120.825,4.33068e-09,16.5012,152.08,1.75749e-07,18.6784,191.415,-1.86328e-07,21.1428,240.917,1.91829e-07,23.9322,303.213,-1.81475e-07,27.0895,381.602,7.0186e-08,30.6634,480.231,-2.86769e-08,34.7087,604.316,2.40784e-07,39.2876,760.401,9.87368e-08,44.4705,956.705,1.22263e-07,50.3371,1203.54,-4.31966e-07,56.9776,1513.81,-1.9705e-07,64.494,1903.69,-2.763e-08,73.0018,2393.4,3.9185e-07,82.6317,3008.13,1.35379e-07,93.5318,3779.25,-4.16351e-08,105.869,4745.7,2.06965e-08,119.834,5955.6,-3.18887e-07,135.641,7468.12,-1.48271e-08,153.531,9355.62,2.00739e-07,173.781,11705.8,2.28358e-07,196.701,14624.1,-1.93587e-08,222.642,18235,-2.88101e-07,252.003,22683.4,-2.24732e-07,285.234,28134,8.56806e-09,322.845,34767,2.34258e-07,365.413,42770.9,2.99668e-07,413.588,52327.9,8.28644e-08,468.111,63591.2,-3.07049e-07,529.814,76653.2,-3.1888e-07,599.642,91502.5,-6.72276e-08,678.662,107975,2.26339e-07,768.083,125705,3.69212e-07,869.267,144088,2.04077e-07,983.76,162277,-2.80509e-07,1113.3,179223,-4.22737e-07,1259.87,193777,-1.71951e-07,1425.68,204839,4.55555e-07,11.7194,11.96,12.6541,2.21263,4.16949,0.989383,2.67766,5.84076,0.311842,3.14343,7.55825,0.0972771,3.63127,9.58578,0.0303237,4.15787,12.0912,0.00945211,4.73731,15.2286,0.00294633,5.38238,19.1721,0.000918508,6.10553,24.134,0.000286163,6.91951,30.3791,8.92692e-05,7.83792,38.2397,2.78121e-05,8.87555,48.1338,8.65134e-06,10.0489,60.5876,2.7882e-06,11.3761,76.2629,8.29036e-07,12.8779,95.9927,2.4373e-07,14.5775,120.825,1e-08,16.5012,152.08,1.75749e-07,18.6784,191.415,1e-08,21.1428,240.917,1.91829e-07,23.9322,303.213,1e-08,27.0895,381.602,7.0186e-08,30.6634,480.231,1e-08,34.7087,604.316,2.40784e-07,39.2876,760.401,9.87368e-08,44.4705,956.705,1.22263e-07,50.3371,1203.54,1e-08,56.9776,1513.81,1e-08,64.494,1903.69,1e-08,73.0018,2393.4,3.9185e-07,82.6317,3008.13,1.35379e-07,93.5318,3779.25,1e-08,105.869,4745.7,2.06965e-08,119.834,5955.6,1e-08,135.641,7468.12,1e-08,153.531,9355.62,2.00739e-07,173.781,11705.8,2.28358e-07,196.701,14624.1,1e-08,222.642,18235,1e-08,252.003,22683.4,1e-08,285.234,28134,1e-08,322.845,34767,2.34258e-07,365.413,42770.9,2.99668e-07,413.588,52327.9,8.28644e-08,468.111,63591.2,1e-08,529.814,76653.2,1e-08,599.642,91502.5,1e-08,678.662,107975,2.26339e-07,768.083,125705,3.69212e-07,869.267,144088,2.04077e-07,983.76,162277,1e-08,1113.3,179223,1e-08,1259.87,193777,1e-08,1425.68,204839,4.55555e-07,6.2823,3.27286,2.43537,0.219672,6.18826,2.24117,0.56371,6.87772,2.63624,0.308279,15,8,12,1,1,1,5,6,0,2,1,0,10,6,0,3,22,0,9,25,0,3,10,0,7,27,0,6,43,0,10,27,0,4,25,0,7,45,0,7,42,0,15,151,0,18,96,0,20,76,0,23,129,0,40,140,0,36,107,0,35,521,0,20,628,0,31,553,0,47,592,0,55,991,0,49,1411,0,38,937,0,48,2227,0,146,2947,0,119,1847,0,79,1188,0,137,7021,0,153,6414,0,120,9251,0,178,9474,0,106,8673,0,180,7316,0,194,16409,0,211,13359,0,150,14107,0,331,17829,0,504,26272,0,527,26424,0,364,21174,0,571,119547,0,971,95433,0,828,65879,0,838,178443,0,731,90270,0,911,216002,0,863,141149,0,717,148959,0,1268,197900,0
-1.05176e+08,1,8.88811e-15,10,1023,0,1.05176e+08,0.528882,1.08665,0.389689,0.145397,0.379329,3.24381,0.161596,0.446195,1.77396,0.159177,1.15e+07,4.49998e+06,6.79999e+06,1.15e+07,4.49997e+06,6.79999e+06,1.15e+07,4.49996e+06,6.79999e+06,1.15e+07,4.49995e+06,6.79999e+06,1.14999e+07,4.49993e+06,6.79999e+06,1.14999e+07,4.49991e+06,6.79999e+06,1.14999e+07,4.49989e+06,6.79999e+06,1.14999e+07,4.49986e+06,6.79999e+06,1.14999e+07,4.49982e+06,6.79999e+06,1.14999e+07,4.49977e+06,6.79999e+06,1.14999e+07,4.49971e+06,6.79999e+06,1.14999e+07,4.49963e+06,6.79999e+06,1.14998e+07,4.49953e+06,6.79999e+06,1.14998e+07,4.49941e+06,6.79999e+06,1.14998e+07,4.49926e+06,6.79999e+06,1.14998e+07,4.49906e+06,6.79999e+06,1.14997e+07,4.49882e+06,6.79999e+06,1.14997e+07,4.49851e+06,6.79999e+06,1.14997e+07,4.49812e+06,6.79999e+06,1.14996e+07,4.49764e+06,6.79999e+06,1.14996e+07,4.49702e+06,6.79999e+06,1.14995e+07,4.49625e+06,6.79999e+06,1.14995e+07,4.49528e+06,6.79999e+06,1.14994e+07,4.49406e+06,6.79999e+06,1.14993e+07,4.49253e+06,6.79999e+06,1.14992e+07,4.49059e+06,6.79999e+06,1.14991e+07,4.48817e+06,6.79999e+06,1.1499e+07,4.48511e+06,6.79999e+06,1.14988e+07,4.48128e+06,6.79999e+06,1.14987e+07,4.47646e+06,6.79999e+06,1.14985e+07,4.47041e+06,6.79999e+06,1.14983e+07,4.46281e+06,6.79999e+06,1.14981e+07,4.4533e+06,6.79999e+06,1.14979e+07,4.44138e+06,6.79999e+06,1.14976e+07,4.42649e+06,6.79999e+06,1.14972e+07,4.40789e+06,6.79999e+06,1.14969e+07,4.38471e+06,6.79999e+06,1.14965e+07,4.35592e+06,6.79999e+06,1.1496e+07,4.32027e+06,6.79999e+06,1.14955e+07,4.27629e+06,6.79999e+06,1.14949e+07,4.22231e+06,6.79999e+06,1.14942e+07,4.15647e+06,6.79999e+06,1.14934e+07,4.07676e+06,6.79999e+06,1.14926e+07,3.98112e+06,6.79999e+06,1.14916e+07,3.86765e+06,6.79999e+06,1.14905e+07,3.73474e+06,6.79999e+06,1.14892e+07,3.58148e+06,6.79999e+06,1.14878e+07,3.40785e+06,6.79999e+06,1.14862e+07,3.21513e+06,6.79999e+06,1.14844e+07,3.00605e+06,6.79999e+06,1.14823e+07,2.7848e+06,6.79999e+06,1.148e+07,2.5568e+06,6.79999e+06,1.14773e+07,2.32825e+06,6.79999e+06,13.5742,8.52444,0.508366,16.8306,13.2585,0.162638,20.0035,17.569,0.0507846,23.2616,22.4214,0.0158319,26.7328,28.3297,0.00493498,30.5212,35.6974,0.00153831,34.7178,44.9473,0.000479527,39.4086,56.5822,0.000149456,44.6796,71.2245,4.66214e-05,50.6209,89.6543,1.45419e-05,57.3297,112.852,4.54748e-06,64.9129,142.051,1.43857e-06,73.4897,178.803,4.36618e-07,83.1934,225.062,1.40153e-07,94.1745,283.286,4.96378e-08,106.602,356.568,1.05434e-07,120.669,448.799,-6.49244e-08,136.59,564.873,1.70148e-07,154.611,710.948,-5.34594e-08,175.008,894.767,1.63407e-07,198.097,1126.06,8.04804e-08,224.231,1417.07,1.14667e-07,253.813,1783.15,-1.71227e-07,287.297,2243.62,-2.88466e-07,325.198,2822.67,-4.33651e-07,368.098,3550.67,7.9318e-08,416.657,4465.65,3.13319e-07,471.621,5615.16,3.4613e-07,533.835,7058.61,-1.19199e-07,604.255,8870.02,-2.79964e-07,683.962,11141.4,-2.30521e-07,774.182,13986.7,-2.55099e-07,876.299,17546.4,1.23585e-07,991.883,21993.1,1.41192e-07,1122.71,27536.7,-9.71886e-08,1270.78,34430.7,-3.68368e-07,1438.38,42977.7,-3.45379e-07,1628.07,53532.7,-3.25328e-09,1842.77,66504.6,2.6362e-07,2085.77,82350.2,2.53445e-07,2360.79,101560,-2.47407e-08,2672.05,124632,-3.80602e-07,3024.31,152018,-4.79005e-07,3422.98,184060,-1.14379e-07,3874.15,220884,2.64297e-07,4384.72,262283,3.44131e-07,4962.49,307576,7.5349e-08,5616.29,355497,-3.63097e-07,6356.1,404126,-6.05442e-07,7193.18,450932,-2.72333e-07,8140.28,492963,2.29675e-07,9211.79,527178,4.3387e-07,10424,550893,-1.0711e-07,10.102,8.06553,2.81012,10.6436,8.57909,0.869423,11.5336,10.2515,0.270869,12.7211,12.7138,0.0844293,14.1823,15.9373,0.0263173,15.9122,20.0383,0.0082035,17.9198,25.2154,0.00255722,20.2244,31.7373,0.000797017,22.8539,39.9486,0.000248622,25.8438,50.2851,7.75492e-05,29.237,63.2963,2.42508e-05,33.0837,79.6738,7.67162e-06,37.4415,100.288,2.32837e-06,42.3767,126.236,7.33e-07,47.9646,158.896,2.79256e-07,54.2906,200.003,9.87351e-09,61.452,251.741,1.61085e-07,69.5585,316.859,-2.47141e-07,78.7347,398.812,8.93552e-08,89.1218,501.948,-2.53231e-07,100.879,631.736,-1.25047e-07,114.188,795.049,-1.78808e-07,129.252,1000.53,2.6733e-07,146.304,1259.03,4.50292e-07,165.605,1584.19,6.76904e-07,187.452,1993.12,-1.23808e-07,212.181,2507.27,-4.89068e-07,240.173,3153.54,-5.40284e-07,271.856,3965.56,1.86061e-07,307.719,4985.38,4.37004e-07,348.313,6265.4,3.59828e-07,394.26,7870.83,3.98192e-07,446.268,9882.51,-1.92908e-07,505.135,12400.3,-2.20392e-07,571.766,15546.9,1.51705e-07,647.184,19472.2,5.74996e-07,732.547,24357.4,5.39112e-07,829.167,30420,5.07815e-09,938.526,37916.3,-4.11492e-07,1062.3,47143.9,-3.9561e-07,1202.4,58439.2,3.86185e-08,1360.96,72169.3,5.94093e-07,1540.42,88715.8,7.47693e-07,1743.53,108445,1.78537e-07,1973.41,131665,-4.12549e-07,2233.57,158557,-5.37164e-07,2528,189103,-1.17615e-07,2861.2,222986,5.66769e-07,3238.27,259510,9.45053e-07,3664.97,297540,4.25093e-07,4147.81,335497,-3.58506e-07,4694.17,371444,-6.7724e-07,5312.37,403256,1.67192e-07,1.61744,3.89446,9.84394,3.28846,7.5504,12.774,5.07607,11.7187,13.6844,7.03202,16.8147,13.9681,9.20215,23.1769,14.0566,11.6301,31.1672,14.0841,14.3598,41.2186,14.0927,17.4376,53.8688,14.0954,20.9137,69.7915,14.0962,24.8432,89.8341,14.0965,29.2879,115.063,14.0966,34.3168,146.819,14.0966,40.0078,186.792,14.0966,46.4487,237.107,14.0966,53.7388,300.44,14.0966,61.9903,380.158,14.0966,71.3301,480.499,14.0966,81.902,606.796,14.0966,93.8685,765.761,14.0966,107.414,965.837,14.0966,122.746,1217.65,14.0966,140.101,1534.57,14.0966,159.745,1933.41,14.0966,181.981,2435.3,14.0966,207.15,3066.85,14.0966,235.64,3861.46,14.0966,267.889,4861.11,14.0966,304.391,6118.54,14.0966,345.709,7699.91,14.0966,392.478,9688.22,14.0966,445.417,12187.5,14.0966,505.339,15327.7,14.0966,573.165,19271.6,14.0966,649.938,24222,14.0966,736.839,30430.9,14.0966,835.202,38211.5,14.0966,946.539,47950.3,14.0966,1072.56,60122.8,14.0966,1215.21,75309.9,14.0966,1376.66,94216.2,14.0966,1559.41,117688,14.0966,1766.26,146729,14.0966,2000.39,182510,14.0966,2265.39,226372,14.0966,2565.33,279806,14.0966,2904.81,344416,14.0966,3289.05,421845,14.0966,3723.93,513667,14.0966,4216.13,621231,14.0966,4773.18,745478,14.0966,5403.64,886744,14.0966,6117.15,1.04457e+06,14.0966,6924.63,1.2176e+06,14.0966,11.7194,11.96,12.6541,13.9321,16.1295,13.6434,16.6097,21.9702,13.9553,19.7532,29.5285,14.0526,23.3844,39.1143,14.0829,27.5423,51.2054,14.0923,32.2796,66.434,14.0953,37.662,85.6061,14.0962,43.7675,109.74,14.0965,50.687,140.119,14.0966,58.5249,178.359,14.0966,67.4005,226.493,14.0966,77.4493,287.08,14.0966,88.8254,363.343,14.0966,101.703,459.336,14.0966,116.281,580.161,14.0966,132.782,732.241,14.0966,151.46,923.655,14.0966,172.603,1164.57,14.0966,196.535,1467.79,14.0966,223.625,1849.39,14.0966,254.288,2329.62,14.0966,288.997,2933.93,14.0966,328.285,3694.33,14.0966,372.755,4651.04,14.0966,423.092,5854.57,14.0966,480.07,7368.38,14.0966,544.564,9272.08,14.0966,617.566,11665.5,14.0966,700.197,14673.6,14.0966,793.729,18452.9,14.0966,899.599,23198.6,14.0966,1019.43,29154.1,14.0966,1155.07,36622.3,14.0966,1308.6,45977.9,14.0966,1482.39,57683.7,14.0966,1679.09,72307.8,14.0966,1901.73,90542.8,14.0966,2153.73,113226,14.0966,2438.97,141360,14.0966,2761.81,176127,14.0966,3127.22,218898,14.0966,3540.81,271226,14.0966,4008.92,334817,14.0966,4538.74,411470,14.0966,5138.38,502973,14.0966,5817.04,610948,14.0966,6585.12,736653,14.0966,7454.39,880741,14.0966,8438.15,1.04302e+06,14.0966,9551.45,1.22224e+06,14.0966,10811.3,1.41602e+06,14.0966,12237,1.62086e+06,14.0966,11.7194,11.96,12.6541,2.21263,4.16949,0.989383,2.67766,5.84076,0.311842,3.14343,7.55825,0.0972771,3.63127,9.58578,0.0303237,4.15787,12.0912,0.00945211,4.73731,15.2286,0.00294633,5.38238,19.1721,0.000918508,6.10553,24.134,0.000286163,6.91951,30.3791,8.92692e-05,7.83792,38.2397,2.78121e-05,8.87555,48.1338,8.65134e-06,10.0489,60.5876,2.7882e-06,11.3761,76.2629,8.29036e-07,12.8779,95.9927,2.4373e-07,14.5775,120.825,4.33068e-09,16.5012,152.08,1.75749e-07,18.6784,191.415,-1.86328e-07,21.1428,240.917,1.91829e-07,23.9322,303.213,-1.81475e-07,27.0895,381.602,7.0186e-08,30.6634,480.231,-2.86769e-08,34.7087,604.316,2.40784e-07,39.2876,760.401,9.87368e-08,44.4705,956.705,1.22263e-07,50.3371,1203.54,-4.31966e-07,56.9776,1513.81,-1.9705e-07,64.494,1903.69,-2.763e-08,73.0018,2393.4,3.9185e-07,82.6317,3008.13,1.35379e-07,93.5318,3779.25,-4.16351e-08,105.869,4745.7,2.06965e-08,119.834,5955.6,-3.18887e-07,135.641,7468.12,-1.48271e-08,153.531,9355.62,2.00739e-07,173.781,11705.8,2.28358e-07,196.701,14624.1,-1.93587e-08,222.642,18235,-2.88101e-07,252.003,22683.4,-2.24732e-07,285.234,28134,8.56806e-09,322.845,34767,2.34258e-07,365.413,42770.9,2.99668e-07,413.588,52327.9,8.28644e-08,468.111,63591.2,-3.07049e-07,529.814,76653.2,-3.1888e-07,599.642,91502.5,-6.72276e-08,678.662,107975,2.26339e-07,768.083,125705,3.69212e-07,869.267,144088,2.04077e-07,983.76,162277,-2.80509e-07,1113.3,179223,-4.22737e-07,1259.87,193777,-1.71951e-07,1425.68,204839,4.55555e-07,11.7194,11.96,12.6541,2.21263,4.16949,0.989383,2.67766,5.84076,0.311842,3.14343,7.55825,0.0972771,3.63127,9.58578,0.0303237,4.15787,12.0912,0.00945211,4.73731,15.2286,0.00294633,5.38238,19.1721,0.000918508,6.10553,24.134,0.000286163,6.91951,30.3791,8.92692e-05,7.83792,38.2397,2.78121e-05,8.87555,48.1338,8.65134e-06,10.0489,60.5876,2.7882e-06,11.3761,76.2629,8.29036e-07,12.8779,95.9927,2.4373e-07,14.5775,120.825,1e-08,16.5012,152.08,1.75749e-07,18.6784,191.415,1e-08,21.1428,240.917,1.91829e-07,23.9322,303.213,1e-08,27.0895,381.602,7.0186e-08,30.6634,480.231,1e-08,34.7087,604.316,2.40784e-07,39.2876,760.401,9.87368e-08,44.4705,956.705,1.22263e-07,50.3371,1203.54,1e-08,56.9776,1513.81,1e-08,64.494,1903.69,1e-08,73.0018,2393.4,3.9185e-07,82.6317,3008.13,1.35379e-07,93.5318,3779.25,1e-08,105.869,4745.7,2.06965e-08,119.834,5955.6,1e-08,135.641,7468.12,1e-08,153.531,9355.62,2.00739e-07,173.781,11705.8,2.28358e-07,196.701,14624.1,1e-08,222.642,18235,1e-08,252.003,22683.4,1e-08,285.234,28134,1e-08,322.845,34767,2.34258e-07,365.413,42770.9,2.99668e-07,413.588,52327.9,8.28644e-08,468.111,63591.2,1e-08,529.814,76653.2,1e-08,599.642,91502.5,1e-08,678.662,107975,2.26339e-07,768.083,125705,3.69212e-07,869.267,144088,2.04077e-07,983.76,162277,1e-08,1113.3,179223,1e-08,1259.87,193777,1e-08,1425.68,204839,4.55555e-07,6.2823,3.27286,2.43537,0.219672,6.18826,2.24117,0.56371,6.87772,2.63624,0.308279,8,17,14,2,2,2,4,2,0,0,9,0,2,7,0,3,14,0,3,12,0,5,7,0,5,19,0,7,16,0,4,28,0,5,34,0,9,70,0,5,71,0,10,87,0,6,70,0,26,128,0,21,120,0,36,395,0,22,125,0,24,375,0,27,347,0,13,1081,0,39,497,0,58,1034,0,46,1203,0,25,1175,0,55,1186,0,137,2475,0,75,3715,0,72,5384,0,59,3805,0,93,4859,0,193,7211,0,116,9491,0,300,10762,0,170,14045,0,189,4367,0,125,24492,0,205,19487,0,408,25868,0,499,35865,0,315,68327,0,499,23015,0,438,64099,0,743,65435,0,924,132701,0,373,128010,0,1264,72412,0,958,103076,0,779,85640,0,1323,129182,0,859,165754,0
-1.05176e+08,1,8.88811e-15,10,1023,0,1.05176e+08,0.528882,1.08665,0.389689,0.145397,0.379329,3.24381,0.161596,0.446195,1.77396,0.159177,1.15e+07,4.49998e+06,6.79999e+06,1.15e+07,4.49997e+06,6.79999e+06,1.15e+07,4.49996e+06,6.79999e+06,1.15e+07,4.49995e+06,6.79999e+06,1.14999e+07,4.49993e+06,6.79999e+06,1.14999e+07,4.49991e+06,6.79999e+06,1.14999e+07,4.49989e+06,6.79999e+06,1.14999e+07,4.49986e+06,6.79999e+06,1.14999e+07,4.49982e+06,6.79999e+06,1.14999e+07,4.49977e+06,6.79999e+06,1.14999e+07,4.49971e+06,6.79999e+06,1.14999e+07,4.49963e+06,6.79999e+06,1.14998e+07,4.49953e+06,6.79999e+06,1.14998e+07,4.49941e+06,6.79999e+06,1.14998e+07,4.49926e+06,6.79999e+06,1.14998e+07,4.49906e+06,6.79999e+06,1.14997e+07,4.49882e+06,6.79999e+06,1.14997e+07,4.49851e+06,6.79999e+06,1.14997e+07,4.49812e+06,6.79999e+06,1.14996e+07,4.49764e+06,6.79999e+06,1.14996e+07,4.49702e+06,6.79999e+06,1.14995e+07,4.49625e+06,6.79999e+06,1.14995e+07,4.49528e+06,6.79999e+06,1.14994e+07,4.49406e+06,6.79999e+06,1.14993e+07,4.49253e+06,6.79999e+06,1.14992e+07,4.49059e+06,6.79999e+06,1.14991e+07,4.48817e+06,6.79999e+06,1.1499e+07,4.48511e+06,6.79999e+06,1.14988e+07,4.48128e+06,6.79999e+06,1.14987e+07,4.47646e+06,6.79999e+06,1.14985e+07,4.47041e+06,6.79999e+06,1.14983e+07,4.46281e+06,6.79999e+06,1.14981e+07,4.4533e+06,6.79999e+06,1.14979e+07,4.44138e+06,6.79999e+06,1.14976e+07,4.42649e+06,6.79999e+06,1.14972e+07,4.40789e+06,6.79999e+06,1.14969e+07,4.38471e+06,6.79999e+06,1.14965e+07,4.35592e+06,6.79999e+06,1.1496e+07,4.32027e+06,6.79999e+06,1.14955e+07,4.27629e+06,6.79999e+06,1.14949e+07,4.22231e+06,6.79999e+06,1.14942e+07,4.15647e+06,6.79999e+06,1.14934e+07,4.07676e+06,6.79999e+06,1.14926e+07,3.98112e+06,6.79999e+06,1.14916e+07,3.86765e+06,6.79999e+06,1.14905e+07,3.73474e+06,6.79999e+06,1.14892e+07,3.58148e+06,6.79999e+06,1.14878e+07,3.40785e+06,6.79999e+06,1.14862e+07,3.21513e+06,6.79999e+06,1.14844e+07,3.00605e+06,6.79999e+06,1.14823e+07,2.7848e+06,6.79999e+06,1.148e+07,2.5568e+06,6.79999e+06,1.14773e+07,2.32825e+06,6.79999e+06,13.5742,8.52444,0.508366,16.8306,13.2585,0.162638,20.0035,17.569,0.0507846,23.2616,22.4214,0.0158319,26.7328,28.3297,0.00493498,30.5212,35.6974,0.00153831,34.7178,44.9473,0.000479527,39.4086,56.5822,0.000149456,44.6796,71.2245,4.66214e-05,50.6209,89.6543,1.45419e-05,57.3297,112.852,4.54748e-06,64.9129,142.051,1.43857e-06,73.4897,178.803,4.36618e-07,83.1934,225.062,1.40153e-07,94.1745,283.286,4.96378e-08,106.602,356.568,1.05434e-07,120.669,448.799,-6.49244e-08,136.59,564.873,1.70148e-07,154.611,710.948,-5.34594e-08,175.008,894.767,1.63407e-07,198.097,1126.06,8.04804e-08,224.231,1417.07,1.14667e-07,253.813,1783.15,-1.71227e-07,287.297,2243.62,-2.88466e-07,325.198,2822.67,-4.33651e-07,368.098,3550.67,7.9318e-08,416.657,4465.65,3.13319e-07,471.621,5615.16,3.4613e-07,533.835,7058.61,-1.19199e-07,604.255,8870.02,-2.79964e-07,683.962,11141.4,-2.30521e-07,774.182,13986.7,-2.55099e-07,876.299,17546.4,1.23585e-07,991.883,21993.1,1.41192e-07,1122.71,27536.7,-9.71886e-08,1270.78,34430.7,-3.68368e-07,1438.38,42977.7,-3.45379e-07,1628.07,53532.7,-3.25328e-09,1842.77,66504.6,2.6362e-07,2085.77,82350.2,2.53445e-07,2360.79,101560,-2.47407e-08,2672.05,124632,-3.80602e-07,3024.31,152018,-4.79005e-07,3422.98,184060,-1.14379e-07,3874.15,220884,2.64297e-07,4384.72,262283,3.44131e-07,4962.49,307576,7.5349e-08,5616.29,355497,-3.63097e-07,6356.1,404126,-6.05442e-07,7193.18,450932,-2.72333e-07,8140.28,492963,2.29675e-07,9211.79,527178,4.3387e-07,10424,550893,-1.0711e-07,10.102,8.06553,2.81012,10.6436,8.57909,0.869423,11.5336,10.2515,0.270869,12.7211,12.7138,0.0844293,14.1823,15.9373,0.0263173,15.9122,20.0383,0.0082035,17.9198,25.2154,0.00255722,20.2244,31.7373,0.000797017,22.8539,39.9486,0.000248622,25.8438,50.2851,7.75492e-05,29.237,63.2963,2.42508e-05,33.0837,79.6738,7.67162e-06,37.4415,100.288,2.32837e-06,42.3767,126.236,7.33e-07,47.9646,158.896,2.79256e-07,54.2906,200.003,9.87351e-09,61.452,251.741,1.61085e-07,69.5585,316.859,-2.47141e-07,78.7347,398.812,8.93552e-08,89.1218,501.948,-2.53231e-07,100.879,631.736,-1.25047e-07,114.188,795.049,-1.78808e-07,129.252,1000.53,2.6733e-07,146.304,1259.03,4.50292e-07,165.605,1584.19,6.76904e-07,187.452,1993.12,-1.23808e-07,212.181,2507.27,-4.89068e-07,240.173,3153.54,-5.40284e-07,271.856,3965.56,1.86061e-07,307.719,4985.38,4.37004e-07,348.313,6265.4,3.59828e-07,394.26,7870.83,3.98192e-07,446.268,9882.51,-1.92908e-07,505.135,12400.3,-2.20392e-07,571.766,15546.9,1.51705e-07,647.184,19472.2,5.74996e-07,732.547,24357.4,5.39112e-07,829.167,30420,5.07815e-09,938.526,37916.3,-4.11492e-07,1062.3,47143.9,-3.9561e-07,1202.4,58439.2,3.86185e-08,1360.96,72169.3,5.94093e-07,1540.42,88715.8,7.47693e-07,1743.53,108445,1.78537e-07,1973.41,131665,-4.12549e-07,2233.57,158557,-5.37164e-07,2528,189103,-1.17615e-07,2861.2,222986,5.66769e-07,3238.27,259510,9.45053e-07,3664.97,297540,4.25093e-07,4147.81,335497,-3.58506e-07,4694.17,371444,-6.7724e-07,5312.37,403256,1.67192e-07,1.61744,3.89446,9.84394,3.28846,7.5504,12.774,5.07607,11.7187,13.6844,7.03202,16.8147,13.9681,9.20215,23.1769,14.0566,11.6301,31.1672,14.0841,14.3598,41.2186,14.0927,17.4376,53.8688,14.0954,20.9137,69.7915,14.0962,24.8432,89.8341,14.0965,29.2879,115.063,14.0966,34.3168,146.819,14.0966,40.0078,186.792,14.0966,46.4487,237.107,14.0966,53.7388,300.44,14.0966,61.9903,380.158,14.0966,71.3301,480.499,14.0966,81.902,606.796,14.0966,93.8685,765.761,14.0966,107.414,965.837,14.0966,122.746,1217.65,14.0966,140.101,1534.57,14.0966,159.745,1933.41,14.0966,181.981,2435.3,14.0966,207.15,3066.85,14.0966,235.64,3861.46,14.0966,267.889,4861.11,14.0966,304.391,6118.54,14.0966,345.709,7699.91,14.0966,392.478,9688.22,14.0966,445.417,12187.5,14.0966,505.339,15327.7,14.0966,573.165,19271.6,14.0966,649.938,24222,14.0966,736.839,30430.9,14.0966,835.202,38211.5,14.0966,946.539,47950.3,14.0966,1072.56,60122.8,14.0966,1215.21,75309.9,14.0966,1376.66,94216.2,14.0966,1559.41,117688,14.0966,1766.26,146729,14.0966,2000.39,182510,14.0966,2265.39,226372,14.0966,2565.33,279806,14.0966,2904.81,344416,14.0966,3289.05,421845,14.0966,3723.93,513667,14.0966,4216.13,621231,14.0966,4773.18,745478,14.0966,5403.64,886744,14.0966,6117.15,1.04457e+06,14.0966,6924.63,1.2176e+06,14.0966,11.7194,11.96,12.6541,13.9321,16.1295,13.6434,16.6097,21.9702,13.9553,19.7532,29.5285,14.0526,23.3844,39.1143,14.0829,27.5423,51.2054,14.0923,32.2796,66.434,14.0953,37.662,85.6061,14.0962,43.7675,109.74,14.0965,50.687,140.119,14.0966,58.5249,178.359,14.0966,67.4005,226.493,14.0966,77.4493,287.08,14.0966,88.8254,363.343,14.0966,101.703,459.336,14.0966,116.281,580.161,14.0966,132.782,732.241,14.0966,151.46,923.655,14.0966,172.603,1164.57,14.0966,196.535,1467.79,14.0966,223.625,1849.39,14.0966,254.288,2329.62,14.0966,288.997,2933.93,14.0966,328.285,3694.33,14.0966,372.755,4651.04,14.0966,423.092,5854.57,14.0966,480.07,7368.38,14.0966,544.564,9272.08,14.0966,617.566,11665.5,14.0966,700.197,14673.6,14.0966,793.729,18452.9,14.0966,899.599,23198.6,14.0966,1019.43,29154.1,14.0966,1155.07,36622.3,14.0966,1308.6,45977.9,14.0966,1482.39,57683.7,14.0966,1679.09,72307.8,14.0966,1901.73,90542.8,14.0966,2153.73,113226,14.0966,2438.97,141360,14.0966,2761.81,176127,14.0966,3127.22,218898,14.0966,3540.81,271226,14.0966,4008.92,334817,14.0966,4538.74,411470,14.0966,5138.38,502973,14.0966,5817.04,610948,14.0966,6585.12,736653,14.0966,7454.39,880741,14.0966,8438.15,1.04302e+06,14.0966,9551.45,1.22224e+06,14.0966,10811.3,1.41602e+06,14.0966,12237,1.62086e+06,14.0966,11.7194,11.96,12.6541,2.21263,4.16949,0.989383,2.67766,5.84076,0.311842,3.14343,7.55825,0.0972771,3.63127,9.58578,0.0303237,4.15787,12.0912,0.00945211,4.73731,15.2286,0.00294633,5.38238,19.1721,0.000918508,6.10553,24.134,0.000286163,6.91951,30.3791,8.92692e-05,7.83792,38.2397,2.78121e-05,8.87555,48.1338,8.65134e-06,10.0489,60.5876,2.7882e-06,11.3761,76.2629,8.29036e-07,12.8779,95.9927,2.4373e-07,14.5775,120.825,4.33068e-09,16.5012,152.08,1.75749e-07,18.6784,191.415,-1.86328e-07,21.1428,240.917,1.91829e-07,23.9322,303.213,-1.81475e-07,27.0895,381.602,7.0186e-08,30.6634,480.231,-2.86769e-08,34.7087,604.316,2.40784e-07,39.2876,760.401,9.87368e-08,44.4705,956.705,1.22263e-07,50.3371,1203.54,-4.31966e-07,56.9776,1513.81,-1.9705e-07,64.494,1903.69,-2.763e-08,73.0018,2393.4,3.9185e-07,82.6317,3008.13,1.35379e-07,93.5318,3779.25,-4.16351e-08,105.869,4745.7,2.06965e-08,119.834,5955.6,-3.18887e-07,135.641,7468.12,-1.48271e-08,153.531,9355.62,2.00739e-07,173.781,11705.8,2.28358e-07,196.701,14624.1,-1.93587e-08,222.642,18235,-2.88101e-07,252.003,22683.4,-2.24732e-07,285.234,28134,8.56806e-09,322.845,34767,2.34258e-07,365.413,42770.9,2.99668e-07,413.588,52327.9,8.28644e-08,468.111,63591.2,-3.07049e-07,529.814,76653.2,-3.1888e-07,599.642,91502.5,-6.72276e-08,678.662,107975,2.26339e-07,768.083,125705,3.69212e-07,869.267,144088,2.04077e-07,983.76,162277,-2.80509e-07,1113.3,179223,-4.22737e-07,1259.87,193777,-1.71951e-07,1425.68,204839,4.55555e-07,11.7194,11.96,12.6541,2.21263,4.16949,0.989383,2.67766,5.84076,0.311842,3.14343,7.55825,0.0972771,3.63127,9.58578,0.0303237,4.15787,12.0912,0.00945211,4.73731,15.2286,0.00294633,5.38238,19.1721,0.000918508,6.10553,24.134,0.000286163,6.91951,30.3791,8.92692e-05,7.83792,38.2397,2.78121e-05,8.87555,48.1338,8.65134e-06,10.0489,60.5876,2.7882e-06,11.3761,76.2629,8.29036e-07,12.8779,95.9927,2.4373e-07,14.5775,120.825,1e-08,16.5012,152.08,1.75749e-07,18.6784,191.415,1e-08,21.1428,240.917,1.91829e-07,23.9322,303.213,1e-08,27.0895,381.602,7.0186e-08,30.6634,480.231,1e-08,34.7087,604.316,2.40784e-07,39.2876,760.401,9.87368e-08,44.4705,956.705,1.22263e-07,50.3371,1203.54,1e-08,56.9776,1513.81,1e-08,64.494,1903.69,1e-08,73.0018,2393.4,3.9185e-07,82.6317,3008.13,1.35379e-07,93.5318,3779.25,1e-08,105.869,4745.7,2.06965e-08,119.834,5955.6,1e-08,135.641,7468.12,1e-08,153.531,9355.62,2.00739e-07,173.781,11705.8,2.28358e-07,196.701,14624.1,1e-08,222.642,18235,1e-08,252.003,22683.4,1e-08,285.234,28134,1e-08,322.845,34767,2.34258e-07,365.413,42770.9,2.99668e-07,413.588,52327.9,8.28644e-08,468.111,63591.2,1e-08,529.814,76653.2,1e-08,599.642,91502.5,1e-08,678.662,107975,2.26339e-07,768.083,125705,3.69212e-07,869.267,144088,2.04077e-07,983.76,162277,1e-08,1113.3,179223,1e-08,1259.87,193777,1e-08,1425.68,204839,4.55555e-07,6.2823,3.27286,2.43537,0.219672,6.18826,2.24117,0.56371,6.87772,2.63624,0.308279,12,12,15,2,1,0,5,4,0,3,4,0,3,13,0,1,16,0,2,12,0,6,16,0,4,27,0,6,33,0,9,33,0,12,61,0,4,43,0,6,59,0,12,82,0,18,54,0,7,242,0,17,273,0,15,244,0,9,487,0,39,476,0,11,595,0,46,743,0,33,968,0,51,826,0,57,770,0,61,1404,0,53,1543,0,57,1681,0,57,4465,0,96,5537,0,71,8004,0,205,8223,0,139,12230,0,165,13719,0,166,8791,0,109,17620,0,122,13391,0,222,26939,0,186,34285,0,204,40095,0,253,47063,0,265,34107,0,281,101412,0,605,62676,0,389,103013,0,517,60801,0,497,96631,0,640,92269,0,980,159844,0,1979,357535,0,1071,141512,0,1858,209695,0
-1.05176e+08,1,8.88811e-15,10,1023,0,1.05176e+08,0.528882,1.08665,0.389689,0.145397,0.379329,3.24381,0.161596,0.446195,1.77396,0.159177,1.15e+07,4.49998e+06,6.79999e+06,1.15e+07,4.49997e+06,6.79999e+06,1.15e+07,4.49996e+06,6.79999e+06,1.15e+07,4.49995e+06,6.79999e+06,1.14999e+07,4.49993e+06,6.79999e+06,1.14999e+07,4.49991e+06,6.79999e+06,1.14999e+07,4.49989e+06,6.79999e+06,1.14999e+07,4.49986e+06,6.79999e+06,1.14999e+07,4.49982e+06,6.79999e+06,1.14999e+07,4.49977e+06,6.79999e+06,1.14999e+07,4.49971e+06,6.79999e+06,1.14999e+07,4.49963e+06,6.79999e+06,1.14998e+07,4.49953e+06,6.79999e+06,1.14998e+07,4.49941e+06,6.79999e+06,1.14998e+07,4.49926e+06,6.79999e+06,1.14998e+07,4.49906e+06,6.79999e+06,1.14997e+07,4.49882e+06,6.79999e+06,1.14997e+07,4.49851e+06,6.79999e+06,1.14997e+07,4.49812e+06,6.79999e+06,1.14996e+07,4.49764e+06,6.79999e+06,1.14996e+07,4.49702e+06,6.79999e+06,1.14995e+07,4.49625e+06,6.79999e+06,1.14995e+07,4.49528e+06,6.79999e+06,1.14994e+07,4.49406e+06,6.79999e+06,1.14993e+07,4.49253e+06,6.79999e+06,1.14992e+07,4.49059e+06,6.79999e+06,1.14991e+07,4.48817e+06,6.79999e+06,1.1499e+07,4.48511e+06,6.79999e+06,1.14988e+07,4.48128e+06,6.79999e+06,1.14987e+07,4.47646e+06,6.79999e+06,1.14985e+07,4.47041e+06,6.79999e+06,1.14983e+07,4.46281e+06,6.79999e+06,1.14981e+07,4.4533e+06,6.79999e+06,1.14979e+07,4.44138e+06,6.79999e+06,1.14976e+07,4.42649e+06,6.79999e+06,1.14972e+07,4.40789e+06,6.79999e+06,1.14969e+07,4.38471e+06,6.79999e+06,1.14965e+07,4.35592e+06,6.79999e+06,1.1496e+07,4.32027e+06,6.79999e+06,1.14955e+07,4.27629e+06,6.79999e+06,1.14949e+07,4.22231e+06,6.79999e+06,1.14942e+07,4.15647e+06,6.79999e+06,1.14934e+07,4.07676e+06,6.79999e+06,1.14926e+07,3.98112e+06,6.79999e+06,1.14916e+07,3.86765e+06,6.79999e+06,1.14905e+07,3.73474e+06,6.79999e+06,1.14892e+07,3.58148e+06,6.79999e+06,1.14878e+07,3.40785e+06,6.79999e+06,1.14862e+07,3.21513e+06,6.79999e+06,1.14844e+07,3.00605e+06,6.79999e+06,1.14823e+07,2.7848e+06,6.79999e+06,1.148e+07,2.5568e+06,6.79999e+06,1.14773e+07,2.32825e+06,6.79999e+06,13.5742,8.52444,0.508366,16.8306,13.2585,0.162638,20.0035,17.569,0.0507846,23.2616,22.4214,0.0158319,26.7328,28.3297,0.00493498,30.5212,35.6974,0.00153831,34.7178,44.9473,0.000479527,39.4086,56.5822,0.000149456,44.6796,71.2245,4.66214e-05,50.6209,89.6543,1.45419e-05,57.3297,112.852,4.54748e-06,64.9129,142.051,1.43857e-06,73.4897,178.803,4.36618e-07,83.1934,225.062,1.40153e-07,94.1745,283.286,4.96378e-08,106.602,356.568,1.05434e-07,120.669,448.799,-6.49244e-08,136.59,564.873,1.70148e-07,154.611,710.948,-5.34594e-08,175.008,894.767,1.63407e-07,198.097,1126.06,8.04804e-08,224.231,1417.07,1.14667e-07,253.813,1783.15,-1.71227e-07,287.297,2243.62,-2.88466e-07,325.198,2822.67,-4.33651e-07,368.098,3550.67,7.9318e-08,416.657,4465.65,3.13319e-07,471.621,5615.16,3.4613e-07,533.835,7058.61,-1.19199e-07,604.255,8870.02,-2.79964e-07,683.962,11141.4,-2.30521e-07,774.182,13986.7,-2.55099e-07,876.299,17546.4,1.23585e-07,991.883,21993.1,1.41192e-07,1122.71,27536.7,-9.71886e-08,1270.78,34430.7,-3.68368e-07,1438.38,42977.7,-3.45379e-07,1628.07,53532.7,-3.25328e-09,1842.77,66504.6,2.6362e-07,2085.77,82350.2,2.53445e-07,2360.79,101560,-2.47407e-08,2672.05,124632,-3.80602e-07,3024.31,152018,-4.79005e-07,3422.98,184060,-1.14379e-07,3874.15,220884,2.64297e-07,4384.72,262283,3.44131e-07,4962.49,307576,7.5349e-08,5616.29,355497,-3.63097e-07,6356.1,404126,-6.05442e-07,7193.18,450932,-2.72333e-07,8140.28,492963,2.29675e-07,9211.79,527178,4.3387e-07,10424,550893,-1.0711e-07,10.102,8.06553,2.81012,10.6436,8.57909,0.869423,11.5336,10.2515,0.270869,12.7211,12.7138,0.0844293,14.1823,15.9373,0.0263173,15.9122,20.0383,0.0082035,17.9198,25.2154,0.00255722,20.2244,31.7373,0.000797017,22.8539,39.9486,0.000248622,25.8438,50.2851,7.75492e-05,29.237,63.2963,2.42508e-05,33.0837,79.6738,7.67162e-06,37.4415,100.288,2.32837e-06,42.3767,126.236,7.33e-07,47.9646,158.896,2.79256e-07,54.2906,200.003,9.87351e-09,61.452,251.741,1.61085e-07,69.5585,316.859,-2.47141e-07,78.7347,398.812,8.93552e-08,89.1218,501.948,-2.53231e-07,100.879,631.736,-1.25047e-07,114.188,795.049,-1.78808e-07,129.252,1000.53,2.6733e-07,146.304,1259.03,4.50292e-07,165.605,1584.19,6.76904e-07,187.452,1993.12,-1.23808e-07,212.181,2507.27,-4.89068e-07,240.173,3153.54,-5.40284e-07,271.856,3965.56,1.86061e-07,307.719,4985.38,4.37004e-07,348.313,6265.4,3.59828e-07,394.26,7870.83,3.98192e-07,446.268,9882.51,-1.92908e-07,505.135,12400.3,-2.20392e-07,571.766,15546.9,1.51705e-07,647.184,19472.2,5.74996e-07,732.547,24357.4,5.39112e-07,829.167,30420,5.07815e-09,938.526,37916.3,-4.11492e-07,1062.3,47143.9,-3.9561e-07,1202.4,58439.2,3.86185e-08,1360.96,72169.3,5.94093e-07,1540.42,88715.8,7.47693e-07,1743.53,108445,1.78537e-07,1973.41,131665,-4.12549e-07,2233.57,158557,-5.37164e-07,2528,189103,-1.17615e-07,2861.2,222986,5.66769e-07,3238.27,259510,9.45053e-07,3664.97,297540,4.25093e-07,4147.81,335497,-3.58506e-07,4694.17,371444,-6.7724e-07,5312.37,403256,1.67192e-07,1.61744,3.89446,9.84394,3.28846,7.5504,12.774,5.07607,11.7187,13.6844,7.03202,16.8147,13.9681,9.20215,23.1769,14.0566,11.6301,31.1672,14.0841,14.3598,41.2186,14.0927,17.4376,53.8688,14.0954,20.9137,69.7915,14.0962,24.8432,89.8341,14.0965,29.2879,115.063,14.0966,34.3168,146.819,14.0966,40.0078,186.792,14.0966,46.4487,237.107,14.0966,53.7388,300.44,14.0966,61.9903,380.158,14.0966,71.3301,480.499,14.0966,81.902,606.796,14.0966,93.8685,765.761,14.0966,107.414,965.837,14.0966,122.746,1217.65,14.0966,140.101,1534.57,14.0966,159.745,1933.41,14.0966,181.981,2435.3,14.0966,207.15,3066.85,14.0966,235.64,3861.46,14.0966,267.889,4861.11,14.0966,304.391,6118.54,14.0966,345.709,7699.91,14.0966,392.478,9688.22,14.0966,445.417,12187.5,14.0966,505.339,15327.7,14.0966,573.165,19271.6,14.0966,649.938,24222,14.0966,736.839,30430.9,14.0966,835.202,38211.5,14.0966,946.539,47950.3,14.0966,1072.56,60122.8,14.0966,1215.21,75309.9,14.0966,1376.66,94216.2,14.0966,1559.41,117688,14.0966,1766.26,146729,14.0966,2000.39,182510,14.0966,2265.39,226372,14.0966,2565.33,279806,14.0966,2904.81,344416,14.0966,3289.05,421845,14.0966,3723.93,513667,14.0966,4216.13,621231,14.0966,4773.18,745478,14.0966,5403.64,886744,14.0966,6117.15,1.04457e+06,14.0966,6924.63,1.2176e+06,14.0966,11.7194,11.96,12.6541,13.9321,16.1295,13.6434,16.6097,21.9702,13.9553,19.7532,29.5285,14.0526,23.3844,39.1143,14.0829,27.5423,51.2054,14.0923,32.2796,66.434,14.0953,37.662,85.6061,14.0962,43.7675,109.74,14.0965,50.687,140.119,14.0966,58.5249,178.359,14.0966,67.4005,226.493,14.0966,77.4493,287.08,14.0966,88.8254,363.343,14.0966,101.703,459.336,14.0966,116.281,580.161,14.0966,132.782,732.241,14.0966,151.46,923.655,14.0966,172.603,1164.57,14.0966,196.535,1467.79,14.0966,223.625,1849.39,14.0966,254.288,2329.62,14.0966,288.997,2933.93,14.0966,328.285,3694.33,14.0966,372.755,4651.04,14.0966,423.092,5854.57,14.0966,480.07,7368.38,14.0966,544.564,9272.08,14.0966,617.566,11665.5,14.0966,700.197,14673.6,14.0966,793.729,18452.9,14.0966,899.599,23198.6,14.0966,1019.43,29154.1,14.0966,1155.07,36622.3,14.0966,1308.6,45977.9,14.0966,1482.39,57683.7,14.0966,1679.09,72307.8,14.0966,1901.73,90542.8,14.0966,2153.73,113226,14.0966,2438.97,141360,14.0966,2761.81,176127,14.0966,3127.22,218898,14.0966,3540.81,271226,14.0966,4008.92,334817,14.0966,4538.74,411470,14.0966,5138.38,502973,14.0966,5817.04,610948,14.0966,6585.12,736653,14.0966,7454.39,880741,14.0966,8438.15,1.04302e+06,14.0966,9551.45,1.22224e+06,14.0966,10811.3,1.41602e+06,14.0966,12237,1.62086e+06,14.0966,11.7194,11.96,12.6541,2.21263,4.16949,0.989383,2.67766,5.84076,0.311842,3.14343,7.55825,0.0972771,3.63127,9.58578,0.0303237,4.15787,12.0912,0.00945211,4.73731,15.2286,0.00294633,5.38238,19.1721,0.000918508,6.10553,24.134,0.000286163,6.91951,30.3791,8.92692e-05,7.83792,38.2397,2.78121e-05,8.87555,48.1338,8.65134e-06,10.0489,60.5876,2.7882e-06,11.3761,76.2629,8.29036e-07,12.8779,95.9927,2.4373e-07,14.5775,120.825,4.33068e-09,16.5012,152.08,1.75749e-07,18.6784,191.415,-1.86328e-07,21.1428,240.917,1.91829e-07,23.9322,303.213,-1.81475e-07,27.0895,381.602,7.0186e-08,30.6634,480.231,-2.86769e-08,34.7087,604.316,2.40784e-07,39.2876,760.401,9.87368e-08,44.4705,956.705,1.22263e-07,50.3371,1203.54,-4.31966e-07,56.9776,1513.81,-1.9705e-07,64.494,1903.69,-2.763e-08,73.0018,2393.4,3.9185e-07,82.6317,3008.13,1.35379e-07,93.5318,3779.25,-4.16351e-08,105.869,4745.7,2.06965e-08,119.834,5955.6,-3.18887e-07,135.641,7468.12,-1.48271e-08,153.531,9355.62,2.00739e-07,173.781,11705.8,2.28358e-07,196.701,14624.1,-1.93587e-08,222.642,18235,-2.88101e-07,252.003,22683.4,-2.24732e-07,285.234,28134,8.56806e-09,322.845,34767,2.34258e-07,365.413,42770.9,2.99668e-07,413.588,52327.9,8.28644e-08,468.111,63591.2,-3.07049e-07,529.814,76653.2,-3.1888e-07,599.642,91502.5,-6.72276e-08,678.662,107975,2.26339e-07,768.083,125705,3.69212e-07,869.267,144088,2.04077e-07,983.76,162277,-2.80509e-07,1113.3,179223,-4.22737e-07,1259.87,193777,-1.71951e-07,1425.68,204839,4.55555e-07,11.7194,11.96,12.6541,2.21263,4.16949,0.989383,2.67766,5.84076,0.311842,3.14343,7.55825,0.0972771,3.63127,9.58578,0.0303237,4.15787,12.0912,0.00945211,4.73731,15.2286,0.00294633,5.38238,19.1721,0.000918508,6.10553,24.134,0.000286163,6.91951,30.3791,8.92692e-05,7.83792,38.2397,2.78121e-05,8.87555,48.1338,8.65134e-06,10.0489,60.5876,2.7882e-06,11.3761,76.2629,8.29036e-07,12.8779,95.9927,2.4373e-07,14.5775,120.825,1e-08,16.5012,152.08,1.75749e-07,18.6784,191.415,1e-08,21.1428,240.917,1.91829e-07,23.9322,303.213,1e-08,27.0895,381.602,7.0186e-08,30.6634,480.231,1e-08,34.7087,604.316,2.40784e-07,39.2876,760.401,9.87368e-08,44.4705,956.705,1.22263e-07,50.3371,1203.54,1e-08,56.9776,1513.81,1e-08,64.494,1903.69,1e-08,73.0018,2393.4,3.9185e-07,82.6317,3008.13,1.35379e-07,93.5318,3779.25,1e-08,105.869,4745.7,2.06965e-08,119.834,5955.6,1e-08,135.641,7468.12,1e-08,153.531,9355.62,2.00739e-07,173.781,11705.8,2.28358e-07,196.701,14624.1,1e-08,222.642,18235,1e-08,252.003,22683.4,1e-08,285.234,28134,1e-08,322.845,34767,2.34258e-07,365.413,42770.9,2.99668e-07,413.588,52327.9,8.28644e-08,468.111,63591.2,1e-08,529.814,76653.2,1e-08,599.642,91502.5,1e-08,678.662,107975,2.26339e-07,768.083,125705,3.69212e-07,869.267,144088,2.04077e-07,983.76,162277,1e-08,1113.3,179223,1e-08,1259.87,193777,1e-08,1425.68,204839,4.55555e-07,6.2823,3.27286,2.43537,0.219672,6.18826,2.24117,0.56371,6.87772,2.63624,0.308279,19,15,8,0,5,0,0,5,0,1,11,0,2,23,0,6,18,0,5,6,0,6,15,0,2,35,0,6,53,0,16,37,0,4,46,0,7,21,0,17,47,0,13,111,0,12,109,0,14,148,0,22,82,0,22,237,0,15,154,0,21,278,0,22,448,0,53,368,0,27,932,0,43,1397,0,56,1378,0,95,1965,0,34,1826,0,34,2931,0,60,1684,0,119,3306,0,166,1319,0,109,5288,0,150,4053,0,135,13517,0,218,5590,0,160,32340,0,339,15329,0,337,28740,0,247,32846,0,225,28818,0,170,9972,0,505,51000,0,109,60200,0,561,55600,0,419,53168,0,1050,235878,0,858,188360,0,568,87048,0,1539,160310,0,701,244588,0,1319,82567,0,371,138732,0
-1.05176e+08,1,8.88811e-15,10,1023,0,1.05176e+08,0.528882,1.08665,0.389689,0.145397,0.379329,3.24381,0.161596,0.446195,1.77396,0.159177,1.15e+07,4.49998e+06,6.79999e+06,1.15e+07,4.49997e+06,6.79999e+06,1.15e+07,4.49996e+06,6.79999e+06,1.15e+07,4.49995e+06,6.79999e+06,1.14999e+07,4.49993e+06,6.79999e+06,1.14999e+07,4.49991e+06,6.79999e+06,1.14999e+07,4.49989e+06,6.79999e+06,1.14999e+07,4.49986e+06,6.79999e+06,1.14999e+07,4.49982e+06,6.79999e+06,1.14999e+07,4.49977e+06,6.79999e+06,1.14999e+07,4.49971e+06,6.79999e+06,1.14999e+07,4.49963e+06,6.79999e+06,1.14998e+07,4.49953e+06,6.79999e+06,1.14998e+07,4.49941e+06,6.79999e+06,1.14998e+07,4.49926e+06,6.79999e+06,1.14998e+07,4.49906e+06,6.79999e+06,1.14997e+07,4.49882e+06,6.79999e+06,1.14997e+07,4.49851e+06,6.79999e+06,1.14997e+07,4.49812e+06,6.79999e+06,1.14996e+07,4.49764e+06,6.79999e+06,1.14996e+07,4.49702e+06,6.79999e+06,1.14995e+07,4.49625e+06,6.79999e+06,1.14995e+07,4.49528e+06,6.79999e+06,1.14994e+07,4.49406e+06,6.79999e+06,1.14993e+07,4.49253e+06,6.79999e+06,1.14992e+07,4.49059e+06,6.79999e+06,1.14991e+07,4.48817e+06,6.79999e+06,1.1499e+07,4.48511e+06,6.79999e+06,1.14988e+07,4.48128e+06,6.79999e+06,1.14987e+07,4.47646e+06,6.79999e+06,1.14985e+07,4.47041e+06,6.79999e+06,1.14983e+07,4.46281e+06,6.79999e+06,1.14981e+07,4.4533e+06,6.79999e+06,1.14979e+07,4.44138e+06,6.79999e+06,1.14976e+07,4.42649e+06,6.79999e+06,1.14972e+07,4.40789e+06,6.79999e+06,1.14969e+07,4.38471e+06,6.79999e+06,1.14965e+07,4.35592e+06,6.79999e+06,1.1496e+07,4.32027e+06,6.79999e+06,1.14955e+07,4.27629e+06,6.79999e+06,1.14949e+07,4.22231e+06,6.79999e+06,1.14942e+07,4.15647e+06,6.79999e+06,1.14934e+07,4.07676e+06,6.79999e+06,1.14926e+07,3.98112e+06,6.79999e+06,1.14916e+07,3.86765e+06,6.79999e+06,1.14905e+07,3.73474e+06,6.79999e+06,1.14892e+07,3.58148e+06,6.79999e+06,1.14878e+07,3.40785e+06,6.79999e+06,1.14862e+07,3.21513e+06,6.79999e+06,1.14844e+07,3.00605e+06,6.79999e+06,1.14823e+07,2.7848e+06,6.79999e+06,1.148e+07,2.5568e+06,6.79999e+06,1.14773e+07,2.32825e+06,6.79999e+06,13.5742,8.52444,0.508366,16.8306,13.2585,0.162638,20.0035,17.569,0.0507846,23.2616,22.4214,0.0158319,26.7328,28.3297,0.00493498,30.5212,35.6974,0.00153831,34.7178,44.9473,0.000479527,39.4086,56.5822,0.000149456,44.6796,71.2245,4.66214e-05,50.6209,89.6543,1.45419e-05,57.3297,112.852,4.54748e-06,64.9129,142.051,1.43857e-06,73.4897,178.803,4.36618e-07,83.1934,225.062,1.40153e-07,94.1745,283.286,4.96378e-08,106.602,356.568,1.05434e-07,120.669,448.799,-6.49244e-08,136.59,564.873,1.70148e-07,154.611,710.948,-5.34594e-08,175.008,894.767,1.63407e-07,198.097,1126.06,8.04804e-08,224.231,1417.07,1.14667e-07,253.813,1783.15,-1.71227e-07,287.297,2243.62,-2.88466e-07,325.198,2822.67,-4.33651e-07,368.098,3550.67,7.9318e-08,416.657,4465.65,3.13319e-07,471.621,5615.16,3.4613e-07,533.835,7058.61,-1.19199e-07,604.255,8870.02,-2.79964e-07,683.962,11141.4,-2.30521e-07,774.182,13986.7,-2.55099e-07,876.299,17546.4,1.23585e-07,991.883,21993.1,1.41192e-07,1122.71,27536.7,-9.71886e-08,1270.78,34430.7,-3.68368e-07,1438.38,42977.7,-3.45379e-07,1628.07,53532.7,-3.25328e-09,1842.77,66504.6,2.6362e-07,2085.77,82350.2,2.53445e-07,2360.79,101560,-2.47407e-08,2672.05,124632,-3.80602e-07,3024.31,152018,-4.79005e-07,3422.98,184060,-1.14379e-07,3874.15,220884,2.64297e-07,4384.72,262283,3.44131e-07,4962.49,307576,7.5349e-08,5616.29,355497,-3.63097e-07,6356.1,404126,-6.05442e-07,7193.18,450932,-2.72333e-07,8140.28,492963,2.29675e-07,9211.79,527178,4.3387e-07,10424,550893,-1.0711e-07,10.102,8.06553,2.81012,10.6436,8.57909,0.869423,11.5336,10.2515,0.270869,12.7211,12.7138,0.0844293,14.1823,15.9373,0.0263173,15.9122,20.0383,0.0082035,17.9198,25.2154,0.00255722,20.2244,31.7373,0.000797017,22.8539,39.9486,0.000248622,25.8438,50.2851,7.75492e-05,29.237,63.2963,2.42508e-05,33.0837,79.6738,7.67162e-06,37.4415,100.288,2.32837e-06,42.3767,126.236,7.33e-07,47.9646,158.896,2.79256e-07,54.2906,200.003,9.87351e-09,61.452,251.741,1.61085e-07,69.5585,316.859,-2.47141e-07,78.7347,398.812,8.93552e-08,89.1218,501.948,-2.53231e-07,100.879,631.736,-1.25047e-07,114.188,795.049,-1.78808e-07,129.252,1000.53,2.6733e-07,146.304,1259.03,4.50292e-07,165.605,1584.19,6.76904e-07,187.452,1993.12,-1.23808e-07,212.181,2507.27,-4.89068e-07,240.173,3153.54,-5.40284e-07,271.856,3965.56,1.86061e-07,307.719,4985.38,4.37004e-07,348.313,6265.4,3.59828e-07,394.26,7870.83,3.98192e-07,446.268,9882.51,-1.92908e-07,505.135,12400.3,-2.20392e-07,571.766,15546.9,1.51705e-07,647.184,19472.2,5.74996e-07,732.547,24357.4,5.39112e-07,829.167,30420,5.07815e-09,938.526,37916.3,-4.11492e-07,1062.3,47143.9,-3.9561e-07,1202.4,58439.2,3.86185e-08,1360.96,72169.3,5.94093e-07,1540.42,88715.8,7.47693e-07,1743.53,108445,1.78537e-07,1973.41,131665,-4.12549e-07,2233.57,158557,-5.37164e-07,2528,189103,-1.17615e-07,2861.2,222986,5.66769e-07,3238.27,259510,9.45053e-07,3664.97,297540,4.25093e-07,4147.81,335497,-3.58506e-07,4694.17,371444,-6.7724e-07,5312.37,403256,1.67192e-07,1.61744,3.89446,9.84394,3.28846,7.5504,12.774,5.07607,11.7187,13.6844,7.03202,16.8147,13.9681,9.20215,23.1769,14.0566,11.6301,31.1672,14.0841,14.3598,41.2186,14.0927,17.4376,53.8688,14.0954,20.9137,69.7915,14.0962,24.8432,89.8341,14.0965,29.2879,115.063,14.0966,34.3168,146.819,14.0966,40.0078,186.792,14.0966,46.4487,237.107,14.0966,53.7388,300.44,14.0966,61.9903,380.158,14.0966,71.3301,480.499,14.0966,81.902,606.796,14.0966,93.8685,765.761,14.0966,107.414,965.837,14.0966,122.746,1217.65,14.0966,140.101,1534.57,14.0966,159.745,1933.41,14.0966,181.981,2435.3,14.0966,207.15,3066.85,14.0966,235.64,3861.46,14.0966,267.889,4861.11,14.0966,304.391,6118.54,14.0966,345.709,7699.91,14.0966,392.478,9688.22,14.0966,445.417,12187.5,14.0966,505.339,15327.7,14.0966,573.165,19271.6,14.0966,649.938,24222,14.0966,736.839,30430.9,14.0966,835.202,38211.5,14.0966,946.539,47950.3,14.0966,1072.56,60122.8,14.0966,1215.21,75309.9,14.0966,1376.66,94216.2,14.0966,1559.41,117688,14.0966,1766.26,146729,14.0966,2000.39,182510,14.0966,2265.39,226372,14.0966,2565.33,279806,14.0966,2904.81,344416,14.0966,3289.05,421845,14.0966,3723.93,513667,14.0966,4216.13,621231,14.0966,4773.18,745478,14.0966,5403.64,886744,14.0966,6117.15,1.04457e+06,14.0966,6924.63,1.2176e+06,14.0966,11.7194,11.96,12.6541,13.9321,16.1295,13.6434,16.6097,21.9702,13.9553,19.7532,29.5285,14.0526,23.3844,39.1143,14.0829,27.5423,51.2054,14.0923,32.2796,66.434,14.0953,37.662,85.6061,14.0962,43.7675,109.74,14.0965,50.687,140.119,14.0966,58.5249,178.359,14.0966,67.4005,226.493,14.0966,77.4493,287.08,14.0966,88.8254,363.343,14.0966,101.703,459.336,14.0966,116.281,580.161,14.0966,132.782,732.241,14.0966,151.46,923.655,14.0966,172.603,1164.57,14.0966,196.535,1467.79,14.0966,223.625,1849.39,14.0966,254.288,2329.62,14.0966,288.997,2933.93,14.0966,328.285,3694.33,14.0966,372.755,4651.04,14.0966,423.092,5854.57,14.0966,480.07,7368.38,14.0966,544.564,9272.08,14.0966,617.566,11665.5,14.0966,700.197,14673.6,14.0966,793.729,18452.9,14.0966,899.599,23198.6,14.0966,1019.43,29154.1,14.0966,1155.07,36622.3,14.0966,1308.6,45977.9,14.0966,1482.39,57683.7,14.0966,1679.09,72307.8,14.0966,1901.73,90542.8,14.0966,2153.73,113226,14.0966,2438.97,141360,14.0966,2761.81,176127,14.0966,3127.22,218898,14.0966,3540.81,271226,14.0966,4008.92,334817,14.0966,4538.74,411470,14.0966,5138.38,502973,14.0966,5817.04,610948,14.0966,6585.12,736653,14.0966,7454.39,880741,14.0966,8438.15,1.04302e+06,14.0966,9551.45,1.22224e+06,14.0966,10811.3,1.41602e+06,14.0966,12237,1.62086e+06,14.0966,11.7194,11.96,12.6541,2.21263,4.16949,0.989383,2.67766,5.84076,0.311842,3.14343,7.55825,0.0972771,3.63127,9.58578,0.0303237,4.15787,12.0912,0.00945211,4.73731,15.2286,0.00294633,5.38238,19.1721,0.000918508,6.10553,24.134,0.000286163,6.91951,30.3791,8.92692e-05,7.83792,38.2397,2.78121e-05,8.87555,48.1338,8.65134e-06,10.0489,60.5876,2.7882e-06,11.3761,76.2629,8.29036e-07,12.8779,95.9927,2.4373e-07,14.5775,120.825,4.33068e-09,16.5012,152.08,1.75749e-07,18.6784,191.415,-1.86328e-07,21.1428,240.917,1.91829e-07,23.9322,303.213,-1.81475e-07,27.0895,381.602,7.0186e-08,30.6634,480.231,-2.86769e-08,34.7087,604.316,2.40784e-07,39.2876,760.401,9.87368e-08,44.4705,956.705,1.22263e-07,50.3371,1203.54,-4.31966e-07,56.9776,1513.81,-1.9705e-07,64.494,1903.69,-2.763e-08,73.0018,2393.4,3.9185e-07,82.6317,3008.13,1.35379e-07,93.5318,3779.25,-4.16351e-08,105.869,4745.7,2.06965e-08,119.834,5955.6,-3.18887e-07,135.641,7468.12,-1.48271e-08,153.531,9355.62,2.00739e-07,173.781,11705.8,2.28358e-07,196.701,14624.1,-1.93587e-08,222.642,18235,-2.88101e-07,252.003,22683.4,-2.24732e-07,285.234,28134,8.56806e-09,322.845,34767,2.34258e-07,365.413,42770.9,2.99668e-07,413.588,52327.9,8.28644e-08,468.111,63591.2,-3.07049e-07,529.814,76653.2,-3.1888e-07,599.642,91502.5,-6.72276e-08,678.662,107975,2.26339e-07,768.083,125705,3.69212e-07,869.267,144088,2.04077e-07,983.76,162277,-2.80509e-07,1113.3,179223,-4.22737e-07,1259.87,193777,-1.71951e-07,1425.68,204839,4.55555e-07,11.7194,11.96,12.6541,2.21263,4.16949,0.989383,2.67766,5.84076,0.311842,3.14343,7.55825,0.0972771,3.63127,9.58578,0.0303237,4.15787,12.0912,0.00945211,4.73731,15.2286,0.00294633,5.38238,19.1721,0.000918508,6.10553,24.134,0.000286163,6.91951,30.3791,8.92692e-05,7.83792,38.2397,2.78121e-05,8.87555,48.1338,8.65134e-06,10.0489,60.5876,2.7882e-06,11.3761,76.2629,8.29036e-07,12.8779,95.9927,2.4373e-07,14.5775,120.825,1e-08,16.5012,152.08,1.75749e-07,18.6784,191.415,1e-08,21.1428,240.917,1.91829e-07,23.9322,303.213,1e-08,27.0895,381.602,7.0186e-08,30.6634,480.231,1e-08,34.7087,604.316,2.40784e-07,39.2876,760.401,9.87368e-08,44.4705,956.705,1.22263e-07,50.3371,1203.54,1e-08,56.9776,1513.81,1e-08,64.494,1903.69,1e-08,73.0018,2393.4,3.9185e-07,82.6317,3008.13,1.35379e-07,93.5318,3779.25,1e-08,105.869,4745.7,2.06965e-08,119.834,5955.6,1e-08,135.641,7468.12,1e-08,153.531,9355.62,2.00739e-07,173.781,11705.8,2.28358e-07,196.701,14624.1,1e-08,222.642,18235,1e-08,252.003,22683.4,1e-08,285.234,28134,1e-08,322.845,34767,2.34258e-07,365.413,42770.9,2.99668e-07,413.588,52327.9,8.28644e-08,468.111,63591.2,1e-08,529.814,76653.2,1e-08,599.642,91502.5,1e-08,678.662,107975,2.26339e-07,768.083,125705,3.69212e-07,869.267,144088,2.04077e-07,983.76,162277,1e-08,1113.3,179223,1e-08,1259.87,193777,1e-08,1425.68,204839,4.55555e-07,6.2823,3.27286,2.43537,0.219672,6.18826,2.24117,0.56371,6.87772,2.63624,0.308279,11,10,34,2,0,1,1,8,2,2,5,1,5,16,0,10,10,0,3,18,0,2,8,0,2,18,0,6,14,0,6,57,0,7,65,0,7,47,0,10,69,0,11,170,0,8,114,0,22,223,0,31,86,0,43,200,0,18,269,0,23,487,0,22,179,0,23,670,0,59,792,0,42,844,0,8,979,0,88,2197,0,30,2183,0,24,2872,0,69,4004,0,84,6479,0,212,5013,0,65,3019,0,164,3662,0,187,4485,0,169,10884,0,92,10756,0,311,14331,0,283,18446,0,162,30622,0,370,26000,0,312,21881,0,669,47628,0,347,50725,0,582,90370,0,728,69203,0,613,111014,0,1077,149745,0,1472,173009,0,1231,133534,0,887,233584,0,1057,119004,0,1539,206148,0
-1.05176e+08,1,8.88811e-15,10,1023,0,1.05176e+08,0.528882,1.08665,0.389689,0.145397,0.379329,3.24381,0.161596,0.446195,1.77396,0.159177,1.15e+07,4.49998e+06,6.79999e+06,1.15e+07,4.49997e+06,6.79999e+06,1.15e+07,4.49996e+06,6.79999e+06,1.15e+07,4.49995e+06,6.79999e+06,1.14999e+07,4.49993e+06,6.79999e+06,1.14999e+07,4.49991e+06,6.79999e+06,1.14999e+07,4.49989e+06,6.79999e+06,1.14999e+07,4.49986e+06,6.79999e+06,1.14999e+07,4.49982e+06,6.79999e+06,1.14999e+07,4.49977e+06,6.79999e+06,1.14999e+07,4.49971e+06,6.79999e+06,1.14999e+07,4.49963e+06,6.79999e+06,1.14998e+07,4.49953e+06,6.79999e+06,1.14998e+07,4.49941e+06,6.79999e+06,1.14998e+07,4.49926e+06,6.79999e+06,1.14998e+07,4.49906e+06,6.79999e+06,1.14997e+07,4.49882e+06,6.79999e+06,1.14997e+07,4.49851e+06,6.79999e+06,1.14997e+07,4.49812e+06,6.79999e+06,1.14996e+07,4.49764e+06,6.79999e+06,1.14996e+07,4.49702e+06,6.79999e+06,1.14995e+07,4.49625e+06,6.79999e+06,1.14995e+07,4.49528e+06,6.79999e+06,1.14994e+07,4.49406e+06,6.79999e+06,1.14993e+07,4.49253e+06,6.79999e+06,1.14992e+07,4.49059e+06,6.79999e+06,1.14991e+07,4.48817e+06,6.79999e+06,1.1499e+07,4.48511e+06,6.79999e+06,1.14988e+07,4.48128e+06,6.79999e+06,1.14987e+07,4.47646e+06,6.79999e+06,1.14985e+07,4.47041e+06,6.79999e+06,1.14983e+07,4.46281e+06,6.79999e+06,1.14981e+07,4.4533e+06,6.79999e+06,1.14979e+07,4.44138e+06,6.79999e+06,1.14976e+07,4.42649e+06,6.79999e+06,1.14972e+07,4.40789e+06,6.79999e+06,1.14969e+07,4.38471e+06,6.79999e+06,1.14965e+07,4.35592e+06,6.79999e+06,1.1496e+07,4.32027e+06,6.79999e+06,1.14955e+07,4.27629e+06,6.79999e+06,1.14949e+07,4.22231e+06,6.79999e+06,1.14942e+07,4.15647e+06,6.79999e+06,1.14934e+07,4.07676e+06,6.79999e+06,1.14926e+07,3.98112e+06,6.79999e+06,1.14916e+07,3.86765e+06,6.79999e+06,1.14905e+07,3.73474e+06,6.79999e+06,1.14892e+07,3.58148e+06,6.79999e+06,1.14878e+07,3.40785e+06,6.79999e+06,1.14862e+07,3.21513e+06,6.79999e+06,1.14844e+07,3.00605e+06,6.79999e+06,1.14823e+07,2.7848e+06,6.79999e+06,1.148e+07,2.5568e+06,6.79999e+06,1.14773e+07,2.32825e+06,6.79999e+06,13.5742,8.52444,0.508366,16.8306,13.2585,0.162638,20.0035,17.569,0.0507846,23.2616,22.4214,0.0158319,26.7328,28.3297,0.00493498,30.5212,35.6974,0.00153831,34.7178,44.9473,0.000479527,39.4086,56.5822,0.000149456,44.6796,71.2245,4.66214e-05,50.6209,89.6543,1.45419e-05,57.3297,112.852,4.54748e-06,64.9129,142.051,1.43857e-06,73.4897,178.803,4.36618e-07,83.1934,225.062,1.40153e-07,94.1745,283.286,4.96378e-08,106.602,356.568,1.05434e-07,120.669,448.799,-6.49244e-08,136.59,564.873,1.70148e-07,154.611,710.948,-5.34594e-08,175.008,894.767,1.63407e-07,198.097,1126.06,8.04804e-08,224.231,1417.07,1.14667e-07,253.813,1783.15,-1.71227e-07,287.297,2243.62,-2.88466e-07,325.198,2822.67,-4.33651e-07,368.098,3550.67,7.9318e-08,416.657,4465.65,3.13319e-07,471.621,5615.16,3.4613e-07,533.835,7058.61,-1.19199e-07,604.255,8870.02,-2.79964e-07,683.962,11141.4,-2.30521e-07,774.182,13986.7,-2.55099e-07,876.299,17546.4,1.23585e-07,991.883,21993.1,1.41192e-07,1122.71,27536.7,-9.71886e-08,1270.78,34430.7,-3.68368e-07,1438.38,42977.7,-3.45379e-07,1628.07,53532.7,-3.25328e-09,1842.77,66504.6,2.6362e-07,2085.77,82350.2,2.53445e-07,2360.79,101560,-2.47407e-08,2672.05,124632,-3.80602e-07,3024.31,152018,-4.79005e-07,3422.98,184060,-1.14379e-07,3874.15,220884,2.64297e-07,4384.72,262283,3.44131e-07,4962.49,307576,7.5349e-08,5616.29,355497,-3.63097e-07,6356.1,404126,-6.05442e-07,7193.18,450932,-2.72333e-07,8140.28,492963,2.29675e-07,9211.79,527178,4.3387e-07,10424,550893,-1.0711e-07,10.102,8.06553,2.81012,10.6436,8.57909,0.869423,11.5336,10.2515,0.270869,12.7211,12.7138,0.0844293,14.1823,15.9373,0.0263173,15.9122,20.0383,0.0082035,17.9198,25.2154,0.00255722,20.2244,31.7373,0.000797017,22.8539,39.9486,0.000248622,25.8438,50.2851,7.75492e-05,29.237,63.2963,2.42508e-05,33.0837,79.6738,7.67162e-06,37.4415,100.288,2.32837e-06,42.3767,126.236,7.33e-07,47.9646,158.896,2.79256e-07,54.2906,200.003,9.87351e-09,61.452,251.741,1.61085e-07,69.5585,316.859,-2.47141e-07,78.7347,398.812,8.93552e-08,89.1218,501.948,-2.53231e-07,100.879,631.736,-1.25047e-07,114.188,795.049,-1.78808e-07,129.252,1000.53,2.6733e-07,146.304,1259.03,4.50292e-07,165.605,1584.19,6.76904e-07,187.452,1993.12,-1.23808e-07,212.181,2507.27,-4.89068e-07,240.173,3153.54,-5.40284e-07,271.856,3965.56,1.86061e-07,307.719,4985.38,4.37004e-07,348.313,6265.4,3.59828e-07,394.26,7870.83,3.98192e-07,446.268,9882.51,-1.92908e-07,505.135,12400.3,-2.20392e-07,571.766,15546.9,1.51705e-07,647.184,19472.2,5.74996e-07,732.547,24357.4,5.39112e-07,829.167,30420,5.07815e-09,938.526,37916.3,-4.11492e-07,1062.3,47143.9,-3.9561e-07,1202.4,58439.2,3.86185e-08,1360.96,72169.3,5.94093e-07,1540.42,88715.8,7.47693e-07,1743.53,108445,1.78537e-07,1973.41,131665,-4.12549e-07,2233.57,158557,-5.37164e-07,2528,189103,-1.17615e-07,2861.2,222986,5.66769e-07,3238.27,259510,9.45053e-07,3664.97,297540,4.25093e-07,4147.81,335497,-3.58506e-07,4694.17,371444,-6.7724e-07,5312.37,403256,1.67192e-07,1.61744,3.89446,9.84394,3.28846,7.5504,12.774,5.07607,11.7187,13.6844,7.03202,16.8147,13.9681,9.20215,23.1769,14.0566,11.6301,31.1672,14.0841,14.3598,41.2186,14.0927,17.4376,53.8688,14.0954,20.9137,69.7915,14.0962,24.8432,89.8341,14.0965,29.2879,115.063,14.0966,34.3168,146.819,14.0966,40.0078,186.792,14.0966,46.4487,237.107,14.0966,53.7388,300.44,14.0966,61.9903,380.158,14.0966,71.3301,480.499,14.0966,81.902,606.796,14.0966,93.8685,765.761,14.0966,107.414,965.837,14.0966,122.746,1217.65,14.0966,140.101,1534.57,14.0966,159.745,1933.41,14.0966,181.981,2435.3,14.0966,207.15,3066.85,14.0966,235.64,3861.46,14.0966,267.889,4861.11,14.0966,304.391,6118.54,14.0966,345.709,7699.91,14.0966,392.478,9688.22,14.0966,445.417,12187.5,14.0966,505.339,15327.7,14.0966,573.165,19271.6,14.0966,649.938,24222,14.0966,736.839,30430.9,14.0966,835.202,38211.5,14.0966,946.539,47950.3,14.0966,1072.56,60122.8,14.0966,1215.21,75309.9,14.0966,1376.66,94216.2,14.0966,1559.41,117688,14.0966,1766.26,146729,14.0966,2000.39,182510,14.0966,2265.39,226372,14.0966,2565.33,279806,14.0966,2904.81,344416,14.0966,3289.05,421845,14.0966,3723.93,513667,14.0966,4216.13,621231,14.0966,4773.18,745478,14.0966,5403.64,886744,14.0966,6117.15,1.04457e+06,14.0966,6924.63,1.2176e+06,14.0966,11.7194,11.96,12.6541,13.9321,16.1295,13.6434,16.6097,21.9702,13.9553,19.7532,29.5285,14.0526,23.3844,39.1143,14.0829,27.5423,51.2054,14.0923,32.2796,66.434,14.0953,37.662,85.6061,14.0962,43.7675,109.74,14.0965,50.687,140.119,14.0966,58.5249,178.359,14.0966,67.4005,226.493,14.0966,77.4493,287.08,14.0966,88.8254,363.343,14.0966,101.703,459.336,14.0966,116.281,580.161,14.0966,132.782,732.241,14.0966,151.46,923.655,14.0966,172.603,1164.57,14.0966,196.535,1467.79,14.0966,223.625,1849.39,14.0966,254.288,2329.62,14.0966,288.997,2933.93,14.0966,328.285,3694.33,14.0966,372.755,4651.04,14.0966,423.092,5854.57,14.0966,480.07,7368.38,14.0966,544.564,9272.08,14.0966,617.566,11665.5,14.0966,700.197,14673.6,14.0966,793.729,18452.9,14.0966,899.599,23198.6,14.0966,1019.43,29154.1,14.0966,1155.07,36622.3,14.0966,1308.6,45977.9,14.0966,1482.39,57683.7,14.0966,1679.09,72307.8,14.0966,1901.73,90542.8,14.0966,2153.73,113226,14.0966,2438.97,141360,14.0966,2761.81,176127,14.0966,3127.22,218898,14.0966,3540.81,271226,14.0966,4008.92,334817,14.0966,4538.74,411470,14.0966,5138.38,502973,14.0966,5817.04,610948,14.0966,6585.12,736653,14.0966,7454.39,880741,14.0966,8438.15,1.04302e+06,14.0966,9551.45,1.22224e+06,14.0966,10811.3,1.41602e+06,14.0966,12237,1.62086e+06,14.0966,11.7194,11.96,12.6541,2.21263,4.16949,0.989383,2.67766,5.84076,0.311842,3.14343,7.55825,0.0972771,3.63127,9.58578,0.0303237,4.15787,12.0912,0.00945211,4.73731,15.2286,0.00294633,5.38238,19.1721,0.000918508,6.10553,24.134,0.000286163,6.91951,30.3791,8.92692e-05,7.83792,38.2397,2.78121e-05,8.87555,48.1338,8.65134e-06,10.0489,60.5876,2.7882e-06,11.3761,76.2629,8.29036e-07,12.8779,95.9927,2.4373e-07,14.5775,120.825,4.33068e-09,16.5012,152.08,1.75749e-07,18.6784,191.415,-1.86328e-07,21.1428,240.917,1.91829e-07,23.9322,303.213,-1.81475e-07,27.0895,381.602,7.0186e-08,30.6634,480.231,-2.86769e-08,34.7087,604.316,2.40784e-07,39.2876,760.401,9.87368e-08,44.4705,956.705,1.22263e-07,50.3371,1203.54,-4.31966e-07,56.9776,1513.81,-1.9705e-07,64.494,1903.69,-2.763e-08,73.0018,2393.4,3.9185e-07,82.6317,3008.13,1.35379e-07,93.5318,3779.25,-4.16351e-08,105.869,4745.7,2.06965e-08,119.834,5955.6,-3.18887e-07,135.641,7468.12,-1.48271e-08,153.531,9355.62,2.00739e-07,173.781,11705.8,2.28358e-07,196.701,14624.1,-1.93587e-08,222.642,18235,-2.88101e-07,252.003,22683.4,-2.24732e-07,285.234,28134,8.56806e-09,322.845,34767,2.34258e-07,365.413,42770.9,2.99668e-07,413.588,52327.9,8.28644e-08,468.111,63591.2,-3.07049e-07,529.814,76653.2,-3.1888e-07,599.642,91502.5,-6.72276e-08,678.662,107975,2.26339e-07,768.083,125705,3.69212e-07,869.267,144088,2.04077e-07,983.76,162277,-2.80509e-07,1113.3,179223,-4.22737e-07,1259.87,193777,-1.71951e-07,1425.68,204839,4.55555e-07,11.7194,11.96,12.6541,2.21263,4.16949,0.989383,2.67766,5.84076,0.311842,3.14343,7.55825,0.0972771,3.63127,9.58578,0.0303237,4.15787,12.0912,0.00945211,4.73731,15.2286,0.00294633,5.38238,19.1721,0.000918508,6.10553,24.134,0.000286163,6.91951,30.3791,8.92692e-05,7.83792,38.2397,2.78121e-05,8.87555,48.1338,8.65134e-06,10.0489,60.5876,2.7882e-06,11.3761,76.2629,8.29036e-07,12.8779,95.9927,2.4373e-07,14.5775,120.825,1e-08,16.5012,152.08,1.75749e-07,18.6784,191.415,1e-08,21.1428,240.917,1.91829e-07,23.9322,303.213,1e-08,27.0895,381.602,7.0186e-08,30.6634,480.231,1e-08,34.7087,604.316,2.40784e-07,39.2876,760.401,9.87368e-08,44.4705,956.705,1.22263e-07,50.3371,1203.54,1e-08,56.9776,1513.81,1e-08,64.494,1903.69,1e-08,73.0018,2393.4,3.9185e-07,82.6317,3008.13,1.35379e-07,93.5318,3779.25,1e-08,105.869,4745.7,2.06965e-08,119.834,5955.6,1e-08,135.641,7468.12,1e-08,153.531,9355.62,2.00739e-07,173.781,11705.8,2.28358e-07,196.701,14624.1,1e-08,222.642,18235,1e-08,252.003,22683.4,1e-08,285.234,28134,1e-08,322.845,34767,2.34258e-07,365.413,42770.9,2.99668e-07,413.588,52327.9,8.28644e-08,468.111,63591.2,1e-08,529.814,76653.2,1e-08,599.642,91502.5,1e-08,678.662,107975,2.26339e-07,768.083,125705,3.69212e-07,869.267,144088,2.04077e-07,983.76,162277,1e-08,1113.3,179223,1e-08,1259.87,193777,1e-08,1425.68,204839,4.55555e-07,6.2823,3.27286,2.43537,0.219672,6.18826,2.24117,0.56371,6.87772,2.63624,0.308279,14,13,17,0,5,2,4,6,0,6,3,0,6,1,0,2,34,0,4,10,0,5,15,0,7,21,0,8,23,0,15,34,0,10,63,0,10,90,0,1,52,0,12,101,0,21,70,0,7,275,0,15,325,0,16,107,0,29,462,0,36,318,0,31,567,0,72,762,0,43,1184,0,62,1218,0,64,1230,0,45,1346,0,73,3801,0,41,976,0,34,2024,0,104,4986,0,96,3693,0,272,5766,0,111,2962,0,91,7387,0,94,12504,0,125,15977,0,131,17716,0,203,25291,0,221,15443,0,607,31779,0,330,66229,0,317,44493,0,497,51700,0,545,42708,0,397,35850,0,475,96724,0,879,129491,0,1265,139273,0,376,263132,0,1314,306453,0,1155,280850,0,685,227550,0
-1.05176e+08,1,8.88811e-15,10,1023,0,1.05176e+08,0.528882,1.08665,0.389689,0.145397,0.379329,3.24381,0.161596,0.446195,1.77396,0.159177,1.15e+07,4.49998e+06,6.79999e+06,1.15e+07,4.49997e+06,6.79999e+06,1.15e+07,4.49996e+06,6.79999e+06,1.15e+07,4.49995e+06,6.79999e+06,1.14999e+07,4.49993e+06,6.79999e+06,1.14999e+07,4.49991e+06,6.79999e+06,1.14999e+07,4.49989e+06,6.79999e+06,1.14999e+07,4.49986e+06,6.79999e+06,1.14999e+07,4.49982e+06,6.79999e+06,1.14999e+07,4.49977e+06,6.79999e+06,1.14999e+07,4.49971e+06,6.79999e+06,1.14999e+07,4.49963e+06,6.79999e+06,1.14998e+07,4.49953e+06,6.79999e+06,1.14998e+07,4.49941e+06,6.79999e+06,1.14998e+07,4.49926e+06,6.79999e+06,1.14998e+07,4.49906e+06,6.79999e+06,1.14997e+07,4.49882e+06,6.79999e+06,1.14997e+07,4.49851e+06,6.79999e+06,1.14997e+07,4.49812e+06,6.79999e+06,1.14996e+07,4.49764e+06,6.79999e+06,1.14996e+07,4.49702e+06,6.79999e+06,1.14995e+07,4.49625e+06,6.79999e+06,1.14995e+07,4.49528e+06,6.79999e+06,1.14994e+07,4.49406e+06,6.79999e+06,1.14993e+07,4.49253e+06,6.79999e+06,1.14992e+07,4.49059e+06,6.79999e+06,1.14991e+07,4.48817e+06,6.79999e+06,1.1499e+07,4.48511e+06,6.79999e+06,1.14988e+07,4.48128e+06,6.79999e+06,1.14987e+07,4.47646e+06,6.79999e+06,1.14985e+07,4.47041e+06,6.79999e+06,1.14983e+07,4.46281e+06,6.79999e+06,1.14981e+07,4.4533e+06,6.79999e+06,1.14979e+07,4.44138e+06,6.79999e+06,1.14976e+07,4.42649e+06,6.79999e+06,1.14972e+07,4.40789e+06,6.79999e+06,1.14969e+07,4.38471e+06,6.79999e+06,1.14965e+07,4.35592e+06,6.79999e+06,1.1496e+07,4.32027e+06,6.79999e+06,1.14955e+07,4.27629e+06,6.79999e+06,1.14949e+07,4.22231e+06,6.79999e+06,1.14942e+07,4.15647e+06,6.79999e+06,1.14934e+07,4.07676e+06,6.79999e+06,1.14926e+07,3.98112e+06,6.79999e+06,1.14916e+07,3.86765e+06,6.79999e+06,1.14905e+07,3.73474e+06,6.79999e+06,1.14892e+07,3.58148e+06,6.79999e+06,1.14878e+07,3.40785e+06,6.79999e+06,1.14862e+07,3.21513e+06,6.79999e+06,1.14844e+07,3.00605e+06,6.79999e+06,1.14823e+07,2.7848e+06,6.79999e+06,1.148e+07,2.5568e+06,6.79999e+06,1.14773e+07,2.32825e+06,6.79999e+06,13.5742,8.52444,0.508366,16.8306,13.2585,0.162638,20.0035,17.569,0.0507846,23.2616,22.4214,0.0158319,26.7328,28.3297,0.00493498,30.5212,35.6974,0.00153831,34.7178,44.9473,0.000479527,39.4086,56.5822,0.000149456,44.6796,71.2245,4.66214e-05,50.6209,89.6543,1.45419e-05,57.3297,112.852,4.54748e-06,64.9129,142.051,1.43857e-06,73.4897,178.803,4.36618e-07,83.1934,225.062,1.40153e-07,94.1745,283.286,4.96378e-08,106.602,356.568,1.05434e-07,120.669,448.799,-6.49244e-08,136.59,564.873,1.70148e-07,154.611,710.948,-5.34594e-08,175.008,894.767,1.63407e-07,198.097,1126.06,8.04804e-08,224.231,1417.07,1.14667e-07,253.813,1783.15,-1.71227e-07,287.297,2243.62,-2.88466e-07,325.198,2822.67,-4.33651e-07,368.098,3550.67,7.9318e-08,416.657,4465.65,3.13319e-07,471.621,5615.16,3.4613e-07,533.835,7058.61,-1.19199e-07,604.255,8870.02,-2.79964e-07,683.962,11141.4,-2.30521e-07,774.182,13986.7,-2.55099e-07,876.299,17546.4,1.23585e-07,991.883,21993.1,1.41192e-07,1122.71,27536.7,-9.71886e-08,1270.78,34430.7,-3.68368e-07,1438.38,42977.7,-3.45379e-07,1628.07,53532.7,-3.25328e-09,1842.77,66504.6,2.6362e-07,2085.77,82350.2,2.53445e-07,2360.79,101560,-2.47407e-08,2672.05,124632,-3.80602e-07,3024.31,152018,-4.79005e-07,3422.98,184060,-1.14379e-07,3874.15,220884,2.64297e-07,4384.72,262283,3.44131e-07,4962.49,307576,7.5349e-08,5616.29,355497,-3.63097e-07,6356.1,404126,-6.05442e-07,7193.18,450932,-2.72333e-07,8140.28,492963,2.29675e-07,9211.79,527178,4.3387e-07,10424,550893,-1.0711e-07,10.102,8.06553,2.81012,10.6436,8.57909,0.869423,11.5336,10.2515,0.270869,12.7211,12.7138,0.0844293,14.1823,15.9373,0.0263173,15.9122,20.0383,0.0082035,17.9198,25.2154,0.00255722,20.2244,31.7373,0.000797017,22.8539,39.9486,0.000248622,25.8438,50.2851,7.75492e-05,29.237,63.2963,2.42508e-05,33.0837,79.6738,7.67162e-06,37.4415,100.288,2.32837e-06,42.3767,126.236,7.33e-07,47.9646,158.896,2.79256e-07,54.2906,200.003,9.87351e-09,61.452,251.741,1.61085e-07,69.5585,316.859,-2.47141e-07,78.7347,398.812,8.93552e-08,89.1218,501.948,-2.53231e-07,100.879,631.736,-1.25047e-07,114.188,795.049,-1.78808e-07,129.252,1000.53,2.6733e-07,146.304,1259.03,4.50292e-07,165.605,1584.19,6.76904e-07,187.452,1993.12,-1.23808e-07,212.181,2507.27,-4.89068e-07,240.173,3153.54,-5.40284e-07,271.856,3965.56,1.86061e-07,307.719,4985.38,4.37004e-07,348.313,6265.4,3.59828e-07,394.26,7870.83,3.98192e-07,446.268,9882.51,-1.92908e-07,505.135,12400.3,-2.20392e-07,571.766,15546.9,1.51705e-07,647.184,19472.2,5.74996e-07,732.547,24357.4,5.39112e-07,829.167,30420,5.07815e-09,938.526,37916.3,-4.11492e-07,1062.3,47143.9,-3.9561e-07,1202.4,58439.2,3.86185e-08,1360.96,72169.3,5.94093e-07,1540.42,88715.8,7.47693e-07,1743.53,108445,1.78537e-07,1973.41,131665,-4.12549e-07,2233.57,158557,-5.37164e-07,2528,189103,-1.17615e-07,2861.2,222986,5.66769e-07,3238.27,259510,9.45053e-07,3664.97,297540,4.25093e-07,4147.81,335497,-3.58506e-07,4694.17,371444,-6.7724e-07,5312.37,403256,1.67192e-07,1.61744,3.89446,9.84394,3.28846,7.5504,12.774,5.07607,11.7187,13.6844,7.03202,16.8147,13.9681,9.20215,23.1769,14.0566,11.6301,31.1672,14.0841,14.3598,41.2186,14.0927,17.4376,53.8688,14.0954,20.9137,69.7915,14.0962,24.8432,89.8341,14.0965,29.2879,115.063,14.0966,34.3168,146.819,14.0966,40.0078,186.792,14.0966,46.4487,237.107,14.0966,53.7388,300.44,14.0966,61.9903,380.158,14.0966,71.3301,480.499,14.0966,81.902,606.796,14.0966,93.8685,765.761,14.0966,107.414,965.837,14.0966,122.746,1217.65,14.0966,140.101,1534.57,14.0966,159.745,1933.41,14.0966,181.981,2435.3,14.0966,207.15,3066.85,14.0966,235.64,3861.46,14.0966,267.889,4861.11,14.0966,304.391,6118.54,14.0966,345.709,7699.91,14.0966,392.478,9688.22,14.0966,445.417,12187.5,14.0966,505.339,15327.7,14.0966,573.165,19271.6,14.0966,649.938,24222,14.0966,736.839,30430.9,14.0966,835.202,38211.5,14.0966,946.539,47950.3,14.0966,1072.56,60122.8,14.0966,1215.21,75309.9,14.0966,1376.66,94216.2,14.0966,1559.41,117688,14.0966,1766.26,146729,14.0966,2000.39,182510,14.0966,2265.39,226372,14.0966,2565.33,279806,14.0966,2904.81,344416,14.0966,3289.05,421845,14.0966,3723.93,513667,14.0966,4216.13,621231,14.0966,4773.18,745478,14.0966,5403.64,886744,14.0966,6117.15,1.04457e+06,14.0966,6924.63,1.2176e+06,14.0966,11.7194,11.96,12.6541,13.9321,16.1295,13.6434,16.6097,21.9702,13.9553,19.7532,29.5285,14.0526,23.3844,39.1143,14.0829,27.5423,51.2054,14.0923,32.2796,66.434,14.0953,37.662,85.6061,14.0962,43.7675,109.74,14.0965,50.687,140.119,14.0966,58.5249,178.359,14.0966,67.4005,226.493,14.0966,77.4493,287.08,14.0966,88.8254,363.343,14.0966,101.703,459.336,14.0966,116.281,580.161,14.0966,132.782,732.241,14.0966,151.46,923.655,14.0966,172.603,1164.57,14.0966,196.535,1467.79,14.0966,223.625,1849.39,14.0966,254.288,2329.62,14.0966,288.997,2933.93,14.0966,328.285,3694.33,14.0966,372.755,4651.04,14.0966,423.092,5854.57,14.0966,480.07,7368.38,14.0966,544.564,9272.08,14.0966,617.566,11665.5,14.0966,700.197,14673.6,14.0966,793.729,18452.9,14.0966,899.599,23198.6,14.0966,1019.43,29154.1,14.0966,1155.07,36622.3,14.0966,1308.6,45977.9,14.0966,1482.39,57683.7,14.0966,1679.09,72307.8,14.0966,1901.73,90542.8,14.0966,2153.73,113226,14.0966,2438.97,141360,14.0966,2761.81,176127,14.0966,3127.22,218898,14.0966,3540.81,271226,14.0966,4008.92,334817,14.0966,4538.74,411470,14.0966,5138.38,502973,14.0966,5817.04,610948,14.0966,6585.12,736653,14.0966,7454.39,880741,14.0966,8438.15,1.04302e+06,14.0966,9551.45,1.22224e+06,14.0966,10811.3,1.41602e+06,14.0966,12237,1.62086e+06,14.0966,11.7194,11.96,12.6541,2.21263,4.16949,0.989383,2.67766,5.84076,0.311842,3.14343,7.55825,0.0972771,3.63127,9.58578,0.0303237,4.15787,12.0912,0.00945211,4.73731,15.2286,0.00294633,5.38238,19.1721,0.000918508,6.10553,24.134,0.000286163,6.91951,30.3791,8.92692e-05,7.83792,38.2397,2.78121e-05,8.87555,48.1338,8.65134e-06,10.0489,60.5876,2.7882e-06,11.3761,76.2629,8.29036e-07,12.8779,95.9927,2.4373e-07,14.5775,120.825,4.33068e-09,16.5012,152.08,1.75749e-07,18.6784,191.415,-1.86328e-07,21.1428,240.917,1.91829e-07,23.9322,303.213,-1.81475e-07,27.0895,381.602,7.0186e-08,30.6634,480.231,-2.86769e-08,34.7087,604.316,2.40784e-07,39.2876,760.401,9.87368e-08,44.4705,956.705,1.22263e-07,50.3371,1203.54,-4.31966e-07,56.9776,1513.81,-1.9705e-07,64.494,1903.69,-2.763e-08,73.0018,2393.4,3.9185e-07,82.6317,3008.13,1.35379e-07,93.5318,3779.25,-4.16351e-08,105.869,4745.7,2.06965e-08,119.834,5955.6,-3.18887e-07,135.641,7468.12,-1.48271e-08,153.531,9355.62,2.00739e-07,173.781,11705.8,2.28358e-07,196.701,14624.1,-1.93587e-08,222.642,18235,-2.88101e-07,252.003,22683.4,-2.24732e-07,285.234,28134,8.56806e-09,322.845,34767,2.34258e-07,365.413,42770.9,2.99668e-07,413.588,52327.9,8.28644e-08,468.111,63591.2,-3.07049e-07,529.814,76653.2,-3.1888e-07,599.642,91502.5,-6.72276e-08,678.662,107975,2.26339e-07,768.083,125705,3.69212e-07,869.267,144088,2.04077e-07,983.76,162277,-2.80509e-07,1113.3,179223,-4.22737e-07,1259.87,193777,-1.71951e-07,1425.68,204839,4.55555e-07,11.7194,11.96,12.6541,2.21263,4.16949,0.989383,2.67766,5.84076,0.311842,3.14343,7.55825,0.0972771,3.63127,9.58578,0.0303237,4.15787,12.0912,0.00945211,4.73731,15.2286,0.00294633,5.38238,19.1721,0.000918508,6.10553,24.134,0.000286163,6.91951,30.3791,8.92692e-05,7.83792,38.2397,2.78121e-05,8.87555,48.1338,8.65134e-06,10.0489,60.5876,2.7882e-06,11.3761,76.2629,8.29036e-07,12.8779,95.9927,2.4373e-07,14.5775,120.825,1e-08,16.5012,152.08,1.75749e-07,18.6784,191.415,1e-08,21.1428,240.917,1.91829e-07,23.9322,303.213,1e-08,27.0895,381.602,7.0186e-08,30.6634,480.231,1e-08,34.7087,604.316,2.40784e-07,39.2876,760.401,9.87368e-08,44.4705,956.705,1.22263e-07,50.3371,1203.54,1e-08,56.9776,1513.81,1e-08,64.494,1903.69,1e-08,73.0018,2393.4,3.9185e-07,82.6317,3008.13,1.35379e-07,93.5318,3779.25,1e-08,105.869,4745.7,2.06965e-08,119.834,5955.6,1e-08,135.641,7468.12,1e-08,153.531,9355.62,2.00739e-07,173.781,11705.8,2.28358e-07,196.701,14624.1,1e-08,222.642,18235,1e-08,252.003,22683.4,1e-08,285.234,28134,1e-08,322.845,34767,2.34258e-07,365.413,42770.9,2.99668e-07,413.588,52327.9,8.28644e-08,468.111,63591.2,1e-08,529.814,76653.2,1e-08,599.642,91502.5,1e-08,678.662,107975,2.26339e-07,768.083,125705,3.69212e-07,869.267,144088,2.04077e-07,983.76,162277,1e-08,1113.3,179223,1e-08,1259.87,193777,1e-08,1425.68,204839,4.55555e-07,6.2823,3.27286,2.43537,0.219672,6.18826,2.24117,0.56371,6.87772,2.63624,0.308279,23,13,16,2,2,1,2,7,0,2,13,0,2,14,0,1,14,0,2,25,0,1,16,0,2,19,0,3,13,0,12,45,0,9,38,0,11,88,0,8,92,0,12,96,0,8,136,0,6,224,0,18,304,0,25,341,0,26,372,0,45,316,0,30,608,0,33,592,0,39,690,0,20,1145,0,87,955,0,50,2028,0,64,2344,0,56,3667,0,67,5421,0,59,2402,0,74,4038,0,112,5348,0,281,3479,0,88,7933,0,122,6191,0,118,10833,0,123,22247,0,252,21219,0,316,42698,0,255,33019,0,931,66699,0,283,59531,0,739,31601,0,434,99154,0,232,85744,0,930,86523,0,400,136695,0,985,177237,0,350,56755,0,952,129049,0,1238,226052,0,838,176515,0
-1.05176e+08,8.09535e-47,8.88811e-15,10,1023,0,1.05176e+08,0.528882,1.08665,0.389689,0.145397,0.379329,3.24381,0.161596,0.446195,1.77396,0.159177,1.15e+07,4.49998e+06,6.79999e+06,1.15e+07,4.49997e+06,6.79999e+06,1.15e+07,4.49996e+06,6.79999e+06,1.15e+07,4.49995e+06,6.79999e+06,1.14999e+07,4.49993e+06,6.79999e+06,1.14999e+07,4.49991e+06,6.79999e+06,1.14999e+07,4.49989e+06,6.79999e+06,1.14999e+07,4.49986e+06,6.79999e+06,1.14999e+07,4.49982e+06,6.79999e+06,1.14999e+07,4.49977e+06,6.79999e+06,1.14999e+07,4.49971e+06,6.79999e+06,1.14999e+07,4.49963e+06,6.79999e+06,1.14998e+07,4.49953e+06,6.79999e+06,1.14998e+07,4.49941e+06,6.79999e+06,1.14998e+07,4.49926e+06,6.79999e+06,1.14998e+07,4.49906e+06,6.79999e+06,1.14997e+07,4.49882e+06,6.79999e+06,1.14997e+07,4.49851e+06,6.79999e+06,1.14997e+07,4.49812e+06,6.79999e+06,1.14996e+07,4.49764e+06,6.79999e+06,1.14996e+07,4.49702e+06,6.79999e+06,1.14995e+07,4.49625e+06,6.79999e+06,1.14995e+07,4.49528e+06,6.79999e+06,1.14994e+07,4.49406e+06,6.79999e+06,1.14993e+07,4.49253e+06,6.79999e+06,1.14992e+07,4.49059e+06,6.79999e+06,1.14991e+07,4.48817e+06,6.79999e+06,1.1499e+07,4.48511e+06,6.79999e+06,1.14988e+07,4.48128e+06,6.79999e+06,1.14987e+07,4.47646e+06,6.79999e+06,1.14985e+07,4.47041e+06,6.79999e+06,1.14983e+07,4.46281e+06,6.79999e+06,1.14981e+07,4.4533e+06,6.79999e+06,1.14979e+07,4.44138e+06,6.79999e+06,1.14976e+07,4.42649e+06,6.79999e+06,1.14972e+07,4.40789e+06,6.79999e+06,1.14969e+07,4.38471e+06,6.79999e+06,1.14965e+07,4.35592e+06,6.79999e+06,1.1496e+07,4.32027e+06,6.79999e+06,1.14955e+07,4.27629e+06,6.79999e+06,1.14949e+07,4.22231e+06,6.79999e+06,1.14942e+07,4.15647e+06,6.79999e+06,1.14934e+07,4.07676e+06,6.79999e+06,1.14926e+07,3.98112e+06,6.79999e+06,1.14916e+07,3.86765e+06,6.79999e+06,1.14905e+07,3.73474e+06,6.79999e+06,1.14892e+07,3.58148e+06,6.79999e+06,1.14878e+07,3.40785e+06,6.79999e+06,1.14862e+07,3.21513e+06,6.79999e+06,1.14844e+07,3.00605e+06,6.79999e+06,1.14823e+07,2.7848e+06,6.79999e+06,1.148e+07,2.5568e+06,6.79999e+06,1.14773e+07,2.32825e+06,6.79999e+06,13.5742,8.52444,0.508366,16.8306,13.2585,0.162638,20.0035,17.569,0.0507846,23.2616,22.4214,0.0158319,26.7328,28.3297,0.00493498,30.5212,35.6974,0.00153831,34.7178,44.9473,0.000479527,39.4086,56.5822,0.000149456,44.6796,71.2245,4.66214e-05,50.6209,89.6543,1.45419e-05,57.3297,112.852,4.54748e-06,64.9129,142.051,1.43857e-06,73.4897,178.803,4.36618e-07,83.1934,225.062,1.40153e-07,94.1745,283.286,4.96378e-08,106.602,356.568,1.05434e-07,120.669,448.799,-6.49244e-08,136.59,564.873,1.70148e-07,154.611,710.948,-5.34594e-08,175.008,894.767,1.63407e-07,198.097,1126.06,8.04804e-08,224.231,1417.07,1.14667e-07,253.813,1783.15,-1.71227e-07,287.297,2243.62,-2.88466e-07,325.198,2822.67,-4.33651e-07,368.098,3550.67,7.9318e-08,416.657,4465.65,3.13319e-07,471.621,5615.16,3.4613e-07,533.835,7058.61,-1.19199e-07,604.255,8870.02,-2.79964e-07,683.962,11141.4,-2.30521e-07,774.182,13986.7,-2.55099e-07,876.299,17546.4,1.23585e-07,991.883,21993.1,1.41192e-07,1122.71,27536.7,-9.71886e-08,1270.78,34430.7,-3.68368e-07,1438.38,42977.7,-3.45379e-07,1628.07,53532.7,-3.25328e-09,1842.77,66504.6,2.6362e-07,2085.77,82350.2,2.53445e-07,2360.79,101560,-2.47407e-08,2672.05,124632,-3.80602e-07,3024.31,152018,-4.79005e-07,3422.98,184060,-1.14379e-07,3874.15,220884,2.64297e-07,4384.72,262283,3.44131e-07,4962.49,307576,7.5349e-08,5616.29,355497,-3.63097e-07,6356.1,404126,-6.05442e-07,7193.18,450932,-2.72333e-07,8140.28,492963,2.29675e-07,9211.79,527178,4.3387e-07,10424,550893,-1.0711e-07,10.102,8.06553,2.81012,10.6436,8.57909,0.869423,11.5336,10.2515,0.270869,12.7211,12.7138,0.0844293,14.1823,15.9373,0.0263173,15.9122,20.0383,0.0082035,17.9198,25.2154,0.00255722,20.2244,31.7373,0.000797017,22.8539,39.9486,0.000248622,25.8438,50.2851,7.75492e-05,29.237,63.2963,2.42508e-05,33.0837,79.6738,7.67162e-06,37.4415,100.288,2.32837e-06,42.3767,126.236,7.33e-07,47.9646,158.896,2.79256e-07,54.2906,200.003,9.87351e-09,61.452,251.741,1.61085e-07,69.5585,316.859,-2.47141e-07,78.7347,398.812,8.93552e-08,89.1218,501.948,-2.53231e-07,100.879,631.736,-1.25047e-07,114.188,795.049,-1.78808e-07,129.252,1000.53,2.6733e-07,146.304,1259.03,4.50292e-07,165.605,1584.19,6.76904e-07,187.452,1993.12,-1.23808e-07,212.181,2507.27,-4.89068e-07,240.173,3153.54,-5.40284e-07,271.856,3965.56,1.86061e-07,307.719,4985.38,4.37004e-07,348.313,6265.4,3.59828e-07,394.26,7870.83,3.98192e-07,446.268,9882.51,-1.92908e-07,505.135,12400.3,-2.20392e-07,571.766,15546.9,1.51705e-07,647.184,19472.2,5.74996e-07,732.547,24357.4,5.39112e-07,829.167,30420,5.07815e-09,938.526,37916.3,-4.11492e-07,1062.3,47143.9,-3.9561e-07,1202.4,58439.2,3.86185e-08,1360.96,72169.3,5.94093e-07,1540.42,88715.8,7.47693e-07,1743.53,108445,1.78537e-07,1973.41,131665,-4.12549e-07,2233.57,158557,-5.37164e-07,2528,189103,-1.17615e-07,2861.2,222986,5.66769e-07,3238.27,259510,9.45053e-07,3664.97,297540,4.25093e-07,4147.81,335497,-3.58506e-07,4694.17,371444,-6.7724e-07,5312.37,403256,1.67192e-07,1.61744,3.89446,9.84394,3.28846,7.5504,12.774,5.07607,11.7187,13.6844,7.03202,16.8147,13.9681,9.20215,23.1769,14.0566,11.6301,31.1672,14.0841,14.3598,41.2186,14.0927,17.4376,53.8688,14.0954,20.9137,69.7915,14.0962,24.8432,89.8341,14.0965,29.2879,115.063,14.0966,34.3168,146.819,14.0966,40.0078,186.792,14.0966,46.4487,237.107,14.0966,53.7388,300.44,14.0966,61.9903,380.158,14.0966,71.3301,480.499,14.0966,81.902,606.796,14.0966,93.8685,765.761,14.0966,107.414,965.837,14.0966,122.746,1217.65,14.0966,140.101,1534.57,14.0966,159.745,1933.41,14.0966,181.981,2435.3,14.0966,207.15,3066.85,14.0966,235.64,3861.46,14.0966,267.889,4861.11,14.0966,304.391,6118.54,14.0966,345.709,7699.91,14.0966,392.478,9688.22,14.0966,445.417,12187.5,14.0966,505.339,15327.7,14.0966,573.165,19271.6,14.0966,649.938,24222,14.0966,736.839,30430.9,14.0966,835.202,38211.5,14.0966,946.539,47950.3,14.0966,1072.56,60122.8,14.0966,1215.21,75309.9,14.0966,1376.66,94216.2,14.0966,1559.41,117688,14.0966,1766.26,146729,14.0966,2000.39,182510,14.0966,2265.39,226372,14.0966,2565.33,279806,14.0966,2904.81,344416,14.0966,3289.05,421845,14.0966,3723.93,513667,14.0966,4216.13,621231,14.0966,4773.18,745478,14.0966,5403.64,886744,14.0966,6117.15,1.04457e+06,14.0966,6924.63,1.2176e+06,14.0966,11.7194,11.96,12.6541,13.9321,16.1295,13.6434,16.6097,21.9702,13.9553,19.7532,29.5285,14.0526,23.3844,39.1143,14.0829,27.5423,51.2054,14.0923,32.2796,66.434,14.0953,37.662,85.6061,14.0962,43.7675,109.74,14.0965,50.687,140.119,14.0966,58.5249,178.359,14.0966,67.4005,226.493,14.0966,77.4493,287.08,14.0966,88.8254,363.343,14.0966,101.703,459.336,14.0966,116.281,580.161,14.0966,132.782,732.241,14.0966,151.46,923.655,14.0966,172.603,1164.57,14.0966,196.535,1467.79,14.0966,223.625,1849.39,14.0966,254.288,2329.62,14.0966,288.997,2933.93,14.0966,328.285,3694.33,14.0966,372.755,4651.04,14.0966,423.092,5854.57,14.0966,480.07,7368.38,14.0966,544.564,9272.08,14.0966,617.566,11665.5,14.0966,700.197,14673.6,14.0966,793.729,18452.9,14.0966,899.599,23198.6,14.0966,1019.43,29154.1,14.0966,1155.07,36622.3,14.0966,1308.6,45977.9,14.0966,1482.39,57683.7,14.0966,1679.09,72307.8,14.0966,1901.73,90542.8,14.0966,2153.73,113226,14.0966,2438.97,141360,14.0966,2761.81,176127,14.0966,3127.22,218898,14.0966,3540.81,271226,14.0966,4008.92,334817,14.0966,4538.74,411470,14.0966,5138.38,502973,14.0966,5817.04,610948,14.0966,6585.12,736653,14.0966,7454.39,880741,14.0966,8438.15,1.04302e+06,14.0966,9551.45,1.22224e+06,14.0966,10811.3,1.41602e+06,14.0966,12237,1.62086e+06,14.0966,11.7194,11.96,12.6541,2.21263,4.16949,0.989383,2.67766,5.84076,0.311842,3.14343,7.55825,0.0972771,3.63127,9.58578,0.0303237,4.15787,12.0912,0.00945211,4.73731,15.2286,0.00294633,5.38238,19.1721,0.000918508,6.10553,24.134,0.000286163,6.91951,30.3791,8.92692e-05,7.83792,38.2397,2.78121e-05,8.87555,48.1338,8.65134e-06,10.0489,60.5876,2.7882e-06,11.3761,76.2629,8.29036e-07,12.8779,95.9927,2.4373e-07,14.5775,120.825,4.33068e-09,16.5012,152.08,1.75749e-07,18.6784,191.415,-1.86328e-07,21.1428,240.917,1.91829e-07,23.9322,303.213,-1.81475e-07,27.0895,381.602,7.0186e-08,30.6634,480.231,-2.86769e-08,34.7087,604.316,2.40784e-07,39.2876,760.401,9.87368e-08,44.4705,956.705,1.22263e-07,50.3371,1203.54,-4.31966e-07,56.9776,1513.81,-1.9705e-07,64.494,1903.69,-2.763e-08,73.0018,2393.4,3.9185e-07,82.6317,3008.13,1.35379e-07,93.5318,3779.25,-4.16351e-08,105.869,4745.7,2.06965e-08,119.834,5955.6,-3.18887e-07,135.641,7468.12,-1.48271e-08,153.531,9355.62,2.00739e-07,173.781,11705.8,2.28358e-07,196.701,14624.1,-1.93587e-08,222.642,18235,-2.88101e-07,252.003,22683.4,-2.24732e-07,285.234,28134,8.56806e-09,322.845,34767,2.34258e-07,365.413,42770.9,2.99668e-07,413.588,52327.9,8.28644e-08,468.111,63591.2,-3.07049e-07,529.814,76653.2,-3.1888e-07,599.642,91502.5,-6.72276e-08,678.662,107975,2.26339e-07,768.083,125705,3.69212e-07,869.267,144088,2.04077e-07,983.76,162277,-2.80509e-07,1113.3,179223,-4.22737e-07,1259.87,193777,-1.71951e-07,1425.68,204839,4.55555e-07,11.7194,11.96,12.6541,2.21263,4.16949,0.989383,2.67766,5.84076,0.311842,3.14343,7.55825,0.0972771,3.63127,9.58578,0.0303237,4.15787,12.0912,0.00945211,4.73731,15.2286,0.00294633,5.38238,19.1721,0.000918508,6.10553,24.134,0.000286163,6.91951,30.3791,8.92692e-05,7.83792,38.2397,2.78121e-05,8.87555,48.1338,8.65134e-06,10.0489,60.5876,2.7882e-06,11.3761,76.2629,8.29036e-07,12.8779,95.9927,2.4373e-07,14.5775,120.825,1e-08,16.5012,152.08,1.75749e-07,18.6784,191.415,1e-08,21.1428,240.917,1.91829e-07,23.9322,303.213,1e-08,27.0895,381.602,7.0186e-08,30.6634,480.231,1e-08,34.7087,604.316,2.40784e-07,39.2876,760.401,9.87368e-08,44.4705,956.705,1.22263e-07,50.3371,1203.54,1e-08,56.9776,1513.81,1e-08,64.494,1903.69,1e-08,73.0018,2393.4,3.9185e-07,82.6317,3008.13,1.35379e-07,93.5318,3779.25,1e-08,105.869,4745.7,2.06965e-08,119.834,5955.6,1e-08,135.641,7468.12,1e-08,153.531,9355.62,2.00739e-07,173.781,11705.8,2.28358e-07,196.701,14624.1,1e-08,222.642,18235,1e-08,252.003,22683.4,1e-08,285.234,28134,1e-08,322.845,34767,2.34258e-07,365.413,42770.9,2.99668e-07,413.588,52327.9,8.28644e-08,468.111,63591.2,1e-08,529.814,76653.2,1e-08,599.642,91502.5,1e-08,678.662,107975,2.26339e-07,768.083,125705,3.69212e-07,869.267,144088,2.04077e-07,983.76,162277,1e-08,1113.3,179223,1e-08,1259.87,193777,1e-08,1425.68,204839,4.55555e-07,6.2823,3.27286,2.43537,0.219672,6.18826,2.24117,0.56371,6.87772,2.63624,0.308279,21,11,15,1,4,2,5,3,1,4,6,0,4,8,0,2,14,0,9,12,0,4,24,0,3,35,0,9,20,0,14,57,0,5,40,0,5,27,0,14,103,0,7,72,0,13,153,0,10,182,0,6,142,0,18,235,0,14,222,0,11,183,0,23,558,0,39,441,0,46,529,0,73,257,0,52,462,0,62,2340,0,75,2090,0,84,1932,0,71,2984,0,109,6112,0,93,4919,0,164,7094,0,176,14148,0,117,11462,0,240,14087,0,138,22185,0,452,28156,0,172,26108,0,358,11964,0,356,21295,0,265,29540,0,669,76400,0,648,37843,0,570,71892,0,936,107875,0,111,83560,0,1114,160018,0,1470,70069,0,615,205524,0,774,90976,0,1851,271315,0,1271,194857,0
-1.05176e+08,0.999999,8.88811e-15,10,1023,0,1.05176e+08,0.528882,1.08665,0.389689,0.145397,0.379329,3.24381,0.161596,0.446195,1.77396,0.159177,1.15e+07,4.49998e+06,6.79999e+06,1.15e+07,4.49997e+06,6.79999e+06,1.15e+07,4.49996e+06,6.79999e+06,1.15e+07,4.49995e+06,6.79999e+06,1.14999e+07,4.49993e+06,6.79999e+06,1.14999e+07,4.49991e+06,6.79999e+06,1.14999e+07,4.49989e+06,6.79999e+06,1.14999e+07,4.49986e+06,6.79999e+06,1.14999e+07,4.49982e+06,6.79999e+06,1.14999e+07,4.49977e+06,6.79999e+06,1.14999e+07,4.49971e+06,6.79999e+06,1.14999e+07,4.49963e+06,6.79999e+06,1.14998e+07,4.49953e+06,6.79999e+06,1.14998e+07,4.49941e+06,6.79999e+06,1.14998e+07,4.49926e+06,6.79999e+06,1.14998e+07,4.49906e+06,6.79999e+06,1.14997e+07,4.49882e+06,6.79999e+06,1.14997e+07,4.49851e+06,6.79999e+06,1.14997e+07,4.49812e+06,6.79999e+06,1.14996e+07,4.49764e+06,6.79999e+06,1.14996e+07,4.49702e+06,6.79999e+06,1.14995e+07,4.49625e+06,6.79999e+06,1.14995e+07,4.49528e+06,6.79999e+06,1.14994e+07,4.49406e+06,6.79999e+06,1.14993e+07,4.49253e+06,6.79999e+06,1.14992e+07,4.49059e+06,6.79999e+06,1.14991e+07,4.48817e+06,6.79999e+06,1.1499e+07,4.48511e+06,6.79999e+06,1.14988e+07,4.48128e+06,6.79999e+06,1.14987e+07,4.47646e+06,6.79999e+06,1.14985e+07,4.47041e+06,6.79999e+06,1.14983e+07,4.46281e+06,6.79999e+06,1.14981e+07,4.4533e+06,6.79999e+06,1.14979e+07,4.44138e+06,6.79999e+06,1.14976e+07,4.42649e+06,6.79999e+06,1.14972e+07,4.40789e+06,6.79999e+06,1.14969e+07,4.38471e+06,6.79999e+06,1.14965e+07,4.35592e+06,6.79999e+06,1.1496e+07,4.32027e+06,6.79999e+06,1.14955e+07,4.27629e+06,6.79999e+06,1.14949e+07,4.22231e+06,6.79999e+06,1.14942e+07,4.15647e+06,6.79999e+06,1.14934e+07,4.07676e+06,6.79999e+06,1.14926e+07,3.98112e+06,6.79999e+06,1.14916e+07,3.86765e+06,6.79999e+06,1.14905e+07,3.73474e+06,6.79999e+06,1.14892e+07,3.58148e+06,6.79999e+06,1.14878e+07,3.40785e+06,6.79999e+06,1.14862e+07,3.21513e+06,6.79999e+06,1.14844e+07,3.00605e+06,6.79999e+06,1.14823e+07,2.7848e+06,6.79999e+06,1.148e+07,2.5568e+06,6.79999e+06,1.14773e+07,2.32825e+06,6.79999e+06,13.5742,8.52444,0.508366,16.8306,13.2585,0.162638,20.0035,17.569,0.0507846,23.2616,22.4214,0.0158319,26.7328,28.3297,0.00493498,30.5212,35.6974,0.00153831,34.7178,44.9473,0.000479527,39.4086,56.5822,0.000149456,44.6796,71.2245,4.66214e-05,50.6209,89.6543,1.45419e-05,57.3297,112.852,4.54748e-06,64.9129,142.051,1.43857e-06,73.4897,178.803,4.36618e-07,83.1934,225.062,1.40153e-07,94.1745,283.286,4.96378e-08,106.602,356.568,1.05434e-07,120.669,448.799,-6.49244e-08,136.59,564.873,1.70148e-07,154.611,710.948,-5.34594e-08,175.008,894.767,1.63407e-07,198.097,1126.06,8.04804e-08,224.231,1417.07,1.14667e-07,253.813,1783.15,-1.71227e-07,287.297,2243.62,-2.88466e-07,325.198,2822.67,-4.33651e-07,368.098,3550.67,7.9318e-08,416.657,4465.65,3.13319e-07,471.621,5615.16,3.4613e-07,533.835,7058.61,-1.19199e-07,604.255,8870.02,-2.79964e-07,683.962,11141.4,-2.30521e-07,774.182,13986.7,-2.55099e-07,876.299,17546.4,1.23585e-07,991.883,21993.1,1.41192e-07,1122.71,27536.7,-9.71886e-08,1270.78,34430.7,-3.68368e-07,1438.38,42977.7,-3.45379e-07,1628.07,53532.7,-3.25328e-09,1842.77,66504.6,2.6362e-07,2085.77,82350.2,2.53445e-07,2360.79,101560,-2.47407e-08,2672.05,124632,-3.80602e-07,3024.31,152018,-4.79005e-07,3422.98,184060,-1.14379e-07,3874.15,220884,2.64297e-07,4384.72,262283,3.44131e-07,4962.49,307576,7.5349e-08,5616.29,355497,-3.63097e-07,6356.1,404126,-6.05442e-07,7193.18,450932,-2.72333e-07,8140.28,492963,2.29675e-07,9211.79,527178,4.3387e-07,10424,550893,-1.0711e-07,10.102,8.06553,2.81012,10.6436,8.57909,0.869423,11.5336,10.2515,0.270869,12.7211,12.7138,0.0844293,14.1823,15.9373,0.0263173,15.9122,20.0383,0.0082035,17.9198,25.2154,0.00255722,20.2244,31.7373,0.000797017,22.8539,39.9486,0.000248622,25.8438,50.2851,7.75492e-05,29.237,63.2963,2.42508e-05,33.0837,79.6738,7.67162e-06,37.4415,100.288,2.32837e-06,42.3767,126.236,7.33e-07,47.9646,158.896,2.79256e-07,54.2906,200.003,9.87351e-09,61.452,251.741,1.61085e-07,69.5585,316.859,-2.47141e-07,78.7347,398.812,8.93552e-08,89.1218,501.948,-2.53231e-07,100.879,631.736,-1.25047e-07,114.188,795.049,-1.78808e-07,129.252,1000.53,2.6733e-07,146.304,1259.03,4.50292e-07,165.605,1584.19,6.76904e-07,187.452,1993.12,-1.23808e-07,212.181,2507.27,-4.89068e-07,240.173,3153.54,-5.40284e-07,271.856,3965.56,1.86061e-07,307.719,4985.38,4.37004e-07,348.313,6265.4,3.59828e-07,394.26,7870.83,3.98192e-07,446.268,9882.51,-1.92908e-07,505.135,12400.3,-2.20392e-07,571.766,15546.9,1.51705e-07,647.184,19472.2,5.74996e-07,732.547,24357.4,5.39112e-07,829.167,30420,5.07815e-09,938.526,37916.3,-4.11492e-07,1062.3,47143.9,-3.9561e-07,1202.4,58439.2,3.86185e-08,1360.96,72169.3,5.94093e-07,1540.42,88715.8,7.47693e-07,1743.53,108445,1.78537e-07,1973.41,131665,-4.12549e-07,2233.57,158557,-5.37164e-07,2528,189103,-1.17615e-07,2861.2,222986,5.66769e-07,3238.27,259510,9.45053e-07,3664.97,297540,4.25093e-07,4147.81,335497,-3.58506e-07,4694.17,371444,-6.7724e-07,5312.37,403256,1.67192e-07,1.61744,3.89446,9.84394,3.28846,7.5504,12.774,5.07607,11.7187,13.6844,7.03202,16.8147,13.9681,9.20215,23.1769,14.0566,11.6301,31.1672,14.0841,14.3598,41.2186,14.0927,17.4376,53.8688,14.0954,20.9137,69.7915,14.0962,24.8432,89.8341,14.0965,29.2879,115.063,14.0966,34.3168,146.819,14.0966,40.0078,186.792,14.0966,46.4487,237.107,14.0966,53.7388,300.44,14.0966,61.9903,380.158,14.0966,71.3301,480.499,14.0966,81.902,606.796,14.0966,93.8685,765.761,14.0966,107.414,965.837,14.0966,122.746,1217.65,14.0966,140.101,1534.57,14.0966,159.745,1933.41,14.0966,181.981,2435.3,14.0966,207.15,3066.85,14.0966,235.64,3861.46,14.0966,267.889,4861.11,14.0966,304.391,6118.54,14.0966,345.709,7699.91,14.0966,392.478,9688.22,14.0966,445.417,12187.5,14.0966,505.339,15327.7,14.0966,573.165,19271.6,14.0966,649.938,24222,14.0966,736.839,30430.9,14.0966,835.202,38211.5,14.0966,946.539,47950.3,14.0966,1072.56,60122.8,14.0966,1215.21,75309.9,14.0966,1376.66,94216.2,14.0966,1559.41,117688,14.0966,1766.26,146729,14.0966,2000.39,182510,14.0966,2265.39,226372,14.0966,2565.33,279806,14.0966,2904.81,344416,14.0966,3289.05,421845,14.0966,3723.93,513667,14.0966,4216.13,621231,14.0966,4773.18,745478,14.0966,5403.64,886744,14.0966,6117.15,1.04457e+06,14.0966,6924.63,1.2176e+06,14.0966,11.7194,11.96,12.6541,13.9321,16.1295,13.6434,16.6097,21.9702,13.9553,19.7532,29.5285,14.0526,23.3844,39.1143,14.0829,27.5423,51.2054,14.0923,32.2796,66.434,14.0953,37.662,85.6061,14.0962,43.7675,109.74,14.0965,50.687,140.119,14.0966,58.5249,178.359,14.0966,67.4005,226.493,14.0966,77.4493,287.08,14.0966,88.8254,363.343,14.0966,101.703,459.336,14.0966,116.281,580.161,14.0966,132.782,732.241,14.0966,151.46,923.655,14.0966,172.603,1164.57,14.0966,196.535,1467.79,14.0966,223.625,1849.39,14.0966,254.288,2329.62,14.0966,288.997,2933.93,14.0966,328.285,3694.33,14.0966,372.755,4651.04,14.0966,423.092,5854.57,14.0966,480.07,7368.38,14.0966,544.564,9272.08,14.0966,617.566,11665.5,14.0966,700.197,14673.6,14.0966,793.729,18452.9,14.0966,899.599,23198.6,14.0966,1019.43,29154.1,14.0966,1155.07,36622.3,14.0966,1308.6,45977.9,14.0966,1482.39,57683.7,14.0966,1679.09,72307.8,14.0966,1901.73,90542.8,14.0966,2153.73,113226,14.0966,2438.97,141360,14.0966,2761.81,176127,14.0966,3127.22,218898,14.0966,3540.81,271226,14.0966,4008.92,334817,14.0966,4538.74,411470,14.0966,5138.38,502973,14.0966,5817.04,610948,14.0966,6585.12,736653,14.0966,7454.39,880741,14.0966,8438.15,1.04302e+06,14.0966,9551.45,1.22224e+06,14.0966,10811.3,1.41602e+06,14.0966,12237,1.62086e+06,14.0966,11.7194,11.96,12.6541,2.21263,4.16949,0.989383,2.67766,5.84076,0.311842,3.14343,7.55825,0.0972771,3.63127,9.58578,0.0303237,4.15787,12.0912,0.00945211,4.73731,15.2286,0.00294633,5.38238,19.1721,0.000918508,6.10553,24.134,0.000286163,6.91951,30.3791,8.92692e-05,7.83792,38.2397,2.78121e-05,8.87555,48.1338,8.65134e-06,10.0489,60.5876,2.7882e-06,11.3761,76.2629,8.29036e-07,12.8779,95.9927,2.4373e-07,14.5775,120.825,4.33068e-09,16.5012,152.08,1.75749e-07,18.6784,191.415,-1.86328e-07,21.1428,240.917,1.91829e-07,23.9322,303.213,-1.81475e-07,27.0895,381.602,7.0186e-08,30.6634,480.231,-2.86769e-08,34.7087,604.316,2.40784e-07,39.2876,760.401,9.87368e-08,44.4705,956.705,1.22263e-07,50.3371,1203.54,-4.31966e-07,56.9776,1513.81,-1.9705e-07,64.494,1903.69,-2.763e-08,73.0018,2393.4,3.9185e-07,82.6317,3008.13,1.35379e-07,93.5318,3779.25,-4.16351e-08,105.869,4745.7,2.06965e-08,119.834,5955.6,-3.18887e-07,135.641,7468.12,-1.48271e-08,153.531,9355.62,2.00739e-07,173.781,11705.8,2.28358e-07,196.701,14624.1,-1.93587e-08,222.642,18235,-2.88101e-07,252.003,22683.4,-2.24732e-07,285.234,28134,8.56806e-09,322.845,34767,2.34258e-07,365.413,42770.9,2.99668e-07,413.588,52327.9,8.28644e-08,468.111,63591.2,-3.07049e-07,529.814,76653.2,-3.1888e-07,599.642,91502.5,-6.72276e-08,678.662,107975,2.26339e-07,768.083,125705,3.69212e-07,869.267,144088,2.04077e-07,983.76,162277,-2.80509e-07,1113.3,179223,-4.22737e-07,1259.87,193777,-1.71951e-07,1425.68,204839,4.55555e-07,11.7194,11.96,12.6541,2.21263,4.16949,0.989383,2.67766,5.84076,0.311842,3.14343,7.55825,0.0972771,3.63127,9.58578,0.0303237,4.15787,12.0912,0.00945211,4.73731,15.2286,0.00294633,5.38238,19.1721,0.000918508,6.10553,24.134,0.000286163,6.91951,30.3791,8.92692e-05,7.83792,38.2397,2.78121e-05,8.87555,48.1338,8.65134e-06,10.0489,60.5876,2.7882e-06,11.3761,76.2629,8.29036e-07,12.8779,95.9927,2.4373e-07,14.5775,120.825,1e-08,16.5012,152.08,1.75749e-07,18.6784,191.415,1e-08,21.1428,240.917,1.91829e-07,23.9322,303.213,1e-08,27.0895,381.602,7.0186e-08,30.6634,480.231,1e-08,34.7087,604.316,2.40784e-07,39.2876,760.401,9.87368e-08,44.4705,956.705,1.22263e-07,50.3371,1203.54,1e-08,56.9776,1513.81,1e-08,64.494,1903.69,1e-08,73.0018,2393.4,3.9185e-07,82.6317,3008.13,1.35379e-07,93.5318,3779.25,1e-08,105.869,4745.7,2.06965e-08,119.834,5955.6,1e-08,135.641,7468.12,1e-08,153.531,9355.62,2.00739e-07,173.781,11705.8,2.28358e-07,196.701,14624.1,1e-08,222.642,18235,1e-08,252.003,22683.4,1e-08,285.234,28134,1e-08,322.845,34767,2.34258e-07,365.413,42770.9,2.99668e-07,413.588,52327.9,8.28644e-08,468.111,63591.2,1e-08,529.814,76653.2,1e-08,599.642,91502.5,1e-08,678.662,107975,2.26339e-07,768.083,125705,3.69212e-07,869.267,144088,2.04077e-07,983.76,162277,1e-08,1113.3,179223,1e-08,1259.87,193777,1e-08,1425.68,204839,4.55555e-07,6.2823,3.27286,2.43537,0.219672,6.18826,2.24117,0.56371,6.87772,2.63624,0.308279,15,12,4,4,4,1,2,0,0,3,3,0,4,8,0,3,11,0,2,30,0,7,20,0,10,41,0,7,26,0,8,48,0,12,38,0,14,121,0,7,37,0,2,124,0,8,173,0,0,100,0,22,232,0,30,318,0,27,406,0,22,456,0,25,262,0,62,790,0,51,701,0,27,1817,0,50,1166,0,25,828,0,77,1920,0,77,1094,0,81,5817,0,117,2846,0,109,3456,0,185,5592,0,247,4989,0,101,14413,0,237,8393,0,303,15161,0,252,6623,0,249,36343,0,252,50742,0,171,48454,0,466,30520,0,468,54387,0,548,54597,0,547,72925,0,513,82379,0,1412,116518,0,625,94589,0,215,93760,0,676,261995,0,1079,199324,0,911,146616,0,968,116352,0
-1.05176e+08,1,8.88811e-15,10,1023,0,1.05176e+08,0.528882,1.08665,0.389689,0.145397,0.379329,3.24381,0.161596,0.446195,1.77396,0.159177,1.15e+07,4.49998e+06,6.79999e+06,1.15e+07,4.49997e+06,6.79999e+06,1.15e+07,4.49996e+06,6.79999e+06,1.15e+07,4.49995e+06,6.79999e+06,1.14999e+07,4.49993e+06,6.79999e+06,1.14999e+07,4.49991e+06,6.79999e+06,1.14999e+07,4.49989e+06,6.79999e+06,1.14999e+07,4.49986e+06,6.79999e+06,1.14999e+07,4.49982e+06,6.79999e+06,1.14999e+07,4.49977e+06,6.79999e+06,1.14999e+07,4.49971e+06,6.79999e+06,1.14999e+07,4.49963e+06,6.79999e+06,1.14998e+07,4.49953e+06,6.79999e+06,1.14998e+07,4.49941e+06,6.79999e+06,1.14998e+07,4.49926e+06,6.79999e+06,1.14998e+07,4.49906e+06,6.79999e+06,1.14997e+07,4.49882e+06,6.79999e+06,1.14997e+07,4.49851e+06,6.79999e+06,1.14997e+07,4.49812e+06,6.79999e+06,1.14996e+07,4.49764e+06,6.79999e+06,1.14996e+07,4.49702e+06,6.79999e+06,1.14995e+07,4.49625e+06,6.79999e+06,1.14995e+07,4.49528e+06,6.79999e+06,1.14994e+07,4.49406e+06,6.79999e+06,1.14993e+07,4.49253e+06,6.79999e+06,1.14992e+07,4.49059e+06,6.79999e+06,1.14991e+07,4.48817e+06,6.79999e+06,1.1499e+07,4.48511e+06,6.79999e+06,1.14988e+07,4.48128e+06,6.79999e+06,1.14987e+07,4.47646e+06,6.79999e+06,1.14985e+07,4.47041e+06,6.79999e+06,1.14983e+07,4.46281e+06,6.79999e+06,1.14981e+07,4.4533e+06,6.79999e+06,1.14979e+07,4.44138e+06,6.79999e+06,1.14976e+07,4.42649e+06,6.79999e+06,1.14972e+07,4.40789e+06,6.79999e+06,1.14969e+07,4.38471e+06,6.79999e+06,1.14965e+07,4.35592e+06,6.79999e+06,1.1496e+07,4.32027e+06,6.79999e+06,1.14955e+07,4.27629e+06,6.79999e+06,1.14949e+07,4.22231e+06,6.79999e+06,1.14942e+07,4.15647e+06,6.79999e+06,1.14934e+07,4.07676e+06,6.79999e+06,1.14926e+07,3.98112e+06,6.79999e+06,1.14916e+07,3.86765e+06,6.79999e+06,1.14905e+07,3.73474e+06,6.79999e+06,1.14892e+07,3.58148e+06,6.79999e+06,1.14878e+07,3.40785e+06,6.79999e+06,1.14862e+07,3.21513e+06,6.79999e+06,1.14844e+07,3.00605e+06,6.79999e+06,1.14823e+07,2.7848e+06,6.79999e+06,1.148e+07,2.5568e+06,6.79999e+06,1.14773e+07,2.32825e+06,6.79999e+06,13.5742,8.52444,0.508366,16.8306,13.2585,0.162638,20.0035,17.569,0.0507846,23.2616,22.4214,0.0158319,26.7328,28.3297,0.00493498,30.5212,35.6974,0.00153831,34.7178,44.9473,0.000479527,39.4086,56.5822,0.000149456,44.6796,71.2245,4.66214e-05,50.6209,89.6543,1.45419e-05,57.3297,112.852,4.54748e-06,64.9129,142.051,1.43857e-06,73.4897,178.803,4.36618e-07,83.1934,225.062,1.40153e-07,94.1745,283.286,4.96378e-08,106.602,356.568,1.05434e-07,120.669,448.799,-6.49244e-08,136.59,564.873,1.70148e-07,154.611,710.948,-5.34594e-08,175.008,894.767,1.63407e-07,198.097,1126.06,8.04804e-08,224.231,1417.07,1.14667e-07,253.813,1783.15,-1.71227e-07,287.297,2243.62,-2.88466e-07,325.198,2822.67,-4.33651e-07,368.098,3550.67,7.9318e-08,416.657,4465.65,3.13319e-07,471.621,5615.16,3.4613e-07,533.835,7058.61,-1.19199e-07,604.255,8870.02,-2.79964e-07,683.962,11141.4,-2.30521e-07,774.182,13986.7,-2.55099e-07,876.299,17546.4,1.23585e-07,991.883,21993.1,1.41192e-07,1122.71,27536.7,-9.71886e-08,1270.78,34430.7,-3.68368e-07,1438.38,42977.7,-3.45379e-07,1628.07,53532.7,-3.25328e-09,1842.77,66504.6,2.6362e-07,2085.77,82350.2,2.53445e-07,2360.79,101560,-2.47407e-08,2672.05,124632,-3.80602e-07,3024.31,152018,-4.79005e-07,3422.98,184060,-1.14379e-07,3874.15,220884,2.64297e-07,4384.72,262283,3.44131e-07,4962.49,307576,7.5349e-08,5616.29,355497,-3.63097e-07,6356.1,404126,-6.05442e-07,7193.18,450932,-2.72333e-07,8140.28,492963,2.29675e-07,9211.79,527178,4.3387e-07,10424,550893,-1.0711e-07,10.102,8.06553,2.81012,10.6436,8.57909,0.869423,11.5336,10.2515,0.270869,12.7211,12.7138,0.0844293,14.1823,15.9373,0.0263173,15.9122,20.0383,0.0082035,17.9198,25.2154,0.00255722,20.2244,31.7373,0.000797017,22.8539,39.9486,0.000248622,25.8438,50.2851,7.75492e-05,29.237,63.2963,2.42508e-05,33.0837,79.6738,7.67162e-06,37.4415,100.288,2.32837e-06,42.3767,126.236,7.33e-07,47.9646,158.896,2.79256e-07,54.2906,200.003,9.87351e-09,61.452,251.741,1.61085e-07,69.5585,316.859,-2.47141e-07,78.7347,398.812,8.93552e-08,89.1218,501.948,-2.53231e-07,100.879,631.736,-1.25047e-07,114.188,795.049,-1.78808e-07,129.252,1000.53,2.6733e-07,146.304,1259.03,4.50292e-07,165.605,1584.19,6.76904e-07,187.452,1993.12,-1.23808e-07,212.181,2507.27,-4.89068e-07,240.173,3153.54,-5.40284e-07,271.856,3965.56,1.86061e-07,307.719,4985.38,4.37004e-07,348.313,6265.4,3.59828e-07,394.26,7870.83,3.98192e-07,446.268,9882.51,-1.92908e-07,505.135,12400.3,-2.20392e-07,571.766,15546.9,1.51705e-07,647.184,19472.2,5.74996e-07,732.547,24357.4,5.39112e-07,829.167,30420,5.07815e-09,938.526,37916.3,-4.11492e-07,1062.3,47143.9,-3.9561e-07,1202.4,58439.2,3.86185e-08,1360.96,72169.3,5.94093e-07,1540.42,88715.8,7.47693e-07,1743.53,108445,1.78537e-07,1973.41,131665,-4.12549e-07,2233.57,158557,-5.37164e-07,2528,189103,-1.17615e-07,2861.2,222986,5.66769e-07,3238.27,259510,9.45053e-07,3664.97,297540,4.25093e-07,4147.81,335497,-3.58506e-07,4694.17,371444,-6.7724e-07,5312.37,403256,1.67192e-07,1.61744,3.89446,9.84394,3.28846,7.5504,12.774,5.07607,11.7187,13.6844,7.03202,16.8147,13.9681,9.20215,23.1769,14.0566,11.6301,31.1672,14.0841,14.3598,41.2186,14.0927,17.4376,53.8688,14.0954,20.9137,69.7915,14.0962,24.8432,89.8341,14.0965,29.2879,115.063,14.0966,34.3168,146.819,14.0966,40.0078,186.792,14.0966,46.4487,237.107,14.0966,53.7388,300.44,14.0966,61.9903,380.158,14.0966,71.3301,480.499,14.0966,81.902,606.796,14.0966,93.8685,765.761,14.0966,107.414,965.837,14.0966,122.746,1217.65,14.0966,140.101,1534.57,14.0966,159.745,1933.41,14.0966,181.981,2435.3,14.0966,207.15,3066.85,14.0966,235.64,3861.46,14.0966,267.889,4861.11,14.0966,304.391,6118.54,14.0966,345.709,7699.91,14.0966,392.478,9688.22,14.0966,445.417,12187.5,14.0966,505.339,15327.7,14.0966,573.165,19271.6,14.0966,649.938,24222,14.0966,736.839,30430.9,14.0966,835.202,38211.5,14.0966,946.539,47950.3,14.0966,1072.56,60122.8,14.0966,1215.21,75309.9,14.0966,1376.66,94216.2,14.0966,1559.41,117688,14.0966,1766.26,146729,14.0966,2000.39,182510,14.0966,2265.39,226372,14.0966,2565.33,279806,14.0966,2904.81,344416,14.0966,3289.05,421845,14.0966,3723.93,513667,14.0966,4216.13,621231,14.0966,4773.18,745478,14.0966,5403.64,886744,14.0966,6117.15,1.04457e+06,14.0966,6924.63,1.2176e+06,14.0966,11.7194,11.96,12.6541,13.9321,16.1295,13.6434,16.6097,21.9702,13.9553,19.7532,29.5285,14.0526,23.3844,39.1143,14.0829,27.5423,51.2054,14.0923,32.2796,66.434,14.0953,37.662,85.6061,14.0962,43.7675,109.74,14.0965,50.687,140.119,14.0966,58.5249,178.359,14.0966,67.4005,226.493,14.0966,77.4493,287.08,14.0966,88.8254,363.343,14.0966,101.703,459.336,14.0966,116.281,580.161,14.0966,132.782,732.241,14.0966,151.46,923.655,14.0966,172.603,1164.57,14.0966,196.535,1467.79,14.0966,223.625,1849.39,14.0966,254.288,2329.62,14.0966,288.997,2933.93,14.0966,328.285,3694.33,14.0966,372.755,4651.04,14.0966,423.092,5854.57,14.0966,480.07,7368.38,14.0966,544.564,9272.08,14.0966,617.566,11665.5,14.0966,700.197,14673.6,14.0966,793.729,18452.9,14.0966,899.599,23198.6,14.0966,1019.43,29154.1,14.0966,1155.07,36622.3,14.0966,1308.6,45977.9,14.0966,1482.39,57683.7,14.0966,1679.09,72307.8,14.0966,1901.73,90542.8,14.0966,2153.73,113226,14.0966,2438.97,141360,14.0966,2761.81,176127,14.0966,3127.22,218898,14.0966,3540.81,271226,14.0966,4008.92,334817,14.0966,4538.74,411470,14.0966,5138.38,502973,14.0966,5817.04,610948,14.0966,6585.12,736653,14.0966,7454.39,880741,14.0966,8438.15,1.04302e+06,14.0966,9551.45,1.22224e+06,14.0966,10811.3,1.41602e+06,14.0966,12237,1.62086e+06,14.0966,11.7194,11.96,12.6541,2.21263,4.16949,0.989383,2.67766,5.84076,0.311842,3.14343,7.55825,0.0972771,3.63127,9.58578,0.0303237,4.15787,12.0912,0.00945211,4.73731,15.2286,0.00294633,5.38238,19.1721,0.000918508,6.10553,24.134,0.000286163,6.91951,30.3791,8.92692e-05,7.83792,38.2397,2.78121e-05,8.87555,48.1338,8.65134e-06,10.0489,60.5876,2.7882e-06,11.3761,76.2629,8.29036e-07,12.8779,95.9927,2.4373e-07,14.5775,120.825,4.33068e-09,16.5012,152.08,1.75749e-07,18.6784,191.415,-1.86328e-07,21.1428,240.917,1.91829e-07,23.9322,303.213,-1.81475e-07,27.0895,381.602,7.0186e-08,30.6634,480.231,-2.86769e-08,34.7087,604.316,2.40784e-07,39.2876,760.401,9.87368e-08,44.4705,956.705,1.22263e-07,50.3371,1203.54,-4.31966e-07,56.9776,1513.81,-1.9705e-07,64.494,1903.69,-2.763e-08,73.0018,2393.4,3.9185e-07,82.6317,3008.13,1.35379e-07,93.5318,3779.25,-4.16351e-08,105.869,4745.7,2.06965e-08,119.834,5955.6,-3.18887e-07,135.641,7468.12,-1.48271e-08,153.531,9355.62,2.00739e-07,173.781,11705.8,2.28358e-07,196.701,14624.1,-1.93587e-08,222.642,18235,-2.88101e-07,252.003,22683.4,-2.24732e-07,285.234,28134,8.56806e-09,322.845,34767,2.34258e-07,365.413,42770.9,2.99668e-07,413.588,52327.9,8.28644e-08,468.111,63591.2,-3.07049e-07,529.814,76653.2,-3.1888e-07,599.642,91502.5,-6.72276e-08,678.662,107975,2.26339e-07,768.083,125705,3.69212e-07,869.267,144088,2.04077e-07,983.76,162277,-2.80509e-07,1113.3,179223,-4.22737e-07,1259.87,193777,-1.71951e-07,1425.68,204839,4.55555e-07,11.7194,11.96,12.6541,2.21263,4.16949,0.989383,2.67766,5.84076,0.311842,3.14343,7.55825,0.0972771,3.63127,9.58578,0.0303237,4.15787,12.0912,0.00945211,4.73731,15.2286,0.00294633,5.38238,19.1721,0.000918508,6.10553,24.134,0.000286163,6.91951,30.3791,8.92692e-05,7.83792,38.2397,2.78121e-05,8.87555,48.1338,8.65134e-06,10.0489,60.5876,2.7882e-06,11.3761,76.2629,8.29036e-07,12.8779,95.9927,2.4373e-07,14.5775,120.825,1e-08,16.5012,152.08,1.75749e-07,18.6784,191.415,1e-08,21.1428,240.917,1.91829e-07,23.9322,303.213,1e-08,27.0895,381.602,7.0186e-08,30.6634,480.231,1e-08,34.7087,604.316,2.40784e-07,39.2876,760.401,9.87368e-08,44.4705,956.705,1.22263e-07,50.3371,1203.54,1e-08,56.9776,1513.81,1e-08,64.494,1903.69,1e-08,73.0018,2393.4,3.9185e-07,82.6317,3008.13,1.35379e-07,93.5318,3779.25,1e-08,105.869,4745.7,2.06965e-08,119.834,5955.6,1e-08,135.641,7468.12,1e-08,153.531,9355.62,2.00739e-07,173.781,11705.8,2.28358e-07,196.701,14624.1,1e-08,222.642,18235,1e-08,252.003,22683.4,1e-08,285.234,28134,1e-08,322.845,34767,2.34258e-07,365.413,42770.9,2.99668e-07,413.588,52327.9,8.28644e-08,468.111,63591.2,1e-08,529.814,76653.2,1e-08,599.642,91502.5,1e-08,678.662,107975,2.26339e-07,768.083,125705,3.69212e-07,869.267,144088,2.04077e-07,983.76,162277,1e-08,1113.3,179223,1e-08,1259.87,193777,1e-08,1425.68,204839,4.55555e-07,6.2823,3.27286,2.43537,0.219672,6.18826,2.24117,0.56371,6.87772,2.63624,0.308279,16,0,4,0,2,0,3,10,0,2,6,0,5,9,0,10,5,0,4,12,0,4,9,0,5,21,0,13,5,0,7,26,0,1,22,0,16,46,0,5,137,0,4,104,0,14,57,0,35,142,0,23,270,0,12,183,0,34,328,0,48,381,0,27,590,0,30,826,0,25,566,0,49,1539,0,21,1565,0,103,1052,0,105,1473,0,73,2877,0,40,2358,0,91,3875,0,146,3799,0,142,3768,0,112,3320,0,101,3490,0,217,6662,0,120,22398,0,275,8861,0,300,22877,0,213,40060,0,148,26423,0,179,13981,0,174,54215,0,223,111783,0,640,42010,0,158,106830,0,295,66614,0,811,191531,0,1233,140185,0,645,252528,0,1302,120213,0,1176,261300,0,2505,236559,0
-1.05176e+08,1,8.88811e-15,10,1023,0,1.05176e+08,0.528882,1.08665,0.389689,0.145397,0.379329,3.24381,0.161596,0.446195,1.77396,0.159177,1.15e+07,4.49998e+06,6.79999e+06,1.15e+07,4.49997e+06,6.79999e+06,1.15e+07,4.49996e+06,6.79999e+06,1.15e+07,4.49995e+06,6.79999e+06,1.14999e+07,4.49993e+06,6.79999e+06,1.14999e+07,4.49991e+06,6.79999e+06,1.14999e+07,4.49989e+06,6.79999e+06,1.14999e+07,4.49986e+06,6.79999e+06,1.14999e+07,4.49982e+06,6.79999e+06,1.14999e+07,4.49977e+06,6.79999e+06,1.14999e+07,4.49971e+06,6.79999e+06,1.14999e+07,4.49963e+06,6.79999e+06,1.14998e+07,4.49953e+06,6.79999e+06,1.14998e+07,4.49941e+06,6.79999e+06,1.14998e+07,4.49926e+06,6.79999e+06,1.14998e+07,4.49906e+06,6.79999e+06,1.14997e+07,4.49882e+06,6.79999e+06,1.14997e+07,4.49851e+06,6.79999e+06,1.14997e+07,4.49812e+06,6.79999e+06,1.14996e+07,4.49764e+06,6.79999e+06,1.14996e+07,4.49702e+06,6.79999e+06,1.14995e+07,4.49625e+06,6.79999e+06,1.14995e+07,4.49528e+06,6.79999e+06,1.14994e+07,4.49406e+06,6.79999e+06,1.14993e+07,4.49253e+06,6.79999e+06,1.14992e+07,4.49059e+06,6.79999e+06,1.14991e+07,4.48817e+06,6.79999e+06,1.1499e+07,4.48511e+06,6.79999e+06,1.14988e+07,4.48128e+06,6.79999e+06,1.14987e+07,4.47646e+06,6.79999e+06,1.14985e+07,4.47041e+06,6.79999e+06,1.14983e+07,4.46281e+06,6.79999e+06,1.14981e+07,4.4533e+06,6.79999e+06,1.14979e+07,4.44138e+06,6.79999e+06,1.14976e+07,4.42649e+06,6.79999e+06,1.14972e+07,4.40789e+06,6.79999e+06,1.14969e+07,4.38471e+06,6.79999e+06,1.14965e+07,4.35592e+06,6.79999e+06,1.1496e+07,4.32027e+06,6.79999e+06,1.14955e+07,4.27629e+06,6.79999e+06,1.14949e+07,4.22231e+06,6.79999e+06,1.14942e+07,4.15647e+06,6.79999e+06,1.14934e+07,4.07676e+06,6.79999e+06,1.14926e+07,3.98112e+06,6.79999e+06,1.14916e+07,3.86765e+06,6.79999e+06,1.14905e+07,3.73474e+06,6.79999e+06,1.14892e+07,3.58148e+06,6.79999e+06,1.14878e+07,3.40785e+06,6.79999e+06,1.14862e+07,3.21513e+06,6.79999e+06,1.14844e+07,3.00605e+06,6.79999e+06,1.14823e+07,2.7848e+06,6.79999e+06,1.148e+07,2.5568e+06,6.79999e+06,1.14773e+07,2.32825e+06,6.79999e+06,13.5742,8.52444,0.508366,16.8306,13.2585,0.162638,20.0035,17.569,0.0507846,23.2616,22.4214,0.0158319,26.7328,28.3297,0.00493498,30.5212,35.6974,0.00153831,34.7178,44.9473,0.000479527,39.4086,56.5822,0.000149456,44.6796,71.2245,4.66214e-05,50.6209,89.6543,1.45419e-05,57.3297,112.852,4.54748e-06,64.9129,142.051,1.43857e-06,73.4897,178.803,4.36618e-07,83.1934,225.062,1.40153e-07,94.1745,283.286,4.96378e-08,106.602,356.568,1.05434e-07,120.669,448.799,-6.49244e-08,136.59,564.873,1.70148e-07,154.611,710.948,-5.34594e-08,175.008,894.767,1.63407e-07,198.097,1126.06,8.04804e-08,224.231,1417.07,1.14667e-07,253.813,1783.15,-1.71227e-07,287.297,2243.62,-2.88466e-07,325.198,2822.67,-4.33651e-07,368.098,3550.67,7.9318e-08,416.657,4465.65,3.13319e-07,471.621,5615.16,3.4613e-07,533.835,7058.61,-1.19199e-07,604.255,8870.02,-2.79964e-07,683.962,11141.4,-2.30521e-07,774.182,13986.7,-2.55099e-07,876.299,17546.4,1.23585e-07,991.883,21993.1,1.41192e-07,1122.71,27536.7,-9.71886e-08,1270.78,34430.7,-3.68368e-07,1438.38,42977.7,-3.45379e-07,1628.07,53532.7,-3.25328e-09,1842.77,66504.6,2.6362e-07,2085.77,82350.2,2.53445e-07,2360.79,101560,-2.47407e-08,2672.05,124632,-3.80602e-07,3024.31,152018,-4.79005e-07,3422.98,184060,-1.14379e-07,3874.15,220884,2.64297e-07,4384.72,262283,3.44131e-07,4962.49,307576,7.5349e-08,5616.29,355497,-3.63097e-07,6356.1,404126,-6.05442e-07,7193.18,450932,-2.72333e-07,8140.28,492963,2.29675e-07,9211.79,527178,4.3387e-07,10424,550893,-1.0711e-07,10.102,8.06553,2.81012,10.6436,8.57909,0.869423,11.5336,10.2515,0.270869,12.7211,12.7138,0.0844293,14.1823,15.9373,0.0263173,15.9122,20.0383,0.0082035,17.9198,25.2154,0.00255722,20.2244,31.7373,0.000797017,22.8539,39.9486,0.000248622,25.8438,50.2851,7.75492e-05,29.237,63.2963,2.42508e-05,33.0837,79.6738,7.67162e-06,37.4415,100.288,2.32837e-06,42.3767,126.236,7.33e-07,47.9646,158.896,2.79256e-07,54.2906,200.003,9.87351e-09,61.452,251.741,1.61085e-07,69.5585,316.859,-2.47141e-07,78.7347,398.812,8.93552e-08,89.1218,501.948,-2.53231e-07,100.879,631.736,-1.25047e-07,114.188,795.049,-1.78808e-07,129.252,1000.53,2.6733e-07,146.304,1259.03,4.50292e-07,165.605,1584.19,6.76904e-07,187.452,1993.12,-1.23808e-07,212.181,2507.27,-4.89068e-07,240.173,3153.54,-5.40284e-07,271.856,3965.56,1.86061e-07,307.719,4985.38,4.37004e-07,348.313,6265.4,3.59828e-07,394.26,7870.83,3.98192e-07,446.268,9882.51,-1.92908e-07,505.135,12400.3,-2.20392e-07,571.766,15546.9,1.51705e-07,647.184,19472.2,5.74996e-07,732.547,24357.4,5.39112e-07,829.167,30420,5.07815e-09,938.526,37916.3,-4.11492e-07,1062.3,47143.9,-3.9561e-07,1202.4,58439.2,3.86185e-08,1360.96,72169.3,5.94093e-07,1540.42,88715.8,7.47693e-07,1743.53,108445,1.78537e-07,1973.41,131665,-4.12549e-07,2233.57,158557,-5.37164e-07,2528,189103,-1.17615e-07,2861.2,222986,5.66769e-07,3238.27,259510,9.45053e-07,3664.97,297540,4.25093e-07,4147.81,335497,-3.58506e-07,4694.17,371444,-6.7724e-07,5312.37,403256,1.67192e-07,1.61744,3.89446,9.84394,3.28846,7.5504,12.774,5.07607,11.7187,13.6844,7.03202,16.8147,13.9681,9.20215,23.1769,14.0566,11.6301,31.1672,14.0841,14.3598,41.2186,14.0927,17.4376,53.8688,14.0954,20.9137,69.7915,14.0962,24.8432,89.8341,14.0965,29.2879,115.063,14.0966,34.3168,146.819,14.0966,40.0078,186.792,14.0966,46.4487,237.107,14.0966,53.7388,300.44,14.0966,61.9903,380.158,14.0966,71.3301,480.499,14.0966,81.902,606.796,14.0966,93.8685,765.761,14.0966,107.414,965.837,14.0966,122.746,1217.65,14.0966,140.101,1534.57,14.0966,159.745,1933.41,14.0966,181.981,2435.3,14.0966,207.15,3066.85,14.0966,235.64,3861.46,14.0966,267.889,4861.11,14.0966,304.391,6118.54,14.0966,345.709,7699.91,14.0966,392.478,9688.22,14.0966,445.417,12187.5,14.0966,505.339,15327.7,14.0966,573.165,19271.6,14.0966,649.938,24222,14.0966,736.839,30430.9,14.0966,835.202,38211.5,14.0966,946.539,47950.3,14.0966,1072.56,60122.8,14.0966,1215.21,75309.9,14.0966,1376.66,94216.2,14.0966,1559.41,117688,14.0966,1766.26,146729,14.0966,2000.39,182510,14.0966,2265.39,226372,14.0966,2565.33,279806,14.0966,2904.81,344416,14.0966,3289.05,421845,14.0966,3723.93,513667,14.0966,4216.13,621231,14.0966,4773.18,745478,14.0966,5403.64,886744,14.0966,6117.15,1.04457e+06,14.0966,6924.63,1.2176e+06,14.0966,11.7194,11.96,12.6541,13.9321,16.1295,13.6434,16.6097,21.9702,13.9553,19.7532,29.5285,14.0526,23.3844,39.1143,14.0829,27.5423,51.2054,14.0923,32.2796,66.434,14.0953,37.662,85.6061,14.0962,43.7675,109.74,14.0965,50.687,140.119,14.0966,58.5249,178.359,14.0966,67.4005,226.493,14.0966,77.4493,287.08,14.0966,88.8254,363.343,14.0966,101.703,459.336,14.0966,116.281,580.161,14.0966,132.782,732.241,14.0966,151.46,923.655,14.0966,172.603,1164.57,14.0966,196.535,1467.79,14.0966,223.625,1849.39,14.0966,254.288,2329.62,14.0966,288.997,2933.93,14.0966,328.285,3694.33,14.0966,372.755,4651.04,14.0966,423.092,5854.57,14.0966,480.07,7368.38,14.0966,544.564,9272.08,14.0966,617.566,11665.5,14.0966,700.197,14673.6,14.0966,793.729,18452.9,14.0966,899.599,23198.6,14.0966,1019.43,29154.1,14.0966,1155.07,36622.3,14.0966,1308.6,45977.9,14.0966,1482.39,57683.7,14.0966,1679.09,72307.8,14.0966,1901.73,90542.8,14.0966,2153.73,113226,14.0966,2438.97,141360,14.0966,2761.81,176127,14.0966,3127.22,218898,14.0966,3540.81,271226,14.0966,4008.92,334817,14.0966,4538.74,411470,14.0966,5138.38,502973,14.0966,5817.04,610948,14.0966,6585.12,736653,14.0966,7454.39,880741,14.0966,8438.15,1.04302e+06,14.0966,9551.45,1.22224e+06,14.0966,10811.3,1.41602e+06,14.0966,12237,1.62086e+06,14.0966,11.7194,11.96,12.6541,2.21263,4.16949,0.989383,2.67766,5.84076,0.311842,3.14343,7.55825,0.0972771,3.63127,9.58578,0.0303237,4.15787,12.0912,0.00945211,4.73731,15.2286,0.00294633,5.38238,19.1721,0.000918508,6.10553,24.134,0.000286163,6.91951,30.3791,8.92692e-05,7.83792,38.2397,2.78121e-05,8.87555,48.1338,8.65134e-06,10.0489,60.5876,2.7882e-06,11.3761,76.2629,8.29036e-07,12.8779,95.9927,2.4373e-07,14.5775,120.825,4.33068e-09,16.5012,152.08,1.75749e-07,18.6784,191.415,-1.86328e-07,21.1428,240.917,1.91829e-07,23.9322,303.213,-1.81475e-07,27.0895,381.602,7.0186e-08,30.6634,480.231,-2.86769e-08,34.7087,604.316,2.40784e-07,39.2876,760.401,9.87368e-08,44.4705,956.705,1.22263e-07,50.3371,1203.54,-4.31966e-07,56.9776,1513.81,-1.9705e-07,64.494,1903.69,-2.763e-08,73.0018,2393.4,3.9185e-07,82.6317,3008.13,1.35379e-07,93.5318,3779.25,-4.16351e-08,105.869,4745.7,2.06965e-08,119.834,5955.6,-3.18887e-07,135.641,7468.12,-1.48271e-08,153.531,9355.62,2.00739e-07,173.781,11705.8,2.28358e-07,196.701,14624.1,-1.93587e-08,222.642,18235,-2.88101e-07,252.003,22683.4,-2.24732e-07,285.234,28134,8.56806e-09,322.845,34767,2.34258e-07,365.413,42770.9,2.99668e-07,413.588,52327.9,8.28644e-08,468.111,63591.2,-3.07049e-07,529.814,76653.2,-3.1888e-07,599.642,91502.5,-6.72276e-08,678.662,107975,2.26339e-07,768.083,125705,3.69212e-07,869.267,144088,2.04077e-07,983.76,162277,-2.80509e-07,1113.3,179223,-4.22737e-07,1259.87,193777,-1.71951e-07,1425.68,204839,4.55555e-07,11.7194,11.96,12.6541,2.21263,4.16949,0.989383,2.67766,5.84076,0.311842,3.14343,7.55825,0.0972771,3.63127,9.58578,0.0303237,4.15787,12.0912,0.00945211,4.73731,15.2286,0.00294633,5.38238,19.1721,0.000918508,6.10553,24.134,0.000286163,6.91951,30.3791,8.92692e-05,7.83792,38.2397,2.78121e-05,8.87555,48.1338,8.65134e-06,10.0489,60.5876,2.7882e-06,11.3761,76.2629,8.29036e-07,12.8779,95.9927,2.4373e-07,14.5775,120.825,1e-08,16.5012,152.08,1.75749e-07,18.6784,191.415,1e-08,21.1428,240.917,1.91829e-07,23.9322,303.213,1e-08,27.0895,381.602,7.0186e-08,30.6634,480.231,1e-08,34.7087,604.316,2.40784e-07,39.2876,760.401,9.87368e-08,44.4705,956.705,1.22263e-07,50.3371,1203.54,1e-08,56.9776,1513.81,1e-08,64.494,1903.69,1e-08,73.0018,2393.4,3.9185e-07,82.6317,3008.13,1.35379e-07,93.5318,3779.25,1e-08,105.869,4745.7,2.06965e-08,119.834,5955.6,1e-08,135.641,7468.12,1e-08,153.531,9355.62,2.00739e-07,173.781,11705.8,2.28358e-07,196.701,14624.1,1e-08,222.642,18235,1e-08,252.003,22683.4,1e-08,285.234,28134,1e-08,322.845,34767,2.34258e-07,365.413,42770.9,2.99668e-07,413.588,52327.9,8.28644e-08,468.111,63591.2,1e-08,529.814,76653.2,1e-08,599.642,91502.5,1e-08,678.662,107975,2.26339e-07,768.083,125705,3.69212e-07,869.267,144088,2.04077e-07,983.76,162277,1e-08,1113.3,179223,1e-08,1259.87,193777,1e-08,1425.68,204839,4.55555e-07,6.2823,3.27286,2.43537,0.219672,6.18826,2.24117,0.56371,6.87772,2.63624,0.308279,11,15,13,1,2,1,2,3,0,4,2,0,1,13,0,4,21,0,4,20,0,3,19,0,5,9,0,7,34,0,1,39,0,7,20,0,10,20,0,12,55,0,19,91,0,3,79,0,11,89,0,22,108,0,9,130,0,15,297,0,16,381,0,22,473,0,16,197,0,77,903,0,87,997,0,36,710,0,38,2173,0,66,2865,0,85,3196,0,142,3905,0,129,1425,0,172,4222,0,78,4168,0,178,13626,0,131,14461,0,105,10512,0,222,18028,0,229,25058,0,389,3632,0,244,20919,0,435,28004,0,289,12727,0,391,52764,0,649,106241,0,207,84423,0,487,49554,0,1157,65197,0,586,112266,0,1066,126434,0,1627,240983,0,850,189200,0,1866,168090,0,2011,117837,0
-1.05176e+08,1,8.88811e-15,10,1023,0,1.05176e+08,0.528882,1.08665,0.389689,0.145397,0.379329,3.24381,0.161596,0.446195,1.77396,0.159177,1.15e+07,4.49998e+06,6.79999e+06,1.15e+07,4.49997e+06,6.79999e+06,1.15e+07,4.49996e+06,6.79999e+06,1.15e+07,4.49995e+06,6.79999e+06,1.14999e+07,4.49993e+06,6.79999e+06,1.14999e+07,4.49991e+06,6.79999e+06,1.14999e+07,4.49989e+06,6.79999e+06,1.14999e+07,4.49986e+06,6.79999e+06,1.14999e+07,4.49982e+06,6.79999e+06,1.14999e+07,4.49977e+06,6.79999e+06,1.14999e+07,4.49971e+06,6.79999e+06,1.14999e+07,4.49963e+06,6.79999e+06,1.14998e+07,4.49953e+06,6.79999e+06,1.14998e+07,4.49941e+06,6.79999e+06,1.14998e+07,4.49926e+06,6.79999e+06,1.14998e+07,4.49906e+06,6.79999e+06,1.14997e+07,4.49882e+06,6.79999e+06,1.14997e+07,4.49851e+06,6.79999e+06,1.14997e+07,4.49812e+06,6.79999e+06,1.14996e+07,4.49764e+06,6.79999e+06,1.14996e+07,4.49702e+06,6.79999e+06,1.14995e+07,4.49625e+06,6.79999e+06,1.14995e+07,4.49528e+06,6.79999e+06,1.14994e+07,4.49406e+06,6.79999e+06,1.14993e+07,4.49253e+06,6.79999e+06,1.14992e+07,4.49059e+06,6.79999e+06,1.14991e+07,4.48817e+06,6.79999e+06,1.1499e+07,4.48511e+06,6.79999e+06,1.14988e+07,4.48128e+06,6.79999e+06,1.14987e+07,4.47646e+06,6.79999e+06,1.14985e+07,4.47041e+06,6.79999e+06,1.14983e+07,4.46281e+06,6.79999e+06,1.14981e+07,4.4533e+06,6.79999e+06,1.14979e+07,4.44138e+06,6.79999e+06,1.14976e+07,4.42649e+06,6.79999e+06,1.14972e+07,4.40789e+06,6.79999e+06,1.14969e+07,4.38471e+06,6.79999e+06,1.14965e+07,4.35592e+06,6.79999e+06,1.1496e+07,4.32027e+06,6.79999e+06,1.14955e+07,4.27629e+06,6.79999e+06,1.14949e+07,4.22231e+06,6.79999e+06,1.14942e+07,4.15647e+06,6.79999e+06,1.14934e+07,4.07676e+06,6.79999e+06,1.14926e+07,3.98112e+06,6.79999e+06,1.14916e+07,3.86765e+06,6.79999e+06,1.14905e+07,3.73474e+06,6.79999e+06,1.14892e+07,3.58148e+06,6.79999e+06,1.14878e+07,3.40785e+06,6.79999e+06,1.14862e+07,3.21513e+06,6.79999e+06,1.14844e+07,3.00605e+06,6.79999e+06,1.14823e+07,2.7848e+06,6.79999e+06,1.148e+07,2.5568e+06,6.79999e+06,1.14773e+07,2.32825e+06,6.79999e+06,13.5742,8.52444,0.508366,16.8306,13.2585,0.162638,20.0035,17.569,0.0507846,23.2616,22.4214,0.0158319,26.7328,28.3297,0.00493498,30.5212,35.6974,0.00153831,34.7178,44.9473,0.000479527,39.4086,56.5822,0.000149456,44.6796,71.2245,4.66214e-05,50.6209,89.6543,1.45419e-05,57.3297,112.852,4.54748e-06,64.9129,142.051,1.43857e-06,73.4897,178.803,4.36618e-07,83.1934,225.062,1.40153e-07,94.1745,283.286,4.96378e-08,106.602,356.568,1.05434e-07,120.669,448.799,-6.49244e-08,136.59,564.873,1.70148e-07,154.611,710.948,-5.34594e-08,175.008,894.767,1.63407e-07,198.097,1126.06,8.04804e-08,224.231,1417.07,1.14667e-07,253.813,1783.15,-1.71227e-07,287.297,2243.62,-2.88466e-07,325.198,2822.67,-4.33651e-07,368.098,3550.67,7.9318e-08,416.657,4465.65,3.13319e-07,471.621,5615.16,3.4613e-07,533.835,7058.61,-1.19199e-07,604.255,8870.02,-2.79964e-07,683.962,11141.4,-2.30521e-07,774.182,13986.7,-2.55099e-07,876.299,17546.4,1.23585e-07,991.883,21993.1,1.41192e-07,1122.71,27536.7,-9.71886e-08,1270.78,34430.7,-3.68368e-07,1438.38,42977.7,-3.45379e-07,1628.07,53532.7,-3.25328e-09,1842.77,66504.6,2.6362e-07,2085.77,82350.2,2.53445e-07,2360.79,101560,-2.47407e-08,2672.05,124632,-3.80602e-07,3024.31,152018,-4.79005e-07,3422.98,184060,-1.14379e-07,3874.15,220884,2.64297e-07,4384.72,262283,3.44131e-07,4962.49,307576,7.5349e-08,5616.29,355497,-3.63097e-07,6356.1,404126,-6.05442e-07,7193.18,450932,-2.72333e-07,8140.28,492963,2.29675e-07,9211.79,527178,4.3387e-07,10424,550893,-1.0711e-07,10.102,8.06553,2.81012,10.6436,8.57909,0.869423,11.5336,10.2515,0.270869,12.7211,12.7138,0.0844293,14.1823,15.9373,0.0263173,15.9122,20.0383,0.0082035,17.9198,25.2154,0.00255722,20.2244,31.7373,0.000797017,22.8539,39.9486,0.000248622,25.8438,50.2851,7.75492e-05,29.237,63.2963,2.42508e-05,33.0837,79.6738,7.67162e-06,37.4415,100.288,2.32837e-06,42.3767,126.236,7.33e-07,47.9646,158.896,2.79256e-07,54.2906,200.003,9.87351e-09,61.452,251.741,1.61085e-07,69.5585,316.859,-2.47141e-07,78.7347,398.812,8.93552e-08,89.1218,501.948,-2.53231e-07,100.879,631.736,-1.25047e-07,114.188,795.049,-1.78808e-07,129.252,1000.53,2.6733e-07,146.304,1259.03,4.50292e-07,165.605,1584.19,6.76904e-07,187.452,1993.12,-1.23808e-07,212.181,2507.27,-4.89068e-07,240.173,3153.54,-5.40284e-07,271.856,3965.56,1.86061e-07,307.719,4985.38,4.37004e-07,348.313,6265.4,3.59828e-07,394.26,7870.83,3.98192e-07,446.268,9882.51,-1.92908e-07,505.135,12400.3,-2.20392e-07,571.766,15546.9,1.51705e-07,647.184,19472.2,5.74996e-07,732.547,24357.4,5.39112e-07,829.167,30420,5.07815e-09,938.526,37916.3,-4.11492e-07,1062.3,47143.9,-3.9561e-07,1202.4,58439.2,3.86185e-08,1360.96,72169.3,5.94093e-07,1540.42,88715.8,7.47693e-07,1743.53,108445,1.78537e-07,1973.41,131665,-4.12549e-07,2233.57,158557,-5.37164e-07,2528,189103,-1.17615e-07,2861.2,222986,5.66769e-07,3238.27,259510,9.45053e-07,3664.97,297540,4.25093e-07,4147.81,335497,-3.58506e-07,4694.17,371444,-6.7724e-07,5312.37,403256,1.67192e-07,1.61744,3.89446,9.84394,3.28846,7.5504,12.774,5.07607,11.7187,13.6844,7.03202,16.8147,13.9681,9.20215,23.1769,14.0566,11.6301,31.1672,14.0841,14.3598,41.2186,14.0927,17.4376,53.8688,14.0954,20.9137,69.7915,14.0962,24.8432,89.8341,14.0965,29.2879,115.063,14.0966,34.3168,146.819,14.0966,40.0078,186.792,14.0966,46.4487,237.107,14.0966,53.7388,300.44,14.0966,61.9903,380.158,14.0966,71.3301,480.499,14.0966,81.902,606.796,14.0966,93.8685,765.761,14.0966,107.414,965.837,14.0966,122.746,1217.65,14.0966,140.101,1534.57,14.0966,159.745,1933.41,14.0966,181.981,2435.3,14.0966,207.15,3066.85,14.0966,235.64,3861.46,14.0966,267.889,4861.11,14.0966,304.391,6118.54,14.0966,345.709,7699.91,14.0966,392.478,9688.22,14.0966,445.417,12187.5,14.0966,505.339,15327.7,14.0966,573.165,19271.6,14.0966,649.938,24222,14.0966,736.839,30430.9,14.0966,835.202,38211.5,14.0966,946.539,47950.3,14.0966,1072.56,60122.8,14.0966,1215.21,75309.9,14.0966,1376.66,94216.2,14.0966,1559.41,117688,14.0966,1766.26,146729,14.0966,2000.39,182510,14.0966,2265.39,226372,14.0966,2565.33,279806,14.0966,2904.81,344416,14.0966,3289.05,421845,14.0966,3723.93,513667,14.0966,4216.13,621231,14.0966,4773.18,745478,14.0966,5403.64,886744,14.0966,6117.15,1.04457e+06,14.0966,6924.63,1.2176e+06,14.0966,11.7194,11.96,12.6541,13.9321,16.1295,13.6434,16.6097,21.9702,13.9553,19.7532,29.5285,14.0526,23.3844,39.1143,14.0829,27.5423,51.2054,14.0923,32.2796,66.434,14.0953,37.662,85.6061,14.0962,43.7675,109.74,14.0965,50.687,140.119,14.0966,58.5249,178.359,14.0966,67.4005,226.493,14.0966,77.4493,287.08,14.0966,88.8254,363.343,14.0966,101.703,459.336,14.0966,116.281,580.161,14.0966,132.782,732.241,14.0966,151.46,923.655,14.0966,172.603,1164.57,14.0966,196.535,1467.79,14.0966,223.625,1849.39,14.0966,254.288,2329.62,14.0966,288.997,2933.93,14.0966,328.285,3694.33,14.0966,372.755,4651.04,14.0966,423.092,5854.57,14.0966,480.07,7368.38,14.0966,544.564,9272.08,14.0966,617.566,11665.5,14.0966,700.197,14673.6,14.0966,793.729,18452.9,14.0966,899.599,23198.6,14.0966,1019.43,29154.1,14.0966,1155.07,36622.3,14.0966,1308.6,45977.9,14.0966,1482.39,57683.7,14.0966,1679.09,72307.8,14.0966,1901.73,90542.8,14.0966,2153.73,113226,14.0966,2438.97,141360,14.0966,2761.81,176127,14.0966,3127.22,218898,14.0966,3540.81,271226,14.0966,4008.92,334817,14.0966,4538.74,411470,14.0966,5138.38,502973,14.0966,5817.04,610948,14.0966,6585.12,736653,14.0966,7454.39,880741,14.0966,8438.15,1.04302e+06,14.0966,9551.45,1.22224e+06,14.0966,10811.3,1.41602e+06,14.0966,12237,1.62086e+06,14.0966,11.7194,11.96,12.6541,2.21263,4.16949,0.989383,2.67766,5.84076,0.311842,3.14343,7.55825,0.0972771,3.63127,9.58578,0.0303237,4.15787,12.0912,0.00945211,4.73731,15.2286,0.00294633,5.38238,19.1721,0.000918508,6.10553,24.134,0.000286163,6.91951,30.3791,8.92692e-05,7.83792,38.2397,2.78121e-05,8.87555,48.1338,8.65134e-06,10.0489,60.5876,2.7882e-06,11.3761,76.2629,8.29036e-07,12.8779,95.9927,2.4373e-07,14.5775,120.825,4.33068e-09,16.5012,152.08,1.75749e-07,18.6784,191.415,-1.86328e-07,21.1428,240.917,1.91829e-07,23.9322,303.213,-1.81475e-07,27.0895,381.602,7.0186e-08,30.6634,480.231,-2.86769e-08,34.7087,604.316,2.40784e-07,39.2876,760.401,9.87368e-08,44.4705,956.705,1.22263e-07,50.3371,1203.54,-4.31966e-07,56.9776,1513.81,-1.9705e-07,64.494,1903.69,-2.763e-08,73.0018,2393.4,3.9185e-07,82.6317,3008.13,1.35379e-07,93.5318,3779.25,-4.16351e-08,105.869,4745.7,2.06965e-08,119.834,5955.6,-3.18887e-07,135.641,7468.12,-1.48271e-08,153.531,9355.62,2.00739e-07,173.781,11705.8,2.28358e-07,196.701,14624.1,-1.93587e-08,222.642,18235,-2.88101e-07,252.003,22683.4,-2.24732e-07,285.234,28134,8.56806e-09,322.845,34767,2.34258e-07,365.413,42770.9,2.99668e-07,413.588,52327.9,8.28644e-08,468.111,63591.2,-3.07049e-07,529.814,76653.2,-3.1888e-07,599.642,91502.5,-6.72276e-08,678.662,107975,2.26339e-07,768.083,125705,3.69212e-07,869.267,144088,2.04077e-07,983.76,162277,-2.80509e-07,1113.3,179223,-4.22737e-07,1259.87,193777,-1.71951e-07,1425.68,204839,4.55555e-07,11.7194,11.96,12.6541,2.21263,4.16949,0.989383,2.67766,5.84076,0.311842,3.14343,7.55825,0.0972771,3.63127,9.58578,0.0303237,4.15787,12.0912,0.00945211,4.73731,15.2286,0.00294633,5.38238,19.1721,0.000918508,6.10553,24.134,0.000286163,6.91951,30.3791,8.92692e-05,7.83792,38.2397,2.78121e-05,8.87555,48.1338,8.65134e-06,10.0489,60.5876,2.7882e-06,11.3761,76.2629,8.29036e-07,12.8779,95.9927,2.4373e-07,14.5775,120.825,1e-08,16.5012,152.08,1.75749e-07,18.6784,191.415,1e-08,21.1428,240.917,1.91829e-07,23.9322,303.213,1e-08,27.0895,381.602,7.0186e-08,30.6634,480.231,1e-08,34.7087,604.316,2.40784e-07,39.2876,760.401,9.87368e-08,44.4705,956.705,1.22263e-07,50.3371,1203.54,1e-08,56.9776,1513.81,1e-08,64.494,1903.69,1e-08,73.0018,2393.4,3.9185e-07,82.6317,3008.13,1.35379e-07,93.5318,3779.25,1e-08,105.869,4745.7,2.06965e-08,119.834,5955.6,1e-08,135.641,7468.12,1e-08,153.531,9355.62,2.00739e-07,173.781,11705.8,2.28358e-07,196.701,14624.1,1e-08,222.642,18235,1e-08,252.003,22683.4,1e-08,285.234,28134,1e-08,322.845,34767,2.34258e-07,365.413,42770.9,2.99668e-07,413.588,52327.9,8.28644e-08,468.111,63591.2,1e-08,529.814,76653.2,1e-08,599.642,91502.5,1e-08,678.662,107975,2.26339e-07,768.083,125705,3.69212e-07,869.267,144088,2.04077e-07,983.76,162277,1e-08,1113.3,179223,1e-08,1259.87,193777,1e-08,1425.68,204839,4.55555e-07,6.2823,3.27286,2.43537,0.219672,6.18826,2.24117,0.56371,6.87772,2.63624,0.308279,9,34,17,1,7,0,3,7,0,2,3,0,5,12,0,4,3,0,6,16,0,2,8,0,8,13,0,8,82,0,2,47,0,16,62,0,9,40,0,11,89,0,13,175,0,9,124,0,48,164,0,26,155,0,45,276,0,25,248,0,44,123,0,25,823,0,19,624,0,64,1124,0,43,1641,0,40,934,0,48,2043,0,78,951,0,69,1621,0,44,3901,0,96,2806,0,128,4826,0,97,6249,0,169,4217,0,107,5933,0,177,13797,0,330,10182,0,211,13510,0,165,24072,0,401,25214,0,652,41233,0,654,41507,0,369,28614,0,398,103239,0,156,97520,0,546,65265,0,1178,140083,0,776,69733,0,727,64671,0,564,230748,0,729,133344,0,616,332613,0,1335,228907,0
-1.05176e+08,1,8.88811e-15,10,1023,0,1.05176e+08,0.528882,1.08665,0.389689,0.145397,0.379329,3.24381,0.161596,0.446195,1.77396,0.159177,1.15e+07,4.49998e+06,6.79999e+06,1.15e+07,4.49997e+06,6.79999e+06,1.15e+07,4.49996e+06,6.79999e+06,1.15e+07,4.49995e+06,6.79999e+06,1.14999e+07,4.49993e+06,6.79999e+06,1.14999e+07,4.49991e+06,6.79999e+06,1.14999e+07,4.49989e+06,6.79999e+06,1.14999e+07,4.49986e+06,6.79999e+06,1.14999e+07,4.49982e+06,6.79999e+06,1.14999e+07,4.49977e+06,6.79999e+06,1.14999e+07,4.49971e+06,6.79999e+06,1.14999e+07,4.49963e+06,6.79999e+06,1.14998e+07,4.49953e+06,6.79999e+06,1.14998e+07,4.49941e+06,6.79999e+06,1.14998e+07,4.49926e+06,6.79999e+06,1.14998e+07,4.49906e+06,6.79999e+06,1.14997e+07,4.49882e+06,6.79999e+06,1.14997e+07,4.49851e+06,6.79999e+06,1.14997e+07,4.49812e+06,6.79999e+06,1.14996e+07,4.49764e+06,6.79999e+06,1.14996e+07,4.49702e+06,6.79999e+06,1.14995e+07,4.49625e+06,6.79999e+06,1.14995e+07,4.49528e+06,6.79999e+06,1.14994e+07,4.49406e+06,6.79999e+06,1.14993e+07,4.49253e+06,6.79999e+06,1.14992e+07,4.49059e+06,6.79999e+06,1.14991e+07,4.48817e+06,6.79999e+06,1.1499e+07,4.48511e+06,6.79999e+06,1.14988e+07,4.48128e+06,6.79999e+06,1.14987e+07,4.47646e+06,6.79999e+06,1.14985e+07,4.47041e+06,6.79999e+06,1.14983e+07,4.46281e+06,6.79999e+06,1.14981e+07,4.4533e+06,6.79999e+06,1.14979e+07,4.44138e+06,6.79999e+06,1.14976e+07,4.42649e+06,6.79999e+06,1.14972e+07,4.40789e+06,6.79999e+06,1.14969e+07,4.38471e+06,6.79999e+06,1.14965e+07,4.35592e+06,6.79999e+06,1.1496e+07,4.32027e+06,6.79999e+06,1.14955e+07,4.27629e+06,6.79999e+06,1.14949e+07,4.22231e+06,6.79999e+06,1.14942e+07,4.15647e+06,6.79999e+06,1.14934e+07,4.07676e+06,6.79999e+06,1.14926e+07,3.98112e+06,6.79999e+06,1.14916e+07,3.86765e+06,6.79999e+06,1.14905e+07,3.73474e+06,6.79999e+06,1.14892e+07,3.58148e+06,6.79999e+06,1.14878e+07,3.40785e+06,6.79999e+06,1.14862e+07,3.21513e+06,6.79999e+06,1.14844e+07,3.00605e+06,6.79999e+06,1.14823e+07,2.7848e+06,6.79999e+06,1.148e+07,2.5568e+06,6.79999e+06,1.14773e+07,2.32825e+06,6.79999e+06,13.5742,8.52444,0.508366,16.8306,13.2585,0.162638,20.0035,17.569,0.0507846,23.2616,22.4214,0.0158319,26.7328,28.3297,0.00493498,30.5212,35.6974,0.00153831,34.7178,44.9473,0.000479527,39.4086,56.5822,0.000149456,44.6796,71.2245,4.66214e-05,50.6209,89.6543,1.45419e-05,57.3297,112.852,4.54748e-06,64.9129,142.051,1.43857e-06,73.4897,178.803,4.36618e-07,83.1934,225.062,1.40153e-07,94.1745,283.286,4.96378e-08,106.602,356.568,1.05434e-07,120.669,448.799,-6.49244e-08,136.59,564.873,1.70148e-07,154.611,710.948,-5.34594e-08,175.008,894.767,1.63407e-07,198.097,1126.06,8.04804e-08,224.231,1417.07,1.14667e-07,253.813,1783.15,-1.71227e-07,287.297,2243.62,-2.88466e-07,325.198,2822.67,-4.33651e-07,368.098,3550.67,7.9318e-08,416.657,4465.65,3.13319e-07,471.621,5615.16,3.4613e-07,533.835,7058.61,-1.19199e-07,604.255,8870.02,-2.79964e-07,683.962,11141.4,-2.30521e-07,774.182,13986.7,-2.55099e-07,876.299,17546.4,1.23585e-07,991.883,21993.1,1.41192e-07,1122.71,27536.7,-9.71886e-08,1270.78,34430.7,-3.68368e-07,1438.38,42977.7,-3.45379e-07,1628.07,53532.7,-3.25328e-09,1842.77,66504.6,2.6362e-07,2085.77,82350.2,2.53445e-07,2360.79,101560,-2.47407e-08,2672.05,124632,-3.80602e-07,3024.31,152018,-4.79005e-07,3422.98,184060,-1.14379e-07,3874.15,220884,2.64297e-07,4384.72,262283,3.44131e-07,4962.49,307576,7.5349e-08,5616.29,355497,-3.63097e-07,6356.1,404126,-6.05442e-07,7193.18,450932,-2.72333e-07,8140.28,492963,2.29675e-07,9211.79,527178,4.3387e-07,10424,550893,-1.0711e-07,10.102,8.06553,2.81012,10.6436,8.57909,0.869423,11.5336,10.2515,0.270869,12.7211,12.7138,0.0844293,14.1823,15.9373,0.0263173,15.9122,20.0383,0.0082035,17.9198,25.2154,0.00255722,20.2244,31.7373,0.000797017,22.8539,39.9486,0.000248622,25.8438,50.2851,7.75492e-05,29.237,63.2963,2.42508e-05,33.0837,79.6738,7.67162e-06,37.4415,100.288,2.32837e-06,42.3767,126.236,7.33e-07,47.9646,158.896,2.79256e-07,54.2906,200.003,9.87351e-09,61.452,251.741,1.61085e-07,69.5585,316.859,-2.47141e-07,78.7347,398.812,8.93552e-08,89.1218,501.948,-2.53231e-07,100.879,631.736,-1.25047e-07,114.188,795.049,-1.78808e-07,129.252,1000.53,2.6733e-07,146.304,1259.03,4.50292e-07,165.605,1584.19,6.76904e-07,187.452,1993.12,-1.23808e-07,212.181,2507.27,-4.89068e-07,240.173,3153.54,-5.40284e-07,271.856,3965.56,1.86061e-07,307.719,4985.38,4.37004e-07,348.313,6265.4,3.59828e-07,394.26,7870.83,3.98192e-07,446.268,9882.51,-1.92908e-07,505.135,12400.3,-2.20392e-07,571.766,15546.9,1.51705e-07,647.184,19472.2,5.74996e-07,732.547,24357.4,5.39112e-07,829.167,30420,5.07815e-09,938.526,37916.3,-4.11492e-07,1062.3,47143.9,-3.9561e-07,1202.4,58439.2,3.86185e-08,1360.96,72169.3,5.94093e-07,1540.42,88715.8,7.47693e-07,1743.53,108445,1.78537e-07,1973.41,131665,-4.12549e-07,2233.57,158557,-5.37164e-07,2528,189103,-1.17615e-07,2861.2,222986,5.66769e-07,3238.27,259510,9.45053e-07,3664.97,297540,4.25093e-07,4147.81,335497,-3.58506e-07,4694.17,371444,-6.7724e-07,5312.37,403256,1.67192e-07,1.61744,3.89446,9.84394,3.28846,7.5504,12.774,5.07607,11.7187,13.6844,7.03202,16.8147,13.9681,9.20215,23.1769,14.0566,11.6301,31.1672,14.0841,14.3598,41.2186,14.0927,17.4376,53.8688,14.0954,20.9137,69.7915,14.0962,24.8432,89.8341,14.0965,29.2879,115.063,14.0966,34.3168,146.819,14.0966,40.0078,186.792,14.0966,46.4487,237.107,14.0966,53.7388,300.44,14.0966,61.9903,380.158,14.0966,71.3301,480.499,14.0966,81.902,606.796,14.0966,93.8685,765.761,14.0966,107.414,965.837,14.0966,122.746,1217.65,14.0966,140.101,1534.57,14.0966,159.745,1933.41,14.0966,181.981,2435.3,14.0966,207.15,3066.85,14.0966,235.64,3861.46,14.0966,267.889,4861.11,14.0966,304.391,6118.54,14.0966,345.709,7699.91,14.0966,392.478,9688.22,14.0966,445.417,12187.5,14.0966,505.339,15327.7,14.0966,573.165,19271.6,14.0966,649.938,24222,14.0966,736.839,30430.9,14.0966,835.202,38211.5,14.0966,946.539,47950.3,14.0966,1072.56,60122.8,14.0966,1215.21,75309.9,14.0966,1376.66,94216.2,14.0966,1559.41,117688,14.0966,1766.26,146729,14.0966,2000.39,182510,14.0966,2265.39,226372,14.0966,2565.33,279806,14.0966,2904.81,344416,14.0966,3289.05,421845,14.0966,3723.93,513667,14.0966,4216.13,621231,14.0966,4773.18,745478,14.0966,5403.64,886744,14.0966,6117.15,1.04457e+06,14.0966,6924.63,1.2176e+06,14.0966,11.7194,11.96,12.6541,13.9321,16.1295,13.6434,16.6097,21.9702,13.9553,19.7532,29.5285,14.0526,23.3844,39.1143,14.0829,27.5423,51.2054,14.0923,32.2796,66.434,14.0953,37.662,85.6061,14.0962,43.7675,109.74,14.0965,50.687,140.119,14.0966,58.5249,178.359,14.0966,67.4005,226.493,14.0966,77.4493,287.08,14.0966,88.8254,363.343,14.0966,101.703,459.336,14.0966,116.281,580.161,14.0966,132.782,732.241,14.0966,151.46,923.655,14.0966,172.603,1164.57,14.0966,196.535,1467.79,14.0966,223.625,1849.39,14.0966,254.288,2329.62,14.0966,288.997,2933.93,14.0966,328.285,3694.33,14.0966,372.755,4651.04,14.0966,423.092,5854.57,14.0966,480.07,7368.38,14.0966,544.564,9272.08,14.0966,617.566,11665.5,14.0966,700.197,14673.6,14.0966,793.729,18452.9,14.0966,899.599,23198.6,14.0966,1019.43,29154.1,14.0966,1155.07,36622.3,14.0966,1308.6,45977.9,14.0966,1482.39,57683.7,14.0966,1679.09,72307.8,14.0966,1901.73,90542.8,14.0966,2153.73,113226,14.0966,2438.97,141360,14.0966,2761.81,176127,14.0966,3127.22,218898,14.0966,3540.81,271226,14.0966,4008.92,334817,14.0966,4538.74,411470,14.0966,5138.38,502973,14.0966,5817.04,610948,14.0966,6585.12,736653,14.0966,7454.39,880741,14.0966,8438.15,1.04302e+06,14.0966,9551.45,1.22224e+06,14.0966,10811.3,1.41602e+06,14.0966,12237,1.62086e+06,14.0966,11.7194,11.96,12.6541,2.21263,4.16949,0.989383,2.67766,5.84076,0.311842,3.14343,7.55825,0.0972771,3.63127,9.58578,0.0303237,4.15787,12.0912,0.00945211,4.73731,15.2286,0.00294633,5.38238,19.1721,0.000918508,6.10553,24.134,0.000286163,6.91951,30.3791,8.92692e-05,7.83792,38.2397,2.78121e-05,8.87555,48.1338,8.65134e-06,10.0489,60.5876,2.7882e-06,11.3761,76.2629,8.29036e-07,12.8779,95.9927,2.4373e-07,14.5775,120.825,4.33068e-09,16.5012,152.08,1.75749e-07,18.6784,191.415,-1.86328e-07,21.1428,240.917,1.91829e-07,23.9322,303.213,-1.81475e-07,27.0895,381.602,7.0186e-08,30.6634,480.231,-2.86769e-08,34.7087,604.316,2.40784e-07,39.2876,760.401,9.87368e-08,44.4705,956.705,1.22263e-07,50.3371,1203.54,-4.31966e-07,56.9776,1513.81,-1.9705e-07,64.494,1903.69,-2.763e-08,73.0018,2393.4,3.9185e-07,82.6317,3008.13,1.35379e-07,93.5318,3779.25,-4.16351e-08,105.869,4745.7,2.06965e-08,119.834,5955.6,-3.18887e-07,135.641,7468.12,-1.48271e-08,153.531,9355.62,2.00739e-07,173.781,11705.8,2.28358e-07,196.701,14624.1,-1.93587e-08,222.642,18235,-2.88101e-07,252.003,22683.4,-2.24732e-07,285.234,28134,8.56806e-09,322.845,34767,2.34258e-07,365.413,42770.9,2.99668e-07,413.588,52327.9,8.28644e-08,468.111,63591.2,-3.07049e-07,529.814,76653.2,-3.1888e-07,599.642,91502.5,-6.72276e-08,678.662,107975,2.26339e-07,768.083,125705,3.69212e-07,869.267,144088,2.04077e-07,983.76,162277,-2.80509e-07,1113.3,179223,-4.22737e-07,1259.87,193777,-1.71951e-07,1425.68,204839,4.55555e-07,11.7194,11.96,12.6541,2.21263,4.16949,0.989383,2.67766,5.84076,0.311842,3.14343,7.55825,0.0972771,3.63127,9.58578,0.0303237,4.15787,12.0912,0.00945211,4.73731,15.2286,0.00294633,5.38238,19.1721,0.000918508,6.10553,24.134,0.000286163,6.91951,30.3791,8.92692e-05,7.83792,38.2397,2.78121e-05,8.87555,48.1338,8.65134e-06,10.0489,60.5876,2.7882e-06,11.3761,76.2629,8.29036e-07,12.8779,95.9927,2.4373e-07,14.5775,120.825,1e-08,16.5012,152.08,1.75749e-07,18.6784,191.415,1e-08,21.1428,240.917,1.91829e-07,23.9322,303.213,1e-08,27.0895,381.602,7.0186e-08,30.6634,480.231,1e-08,34.7087,604.316,2.40784e-07,39.2876,760.401,9.87368e-08,44.4705,956.705,1.22263e-07,50.3371,1203.54,1e-08,56.9776,1513.81,1e-08,64.494,1903.69,1e-08,73.0018,2393.4,3.9185e-07,82.6317,3008.13,1.35379e-07,93.5318,3779.25,1e-08,105.869,4745.7,2.06965e-08,119.834,5955.6,1e-08,135.641,7468.12,1e-08,153.531,9355.62,2.00739e-07,173.781,11705.8,2.28358e-07,196.701,14624.1,1e-08,222.642,18235,1e-08,252.003,22683.4,1e-08,285.234,28134,1e-08,322.845,34767,2.34258e-07,365.413,42770.9,2.99668e-07,413.588,52327.9,8.28644e-08,468.111,63591.2,1e-08,529.814,76653.2,1e-08,599.642,91502.5,1e-08,678.662,107975,2.26339e-07,768.083,125705,3.69212e-07,869.267,144088,2.04077e-07,983.76,162277,1e-08,1113.3,179223,1e-08,1259.87,193777,1e-08,1425.68,204839,4.55555e-07,6.2823,3.27286,2.43537,0.219672,6.18826,2.24117,0.56371,6.87772,2.63624,0.308279,15,10,9,4,3,0,3,4,0,5,9,0,7,6,0,1,15,0,8,14,0,4,20,0,9,20,0,3,38,0,7,26,0,11,50,0,12,57,0,4,63,0,8,79,0,8,105,0,11,147,0,11,146,0,13,147,0,19,177,0,30,368,0,32,784,0,38,674,0,38,852,0,43,884,0,44,361,0,45,952,0,69,1741,0,100,1445,0,147,2983,0,71,2709,0,58,5999,0,63,9263,0,147,5540,0,225,9573,0,235,13623,0,249,21625,0,214,12100,0,182,29390,0,204,17608,0,388,34268,0,294,37118,0,345,56399,0,423,43510,0,311,32846,0,278,108499,0,1370,108024,0,645,117164,0,1278,224023,0,1388,188895,0,797,171742,0,2371,147314,0,1000,369794,0
-1.05176e+08,1,8.88811e-15,10,1023,0,1.05176e+08,0.528882,1.08665,0.389689,0.145397,0.379329,3.24381,0.161596,0.446195,1.77396,0.159177,1.15e+07,4.49998e+06,6.79999e+06,1.15e+07,4.49997e+06,6.79999e+06,1.15e+07,4.49996e+06,6.79999e+06,1.15e+07,4.49995e+06,6.79999e+06,1.14999e+07,4.49993e+06,6.79999e+06,1.14999e+07,4.49991e+06,6.79999e+06,1.14999e+07,4.49989e+06,6.79999e+06,1.14999e+07,4.49986e+06,6.79999e+06,1.14999e+07,4.49982e+06,6.79999e+06,1.14999e+07,4.49977e+06,6.79999e+06,1.14999e+07,4.49971e+06,6.79999e+06,1.14999e+07,4.49963e+06,6.79999e+06,1.14998e+07,4.49953e+06,6.79999e+06,1.14998e+07,4.49941e+06,6.79999e+06,1.14998e+07,4.49926e+06,6.79999e+06,1.14998e+07,4.49906e+06,6.79999e+06,1.14997e+07,4.49882e+06,6.79999e+06,1.14997e+07,4.49851e+06,6.79999e+06,1.14997e+07,4.49812e+06,6.79999e+06,1.14996e+07,4.49764e+06,6.79999e+06,1.14996e+07,4.49702e+06,6.79999e+06,1.14995e+07,4.49625e+06,6.79999e+06,1.14995e+07,4.49528e+06,6.79999e+06,1.14994e+07,4.49406e+06,6.79999e+06,1.14993e+07,4.49253e+06,6.79999e+06,1.14992e+07,4.49059e+06,6.79999e+06,1.14991e+07,4.48817e+06,6.79999e+06,1.1499e+07,4.48511e+06,6.79999e+06,1.14988e+07,4.48128e+06,6.79999e+06,1.14987e+07,4.47646e+06,6.79999e+06,1.14985e+07,4.47041e+06,6.79999e+06,1.14983e+07,4.46281e+06,6.79999e+06,1.14981e+07,4.4533e+06,6.79999e+06,1.14979e+07,4.44138e+06,6.79999e+06,1.14976e+07,4.42649e+06,6.79999e+06,1.14972e+07,4.40789e+06,6.79999e+06,1.14969e+07,4.38471e+06,6.79999e+06,1.14965e+07,4.35592e+06,6.79999e+06,1.1496e+07,4.32027e+06,6.79999e+06,1.14955e+07,4.27629e+06,6.79999e+06,1.14949e+07,4.22231e+06,6.79999e+06,1.14942e+07,4.15647e+06,6.79999e+06,1.14934e+07,4.07676e+06,6.79999e+06,1.14926e+07,3.98112e+06,6.79999e+06,1.14916e+07,3.86765e+06,6.79999e+06,1.14905e+07,3.73474e+06,6.79999e+06,1.14892e+07,3.58148e+06,6.79999e+06,1.14878e+07,3.40785e+06,6.79999e+06,1.14862e+07,3.21513e+06,6.79999e+06,1.14844e+07,3.00605e+06,6.79999e+06,1.14823e+07,2.7848e+06,6.79999e+06,1.148e+07,2.5568e+06,6.79999e+06,1.14773e+07,2.32825e+06,6.79999e+06,13.5742,8.52444,0.508366,16.8306,13.2585,0.162638,20.0035,17.569,0.0507846,23.2616,22.4214,0.0158319,26.7328,28.3297,0.00493498,30.5212,35.6974,0.00153831,34.7178,44.9473,0.000479527,39.4086,56.5822,0.000149456,44.6796,71.2245,4.66214e-05,50.6209,89.6543,1.45419e-05,57.3297,112.852,4.54748e-06,64.9129,142.051,1.43857e-06,73.4897,178.803,4.36618e-07,83.1934,225.062,1.40153e-07,94.1745,283.286,4.96378e-08,106.602,356.568,1.05434e-07,120.669,448.799,-6.49244e-08,136.59,564.873,1.70148e-07,154.611,710.948,-5.34594e-08,175.008,894.767,1.63407e-07,198.097,1126.06,8.04804e-08,224.231,1417.07,1.14667e-07,253.813,1783.15,-1.71227e-07,287.297,2243.62,-2.88466e-07,325.198,2822.67,-4.33651e-07,368.098,3550.67,7.9318e-08,416.657,4465.65,3.13319e-07,471.621,5615.16,3.4613e-07,533.835,7058.61,-1.19199e-07,604.255,8870.02,-2.79964e-07,683.962,11141.4,-2.30521e-07,774.182,13986.7,-2.55099e-07,876.299,17546.4,1.23585e-07,991.883,21993.1,1.41192e-07,1122.71,27536.7,-9.71886e-08,1270.78,34430.7,-3.68368e-07,1438.38,42977.7,-3.45379e-07,1628.07,53532.7,-3.25328e-09,1842.77,66504.6,2.6362e-07,2085.77,82350.2,2.53445e-07,2360.79,101560,-2.47407e-08,2672.05,124632,-3.80602e-07,3024.31,152018,-4.79005e-07,3422.98,184060,-1.14379e-07,3874.15,220884,2.64297e-07,4384.72,262283,3.44131e-07,4962.49,307576,7.5349e-08,5616.29,355497,-3.63097e-07,6356.1,404126,-6.05442e-07,7193.18,450932,-2.72333e-07,8140.28,492963,2.29675e-07,9211.79,527178,4.3387e-07,10424,550893,-1.0711e-07,10.102,8.06553,2.81012,10.6436,8.57909,0.869423,11.5336,10.2515,0.270869,12.7211,12.7138,0.0844293,14.1823,15.9373,0.0263173,15.9122,20.0383,0.0082035,17.9198,25.2154,0.00255722,20.2244,31.7373,0.000797017,22.8539,39.9486,0.000248622,25.8438,50.2851,7.75492e-05,29.237,63.2963,2.42508e-05,33.0837,79.6738,7.67162e-06,37.4415,100.288,2.32837e-06,42.3767,126.236,7.33e-07,47.9646,158.896,2.79256e-07,54.2906,200.003,9.87351e-09,61.452,251.741,1.61085e-07,69.5585,316.859,-2.47141e-07,78.7347,398.812,8.93552e-08,89.1218,501.948,-2.53231e-07,100.879,631.736,-1.25047e-07,114.188,795.049,-1.78808e-07,129.252,1000.53,2.6733e-07,146.304,1259.03,4.50292e-07,165.605,1584.19,6.76904e-07,187.452,1993.12,-1.23808e-07,212.181,2507.27,-4.89068e-07,240.173,3153.54,-5.40284e-07,271.856,3965.56,1.86061e-07,307.719,4985.38,4.37004e-07,348.313,6265.4,3.59828e-07,394.26,7870.83,3.98192e-07,446.268,9882.51,-1.92908e-07,505.135,12400.3,-2.20392e-07,571.766,15546.9,1.51705e-07,647.184,19472.2,5.74996e-07,732.547,24357.4,5.39112e-07,829.167,30420,5.07815e-09,938.526,37916.3,-4.11492e-07,1062.3,47143.9,-3.9561e-07,1202.4,58439.2,3.86185e-08,1360.96,72169.3,5.94093e-07,1540.42,88715.8,7.47693e-07,1743.53,108445,1.78537e-07,1973.41,131665,-4.12549e-07,2233.57,158557,-5.37164e-07,2528,189103,-1.17615e-07,2861.2,222986,5.66769e-07,3238.27,259510,9.45053e-07,3664.97,297540,4.25093e-07,4147.81,335497,-3.58506e-07,4694.17,371444,-6.7724e-07,5312.37,403256,1.67192e-07,1.61744,3.89446,9.84394,3.28846,7.5504,12.774,5.07607,11.7187,13.6844,7.03202,16.8147,13.9681,9.20215,23.1769,14.0566,11.6301,31.1672,14.0841,14.3598,41.2186,14.0927,17.4376,53.8688,14.0954,20.9137,69.7915,14.0962,24.8432,89.8341,14.0965,29.2879,115.063,14.0966,34.3168,146.819,14.0966,40.0078,186.792,14.0966,46.4487,237.107,14.0966,53.7388,300.44,14.0966,61.9903,380.158,14.0966,71.3301,480.499,14.0966,81.902,606.796,14.0966,93.8685,765.761,14.0966,107.414,965.837,14.0966,122.746,1217.65,14.0966,140.101,1534.57,14.0966,159.745,1933.41,14.0966,181.981,2435.3,14.0966,207.15,3066.85,14.0966,235.64,3861.46,14.0966,267.889,4861.11,14.0966,304.391,6118.54,14.0966,345.709,7699.91,14.0966,392.478,9688.22,14.0966,445.417,12187.5,14.0966,505.339,15327.7,14.0966,573.165,19271.6,14.0966,649.938,24222,14.0966,736.839,30430.9,14.0966,835.202,38211.5,14.0966,946.539,47950.3,14.0966,1072.56,60122.8,14.0966,1215.21,75309.9,14.0966,1376.66,94216.2,14.0966,1559.41,117688,14.0966,1766.26,146729,14.0966,2000.39,182510,14.0966,2265.39,226372,14.0966,2565.33,279806,14.0966,2904.81,344416,14.0966,3289.05,421845,14.0966,3723.93,513667,14.0966,4216.13,621231,14.0966,4773.18,745478,14.0966,5403.64,886744,14.0966,6117.15,1.04457e+06,14.0966,6924.63,1.2176e+06,14.0966,11.7194,11.96,12.6541,13.9321,16.1295,13.6434,16.6097,21.9702,13.9553,19.7532,29.5285,14.0526,23.3844,39.1143,14.0829,27.5423,51.2054,14.0923,32.2796,66.434,14.0953,37.662,85.6061,14.0962,43.7675,109.74,14.0965,50.687,140.119,14.0966,58.5249,178.359,14.0966,67.4005,226.493,14.0966,77.4493,287.08,14.0966,88.8254,363.343,14.0966,101.703,459.336,14.0966,116.281,580.161,14.0966,132.782,732.241,14.0966,151.46,923.655,14.0966,172.603,1164.57,14.0966,196.535,1467.79,14.0966,223.625,1849.39,14.0966,254.288,2329.62,14.0966,288.997,2933.93,14.0966,328.285,3694.33,14.0966,372.755,4651.04,14.0966,423.092,5854.57,14.0966,480.07,7368.38,14.0966,544.564,9272.08,14.0966,617.566,11665.5,14.0966,700.197,14673.6,14.0966,793.729,18452.9,14.0966,899.599,23198.6,14.0966,1019.43,29154.1,14.0966,1155.07,36622.3,14.0966,1308.6,45977.9,14.0966,1482.39,57683.7,14.0966,1679.09,72307.8,14.0966,1901.73,90542.8,14.0966,2153.73,113226,14.0966,2438.97,141360,14.0966,2761.81,176127,14.0966,3127.22,218898,14.0966,3540.81,271226,14.0966,4008.92,334817,14.0966,4538.74,411470,14.0966,5138.38,502973,14.0966,5817.04,610948,14.0966,6585.12,736653,14.0966,7454.39,880741,14.0966,8438.15,1.04302e+06,14.0966,9551.45,1.22224e+06,14.0966,10811.3,1.41602e+06,14.0966,12237,1.62086e+06,14.0966,11.7194,11.96,12.6541,2.21263,4.16949,0.989383,2.67766,5.84076,0.311842,3.14343,7.55825,0.0972771,3.63127,9.58578,0.0303237,4.15787,12.0912,0.00945211,4.73731,15.2286,0.00294633,5.38238,19.1721,0.000918508,6.10553,24.134,0.000286163,6.91951,30.3791,8.92692e-05,7.83792,38.2397,2.78121e-05,8.87555,48.1338,8.65134e-06,10.0489,60.5876,2.7882e-06,11.3761,76.2629,8.29036e-07,12.8779,95.9927,2.4373e-07,14.5775,120.825,4.33068e-09,16.5012,152.08,1.75749e-07,18.6784,191.415,-1.86328e-07,21.1428,240.917,1.91829e-07,23.9322,303.213,-1.81475e-07,27.0895,381.602,7.0186e-08,30.6634,480.231,-2.86769e-08,34.7087,604.316,2.40784e-07,39.2876,760.401,9.87368e-08,44.4705,956.705,1.22263e-07,50.3371,1203.54,-4.31966e-07,56.9776,1513.81,-1.9705e-07,64.494,1903.69,-2.763e-08,73.0018,2393.4,3.9185e-07,82.6317,3008.13,1.35379e-07,93.5318,3779.25,-4.16351e-08,105.869,4745.7,2.06965e-08,119.834,5955.6,-3.18887e-07,135.641,7468.12,-1.48271e-08,153.531,9355.62,2.00739e-07,173.781,11705.8,2.28358e-07,196.701,14624.1,-1.93587e-08,222.642,18235,-2.88101e-07,252.003,22683.4,-2.24732e-07,285.234,28134,8.56806e-09,322.845,34767,2.34258e-07,365.413,42770.9,2.99668e-07,413.588,52327.9,8.28644e-08,468.111,63591.2,-3.07049e-07,529.814,76653.2,-3.1888e-07,599.642,91502.5,-6.72276e-08,678.662,107975,2.26339e-07,768.083,125705,3.69212e-07,869.267,144088,2.04077e-07,983.76,162277,-2.80509e-07,1113.3,179223,-4.22737e-07,1259.87,193777,-1.71951e-07,1425.68,204839,4.55555e-07,11.7194,11.96,12.6541,2.21263,4.16949,0.989383,2.67766,5.84076,0.311842,3.14343,7.55825,0.0972771,3.63127,9.58578,0.0303237,4.15787,12.0912,0.00945211,4.73731,15.2286,0.00294633,5.38238,19.1721,0.000918508,6.10553,24.134,0.000286163,6.91951,30.3791,8.92692e-05,7.83792,38.2397,2.78121e-05,8.87555,48.1338,8.65134e-06,10.0489,60.5876,2.7882e-06,11.3761,76.2629,8.29036e-07,12.8779,95.9927,2.4373e-07,14.5775,120.825,1e-08,16.5012,152.08,1.75749e-07,18.6784,191.415,1e-08,21.1428,240.917,1.91829e-07,23.9322,303.213,1e-08,27.0895,381.602,7.0186e-08,30.6634,480.231,1e-08,34.7087,604.316,2.40784e-07,39.2876,760.401,9.87368e-08,44.4705,956.705,1.22263e-07,50.3371,1203.54,1e-08,56.9776,1513.81,1e-08,64.494,1903.69,1e-08,73.0018,2393.4,3.9185e-07,82.6317,3008.13,1.35379e-07,93.5318,3779.25,1e-08,105.869,4745.7,2.06965e-08,119.834,5955.6,1e-08,135.641,7468.12,1e-08,153.531,9355.62,2.00739e-07,173.781,11705.8,2.28358e-07,196.701,14624.1,1e-08,222.642,18235,1e-08,252.003,22683.4,1e-08,285.234,28134,1e-08,322.845,34767,2.34258e-07,365.413,42770.9,2.99668e-07,413.588,52327.9,8.28644e-08,468.111,63591.2,1e-08,529.814,76653.2,1e-08,599.642,91502.5,1e-08,678.662,107975,2.26339e-07,768.083,125705,3.69212e-07,869.267,144088,2.04077e-07,983.76,162277,1e-08,1113.3,179223,1e-08,1259.87,193777,1e-08,1425.68,204839,4.55555e-07,6.2823,3.27286,2.43537,0.219672,6.18826,2.24117,0.56371,6.87772,2.63624,0.308279,3,22,20,2,3,4,3,3,3,0,14,0,6,10,0,2,11,0,5,16,0,3,12,0,9,18,0,4,28,0,11,28,0,17,20,0,9,28,0,8,50,0,15,114,0,22,110,0,16,143,0,21,219,0,14,258,0,26,153,0,29,603,0,27,532,0,33,468,0,46,468,0,35,1192,0,79,1465,0,29,1351,0,50,1610,0,39,1504,0,115,1365,0,78,3538,0,76,3838,0,153,5532,0,81,6347,0,129,17455,0,150,10153,0,202,7889,0,65,19561,0,255,54994,0,519,8527,0,233,33317,0,121,18425,0,475,49392,0,407,123414,0,461,75081,0,692,142628,0,521,67681,0,625,127281,0,747,87118,0,612,186941,0,776,94177,0,928,188365,0,1266,94281,0
-1.05176e+08,1,8.88811e-15,10,1023,0,1.05176e+08,0.528882,1.08665,0.389689,0.145397,0.379329,3.24381,0.161596,0.446195,1.77396,0.159177,1.15e+07,4.49998e+06,6.79999e+06,1.15e+07,4.49997e+06,6.79999e+06,1.15e+07,4.49996e+06,6.79999e+06,1.15e+07,4.49995e+06,6.79999e+06,1.14999e+07,4.49993e+06,6.79999e+06,1.14999e+07,4.49991e+06,6.79999e+06,1.14999e+07,4.49989e+06,6.79999e+06,1.14999e+07,4.49986e+06,6.79999e+06,1.14999e+07,4.49982e+06,6.79999e+06,1.14999e+07,4.49977e+06,6.79999e+06,1.14999e+07,4.49971e+06,6.79999e+06,1.14999e+07,4.49963e+06,6.79999e+06,1.14998e+07,4.49953e+06,6.79999e+06,1.14998e+07,4.49941e+06,6.79999e+06,1.14998e+07,4.49926e+06,6.79999e+06,1.14998e+07,4.49906e+06,6.79999e+06,1.14997e+07,4.49882e+06,6.79999e+06,1.14997e+07,4.49851e+06,6.79999e+06,1.14997e+07,4.49812e+06,6.79999e+06,1.14996e+07,4.49764e+06,6.79999e+06,1.14996e+07,4.49702e+06,6.79999e+06,1.14995e+07,4.49625e+06,6.79999e+06,1.14995e+07,4.49528e+06,6.79999e+06,1.14994e+07,4.49406e+06,6.79999e+06,1.14993e+07,4.49253e+06,6.79999e+06,1.14992e+07,4.49059e+06,6.79999e+06,1.14991e+07,4.48817e+06,6.79999e+06,1.1499e+07,4.48511e+06,6.79999e+06,1.14988e+07,4.48128e+06,6.79999e+06,1.14987e+07,4.47646e+06,6.79999e+06,1.14985e+07,4.47041e+06,6.79999e+06,1.14983e+07,4.46281e+06,6.79999e+06,1.14981e+07,4.4533e+06,6.79999e+06,1.14979e+07,4.44138e+06,6.79999e+06,1.14976e+07,4.42649e+06,6.79999e+06,1.14972e+07,4.40789e+06,6.79999e+06,1.14969e+07,4.38471e+06,6.79999e+06,1.14965e+07,4.35592e+06,6.79999e+06,1.1496e+07,4.32027e+06,6.79999e+06,1.14955e+07,4.27629e+06,6.79999e+06,1.14949e+07,4.22231e+06,6.79999e+06,1.14942e+07,4.15647e+06,6.79999e+06,1.14934e+07,4.07676e+06,6.79999e+06,1.14926e+07,3.98112e+06,6.79999e+06,1.14916e+07,3.86765e+06,6.79999e+06,1.14905e+07,3.73474e+06,6.79999e+06,1.14892e+07,3.58148e+06,6.79999e+06,1.14878e+07,3.40785e+06,6.79999e+06,1.14862e+07,3.21513e+06,6.79999e+06,1.14844e+07,3.00605e+06,6.79999e+06,1.14823e+07,2.7848e+06,6.79999e+06,1.148e+07,2.5568e+06,6.79999e+06,1.14773e+07,2.32825e+06,6.79999e+06,13.5742,8.52444,0.508366,16.8306,13.2585,0.162638,20.0035,17.569,0.0507846,23.2616,22.4214,0.0158319,26.7328,28.3297,0.00493498,30.5212,35.6974,0.00153831,34.7178,44.9473,0.000479527,39.4086,56.5822,0.000149456,44.6796,71.2245,4.66214e-05,50.6209,89.6543,1.45419e-05,57.3297,112.852,4.54748e-06,64.9129,142.051,1.43857e-06,73.4897,178.803,4.36618e-07,83.1934,225.062,1.40153e-07,94.1745,283.286,4.96378e-08,106.602,356.568,1.05434e-07,120.669,448.799,-6.49244e-08,136.59,564.873,1.70148e-07,154.611,710.948,-5.34594e-08,175.008,894.767,1.63407e-07,198.097,1126.06,8.04804e-08,224.231,1417.07,1.14667e-07,253.813,1783.15,-1.71227e-07,287.297,2243.62,-2.88466e-07,325.198,2822.67,-4.33651e-07,368.098,3550.67,7.9318e-08,416.657,4465.65,3.13319e-07,471.621,5615.16,3.4613e-07,533.835,7058.61,-1.19199e-07,604.255,8870.02,-2.79964e-07,683.962,11141.4,-2.30521e-07,774.182,13986.7,-2.55099e-07,876.299,17546.4,1.23585e-07,991.883,21993.1,1.41192e-07,1122.71,27536.7,-9.71886e-08,1270.78,34430.7,-3.68368e-07,1438.38,42977.7,-3.45379e-07,1628.07,53532.7,-3.25328e-09,1842.77,66504.6,2.6362e-07,2085.77,82350.2,2.53445e-07,2360.79,101560,-2.47407e-08,2672.05,124632,-3.80602e-07,3024.31,152018,-4.79005e-07,3422.98,184060,-1.14379e-07,3874.15,220884,2.64297e-07,4384.72,262283,3.44131e-07,4962.49,307576,7.5349e-08,5616.29,355497,-3.63097e-07,6356.1,404126,-6.05442e-07,7193.18,450932,-2.72333e-07,8140.28,492963,2.29675e-07,9211.79,527178,4.3387e-07,10424,550893,-1.0711e-07,10.102,8.06553,2.81012,10.6436,8.57909,0.869423,11.5336,10.2515,0.270869,12.7211,12.7138,0.0844293,14.1823,15.9373,0.0263173,15.9122,20.0383,0.0082035,17.9198,25.2154,0.00255722,20.2244,31.7373,0.000797017,22.8539,39.9486,0.000248622,25.8438,50.2851,7.75492e-05,29.237,63.2963,2.42508e-05,33.0837,79.6738,7.67162e-06,37.4415,100.288,2.32837e-06,42.3767,126.236,7.33e-07,47.9646,158.896,2.79256e-07,54.2906,200.003,9.87351e-09,61.452,251.741,1.61085e-07,69.5585,316.859,-2.47141e-07,78.7347,398.812,8.93552e-08,89.1218,501.948,-2.53231e-07,100.879,631.736,-1.25047e-07,114.188,795.049,-1.78808e-07,129.252,1000.53,2.6733e-07,146.304,1259.03,4.50292e-07,165.605,1584.19,6.76904e-07,187.452,1993.12,-1.23808e-07,212.181,2507.27,-4.89068e-07,240.173,3153.54,-5.40284e-07,271.856,3965.56,1.86061e-07,307.719,4985.38,4.37004e-07,348.313,6265.4,3.59828e-07,394.26,7870.83,3.98192e-07,446.268,9882.51,-1.92908e-07,505.135,12400.3,-2.20392e-07,571.766,15546.9,1.51705e-07,647.184,19472.2,5.74996e-07,732.547,24357.4,5.39112e-07,829.167,30420,5.07815e-09,938.526,37916.3,-4.11492e-07,1062.3,47143.9,-3.9561e-07,1202.4,58439.2,3.86185e-08,1360.96,72169.3,5.94093e-07,1540.42,88715.8,7.47693e-07,1743.53,108445,1.78537e-07,1973.41,131665,-4.12549e-07,2233.57,158557,-5.37164e-07,2528,189103,-1.17615e-07,2861.2,222986,5.66769e-07,3238.27,259510,9.45053e-07,3664.97,297540,4.25093e-07,4147.81,335497,-3.58506e-07,4694.17,371444,-6.7724e-07,5312.37,403256,1.67192e-07,1.61744,3.89446,9.84394,3.28846,7.5504,12.774,5.07607,11.7187,13.6844,7.03202,16.8147,13.9681,9.20215,23.1769,14.0566,11.6301,31.1672,14.0841,14.3598,41.2186,14.0927,17.4376,53.8688,14.0954,20.9137,69.7915,14.0962,24.8432,89.8341,14.0965,29.2879,115.063,14.0966,34.3168,146.819,14.0966,40.0078,186.792,14.0966,46.4487,237.107,14.0966,53.7388,300.44,14.0966,61.9903,380.158,14.0966,71.3301,480.499,14.0966,81.902,606.796,14.0966,93.8685,765.761,14.0966,107.414,965.837,14.0966,122.746,1217.65,14.0966,140.101,1534.57,14.0966,159.745,1933.41,14.0966,181.981,2435.3,14.0966,207.15,3066.85,14.0966,235.64,3861.46,14.0966,267.889,4861.11,14.0966,304.391,6118.54,14.0966,345.709,7699.91,14.0966,392.478,9688.22,14.0966,445.417,12187.5,14.0966,505.339,15327.7,14.0966,573.165,19271.6,14.0966,649.938,24222,14.0966,736.839,30430.9,14.0966,835.202,38211.5,14.0966,946.539,47950.3,14.0966,1072.56,60122.8,14.0966,1215.21,75309.9,14.0966,1376.66,94216.2,14.0966,1559.41,117688,14.0966,1766.26,146729,14.0966,2000.39,182510,14.0966,2265.39,226372,14.0966,2565.33,279806,14.0966,2904.81,344416,14.0966,3289.05,421845,14.0966,3723.93,513667,14.0966,4216.13,621231,14.0966,4773.18,745478,14.0966,5403.64,886744,14.0966,6117.15,1.04457e+06,14.0966,6924.63,1.2176e+06,14.0966,11.7194,11.96,12.6541,13.9321,16.1295,13.6434,16.6097,21.9702,13.9553,19.7532,29.5285,14.0526,23.3844,39.1143,14.0829,27.5423,51.2054,14.0923,32.2796,66.434,14.0953,37.662,85.6061,14.0962,43.7675,109.74,14.0965,50.687,140.119,14.0966,58.5249,178.359,14.0966,67.4005,226.493,14.0966,77.4493,287.08,14.0966,88.8254,363.343,14.0966,101.703,459.336,14.0966,116.281,580.161,14.0966,132.782,732.241,14.0966,151.46,923.655,14.0966,172.603,1164.57,14.0966,196.535,1467.79,14.0966,223.625,1849.39,14.0966,254.288,2329.62,14.0966,288.997,2933.93,14.0966,328.285,3694.33,14.0966,372.755,4651.04,14.0966,423.092,5854.57,14.0966,480.07,7368.38,14.0966,544.564,9272.08,14.0966,617.566,11665.5,14.0966,700.197,14673.6,14.0966,793.729,18452.9,14.0966,899.599,23198.6,14.0966,1019.43,29154.1,14.0966,1155.07,36622.3,14.0966,1308.6,45977.9,14.0966,1482.39,57683.7,14.0966,1679.09,72307.8,14.0966,1901.73,90542.8,14.0966,2153.73,113226,14.0966,2438.97,141360,14.0966,2761.81,176127,14.0966,3127.22,218898,14.0966,3540.81,271226,14.0966,4008.92,334817,14.0966,4538.74,411470,14.0966,5138.38,502973,14.0966,5817.04,610948,14.0966,6585.12,736653,14.0966,7454.39,880741,14.0966,8438.15,1.04302e+06,14.0966,9551.45,1.22224e+06,14.0966,10811.3,1.41602e+06,14.0966,12237,1.62086e+06,14.0966,11.7194,11.96,12.6541,2.21263,4.16949,0.989383,2.67766,5.84076,0.311842,3.14343,7.55825,0.0972771,3.63127,9.58578,0.0303237,4.15787,12.0912,0.00945211,4.73731,15.2286,0.00294633,5.38238,19.1721,0.000918508,6.10553,24.134,0.000286163,6.91951,30.3791,8.92692e-05,7.83792,38.2397,2.78121e-05,8.87555,48.1338,8.65134e-06,10.0489,60.5876,2.7882e-06,11.3761,76.2629,8.29036e-07,12.8779,95.9927,2.4373e-07,14.5775,120.825,4.33068e-09,16.5012,152.08,1.75749e-07,18.6784,191.415,-1.86328e-07,21.1428,240.917,1.91829e-07,23.9322,303.213,-1.81475e-07,27.0895,381.602,7.0186e-08,30.6634,480.231,-2.86769e-08,34.7087,604.316,2.40784e-07,39.2876,760.401,9.87368e-08,44.4705,956.705,1.22263e-07,50.3371,1203.54,-4.31966e-07,56.9776,1513.81,-1.9705e-07,64.494,1903.69,-2.763e-08,73.0018,2393.4,3.9185e-07,82.6317,3008.13,1.35379e-07,93.5318,3779.25,-4.16351e-08,105.869,4745.7,2.06965e-08,119.834,5955.6,-3.18887e-07,135.641,7468.12,-1.48271e-08,153.531,9355.62,2.00739e-07,173.781,11705.8,2.28358e-07,196.701,14624.1,-1.93587e-08,222.642,18235,-2.88101e-07,252.003,22683.4,-2.24732e-07,285.234,28134,8.56806e-09,322.845,34767,2.34258e-07,365.413,42770.9,2.99668e-07,413.588,52327.9,8.28644e-08,468.111,63591.2,-3.07049e-07,529.814,76653.2,-3.1888e-07,599.642,91502.5,-6.72276e-08,678.662,107975,2.26339e-07,768.083,125705,3.69212e-07,869.267,144088,2.04077e-07,983.76,162277,-2.80509e-07,1113.3,179223,-4.22737e-07,1259.87,193777,-1.71951e-07,1425.68,204839,4.55555e-07,11.7194,11.96,12.6541,2.21263,4.16949,0.989383,2.67766,5.84076,0.311842,3.14343,7.55825,0.0972771,3.63127,9.58578,0.0303237,4.15787,12.0912,0.00945211,4.73731,15.2286,0.00294633,5.38238,19.1721,0.000918508,6.10553,24.134,0.000286163,6.91951,30.3791,8.92692e-05,7.83792,38.2397,2.78121e-05,8.87555,48.1338,8.65134e-06,10.0489,60.5876,2.7882e-06,11.3761,76.2629,8.29036e-07,12.8779,95.9927,2.4373e-07,14.5775,120.825,1e-08,16.5012,152.08,1.75749e-07,18.6784,191.415,1e-08,21.1428,240.917,1.91829e-07,23.9322,303.213,1e-08,27.0895,381.602,7.0186e-08,30.6634,480.231,1e-08,34.7087,604.316,2.40784e-07,39.2876,760.401,9.87368e-08,44.4705,956.705,1.22263e-07,50.3371,1203.54,1e-08,56.9776,1513.81,1e-08,64.494,1903.69,1e-08,73.0018,2393.4,3.9185e-07,82.6317,3008.13,1.35379e-07,93.5318,3779.25,1e-08,105.869,4745.7,2.06965e-08,119.834,5955.6,1e-08,135.641,7468.12,1e-08,153.531,9355.62,2.00739e-07,173.781,11705.8,2.28358e-07,196.701,14624.1,1e-08,222.642,18235,1e-08,252.003,22683.4,1e-08,285.234,28134,1e-08,322.845,34767,2.34258e-07,365.413,42770.9,2.99668e-07,413.588,52327.9,8.28644e-08,468.111,63591.2,1e-08,529.814,76653.2,1e-08,599.642,91502.5,1e-08,678.662,107975,2.26339e-07,768.083,125705,3.69212e-07,869.267,144088,2.04077e-07,983.76,162277,1e-08,1113.3,179223,1e-08,1259.87,193777,1e-08,1425.68,204839,4.55555e-07,6.2823,3.27286,2.43537,0.219672,6.18826,2.24117,0.56371,6.87772,2.63624,0.308279,10,20,13,1,5,1,2,3,0,3,12,0,7,11,0,2,16,0,3,5,0,10,31,0,1,29,0,12,23,0,3,36,0,8,64,0,5,69,0,6,64,0,8,89,0,26,130,0,11,267,0,13,97,0,15,261,0,29,320,0,41,296,0,29,673,0,19,362,0,50,505,0,39,908,0,48,1777,0,81,1613,0,57,1708,0,48,4115,0,56,2315,0,108,2691,0,98,8935,0,80,5279,0,89,12463,0,104,14801,0,125,5996,0,168,13358,0,266,7004,0,222,30826,0,444,27424,0,173,57250,0,381,72613,0,483,43922,0,449,71273,0,477,30240,0,511,46931,0,943,77890,0,798,75784,0,830,233753,0,1163,203997,0,1190,106247,0,913,222969,0,1829,164725,0
-1.05176e+08,1,8.88811e-15,10,1023,0,1.05176e+08,0.528882,1.08665,0.389689,0.145397,0.379329,3.24381,0.161596,0.446195,1.77396,0.159177,1.15e+07,4.49998e+06,6.79999e+06,1.15e+07,4.49997e+06,6.79999e+06,1.15e+07,4.49996e+06,6.79999e+06,1.15e+07,4.49995e+06,6.79999e+06,1.14999e+07,4.49993e+06,6.79999e+06,1.14999e+07,4.49991e+06,6.79999e+06,1.14999e+07,4.49989e+06,6.79999e+06,1.14999e+07,4.49986e+06,6.79999e+06,1.14999e+07,4.49982e+06,6.79999e+06,1.14999e+07,4.49977e+06,6.79999e+06,1.14999e+07,4.49971e+06,6.79999e+06,1.14999e+07,4.49963e+06,6.79999e+06,1.14998e+07,4.49953e+06,6.79999e+06,1.14998e+07,4.49941e+06,6.79999e+06,1.14998e+07,4.49926e+06,6.79999e+06,1.14998e+07,4.49906e+06,6.79999e+06,1.14997e+07,4.49882e+06,6.79999e+06,1.14997e+07,4.49851e+06,6.79999e+06,1.14997e+07,4.49812e+06,6.79999e+06,1.14996e+07,4.49764e+06,6.79999e+06,1.14996e+07,4.49702e+06,6.79999e+06,1.14995e+07,4.49625e+06,6.79999e+06,1.14995e+07,4.49528e+06,6.79999e+06,1.14994e+07,4.49406e+06,6.79999e+06,1.14993e+07,4.49253e+06,6.79999e+06,1.14992e+07,4.49059e+06,6.79999e+06,1.14991e+07,4.48817e+06,6.79999e+06,1.1499e+07,4.48511e+06,6.79999e+06,1.14988e+07,4.48128e+06,6.79999e+06,1.14987e+07,4.47646e+06,6.79999e+06,1.14985e+07,4.47041e+06,6.79999e+06,1.14983e+07,4.46281e+06,6.79999e+06,1.14981e+07,4.4533e+06,6.79999e+06,1.14979e+07,4.44138e+06,6.79999e+06,1.14976e+07,4.42649e+06,6.79999e+06,1.14972e+07,4.40789e+06,6.79999e+06,1.14969e+07,4.38471e+06,6.79999e+06,1.14965e+07,4.35592e+06,6.79999e+06,1.1496e+07,4.32027e+06,6.79999e+06,1.14955e+07,4.27629e+06,6.79999e+06,1.14949e+07,4.22231e+06,6.79999e+06,1.14942e+07,4.15647e+06,6.79999e+06,1.14934e+07,4.07676e+06,6.79999e+06,1.14926e+07,3.98112e+06,6.79999e+06,1.14916e+07,3.86765e+06,6.79999e+06,1.14905e+07,3.73474e+06,6.79999e+06,1.14892e+07,3.58148e+06,6.79999e+06,1.14878e+07,3.40785e+06,6.79999e+06,1.14862e+07,3.21513e+06,6.79999e+06,1.14844e+07,3.00605e+06,6.79999e+06,1.14823e+07,2.7848e+06,6.79999e+06,1.148e+07,2.5568e+06,6.79999e+06,1.14773e+07,2.32825e+06,6.79999e+06,13.5742,8.52444,0.508366,16.8306,13.2585,0.162638,20.0035,17.569,0.0507846,23.2616,22.4214,0.0158319,26.7328,28.3297,0.00493498,30.5212,35.6974,0.00153831,34.7178,44.9473,0.000479527,39.4086,56.5822,0.000149456,44.6796,71.2245,4.66214e-05,50.6209,89.6543,1.45419e-05,57.3297,112.852,4.54748e-06,64.9129,142.051,1.43857e-06,73.4897,178.803,4.36618e-07,83.1934,225.062,1.40153e-07,94.1745,283.286,4.96378e-08,106.602,356.568,1.05434e-07,120.669,448.799,-6.49244e-08,136.59,564.873,1.70148e-07,154.611,710.948,-5.34594e-08,175.008,894.767,1.63407e-07,198.097,1126.06,8.04804e-08,224.231,1417.07,1.14667e-07,253.813,1783.15,-1.71227e-07,287.297,2243.62,-2.88466e-07,325.198,2822.67,-4.33651e-07,368.098,3550.67,7.9318e-08,416.657,4465.65,3.13319e-07,471.621,5615.16,3.4613e-07,533.835,7058.61,-1.19199e-07,604.255,8870.02,-2.79964e-07,683.962,11141.4,-2.30521e-07,774.182,13986.7,-2.55099e-07,876.299,17546.4,1.23585e-07,991.883,21993.1,1.41192e-07,1122.71,27536.7,-9.71886e-08,1270.78,34430.7,-3.68368e-07,1438.38,42977.7,-3.45379e-07,1628.07,53532.7,-3.25328e-09,1842.77,66504.6,2.6362e-07,2085.77,82350.2,2.53445e-07,2360.79,101560,-2.47407e-08,2672.05,124632,-3.80602e-07,3024.31,152018,-4.79005e-07,3422.98,184060,-1.14379e-07,3874.15,220884,2.64297e-07,4384.72,262283,3.44131e-07,4962.49,307576,7.5349e-08,5616.29,355497,-3.63097e-07,6356.1,404126,-6.05442e-07,7193.18,450932,-2.72333e-07,8140.28,492963,2.29675e-07,9211.79,527178,4.3387e-07,10424,550893,-1.0711e-07,10.102,8.06553,2.81012,10.6436,8.57909,0.869423,11.5336,10.2515,0.270869,12.7211,12.7138,0.0844293,14.1823,15.9373,0.0263173,15.9122,20.0383,0.0082035,17.9198,25.2154,0.00255722,20.2244,31.7373,0.000797017,22.8539,39.9486,0.000248622,25.8438,50.2851,7.75492e-05,29.237,63.2963,2.42508e-05,33.0837,79.6738,7.67162e-06,37.4415,100.288,2.32837e-06,42.3767,126.236,7.33e-07,47.9646,158.896,2.79256e-07,54.2906,200.003,9.87351e-09,61.452,251.741,1.61085e-07,69.5585,316.859,-2.47141e-07,78.7347,398.812,8.93552e-08,89.1218,501.948,-2.53231e-07,100.879,631.736,-1.25047e-07,114.188,795.049,-1.78808e-07,129.252,1000.53,2.6733e-07,146.304,1259.03,4.50292e-07,165.605,1584.19,6.76904e-07,187.452,1993.12,-1.23808e-07,212.181,2507.27,-4.89068e-07,240.173,3153.54,-5.40284e-07,271.856,3965.56,1.86061e-07,307.719,4985.38,4.37004e-07,348.313,6265.4,3.59828e-07,394.26,7870.83,3.98192e-07,446.268,9882.51,-1.92908e-07,505.135,12400.3,-2.20392e-07,571.766,15546.9,1.51705e-07,647.184,19472.2,5.74996e-07,732.547,24357.4,5.39112e-07,829.167,30420,5.07815e-09,938.526,37916.3,-4.11492e-07,1062.3,47143.9,-3.9561e-07,1202.4,58439.2,3.86185e-08,1360.96,72169.3,5.94093e-07,1540.42,88715.8,7.47693e-07,1743.53,108445,1.78537e-07,1973.41,131665,-4.12549e-07,2233.57,158557,-5.37164e-07,2528,189103,-1.17615e-07,2861.2,222986,5.66769e-07,3238.27,259510,9.45053e-07,3664.97,297540,4.25093e-07,4147.81,335497,-3.58506e-07,4694.17,371444,-6.7724e-07,5312.37,403256,1.67192e-07,1.61744,3.89446,9.84394,3.28846,7.5504,12.774,5.07607,11.7187,13.6844,7.03202,16.8147,13.9681,9.20215,23.1769,14.0566,11.6301,31.1672,14.0841,14.3598,41.2186,14.0927,17.4376,53.8688,14.0954,20.9137,69.7915,14.0962,24.8432,89.8341,14.0965,29.2879,115.063,14.0966,34.3168,146.819,14.0966,40.0078,186.792,14.0966,46.4487,237.107,14.0966,53.7388,300.44,14.0966,61.9903,380.158,14.0966,71.3301,480.499,14.0966,81.902,606.796,14.0966,93.8685,765.761,14.0966,107.414,965.837,14.0966,122.746,1217.65,14.0966,140.101,1534.57,14.0966,159.745,1933.41,14.0966,181.981,2435.3,14.0966,207.15,3066.85,14.0966,235.64,3861.46,14.0966,267.889,4861.11,14.0966,304.391,6118.54,14.0966,345.709,7699.91,14.0966,392.478,9688.22,14.0966,445.417,12187.5,14.0966,505.339,15327.7,14.0966,573.165,19271.6,14.0966,649.938,24222,14.0966,736.839,30430.9,14.0966,835.202,38211.5,14.0966,946.539,47950.3,14.0966,1072.56,60122.8,14.0966,1215.21,75309.9,14.0966,1376.66,94216.2,14.0966,1559.41,117688,14.0966,1766.26,146729,14.0966,2000.39,182510,14.0966,2265.39,226372,14.0966,2565.33,279806,14.0966,2904.81,344416,14.0966,3289.05,421845,14.0966,3723.93,513667,14.0966,4216.13,621231,14.0966,4773.18,745478,14.0966,5403.64,886744,14.0966,6117.15,1.04457e+06,14.0966,6924.63,1.2176e+06,14.0966,11.7194,11.96,12.6541,13.9321,16.1295,13.6434,16.6097,21.9702,13.9553,19.7532,29.5285,14.0526,23.3844,39.1143,14.0829,27.5423,51.2054,14.0923,32.2796,66.434,14.0953,37.662,85.6061,14.0962,43.7675,109.74,14.0965,50.687,140.119,14.0966,58.5249,178.359,14.0966,67.4005,226.493,14.0966,77.4493,287.08,14.0966,88.8254,363.343,14.0966,101.703,459.336,14.0966,116.281,580.161,14.0966,132.782,732.241,14.0966,151.46,923.655,14.0966,172.603,1164.57,14.0966,196.535,1467.79,14.0966,223.625,1849.39,14.0966,254.288,2329.62,14.0966,288.997,2933.93,14.0966,328.285,3694.33,14.0966,372.755,4651.04,14.0966,423.092,5854.57,14.0966,480.07,7368.38,14.0966,544.564,9272.08,14.0966,617.566,11665.5,14.0966,700.197,14673.6,14.0966,793.729,18452.9,14.0966,899.599,23198.6,14.0966,1019.43,29154.1,14.0966,1155.07,36622.3,14.0966,1308.6,45977.9,14.0966,1482.39,57683.7,14.0966,1679.09,72307.8,14.0966,1901.73,90542.8,14.0966,2153.73,113226,14.0966,2438.97,141360,14.0966,2761.81,176127,14.0966,3127.22,218898,14.0966,3540.81,271226,14.0966,4008.92,334817,14.0966,4538.74,411470,14.0966,5138.38,502973,14.0966,5817.04,610948,14.0966,6585.12,736653,14.0966,7454.39,880741,14.0966,8438.15,1.04302e+06,14.0966,9551.45,1.22224e+06,14.0966,10811.3,1.41602e+06,14.0966,12237,1.62086e+06,14.0966,11.7194,11.96,12.6541,2.21263,4.16949,0.989383,2.67766,5.84076,0.311842,3.14343,7.55825,0.0972771,3.63127,9.58578,0.0303237,4.15787,12.0912,0.00945211,4.73731,15.2286,0.00294633,5.38238,19.1721,0.000918508,6.10553,24.134,0.000286163,6.91951,30.3791,8.92692e-05,7.83792,38.2397,2.78121e-05,8.87555,48.1338,8.65134e-06,10.0489,60.5876,2.7882e-06,11.3761,76.2629,8.29036e-07,12.8779,95.9927,2.4373e-07,14.5775,120.825,4.33068e-09,16.5012,152.08,1.75749e-07,18.6784,191.415,-1.86328e-07,21.1428,240.917,1.91829e-07,23.9322,303.213,-1.81475e-07,27.0895,381.602,7.0186e-08,30.6634,480.231,-2.86769e-08,34.7087,604.316,2.40784e-07,39.2876,760.401,9.87368e-08,44.4705,956.705,1.22263e-07,50.3371,1203.54,-4.31966e-07,56.9776,1513.81,-1.9705e-07,64.494,1903.69,-2.763e-08,73.0018,2393.4,3.9185e-07,82.6317,3008.13,1.35379e-07,93.5318,3779.25,-4.16351e-08,105.869,4745.7,2.06965e-08,119.834,5955.6,-3.18887e-07,135.641,7468.12,-1.48271e-08,153.531,9355.62,2.00739e-07,173.781,11705.8,2.28358e-07,196.701,14624.1,-1.93587e-08,222.642,18235,-2.88101e-07,252.003,22683.4,-2.24732e-07,285.234,28134,8.56806e-09,322.845,34767,2.34258e-07,365.413,42770.9,2.99668e-07,413.588,52327.9,8.28644e-08,468.111,63591.2,-3.07049e-07,529.814,76653.2,-3.1888e-07,599.642,91502.5,-6.72276e-08,678.662,107975,2.26339e-07,768.083,125705,3.69212e-07,869.267,144088,2.04077e-07,983.76,162277,-2.80509e-07,1113.3,179223,-4.22737e-07,1259.87,193777,-1.71951e-07,1425.68,204839,4.55555e-07,11.7194,11.96,12.6541,2.21263,4.16949,0.989383,2.67766,5.84076,0.311842,3.14343,7.55825,0.0972771,3.63127,9.58578,0.0303237,4.15787,12.0912,0.00945211,4.73731,15.2286,0.00294633,5.38238,19.1721,0.000918508,6.10553,24.134,0.000286163,6.91951,30.3791,8.92692e-05,7.83792,38.2397,2.78121e-05,8.87555,48.1338,8.65134e-06,10.0489,60.5876,2.7882e-06,11.3761,76.2629,8.29036e-07,12.8779,95.9927,2.4373e-07,14.5775,120.825,1e-08,16.5012,152.08,1.75749e-07,18.6784,191.415,1e-08,21.1428,240.917,1.91829e-07,23.9322,303.213,1e-08,27.0895,381.602,7.0186e-08,30.6634,480.231,1e-08,34.7087,604.316,2.40784e-07,39.2876,760.401,9.87368e-08,44.4705,956.705,1.22263e-07,50.3371,1203.54,1e-08,56.9776,1513.81,1e-08,64.494,1903.69,1e-08,73.0018,2393.4,3.9185e-07,82.6317,3008.13,1.35379e-07,93.5318,3779.25,1e-08,105.869,4745.7,2.06965e-08,119.834,5955.6,1e-08,135.641,7468.12,1e-08,153.531,9355.62,2.00739e-07,173.781,11705.8,2.28358e-07,196.701,14624.1,1e-08,222.642,18235,1e-08,252.003,22683.4,1e-08,285.234,28134,1e-08,322.845,34767,2.34258e-07,365.413,42770.9,2.99668e-07,413.588,52327.9,8.28644e-08,468.111,63591.2,1e-08,529.814,76653.2,1e-08,599.642,91502.5,1e-08,678.662,107975,2.26339e-07,768.083,125705,3.69212e-07,869.267,144088,2.04077e-07,983.76,162277,1e-08,1113.3,179223,1e-08,1259.87,193777,1e-08,1425.68,204839,4.55555e-07,6.2823,3.27286,2.43537,0.219672,6.18826,2.24117,0.56371,6.87772,2.63624,0.308279,12,3,9,2,4,2,4,2,0,2,4,0,6,8,0,6,8,0,2,20,0,6,16,0,2,27,0,4,53,0,5,25,0,2,44,0,4,40,0,4,70,0,19,59,0,27,77,0,36,182,0,40,230,0,29,224,0,50,426,0,17,389,0,20,316,0,33,874,0,45,343,0,39,942,0,62,1597,0,93,1302,0,77,1058,0,73,2111,0,89,1905,0,128,3293,0,51,2746,0,101,7743,0,94,4838,0,122,14148,0,179,11147,0,250,25993,0,347,10986,0,229,9882,0,364,45032,0,390,24054,0,532,53790,0,618,45959,0,529,25174,0,296,75982,0,686,85084,0,786,110999,0,572,121739,0,539,118792,0,1027,130521,0,1817,235925,0,1501,128632,0,1213,273264,0
-1.05176e+08,1,8.88811e-15,10,1023,0,1.05176e+08,0.528882,1.08665,0.389689,0.145397,0.379329,3.24381,0.161596,0.446195,1.77396,0.159177,1.15e+07,4.49998e+06,6.79999e+06,1.15e+07,4.49997e+06,6.79999e+06,1.15e+07,4.49996e+06,6.79999e+06,1.15e+07,4.49995e+06,6.79999e+06,1.14999e+07,4.49993e+06,6.79999e+06,1.14999e+07,4.49991e+06,6.79999e+06,1.14999e+07,4.49989e+06,6.79999e+06,1.14999e+07,4.49986e+06,6.79999e+06,1.14999e+07,4.49982e+06,6.79999e+06,1.14999e+07,4.49977e+06,6.79999e+06,1.14999e+07,4.49971e+06,6.79999e+06,1.14999e+07,4.49963e+06,6.79999e+06,1.14998e+07,4.49953e+06,6.79999e+06,1.14998e+07,4.49941e+06,6.79999e+06,1.14998e+07,4.49926e+06,6.79999e+06,1.14998e+07,4.49906e+06,6.79999e+06,1.14997e+07,4.49882e+06,6.79999e+06,1.14997e+07,4.49851e+06,6.79999e+06,1.14997e+07,4.49812e+06,6.79999e+06,1.14996e+07,4.49764e+06,6.79999e+06,1.14996e+07,4.49702e+06,6.79999e+06,1.14995e+07,4.49625e+06,6.79999e+06,1.14995e+07,4.49528e+06,6.79999e+06,1.14994e+07,4.49406e+06,6.79999e+06,1.14993e+07,4.49253e+06,6.79999e+06,1.14992e+07,4.49059e+06,6.79999e+06,1.14991e+07,4.48817e+06,6.79999e+06,1.1499e+07,4.48511e+06,6.79999e+06,1.14988e+07,4.48128e+06,6.79999e+06,1.14987e+07,4.47646e+06,6.79999e+06,1.14985e+07,4.47041e+06,6.79999e+06,1.14983e+07,4.46281e+06,6.79999e+06,1.14981e+07,4.4533e+06,6.79999e+06,1.14979e+07,4.44138e+06,6.79999e+06,1.14976e+07,4.42649e+06,6.79999e+06,1.14972e+07,4.40789e+06,6.79999e+06,1.14969e+07,4.38471e+06,6.79999e+06,1.14965e+07,4.35592e+06,6.79999e+06,1.1496e+07,4.32027e+06,6.79999e+06,1.14955e+07,4.27629e+06,6.79999e+06,1.14949e+07,4.22231e+06,6.79999e+06,1.14942e+07,4.15647e+06,6.79999e+06,1.14934e+07,4.07676e+06,6.79999e+06,1.14926e+07,3.98112e+06,6.79999e+06,1.14916e+07,3.86765e+06,6.79999e+06,1.14905e+07,3.73474e+06,6.79999e+06,1.14892e+07,3.58148e+06,6.79999e+06,1.14878e+07,3.40785e+06,6.79999e+06,1.14862e+07,3.21513e+06,6.79999e+06,1.14844e+07,3.00605e+06,6.79999e+06,1.14823e+07,2.7848e+06,6.79999e+06,1.148e+07,2.5568e+06,6.79999e+06,1.14773e+07,2.32825e+06,6.79999e+06,13.5742,8.52444,0.508366,16.8306,13.2585,0.162638,20.0035,17.569,0.0507846,23.2616,22.4214,0.0158319,26.7328,28.3297,0.00493498,30.5212,35.6974,0.00153831,34.7178,44.9473,0.000479527,39.4086,56.5822,0.000149456,44.6796,71.2245,4.66214e-05,50.6209,89.6543,1.45419e-05,57.3297,112.852,4.54748e-06,64.9129,142.051,1.43857e-06,73.4897,178.803,4.36618e-07,83.1934,225.062,1.40153e-07,94.1745,283.286,4.96378e-08,106.602,356.568,1.05434e-07,120.669,448.799,-6.49244e-08,136.59,564.873,1.70148e-07,154.611,710.948,-5.34594e-08,175.008,894.767,1.63407e-07,198.097,1126.06,8.04804e-08,224.231,1417.07,1.14667e-07,253.813,1783.15,-1.71227e-07,287.297,2243.62,-2.88466e-07,325.198,2822.67,-4.33651e-07,368.098,3550.67,7.9318e-08,416.657,4465.65,3.13319e-07,471.621,5615.16,3.4613e-07,533.835,7058.61,-1.19199e-07,604.255,8870.02,-2.79964e-07,683.962,11141.4,-2.30521e-07,774.182,13986.7,-2.55099e-07,876.299,17546.4,1.23585e-07,991.883,21993.1,1.41192e-07,1122.71,27536.7,-9.71886e-08,1270.78,34430.7,-3.68368e-07,1438.38,42977.7,-3.45379e-07,1628.07,53532.7,-3.25328e-09,1842.77,66504.6,2.6362e-07,2085.77,82350.2,2.53445e-07,2360.79,101560,-2.47407e-08,2672.05,124632,-3.80602e-07,3024.31,152018,-4.79005e-07,3422.98,184060,-1.14379e-07,3874.15,220884,2.64297e-07,4384.72,262283,3.44131e-07,4962.49,307576,7.5349e-08,5616.29,355497,-3.63097e-07,6356.1,404126,-6.05442e-07,7193.18,450932,-2.72333e-07,8140.28,492963,2.29675e-07,9211.79,527178,4.3387e-07,10424,550893,-1.0711e-07,10.102,8.06553,2.81012,10.6436,8.57909,0.869423,11.5336,10.2515,0.270869,12.7211,12.7138,0.0844293,14.1823,15.9373,0.0263173,15.9122,20.0383,0.0082035,17.9198,25.2154,0.00255722,20.2244,31.7373,0.000797017,22.8539,39.9486,0.000248622,25.8438,50.2851,7.75492e-05,29.237,63.2963,2.42508e-05,33.0837,79.6738,7.67162e-06,37.4415,100.288,2.32837e-06,42.3767,126.236,7.33e-07,47.9646,158.896,2.79256e-07,54.2906,200.003,9.87351e-09,61.452,251.741,1.61085e-07,69.5585,316.859,-2.47141e-07,78.7347,398.812,8.93552e-08,89.1218,501.948,-2.53231e-07,100.879,631.736,-1.25047e-07,114.188,795.049,-1.78808e-07,129.252,1000.53,2.6733e-07,146.304,1259.03,4.50292e-07,165.605,1584.19,6.76904e-07,187.452,1993.12,-1.23808e-07,212.181,2507.27,-4.89068e-07,240.173,3153.54,-5.40284e-07,271.856,3965.56,1.86061e-07,307.719,4985.38,4.37004e-07,348.313,6265.4,3.59828e-07,394.26,7870.83,3.98192e-07,446.268,9882.51,-1.92908e-07,505.135,12400.3,-2.20392e-07,571.766,15546.9,1.51705e-07,647.184,19472.2,5.74996e-07,732.547,24357.4,5.39112e-07,829.167,30420,5.07815e-09,938.526,37916.3,-4.11492e-07,1062.3,47143.9,-3.9561e-07,1202.4,58439.2,3.86185e-08,1360.96,72169.3,5.94093e-07,1540.42,88715.8,7.47693e-07,1743.53,108445,1.78537e-07,1973.41,131665,-4.12549e-07,2233.57,158557,-5.37164e-07,2528,189103,-1.17615e-07,2861.2,222986,5.66769e-07,3238.27,259510,9.45053e-07,3664.97,297540,4.25093e-07,4147.81,335497,-3.58506e-07,4694.17,371444,-6.7724e-07,5312.37,403256,1.67192e-07,1.61744,3.89446,9.84394,3.28846,7.5504,12.774,5.07607,11.7187,13.6844,7.03202,16.8147,13.9681,9.20215,23.1769,14.0566,11.6301,31.1672,14.0841,14.3598,41.2186,14.0927,17.4376,53.8688,14.0954,20.9137,69.7915,14.0962,24.8432,89.8341,14.0965,29.2879,115.063,14.0966,34.3168,146.819,14.0966,40.0078,186.792,14.0966,46.4487,237.107,14.0966,53.7388,300.44,14.0966,61.9903,380.158,14.0966,71.3301,480.499,14.0966,81.902,606.796,14.0966,93.8685,765.761,14.0966,107.414,965.837,14.0966,122.746,1217.65,14.0966,140.101,1534.57,14.0966,159.745,1933.41,14.0966,181.981,2435.3,14.0966,207.15,3066.85,14.0966,235.64,3861.46,14.0966,267.889,4861.11,14.0966,304.391,6118.54,14.0966,345.709,7699.91,14.0966,392.478,9688.22,14.0966,445.417,12187.5,14.0966,505.339,15327.7,14.0966,573.165,19271.6,14.0966,649.938,24222,14.0966,736.839,30430.9,14.0966,835.202,38211.5,14.0966,946.539,47950.3,14.0966,1072.56,60122.8,14.0966,1215.21,75309.9,14.0966,1376.66,94216.2,14.0966,1559.41,117688,14.0966,1766.26,146729,14.0966,2000.39,182510,14.0966,2265.39,226372,14.0966,2565.33,279806,14.0966,2904.81,344416,14.0966,3289.05,421845,14.0966,3723.93,513667,14.0966,4216.13,621231,14.0966,4773.18,745478,14.0966,5403.64,886744,14.0966,6117.15,1.04457e+06,14.0966,6924.63,1.2176e+06,14.0966,11.7194,11.96,12.6541,13.9321,16.1295,13.6434,16.6097,21.9702,13.9553,19.7532,29.5285,14.0526,23.3844,39.1143,14.0829,27.5423,51.2054,14.0923,32.2796,66.434,14.0953,37.662,85.6061,14.0962,43.7675,109.74,14.0965,50.687,140.119,14.0966,58.5249,178.359,14.0966,67.4005,226.493,14.0966,77.4493,287.08,14.0966,88.8254,363.343,14.0966,101.703,459.336,14.0966,116.281,580.161,14.0966,132.782,732.241,14.0966,151.46,923.655,14.0966,172.603,1164.57,14.0966,196.535,1467.79,14.0966,223.625,1849.39,14.0966,254.288,2329.62,14.0966,288.997,2933.93,14.0966,328.285,3694.33,14.0966,372.755,4651.04,14.0966,423.092,5854.57,14.0966,480.07,7368.38,14.0966,544.564,9272.08,14.0966,617.566,11665.5,14.0966,700.197,14673.6,14.0966,793.729,18452.9,14.0966,899.599,23198.6,14.0966,1019.43,29154.1,14.0966,1155.07,36622.3,14.0966,1308.6,45977.9,14.0966,1482.39,57683.7,14.0966,1679.09,72307.8,14.0966,1901.73,90542.8,14.0966,2153.73,113226,14.0966,2438.97,141360,14.0966,2761.81,176127,14.0966,3127.22,218898,14.0966,3540.81,271226,14.0966,4008.92,334817,14.0966,4538.74,411470,14.0966,5138.38,502973,14.0966,5817.04,610948,14.0966,6585.12,736653,14.0966,7454.39,880741,14.0966,8438.15,1.04302e+06,14.0966,9551.45,1.22224e+06,14.0966,10811.3,1.41602e+06,14.0966,12237,1.62086e+06,14.0966,11.7194,11.96,12.6541,2.21263,4.16949,0.989383,2.67766,5.84076,0.311842,3.14343,7.55825,0.0972771,3.63127,9.58578,0.0303237,4.15787,12.0912,0.00945211,4.73731,15.2286,0.00294633,5.38238,19.1721,0.000918508,6.10553,24.134,0.000286163,6.91951,30.3791,8.92692e-05,7.83792,38.2397,2.78121e-05,8.87555,48.1338,8.65134e-06,10.0489,60.5876,2.7882e-06,11.3761,76.2629,8.29036e-07,12.8779,95.9927,2.4373e-07,14.5775,120.825,4.33068e-09,16.5012,152.08,1.75749e-07,18.6784,191.415,-1.86328e-07,21.1428,240.917,1.91829e-07,23.9322,303.213,-1.81475e-07,27.0895,381.602,7.0186e-08,30.6634,480.231,-2.86769e-08,34.7087,604.316,2.40784e-07,39.2876,760.401,9.87368e-08,44.4705,956.705,1.22263e-07,50.3371,1203.54,-4.31966e-07,56.9776,1513.81,-1.9705e-07,64.494,1903.69,-2.763e-08,73.0018,2393.4,3.9185e-07,82.6317,3008.13,1.35379e-07,93.5318,3779.25,-4.16351e-08,105.869,4745.7,2.06965e-08,119.834,5955.6,-3.18887e-07,135.641,7468.12,-1.48271e-08,153.531,9355.62,2.00739e-07,173.781,11705.8,2.28358e-07,196.701,14624.1,-1.93587e-08,222.642,18235,-2.88101e-07,252.003,22683.4,-2.24732e-07,285.234,28134,8.56806e-09,322.845,34767,2.34258e-07,365.413,42770.9,2.99668e-07,413.588,52327.9,8.28644e-08,468.111,63591.2,-3.07049e-07,529.814,76653.2,-3.1888e-07,599.642,91502.5,-6.72276e-08,678.662,107975,2.26339e-07,768.083,125705,3.69212e-07,869.267,144088,2.04077e-07,983.76,162277,-2.80509e-07,1113.3,179223,-4.22737e-07,1259.87,193777,-1.71951e-07,1425.68,204839,4.55555e-07,11.7194,11.96,12.6541,2.21263,4.16949,0.989383,2.67766,5.84076,0.311842,3.14343,7.55825,0.0972771,3.63127,9.58578,0.0303237,4.15787,12.0912,0.00945211,4.73731,15.2286,0.00294633,5.38238,19.1721,0.000918508,6.10553,24.134,0.000286163,6.91951,30.3791,8.92692e-05,7.83792,38.2397,2.78121e-05,8.87555,48.1338,8.65134e-06,10.0489,60.5876,2.7882e-06,11.3761,76.2629,8.29036e-07,12.8779,95.9927,2.4373e-07,14.5775,120.825,1e-08,16.5012,152.08,1.75749e-07,18.6784,191.415,1e-08,21.1428,240.917,1.91829e-07,23.9322,303.213,1e-08,27.0895,381.602,7.0186e-08,30.6634,480.231,1e-08,34.7087,604.316,2.40784e-07,39.2876,760.401,9.87368e-08,44.4705,956.705,1.22263e-07,50.3371,1203.54,1e-08,56.9776,1513.81,1e-08,64.494,1903.69,1e-08,73.0018,2393.4,3.9185e-07,82.6317,3008.13,1.35379e-07,93.5318,3779.25,1e-08,105.869,4745.7,2.06965e-08,119.834,5955.6,1e-08,135.641,7468.12,1e-08,153.531,9355.62,2.00739e-07,173.781,11705.8,2.28358e-07,196.701,14624.1,1e-08,222.642,18235,1e-08,252.003,22683.4,1e-08,285.234,28134,1e-08,322.845,34767,2.34258e-07,365.413,42770.9,2.99668e-07,413.588,52327.9,8.28644e-08,468.111,63591.2,1e-08,529.814,76653.2,1e-08,599.642,91502.5,1e-08,678.662,107975,2.26339e-07,768.083,125705,3.69212e-07,869.267,144088,2.04077e-07,983.76,162277,1e-08,1113.3,179223,1e-08,1259.87,193777,1e-08,1425.68,204839,4.55555e-07,6.2823,3.27286,2.43537,0.219672,6.18826,2.24117,0.56371,6.87772,2.63624,0.308279,21,13,25,3,2,0,3,3,1,2,11,0,1,13,0,2,7,0,6,15,0,5,16,0,12,42,0,5,59,0,4,56,0,5,32,0,4,50,0,8,102,0,9,77,0,10,111,0,37,185,0,13,272,0,24,199,0,8,315,0,22,198,0,51,385,0,23,690,0,39,685,0,77,1115,0,23,708,0,58,937,0,69,1586,0,124,3907,0,53,2947,0,125,4454,0,27,4742,0,160,6585,0,170,4845,0,197,12671,0,133,11867,0,230,23278,0,162,21587,0,181,15741,0,240,48688,0,197,31394,0,474,28629,0,281,42491,0,469,54760,0,304,126266,0,345,153032,0,501,158653,0,828,71321,0,798,90284,0,1165,118349,0,886,198682,0,1646,151099,0,1269,92235,0
# 
#  Elapsed Time: 2407.05 seconds (Warm-up)
#                2368 seconds (Sampling)
#                4775.05 seconds (Total)
# 
